01/01/2020,HLN,MT,ANM,WE,Combination Non-Radar Approach Control & Tower w/o Radar,9,2,0,0,11,0,0,2,0,2,9,2,2,0,13,16,0,16,29
01/02/2020,HLN,MT,ANM,WE,Combination Non-Radar Approach Control & Tower w/o Radar,8,14,3,0,25,0,0,17,0,17,8,14,20,0,42,60,0,60,102
01/03/2020,HLN,MT,ANM,WE,Combination Non-Radar Approach Control & Tower w/o Radar,10,8,3,0,21,0,2,36,2,40,10,10,39,2,61,64,0,64,125
01/04/2020,HLN,MT,ANM,WE,Combination Non-Radar Approach Control & Tower w/o Radar,10,4,1,0,15,0,1,13,0,14,10,5,14,0,29,42,0,42,71
01/05/2020,HLN,MT,ANM,WE,Combination Non-Radar Approach Control & Tower w/o Radar,10,3,2,0,15,0,0,26,0,26,10,3,28,0,41,10,0,10,51
01/06/2020,HLN,MT,ANM,WE,Combination Non-Radar Approach Control & Tower w/o Radar,6,8,6,0,20,0,0,12,3,15,6,8,18,3,35,20,8,28,63
01/07/2020,HLN,MT,ANM,WE,Combination Non-Radar Approach Control & Tower w/o Radar,8,7,1,0,16,0,0,75,0,75,8,7,76,0,91,96,0,96,187
01/08/2020,HLN,MT,ANM,WE,Combination Non-Radar Approach Control & Tower w/o Radar,7,14,7,0,28,0,6,25,3,34,7,20,32,3,62,84,22,106,168
01/09/2020,HLN,MT,ANM,WE,Combination Non-Radar Approach Control & Tower w/o Radar,9,6,0,0,15,0,0,8,0,8,9,6,8,0,23,8,10,18,41
01/10/2020,HLN,MT,ANM,WE,Combination Non-Radar Approach Control & Tower w/o Radar,9,10,2,2,23,0,4,35,15,54,9,14,37,17,77,84,14,98,175
01/11/2020,HLN,MT,ANM,WE,Combination Non-Radar Approach Control & Tower w/o Radar,10,3,0,0,13,0,0,27,7,34,10,3,27,7,47,40,10,50,97
01/12/2020,HLN,MT,ANM,WE,Combination Non-Radar Approach Control & Tower w/o Radar,7,6,0,0,13,0,1,7,0,8,7,7,7,0,21,22,0,22,43
01/13/2020,HLN,MT,ANM,WE,Combination Non-Radar Approach Control & Tower w/o Radar,8,10,9,2,29,0,0,7,4,11,8,10,16,6,40,2,12,14,54
01/14/2020,HLN,MT,ANM,WE,Combination Non-Radar Approach Control & Tower w/o Radar,7,10,4,0,21,0,0,0,0,0,7,10,4,0,21,0,0,0,21
01/15/2020,HLN,MT,ANM,WE,Combination Non-Radar Approach Control & Tower w/o Radar,8,14,5,2,29,0,8,31,7,46,8,22,36,9,75,32,0,32,107
01/16/2020,HLN,MT,ANM,WE,Combination Non-Radar Approach Control & Tower w/o Radar,5,12,5,0,22,0,0,33,3,36,5,12,38,3,58,52,0,52,110
01/17/2020,HLN,MT,ANM,WE,Combination Non-Radar Approach Control & Tower w/o Radar,8,10,7,0,25,0,2,29,2,33,8,12,36,2,58,102,0,102,160
01/18/2020,HLN,MT,ANM,WE,Combination Non-Radar Approach Control & Tower w/o Radar,7,11,1,0,19,0,0,27,0,27,7,11,28,0,46,34,0,34,80
01/19/2020,HLN,MT,ANM,WE,Combination Non-Radar Approach Control & Tower w/o Radar,7,3,3,0,13,0,0,18,0,18,7,3,21,0,31,12,0,12,43
01/20/2020,HLN,MT,ANM,WE,Combination Non-Radar Approach Control & Tower w/o Radar,6,7,7,0,20,0,10,36,0,46,6,17,43,0,66,88,0,88,154
01/21/2020,HLN,MT,ANM,WE,Combination Non-Radar Approach Control & Tower w/o Radar,11,8,5,0,24,0,5,51,13,69,11,13,56,13,93,74,34,108,201
01/22/2020,HLN,MT,ANM,WE,Combination Non-Radar Approach Control & Tower w/o Radar,11,12,8,0,31,0,1,27,8,36,11,13,35,8,67,12,2,14,81
01/23/2020,HLN,MT,ANM,WE,Combination Non-Radar Approach Control & Tower w/o Radar,6,12,2,2,22,0,0,18,11,29,6,12,20,13,51,52,24,76,127
01/24/2020,HLN,MT,ANM,WE,Combination Non-Radar Approach Control & Tower w/o Radar,7,10,12,0,29,0,2,30,7,39,7,12,42,7,68,80,12,92,160
01/25/2020,HLN,MT,ANM,WE,Combination Non-Radar Approach Control & Tower w/o Radar,8,6,4,0,18,0,5,34,6,45,8,11,38,6,63,12,0,12,75
01/26/2020,HLN,MT,ANM,WE,Combination Non-Radar Approach Control & Tower w/o Radar,9,3,1,0,13,0,0,16,2,18,9,3,17,2,31,10,0,10,41
01/27/2020,HLN,MT,ANM,WE,Combination Non-Radar Approach Control & Tower w/o Radar,8,13,3,1,25,0,2,28,11,41,8,15,31,12,66,102,0,102,168
01/28/2020,HLN,MT,ANM,WE,Combination Non-Radar Approach Control & Tower w/o Radar,8,13,6,0,27,0,2,37,4,43,8,15,43,4,70,58,0,58,128
01/29/2020,HLN,MT,ANM,WE,Combination Non-Radar Approach Control & Tower w/o Radar,9,9,2,0,20,0,1,45,16,62,9,10,47,16,82,54,24,78,160
01/30/2020,HLN,MT,ANM,WE,Combination Non-Radar Approach Control & Tower w/o Radar,6,14,9,1,30,0,4,38,15,57,6,18,47,16,87,50,18,68,155
01/31/2020,HLN,MT,ANM,WE,Combination Non-Radar Approach Control & Tower w/o Radar,6,10,4,0,20,0,0,31,1,32,6,10,35,1,52,130,0,130,182
02/01/2020,HLN,MT,ANM,WE,Combination Non-Radar Approach Control & Tower w/o Radar,7,4,0,0,11,0,0,2,0,2,7,4,2,0,13,0,0,0,13
02/02/2020,HLN,MT,ANM,WE,Combination Non-Radar Approach Control & Tower w/o Radar,10,4,2,0,16,0,1,6,0,7,10,5,8,0,23,4,0,4,27
02/03/2020,HLN,MT,ANM,WE,Combination Non-Radar Approach Control & Tower w/o Radar,6,7,2,0,15,0,1,33,2,36,6,8,35,2,51,52,10,62,113
02/04/2020,HLN,MT,ANM,WE,Combination Non-Radar Approach Control & Tower w/o Radar,9,8,6,1,24,0,2,38,3,43,9,10,44,4,67,38,10,48,115
02/05/2020,HLN,MT,ANM,WE,Combination Non-Radar Approach Control & Tower w/o Radar,8,12,9,0,29,0,0,25,5,30,8,12,34,5,59,66,0,66,125
02/06/2020,HLN,MT,ANM,WE,Combination Non-Radar Approach Control & Tower w/o Radar,10,8,11,0,29,0,0,13,4,17,10,8,24,4,46,6,0,6,52
02/07/2020,HLN,MT,ANM,WE,Combination Non-Radar Approach Control & Tower w/o Radar,9,13,5,2,29,0,0,29,9,38,9,13,34,11,67,24,40,64,131
02/08/2020,HLN,MT,ANM,WE,Combination Non-Radar Approach Control & Tower w/o Radar,8,5,0,0,13,0,0,7,0,7,8,5,7,0,20,4,0,4,24
02/09/2020,HLN,MT,ANM,WE,Combination Non-Radar Approach Control & Tower w/o Radar,9,3,1,0,13,0,0,19,27,46,9,3,20,27,59,18,0,18,77
02/10/2020,HLN,MT,ANM,WE,Combination Non-Radar Approach Control & Tower w/o Radar,10,9,4,2,25,0,4,44,0,48,10,13,48,2,73,100,0,100,173
02/11/2020,HLN,MT,ANM,WE,Combination Non-Radar Approach Control & Tower w/o Radar,7,8,12,0,27,0,1,14,2,17,7,9,26,2,44,24,10,34,78
02/12/2020,HLN,MT,ANM,WE,Combination Non-Radar Approach Control & Tower w/o Radar,7,11,16,2,36,0,0,33,7,40,7,11,49,9,76,138,2,140,216
02/13/2020,HLN,MT,ANM,WE,Combination Non-Radar Approach Control & Tower w/o Radar,9,7,10,2,28,0,8,50,8,66,9,15,60,10,94,56,4,60,154
02/14/2020,HLN,MT,ANM,WE,Combination Non-Radar Approach Control & Tower w/o Radar,9,11,5,0,25,0,4,12,0,16,9,15,17,0,41,0,0,0,41
02/15/2020,HLN,MT,ANM,WE,Combination Non-Radar Approach Control & Tower w/o Radar,9,4,2,2,17,0,2,22,0,24,9,6,24,2,41,48,0,48,89
02/16/2020,HLN,MT,ANM,WE,Combination Non-Radar Approach Control & Tower w/o Radar,8,4,0,0,12,0,1,5,0,6,8,5,5,0,18,4,0,4,22
02/17/2020,HLN,MT,ANM,WE,Combination Non-Radar Approach Control & Tower w/o Radar,8,2,2,0,12,0,3,14,0,17,8,5,16,0,29,54,0,54,83
02/18/2020,HLN,MT,ANM,WE,Combination Non-Radar Approach Control & Tower w/o Radar,7,8,3,0,18,0,0,18,11,29,7,8,21,11,47,80,0,80,127
02/19/2020,HLN,MT,ANM,WE,Combination Non-Radar Approach Control & Tower w/o Radar,10,14,5,0,29,0,7,68,14,89,10,21,73,14,118,96,12,108,226
02/20/2020,HLN,MT,ANM,WE,Combination Non-Radar Approach Control & Tower w/o Radar,7,7,6,2,22,0,14,56,4,74,7,21,62,6,96,78,6,84,180
02/21/2020,HLN,MT,ANM,WE,Combination Non-Radar Approach Control & Tower w/o Radar,10,6,4,0,20,0,1,57,5,63,10,7,61,5,83,114,6,120,203
02/22/2020,HLN,MT,ANM,WE,Combination Non-Radar Approach Control & Tower w/o Radar,9,5,4,0,18,0,0,39,1,40,9,5,43,1,58,90,0,90,148
02/23/2020,HLN,MT,ANM,WE,Combination Non-Radar Approach Control & Tower w/o Radar,6,10,0,0,16,0,2,23,0,25,6,12,23,0,41,42,0,42,83
02/24/2020,HLN,MT,ANM,WE,Combination Non-Radar Approach Control & Tower w/o Radar,8,7,9,0,24,0,1,15,0,16,8,8,24,0,40,14,0,14,54
02/25/2020,HLN,MT,ANM,WE,Combination Non-Radar Approach Control & Tower w/o Radar,11,7,6,0,24,0,0,52,11,63,11,7,58,11,87,58,6,64,151
02/26/2020,HLN,MT,ANM,WE,Combination Non-Radar Approach Control & Tower w/o Radar,12,9,14,0,35,0,2,28,6,36,12,11,42,6,71,80,0,80,151
02/27/2020,HLN,MT,ANM,WE,Combination Non-Radar Approach Control & Tower w/o Radar,8,7,6,0,21,0,2,48,12,62,8,9,54,12,83,52,16,68,151
02/28/2020,HLN,MT,ANM,WE,Combination Non-Radar Approach Control & Tower w/o Radar,7,14,3,3,27,0,11,52,3,66,7,25,55,6,93,66,0,66,159
02/29/2020,HLN,MT,ANM,WE,Combination Non-Radar Approach Control & Tower w/o Radar,9,8,2,0,19,0,1,21,2,24,9,9,23,2,43,16,0,16,59
03/01/2020,HLN,MT,ANM,WE,Combination Non-Radar Approach Control & Tower w/o Radar,9,4,0,0,13,0,0,8,0,8,9,4,8,0,21,54,0,54,75
03/02/2020,HLN,MT,ANM,WE,Combination Non-Radar Approach Control & Tower w/o Radar,6,6,3,0,15,1,0,11,1,13,7,6,14,1,28,10,16,26,54
03/03/2020,HLN,MT,ANM,WE,Combination Non-Radar Approach Control & Tower w/o Radar,6,13,6,0,25,0,6,11,10,27,6,19,17,10,52,6,8,14,66
03/04/2020,HLN,MT,ANM,WE,Combination Non-Radar Approach Control & Tower w/o Radar,6,13,11,0,30,0,1,2,0,3,6,14,13,0,33,0,0,0,33
03/05/2020,HLN,MT,ANM,WE,Combination Non-Radar Approach Control & Tower w/o Radar,7,12,0,2,21,0,4,72,14,90,7,16,72,16,111,166,6,172,283
03/06/2020,HLN,MT,ANM,WE,Combination Non-Radar Approach Control & Tower w/o Radar,9,11,7,0,27,0,3,62,15,80,9,14,69,15,107,60,6,66,173
03/07/2020,HLN,MT,ANM,WE,Combination Non-Radar Approach Control & Tower w/o Radar,9,2,4,0,15,0,4,25,5,34,9,6,29,5,49,80,0,80,129
03/08/2020,HLN,MT,ANM,WE,Combination Non-Radar Approach Control & Tower w/o Radar,7,7,0,0,14,0,0,23,0,23,7,7,23,0,37,8,0,8,45
03/09/2020,HLN,MT,ANM,WE,Combination Non-Radar Approach Control & Tower w/o Radar,8,6,5,0,19,0,1,17,0,18,8,7,22,0,37,62,0,62,99
03/10/2020,HLN,MT,ANM,WE,Combination Non-Radar Approach Control & Tower w/o Radar,6,15,5,0,26,0,0,28,8,36,6,15,33,8,62,20,10,30,92
03/11/2020,HLN,MT,ANM,WE,Combination Non-Radar Approach Control & Tower w/o Radar,5,15,5,3,28,0,1,14,4,19,5,16,19,7,47,12,10,22,69
03/12/2020,HLN,MT,ANM,WE,Combination Non-Radar Approach Control & Tower w/o Radar,9,7,0,0,16,0,2,38,6,46,9,9,38,6,62,26,20,46,108
03/13/2020,HLN,MT,ANM,WE,Combination Non-Radar Approach Control & Tower w/o Radar,7,9,6,2,24,0,2,19,0,21,7,11,25,2,45,38,0,38,83
03/14/2020,HLN,MT,ANM,WE,Combination Non-Radar Approach Control & Tower w/o Radar,12,4,0,0,16,0,0,0,0,0,12,4,0,0,16,0,0,0,16
03/15/2020,HLN,MT,ANM,WE,Combination Non-Radar Approach Control & Tower w/o Radar,10,5,3,0,18,0,0,3,0,3,10,5,6,0,21,4,0,4,25
03/16/2020,HLN,MT,ANM,WE,Combination Non-Radar Approach Control & Tower w/o Radar,5,7,2,0,14,0,0,43,0,43,5,7,45,0,57,84,0,84,141
03/17/2020,HLN,MT,ANM,WE,Combination Non-Radar Approach Control & Tower w/o Radar,11,7,5,0,23,0,0,30,6,36,11,7,35,6,59,72,12,84,143
03/18/2020,HLN,MT,ANM,WE,Combination Non-Radar Approach Control & Tower w/o Radar,9,10,2,0,21,0,0,13,3,16,9,10,15,3,37,40,2,42,79
03/19/2020,HLN,MT,ANM,WE,Combination Non-Radar Approach Control & Tower w/o Radar,7,11,1,0,19,0,0,12,9,21,7,11,13,9,40,0,6,6,46
03/20/2020,HLN,MT,ANM,WE,Combination Non-Radar Approach Control & Tower w/o Radar,10,11,2,0,23,0,3,76,5,84,10,14,78,5,107,80,0,80,187
03/21/2020,HLN,MT,ANM,WE,Combination Non-Radar Approach Control & Tower w/o Radar,9,3,0,0,12,0,2,29,2,33,9,5,29,2,45,38,0,38,83
03/22/2020,HLN,MT,ANM,WE,Combination Non-Radar Approach Control & Tower w/o Radar,10,2,1,0,13,0,2,20,0,22,10,4,21,0,35,18,0,18,53
03/23/2020,HLN,MT,ANM,WE,Combination Non-Radar Approach Control & Tower w/o Radar,7,5,2,0,14,0,0,22,0,22,7,5,24,0,36,4,0,4,40
03/24/2020,HLN,MT,ANM,WE,Combination Non-Radar Approach Control & Tower w/o Radar,9,10,1,0,20,0,1,12,7,20,9,11,13,7,40,22,0,22,62
03/25/2020,HLN,MT,ANM,WE,Combination Non-Radar Approach Control & Tower w/o Radar,5,15,3,0,23,0,2,17,6,25,5,17,20,6,48,8,4,12,60
03/26/2020,HLN,MT,ANM,WE,Combination Non-Radar Approach Control & Tower w/o Radar,4,7,2,0,13,0,0,14,3,17,4,7,16,3,30,0,0,0,30
03/27/2020,HLN,MT,ANM,WE,Combination Non-Radar Approach Control & Tower w/o Radar,9,9,4,2,24,0,1,19,11,31,9,10,23,13,55,12,0,12,67
03/28/2020,HLN,MT,ANM,WE,Combination Non-Radar Approach Control & Tower w/o Radar,9,5,0,0,14,0,1,7,3,11,9,6,7,3,25,0,0,0,25
03/29/2020,HLN,MT,ANM,WE,Combination Non-Radar Approach Control & Tower w/o Radar,6,2,2,0,10,0,0,33,0,33,6,2,35,0,43,12,0,12,55
03/30/2020,HLN,MT,ANM,WE,Combination Non-Radar Approach Control & Tower w/o Radar,7,4,1,3,15,0,0,9,6,15,7,4,10,9,30,6,0,6,36
03/31/2020,HLN,MT,ANM,WE,Combination Non-Radar Approach Control & Tower w/o Radar,8,5,3,4,20,0,0,1,3,4,8,5,4,7,24,0,12,12,36
04/01/2020,HLN,MT,ANM,WE,Combination Non-Radar Approach Control & Tower w/o Radar,6,9,1,3,19,0,0,0,2,2,6,9,1,5,21,0,4,4,25
04/02/2020,HLN,MT,ANM,WE,Combination Non-Radar Approach Control & Tower w/o Radar,3,4,3,2,12,0,0,14,4,18,3,4,17,6,30,12,0,12,42
04/03/2020,HLN,MT,ANM,WE,Combination Non-Radar Approach Control & Tower w/o Radar,9,5,2,2,18,0,1,15,13,29,9,6,17,15,47,24,0,24,71
04/04/2020,HLN,MT,ANM,WE,Combination Non-Radar Approach Control & Tower w/o Radar,6,5,0,0,11,0,0,38,1,39,6,5,38,1,50,26,0,26,76
04/05/2020,HLN,MT,ANM,WE,Combination Non-Radar Approach Control & Tower w/o Radar,5,3,0,0,8,0,0,13,0,13,5,3,13,0,21,6,0,6,27
04/06/2020,HLN,MT,ANM,WE,Combination Non-Radar Approach Control & Tower w/o Radar,3,3,1,0,7,0,1,10,2,13,3,4,11,2,20,12,0,12,32
04/07/2020,HLN,MT,ANM,WE,Combination Non-Radar Approach Control & Tower w/o Radar,7,3,0,2,12,0,1,11,2,14,7,4,11,4,26,14,4,18,44
04/08/2020,HLN,MT,ANM,WE,Combination Non-Radar Approach Control & Tower w/o Radar,8,5,0,0,13,0,1,35,11,47,8,6,35,11,60,56,14,70,130
04/09/2020,HLN,MT,ANM,WE,Combination Non-Radar Approach Control & Tower w/o Radar,3,3,2,2,10,0,1,43,7,51,3,4,45,9,61,28,0,28,89
04/10/2020,HLN,MT,ANM,WE,Combination Non-Radar Approach Control & Tower w/o Radar,6,4,3,0,13,0,1,38,0,39,6,5,41,0,52,28,0,28,80
04/11/2020,HLN,MT,ANM,WE,Combination Non-Radar Approach Control & Tower w/o Radar,6,5,0,0,11,0,0,0,0,0,6,5,0,0,11,0,0,0,11
04/12/2020,HLN,MT,ANM,WE,Combination Non-Radar Approach Control & Tower w/o Radar,4,1,0,0,5,0,0,11,0,11,4,1,11,0,16,10,0,10,26
04/13/2020,HLN,MT,ANM,WE,Combination Non-Radar Approach Control & Tower w/o Radar,4,1,1,0,6,0,0,16,0,16,4,1,17,0,22,10,0,10,32
04/14/2020,HLN,MT,ANM,WE,Combination Non-Radar Approach Control & Tower w/o Radar,6,2,3,2,13,0,0,8,2,10,6,2,11,4,23,6,0,6,29
04/15/2020,HLN,MT,ANM,WE,Combination Non-Radar Approach Control & Tower w/o Radar,5,6,1,0,12,0,1,0,0,1,5,7,1,0,13,0,0,0,13
04/16/2020,HLN,MT,ANM,WE,Combination Non-Radar Approach Control & Tower w/o Radar,6,1,2,0,9,0,0,19,2,21,6,1,21,2,30,56,8,64,94
04/17/2020,HLN,MT,ANM,WE,Combination Non-Radar Approach Control & Tower w/o Radar,6,4,5,0,15,0,2,49,8,59,6,6,54,8,74,38,0,38,112
04/18/2020,HLN,MT,ANM,WE,Combination Non-Radar Approach Control & Tower w/o Radar,4,3,0,0,7,0,0,19,0,19,4,3,19,0,26,10,0,10,36
04/19/2020,HLN,MT,ANM,WE,Combination Non-Radar Approach Control & Tower w/o Radar,4,1,0,0,5,0,0,19,0,19,4,1,19,0,24,16,0,16,40
04/20/2020,HLN,MT,ANM,WE,Combination Non-Radar Approach Control & Tower w/o Radar,6,3,3,0,12,0,0,21,0,21,6,3,24,0,33,30,0,30,63
04/21/2020,HLN,MT,ANM,WE,Combination Non-Radar Approach Control & Tower w/o Radar,4,5,2,1,12,0,0,19,10,29,4,5,21,11,41,0,8,8,49
04/22/2020,HLN,MT,ANM,WE,Combination Non-Radar Approach Control & Tower w/o Radar,6,3,1,2,12,0,1,17,7,25,6,4,18,9,37,26,10,36,73
04/23/2020,HLN,MT,ANM,WE,Combination Non-Radar Approach Control & Tower w/o Radar,5,5,5,2,17,0,6,9,7,22,5,11,14,9,39,0,0,0,39
04/24/2020,HLN,MT,ANM,WE,Combination Non-Radar Approach Control & Tower w/o Radar,3,6,3,2,14,0,1,17,2,20,3,7,20,4,34,32,0,32,66
04/25/2020,HLN,MT,ANM,WE,Combination Non-Radar Approach Control & Tower w/o Radar,4,4,0,0,8,0,0,25,0,25,4,4,25,0,33,20,0,20,53
04/26/2020,HLN,MT,ANM,WE,Combination Non-Radar Approach Control & Tower w/o Radar,6,0,2,0,8,0,0,19,0,19,6,0,21,0,27,18,0,18,45
04/27/2020,HLN,MT,ANM,WE,Combination Non-Radar Approach Control & Tower w/o Radar,4,2,3,2,11,0,0,18,0,18,4,2,21,2,29,28,0,28,57
04/28/2020,HLN,MT,ANM,WE,Combination Non-Radar Approach Control & Tower w/o Radar,6,3,0,2,11,0,0,28,10,38,6,3,28,12,49,26,0,26,75
04/29/2020,HLN,MT,ANM,WE,Combination Non-Radar Approach Control & Tower w/o Radar,5,5,0,0,10,0,1,45,9,55,5,6,45,9,65,122,6,128,193
04/30/2020,HLN,MT,ANM,WE,Combination Non-Radar Approach Control & Tower w/o Radar,3,5,3,0,11,0,0,14,2,16,3,5,17,2,27,4,0,4,31
05/01/2020,HLN,MT,ANM,WE,Combination Non-Radar Approach Control & Tower w/o Radar,7,5,2,0,14,0,1,37,6,44,7,6,39,6,58,16,0,16,74
05/02/2020,HLN,MT,ANM,WE,Combination Non-Radar Approach Control & Tower w/o Radar,4,7,3,0,14,0,4,43,2,49,4,11,46,2,63,42,2,44,107
05/03/2020,HLN,MT,ANM,WE,Combination Non-Radar Approach Control & Tower w/o Radar,6,1,0,0,7,0,0,8,0,8,6,1,8,0,15,6,0,6,21
05/04/2020,HLN,MT,ANM,WE,Combination Non-Radar Approach Control & Tower w/o Radar,2,0,3,0,5,0,0,11,1,12,2,0,14,1,17,18,0,18,35
05/05/2020,HLN,MT,ANM,WE,Combination Non-Radar Approach Control & Tower w/o Radar,4,5,0,0,9,0,2,29,6,37,4,7,29,6,46,88,0,88,134
05/06/2020,HLN,MT,ANM,WE,Combination Non-Radar Approach Control & Tower w/o Radar,5,6,3,3,17,0,1,23,4,28,5,7,26,7,45,36,8,44,89
05/07/2020,HLN,MT,ANM,WE,Combination Non-Radar Approach Control & Tower w/o Radar,4,3,1,2,10,0,1,9,5,15,4,4,10,7,25,20,2,22,47
05/08/2020,HLN,MT,ANM,WE,Combination Non-Radar Approach Control & Tower w/o Radar,4,7,4,0,15,0,0,11,3,14,4,7,15,3,29,40,2,42,71
05/09/2020,HLN,MT,ANM,WE,Combination Non-Radar Approach Control & Tower w/o Radar,4,5,1,0,10,0,4,50,0,54,4,9,51,0,64,22,0,22,86
05/10/2020,HLN,MT,ANM,WE,Combination Non-Radar Approach Control & Tower w/o Radar,6,1,2,0,9,0,0,4,0,4,6,1,6,0,13,0,0,0,13
05/11/2020,HLN,MT,ANM,WE,Combination Non-Radar Approach Control & Tower w/o Radar,6,4,7,0,17,0,0,5,0,5,6,4,12,0,22,10,0,10,32
05/12/2020,HLN,MT,ANM,WE,Combination Non-Radar Approach Control & Tower w/o Radar,5,5,0,1,11,0,1,12,7,20,5,6,12,8,31,34,4,38,69
05/13/2020,HLN,MT,ANM,WE,Combination Non-Radar Approach Control & Tower w/o Radar,6,1,12,0,19,0,2,21,2,25,6,3,33,2,44,54,0,54,98
05/14/2020,HLN,MT,ANM,WE,Combination Non-Radar Approach Control & Tower w/o Radar,5,3,2,0,10,0,0,28,9,37,5,3,30,9,47,56,46,102,149
05/15/2020,HLN,MT,ANM,WE,Combination Non-Radar Approach Control & Tower w/o Radar,6,3,7,1,17,0,0,6,10,16,6,3,13,11,33,62,20,82,115
05/16/2020,HLN,MT,ANM,WE,Combination Non-Radar Approach Control & Tower w/o Radar,4,6,2,0,12,0,5,32,0,37,4,11,34,0,49,66,0,66,115
05/17/2020,HLN,MT,ANM,WE,Combination Non-Radar Approach Control & Tower w/o Radar,3,2,0,0,5,0,1,16,0,17,3,3,16,0,22,38,0,38,60
05/18/2020,HLN,MT,ANM,WE,Combination Non-Radar Approach Control & Tower w/o Radar,5,6,0,0,11,0,0,25,0,25,5,6,25,0,36,32,0,32,68
05/19/2020,HLN,MT,ANM,WE,Combination Non-Radar Approach Control & Tower w/o Radar,4,2,1,0,7,0,2,29,0,31,4,4,30,0,38,58,0,58,96
05/20/2020,HLN,MT,ANM,WE,Combination Non-Radar Approach Control & Tower w/o Radar,5,4,1,0,10,0,1,9,2,12,5,5,10,2,22,30,2,32,54
05/21/2020,HLN,MT,ANM,WE,Combination Non-Radar Approach Control & Tower w/o Radar,4,2,4,0,10,0,0,9,1,10,4,2,13,1,20,6,0,6,26
05/22/2020,HLN,MT,ANM,WE,Combination Non-Radar Approach Control & Tower w/o Radar,3,2,3,0,8,0,0,33,7,40,3,2,36,7,48,58,0,58,106
05/23/2020,HLN,MT,ANM,WE,Combination Non-Radar Approach Control & Tower w/o Radar,4,4,0,0,8,0,1,14,1,16,4,5,14,1,24,24,0,24,48
05/24/2020,HLN,MT,ANM,WE,Combination Non-Radar Approach Control & Tower w/o Radar,5,4,0,0,9,0,0,20,0,20,5,4,20,0,29,60,0,60,89
05/25/2020,HLN,MT,ANM,WE,Combination Non-Radar Approach Control & Tower w/o Radar,4,1,2,0,7,0,0,18,0,18,4,1,20,0,25,24,0,24,49
05/26/2020,HLN,MT,ANM,WE,Combination Non-Radar Approach Control & Tower w/o Radar,5,1,2,0,8,0,1,34,1,36,5,2,36,1,44,54,0,54,98
05/27/2020,HLN,MT,ANM,WE,Combination Non-Radar Approach Control & Tower w/o Radar,3,2,4,0,9,0,2,49,2,53,3,4,53,2,62,62,10,72,134
05/28/2020,HLN,MT,ANM,WE,Combination Non-Radar Approach Control & Tower w/o Radar,5,3,3,0,11,0,4,70,8,82,5,7,73,8,93,62,40,102,195
05/29/2020,HLN,MT,ANM,WE,Combination Non-Radar Approach Control & Tower w/o Radar,4,3,5,0,12,0,2,38,2,42,4,5,43,2,54,62,0,62,116
05/30/2020,HLN,MT,ANM,WE,Combination Non-Radar Approach Control & Tower w/o Radar,4,5,0,0,9,0,1,38,0,39,4,6,38,0,48,50,0,50,98
05/31/2020,HLN,MT,ANM,WE,Combination Non-Radar Approach Control & Tower w/o Radar,4,4,0,0,8,0,0,12,0,12,4,4,12,0,20,0,0,0,20
06/01/2020,HLN,MT,ANM,WE,Combination Non-Radar Approach Control & Tower w/o Radar,3,2,2,0,7,0,6,16,0,22,3,8,18,0,29,4,0,4,33
06/02/2020,HLN,MT,ANM,WE,Combination Non-Radar Approach Control & Tower w/o Radar,4,3,3,0,10,0,5,26,1,32,4,8,29,1,42,20,0,20,62
06/03/2020,HLN,MT,ANM,WE,Combination Non-Radar Approach Control & Tower w/o Radar,5,6,3,1,15,0,0,23,1,24,5,6,26,2,39,32,0,32,71
06/04/2020,HLN,MT,ANM,WE,Combination Non-Radar Approach Control & Tower w/o Radar,4,4,2,0,10,0,0,35,4,39,4,4,37,4,49,54,0,54,103
06/05/2020,HLN,MT,ANM,WE,Combination Non-Radar Approach Control & Tower w/o Radar,5,5,3,0,13,0,2,41,9,52,5,7,44,9,65,44,4,48,113
06/06/2020,HLN,MT,ANM,WE,Combination Non-Radar Approach Control & Tower w/o Radar,5,6,1,0,12,0,1,0,6,7,5,7,1,6,19,0,0,0,19
06/07/2020,HLN,MT,ANM,WE,Combination Non-Radar Approach Control & Tower w/o Radar,4,3,3,0,10,0,0,9,4,13,4,3,12,4,23,2,0,2,25
06/08/2020,HLN,MT,ANM,WE,Combination Non-Radar Approach Control & Tower w/o Radar,4,2,3,1,10,0,0,1,0,1,4,2,4,1,11,0,0,0,11
06/09/2020,HLN,MT,ANM,WE,Combination Non-Radar Approach Control & Tower w/o Radar,6,3,3,0,12,0,0,22,0,22,6,3,25,0,34,14,0,14,48
06/10/2020,HLN,MT,ANM,WE,Combination Non-Radar Approach Control & Tower w/o Radar,2,4,9,0,15,0,0,25,3,28,2,4,34,3,43,58,2,60,103
06/11/2020,HLN,MT,ANM,WE,Combination Non-Radar Approach Control & Tower w/o Radar,4,5,4,2,15,0,1,44,1,46,4,6,48,3,61,84,0,84,145
06/12/2020,HLN,MT,ANM,WE,Combination Non-Radar Approach Control & Tower w/o Radar,6,2,6,0,14,0,0,36,12,48,6,2,42,12,62,72,4,76,138
06/13/2020,HLN,MT,ANM,WE,Combination Non-Radar Approach Control & Tower w/o Radar,5,4,7,0,16,0,0,36,3,39,5,4,43,3,55,98,0,98,153
06/14/2020,HLN,MT,ANM,WE,Combination Non-Radar Approach Control & Tower w/o Radar,4,0,0,0,4,0,0,8,0,8,4,0,8,0,12,26,0,26,38
06/15/2020,HLN,MT,ANM,WE,Combination Non-Radar Approach Control & Tower w/o Radar,4,3,2,0,9,0,2,27,5,34,4,5,29,5,43,22,0,22,65
06/16/2020,HLN,MT,ANM,WE,Combination Non-Radar Approach Control & Tower w/o Radar,5,5,3,1,14,0,2,1,0,3,5,7,4,1,17,0,0,0,17
06/17/2020,HLN,MT,ANM,WE,Combination Non-Radar Approach Control & Tower w/o Radar,3,6,3,1,13,0,0,0,0,0,3,6,3,1,13,0,0,0,13
06/18/2020,HLN,MT,ANM,WE,Combination Non-Radar Approach Control & Tower w/o Radar,4,3,2,0,9,0,0,11,5,16,4,3,13,5,25,6,32,38,63
06/19/2020,HLN,MT,ANM,WE,Combination Non-Radar Approach Control & Tower w/o Radar,6,4,3,0,13,0,0,28,8,36,6,4,31,8,49,48,0,48,97
06/20/2020,HLN,MT,ANM,WE,Combination Non-Radar Approach Control & Tower w/o Radar,6,3,7,0,16,2,8,43,0,53,8,11,50,0,69,66,0,66,135
06/21/2020,HLN,MT,ANM,WE,Combination Non-Radar Approach Control & Tower w/o Radar,4,0,2,0,6,0,0,16,0,16,4,0,18,0,22,20,0,20,42
06/22/2020,HLN,MT,ANM,WE,Combination Non-Radar Approach Control & Tower w/o Radar,2,0,3,0,5,0,2,37,0,39,2,2,40,0,44,48,0,48,92
06/23/2020,HLN,MT,ANM,WE,Combination Non-Radar Approach Control & Tower w/o Radar,5,4,1,0,10,0,9,61,1,71,5,13,62,1,81,82,0,82,163
06/24/2020,HLN,MT,ANM,WE,Combination Non-Radar Approach Control & Tower w/o Radar,4,4,7,2,17,0,1,50,5,56,4,5,57,7,73,152,0,152,225
06/25/2020,HLN,MT,ANM,WE,Combination Non-Radar Approach Control & Tower w/o Radar,4,2,6,0,12,0,2,47,0,49,4,4,53,0,61,34,0,34,95
06/26/2020,HLN,MT,ANM,WE,Combination Non-Radar Approach Control & Tower w/o Radar,5,10,2,0,17,0,8,39,5,52,5,18,41,5,69,76,0,76,145
06/27/2020,HLN,MT,ANM,WE,Combination Non-Radar Approach Control & Tower w/o Radar,4,5,4,2,15,0,1,25,3,29,4,6,29,5,44,22,0,22,66
06/28/2020,HLN,MT,ANM,WE,Combination Non-Radar Approach Control & Tower w/o Radar,4,0,0,0,4,0,2,15,0,17,4,2,15,0,21,74,0,74,95
06/29/2020,HLN,MT,ANM,WE,Combination Non-Radar Approach Control & Tower w/o Radar,4,1,4,1,10,0,0,1,0,1,4,1,5,1,11,16,0,16,27
06/30/2020,HLN,MT,ANM,WE,Combination Non-Radar Approach Control & Tower w/o Radar,4,7,2,1,14,0,0,21,9,30,4,7,23,10,44,126,16,142,186
07/01/2020,HLN,MT,ANM,WE,Combination Non-Radar Approach Control & Tower w/o Radar,6,2,0,0,8,0,1,28,20,49,6,3,28,20,57,56,0,56,113
07/02/2020,HLN,MT,ANM,WE,Combination Non-Radar Approach Control & Tower w/o Radar,4,3,6,0,13,6,4,47,6,63,10,7,53,6,76,54,0,54,130
07/03/2020,HLN,MT,ANM,WE,Combination Non-Radar Approach Control & Tower w/o Radar,5,3,7,0,15,0,0,38,0,38,5,3,45,0,53,80,0,80,133
07/04/2020,HLN,MT,ANM,WE,Combination Non-Radar Approach Control & Tower w/o Radar,4,2,0,0,6,3,0,20,0,23,7,2,20,0,29,14,0,14,43
07/05/2020,HLN,MT,ANM,WE,Combination Non-Radar Approach Control & Tower w/o Radar,4,0,2,0,6,1,2,25,0,28,5,2,27,0,34,42,0,42,76
07/06/2020,HLN,MT,ANM,WE,Combination Non-Radar Approach Control & Tower w/o Radar,4,0,5,0,9,1,3,38,0,42,5,3,43,0,51,50,0,50,101
07/07/2020,HLN,MT,ANM,WE,Combination Non-Radar Approach Control & Tower w/o Radar,4,3,1,0,8,0,1,24,2,27,4,4,25,2,35,44,0,44,79
07/08/2020,HLN,MT,ANM,WE,Combination Non-Radar Approach Control & Tower w/o Radar,5,8,7,2,22,0,14,28,4,46,5,22,35,6,68,54,0,54,122
07/09/2020,HLN,MT,ANM,WE,Combination Non-Radar Approach Control & Tower w/o Radar,5,1,2,0,8,6,1,50,7,64,11,2,52,7,72,46,0,46,118
07/10/2020,HLN,MT,ANM,WE,Combination Non-Radar Approach Control & Tower w/o Radar,4,2,2,0,8,0,2,23,0,25,4,4,25,0,33,50,0,50,83
07/11/2020,HLN,MT,ANM,WE,Combination Non-Radar Approach Control & Tower w/o Radar,4,3,2,0,9,0,11,56,9,76,4,14,58,9,85,104,0,104,189
07/12/2020,HLN,MT,ANM,WE,Combination Non-Radar Approach Control & Tower w/o Radar,0,0,2,0,2,0,0,37,1,38,0,0,39,1,40,72,0,72,112
07/13/2020,HLN,MT,ANM,WE,Combination Non-Radar Approach Control & Tower w/o Radar,3,4,3,0,10,0,2,24,0,26,3,6,27,0,36,14,0,14,50
07/14/2020,HLN,MT,ANM,WE,Combination Non-Radar Approach Control & Tower w/o Radar,4,4,1,0,9,0,0,31,7,38,4,4,32,7,47,28,8,36,83
07/15/2020,HLN,MT,ANM,WE,Combination Non-Radar Approach Control & Tower w/o Radar,4,6,3,0,13,0,0,47,2,49,4,6,50,2,62,18,0,18,80
07/16/2020,HLN,MT,ANM,WE,Combination Non-Radar Approach Control & Tower w/o Radar,4,4,1,0,9,0,2,45,1,48,4,6,46,1,57,96,0,96,153
07/17/2020,HLN,MT,ANM,WE,Combination Non-Radar Approach Control & Tower w/o Radar,4,4,5,0,13,0,0,41,7,48,4,4,46,7,61,42,0,42,103
07/18/2020,HLN,MT,ANM,WE,Combination Non-Radar Approach Control & Tower w/o Radar,4,3,1,0,8,0,0,28,0,28,4,3,29,0,36,8,0,8,44
07/19/2020,HLN,MT,ANM,WE,Combination Non-Radar Approach Control & Tower w/o Radar,4,1,1,0,6,0,1,21,0,22,4,2,22,0,28,8,0,8,36
07/20/2020,HLN,MT,ANM,WE,Combination Non-Radar Approach Control & Tower w/o Radar,4,0,2,0,6,0,0,28,2,30,4,0,30,2,36,28,0,28,64
07/21/2020,HLN,MT,ANM,WE,Combination Non-Radar Approach Control & Tower w/o Radar,2,4,2,1,9,1,3,50,6,60,3,7,52,7,69,106,12,118,187
07/22/2020,HLN,MT,ANM,WE,Combination Non-Radar Approach Control & Tower w/o Radar,4,6,4,0,14,0,1,30,1,32,4,7,34,1,46,72,0,72,118
07/23/2020,HLN,MT,ANM,WE,Combination Non-Radar Approach Control & Tower w/o Radar,5,3,8,2,18,0,1,29,0,30,5,4,37,2,48,66,0,66,114
07/24/2020,HLN,MT,ANM,WE,Combination Non-Radar Approach Control & Tower w/o Radar,4,1,2,0,7,0,3,36,5,44,4,4,38,5,51,60,6,66,117
07/25/2020,HLN,MT,ANM,WE,Combination Non-Radar Approach Control & Tower w/o Radar,4,3,0,0,7,0,0,42,0,42,4,3,42,0,49,48,0,48,97
07/26/2020,HLN,MT,ANM,WE,Combination Non-Radar Approach Control & Tower w/o Radar,5,2,0,0,7,0,0,24,0,24,5,2,24,0,31,32,0,32,63
07/27/2020,HLN,MT,ANM,WE,Combination Non-Radar Approach Control & Tower w/o Radar,5,5,3,0,13,0,0,42,2,44,5,5,45,2,57,38,0,38,95
07/28/2020,HLN,MT,ANM,WE,Combination Non-Radar Approach Control & Tower w/o Radar,4,3,0,0,7,0,2,31,5,38,4,5,31,5,45,64,0,64,109
07/29/2020,HLN,MT,ANM,WE,Combination Non-Radar Approach Control & Tower w/o Radar,4,6,2,0,12,0,1,25,4,30,4,7,27,4,42,34,0,34,76
07/30/2020,HLN,MT,ANM,WE,Combination Non-Radar Approach Control & Tower w/o Radar,4,4,7,2,17,0,0,25,17,42,4,4,32,19,59,40,14,54,113
07/31/2020,HLN,MT,ANM,WE,Combination Non-Radar Approach Control & Tower w/o Radar,5,3,4,0,12,0,0,27,15,42,5,3,31,15,54,66,0,66,120
08/01/2020,HLN,MT,ANM,WE,Combination Non-Radar Approach Control & Tower w/o Radar,3,7,0,0,10,0,0,47,2,49,3,7,47,2,59,24,0,24,83
08/02/2020,HLN,MT,ANM,WE,Combination Non-Radar Approach Control & Tower w/o Radar,3,6,3,2,14,0,4,27,2,33,3,10,30,4,47,42,0,42,89
08/03/2020,HLN,MT,ANM,WE,Combination Non-Radar Approach Control & Tower w/o Radar,4,0,3,0,7,0,3,23,0,26,4,3,26,0,33,78,0,78,111
08/04/2020,HLN,MT,ANM,WE,Combination Non-Radar Approach Control & Tower w/o Radar,8,4,3,0,15,0,1,56,4,61,8,5,59,4,76,52,0,52,128
08/05/2020,HLN,MT,ANM,WE,Combination Non-Radar Approach Control & Tower w/o Radar,4,5,5,2,16,0,3,23,1,27,4,8,28,3,43,20,0,20,63
08/06/2020,HLN,MT,ANM,WE,Combination Non-Radar Approach Control & Tower w/o Radar,5,6,1,0,12,0,0,19,3,22,5,6,20,3,34,38,0,38,72
08/07/2020,HLN,MT,ANM,WE,Combination Non-Radar Approach Control & Tower w/o Radar,5,4,6,0,15,0,2,39,0,41,5,6,45,0,56,58,0,58,114
08/08/2020,HLN,MT,ANM,WE,Combination Non-Radar Approach Control & Tower w/o Radar,4,4,0,0,8,0,12,29,9,50,4,16,29,9,58,54,0,54,112
08/09/2020,HLN,MT,ANM,WE,Combination Non-Radar Approach Control & Tower w/o Radar,2,3,2,0,7,0,1,52,0,53,2,4,54,0,60,32,0,32,92
08/10/2020,HLN,MT,ANM,WE,Combination Non-Radar Approach Control & Tower w/o Radar,3,3,6,0,12,0,5,40,0,45,3,8,46,0,57,62,0,62,119
08/11/2020,HLN,MT,ANM,WE,Combination Non-Radar Approach Control & Tower w/o Radar,3,3,1,0,7,0,2,50,7,59,3,5,51,7,66,66,2,68,134
08/12/2020,HLN,MT,ANM,WE,Combination Non-Radar Approach Control & Tower w/o Radar,6,6,3,0,15,0,0,25,2,27,6,6,28,2,42,34,0,34,76
08/13/2020,HLN,MT,ANM,WE,Combination Non-Radar Approach Control & Tower w/o Radar,4,4,4,2,14,0,5,29,8,42,4,9,33,10,56,16,8,24,80
08/14/2020,HLN,MT,ANM,WE,Combination Non-Radar Approach Control & Tower w/o Radar,4,3,5,0,12,2,3,38,0,43,6,6,43,0,55,22,0,22,77
08/15/2020,HLN,MT,ANM,WE,Combination Non-Radar Approach Control & Tower w/o Radar,4,5,0,0,9,3,23,36,0,62,7,28,36,0,71,20,0,20,91
08/16/2020,HLN,MT,ANM,WE,Combination Non-Radar Approach Control & Tower w/o Radar,4,1,3,0,8,0,1,27,0,28,4,2,30,0,36,36,0,36,72
08/17/2020,HLN,MT,ANM,WE,Combination Non-Radar Approach Control & Tower w/o Radar,6,2,1,2,11,0,2,27,3,32,6,4,28,5,43,58,18,76,119
08/18/2020,HLN,MT,ANM,WE,Combination Non-Radar Approach Control & Tower w/o Radar,3,3,3,0,9,0,6,39,5,50,3,9,42,5,59,48,0,48,107
08/19/2020,HLN,MT,ANM,WE,Combination Non-Radar Approach Control & Tower w/o Radar,4,8,6,0,18,0,8,20,3,31,4,16,26,3,49,38,2,40,89
08/20/2020,HLN,MT,ANM,WE,Combination Non-Radar Approach Control & Tower w/o Radar,4,3,5,1,13,0,3,35,2,40,4,6,40,3,53,96,0,96,149
08/21/2020,HLN,MT,ANM,WE,Combination Non-Radar Approach Control & Tower w/o Radar,3,4,12,1,20,0,0,41,16,57,3,4,53,17,77,38,0,38,115
08/22/2020,HLN,MT,ANM,WE,Combination Non-Radar Approach Control & Tower w/o Radar,6,6,8,3,23,0,0,17,11,28,6,6,25,14,51,60,6,66,117
08/23/2020,HLN,MT,ANM,WE,Combination Non-Radar Approach Control & Tower w/o Radar,4,1,3,1,9,0,0,29,0,29,4,1,32,1,38,8,0,8,46
08/24/2020,HLN,MT,ANM,WE,Combination Non-Radar Approach Control & Tower w/o Radar,4,1,3,0,8,0,0,22,0,22,4,1,25,0,30,10,0,10,40
08/25/2020,HLN,MT,ANM,WE,Combination Non-Radar Approach Control & Tower w/o Radar,4,4,2,1,11,0,6,14,5,25,4,10,16,6,36,4,8,12,48
08/26/2020,HLN,MT,ANM,WE,Combination Non-Radar Approach Control & Tower w/o Radar,5,2,3,3,13,0,1,32,3,36,5,3,35,6,49,8,0,8,57
08/27/2020,HLN,MT,ANM,WE,Combination Non-Radar Approach Control & Tower w/o Radar,4,4,4,1,13,0,2,19,6,27,4,6,23,7,40,18,0,18,58
08/28/2020,HLN,MT,ANM,WE,Combination Non-Radar Approach Control & Tower w/o Radar,4,1,7,1,13,0,1,67,6,74,4,2,74,7,87,100,2,102,189
08/29/2020,HLN,MT,ANM,WE,Combination Non-Radar Approach Control & Tower w/o Radar,4,6,4,0,14,0,1,39,0,40,4,7,43,0,54,14,0,14,68
08/30/2020,HLN,MT,ANM,WE,Combination Non-Radar Approach Control & Tower w/o Radar,4,1,1,0,6,0,0,5,0,5,4,1,6,0,11,22,0,22,33
08/31/2020,HLN,MT,ANM,WE,Combination Non-Radar Approach Control & Tower w/o Radar,3,0,4,2,9,0,0,9,1,10,3,0,13,3,19,26,4,30,49
09/01/2020,HLN,MT,ANM,WE,Combination Non-Radar Approach Control & Tower w/o Radar,3,5,3,0,11,0,0,33,2,35,3,5,36,2,46,32,4,36,82
09/02/2020,HLN,MT,ANM,WE,Combination Non-Radar Approach Control & Tower w/o Radar,5,4,2,0,11,0,7,17,0,24,5,11,19,0,35,50,0,50,85
09/03/2020,HLN,MT,ANM,WE,Combination Non-Radar Approach Control & Tower w/o Radar,4,5,0,0,9,12,5,33,7,57,16,10,33,7,66,74,4,78,144
09/04/2020,HLN,MT,ANM,WE,Combination Non-Radar Approach Control & Tower w/o Radar,4,0,9,0,13,12,5,78,5,100,16,5,87,5,113,108,0,108,221
09/05/2020,HLN,MT,ANM,WE,Combination Non-Radar Approach Control & Tower w/o Radar,4,2,1,0,7,11,4,30,0,45,15,6,31,0,52,74,0,74,126
09/06/2020,HLN,MT,ANM,WE,Combination Non-Radar Approach Control & Tower w/o Radar,4,0,2,0,6,54,19,23,0,96,58,19,25,0,102,20,0,20,122
09/07/2020,HLN,MT,ANM,WE,Combination Non-Radar Approach Control & Tower w/o Radar,4,3,3,0,10,0,0,1,0,1,4,3,4,0,11,0,0,0,11
09/08/2020,HLN,MT,ANM,WE,Combination Non-Radar Approach Control & Tower w/o Radar,4,3,5,2,14,0,3,42,3,48,4,6,47,5,62,44,0,44,106
09/09/2020,HLN,MT,ANM,WE,Combination Non-Radar Approach Control & Tower w/o Radar,4,4,2,1,11,0,1,33,4,38,4,5,35,5,49,96,0,96,145
09/10/2020,HLN,MT,ANM,WE,Combination Non-Radar Approach Control & Tower w/o Radar,4,6,3,3,16,0,0,50,7,57,4,6,53,10,73,102,0,102,175
09/11/2020,HLN,MT,ANM,WE,Combination Non-Radar Approach Control & Tower w/o Radar,3,3,3,2,11,0,10,53,9,72,3,13,56,11,83,126,10,136,219
09/12/2020,HLN,MT,ANM,WE,Combination Non-Radar Approach Control & Tower w/o Radar,3,3,2,0,8,0,1,43,15,59,3,4,45,15,67,56,12,68,135
09/13/2020,HLN,MT,ANM,WE,Combination Non-Radar Approach Control & Tower w/o Radar,5,0,3,2,10,1,0,19,3,23,6,0,22,5,33,34,0,34,67
09/14/2020,HLN,MT,ANM,WE,Combination Non-Radar Approach Control & Tower w/o Radar,4,3,4,1,12,0,1,6,1,8,4,4,10,2,20,34,8,42,62
09/15/2020,HLN,MT,ANM,WE,Combination Non-Radar Approach Control & Tower w/o Radar,4,6,7,1,18,1,0,5,1,7,5,6,12,2,25,34,0,34,59
09/16/2020,HLN,MT,ANM,WE,Combination Non-Radar Approach Control & Tower w/o Radar,4,5,3,0,12,0,0,31,2,33,4,5,34,2,45,52,0,52,97
09/17/2020,HLN,MT,ANM,WE,Combination Non-Radar Approach Control & Tower w/o Radar,4,4,4,1,13,0,2,9,2,13,4,6,13,3,26,66,0,66,92
09/18/2020,HLN,MT,ANM,WE,Combination Non-Radar Approach Control & Tower w/o Radar,4,7,2,0,13,0,1,10,2,13,4,8,12,2,26,106,0,106,132
09/19/2020,HLN,MT,ANM,WE,Combination Non-Radar Approach Control & Tower w/o Radar,4,7,6,0,17,0,0,8,3,11,4,7,14,3,28,46,0,46,74
09/20/2020,HLN,MT,ANM,WE,Combination Non-Radar Approach Control & Tower w/o Radar,4,2,2,1,9,0,0,11,0,11,4,2,13,1,20,14,0,14,34
09/21/2020,HLN,MT,ANM,WE,Combination Non-Radar Approach Control & Tower w/o Radar,4,0,6,0,10,0,1,45,2,48,4,1,51,2,58,54,0,54,112
09/22/2020,HLN,MT,ANM,WE,Combination Non-Radar Approach Control & Tower w/o Radar,4,3,3,0,10,2,1,34,3,40,6,4,37,3,50,30,8,38,88
09/23/2020,HLN,MT,ANM,WE,Combination Non-Radar Approach Control & Tower w/o Radar,3,7,5,0,15,0,1,46,6,53,3,8,51,6,68,56,0,56,124
09/24/2020,HLN,MT,ANM,WE,Combination Non-Radar Approach Control & Tower w/o Radar,4,0,2,0,6,0,0,20,5,25,4,0,22,5,31,6,0,6,37
09/25/2020,HLN,MT,ANM,WE,Combination Non-Radar Approach Control & Tower w/o Radar,4,4,7,1,16,0,1,42,5,48,4,5,49,6,64,42,0,42,106
09/26/2020,HLN,MT,ANM,WE,Combination Non-Radar Approach Control & Tower w/o Radar,4,3,0,0,7,0,2,5,0,7,4,5,5,0,14,30,0,30,44
09/27/2020,HLN,MT,ANM,WE,Combination Non-Radar Approach Control & Tower w/o Radar,3,0,2,0,5,0,0,21,0,21,3,0,23,0,26,14,0,14,40
09/28/2020,HLN,MT,ANM,WE,Combination Non-Radar Approach Control & Tower w/o Radar,4,1,1,0,6,0,0,57,6,63,4,1,58,6,69,108,28,136,205
09/29/2020,HLN,MT,ANM,WE,Combination Non-Radar Approach Control & Tower w/o Radar,4,3,6,2,15,0,0,38,1,39,4,3,44,3,54,28,4,32,86
09/30/2020,HLN,MT,ANM,WE,Combination Non-Radar Approach Control & Tower w/o Radar,4,1,2,2,9,0,1,54,0,55,4,2,56,2,64,43,0,43,107
10/01/2020,HLN,MT,ANM,WE,Combination Non-Radar Approach Control & Tower w/o Radar,4,0,5,1,10,0,4,60,4,68,4,4,65,5,78,100,4,104,182
10/02/2020,HLN,MT,ANM,WE,Combination Non-Radar Approach Control & Tower w/o Radar,4,0,3,2,9,0,0,46,2,48,4,0,49,4,57,84,12,96,153
10/03/2020,HLN,MT,ANM,WE,Combination Non-Radar Approach Control & Tower w/o Radar,4,5,8,0,17,0,6,43,7,56,4,11,51,7,73,28,0,28,101
10/04/2020,HLN,MT,ANM,WE,Combination Non-Radar Approach Control & Tower w/o Radar,4,4,4,0,12,21,17,25,0,63,25,21,29,0,75,24,0,24,99
10/05/2020,HLN,MT,ANM,WE,Combination Non-Radar Approach Control & Tower w/o Radar,6,3,3,0,12,4,7,34,1,46,10,10,37,1,58,20,0,20,78
10/06/2020,HLN,MT,ANM,WE,Combination Non-Radar Approach Control & Tower w/o Radar,4,3,10,2,19,27,5,27,0,59,31,8,37,2,78,26,0,26,104
10/07/2020,HLN,MT,ANM,WE,Combination Non-Radar Approach Control & Tower w/o Radar,4,7,5,0,16,1,3,44,2,50,5,10,49,2,66,88,10,98,164
10/08/2020,HLN,MT,ANM,WE,Combination Non-Radar Approach Control & Tower w/o Radar,4,1,1,0,6,0,0,41,4,45,4,1,42,4,51,90,14,104,155
10/09/2020,HLN,MT,ANM,WE,Combination Non-Radar Approach Control & Tower w/o Radar,4,1,1,0,6,4,0,45,4,53,8,1,46,4,59,50,10,60,119
10/10/2020,HLN,MT,ANM,WE,Combination Non-Radar Approach Control & Tower w/o Radar,2,2,1,0,5,5,3,34,0,42,7,5,35,0,47,32,0,32,79
10/11/2020,HLN,MT,ANM,WE,Combination Non-Radar Approach Control & Tower w/o Radar,5,0,0,0,5,0,1,4,0,5,5,1,4,0,10,0,0,0,10
10/12/2020,HLN,MT,ANM,WE,Combination Non-Radar Approach Control & Tower w/o Radar,4,6,3,0,13,0,1,6,0,7,4,7,9,0,20,0,0,0,20
10/13/2020,HLN,MT,ANM,WE,Combination Non-Radar Approach Control & Tower w/o Radar,4,5,8,0,17,0,0,24,0,24,4,5,32,0,41,82,0,82,123
10/14/2020,HLN,MT,ANM,WE,Combination Non-Radar Approach Control & Tower w/o Radar,5,7,1,0,13,0,1,2,2,5,5,8,3,2,18,0,0,0,18
10/15/2020,HLN,MT,ANM,WE,Combination Non-Radar Approach Control & Tower w/o Radar,4,2,2,2,10,0,0,24,8,32,4,2,26,10,42,24,34,58,100
10/16/2020,HLN,MT,ANM,WE,Combination Non-Radar Approach Control & Tower w/o Radar,4,9,5,2,20,0,3,13,0,16,4,12,18,2,36,30,0,30,66
10/17/2020,HLN,MT,ANM,WE,Combination Non-Radar Approach Control & Tower w/o Radar,5,5,0,1,11,0,0,1,0,1,5,5,1,1,12,0,0,0,12
10/18/2020,HLN,MT,ANM,WE,Combination Non-Radar Approach Control & Tower w/o Radar,5,4,2,1,12,0,0,0,0,0,5,4,2,1,12,0,0,0,12
10/19/2020,HLN,MT,ANM,WE,Combination Non-Radar Approach Control & Tower w/o Radar,5,2,1,0,8,0,0,9,0,9,5,2,10,0,17,38,0,38,55
10/20/2020,HLN,MT,ANM,WE,Combination Non-Radar Approach Control & Tower w/o Radar,4,7,9,0,20,0,0,33,3,36,4,7,42,3,56,58,2,60,116
10/21/2020,HLN,MT,ANM,WE,Combination Non-Radar Approach Control & Tower w/o Radar,3,6,6,1,16,0,1,4,3,8,3,7,10,4,24,12,4,16,40
10/22/2020,HLN,MT,ANM,WE,Combination Non-Radar Approach Control & Tower w/o Radar,4,3,9,2,18,0,0,35,5,40,4,3,44,7,58,40,20,60,118
10/23/2020,HLN,MT,ANM,WE,Combination Non-Radar Approach Control & Tower w/o Radar,4,6,7,2,19,0,0,35,6,41,4,6,42,8,60,54,4,58,118
10/24/2020,HLN,MT,ANM,WE,Combination Non-Radar Approach Control & Tower w/o Radar,11,6,1,0,18,0,0,0,0,0,11,6,1,0,18,0,0,0,18
10/25/2020,HLN,MT,ANM,WE,Combination Non-Radar Approach Control & Tower w/o Radar,6,3,1,0,10,0,0,15,0,15,6,3,16,0,25,0,0,0,25
10/26/2020,HLN,MT,ANM,WE,Combination Non-Radar Approach Control & Tower w/o Radar,4,2,9,0,15,0,7,15,1,23,4,9,24,1,38,32,0,32,70
10/27/2020,HLN,MT,ANM,WE,Combination Non-Radar Approach Control & Tower w/o Radar,3,8,0,2,13,0,5,40,2,47,3,13,40,4,60,38,0,38,98
10/28/2020,HLN,MT,ANM,WE,Combination Non-Radar Approach Control & Tower w/o Radar,4,4,4,0,12,0,2,34,2,38,4,6,38,2,50,70,0,70,120
10/29/2020,HLN,MT,ANM,WE,Combination Non-Radar Approach Control & Tower w/o Radar,4,9,10,0,23,0,5,30,0,35,4,14,40,0,58,60,0,60,118
10/30/2020,HLN,MT,ANM,WE,Combination Non-Radar Approach Control & Tower w/o Radar,4,4,0,0,8,0,2,30,0,32,4,6,30,0,40,54,0,54,94
10/31/2020,HLN,MT,ANM,WE,Combination Non-Radar Approach Control & Tower w/o Radar,4,8,3,2,17,0,6,35,0,41,4,14,38,2,58,16,2,18,76
11/01/2020,HLN,MT,ANM,WE,Combination Non-Radar Approach Control & Tower w/o Radar,5,0,3,0,8,0,2,38,0,40,5,2,41,0,48,58,0,58,106
11/02/2020,HLN,MT,ANM,WE,Combination Non-Radar Approach Control & Tower w/o Radar,5,1,1,0,7,0,0,44,0,44,5,1,45,0,51,74,0,74,125
11/03/2020,HLN,MT,ANM,WE,Combination Non-Radar Approach Control & Tower w/o Radar,5,5,0,0,10,0,8,43,0,51,5,13,43,0,61,92,0,92,153
11/04/2020,HLN,MT,ANM,WE,Combination Non-Radar Approach Control & Tower w/o Radar,4,5,3,0,12,0,1,36,0,37,4,6,39,0,49,38,0,38,87
11/05/2020,HLN,MT,ANM,WE,Combination Non-Radar Approach Control & Tower w/o Radar,4,3,0,0,7,1,2,16,0,19,5,5,16,0,26,34,0,34,60
11/06/2020,HLN,MT,ANM,WE,Combination Non-Radar Approach Control & Tower w/o Radar,4,8,8,2,22,5,3,24,2,34,9,11,32,4,56,42,2,44,100
11/07/2020,HLN,MT,ANM,WE,Combination Non-Radar Approach Control & Tower w/o Radar,5,5,4,0,14,0,0,23,4,27,5,5,27,4,41,62,0,62,103
11/08/2020,HLN,MT,ANM,WE,Combination Non-Radar Approach Control & Tower w/o Radar,5,0,0,0,5,0,0,0,0,0,5,0,0,0,5,0,0,0,5
11/09/2020,HLN,MT,ANM,WE,Combination Non-Radar Approach Control & Tower w/o Radar,4,1,2,0,7,0,3,11,0,14,4,4,13,0,21,20,0,20,41
11/10/2020,HLN,MT,ANM,WE,Combination Non-Radar Approach Control & Tower w/o Radar,4,7,5,0,16,0,0,12,9,21,4,7,17,9,37,32,0,32,69
11/11/2020,HLN,MT,ANM,WE,Combination Non-Radar Approach Control & Tower w/o Radar,5,6,2,0,13,0,0,10,0,10,5,6,12,0,23,8,0,8,31
11/12/2020,HLN,MT,ANM,WE,Combination Non-Radar Approach Control & Tower w/o Radar,4,6,2,2,14,0,4,28,4,36,4,10,30,6,50,34,8,42,92
11/13/2020,HLN,MT,ANM,WE,Combination Non-Radar Approach Control & Tower w/o Radar,4,4,4,0,12,0,1,7,0,8,4,5,11,0,20,0,0,0,20
11/14/2020,HLN,MT,ANM,WE,Combination Non-Radar Approach Control & Tower w/o Radar,4,4,4,0,12,0,0,0,0,0,4,4,4,0,12,0,0,0,12
11/15/2020,HLN,MT,ANM,WE,Combination Non-Radar Approach Control & Tower w/o Radar,5,0,0,0,5,0,0,7,0,7,5,0,7,0,12,34,0,34,46
11/16/2020,HLN,MT,ANM,WE,Combination Non-Radar Approach Control & Tower w/o Radar,4,2,3,0,9,0,3,37,0,40,4,5,40,0,49,48,0,48,97
11/17/2020,HLN,MT,ANM,WE,Combination Non-Radar Approach Control & Tower w/o Radar,4,8,10,0,22,0,1,27,0,28,4,9,37,0,50,62,0,62,112
11/18/2020,HLN,MT,ANM,WE,Combination Non-Radar Approach Control & Tower w/o Radar,4,4,0,0,8,0,0,14,0,14,4,4,14,0,22,34,4,38,60
11/19/2020,HLN,MT,ANM,WE,Combination Non-Radar Approach Control & Tower w/o Radar,5,4,5,0,14,0,0,25,7,32,5,4,30,7,46,44,4,48,94
11/20/2020,HLN,MT,ANM,WE,Combination Non-Radar Approach Control & Tower w/o Radar,6,8,5,0,19,0,7,55,5,67,6,15,60,5,86,32,0,32,118
11/21/2020,HLN,MT,ANM,WE,Combination Non-Radar Approach Control & Tower w/o Radar,5,3,3,1,12,0,2,34,12,48,5,5,37,13,60,46,0,46,106
11/22/2020,HLN,MT,ANM,WE,Combination Non-Radar Approach Control & Tower w/o Radar,5,1,4,0,10,0,0,30,0,30,5,1,34,0,40,12,0,12,52
11/23/2020,HLN,MT,ANM,WE,Combination Non-Radar Approach Control & Tower w/o Radar,7,7,3,0,17,0,2,16,0,18,7,9,19,0,35,50,0,50,85
11/24/2020,HLN,MT,ANM,WE,Combination Non-Radar Approach Control & Tower w/o Radar,7,8,0,2,17,0,2,11,7,20,7,10,11,9,37,32,4,36,73
11/25/2020,HLN,MT,ANM,WE,Combination Non-Radar Approach Control & Tower w/o Radar,6,7,3,0,16,0,1,14,2,17,6,8,17,2,33,58,0,58,91
11/26/2020,HLN,MT,ANM,WE,Combination Non-Radar Approach Control & Tower w/o Radar,6,1,1,0,8,0,0,1,5,6,6,1,2,5,14,0,0,0,14
11/27/2020,HLN,MT,ANM,WE,Combination Non-Radar Approach Control & Tower w/o Radar,6,4,0,0,10,0,2,29,0,31,6,6,29,0,41,34,0,34,75
11/28/2020,HLN,MT,ANM,WE,Combination Non-Radar Approach Control & Tower w/o Radar,6,3,3,0,12,0,0,29,0,29,6,3,32,0,41,60,0,60,101
11/29/2020,HLN,MT,ANM,WE,Combination Non-Radar Approach Control & Tower w/o Radar,5,2,1,0,8,0,0,32,0,32,5,2,33,0,40,14,0,14,54
11/30/2020,HLN,MT,ANM,WE,Combination Non-Radar Approach Control & Tower w/o Radar,4,0,3,0,7,0,4,27,0,31,4,4,30,0,38,60,12,72,110
12/01/2020,HLN,MT,ANM,WE,Combination Non-Radar Approach Control & Tower w/o Radar,4,3,2,0,9,0,0,10,12,22,4,3,12,12,31,32,4,36,67
12/02/2020,HLN,MT,ANM,WE,Combination Non-Radar Approach Control & Tower w/o Radar,5,5,1,0,11,0,2,41,13,56,5,7,42,13,67,50,10,60,127
12/03/2020,HLN,MT,ANM,WE,Combination Non-Radar Approach Control & Tower w/o Radar,4,9,0,0,13,0,14,63,12,89,4,23,63,12,102,74,54,128,230
12/04/2020,HLN,MT,ANM,WE,Combination Non-Radar Approach Control & Tower w/o Radar,4,9,2,0,15,0,18,91,7,116,4,27,93,7,131,136,14,150,281
12/05/2020,HLN,MT,ANM,WE,Combination Non-Radar Approach Control & Tower w/o Radar,4,5,2,0,11,0,0,50,2,52,4,5,52,2,63,52,0,52,115
12/06/2020,HLN,MT,ANM,WE,Combination Non-Radar Approach Control & Tower w/o Radar,4,1,0,0,5,0,3,29,0,32,4,4,29,0,37,24,0,24,61
12/07/2020,HLN,MT,ANM,WE,Combination Non-Radar Approach Control & Tower w/o Radar,4,1,0,2,7,0,5,40,4,49,4,6,40,6,56,78,22,100,156
12/08/2020,HLN,MT,ANM,WE,Combination Non-Radar Approach Control & Tower w/o Radar,4,2,7,0,13,0,8,29,4,41,4,10,36,4,54,24,18,42,96
12/09/2020,HLN,MT,ANM,WE,Combination Non-Radar Approach Control & Tower w/o Radar,3,6,5,0,14,0,4,21,1,26,3,10,26,1,40,38,12,50,90
12/10/2020,HLN,MT,ANM,WE,Combination Non-Radar Approach Control & Tower w/o Radar,4,3,6,3,16,0,10,42,15,67,4,13,48,18,83,82,12,94,177
12/11/2020,HLN,MT,ANM,WE,Combination Non-Radar Approach Control & Tower w/o Radar,4,6,5,3,18,0,0,3,1,4,4,6,8,4,22,24,0,24,46
12/12/2020,HLN,MT,ANM,WE,Combination Non-Radar Approach Control & Tower w/o Radar,4,3,3,0,10,0,0,23,0,23,4,3,26,0,33,0,0,0,33
12/13/2020,HLN,MT,ANM,WE,Combination Non-Radar Approach Control & Tower w/o Radar,4,0,0,0,4,0,0,17,0,17,4,0,17,0,21,22,0,22,43
12/14/2020,HLN,MT,ANM,WE,Combination Non-Radar Approach Control & Tower w/o Radar,5,3,2,0,10,0,0,13,3,16,5,3,15,3,26,22,6,28,54
12/15/2020,HLN,MT,ANM,WE,Combination Non-Radar Approach Control & Tower w/o Radar,0,8,5,0,13,0,2,14,8,24,0,10,19,8,37,28,0,28,65
12/16/2020,HLN,MT,ANM,WE,Combination Non-Radar Approach Control & Tower w/o Radar,5,7,5,0,17,0,7,24,3,34,5,14,29,3,51,14,10,24,75
12/17/2020,HLN,MT,ANM,WE,Combination Non-Radar Approach Control & Tower w/o Radar,5,6,3,0,14,0,0,31,0,31,5,6,34,0,45,70,0,70,115
12/18/2020,HLN,MT,ANM,WE,Combination Non-Radar Approach Control & Tower w/o Radar,6,9,6,0,21,0,1,12,12,25,6,10,18,12,46,28,2,30,76
12/19/2020,HLN,MT,ANM,WE,Combination Non-Radar Approach Control & Tower w/o Radar,7,4,1,0,12,0,0,7,0,7,7,4,8,0,19,10,0,10,29
12/20/2020,HLN,MT,ANM,WE,Combination Non-Radar Approach Control & Tower w/o Radar,6,3,3,0,12,0,0,2,0,2,6,3,5,0,14,0,0,0,14
12/21/2020,HLN,MT,ANM,WE,Combination Non-Radar Approach Control & Tower w/o Radar,6,4,7,7,24,0,1,13,8,22,6,5,20,15,46,48,10,58,104
12/22/2020,HLN,MT,ANM,WE,Combination Non-Radar Approach Control & Tower w/o Radar,6,9,3,0,18,0,1,2,0,3,6,10,5,0,21,0,0,0,21
12/23/2020,HLN,MT,ANM,WE,Combination Non-Radar Approach Control & Tower w/o Radar,7,10,2,0,19,0,12,22,17,51,7,22,24,17,70,26,14,40,110
12/24/2020,HLN,MT,ANM,WE,Combination Non-Radar Approach Control & Tower w/o Radar,4,7,3,0,14,0,2,29,0,31,4,9,32,0,45,44,0,44,89
12/25/2020,HLN,MT,ANM,WE,Combination Non-Radar Approach Control & Tower w/o Radar,6,0,0,0,6,0,0,17,0,17,6,0,17,0,23,4,0,4,27
12/26/2020,HLN,MT,ANM,WE,Combination Non-Radar Approach Control & Tower w/o Radar,6,5,1,0,12,0,0,12,0,12,6,5,13,0,24,48,0,48,72
12/27/2020,HLN,MT,ANM,WE,Combination Non-Radar Approach Control & Tower w/o Radar,6,0,1,0,7,0,0,17,0,17,6,0,18,0,24,36,0,36,60
12/28/2020,HLN,MT,ANM,WE,Combination Non-Radar Approach Control & Tower w/o Radar,4,1,0,0,5,0,0,33,1,34,4,1,33,1,39,20,0,20,59
12/29/2020,HLN,MT,ANM,WE,Combination Non-Radar Approach Control & Tower w/o Radar,4,4,6,0,14,0,0,31,8,39,4,4,37,8,53,60,0,60,113
12/30/2020,HLN,MT,ANM,WE,Combination Non-Radar Approach Control & Tower w/o Radar,6,7,2,0,15,0,1,21,4,26,6,8,23,4,41,68,0,68,109
12/31/2020,HLN,MT,ANM,WE,Combination Non-Radar Approach Control & Tower w/o Radar,6,5,4,0,15,0,0,27,0,27,6,5,31,0,42,52,0,52,94
01/01/2021,HLN,MT,ANM,WE,Combination Non-Radar Approach Control & Tower w/o Radar,4,4,1,0,9,0,0,15,0,15,4,4,16,0,24,10,0,10,34
01/02/2021,HLN,MT,ANM,WE,Combination Non-Radar Approach Control & Tower w/o Radar,6,3,0,0,9,0,1,17,0,18,6,4,17,0,27,22,0,22,49
01/03/2021,HLN,MT,ANM,WE,Combination Non-Radar Approach Control & Tower w/o Radar,6,1,0,0,7,0,1,4,0,5,6,2,4,0,12,0,0,0,12
01/04/2021,HLN,MT,ANM,WE,Combination Non-Radar Approach Control & Tower w/o Radar,5,2,4,0,11,0,2,39,7,48,5,4,43,7,59,78,8,86,145
01/05/2021,HLN,MT,ANM,WE,Combination Non-Radar Approach Control & Tower w/o Radar,4,2,0,1,7,0,0,14,13,27,4,2,14,14,34,42,14,56,90
01/06/2021,HLN,MT,ANM,WE,Combination Non-Radar Approach Control & Tower w/o Radar,4,5,4,2,15,0,20,45,20,85,4,25,49,22,100,90,14,104,204
01/07/2021,HLN,MT,ANM,WE,Combination Non-Radar Approach Control & Tower w/o Radar,4,7,7,0,18,0,0,0,0,0,4,7,7,0,18,0,0,0,18
01/08/2021,HLN,MT,ANM,WE,Combination Non-Radar Approach Control & Tower w/o Radar,7,13,4,5,29,0,1,15,9,25,7,14,19,14,54,32,6,38,92
01/09/2021,HLN,MT,ANM,WE,Combination Non-Radar Approach Control & Tower w/o Radar,5,0,3,0,8,0,0,0,2,2,5,0,3,2,10,0,0,0,10
01/10/2021,HLN,MT,ANM,WE,Combination Non-Radar Approach Control & Tower w/o Radar,7,1,1,0,9,0,2,17,5,24,7,3,18,5,33,4,2,6,39
01/11/2021,HLN,MT,ANM,WE,Combination Non-Radar Approach Control & Tower w/o Radar,4,5,3,0,12,0,1,29,15,45,4,6,32,15,57,24,28,52,109
01/12/2021,HLN,MT,ANM,WE,Combination Non-Radar Approach Control & Tower w/o Radar,5,9,5,0,19,0,0,13,7,20,5,9,18,7,39,42,0,42,81
01/13/2021,HLN,MT,ANM,WE,Combination Non-Radar Approach Control & Tower w/o Radar,2,5,2,0,9,0,1,3,0,4,2,6,5,0,13,0,0,0,13
01/14/2021,HLN,MT,ANM,WE,Combination Non-Radar Approach Control & Tower w/o Radar,5,4,3,0,12,0,1,18,8,27,5,5,21,8,39,18,16,34,73
01/15/2021,HLN,MT,ANM,WE,Combination Non-Radar Approach Control & Tower w/o Radar,4,6,5,0,15,0,2,26,6,34,4,8,31,6,49,28,6,34,83
01/16/2021,HLN,MT,ANM,WE,Combination Non-Radar Approach Control & Tower w/o Radar,4,2,3,0,9,0,1,30,3,34,4,3,33,3,43,74,0,74,117
01/17/2021,HLN,MT,ANM,WE,Combination Non-Radar Approach Control & Tower w/o Radar,2,0,2,0,4,0,0,7,0,7,2,0,9,0,11,0,0,0,11
01/18/2021,HLN,MT,ANM,WE,Combination Non-Radar Approach Control & Tower w/o Radar,4,1,6,0,11,0,0,7,0,7,4,1,13,0,18,46,0,46,64
01/19/2021,HLN,MT,ANM,WE,Combination Non-Radar Approach Control & Tower w/o Radar,7,5,8,6,26,0,0,36,7,43,7,5,44,13,69,136,8,144,213
01/20/2021,HLN,MT,ANM,WE,Combination Non-Radar Approach Control & Tower w/o Radar,4,5,4,2,15,0,3,37,14,54,4,8,41,16,69,36,16,52,121
01/21/2021,HLN,MT,ANM,WE,Combination Non-Radar Approach Control & Tower w/o Radar,5,2,4,0,11,0,0,30,10,40,5,2,34,10,51,64,2,66,117
01/22/2021,HLN,MT,ANM,WE,Combination Non-Radar Approach Control & Tower w/o Radar,7,6,4,0,17,0,1,49,14,64,7,7,53,14,81,24,6,30,111
01/23/2021,HLN,MT,ANM,WE,Combination Non-Radar Approach Control & Tower w/o Radar,4,3,1,0,8,0,3,13,7,23,4,6,14,7,31,14,0,14,45
01/24/2021,HLN,MT,ANM,WE,Combination Non-Radar Approach Control & Tower w/o Radar,3,1,2,0,6,0,0,27,2,29,3,1,29,2,35,24,0,24,59
01/25/2021,HLN,MT,ANM,WE,Combination Non-Radar Approach Control & Tower w/o Radar,4,1,3,0,8,0,0,34,15,49,4,1,37,15,57,118,0,118,175
01/26/2021,HLN,MT,ANM,WE,Combination Non-Radar Approach Control & Tower w/o Radar,4,4,6,0,14,0,3,19,8,30,4,7,25,8,44,26,0,26,70
01/27/2021,HLN,MT,ANM,WE,Combination Non-Radar Approach Control & Tower w/o Radar,3,3,3,0,9,0,8,34,17,59,3,11,37,17,68,50,18,68,136
01/28/2021,HLN,MT,ANM,WE,Combination Non-Radar Approach Control & Tower w/o Radar,5,8,8,0,21,0,8,30,8,46,5,16,38,8,67,92,18,110,177
01/29/2021,HLN,MT,ANM,WE,Combination Non-Radar Approach Control & Tower w/o Radar,3,6,2,0,11,0,0,7,0,7,3,6,9,0,18,36,0,36,54
01/30/2021,HLN,MT,ANM,WE,Combination Non-Radar Approach Control & Tower w/o Radar,7,3,0,0,10,0,1,31,4,36,7,4,31,4,46,36,0,36,82
01/31/2021,HLN,MT,ANM,WE,Combination Non-Radar Approach Control & Tower w/o Radar,4,0,0,0,4,0,0,47,0,47,4,0,47,0,51,28,0,28,79
02/01/2021,HLN,MT,ANM,WE,Combination Non-Radar Approach Control & Tower w/o Radar,4,2,2,0,8,0,2,53,3,58,4,4,55,3,66,122,0,122,188
02/02/2021,HLN,MT,ANM,WE,Combination Non-Radar Approach Control & Tower w/o Radar,4,4,2,0,10,0,3,20,5,28,4,7,22,5,38,52,0,52,90
02/03/2021,HLN,MT,ANM,WE,Combination Non-Radar Approach Control & Tower w/o Radar,5,6,1,0,12,0,2,36,16,54,5,8,37,16,66,90,8,98,164
02/04/2021,HLN,MT,ANM,WE,Combination Non-Radar Approach Control & Tower w/o Radar,4,3,6,0,13,0,0,4,0,4,4,3,10,0,17,0,0,0,17
02/05/2021,HLN,MT,ANM,WE,Combination Non-Radar Approach Control & Tower w/o Radar,5,4,2,0,11,0,0,2,4,6,5,4,4,4,17,0,4,4,21
02/06/2021,HLN,MT,ANM,WE,Combination Non-Radar Approach Control & Tower w/o Radar,6,3,0,0,9,0,0,0,0,0,6,3,0,0,9,0,0,0,9
02/07/2021,HLN,MT,ANM,WE,Combination Non-Radar Approach Control & Tower w/o Radar,6,0,0,0,6,0,0,1,0,1,6,0,1,0,7,0,0,0,7
02/08/2021,HLN,MT,ANM,WE,Combination Non-Radar Approach Control & Tower w/o Radar,6,2,7,0,15,0,0,0,0,0,6,2,7,0,15,0,0,0,15
02/09/2021,HLN,MT,ANM,WE,Combination Non-Radar Approach Control & Tower w/o Radar,5,6,5,4,20,0,0,3,1,4,5,6,8,5,24,0,0,0,24
02/10/2021,HLN,MT,ANM,WE,Combination Non-Radar Approach Control & Tower w/o Radar,4,6,10,2,22,0,0,6,10,16,4,6,16,12,38,0,22,22,60
02/11/2021,HLN,MT,ANM,WE,Combination Non-Radar Approach Control & Tower w/o Radar,6,5,15,0,26,0,0,3,3,6,6,5,18,3,32,0,16,16,48
02/12/2021,HLN,MT,ANM,WE,Combination Non-Radar Approach Control & Tower w/o Radar,5,4,7,1,17,0,1,6,16,23,5,5,13,17,40,4,6,10,50
02/13/2021,HLN,MT,ANM,WE,Combination Non-Radar Approach Control & Tower w/o Radar,3,3,2,0,8,0,0,3,0,3,3,3,5,0,11,0,0,0,11
02/14/2021,HLN,MT,ANM,WE,Combination Non-Radar Approach Control & Tower w/o Radar,5,2,2,1,10,0,0,7,0,7,5,2,9,1,17,0,0,0,17
02/15/2021,HLN,MT,ANM,WE,Combination Non-Radar Approach Control & Tower w/o Radar,4,2,3,0,9,0,0,7,0,7,4,2,10,0,16,50,0,50,66
02/16/2021,HLN,MT,ANM,WE,Combination Non-Radar Approach Control & Tower w/o Radar,5,5,7,0,17,0,0,12,17,29,5,5,19,17,46,18,12,30,76
02/17/2021,HLN,MT,ANM,WE,Combination Non-Radar Approach Control & Tower w/o Radar,5,8,4,0,17,0,1,1,0,2,5,9,5,0,19,0,0,0,19
02/18/2021,HLN,MT,ANM,WE,Combination Non-Radar Approach Control & Tower w/o Radar,5,2,5,0,12,0,1,47,16,64,5,3,52,16,76,120,6,126,202
02/19/2021,HLN,MT,ANM,WE,Combination Non-Radar Approach Control & Tower w/o Radar,5,5,8,0,18,0,2,32,6,40,5,7,40,6,58,56,0,56,114
02/20/2021,HLN,MT,ANM,WE,Combination Non-Radar Approach Control & Tower w/o Radar,6,3,0,0,9,0,4,15,4,23,6,7,15,4,32,54,0,54,86
02/21/2021,HLN,MT,ANM,WE,Combination Non-Radar Approach Control & Tower w/o Radar,3,2,2,0,7,0,2,12,0,14,3,4,14,0,21,0,0,0,21
02/22/2021,HLN,MT,ANM,WE,Combination Non-Radar Approach Control & Tower w/o Radar,5,1,1,0,7,0,0,3,0,3,5,1,4,0,10,0,0,0,10
02/23/2021,HLN,MT,ANM,WE,Combination Non-Radar Approach Control & Tower w/o Radar,5,4,0,0,9,0,0,5,1,6,5,4,5,1,15,0,0,0,15
02/24/2021,HLN,MT,ANM,WE,Combination Non-Radar Approach Control & Tower w/o Radar,5,8,16,0,29,0,7,71,10,88,5,15,87,10,117,152,0,152,269
02/25/2021,HLN,MT,ANM,WE,Combination Non-Radar Approach Control & Tower w/o Radar,4,6,5,4,19,0,0,34,10,44,4,6,39,14,63,48,0,48,111
02/26/2021,HLN,MT,ANM,WE,Combination Non-Radar Approach Control & Tower w/o Radar,4,6,3,1,14,0,1,17,26,44,4,7,20,27,58,82,18,100,158
02/27/2021,HLN,MT,ANM,WE,Combination Non-Radar Approach Control & Tower w/o Radar,6,4,0,0,10,0,0,11,0,11,6,4,11,0,21,38,0,38,59
02/28/2021,HLN,MT,ANM,WE,Combination Non-Radar Approach Control & Tower w/o Radar,5,1,2,0,8,0,0,7,0,7,5,1,9,0,15,0,0,0,15
03/01/2021,HLN,MT,ANM,WE,Combination Non-Radar Approach Control & Tower w/o Radar,4,3,5,3,15,0,2,44,9,55,4,5,49,12,70,186,1,187,257
03/02/2021,HLN,MT,ANM,WE,Combination Non-Radar Approach Control & Tower w/o Radar,5,5,5,2,17,0,0,34,6,40,5,5,39,8,57,76,8,84,141
03/03/2021,HLN,MT,ANM,WE,Combination Non-Radar Approach Control & Tower w/o Radar,7,8,1,4,20,0,7,56,8,71,7,15,57,12,91,200,8,208,299
03/04/2021,HLN,MT,ANM,WE,Combination Non-Radar Approach Control & Tower w/o Radar,4,5,2,2,13,0,7,76,12,95,4,12,78,14,108,88,24,112,220
03/05/2021,HLN,MT,ANM,WE,Combination Non-Radar Approach Control & Tower w/o Radar,4,6,6,0,16,0,3,46,8,57,4,9,52,8,73,44,0,44,117
03/06/2021,HLN,MT,ANM,WE,Combination Non-Radar Approach Control & Tower w/o Radar,4,5,1,0,10,0,4,35,20,59,4,9,36,20,69,114,0,114,183
03/07/2021,HLN,MT,ANM,WE,Combination Non-Radar Approach Control & Tower w/o Radar,5,1,0,0,6,0,0,28,1,29,5,1,28,1,35,4,0,4,39
03/08/2021,HLN,MT,ANM,WE,Combination Non-Radar Approach Control & Tower w/o Radar,5,5,3,2,15,0,1,0,3,4,5,6,3,5,19,0,0,0,19
03/09/2021,HLN,MT,ANM,WE,Combination Non-Radar Approach Control & Tower w/o Radar,5,4,4,0,13,0,0,15,11,26,5,4,19,11,39,66,30,96,135
03/10/2021,HLN,MT,ANM,WE,Combination Non-Radar Approach Control & Tower w/o Radar,5,8,5,2,20,0,3,44,0,47,5,11,49,2,67,124,0,124,191
03/11/2021,HLN,MT,ANM,WE,Combination Non-Radar Approach Control & Tower w/o Radar,4,8,4,0,16,0,0,36,14,50,4,8,40,14,66,64,2,66,132
03/12/2021,HLN,MT,ANM,WE,Combination Non-Radar Approach Control & Tower w/o Radar,5,3,3,7,18,0,2,46,26,74,5,5,49,33,92,52,30,82,174
03/13/2021,HLN,MT,ANM,WE,Combination Non-Radar Approach Control & Tower w/o Radar,5,4,7,0,16,0,1,35,0,36,5,5,42,0,52,76,0,76,128
03/14/2021,HLN,MT,ANM,WE,Combination Non-Radar Approach Control & Tower w/o Radar,4,2,2,1,9,0,0,29,0,29,4,2,31,1,38,94,0,94,132
03/15/2021,HLN,MT,ANM,WE,Combination Non-Radar Approach Control & Tower w/o Radar,4,1,2,2,9,0,2,17,11,30,4,3,19,13,39,36,6,42,81
03/16/2021,HLN,MT,ANM,WE,Combination Non-Radar Approach Control & Tower w/o Radar,5,5,3,0,13,0,10,34,16,60,5,15,37,16,73,82,24,106,179
03/17/2021,HLN,MT,ANM,WE,Combination Non-Radar Approach Control & Tower w/o Radar,4,7,7,2,20,0,10,34,10,54,4,17,41,12,74,78,18,96,170
03/18/2021,HLN,MT,ANM,WE,Combination Non-Radar Approach Control & Tower w/o Radar,4,5,3,0,12,0,2,52,12,66,4,7,55,12,78,70,20,90,168
03/19/2021,HLN,MT,ANM,WE,Combination Non-Radar Approach Control & Tower w/o Radar,5,6,4,0,15,0,3,25,11,39,5,9,29,11,54,20,18,38,92
03/20/2021,HLN,MT,ANM,WE,Combination Non-Radar Approach Control & Tower w/o Radar,5,4,2,1,12,0,12,28,0,40,5,16,30,1,52,48,0,48,100
03/21/2021,HLN,MT,ANM,WE,Combination Non-Radar Approach Control & Tower w/o Radar,4,2,2,0,8,0,2,11,0,13,4,4,13,0,21,0,0,0,21
03/22/2021,HLN,MT,ANM,WE,Combination Non-Radar Approach Control & Tower w/o Radar,5,1,2,0,8,0,0,12,14,26,5,1,14,14,34,26,8,34,68
03/23/2021,HLN,MT,ANM,WE,Combination Non-Radar Approach Control & Tower w/o Radar,5,4,5,0,14,0,0,11,6,17,5,4,16,6,31,60,28,88,119
03/24/2021,HLN,MT,ANM,WE,Combination Non-Radar Approach Control & Tower w/o Radar,5,13,5,2,25,0,0,24,7,31,5,13,29,9,56,58,2,60,116
03/25/2021,HLN,MT,ANM,WE,Combination Non-Radar Approach Control & Tower w/o Radar,3,4,11,0,18,0,1,21,9,31,3,5,32,9,49,10,4,14,63
03/26/2021,HLN,MT,ANM,WE,Combination Non-Radar Approach Control & Tower w/o Radar,6,2,8,0,16,0,2,23,3,28,6,4,31,3,44,38,0,38,82
03/27/2021,HLN,MT,ANM,WE,Combination Non-Radar Approach Control & Tower w/o Radar,5,4,1,0,10,0,0,15,2,17,5,4,16,2,27,42,0,42,69
03/28/2021,HLN,MT,ANM,WE,Combination Non-Radar Approach Control & Tower w/o Radar,5,9,2,0,16,0,0,12,0,12,5,9,14,0,28,0,0,0,28
03/29/2021,HLN,MT,ANM,WE,Combination Non-Radar Approach Control & Tower w/o Radar,6,3,0,1,10,0,0,1,3,4,6,3,1,4,14,0,0,0,14
03/30/2021,HLN,MT,ANM,WE,Combination Non-Radar Approach Control & Tower w/o Radar,7,2,9,0,18,0,1,19,12,32,7,3,28,12,50,26,4,30,80
03/31/2021,HLN,MT,ANM,WE,Combination Non-Radar Approach Control & Tower w/o Radar,5,6,6,0,17,0,5,56,6,67,5,11,62,6,84,84,4,88,172
04/01/2021,HLN,MT,ANM,WE,Combination Non-Radar Approach Control & Tower w/o Radar,5,6,5,0,16,0,0,46,2,48,5,6,51,2,64,60,0,60,124
04/02/2021,HLN,MT,ANM,WE,Combination Non-Radar Approach Control & Tower w/o Radar,5,12,9,0,26,0,2,45,2,49,5,14,54,2,75,62,0,62,137
04/03/2021,HLN,MT,ANM,WE,Combination Non-Radar Approach Control & Tower w/o Radar,8,5,1,2,16,0,0,45,1,46,8,5,46,3,62,48,0,48,110
04/04/2021,HLN,MT,ANM,WE,Combination Non-Radar Approach Control & Tower w/o Radar,6,6,2,0,14,0,1,25,2,28,6,7,27,2,42,60,0,60,102
04/05/2021,HLN,MT,ANM,WE,Combination Non-Radar Approach Control & Tower w/o Radar,6,5,2,0,13,0,0,0,0,0,6,5,2,0,13,34,0,34,47
04/06/2021,HLN,MT,ANM,WE,Combination Non-Radar Approach Control & Tower w/o Radar,5,9,6,2,22,0,2,35,13,50,5,11,41,15,72,40,10,50,122
04/07/2021,HLN,MT,ANM,WE,Combination Non-Radar Approach Control & Tower w/o Radar,5,11,3,0,19,0,3,57,20,80,5,14,60,20,99,62,10,72,171
04/08/2021,HLN,MT,ANM,WE,Combination Non-Radar Approach Control & Tower w/o Radar,7,6,5,0,18,0,1,10,16,27,7,7,15,16,45,52,14,66,111
04/09/2021,HLN,MT,ANM,WE,Combination Non-Radar Approach Control & Tower w/o Radar,6,8,3,0,17,0,1,62,19,82,6,9,65,19,99,108,9,117,216
04/10/2021,HLN,MT,ANM,WE,Combination Non-Radar Approach Control & Tower w/o Radar,5,6,2,0,13,0,0,18,0,18,5,6,20,0,31,30,0,30,61
04/11/2021,HLN,MT,ANM,WE,Combination Non-Radar Approach Control & Tower w/o Radar,5,5,4,2,16,0,0,14,0,14,5,5,18,2,30,38,0,38,68
04/12/2021,HLN,MT,ANM,WE,Combination Non-Radar Approach Control & Tower w/o Radar,6,2,6,0,14,0,4,28,14,46,6,6,34,14,60,54,6,60,120
04/13/2021,HLN,MT,ANM,WE,Combination Non-Radar Approach Control & Tower w/o Radar,5,6,4,0,15,0,1,34,9,44,5,7,38,9,59,30,0,30,89
04/14/2021,HLN,MT,ANM,WE,Combination Non-Radar Approach Control & Tower w/o Radar,6,8,4,0,18,0,0,23,0,23,6,8,27,0,41,72,0,72,113
04/15/2021,HLN,MT,ANM,WE,Combination Non-Radar Approach Control & Tower w/o Radar,5,4,6,0,15,0,0,15,14,29,5,4,21,14,44,48,0,48,92
04/16/2021,HLN,MT,ANM,WE,Combination Non-Radar Approach Control & Tower w/o Radar,7,6,7,1,21,0,2,62,14,78,7,8,69,15,99,110,0,110,209
04/17/2021,HLN,MT,ANM,WE,Combination Non-Radar Approach Control & Tower w/o Radar,8,3,3,0,14,0,2,86,0,88,8,5,89,0,102,90,0,90,192
04/18/2021,HLN,MT,ANM,WE,Combination Non-Radar Approach Control & Tower w/o Radar,7,2,6,0,15,0,0,22,2,24,7,2,28,2,39,24,0,24,63
04/19/2021,HLN,MT,ANM,WE,Combination Non-Radar Approach Control & Tower w/o Radar,6,5,5,0,16,0,0,23,17,40,6,5,28,17,56,14,2,16,72
04/20/2021,HLN,MT,ANM,WE,Combination Non-Radar Approach Control & Tower w/o Radar,6,6,2,0,14,0,10,50,21,81,6,16,52,21,95,84,8,92,187
04/21/2021,HLN,MT,ANM,WE,Combination Non-Radar Approach Control & Tower w/o Radar,4,12,10,1,27,0,8,78,12,98,4,20,88,13,125,128,0,128,253
04/22/2021,HLN,MT,ANM,WE,Combination Non-Radar Approach Control & Tower w/o Radar,5,13,8,0,26,0,1,15,13,29,5,14,23,13,55,24,16,40,95
04/23/2021,HLN,MT,ANM,WE,Combination Non-Radar Approach Control & Tower w/o Radar,5,8,9,0,22,0,0,18,0,18,5,8,27,0,40,42,0,42,82
04/24/2021,HLN,MT,ANM,WE,Combination Non-Radar Approach Control & Tower w/o Radar,6,5,1,0,12,0,0,12,4,16,6,5,13,4,28,30,6,36,64
04/25/2021,HLN,MT,ANM,WE,Combination Non-Radar Approach Control & Tower w/o Radar,5,5,2,0,12,0,0,4,0,4,5,5,6,0,16,0,0,0,16
04/26/2021,HLN,MT,ANM,WE,Combination Non-Radar Approach Control & Tower w/o Radar,7,1,1,0,9,0,0,34,10,44,7,1,35,10,53,78,6,84,137
04/27/2021,HLN,MT,ANM,WE,Combination Non-Radar Approach Control & Tower w/o Radar,5,14,7,0,26,0,6,63,12,81,5,20,70,12,107,110,6,116,223
04/28/2021,HLN,MT,ANM,WE,Combination Non-Radar Approach Control & Tower w/o Radar,5,9,11,0,25,0,2,36,17,55,5,11,47,17,80,42,6,48,128
04/29/2021,HLN,MT,ANM,WE,Combination Non-Radar Approach Control & Tower w/o Radar,5,10,9,0,24,0,1,61,18,80,5,11,70,18,104,64,6,70,174
04/30/2021,HLN,MT,ANM,WE,Combination Non-Radar Approach Control & Tower w/o Radar,6,7,6,0,19,0,3,26,32,61,6,10,32,32,80,102,16,118,198
05/01/2021,HLN,MT,ANM,WE,Combination Non-Radar Approach Control & Tower w/o Radar,6,4,5,0,15,0,0,30,45,75,6,4,35,45,90,48,0,48,138
05/02/2021,HLN,MT,ANM,WE,Combination Non-Radar Approach Control & Tower w/o Radar,5,5,3,0,13,0,0,2,4,6,5,5,5,4,19,2,10,12,31
05/03/2021,HLN,MT,ANM,WE,Combination Non-Radar Approach Control & Tower w/o Radar,5,6,3,2,16,0,1,34,14,49,5,7,37,16,65,111,6,117,182
05/04/2021,HLN,MT,ANM,WE,Combination Non-Radar Approach Control & Tower w/o Radar,6,5,3,1,15,0,0,29,4,33,6,5,32,5,48,36,0,36,84
05/05/2021,HLN,MT,ANM,WE,Combination Non-Radar Approach Control & Tower w/o Radar,7,12,2,0,21,0,4,55,0,59,7,16,57,0,80,94,0,94,174
05/06/2021,HLN,MT,ANM,WE,Combination Non-Radar Approach Control & Tower w/o Radar,7,4,4,0,15,0,0,81,12,93,7,4,85,12,108,98,0,98,206
05/07/2021,HLN,MT,ANM,WE,Combination Non-Radar Approach Control & Tower w/o Radar,9,9,4,0,22,0,1,21,2,24,9,10,25,2,46,18,0,18,64
05/08/2021,HLN,MT,ANM,WE,Combination Non-Radar Approach Control & Tower w/o Radar,6,4,1,0,11,0,1,1,0,2,6,5,2,0,13,0,0,0,13
05/09/2021,HLN,MT,ANM,WE,Combination Non-Radar Approach Control & Tower w/o Radar,7,2,3,0,12,0,0,2,0,2,7,2,5,0,14,0,0,0,14
05/10/2021,HLN,MT,ANM,WE,Combination Non-Radar Approach Control & Tower w/o Radar,8,3,1,0,12,0,0,21,13,34,8,3,22,13,46,12,4,16,62
05/11/2021,HLN,MT,ANM,WE,Combination Non-Radar Approach Control & Tower w/o Radar,8,6,6,0,20,0,2,62,17,81,8,8,68,17,101,146,0,146,247
05/12/2021,HLN,MT,ANM,WE,Combination Non-Radar Approach Control & Tower w/o Radar,9,6,7,0,22,0,4,66,18,88,9,10,73,18,110,78,0,78,188
05/13/2021,HLN,MT,ANM,WE,Combination Non-Radar Approach Control & Tower w/o Radar,9,7,6,0,22,0,5,86,19,110,9,12,92,19,132,68,2,70,202
05/14/2021,HLN,MT,ANM,WE,Combination Non-Radar Approach Control & Tower w/o Radar,9,8,9,2,28,0,1,56,10,67,9,9,65,12,95,58,0,58,153
05/15/2021,HLN,MT,ANM,WE,Combination Non-Radar Approach Control & Tower w/o Radar,6,4,4,0,14,0,0,39,39,78,6,4,43,39,92,66,0,66,158
05/16/2021,HLN,MT,ANM,WE,Combination Non-Radar Approach Control & Tower w/o Radar,8,1,10,0,19,0,1,44,45,90,8,2,54,45,109,22,4,26,135
05/17/2021,HLN,MT,ANM,WE,Combination Non-Radar Approach Control & Tower w/o Radar,9,1,0,0,10,0,5,55,13,73,9,6,55,13,83,88,0,88,171
05/18/2021,HLN,MT,ANM,WE,Combination Non-Radar Approach Control & Tower w/o Radar,9,6,4,0,19,0,2,30,47,79,9,8,34,47,98,36,0,36,134
05/19/2021,HLN,MT,ANM,WE,Combination Non-Radar Approach Control & Tower w/o Radar,9,10,10,1,30,0,1,30,29,60,9,11,40,30,90,44,0,44,134
05/20/2021,HLN,MT,ANM,WE,Combination Non-Radar Approach Control & Tower w/o Radar,7,3,7,1,18,0,0,0,0,0,7,3,7,1,18,0,0,0,18
05/21/2021,HLN,MT,ANM,WE,Combination Non-Radar Approach Control & Tower w/o Radar,7,8,3,0,18,0,0,6,0,6,7,8,9,0,24,0,0,0,24
05/22/2021,HLN,MT,ANM,WE,Combination Non-Radar Approach Control & Tower w/o Radar,10,4,6,0,20,0,2,20,56,78,10,6,26,56,98,0,0,0,98
05/23/2021,HLN,MT,ANM,WE,Combination Non-Radar Approach Control & Tower w/o Radar,7,0,0,0,7,0,0,0,3,3,7,0,0,3,10,0,0,0,10
05/24/2021,HLN,MT,ANM,WE,Combination Non-Radar Approach Control & Tower w/o Radar,6,2,3,0,11,0,1,13,26,40,6,3,16,26,51,16,0,16,67
05/25/2021,HLN,MT,ANM,WE,Combination Non-Radar Approach Control & Tower w/o Radar,7,5,9,0,21,0,12,47,17,76,7,17,56,17,97,50,0,50,147
05/26/2021,HLN,MT,ANM,WE,Combination Non-Radar Approach Control & Tower w/o Radar,9,6,8,0,23,0,1,10,7,18,9,7,18,7,41,30,0,30,71
05/27/2021,HLN,MT,ANM,WE,Combination Non-Radar Approach Control & Tower w/o Radar,7,4,9,0,20,0,15,68,13,96,7,19,77,13,116,84,0,84,200
05/28/2021,HLN,MT,ANM,WE,Combination Non-Radar Approach Control & Tower w/o Radar,7,6,2,0,15,0,1,18,0,19,7,7,20,0,34,46,0,46,80
05/29/2021,HLN,MT,ANM,WE,Combination Non-Radar Approach Control & Tower w/o Radar,5,4,2,0,11,0,1,58,1,60,5,5,60,1,71,128,0,128,199
05/30/2021,HLN,MT,ANM,WE,Combination Non-Radar Approach Control & Tower w/o Radar,4,1,3,0,8,0,2,32,0,34,4,3,35,0,42,62,0,62,104
05/31/2021,HLN,MT,ANM,WE,Combination Non-Radar Approach Control & Tower w/o Radar,7,6,0,0,13,0,0,60,0,60,7,6,60,0,73,38,0,38,111
06/01/2021,HLN,MT,ANM,WE,Combination Non-Radar Approach Control & Tower w/o Radar,7,3,1,0,11,0,0,50,9,59,7,3,51,9,70,94,0,94,164
06/02/2021,HLN,MT,ANM,WE,Combination Non-Radar Approach Control & Tower w/o Radar,7,5,3,0,15,0,3,88,0,91,7,8,91,0,106,148,0,148,254
06/03/2021,HLN,MT,ANM,WE,Combination Non-Radar Approach Control & Tower w/o Radar,7,12,8,0,27,0,0,51,14,65,7,12,59,14,92,58,2,60,152
06/04/2021,HLN,MT,ANM,WE,Combination Non-Radar Approach Control & Tower w/o Radar,8,3,6,0,17,0,2,60,15,77,8,5,66,15,94,112,10,122,216
06/05/2021,HLN,MT,ANM,WE,Combination Non-Radar Approach Control & Tower w/o Radar,7,3,1,0,11,0,0,30,22,52,7,3,31,22,63,38,4,42,105
06/06/2021,HLN,MT,ANM,WE,Combination Non-Radar Approach Control & Tower w/o Radar,0,0,4,0,4,0,1,16,5,22,0,1,20,5,26,0,0,0,26
06/07/2021,HLN,MT,ANM,WE,Combination Non-Radar Approach Control & Tower w/o Radar,0,2,3,0,5,0,3,42,12,57,0,5,45,12,62,34,4,38,100
06/08/2021,HLN,MT,ANM,WE,Combination Non-Radar Approach Control & Tower w/o Radar,0,4,13,0,17,0,0,45,12,57,0,4,58,12,74,116,0,116,190
06/09/2021,HLN,MT,ANM,WE,Combination Non-Radar Approach Control & Tower w/o Radar,0,6,10,0,16,0,0,40,9,49,0,6,50,9,65,62,0,62,127
06/10/2021,HLN,MT,ANM,WE,Combination Non-Radar Approach Control & Tower w/o Radar,0,7,16,0,23,0,0,29,4,33,0,7,45,4,56,42,0,42,98
06/11/2021,HLN,MT,ANM,WE,Combination Non-Radar Approach Control & Tower w/o Radar,0,6,3,0,9,0,0,61,16,77,0,6,64,16,86,116,0,116,202
06/12/2021,HLN,MT,ANM,WE,Combination Non-Radar Approach Control & Tower w/o Radar,0,2,1,0,3,0,0,23,21,44,0,2,24,21,47,2,4,6,53
06/13/2021,HLN,MT,ANM,WE,Combination Non-Radar Approach Control & Tower w/o Radar,0,0,3,0,3,0,0,24,1,25,0,0,27,1,28,0,0,0,28
06/14/2021,HLN,MT,ANM,WE,Combination Non-Radar Approach Control & Tower w/o Radar,8,3,8,0,19,3,9,54,5,71,11,12,62,5,90,70,0,70,160
06/15/2021,HLN,MT,ANM,WE,Combination Non-Radar Approach Control & Tower w/o Radar,10,10,6,1,27,2,13,77,10,102,12,23,83,11,129,128,24,152,281
06/16/2021,HLN,MT,ANM,WE,Combination Non-Radar Approach Control & Tower w/o Radar,11,5,7,1,24,4,15,72,11,102,15,20,79,12,126,86,4,90,216
06/17/2021,HLN,MT,ANM,WE,Combination Non-Radar Approach Control & Tower w/o Radar,9,6,3,0,18,3,14,56,15,88,12,20,59,15,106,130,0,130,236
06/18/2021,HLN,MT,ANM,WE,Combination Non-Radar Approach Control & Tower w/o Radar,12,10,10,0,32,0,24,91,7,122,12,34,101,7,154,114,0,114,268
06/19/2021,HLN,MT,ANM,WE,Combination Non-Radar Approach Control & Tower w/o Radar,10,6,2,0,18,0,4,41,2,47,10,10,43,2,65,8,0,8,73
06/20/2021,HLN,MT,ANM,WE,Combination Non-Radar Approach Control & Tower w/o Radar,7,2,4,0,13,0,0,32,0,32,7,2,36,0,45,8,0,8,53
06/21/2021,HLN,MT,ANM,WE,Combination Non-Radar Approach Control & Tower w/o Radar,9,6,10,2,27,0,0,55,5,60,9,6,65,7,87,88,0,88,175
06/22/2021,HLN,MT,ANM,WE,Combination Non-Radar Approach Control & Tower w/o Radar,9,5,2,0,16,1,0,67,5,73,10,5,69,5,89,132,0,132,221
06/23/2021,HLN,MT,ANM,WE,Combination Non-Radar Approach Control & Tower w/o Radar,11,4,15,0,30,0,1,52,4,57,11,5,67,4,87,104,0,104,191
06/24/2021,HLN,MT,ANM,WE,Combination Non-Radar Approach Control & Tower w/o Radar,10,6,9,4,29,0,0,76,7,83,10,6,85,11,112,102,2,104,216
06/25/2021,HLN,MT,ANM,WE,Combination Non-Radar Approach Control & Tower w/o Radar,10,6,5,0,21,0,2,66,9,77,10,8,71,9,98,142,4,146,244
06/26/2021,HLN,MT,ANM,WE,Combination Non-Radar Approach Control & Tower w/o Radar,12,2,4,0,18,0,1,42,1,44,12,3,46,1,62,60,0,60,122
06/27/2021,HLN,MT,ANM,WE,Combination Non-Radar Approach Control & Tower w/o Radar,8,0,2,0,10,0,3,40,0,43,8,3,42,0,53,100,0,100,153
06/28/2021,HLN,MT,ANM,WE,Combination Non-Radar Approach Control & Tower w/o Radar,10,9,2,0,21,0,0,50,7,57,10,9,52,7,78,128,6,134,212
06/29/2021,HLN,MT,ANM,WE,Combination Non-Radar Approach Control & Tower w/o Radar,9,4,5,0,18,0,0,54,13,67,9,4,59,13,85,62,2,64,149
06/30/2021,HLN,MT,ANM,WE,Combination Non-Radar Approach Control & Tower w/o Radar,10,6,12,3,31,0,1,72,20,93,10,7,84,23,124,98,26,124,248
07/01/2021,HLN,MT,ANM,WE,Combination Non-Radar Approach Control & Tower w/o Radar,11,4,4,1,20,0,12,65,7,84,11,16,69,8,104,56,2,58,162
07/02/2021,HLN,MT,ANM,WE,Combination Non-Radar Approach Control & Tower w/o Radar,10,7,3,0,20,0,4,101,6,111,10,11,104,6,131,64,4,68,199
07/03/2021,HLN,MT,ANM,WE,Combination Non-Radar Approach Control & Tower w/o Radar,12,4,2,0,18,0,3,47,0,50,12,7,49,0,68,20,0,20,88
07/04/2021,HLN,MT,ANM,WE,Combination Non-Radar Approach Control & Tower w/o Radar,10,2,2,0,14,0,0,27,0,27,10,2,29,0,41,0,0,0,41
07/05/2021,HLN,MT,ANM,WE,Combination Non-Radar Approach Control & Tower w/o Radar,10,5,5,0,20,1,1,47,1,50,11,6,52,1,70,56,0,56,126
07/06/2021,HLN,MT,ANM,WE,Combination Non-Radar Approach Control & Tower w/o Radar,10,9,0,0,19,5,2,56,6,69,15,11,56,6,88,30,2,32,120
07/07/2021,HLN,MT,ANM,WE,Combination Non-Radar Approach Control & Tower w/o Radar,11,6,7,0,24,4,4,45,8,61,15,10,52,8,85,36,12,48,133
07/08/2021,HLN,MT,ANM,WE,Combination Non-Radar Approach Control & Tower w/o Radar,10,6,3,0,19,18,12,87,8,125,28,18,90,8,144,46,12,58,202
07/09/2021,HLN,MT,ANM,WE,Combination Non-Radar Approach Control & Tower w/o Radar,10,7,2,1,20,16,4,78,6,104,26,11,80,7,124,94,4,98,222
07/10/2021,HLN,MT,ANM,WE,Combination Non-Radar Approach Control & Tower w/o Radar,11,4,1,0,16,2,2,53,3,60,13,6,54,3,76,54,0,54,130
07/11/2021,HLN,MT,ANM,WE,Combination Non-Radar Approach Control & Tower w/o Radar,12,6,3,0,21,9,2,34,3,48,21,8,37,3,69,42,0,42,111
07/12/2021,HLN,MT,ANM,WE,Combination Non-Radar Approach Control & Tower w/o Radar,10,8,2,0,20,28,12,67,12,119,38,20,69,12,139,82,26,108,247
07/13/2021,HLN,MT,ANM,WE,Combination Non-Radar Approach Control & Tower w/o Radar,10,4,8,2,24,2,2,50,6,60,12,6,58,8,84,56,4,60,144
07/14/2021,HLN,MT,ANM,WE,Combination Non-Radar Approach Control & Tower w/o Radar,10,4,16,3,33,1,7,91,9,108,11,11,107,12,141,52,0,52,193
07/15/2021,HLN,MT,ANM,WE,Combination Non-Radar Approach Control & Tower w/o Radar,10,10,12,0,32,6,16,66,6,94,16,26,78,6,126,84,2,86,212
07/16/2021,HLN,MT,ANM,WE,Combination Non-Radar Approach Control & Tower w/o Radar,13,6,10,1,30,16,13,58,8,95,29,19,68,9,125,42,0,42,167
07/17/2021,HLN,MT,ANM,WE,Combination Non-Radar Approach Control & Tower w/o Radar,10,3,2,0,15,18,14,52,3,87,28,17,54,3,102,22,0,22,124
07/18/2021,HLN,MT,ANM,WE,Combination Non-Radar Approach Control & Tower w/o Radar,10,3,3,0,16,3,16,38,2,59,13,19,41,2,75,58,0,58,133
07/19/2021,HLN,MT,ANM,WE,Combination Non-Radar Approach Control & Tower w/o Radar,13,3,7,0,23,8,6,39,10,63,21,9,46,10,86,82,14,96,182
07/20/2021,HLN,MT,ANM,WE,Combination Non-Radar Approach Control & Tower w/o Radar,11,9,10,1,31,6,4,44,14,68,17,13,54,15,99,46,2,48,147
07/21/2021,HLN,MT,ANM,WE,Combination Non-Radar Approach Control & Tower w/o Radar,10,6,14,0,30,1,8,63,21,93,11,14,77,21,123,110,8,118,241
07/22/2021,HLN,MT,ANM,WE,Combination Non-Radar Approach Control & Tower w/o Radar,12,4,10,2,28,7,15,71,19,112,19,19,81,21,140,52,26,78,218
07/23/2021,HLN,MT,ANM,WE,Combination Non-Radar Approach Control & Tower w/o Radar,10,11,6,1,28,13,31,58,1,103,23,42,64,2,131,60,0,60,191
07/24/2021,HLN,MT,ANM,WE,Combination Non-Radar Approach Control & Tower w/o Radar,11,4,8,0,23,41,32,67,7,147,52,36,75,7,170,100,0,100,270
07/25/2021,HLN,MT,ANM,WE,Combination Non-Radar Approach Control & Tower w/o Radar,10,1,4,0,15,10,15,58,6,89,20,16,62,6,104,40,0,40,144
07/26/2021,HLN,MT,ANM,WE,Combination Non-Radar Approach Control & Tower w/o Radar,11,7,3,0,21,28,18,48,7,101,39,25,51,7,122,26,0,26,148
07/27/2021,HLN,MT,ANM,WE,Combination Non-Radar Approach Control & Tower w/o Radar,10,8,6,1,25,9,4,67,12,92,19,12,73,13,117,126,4,130,247
07/28/2021,HLN,MT,ANM,WE,Combination Non-Radar Approach Control & Tower w/o Radar,10,12,11,0,33,8,11,84,14,117,18,23,95,14,150,94,0,94,244
07/29/2021,HLN,MT,ANM,WE,Combination Non-Radar Approach Control & Tower w/o Radar,13,10,6,0,29,9,13,51,16,89,22,23,57,16,118,106,18,124,242
07/30/2021,HLN,MT,ANM,WE,Combination Non-Radar Approach Control & Tower w/o Radar,11,10,9,0,30,49,13,102,21,185,60,23,111,21,215,104,0,104,319
07/31/2021,HLN,MT,ANM,WE,Combination Non-Radar Approach Control & Tower w/o Radar,12,5,8,0,25,14,7,91,10,122,26,12,99,10,147,50,0,50,197
08/01/2021,HLN,MT,ANM,WE,Combination Non-Radar Approach Control & Tower w/o Radar,10,3,10,0,23,15,8,43,8,74,25,11,53,8,97,30,2,32,129
08/02/2021,HLN,MT,ANM,WE,Combination Non-Radar Approach Control & Tower w/o Radar,10,7,9,0,26,1,1,47,10,59,11,8,56,10,85,48,0,48,133
08/03/2021,HLN,MT,ANM,WE,Combination Non-Radar Approach Control & Tower w/o Radar,12,10,7,2,31,0,7,51,18,76,12,17,58,20,107,62,2,64,171
08/04/2021,HLN,MT,ANM,WE,Combination Non-Radar Approach Control & Tower w/o Radar,11,6,14,0,31,4,5,47,21,77,15,11,61,21,108,38,16,54,162
08/05/2021,HLN,MT,ANM,WE,Combination Non-Radar Approach Control & Tower w/o Radar,11,6,10,0,27,2,2,69,14,87,13,8,79,14,114,52,4,56,170
08/06/2021,HLN,MT,ANM,WE,Combination Non-Radar Approach Control & Tower w/o Radar,11,11,18,1,41,10,21,90,18,139,21,32,108,19,180,84,8,92,272
08/07/2021,HLN,MT,ANM,WE,Combination Non-Radar Approach Control & Tower w/o Radar,11,6,6,0,23,23,8,62,25,118,34,14,68,25,141,48,2,50,191
08/08/2021,HLN,MT,ANM,WE,Combination Non-Radar Approach Control & Tower w/o Radar,11,2,8,2,23,11,4,29,4,48,22,6,37,6,71,0,0,0,71
08/09/2021,HLN,MT,ANM,WE,Combination Non-Radar Approach Control & Tower w/o Radar,9,3,4,0,16,10,5,26,9,50,19,8,30,9,66,100,30,130,196
08/10/2021,HLN,MT,ANM,WE,Combination Non-Radar Approach Control & Tower w/o Radar,10,6,9,0,25,16,8,45,18,87,26,14,54,18,112,94,6,100,212
08/11/2021,HLN,MT,ANM,WE,Combination Non-Radar Approach Control & Tower w/o Radar,11,11,13,0,35,5,12,39,5,61,16,23,52,5,96,24,0,24,120
08/12/2021,HLN,MT,ANM,WE,Combination Non-Radar Approach Control & Tower w/o Radar,10,6,10,2,28,19,10,60,20,109,29,16,70,22,137,84,14,98,235
08/13/2021,HLN,MT,ANM,WE,Combination Non-Radar Approach Control & Tower w/o Radar,10,8,11,0,29,2,8,71,12,93,12,16,82,12,122,94,2,96,218
08/14/2021,HLN,MT,ANM,WE,Combination Non-Radar Approach Control & Tower w/o Radar,11,8,7,0,26,3,9,41,1,54,14,17,48,1,80,22,0,22,102
08/15/2021,HLN,MT,ANM,WE,Combination Non-Radar Approach Control & Tower w/o Radar,8,4,6,0,18,5,0,27,10,42,13,4,33,10,60,18,0,18,78
08/16/2021,HLN,MT,ANM,WE,Combination Non-Radar Approach Control & Tower w/o Radar,9,7,10,0,26,18,3,32,15,68,27,10,42,15,94,22,22,44,138
08/17/2021,HLN,MT,ANM,WE,Combination Non-Radar Approach Control & Tower w/o Radar,12,7,4,0,23,6,5,41,12,64,18,12,45,12,87,66,0,66,153
08/18/2021,HLN,MT,ANM,WE,Combination Non-Radar Approach Control & Tower w/o Radar,13,5,13,2,33,0,0,6,8,14,13,5,19,10,47,56,0,56,103
08/19/2021,HLN,MT,ANM,WE,Combination Non-Radar Approach Control & Tower w/o Radar,11,7,7,3,28,1,1,40,36,78,12,8,47,39,106,56,10,66,172
08/20/2021,HLN,MT,ANM,WE,Combination Non-Radar Approach Control & Tower w/o Radar,11,8,5,0,24,0,6,23,4,33,11,14,28,4,57,46,12,58,115
08/21/2021,HLN,MT,ANM,WE,Combination Non-Radar Approach Control & Tower w/o Radar,10,4,3,0,17,0,2,10,1,13,10,6,13,1,30,10,0,10,40
08/22/2021,HLN,MT,ANM,WE,Combination Non-Radar Approach Control & Tower w/o Radar,9,3,5,0,17,0,2,25,3,30,9,5,30,3,47,28,0,28,75
08/23/2021,HLN,MT,ANM,WE,Combination Non-Radar Approach Control & Tower w/o Radar,9,4,2,0,15,1,0,39,9,49,10,4,41,9,64,26,0,26,90
08/24/2021,HLN,MT,ANM,WE,Combination Non-Radar Approach Control & Tower w/o Radar,11,6,5,1,23,0,0,70,39,109,11,6,75,40,132,68,10,78,210
08/25/2021,HLN,MT,ANM,WE,Combination Non-Radar Approach Control & Tower w/o Radar,10,5,10,0,25,0,2,67,13,82,10,7,77,13,107,58,12,70,177
08/26/2021,HLN,MT,ANM,WE,Combination Non-Radar Approach Control & Tower w/o Radar,9,8,9,0,26,0,2,41,11,54,9,10,50,11,80,88,0,88,168
08/27/2021,HLN,MT,ANM,WE,Combination Non-Radar Approach Control & Tower w/o Radar,10,4,5,0,19,0,2,37,16,55,10,6,42,16,74,46,2,48,122
08/28/2021,HLN,MT,ANM,WE,Combination Non-Radar Approach Control & Tower w/o Radar,11,4,9,0,24,0,0,53,4,57,11,4,62,4,81,52,0,52,133
08/29/2021,HLN,MT,ANM,WE,Combination Non-Radar Approach Control & Tower w/o Radar,11,1,5,0,17,0,0,72,0,72,11,1,77,0,89,58,0,58,147
08/30/2021,HLN,MT,ANM,WE,Combination Non-Radar Approach Control & Tower w/o Radar,9,6,7,0,22,0,0,48,18,66,9,6,55,18,88,126,44,170,258
08/31/2021,HLN,MT,ANM,WE,Combination Non-Radar Approach Control & Tower w/o Radar,10,8,4,0,22,0,4,69,5,78,10,12,73,5,100,76,0,76,176
09/01/2021,HLN,MT,ANM,WE,Combination Non-Radar Approach Control & Tower w/o Radar,12,6,5,0,23,0,1,74,20,95,12,7,79,20,118,70,8,78,196
09/02/2021,HLN,MT,ANM,WE,Combination Non-Radar Approach Control & Tower w/o Radar,7,3,8,0,18,0,1,23,7,31,7,4,31,7,49,52,0,52,101
09/03/2021,HLN,MT,ANM,WE,Combination Non-Radar Approach Control & Tower w/o Radar,10,7,7,0,24,0,2,57,3,62,10,9,64,3,86,182,0,182,268
09/04/2021,HLN,MT,ANM,WE,Combination Non-Radar Approach Control & Tower w/o Radar,10,5,4,0,19,0,1,48,2,51,10,6,52,2,70,82,0,82,152
09/05/2021,HLN,MT,ANM,WE,Combination Non-Radar Approach Control & Tower w/o Radar,11,5,2,0,18,0,0,44,0,44,11,5,46,0,62,54,0,54,116
09/06/2021,HLN,MT,ANM,WE,Combination Non-Radar Approach Control & Tower w/o Radar,9,2,0,0,11,0,3,26,0,29,9,5,26,0,40,34,0,34,74
09/07/2021,HLN,MT,ANM,WE,Combination Non-Radar Approach Control & Tower w/o Radar,10,14,4,0,28,0,0,47,14,61,10,14,51,14,89,110,26,136,225
09/08/2021,HLN,MT,ANM,WE,Combination Non-Radar Approach Control & Tower w/o Radar,10,6,10,3,29,0,0,48,17,65,10,6,58,20,94,20,16,36,130
09/09/2021,HLN,MT,ANM,WE,Combination Non-Radar Approach Control & Tower w/o Radar,10,4,6,6,26,0,1,39,20,60,10,5,45,26,86,40,42,82,168
09/10/2021,HLN,MT,ANM,WE,Combination Non-Radar Approach Control & Tower w/o Radar,10,6,13,0,29,0,1,42,10,53,10,7,55,10,82,142,16,158,240
09/11/2021,HLN,MT,ANM,WE,Combination Non-Radar Approach Control & Tower w/o Radar,11,3,0,3,17,0,3,17,25,45,11,6,17,28,62,10,2,12,74
09/12/2021,HLN,MT,ANM,WE,Combination Non-Radar Approach Control & Tower w/o Radar,8,6,4,0,18,0,2,45,3,50,8,8,49,3,68,38,0,38,106
09/13/2021,HLN,MT,ANM,WE,Combination Non-Radar Approach Control & Tower w/o Radar,7,3,5,3,18,0,0,34,6,40,7,3,39,9,58,28,6,34,92
09/14/2021,HLN,MT,ANM,WE,Combination Non-Radar Approach Control & Tower w/o Radar,7,8,10,0,25,2,6,63,8,79,9,14,73,8,104,38,10,48,152
09/15/2021,HLN,MT,ANM,WE,Combination Non-Radar Approach Control & Tower w/o Radar,10,9,7,2,28,0,2,47,3,52,10,11,54,5,80,70,0,70,150
09/16/2021,HLN,MT,ANM,WE,Combination Non-Radar Approach Control & Tower w/o Radar,8,8,3,2,21,0,7,38,4,49,8,15,41,6,70,30,6,36,106
09/17/2021,HLN,MT,ANM,WE,Combination Non-Radar Approach Control & Tower w/o Radar,9,3,7,2,21,0,2,53,8,63,9,5,60,10,84,58,16,74,158
09/18/2021,HLN,MT,ANM,WE,Combination Non-Radar Approach Control & Tower w/o Radar,8,10,0,0,18,35,2,23,0,60,43,12,23,0,78,0,0,0,78
09/19/2021,HLN,MT,ANM,WE,Combination Non-Radar Approach Control & Tower w/o Radar,9,3,1,0,13,0,0,11,2,13,9,3,12,2,26,0,0,0,26
09/20/2021,HLN,MT,ANM,WE,Combination Non-Radar Approach Control & Tower w/o Radar,6,7,3,0,16,0,2,17,13,32,6,9,20,13,48,26,12,38,86
09/21/2021,HLN,MT,ANM,WE,Combination Non-Radar Approach Control & Tower w/o Radar,7,10,7,0,24,0,3,56,10,69,7,13,63,10,93,64,36,100,193
09/22/2021,HLN,MT,ANM,WE,Combination Non-Radar Approach Control & Tower w/o Radar,8,6,7,0,21,0,2,44,14,60,8,8,51,14,81,80,20,100,181
09/23/2021,HLN,MT,ANM,WE,Combination Non-Radar Approach Control & Tower w/o Radar,5,10,10,0,25,0,0,34,17,51,5,10,44,17,76,22,0,22,98
09/24/2021,HLN,MT,ANM,WE,Combination Non-Radar Approach Control & Tower w/o Radar,8,6,6,0,20,0,3,67,16,86,8,9,73,16,106,56,14,70,176
09/25/2021,HLN,MT,ANM,WE,Combination Non-Radar Approach Control & Tower w/o Radar,9,6,3,1,19,0,4,43,4,51,9,10,46,5,70,74,0,74,144
09/26/2021,HLN,MT,ANM,WE,Combination Non-Radar Approach Control & Tower w/o Radar,8,5,7,1,21,0,4,42,0,46,8,9,49,1,67,46,0,46,113
09/27/2021,HLN,MT,ANM,WE,Combination Non-Radar Approach Control & Tower w/o Radar,8,4,2,0,14,0,5,42,14,61,8,9,44,14,75,72,4,76,151
09/28/2021,HLN,MT,ANM,WE,Combination Non-Radar Approach Control & Tower w/o Radar,9,9,2,1,21,0,1,25,10,36,9,10,27,11,57,24,0,24,81
09/29/2021,HLN,MT,ANM,WE,Combination Non-Radar Approach Control & Tower w/o Radar,11,6,8,2,27,1,6,51,11,69,12,12,59,13,96,26,2,28,124
09/30/2021,HLN,MT,ANM,WE,Combination Non-Radar Approach Control & Tower w/o Radar,9,5,7,0,21,3,3,62,12,80,12,8,69,12,101,44,2,46,147
10/01/2021,HLN,MT,ANM,WE,Combination Non-Radar Approach Control & Tower w/o Radar,7,8,2,0,17,0,4,65,11,80,7,12,67,11,97,62,4,66,163
10/02/2021,HLN,MT,ANM,WE,Combination Non-Radar Approach Control & Tower w/o Radar,9,6,5,0,20,0,0,51,5,56,9,6,56,5,76,72,0,72,148
10/03/2021,HLN,MT,ANM,WE,Combination Non-Radar Approach Control & Tower w/o Radar,8,2,1,0,11,0,3,29,5,37,8,5,30,5,48,22,0,22,70
10/04/2021,HLN,MT,ANM,WE,Combination Non-Radar Approach Control & Tower w/o Radar,7,6,8,0,21,5,6,62,12,85,12,12,70,12,106,69,4,73,179
10/05/2021,HLN,MT,ANM,WE,Combination Non-Radar Approach Control & Tower w/o Radar,8,5,10,0,23,14,14,50,11,89,22,19,60,11,112,62,12,74,186
10/06/2021,HLN,MT,ANM,WE,Combination Non-Radar Approach Control & Tower w/o Radar,9,11,10,0,30,1,6,47,16,70,10,17,57,16,100,64,0,64,164
10/07/2021,HLN,MT,ANM,WE,Combination Non-Radar Approach Control & Tower w/o Radar,8,5,12,1,26,1,0,28,22,51,9,5,40,23,77,60,4,64,141
10/08/2021,HLN,MT,ANM,WE,Combination Non-Radar Approach Control & Tower w/o Radar,11,5,6,1,23,2,2,45,15,64,13,7,51,16,87,82,8,90,177
10/09/2021,HLN,MT,ANM,WE,Combination Non-Radar Approach Control & Tower w/o Radar,8,5,0,0,13,0,6,13,1,20,8,11,13,1,33,14,0,14,47
10/10/2021,HLN,MT,ANM,WE,Combination Non-Radar Approach Control & Tower w/o Radar,10,4,8,0,22,0,2,13,0,15,10,6,21,0,37,8,0,8,45
10/11/2021,HLN,MT,ANM,WE,Combination Non-Radar Approach Control & Tower w/o Radar,9,3,9,0,21,0,0,3,0,3,9,3,12,0,24,0,0,0,24
10/12/2021,HLN,MT,ANM,WE,Combination Non-Radar Approach Control & Tower w/o Radar,5,8,10,0,23,0,0,22,7,29,5,8,32,7,52,50,18,68,120
10/13/2021,HLN,MT,ANM,WE,Combination Non-Radar Approach Control & Tower w/o Radar,7,12,7,0,26,0,2,28,28,58,7,14,35,28,84,32,38,70,154
10/14/2021,HLN,MT,ANM,WE,Combination Non-Radar Approach Control & Tower w/o Radar,8,3,7,0,18,0,1,20,29,50,8,4,27,29,68,20,0,20,88
10/15/2021,HLN,MT,ANM,WE,Combination Non-Radar Approach Control & Tower w/o Radar,8,9,2,0,19,0,5,31,37,73,8,14,33,37,92,40,6,46,138
10/16/2021,HLN,MT,ANM,WE,Combination Non-Radar Approach Control & Tower w/o Radar,7,7,4,0,18,0,9,31,23,63,7,16,35,23,81,66,0,66,147
10/17/2021,HLN,MT,ANM,WE,Combination Non-Radar Approach Control & Tower w/o Radar,7,4,3,0,14,0,0,30,24,54,7,4,33,24,68,16,0,16,84
10/18/2021,HLN,MT,ANM,WE,Combination Non-Radar Approach Control & Tower w/o Radar,7,6,4,0,17,0,2,51,9,62,7,8,55,9,79,20,12,32,111
10/19/2021,HLN,MT,ANM,WE,Combination Non-Radar Approach Control & Tower w/o Radar,6,9,6,0,21,0,0,61,15,76,6,9,67,15,97,66,12,78,175
10/20/2021,HLN,MT,ANM,WE,Combination Non-Radar Approach Control & Tower w/o Radar,8,6,12,0,26,0,4,52,11,67,8,10,64,11,93,92,12,104,197
10/21/2021,HLN,MT,ANM,WE,Combination Non-Radar Approach Control & Tower w/o Radar,6,4,9,2,21,0,2,57,21,80,6,6,66,23,101,44,24,68,169
10/22/2021,HLN,MT,ANM,WE,Combination Non-Radar Approach Control & Tower w/o Radar,6,5,10,0,21,0,2,46,5,53,6,7,56,5,74,94,0,94,168
10/23/2021,HLN,MT,ANM,WE,Combination Non-Radar Approach Control & Tower w/o Radar,8,5,8,0,21,0,1,13,2,16,8,6,21,2,37,0,0,0,37
10/24/2021,HLN,MT,ANM,WE,Combination Non-Radar Approach Control & Tower w/o Radar,9,1,3,0,13,0,3,33,0,36,9,4,36,0,49,60,0,60,109
10/25/2021,HLN,MT,ANM,WE,Combination Non-Radar Approach Control & Tower w/o Radar,6,5,5,0,16,0,0,15,8,23,6,5,20,8,39,16,4,20,59
10/26/2021,HLN,MT,ANM,WE,Combination Non-Radar Approach Control & Tower w/o Radar,6,10,5,0,21,0,4,20,18,42,6,14,25,18,63,52,12,64,127
10/27/2021,HLN,MT,ANM,WE,Combination Non-Radar Approach Control & Tower w/o Radar,9,6,7,2,24,0,3,11,17,31,9,9,18,19,55,6,8,14,69
10/28/2021,HLN,MT,ANM,WE,Combination Non-Radar Approach Control & Tower w/o Radar,9,8,7,0,24,0,6,34,28,68,9,14,41,28,92,50,24,74,166
10/29/2021,HLN,MT,ANM,WE,Combination Non-Radar Approach Control & Tower w/o Radar,10,3,2,1,16,0,0,20,25,45,10,3,22,26,61,4,6,10,71
10/30/2021,HLN,MT,ANM,WE,Combination Non-Radar Approach Control & Tower w/o Radar,7,7,5,0,19,0,1,25,1,27,7,8,30,1,46,72,0,72,118
10/31/2021,HLN,MT,ANM,WE,Combination Non-Radar Approach Control & Tower w/o Radar,8,4,4,1,17,0,1,35,1,37,8,5,39,2,54,30,0,30,84
11/01/2021,HLN,MT,ANM,WE,Combination Non-Radar Approach Control & Tower w/o Radar,7,3,6,0,16,0,1,35,10,46,7,4,41,10,62,74,0,74,136
11/02/2021,HLN,MT,ANM,WE,Combination Non-Radar Approach Control & Tower w/o Radar,7,13,13,0,33,0,0,42,17,59,7,13,55,17,92,94,4,98,190
11/03/2021,HLN,MT,ANM,WE,Combination Non-Radar Approach Control & Tower w/o Radar,5,7,7,0,19,0,7,52,2,61,5,14,59,2,80,66,4,70,150
11/04/2021,HLN,MT,ANM,WE,Combination Non-Radar Approach Control & Tower w/o Radar,9,7,2,0,18,0,2,24,8,34,9,9,26,8,52,54,0,54,106
11/05/2021,HLN,MT,ANM,WE,Combination Non-Radar Approach Control & Tower w/o Radar,10,6,5,3,24,0,7,43,15,65,10,13,48,18,89,96,10,106,195
11/06/2021,HLN,MT,ANM,WE,Combination Non-Radar Approach Control & Tower w/o Radar,9,5,6,2,22,0,10,38,0,48,9,15,44,2,70,36,0,36,106
11/07/2021,HLN,MT,ANM,WE,Combination Non-Radar Approach Control & Tower w/o Radar,7,3,3,2,15,0,6,46,1,53,7,9,49,3,68,68,0,68,136
11/08/2021,HLN,MT,ANM,WE,Combination Non-Radar Approach Control & Tower w/o Radar,7,6,3,0,16,0,8,31,34,73,7,14,34,34,89,86,26,112,201
11/09/2021,HLN,MT,ANM,WE,Combination Non-Radar Approach Control & Tower w/o Radar,6,7,10,0,23,0,2,26,23,51,6,9,36,23,74,40,28,68,142
11/10/2021,HLN,MT,ANM,WE,Combination Non-Radar Approach Control & Tower w/o Radar,4,10,8,4,26,0,1,26,9,36,4,11,34,13,62,32,10,42,104
11/11/2021,HLN,MT,ANM,WE,Combination Non-Radar Approach Control & Tower w/o Radar,8,7,5,0,20,0,0,26,0,26,8,7,31,0,46,94,0,94,140
11/12/2021,HLN,MT,ANM,WE,Combination Non-Radar Approach Control & Tower w/o Radar,8,7,6,1,22,0,1,19,1,21,8,8,25,2,43,72,0,72,115
11/13/2021,HLN,MT,ANM,WE,Combination Non-Radar Approach Control & Tower w/o Radar,9,4,1,2,16,0,2,8,0,10,9,6,9,2,26,12,0,12,38
11/14/2021,HLN,MT,ANM,WE,Combination Non-Radar Approach Control & Tower w/o Radar,6,5,2,1,14,0,4,11,0,15,6,9,13,1,29,14,0,14,43
11/15/2021,HLN,MT,ANM,WE,Combination Non-Radar Approach Control & Tower w/o Radar,4,7,7,0,18,0,0,19,4,23,4,7,26,4,41,10,0,10,51
11/16/2021,HLN,MT,ANM,WE,Combination Non-Radar Approach Control & Tower w/o Radar,7,6,1,0,14,0,0,3,0,3,7,6,4,0,17,0,0,0,17
11/17/2021,HLN,MT,ANM,WE,Combination Non-Radar Approach Control & Tower w/o Radar,6,12,8,3,29,0,20,48,17,85,6,32,56,20,114,76,20,96,210
11/18/2021,HLN,MT,ANM,WE,Combination Non-Radar Approach Control & Tower w/o Radar,7,6,9,3,25,0,3,33,33,69,7,9,42,36,94,54,46,100,194
11/19/2021,HLN,MT,ANM,WE,Combination Non-Radar Approach Control & Tower w/o Radar,8,6,9,2,25,0,1,20,17,38,8,7,29,19,63,68,32,100,163
11/20/2021,HLN,MT,ANM,WE,Combination Non-Radar Approach Control & Tower w/o Radar,9,6,1,0,16,0,3,19,0,22,9,9,20,0,38,16,0,16,54
11/21/2021,HLN,MT,ANM,WE,Combination Non-Radar Approach Control & Tower w/o Radar,9,4,1,0,14,0,1,17,0,18,9,5,18,0,32,52,0,52,84
11/22/2021,HLN,MT,ANM,WE,Combination Non-Radar Approach Control & Tower w/o Radar,7,3,0,1,11,0,5,31,11,47,7,8,31,12,58,46,24,70,128
11/23/2021,HLN,MT,ANM,WE,Combination Non-Radar Approach Control & Tower w/o Radar,7,7,3,0,17,0,2,16,19,37,7,9,19,19,54,106,18,124,178
11/24/2021,HLN,MT,ANM,WE,Combination Non-Radar Approach Control & Tower w/o Radar,6,6,5,1,18,0,4,24,10,38,6,10,29,11,56,20,0,20,76
11/25/2021,HLN,MT,ANM,WE,Combination Non-Radar Approach Control & Tower w/o Radar,2,2,0,0,4,0,0,7,0,7,2,2,7,0,11,34,0,34,45
11/26/2021,HLN,MT,ANM,WE,Combination Non-Radar Approach Control & Tower w/o Radar,8,2,0,0,10,0,0,20,0,20,8,2,20,0,30,30,0,30,60
11/27/2021,HLN,MT,ANM,WE,Combination Non-Radar Approach Control & Tower w/o Radar,9,7,2,0,18,0,3,30,0,33,9,10,32,0,51,10,0,10,61
11/28/2021,HLN,MT,ANM,WE,Combination Non-Radar Approach Control & Tower w/o Radar,6,4,6,0,16,0,1,9,0,10,6,5,15,0,26,10,0,10,36
11/29/2021,HLN,MT,ANM,WE,Combination Non-Radar Approach Control & Tower w/o Radar,6,6,9,2,23,0,0,11,10,21,6,6,20,12,44,0,0,0,44
11/30/2021,HLN,MT,ANM,WE,Combination Non-Radar Approach Control & Tower w/o Radar,6,9,9,0,24,0,5,27,5,37,6,14,36,5,61,34,30,64,125
12/01/2021,HLN,MT,ANM,WE,Combination Non-Radar Approach Control & Tower w/o Radar,7,7,10,1,25,0,2,2,0,4,7,9,12,1,29,0,0,0,29
12/02/2021,HLN,MT,ANM,WE,Combination Non-Radar Approach Control & Tower w/o Radar,7,6,10,0,23,0,2,6,5,13,7,8,16,5,36,0,8,8,44
12/03/2021,HLN,MT,ANM,WE,Combination Non-Radar Approach Control & Tower w/o Radar,7,5,5,10,27,0,8,56,20,84,7,13,61,30,111,174,10,184,295
12/04/2021,HLN,MT,ANM,WE,Combination Non-Radar Approach Control & Tower w/o Radar,6,5,2,0,13,0,0,15,4,19,6,5,17,4,32,50,0,50,82
12/05/2021,HLN,MT,ANM,WE,Combination Non-Radar Approach Control & Tower w/o Radar,7,3,1,2,13,0,0,24,0,24,7,3,25,2,37,106,0,106,143
12/06/2021,HLN,MT,ANM,WE,Combination Non-Radar Approach Control & Tower w/o Radar,4,5,6,0,15,0,4,6,9,19,4,9,12,9,34,0,2,2,36
12/07/2021,HLN,MT,ANM,WE,Combination Non-Radar Approach Control & Tower w/o Radar,6,10,8,1,25,0,0,22,21,43,6,10,30,22,68,24,24,48,116
12/08/2021,HLN,MT,ANM,WE,Combination Non-Radar Approach Control & Tower w/o Radar,8,9,10,0,27,0,0,17,0,17,8,9,27,0,44,46,0,46,90
12/09/2021,HLN,MT,ANM,WE,Combination Non-Radar Approach Control & Tower w/o Radar,8,6,4,1,19,0,5,34,15,54,8,11,38,16,73,52,28,80,153
12/10/2021,HLN,MT,ANM,WE,Combination Non-Radar Approach Control & Tower w/o Radar,7,11,12,2,32,0,2,22,11,35,7,13,34,13,67,20,24,44,111
12/11/2021,HLN,MT,ANM,WE,Combination Non-Radar Approach Control & Tower w/o Radar,10,3,1,0,14,0,2,5,0,7,10,5,6,0,21,0,0,0,21
12/12/2021,HLN,MT,ANM,WE,Combination Non-Radar Approach Control & Tower w/o Radar,8,8,3,1,20,0,0,3,0,3,8,8,6,1,23,6,0,6,29
12/13/2021,HLN,MT,ANM,WE,Combination Non-Radar Approach Control & Tower w/o Radar,4,4,6,3,17,0,0,6,12,18,4,4,12,15,35,13,14,27,62
12/14/2021,HLN,MT,ANM,WE,Combination Non-Radar Approach Control & Tower w/o Radar,6,10,6,2,24,0,0,13,11,24,6,10,19,13,48,14,10,24,72
12/15/2021,HLN,MT,ANM,WE,Combination Non-Radar Approach Control & Tower w/o Radar,8,8,20,5,41,0,2,26,7,35,8,10,46,12,76,52,24,76,152
12/16/2021,HLN,MT,ANM,WE,Combination Non-Radar Approach Control & Tower w/o Radar,7,6,11,1,25,0,0,30,12,42,7,6,41,13,67,40,14,54,121
12/17/2021,HLN,MT,ANM,WE,Combination Non-Radar Approach Control & Tower w/o Radar,9,13,6,3,31,0,4,31,12,47,9,17,37,15,78,24,4,28,106
12/18/2021,HLN,MT,ANM,WE,Combination Non-Radar Approach Control & Tower w/o Radar,9,5,2,2,18,0,0,13,0,13,9,5,15,2,31,64,0,64,95
12/19/2021,HLN,MT,ANM,WE,Combination Non-Radar Approach Control & Tower w/o Radar,5,1,2,0,8,0,0,2,0,2,5,1,4,0,10,10,0,10,20
12/20/2021,HLN,MT,ANM,WE,Combination Non-Radar Approach Control & Tower w/o Radar,6,6,8,0,20,0,3,7,5,15,6,9,15,5,35,16,0,16,51
12/21/2021,HLN,MT,ANM,WE,Combination Non-Radar Approach Control & Tower w/o Radar,7,11,12,0,30,0,2,15,13,30,7,13,27,13,60,52,22,74,134
12/22/2021,HLN,MT,ANM,WE,Combination Non-Radar Approach Control & Tower w/o Radar,7,14,9,4,34,0,2,31,16,49,7,16,40,20,83,104,4,108,191
12/23/2021,HLN,MT,ANM,WE,Combination Non-Radar Approach Control & Tower w/o Radar,8,8,4,0,20,0,0,4,0,4,8,8,8,0,24,20,0,20,44
12/24/2021,HLN,MT,ANM,WE,Combination Non-Radar Approach Control & Tower w/o Radar,6,11,2,0,19,0,1,12,0,13,6,12,14,0,32,56,0,56,88
12/25/2021,HLN,MT,ANM,WE,Combination Non-Radar Approach Control & Tower w/o Radar,8,1,2,0,11,0,0,5,0,5,8,1,7,0,16,8,0,8,24
12/26/2021,HLN,MT,ANM,WE,Combination Non-Radar Approach Control & Tower w/o Radar,5,5,0,0,10,0,0,0,0,0,5,5,0,0,10,0,0,0,10
12/27/2021,HLN,MT,ANM,WE,Combination Non-Radar Approach Control & Tower w/o Radar,6,6,6,0,18,0,1,3,13,17,6,7,9,13,35,2,26,28,63
12/28/2021,HLN,MT,ANM,WE,Combination Non-Radar Approach Control & Tower w/o Radar,7,5,4,1,17,0,1,8,13,22,7,6,12,14,39,34,2,36,75
12/29/2021,HLN,MT,ANM,WE,Combination Non-Radar Approach Control & Tower w/o Radar,5,16,1,0,22,0,1,14,2,17,5,17,15,2,39,0,0,0,39
12/30/2021,HLN,MT,ANM,WE,Combination Non-Radar Approach Control & Tower w/o Radar,7,8,5,1,21,0,0,10,0,10,7,8,15,1,31,30,0,30,61
12/31/2021,HLN,MT,ANM,WE,Combination Non-Radar Approach Control & Tower w/o Radar,7,4,3,1,15,0,1,1,0,2,7,5,4,1,17,0,0,0,17
01/01/2022,HLN,MT,ANM,WE,Combination Non-Radar Approach Control & Tower w/o Radar,5,4,2,0,11,0,0,11,0,11,5,4,13,0,22,2,0,2,24
01/02/2022,HLN,MT,ANM,WE,Combination Non-Radar Approach Control & Tower w/o Radar,8,2,2,0,12,0,0,20,1,21,8,2,22,1,33,34,0,34,67
01/03/2022,HLN,MT,ANM,WE,Combination Non-Radar Approach Control & Tower w/o Radar,7,0,6,0,13,0,0,19,5,24,7,0,25,5,37,16,2,18,55
01/04/2022,HLN,MT,ANM,WE,Combination Non-Radar Approach Control & Tower w/o Radar,7,8,12,0,27,0,0,8,12,20,7,8,20,12,47,44,30,74,121
01/05/2022,HLN,MT,ANM,WE,Combination Non-Radar Approach Control & Tower w/o Radar,8,7,12,0,27,0,0,0,0,0,8,7,12,0,27,0,0,0,27
01/06/2022,HLN,MT,ANM,WE,Combination Non-Radar Approach Control & Tower w/o Radar,9,7,7,0,23,0,0,0,3,3,9,7,7,3,26,0,10,10,36
01/07/2022,HLN,MT,ANM,WE,Combination Non-Radar Approach Control & Tower w/o Radar,9,13,5,0,27,0,3,28,9,40,9,16,33,9,67,11,5,16,83
01/08/2022,HLN,MT,ANM,WE,Combination Non-Radar Approach Control & Tower w/o Radar,8,5,2,0,15,0,2,18,8,28,8,7,20,8,43,42,0,42,85
01/09/2022,HLN,MT,ANM,WE,Combination Non-Radar Approach Control & Tower w/o Radar,8,1,3,0,12,0,0,17,6,23,8,1,20,6,35,18,4,22,57
01/10/2022,HLN,MT,ANM,WE,Combination Non-Radar Approach Control & Tower w/o Radar,7,5,6,0,18,0,0,23,9,32,7,5,29,9,50,70,12,82,132
01/11/2022,HLN,MT,ANM,WE,Combination Non-Radar Approach Control & Tower w/o Radar,7,8,16,1,32,0,2,22,7,31,7,10,38,8,63,18,0,18,81
01/12/2022,HLN,MT,ANM,WE,Combination Non-Radar Approach Control & Tower w/o Radar,7,8,15,0,30,0,2,16,10,28,7,10,31,10,58,20,4,24,82
01/13/2022,HLN,MT,ANM,WE,Combination Non-Radar Approach Control & Tower w/o Radar,12,5,7,0,24,0,2,39,7,48,12,7,46,7,72,44,2,46,118
01/14/2022,HLN,MT,ANM,WE,Combination Non-Radar Approach Control & Tower w/o Radar,8,4,4,1,17,0,0,38,8,46,8,4,42,9,63,78,18,96,159
01/15/2022,HLN,MT,ANM,WE,Combination Non-Radar Approach Control & Tower w/o Radar,11,8,1,0,20,0,2,41,0,43,11,10,42,0,63,74,0,74,137
01/16/2022,HLN,MT,ANM,WE,Combination Non-Radar Approach Control & Tower w/o Radar,6,3,1,0,10,0,0,36,0,36,6,3,37,0,46,28,0,28,74
01/17/2022,HLN,MT,ANM,WE,Combination Non-Radar Approach Control & Tower w/o Radar,7,3,4,2,16,0,0,15,0,15,7,3,19,2,31,62,2,64,95
01/18/2022,HLN,MT,ANM,WE,Combination Non-Radar Approach Control & Tower w/o Radar,8,6,1,0,15,0,0,0,9,9,8,6,1,9,24,0,8,8,32
01/19/2022,HLN,MT,ANM,WE,Combination Non-Radar Approach Control & Tower w/o Radar,8,6,6,0,20,0,3,21,20,44,8,9,27,20,64,38,34,72,136
01/20/2022,HLN,MT,ANM,WE,Combination Non-Radar Approach Control & Tower w/o Radar,7,7,7,2,23,0,1,19,14,34,7,8,26,16,57,56,24,80,137
01/21/2022,HLN,MT,ANM,WE,Combination Non-Radar Approach Control & Tower w/o Radar,8,4,5,1,18,0,1,23,13,37,8,5,28,14,55,64,0,64,119
01/22/2022,HLN,MT,ANM,WE,Combination Non-Radar Approach Control & Tower w/o Radar,8,7,4,0,19,0,4,20,11,35,8,11,24,11,54,48,2,50,104
01/23/2022,HLN,MT,ANM,WE,Combination Non-Radar Approach Control & Tower w/o Radar,10,3,1,0,14,0,0,36,1,37,10,3,37,1,51,22,0,22,73
01/24/2022,HLN,MT,ANM,WE,Combination Non-Radar Approach Control & Tower w/o Radar,6,6,12,1,25,0,0,11,2,13,6,6,23,3,38,28,18,46,84
01/25/2022,HLN,MT,ANM,WE,Combination Non-Radar Approach Control & Tower w/o Radar,7,7,7,1,22,0,8,33,15,56,7,15,40,16,78,18,2,20,98
01/26/2022,HLN,MT,ANM,WE,Combination Non-Radar Approach Control & Tower w/o Radar,7,11,6,1,25,0,8,37,15,60,7,19,43,16,85,66,0,66,151
01/27/2022,HLN,MT,ANM,WE,Combination Non-Radar Approach Control & Tower w/o Radar,6,9,1,0,16,0,2,39,19,60,6,11,40,19,76,77,2,79,155
01/28/2022,HLN,MT,ANM,WE,Combination Non-Radar Approach Control & Tower w/o Radar,8,14,4,0,26,0,3,32,26,61,8,17,36,26,87,58,0,58,145
01/29/2022,HLN,MT,ANM,WE,Combination Non-Radar Approach Control & Tower w/o Radar,11,3,2,0,16,0,0,33,0,33,11,3,35,0,49,118,0,118,167
01/30/2022,HLN,MT,ANM,WE,Combination Non-Radar Approach Control & Tower w/o Radar,6,2,4,0,12,0,3,10,4,17,6,5,14,4,29,10,0,10,39
01/31/2022,HLN,MT,ANM,WE,Combination Non-Radar Approach Control & Tower w/o Radar,7,4,6,1,18,0,0,3,4,7,7,4,9,5,25,0,8,8,33
02/01/2022,HLN,MT,ANM,WE,Combination Non-Radar Approach Control & Tower w/o Radar,6,7,4,0,17,0,1,3,6,10,6,8,7,6,27,38,6,44,71
02/02/2022,HLN,MT,ANM,WE,Combination Non-Radar Approach Control & Tower w/o Radar,6,14,3,1,24,0,5,20,25,50,6,19,23,26,74,0,6,6,80
02/03/2022,HLN,MT,ANM,WE,Combination Non-Radar Approach Control & Tower w/o Radar,8,8,7,3,26,0,1,25,12,38,8,9,32,15,64,2,34,36,100
02/04/2022,HLN,MT,ANM,WE,Combination Non-Radar Approach Control & Tower w/o Radar,9,4,7,2,22,0,2,24,9,35,9,6,31,11,57,96,12,108,165
02/05/2022,HLN,MT,ANM,WE,Combination Non-Radar Approach Control & Tower w/o Radar,9,5,0,0,14,0,4,1,0,5,9,9,1,0,19,10,0,10,29
02/06/2022,HLN,MT,ANM,WE,Combination Non-Radar Approach Control & Tower w/o Radar,8,1,1,1,11,0,0,16,0,16,8,1,17,1,27,18,0,18,45
02/07/2022,HLN,MT,ANM,WE,Combination Non-Radar Approach Control & Tower w/o Radar,6,8,3,1,18,0,1,27,14,42,6,9,30,15,60,78,6,84,144
02/08/2022,HLN,MT,ANM,WE,Combination Non-Radar Approach Control & Tower w/o Radar,8,4,6,2,20,0,3,24,16,43,8,7,30,18,63,16,12,28,91
02/09/2022,HLN,MT,ANM,WE,Combination Non-Radar Approach Control & Tower w/o Radar,7,9,12,0,28,0,2,15,2,19,7,11,27,2,47,24,0,24,71
02/10/2022,HLN,MT,ANM,WE,Combination Non-Radar Approach Control & Tower w/o Radar,7,6,6,0,19,0,1,12,0,13,7,7,18,0,32,6,0,6,38
02/11/2022,HLN,MT,ANM,WE,Combination Non-Radar Approach Control & Tower w/o Radar,8,4,5,1,18,0,1,6,18,25,8,5,11,19,43,44,0,44,87
02/12/2022,HLN,MT,ANM,WE,Combination Non-Radar Approach Control & Tower w/o Radar,9,5,1,0,15,0,7,78,0,85,9,12,79,0,100,146,0,146,246
02/13/2022,HLN,MT,ANM,WE,Combination Non-Radar Approach Control & Tower w/o Radar,7,2,2,0,11,0,4,34,0,38,7,6,36,0,49,48,0,48,97
02/14/2022,HLN,MT,ANM,WE,Combination Non-Radar Approach Control & Tower w/o Radar,5,6,1,3,15,0,4,42,13,59,5,10,43,16,74,70,0,70,144
02/15/2022,HLN,MT,ANM,WE,Combination Non-Radar Approach Control & Tower w/o Radar,7,3,14,3,27,0,0,10,14,24,7,3,24,17,51,10,22,32,83
02/16/2022,HLN,MT,ANM,WE,Combination Non-Radar Approach Control & Tower w/o Radar,6,8,5,0,19,0,0,17,16,33,6,8,22,16,52,46,8,54,106
02/17/2022,HLN,MT,ANM,WE,Combination Non-Radar Approach Control & Tower w/o Radar,8,5,4,2,19,0,1,12,1,14,8,6,16,3,33,38,14,52,85
02/18/2022,HLN,MT,ANM,WE,Combination Non-Radar Approach Control & Tower w/o Radar,8,6,4,1,19,0,1,10,7,18,8,7,14,8,37,4,4,8,45
02/19/2022,HLN,MT,ANM,WE,Combination Non-Radar Approach Control & Tower w/o Radar,7,5,2,0,14,0,1,22,0,23,7,6,24,0,37,30,0,30,67
02/20/2022,HLN,MT,ANM,WE,Combination Non-Radar Approach Control & Tower w/o Radar,8,3,2,0,13,0,0,0,0,0,8,3,2,0,13,0,0,0,13
02/21/2022,HLN,MT,ANM,WE,Combination Non-Radar Approach Control & Tower w/o Radar,8,6,5,0,19,0,0,1,0,1,8,6,6,0,20,0,0,0,20
02/22/2022,HLN,MT,ANM,WE,Combination Non-Radar Approach Control & Tower w/o Radar,8,5,6,2,21,0,2,3,0,5,8,7,9,2,26,0,0,0,26
02/23/2022,HLN,MT,ANM,WE,Combination Non-Radar Approach Control & Tower w/o Radar,9,5,3,2,19,0,0,18,6,24,9,5,21,8,43,0,0,0,43
02/24/2022,HLN,MT,ANM,WE,Combination Non-Radar Approach Control & Tower w/o Radar,9,7,14,2,32,0,1,12,1,14,9,8,26,3,46,22,10,32,78
02/25/2022,HLN,MT,ANM,WE,Combination Non-Radar Approach Control & Tower w/o Radar,10,10,9,2,31,0,8,29,18,55,10,18,38,20,86,34,24,58,144
02/26/2022,HLN,MT,ANM,WE,Combination Non-Radar Approach Control & Tower w/o Radar,8,1,1,0,10,0,8,61,8,77,8,9,62,8,87,106,0,106,193
02/27/2022,HLN,MT,ANM,WE,Combination Non-Radar Approach Control & Tower w/o Radar,7,3,2,0,12,0,3,24,2,29,7,6,26,2,41,42,0,42,83
02/28/2022,HLN,MT,ANM,WE,Combination Non-Radar Approach Control & Tower w/o Radar,7,6,6,0,19,0,0,17,15,32,7,6,23,15,51,28,4,32,83
03/01/2022,HLN,MT,ANM,WE,Combination Non-Radar Approach Control & Tower w/o Radar,8,7,4,0,19,0,0,8,11,19,8,7,12,11,38,54,0,54,92
03/02/2022,HLN,MT,ANM,WE,Combination Non-Radar Approach Control & Tower w/o Radar,9,10,9,1,29,0,1,23,13,37,9,11,32,14,66,10,0,10,76
03/03/2022,HLN,MT,ANM,WE,Combination Non-Radar Approach Control & Tower w/o Radar,10,4,8,0,22,0,0,21,16,37,10,4,29,16,59,38,22,60,119
03/04/2022,HLN,MT,ANM,WE,Combination Non-Radar Approach Control & Tower w/o Radar,6,6,6,0,18,0,2,17,7,26,6,8,23,7,44,50,22,72,116
03/05/2022,HLN,MT,ANM,WE,Combination Non-Radar Approach Control & Tower w/o Radar,7,4,5,0,16,0,0,15,1,16,7,4,20,1,32,86,0,86,118
03/06/2022,HLN,MT,ANM,WE,Combination Non-Radar Approach Control & Tower w/o Radar,7,0,4,0,11,0,0,8,0,8,7,0,12,0,19,6,0,6,25
03/07/2022,HLN,MT,ANM,WE,Combination Non-Radar Approach Control & Tower w/o Radar,5,4,6,2,17,0,4,31,20,55,5,8,37,22,72,48,20,68,140
03/08/2022,HLN,MT,ANM,WE,Combination Non-Radar Approach Control & Tower w/o Radar,6,6,6,0,18,0,0,0,4,4,6,6,6,4,22,0,28,28,50
03/09/2022,HLN,MT,ANM,WE,Combination Non-Radar Approach Control & Tower w/o Radar,7,3,6,2,18,0,0,32,15,47,7,3,38,17,65,60,24,84,149
03/10/2022,HLN,MT,ANM,WE,Combination Non-Radar Approach Control & Tower w/o Radar,6,6,0,0,12,0,0,35,30,65,6,6,35,30,77,10,34,44,121
03/11/2022,HLN,MT,ANM,WE,Combination Non-Radar Approach Control & Tower w/o Radar,6,7,7,0,20,0,1,27,36,64,6,8,34,36,84,36,26,62,146
03/12/2022,HLN,MT,ANM,WE,Combination Non-Radar Approach Control & Tower w/o Radar,7,4,5,0,16,0,0,29,14,43,7,4,34,14,59,60,0,60,119
03/13/2022,HLN,MT,ANM,WE,Combination Non-Radar Approach Control & Tower w/o Radar,8,1,0,0,9,0,0,10,6,16,8,1,10,6,25,14,0,14,39
03/14/2022,HLN,MT,ANM,WE,Combination Non-Radar Approach Control & Tower w/o Radar,5,3,3,1,12,0,3,22,24,49,5,6,25,25,61,66,2,68,129
03/15/2022,HLN,MT,ANM,WE,Combination Non-Radar Approach Control & Tower w/o Radar,6,7,8,2,23,0,2,7,12,21,6,9,15,14,44,10,8,18,62
03/16/2022,HLN,MT,ANM,WE,Combination Non-Radar Approach Control & Tower w/o Radar,6,8,12,0,26,0,2,18,13,33,6,10,30,13,59,46,14,60,119
03/17/2022,HLN,MT,ANM,WE,Combination Non-Radar Approach Control & Tower w/o Radar,6,3,3,1,13,0,5,82,14,101,6,8,85,15,114,140,8,148,262
03/18/2022,HLN,MT,ANM,WE,Combination Non-Radar Approach Control & Tower w/o Radar,5,10,3,0,18,0,3,46,3,52,5,13,49,3,70,104,0,104,174
03/19/2022,HLN,MT,ANM,WE,Combination Non-Radar Approach Control & Tower w/o Radar,7,6,0,1,14,0,6,46,0,52,7,12,46,1,66,128,0,128,194
03/20/2022,HLN,MT,ANM,WE,Combination Non-Radar Approach Control & Tower w/o Radar,6,1,3,4,14,0,0,16,2,18,6,1,19,6,32,14,0,14,46
03/21/2022,HLN,MT,ANM,WE,Combination Non-Radar Approach Control & Tower w/o Radar,5,2,5,6,18,0,0,11,15,26,5,2,16,21,44,36,10,46,90
03/22/2022,HLN,MT,ANM,WE,Combination Non-Radar Approach Control & Tower w/o Radar,7,5,7,2,21,0,0,28,20,48,7,5,35,22,69,102,10,112,181
03/23/2022,HLN,MT,ANM,WE,Combination Non-Radar Approach Control & Tower w/o Radar,7,10,6,1,24,0,10,56,12,78,7,20,62,13,102,138,24,162,264
03/24/2022,HLN,MT,ANM,WE,Combination Non-Radar Approach Control & Tower w/o Radar,7,5,9,2,23,0,1,39,21,61,7,6,48,23,84,62,12,74,158
03/25/2022,HLN,MT,ANM,WE,Combination Non-Radar Approach Control & Tower w/o Radar,6,5,6,9,26,0,1,70,6,77,6,6,76,15,103,86,0,86,189
03/26/2022,HLN,MT,ANM,WE,Combination Non-Radar Approach Control & Tower w/o Radar,6,4,1,0,11,0,1,39,5,45,6,5,40,5,56,50,8,58,114
03/27/2022,HLN,MT,ANM,WE,Combination Non-Radar Approach Control & Tower w/o Radar,5,6,2,0,13,0,0,55,1,56,5,6,57,1,69,46,0,46,115
03/28/2022,HLN,MT,ANM,WE,Combination Non-Radar Approach Control & Tower w/o Radar,7,3,3,4,17,0,4,20,10,34,7,7,23,14,51,54,6,60,111
03/29/2022,HLN,MT,ANM,WE,Combination Non-Radar Approach Control & Tower w/o Radar,8,8,6,0,22,0,2,12,15,29,8,10,18,15,51,36,16,52,103
03/30/2022,HLN,MT,ANM,WE,Combination Non-Radar Approach Control & Tower w/o Radar,9,8,5,2,24,0,1,44,7,52,9,9,49,9,76,72,4,76,152
03/31/2022,HLN,MT,ANM,WE,Combination Non-Radar Approach Control & Tower w/o Radar,8,5,3,2,18,0,0,34,6,40,8,5,37,8,58,42,0,42,100
04/01/2022,HLN,MT,ANM,WE,Combination Non-Radar Approach Control & Tower w/o Radar,9,9,3,2,23,0,4,35,4,43,9,13,38,6,66,48,6,54,120
04/02/2022,HLN,MT,ANM,WE,Combination Non-Radar Approach Control & Tower w/o Radar,10,4,1,1,16,0,0,21,2,23,10,4,22,3,39,30,0,30,69
04/03/2022,HLN,MT,ANM,WE,Combination Non-Radar Approach Control & Tower w/o Radar,9,1,1,0,11,0,0,24,1,25,9,1,25,1,36,0,0,0,36
04/04/2022,HLN,MT,ANM,WE,Combination Non-Radar Approach Control & Tower w/o Radar,9,2,6,0,17,0,0,13,5,18,9,2,19,5,35,20,6,26,61
04/05/2022,HLN,MT,ANM,WE,Combination Non-Radar Approach Control & Tower w/o Radar,5,6,1,0,12,0,2,3,0,5,5,8,4,0,17,0,0,0,17
04/06/2022,HLN,MT,ANM,WE,Combination Non-Radar Approach Control & Tower w/o Radar,9,9,4,5,27,0,1,22,9,32,9,10,26,14,59,34,26,60,119
04/07/2022,HLN,MT,ANM,WE,Combination Non-Radar Approach Control & Tower w/o Radar,8,10,8,1,27,0,5,59,1,65,8,15,67,2,92,86,2,88,180
04/08/2022,HLN,MT,ANM,WE,Combination Non-Radar Approach Control & Tower w/o Radar,7,11,5,0,23,0,1,64,28,93,7,12,69,28,116,110,16,126,242
04/09/2022,HLN,MT,ANM,WE,Combination Non-Radar Approach Control & Tower w/o Radar,9,6,3,0,18,0,0,1,0,1,9,6,4,0,19,0,0,0,19
04/10/2022,HLN,MT,ANM,WE,Combination Non-Radar Approach Control & Tower w/o Radar,8,2,2,0,12,0,0,7,0,7,8,2,9,0,19,10,0,10,29
04/11/2022,HLN,MT,ANM,WE,Combination Non-Radar Approach Control & Tower w/o Radar,7,7,3,0,17,0,0,8,6,14,7,7,11,6,31,28,8,36,67
04/12/2022,HLN,MT,ANM,WE,Combination Non-Radar Approach Control & Tower w/o Radar,7,9,9,0,25,0,0,0,5,5,7,9,9,5,30,0,22,22,52
04/13/2022,HLN,MT,ANM,WE,Combination Non-Radar Approach Control & Tower w/o Radar,7,8,10,1,26,0,2,22,7,31,7,10,32,8,57,58,16,74,131
04/14/2022,HLN,MT,ANM,WE,Combination Non-Radar Approach Control & Tower w/o Radar,6,10,5,0,21,0,1,24,19,44,6,11,29,19,65,78,42,120,185
04/15/2022,HLN,MT,ANM,WE,Combination Non-Radar Approach Control & Tower w/o Radar,9,5,4,1,19,0,1,43,5,49,9,6,47,6,68,116,2,118,186
04/16/2022,HLN,MT,ANM,WE,Combination Non-Radar Approach Control & Tower w/o Radar,9,6,0,0,15,0,0,31,0,31,9,6,31,0,46,62,0,62,108
04/17/2022,HLN,MT,ANM,WE,Combination Non-Radar Approach Control & Tower w/o Radar,7,2,2,0,11,0,0,5,0,5,7,2,7,0,16,0,0,0,16
04/18/2022,HLN,MT,ANM,WE,Combination Non-Radar Approach Control & Tower w/o Radar,7,6,3,0,16,0,1,71,11,83,7,7,74,11,99,222,26,248,347
04/19/2022,HLN,MT,ANM,WE,Combination Non-Radar Approach Control & Tower w/o Radar,7,4,10,0,21,0,1,13,21,35,7,5,23,21,56,20,12,32,88
04/20/2022,HLN,MT,ANM,WE,Combination Non-Radar Approach Control & Tower w/o Radar,8,9,7,3,27,0,4,50,14,68,8,13,57,17,95,106,72,178,273
04/21/2022,HLN,MT,ANM,WE,Combination Non-Radar Approach Control & Tower w/o Radar,8,9,16,0,33,0,0,30,25,55,8,9,46,25,88,76,6,82,170
04/22/2022,HLN,MT,ANM,WE,Combination Non-Radar Approach Control & Tower w/o Radar,10,9,2,0,21,0,1,11,4,16,10,10,13,4,37,114,6,120,157
04/23/2022,HLN,MT,ANM,WE,Combination Non-Radar Approach Control & Tower w/o Radar,10,6,0,0,16,0,0,7,0,7,10,6,7,0,23,42,0,42,65
04/24/2022,HLN,MT,ANM,WE,Combination Non-Radar Approach Control & Tower w/o Radar,5,4,3,0,12,0,0,72,1,73,5,4,75,1,85,20,0,20,105
04/25/2022,HLN,MT,ANM,WE,Combination Non-Radar Approach Control & Tower w/o Radar,7,5,2,3,17,0,3,47,2,52,7,8,49,5,69,116,6,122,191
04/26/2022,HLN,MT,ANM,WE,Combination Non-Radar Approach Control & Tower w/o Radar,8,4,6,3,21,0,0,32,9,41,8,4,38,12,62,158,4,162,224
04/27/2022,HLN,MT,ANM,WE,Combination Non-Radar Approach Control & Tower w/o Radar,10,7,10,3,30,0,2,50,17,69,10,9,60,20,99,114,0,114,213
04/28/2022,HLN,MT,ANM,WE,Combination Non-Radar Approach Control & Tower w/o Radar,8,10,6,1,25,0,0,34,8,42,8,10,40,9,67,28,4,32,99
04/29/2022,HLN,MT,ANM,WE,Combination Non-Radar Approach Control & Tower w/o Radar,12,8,7,2,29,0,0,22,2,24,12,8,29,4,53,46,0,46,99
04/30/2022,HLN,MT,ANM,WE,Combination Non-Radar Approach Control & Tower w/o Radar,8,9,4,0,21,0,1,38,1,40,8,10,42,1,61,32,0,32,93
05/01/2022,HLN,MT,ANM,WE,Combination Non-Radar Approach Control & Tower w/o Radar,7,3,2,0,12,0,0,13,2,15,7,3,15,2,27,38,2,40,67
05/02/2022,HLN,MT,ANM,WE,Combination Non-Radar Approach Control & Tower w/o Radar,6,6,4,1,17,0,2,45,11,58,6,8,49,12,75,124,2,126,201
05/03/2022,HLN,MT,ANM,WE,Combination Non-Radar Approach Control & Tower w/o Radar,7,7,7,0,21,0,0,20,12,32,7,7,27,12,53,58,6,64,117
05/04/2022,HLN,MT,ANM,WE,Combination Non-Radar Approach Control & Tower w/o Radar,8,8,6,2,24,0,0,75,0,75,8,8,81,2,99,192,0,192,291
05/05/2022,HLN,MT,ANM,WE,Combination Non-Radar Approach Control & Tower w/o Radar,9,8,6,2,25,0,4,42,13,59,9,12,48,15,84,92,0,92,176
05/06/2022,HLN,MT,ANM,WE,Combination Non-Radar Approach Control & Tower w/o Radar,10,6,0,2,18,0,2,46,9,57,10,8,46,11,75,56,16,72,147
05/07/2022,HLN,MT,ANM,WE,Combination Non-Radar Approach Control & Tower w/o Radar,9,5,4,0,18,0,0,9,0,9,9,5,13,0,27,34,0,34,61
05/08/2022,HLN,MT,ANM,WE,Combination Non-Radar Approach Control & Tower w/o Radar,7,4,2,0,13,0,0,5,0,5,7,4,7,0,18,30,0,30,48
05/09/2022,HLN,MT,ANM,WE,Combination Non-Radar Approach Control & Tower w/o Radar,8,4,13,1,26,0,0,17,5,22,8,4,30,6,48,34,6,40,88
05/10/2022,HLN,MT,ANM,WE,Combination Non-Radar Approach Control & Tower w/o Radar,9,6,11,4,30,0,5,42,18,65,9,11,53,22,95,108,46,154,249
05/11/2022,HLN,MT,ANM,WE,Combination Non-Radar Approach Control & Tower w/o Radar,8,9,10,0,27,0,4,53,18,75,8,13,63,18,102,86,10,96,198
05/12/2022,HLN,MT,ANM,WE,Combination Non-Radar Approach Control & Tower w/o Radar,9,5,7,4,25,0,0,24,18,42,9,5,31,22,67,160,0,160,227
05/13/2022,HLN,MT,ANM,WE,Combination Non-Radar Approach Control & Tower w/o Radar,9,6,8,1,24,0,1,23,7,31,9,7,31,8,55,30,0,30,85
05/14/2022,HLN,MT,ANM,WE,Combination Non-Radar Approach Control & Tower w/o Radar,9,6,6,0,21,0,1,28,18,47,9,7,34,18,68,152,2,154,222
05/15/2022,HLN,MT,ANM,WE,Combination Non-Radar Approach Control & Tower w/o Radar,8,4,1,0,13,0,0,40,7,47,8,4,41,7,60,90,0,90,150
05/16/2022,HLN,MT,ANM,WE,Combination Non-Radar Approach Control & Tower w/o Radar,7,6,2,2,17,0,0,17,8,25,7,6,19,10,42,58,0,58,100
05/17/2022,HLN,MT,ANM,WE,Combination Non-Radar Approach Control & Tower w/o Radar,7,11,5,0,23,0,2,36,16,54,7,13,41,16,77,58,0,58,135
05/18/2022,HLN,MT,ANM,WE,Combination Non-Radar Approach Control & Tower w/o Radar,9,8,7,8,32,0,2,39,7,48,9,10,46,15,80,96,0,96,176
05/19/2022,HLN,MT,ANM,WE,Combination Non-Radar Approach Control & Tower w/o Radar,7,7,8,0,22,0,0,9,11,20,7,7,17,11,42,0,10,10,52
05/20/2022,HLN,MT,ANM,WE,Combination Non-Radar Approach Control & Tower w/o Radar,8,7,14,2,31,0,1,12,0,13,8,8,26,2,44,68,0,68,112
05/21/2022,HLN,MT,ANM,WE,Combination Non-Radar Approach Control & Tower w/o Radar,8,4,3,0,15,0,0,32,14,46,8,4,35,14,61,34,0,34,95
05/22/2022,HLN,MT,ANM,WE,Combination Non-Radar Approach Control & Tower w/o Radar,7,6,1,0,14,0,0,26,0,26,7,6,27,0,40,38,0,38,78
05/23/2022,HLN,MT,ANM,WE,Combination Non-Radar Approach Control & Tower w/o Radar,7,8,3,0,18,0,2,48,6,56,7,10,51,6,74,88,0,88,162
05/24/2022,HLN,MT,ANM,WE,Combination Non-Radar Approach Control & Tower w/o Radar,8,5,11,2,26,0,2,54,20,76,8,7,65,22,102,100,4,104,206
05/25/2022,HLN,MT,ANM,WE,Combination Non-Radar Approach Control & Tower w/o Radar,6,12,12,1,31,0,2,35,13,50,6,14,47,14,81,76,4,80,161
05/26/2022,HLN,MT,ANM,WE,Combination Non-Radar Approach Control & Tower w/o Radar,7,10,15,1,33,0,2,60,13,75,7,12,75,14,108,114,4,118,226
05/27/2022,HLN,MT,ANM,WE,Combination Non-Radar Approach Control & Tower w/o Radar,9,11,1,0,21,0,2,29,9,40,9,13,30,9,61,76,2,78,139
05/28/2022,HLN,MT,ANM,WE,Combination Non-Radar Approach Control & Tower w/o Radar,9,5,2,0,16,0,2,23,1,26,9,7,25,1,42,42,0,42,84
05/29/2022,HLN,MT,ANM,WE,Combination Non-Radar Approach Control & Tower w/o Radar,7,4,2,0,13,0,0,4,0,4,7,4,6,0,17,6,0,6,23
05/30/2022,HLN,MT,ANM,WE,Combination Non-Radar Approach Control & Tower w/o Radar,7,6,3,0,16,0,0,12,0,12,7,6,15,0,28,22,0,22,50
05/31/2022,HLN,MT,ANM,WE,Combination Non-Radar Approach Control & Tower w/o Radar,5,4,7,5,21,0,0,43,8,51,5,4,50,13,72,100,4,104,176
06/01/2022,HLN,MT,ANM,WE,Combination Non-Radar Approach Control & Tower w/o Radar,7,9,11,2,29,0,0,75,4,79,7,9,86,6,108,122,0,122,230
06/02/2022,HLN,MT,ANM,WE,Combination Non-Radar Approach Control & Tower w/o Radar,8,7,12,0,27,0,0,54,10,64,8,7,66,10,91,48,0,48,139
06/03/2022,HLN,MT,ANM,WE,Combination Non-Radar Approach Control & Tower w/o Radar,7,5,6,0,18,0,3,36,11,50,7,8,42,11,68,48,6,54,122
06/04/2022,HLN,MT,ANM,WE,Combination Non-Radar Approach Control & Tower w/o Radar,7,3,6,0,16,0,0,20,12,32,7,3,26,12,48,24,10,34,82
06/05/2022,HLN,MT,ANM,WE,Combination Non-Radar Approach Control & Tower w/o Radar,7,0,4,1,12,0,0,22,15,37,7,0,26,16,49,22,0,22,71
06/06/2022,HLN,MT,ANM,WE,Combination Non-Radar Approach Control & Tower w/o Radar,7,2,9,0,18,0,0,23,26,49,7,2,32,26,67,38,4,42,109
06/07/2022,HLN,MT,ANM,WE,Combination Non-Radar Approach Control & Tower w/o Radar,6,5,2,5,18,0,0,41,11,52,6,5,43,16,70,82,10,92,162
06/08/2022,HLN,MT,ANM,WE,Combination Non-Radar Approach Control & Tower w/o Radar,5,5,6,2,18,0,0,67,21,88,5,5,73,23,106,72,2,74,180
06/09/2022,HLN,MT,ANM,WE,Combination Non-Radar Approach Control & Tower w/o Radar,6,4,9,0,19,0,1,55,25,81,6,5,64,25,100,50,4,54,154
06/10/2022,HLN,MT,ANM,WE,Combination Non-Radar Approach Control & Tower w/o Radar,6,6,10,0,22,0,1,41,8,50,6,7,51,8,72,102,0,102,174
06/11/2022,HLN,MT,ANM,WE,Combination Non-Radar Approach Control & Tower w/o Radar,6,6,3,0,15,0,0,16,12,28,6,6,19,12,43,42,2,44,87
06/12/2022,HLN,MT,ANM,WE,Combination Non-Radar Approach Control & Tower w/o Radar,6,2,3,0,11,0,0,24,9,33,6,2,27,9,44,16,2,18,62
06/13/2022,HLN,MT,ANM,WE,Combination Non-Radar Approach Control & Tower w/o Radar,6,5,7,1,19,0,0,6,18,24,6,5,13,19,43,4,4,8,51
06/14/2022,HLN,MT,ANM,WE,Combination Non-Radar Approach Control & Tower w/o Radar,7,8,7,0,22,0,0,5,15,20,7,8,12,15,42,16,0,16,58
06/15/2022,HLN,MT,ANM,WE,Combination Non-Radar Approach Control & Tower w/o Radar,7,7,10,3,27,0,0,18,21,39,7,7,28,24,66,10,4,14,80
06/16/2022,HLN,MT,ANM,WE,Combination Non-Radar Approach Control & Tower w/o Radar,6,6,10,1,23,0,0,88,8,96,6,6,98,9,119,128,0,128,247
06/17/2022,HLN,MT,ANM,WE,Combination Non-Radar Approach Control & Tower w/o Radar,6,4,9,1,20,0,4,74,7,85,6,8,83,8,105,50,0,50,155
06/18/2022,HLN,MT,ANM,WE,Combination Non-Radar Approach Control & Tower w/o Radar,8,2,9,0,19,0,2,32,2,36,8,4,41,2,55,58,0,58,113
06/19/2022,HLN,MT,ANM,WE,Combination Non-Radar Approach Control & Tower w/o Radar,6,2,3,0,11,0,0,14,1,15,6,2,17,1,26,8,0,8,34
06/20/2022,HLN,MT,ANM,WE,Combination Non-Radar Approach Control & Tower w/o Radar,5,7,17,0,29,0,1,11,0,12,5,8,28,0,41,22,0,22,63
06/21/2022,HLN,MT,ANM,WE,Combination Non-Radar Approach Control & Tower w/o Radar,6,1,8,0,15,0,2,34,13,49,6,3,42,13,64,90,2,92,156
06/22/2022,HLN,MT,ANM,WE,Combination Non-Radar Approach Control & Tower w/o Radar,6,5,4,0,15,0,1,52,5,58,6,6,56,5,73,86,0,86,159
06/23/2022,HLN,MT,ANM,WE,Combination Non-Radar Approach Control & Tower w/o Radar,5,6,9,2,22,0,4,37,7,48,5,10,46,9,70,78,2,80,150
06/24/2022,HLN,MT,ANM,WE,Combination Non-Radar Approach Control & Tower w/o Radar,7,5,3,5,20,0,2,33,13,48,7,7,36,18,68,40,4,44,112
06/25/2022,HLN,MT,ANM,WE,Combination Non-Radar Approach Control & Tower w/o Radar,6,5,3,3,17,0,2,70,10,82,6,7,73,13,99,76,0,76,175
06/26/2022,HLN,MT,ANM,WE,Combination Non-Radar Approach Control & Tower w/o Radar,6,1,6,4,17,0,0,38,1,39,6,1,44,5,56,36,0,36,92
06/27/2022,HLN,MT,ANM,WE,Combination Non-Radar Approach Control & Tower w/o Radar,6,6,5,2,19,0,1,61,18,80,6,7,66,20,99,64,8,72,171
06/28/2022,HLN,MT,ANM,WE,Combination Non-Radar Approach Control & Tower w/o Radar,5,8,6,1,20,0,1,52,14,67,5,9,58,15,87,38,4,42,129
06/29/2022,HLN,MT,ANM,WE,Combination Non-Radar Approach Control & Tower w/o Radar,5,8,12,2,27,4,39,61,28,132,9,47,73,30,159,48,8,56,215
06/30/2022,HLN,MT,ANM,WE,Combination Non-Radar Approach Control & Tower w/o Radar,5,4,3,1,13,0,4,84,11,99,5,8,87,12,112,122,8,130,242
07/01/2022,HLN,MT,ANM,WE,Combination Non-Radar Approach Control & Tower w/o Radar,5,9,3,2,19,0,4,63,10,77,5,13,66,12,96,58,20,78,174
07/02/2022,HLN,MT,ANM,WE,Combination Non-Radar Approach Control & Tower w/o Radar,8,4,4,0,16,0,0,49,0,49,8,4,53,0,65,32,0,32,97
07/03/2022,HLN,MT,ANM,WE,Combination Non-Radar Approach Control & Tower w/o Radar,6,0,3,0,9,0,0,14,0,14,6,0,17,0,23,18,0,18,41
07/04/2022,HLN,MT,ANM,WE,Combination Non-Radar Approach Control & Tower w/o Radar,6,3,5,0,14,0,0,32,0,32,6,3,37,0,46,20,0,20,66
07/05/2022,HLN,MT,ANM,WE,Combination Non-Radar Approach Control & Tower w/o Radar,7,4,2,2,15,0,0,36,9,45,7,4,38,11,60,24,0,24,84
07/06/2022,HLN,MT,ANM,WE,Combination Non-Radar Approach Control & Tower w/o Radar,6,7,4,0,17,0,2,34,3,39,6,9,38,3,56,72,0,72,128
07/07/2022,HLN,MT,ANM,WE,Combination Non-Radar Approach Control & Tower w/o Radar,6,6,4,0,16,0,1,44,11,56,6,7,48,11,72,54,0,54,126
07/08/2022,HLN,MT,ANM,WE,Combination Non-Radar Approach Control & Tower w/o Radar,7,3,5,0,15,0,2,44,13,59,7,5,49,13,74,38,6,44,118
07/09/2022,HLN,MT,ANM,WE,Combination Non-Radar Approach Control & Tower w/o Radar,7,6,5,0,18,0,4,51,12,67,7,10,56,12,85,50,2,52,137
07/10/2022,HLN,MT,ANM,WE,Combination Non-Radar Approach Control & Tower w/o Radar,6,2,0,0,8,0,5,38,0,43,6,7,38,0,51,16,0,16,67
07/11/2022,HLN,MT,ANM,WE,Combination Non-Radar Approach Control & Tower w/o Radar,6,5,5,2,18,0,0,60,13,73,6,5,65,15,91,78,34,112,203
07/12/2022,HLN,MT,ANM,WE,Combination Non-Radar Approach Control & Tower w/o Radar,6,4,6,2,18,0,2,88,20,110,6,6,94,22,128,56,0,56,184
07/13/2022,HLN,MT,ANM,WE,Combination Non-Radar Approach Control & Tower w/o Radar,5,12,8,3,28,0,2,50,27,79,5,14,58,30,107,110,34,144,251
07/14/2022,HLN,MT,ANM,WE,Combination Non-Radar Approach Control & Tower w/o Radar,5,6,3,0,14,0,0,60,19,79,5,6,63,19,93,56,10,66,159
07/15/2022,HLN,MT,ANM,WE,Combination Non-Radar Approach Control & Tower w/o Radar,8,1,3,0,12,0,3,83,10,96,8,4,86,10,108,94,0,94,202
07/16/2022,HLN,MT,ANM,WE,Combination Non-Radar Approach Control & Tower w/o Radar,7,2,4,0,13,7,7,50,7,71,14,9,54,7,84,106,4,110,194
07/17/2022,HLN,MT,ANM,WE,Combination Non-Radar Approach Control & Tower w/o Radar,5,3,3,2,13,9,10,61,6,86,14,13,64,8,99,118,6,124,223
07/18/2022,HLN,MT,ANM,WE,Combination Non-Radar Approach Control & Tower w/o Radar,6,7,4,5,22,0,1,29,11,41,6,8,33,16,63,86,20,106,169
07/19/2022,HLN,MT,ANM,WE,Combination Non-Radar Approach Control & Tower w/o Radar,6,5,6,9,26,1,11,77,16,105,7,16,83,25,131,144,0,144,275
07/20/2022,HLN,MT,ANM,WE,Combination Non-Radar Approach Control & Tower w/o Radar,5,8,12,5,30,0,5,98,18,121,5,13,110,23,151,96,2,98,249
07/21/2022,HLN,MT,ANM,WE,Combination Non-Radar Approach Control & Tower w/o Radar,4,6,5,1,16,1,3,76,17,97,5,9,81,18,113,116,0,116,229
07/22/2022,HLN,MT,ANM,WE,Combination Non-Radar Approach Control & Tower w/o Radar,6,8,3,0,17,1,4,103,17,125,7,12,106,17,142,50,4,54,196
07/23/2022,HLN,MT,ANM,WE,Combination Non-Radar Approach Control & Tower w/o Radar,6,6,10,0,22,1,2,53,0,56,7,8,63,0,78,60,0,60,138
07/24/2022,HLN,MT,ANM,WE,Combination Non-Radar Approach Control & Tower w/o Radar,6,2,9,0,17,0,0,35,2,37,6,2,44,2,54,40,0,40,94
07/25/2022,HLN,MT,ANM,WE,Combination Non-Radar Approach Control & Tower w/o Radar,5,5,3,0,13,0,3,82,19,104,5,8,85,19,117,124,8,132,249
07/26/2022,HLN,MT,ANM,WE,Combination Non-Radar Approach Control & Tower w/o Radar,6,2,5,2,15,0,17,58,33,108,6,19,63,35,123,98,6,104,227
07/27/2022,HLN,MT,ANM,WE,Combination Non-Radar Approach Control & Tower w/o Radar,7,4,2,3,16,0,3,94,17,114,7,7,96,20,130,106,8,114,244
07/28/2022,HLN,MT,ANM,WE,Combination Non-Radar Approach Control & Tower w/o Radar,7,7,8,2,24,2,3,69,20,94,9,10,77,22,118,32,14,46,164
07/29/2022,HLN,MT,ANM,WE,Combination Non-Radar Approach Control & Tower w/o Radar,6,5,6,3,20,1,6,79,13,99,7,11,85,16,119,52,2,54,173
07/30/2022,HLN,MT,ANM,WE,Combination Non-Radar Approach Control & Tower w/o Radar,7,3,9,1,20,7,5,71,0,83,14,8,80,1,103,56,0,56,159
07/31/2022,HLN,MT,ANM,WE,Combination Non-Radar Approach Control & Tower w/o Radar,7,1,5,1,14,4,2,51,1,58,11,3,56,2,72,34,0,34,106
08/01/2022,HLN,MT,ANM,WE,Combination Non-Radar Approach Control & Tower w/o Radar,6,4,6,0,16,9,7,44,9,69,15,11,50,9,85,46,0,46,131
08/02/2022,HLN,MT,ANM,WE,Combination Non-Radar Approach Control & Tower w/o Radar,6,3,13,2,24,1,7,50,16,74,7,10,63,18,98,60,4,64,162
08/03/2022,HLN,MT,ANM,WE,Combination Non-Radar Approach Control & Tower w/o Radar,9,10,10,1,30,8,6,49,2,65,17,16,59,3,95,66,0,66,161
08/04/2022,HLN,MT,ANM,WE,Combination Non-Radar Approach Control & Tower w/o Radar,8,4,5,1,18,23,13,80,13,129,31,17,85,14,147,24,6,30,177
08/05/2022,HLN,MT,ANM,WE,Combination Non-Radar Approach Control & Tower w/o Radar,6,9,5,3,23,20,20,85,7,132,26,29,90,10,155,46,0,46,201
08/06/2022,HLN,MT,ANM,WE,Combination Non-Radar Approach Control & Tower w/o Radar,5,5,4,0,14,2,4,40,9,55,7,9,44,9,69,28,0,28,97
08/07/2022,HLN,MT,ANM,WE,Combination Non-Radar Approach Control & Tower w/o Radar,7,2,4,0,13,0,1,64,0,65,7,3,68,0,78,36,0,36,114
08/08/2022,HLN,MT,ANM,WE,Combination Non-Radar Approach Control & Tower w/o Radar,7,4,7,4,22,0,5,50,17,72,7,9,57,21,94,30,10,40,134
08/09/2022,HLN,MT,ANM,WE,Combination Non-Radar Approach Control & Tower w/o Radar,7,5,7,1,20,1,2,47,17,67,8,7,54,18,87,90,8,98,185
08/10/2022,HLN,MT,ANM,WE,Combination Non-Radar Approach Control & Tower w/o Radar,6,10,4,5,25,0,5,81,10,96,6,15,85,15,121,88,4,92,213
08/11/2022,HLN,MT,ANM,WE,Combination Non-Radar Approach Control & Tower w/o Radar,6,6,10,3,25,0,1,41,14,56,6,7,51,17,81,28,8,36,117
08/12/2022,HLN,MT,ANM,WE,Combination Non-Radar Approach Control & Tower w/o Radar,6,9,0,3,18,0,3,53,14,70,6,12,53,17,88,52,8,60,148
08/13/2022,HLN,MT,ANM,WE,Combination Non-Radar Approach Control & Tower w/o Radar,7,8,2,0,17,5,6,51,0,62,12,14,53,0,79,16,0,16,95
08/14/2022,HLN,MT,ANM,WE,Combination Non-Radar Approach Control & Tower w/o Radar,6,0,2,0,8,4,5,37,0,46,10,5,39,0,54,34,0,34,88
08/15/2022,HLN,MT,ANM,WE,Combination Non-Radar Approach Control & Tower w/o Radar,5,6,4,0,15,6,1,56,19,82,11,7,60,19,97,58,18,76,173
08/16/2022,HLN,MT,ANM,WE,Combination Non-Radar Approach Control & Tower w/o Radar,7,2,4,0,13,2,9,66,11,88,9,11,70,11,101,46,12,58,159
08/17/2022,HLN,MT,ANM,WE,Combination Non-Radar Approach Control & Tower w/o Radar,7,8,7,6,28,5,7,86,11,109,12,15,93,17,137,66,6,72,209
08/18/2022,HLN,MT,ANM,WE,Combination Non-Radar Approach Control & Tower w/o Radar,5,8,6,5,24,2,4,70,18,94,7,12,76,23,118,94,6,100,218
08/19/2022,HLN,MT,ANM,WE,Combination Non-Radar Approach Control & Tower w/o Radar,7,15,3,5,30,0,1,74,4,79,7,16,77,9,109,92,0,92,201
08/20/2022,HLN,MT,ANM,WE,Combination Non-Radar Approach Control & Tower w/o Radar,8,6,2,2,18,0,2,39,0,41,8,8,41,2,59,38,0,38,97
08/21/2022,HLN,MT,ANM,WE,Combination Non-Radar Approach Control & Tower w/o Radar,6,5,1,1,13,2,0,44,2,48,8,5,45,3,61,78,0,78,139
08/22/2022,HLN,MT,ANM,WE,Combination Non-Radar Approach Control & Tower w/o Radar,8,3,2,1,14,4,2,55,10,71,12,5,57,11,85,54,0,54,139
08/23/2022,HLN,MT,ANM,WE,Combination Non-Radar Approach Control & Tower w/o Radar,6,6,6,1,19,9,13,97,32,151,15,19,103,33,170,82,26,108,278
08/24/2022,HLN,MT,ANM,WE,Combination Non-Radar Approach Control & Tower w/o Radar,7,7,10,0,24,0,3,48,13,64,7,10,58,13,88,122,38,160,248
08/25/2022,HLN,MT,ANM,WE,Combination Non-Radar Approach Control & Tower w/o Radar,7,3,10,0,20,0,2,45,15,62,7,5,55,15,82,26,22,48,130
08/26/2022,HLN,MT,ANM,WE,Combination Non-Radar Approach Control & Tower w/o Radar,6,7,10,2,25,0,1,58,7,66,6,8,68,9,91,56,2,58,149
08/27/2022,HLN,MT,ANM,WE,Combination Non-Radar Approach Control & Tower w/o Radar,7,5,4,0,16,0,0,31,0,31,7,5,35,0,47,32,0,32,79
08/28/2022,HLN,MT,ANM,WE,Combination Non-Radar Approach Control & Tower w/o Radar,6,1,11,0,18,5,1,33,0,39,11,2,44,0,57,18,0,18,75
08/29/2022,HLN,MT,ANM,WE,Combination Non-Radar Approach Control & Tower w/o Radar,6,6,7,0,19,0,0,72,10,82,6,6,79,10,101,30,22,52,153
08/30/2022,HLN,MT,ANM,WE,Combination Non-Radar Approach Control & Tower w/o Radar,6,6,8,2,22,0,6,56,28,90,6,12,64,30,112,88,24,112,224
08/31/2022,HLN,MT,ANM,WE,Combination Non-Radar Approach Control & Tower w/o Radar,5,9,3,2,19,10,19,76,12,117,15,28,79,14,136,60,10,70,206
09/01/2022,HLN,MT,ANM,WE,Combination Non-Radar Approach Control & Tower w/o Radar,3,1,9,0,13,5,5,39,8,57,8,6,48,8,70,32,0,32,102
09/02/2022,HLN,MT,ANM,WE,Combination Non-Radar Approach Control & Tower w/o Radar,5,6,3,0,14,11,8,74,6,99,16,14,77,6,113,56,6,62,175
09/03/2022,HLN,MT,ANM,WE,Combination Non-Radar Approach Control & Tower w/o Radar,9,4,3,1,17,2,2,38,0,42,11,6,41,1,59,20,0,20,79
09/04/2022,HLN,MT,ANM,WE,Combination Non-Radar Approach Control & Tower w/o Radar,7,1,3,1,12,3,0,23,2,28,10,1,26,3,40,20,2,22,62
09/05/2022,HLN,MT,ANM,WE,Combination Non-Radar Approach Control & Tower w/o Radar,5,3,10,0,18,13,0,22,0,35,18,3,32,0,53,8,0,8,61
09/06/2022,HLN,MT,ANM,WE,Combination Non-Radar Approach Control & Tower w/o Radar,6,4,10,1,21,5,0,41,11,57,11,4,51,12,78,98,6,104,182
09/07/2022,HLN,MT,ANM,WE,Combination Non-Radar Approach Control & Tower w/o Radar,8,8,2,4,22,1,1,32,10,44,9,9,34,14,66,72,14,86,152
09/08/2022,HLN,MT,ANM,WE,Combination Non-Radar Approach Control & Tower w/o Radar,6,6,5,0,17,2,2,42,19,65,8,8,47,19,82,18,8,26,108
09/09/2022,HLN,MT,ANM,WE,Combination Non-Radar Approach Control & Tower w/o Radar,6,6,5,0,17,1,3,60,37,101,7,9,65,37,118,70,0,70,188
09/10/2022,HLN,MT,ANM,WE,Combination Non-Radar Approach Control & Tower w/o Radar,8,2,5,0,15,0,1,63,4,68,8,3,68,4,83,72,0,72,155
09/11/2022,HLN,MT,ANM,WE,Combination Non-Radar Approach Control & Tower w/o Radar,6,8,8,0,22,14,1,39,6,60,20,9,47,6,82,36,0,36,118
09/12/2022,HLN,MT,ANM,WE,Combination Non-Radar Approach Control & Tower w/o Radar,6,3,9,2,20,0,0,30,4,34,6,3,39,6,54,8,8,16,70
09/13/2022,HLN,MT,ANM,WE,Combination Non-Radar Approach Control & Tower w/o Radar,7,6,13,0,26,0,1,29,17,47,7,7,42,17,73,40,2,42,115
09/14/2022,HLN,MT,ANM,WE,Combination Non-Radar Approach Control & Tower w/o Radar,6,10,13,0,29,0,0,39,10,49,6,10,52,10,78,50,4,54,132
09/15/2022,HLN,MT,ANM,WE,Combination Non-Radar Approach Control & Tower w/o Radar,5,9,12,1,27,0,0,49,7,56,5,9,61,8,83,56,2,58,141
09/16/2022,HLN,MT,ANM,WE,Combination Non-Radar Approach Control & Tower w/o Radar,6,11,5,0,22,0,3,28,3,34,6,14,33,3,56,26,0,26,82
09/17/2022,HLN,MT,ANM,WE,Combination Non-Radar Approach Control & Tower w/o Radar,7,7,4,0,18,0,1,42,0,43,7,8,46,0,61,48,0,48,109
09/18/2022,HLN,MT,ANM,WE,Combination Non-Radar Approach Control & Tower w/o Radar,6,2,4,0,12,0,0,33,0,33,6,2,37,0,45,46,0,46,91
09/19/2022,HLN,MT,ANM,WE,Combination Non-Radar Approach Control & Tower w/o Radar,7,9,8,0,24,0,2,57,4,63,7,11,65,4,87,118,0,118,205
09/20/2022,HLN,MT,ANM,WE,Combination Non-Radar Approach Control & Tower w/o Radar,7,6,6,0,19,0,0,11,13,24,7,6,17,13,43,44,2,46,89
09/21/2022,HLN,MT,ANM,WE,Combination Non-Radar Approach Control & Tower w/o Radar,6,5,6,0,17,0,4,47,12,63,6,9,53,12,80,42,4,46,126
09/22/2022,HLN,MT,ANM,WE,Combination Non-Radar Approach Control & Tower w/o Radar,4,8,13,0,25,0,1,17,13,31,4,9,30,13,56,34,10,44,100
09/23/2022,HLN,MT,ANM,WE,Combination Non-Radar Approach Control & Tower w/o Radar,6,7,12,3,28,0,3,36,12,51,6,10,48,15,79,50,2,52,131
09/24/2022,HLN,MT,ANM,WE,Combination Non-Radar Approach Control & Tower w/o Radar,8,5,4,0,17,0,1,35,20,56,8,6,39,20,73,42,0,42,115
09/25/2022,HLN,MT,ANM,WE,Combination Non-Radar Approach Control & Tower w/o Radar,6,1,3,0,10,0,0,62,0,62,6,1,65,0,72,60,0,60,132
09/26/2022,HLN,MT,ANM,WE,Combination Non-Radar Approach Control & Tower w/o Radar,7,3,1,0,11,0,3,61,22,86,7,6,62,22,97,100,4,104,201
09/27/2022,HLN,MT,ANM,WE,Combination Non-Radar Approach Control & Tower w/o Radar,6,4,2,1,13,0,2,63,20,85,6,6,65,21,98,126,36,162,260
09/28/2022,HLN,MT,ANM,WE,Combination Non-Radar Approach Control & Tower w/o Radar,7,9,8,3,27,0,0,74,16,90,7,9,82,19,117,52,12,64,181
09/29/2022,HLN,MT,ANM,WE,Combination Non-Radar Approach Control & Tower w/o Radar,6,7,9,2,24,0,1,36,8,45,6,8,45,10,69,34,16,50,119
09/30/2022,HLN,MT,ANM,WE,Combination Non-Radar Approach Control & Tower w/o Radar,5,7,8,0,20,0,2,10,6,18,5,9,18,6,38,62,2,64,102
10/01/2022,HLN,MT,ANM,WE,Combination Non-Radar Approach Control & Tower w/o Radar,7,5,4,0,16,0,0,1,0,1,7,5,5,0,17,0,0,0,17
10/02/2022,HLN,MT,ANM,WE,Combination Non-Radar Approach Control & Tower w/o Radar,6,5,1,0,12,0,3,18,0,21,6,8,19,0,33,22,0,22,55
10/03/2022,HLN,MT,ANM,WE,Combination Non-Radar Approach Control & Tower w/o Radar,6,6,7,4,23,0,1,37,10,48,6,7,44,14,71,70,4,74,145
10/04/2022,HLN,MT,ANM,WE,Combination Non-Radar Approach Control & Tower w/o Radar,6,8,8,0,22,0,1,24,7,32,6,9,32,7,54,82,2,84,138
10/05/2022,HLN,MT,ANM,WE,Combination Non-Radar Approach Control & Tower w/o Radar,5,5,9,0,19,0,2,65,0,67,5,7,74,0,86,106,0,106,192
10/06/2022,HLN,MT,ANM,WE,Combination Non-Radar Approach Control & Tower w/o Radar,5,4,0,0,9,0,0,45,12,57,5,4,45,12,66,76,0,76,142
10/07/2022,HLN,MT,ANM,WE,Combination Non-Radar Approach Control & Tower w/o Radar,4,6,2,0,12,0,1,46,16,63,4,7,48,16,75,132,8,140,215
10/08/2022,HLN,MT,ANM,WE,Combination Non-Radar Approach Control & Tower w/o Radar,7,4,8,0,19,0,0,22,0,22,7,4,30,0,41,4,0,4,45
10/09/2022,HLN,MT,ANM,WE,Combination Non-Radar Approach Control & Tower w/o Radar,5,4,1,0,10,0,0,32,2,34,5,4,33,2,44,84,4,88,132
10/10/2022,HLN,MT,ANM,WE,Combination Non-Radar Approach Control & Tower w/o Radar,7,3,4,0,14,0,2,24,0,26,7,5,28,0,40,44,0,44,84
10/11/2022,HLN,MT,ANM,WE,Combination Non-Radar Approach Control & Tower w/o Radar,5,3,4,1,13,0,1,36,10,47,5,4,40,11,60,36,0,36,96
10/12/2022,HLN,MT,ANM,WE,Combination Non-Radar Approach Control & Tower w/o Radar,6,6,15,1,28,0,3,37,16,56,6,9,52,17,84,32,2,34,118
10/13/2022,HLN,MT,ANM,WE,Combination Non-Radar Approach Control & Tower w/o Radar,7,3,3,0,13,0,0,58,15,73,7,3,61,15,86,72,10,82,168
10/14/2022,HLN,MT,ANM,WE,Combination Non-Radar Approach Control & Tower w/o Radar,4,9,5,1,19,0,1,56,24,81,4,10,61,25,100,80,24,104,204
10/15/2022,HLN,MT,ANM,WE,Combination Non-Radar Approach Control & Tower w/o Radar,7,10,6,0,23,0,4,45,25,74,7,14,51,25,97,116,22,138,235
10/16/2022,HLN,MT,ANM,WE,Combination Non-Radar Approach Control & Tower w/o Radar,6,0,1,0,7,0,0,41,0,41,6,0,42,0,48,32,0,32,80
10/17/2022,HLN,MT,ANM,WE,Combination Non-Radar Approach Control & Tower w/o Radar,6,4,3,0,13,0,0,62,23,85,6,4,65,23,98,46,34,80,178
10/18/2022,HLN,MT,ANM,WE,Combination Non-Radar Approach Control & Tower w/o Radar,6,6,3,3,18,0,4,79,15,98,6,10,82,18,116,72,12,84,200
10/19/2022,HLN,MT,ANM,WE,Combination Non-Radar Approach Control & Tower w/o Radar,7,3,1,0,11,0,11,93,13,117,7,14,94,13,128,160,8,168,296
10/20/2022,HLN,MT,ANM,WE,Combination Non-Radar Approach Control & Tower w/o Radar,5,5,8,0,18,0,3,54,13,70,5,8,62,13,88,62,0,62,150
10/21/2022,HLN,MT,ANM,WE,Combination Non-Radar Approach Control & Tower w/o Radar,5,9,2,2,18,0,1,32,12,45,5,10,34,14,63,38,16,54,117
10/22/2022,HLN,MT,ANM,WE,Combination Non-Radar Approach Control & Tower w/o Radar,9,6,1,0,16,0,0,0,0,0,9,6,1,0,16,26,0,26,42
10/23/2022,HLN,MT,ANM,WE,Combination Non-Radar Approach Control & Tower w/o Radar,6,0,2,0,8,0,0,0,0,0,6,0,2,0,8,0,0,0,8
10/24/2022,HLN,MT,ANM,WE,Combination Non-Radar Approach Control & Tower w/o Radar,6,5,2,0,13,0,2,26,10,38,6,7,28,10,51,8,4,12,63
10/25/2022,HLN,MT,ANM,WE,Combination Non-Radar Approach Control & Tower w/o Radar,6,3,8,0,17,0,1,14,14,29,6,4,22,14,46,4,8,12,58
10/26/2022,HLN,MT,ANM,WE,Combination Non-Radar Approach Control & Tower w/o Radar,6,4,11,0,21,0,6,34,7,47,6,10,45,7,68,56,0,56,124
10/27/2022,HLN,MT,ANM,WE,Combination Non-Radar Approach Control & Tower w/o Radar,7,3,2,0,12,0,6,25,4,35,7,9,27,4,47,54,4,58,105
10/28/2022,HLN,MT,ANM,WE,Combination Non-Radar Approach Control & Tower w/o Radar,5,7,9,0,21,0,2,39,5,46,5,9,48,5,67,98,0,98,165
10/29/2022,HLN,MT,ANM,WE,Combination Non-Radar Approach Control & Tower w/o Radar,8,3,0,0,11,0,0,27,4,31,8,3,27,4,42,30,0,30,72
10/30/2022,HLN,MT,ANM,WE,Combination Non-Radar Approach Control & Tower w/o Radar,7,4,3,0,14,0,0,16,0,16,7,4,19,0,30,10,0,10,40
10/31/2022,HLN,MT,ANM,WE,Combination Non-Radar Approach Control & Tower w/o Radar,7,3,4,0,14,0,5,12,16,33,7,8,16,16,47,2,8,10,57
11/01/2022,HLN,MT,ANM,WE,Combination Non-Radar Approach Control & Tower w/o Radar,7,5,4,1,17,0,2,21,19,42,7,7,25,20,59,68,6,74,133
11/02/2022,HLN,MT,ANM,WE,Combination Non-Radar Approach Control & Tower w/o Radar,7,4,10,2,23,0,0,13,0,13,7,4,23,2,36,4,0,4,40
11/03/2022,HLN,MT,ANM,WE,Combination Non-Radar Approach Control & Tower w/o Radar,5,4,8,2,19,0,0,31,7,38,5,4,39,9,57,68,2,70,127
11/04/2022,HLN,MT,ANM,WE,Combination Non-Radar Approach Control & Tower w/o Radar,8,8,4,0,20,0,0,15,9,24,8,8,19,9,44,50,4,54,98
11/05/2022,HLN,MT,ANM,WE,Combination Non-Radar Approach Control & Tower w/o Radar,6,5,2,0,13,0,2,0,0,2,6,7,2,0,15,0,0,0,15
11/06/2022,HLN,MT,ANM,WE,Combination Non-Radar Approach Control & Tower w/o Radar,8,1,6,0,15,0,3,11,0,14,8,4,17,0,29,46,0,46,75
11/07/2022,HLN,MT,ANM,WE,Combination Non-Radar Approach Control & Tower w/o Radar,7,5,5,0,17,0,0,2,9,11,7,5,7,9,28,0,32,32,60
11/08/2022,HLN,MT,ANM,WE,Combination Non-Radar Approach Control & Tower w/o Radar,8,4,6,0,18,0,0,5,19,24,8,4,11,19,42,8,38,46,88
11/09/2022,HLN,MT,ANM,WE,Combination Non-Radar Approach Control & Tower w/o Radar,7,5,6,2,20,0,0,0,0,0,7,5,6,2,20,0,0,0,20
11/10/2022,HLN,MT,ANM,WE,Combination Non-Radar Approach Control & Tower w/o Radar,7,2,7,3,19,0,0,10,22,32,7,2,17,25,51,14,8,22,73
11/11/2022,HLN,MT,ANM,WE,Combination Non-Radar Approach Control & Tower w/o Radar,6,24,7,0,37,0,7,25,0,32,6,31,32,0,69,10,2,12,81
11/12/2022,HLN,MT,ANM,WE,Combination Non-Radar Approach Control & Tower w/o Radar,8,8,5,0,21,0,2,21,0,23,8,10,26,0,44,24,0,24,68
11/13/2022,HLN,MT,ANM,WE,Combination Non-Radar Approach Control & Tower w/o Radar,7,1,3,0,11,0,0,9,0,9,7,1,12,0,20,18,0,18,38
11/14/2022,HLN,MT,ANM,WE,Combination Non-Radar Approach Control & Tower w/o Radar,6,5,2,7,20,0,0,6,2,8,6,5,8,9,28,16,50,66,94
11/15/2022,HLN,MT,ANM,WE,Combination Non-Radar Approach Control & Tower w/o Radar,6,13,4,0,23,0,0,28,21,49,6,13,32,21,72,4,4,8,80
11/16/2022,HLN,MT,ANM,WE,Combination Non-Radar Approach Control & Tower w/o Radar,7,9,8,1,25,0,4,36,12,52,7,13,44,13,77,46,6,52,129
11/17/2022,HLN,MT,ANM,WE,Combination Non-Radar Approach Control & Tower w/o Radar,6,5,5,14,30,0,0,22,18,40,6,5,27,32,70,34,18,52,122
11/18/2022,HLN,MT,ANM,WE,Combination Non-Radar Approach Control & Tower w/o Radar,9,9,2,27,47,0,2,31,11,44,9,11,33,38,91,18,2,20,111
11/19/2022,HLN,MT,ANM,WE,Combination Non-Radar Approach Control & Tower w/o Radar,10,4,6,2,22,0,0,14,3,17,10,4,20,5,39,28,0,28,67
11/20/2022,HLN,MT,ANM,WE,Combination Non-Radar Approach Control & Tower w/o Radar,9,3,4,0,16,0,1,11,0,12,9,4,15,0,28,30,0,30,58
11/21/2022,HLN,MT,ANM,WE,Combination Non-Radar Approach Control & Tower w/o Radar,6,5,4,3,18,0,7,10,9,26,6,12,14,12,44,38,6,44,88
11/22/2022,HLN,MT,ANM,WE,Combination Non-Radar Approach Control & Tower w/o Radar,7,6,7,7,27,0,4,33,11,48,7,10,40,18,75,76,10,86,161
11/23/2022,HLN,MT,ANM,WE,Combination Non-Radar Approach Control & Tower w/o Radar,7,5,6,0,18,0,1,18,12,31,7,6,24,12,49,10,22,32,81
11/24/2022,HLN,MT,ANM,WE,Combination Non-Radar Approach Control & Tower w/o Radar,4,0,0,0,4,0,0,19,0,19,4,0,19,0,23,24,0,24,47
11/25/2022,HLN,MT,ANM,WE,Combination Non-Radar Approach Control & Tower w/o Radar,6,7,4,0,17,0,2,40,0,42,6,9,44,0,59,58,0,58,117
11/26/2022,HLN,MT,ANM,WE,Combination Non-Radar Approach Control & Tower w/o Radar,6,6,0,0,12,0,0,18,0,18,6,6,18,0,30,56,0,56,86
11/27/2022,HLN,MT,ANM,WE,Combination Non-Radar Approach Control & Tower w/o Radar,7,1,7,0,15,0,0,3,0,3,7,1,10,0,18,0,0,0,18
11/28/2022,HLN,MT,ANM,WE,Combination Non-Radar Approach Control & Tower w/o Radar,6,3,4,3,16,0,0,6,11,17,6,3,10,14,33,10,8,18,51
11/29/2022,HLN,MT,ANM,WE,Combination Non-Radar Approach Control & Tower w/o Radar,6,10,7,2,25,0,2,17,23,42,6,12,24,25,67,26,16,42,109
11/30/2022,HLN,MT,ANM,WE,Combination Non-Radar Approach Control & Tower w/o Radar,9,6,4,0,19,0,6,30,26,62,9,12,34,26,81,80,12,92,173
12/01/2022,HLN,MT,ANM,WE,Combination Non-Radar Approach Control & Tower w/o Radar,5,3,6,0,14,0,0,13,7,20,5,3,19,7,34,24,2,26,60
12/02/2022,HLN,MT,ANM,WE,Combination Non-Radar Approach Control & Tower w/o Radar,5,4,10,0,19,0,0,20,16,36,5,4,30,16,55,52,4,56,111
12/03/2022,HLN,MT,ANM,WE,Combination Non-Radar Approach Control & Tower w/o Radar,8,4,0,0,12,0,3,26,0,29,8,7,26,0,41,90,0,90,131
12/04/2022,HLN,MT,ANM,WE,Combination Non-Radar Approach Control & Tower w/o Radar,7,1,3,1,12,0,0,17,0,17,7,1,20,1,29,32,0,32,61
12/05/2022,HLN,MT,ANM,WE,Combination Non-Radar Approach Control & Tower w/o Radar,6,4,7,1,18,0,0,14,20,34,6,4,21,21,52,12,26,38,90
12/06/2022,HLN,MT,ANM,WE,Combination Non-Radar Approach Control & Tower w/o Radar,7,6,4,1,18,0,0,15,15,30,7,6,19,16,48,40,24,64,112
12/07/2022,HLN,MT,ANM,WE,Combination Non-Radar Approach Control & Tower w/o Radar,6,13,10,1,30,0,4,28,4,36,6,17,38,5,66,86,2,88,154
12/08/2022,HLN,MT,ANM,WE,Combination Non-Radar Approach Control & Tower w/o Radar,6,6,8,1,21,6,21,49,23,99,12,27,57,24,120,108,28,136,256
12/09/2022,HLN,MT,ANM,WE,Combination Non-Radar Approach Control & Tower w/o Radar,6,5,6,0,17,0,3,27,5,35,6,8,33,5,52,76,2,78,130
12/10/2022,HLN,MT,ANM,WE,Combination Non-Radar Approach Control & Tower w/o Radar,8,3,2,0,13,0,8,18,0,26,8,11,20,0,39,88,0,88,127
12/11/2022,HLN,MT,ANM,WE,Combination Non-Radar Approach Control & Tower w/o Radar,6,1,2,0,9,0,0,14,0,14,6,1,16,0,23,50,0,50,73
12/12/2022,HLN,MT,ANM,WE,Combination Non-Radar Approach Control & Tower w/o Radar,7,4,5,0,16,0,0,1,6,7,7,4,6,6,23,0,2,2,25
12/13/2022,HLN,MT,ANM,WE,Combination Non-Radar Approach Control & Tower w/o Radar,7,5,7,0,19,0,0,12,20,32,7,5,19,20,51,30,40,70,121
12/14/2022,HLN,MT,ANM,WE,Combination Non-Radar Approach Control & Tower w/o Radar,5,10,6,2,23,0,0,2,6,8,5,10,8,8,31,0,22,22,53
12/15/2022,HLN,MT,ANM,WE,Combination Non-Radar Approach Control & Tower w/o Radar,6,6,10,0,22,0,0,9,8,17,6,6,19,8,39,0,4,4,43
12/16/2022,HLN,MT,ANM,WE,Combination Non-Radar Approach Control & Tower w/o Radar,4,9,5,28,46,0,2,16,16,34,4,11,21,44,80,34,8,42,122
12/17/2022,HLN,MT,ANM,WE,Combination Non-Radar Approach Control & Tower w/o Radar,5,5,1,1,12,0,0,23,2,25,5,5,24,3,37,50,0,50,87
12/18/2022,HLN,MT,ANM,WE,Combination Non-Radar Approach Control & Tower w/o Radar,5,3,2,0,10,0,0,5,0,5,5,3,7,0,15,6,0,6,21
12/19/2022,HLN,MT,ANM,WE,Combination Non-Radar Approach Control & Tower w/o Radar,6,1,4,2,13,0,4,2,4,10,6,5,6,6,23,0,0,0,23
12/20/2022,HLN,MT,ANM,WE,Combination Non-Radar Approach Control & Tower w/o Radar,6,10,12,2,30,0,1,3,7,11,6,11,15,9,41,0,0,0,41
12/21/2022,HLN,MT,ANM,WE,Combination Non-Radar Approach Control & Tower w/o Radar,6,10,6,0,22,0,1,0,8,9,6,11,6,8,31,0,0,0,31
12/22/2022,HLN,MT,ANM,WE,Combination Non-Radar Approach Control & Tower w/o Radar,7,7,1,0,15,0,1,4,0,5,7,8,5,0,20,0,0,0,20
12/23/2022,HLN,MT,ANM,WE,Combination Non-Radar Approach Control & Tower w/o Radar,5,15,2,0,22,0,0,1,4,5,5,15,3,4,27,2,4,6,33
12/24/2022,HLN,MT,ANM,WE,Combination Non-Radar Approach Control & Tower w/o Radar,4,3,4,0,11,0,1,3,0,4,4,4,7,0,15,0,0,0,15
12/25/2022,HLN,MT,ANM,WE,Combination Non-Radar Approach Control & Tower w/o Radar,8,3,3,0,14,0,0,2,0,2,8,3,5,0,16,0,0,0,16
12/26/2022,HLN,MT,ANM,WE,Combination Non-Radar Approach Control & Tower w/o Radar,4,3,6,0,13,0,0,22,0,22,4,3,28,0,35,6,0,6,41
12/27/2022,HLN,MT,ANM,WE,Combination Non-Radar Approach Control & Tower w/o Radar,6,4,4,0,14,0,0,21,5,26,6,4,25,5,40,6,0,6,46
12/28/2022,HLN,MT,ANM,WE,Combination Non-Radar Approach Control & Tower w/o Radar,6,7,6,1,20,0,0,6,16,22,6,7,12,17,42,50,2,52,94
12/29/2022,HLN,MT,ANM,WE,Combination Non-Radar Approach Control & Tower w/o Radar,5,4,6,1,16,0,1,34,22,57,5,5,40,23,73,56,20,76,149
12/30/2022,HLN,MT,ANM,WE,Combination Non-Radar Approach Control & Tower w/o Radar,5,5,3,0,13,0,1,26,10,37,5,6,29,10,50,60,0,60,110
12/31/2022,HLN,MT,ANM,WE,Combination Non-Radar Approach Control & Tower w/o Radar,4,4,1,0,9,0,0,11,0,11,4,4,12,0,20,54,0,54,74
01/01/2023,HLN,MT,ANM,WE,Combination Non-Radar Approach Control & Tower w/o Radar,4,1,2,0,7,0,0,23,0,23,4,1,25,0,30,20,0,20,50
01/02/2023,HLN,MT,ANM,WE,Combination Non-Radar Approach Control & Tower w/o Radar,5,4,5,0,14,0,0,61,1,62,5,4,66,1,76,76,0,76,152
01/03/2023,HLN,MT,ANM,WE,Combination Non-Radar Approach Control & Tower w/o Radar,6,2,7,1,16,0,0,22,15,37,6,2,29,16,53,26,18,44,97
01/04/2023,HLN,MT,ANM,WE,Combination Non-Radar Approach Control & Tower w/o Radar,7,8,5,2,22,0,5,34,0,39,7,13,39,2,61,60,0,60,121
01/05/2023,HLN,MT,ANM,WE,Combination Non-Radar Approach Control & Tower w/o Radar,7,6,3,0,16,0,0,34,14,48,7,6,37,14,64,70,0,70,134
01/06/2023,HLN,MT,ANM,WE,Combination Non-Radar Approach Control & Tower w/o Radar,5,4,0,0,9,0,0,0,0,0,5,4,0,0,9,0,0,0,9
01/07/2023,HLN,MT,ANM,WE,Combination Non-Radar Approach Control & Tower w/o Radar,4,1,2,0,7,0,1,13,0,14,4,2,15,0,21,12,0,12,33
01/08/2023,HLN,MT,ANM,WE,Combination Non-Radar Approach Control & Tower w/o Radar,6,3,0,0,9,0,0,18,21,39,6,3,18,21,48,58,8,66,114
01/09/2023,HLN,MT,ANM,WE,Combination Non-Radar Approach Control & Tower w/o Radar,6,3,3,2,14,0,0,35,15,50,6,3,38,17,64,110,30,140,204
01/10/2023,HLN,MT,ANM,WE,Combination Non-Radar Approach Control & Tower w/o Radar,7,6,15,0,28,0,2,38,17,57,7,8,53,17,85,70,16,86,171
01/11/2023,HLN,MT,ANM,WE,Combination Non-Radar Approach Control & Tower w/o Radar,7,9,8,0,24,0,2,47,21,70,7,11,55,21,94,52,18,70,164
01/12/2023,HLN,MT,ANM,WE,Combination Non-Radar Approach Control & Tower w/o Radar,7,6,4,0,17,0,5,26,23,54,7,11,30,23,71,28,28,56,127
01/13/2023,HLN,MT,ANM,WE,Combination Non-Radar Approach Control & Tower w/o Radar,6,9,2,0,17,0,4,20,10,34,6,13,22,10,51,50,0,50,101
01/14/2023,HLN,MT,ANM,WE,Combination Non-Radar Approach Control & Tower w/o Radar,8,3,2,0,13,0,6,26,0,32,8,9,28,0,45,80,0,80,125
01/15/2023,HLN,MT,ANM,WE,Combination Non-Radar Approach Control & Tower w/o Radar,8,4,3,0,15,0,0,21,2,23,8,4,24,2,38,72,0,72,110
01/16/2023,HLN,MT,ANM,WE,Combination Non-Radar Approach Control & Tower w/o Radar,6,4,6,0,16,0,0,0,0,0,6,4,6,0,16,0,0,0,16
01/17/2023,HLN,MT,ANM,WE,Combination Non-Radar Approach Control & Tower w/o Radar,4,6,10,0,20,0,2,14,7,23,4,8,24,7,43,30,0,30,73
01/18/2023,HLN,MT,ANM,WE,Combination Non-Radar Approach Control & Tower w/o Radar,5,6,12,3,26,0,5,42,7,54,5,11,54,10,80,83,26,109,189
01/19/2023,HLN,MT,ANM,WE,Combination Non-Radar Approach Control & Tower w/o Radar,6,4,10,2,22,0,2,11,7,20,6,6,21,9,42,20,0,20,62
01/20/2023,HLN,MT,ANM,WE,Combination Non-Radar Approach Control & Tower w/o Radar,6,7,4,2,19,0,5,39,9,53,6,12,43,11,72,96,2,98,170
01/21/2023,HLN,MT,ANM,WE,Combination Non-Radar Approach Control & Tower w/o Radar,8,4,4,0,16,0,3,40,7,50,8,7,44,7,66,112,0,112,178
01/22/2023,HLN,MT,ANM,WE,Combination Non-Radar Approach Control & Tower w/o Radar,6,3,3,0,12,0,0,3,0,3,6,3,6,0,15,0,0,0,15
01/23/2023,HLN,MT,ANM,WE,Combination Non-Radar Approach Control & Tower w/o Radar,7,3,6,3,19,0,3,13,18,34,7,6,19,21,53,30,14,44,97
01/24/2023,HLN,MT,ANM,WE,Combination Non-Radar Approach Control & Tower w/o Radar,6,9,3,2,20,0,0,12,12,24,6,9,15,14,44,60,46,106,150
01/25/2023,HLN,MT,ANM,WE,Combination Non-Radar Approach Control & Tower w/o Radar,7,7,8,0,22,0,0,29,13,42,7,7,37,13,64,92,50,142,206
01/26/2023,HLN,MT,ANM,WE,Combination Non-Radar Approach Control & Tower w/o Radar,7,4,14,0,25,0,0,7,9,16,7,4,21,9,41,18,14,32,73
01/27/2023,HLN,MT,ANM,WE,Combination Non-Radar Approach Control & Tower w/o Radar,9,8,8,0,25,0,0,0,0,0,9,8,8,0,25,0,0,0,25
01/28/2023,HLN,MT,ANM,WE,Combination Non-Radar Approach Control & Tower w/o Radar,7,3,0,0,10,0,0,0,0,0,7,3,0,0,10,0,0,0,10
01/29/2023,HLN,MT,ANM,WE,Combination Non-Radar Approach Control & Tower w/o Radar,5,0,3,0,8,0,2,3,0,5,5,2,6,0,13,0,0,0,13
01/30/2023,HLN,MT,ANM,WE,Combination Non-Radar Approach Control & Tower w/o Radar,6,8,5,6,25,0,0,17,10,27,6,8,22,16,52,28,16,44,96
01/31/2023,HLN,MT,ANM,WE,Combination Non-Radar Approach Control & Tower w/o Radar,5,6,6,2,19,0,0,16,19,35,5,6,22,21,54,74,16,90,144
02/01/2023,HLN,MT,ANM,WE,Combination Non-Radar Approach Control & Tower w/o Radar,9,9,8,0,26,0,3,33,7,43,9,12,41,7,69,64,2,66,135
02/02/2023,HLN,MT,ANM,WE,Combination Non-Radar Approach Control & Tower w/o Radar,6,3,5,2,16,0,1,24,14,39,6,4,29,16,55,112,0,112,167
02/03/2023,HLN,MT,ANM,WE,Combination Non-Radar Approach Control & Tower w/o Radar,6,7,9,0,22,0,10,29,21,60,6,17,38,21,82,38,14,52,134
02/04/2023,HLN,MT,ANM,WE,Combination Non-Radar Approach Control & Tower w/o Radar,8,6,0,0,14,0,2,25,18,45,8,8,25,18,59,54,0,54,113
02/05/2023,HLN,MT,ANM,WE,Combination Non-Radar Approach Control & Tower w/o Radar,6,2,3,0,11,0,0,18,15,33,6,2,21,15,44,54,2,56,100
02/06/2023,HLN,MT,ANM,WE,Combination Non-Radar Approach Control & Tower w/o Radar,6,4,3,0,13,1,0,18,11,30,7,4,21,11,43,16,4,20,63
02/07/2023,HLN,MT,ANM,WE,Combination Non-Radar Approach Control & Tower w/o Radar,6,10,6,0,22,0,2,34,14,50,6,12,40,14,72,78,0,78,150
02/08/2023,HLN,MT,ANM,WE,Combination Non-Radar Approach Control & Tower w/o Radar,7,4,7,3,21,0,0,8,8,16,7,4,15,11,37,0,20,20,57
02/09/2023,HLN,MT,ANM,WE,Combination Non-Radar Approach Control & Tower w/o Radar,6,6,3,4,19,0,2,52,7,61,6,8,55,11,80,222,0,222,302
02/10/2023,HLN,MT,ANM,WE,Combination Non-Radar Approach Control & Tower w/o Radar,8,4,6,0,18,0,2,44,8,54,8,6,50,8,72,120,34,154,226
02/11/2023,HLN,MT,ANM,WE,Combination Non-Radar Approach Control & Tower w/o Radar,8,2,4,0,14,0,3,52,0,55,8,5,56,0,69,84,0,84,153
02/12/2023,HLN,MT,ANM,WE,Combination Non-Radar Approach Control & Tower w/o Radar,7,0,4,0,11,0,0,21,0,21,7,0,25,0,32,58,0,58,90
02/13/2023,HLN,MT,ANM,WE,Combination Non-Radar Approach Control & Tower w/o Radar,6,5,2,6,19,0,5,17,15,37,6,10,19,21,56,60,50,110,166
02/14/2023,HLN,MT,ANM,WE,Combination Non-Radar Approach Control & Tower w/o Radar,5,2,3,0,10,0,15,5,4,24,5,17,8,4,34,0,0,0,34
02/15/2023,HLN,MT,ANM,WE,Combination Non-Radar Approach Control & Tower w/o Radar,7,10,3,1,21,0,14,47,19,80,7,24,50,20,101,108,6,114,215
02/16/2023,HLN,MT,ANM,WE,Combination Non-Radar Approach Control & Tower w/o Radar,6,6,1,1,14,0,6,39,21,66,6,12,40,22,80,186,14,200,280
02/17/2023,HLN,MT,ANM,WE,Combination Non-Radar Approach Control & Tower w/o Radar,7,6,2,1,16,0,0,33,13,46,7,6,35,14,62,104,0,104,166
02/18/2023,HLN,MT,ANM,WE,Combination Non-Radar Approach Control & Tower w/o Radar,8,3,1,0,12,0,0,14,0,14,8,3,15,0,26,114,0,114,140
02/19/2023,HLN,MT,ANM,WE,Combination Non-Radar Approach Control & Tower w/o Radar,6,1,2,0,9,0,0,0,0,0,6,1,2,0,9,0,0,0,9
02/20/2023,HLN,MT,ANM,WE,Combination Non-Radar Approach Control & Tower w/o Radar,6,2,5,0,13,0,0,3,0,3,6,2,8,0,16,12,0,12,28
02/21/2023,HLN,MT,ANM,WE,Combination Non-Radar Approach Control & Tower w/o Radar,6,8,4,0,18,0,0,0,0,0,6,8,4,0,18,0,0,0,18
02/22/2023,HLN,MT,ANM,WE,Combination Non-Radar Approach Control & Tower w/o Radar,7,6,16,0,29,0,1,0,0,1,7,7,16,0,30,0,0,0,30
02/23/2023,HLN,MT,ANM,WE,Combination Non-Radar Approach Control & Tower w/o Radar,7,6,9,1,23,0,0,5,5,10,7,6,14,6,33,10,24,34,67
02/24/2023,HLN,MT,ANM,WE,Combination Non-Radar Approach Control & Tower w/o Radar,7,7,8,2,24,0,14,18,5,37,7,21,26,7,61,32,0,32,93
02/25/2023,HLN,MT,ANM,WE,Combination Non-Radar Approach Control & Tower w/o Radar,8,4,0,0,12,0,0,41,1,42,8,4,41,1,54,122,0,122,176
02/26/2023,HLN,MT,ANM,WE,Combination Non-Radar Approach Control & Tower w/o Radar,6,1,1,0,8,0,2,19,0,21,6,3,20,0,29,52,0,52,81
02/27/2023,HLN,MT,ANM,WE,Combination Non-Radar Approach Control & Tower w/o Radar,6,3,9,0,18,0,0,45,10,55,6,3,54,10,73,72,16,88,161
02/28/2023,HLN,MT,ANM,WE,Combination Non-Radar Approach Control & Tower w/o Radar,7,4,3,0,14,0,0,21,19,40,7,4,24,19,54,56,10,66,120
03/01/2023,HLN,MT,ANM,WE,Combination Non-Radar Approach Control & Tower w/o Radar,7,8,5,0,20,0,0,37,5,42,7,8,42,5,62,126,0,126,188
03/02/2023,HLN,MT,ANM,WE,Combination Non-Radar Approach Control & Tower w/o Radar,6,9,3,0,18,0,0,30,21,51,6,9,33,21,69,98,6,104,173
03/03/2023,HLN,MT,ANM,WE,Combination Non-Radar Approach Control & Tower w/o Radar,7,6,6,0,19,0,0,13,8,21,7,6,19,8,40,10,0,10,50
03/04/2023,HLN,MT,ANM,WE,Combination Non-Radar Approach Control & Tower w/o Radar,8,5,0,0,13,0,8,34,30,72,8,13,34,30,85,56,0,56,141
03/05/2023,HLN,MT,ANM,WE,Combination Non-Radar Approach Control & Tower w/o Radar,6,1,1,0,8,0,0,0,0,0,6,1,1,0,8,0,0,0,8
03/06/2023,HLN,MT,ANM,WE,Combination Non-Radar Approach Control & Tower w/o Radar,6,7,2,0,15,0,0,6,7,13,6,7,8,7,28,6,0,6,34
03/07/2023,HLN,MT,ANM,WE,Combination Non-Radar Approach Control & Tower w/o Radar,6,7,6,11,30,0,2,39,12,53,6,9,45,23,83,82,18,100,183
03/08/2023,HLN,MT,ANM,WE,Combination Non-Radar Approach Control & Tower w/o Radar,7,7,8,0,22,0,0,14,10,24,7,7,22,10,46,86,22,108,154
03/09/2023,HLN,MT,ANM,WE,Combination Non-Radar Approach Control & Tower w/o Radar,6,6,8,0,20,0,13,53,15,81,6,19,61,15,101,108,0,108,209
03/10/2023,HLN,MT,ANM,WE,Combination Non-Radar Approach Control & Tower w/o Radar,6,3,2,2,13,0,0,1,0,1,6,3,3,2,14,0,0,0,14
03/11/2023,HLN,MT,ANM,WE,Combination Non-Radar Approach Control & Tower w/o Radar,8,4,1,0,13,0,0,1,1,2,8,4,2,1,15,2,0,2,17
03/12/2023,HLN,MT,ANM,WE,Combination Non-Radar Approach Control & Tower w/o Radar,6,5,3,1,15,0,2,29,3,34,6,7,32,4,49,46,0,46,95
03/13/2023,HLN,MT,ANM,WE,Combination Non-Radar Approach Control & Tower w/o Radar,6,2,4,9,21,0,4,38,22,64,6,6,42,31,85,22,32,54,139
03/14/2023,HLN,MT,ANM,WE,Combination Non-Radar Approach Control & Tower w/o Radar,6,7,10,4,27,0,2,24,19,45,6,9,34,23,72,110,12,122,194
03/15/2023,HLN,MT,ANM,WE,Combination Non-Radar Approach Control & Tower w/o Radar,7,6,2,1,16,0,0,3,5,8,7,6,5,6,24,0,0,0,24
03/16/2023,HLN,MT,ANM,WE,Combination Non-Radar Approach Control & Tower w/o Radar,6,5,9,1,21,0,1,42,12,55,6,6,51,13,76,76,2,78,154
03/17/2023,HLN,MT,ANM,WE,Combination Non-Radar Approach Control & Tower w/o Radar,6,7,6,1,20,0,4,73,7,84,6,11,79,8,104,144,0,144,248
03/18/2023,HLN,MT,ANM,WE,Combination Non-Radar Approach Control & Tower w/o Radar,7,6,1,0,14,0,4,49,0,53,7,10,50,0,67,54,0,54,121
03/19/2023,HLN,MT,ANM,WE,Combination Non-Radar Approach Control & Tower w/o Radar,6,3,2,0,11,0,0,47,0,47,6,3,49,0,58,98,0,98,156
03/20/2023,HLN,MT,ANM,WE,Combination Non-Radar Approach Control & Tower w/o Radar,6,5,9,1,21,0,0,16,2,18,6,5,25,3,39,64,0,64,103
03/21/2023,HLN,MT,ANM,WE,Combination Non-Radar Approach Control & Tower w/o Radar,7,6,8,0,21,0,0,27,19,46,7,6,35,19,67,18,28,46,113
03/22/2023,HLN,MT,ANM,WE,Combination Non-Radar Approach Control & Tower w/o Radar,7,4,6,1,18,0,9,63,25,97,7,13,69,26,115,158,28,186,301
03/23/2023,HLN,MT,ANM,WE,Combination Non-Radar Approach Control & Tower w/o Radar,7,3,4,1,15,0,3,45,23,71,7,6,49,24,86,200,14,214,300
03/24/2023,HLN,MT,ANM,WE,Combination Non-Radar Approach Control & Tower w/o Radar,6,4,5,0,15,0,5,33,11,49,6,9,38,11,64,72,16,88,152
03/25/2023,HLN,MT,ANM,WE,Combination Non-Radar Approach Control & Tower w/o Radar,8,16,7,1,32,4,5,2,4,15,12,21,9,5,47,38,0,38,85
03/26/2023,HLN,MT,ANM,WE,Combination Non-Radar Approach Control & Tower w/o Radar,0,0,0,0,0,7,2,2,1,12,7,2,2,1,12,0,0,0,12
03/27/2023,HLN,MT,ANM,WE,Combination Non-Radar Approach Control & Tower w/o Radar,6,9,5,0,20,0,6,23,3,32,6,15,28,3,52,52,0,52,104
03/28/2023,HLN,MT,ANM,WE,Combination Non-Radar Approach Control & Tower w/o Radar,6,5,9,0,20,0,0,49,6,55,6,5,58,6,75,122,0,122,197
03/29/2023,HLN,MT,ANM,WE,Combination Non-Radar Approach Control & Tower w/o Radar,6,9,10,4,29,0,2,28,5,35,6,11,38,9,64,84,8,92,156
03/30/2023,HLN,MT,ANM,WE,Combination Non-Radar Approach Control & Tower w/o Radar,7,3,2,0,12,0,0,3,0,3,7,3,5,0,15,6,0,6,21
03/31/2023,HLN,MT,ANM,WE,Combination Non-Radar Approach Control & Tower w/o Radar,7,10,10,1,28,0,4,40,23,67,7,14,50,24,95,102,7,109,204
04/01/2023,HLN,MT,ANM,WE,Combination Non-Radar Approach Control & Tower w/o Radar,10,4,2,0,16,0,1,19,7,27,10,5,21,7,43,34,14,48,91
04/02/2023,HLN,MT,ANM,WE,Combination Non-Radar Approach Control & Tower w/o Radar,6,2,6,0,14,0,1,0,0,1,6,3,6,0,15,0,0,0,15
04/03/2023,HLN,MT,ANM,WE,Combination Non-Radar Approach Control & Tower w/o Radar,6,4,6,0,16,0,10,46,2,58,6,14,52,2,74,104,0,104,178
04/04/2023,HLN,MT,ANM,WE,Combination Non-Radar Approach Control & Tower w/o Radar,6,3,5,0,14,0,0,19,6,25,6,3,24,6,39,90,8,98,137
04/05/2023,HLN,MT,ANM,WE,Combination Non-Radar Approach Control & Tower w/o Radar,7,6,7,1,21,0,4,46,10,60,7,10,53,11,81,114,4,118,199
04/06/2023,HLN,MT,ANM,WE,Combination Non-Radar Approach Control & Tower w/o Radar,6,11,5,2,24,0,8,41,22,71,6,19,46,24,95,80,0,80,175
04/07/2023,HLN,MT,ANM,WE,Combination Non-Radar Approach Control & Tower w/o Radar,7,2,2,2,13,0,3,55,14,72,7,5,57,16,85,130,0,130,215
04/08/2023,HLN,MT,ANM,WE,Combination Non-Radar Approach Control & Tower w/o Radar,7,7,1,0,15,0,4,33,0,37,7,11,34,0,52,174,0,174,226
04/09/2023,HLN,MT,ANM,WE,Combination Non-Radar Approach Control & Tower w/o Radar,6,4,2,0,12,0,0,25,0,25,6,4,27,0,37,14,0,14,51
04/10/2023,HLN,MT,ANM,WE,Combination Non-Radar Approach Control & Tower w/o Radar,6,3,5,0,14,0,2,46,10,58,6,5,51,10,72,72,0,72,144
04/11/2023,HLN,MT,ANM,WE,Combination Non-Radar Approach Control & Tower w/o Radar,6,9,11,0,26,0,2,15,7,24,6,11,26,7,50,42,4,46,96
04/12/2023,HLN,MT,ANM,WE,Combination Non-Radar Approach Control & Tower w/o Radar,5,8,6,4,23,0,0,20,10,30,5,8,26,14,53,128,10,138,191
04/13/2023,HLN,MT,ANM,WE,Combination Non-Radar Approach Control & Tower w/o Radar,5,3,2,1,11,0,0,0,2,2,5,3,2,3,13,14,0,14,27
04/14/2023,HLN,MT,ANM,WE,Combination Non-Radar Approach Control & Tower w/o Radar,4,14,8,3,29,0,4,55,16,75,4,18,63,19,104,158,2,160,264
04/15/2023,HLN,MT,ANM,WE,Combination Non-Radar Approach Control & Tower w/o Radar,8,3,4,0,15,0,14,58,2,74,8,17,62,2,89,108,0,108,197
04/16/2023,HLN,MT,ANM,WE,Combination Non-Radar Approach Control & Tower w/o Radar,6,2,2,0,10,0,2,30,0,32,6,4,32,0,42,72,0,72,114
04/17/2023,HLN,MT,ANM,WE,Combination Non-Radar Approach Control & Tower w/o Radar,5,5,4,2,16,0,0,41,16,57,5,5,45,18,73,68,16,84,157
04/18/2023,HLN,MT,ANM,WE,Combination Non-Radar Approach Control & Tower w/o Radar,5,4,7,0,16,0,0,7,6,13,5,4,14,6,29,16,12,28,57
04/19/2023,HLN,MT,ANM,WE,Combination Non-Radar Approach Control & Tower w/o Radar,7,10,13,2,32,0,1,2,5,8,7,11,15,7,40,0,2,2,42
04/20/2023,HLN,MT,ANM,WE,Combination Non-Radar Approach Control & Tower w/o Radar,6,5,8,0,19,0,0,0,3,3,6,5,8,3,22,0,6,6,28
04/21/2023,HLN,MT,ANM,WE,Combination Non-Radar Approach Control & Tower w/o Radar,6,6,7,0,19,0,2,19,9,30,6,8,26,9,49,14,2,16,65
04/22/2023,HLN,MT,ANM,WE,Combination Non-Radar Approach Control & Tower w/o Radar,7,7,3,0,17,0,4,48,5,57,7,11,51,5,74,86,8,94,168
04/23/2023,HLN,MT,ANM,WE,Combination Non-Radar Approach Control & Tower w/o Radar,6,5,1,0,12,0,2,49,0,51,6,7,50,0,63,36,0,36,99
04/24/2023,HLN,MT,ANM,WE,Combination Non-Radar Approach Control & Tower w/o Radar,6,4,4,0,14,0,6,34,17,57,6,10,38,17,71,74,12,86,157
04/25/2023,HLN,MT,ANM,WE,Combination Non-Radar Approach Control & Tower w/o Radar,6,11,7,1,25,0,0,33,20,53,6,11,40,21,78,68,6,74,152
04/26/2023,HLN,MT,ANM,WE,Combination Non-Radar Approach Control & Tower w/o Radar,6,5,5,0,16,0,0,56,12,68,6,5,61,12,84,124,0,124,208
04/27/2023,HLN,MT,ANM,WE,Combination Non-Radar Approach Control & Tower w/o Radar,5,4,1,0,10,0,3,23,7,33,5,7,24,7,43,76,10,86,129
04/28/2023,HLN,MT,ANM,WE,Combination Non-Radar Approach Control & Tower w/o Radar,7,9,12,0,28,0,7,85,4,96,7,16,97,4,124,128,0,128,252
04/29/2023,HLN,MT,ANM,WE,Combination Non-Radar Approach Control & Tower w/o Radar,6,4,4,1,15,0,2,73,2,77,6,6,77,3,92,58,0,58,150
04/30/2023,HLN,MT,ANM,WE,Combination Non-Radar Approach Control & Tower w/o Radar,6,2,0,0,8,0,0,54,0,54,6,2,54,0,62,90,0,90,152
05/01/2023,HLN,MT,ANM,WE,Combination Non-Radar Approach Control & Tower w/o Radar,5,4,4,0,13,0,4,57,2,63,5,8,61,2,76,106,0,106,182
05/02/2023,HLN,MT,ANM,WE,Combination Non-Radar Approach Control & Tower w/o Radar,7,3,7,2,19,0,3,49,1,53,7,6,56,3,72,164,0,164,236
05/03/2023,HLN,MT,ANM,WE,Combination Non-Radar Approach Control & Tower w/o Radar,6,6,2,1,15,0,0,65,9,74,6,6,67,10,89,134,12,146,235
05/04/2023,HLN,MT,ANM,WE,Combination Non-Radar Approach Control & Tower w/o Radar,5,6,4,0,15,0,2,35,3,40,5,8,39,3,55,58,0,58,113
05/05/2023,HLN,MT,ANM,WE,Combination Non-Radar Approach Control & Tower w/o Radar,5,5,7,0,17,0,2,21,17,40,5,7,28,17,57,186,6,192,249
05/06/2023,HLN,MT,ANM,WE,Combination Non-Radar Approach Control & Tower w/o Radar,8,6,2,0,16,0,0,14,14,28,8,6,16,14,44,50,8,58,102
05/07/2023,HLN,MT,ANM,WE,Combination Non-Radar Approach Control & Tower w/o Radar,10,3,1,0,14,0,0,10,6,16,10,3,11,6,30,10,0,10,40
05/08/2023,HLN,MT,ANM,WE,Combination Non-Radar Approach Control & Tower w/o Radar,6,4,1,2,13,0,0,28,7,35,6,4,29,9,48,134,0,134,182
05/09/2023,HLN,MT,ANM,WE,Combination Non-Radar Approach Control & Tower w/o Radar,5,5,8,0,18,0,2,26,7,35,5,7,34,7,53,128,2,130,183
05/10/2023,HLN,MT,ANM,WE,Combination Non-Radar Approach Control & Tower w/o Radar,7,6,2,0,15,0,2,54,12,68,7,8,56,12,83,158,18,176,259
05/11/2023,HLN,MT,ANM,WE,Combination Non-Radar Approach Control & Tower w/o Radar,6,3,6,1,16,0,2,25,6,33,6,5,31,7,49,102,2,104,153
05/12/2023,HLN,MT,ANM,WE,Combination Non-Radar Approach Control & Tower w/o Radar,7,6,3,1,17,0,5,61,4,70,7,11,64,5,87,112,0,112,199
05/13/2023,HLN,MT,ANM,WE,Combination Non-Radar Approach Control & Tower w/o Radar,6,3,3,0,12,0,1,24,0,25,6,4,27,0,37,121,0,121,158
05/14/2023,HLN,MT,ANM,WE,Combination Non-Radar Approach Control & Tower w/o Radar,5,2,2,0,9,0,0,5,0,5,5,2,7,0,14,14,0,14,28
05/15/2023,HLN,MT,ANM,WE,Combination Non-Radar Approach Control & Tower w/o Radar,6,5,4,5,20,0,2,78,7,87,6,7,82,12,107,112,8,120,227
05/16/2023,HLN,MT,ANM,WE,Combination Non-Radar Approach Control & Tower w/o Radar,6,5,2,0,13,0,1,65,17,83,6,6,67,17,96,98,6,104,200
05/17/2023,HLN,MT,ANM,WE,Combination Non-Radar Approach Control & Tower w/o Radar,7,9,6,4,26,0,3,50,17,70,7,12,56,21,96,186,16,202,298
05/18/2023,HLN,MT,ANM,WE,Combination Non-Radar Approach Control & Tower w/o Radar,6,8,20,4,38,0,0,39,8,47,6,8,59,12,85,104,0,104,189
05/19/2023,HLN,MT,ANM,WE,Combination Non-Radar Approach Control & Tower w/o Radar,6,11,16,4,37,0,4,25,8,37,6,15,41,12,74,46,0,46,120
05/20/2023,HLN,MT,ANM,WE,Combination Non-Radar Approach Control & Tower w/o Radar,7,9,1,0,17,0,2,47,8,57,7,11,48,8,74,98,0,98,172
05/21/2023,HLN,MT,ANM,WE,Combination Non-Radar Approach Control & Tower w/o Radar,7,1,13,0,21,0,3,18,0,21,7,4,31,0,42,26,0,26,68
05/22/2023,HLN,MT,ANM,WE,Combination Non-Radar Approach Control & Tower w/o Radar,4,5,6,3,18,0,2,36,11,49,4,7,42,14,67,44,4,48,115
05/23/2023,HLN,MT,ANM,WE,Combination Non-Radar Approach Control & Tower w/o Radar,7,6,7,0,20,0,6,74,15,95,7,12,81,15,115,150,10,160,275
05/24/2023,HLN,MT,ANM,WE,Combination Non-Radar Approach Control & Tower w/o Radar,7,7,10,0,24,0,0,29,13,42,7,7,39,13,66,164,0,164,230
05/25/2023,HLN,MT,ANM,WE,Combination Non-Radar Approach Control & Tower w/o Radar,6,8,27,0,41,0,0,8,13,21,6,8,35,13,62,58,6,64,126
05/26/2023,HLN,MT,ANM,WE,Combination Non-Radar Approach Control & Tower w/o Radar,6,8,4,2,20,0,0,13,4,17,6,8,17,6,37,66,10,76,113
05/27/2023,HLN,MT,ANM,WE,Combination Non-Radar Approach Control & Tower w/o Radar,6,8,3,0,17,0,0,14,0,14,6,8,17,0,31,72,0,72,103
05/28/2023,HLN,MT,ANM,WE,Combination Non-Radar Approach Control & Tower w/o Radar,5,1,2,0,8,0,0,16,0,16,5,1,18,0,24,38,0,38,62
05/29/2023,HLN,MT,ANM,WE,Combination Non-Radar Approach Control & Tower w/o Radar,6,5,2,0,13,0,2,47,0,49,6,7,49,0,62,108,0,108,170
05/30/2023,HLN,MT,ANM,WE,Combination Non-Radar Approach Control & Tower w/o Radar,5,4,5,0,14,0,2,45,20,67,5,6,50,20,81,104,0,104,185
05/31/2023,HLN,MT,ANM,WE,Combination Non-Radar Approach Control & Tower w/o Radar,6,8,5,0,19,0,0,48,17,65,6,8,53,17,84,82,0,82,166
06/01/2023,HLN,MT,ANM,WE,Combination Non-Radar Approach Control & Tower w/o Radar,6,3,7,0,16,0,0,52,17,69,6,3,59,17,85,152,4,156,241
06/02/2023,HLN,MT,ANM,WE,Combination Non-Radar Approach Control & Tower w/o Radar,9,6,8,0,23,0,0,8,6,14,9,6,16,6,37,60,6,66,103
06/03/2023,HLN,MT,ANM,WE,Combination Non-Radar Approach Control & Tower w/o Radar,8,6,6,2,22,0,0,13,9,22,8,6,19,11,44,54,14,68,112
06/04/2023,HLN,MT,ANM,WE,Combination Non-Radar Approach Control & Tower w/o Radar,9,3,5,0,17,0,0,60,24,84,9,3,65,24,101,128,4,132,233
06/05/2023,HLN,MT,ANM,WE,Combination Non-Radar Approach Control & Tower w/o Radar,9,3,5,2,19,0,0,49,23,72,9,3,54,25,91,106,16,122,213
06/06/2023,HLN,MT,ANM,WE,Combination Non-Radar Approach Control & Tower w/o Radar,8,2,7,5,22,0,3,44,6,53,8,5,51,11,75,50,2,52,127
06/07/2023,HLN,MT,ANM,WE,Combination Non-Radar Approach Control & Tower w/o Radar,9,6,8,5,28,0,2,50,13,65,9,8,58,18,93,136,4,140,233
06/08/2023,HLN,MT,ANM,WE,Combination Non-Radar Approach Control & Tower w/o Radar,9,2,3,0,14,0,0,34,4,38,9,2,37,4,52,70,0,70,122
06/09/2023,HLN,MT,ANM,WE,Combination Non-Radar Approach Control & Tower w/o Radar,9,4,11,1,25,0,0,45,8,53,9,4,56,9,78,102,0,102,180
06/10/2023,HLN,MT,ANM,WE,Combination Non-Radar Approach Control & Tower w/o Radar,9,7,1,0,17,0,1,37,6,44,9,8,38,6,61,96,0,96,157
06/11/2023,HLN,MT,ANM,WE,Combination Non-Radar Approach Control & Tower w/o Radar,8,4,4,0,16,1,0,30,4,35,9,4,34,4,51,32,0,32,83
06/12/2023,HLN,MT,ANM,WE,Combination Non-Radar Approach Control & Tower w/o Radar,8,5,7,1,21,0,0,27,12,39,8,5,34,13,60,92,18,110,170
06/13/2023,HLN,MT,ANM,WE,Combination Non-Radar Approach Control & Tower w/o Radar,9,3,10,2,24,0,1,65,18,84,9,4,75,20,108,86,14,100,208
06/14/2023,HLN,MT,ANM,WE,Combination Non-Radar Approach Control & Tower w/o Radar,9,11,9,1,30,0,1,30,6,37,9,12,39,7,67,28,0,28,95
06/15/2023,HLN,MT,ANM,WE,Combination Non-Radar Approach Control & Tower w/o Radar,8,5,5,4,22,0,5,90,18,113,8,10,95,22,135,76,18,94,229
06/16/2023,HLN,MT,ANM,WE,Combination Non-Radar Approach Control & Tower w/o Radar,8,4,0,1,13,0,0,103,2,105,8,4,103,3,118,118,0,118,236
06/17/2023,HLN,MT,ANM,WE,Combination Non-Radar Approach Control & Tower w/o Radar,7,3,0,0,10,0,1,37,0,38,7,4,37,0,48,74,0,74,122
06/18/2023,HLN,MT,ANM,WE,Combination Non-Radar Approach Control & Tower w/o Radar,8,4,4,0,16,0,0,13,0,13,8,4,17,0,29,17,0,17,46
06/19/2023,HLN,MT,ANM,WE,Combination Non-Radar Approach Control & Tower w/o Radar,9,2,11,0,22,0,3,20,0,23,9,5,31,0,45,24,0,24,69
06/20/2023,HLN,MT,ANM,WE,Combination Non-Radar Approach Control & Tower w/o Radar,9,4,5,0,18,0,4,31,12,47,9,8,36,12,65,80,18,98,163
06/21/2023,HLN,MT,ANM,WE,Combination Non-Radar Approach Control & Tower w/o Radar,9,3,7,0,19,0,3,63,0,66,9,6,70,0,85,84,0,84,169
06/22/2023,HLN,MT,ANM,WE,Combination Non-Radar Approach Control & Tower w/o Radar,8,9,9,0,26,0,6,84,15,105,8,15,93,15,131,46,10,56,187
06/23/2023,HLN,MT,ANM,WE,Combination Non-Radar Approach Control & Tower w/o Radar,9,8,8,1,26,0,0,48,4,52,9,8,56,5,78,82,0,82,160
06/24/2023,HLN,MT,ANM,WE,Combination Non-Radar Approach Control & Tower w/o Radar,7,2,1,0,10,0,7,11,1,19,7,9,12,1,29,28,0,28,57
06/25/2023,HLN,MT,ANM,WE,Combination Non-Radar Approach Control & Tower w/o Radar,8,3,6,0,17,0,10,47,0,57,8,13,53,0,74,28,1,29,103
06/26/2023,HLN,MT,ANM,WE,Combination Non-Radar Approach Control & Tower w/o Radar,8,5,4,0,17,0,1,54,4,59,8,6,58,4,76,54,0,54,130
06/27/2023,HLN,MT,ANM,WE,Combination Non-Radar Approach Control & Tower w/o Radar,5,8,3,2,18,0,3,57,12,72,5,11,60,14,90,96,16,112,202
06/28/2023,HLN,MT,ANM,WE,Combination Non-Radar Approach Control & Tower w/o Radar,8,7,9,2,26,0,1,41,16,58,8,8,50,18,84,78,6,84,168
06/29/2023,HLN,MT,ANM,WE,Combination Non-Radar Approach Control & Tower w/o Radar,9,3,2,2,16,0,2,62,17,81,9,5,64,19,97,108,14,122,219
06/30/2023,HLN,MT,ANM,WE,Combination Non-Radar Approach Control & Tower w/o Radar,9,4,3,0,16,0,7,91,8,106,9,11,94,8,122,80,0,80,202
07/01/2023,HLN,MT,ANM,WE,Combination Non-Radar Approach Control & Tower w/o Radar,9,4,3,0,16,0,4,70,0,74,9,8,73,0,90,66,0,66,156
07/02/2023,HLN,MT,ANM,WE,Combination Non-Radar Approach Control & Tower w/o Radar,9,1,0,0,10,0,1,45,0,46,9,2,45,0,56,16,2,18,74
07/03/2023,HLN,MT,ANM,WE,Combination Non-Radar Approach Control & Tower w/o Radar,7,7,3,0,17,0,2,53,0,55,7,9,56,0,72,34,0,34,106
07/04/2023,HLN,MT,ANM,WE,Combination Non-Radar Approach Control & Tower w/o Radar,7,4,6,0,17,0,4,29,0,33,7,8,35,0,50,52,0,52,102
07/05/2023,HLN,MT,ANM,WE,Combination Non-Radar Approach Control & Tower w/o Radar,8,6,4,1,19,0,2,49,6,57,8,8,53,7,76,40,8,48,124
07/06/2023,HLN,MT,ANM,WE,Combination Non-Radar Approach Control & Tower w/o Radar,8,9,7,2,26,0,2,56,13,71,8,11,63,15,97,74,2,76,173
07/07/2023,HLN,MT,ANM,WE,Combination Non-Radar Approach Control & Tower w/o Radar,8,6,8,4,26,0,0,52,3,55,8,6,60,7,81,82,0,82,163
07/08/2023,HLN,MT,ANM,WE,Combination Non-Radar Approach Control & Tower w/o Radar,8,4,4,2,18,0,2,46,6,54,8,6,50,8,72,122,0,122,194
07/09/2023,HLN,MT,ANM,WE,Combination Non-Radar Approach Control & Tower w/o Radar,7,4,3,0,14,0,0,46,0,46,7,4,49,0,60,6,0,6,66
07/10/2023,HLN,MT,ANM,WE,Combination Non-Radar Approach Control & Tower w/o Radar,6,5,5,1,17,0,0,40,12,52,6,5,45,13,69,32,2,34,103
07/11/2023,HLN,MT,ANM,WE,Combination Non-Radar Approach Control & Tower w/o Radar,7,7,5,0,19,0,1,32,29,62,7,8,37,29,81,38,6,44,125
07/12/2023,HLN,MT,ANM,WE,Combination Non-Radar Approach Control & Tower w/o Radar,7,6,10,0,23,0,11,49,24,84,7,17,59,24,107,40,12,52,159
07/13/2023,HLN,MT,ANM,WE,Combination Non-Radar Approach Control & Tower w/o Radar,7,5,9,0,21,0,0,46,13,59,7,5,55,13,80,69,12,81,161
07/14/2023,HLN,MT,ANM,WE,Combination Non-Radar Approach Control & Tower w/o Radar,9,7,2,0,18,0,2,57,8,67,9,9,59,8,85,68,18,86,171
07/15/2023,HLN,MT,ANM,WE,Combination Non-Radar Approach Control & Tower w/o Radar,11,5,1,0,17,0,6,49,5,60,11,11,50,5,77,63,0,63,140
07/16/2023,HLN,MT,ANM,WE,Combination Non-Radar Approach Control & Tower w/o Radar,7,3,1,1,12,0,3,56,0,59,7,6,57,1,71,18,0,18,89
07/17/2023,HLN,MT,ANM,WE,Combination Non-Radar Approach Control & Tower w/o Radar,7,4,6,0,17,0,0,47,21,68,7,4,53,21,85,28,20,48,133
07/18/2023,HLN,MT,ANM,WE,Combination Non-Radar Approach Control & Tower w/o Radar,7,8,18,2,35,0,2,41,23,66,7,10,59,25,101,32,8,40,141
07/19/2023,HLN,MT,ANM,WE,Combination Non-Radar Approach Control & Tower w/o Radar,6,9,17,2,34,0,11,64,7,82,6,20,81,9,116,58,0,58,174
07/20/2023,HLN,MT,ANM,WE,Combination Non-Radar Approach Control & Tower w/o Radar,7,4,13,2,26,1,0,64,14,79,8,4,77,16,105,100,8,108,213
07/21/2023,HLN,MT,ANM,WE,Combination Non-Radar Approach Control & Tower w/o Radar,9,8,5,3,25,9,4,63,7,83,18,12,68,10,108,42,0,42,150
07/22/2023,HLN,MT,ANM,WE,Combination Non-Radar Approach Control & Tower w/o Radar,9,7,2,1,19,3,3,53,0,59,12,10,55,1,78,12,0,12,90
07/23/2023,HLN,MT,ANM,WE,Combination Non-Radar Approach Control & Tower w/o Radar,7,3,5,1,16,2,1,56,1,60,9,4,61,2,76,38,0,38,114
07/24/2023,HLN,MT,ANM,WE,Combination Non-Radar Approach Control & Tower w/o Radar,7,7,10,1,25,0,9,49,2,60,7,16,59,3,85,90,24,114,199
07/25/2023,HLN,MT,ANM,WE,Combination Non-Radar Approach Control & Tower w/o Radar,7,5,11,3,26,0,6,50,14,70,7,11,61,17,96,66,0,66,162
07/26/2023,HLN,MT,ANM,WE,Combination Non-Radar Approach Control & Tower w/o Radar,9,10,4,2,25,2,4,43,16,65,11,14,47,18,90,90,0,90,180
07/27/2023,HLN,MT,ANM,WE,Combination Non-Radar Approach Control & Tower w/o Radar,8,3,5,0,16,2,4,52,13,71,10,7,57,13,87,144,0,144,231
07/28/2023,HLN,MT,ANM,WE,Combination Non-Radar Approach Control & Tower w/o Radar,10,8,3,1,22,0,0,41,6,47,10,8,44,7,69,64,0,64,133
07/29/2023,HLN,MT,ANM,WE,Combination Non-Radar Approach Control & Tower w/o Radar,8,9,3,0,20,0,1,65,0,66,8,10,68,0,86,34,0,34,120
07/30/2023,HLN,MT,ANM,WE,Combination Non-Radar Approach Control & Tower w/o Radar,8,5,2,1,16,4,2,47,0,53,12,7,49,1,69,42,0,42,111
07/31/2023,HLN,MT,ANM,WE,Combination Non-Radar Approach Control & Tower w/o Radar,7,5,0,7,19,5,2,35,17,59,12,7,35,24,78,50,32,82,160
08/01/2023,HLN,MT,ANM,WE,Combination Non-Radar Approach Control & Tower w/o Radar,8,2,2,0,12,18,22,80,19,139,26,24,82,19,151,90,4,94,245
08/02/2023,HLN,MT,ANM,WE,Combination Non-Radar Approach Control & Tower w/o Radar,7,11,5,0,23,9,4,51,3,67,16,15,56,3,90,60,0,60,150
08/03/2023,HLN,MT,ANM,WE,Combination Non-Radar Approach Control & Tower w/o Radar,7,2,6,5,20,2,2,49,7,60,9,4,55,12,80,98,56,154,234
08/04/2023,HLN,MT,ANM,WE,Combination Non-Radar Approach Control & Tower w/o Radar,9,8,9,1,27,0,3,43,7,53,9,11,52,8,80,68,12,80,160
08/05/2023,HLN,MT,ANM,WE,Combination Non-Radar Approach Control & Tower w/o Radar,8,5,5,3,21,2,0,29,3,34,10,5,34,6,55,48,0,48,103
08/06/2023,HLN,MT,ANM,WE,Combination Non-Radar Approach Control & Tower w/o Radar,7,3,1,2,13,0,2,11,0,13,7,5,12,2,26,40,0,40,66
08/07/2023,HLN,MT,ANM,WE,Combination Non-Radar Approach Control & Tower w/o Radar,9,4,4,1,18,0,0,29,4,33,9,4,33,5,51,67,0,67,118
08/08/2023,HLN,MT,ANM,WE,Combination Non-Radar Approach Control & Tower w/o Radar,6,7,6,1,20,0,3,82,7,92,6,10,88,8,112,122,2,124,236
08/09/2023,HLN,MT,ANM,WE,Combination Non-Radar Approach Control & Tower w/o Radar,7,6,6,1,20,0,2,46,5,53,7,8,52,6,73,36,4,40,113
08/10/2023,HLN,MT,ANM,WE,Combination Non-Radar Approach Control & Tower w/o Radar,8,7,2,0,17,0,3,40,10,53,8,10,42,10,70,82,0,82,152
08/11/2023,HLN,MT,ANM,WE,Combination Non-Radar Approach Control & Tower w/o Radar,9,12,4,0,25,0,2,62,6,70,9,14,66,6,95,24,32,56,151
08/12/2023,HLN,MT,ANM,WE,Combination Non-Radar Approach Control & Tower w/o Radar,8,3,7,0,18,0,7,41,1,49,8,10,48,1,67,44,0,44,111
08/13/2023,HLN,MT,ANM,WE,Combination Non-Radar Approach Control & Tower w/o Radar,6,4,1,0,11,0,0,59,0,59,6,4,60,0,70,76,0,76,146
08/14/2023,HLN,MT,ANM,WE,Combination Non-Radar Approach Control & Tower w/o Radar,6,7,2,1,16,0,5,44,17,66,6,12,46,18,82,28,10,38,120
08/15/2023,HLN,MT,ANM,WE,Combination Non-Radar Approach Control & Tower w/o Radar,7,8,14,2,31,0,5,67,8,80,7,13,81,10,111,44,6,50,161
08/16/2023,HLN,MT,ANM,WE,Combination Non-Radar Approach Control & Tower w/o Radar,6,12,13,0,31,0,2,36,8,46,6,14,49,8,77,24,0,24,101
08/17/2023,HLN,MT,ANM,WE,Combination Non-Radar Approach Control & Tower w/o Radar,9,3,16,12,40,1,1,35,8,45,10,4,51,20,85,54,9,63,148
08/18/2023,HLN,MT,ANM,WE,Combination Non-Radar Approach Control & Tower w/o Radar,6,4,4,0,14,0,0,27,2,29,6,4,31,2,43,22,2,24,67
08/19/2023,HLN,MT,ANM,WE,Combination Non-Radar Approach Control & Tower w/o Radar,10,7,5,1,23,0,1,24,1,26,10,8,29,2,49,117,0,117,166
08/20/2023,HLN,MT,ANM,WE,Combination Non-Radar Approach Control & Tower w/o Radar,7,11,2,0,20,0,0,15,0,15,7,11,17,0,35,14,0,14,49
08/21/2023,HLN,MT,ANM,WE,Combination Non-Radar Approach Control & Tower w/o Radar,7,6,8,0,21,0,0,11,3,14,7,6,19,3,35,32,12,44,79
08/22/2023,HLN,MT,ANM,WE,Combination Non-Radar Approach Control & Tower w/o Radar,6,7,5,0,18,0,2,26,13,41,6,9,31,13,59,46,0,46,105
08/23/2023,HLN,MT,ANM,WE,Combination Non-Radar Approach Control & Tower w/o Radar,8,10,8,0,26,0,3,47,12,62,8,13,55,12,88,38,0,38,126
08/24/2023,HLN,MT,ANM,WE,Combination Non-Radar Approach Control & Tower w/o Radar,10,5,13,8,36,0,0,42,7,49,10,5,55,15,85,54,0,54,139
08/25/2023,HLN,MT,ANM,WE,Combination Non-Radar Approach Control & Tower w/o Radar,9,7,9,2,27,0,0,56,6,62,9,7,65,8,89,32,2,34,123
08/26/2023,HLN,MT,ANM,WE,Combination Non-Radar Approach Control & Tower w/o Radar,9,4,2,0,15,0,0,61,2,63,9,4,63,2,78,90,0,90,168
08/27/2023,HLN,MT,ANM,WE,Combination Non-Radar Approach Control & Tower w/o Radar,6,3,4,0,13,0,1,58,0,59,6,4,62,0,72,30,0,30,102
08/28/2023,HLN,MT,ANM,WE,Combination Non-Radar Approach Control & Tower w/o Radar,7,5,5,2,19,0,0,68,14,82,7,5,73,16,101,32,20,52,153
08/29/2023,HLN,MT,ANM,WE,Combination Non-Radar Approach Control & Tower w/o Radar,8,5,5,1,19,0,0,45,12,57,8,5,50,13,76,60,10,70,146
08/30/2023,HLN,MT,ANM,WE,Combination Non-Radar Approach Control & Tower w/o Radar,8,8,10,1,27,0,0,18,9,27,8,8,28,10,54,12,12,24,78
08/31/2023,HLN,MT,ANM,WE,Combination Non-Radar Approach Control & Tower w/o Radar,8,3,10,2,23,0,2,52,15,69,8,5,62,17,92,88,18,106,198
01/01/2020,HLN,MT,ANM,WE,Combination Non-Radar Approach Control & Tower w/o Radar,9,2,0,0,11,0,0,2,0,2,9,2,2,0,13,16,0,16,29
01/02/2020,HLN,MT,ANM,WE,Combination Non-Radar Approach Control & Tower w/o Radar,8,14,3,0,25,0,0,17,0,17,8,14,20,0,42,60,0,60,102
01/03/2020,HLN,MT,ANM,WE,Combination Non-Radar Approach Control & Tower w/o Radar,10,8,3,0,21,0,2,36,2,40,10,10,39,2,61,64,0,64,125
01/04/2020,HLN,MT,ANM,WE,Combination Non-Radar Approach Control & Tower w/o Radar,10,4,1,0,15,0,1,13,0,14,10,5,14,0,29,42,0,42,71
01/05/2020,HLN,MT,ANM,WE,Combination Non-Radar Approach Control & Tower w/o Radar,10,3,2,0,15,0,0,26,0,26,10,3,28,0,41,10,0,10,51
01/06/2020,HLN,MT,ANM,WE,Combination Non-Radar Approach Control & Tower w/o Radar,6,8,6,0,20,0,0,12,3,15,6,8,18,3,35,20,8,28,63
01/07/2020,HLN,MT,ANM,WE,Combination Non-Radar Approach Control & Tower w/o Radar,8,7,1,0,16,0,0,75,0,75,8,7,76,0,91,96,0,96,187
01/08/2020,HLN,MT,ANM,WE,Combination Non-Radar Approach Control & Tower w/o Radar,7,14,7,0,28,0,6,25,3,34,7,20,32,3,62,84,22,106,168
01/09/2020,HLN,MT,ANM,WE,Combination Non-Radar Approach Control & Tower w/o Radar,9,6,0,0,15,0,0,8,0,8,9,6,8,0,23,8,10,18,41
01/10/2020,HLN,MT,ANM,WE,Combination Non-Radar Approach Control & Tower w/o Radar,9,10,2,2,23,0,4,35,15,54,9,14,37,17,77,84,14,98,175
01/11/2020,HLN,MT,ANM,WE,Combination Non-Radar Approach Control & Tower w/o Radar,10,3,0,0,13,0,0,27,7,34,10,3,27,7,47,40,10,50,97
01/12/2020,HLN,MT,ANM,WE,Combination Non-Radar Approach Control & Tower w/o Radar,7,6,0,0,13,0,1,7,0,8,7,7,7,0,21,22,0,22,43
01/13/2020,HLN,MT,ANM,WE,Combination Non-Radar Approach Control & Tower w/o Radar,8,10,9,2,29,0,0,7,4,11,8,10,16,6,40,2,12,14,54
01/14/2020,HLN,MT,ANM,WE,Combination Non-Radar Approach Control & Tower w/o Radar,7,10,4,0,21,0,0,0,0,0,7,10,4,0,21,0,0,0,21
01/15/2020,HLN,MT,ANM,WE,Combination Non-Radar Approach Control & Tower w/o Radar,8,14,5,2,29,0,8,31,7,46,8,22,36,9,75,32,0,32,107
01/16/2020,HLN,MT,ANM,WE,Combination Non-Radar Approach Control & Tower w/o Radar,5,12,5,0,22,0,0,33,3,36,5,12,38,3,58,52,0,52,110
01/17/2020,HLN,MT,ANM,WE,Combination Non-Radar Approach Control & Tower w/o Radar,8,10,7,0,25,0,2,29,2,33,8,12,36,2,58,102,0,102,160
01/18/2020,HLN,MT,ANM,WE,Combination Non-Radar Approach Control & Tower w/o Radar,7,11,1,0,19,0,0,27,0,27,7,11,28,0,46,34,0,34,80
01/19/2020,HLN,MT,ANM,WE,Combination Non-Radar Approach Control & Tower w/o Radar,7,3,3,0,13,0,0,18,0,18,7,3,21,0,31,12,0,12,43
01/20/2020,HLN,MT,ANM,WE,Combination Non-Radar Approach Control & Tower w/o Radar,6,7,7,0,20,0,10,36,0,46,6,17,43,0,66,88,0,88,154
01/21/2020,HLN,MT,ANM,WE,Combination Non-Radar Approach Control & Tower w/o Radar,11,8,5,0,24,0,5,51,13,69,11,13,56,13,93,74,34,108,201
01/22/2020,HLN,MT,ANM,WE,Combination Non-Radar Approach Control & Tower w/o Radar,11,12,8,0,31,0,1,27,8,36,11,13,35,8,67,12,2,14,81
01/23/2020,HLN,MT,ANM,WE,Combination Non-Radar Approach Control & Tower w/o Radar,6,12,2,2,22,0,0,18,11,29,6,12,20,13,51,52,24,76,127
01/24/2020,HLN,MT,ANM,WE,Combination Non-Radar Approach Control & Tower w/o Radar,7,10,12,0,29,0,2,30,7,39,7,12,42,7,68,80,12,92,160
01/25/2020,HLN,MT,ANM,WE,Combination Non-Radar Approach Control & Tower w/o Radar,8,6,4,0,18,0,5,34,6,45,8,11,38,6,63,12,0,12,75
01/26/2020,HLN,MT,ANM,WE,Combination Non-Radar Approach Control & Tower w/o Radar,9,3,1,0,13,0,0,16,2,18,9,3,17,2,31,10,0,10,41
01/27/2020,HLN,MT,ANM,WE,Combination Non-Radar Approach Control & Tower w/o Radar,8,13,3,1,25,0,2,28,11,41,8,15,31,12,66,102,0,102,168
01/28/2020,HLN,MT,ANM,WE,Combination Non-Radar Approach Control & Tower w/o Radar,8,13,6,0,27,0,2,37,4,43,8,15,43,4,70,58,0,58,128
01/29/2020,HLN,MT,ANM,WE,Combination Non-Radar Approach Control & Tower w/o Radar,9,9,2,0,20,0,1,45,16,62,9,10,47,16,82,54,24,78,160
01/30/2020,HLN,MT,ANM,WE,Combination Non-Radar Approach Control & Tower w/o Radar,6,14,9,1,30,0,4,38,15,57,6,18,47,16,87,50,18,68,155
01/31/2020,HLN,MT,ANM,WE,Combination Non-Radar Approach Control & Tower w/o Radar,6,10,4,0,20,0,0,31,1,32,6,10,35,1,52,130,0,130,182
02/01/2020,HLN,MT,ANM,WE,Combination Non-Radar Approach Control & Tower w/o Radar,7,4,0,0,11,0,0,2,0,2,7,4,2,0,13,0,0,0,13
02/02/2020,HLN,MT,ANM,WE,Combination Non-Radar Approach Control & Tower w/o Radar,10,4,2,0,16,0,1,6,0,7,10,5,8,0,23,4,0,4,27
02/03/2020,HLN,MT,ANM,WE,Combination Non-Radar Approach Control & Tower w/o Radar,6,7,2,0,15,0,1,33,2,36,6,8,35,2,51,52,10,62,113
02/04/2020,HLN,MT,ANM,WE,Combination Non-Radar Approach Control & Tower w/o Radar,9,8,6,1,24,0,2,38,3,43,9,10,44,4,67,38,10,48,115
02/05/2020,HLN,MT,ANM,WE,Combination Non-Radar Approach Control & Tower w/o Radar,8,12,9,0,29,0,0,25,5,30,8,12,34,5,59,66,0,66,125
02/06/2020,HLN,MT,ANM,WE,Combination Non-Radar Approach Control & Tower w/o Radar,10,8,11,0,29,0,0,13,4,17,10,8,24,4,46,6,0,6,52
02/07/2020,HLN,MT,ANM,WE,Combination Non-Radar Approach Control & Tower w/o Radar,9,13,5,2,29,0,0,29,9,38,9,13,34,11,67,24,40,64,131
02/08/2020,HLN,MT,ANM,WE,Combination Non-Radar Approach Control & Tower w/o Radar,8,5,0,0,13,0,0,7,0,7,8,5,7,0,20,4,0,4,24
02/09/2020,HLN,MT,ANM,WE,Combination Non-Radar Approach Control & Tower w/o Radar,9,3,1,0,13,0,0,19,27,46,9,3,20,27,59,18,0,18,77
02/10/2020,HLN,MT,ANM,WE,Combination Non-Radar Approach Control & Tower w/o Radar,10,9,4,2,25,0,4,44,0,48,10,13,48,2,73,100,0,100,173
02/11/2020,HLN,MT,ANM,WE,Combination Non-Radar Approach Control & Tower w/o Radar,7,8,12,0,27,0,1,14,2,17,7,9,26,2,44,24,10,34,78
02/12/2020,HLN,MT,ANM,WE,Combination Non-Radar Approach Control & Tower w/o Radar,7,11,16,2,36,0,0,33,7,40,7,11,49,9,76,138,2,140,216
02/13/2020,HLN,MT,ANM,WE,Combination Non-Radar Approach Control & Tower w/o Radar,9,7,10,2,28,0,8,50,8,66,9,15,60,10,94,56,4,60,154
02/14/2020,HLN,MT,ANM,WE,Combination Non-Radar Approach Control & Tower w/o Radar,9,11,5,0,25,0,4,12,0,16,9,15,17,0,41,0,0,0,41
02/15/2020,HLN,MT,ANM,WE,Combination Non-Radar Approach Control & Tower w/o Radar,9,4,2,2,17,0,2,22,0,24,9,6,24,2,41,48,0,48,89
02/16/2020,HLN,MT,ANM,WE,Combination Non-Radar Approach Control & Tower w/o Radar,8,4,0,0,12,0,1,5,0,6,8,5,5,0,18,4,0,4,22
02/17/2020,HLN,MT,ANM,WE,Combination Non-Radar Approach Control & Tower w/o Radar,8,2,2,0,12,0,3,14,0,17,8,5,16,0,29,54,0,54,83
02/18/2020,HLN,MT,ANM,WE,Combination Non-Radar Approach Control & Tower w/o Radar,7,8,3,0,18,0,0,18,11,29,7,8,21,11,47,80,0,80,127
02/19/2020,HLN,MT,ANM,WE,Combination Non-Radar Approach Control & Tower w/o Radar,10,14,5,0,29,0,7,68,14,89,10,21,73,14,118,96,12,108,226
02/20/2020,HLN,MT,ANM,WE,Combination Non-Radar Approach Control & Tower w/o Radar,7,7,6,2,22,0,14,56,4,74,7,21,62,6,96,78,6,84,180
02/21/2020,HLN,MT,ANM,WE,Combination Non-Radar Approach Control & Tower w/o Radar,10,6,4,0,20,0,1,57,5,63,10,7,61,5,83,114,6,120,203
02/22/2020,HLN,MT,ANM,WE,Combination Non-Radar Approach Control & Tower w/o Radar,9,5,4,0,18,0,0,39,1,40,9,5,43,1,58,90,0,90,148
02/23/2020,HLN,MT,ANM,WE,Combination Non-Radar Approach Control & Tower w/o Radar,6,10,0,0,16,0,2,23,0,25,6,12,23,0,41,42,0,42,83
02/24/2020,HLN,MT,ANM,WE,Combination Non-Radar Approach Control & Tower w/o Radar,8,7,9,0,24,0,1,15,0,16,8,8,24,0,40,14,0,14,54
02/25/2020,HLN,MT,ANM,WE,Combination Non-Radar Approach Control & Tower w/o Radar,11,7,6,0,24,0,0,52,11,63,11,7,58,11,87,58,6,64,151
02/26/2020,HLN,MT,ANM,WE,Combination Non-Radar Approach Control & Tower w/o Radar,12,9,14,0,35,0,2,28,6,36,12,11,42,6,71,80,0,80,151
02/27/2020,HLN,MT,ANM,WE,Combination Non-Radar Approach Control & Tower w/o Radar,8,7,6,0,21,0,2,48,12,62,8,9,54,12,83,52,16,68,151
02/28/2020,HLN,MT,ANM,WE,Combination Non-Radar Approach Control & Tower w/o Radar,7,14,3,3,27,0,11,52,3,66,7,25,55,6,93,66,0,66,159
02/29/2020,HLN,MT,ANM,WE,Combination Non-Radar Approach Control & Tower w/o Radar,9,8,2,0,19,0,1,21,2,24,9,9,23,2,43,16,0,16,59
03/01/2020,HLN,MT,ANM,WE,Combination Non-Radar Approach Control & Tower w/o Radar,9,4,0,0,13,0,0,8,0,8,9,4,8,0,21,54,0,54,75
03/02/2020,HLN,MT,ANM,WE,Combination Non-Radar Approach Control & Tower w/o Radar,6,6,3,0,15,1,0,11,1,13,7,6,14,1,28,10,16,26,54
03/03/2020,HLN,MT,ANM,WE,Combination Non-Radar Approach Control & Tower w/o Radar,6,13,6,0,25,0,6,11,10,27,6,19,17,10,52,6,8,14,66
03/04/2020,HLN,MT,ANM,WE,Combination Non-Radar Approach Control & Tower w/o Radar,6,13,11,0,30,0,1,2,0,3,6,14,13,0,33,0,0,0,33
03/05/2020,HLN,MT,ANM,WE,Combination Non-Radar Approach Control & Tower w/o Radar,7,12,0,2,21,0,4,72,14,90,7,16,72,16,111,166,6,172,283
03/06/2020,HLN,MT,ANM,WE,Combination Non-Radar Approach Control & Tower w/o Radar,9,11,7,0,27,0,3,62,15,80,9,14,69,15,107,60,6,66,173
03/07/2020,HLN,MT,ANM,WE,Combination Non-Radar Approach Control & Tower w/o Radar,9,2,4,0,15,0,4,25,5,34,9,6,29,5,49,80,0,80,129
03/08/2020,HLN,MT,ANM,WE,Combination Non-Radar Approach Control & Tower w/o Radar,7,7,0,0,14,0,0,23,0,23,7,7,23,0,37,8,0,8,45
03/09/2020,HLN,MT,ANM,WE,Combination Non-Radar Approach Control & Tower w/o Radar,8,6,5,0,19,0,1,17,0,18,8,7,22,0,37,62,0,62,99
03/10/2020,HLN,MT,ANM,WE,Combination Non-Radar Approach Control & Tower w/o Radar,6,15,5,0,26,0,0,28,8,36,6,15,33,8,62,20,10,30,92
03/11/2020,HLN,MT,ANM,WE,Combination Non-Radar Approach Control & Tower w/o Radar,5,15,5,3,28,0,1,14,4,19,5,16,19,7,47,12,10,22,69
03/12/2020,HLN,MT,ANM,WE,Combination Non-Radar Approach Control & Tower w/o Radar,9,7,0,0,16,0,2,38,6,46,9,9,38,6,62,26,20,46,108
03/13/2020,HLN,MT,ANM,WE,Combination Non-Radar Approach Control & Tower w/o Radar,7,9,6,2,24,0,2,19,0,21,7,11,25,2,45,38,0,38,83
03/14/2020,HLN,MT,ANM,WE,Combination Non-Radar Approach Control & Tower w/o Radar,12,4,0,0,16,0,0,0,0,0,12,4,0,0,16,0,0,0,16
03/15/2020,HLN,MT,ANM,WE,Combination Non-Radar Approach Control & Tower w/o Radar,10,5,3,0,18,0,0,3,0,3,10,5,6,0,21,4,0,4,25
03/16/2020,HLN,MT,ANM,WE,Combination Non-Radar Approach Control & Tower w/o Radar,5,7,2,0,14,0,0,43,0,43,5,7,45,0,57,84,0,84,141
03/17/2020,HLN,MT,ANM,WE,Combination Non-Radar Approach Control & Tower w/o Radar,11,7,5,0,23,0,0,30,6,36,11,7,35,6,59,72,12,84,143
03/18/2020,HLN,MT,ANM,WE,Combination Non-Radar Approach Control & Tower w/o Radar,9,10,2,0,21,0,0,13,3,16,9,10,15,3,37,40,2,42,79
03/19/2020,HLN,MT,ANM,WE,Combination Non-Radar Approach Control & Tower w/o Radar,7,11,1,0,19,0,0,12,9,21,7,11,13,9,40,0,6,6,46
03/20/2020,HLN,MT,ANM,WE,Combination Non-Radar Approach Control & Tower w/o Radar,10,11,2,0,23,0,3,76,5,84,10,14,78,5,107,80,0,80,187
03/21/2020,HLN,MT,ANM,WE,Combination Non-Radar Approach Control & Tower w/o Radar,9,3,0,0,12,0,2,29,2,33,9,5,29,2,45,38,0,38,83
03/22/2020,HLN,MT,ANM,WE,Combination Non-Radar Approach Control & Tower w/o Radar,10,2,1,0,13,0,2,20,0,22,10,4,21,0,35,18,0,18,53
03/23/2020,HLN,MT,ANM,WE,Combination Non-Radar Approach Control & Tower w/o Radar,7,5,2,0,14,0,0,22,0,22,7,5,24,0,36,4,0,4,40
03/24/2020,HLN,MT,ANM,WE,Combination Non-Radar Approach Control & Tower w/o Radar,9,10,1,0,20,0,1,12,7,20,9,11,13,7,40,22,0,22,62
03/25/2020,HLN,MT,ANM,WE,Combination Non-Radar Approach Control & Tower w/o Radar,5,15,3,0,23,0,2,17,6,25,5,17,20,6,48,8,4,12,60
03/26/2020,HLN,MT,ANM,WE,Combination Non-Radar Approach Control & Tower w/o Radar,4,7,2,0,13,0,0,14,3,17,4,7,16,3,30,0,0,0,30
03/27/2020,HLN,MT,ANM,WE,Combination Non-Radar Approach Control & Tower w/o Radar,9,9,4,2,24,0,1,19,11,31,9,10,23,13,55,12,0,12,67
03/28/2020,HLN,MT,ANM,WE,Combination Non-Radar Approach Control & Tower w/o Radar,9,5,0,0,14,0,1,7,3,11,9,6,7,3,25,0,0,0,25
03/29/2020,HLN,MT,ANM,WE,Combination Non-Radar Approach Control & Tower w/o Radar,6,2,2,0,10,0,0,33,0,33,6,2,35,0,43,12,0,12,55
03/30/2020,HLN,MT,ANM,WE,Combination Non-Radar Approach Control & Tower w/o Radar,7,4,1,3,15,0,0,9,6,15,7,4,10,9,30,6,0,6,36
03/31/2020,HLN,MT,ANM,WE,Combination Non-Radar Approach Control & Tower w/o Radar,8,5,3,4,20,0,0,1,3,4,8,5,4,7,24,0,12,12,36
04/01/2020,HLN,MT,ANM,WE,Combination Non-Radar Approach Control & Tower w/o Radar,6,9,1,3,19,0,0,0,2,2,6,9,1,5,21,0,4,4,25
04/02/2020,HLN,MT,ANM,WE,Combination Non-Radar Approach Control & Tower w/o Radar,3,4,3,2,12,0,0,14,4,18,3,4,17,6,30,12,0,12,42
04/03/2020,HLN,MT,ANM,WE,Combination Non-Radar Approach Control & Tower w/o Radar,9,5,2,2,18,0,1,15,13,29,9,6,17,15,47,24,0,24,71
04/04/2020,HLN,MT,ANM,WE,Combination Non-Radar Approach Control & Tower w/o Radar,6,5,0,0,11,0,0,38,1,39,6,5,38,1,50,26,0,26,76
04/05/2020,HLN,MT,ANM,WE,Combination Non-Radar Approach Control & Tower w/o Radar,5,3,0,0,8,0,0,13,0,13,5,3,13,0,21,6,0,6,27
04/06/2020,HLN,MT,ANM,WE,Combination Non-Radar Approach Control & Tower w/o Radar,3,3,1,0,7,0,1,10,2,13,3,4,11,2,20,12,0,12,32
04/07/2020,HLN,MT,ANM,WE,Combination Non-Radar Approach Control & Tower w/o Radar,7,3,0,2,12,0,1,11,2,14,7,4,11,4,26,14,4,18,44
04/08/2020,HLN,MT,ANM,WE,Combination Non-Radar Approach Control & Tower w/o Radar,8,5,0,0,13,0,1,35,11,47,8,6,35,11,60,56,14,70,130
04/09/2020,HLN,MT,ANM,WE,Combination Non-Radar Approach Control & Tower w/o Radar,3,3,2,2,10,0,1,43,7,51,3,4,45,9,61,28,0,28,89
04/10/2020,HLN,MT,ANM,WE,Combination Non-Radar Approach Control & Tower w/o Radar,6,4,3,0,13,0,1,38,0,39,6,5,41,0,52,28,0,28,80
04/11/2020,HLN,MT,ANM,WE,Combination Non-Radar Approach Control & Tower w/o Radar,6,5,0,0,11,0,0,0,0,0,6,5,0,0,11,0,0,0,11
04/12/2020,HLN,MT,ANM,WE,Combination Non-Radar Approach Control & Tower w/o Radar,4,1,0,0,5,0,0,11,0,11,4,1,11,0,16,10,0,10,26
04/13/2020,HLN,MT,ANM,WE,Combination Non-Radar Approach Control & Tower w/o Radar,4,1,1,0,6,0,0,16,0,16,4,1,17,0,22,10,0,10,32
04/14/2020,HLN,MT,ANM,WE,Combination Non-Radar Approach Control & Tower w/o Radar,6,2,3,2,13,0,0,8,2,10,6,2,11,4,23,6,0,6,29
04/15/2020,HLN,MT,ANM,WE,Combination Non-Radar Approach Control & Tower w/o Radar,5,6,1,0,12,0,1,0,0,1,5,7,1,0,13,0,0,0,13
04/16/2020,HLN,MT,ANM,WE,Combination Non-Radar Approach Control & Tower w/o Radar,6,1,2,0,9,0,0,19,2,21,6,1,21,2,30,56,8,64,94
04/17/2020,HLN,MT,ANM,WE,Combination Non-Radar Approach Control & Tower w/o Radar,6,4,5,0,15,0,2,49,8,59,6,6,54,8,74,38,0,38,112
04/18/2020,HLN,MT,ANM,WE,Combination Non-Radar Approach Control & Tower w/o Radar,4,3,0,0,7,0,0,19,0,19,4,3,19,0,26,10,0,10,36
04/19/2020,HLN,MT,ANM,WE,Combination Non-Radar Approach Control & Tower w/o Radar,4,1,0,0,5,0,0,19,0,19,4,1,19,0,24,16,0,16,40
04/20/2020,HLN,MT,ANM,WE,Combination Non-Radar Approach Control & Tower w/o Radar,6,3,3,0,12,0,0,21,0,21,6,3,24,0,33,30,0,30,63
04/21/2020,HLN,MT,ANM,WE,Combination Non-Radar Approach Control & Tower w/o Radar,4,5,2,1,12,0,0,19,10,29,4,5,21,11,41,0,8,8,49
04/22/2020,HLN,MT,ANM,WE,Combination Non-Radar Approach Control & Tower w/o Radar,6,3,1,2,12,0,1,17,7,25,6,4,18,9,37,26,10,36,73
04/23/2020,HLN,MT,ANM,WE,Combination Non-Radar Approach Control & Tower w/o Radar,5,5,5,2,17,0,6,9,7,22,5,11,14,9,39,0,0,0,39
04/24/2020,HLN,MT,ANM,WE,Combination Non-Radar Approach Control & Tower w/o Radar,3,6,3,2,14,0,1,17,2,20,3,7,20,4,34,32,0,32,66
04/25/2020,HLN,MT,ANM,WE,Combination Non-Radar Approach Control & Tower w/o Radar,4,4,0,0,8,0,0,25,0,25,4,4,25,0,33,20,0,20,53
04/26/2020,HLN,MT,ANM,WE,Combination Non-Radar Approach Control & Tower w/o Radar,6,0,2,0,8,0,0,19,0,19,6,0,21,0,27,18,0,18,45
04/27/2020,HLN,MT,ANM,WE,Combination Non-Radar Approach Control & Tower w/o Radar,4,2,3,2,11,0,0,18,0,18,4,2,21,2,29,28,0,28,57
04/28/2020,HLN,MT,ANM,WE,Combination Non-Radar Approach Control & Tower w/o Radar,6,3,0,2,11,0,0,28,10,38,6,3,28,12,49,26,0,26,75
04/29/2020,HLN,MT,ANM,WE,Combination Non-Radar Approach Control & Tower w/o Radar,5,5,0,0,10,0,1,45,9,55,5,6,45,9,65,122,6,128,193
04/30/2020,HLN,MT,ANM,WE,Combination Non-Radar Approach Control & Tower w/o Radar,3,5,3,0,11,0,0,14,2,16,3,5,17,2,27,4,0,4,31
05/01/2020,HLN,MT,ANM,WE,Combination Non-Radar Approach Control & Tower w/o Radar,7,5,2,0,14,0,1,37,6,44,7,6,39,6,58,16,0,16,74
05/02/2020,HLN,MT,ANM,WE,Combination Non-Radar Approach Control & Tower w/o Radar,4,7,3,0,14,0,4,43,2,49,4,11,46,2,63,42,2,44,107
05/03/2020,HLN,MT,ANM,WE,Combination Non-Radar Approach Control & Tower w/o Radar,6,1,0,0,7,0,0,8,0,8,6,1,8,0,15,6,0,6,21
05/04/2020,HLN,MT,ANM,WE,Combination Non-Radar Approach Control & Tower w/o Radar,2,0,3,0,5,0,0,11,1,12,2,0,14,1,17,18,0,18,35
05/05/2020,HLN,MT,ANM,WE,Combination Non-Radar Approach Control & Tower w/o Radar,4,5,0,0,9,0,2,29,6,37,4,7,29,6,46,88,0,88,134
05/06/2020,HLN,MT,ANM,WE,Combination Non-Radar Approach Control & Tower w/o Radar,5,6,3,3,17,0,1,23,4,28,5,7,26,7,45,36,8,44,89
05/07/2020,HLN,MT,ANM,WE,Combination Non-Radar Approach Control & Tower w/o Radar,4,3,1,2,10,0,1,9,5,15,4,4,10,7,25,20,2,22,47
05/08/2020,HLN,MT,ANM,WE,Combination Non-Radar Approach Control & Tower w/o Radar,4,7,4,0,15,0,0,11,3,14,4,7,15,3,29,40,2,42,71
05/09/2020,HLN,MT,ANM,WE,Combination Non-Radar Approach Control & Tower w/o Radar,4,5,1,0,10,0,4,50,0,54,4,9,51,0,64,22,0,22,86
05/10/2020,HLN,MT,ANM,WE,Combination Non-Radar Approach Control & Tower w/o Radar,6,1,2,0,9,0,0,4,0,4,6,1,6,0,13,0,0,0,13
05/11/2020,HLN,MT,ANM,WE,Combination Non-Radar Approach Control & Tower w/o Radar,6,4,7,0,17,0,0,5,0,5,6,4,12,0,22,10,0,10,32
05/12/2020,HLN,MT,ANM,WE,Combination Non-Radar Approach Control & Tower w/o Radar,5,5,0,1,11,0,1,12,7,20,5,6,12,8,31,34,4,38,69
05/13/2020,HLN,MT,ANM,WE,Combination Non-Radar Approach Control & Tower w/o Radar,6,1,12,0,19,0,2,21,2,25,6,3,33,2,44,54,0,54,98
05/14/2020,HLN,MT,ANM,WE,Combination Non-Radar Approach Control & Tower w/o Radar,5,3,2,0,10,0,0,28,9,37,5,3,30,9,47,56,46,102,149
05/15/2020,HLN,MT,ANM,WE,Combination Non-Radar Approach Control & Tower w/o Radar,6,3,7,1,17,0,0,6,10,16,6,3,13,11,33,62,20,82,115
05/16/2020,HLN,MT,ANM,WE,Combination Non-Radar Approach Control & Tower w/o Radar,4,6,2,0,12,0,5,32,0,37,4,11,34,0,49,66,0,66,115
05/17/2020,HLN,MT,ANM,WE,Combination Non-Radar Approach Control & Tower w/o Radar,3,2,0,0,5,0,1,16,0,17,3,3,16,0,22,38,0,38,60
05/18/2020,HLN,MT,ANM,WE,Combination Non-Radar Approach Control & Tower w/o Radar,5,6,0,0,11,0,0,25,0,25,5,6,25,0,36,32,0,32,68
05/19/2020,HLN,MT,ANM,WE,Combination Non-Radar Approach Control & Tower w/o Radar,4,2,1,0,7,0,2,29,0,31,4,4,30,0,38,58,0,58,96
05/20/2020,HLN,MT,ANM,WE,Combination Non-Radar Approach Control & Tower w/o Radar,5,4,1,0,10,0,1,9,2,12,5,5,10,2,22,30,2,32,54
05/21/2020,HLN,MT,ANM,WE,Combination Non-Radar Approach Control & Tower w/o Radar,4,2,4,0,10,0,0,9,1,10,4,2,13,1,20,6,0,6,26
05/22/2020,HLN,MT,ANM,WE,Combination Non-Radar Approach Control & Tower w/o Radar,3,2,3,0,8,0,0,33,7,40,3,2,36,7,48,58,0,58,106
05/23/2020,HLN,MT,ANM,WE,Combination Non-Radar Approach Control & Tower w/o Radar,4,4,0,0,8,0,1,14,1,16,4,5,14,1,24,24,0,24,48
05/24/2020,HLN,MT,ANM,WE,Combination Non-Radar Approach Control & Tower w/o Radar,5,4,0,0,9,0,0,20,0,20,5,4,20,0,29,60,0,60,89
05/25/2020,HLN,MT,ANM,WE,Combination Non-Radar Approach Control & Tower w/o Radar,4,1,2,0,7,0,0,18,0,18,4,1,20,0,25,24,0,24,49
05/26/2020,HLN,MT,ANM,WE,Combination Non-Radar Approach Control & Tower w/o Radar,5,1,2,0,8,0,1,34,1,36,5,2,36,1,44,54,0,54,98
05/27/2020,HLN,MT,ANM,WE,Combination Non-Radar Approach Control & Tower w/o Radar,3,2,4,0,9,0,2,49,2,53,3,4,53,2,62,62,10,72,134
05/28/2020,HLN,MT,ANM,WE,Combination Non-Radar Approach Control & Tower w/o Radar,5,3,3,0,11,0,4,70,8,82,5,7,73,8,93,62,40,102,195
05/29/2020,HLN,MT,ANM,WE,Combination Non-Radar Approach Control & Tower w/o Radar,4,3,5,0,12,0,2,38,2,42,4,5,43,2,54,62,0,62,116
05/30/2020,HLN,MT,ANM,WE,Combination Non-Radar Approach Control & Tower w/o Radar,4,5,0,0,9,0,1,38,0,39,4,6,38,0,48,50,0,50,98
05/31/2020,HLN,MT,ANM,WE,Combination Non-Radar Approach Control & Tower w/o Radar,4,4,0,0,8,0,0,12,0,12,4,4,12,0,20,0,0,0,20
06/01/2020,HLN,MT,ANM,WE,Combination Non-Radar Approach Control & Tower w/o Radar,3,2,2,0,7,0,6,16,0,22,3,8,18,0,29,4,0,4,33
06/02/2020,HLN,MT,ANM,WE,Combination Non-Radar Approach Control & Tower w/o Radar,4,3,3,0,10,0,5,26,1,32,4,8,29,1,42,20,0,20,62
06/03/2020,HLN,MT,ANM,WE,Combination Non-Radar Approach Control & Tower w/o Radar,5,6,3,1,15,0,0,23,1,24,5,6,26,2,39,32,0,32,71
06/04/2020,HLN,MT,ANM,WE,Combination Non-Radar Approach Control & Tower w/o Radar,4,4,2,0,10,0,0,35,4,39,4,4,37,4,49,54,0,54,103
06/05/2020,HLN,MT,ANM,WE,Combination Non-Radar Approach Control & Tower w/o Radar,5,5,3,0,13,0,2,41,9,52,5,7,44,9,65,44,4,48,113
06/06/2020,HLN,MT,ANM,WE,Combination Non-Radar Approach Control & Tower w/o Radar,5,6,1,0,12,0,1,0,6,7,5,7,1,6,19,0,0,0,19
06/07/2020,HLN,MT,ANM,WE,Combination Non-Radar Approach Control & Tower w/o Radar,4,3,3,0,10,0,0,9,4,13,4,3,12,4,23,2,0,2,25
06/08/2020,HLN,MT,ANM,WE,Combination Non-Radar Approach Control & Tower w/o Radar,4,2,3,1,10,0,0,1,0,1,4,2,4,1,11,0,0,0,11
06/09/2020,HLN,MT,ANM,WE,Combination Non-Radar Approach Control & Tower w/o Radar,6,3,3,0,12,0,0,22,0,22,6,3,25,0,34,14,0,14,48
06/10/2020,HLN,MT,ANM,WE,Combination Non-Radar Approach Control & Tower w/o Radar,2,4,9,0,15,0,0,25,3,28,2,4,34,3,43,58,2,60,103
06/11/2020,HLN,MT,ANM,WE,Combination Non-Radar Approach Control & Tower w/o Radar,4,5,4,2,15,0,1,44,1,46,4,6,48,3,61,84,0,84,145
06/12/2020,HLN,MT,ANM,WE,Combination Non-Radar Approach Control & Tower w/o Radar,6,2,6,0,14,0,0,36,12,48,6,2,42,12,62,72,4,76,138
06/13/2020,HLN,MT,ANM,WE,Combination Non-Radar Approach Control & Tower w/o Radar,5,4,7,0,16,0,0,36,3,39,5,4,43,3,55,98,0,98,153
06/14/2020,HLN,MT,ANM,WE,Combination Non-Radar Approach Control & Tower w/o Radar,4,0,0,0,4,0,0,8,0,8,4,0,8,0,12,26,0,26,38
06/15/2020,HLN,MT,ANM,WE,Combination Non-Radar Approach Control & Tower w/o Radar,4,3,2,0,9,0,2,27,5,34,4,5,29,5,43,22,0,22,65
06/16/2020,HLN,MT,ANM,WE,Combination Non-Radar Approach Control & Tower w/o Radar,5,5,3,1,14,0,2,1,0,3,5,7,4,1,17,0,0,0,17
06/17/2020,HLN,MT,ANM,WE,Combination Non-Radar Approach Control & Tower w/o Radar,3,6,3,1,13,0,0,0,0,0,3,6,3,1,13,0,0,0,13
06/18/2020,HLN,MT,ANM,WE,Combination Non-Radar Approach Control & Tower w/o Radar,4,3,2,0,9,0,0,11,5,16,4,3,13,5,25,6,32,38,63
06/19/2020,HLN,MT,ANM,WE,Combination Non-Radar Approach Control & Tower w/o Radar,6,4,3,0,13,0,0,28,8,36,6,4,31,8,49,48,0,48,97
06/20/2020,HLN,MT,ANM,WE,Combination Non-Radar Approach Control & Tower w/o Radar,6,3,7,0,16,2,8,43,0,53,8,11,50,0,69,66,0,66,135
06/21/2020,HLN,MT,ANM,WE,Combination Non-Radar Approach Control & Tower w/o Radar,4,0,2,0,6,0,0,16,0,16,4,0,18,0,22,20,0,20,42
06/22/2020,HLN,MT,ANM,WE,Combination Non-Radar Approach Control & Tower w/o Radar,2,0,3,0,5,0,2,37,0,39,2,2,40,0,44,48,0,48,92
06/23/2020,HLN,MT,ANM,WE,Combination Non-Radar Approach Control & Tower w/o Radar,5,4,1,0,10,0,9,61,1,71,5,13,62,1,81,82,0,82,163
06/24/2020,HLN,MT,ANM,WE,Combination Non-Radar Approach Control & Tower w/o Radar,4,4,7,2,17,0,1,50,5,56,4,5,57,7,73,152,0,152,225
06/25/2020,HLN,MT,ANM,WE,Combination Non-Radar Approach Control & Tower w/o Radar,4,2,6,0,12,0,2,47,0,49,4,4,53,0,61,34,0,34,95
06/26/2020,HLN,MT,ANM,WE,Combination Non-Radar Approach Control & Tower w/o Radar,5,10,2,0,17,0,8,39,5,52,5,18,41,5,69,76,0,76,145
06/27/2020,HLN,MT,ANM,WE,Combination Non-Radar Approach Control & Tower w/o Radar,4,5,4,2,15,0,1,25,3,29,4,6,29,5,44,22,0,22,66
06/28/2020,HLN,MT,ANM,WE,Combination Non-Radar Approach Control & Tower w/o Radar,4,0,0,0,4,0,2,15,0,17,4,2,15,0,21,74,0,74,95
06/29/2020,HLN,MT,ANM,WE,Combination Non-Radar Approach Control & Tower w/o Radar,4,1,4,1,10,0,0,1,0,1,4,1,5,1,11,16,0,16,27
06/30/2020,HLN,MT,ANM,WE,Combination Non-Radar Approach Control & Tower w/o Radar,4,7,2,1,14,0,0,21,9,30,4,7,23,10,44,126,16,142,186
07/01/2020,HLN,MT,ANM,WE,Combination Non-Radar Approach Control & Tower w/o Radar,6,2,0,0,8,0,1,28,20,49,6,3,28,20,57,56,0,56,113
07/02/2020,HLN,MT,ANM,WE,Combination Non-Radar Approach Control & Tower w/o Radar,4,3,6,0,13,6,4,47,6,63,10,7,53,6,76,54,0,54,130
07/03/2020,HLN,MT,ANM,WE,Combination Non-Radar Approach Control & Tower w/o Radar,5,3,7,0,15,0,0,38,0,38,5,3,45,0,53,80,0,80,133
07/04/2020,HLN,MT,ANM,WE,Combination Non-Radar Approach Control & Tower w/o Radar,4,2,0,0,6,3,0,20,0,23,7,2,20,0,29,14,0,14,43
07/05/2020,HLN,MT,ANM,WE,Combination Non-Radar Approach Control & Tower w/o Radar,4,0,2,0,6,1,2,25,0,28,5,2,27,0,34,42,0,42,76
07/06/2020,HLN,MT,ANM,WE,Combination Non-Radar Approach Control & Tower w/o Radar,4,0,5,0,9,1,3,38,0,42,5,3,43,0,51,50,0,50,101
07/07/2020,HLN,MT,ANM,WE,Combination Non-Radar Approach Control & Tower w/o Radar,4,3,1,0,8,0,1,24,2,27,4,4,25,2,35,44,0,44,79
07/08/2020,HLN,MT,ANM,WE,Combination Non-Radar Approach Control & Tower w/o Radar,5,8,7,2,22,0,14,28,4,46,5,22,35,6,68,54,0,54,122
07/09/2020,HLN,MT,ANM,WE,Combination Non-Radar Approach Control & Tower w/o Radar,5,1,2,0,8,6,1,50,7,64,11,2,52,7,72,46,0,46,118
07/10/2020,HLN,MT,ANM,WE,Combination Non-Radar Approach Control & Tower w/o Radar,4,2,2,0,8,0,2,23,0,25,4,4,25,0,33,50,0,50,83
07/11/2020,HLN,MT,ANM,WE,Combination Non-Radar Approach Control & Tower w/o Radar,4,3,2,0,9,0,11,56,9,76,4,14,58,9,85,104,0,104,189
07/12/2020,HLN,MT,ANM,WE,Combination Non-Radar Approach Control & Tower w/o Radar,0,0,2,0,2,0,0,37,1,38,0,0,39,1,40,72,0,72,112
07/13/2020,HLN,MT,ANM,WE,Combination Non-Radar Approach Control & Tower w/o Radar,3,4,3,0,10,0,2,24,0,26,3,6,27,0,36,14,0,14,50
07/14/2020,HLN,MT,ANM,WE,Combination Non-Radar Approach Control & Tower w/o Radar,4,4,1,0,9,0,0,31,7,38,4,4,32,7,47,28,8,36,83
07/15/2020,HLN,MT,ANM,WE,Combination Non-Radar Approach Control & Tower w/o Radar,4,6,3,0,13,0,0,47,2,49,4,6,50,2,62,18,0,18,80
07/16/2020,HLN,MT,ANM,WE,Combination Non-Radar Approach Control & Tower w/o Radar,4,4,1,0,9,0,2,45,1,48,4,6,46,1,57,96,0,96,153
07/17/2020,HLN,MT,ANM,WE,Combination Non-Radar Approach Control & Tower w/o Radar,4,4,5,0,13,0,0,41,7,48,4,4,46,7,61,42,0,42,103
07/18/2020,HLN,MT,ANM,WE,Combination Non-Radar Approach Control & Tower w/o Radar,4,3,1,0,8,0,0,28,0,28,4,3,29,0,36,8,0,8,44
07/19/2020,HLN,MT,ANM,WE,Combination Non-Radar Approach Control & Tower w/o Radar,4,1,1,0,6,0,1,21,0,22,4,2,22,0,28,8,0,8,36
07/20/2020,HLN,MT,ANM,WE,Combination Non-Radar Approach Control & Tower w/o Radar,4,0,2,0,6,0,0,28,2,30,4,0,30,2,36,28,0,28,64
07/21/2020,HLN,MT,ANM,WE,Combination Non-Radar Approach Control & Tower w/o Radar,2,4,2,1,9,1,3,50,6,60,3,7,52,7,69,106,12,118,187
07/22/2020,HLN,MT,ANM,WE,Combination Non-Radar Approach Control & Tower w/o Radar,4,6,4,0,14,0,1,30,1,32,4,7,34,1,46,72,0,72,118
07/23/2020,HLN,MT,ANM,WE,Combination Non-Radar Approach Control & Tower w/o Radar,5,3,8,2,18,0,1,29,0,30,5,4,37,2,48,66,0,66,114
07/24/2020,HLN,MT,ANM,WE,Combination Non-Radar Approach Control & Tower w/o Radar,4,1,2,0,7,0,3,36,5,44,4,4,38,5,51,60,6,66,117
07/25/2020,HLN,MT,ANM,WE,Combination Non-Radar Approach Control & Tower w/o Radar,4,3,0,0,7,0,0,42,0,42,4,3,42,0,49,48,0,48,97
07/26/2020,HLN,MT,ANM,WE,Combination Non-Radar Approach Control & Tower w/o Radar,5,2,0,0,7,0,0,24,0,24,5,2,24,0,31,32,0,32,63
07/27/2020,HLN,MT,ANM,WE,Combination Non-Radar Approach Control & Tower w/o Radar,5,5,3,0,13,0,0,42,2,44,5,5,45,2,57,38,0,38,95
07/28/2020,HLN,MT,ANM,WE,Combination Non-Radar Approach Control & Tower w/o Radar,4,3,0,0,7,0,2,31,5,38,4,5,31,5,45,64,0,64,109
07/29/2020,HLN,MT,ANM,WE,Combination Non-Radar Approach Control & Tower w/o Radar,4,6,2,0,12,0,1,25,4,30,4,7,27,4,42,34,0,34,76
07/30/2020,HLN,MT,ANM,WE,Combination Non-Radar Approach Control & Tower w/o Radar,4,4,7,2,17,0,0,25,17,42,4,4,32,19,59,40,14,54,113
07/31/2020,HLN,MT,ANM,WE,Combination Non-Radar Approach Control & Tower w/o Radar,5,3,4,0,12,0,0,27,15,42,5,3,31,15,54,66,0,66,120
08/01/2020,HLN,MT,ANM,WE,Combination Non-Radar Approach Control & Tower w/o Radar,3,7,0,0,10,0,0,47,2,49,3,7,47,2,59,24,0,24,83
08/02/2020,HLN,MT,ANM,WE,Combination Non-Radar Approach Control & Tower w/o Radar,3,6,3,2,14,0,4,27,2,33,3,10,30,4,47,42,0,42,89
08/03/2020,HLN,MT,ANM,WE,Combination Non-Radar Approach Control & Tower w/o Radar,4,0,3,0,7,0,3,23,0,26,4,3,26,0,33,78,0,78,111
08/04/2020,HLN,MT,ANM,WE,Combination Non-Radar Approach Control & Tower w/o Radar,8,4,3,0,15,0,1,56,4,61,8,5,59,4,76,52,0,52,128
08/05/2020,HLN,MT,ANM,WE,Combination Non-Radar Approach Control & Tower w/o Radar,4,5,5,2,16,0,3,23,1,27,4,8,28,3,43,20,0,20,63
08/06/2020,HLN,MT,ANM,WE,Combination Non-Radar Approach Control & Tower w/o Radar,5,6,1,0,12,0,0,19,3,22,5,6,20,3,34,38,0,38,72
08/07/2020,HLN,MT,ANM,WE,Combination Non-Radar Approach Control & Tower w/o Radar,5,4,6,0,15,0,2,39,0,41,5,6,45,0,56,58,0,58,114
08/08/2020,HLN,MT,ANM,WE,Combination Non-Radar Approach Control & Tower w/o Radar,4,4,0,0,8,0,12,29,9,50,4,16,29,9,58,54,0,54,112
08/09/2020,HLN,MT,ANM,WE,Combination Non-Radar Approach Control & Tower w/o Radar,2,3,2,0,7,0,1,52,0,53,2,4,54,0,60,32,0,32,92
08/10/2020,HLN,MT,ANM,WE,Combination Non-Radar Approach Control & Tower w/o Radar,3,3,6,0,12,0,5,40,0,45,3,8,46,0,57,62,0,62,119
08/11/2020,HLN,MT,ANM,WE,Combination Non-Radar Approach Control & Tower w/o Radar,3,3,1,0,7,0,2,50,7,59,3,5,51,7,66,66,2,68,134
08/12/2020,HLN,MT,ANM,WE,Combination Non-Radar Approach Control & Tower w/o Radar,6,6,3,0,15,0,0,25,2,27,6,6,28,2,42,34,0,34,76
08/13/2020,HLN,MT,ANM,WE,Combination Non-Radar Approach Control & Tower w/o Radar,4,4,4,2,14,0,5,29,8,42,4,9,33,10,56,16,8,24,80
08/14/2020,HLN,MT,ANM,WE,Combination Non-Radar Approach Control & Tower w/o Radar,4,3,5,0,12,2,3,38,0,43,6,6,43,0,55,22,0,22,77
08/15/2020,HLN,MT,ANM,WE,Combination Non-Radar Approach Control & Tower w/o Radar,4,5,0,0,9,3,23,36,0,62,7,28,36,0,71,20,0,20,91
08/16/2020,HLN,MT,ANM,WE,Combination Non-Radar Approach Control & Tower w/o Radar,4,1,3,0,8,0,1,27,0,28,4,2,30,0,36,36,0,36,72
08/17/2020,HLN,MT,ANM,WE,Combination Non-Radar Approach Control & Tower w/o Radar,6,2,1,2,11,0,2,27,3,32,6,4,28,5,43,58,18,76,119
08/18/2020,HLN,MT,ANM,WE,Combination Non-Radar Approach Control & Tower w/o Radar,3,3,3,0,9,0,6,39,5,50,3,9,42,5,59,48,0,48,107
08/19/2020,HLN,MT,ANM,WE,Combination Non-Radar Approach Control & Tower w/o Radar,4,8,6,0,18,0,8,20,3,31,4,16,26,3,49,38,2,40,89
08/20/2020,HLN,MT,ANM,WE,Combination Non-Radar Approach Control & Tower w/o Radar,4,3,5,1,13,0,3,35,2,40,4,6,40,3,53,96,0,96,149
08/21/2020,HLN,MT,ANM,WE,Combination Non-Radar Approach Control & Tower w/o Radar,3,4,12,1,20,0,0,41,16,57,3,4,53,17,77,38,0,38,115
08/22/2020,HLN,MT,ANM,WE,Combination Non-Radar Approach Control & Tower w/o Radar,6,6,8,3,23,0,0,17,11,28,6,6,25,14,51,60,6,66,117
08/23/2020,HLN,MT,ANM,WE,Combination Non-Radar Approach Control & Tower w/o Radar,4,1,3,1,9,0,0,29,0,29,4,1,32,1,38,8,0,8,46
08/24/2020,HLN,MT,ANM,WE,Combination Non-Radar Approach Control & Tower w/o Radar,4,1,3,0,8,0,0,22,0,22,4,1,25,0,30,10,0,10,40
08/25/2020,HLN,MT,ANM,WE,Combination Non-Radar Approach Control & Tower w/o Radar,4,4,2,1,11,0,6,14,5,25,4,10,16,6,36,4,8,12,48
08/26/2020,HLN,MT,ANM,WE,Combination Non-Radar Approach Control & Tower w/o Radar,5,2,3,3,13,0,1,32,3,36,5,3,35,6,49,8,0,8,57
08/27/2020,HLN,MT,ANM,WE,Combination Non-Radar Approach Control & Tower w/o Radar,4,4,4,1,13,0,2,19,6,27,4,6,23,7,40,18,0,18,58
08/28/2020,HLN,MT,ANM,WE,Combination Non-Radar Approach Control & Tower w/o Radar,4,1,7,1,13,0,1,67,6,74,4,2,74,7,87,100,2,102,189
08/29/2020,HLN,MT,ANM,WE,Combination Non-Radar Approach Control & Tower w/o Radar,4,6,4,0,14,0,1,39,0,40,4,7,43,0,54,14,0,14,68
08/30/2020,HLN,MT,ANM,WE,Combination Non-Radar Approach Control & Tower w/o Radar,4,1,1,0,6,0,0,5,0,5,4,1,6,0,11,22,0,22,33
08/31/2020,HLN,MT,ANM,WE,Combination Non-Radar Approach Control & Tower w/o Radar,3,0,4,2,9,0,0,9,1,10,3,0,13,3,19,26,4,30,49
09/01/2020,HLN,MT,ANM,WE,Combination Non-Radar Approach Control & Tower w/o Radar,3,5,3,0,11,0,0,33,2,35,3,5,36,2,46,32,4,36,82
09/02/2020,HLN,MT,ANM,WE,Combination Non-Radar Approach Control & Tower w/o Radar,5,4,2,0,11,0,7,17,0,24,5,11,19,0,35,50,0,50,85
09/03/2020,HLN,MT,ANM,WE,Combination Non-Radar Approach Control & Tower w/o Radar,4,5,0,0,9,12,5,33,7,57,16,10,33,7,66,74,4,78,144
09/04/2020,HLN,MT,ANM,WE,Combination Non-Radar Approach Control & Tower w/o Radar,4,0,9,0,13,12,5,78,5,100,16,5,87,5,113,108,0,108,221
09/05/2020,HLN,MT,ANM,WE,Combination Non-Radar Approach Control & Tower w/o Radar,4,2,1,0,7,11,4,30,0,45,15,6,31,0,52,74,0,74,126
09/06/2020,HLN,MT,ANM,WE,Combination Non-Radar Approach Control & Tower w/o Radar,4,0,2,0,6,54,19,23,0,96,58,19,25,0,102,20,0,20,122
09/07/2020,HLN,MT,ANM,WE,Combination Non-Radar Approach Control & Tower w/o Radar,4,3,3,0,10,0,0,1,0,1,4,3,4,0,11,0,0,0,11
09/08/2020,HLN,MT,ANM,WE,Combination Non-Radar Approach Control & Tower w/o Radar,4,3,5,2,14,0,3,42,3,48,4,6,47,5,62,44,0,44,106
09/09/2020,HLN,MT,ANM,WE,Combination Non-Radar Approach Control & Tower w/o Radar,4,4,2,1,11,0,1,33,4,38,4,5,35,5,49,96,0,96,145
09/10/2020,HLN,MT,ANM,WE,Combination Non-Radar Approach Control & Tower w/o Radar,4,6,3,3,16,0,0,50,7,57,4,6,53,10,73,102,0,102,175
09/11/2020,HLN,MT,ANM,WE,Combination Non-Radar Approach Control & Tower w/o Radar,3,3,3,2,11,0,10,53,9,72,3,13,56,11,83,126,10,136,219
09/12/2020,HLN,MT,ANM,WE,Combination Non-Radar Approach Control & Tower w/o Radar,3,3,2,0,8,0,1,43,15,59,3,4,45,15,67,56,12,68,135
09/13/2020,HLN,MT,ANM,WE,Combination Non-Radar Approach Control & Tower w/o Radar,5,0,3,2,10,1,0,19,3,23,6,0,22,5,33,34,0,34,67
09/14/2020,HLN,MT,ANM,WE,Combination Non-Radar Approach Control & Tower w/o Radar,4,3,4,1,12,0,1,6,1,8,4,4,10,2,20,34,8,42,62
09/15/2020,HLN,MT,ANM,WE,Combination Non-Radar Approach Control & Tower w/o Radar,4,6,7,1,18,1,0,5,1,7,5,6,12,2,25,34,0,34,59
09/16/2020,HLN,MT,ANM,WE,Combination Non-Radar Approach Control & Tower w/o Radar,4,5,3,0,12,0,0,31,2,33,4,5,34,2,45,52,0,52,97
09/17/2020,HLN,MT,ANM,WE,Combination Non-Radar Approach Control & Tower w/o Radar,4,4,4,1,13,0,2,9,2,13,4,6,13,3,26,66,0,66,92
09/18/2020,HLN,MT,ANM,WE,Combination Non-Radar Approach Control & Tower w/o Radar,4,7,2,0,13,0,1,10,2,13,4,8,12,2,26,106,0,106,132
09/19/2020,HLN,MT,ANM,WE,Combination Non-Radar Approach Control & Tower w/o Radar,4,7,6,0,17,0,0,8,3,11,4,7,14,3,28,46,0,46,74
09/20/2020,HLN,MT,ANM,WE,Combination Non-Radar Approach Control & Tower w/o Radar,4,2,2,1,9,0,0,11,0,11,4,2,13,1,20,14,0,14,34
09/21/2020,HLN,MT,ANM,WE,Combination Non-Radar Approach Control & Tower w/o Radar,4,0,6,0,10,0,1,45,2,48,4,1,51,2,58,54,0,54,112
09/22/2020,HLN,MT,ANM,WE,Combination Non-Radar Approach Control & Tower w/o Radar,4,3,3,0,10,2,1,34,3,40,6,4,37,3,50,30,8,38,88
09/23/2020,HLN,MT,ANM,WE,Combination Non-Radar Approach Control & Tower w/o Radar,3,7,5,0,15,0,1,46,6,53,3,8,51,6,68,56,0,56,124
09/24/2020,HLN,MT,ANM,WE,Combination Non-Radar Approach Control & Tower w/o Radar,4,0,2,0,6,0,0,20,5,25,4,0,22,5,31,6,0,6,37
09/25/2020,HLN,MT,ANM,WE,Combination Non-Radar Approach Control & Tower w/o Radar,4,4,7,1,16,0,1,42,5,48,4,5,49,6,64,42,0,42,106
09/26/2020,HLN,MT,ANM,WE,Combination Non-Radar Approach Control & Tower w/o Radar,4,3,0,0,7,0,2,5,0,7,4,5,5,0,14,30,0,30,44
09/27/2020,HLN,MT,ANM,WE,Combination Non-Radar Approach Control & Tower w/o Radar,3,0,2,0,5,0,0,21,0,21,3,0,23,0,26,14,0,14,40
09/28/2020,HLN,MT,ANM,WE,Combination Non-Radar Approach Control & Tower w/o Radar,4,1,1,0,6,0,0,57,6,63,4,1,58,6,69,108,28,136,205
09/29/2020,HLN,MT,ANM,WE,Combination Non-Radar Approach Control & Tower w/o Radar,4,3,6,2,15,0,0,38,1,39,4,3,44,3,54,28,4,32,86
09/30/2020,HLN,MT,ANM,WE,Combination Non-Radar Approach Control & Tower w/o Radar,4,1,2,2,9,0,1,54,0,55,4,2,56,2,64,43,0,43,107
10/01/2020,HLN,MT,ANM,WE,Combination Non-Radar Approach Control & Tower w/o Radar,4,0,5,1,10,0,4,60,4,68,4,4,65,5,78,100,4,104,182
10/02/2020,HLN,MT,ANM,WE,Combination Non-Radar Approach Control & Tower w/o Radar,4,0,3,2,9,0,0,46,2,48,4,0,49,4,57,84,12,96,153
10/03/2020,HLN,MT,ANM,WE,Combination Non-Radar Approach Control & Tower w/o Radar,4,5,8,0,17,0,6,43,7,56,4,11,51,7,73,28,0,28,101
10/04/2020,HLN,MT,ANM,WE,Combination Non-Radar Approach Control & Tower w/o Radar,4,4,4,0,12,21,17,25,0,63,25,21,29,0,75,24,0,24,99
10/05/2020,HLN,MT,ANM,WE,Combination Non-Radar Approach Control & Tower w/o Radar,6,3,3,0,12,4,7,34,1,46,10,10,37,1,58,20,0,20,78
10/06/2020,HLN,MT,ANM,WE,Combination Non-Radar Approach Control & Tower w/o Radar,4,3,10,2,19,27,5,27,0,59,31,8,37,2,78,26,0,26,104
10/07/2020,HLN,MT,ANM,WE,Combination Non-Radar Approach Control & Tower w/o Radar,4,7,5,0,16,1,3,44,2,50,5,10,49,2,66,88,10,98,164
10/08/2020,HLN,MT,ANM,WE,Combination Non-Radar Approach Control & Tower w/o Radar,4,1,1,0,6,0,0,41,4,45,4,1,42,4,51,90,14,104,155
10/09/2020,HLN,MT,ANM,WE,Combination Non-Radar Approach Control & Tower w/o Radar,4,1,1,0,6,4,0,45,4,53,8,1,46,4,59,50,10,60,119
10/10/2020,HLN,MT,ANM,WE,Combination Non-Radar Approach Control & Tower w/o Radar,2,2,1,0,5,5,3,34,0,42,7,5,35,0,47,32,0,32,79
10/11/2020,HLN,MT,ANM,WE,Combination Non-Radar Approach Control & Tower w/o Radar,5,0,0,0,5,0,1,4,0,5,5,1,4,0,10,0,0,0,10
10/12/2020,HLN,MT,ANM,WE,Combination Non-Radar Approach Control & Tower w/o Radar,4,6,3,0,13,0,1,6,0,7,4,7,9,0,20,0,0,0,20
10/13/2020,HLN,MT,ANM,WE,Combination Non-Radar Approach Control & Tower w/o Radar,4,5,8,0,17,0,0,24,0,24,4,5,32,0,41,82,0,82,123
10/14/2020,HLN,MT,ANM,WE,Combination Non-Radar Approach Control & Tower w/o Radar,5,7,1,0,13,0,1,2,2,5,5,8,3,2,18,0,0,0,18
10/15/2020,HLN,MT,ANM,WE,Combination Non-Radar Approach Control & Tower w/o Radar,4,2,2,2,10,0,0,24,8,32,4,2,26,10,42,24,34,58,100
10/16/2020,HLN,MT,ANM,WE,Combination Non-Radar Approach Control & Tower w/o Radar,4,9,5,2,20,0,3,13,0,16,4,12,18,2,36,30,0,30,66
10/17/2020,HLN,MT,ANM,WE,Combination Non-Radar Approach Control & Tower w/o Radar,5,5,0,1,11,0,0,1,0,1,5,5,1,1,12,0,0,0,12
10/18/2020,HLN,MT,ANM,WE,Combination Non-Radar Approach Control & Tower w/o Radar,5,4,2,1,12,0,0,0,0,0,5,4,2,1,12,0,0,0,12
10/19/2020,HLN,MT,ANM,WE,Combination Non-Radar Approach Control & Tower w/o Radar,5,2,1,0,8,0,0,9,0,9,5,2,10,0,17,38,0,38,55
10/20/2020,HLN,MT,ANM,WE,Combination Non-Radar Approach Control & Tower w/o Radar,4,7,9,0,20,0,0,33,3,36,4,7,42,3,56,58,2,60,116
10/21/2020,HLN,MT,ANM,WE,Combination Non-Radar Approach Control & Tower w/o Radar,3,6,6,1,16,0,1,4,3,8,3,7,10,4,24,12,4,16,40
10/22/2020,HLN,MT,ANM,WE,Combination Non-Radar Approach Control & Tower w/o Radar,4,3,9,2,18,0,0,35,5,40,4,3,44,7,58,40,20,60,118
10/23/2020,HLN,MT,ANM,WE,Combination Non-Radar Approach Control & Tower w/o Radar,4,6,7,2,19,0,0,35,6,41,4,6,42,8,60,54,4,58,118
10/24/2020,HLN,MT,ANM,WE,Combination Non-Radar Approach Control & Tower w/o Radar,11,6,1,0,18,0,0,0,0,0,11,6,1,0,18,0,0,0,18
10/25/2020,HLN,MT,ANM,WE,Combination Non-Radar Approach Control & Tower w/o Radar,6,3,1,0,10,0,0,15,0,15,6,3,16,0,25,0,0,0,25
10/26/2020,HLN,MT,ANM,WE,Combination Non-Radar Approach Control & Tower w/o Radar,4,2,9,0,15,0,7,15,1,23,4,9,24,1,38,32,0,32,70
10/27/2020,HLN,MT,ANM,WE,Combination Non-Radar Approach Control & Tower w/o Radar,3,8,0,2,13,0,5,40,2,47,3,13,40,4,60,38,0,38,98
10/28/2020,HLN,MT,ANM,WE,Combination Non-Radar Approach Control & Tower w/o Radar,4,4,4,0,12,0,2,34,2,38,4,6,38,2,50,70,0,70,120
10/29/2020,HLN,MT,ANM,WE,Combination Non-Radar Approach Control & Tower w/o Radar,4,9,10,0,23,0,5,30,0,35,4,14,40,0,58,60,0,60,118
10/30/2020,HLN,MT,ANM,WE,Combination Non-Radar Approach Control & Tower w/o Radar,4,4,0,0,8,0,2,30,0,32,4,6,30,0,40,54,0,54,94
10/31/2020,HLN,MT,ANM,WE,Combination Non-Radar Approach Control & Tower w/o Radar,4,8,3,2,17,0,6,35,0,41,4,14,38,2,58,16,2,18,76
11/01/2020,HLN,MT,ANM,WE,Combination Non-Radar Approach Control & Tower w/o Radar,5,0,3,0,8,0,2,38,0,40,5,2,41,0,48,58,0,58,106
11/02/2020,HLN,MT,ANM,WE,Combination Non-Radar Approach Control & Tower w/o Radar,5,1,1,0,7,0,0,44,0,44,5,1,45,0,51,74,0,74,125
11/03/2020,HLN,MT,ANM,WE,Combination Non-Radar Approach Control & Tower w/o Radar,5,5,0,0,10,0,8,43,0,51,5,13,43,0,61,92,0,92,153
11/04/2020,HLN,MT,ANM,WE,Combination Non-Radar Approach Control & Tower w/o Radar,4,5,3,0,12,0,1,36,0,37,4,6,39,0,49,38,0,38,87
11/05/2020,HLN,MT,ANM,WE,Combination Non-Radar Approach Control & Tower w/o Radar,4,3,0,0,7,1,2,16,0,19,5,5,16,0,26,34,0,34,60
11/06/2020,HLN,MT,ANM,WE,Combination Non-Radar Approach Control & Tower w/o Radar,4,8,8,2,22,5,3,24,2,34,9,11,32,4,56,42,2,44,100
11/07/2020,HLN,MT,ANM,WE,Combination Non-Radar Approach Control & Tower w/o Radar,5,5,4,0,14,0,0,23,4,27,5,5,27,4,41,62,0,62,103
11/08/2020,HLN,MT,ANM,WE,Combination Non-Radar Approach Control & Tower w/o Radar,5,0,0,0,5,0,0,0,0,0,5,0,0,0,5,0,0,0,5
11/09/2020,HLN,MT,ANM,WE,Combination Non-Radar Approach Control & Tower w/o Radar,4,1,2,0,7,0,3,11,0,14,4,4,13,0,21,20,0,20,41
11/10/2020,HLN,MT,ANM,WE,Combination Non-Radar Approach Control & Tower w/o Radar,4,7,5,0,16,0,0,12,9,21,4,7,17,9,37,32,0,32,69
11/11/2020,HLN,MT,ANM,WE,Combination Non-Radar Approach Control & Tower w/o Radar,5,6,2,0,13,0,0,10,0,10,5,6,12,0,23,8,0,8,31
11/12/2020,HLN,MT,ANM,WE,Combination Non-Radar Approach Control & Tower w/o Radar,4,6,2,2,14,0,4,28,4,36,4,10,30,6,50,34,8,42,92
11/13/2020,HLN,MT,ANM,WE,Combination Non-Radar Approach Control & Tower w/o Radar,4,4,4,0,12,0,1,7,0,8,4,5,11,0,20,0,0,0,20
11/14/2020,HLN,MT,ANM,WE,Combination Non-Radar Approach Control & Tower w/o Radar,4,4,4,0,12,0,0,0,0,0,4,4,4,0,12,0,0,0,12
11/15/2020,HLN,MT,ANM,WE,Combination Non-Radar Approach Control & Tower w/o Radar,5,0,0,0,5,0,0,7,0,7,5,0,7,0,12,34,0,34,46
11/16/2020,HLN,MT,ANM,WE,Combination Non-Radar Approach Control & Tower w/o Radar,4,2,3,0,9,0,3,37,0,40,4,5,40,0,49,48,0,48,97
11/17/2020,HLN,MT,ANM,WE,Combination Non-Radar Approach Control & Tower w/o Radar,4,8,10,0,22,0,1,27,0,28,4,9,37,0,50,62,0,62,112
11/18/2020,HLN,MT,ANM,WE,Combination Non-Radar Approach Control & Tower w/o Radar,4,4,0,0,8,0,0,14,0,14,4,4,14,0,22,34,4,38,60
11/19/2020,HLN,MT,ANM,WE,Combination Non-Radar Approach Control & Tower w/o Radar,5,4,5,0,14,0,0,25,7,32,5,4,30,7,46,44,4,48,94
11/20/2020,HLN,MT,ANM,WE,Combination Non-Radar Approach Control & Tower w/o Radar,6,8,5,0,19,0,7,55,5,67,6,15,60,5,86,32,0,32,118
11/21/2020,HLN,MT,ANM,WE,Combination Non-Radar Approach Control & Tower w/o Radar,5,3,3,1,12,0,2,34,12,48,5,5,37,13,60,46,0,46,106
11/22/2020,HLN,MT,ANM,WE,Combination Non-Radar Approach Control & Tower w/o Radar,5,1,4,0,10,0,0,30,0,30,5,1,34,0,40,12,0,12,52
11/23/2020,HLN,MT,ANM,WE,Combination Non-Radar Approach Control & Tower w/o Radar,7,7,3,0,17,0,2,16,0,18,7,9,19,0,35,50,0,50,85
11/24/2020,HLN,MT,ANM,WE,Combination Non-Radar Approach Control & Tower w/o Radar,7,8,0,2,17,0,2,11,7,20,7,10,11,9,37,32,4,36,73
11/25/2020,HLN,MT,ANM,WE,Combination Non-Radar Approach Control & Tower w/o Radar,6,7,3,0,16,0,1,14,2,17,6,8,17,2,33,58,0,58,91
11/26/2020,HLN,MT,ANM,WE,Combination Non-Radar Approach Control & Tower w/o Radar,6,1,1,0,8,0,0,1,5,6,6,1,2,5,14,0,0,0,14
11/27/2020,HLN,MT,ANM,WE,Combination Non-Radar Approach Control & Tower w/o Radar,6,4,0,0,10,0,2,29,0,31,6,6,29,0,41,34,0,34,75
11/28/2020,HLN,MT,ANM,WE,Combination Non-Radar Approach Control & Tower w/o Radar,6,3,3,0,12,0,0,29,0,29,6,3,32,0,41,60,0,60,101
11/29/2020,HLN,MT,ANM,WE,Combination Non-Radar Approach Control & Tower w/o Radar,5,2,1,0,8,0,0,32,0,32,5,2,33,0,40,14,0,14,54
11/30/2020,HLN,MT,ANM,WE,Combination Non-Radar Approach Control & Tower w/o Radar,4,0,3,0,7,0,4,27,0,31,4,4,30,0,38,60,12,72,110
12/01/2020,HLN,MT,ANM,WE,Combination Non-Radar Approach Control & Tower w/o Radar,4,3,2,0,9,0,0,10,12,22,4,3,12,12,31,32,4,36,67
12/02/2020,HLN,MT,ANM,WE,Combination Non-Radar Approach Control & Tower w/o Radar,5,5,1,0,11,0,2,41,13,56,5,7,42,13,67,50,10,60,127
12/03/2020,HLN,MT,ANM,WE,Combination Non-Radar Approach Control & Tower w/o Radar,4,9,0,0,13,0,14,63,12,89,4,23,63,12,102,74,54,128,230
12/04/2020,HLN,MT,ANM,WE,Combination Non-Radar Approach Control & Tower w/o Radar,4,9,2,0,15,0,18,91,7,116,4,27,93,7,131,136,14,150,281
12/05/2020,HLN,MT,ANM,WE,Combination Non-Radar Approach Control & Tower w/o Radar,4,5,2,0,11,0,0,50,2,52,4,5,52,2,63,52,0,52,115
12/06/2020,HLN,MT,ANM,WE,Combination Non-Radar Approach Control & Tower w/o Radar,4,1,0,0,5,0,3,29,0,32,4,4,29,0,37,24,0,24,61
12/07/2020,HLN,MT,ANM,WE,Combination Non-Radar Approach Control & Tower w/o Radar,4,1,0,2,7,0,5,40,4,49,4,6,40,6,56,78,22,100,156
12/08/2020,HLN,MT,ANM,WE,Combination Non-Radar Approach Control & Tower w/o Radar,4,2,7,0,13,0,8,29,4,41,4,10,36,4,54,24,18,42,96
12/09/2020,HLN,MT,ANM,WE,Combination Non-Radar Approach Control & Tower w/o Radar,3,6,5,0,14,0,4,21,1,26,3,10,26,1,40,38,12,50,90
12/10/2020,HLN,MT,ANM,WE,Combination Non-Radar Approach Control & Tower w/o Radar,4,3,6,3,16,0,10,42,15,67,4,13,48,18,83,82,12,94,177
12/11/2020,HLN,MT,ANM,WE,Combination Non-Radar Approach Control & Tower w/o Radar,4,6,5,3,18,0,0,3,1,4,4,6,8,4,22,24,0,24,46
12/12/2020,HLN,MT,ANM,WE,Combination Non-Radar Approach Control & Tower w/o Radar,4,3,3,0,10,0,0,23,0,23,4,3,26,0,33,0,0,0,33
12/13/2020,HLN,MT,ANM,WE,Combination Non-Radar Approach Control & Tower w/o Radar,4,0,0,0,4,0,0,17,0,17,4,0,17,0,21,22,0,22,43
12/14/2020,HLN,MT,ANM,WE,Combination Non-Radar Approach Control & Tower w/o Radar,5,3,2,0,10,0,0,13,3,16,5,3,15,3,26,22,6,28,54
12/15/2020,HLN,MT,ANM,WE,Combination Non-Radar Approach Control & Tower w/o Radar,0,8,5,0,13,0,2,14,8,24,0,10,19,8,37,28,0,28,65
12/16/2020,HLN,MT,ANM,WE,Combination Non-Radar Approach Control & Tower w/o Radar,5,7,5,0,17,0,7,24,3,34,5,14,29,3,51,14,10,24,75
12/17/2020,HLN,MT,ANM,WE,Combination Non-Radar Approach Control & Tower w/o Radar,5,6,3,0,14,0,0,31,0,31,5,6,34,0,45,70,0,70,115
12/18/2020,HLN,MT,ANM,WE,Combination Non-Radar Approach Control & Tower w/o Radar,6,9,6,0,21,0,1,12,12,25,6,10,18,12,46,28,2,30,76
12/19/2020,HLN,MT,ANM,WE,Combination Non-Radar Approach Control & Tower w/o Radar,7,4,1,0,12,0,0,7,0,7,7,4,8,0,19,10,0,10,29
12/20/2020,HLN,MT,ANM,WE,Combination Non-Radar Approach Control & Tower w/o Radar,6,3,3,0,12,0,0,2,0,2,6,3,5,0,14,0,0,0,14
12/21/2020,HLN,MT,ANM,WE,Combination Non-Radar Approach Control & Tower w/o Radar,6,4,7,7,24,0,1,13,8,22,6,5,20,15,46,48,10,58,104
12/22/2020,HLN,MT,ANM,WE,Combination Non-Radar Approach Control & Tower w/o Radar,6,9,3,0,18,0,1,2,0,3,6,10,5,0,21,0,0,0,21
12/23/2020,HLN,MT,ANM,WE,Combination Non-Radar Approach Control & Tower w/o Radar,7,10,2,0,19,0,12,22,17,51,7,22,24,17,70,26,14,40,110
12/24/2020,HLN,MT,ANM,WE,Combination Non-Radar Approach Control & Tower w/o Radar,4,7,3,0,14,0,2,29,0,31,4,9,32,0,45,44,0,44,89
12/25/2020,HLN,MT,ANM,WE,Combination Non-Radar Approach Control & Tower w/o Radar,6,0,0,0,6,0,0,17,0,17,6,0,17,0,23,4,0,4,27
12/26/2020,HLN,MT,ANM,WE,Combination Non-Radar Approach Control & Tower w/o Radar,6,5,1,0,12,0,0,12,0,12,6,5,13,0,24,48,0,48,72
12/27/2020,HLN,MT,ANM,WE,Combination Non-Radar Approach Control & Tower w/o Radar,6,0,1,0,7,0,0,17,0,17,6,0,18,0,24,36,0,36,60
12/28/2020,HLN,MT,ANM,WE,Combination Non-Radar Approach Control & Tower w/o Radar,4,1,0,0,5,0,0,33,1,34,4,1,33,1,39,20,0,20,59
12/29/2020,HLN,MT,ANM,WE,Combination Non-Radar Approach Control & Tower w/o Radar,4,4,6,0,14,0,0,31,8,39,4,4,37,8,53,60,0,60,113
12/30/2020,HLN,MT,ANM,WE,Combination Non-Radar Approach Control & Tower w/o Radar,6,7,2,0,15,0,1,21,4,26,6,8,23,4,41,68,0,68,109
12/31/2020,HLN,MT,ANM,WE,Combination Non-Radar Approach Control & Tower w/o Radar,6,5,4,0,15,0,0,27,0,27,6,5,31,0,42,52,0,52,94
01/01/2021,HLN,MT,ANM,WE,Combination Non-Radar Approach Control & Tower w/o Radar,4,4,1,0,9,0,0,15,0,15,4,4,16,0,24,10,0,10,34
01/02/2021,HLN,MT,ANM,WE,Combination Non-Radar Approach Control & Tower w/o Radar,6,3,0,0,9,0,1,17,0,18,6,4,17,0,27,22,0,22,49
01/03/2021,HLN,MT,ANM,WE,Combination Non-Radar Approach Control & Tower w/o Radar,6,1,0,0,7,0,1,4,0,5,6,2,4,0,12,0,0,0,12
01/04/2021,HLN,MT,ANM,WE,Combination Non-Radar Approach Control & Tower w/o Radar,5,2,4,0,11,0,2,39,7,48,5,4,43,7,59,78,8,86,145
01/05/2021,HLN,MT,ANM,WE,Combination Non-Radar Approach Control & Tower w/o Radar,4,2,0,1,7,0,0,14,13,27,4,2,14,14,34,42,14,56,90
01/06/2021,HLN,MT,ANM,WE,Combination Non-Radar Approach Control & Tower w/o Radar,4,5,4,2,15,0,20,45,20,85,4,25,49,22,100,90,14,104,204
01/07/2021,HLN,MT,ANM,WE,Combination Non-Radar Approach Control & Tower w/o Radar,4,7,7,0,18,0,0,0,0,0,4,7,7,0,18,0,0,0,18
01/08/2021,HLN,MT,ANM,WE,Combination Non-Radar Approach Control & Tower w/o Radar,7,13,4,5,29,0,1,15,9,25,7,14,19,14,54,32,6,38,92
01/09/2021,HLN,MT,ANM,WE,Combination Non-Radar Approach Control & Tower w/o Radar,5,0,3,0,8,0,0,0,2,2,5,0,3,2,10,0,0,0,10
01/10/2021,HLN,MT,ANM,WE,Combination Non-Radar Approach Control & Tower w/o Radar,7,1,1,0,9,0,2,17,5,24,7,3,18,5,33,4,2,6,39
01/11/2021,HLN,MT,ANM,WE,Combination Non-Radar Approach Control & Tower w/o Radar,4,5,3,0,12,0,1,29,15,45,4,6,32,15,57,24,28,52,109
01/12/2021,HLN,MT,ANM,WE,Combination Non-Radar Approach Control & Tower w/o Radar,5,9,5,0,19,0,0,13,7,20,5,9,18,7,39,42,0,42,81
01/13/2021,HLN,MT,ANM,WE,Combination Non-Radar Approach Control & Tower w/o Radar,2,5,2,0,9,0,1,3,0,4,2,6,5,0,13,0,0,0,13
01/14/2021,HLN,MT,ANM,WE,Combination Non-Radar Approach Control & Tower w/o Radar,5,4,3,0,12,0,1,18,8,27,5,5,21,8,39,18,16,34,73
01/15/2021,HLN,MT,ANM,WE,Combination Non-Radar Approach Control & Tower w/o Radar,4,6,5,0,15,0,2,26,6,34,4,8,31,6,49,28,6,34,83
01/16/2021,HLN,MT,ANM,WE,Combination Non-Radar Approach Control & Tower w/o Radar,4,2,3,0,9,0,1,30,3,34,4,3,33,3,43,74,0,74,117
01/17/2021,HLN,MT,ANM,WE,Combination Non-Radar Approach Control & Tower w/o Radar,2,0,2,0,4,0,0,7,0,7,2,0,9,0,11,0,0,0,11
01/18/2021,HLN,MT,ANM,WE,Combination Non-Radar Approach Control & Tower w/o Radar,4,1,6,0,11,0,0,7,0,7,4,1,13,0,18,46,0,46,64
01/19/2021,HLN,MT,ANM,WE,Combination Non-Radar Approach Control & Tower w/o Radar,7,5,8,6,26,0,0,36,7,43,7,5,44,13,69,136,8,144,213
01/20/2021,HLN,MT,ANM,WE,Combination Non-Radar Approach Control & Tower w/o Radar,4,5,4,2,15,0,3,37,14,54,4,8,41,16,69,36,16,52,121
01/21/2021,HLN,MT,ANM,WE,Combination Non-Radar Approach Control & Tower w/o Radar,5,2,4,0,11,0,0,30,10,40,5,2,34,10,51,64,2,66,117
01/22/2021,HLN,MT,ANM,WE,Combination Non-Radar Approach Control & Tower w/o Radar,7,6,4,0,17,0,1,49,14,64,7,7,53,14,81,24,6,30,111
01/23/2021,HLN,MT,ANM,WE,Combination Non-Radar Approach Control & Tower w/o Radar,4,3,1,0,8,0,3,13,7,23,4,6,14,7,31,14,0,14,45
01/24/2021,HLN,MT,ANM,WE,Combination Non-Radar Approach Control & Tower w/o Radar,3,1,2,0,6,0,0,27,2,29,3,1,29,2,35,24,0,24,59
01/25/2021,HLN,MT,ANM,WE,Combination Non-Radar Approach Control & Tower w/o Radar,4,1,3,0,8,0,0,34,15,49,4,1,37,15,57,118,0,118,175
01/26/2021,HLN,MT,ANM,WE,Combination Non-Radar Approach Control & Tower w/o Radar,4,4,6,0,14,0,3,19,8,30,4,7,25,8,44,26,0,26,70
01/27/2021,HLN,MT,ANM,WE,Combination Non-Radar Approach Control & Tower w/o Radar,3,3,3,0,9,0,8,34,17,59,3,11,37,17,68,50,18,68,136
01/28/2021,HLN,MT,ANM,WE,Combination Non-Radar Approach Control & Tower w/o Radar,5,8,8,0,21,0,8,30,8,46,5,16,38,8,67,92,18,110,177
01/29/2021,HLN,MT,ANM,WE,Combination Non-Radar Approach Control & Tower w/o Radar,3,6,2,0,11,0,0,7,0,7,3,6,9,0,18,36,0,36,54
01/30/2021,HLN,MT,ANM,WE,Combination Non-Radar Approach Control & Tower w/o Radar,7,3,0,0,10,0,1,31,4,36,7,4,31,4,46,36,0,36,82
01/31/2021,HLN,MT,ANM,WE,Combination Non-Radar Approach Control & Tower w/o Radar,4,0,0,0,4,0,0,47,0,47,4,0,47,0,51,28,0,28,79
02/01/2021,HLN,MT,ANM,WE,Combination Non-Radar Approach Control & Tower w/o Radar,4,2,2,0,8,0,2,53,3,58,4,4,55,3,66,122,0,122,188
02/02/2021,HLN,MT,ANM,WE,Combination Non-Radar Approach Control & Tower w/o Radar,4,4,2,0,10,0,3,20,5,28,4,7,22,5,38,52,0,52,90
02/03/2021,HLN,MT,ANM,WE,Combination Non-Radar Approach Control & Tower w/o Radar,5,6,1,0,12,0,2,36,16,54,5,8,37,16,66,90,8,98,164
02/04/2021,HLN,MT,ANM,WE,Combination Non-Radar Approach Control & Tower w/o Radar,4,3,6,0,13,0,0,4,0,4,4,3,10,0,17,0,0,0,17
02/05/2021,HLN,MT,ANM,WE,Combination Non-Radar Approach Control & Tower w/o Radar,5,4,2,0,11,0,0,2,4,6,5,4,4,4,17,0,4,4,21
02/06/2021,HLN,MT,ANM,WE,Combination Non-Radar Approach Control & Tower w/o Radar,6,3,0,0,9,0,0,0,0,0,6,3,0,0,9,0,0,0,9
02/07/2021,HLN,MT,ANM,WE,Combination Non-Radar Approach Control & Tower w/o Radar,6,0,0,0,6,0,0,1,0,1,6,0,1,0,7,0,0,0,7
02/08/2021,HLN,MT,ANM,WE,Combination Non-Radar Approach Control & Tower w/o Radar,6,2,7,0,15,0,0,0,0,0,6,2,7,0,15,0,0,0,15
02/09/2021,HLN,MT,ANM,WE,Combination Non-Radar Approach Control & Tower w/o Radar,5,6,5,4,20,0,0,3,1,4,5,6,8,5,24,0,0,0,24
02/10/2021,HLN,MT,ANM,WE,Combination Non-Radar Approach Control & Tower w/o Radar,4,6,10,2,22,0,0,6,10,16,4,6,16,12,38,0,22,22,60
02/11/2021,HLN,MT,ANM,WE,Combination Non-Radar Approach Control & Tower w/o Radar,6,5,15,0,26,0,0,3,3,6,6,5,18,3,32,0,16,16,48
02/12/2021,HLN,MT,ANM,WE,Combination Non-Radar Approach Control & Tower w/o Radar,5,4,7,1,17,0,1,6,16,23,5,5,13,17,40,4,6,10,50
02/13/2021,HLN,MT,ANM,WE,Combination Non-Radar Approach Control & Tower w/o Radar,3,3,2,0,8,0,0,3,0,3,3,3,5,0,11,0,0,0,11
02/14/2021,HLN,MT,ANM,WE,Combination Non-Radar Approach Control & Tower w/o Radar,5,2,2,1,10,0,0,7,0,7,5,2,9,1,17,0,0,0,17
02/15/2021,HLN,MT,ANM,WE,Combination Non-Radar Approach Control & Tower w/o Radar,4,2,3,0,9,0,0,7,0,7,4,2,10,0,16,50,0,50,66
02/16/2021,HLN,MT,ANM,WE,Combination Non-Radar Approach Control & Tower w/o Radar,5,5,7,0,17,0,0,12,17,29,5,5,19,17,46,18,12,30,76
02/17/2021,HLN,MT,ANM,WE,Combination Non-Radar Approach Control & Tower w/o Radar,5,8,4,0,17,0,1,1,0,2,5,9,5,0,19,0,0,0,19
02/18/2021,HLN,MT,ANM,WE,Combination Non-Radar Approach Control & Tower w/o Radar,5,2,5,0,12,0,1,47,16,64,5,3,52,16,76,120,6,126,202
02/19/2021,HLN,MT,ANM,WE,Combination Non-Radar Approach Control & Tower w/o Radar,5,5,8,0,18,0,2,32,6,40,5,7,40,6,58,56,0,56,114
02/20/2021,HLN,MT,ANM,WE,Combination Non-Radar Approach Control & Tower w/o Radar,6,3,0,0,9,0,4,15,4,23,6,7,15,4,32,54,0,54,86
02/21/2021,HLN,MT,ANM,WE,Combination Non-Radar Approach Control & Tower w/o Radar,3,2,2,0,7,0,2,12,0,14,3,4,14,0,21,0,0,0,21
02/22/2021,HLN,MT,ANM,WE,Combination Non-Radar Approach Control & Tower w/o Radar,5,1,1,0,7,0,0,3,0,3,5,1,4,0,10,0,0,0,10
02/23/2021,HLN,MT,ANM,WE,Combination Non-Radar Approach Control & Tower w/o Radar,5,4,0,0,9,0,0,5,1,6,5,4,5,1,15,0,0,0,15
02/24/2021,HLN,MT,ANM,WE,Combination Non-Radar Approach Control & Tower w/o Radar,5,8,16,0,29,0,7,71,10,88,5,15,87,10,117,152,0,152,269
02/25/2021,HLN,MT,ANM,WE,Combination Non-Radar Approach Control & Tower w/o Radar,4,6,5,4,19,0,0,34,10,44,4,6,39,14,63,48,0,48,111
02/26/2021,HLN,MT,ANM,WE,Combination Non-Radar Approach Control & Tower w/o Radar,4,6,3,1,14,0,1,17,26,44,4,7,20,27,58,82,18,100,158
02/27/2021,HLN,MT,ANM,WE,Combination Non-Radar Approach Control & Tower w/o Radar,6,4,0,0,10,0,0,11,0,11,6,4,11,0,21,38,0,38,59
02/28/2021,HLN,MT,ANM,WE,Combination Non-Radar Approach Control & Tower w/o Radar,5,1,2,0,8,0,0,7,0,7,5,1,9,0,15,0,0,0,15
03/01/2021,HLN,MT,ANM,WE,Combination Non-Radar Approach Control & Tower w/o Radar,4,3,5,3,15,0,2,44,9,55,4,5,49,12,70,186,1,187,257
03/02/2021,HLN,MT,ANM,WE,Combination Non-Radar Approach Control & Tower w/o Radar,5,5,5,2,17,0,0,34,6,40,5,5,39,8,57,76,8,84,141
03/03/2021,HLN,MT,ANM,WE,Combination Non-Radar Approach Control & Tower w/o Radar,7,8,1,4,20,0,7,56,8,71,7,15,57,12,91,200,8,208,299
03/04/2021,HLN,MT,ANM,WE,Combination Non-Radar Approach Control & Tower w/o Radar,4,5,2,2,13,0,7,76,12,95,4,12,78,14,108,88,24,112,220
03/05/2021,HLN,MT,ANM,WE,Combination Non-Radar Approach Control & Tower w/o Radar,4,6,6,0,16,0,3,46,8,57,4,9,52,8,73,44,0,44,117
03/06/2021,HLN,MT,ANM,WE,Combination Non-Radar Approach Control & Tower w/o Radar,4,5,1,0,10,0,4,35,20,59,4,9,36,20,69,114,0,114,183
03/07/2021,HLN,MT,ANM,WE,Combination Non-Radar Approach Control & Tower w/o Radar,5,1,0,0,6,0,0,28,1,29,5,1,28,1,35,4,0,4,39
03/08/2021,HLN,MT,ANM,WE,Combination Non-Radar Approach Control & Tower w/o Radar,5,5,3,2,15,0,1,0,3,4,5,6,3,5,19,0,0,0,19
03/09/2021,HLN,MT,ANM,WE,Combination Non-Radar Approach Control & Tower w/o Radar,5,4,4,0,13,0,0,15,11,26,5,4,19,11,39,66,30,96,135
03/10/2021,HLN,MT,ANM,WE,Combination Non-Radar Approach Control & Tower w/o Radar,5,8,5,2,20,0,3,44,0,47,5,11,49,2,67,124,0,124,191
03/11/2021,HLN,MT,ANM,WE,Combination Non-Radar Approach Control & Tower w/o Radar,4,8,4,0,16,0,0,36,14,50,4,8,40,14,66,64,2,66,132
03/12/2021,HLN,MT,ANM,WE,Combination Non-Radar Approach Control & Tower w/o Radar,5,3,3,7,18,0,2,46,26,74,5,5,49,33,92,52,30,82,174
03/13/2021,HLN,MT,ANM,WE,Combination Non-Radar Approach Control & Tower w/o Radar,5,4,7,0,16,0,1,35,0,36,5,5,42,0,52,76,0,76,128
03/14/2021,HLN,MT,ANM,WE,Combination Non-Radar Approach Control & Tower w/o Radar,4,2,2,1,9,0,0,29,0,29,4,2,31,1,38,94,0,94,132
03/15/2021,HLN,MT,ANM,WE,Combination Non-Radar Approach Control & Tower w/o Radar,4,1,2,2,9,0,2,17,11,30,4,3,19,13,39,36,6,42,81
03/16/2021,HLN,MT,ANM,WE,Combination Non-Radar Approach Control & Tower w/o Radar,5,5,3,0,13,0,10,34,16,60,5,15,37,16,73,82,24,106,179
03/17/2021,HLN,MT,ANM,WE,Combination Non-Radar Approach Control & Tower w/o Radar,4,7,7,2,20,0,10,34,10,54,4,17,41,12,74,78,18,96,170
03/18/2021,HLN,MT,ANM,WE,Combination Non-Radar Approach Control & Tower w/o Radar,4,5,3,0,12,0,2,52,12,66,4,7,55,12,78,70,20,90,168
03/19/2021,HLN,MT,ANM,WE,Combination Non-Radar Approach Control & Tower w/o Radar,5,6,4,0,15,0,3,25,11,39,5,9,29,11,54,20,18,38,92
03/20/2021,HLN,MT,ANM,WE,Combination Non-Radar Approach Control & Tower w/o Radar,5,4,2,1,12,0,12,28,0,40,5,16,30,1,52,48,0,48,100
03/21/2021,HLN,MT,ANM,WE,Combination Non-Radar Approach Control & Tower w/o Radar,4,2,2,0,8,0,2,11,0,13,4,4,13,0,21,0,0,0,21
03/22/2021,HLN,MT,ANM,WE,Combination Non-Radar Approach Control & Tower w/o Radar,5,1,2,0,8,0,0,12,14,26,5,1,14,14,34,26,8,34,68
03/23/2021,HLN,MT,ANM,WE,Combination Non-Radar Approach Control & Tower w/o Radar,5,4,5,0,14,0,0,11,6,17,5,4,16,6,31,60,28,88,119
03/24/2021,HLN,MT,ANM,WE,Combination Non-Radar Approach Control & Tower w/o Radar,5,13,5,2,25,0,0,24,7,31,5,13,29,9,56,58,2,60,116
03/25/2021,HLN,MT,ANM,WE,Combination Non-Radar Approach Control & Tower w/o Radar,3,4,11,0,18,0,1,21,9,31,3,5,32,9,49,10,4,14,63
03/26/2021,HLN,MT,ANM,WE,Combination Non-Radar Approach Control & Tower w/o Radar,6,2,8,0,16,0,2,23,3,28,6,4,31,3,44,38,0,38,82
03/27/2021,HLN,MT,ANM,WE,Combination Non-Radar Approach Control & Tower w/o Radar,5,4,1,0,10,0,0,15,2,17,5,4,16,2,27,42,0,42,69
03/28/2021,HLN,MT,ANM,WE,Combination Non-Radar Approach Control & Tower w/o Radar,5,9,2,0,16,0,0,12,0,12,5,9,14,0,28,0,0,0,28
03/29/2021,HLN,MT,ANM,WE,Combination Non-Radar Approach Control & Tower w/o Radar,6,3,0,1,10,0,0,1,3,4,6,3,1,4,14,0,0,0,14
03/30/2021,HLN,MT,ANM,WE,Combination Non-Radar Approach Control & Tower w/o Radar,7,2,9,0,18,0,1,19,12,32,7,3,28,12,50,26,4,30,80
03/31/2021,HLN,MT,ANM,WE,Combination Non-Radar Approach Control & Tower w/o Radar,5,6,6,0,17,0,5,56,6,67,5,11,62,6,84,84,4,88,172
04/01/2021,HLN,MT,ANM,WE,Combination Non-Radar Approach Control & Tower w/o Radar,5,6,5,0,16,0,0,46,2,48,5,6,51,2,64,60,0,60,124
04/02/2021,HLN,MT,ANM,WE,Combination Non-Radar Approach Control & Tower w/o Radar,5,12,9,0,26,0,2,45,2,49,5,14,54,2,75,62,0,62,137
04/03/2021,HLN,MT,ANM,WE,Combination Non-Radar Approach Control & Tower w/o Radar,8,5,1,2,16,0,0,45,1,46,8,5,46,3,62,48,0,48,110
04/04/2021,HLN,MT,ANM,WE,Combination Non-Radar Approach Control & Tower w/o Radar,6,6,2,0,14,0,1,25,2,28,6,7,27,2,42,60,0,60,102
04/05/2021,HLN,MT,ANM,WE,Combination Non-Radar Approach Control & Tower w/o Radar,6,5,2,0,13,0,0,0,0,0,6,5,2,0,13,34,0,34,47
04/06/2021,HLN,MT,ANM,WE,Combination Non-Radar Approach Control & Tower w/o Radar,5,9,6,2,22,0,2,35,13,50,5,11,41,15,72,40,10,50,122
04/07/2021,HLN,MT,ANM,WE,Combination Non-Radar Approach Control & Tower w/o Radar,5,11,3,0,19,0,3,57,20,80,5,14,60,20,99,62,10,72,171
04/08/2021,HLN,MT,ANM,WE,Combination Non-Radar Approach Control & Tower w/o Radar,7,6,5,0,18,0,1,10,16,27,7,7,15,16,45,52,14,66,111
04/09/2021,HLN,MT,ANM,WE,Combination Non-Radar Approach Control & Tower w/o Radar,6,8,3,0,17,0,1,62,19,82,6,9,65,19,99,108,9,117,216
04/10/2021,HLN,MT,ANM,WE,Combination Non-Radar Approach Control & Tower w/o Radar,5,6,2,0,13,0,0,18,0,18,5,6,20,0,31,30,0,30,61
04/11/2021,HLN,MT,ANM,WE,Combination Non-Radar Approach Control & Tower w/o Radar,5,5,4,2,16,0,0,14,0,14,5,5,18,2,30,38,0,38,68
04/12/2021,HLN,MT,ANM,WE,Combination Non-Radar Approach Control & Tower w/o Radar,6,2,6,0,14,0,4,28,14,46,6,6,34,14,60,54,6,60,120
04/13/2021,HLN,MT,ANM,WE,Combination Non-Radar Approach Control & Tower w/o Radar,5,6,4,0,15,0,1,34,9,44,5,7,38,9,59,30,0,30,89
04/14/2021,HLN,MT,ANM,WE,Combination Non-Radar Approach Control & Tower w/o Radar,6,8,4,0,18,0,0,23,0,23,6,8,27,0,41,72,0,72,113
04/15/2021,HLN,MT,ANM,WE,Combination Non-Radar Approach Control & Tower w/o Radar,5,4,6,0,15,0,0,15,14,29,5,4,21,14,44,48,0,48,92
04/16/2021,HLN,MT,ANM,WE,Combination Non-Radar Approach Control & Tower w/o Radar,7,6,7,1,21,0,2,62,14,78,7,8,69,15,99,110,0,110,209
04/17/2021,HLN,MT,ANM,WE,Combination Non-Radar Approach Control & Tower w/o Radar,8,3,3,0,14,0,2,86,0,88,8,5,89,0,102,90,0,90,192
04/18/2021,HLN,MT,ANM,WE,Combination Non-Radar Approach Control & Tower w/o Radar,7,2,6,0,15,0,0,22,2,24,7,2,28,2,39,24,0,24,63
04/19/2021,HLN,MT,ANM,WE,Combination Non-Radar Approach Control & Tower w/o Radar,6,5,5,0,16,0,0,23,17,40,6,5,28,17,56,14,2,16,72
04/20/2021,HLN,MT,ANM,WE,Combination Non-Radar Approach Control & Tower w/o Radar,6,6,2,0,14,0,10,50,21,81,6,16,52,21,95,84,8,92,187
04/21/2021,HLN,MT,ANM,WE,Combination Non-Radar Approach Control & Tower w/o Radar,4,12,10,1,27,0,8,78,12,98,4,20,88,13,125,128,0,128,253
04/22/2021,HLN,MT,ANM,WE,Combination Non-Radar Approach Control & Tower w/o Radar,5,13,8,0,26,0,1,15,13,29,5,14,23,13,55,24,16,40,95
04/23/2021,HLN,MT,ANM,WE,Combination Non-Radar Approach Control & Tower w/o Radar,5,8,9,0,22,0,0,18,0,18,5,8,27,0,40,42,0,42,82
04/24/2021,HLN,MT,ANM,WE,Combination Non-Radar Approach Control & Tower w/o Radar,6,5,1,0,12,0,0,12,4,16,6,5,13,4,28,30,6,36,64
04/25/2021,HLN,MT,ANM,WE,Combination Non-Radar Approach Control & Tower w/o Radar,5,5,2,0,12,0,0,4,0,4,5,5,6,0,16,0,0,0,16
04/26/2021,HLN,MT,ANM,WE,Combination Non-Radar Approach Control & Tower w/o Radar,7,1,1,0,9,0,0,34,10,44,7,1,35,10,53,78,6,84,137
04/27/2021,HLN,MT,ANM,WE,Combination Non-Radar Approach Control & Tower w/o Radar,5,14,7,0,26,0,6,63,12,81,5,20,70,12,107,110,6,116,223
04/28/2021,HLN,MT,ANM,WE,Combination Non-Radar Approach Control & Tower w/o Radar,5,9,11,0,25,0,2,36,17,55,5,11,47,17,80,42,6,48,128
04/29/2021,HLN,MT,ANM,WE,Combination Non-Radar Approach Control & Tower w/o Radar,5,10,9,0,24,0,1,61,18,80,5,11,70,18,104,64,6,70,174
04/30/2021,HLN,MT,ANM,WE,Combination Non-Radar Approach Control & Tower w/o Radar,6,7,6,0,19,0,3,26,32,61,6,10,32,32,80,102,16,118,198
05/01/2021,HLN,MT,ANM,WE,Combination Non-Radar Approach Control & Tower w/o Radar,6,4,5,0,15,0,0,30,45,75,6,4,35,45,90,48,0,48,138
05/02/2021,HLN,MT,ANM,WE,Combination Non-Radar Approach Control & Tower w/o Radar,5,5,3,0,13,0,0,2,4,6,5,5,5,4,19,2,10,12,31
05/03/2021,HLN,MT,ANM,WE,Combination Non-Radar Approach Control & Tower w/o Radar,5,6,3,2,16,0,1,34,14,49,5,7,37,16,65,111,6,117,182
05/04/2021,HLN,MT,ANM,WE,Combination Non-Radar Approach Control & Tower w/o Radar,6,5,3,1,15,0,0,29,4,33,6,5,32,5,48,36,0,36,84
05/05/2021,HLN,MT,ANM,WE,Combination Non-Radar Approach Control & Tower w/o Radar,7,12,2,0,21,0,4,55,0,59,7,16,57,0,80,94,0,94,174
05/06/2021,HLN,MT,ANM,WE,Combination Non-Radar Approach Control & Tower w/o Radar,7,4,4,0,15,0,0,81,12,93,7,4,85,12,108,98,0,98,206
05/07/2021,HLN,MT,ANM,WE,Combination Non-Radar Approach Control & Tower w/o Radar,9,9,4,0,22,0,1,21,2,24,9,10,25,2,46,18,0,18,64
05/08/2021,HLN,MT,ANM,WE,Combination Non-Radar Approach Control & Tower w/o Radar,6,4,1,0,11,0,1,1,0,2,6,5,2,0,13,0,0,0,13
05/09/2021,HLN,MT,ANM,WE,Combination Non-Radar Approach Control & Tower w/o Radar,7,2,3,0,12,0,0,2,0,2,7,2,5,0,14,0,0,0,14
05/10/2021,HLN,MT,ANM,WE,Combination Non-Radar Approach Control & Tower w/o Radar,8,3,1,0,12,0,0,21,13,34,8,3,22,13,46,12,4,16,62
05/11/2021,HLN,MT,ANM,WE,Combination Non-Radar Approach Control & Tower w/o Radar,8,6,6,0,20,0,2,62,17,81,8,8,68,17,101,146,0,146,247
05/12/2021,HLN,MT,ANM,WE,Combination Non-Radar Approach Control & Tower w/o Radar,9,6,7,0,22,0,4,66,18,88,9,10,73,18,110,78,0,78,188
05/13/2021,HLN,MT,ANM,WE,Combination Non-Radar Approach Control & Tower w/o Radar,9,7,6,0,22,0,5,86,19,110,9,12,92,19,132,68,2,70,202
05/14/2021,HLN,MT,ANM,WE,Combination Non-Radar Approach Control & Tower w/o Radar,9,8,9,2,28,0,1,56,10,67,9,9,65,12,95,58,0,58,153
05/15/2021,HLN,MT,ANM,WE,Combination Non-Radar Approach Control & Tower w/o Radar,6,4,4,0,14,0,0,39,39,78,6,4,43,39,92,66,0,66,158
05/16/2021,HLN,MT,ANM,WE,Combination Non-Radar Approach Control & Tower w/o Radar,8,1,10,0,19,0,1,44,45,90,8,2,54,45,109,22,4,26,135
05/17/2021,HLN,MT,ANM,WE,Combination Non-Radar Approach Control & Tower w/o Radar,9,1,0,0,10,0,5,55,13,73,9,6,55,13,83,88,0,88,171
05/18/2021,HLN,MT,ANM,WE,Combination Non-Radar Approach Control & Tower w/o Radar,9,6,4,0,19,0,2,30,47,79,9,8,34,47,98,36,0,36,134
05/19/2021,HLN,MT,ANM,WE,Combination Non-Radar Approach Control & Tower w/o Radar,9,10,10,1,30,0,1,30,29,60,9,11,40,30,90,44,0,44,134
05/20/2021,HLN,MT,ANM,WE,Combination Non-Radar Approach Control & Tower w/o Radar,7,3,7,1,18,0,0,0,0,0,7,3,7,1,18,0,0,0,18
05/21/2021,HLN,MT,ANM,WE,Combination Non-Radar Approach Control & Tower w/o Radar,7,8,3,0,18,0,0,6,0,6,7,8,9,0,24,0,0,0,24
05/22/2021,HLN,MT,ANM,WE,Combination Non-Radar Approach Control & Tower w/o Radar,10,4,6,0,20,0,2,20,56,78,10,6,26,56,98,0,0,0,98
05/23/2021,HLN,MT,ANM,WE,Combination Non-Radar Approach Control & Tower w/o Radar,7,0,0,0,7,0,0,0,3,3,7,0,0,3,10,0,0,0,10
05/24/2021,HLN,MT,ANM,WE,Combination Non-Radar Approach Control & Tower w/o Radar,6,2,3,0,11,0,1,13,26,40,6,3,16,26,51,16,0,16,67
05/25/2021,HLN,MT,ANM,WE,Combination Non-Radar Approach Control & Tower w/o Radar,7,5,9,0,21,0,12,47,17,76,7,17,56,17,97,50,0,50,147
05/26/2021,HLN,MT,ANM,WE,Combination Non-Radar Approach Control & Tower w/o Radar,9,6,8,0,23,0,1,10,7,18,9,7,18,7,41,30,0,30,71
05/27/2021,HLN,MT,ANM,WE,Combination Non-Radar Approach Control & Tower w/o Radar,7,4,9,0,20,0,15,68,13,96,7,19,77,13,116,84,0,84,200
05/28/2021,HLN,MT,ANM,WE,Combination Non-Radar Approach Control & Tower w/o Radar,7,6,2,0,15,0,1,18,0,19,7,7,20,0,34,46,0,46,80
05/29/2021,HLN,MT,ANM,WE,Combination Non-Radar Approach Control & Tower w/o Radar,5,4,2,0,11,0,1,58,1,60,5,5,60,1,71,128,0,128,199
05/30/2021,HLN,MT,ANM,WE,Combination Non-Radar Approach Control & Tower w/o Radar,4,1,3,0,8,0,2,32,0,34,4,3,35,0,42,62,0,62,104
05/31/2021,HLN,MT,ANM,WE,Combination Non-Radar Approach Control & Tower w/o Radar,7,6,0,0,13,0,0,60,0,60,7,6,60,0,73,38,0,38,111
06/01/2021,HLN,MT,ANM,WE,Combination Non-Radar Approach Control & Tower w/o Radar,7,3,1,0,11,0,0,50,9,59,7,3,51,9,70,94,0,94,164
06/02/2021,HLN,MT,ANM,WE,Combination Non-Radar Approach Control & Tower w/o Radar,7,5,3,0,15,0,3,88,0,91,7,8,91,0,106,148,0,148,254
06/03/2021,HLN,MT,ANM,WE,Combination Non-Radar Approach Control & Tower w/o Radar,7,12,8,0,27,0,0,51,14,65,7,12,59,14,92,58,2,60,152
06/04/2021,HLN,MT,ANM,WE,Combination Non-Radar Approach Control & Tower w/o Radar,8,3,6,0,17,0,2,60,15,77,8,5,66,15,94,112,10,122,216
06/05/2021,HLN,MT,ANM,WE,Combination Non-Radar Approach Control & Tower w/o Radar,7,3,1,0,11,0,0,30,22,52,7,3,31,22,63,38,4,42,105
06/06/2021,HLN,MT,ANM,WE,Combination Non-Radar Approach Control & Tower w/o Radar,0,0,4,0,4,0,1,16,5,22,0,1,20,5,26,0,0,0,26
06/07/2021,HLN,MT,ANM,WE,Combination Non-Radar Approach Control & Tower w/o Radar,0,2,3,0,5,0,3,42,12,57,0,5,45,12,62,34,4,38,100
06/08/2021,HLN,MT,ANM,WE,Combination Non-Radar Approach Control & Tower w/o Radar,0,4,13,0,17,0,0,45,12,57,0,4,58,12,74,116,0,116,190
06/09/2021,HLN,MT,ANM,WE,Combination Non-Radar Approach Control & Tower w/o Radar,0,6,10,0,16,0,0,40,9,49,0,6,50,9,65,62,0,62,127
06/10/2021,HLN,MT,ANM,WE,Combination Non-Radar Approach Control & Tower w/o Radar,0,7,16,0,23,0,0,29,4,33,0,7,45,4,56,42,0,42,98
06/11/2021,HLN,MT,ANM,WE,Combination Non-Radar Approach Control & Tower w/o Radar,0,6,3,0,9,0,0,61,16,77,0,6,64,16,86,116,0,116,202
06/12/2021,HLN,MT,ANM,WE,Combination Non-Radar Approach Control & Tower w/o Radar,0,2,1,0,3,0,0,23,21,44,0,2,24,21,47,2,4,6,53
06/13/2021,HLN,MT,ANM,WE,Combination Non-Radar Approach Control & Tower w/o Radar,0,0,3,0,3,0,0,24,1,25,0,0,27,1,28,0,0,0,28
06/14/2021,HLN,MT,ANM,WE,Combination Non-Radar Approach Control & Tower w/o Radar,8,3,8,0,19,3,9,54,5,71,11,12,62,5,90,70,0,70,160
06/15/2021,HLN,MT,ANM,WE,Combination Non-Radar Approach Control & Tower w/o Radar,10,10,6,1,27,2,13,77,10,102,12,23,83,11,129,128,24,152,281
06/16/2021,HLN,MT,ANM,WE,Combination Non-Radar Approach Control & Tower w/o Radar,11,5,7,1,24,4,15,72,11,102,15,20,79,12,126,86,4,90,216
06/17/2021,HLN,MT,ANM,WE,Combination Non-Radar Approach Control & Tower w/o Radar,9,6,3,0,18,3,14,56,15,88,12,20,59,15,106,130,0,130,236
06/18/2021,HLN,MT,ANM,WE,Combination Non-Radar Approach Control & Tower w/o Radar,12,10,10,0,32,0,24,91,7,122,12,34,101,7,154,114,0,114,268
06/19/2021,HLN,MT,ANM,WE,Combination Non-Radar Approach Control & Tower w/o Radar,10,6,2,0,18,0,4,41,2,47,10,10,43,2,65,8,0,8,73
06/20/2021,HLN,MT,ANM,WE,Combination Non-Radar Approach Control & Tower w/o Radar,7,2,4,0,13,0,0,32,0,32,7,2,36,0,45,8,0,8,53
06/21/2021,HLN,MT,ANM,WE,Combination Non-Radar Approach Control & Tower w/o Radar,9,6,10,2,27,0,0,55,5,60,9,6,65,7,87,88,0,88,175
06/22/2021,HLN,MT,ANM,WE,Combination Non-Radar Approach Control & Tower w/o Radar,9,5,2,0,16,1,0,67,5,73,10,5,69,5,89,132,0,132,221
06/23/2021,HLN,MT,ANM,WE,Combination Non-Radar Approach Control & Tower w/o Radar,11,4,15,0,30,0,1,52,4,57,11,5,67,4,87,104,0,104,191
06/24/2021,HLN,MT,ANM,WE,Combination Non-Radar Approach Control & Tower w/o Radar,10,6,9,4,29,0,0,76,7,83,10,6,85,11,112,102,2,104,216
06/25/2021,HLN,MT,ANM,WE,Combination Non-Radar Approach Control & Tower w/o Radar,10,6,5,0,21,0,2,66,9,77,10,8,71,9,98,142,4,146,244
06/26/2021,HLN,MT,ANM,WE,Combination Non-Radar Approach Control & Tower w/o Radar,12,2,4,0,18,0,1,42,1,44,12,3,46,1,62,60,0,60,122
06/27/2021,HLN,MT,ANM,WE,Combination Non-Radar Approach Control & Tower w/o Radar,8,0,2,0,10,0,3,40,0,43,8,3,42,0,53,100,0,100,153
06/28/2021,HLN,MT,ANM,WE,Combination Non-Radar Approach Control & Tower w/o Radar,10,9,2,0,21,0,0,50,7,57,10,9,52,7,78,128,6,134,212
06/29/2021,HLN,MT,ANM,WE,Combination Non-Radar Approach Control & Tower w/o Radar,9,4,5,0,18,0,0,54,13,67,9,4,59,13,85,62,2,64,149
06/30/2021,HLN,MT,ANM,WE,Combination Non-Radar Approach Control & Tower w/o Radar,10,6,12,3,31,0,1,72,20,93,10,7,84,23,124,98,26,124,248
07/01/2021,HLN,MT,ANM,WE,Combination Non-Radar Approach Control & Tower w/o Radar,11,4,4,1,20,0,12,65,7,84,11,16,69,8,104,56,2,58,162
07/02/2021,HLN,MT,ANM,WE,Combination Non-Radar Approach Control & Tower w/o Radar,10,7,3,0,20,0,4,101,6,111,10,11,104,6,131,64,4,68,199
07/03/2021,HLN,MT,ANM,WE,Combination Non-Radar Approach Control & Tower w/o Radar,12,4,2,0,18,0,3,47,0,50,12,7,49,0,68,20,0,20,88
07/04/2021,HLN,MT,ANM,WE,Combination Non-Radar Approach Control & Tower w/o Radar,10,2,2,0,14,0,0,27,0,27,10,2,29,0,41,0,0,0,41
07/05/2021,HLN,MT,ANM,WE,Combination Non-Radar Approach Control & Tower w/o Radar,10,5,5,0,20,1,1,47,1,50,11,6,52,1,70,56,0,56,126
07/06/2021,HLN,MT,ANM,WE,Combination Non-Radar Approach Control & Tower w/o Radar,10,9,0,0,19,5,2,56,6,69,15,11,56,6,88,30,2,32,120
07/07/2021,HLN,MT,ANM,WE,Combination Non-Radar Approach Control & Tower w/o Radar,11,6,7,0,24,4,4,45,8,61,15,10,52,8,85,36,12,48,133
07/08/2021,HLN,MT,ANM,WE,Combination Non-Radar Approach Control & Tower w/o Radar,10,6,3,0,19,18,12,87,8,125,28,18,90,8,144,46,12,58,202
07/09/2021,HLN,MT,ANM,WE,Combination Non-Radar Approach Control & Tower w/o Radar,10,7,2,1,20,16,4,78,6,104,26,11,80,7,124,94,4,98,222
07/10/2021,HLN,MT,ANM,WE,Combination Non-Radar Approach Control & Tower w/o Radar,11,4,1,0,16,2,2,53,3,60,13,6,54,3,76,54,0,54,130
07/11/2021,HLN,MT,ANM,WE,Combination Non-Radar Approach Control & Tower w/o Radar,12,6,3,0,21,9,2,34,3,48,21,8,37,3,69,42,0,42,111
07/12/2021,HLN,MT,ANM,WE,Combination Non-Radar Approach Control & Tower w/o Radar,10,8,2,0,20,28,12,67,12,119,38,20,69,12,139,82,26,108,247
07/13/2021,HLN,MT,ANM,WE,Combination Non-Radar Approach Control & Tower w/o Radar,10,4,8,2,24,2,2,50,6,60,12,6,58,8,84,56,4,60,144
07/14/2021,HLN,MT,ANM,WE,Combination Non-Radar Approach Control & Tower w/o Radar,10,4,16,3,33,1,7,91,9,108,11,11,107,12,141,52,0,52,193
07/15/2021,HLN,MT,ANM,WE,Combination Non-Radar Approach Control & Tower w/o Radar,10,10,12,0,32,6,16,66,6,94,16,26,78,6,126,84,2,86,212
07/16/2021,HLN,MT,ANM,WE,Combination Non-Radar Approach Control & Tower w/o Radar,13,6,10,1,30,16,13,58,8,95,29,19,68,9,125,42,0,42,167
07/17/2021,HLN,MT,ANM,WE,Combination Non-Radar Approach Control & Tower w/o Radar,10,3,2,0,15,18,14,52,3,87,28,17,54,3,102,22,0,22,124
07/18/2021,HLN,MT,ANM,WE,Combination Non-Radar Approach Control & Tower w/o Radar,10,3,3,0,16,3,16,38,2,59,13,19,41,2,75,58,0,58,133
07/19/2021,HLN,MT,ANM,WE,Combination Non-Radar Approach Control & Tower w/o Radar,13,3,7,0,23,8,6,39,10,63,21,9,46,10,86,82,14,96,182
07/20/2021,HLN,MT,ANM,WE,Combination Non-Radar Approach Control & Tower w/o Radar,11,9,10,1,31,6,4,44,14,68,17,13,54,15,99,46,2,48,147
07/21/2021,HLN,MT,ANM,WE,Combination Non-Radar Approach Control & Tower w/o Radar,10,6,14,0,30,1,8,63,21,93,11,14,77,21,123,110,8,118,241
07/22/2021,HLN,MT,ANM,WE,Combination Non-Radar Approach Control & Tower w/o Radar,12,4,10,2,28,7,15,71,19,112,19,19,81,21,140,52,26,78,218
07/23/2021,HLN,MT,ANM,WE,Combination Non-Radar Approach Control & Tower w/o Radar,10,11,6,1,28,13,31,58,1,103,23,42,64,2,131,60,0,60,191
07/24/2021,HLN,MT,ANM,WE,Combination Non-Radar Approach Control & Tower w/o Radar,11,4,8,0,23,41,32,67,7,147,52,36,75,7,170,100,0,100,270
07/25/2021,HLN,MT,ANM,WE,Combination Non-Radar Approach Control & Tower w/o Radar,10,1,4,0,15,10,15,58,6,89,20,16,62,6,104,40,0,40,144
07/26/2021,HLN,MT,ANM,WE,Combination Non-Radar Approach Control & Tower w/o Radar,11,7,3,0,21,28,18,48,7,101,39,25,51,7,122,26,0,26,148
07/27/2021,HLN,MT,ANM,WE,Combination Non-Radar Approach Control & Tower w/o Radar,10,8,6,1,25,9,4,67,12,92,19,12,73,13,117,126,4,130,247
07/28/2021,HLN,MT,ANM,WE,Combination Non-Radar Approach Control & Tower w/o Radar,10,12,11,0,33,8,11,84,14,117,18,23,95,14,150,94,0,94,244
07/29/2021,HLN,MT,ANM,WE,Combination Non-Radar Approach Control & Tower w/o Radar,13,10,6,0,29,9,13,51,16,89,22,23,57,16,118,106,18,124,242
07/30/2021,HLN,MT,ANM,WE,Combination Non-Radar Approach Control & Tower w/o Radar,11,10,9,0,30,49,13,102,21,185,60,23,111,21,215,104,0,104,319
07/31/2021,HLN,MT,ANM,WE,Combination Non-Radar Approach Control & Tower w/o Radar,12,5,8,0,25,14,7,91,10,122,26,12,99,10,147,50,0,50,197
08/01/2021,HLN,MT,ANM,WE,Combination Non-Radar Approach Control & Tower w/o Radar,10,3,10,0,23,15,8,43,8,74,25,11,53,8,97,30,2,32,129
08/02/2021,HLN,MT,ANM,WE,Combination Non-Radar Approach Control & Tower w/o Radar,10,7,9,0,26,1,1,47,10,59,11,8,56,10,85,48,0,48,133
08/03/2021,HLN,MT,ANM,WE,Combination Non-Radar Approach Control & Tower w/o Radar,12,10,7,2,31,0,7,51,18,76,12,17,58,20,107,62,2,64,171
08/04/2021,HLN,MT,ANM,WE,Combination Non-Radar Approach Control & Tower w/o Radar,11,6,14,0,31,4,5,47,21,77,15,11,61,21,108,38,16,54,162
08/05/2021,HLN,MT,ANM,WE,Combination Non-Radar Approach Control & Tower w/o Radar,11,6,10,0,27,2,2,69,14,87,13,8,79,14,114,52,4,56,170
08/06/2021,HLN,MT,ANM,WE,Combination Non-Radar Approach Control & Tower w/o Radar,11,11,18,1,41,10,21,90,18,139,21,32,108,19,180,84,8,92,272
08/07/2021,HLN,MT,ANM,WE,Combination Non-Radar Approach Control & Tower w/o Radar,11,6,6,0,23,23,8,62,25,118,34,14,68,25,141,48,2,50,191
08/08/2021,HLN,MT,ANM,WE,Combination Non-Radar Approach Control & Tower w/o Radar,11,2,8,2,23,11,4,29,4,48,22,6,37,6,71,0,0,0,71
08/09/2021,HLN,MT,ANM,WE,Combination Non-Radar Approach Control & Tower w/o Radar,9,3,4,0,16,10,5,26,9,50,19,8,30,9,66,100,30,130,196
08/10/2021,HLN,MT,ANM,WE,Combination Non-Radar Approach Control & Tower w/o Radar,10,6,9,0,25,16,8,45,18,87,26,14,54,18,112,94,6,100,212
08/11/2021,HLN,MT,ANM,WE,Combination Non-Radar Approach Control & Tower w/o Radar,11,11,13,0,35,5,12,39,5,61,16,23,52,5,96,24,0,24,120
08/12/2021,HLN,MT,ANM,WE,Combination Non-Radar Approach Control & Tower w/o Radar,10,6,10,2,28,19,10,60,20,109,29,16,70,22,137,84,14,98,235
08/13/2021,HLN,MT,ANM,WE,Combination Non-Radar Approach Control & Tower w/o Radar,10,8,11,0,29,2,8,71,12,93,12,16,82,12,122,94,2,96,218
08/14/2021,HLN,MT,ANM,WE,Combination Non-Radar Approach Control & Tower w/o Radar,11,8,7,0,26,3,9,41,1,54,14,17,48,1,80,22,0,22,102
08/15/2021,HLN,MT,ANM,WE,Combination Non-Radar Approach Control & Tower w/o Radar,8,4,6,0,18,5,0,27,10,42,13,4,33,10,60,18,0,18,78
08/16/2021,HLN,MT,ANM,WE,Combination Non-Radar Approach Control & Tower w/o Radar,9,7,10,0,26,18,3,32,15,68,27,10,42,15,94,22,22,44,138
08/17/2021,HLN,MT,ANM,WE,Combination Non-Radar Approach Control & Tower w/o Radar,12,7,4,0,23,6,5,41,12,64,18,12,45,12,87,66,0,66,153
08/18/2021,HLN,MT,ANM,WE,Combination Non-Radar Approach Control & Tower w/o Radar,13,5,13,2,33,0,0,6,8,14,13,5,19,10,47,56,0,56,103
08/19/2021,HLN,MT,ANM,WE,Combination Non-Radar Approach Control & Tower w/o Radar,11,7,7,3,28,1,1,40,36,78,12,8,47,39,106,56,10,66,172
08/20/2021,HLN,MT,ANM,WE,Combination Non-Radar Approach Control & Tower w/o Radar,11,8,5,0,24,0,6,23,4,33,11,14,28,4,57,46,12,58,115
08/21/2021,HLN,MT,ANM,WE,Combination Non-Radar Approach Control & Tower w/o Radar,10,4,3,0,17,0,2,10,1,13,10,6,13,1,30,10,0,10,40
08/22/2021,HLN,MT,ANM,WE,Combination Non-Radar Approach Control & Tower w/o Radar,9,3,5,0,17,0,2,25,3,30,9,5,30,3,47,28,0,28,75
08/23/2021,HLN,MT,ANM,WE,Combination Non-Radar Approach Control & Tower w/o Radar,9,4,2,0,15,1,0,39,9,49,10,4,41,9,64,26,0,26,90
08/24/2021,HLN,MT,ANM,WE,Combination Non-Radar Approach Control & Tower w/o Radar,11,6,5,1,23,0,0,70,39,109,11,6,75,40,132,68,10,78,210
08/25/2021,HLN,MT,ANM,WE,Combination Non-Radar Approach Control & Tower w/o Radar,10,5,10,0,25,0,2,67,13,82,10,7,77,13,107,58,12,70,177
08/26/2021,HLN,MT,ANM,WE,Combination Non-Radar Approach Control & Tower w/o Radar,9,8,9,0,26,0,2,41,11,54,9,10,50,11,80,88,0,88,168
08/27/2021,HLN,MT,ANM,WE,Combination Non-Radar Approach Control & Tower w/o Radar,10,4,5,0,19,0,2,37,16,55,10,6,42,16,74,46,2,48,122
08/28/2021,HLN,MT,ANM,WE,Combination Non-Radar Approach Control & Tower w/o Radar,11,4,9,0,24,0,0,53,4,57,11,4,62,4,81,52,0,52,133
08/29/2021,HLN,MT,ANM,WE,Combination Non-Radar Approach Control & Tower w/o Radar,11,1,5,0,17,0,0,72,0,72,11,1,77,0,89,58,0,58,147
08/30/2021,HLN,MT,ANM,WE,Combination Non-Radar Approach Control & Tower w/o Radar,9,6,7,0,22,0,0,48,18,66,9,6,55,18,88,126,44,170,258
08/31/2021,HLN,MT,ANM,WE,Combination Non-Radar Approach Control & Tower w/o Radar,10,8,4,0,22,0,4,69,5,78,10,12,73,5,100,76,0,76,176
09/01/2021,HLN,MT,ANM,WE,Combination Non-Radar Approach Control & Tower w/o Radar,12,6,5,0,23,0,1,74,20,95,12,7,79,20,118,70,8,78,196
09/02/2021,HLN,MT,ANM,WE,Combination Non-Radar Approach Control & Tower w/o Radar,7,3,8,0,18,0,1,23,7,31,7,4,31,7,49,52,0,52,101
09/03/2021,HLN,MT,ANM,WE,Combination Non-Radar Approach Control & Tower w/o Radar,10,7,7,0,24,0,2,57,3,62,10,9,64,3,86,182,0,182,268
09/04/2021,HLN,MT,ANM,WE,Combination Non-Radar Approach Control & Tower w/o Radar,10,5,4,0,19,0,1,48,2,51,10,6,52,2,70,82,0,82,152
09/05/2021,HLN,MT,ANM,WE,Combination Non-Radar Approach Control & Tower w/o Radar,11,5,2,0,18,0,0,44,0,44,11,5,46,0,62,54,0,54,116
09/06/2021,HLN,MT,ANM,WE,Combination Non-Radar Approach Control & Tower w/o Radar,9,2,0,0,11,0,3,26,0,29,9,5,26,0,40,34,0,34,74
09/07/2021,HLN,MT,ANM,WE,Combination Non-Radar Approach Control & Tower w/o Radar,10,14,4,0,28,0,0,47,14,61,10,14,51,14,89,110,26,136,225
09/08/2021,HLN,MT,ANM,WE,Combination Non-Radar Approach Control & Tower w/o Radar,10,6,10,3,29,0,0,48,17,65,10,6,58,20,94,20,16,36,130
09/09/2021,HLN,MT,ANM,WE,Combination Non-Radar Approach Control & Tower w/o Radar,10,4,6,6,26,0,1,39,20,60,10,5,45,26,86,40,42,82,168
09/10/2021,HLN,MT,ANM,WE,Combination Non-Radar Approach Control & Tower w/o Radar,10,6,13,0,29,0,1,42,10,53,10,7,55,10,82,142,16,158,240
09/11/2021,HLN,MT,ANM,WE,Combination Non-Radar Approach Control & Tower w/o Radar,11,3,0,3,17,0,3,17,25,45,11,6,17,28,62,10,2,12,74
09/12/2021,HLN,MT,ANM,WE,Combination Non-Radar Approach Control & Tower w/o Radar,8,6,4,0,18,0,2,45,3,50,8,8,49,3,68,38,0,38,106
09/13/2021,HLN,MT,ANM,WE,Combination Non-Radar Approach Control & Tower w/o Radar,7,3,5,3,18,0,0,34,6,40,7,3,39,9,58,28,6,34,92
09/14/2021,HLN,MT,ANM,WE,Combination Non-Radar Approach Control & Tower w/o Radar,7,8,10,0,25,2,6,63,8,79,9,14,73,8,104,38,10,48,152
09/15/2021,HLN,MT,ANM,WE,Combination Non-Radar Approach Control & Tower w/o Radar,10,9,7,2,28,0,2,47,3,52,10,11,54,5,80,70,0,70,150
09/16/2021,HLN,MT,ANM,WE,Combination Non-Radar Approach Control & Tower w/o Radar,8,8,3,2,21,0,7,38,4,49,8,15,41,6,70,30,6,36,106
09/17/2021,HLN,MT,ANM,WE,Combination Non-Radar Approach Control & Tower w/o Radar,9,3,7,2,21,0,2,53,8,63,9,5,60,10,84,58,16,74,158
09/18/2021,HLN,MT,ANM,WE,Combination Non-Radar Approach Control & Tower w/o Radar,8,10,0,0,18,35,2,23,0,60,43,12,23,0,78,0,0,0,78
09/19/2021,HLN,MT,ANM,WE,Combination Non-Radar Approach Control & Tower w/o Radar,9,3,1,0,13,0,0,11,2,13,9,3,12,2,26,0,0,0,26
09/20/2021,HLN,MT,ANM,WE,Combination Non-Radar Approach Control & Tower w/o Radar,6,7,3,0,16,0,2,17,13,32,6,9,20,13,48,26,12,38,86
09/21/2021,HLN,MT,ANM,WE,Combination Non-Radar Approach Control & Tower w/o Radar,7,10,7,0,24,0,3,56,10,69,7,13,63,10,93,64,36,100,193
09/22/2021,HLN,MT,ANM,WE,Combination Non-Radar Approach Control & Tower w/o Radar,8,6,7,0,21,0,2,44,14,60,8,8,51,14,81,80,20,100,181
09/23/2021,HLN,MT,ANM,WE,Combination Non-Radar Approach Control & Tower w/o Radar,5,10,10,0,25,0,0,34,17,51,5,10,44,17,76,22,0,22,98
09/24/2021,HLN,MT,ANM,WE,Combination Non-Radar Approach Control & Tower w/o Radar,8,6,6,0,20,0,3,67,16,86,8,9,73,16,106,56,14,70,176
09/25/2021,HLN,MT,ANM,WE,Combination Non-Radar Approach Control & Tower w/o Radar,9,6,3,1,19,0,4,43,4,51,9,10,46,5,70,74,0,74,144
09/26/2021,HLN,MT,ANM,WE,Combination Non-Radar Approach Control & Tower w/o Radar,8,5,7,1,21,0,4,42,0,46,8,9,49,1,67,46,0,46,113
09/27/2021,HLN,MT,ANM,WE,Combination Non-Radar Approach Control & Tower w/o Radar,8,4,2,0,14,0,5,42,14,61,8,9,44,14,75,72,4,76,151
09/28/2021,HLN,MT,ANM,WE,Combination Non-Radar Approach Control & Tower w/o Radar,9,9,2,1,21,0,1,25,10,36,9,10,27,11,57,24,0,24,81
09/29/2021,HLN,MT,ANM,WE,Combination Non-Radar Approach Control & Tower w/o Radar,11,6,8,2,27,1,6,51,11,69,12,12,59,13,96,26,2,28,124
09/30/2021,HLN,MT,ANM,WE,Combination Non-Radar Approach Control & Tower w/o Radar,9,5,7,0,21,3,3,62,12,80,12,8,69,12,101,44,2,46,147
10/01/2021,HLN,MT,ANM,WE,Combination Non-Radar Approach Control & Tower w/o Radar,7,8,2,0,17,0,4,65,11,80,7,12,67,11,97,62,4,66,163
10/02/2021,HLN,MT,ANM,WE,Combination Non-Radar Approach Control & Tower w/o Radar,9,6,5,0,20,0,0,51,5,56,9,6,56,5,76,72,0,72,148
10/03/2021,HLN,MT,ANM,WE,Combination Non-Radar Approach Control & Tower w/o Radar,8,2,1,0,11,0,3,29,5,37,8,5,30,5,48,22,0,22,70
10/04/2021,HLN,MT,ANM,WE,Combination Non-Radar Approach Control & Tower w/o Radar,7,6,8,0,21,5,6,62,12,85,12,12,70,12,106,69,4,73,179
10/05/2021,HLN,MT,ANM,WE,Combination Non-Radar Approach Control & Tower w/o Radar,8,5,10,0,23,14,14,50,11,89,22,19,60,11,112,62,12,74,186
10/06/2021,HLN,MT,ANM,WE,Combination Non-Radar Approach Control & Tower w/o Radar,9,11,10,0,30,1,6,47,16,70,10,17,57,16,100,64,0,64,164
10/07/2021,HLN,MT,ANM,WE,Combination Non-Radar Approach Control & Tower w/o Radar,8,5,12,1,26,1,0,28,22,51,9,5,40,23,77,60,4,64,141
10/08/2021,HLN,MT,ANM,WE,Combination Non-Radar Approach Control & Tower w/o Radar,11,5,6,1,23,2,2,45,15,64,13,7,51,16,87,82,8,90,177
10/09/2021,HLN,MT,ANM,WE,Combination Non-Radar Approach Control & Tower w/o Radar,8,5,0,0,13,0,6,13,1,20,8,11,13,1,33,14,0,14,47
10/10/2021,HLN,MT,ANM,WE,Combination Non-Radar Approach Control & Tower w/o Radar,10,4,8,0,22,0,2,13,0,15,10,6,21,0,37,8,0,8,45
10/11/2021,HLN,MT,ANM,WE,Combination Non-Radar Approach Control & Tower w/o Radar,9,3,9,0,21,0,0,3,0,3,9,3,12,0,24,0,0,0,24
10/12/2021,HLN,MT,ANM,WE,Combination Non-Radar Approach Control & Tower w/o Radar,5,8,10,0,23,0,0,22,7,29,5,8,32,7,52,50,18,68,120
10/13/2021,HLN,MT,ANM,WE,Combination Non-Radar Approach Control & Tower w/o Radar,7,12,7,0,26,0,2,28,28,58,7,14,35,28,84,32,38,70,154
10/14/2021,HLN,MT,ANM,WE,Combination Non-Radar Approach Control & Tower w/o Radar,8,3,7,0,18,0,1,20,29,50,8,4,27,29,68,20,0,20,88
10/15/2021,HLN,MT,ANM,WE,Combination Non-Radar Approach Control & Tower w/o Radar,8,9,2,0,19,0,5,31,37,73,8,14,33,37,92,40,6,46,138
10/16/2021,HLN,MT,ANM,WE,Combination Non-Radar Approach Control & Tower w/o Radar,7,7,4,0,18,0,9,31,23,63,7,16,35,23,81,66,0,66,147
10/17/2021,HLN,MT,ANM,WE,Combination Non-Radar Approach Control & Tower w/o Radar,7,4,3,0,14,0,0,30,24,54,7,4,33,24,68,16,0,16,84
10/18/2021,HLN,MT,ANM,WE,Combination Non-Radar Approach Control & Tower w/o Radar,7,6,4,0,17,0,2,51,9,62,7,8,55,9,79,20,12,32,111
10/19/2021,HLN,MT,ANM,WE,Combination Non-Radar Approach Control & Tower w/o Radar,6,9,6,0,21,0,0,61,15,76,6,9,67,15,97,66,12,78,175
10/20/2021,HLN,MT,ANM,WE,Combination Non-Radar Approach Control & Tower w/o Radar,8,6,12,0,26,0,4,52,11,67,8,10,64,11,93,92,12,104,197
10/21/2021,HLN,MT,ANM,WE,Combination Non-Radar Approach Control & Tower w/o Radar,6,4,9,2,21,0,2,57,21,80,6,6,66,23,101,44,24,68,169
10/22/2021,HLN,MT,ANM,WE,Combination Non-Radar Approach Control & Tower w/o Radar,6,5,10,0,21,0,2,46,5,53,6,7,56,5,74,94,0,94,168
10/23/2021,HLN,MT,ANM,WE,Combination Non-Radar Approach Control & Tower w/o Radar,8,5,8,0,21,0,1,13,2,16,8,6,21,2,37,0,0,0,37
10/24/2021,HLN,MT,ANM,WE,Combination Non-Radar Approach Control & Tower w/o Radar,9,1,3,0,13,0,3,33,0,36,9,4,36,0,49,60,0,60,109
10/25/2021,HLN,MT,ANM,WE,Combination Non-Radar Approach Control & Tower w/o Radar,6,5,5,0,16,0,0,15,8,23,6,5,20,8,39,16,4,20,59
10/26/2021,HLN,MT,ANM,WE,Combination Non-Radar Approach Control & Tower w/o Radar,6,10,5,0,21,0,4,20,18,42,6,14,25,18,63,52,12,64,127
10/27/2021,HLN,MT,ANM,WE,Combination Non-Radar Approach Control & Tower w/o Radar,9,6,7,2,24,0,3,11,17,31,9,9,18,19,55,6,8,14,69
10/28/2021,HLN,MT,ANM,WE,Combination Non-Radar Approach Control & Tower w/o Radar,9,8,7,0,24,0,6,34,28,68,9,14,41,28,92,50,24,74,166
10/29/2021,HLN,MT,ANM,WE,Combination Non-Radar Approach Control & Tower w/o Radar,10,3,2,1,16,0,0,20,25,45,10,3,22,26,61,4,6,10,71
10/30/2021,HLN,MT,ANM,WE,Combination Non-Radar Approach Control & Tower w/o Radar,7,7,5,0,19,0,1,25,1,27,7,8,30,1,46,72,0,72,118
10/31/2021,HLN,MT,ANM,WE,Combination Non-Radar Approach Control & Tower w/o Radar,8,4,4,1,17,0,1,35,1,37,8,5,39,2,54,30,0,30,84
11/01/2021,HLN,MT,ANM,WE,Combination Non-Radar Approach Control & Tower w/o Radar,7,3,6,0,16,0,1,35,10,46,7,4,41,10,62,74,0,74,136
11/02/2021,HLN,MT,ANM,WE,Combination Non-Radar Approach Control & Tower w/o Radar,7,13,13,0,33,0,0,42,17,59,7,13,55,17,92,94,4,98,190
11/03/2021,HLN,MT,ANM,WE,Combination Non-Radar Approach Control & Tower w/o Radar,5,7,7,0,19,0,7,52,2,61,5,14,59,2,80,66,4,70,150
11/04/2021,HLN,MT,ANM,WE,Combination Non-Radar Approach Control & Tower w/o Radar,9,7,2,0,18,0,2,24,8,34,9,9,26,8,52,54,0,54,106
11/05/2021,HLN,MT,ANM,WE,Combination Non-Radar Approach Control & Tower w/o Radar,10,6,5,3,24,0,7,43,15,65,10,13,48,18,89,96,10,106,195
11/06/2021,HLN,MT,ANM,WE,Combination Non-Radar Approach Control & Tower w/o Radar,9,5,6,2,22,0,10,38,0,48,9,15,44,2,70,36,0,36,106
11/07/2021,HLN,MT,ANM,WE,Combination Non-Radar Approach Control & Tower w/o Radar,7,3,3,2,15,0,6,46,1,53,7,9,49,3,68,68,0,68,136
11/08/2021,HLN,MT,ANM,WE,Combination Non-Radar Approach Control & Tower w/o Radar,7,6,3,0,16,0,8,31,34,73,7,14,34,34,89,86,26,112,201
11/09/2021,HLN,MT,ANM,WE,Combination Non-Radar Approach Control & Tower w/o Radar,6,7,10,0,23,0,2,26,23,51,6,9,36,23,74,40,28,68,142
11/10/2021,HLN,MT,ANM,WE,Combination Non-Radar Approach Control & Tower w/o Radar,4,10,8,4,26,0,1,26,9,36,4,11,34,13,62,32,10,42,104
11/11/2021,HLN,MT,ANM,WE,Combination Non-Radar Approach Control & Tower w/o Radar,8,7,5,0,20,0,0,26,0,26,8,7,31,0,46,94,0,94,140
11/12/2021,HLN,MT,ANM,WE,Combination Non-Radar Approach Control & Tower w/o Radar,8,7,6,1,22,0,1,19,1,21,8,8,25,2,43,72,0,72,115
11/13/2021,HLN,MT,ANM,WE,Combination Non-Radar Approach Control & Tower w/o Radar,9,4,1,2,16,0,2,8,0,10,9,6,9,2,26,12,0,12,38
11/14/2021,HLN,MT,ANM,WE,Combination Non-Radar Approach Control & Tower w/o Radar,6,5,2,1,14,0,4,11,0,15,6,9,13,1,29,14,0,14,43
11/15/2021,HLN,MT,ANM,WE,Combination Non-Radar Approach Control & Tower w/o Radar,4,7,7,0,18,0,0,19,4,23,4,7,26,4,41,10,0,10,51
11/16/2021,HLN,MT,ANM,WE,Combination Non-Radar Approach Control & Tower w/o Radar,7,6,1,0,14,0,0,3,0,3,7,6,4,0,17,0,0,0,17
11/17/2021,HLN,MT,ANM,WE,Combination Non-Radar Approach Control & Tower w/o Radar,6,12,8,3,29,0,20,48,17,85,6,32,56,20,114,76,20,96,210
11/18/2021,HLN,MT,ANM,WE,Combination Non-Radar Approach Control & Tower w/o Radar,7,6,9,3,25,0,3,33,33,69,7,9,42,36,94,54,46,100,194
11/19/2021,HLN,MT,ANM,WE,Combination Non-Radar Approach Control & Tower w/o Radar,8,6,9,2,25,0,1,20,17,38,8,7,29,19,63,68,32,100,163
11/20/2021,HLN,MT,ANM,WE,Combination Non-Radar Approach Control & Tower w/o Radar,9,6,1,0,16,0,3,19,0,22,9,9,20,0,38,16,0,16,54
11/21/2021,HLN,MT,ANM,WE,Combination Non-Radar Approach Control & Tower w/o Radar,9,4,1,0,14,0,1,17,0,18,9,5,18,0,32,52,0,52,84
11/22/2021,HLN,MT,ANM,WE,Combination Non-Radar Approach Control & Tower w/o Radar,7,3,0,1,11,0,5,31,11,47,7,8,31,12,58,46,24,70,128
11/23/2021,HLN,MT,ANM,WE,Combination Non-Radar Approach Control & Tower w/o Radar,7,7,3,0,17,0,2,16,19,37,7,9,19,19,54,106,18,124,178
11/24/2021,HLN,MT,ANM,WE,Combination Non-Radar Approach Control & Tower w/o Radar,6,6,5,1,18,0,4,24,10,38,6,10,29,11,56,20,0,20,76
11/25/2021,HLN,MT,ANM,WE,Combination Non-Radar Approach Control & Tower w/o Radar,2,2,0,0,4,0,0,7,0,7,2,2,7,0,11,34,0,34,45
11/26/2021,HLN,MT,ANM,WE,Combination Non-Radar Approach Control & Tower w/o Radar,8,2,0,0,10,0,0,20,0,20,8,2,20,0,30,30,0,30,60
11/27/2021,HLN,MT,ANM,WE,Combination Non-Radar Approach Control & Tower w/o Radar,9,7,2,0,18,0,3,30,0,33,9,10,32,0,51,10,0,10,61
11/28/2021,HLN,MT,ANM,WE,Combination Non-Radar Approach Control & Tower w/o Radar,6,4,6,0,16,0,1,9,0,10,6,5,15,0,26,10,0,10,36
11/29/2021,HLN,MT,ANM,WE,Combination Non-Radar Approach Control & Tower w/o Radar,6,6,9,2,23,0,0,11,10,21,6,6,20,12,44,0,0,0,44
11/30/2021,HLN,MT,ANM,WE,Combination Non-Radar Approach Control & Tower w/o Radar,6,9,9,0,24,0,5,27,5,37,6,14,36,5,61,34,30,64,125
12/01/2021,HLN,MT,ANM,WE,Combination Non-Radar Approach Control & Tower w/o Radar,7,7,10,1,25,0,2,2,0,4,7,9,12,1,29,0,0,0,29
12/02/2021,HLN,MT,ANM,WE,Combination Non-Radar Approach Control & Tower w/o Radar,7,6,10,0,23,0,2,6,5,13,7,8,16,5,36,0,8,8,44
12/03/2021,HLN,MT,ANM,WE,Combination Non-Radar Approach Control & Tower w/o Radar,7,5,5,10,27,0,8,56,20,84,7,13,61,30,111,174,10,184,295
12/04/2021,HLN,MT,ANM,WE,Combination Non-Radar Approach Control & Tower w/o Radar,6,5,2,0,13,0,0,15,4,19,6,5,17,4,32,50,0,50,82
12/05/2021,HLN,MT,ANM,WE,Combination Non-Radar Approach Control & Tower w/o Radar,7,3,1,2,13,0,0,24,0,24,7,3,25,2,37,106,0,106,143
12/06/2021,HLN,MT,ANM,WE,Combination Non-Radar Approach Control & Tower w/o Radar,4,5,6,0,15,0,4,6,9,19,4,9,12,9,34,0,2,2,36
12/07/2021,HLN,MT,ANM,WE,Combination Non-Radar Approach Control & Tower w/o Radar,6,10,8,1,25,0,0,22,21,43,6,10,30,22,68,24,24,48,116
12/08/2021,HLN,MT,ANM,WE,Combination Non-Radar Approach Control & Tower w/o Radar,8,9,10,0,27,0,0,17,0,17,8,9,27,0,44,46,0,46,90
12/09/2021,HLN,MT,ANM,WE,Combination Non-Radar Approach Control & Tower w/o Radar,8,6,4,1,19,0,5,34,15,54,8,11,38,16,73,52,28,80,153
12/10/2021,HLN,MT,ANM,WE,Combination Non-Radar Approach Control & Tower w/o Radar,7,11,12,2,32,0,2,22,11,35,7,13,34,13,67,20,24,44,111
12/11/2021,HLN,MT,ANM,WE,Combination Non-Radar Approach Control & Tower w/o Radar,10,3,1,0,14,0,2,5,0,7,10,5,6,0,21,0,0,0,21
12/12/2021,HLN,MT,ANM,WE,Combination Non-Radar Approach Control & Tower w/o Radar,8,8,3,1,20,0,0,3,0,3,8,8,6,1,23,6,0,6,29
12/13/2021,HLN,MT,ANM,WE,Combination Non-Radar Approach Control & Tower w/o Radar,4,4,6,3,17,0,0,6,12,18,4,4,12,15,35,13,14,27,62
12/14/2021,HLN,MT,ANM,WE,Combination Non-Radar Approach Control & Tower w/o Radar,6,10,6,2,24,0,0,13,11,24,6,10,19,13,48,14,10,24,72
12/15/2021,HLN,MT,ANM,WE,Combination Non-Radar Approach Control & Tower w/o Radar,8,8,20,5,41,0,2,26,7,35,8,10,46,12,76,52,24,76,152
12/16/2021,HLN,MT,ANM,WE,Combination Non-Radar Approach Control & Tower w/o Radar,7,6,11,1,25,0,0,30,12,42,7,6,41,13,67,40,14,54,121
12/17/2021,HLN,MT,ANM,WE,Combination Non-Radar Approach Control & Tower w/o Radar,9,13,6,3,31,0,4,31,12,47,9,17,37,15,78,24,4,28,106
12/18/2021,HLN,MT,ANM,WE,Combination Non-Radar Approach Control & Tower w/o Radar,9,5,2,2,18,0,0,13,0,13,9,5,15,2,31,64,0,64,95
12/19/2021,HLN,MT,ANM,WE,Combination Non-Radar Approach Control & Tower w/o Radar,5,1,2,0,8,0,0,2,0,2,5,1,4,0,10,10,0,10,20
12/20/2021,HLN,MT,ANM,WE,Combination Non-Radar Approach Control & Tower w/o Radar,6,6,8,0,20,0,3,7,5,15,6,9,15,5,35,16,0,16,51
12/21/2021,HLN,MT,ANM,WE,Combination Non-Radar Approach Control & Tower w/o Radar,7,11,12,0,30,0,2,15,13,30,7,13,27,13,60,52,22,74,134
12/22/2021,HLN,MT,ANM,WE,Combination Non-Radar Approach Control & Tower w/o Radar,7,14,9,4,34,0,2,31,16,49,7,16,40,20,83,104,4,108,191
12/23/2021,HLN,MT,ANM,WE,Combination Non-Radar Approach Control & Tower w/o Radar,8,8,4,0,20,0,0,4,0,4,8,8,8,0,24,20,0,20,44
12/24/2021,HLN,MT,ANM,WE,Combination Non-Radar Approach Control & Tower w/o Radar,6,11,2,0,19,0,1,12,0,13,6,12,14,0,32,56,0,56,88
12/25/2021,HLN,MT,ANM,WE,Combination Non-Radar Approach Control & Tower w/o Radar,8,1,2,0,11,0,0,5,0,5,8,1,7,0,16,8,0,8,24
12/26/2021,HLN,MT,ANM,WE,Combination Non-Radar Approach Control & Tower w/o Radar,5,5,0,0,10,0,0,0,0,0,5,5,0,0,10,0,0,0,10
12/27/2021,HLN,MT,ANM,WE,Combination Non-Radar Approach Control & Tower w/o Radar,6,6,6,0,18,0,1,3,13,17,6,7,9,13,35,2,26,28,63
12/28/2021,HLN,MT,ANM,WE,Combination Non-Radar Approach Control & Tower w/o Radar,7,5,4,1,17,0,1,8,13,22,7,6,12,14,39,34,2,36,75
12/29/2021,HLN,MT,ANM,WE,Combination Non-Radar Approach Control & Tower w/o Radar,5,16,1,0,22,0,1,14,2,17,5,17,15,2,39,0,0,0,39
12/30/2021,HLN,MT,ANM,WE,Combination Non-Radar Approach Control & Tower w/o Radar,7,8,5,1,21,0,0,10,0,10,7,8,15,1,31,30,0,30,61
12/31/2021,HLN,MT,ANM,WE,Combination Non-Radar Approach Control & Tower w/o Radar,7,4,3,1,15,0,1,1,0,2,7,5,4,1,17,0,0,0,17
01/01/2022,HLN,MT,ANM,WE,Combination Non-Radar Approach Control & Tower w/o Radar,5,4,2,0,11,0,0,11,0,11,5,4,13,0,22,2,0,2,24
01/02/2022,HLN,MT,ANM,WE,Combination Non-Radar Approach Control & Tower w/o Radar,8,2,2,0,12,0,0,20,1,21,8,2,22,1,33,34,0,34,67
01/03/2022,HLN,MT,ANM,WE,Combination Non-Radar Approach Control & Tower w/o Radar,7,0,6,0,13,0,0,19,5,24,7,0,25,5,37,16,2,18,55
01/04/2022,HLN,MT,ANM,WE,Combination Non-Radar Approach Control & Tower w/o Radar,7,8,12,0,27,0,0,8,12,20,7,8,20,12,47,44,30,74,121
01/05/2022,HLN,MT,ANM,WE,Combination Non-Radar Approach Control & Tower w/o Radar,8,7,12,0,27,0,0,0,0,0,8,7,12,0,27,0,0,0,27
01/06/2022,HLN,MT,ANM,WE,Combination Non-Radar Approach Control & Tower w/o Radar,9,7,7,0,23,0,0,0,3,3,9,7,7,3,26,0,10,10,36
01/07/2022,HLN,MT,ANM,WE,Combination Non-Radar Approach Control & Tower w/o Radar,9,13,5,0,27,0,3,28,9,40,9,16,33,9,67,11,5,16,83
01/08/2022,HLN,MT,ANM,WE,Combination Non-Radar Approach Control & Tower w/o Radar,8,5,2,0,15,0,2,18,8,28,8,7,20,8,43,42,0,42,85
01/09/2022,HLN,MT,ANM,WE,Combination Non-Radar Approach Control & Tower w/o Radar,8,1,3,0,12,0,0,17,6,23,8,1,20,6,35,18,4,22,57
01/10/2022,HLN,MT,ANM,WE,Combination Non-Radar Approach Control & Tower w/o Radar,7,5,6,0,18,0,0,23,9,32,7,5,29,9,50,70,12,82,132
01/11/2022,HLN,MT,ANM,WE,Combination Non-Radar Approach Control & Tower w/o Radar,7,8,16,1,32,0,2,22,7,31,7,10,38,8,63,18,0,18,81
01/12/2022,HLN,MT,ANM,WE,Combination Non-Radar Approach Control & Tower w/o Radar,7,8,15,0,30,0,2,16,10,28,7,10,31,10,58,20,4,24,82
01/13/2022,HLN,MT,ANM,WE,Combination Non-Radar Approach Control & Tower w/o Radar,12,5,7,0,24,0,2,39,7,48,12,7,46,7,72,44,2,46,118
01/14/2022,HLN,MT,ANM,WE,Combination Non-Radar Approach Control & Tower w/o Radar,8,4,4,1,17,0,0,38,8,46,8,4,42,9,63,78,18,96,159
01/15/2022,HLN,MT,ANM,WE,Combination Non-Radar Approach Control & Tower w/o Radar,11,8,1,0,20,0,2,41,0,43,11,10,42,0,63,74,0,74,137
01/16/2022,HLN,MT,ANM,WE,Combination Non-Radar Approach Control & Tower w/o Radar,6,3,1,0,10,0,0,36,0,36,6,3,37,0,46,28,0,28,74
01/17/2022,HLN,MT,ANM,WE,Combination Non-Radar Approach Control & Tower w/o Radar,7,3,4,2,16,0,0,15,0,15,7,3,19,2,31,62,2,64,95
01/18/2022,HLN,MT,ANM,WE,Combination Non-Radar Approach Control & Tower w/o Radar,8,6,1,0,15,0,0,0,9,9,8,6,1,9,24,0,8,8,32
01/19/2022,HLN,MT,ANM,WE,Combination Non-Radar Approach Control & Tower w/o Radar,8,6,6,0,20,0,3,21,20,44,8,9,27,20,64,38,34,72,136
01/20/2022,HLN,MT,ANM,WE,Combination Non-Radar Approach Control & Tower w/o Radar,7,7,7,2,23,0,1,19,14,34,7,8,26,16,57,56,24,80,137
01/21/2022,HLN,MT,ANM,WE,Combination Non-Radar Approach Control & Tower w/o Radar,8,4,5,1,18,0,1,23,13,37,8,5,28,14,55,64,0,64,119
01/22/2022,HLN,MT,ANM,WE,Combination Non-Radar Approach Control & Tower w/o Radar,8,7,4,0,19,0,4,20,11,35,8,11,24,11,54,48,2,50,104
01/23/2022,HLN,MT,ANM,WE,Combination Non-Radar Approach Control & Tower w/o Radar,10,3,1,0,14,0,0,36,1,37,10,3,37,1,51,22,0,22,73
01/24/2022,HLN,MT,ANM,WE,Combination Non-Radar Approach Control & Tower w/o Radar,6,6,12,1,25,0,0,11,2,13,6,6,23,3,38,28,18,46,84
01/25/2022,HLN,MT,ANM,WE,Combination Non-Radar Approach Control & Tower w/o Radar,7,7,7,1,22,0,8,33,15,56,7,15,40,16,78,18,2,20,98
01/26/2022,HLN,MT,ANM,WE,Combination Non-Radar Approach Control & Tower w/o Radar,7,11,6,1,25,0,8,37,15,60,7,19,43,16,85,66,0,66,151
01/27/2022,HLN,MT,ANM,WE,Combination Non-Radar Approach Control & Tower w/o Radar,6,9,1,0,16,0,2,39,19,60,6,11,40,19,76,77,2,79,155
01/28/2022,HLN,MT,ANM,WE,Combination Non-Radar Approach Control & Tower w/o Radar,8,14,4,0,26,0,3,32,26,61,8,17,36,26,87,58,0,58,145
01/29/2022,HLN,MT,ANM,WE,Combination Non-Radar Approach Control & Tower w/o Radar,11,3,2,0,16,0,0,33,0,33,11,3,35,0,49,118,0,118,167
01/30/2022,HLN,MT,ANM,WE,Combination Non-Radar Approach Control & Tower w/o Radar,6,2,4,0,12,0,3,10,4,17,6,5,14,4,29,10,0,10,39
01/31/2022,HLN,MT,ANM,WE,Combination Non-Radar Approach Control & Tower w/o Radar,7,4,6,1,18,0,0,3,4,7,7,4,9,5,25,0,8,8,33
02/01/2022,HLN,MT,ANM,WE,Combination Non-Radar Approach Control & Tower w/o Radar,6,7,4,0,17,0,1,3,6,10,6,8,7,6,27,38,6,44,71
02/02/2022,HLN,MT,ANM,WE,Combination Non-Radar Approach Control & Tower w/o Radar,6,14,3,1,24,0,5,20,25,50,6,19,23,26,74,0,6,6,80
02/03/2022,HLN,MT,ANM,WE,Combination Non-Radar Approach Control & Tower w/o Radar,8,8,7,3,26,0,1,25,12,38,8,9,32,15,64,2,34,36,100
02/04/2022,HLN,MT,ANM,WE,Combination Non-Radar Approach Control & Tower w/o Radar,9,4,7,2,22,0,2,24,9,35,9,6,31,11,57,96,12,108,165
02/05/2022,HLN,MT,ANM,WE,Combination Non-Radar Approach Control & Tower w/o Radar,9,5,0,0,14,0,4,1,0,5,9,9,1,0,19,10,0,10,29
02/06/2022,HLN,MT,ANM,WE,Combination Non-Radar Approach Control & Tower w/o Radar,8,1,1,1,11,0,0,16,0,16,8,1,17,1,27,18,0,18,45
02/07/2022,HLN,MT,ANM,WE,Combination Non-Radar Approach Control & Tower w/o Radar,6,8,3,1,18,0,1,27,14,42,6,9,30,15,60,78,6,84,144
02/08/2022,HLN,MT,ANM,WE,Combination Non-Radar Approach Control & Tower w/o Radar,8,4,6,2,20,0,3,24,16,43,8,7,30,18,63,16,12,28,91
02/09/2022,HLN,MT,ANM,WE,Combination Non-Radar Approach Control & Tower w/o Radar,7,9,12,0,28,0,2,15,2,19,7,11,27,2,47,24,0,24,71
02/10/2022,HLN,MT,ANM,WE,Combination Non-Radar Approach Control & Tower w/o Radar,7,6,6,0,19,0,1,12,0,13,7,7,18,0,32,6,0,6,38
02/11/2022,HLN,MT,ANM,WE,Combination Non-Radar Approach Control & Tower w/o Radar,8,4,5,1,18,0,1,6,18,25,8,5,11,19,43,44,0,44,87
02/12/2022,HLN,MT,ANM,WE,Combination Non-Radar Approach Control & Tower w/o Radar,9,5,1,0,15,0,7,78,0,85,9,12,79,0,100,146,0,146,246
02/13/2022,HLN,MT,ANM,WE,Combination Non-Radar Approach Control & Tower w/o Radar,7,2,2,0,11,0,4,34,0,38,7,6,36,0,49,48,0,48,97
02/14/2022,HLN,MT,ANM,WE,Combination Non-Radar Approach Control & Tower w/o Radar,5,6,1,3,15,0,4,42,13,59,5,10,43,16,74,70,0,70,144
02/15/2022,HLN,MT,ANM,WE,Combination Non-Radar Approach Control & Tower w/o Radar,7,3,14,3,27,0,0,10,14,24,7,3,24,17,51,10,22,32,83
02/16/2022,HLN,MT,ANM,WE,Combination Non-Radar Approach Control & Tower w/o Radar,6,8,5,0,19,0,0,17,16,33,6,8,22,16,52,46,8,54,106
02/17/2022,HLN,MT,ANM,WE,Combination Non-Radar Approach Control & Tower w/o Radar,8,5,4,2,19,0,1,12,1,14,8,6,16,3,33,38,14,52,85
02/18/2022,HLN,MT,ANM,WE,Combination Non-Radar Approach Control & Tower w/o Radar,8,6,4,1,19,0,1,10,7,18,8,7,14,8,37,4,4,8,45
02/19/2022,HLN,MT,ANM,WE,Combination Non-Radar Approach Control & Tower w/o Radar,7,5,2,0,14,0,1,22,0,23,7,6,24,0,37,30,0,30,67
02/20/2022,HLN,MT,ANM,WE,Combination Non-Radar Approach Control & Tower w/o Radar,8,3,2,0,13,0,0,0,0,0,8,3,2,0,13,0,0,0,13
02/21/2022,HLN,MT,ANM,WE,Combination Non-Radar Approach Control & Tower w/o Radar,8,6,5,0,19,0,0,1,0,1,8,6,6,0,20,0,0,0,20
02/22/2022,HLN,MT,ANM,WE,Combination Non-Radar Approach Control & Tower w/o Radar,8,5,6,2,21,0,2,3,0,5,8,7,9,2,26,0,0,0,26
02/23/2022,HLN,MT,ANM,WE,Combination Non-Radar Approach Control & Tower w/o Radar,9,5,3,2,19,0,0,18,6,24,9,5,21,8,43,0,0,0,43
02/24/2022,HLN,MT,ANM,WE,Combination Non-Radar Approach Control & Tower w/o Radar,9,7,14,2,32,0,1,12,1,14,9,8,26,3,46,22,10,32,78
02/25/2022,HLN,MT,ANM,WE,Combination Non-Radar Approach Control & Tower w/o Radar,10,10,9,2,31,0,8,29,18,55,10,18,38,20,86,34,24,58,144
02/26/2022,HLN,MT,ANM,WE,Combination Non-Radar Approach Control & Tower w/o Radar,8,1,1,0,10,0,8,61,8,77,8,9,62,8,87,106,0,106,193
02/27/2022,HLN,MT,ANM,WE,Combination Non-Radar Approach Control & Tower w/o Radar,7,3,2,0,12,0,3,24,2,29,7,6,26,2,41,42,0,42,83
02/28/2022,HLN,MT,ANM,WE,Combination Non-Radar Approach Control & Tower w/o Radar,7,6,6,0,19,0,0,17,15,32,7,6,23,15,51,28,4,32,83
03/01/2022,HLN,MT,ANM,WE,Combination Non-Radar Approach Control & Tower w/o Radar,8,7,4,0,19,0,0,8,11,19,8,7,12,11,38,54,0,54,92
03/02/2022,HLN,MT,ANM,WE,Combination Non-Radar Approach Control & Tower w/o Radar,9,10,9,1,29,0,1,23,13,37,9,11,32,14,66,10,0,10,76
03/03/2022,HLN,MT,ANM,WE,Combination Non-Radar Approach Control & Tower w/o Radar,10,4,8,0,22,0,0,21,16,37,10,4,29,16,59,38,22,60,119
03/04/2022,HLN,MT,ANM,WE,Combination Non-Radar Approach Control & Tower w/o Radar,6,6,6,0,18,0,2,17,7,26,6,8,23,7,44,50,22,72,116
03/05/2022,HLN,MT,ANM,WE,Combination Non-Radar Approach Control & Tower w/o Radar,7,4,5,0,16,0,0,15,1,16,7,4,20,1,32,86,0,86,118
03/06/2022,HLN,MT,ANM,WE,Combination Non-Radar Approach Control & Tower w/o Radar,7,0,4,0,11,0,0,8,0,8,7,0,12,0,19,6,0,6,25
03/07/2022,HLN,MT,ANM,WE,Combination Non-Radar Approach Control & Tower w/o Radar,5,4,6,2,17,0,4,31,20,55,5,8,37,22,72,48,20,68,140
03/08/2022,HLN,MT,ANM,WE,Combination Non-Radar Approach Control & Tower w/o Radar,6,6,6,0,18,0,0,0,4,4,6,6,6,4,22,0,28,28,50
03/09/2022,HLN,MT,ANM,WE,Combination Non-Radar Approach Control & Tower w/o Radar,7,3,6,2,18,0,0,32,15,47,7,3,38,17,65,60,24,84,149
03/10/2022,HLN,MT,ANM,WE,Combination Non-Radar Approach Control & Tower w/o Radar,6,6,0,0,12,0,0,35,30,65,6,6,35,30,77,10,34,44,121
03/11/2022,HLN,MT,ANM,WE,Combination Non-Radar Approach Control & Tower w/o Radar,6,7,7,0,20,0,1,27,36,64,6,8,34,36,84,36,26,62,146
03/12/2022,HLN,MT,ANM,WE,Combination Non-Radar Approach Control & Tower w/o Radar,7,4,5,0,16,0,0,29,14,43,7,4,34,14,59,60,0,60,119
03/13/2022,HLN,MT,ANM,WE,Combination Non-Radar Approach Control & Tower w/o Radar,8,1,0,0,9,0,0,10,6,16,8,1,10,6,25,14,0,14,39
03/14/2022,HLN,MT,ANM,WE,Combination Non-Radar Approach Control & Tower w/o Radar,5,3,3,1,12,0,3,22,24,49,5,6,25,25,61,66,2,68,129
03/15/2022,HLN,MT,ANM,WE,Combination Non-Radar Approach Control & Tower w/o Radar,6,7,8,2,23,0,2,7,12,21,6,9,15,14,44,10,8,18,62
03/16/2022,HLN,MT,ANM,WE,Combination Non-Radar Approach Control & Tower w/o Radar,6,8,12,0,26,0,2,18,13,33,6,10,30,13,59,46,14,60,119
03/17/2022,HLN,MT,ANM,WE,Combination Non-Radar Approach Control & Tower w/o Radar,6,3,3,1,13,0,5,82,14,101,6,8,85,15,114,140,8,148,262
03/18/2022,HLN,MT,ANM,WE,Combination Non-Radar Approach Control & Tower w/o Radar,5,10,3,0,18,0,3,46,3,52,5,13,49,3,70,104,0,104,174
03/19/2022,HLN,MT,ANM,WE,Combination Non-Radar Approach Control & Tower w/o Radar,7,6,0,1,14,0,6,46,0,52,7,12,46,1,66,128,0,128,194
03/20/2022,HLN,MT,ANM,WE,Combination Non-Radar Approach Control & Tower w/o Radar,6,1,3,4,14,0,0,16,2,18,6,1,19,6,32,14,0,14,46
03/21/2022,HLN,MT,ANM,WE,Combination Non-Radar Approach Control & Tower w/o Radar,5,2,5,6,18,0,0,11,15,26,5,2,16,21,44,36,10,46,90
03/22/2022,HLN,MT,ANM,WE,Combination Non-Radar Approach Control & Tower w/o Radar,7,5,7,2,21,0,0,28,20,48,7,5,35,22,69,102,10,112,181
03/23/2022,HLN,MT,ANM,WE,Combination Non-Radar Approach Control & Tower w/o Radar,7,10,6,1,24,0,10,56,12,78,7,20,62,13,102,138,24,162,264
03/24/2022,HLN,MT,ANM,WE,Combination Non-Radar Approach Control & Tower w/o Radar,7,5,9,2,23,0,1,39,21,61,7,6,48,23,84,62,12,74,158
03/25/2022,HLN,MT,ANM,WE,Combination Non-Radar Approach Control & Tower w/o Radar,6,5,6,9,26,0,1,70,6,77,6,6,76,15,103,86,0,86,189
03/26/2022,HLN,MT,ANM,WE,Combination Non-Radar Approach Control & Tower w/o Radar,6,4,1,0,11,0,1,39,5,45,6,5,40,5,56,50,8,58,114
03/27/2022,HLN,MT,ANM,WE,Combination Non-Radar Approach Control & Tower w/o Radar,5,6,2,0,13,0,0,55,1,56,5,6,57,1,69,46,0,46,115
03/28/2022,HLN,MT,ANM,WE,Combination Non-Radar Approach Control & Tower w/o Radar,7,3,3,4,17,0,4,20,10,34,7,7,23,14,51,54,6,60,111
03/29/2022,HLN,MT,ANM,WE,Combination Non-Radar Approach Control & Tower w/o Radar,8,8,6,0,22,0,2,12,15,29,8,10,18,15,51,36,16,52,103
03/30/2022,HLN,MT,ANM,WE,Combination Non-Radar Approach Control & Tower w/o Radar,9,8,5,2,24,0,1,44,7,52,9,9,49,9,76,72,4,76,152
03/31/2022,HLN,MT,ANM,WE,Combination Non-Radar Approach Control & Tower w/o Radar,8,5,3,2,18,0,0,34,6,40,8,5,37,8,58,42,0,42,100
04/01/2022,HLN,MT,ANM,WE,Combination Non-Radar Approach Control & Tower w/o Radar,9,9,3,2,23,0,4,35,4,43,9,13,38,6,66,48,6,54,120
04/02/2022,HLN,MT,ANM,WE,Combination Non-Radar Approach Control & Tower w/o Radar,10,4,1,1,16,0,0,21,2,23,10,4,22,3,39,30,0,30,69
04/03/2022,HLN,MT,ANM,WE,Combination Non-Radar Approach Control & Tower w/o Radar,9,1,1,0,11,0,0,24,1,25,9,1,25,1,36,0,0,0,36
04/04/2022,HLN,MT,ANM,WE,Combination Non-Radar Approach Control & Tower w/o Radar,9,2,6,0,17,0,0,13,5,18,9,2,19,5,35,20,6,26,61
04/05/2022,HLN,MT,ANM,WE,Combination Non-Radar Approach Control & Tower w/o Radar,5,6,1,0,12,0,2,3,0,5,5,8,4,0,17,0,0,0,17
04/06/2022,HLN,MT,ANM,WE,Combination Non-Radar Approach Control & Tower w/o Radar,9,9,4,5,27,0,1,22,9,32,9,10,26,14,59,34,26,60,119
04/07/2022,HLN,MT,ANM,WE,Combination Non-Radar Approach Control & Tower w/o Radar,8,10,8,1,27,0,5,59,1,65,8,15,67,2,92,86,2,88,180
04/08/2022,HLN,MT,ANM,WE,Combination Non-Radar Approach Control & Tower w/o Radar,7,11,5,0,23,0,1,64,28,93,7,12,69,28,116,110,16,126,242
04/09/2022,HLN,MT,ANM,WE,Combination Non-Radar Approach Control & Tower w/o Radar,9,6,3,0,18,0,0,1,0,1,9,6,4,0,19,0,0,0,19
04/10/2022,HLN,MT,ANM,WE,Combination Non-Radar Approach Control & Tower w/o Radar,8,2,2,0,12,0,0,7,0,7,8,2,9,0,19,10,0,10,29
04/11/2022,HLN,MT,ANM,WE,Combination Non-Radar Approach Control & Tower w/o Radar,7,7,3,0,17,0,0,8,6,14,7,7,11,6,31,28,8,36,67
04/12/2022,HLN,MT,ANM,WE,Combination Non-Radar Approach Control & Tower w/o Radar,7,9,9,0,25,0,0,0,5,5,7,9,9,5,30,0,22,22,52
04/13/2022,HLN,MT,ANM,WE,Combination Non-Radar Approach Control & Tower w/o Radar,7,8,10,1,26,0,2,22,7,31,7,10,32,8,57,58,16,74,131
04/14/2022,HLN,MT,ANM,WE,Combination Non-Radar Approach Control & Tower w/o Radar,6,10,5,0,21,0,1,24,19,44,6,11,29,19,65,78,42,120,185
04/15/2022,HLN,MT,ANM,WE,Combination Non-Radar Approach Control & Tower w/o Radar,9,5,4,1,19,0,1,43,5,49,9,6,47,6,68,116,2,118,186
04/16/2022,HLN,MT,ANM,WE,Combination Non-Radar Approach Control & Tower w/o Radar,9,6,0,0,15,0,0,31,0,31,9,6,31,0,46,62,0,62,108
04/17/2022,HLN,MT,ANM,WE,Combination Non-Radar Approach Control & Tower w/o Radar,7,2,2,0,11,0,0,5,0,5,7,2,7,0,16,0,0,0,16
04/18/2022,HLN,MT,ANM,WE,Combination Non-Radar Approach Control & Tower w/o Radar,7,6,3,0,16,0,1,71,11,83,7,7,74,11,99,222,26,248,347
04/19/2022,HLN,MT,ANM,WE,Combination Non-Radar Approach Control & Tower w/o Radar,7,4,10,0,21,0,1,13,21,35,7,5,23,21,56,20,12,32,88
04/20/2022,HLN,MT,ANM,WE,Combination Non-Radar Approach Control & Tower w/o Radar,8,9,7,3,27,0,4,50,14,68,8,13,57,17,95,106,72,178,273
04/21/2022,HLN,MT,ANM,WE,Combination Non-Radar Approach Control & Tower w/o Radar,8,9,16,0,33,0,0,30,25,55,8,9,46,25,88,76,6,82,170
04/22/2022,HLN,MT,ANM,WE,Combination Non-Radar Approach Control & Tower w/o Radar,10,9,2,0,21,0,1,11,4,16,10,10,13,4,37,114,6,120,157
04/23/2022,HLN,MT,ANM,WE,Combination Non-Radar Approach Control & Tower w/o Radar,10,6,0,0,16,0,0,7,0,7,10,6,7,0,23,42,0,42,65
04/24/2022,HLN,MT,ANM,WE,Combination Non-Radar Approach Control & Tower w/o Radar,5,4,3,0,12,0,0,72,1,73,5,4,75,1,85,20,0,20,105
04/25/2022,HLN,MT,ANM,WE,Combination Non-Radar Approach Control & Tower w/o Radar,7,5,2,3,17,0,3,47,2,52,7,8,49,5,69,116,6,122,191
04/26/2022,HLN,MT,ANM,WE,Combination Non-Radar Approach Control & Tower w/o Radar,8,4,6,3,21,0,0,32,9,41,8,4,38,12,62,158,4,162,224
04/27/2022,HLN,MT,ANM,WE,Combination Non-Radar Approach Control & Tower w/o Radar,10,7,10,3,30,0,2,50,17,69,10,9,60,20,99,114,0,114,213
04/28/2022,HLN,MT,ANM,WE,Combination Non-Radar Approach Control & Tower w/o Radar,8,10,6,1,25,0,0,34,8,42,8,10,40,9,67,28,4,32,99
04/29/2022,HLN,MT,ANM,WE,Combination Non-Radar Approach Control & Tower w/o Radar,12,8,7,2,29,0,0,22,2,24,12,8,29,4,53,46,0,46,99
04/30/2022,HLN,MT,ANM,WE,Combination Non-Radar Approach Control & Tower w/o Radar,8,9,4,0,21,0,1,38,1,40,8,10,42,1,61,32,0,32,93
05/01/2022,HLN,MT,ANM,WE,Combination Non-Radar Approach Control & Tower w/o Radar,7,3,2,0,12,0,0,13,2,15,7,3,15,2,27,38,2,40,67
05/02/2022,HLN,MT,ANM,WE,Combination Non-Radar Approach Control & Tower w/o Radar,6,6,4,1,17,0,2,45,11,58,6,8,49,12,75,124,2,126,201
05/03/2022,HLN,MT,ANM,WE,Combination Non-Radar Approach Control & Tower w/o Radar,7,7,7,0,21,0,0,20,12,32,7,7,27,12,53,58,6,64,117
05/04/2022,HLN,MT,ANM,WE,Combination Non-Radar Approach Control & Tower w/o Radar,8,8,6,2,24,0,0,75,0,75,8,8,81,2,99,192,0,192,291
05/05/2022,HLN,MT,ANM,WE,Combination Non-Radar Approach Control & Tower w/o Radar,9,8,6,2,25,0,4,42,13,59,9,12,48,15,84,92,0,92,176
05/06/2022,HLN,MT,ANM,WE,Combination Non-Radar Approach Control & Tower w/o Radar,10,6,0,2,18,0,2,46,9,57,10,8,46,11,75,56,16,72,147
05/07/2022,HLN,MT,ANM,WE,Combination Non-Radar Approach Control & Tower w/o Radar,9,5,4,0,18,0,0,9,0,9,9,5,13,0,27,34,0,34,61
05/08/2022,HLN,MT,ANM,WE,Combination Non-Radar Approach Control & Tower w/o Radar,7,4,2,0,13,0,0,5,0,5,7,4,7,0,18,30,0,30,48
05/09/2022,HLN,MT,ANM,WE,Combination Non-Radar Approach Control & Tower w/o Radar,8,4,13,1,26,0,0,17,5,22,8,4,30,6,48,34,6,40,88
05/10/2022,HLN,MT,ANM,WE,Combination Non-Radar Approach Control & Tower w/o Radar,9,6,11,4,30,0,5,42,18,65,9,11,53,22,95,108,46,154,249
05/11/2022,HLN,MT,ANM,WE,Combination Non-Radar Approach Control & Tower w/o Radar,8,9,10,0,27,0,4,53,18,75,8,13,63,18,102,86,10,96,198
05/12/2022,HLN,MT,ANM,WE,Combination Non-Radar Approach Control & Tower w/o Radar,9,5,7,4,25,0,0,24,18,42,9,5,31,22,67,160,0,160,227
05/13/2022,HLN,MT,ANM,WE,Combination Non-Radar Approach Control & Tower w/o Radar,9,6,8,1,24,0,1,23,7,31,9,7,31,8,55,30,0,30,85
05/14/2022,HLN,MT,ANM,WE,Combination Non-Radar Approach Control & Tower w/o Radar,9,6,6,0,21,0,1,28,18,47,9,7,34,18,68,152,2,154,222
05/15/2022,HLN,MT,ANM,WE,Combination Non-Radar Approach Control & Tower w/o Radar,8,4,1,0,13,0,0,40,7,47,8,4,41,7,60,90,0,90,150
05/16/2022,HLN,MT,ANM,WE,Combination Non-Radar Approach Control & Tower w/o Radar,7,6,2,2,17,0,0,17,8,25,7,6,19,10,42,58,0,58,100
05/17/2022,HLN,MT,ANM,WE,Combination Non-Radar Approach Control & Tower w/o Radar,7,11,5,0,23,0,2,36,16,54,7,13,41,16,77,58,0,58,135
05/18/2022,HLN,MT,ANM,WE,Combination Non-Radar Approach Control & Tower w/o Radar,9,8,7,8,32,0,2,39,7,48,9,10,46,15,80,96,0,96,176
05/19/2022,HLN,MT,ANM,WE,Combination Non-Radar Approach Control & Tower w/o Radar,7,7,8,0,22,0,0,9,11,20,7,7,17,11,42,0,10,10,52
05/20/2022,HLN,MT,ANM,WE,Combination Non-Radar Approach Control & Tower w/o Radar,8,7,14,2,31,0,1,12,0,13,8,8,26,2,44,68,0,68,112
05/21/2022,HLN,MT,ANM,WE,Combination Non-Radar Approach Control & Tower w/o Radar,8,4,3,0,15,0,0,32,14,46,8,4,35,14,61,34,0,34,95
05/22/2022,HLN,MT,ANM,WE,Combination Non-Radar Approach Control & Tower w/o Radar,7,6,1,0,14,0,0,26,0,26,7,6,27,0,40,38,0,38,78
05/23/2022,HLN,MT,ANM,WE,Combination Non-Radar Approach Control & Tower w/o Radar,7,8,3,0,18,0,2,48,6,56,7,10,51,6,74,88,0,88,162
05/24/2022,HLN,MT,ANM,WE,Combination Non-Radar Approach Control & Tower w/o Radar,8,5,11,2,26,0,2,54,20,76,8,7,65,22,102,100,4,104,206
05/25/2022,HLN,MT,ANM,WE,Combination Non-Radar Approach Control & Tower w/o Radar,6,12,12,1,31,0,2,35,13,50,6,14,47,14,81,76,4,80,161
05/26/2022,HLN,MT,ANM,WE,Combination Non-Radar Approach Control & Tower w/o Radar,7,10,15,1,33,0,2,60,13,75,7,12,75,14,108,114,4,118,226
05/27/2022,HLN,MT,ANM,WE,Combination Non-Radar Approach Control & Tower w/o Radar,9,11,1,0,21,0,2,29,9,40,9,13,30,9,61,76,2,78,139
05/28/2022,HLN,MT,ANM,WE,Combination Non-Radar Approach Control & Tower w/o Radar,9,5,2,0,16,0,2,23,1,26,9,7,25,1,42,42,0,42,84
05/29/2022,HLN,MT,ANM,WE,Combination Non-Radar Approach Control & Tower w/o Radar,7,4,2,0,13,0,0,4,0,4,7,4,6,0,17,6,0,6,23
05/30/2022,HLN,MT,ANM,WE,Combination Non-Radar Approach Control & Tower w/o Radar,7,6,3,0,16,0,0,12,0,12,7,6,15,0,28,22,0,22,50
05/31/2022,HLN,MT,ANM,WE,Combination Non-Radar Approach Control & Tower w/o Radar,5,4,7,5,21,0,0,43,8,51,5,4,50,13,72,100,4,104,176
06/01/2022,HLN,MT,ANM,WE,Combination Non-Radar Approach Control & Tower w/o Radar,7,9,11,2,29,0,0,75,4,79,7,9,86,6,108,122,0,122,230
06/02/2022,HLN,MT,ANM,WE,Combination Non-Radar Approach Control & Tower w/o Radar,8,7,12,0,27,0,0,54,10,64,8,7,66,10,91,48,0,48,139
06/03/2022,HLN,MT,ANM,WE,Combination Non-Radar Approach Control & Tower w/o Radar,7,5,6,0,18,0,3,36,11,50,7,8,42,11,68,48,6,54,122
06/04/2022,HLN,MT,ANM,WE,Combination Non-Radar Approach Control & Tower w/o Radar,7,3,6,0,16,0,0,20,12,32,7,3,26,12,48,24,10,34,82
06/05/2022,HLN,MT,ANM,WE,Combination Non-Radar Approach Control & Tower w/o Radar,7,0,4,1,12,0,0,22,15,37,7,0,26,16,49,22,0,22,71
06/06/2022,HLN,MT,ANM,WE,Combination Non-Radar Approach Control & Tower w/o Radar,7,2,9,0,18,0,0,23,26,49,7,2,32,26,67,38,4,42,109
06/07/2022,HLN,MT,ANM,WE,Combination Non-Radar Approach Control & Tower w/o Radar,6,5,2,5,18,0,0,41,11,52,6,5,43,16,70,82,10,92,162
06/08/2022,HLN,MT,ANM,WE,Combination Non-Radar Approach Control & Tower w/o Radar,5,5,6,2,18,0,0,67,21,88,5,5,73,23,106,72,2,74,180
06/09/2022,HLN,MT,ANM,WE,Combination Non-Radar Approach Control & Tower w/o Radar,6,4,9,0,19,0,1,55,25,81,6,5,64,25,100,50,4,54,154
06/10/2022,HLN,MT,ANM,WE,Combination Non-Radar Approach Control & Tower w/o Radar,6,6,10,0,22,0,1,41,8,50,6,7,51,8,72,102,0,102,174
06/11/2022,HLN,MT,ANM,WE,Combination Non-Radar Approach Control & Tower w/o Radar,6,6,3,0,15,0,0,16,12,28,6,6,19,12,43,42,2,44,87
06/12/2022,HLN,MT,ANM,WE,Combination Non-Radar Approach Control & Tower w/o Radar,6,2,3,0,11,0,0,24,9,33,6,2,27,9,44,16,2,18,62
06/13/2022,HLN,MT,ANM,WE,Combination Non-Radar Approach Control & Tower w/o Radar,6,5,7,1,19,0,0,6,18,24,6,5,13,19,43,4,4,8,51
06/14/2022,HLN,MT,ANM,WE,Combination Non-Radar Approach Control & Tower w/o Radar,7,8,7,0,22,0,0,5,15,20,7,8,12,15,42,16,0,16,58
06/15/2022,HLN,MT,ANM,WE,Combination Non-Radar Approach Control & Tower w/o Radar,7,7,10,3,27,0,0,18,21,39,7,7,28,24,66,10,4,14,80
06/16/2022,HLN,MT,ANM,WE,Combination Non-Radar Approach Control & Tower w/o Radar,6,6,10,1,23,0,0,88,8,96,6,6,98,9,119,128,0,128,247
06/17/2022,HLN,MT,ANM,WE,Combination Non-Radar Approach Control & Tower w/o Radar,6,4,9,1,20,0,4,74,7,85,6,8,83,8,105,50,0,50,155
06/18/2022,HLN,MT,ANM,WE,Combination Non-Radar Approach Control & Tower w/o Radar,8,2,9,0,19,0,2,32,2,36,8,4,41,2,55,58,0,58,113
06/19/2022,HLN,MT,ANM,WE,Combination Non-Radar Approach Control & Tower w/o Radar,6,2,3,0,11,0,0,14,1,15,6,2,17,1,26,8,0,8,34
06/20/2022,HLN,MT,ANM,WE,Combination Non-Radar Approach Control & Tower w/o Radar,5,7,17,0,29,0,1,11,0,12,5,8,28,0,41,22,0,22,63
06/21/2022,HLN,MT,ANM,WE,Combination Non-Radar Approach Control & Tower w/o Radar,6,1,8,0,15,0,2,34,13,49,6,3,42,13,64,90,2,92,156
06/22/2022,HLN,MT,ANM,WE,Combination Non-Radar Approach Control & Tower w/o Radar,6,5,4,0,15,0,1,52,5,58,6,6,56,5,73,86,0,86,159
06/23/2022,HLN,MT,ANM,WE,Combination Non-Radar Approach Control & Tower w/o Radar,5,6,9,2,22,0,4,37,7,48,5,10,46,9,70,78,2,80,150
06/24/2022,HLN,MT,ANM,WE,Combination Non-Radar Approach Control & Tower w/o Radar,7,5,3,5,20,0,2,33,13,48,7,7,36,18,68,40,4,44,112
06/25/2022,HLN,MT,ANM,WE,Combination Non-Radar Approach Control & Tower w/o Radar,6,5,3,3,17,0,2,70,10,82,6,7,73,13,99,76,0,76,175
06/26/2022,HLN,MT,ANM,WE,Combination Non-Radar Approach Control & Tower w/o Radar,6,1,6,4,17,0,0,38,1,39,6,1,44,5,56,36,0,36,92
06/27/2022,HLN,MT,ANM,WE,Combination Non-Radar Approach Control & Tower w/o Radar,6,6,5,2,19,0,1,61,18,80,6,7,66,20,99,64,8,72,171
06/28/2022,HLN,MT,ANM,WE,Combination Non-Radar Approach Control & Tower w/o Radar,5,8,6,1,20,0,1,52,14,67,5,9,58,15,87,38,4,42,129
06/29/2022,HLN,MT,ANM,WE,Combination Non-Radar Approach Control & Tower w/o Radar,5,8,12,2,27,4,39,61,28,132,9,47,73,30,159,48,8,56,215
06/30/2022,HLN,MT,ANM,WE,Combination Non-Radar Approach Control & Tower w/o Radar,5,4,3,1,13,0,4,84,11,99,5,8,87,12,112,122,8,130,242
07/01/2022,HLN,MT,ANM,WE,Combination Non-Radar Approach Control & Tower w/o Radar,5,9,3,2,19,0,4,63,10,77,5,13,66,12,96,58,20,78,174
07/02/2022,HLN,MT,ANM,WE,Combination Non-Radar Approach Control & Tower w/o Radar,8,4,4,0,16,0,0,49,0,49,8,4,53,0,65,32,0,32,97
07/03/2022,HLN,MT,ANM,WE,Combination Non-Radar Approach Control & Tower w/o Radar,6,0,3,0,9,0,0,14,0,14,6,0,17,0,23,18,0,18,41
07/04/2022,HLN,MT,ANM,WE,Combination Non-Radar Approach Control & Tower w/o Radar,6,3,5,0,14,0,0,32,0,32,6,3,37,0,46,20,0,20,66
07/05/2022,HLN,MT,ANM,WE,Combination Non-Radar Approach Control & Tower w/o Radar,7,4,2,2,15,0,0,36,9,45,7,4,38,11,60,24,0,24,84
07/06/2022,HLN,MT,ANM,WE,Combination Non-Radar Approach Control & Tower w/o Radar,6,7,4,0,17,0,2,34,3,39,6,9,38,3,56,72,0,72,128
07/07/2022,HLN,MT,ANM,WE,Combination Non-Radar Approach Control & Tower w/o Radar,6,6,4,0,16,0,1,44,11,56,6,7,48,11,72,54,0,54,126
07/08/2022,HLN,MT,ANM,WE,Combination Non-Radar Approach Control & Tower w/o Radar,7,3,5,0,15,0,2,44,13,59,7,5,49,13,74,38,6,44,118
07/09/2022,HLN,MT,ANM,WE,Combination Non-Radar Approach Control & Tower w/o Radar,7,6,5,0,18,0,4,51,12,67,7,10,56,12,85,50,2,52,137
07/10/2022,HLN,MT,ANM,WE,Combination Non-Radar Approach Control & Tower w/o Radar,6,2,0,0,8,0,5,38,0,43,6,7,38,0,51,16,0,16,67
07/11/2022,HLN,MT,ANM,WE,Combination Non-Radar Approach Control & Tower w/o Radar,6,5,5,2,18,0,0,60,13,73,6,5,65,15,91,78,34,112,203
07/12/2022,HLN,MT,ANM,WE,Combination Non-Radar Approach Control & Tower w/o Radar,6,4,6,2,18,0,2,88,20,110,6,6,94,22,128,56,0,56,184
07/13/2022,HLN,MT,ANM,WE,Combination Non-Radar Approach Control & Tower w/o Radar,5,12,8,3,28,0,2,50,27,79,5,14,58,30,107,110,34,144,251
07/14/2022,HLN,MT,ANM,WE,Combination Non-Radar Approach Control & Tower w/o Radar,5,6,3,0,14,0,0,60,19,79,5,6,63,19,93,56,10,66,159
07/15/2022,HLN,MT,ANM,WE,Combination Non-Radar Approach Control & Tower w/o Radar,8,1,3,0,12,0,3,83,10,96,8,4,86,10,108,94,0,94,202
07/16/2022,HLN,MT,ANM,WE,Combination Non-Radar Approach Control & Tower w/o Radar,7,2,4,0,13,7,7,50,7,71,14,9,54,7,84,106,4,110,194
07/17/2022,HLN,MT,ANM,WE,Combination Non-Radar Approach Control & Tower w/o Radar,5,3,3,2,13,9,10,61,6,86,14,13,64,8,99,118,6,124,223
07/18/2022,HLN,MT,ANM,WE,Combination Non-Radar Approach Control & Tower w/o Radar,6,7,4,5,22,0,1,29,11,41,6,8,33,16,63,86,20,106,169
07/19/2022,HLN,MT,ANM,WE,Combination Non-Radar Approach Control & Tower w/o Radar,6,5,6,9,26,1,11,77,16,105,7,16,83,25,131,144,0,144,275
07/20/2022,HLN,MT,ANM,WE,Combination Non-Radar Approach Control & Tower w/o Radar,5,8,12,5,30,0,5,98,18,121,5,13,110,23,151,96,2,98,249
07/21/2022,HLN,MT,ANM,WE,Combination Non-Radar Approach Control & Tower w/o Radar,4,6,5,1,16,1,3,76,17,97,5,9,81,18,113,116,0,116,229
07/22/2022,HLN,MT,ANM,WE,Combination Non-Radar Approach Control & Tower w/o Radar,6,8,3,0,17,1,4,103,17,125,7,12,106,17,142,50,4,54,196
07/23/2022,HLN,MT,ANM,WE,Combination Non-Radar Approach Control & Tower w/o Radar,6,6,10,0,22,1,2,53,0,56,7,8,63,0,78,60,0,60,138
07/24/2022,HLN,MT,ANM,WE,Combination Non-Radar Approach Control & Tower w/o Radar,6,2,9,0,17,0,0,35,2,37,6,2,44,2,54,40,0,40,94
07/25/2022,HLN,MT,ANM,WE,Combination Non-Radar Approach Control & Tower w/o Radar,5,5,3,0,13,0,3,82,19,104,5,8,85,19,117,124,8,132,249
07/26/2022,HLN,MT,ANM,WE,Combination Non-Radar Approach Control & Tower w/o Radar,6,2,5,2,15,0,17,58,33,108,6,19,63,35,123,98,6,104,227
07/27/2022,HLN,MT,ANM,WE,Combination Non-Radar Approach Control & Tower w/o Radar,7,4,2,3,16,0,3,94,17,114,7,7,96,20,130,106,8,114,244
07/28/2022,HLN,MT,ANM,WE,Combination Non-Radar Approach Control & Tower w/o Radar,7,7,8,2,24,2,3,69,20,94,9,10,77,22,118,32,14,46,164
07/29/2022,HLN,MT,ANM,WE,Combination Non-Radar Approach Control & Tower w/o Radar,6,5,6,3,20,1,6,79,13,99,7,11,85,16,119,52,2,54,173
07/30/2022,HLN,MT,ANM,WE,Combination Non-Radar Approach Control & Tower w/o Radar,7,3,9,1,20,7,5,71,0,83,14,8,80,1,103,56,0,56,159
07/31/2022,HLN,MT,ANM,WE,Combination Non-Radar Approach Control & Tower w/o Radar,7,1,5,1,14,4,2,51,1,58,11,3,56,2,72,34,0,34,106
08/01/2022,HLN,MT,ANM,WE,Combination Non-Radar Approach Control & Tower w/o Radar,6,4,6,0,16,9,7,44,9,69,15,11,50,9,85,46,0,46,131
08/02/2022,HLN,MT,ANM,WE,Combination Non-Radar Approach Control & Tower w/o Radar,6,3,13,2,24,1,7,50,16,74,7,10,63,18,98,60,4,64,162
08/03/2022,HLN,MT,ANM,WE,Combination Non-Radar Approach Control & Tower w/o Radar,9,10,10,1,30,8,6,49,2,65,17,16,59,3,95,66,0,66,161
08/04/2022,HLN,MT,ANM,WE,Combination Non-Radar Approach Control & Tower w/o Radar,8,4,5,1,18,23,13,80,13,129,31,17,85,14,147,24,6,30,177
08/05/2022,HLN,MT,ANM,WE,Combination Non-Radar Approach Control & Tower w/o Radar,6,9,5,3,23,20,20,85,7,132,26,29,90,10,155,46,0,46,201
08/06/2022,HLN,MT,ANM,WE,Combination Non-Radar Approach Control & Tower w/o Radar,5,5,4,0,14,2,4,40,9,55,7,9,44,9,69,28,0,28,97
08/07/2022,HLN,MT,ANM,WE,Combination Non-Radar Approach Control & Tower w/o Radar,7,2,4,0,13,0,1,64,0,65,7,3,68,0,78,36,0,36,114
08/08/2022,HLN,MT,ANM,WE,Combination Non-Radar Approach Control & Tower w/o Radar,7,4,7,4,22,0,5,50,17,72,7,9,57,21,94,30,10,40,134
08/09/2022,HLN,MT,ANM,WE,Combination Non-Radar Approach Control & Tower w/o Radar,7,5,7,1,20,1,2,47,17,67,8,7,54,18,87,90,8,98,185
08/10/2022,HLN,MT,ANM,WE,Combination Non-Radar Approach Control & Tower w/o Radar,6,10,4,5,25,0,5,81,10,96,6,15,85,15,121,88,4,92,213
08/11/2022,HLN,MT,ANM,WE,Combination Non-Radar Approach Control & Tower w/o Radar,6,6,10,3,25,0,1,41,14,56,6,7,51,17,81,28,8,36,117
08/12/2022,HLN,MT,ANM,WE,Combination Non-Radar Approach Control & Tower w/o Radar,6,9,0,3,18,0,3,53,14,70,6,12,53,17,88,52,8,60,148
08/13/2022,HLN,MT,ANM,WE,Combination Non-Radar Approach Control & Tower w/o Radar,7,8,2,0,17,5,6,51,0,62,12,14,53,0,79,16,0,16,95
08/14/2022,HLN,MT,ANM,WE,Combination Non-Radar Approach Control & Tower w/o Radar,6,0,2,0,8,4,5,37,0,46,10,5,39,0,54,34,0,34,88
08/15/2022,HLN,MT,ANM,WE,Combination Non-Radar Approach Control & Tower w/o Radar,5,6,4,0,15,6,1,56,19,82,11,7,60,19,97,58,18,76,173
08/16/2022,HLN,MT,ANM,WE,Combination Non-Radar Approach Control & Tower w/o Radar,7,2,4,0,13,2,9,66,11,88,9,11,70,11,101,46,12,58,159
08/17/2022,HLN,MT,ANM,WE,Combination Non-Radar Approach Control & Tower w/o Radar,7,8,7,6,28,5,7,86,11,109,12,15,93,17,137,66,6,72,209
08/18/2022,HLN,MT,ANM,WE,Combination Non-Radar Approach Control & Tower w/o Radar,5,8,6,5,24,2,4,70,18,94,7,12,76,23,118,94,6,100,218
08/19/2022,HLN,MT,ANM,WE,Combination Non-Radar Approach Control & Tower w/o Radar,7,15,3,5,30,0,1,74,4,79,7,16,77,9,109,92,0,92,201
08/20/2022,HLN,MT,ANM,WE,Combination Non-Radar Approach Control & Tower w/o Radar,8,6,2,2,18,0,2,39,0,41,8,8,41,2,59,38,0,38,97
08/21/2022,HLN,MT,ANM,WE,Combination Non-Radar Approach Control & Tower w/o Radar,6,5,1,1,13,2,0,44,2,48,8,5,45,3,61,78,0,78,139
08/22/2022,HLN,MT,ANM,WE,Combination Non-Radar Approach Control & Tower w/o Radar,8,3,2,1,14,4,2,55,10,71,12,5,57,11,85,54,0,54,139
08/23/2022,HLN,MT,ANM,WE,Combination Non-Radar Approach Control & Tower w/o Radar,6,6,6,1,19,9,13,97,32,151,15,19,103,33,170,82,26,108,278
08/24/2022,HLN,MT,ANM,WE,Combination Non-Radar Approach Control & Tower w/o Radar,7,7,10,0,24,0,3,48,13,64,7,10,58,13,88,122,38,160,248
08/25/2022,HLN,MT,ANM,WE,Combination Non-Radar Approach Control & Tower w/o Radar,7,3,10,0,20,0,2,45,15,62,7,5,55,15,82,26,22,48,130
08/26/2022,HLN,MT,ANM,WE,Combination Non-Radar Approach Control & Tower w/o Radar,6,7,10,2,25,0,1,58,7,66,6,8,68,9,91,56,2,58,149
08/27/2022,HLN,MT,ANM,WE,Combination Non-Radar Approach Control & Tower w/o Radar,7,5,4,0,16,0,0,31,0,31,7,5,35,0,47,32,0,32,79
08/28/2022,HLN,MT,ANM,WE,Combination Non-Radar Approach Control & Tower w/o Radar,6,1,11,0,18,5,1,33,0,39,11,2,44,0,57,18,0,18,75
08/29/2022,HLN,MT,ANM,WE,Combination Non-Radar Approach Control & Tower w/o Radar,6,6,7,0,19,0,0,72,10,82,6,6,79,10,101,30,22,52,153
08/30/2022,HLN,MT,ANM,WE,Combination Non-Radar Approach Control & Tower w/o Radar,6,6,8,2,22,0,6,56,28,90,6,12,64,30,112,88,24,112,224
08/31/2022,HLN,MT,ANM,WE,Combination Non-Radar Approach Control & Tower w/o Radar,5,9,3,2,19,10,19,76,12,117,15,28,79,14,136,60,10,70,206
09/01/2022,HLN,MT,ANM,WE,Combination Non-Radar Approach Control & Tower w/o Radar,3,1,9,0,13,5,5,39,8,57,8,6,48,8,70,32,0,32,102
09/02/2022,HLN,MT,ANM,WE,Combination Non-Radar Approach Control & Tower w/o Radar,5,6,3,0,14,11,8,74,6,99,16,14,77,6,113,56,6,62,175
09/03/2022,HLN,MT,ANM,WE,Combination Non-Radar Approach Control & Tower w/o Radar,9,4,3,1,17,2,2,38,0,42,11,6,41,1,59,20,0,20,79
09/04/2022,HLN,MT,ANM,WE,Combination Non-Radar Approach Control & Tower w/o Radar,7,1,3,1,12,3,0,23,2,28,10,1,26,3,40,20,2,22,62
09/05/2022,HLN,MT,ANM,WE,Combination Non-Radar Approach Control & Tower w/o Radar,5,3,10,0,18,13,0,22,0,35,18,3,32,0,53,8,0,8,61
09/06/2022,HLN,MT,ANM,WE,Combination Non-Radar Approach Control & Tower w/o Radar,6,4,10,1,21,5,0,41,11,57,11,4,51,12,78,98,6,104,182
09/07/2022,HLN,MT,ANM,WE,Combination Non-Radar Approach Control & Tower w/o Radar,8,8,2,4,22,1,1,32,10,44,9,9,34,14,66,72,14,86,152
09/08/2022,HLN,MT,ANM,WE,Combination Non-Radar Approach Control & Tower w/o Radar,6,6,5,0,17,2,2,42,19,65,8,8,47,19,82,18,8,26,108
09/09/2022,HLN,MT,ANM,WE,Combination Non-Radar Approach Control & Tower w/o Radar,6,6,5,0,17,1,3,60,37,101,7,9,65,37,118,70,0,70,188
09/10/2022,HLN,MT,ANM,WE,Combination Non-Radar Approach Control & Tower w/o Radar,8,2,5,0,15,0,1,63,4,68,8,3,68,4,83,72,0,72,155
09/11/2022,HLN,MT,ANM,WE,Combination Non-Radar Approach Control & Tower w/o Radar,6,8,8,0,22,14,1,39,6,60,20,9,47,6,82,36,0,36,118
09/12/2022,HLN,MT,ANM,WE,Combination Non-Radar Approach Control & Tower w/o Radar,6,3,9,2,20,0,0,30,4,34,6,3,39,6,54,8,8,16,70
09/13/2022,HLN,MT,ANM,WE,Combination Non-Radar Approach Control & Tower w/o Radar,7,6,13,0,26,0,1,29,17,47,7,7,42,17,73,40,2,42,115
09/14/2022,HLN,MT,ANM,WE,Combination Non-Radar Approach Control & Tower w/o Radar,6,10,13,0,29,0,0,39,10,49,6,10,52,10,78,50,4,54,132
09/15/2022,HLN,MT,ANM,WE,Combination Non-Radar Approach Control & Tower w/o Radar,5,9,12,1,27,0,0,49,7,56,5,9,61,8,83,56,2,58,141
09/16/2022,HLN,MT,ANM,WE,Combination Non-Radar Approach Control & Tower w/o Radar,6,11,5,0,22,0,3,28,3,34,6,14,33,3,56,26,0,26,82
09/17/2022,HLN,MT,ANM,WE,Combination Non-Radar Approach Control & Tower w/o Radar,7,7,4,0,18,0,1,42,0,43,7,8,46,0,61,48,0,48,109
09/18/2022,HLN,MT,ANM,WE,Combination Non-Radar Approach Control & Tower w/o Radar,6,2,4,0,12,0,0,33,0,33,6,2,37,0,45,46,0,46,91
09/19/2022,HLN,MT,ANM,WE,Combination Non-Radar Approach Control & Tower w/o Radar,7,9,8,0,24,0,2,57,4,63,7,11,65,4,87,118,0,118,205
09/20/2022,HLN,MT,ANM,WE,Combination Non-Radar Approach Control & Tower w/o Radar,7,6,6,0,19,0,0,11,13,24,7,6,17,13,43,44,2,46,89
09/21/2022,HLN,MT,ANM,WE,Combination Non-Radar Approach Control & Tower w/o Radar,6,5,6,0,17,0,4,47,12,63,6,9,53,12,80,42,4,46,126
09/22/2022,HLN,MT,ANM,WE,Combination Non-Radar Approach Control & Tower w/o Radar,4,8,13,0,25,0,1,17,13,31,4,9,30,13,56,34,10,44,100
09/23/2022,HLN,MT,ANM,WE,Combination Non-Radar Approach Control & Tower w/o Radar,6,7,12,3,28,0,3,36,12,51,6,10,48,15,79,50,2,52,131
09/24/2022,HLN,MT,ANM,WE,Combination Non-Radar Approach Control & Tower w/o Radar,8,5,4,0,17,0,1,35,20,56,8,6,39,20,73,42,0,42,115
09/25/2022,HLN,MT,ANM,WE,Combination Non-Radar Approach Control & Tower w/o Radar,6,1,3,0,10,0,0,62,0,62,6,1,65,0,72,60,0,60,132
09/26/2022,HLN,MT,ANM,WE,Combination Non-Radar Approach Control & Tower w/o Radar,7,3,1,0,11,0,3,61,22,86,7,6,62,22,97,100,4,104,201
09/27/2022,HLN,MT,ANM,WE,Combination Non-Radar Approach Control & Tower w/o Radar,6,4,2,1,13,0,2,63,20,85,6,6,65,21,98,126,36,162,260
09/28/2022,HLN,MT,ANM,WE,Combination Non-Radar Approach Control & Tower w/o Radar,7,9,8,3,27,0,0,74,16,90,7,9,82,19,117,52,12,64,181
09/29/2022,HLN,MT,ANM,WE,Combination Non-Radar Approach Control & Tower w/o Radar,6,7,9,2,24,0,1,36,8,45,6,8,45,10,69,34,16,50,119
09/30/2022,HLN,MT,ANM,WE,Combination Non-Radar Approach Control & Tower w/o Radar,5,7,8,0,20,0,2,10,6,18,5,9,18,6,38,62,2,64,102
10/01/2022,HLN,MT,ANM,WE,Combination Non-Radar Approach Control & Tower w/o Radar,7,5,4,0,16,0,0,1,0,1,7,5,5,0,17,0,0,0,17
10/02/2022,HLN,MT,ANM,WE,Combination Non-Radar Approach Control & Tower w/o Radar,6,5,1,0,12,0,3,18,0,21,6,8,19,0,33,22,0,22,55
10/03/2022,HLN,MT,ANM,WE,Combination Non-Radar Approach Control & Tower w/o Radar,6,6,7,4,23,0,1,37,10,48,6,7,44,14,71,70,4,74,145
10/04/2022,HLN,MT,ANM,WE,Combination Non-Radar Approach Control & Tower w/o Radar,6,8,8,0,22,0,1,24,7,32,6,9,32,7,54,82,2,84,138
10/05/2022,HLN,MT,ANM,WE,Combination Non-Radar Approach Control & Tower w/o Radar,5,5,9,0,19,0,2,65,0,67,5,7,74,0,86,106,0,106,192
10/06/2022,HLN,MT,ANM,WE,Combination Non-Radar Approach Control & Tower w/o Radar,5,4,0,0,9,0,0,45,12,57,5,4,45,12,66,76,0,76,142
10/07/2022,HLN,MT,ANM,WE,Combination Non-Radar Approach Control & Tower w/o Radar,4,6,2,0,12,0,1,46,16,63,4,7,48,16,75,132,8,140,215
10/08/2022,HLN,MT,ANM,WE,Combination Non-Radar Approach Control & Tower w/o Radar,7,4,8,0,19,0,0,22,0,22,7,4,30,0,41,4,0,4,45
10/09/2022,HLN,MT,ANM,WE,Combination Non-Radar Approach Control & Tower w/o Radar,5,4,1,0,10,0,0,32,2,34,5,4,33,2,44,84,4,88,132
10/10/2022,HLN,MT,ANM,WE,Combination Non-Radar Approach Control & Tower w/o Radar,7,3,4,0,14,0,2,24,0,26,7,5,28,0,40,44,0,44,84
10/11/2022,HLN,MT,ANM,WE,Combination Non-Radar Approach Control & Tower w/o Radar,5,3,4,1,13,0,1,36,10,47,5,4,40,11,60,36,0,36,96
10/12/2022,HLN,MT,ANM,WE,Combination Non-Radar Approach Control & Tower w/o Radar,6,6,15,1,28,0,3,37,16,56,6,9,52,17,84,32,2,34,118
10/13/2022,HLN,MT,ANM,WE,Combination Non-Radar Approach Control & Tower w/o Radar,7,3,3,0,13,0,0,58,15,73,7,3,61,15,86,72,10,82,168
10/14/2022,HLN,MT,ANM,WE,Combination Non-Radar Approach Control & Tower w/o Radar,4,9,5,1,19,0,1,56,24,81,4,10,61,25,100,80,24,104,204
10/15/2022,HLN,MT,ANM,WE,Combination Non-Radar Approach Control & Tower w/o Radar,7,10,6,0,23,0,4,45,25,74,7,14,51,25,97,116,22,138,235
10/16/2022,HLN,MT,ANM,WE,Combination Non-Radar Approach Control & Tower w/o Radar,6,0,1,0,7,0,0,41,0,41,6,0,42,0,48,32,0,32,80
10/17/2022,HLN,MT,ANM,WE,Combination Non-Radar Approach Control & Tower w/o Radar,6,4,3,0,13,0,0,62,23,85,6,4,65,23,98,46,34,80,178
10/18/2022,HLN,MT,ANM,WE,Combination Non-Radar Approach Control & Tower w/o Radar,6,6,3,3,18,0,4,79,15,98,6,10,82,18,116,72,12,84,200
10/19/2022,HLN,MT,ANM,WE,Combination Non-Radar Approach Control & Tower w/o Radar,7,3,1,0,11,0,11,93,13,117,7,14,94,13,128,160,8,168,296
10/20/2022,HLN,MT,ANM,WE,Combination Non-Radar Approach Control & Tower w/o Radar,5,5,8,0,18,0,3,54,13,70,5,8,62,13,88,62,0,62,150
10/21/2022,HLN,MT,ANM,WE,Combination Non-Radar Approach Control & Tower w/o Radar,5,9,2,2,18,0,1,32,12,45,5,10,34,14,63,38,16,54,117
10/22/2022,HLN,MT,ANM,WE,Combination Non-Radar Approach Control & Tower w/o Radar,9,6,1,0,16,0,0,0,0,0,9,6,1,0,16,26,0,26,42
10/23/2022,HLN,MT,ANM,WE,Combination Non-Radar Approach Control & Tower w/o Radar,6,0,2,0,8,0,0,0,0,0,6,0,2,0,8,0,0,0,8
10/24/2022,HLN,MT,ANM,WE,Combination Non-Radar Approach Control & Tower w/o Radar,6,5,2,0,13,0,2,26,10,38,6,7,28,10,51,8,4,12,63
10/25/2022,HLN,MT,ANM,WE,Combination Non-Radar Approach Control & Tower w/o Radar,6,3,8,0,17,0,1,14,14,29,6,4,22,14,46,4,8,12,58
10/26/2022,HLN,MT,ANM,WE,Combination Non-Radar Approach Control & Tower w/o Radar,6,4,11,0,21,0,6,34,7,47,6,10,45,7,68,56,0,56,124
10/27/2022,HLN,MT,ANM,WE,Combination Non-Radar Approach Control & Tower w/o Radar,7,3,2,0,12,0,6,25,4,35,7,9,27,4,47,54,4,58,105
10/28/2022,HLN,MT,ANM,WE,Combination Non-Radar Approach Control & Tower w/o Radar,5,7,9,0,21,0,2,39,5,46,5,9,48,5,67,98,0,98,165
10/29/2022,HLN,MT,ANM,WE,Combination Non-Radar Approach Control & Tower w/o Radar,8,3,0,0,11,0,0,27,4,31,8,3,27,4,42,30,0,30,72
10/30/2022,HLN,MT,ANM,WE,Combination Non-Radar Approach Control & Tower w/o Radar,7,4,3,0,14,0,0,16,0,16,7,4,19,0,30,10,0,10,40
10/31/2022,HLN,MT,ANM,WE,Combination Non-Radar Approach Control & Tower w/o Radar,7,3,4,0,14,0,5,12,16,33,7,8,16,16,47,2,8,10,57
11/01/2022,HLN,MT,ANM,WE,Combination Non-Radar Approach Control & Tower w/o Radar,7,5,4,1,17,0,2,21,19,42,7,7,25,20,59,68,6,74,133
11/02/2022,HLN,MT,ANM,WE,Combination Non-Radar Approach Control & Tower w/o Radar,7,4,10,2,23,0,0,13,0,13,7,4,23,2,36,4,0,4,40
11/03/2022,HLN,MT,ANM,WE,Combination Non-Radar Approach Control & Tower w/o Radar,5,4,8,2,19,0,0,31,7,38,5,4,39,9,57,68,2,70,127
11/04/2022,HLN,MT,ANM,WE,Combination Non-Radar Approach Control & Tower w/o Radar,8,8,4,0,20,0,0,15,9,24,8,8,19,9,44,50,4,54,98
11/05/2022,HLN,MT,ANM,WE,Combination Non-Radar Approach Control & Tower w/o Radar,6,5,2,0,13,0,2,0,0,2,6,7,2,0,15,0,0,0,15
11/06/2022,HLN,MT,ANM,WE,Combination Non-Radar Approach Control & Tower w/o Radar,8,1,6,0,15,0,3,11,0,14,8,4,17,0,29,46,0,46,75
11/07/2022,HLN,MT,ANM,WE,Combination Non-Radar Approach Control & Tower w/o Radar,7,5,5,0,17,0,0,2,9,11,7,5,7,9,28,0,32,32,60
11/08/2022,HLN,MT,ANM,WE,Combination Non-Radar Approach Control & Tower w/o Radar,8,4,6,0,18,0,0,5,19,24,8,4,11,19,42,8,38,46,88
11/09/2022,HLN,MT,ANM,WE,Combination Non-Radar Approach Control & Tower w/o Radar,7,5,6,2,20,0,0,0,0,0,7,5,6,2,20,0,0,0,20
11/10/2022,HLN,MT,ANM,WE,Combination Non-Radar Approach Control & Tower w/o Radar,7,2,7,3,19,0,0,10,22,32,7,2,17,25,51,14,8,22,73
11/11/2022,HLN,MT,ANM,WE,Combination Non-Radar Approach Control & Tower w/o Radar,6,24,7,0,37,0,7,25,0,32,6,31,32,0,69,10,2,12,81
11/12/2022,HLN,MT,ANM,WE,Combination Non-Radar Approach Control & Tower w/o Radar,8,8,5,0,21,0,2,21,0,23,8,10,26,0,44,24,0,24,68
11/13/2022,HLN,MT,ANM,WE,Combination Non-Radar Approach Control & Tower w/o Radar,7,1,3,0,11,0,0,9,0,9,7,1,12,0,20,18,0,18,38
11/14/2022,HLN,MT,ANM,WE,Combination Non-Radar Approach Control & Tower w/o Radar,6,5,2,7,20,0,0,6,2,8,6,5,8,9,28,16,50,66,94
11/15/2022,HLN,MT,ANM,WE,Combination Non-Radar Approach Control & Tower w/o Radar,6,13,4,0,23,0,0,28,21,49,6,13,32,21,72,4,4,8,80
11/16/2022,HLN,MT,ANM,WE,Combination Non-Radar Approach Control & Tower w/o Radar,7,9,8,1,25,0,4,36,12,52,7,13,44,13,77,46,6,52,129
11/17/2022,HLN,MT,ANM,WE,Combination Non-Radar Approach Control & Tower w/o Radar,6,5,5,14,30,0,0,22,18,40,6,5,27,32,70,34,18,52,122
11/18/2022,HLN,MT,ANM,WE,Combination Non-Radar Approach Control & Tower w/o Radar,9,9,2,27,47,0,2,31,11,44,9,11,33,38,91,18,2,20,111
11/19/2022,HLN,MT,ANM,WE,Combination Non-Radar Approach Control & Tower w/o Radar,10,4,6,2,22,0,0,14,3,17,10,4,20,5,39,28,0,28,67
11/20/2022,HLN,MT,ANM,WE,Combination Non-Radar Approach Control & Tower w/o Radar,9,3,4,0,16,0,1,11,0,12,9,4,15,0,28,30,0,30,58
11/21/2022,HLN,MT,ANM,WE,Combination Non-Radar Approach Control & Tower w/o Radar,6,5,4,3,18,0,7,10,9,26,6,12,14,12,44,38,6,44,88
11/22/2022,HLN,MT,ANM,WE,Combination Non-Radar Approach Control & Tower w/o Radar,7,6,7,7,27,0,4,33,11,48,7,10,40,18,75,76,10,86,161
11/23/2022,HLN,MT,ANM,WE,Combination Non-Radar Approach Control & Tower w/o Radar,7,5,6,0,18,0,1,18,12,31,7,6,24,12,49,10,22,32,81
11/24/2022,HLN,MT,ANM,WE,Combination Non-Radar Approach Control & Tower w/o Radar,4,0,0,0,4,0,0,19,0,19,4,0,19,0,23,24,0,24,47
11/25/2022,HLN,MT,ANM,WE,Combination Non-Radar Approach Control & Tower w/o Radar,6,7,4,0,17,0,2,40,0,42,6,9,44,0,59,58,0,58,117
11/26/2022,HLN,MT,ANM,WE,Combination Non-Radar Approach Control & Tower w/o Radar,6,6,0,0,12,0,0,18,0,18,6,6,18,0,30,56,0,56,86
11/27/2022,HLN,MT,ANM,WE,Combination Non-Radar Approach Control & Tower w/o Radar,7,1,7,0,15,0,0,3,0,3,7,1,10,0,18,0,0,0,18
11/28/2022,HLN,MT,ANM,WE,Combination Non-Radar Approach Control & Tower w/o Radar,6,3,4,3,16,0,0,6,11,17,6,3,10,14,33,10,8,18,51
11/29/2022,HLN,MT,ANM,WE,Combination Non-Radar Approach Control & Tower w/o Radar,6,10,7,2,25,0,2,17,23,42,6,12,24,25,67,26,16,42,109
11/30/2022,HLN,MT,ANM,WE,Combination Non-Radar Approach Control & Tower w/o Radar,9,6,4,0,19,0,6,30,26,62,9,12,34,26,81,80,12,92,173
12/01/2022,HLN,MT,ANM,WE,Combination Non-Radar Approach Control & Tower w/o Radar,5,3,6,0,14,0,0,13,7,20,5,3,19,7,34,24,2,26,60
12/02/2022,HLN,MT,ANM,WE,Combination Non-Radar Approach Control & Tower w/o Radar,5,4,10,0,19,0,0,20,16,36,5,4,30,16,55,52,4,56,111
12/03/2022,HLN,MT,ANM,WE,Combination Non-Radar Approach Control & Tower w/o Radar,8,4,0,0,12,0,3,26,0,29,8,7,26,0,41,90,0,90,131
12/04/2022,HLN,MT,ANM,WE,Combination Non-Radar Approach Control & Tower w/o Radar,7,1,3,1,12,0,0,17,0,17,7,1,20,1,29,32,0,32,61
12/05/2022,HLN,MT,ANM,WE,Combination Non-Radar Approach Control & Tower w/o Radar,6,4,7,1,18,0,0,14,20,34,6,4,21,21,52,12,26,38,90
12/06/2022,HLN,MT,ANM,WE,Combination Non-Radar Approach Control & Tower w/o Radar,7,6,4,1,18,0,0,15,15,30,7,6,19,16,48,40,24,64,112
12/07/2022,HLN,MT,ANM,WE,Combination Non-Radar Approach Control & Tower w/o Radar,6,13,10,1,30,0,4,28,4,36,6,17,38,5,66,86,2,88,154
12/08/2022,HLN,MT,ANM,WE,Combination Non-Radar Approach Control & Tower w/o Radar,6,6,8,1,21,6,21,49,23,99,12,27,57,24,120,108,28,136,256
12/09/2022,HLN,MT,ANM,WE,Combination Non-Radar Approach Control & Tower w/o Radar,6,5,6,0,17,0,3,27,5,35,6,8,33,5,52,76,2,78,130
12/10/2022,HLN,MT,ANM,WE,Combination Non-Radar Approach Control & Tower w/o Radar,8,3,2,0,13,0,8,18,0,26,8,11,20,0,39,88,0,88,127
12/11/2022,HLN,MT,ANM,WE,Combination Non-Radar Approach Control & Tower w/o Radar,6,1,2,0,9,0,0,14,0,14,6,1,16,0,23,50,0,50,73
12/12/2022,HLN,MT,ANM,WE,Combination Non-Radar Approach Control & Tower w/o Radar,7,4,5,0,16,0,0,1,6,7,7,4,6,6,23,0,2,2,25
12/13/2022,HLN,MT,ANM,WE,Combination Non-Radar Approach Control & Tower w/o Radar,7,5,7,0,19,0,0,12,20,32,7,5,19,20,51,30,40,70,121
12/14/2022,HLN,MT,ANM,WE,Combination Non-Radar Approach Control & Tower w/o Radar,5,10,6,2,23,0,0,2,6,8,5,10,8,8,31,0,22,22,53
12/15/2022,HLN,MT,ANM,WE,Combination Non-Radar Approach Control & Tower w/o Radar,6,6,10,0,22,0,0,9,8,17,6,6,19,8,39,0,4,4,43
12/16/2022,HLN,MT,ANM,WE,Combination Non-Radar Approach Control & Tower w/o Radar,4,9,5,28,46,0,2,16,16,34,4,11,21,44,80,34,8,42,122
12/17/2022,HLN,MT,ANM,WE,Combination Non-Radar Approach Control & Tower w/o Radar,5,5,1,1,12,0,0,23,2,25,5,5,24,3,37,50,0,50,87
12/18/2022,HLN,MT,ANM,WE,Combination Non-Radar Approach Control & Tower w/o Radar,5,3,2,0,10,0,0,5,0,5,5,3,7,0,15,6,0,6,21
12/19/2022,HLN,MT,ANM,WE,Combination Non-Radar Approach Control & Tower w/o Radar,6,1,4,2,13,0,4,2,4,10,6,5,6,6,23,0,0,0,23
12/20/2022,HLN,MT,ANM,WE,Combination Non-Radar Approach Control & Tower w/o Radar,6,10,12,2,30,0,1,3,7,11,6,11,15,9,41,0,0,0,41
12/21/2022,HLN,MT,ANM,WE,Combination Non-Radar Approach Control & Tower w/o Radar,6,10,6,0,22,0,1,0,8,9,6,11,6,8,31,0,0,0,31
12/22/2022,HLN,MT,ANM,WE,Combination Non-Radar Approach Control & Tower w/o Radar,7,7,1,0,15,0,1,4,0,5,7,8,5,0,20,0,0,0,20
12/23/2022,HLN,MT,ANM,WE,Combination Non-Radar Approach Control & Tower w/o Radar,5,15,2,0,22,0,0,1,4,5,5,15,3,4,27,2,4,6,33
12/24/2022,HLN,MT,ANM,WE,Combination Non-Radar Approach Control & Tower w/o Radar,4,3,4,0,11,0,1,3,0,4,4,4,7,0,15,0,0,0,15
12/25/2022,HLN,MT,ANM,WE,Combination Non-Radar Approach Control & Tower w/o Radar,8,3,3,0,14,0,0,2,0,2,8,3,5,0,16,0,0,0,16
12/26/2022,HLN,MT,ANM,WE,Combination Non-Radar Approach Control & Tower w/o Radar,4,3,6,0,13,0,0,22,0,22,4,3,28,0,35,6,0,6,41
12/27/2022,HLN,MT,ANM,WE,Combination Non-Radar Approach Control & Tower w/o Radar,6,4,4,0,14,0,0,21,5,26,6,4,25,5,40,6,0,6,46
12/28/2022,HLN,MT,ANM,WE,Combination Non-Radar Approach Control & Tower w/o Radar,6,7,6,1,20,0,0,6,16,22,6,7,12,17,42,50,2,52,94
12/29/2022,HLN,MT,ANM,WE,Combination Non-Radar Approach Control & Tower w/o Radar,5,4,6,1,16,0,1,34,22,57,5,5,40,23,73,56,20,76,149
12/30/2022,HLN,MT,ANM,WE,Combination Non-Radar Approach Control & Tower w/o Radar,5,5,3,0,13,0,1,26,10,37,5,6,29,10,50,60,0,60,110
12/31/2022,HLN,MT,ANM,WE,Combination Non-Radar Approach Control & Tower w/o Radar,4,4,1,0,9,0,0,11,0,11,4,4,12,0,20,54,0,54,74
01/01/2023,HLN,MT,ANM,WE,Combination Non-Radar Approach Control & Tower w/o Radar,4,1,2,0,7,0,0,23,0,23,4,1,25,0,30,20,0,20,50
01/02/2023,HLN,MT,ANM,WE,Combination Non-Radar Approach Control & Tower w/o Radar,5,4,5,0,14,0,0,61,1,62,5,4,66,1,76,76,0,76,152
01/03/2023,HLN,MT,ANM,WE,Combination Non-Radar Approach Control & Tower w/o Radar,6,2,7,1,16,0,0,22,15,37,6,2,29,16,53,26,18,44,97
01/04/2023,HLN,MT,ANM,WE,Combination Non-Radar Approach Control & Tower w/o Radar,7,8,5,2,22,0,5,34,0,39,7,13,39,2,61,60,0,60,121
01/05/2023,HLN,MT,ANM,WE,Combination Non-Radar Approach Control & Tower w/o Radar,7,6,3,0,16,0,0,34,14,48,7,6,37,14,64,70,0,70,134
01/06/2023,HLN,MT,ANM,WE,Combination Non-Radar Approach Control & Tower w/o Radar,5,4,0,0,9,0,0,0,0,0,5,4,0,0,9,0,0,0,9
01/07/2023,HLN,MT,ANM,WE,Combination Non-Radar Approach Control & Tower w/o Radar,4,1,2,0,7,0,1,13,0,14,4,2,15,0,21,12,0,12,33
01/08/2023,HLN,MT,ANM,WE,Combination Non-Radar Approach Control & Tower w/o Radar,6,3,0,0,9,0,0,18,21,39,6,3,18,21,48,58,8,66,114
01/09/2023,HLN,MT,ANM,WE,Combination Non-Radar Approach Control & Tower w/o Radar,6,3,3,2,14,0,0,35,15,50,6,3,38,17,64,110,30,140,204
01/10/2023,HLN,MT,ANM,WE,Combination Non-Radar Approach Control & Tower w/o Radar,7,6,15,0,28,0,2,38,17,57,7,8,53,17,85,70,16,86,171
01/11/2023,HLN,MT,ANM,WE,Combination Non-Radar Approach Control & Tower w/o Radar,7,9,8,0,24,0,2,47,21,70,7,11,55,21,94,52,18,70,164
01/12/2023,HLN,MT,ANM,WE,Combination Non-Radar Approach Control & Tower w/o Radar,7,6,4,0,17,0,5,26,23,54,7,11,30,23,71,28,28,56,127
01/13/2023,HLN,MT,ANM,WE,Combination Non-Radar Approach Control & Tower w/o Radar,6,9,2,0,17,0,4,20,10,34,6,13,22,10,51,50,0,50,101
01/14/2023,HLN,MT,ANM,WE,Combination Non-Radar Approach Control & Tower w/o Radar,8,3,2,0,13,0,6,26,0,32,8,9,28,0,45,80,0,80,125
01/15/2023,HLN,MT,ANM,WE,Combination Non-Radar Approach Control & Tower w/o Radar,8,4,3,0,15,0,0,21,2,23,8,4,24,2,38,72,0,72,110
01/16/2023,HLN,MT,ANM,WE,Combination Non-Radar Approach Control & Tower w/o Radar,6,4,6,0,16,0,0,0,0,0,6,4,6,0,16,0,0,0,16
01/17/2023,HLN,MT,ANM,WE,Combination Non-Radar Approach Control & Tower w/o Radar,4,6,10,0,20,0,2,14,7,23,4,8,24,7,43,30,0,30,73
01/18/2023,HLN,MT,ANM,WE,Combination Non-Radar Approach Control & Tower w/o Radar,5,6,12,3,26,0,5,42,7,54,5,11,54,10,80,83,26,109,189
01/19/2023,HLN,MT,ANM,WE,Combination Non-Radar Approach Control & Tower w/o Radar,6,4,10,2,22,0,2,11,7,20,6,6,21,9,42,20,0,20,62
01/20/2023,HLN,MT,ANM,WE,Combination Non-Radar Approach Control & Tower w/o Radar,6,7,4,2,19,0,5,39,9,53,6,12,43,11,72,96,2,98,170
01/21/2023,HLN,MT,ANM,WE,Combination Non-Radar Approach Control & Tower w/o Radar,8,4,4,0,16,0,3,40,7,50,8,7,44,7,66,112,0,112,178
01/22/2023,HLN,MT,ANM,WE,Combination Non-Radar Approach Control & Tower w/o Radar,6,3,3,0,12,0,0,3,0,3,6,3,6,0,15,0,0,0,15
01/23/2023,HLN,MT,ANM,WE,Combination Non-Radar Approach Control & Tower w/o Radar,7,3,6,3,19,0,3,13,18,34,7,6,19,21,53,30,14,44,97
01/24/2023,HLN,MT,ANM,WE,Combination Non-Radar Approach Control & Tower w/o Radar,6,9,3,2,20,0,0,12,12,24,6,9,15,14,44,60,46,106,150
01/25/2023,HLN,MT,ANM,WE,Combination Non-Radar Approach Control & Tower w/o Radar,7,7,8,0,22,0,0,29,13,42,7,7,37,13,64,92,50,142,206
01/26/2023,HLN,MT,ANM,WE,Combination Non-Radar Approach Control & Tower w/o Radar,7,4,14,0,25,0,0,7,9,16,7,4,21,9,41,18,14,32,73
01/27/2023,HLN,MT,ANM,WE,Combination Non-Radar Approach Control & Tower w/o Radar,9,8,8,0,25,0,0,0,0,0,9,8,8,0,25,0,0,0,25
01/28/2023,HLN,MT,ANM,WE,Combination Non-Radar Approach Control & Tower w/o Radar,7,3,0,0,10,0,0,0,0,0,7,3,0,0,10,0,0,0,10
01/29/2023,HLN,MT,ANM,WE,Combination Non-Radar Approach Control & Tower w/o Radar,5,0,3,0,8,0,2,3,0,5,5,2,6,0,13,0,0,0,13
01/30/2023,HLN,MT,ANM,WE,Combination Non-Radar Approach Control & Tower w/o Radar,6,8,5,6,25,0,0,17,10,27,6,8,22,16,52,28,16,44,96
01/31/2023,HLN,MT,ANM,WE,Combination Non-Radar Approach Control & Tower w/o Radar,5,6,6,2,19,0,0,16,19,35,5,6,22,21,54,74,16,90,144
02/01/2023,HLN,MT,ANM,WE,Combination Non-Radar Approach Control & Tower w/o Radar,9,9,8,0,26,0,3,33,7,43,9,12,41,7,69,64,2,66,135
02/02/2023,HLN,MT,ANM,WE,Combination Non-Radar Approach Control & Tower w/o Radar,6,3,5,2,16,0,1,24,14,39,6,4,29,16,55,112,0,112,167
02/03/2023,HLN,MT,ANM,WE,Combination Non-Radar Approach Control & Tower w/o Radar,6,7,9,0,22,0,10,29,21,60,6,17,38,21,82,38,14,52,134
02/04/2023,HLN,MT,ANM,WE,Combination Non-Radar Approach Control & Tower w/o Radar,8,6,0,0,14,0,2,25,18,45,8,8,25,18,59,54,0,54,113
02/05/2023,HLN,MT,ANM,WE,Combination Non-Radar Approach Control & Tower w/o Radar,6,2,3,0,11,0,0,18,15,33,6,2,21,15,44,54,2,56,100
02/06/2023,HLN,MT,ANM,WE,Combination Non-Radar Approach Control & Tower w/o Radar,6,4,3,0,13,1,0,18,11,30,7,4,21,11,43,16,4,20,63
02/07/2023,HLN,MT,ANM,WE,Combination Non-Radar Approach Control & Tower w/o Radar,6,10,6,0,22,0,2,34,14,50,6,12,40,14,72,78,0,78,150
02/08/2023,HLN,MT,ANM,WE,Combination Non-Radar Approach Control & Tower w/o Radar,7,4,7,3,21,0,0,8,8,16,7,4,15,11,37,0,20,20,57
02/09/2023,HLN,MT,ANM,WE,Combination Non-Radar Approach Control & Tower w/o Radar,6,6,3,4,19,0,2,52,7,61,6,8,55,11,80,222,0,222,302
02/10/2023,HLN,MT,ANM,WE,Combination Non-Radar Approach Control & Tower w/o Radar,8,4,6,0,18,0,2,44,8,54,8,6,50,8,72,120,34,154,226
02/11/2023,HLN,MT,ANM,WE,Combination Non-Radar Approach Control & Tower w/o Radar,8,2,4,0,14,0,3,52,0,55,8,5,56,0,69,84,0,84,153
02/12/2023,HLN,MT,ANM,WE,Combination Non-Radar Approach Control & Tower w/o Radar,7,0,4,0,11,0,0,21,0,21,7,0,25,0,32,58,0,58,90
02/13/2023,HLN,MT,ANM,WE,Combination Non-Radar Approach Control & Tower w/o Radar,6,5,2,6,19,0,5,17,15,37,6,10,19,21,56,60,50,110,166
02/14/2023,HLN,MT,ANM,WE,Combination Non-Radar Approach Control & Tower w/o Radar,5,2,3,0,10,0,15,5,4,24,5,17,8,4,34,0,0,0,34
02/15/2023,HLN,MT,ANM,WE,Combination Non-Radar Approach Control & Tower w/o Radar,7,10,3,1,21,0,14,47,19,80,7,24,50,20,101,108,6,114,215
02/16/2023,HLN,MT,ANM,WE,Combination Non-Radar Approach Control & Tower w/o Radar,6,6,1,1,14,0,6,39,21,66,6,12,40,22,80,186,14,200,280
02/17/2023,HLN,MT,ANM,WE,Combination Non-Radar Approach Control & Tower w/o Radar,7,6,2,1,16,0,0,33,13,46,7,6,35,14,62,104,0,104,166
02/18/2023,HLN,MT,ANM,WE,Combination Non-Radar Approach Control & Tower w/o Radar,8,3,1,0,12,0,0,14,0,14,8,3,15,0,26,114,0,114,140
02/19/2023,HLN,MT,ANM,WE,Combination Non-Radar Approach Control & Tower w/o Radar,6,1,2,0,9,0,0,0,0,0,6,1,2,0,9,0,0,0,9
02/20/2023,HLN,MT,ANM,WE,Combination Non-Radar Approach Control & Tower w/o Radar,6,2,5,0,13,0,0,3,0,3,6,2,8,0,16,12,0,12,28
02/21/2023,HLN,MT,ANM,WE,Combination Non-Radar Approach Control & Tower w/o Radar,6,8,4,0,18,0,0,0,0,0,6,8,4,0,18,0,0,0,18
02/22/2023,HLN,MT,ANM,WE,Combination Non-Radar Approach Control & Tower w/o Radar,7,6,16,0,29,0,1,0,0,1,7,7,16,0,30,0,0,0,30
02/23/2023,HLN,MT,ANM,WE,Combination Non-Radar Approach Control & Tower w/o Radar,7,6,9,1,23,0,0,5,5,10,7,6,14,6,33,10,24,34,67
02/24/2023,HLN,MT,ANM,WE,Combination Non-Radar Approach Control & Tower w/o Radar,7,7,8,2,24,0,14,18,5,37,7,21,26,7,61,32,0,32,93
02/25/2023,HLN,MT,ANM,WE,Combination Non-Radar Approach Control & Tower w/o Radar,8,4,0,0,12,0,0,41,1,42,8,4,41,1,54,122,0,122,176
02/26/2023,HLN,MT,ANM,WE,Combination Non-Radar Approach Control & Tower w/o Radar,6,1,1,0,8,0,2,19,0,21,6,3,20,0,29,52,0,52,81
02/27/2023,HLN,MT,ANM,WE,Combination Non-Radar Approach Control & Tower w/o Radar,6,3,9,0,18,0,0,45,10,55,6,3,54,10,73,72,16,88,161
02/28/2023,HLN,MT,ANM,WE,Combination Non-Radar Approach Control & Tower w/o Radar,7,4,3,0,14,0,0,21,19,40,7,4,24,19,54,56,10,66,120
03/01/2023,HLN,MT,ANM,WE,Combination Non-Radar Approach Control & Tower w/o Radar,7,8,5,0,20,0,0,37,5,42,7,8,42,5,62,126,0,126,188
03/02/2023,HLN,MT,ANM,WE,Combination Non-Radar Approach Control & Tower w/o Radar,6,9,3,0,18,0,0,30,21,51,6,9,33,21,69,98,6,104,173
03/03/2023,HLN,MT,ANM,WE,Combination Non-Radar Approach Control & Tower w/o Radar,7,6,6,0,19,0,0,13,8,21,7,6,19,8,40,10,0,10,50
03/04/2023,HLN,MT,ANM,WE,Combination Non-Radar Approach Control & Tower w/o Radar,8,5,0,0,13,0,8,34,30,72,8,13,34,30,85,56,0,56,141
03/05/2023,HLN,MT,ANM,WE,Combination Non-Radar Approach Control & Tower w/o Radar,6,1,1,0,8,0,0,0,0,0,6,1,1,0,8,0,0,0,8
03/06/2023,HLN,MT,ANM,WE,Combination Non-Radar Approach Control & Tower w/o Radar,6,7,2,0,15,0,0,6,7,13,6,7,8,7,28,6,0,6,34
03/07/2023,HLN,MT,ANM,WE,Combination Non-Radar Approach Control & Tower w/o Radar,6,7,6,11,30,0,2,39,12,53,6,9,45,23,83,82,18,100,183
03/08/2023,HLN,MT,ANM,WE,Combination Non-Radar Approach Control & Tower w/o Radar,7,7,8,0,22,0,0,14,10,24,7,7,22,10,46,86,22,108,154
03/09/2023,HLN,MT,ANM,WE,Combination Non-Radar Approach Control & Tower w/o Radar,6,6,8,0,20,0,13,53,15,81,6,19,61,15,101,108,0,108,209
03/10/2023,HLN,MT,ANM,WE,Combination Non-Radar Approach Control & Tower w/o Radar,6,3,2,2,13,0,0,1,0,1,6,3,3,2,14,0,0,0,14
03/11/2023,HLN,MT,ANM,WE,Combination Non-Radar Approach Control & Tower w/o Radar,8,4,1,0,13,0,0,1,1,2,8,4,2,1,15,2,0,2,17
03/12/2023,HLN,MT,ANM,WE,Combination Non-Radar Approach Control & Tower w/o Radar,6,5,3,1,15,0,2,29,3,34,6,7,32,4,49,46,0,46,95
03/13/2023,HLN,MT,ANM,WE,Combination Non-Radar Approach Control & Tower w/o Radar,6,2,4,9,21,0,4,38,22,64,6,6,42,31,85,22,32,54,139
03/14/2023,HLN,MT,ANM,WE,Combination Non-Radar Approach Control & Tower w/o Radar,6,7,10,4,27,0,2,24,19,45,6,9,34,23,72,110,12,122,194
03/15/2023,HLN,MT,ANM,WE,Combination Non-Radar Approach Control & Tower w/o Radar,7,6,2,1,16,0,0,3,5,8,7,6,5,6,24,0,0,0,24
03/16/2023,HLN,MT,ANM,WE,Combination Non-Radar Approach Control & Tower w/o Radar,6,5,9,1,21,0,1,42,12,55,6,6,51,13,76,76,2,78,154
03/17/2023,HLN,MT,ANM,WE,Combination Non-Radar Approach Control & Tower w/o Radar,6,7,6,1,20,0,4,73,7,84,6,11,79,8,104,144,0,144,248
03/18/2023,HLN,MT,ANM,WE,Combination Non-Radar Approach Control & Tower w/o Radar,7,6,1,0,14,0,4,49,0,53,7,10,50,0,67,54,0,54,121
03/19/2023,HLN,MT,ANM,WE,Combination Non-Radar Approach Control & Tower w/o Radar,6,3,2,0,11,0,0,47,0,47,6,3,49,0,58,98,0,98,156
03/20/2023,HLN,MT,ANM,WE,Combination Non-Radar Approach Control & Tower w/o Radar,6,5,9,1,21,0,0,16,2,18,6,5,25,3,39,64,0,64,103
03/21/2023,HLN,MT,ANM,WE,Combination Non-Radar Approach Control & Tower w/o Radar,7,6,8,0,21,0,0,27,19,46,7,6,35,19,67,18,28,46,113
03/22/2023,HLN,MT,ANM,WE,Combination Non-Radar Approach Control & Tower w/o Radar,7,4,6,1,18,0,9,63,25,97,7,13,69,26,115,158,28,186,301
03/23/2023,HLN,MT,ANM,WE,Combination Non-Radar Approach Control & Tower w/o Radar,7,3,4,1,15,0,3,45,23,71,7,6,49,24,86,200,14,214,300
03/24/2023,HLN,MT,ANM,WE,Combination Non-Radar Approach Control & Tower w/o Radar,6,4,5,0,15,0,5,33,11,49,6,9,38,11,64,72,16,88,152
03/25/2023,HLN,MT,ANM,WE,Combination Non-Radar Approach Control & Tower w/o Radar,8,16,7,1,32,4,5,2,4,15,12,21,9,5,47,38,0,38,85
03/26/2023,HLN,MT,ANM,WE,Combination Non-Radar Approach Control & Tower w/o Radar,0,0,0,0,0,7,2,2,1,12,7,2,2,1,12,0,0,0,12
03/27/2023,HLN,MT,ANM,WE,Combination Non-Radar Approach Control & Tower w/o Radar,6,9,5,0,20,0,6,23,3,32,6,15,28,3,52,52,0,52,104
03/28/2023,HLN,MT,ANM,WE,Combination Non-Radar Approach Control & Tower w/o Radar,6,5,9,0,20,0,0,49,6,55,6,5,58,6,75,122,0,122,197
03/29/2023,HLN,MT,ANM,WE,Combination Non-Radar Approach Control & Tower w/o Radar,6,9,10,4,29,0,2,28,5,35,6,11,38,9,64,84,8,92,156
03/30/2023,HLN,MT,ANM,WE,Combination Non-Radar Approach Control & Tower w/o Radar,7,3,2,0,12,0,0,3,0,3,7,3,5,0,15,6,0,6,21
03/31/2023,HLN,MT,ANM,WE,Combination Non-Radar Approach Control & Tower w/o Radar,7,10,10,1,28,0,4,40,23,67,7,14,50,24,95,102,7,109,204
04/01/2023,HLN,MT,ANM,WE,Combination Non-Radar Approach Control & Tower w/o Radar,10,4,2,0,16,0,1,19,7,27,10,5,21,7,43,34,14,48,91
04/02/2023,HLN,MT,ANM,WE,Combination Non-Radar Approach Control & Tower w/o Radar,6,2,6,0,14,0,1,0,0,1,6,3,6,0,15,0,0,0,15
04/03/2023,HLN,MT,ANM,WE,Combination Non-Radar Approach Control & Tower w/o Radar,6,4,6,0,16,0,10,46,2,58,6,14,52,2,74,104,0,104,178
04/04/2023,HLN,MT,ANM,WE,Combination Non-Radar Approach Control & Tower w/o Radar,6,3,5,0,14,0,0,19,6,25,6,3,24,6,39,90,8,98,137
04/05/2023,HLN,MT,ANM,WE,Combination Non-Radar Approach Control & Tower w/o Radar,7,6,7,1,21,0,4,46,10,60,7,10,53,11,81,114,4,118,199
04/06/2023,HLN,MT,ANM,WE,Combination Non-Radar Approach Control & Tower w/o Radar,6,11,5,2,24,0,8,41,22,71,6,19,46,24,95,80,0,80,175
04/07/2023,HLN,MT,ANM,WE,Combination Non-Radar Approach Control & Tower w/o Radar,7,2,2,2,13,0,3,55,14,72,7,5,57,16,85,130,0,130,215
04/08/2023,HLN,MT,ANM,WE,Combination Non-Radar Approach Control & Tower w/o Radar,7,7,1,0,15,0,4,33,0,37,7,11,34,0,52,174,0,174,226
04/09/2023,HLN,MT,ANM,WE,Combination Non-Radar Approach Control & Tower w/o Radar,6,4,2,0,12,0,0,25,0,25,6,4,27,0,37,14,0,14,51
04/10/2023,HLN,MT,ANM,WE,Combination Non-Radar Approach Control & Tower w/o Radar,6,3,5,0,14,0,2,46,10,58,6,5,51,10,72,72,0,72,144
04/11/2023,HLN,MT,ANM,WE,Combination Non-Radar Approach Control & Tower w/o Radar,6,9,11,0,26,0,2,15,7,24,6,11,26,7,50,42,4,46,96
04/12/2023,HLN,MT,ANM,WE,Combination Non-Radar Approach Control & Tower w/o Radar,5,8,6,4,23,0,0,20,10,30,5,8,26,14,53,128,10,138,191
04/13/2023,HLN,MT,ANM,WE,Combination Non-Radar Approach Control & Tower w/o Radar,5,3,2,1,11,0,0,0,2,2,5,3,2,3,13,14,0,14,27
04/14/2023,HLN,MT,ANM,WE,Combination Non-Radar Approach Control & Tower w/o Radar,4,14,8,3,29,0,4,55,16,75,4,18,63,19,104,158,2,160,264
04/15/2023,HLN,MT,ANM,WE,Combination Non-Radar Approach Control & Tower w/o Radar,8,3,4,0,15,0,14,58,2,74,8,17,62,2,89,108,0,108,197
04/16/2023,HLN,MT,ANM,WE,Combination Non-Radar Approach Control & Tower w/o Radar,6,2,2,0,10,0,2,30,0,32,6,4,32,0,42,72,0,72,114
04/17/2023,HLN,MT,ANM,WE,Combination Non-Radar Approach Control & Tower w/o Radar,5,5,4,2,16,0,0,41,16,57,5,5,45,18,73,68,16,84,157
04/18/2023,HLN,MT,ANM,WE,Combination Non-Radar Approach Control & Tower w/o Radar,5,4,7,0,16,0,0,7,6,13,5,4,14,6,29,16,12,28,57
04/19/2023,HLN,MT,ANM,WE,Combination Non-Radar Approach Control & Tower w/o Radar,7,10,13,2,32,0,1,2,5,8,7,11,15,7,40,0,2,2,42
04/20/2023,HLN,MT,ANM,WE,Combination Non-Radar Approach Control & Tower w/o Radar,6,5,8,0,19,0,0,0,3,3,6,5,8,3,22,0,6,6,28
04/21/2023,HLN,MT,ANM,WE,Combination Non-Radar Approach Control & Tower w/o Radar,6,6,7,0,19,0,2,19,9,30,6,8,26,9,49,14,2,16,65
04/22/2023,HLN,MT,ANM,WE,Combination Non-Radar Approach Control & Tower w/o Radar,7,7,3,0,17,0,4,48,5,57,7,11,51,5,74,86,8,94,168
04/23/2023,HLN,MT,ANM,WE,Combination Non-Radar Approach Control & Tower w/o Radar,6,5,1,0,12,0,2,49,0,51,6,7,50,0,63,36,0,36,99
04/24/2023,HLN,MT,ANM,WE,Combination Non-Radar Approach Control & Tower w/o Radar,6,4,4,0,14,0,6,34,17,57,6,10,38,17,71,74,12,86,157
04/25/2023,HLN,MT,ANM,WE,Combination Non-Radar Approach Control & Tower w/o Radar,6,11,7,1,25,0,0,33,20,53,6,11,40,21,78,68,6,74,152
04/26/2023,HLN,MT,ANM,WE,Combination Non-Radar Approach Control & Tower w/o Radar,6,5,5,0,16,0,0,56,12,68,6,5,61,12,84,124,0,124,208
04/27/2023,HLN,MT,ANM,WE,Combination Non-Radar Approach Control & Tower w/o Radar,5,4,1,0,10,0,3,23,7,33,5,7,24,7,43,76,10,86,129
04/28/2023,HLN,MT,ANM,WE,Combination Non-Radar Approach Control & Tower w/o Radar,7,9,12,0,28,0,7,85,4,96,7,16,97,4,124,128,0,128,252
04/29/2023,HLN,MT,ANM,WE,Combination Non-Radar Approach Control & Tower w/o Radar,6,4,4,1,15,0,2,73,2,77,6,6,77,3,92,58,0,58,150
04/30/2023,HLN,MT,ANM,WE,Combination Non-Radar Approach Control & Tower w/o Radar,6,2,0,0,8,0,0,54,0,54,6,2,54,0,62,90,0,90,152
05/01/2023,HLN,MT,ANM,WE,Combination Non-Radar Approach Control & Tower w/o Radar,5,4,4,0,13,0,4,57,2,63,5,8,61,2,76,106,0,106,182
05/02/2023,HLN,MT,ANM,WE,Combination Non-Radar Approach Control & Tower w/o Radar,7,3,7,2,19,0,3,49,1,53,7,6,56,3,72,164,0,164,236
05/03/2023,HLN,MT,ANM,WE,Combination Non-Radar Approach Control & Tower w/o Radar,6,6,2,1,15,0,0,65,9,74,6,6,67,10,89,134,12,146,235
05/04/2023,HLN,MT,ANM,WE,Combination Non-Radar Approach Control & Tower w/o Radar,5,6,4,0,15,0,2,35,3,40,5,8,39,3,55,58,0,58,113
05/05/2023,HLN,MT,ANM,WE,Combination Non-Radar Approach Control & Tower w/o Radar,5,5,7,0,17,0,2,21,17,40,5,7,28,17,57,186,6,192,249
05/06/2023,HLN,MT,ANM,WE,Combination Non-Radar Approach Control & Tower w/o Radar,8,6,2,0,16,0,0,14,14,28,8,6,16,14,44,50,8,58,102
05/07/2023,HLN,MT,ANM,WE,Combination Non-Radar Approach Control & Tower w/o Radar,10,3,1,0,14,0,0,10,6,16,10,3,11,6,30,10,0,10,40
05/08/2023,HLN,MT,ANM,WE,Combination Non-Radar Approach Control & Tower w/o Radar,6,4,1,2,13,0,0,28,7,35,6,4,29,9,48,134,0,134,182
05/09/2023,HLN,MT,ANM,WE,Combination Non-Radar Approach Control & Tower w/o Radar,5,5,8,0,18,0,2,26,7,35,5,7,34,7,53,128,2,130,183
05/10/2023,HLN,MT,ANM,WE,Combination Non-Radar Approach Control & Tower w/o Radar,7,6,2,0,15,0,2,54,12,68,7,8,56,12,83,158,18,176,259
05/11/2023,HLN,MT,ANM,WE,Combination Non-Radar Approach Control & Tower w/o Radar,6,3,6,1,16,0,2,25,6,33,6,5,31,7,49,102,2,104,153
05/12/2023,HLN,MT,ANM,WE,Combination Non-Radar Approach Control & Tower w/o Radar,7,6,3,1,17,0,5,61,4,70,7,11,64,5,87,112,0,112,199
05/13/2023,HLN,MT,ANM,WE,Combination Non-Radar Approach Control & Tower w/o Radar,6,3,3,0,12,0,1,24,0,25,6,4,27,0,37,121,0,121,158
05/14/2023,HLN,MT,ANM,WE,Combination Non-Radar Approach Control & Tower w/o Radar,5,2,2,0,9,0,0,5,0,5,5,2,7,0,14,14,0,14,28
05/15/2023,HLN,MT,ANM,WE,Combination Non-Radar Approach Control & Tower w/o Radar,6,5,4,5,20,0,2,78,7,87,6,7,82,12,107,112,8,120,227
05/16/2023,HLN,MT,ANM,WE,Combination Non-Radar Approach Control & Tower w/o Radar,6,5,2,0,13,0,1,65,17,83,6,6,67,17,96,98,6,104,200
05/17/2023,HLN,MT,ANM,WE,Combination Non-Radar Approach Control & Tower w/o Radar,7,9,6,4,26,0,3,50,17,70,7,12,56,21,96,186,16,202,298
05/18/2023,HLN,MT,ANM,WE,Combination Non-Radar Approach Control & Tower w/o Radar,6,8,20,4,38,0,0,39,8,47,6,8,59,12,85,104,0,104,189
05/19/2023,HLN,MT,ANM,WE,Combination Non-Radar Approach Control & Tower w/o Radar,6,11,16,4,37,0,4,25,8,37,6,15,41,12,74,46,0,46,120
05/20/2023,HLN,MT,ANM,WE,Combination Non-Radar Approach Control & Tower w/o Radar,7,9,1,0,17,0,2,47,8,57,7,11,48,8,74,98,0,98,172
05/21/2023,HLN,MT,ANM,WE,Combination Non-Radar Approach Control & Tower w/o Radar,7,1,13,0,21,0,3,18,0,21,7,4,31,0,42,26,0,26,68
05/22/2023,HLN,MT,ANM,WE,Combination Non-Radar Approach Control & Tower w/o Radar,4,5,6,3,18,0,2,36,11,49,4,7,42,14,67,44,4,48,115
05/23/2023,HLN,MT,ANM,WE,Combination Non-Radar Approach Control & Tower w/o Radar,7,6,7,0,20,0,6,74,15,95,7,12,81,15,115,150,10,160,275
05/24/2023,HLN,MT,ANM,WE,Combination Non-Radar Approach Control & Tower w/o Radar,7,7,10,0,24,0,0,29,13,42,7,7,39,13,66,164,0,164,230
05/25/2023,HLN,MT,ANM,WE,Combination Non-Radar Approach Control & Tower w/o Radar,6,8,27,0,41,0,0,8,13,21,6,8,35,13,62,58,6,64,126
05/26/2023,HLN,MT,ANM,WE,Combination Non-Radar Approach Control & Tower w/o Radar,6,8,4,2,20,0,0,13,4,17,6,8,17,6,37,66,10,76,113
05/27/2023,HLN,MT,ANM,WE,Combination Non-Radar Approach Control & Tower w/o Radar,6,8,3,0,17,0,0,14,0,14,6,8,17,0,31,72,0,72,103
05/28/2023,HLN,MT,ANM,WE,Combination Non-Radar Approach Control & Tower w/o Radar,5,1,2,0,8,0,0,16,0,16,5,1,18,0,24,38,0,38,62
05/29/2023,HLN,MT,ANM,WE,Combination Non-Radar Approach Control & Tower w/o Radar,6,5,2,0,13,0,2,47,0,49,6,7,49,0,62,108,0,108,170
05/30/2023,HLN,MT,ANM,WE,Combination Non-Radar Approach Control & Tower w/o Radar,5,4,5,0,14,0,2,45,20,67,5,6,50,20,81,104,0,104,185
05/31/2023,HLN,MT,ANM,WE,Combination Non-Radar Approach Control & Tower w/o Radar,6,8,5,0,19,0,0,48,17,65,6,8,53,17,84,82,0,82,166
06/01/2023,HLN,MT,ANM,WE,Combination Non-Radar Approach Control & Tower w/o Radar,6,3,7,0,16,0,0,52,17,69,6,3,59,17,85,152,4,156,241
06/02/2023,HLN,MT,ANM,WE,Combination Non-Radar Approach Control & Tower w/o Radar,9,6,8,0,23,0,0,8,6,14,9,6,16,6,37,60,6,66,103
06/03/2023,HLN,MT,ANM,WE,Combination Non-Radar Approach Control & Tower w/o Radar,8,6,6,2,22,0,0,13,9,22,8,6,19,11,44,54,14,68,112
06/04/2023,HLN,MT,ANM,WE,Combination Non-Radar Approach Control & Tower w/o Radar,9,3,5,0,17,0,0,60,24,84,9,3,65,24,101,128,4,132,233
06/05/2023,HLN,MT,ANM,WE,Combination Non-Radar Approach Control & Tower w/o Radar,9,3,5,2,19,0,0,49,23,72,9,3,54,25,91,106,16,122,213
06/06/2023,HLN,MT,ANM,WE,Combination Non-Radar Approach Control & Tower w/o Radar,8,2,7,5,22,0,3,44,6,53,8,5,51,11,75,50,2,52,127
06/07/2023,HLN,MT,ANM,WE,Combination Non-Radar Approach Control & Tower w/o Radar,9,6,8,5,28,0,2,50,13,65,9,8,58,18,93,136,4,140,233
06/08/2023,HLN,MT,ANM,WE,Combination Non-Radar Approach Control & Tower w/o Radar,9,2,3,0,14,0,0,34,4,38,9,2,37,4,52,70,0,70,122
06/09/2023,HLN,MT,ANM,WE,Combination Non-Radar Approach Control & Tower w/o Radar,9,4,11,1,25,0,0,45,8,53,9,4,56,9,78,102,0,102,180
06/10/2023,HLN,MT,ANM,WE,Combination Non-Radar Approach Control & Tower w/o Radar,9,7,1,0,17,0,1,37,6,44,9,8,38,6,61,96,0,96,157
06/11/2023,HLN,MT,ANM,WE,Combination Non-Radar Approach Control & Tower w/o Radar,8,4,4,0,16,1,0,30,4,35,9,4,34,4,51,32,0,32,83
06/12/2023,HLN,MT,ANM,WE,Combination Non-Radar Approach Control & Tower w/o Radar,8,5,7,1,21,0,0,27,12,39,8,5,34,13,60,92,18,110,170
06/13/2023,HLN,MT,ANM,WE,Combination Non-Radar Approach Control & Tower w/o Radar,9,3,10,2,24,0,1,65,18,84,9,4,75,20,108,86,14,100,208
06/14/2023,HLN,MT,ANM,WE,Combination Non-Radar Approach Control & Tower w/o Radar,9,11,9,1,30,0,1,30,6,37,9,12,39,7,67,28,0,28,95
06/15/2023,HLN,MT,ANM,WE,Combination Non-Radar Approach Control & Tower w/o Radar,8,5,5,4,22,0,5,90,18,113,8,10,95,22,135,76,18,94,229
06/16/2023,HLN,MT,ANM,WE,Combination Non-Radar Approach Control & Tower w/o Radar,8,4,0,1,13,0,0,103,2,105,8,4,103,3,118,118,0,118,236
06/17/2023,HLN,MT,ANM,WE,Combination Non-Radar Approach Control & Tower w/o Radar,7,3,0,0,10,0,1,37,0,38,7,4,37,0,48,74,0,74,122
06/18/2023,HLN,MT,ANM,WE,Combination Non-Radar Approach Control & Tower w/o Radar,8,4,4,0,16,0,0,13,0,13,8,4,17,0,29,17,0,17,46
06/19/2023,HLN,MT,ANM,WE,Combination Non-Radar Approach Control & Tower w/o Radar,9,2,11,0,22,0,3,20,0,23,9,5,31,0,45,24,0,24,69
06/20/2023,HLN,MT,ANM,WE,Combination Non-Radar Approach Control & Tower w/o Radar,9,4,5,0,18,0,4,31,12,47,9,8,36,12,65,80,18,98,163
06/21/2023,HLN,MT,ANM,WE,Combination Non-Radar Approach Control & Tower w/o Radar,9,3,7,0,19,0,3,63,0,66,9,6,70,0,85,84,0,84,169
06/22/2023,HLN,MT,ANM,WE,Combination Non-Radar Approach Control & Tower w/o Radar,8,9,9,0,26,0,6,84,15,105,8,15,93,15,131,46,10,56,187
06/23/2023,HLN,MT,ANM,WE,Combination Non-Radar Approach Control & Tower w/o Radar,9,8,8,1,26,0,0,48,4,52,9,8,56,5,78,82,0,82,160
06/24/2023,HLN,MT,ANM,WE,Combination Non-Radar Approach Control & Tower w/o Radar,7,2,1,0,10,0,7,11,1,19,7,9,12,1,29,28,0,28,57
06/25/2023,HLN,MT,ANM,WE,Combination Non-Radar Approach Control & Tower w/o Radar,8,3,6,0,17,0,10,47,0,57,8,13,53,0,74,28,1,29,103
06/26/2023,HLN,MT,ANM,WE,Combination Non-Radar Approach Control & Tower w/o Radar,8,5,4,0,17,0,1,54,4,59,8,6,58,4,76,54,0,54,130
06/27/2023,HLN,MT,ANM,WE,Combination Non-Radar Approach Control & Tower w/o Radar,5,8,3,2,18,0,3,57,12,72,5,11,60,14,90,96,16,112,202
06/28/2023,HLN,MT,ANM,WE,Combination Non-Radar Approach Control & Tower w/o Radar,8,7,9,2,26,0,1,41,16,58,8,8,50,18,84,78,6,84,168
06/29/2023,HLN,MT,ANM,WE,Combination Non-Radar Approach Control & Tower w/o Radar,9,3,2,2,16,0,2,62,17,81,9,5,64,19,97,108,14,122,219
06/30/2023,HLN,MT,ANM,WE,Combination Non-Radar Approach Control & Tower w/o Radar,9,4,3,0,16,0,7,91,8,106,9,11,94,8,122,80,0,80,202
07/01/2023,HLN,MT,ANM,WE,Combination Non-Radar Approach Control & Tower w/o Radar,9,4,3,0,16,0,4,70,0,74,9,8,73,0,90,66,0,66,156
07/02/2023,HLN,MT,ANM,WE,Combination Non-Radar Approach Control & Tower w/o Radar,9,1,0,0,10,0,1,45,0,46,9,2,45,0,56,16,2,18,74
07/03/2023,HLN,MT,ANM,WE,Combination Non-Radar Approach Control & Tower w/o Radar,7,7,3,0,17,0,2,53,0,55,7,9,56,0,72,34,0,34,106
07/04/2023,HLN,MT,ANM,WE,Combination Non-Radar Approach Control & Tower w/o Radar,7,4,6,0,17,0,4,29,0,33,7,8,35,0,50,52,0,52,102
07/05/2023,HLN,MT,ANM,WE,Combination Non-Radar Approach Control & Tower w/o Radar,8,6,4,1,19,0,2,49,6,57,8,8,53,7,76,40,8,48,124
07/06/2023,HLN,MT,ANM,WE,Combination Non-Radar Approach Control & Tower w/o Radar,8,9,7,2,26,0,2,56,13,71,8,11,63,15,97,74,2,76,173
07/07/2023,HLN,MT,ANM,WE,Combination Non-Radar Approach Control & Tower w/o Radar,8,6,8,4,26,0,0,52,3,55,8,6,60,7,81,82,0,82,163
07/08/2023,HLN,MT,ANM,WE,Combination Non-Radar Approach Control & Tower w/o Radar,8,4,4,2,18,0,2,46,6,54,8,6,50,8,72,122,0,122,194
07/09/2023,HLN,MT,ANM,WE,Combination Non-Radar Approach Control & Tower w/o Radar,7,4,3,0,14,0,0,46,0,46,7,4,49,0,60,6,0,6,66
07/10/2023,HLN,MT,ANM,WE,Combination Non-Radar Approach Control & Tower w/o Radar,6,5,5,1,17,0,0,40,12,52,6,5,45,13,69,32,2,34,103
07/11/2023,HLN,MT,ANM,WE,Combination Non-Radar Approach Control & Tower w/o Radar,7,7,5,0,19,0,1,32,29,62,7,8,37,29,81,38,6,44,125
07/12/2023,HLN,MT,ANM,WE,Combination Non-Radar Approach Control & Tower w/o Radar,7,6,10,0,23,0,11,49,24,84,7,17,59,24,107,40,12,52,159
07/13/2023,HLN,MT,ANM,WE,Combination Non-Radar Approach Control & Tower w/o Radar,7,5,9,0,21,0,0,46,13,59,7,5,55,13,80,69,12,81,161
07/14/2023,HLN,MT,ANM,WE,Combination Non-Radar Approach Control & Tower w/o Radar,9,7,2,0,18,0,2,57,8,67,9,9,59,8,85,68,18,86,171
07/15/2023,HLN,MT,ANM,WE,Combination Non-Radar Approach Control & Tower w/o Radar,11,5,1,0,17,0,6,49,5,60,11,11,50,5,77,63,0,63,140
07/16/2023,HLN,MT,ANM,WE,Combination Non-Radar Approach Control & Tower w/o Radar,7,3,1,1,12,0,3,56,0,59,7,6,57,1,71,18,0,18,89
07/17/2023,HLN,MT,ANM,WE,Combination Non-Radar Approach Control & Tower w/o Radar,7,4,6,0,17,0,0,47,21,68,7,4,53,21,85,28,20,48,133
07/18/2023,HLN,MT,ANM,WE,Combination Non-Radar Approach Control & Tower w/o Radar,7,8,18,2,35,0,2,41,23,66,7,10,59,25,101,32,8,40,141
07/19/2023,HLN,MT,ANM,WE,Combination Non-Radar Approach Control & Tower w/o Radar,6,9,17,2,34,0,11,64,7,82,6,20,81,9,116,58,0,58,174
07/20/2023,HLN,MT,ANM,WE,Combination Non-Radar Approach Control & Tower w/o Radar,7,4,13,2,26,1,0,64,14,79,8,4,77,16,105,100,8,108,213
07/21/2023,HLN,MT,ANM,WE,Combination Non-Radar Approach Control & Tower w/o Radar,9,8,5,3,25,9,4,63,7,83,18,12,68,10,108,42,0,42,150
07/22/2023,HLN,MT,ANM,WE,Combination Non-Radar Approach Control & Tower w/o Radar,9,7,2,1,19,3,3,53,0,59,12,10,55,1,78,12,0,12,90
07/23/2023,HLN,MT,ANM,WE,Combination Non-Radar Approach Control & Tower w/o Radar,7,3,5,1,16,2,1,56,1,60,9,4,61,2,76,38,0,38,114
07/24/2023,HLN,MT,ANM,WE,Combination Non-Radar Approach Control & Tower w/o Radar,7,7,10,1,25,0,9,49,2,60,7,16,59,3,85,90,24,114,199
07/25/2023,HLN,MT,ANM,WE,Combination Non-Radar Approach Control & Tower w/o Radar,7,5,11,3,26,0,6,50,14,70,7,11,61,17,96,66,0,66,162
07/26/2023,HLN,MT,ANM,WE,Combination Non-Radar Approach Control & Tower w/o Radar,9,10,4,2,25,2,4,43,16,65,11,14,47,18,90,90,0,90,180
07/27/2023,HLN,MT,ANM,WE,Combination Non-Radar Approach Control & Tower w/o Radar,8,3,5,0,16,2,4,52,13,71,10,7,57,13,87,144,0,144,231
07/28/2023,HLN,MT,ANM,WE,Combination Non-Radar Approach Control & Tower w/o Radar,10,8,3,1,22,0,0,41,6,47,10,8,44,7,69,64,0,64,133
07/29/2023,HLN,MT,ANM,WE,Combination Non-Radar Approach Control & Tower w/o Radar,8,9,3,0,20,0,1,65,0,66,8,10,68,0,86,34,0,34,120
07/30/2023,HLN,MT,ANM,WE,Combination Non-Radar Approach Control & Tower w/o Radar,8,5,2,1,16,4,2,47,0,53,12,7,49,1,69,42,0,42,111
07/31/2023,HLN,MT,ANM,WE,Combination Non-Radar Approach Control & Tower w/o Radar,7,5,0,7,19,5,2,35,17,59,12,7,35,24,78,50,32,82,160
08/01/2023,HLN,MT,ANM,WE,Combination Non-Radar Approach Control & Tower w/o Radar,8,2,2,0,12,18,22,80,19,139,26,24,82,19,151,90,4,94,245
08/02/2023,HLN,MT,ANM,WE,Combination Non-Radar Approach Control & Tower w/o Radar,7,11,5,0,23,9,4,51,3,67,16,15,56,3,90,60,0,60,150
08/03/2023,HLN,MT,ANM,WE,Combination Non-Radar Approach Control & Tower w/o Radar,7,2,6,5,20,2,2,49,7,60,9,4,55,12,80,98,56,154,234
08/04/2023,HLN,MT,ANM,WE,Combination Non-Radar Approach Control & Tower w/o Radar,9,8,9,1,27,0,3,43,7,53,9,11,52,8,80,68,12,80,160
08/05/2023,HLN,MT,ANM,WE,Combination Non-Radar Approach Control & Tower w/o Radar,8,5,5,3,21,2,0,29,3,34,10,5,34,6,55,48,0,48,103
08/06/2023,HLN,MT,ANM,WE,Combination Non-Radar Approach Control & Tower w/o Radar,7,3,1,2,13,0,2,11,0,13,7,5,12,2,26,40,0,40,66
08/07/2023,HLN,MT,ANM,WE,Combination Non-Radar Approach Control & Tower w/o Radar,9,4,4,1,18,0,0,29,4,33,9,4,33,5,51,67,0,67,118
08/08/2023,HLN,MT,ANM,WE,Combination Non-Radar Approach Control & Tower w/o Radar,6,7,6,1,20,0,3,82,7,92,6,10,88,8,112,122,2,124,236
08/09/2023,HLN,MT,ANM,WE,Combination Non-Radar Approach Control & Tower w/o Radar,7,6,6,1,20,0,2,46,5,53,7,8,52,6,73,36,4,40,113
08/10/2023,HLN,MT,ANM,WE,Combination Non-Radar Approach Control & Tower w/o Radar,8,7,2,0,17,0,3,40,10,53,8,10,42,10,70,82,0,82,152
08/11/2023,HLN,MT,ANM,WE,Combination Non-Radar Approach Control & Tower w/o Radar,9,12,4,0,25,0,2,62,6,70,9,14,66,6,95,24,32,56,151
08/12/2023,HLN,MT,ANM,WE,Combination Non-Radar Approach Control & Tower w/o Radar,8,3,7,0,18,0,7,41,1,49,8,10,48,1,67,44,0,44,111
08/13/2023,HLN,MT,ANM,WE,Combination Non-Radar Approach Control & Tower w/o Radar,6,4,1,0,11,0,0,59,0,59,6,4,60,0,70,76,0,76,146
08/14/2023,HLN,MT,ANM,WE,Combination Non-Radar Approach Control & Tower w/o Radar,6,7,2,1,16,0,5,44,17,66,6,12,46,18,82,28,10,38,120
08/15/2023,HLN,MT,ANM,WE,Combination Non-Radar Approach Control & Tower w/o Radar,7,8,14,2,31,0,5,67,8,80,7,13,81,10,111,44,6,50,161
08/16/2023,HLN,MT,ANM,WE,Combination Non-Radar Approach Control & Tower w/o Radar,6,12,13,0,31,0,2,36,8,46,6,14,49,8,77,24,0,24,101
08/17/2023,HLN,MT,ANM,WE,Combination Non-Radar Approach Control & Tower w/o Radar,9,3,16,12,40,1,1,35,8,45,10,4,51,20,85,54,9,63,148
08/18/2023,HLN,MT,ANM,WE,Combination Non-Radar Approach Control & Tower w/o Radar,6,4,4,0,14,0,0,27,2,29,6,4,31,2,43,22,2,24,67
08/19/2023,HLN,MT,ANM,WE,Combination Non-Radar Approach Control & Tower w/o Radar,10,7,5,1,23,0,1,24,1,26,10,8,29,2,49,117,0,117,166
08/20/2023,HLN,MT,ANM,WE,Combination Non-Radar Approach Control & Tower w/o Radar,7,11,2,0,20,0,0,15,0,15,7,11,17,0,35,14,0,14,49
08/21/2023,HLN,MT,ANM,WE,Combination Non-Radar Approach Control & Tower w/o Radar,7,6,8,0,21,0,0,11,3,14,7,6,19,3,35,32,12,44,79
08/22/2023,HLN,MT,ANM,WE,Combination Non-Radar Approach Control & Tower w/o Radar,6,7,5,0,18,0,2,26,13,41,6,9,31,13,59,46,0,46,105
08/23/2023,HLN,MT,ANM,WE,Combination Non-Radar Approach Control & Tower w/o Radar,8,10,8,0,26,0,3,47,12,62,8,13,55,12,88,38,0,38,126
08/24/2023,HLN,MT,ANM,WE,Combination Non-Radar Approach Control & Tower w/o Radar,10,5,13,8,36,0,0,42,7,49,10,5,55,15,85,54,0,54,139
08/25/2023,HLN,MT,ANM,WE,Combination Non-Radar Approach Control & Tower w/o Radar,9,7,9,2,27,0,0,56,6,62,9,7,65,8,89,32,2,34,123
08/26/2023,HLN,MT,ANM,WE,Combination Non-Radar Approach Control & Tower w/o Radar,9,4,2,0,15,0,0,61,2,63,9,4,63,2,78,90,0,90,168
08/27/2023,HLN,MT,ANM,WE,Combination Non-Radar Approach Control & Tower w/o Radar,6,3,4,0,13,0,1,58,0,59,6,4,62,0,72,30,0,30,102
08/28/2023,HLN,MT,ANM,WE,Combination Non-Radar Approach Control & Tower w/o Radar,7,5,5,2,19,0,0,68,14,82,7,5,73,16,101,32,20,52,153
08/29/2023,HLN,MT,ANM,WE,Combination Non-Radar Approach Control & Tower w/o Radar,8,5,5,1,19,0,0,45,12,57,8,5,50,13,76,60,10,70,146
08/30/2023,HLN,MT,ANM,WE,Combination Non-Radar Approach Control & Tower w/o Radar,8,8,10,1,27,0,0,18,9,27,8,8,28,10,54,12,12,24,78
08/31/2023,HLN,MT,ANM,WE,Combination Non-Radar Approach Control & Tower w/o Radar,8,3,10,2,23,0,2,52,15,69,8,5,62,17,92,88,18,106,198
