01/01/2020,HND,NV,AWP,WE,Federal Contract Tower,0,4,17,0,21,0,49,56,0,105,0,53,73,0,126,28,0,28,154
01/02/2020,HND,NV,AWP,WE,Federal Contract Tower,0,2,44,0,46,0,73,71,0,144,0,75,115,0,190,52,0,52,242
01/03/2020,HND,NV,AWP,WE,Federal Contract Tower,0,7,20,0,27,0,68,77,0,145,0,75,97,0,172,54,0,54,226
01/04/2020,HND,NV,AWP,WE,Federal Contract Tower,0,1,11,2,14,0,53,78,0,131,0,54,89,2,145,20,0,20,165
01/05/2020,HND,NV,AWP,WE,Federal Contract Tower,0,1,23,0,24,0,40,81,0,121,0,41,104,0,145,18,0,18,163
01/06/2020,HND,NV,AWP,WE,Federal Contract Tower,0,2,22,0,24,0,54,49,0,103,0,56,71,0,127,4,0,4,131
01/07/2020,HND,NV,AWP,WE,Federal Contract Tower,0,2,26,0,28,0,14,61,0,75,0,16,87,0,103,38,0,38,141
01/08/2020,HND,NV,AWP,WE,Federal Contract Tower,0,4,31,0,35,0,21,79,0,100,0,25,110,0,135,46,0,46,181
01/09/2020,HND,NV,AWP,WE,Federal Contract Tower,0,5,48,0,53,0,38,67,2,107,0,43,115,2,160,20,0,20,180
01/10/2020,HND,NV,AWP,WE,Federal Contract Tower,0,11,40,0,51,0,51,75,0,126,0,62,115,0,177,30,0,30,207
01/11/2020,HND,NV,AWP,WE,Federal Contract Tower,0,2,27,0,29,0,52,79,0,131,0,54,106,0,160,58,0,58,218
01/12/2020,HND,NV,AWP,WE,Federal Contract Tower,0,3,29,0,32,0,39,97,0,136,0,42,126,0,168,78,0,78,246
01/13/2020,HND,NV,AWP,WE,Federal Contract Tower,0,9,23,0,32,0,27,90,0,117,0,36,113,0,149,54,0,54,203
01/14/2020,HND,NV,AWP,WE,Federal Contract Tower,0,6,25,0,31,0,48,51,0,99,0,54,76,0,130,60,0,60,190
01/15/2020,HND,NV,AWP,WE,Federal Contract Tower,0,5,25,0,30,0,40,74,2,116,0,45,99,2,146,64,0,64,210
01/16/2020,HND,NV,AWP,WE,Federal Contract Tower,0,10,42,0,52,0,37,59,1,97,0,47,101,1,149,26,0,26,175
01/17/2020,HND,NV,AWP,WE,Federal Contract Tower,0,7,47,0,54,0,44,91,1,136,0,51,138,1,190,24,0,24,214
01/18/2020,HND,NV,AWP,WE,Federal Contract Tower,0,2,22,0,24,0,40,89,1,130,0,42,111,1,154,24,0,24,178
01/19/2020,HND,NV,AWP,WE,Federal Contract Tower,0,13,39,0,52,0,39,76,0,115,0,52,115,0,167,34,0,34,201
01/20/2020,HND,NV,AWP,WE,Federal Contract Tower,0,8,59,0,67,0,29,59,0,88,0,37,118,0,155,10,0,10,165
01/21/2020,HND,NV,AWP,WE,Federal Contract Tower,0,8,53,0,61,0,18,62,2,82,0,26,115,2,143,32,0,32,175
01/22/2020,HND,NV,AWP,WE,Federal Contract Tower,0,8,42,0,50,0,33,90,0,123,0,41,132,0,173,44,0,44,217
01/23/2020,HND,NV,AWP,WE,Federal Contract Tower,0,7,55,0,62,0,46,111,1,158,0,53,166,1,220,40,0,40,260
01/24/2020,HND,NV,AWP,WE,Federal Contract Tower,0,16,45,0,61,0,42,102,1,145,0,58,147,1,206,14,0,14,220
01/25/2020,HND,NV,AWP,WE,Federal Contract Tower,0,5,29,0,34,0,62,94,0,156,0,67,123,0,190,34,0,34,224
01/26/2020,HND,NV,AWP,WE,Federal Contract Tower,0,9,44,0,53,0,40,89,1,130,0,49,133,1,183,44,0,44,227
01/27/2020,HND,NV,AWP,WE,Federal Contract Tower,0,4,31,0,35,0,27,54,0,81,0,31,85,0,116,32,0,32,148
01/28/2020,HND,NV,AWP,WE,Federal Contract Tower,0,12,33,0,45,0,31,49,0,80,0,43,82,0,125,10,0,10,135
01/29/2020,HND,NV,AWP,WE,Federal Contract Tower,0,6,23,2,31,0,28,22,0,50,0,34,45,2,81,34,0,34,115
01/30/2020,HND,NV,AWP,WE,Federal Contract Tower,0,8,43,0,51,0,62,82,0,144,0,70,125,0,195,80,0,80,275
01/31/2020,HND,NV,AWP,WE,Federal Contract Tower,0,6,50,0,56,0,53,105,0,158,0,59,155,0,214,4,0,4,218
02/01/2020,HND,NV,AWP,WE,Federal Contract Tower,0,2,36,0,38,0,39,108,0,147,0,41,144,0,185,34,0,34,219
02/02/2020,HND,NV,AWP,WE,Federal Contract Tower,0,2,33,0,35,0,32,75,0,107,0,34,108,0,142,4,0,4,146
02/03/2020,HND,NV,AWP,WE,Federal Contract Tower,0,13,61,0,74,0,30,28,0,58,0,43,89,0,132,20,0,20,152
02/04/2020,HND,NV,AWP,WE,Federal Contract Tower,0,10,36,0,46,0,50,40,1,91,0,60,76,1,137,0,0,0,137
02/05/2020,HND,NV,AWP,WE,Federal Contract Tower,0,2,31,0,33,0,29,80,0,109,0,31,111,0,142,43,0,43,185
02/06/2020,HND,NV,AWP,WE,Federal Contract Tower,0,12,33,0,45,0,29,70,0,99,0,41,103,0,144,74,0,74,218
02/07/2020,HND,NV,AWP,WE,Federal Contract Tower,0,7,29,0,36,0,55,111,1,167,0,62,140,1,203,32,0,32,235
02/08/2020,HND,NV,AWP,WE,Federal Contract Tower,0,11,18,0,29,0,64,79,0,143,0,75,97,0,172,16,0,16,188
02/09/2020,HND,NV,AWP,WE,Federal Contract Tower,0,6,36,0,42,0,35,50,0,85,0,41,86,0,127,2,0,2,129
02/10/2020,HND,NV,AWP,WE,Federal Contract Tower,0,12,25,0,37,0,30,42,1,73,0,42,67,1,110,2,0,2,112
02/11/2020,HND,NV,AWP,WE,Federal Contract Tower,0,4,20,0,24,0,46,28,0,74,0,50,48,0,98,6,0,6,104
02/12/2020,HND,NV,AWP,WE,Federal Contract Tower,0,13,29,0,42,0,30,82,0,112,0,43,111,0,154,46,0,46,200
02/13/2020,HND,NV,AWP,WE,Federal Contract Tower,0,11,33,0,44,0,44,90,1,135,0,55,123,1,179,6,0,6,185
02/14/2020,HND,NV,AWP,WE,Federal Contract Tower,0,14,56,1,71,0,53,119,0,172,0,67,175,1,243,10,0,10,253
02/15/2020,HND,NV,AWP,WE,Federal Contract Tower,0,4,18,0,22,0,45,107,1,153,0,49,125,1,175,20,0,20,195
02/16/2020,HND,NV,AWP,WE,Federal Contract Tower,0,4,39,0,43,0,42,82,1,125,0,46,121,1,168,12,0,12,180
02/17/2020,HND,NV,AWP,WE,Federal Contract Tower,0,13,44,0,57,0,40,101,0,141,0,53,145,0,198,6,0,6,204
02/18/2020,HND,NV,AWP,WE,Federal Contract Tower,0,7,31,2,40,0,49,72,0,121,0,56,103,2,161,18,0,18,179
02/19/2020,HND,NV,AWP,WE,Federal Contract Tower,0,7,32,0,39,0,41,59,1,101,0,48,91,1,140,6,0,6,146
02/20/2020,HND,NV,AWP,WE,Federal Contract Tower,0,10,27,0,37,0,8,26,0,34,0,18,53,0,71,2,0,2,73
02/21/2020,HND,NV,AWP,WE,Federal Contract Tower,0,7,35,0,42,0,8,40,0,48,0,15,75,0,90,0,0,0,90
02/22/2020,HND,NV,AWP,WE,Federal Contract Tower,0,11,43,0,54,0,47,23,1,71,0,58,66,1,125,14,0,14,139
02/23/2020,HND,NV,AWP,WE,Federal Contract Tower,0,7,64,0,71,0,53,88,0,141,0,60,152,0,212,34,0,34,246
02/24/2020,HND,NV,AWP,WE,Federal Contract Tower,0,5,31,0,36,0,40,83,0,123,0,45,114,0,159,2,0,2,161
02/25/2020,HND,NV,AWP,WE,Federal Contract Tower,0,6,20,0,26,0,42,43,4,89,0,48,63,4,115,10,0,10,125
02/26/2020,HND,NV,AWP,WE,Federal Contract Tower,0,5,22,0,27,0,41,98,4,143,0,46,120,4,170,20,0,20,190
02/27/2020,HND,NV,AWP,WE,Federal Contract Tower,0,8,32,0,40,0,39,76,2,117,0,47,108,2,157,6,0,6,163
02/28/2020,HND,NV,AWP,WE,Federal Contract Tower,0,9,33,0,42,0,59,106,0,165,0,68,139,0,207,36,0,36,243
02/29/2020,HND,NV,AWP,WE,Federal Contract Tower,0,4,17,0,21,0,55,90,1,146,0,59,107,1,167,34,0,34,201
03/01/2020,HND,NV,AWP,WE,Federal Contract Tower,0,8,34,0,42,0,28,27,1,56,0,36,61,1,98,0,0,0,98
03/02/2020,HND,NV,AWP,WE,Federal Contract Tower,0,12,30,0,42,0,39,39,0,78,0,51,69,0,120,0,0,0,120
03/03/2020,HND,NV,AWP,WE,Federal Contract Tower,0,9,24,0,33,0,45,57,0,102,0,54,81,0,135,16,0,16,151
03/04/2020,HND,NV,AWP,WE,Federal Contract Tower,0,16,28,0,44,0,41,89,0,130,0,57,117,0,174,26,0,26,200
03/05/2020,HND,NV,AWP,WE,Federal Contract Tower,0,10,24,0,34,0,48,82,0,130,0,58,106,0,164,14,0,14,178
03/06/2020,HND,NV,AWP,WE,Federal Contract Tower,0,11,36,0,47,0,62,108,0,170,0,73,144,0,217,4,0,4,221
03/07/2020,HND,NV,AWP,WE,Federal Contract Tower,0,9,29,0,38,0,47,61,0,108,0,56,90,0,146,32,0,32,178
03/08/2020,HND,NV,AWP,WE,Federal Contract Tower,0,19,45,0,64,0,35,75,0,110,0,54,120,0,174,8,0,8,182
03/09/2020,HND,NV,AWP,WE,Federal Contract Tower,0,11,49,0,60,0,49,72,1,122,0,60,121,1,182,6,0,6,188
03/10/2020,HND,NV,AWP,WE,Federal Contract Tower,0,13,60,0,73,0,27,18,1,46,0,40,78,1,119,38,0,38,157
03/11/2020,HND,NV,AWP,WE,Federal Contract Tower,0,15,56,0,71,0,18,32,2,52,0,33,88,2,123,6,0,6,129
03/12/2020,HND,NV,AWP,WE,Federal Contract Tower,0,10,56,0,66,0,69,73,0,142,0,79,129,0,208,22,0,22,230
03/13/2020,HND,NV,AWP,WE,Federal Contract Tower,0,15,51,0,66,0,23,9,0,32,0,38,60,0,98,6,0,6,104
03/14/2020,HND,NV,AWP,WE,Federal Contract Tower,0,11,23,0,34,0,55,36,1,92,0,66,59,1,126,6,0,6,132
03/15/2020,HND,NV,AWP,WE,Federal Contract Tower,0,12,38,0,50,0,49,51,0,100,0,61,89,0,150,40,0,40,190
03/16/2020,HND,NV,AWP,WE,Federal Contract Tower,0,8,13,0,21,0,28,42,0,70,0,36,55,0,91,2,0,2,93
03/17/2020,HND,NV,AWP,WE,Federal Contract Tower,0,1,8,0,9,0,15,19,0,34,0,16,27,0,43,4,0,4,47
03/18/2020,HND,NV,AWP,WE,Federal Contract Tower,0,2,10,0,12,0,6,29,0,35,0,8,39,0,47,26,0,26,73
03/19/2020,HND,NV,AWP,WE,Federal Contract Tower,0,5,15,0,20,0,0,20,0,20,0,5,35,0,40,16,0,16,56
03/20/2020,HND,NV,AWP,WE,Federal Contract Tower,0,12,10,0,22,0,0,23,0,23,0,12,33,0,45,4,0,4,49
03/21/2020,HND,NV,AWP,WE,Federal Contract Tower,0,10,9,0,19,0,4,53,0,57,0,14,62,0,76,22,0,22,98
03/22/2020,HND,NV,AWP,WE,Federal Contract Tower,0,2,7,0,9,0,6,42,0,48,0,8,49,0,57,8,0,8,65
03/23/2020,HND,NV,AWP,WE,Federal Contract Tower,0,5,14,0,19,0,4,28,0,32,0,9,42,0,51,0,0,0,51
03/24/2020,HND,NV,AWP,WE,Federal Contract Tower,0,3,13,0,16,0,10,13,0,23,0,13,26,0,39,0,0,0,39
03/25/2020,HND,NV,AWP,WE,Federal Contract Tower,0,7,4,0,11,0,0,13,0,13,0,7,17,0,24,0,0,0,24
03/26/2020,HND,NV,AWP,WE,Federal Contract Tower,0,4,14,0,18,0,8,16,0,24,0,12,30,0,42,0,0,0,42
03/27/2020,HND,NV,AWP,WE,Federal Contract Tower,0,4,15,0,19,0,7,20,0,27,0,11,35,0,46,2,0,2,48
03/28/2020,HND,NV,AWP,WE,Federal Contract Tower,0,1,6,0,7,0,2,74,0,76,0,3,80,0,83,10,0,10,93
03/29/2020,HND,NV,AWP,WE,Federal Contract Tower,0,0,7,0,7,0,4,34,0,38,0,4,41,0,45,24,0,24,69
03/30/2020,HND,NV,AWP,WE,Federal Contract Tower,0,0,16,0,16,0,3,37,0,40,0,3,53,0,56,6,0,6,62
03/31/2020,HND,NV,AWP,WE,Federal Contract Tower,0,2,3,0,5,0,2,54,0,56,0,4,57,0,61,30,0,30,91
04/01/2020,HND,NV,AWP,WE,Federal Contract Tower,0,4,8,0,12,0,2,23,0,25,0,6,31,0,37,32,0,32,69
04/02/2020,HND,NV,AWP,WE,Federal Contract Tower,0,5,11,0,16,0,3,18,0,21,0,8,29,0,37,0,0,0,37
04/03/2020,HND,NV,AWP,WE,Federal Contract Tower,0,1,9,0,10,0,0,61,0,61,0,1,70,0,71,56,0,56,127
04/04/2020,HND,NV,AWP,WE,Federal Contract Tower,0,1,9,0,10,0,2,21,0,23,0,3,30,0,33,2,0,2,35
04/05/2020,HND,NV,AWP,WE,Federal Contract Tower,0,0,2,0,2,0,8,10,0,18,0,8,12,0,20,0,0,0,20
04/06/2020,HND,NV,AWP,WE,Federal Contract Tower,0,0,6,0,6,0,4,20,0,24,0,4,26,0,30,16,0,16,46
04/07/2020,HND,NV,AWP,WE,Federal Contract Tower,0,0,4,0,4,0,1,17,0,18,0,1,21,0,22,2,0,2,24
04/08/2020,HND,NV,AWP,WE,Federal Contract Tower,0,2,9,0,11,0,3,11,0,14,0,5,20,0,25,0,0,0,25
04/09/2020,HND,NV,AWP,WE,Federal Contract Tower,0,1,15,0,16,0,0,22,0,22,0,1,37,0,38,6,0,6,44
04/10/2020,HND,NV,AWP,WE,Federal Contract Tower,0,3,14,0,17,0,4,40,0,44,0,7,54,0,61,36,0,36,97
04/11/2020,HND,NV,AWP,WE,Federal Contract Tower,0,0,7,0,7,0,4,70,0,74,0,4,77,0,81,44,0,44,125
04/12/2020,HND,NV,AWP,WE,Federal Contract Tower,0,1,2,0,3,0,3,23,0,26,0,4,25,0,29,24,0,24,53
04/13/2020,HND,NV,AWP,WE,Federal Contract Tower,0,1,5,1,7,0,2,36,1,39,0,3,41,2,46,24,0,24,70
04/14/2020,HND,NV,AWP,WE,Federal Contract Tower,0,2,10,0,12,0,3,28,0,31,0,5,38,0,43,24,0,24,67
04/15/2020,HND,NV,AWP,WE,Federal Contract Tower,0,3,6,0,9,0,0,63,0,63,0,3,69,0,72,72,0,72,144
04/16/2020,HND,NV,AWP,WE,Federal Contract Tower,0,2,15,0,17,0,1,49,0,50,0,3,64,0,67,40,0,40,107
04/17/2020,HND,NV,AWP,WE,Federal Contract Tower,0,4,17,0,21,0,8,37,0,45,0,12,54,0,66,0,0,0,66
04/18/2020,HND,NV,AWP,WE,Federal Contract Tower,0,2,6,0,8,0,1,47,0,48,0,3,53,0,56,32,0,32,88
04/19/2020,HND,NV,AWP,WE,Federal Contract Tower,0,2,10,0,12,0,1,56,0,57,0,3,66,0,69,22,0,22,91
04/20/2020,HND,NV,AWP,WE,Federal Contract Tower,0,3,16,0,19,0,2,38,0,40,0,5,54,0,59,32,0,32,91
04/21/2020,HND,NV,AWP,WE,Federal Contract Tower,0,0,12,0,12,0,0,39,0,39,0,0,51,0,51,0,0,0,51
04/22/2020,HND,NV,AWP,WE,Federal Contract Tower,0,1,8,0,9,0,0,73,0,73,0,1,81,0,82,62,0,62,144
04/23/2020,HND,NV,AWP,WE,Federal Contract Tower,0,3,14,0,17,0,7,43,0,50,0,10,57,0,67,12,0,12,79
04/24/2020,HND,NV,AWP,WE,Federal Contract Tower,0,4,21,0,25,0,2,37,0,39,0,6,58,0,64,38,0,38,102
04/25/2020,HND,NV,AWP,WE,Federal Contract Tower,0,2,13,0,15,0,4,64,0,68,0,6,77,0,83,32,0,32,115
04/26/2020,HND,NV,AWP,WE,Federal Contract Tower,0,2,4,0,6,0,2,29,0,31,0,4,33,0,37,9,0,9,46
04/27/2020,HND,NV,AWP,WE,Federal Contract Tower,0,3,10,0,13,0,0,28,0,28,0,3,38,0,41,34,0,34,75
04/28/2020,HND,NV,AWP,WE,Federal Contract Tower,0,0,4,0,4,0,2,48,0,50,0,2,52,0,54,24,0,24,78
04/29/2020,HND,NV,AWP,WE,Federal Contract Tower,0,3,5,2,10,0,0,93,0,93,0,3,98,2,103,56,0,56,159
04/30/2020,HND,NV,AWP,WE,Federal Contract Tower,0,1,23,0,24,0,1,40,2,43,0,2,63,2,67,20,0,20,87
05/01/2020,HND,NV,AWP,WE,Federal Contract Tower,0,5,8,0,13,0,5,28,0,33,0,10,36,0,46,26,0,26,72
05/02/2020,HND,NV,AWP,WE,Federal Contract Tower,0,2,14,0,16,0,2,61,0,63,0,4,75,0,79,12,0,12,91
05/03/2020,HND,NV,AWP,WE,Federal Contract Tower,0,2,9,0,11,0,0,30,0,30,0,2,39,0,41,0,0,0,41
05/04/2020,HND,NV,AWP,WE,Federal Contract Tower,0,6,19,0,25,0,0,38,0,38,0,6,57,0,63,10,0,10,73
05/05/2020,HND,NV,AWP,WE,Federal Contract Tower,0,6,9,0,15,0,0,73,0,73,0,6,82,0,88,4,0,4,92
05/06/2020,HND,NV,AWP,WE,Federal Contract Tower,0,5,10,0,15,0,4,40,0,44,0,9,50,0,59,36,0,36,95
05/07/2020,HND,NV,AWP,WE,Federal Contract Tower,0,2,14,0,16,0,4,56,0,60,0,6,70,0,76,34,0,34,110
05/08/2020,HND,NV,AWP,WE,Federal Contract Tower,0,11,10,0,21,0,1,87,0,88,0,12,97,0,109,62,0,62,171
05/09/2020,HND,NV,AWP,WE,Federal Contract Tower,0,1,20,0,21,0,5,78,0,83,0,6,98,0,104,44,0,44,148
05/10/2020,HND,NV,AWP,WE,Federal Contract Tower,0,3,8,0,11,0,3,30,0,33,0,6,38,0,44,6,0,6,50
05/11/2020,HND,NV,AWP,WE,Federal Contract Tower,0,6,15,0,21,0,17,17,0,34,0,23,32,0,55,0,0,0,55
05/12/2020,HND,NV,AWP,WE,Federal Contract Tower,0,4,7,0,11,0,4,9,2,15,0,8,16,2,26,0,0,0,26
05/13/2020,HND,NV,AWP,WE,Federal Contract Tower,0,3,5,0,8,0,13,49,0,62,0,16,54,0,70,22,0,22,92
05/14/2020,HND,NV,AWP,WE,Federal Contract Tower,0,4,17,2,23,0,13,71,0,84,0,17,88,2,107,60,0,60,167
05/15/2020,HND,NV,AWP,WE,Federal Contract Tower,0,6,15,0,21,0,8,86,1,95,0,14,101,1,116,120,0,120,236
05/16/2020,HND,NV,AWP,WE,Federal Contract Tower,0,0,11,0,11,0,9,104,0,113,0,9,115,0,124,50,0,50,174
05/17/2020,HND,NV,AWP,WE,Federal Contract Tower,0,5,7,0,12,0,2,54,0,56,0,7,61,0,68,6,0,6,74
05/18/2020,HND,NV,AWP,WE,Federal Contract Tower,0,7,13,2,22,0,13,15,0,28,0,20,28,2,50,24,0,24,74
05/19/2020,HND,NV,AWP,WE,Federal Contract Tower,0,2,14,0,16,0,7,15,0,22,0,9,29,0,38,4,0,4,42
05/20/2020,HND,NV,AWP,WE,Federal Contract Tower,0,4,19,0,23,0,11,134,0,145,0,15,153,0,168,36,0,36,204
05/21/2020,HND,NV,AWP,WE,Federal Contract Tower,0,10,26,0,36,0,4,97,2,103,0,14,123,2,139,14,0,14,153
05/22/2020,HND,NV,AWP,WE,Federal Contract Tower,0,6,22,0,28,0,3,44,0,47,0,9,66,0,75,42,0,42,117
05/23/2020,HND,NV,AWP,WE,Federal Contract Tower,0,4,14,0,18,0,5,61,0,66,0,9,75,0,84,2,0,2,86
05/24/2020,HND,NV,AWP,WE,Federal Contract Tower,0,5,9,0,14,0,9,62,0,71,0,14,71,0,85,2,0,2,87
05/25/2020,HND,NV,AWP,WE,Federal Contract Tower,0,9,11,0,20,0,8,68,0,76,0,17,79,0,96,38,0,38,134
05/26/2020,HND,NV,AWP,WE,Federal Contract Tower,0,4,18,0,22,0,3,57,0,60,0,7,75,0,82,50,0,50,132
05/27/2020,HND,NV,AWP,WE,Federal Contract Tower,0,5,17,0,22,0,8,42,0,50,0,13,59,0,72,12,0,12,84
05/28/2020,HND,NV,AWP,WE,Federal Contract Tower,0,9,22,0,31,0,1,34,0,35,0,10,56,0,66,0,0,0,66
05/29/2020,HND,NV,AWP,WE,Federal Contract Tower,0,13,24,0,37,0,3,52,0,55,0,16,76,0,92,28,0,28,120
05/30/2020,HND,NV,AWP,WE,Federal Contract Tower,0,6,5,0,11,0,2,17,0,19,0,8,22,0,30,6,0,6,36
05/31/2020,HND,NV,AWP,WE,Federal Contract Tower,0,4,16,0,20,0,7,47,0,54,0,11,63,0,74,10,0,10,84
06/01/2020,HND,NV,AWP,WE,Federal Contract Tower,0,2,25,0,27,0,10,39,0,49,0,12,64,0,76,10,0,10,86
06/02/2020,HND,NV,AWP,WE,Federal Contract Tower,0,10,16,0,26,0,5,66,0,71,0,15,82,0,97,42,0,42,139
06/03/2020,HND,NV,AWP,WE,Federal Contract Tower,0,2,15,0,17,0,6,41,0,47,0,8,56,0,64,52,0,52,116
06/04/2020,HND,NV,AWP,WE,Federal Contract Tower,0,7,23,0,30,0,8,59,0,67,0,15,82,0,97,54,0,54,151
06/05/2020,HND,NV,AWP,WE,Federal Contract Tower,0,6,19,0,25,0,8,63,0,71,0,14,82,0,96,12,0,12,108
06/06/2020,HND,NV,AWP,WE,Federal Contract Tower,0,1,20,0,21,0,13,34,0,47,0,14,54,0,68,6,0,6,74
06/07/2020,HND,NV,AWP,WE,Federal Contract Tower,0,3,25,0,28,0,12,27,0,39,0,15,52,0,67,20,0,20,87
06/08/2020,HND,NV,AWP,WE,Federal Contract Tower,0,8,22,0,30,0,9,66,0,75,0,17,88,0,105,22,0,22,127
06/09/2020,HND,NV,AWP,WE,Federal Contract Tower,0,9,21,0,30,0,12,80,0,92,0,21,101,0,122,24,0,24,146
06/10/2020,HND,NV,AWP,WE,Federal Contract Tower,0,12,21,0,33,0,15,112,2,129,0,27,133,2,162,94,0,94,256
06/11/2020,HND,NV,AWP,WE,Federal Contract Tower,0,5,38,0,43,0,2,80,0,82,0,7,118,0,125,122,0,122,247
06/12/2020,HND,NV,AWP,WE,Federal Contract Tower,0,8,38,0,46,0,5,77,0,82,0,13,115,0,128,42,0,42,170
06/13/2020,HND,NV,AWP,WE,Federal Contract Tower,0,8,19,0,27,0,30,25,0,55,0,38,44,0,82,0,0,0,82
06/14/2020,HND,NV,AWP,WE,Federal Contract Tower,0,13,28,0,41,0,5,106,2,113,0,18,134,2,154,52,0,52,206
06/15/2020,HND,NV,AWP,WE,Federal Contract Tower,0,10,28,0,38,0,4,65,0,69,0,14,93,0,107,18,0,18,125
06/16/2020,HND,NV,AWP,WE,Federal Contract Tower,0,3,17,0,20,0,6,34,0,40,0,9,51,0,60,18,0,18,78
06/17/2020,HND,NV,AWP,WE,Federal Contract Tower,0,2,14,0,16,0,14,102,0,116,0,16,116,0,132,52,0,52,184
06/18/2020,HND,NV,AWP,WE,Federal Contract Tower,0,4,23,0,27,0,7,69,0,76,0,11,92,0,103,28,0,28,131
06/19/2020,HND,NV,AWP,WE,Federal Contract Tower,0,6,33,0,39,0,7,114,0,121,0,13,147,0,160,40,0,40,200
06/20/2020,HND,NV,AWP,WE,Federal Contract Tower,0,8,26,0,34,0,32,80,0,112,0,40,106,0,146,32,0,32,178
06/21/2020,HND,NV,AWP,WE,Federal Contract Tower,0,12,22,0,34,0,23,55,0,78,0,35,77,0,112,62,0,62,174
06/22/2020,HND,NV,AWP,WE,Federal Contract Tower,0,7,27,0,34,0,4,40,10,54,0,11,67,10,88,38,0,38,126
06/23/2020,HND,NV,AWP,WE,Federal Contract Tower,0,6,18,0,24,0,9,75,0,84,0,15,93,0,108,50,0,50,158
06/24/2020,HND,NV,AWP,WE,Federal Contract Tower,0,5,26,0,31,0,21,83,0,104,0,26,109,0,135,60,0,60,195
06/25/2020,HND,NV,AWP,WE,Federal Contract Tower,0,4,25,0,29,0,8,67,0,75,0,12,92,0,104,42,0,42,146
06/26/2020,HND,NV,AWP,WE,Federal Contract Tower,0,15,25,0,40,0,5,87,0,92,0,20,112,0,132,66,0,66,198
06/27/2020,HND,NV,AWP,WE,Federal Contract Tower,0,1,21,0,22,0,13,84,0,97,0,14,105,0,119,28,0,28,147
06/28/2020,HND,NV,AWP,WE,Federal Contract Tower,0,13,31,0,44,0,9,18,0,27,0,22,49,0,71,4,0,4,75
06/29/2020,HND,NV,AWP,WE,Federal Contract Tower,0,13,41,0,54,0,22,65,0,87,0,35,106,0,141,66,0,66,207
06/30/2020,HND,NV,AWP,WE,Federal Contract Tower,0,9,24,0,33,0,8,84,0,92,0,17,108,0,125,40,0,40,165
07/01/2020,HND,NV,AWP,WE,Federal Contract Tower,0,1,22,0,23,0,6,80,0,86,0,7,102,0,109,38,0,38,147
07/02/2020,HND,NV,AWP,WE,Federal Contract Tower,0,7,28,0,35,0,6,84,0,90,0,13,112,0,125,76,0,76,201
07/03/2020,HND,NV,AWP,WE,Federal Contract Tower,0,4,22,0,26,0,8,95,0,103,0,12,117,0,129,69,0,69,198
07/04/2020,HND,NV,AWP,WE,Federal Contract Tower,0,1,6,0,7,0,22,53,0,75,0,23,59,0,82,28,0,28,110
07/05/2020,HND,NV,AWP,WE,Federal Contract Tower,0,1,12,0,13,0,14,62,0,76,0,15,74,0,89,24,0,24,113
07/06/2020,HND,NV,AWP,WE,Federal Contract Tower,0,5,21,0,26,0,8,57,0,65,0,13,78,0,91,2,0,2,93
07/07/2020,HND,NV,AWP,WE,Federal Contract Tower,0,7,19,0,26,0,8,48,0,56,0,15,67,0,82,20,0,20,102
07/08/2020,HND,NV,AWP,WE,Federal Contract Tower,0,5,27,0,32,0,5,59,0,64,0,10,86,0,96,0,0,0,96
07/09/2020,HND,NV,AWP,WE,Federal Contract Tower,0,5,15,0,20,0,12,70,0,82,0,17,85,0,102,24,0,24,126
07/10/2020,HND,NV,AWP,WE,Federal Contract Tower,0,11,20,0,31,0,7,60,0,67,0,18,80,0,98,20,0,20,118
07/11/2020,HND,NV,AWP,WE,Federal Contract Tower,0,2,11,0,13,0,11,44,0,55,0,13,55,0,68,110,0,110,178
07/12/2020,HND,NV,AWP,WE,Federal Contract Tower,0,6,22,0,28,0,27,51,0,78,0,33,73,0,106,10,0,10,116
07/13/2020,HND,NV,AWP,WE,Federal Contract Tower,0,6,27,0,33,0,15,25,0,40,0,21,52,0,73,0,0,0,73
07/14/2020,HND,NV,AWP,WE,Federal Contract Tower,0,3,11,0,14,0,10,50,0,60,0,13,61,0,74,18,0,18,92
07/15/2020,HND,NV,AWP,WE,Federal Contract Tower,0,7,16,0,23,0,15,41,0,56,0,22,57,0,79,40,0,40,119
07/16/2020,HND,NV,AWP,WE,Federal Contract Tower,0,4,24,0,28,0,14,46,0,60,0,18,70,0,88,52,0,52,140
07/17/2020,HND,NV,AWP,WE,Federal Contract Tower,0,6,20,0,26,0,5,56,0,61,0,11,76,0,87,46,0,46,133
07/18/2020,HND,NV,AWP,WE,Federal Contract Tower,0,6,18,0,24,0,13,67,0,80,0,19,85,0,104,66,0,66,170
07/19/2020,HND,NV,AWP,WE,Federal Contract Tower,0,6,15,0,21,0,22,71,0,93,0,28,86,0,114,42,0,42,156
07/20/2020,HND,NV,AWP,WE,Federal Contract Tower,0,7,32,0,39,0,10,62,0,72,0,17,94,0,111,42,0,42,153
07/21/2020,HND,NV,AWP,WE,Federal Contract Tower,0,8,13,0,21,0,9,54,0,63,0,17,67,0,84,30,0,30,114
07/22/2020,HND,NV,AWP,WE,Federal Contract Tower,0,7,16,0,23,0,20,55,0,75,0,27,71,0,98,48,0,48,146
07/23/2020,HND,NV,AWP,WE,Federal Contract Tower,0,7,16,0,23,0,28,65,0,93,0,35,81,0,116,74,0,74,190
07/24/2020,HND,NV,AWP,WE,Federal Contract Tower,0,8,25,0,33,0,14,88,0,102,0,22,113,0,135,28,0,28,163
07/25/2020,HND,NV,AWP,WE,Federal Contract Tower,0,8,18,0,26,0,5,85,1,91,0,13,103,1,117,32,0,32,149
07/26/2020,HND,NV,AWP,WE,Federal Contract Tower,0,7,27,0,34,0,6,77,1,84,0,13,104,1,118,16,0,16,134
07/27/2020,HND,NV,AWP,WE,Federal Contract Tower,0,10,22,0,32,0,24,55,1,80,0,34,77,1,112,0,0,0,112
07/28/2020,HND,NV,AWP,WE,Federal Contract Tower,0,6,18,0,24,0,8,52,2,62,0,14,70,2,86,6,0,6,92
07/29/2020,HND,NV,AWP,WE,Federal Contract Tower,0,7,18,0,25,0,19,70,9,98,0,26,88,9,123,11,0,11,134
07/30/2020,HND,NV,AWP,WE,Federal Contract Tower,0,8,13,0,21,0,15,46,0,61,0,23,59,0,82,14,0,14,96
07/31/2020,HND,NV,AWP,WE,Federal Contract Tower,0,5,26,0,31,0,6,84,2,92,0,11,110,2,123,28,0,28,151
08/01/2020,HND,NV,AWP,WE,Federal Contract Tower,0,0,12,0,12,0,5,59,0,64,0,5,71,0,76,2,0,2,78
08/02/2020,HND,NV,AWP,WE,Federal Contract Tower,0,9,24,0,33,0,18,45,2,65,0,27,69,2,98,38,0,38,136
08/03/2020,HND,NV,AWP,WE,Federal Contract Tower,0,2,13,0,15,0,7,51,4,62,0,9,64,4,77,18,0,18,95
08/04/2020,HND,NV,AWP,WE,Federal Contract Tower,0,8,14,0,22,0,11,60,4,75,0,19,74,4,97,12,0,12,109
08/05/2020,HND,NV,AWP,WE,Federal Contract Tower,0,5,14,0,19,0,14,70,0,84,0,19,84,0,103,81,0,81,184
08/06/2020,HND,NV,AWP,WE,Federal Contract Tower,0,10,21,0,31,0,8,61,4,73,0,18,82,4,104,86,0,86,190
08/07/2020,HND,NV,AWP,WE,Federal Contract Tower,0,11,12,0,23,0,13,84,0,97,0,24,96,0,120,109,0,109,229
08/08/2020,HND,NV,AWP,WE,Federal Contract Tower,0,6,18,0,24,0,12,56,0,68,0,18,74,0,92,26,0,26,118
08/09/2020,HND,NV,AWP,WE,Federal Contract Tower,0,7,23,0,30,0,3,84,4,91,0,10,107,4,121,18,0,18,139
08/10/2020,HND,NV,AWP,WE,Federal Contract Tower,0,7,21,0,28,0,12,63,0,75,0,19,84,0,103,0,0,0,103
08/11/2020,HND,NV,AWP,WE,Federal Contract Tower,0,3,26,0,29,0,8,43,0,51,0,11,69,0,80,4,0,4,84
08/12/2020,HND,NV,AWP,WE,Federal Contract Tower,0,7,19,3,29,0,11,71,2,84,0,18,90,5,113,36,0,36,149
08/13/2020,HND,NV,AWP,WE,Federal Contract Tower,0,17,24,0,41,0,16,71,0,87,0,33,95,0,128,40,0,40,168
08/14/2020,HND,NV,AWP,WE,Federal Contract Tower,0,11,32,0,43,0,17,89,0,106,0,28,121,0,149,88,0,88,237
08/15/2020,HND,NV,AWP,WE,Federal Contract Tower,0,8,19,0,27,0,19,78,2,99,0,27,97,2,126,33,0,33,159
08/16/2020,HND,NV,AWP,WE,Federal Contract Tower,0,10,17,0,27,0,3,64,0,67,0,13,81,0,94,16,0,16,110
08/17/2020,HND,NV,AWP,WE,Federal Contract Tower,0,8,17,0,25,0,19,45,0,64,0,27,62,0,89,20,0,20,109
08/18/2020,HND,NV,AWP,WE,Federal Contract Tower,0,12,13,0,25,0,8,54,0,62,0,20,67,0,87,10,0,10,97
08/19/2020,HND,NV,AWP,WE,Federal Contract Tower,0,8,19,0,27,0,5,55,0,60,0,13,74,0,87,36,0,36,123
08/20/2020,HND,NV,AWP,WE,Federal Contract Tower,0,9,24,0,33,0,36,71,2,109,0,45,95,2,142,34,0,34,176
08/21/2020,HND,NV,AWP,WE,Federal Contract Tower,0,6,23,0,29,0,8,68,0,76,0,14,91,0,105,84,0,84,189
08/22/2020,HND,NV,AWP,WE,Federal Contract Tower,0,8,9,0,17,0,22,37,0,59,0,30,46,0,76,26,0,26,102
08/23/2020,HND,NV,AWP,WE,Federal Contract Tower,0,4,18,0,22,0,16,67,2,85,0,20,85,2,107,30,0,30,137
08/24/2020,HND,NV,AWP,WE,Federal Contract Tower,0,5,18,0,23,0,11,42,4,57,0,16,60,4,80,28,0,28,108
08/25/2020,HND,NV,AWP,WE,Federal Contract Tower,0,5,18,0,23,0,9,55,0,64,0,14,73,0,87,54,0,54,141
08/26/2020,HND,NV,AWP,WE,Federal Contract Tower,0,6,20,0,26,0,15,70,0,85,0,21,90,0,111,6,0,6,117
08/27/2020,HND,NV,AWP,WE,Federal Contract Tower,0,5,30,0,35,0,12,68,3,83,0,17,98,3,118,36,0,36,154
08/28/2020,HND,NV,AWP,WE,Federal Contract Tower,0,4,36,0,40,0,13,98,1,112,0,17,134,1,152,68,0,68,220
08/29/2020,HND,NV,AWP,WE,Federal Contract Tower,0,6,12,0,18,0,29,76,0,105,0,35,88,0,123,34,0,34,157
08/30/2020,HND,NV,AWP,WE,Federal Contract Tower,0,1,19,0,20,0,0,75,2,77,0,1,94,2,97,36,0,36,133
08/31/2020,HND,NV,AWP,WE,Federal Contract Tower,0,5,20,0,25,0,14,83,7,104,0,19,103,7,129,62,0,62,191
09/01/2020,HND,NV,AWP,WE,Federal Contract Tower,0,3,31,0,34,0,25,77,1,103,0,28,108,1,137,12,0,12,149
09/02/2020,HND,NV,AWP,WE,Federal Contract Tower,0,12,37,2,51,0,8,89,2,99,0,20,126,4,150,30,0,30,180
09/03/2020,HND,NV,AWP,WE,Federal Contract Tower,0,2,27,0,29,0,7,98,5,110,0,9,125,5,139,40,0,40,179
09/04/2020,HND,NV,AWP,WE,Federal Contract Tower,0,6,29,0,35,0,10,88,0,98,0,16,117,0,133,89,0,89,222
09/05/2020,HND,NV,AWP,WE,Federal Contract Tower,0,4,21,0,25,0,21,68,0,89,0,25,89,0,114,70,0,70,184
09/06/2020,HND,NV,AWP,WE,Federal Contract Tower,0,4,18,0,22,0,41,72,0,113,0,45,90,0,135,22,0,22,157
09/07/2020,HND,NV,AWP,WE,Federal Contract Tower,0,7,40,0,47,0,3,65,0,68,0,10,105,0,115,66,0,66,181
09/08/2020,HND,NV,AWP,WE,Federal Contract Tower,0,3,20,0,23,0,2,5,0,7,0,5,25,0,30,0,0,0,30
09/09/2020,HND,NV,AWP,WE,Federal Contract Tower,0,9,15,0,24,0,18,41,0,59,0,27,56,0,83,74,0,74,157
09/10/2020,HND,NV,AWP,WE,Federal Contract Tower,0,9,24,0,33,0,14,105,4,123,0,23,129,4,156,34,0,34,190
09/11/2020,HND,NV,AWP,WE,Federal Contract Tower,0,8,27,0,35,0,16,92,0,108,0,24,119,0,143,66,0,66,209
09/12/2020,HND,NV,AWP,WE,Federal Contract Tower,0,10,15,0,25,0,21,70,0,91,0,31,85,0,116,63,0,63,179
09/13/2020,HND,NV,AWP,WE,Federal Contract Tower,0,0,1,0,1,0,4,0,0,4,0,4,1,0,5,0,0,0,5
09/14/2020,HND,NV,AWP,WE,Federal Contract Tower,0,0,26,0,26,0,6,69,0,75,0,6,95,0,101,20,0,20,121
09/15/2020,HND,NV,AWP,WE,Federal Contract Tower,0,10,17,3,30,0,10,82,0,92,0,20,99,3,122,50,0,50,172
09/16/2020,HND,NV,AWP,WE,Federal Contract Tower,0,4,24,0,28,0,12,105,0,117,0,16,129,0,145,84,0,84,229
09/17/2020,HND,NV,AWP,WE,Federal Contract Tower,0,13,30,0,43,0,18,85,0,103,0,31,115,0,146,62,0,62,208
09/18/2020,HND,NV,AWP,WE,Federal Contract Tower,0,13,19,0,32,0,19,70,0,89,0,32,89,0,121,42,0,42,163
09/19/2020,HND,NV,AWP,WE,Federal Contract Tower,0,2,21,0,23,0,12,65,0,77,0,14,86,0,100,16,0,16,116
09/20/2020,HND,NV,AWP,WE,Federal Contract Tower,0,4,21,0,25,0,8,78,0,86,0,12,99,0,111,90,0,90,201
09/21/2020,HND,NV,AWP,WE,Federal Contract Tower,0,5,24,0,29,0,8,79,0,87,0,13,103,0,116,50,0,50,166
09/22/2020,HND,NV,AWP,WE,Federal Contract Tower,0,7,20,0,27,0,10,104,0,114,0,17,124,0,141,64,0,64,205
09/23/2020,HND,NV,AWP,WE,Federal Contract Tower,0,6,25,0,31,0,13,69,3,85,0,19,94,3,116,24,0,24,140
09/24/2020,HND,NV,AWP,WE,Federal Contract Tower,0,12,27,0,39,0,5,104,0,109,0,17,131,0,148,24,0,24,172
09/25/2020,HND,NV,AWP,WE,Federal Contract Tower,0,7,29,0,36,0,9,81,0,90,0,16,110,0,126,20,0,20,146
09/26/2020,HND,NV,AWP,WE,Federal Contract Tower,0,2,11,0,13,0,24,97,3,124,0,26,108,3,137,80,0,80,217
09/27/2020,HND,NV,AWP,WE,Federal Contract Tower,0,4,24,0,28,0,3,95,0,98,0,7,119,0,126,114,0,114,240
09/28/2020,HND,NV,AWP,WE,Federal Contract Tower,0,6,33,0,39,0,13,71,6,90,0,19,104,6,129,6,0,6,135
09/29/2020,HND,NV,AWP,WE,Federal Contract Tower,0,10,28,0,38,0,4,93,7,104,0,14,121,7,142,126,0,126,268
09/30/2020,HND,NV,AWP,WE,Federal Contract Tower,0,3,28,0,31,0,22,99,2,123,0,25,127,2,154,88,0,88,242
10/01/2020,HND,NV,AWP,WE,Federal Contract Tower,0,15,25,0,40,0,23,202,2,227,0,38,227,2,267,54,0,54,321
10/02/2020,HND,NV,AWP,WE,Federal Contract Tower,0,12,38,0,50,0,17,90,0,107,0,29,128,0,157,72,0,72,229
10/03/2020,HND,NV,AWP,WE,Federal Contract Tower,0,1,23,0,24,0,28,92,0,120,0,29,115,0,144,28,0,28,172
10/04/2020,HND,NV,AWP,WE,Federal Contract Tower,0,14,42,0,56,0,24,75,0,99,0,38,117,0,155,16,0,16,171
10/05/2020,HND,NV,AWP,WE,Federal Contract Tower,0,18,36,0,54,0,22,92,0,114,0,40,128,0,168,32,0,32,200
10/06/2020,HND,NV,AWP,WE,Federal Contract Tower,0,8,16,0,24,0,0,91,2,93,0,8,107,2,117,38,0,38,155
10/07/2020,HND,NV,AWP,WE,Federal Contract Tower,0,5,24,0,29,0,10,221,3,234,0,15,245,3,263,54,0,54,317
10/08/2020,HND,NV,AWP,WE,Federal Contract Tower,0,5,35,0,40,0,13,93,0,106,0,18,128,0,146,88,0,88,234
10/09/2020,HND,NV,AWP,WE,Federal Contract Tower,0,10,45,0,55,0,8,119,1,128,0,18,164,1,183,92,0,92,275
10/10/2020,HND,NV,AWP,WE,Federal Contract Tower,0,8,26,0,34,0,17,110,0,127,0,25,136,0,161,58,0,58,219
10/11/2020,HND,NV,AWP,WE,Federal Contract Tower,0,10,43,0,53,0,18,115,0,133,0,28,158,0,186,110,0,110,296
10/12/2020,HND,NV,AWP,WE,Federal Contract Tower,0,4,27,0,31,0,7,91,0,98,0,11,118,0,129,64,0,64,193
10/13/2020,HND,NV,AWP,WE,Federal Contract Tower,0,3,28,2,33,0,7,101,4,112,0,10,129,6,145,78,0,78,223
10/14/2020,HND,NV,AWP,WE,Federal Contract Tower,0,13,20,0,33,0,7,96,0,103,0,20,116,0,136,64,0,64,200
10/15/2020,HND,NV,AWP,WE,Federal Contract Tower,0,11,38,0,49,0,4,79,3,86,0,15,117,3,135,76,0,76,211
10/16/2020,HND,NV,AWP,WE,Federal Contract Tower,0,10,33,0,43,0,13,94,2,109,0,23,127,2,152,47,5,52,204
10/17/2020,HND,NV,AWP,WE,Federal Contract Tower,0,7,26,0,33,0,21,89,0,110,0,28,115,0,143,14,0,14,157
10/18/2020,HND,NV,AWP,WE,Federal Contract Tower,0,9,33,0,42,0,8,48,0,56,0,17,81,0,98,20,0,20,118
10/19/2020,HND,NV,AWP,WE,Federal Contract Tower,0,9,36,0,45,0,9,56,0,65,0,18,92,0,110,30,0,30,140
10/20/2020,HND,NV,AWP,WE,Federal Contract Tower,0,4,29,0,33,0,5,124,2,131,0,9,153,2,164,90,0,90,254
10/21/2020,HND,NV,AWP,WE,Federal Contract Tower,0,8,33,0,41,0,11,91,0,102,0,19,124,0,143,76,0,76,219
10/22/2020,HND,NV,AWP,WE,Federal Contract Tower,0,12,34,0,46,0,23,102,1,126,0,35,136,1,172,78,0,78,250
10/23/2020,HND,NV,AWP,WE,Federal Contract Tower,0,7,38,0,45,0,16,129,1,146,0,23,167,1,191,15,0,15,206
10/24/2020,HND,NV,AWP,WE,Federal Contract Tower,0,7,28,0,35,0,10,94,1,105,0,17,122,1,140,92,0,92,232
10/25/2020,HND,NV,AWP,WE,Federal Contract Tower,0,13,36,0,49,0,11,35,0,46,0,24,71,0,95,0,0,0,95
10/26/2020,HND,NV,AWP,WE,Federal Contract Tower,0,10,18,0,28,0,10,29,7,46,0,20,47,7,74,0,0,0,74
10/27/2020,HND,NV,AWP,WE,Federal Contract Tower,0,9,36,1,46,0,12,88,6,106,0,21,124,7,152,48,0,48,200
10/28/2020,HND,NV,AWP,WE,Federal Contract Tower,0,12,18,0,30,0,8,34,2,44,0,20,52,2,74,24,0,24,98
10/29/2020,HND,NV,AWP,WE,Federal Contract Tower,0,7,36,0,43,0,12,114,0,126,0,19,150,0,169,58,0,58,227
10/30/2020,HND,NV,AWP,WE,Federal Contract Tower,0,8,41,0,49,0,7,119,1,127,0,15,160,1,176,66,0,66,242
10/31/2020,HND,NV,AWP,WE,Federal Contract Tower,0,14,0,0,14,0,20,125,0,145,0,34,125,0,159,92,0,92,251
11/01/2020,HND,NV,AWP,WE,Federal Contract Tower,0,0,31,0,31,0,7,96,1,104,0,7,127,1,135,104,0,104,239
11/02/2020,HND,NV,AWP,WE,Federal Contract Tower,0,5,28,0,33,0,8,81,0,89,0,13,109,0,122,62,0,62,184
11/03/2020,HND,NV,AWP,WE,Federal Contract Tower,0,7,22,0,29,0,16,85,4,105,0,23,107,4,134,48,0,48,182
11/04/2020,HND,NV,AWP,WE,Federal Contract Tower,0,8,29,0,37,0,10,96,1,107,0,18,125,1,144,120,0,120,264
11/05/2020,HND,NV,AWP,WE,Federal Contract Tower,0,8,32,0,40,0,14,115,0,129,0,22,147,0,169,130,0,130,299
11/06/2020,HND,NV,AWP,WE,Federal Contract Tower,0,16,32,0,48,0,29,65,3,97,0,45,97,3,145,44,0,44,189
11/07/2020,HND,NV,AWP,WE,Federal Contract Tower,0,8,16,0,24,0,10,15,2,27,0,18,31,2,51,18,0,18,69
11/08/2020,HND,NV,AWP,WE,Federal Contract Tower,0,12,29,0,41,0,4,10,0,14,0,16,39,0,55,0,0,0,55
11/09/2020,HND,NV,AWP,WE,Federal Contract Tower,0,9,42,0,51,0,19,107,4,130,0,28,149,4,181,46,0,46,227
11/10/2020,HND,NV,AWP,WE,Federal Contract Tower,0,10,22,0,32,0,6,94,5,105,0,16,116,5,137,66,0,66,203
11/11/2020,HND,NV,AWP,WE,Federal Contract Tower,0,3,33,0,36,0,8,99,8,115,0,11,132,8,151,68,0,68,219
11/12/2020,HND,NV,AWP,WE,Federal Contract Tower,0,6,42,0,48,0,21,96,0,117,0,27,138,0,165,52,0,52,217
11/13/2020,HND,NV,AWP,WE,Federal Contract Tower,0,6,26,1,33,0,16,88,2,106,0,22,114,3,139,24,0,24,163
11/14/2020,HND,NV,AWP,WE,Federal Contract Tower,0,6,21,0,27,0,20,123,1,144,0,26,144,1,171,54,0,54,225
11/15/2020,HND,NV,AWP,WE,Federal Contract Tower,0,10,32,1,43,0,13,114,2,129,0,23,146,3,172,28,0,28,200
11/16/2020,HND,NV,AWP,WE,Federal Contract Tower,0,12,42,0,54,0,10,103,5,118,0,22,145,5,172,46,0,46,218
11/17/2020,HND,NV,AWP,WE,Federal Contract Tower,0,7,17,0,24,0,19,102,5,126,0,26,119,5,150,32,0,32,182
11/18/2020,HND,NV,AWP,WE,Federal Contract Tower,0,5,21,0,26,0,9,53,4,66,0,14,74,4,92,4,0,4,96
11/19/2020,HND,NV,AWP,WE,Federal Contract Tower,0,14,34,0,48,0,19,102,2,123,0,33,136,2,171,50,0,50,221
11/20/2020,HND,NV,AWP,WE,Federal Contract Tower,0,9,35,0,44,0,16,123,2,141,0,25,158,2,185,98,0,98,283
11/21/2020,HND,NV,AWP,WE,Federal Contract Tower,0,5,26,0,31,0,12,111,2,125,0,17,137,2,156,42,0,42,198
11/22/2020,HND,NV,AWP,WE,Federal Contract Tower,0,7,34,0,41,0,8,111,1,120,0,15,145,1,161,48,0,48,209
11/23/2020,HND,NV,AWP,WE,Federal Contract Tower,0,19,33,0,52,0,12,72,1,85,0,31,105,1,137,60,0,60,197
11/24/2020,HND,NV,AWP,WE,Federal Contract Tower,0,5,16,0,21,0,6,81,0,87,0,11,97,0,108,34,0,34,142
11/25/2020,HND,NV,AWP,WE,Federal Contract Tower,0,10,38,0,48,0,10,143,0,153,0,20,181,0,201,80,0,80,281
11/26/2020,HND,NV,AWP,WE,Federal Contract Tower,0,0,5,0,5,0,5,15,0,20,0,5,20,0,25,14,0,14,39
11/27/2020,HND,NV,AWP,WE,Federal Contract Tower,0,6,26,0,32,0,14,67,0,81,0,20,93,0,113,24,0,24,137
11/28/2020,HND,NV,AWP,WE,Federal Contract Tower,0,3,15,0,18,0,13,104,0,117,0,16,119,0,135,88,0,88,223
11/29/2020,HND,NV,AWP,WE,Federal Contract Tower,0,6,31,0,37,0,7,114,0,121,0,13,145,0,158,74,0,74,232
11/30/2020,HND,NV,AWP,WE,Federal Contract Tower,0,6,37,0,43,0,7,77,0,84,0,13,114,0,127,38,0,38,165
12/01/2020,HND,NV,AWP,WE,Federal Contract Tower,0,11,12,0,23,0,12,62,0,74,0,23,74,0,97,90,0,90,187
12/02/2020,HND,NV,AWP,WE,Federal Contract Tower,0,6,24,0,30,0,3,66,2,71,0,9,90,2,101,38,0,38,139
12/03/2020,HND,NV,AWP,WE,Federal Contract Tower,0,8,35,0,43,0,7,98,0,105,0,15,133,0,148,102,0,102,250
12/04/2020,HND,NV,AWP,WE,Federal Contract Tower,0,5,35,0,40,0,9,108,0,117,0,14,143,0,157,106,0,106,263
12/05/2020,HND,NV,AWP,WE,Federal Contract Tower,0,3,17,0,20,0,12,140,0,152,0,15,157,0,172,47,0,47,219
12/06/2020,HND,NV,AWP,WE,Federal Contract Tower,0,6,27,0,33,0,4,116,2,122,0,10,143,2,155,52,0,52,207
12/07/2020,HND,NV,AWP,WE,Federal Contract Tower,0,4,25,0,29,0,6,74,1,81,0,10,99,1,110,82,0,82,192
12/08/2020,HND,NV,AWP,WE,Federal Contract Tower,0,7,19,0,26,0,6,93,0,99,0,13,112,0,125,62,0,62,187
12/09/2020,HND,NV,AWP,WE,Federal Contract Tower,0,8,33,0,41,0,8,96,0,104,0,16,129,0,145,58,0,58,203
12/10/2020,HND,NV,AWP,WE,Federal Contract Tower,0,15,36,0,51,0,7,111,0,118,0,22,147,0,169,88,0,88,257
12/11/2020,HND,NV,AWP,WE,Federal Contract Tower,0,13,28,0,41,0,8,101,2,111,0,21,129,2,152,72,0,72,224
12/12/2020,HND,NV,AWP,WE,Federal Contract Tower,0,4,19,0,23,0,12,77,1,90,0,16,96,1,113,26,0,26,139
12/13/2020,HND,NV,AWP,WE,Federal Contract Tower,0,4,38,0,42,0,16,118,0,134,0,20,156,0,176,94,0,94,270
12/14/2020,HND,NV,AWP,WE,Federal Contract Tower,0,4,18,0,22,0,15,115,0,130,0,19,133,0,152,28,0,28,180
12/15/2020,HND,NV,AWP,WE,Federal Contract Tower,0,4,22,0,26,0,18,94,0,112,0,22,116,0,138,84,0,84,222
12/16/2020,HND,NV,AWP,WE,Federal Contract Tower,0,10,31,0,41,0,12,89,0,101,0,22,120,0,142,104,0,104,246
12/17/2020,HND,NV,AWP,WE,Federal Contract Tower,0,5,22,0,27,0,8,59,0,67,0,13,81,0,94,46,0,46,140
12/18/2020,HND,NV,AWP,WE,Federal Contract Tower,0,10,30,0,40,0,9,90,0,99,0,19,120,0,139,46,0,46,185
12/19/2020,HND,NV,AWP,WE,Federal Contract Tower,0,9,16,0,25,0,9,115,0,124,0,18,131,0,149,52,0,52,201
12/20/2020,HND,NV,AWP,WE,Federal Contract Tower,0,3,20,0,23,0,7,138,0,145,0,10,158,0,168,50,0,50,218
12/21/2020,HND,NV,AWP,WE,Federal Contract Tower,0,9,29,0,38,0,15,97,0,112,0,24,126,0,150,68,0,68,218
12/22/2020,HND,NV,AWP,WE,Federal Contract Tower,0,12,33,0,45,0,13,105,0,118,0,25,138,0,163,94,0,94,257
12/23/2020,HND,NV,AWP,WE,Federal Contract Tower,0,4,25,0,29,0,12,26,0,38,0,16,51,0,67,0,0,0,67
12/24/2020,HND,NV,AWP,WE,Federal Contract Tower,0,4,12,0,16,0,4,101,0,105,0,8,113,0,121,24,0,24,145
12/25/2020,HND,NV,AWP,WE,Federal Contract Tower,0,1,4,0,5,0,7,30,0,37,0,8,34,0,42,0,0,0,42
12/26/2020,HND,NV,AWP,WE,Federal Contract Tower,0,7,28,0,35,0,11,82,0,93,0,18,110,0,128,67,0,67,195
12/27/2020,HND,NV,AWP,WE,Federal Contract Tower,0,2,32,0,34,0,28,80,0,108,0,30,112,0,142,36,0,36,178
12/28/2020,HND,NV,AWP,WE,Federal Contract Tower,0,3,19,0,22,0,7,13,0,20,0,10,32,0,42,30,0,30,72
12/29/2020,HND,NV,AWP,WE,Federal Contract Tower,0,3,31,0,34,0,32,71,1,104,0,35,102,1,138,64,0,64,202
12/30/2020,HND,NV,AWP,WE,Federal Contract Tower,0,9,20,0,29,0,15,111,0,126,0,24,131,0,155,93,0,93,248
12/31/2020,HND,NV,AWP,WE,Federal Contract Tower,0,6,50,0,56,0,53,105,0,158,0,59,155,0,214,4,0,4,218
01/01/2021,HND,NV,AWP,WE,Federal Contract Tower,0,4,11,0,15,0,11,58,0,69,0,15,69,0,84,20,0,20,104
01/02/2021,HND,NV,AWP,WE,Federal Contract Tower,0,6,18,0,24,0,28,94,2,124,0,34,112,2,148,62,0,62,210
01/03/2021,HND,NV,AWP,WE,Federal Contract Tower,0,9,23,0,32,0,9,77,0,86,0,18,100,0,118,30,0,30,148
01/04/2021,HND,NV,AWP,WE,Federal Contract Tower,0,3,30,0,33,0,6,68,0,74,0,9,98,0,107,54,0,54,161
01/05/2021,HND,NV,AWP,WE,Federal Contract Tower,0,6,20,1,27,0,12,80,0,92,0,18,100,1,119,48,0,48,167
01/06/2021,HND,NV,AWP,WE,Federal Contract Tower,0,3,14,0,17,0,6,130,0,136,0,9,144,0,153,82,0,82,235
01/07/2021,HND,NV,AWP,WE,Federal Contract Tower,0,5,31,0,36,0,7,89,1,97,0,12,120,1,133,62,0,62,195
01/08/2021,HND,NV,AWP,WE,Federal Contract Tower,0,3,27,0,30,0,21,150,1,172,0,24,177,1,202,30,0,30,232
01/09/2021,HND,NV,AWP,WE,Federal Contract Tower,0,5,17,0,22,0,15,67,0,82,0,20,84,0,104,42,0,42,146
01/10/2021,HND,NV,AWP,WE,Federal Contract Tower,0,13,25,0,38,0,9,143,0,152,0,22,168,0,190,108,0,108,298
01/11/2021,HND,NV,AWP,WE,Federal Contract Tower,0,2,28,0,30,0,7,48,3,58,0,9,76,3,88,92,0,92,180
01/12/2021,HND,NV,AWP,WE,Federal Contract Tower,0,5,21,0,26,0,2,135,1,138,0,7,156,1,164,80,0,80,244
01/13/2021,HND,NV,AWP,WE,Federal Contract Tower,0,6,29,0,35,0,17,118,0,135,0,23,147,0,170,34,0,34,204
01/14/2021,HND,NV,AWP,WE,Federal Contract Tower,0,7,25,0,32,0,13,110,0,123,0,20,135,0,155,46,0,46,201
01/15/2021,HND,NV,AWP,WE,Federal Contract Tower,0,8,36,0,44,0,15,144,0,159,0,23,180,0,203,94,0,94,297
01/16/2021,HND,NV,AWP,WE,Federal Contract Tower,0,6,24,0,30,0,13,138,0,151,0,19,162,0,181,50,0,50,231
01/17/2021,HND,NV,AWP,WE,Federal Contract Tower,0,7,19,0,26,0,11,121,0,132,0,18,140,0,158,44,0,44,202
01/18/2021,HND,NV,AWP,WE,Federal Contract Tower,0,5,22,0,27,0,11,86,0,97,0,16,108,0,124,58,0,58,182
01/19/2021,HND,NV,AWP,WE,Federal Contract Tower,0,0,22,0,22,0,16,24,0,40,0,16,46,0,62,24,0,24,86
01/20/2021,HND,NV,AWP,WE,Federal Contract Tower,0,8,17,0,25,0,10,87,0,97,0,18,104,0,122,90,0,90,212
01/21/2021,HND,NV,AWP,WE,Federal Contract Tower,0,5,29,0,34,0,11,151,0,162,0,16,180,0,196,28,0,28,224
01/22/2021,HND,NV,AWP,WE,Federal Contract Tower,0,11,30,0,41,0,24,53,0,77,0,35,83,0,118,10,0,10,128
01/23/2021,HND,NV,AWP,WE,Federal Contract Tower,0,6,21,0,27,0,16,63,0,79,0,22,84,0,106,36,0,36,142
01/24/2021,HND,NV,AWP,WE,Federal Contract Tower,0,12,28,0,40,0,6,93,0,99,0,18,121,0,139,50,0,50,189
01/25/2021,HND,NV,AWP,WE,Federal Contract Tower,0,4,15,0,19,0,2,2,0,4,0,6,17,0,23,22,0,22,45
01/26/2021,HND,NV,AWP,WE,Federal Contract Tower,0,6,19,0,25,0,7,31,4,42,0,13,50,4,67,52,0,52,119
01/27/2021,HND,NV,AWP,WE,Federal Contract Tower,0,11,30,0,41,0,10,61,1,72,0,21,91,1,113,66,0,66,179
01/28/2021,HND,NV,AWP,WE,Federal Contract Tower,0,9,25,0,34,0,20,63,0,83,0,29,88,0,117,18,0,18,135
01/29/2021,HND,NV,AWP,WE,Federal Contract Tower,0,7,20,0,27,0,15,22,1,38,0,22,42,1,65,12,0,12,77
01/30/2021,HND,NV,AWP,WE,Federal Contract Tower,0,5,24,0,29,0,19,149,1,169,0,24,173,1,198,44,0,44,242
01/31/2021,HND,NV,AWP,WE,Federal Contract Tower,0,4,21,0,25,0,6,145,0,151,0,10,166,0,176,66,0,66,242
02/01/2021,HND,NV,AWP,WE,Federal Contract Tower,0,8,27,0,35,0,13,49,0,62,0,21,76,0,97,26,0,26,123
02/02/2021,HND,NV,AWP,WE,Federal Contract Tower,0,6,23,0,29,0,15,104,0,119,0,21,127,0,148,80,0,80,228
02/03/2021,HND,NV,AWP,WE,Federal Contract Tower,0,4,22,1,27,0,7,41,0,48,0,11,63,1,75,16,0,16,91
02/04/2021,HND,NV,AWP,WE,Federal Contract Tower,0,16,37,0,53,0,15,79,0,94,0,31,116,0,147,90,0,90,237
02/05/2021,HND,NV,AWP,WE,Federal Contract Tower,0,12,45,2,59,0,4,140,0,144,0,16,185,2,203,64,0,64,267
02/06/2021,HND,NV,AWP,WE,Federal Contract Tower,0,6,34,0,40,0,31,110,0,141,0,37,144,0,181,52,0,52,233
02/07/2021,HND,NV,AWP,WE,Federal Contract Tower,0,6,20,0,26,0,3,120,0,123,0,9,140,0,149,36,0,36,185
02/08/2021,HND,NV,AWP,WE,Federal Contract Tower,0,10,49,1,60,0,11,102,0,113,0,21,151,1,173,40,0,40,213
02/09/2021,HND,NV,AWP,WE,Federal Contract Tower,0,7,35,0,42,0,23,71,2,96,0,30,106,2,138,26,0,26,164
02/10/2021,HND,NV,AWP,WE,Federal Contract Tower,0,5,40,1,46,0,9,88,0,97,0,14,128,1,143,86,0,86,229
02/11/2021,HND,NV,AWP,WE,Federal Contract Tower,0,9,39,0,48,0,11,121,0,132,0,20,160,0,180,58,0,58,238
02/12/2021,HND,NV,AWP,WE,Federal Contract Tower,0,14,34,0,48,0,13,94,0,107,0,27,128,0,155,10,0,10,165
02/13/2021,HND,NV,AWP,WE,Federal Contract Tower,0,7,17,0,24,0,32,24,0,56,0,39,41,0,80,14,0,14,94
02/14/2021,HND,NV,AWP,WE,Federal Contract Tower,0,10,21,0,31,0,16,64,0,80,0,26,85,0,111,46,0,46,157
02/15/2021,HND,NV,AWP,WE,Federal Contract Tower,0,10,41,0,51,0,9,86,0,95,0,19,127,0,146,66,0,66,212
02/16/2021,HND,NV,AWP,WE,Federal Contract Tower,0,11,24,0,35,0,12,45,0,57,0,23,69,0,92,26,0,26,118
02/17/2021,HND,NV,AWP,WE,Federal Contract Tower,0,19,18,0,37,0,9,61,0,70,0,28,79,0,107,46,0,46,153
02/18/2021,HND,NV,AWP,WE,Federal Contract Tower,0,15,36,2,53,0,8,110,0,118,0,23,146,2,171,46,0,46,217
02/19/2021,HND,NV,AWP,WE,Federal Contract Tower,0,17,21,0,38,0,8,145,0,153,0,25,166,0,191,92,0,92,283
02/20/2021,HND,NV,AWP,WE,Federal Contract Tower,0,9,22,0,31,0,20,31,0,51,0,29,53,0,82,2,0,2,84
02/21/2021,HND,NV,AWP,WE,Federal Contract Tower,0,7,38,0,45,0,6,132,0,138,0,13,170,0,183,40,0,40,223
02/22/2021,HND,NV,AWP,WE,Federal Contract Tower,0,5,22,0,27,0,4,91,0,95,0,9,113,0,122,0,0,0,122
02/23/2021,HND,NV,AWP,WE,Federal Contract Tower,0,12,22,0,34,0,13,84,1,98,0,25,106,1,132,26,0,26,158
02/24/2021,HND,NV,AWP,WE,Federal Contract Tower,0,6,33,0,39,0,15,92,0,107,0,21,125,0,146,20,0,20,166
02/25/2021,HND,NV,AWP,WE,Federal Contract Tower,0,10,48,0,58,0,7,52,0,59,0,17,100,0,117,40,0,40,157
02/26/2021,HND,NV,AWP,WE,Federal Contract Tower,0,7,49,0,56,0,22,119,0,141,0,29,168,0,197,18,0,18,215
02/27/2021,HND,NV,AWP,WE,Federal Contract Tower,0,5,16,0,21,0,23,92,0,115,0,28,108,0,136,32,0,32,168
02/28/2021,HND,NV,AWP,WE,Federal Contract Tower,0,11,34,0,45,0,21,61,0,82,0,32,95,0,127,20,0,20,147
03/01/2021,HND,NV,AWP,WE,Federal Contract Tower,0,10,19,0,29,0,39,92,0,131,0,49,111,0,160,12,0,12,172
03/02/2021,HND,NV,AWP,WE,Federal Contract Tower,0,6,19,0,25,0,14,65,0,79,0,20,84,0,104,6,0,6,110
03/03/2021,HND,NV,AWP,WE,Federal Contract Tower,0,8,29,0,37,0,9,58,0,67,0,17,87,0,104,32,0,32,136
03/04/2021,HND,NV,AWP,WE,Federal Contract Tower,0,20,17,0,37,0,2,119,2,123,0,22,136,2,160,34,0,34,194
03/05/2021,HND,NV,AWP,WE,Federal Contract Tower,0,14,38,1,53,0,13,157,2,172,0,27,195,3,225,60,0,60,285
03/06/2021,HND,NV,AWP,WE,Federal Contract Tower,0,4,15,0,19,0,20,99,0,119,0,24,114,0,138,62,0,62,200
03/07/2021,HND,NV,AWP,WE,Federal Contract Tower,0,10,31,2,43,0,19,117,1,137,0,29,148,3,180,42,0,42,222
03/08/2021,HND,NV,AWP,WE,Federal Contract Tower,0,8,23,0,31,0,16,30,0,46,0,24,53,0,77,8,0,8,85
03/09/2021,HND,NV,AWP,WE,Federal Contract Tower,0,13,17,0,30,0,8,19,0,27,0,21,36,0,57,2,0,2,59
03/10/2021,HND,NV,AWP,WE,Federal Contract Tower,0,5,28,0,33,0,8,14,0,22,0,13,42,0,55,8,0,8,63
03/11/2021,HND,NV,AWP,WE,Federal Contract Tower,0,12,51,0,63,0,17,32,0,49,0,29,83,0,112,38,0,38,150
03/12/2021,HND,NV,AWP,WE,Federal Contract Tower,0,8,60,0,68,0,12,27,0,39,0,20,87,0,107,34,0,34,141
03/13/2021,HND,NV,AWP,WE,Federal Contract Tower,0,7,25,0,32,0,22,89,0,111,0,29,114,0,143,72,0,72,215
03/14/2021,HND,NV,AWP,WE,Federal Contract Tower,0,6,48,0,54,0,31,134,2,167,0,37,182,2,221,102,0,102,323
03/15/2021,HND,NV,AWP,WE,Federal Contract Tower,0,8,34,2,44,0,11,13,2,26,0,19,47,4,70,2,0,2,72
03/16/2021,HND,NV,AWP,WE,Federal Contract Tower,0,7,29,0,36,0,25,105,0,130,0,32,134,0,166,110,0,110,276
03/17/2021,HND,NV,AWP,WE,Federal Contract Tower,0,10,29,0,39,0,12,125,2,139,0,22,154,2,178,48,0,48,226
03/18/2021,HND,NV,AWP,WE,Federal Contract Tower,0,10,44,0,54,0,17,127,3,147,0,27,171,3,201,68,0,68,269
03/19/2021,HND,NV,AWP,WE,Federal Contract Tower,0,10,39,0,49,0,16,126,1,143,0,26,165,1,192,32,0,32,224
03/20/2021,HND,NV,AWP,WE,Federal Contract Tower,0,8,21,0,29,0,22,30,2,54,0,30,51,2,83,10,0,10,93
03/21/2021,HND,NV,AWP,WE,Federal Contract Tower,0,15,41,0,56,0,17,93,3,113,0,32,134,3,169,100,0,100,269
03/22/2021,HND,NV,AWP,WE,Federal Contract Tower,0,3,23,0,26,0,10,97,1,108,0,13,120,1,134,78,0,78,212
03/23/2021,HND,NV,AWP,WE,Federal Contract Tower,0,10,30,0,40,0,12,42,0,54,0,22,72,0,94,0,0,0,94
03/24/2021,HND,NV,AWP,WE,Federal Contract Tower,0,6,36,0,42,0,8,69,0,77,0,14,105,0,119,94,0,94,213
03/25/2021,HND,NV,AWP,WE,Federal Contract Tower,0,14,36,0,50,0,19,43,0,62,0,33,79,0,112,10,0,10,122
03/26/2021,HND,NV,AWP,WE,Federal Contract Tower,0,16,36,0,52,0,11,92,2,105,0,27,128,2,157,69,0,69,226
03/27/2021,HND,NV,AWP,WE,Federal Contract Tower,0,14,32,0,46,0,10,154,0,164,0,24,186,0,210,140,0,140,350
03/28/2021,HND,NV,AWP,WE,Federal Contract Tower,0,7,48,0,55,0,15,136,0,151,0,22,184,0,206,104,0,104,310
03/29/2021,HND,NV,AWP,WE,Federal Contract Tower,0,18,34,0,52,0,27,74,3,104,0,45,108,3,156,0,22,22,178
03/30/2021,HND,NV,AWP,WE,Federal Contract Tower,0,12,29,0,41,0,35,58,1,94,0,47,87,1,135,12,0,12,147
03/31/2021,HND,NV,AWP,WE,Federal Contract Tower,0,16,21,0,37,0,13,97,0,110,0,29,118,0,147,20,0,20,167
04/01/2021,HND,NV,AWP,WE,Federal Contract Tower,0,17,33,0,50,0,11,113,2,126,0,28,146,2,176,36,0,36,212
04/02/2021,HND,NV,AWP,WE,Federal Contract Tower,0,13,32,0,45,0,21,121,1,143,0,34,153,1,188,44,0,44,232
04/03/2021,HND,NV,AWP,WE,Federal Contract Tower,0,7,21,0,28,0,20,105,2,127,0,27,126,2,155,24,0,24,179
04/04/2021,HND,NV,AWP,WE,Federal Contract Tower,0,2,25,0,27,0,26,93,0,119,0,28,118,0,146,48,0,48,194
04/05/2021,HND,NV,AWP,WE,Federal Contract Tower,0,4,23,0,27,0,19,24,0,43,0,23,47,0,70,0,0,0,70
04/06/2021,HND,NV,AWP,WE,Federal Contract Tower,0,8,16,0,24,0,12,88,0,100,0,20,104,0,124,40,0,40,164
04/07/2021,HND,NV,AWP,WE,Federal Contract Tower,0,14,24,0,38,0,22,117,0,139,0,36,141,0,177,24,0,24,201
04/08/2021,HND,NV,AWP,WE,Federal Contract Tower,0,13,36,0,49,0,8,112,0,120,0,21,148,0,169,78,0,78,247
04/09/2021,HND,NV,AWP,WE,Federal Contract Tower,0,19,45,0,64,0,30,144,0,174,0,49,189,0,238,84,0,84,322
04/10/2021,HND,NV,AWP,WE,Federal Contract Tower,0,4,19,0,23,0,19,146,0,165,0,23,165,0,188,146,0,146,334
04/11/2021,HND,NV,AWP,WE,Federal Contract Tower,0,18,44,0,62,0,23,151,0,174,0,41,195,0,236,126,0,126,362
04/12/2021,HND,NV,AWP,WE,Federal Contract Tower,0,17,32,0,49,0,14,93,4,111,0,31,125,4,160,48,0,48,208
04/13/2021,HND,NV,AWP,WE,Federal Contract Tower,0,12,33,0,45,0,5,43,0,48,0,17,76,0,93,4,0,4,97
04/14/2021,HND,NV,AWP,WE,Federal Contract Tower,0,6,31,0,37,0,20,63,5,88,0,26,94,5,125,36,0,36,161
04/15/2021,HND,NV,AWP,WE,Federal Contract Tower,0,8,42,0,50,0,31,139,0,170,0,39,181,0,220,110,0,110,330
04/16/2021,HND,NV,AWP,WE,Federal Contract Tower,0,14,36,2,52,0,16,126,0,142,0,30,162,2,194,84,0,84,278
04/17/2021,HND,NV,AWP,WE,Federal Contract Tower,0,4,34,0,38,0,20,108,0,128,0,24,142,0,166,62,0,62,228
04/18/2021,HND,NV,AWP,WE,Federal Contract Tower,0,3,54,0,57,0,17,76,1,94,0,20,130,1,151,26,0,26,177
04/19/2021,HND,NV,AWP,WE,Federal Contract Tower,0,8,26,0,34,0,19,123,0,142,0,27,149,0,176,82,0,82,258
04/20/2021,HND,NV,AWP,WE,Federal Contract Tower,0,6,34,0,40,0,21,123,0,144,0,27,157,0,184,146,0,146,330
04/21/2021,HND,NV,AWP,WE,Federal Contract Tower,0,6,36,0,42,0,18,56,2,76,0,24,92,2,118,28,0,28,146
04/22/2021,HND,NV,AWP,WE,Federal Contract Tower,0,9,53,0,62,0,12,134,0,146,0,21,187,0,208,80,0,80,288
04/23/2021,HND,NV,AWP,WE,Federal Contract Tower,0,5,35,0,40,0,14,113,2,129,0,19,148,2,169,48,0,48,217
04/24/2021,HND,NV,AWP,WE,Federal Contract Tower,0,7,24,0,31,0,21,41,0,62,0,28,65,0,93,28,0,28,121
04/25/2021,HND,NV,AWP,WE,Federal Contract Tower,0,5,45,0,50,0,20,33,0,53,0,25,78,0,103,0,0,0,103
04/26/2021,HND,NV,AWP,WE,Federal Contract Tower,0,5,26,0,31,0,13,21,1,35,0,18,47,1,66,4,0,4,70
04/27/2021,HND,NV,AWP,WE,Federal Contract Tower,0,10,34,0,44,0,26,137,0,163,0,36,171,0,207,138,0,138,345
04/28/2021,HND,NV,AWP,WE,Federal Contract Tower,0,10,29,0,39,0,33,85,0,118,0,43,114,0,157,50,0,50,207
04/29/2021,HND,NV,AWP,WE,Federal Contract Tower,0,14,42,0,56,0,29,148,0,177,0,43,190,0,233,82,0,82,315
04/30/2021,HND,NV,AWP,WE,Federal Contract Tower,0,13,36,0,49,0,15,138,0,153,0,28,174,0,202,150,0,150,352
05/01/2021,HND,NV,AWP,WE,Federal Contract Tower,0,10,25,0,35,0,26,49,0,75,0,36,74,0,110,6,0,6,116
05/02/2021,HND,NV,AWP,WE,Federal Contract Tower,0,18,61,0,79,0,38,108,0,146,0,56,169,0,225,58,0,58,283
05/03/2021,HND,NV,AWP,WE,Federal Contract Tower,0,8,43,0,51,0,20,64,0,84,0,28,107,0,135,30,0,30,165
05/04/2021,HND,NV,AWP,WE,Federal Contract Tower,0,12,19,0,31,0,20,124,2,146,0,32,143,2,177,88,0,88,265
05/05/2021,HND,NV,AWP,WE,Federal Contract Tower,0,5,36,0,41,0,27,152,0,179,0,32,188,0,220,110,0,110,330
05/06/2021,HND,NV,AWP,WE,Federal Contract Tower,0,14,49,0,63,0,34,105,0,139,0,48,154,0,202,46,0,46,248
05/07/2021,HND,NV,AWP,WE,Federal Contract Tower,0,16,27,0,43,0,17,79,0,96,0,33,106,0,139,20,0,20,159
05/08/2021,HND,NV,AWP,WE,Federal Contract Tower,0,5,19,0,24,0,24,120,0,144,0,29,139,0,168,54,0,54,222
05/09/2021,HND,NV,AWP,WE,Federal Contract Tower,0,9,34,0,43,0,18,123,0,141,0,27,157,0,184,68,0,68,252
05/10/2021,HND,NV,AWP,WE,Federal Contract Tower,0,15,34,0,49,0,19,97,0,116,0,34,131,0,165,118,0,118,283
05/11/2021,HND,NV,AWP,WE,Federal Contract Tower,0,14,24,0,38,0,23,129,0,152,0,37,153,0,190,70,0,70,260
05/12/2021,HND,NV,AWP,WE,Federal Contract Tower,0,16,33,0,49,0,7,138,1,146,0,23,171,1,195,106,0,106,301
05/13/2021,HND,NV,AWP,WE,Federal Contract Tower,0,14,46,0,60,0,13,105,0,118,0,27,151,0,178,74,0,74,252
05/14/2021,HND,NV,AWP,WE,Federal Contract Tower,0,24,41,0,65,0,24,134,0,158,0,48,175,0,223,74,0,74,297
05/15/2021,HND,NV,AWP,WE,Federal Contract Tower,0,8,22,0,30,0,20,57,0,77,0,28,79,0,107,18,0,18,125
05/16/2021,HND,NV,AWP,WE,Federal Contract Tower,0,17,47,0,64,0,20,82,1,103,0,37,129,1,167,38,0,38,205
05/17/2021,HND,NV,AWP,WE,Federal Contract Tower,0,10,44,0,54,0,27,128,1,156,0,37,172,1,210,34,0,34,244
05/18/2021,HND,NV,AWP,WE,Federal Contract Tower,0,7,37,0,44,0,27,133,1,161,0,34,170,1,205,94,0,94,299
05/19/2021,HND,NV,AWP,WE,Federal Contract Tower,0,11,26,0,37,0,17,52,0,69,0,28,78,0,106,50,0,50,156
05/20/2021,HND,NV,AWP,WE,Federal Contract Tower,0,20,44,0,64,0,15,26,0,41,0,35,70,0,105,2,0,2,107
05/21/2021,HND,NV,AWP,WE,Federal Contract Tower,0,7,39,0,46,0,19,27,0,46,0,26,66,0,92,8,0,8,100
05/22/2021,HND,NV,AWP,WE,Federal Contract Tower,0,10,26,0,36,0,19,125,0,144,0,29,151,0,180,124,0,124,304
05/23/2021,HND,NV,AWP,WE,Federal Contract Tower,0,17,39,0,56,0,16,144,0,160,0,33,183,0,216,62,0,62,278
05/24/2021,HND,NV,AWP,WE,Federal Contract Tower,0,18,34,0,52,0,15,111,0,126,0,33,145,0,178,72,0,72,250
05/25/2021,HND,NV,AWP,WE,Federal Contract Tower,0,10,30,0,40,0,29,89,0,118,0,39,119,0,158,48,0,48,206
05/26/2021,HND,NV,AWP,WE,Federal Contract Tower,0,14,30,0,44,0,24,99,0,123,0,38,129,0,167,72,0,72,239
05/27/2021,HND,NV,AWP,WE,Federal Contract Tower,0,6,38,0,44,0,19,170,0,189,0,25,208,0,233,74,0,74,307
05/28/2021,HND,NV,AWP,WE,Federal Contract Tower,0,13,44,0,57,0,19,138,0,157,0,32,182,0,214,48,0,48,262
05/29/2021,HND,NV,AWP,WE,Federal Contract Tower,0,5,21,1,27,0,20,128,0,148,0,25,149,1,175,66,0,66,241
05/30/2021,HND,NV,AWP,WE,Federal Contract Tower,0,15,22,0,37,0,19,115,0,134,0,34,137,0,171,68,0,68,239
05/31/2021,HND,NV,AWP,WE,Federal Contract Tower,0,13,30,0,43,0,26,98,0,124,0,39,128,0,167,58,0,58,225
06/01/2021,HND,NV,AWP,WE,Federal Contract Tower,0,9,29,0,38,0,20,76,1,97,0,29,105,1,135,20,0,20,155
06/02/2021,HND,NV,AWP,WE,Federal Contract Tower,0,8,21,0,29,0,14,114,0,128,0,22,135,0,157,110,0,110,267
06/03/2021,HND,NV,AWP,WE,Federal Contract Tower,0,16,29,0,45,0,15,118,1,134,0,31,147,1,179,40,0,40,219
06/04/2021,HND,NV,AWP,WE,Federal Contract Tower,0,15,36,0,51,0,19,109,0,128,0,34,145,0,179,84,0,84,263
06/05/2021,HND,NV,AWP,WE,Federal Contract Tower,0,8,19,0,27,0,31,96,0,127,0,39,115,0,154,32,0,32,186
06/06/2021,HND,NV,AWP,WE,Federal Contract Tower,0,10,33,0,43,0,20,137,0,157,0,30,170,0,200,22,0,22,222
06/07/2021,HND,NV,AWP,WE,Federal Contract Tower,0,20,46,1,67,0,18,65,0,83,0,38,111,1,150,86,0,86,236
06/08/2021,HND,NV,AWP,WE,Federal Contract Tower,0,11,33,0,44,0,9,56,1,66,0,20,89,1,110,22,0,22,132
06/09/2021,HND,NV,AWP,WE,Federal Contract Tower,0,19,11,0,30,0,27,94,1,122,0,46,105,1,152,30,0,30,182
06/10/2021,HND,NV,AWP,WE,Federal Contract Tower,0,18,60,0,78,0,21,103,1,125,0,39,163,1,203,104,0,104,307
06/11/2021,HND,NV,AWP,WE,Federal Contract Tower,0,11,42,0,53,0,19,168,0,187,0,30,210,0,240,58,0,58,298
06/12/2021,HND,NV,AWP,WE,Federal Contract Tower,0,3,28,0,31,0,33,146,0,179,0,36,174,0,210,100,0,100,310
06/13/2021,HND,NV,AWP,WE,Federal Contract Tower,0,8,44,0,52,0,31,119,2,152,0,39,163,2,204,70,0,70,274
06/14/2021,HND,NV,AWP,WE,Federal Contract Tower,0,7,34,0,41,0,30,73,0,103,0,37,107,0,144,60,0,60,204
06/15/2021,HND,NV,AWP,WE,Federal Contract Tower,0,4,32,0,36,0,19,99,0,118,0,23,131,0,154,16,0,16,170
06/16/2021,HND,NV,AWP,WE,Federal Contract Tower,0,4,33,0,37,0,11,86,0,97,0,15,119,0,134,26,0,26,160
06/17/2021,HND,NV,AWP,WE,Federal Contract Tower,0,9,31,0,40,0,16,64,0,80,0,25,95,0,120,18,0,18,138
06/18/2021,HND,NV,AWP,WE,Federal Contract Tower,0,2,39,0,41,0,22,107,0,129,0,24,146,0,170,36,0,36,206
06/19/2021,HND,NV,AWP,WE,Federal Contract Tower,0,5,33,0,38,0,17,88,0,105,0,22,121,0,143,36,0,36,179
06/20/2021,HND,NV,AWP,WE,Federal Contract Tower,0,5,20,0,25,0,18,108,2,128,0,23,128,2,153,56,0,56,209
06/21/2021,HND,NV,AWP,WE,Federal Contract Tower,0,3,31,0,34,0,21,70,0,91,0,24,101,0,125,52,0,52,177
06/22/2021,HND,NV,AWP,WE,Federal Contract Tower,0,4,37,0,41,0,18,65,1,84,0,22,102,1,125,6,0,6,131
06/23/2021,HND,NV,AWP,WE,Federal Contract Tower,0,6,39,0,45,0,24,95,0,119,0,30,134,0,164,100,0,100,264
06/24/2021,HND,NV,AWP,WE,Federal Contract Tower,0,9,44,0,53,0,13,121,3,137,0,22,165,3,190,42,0,42,232
06/25/2021,HND,NV,AWP,WE,Federal Contract Tower,0,8,54,0,62,0,28,121,2,151,0,36,175,2,213,72,0,72,285
06/26/2021,HND,NV,AWP,WE,Federal Contract Tower,0,4,27,0,31,0,6,108,0,114,0,10,135,0,145,78,0,78,223
06/27/2021,HND,NV,AWP,WE,Federal Contract Tower,0,12,33,0,45,0,15,81,0,96,0,27,114,0,141,26,0,26,167
06/28/2021,HND,NV,AWP,WE,Federal Contract Tower,0,9,37,0,46,0,24,72,0,96,0,33,109,0,142,24,0,24,166
06/29/2021,HND,NV,AWP,WE,Federal Contract Tower,0,11,30,0,41,0,17,86,0,103,0,28,116,0,144,32,0,32,176
06/30/2021,HND,NV,AWP,WE,Federal Contract Tower,0,11,29,0,40,0,31,114,0,145,0,42,143,0,185,132,0,132,317
07/01/2021,HND,NV,AWP,WE,Federal Contract Tower,0,10,34,0,44,0,18,107,0,125,0,28,141,0,169,42,0,42,211
07/02/2021,HND,NV,AWP,WE,Federal Contract Tower,0,6,28,0,34,0,25,123,0,148,0,31,151,0,182,66,0,66,248
07/03/2021,HND,NV,AWP,WE,Federal Contract Tower,0,0,12,0,12,0,18,69,0,87,0,18,81,0,99,50,0,50,149
07/04/2021,HND,NV,AWP,WE,Federal Contract Tower,0,5,11,0,16,0,19,60,0,79,0,24,71,0,95,60,0,60,155
07/05/2021,HND,NV,AWP,WE,Federal Contract Tower,0,4,41,0,45,0,15,96,0,111,0,19,137,0,156,60,0,60,216
07/06/2021,HND,NV,AWP,WE,Federal Contract Tower,0,16,40,0,56,0,17,78,0,95,0,33,118,0,151,20,0,20,171
07/07/2021,HND,NV,AWP,WE,Federal Contract Tower,0,13,28,0,41,0,42,94,0,136,0,55,122,0,177,62,0,62,239
07/08/2021,HND,NV,AWP,WE,Federal Contract Tower,0,14,35,0,49,0,19,102,0,121,0,33,137,0,170,36,0,36,206
07/09/2021,HND,NV,AWP,WE,Federal Contract Tower,0,32,87,0,119,0,41,147,0,188,0,73,234,0,307,54,0,54,361
07/10/2021,HND,NV,AWP,WE,Federal Contract Tower,0,16,34,0,50,0,37,82,0,119,0,53,116,0,169,54,0,54,223
07/11/2021,HND,NV,AWP,WE,Federal Contract Tower,0,38,80,0,118,0,27,83,0,110,0,65,163,0,228,48,0,48,276
07/12/2021,HND,NV,AWP,WE,Federal Contract Tower,0,4,37,0,41,0,20,82,0,102,0,24,119,0,143,48,0,48,191
07/13/2021,HND,NV,AWP,WE,Federal Contract Tower,0,6,22,0,28,0,16,83,0,99,0,22,105,0,127,48,0,48,175
07/14/2021,HND,NV,AWP,WE,Federal Contract Tower,0,13,35,0,48,0,8,113,0,121,0,21,148,0,169,58,0,58,227
07/15/2021,HND,NV,AWP,WE,Federal Contract Tower,0,3,50,0,53,0,18,89,0,107,0,21,139,0,160,34,0,34,194
07/16/2021,HND,NV,AWP,WE,Federal Contract Tower,0,5,28,0,33,0,15,116,0,131,0,20,144,0,164,50,0,50,214
07/17/2021,HND,NV,AWP,WE,Federal Contract Tower,0,0,15,0,15,0,21,106,0,127,0,21,121,0,142,6,0,6,148
07/18/2021,HND,NV,AWP,WE,Federal Contract Tower,0,8,50,0,58,0,12,69,0,81,0,20,119,0,139,12,0,12,151
07/19/2021,HND,NV,AWP,WE,Federal Contract Tower,0,11,26,0,37,0,23,89,0,112,0,34,115,0,149,74,0,74,223
07/20/2021,HND,NV,AWP,WE,Federal Contract Tower,0,11,27,0,38,0,18,101,0,119,0,29,128,0,157,38,0,38,195
07/21/2021,HND,NV,AWP,WE,Federal Contract Tower,0,11,35,0,46,0,19,76,0,95,0,30,111,0,141,42,0,42,183
07/22/2021,HND,NV,AWP,WE,Federal Contract Tower,0,13,40,0,53,0,20,84,1,105,0,33,124,1,158,18,0,18,176
07/23/2021,HND,NV,AWP,WE,Federal Contract Tower,0,9,45,0,54,0,13,100,1,114,0,22,145,1,168,42,0,42,210
07/24/2021,HND,NV,AWP,WE,Federal Contract Tower,0,3,27,0,30,0,10,69,0,79,0,13,96,0,109,46,0,46,155
07/25/2021,HND,NV,AWP,WE,Federal Contract Tower,0,10,44,0,54,0,20,104,0,124,0,30,148,0,178,24,0,24,202
07/26/2021,HND,NV,AWP,WE,Federal Contract Tower,0,12,30,0,42,0,5,40,0,45,0,17,70,0,87,50,0,50,137
07/27/2021,HND,NV,AWP,WE,Federal Contract Tower,0,7,32,0,39,0,35,84,0,119,0,42,116,0,158,28,0,28,186
07/28/2021,HND,NV,AWP,WE,Federal Contract Tower,0,12,25,4,41,0,19,115,0,134,0,31,140,4,175,88,0,88,263
07/29/2021,HND,NV,AWP,WE,Federal Contract Tower,0,7,45,0,52,0,5,77,0,82,0,12,122,0,134,52,0,52,186
07/30/2021,HND,NV,AWP,WE,Federal Contract Tower,0,9,32,0,41,0,18,127,0,145,0,27,159,0,186,48,0,48,234
07/31/2021,HND,NV,AWP,WE,Federal Contract Tower,0,7,18,0,25,0,29,100,0,129,0,36,118,0,154,50,0,50,204
08/01/2021,HND,NV,AWP,WE,Federal Contract Tower,0,9,28,0,37,0,22,91,0,113,0,31,119,0,150,74,0,74,224
08/02/2021,HND,NV,AWP,WE,Federal Contract Tower,0,4,17,0,21,0,6,71,0,77,0,10,88,0,98,56,0,56,154
08/03/2021,HND,NV,AWP,WE,Federal Contract Tower,0,5,17,0,22,0,11,87,0,98,0,16,104,0,120,52,0,52,172
08/04/2021,HND,NV,AWP,WE,Federal Contract Tower,0,7,17,0,24,0,18,84,1,103,0,25,101,1,127,28,0,28,155
08/05/2021,HND,NV,AWP,WE,Federal Contract Tower,0,5,24,0,29,0,17,62,1,80,0,22,86,1,109,40,0,40,149
08/06/2021,HND,NV,AWP,WE,Federal Contract Tower,0,7,38,0,45,0,13,82,0,95,0,20,120,0,140,20,0,20,160
08/07/2021,HND,NV,AWP,WE,Federal Contract Tower,0,3,23,2,28,0,6,56,0,62,0,9,79,2,90,40,0,40,130
08/08/2021,HND,NV,AWP,WE,Federal Contract Tower,0,13,39,0,52,0,41,86,0,127,0,54,125,0,179,52,0,52,231
08/09/2021,HND,NV,AWP,WE,Federal Contract Tower,0,8,32,0,40,0,23,52,0,75,0,31,84,0,115,24,0,24,139
08/10/2021,HND,NV,AWP,WE,Federal Contract Tower,0,4,36,0,40,0,2,88,0,90,0,6,124,0,130,30,0,30,160
08/11/2021,HND,NV,AWP,WE,Federal Contract Tower,0,9,33,0,42,0,12,95,0,107,0,21,128,0,149,54,0,54,203
08/12/2021,HND,NV,AWP,WE,Federal Contract Tower,0,3,35,0,38,0,40,103,0,143,0,43,138,0,181,46,0,46,227
08/13/2021,HND,NV,AWP,WE,Federal Contract Tower,0,8,35,0,43,0,7,96,2,105,0,15,131,2,148,32,0,32,180
08/14/2021,HND,NV,AWP,WE,Federal Contract Tower,0,10,18,0,28,0,24,90,1,115,0,34,108,1,143,32,0,32,175
08/15/2021,HND,NV,AWP,WE,Federal Contract Tower,0,15,32,0,47,0,16,89,0,105,0,31,121,0,152,12,0,12,164
08/16/2021,HND,NV,AWP,WE,Federal Contract Tower,0,11,26,0,37,0,14,113,0,127,0,25,139,0,164,36,0,36,200
08/17/2021,HND,NV,AWP,WE,Federal Contract Tower,0,8,23,1,32,0,8,58,1,67,0,16,81,2,99,22,0,22,121
08/18/2021,HND,NV,AWP,WE,Federal Contract Tower,0,13,32,1,46,0,31,38,2,71,0,44,70,3,117,10,0,10,127
08/19/2021,HND,NV,AWP,WE,Federal Contract Tower,0,21,42,1,64,0,22,105,2,129,0,43,147,3,193,20,0,20,213
08/20/2021,HND,NV,AWP,WE,Federal Contract Tower,0,12,46,2,60,0,11,100,2,113,0,23,146,4,173,30,0,30,203
08/21/2021,HND,NV,AWP,WE,Federal Contract Tower,0,8,17,1,26,0,30,104,1,135,0,38,121,2,161,32,0,32,193
08/22/2021,HND,NV,AWP,WE,Federal Contract Tower,0,17,33,0,50,0,22,94,0,116,0,39,127,0,166,52,0,52,218
08/23/2021,HND,NV,AWP,WE,Federal Contract Tower,0,9,39,0,48,0,13,82,0,95,0,22,121,0,143,48,0,48,191
08/24/2021,HND,NV,AWP,WE,Federal Contract Tower,0,11,16,0,27,0,20,88,0,108,0,31,104,0,135,52,0,52,187
08/25/2021,HND,NV,AWP,WE,Federal Contract Tower,0,11,31,0,42,0,6,73,0,79,0,17,104,0,121,20,0,20,141
08/26/2021,HND,NV,AWP,WE,Federal Contract Tower,0,10,31,0,41,0,28,87,0,115,0,38,118,0,156,55,0,55,211
08/27/2021,HND,NV,AWP,WE,Federal Contract Tower,0,5,47,0,52,0,22,110,0,132,0,27,157,0,184,34,0,34,218
08/28/2021,HND,NV,AWP,WE,Federal Contract Tower,0,3,20,0,23,0,5,115,0,120,0,8,135,0,143,38,0,38,181
08/29/2021,HND,NV,AWP,WE,Federal Contract Tower,0,9,33,0,42,0,12,103,0,115,0,21,136,0,157,60,0,60,217
08/30/2021,HND,NV,AWP,WE,Federal Contract Tower,0,8,30,0,38,0,11,74,0,85,0,19,104,0,123,32,0,32,155
08/31/2021,HND,NV,AWP,WE,Federal Contract Tower,0,3,21,0,24,0,27,64,2,93,0,30,85,2,117,22,0,22,139
09/01/2021,HND,NV,AWP,WE,Federal Contract Tower,0,5,33,0,38,0,16,82,2,100,0,21,115,2,138,68,0,68,206
09/02/2021,HND,NV,AWP,WE,Federal Contract Tower,0,16,49,0,65,0,10,120,0,130,0,26,169,0,195,46,0,46,241
09/03/2021,HND,NV,AWP,WE,Federal Contract Tower,0,9,43,0,52,0,6,171,0,177,0,15,214,0,229,91,0,91,320
09/04/2021,HND,NV,AWP,WE,Federal Contract Tower,0,1,30,0,31,0,30,129,0,159,0,31,159,0,190,84,0,84,274
09/05/2021,HND,NV,AWP,WE,Federal Contract Tower,0,0,27,0,27,0,33,89,13,135,0,33,116,13,162,16,0,16,178
09/06/2021,HND,NV,AWP,WE,Federal Contract Tower,0,6,47,0,53,0,24,147,2,173,0,30,194,2,226,78,0,78,304
09/07/2021,HND,NV,AWP,WE,Federal Contract Tower,0,11,43,0,54,0,17,93,1,111,0,28,136,1,165,52,0,52,217
09/08/2021,HND,NV,AWP,WE,Federal Contract Tower,0,9,51,0,60,0,14,114,0,128,0,23,165,0,188,44,0,44,232
09/09/2021,HND,NV,AWP,WE,Federal Contract Tower,0,15,29,0,44,0,18,96,1,115,0,33,125,1,159,38,0,38,197
09/10/2021,HND,NV,AWP,WE,Federal Contract Tower,0,16,46,3,65,0,19,107,0,126,0,35,153,3,191,18,0,18,209
09/11/2021,HND,NV,AWP,WE,Federal Contract Tower,0,10,33,0,43,0,45,116,1,162,0,55,149,1,205,49,0,49,254
09/12/2021,HND,NV,AWP,WE,Federal Contract Tower,0,6,55,0,61,0,25,132,0,157,0,31,187,0,218,36,0,36,254
09/13/2021,HND,NV,AWP,WE,Federal Contract Tower,0,13,49,0,62,0,17,96,1,114,0,30,145,1,176,4,0,4,180
09/14/2021,HND,NV,AWP,WE,Federal Contract Tower,0,15,46,0,61,0,6,65,1,72,0,21,111,1,133,18,0,18,151
09/15/2021,HND,NV,AWP,WE,Federal Contract Tower,0,10,43,0,53,0,22,68,0,90,0,32,111,0,143,40,0,40,183
09/16/2021,HND,NV,AWP,WE,Federal Contract Tower,0,9,50,1,60,0,7,67,0,74,0,16,117,1,134,44,0,44,178
09/17/2021,HND,NV,AWP,WE,Federal Contract Tower,0,9,46,0,55,0,19,82,0,101,0,28,128,0,156,54,0,54,210
09/18/2021,HND,NV,AWP,WE,Federal Contract Tower,0,10,28,0,38,0,30,72,0,102,0,40,100,0,140,16,0,16,156
09/19/2021,HND,NV,AWP,WE,Federal Contract Tower,0,14,31,0,45,0,21,84,0,105,0,35,115,0,150,8,0,8,158
09/20/2021,HND,NV,AWP,WE,Federal Contract Tower,0,13,28,0,41,0,9,108,0,117,0,22,136,0,158,2,0,2,160
09/21/2021,HND,NV,AWP,WE,Federal Contract Tower,0,9,41,0,50,0,22,90,0,112,0,31,131,0,162,36,0,36,198
09/22/2021,HND,NV,AWP,WE,Federal Contract Tower,0,8,37,0,45,0,14,104,2,120,0,22,141,2,165,28,0,28,193
09/23/2021,HND,NV,AWP,WE,Federal Contract Tower,0,16,47,0,63,0,18,88,0,106,0,34,135,0,169,64,0,64,233
09/24/2021,HND,NV,AWP,WE,Federal Contract Tower,0,12,60,0,72,0,14,87,0,101,0,26,147,0,173,58,0,58,231
09/25/2021,HND,NV,AWP,WE,Federal Contract Tower,0,17,33,0,50,0,35,123,0,158,0,52,156,0,208,36,0,36,244
09/26/2021,HND,NV,AWP,WE,Federal Contract Tower,0,16,56,0,72,0,8,92,0,100,0,24,148,0,172,10,0,10,182
09/27/2021,HND,NV,AWP,WE,Federal Contract Tower,2,8,44,0,54,0,12,112,2,126,2,20,156,2,180,42,0,42,222
09/28/2021,HND,NV,AWP,WE,Federal Contract Tower,0,19,42,0,61,0,33,69,0,102,0,52,111,0,163,54,0,54,217
09/29/2021,HND,NV,AWP,WE,Federal Contract Tower,0,14,50,0,64,0,18,73,2,93,0,32,123,2,157,60,0,60,217
09/30/2021,HND,NV,AWP,WE,Federal Contract Tower,0,17,52,0,69,0,16,88,0,104,0,33,140,0,173,40,0,40,213
10/01/2021,HND,NV,AWP,WE,Federal Contract Tower,0,12,54,0,66,0,12,111,0,123,0,24,165,0,189,72,0,72,261
10/02/2021,HND,NV,AWP,WE,Federal Contract Tower,0,2,29,0,31,0,20,127,0,147,0,22,156,0,178,56,0,56,234
10/03/2021,HND,NV,AWP,WE,Federal Contract Tower,0,14,46,0,60,0,31,116,0,147,0,45,162,0,207,44,0,44,251
10/04/2021,HND,NV,AWP,WE,Federal Contract Tower,0,19,36,0,55,0,21,73,0,94,0,40,109,0,149,14,0,14,163
10/05/2021,HND,NV,AWP,WE,Federal Contract Tower,0,2,28,0,30,0,31,26,0,57,0,33,54,0,87,18,0,18,105
10/06/2021,HND,NV,AWP,WE,Federal Contract Tower,0,9,47,0,56,0,24,90,0,114,0,33,137,0,170,4,0,4,174
10/07/2021,HND,NV,AWP,WE,Federal Contract Tower,0,12,41,0,53,0,22,118,2,142,0,34,159,2,195,60,0,60,255
10/08/2021,HND,NV,AWP,WE,Federal Contract Tower,0,9,45,0,54,0,12,33,0,45,0,21,78,0,99,40,0,40,139
10/09/2021,HND,NV,AWP,WE,Federal Contract Tower,0,1,36,0,37,0,41,119,1,161,0,42,155,1,198,24,0,24,222
10/10/2021,HND,NV,AWP,WE,Federal Contract Tower,2,6,52,0,60,0,20,97,0,117,2,26,149,0,177,6,0,6,183
10/11/2021,HND,NV,AWP,WE,Federal Contract Tower,0,10,49,0,59,0,10,34,0,44,0,20,83,0,103,4,0,4,107
10/12/2021,HND,NV,AWP,WE,Federal Contract Tower,0,14,67,0,81,0,23,59,2,84,0,37,126,2,165,14,0,14,179
10/13/2021,HND,NV,AWP,WE,Federal Contract Tower,0,13,72,0,85,0,32,104,0,136,0,45,176,0,221,2,0,2,223
10/14/2021,HND,NV,AWP,WE,Federal Contract Tower,2,21,100,0,123,0,54,115,0,169,2,75,215,0,292,4,0,4,296
10/15/2021,HND,NV,AWP,WE,Federal Contract Tower,0,16,82,0,98,0,16,120,1,137,0,32,202,1,235,36,0,36,271
10/16/2021,HND,NV,AWP,WE,Federal Contract Tower,0,3,27,0,30,0,10,120,0,130,0,13,147,0,160,64,0,64,224
10/17/2021,HND,NV,AWP,WE,Federal Contract Tower,0,13,56,0,69,0,21,125,0,146,0,34,181,0,215,90,0,90,305
10/18/2021,HND,NV,AWP,WE,Federal Contract Tower,0,2,31,0,33,0,22,34,4,60,0,24,65,4,93,40,0,40,133
10/19/2021,HND,NV,AWP,WE,Federal Contract Tower,0,11,41,0,52,0,30,123,0,153,0,41,164,0,205,62,0,62,267
10/20/2021,HND,NV,AWP,WE,Federal Contract Tower,0,12,58,0,70,0,22,156,0,178,0,34,214,0,248,122,0,122,370
10/21/2021,HND,NV,AWP,WE,Federal Contract Tower,0,11,35,0,46,0,13,120,1,134,0,24,155,1,180,138,0,138,318
10/22/2021,HND,NV,AWP,WE,Federal Contract Tower,0,12,64,0,76,0,17,92,4,113,0,29,156,4,189,46,0,46,235
10/23/2021,HND,NV,AWP,WE,Federal Contract Tower,0,11,33,0,44,0,24,92,0,116,0,35,125,0,160,34,0,34,194
10/24/2021,HND,NV,AWP,WE,Federal Contract Tower,0,11,62,0,73,0,26,105,0,131,0,37,167,0,204,36,0,36,240
10/25/2021,HND,NV,AWP,WE,Federal Contract Tower,0,13,52,0,65,0,26,21,2,49,0,39,73,2,114,0,0,0,114
10/26/2021,HND,NV,AWP,WE,Federal Contract Tower,0,13,33,0,46,0,13,121,0,134,0,26,154,0,180,80,0,80,260
10/27/2021,HND,NV,AWP,WE,Federal Contract Tower,0,9,32,0,41,0,17,123,0,140,0,26,155,0,181,48,0,48,229
10/28/2021,HND,NV,AWP,WE,Federal Contract Tower,0,16,40,0,56,0,19,132,0,151,0,35,172,0,207,98,0,98,305
10/29/2021,HND,NV,AWP,WE,Federal Contract Tower,0,3,48,0,51,0,43,131,0,174,0,46,179,0,225,56,0,56,281
10/30/2021,HND,NV,AWP,WE,Federal Contract Tower,0,7,38,0,45,0,29,111,0,140,0,36,149,0,185,28,0,28,213
10/31/2021,HND,NV,AWP,WE,Federal Contract Tower,0,3,40,0,43,0,14,93,0,107,0,17,133,0,150,4,0,4,154
11/01/2021,HND,NV,AWP,WE,Federal Contract Tower,0,10,48,0,58,0,20,86,1,107,0,30,134,1,165,36,0,36,201
11/02/2021,HND,NV,AWP,WE,Federal Contract Tower,0,16,46,0,62,0,33,130,1,164,0,49,176,1,226,52,0,52,278
11/03/2021,HND,NV,AWP,WE,Federal Contract Tower,0,12,46,0,58,0,11,132,0,143,0,23,178,0,201,12,0,12,213
11/04/2021,HND,NV,AWP,WE,Federal Contract Tower,0,12,65,0,77,0,20,154,0,174,0,32,219,0,251,112,0,112,363
11/05/2021,HND,NV,AWP,WE,Federal Contract Tower,0,5,71,0,76,0,21,146,0,167,0,26,217,0,243,62,0,62,305
11/06/2021,HND,NV,AWP,WE,Federal Contract Tower,0,11,59,0,70,0,20,111,1,132,0,31,170,1,202,88,0,88,290
11/07/2021,HND,NV,AWP,WE,Federal Contract Tower,0,20,72,0,92,0,12,117,0,129,0,32,189,0,221,76,0,76,297
11/08/2021,HND,NV,AWP,WE,Federal Contract Tower,0,11,46,0,57,0,9,113,0,122,0,20,159,0,179,58,0,58,237
11/09/2021,HND,NV,AWP,WE,Federal Contract Tower,0,10,48,0,58,0,18,59,0,77,0,28,107,0,135,54,0,54,189
11/10/2021,HND,NV,AWP,WE,Federal Contract Tower,0,8,35,0,43,0,13,151,0,164,0,21,186,0,207,76,0,76,283
11/11/2021,HND,NV,AWP,WE,Federal Contract Tower,0,27,52,1,80,0,19,115,0,134,0,46,167,1,214,46,0,46,260
11/12/2021,HND,NV,AWP,WE,Federal Contract Tower,0,14,53,0,67,0,35,166,0,201,0,49,219,0,268,96,0,96,364
11/13/2021,HND,NV,AWP,WE,Federal Contract Tower,0,8,38,0,46,0,22,137,0,159,0,30,175,0,205,60,0,60,265
11/14/2021,HND,NV,AWP,WE,Federal Contract Tower,0,20,69,0,89,0,18,172,0,190,0,38,241,0,279,32,0,32,311
11/15/2021,HND,NV,AWP,WE,Federal Contract Tower,0,16,77,0,93,0,36,157,0,193,0,52,234,0,286,52,0,52,338
11/16/2021,HND,NV,AWP,WE,Federal Contract Tower,0,9,44,0,53,0,20,117,2,139,0,29,161,2,192,126,0,126,318
11/17/2021,HND,NV,AWP,WE,Federal Contract Tower,0,15,55,0,70,0,16,90,0,106,0,31,145,0,176,66,0,66,242
11/18/2021,HND,NV,AWP,WE,Federal Contract Tower,0,8,53,0,61,0,27,120,0,147,0,35,173,0,208,70,0,70,278
11/19/2021,HND,NV,AWP,WE,Federal Contract Tower,0,9,54,0,63,0,8,151,1,160,0,17,205,1,223,96,0,96,319
11/20/2021,HND,NV,AWP,WE,Federal Contract Tower,0,10,52,0,62,0,10,145,0,155,0,20,197,0,217,42,0,42,259
11/21/2021,HND,NV,AWP,WE,Federal Contract Tower,0,23,52,0,75,0,6,131,0,137,0,29,183,0,212,4,0,4,216
11/22/2021,HND,NV,AWP,WE,Federal Contract Tower,0,14,51,0,65,0,16,131,0,147,0,30,182,0,212,50,0,50,262
11/23/2021,HND,NV,AWP,WE,Federal Contract Tower,0,15,54,0,69,0,5,113,0,118,0,20,167,0,187,106,0,106,293
11/24/2021,HND,NV,AWP,WE,Federal Contract Tower,0,14,38,0,52,0,10,90,0,100,0,24,128,0,152,14,0,14,166
11/25/2021,HND,NV,AWP,WE,Federal Contract Tower,0,2,8,0,10,0,0,40,0,40,0,2,48,0,50,24,0,24,74
11/26/2021,HND,NV,AWP,WE,Federal Contract Tower,0,8,26,0,34,0,10,150,0,160,0,18,176,0,194,56,0,56,250
11/27/2021,HND,NV,AWP,WE,Federal Contract Tower,0,9,31,0,40,0,11,145,0,156,0,20,176,0,196,26,0,26,222
11/28/2021,HND,NV,AWP,WE,Federal Contract Tower,0,14,46,0,60,0,16,114,0,130,0,30,160,0,190,86,0,86,276
11/29/2021,HND,NV,AWP,WE,Federal Contract Tower,0,6,38,1,45,0,6,96,1,103,0,12,134,2,148,52,0,52,200
11/30/2021,HND,NV,AWP,WE,Federal Contract Tower,0,6,30,0,36,0,11,113,1,125,0,17,143,1,161,30,0,30,191
12/01/2021,HND,NV,AWP,WE,Federal Contract Tower,0,7,58,2,67,0,23,91,2,116,0,30,149,4,183,30,0,30,213
12/02/2021,HND,NV,AWP,WE,Federal Contract Tower,0,12,46,0,58,0,21,112,0,133,0,33,158,0,191,16,0,16,207
12/03/2021,HND,NV,AWP,WE,Federal Contract Tower,0,13,92,0,105,0,13,152,0,165,0,26,244,0,270,4,0,4,274
12/04/2021,HND,NV,AWP,WE,Federal Contract Tower,0,11,68,0,79,0,12,184,0,196,0,23,252,0,275,40,0,40,315
12/05/2021,HND,NV,AWP,WE,Federal Contract Tower,0,12,113,0,125,0,16,149,0,165,0,28,262,0,290,6,0,6,296
12/06/2021,HND,NV,AWP,WE,Federal Contract Tower,0,12,74,0,86,0,16,104,0,120,0,28,178,0,206,82,0,82,288
12/07/2021,HND,NV,AWP,WE,Federal Contract Tower,0,18,85,0,103,0,8,87,0,95,0,26,172,0,198,50,0,50,248
12/08/2021,HND,NV,AWP,WE,Federal Contract Tower,0,9,96,0,105,0,9,106,0,115,0,18,202,0,220,12,0,12,232
12/09/2021,HND,NV,AWP,WE,Federal Contract Tower,0,14,111,0,125,0,5,17,0,22,0,19,128,0,147,0,0,0,147
12/10/2021,HND,NV,AWP,WE,Federal Contract Tower,0,15,87,0,102,0,34,160,0,194,0,49,247,0,296,40,0,40,336
12/11/2021,HND,NV,AWP,WE,Federal Contract Tower,0,7,48,0,55,0,24,119,0,143,0,31,167,0,198,30,0,30,228
12/12/2021,HND,NV,AWP,WE,Federal Contract Tower,0,23,80,0,103,0,13,131,0,144,0,36,211,0,247,50,0,50,297
12/13/2021,HND,NV,AWP,WE,Federal Contract Tower,0,13,49,2,64,0,17,74,0,91,0,30,123,2,155,14,0,14,169
12/14/2021,HND,NV,AWP,WE,Federal Contract Tower,0,8,30,0,38,0,8,7,0,15,0,16,37,0,53,10,0,10,63
12/15/2021,HND,NV,AWP,WE,Federal Contract Tower,0,16,39,0,55,0,20,99,2,121,0,36,138,2,176,100,0,100,276
12/16/2021,HND,NV,AWP,WE,Federal Contract Tower,0,11,34,0,45,0,14,111,2,127,0,25,145,2,172,82,0,82,254
12/17/2021,HND,NV,AWP,WE,Federal Contract Tower,0,17,36,0,53,0,20,148,0,168,0,37,184,0,221,56,0,56,277
12/18/2021,HND,NV,AWP,WE,Federal Contract Tower,0,10,38,0,48,0,6,131,0,137,0,16,169,0,185,74,0,74,259
12/19/2021,HND,NV,AWP,WE,Federal Contract Tower,0,4,30,0,34,0,9,146,0,155,0,13,176,0,189,64,0,64,253
12/20/2021,HND,NV,AWP,WE,Federal Contract Tower,0,11,36,0,47,0,13,116,0,129,0,24,152,0,176,62,0,62,238
12/21/2021,HND,NV,AWP,WE,Federal Contract Tower,0,10,29,0,39,0,17,123,0,140,0,27,152,0,179,88,0,88,267
12/22/2021,HND,NV,AWP,WE,Federal Contract Tower,0,9,38,0,47,0,6,119,0,125,0,15,157,0,172,84,0,84,256
12/23/2021,HND,NV,AWP,WE,Federal Contract Tower,0,12,27,0,39,0,15,63,0,78,0,27,90,0,117,70,0,70,187
12/24/2021,HND,NV,AWP,WE,Federal Contract Tower,0,4,7,0,11,0,6,11,0,17,0,10,18,0,28,4,0,4,32
12/25/2021,HND,NV,AWP,WE,Federal Contract Tower,0,2,10,0,12,0,4,19,0,23,0,6,29,0,35,8,0,8,43
12/26/2021,HND,NV,AWP,WE,Federal Contract Tower,0,5,29,0,34,0,15,36,0,51,0,20,65,0,85,6,0,6,91
12/27/2021,HND,NV,AWP,WE,Federal Contract Tower,0,7,41,0,48,0,11,21,0,32,0,18,62,0,80,2,0,2,82
12/28/2021,HND,NV,AWP,WE,Federal Contract Tower,0,7,34,0,41,0,8,71,0,79,0,15,105,0,120,28,0,28,148
12/29/2021,HND,NV,AWP,WE,Federal Contract Tower,0,7,28,0,35,0,19,78,0,97,0,26,106,0,132,72,0,72,204
12/30/2021,HND,NV,AWP,WE,Federal Contract Tower,0,4,48,0,52,0,14,64,0,78,0,18,112,0,130,116,0,116,246
12/31/2021,HND,NV,AWP,WE,Federal Contract Tower,0,5,32,0,37,0,28,61,0,89,0,33,93,0,126,46,0,46,172
01/01/2022,HND,NV,AWP,WE,Federal Contract Tower,0,4,17,0,21,0,3,43,0,46,0,7,60,0,67,12,0,12,79
01/02/2022,HND,NV,AWP,WE,Federal Contract Tower,0,13,52,0,65,0,22,145,0,167,0,35,197,0,232,64,0,64,296
01/03/2022,HND,NV,AWP,WE,Federal Contract Tower,0,5,41,0,46,0,13,93,0,106,0,18,134,0,152,56,0,56,208
01/04/2022,HND,NV,AWP,WE,Federal Contract Tower,0,11,32,0,43,0,14,78,0,92,0,25,110,0,135,116,0,116,251
01/05/2022,HND,NV,AWP,WE,Federal Contract Tower,0,11,39,0,50,0,16,119,3,138,0,27,158,3,188,54,0,54,242
01/06/2022,HND,NV,AWP,WE,Federal Contract Tower,0,6,24,0,30,0,10,121,1,132,0,16,145,1,162,90,0,90,252
01/07/2022,HND,NV,AWP,WE,Federal Contract Tower,0,16,38,0,54,0,17,107,0,124,0,33,145,0,178,44,0,44,222
01/08/2022,HND,NV,AWP,WE,Federal Contract Tower,0,24,44,0,68,0,5,48,2,55,0,29,92,2,123,30,0,30,153
01/09/2022,HND,NV,AWP,WE,Federal Contract Tower,0,21,33,0,54,0,9,139,12,160,0,30,172,12,214,34,0,34,248
01/10/2022,HND,NV,AWP,WE,Federal Contract Tower,0,18,47,0,65,0,27,121,4,152,0,45,168,4,217,32,0,32,249
01/11/2022,HND,NV,AWP,WE,Federal Contract Tower,0,8,26,0,34,0,12,115,0,127,0,20,141,0,161,44,0,44,205
01/12/2022,HND,NV,AWP,WE,Federal Contract Tower,0,2,14,0,16,0,8,116,0,124,0,10,130,0,140,66,0,66,206
01/13/2022,HND,NV,AWP,WE,Federal Contract Tower,0,5,33,0,38,0,29,114,0,143,0,34,147,0,181,36,0,36,217
01/14/2022,HND,NV,AWP,WE,Federal Contract Tower,0,8,45,0,53,0,21,105,2,128,0,29,150,2,181,20,0,20,201
01/15/2022,HND,NV,AWP,WE,Federal Contract Tower,0,4,21,0,25,0,12,164,0,176,0,16,185,0,201,70,0,70,271
01/16/2022,HND,NV,AWP,WE,Federal Contract Tower,0,0,31,0,31,0,23,142,0,165,0,23,173,0,196,28,0,28,224
01/17/2022,HND,NV,AWP,WE,Federal Contract Tower,0,4,68,0,72,0,18,128,0,146,0,22,196,0,218,22,0,22,240
01/18/2022,HND,NV,AWP,WE,Federal Contract Tower,0,10,52,0,62,0,8,78,0,86,0,18,130,0,148,104,0,104,252
01/19/2022,HND,NV,AWP,WE,Federal Contract Tower,0,4,71,0,75,0,18,172,0,190,0,22,243,0,265,74,0,74,339
01/20/2022,HND,NV,AWP,WE,Federal Contract Tower,0,8,75,0,83,0,17,116,0,133,0,25,191,0,216,64,0,64,280
01/21/2022,HND,NV,AWP,WE,Federal Contract Tower,0,15,63,0,78,0,19,106,0,125,0,34,169,0,203,86,0,86,289
01/22/2022,HND,NV,AWP,WE,Federal Contract Tower,0,8,49,0,57,0,21,75,0,96,0,29,124,0,153,66,0,66,219
01/23/2022,HND,NV,AWP,WE,Federal Contract Tower,0,16,67,0,83,0,12,135,0,147,0,28,202,0,230,28,0,28,258
01/24/2022,HND,NV,AWP,WE,Federal Contract Tower,0,6,37,0,43,0,12,134,2,148,0,18,171,2,191,76,0,76,267
01/25/2022,HND,NV,AWP,WE,Federal Contract Tower,0,13,29,0,42,0,8,82,0,90,0,21,111,0,132,30,0,30,162
01/26/2022,HND,NV,AWP,WE,Federal Contract Tower,0,9,37,0,46,0,17,151,0,168,0,26,188,0,214,90,0,90,304
01/27/2022,HND,NV,AWP,WE,Federal Contract Tower,0,14,42,0,56,0,17,133,0,150,0,31,175,0,206,32,0,32,238
01/28/2022,HND,NV,AWP,WE,Federal Contract Tower,0,13,43,0,56,0,34,117,0,151,0,47,160,0,207,100,0,100,307
01/29/2022,HND,NV,AWP,WE,Federal Contract Tower,0,9,30,0,39,0,14,111,0,125,0,23,141,0,164,74,0,74,238
01/30/2022,HND,NV,AWP,WE,Federal Contract Tower,0,16,41,0,57,0,4,153,0,157,0,20,194,0,214,138,0,138,352
01/31/2022,HND,NV,AWP,WE,Federal Contract Tower,0,6,41,0,47,0,16,121,0,137,0,22,162,0,184,84,0,84,268
02/01/2022,HND,NV,AWP,WE,Federal Contract Tower,0,8,26,0,34,0,17,100,0,117,0,25,126,0,151,22,0,22,173
02/02/2022,HND,NV,AWP,WE,Federal Contract Tower,0,7,27,0,34,0,9,25,0,34,0,16,52,0,68,10,0,10,78
02/03/2022,HND,NV,AWP,WE,Federal Contract Tower,0,5,45,0,50,0,35,115,0,150,0,40,160,0,200,88,0,88,288
02/04/2022,HND,NV,AWP,WE,Federal Contract Tower,0,9,48,0,57,0,6,145,0,151,0,15,193,0,208,38,0,38,246
02/05/2022,HND,NV,AWP,WE,Federal Contract Tower,0,3,29,0,32,0,31,169,0,200,0,34,198,0,232,70,0,70,302
02/06/2022,HND,NV,AWP,WE,Federal Contract Tower,0,6,35,0,41,0,26,141,0,167,0,32,176,0,208,50,0,50,258
02/07/2022,HND,NV,AWP,WE,Federal Contract Tower,0,10,29,0,39,0,23,147,0,170,0,33,176,0,209,70,0,70,279
02/08/2022,HND,NV,AWP,WE,Federal Contract Tower,0,2,30,0,32,0,20,109,0,129,0,22,139,0,161,68,0,68,229
02/09/2022,HND,NV,AWP,WE,Federal Contract Tower,0,9,32,0,41,0,6,87,0,93,0,15,119,0,134,70,0,70,204
02/10/2022,HND,NV,AWP,WE,Federal Contract Tower,0,11,53,0,64,0,6,131,0,137,0,17,184,0,201,70,0,70,271
02/11/2022,HND,NV,AWP,WE,Federal Contract Tower,0,13,75,0,88,0,20,158,0,178,0,33,233,0,266,116,0,116,382
02/12/2022,HND,NV,AWP,WE,Federal Contract Tower,0,7,43,0,50,0,28,158,0,186,0,35,201,0,236,74,0,74,310
02/13/2022,HND,NV,AWP,WE,Federal Contract Tower,0,9,25,0,34,0,23,131,0,154,0,32,156,0,188,126,0,126,314
02/14/2022,HND,NV,AWP,WE,Federal Contract Tower,0,14,62,0,76,0,16,109,0,125,0,30,171,0,201,70,0,70,271
02/15/2022,HND,NV,AWP,WE,Federal Contract Tower,0,21,41,0,62,0,14,34,0,48,0,35,75,0,110,40,0,40,150
02/16/2022,HND,NV,AWP,WE,Federal Contract Tower,0,5,33,2,40,0,23,107,0,130,0,28,140,2,170,68,0,68,238
02/17/2022,HND,NV,AWP,WE,Federal Contract Tower,0,8,44,0,52,0,18,126,1,145,0,26,170,1,197,56,0,56,253
02/18/2022,HND,NV,AWP,WE,Federal Contract Tower,0,19,58,0,77,0,10,173,0,183,0,29,231,0,260,74,0,74,334
02/19/2022,HND,NV,AWP,WE,Federal Contract Tower,0,17,38,0,55,0,22,194,0,216,0,39,232,0,271,120,0,120,391
02/20/2022,HND,NV,AWP,WE,Federal Contract Tower,0,3,42,0,45,0,20,164,0,184,0,23,206,0,229,38,0,38,267
02/21/2022,HND,NV,AWP,WE,Federal Contract Tower,0,4,52,0,56,0,29,0,0,29,0,33,52,0,85,2,0,2,87
02/22/2022,HND,NV,AWP,WE,Federal Contract Tower,0,5,31,0,36,0,11,41,0,52,0,16,72,0,88,6,0,6,94
02/23/2022,HND,NV,AWP,WE,Federal Contract Tower,0,2,40,0,42,0,7,54,0,61,0,9,94,0,103,98,0,98,201
02/24/2022,HND,NV,AWP,WE,Federal Contract Tower,0,10,77,3,90,0,12,166,0,178,0,22,243,3,268,182,0,182,450
02/25/2022,HND,NV,AWP,WE,Federal Contract Tower,0,9,84,0,93,0,3,179,0,182,0,12,263,0,275,104,0,104,379
02/26/2022,HND,NV,AWP,WE,Federal Contract Tower,0,10,38,0,48,0,10,133,0,143,0,20,171,0,191,70,0,70,261
02/27/2022,HND,NV,AWP,WE,Federal Contract Tower,0,8,67,0,75,0,18,206,0,224,0,26,273,0,299,52,2,54,353
02/28/2022,HND,NV,AWP,WE,Federal Contract Tower,0,8,43,0,51,0,13,99,0,112,0,21,142,0,163,18,0,18,181
03/01/2022,HND,NV,AWP,WE,Federal Contract Tower,0,6,29,0,35,0,17,98,0,115,0,23,127,0,150,18,0,18,168
03/02/2022,HND,NV,AWP,WE,Federal Contract Tower,0,14,58,0,72,0,18,166,0,184,0,32,224,0,256,104,0,104,360
03/03/2022,HND,NV,AWP,WE,Federal Contract Tower,0,21,39,0,60,0,5,122,0,127,0,26,161,0,187,44,0,44,231
03/04/2022,HND,NV,AWP,WE,Federal Contract Tower,0,15,64,0,79,0,12,55,1,68,0,27,119,1,147,18,0,18,165
03/05/2022,HND,NV,AWP,WE,Federal Contract Tower,0,11,32,0,43,0,9,17,0,26,0,20,49,0,69,0,0,0,69
03/06/2022,HND,NV,AWP,WE,Federal Contract Tower,0,17,73,1,91,0,7,161,1,169,0,24,234,2,260,92,0,92,352
03/07/2022,HND,NV,AWP,WE,Federal Contract Tower,0,8,49,1,58,0,17,78,1,96,0,25,127,2,154,14,0,14,168
03/08/2022,HND,NV,AWP,WE,Federal Contract Tower,0,14,41,0,55,0,15,125,0,140,0,29,166,0,195,38,0,38,233
03/09/2022,HND,NV,AWP,WE,Federal Contract Tower,0,21,75,0,96,0,24,156,2,182,0,45,231,2,278,148,0,148,426
03/10/2022,HND,NV,AWP,WE,Federal Contract Tower,0,28,93,0,121,0,9,25,0,34,0,37,118,0,155,10,0,10,165
03/11/2022,HND,NV,AWP,WE,Federal Contract Tower,0,10,70,0,80,0,24,174,1,199,0,34,244,1,279,46,0,46,325
03/12/2022,HND,NV,AWP,WE,Federal Contract Tower,0,9,47,0,56,0,9,164,0,173,0,18,211,0,229,8,0,8,237
03/13/2022,HND,NV,AWP,WE,Federal Contract Tower,0,11,91,0,102,0,2,183,0,185,0,13,274,0,287,62,0,62,349
03/14/2022,HND,NV,AWP,WE,Federal Contract Tower,0,5,41,0,46,0,3,111,1,115,0,8,152,1,161,24,0,24,185
03/15/2022,HND,NV,AWP,WE,Federal Contract Tower,0,8,41,0,49,0,13,107,4,124,0,21,148,4,173,34,0,34,207
03/16/2022,HND,NV,AWP,WE,Federal Contract Tower,0,13,45,0,58,0,18,110,3,131,0,31,155,3,189,62,0,62,251
03/17/2022,HND,NV,AWP,WE,Federal Contract Tower,0,8,31,0,39,0,14,127,0,141,0,22,158,0,180,60,0,60,240
03/18/2022,HND,NV,AWP,WE,Federal Contract Tower,0,16,64,2,82,0,16,178,1,195,0,32,242,3,277,40,0,40,317
03/19/2022,HND,NV,AWP,WE,Federal Contract Tower,0,12,47,0,59,0,8,99,0,107,0,20,146,0,166,124,0,124,290
03/20/2022,HND,NV,AWP,WE,Federal Contract Tower,0,13,63,0,76,0,1,49,0,50,0,14,112,0,126,2,0,2,128
03/21/2022,HND,NV,AWP,WE,Federal Contract Tower,0,19,48,3,70,0,6,81,2,89,0,25,129,5,159,52,0,52,211
03/22/2022,HND,NV,AWP,WE,Federal Contract Tower,0,4,35,0,39,0,9,93,0,102,0,13,128,0,141,62,0,62,203
03/23/2022,HND,NV,AWP,WE,Federal Contract Tower,0,12,69,0,81,0,11,160,0,171,0,23,229,0,252,66,0,66,318
03/24/2022,HND,NV,AWP,WE,Federal Contract Tower,0,10,47,0,57,0,7,134,0,141,0,17,181,0,198,84,0,84,282
03/25/2022,HND,NV,AWP,WE,Federal Contract Tower,0,9,51,0,60,0,20,161,0,181,0,29,212,0,241,108,0,108,349
03/26/2022,HND,NV,AWP,WE,Federal Contract Tower,0,2,31,0,33,0,14,160,1,175,0,16,191,1,208,54,0,54,262
03/27/2022,HND,NV,AWP,WE,Federal Contract Tower,0,6,53,0,59,0,5,118,1,124,0,11,171,1,183,110,0,110,293
03/28/2022,HND,NV,AWP,WE,Federal Contract Tower,0,12,57,0,69,0,7,43,0,50,0,19,100,0,119,36,0,36,155
03/29/2022,HND,NV,AWP,WE,Federal Contract Tower,0,10,54,0,64,0,14,125,1,140,0,24,179,1,204,120,0,120,324
03/30/2022,HND,NV,AWP,WE,Federal Contract Tower,0,4,46,0,50,0,17,125,0,142,0,21,171,0,192,88,0,88,280
03/31/2022,HND,NV,AWP,WE,Federal Contract Tower,0,11,58,0,69,0,8,154,0,162,0,19,212,0,231,120,0,120,351
04/01/2022,HND,NV,AWP,WE,Federal Contract Tower,0,7,63,1,71,0,19,147,1,167,0,26,210,2,238,79,0,79,317
04/02/2022,HND,NV,AWP,WE,Federal Contract Tower,0,9,30,0,39,0,2,119,0,121,0,11,149,0,160,38,0,38,198
04/03/2022,HND,NV,AWP,WE,Federal Contract Tower,0,10,56,0,66,0,4,159,0,163,0,14,215,0,229,48,0,48,277
04/04/2022,HND,NV,AWP,WE,Federal Contract Tower,0,7,62,0,69,0,16,111,0,127,0,23,173,0,196,46,0,46,242
04/05/2022,HND,NV,AWP,WE,Federal Contract Tower,0,5,33,0,38,0,11,96,0,107,0,16,129,0,145,34,0,34,179
04/06/2022,HND,NV,AWP,WE,Federal Contract Tower,0,8,41,0,49,0,14,92,3,109,0,22,133,3,158,60,0,60,218
04/07/2022,HND,NV,AWP,WE,Federal Contract Tower,0,15,46,0,61,0,19,102,1,122,0,34,148,1,183,24,0,24,207
04/08/2022,HND,NV,AWP,WE,Federal Contract Tower,0,9,36,0,45,0,9,132,0,141,0,18,168,0,186,172,0,172,358
04/09/2022,HND,NV,AWP,WE,Federal Contract Tower,0,5,37,0,42,0,13,70,1,84,0,18,107,1,126,43,0,43,169
04/10/2022,HND,NV,AWP,WE,Federal Contract Tower,0,17,39,0,56,0,9,96,0,105,0,26,135,0,161,34,0,34,195
04/11/2022,HND,NV,AWP,WE,Federal Contract Tower,0,15,26,1,42,0,10,30,0,40,0,25,56,1,82,4,0,4,86
04/12/2022,HND,NV,AWP,WE,Federal Contract Tower,0,7,39,0,46,0,19,50,0,69,0,26,89,0,115,14,0,14,129
04/13/2022,HND,NV,AWP,WE,Federal Contract Tower,0,0,28,0,28,0,31,123,2,156,0,31,151,2,184,98,0,98,282
04/14/2022,HND,NV,AWP,WE,Federal Contract Tower,0,2,49,0,51,0,18,113,3,134,0,20,162,3,185,78,0,78,263
04/15/2022,HND,NV,AWP,WE,Federal Contract Tower,0,9,35,0,44,0,12,146,0,158,0,21,181,0,202,38,0,38,240
04/16/2022,HND,NV,AWP,WE,Federal Contract Tower,0,7,24,0,31,0,12,24,1,37,0,19,48,1,68,0,0,0,68
04/17/2022,HND,NV,AWP,WE,Federal Contract Tower,0,10,37,0,47,0,10,159,0,169,0,20,196,0,216,42,0,42,258
04/18/2022,HND,NV,AWP,WE,Federal Contract Tower,0,2,52,0,54,0,7,92,0,99,0,9,144,0,153,16,0,16,169
04/19/2022,HND,NV,AWP,WE,Federal Contract Tower,0,6,27,0,33,0,9,17,0,26,0,15,44,0,59,12,0,12,71
04/20/2022,HND,NV,AWP,WE,Federal Contract Tower,0,8,36,0,44,0,18,103,0,121,0,26,139,0,165,66,0,66,231
04/21/2022,HND,NV,AWP,WE,Federal Contract Tower,0,9,61,0,70,0,14,41,0,55,0,23,102,0,125,18,0,18,143
04/22/2022,HND,NV,AWP,WE,Federal Contract Tower,0,5,46,0,51,0,11,53,0,64,0,16,99,0,115,10,0,10,125
04/23/2022,HND,NV,AWP,WE,Federal Contract Tower,0,10,35,0,45,0,15,181,1,197,0,25,216,1,242,130,0,130,372
04/24/2022,HND,NV,AWP,WE,Federal Contract Tower,0,11,65,0,76,0,13,117,1,131,0,24,182,1,207,22,0,22,229
04/25/2022,HND,NV,AWP,WE,Federal Contract Tower,0,9,43,0,52,0,14,151,0,165,0,23,194,0,217,42,0,42,259
04/26/2022,HND,NV,AWP,WE,Federal Contract Tower,0,5,38,0,43,0,10,89,1,100,0,15,127,1,143,42,0,42,185
04/27/2022,HND,NV,AWP,WE,Federal Contract Tower,0,9,56,0,65,0,17,96,2,115,0,26,152,2,180,42,0,42,222
04/28/2022,HND,NV,AWP,WE,Federal Contract Tower,0,10,57,0,67,0,10,33,0,43,0,20,90,0,110,0,0,0,110
04/29/2022,HND,NV,AWP,WE,Federal Contract Tower,0,10,46,4,60,0,10,116,3,129,0,20,162,7,189,56,0,56,245
04/30/2022,HND,NV,AWP,WE,Federal Contract Tower,0,6,31,0,37,0,7,150,2,159,0,13,181,2,196,24,0,24,220
05/01/2022,HND,NV,AWP,WE,Federal Contract Tower,0,15,62,4,81,0,14,80,0,94,0,29,142,4,175,46,0,46,221
05/02/2022,HND,NV,AWP,WE,Federal Contract Tower,0,10,41,0,51,0,8,125,0,133,0,18,166,0,184,62,0,62,246
05/03/2022,HND,NV,AWP,WE,Federal Contract Tower,0,4,34,0,38,0,9,61,0,70,0,13,95,0,108,10,0,10,118
05/04/2022,HND,NV,AWP,WE,Federal Contract Tower,0,16,44,0,60,0,11,117,0,128,0,27,161,0,188,46,0,46,234
05/05/2022,HND,NV,AWP,WE,Federal Contract Tower,0,14,49,1,64,0,16,106,0,122,0,30,155,1,186,42,0,42,228
05/06/2022,HND,NV,AWP,WE,Federal Contract Tower,0,12,50,0,62,0,14,117,1,132,0,26,167,1,194,22,0,22,216
05/07/2022,HND,NV,AWP,WE,Federal Contract Tower,0,7,22,0,29,0,12,29,0,41,0,19,51,0,70,12,0,12,82
05/08/2022,HND,NV,AWP,WE,Federal Contract Tower,0,6,26,0,32,0,4,27,0,31,0,10,53,0,63,2,0,2,65
05/09/2022,HND,NV,AWP,WE,Federal Contract Tower,0,21,47,0,68,0,9,85,0,94,0,30,132,0,162,34,0,34,196
05/10/2022,HND,NV,AWP,WE,Federal Contract Tower,0,11,29,0,40,0,14,40,0,54,0,25,69,0,94,4,0,4,98
05/11/2022,HND,NV,AWP,WE,Federal Contract Tower,0,10,41,0,51,0,3,42,0,45,0,13,83,0,96,2,0,2,98
05/12/2022,HND,NV,AWP,WE,Federal Contract Tower,0,3,51,0,54,0,13,165,2,180,0,16,216,2,234,40,0,40,274
05/13/2022,HND,NV,AWP,WE,Federal Contract Tower,0,9,49,0,58,0,29,140,0,169,0,38,189,0,227,28,0,28,255
05/14/2022,HND,NV,AWP,WE,Federal Contract Tower,0,9,22,0,31,0,21,142,3,166,0,30,164,3,197,16,0,16,213
05/15/2022,HND,NV,AWP,WE,Federal Contract Tower,0,9,49,0,58,0,18,113,0,131,0,27,162,0,189,62,0,62,251
05/16/2022,HND,NV,AWP,WE,Federal Contract Tower,0,4,28,0,32,0,22,98,0,120,0,26,126,0,152,28,0,28,180
05/17/2022,HND,NV,AWP,WE,Federal Contract Tower,0,6,38,0,44,0,9,107,0,116,0,15,145,0,160,46,0,46,206
05/18/2022,HND,NV,AWP,WE,Federal Contract Tower,0,7,38,0,45,0,28,132,0,160,0,35,170,0,205,78,0,78,283
05/19/2022,HND,NV,AWP,WE,Federal Contract Tower,0,4,39,0,43,0,26,84,0,110,0,30,123,0,153,54,0,54,207
05/20/2022,HND,NV,AWP,WE,Federal Contract Tower,0,20,78,0,98,0,20,75,1,96,0,40,153,1,194,24,0,24,218
05/21/2022,HND,NV,AWP,WE,Federal Contract Tower,0,8,39,0,47,0,22,119,0,141,0,30,158,0,188,74,0,74,262
05/22/2022,HND,NV,AWP,WE,Federal Contract Tower,0,15,68,0,83,0,19,144,0,163,0,34,212,0,246,78,0,78,324
05/23/2022,HND,NV,AWP,WE,Federal Contract Tower,0,9,43,0,52,0,22,120,0,142,0,31,163,0,194,36,0,36,230
05/24/2022,HND,NV,AWP,WE,Federal Contract Tower,0,20,64,0,84,0,10,108,0,118,0,30,172,0,202,50,0,50,252
05/25/2022,HND,NV,AWP,WE,Federal Contract Tower,0,14,39,0,53,0,15,134,0,149,0,29,173,0,202,52,0,52,254
05/26/2022,HND,NV,AWP,WE,Federal Contract Tower,0,10,48,0,58,0,9,87,0,96,0,19,135,0,154,38,0,38,192
05/27/2022,HND,NV,AWP,WE,Federal Contract Tower,0,8,37,0,45,0,7,102,0,109,0,15,139,0,154,62,0,62,216
05/28/2022,HND,NV,AWP,WE,Federal Contract Tower,0,6,26,0,32,0,6,53,0,59,0,12,79,0,91,106,0,106,197
05/29/2022,HND,NV,AWP,WE,Federal Contract Tower,0,8,27,0,35,0,9,78,0,87,0,17,105,0,122,44,0,44,166
05/30/2022,HND,NV,AWP,WE,Federal Contract Tower,0,10,28,0,38,0,20,177,0,197,0,30,205,0,235,68,0,68,303
05/31/2022,HND,NV,AWP,WE,Federal Contract Tower,0,7,32,0,39,0,11,110,4,125,0,18,142,4,164,110,0,110,274
06/01/2022,HND,NV,AWP,WE,Federal Contract Tower,0,3,36,0,39,0,16,86,0,102,0,19,122,0,141,64,0,64,205
06/02/2022,HND,NV,AWP,WE,Federal Contract Tower,0,2,35,0,37,0,15,135,1,151,0,17,170,1,188,68,0,68,256
06/03/2022,HND,NV,AWP,WE,Federal Contract Tower,0,6,33,0,39,0,21,83,0,104,0,27,116,0,143,76,0,76,219
06/04/2022,HND,NV,AWP,WE,Federal Contract Tower,0,5,20,0,25,0,4,63,0,67,0,9,83,0,92,16,0,16,108
06/05/2022,HND,NV,AWP,WE,Federal Contract Tower,0,3,39,0,42,0,4,133,0,137,0,7,172,0,179,54,0,54,233
06/06/2022,HND,NV,AWP,WE,Federal Contract Tower,0,5,22,0,27,0,12,101,0,113,0,17,123,0,140,46,0,46,186
06/07/2022,HND,NV,AWP,WE,Federal Contract Tower,0,8,33,0,41,0,32,124,0,156,0,40,157,0,197,40,0,40,237
06/08/2022,HND,NV,AWP,WE,Federal Contract Tower,0,7,39,2,48,0,29,92,0,121,0,36,131,2,169,54,0,54,223
06/09/2022,HND,NV,AWP,WE,Federal Contract Tower,0,10,34,0,44,0,25,60,0,85,0,35,94,0,129,20,0,20,149
06/10/2022,HND,NV,AWP,WE,Federal Contract Tower,0,6,40,0,46,0,6,76,0,82,0,12,116,0,128,30,0,30,158
06/11/2022,HND,NV,AWP,WE,Federal Contract Tower,0,4,17,0,21,0,8,71,0,79,0,12,88,0,100,16,0,16,116
06/12/2022,HND,NV,AWP,WE,Federal Contract Tower,0,6,27,0,33,0,3,40,0,43,0,9,67,0,76,0,0,0,76
06/13/2022,HND,NV,AWP,WE,Federal Contract Tower,0,13,37,0,50,0,4,46,0,50,0,17,83,0,100,0,0,0,100
06/14/2022,HND,NV,AWP,WE,Federal Contract Tower,0,2,36,0,38,0,18,101,0,119,0,20,137,0,157,22,0,22,179
06/15/2022,HND,NV,AWP,WE,Federal Contract Tower,0,9,33,0,42,0,20,112,0,132,0,29,145,0,174,34,0,34,208
06/16/2022,HND,NV,AWP,WE,Federal Contract Tower,0,6,26,0,32,0,22,104,1,127,0,28,130,1,159,22,0,22,181
06/17/2022,HND,NV,AWP,WE,Federal Contract Tower,0,10,28,2,40,0,17,57,3,77,0,27,85,5,117,16,0,16,133
06/18/2022,HND,NV,AWP,WE,Federal Contract Tower,0,3,26,0,29,0,15,46,3,64,0,18,72,3,93,2,0,2,95
06/19/2022,HND,NV,AWP,WE,Federal Contract Tower,0,15,27,0,42,0,12,107,1,120,0,27,134,1,162,36,0,36,198
06/20/2022,HND,NV,AWP,WE,Federal Contract Tower,0,7,34,0,41,0,9,95,0,104,0,16,129,0,145,26,0,26,171
06/21/2022,HND,NV,AWP,WE,Federal Contract Tower,0,3,28,0,31,0,20,67,0,87,0,23,95,0,118,10,0,10,128
06/22/2022,HND,NV,AWP,WE,Federal Contract Tower,0,10,22,0,32,0,16,52,0,68,0,26,74,0,100,14,0,14,114
06/23/2022,HND,NV,AWP,WE,Federal Contract Tower,0,3,26,0,29,0,5,57,0,62,0,8,83,0,91,56,0,56,147
06/24/2022,HND,NV,AWP,WE,Federal Contract Tower,0,2,23,0,25,0,12,56,3,71,0,14,79,3,96,6,0,6,102
06/25/2022,HND,NV,AWP,WE,Federal Contract Tower,0,5,24,0,29,0,7,95,10,112,0,12,119,10,141,32,0,32,173
06/26/2022,HND,NV,AWP,WE,Federal Contract Tower,0,10,36,0,46,0,6,79,3,88,0,16,115,3,134,18,0,18,152
06/27/2022,HND,NV,AWP,WE,Federal Contract Tower,0,12,32,0,44,0,19,75,0,94,0,31,107,0,138,52,0,52,190
06/28/2022,HND,NV,AWP,WE,Federal Contract Tower,0,3,22,0,25,0,17,54,0,71,0,20,76,0,96,50,0,50,146
06/29/2022,HND,NV,AWP,WE,Federal Contract Tower,0,10,20,0,30,0,28,81,10,119,0,38,101,10,149,18,0,18,167
06/30/2022,HND,NV,AWP,WE,Federal Contract Tower,0,12,40,0,52,0,23,94,2,119,0,35,134,2,171,26,0,26,197
07/01/2022,HND,NV,AWP,WE,Federal Contract Tower,0,18,41,0,59,0,18,65,0,83,0,36,106,0,142,14,0,14,156
07/02/2022,HND,NV,AWP,WE,Federal Contract Tower,0,4,21,0,25,0,19,67,0,86,0,23,88,0,111,12,0,12,123
07/03/2022,HND,NV,AWP,WE,Federal Contract Tower,0,3,23,0,26,0,10,44,0,54,0,13,67,0,80,8,0,8,88
07/04/2022,HND,NV,AWP,WE,Federal Contract Tower,0,2,16,0,18,0,16,43,0,59,0,18,59,0,77,6,0,6,83
07/05/2022,HND,NV,AWP,WE,Federal Contract Tower,0,7,40,0,47,0,10,74,2,86,0,17,114,2,133,16,0,16,149
07/06/2022,HND,NV,AWP,WE,Federal Contract Tower,0,11,21,0,32,0,17,69,0,86,0,28,90,0,118,42,0,42,160
07/07/2022,HND,NV,AWP,WE,Federal Contract Tower,0,10,24,0,34,0,15,102,0,117,0,25,126,0,151,32,0,32,183
07/08/2022,HND,NV,AWP,WE,Federal Contract Tower,0,7,39,0,46,0,22,92,0,114,0,29,131,0,160,22,0,22,182
07/09/2022,HND,NV,AWP,WE,Federal Contract Tower,0,11,25,0,36,0,8,99,0,107,0,19,124,0,143,44,0,44,187
07/10/2022,HND,NV,AWP,WE,Federal Contract Tower,0,5,26,0,31,0,17,108,0,125,0,22,134,0,156,50,0,50,206
07/11/2022,HND,NV,AWP,WE,Federal Contract Tower,0,3,26,0,29,0,43,93,0,136,0,46,119,0,165,54,0,54,219
07/12/2022,HND,NV,AWP,WE,Federal Contract Tower,0,7,28,0,35,0,12,61,1,74,0,19,89,1,109,32,0,32,141
07/13/2022,HND,NV,AWP,WE,Federal Contract Tower,0,10,37,0,47,0,16,77,0,93,0,26,114,0,140,42,0,42,182
07/14/2022,HND,NV,AWP,WE,Federal Contract Tower,0,14,32,0,46,0,14,65,0,79,0,28,97,0,125,30,0,30,155
07/15/2022,HND,NV,AWP,WE,Federal Contract Tower,0,7,39,0,46,0,33,93,0,126,0,40,132,0,172,34,0,34,206
07/16/2022,HND,NV,AWP,WE,Federal Contract Tower,0,3,16,0,19,0,16,95,0,111,0,19,111,0,130,26,0,26,156
07/17/2022,HND,NV,AWP,WE,Federal Contract Tower,0,15,62,0,77,0,3,47,0,50,0,18,109,0,127,8,0,8,135
07/18/2022,HND,NV,AWP,WE,Federal Contract Tower,0,9,24,0,33,0,8,44,0,52,0,17,68,0,85,40,0,40,125
07/19/2022,HND,NV,AWP,WE,Federal Contract Tower,0,8,36,0,44,0,3,87,0,90,0,11,123,0,134,72,0,72,206
07/20/2022,HND,NV,AWP,WE,Federal Contract Tower,0,6,25,0,31,0,11,58,2,71,0,17,83,2,102,36,0,36,138
07/21/2022,HND,NV,AWP,WE,Federal Contract Tower,0,10,39,0,49,0,21,83,0,104,0,31,122,0,153,34,0,34,187
07/22/2022,HND,NV,AWP,WE,Federal Contract Tower,0,3,44,0,47,0,8,93,0,101,0,11,137,0,148,65,0,65,213
07/23/2022,HND,NV,AWP,WE,Federal Contract Tower,0,2,19,0,21,0,1,63,0,64,0,3,82,0,85,26,0,26,111
07/24/2022,HND,NV,AWP,WE,Federal Contract Tower,0,4,34,0,38,0,21,87,0,108,0,25,121,0,146,58,0,58,204
07/25/2022,HND,NV,AWP,WE,Federal Contract Tower,0,4,30,0,34,0,8,61,0,69,0,12,91,0,103,68,0,68,171
07/26/2022,HND,NV,AWP,WE,Federal Contract Tower,0,9,34,0,43,0,2,59,1,62,0,11,93,1,105,46,0,46,151
07/27/2022,HND,NV,AWP,WE,Federal Contract Tower,0,7,40,0,47,0,15,116,1,132,0,22,156,1,179,38,0,38,217
07/28/2022,HND,NV,AWP,WE,Federal Contract Tower,0,5,32,0,37,0,37,73,3,113,0,42,105,3,150,18,0,18,168
07/29/2022,HND,NV,AWP,WE,Federal Contract Tower,0,7,30,0,37,0,20,78,2,100,0,27,108,2,137,26,0,26,163
07/30/2022,HND,NV,AWP,WE,Federal Contract Tower,0,9,14,0,23,0,22,100,0,122,0,31,114,0,145,36,0,36,181
07/31/2022,HND,NV,AWP,WE,Federal Contract Tower,0,4,39,0,43,0,4,58,1,63,0,8,97,1,106,36,0,36,142
08/01/2022,HND,NV,AWP,WE,Federal Contract Tower,0,9,30,0,39,0,11,77,1,89,0,20,107,1,128,24,0,24,152
08/02/2022,HND,NV,AWP,WE,Federal Contract Tower,0,4,13,0,17,0,10,65,1,76,0,14,78,1,93,16,0,16,109
08/03/2022,HND,NV,AWP,WE,Federal Contract Tower,0,8,29,0,37,0,10,92,0,102,0,18,121,0,139,32,0,32,171
08/04/2022,HND,NV,AWP,WE,Federal Contract Tower,0,8,27,0,35,0,13,76,0,89,0,21,103,0,124,54,0,54,178
08/05/2022,HND,NV,AWP,WE,Federal Contract Tower,0,15,38,0,53,0,14,103,0,117,0,29,141,0,170,72,0,72,242
08/06/2022,HND,NV,AWP,WE,Federal Contract Tower,0,8,21,0,29,0,17,120,0,137,0,25,141,0,166,34,0,34,200
08/07/2022,HND,NV,AWP,WE,Federal Contract Tower,0,9,38,0,47,0,9,99,1,109,0,18,137,1,156,60,0,60,216
08/08/2022,HND,NV,AWP,WE,Federal Contract Tower,0,12,24,0,36,0,13,77,0,90,0,25,101,0,126,52,0,52,178
08/09/2022,HND,NV,AWP,WE,Federal Contract Tower,0,8,31,0,39,0,7,66,0,73,0,15,97,0,112,18,0,18,130
08/10/2022,HND,NV,AWP,WE,Federal Contract Tower,0,10,46,0,56,0,8,81,0,89,0,18,127,0,145,76,0,76,221
08/11/2022,HND,NV,AWP,WE,Federal Contract Tower,0,10,47,0,57,0,25,76,0,101,0,35,123,0,158,28,0,28,186
08/12/2022,HND,NV,AWP,WE,Federal Contract Tower,0,12,41,0,53,0,6,108,1,115,0,18,149,1,168,88,0,88,256
08/13/2022,HND,NV,AWP,WE,Federal Contract Tower,0,10,30,0,40,0,14,107,0,121,0,24,137,0,161,22,0,22,183
08/14/2022,HND,NV,AWP,WE,Federal Contract Tower,0,8,41,0,49,0,5,137,0,142,0,13,178,0,191,36,0,36,227
08/15/2022,HND,NV,AWP,WE,Federal Contract Tower,0,11,35,0,46,0,13,85,2,100,0,24,120,2,146,20,0,20,166
08/16/2022,HND,NV,AWP,WE,Federal Contract Tower,0,7,26,0,33,0,5,64,0,69,0,12,90,0,102,30,0,30,132
08/17/2022,HND,NV,AWP,WE,Federal Contract Tower,0,5,35,0,40,0,12,81,0,93,0,17,116,0,133,20,0,20,153
08/18/2022,HND,NV,AWP,WE,Federal Contract Tower,0,13,36,0,49,0,14,92,0,106,0,27,128,0,155,24,0,24,179
08/19/2022,HND,NV,AWP,WE,Federal Contract Tower,0,7,36,0,43,0,18,91,0,109,0,25,127,0,152,10,0,10,162
08/20/2022,HND,NV,AWP,WE,Federal Contract Tower,0,3,24,0,27,0,11,76,0,87,0,14,100,0,114,74,0,74,188
08/21/2022,HND,NV,AWP,WE,Federal Contract Tower,0,14,52,0,66,0,2,108,1,111,0,16,160,1,177,34,0,34,211
08/22/2022,HND,NV,AWP,WE,Federal Contract Tower,0,7,39,0,46,0,13,67,1,81,0,20,106,1,127,46,0,46,173
08/23/2022,HND,NV,AWP,WE,Federal Contract Tower,0,3,36,0,39,0,17,82,1,100,0,20,118,1,139,116,0,116,255
08/24/2022,HND,NV,AWP,WE,Federal Contract Tower,0,5,23,0,28,0,16,57,0,73,0,21,80,0,101,18,0,18,119
08/25/2022,HND,NV,AWP,WE,Federal Contract Tower,0,18,33,0,51,0,25,79,0,104,0,43,112,0,155,14,0,14,169
08/26/2022,HND,NV,AWP,WE,Federal Contract Tower,0,12,31,0,43,0,19,102,0,121,0,31,133,0,164,32,0,32,196
08/27/2022,HND,NV,AWP,WE,Federal Contract Tower,0,11,16,0,27,0,13,117,0,130,0,24,133,0,157,48,0,48,205
08/28/2022,HND,NV,AWP,WE,Federal Contract Tower,0,9,29,0,38,0,13,100,0,113,0,22,129,0,151,28,0,28,179
08/29/2022,HND,NV,AWP,WE,Federal Contract Tower,0,5,29,0,34,0,5,59,0,64,0,10,88,0,98,20,0,20,118
08/30/2022,HND,NV,AWP,WE,Federal Contract Tower,0,14,15,0,29,0,7,87,2,96,0,21,102,2,125,22,0,22,147
08/31/2022,HND,NV,AWP,WE,Federal Contract Tower,0,6,30,0,36,0,41,79,0,120,0,47,109,0,156,50,0,50,206
09/01/2022,HND,NV,AWP,WE,Federal Contract Tower,0,11,22,0,33,0,11,79,0,90,0,22,101,0,123,26,0,26,149
09/02/2022,HND,NV,AWP,WE,Federal Contract Tower,0,6,33,0,39,0,27,91,0,118,0,33,124,0,157,36,0,36,193
09/03/2022,HND,NV,AWP,WE,Federal Contract Tower,0,7,14,0,21,0,16,86,0,102,0,23,100,0,123,92,0,92,215
09/04/2022,HND,NV,AWP,WE,Federal Contract Tower,0,8,20,0,28,0,21,111,0,132,0,29,131,0,160,3,0,3,163
09/05/2022,HND,NV,AWP,WE,Federal Contract Tower,0,7,32,0,39,0,8,95,0,103,0,15,127,0,142,30,0,30,172
09/06/2022,HND,NV,AWP,WE,Federal Contract Tower,0,9,27,0,36,0,12,92,1,105,0,21,119,1,141,106,0,106,247
09/07/2022,HND,NV,AWP,WE,Federal Contract Tower,0,6,45,0,51,0,13,80,0,93,0,19,125,0,144,14,0,14,158
09/08/2022,HND,NV,AWP,WE,Federal Contract Tower,0,23,42,0,65,0,13,105,0,118,0,36,147,0,183,60,0,60,243
09/09/2022,HND,NV,AWP,WE,Federal Contract Tower,0,11,57,0,68,0,18,90,0,108,0,29,147,0,176,20,0,20,196
09/10/2022,HND,NV,AWP,WE,Federal Contract Tower,0,7,28,0,35,0,10,96,0,106,0,17,124,0,141,44,0,44,185
09/11/2022,HND,NV,AWP,WE,Federal Contract Tower,0,6,45,0,51,0,7,112,0,119,0,13,157,0,170,34,0,34,204
09/12/2022,HND,NV,AWP,WE,Federal Contract Tower,0,6,63,0,69,0,9,88,0,97,0,15,151,0,166,42,0,42,208
09/13/2022,HND,NV,AWP,WE,Federal Contract Tower,0,6,57,0,63,0,15,59,0,74,0,21,116,0,137,10,0,10,147
09/14/2022,HND,NV,AWP,WE,Federal Contract Tower,0,8,40,0,48,0,14,91,0,105,0,22,131,0,153,44,0,44,197
09/15/2022,HND,NV,AWP,WE,Federal Contract Tower,0,14,46,0,60,0,13,110,0,123,0,27,156,0,183,48,0,48,231
09/16/2022,HND,NV,AWP,WE,Federal Contract Tower,0,10,46,1,57,0,12,90,0,102,0,22,136,1,159,36,0,36,195
09/17/2022,HND,NV,AWP,WE,Federal Contract Tower,0,14,29,1,44,0,13,77,2,92,0,27,106,3,136,8,0,8,144
09/18/2022,HND,NV,AWP,WE,Federal Contract Tower,0,26,57,0,83,0,29,91,2,122,0,55,148,2,205,14,0,14,219
09/19/2022,HND,NV,AWP,WE,Federal Contract Tower,0,18,58,0,76,0,21,84,0,105,0,39,142,0,181,20,0,20,201
09/20/2022,HND,NV,AWP,WE,Federal Contract Tower,0,14,38,0,52,0,12,85,0,97,0,26,123,0,149,66,0,66,215
09/21/2022,HND,NV,AWP,WE,Federal Contract Tower,0,2,53,0,55,0,14,77,0,91,0,16,130,0,146,28,0,28,174
09/22/2022,HND,NV,AWP,WE,Federal Contract Tower,0,9,56,0,65,0,11,109,0,120,0,20,165,0,185,38,0,38,223
09/23/2022,HND,NV,AWP,WE,Federal Contract Tower,0,12,48,0,60,0,16,109,0,125,0,28,157,0,185,54,0,54,239
09/24/2022,HND,NV,AWP,WE,Federal Contract Tower,0,6,24,0,30,0,6,112,0,118,0,12,136,0,148,34,0,34,182
09/25/2022,HND,NV,AWP,WE,Federal Contract Tower,0,11,63,0,74,0,20,113,0,133,0,31,176,0,207,30,0,30,237
09/26/2022,HND,NV,AWP,WE,Federal Contract Tower,0,13,34,0,47,0,25,98,0,123,0,38,132,0,170,38,0,38,208
09/27/2022,HND,NV,AWP,WE,Federal Contract Tower,0,37,37,0,74,0,11,79,2,92,0,48,116,2,166,62,0,62,228
09/28/2022,HND,NV,AWP,WE,Federal Contract Tower,0,10,51,0,61,0,6,79,0,85,0,16,130,0,146,20,0,20,166
09/29/2022,HND,NV,AWP,WE,Federal Contract Tower,0,6,59,0,65,0,15,84,0,99,0,21,143,0,164,10,0,10,174
09/30/2022,HND,NV,AWP,WE,Federal Contract Tower,0,17,69,0,86,0,15,138,0,153,0,32,207,0,239,48,0,48,287
10/01/2022,HND,NV,AWP,WE,Federal Contract Tower,0,14,40,0,54,0,13,119,0,132,0,27,159,0,186,12,0,12,198
10/02/2022,HND,NV,AWP,WE,Federal Contract Tower,0,19,75,0,94,0,22,137,0,159,0,41,212,0,253,16,0,16,269
10/03/2022,HND,NV,AWP,WE,Federal Contract Tower,0,14,56,0,70,0,11,75,0,86,0,25,131,0,156,58,0,58,214
10/04/2022,HND,NV,AWP,WE,Federal Contract Tower,0,7,56,0,63,0,14,111,0,125,0,21,167,0,188,67,0,67,255
10/05/2022,HND,NV,AWP,WE,Federal Contract Tower,0,7,46,0,53,0,18,86,0,104,0,25,132,0,157,32,0,32,189
10/06/2022,HND,NV,AWP,WE,Federal Contract Tower,0,10,49,0,59,0,19,132,0,151,0,29,181,0,210,38,0,38,248
10/07/2022,HND,NV,AWP,WE,Federal Contract Tower,0,7,65,0,72,0,14,118,1,133,0,21,183,1,205,48,0,48,253
10/08/2022,HND,NV,AWP,WE,Federal Contract Tower,0,13,37,0,50,0,15,129,0,144,0,28,166,0,194,20,0,20,214
10/09/2022,HND,NV,AWP,WE,Federal Contract Tower,0,13,71,0,84,0,7,134,0,141,0,20,205,0,225,36,0,36,261
10/10/2022,HND,NV,AWP,WE,Federal Contract Tower,0,8,64,0,72,0,9,116,0,125,0,17,180,0,197,104,0,104,301
10/11/2022,HND,NV,AWP,WE,Federal Contract Tower,0,7,39,0,46,0,13,107,0,120,0,20,146,0,166,43,0,43,209
10/12/2022,HND,NV,AWP,WE,Federal Contract Tower,0,10,42,0,52,0,13,118,0,131,0,23,160,0,183,20,0,20,203
10/13/2022,HND,NV,AWP,WE,Federal Contract Tower,0,10,49,0,59,0,20,103,0,123,0,30,152,0,182,24,0,24,206
10/14/2022,HND,NV,AWP,WE,Federal Contract Tower,0,12,51,1,64,0,27,147,1,175,0,39,198,2,239,80,0,80,319
10/15/2022,HND,NV,AWP,WE,Federal Contract Tower,0,10,28,0,38,0,13,90,0,103,0,23,118,0,141,40,0,40,181
10/16/2022,HND,NV,AWP,WE,Federal Contract Tower,0,10,50,0,60,0,13,102,0,115,0,23,152,0,175,30,0,30,205
10/17/2022,HND,NV,AWP,WE,Federal Contract Tower,0,10,36,2,48,0,14,89,0,103,0,24,125,2,151,28,0,28,179
10/18/2022,HND,NV,AWP,WE,Federal Contract Tower,0,10,42,0,52,0,5,70,0,75,0,15,112,0,127,50,0,50,177
10/19/2022,HND,NV,AWP,WE,Federal Contract Tower,0,14,56,0,70,0,11,109,0,120,0,25,165,0,190,48,0,48,238
10/20/2022,HND,NV,AWP,WE,Federal Contract Tower,0,15,42,0,57,0,25,102,0,127,0,40,144,0,184,36,0,36,220
10/21/2022,HND,NV,AWP,WE,Federal Contract Tower,0,11,56,0,67,0,16,146,1,163,0,27,202,1,230,48,0,48,278
10/22/2022,HND,NV,AWP,WE,Federal Contract Tower,0,12,27,0,39,0,3,9,0,12,0,15,36,0,51,4,0,4,55
10/23/2022,HND,NV,AWP,WE,Federal Contract Tower,0,6,63,0,69,0,6,81,0,87,0,12,144,0,156,6,0,6,162
10/24/2022,HND,NV,AWP,WE,Federal Contract Tower,0,11,37,0,48,0,8,134,0,142,0,19,171,0,190,64,0,64,254
10/25/2022,HND,NV,AWP,WE,Federal Contract Tower,0,7,37,0,44,0,10,111,0,121,0,17,148,0,165,46,0,46,211
10/26/2022,HND,NV,AWP,WE,Federal Contract Tower,0,7,52,0,59,0,23,149,2,174,0,30,201,2,233,46,0,46,279
10/27/2022,HND,NV,AWP,WE,Federal Contract Tower,0,22,52,2,76,0,22,139,0,161,0,44,191,2,237,12,0,12,249
10/28/2022,HND,NV,AWP,WE,Federal Contract Tower,0,13,43,2,58,0,13,144,0,157,0,26,187,2,215,44,0,44,259
10/29/2022,HND,NV,AWP,WE,Federal Contract Tower,0,4,33,0,37,0,10,136,0,146,0,14,169,0,183,94,0,94,277
10/30/2022,HND,NV,AWP,WE,Federal Contract Tower,0,4,55,0,59,0,12,113,0,125,0,16,168,0,184,24,0,24,208
10/31/2022,HND,NV,AWP,WE,Federal Contract Tower,0,5,48,0,53,0,12,106,0,118,0,17,154,0,171,14,0,14,185
11/01/2022,HND,NV,AWP,WE,Federal Contract Tower,0,9,62,0,71,0,9,74,0,83,0,18,136,0,154,52,0,52,206
11/02/2022,HND,NV,AWP,WE,Federal Contract Tower,0,10,68,0,78,0,10,35,0,45,0,20,103,0,123,0,0,0,123
11/03/2022,HND,NV,AWP,WE,Federal Contract Tower,0,8,77,0,85,0,38,83,0,121,0,46,160,0,206,34,0,34,240
11/04/2022,HND,NV,AWP,WE,Federal Contract Tower,0,10,90,0,100,0,21,188,0,209,0,31,278,0,309,18,0,18,327
11/05/2022,HND,NV,AWP,WE,Federal Contract Tower,0,4,27,0,31,0,13,154,0,167,0,17,181,0,198,52,0,52,250
11/06/2022,HND,NV,AWP,WE,Federal Contract Tower,0,10,60,0,70,0,10,160,0,170,0,20,220,0,240,70,0,70,310
11/07/2022,HND,NV,AWP,WE,Federal Contract Tower,0,5,38,0,43,0,10,33,0,43,0,15,71,0,86,14,0,14,100
11/08/2022,HND,NV,AWP,WE,Federal Contract Tower,0,9,33,0,42,0,9,26,0,35,0,18,59,0,77,24,0,24,101
11/09/2022,HND,NV,AWP,WE,Federal Contract Tower,0,14,38,0,52,0,15,48,0,63,0,29,86,0,115,14,0,14,129
11/10/2022,HND,NV,AWP,WE,Federal Contract Tower,0,8,35,0,43,0,29,152,0,181,0,37,187,0,224,98,0,98,322
11/11/2022,HND,NV,AWP,WE,Federal Contract Tower,0,11,47,1,59,0,32,113,3,148,0,43,160,4,207,44,0,44,251
11/12/2022,HND,NV,AWP,WE,Federal Contract Tower,0,6,30,0,36,0,19,140,3,162,0,25,170,3,198,44,0,44,242
11/13/2022,HND,NV,AWP,WE,Federal Contract Tower,0,10,62,0,72,0,7,104,1,112,0,17,166,1,184,4,0,4,188
11/14/2022,HND,NV,AWP,WE,Federal Contract Tower,0,14,40,0,54,0,16,134,0,150,0,30,174,0,204,30,0,30,234
11/15/2022,HND,NV,AWP,WE,Federal Contract Tower,0,5,33,0,38,0,16,110,2,128,0,21,143,2,166,44,0,44,210
11/16/2022,HND,NV,AWP,WE,Federal Contract Tower,0,13,46,0,59,0,14,79,0,93,0,27,125,0,152,34,0,34,186
11/17/2022,HND,NV,AWP,WE,Federal Contract Tower,0,11,46,0,57,0,18,131,0,149,0,29,177,0,206,54,0,54,260
11/18/2022,HND,NV,AWP,WE,Federal Contract Tower,0,9,77,0,86,0,18,160,0,178,0,27,237,0,264,44,0,44,308
11/19/2022,HND,NV,AWP,WE,Federal Contract Tower,0,9,30,0,39,0,10,95,1,106,0,19,125,1,145,42,0,42,187
11/20/2022,HND,NV,AWP,WE,Federal Contract Tower,0,13,42,0,55,0,11,173,1,185,0,24,215,1,240,108,0,108,348
11/21/2022,HND,NV,AWP,WE,Federal Contract Tower,0,8,23,0,31,0,17,124,0,141,0,25,147,0,172,82,0,82,254
11/22/2022,HND,NV,AWP,WE,Federal Contract Tower,0,5,32,0,37,0,17,126,0,143,0,22,158,0,180,96,0,96,276
11/23/2022,HND,NV,AWP,WE,Federal Contract Tower,0,2,29,0,31,0,23,159,0,182,0,25,188,0,213,70,0,70,283
11/24/2022,HND,NV,AWP,WE,Federal Contract Tower,0,0,10,0,10,0,4,25,0,29,0,4,35,0,39,16,0,16,55
11/25/2022,HND,NV,AWP,WE,Federal Contract Tower,1,4,30,0,35,0,18,83,0,101,1,22,113,0,136,50,0,50,186
11/26/2022,HND,NV,AWP,WE,Federal Contract Tower,0,9,38,0,47,0,17,134,0,151,0,26,172,0,198,118,0,118,316
11/27/2022,HND,NV,AWP,WE,Federal Contract Tower,0,4,51,0,55,0,9,116,0,125,0,13,167,0,180,96,0,96,276
11/28/2022,HND,NV,AWP,WE,Federal Contract Tower,0,6,48,0,54,0,17,74,0,91,0,23,122,0,145,68,0,68,213
11/29/2022,HND,NV,AWP,WE,Federal Contract Tower,0,5,34,0,39,0,11,110,0,121,0,16,144,0,160,86,0,86,246
11/30/2022,HND,NV,AWP,WE,Federal Contract Tower,0,12,41,0,53,0,23,158,0,181,0,35,199,0,234,86,0,86,320
12/01/2022,HND,NV,AWP,WE,Federal Contract Tower,0,21,89,0,110,0,25,70,0,95,0,46,159,0,205,94,0,94,299
12/02/2022,HND,NV,AWP,WE,Federal Contract Tower,0,33,94,0,127,0,11,113,0,124,0,44,207,0,251,0,0,0,251
12/03/2022,HND,NV,AWP,WE,Federal Contract Tower,0,24,80,0,104,0,14,156,0,170,0,38,236,0,274,40,0,40,314
12/04/2022,HND,NV,AWP,WE,Federal Contract Tower,0,24,117,0,141,0,16,86,0,102,0,40,203,0,243,28,0,28,271
12/05/2022,HND,NV,AWP,WE,Federal Contract Tower,0,12,75,0,87,0,20,84,1,105,0,32,159,1,192,64,0,64,256
12/06/2022,HND,NV,AWP,WE,Federal Contract Tower,0,4,64,2,70,0,26,125,8,159,0,30,189,10,229,74,0,74,303
12/07/2022,HND,NV,AWP,WE,Federal Contract Tower,0,9,74,0,83,0,14,106,4,124,0,23,180,4,207,86,0,86,293
12/08/2022,HND,NV,AWP,WE,Federal Contract Tower,0,23,89,0,112,0,38,185,2,225,0,61,274,2,337,60,0,60,397
12/09/2022,HND,NV,AWP,WE,Federal Contract Tower,0,19,99,1,119,0,26,141,0,167,0,45,240,1,286,32,0,32,318
12/10/2022,HND,NV,AWP,WE,Federal Contract Tower,0,14,55,0,69,0,17,167,0,184,0,31,222,0,253,42,0,42,295
12/11/2022,HND,NV,AWP,WE,Federal Contract Tower,0,27,124,0,151,0,2,34,1,37,0,29,158,1,188,4,0,4,192
12/12/2022,HND,NV,AWP,WE,Federal Contract Tower,0,7,45,0,52,0,11,98,0,109,0,18,143,0,161,46,0,46,207
12/13/2022,HND,NV,AWP,WE,Federal Contract Tower,0,13,40,0,53,0,18,75,2,95,0,31,115,2,148,34,0,34,182
12/14/2022,HND,NV,AWP,WE,Federal Contract Tower,0,10,35,0,45,0,28,110,0,138,0,38,145,0,183,42,0,42,225
12/15/2022,HND,NV,AWP,WE,Federal Contract Tower,0,13,47,0,60,0,18,145,1,164,0,31,192,1,224,94,0,94,318
12/16/2022,HND,NV,AWP,WE,Federal Contract Tower,0,12,64,0,76,0,24,107,4,135,0,36,171,4,211,70,0,70,281
12/17/2022,HND,NV,AWP,WE,Federal Contract Tower,0,6,44,0,50,0,7,95,0,102,0,13,139,0,152,26,0,26,178
12/18/2022,HND,NV,AWP,WE,Federal Contract Tower,0,11,45,0,56,0,15,117,0,132,0,26,162,0,188,36,0,36,224
12/19/2022,HND,NV,AWP,WE,Federal Contract Tower,0,2,46,0,48,0,9,118,1,128,0,11,164,1,176,60,0,60,236
12/20/2022,HND,NV,AWP,WE,Federal Contract Tower,0,10,37,0,47,0,13,110,0,123,0,23,147,0,170,40,0,40,210
12/21/2022,HND,NV,AWP,WE,Federal Contract Tower,0,13,38,0,51,0,20,107,0,127,0,33,145,0,178,54,0,54,232
12/22/2022,HND,NV,AWP,WE,Federal Contract Tower,0,6,37,2,45,0,19,112,1,132,0,25,149,3,177,36,0,36,213
12/23/2022,HND,NV,AWP,WE,Federal Contract Tower,0,11,28,0,39,0,7,81,0,88,0,18,109,0,127,116,0,116,243
12/24/2022,HND,NV,AWP,WE,Federal Contract Tower,0,0,13,0,13,0,6,87,0,93,0,6,100,0,106,32,0,32,138
12/25/2022,HND,NV,AWP,WE,Federal Contract Tower,1,1,8,0,10,0,2,44,0,46,1,3,52,0,56,10,0,10,66
12/26/2022,HND,NV,AWP,WE,Federal Contract Tower,0,15,33,0,48,0,20,112,0,132,0,35,145,0,180,50,0,50,230
12/27/2022,HND,NV,AWP,WE,Federal Contract Tower,0,15,40,0,55,0,18,52,0,70,0,33,92,0,125,8,0,8,133
12/28/2022,HND,NV,AWP,WE,Federal Contract Tower,0,7,42,0,49,0,13,114,0,127,0,20,156,0,176,26,0,26,202
12/29/2022,HND,NV,AWP,WE,Federal Contract Tower,0,15,56,0,71,0,31,112,0,143,0,46,168,0,214,58,0,58,272
12/30/2022,HND,NV,AWP,WE,Federal Contract Tower,0,18,72,0,90,0,10,94,0,104,0,28,166,0,194,56,0,56,250
12/31/2022,HND,NV,AWP,WE,Federal Contract Tower,0,6,39,0,45,0,8,17,0,25,0,14,56,0,70,0,0,0,70
01/01/2023,HND,NV,AWP,WE,Federal Contract Tower,0,7,26,0,33,0,3,9,0,12,0,10,35,0,45,0,0,0,45
01/02/2023,HND,NV,AWP,WE,Federal Contract Tower,0,14,65,0,79,0,16,142,0,158,0,30,207,0,237,46,0,46,283
01/03/2023,HND,NV,AWP,WE,Federal Contract Tower,0,10,56,0,66,0,5,85,0,90,0,15,141,0,156,20,0,20,176
01/04/2023,HND,NV,AWP,WE,Federal Contract Tower,0,13,49,0,62,0,14,49,0,63,0,27,98,0,125,26,0,26,151
01/05/2023,HND,NV,AWP,WE,Federal Contract Tower,0,10,50,0,60,0,13,28,0,41,0,23,78,0,101,6,0,6,107
01/06/2023,HND,NV,AWP,WE,Federal Contract Tower,0,19,77,1,97,0,36,122,0,158,0,55,199,1,255,56,0,56,311
01/07/2023,HND,NV,AWP,WE,Federal Contract Tower,0,5,38,0,43,0,13,164,2,179,0,18,202,2,222,46,0,46,268
01/08/2023,HND,NV,AWP,WE,Federal Contract Tower,0,11,52,0,63,0,26,99,0,125,0,37,151,0,188,40,0,40,228
01/09/2023,HND,NV,AWP,WE,Federal Contract Tower,0,11,46,0,57,0,11,66,0,77,0,22,112,0,134,58,0,58,192
01/10/2023,HND,NV,AWP,WE,Federal Contract Tower,0,6,24,0,30,0,3,33,0,36,0,9,57,0,66,0,0,0,66
01/11/2023,HND,NV,AWP,WE,Federal Contract Tower,0,13,34,0,47,0,14,114,0,128,0,27,148,0,175,26,0,26,201
01/12/2023,HND,NV,AWP,WE,Federal Contract Tower,0,9,50,0,59,0,35,127,0,162,0,44,177,0,221,68,0,68,289
01/13/2023,HND,NV,AWP,WE,Federal Contract Tower,0,12,54,0,66,0,29,128,0,157,0,41,182,0,223,88,0,88,311
01/14/2023,HND,NV,AWP,WE,Federal Contract Tower,0,6,22,0,28,0,5,79,0,84,0,11,101,0,112,14,0,14,126
01/15/2023,HND,NV,AWP,WE,Federal Contract Tower,0,11,53,0,64,0,5,49,0,54,0,16,102,0,118,20,0,20,138
01/16/2023,HND,NV,AWP,WE,Federal Contract Tower,0,6,82,1,89,0,6,24,1,31,0,12,106,2,120,0,0,0,120
01/17/2023,HND,NV,AWP,WE,Federal Contract Tower,0,13,61,0,74,0,14,107,1,122,0,27,168,1,196,26,0,26,222
01/18/2023,HND,NV,AWP,WE,Federal Contract Tower,0,13,52,0,65,0,16,135,1,152,0,29,187,1,217,78,0,78,295
01/19/2023,HND,NV,AWP,WE,Federal Contract Tower,0,13,75,0,88,0,17,95,0,112,0,30,170,0,200,50,0,50,250
01/20/2023,HND,NV,AWP,WE,Federal Contract Tower,0,22,71,0,93,0,23,67,0,90,0,45,138,0,183,58,0,58,241
01/21/2023,HND,NV,AWP,WE,Federal Contract Tower,0,9,41,0,50,0,8,153,0,161,0,17,194,0,211,36,0,36,247
01/22/2023,HND,NV,AWP,WE,Federal Contract Tower,0,20,53,0,73,0,15,125,0,140,0,35,178,0,213,32,0,32,245
01/23/2023,HND,NV,AWP,WE,Federal Contract Tower,0,8,27,0,35,0,7,55,0,62,0,15,82,0,97,14,0,14,111
01/24/2023,HND,NV,AWP,WE,Federal Contract Tower,0,7,41,2,50,0,14,157,0,171,0,21,198,2,221,60,0,60,281
01/25/2023,HND,NV,AWP,WE,Federal Contract Tower,0,11,40,0,51,0,18,149,4,171,0,29,189,4,222,56,0,56,278
01/26/2023,HND,NV,AWP,WE,Federal Contract Tower,0,9,56,0,65,0,10,123,0,133,0,19,179,0,198,16,0,16,214
01/27/2023,HND,NV,AWP,WE,Federal Contract Tower,0,14,32,0,46,0,27,137,2,166,0,41,169,2,212,81,0,81,293
01/28/2023,HND,NV,AWP,WE,Federal Contract Tower,0,11,34,1,46,0,15,161,1,177,0,26,195,2,223,16,0,16,239
01/29/2023,HND,NV,AWP,WE,Federal Contract Tower,0,14,56,1,71,0,25,126,1,152,0,39,182,2,223,0,0,0,223
01/30/2023,HND,NV,AWP,WE,Federal Contract Tower,0,21,96,0,117,0,2,26,0,28,0,23,122,0,145,0,0,0,145
01/31/2023,HND,NV,AWP,WE,Federal Contract Tower,0,19,61,0,80,0,18,83,0,101,0,37,144,0,181,42,0,42,223
02/01/2023,HND,NV,AWP,WE,Federal Contract Tower,0,25,76,0,101,0,15,106,2,123,0,40,182,2,224,62,0,62,286
02/02/2023,HND,NV,AWP,WE,Federal Contract Tower,0,21,71,0,92,0,29,121,0,150,0,50,192,0,242,26,0,26,268
02/03/2023,HND,NV,AWP,WE,Federal Contract Tower,0,13,60,0,73,0,18,151,2,171,0,31,211,2,244,38,0,38,282
02/04/2023,HND,NV,AWP,WE,Federal Contract Tower,0,13,28,0,41,0,11,149,3,163,0,24,177,3,204,24,0,24,228
02/05/2023,HND,NV,AWP,WE,Federal Contract Tower,0,10,40,0,50,0,12,53,1,66,0,22,93,1,116,16,0,16,132
02/06/2023,HND,NV,AWP,WE,Federal Contract Tower,0,15,29,2,46,0,3,69,0,72,0,18,98,2,118,12,0,12,130
02/07/2023,HND,NV,AWP,WE,Federal Contract Tower,0,9,33,0,42,0,13,82,0,95,0,22,115,0,137,58,0,58,195
02/08/2023,HND,NV,AWP,WE,Federal Contract Tower,0,14,18,2,34,0,17,160,0,177,0,31,178,2,211,78,0,78,289
02/09/2023,HND,NV,AWP,WE,Federal Contract Tower,0,13,41,0,54,0,6,93,3,102,0,19,134,3,156,54,0,54,210
02/10/2023,HND,NV,AWP,WE,Federal Contract Tower,0,13,62,0,75,0,18,149,0,167,0,31,211,0,242,94,0,94,336
02/11/2023,HND,NV,AWP,WE,Federal Contract Tower,0,12,33,0,45,0,14,131,0,145,0,26,164,0,190,26,0,26,216
02/12/2023,HND,NV,AWP,WE,Federal Contract Tower,0,17,39,0,56,0,16,100,0,116,0,33,139,0,172,8,0,8,180
02/13/2023,HND,NV,AWP,WE,Federal Contract Tower,0,35,64,0,99,0,23,128,7,158,0,58,192,7,257,22,0,22,279
02/14/2023,HND,NV,AWP,WE,Federal Contract Tower,0,10,28,0,38,0,5,22,0,27,0,15,50,0,65,0,0,0,65
02/15/2023,HND,NV,AWP,WE,Federal Contract Tower,0,28,32,0,60,0,21,76,4,101,0,49,108,4,161,4,0,4,165
02/16/2023,HND,NV,AWP,WE,Federal Contract Tower,0,16,49,1,66,0,29,124,0,153,0,45,173,1,219,62,0,62,281
02/17/2023,HND,NV,AWP,WE,Federal Contract Tower,0,29,50,0,79,0,18,164,0,182,0,47,214,0,261,36,0,36,297
02/18/2023,HND,NV,AWP,WE,Federal Contract Tower,0,18,32,0,50,0,14,194,0,208,0,32,226,0,258,42,0,42,300
02/19/2023,HND,NV,AWP,WE,Federal Contract Tower,0,24,48,0,72,0,34,195,0,229,0,58,243,0,301,68,2,70,371
02/20/2023,HND,NV,AWP,WE,Federal Contract Tower,0,26,44,0,70,0,12,194,0,206,0,38,238,0,276,120,0,120,396
02/21/2023,HND,NV,AWP,WE,Federal Contract Tower,0,22,38,0,60,0,19,50,1,70,0,41,88,1,130,0,0,0,130
02/22/2023,HND,NV,AWP,WE,Federal Contract Tower,0,15,43,0,58,0,9,7,1,17,0,24,50,1,75,0,0,0,75
02/23/2023,HND,NV,AWP,WE,Federal Contract Tower,0,14,42,0,56,0,3,26,2,31,0,17,68,2,87,44,0,44,131
02/24/2023,HND,NV,AWP,WE,Federal Contract Tower,0,11,35,0,46,0,14,74,0,88,0,25,109,0,134,48,0,48,182
02/25/2023,HND,NV,AWP,WE,Federal Contract Tower,1,11,24,0,36,0,12,49,0,61,1,23,73,0,97,66,0,66,163
02/26/2023,HND,NV,AWP,WE,Federal Contract Tower,0,20,45,0,65,0,16,70,2,88,0,36,115,2,153,34,0,34,187
02/27/2023,HND,NV,AWP,WE,Federal Contract Tower,0,7,31,0,38,0,5,56,0,61,0,12,87,0,99,8,0,8,107
02/28/2023,HND,NV,AWP,WE,Federal Contract Tower,0,12,35,0,47,0,14,73,0,87,0,26,108,0,134,24,0,24,158
03/01/2023,HND,NV,AWP,WE,Federal Contract Tower,0,9,31,0,40,0,0,2,0,2,0,9,33,0,42,14,0,14,56
03/02/2023,HND,NV,AWP,WE,Federal Contract Tower,0,12,58,0,70,0,21,104,2,127,0,33,162,2,197,58,0,58,255
03/03/2023,HND,NV,AWP,WE,Federal Contract Tower,0,12,71,0,83,0,33,240,2,275,0,45,311,2,358,92,0,92,450
03/04/2023,HND,NV,AWP,WE,Federal Contract Tower,0,13,39,0,52,0,9,91,0,100,0,22,130,0,152,52,0,52,204
03/05/2023,HND,NV,AWP,WE,Federal Contract Tower,0,18,64,0,82,0,5,26,0,31,0,23,90,0,113,6,0,6,119
03/06/2023,HND,NV,AWP,WE,Federal Contract Tower,0,20,41,0,61,0,16,80,2,98,0,36,121,2,159,42,0,42,201
03/07/2023,HND,NV,AWP,WE,Federal Contract Tower,0,14,38,0,52,0,13,143,0,156,0,27,181,0,208,58,0,58,266
03/08/2023,HND,NV,AWP,WE,Federal Contract Tower,0,9,65,0,74,0,43,77,0,120,0,52,142,0,194,38,0,38,232
03/09/2023,HND,NV,AWP,WE,Federal Contract Tower,0,10,49,0,59,0,24,143,0,167,0,34,192,0,226,20,0,20,246
03/10/2023,HND,NV,AWP,WE,Federal Contract Tower,0,12,67,0,79,0,9,21,0,30,0,21,88,0,109,0,0,0,109
03/11/2023,HND,NV,AWP,WE,Federal Contract Tower,0,19,46,0,65,0,15,54,2,71,0,34,100,2,136,12,0,12,148
03/12/2023,HND,NV,AWP,WE,Federal Contract Tower,0,18,84,1,103,0,15,149,1,165,0,33,233,2,268,26,0,26,294
03/13/2023,HND,NV,AWP,WE,Federal Contract Tower,0,11,64,0,75,0,7,123,2,132,0,18,187,2,207,6,0,6,213
03/14/2023,HND,NV,AWP,WE,Federal Contract Tower,0,26,110,0,136,0,11,45,0,56,0,37,155,0,192,0,0,0,192
03/15/2023,HND,NV,AWP,WE,Federal Contract Tower,0,28,79,0,107,0,0,14,0,14,0,28,93,0,121,0,0,0,121
03/16/2023,HND,NV,AWP,WE,Federal Contract Tower,0,14,97,0,111,0,16,100,0,116,0,30,197,0,227,4,0,4,231
03/17/2023,HND,NV,AWP,WE,Federal Contract Tower,0,22,96,0,118,0,7,136,0,143,0,29,232,0,261,22,0,22,283
03/18/2023,HND,NV,AWP,WE,Federal Contract Tower,0,14,70,0,84,0,24,99,0,123,0,38,169,0,207,4,0,4,211
03/19/2023,HND,NV,AWP,WE,Federal Contract Tower,0,25,68,0,93,0,16,72,0,88,0,41,140,0,181,44,0,44,225
03/20/2023,HND,NV,AWP,WE,Federal Contract Tower,0,10,47,0,57,0,23,49,3,75,0,33,96,3,132,0,0,0,132
03/21/2023,HND,NV,AWP,WE,Federal Contract Tower,0,26,47,0,73,0,9,13,4,26,0,35,60,4,99,12,0,12,111
03/22/2023,HND,NV,AWP,WE,Federal Contract Tower,0,21,35,0,56,0,14,20,6,40,0,35,55,6,96,0,0,0,96
03/23/2023,HND,NV,AWP,WE,Federal Contract Tower,0,24,69,1,94,0,10,129,2,141,0,34,198,3,235,56,0,56,291
03/24/2023,HND,NV,AWP,WE,Federal Contract Tower,0,16,81,0,97,0,21,149,0,170,0,37,230,0,267,78,0,78,345
03/25/2023,HND,NV,AWP,WE,Federal Contract Tower,0,18,52,0,70,0,9,163,0,172,0,27,215,0,242,44,0,44,286
03/26/2023,HND,NV,AWP,WE,Federal Contract Tower,0,27,69,1,97,0,15,127,0,142,0,42,196,1,239,60,0,60,299
03/27/2023,HND,NV,AWP,WE,Federal Contract Tower,0,5,48,0,53,0,10,102,2,114,0,15,150,2,167,44,0,44,211
03/28/2023,HND,NV,AWP,WE,Federal Contract Tower,0,8,41,1,50,0,10,117,0,127,0,18,158,1,177,18,0,18,195
03/29/2023,HND,NV,AWP,WE,Federal Contract Tower,0,15,51,0,66,0,7,33,2,42,0,22,84,2,108,0,0,0,108
03/30/2023,HND,NV,AWP,WE,Federal Contract Tower,0,17,42,0,59,0,9,42,0,51,0,26,84,0,110,2,0,2,112
03/31/2023,HND,NV,AWP,WE,Federal Contract Tower,0,11,46,0,57,0,15,207,0,222,0,26,253,0,279,64,0,64,343
04/01/2023,HND,NV,AWP,WE,Federal Contract Tower,0,17,28,0,45,0,12,157,2,171,0,29,185,2,216,26,0,26,242
04/02/2023,HND,NV,AWP,WE,Federal Contract Tower,0,11,57,0,68,0,21,99,0,120,0,32,156,0,188,18,0,18,206
04/03/2023,HND,NV,AWP,WE,Federal Contract Tower,0,8,16,0,24,0,3,10,0,13,0,11,26,0,37,0,0,0,37
04/04/2023,HND,NV,AWP,WE,Federal Contract Tower,0,14,42,0,56,0,33,67,0,100,0,47,109,0,156,4,0,4,160
04/05/2023,HND,NV,AWP,WE,Federal Contract Tower,0,16,26,0,42,0,27,169,0,196,0,43,195,0,238,50,0,50,288
04/06/2023,HND,NV,AWP,WE,Federal Contract Tower,0,19,41,0,60,0,15,130,8,153,0,34,171,8,213,46,0,46,259
04/07/2023,HND,NV,AWP,WE,Federal Contract Tower,0,8,34,0,42,0,16,149,0,165,0,24,183,0,207,88,0,88,295
04/08/2023,HND,NV,AWP,WE,Federal Contract Tower,0,12,19,0,31,0,5,158,0,163,0,17,177,0,194,74,0,74,268
04/09/2023,HND,NV,AWP,WE,Federal Contract Tower,0,7,25,0,32,0,15,141,0,156,0,22,166,0,188,2,0,2,190
04/10/2023,HND,NV,AWP,WE,Federal Contract Tower,0,16,39,0,55,0,36,141,0,177,0,52,180,0,232,34,0,34,266
04/11/2023,HND,NV,AWP,WE,Federal Contract Tower,0,16,38,0,54,0,8,108,0,116,0,24,146,0,170,32,0,32,202
04/12/2023,HND,NV,AWP,WE,Federal Contract Tower,0,4,32,0,36,0,18,54,0,72,0,22,86,0,108,14,0,14,122
04/13/2023,HND,NV,AWP,WE,Federal Contract Tower,0,15,59,0,74,0,22,110,0,132,0,37,169,0,206,32,0,32,238
04/14/2023,HND,NV,AWP,WE,Federal Contract Tower,0,17,43,0,60,0,19,138,0,157,0,36,181,0,217,18,0,18,235
04/15/2023,HND,NV,AWP,WE,Federal Contract Tower,0,10,30,0,40,0,10,261,0,271,0,20,291,0,311,52,0,52,363
04/16/2023,HND,NV,AWP,WE,Federal Contract Tower,0,15,50,0,65,0,12,159,0,171,0,27,209,0,236,22,0,22,258
04/17/2023,HND,NV,AWP,WE,Federal Contract Tower,0,13,43,0,56,0,7,70,0,77,0,20,113,0,133,20,0,20,153
04/18/2023,HND,NV,AWP,WE,Federal Contract Tower,0,10,34,0,44,0,10,28,0,38,0,20,62,0,82,10,0,10,92
04/19/2023,HND,NV,AWP,WE,Federal Contract Tower,0,27,54,0,81,0,13,123,2,138,0,40,177,2,219,54,0,54,273
04/20/2023,HND,NV,AWP,WE,Federal Contract Tower,0,38,72,0,110,0,38,137,2,177,0,76,209,2,287,48,0,48,335
04/21/2023,HND,NV,AWP,WE,Federal Contract Tower,0,24,64,0,88,0,20,151,0,171,0,44,215,0,259,72,0,72,331
04/22/2023,HND,NV,AWP,WE,Federal Contract Tower,0,24,54,0,78,0,18,143,0,161,0,42,197,0,239,8,0,8,247
04/23/2023,HND,NV,AWP,WE,Federal Contract Tower,0,30,67,0,97,0,20,166,2,188,0,50,233,2,285,72,0,72,357
04/24/2023,HND,NV,AWP,WE,Federal Contract Tower,0,24,45,2,71,0,34,118,2,154,0,58,163,4,225,52,0,52,277
04/25/2023,HND,NV,AWP,WE,Federal Contract Tower,0,34,51,0,85,0,16,96,3,115,0,50,147,3,200,10,0,10,210
04/26/2023,HND,NV,AWP,WE,Federal Contract Tower,0,29,48,0,77,0,15,118,1,134,0,44,166,1,211,26,0,26,237
04/27/2023,HND,NV,AWP,WE,Federal Contract Tower,0,15,45,2,62,0,19,124,0,143,0,34,169,2,205,40,0,40,245
04/28/2023,HND,NV,AWP,WE,Federal Contract Tower,0,60,64,0,124,0,20,115,1,136,0,80,179,1,260,2,0,2,262
04/29/2023,HND,NV,AWP,WE,Federal Contract Tower,0,17,39,0,56,0,11,139,0,150,0,28,178,0,206,36,0,36,242
04/30/2023,HND,NV,AWP,WE,Federal Contract Tower,0,32,52,2,86,0,15,112,0,127,0,47,164,2,213,20,0,20,233
05/01/2023,HND,NV,AWP,WE,Federal Contract Tower,0,29,31,0,60,0,10,46,0,56,0,39,77,0,116,20,0,20,136
05/02/2023,HND,NV,AWP,WE,Federal Contract Tower,0,20,31,0,51,0,7,66,0,73,0,27,97,0,124,26,0,26,150
05/03/2023,HND,NV,AWP,WE,Federal Contract Tower,0,33,50,1,84,0,14,94,0,108,0,47,144,1,192,10,0,10,202
05/04/2023,HND,NV,AWP,WE,Federal Contract Tower,0,23,47,0,70,0,6,36,1,43,0,29,83,1,113,6,0,6,119
05/05/2023,HND,NV,AWP,WE,Federal Contract Tower,0,26,52,0,78,0,23,103,3,129,0,49,155,3,207,46,0,46,253
05/06/2023,HND,NV,AWP,WE,Federal Contract Tower,0,11,42,0,53,0,11,78,0,89,0,22,120,0,142,24,0,24,166
05/07/2023,HND,NV,AWP,WE,Federal Contract Tower,0,21,51,0,72,0,14,160,2,176,0,35,211,2,248,30,0,30,278
05/08/2023,HND,NV,AWP,WE,Federal Contract Tower,0,14,38,0,52,0,5,94,0,99,0,19,132,0,151,4,0,4,155
05/09/2023,HND,NV,AWP,WE,Federal Contract Tower,0,15,42,0,57,0,5,110,0,115,0,20,152,0,172,34,0,34,206
05/10/2023,HND,NV,AWP,WE,Federal Contract Tower,0,26,44,0,70,0,16,77,0,93,0,42,121,0,163,8,0,8,171
05/11/2023,HND,NV,AWP,WE,Federal Contract Tower,0,25,36,0,61,0,23,147,0,170,0,48,183,0,231,48,0,48,279
05/12/2023,HND,NV,AWP,WE,Federal Contract Tower,0,24,58,0,82,0,11,138,0,149,0,35,196,0,231,50,0,50,281
05/13/2023,HND,NV,AWP,WE,Federal Contract Tower,0,10,38,0,48,0,6,104,0,110,0,16,142,0,158,18,0,18,176
05/14/2023,HND,NV,AWP,WE,Federal Contract Tower,0,17,31,0,48,0,18,72,0,90,0,35,103,0,138,12,0,12,150
05/15/2023,HND,NV,AWP,WE,Federal Contract Tower,0,20,53,0,73,0,9,84,0,93,0,29,137,0,166,0,0,0,166
05/16/2023,HND,NV,AWP,WE,Federal Contract Tower,0,9,37,0,46,0,10,124,0,134,0,19,161,0,180,14,0,14,194
05/17/2023,HND,NV,AWP,WE,Federal Contract Tower,0,14,54,0,68,0,24,105,0,129,0,38,159,0,197,46,0,46,243
05/18/2023,HND,NV,AWP,WE,Federal Contract Tower,0,16,53,0,69,0,15,112,0,127,0,31,165,0,196,26,0,26,222
05/19/2023,HND,NV,AWP,WE,Federal Contract Tower,0,25,76,0,101,0,16,97,0,113,0,41,173,0,214,60,0,60,274
05/20/2023,HND,NV,AWP,WE,Federal Contract Tower,0,17,53,0,70,0,13,206,0,219,0,30,259,0,289,12,0,12,301
05/21/2023,HND,NV,AWP,WE,Federal Contract Tower,0,49,109,0,158,0,21,120,0,141,0,70,229,0,299,48,0,48,347
05/22/2023,HND,NV,AWP,WE,Federal Contract Tower,0,30,59,0,89,0,10,102,0,112,0,40,161,0,201,6,0,6,207
05/23/2023,HND,NV,AWP,WE,Federal Contract Tower,0,29,97,0,126,0,7,106,0,113,0,36,203,0,239,18,0,18,257
05/24/2023,HND,NV,AWP,WE,Federal Contract Tower,0,22,56,0,78,0,17,74,0,91,0,39,130,0,169,0,0,0,169
05/25/2023,HND,NV,AWP,WE,Federal Contract Tower,0,11,63,0,74,0,22,92,0,114,0,33,155,0,188,18,0,18,206
05/26/2023,HND,NV,AWP,WE,Federal Contract Tower,0,23,42,0,65,0,10,111,0,121,0,33,153,0,186,12,0,12,198
05/27/2023,HND,NV,AWP,WE,Federal Contract Tower,0,10,33,0,43,0,14,135,0,149,0,24,168,0,192,16,0,16,208
05/28/2023,HND,NV,AWP,WE,Federal Contract Tower,0,19,26,0,45,0,12,134,0,146,0,31,160,0,191,2,0,2,193
05/29/2023,HND,NV,AWP,WE,Federal Contract Tower,0,17,44,0,61,0,8,90,0,98,0,25,134,0,159,14,0,14,173
05/30/2023,HND,NV,AWP,WE,Federal Contract Tower,0,17,32,0,49,0,12,101,0,113,0,29,133,0,162,16,0,16,178
05/31/2023,HND,NV,AWP,WE,Federal Contract Tower,0,19,32,0,51,0,25,106,1,132,0,44,138,1,183,36,0,36,219
06/01/2023,HND,NV,AWP,WE,Federal Contract Tower,0,33,44,0,77,0,13,65,3,81,0,46,109,3,158,28,0,28,186
06/02/2023,HND,NV,AWP,WE,Federal Contract Tower,0,30,38,0,68,0,12,133,0,145,0,42,171,0,213,4,0,4,217
06/03/2023,HND,NV,AWP,WE,Federal Contract Tower,0,18,21,0,39,0,11,91,0,102,0,29,112,0,141,10,0,10,151
06/04/2023,HND,NV,AWP,WE,Federal Contract Tower,0,21,42,0,63,0,28,105,0,133,0,49,147,0,196,48,0,48,244
06/05/2023,HND,NV,AWP,WE,Federal Contract Tower,0,18,31,0,49,0,19,81,0,100,0,37,112,0,149,4,0,4,153
06/06/2023,HND,NV,AWP,WE,Federal Contract Tower,0,11,29,0,40,0,5,74,0,79,0,16,103,0,119,4,0,4,123
06/07/2023,HND,NV,AWP,WE,Federal Contract Tower,0,13,37,0,50,0,10,80,0,90,0,23,117,0,140,30,0,30,170
06/08/2023,HND,NV,AWP,WE,Federal Contract Tower,0,10,34,2,46,0,9,93,2,104,0,19,127,4,150,14,0,14,164
06/09/2023,HND,NV,AWP,WE,Federal Contract Tower,0,9,31,0,40,0,9,119,0,128,0,18,150,0,168,2,0,2,170
06/10/2023,HND,NV,AWP,WE,Federal Contract Tower,0,8,11,0,19,0,11,106,0,117,0,19,117,0,136,4,0,4,140
06/11/2023,HND,NV,AWP,WE,Federal Contract Tower,0,10,35,0,45,0,0,84,0,84,0,10,119,0,129,12,0,12,141
06/12/2023,HND,NV,AWP,WE,Federal Contract Tower,0,12,42,0,54,0,15,61,0,76,0,27,103,0,130,58,0,58,188
06/13/2023,HND,NV,AWP,WE,Federal Contract Tower,0,17,53,0,70,0,21,128,0,149,0,38,181,0,219,30,0,30,249
06/14/2023,HND,NV,AWP,WE,Federal Contract Tower,0,29,50,0,79,0,26,91,1,118,0,55,141,1,197,44,0,44,241
06/15/2023,HND,NV,AWP,WE,Federal Contract Tower,0,18,37,0,55,0,5,98,0,103,0,23,135,0,158,10,0,10,168
06/16/2023,HND,NV,AWP,WE,Federal Contract Tower,0,19,41,0,60,0,14,58,0,72,0,33,99,0,132,4,0,4,136
06/17/2023,HND,NV,AWP,WE,Federal Contract Tower,0,16,34,0,50,0,7,111,0,118,0,23,145,0,168,32,0,32,200
06/18/2023,HND,NV,AWP,WE,Federal Contract Tower,0,19,38,0,57,0,19,67,0,86,0,38,105,0,143,4,0,4,147
06/19/2023,HND,NV,AWP,WE,Federal Contract Tower,0,7,34,0,41,0,8,13,0,21,0,15,47,0,62,0,0,0,62
06/20/2023,HND,NV,AWP,WE,Federal Contract Tower,0,14,32,0,46,0,24,56,0,80,0,38,88,0,126,22,0,22,148
06/21/2023,HND,NV,AWP,WE,Federal Contract Tower,0,21,32,0,53,0,10,86,0,96,0,31,118,0,149,12,0,12,161
06/22/2023,HND,NV,AWP,WE,Federal Contract Tower,0,15,44,0,59,0,16,87,2,105,0,31,131,2,164,8,0,8,172
06/23/2023,HND,NV,AWP,WE,Federal Contract Tower,0,26,37,0,63,0,13,115,1,129,0,39,152,1,192,12,0,12,204
06/24/2023,HND,NV,AWP,WE,Federal Contract Tower,0,10,28,0,38,0,8,113,0,121,0,18,141,0,159,36,0,36,195
06/25/2023,HND,NV,AWP,WE,Federal Contract Tower,0,11,46,1,58,0,7,77,0,84,0,18,123,1,142,6,0,6,148
06/26/2023,HND,NV,AWP,WE,Federal Contract Tower,0,9,38,0,47,0,16,67,0,83,0,25,105,0,130,0,0,0,130
06/27/2023,HND,NV,AWP,WE,Federal Contract Tower,0,12,22,0,34,0,12,96,0,108,0,24,118,0,142,12,0,12,154
06/28/2023,HND,NV,AWP,WE,Federal Contract Tower,0,14,41,0,55,0,10,90,1,101,0,24,131,1,156,8,0,8,164
06/29/2023,HND,NV,AWP,WE,Federal Contract Tower,0,12,29,0,41,0,12,99,1,112,0,24,128,1,153,16,0,16,169
06/30/2023,HND,NV,AWP,WE,Federal Contract Tower,0,15,32,0,47,0,16,133,0,149,0,31,165,0,196,12,0,12,208
07/01/2023,HND,NV,AWP,WE,Federal Contract Tower,0,8,35,0,43,0,5,102,0,107,0,13,137,0,150,0,0,0,150
07/02/2023,HND,NV,AWP,WE,Federal Contract Tower,0,10,27,0,37,0,12,67,0,79,0,22,94,0,116,28,0,28,144
07/03/2023,HND,NV,AWP,WE,Federal Contract Tower,0,9,26,0,35,0,18,85,0,103,0,27,111,0,138,18,0,18,156
07/04/2023,HND,NV,AWP,WE,Federal Contract Tower,0,5,11,0,16,0,10,15,0,25,0,15,26,0,41,20,0,20,61
07/05/2023,HND,NV,AWP,WE,Federal Contract Tower,0,14,33,0,47,0,10,93,0,103,0,24,126,0,150,32,0,32,182
07/06/2023,HND,NV,AWP,WE,Federal Contract Tower,0,20,30,0,50,0,5,67,0,72,0,25,97,0,122,10,0,10,132
07/07/2023,HND,NV,AWP,WE,Federal Contract Tower,0,9,41,1,51,0,9,80,0,89,0,18,121,1,140,10,0,10,150
07/08/2023,HND,NV,AWP,WE,Federal Contract Tower,0,6,14,1,21,0,5,127,0,132,0,11,141,1,153,2,0,2,155
07/09/2023,HND,NV,AWP,WE,Federal Contract Tower,0,11,40,0,51,0,17,87,0,104,0,28,127,0,155,26,0,26,181
07/10/2023,HND,NV,AWP,WE,Federal Contract Tower,0,10,33,0,43,0,10,86,0,96,0,20,119,0,139,2,0,2,141
07/11/2023,HND,NV,AWP,WE,Federal Contract Tower,0,23,23,0,46,0,11,69,1,81,0,34,92,1,127,4,0,4,131
07/12/2023,HND,NV,AWP,WE,Federal Contract Tower,0,15,40,0,55,0,11,54,2,67,0,26,94,2,122,24,0,24,146
07/13/2023,HND,NV,AWP,WE,Federal Contract Tower,0,20,35,0,55,0,6,68,0,74,0,26,103,0,129,2,0,2,131
07/14/2023,HND,NV,AWP,WE,Federal Contract Tower,0,7,33,0,40,0,9,92,0,101,0,16,125,0,141,60,0,60,201
07/15/2023,HND,NV,AWP,WE,Federal Contract Tower,0,6,12,0,18,0,15,82,0,97,0,21,94,0,115,4,0,4,119
07/16/2023,HND,NV,AWP,WE,Federal Contract Tower,0,11,31,4,46,0,37,89,0,126,0,48,120,4,172,10,0,10,182
07/17/2023,HND,NV,AWP,WE,Federal Contract Tower,0,4,25,0,29,0,18,40,0,58,0,22,65,0,87,2,0,2,89
07/18/2023,HND,NV,AWP,WE,Federal Contract Tower,0,7,35,0,42,0,11,71,0,82,0,18,106,0,124,6,0,6,130
07/19/2023,HND,NV,AWP,WE,Federal Contract Tower,0,17,28,0,45,0,13,80,0,93,0,30,108,0,138,10,0,10,148
07/20/2023,HND,NV,AWP,WE,Federal Contract Tower,0,14,28,0,42,0,18,87,0,105,0,32,115,0,147,4,0,4,151
07/21/2023,HND,NV,AWP,WE,Federal Contract Tower,0,4,32,0,36,0,7,81,0,88,0,11,113,0,124,32,0,32,156
07/22/2023,HND,NV,AWP,WE,Federal Contract Tower,0,3,17,0,20,0,5,68,0,73,0,8,85,0,93,0,0,0,93
07/23/2023,HND,NV,AWP,WE,Federal Contract Tower,0,7,28,0,35,0,13,57,0,70,0,20,85,0,105,34,0,34,139
07/24/2023,HND,NV,AWP,WE,Federal Contract Tower,0,5,19,0,24,0,13,68,0,81,0,18,87,0,105,4,0,4,109
07/25/2023,HND,NV,AWP,WE,Federal Contract Tower,0,15,13,0,28,0,13,47,5,65,0,28,60,5,93,0,0,0,93
07/26/2023,HND,NV,AWP,WE,Federal Contract Tower,0,8,29,0,37,0,18,71,0,89,0,26,100,0,126,6,0,6,132
07/27/2023,HND,NV,AWP,WE,Federal Contract Tower,0,13,30,0,43,0,16,74,0,90,0,29,104,0,133,12,0,12,145
07/28/2023,HND,NV,AWP,WE,Federal Contract Tower,0,15,46,0,61,0,7,89,0,96,0,22,135,0,157,4,0,4,161
07/29/2023,HND,NV,AWP,WE,Federal Contract Tower,0,10,29,0,39,0,13,68,0,81,0,23,97,0,120,18,0,18,138
07/30/2023,HND,NV,AWP,WE,Federal Contract Tower,0,26,46,0,72,0,12,91,0,103,0,38,137,0,175,20,0,20,195
07/31/2023,HND,NV,AWP,WE,Federal Contract Tower,0,16,39,0,55,0,15,100,0,115,0,31,139,0,170,18,0,18,188
08/01/2023,HND,NV,AWP,WE,Federal Contract Tower,0,13,29,0,42,0,23,73,0,96,0,36,102,0,138,16,0,16,154
08/02/2023,HND,NV,AWP,WE,Federal Contract Tower,0,12,32,0,44,0,16,73,1,90,0,28,105,1,134,14,0,14,148
08/03/2023,HND,NV,AWP,WE,Federal Contract Tower,0,17,27,0,44,0,23,120,5,148,0,40,147,5,192,14,0,14,206
08/04/2023,HND,NV,AWP,WE,Federal Contract Tower,0,11,36,0,47,0,23,115,0,138,0,34,151,0,185,4,0,4,189
08/05/2023,HND,NV,AWP,WE,Federal Contract Tower,0,6,30,0,36,0,10,99,1,110,0,16,129,1,146,6,0,6,152
08/06/2023,HND,NV,AWP,WE,Federal Contract Tower,0,15,33,0,48,0,7,76,0,83,0,22,109,0,131,12,0,12,143
08/07/2023,HND,NV,AWP,WE,Federal Contract Tower,0,11,20,0,31,0,17,56,0,73,0,28,76,0,104,14,0,14,118
08/08/2023,HND,NV,AWP,WE,Federal Contract Tower,0,10,33,0,43,0,12,55,0,67,0,22,88,0,110,12,0,12,122
08/09/2023,HND,NV,AWP,WE,Federal Contract Tower,0,13,34,0,47,0,12,101,0,113,0,25,135,0,160,20,0,20,180
08/10/2023,HND,NV,AWP,WE,Federal Contract Tower,0,12,42,0,54,0,10,69,0,79,0,22,111,0,133,9,0,9,142
08/11/2023,HND,NV,AWP,WE,Federal Contract Tower,0,18,28,0,46,0,13,80,0,93,0,31,108,0,139,18,0,18,157
08/12/2023,HND,NV,AWP,WE,Federal Contract Tower,0,21,26,0,47,0,13,96,0,109,0,34,122,0,156,30,0,30,186
08/13/2023,HND,NV,AWP,WE,Federal Contract Tower,0,23,26,0,49,0,25,87,0,112,0,48,113,0,161,14,0,14,175
08/14/2023,HND,NV,AWP,WE,Federal Contract Tower,0,17,36,0,53,0,12,67,0,79,0,29,103,0,132,8,0,8,140
08/15/2023,HND,NV,AWP,WE,Federal Contract Tower,0,10,39,0,49,0,6,88,0,94,0,16,127,0,143,0,0,0,143
08/16/2023,HND,NV,AWP,WE,Federal Contract Tower,0,16,41,0,57,0,4,76,0,80,0,20,117,0,137,12,0,12,149
08/17/2023,HND,NV,AWP,WE,Federal Contract Tower,0,15,38,0,53,0,12,82,0,94,0,27,120,0,147,36,0,36,183
08/18/2023,HND,NV,AWP,WE,Federal Contract Tower,0,6,40,0,46,0,18,51,0,69,0,24,91,0,115,26,0,26,141
08/19/2023,HND,NV,AWP,WE,Federal Contract Tower,0,15,34,0,49,0,12,41,3,56,0,27,75,3,105,50,0,50,155
08/20/2023,HND,NV,AWP,WE,Federal Contract Tower,0,16,25,0,41,0,8,5,1,14,0,24,30,1,55,6,0,6,61
08/21/2023,HND,NV,AWP,WE,Federal Contract Tower,0,15,26,0,41,0,10,28,0,38,0,25,54,0,79,0,0,0,79
08/22/2023,HND,NV,AWP,WE,Federal Contract Tower,0,12,26,2,40,0,9,97,0,106,0,21,123,2,146,44,0,44,190
08/23/2023,HND,NV,AWP,WE,Federal Contract Tower,0,4,33,0,37,0,6,120,2,128,0,10,153,2,165,56,0,56,221
08/24/2023,HND,NV,AWP,WE,Federal Contract Tower,0,13,52,0,65,0,10,102,3,115,0,23,154,3,180,20,0,20,200
08/25/2023,HND,NV,AWP,WE,Federal Contract Tower,0,11,34,0,45,0,14,80,4,98,0,25,114,4,143,36,0,36,179
08/26/2023,HND,NV,AWP,WE,Federal Contract Tower,0,12,17,0,29,0,9,106,0,115,0,21,123,0,144,42,0,42,186
08/27/2023,HND,NV,AWP,WE,Federal Contract Tower,0,13,35,0,48,0,10,94,0,104,0,23,129,0,152,62,0,62,214
08/28/2023,HND,NV,AWP,WE,Federal Contract Tower,0,6,28,0,34,0,9,53,1,63,0,15,81,1,97,2,0,2,99
08/29/2023,HND,NV,AWP,WE,Federal Contract Tower,0,8,27,0,35,0,11,81,0,92,0,19,108,0,127,24,0,24,151
08/30/2023,HND,NV,AWP,WE,Federal Contract Tower,0,3,29,0,32,0,18,94,0,112,0,21,123,0,144,10,0,10,154
08/31/2023,HND,NV,AWP,WE,Federal Contract Tower,0,16,25,0,41,0,14,88,1,103,0,30,113,1,144,82,0,82,226
01/01/2020,HND,NV,AWP,WE,Federal Contract Tower,0,4,17,0,21,0,49,56,0,105,0,53,73,0,126,28,0,28,154
01/02/2020,HND,NV,AWP,WE,Federal Contract Tower,0,2,44,0,46,0,73,71,0,144,0,75,115,0,190,52,0,52,242
01/03/2020,HND,NV,AWP,WE,Federal Contract Tower,0,7,20,0,27,0,68,77,0,145,0,75,97,0,172,54,0,54,226
01/04/2020,HND,NV,AWP,WE,Federal Contract Tower,0,1,11,2,14,0,53,78,0,131,0,54,89,2,145,20,0,20,165
01/05/2020,HND,NV,AWP,WE,Federal Contract Tower,0,1,23,0,24,0,40,81,0,121,0,41,104,0,145,18,0,18,163
01/06/2020,HND,NV,AWP,WE,Federal Contract Tower,0,2,22,0,24,0,54,49,0,103,0,56,71,0,127,4,0,4,131
01/07/2020,HND,NV,AWP,WE,Federal Contract Tower,0,2,26,0,28,0,14,61,0,75,0,16,87,0,103,38,0,38,141
01/08/2020,HND,NV,AWP,WE,Federal Contract Tower,0,4,31,0,35,0,21,79,0,100,0,25,110,0,135,46,0,46,181
01/09/2020,HND,NV,AWP,WE,Federal Contract Tower,0,5,48,0,53,0,38,67,2,107,0,43,115,2,160,20,0,20,180
01/10/2020,HND,NV,AWP,WE,Federal Contract Tower,0,11,40,0,51,0,51,75,0,126,0,62,115,0,177,30,0,30,207
01/11/2020,HND,NV,AWP,WE,Federal Contract Tower,0,2,27,0,29,0,52,79,0,131,0,54,106,0,160,58,0,58,218
01/12/2020,HND,NV,AWP,WE,Federal Contract Tower,0,3,29,0,32,0,39,97,0,136,0,42,126,0,168,78,0,78,246
01/13/2020,HND,NV,AWP,WE,Federal Contract Tower,0,9,23,0,32,0,27,90,0,117,0,36,113,0,149,54,0,54,203
01/14/2020,HND,NV,AWP,WE,Federal Contract Tower,0,6,25,0,31,0,48,51,0,99,0,54,76,0,130,60,0,60,190
01/15/2020,HND,NV,AWP,WE,Federal Contract Tower,0,5,25,0,30,0,40,74,2,116,0,45,99,2,146,64,0,64,210
01/16/2020,HND,NV,AWP,WE,Federal Contract Tower,0,10,42,0,52,0,37,59,1,97,0,47,101,1,149,26,0,26,175
01/17/2020,HND,NV,AWP,WE,Federal Contract Tower,0,7,47,0,54,0,44,91,1,136,0,51,138,1,190,24,0,24,214
01/18/2020,HND,NV,AWP,WE,Federal Contract Tower,0,2,22,0,24,0,40,89,1,130,0,42,111,1,154,24,0,24,178
01/19/2020,HND,NV,AWP,WE,Federal Contract Tower,0,13,39,0,52,0,39,76,0,115,0,52,115,0,167,34,0,34,201
01/20/2020,HND,NV,AWP,WE,Federal Contract Tower,0,8,59,0,67,0,29,59,0,88,0,37,118,0,155,10,0,10,165
01/21/2020,HND,NV,AWP,WE,Federal Contract Tower,0,8,53,0,61,0,18,62,2,82,0,26,115,2,143,32,0,32,175
01/22/2020,HND,NV,AWP,WE,Federal Contract Tower,0,8,42,0,50,0,33,90,0,123,0,41,132,0,173,44,0,44,217
01/23/2020,HND,NV,AWP,WE,Federal Contract Tower,0,7,55,0,62,0,46,111,1,158,0,53,166,1,220,40,0,40,260
01/24/2020,HND,NV,AWP,WE,Federal Contract Tower,0,16,45,0,61,0,42,102,1,145,0,58,147,1,206,14,0,14,220
01/25/2020,HND,NV,AWP,WE,Federal Contract Tower,0,5,29,0,34,0,62,94,0,156,0,67,123,0,190,34,0,34,224
01/26/2020,HND,NV,AWP,WE,Federal Contract Tower,0,9,44,0,53,0,40,89,1,130,0,49,133,1,183,44,0,44,227
01/27/2020,HND,NV,AWP,WE,Federal Contract Tower,0,4,31,0,35,0,27,54,0,81,0,31,85,0,116,32,0,32,148
01/28/2020,HND,NV,AWP,WE,Federal Contract Tower,0,12,33,0,45,0,31,49,0,80,0,43,82,0,125,10,0,10,135
01/29/2020,HND,NV,AWP,WE,Federal Contract Tower,0,6,23,2,31,0,28,22,0,50,0,34,45,2,81,34,0,34,115
01/30/2020,HND,NV,AWP,WE,Federal Contract Tower,0,8,43,0,51,0,62,82,0,144,0,70,125,0,195,80,0,80,275
01/31/2020,HND,NV,AWP,WE,Federal Contract Tower,0,6,50,0,56,0,53,105,0,158,0,59,155,0,214,4,0,4,218
02/01/2020,HND,NV,AWP,WE,Federal Contract Tower,0,2,36,0,38,0,39,108,0,147,0,41,144,0,185,34,0,34,219
02/02/2020,HND,NV,AWP,WE,Federal Contract Tower,0,2,33,0,35,0,32,75,0,107,0,34,108,0,142,4,0,4,146
02/03/2020,HND,NV,AWP,WE,Federal Contract Tower,0,13,61,0,74,0,30,28,0,58,0,43,89,0,132,20,0,20,152
02/04/2020,HND,NV,AWP,WE,Federal Contract Tower,0,10,36,0,46,0,50,40,1,91,0,60,76,1,137,0,0,0,137
02/05/2020,HND,NV,AWP,WE,Federal Contract Tower,0,2,31,0,33,0,29,80,0,109,0,31,111,0,142,43,0,43,185
02/06/2020,HND,NV,AWP,WE,Federal Contract Tower,0,12,33,0,45,0,29,70,0,99,0,41,103,0,144,74,0,74,218
02/07/2020,HND,NV,AWP,WE,Federal Contract Tower,0,7,29,0,36,0,55,111,1,167,0,62,140,1,203,32,0,32,235
02/08/2020,HND,NV,AWP,WE,Federal Contract Tower,0,11,18,0,29,0,64,79,0,143,0,75,97,0,172,16,0,16,188
02/09/2020,HND,NV,AWP,WE,Federal Contract Tower,0,6,36,0,42,0,35,50,0,85,0,41,86,0,127,2,0,2,129
02/10/2020,HND,NV,AWP,WE,Federal Contract Tower,0,12,25,0,37,0,30,42,1,73,0,42,67,1,110,2,0,2,112
02/11/2020,HND,NV,AWP,WE,Federal Contract Tower,0,4,20,0,24,0,46,28,0,74,0,50,48,0,98,6,0,6,104
02/12/2020,HND,NV,AWP,WE,Federal Contract Tower,0,13,29,0,42,0,30,82,0,112,0,43,111,0,154,46,0,46,200
02/13/2020,HND,NV,AWP,WE,Federal Contract Tower,0,11,33,0,44,0,44,90,1,135,0,55,123,1,179,6,0,6,185
02/14/2020,HND,NV,AWP,WE,Federal Contract Tower,0,14,56,1,71,0,53,119,0,172,0,67,175,1,243,10,0,10,253
02/15/2020,HND,NV,AWP,WE,Federal Contract Tower,0,4,18,0,22,0,45,107,1,153,0,49,125,1,175,20,0,20,195
02/16/2020,HND,NV,AWP,WE,Federal Contract Tower,0,4,39,0,43,0,42,82,1,125,0,46,121,1,168,12,0,12,180
02/17/2020,HND,NV,AWP,WE,Federal Contract Tower,0,13,44,0,57,0,40,101,0,141,0,53,145,0,198,6,0,6,204
02/18/2020,HND,NV,AWP,WE,Federal Contract Tower,0,7,31,2,40,0,49,72,0,121,0,56,103,2,161,18,0,18,179
02/19/2020,HND,NV,AWP,WE,Federal Contract Tower,0,7,32,0,39,0,41,59,1,101,0,48,91,1,140,6,0,6,146
02/20/2020,HND,NV,AWP,WE,Federal Contract Tower,0,10,27,0,37,0,8,26,0,34,0,18,53,0,71,2,0,2,73
02/21/2020,HND,NV,AWP,WE,Federal Contract Tower,0,7,35,0,42,0,8,40,0,48,0,15,75,0,90,0,0,0,90
02/22/2020,HND,NV,AWP,WE,Federal Contract Tower,0,11,43,0,54,0,47,23,1,71,0,58,66,1,125,14,0,14,139
02/23/2020,HND,NV,AWP,WE,Federal Contract Tower,0,7,64,0,71,0,53,88,0,141,0,60,152,0,212,34,0,34,246
02/24/2020,HND,NV,AWP,WE,Federal Contract Tower,0,5,31,0,36,0,40,83,0,123,0,45,114,0,159,2,0,2,161
02/25/2020,HND,NV,AWP,WE,Federal Contract Tower,0,6,20,0,26,0,42,43,4,89,0,48,63,4,115,10,0,10,125
02/26/2020,HND,NV,AWP,WE,Federal Contract Tower,0,5,22,0,27,0,41,98,4,143,0,46,120,4,170,20,0,20,190
02/27/2020,HND,NV,AWP,WE,Federal Contract Tower,0,8,32,0,40,0,39,76,2,117,0,47,108,2,157,6,0,6,163
02/28/2020,HND,NV,AWP,WE,Federal Contract Tower,0,9,33,0,42,0,59,106,0,165,0,68,139,0,207,36,0,36,243
02/29/2020,HND,NV,AWP,WE,Federal Contract Tower,0,4,17,0,21,0,55,90,1,146,0,59,107,1,167,34,0,34,201
03/01/2020,HND,NV,AWP,WE,Federal Contract Tower,0,8,34,0,42,0,28,27,1,56,0,36,61,1,98,0,0,0,98
03/02/2020,HND,NV,AWP,WE,Federal Contract Tower,0,12,30,0,42,0,39,39,0,78,0,51,69,0,120,0,0,0,120
03/03/2020,HND,NV,AWP,WE,Federal Contract Tower,0,9,24,0,33,0,45,57,0,102,0,54,81,0,135,16,0,16,151
03/04/2020,HND,NV,AWP,WE,Federal Contract Tower,0,16,28,0,44,0,41,89,0,130,0,57,117,0,174,26,0,26,200
03/05/2020,HND,NV,AWP,WE,Federal Contract Tower,0,10,24,0,34,0,48,82,0,130,0,58,106,0,164,14,0,14,178
03/06/2020,HND,NV,AWP,WE,Federal Contract Tower,0,11,36,0,47,0,62,108,0,170,0,73,144,0,217,4,0,4,221
03/07/2020,HND,NV,AWP,WE,Federal Contract Tower,0,9,29,0,38,0,47,61,0,108,0,56,90,0,146,32,0,32,178
03/08/2020,HND,NV,AWP,WE,Federal Contract Tower,0,19,45,0,64,0,35,75,0,110,0,54,120,0,174,8,0,8,182
03/09/2020,HND,NV,AWP,WE,Federal Contract Tower,0,11,49,0,60,0,49,72,1,122,0,60,121,1,182,6,0,6,188
03/10/2020,HND,NV,AWP,WE,Federal Contract Tower,0,13,60,0,73,0,27,18,1,46,0,40,78,1,119,38,0,38,157
03/11/2020,HND,NV,AWP,WE,Federal Contract Tower,0,15,56,0,71,0,18,32,2,52,0,33,88,2,123,6,0,6,129
03/12/2020,HND,NV,AWP,WE,Federal Contract Tower,0,10,56,0,66,0,69,73,0,142,0,79,129,0,208,22,0,22,230
03/13/2020,HND,NV,AWP,WE,Federal Contract Tower,0,15,51,0,66,0,23,9,0,32,0,38,60,0,98,6,0,6,104
03/14/2020,HND,NV,AWP,WE,Federal Contract Tower,0,11,23,0,34,0,55,36,1,92,0,66,59,1,126,6,0,6,132
03/15/2020,HND,NV,AWP,WE,Federal Contract Tower,0,12,38,0,50,0,49,51,0,100,0,61,89,0,150,40,0,40,190
03/16/2020,HND,NV,AWP,WE,Federal Contract Tower,0,8,13,0,21,0,28,42,0,70,0,36,55,0,91,2,0,2,93
03/17/2020,HND,NV,AWP,WE,Federal Contract Tower,0,1,8,0,9,0,15,19,0,34,0,16,27,0,43,4,0,4,47
03/18/2020,HND,NV,AWP,WE,Federal Contract Tower,0,2,10,0,12,0,6,29,0,35,0,8,39,0,47,26,0,26,73
03/19/2020,HND,NV,AWP,WE,Federal Contract Tower,0,5,15,0,20,0,0,20,0,20,0,5,35,0,40,16,0,16,56
03/20/2020,HND,NV,AWP,WE,Federal Contract Tower,0,12,10,0,22,0,0,23,0,23,0,12,33,0,45,4,0,4,49
03/21/2020,HND,NV,AWP,WE,Federal Contract Tower,0,10,9,0,19,0,4,53,0,57,0,14,62,0,76,22,0,22,98
03/22/2020,HND,NV,AWP,WE,Federal Contract Tower,0,2,7,0,9,0,6,42,0,48,0,8,49,0,57,8,0,8,65
03/23/2020,HND,NV,AWP,WE,Federal Contract Tower,0,5,14,0,19,0,4,28,0,32,0,9,42,0,51,0,0,0,51
03/24/2020,HND,NV,AWP,WE,Federal Contract Tower,0,3,13,0,16,0,10,13,0,23,0,13,26,0,39,0,0,0,39
03/25/2020,HND,NV,AWP,WE,Federal Contract Tower,0,7,4,0,11,0,0,13,0,13,0,7,17,0,24,0,0,0,24
03/26/2020,HND,NV,AWP,WE,Federal Contract Tower,0,4,14,0,18,0,8,16,0,24,0,12,30,0,42,0,0,0,42
03/27/2020,HND,NV,AWP,WE,Federal Contract Tower,0,4,15,0,19,0,7,20,0,27,0,11,35,0,46,2,0,2,48
03/28/2020,HND,NV,AWP,WE,Federal Contract Tower,0,1,6,0,7,0,2,74,0,76,0,3,80,0,83,10,0,10,93
03/29/2020,HND,NV,AWP,WE,Federal Contract Tower,0,0,7,0,7,0,4,34,0,38,0,4,41,0,45,24,0,24,69
03/30/2020,HND,NV,AWP,WE,Federal Contract Tower,0,0,16,0,16,0,3,37,0,40,0,3,53,0,56,6,0,6,62
03/31/2020,HND,NV,AWP,WE,Federal Contract Tower,0,2,3,0,5,0,2,54,0,56,0,4,57,0,61,30,0,30,91
04/01/2020,HND,NV,AWP,WE,Federal Contract Tower,0,4,8,0,12,0,2,23,0,25,0,6,31,0,37,32,0,32,69
04/02/2020,HND,NV,AWP,WE,Federal Contract Tower,0,5,11,0,16,0,3,18,0,21,0,8,29,0,37,0,0,0,37
04/03/2020,HND,NV,AWP,WE,Federal Contract Tower,0,1,9,0,10,0,0,61,0,61,0,1,70,0,71,56,0,56,127
04/04/2020,HND,NV,AWP,WE,Federal Contract Tower,0,1,9,0,10,0,2,21,0,23,0,3,30,0,33,2,0,2,35
04/05/2020,HND,NV,AWP,WE,Federal Contract Tower,0,0,2,0,2,0,8,10,0,18,0,8,12,0,20,0,0,0,20
04/06/2020,HND,NV,AWP,WE,Federal Contract Tower,0,0,6,0,6,0,4,20,0,24,0,4,26,0,30,16,0,16,46
04/07/2020,HND,NV,AWP,WE,Federal Contract Tower,0,0,4,0,4,0,1,17,0,18,0,1,21,0,22,2,0,2,24
04/08/2020,HND,NV,AWP,WE,Federal Contract Tower,0,2,9,0,11,0,3,11,0,14,0,5,20,0,25,0,0,0,25
04/09/2020,HND,NV,AWP,WE,Federal Contract Tower,0,1,15,0,16,0,0,22,0,22,0,1,37,0,38,6,0,6,44
04/10/2020,HND,NV,AWP,WE,Federal Contract Tower,0,3,14,0,17,0,4,40,0,44,0,7,54,0,61,36,0,36,97
04/11/2020,HND,NV,AWP,WE,Federal Contract Tower,0,0,7,0,7,0,4,70,0,74,0,4,77,0,81,44,0,44,125
04/12/2020,HND,NV,AWP,WE,Federal Contract Tower,0,1,2,0,3,0,3,23,0,26,0,4,25,0,29,24,0,24,53
04/13/2020,HND,NV,AWP,WE,Federal Contract Tower,0,1,5,1,7,0,2,36,1,39,0,3,41,2,46,24,0,24,70
04/14/2020,HND,NV,AWP,WE,Federal Contract Tower,0,2,10,0,12,0,3,28,0,31,0,5,38,0,43,24,0,24,67
04/15/2020,HND,NV,AWP,WE,Federal Contract Tower,0,3,6,0,9,0,0,63,0,63,0,3,69,0,72,72,0,72,144
04/16/2020,HND,NV,AWP,WE,Federal Contract Tower,0,2,15,0,17,0,1,49,0,50,0,3,64,0,67,40,0,40,107
04/17/2020,HND,NV,AWP,WE,Federal Contract Tower,0,4,17,0,21,0,8,37,0,45,0,12,54,0,66,0,0,0,66
04/18/2020,HND,NV,AWP,WE,Federal Contract Tower,0,2,6,0,8,0,1,47,0,48,0,3,53,0,56,32,0,32,88
04/19/2020,HND,NV,AWP,WE,Federal Contract Tower,0,2,10,0,12,0,1,56,0,57,0,3,66,0,69,22,0,22,91
04/20/2020,HND,NV,AWP,WE,Federal Contract Tower,0,3,16,0,19,0,2,38,0,40,0,5,54,0,59,32,0,32,91
04/21/2020,HND,NV,AWP,WE,Federal Contract Tower,0,0,12,0,12,0,0,39,0,39,0,0,51,0,51,0,0,0,51
04/22/2020,HND,NV,AWP,WE,Federal Contract Tower,0,1,8,0,9,0,0,73,0,73,0,1,81,0,82,62,0,62,144
04/23/2020,HND,NV,AWP,WE,Federal Contract Tower,0,3,14,0,17,0,7,43,0,50,0,10,57,0,67,12,0,12,79
04/24/2020,HND,NV,AWP,WE,Federal Contract Tower,0,4,21,0,25,0,2,37,0,39,0,6,58,0,64,38,0,38,102
04/25/2020,HND,NV,AWP,WE,Federal Contract Tower,0,2,13,0,15,0,4,64,0,68,0,6,77,0,83,32,0,32,115
04/26/2020,HND,NV,AWP,WE,Federal Contract Tower,0,2,4,0,6,0,2,29,0,31,0,4,33,0,37,9,0,9,46
04/27/2020,HND,NV,AWP,WE,Federal Contract Tower,0,3,10,0,13,0,0,28,0,28,0,3,38,0,41,34,0,34,75
04/28/2020,HND,NV,AWP,WE,Federal Contract Tower,0,0,4,0,4,0,2,48,0,50,0,2,52,0,54,24,0,24,78
04/29/2020,HND,NV,AWP,WE,Federal Contract Tower,0,3,5,2,10,0,0,93,0,93,0,3,98,2,103,56,0,56,159
04/30/2020,HND,NV,AWP,WE,Federal Contract Tower,0,1,23,0,24,0,1,40,2,43,0,2,63,2,67,20,0,20,87
05/01/2020,HND,NV,AWP,WE,Federal Contract Tower,0,5,8,0,13,0,5,28,0,33,0,10,36,0,46,26,0,26,72
05/02/2020,HND,NV,AWP,WE,Federal Contract Tower,0,2,14,0,16,0,2,61,0,63,0,4,75,0,79,12,0,12,91
05/03/2020,HND,NV,AWP,WE,Federal Contract Tower,0,2,9,0,11,0,0,30,0,30,0,2,39,0,41,0,0,0,41
05/04/2020,HND,NV,AWP,WE,Federal Contract Tower,0,6,19,0,25,0,0,38,0,38,0,6,57,0,63,10,0,10,73
05/05/2020,HND,NV,AWP,WE,Federal Contract Tower,0,6,9,0,15,0,0,73,0,73,0,6,82,0,88,4,0,4,92
05/06/2020,HND,NV,AWP,WE,Federal Contract Tower,0,5,10,0,15,0,4,40,0,44,0,9,50,0,59,36,0,36,95
05/07/2020,HND,NV,AWP,WE,Federal Contract Tower,0,2,14,0,16,0,4,56,0,60,0,6,70,0,76,34,0,34,110
05/08/2020,HND,NV,AWP,WE,Federal Contract Tower,0,11,10,0,21,0,1,87,0,88,0,12,97,0,109,62,0,62,171
05/09/2020,HND,NV,AWP,WE,Federal Contract Tower,0,1,20,0,21,0,5,78,0,83,0,6,98,0,104,44,0,44,148
05/10/2020,HND,NV,AWP,WE,Federal Contract Tower,0,3,8,0,11,0,3,30,0,33,0,6,38,0,44,6,0,6,50
05/11/2020,HND,NV,AWP,WE,Federal Contract Tower,0,6,15,0,21,0,17,17,0,34,0,23,32,0,55,0,0,0,55
05/12/2020,HND,NV,AWP,WE,Federal Contract Tower,0,4,7,0,11,0,4,9,2,15,0,8,16,2,26,0,0,0,26
05/13/2020,HND,NV,AWP,WE,Federal Contract Tower,0,3,5,0,8,0,13,49,0,62,0,16,54,0,70,22,0,22,92
05/14/2020,HND,NV,AWP,WE,Federal Contract Tower,0,4,17,2,23,0,13,71,0,84,0,17,88,2,107,60,0,60,167
05/15/2020,HND,NV,AWP,WE,Federal Contract Tower,0,6,15,0,21,0,8,86,1,95,0,14,101,1,116,120,0,120,236
05/16/2020,HND,NV,AWP,WE,Federal Contract Tower,0,0,11,0,11,0,9,104,0,113,0,9,115,0,124,50,0,50,174
05/17/2020,HND,NV,AWP,WE,Federal Contract Tower,0,5,7,0,12,0,2,54,0,56,0,7,61,0,68,6,0,6,74
05/18/2020,HND,NV,AWP,WE,Federal Contract Tower,0,7,13,2,22,0,13,15,0,28,0,20,28,2,50,24,0,24,74
05/19/2020,HND,NV,AWP,WE,Federal Contract Tower,0,2,14,0,16,0,7,15,0,22,0,9,29,0,38,4,0,4,42
05/20/2020,HND,NV,AWP,WE,Federal Contract Tower,0,4,19,0,23,0,11,134,0,145,0,15,153,0,168,36,0,36,204
05/21/2020,HND,NV,AWP,WE,Federal Contract Tower,0,10,26,0,36,0,4,97,2,103,0,14,123,2,139,14,0,14,153
05/22/2020,HND,NV,AWP,WE,Federal Contract Tower,0,6,22,0,28,0,3,44,0,47,0,9,66,0,75,42,0,42,117
05/23/2020,HND,NV,AWP,WE,Federal Contract Tower,0,4,14,0,18,0,5,61,0,66,0,9,75,0,84,2,0,2,86
05/24/2020,HND,NV,AWP,WE,Federal Contract Tower,0,5,9,0,14,0,9,62,0,71,0,14,71,0,85,2,0,2,87
05/25/2020,HND,NV,AWP,WE,Federal Contract Tower,0,9,11,0,20,0,8,68,0,76,0,17,79,0,96,38,0,38,134
05/26/2020,HND,NV,AWP,WE,Federal Contract Tower,0,4,18,0,22,0,3,57,0,60,0,7,75,0,82,50,0,50,132
05/27/2020,HND,NV,AWP,WE,Federal Contract Tower,0,5,17,0,22,0,8,42,0,50,0,13,59,0,72,12,0,12,84
05/28/2020,HND,NV,AWP,WE,Federal Contract Tower,0,9,22,0,31,0,1,34,0,35,0,10,56,0,66,0,0,0,66
05/29/2020,HND,NV,AWP,WE,Federal Contract Tower,0,13,24,0,37,0,3,52,0,55,0,16,76,0,92,28,0,28,120
05/30/2020,HND,NV,AWP,WE,Federal Contract Tower,0,6,5,0,11,0,2,17,0,19,0,8,22,0,30,6,0,6,36
05/31/2020,HND,NV,AWP,WE,Federal Contract Tower,0,4,16,0,20,0,7,47,0,54,0,11,63,0,74,10,0,10,84
06/01/2020,HND,NV,AWP,WE,Federal Contract Tower,0,2,25,0,27,0,10,39,0,49,0,12,64,0,76,10,0,10,86
06/02/2020,HND,NV,AWP,WE,Federal Contract Tower,0,10,16,0,26,0,5,66,0,71,0,15,82,0,97,42,0,42,139
06/03/2020,HND,NV,AWP,WE,Federal Contract Tower,0,2,15,0,17,0,6,41,0,47,0,8,56,0,64,52,0,52,116
06/04/2020,HND,NV,AWP,WE,Federal Contract Tower,0,7,23,0,30,0,8,59,0,67,0,15,82,0,97,54,0,54,151
06/05/2020,HND,NV,AWP,WE,Federal Contract Tower,0,6,19,0,25,0,8,63,0,71,0,14,82,0,96,12,0,12,108
06/06/2020,HND,NV,AWP,WE,Federal Contract Tower,0,1,20,0,21,0,13,34,0,47,0,14,54,0,68,6,0,6,74
06/07/2020,HND,NV,AWP,WE,Federal Contract Tower,0,3,25,0,28,0,12,27,0,39,0,15,52,0,67,20,0,20,87
06/08/2020,HND,NV,AWP,WE,Federal Contract Tower,0,8,22,0,30,0,9,66,0,75,0,17,88,0,105,22,0,22,127
06/09/2020,HND,NV,AWP,WE,Federal Contract Tower,0,9,21,0,30,0,12,80,0,92,0,21,101,0,122,24,0,24,146
06/10/2020,HND,NV,AWP,WE,Federal Contract Tower,0,12,21,0,33,0,15,112,2,129,0,27,133,2,162,94,0,94,256
06/11/2020,HND,NV,AWP,WE,Federal Contract Tower,0,5,38,0,43,0,2,80,0,82,0,7,118,0,125,122,0,122,247
06/12/2020,HND,NV,AWP,WE,Federal Contract Tower,0,8,38,0,46,0,5,77,0,82,0,13,115,0,128,42,0,42,170
06/13/2020,HND,NV,AWP,WE,Federal Contract Tower,0,8,19,0,27,0,30,25,0,55,0,38,44,0,82,0,0,0,82
06/14/2020,HND,NV,AWP,WE,Federal Contract Tower,0,13,28,0,41,0,5,106,2,113,0,18,134,2,154,52,0,52,206
06/15/2020,HND,NV,AWP,WE,Federal Contract Tower,0,10,28,0,38,0,4,65,0,69,0,14,93,0,107,18,0,18,125
06/16/2020,HND,NV,AWP,WE,Federal Contract Tower,0,3,17,0,20,0,6,34,0,40,0,9,51,0,60,18,0,18,78
06/17/2020,HND,NV,AWP,WE,Federal Contract Tower,0,2,14,0,16,0,14,102,0,116,0,16,116,0,132,52,0,52,184
06/18/2020,HND,NV,AWP,WE,Federal Contract Tower,0,4,23,0,27,0,7,69,0,76,0,11,92,0,103,28,0,28,131
06/19/2020,HND,NV,AWP,WE,Federal Contract Tower,0,6,33,0,39,0,7,114,0,121,0,13,147,0,160,40,0,40,200
06/20/2020,HND,NV,AWP,WE,Federal Contract Tower,0,8,26,0,34,0,32,80,0,112,0,40,106,0,146,32,0,32,178
06/21/2020,HND,NV,AWP,WE,Federal Contract Tower,0,12,22,0,34,0,23,55,0,78,0,35,77,0,112,62,0,62,174
06/22/2020,HND,NV,AWP,WE,Federal Contract Tower,0,7,27,0,34,0,4,40,10,54,0,11,67,10,88,38,0,38,126
06/23/2020,HND,NV,AWP,WE,Federal Contract Tower,0,6,18,0,24,0,9,75,0,84,0,15,93,0,108,50,0,50,158
06/24/2020,HND,NV,AWP,WE,Federal Contract Tower,0,5,26,0,31,0,21,83,0,104,0,26,109,0,135,60,0,60,195
06/25/2020,HND,NV,AWP,WE,Federal Contract Tower,0,4,25,0,29,0,8,67,0,75,0,12,92,0,104,42,0,42,146
06/26/2020,HND,NV,AWP,WE,Federal Contract Tower,0,15,25,0,40,0,5,87,0,92,0,20,112,0,132,66,0,66,198
06/27/2020,HND,NV,AWP,WE,Federal Contract Tower,0,1,21,0,22,0,13,84,0,97,0,14,105,0,119,28,0,28,147
06/28/2020,HND,NV,AWP,WE,Federal Contract Tower,0,13,31,0,44,0,9,18,0,27,0,22,49,0,71,4,0,4,75
06/29/2020,HND,NV,AWP,WE,Federal Contract Tower,0,13,41,0,54,0,22,65,0,87,0,35,106,0,141,66,0,66,207
06/30/2020,HND,NV,AWP,WE,Federal Contract Tower,0,9,24,0,33,0,8,84,0,92,0,17,108,0,125,40,0,40,165
07/01/2020,HND,NV,AWP,WE,Federal Contract Tower,0,1,22,0,23,0,6,80,0,86,0,7,102,0,109,38,0,38,147
07/02/2020,HND,NV,AWP,WE,Federal Contract Tower,0,7,28,0,35,0,6,84,0,90,0,13,112,0,125,76,0,76,201
07/03/2020,HND,NV,AWP,WE,Federal Contract Tower,0,4,22,0,26,0,8,95,0,103,0,12,117,0,129,69,0,69,198
07/04/2020,HND,NV,AWP,WE,Federal Contract Tower,0,1,6,0,7,0,22,53,0,75,0,23,59,0,82,28,0,28,110
07/05/2020,HND,NV,AWP,WE,Federal Contract Tower,0,1,12,0,13,0,14,62,0,76,0,15,74,0,89,24,0,24,113
07/06/2020,HND,NV,AWP,WE,Federal Contract Tower,0,5,21,0,26,0,8,57,0,65,0,13,78,0,91,2,0,2,93
07/07/2020,HND,NV,AWP,WE,Federal Contract Tower,0,7,19,0,26,0,8,48,0,56,0,15,67,0,82,20,0,20,102
07/08/2020,HND,NV,AWP,WE,Federal Contract Tower,0,5,27,0,32,0,5,59,0,64,0,10,86,0,96,0,0,0,96
07/09/2020,HND,NV,AWP,WE,Federal Contract Tower,0,5,15,0,20,0,12,70,0,82,0,17,85,0,102,24,0,24,126
07/10/2020,HND,NV,AWP,WE,Federal Contract Tower,0,11,20,0,31,0,7,60,0,67,0,18,80,0,98,20,0,20,118
07/11/2020,HND,NV,AWP,WE,Federal Contract Tower,0,2,11,0,13,0,11,44,0,55,0,13,55,0,68,110,0,110,178
07/12/2020,HND,NV,AWP,WE,Federal Contract Tower,0,6,22,0,28,0,27,51,0,78,0,33,73,0,106,10,0,10,116
07/13/2020,HND,NV,AWP,WE,Federal Contract Tower,0,6,27,0,33,0,15,25,0,40,0,21,52,0,73,0,0,0,73
07/14/2020,HND,NV,AWP,WE,Federal Contract Tower,0,3,11,0,14,0,10,50,0,60,0,13,61,0,74,18,0,18,92
07/15/2020,HND,NV,AWP,WE,Federal Contract Tower,0,7,16,0,23,0,15,41,0,56,0,22,57,0,79,40,0,40,119
07/16/2020,HND,NV,AWP,WE,Federal Contract Tower,0,4,24,0,28,0,14,46,0,60,0,18,70,0,88,52,0,52,140
07/17/2020,HND,NV,AWP,WE,Federal Contract Tower,0,6,20,0,26,0,5,56,0,61,0,11,76,0,87,46,0,46,133
07/18/2020,HND,NV,AWP,WE,Federal Contract Tower,0,6,18,0,24,0,13,67,0,80,0,19,85,0,104,66,0,66,170
07/19/2020,HND,NV,AWP,WE,Federal Contract Tower,0,6,15,0,21,0,22,71,0,93,0,28,86,0,114,42,0,42,156
07/20/2020,HND,NV,AWP,WE,Federal Contract Tower,0,7,32,0,39,0,10,62,0,72,0,17,94,0,111,42,0,42,153
07/21/2020,HND,NV,AWP,WE,Federal Contract Tower,0,8,13,0,21,0,9,54,0,63,0,17,67,0,84,30,0,30,114
07/22/2020,HND,NV,AWP,WE,Federal Contract Tower,0,7,16,0,23,0,20,55,0,75,0,27,71,0,98,48,0,48,146
07/23/2020,HND,NV,AWP,WE,Federal Contract Tower,0,7,16,0,23,0,28,65,0,93,0,35,81,0,116,74,0,74,190
07/24/2020,HND,NV,AWP,WE,Federal Contract Tower,0,8,25,0,33,0,14,88,0,102,0,22,113,0,135,28,0,28,163
07/25/2020,HND,NV,AWP,WE,Federal Contract Tower,0,8,18,0,26,0,5,85,1,91,0,13,103,1,117,32,0,32,149
07/26/2020,HND,NV,AWP,WE,Federal Contract Tower,0,7,27,0,34,0,6,77,1,84,0,13,104,1,118,16,0,16,134
07/27/2020,HND,NV,AWP,WE,Federal Contract Tower,0,10,22,0,32,0,24,55,1,80,0,34,77,1,112,0,0,0,112
07/28/2020,HND,NV,AWP,WE,Federal Contract Tower,0,6,18,0,24,0,8,52,2,62,0,14,70,2,86,6,0,6,92
07/29/2020,HND,NV,AWP,WE,Federal Contract Tower,0,7,18,0,25,0,19,70,9,98,0,26,88,9,123,11,0,11,134
07/30/2020,HND,NV,AWP,WE,Federal Contract Tower,0,8,13,0,21,0,15,46,0,61,0,23,59,0,82,14,0,14,96
07/31/2020,HND,NV,AWP,WE,Federal Contract Tower,0,5,26,0,31,0,6,84,2,92,0,11,110,2,123,28,0,28,151
08/01/2020,HND,NV,AWP,WE,Federal Contract Tower,0,0,12,0,12,0,5,59,0,64,0,5,71,0,76,2,0,2,78
08/02/2020,HND,NV,AWP,WE,Federal Contract Tower,0,9,24,0,33,0,18,45,2,65,0,27,69,2,98,38,0,38,136
08/03/2020,HND,NV,AWP,WE,Federal Contract Tower,0,2,13,0,15,0,7,51,4,62,0,9,64,4,77,18,0,18,95
08/04/2020,HND,NV,AWP,WE,Federal Contract Tower,0,8,14,0,22,0,11,60,4,75,0,19,74,4,97,12,0,12,109
08/05/2020,HND,NV,AWP,WE,Federal Contract Tower,0,5,14,0,19,0,14,70,0,84,0,19,84,0,103,81,0,81,184
08/06/2020,HND,NV,AWP,WE,Federal Contract Tower,0,10,21,0,31,0,8,61,4,73,0,18,82,4,104,86,0,86,190
08/07/2020,HND,NV,AWP,WE,Federal Contract Tower,0,11,12,0,23,0,13,84,0,97,0,24,96,0,120,109,0,109,229
08/08/2020,HND,NV,AWP,WE,Federal Contract Tower,0,6,18,0,24,0,12,56,0,68,0,18,74,0,92,26,0,26,118
08/09/2020,HND,NV,AWP,WE,Federal Contract Tower,0,7,23,0,30,0,3,84,4,91,0,10,107,4,121,18,0,18,139
08/10/2020,HND,NV,AWP,WE,Federal Contract Tower,0,7,21,0,28,0,12,63,0,75,0,19,84,0,103,0,0,0,103
08/11/2020,HND,NV,AWP,WE,Federal Contract Tower,0,3,26,0,29,0,8,43,0,51,0,11,69,0,80,4,0,4,84
08/12/2020,HND,NV,AWP,WE,Federal Contract Tower,0,7,19,3,29,0,11,71,2,84,0,18,90,5,113,36,0,36,149
08/13/2020,HND,NV,AWP,WE,Federal Contract Tower,0,17,24,0,41,0,16,71,0,87,0,33,95,0,128,40,0,40,168
08/14/2020,HND,NV,AWP,WE,Federal Contract Tower,0,11,32,0,43,0,17,89,0,106,0,28,121,0,149,88,0,88,237
08/15/2020,HND,NV,AWP,WE,Federal Contract Tower,0,8,19,0,27,0,19,78,2,99,0,27,97,2,126,33,0,33,159
08/16/2020,HND,NV,AWP,WE,Federal Contract Tower,0,10,17,0,27,0,3,64,0,67,0,13,81,0,94,16,0,16,110
08/17/2020,HND,NV,AWP,WE,Federal Contract Tower,0,8,17,0,25,0,19,45,0,64,0,27,62,0,89,20,0,20,109
08/18/2020,HND,NV,AWP,WE,Federal Contract Tower,0,12,13,0,25,0,8,54,0,62,0,20,67,0,87,10,0,10,97
08/19/2020,HND,NV,AWP,WE,Federal Contract Tower,0,8,19,0,27,0,5,55,0,60,0,13,74,0,87,36,0,36,123
08/20/2020,HND,NV,AWP,WE,Federal Contract Tower,0,9,24,0,33,0,36,71,2,109,0,45,95,2,142,34,0,34,176
08/21/2020,HND,NV,AWP,WE,Federal Contract Tower,0,6,23,0,29,0,8,68,0,76,0,14,91,0,105,84,0,84,189
08/22/2020,HND,NV,AWP,WE,Federal Contract Tower,0,8,9,0,17,0,22,37,0,59,0,30,46,0,76,26,0,26,102
08/23/2020,HND,NV,AWP,WE,Federal Contract Tower,0,4,18,0,22,0,16,67,2,85,0,20,85,2,107,30,0,30,137
08/24/2020,HND,NV,AWP,WE,Federal Contract Tower,0,5,18,0,23,0,11,42,4,57,0,16,60,4,80,28,0,28,108
08/25/2020,HND,NV,AWP,WE,Federal Contract Tower,0,5,18,0,23,0,9,55,0,64,0,14,73,0,87,54,0,54,141
08/26/2020,HND,NV,AWP,WE,Federal Contract Tower,0,6,20,0,26,0,15,70,0,85,0,21,90,0,111,6,0,6,117
08/27/2020,HND,NV,AWP,WE,Federal Contract Tower,0,5,30,0,35,0,12,68,3,83,0,17,98,3,118,36,0,36,154
08/28/2020,HND,NV,AWP,WE,Federal Contract Tower,0,4,36,0,40,0,13,98,1,112,0,17,134,1,152,68,0,68,220
08/29/2020,HND,NV,AWP,WE,Federal Contract Tower,0,6,12,0,18,0,29,76,0,105,0,35,88,0,123,34,0,34,157
08/30/2020,HND,NV,AWP,WE,Federal Contract Tower,0,1,19,0,20,0,0,75,2,77,0,1,94,2,97,36,0,36,133
08/31/2020,HND,NV,AWP,WE,Federal Contract Tower,0,5,20,0,25,0,14,83,7,104,0,19,103,7,129,62,0,62,191
09/01/2020,HND,NV,AWP,WE,Federal Contract Tower,0,3,31,0,34,0,25,77,1,103,0,28,108,1,137,12,0,12,149
09/02/2020,HND,NV,AWP,WE,Federal Contract Tower,0,12,37,2,51,0,8,89,2,99,0,20,126,4,150,30,0,30,180
09/03/2020,HND,NV,AWP,WE,Federal Contract Tower,0,2,27,0,29,0,7,98,5,110,0,9,125,5,139,40,0,40,179
09/04/2020,HND,NV,AWP,WE,Federal Contract Tower,0,6,29,0,35,0,10,88,0,98,0,16,117,0,133,89,0,89,222
09/05/2020,HND,NV,AWP,WE,Federal Contract Tower,0,4,21,0,25,0,21,68,0,89,0,25,89,0,114,70,0,70,184
09/06/2020,HND,NV,AWP,WE,Federal Contract Tower,0,4,18,0,22,0,41,72,0,113,0,45,90,0,135,22,0,22,157
09/07/2020,HND,NV,AWP,WE,Federal Contract Tower,0,7,40,0,47,0,3,65,0,68,0,10,105,0,115,66,0,66,181
09/08/2020,HND,NV,AWP,WE,Federal Contract Tower,0,3,20,0,23,0,2,5,0,7,0,5,25,0,30,0,0,0,30
09/09/2020,HND,NV,AWP,WE,Federal Contract Tower,0,9,15,0,24,0,18,41,0,59,0,27,56,0,83,74,0,74,157
09/10/2020,HND,NV,AWP,WE,Federal Contract Tower,0,9,24,0,33,0,14,105,4,123,0,23,129,4,156,34,0,34,190
09/11/2020,HND,NV,AWP,WE,Federal Contract Tower,0,8,27,0,35,0,16,92,0,108,0,24,119,0,143,66,0,66,209
09/12/2020,HND,NV,AWP,WE,Federal Contract Tower,0,10,15,0,25,0,21,70,0,91,0,31,85,0,116,63,0,63,179
09/13/2020,HND,NV,AWP,WE,Federal Contract Tower,0,0,1,0,1,0,4,0,0,4,0,4,1,0,5,0,0,0,5
09/14/2020,HND,NV,AWP,WE,Federal Contract Tower,0,0,26,0,26,0,6,69,0,75,0,6,95,0,101,20,0,20,121
09/15/2020,HND,NV,AWP,WE,Federal Contract Tower,0,10,17,3,30,0,10,82,0,92,0,20,99,3,122,50,0,50,172
09/16/2020,HND,NV,AWP,WE,Federal Contract Tower,0,4,24,0,28,0,12,105,0,117,0,16,129,0,145,84,0,84,229
09/17/2020,HND,NV,AWP,WE,Federal Contract Tower,0,13,30,0,43,0,18,85,0,103,0,31,115,0,146,62,0,62,208
09/18/2020,HND,NV,AWP,WE,Federal Contract Tower,0,13,19,0,32,0,19,70,0,89,0,32,89,0,121,42,0,42,163
09/19/2020,HND,NV,AWP,WE,Federal Contract Tower,0,2,21,0,23,0,12,65,0,77,0,14,86,0,100,16,0,16,116
09/20/2020,HND,NV,AWP,WE,Federal Contract Tower,0,4,21,0,25,0,8,78,0,86,0,12,99,0,111,90,0,90,201
09/21/2020,HND,NV,AWP,WE,Federal Contract Tower,0,5,24,0,29,0,8,79,0,87,0,13,103,0,116,50,0,50,166
09/22/2020,HND,NV,AWP,WE,Federal Contract Tower,0,7,20,0,27,0,10,104,0,114,0,17,124,0,141,64,0,64,205
09/23/2020,HND,NV,AWP,WE,Federal Contract Tower,0,6,25,0,31,0,13,69,3,85,0,19,94,3,116,24,0,24,140
09/24/2020,HND,NV,AWP,WE,Federal Contract Tower,0,12,27,0,39,0,5,104,0,109,0,17,131,0,148,24,0,24,172
09/25/2020,HND,NV,AWP,WE,Federal Contract Tower,0,7,29,0,36,0,9,81,0,90,0,16,110,0,126,20,0,20,146
09/26/2020,HND,NV,AWP,WE,Federal Contract Tower,0,2,11,0,13,0,24,97,3,124,0,26,108,3,137,80,0,80,217
09/27/2020,HND,NV,AWP,WE,Federal Contract Tower,0,4,24,0,28,0,3,95,0,98,0,7,119,0,126,114,0,114,240
09/28/2020,HND,NV,AWP,WE,Federal Contract Tower,0,6,33,0,39,0,13,71,6,90,0,19,104,6,129,6,0,6,135
09/29/2020,HND,NV,AWP,WE,Federal Contract Tower,0,10,28,0,38,0,4,93,7,104,0,14,121,7,142,126,0,126,268
09/30/2020,HND,NV,AWP,WE,Federal Contract Tower,0,3,28,0,31,0,22,99,2,123,0,25,127,2,154,88,0,88,242
10/01/2020,HND,NV,AWP,WE,Federal Contract Tower,0,15,25,0,40,0,23,202,2,227,0,38,227,2,267,54,0,54,321
10/02/2020,HND,NV,AWP,WE,Federal Contract Tower,0,12,38,0,50,0,17,90,0,107,0,29,128,0,157,72,0,72,229
10/03/2020,HND,NV,AWP,WE,Federal Contract Tower,0,1,23,0,24,0,28,92,0,120,0,29,115,0,144,28,0,28,172
10/04/2020,HND,NV,AWP,WE,Federal Contract Tower,0,14,42,0,56,0,24,75,0,99,0,38,117,0,155,16,0,16,171
10/05/2020,HND,NV,AWP,WE,Federal Contract Tower,0,18,36,0,54,0,22,92,0,114,0,40,128,0,168,32,0,32,200
10/06/2020,HND,NV,AWP,WE,Federal Contract Tower,0,8,16,0,24,0,0,91,2,93,0,8,107,2,117,38,0,38,155
10/07/2020,HND,NV,AWP,WE,Federal Contract Tower,0,5,24,0,29,0,10,221,3,234,0,15,245,3,263,54,0,54,317
10/08/2020,HND,NV,AWP,WE,Federal Contract Tower,0,5,35,0,40,0,13,93,0,106,0,18,128,0,146,88,0,88,234
10/09/2020,HND,NV,AWP,WE,Federal Contract Tower,0,10,45,0,55,0,8,119,1,128,0,18,164,1,183,92,0,92,275
10/10/2020,HND,NV,AWP,WE,Federal Contract Tower,0,8,26,0,34,0,17,110,0,127,0,25,136,0,161,58,0,58,219
10/11/2020,HND,NV,AWP,WE,Federal Contract Tower,0,10,43,0,53,0,18,115,0,133,0,28,158,0,186,110,0,110,296
10/12/2020,HND,NV,AWP,WE,Federal Contract Tower,0,4,27,0,31,0,7,91,0,98,0,11,118,0,129,64,0,64,193
10/13/2020,HND,NV,AWP,WE,Federal Contract Tower,0,3,28,2,33,0,7,101,4,112,0,10,129,6,145,78,0,78,223
10/14/2020,HND,NV,AWP,WE,Federal Contract Tower,0,13,20,0,33,0,7,96,0,103,0,20,116,0,136,64,0,64,200
10/15/2020,HND,NV,AWP,WE,Federal Contract Tower,0,11,38,0,49,0,4,79,3,86,0,15,117,3,135,76,0,76,211
10/16/2020,HND,NV,AWP,WE,Federal Contract Tower,0,10,33,0,43,0,13,94,2,109,0,23,127,2,152,47,5,52,204
10/17/2020,HND,NV,AWP,WE,Federal Contract Tower,0,7,26,0,33,0,21,89,0,110,0,28,115,0,143,14,0,14,157
10/18/2020,HND,NV,AWP,WE,Federal Contract Tower,0,9,33,0,42,0,8,48,0,56,0,17,81,0,98,20,0,20,118
10/19/2020,HND,NV,AWP,WE,Federal Contract Tower,0,9,36,0,45,0,9,56,0,65,0,18,92,0,110,30,0,30,140
10/20/2020,HND,NV,AWP,WE,Federal Contract Tower,0,4,29,0,33,0,5,124,2,131,0,9,153,2,164,90,0,90,254
10/21/2020,HND,NV,AWP,WE,Federal Contract Tower,0,8,33,0,41,0,11,91,0,102,0,19,124,0,143,76,0,76,219
10/22/2020,HND,NV,AWP,WE,Federal Contract Tower,0,12,34,0,46,0,23,102,1,126,0,35,136,1,172,78,0,78,250
10/23/2020,HND,NV,AWP,WE,Federal Contract Tower,0,7,38,0,45,0,16,129,1,146,0,23,167,1,191,15,0,15,206
10/24/2020,HND,NV,AWP,WE,Federal Contract Tower,0,7,28,0,35,0,10,94,1,105,0,17,122,1,140,92,0,92,232
10/25/2020,HND,NV,AWP,WE,Federal Contract Tower,0,13,36,0,49,0,11,35,0,46,0,24,71,0,95,0,0,0,95
10/26/2020,HND,NV,AWP,WE,Federal Contract Tower,0,10,18,0,28,0,10,29,7,46,0,20,47,7,74,0,0,0,74
10/27/2020,HND,NV,AWP,WE,Federal Contract Tower,0,9,36,1,46,0,12,88,6,106,0,21,124,7,152,48,0,48,200
10/28/2020,HND,NV,AWP,WE,Federal Contract Tower,0,12,18,0,30,0,8,34,2,44,0,20,52,2,74,24,0,24,98
10/29/2020,HND,NV,AWP,WE,Federal Contract Tower,0,7,36,0,43,0,12,114,0,126,0,19,150,0,169,58,0,58,227
10/30/2020,HND,NV,AWP,WE,Federal Contract Tower,0,8,41,0,49,0,7,119,1,127,0,15,160,1,176,66,0,66,242
10/31/2020,HND,NV,AWP,WE,Federal Contract Tower,0,14,0,0,14,0,20,125,0,145,0,34,125,0,159,92,0,92,251
11/01/2020,HND,NV,AWP,WE,Federal Contract Tower,0,0,31,0,31,0,7,96,1,104,0,7,127,1,135,104,0,104,239
11/02/2020,HND,NV,AWP,WE,Federal Contract Tower,0,5,28,0,33,0,8,81,0,89,0,13,109,0,122,62,0,62,184
11/03/2020,HND,NV,AWP,WE,Federal Contract Tower,0,7,22,0,29,0,16,85,4,105,0,23,107,4,134,48,0,48,182
11/04/2020,HND,NV,AWP,WE,Federal Contract Tower,0,8,29,0,37,0,10,96,1,107,0,18,125,1,144,120,0,120,264
11/05/2020,HND,NV,AWP,WE,Federal Contract Tower,0,8,32,0,40,0,14,115,0,129,0,22,147,0,169,130,0,130,299
11/06/2020,HND,NV,AWP,WE,Federal Contract Tower,0,16,32,0,48,0,29,65,3,97,0,45,97,3,145,44,0,44,189
11/07/2020,HND,NV,AWP,WE,Federal Contract Tower,0,8,16,0,24,0,10,15,2,27,0,18,31,2,51,18,0,18,69
11/08/2020,HND,NV,AWP,WE,Federal Contract Tower,0,12,29,0,41,0,4,10,0,14,0,16,39,0,55,0,0,0,55
11/09/2020,HND,NV,AWP,WE,Federal Contract Tower,0,9,42,0,51,0,19,107,4,130,0,28,149,4,181,46,0,46,227
11/10/2020,HND,NV,AWP,WE,Federal Contract Tower,0,10,22,0,32,0,6,94,5,105,0,16,116,5,137,66,0,66,203
11/11/2020,HND,NV,AWP,WE,Federal Contract Tower,0,3,33,0,36,0,8,99,8,115,0,11,132,8,151,68,0,68,219
11/12/2020,HND,NV,AWP,WE,Federal Contract Tower,0,6,42,0,48,0,21,96,0,117,0,27,138,0,165,52,0,52,217
11/13/2020,HND,NV,AWP,WE,Federal Contract Tower,0,6,26,1,33,0,16,88,2,106,0,22,114,3,139,24,0,24,163
11/14/2020,HND,NV,AWP,WE,Federal Contract Tower,0,6,21,0,27,0,20,123,1,144,0,26,144,1,171,54,0,54,225
11/15/2020,HND,NV,AWP,WE,Federal Contract Tower,0,10,32,1,43,0,13,114,2,129,0,23,146,3,172,28,0,28,200
11/16/2020,HND,NV,AWP,WE,Federal Contract Tower,0,12,42,0,54,0,10,103,5,118,0,22,145,5,172,46,0,46,218
11/17/2020,HND,NV,AWP,WE,Federal Contract Tower,0,7,17,0,24,0,19,102,5,126,0,26,119,5,150,32,0,32,182
11/18/2020,HND,NV,AWP,WE,Federal Contract Tower,0,5,21,0,26,0,9,53,4,66,0,14,74,4,92,4,0,4,96
11/19/2020,HND,NV,AWP,WE,Federal Contract Tower,0,14,34,0,48,0,19,102,2,123,0,33,136,2,171,50,0,50,221
11/20/2020,HND,NV,AWP,WE,Federal Contract Tower,0,9,35,0,44,0,16,123,2,141,0,25,158,2,185,98,0,98,283
11/21/2020,HND,NV,AWP,WE,Federal Contract Tower,0,5,26,0,31,0,12,111,2,125,0,17,137,2,156,42,0,42,198
11/22/2020,HND,NV,AWP,WE,Federal Contract Tower,0,7,34,0,41,0,8,111,1,120,0,15,145,1,161,48,0,48,209
11/23/2020,HND,NV,AWP,WE,Federal Contract Tower,0,19,33,0,52,0,12,72,1,85,0,31,105,1,137,60,0,60,197
11/24/2020,HND,NV,AWP,WE,Federal Contract Tower,0,5,16,0,21,0,6,81,0,87,0,11,97,0,108,34,0,34,142
11/25/2020,HND,NV,AWP,WE,Federal Contract Tower,0,10,38,0,48,0,10,143,0,153,0,20,181,0,201,80,0,80,281
11/26/2020,HND,NV,AWP,WE,Federal Contract Tower,0,0,5,0,5,0,5,15,0,20,0,5,20,0,25,14,0,14,39
11/27/2020,HND,NV,AWP,WE,Federal Contract Tower,0,6,26,0,32,0,14,67,0,81,0,20,93,0,113,24,0,24,137
11/28/2020,HND,NV,AWP,WE,Federal Contract Tower,0,3,15,0,18,0,13,104,0,117,0,16,119,0,135,88,0,88,223
11/29/2020,HND,NV,AWP,WE,Federal Contract Tower,0,6,31,0,37,0,7,114,0,121,0,13,145,0,158,74,0,74,232
11/30/2020,HND,NV,AWP,WE,Federal Contract Tower,0,6,37,0,43,0,7,77,0,84,0,13,114,0,127,38,0,38,165
12/01/2020,HND,NV,AWP,WE,Federal Contract Tower,0,11,12,0,23,0,12,62,0,74,0,23,74,0,97,90,0,90,187
12/02/2020,HND,NV,AWP,WE,Federal Contract Tower,0,6,24,0,30,0,3,66,2,71,0,9,90,2,101,38,0,38,139
12/03/2020,HND,NV,AWP,WE,Federal Contract Tower,0,8,35,0,43,0,7,98,0,105,0,15,133,0,148,102,0,102,250
12/04/2020,HND,NV,AWP,WE,Federal Contract Tower,0,5,35,0,40,0,9,108,0,117,0,14,143,0,157,106,0,106,263
12/05/2020,HND,NV,AWP,WE,Federal Contract Tower,0,3,17,0,20,0,12,140,0,152,0,15,157,0,172,47,0,47,219
12/06/2020,HND,NV,AWP,WE,Federal Contract Tower,0,6,27,0,33,0,4,116,2,122,0,10,143,2,155,52,0,52,207
12/07/2020,HND,NV,AWP,WE,Federal Contract Tower,0,4,25,0,29,0,6,74,1,81,0,10,99,1,110,82,0,82,192
12/08/2020,HND,NV,AWP,WE,Federal Contract Tower,0,7,19,0,26,0,6,93,0,99,0,13,112,0,125,62,0,62,187
12/09/2020,HND,NV,AWP,WE,Federal Contract Tower,0,8,33,0,41,0,8,96,0,104,0,16,129,0,145,58,0,58,203
12/10/2020,HND,NV,AWP,WE,Federal Contract Tower,0,15,36,0,51,0,7,111,0,118,0,22,147,0,169,88,0,88,257
12/11/2020,HND,NV,AWP,WE,Federal Contract Tower,0,13,28,0,41,0,8,101,2,111,0,21,129,2,152,72,0,72,224
12/12/2020,HND,NV,AWP,WE,Federal Contract Tower,0,4,19,0,23,0,12,77,1,90,0,16,96,1,113,26,0,26,139
12/13/2020,HND,NV,AWP,WE,Federal Contract Tower,0,4,38,0,42,0,16,118,0,134,0,20,156,0,176,94,0,94,270
12/14/2020,HND,NV,AWP,WE,Federal Contract Tower,0,4,18,0,22,0,15,115,0,130,0,19,133,0,152,28,0,28,180
12/15/2020,HND,NV,AWP,WE,Federal Contract Tower,0,4,22,0,26,0,18,94,0,112,0,22,116,0,138,84,0,84,222
12/16/2020,HND,NV,AWP,WE,Federal Contract Tower,0,10,31,0,41,0,12,89,0,101,0,22,120,0,142,104,0,104,246
12/17/2020,HND,NV,AWP,WE,Federal Contract Tower,0,5,22,0,27,0,8,59,0,67,0,13,81,0,94,46,0,46,140
12/18/2020,HND,NV,AWP,WE,Federal Contract Tower,0,10,30,0,40,0,9,90,0,99,0,19,120,0,139,46,0,46,185
12/19/2020,HND,NV,AWP,WE,Federal Contract Tower,0,9,16,0,25,0,9,115,0,124,0,18,131,0,149,52,0,52,201
12/20/2020,HND,NV,AWP,WE,Federal Contract Tower,0,3,20,0,23,0,7,138,0,145,0,10,158,0,168,50,0,50,218
12/21/2020,HND,NV,AWP,WE,Federal Contract Tower,0,9,29,0,38,0,15,97,0,112,0,24,126,0,150,68,0,68,218
12/22/2020,HND,NV,AWP,WE,Federal Contract Tower,0,12,33,0,45,0,13,105,0,118,0,25,138,0,163,94,0,94,257
12/23/2020,HND,NV,AWP,WE,Federal Contract Tower,0,4,25,0,29,0,12,26,0,38,0,16,51,0,67,0,0,0,67
12/24/2020,HND,NV,AWP,WE,Federal Contract Tower,0,4,12,0,16,0,4,101,0,105,0,8,113,0,121,24,0,24,145
12/25/2020,HND,NV,AWP,WE,Federal Contract Tower,0,1,4,0,5,0,7,30,0,37,0,8,34,0,42,0,0,0,42
12/26/2020,HND,NV,AWP,WE,Federal Contract Tower,0,7,28,0,35,0,11,82,0,93,0,18,110,0,128,67,0,67,195
12/27/2020,HND,NV,AWP,WE,Federal Contract Tower,0,2,32,0,34,0,28,80,0,108,0,30,112,0,142,36,0,36,178
12/28/2020,HND,NV,AWP,WE,Federal Contract Tower,0,3,19,0,22,0,7,13,0,20,0,10,32,0,42,30,0,30,72
12/29/2020,HND,NV,AWP,WE,Federal Contract Tower,0,3,31,0,34,0,32,71,1,104,0,35,102,1,138,64,0,64,202
12/30/2020,HND,NV,AWP,WE,Federal Contract Tower,0,9,20,0,29,0,15,111,0,126,0,24,131,0,155,93,0,93,248
12/31/2020,HND,NV,AWP,WE,Federal Contract Tower,0,6,50,0,56,0,53,105,0,158,0,59,155,0,214,4,0,4,218
01/01/2021,HND,NV,AWP,WE,Federal Contract Tower,0,4,11,0,15,0,11,58,0,69,0,15,69,0,84,20,0,20,104
01/02/2021,HND,NV,AWP,WE,Federal Contract Tower,0,6,18,0,24,0,28,94,2,124,0,34,112,2,148,62,0,62,210
01/03/2021,HND,NV,AWP,WE,Federal Contract Tower,0,9,23,0,32,0,9,77,0,86,0,18,100,0,118,30,0,30,148
01/04/2021,HND,NV,AWP,WE,Federal Contract Tower,0,3,30,0,33,0,6,68,0,74,0,9,98,0,107,54,0,54,161
01/05/2021,HND,NV,AWP,WE,Federal Contract Tower,0,6,20,1,27,0,12,80,0,92,0,18,100,1,119,48,0,48,167
01/06/2021,HND,NV,AWP,WE,Federal Contract Tower,0,3,14,0,17,0,6,130,0,136,0,9,144,0,153,82,0,82,235
01/07/2021,HND,NV,AWP,WE,Federal Contract Tower,0,5,31,0,36,0,7,89,1,97,0,12,120,1,133,62,0,62,195
01/08/2021,HND,NV,AWP,WE,Federal Contract Tower,0,3,27,0,30,0,21,150,1,172,0,24,177,1,202,30,0,30,232
01/09/2021,HND,NV,AWP,WE,Federal Contract Tower,0,5,17,0,22,0,15,67,0,82,0,20,84,0,104,42,0,42,146
01/10/2021,HND,NV,AWP,WE,Federal Contract Tower,0,13,25,0,38,0,9,143,0,152,0,22,168,0,190,108,0,108,298
01/11/2021,HND,NV,AWP,WE,Federal Contract Tower,0,2,28,0,30,0,7,48,3,58,0,9,76,3,88,92,0,92,180
01/12/2021,HND,NV,AWP,WE,Federal Contract Tower,0,5,21,0,26,0,2,135,1,138,0,7,156,1,164,80,0,80,244
01/13/2021,HND,NV,AWP,WE,Federal Contract Tower,0,6,29,0,35,0,17,118,0,135,0,23,147,0,170,34,0,34,204
01/14/2021,HND,NV,AWP,WE,Federal Contract Tower,0,7,25,0,32,0,13,110,0,123,0,20,135,0,155,46,0,46,201
01/15/2021,HND,NV,AWP,WE,Federal Contract Tower,0,8,36,0,44,0,15,144,0,159,0,23,180,0,203,94,0,94,297
01/16/2021,HND,NV,AWP,WE,Federal Contract Tower,0,6,24,0,30,0,13,138,0,151,0,19,162,0,181,50,0,50,231
01/17/2021,HND,NV,AWP,WE,Federal Contract Tower,0,7,19,0,26,0,11,121,0,132,0,18,140,0,158,44,0,44,202
01/18/2021,HND,NV,AWP,WE,Federal Contract Tower,0,5,22,0,27,0,11,86,0,97,0,16,108,0,124,58,0,58,182
01/19/2021,HND,NV,AWP,WE,Federal Contract Tower,0,0,22,0,22,0,16,24,0,40,0,16,46,0,62,24,0,24,86
01/20/2021,HND,NV,AWP,WE,Federal Contract Tower,0,8,17,0,25,0,10,87,0,97,0,18,104,0,122,90,0,90,212
01/21/2021,HND,NV,AWP,WE,Federal Contract Tower,0,5,29,0,34,0,11,151,0,162,0,16,180,0,196,28,0,28,224
01/22/2021,HND,NV,AWP,WE,Federal Contract Tower,0,11,30,0,41,0,24,53,0,77,0,35,83,0,118,10,0,10,128
01/23/2021,HND,NV,AWP,WE,Federal Contract Tower,0,6,21,0,27,0,16,63,0,79,0,22,84,0,106,36,0,36,142
01/24/2021,HND,NV,AWP,WE,Federal Contract Tower,0,12,28,0,40,0,6,93,0,99,0,18,121,0,139,50,0,50,189
01/25/2021,HND,NV,AWP,WE,Federal Contract Tower,0,4,15,0,19,0,2,2,0,4,0,6,17,0,23,22,0,22,45
01/26/2021,HND,NV,AWP,WE,Federal Contract Tower,0,6,19,0,25,0,7,31,4,42,0,13,50,4,67,52,0,52,119
01/27/2021,HND,NV,AWP,WE,Federal Contract Tower,0,11,30,0,41,0,10,61,1,72,0,21,91,1,113,66,0,66,179
01/28/2021,HND,NV,AWP,WE,Federal Contract Tower,0,9,25,0,34,0,20,63,0,83,0,29,88,0,117,18,0,18,135
01/29/2021,HND,NV,AWP,WE,Federal Contract Tower,0,7,20,0,27,0,15,22,1,38,0,22,42,1,65,12,0,12,77
01/30/2021,HND,NV,AWP,WE,Federal Contract Tower,0,5,24,0,29,0,19,149,1,169,0,24,173,1,198,44,0,44,242
01/31/2021,HND,NV,AWP,WE,Federal Contract Tower,0,4,21,0,25,0,6,145,0,151,0,10,166,0,176,66,0,66,242
02/01/2021,HND,NV,AWP,WE,Federal Contract Tower,0,8,27,0,35,0,13,49,0,62,0,21,76,0,97,26,0,26,123
02/02/2021,HND,NV,AWP,WE,Federal Contract Tower,0,6,23,0,29,0,15,104,0,119,0,21,127,0,148,80,0,80,228
02/03/2021,HND,NV,AWP,WE,Federal Contract Tower,0,4,22,1,27,0,7,41,0,48,0,11,63,1,75,16,0,16,91
02/04/2021,HND,NV,AWP,WE,Federal Contract Tower,0,16,37,0,53,0,15,79,0,94,0,31,116,0,147,90,0,90,237
02/05/2021,HND,NV,AWP,WE,Federal Contract Tower,0,12,45,2,59,0,4,140,0,144,0,16,185,2,203,64,0,64,267
02/06/2021,HND,NV,AWP,WE,Federal Contract Tower,0,6,34,0,40,0,31,110,0,141,0,37,144,0,181,52,0,52,233
02/07/2021,HND,NV,AWP,WE,Federal Contract Tower,0,6,20,0,26,0,3,120,0,123,0,9,140,0,149,36,0,36,185
02/08/2021,HND,NV,AWP,WE,Federal Contract Tower,0,10,49,1,60,0,11,102,0,113,0,21,151,1,173,40,0,40,213
02/09/2021,HND,NV,AWP,WE,Federal Contract Tower,0,7,35,0,42,0,23,71,2,96,0,30,106,2,138,26,0,26,164
02/10/2021,HND,NV,AWP,WE,Federal Contract Tower,0,5,40,1,46,0,9,88,0,97,0,14,128,1,143,86,0,86,229
02/11/2021,HND,NV,AWP,WE,Federal Contract Tower,0,9,39,0,48,0,11,121,0,132,0,20,160,0,180,58,0,58,238
02/12/2021,HND,NV,AWP,WE,Federal Contract Tower,0,14,34,0,48,0,13,94,0,107,0,27,128,0,155,10,0,10,165
02/13/2021,HND,NV,AWP,WE,Federal Contract Tower,0,7,17,0,24,0,32,24,0,56,0,39,41,0,80,14,0,14,94
02/14/2021,HND,NV,AWP,WE,Federal Contract Tower,0,10,21,0,31,0,16,64,0,80,0,26,85,0,111,46,0,46,157
02/15/2021,HND,NV,AWP,WE,Federal Contract Tower,0,10,41,0,51,0,9,86,0,95,0,19,127,0,146,66,0,66,212
02/16/2021,HND,NV,AWP,WE,Federal Contract Tower,0,11,24,0,35,0,12,45,0,57,0,23,69,0,92,26,0,26,118
02/17/2021,HND,NV,AWP,WE,Federal Contract Tower,0,19,18,0,37,0,9,61,0,70,0,28,79,0,107,46,0,46,153
02/18/2021,HND,NV,AWP,WE,Federal Contract Tower,0,15,36,2,53,0,8,110,0,118,0,23,146,2,171,46,0,46,217
02/19/2021,HND,NV,AWP,WE,Federal Contract Tower,0,17,21,0,38,0,8,145,0,153,0,25,166,0,191,92,0,92,283
02/20/2021,HND,NV,AWP,WE,Federal Contract Tower,0,9,22,0,31,0,20,31,0,51,0,29,53,0,82,2,0,2,84
02/21/2021,HND,NV,AWP,WE,Federal Contract Tower,0,7,38,0,45,0,6,132,0,138,0,13,170,0,183,40,0,40,223
02/22/2021,HND,NV,AWP,WE,Federal Contract Tower,0,5,22,0,27,0,4,91,0,95,0,9,113,0,122,0,0,0,122
02/23/2021,HND,NV,AWP,WE,Federal Contract Tower,0,12,22,0,34,0,13,84,1,98,0,25,106,1,132,26,0,26,158
02/24/2021,HND,NV,AWP,WE,Federal Contract Tower,0,6,33,0,39,0,15,92,0,107,0,21,125,0,146,20,0,20,166
02/25/2021,HND,NV,AWP,WE,Federal Contract Tower,0,10,48,0,58,0,7,52,0,59,0,17,100,0,117,40,0,40,157
02/26/2021,HND,NV,AWP,WE,Federal Contract Tower,0,7,49,0,56,0,22,119,0,141,0,29,168,0,197,18,0,18,215
02/27/2021,HND,NV,AWP,WE,Federal Contract Tower,0,5,16,0,21,0,23,92,0,115,0,28,108,0,136,32,0,32,168
02/28/2021,HND,NV,AWP,WE,Federal Contract Tower,0,11,34,0,45,0,21,61,0,82,0,32,95,0,127,20,0,20,147
03/01/2021,HND,NV,AWP,WE,Federal Contract Tower,0,10,19,0,29,0,39,92,0,131,0,49,111,0,160,12,0,12,172
03/02/2021,HND,NV,AWP,WE,Federal Contract Tower,0,6,19,0,25,0,14,65,0,79,0,20,84,0,104,6,0,6,110
03/03/2021,HND,NV,AWP,WE,Federal Contract Tower,0,8,29,0,37,0,9,58,0,67,0,17,87,0,104,32,0,32,136
03/04/2021,HND,NV,AWP,WE,Federal Contract Tower,0,20,17,0,37,0,2,119,2,123,0,22,136,2,160,34,0,34,194
03/05/2021,HND,NV,AWP,WE,Federal Contract Tower,0,14,38,1,53,0,13,157,2,172,0,27,195,3,225,60,0,60,285
03/06/2021,HND,NV,AWP,WE,Federal Contract Tower,0,4,15,0,19,0,20,99,0,119,0,24,114,0,138,62,0,62,200
03/07/2021,HND,NV,AWP,WE,Federal Contract Tower,0,10,31,2,43,0,19,117,1,137,0,29,148,3,180,42,0,42,222
03/08/2021,HND,NV,AWP,WE,Federal Contract Tower,0,8,23,0,31,0,16,30,0,46,0,24,53,0,77,8,0,8,85
03/09/2021,HND,NV,AWP,WE,Federal Contract Tower,0,13,17,0,30,0,8,19,0,27,0,21,36,0,57,2,0,2,59
03/10/2021,HND,NV,AWP,WE,Federal Contract Tower,0,5,28,0,33,0,8,14,0,22,0,13,42,0,55,8,0,8,63
03/11/2021,HND,NV,AWP,WE,Federal Contract Tower,0,12,51,0,63,0,17,32,0,49,0,29,83,0,112,38,0,38,150
03/12/2021,HND,NV,AWP,WE,Federal Contract Tower,0,8,60,0,68,0,12,27,0,39,0,20,87,0,107,34,0,34,141
03/13/2021,HND,NV,AWP,WE,Federal Contract Tower,0,7,25,0,32,0,22,89,0,111,0,29,114,0,143,72,0,72,215
03/14/2021,HND,NV,AWP,WE,Federal Contract Tower,0,6,48,0,54,0,31,134,2,167,0,37,182,2,221,102,0,102,323
03/15/2021,HND,NV,AWP,WE,Federal Contract Tower,0,8,34,2,44,0,11,13,2,26,0,19,47,4,70,2,0,2,72
03/16/2021,HND,NV,AWP,WE,Federal Contract Tower,0,7,29,0,36,0,25,105,0,130,0,32,134,0,166,110,0,110,276
03/17/2021,HND,NV,AWP,WE,Federal Contract Tower,0,10,29,0,39,0,12,125,2,139,0,22,154,2,178,48,0,48,226
03/18/2021,HND,NV,AWP,WE,Federal Contract Tower,0,10,44,0,54,0,17,127,3,147,0,27,171,3,201,68,0,68,269
03/19/2021,HND,NV,AWP,WE,Federal Contract Tower,0,10,39,0,49,0,16,126,1,143,0,26,165,1,192,32,0,32,224
03/20/2021,HND,NV,AWP,WE,Federal Contract Tower,0,8,21,0,29,0,22,30,2,54,0,30,51,2,83,10,0,10,93
03/21/2021,HND,NV,AWP,WE,Federal Contract Tower,0,15,41,0,56,0,17,93,3,113,0,32,134,3,169,100,0,100,269
03/22/2021,HND,NV,AWP,WE,Federal Contract Tower,0,3,23,0,26,0,10,97,1,108,0,13,120,1,134,78,0,78,212
03/23/2021,HND,NV,AWP,WE,Federal Contract Tower,0,10,30,0,40,0,12,42,0,54,0,22,72,0,94,0,0,0,94
03/24/2021,HND,NV,AWP,WE,Federal Contract Tower,0,6,36,0,42,0,8,69,0,77,0,14,105,0,119,94,0,94,213
03/25/2021,HND,NV,AWP,WE,Federal Contract Tower,0,14,36,0,50,0,19,43,0,62,0,33,79,0,112,10,0,10,122
03/26/2021,HND,NV,AWP,WE,Federal Contract Tower,0,16,36,0,52,0,11,92,2,105,0,27,128,2,157,69,0,69,226
03/27/2021,HND,NV,AWP,WE,Federal Contract Tower,0,14,32,0,46,0,10,154,0,164,0,24,186,0,210,140,0,140,350
03/28/2021,HND,NV,AWP,WE,Federal Contract Tower,0,7,48,0,55,0,15,136,0,151,0,22,184,0,206,104,0,104,310
03/29/2021,HND,NV,AWP,WE,Federal Contract Tower,0,18,34,0,52,0,27,74,3,104,0,45,108,3,156,0,22,22,178
03/30/2021,HND,NV,AWP,WE,Federal Contract Tower,0,12,29,0,41,0,35,58,1,94,0,47,87,1,135,12,0,12,147
03/31/2021,HND,NV,AWP,WE,Federal Contract Tower,0,16,21,0,37,0,13,97,0,110,0,29,118,0,147,20,0,20,167
04/01/2021,HND,NV,AWP,WE,Federal Contract Tower,0,17,33,0,50,0,11,113,2,126,0,28,146,2,176,36,0,36,212
04/02/2021,HND,NV,AWP,WE,Federal Contract Tower,0,13,32,0,45,0,21,121,1,143,0,34,153,1,188,44,0,44,232
04/03/2021,HND,NV,AWP,WE,Federal Contract Tower,0,7,21,0,28,0,20,105,2,127,0,27,126,2,155,24,0,24,179
04/04/2021,HND,NV,AWP,WE,Federal Contract Tower,0,2,25,0,27,0,26,93,0,119,0,28,118,0,146,48,0,48,194
04/05/2021,HND,NV,AWP,WE,Federal Contract Tower,0,4,23,0,27,0,19,24,0,43,0,23,47,0,70,0,0,0,70
04/06/2021,HND,NV,AWP,WE,Federal Contract Tower,0,8,16,0,24,0,12,88,0,100,0,20,104,0,124,40,0,40,164
04/07/2021,HND,NV,AWP,WE,Federal Contract Tower,0,14,24,0,38,0,22,117,0,139,0,36,141,0,177,24,0,24,201
04/08/2021,HND,NV,AWP,WE,Federal Contract Tower,0,13,36,0,49,0,8,112,0,120,0,21,148,0,169,78,0,78,247
04/09/2021,HND,NV,AWP,WE,Federal Contract Tower,0,19,45,0,64,0,30,144,0,174,0,49,189,0,238,84,0,84,322
04/10/2021,HND,NV,AWP,WE,Federal Contract Tower,0,4,19,0,23,0,19,146,0,165,0,23,165,0,188,146,0,146,334
04/11/2021,HND,NV,AWP,WE,Federal Contract Tower,0,18,44,0,62,0,23,151,0,174,0,41,195,0,236,126,0,126,362
04/12/2021,HND,NV,AWP,WE,Federal Contract Tower,0,17,32,0,49,0,14,93,4,111,0,31,125,4,160,48,0,48,208
04/13/2021,HND,NV,AWP,WE,Federal Contract Tower,0,12,33,0,45,0,5,43,0,48,0,17,76,0,93,4,0,4,97
04/14/2021,HND,NV,AWP,WE,Federal Contract Tower,0,6,31,0,37,0,20,63,5,88,0,26,94,5,125,36,0,36,161
04/15/2021,HND,NV,AWP,WE,Federal Contract Tower,0,8,42,0,50,0,31,139,0,170,0,39,181,0,220,110,0,110,330
04/16/2021,HND,NV,AWP,WE,Federal Contract Tower,0,14,36,2,52,0,16,126,0,142,0,30,162,2,194,84,0,84,278
04/17/2021,HND,NV,AWP,WE,Federal Contract Tower,0,4,34,0,38,0,20,108,0,128,0,24,142,0,166,62,0,62,228
04/18/2021,HND,NV,AWP,WE,Federal Contract Tower,0,3,54,0,57,0,17,76,1,94,0,20,130,1,151,26,0,26,177
04/19/2021,HND,NV,AWP,WE,Federal Contract Tower,0,8,26,0,34,0,19,123,0,142,0,27,149,0,176,82,0,82,258
04/20/2021,HND,NV,AWP,WE,Federal Contract Tower,0,6,34,0,40,0,21,123,0,144,0,27,157,0,184,146,0,146,330
04/21/2021,HND,NV,AWP,WE,Federal Contract Tower,0,6,36,0,42,0,18,56,2,76,0,24,92,2,118,28,0,28,146
04/22/2021,HND,NV,AWP,WE,Federal Contract Tower,0,9,53,0,62,0,12,134,0,146,0,21,187,0,208,80,0,80,288
04/23/2021,HND,NV,AWP,WE,Federal Contract Tower,0,5,35,0,40,0,14,113,2,129,0,19,148,2,169,48,0,48,217
04/24/2021,HND,NV,AWP,WE,Federal Contract Tower,0,7,24,0,31,0,21,41,0,62,0,28,65,0,93,28,0,28,121
04/25/2021,HND,NV,AWP,WE,Federal Contract Tower,0,5,45,0,50,0,20,33,0,53,0,25,78,0,103,0,0,0,103
04/26/2021,HND,NV,AWP,WE,Federal Contract Tower,0,5,26,0,31,0,13,21,1,35,0,18,47,1,66,4,0,4,70
04/27/2021,HND,NV,AWP,WE,Federal Contract Tower,0,10,34,0,44,0,26,137,0,163,0,36,171,0,207,138,0,138,345
04/28/2021,HND,NV,AWP,WE,Federal Contract Tower,0,10,29,0,39,0,33,85,0,118,0,43,114,0,157,50,0,50,207
04/29/2021,HND,NV,AWP,WE,Federal Contract Tower,0,14,42,0,56,0,29,148,0,177,0,43,190,0,233,82,0,82,315
04/30/2021,HND,NV,AWP,WE,Federal Contract Tower,0,13,36,0,49,0,15,138,0,153,0,28,174,0,202,150,0,150,352
05/01/2021,HND,NV,AWP,WE,Federal Contract Tower,0,10,25,0,35,0,26,49,0,75,0,36,74,0,110,6,0,6,116
05/02/2021,HND,NV,AWP,WE,Federal Contract Tower,0,18,61,0,79,0,38,108,0,146,0,56,169,0,225,58,0,58,283
05/03/2021,HND,NV,AWP,WE,Federal Contract Tower,0,8,43,0,51,0,20,64,0,84,0,28,107,0,135,30,0,30,165
05/04/2021,HND,NV,AWP,WE,Federal Contract Tower,0,12,19,0,31,0,20,124,2,146,0,32,143,2,177,88,0,88,265
05/05/2021,HND,NV,AWP,WE,Federal Contract Tower,0,5,36,0,41,0,27,152,0,179,0,32,188,0,220,110,0,110,330
05/06/2021,HND,NV,AWP,WE,Federal Contract Tower,0,14,49,0,63,0,34,105,0,139,0,48,154,0,202,46,0,46,248
05/07/2021,HND,NV,AWP,WE,Federal Contract Tower,0,16,27,0,43,0,17,79,0,96,0,33,106,0,139,20,0,20,159
05/08/2021,HND,NV,AWP,WE,Federal Contract Tower,0,5,19,0,24,0,24,120,0,144,0,29,139,0,168,54,0,54,222
05/09/2021,HND,NV,AWP,WE,Federal Contract Tower,0,9,34,0,43,0,18,123,0,141,0,27,157,0,184,68,0,68,252
05/10/2021,HND,NV,AWP,WE,Federal Contract Tower,0,15,34,0,49,0,19,97,0,116,0,34,131,0,165,118,0,118,283
05/11/2021,HND,NV,AWP,WE,Federal Contract Tower,0,14,24,0,38,0,23,129,0,152,0,37,153,0,190,70,0,70,260
05/12/2021,HND,NV,AWP,WE,Federal Contract Tower,0,16,33,0,49,0,7,138,1,146,0,23,171,1,195,106,0,106,301
05/13/2021,HND,NV,AWP,WE,Federal Contract Tower,0,14,46,0,60,0,13,105,0,118,0,27,151,0,178,74,0,74,252
05/14/2021,HND,NV,AWP,WE,Federal Contract Tower,0,24,41,0,65,0,24,134,0,158,0,48,175,0,223,74,0,74,297
05/15/2021,HND,NV,AWP,WE,Federal Contract Tower,0,8,22,0,30,0,20,57,0,77,0,28,79,0,107,18,0,18,125
05/16/2021,HND,NV,AWP,WE,Federal Contract Tower,0,17,47,0,64,0,20,82,1,103,0,37,129,1,167,38,0,38,205
05/17/2021,HND,NV,AWP,WE,Federal Contract Tower,0,10,44,0,54,0,27,128,1,156,0,37,172,1,210,34,0,34,244
05/18/2021,HND,NV,AWP,WE,Federal Contract Tower,0,7,37,0,44,0,27,133,1,161,0,34,170,1,205,94,0,94,299
05/19/2021,HND,NV,AWP,WE,Federal Contract Tower,0,11,26,0,37,0,17,52,0,69,0,28,78,0,106,50,0,50,156
05/20/2021,HND,NV,AWP,WE,Federal Contract Tower,0,20,44,0,64,0,15,26,0,41,0,35,70,0,105,2,0,2,107
05/21/2021,HND,NV,AWP,WE,Federal Contract Tower,0,7,39,0,46,0,19,27,0,46,0,26,66,0,92,8,0,8,100
05/22/2021,HND,NV,AWP,WE,Federal Contract Tower,0,10,26,0,36,0,19,125,0,144,0,29,151,0,180,124,0,124,304
05/23/2021,HND,NV,AWP,WE,Federal Contract Tower,0,17,39,0,56,0,16,144,0,160,0,33,183,0,216,62,0,62,278
05/24/2021,HND,NV,AWP,WE,Federal Contract Tower,0,18,34,0,52,0,15,111,0,126,0,33,145,0,178,72,0,72,250
05/25/2021,HND,NV,AWP,WE,Federal Contract Tower,0,10,30,0,40,0,29,89,0,118,0,39,119,0,158,48,0,48,206
05/26/2021,HND,NV,AWP,WE,Federal Contract Tower,0,14,30,0,44,0,24,99,0,123,0,38,129,0,167,72,0,72,239
05/27/2021,HND,NV,AWP,WE,Federal Contract Tower,0,6,38,0,44,0,19,170,0,189,0,25,208,0,233,74,0,74,307
05/28/2021,HND,NV,AWP,WE,Federal Contract Tower,0,13,44,0,57,0,19,138,0,157,0,32,182,0,214,48,0,48,262
05/29/2021,HND,NV,AWP,WE,Federal Contract Tower,0,5,21,1,27,0,20,128,0,148,0,25,149,1,175,66,0,66,241
05/30/2021,HND,NV,AWP,WE,Federal Contract Tower,0,15,22,0,37,0,19,115,0,134,0,34,137,0,171,68,0,68,239
05/31/2021,HND,NV,AWP,WE,Federal Contract Tower,0,13,30,0,43,0,26,98,0,124,0,39,128,0,167,58,0,58,225
06/01/2021,HND,NV,AWP,WE,Federal Contract Tower,0,9,29,0,38,0,20,76,1,97,0,29,105,1,135,20,0,20,155
06/02/2021,HND,NV,AWP,WE,Federal Contract Tower,0,8,21,0,29,0,14,114,0,128,0,22,135,0,157,110,0,110,267
06/03/2021,HND,NV,AWP,WE,Federal Contract Tower,0,16,29,0,45,0,15,118,1,134,0,31,147,1,179,40,0,40,219
06/04/2021,HND,NV,AWP,WE,Federal Contract Tower,0,15,36,0,51,0,19,109,0,128,0,34,145,0,179,84,0,84,263
06/05/2021,HND,NV,AWP,WE,Federal Contract Tower,0,8,19,0,27,0,31,96,0,127,0,39,115,0,154,32,0,32,186
06/06/2021,HND,NV,AWP,WE,Federal Contract Tower,0,10,33,0,43,0,20,137,0,157,0,30,170,0,200,22,0,22,222
06/07/2021,HND,NV,AWP,WE,Federal Contract Tower,0,20,46,1,67,0,18,65,0,83,0,38,111,1,150,86,0,86,236
06/08/2021,HND,NV,AWP,WE,Federal Contract Tower,0,11,33,0,44,0,9,56,1,66,0,20,89,1,110,22,0,22,132
06/09/2021,HND,NV,AWP,WE,Federal Contract Tower,0,19,11,0,30,0,27,94,1,122,0,46,105,1,152,30,0,30,182
06/10/2021,HND,NV,AWP,WE,Federal Contract Tower,0,18,60,0,78,0,21,103,1,125,0,39,163,1,203,104,0,104,307
06/11/2021,HND,NV,AWP,WE,Federal Contract Tower,0,11,42,0,53,0,19,168,0,187,0,30,210,0,240,58,0,58,298
06/12/2021,HND,NV,AWP,WE,Federal Contract Tower,0,3,28,0,31,0,33,146,0,179,0,36,174,0,210,100,0,100,310
06/13/2021,HND,NV,AWP,WE,Federal Contract Tower,0,8,44,0,52,0,31,119,2,152,0,39,163,2,204,70,0,70,274
06/14/2021,HND,NV,AWP,WE,Federal Contract Tower,0,7,34,0,41,0,30,73,0,103,0,37,107,0,144,60,0,60,204
06/15/2021,HND,NV,AWP,WE,Federal Contract Tower,0,4,32,0,36,0,19,99,0,118,0,23,131,0,154,16,0,16,170
06/16/2021,HND,NV,AWP,WE,Federal Contract Tower,0,4,33,0,37,0,11,86,0,97,0,15,119,0,134,26,0,26,160
06/17/2021,HND,NV,AWP,WE,Federal Contract Tower,0,9,31,0,40,0,16,64,0,80,0,25,95,0,120,18,0,18,138
06/18/2021,HND,NV,AWP,WE,Federal Contract Tower,0,2,39,0,41,0,22,107,0,129,0,24,146,0,170,36,0,36,206
06/19/2021,HND,NV,AWP,WE,Federal Contract Tower,0,5,33,0,38,0,17,88,0,105,0,22,121,0,143,36,0,36,179
06/20/2021,HND,NV,AWP,WE,Federal Contract Tower,0,5,20,0,25,0,18,108,2,128,0,23,128,2,153,56,0,56,209
06/21/2021,HND,NV,AWP,WE,Federal Contract Tower,0,3,31,0,34,0,21,70,0,91,0,24,101,0,125,52,0,52,177
06/22/2021,HND,NV,AWP,WE,Federal Contract Tower,0,4,37,0,41,0,18,65,1,84,0,22,102,1,125,6,0,6,131
06/23/2021,HND,NV,AWP,WE,Federal Contract Tower,0,6,39,0,45,0,24,95,0,119,0,30,134,0,164,100,0,100,264
06/24/2021,HND,NV,AWP,WE,Federal Contract Tower,0,9,44,0,53,0,13,121,3,137,0,22,165,3,190,42,0,42,232
06/25/2021,HND,NV,AWP,WE,Federal Contract Tower,0,8,54,0,62,0,28,121,2,151,0,36,175,2,213,72,0,72,285
06/26/2021,HND,NV,AWP,WE,Federal Contract Tower,0,4,27,0,31,0,6,108,0,114,0,10,135,0,145,78,0,78,223
06/27/2021,HND,NV,AWP,WE,Federal Contract Tower,0,12,33,0,45,0,15,81,0,96,0,27,114,0,141,26,0,26,167
06/28/2021,HND,NV,AWP,WE,Federal Contract Tower,0,9,37,0,46,0,24,72,0,96,0,33,109,0,142,24,0,24,166
06/29/2021,HND,NV,AWP,WE,Federal Contract Tower,0,11,30,0,41,0,17,86,0,103,0,28,116,0,144,32,0,32,176
06/30/2021,HND,NV,AWP,WE,Federal Contract Tower,0,11,29,0,40,0,31,114,0,145,0,42,143,0,185,132,0,132,317
07/01/2021,HND,NV,AWP,WE,Federal Contract Tower,0,10,34,0,44,0,18,107,0,125,0,28,141,0,169,42,0,42,211
07/02/2021,HND,NV,AWP,WE,Federal Contract Tower,0,6,28,0,34,0,25,123,0,148,0,31,151,0,182,66,0,66,248
07/03/2021,HND,NV,AWP,WE,Federal Contract Tower,0,0,12,0,12,0,18,69,0,87,0,18,81,0,99,50,0,50,149
07/04/2021,HND,NV,AWP,WE,Federal Contract Tower,0,5,11,0,16,0,19,60,0,79,0,24,71,0,95,60,0,60,155
07/05/2021,HND,NV,AWP,WE,Federal Contract Tower,0,4,41,0,45,0,15,96,0,111,0,19,137,0,156,60,0,60,216
07/06/2021,HND,NV,AWP,WE,Federal Contract Tower,0,16,40,0,56,0,17,78,0,95,0,33,118,0,151,20,0,20,171
07/07/2021,HND,NV,AWP,WE,Federal Contract Tower,0,13,28,0,41,0,42,94,0,136,0,55,122,0,177,62,0,62,239
07/08/2021,HND,NV,AWP,WE,Federal Contract Tower,0,14,35,0,49,0,19,102,0,121,0,33,137,0,170,36,0,36,206
07/09/2021,HND,NV,AWP,WE,Federal Contract Tower,0,32,87,0,119,0,41,147,0,188,0,73,234,0,307,54,0,54,361
07/10/2021,HND,NV,AWP,WE,Federal Contract Tower,0,16,34,0,50,0,37,82,0,119,0,53,116,0,169,54,0,54,223
07/11/2021,HND,NV,AWP,WE,Federal Contract Tower,0,38,80,0,118,0,27,83,0,110,0,65,163,0,228,48,0,48,276
07/12/2021,HND,NV,AWP,WE,Federal Contract Tower,0,4,37,0,41,0,20,82,0,102,0,24,119,0,143,48,0,48,191
07/13/2021,HND,NV,AWP,WE,Federal Contract Tower,0,6,22,0,28,0,16,83,0,99,0,22,105,0,127,48,0,48,175
07/14/2021,HND,NV,AWP,WE,Federal Contract Tower,0,13,35,0,48,0,8,113,0,121,0,21,148,0,169,58,0,58,227
07/15/2021,HND,NV,AWP,WE,Federal Contract Tower,0,3,50,0,53,0,18,89,0,107,0,21,139,0,160,34,0,34,194
07/16/2021,HND,NV,AWP,WE,Federal Contract Tower,0,5,28,0,33,0,15,116,0,131,0,20,144,0,164,50,0,50,214
07/17/2021,HND,NV,AWP,WE,Federal Contract Tower,0,0,15,0,15,0,21,106,0,127,0,21,121,0,142,6,0,6,148
07/18/2021,HND,NV,AWP,WE,Federal Contract Tower,0,8,50,0,58,0,12,69,0,81,0,20,119,0,139,12,0,12,151
07/19/2021,HND,NV,AWP,WE,Federal Contract Tower,0,11,26,0,37,0,23,89,0,112,0,34,115,0,149,74,0,74,223
07/20/2021,HND,NV,AWP,WE,Federal Contract Tower,0,11,27,0,38,0,18,101,0,119,0,29,128,0,157,38,0,38,195
07/21/2021,HND,NV,AWP,WE,Federal Contract Tower,0,11,35,0,46,0,19,76,0,95,0,30,111,0,141,42,0,42,183
07/22/2021,HND,NV,AWP,WE,Federal Contract Tower,0,13,40,0,53,0,20,84,1,105,0,33,124,1,158,18,0,18,176
07/23/2021,HND,NV,AWP,WE,Federal Contract Tower,0,9,45,0,54,0,13,100,1,114,0,22,145,1,168,42,0,42,210
07/24/2021,HND,NV,AWP,WE,Federal Contract Tower,0,3,27,0,30,0,10,69,0,79,0,13,96,0,109,46,0,46,155
07/25/2021,HND,NV,AWP,WE,Federal Contract Tower,0,10,44,0,54,0,20,104,0,124,0,30,148,0,178,24,0,24,202
07/26/2021,HND,NV,AWP,WE,Federal Contract Tower,0,12,30,0,42,0,5,40,0,45,0,17,70,0,87,50,0,50,137
07/27/2021,HND,NV,AWP,WE,Federal Contract Tower,0,7,32,0,39,0,35,84,0,119,0,42,116,0,158,28,0,28,186
07/28/2021,HND,NV,AWP,WE,Federal Contract Tower,0,12,25,4,41,0,19,115,0,134,0,31,140,4,175,88,0,88,263
07/29/2021,HND,NV,AWP,WE,Federal Contract Tower,0,7,45,0,52,0,5,77,0,82,0,12,122,0,134,52,0,52,186
07/30/2021,HND,NV,AWP,WE,Federal Contract Tower,0,9,32,0,41,0,18,127,0,145,0,27,159,0,186,48,0,48,234
07/31/2021,HND,NV,AWP,WE,Federal Contract Tower,0,7,18,0,25,0,29,100,0,129,0,36,118,0,154,50,0,50,204
08/01/2021,HND,NV,AWP,WE,Federal Contract Tower,0,9,28,0,37,0,22,91,0,113,0,31,119,0,150,74,0,74,224
08/02/2021,HND,NV,AWP,WE,Federal Contract Tower,0,4,17,0,21,0,6,71,0,77,0,10,88,0,98,56,0,56,154
08/03/2021,HND,NV,AWP,WE,Federal Contract Tower,0,5,17,0,22,0,11,87,0,98,0,16,104,0,120,52,0,52,172
08/04/2021,HND,NV,AWP,WE,Federal Contract Tower,0,7,17,0,24,0,18,84,1,103,0,25,101,1,127,28,0,28,155
08/05/2021,HND,NV,AWP,WE,Federal Contract Tower,0,5,24,0,29,0,17,62,1,80,0,22,86,1,109,40,0,40,149
08/06/2021,HND,NV,AWP,WE,Federal Contract Tower,0,7,38,0,45,0,13,82,0,95,0,20,120,0,140,20,0,20,160
08/07/2021,HND,NV,AWP,WE,Federal Contract Tower,0,3,23,2,28,0,6,56,0,62,0,9,79,2,90,40,0,40,130
08/08/2021,HND,NV,AWP,WE,Federal Contract Tower,0,13,39,0,52,0,41,86,0,127,0,54,125,0,179,52,0,52,231
08/09/2021,HND,NV,AWP,WE,Federal Contract Tower,0,8,32,0,40,0,23,52,0,75,0,31,84,0,115,24,0,24,139
08/10/2021,HND,NV,AWP,WE,Federal Contract Tower,0,4,36,0,40,0,2,88,0,90,0,6,124,0,130,30,0,30,160
08/11/2021,HND,NV,AWP,WE,Federal Contract Tower,0,9,33,0,42,0,12,95,0,107,0,21,128,0,149,54,0,54,203
08/12/2021,HND,NV,AWP,WE,Federal Contract Tower,0,3,35,0,38,0,40,103,0,143,0,43,138,0,181,46,0,46,227
08/13/2021,HND,NV,AWP,WE,Federal Contract Tower,0,8,35,0,43,0,7,96,2,105,0,15,131,2,148,32,0,32,180
08/14/2021,HND,NV,AWP,WE,Federal Contract Tower,0,10,18,0,28,0,24,90,1,115,0,34,108,1,143,32,0,32,175
08/15/2021,HND,NV,AWP,WE,Federal Contract Tower,0,15,32,0,47,0,16,89,0,105,0,31,121,0,152,12,0,12,164
08/16/2021,HND,NV,AWP,WE,Federal Contract Tower,0,11,26,0,37,0,14,113,0,127,0,25,139,0,164,36,0,36,200
08/17/2021,HND,NV,AWP,WE,Federal Contract Tower,0,8,23,1,32,0,8,58,1,67,0,16,81,2,99,22,0,22,121
08/18/2021,HND,NV,AWP,WE,Federal Contract Tower,0,13,32,1,46,0,31,38,2,71,0,44,70,3,117,10,0,10,127
08/19/2021,HND,NV,AWP,WE,Federal Contract Tower,0,21,42,1,64,0,22,105,2,129,0,43,147,3,193,20,0,20,213
08/20/2021,HND,NV,AWP,WE,Federal Contract Tower,0,12,46,2,60,0,11,100,2,113,0,23,146,4,173,30,0,30,203
08/21/2021,HND,NV,AWP,WE,Federal Contract Tower,0,8,17,1,26,0,30,104,1,135,0,38,121,2,161,32,0,32,193
08/22/2021,HND,NV,AWP,WE,Federal Contract Tower,0,17,33,0,50,0,22,94,0,116,0,39,127,0,166,52,0,52,218
08/23/2021,HND,NV,AWP,WE,Federal Contract Tower,0,9,39,0,48,0,13,82,0,95,0,22,121,0,143,48,0,48,191
08/24/2021,HND,NV,AWP,WE,Federal Contract Tower,0,11,16,0,27,0,20,88,0,108,0,31,104,0,135,52,0,52,187
08/25/2021,HND,NV,AWP,WE,Federal Contract Tower,0,11,31,0,42,0,6,73,0,79,0,17,104,0,121,20,0,20,141
08/26/2021,HND,NV,AWP,WE,Federal Contract Tower,0,10,31,0,41,0,28,87,0,115,0,38,118,0,156,55,0,55,211
08/27/2021,HND,NV,AWP,WE,Federal Contract Tower,0,5,47,0,52,0,22,110,0,132,0,27,157,0,184,34,0,34,218
08/28/2021,HND,NV,AWP,WE,Federal Contract Tower,0,3,20,0,23,0,5,115,0,120,0,8,135,0,143,38,0,38,181
08/29/2021,HND,NV,AWP,WE,Federal Contract Tower,0,9,33,0,42,0,12,103,0,115,0,21,136,0,157,60,0,60,217
08/30/2021,HND,NV,AWP,WE,Federal Contract Tower,0,8,30,0,38,0,11,74,0,85,0,19,104,0,123,32,0,32,155
08/31/2021,HND,NV,AWP,WE,Federal Contract Tower,0,3,21,0,24,0,27,64,2,93,0,30,85,2,117,22,0,22,139
09/01/2021,HND,NV,AWP,WE,Federal Contract Tower,0,5,33,0,38,0,16,82,2,100,0,21,115,2,138,68,0,68,206
09/02/2021,HND,NV,AWP,WE,Federal Contract Tower,0,16,49,0,65,0,10,120,0,130,0,26,169,0,195,46,0,46,241
09/03/2021,HND,NV,AWP,WE,Federal Contract Tower,0,9,43,0,52,0,6,171,0,177,0,15,214,0,229,91,0,91,320
09/04/2021,HND,NV,AWP,WE,Federal Contract Tower,0,1,30,0,31,0,30,129,0,159,0,31,159,0,190,84,0,84,274
09/05/2021,HND,NV,AWP,WE,Federal Contract Tower,0,0,27,0,27,0,33,89,13,135,0,33,116,13,162,16,0,16,178
09/06/2021,HND,NV,AWP,WE,Federal Contract Tower,0,6,47,0,53,0,24,147,2,173,0,30,194,2,226,78,0,78,304
09/07/2021,HND,NV,AWP,WE,Federal Contract Tower,0,11,43,0,54,0,17,93,1,111,0,28,136,1,165,52,0,52,217
09/08/2021,HND,NV,AWP,WE,Federal Contract Tower,0,9,51,0,60,0,14,114,0,128,0,23,165,0,188,44,0,44,232
09/09/2021,HND,NV,AWP,WE,Federal Contract Tower,0,15,29,0,44,0,18,96,1,115,0,33,125,1,159,38,0,38,197
09/10/2021,HND,NV,AWP,WE,Federal Contract Tower,0,16,46,3,65,0,19,107,0,126,0,35,153,3,191,18,0,18,209
09/11/2021,HND,NV,AWP,WE,Federal Contract Tower,0,10,33,0,43,0,45,116,1,162,0,55,149,1,205,49,0,49,254
09/12/2021,HND,NV,AWP,WE,Federal Contract Tower,0,6,55,0,61,0,25,132,0,157,0,31,187,0,218,36,0,36,254
09/13/2021,HND,NV,AWP,WE,Federal Contract Tower,0,13,49,0,62,0,17,96,1,114,0,30,145,1,176,4,0,4,180
09/14/2021,HND,NV,AWP,WE,Federal Contract Tower,0,15,46,0,61,0,6,65,1,72,0,21,111,1,133,18,0,18,151
09/15/2021,HND,NV,AWP,WE,Federal Contract Tower,0,10,43,0,53,0,22,68,0,90,0,32,111,0,143,40,0,40,183
09/16/2021,HND,NV,AWP,WE,Federal Contract Tower,0,9,50,1,60,0,7,67,0,74,0,16,117,1,134,44,0,44,178
09/17/2021,HND,NV,AWP,WE,Federal Contract Tower,0,9,46,0,55,0,19,82,0,101,0,28,128,0,156,54,0,54,210
09/18/2021,HND,NV,AWP,WE,Federal Contract Tower,0,10,28,0,38,0,30,72,0,102,0,40,100,0,140,16,0,16,156
09/19/2021,HND,NV,AWP,WE,Federal Contract Tower,0,14,31,0,45,0,21,84,0,105,0,35,115,0,150,8,0,8,158
09/20/2021,HND,NV,AWP,WE,Federal Contract Tower,0,13,28,0,41,0,9,108,0,117,0,22,136,0,158,2,0,2,160
09/21/2021,HND,NV,AWP,WE,Federal Contract Tower,0,9,41,0,50,0,22,90,0,112,0,31,131,0,162,36,0,36,198
09/22/2021,HND,NV,AWP,WE,Federal Contract Tower,0,8,37,0,45,0,14,104,2,120,0,22,141,2,165,28,0,28,193
09/23/2021,HND,NV,AWP,WE,Federal Contract Tower,0,16,47,0,63,0,18,88,0,106,0,34,135,0,169,64,0,64,233
09/24/2021,HND,NV,AWP,WE,Federal Contract Tower,0,12,60,0,72,0,14,87,0,101,0,26,147,0,173,58,0,58,231
09/25/2021,HND,NV,AWP,WE,Federal Contract Tower,0,17,33,0,50,0,35,123,0,158,0,52,156,0,208,36,0,36,244
09/26/2021,HND,NV,AWP,WE,Federal Contract Tower,0,16,56,0,72,0,8,92,0,100,0,24,148,0,172,10,0,10,182
09/27/2021,HND,NV,AWP,WE,Federal Contract Tower,2,8,44,0,54,0,12,112,2,126,2,20,156,2,180,42,0,42,222
09/28/2021,HND,NV,AWP,WE,Federal Contract Tower,0,19,42,0,61,0,33,69,0,102,0,52,111,0,163,54,0,54,217
09/29/2021,HND,NV,AWP,WE,Federal Contract Tower,0,14,50,0,64,0,18,73,2,93,0,32,123,2,157,60,0,60,217
09/30/2021,HND,NV,AWP,WE,Federal Contract Tower,0,17,52,0,69,0,16,88,0,104,0,33,140,0,173,40,0,40,213
10/01/2021,HND,NV,AWP,WE,Federal Contract Tower,0,12,54,0,66,0,12,111,0,123,0,24,165,0,189,72,0,72,261
10/02/2021,HND,NV,AWP,WE,Federal Contract Tower,0,2,29,0,31,0,20,127,0,147,0,22,156,0,178,56,0,56,234
10/03/2021,HND,NV,AWP,WE,Federal Contract Tower,0,14,46,0,60,0,31,116,0,147,0,45,162,0,207,44,0,44,251
10/04/2021,HND,NV,AWP,WE,Federal Contract Tower,0,19,36,0,55,0,21,73,0,94,0,40,109,0,149,14,0,14,163
10/05/2021,HND,NV,AWP,WE,Federal Contract Tower,0,2,28,0,30,0,31,26,0,57,0,33,54,0,87,18,0,18,105
10/06/2021,HND,NV,AWP,WE,Federal Contract Tower,0,9,47,0,56,0,24,90,0,114,0,33,137,0,170,4,0,4,174
10/07/2021,HND,NV,AWP,WE,Federal Contract Tower,0,12,41,0,53,0,22,118,2,142,0,34,159,2,195,60,0,60,255
10/08/2021,HND,NV,AWP,WE,Federal Contract Tower,0,9,45,0,54,0,12,33,0,45,0,21,78,0,99,40,0,40,139
10/09/2021,HND,NV,AWP,WE,Federal Contract Tower,0,1,36,0,37,0,41,119,1,161,0,42,155,1,198,24,0,24,222
10/10/2021,HND,NV,AWP,WE,Federal Contract Tower,2,6,52,0,60,0,20,97,0,117,2,26,149,0,177,6,0,6,183
10/11/2021,HND,NV,AWP,WE,Federal Contract Tower,0,10,49,0,59,0,10,34,0,44,0,20,83,0,103,4,0,4,107
10/12/2021,HND,NV,AWP,WE,Federal Contract Tower,0,14,67,0,81,0,23,59,2,84,0,37,126,2,165,14,0,14,179
10/13/2021,HND,NV,AWP,WE,Federal Contract Tower,0,13,72,0,85,0,32,104,0,136,0,45,176,0,221,2,0,2,223
10/14/2021,HND,NV,AWP,WE,Federal Contract Tower,2,21,100,0,123,0,54,115,0,169,2,75,215,0,292,4,0,4,296
10/15/2021,HND,NV,AWP,WE,Federal Contract Tower,0,16,82,0,98,0,16,120,1,137,0,32,202,1,235,36,0,36,271
10/16/2021,HND,NV,AWP,WE,Federal Contract Tower,0,3,27,0,30,0,10,120,0,130,0,13,147,0,160,64,0,64,224
10/17/2021,HND,NV,AWP,WE,Federal Contract Tower,0,13,56,0,69,0,21,125,0,146,0,34,181,0,215,90,0,90,305
10/18/2021,HND,NV,AWP,WE,Federal Contract Tower,0,2,31,0,33,0,22,34,4,60,0,24,65,4,93,40,0,40,133
10/19/2021,HND,NV,AWP,WE,Federal Contract Tower,0,11,41,0,52,0,30,123,0,153,0,41,164,0,205,62,0,62,267
10/20/2021,HND,NV,AWP,WE,Federal Contract Tower,0,12,58,0,70,0,22,156,0,178,0,34,214,0,248,122,0,122,370
10/21/2021,HND,NV,AWP,WE,Federal Contract Tower,0,11,35,0,46,0,13,120,1,134,0,24,155,1,180,138,0,138,318
10/22/2021,HND,NV,AWP,WE,Federal Contract Tower,0,12,64,0,76,0,17,92,4,113,0,29,156,4,189,46,0,46,235
10/23/2021,HND,NV,AWP,WE,Federal Contract Tower,0,11,33,0,44,0,24,92,0,116,0,35,125,0,160,34,0,34,194
10/24/2021,HND,NV,AWP,WE,Federal Contract Tower,0,11,62,0,73,0,26,105,0,131,0,37,167,0,204,36,0,36,240
10/25/2021,HND,NV,AWP,WE,Federal Contract Tower,0,13,52,0,65,0,26,21,2,49,0,39,73,2,114,0,0,0,114
10/26/2021,HND,NV,AWP,WE,Federal Contract Tower,0,13,33,0,46,0,13,121,0,134,0,26,154,0,180,80,0,80,260
10/27/2021,HND,NV,AWP,WE,Federal Contract Tower,0,9,32,0,41,0,17,123,0,140,0,26,155,0,181,48,0,48,229
10/28/2021,HND,NV,AWP,WE,Federal Contract Tower,0,16,40,0,56,0,19,132,0,151,0,35,172,0,207,98,0,98,305
10/29/2021,HND,NV,AWP,WE,Federal Contract Tower,0,3,48,0,51,0,43,131,0,174,0,46,179,0,225,56,0,56,281
10/30/2021,HND,NV,AWP,WE,Federal Contract Tower,0,7,38,0,45,0,29,111,0,140,0,36,149,0,185,28,0,28,213
10/31/2021,HND,NV,AWP,WE,Federal Contract Tower,0,3,40,0,43,0,14,93,0,107,0,17,133,0,150,4,0,4,154
11/01/2021,HND,NV,AWP,WE,Federal Contract Tower,0,10,48,0,58,0,20,86,1,107,0,30,134,1,165,36,0,36,201
11/02/2021,HND,NV,AWP,WE,Federal Contract Tower,0,16,46,0,62,0,33,130,1,164,0,49,176,1,226,52,0,52,278
11/03/2021,HND,NV,AWP,WE,Federal Contract Tower,0,12,46,0,58,0,11,132,0,143,0,23,178,0,201,12,0,12,213
11/04/2021,HND,NV,AWP,WE,Federal Contract Tower,0,12,65,0,77,0,20,154,0,174,0,32,219,0,251,112,0,112,363
11/05/2021,HND,NV,AWP,WE,Federal Contract Tower,0,5,71,0,76,0,21,146,0,167,0,26,217,0,243,62,0,62,305
11/06/2021,HND,NV,AWP,WE,Federal Contract Tower,0,11,59,0,70,0,20,111,1,132,0,31,170,1,202,88,0,88,290
11/07/2021,HND,NV,AWP,WE,Federal Contract Tower,0,20,72,0,92,0,12,117,0,129,0,32,189,0,221,76,0,76,297
11/08/2021,HND,NV,AWP,WE,Federal Contract Tower,0,11,46,0,57,0,9,113,0,122,0,20,159,0,179,58,0,58,237
11/09/2021,HND,NV,AWP,WE,Federal Contract Tower,0,10,48,0,58,0,18,59,0,77,0,28,107,0,135,54,0,54,189
11/10/2021,HND,NV,AWP,WE,Federal Contract Tower,0,8,35,0,43,0,13,151,0,164,0,21,186,0,207,76,0,76,283
11/11/2021,HND,NV,AWP,WE,Federal Contract Tower,0,27,52,1,80,0,19,115,0,134,0,46,167,1,214,46,0,46,260
11/12/2021,HND,NV,AWP,WE,Federal Contract Tower,0,14,53,0,67,0,35,166,0,201,0,49,219,0,268,96,0,96,364
11/13/2021,HND,NV,AWP,WE,Federal Contract Tower,0,8,38,0,46,0,22,137,0,159,0,30,175,0,205,60,0,60,265
11/14/2021,HND,NV,AWP,WE,Federal Contract Tower,0,20,69,0,89,0,18,172,0,190,0,38,241,0,279,32,0,32,311
11/15/2021,HND,NV,AWP,WE,Federal Contract Tower,0,16,77,0,93,0,36,157,0,193,0,52,234,0,286,52,0,52,338
11/16/2021,HND,NV,AWP,WE,Federal Contract Tower,0,9,44,0,53,0,20,117,2,139,0,29,161,2,192,126,0,126,318
11/17/2021,HND,NV,AWP,WE,Federal Contract Tower,0,15,55,0,70,0,16,90,0,106,0,31,145,0,176,66,0,66,242
11/18/2021,HND,NV,AWP,WE,Federal Contract Tower,0,8,53,0,61,0,27,120,0,147,0,35,173,0,208,70,0,70,278
11/19/2021,HND,NV,AWP,WE,Federal Contract Tower,0,9,54,0,63,0,8,151,1,160,0,17,205,1,223,96,0,96,319
11/20/2021,HND,NV,AWP,WE,Federal Contract Tower,0,10,52,0,62,0,10,145,0,155,0,20,197,0,217,42,0,42,259
11/21/2021,HND,NV,AWP,WE,Federal Contract Tower,0,23,52,0,75,0,6,131,0,137,0,29,183,0,212,4,0,4,216
11/22/2021,HND,NV,AWP,WE,Federal Contract Tower,0,14,51,0,65,0,16,131,0,147,0,30,182,0,212,50,0,50,262
11/23/2021,HND,NV,AWP,WE,Federal Contract Tower,0,15,54,0,69,0,5,113,0,118,0,20,167,0,187,106,0,106,293
11/24/2021,HND,NV,AWP,WE,Federal Contract Tower,0,14,38,0,52,0,10,90,0,100,0,24,128,0,152,14,0,14,166
11/25/2021,HND,NV,AWP,WE,Federal Contract Tower,0,2,8,0,10,0,0,40,0,40,0,2,48,0,50,24,0,24,74
11/26/2021,HND,NV,AWP,WE,Federal Contract Tower,0,8,26,0,34,0,10,150,0,160,0,18,176,0,194,56,0,56,250
11/27/2021,HND,NV,AWP,WE,Federal Contract Tower,0,9,31,0,40,0,11,145,0,156,0,20,176,0,196,26,0,26,222
11/28/2021,HND,NV,AWP,WE,Federal Contract Tower,0,14,46,0,60,0,16,114,0,130,0,30,160,0,190,86,0,86,276
11/29/2021,HND,NV,AWP,WE,Federal Contract Tower,0,6,38,1,45,0,6,96,1,103,0,12,134,2,148,52,0,52,200
11/30/2021,HND,NV,AWP,WE,Federal Contract Tower,0,6,30,0,36,0,11,113,1,125,0,17,143,1,161,30,0,30,191
12/01/2021,HND,NV,AWP,WE,Federal Contract Tower,0,7,58,2,67,0,23,91,2,116,0,30,149,4,183,30,0,30,213
12/02/2021,HND,NV,AWP,WE,Federal Contract Tower,0,12,46,0,58,0,21,112,0,133,0,33,158,0,191,16,0,16,207
12/03/2021,HND,NV,AWP,WE,Federal Contract Tower,0,13,92,0,105,0,13,152,0,165,0,26,244,0,270,4,0,4,274
12/04/2021,HND,NV,AWP,WE,Federal Contract Tower,0,11,68,0,79,0,12,184,0,196,0,23,252,0,275,40,0,40,315
12/05/2021,HND,NV,AWP,WE,Federal Contract Tower,0,12,113,0,125,0,16,149,0,165,0,28,262,0,290,6,0,6,296
12/06/2021,HND,NV,AWP,WE,Federal Contract Tower,0,12,74,0,86,0,16,104,0,120,0,28,178,0,206,82,0,82,288
12/07/2021,HND,NV,AWP,WE,Federal Contract Tower,0,18,85,0,103,0,8,87,0,95,0,26,172,0,198,50,0,50,248
12/08/2021,HND,NV,AWP,WE,Federal Contract Tower,0,9,96,0,105,0,9,106,0,115,0,18,202,0,220,12,0,12,232
12/09/2021,HND,NV,AWP,WE,Federal Contract Tower,0,14,111,0,125,0,5,17,0,22,0,19,128,0,147,0,0,0,147
12/10/2021,HND,NV,AWP,WE,Federal Contract Tower,0,15,87,0,102,0,34,160,0,194,0,49,247,0,296,40,0,40,336
12/11/2021,HND,NV,AWP,WE,Federal Contract Tower,0,7,48,0,55,0,24,119,0,143,0,31,167,0,198,30,0,30,228
12/12/2021,HND,NV,AWP,WE,Federal Contract Tower,0,23,80,0,103,0,13,131,0,144,0,36,211,0,247,50,0,50,297
12/13/2021,HND,NV,AWP,WE,Federal Contract Tower,0,13,49,2,64,0,17,74,0,91,0,30,123,2,155,14,0,14,169
12/14/2021,HND,NV,AWP,WE,Federal Contract Tower,0,8,30,0,38,0,8,7,0,15,0,16,37,0,53,10,0,10,63
12/15/2021,HND,NV,AWP,WE,Federal Contract Tower,0,16,39,0,55,0,20,99,2,121,0,36,138,2,176,100,0,100,276
12/16/2021,HND,NV,AWP,WE,Federal Contract Tower,0,11,34,0,45,0,14,111,2,127,0,25,145,2,172,82,0,82,254
12/17/2021,HND,NV,AWP,WE,Federal Contract Tower,0,17,36,0,53,0,20,148,0,168,0,37,184,0,221,56,0,56,277
12/18/2021,HND,NV,AWP,WE,Federal Contract Tower,0,10,38,0,48,0,6,131,0,137,0,16,169,0,185,74,0,74,259
12/19/2021,HND,NV,AWP,WE,Federal Contract Tower,0,4,30,0,34,0,9,146,0,155,0,13,176,0,189,64,0,64,253
12/20/2021,HND,NV,AWP,WE,Federal Contract Tower,0,11,36,0,47,0,13,116,0,129,0,24,152,0,176,62,0,62,238
12/21/2021,HND,NV,AWP,WE,Federal Contract Tower,0,10,29,0,39,0,17,123,0,140,0,27,152,0,179,88,0,88,267
12/22/2021,HND,NV,AWP,WE,Federal Contract Tower,0,9,38,0,47,0,6,119,0,125,0,15,157,0,172,84,0,84,256
12/23/2021,HND,NV,AWP,WE,Federal Contract Tower,0,12,27,0,39,0,15,63,0,78,0,27,90,0,117,70,0,70,187
12/24/2021,HND,NV,AWP,WE,Federal Contract Tower,0,4,7,0,11,0,6,11,0,17,0,10,18,0,28,4,0,4,32
12/25/2021,HND,NV,AWP,WE,Federal Contract Tower,0,2,10,0,12,0,4,19,0,23,0,6,29,0,35,8,0,8,43
12/26/2021,HND,NV,AWP,WE,Federal Contract Tower,0,5,29,0,34,0,15,36,0,51,0,20,65,0,85,6,0,6,91
12/27/2021,HND,NV,AWP,WE,Federal Contract Tower,0,7,41,0,48,0,11,21,0,32,0,18,62,0,80,2,0,2,82
12/28/2021,HND,NV,AWP,WE,Federal Contract Tower,0,7,34,0,41,0,8,71,0,79,0,15,105,0,120,28,0,28,148
12/29/2021,HND,NV,AWP,WE,Federal Contract Tower,0,7,28,0,35,0,19,78,0,97,0,26,106,0,132,72,0,72,204
12/30/2021,HND,NV,AWP,WE,Federal Contract Tower,0,4,48,0,52,0,14,64,0,78,0,18,112,0,130,116,0,116,246
12/31/2021,HND,NV,AWP,WE,Federal Contract Tower,0,5,32,0,37,0,28,61,0,89,0,33,93,0,126,46,0,46,172
01/01/2022,HND,NV,AWP,WE,Federal Contract Tower,0,4,17,0,21,0,3,43,0,46,0,7,60,0,67,12,0,12,79
01/02/2022,HND,NV,AWP,WE,Federal Contract Tower,0,13,52,0,65,0,22,145,0,167,0,35,197,0,232,64,0,64,296
01/03/2022,HND,NV,AWP,WE,Federal Contract Tower,0,5,41,0,46,0,13,93,0,106,0,18,134,0,152,56,0,56,208
01/04/2022,HND,NV,AWP,WE,Federal Contract Tower,0,11,32,0,43,0,14,78,0,92,0,25,110,0,135,116,0,116,251
01/05/2022,HND,NV,AWP,WE,Federal Contract Tower,0,11,39,0,50,0,16,119,3,138,0,27,158,3,188,54,0,54,242
01/06/2022,HND,NV,AWP,WE,Federal Contract Tower,0,6,24,0,30,0,10,121,1,132,0,16,145,1,162,90,0,90,252
01/07/2022,HND,NV,AWP,WE,Federal Contract Tower,0,16,38,0,54,0,17,107,0,124,0,33,145,0,178,44,0,44,222
01/08/2022,HND,NV,AWP,WE,Federal Contract Tower,0,24,44,0,68,0,5,48,2,55,0,29,92,2,123,30,0,30,153
01/09/2022,HND,NV,AWP,WE,Federal Contract Tower,0,21,33,0,54,0,9,139,12,160,0,30,172,12,214,34,0,34,248
01/10/2022,HND,NV,AWP,WE,Federal Contract Tower,0,18,47,0,65,0,27,121,4,152,0,45,168,4,217,32,0,32,249
01/11/2022,HND,NV,AWP,WE,Federal Contract Tower,0,8,26,0,34,0,12,115,0,127,0,20,141,0,161,44,0,44,205
01/12/2022,HND,NV,AWP,WE,Federal Contract Tower,0,2,14,0,16,0,8,116,0,124,0,10,130,0,140,66,0,66,206
01/13/2022,HND,NV,AWP,WE,Federal Contract Tower,0,5,33,0,38,0,29,114,0,143,0,34,147,0,181,36,0,36,217
01/14/2022,HND,NV,AWP,WE,Federal Contract Tower,0,8,45,0,53,0,21,105,2,128,0,29,150,2,181,20,0,20,201
01/15/2022,HND,NV,AWP,WE,Federal Contract Tower,0,4,21,0,25,0,12,164,0,176,0,16,185,0,201,70,0,70,271
01/16/2022,HND,NV,AWP,WE,Federal Contract Tower,0,0,31,0,31,0,23,142,0,165,0,23,173,0,196,28,0,28,224
01/17/2022,HND,NV,AWP,WE,Federal Contract Tower,0,4,68,0,72,0,18,128,0,146,0,22,196,0,218,22,0,22,240
01/18/2022,HND,NV,AWP,WE,Federal Contract Tower,0,10,52,0,62,0,8,78,0,86,0,18,130,0,148,104,0,104,252
01/19/2022,HND,NV,AWP,WE,Federal Contract Tower,0,4,71,0,75,0,18,172,0,190,0,22,243,0,265,74,0,74,339
01/20/2022,HND,NV,AWP,WE,Federal Contract Tower,0,8,75,0,83,0,17,116,0,133,0,25,191,0,216,64,0,64,280
01/21/2022,HND,NV,AWP,WE,Federal Contract Tower,0,15,63,0,78,0,19,106,0,125,0,34,169,0,203,86,0,86,289
01/22/2022,HND,NV,AWP,WE,Federal Contract Tower,0,8,49,0,57,0,21,75,0,96,0,29,124,0,153,66,0,66,219
01/23/2022,HND,NV,AWP,WE,Federal Contract Tower,0,16,67,0,83,0,12,135,0,147,0,28,202,0,230,28,0,28,258
01/24/2022,HND,NV,AWP,WE,Federal Contract Tower,0,6,37,0,43,0,12,134,2,148,0,18,171,2,191,76,0,76,267
01/25/2022,HND,NV,AWP,WE,Federal Contract Tower,0,13,29,0,42,0,8,82,0,90,0,21,111,0,132,30,0,30,162
01/26/2022,HND,NV,AWP,WE,Federal Contract Tower,0,9,37,0,46,0,17,151,0,168,0,26,188,0,214,90,0,90,304
01/27/2022,HND,NV,AWP,WE,Federal Contract Tower,0,14,42,0,56,0,17,133,0,150,0,31,175,0,206,32,0,32,238
01/28/2022,HND,NV,AWP,WE,Federal Contract Tower,0,13,43,0,56,0,34,117,0,151,0,47,160,0,207,100,0,100,307
01/29/2022,HND,NV,AWP,WE,Federal Contract Tower,0,9,30,0,39,0,14,111,0,125,0,23,141,0,164,74,0,74,238
01/30/2022,HND,NV,AWP,WE,Federal Contract Tower,0,16,41,0,57,0,4,153,0,157,0,20,194,0,214,138,0,138,352
01/31/2022,HND,NV,AWP,WE,Federal Contract Tower,0,6,41,0,47,0,16,121,0,137,0,22,162,0,184,84,0,84,268
02/01/2022,HND,NV,AWP,WE,Federal Contract Tower,0,8,26,0,34,0,17,100,0,117,0,25,126,0,151,22,0,22,173
02/02/2022,HND,NV,AWP,WE,Federal Contract Tower,0,7,27,0,34,0,9,25,0,34,0,16,52,0,68,10,0,10,78
02/03/2022,HND,NV,AWP,WE,Federal Contract Tower,0,5,45,0,50,0,35,115,0,150,0,40,160,0,200,88,0,88,288
02/04/2022,HND,NV,AWP,WE,Federal Contract Tower,0,9,48,0,57,0,6,145,0,151,0,15,193,0,208,38,0,38,246
02/05/2022,HND,NV,AWP,WE,Federal Contract Tower,0,3,29,0,32,0,31,169,0,200,0,34,198,0,232,70,0,70,302
02/06/2022,HND,NV,AWP,WE,Federal Contract Tower,0,6,35,0,41,0,26,141,0,167,0,32,176,0,208,50,0,50,258
02/07/2022,HND,NV,AWP,WE,Federal Contract Tower,0,10,29,0,39,0,23,147,0,170,0,33,176,0,209,70,0,70,279
02/08/2022,HND,NV,AWP,WE,Federal Contract Tower,0,2,30,0,32,0,20,109,0,129,0,22,139,0,161,68,0,68,229
02/09/2022,HND,NV,AWP,WE,Federal Contract Tower,0,9,32,0,41,0,6,87,0,93,0,15,119,0,134,70,0,70,204
02/10/2022,HND,NV,AWP,WE,Federal Contract Tower,0,11,53,0,64,0,6,131,0,137,0,17,184,0,201,70,0,70,271
02/11/2022,HND,NV,AWP,WE,Federal Contract Tower,0,13,75,0,88,0,20,158,0,178,0,33,233,0,266,116,0,116,382
02/12/2022,HND,NV,AWP,WE,Federal Contract Tower,0,7,43,0,50,0,28,158,0,186,0,35,201,0,236,74,0,74,310
02/13/2022,HND,NV,AWP,WE,Federal Contract Tower,0,9,25,0,34,0,23,131,0,154,0,32,156,0,188,126,0,126,314
02/14/2022,HND,NV,AWP,WE,Federal Contract Tower,0,14,62,0,76,0,16,109,0,125,0,30,171,0,201,70,0,70,271
02/15/2022,HND,NV,AWP,WE,Federal Contract Tower,0,21,41,0,62,0,14,34,0,48,0,35,75,0,110,40,0,40,150
02/16/2022,HND,NV,AWP,WE,Federal Contract Tower,0,5,33,2,40,0,23,107,0,130,0,28,140,2,170,68,0,68,238
02/17/2022,HND,NV,AWP,WE,Federal Contract Tower,0,8,44,0,52,0,18,126,1,145,0,26,170,1,197,56,0,56,253
02/18/2022,HND,NV,AWP,WE,Federal Contract Tower,0,19,58,0,77,0,10,173,0,183,0,29,231,0,260,74,0,74,334
02/19/2022,HND,NV,AWP,WE,Federal Contract Tower,0,17,38,0,55,0,22,194,0,216,0,39,232,0,271,120,0,120,391
02/20/2022,HND,NV,AWP,WE,Federal Contract Tower,0,3,42,0,45,0,20,164,0,184,0,23,206,0,229,38,0,38,267
02/21/2022,HND,NV,AWP,WE,Federal Contract Tower,0,4,52,0,56,0,29,0,0,29,0,33,52,0,85,2,0,2,87
02/22/2022,HND,NV,AWP,WE,Federal Contract Tower,0,5,31,0,36,0,11,41,0,52,0,16,72,0,88,6,0,6,94
02/23/2022,HND,NV,AWP,WE,Federal Contract Tower,0,2,40,0,42,0,7,54,0,61,0,9,94,0,103,98,0,98,201
02/24/2022,HND,NV,AWP,WE,Federal Contract Tower,0,10,77,3,90,0,12,166,0,178,0,22,243,3,268,182,0,182,450
02/25/2022,HND,NV,AWP,WE,Federal Contract Tower,0,9,84,0,93,0,3,179,0,182,0,12,263,0,275,104,0,104,379
02/26/2022,HND,NV,AWP,WE,Federal Contract Tower,0,10,38,0,48,0,10,133,0,143,0,20,171,0,191,70,0,70,261
02/27/2022,HND,NV,AWP,WE,Federal Contract Tower,0,8,67,0,75,0,18,206,0,224,0,26,273,0,299,52,2,54,353
02/28/2022,HND,NV,AWP,WE,Federal Contract Tower,0,8,43,0,51,0,13,99,0,112,0,21,142,0,163,18,0,18,181
03/01/2022,HND,NV,AWP,WE,Federal Contract Tower,0,6,29,0,35,0,17,98,0,115,0,23,127,0,150,18,0,18,168
03/02/2022,HND,NV,AWP,WE,Federal Contract Tower,0,14,58,0,72,0,18,166,0,184,0,32,224,0,256,104,0,104,360
03/03/2022,HND,NV,AWP,WE,Federal Contract Tower,0,21,39,0,60,0,5,122,0,127,0,26,161,0,187,44,0,44,231
03/04/2022,HND,NV,AWP,WE,Federal Contract Tower,0,15,64,0,79,0,12,55,1,68,0,27,119,1,147,18,0,18,165
03/05/2022,HND,NV,AWP,WE,Federal Contract Tower,0,11,32,0,43,0,9,17,0,26,0,20,49,0,69,0,0,0,69
03/06/2022,HND,NV,AWP,WE,Federal Contract Tower,0,17,73,1,91,0,7,161,1,169,0,24,234,2,260,92,0,92,352
03/07/2022,HND,NV,AWP,WE,Federal Contract Tower,0,8,49,1,58,0,17,78,1,96,0,25,127,2,154,14,0,14,168
03/08/2022,HND,NV,AWP,WE,Federal Contract Tower,0,14,41,0,55,0,15,125,0,140,0,29,166,0,195,38,0,38,233
03/09/2022,HND,NV,AWP,WE,Federal Contract Tower,0,21,75,0,96,0,24,156,2,182,0,45,231,2,278,148,0,148,426
03/10/2022,HND,NV,AWP,WE,Federal Contract Tower,0,28,93,0,121,0,9,25,0,34,0,37,118,0,155,10,0,10,165
03/11/2022,HND,NV,AWP,WE,Federal Contract Tower,0,10,70,0,80,0,24,174,1,199,0,34,244,1,279,46,0,46,325
03/12/2022,HND,NV,AWP,WE,Federal Contract Tower,0,9,47,0,56,0,9,164,0,173,0,18,211,0,229,8,0,8,237
03/13/2022,HND,NV,AWP,WE,Federal Contract Tower,0,11,91,0,102,0,2,183,0,185,0,13,274,0,287,62,0,62,349
03/14/2022,HND,NV,AWP,WE,Federal Contract Tower,0,5,41,0,46,0,3,111,1,115,0,8,152,1,161,24,0,24,185
03/15/2022,HND,NV,AWP,WE,Federal Contract Tower,0,8,41,0,49,0,13,107,4,124,0,21,148,4,173,34,0,34,207
03/16/2022,HND,NV,AWP,WE,Federal Contract Tower,0,13,45,0,58,0,18,110,3,131,0,31,155,3,189,62,0,62,251
03/17/2022,HND,NV,AWP,WE,Federal Contract Tower,0,8,31,0,39,0,14,127,0,141,0,22,158,0,180,60,0,60,240
03/18/2022,HND,NV,AWP,WE,Federal Contract Tower,0,16,64,2,82,0,16,178,1,195,0,32,242,3,277,40,0,40,317
03/19/2022,HND,NV,AWP,WE,Federal Contract Tower,0,12,47,0,59,0,8,99,0,107,0,20,146,0,166,124,0,124,290
03/20/2022,HND,NV,AWP,WE,Federal Contract Tower,0,13,63,0,76,0,1,49,0,50,0,14,112,0,126,2,0,2,128
03/21/2022,HND,NV,AWP,WE,Federal Contract Tower,0,19,48,3,70,0,6,81,2,89,0,25,129,5,159,52,0,52,211
03/22/2022,HND,NV,AWP,WE,Federal Contract Tower,0,4,35,0,39,0,9,93,0,102,0,13,128,0,141,62,0,62,203
03/23/2022,HND,NV,AWP,WE,Federal Contract Tower,0,12,69,0,81,0,11,160,0,171,0,23,229,0,252,66,0,66,318
03/24/2022,HND,NV,AWP,WE,Federal Contract Tower,0,10,47,0,57,0,7,134,0,141,0,17,181,0,198,84,0,84,282
03/25/2022,HND,NV,AWP,WE,Federal Contract Tower,0,9,51,0,60,0,20,161,0,181,0,29,212,0,241,108,0,108,349
03/26/2022,HND,NV,AWP,WE,Federal Contract Tower,0,2,31,0,33,0,14,160,1,175,0,16,191,1,208,54,0,54,262
03/27/2022,HND,NV,AWP,WE,Federal Contract Tower,0,6,53,0,59,0,5,118,1,124,0,11,171,1,183,110,0,110,293
03/28/2022,HND,NV,AWP,WE,Federal Contract Tower,0,12,57,0,69,0,7,43,0,50,0,19,100,0,119,36,0,36,155
03/29/2022,HND,NV,AWP,WE,Federal Contract Tower,0,10,54,0,64,0,14,125,1,140,0,24,179,1,204,120,0,120,324
03/30/2022,HND,NV,AWP,WE,Federal Contract Tower,0,4,46,0,50,0,17,125,0,142,0,21,171,0,192,88,0,88,280
03/31/2022,HND,NV,AWP,WE,Federal Contract Tower,0,11,58,0,69,0,8,154,0,162,0,19,212,0,231,120,0,120,351
04/01/2022,HND,NV,AWP,WE,Federal Contract Tower,0,7,63,1,71,0,19,147,1,167,0,26,210,2,238,79,0,79,317
04/02/2022,HND,NV,AWP,WE,Federal Contract Tower,0,9,30,0,39,0,2,119,0,121,0,11,149,0,160,38,0,38,198
04/03/2022,HND,NV,AWP,WE,Federal Contract Tower,0,10,56,0,66,0,4,159,0,163,0,14,215,0,229,48,0,48,277
04/04/2022,HND,NV,AWP,WE,Federal Contract Tower,0,7,62,0,69,0,16,111,0,127,0,23,173,0,196,46,0,46,242
04/05/2022,HND,NV,AWP,WE,Federal Contract Tower,0,5,33,0,38,0,11,96,0,107,0,16,129,0,145,34,0,34,179
04/06/2022,HND,NV,AWP,WE,Federal Contract Tower,0,8,41,0,49,0,14,92,3,109,0,22,133,3,158,60,0,60,218
04/07/2022,HND,NV,AWP,WE,Federal Contract Tower,0,15,46,0,61,0,19,102,1,122,0,34,148,1,183,24,0,24,207
04/08/2022,HND,NV,AWP,WE,Federal Contract Tower,0,9,36,0,45,0,9,132,0,141,0,18,168,0,186,172,0,172,358
04/09/2022,HND,NV,AWP,WE,Federal Contract Tower,0,5,37,0,42,0,13,70,1,84,0,18,107,1,126,43,0,43,169
04/10/2022,HND,NV,AWP,WE,Federal Contract Tower,0,17,39,0,56,0,9,96,0,105,0,26,135,0,161,34,0,34,195
04/11/2022,HND,NV,AWP,WE,Federal Contract Tower,0,15,26,1,42,0,10,30,0,40,0,25,56,1,82,4,0,4,86
04/12/2022,HND,NV,AWP,WE,Federal Contract Tower,0,7,39,0,46,0,19,50,0,69,0,26,89,0,115,14,0,14,129
04/13/2022,HND,NV,AWP,WE,Federal Contract Tower,0,0,28,0,28,0,31,123,2,156,0,31,151,2,184,98,0,98,282
04/14/2022,HND,NV,AWP,WE,Federal Contract Tower,0,2,49,0,51,0,18,113,3,134,0,20,162,3,185,78,0,78,263
04/15/2022,HND,NV,AWP,WE,Federal Contract Tower,0,9,35,0,44,0,12,146,0,158,0,21,181,0,202,38,0,38,240
04/16/2022,HND,NV,AWP,WE,Federal Contract Tower,0,7,24,0,31,0,12,24,1,37,0,19,48,1,68,0,0,0,68
04/17/2022,HND,NV,AWP,WE,Federal Contract Tower,0,10,37,0,47,0,10,159,0,169,0,20,196,0,216,42,0,42,258
04/18/2022,HND,NV,AWP,WE,Federal Contract Tower,0,2,52,0,54,0,7,92,0,99,0,9,144,0,153,16,0,16,169
04/19/2022,HND,NV,AWP,WE,Federal Contract Tower,0,6,27,0,33,0,9,17,0,26,0,15,44,0,59,12,0,12,71
04/20/2022,HND,NV,AWP,WE,Federal Contract Tower,0,8,36,0,44,0,18,103,0,121,0,26,139,0,165,66,0,66,231
04/21/2022,HND,NV,AWP,WE,Federal Contract Tower,0,9,61,0,70,0,14,41,0,55,0,23,102,0,125,18,0,18,143
04/22/2022,HND,NV,AWP,WE,Federal Contract Tower,0,5,46,0,51,0,11,53,0,64,0,16,99,0,115,10,0,10,125
04/23/2022,HND,NV,AWP,WE,Federal Contract Tower,0,10,35,0,45,0,15,181,1,197,0,25,216,1,242,130,0,130,372
04/24/2022,HND,NV,AWP,WE,Federal Contract Tower,0,11,65,0,76,0,13,117,1,131,0,24,182,1,207,22,0,22,229
04/25/2022,HND,NV,AWP,WE,Federal Contract Tower,0,9,43,0,52,0,14,151,0,165,0,23,194,0,217,42,0,42,259
04/26/2022,HND,NV,AWP,WE,Federal Contract Tower,0,5,38,0,43,0,10,89,1,100,0,15,127,1,143,42,0,42,185
04/27/2022,HND,NV,AWP,WE,Federal Contract Tower,0,9,56,0,65,0,17,96,2,115,0,26,152,2,180,42,0,42,222
04/28/2022,HND,NV,AWP,WE,Federal Contract Tower,0,10,57,0,67,0,10,33,0,43,0,20,90,0,110,0,0,0,110
04/29/2022,HND,NV,AWP,WE,Federal Contract Tower,0,10,46,4,60,0,10,116,3,129,0,20,162,7,189,56,0,56,245
04/30/2022,HND,NV,AWP,WE,Federal Contract Tower,0,6,31,0,37,0,7,150,2,159,0,13,181,2,196,24,0,24,220
05/01/2022,HND,NV,AWP,WE,Federal Contract Tower,0,15,62,4,81,0,14,80,0,94,0,29,142,4,175,46,0,46,221
05/02/2022,HND,NV,AWP,WE,Federal Contract Tower,0,10,41,0,51,0,8,125,0,133,0,18,166,0,184,62,0,62,246
05/03/2022,HND,NV,AWP,WE,Federal Contract Tower,0,4,34,0,38,0,9,61,0,70,0,13,95,0,108,10,0,10,118
05/04/2022,HND,NV,AWP,WE,Federal Contract Tower,0,16,44,0,60,0,11,117,0,128,0,27,161,0,188,46,0,46,234
05/05/2022,HND,NV,AWP,WE,Federal Contract Tower,0,14,49,1,64,0,16,106,0,122,0,30,155,1,186,42,0,42,228
05/06/2022,HND,NV,AWP,WE,Federal Contract Tower,0,12,50,0,62,0,14,117,1,132,0,26,167,1,194,22,0,22,216
05/07/2022,HND,NV,AWP,WE,Federal Contract Tower,0,7,22,0,29,0,12,29,0,41,0,19,51,0,70,12,0,12,82
05/08/2022,HND,NV,AWP,WE,Federal Contract Tower,0,6,26,0,32,0,4,27,0,31,0,10,53,0,63,2,0,2,65
05/09/2022,HND,NV,AWP,WE,Federal Contract Tower,0,21,47,0,68,0,9,85,0,94,0,30,132,0,162,34,0,34,196
05/10/2022,HND,NV,AWP,WE,Federal Contract Tower,0,11,29,0,40,0,14,40,0,54,0,25,69,0,94,4,0,4,98
05/11/2022,HND,NV,AWP,WE,Federal Contract Tower,0,10,41,0,51,0,3,42,0,45,0,13,83,0,96,2,0,2,98
05/12/2022,HND,NV,AWP,WE,Federal Contract Tower,0,3,51,0,54,0,13,165,2,180,0,16,216,2,234,40,0,40,274
05/13/2022,HND,NV,AWP,WE,Federal Contract Tower,0,9,49,0,58,0,29,140,0,169,0,38,189,0,227,28,0,28,255
05/14/2022,HND,NV,AWP,WE,Federal Contract Tower,0,9,22,0,31,0,21,142,3,166,0,30,164,3,197,16,0,16,213
05/15/2022,HND,NV,AWP,WE,Federal Contract Tower,0,9,49,0,58,0,18,113,0,131,0,27,162,0,189,62,0,62,251
05/16/2022,HND,NV,AWP,WE,Federal Contract Tower,0,4,28,0,32,0,22,98,0,120,0,26,126,0,152,28,0,28,180
05/17/2022,HND,NV,AWP,WE,Federal Contract Tower,0,6,38,0,44,0,9,107,0,116,0,15,145,0,160,46,0,46,206
05/18/2022,HND,NV,AWP,WE,Federal Contract Tower,0,7,38,0,45,0,28,132,0,160,0,35,170,0,205,78,0,78,283
05/19/2022,HND,NV,AWP,WE,Federal Contract Tower,0,4,39,0,43,0,26,84,0,110,0,30,123,0,153,54,0,54,207
05/20/2022,HND,NV,AWP,WE,Federal Contract Tower,0,20,78,0,98,0,20,75,1,96,0,40,153,1,194,24,0,24,218
05/21/2022,HND,NV,AWP,WE,Federal Contract Tower,0,8,39,0,47,0,22,119,0,141,0,30,158,0,188,74,0,74,262
05/22/2022,HND,NV,AWP,WE,Federal Contract Tower,0,15,68,0,83,0,19,144,0,163,0,34,212,0,246,78,0,78,324
05/23/2022,HND,NV,AWP,WE,Federal Contract Tower,0,9,43,0,52,0,22,120,0,142,0,31,163,0,194,36,0,36,230
05/24/2022,HND,NV,AWP,WE,Federal Contract Tower,0,20,64,0,84,0,10,108,0,118,0,30,172,0,202,50,0,50,252
05/25/2022,HND,NV,AWP,WE,Federal Contract Tower,0,14,39,0,53,0,15,134,0,149,0,29,173,0,202,52,0,52,254
05/26/2022,HND,NV,AWP,WE,Federal Contract Tower,0,10,48,0,58,0,9,87,0,96,0,19,135,0,154,38,0,38,192
05/27/2022,HND,NV,AWP,WE,Federal Contract Tower,0,8,37,0,45,0,7,102,0,109,0,15,139,0,154,62,0,62,216
05/28/2022,HND,NV,AWP,WE,Federal Contract Tower,0,6,26,0,32,0,6,53,0,59,0,12,79,0,91,106,0,106,197
05/29/2022,HND,NV,AWP,WE,Federal Contract Tower,0,8,27,0,35,0,9,78,0,87,0,17,105,0,122,44,0,44,166
05/30/2022,HND,NV,AWP,WE,Federal Contract Tower,0,10,28,0,38,0,20,177,0,197,0,30,205,0,235,68,0,68,303
05/31/2022,HND,NV,AWP,WE,Federal Contract Tower,0,7,32,0,39,0,11,110,4,125,0,18,142,4,164,110,0,110,274
06/01/2022,HND,NV,AWP,WE,Federal Contract Tower,0,3,36,0,39,0,16,86,0,102,0,19,122,0,141,64,0,64,205
06/02/2022,HND,NV,AWP,WE,Federal Contract Tower,0,2,35,0,37,0,15,135,1,151,0,17,170,1,188,68,0,68,256
06/03/2022,HND,NV,AWP,WE,Federal Contract Tower,0,6,33,0,39,0,21,83,0,104,0,27,116,0,143,76,0,76,219
06/04/2022,HND,NV,AWP,WE,Federal Contract Tower,0,5,20,0,25,0,4,63,0,67,0,9,83,0,92,16,0,16,108
06/05/2022,HND,NV,AWP,WE,Federal Contract Tower,0,3,39,0,42,0,4,133,0,137,0,7,172,0,179,54,0,54,233
06/06/2022,HND,NV,AWP,WE,Federal Contract Tower,0,5,22,0,27,0,12,101,0,113,0,17,123,0,140,46,0,46,186
06/07/2022,HND,NV,AWP,WE,Federal Contract Tower,0,8,33,0,41,0,32,124,0,156,0,40,157,0,197,40,0,40,237
06/08/2022,HND,NV,AWP,WE,Federal Contract Tower,0,7,39,2,48,0,29,92,0,121,0,36,131,2,169,54,0,54,223
06/09/2022,HND,NV,AWP,WE,Federal Contract Tower,0,10,34,0,44,0,25,60,0,85,0,35,94,0,129,20,0,20,149
06/10/2022,HND,NV,AWP,WE,Federal Contract Tower,0,6,40,0,46,0,6,76,0,82,0,12,116,0,128,30,0,30,158
06/11/2022,HND,NV,AWP,WE,Federal Contract Tower,0,4,17,0,21,0,8,71,0,79,0,12,88,0,100,16,0,16,116
06/12/2022,HND,NV,AWP,WE,Federal Contract Tower,0,6,27,0,33,0,3,40,0,43,0,9,67,0,76,0,0,0,76
06/13/2022,HND,NV,AWP,WE,Federal Contract Tower,0,13,37,0,50,0,4,46,0,50,0,17,83,0,100,0,0,0,100
06/14/2022,HND,NV,AWP,WE,Federal Contract Tower,0,2,36,0,38,0,18,101,0,119,0,20,137,0,157,22,0,22,179
06/15/2022,HND,NV,AWP,WE,Federal Contract Tower,0,9,33,0,42,0,20,112,0,132,0,29,145,0,174,34,0,34,208
06/16/2022,HND,NV,AWP,WE,Federal Contract Tower,0,6,26,0,32,0,22,104,1,127,0,28,130,1,159,22,0,22,181
06/17/2022,HND,NV,AWP,WE,Federal Contract Tower,0,10,28,2,40,0,17,57,3,77,0,27,85,5,117,16,0,16,133
06/18/2022,HND,NV,AWP,WE,Federal Contract Tower,0,3,26,0,29,0,15,46,3,64,0,18,72,3,93,2,0,2,95
06/19/2022,HND,NV,AWP,WE,Federal Contract Tower,0,15,27,0,42,0,12,107,1,120,0,27,134,1,162,36,0,36,198
06/20/2022,HND,NV,AWP,WE,Federal Contract Tower,0,7,34,0,41,0,9,95,0,104,0,16,129,0,145,26,0,26,171
06/21/2022,HND,NV,AWP,WE,Federal Contract Tower,0,3,28,0,31,0,20,67,0,87,0,23,95,0,118,10,0,10,128
06/22/2022,HND,NV,AWP,WE,Federal Contract Tower,0,10,22,0,32,0,16,52,0,68,0,26,74,0,100,14,0,14,114
06/23/2022,HND,NV,AWP,WE,Federal Contract Tower,0,3,26,0,29,0,5,57,0,62,0,8,83,0,91,56,0,56,147
06/24/2022,HND,NV,AWP,WE,Federal Contract Tower,0,2,23,0,25,0,12,56,3,71,0,14,79,3,96,6,0,6,102
06/25/2022,HND,NV,AWP,WE,Federal Contract Tower,0,5,24,0,29,0,7,95,10,112,0,12,119,10,141,32,0,32,173
06/26/2022,HND,NV,AWP,WE,Federal Contract Tower,0,10,36,0,46,0,6,79,3,88,0,16,115,3,134,18,0,18,152
06/27/2022,HND,NV,AWP,WE,Federal Contract Tower,0,12,32,0,44,0,19,75,0,94,0,31,107,0,138,52,0,52,190
06/28/2022,HND,NV,AWP,WE,Federal Contract Tower,0,3,22,0,25,0,17,54,0,71,0,20,76,0,96,50,0,50,146
06/29/2022,HND,NV,AWP,WE,Federal Contract Tower,0,10,20,0,30,0,28,81,10,119,0,38,101,10,149,18,0,18,167
06/30/2022,HND,NV,AWP,WE,Federal Contract Tower,0,12,40,0,52,0,23,94,2,119,0,35,134,2,171,26,0,26,197
07/01/2022,HND,NV,AWP,WE,Federal Contract Tower,0,18,41,0,59,0,18,65,0,83,0,36,106,0,142,14,0,14,156
07/02/2022,HND,NV,AWP,WE,Federal Contract Tower,0,4,21,0,25,0,19,67,0,86,0,23,88,0,111,12,0,12,123
07/03/2022,HND,NV,AWP,WE,Federal Contract Tower,0,3,23,0,26,0,10,44,0,54,0,13,67,0,80,8,0,8,88
07/04/2022,HND,NV,AWP,WE,Federal Contract Tower,0,2,16,0,18,0,16,43,0,59,0,18,59,0,77,6,0,6,83
07/05/2022,HND,NV,AWP,WE,Federal Contract Tower,0,7,40,0,47,0,10,74,2,86,0,17,114,2,133,16,0,16,149
07/06/2022,HND,NV,AWP,WE,Federal Contract Tower,0,11,21,0,32,0,17,69,0,86,0,28,90,0,118,42,0,42,160
07/07/2022,HND,NV,AWP,WE,Federal Contract Tower,0,10,24,0,34,0,15,102,0,117,0,25,126,0,151,32,0,32,183
07/08/2022,HND,NV,AWP,WE,Federal Contract Tower,0,7,39,0,46,0,22,92,0,114,0,29,131,0,160,22,0,22,182
07/09/2022,HND,NV,AWP,WE,Federal Contract Tower,0,11,25,0,36,0,8,99,0,107,0,19,124,0,143,44,0,44,187
07/10/2022,HND,NV,AWP,WE,Federal Contract Tower,0,5,26,0,31,0,17,108,0,125,0,22,134,0,156,50,0,50,206
07/11/2022,HND,NV,AWP,WE,Federal Contract Tower,0,3,26,0,29,0,43,93,0,136,0,46,119,0,165,54,0,54,219
07/12/2022,HND,NV,AWP,WE,Federal Contract Tower,0,7,28,0,35,0,12,61,1,74,0,19,89,1,109,32,0,32,141
07/13/2022,HND,NV,AWP,WE,Federal Contract Tower,0,10,37,0,47,0,16,77,0,93,0,26,114,0,140,42,0,42,182
07/14/2022,HND,NV,AWP,WE,Federal Contract Tower,0,14,32,0,46,0,14,65,0,79,0,28,97,0,125,30,0,30,155
07/15/2022,HND,NV,AWP,WE,Federal Contract Tower,0,7,39,0,46,0,33,93,0,126,0,40,132,0,172,34,0,34,206
07/16/2022,HND,NV,AWP,WE,Federal Contract Tower,0,3,16,0,19,0,16,95,0,111,0,19,111,0,130,26,0,26,156
07/17/2022,HND,NV,AWP,WE,Federal Contract Tower,0,15,62,0,77,0,3,47,0,50,0,18,109,0,127,8,0,8,135
07/18/2022,HND,NV,AWP,WE,Federal Contract Tower,0,9,24,0,33,0,8,44,0,52,0,17,68,0,85,40,0,40,125
07/19/2022,HND,NV,AWP,WE,Federal Contract Tower,0,8,36,0,44,0,3,87,0,90,0,11,123,0,134,72,0,72,206
07/20/2022,HND,NV,AWP,WE,Federal Contract Tower,0,6,25,0,31,0,11,58,2,71,0,17,83,2,102,36,0,36,138
07/21/2022,HND,NV,AWP,WE,Federal Contract Tower,0,10,39,0,49,0,21,83,0,104,0,31,122,0,153,34,0,34,187
07/22/2022,HND,NV,AWP,WE,Federal Contract Tower,0,3,44,0,47,0,8,93,0,101,0,11,137,0,148,65,0,65,213
07/23/2022,HND,NV,AWP,WE,Federal Contract Tower,0,2,19,0,21,0,1,63,0,64,0,3,82,0,85,26,0,26,111
07/24/2022,HND,NV,AWP,WE,Federal Contract Tower,0,4,34,0,38,0,21,87,0,108,0,25,121,0,146,58,0,58,204
07/25/2022,HND,NV,AWP,WE,Federal Contract Tower,0,4,30,0,34,0,8,61,0,69,0,12,91,0,103,68,0,68,171
07/26/2022,HND,NV,AWP,WE,Federal Contract Tower,0,9,34,0,43,0,2,59,1,62,0,11,93,1,105,46,0,46,151
07/27/2022,HND,NV,AWP,WE,Federal Contract Tower,0,7,40,0,47,0,15,116,1,132,0,22,156,1,179,38,0,38,217
07/28/2022,HND,NV,AWP,WE,Federal Contract Tower,0,5,32,0,37,0,37,73,3,113,0,42,105,3,150,18,0,18,168
07/29/2022,HND,NV,AWP,WE,Federal Contract Tower,0,7,30,0,37,0,20,78,2,100,0,27,108,2,137,26,0,26,163
07/30/2022,HND,NV,AWP,WE,Federal Contract Tower,0,9,14,0,23,0,22,100,0,122,0,31,114,0,145,36,0,36,181
07/31/2022,HND,NV,AWP,WE,Federal Contract Tower,0,4,39,0,43,0,4,58,1,63,0,8,97,1,106,36,0,36,142
08/01/2022,HND,NV,AWP,WE,Federal Contract Tower,0,9,30,0,39,0,11,77,1,89,0,20,107,1,128,24,0,24,152
08/02/2022,HND,NV,AWP,WE,Federal Contract Tower,0,4,13,0,17,0,10,65,1,76,0,14,78,1,93,16,0,16,109
08/03/2022,HND,NV,AWP,WE,Federal Contract Tower,0,8,29,0,37,0,10,92,0,102,0,18,121,0,139,32,0,32,171
08/04/2022,HND,NV,AWP,WE,Federal Contract Tower,0,8,27,0,35,0,13,76,0,89,0,21,103,0,124,54,0,54,178
08/05/2022,HND,NV,AWP,WE,Federal Contract Tower,0,15,38,0,53,0,14,103,0,117,0,29,141,0,170,72,0,72,242
08/06/2022,HND,NV,AWP,WE,Federal Contract Tower,0,8,21,0,29,0,17,120,0,137,0,25,141,0,166,34,0,34,200
08/07/2022,HND,NV,AWP,WE,Federal Contract Tower,0,9,38,0,47,0,9,99,1,109,0,18,137,1,156,60,0,60,216
08/08/2022,HND,NV,AWP,WE,Federal Contract Tower,0,12,24,0,36,0,13,77,0,90,0,25,101,0,126,52,0,52,178
08/09/2022,HND,NV,AWP,WE,Federal Contract Tower,0,8,31,0,39,0,7,66,0,73,0,15,97,0,112,18,0,18,130
08/10/2022,HND,NV,AWP,WE,Federal Contract Tower,0,10,46,0,56,0,8,81,0,89,0,18,127,0,145,76,0,76,221
08/11/2022,HND,NV,AWP,WE,Federal Contract Tower,0,10,47,0,57,0,25,76,0,101,0,35,123,0,158,28,0,28,186
08/12/2022,HND,NV,AWP,WE,Federal Contract Tower,0,12,41,0,53,0,6,108,1,115,0,18,149,1,168,88,0,88,256
08/13/2022,HND,NV,AWP,WE,Federal Contract Tower,0,10,30,0,40,0,14,107,0,121,0,24,137,0,161,22,0,22,183
08/14/2022,HND,NV,AWP,WE,Federal Contract Tower,0,8,41,0,49,0,5,137,0,142,0,13,178,0,191,36,0,36,227
08/15/2022,HND,NV,AWP,WE,Federal Contract Tower,0,11,35,0,46,0,13,85,2,100,0,24,120,2,146,20,0,20,166
08/16/2022,HND,NV,AWP,WE,Federal Contract Tower,0,7,26,0,33,0,5,64,0,69,0,12,90,0,102,30,0,30,132
08/17/2022,HND,NV,AWP,WE,Federal Contract Tower,0,5,35,0,40,0,12,81,0,93,0,17,116,0,133,20,0,20,153
08/18/2022,HND,NV,AWP,WE,Federal Contract Tower,0,13,36,0,49,0,14,92,0,106,0,27,128,0,155,24,0,24,179
08/19/2022,HND,NV,AWP,WE,Federal Contract Tower,0,7,36,0,43,0,18,91,0,109,0,25,127,0,152,10,0,10,162
08/20/2022,HND,NV,AWP,WE,Federal Contract Tower,0,3,24,0,27,0,11,76,0,87,0,14,100,0,114,74,0,74,188
08/21/2022,HND,NV,AWP,WE,Federal Contract Tower,0,14,52,0,66,0,2,108,1,111,0,16,160,1,177,34,0,34,211
08/22/2022,HND,NV,AWP,WE,Federal Contract Tower,0,7,39,0,46,0,13,67,1,81,0,20,106,1,127,46,0,46,173
08/23/2022,HND,NV,AWP,WE,Federal Contract Tower,0,3,36,0,39,0,17,82,1,100,0,20,118,1,139,116,0,116,255
08/24/2022,HND,NV,AWP,WE,Federal Contract Tower,0,5,23,0,28,0,16,57,0,73,0,21,80,0,101,18,0,18,119
08/25/2022,HND,NV,AWP,WE,Federal Contract Tower,0,18,33,0,51,0,25,79,0,104,0,43,112,0,155,14,0,14,169
08/26/2022,HND,NV,AWP,WE,Federal Contract Tower,0,12,31,0,43,0,19,102,0,121,0,31,133,0,164,32,0,32,196
08/27/2022,HND,NV,AWP,WE,Federal Contract Tower,0,11,16,0,27,0,13,117,0,130,0,24,133,0,157,48,0,48,205
08/28/2022,HND,NV,AWP,WE,Federal Contract Tower,0,9,29,0,38,0,13,100,0,113,0,22,129,0,151,28,0,28,179
08/29/2022,HND,NV,AWP,WE,Federal Contract Tower,0,5,29,0,34,0,5,59,0,64,0,10,88,0,98,20,0,20,118
08/30/2022,HND,NV,AWP,WE,Federal Contract Tower,0,14,15,0,29,0,7,87,2,96,0,21,102,2,125,22,0,22,147
08/31/2022,HND,NV,AWP,WE,Federal Contract Tower,0,6,30,0,36,0,41,79,0,120,0,47,109,0,156,50,0,50,206
09/01/2022,HND,NV,AWP,WE,Federal Contract Tower,0,11,22,0,33,0,11,79,0,90,0,22,101,0,123,26,0,26,149
09/02/2022,HND,NV,AWP,WE,Federal Contract Tower,0,6,33,0,39,0,27,91,0,118,0,33,124,0,157,36,0,36,193
09/03/2022,HND,NV,AWP,WE,Federal Contract Tower,0,7,14,0,21,0,16,86,0,102,0,23,100,0,123,92,0,92,215
09/04/2022,HND,NV,AWP,WE,Federal Contract Tower,0,8,20,0,28,0,21,111,0,132,0,29,131,0,160,3,0,3,163
09/05/2022,HND,NV,AWP,WE,Federal Contract Tower,0,7,32,0,39,0,8,95,0,103,0,15,127,0,142,30,0,30,172
09/06/2022,HND,NV,AWP,WE,Federal Contract Tower,0,9,27,0,36,0,12,92,1,105,0,21,119,1,141,106,0,106,247
09/07/2022,HND,NV,AWP,WE,Federal Contract Tower,0,6,45,0,51,0,13,80,0,93,0,19,125,0,144,14,0,14,158
09/08/2022,HND,NV,AWP,WE,Federal Contract Tower,0,23,42,0,65,0,13,105,0,118,0,36,147,0,183,60,0,60,243
09/09/2022,HND,NV,AWP,WE,Federal Contract Tower,0,11,57,0,68,0,18,90,0,108,0,29,147,0,176,20,0,20,196
09/10/2022,HND,NV,AWP,WE,Federal Contract Tower,0,7,28,0,35,0,10,96,0,106,0,17,124,0,141,44,0,44,185
09/11/2022,HND,NV,AWP,WE,Federal Contract Tower,0,6,45,0,51,0,7,112,0,119,0,13,157,0,170,34,0,34,204
09/12/2022,HND,NV,AWP,WE,Federal Contract Tower,0,6,63,0,69,0,9,88,0,97,0,15,151,0,166,42,0,42,208
09/13/2022,HND,NV,AWP,WE,Federal Contract Tower,0,6,57,0,63,0,15,59,0,74,0,21,116,0,137,10,0,10,147
09/14/2022,HND,NV,AWP,WE,Federal Contract Tower,0,8,40,0,48,0,14,91,0,105,0,22,131,0,153,44,0,44,197
09/15/2022,HND,NV,AWP,WE,Federal Contract Tower,0,14,46,0,60,0,13,110,0,123,0,27,156,0,183,48,0,48,231
09/16/2022,HND,NV,AWP,WE,Federal Contract Tower,0,10,46,1,57,0,12,90,0,102,0,22,136,1,159,36,0,36,195
09/17/2022,HND,NV,AWP,WE,Federal Contract Tower,0,14,29,1,44,0,13,77,2,92,0,27,106,3,136,8,0,8,144
09/18/2022,HND,NV,AWP,WE,Federal Contract Tower,0,26,57,0,83,0,29,91,2,122,0,55,148,2,205,14,0,14,219
09/19/2022,HND,NV,AWP,WE,Federal Contract Tower,0,18,58,0,76,0,21,84,0,105,0,39,142,0,181,20,0,20,201
09/20/2022,HND,NV,AWP,WE,Federal Contract Tower,0,14,38,0,52,0,12,85,0,97,0,26,123,0,149,66,0,66,215
09/21/2022,HND,NV,AWP,WE,Federal Contract Tower,0,2,53,0,55,0,14,77,0,91,0,16,130,0,146,28,0,28,174
09/22/2022,HND,NV,AWP,WE,Federal Contract Tower,0,9,56,0,65,0,11,109,0,120,0,20,165,0,185,38,0,38,223
09/23/2022,HND,NV,AWP,WE,Federal Contract Tower,0,12,48,0,60,0,16,109,0,125,0,28,157,0,185,54,0,54,239
09/24/2022,HND,NV,AWP,WE,Federal Contract Tower,0,6,24,0,30,0,6,112,0,118,0,12,136,0,148,34,0,34,182
09/25/2022,HND,NV,AWP,WE,Federal Contract Tower,0,11,63,0,74,0,20,113,0,133,0,31,176,0,207,30,0,30,237
09/26/2022,HND,NV,AWP,WE,Federal Contract Tower,0,13,34,0,47,0,25,98,0,123,0,38,132,0,170,38,0,38,208
09/27/2022,HND,NV,AWP,WE,Federal Contract Tower,0,37,37,0,74,0,11,79,2,92,0,48,116,2,166,62,0,62,228
09/28/2022,HND,NV,AWP,WE,Federal Contract Tower,0,10,51,0,61,0,6,79,0,85,0,16,130,0,146,20,0,20,166
09/29/2022,HND,NV,AWP,WE,Federal Contract Tower,0,6,59,0,65,0,15,84,0,99,0,21,143,0,164,10,0,10,174
09/30/2022,HND,NV,AWP,WE,Federal Contract Tower,0,17,69,0,86,0,15,138,0,153,0,32,207,0,239,48,0,48,287
10/01/2022,HND,NV,AWP,WE,Federal Contract Tower,0,14,40,0,54,0,13,119,0,132,0,27,159,0,186,12,0,12,198
10/02/2022,HND,NV,AWP,WE,Federal Contract Tower,0,19,75,0,94,0,22,137,0,159,0,41,212,0,253,16,0,16,269
10/03/2022,HND,NV,AWP,WE,Federal Contract Tower,0,14,56,0,70,0,11,75,0,86,0,25,131,0,156,58,0,58,214
10/04/2022,HND,NV,AWP,WE,Federal Contract Tower,0,7,56,0,63,0,14,111,0,125,0,21,167,0,188,67,0,67,255
10/05/2022,HND,NV,AWP,WE,Federal Contract Tower,0,7,46,0,53,0,18,86,0,104,0,25,132,0,157,32,0,32,189
10/06/2022,HND,NV,AWP,WE,Federal Contract Tower,0,10,49,0,59,0,19,132,0,151,0,29,181,0,210,38,0,38,248
10/07/2022,HND,NV,AWP,WE,Federal Contract Tower,0,7,65,0,72,0,14,118,1,133,0,21,183,1,205,48,0,48,253
10/08/2022,HND,NV,AWP,WE,Federal Contract Tower,0,13,37,0,50,0,15,129,0,144,0,28,166,0,194,20,0,20,214
10/09/2022,HND,NV,AWP,WE,Federal Contract Tower,0,13,71,0,84,0,7,134,0,141,0,20,205,0,225,36,0,36,261
10/10/2022,HND,NV,AWP,WE,Federal Contract Tower,0,8,64,0,72,0,9,116,0,125,0,17,180,0,197,104,0,104,301
10/11/2022,HND,NV,AWP,WE,Federal Contract Tower,0,7,39,0,46,0,13,107,0,120,0,20,146,0,166,43,0,43,209
10/12/2022,HND,NV,AWP,WE,Federal Contract Tower,0,10,42,0,52,0,13,118,0,131,0,23,160,0,183,20,0,20,203
10/13/2022,HND,NV,AWP,WE,Federal Contract Tower,0,10,49,0,59,0,20,103,0,123,0,30,152,0,182,24,0,24,206
10/14/2022,HND,NV,AWP,WE,Federal Contract Tower,0,12,51,1,64,0,27,147,1,175,0,39,198,2,239,80,0,80,319
10/15/2022,HND,NV,AWP,WE,Federal Contract Tower,0,10,28,0,38,0,13,90,0,103,0,23,118,0,141,40,0,40,181
10/16/2022,HND,NV,AWP,WE,Federal Contract Tower,0,10,50,0,60,0,13,102,0,115,0,23,152,0,175,30,0,30,205
10/17/2022,HND,NV,AWP,WE,Federal Contract Tower,0,10,36,2,48,0,14,89,0,103,0,24,125,2,151,28,0,28,179
10/18/2022,HND,NV,AWP,WE,Federal Contract Tower,0,10,42,0,52,0,5,70,0,75,0,15,112,0,127,50,0,50,177
10/19/2022,HND,NV,AWP,WE,Federal Contract Tower,0,14,56,0,70,0,11,109,0,120,0,25,165,0,190,48,0,48,238
10/20/2022,HND,NV,AWP,WE,Federal Contract Tower,0,15,42,0,57,0,25,102,0,127,0,40,144,0,184,36,0,36,220
10/21/2022,HND,NV,AWP,WE,Federal Contract Tower,0,11,56,0,67,0,16,146,1,163,0,27,202,1,230,48,0,48,278
10/22/2022,HND,NV,AWP,WE,Federal Contract Tower,0,12,27,0,39,0,3,9,0,12,0,15,36,0,51,4,0,4,55
10/23/2022,HND,NV,AWP,WE,Federal Contract Tower,0,6,63,0,69,0,6,81,0,87,0,12,144,0,156,6,0,6,162
10/24/2022,HND,NV,AWP,WE,Federal Contract Tower,0,11,37,0,48,0,8,134,0,142,0,19,171,0,190,64,0,64,254
10/25/2022,HND,NV,AWP,WE,Federal Contract Tower,0,7,37,0,44,0,10,111,0,121,0,17,148,0,165,46,0,46,211
10/26/2022,HND,NV,AWP,WE,Federal Contract Tower,0,7,52,0,59,0,23,149,2,174,0,30,201,2,233,46,0,46,279
10/27/2022,HND,NV,AWP,WE,Federal Contract Tower,0,22,52,2,76,0,22,139,0,161,0,44,191,2,237,12,0,12,249
10/28/2022,HND,NV,AWP,WE,Federal Contract Tower,0,13,43,2,58,0,13,144,0,157,0,26,187,2,215,44,0,44,259
10/29/2022,HND,NV,AWP,WE,Federal Contract Tower,0,4,33,0,37,0,10,136,0,146,0,14,169,0,183,94,0,94,277
10/30/2022,HND,NV,AWP,WE,Federal Contract Tower,0,4,55,0,59,0,12,113,0,125,0,16,168,0,184,24,0,24,208
10/31/2022,HND,NV,AWP,WE,Federal Contract Tower,0,5,48,0,53,0,12,106,0,118,0,17,154,0,171,14,0,14,185
11/01/2022,HND,NV,AWP,WE,Federal Contract Tower,0,9,62,0,71,0,9,74,0,83,0,18,136,0,154,52,0,52,206
11/02/2022,HND,NV,AWP,WE,Federal Contract Tower,0,10,68,0,78,0,10,35,0,45,0,20,103,0,123,0,0,0,123
11/03/2022,HND,NV,AWP,WE,Federal Contract Tower,0,8,77,0,85,0,38,83,0,121,0,46,160,0,206,34,0,34,240
11/04/2022,HND,NV,AWP,WE,Federal Contract Tower,0,10,90,0,100,0,21,188,0,209,0,31,278,0,309,18,0,18,327
11/05/2022,HND,NV,AWP,WE,Federal Contract Tower,0,4,27,0,31,0,13,154,0,167,0,17,181,0,198,52,0,52,250
11/06/2022,HND,NV,AWP,WE,Federal Contract Tower,0,10,60,0,70,0,10,160,0,170,0,20,220,0,240,70,0,70,310
11/07/2022,HND,NV,AWP,WE,Federal Contract Tower,0,5,38,0,43,0,10,33,0,43,0,15,71,0,86,14,0,14,100
11/08/2022,HND,NV,AWP,WE,Federal Contract Tower,0,9,33,0,42,0,9,26,0,35,0,18,59,0,77,24,0,24,101
11/09/2022,HND,NV,AWP,WE,Federal Contract Tower,0,14,38,0,52,0,15,48,0,63,0,29,86,0,115,14,0,14,129
11/10/2022,HND,NV,AWP,WE,Federal Contract Tower,0,8,35,0,43,0,29,152,0,181,0,37,187,0,224,98,0,98,322
11/11/2022,HND,NV,AWP,WE,Federal Contract Tower,0,11,47,1,59,0,32,113,3,148,0,43,160,4,207,44,0,44,251
11/12/2022,HND,NV,AWP,WE,Federal Contract Tower,0,6,30,0,36,0,19,140,3,162,0,25,170,3,198,44,0,44,242
11/13/2022,HND,NV,AWP,WE,Federal Contract Tower,0,10,62,0,72,0,7,104,1,112,0,17,166,1,184,4,0,4,188
11/14/2022,HND,NV,AWP,WE,Federal Contract Tower,0,14,40,0,54,0,16,134,0,150,0,30,174,0,204,30,0,30,234
11/15/2022,HND,NV,AWP,WE,Federal Contract Tower,0,5,33,0,38,0,16,110,2,128,0,21,143,2,166,44,0,44,210
11/16/2022,HND,NV,AWP,WE,Federal Contract Tower,0,13,46,0,59,0,14,79,0,93,0,27,125,0,152,34,0,34,186
11/17/2022,HND,NV,AWP,WE,Federal Contract Tower,0,11,46,0,57,0,18,131,0,149,0,29,177,0,206,54,0,54,260
11/18/2022,HND,NV,AWP,WE,Federal Contract Tower,0,9,77,0,86,0,18,160,0,178,0,27,237,0,264,44,0,44,308
11/19/2022,HND,NV,AWP,WE,Federal Contract Tower,0,9,30,0,39,0,10,95,1,106,0,19,125,1,145,42,0,42,187
11/20/2022,HND,NV,AWP,WE,Federal Contract Tower,0,13,42,0,55,0,11,173,1,185,0,24,215,1,240,108,0,108,348
11/21/2022,HND,NV,AWP,WE,Federal Contract Tower,0,8,23,0,31,0,17,124,0,141,0,25,147,0,172,82,0,82,254
11/22/2022,HND,NV,AWP,WE,Federal Contract Tower,0,5,32,0,37,0,17,126,0,143,0,22,158,0,180,96,0,96,276
11/23/2022,HND,NV,AWP,WE,Federal Contract Tower,0,2,29,0,31,0,23,159,0,182,0,25,188,0,213,70,0,70,283
11/24/2022,HND,NV,AWP,WE,Federal Contract Tower,0,0,10,0,10,0,4,25,0,29,0,4,35,0,39,16,0,16,55
11/25/2022,HND,NV,AWP,WE,Federal Contract Tower,1,4,30,0,35,0,18,83,0,101,1,22,113,0,136,50,0,50,186
11/26/2022,HND,NV,AWP,WE,Federal Contract Tower,0,9,38,0,47,0,17,134,0,151,0,26,172,0,198,118,0,118,316
11/27/2022,HND,NV,AWP,WE,Federal Contract Tower,0,4,51,0,55,0,9,116,0,125,0,13,167,0,180,96,0,96,276
11/28/2022,HND,NV,AWP,WE,Federal Contract Tower,0,6,48,0,54,0,17,74,0,91,0,23,122,0,145,68,0,68,213
11/29/2022,HND,NV,AWP,WE,Federal Contract Tower,0,5,34,0,39,0,11,110,0,121,0,16,144,0,160,86,0,86,246
11/30/2022,HND,NV,AWP,WE,Federal Contract Tower,0,12,41,0,53,0,23,158,0,181,0,35,199,0,234,86,0,86,320
12/01/2022,HND,NV,AWP,WE,Federal Contract Tower,0,21,89,0,110,0,25,70,0,95,0,46,159,0,205,94,0,94,299
12/02/2022,HND,NV,AWP,WE,Federal Contract Tower,0,33,94,0,127,0,11,113,0,124,0,44,207,0,251,0,0,0,251
12/03/2022,HND,NV,AWP,WE,Federal Contract Tower,0,24,80,0,104,0,14,156,0,170,0,38,236,0,274,40,0,40,314
12/04/2022,HND,NV,AWP,WE,Federal Contract Tower,0,24,117,0,141,0,16,86,0,102,0,40,203,0,243,28,0,28,271
12/05/2022,HND,NV,AWP,WE,Federal Contract Tower,0,12,75,0,87,0,20,84,1,105,0,32,159,1,192,64,0,64,256
12/06/2022,HND,NV,AWP,WE,Federal Contract Tower,0,4,64,2,70,0,26,125,8,159,0,30,189,10,229,74,0,74,303
12/07/2022,HND,NV,AWP,WE,Federal Contract Tower,0,9,74,0,83,0,14,106,4,124,0,23,180,4,207,86,0,86,293
12/08/2022,HND,NV,AWP,WE,Federal Contract Tower,0,23,89,0,112,0,38,185,2,225,0,61,274,2,337,60,0,60,397
12/09/2022,HND,NV,AWP,WE,Federal Contract Tower,0,19,99,1,119,0,26,141,0,167,0,45,240,1,286,32,0,32,318
12/10/2022,HND,NV,AWP,WE,Federal Contract Tower,0,14,55,0,69,0,17,167,0,184,0,31,222,0,253,42,0,42,295
12/11/2022,HND,NV,AWP,WE,Federal Contract Tower,0,27,124,0,151,0,2,34,1,37,0,29,158,1,188,4,0,4,192
12/12/2022,HND,NV,AWP,WE,Federal Contract Tower,0,7,45,0,52,0,11,98,0,109,0,18,143,0,161,46,0,46,207
12/13/2022,HND,NV,AWP,WE,Federal Contract Tower,0,13,40,0,53,0,18,75,2,95,0,31,115,2,148,34,0,34,182
12/14/2022,HND,NV,AWP,WE,Federal Contract Tower,0,10,35,0,45,0,28,110,0,138,0,38,145,0,183,42,0,42,225
12/15/2022,HND,NV,AWP,WE,Federal Contract Tower,0,13,47,0,60,0,18,145,1,164,0,31,192,1,224,94,0,94,318
12/16/2022,HND,NV,AWP,WE,Federal Contract Tower,0,12,64,0,76,0,24,107,4,135,0,36,171,4,211,70,0,70,281
12/17/2022,HND,NV,AWP,WE,Federal Contract Tower,0,6,44,0,50,0,7,95,0,102,0,13,139,0,152,26,0,26,178
12/18/2022,HND,NV,AWP,WE,Federal Contract Tower,0,11,45,0,56,0,15,117,0,132,0,26,162,0,188,36,0,36,224
12/19/2022,HND,NV,AWP,WE,Federal Contract Tower,0,2,46,0,48,0,9,118,1,128,0,11,164,1,176,60,0,60,236
12/20/2022,HND,NV,AWP,WE,Federal Contract Tower,0,10,37,0,47,0,13,110,0,123,0,23,147,0,170,40,0,40,210
12/21/2022,HND,NV,AWP,WE,Federal Contract Tower,0,13,38,0,51,0,20,107,0,127,0,33,145,0,178,54,0,54,232
12/22/2022,HND,NV,AWP,WE,Federal Contract Tower,0,6,37,2,45,0,19,112,1,132,0,25,149,3,177,36,0,36,213
12/23/2022,HND,NV,AWP,WE,Federal Contract Tower,0,11,28,0,39,0,7,81,0,88,0,18,109,0,127,116,0,116,243
12/24/2022,HND,NV,AWP,WE,Federal Contract Tower,0,0,13,0,13,0,6,87,0,93,0,6,100,0,106,32,0,32,138
12/25/2022,HND,NV,AWP,WE,Federal Contract Tower,1,1,8,0,10,0,2,44,0,46,1,3,52,0,56,10,0,10,66
12/26/2022,HND,NV,AWP,WE,Federal Contract Tower,0,15,33,0,48,0,20,112,0,132,0,35,145,0,180,50,0,50,230
12/27/2022,HND,NV,AWP,WE,Federal Contract Tower,0,15,40,0,55,0,18,52,0,70,0,33,92,0,125,8,0,8,133
12/28/2022,HND,NV,AWP,WE,Federal Contract Tower,0,7,42,0,49,0,13,114,0,127,0,20,156,0,176,26,0,26,202
12/29/2022,HND,NV,AWP,WE,Federal Contract Tower,0,15,56,0,71,0,31,112,0,143,0,46,168,0,214,58,0,58,272
12/30/2022,HND,NV,AWP,WE,Federal Contract Tower,0,18,72,0,90,0,10,94,0,104,0,28,166,0,194,56,0,56,250
12/31/2022,HND,NV,AWP,WE,Federal Contract Tower,0,6,39,0,45,0,8,17,0,25,0,14,56,0,70,0,0,0,70
01/01/2023,HND,NV,AWP,WE,Federal Contract Tower,0,7,26,0,33,0,3,9,0,12,0,10,35,0,45,0,0,0,45
01/02/2023,HND,NV,AWP,WE,Federal Contract Tower,0,14,65,0,79,0,16,142,0,158,0,30,207,0,237,46,0,46,283
01/03/2023,HND,NV,AWP,WE,Federal Contract Tower,0,10,56,0,66,0,5,85,0,90,0,15,141,0,156,20,0,20,176
01/04/2023,HND,NV,AWP,WE,Federal Contract Tower,0,13,49,0,62,0,14,49,0,63,0,27,98,0,125,26,0,26,151
01/05/2023,HND,NV,AWP,WE,Federal Contract Tower,0,10,50,0,60,0,13,28,0,41,0,23,78,0,101,6,0,6,107
01/06/2023,HND,NV,AWP,WE,Federal Contract Tower,0,19,77,1,97,0,36,122,0,158,0,55,199,1,255,56,0,56,311
01/07/2023,HND,NV,AWP,WE,Federal Contract Tower,0,5,38,0,43,0,13,164,2,179,0,18,202,2,222,46,0,46,268
01/08/2023,HND,NV,AWP,WE,Federal Contract Tower,0,11,52,0,63,0,26,99,0,125,0,37,151,0,188,40,0,40,228
01/09/2023,HND,NV,AWP,WE,Federal Contract Tower,0,11,46,0,57,0,11,66,0,77,0,22,112,0,134,58,0,58,192
01/10/2023,HND,NV,AWP,WE,Federal Contract Tower,0,6,24,0,30,0,3,33,0,36,0,9,57,0,66,0,0,0,66
01/11/2023,HND,NV,AWP,WE,Federal Contract Tower,0,13,34,0,47,0,14,114,0,128,0,27,148,0,175,26,0,26,201
01/12/2023,HND,NV,AWP,WE,Federal Contract Tower,0,9,50,0,59,0,35,127,0,162,0,44,177,0,221,68,0,68,289
01/13/2023,HND,NV,AWP,WE,Federal Contract Tower,0,12,54,0,66,0,29,128,0,157,0,41,182,0,223,88,0,88,311
01/14/2023,HND,NV,AWP,WE,Federal Contract Tower,0,6,22,0,28,0,5,79,0,84,0,11,101,0,112,14,0,14,126
01/15/2023,HND,NV,AWP,WE,Federal Contract Tower,0,11,53,0,64,0,5,49,0,54,0,16,102,0,118,20,0,20,138
01/16/2023,HND,NV,AWP,WE,Federal Contract Tower,0,6,82,1,89,0,6,24,1,31,0,12,106,2,120,0,0,0,120
01/17/2023,HND,NV,AWP,WE,Federal Contract Tower,0,13,61,0,74,0,14,107,1,122,0,27,168,1,196,26,0,26,222
01/18/2023,HND,NV,AWP,WE,Federal Contract Tower,0,13,52,0,65,0,16,135,1,152,0,29,187,1,217,78,0,78,295
01/19/2023,HND,NV,AWP,WE,Federal Contract Tower,0,13,75,0,88,0,17,95,0,112,0,30,170,0,200,50,0,50,250
01/20/2023,HND,NV,AWP,WE,Federal Contract Tower,0,22,71,0,93,0,23,67,0,90,0,45,138,0,183,58,0,58,241
01/21/2023,HND,NV,AWP,WE,Federal Contract Tower,0,9,41,0,50,0,8,153,0,161,0,17,194,0,211,36,0,36,247
01/22/2023,HND,NV,AWP,WE,Federal Contract Tower,0,20,53,0,73,0,15,125,0,140,0,35,178,0,213,32,0,32,245
01/23/2023,HND,NV,AWP,WE,Federal Contract Tower,0,8,27,0,35,0,7,55,0,62,0,15,82,0,97,14,0,14,111
01/24/2023,HND,NV,AWP,WE,Federal Contract Tower,0,7,41,2,50,0,14,157,0,171,0,21,198,2,221,60,0,60,281
01/25/2023,HND,NV,AWP,WE,Federal Contract Tower,0,11,40,0,51,0,18,149,4,171,0,29,189,4,222,56,0,56,278
01/26/2023,HND,NV,AWP,WE,Federal Contract Tower,0,9,56,0,65,0,10,123,0,133,0,19,179,0,198,16,0,16,214
01/27/2023,HND,NV,AWP,WE,Federal Contract Tower,0,14,32,0,46,0,27,137,2,166,0,41,169,2,212,81,0,81,293
01/28/2023,HND,NV,AWP,WE,Federal Contract Tower,0,11,34,1,46,0,15,161,1,177,0,26,195,2,223,16,0,16,239
01/29/2023,HND,NV,AWP,WE,Federal Contract Tower,0,14,56,1,71,0,25,126,1,152,0,39,182,2,223,0,0,0,223
01/30/2023,HND,NV,AWP,WE,Federal Contract Tower,0,21,96,0,117,0,2,26,0,28,0,23,122,0,145,0,0,0,145
01/31/2023,HND,NV,AWP,WE,Federal Contract Tower,0,19,61,0,80,0,18,83,0,101,0,37,144,0,181,42,0,42,223
02/01/2023,HND,NV,AWP,WE,Federal Contract Tower,0,25,76,0,101,0,15,106,2,123,0,40,182,2,224,62,0,62,286
02/02/2023,HND,NV,AWP,WE,Federal Contract Tower,0,21,71,0,92,0,29,121,0,150,0,50,192,0,242,26,0,26,268
02/03/2023,HND,NV,AWP,WE,Federal Contract Tower,0,13,60,0,73,0,18,151,2,171,0,31,211,2,244,38,0,38,282
02/04/2023,HND,NV,AWP,WE,Federal Contract Tower,0,13,28,0,41,0,11,149,3,163,0,24,177,3,204,24,0,24,228
02/05/2023,HND,NV,AWP,WE,Federal Contract Tower,0,10,40,0,50,0,12,53,1,66,0,22,93,1,116,16,0,16,132
02/06/2023,HND,NV,AWP,WE,Federal Contract Tower,0,15,29,2,46,0,3,69,0,72,0,18,98,2,118,12,0,12,130
02/07/2023,HND,NV,AWP,WE,Federal Contract Tower,0,9,33,0,42,0,13,82,0,95,0,22,115,0,137,58,0,58,195
02/08/2023,HND,NV,AWP,WE,Federal Contract Tower,0,14,18,2,34,0,17,160,0,177,0,31,178,2,211,78,0,78,289
02/09/2023,HND,NV,AWP,WE,Federal Contract Tower,0,13,41,0,54,0,6,93,3,102,0,19,134,3,156,54,0,54,210
02/10/2023,HND,NV,AWP,WE,Federal Contract Tower,0,13,62,0,75,0,18,149,0,167,0,31,211,0,242,94,0,94,336
02/11/2023,HND,NV,AWP,WE,Federal Contract Tower,0,12,33,0,45,0,14,131,0,145,0,26,164,0,190,26,0,26,216
02/12/2023,HND,NV,AWP,WE,Federal Contract Tower,0,17,39,0,56,0,16,100,0,116,0,33,139,0,172,8,0,8,180
02/13/2023,HND,NV,AWP,WE,Federal Contract Tower,0,35,64,0,99,0,23,128,7,158,0,58,192,7,257,22,0,22,279
02/14/2023,HND,NV,AWP,WE,Federal Contract Tower,0,10,28,0,38,0,5,22,0,27,0,15,50,0,65,0,0,0,65
02/15/2023,HND,NV,AWP,WE,Federal Contract Tower,0,28,32,0,60,0,21,76,4,101,0,49,108,4,161,4,0,4,165
02/16/2023,HND,NV,AWP,WE,Federal Contract Tower,0,16,49,1,66,0,29,124,0,153,0,45,173,1,219,62,0,62,281
02/17/2023,HND,NV,AWP,WE,Federal Contract Tower,0,29,50,0,79,0,18,164,0,182,0,47,214,0,261,36,0,36,297
02/18/2023,HND,NV,AWP,WE,Federal Contract Tower,0,18,32,0,50,0,14,194,0,208,0,32,226,0,258,42,0,42,300
02/19/2023,HND,NV,AWP,WE,Federal Contract Tower,0,24,48,0,72,0,34,195,0,229,0,58,243,0,301,68,2,70,371
02/20/2023,HND,NV,AWP,WE,Federal Contract Tower,0,26,44,0,70,0,12,194,0,206,0,38,238,0,276,120,0,120,396
02/21/2023,HND,NV,AWP,WE,Federal Contract Tower,0,22,38,0,60,0,19,50,1,70,0,41,88,1,130,0,0,0,130
02/22/2023,HND,NV,AWP,WE,Federal Contract Tower,0,15,43,0,58,0,9,7,1,17,0,24,50,1,75,0,0,0,75
02/23/2023,HND,NV,AWP,WE,Federal Contract Tower,0,14,42,0,56,0,3,26,2,31,0,17,68,2,87,44,0,44,131
02/24/2023,HND,NV,AWP,WE,Federal Contract Tower,0,11,35,0,46,0,14,74,0,88,0,25,109,0,134,48,0,48,182
02/25/2023,HND,NV,AWP,WE,Federal Contract Tower,1,11,24,0,36,0,12,49,0,61,1,23,73,0,97,66,0,66,163
02/26/2023,HND,NV,AWP,WE,Federal Contract Tower,0,20,45,0,65,0,16,70,2,88,0,36,115,2,153,34,0,34,187
02/27/2023,HND,NV,AWP,WE,Federal Contract Tower,0,7,31,0,38,0,5,56,0,61,0,12,87,0,99,8,0,8,107
02/28/2023,HND,NV,AWP,WE,Federal Contract Tower,0,12,35,0,47,0,14,73,0,87,0,26,108,0,134,24,0,24,158
03/01/2023,HND,NV,AWP,WE,Federal Contract Tower,0,9,31,0,40,0,0,2,0,2,0,9,33,0,42,14,0,14,56
03/02/2023,HND,NV,AWP,WE,Federal Contract Tower,0,12,58,0,70,0,21,104,2,127,0,33,162,2,197,58,0,58,255
03/03/2023,HND,NV,AWP,WE,Federal Contract Tower,0,12,71,0,83,0,33,240,2,275,0,45,311,2,358,92,0,92,450
03/04/2023,HND,NV,AWP,WE,Federal Contract Tower,0,13,39,0,52,0,9,91,0,100,0,22,130,0,152,52,0,52,204
03/05/2023,HND,NV,AWP,WE,Federal Contract Tower,0,18,64,0,82,0,5,26,0,31,0,23,90,0,113,6,0,6,119
03/06/2023,HND,NV,AWP,WE,Federal Contract Tower,0,20,41,0,61,0,16,80,2,98,0,36,121,2,159,42,0,42,201
03/07/2023,HND,NV,AWP,WE,Federal Contract Tower,0,14,38,0,52,0,13,143,0,156,0,27,181,0,208,58,0,58,266
03/08/2023,HND,NV,AWP,WE,Federal Contract Tower,0,9,65,0,74,0,43,77,0,120,0,52,142,0,194,38,0,38,232
03/09/2023,HND,NV,AWP,WE,Federal Contract Tower,0,10,49,0,59,0,24,143,0,167,0,34,192,0,226,20,0,20,246
03/10/2023,HND,NV,AWP,WE,Federal Contract Tower,0,12,67,0,79,0,9,21,0,30,0,21,88,0,109,0,0,0,109
03/11/2023,HND,NV,AWP,WE,Federal Contract Tower,0,19,46,0,65,0,15,54,2,71,0,34,100,2,136,12,0,12,148
03/12/2023,HND,NV,AWP,WE,Federal Contract Tower,0,18,84,1,103,0,15,149,1,165,0,33,233,2,268,26,0,26,294
03/13/2023,HND,NV,AWP,WE,Federal Contract Tower,0,11,64,0,75,0,7,123,2,132,0,18,187,2,207,6,0,6,213
03/14/2023,HND,NV,AWP,WE,Federal Contract Tower,0,26,110,0,136,0,11,45,0,56,0,37,155,0,192,0,0,0,192
03/15/2023,HND,NV,AWP,WE,Federal Contract Tower,0,28,79,0,107,0,0,14,0,14,0,28,93,0,121,0,0,0,121
03/16/2023,HND,NV,AWP,WE,Federal Contract Tower,0,14,97,0,111,0,16,100,0,116,0,30,197,0,227,4,0,4,231
03/17/2023,HND,NV,AWP,WE,Federal Contract Tower,0,22,96,0,118,0,7,136,0,143,0,29,232,0,261,22,0,22,283
03/18/2023,HND,NV,AWP,WE,Federal Contract Tower,0,14,70,0,84,0,24,99,0,123,0,38,169,0,207,4,0,4,211
03/19/2023,HND,NV,AWP,WE,Federal Contract Tower,0,25,68,0,93,0,16,72,0,88,0,41,140,0,181,44,0,44,225
03/20/2023,HND,NV,AWP,WE,Federal Contract Tower,0,10,47,0,57,0,23,49,3,75,0,33,96,3,132,0,0,0,132
03/21/2023,HND,NV,AWP,WE,Federal Contract Tower,0,26,47,0,73,0,9,13,4,26,0,35,60,4,99,12,0,12,111
03/22/2023,HND,NV,AWP,WE,Federal Contract Tower,0,21,35,0,56,0,14,20,6,40,0,35,55,6,96,0,0,0,96
03/23/2023,HND,NV,AWP,WE,Federal Contract Tower,0,24,69,1,94,0,10,129,2,141,0,34,198,3,235,56,0,56,291
03/24/2023,HND,NV,AWP,WE,Federal Contract Tower,0,16,81,0,97,0,21,149,0,170,0,37,230,0,267,78,0,78,345
03/25/2023,HND,NV,AWP,WE,Federal Contract Tower,0,18,52,0,70,0,9,163,0,172,0,27,215,0,242,44,0,44,286
03/26/2023,HND,NV,AWP,WE,Federal Contract Tower,0,27,69,1,97,0,15,127,0,142,0,42,196,1,239,60,0,60,299
03/27/2023,HND,NV,AWP,WE,Federal Contract Tower,0,5,48,0,53,0,10,102,2,114,0,15,150,2,167,44,0,44,211
03/28/2023,HND,NV,AWP,WE,Federal Contract Tower,0,8,41,1,50,0,10,117,0,127,0,18,158,1,177,18,0,18,195
03/29/2023,HND,NV,AWP,WE,Federal Contract Tower,0,15,51,0,66,0,7,33,2,42,0,22,84,2,108,0,0,0,108
03/30/2023,HND,NV,AWP,WE,Federal Contract Tower,0,17,42,0,59,0,9,42,0,51,0,26,84,0,110,2,0,2,112
03/31/2023,HND,NV,AWP,WE,Federal Contract Tower,0,11,46,0,57,0,15,207,0,222,0,26,253,0,279,64,0,64,343
04/01/2023,HND,NV,AWP,WE,Federal Contract Tower,0,17,28,0,45,0,12,157,2,171,0,29,185,2,216,26,0,26,242
04/02/2023,HND,NV,AWP,WE,Federal Contract Tower,0,11,57,0,68,0,21,99,0,120,0,32,156,0,188,18,0,18,206
04/03/2023,HND,NV,AWP,WE,Federal Contract Tower,0,8,16,0,24,0,3,10,0,13,0,11,26,0,37,0,0,0,37
04/04/2023,HND,NV,AWP,WE,Federal Contract Tower,0,14,42,0,56,0,33,67,0,100,0,47,109,0,156,4,0,4,160
04/05/2023,HND,NV,AWP,WE,Federal Contract Tower,0,16,26,0,42,0,27,169,0,196,0,43,195,0,238,50,0,50,288
04/06/2023,HND,NV,AWP,WE,Federal Contract Tower,0,19,41,0,60,0,15,130,8,153,0,34,171,8,213,46,0,46,259
04/07/2023,HND,NV,AWP,WE,Federal Contract Tower,0,8,34,0,42,0,16,149,0,165,0,24,183,0,207,88,0,88,295
04/08/2023,HND,NV,AWP,WE,Federal Contract Tower,0,12,19,0,31,0,5,158,0,163,0,17,177,0,194,74,0,74,268
04/09/2023,HND,NV,AWP,WE,Federal Contract Tower,0,7,25,0,32,0,15,141,0,156,0,22,166,0,188,2,0,2,190
04/10/2023,HND,NV,AWP,WE,Federal Contract Tower,0,16,39,0,55,0,36,141,0,177,0,52,180,0,232,34,0,34,266
04/11/2023,HND,NV,AWP,WE,Federal Contract Tower,0,16,38,0,54,0,8,108,0,116,0,24,146,0,170,32,0,32,202
04/12/2023,HND,NV,AWP,WE,Federal Contract Tower,0,4,32,0,36,0,18,54,0,72,0,22,86,0,108,14,0,14,122
04/13/2023,HND,NV,AWP,WE,Federal Contract Tower,0,15,59,0,74,0,22,110,0,132,0,37,169,0,206,32,0,32,238
04/14/2023,HND,NV,AWP,WE,Federal Contract Tower,0,17,43,0,60,0,19,138,0,157,0,36,181,0,217,18,0,18,235
04/15/2023,HND,NV,AWP,WE,Federal Contract Tower,0,10,30,0,40,0,10,261,0,271,0,20,291,0,311,52,0,52,363
04/16/2023,HND,NV,AWP,WE,Federal Contract Tower,0,15,50,0,65,0,12,159,0,171,0,27,209,0,236,22,0,22,258
04/17/2023,HND,NV,AWP,WE,Federal Contract Tower,0,13,43,0,56,0,7,70,0,77,0,20,113,0,133,20,0,20,153
04/18/2023,HND,NV,AWP,WE,Federal Contract Tower,0,10,34,0,44,0,10,28,0,38,0,20,62,0,82,10,0,10,92
04/19/2023,HND,NV,AWP,WE,Federal Contract Tower,0,27,54,0,81,0,13,123,2,138,0,40,177,2,219,54,0,54,273
04/20/2023,HND,NV,AWP,WE,Federal Contract Tower,0,38,72,0,110,0,38,137,2,177,0,76,209,2,287,48,0,48,335
04/21/2023,HND,NV,AWP,WE,Federal Contract Tower,0,24,64,0,88,0,20,151,0,171,0,44,215,0,259,72,0,72,331
04/22/2023,HND,NV,AWP,WE,Federal Contract Tower,0,24,54,0,78,0,18,143,0,161,0,42,197,0,239,8,0,8,247
04/23/2023,HND,NV,AWP,WE,Federal Contract Tower,0,30,67,0,97,0,20,166,2,188,0,50,233,2,285,72,0,72,357
04/24/2023,HND,NV,AWP,WE,Federal Contract Tower,0,24,45,2,71,0,34,118,2,154,0,58,163,4,225,52,0,52,277
04/25/2023,HND,NV,AWP,WE,Federal Contract Tower,0,34,51,0,85,0,16,96,3,115,0,50,147,3,200,10,0,10,210
04/26/2023,HND,NV,AWP,WE,Federal Contract Tower,0,29,48,0,77,0,15,118,1,134,0,44,166,1,211,26,0,26,237
04/27/2023,HND,NV,AWP,WE,Federal Contract Tower,0,15,45,2,62,0,19,124,0,143,0,34,169,2,205,40,0,40,245
04/28/2023,HND,NV,AWP,WE,Federal Contract Tower,0,60,64,0,124,0,20,115,1,136,0,80,179,1,260,2,0,2,262
04/29/2023,HND,NV,AWP,WE,Federal Contract Tower,0,17,39,0,56,0,11,139,0,150,0,28,178,0,206,36,0,36,242
04/30/2023,HND,NV,AWP,WE,Federal Contract Tower,0,32,52,2,86,0,15,112,0,127,0,47,164,2,213,20,0,20,233
05/01/2023,HND,NV,AWP,WE,Federal Contract Tower,0,29,31,0,60,0,10,46,0,56,0,39,77,0,116,20,0,20,136
05/02/2023,HND,NV,AWP,WE,Federal Contract Tower,0,20,31,0,51,0,7,66,0,73,0,27,97,0,124,26,0,26,150
05/03/2023,HND,NV,AWP,WE,Federal Contract Tower,0,33,50,1,84,0,14,94,0,108,0,47,144,1,192,10,0,10,202
05/04/2023,HND,NV,AWP,WE,Federal Contract Tower,0,23,47,0,70,0,6,36,1,43,0,29,83,1,113,6,0,6,119
05/05/2023,HND,NV,AWP,WE,Federal Contract Tower,0,26,52,0,78,0,23,103,3,129,0,49,155,3,207,46,0,46,253
05/06/2023,HND,NV,AWP,WE,Federal Contract Tower,0,11,42,0,53,0,11,78,0,89,0,22,120,0,142,24,0,24,166
05/07/2023,HND,NV,AWP,WE,Federal Contract Tower,0,21,51,0,72,0,14,160,2,176,0,35,211,2,248,30,0,30,278
05/08/2023,HND,NV,AWP,WE,Federal Contract Tower,0,14,38,0,52,0,5,94,0,99,0,19,132,0,151,4,0,4,155
05/09/2023,HND,NV,AWP,WE,Federal Contract Tower,0,15,42,0,57,0,5,110,0,115,0,20,152,0,172,34,0,34,206
05/10/2023,HND,NV,AWP,WE,Federal Contract Tower,0,26,44,0,70,0,16,77,0,93,0,42,121,0,163,8,0,8,171
05/11/2023,HND,NV,AWP,WE,Federal Contract Tower,0,25,36,0,61,0,23,147,0,170,0,48,183,0,231,48,0,48,279
05/12/2023,HND,NV,AWP,WE,Federal Contract Tower,0,24,58,0,82,0,11,138,0,149,0,35,196,0,231,50,0,50,281
05/13/2023,HND,NV,AWP,WE,Federal Contract Tower,0,10,38,0,48,0,6,104,0,110,0,16,142,0,158,18,0,18,176
05/14/2023,HND,NV,AWP,WE,Federal Contract Tower,0,17,31,0,48,0,18,72,0,90,0,35,103,0,138,12,0,12,150
05/15/2023,HND,NV,AWP,WE,Federal Contract Tower,0,20,53,0,73,0,9,84,0,93,0,29,137,0,166,0,0,0,166
05/16/2023,HND,NV,AWP,WE,Federal Contract Tower,0,9,37,0,46,0,10,124,0,134,0,19,161,0,180,14,0,14,194
05/17/2023,HND,NV,AWP,WE,Federal Contract Tower,0,14,54,0,68,0,24,105,0,129,0,38,159,0,197,46,0,46,243
05/18/2023,HND,NV,AWP,WE,Federal Contract Tower,0,16,53,0,69,0,15,112,0,127,0,31,165,0,196,26,0,26,222
05/19/2023,HND,NV,AWP,WE,Federal Contract Tower,0,25,76,0,101,0,16,97,0,113,0,41,173,0,214,60,0,60,274
05/20/2023,HND,NV,AWP,WE,Federal Contract Tower,0,17,53,0,70,0,13,206,0,219,0,30,259,0,289,12,0,12,301
05/21/2023,HND,NV,AWP,WE,Federal Contract Tower,0,49,109,0,158,0,21,120,0,141,0,70,229,0,299,48,0,48,347
05/22/2023,HND,NV,AWP,WE,Federal Contract Tower,0,30,59,0,89,0,10,102,0,112,0,40,161,0,201,6,0,6,207
05/23/2023,HND,NV,AWP,WE,Federal Contract Tower,0,29,97,0,126,0,7,106,0,113,0,36,203,0,239,18,0,18,257
05/24/2023,HND,NV,AWP,WE,Federal Contract Tower,0,22,56,0,78,0,17,74,0,91,0,39,130,0,169,0,0,0,169
05/25/2023,HND,NV,AWP,WE,Federal Contract Tower,0,11,63,0,74,0,22,92,0,114,0,33,155,0,188,18,0,18,206
05/26/2023,HND,NV,AWP,WE,Federal Contract Tower,0,23,42,0,65,0,10,111,0,121,0,33,153,0,186,12,0,12,198
05/27/2023,HND,NV,AWP,WE,Federal Contract Tower,0,10,33,0,43,0,14,135,0,149,0,24,168,0,192,16,0,16,208
05/28/2023,HND,NV,AWP,WE,Federal Contract Tower,0,19,26,0,45,0,12,134,0,146,0,31,160,0,191,2,0,2,193
05/29/2023,HND,NV,AWP,WE,Federal Contract Tower,0,17,44,0,61,0,8,90,0,98,0,25,134,0,159,14,0,14,173
05/30/2023,HND,NV,AWP,WE,Federal Contract Tower,0,17,32,0,49,0,12,101,0,113,0,29,133,0,162,16,0,16,178
05/31/2023,HND,NV,AWP,WE,Federal Contract Tower,0,19,32,0,51,0,25,106,1,132,0,44,138,1,183,36,0,36,219
06/01/2023,HND,NV,AWP,WE,Federal Contract Tower,0,33,44,0,77,0,13,65,3,81,0,46,109,3,158,28,0,28,186
06/02/2023,HND,NV,AWP,WE,Federal Contract Tower,0,30,38,0,68,0,12,133,0,145,0,42,171,0,213,4,0,4,217
06/03/2023,HND,NV,AWP,WE,Federal Contract Tower,0,18,21,0,39,0,11,91,0,102,0,29,112,0,141,10,0,10,151
06/04/2023,HND,NV,AWP,WE,Federal Contract Tower,0,21,42,0,63,0,28,105,0,133,0,49,147,0,196,48,0,48,244
06/05/2023,HND,NV,AWP,WE,Federal Contract Tower,0,18,31,0,49,0,19,81,0,100,0,37,112,0,149,4,0,4,153
06/06/2023,HND,NV,AWP,WE,Federal Contract Tower,0,11,29,0,40,0,5,74,0,79,0,16,103,0,119,4,0,4,123
06/07/2023,HND,NV,AWP,WE,Federal Contract Tower,0,13,37,0,50,0,10,80,0,90,0,23,117,0,140,30,0,30,170
06/08/2023,HND,NV,AWP,WE,Federal Contract Tower,0,10,34,2,46,0,9,93,2,104,0,19,127,4,150,14,0,14,164
06/09/2023,HND,NV,AWP,WE,Federal Contract Tower,0,9,31,0,40,0,9,119,0,128,0,18,150,0,168,2,0,2,170
06/10/2023,HND,NV,AWP,WE,Federal Contract Tower,0,8,11,0,19,0,11,106,0,117,0,19,117,0,136,4,0,4,140
06/11/2023,HND,NV,AWP,WE,Federal Contract Tower,0,10,35,0,45,0,0,84,0,84,0,10,119,0,129,12,0,12,141
06/12/2023,HND,NV,AWP,WE,Federal Contract Tower,0,12,42,0,54,0,15,61,0,76,0,27,103,0,130,58,0,58,188
06/13/2023,HND,NV,AWP,WE,Federal Contract Tower,0,17,53,0,70,0,21,128,0,149,0,38,181,0,219,30,0,30,249
06/14/2023,HND,NV,AWP,WE,Federal Contract Tower,0,29,50,0,79,0,26,91,1,118,0,55,141,1,197,44,0,44,241
06/15/2023,HND,NV,AWP,WE,Federal Contract Tower,0,18,37,0,55,0,5,98,0,103,0,23,135,0,158,10,0,10,168
06/16/2023,HND,NV,AWP,WE,Federal Contract Tower,0,19,41,0,60,0,14,58,0,72,0,33,99,0,132,4,0,4,136
06/17/2023,HND,NV,AWP,WE,Federal Contract Tower,0,16,34,0,50,0,7,111,0,118,0,23,145,0,168,32,0,32,200
06/18/2023,HND,NV,AWP,WE,Federal Contract Tower,0,19,38,0,57,0,19,67,0,86,0,38,105,0,143,4,0,4,147
06/19/2023,HND,NV,AWP,WE,Federal Contract Tower,0,7,34,0,41,0,8,13,0,21,0,15,47,0,62,0,0,0,62
06/20/2023,HND,NV,AWP,WE,Federal Contract Tower,0,14,32,0,46,0,24,56,0,80,0,38,88,0,126,22,0,22,148
06/21/2023,HND,NV,AWP,WE,Federal Contract Tower,0,21,32,0,53,0,10,86,0,96,0,31,118,0,149,12,0,12,161
06/22/2023,HND,NV,AWP,WE,Federal Contract Tower,0,15,44,0,59,0,16,87,2,105,0,31,131,2,164,8,0,8,172
06/23/2023,HND,NV,AWP,WE,Federal Contract Tower,0,26,37,0,63,0,13,115,1,129,0,39,152,1,192,12,0,12,204
06/24/2023,HND,NV,AWP,WE,Federal Contract Tower,0,10,28,0,38,0,8,113,0,121,0,18,141,0,159,36,0,36,195
06/25/2023,HND,NV,AWP,WE,Federal Contract Tower,0,11,46,1,58,0,7,77,0,84,0,18,123,1,142,6,0,6,148
06/26/2023,HND,NV,AWP,WE,Federal Contract Tower,0,9,38,0,47,0,16,67,0,83,0,25,105,0,130,0,0,0,130
06/27/2023,HND,NV,AWP,WE,Federal Contract Tower,0,12,22,0,34,0,12,96,0,108,0,24,118,0,142,12,0,12,154
06/28/2023,HND,NV,AWP,WE,Federal Contract Tower,0,14,41,0,55,0,10,90,1,101,0,24,131,1,156,8,0,8,164
06/29/2023,HND,NV,AWP,WE,Federal Contract Tower,0,12,29,0,41,0,12,99,1,112,0,24,128,1,153,16,0,16,169
06/30/2023,HND,NV,AWP,WE,Federal Contract Tower,0,15,32,0,47,0,16,133,0,149,0,31,165,0,196,12,0,12,208
07/01/2023,HND,NV,AWP,WE,Federal Contract Tower,0,8,35,0,43,0,5,102,0,107,0,13,137,0,150,0,0,0,150
07/02/2023,HND,NV,AWP,WE,Federal Contract Tower,0,10,27,0,37,0,12,67,0,79,0,22,94,0,116,28,0,28,144
07/03/2023,HND,NV,AWP,WE,Federal Contract Tower,0,9,26,0,35,0,18,85,0,103,0,27,111,0,138,18,0,18,156
07/04/2023,HND,NV,AWP,WE,Federal Contract Tower,0,5,11,0,16,0,10,15,0,25,0,15,26,0,41,20,0,20,61
07/05/2023,HND,NV,AWP,WE,Federal Contract Tower,0,14,33,0,47,0,10,93,0,103,0,24,126,0,150,32,0,32,182
07/06/2023,HND,NV,AWP,WE,Federal Contract Tower,0,20,30,0,50,0,5,67,0,72,0,25,97,0,122,10,0,10,132
07/07/2023,HND,NV,AWP,WE,Federal Contract Tower,0,9,41,1,51,0,9,80,0,89,0,18,121,1,140,10,0,10,150
07/08/2023,HND,NV,AWP,WE,Federal Contract Tower,0,6,14,1,21,0,5,127,0,132,0,11,141,1,153,2,0,2,155
07/09/2023,HND,NV,AWP,WE,Federal Contract Tower,0,11,40,0,51,0,17,87,0,104,0,28,127,0,155,26,0,26,181
07/10/2023,HND,NV,AWP,WE,Federal Contract Tower,0,10,33,0,43,0,10,86,0,96,0,20,119,0,139,2,0,2,141
07/11/2023,HND,NV,AWP,WE,Federal Contract Tower,0,23,23,0,46,0,11,69,1,81,0,34,92,1,127,4,0,4,131
07/12/2023,HND,NV,AWP,WE,Federal Contract Tower,0,15,40,0,55,0,11,54,2,67,0,26,94,2,122,24,0,24,146
07/13/2023,HND,NV,AWP,WE,Federal Contract Tower,0,20,35,0,55,0,6,68,0,74,0,26,103,0,129,2,0,2,131
07/14/2023,HND,NV,AWP,WE,Federal Contract Tower,0,7,33,0,40,0,9,92,0,101,0,16,125,0,141,60,0,60,201
07/15/2023,HND,NV,AWP,WE,Federal Contract Tower,0,6,12,0,18,0,15,82,0,97,0,21,94,0,115,4,0,4,119
07/16/2023,HND,NV,AWP,WE,Federal Contract Tower,0,11,31,4,46,0,37,89,0,126,0,48,120,4,172,10,0,10,182
07/17/2023,HND,NV,AWP,WE,Federal Contract Tower,0,4,25,0,29,0,18,40,0,58,0,22,65,0,87,2,0,2,89
07/18/2023,HND,NV,AWP,WE,Federal Contract Tower,0,7,35,0,42,0,11,71,0,82,0,18,106,0,124,6,0,6,130
07/19/2023,HND,NV,AWP,WE,Federal Contract Tower,0,17,28,0,45,0,13,80,0,93,0,30,108,0,138,10,0,10,148
07/20/2023,HND,NV,AWP,WE,Federal Contract Tower,0,14,28,0,42,0,18,87,0,105,0,32,115,0,147,4,0,4,151
07/21/2023,HND,NV,AWP,WE,Federal Contract Tower,0,4,32,0,36,0,7,81,0,88,0,11,113,0,124,32,0,32,156
07/22/2023,HND,NV,AWP,WE,Federal Contract Tower,0,3,17,0,20,0,5,68,0,73,0,8,85,0,93,0,0,0,93
07/23/2023,HND,NV,AWP,WE,Federal Contract Tower,0,7,28,0,35,0,13,57,0,70,0,20,85,0,105,34,0,34,139
07/24/2023,HND,NV,AWP,WE,Federal Contract Tower,0,5,19,0,24,0,13,68,0,81,0,18,87,0,105,4,0,4,109
07/25/2023,HND,NV,AWP,WE,Federal Contract Tower,0,15,13,0,28,0,13,47,5,65,0,28,60,5,93,0,0,0,93
07/26/2023,HND,NV,AWP,WE,Federal Contract Tower,0,8,29,0,37,0,18,71,0,89,0,26,100,0,126,6,0,6,132
07/27/2023,HND,NV,AWP,WE,Federal Contract Tower,0,13,30,0,43,0,16,74,0,90,0,29,104,0,133,12,0,12,145
07/28/2023,HND,NV,AWP,WE,Federal Contract Tower,0,15,46,0,61,0,7,89,0,96,0,22,135,0,157,4,0,4,161
07/29/2023,HND,NV,AWP,WE,Federal Contract Tower,0,10,29,0,39,0,13,68,0,81,0,23,97,0,120,18,0,18,138
07/30/2023,HND,NV,AWP,WE,Federal Contract Tower,0,26,46,0,72,0,12,91,0,103,0,38,137,0,175,20,0,20,195
07/31/2023,HND,NV,AWP,WE,Federal Contract Tower,0,16,39,0,55,0,15,100,0,115,0,31,139,0,170,18,0,18,188
08/01/2023,HND,NV,AWP,WE,Federal Contract Tower,0,13,29,0,42,0,23,73,0,96,0,36,102,0,138,16,0,16,154
08/02/2023,HND,NV,AWP,WE,Federal Contract Tower,0,12,32,0,44,0,16,73,1,90,0,28,105,1,134,14,0,14,148
08/03/2023,HND,NV,AWP,WE,Federal Contract Tower,0,17,27,0,44,0,23,120,5,148,0,40,147,5,192,14,0,14,206
08/04/2023,HND,NV,AWP,WE,Federal Contract Tower,0,11,36,0,47,0,23,115,0,138,0,34,151,0,185,4,0,4,189
08/05/2023,HND,NV,AWP,WE,Federal Contract Tower,0,6,30,0,36,0,10,99,1,110,0,16,129,1,146,6,0,6,152
08/06/2023,HND,NV,AWP,WE,Federal Contract Tower,0,15,33,0,48,0,7,76,0,83,0,22,109,0,131,12,0,12,143
08/07/2023,HND,NV,AWP,WE,Federal Contract Tower,0,11,20,0,31,0,17,56,0,73,0,28,76,0,104,14,0,14,118
08/08/2023,HND,NV,AWP,WE,Federal Contract Tower,0,10,33,0,43,0,12,55,0,67,0,22,88,0,110,12,0,12,122
08/09/2023,HND,NV,AWP,WE,Federal Contract Tower,0,13,34,0,47,0,12,101,0,113,0,25,135,0,160,20,0,20,180
08/10/2023,HND,NV,AWP,WE,Federal Contract Tower,0,12,42,0,54,0,10,69,0,79,0,22,111,0,133,9,0,9,142
08/11/2023,HND,NV,AWP,WE,Federal Contract Tower,0,18,28,0,46,0,13,80,0,93,0,31,108,0,139,18,0,18,157
08/12/2023,HND,NV,AWP,WE,Federal Contract Tower,0,21,26,0,47,0,13,96,0,109,0,34,122,0,156,30,0,30,186
08/13/2023,HND,NV,AWP,WE,Federal Contract Tower,0,23,26,0,49,0,25,87,0,112,0,48,113,0,161,14,0,14,175
08/14/2023,HND,NV,AWP,WE,Federal Contract Tower,0,17,36,0,53,0,12,67,0,79,0,29,103,0,132,8,0,8,140
08/15/2023,HND,NV,AWP,WE,Federal Contract Tower,0,10,39,0,49,0,6,88,0,94,0,16,127,0,143,0,0,0,143
08/16/2023,HND,NV,AWP,WE,Federal Contract Tower,0,16,41,0,57,0,4,76,0,80,0,20,117,0,137,12,0,12,149
08/17/2023,HND,NV,AWP,WE,Federal Contract Tower,0,15,38,0,53,0,12,82,0,94,0,27,120,0,147,36,0,36,183
08/18/2023,HND,NV,AWP,WE,Federal Contract Tower,0,6,40,0,46,0,18,51,0,69,0,24,91,0,115,26,0,26,141
08/19/2023,HND,NV,AWP,WE,Federal Contract Tower,0,15,34,0,49,0,12,41,3,56,0,27,75,3,105,50,0,50,155
08/20/2023,HND,NV,AWP,WE,Federal Contract Tower,0,16,25,0,41,0,8,5,1,14,0,24,30,1,55,6,0,6,61
08/21/2023,HND,NV,AWP,WE,Federal Contract Tower,0,15,26,0,41,0,10,28,0,38,0,25,54,0,79,0,0,0,79
08/22/2023,HND,NV,AWP,WE,Federal Contract Tower,0,12,26,2,40,0,9,97,0,106,0,21,123,2,146,44,0,44,190
08/23/2023,HND,NV,AWP,WE,Federal Contract Tower,0,4,33,0,37,0,6,120,2,128,0,10,153,2,165,56,0,56,221
08/24/2023,HND,NV,AWP,WE,Federal Contract Tower,0,13,52,0,65,0,10,102,3,115,0,23,154,3,180,20,0,20,200
08/25/2023,HND,NV,AWP,WE,Federal Contract Tower,0,11,34,0,45,0,14,80,4,98,0,25,114,4,143,36,0,36,179
08/26/2023,HND,NV,AWP,WE,Federal Contract Tower,0,12,17,0,29,0,9,106,0,115,0,21,123,0,144,42,0,42,186
08/27/2023,HND,NV,AWP,WE,Federal Contract Tower,0,13,35,0,48,0,10,94,0,104,0,23,129,0,152,62,0,62,214
08/28/2023,HND,NV,AWP,WE,Federal Contract Tower,0,6,28,0,34,0,9,53,1,63,0,15,81,1,97,2,0,2,99
08/29/2023,HND,NV,AWP,WE,Federal Contract Tower,0,8,27,0,35,0,11,81,0,92,0,19,108,0,127,24,0,24,151
08/30/2023,HND,NV,AWP,WE,Federal Contract Tower,0,3,29,0,32,0,18,94,0,112,0,21,123,0,144,10,0,10,154
08/31/2023,HND,NV,AWP,WE,Federal Contract Tower,0,16,25,0,41,0,14,88,1,103,0,30,113,1,144,82,0,82,226
