01/01/2020,HNL,HI,AWP,WE,Towers with Radar,452,88,20,3,563,0,118,88,0,206,452,206,108,3,769,0,0,0,769
01/02/2020,HNL,HI,AWP,WE,Towers with Radar,514,126,25,30,695,0,141,99,1,241,514,267,124,31,936,0,0,0,936
01/03/2020,HNL,HI,AWP,WE,Towers with Radar,540,149,32,26,747,0,123,86,0,209,540,272,118,26,956,0,0,0,956
01/04/2020,HNL,HI,AWP,WE,Towers with Radar,504,117,32,14,667,0,35,29,0,64,504,152,61,14,731,0,0,0,731
01/05/2020,HNL,HI,AWP,WE,Towers with Radar,493,76,36,18,623,0,156,73,0,229,493,232,109,18,852,1,0,1,853
01/06/2020,HNL,HI,AWP,WE,Towers with Radar,479,108,24,47,658,0,167,65,11,243,479,275,89,58,901,0,0,0,901
01/07/2020,HNL,HI,AWP,WE,Towers with Radar,468,122,22,22,634,0,101,41,14,156,468,223,63,36,790,0,0,0,790
01/08/2020,HNL,HI,AWP,WE,Towers with Radar,450,119,28,67,664,0,66,35,6,107,450,185,63,73,771,0,1,1,772
01/09/2020,HNL,HI,AWP,WE,Towers with Radar,458,127,19,51,655,0,45,18,4,67,458,172,37,55,722,0,0,0,722
01/10/2020,HNL,HI,AWP,WE,Towers with Radar,460,135,20,44,659,0,33,36,2,71,460,168,56,46,730,0,0,0,730
01/11/2020,HNL,HI,AWP,WE,Towers with Radar,430,91,14,36,571,0,26,31,3,60,430,117,45,39,631,1,0,1,632
01/12/2020,HNL,HI,AWP,WE,Towers with Radar,423,84,14,23,544,0,8,37,1,46,423,92,51,24,590,0,0,0,590
01/13/2020,HNL,HI,AWP,WE,Towers with Radar,428,111,13,20,572,0,127,39,1,167,428,238,52,21,739,1,0,1,740
01/14/2020,HNL,HI,AWP,WE,Towers with Radar,469,112,19,82,682,0,143,91,12,246,469,255,110,94,928,0,0,0,928
01/15/2020,HNL,HI,AWP,WE,Towers with Radar,438,103,29,70,640,0,81,122,13,216,438,184,151,83,856,0,0,0,856
01/16/2020,HNL,HI,AWP,WE,Towers with Radar,452,106,26,85,669,0,108,120,5,233,452,214,146,90,902,0,0,0,902
01/17/2020,HNL,HI,AWP,WE,Towers with Radar,476,127,24,48,675,0,99,108,2,209,476,226,132,50,884,0,0,0,884
01/18/2020,HNL,HI,AWP,WE,Towers with Radar,456,89,20,22,587,0,114,120,10,244,456,203,140,32,831,0,0,0,831
01/19/2020,HNL,HI,AWP,WE,Towers with Radar,446,89,18,18,571,0,116,152,3,271,446,205,170,21,842,0,0,0,842
01/20/2020,HNL,HI,AWP,WE,Towers with Radar,437,88,19,10,554,0,135,132,8,275,437,223,151,18,829,0,0,0,829
01/21/2020,HNL,HI,AWP,WE,Towers with Radar,458,88,19,71,636,0,116,113,7,236,458,204,132,78,872,0,1,1,873
01/22/2020,HNL,HI,AWP,WE,Towers with Radar,461,98,31,85,675,0,144,136,21,301,461,242,167,106,976,0,0,0,976
01/23/2020,HNL,HI,AWP,WE,Towers with Radar,467,87,18,64,636,0,175,152,5,332,467,262,170,69,968,0,0,0,968
01/24/2020,HNL,HI,AWP,WE,Towers with Radar,477,99,34,65,675,0,150,173,13,336,477,249,207,78,1011,0,0,0,1011
01/25/2020,HNL,HI,AWP,WE,Towers with Radar,445,68,25,16,554,0,124,110,2,236,445,192,135,18,790,0,0,0,790
01/26/2020,HNL,HI,AWP,WE,Towers with Radar,441,66,21,17,545,0,113,99,4,216,441,179,120,21,761,0,0,0,761
01/27/2020,HNL,HI,AWP,WE,Towers with Radar,449,97,15,37,598,0,166,99,22,287,449,263,114,59,885,0,0,0,885
01/28/2020,HNL,HI,AWP,WE,Towers with Radar,442,82,21,56,601,0,150,99,14,263,442,232,120,70,864,0,0,0,864
01/29/2020,HNL,HI,AWP,WE,Towers with Radar,451,74,19,80,624,0,99,103,17,219,451,173,122,97,843,0,0,0,843
01/30/2020,HNL,HI,AWP,WE,Towers with Radar,461,88,30,71,650,0,133,130,15,278,461,221,160,86,928,0,0,0,928
01/31/2020,HNL,HI,AWP,WE,Towers with Radar,480,90,15,54,639,0,97,125,4,226,480,187,140,58,865,0,0,0,865
02/01/2020,HNL,HI,AWP,WE,Towers with Radar,455,92,17,32,596,0,66,117,0,183,455,158,134,32,779,0,0,0,779
02/02/2020,HNL,HI,AWP,WE,Towers with Radar,437,66,18,11,532,0,95,102,1,198,437,161,120,12,730,0,0,0,730
02/03/2020,HNL,HI,AWP,WE,Towers with Radar,436,96,21,57,610,0,160,124,5,289,436,256,145,62,899,0,0,0,899
02/04/2020,HNL,HI,AWP,WE,Towers with Radar,463,75,21,48,607,0,138,133,5,276,463,213,154,53,883,0,0,0,883
02/05/2020,HNL,HI,AWP,WE,Towers with Radar,451,94,16,75,636,0,69,70,4,143,451,163,86,79,779,0,0,0,779
02/06/2020,HNL,HI,AWP,WE,Towers with Radar,462,125,19,78,684,0,51,38,3,92,462,176,57,81,776,0,0,0,776
02/07/2020,HNL,HI,AWP,WE,Towers with Radar,483,86,31,28,628,0,154,111,4,269,483,240,142,32,897,0,0,0,897
02/08/2020,HNL,HI,AWP,WE,Towers with Radar,455,78,45,68,646,0,101,108,12,221,455,179,153,80,867,0,0,0,867
02/09/2020,HNL,HI,AWP,WE,Towers with Radar,433,66,22,16,537,0,81,77,4,162,433,147,99,20,699,1,0,1,700
02/10/2020,HNL,HI,AWP,WE,Towers with Radar,446,125,16,17,604,0,36,15,0,51,446,161,31,17,655,0,0,0,655
02/11/2020,HNL,HI,AWP,WE,Towers with Radar,442,118,8,34,602,0,91,55,6,152,442,209,63,40,754,0,0,0,754
02/12/2020,HNL,HI,AWP,WE,Towers with Radar,453,105,23,36,617,0,159,128,13,300,453,264,151,49,917,0,0,0,917
02/13/2020,HNL,HI,AWP,WE,Towers with Radar,455,102,34,47,638,0,151,157,9,317,455,253,191,56,955,2,0,2,957
02/14/2020,HNL,HI,AWP,WE,Towers with Radar,490,106,27,17,640,0,151,126,4,281,490,257,153,21,921,0,0,0,921
02/15/2020,HNL,HI,AWP,WE,Towers with Radar,478,85,31,12,606,0,152,131,2,285,478,237,162,14,891,0,0,0,891
02/16/2020,HNL,HI,AWP,WE,Towers with Radar,450,84,20,13,567,0,113,92,2,207,450,197,112,15,774,0,0,0,774
02/17/2020,HNL,HI,AWP,WE,Towers with Radar,449,113,24,11,597,0,140,112,1,253,449,253,136,12,850,0,0,0,850
02/18/2020,HNL,HI,AWP,WE,Towers with Radar,447,126,21,33,627,0,104,62,6,172,447,230,83,39,799,0,1,1,800
02/19/2020,HNL,HI,AWP,WE,Towers with Radar,471,122,23,29,645,0,57,20,5,82,471,179,43,34,727,0,0,0,727
02/20/2020,HNL,HI,AWP,WE,Towers with Radar,449,114,19,38,620,0,101,86,16,203,449,215,105,54,823,0,0,0,823
02/21/2020,HNL,HI,AWP,WE,Towers with Radar,485,107,23,29,644,0,172,132,1,305,485,279,155,30,949,0,0,0,949
02/22/2020,HNL,HI,AWP,WE,Towers with Radar,452,72,30,19,573,0,122,174,1,297,452,194,204,20,870,0,0,0,870
02/23/2020,HNL,HI,AWP,WE,Towers with Radar,454,78,20,15,567,0,119,136,0,255,454,197,156,15,822,0,0,0,822
02/24/2020,HNL,HI,AWP,WE,Towers with Radar,437,101,18,20,576,0,170,160,5,335,437,271,178,25,911,0,0,0,911
02/25/2020,HNL,HI,AWP,WE,Towers with Radar,460,98,20,39,617,0,119,94,16,229,460,217,114,55,846,0,0,0,846
02/26/2020,HNL,HI,AWP,WE,Towers with Radar,454,112,16,33,615,0,122,78,15,215,454,234,94,48,830,1,0,1,831
02/27/2020,HNL,HI,AWP,WE,Towers with Radar,460,127,24,51,662,0,121,119,10,250,460,248,143,61,912,0,0,0,912
02/28/2020,HNL,HI,AWP,WE,Towers with Radar,480,114,27,18,639,0,118,105,3,226,480,232,132,21,865,0,0,0,865
02/29/2020,HNL,HI,AWP,WE,Towers with Radar,463,116,26,10,615,0,44,60,3,107,463,160,86,13,722,0,0,0,722
03/01/2020,HNL,HI,AWP,WE,Towers with Radar,450,74,23,14,561,0,66,28,1,95,450,140,51,15,656,0,0,0,656
03/02/2020,HNL,HI,AWP,WE,Towers with Radar,452,112,26,34,624,0,64,48,7,119,452,176,74,41,743,0,0,0,743
03/03/2020,HNL,HI,AWP,WE,Towers with Radar,459,104,29,37,629,0,156,142,15,313,459,260,171,52,942,0,0,0,942
03/04/2020,HNL,HI,AWP,WE,Towers with Radar,460,98,30,30,618,0,143,107,5,255,460,241,137,35,873,0,0,0,873
03/05/2020,HNL,HI,AWP,WE,Towers with Radar,477,93,26,37,633,0,121,94,8,223,477,214,120,45,856,0,0,0,856
03/06/2020,HNL,HI,AWP,WE,Towers with Radar,514,129,29,55,727,0,90,54,2,146,514,219,83,57,873,0,0,0,873
03/07/2020,HNL,HI,AWP,WE,Towers with Radar,466,88,15,31,600,0,50,51,1,102,466,138,66,32,702,0,0,0,702
03/08/2020,HNL,HI,AWP,WE,Towers with Radar,430,70,24,22,546,0,82,126,0,208,430,152,150,22,754,0,0,0,754
03/09/2020,HNL,HI,AWP,WE,Towers with Radar,447,115,27,22,611,0,111,72,8,191,447,226,99,30,802,0,0,0,802
03/10/2020,HNL,HI,AWP,WE,Towers with Radar,450,94,17,22,583,0,124,118,10,252,450,218,135,32,835,0,0,0,835
03/11/2020,HNL,HI,AWP,WE,Towers with Radar,449,86,14,34,583,0,116,118,15,249,449,202,132,49,832,0,0,0,832
03/12/2020,HNL,HI,AWP,WE,Towers with Radar,458,120,26,39,643,0,73,45,12,130,458,193,71,51,773,0,0,0,773
03/13/2020,HNL,HI,AWP,WE,Towers with Radar,482,114,24,26,646,0,163,120,7,290,482,277,144,33,936,0,0,0,936
03/14/2020,HNL,HI,AWP,WE,Towers with Radar,467,100,21,24,612,0,98,120,1,219,467,198,141,25,831,0,0,0,831
03/15/2020,HNL,HI,AWP,WE,Towers with Radar,440,69,22,8,539,0,74,109,1,184,440,143,131,9,723,0,0,0,723
03/16/2020,HNL,HI,AWP,WE,Towers with Radar,447,126,21,22,616,0,32,9,0,41,447,158,30,22,657,0,0,0,657
03/17/2020,HNL,HI,AWP,WE,Towers with Radar,471,100,15,7,593,0,25,4,1,30,471,125,19,8,623,0,0,0,623
03/18/2020,HNL,HI,AWP,WE,Towers with Radar,466,120,20,9,615,0,88,67,12,167,466,208,87,21,782,0,0,0,782
03/19/2020,HNL,HI,AWP,WE,Towers with Radar,464,118,19,9,610,0,86,50,5,141,464,204,69,14,751,0,0,0,751
03/20/2020,HNL,HI,AWP,WE,Towers with Radar,482,110,25,36,653,0,150,108,8,266,482,260,133,44,919,0,0,0,919
03/21/2020,HNL,HI,AWP,WE,Towers with Radar,444,65,17,8,534,0,86,134,0,220,444,151,151,8,754,0,0,0,754
03/22/2020,HNL,HI,AWP,WE,Towers with Radar,414,57,19,12,502,0,45,111,5,161,414,102,130,17,663,0,0,0,663
03/23/2020,HNL,HI,AWP,WE,Towers with Radar,425,96,13,22,556,0,70,48,6,124,425,166,61,28,680,0,0,0,680
03/24/2020,HNL,HI,AWP,WE,Towers with Radar,403,84,11,39,537,0,24,15,6,45,403,108,26,45,582,0,0,0,582
03/25/2020,HNL,HI,AWP,WE,Towers with Radar,363,67,18,20,468,0,21,11,7,39,363,88,29,27,507,0,0,0,507
03/26/2020,HNL,HI,AWP,WE,Towers with Radar,326,66,13,39,444,0,24,22,4,50,326,90,35,43,494,0,0,0,494
03/27/2020,HNL,HI,AWP,WE,Towers with Radar,266,54,15,31,366,0,48,42,6,96,266,102,57,37,462,0,0,0,462
03/28/2020,HNL,HI,AWP,WE,Towers with Radar,214,33,15,13,275,0,27,55,3,85,214,60,70,16,360,0,0,0,360
03/29/2020,HNL,HI,AWP,WE,Towers with Radar,205,18,10,8,241,0,6,56,1,63,205,24,66,9,304,0,0,0,304
03/30/2020,HNL,HI,AWP,WE,Towers with Radar,214,41,23,4,282,0,47,83,5,135,214,88,106,9,417,0,0,0,417
03/31/2020,HNL,HI,AWP,WE,Towers with Radar,213,49,14,28,304,0,17,98,11,126,213,66,112,39,430,0,0,0,430
04/01/2020,HNL,HI,AWP,WE,Towers with Radar,178,59,19,19,275,0,37,64,2,103,178,96,83,21,378,0,0,0,378
04/02/2020,HNL,HI,AWP,WE,Towers with Radar,162,38,21,34,255,0,25,46,2,73,162,63,67,36,328,0,0,0,328
04/03/2020,HNL,HI,AWP,WE,Towers with Radar,189,42,12,25,268,0,27,56,4,87,189,69,68,29,355,0,0,0,355
04/04/2020,HNL,HI,AWP,WE,Towers with Radar,149,24,8,5,186,0,44,48,3,95,149,68,56,8,281,22,0,22,303
04/05/2020,HNL,HI,AWP,WE,Towers with Radar,138,8,8,9,163,0,23,25,0,48,138,31,33,9,211,0,0,0,211
04/06/2020,HNL,HI,AWP,WE,Towers with Radar,137,47,7,8,199,0,28,17,3,48,137,75,24,11,247,0,0,0,247
04/07/2020,HNL,HI,AWP,WE,Towers with Radar,151,45,12,35,243,0,31,39,3,73,151,76,51,38,316,0,0,0,316
04/08/2020,HNL,HI,AWP,WE,Towers with Radar,163,50,13,14,240,0,19,38,2,59,163,69,51,16,299,4,2,6,305
04/09/2020,HNL,HI,AWP,WE,Towers with Radar,159,42,12,28,241,0,29,29,2,60,159,71,41,30,301,0,0,0,301
04/10/2020,HNL,HI,AWP,WE,Towers with Radar,154,37,10,29,230,0,22,26,0,48,154,59,36,29,278,0,0,0,278
04/11/2020,HNL,HI,AWP,WE,Towers with Radar,159,37,14,5,215,0,12,20,0,32,159,49,34,5,247,0,0,0,247
04/12/2020,HNL,HI,AWP,WE,Towers with Radar,112,8,13,9,142,0,12,14,0,26,112,20,27,9,168,0,0,0,168
04/13/2020,HNL,HI,AWP,WE,Towers with Radar,139,55,31,14,239,0,46,22,5,73,139,101,53,19,312,0,0,0,312
04/14/2020,HNL,HI,AWP,WE,Towers with Radar,151,55,12,9,227,0,22,20,1,43,151,77,32,10,270,0,0,0,270
04/15/2020,HNL,HI,AWP,WE,Towers with Radar,144,50,11,16,221,0,66,61,9,136,144,116,72,25,357,0,0,0,357
04/16/2020,HNL,HI,AWP,WE,Towers with Radar,144,53,25,32,254,0,44,58,6,108,144,97,83,38,362,0,0,0,362
04/17/2020,HNL,HI,AWP,WE,Towers with Radar,157,48,19,34,258,0,46,76,7,129,157,94,95,41,387,0,0,0,387
04/18/2020,HNL,HI,AWP,WE,Towers with Radar,137,24,22,7,190,0,38,64,5,107,137,62,86,12,297,0,0,0,297
04/19/2020,HNL,HI,AWP,WE,Towers with Radar,131,22,16,9,178,0,29,81,2,112,131,51,97,11,290,32,0,32,322
04/20/2020,HNL,HI,AWP,WE,Towers with Radar,149,34,12,18,213,0,62,50,15,127,149,96,62,33,340,0,0,0,340
04/21/2020,HNL,HI,AWP,WE,Towers with Radar,151,46,8,26,231,0,61,42,19,122,151,107,50,45,353,20,0,20,373
04/22/2020,HNL,HI,AWP,WE,Towers with Radar,161,47,19,4,231,0,51,39,21,111,161,98,58,25,342,0,0,0,342
04/23/2020,HNL,HI,AWP,WE,Towers with Radar,162,34,17,41,254,0,27,30,2,59,162,61,47,43,313,0,0,0,313
04/24/2020,HNL,HI,AWP,WE,Towers with Radar,161,42,16,29,248,0,19,16,0,35,161,61,32,29,283,0,0,0,283
04/25/2020,HNL,HI,AWP,WE,Towers with Radar,137,19,11,13,180,0,16,29,0,45,137,35,40,13,225,6,0,6,231
04/26/2020,HNL,HI,AWP,WE,Towers with Radar,121,16,12,16,165,0,10,18,0,28,121,26,30,16,193,0,0,0,193
04/27/2020,HNL,HI,AWP,WE,Towers with Radar,140,32,11,34,217,0,23,21,1,45,140,55,32,35,262,0,0,0,262
04/28/2020,HNL,HI,AWP,WE,Towers with Radar,148,47,18,41,254,0,33,43,8,84,148,80,61,49,338,0,0,0,338
04/29/2020,HNL,HI,AWP,WE,Towers with Radar,150,50,18,14,232,0,37,62,11,110,150,87,80,25,342,0,1,1,343
04/30/2020,HNL,HI,AWP,WE,Towers with Radar,145,41,17,35,238,0,45,48,12,105,145,86,65,47,343,0,0,0,343
05/01/2020,HNL,HI,AWP,WE,Towers with Radar,151,54,13,22,240,0,21,67,22,110,151,75,80,44,350,4,0,4,354
05/02/2020,HNL,HI,AWP,WE,Towers with Radar,136,27,11,2,176,0,40,49,1,90,136,67,60,3,266,0,0,0,266
05/03/2020,HNL,HI,AWP,WE,Towers with Radar,117,19,14,5,155,0,23,32,0,55,117,42,46,5,210,0,0,0,210
05/04/2020,HNL,HI,AWP,WE,Towers with Radar,149,57,16,10,232,0,43,71,5,119,149,100,87,15,351,0,0,0,351
05/05/2020,HNL,HI,AWP,WE,Towers with Radar,151,49,25,32,257,0,48,54,15,117,151,97,79,47,374,10,0,10,384
05/06/2020,HNL,HI,AWP,WE,Towers with Radar,166,47,13,16,242,0,58,93,12,163,166,105,106,28,405,21,0,21,426
05/07/2020,HNL,HI,AWP,WE,Towers with Radar,162,41,30,37,270,0,51,49,12,112,162,92,79,49,382,0,0,0,382
05/08/2020,HNL,HI,AWP,WE,Towers with Radar,168,34,13,30,245,0,33,33,0,66,168,67,46,30,311,0,0,0,311
05/09/2020,HNL,HI,AWP,WE,Towers with Radar,149,27,7,5,188,0,18,26,0,44,149,45,33,5,232,0,0,0,232
05/10/2020,HNL,HI,AWP,WE,Towers with Radar,115,11,5,10,141,0,10,14,0,24,115,21,19,10,165,3,0,3,168
05/11/2020,HNL,HI,AWP,WE,Towers with Radar,147,45,11,28,231,0,21,24,1,46,147,66,35,29,277,0,0,0,277
05/12/2020,HNL,HI,AWP,WE,Towers with Radar,149,44,16,33,242,0,23,29,0,52,149,67,45,33,294,0,0,0,294
05/13/2020,HNL,HI,AWP,WE,Towers with Radar,152,44,15,9,220,0,34,73,7,114,152,78,88,16,334,0,0,0,334
05/14/2020,HNL,HI,AWP,WE,Towers with Radar,154,45,30,32,261,0,49,89,4,142,154,94,119,36,403,0,0,0,403
05/15/2020,HNL,HI,AWP,WE,Towers with Radar,152,45,19,31,247,0,48,94,5,147,152,93,113,36,394,0,0,0,394
05/16/2020,HNL,HI,AWP,WE,Towers with Radar,141,33,11,5,190,0,32,60,5,97,141,65,71,10,287,0,0,0,287
05/17/2020,HNL,HI,AWP,WE,Towers with Radar,120,21,21,6,168,0,16,95,2,113,120,37,116,8,281,0,0,0,281
05/18/2020,HNL,HI,AWP,WE,Towers with Radar,155,47,20,23,245,0,21,36,1,58,155,68,56,24,303,0,0,0,303
05/19/2020,HNL,HI,AWP,WE,Towers with Radar,147,51,24,29,251,0,48,57,9,114,147,99,81,38,365,0,0,0,365
05/20/2020,HNL,HI,AWP,WE,Towers with Radar,170,37,15,18,240,0,56,43,15,114,170,93,58,33,354,0,0,0,354
05/21/2020,HNL,HI,AWP,WE,Towers with Radar,168,48,31,24,271,0,33,37,4,74,168,81,68,28,345,0,0,0,345
05/22/2020,HNL,HI,AWP,WE,Towers with Radar,171,40,23,14,248,0,43,89,4,136,171,83,112,18,384,0,0,0,384
05/23/2020,HNL,HI,AWP,WE,Towers with Radar,158,26,14,18,216,0,13,36,0,49,158,39,50,18,265,0,0,0,265
05/24/2020,HNL,HI,AWP,WE,Towers with Radar,127,14,14,16,171,0,10,30,1,41,127,24,44,17,212,0,0,0,212
05/25/2020,HNL,HI,AWP,WE,Towers with Radar,131,16,7,9,163,0,11,46,0,57,131,27,53,9,220,0,0,0,220
05/26/2020,HNL,HI,AWP,WE,Towers with Radar,148,58,16,40,262,0,19,34,0,53,148,77,50,40,315,0,2,2,317
05/27/2020,HNL,HI,AWP,WE,Towers with Radar,172,50,27,14,263,0,16,38,0,54,172,66,65,14,317,0,0,0,317
05/28/2020,HNL,HI,AWP,WE,Towers with Radar,150,58,27,54,289,0,55,79,11,145,150,113,106,65,434,2,0,2,436
05/29/2020,HNL,HI,AWP,WE,Towers with Radar,171,57,19,26,273,0,61,95,3,159,171,118,114,29,432,0,0,0,432
05/30/2020,HNL,HI,AWP,WE,Towers with Radar,148,40,26,2,216,0,41,90,3,134,148,81,116,5,350,0,0,0,350
05/31/2020,HNL,HI,AWP,WE,Towers with Radar,137,27,15,4,183,0,33,88,0,121,137,60,103,4,304,0,0,0,304
06/01/2020,HNL,HI,AWP,WE,Towers with Radar,150,56,10,14,230,0,72,83,6,161,150,128,93,20,391,0,0,0,391
06/02/2020,HNL,HI,AWP,WE,Towers with Radar,155,57,28,47,287,0,59,55,15,129,155,116,83,62,416,10,0,10,426
06/03/2020,HNL,HI,AWP,WE,Towers with Radar,171,46,36,31,284,0,39,74,18,131,171,85,110,49,415,0,1,1,416
06/04/2020,HNL,HI,AWP,WE,Towers with Radar,169,52,24,24,269,0,48,77,19,144,169,100,101,43,413,0,0,0,413
06/05/2020,HNL,HI,AWP,WE,Towers with Radar,177,41,20,17,255,0,63,73,5,141,177,104,93,22,396,0,0,0,396
06/06/2020,HNL,HI,AWP,WE,Towers with Radar,158,30,25,25,238,0,38,67,4,109,158,68,92,29,347,2,0,2,349
06/07/2020,HNL,HI,AWP,WE,Towers with Radar,145,16,4,9,174,0,5,32,0,37,145,21,36,9,211,0,0,0,211
06/08/2020,HNL,HI,AWP,WE,Towers with Radar,168,50,15,14,247,0,29,31,1,61,168,79,46,15,308,0,0,0,308
06/09/2020,HNL,HI,AWP,WE,Towers with Radar,177,52,19,45,293,0,19,50,1,70,177,71,69,46,363,0,0,0,363
06/10/2020,HNL,HI,AWP,WE,Towers with Radar,178,44,12,13,247,0,20,42,2,64,178,64,54,15,311,0,0,0,311
06/11/2020,HNL,HI,AWP,WE,Towers with Radar,181,37,17,39,274,0,14,26,2,42,181,51,43,41,316,0,0,0,316
06/12/2020,HNL,HI,AWP,WE,Towers with Radar,179,42,10,24,255,0,32,44,8,84,179,74,54,32,339,0,0,0,339
06/13/2020,HNL,HI,AWP,WE,Towers with Radar,167,36,10,11,224,0,27,69,4,100,167,63,79,15,324,0,0,0,324
06/14/2020,HNL,HI,AWP,WE,Towers with Radar,145,20,6,7,178,0,13,22,0,35,145,33,28,7,213,0,0,0,213
06/15/2020,HNL,HI,AWP,WE,Towers with Radar,163,62,19,18,262,0,53,78,0,131,163,115,97,18,393,0,0,0,393
06/16/2020,HNL,HI,AWP,WE,Towers with Radar,184,70,16,37,307,0,38,52,10,100,184,108,68,47,407,0,1,1,408
06/17/2020,HNL,HI,AWP,WE,Towers with Radar,205,49,36,25,315,0,62,73,14,149,205,111,109,39,464,0,0,0,464
06/18/2020,HNL,HI,AWP,WE,Towers with Radar,197,74,19,36,326,0,42,55,30,127,197,116,74,66,453,0,2,2,455
06/19/2020,HNL,HI,AWP,WE,Towers with Radar,201,75,21,24,321,0,50,67,5,122,201,125,88,29,443,0,0,0,443
06/20/2020,HNL,HI,AWP,WE,Towers with Radar,174,48,24,8,254,0,47,92,0,139,174,95,116,8,393,20,0,20,413
06/21/2020,HNL,HI,AWP,WE,Towers with Radar,160,30,2,7,199,0,37,65,3,105,160,67,67,10,304,0,0,0,304
06/22/2020,HNL,HI,AWP,WE,Towers with Radar,190,56,18,6,270,0,21,64,12,97,190,77,82,18,367,0,0,0,367
06/23/2020,HNL,HI,AWP,WE,Towers with Radar,189,58,21,31,299,0,21,47,13,81,189,79,68,44,380,0,0,0,380
06/24/2020,HNL,HI,AWP,WE,Towers with Radar,195,63,17,23,298,0,23,50,3,76,195,86,67,26,374,0,0,0,374
06/25/2020,HNL,HI,AWP,WE,Towers with Radar,196,66,21,26,309,0,31,53,2,86,196,97,74,28,395,7,0,7,402
06/26/2020,HNL,HI,AWP,WE,Towers with Radar,213,59,16,26,314,0,27,57,1,85,213,86,73,27,399,0,0,0,399
06/27/2020,HNL,HI,AWP,WE,Towers with Radar,175,45,15,12,247,0,27,56,3,86,175,72,71,15,333,0,0,0,333
06/28/2020,HNL,HI,AWP,WE,Towers with Radar,196,25,13,7,241,0,22,48,4,74,196,47,61,11,315,0,0,0,315
06/29/2020,HNL,HI,AWP,WE,Towers with Radar,196,71,17,27,311,0,38,53,5,96,196,109,70,32,407,0,0,0,407
06/30/2020,HNL,HI,AWP,WE,Towers with Radar,205,63,16,39,323,0,43,65,8,116,205,106,81,47,439,0,0,0,439
07/01/2020,HNL,HI,AWP,WE,Towers with Radar,234,75,15,34,358,0,55,77,14,146,234,130,92,48,504,0,0,0,504
07/02/2020,HNL,HI,AWP,WE,Towers with Radar,261,83,27,16,387,0,72,93,5,170,261,155,120,21,557,0,0,0,557
07/03/2020,HNL,HI,AWP,WE,Towers with Radar,231,96,13,4,344,0,87,95,1,183,231,183,108,5,527,0,0,0,527
07/04/2020,HNL,HI,AWP,WE,Towers with Radar,173,50,18,4,245,0,16,23,2,41,173,66,41,6,286,0,0,0,286
07/05/2020,HNL,HI,AWP,WE,Towers with Radar,212,68,9,8,297,0,52,59,3,114,212,120,68,11,411,0,0,0,411
07/06/2020,HNL,HI,AWP,WE,Towers with Radar,229,73,13,13,328,0,68,73,9,150,229,141,86,22,478,0,0,0,478
07/07/2020,HNL,HI,AWP,WE,Towers with Radar,234,53,18,35,340,0,23,43,0,66,234,76,61,35,406,0,0,0,406
07/08/2020,HNL,HI,AWP,WE,Towers with Radar,239,70,15,38,362,0,23,34,0,57,239,93,49,38,419,0,0,0,419
07/09/2020,HNL,HI,AWP,WE,Towers with Radar,260,75,27,37,399,0,20,35,5,60,260,95,62,42,459,0,0,0,459
07/10/2020,HNL,HI,AWP,WE,Towers with Radar,244,93,24,17,378,0,33,41,1,75,244,126,65,18,453,0,0,0,453
07/11/2020,HNL,HI,AWP,WE,Towers with Radar,211,66,15,50,342,0,14,41,1,56,211,80,56,51,398,0,0,0,398
07/12/2020,HNL,HI,AWP,WE,Towers with Radar,202,73,13,12,300,0,59,74,4,137,202,132,87,16,437,0,0,0,437
07/13/2020,HNL,HI,AWP,WE,Towers with Radar,232,86,17,18,353,0,66,98,1,165,232,152,115,19,518,0,0,0,518
07/14/2020,HNL,HI,AWP,WE,Towers with Radar,228,93,22,46,389,0,49,74,3,126,228,142,96,49,515,0,0,0,515
07/15/2020,HNL,HI,AWP,WE,Towers with Radar,235,69,20,36,360,0,78,111,5,194,235,147,131,41,554,0,0,0,554
07/16/2020,HNL,HI,AWP,WE,Towers with Radar,254,64,16,32,366,0,81,89,12,182,254,145,105,44,548,0,0,0,548
07/17/2020,HNL,HI,AWP,WE,Towers with Radar,250,85,21,23,379,0,45,76,6,127,250,130,97,29,506,0,0,0,506
07/18/2020,HNL,HI,AWP,WE,Towers with Radar,216,62,36,10,324,0,20,35,2,57,216,82,71,12,381,0,0,0,381
07/19/2020,HNL,HI,AWP,WE,Towers with Radar,217,83,10,6,316,0,21,33,1,55,217,104,43,7,371,0,0,0,371
07/20/2020,HNL,HI,AWP,WE,Towers with Radar,232,91,24,23,370,0,65,60,4,129,232,156,84,27,499,0,0,0,499
07/21/2020,HNL,HI,AWP,WE,Towers with Radar,214,73,16,36,339,0,42,60,13,115,214,115,76,49,454,0,0,0,454
07/22/2020,HNL,HI,AWP,WE,Towers with Radar,246,84,25,34,389,0,56,72,6,134,246,140,97,40,523,0,0,0,523
07/23/2020,HNL,HI,AWP,WE,Towers with Radar,253,72,19,35,379,0,66,87,9,162,253,138,106,44,541,0,0,0,541
07/24/2020,HNL,HI,AWP,WE,Towers with Radar,253,69,21,24,367,0,59,63,6,128,253,128,84,30,495,7,0,7,502
07/25/2020,HNL,HI,AWP,WE,Towers with Radar,219,65,16,24,324,0,40,43,4,87,219,105,59,28,411,0,0,0,411
07/26/2020,HNL,HI,AWP,WE,Towers with Radar,47,7,2,7,63,0,0,0,0,0,47,7,2,7,63,0,0,0,63
07/27/2020,HNL,HI,AWP,WE,Towers with Radar,239,94,17,5,355,0,15,18,0,33,239,109,35,5,388,0,0,0,388
07/28/2020,HNL,HI,AWP,WE,Towers with Radar,242,106,12,14,374,0,24,18,2,44,242,130,30,16,418,0,0,0,418
07/29/2020,HNL,HI,AWP,WE,Towers with Radar,236,83,15,24,358,0,50,56,8,114,236,133,71,32,472,8,0,8,480
07/30/2020,HNL,HI,AWP,WE,Towers with Radar,256,71,11,30,368,0,21,37,4,62,256,92,48,34,430,0,0,0,430
07/31/2020,HNL,HI,AWP,WE,Towers with Radar,242,89,11,11,353,0,26,51,2,79,242,115,62,13,432,0,0,0,432
08/01/2020,HNL,HI,AWP,WE,Towers with Radar,216,54,16,25,311,0,29,85,4,118,216,83,101,29,429,0,0,0,429
08/02/2020,HNL,HI,AWP,WE,Towers with Radar,207,74,14,9,304,0,26,65,5,96,207,100,79,14,400,0,0,0,400
08/03/2020,HNL,HI,AWP,WE,Towers with Radar,237,85,12,21,355,0,54,62,6,122,237,139,74,27,477,0,0,0,477
08/04/2020,HNL,HI,AWP,WE,Towers with Radar,229,73,17,38,357,0,40,53,6,99,229,113,70,44,456,0,0,0,456
08/05/2020,HNL,HI,AWP,WE,Towers with Radar,236,78,11,44,369,0,34,65,5,104,236,112,76,49,473,0,0,0,473
08/06/2020,HNL,HI,AWP,WE,Towers with Radar,271,81,17,41,410,0,54,80,31,165,271,135,97,72,575,0,0,0,575
08/07/2020,HNL,HI,AWP,WE,Towers with Radar,258,101,17,28,404,0,42,92,5,139,258,143,109,33,543,0,0,0,543
08/08/2020,HNL,HI,AWP,WE,Towers with Radar,219,83,22,28,352,0,10,38,0,48,219,93,60,28,400,0,0,0,400
08/09/2020,HNL,HI,AWP,WE,Towers with Radar,214,86,17,10,327,0,20,36,2,58,214,106,53,12,385,0,0,0,385
08/10/2020,HNL,HI,AWP,WE,Towers with Radar,238,94,21,12,365,0,59,72,13,144,238,153,93,25,509,0,0,0,509
08/11/2020,HNL,HI,AWP,WE,Towers with Radar,237,58,25,39,359,0,37,57,2,96,237,95,82,41,455,0,0,0,455
08/12/2020,HNL,HI,AWP,WE,Towers with Radar,207,47,17,34,305,0,64,130,18,212,207,111,147,52,517,0,0,0,517
08/13/2020,HNL,HI,AWP,WE,Towers with Radar,216,56,20,39,331,0,61,117,19,197,216,117,137,58,528,0,0,0,528
08/14/2020,HNL,HI,AWP,WE,Towers with Radar,213,54,24,50,341,0,46,86,8,140,213,100,110,58,481,0,0,0,481
08/15/2020,HNL,HI,AWP,WE,Towers with Radar,194,21,21,21,257,0,41,113,8,162,194,62,134,29,419,0,0,0,419
08/16/2020,HNL,HI,AWP,WE,Towers with Radar,171,18,8,8,205,0,29,70,3,102,171,47,78,11,307,0,0,0,307
08/17/2020,HNL,HI,AWP,WE,Towers with Radar,203,42,17,13,275,0,39,77,6,122,203,81,94,19,397,0,0,0,397
08/18/2020,HNL,HI,AWP,WE,Towers with Radar,206,43,15,31,295,0,53,89,10,152,206,96,104,41,447,16,0,16,463
08/19/2020,HNL,HI,AWP,WE,Towers with Radar,204,50,16,38,308,0,49,93,8,150,204,99,109,46,458,0,0,0,458
08/20/2020,HNL,HI,AWP,WE,Towers with Radar,222,51,17,28,318,0,45,80,8,133,222,96,97,36,451,0,0,0,451
08/21/2020,HNL,HI,AWP,WE,Towers with Radar,212,42,21,29,304,0,37,101,8,146,212,79,122,37,450,0,0,0,450
08/22/2020,HNL,HI,AWP,WE,Towers with Radar,189,29,12,18,248,0,33,78,3,114,189,62,90,21,362,0,0,0,362
08/23/2020,HNL,HI,AWP,WE,Towers with Radar,167,11,8,11,197,0,14,65,4,83,167,25,73,15,280,4,0,4,284
08/24/2020,HNL,HI,AWP,WE,Towers with Radar,196,47,23,8,274,0,37,69,17,123,196,84,92,25,397,4,0,4,401
08/25/2020,HNL,HI,AWP,WE,Towers with Radar,213,40,19,54,326,0,37,83,11,131,213,77,102,65,457,0,0,0,457
08/26/2020,HNL,HI,AWP,WE,Towers with Radar,208,44,8,36,296,0,38,78,13,129,208,82,86,49,425,0,0,0,425
08/27/2020,HNL,HI,AWP,WE,Towers with Radar,222,56,17,40,335,0,37,92,5,134,222,93,109,45,469,0,0,0,469
08/28/2020,HNL,HI,AWP,WE,Towers with Radar,216,45,16,42,319,0,53,122,14,189,216,98,138,56,508,0,0,0,508
08/29/2020,HNL,HI,AWP,WE,Towers with Radar,187,28,7,18,240,0,32,94,0,126,187,60,101,18,366,0,0,0,366
08/30/2020,HNL,HI,AWP,WE,Towers with Radar,170,27,11,17,225,0,17,44,13,74,170,44,55,30,299,0,0,0,299
08/31/2020,HNL,HI,AWP,WE,Towers with Radar,203,59,20,13,295,0,51,69,4,124,203,110,89,17,419,0,0,0,419
09/01/2020,HNL,HI,AWP,WE,Towers with Radar,201,47,31,40,319,0,36,43,7,86,201,83,74,47,405,0,0,0,405
09/02/2020,HNL,HI,AWP,WE,Towers with Radar,204,40,15,31,290,0,43,119,4,166,204,83,134,35,456,0,0,0,456
09/03/2020,HNL,HI,AWP,WE,Towers with Radar,206,42,24,37,309,0,47,106,11,164,206,89,130,48,473,5,0,5,478
09/04/2020,HNL,HI,AWP,WE,Towers with Radar,192,53,17,11,273,0,33,118,2,153,192,86,135,13,426,0,0,0,426
09/05/2020,HNL,HI,AWP,WE,Towers with Radar,181,22,11,6,220,0,26,99,2,127,181,48,110,8,347,0,0,0,347
09/06/2020,HNL,HI,AWP,WE,Towers with Radar,145,10,15,8,178,0,11,62,0,73,145,21,77,8,251,0,0,0,251
09/07/2020,HNL,HI,AWP,WE,Towers with Radar,150,20,7,12,189,0,23,105,8,136,150,43,112,20,325,0,0,0,325
09/08/2020,HNL,HI,AWP,WE,Towers with Radar,179,52,27,33,291,0,38,58,12,108,179,90,85,45,399,0,0,0,399
09/09/2020,HNL,HI,AWP,WE,Towers with Radar,180,36,10,45,271,0,46,86,11,143,180,82,96,56,414,0,0,0,414
09/10/2020,HNL,HI,AWP,WE,Towers with Radar,195,53,14,38,300,0,33,74,5,112,195,86,88,43,412,1,0,1,413
09/11/2020,HNL,HI,AWP,WE,Towers with Radar,175,39,21,33,268,0,42,107,2,151,175,81,128,35,419,0,0,0,419
09/12/2020,HNL,HI,AWP,WE,Towers with Radar,166,43,15,21,245,0,31,86,0,117,166,74,101,21,362,3,0,3,365
09/13/2020,HNL,HI,AWP,WE,Towers with Radar,142,13,19,10,184,0,14,83,1,98,142,27,102,11,282,0,0,0,282
09/14/2020,HNL,HI,AWP,WE,Towers with Radar,169,40,12,26,247,0,46,78,4,128,169,86,90,30,375,0,0,0,375
09/15/2020,HNL,HI,AWP,WE,Towers with Radar,199,35,20,36,290,0,32,56,4,92,199,67,76,40,382,0,0,0,382
09/16/2020,HNL,HI,AWP,WE,Towers with Radar,201,52,31,55,339,0,32,63,5,100,201,84,94,60,439,0,0,0,439
09/17/2020,HNL,HI,AWP,WE,Towers with Radar,206,52,22,42,322,0,30,68,12,110,206,82,90,54,432,0,0,0,432
09/18/2020,HNL,HI,AWP,WE,Towers with Radar,189,49,32,21,291,0,56,94,3,153,189,105,126,24,444,0,0,0,444
09/19/2020,HNL,HI,AWP,WE,Towers with Radar,162,49,22,15,248,0,32,58,2,92,162,81,80,17,340,0,0,0,340
09/20/2020,HNL,HI,AWP,WE,Towers with Radar,148,14,25,5,192,0,10,96,0,106,148,24,121,5,298,0,0,0,298
09/21/2020,HNL,HI,AWP,WE,Towers with Radar,179,54,22,30,285,0,53,77,5,135,179,107,99,35,420,0,0,0,420
09/22/2020,HNL,HI,AWP,WE,Towers with Radar,167,49,22,38,276,0,29,61,4,94,167,78,83,42,370,0,0,0,370
09/23/2020,HNL,HI,AWP,WE,Towers with Radar,193,42,13,32,280,0,43,80,5,128,193,85,93,37,408,1,0,1,409
09/24/2020,HNL,HI,AWP,WE,Towers with Radar,192,47,29,39,307,0,40,68,3,111,192,87,97,42,418,0,0,0,418
09/25/2020,HNL,HI,AWP,WE,Towers with Radar,192,46,25,24,287,0,45,91,6,142,192,91,116,30,429,0,0,0,429
09/26/2020,HNL,HI,AWP,WE,Towers with Radar,170,28,19,21,238,0,37,94,1,132,170,65,113,22,370,0,0,0,370
09/27/2020,HNL,HI,AWP,WE,Towers with Radar,142,8,11,20,181,0,21,81,1,103,142,29,92,21,284,0,0,0,284
09/28/2020,HNL,HI,AWP,WE,Towers with Radar,183,44,27,45,299,0,34,86,10,130,183,78,113,55,429,0,0,0,429
09/29/2020,HNL,HI,AWP,WE,Towers with Radar,183,39,18,52,292,0,39,81,7,127,183,78,99,59,419,0,0,0,419
09/30/2020,HNL,HI,AWP,WE,Towers with Radar,198,43,25,44,310,0,45,95,6,146,198,88,120,50,456,0,0,0,456
10/01/2020,HNL,HI,AWP,WE,Towers with Radar,191,41,13,42,287,0,42,85,2,129,191,83,98,44,416,1,0,1,417
10/02/2020,HNL,HI,AWP,WE,Towers with Radar,201,52,17,34,304,0,33,71,4,108,201,85,88,38,412,0,0,0,412
10/03/2020,HNL,HI,AWP,WE,Towers with Radar,178,25,26,49,278,0,42,100,4,146,178,67,126,53,424,2,0,2,426
10/04/2020,HNL,HI,AWP,WE,Towers with Radar,153,30,18,16,217,0,15,84,2,101,153,45,102,18,318,0,0,0,318
10/05/2020,HNL,HI,AWP,WE,Towers with Radar,194,59,16,18,287,0,67,74,3,144,194,126,90,21,431,0,0,0,431
10/06/2020,HNL,HI,AWP,WE,Towers with Radar,183,66,20,31,300,0,35,48,6,89,183,101,68,37,389,0,0,0,389
10/07/2020,HNL,HI,AWP,WE,Towers with Radar,197,46,19,30,292,0,28,64,8,100,197,74,83,38,392,0,0,0,392
10/08/2020,HNL,HI,AWP,WE,Towers with Radar,207,54,22,31,314,0,42,72,6,120,207,96,94,37,434,0,0,0,434
10/09/2020,HNL,HI,AWP,WE,Towers with Radar,214,63,14,17,308,0,24,64,7,95,214,87,78,24,403,0,0,0,403
10/10/2020,HNL,HI,AWP,WE,Towers with Radar,182,26,18,9,235,0,41,102,1,144,182,67,120,10,379,0,0,0,379
10/11/2020,HNL,HI,AWP,WE,Towers with Radar,153,19,19,10,201,0,14,95,4,113,153,33,114,14,314,0,0,0,314
10/12/2020,HNL,HI,AWP,WE,Towers with Radar,180,53,17,11,261,0,33,62,0,95,180,86,79,11,356,0,0,0,356
10/13/2020,HNL,HI,AWP,WE,Towers with Radar,196,46,16,31,289,0,59,116,8,183,196,105,132,39,472,0,0,0,472
10/14/2020,HNL,HI,AWP,WE,Towers with Radar,201,50,25,41,317,0,51,100,11,162,201,101,125,52,479,6,0,6,485
10/15/2020,HNL,HI,AWP,WE,Towers with Radar,242,80,16,47,385,0,39,78,7,124,242,119,94,54,509,0,0,0,509
10/16/2020,HNL,HI,AWP,WE,Towers with Radar,250,83,16,23,372,0,41,76,3,120,250,124,92,26,492,0,0,0,492
10/17/2020,HNL,HI,AWP,WE,Towers with Radar,232,58,15,11,316,0,24,60,0,84,232,82,75,11,400,3,0,3,403
10/18/2020,HNL,HI,AWP,WE,Towers with Radar,198,33,11,12,254,0,5,46,0,51,198,38,57,12,305,0,0,0,305
10/19/2020,HNL,HI,AWP,WE,Towers with Radar,221,87,17,15,340,0,35,52,4,91,221,122,69,19,431,0,0,0,431
10/20/2020,HNL,HI,AWP,WE,Towers with Radar,238,61,39,54,392,0,27,68,4,99,238,88,107,58,491,0,0,0,491
10/21/2020,HNL,HI,AWP,WE,Towers with Radar,231,88,24,57,400,0,20,64,2,86,231,108,88,59,486,0,0,0,486
10/22/2020,HNL,HI,AWP,WE,Towers with Radar,250,75,25,44,394,0,62,75,8,145,250,137,100,52,539,16,0,16,555
10/23/2020,HNL,HI,AWP,WE,Towers with Radar,243,97,11,12,363,0,40,28,3,71,243,137,39,15,434,0,0,0,434
10/24/2020,HNL,HI,AWP,WE,Towers with Radar,220,68,41,13,342,0,64,112,2,178,220,132,153,15,520,0,0,0,520
10/25/2020,HNL,HI,AWP,WE,Towers with Radar,189,43,18,8,258,0,39,89,1,129,189,82,107,9,387,8,0,8,395
10/26/2020,HNL,HI,AWP,WE,Towers with Radar,231,99,19,32,381,0,62,78,3,143,231,161,97,35,524,0,0,0,524
10/27/2020,HNL,HI,AWP,WE,Towers with Radar,222,58,9,40,329,0,54,51,6,111,222,112,60,46,440,0,0,0,440
10/28/2020,HNL,HI,AWP,WE,Towers with Radar,226,75,16,33,350,0,52,43,5,100,226,127,59,38,450,0,0,0,450
10/29/2020,HNL,HI,AWP,WE,Towers with Radar,238,73,16,20,347,0,49,73,5,127,238,122,89,25,474,0,0,0,474
10/30/2020,HNL,HI,AWP,WE,Towers with Radar,227,65,27,17,336,0,49,85,2,136,227,114,112,19,472,0,0,0,472
10/31/2020,HNL,HI,AWP,WE,Towers with Radar,225,28,19,11,283,0,44,84,1,129,225,72,103,12,412,0,0,0,412
11/01/2020,HNL,HI,AWP,WE,Towers with Radar,193,25,18,13,249,0,29,93,1,123,193,54,111,14,372,0,0,0,372
11/02/2020,HNL,HI,AWP,WE,Towers with Radar,242,69,13,28,352,0,77,100,7,184,242,146,113,35,536,0,0,0,536
11/03/2020,HNL,HI,AWP,WE,Towers with Radar,220,48,21,52,341,0,48,75,8,131,220,96,96,60,472,0,0,0,472
11/04/2020,HNL,HI,AWP,WE,Towers with Radar,247,55,15,57,374,0,63,98,8,169,247,118,113,65,543,0,0,0,543
11/05/2020,HNL,HI,AWP,WE,Towers with Radar,255,52,26,67,400,0,73,102,10,185,255,125,128,77,585,0,0,0,585
11/06/2020,HNL,HI,AWP,WE,Towers with Radar,241,68,14,53,376,0,32,76,5,113,241,100,90,58,489,0,0,0,489
11/07/2020,HNL,HI,AWP,WE,Towers with Radar,217,41,20,41,319,0,40,64,2,106,217,81,84,43,425,0,0,0,425
11/08/2020,HNL,HI,AWP,WE,Towers with Radar,195,19,17,25,256,0,63,93,2,158,195,82,110,27,414,0,0,0,414
11/09/2020,HNL,HI,AWP,WE,Towers with Radar,244,50,20,15,329,0,45,41,3,89,244,95,61,18,418,0,0,0,418
11/10/2020,HNL,HI,AWP,WE,Towers with Radar,234,46,15,69,364,0,75,65,0,140,234,121,80,69,504,0,0,0,504
11/11/2020,HNL,HI,AWP,WE,Towers with Radar,244,54,13,12,323,0,67,37,0,104,244,121,50,12,427,0,0,0,427
11/12/2020,HNL,HI,AWP,WE,Towers with Radar,274,54,16,43,387,0,83,94,7,184,274,137,110,50,571,0,0,0,571
11/13/2020,HNL,HI,AWP,WE,Towers with Radar,244,63,21,41,369,0,98,106,9,213,244,161,127,50,582,0,0,0,582
11/14/2020,HNL,HI,AWP,WE,Towers with Radar,226,17,7,18,268,0,76,143,0,219,226,93,150,18,487,0,0,0,487
11/15/2020,HNL,HI,AWP,WE,Towers with Radar,200,29,20,20,269,0,76,139,0,215,200,105,159,20,484,0,0,0,484
11/16/2020,HNL,HI,AWP,WE,Towers with Radar,227,72,16,52,367,0,76,86,10,172,227,148,102,62,539,0,0,0,539
11/17/2020,HNL,HI,AWP,WE,Towers with Radar,239,69,16,40,364,0,72,106,11,189,239,141,122,51,553,0,0,0,553
11/18/2020,HNL,HI,AWP,WE,Towers with Radar,272,76,24,46,418,0,30,27,7,64,272,106,51,53,482,0,0,0,482
11/19/2020,HNL,HI,AWP,WE,Towers with Radar,271,66,21,54,412,0,69,105,15,189,271,135,126,69,601,0,0,0,601
11/20/2020,HNL,HI,AWP,WE,Towers with Radar,275,104,19,50,448,0,55,61,12,128,275,159,80,62,576,0,0,0,576
11/21/2020,HNL,HI,AWP,WE,Towers with Radar,254,74,18,18,364,0,65,49,11,125,254,139,67,29,489,0,0,0,489
11/22/2020,HNL,HI,AWP,WE,Towers with Radar,236,49,6,12,303,0,11,19,6,36,236,60,25,18,339,0,0,0,339
11/23/2020,HNL,HI,AWP,WE,Towers with Radar,275,73,19,52,419,0,121,73,9,203,275,194,92,61,622,0,0,0,622
11/24/2020,HNL,HI,AWP,WE,Towers with Radar,273,67,20,41,401,0,64,82,17,163,273,131,102,58,564,0,0,0,564
11/25/2020,HNL,HI,AWP,WE,Towers with Radar,283,81,14,22,400,0,87,107,3,197,283,168,121,25,597,0,0,0,597
11/26/2020,HNL,HI,AWP,WE,Towers with Radar,240,38,6,6,290,0,49,52,1,102,240,87,58,7,392,0,0,0,392
11/27/2020,HNL,HI,AWP,WE,Towers with Radar,260,76,16,5,357,0,84,87,0,171,260,160,103,5,528,0,0,0,528
11/28/2020,HNL,HI,AWP,WE,Towers with Radar,261,73,18,13,365,0,94,102,1,197,261,167,120,14,562,0,0,0,562
11/29/2020,HNL,HI,AWP,WE,Towers with Radar,215,56,21,19,311,0,43,79,9,131,215,99,100,28,442,0,0,0,442
11/30/2020,HNL,HI,AWP,WE,Towers with Radar,299,76,14,55,444,0,68,61,5,134,299,144,75,60,578,0,0,0,578
12/01/2020,HNL,HI,AWP,WE,Towers with Radar,286,64,21,31,402,0,76,105,15,196,286,140,126,46,598,0,0,0,598
12/02/2020,HNL,HI,AWP,WE,Towers with Radar,288,52,17,31,388,0,81,102,11,194,288,133,119,42,582,0,0,0,582
12/03/2020,HNL,HI,AWP,WE,Towers with Radar,275,60,13,37,385,0,67,96,6,169,275,127,109,43,554,0,0,0,554
12/04/2020,HNL,HI,AWP,WE,Towers with Radar,284,87,6,19,396,0,114,97,6,217,284,201,103,25,613,0,0,0,613
12/05/2020,HNL,HI,AWP,WE,Towers with Radar,241,56,19,37,353,0,82,73,6,161,241,138,92,43,514,0,0,0,514
12/06/2020,HNL,HI,AWP,WE,Towers with Radar,227,42,18,19,306,0,59,109,6,174,227,101,127,25,480,3,0,3,483
12/07/2020,HNL,HI,AWP,WE,Towers with Radar,270,65,15,20,370,0,112,150,9,271,270,177,165,29,641,0,0,0,641
12/08/2020,HNL,HI,AWP,WE,Towers with Radar,270,57,8,50,385,0,98,97,6,201,270,155,105,56,586,0,0,0,586
12/09/2020,HNL,HI,AWP,WE,Towers with Radar,277,76,31,38,422,0,58,74,18,150,277,134,105,56,572,0,0,0,572
12/10/2020,HNL,HI,AWP,WE,Towers with Radar,294,61,14,44,413,0,76,101,14,191,294,137,115,58,604,0,0,0,604
12/11/2020,HNL,HI,AWP,WE,Towers with Radar,291,75,8,19,393,0,63,108,2,173,291,138,116,21,566,0,0,0,566
12/12/2020,HNL,HI,AWP,WE,Towers with Radar,248,60,18,18,344,0,103,109,4,216,248,163,127,22,560,0,0,0,560
12/13/2020,HNL,HI,AWP,WE,Towers with Radar,238,54,15,6,313,0,52,96,0,148,238,106,111,6,461,0,0,0,461
12/14/2020,HNL,HI,AWP,WE,Towers with Radar,285,62,22,47,416,0,104,103,5,212,285,166,125,52,628,0,0,0,628
12/15/2020,HNL,HI,AWP,WE,Towers with Radar,259,53,10,36,358,0,97,108,18,223,259,150,118,54,581,0,0,0,581
12/16/2020,HNL,HI,AWP,WE,Towers with Radar,283,62,30,37,412,0,43,72,10,125,283,105,102,47,537,0,0,0,537
12/17/2020,HNL,HI,AWP,WE,Towers with Radar,309,56,22,35,422,0,103,91,2,196,309,159,113,37,618,0,0,0,618
12/18/2020,HNL,HI,AWP,WE,Towers with Radar,322,74,23,21,440,0,71,57,3,131,322,145,80,24,571,0,0,0,571
12/19/2020,HNL,HI,AWP,WE,Towers with Radar,283,50,19,13,365,0,62,71,1,134,283,112,90,14,499,0,0,0,499
12/20/2020,HNL,HI,AWP,WE,Towers with Radar,283,44,22,7,356,0,51,59,1,111,283,95,81,8,467,0,0,0,467
12/21/2020,HNL,HI,AWP,WE,Towers with Radar,318,60,17,18,413,0,124,110,20,254,318,184,127,38,667,0,0,0,667
12/22/2020,HNL,HI,AWP,WE,Towers with Radar,289,70,20,21,400,0,99,111,3,213,289,169,131,24,613,0,0,0,613
12/23/2020,HNL,HI,AWP,WE,Towers with Radar,305,76,20,27,428,0,100,96,5,201,305,176,116,32,629,0,0,0,629
12/24/2020,HNL,HI,AWP,WE,Towers with Radar,283,53,13,7,356,0,107,78,0,185,283,160,91,7,541,0,0,0,541
12/25/2020,HNL,HI,AWP,WE,Towers with Radar,237,36,8,0,281,0,43,14,0,57,237,79,22,0,338,0,0,0,338
12/26/2020,HNL,HI,AWP,WE,Towers with Radar,249,68,20,0,337,0,12,9,0,21,249,80,29,0,358,0,0,0,358
12/27/2020,HNL,HI,AWP,WE,Towers with Radar,241,36,11,2,290,0,166,80,4,250,241,202,91,6,540,0,0,0,540
12/28/2020,HNL,HI,AWP,WE,Towers with Radar,289,62,14,19,384,0,138,111,0,249,289,200,125,19,633,0,0,0,633
12/29/2020,HNL,HI,AWP,WE,Towers with Radar,278,87,15,27,407,0,176,111,10,297,278,263,126,37,704,0,0,0,704
12/30/2020,HNL,HI,AWP,WE,Towers with Radar,304,85,14,22,425,0,169,120,6,295,304,254,134,28,720,0,0,0,720
12/31/2020,HNL,HI,AWP,WE,Towers with Radar,282,60,11,14,367,0,127,74,3,204,282,187,85,17,571,0,0,0,571
01/01/2021,HNL,HI,AWP,WE,Towers with Radar,253,47,13,6,319,0,96,33,2,131,253,143,46,8,450,0,0,0,450
01/02/2021,HNL,HI,AWP,WE,Towers with Radar,245,75,17,6,343,0,104,90,3,197,245,179,107,9,540,0,0,0,540
01/03/2021,HNL,HI,AWP,WE,Towers with Radar,254,62,17,6,339,0,91,57,1,149,254,153,74,7,488,0,0,0,488
01/04/2021,HNL,HI,AWP,WE,Towers with Radar,277,75,12,45,409,0,60,75,25,160,277,135,87,70,569,0,0,0,569
01/05/2021,HNL,HI,AWP,WE,Towers with Radar,264,66,10,65,405,0,96,80,2,178,264,162,90,67,583,0,0,0,583
01/06/2021,HNL,HI,AWP,WE,Towers with Radar,266,76,16,50,408,0,72,76,9,157,266,148,92,59,565,0,0,0,565
01/07/2021,HNL,HI,AWP,WE,Towers with Radar,269,75,22,47,413,0,106,79,7,192,269,181,101,54,605,0,0,0,605
01/08/2021,HNL,HI,AWP,WE,Towers with Radar,274,83,18,35,410,0,88,72,4,164,274,171,90,39,574,0,0,0,574
01/09/2021,HNL,HI,AWP,WE,Towers with Radar,269,57,20,19,365,0,62,105,1,168,269,119,125,20,533,0,0,0,533
01/10/2021,HNL,HI,AWP,WE,Towers with Radar,236,63,10,13,322,0,52,107,0,159,236,115,117,13,481,0,0,0,481
01/11/2021,HNL,HI,AWP,WE,Towers with Radar,251,81,15,17,364,0,111,131,8,250,251,192,146,25,614,0,0,0,614
01/12/2021,HNL,HI,AWP,WE,Towers with Radar,244,69,24,50,387,0,89,81,12,182,244,158,105,62,569,0,0,0,569
01/13/2021,HNL,HI,AWP,WE,Towers with Radar,256,73,12,42,383,0,49,71,8,128,256,122,83,50,511,0,0,0,511
01/14/2021,HNL,HI,AWP,WE,Towers with Radar,273,88,27,43,431,0,71,82,5,158,273,159,109,48,589,0,0,0,589
01/15/2021,HNL,HI,AWP,WE,Towers with Radar,274,89,18,12,393,0,81,105,3,189,274,170,123,15,582,0,0,0,582
01/16/2021,HNL,HI,AWP,WE,Towers with Radar,248,66,21,4,339,0,77,139,3,219,248,143,160,7,558,0,0,0,558
01/17/2021,HNL,HI,AWP,WE,Towers with Radar,228,60,20,7,315,0,51,92,0,143,228,111,112,7,458,0,0,0,458
01/18/2021,HNL,HI,AWP,WE,Towers with Radar,241,101,27,6,375,0,15,6,0,21,241,116,33,6,396,0,0,0,396
01/19/2021,HNL,HI,AWP,WE,Towers with Radar,239,91,20,42,392,0,73,37,7,117,239,164,57,49,509,0,0,0,509
01/20/2021,HNL,HI,AWP,WE,Towers with Radar,251,79,11,37,378,0,88,72,10,170,251,167,83,47,548,0,0,0,548
01/21/2021,HNL,HI,AWP,WE,Towers with Radar,258,65,20,34,377,0,84,73,15,172,258,149,93,49,549,0,0,0,549
01/22/2021,HNL,HI,AWP,WE,Towers with Radar,256,79,19,30,384,0,68,57,8,133,256,147,76,38,517,0,0,0,517
01/23/2021,HNL,HI,AWP,WE,Towers with Radar,236,49,23,5,313,0,74,71,3,148,236,123,94,8,461,0,0,0,461
01/24/2021,HNL,HI,AWP,WE,Towers with Radar,209,50,20,17,296,0,43,80,2,125,209,93,100,19,421,0,0,0,421
01/25/2021,HNL,HI,AWP,WE,Towers with Radar,240,93,22,11,366,0,35,29,14,78,240,128,51,25,444,0,0,0,444
01/26/2021,HNL,HI,AWP,WE,Towers with Radar,236,76,33,44,389,0,56,62,6,124,236,132,95,50,513,0,0,0,513
01/27/2021,HNL,HI,AWP,WE,Towers with Radar,238,72,22,39,371,0,89,59,10,158,238,161,81,49,529,0,0,0,529
01/28/2021,HNL,HI,AWP,WE,Towers with Radar,256,86,22,30,394,0,68,43,13,124,256,154,65,43,518,0,0,0,518
01/29/2021,HNL,HI,AWP,WE,Towers with Radar,250,93,27,38,408,0,43,93,3,139,250,136,120,41,547,0,0,0,547
01/30/2021,HNL,HI,AWP,WE,Towers with Radar,230,76,23,14,343,0,51,97,4,152,230,127,120,18,495,0,0,0,495
01/31/2021,HNL,HI,AWP,WE,Towers with Radar,213,47,20,11,291,0,37,86,4,127,213,84,106,15,418,0,0,0,418
02/01/2021,HNL,HI,AWP,WE,Towers with Radar,227,104,28,32,391,0,51,82,15,148,227,155,110,47,539,0,0,0,539
02/02/2021,HNL,HI,AWP,WE,Towers with Radar,234,74,28,39,375,0,73,53,7,133,234,147,81,46,508,0,0,0,508
02/03/2021,HNL,HI,AWP,WE,Towers with Radar,224,96,10,16,346,0,21,12,2,35,224,117,22,18,381,0,0,0,381
02/04/2021,HNL,HI,AWP,WE,Towers with Radar,256,93,17,33,399,0,117,89,15,221,256,210,106,48,620,0,0,0,620
02/05/2021,HNL,HI,AWP,WE,Towers with Radar,267,86,11,16,380,0,118,83,4,205,267,204,94,20,585,0,0,0,585
02/06/2021,HNL,HI,AWP,WE,Towers with Radar,223,64,15,13,315,0,77,138,4,219,223,141,153,17,534,0,0,0,534
02/07/2021,HNL,HI,AWP,WE,Towers with Radar,217,52,24,10,303,0,40,104,4,148,217,92,128,14,451,0,0,0,451
02/08/2021,HNL,HI,AWP,WE,Towers with Radar,236,103,15,20,374,0,85,71,6,162,236,188,86,26,536,0,0,0,536
02/09/2021,HNL,HI,AWP,WE,Towers with Radar,226,82,16,54,378,0,115,116,9,240,226,197,132,63,618,0,0,0,618
02/10/2021,HNL,HI,AWP,WE,Towers with Radar,241,94,27,55,417,0,101,105,11,217,241,195,132,66,634,0,0,0,634
02/11/2021,HNL,HI,AWP,WE,Towers with Radar,251,97,23,52,423,0,110,89,9,208,251,207,112,61,631,0,0,0,631
02/12/2021,HNL,HI,AWP,WE,Towers with Radar,262,102,20,22,406,0,136,92,3,231,262,238,112,25,637,0,0,0,637
02/13/2021,HNL,HI,AWP,WE,Towers with Radar,233,95,27,10,365,0,118,97,6,221,233,213,124,16,586,0,0,0,586
02/14/2021,HNL,HI,AWP,WE,Towers with Radar,214,68,19,11,312,0,100,67,0,167,214,168,86,11,479,0,0,0,479
02/15/2021,HNL,HI,AWP,WE,Towers with Radar,234,116,18,12,380,0,116,90,2,208,234,232,108,14,588,0,0,0,588
02/16/2021,HNL,HI,AWP,WE,Towers with Radar,232,81,15,42,370,0,134,85,7,226,232,215,100,49,596,0,0,0,596
02/17/2021,HNL,HI,AWP,WE,Towers with Radar,248,89,11,34,382,0,99,83,3,185,248,188,94,37,567,0,0,0,567
02/18/2021,HNL,HI,AWP,WE,Towers with Radar,278,116,14,35,443,0,72,68,5,145,278,188,82,40,588,0,0,0,588
02/19/2021,HNL,HI,AWP,WE,Towers with Radar,264,115,24,42,445,0,77,66,9,152,264,192,90,51,597,0,0,0,597
02/20/2021,HNL,HI,AWP,WE,Towers with Radar,227,94,14,46,381,0,83,117,0,200,227,177,131,46,581,0,0,0,581
02/21/2021,HNL,HI,AWP,WE,Towers with Radar,215,87,20,25,347,0,48,60,1,109,215,135,80,26,456,0,0,0,456
02/22/2021,HNL,HI,AWP,WE,Towers with Radar,245,98,18,24,385,0,151,107,1,259,245,249,125,25,644,0,0,0,644
02/23/2021,HNL,HI,AWP,WE,Towers with Radar,245,90,13,62,410,0,92,98,41,231,245,182,111,103,641,0,0,0,641
02/24/2021,HNL,HI,AWP,WE,Towers with Radar,251,83,23,86,443,0,96,78,9,183,251,179,101,95,626,0,0,0,626
02/25/2021,HNL,HI,AWP,WE,Towers with Radar,285,99,14,57,455,0,85,75,11,171,285,184,89,68,626,0,0,0,626
02/26/2021,HNL,HI,AWP,WE,Towers with Radar,259,98,10,44,411,0,111,73,3,187,259,209,83,47,598,0,0,0,598
02/27/2021,HNL,HI,AWP,WE,Towers with Radar,247,88,28,16,379,0,77,52,1,130,247,165,80,17,509,0,0,0,509
02/28/2021,HNL,HI,AWP,WE,Towers with Radar,211,92,12,8,323,0,49,75,4,128,211,141,87,12,451,0,0,0,451
03/01/2021,HNL,HI,AWP,WE,Towers with Radar,242,93,18,52,405,0,95,24,1,120,242,188,42,53,525,0,0,0,525
03/02/2021,HNL,HI,AWP,WE,Towers with Radar,258,96,8,49,411,0,69,44,2,115,258,165,52,51,526,0,0,0,526
03/03/2021,HNL,HI,AWP,WE,Towers with Radar,259,86,19,60,424,0,133,101,3,237,259,219,120,63,661,0,0,0,661
03/04/2021,HNL,HI,AWP,WE,Towers with Radar,274,84,27,62,447,0,131,115,13,259,274,215,142,75,706,0,0,0,706
03/05/2021,HNL,HI,AWP,WE,Towers with Radar,265,119,23,45,452,0,69,51,8,128,265,188,74,53,580,0,0,0,580
03/06/2021,HNL,HI,AWP,WE,Towers with Radar,256,82,19,12,369,0,138,178,2,318,256,220,197,14,687,1,0,1,688
03/07/2021,HNL,HI,AWP,WE,Towers with Radar,231,63,10,14,318,0,101,171,2,274,231,164,181,16,592,0,0,0,592
03/08/2021,HNL,HI,AWP,WE,Towers with Radar,268,111,17,15,411,0,71,73,2,146,268,182,90,17,557,0,0,0,557
03/09/2021,HNL,HI,AWP,WE,Towers with Radar,262,97,15,26,400,0,39,16,5,60,262,136,31,31,460,0,0,0,460
03/10/2021,HNL,HI,AWP,WE,Towers with Radar,264,98,10,45,417,0,97,84,7,188,264,195,94,52,605,0,0,0,605
03/11/2021,HNL,HI,AWP,WE,Towers with Radar,296,110,27,42,475,0,107,61,4,172,296,217,88,46,647,0,0,0,647
03/12/2021,HNL,HI,AWP,WE,Towers with Radar,289,129,15,48,481,0,73,27,14,114,289,202,42,62,595,0,0,0,595
03/13/2021,HNL,HI,AWP,WE,Towers with Radar,249,109,27,32,417,0,74,84,1,159,249,183,111,33,576,0,0,0,576
03/14/2021,HNL,HI,AWP,WE,Towers with Radar,243,67,12,27,349,0,129,112,1,242,243,196,124,28,591,0,0,0,591
03/15/2021,HNL,HI,AWP,WE,Towers with Radar,282,129,26,9,446,0,80,68,6,154,282,209,94,15,600,0,0,0,600
03/16/2021,HNL,HI,AWP,WE,Towers with Radar,284,104,30,23,441,0,31,45,0,76,284,135,75,23,517,0,0,0,517
03/17/2021,HNL,HI,AWP,WE,Towers with Radar,281,103,18,29,431,0,144,74,4,222,281,247,92,33,653,0,0,0,653
03/18/2021,HNL,HI,AWP,WE,Towers with Radar,303,134,14,34,485,0,33,29,7,69,303,167,43,41,554,0,0,0,554
03/19/2021,HNL,HI,AWP,WE,Towers with Radar,302,112,19,31,464,0,199,109,5,313,302,311,128,36,777,0,0,0,777
03/20/2021,HNL,HI,AWP,WE,Towers with Radar,283,114,24,11,432,0,91,81,0,172,283,205,105,11,604,0,0,0,604
03/21/2021,HNL,HI,AWP,WE,Towers with Radar,254,92,19,10,375,0,60,48,2,110,254,152,67,12,485,0,0,0,485
03/22/2021,HNL,HI,AWP,WE,Towers with Radar,277,102,21,29,429,0,161,130,0,291,277,263,151,29,720,0,0,0,720
03/23/2021,HNL,HI,AWP,WE,Towers with Radar,289,103,25,15,432,0,126,85,4,215,289,229,110,19,647,0,0,0,647
03/24/2021,HNL,HI,AWP,WE,Towers with Radar,279,125,26,32,462,0,66,40,1,107,279,191,66,33,569,0,0,0,569
03/25/2021,HNL,HI,AWP,WE,Towers with Radar,311,138,42,30,521,0,98,68,2,168,311,236,110,32,689,0,0,0,689
03/26/2021,HNL,HI,AWP,WE,Towers with Radar,299,112,28,34,473,0,192,173,8,373,299,304,201,42,846,0,0,0,846
03/27/2021,HNL,HI,AWP,WE,Towers with Radar,284,105,12,21,422,0,127,144,1,272,284,232,156,22,694,0,0,0,694
03/28/2021,HNL,HI,AWP,WE,Towers with Radar,260,97,29,7,393,0,116,110,3,229,260,213,139,10,622,0,0,0,622
03/29/2021,HNL,HI,AWP,WE,Towers with Radar,280,107,21,18,426,0,168,105,3,276,280,275,126,21,702,0,0,0,702
03/30/2021,HNL,HI,AWP,WE,Towers with Radar,280,111,33,24,448,0,191,102,2,295,280,302,135,26,743,0,0,0,743
03/31/2021,HNL,HI,AWP,WE,Towers with Radar,282,92,9,41,424,0,144,106,1,251,282,236,115,42,675,0,0,0,675
04/01/2021,HNL,HI,AWP,WE,Towers with Radar,303,113,17,42,475,0,156,93,0,249,303,269,110,42,724,0,0,0,724
04/02/2021,HNL,HI,AWP,WE,Towers with Radar,311,105,24,17,457,0,172,134,6,312,311,277,158,23,769,0,0,0,769
04/03/2021,HNL,HI,AWP,WE,Towers with Radar,283,111,20,19,433,0,129,126,1,256,283,240,146,20,689,0,0,0,689
04/04/2021,HNL,HI,AWP,WE,Towers with Radar,249,93,18,15,375,0,75,71,0,146,249,168,89,15,521,0,0,0,521
04/05/2021,HNL,HI,AWP,WE,Towers with Radar,292,120,18,16,446,0,159,86,0,245,292,279,104,16,691,0,0,0,691
04/06/2021,HNL,HI,AWP,WE,Towers with Radar,285,92,27,39,443,0,166,77,4,247,285,258,104,43,690,0,0,0,690
04/07/2021,HNL,HI,AWP,WE,Towers with Radar,308,101,22,43,474,0,133,96,0,229,308,234,118,43,703,0,0,0,703
04/08/2021,HNL,HI,AWP,WE,Towers with Radar,320,117,24,45,506,0,168,130,8,306,320,285,154,53,812,0,0,0,812
04/09/2021,HNL,HI,AWP,WE,Towers with Radar,352,124,30,35,541,0,182,119,1,302,352,306,149,36,843,0,0,0,843
04/10/2021,HNL,HI,AWP,WE,Towers with Radar,294,117,29,43,483,0,120,111,1,232,294,237,140,44,715,0,0,0,715
04/11/2021,HNL,HI,AWP,WE,Towers with Radar,284,96,22,15,417,0,72,68,2,142,284,168,90,17,559,0,0,0,559
04/12/2021,HNL,HI,AWP,WE,Towers with Radar,320,107,26,12,465,0,146,133,0,279,320,253,159,12,744,0,0,0,744
04/13/2021,HNL,HI,AWP,WE,Towers with Radar,286,107,24,25,442,0,133,99,7,239,286,240,123,32,681,0,0,0,681
04/14/2021,HNL,HI,AWP,WE,Towers with Radar,324,82,19,38,463,0,150,115,10,275,324,232,134,48,738,0,0,0,738
04/15/2021,HNL,HI,AWP,WE,Towers with Radar,321,95,17,46,479,0,160,100,14,274,321,255,117,60,753,0,0,0,753
04/16/2021,HNL,HI,AWP,WE,Towers with Radar,344,107,24,20,495,0,162,120,19,301,344,269,144,39,796,0,0,0,796
04/17/2021,HNL,HI,AWP,WE,Towers with Radar,299,92,23,18,432,0,108,105,3,216,299,200,128,21,648,0,0,0,648
04/18/2021,HNL,HI,AWP,WE,Towers with Radar,281,111,12,15,419,0,138,138,1,277,281,249,150,16,696,0,0,0,696
04/19/2021,HNL,HI,AWP,WE,Towers with Radar,319,86,15,36,456,0,136,117,3,256,319,222,132,39,712,0,0,0,712
04/20/2021,HNL,HI,AWP,WE,Towers with Radar,304,82,27,23,436,0,133,78,4,215,304,215,105,27,651,0,0,0,651
04/21/2021,HNL,HI,AWP,WE,Towers with Radar,301,86,19,38,444,0,109,95,6,210,301,195,114,44,654,0,0,0,654
04/22/2021,HNL,HI,AWP,WE,Towers with Radar,337,81,17,30,465,0,165,98,13,276,337,246,115,43,741,0,0,0,741
04/23/2021,HNL,HI,AWP,WE,Towers with Radar,327,92,24,39,482,0,183,104,8,295,327,275,128,47,777,0,0,0,777
04/24/2021,HNL,HI,AWP,WE,Towers with Radar,305,80,18,4,407,4,117,83,3,207,309,197,101,7,614,0,0,0,614
04/25/2021,HNL,HI,AWP,WE,Towers with Radar,284,70,7,13,374,0,112,132,2,246,284,182,139,15,620,0,0,0,620
04/26/2021,HNL,HI,AWP,WE,Towers with Radar,302,87,10,14,413,0,152,82,7,241,302,239,92,21,654,0,0,0,654
04/27/2021,HNL,HI,AWP,WE,Towers with Radar,322,105,31,55,513,13,104,72,8,197,335,209,103,63,710,0,0,0,710
04/28/2021,HNL,HI,AWP,WE,Towers with Radar,315,94,30,37,476,0,89,73,7,169,315,183,103,44,645,0,0,0,645
04/29/2021,HNL,HI,AWP,WE,Towers with Radar,335,91,25,53,504,0,178,79,21,278,335,269,104,74,782,0,1,1,783
04/30/2021,HNL,HI,AWP,WE,Towers with Radar,337,125,26,35,523,0,141,126,4,271,337,266,152,39,794,0,0,0,794
05/01/2021,HNL,HI,AWP,WE,Towers with Radar,301,84,22,27,434,0,137,127,5,269,301,221,149,32,703,0,0,0,703
05/02/2021,HNL,HI,AWP,WE,Towers with Radar,291,66,19,20,396,0,131,138,3,272,291,197,157,23,668,0,0,0,668
05/03/2021,HNL,HI,AWP,WE,Towers with Radar,316,109,21,22,468,0,142,110,4,256,316,251,131,26,724,0,0,0,724
05/04/2021,HNL,HI,AWP,WE,Towers with Radar,304,103,25,27,459,0,99,82,5,186,304,202,107,32,645,0,0,0,645
05/05/2021,HNL,HI,AWP,WE,Towers with Radar,308,107,10,39,464,0,132,90,10,232,308,239,100,49,696,0,0,0,696
05/06/2021,HNL,HI,AWP,WE,Towers with Radar,334,98,21,34,487,0,179,77,15,271,334,277,98,49,758,0,0,0,758
05/07/2021,HNL,HI,AWP,WE,Towers with Radar,341,119,29,20,509,0,162,81,5,248,341,281,110,25,757,0,0,0,757
05/08/2021,HNL,HI,AWP,WE,Towers with Radar,300,70,10,14,394,0,106,122,3,231,300,176,132,17,625,0,0,0,625
05/09/2021,HNL,HI,AWP,WE,Towers with Radar,293,70,12,5,380,0,115,107,2,224,293,185,119,7,604,0,0,0,604
05/10/2021,HNL,HI,AWP,WE,Towers with Radar,339,115,24,55,533,0,227,120,21,368,339,342,144,76,901,0,0,0,901
05/11/2021,HNL,HI,AWP,WE,Towers with Radar,320,99,19,41,479,0,177,103,3,283,320,276,122,44,762,0,0,0,762
05/12/2021,HNL,HI,AWP,WE,Towers with Radar,323,90,9,38,460,0,152,124,12,288,323,242,133,50,748,0,0,0,748
05/13/2021,HNL,HI,AWP,WE,Towers with Radar,332,96,17,32,477,0,182,80,8,270,332,278,97,40,747,0,0,0,747
05/14/2021,HNL,HI,AWP,WE,Towers with Radar,337,117,16,24,494,0,206,112,4,322,337,323,128,28,816,0,0,0,816
05/15/2021,HNL,HI,AWP,WE,Towers with Radar,313,85,18,15,431,0,90,91,0,181,313,175,109,15,612,0,0,0,612
05/16/2021,HNL,HI,AWP,WE,Towers with Radar,298,76,9,10,393,0,82,103,1,186,298,158,112,11,579,0,0,0,579
05/17/2021,HNL,HI,AWP,WE,Towers with Radar,326,96,10,13,445,0,133,100,1,234,326,229,110,14,679,0,0,0,679
05/18/2021,HNL,HI,AWP,WE,Towers with Radar,343,86,24,54,507,0,170,73,8,251,343,256,97,62,758,0,0,0,758
05/19/2021,HNL,HI,AWP,WE,Towers with Radar,313,95,13,47,468,0,158,100,19,277,313,253,113,66,745,0,0,0,745
05/20/2021,HNL,HI,AWP,WE,Towers with Radar,327,100,25,31,483,0,167,97,10,274,327,267,122,41,757,0,0,0,757
05/21/2021,HNL,HI,AWP,WE,Towers with Radar,357,103,44,25,529,0,200,117,12,329,357,303,161,37,858,0,0,0,858
05/22/2021,HNL,HI,AWP,WE,Towers with Radar,316,72,16,7,411,0,171,117,7,295,316,243,133,14,706,0,0,0,706
05/23/2021,HNL,HI,AWP,WE,Towers with Radar,295,75,16,13,399,0,126,111,7,244,295,201,127,20,643,0,0,0,643
05/24/2021,HNL,HI,AWP,WE,Towers with Radar,341,118,23,43,525,0,198,122,11,331,341,316,145,54,856,0,0,0,856
05/25/2021,HNL,HI,AWP,WE,Towers with Radar,336,89,33,35,493,0,206,111,2,319,336,295,144,37,812,0,0,0,812
05/26/2021,HNL,HI,AWP,WE,Towers with Radar,326,87,17,49,479,0,161,106,11,278,326,248,123,60,757,0,0,0,757
05/27/2021,HNL,HI,AWP,WE,Towers with Radar,351,97,21,37,506,0,262,152,8,422,351,359,173,45,928,0,0,0,928
05/28/2021,HNL,HI,AWP,WE,Towers with Radar,366,97,24,7,494,0,203,134,4,341,366,300,158,11,835,0,0,0,835
05/29/2021,HNL,HI,AWP,WE,Towers with Radar,308,85,20,16,429,0,147,127,1,275,308,232,147,17,704,0,0,0,704
05/30/2021,HNL,HI,AWP,WE,Towers with Radar,294,81,9,7,391,0,127,87,2,216,294,208,96,9,607,0,0,0,607
05/31/2021,HNL,HI,AWP,WE,Towers with Radar,331,81,13,11,436,0,240,129,2,371,331,321,142,13,807,0,0,0,807
06/01/2021,HNL,HI,AWP,WE,Towers with Radar,368,117,14,50,549,0,192,133,2,327,368,309,147,52,876,0,0,0,876
06/02/2021,HNL,HI,AWP,WE,Towers with Radar,365,82,19,44,510,0,182,121,4,307,365,264,140,48,817,0,0,0,817
06/03/2021,HNL,HI,AWP,WE,Towers with Radar,407,114,25,24,570,0,224,93,10,327,407,338,118,34,897,0,0,0,897
06/04/2021,HNL,HI,AWP,WE,Towers with Radar,395,117,28,35,575,0,206,101,6,313,395,323,129,41,888,0,0,0,888
06/05/2021,HNL,HI,AWP,WE,Towers with Radar,341,91,16,31,479,0,136,117,0,253,341,227,133,31,732,0,0,0,732
06/06/2021,HNL,HI,AWP,WE,Towers with Radar,350,102,19,8,479,0,119,80,2,201,350,221,99,10,680,0,0,0,680
06/07/2021,HNL,HI,AWP,WE,Towers with Radar,393,105,18,22,538,0,185,120,3,308,393,290,138,25,846,0,0,0,846
06/08/2021,HNL,HI,AWP,WE,Towers with Radar,387,94,13,36,530,0,191,111,11,313,387,285,124,47,843,0,0,0,843
06/09/2021,HNL,HI,AWP,WE,Towers with Radar,391,110,19,31,551,0,172,104,8,284,391,282,123,39,835,0,0,0,835
06/10/2021,HNL,HI,AWP,WE,Towers with Radar,421,95,29,45,590,0,224,93,7,324,421,319,122,52,914,0,0,0,914
06/11/2021,HNL,HI,AWP,WE,Towers with Radar,409,119,27,28,583,0,136,86,0,222,409,255,113,28,805,0,0,0,805
06/12/2021,HNL,HI,AWP,WE,Towers with Radar,356,82,14,31,483,0,135,95,4,234,356,217,109,35,717,0,0,0,717
06/13/2021,HNL,HI,AWP,WE,Towers with Radar,356,84,10,22,472,0,99,89,3,191,356,183,99,25,663,0,0,0,663
06/14/2021,HNL,HI,AWP,WE,Towers with Radar,393,101,22,47,563,0,222,111,2,335,393,323,133,49,898,0,0,0,898
06/15/2021,HNL,HI,AWP,WE,Towers with Radar,373,84,22,47,526,0,189,164,6,359,373,273,186,53,885,2,0,2,887
06/16/2021,HNL,HI,AWP,WE,Towers with Radar,385,97,29,51,562,0,179,129,1,309,385,276,158,52,871,0,0,0,871
06/17/2021,HNL,HI,AWP,WE,Towers with Radar,435,115,31,78,659,0,222,138,13,373,435,337,169,91,1032,0,0,0,1032
06/18/2021,HNL,HI,AWP,WE,Towers with Radar,392,102,23,35,552,0,213,156,1,370,392,315,179,36,922,0,0,0,922
06/19/2021,HNL,HI,AWP,WE,Towers with Radar,371,108,25,26,530,0,162,89,2,253,371,270,114,28,783,0,0,0,783
06/20/2021,HNL,HI,AWP,WE,Towers with Radar,368,86,21,31,506,0,108,87,3,198,368,194,108,34,704,0,0,0,704
06/21/2021,HNL,HI,AWP,WE,Towers with Radar,384,127,17,63,591,0,192,134,1,327,384,319,151,64,918,0,0,0,918
06/22/2021,HNL,HI,AWP,WE,Towers with Radar,387,118,32,52,589,0,237,126,10,373,387,355,158,62,962,0,0,0,962
06/23/2021,HNL,HI,AWP,WE,Towers with Radar,399,117,25,62,603,0,210,176,17,403,399,327,201,79,1006,0,0,0,1006
06/24/2021,HNL,HI,AWP,WE,Towers with Radar,417,101,18,43,579,0,218,143,6,367,417,319,161,49,946,0,0,0,946
06/25/2021,HNL,HI,AWP,WE,Towers with Radar,410,99,22,48,579,0,231,117,1,349,410,330,139,49,928,0,0,0,928
06/26/2021,HNL,HI,AWP,WE,Towers with Radar,366,88,15,27,496,0,171,112,0,283,366,259,127,27,779,0,0,0,779
06/27/2021,HNL,HI,AWP,WE,Towers with Radar,378,79,15,30,502,0,119,152,0,271,378,198,167,30,773,0,0,0,773
06/28/2021,HNL,HI,AWP,WE,Towers with Radar,413,112,14,56,595,0,239,131,4,374,413,351,145,60,969,0,0,0,969
06/29/2021,HNL,HI,AWP,WE,Towers with Radar,419,82,17,68,586,0,256,134,12,402,419,338,151,80,988,0,0,0,988
06/30/2021,HNL,HI,AWP,WE,Towers with Radar,401,100,16,62,579,0,226,116,18,360,401,326,132,80,939,0,0,0,939
07/01/2021,HNL,HI,AWP,WE,Towers with Radar,416,126,23,65,630,0,170,115,3,288,416,296,138,68,918,0,0,0,918
07/02/2021,HNL,HI,AWP,WE,Towers with Radar,409,152,25,36,622,0,164,83,7,254,409,316,108,43,876,0,0,0,876
07/03/2021,HNL,HI,AWP,WE,Towers with Radar,349,116,19,17,501,0,98,82,1,181,349,214,101,18,682,0,0,0,682
07/04/2021,HNL,HI,AWP,WE,Towers with Radar,325,92,18,14,449,0,82,90,1,173,325,174,108,15,622,0,0,0,622
07/05/2021,HNL,HI,AWP,WE,Towers with Radar,365,105,14,13,497,0,208,149,2,359,365,313,163,15,856,0,0,0,856
07/06/2021,HNL,HI,AWP,WE,Towers with Radar,401,128,34,42,605,0,235,115,5,355,401,363,149,47,960,0,0,0,960
07/07/2021,HNL,HI,AWP,WE,Towers with Radar,410,120,30,44,604,0,207,143,9,359,410,327,173,53,963,3,0,3,966
07/08/2021,HNL,HI,AWP,WE,Towers with Radar,410,122,21,40,593,0,226,120,9,355,410,348,141,49,948,0,0,0,948
07/09/2021,HNL,HI,AWP,WE,Towers with Radar,402,125,24,33,584,0,169,110,0,279,402,294,134,33,863,0,0,0,863
07/10/2021,HNL,HI,AWP,WE,Towers with Radar,370,84,33,44,531,0,169,140,1,310,370,253,173,45,841,0,0,0,841
07/11/2021,HNL,HI,AWP,WE,Towers with Radar,357,99,17,26,499,0,121,135,2,258,357,220,152,28,757,0,0,0,757
07/12/2021,HNL,HI,AWP,WE,Towers with Radar,390,127,31,26,574,0,208,120,3,331,390,335,151,29,905,0,0,0,905
07/13/2021,HNL,HI,AWP,WE,Towers with Radar,404,104,21,37,566,0,222,149,11,382,404,326,170,48,948,0,0,0,948
07/14/2021,HNL,HI,AWP,WE,Towers with Radar,416,140,27,27,610,0,167,112,1,280,416,307,139,28,890,0,0,0,890
07/15/2021,HNL,HI,AWP,WE,Towers with Radar,431,135,29,39,634,0,251,161,4,416,431,386,190,43,1050,0,0,0,1050
07/16/2021,HNL,HI,AWP,WE,Towers with Radar,404,139,20,29,592,0,160,88,0,248,404,299,108,29,840,0,0,0,840
07/17/2021,HNL,HI,AWP,WE,Towers with Radar,372,118,18,13,521,0,168,107,0,275,372,286,125,13,796,0,0,0,796
07/18/2021,HNL,HI,AWP,WE,Towers with Radar,356,113,24,13,506,0,116,128,4,248,356,229,152,17,754,0,0,0,754
07/19/2021,HNL,HI,AWP,WE,Towers with Radar,407,135,45,24,611,0,210,118,12,340,407,345,163,36,951,0,0,0,951
07/20/2021,HNL,HI,AWP,WE,Towers with Radar,386,117,20,46,569,0,198,96,14,308,386,315,116,60,877,0,0,0,877
07/21/2021,HNL,HI,AWP,WE,Towers with Radar,401,150,23,34,608,0,200,67,3,270,401,350,90,37,878,0,0,0,878
07/22/2021,HNL,HI,AWP,WE,Towers with Radar,427,134,21,35,617,0,222,133,11,366,427,356,154,46,983,0,0,0,983
07/23/2021,HNL,HI,AWP,WE,Towers with Radar,408,134,21,27,590,0,192,93,4,289,408,326,114,31,879,0,0,0,879
07/24/2021,HNL,HI,AWP,WE,Towers with Radar,379,115,30,28,552,0,161,124,0,285,379,276,154,28,837,0,0,0,837
07/25/2021,HNL,HI,AWP,WE,Towers with Radar,352,112,14,12,490,0,136,106,3,245,352,248,120,15,735,0,0,0,735
07/26/2021,HNL,HI,AWP,WE,Towers with Radar,377,112,20,34,543,0,238,114,4,356,377,350,134,38,899,2,0,2,901
07/27/2021,HNL,HI,AWP,WE,Towers with Radar,399,119,12,36,566,0,210,135,19,364,399,329,147,55,930,0,0,0,930
07/28/2021,HNL,HI,AWP,WE,Towers with Radar,395,134,34,32,595,0,241,128,19,388,395,375,162,51,983,0,0,0,983
07/29/2021,HNL,HI,AWP,WE,Towers with Radar,419,133,23,35,610,0,249,83,6,338,419,382,106,41,948,0,0,0,948
07/30/2021,HNL,HI,AWP,WE,Towers with Radar,410,112,25,34,581,0,232,106,3,341,410,344,131,37,922,0,0,0,922
07/31/2021,HNL,HI,AWP,WE,Towers with Radar,362,115,21,16,514,0,173,122,6,301,362,288,143,22,815,0,0,0,815
08/01/2021,HNL,HI,AWP,WE,Towers with Radar,378,104,27,8,517,0,138,98,2,238,378,242,125,10,755,0,0,0,755
08/02/2021,HNL,HI,AWP,WE,Towers with Radar,407,123,12,22,564,0,222,81,8,311,407,345,93,30,875,0,0,0,875
08/03/2021,HNL,HI,AWP,WE,Towers with Radar,408,118,22,23,571,0,207,94,15,316,408,325,116,38,887,0,0,0,887
08/04/2021,HNL,HI,AWP,WE,Towers with Radar,412,138,23,10,583,0,174,106,7,287,412,312,129,17,870,0,0,0,870
08/05/2021,HNL,HI,AWP,WE,Towers with Radar,432,117,29,31,609,0,183,91,5,279,432,300,120,36,888,0,0,0,888
08/06/2021,HNL,HI,AWP,WE,Towers with Radar,431,119,22,34,606,0,181,77,5,263,431,300,99,39,869,0,0,0,869
08/07/2021,HNL,HI,AWP,WE,Towers with Radar,388,103,10,27,528,0,182,96,3,281,388,285,106,30,809,0,0,0,809
08/08/2021,HNL,HI,AWP,WE,Towers with Radar,377,96,16,46,535,0,131,100,3,234,377,227,116,49,769,0,0,0,769
08/09/2021,HNL,HI,AWP,WE,Towers with Radar,412,123,20,30,585,0,253,163,24,440,412,376,183,54,1025,0,0,0,1025
08/10/2021,HNL,HI,AWP,WE,Towers with Radar,421,118,27,41,607,0,217,129,10,356,421,335,156,51,963,0,0,0,963
08/11/2021,HNL,HI,AWP,WE,Towers with Radar,418,100,18,81,617,0,197,123,6,326,418,297,141,87,943,0,0,0,943
08/12/2021,HNL,HI,AWP,WE,Towers with Radar,445,106,21,86,658,0,228,118,17,363,445,334,139,103,1021,0,0,0,1021
08/13/2021,HNL,HI,AWP,WE,Towers with Radar,420,129,29,65,643,0,208,130,3,341,420,337,159,68,984,0,0,0,984
08/14/2021,HNL,HI,AWP,WE,Towers with Radar,388,101,18,25,532,0,173,137,5,315,388,274,155,30,847,0,0,0,847
08/15/2021,HNL,HI,AWP,WE,Towers with Radar,371,100,12,29,512,0,127,123,7,257,371,227,135,36,769,0,0,0,769
08/16/2021,HNL,HI,AWP,WE,Towers with Radar,407,133,21,78,639,0,278,145,10,433,407,411,166,88,1072,0,0,0,1072
08/17/2021,HNL,HI,AWP,WE,Towers with Radar,402,108,17,71,598,0,212,114,7,333,402,320,131,78,931,0,0,0,931
08/18/2021,HNL,HI,AWP,WE,Towers with Radar,395,108,14,70,587,0,227,107,8,342,395,335,121,78,929,0,0,0,929
08/19/2021,HNL,HI,AWP,WE,Towers with Radar,423,134,18,59,634,0,190,109,9,308,423,324,127,68,942,0,0,0,942
08/20/2021,HNL,HI,AWP,WE,Towers with Radar,402,124,21,49,596,0,224,145,0,369,402,348,166,49,965,0,0,0,965
08/21/2021,HNL,HI,AWP,WE,Towers with Radar,382,105,28,13,528,0,157,109,5,271,382,262,137,18,799,0,0,0,799
08/22/2021,HNL,HI,AWP,WE,Towers with Radar,371,98,14,6,489,0,132,88,2,222,371,230,102,8,711,0,0,0,711
08/23/2021,HNL,HI,AWP,WE,Towers with Radar,397,159,23,22,601,0,36,9,0,45,397,195,32,22,646,0,0,0,646
08/24/2021,HNL,HI,AWP,WE,Towers with Radar,384,107,30,61,582,0,197,101,9,307,384,304,131,70,889,2,0,2,891
08/25/2021,HNL,HI,AWP,WE,Towers with Radar,385,112,21,59,577,0,197,100,8,305,385,309,121,67,882,0,0,0,882
08/26/2021,HNL,HI,AWP,WE,Towers with Radar,415,117,30,58,620,0,197,102,0,299,415,314,132,58,919,0,2,2,921
08/27/2021,HNL,HI,AWP,WE,Towers with Radar,419,110,30,52,611,0,191,114,8,313,419,301,144,60,924,0,0,0,924
08/28/2021,HNL,HI,AWP,WE,Towers with Radar,374,101,35,21,531,0,203,145,2,350,374,304,180,23,881,0,0,0,881
08/29/2021,HNL,HI,AWP,WE,Towers with Radar,361,93,25,14,493,0,119,125,1,245,361,212,150,15,738,0,0,0,738
08/30/2021,HNL,HI,AWP,WE,Towers with Radar,388,103,20,49,560,0,221,141,5,367,388,324,161,54,927,0,0,0,927
08/31/2021,HNL,HI,AWP,WE,Towers with Radar,394,92,25,39,550,0,214,120,14,348,394,306,145,53,898,0,0,0,898
09/01/2021,HNL,HI,AWP,WE,Towers with Radar,403,95,27,41,566,0,151,102,3,256,403,246,129,44,822,0,0,0,822
09/02/2021,HNL,HI,AWP,WE,Towers with Radar,418,106,37,50,611,0,153,104,11,268,418,259,141,61,879,0,0,0,879
09/03/2021,HNL,HI,AWP,WE,Towers with Radar,437,113,24,18,592,0,203,84,3,290,437,316,108,21,882,0,0,0,882
09/04/2021,HNL,HI,AWP,WE,Towers with Radar,393,94,15,10,512,0,140,101,4,245,393,234,116,14,757,0,0,0,757
09/05/2021,HNL,HI,AWP,WE,Towers with Radar,359,65,10,10,444,0,126,130,4,260,359,191,140,14,704,0,0,0,704
09/06/2021,HNL,HI,AWP,WE,Towers with Radar,396,84,16,15,511,0,222,133,4,359,396,306,149,19,870,0,0,0,870
09/07/2021,HNL,HI,AWP,WE,Towers with Radar,374,92,19,47,532,0,229,150,8,387,374,321,169,55,919,0,0,0,919
09/08/2021,HNL,HI,AWP,WE,Towers with Radar,371,108,23,44,546,0,180,113,11,304,371,288,136,55,850,0,0,0,850
09/09/2021,HNL,HI,AWP,WE,Towers with Radar,397,109,25,36,567,0,203,132,13,348,397,312,157,49,915,0,0,0,915
09/10/2021,HNL,HI,AWP,WE,Towers with Radar,404,102,25,49,580,0,159,123,11,293,404,261,148,60,873,0,0,0,873
09/11/2021,HNL,HI,AWP,WE,Towers with Radar,353,95,19,41,508,0,200,125,11,336,353,295,144,52,844,0,0,0,844
09/12/2021,HNL,HI,AWP,WE,Towers with Radar,361,70,12,17,460,0,120,111,4,235,361,190,123,21,695,0,0,0,695
09/13/2021,HNL,HI,AWP,WE,Towers with Radar,370,128,8,16,522,0,234,116,19,369,370,362,124,35,891,0,0,0,891
09/14/2021,HNL,HI,AWP,WE,Towers with Radar,378,115,27,58,578,0,199,120,8,327,378,314,147,66,905,0,0,0,905
09/15/2021,HNL,HI,AWP,WE,Towers with Radar,393,105,22,43,563,0,155,147,5,307,393,260,169,48,870,0,0,0,870
09/16/2021,HNL,HI,AWP,WE,Towers with Radar,389,124,21,44,578,0,187,102,9,298,389,311,123,53,876,0,0,0,876
09/17/2021,HNL,HI,AWP,WE,Towers with Radar,392,137,20,32,581,0,213,128,5,346,392,350,148,37,927,0,0,0,927
09/18/2021,HNL,HI,AWP,WE,Towers with Radar,362,81,11,8,462,0,162,129,2,293,362,243,140,10,755,0,0,0,755
09/19/2021,HNL,HI,AWP,WE,Towers with Radar,358,83,16,8,465,0,135,89,2,226,358,218,105,10,691,0,0,0,691
09/20/2021,HNL,HI,AWP,WE,Towers with Radar,378,105,16,45,544,0,230,150,8,388,378,335,166,53,932,0,0,0,932
09/21/2021,HNL,HI,AWP,WE,Towers with Radar,370,80,13,44,507,0,163,98,7,268,370,243,111,51,775,0,0,0,775
09/22/2021,HNL,HI,AWP,WE,Towers with Radar,379,98,14,41,532,0,175,114,2,291,379,273,128,43,823,0,0,0,823
09/23/2021,HNL,HI,AWP,WE,Towers with Radar,411,108,19,35,573,0,128,113,11,252,411,236,132,46,825,0,1,1,826
09/24/2021,HNL,HI,AWP,WE,Towers with Radar,397,115,19,27,558,0,141,101,9,251,397,256,120,36,809,0,0,0,809
09/25/2021,HNL,HI,AWP,WE,Towers with Radar,346,83,14,12,455,0,143,121,2,266,346,226,135,14,721,0,0,0,721
09/26/2021,HNL,HI,AWP,WE,Towers with Radar,351,76,21,19,467,0,101,159,2,262,351,177,180,21,729,0,0,0,729
09/27/2021,HNL,HI,AWP,WE,Towers with Radar,382,106,15,35,538,0,226,128,3,357,382,332,143,38,895,0,0,0,895
09/28/2021,HNL,HI,AWP,WE,Towers with Radar,372,90,21,30,513,0,168,106,6,280,372,258,127,36,793,0,0,0,793
09/29/2021,HNL,HI,AWP,WE,Towers with Radar,389,86,12,36,523,0,141,120,5,266,389,227,132,41,789,0,0,0,789
09/30/2021,HNL,HI,AWP,WE,Towers with Radar,396,120,20,37,573,0,140,108,6,254,396,260,128,43,827,0,0,0,827
10/01/2021,HNL,HI,AWP,WE,Towers with Radar,385,116,24,47,572,0,176,126,3,305,385,292,150,50,877,0,0,0,877
10/02/2021,HNL,HI,AWP,WE,Towers with Radar,335,100,20,62,517,0,119,88,0,207,335,219,108,62,724,0,0,0,724
10/03/2021,HNL,HI,AWP,WE,Towers with Radar,329,78,40,28,475,0,115,114,0,229,329,193,154,28,704,0,0,0,704
10/04/2021,HNL,HI,AWP,WE,Towers with Radar,360,120,17,24,521,0,255,138,9,402,360,375,155,33,923,0,0,0,923
10/05/2021,HNL,HI,AWP,WE,Towers with Radar,360,79,19,48,506,0,166,127,7,300,360,245,146,55,806,0,0,0,806
10/06/2021,HNL,HI,AWP,WE,Towers with Radar,366,104,16,35,521,0,150,110,7,267,366,254,126,42,788,0,0,0,788
10/07/2021,HNL,HI,AWP,WE,Towers with Radar,366,118,20,43,547,0,166,89,11,266,366,284,109,54,813,0,0,0,813
10/08/2021,HNL,HI,AWP,WE,Towers with Radar,371,118,20,26,535,0,187,93,2,282,371,305,113,28,817,0,0,0,817
10/09/2021,HNL,HI,AWP,WE,Towers with Radar,358,104,21,20,503,0,106,39,3,148,358,210,60,23,651,0,0,0,651
10/10/2021,HNL,HI,AWP,WE,Towers with Radar,340,94,12,20,466,0,67,38,7,112,340,161,50,27,578,0,0,0,578
10/11/2021,HNL,HI,AWP,WE,Towers with Radar,369,109,25,12,515,0,193,118,3,314,369,302,143,15,829,0,0,0,829
10/12/2021,HNL,HI,AWP,WE,Towers with Radar,359,114,16,17,506,0,125,82,8,215,359,239,98,25,721,0,0,0,721
10/13/2021,HNL,HI,AWP,WE,Towers with Radar,363,102,9,62,536,0,137,92,3,232,363,239,101,65,768,0,0,0,768
10/14/2021,HNL,HI,AWP,WE,Towers with Radar,390,97,32,38,557,0,153,90,16,259,390,250,122,54,816,0,0,0,816
10/15/2021,HNL,HI,AWP,WE,Towers with Radar,379,114,26,23,542,0,174,129,3,306,379,288,155,26,848,0,0,0,848
10/16/2021,HNL,HI,AWP,WE,Towers with Radar,342,95,28,10,475,0,154,159,4,317,342,249,187,14,792,0,0,0,792
10/17/2021,HNL,HI,AWP,WE,Towers with Radar,343,75,20,8,446,0,126,155,6,287,343,201,175,14,733,0,0,0,733
10/18/2021,HNL,HI,AWP,WE,Towers with Radar,379,118,32,46,575,0,193,154,42,389,379,311,186,88,964,0,0,0,964
10/19/2021,HNL,HI,AWP,WE,Towers with Radar,368,105,34,38,545,0,188,132,11,331,368,293,166,49,876,0,0,0,876
10/20/2021,HNL,HI,AWP,WE,Towers with Radar,360,108,16,38,522,0,164,163,15,342,360,272,179,53,864,0,0,0,864
10/21/2021,HNL,HI,AWP,WE,Towers with Radar,380,122,19,51,572,0,169,115,4,288,380,291,134,55,860,0,0,0,860
10/22/2021,HNL,HI,AWP,WE,Towers with Radar,374,107,42,20,543,0,209,138,8,355,374,316,180,28,898,0,0,0,898
10/23/2021,HNL,HI,AWP,WE,Towers with Radar,362,107,29,22,520,0,171,128,3,302,362,278,157,25,822,0,0,0,822
10/24/2021,HNL,HI,AWP,WE,Towers with Radar,354,94,27,16,491,0,69,79,10,158,354,163,106,26,649,0,0,0,649
10/25/2021,HNL,HI,AWP,WE,Towers with Radar,372,139,19,23,553,0,184,110,9,303,372,323,129,32,856,0,0,0,856
10/26/2021,HNL,HI,AWP,WE,Towers with Radar,362,102,34,76,574,0,168,105,19,292,362,270,139,95,866,0,0,0,866
10/27/2021,HNL,HI,AWP,WE,Towers with Radar,361,101,29,57,548,0,127,162,14,303,361,228,191,71,851,0,0,0,851
10/28/2021,HNL,HI,AWP,WE,Towers with Radar,375,105,25,44,549,0,132,97,9,238,375,237,122,53,787,0,0,0,787
10/29/2021,HNL,HI,AWP,WE,Towers with Radar,374,129,27,31,561,0,187,157,4,348,374,316,184,35,909,0,0,0,909
10/30/2021,HNL,HI,AWP,WE,Towers with Radar,339,78,28,17,462,0,114,158,5,277,339,192,186,22,739,0,0,0,739
10/31/2021,HNL,HI,AWP,WE,Towers with Radar,323,83,24,4,434,0,93,103,2,198,323,176,127,6,632,0,0,0,632
11/01/2021,HNL,HI,AWP,WE,Towers with Radar,358,125,18,57,558,0,162,71,3,236,358,287,89,60,794,0,0,0,794
11/02/2021,HNL,HI,AWP,WE,Towers with Radar,384,93,35,61,573,0,117,94,18,229,384,210,129,79,802,0,0,0,802
11/03/2021,HNL,HI,AWP,WE,Towers with Radar,382,131,28,44,585,0,104,86,28,218,382,235,114,72,803,0,0,0,803
11/04/2021,HNL,HI,AWP,WE,Towers with Radar,393,108,19,64,584,0,181,133,10,324,393,289,152,74,908,0,0,0,908
11/05/2021,HNL,HI,AWP,WE,Towers with Radar,380,108,21,37,546,0,192,118,12,322,380,300,139,49,868,0,0,0,868
11/06/2021,HNL,HI,AWP,WE,Towers with Radar,361,63,19,41,484,0,99,93,3,195,361,162,112,44,679,0,0,0,679
11/07/2021,HNL,HI,AWP,WE,Towers with Radar,343,108,32,29,512,0,88,105,0,193,343,196,137,29,705,0,0,0,705
11/08/2021,HNL,HI,AWP,WE,Towers with Radar,378,154,32,13,577,0,138,145,4,287,378,292,177,17,864,0,0,0,864
11/09/2021,HNL,HI,AWP,WE,Towers with Radar,356,110,24,71,561,0,190,129,12,331,356,300,153,83,892,0,0,0,892
11/10/2021,HNL,HI,AWP,WE,Towers with Radar,380,113,26,45,564,0,167,130,4,301,380,280,156,49,865,0,0,0,865
11/11/2021,HNL,HI,AWP,WE,Towers with Radar,391,105,25,17,538,0,183,163,0,346,391,288,188,17,884,0,0,0,884
11/12/2021,HNL,HI,AWP,WE,Towers with Radar,413,115,27,20,575,0,219,162,0,381,413,334,189,20,956,0,0,0,956
11/13/2021,HNL,HI,AWP,WE,Towers with Radar,359,82,41,20,502,0,149,158,5,312,359,231,199,25,814,0,0,0,814
11/14/2021,HNL,HI,AWP,WE,Towers with Radar,360,93,25,6,484,0,85,52,3,140,360,178,77,9,624,0,0,0,624
11/15/2021,HNL,HI,AWP,WE,Towers with Radar,381,128,26,60,595,0,150,126,1,277,381,278,152,61,872,0,0,0,872
11/16/2021,HNL,HI,AWP,WE,Towers with Radar,375,118,35,44,572,0,96,100,4,200,375,214,135,48,772,0,0,0,772
11/17/2021,HNL,HI,AWP,WE,Towers with Radar,377,102,26,44,549,0,116,87,4,207,377,218,113,48,756,0,0,0,756
11/18/2021,HNL,HI,AWP,WE,Towers with Radar,401,107,31,37,576,0,152,203,4,359,401,259,234,41,935,0,0,0,935
11/19/2021,HNL,HI,AWP,WE,Towers with Radar,407,115,45,33,600,0,146,182,5,333,407,261,227,38,933,0,0,0,933
11/20/2021,HNL,HI,AWP,WE,Towers with Radar,384,87,34,14,519,0,153,166,3,322,384,240,200,17,841,0,0,0,841
11/21/2021,HNL,HI,AWP,WE,Towers with Radar,347,88,33,15,483,0,110,124,1,235,347,198,157,16,718,0,0,0,718
11/22/2021,HNL,HI,AWP,WE,Towers with Radar,398,133,26,40,597,0,127,100,12,239,398,260,126,52,836,0,0,0,836
11/23/2021,HNL,HI,AWP,WE,Towers with Radar,397,116,27,35,575,0,177,180,9,366,397,293,207,44,941,0,0,0,941
11/24/2021,HNL,HI,AWP,WE,Towers with Radar,403,119,27,20,569,0,206,137,4,347,403,325,164,24,916,0,0,0,916
11/25/2021,HNL,HI,AWP,WE,Towers with Radar,344,48,10,1,403,0,102,77,4,183,344,150,87,5,586,0,0,0,586
11/26/2021,HNL,HI,AWP,WE,Towers with Radar,386,101,16,3,506,0,151,121,2,274,386,252,137,5,780,0,0,0,780
11/27/2021,HNL,HI,AWP,WE,Towers with Radar,374,105,26,3,508,0,130,154,0,284,374,235,180,3,792,0,0,0,792
11/28/2021,HNL,HI,AWP,WE,Towers with Radar,374,102,30,13,519,0,98,109,4,211,374,200,139,17,730,0,0,0,730
11/29/2021,HNL,HI,AWP,WE,Towers with Radar,383,146,29,51,609,0,137,88,2,227,383,283,117,53,836,0,0,0,836
11/30/2021,HNL,HI,AWP,WE,Towers with Radar,387,99,23,23,532,0,128,119,7,254,387,227,142,30,786,0,0,0,786
12/01/2021,HNL,HI,AWP,WE,Towers with Radar,389,129,29,32,579,0,140,120,4,264,389,269,149,36,843,0,0,0,843
12/02/2021,HNL,HI,AWP,WE,Towers with Radar,395,118,16,43,572,0,110,135,8,253,395,228,151,51,825,0,0,0,825
12/03/2021,HNL,HI,AWP,WE,Towers with Radar,412,151,24,30,617,0,50,27,3,80,412,201,51,33,697,0,0,0,697
12/04/2021,HNL,HI,AWP,WE,Towers with Radar,366,116,23,23,528,2,120,87,4,213,368,236,110,27,741,0,0,0,741
12/05/2021,HNL,HI,AWP,WE,Towers with Radar,345,84,26,16,471,0,3,24,0,27,345,87,50,16,498,0,0,0,498
12/06/2021,HNL,HI,AWP,WE,Towers with Radar,402,111,11,12,536,0,14,10,0,24,402,125,21,12,560,0,0,0,560
12/07/2021,HNL,HI,AWP,WE,Towers with Radar,369,127,15,36,547,0,61,20,3,84,369,188,35,39,631,0,0,0,631
12/08/2021,HNL,HI,AWP,WE,Towers with Radar,403,137,37,85,662,0,180,110,6,296,403,317,147,91,958,0,0,0,958
12/09/2021,HNL,HI,AWP,WE,Towers with Radar,435,127,31,58,651,0,219,168,5,392,435,346,199,63,1043,0,0,0,1043
12/10/2021,HNL,HI,AWP,WE,Towers with Radar,421,148,27,30,626,0,149,132,6,287,421,297,159,36,913,0,0,0,913
12/11/2021,HNL,HI,AWP,WE,Towers with Radar,400,103,13,27,543,0,160,154,1,315,400,263,167,28,858,0,0,0,858
12/12/2021,HNL,HI,AWP,WE,Towers with Radar,340,97,31,12,480,0,98,119,1,218,340,195,150,13,698,0,0,0,698
12/13/2021,HNL,HI,AWP,WE,Towers with Radar,378,114,27,63,582,0,134,106,5,245,378,248,133,68,827,0,0,0,827
12/14/2021,HNL,HI,AWP,WE,Towers with Radar,403,103,38,62,606,0,119,112,5,236,403,222,150,67,842,0,0,0,842
12/15/2021,HNL,HI,AWP,WE,Towers with Radar,381,106,15,68,570,0,132,127,8,267,381,238,142,76,837,0,0,0,837
12/16/2021,HNL,HI,AWP,WE,Towers with Radar,437,123,20,52,632,0,123,109,14,246,437,246,129,66,878,0,0,0,878
12/17/2021,HNL,HI,AWP,WE,Towers with Radar,451,130,33,36,650,0,148,123,3,274,451,278,156,39,924,0,0,0,924
12/18/2021,HNL,HI,AWP,WE,Towers with Radar,411,100,32,16,559,0,136,148,2,286,411,236,180,18,845,0,0,0,845
12/19/2021,HNL,HI,AWP,WE,Towers with Radar,408,91,21,13,533,0,80,81,3,164,408,171,102,16,697,0,0,0,697
12/20/2021,HNL,HI,AWP,WE,Towers with Radar,464,119,39,21,643,0,131,128,2,261,464,250,167,23,904,0,0,0,904
12/21/2021,HNL,HI,AWP,WE,Towers with Radar,419,115,24,37,595,0,152,82,9,243,419,267,106,46,838,0,0,0,838
12/22/2021,HNL,HI,AWP,WE,Towers with Radar,439,128,25,34,626,0,154,71,2,227,439,282,96,36,853,0,0,0,853
12/23/2021,HNL,HI,AWP,WE,Towers with Radar,469,118,30,9,626,0,216,118,1,335,469,334,148,10,961,0,0,0,961
12/24/2021,HNL,HI,AWP,WE,Towers with Radar,445,114,14,4,577,0,227,108,1,336,445,341,122,5,913,0,0,0,913
12/25/2021,HNL,HI,AWP,WE,Towers with Radar,377,54,17,10,458,0,133,41,0,174,377,187,58,10,632,0,0,0,632
12/26/2021,HNL,HI,AWP,WE,Towers with Radar,389,104,30,6,529,0,135,88,0,223,389,239,118,6,752,0,0,0,752
12/27/2021,HNL,HI,AWP,WE,Towers with Radar,421,108,25,10,564,0,231,124,1,356,421,339,149,11,920,0,0,0,920
12/28/2021,HNL,HI,AWP,WE,Towers with Radar,431,100,26,24,581,0,197,124,3,324,431,297,150,27,905,0,0,0,905
12/29/2021,HNL,HI,AWP,WE,Towers with Radar,401,110,25,19,555,0,216,142,2,360,401,326,167,21,915,0,0,0,915
12/30/2021,HNL,HI,AWP,WE,Towers with Radar,416,118,19,26,579,0,144,72,1,217,416,262,91,27,796,0,0,0,796
12/31/2021,HNL,HI,AWP,WE,Towers with Radar,414,120,17,9,560,0,83,14,0,97,414,203,31,9,657,0,0,0,657
01/01/2022,HNL,HI,AWP,WE,Towers with Radar,399,106,24,6,535,0,4,1,0,5,399,110,25,6,540,0,0,0,540
01/02/2022,HNL,HI,AWP,WE,Towers with Radar,377,113,25,8,523,0,52,9,0,61,377,165,34,8,584,0,0,0,584
01/03/2022,HNL,HI,AWP,WE,Towers with Radar,416,120,28,11,575,0,82,45,0,127,416,202,73,11,702,0,0,0,702
01/04/2022,HNL,HI,AWP,WE,Towers with Radar,387,111,33,45,576,0,132,74,5,211,387,243,107,50,787,0,0,0,787
01/05/2022,HNL,HI,AWP,WE,Towers with Radar,401,89,20,62,572,0,176,141,10,327,401,265,161,72,899,0,0,0,899
01/06/2022,HNL,HI,AWP,WE,Towers with Radar,387,117,33,39,576,0,192,120,10,322,387,309,153,49,898,0,0,0,898
01/07/2022,HNL,HI,AWP,WE,Towers with Radar,416,84,31,25,556,0,146,107,8,261,416,230,138,33,817,0,0,0,817
01/08/2022,HNL,HI,AWP,WE,Towers with Radar,373,65,35,57,530,0,130,164,8,302,373,195,199,65,832,0,0,0,832
01/09/2022,HNL,HI,AWP,WE,Towers with Radar,368,102,18,15,503,0,112,157,5,274,368,214,175,20,777,0,0,0,777
01/10/2022,HNL,HI,AWP,WE,Towers with Radar,380,115,36,18,549,0,102,125,6,233,380,217,161,24,782,0,0,0,782
01/11/2022,HNL,HI,AWP,WE,Towers with Radar,356,84,31,67,538,0,116,130,11,257,356,200,161,78,795,0,0,0,795
01/12/2022,HNL,HI,AWP,WE,Towers with Radar,362,114,36,67,579,0,145,108,13,266,362,259,144,80,845,0,0,0,845
01/13/2022,HNL,HI,AWP,WE,Towers with Radar,374,97,23,66,560,0,141,128,7,276,374,238,151,73,836,0,0,0,836
01/14/2022,HNL,HI,AWP,WE,Towers with Radar,407,116,24,32,579,0,161,133,6,300,407,277,157,38,879,0,0,0,879
01/15/2022,HNL,HI,AWP,WE,Towers with Radar,348,85,22,18,473,0,142,146,1,289,348,227,168,19,762,0,0,0,762
01/16/2022,HNL,HI,AWP,WE,Towers with Radar,324,63,11,12,410,0,112,127,2,241,324,175,138,14,651,0,0,0,651
01/17/2022,HNL,HI,AWP,WE,Towers with Radar,356,100,18,9,483,0,160,165,0,325,356,260,183,9,808,0,0,0,808
01/18/2022,HNL,HI,AWP,WE,Towers with Radar,367,84,26,64,541,0,116,102,20,238,367,200,128,84,779,0,0,0,779
01/19/2022,HNL,HI,AWP,WE,Towers with Radar,359,109,12,60,540,0,171,124,6,301,359,280,136,66,841,0,0,0,841
01/20/2022,HNL,HI,AWP,WE,Towers with Radar,413,109,29,62,613,0,160,132,6,298,413,269,161,68,911,0,0,0,911
01/21/2022,HNL,HI,AWP,WE,Towers with Radar,378,111,18,45,552,0,123,121,6,250,378,234,139,51,802,0,0,0,802
01/22/2022,HNL,HI,AWP,WE,Towers with Radar,335,71,23,18,447,0,142,129,0,271,335,213,152,18,718,0,0,0,718
01/23/2022,HNL,HI,AWP,WE,Towers with Radar,317,71,22,17,427,0,110,134,6,250,317,181,156,23,677,0,0,0,677
01/24/2022,HNL,HI,AWP,WE,Towers with Radar,359,100,15,26,500,0,117,110,4,231,359,217,125,30,731,0,0,0,731
01/25/2022,HNL,HI,AWP,WE,Towers with Radar,354,100,25,63,542,0,124,133,14,271,354,224,158,77,813,0,0,0,813
01/26/2022,HNL,HI,AWP,WE,Towers with Radar,363,107,33,53,556,0,118,136,16,270,363,225,169,69,826,0,0,0,826
01/27/2022,HNL,HI,AWP,WE,Towers with Radar,410,113,34,57,614,0,115,115,19,249,410,228,149,76,863,0,0,0,863
01/28/2022,HNL,HI,AWP,WE,Towers with Radar,357,98,35,36,526,0,140,115,5,260,357,238,150,41,786,0,0,0,786
01/29/2022,HNL,HI,AWP,WE,Towers with Radar,336,71,22,22,451,0,147,147,2,296,336,218,169,24,747,0,0,0,747
01/30/2022,HNL,HI,AWP,WE,Towers with Radar,334,75,22,20,451,0,80,86,0,166,334,155,108,20,617,0,0,0,617
01/31/2022,HNL,HI,AWP,WE,Towers with Radar,345,109,23,57,534,0,96,90,2,188,345,205,113,59,722,0,0,0,722
02/01/2022,HNL,HI,AWP,WE,Towers with Radar,365,80,23,44,512,0,119,123,11,253,365,199,146,55,765,0,0,0,765
02/02/2022,HNL,HI,AWP,WE,Towers with Radar,356,101,18,45,520,0,109,101,4,214,356,210,119,49,734,0,0,0,734
02/03/2022,HNL,HI,AWP,WE,Towers with Radar,360,91,29,49,529,0,161,113,11,285,360,252,142,60,814,0,0,0,814
02/04/2022,HNL,HI,AWP,WE,Towers with Radar,376,88,28,40,532,0,155,129,7,291,376,243,157,47,823,0,0,0,823
02/05/2022,HNL,HI,AWP,WE,Towers with Radar,341,98,33,37,509,0,125,126,5,256,341,223,159,42,765,0,0,0,765
02/06/2022,HNL,HI,AWP,WE,Towers with Radar,345,74,19,22,460,0,94,104,2,200,345,168,123,24,660,0,0,0,660
02/07/2022,HNL,HI,AWP,WE,Towers with Radar,367,106,15,12,500,0,117,142,5,264,367,223,157,17,764,0,0,0,764
02/08/2022,HNL,HI,AWP,WE,Towers with Radar,356,79,18,63,516,0,155,109,22,286,356,234,127,85,802,0,0,0,802
02/09/2022,HNL,HI,AWP,WE,Towers with Radar,367,102,20,65,554,0,179,115,15,309,367,281,135,80,863,0,0,0,863
02/10/2022,HNL,HI,AWP,WE,Towers with Radar,375,89,21,43,528,0,206,118,9,333,375,295,139,52,861,0,0,0,861
02/11/2022,HNL,HI,AWP,WE,Towers with Radar,383,99,21,27,530,0,153,133,7,293,383,252,154,34,823,0,0,0,823
02/12/2022,HNL,HI,AWP,WE,Towers with Radar,354,87,18,20,479,0,131,111,11,253,354,218,129,31,732,0,0,0,732
02/13/2022,HNL,HI,AWP,WE,Towers with Radar,353,76,22,6,457,0,153,129,2,284,353,229,151,8,741,0,0,0,741
02/14/2022,HNL,HI,AWP,WE,Towers with Radar,356,109,23,9,497,0,187,100,3,290,356,296,123,12,787,0,0,0,787
02/15/2022,HNL,HI,AWP,WE,Towers with Radar,364,115,13,44,536,0,187,85,13,285,364,302,98,57,821,0,0,0,821
02/16/2022,HNL,HI,AWP,WE,Towers with Radar,366,115,19,48,548,0,181,147,5,333,366,296,166,53,881,0,0,0,881
02/17/2022,HNL,HI,AWP,WE,Towers with Radar,382,104,25,38,549,0,185,121,16,322,382,289,146,54,871,0,0,0,871
02/18/2022,HNL,HI,AWP,WE,Towers with Radar,396,118,29,19,562,0,189,163,7,359,396,307,192,26,921,0,0,0,921
02/19/2022,HNL,HI,AWP,WE,Towers with Radar,339,89,19,18,465,0,174,134,7,315,339,263,153,25,780,0,0,0,780
02/20/2022,HNL,HI,AWP,WE,Towers with Radar,343,78,26,19,466,0,149,117,7,273,343,227,143,26,739,0,0,0,739
02/21/2022,HNL,HI,AWP,WE,Towers with Radar,358,116,20,20,514,0,157,122,7,286,358,273,142,27,800,0,0,0,800
02/22/2022,HNL,HI,AWP,WE,Towers with Radar,373,98,20,41,532,0,161,136,9,306,373,259,156,50,838,0,0,0,838
02/23/2022,HNL,HI,AWP,WE,Towers with Radar,360,112,23,47,542,0,168,147,13,328,360,280,170,60,870,0,0,0,870
02/24/2022,HNL,HI,AWP,WE,Towers with Radar,397,102,24,79,602,0,177,124,13,314,397,279,148,92,916,0,0,0,916
02/25/2022,HNL,HI,AWP,WE,Towers with Radar,399,125,29,43,596,0,187,106,8,301,399,312,135,51,897,0,0,0,897
02/26/2022,HNL,HI,AWP,WE,Towers with Radar,346,103,23,25,497,0,122,117,0,239,346,225,140,25,736,0,0,0,736
02/27/2022,HNL,HI,AWP,WE,Towers with Radar,350,79,28,11,468,0,84,104,3,191,350,163,132,14,659,0,0,0,659
02/28/2022,HNL,HI,AWP,WE,Towers with Radar,365,133,19,59,576,0,148,123,1,272,365,281,142,60,848,0,0,0,848
03/01/2022,HNL,HI,AWP,WE,Towers with Radar,361,106,26,65,558,0,175,172,14,361,361,281,198,79,919,0,0,0,919
03/02/2022,HNL,HI,AWP,WE,Towers with Radar,387,97,26,58,568,0,135,154,5,294,387,232,180,63,862,0,0,0,862
03/03/2022,HNL,HI,AWP,WE,Towers with Radar,400,104,25,68,597,0,120,105,16,241,400,224,130,84,838,0,0,0,838
03/04/2022,HNL,HI,AWP,WE,Towers with Radar,389,124,15,52,580,0,170,125,2,297,389,294,140,54,877,0,0,0,877
03/05/2022,HNL,HI,AWP,WE,Towers with Radar,359,92,10,57,518,0,109,123,14,246,359,201,133,71,764,0,0,0,764
03/06/2022,HNL,HI,AWP,WE,Towers with Radar,359,76,18,18,471,0,156,129,5,290,359,232,147,23,761,0,0,0,761
03/07/2022,HNL,HI,AWP,WE,Towers with Radar,383,125,18,20,546,0,133,44,4,181,383,258,62,24,727,0,0,0,727
03/08/2022,HNL,HI,AWP,WE,Towers with Radar,384,94,18,53,549,0,162,158,9,329,384,256,176,62,878,0,0,0,878
03/09/2022,HNL,HI,AWP,WE,Towers with Radar,372,110,25,46,553,0,136,91,12,239,372,246,116,58,792,0,0,0,792
03/10/2022,HNL,HI,AWP,WE,Towers with Radar,392,104,30,44,570,0,186,122,19,327,392,290,152,63,897,0,0,0,897
03/11/2022,HNL,HI,AWP,WE,Towers with Radar,385,108,21,22,536,0,160,145,3,308,385,268,166,25,844,0,0,0,844
03/12/2022,HNL,HI,AWP,WE,Towers with Radar,356,96,27,40,519,0,128,117,0,245,356,224,144,40,764,0,0,0,764
03/13/2022,HNL,HI,AWP,WE,Towers with Radar,390,74,21,12,497,0,110,99,2,211,390,184,120,14,708,0,0,0,708
03/14/2022,HNL,HI,AWP,WE,Towers with Radar,418,133,19,17,587,0,204,155,19,378,418,337,174,36,965,0,0,0,965
03/15/2022,HNL,HI,AWP,WE,Towers with Radar,392,96,25,40,553,0,223,133,5,361,392,319,158,45,914,0,0,0,914
03/16/2022,HNL,HI,AWP,WE,Towers with Radar,410,118,40,38,606,0,220,125,15,360,410,338,165,53,966,0,0,0,966
03/17/2022,HNL,HI,AWP,WE,Towers with Radar,417,109,33,47,606,0,215,155,9,379,417,324,188,56,985,0,0,0,985
03/18/2022,HNL,HI,AWP,WE,Towers with Radar,415,122,37,25,599,0,186,134,7,327,415,308,171,32,926,0,0,0,926
03/19/2022,HNL,HI,AWP,WE,Towers with Radar,381,101,26,22,530,0,160,130,6,296,381,261,156,28,826,0,0,0,826
03/20/2022,HNL,HI,AWP,WE,Towers with Radar,375,130,26,15,546,0,76,82,1,159,375,206,108,16,705,0,0,0,705
03/21/2022,HNL,HI,AWP,WE,Towers with Radar,423,133,28,41,625,0,165,97,5,267,423,298,125,46,892,0,0,0,892
03/22/2022,HNL,HI,AWP,WE,Towers with Radar,402,96,22,43,563,0,194,104,13,311,402,290,126,56,874,0,0,0,874
03/23/2022,HNL,HI,AWP,WE,Towers with Radar,402,106,28,54,590,0,192,71,12,275,402,298,99,66,865,0,0,0,865
03/24/2022,HNL,HI,AWP,WE,Towers with Radar,428,121,20,28,597,0,194,78,2,274,428,315,98,30,871,0,0,0,871
03/25/2022,HNL,HI,AWP,WE,Towers with Radar,419,167,30,8,624,0,78,38,1,117,419,245,68,9,741,7,0,7,748
03/26/2022,HNL,HI,AWP,WE,Towers with Radar,393,116,31,14,554,0,124,116,7,247,393,240,147,21,801,0,0,0,801
03/27/2022,HNL,HI,AWP,WE,Towers with Radar,391,91,32,24,538,0,145,102,0,247,391,236,134,24,785,0,0,0,785
03/28/2022,HNL,HI,AWP,WE,Towers with Radar,409,127,17,20,573,0,184,142,11,337,409,311,159,31,910,0,0,0,910
03/29/2022,HNL,HI,AWP,WE,Towers with Radar,390,99,14,45,548,0,187,131,7,325,390,286,145,52,873,0,0,0,873
03/30/2022,HNL,HI,AWP,WE,Towers with Radar,400,122,36,51,609,0,223,137,13,373,400,345,173,64,982,0,0,0,982
03/31/2022,HNL,HI,AWP,WE,Towers with Radar,434,88,33,43,598,0,224,86,7,317,434,312,119,50,915,0,0,0,915
04/01/2022,HNL,HI,AWP,WE,Towers with Radar,431,131,28,31,621,0,143,99,2,244,431,274,127,33,865,0,0,0,865
04/02/2022,HNL,HI,AWP,WE,Towers with Radar,407,108,24,17,556,0,116,67,21,204,407,224,91,38,760,0,0,0,760
04/03/2022,HNL,HI,AWP,WE,Towers with Radar,376,109,29,29,543,0,111,50,2,163,376,220,79,31,706,0,0,0,706
04/04/2022,HNL,HI,AWP,WE,Towers with Radar,410,150,19,48,627,0,149,104,4,257,410,299,123,52,884,0,0,0,884
04/05/2022,HNL,HI,AWP,WE,Towers with Radar,377,113,24,67,581,0,193,181,14,388,377,306,205,81,969,0,0,0,969
04/06/2022,HNL,HI,AWP,WE,Towers with Radar,400,104,26,50,580,0,201,174,13,388,400,305,200,63,968,0,0,0,968
04/07/2022,HNL,HI,AWP,WE,Towers with Radar,408,100,40,51,599,3,180,124,10,317,411,280,164,61,916,0,0,0,916
04/08/2022,HNL,HI,AWP,WE,Towers with Radar,397,148,15,46,606,0,183,124,5,312,397,331,139,51,918,0,0,0,918
04/09/2022,HNL,HI,AWP,WE,Towers with Radar,375,109,22,53,559,0,154,145,4,303,375,263,167,57,862,0,0,0,862
04/10/2022,HNL,HI,AWP,WE,Towers with Radar,376,76,15,18,485,0,135,124,3,262,376,211,139,21,747,0,0,0,747
04/11/2022,HNL,HI,AWP,WE,Towers with Radar,416,136,16,17,585,0,221,153,7,381,416,357,169,24,966,0,0,0,966
04/12/2022,HNL,HI,AWP,WE,Towers with Radar,377,115,23,50,565,0,203,191,26,420,377,318,214,76,985,0,0,0,985
04/13/2022,HNL,HI,AWP,WE,Towers with Radar,393,100,31,51,575,0,231,109,13,353,393,331,140,64,928,0,0,0,928
04/14/2022,HNL,HI,AWP,WE,Towers with Radar,402,122,21,51,596,0,226,105,11,342,402,348,126,62,938,0,0,0,938
04/15/2022,HNL,HI,AWP,WE,Towers with Radar,390,134,20,28,572,0,196,132,4,332,390,330,152,32,904,0,0,0,904
04/16/2022,HNL,HI,AWP,WE,Towers with Radar,361,116,26,22,525,0,120,70,0,190,361,236,96,22,715,0,0,0,715
04/17/2022,HNL,HI,AWP,WE,Towers with Radar,373,68,21,22,484,0,151,122,0,273,373,219,143,22,757,0,0,0,757
04/18/2022,HNL,HI,AWP,WE,Towers with Radar,406,115,19,38,578,0,229,152,7,388,406,344,171,45,966,0,0,0,966
04/19/2022,HNL,HI,AWP,WE,Towers with Radar,382,93,25,48,548,0,201,93,9,303,382,294,118,57,851,0,0,0,851
04/20/2022,HNL,HI,AWP,WE,Towers with Radar,402,124,46,50,622,0,148,91,5,244,402,272,137,55,866,0,0,0,866
04/21/2022,HNL,HI,AWP,WE,Towers with Radar,426,112,27,52,617,0,201,105,15,321,426,313,132,67,938,0,0,0,938
04/22/2022,HNL,HI,AWP,WE,Towers with Radar,402,127,40,16,585,0,178,96,7,281,402,305,136,23,866,0,0,0,866
04/23/2022,HNL,HI,AWP,WE,Towers with Radar,368,108,32,15,523,0,127,107,3,237,368,235,139,18,760,0,0,0,760
04/24/2022,HNL,HI,AWP,WE,Towers with Radar,368,101,23,11,503,0,174,151,6,331,368,275,174,17,834,0,0,0,834
04/25/2022,HNL,HI,AWP,WE,Towers with Radar,386,119,19,13,537,0,164,114,4,282,386,283,133,17,819,0,0,0,819
04/26/2022,HNL,HI,AWP,WE,Towers with Radar,384,104,21,46,555,0,164,126,17,307,384,268,147,63,862,0,0,0,862
04/27/2022,HNL,HI,AWP,WE,Towers with Radar,374,117,27,48,566,0,186,111,16,313,374,303,138,64,879,0,0,0,879
04/28/2022,HNL,HI,AWP,WE,Towers with Radar,412,126,20,52,610,0,199,117,11,327,412,325,137,63,937,0,0,0,937
04/29/2022,HNL,HI,AWP,WE,Towers with Radar,412,129,34,23,598,0,185,140,5,330,412,314,174,28,928,0,0,0,928
04/30/2022,HNL,HI,AWP,WE,Towers with Radar,369,87,33,10,499,0,166,147,4,317,369,253,180,14,816,0,0,0,816
05/01/2022,HNL,HI,AWP,WE,Towers with Radar,365,104,20,12,501,0,88,64,0,152,365,192,84,12,653,0,0,0,653
05/02/2022,HNL,HI,AWP,WE,Towers with Radar,405,164,27,41,637,0,167,127,4,298,405,331,154,45,935,0,0,0,935
05/03/2022,HNL,HI,AWP,WE,Towers with Radar,376,106,19,44,545,0,131,114,10,255,376,237,133,54,800,0,0,0,800
05/04/2022,HNL,HI,AWP,WE,Towers with Radar,388,117,21,51,577,0,164,139,10,313,388,281,160,61,890,0,0,0,890
05/05/2022,HNL,HI,AWP,WE,Towers with Radar,388,123,23,45,579,0,159,100,21,280,388,282,123,66,859,0,0,0,859
05/06/2022,HNL,HI,AWP,WE,Towers with Radar,390,151,19,36,596,0,147,87,6,240,390,298,106,42,836,0,0,0,836
05/07/2022,HNL,HI,AWP,WE,Towers with Radar,349,99,29,21,498,0,134,123,1,258,349,233,152,22,756,0,0,0,756
05/08/2022,HNL,HI,AWP,WE,Towers with Radar,372,78,23,23,496,0,121,87,2,210,372,199,110,25,706,0,0,0,706
05/09/2022,HNL,HI,AWP,WE,Towers with Radar,389,116,19,66,590,0,193,149,12,354,389,309,168,78,944,0,0,0,944
05/10/2022,HNL,HI,AWP,WE,Towers with Radar,372,111,13,50,546,0,183,215,11,409,372,294,228,61,955,0,0,0,955
05/11/2022,HNL,HI,AWP,WE,Towers with Radar,379,119,45,61,604,0,173,126,24,323,379,292,171,85,927,0,0,0,927
05/12/2022,HNL,HI,AWP,WE,Towers with Radar,413,94,16,51,574,0,201,117,10,328,413,295,133,61,902,0,0,0,902
05/13/2022,HNL,HI,AWP,WE,Towers with Radar,409,107,23,61,600,0,217,158,15,390,409,324,181,76,990,0,0,0,990
05/14/2022,HNL,HI,AWP,WE,Towers with Radar,379,65,21,75,540,0,165,151,4,320,379,230,172,79,860,0,0,0,860
05/15/2022,HNL,HI,AWP,WE,Towers with Radar,358,102,20,33,513,0,145,72,4,221,358,247,92,37,734,0,0,0,734
05/16/2022,HNL,HI,AWP,WE,Towers with Radar,401,164,20,33,618,0,173,115,10,298,401,337,135,43,916,0,0,0,916
05/17/2022,HNL,HI,AWP,WE,Towers with Radar,381,108,19,65,573,0,207,121,8,336,381,315,140,73,909,0,0,0,909
05/18/2022,HNL,HI,AWP,WE,Towers with Radar,376,133,28,46,583,0,146,32,6,184,376,279,60,52,767,0,0,0,767
05/19/2022,HNL,HI,AWP,WE,Towers with Radar,413,162,21,50,646,0,156,85,9,250,413,318,106,59,896,0,0,0,896
05/20/2022,HNL,HI,AWP,WE,Towers with Radar,511,163,25,22,721,0,49,29,3,81,511,212,54,25,802,0,0,0,802
05/21/2022,HNL,HI,AWP,WE,Towers with Radar,404,86,25,22,537,0,259,150,9,418,404,345,175,31,955,0,0,0,955
05/22/2022,HNL,HI,AWP,WE,Towers with Radar,365,87,18,17,487,0,188,172,0,360,365,275,190,17,847,0,0,0,847
05/23/2022,HNL,HI,AWP,WE,Towers with Radar,392,109,22,46,569,0,274,191,6,471,392,383,213,52,1040,12,0,12,1052
05/24/2022,HNL,HI,AWP,WE,Towers with Radar,358,82,21,48,509,0,202,126,12,340,358,284,147,60,849,0,0,0,849
05/25/2022,HNL,HI,AWP,WE,Towers with Radar,391,108,25,51,575,0,248,104,17,369,391,356,129,68,944,0,0,0,944
05/26/2022,HNL,HI,AWP,WE,Towers with Radar,416,105,17,54,592,0,244,127,2,373,416,349,144,56,965,0,0,0,965
05/27/2022,HNL,HI,AWP,WE,Towers with Radar,417,134,21,28,600,0,258,169,3,430,417,392,190,31,1030,0,0,0,1030
05/28/2022,HNL,HI,AWP,WE,Towers with Radar,373,108,29,20,530,0,163,139,3,305,373,271,168,23,835,0,0,0,835
05/29/2022,HNL,HI,AWP,WE,Towers with Radar,356,99,13,39,507,0,70,60,3,133,356,169,73,42,640,0,0,0,640
05/30/2022,HNL,HI,AWP,WE,Towers with Radar,387,91,18,26,522,0,239,146,3,388,387,330,164,29,910,0,0,0,910
05/31/2022,HNL,HI,AWP,WE,Towers with Radar,393,113,21,70,597,0,221,121,6,348,393,334,142,76,945,0,0,0,945
06/01/2022,HNL,HI,AWP,WE,Towers with Radar,410,113,24,40,587,0,186,105,12,303,410,299,129,52,890,0,0,0,890
06/02/2022,HNL,HI,AWP,WE,Towers with Radar,395,120,26,41,582,0,182,113,6,301,395,302,139,47,883,0,0,0,883
06/03/2022,HNL,HI,AWP,WE,Towers with Radar,410,106,39,58,613,0,224,150,0,374,410,330,189,58,987,0,0,0,987
06/04/2022,HNL,HI,AWP,WE,Towers with Radar,367,99,14,39,519,0,212,130,3,345,367,311,144,42,864,0,0,0,864
06/05/2022,HNL,HI,AWP,WE,Towers with Radar,380,93,13,31,517,0,153,105,10,268,380,246,118,41,785,0,0,0,785
06/06/2022,HNL,HI,AWP,WE,Towers with Radar,399,95,27,47,568,0,236,133,9,378,399,331,160,56,946,0,0,0,946
06/07/2022,HNL,HI,AWP,WE,Towers with Radar,395,93,21,55,564,0,190,119,13,322,395,283,140,68,886,0,0,0,886
06/08/2022,HNL,HI,AWP,WE,Towers with Radar,393,91,17,33,534,0,203,137,26,366,393,294,154,59,900,0,0,0,900
06/09/2022,HNL,HI,AWP,WE,Towers with Radar,411,110,19,43,583,0,222,118,14,354,411,332,137,57,937,0,0,0,937
06/10/2022,HNL,HI,AWP,WE,Towers with Radar,411,107,13,23,554,0,234,118,8,360,411,341,131,31,914,0,0,0,914
06/11/2022,HNL,HI,AWP,WE,Towers with Radar,391,77,13,15,496,0,173,128,2,303,391,250,141,17,799,0,0,0,799
06/12/2022,HNL,HI,AWP,WE,Towers with Radar,372,81,19,19,491,0,165,126,8,299,372,246,145,27,790,0,0,0,790
06/13/2022,HNL,HI,AWP,WE,Towers with Radar,425,131,27,25,608,0,192,119,13,324,425,323,146,38,932,0,0,0,932
06/14/2022,HNL,HI,AWP,WE,Towers with Radar,385,117,19,57,578,0,159,119,15,293,385,276,138,72,871,0,0,0,871
06/15/2022,HNL,HI,AWP,WE,Towers with Radar,403,135,26,22,586,0,155,91,18,264,403,290,117,40,850,0,0,0,850
06/16/2022,HNL,HI,AWP,WE,Towers with Radar,404,136,24,52,616,0,170,110,5,285,404,306,134,57,901,0,0,0,901
06/17/2022,HNL,HI,AWP,WE,Towers with Radar,417,121,25,25,588,0,179,132,1,312,417,300,157,26,900,0,0,0,900
06/18/2022,HNL,HI,AWP,WE,Towers with Radar,382,91,30,20,523,0,176,140,2,318,382,267,170,22,841,0,0,0,841
06/19/2022,HNL,HI,AWP,WE,Towers with Radar,370,76,27,19,492,0,193,102,3,298,370,269,129,22,790,0,0,0,790
06/20/2022,HNL,HI,AWP,WE,Towers with Radar,415,126,17,21,579,0,198,137,6,341,415,324,154,27,920,0,0,0,920
06/21/2022,HNL,HI,AWP,WE,Towers with Radar,391,120,19,48,578,0,238,162,10,410,391,358,181,58,988,0,0,0,988
06/22/2022,HNL,HI,AWP,WE,Towers with Radar,410,104,38,22,574,0,157,137,9,303,410,261,175,31,877,0,0,0,877
06/23/2022,HNL,HI,AWP,WE,Towers with Radar,392,119,19,31,561,0,184,159,9,352,392,303,178,40,913,0,0,0,913
06/24/2022,HNL,HI,AWP,WE,Towers with Radar,407,126,31,27,591,0,220,128,4,352,407,346,159,31,943,0,0,0,943
06/25/2022,HNL,HI,AWP,WE,Towers with Radar,389,95,29,16,529,0,203,125,2,330,389,298,154,18,859,0,0,0,859
06/26/2022,HNL,HI,AWP,WE,Towers with Radar,386,91,23,11,511,0,135,108,6,249,386,226,131,17,760,0,0,0,760
06/27/2022,HNL,HI,AWP,WE,Towers with Radar,407,119,38,20,584,0,191,145,8,344,407,310,183,28,928,0,0,0,928
06/28/2022,HNL,HI,AWP,WE,Towers with Radar,400,106,23,36,565,0,159,137,8,304,400,265,160,44,869,0,0,0,869
06/29/2022,HNL,HI,AWP,WE,Towers with Radar,389,130,27,25,571,0,190,145,10,345,389,320,172,35,916,0,0,0,916
06/30/2022,HNL,HI,AWP,WE,Towers with Radar,418,117,20,39,594,0,231,130,10,371,418,348,150,49,965,0,0,0,965
07/01/2022,HNL,HI,AWP,WE,Towers with Radar,396,135,28,13,572,0,174,87,8,269,396,309,115,21,841,0,0,0,841
07/02/2022,HNL,HI,AWP,WE,Towers with Radar,390,80,16,11,497,0,228,88,3,319,390,308,104,14,816,0,0,0,816
07/03/2022,HNL,HI,AWP,WE,Towers with Radar,383,102,19,12,516,0,116,74,3,193,383,218,93,15,709,0,0,0,709
07/04/2022,HNL,HI,AWP,WE,Towers with Radar,387,102,11,11,511,0,182,83,1,266,387,284,94,12,777,0,0,0,777
07/05/2022,HNL,HI,AWP,WE,Towers with Radar,403,147,14,40,604,0,189,76,7,272,403,336,90,47,876,0,0,0,876
07/06/2022,HNL,HI,AWP,WE,Towers with Radar,403,113,23,49,588,0,229,138,18,385,403,342,161,67,973,0,0,0,973
07/07/2022,HNL,HI,AWP,WE,Towers with Radar,452,117,23,47,639,0,224,133,14,371,452,341,156,61,1010,0,0,0,1010
07/08/2022,HNL,HI,AWP,WE,Towers with Radar,434,163,26,47,670,0,121,96,8,225,434,284,122,55,895,0,0,0,895
07/09/2022,HNL,HI,AWP,WE,Towers with Radar,388,97,19,42,546,0,252,108,5,365,388,349,127,47,911,0,0,0,911
07/10/2022,HNL,HI,AWP,WE,Towers with Radar,398,75,19,27,519,0,178,107,3,288,398,253,126,30,807,0,0,0,807
07/11/2022,HNL,HI,AWP,WE,Towers with Radar,435,131,20,40,626,0,249,125,8,382,435,380,145,48,1008,0,0,0,1008
07/12/2022,HNL,HI,AWP,WE,Towers with Radar,402,132,19,52,605,0,197,140,2,339,402,329,159,54,944,0,0,0,944
07/13/2022,HNL,HI,AWP,WE,Towers with Radar,412,136,20,35,603,0,220,112,20,352,412,356,132,55,955,0,0,0,955
07/14/2022,HNL,HI,AWP,WE,Towers with Radar,434,109,36,46,625,0,153,93,18,264,434,262,129,64,889,0,0,0,889
07/15/2022,HNL,HI,AWP,WE,Towers with Radar,438,125,30,40,633,0,271,134,10,415,438,396,164,50,1048,0,0,0,1048
07/16/2022,HNL,HI,AWP,WE,Towers with Radar,397,87,26,48,558,0,185,81,10,276,397,272,107,58,834,0,0,0,834
07/17/2022,HNL,HI,AWP,WE,Towers with Radar,408,90,17,41,556,0,184,82,10,276,408,274,99,51,832,0,0,0,832
07/18/2022,HNL,HI,AWP,WE,Towers with Radar,435,137,21,56,649,0,256,74,8,338,435,393,95,64,987,0,0,0,987
07/19/2022,HNL,HI,AWP,WE,Towers with Radar,392,124,15,69,600,0,204,153,7,364,392,328,168,76,964,0,0,0,964
07/20/2022,HNL,HI,AWP,WE,Towers with Radar,426,102,27,61,616,0,209,112,21,342,426,311,139,82,958,0,0,0,958
07/21/2022,HNL,HI,AWP,WE,Towers with Radar,445,110,46,62,663,0,215,115,22,352,445,325,161,84,1015,0,0,0,1015
07/22/2022,HNL,HI,AWP,WE,Towers with Radar,437,114,15,39,605,0,245,142,16,403,437,359,157,55,1008,0,0,0,1008
07/23/2022,HNL,HI,AWP,WE,Towers with Radar,393,89,26,56,564,0,167,131,7,305,393,256,157,63,869,0,0,0,869
07/24/2022,HNL,HI,AWP,WE,Towers with Radar,418,75,17,29,539,0,204,138,9,351,418,279,155,38,890,0,0,0,890
07/25/2022,HNL,HI,AWP,WE,Towers with Radar,421,119,18,30,588,0,284,116,9,409,421,403,134,39,997,0,0,0,997
07/26/2022,HNL,HI,AWP,WE,Towers with Radar,409,105,19,79,612,0,180,98,2,280,409,285,117,81,892,0,0,0,892
07/27/2022,HNL,HI,AWP,WE,Towers with Radar,416,108,19,37,580,0,187,160,17,364,416,295,179,54,944,0,0,0,944
07/28/2022,HNL,HI,AWP,WE,Towers with Radar,438,112,18,55,623,0,203,116,12,331,438,315,134,67,954,0,0,0,954
07/29/2022,HNL,HI,AWP,WE,Towers with Radar,434,120,29,48,631,0,239,103,3,345,434,359,132,51,976,0,0,0,976
07/30/2022,HNL,HI,AWP,WE,Towers with Radar,393,104,30,40,567,0,241,101,8,350,393,345,131,48,917,0,0,0,917
07/31/2022,HNL,HI,AWP,WE,Towers with Radar,390,104,33,33,560,0,145,95,2,242,390,249,128,35,802,0,0,0,802
08/01/2022,HNL,HI,AWP,WE,Towers with Radar,420,148,29,59,656,0,183,113,8,304,420,331,142,67,960,0,0,0,960
08/02/2022,HNL,HI,AWP,WE,Towers with Radar,389,123,16,52,580,0,179,121,9,309,389,302,137,61,889,0,0,0,889
08/03/2022,HNL,HI,AWP,WE,Towers with Radar,410,131,19,53,613,0,206,161,10,377,410,337,180,63,990,0,0,0,990
08/04/2022,HNL,HI,AWP,WE,Towers with Radar,435,124,33,60,652,0,238,150,8,396,435,362,183,68,1048,0,0,0,1048
08/05/2022,HNL,HI,AWP,WE,Towers with Radar,431,120,28,47,626,0,246,130,8,384,431,366,158,55,1010,0,0,0,1010
08/06/2022,HNL,HI,AWP,WE,Towers with Radar,395,85,16,73,569,0,230,151,4,385,395,315,167,77,954,0,0,0,954
08/07/2022,HNL,HI,AWP,WE,Towers with Radar,412,77,19,23,531,0,181,133,6,320,412,258,152,29,851,0,0,0,851
08/08/2022,HNL,HI,AWP,WE,Towers with Radar,436,130,33,42,641,0,271,172,9,452,436,401,205,51,1093,0,0,0,1093
08/09/2022,HNL,HI,AWP,WE,Towers with Radar,388,106,21,65,580,0,202,144,19,365,388,308,165,84,945,0,0,0,945
08/10/2022,HNL,HI,AWP,WE,Towers with Radar,424,134,44,43,645,0,196,134,14,344,424,330,178,57,989,0,0,0,989
08/11/2022,HNL,HI,AWP,WE,Towers with Radar,412,125,28,42,607,0,193,122,12,327,412,318,150,54,934,0,0,0,934
08/12/2022,HNL,HI,AWP,WE,Towers with Radar,416,119,30,40,605,0,217,137,14,368,416,336,167,54,973,0,0,0,973
08/13/2022,HNL,HI,AWP,WE,Towers with Radar,384,84,22,52,542,0,208,92,5,305,384,292,114,57,847,0,0,0,847
08/14/2022,HNL,HI,AWP,WE,Towers with Radar,406,92,24,44,566,0,189,103,7,299,406,281,127,51,865,0,0,0,865
08/15/2022,HNL,HI,AWP,WE,Towers with Radar,430,135,37,42,644,0,207,161,8,376,430,342,198,50,1020,0,0,0,1020
08/16/2022,HNL,HI,AWP,WE,Towers with Radar,388,106,26,68,588,0,228,144,6,378,388,334,170,74,966,0,0,0,966
08/17/2022,HNL,HI,AWP,WE,Towers with Radar,405,98,27,28,558,0,204,180,16,400,405,302,207,44,958,0,0,0,958
08/18/2022,HNL,HI,AWP,WE,Towers with Radar,432,111,23,27,593,0,264,157,5,426,432,375,180,32,1019,0,0,0,1019
08/19/2022,HNL,HI,AWP,WE,Towers with Radar,416,92,27,24,559,0,255,155,13,423,416,347,182,37,982,0,0,0,982
08/20/2022,HNL,HI,AWP,WE,Towers with Radar,395,80,21,21,517,0,134,115,8,257,395,214,136,29,774,0,0,0,774
08/21/2022,HNL,HI,AWP,WE,Towers with Radar,400,96,21,16,533,0,205,116,0,321,400,301,137,16,854,0,0,0,854
08/22/2022,HNL,HI,AWP,WE,Towers with Radar,411,143,17,27,598,0,224,127,5,356,411,367,144,32,954,0,0,0,954
08/23/2022,HNL,HI,AWP,WE,Towers with Radar,396,113,29,38,576,0,130,112,13,255,396,243,141,51,831,0,0,0,831
08/24/2022,HNL,HI,AWP,WE,Towers with Radar,400,107,40,40,587,0,275,184,13,472,400,382,224,53,1059,0,0,0,1059
08/25/2022,HNL,HI,AWP,WE,Towers with Radar,437,105,21,33,596,0,216,111,18,345,437,321,132,51,941,0,0,0,941
08/26/2022,HNL,HI,AWP,WE,Towers with Radar,442,120,22,17,601,0,228,152,3,383,442,348,174,20,984,0,0,0,984
08/27/2022,HNL,HI,AWP,WE,Towers with Radar,393,70,29,23,515,0,216,99,1,316,393,286,128,24,831,0,0,0,831
08/28/2022,HNL,HI,AWP,WE,Towers with Radar,411,90,24,10,535,0,211,173,3,387,411,301,197,13,922,0,0,0,922
08/29/2022,HNL,HI,AWP,WE,Towers with Radar,426,118,16,17,577,0,208,129,5,342,426,326,145,22,919,0,0,0,919
08/30/2022,HNL,HI,AWP,WE,Towers with Radar,390,105,27,74,596,0,186,163,12,361,390,291,190,86,957,0,0,0,957
08/31/2022,HNL,HI,AWP,WE,Towers with Radar,414,105,21,40,580,0,189,145,12,346,414,294,166,52,926,0,0,0,926
09/01/2022,HNL,HI,AWP,WE,Towers with Radar,429,131,19,44,623,0,227,138,3,368,429,358,157,47,991,0,0,0,991
09/02/2022,HNL,HI,AWP,WE,Towers with Radar,435,108,30,13,586,0,206,115,1,322,435,314,145,14,908,0,0,0,908
09/03/2022,HNL,HI,AWP,WE,Towers with Radar,392,105,37,7,541,0,144,80,6,230,392,249,117,13,771,0,0,0,771
09/04/2022,HNL,HI,AWP,WE,Towers with Radar,413,63,20,13,509,0,172,140,4,316,413,235,160,17,825,0,0,0,825
09/05/2022,HNL,HI,AWP,WE,Towers with Radar,416,91,13,2,522,0,195,157,0,352,416,286,170,2,874,0,0,0,874
09/06/2022,HNL,HI,AWP,WE,Towers with Radar,374,115,17,39,545,0,198,143,3,344,374,313,160,42,889,0,0,0,889
09/07/2022,HNL,HI,AWP,WE,Towers with Radar,436,106,22,30,594,0,145,199,12,356,436,251,221,42,950,0,0,0,950
09/08/2022,HNL,HI,AWP,WE,Towers with Radar,408,109,23,31,571,0,159,140,10,309,408,268,163,41,880,0,0,0,880
09/09/2022,HNL,HI,AWP,WE,Towers with Radar,423,141,32,23,619,0,108,108,7,223,423,249,140,30,842,0,0,0,842
09/10/2022,HNL,HI,AWP,WE,Towers with Radar,374,79,19,20,492,0,188,128,15,331,374,267,147,35,823,0,0,0,823
09/11/2022,HNL,HI,AWP,WE,Towers with Radar,375,78,32,13,498,0,194,98,22,314,375,272,130,35,812,0,0,0,812
09/12/2022,HNL,HI,AWP,WE,Towers with Radar,401,126,18,19,564,0,197,149,10,356,401,323,167,29,920,0,0,0,920
09/13/2022,HNL,HI,AWP,WE,Towers with Radar,394,101,12,31,538,0,159,150,8,317,394,260,162,39,855,0,0,0,855
09/14/2022,HNL,HI,AWP,WE,Towers with Radar,399,90,14,18,521,0,216,200,10,426,399,306,214,28,947,0,0,0,947
09/15/2022,HNL,HI,AWP,WE,Towers with Radar,431,121,32,49,633,0,226,169,14,409,431,347,201,63,1042,0,0,0,1042
09/16/2022,HNL,HI,AWP,WE,Towers with Radar,412,136,28,23,599,0,155,96,2,253,412,291,124,25,852,0,0,0,852
09/17/2022,HNL,HI,AWP,WE,Towers with Radar,384,81,32,18,515,0,174,131,6,311,384,255,163,24,826,0,0,0,826
09/18/2022,HNL,HI,AWP,WE,Towers with Radar,381,103,16,34,534,0,116,92,1,209,381,219,108,35,743,0,0,0,743
09/19/2022,HNL,HI,AWP,WE,Towers with Radar,395,109,16,36,556,0,154,124,5,283,395,263,140,41,839,0,0,0,839
09/20/2022,HNL,HI,AWP,WE,Towers with Radar,376,97,17,28,518,0,193,159,2,354,376,290,176,30,872,0,0,0,872
09/21/2022,HNL,HI,AWP,WE,Towers with Radar,389,90,20,62,561,0,213,142,7,362,389,303,162,69,923,0,0,0,923
09/22/2022,HNL,HI,AWP,WE,Towers with Radar,433,123,20,48,624,0,187,136,10,333,433,310,156,58,957,0,0,0,957
09/23/2022,HNL,HI,AWP,WE,Towers with Radar,424,128,23,24,599,0,218,168,1,387,424,346,191,25,986,0,0,0,986
09/24/2022,HNL,HI,AWP,WE,Towers with Radar,388,78,41,27,534,0,143,158,6,307,388,221,199,33,841,0,0,0,841
09/25/2022,HNL,HI,AWP,WE,Towers with Radar,384,88,22,10,504,0,105,85,2,192,384,193,107,12,696,0,0,0,696
09/26/2022,HNL,HI,AWP,WE,Towers with Radar,400,103,21,47,571,0,188,123,8,319,400,291,144,55,890,0,0,0,890
09/27/2022,HNL,HI,AWP,WE,Towers with Radar,385,95,40,51,571,0,191,136,8,335,385,286,176,59,906,0,0,0,906
09/28/2022,HNL,HI,AWP,WE,Towers with Radar,388,96,18,45,547,0,228,159,9,396,388,324,177,54,943,0,0,0,943
09/29/2022,HNL,HI,AWP,WE,Towers with Radar,410,115,21,55,601,0,160,142,9,311,410,275,163,64,912,0,0,0,912
09/30/2022,HNL,HI,AWP,WE,Towers with Radar,422,94,29,26,571,0,245,144,12,401,422,339,173,38,972,0,0,0,972
10/01/2022,HNL,HI,AWP,WE,Towers with Radar,392,99,25,62,578,0,176,128,3,307,392,275,153,65,885,0,0,0,885
10/02/2022,HNL,HI,AWP,WE,Towers with Radar,381,107,19,20,527,0,18,12,1,31,381,125,31,21,558,0,0,0,558
10/03/2022,HNL,HI,AWP,WE,Towers with Radar,403,124,23,25,575,0,240,171,13,424,403,364,194,38,999,0,0,0,999
10/04/2022,HNL,HI,AWP,WE,Towers with Radar,385,132,19,44,580,0,177,116,10,303,385,309,135,54,883,0,0,0,883
10/05/2022,HNL,HI,AWP,WE,Towers with Radar,355,96,16,49,516,0,203,153,8,364,355,299,169,57,880,0,0,0,880
10/06/2022,HNL,HI,AWP,WE,Towers with Radar,404,98,20,40,562,0,211,123,7,341,404,309,143,47,903,0,0,0,903
10/07/2022,HNL,HI,AWP,WE,Towers with Radar,422,120,25,26,593,0,233,148,2,383,422,353,173,28,976,0,0,0,976
10/08/2022,HNL,HI,AWP,WE,Towers with Radar,382,88,31,9,510,0,200,103,9,312,382,288,134,18,822,0,0,0,822
10/09/2022,HNL,HI,AWP,WE,Towers with Radar,393,101,28,8,530,0,171,118,4,293,393,272,146,12,823,0,0,0,823
10/10/2022,HNL,HI,AWP,WE,Towers with Radar,410,146,21,16,593,0,184,146,1,331,410,330,167,17,924,0,0,0,924
10/11/2022,HNL,HI,AWP,WE,Towers with Radar,381,128,34,14,557,0,144,67,1,212,381,272,101,15,769,0,0,0,769
10/12/2022,HNL,HI,AWP,WE,Towers with Radar,383,127,16,46,572,0,140,85,1,226,383,267,101,47,798,3,0,3,801
10/13/2022,HNL,HI,AWP,WE,Towers with Radar,406,122,12,46,586,0,219,108,8,335,406,341,120,54,921,0,0,0,921
10/14/2022,HNL,HI,AWP,WE,Towers with Radar,410,112,30,33,585,0,215,145,7,367,410,327,175,40,952,0,0,0,952
10/15/2022,HNL,HI,AWP,WE,Towers with Radar,393,78,19,14,504,0,184,126,4,314,393,262,145,18,818,0,0,0,818
10/16/2022,HNL,HI,AWP,WE,Towers with Radar,396,84,20,14,514,0,160,94,6,260,396,244,114,20,774,0,0,0,774
10/17/2022,HNL,HI,AWP,WE,Towers with Radar,425,129,27,41,622,0,195,124,1,320,425,324,151,42,942,0,0,0,942
10/18/2022,HNL,HI,AWP,WE,Towers with Radar,387,109,24,55,575,0,154,106,3,263,387,263,130,58,838,0,0,0,838
10/19/2022,HNL,HI,AWP,WE,Towers with Radar,382,105,15,52,554,0,141,106,0,247,382,246,121,52,801,5,0,5,806
10/20/2022,HNL,HI,AWP,WE,Towers with Radar,396,126,15,67,604,0,251,160,4,415,396,377,175,71,1019,0,0,0,1019
10/21/2022,HNL,HI,AWP,WE,Towers with Radar,428,119,26,21,594,0,231,158,4,393,428,350,184,25,987,0,0,0,987
10/22/2022,HNL,HI,AWP,WE,Towers with Radar,387,84,28,42,541,0,229,128,7,364,387,313,156,49,905,0,0,0,905
10/23/2022,HNL,HI,AWP,WE,Towers with Radar,380,95,17,26,518,0,112,105,3,220,380,207,122,29,738,0,0,0,738
10/24/2022,HNL,HI,AWP,WE,Towers with Radar,406,122,21,25,574,0,234,136,5,375,406,356,157,30,949,0,0,0,949
10/25/2022,HNL,HI,AWP,WE,Towers with Radar,392,111,25,39,567,0,164,122,6,292,392,275,147,45,859,0,0,0,859
10/26/2022,HNL,HI,AWP,WE,Towers with Radar,395,116,23,51,585,0,110,79,4,193,395,226,102,55,778,0,0,0,778
10/27/2022,HNL,HI,AWP,WE,Towers with Radar,406,115,20,44,585,0,198,163,15,376,406,313,183,59,961,0,0,0,961
10/28/2022,HNL,HI,AWP,WE,Towers with Radar,420,143,23,58,644,0,153,107,11,271,420,296,130,69,915,0,0,0,915
10/29/2022,HNL,HI,AWP,WE,Towers with Radar,377,101,24,25,527,0,187,139,15,341,377,288,163,40,868,0,0,0,868
10/30/2022,HNL,HI,AWP,WE,Towers with Radar,393,93,18,12,516,0,121,97,2,220,393,214,115,14,736,0,0,0,736
10/31/2022,HNL,HI,AWP,WE,Towers with Radar,378,114,24,52,568,0,189,124,9,322,378,303,148,61,890,0,0,0,890
11/01/2022,HNL,HI,AWP,WE,Towers with Radar,388,121,22,52,583,0,177,121,3,301,388,298,143,55,884,0,0,0,884
11/02/2022,HNL,HI,AWP,WE,Towers with Radar,390,109,21,50,570,0,171,136,5,312,390,280,157,55,882,0,0,0,882
11/03/2022,HNL,HI,AWP,WE,Towers with Radar,407,107,20,49,583,0,162,117,14,293,407,269,137,63,876,0,0,0,876
11/04/2022,HNL,HI,AWP,WE,Towers with Radar,427,115,32,33,607,0,183,126,12,321,427,298,158,45,928,0,0,0,928
11/05/2022,HNL,HI,AWP,WE,Towers with Radar,374,108,28,84,594,0,168,114,7,289,374,276,142,91,883,0,0,0,883
11/06/2022,HNL,HI,AWP,WE,Towers with Radar,386,111,21,21,539,0,131,123,10,264,386,242,144,31,803,0,0,0,803
11/07/2022,HNL,HI,AWP,WE,Towers with Radar,410,110,17,36,573,0,301,152,33,486,410,411,169,69,1059,0,0,0,1059
11/08/2022,HNL,HI,AWP,WE,Towers with Radar,398,105,23,36,562,0,164,122,11,297,398,269,145,47,859,0,0,0,859
11/09/2022,HNL,HI,AWP,WE,Towers with Radar,400,107,22,61,590,0,167,157,12,336,400,274,179,73,926,0,0,0,926
11/10/2022,HNL,HI,AWP,WE,Towers with Radar,417,116,27,47,607,0,150,114,10,274,417,266,141,57,881,0,0,0,881
11/11/2022,HNL,HI,AWP,WE,Towers with Radar,432,122,37,29,620,0,173,122,8,303,432,295,159,37,923,0,0,0,923
11/12/2022,HNL,HI,AWP,WE,Towers with Radar,407,112,21,28,568,0,131,73,6,210,407,243,94,34,778,0,0,0,778
11/13/2022,HNL,HI,AWP,WE,Towers with Radar,389,95,41,19,544,0,144,90,6,240,389,239,131,25,784,0,0,0,784
11/14/2022,HNL,HI,AWP,WE,Towers with Radar,405,122,23,53,603,0,207,119,4,330,405,329,142,57,933,0,0,0,933
11/15/2022,HNL,HI,AWP,WE,Towers with Radar,398,106,38,71,613,0,111,113,3,227,398,217,151,74,840,0,0,0,840
11/16/2022,HNL,HI,AWP,WE,Towers with Radar,415,106,26,66,613,0,153,109,14,276,415,259,135,80,889,0,0,0,889
11/17/2022,HNL,HI,AWP,WE,Towers with Radar,449,128,34,68,679,0,177,121,17,315,449,305,155,85,994,0,0,0,994
11/18/2022,HNL,HI,AWP,WE,Towers with Radar,455,131,33,54,673,0,170,106,7,283,455,301,139,61,956,0,0,0,956
11/19/2022,HNL,HI,AWP,WE,Towers with Radar,422,96,39,31,588,0,133,97,3,233,422,229,136,34,821,0,0,0,821
11/20/2022,HNL,HI,AWP,WE,Towers with Radar,396,96,25,26,543,0,95,104,2,201,396,191,129,28,744,0,0,0,744
11/21/2022,HNL,HI,AWP,WE,Towers with Radar,431,131,23,62,647,0,152,77,2,231,431,283,100,64,878,0,0,0,878
11/22/2022,HNL,HI,AWP,WE,Towers with Radar,421,104,23,55,603,0,189,121,4,314,421,293,144,59,917,0,0,0,917
11/23/2022,HNL,HI,AWP,WE,Towers with Radar,429,133,28,42,632,0,171,122,9,302,429,304,150,51,934,0,0,0,934
11/24/2022,HNL,HI,AWP,WE,Towers with Radar,396,74,8,7,485,0,36,14,0,50,396,110,22,7,535,0,0,0,535
11/25/2022,HNL,HI,AWP,WE,Towers with Radar,420,128,18,14,580,0,249,97,2,348,420,377,115,16,928,0,0,0,928
11/26/2022,HNL,HI,AWP,WE,Towers with Radar,361,90,35,16,502,0,144,123,5,272,361,234,158,21,774,0,0,0,774
11/27/2022,HNL,HI,AWP,WE,Towers with Radar,418,115,19,8,560,0,104,116,1,221,418,219,135,9,781,0,0,0,781
11/28/2022,HNL,HI,AWP,WE,Towers with Radar,425,161,35,32,653,0,64,34,2,100,425,225,69,34,753,0,0,0,753
11/29/2022,HNL,HI,AWP,WE,Towers with Radar,424,114,29,58,625,0,212,154,37,403,424,326,183,95,1028,0,0,0,1028
11/30/2022,HNL,HI,AWP,WE,Towers with Radar,427,123,27,125,702,0,124,154,1,279,427,247,181,126,981,0,0,0,981
12/01/2022,HNL,HI,AWP,WE,Towers with Radar,459,108,37,111,715,0,187,184,8,379,459,295,221,119,1094,0,0,0,1094
12/02/2022,HNL,HI,AWP,WE,Towers with Radar,452,146,38,103,739,0,155,147,4,306,452,301,185,107,1045,0,0,0,1045
12/03/2022,HNL,HI,AWP,WE,Towers with Radar,427,87,17,80,611,0,142,160,5,307,427,229,177,85,918,0,0,0,918
12/04/2022,HNL,HI,AWP,WE,Towers with Radar,396,118,26,18,558,0,122,104,11,237,396,240,130,29,795,0,0,0,795
12/05/2022,HNL,HI,AWP,WE,Towers with Radar,433,106,20,35,594,0,165,140,10,315,433,271,160,45,909,0,0,0,909
12/06/2022,HNL,HI,AWP,WE,Towers with Radar,413,93,18,106,630,0,168,110,6,284,413,261,128,112,914,0,0,0,914
12/07/2022,HNL,HI,AWP,WE,Towers with Radar,436,108,22,103,669,0,161,86,12,259,436,269,108,115,928,0,0,0,928
12/08/2022,HNL,HI,AWP,WE,Towers with Radar,441,115,20,96,672,0,145,78,2,225,441,260,98,98,897,0,0,0,897
12/09/2022,HNL,HI,AWP,WE,Towers with Radar,450,171,18,44,683,0,109,42,8,159,450,280,60,52,842,0,0,0,842
12/10/2022,HNL,HI,AWP,WE,Towers with Radar,449,106,13,20,588,0,148,68,1,217,449,254,81,21,805,0,0,0,805
12/11/2022,HNL,HI,AWP,WE,Towers with Radar,406,102,27,29,564,0,71,56,0,127,406,173,83,29,691,0,0,0,691
12/12/2022,HNL,HI,AWP,WE,Towers with Radar,437,140,22,74,673,0,165,107,5,277,437,305,129,79,950,0,0,0,950
12/13/2022,HNL,HI,AWP,WE,Towers with Radar,409,107,23,77,616,0,124,98,9,231,409,231,121,86,847,0,0,0,847
12/14/2022,HNL,HI,AWP,WE,Towers with Radar,449,110,32,74,665,0,203,142,13,358,449,313,174,87,1023,0,0,0,1023
12/15/2022,HNL,HI,AWP,WE,Towers with Radar,466,114,34,57,671,0,144,113,10,267,466,258,147,67,938,0,0,0,938
12/16/2022,HNL,HI,AWP,WE,Towers with Radar,490,111,18,16,635,0,145,108,7,260,490,256,126,23,895,0,0,0,895
12/17/2022,HNL,HI,AWP,WE,Towers with Radar,449,132,16,28,625,0,118,89,5,212,449,250,105,33,837,0,0,0,837
12/18/2022,HNL,HI,AWP,WE,Towers with Radar,380,51,8,11,450,0,7,1,0,8,380,58,9,11,458,0,0,0,458
12/19/2022,HNL,HI,AWP,WE,Towers with Radar,424,120,7,25,576,0,19,5,0,24,424,139,12,25,600,0,0,0,600
12/20/2022,HNL,HI,AWP,WE,Towers with Radar,463,129,12,51,655,0,102,39,7,148,463,231,51,58,803,0,0,0,803
12/21/2022,HNL,HI,AWP,WE,Towers with Radar,482,129,13,37,661,0,137,120,5,262,482,266,133,42,923,0,0,0,923
12/22/2022,HNL,HI,AWP,WE,Towers with Radar,486,99,32,20,637,0,192,122,8,322,486,291,154,28,959,0,0,0,959
12/23/2022,HNL,HI,AWP,WE,Towers with Radar,452,112,28,9,601,0,156,96,5,257,452,268,124,14,858,0,0,0,858
12/24/2022,HNL,HI,AWP,WE,Towers with Radar,420,85,9,3,517,0,141,59,1,201,420,226,68,4,718,0,0,0,718
12/25/2022,HNL,HI,AWP,WE,Towers with Radar,397,44,3,7,451,0,119,27,0,146,397,163,30,7,597,0,0,0,597
12/26/2022,HNL,HI,AWP,WE,Towers with Radar,405,66,24,8,503,0,167,117,0,284,405,233,141,8,787,0,0,0,787
12/27/2022,HNL,HI,AWP,WE,Towers with Radar,426,88,33,8,555,0,238,109,5,352,426,326,142,13,907,0,0,0,907
12/28/2022,HNL,HI,AWP,WE,Towers with Radar,494,133,22,34,683,0,229,127,5,361,494,362,149,39,1044,0,0,0,1044
12/29/2022,HNL,HI,AWP,WE,Towers with Radar,478,97,15,32,622,0,245,127,1,373,478,342,142,33,995,0,0,0,995
12/30/2022,HNL,HI,AWP,WE,Towers with Radar,488,124,24,14,650,0,275,143,5,423,488,399,167,19,1073,0,0,0,1073
12/31/2022,HNL,HI,AWP,WE,Towers with Radar,448,42,37,5,532,0,271,116,7,394,448,313,153,12,926,0,0,0,926
01/01/2023,HNL,HI,AWP,WE,Towers with Radar,410,105,25,2,542,0,143,65,1,209,410,248,90,3,751,0,0,0,751
01/02/2023,HNL,HI,AWP,WE,Towers with Radar,442,103,27,4,576,0,175,139,8,322,442,278,166,12,898,0,0,0,898
01/03/2023,HNL,HI,AWP,WE,Towers with Radar,441,109,22,25,597,0,213,125,1,339,441,322,147,26,936,0,0,0,936
01/04/2023,HNL,HI,AWP,WE,Towers with Radar,459,130,14,39,642,0,34,15,1,50,459,164,29,40,692,0,0,0,692
01/05/2023,HNL,HI,AWP,WE,Towers with Radar,490,94,19,41,644,0,218,110,19,347,490,312,129,60,991,0,0,0,991
01/06/2023,HNL,HI,AWP,WE,Towers with Radar,463,101,40,24,628,0,219,166,11,396,463,320,206,35,1024,0,0,0,1024
01/07/2023,HNL,HI,AWP,WE,Towers with Radar,425,56,26,51,558,0,163,103,5,271,425,219,129,56,829,0,0,0,829
01/08/2023,HNL,HI,AWP,WE,Towers with Radar,424,82,15,9,530,0,124,124,7,255,424,206,139,16,785,0,0,0,785
01/09/2023,HNL,HI,AWP,WE,Towers with Radar,448,125,26,14,613,0,193,142,9,344,448,318,168,23,957,0,0,0,957
01/10/2023,HNL,HI,AWP,WE,Towers with Radar,454,118,23,51,646,0,194,124,5,323,454,312,147,56,969,0,0,0,969
01/11/2023,HNL,HI,AWP,WE,Towers with Radar,408,122,20,52,602,0,187,159,19,365,408,309,179,71,967,0,0,0,967
01/12/2023,HNL,HI,AWP,WE,Towers with Radar,454,127,15,41,637,0,183,125,9,317,454,310,140,50,954,0,0,0,954
01/13/2023,HNL,HI,AWP,WE,Towers with Radar,442,127,22,21,612,0,229,141,6,376,442,356,163,27,988,0,0,0,988
01/14/2023,HNL,HI,AWP,WE,Towers with Radar,405,99,22,8,534,0,150,122,2,274,405,249,144,10,808,0,0,0,808
01/15/2023,HNL,HI,AWP,WE,Towers with Radar,418,106,13,10,547,0,40,93,3,136,418,146,106,13,683,0,0,0,683
01/16/2023,HNL,HI,AWP,WE,Towers with Radar,418,110,25,13,566,0,172,126,2,300,418,282,151,15,866,0,0,0,866
01/17/2023,HNL,HI,AWP,WE,Towers with Radar,417,119,32,70,638,0,171,125,5,301,417,290,157,75,939,0,0,0,939
01/18/2023,HNL,HI,AWP,WE,Towers with Radar,415,111,30,55,611,0,186,141,14,341,415,297,171,69,952,0,0,0,952
01/19/2023,HNL,HI,AWP,WE,Towers with Radar,460,125,21,53,659,0,162,107,20,289,460,287,128,73,948,0,0,0,948
01/20/2023,HNL,HI,AWP,WE,Towers with Radar,444,131,21,49,645,0,158,119,4,281,444,289,140,53,926,0,0,0,926
01/21/2023,HNL,HI,AWP,WE,Towers with Radar,411,107,25,17,560,0,141,84,3,228,411,248,109,20,788,2,0,2,790
01/22/2023,HNL,HI,AWP,WE,Towers with Radar,408,92,12,8,520,0,134,137,0,271,408,226,149,8,791,0,0,0,791
01/23/2023,HNL,HI,AWP,WE,Towers with Radar,424,134,16,10,584,0,176,107,9,292,424,310,123,19,876,0,0,0,876
01/24/2023,HNL,HI,AWP,WE,Towers with Radar,415,108,18,45,586,0,195,138,1,334,415,303,156,46,920,0,0,0,920
01/25/2023,HNL,HI,AWP,WE,Towers with Radar,435,138,23,38,634,0,179,116,8,303,435,317,139,46,937,0,0,0,937
01/26/2023,HNL,HI,AWP,WE,Towers with Radar,446,133,13,44,636,0,176,168,9,353,446,309,181,53,989,0,0,0,989
01/27/2023,HNL,HI,AWP,WE,Towers with Radar,445,160,19,28,652,0,147,134,8,289,445,307,153,36,941,0,0,0,941
01/28/2023,HNL,HI,AWP,WE,Towers with Radar,432,108,35,14,589,0,55,39,2,96,432,163,74,16,685,0,0,0,685
01/29/2023,HNL,HI,AWP,WE,Towers with Radar,403,124,21,13,561,0,3,1,1,5,403,127,22,14,566,0,0,0,566
01/30/2023,HNL,HI,AWP,WE,Towers with Radar,406,130,12,54,602,0,61,15,2,78,406,191,27,56,680,0,0,0,680
01/31/2023,HNL,HI,AWP,WE,Towers with Radar,421,133,27,53,634,0,150,91,8,249,421,283,118,61,883,0,0,0,883
02/01/2023,HNL,HI,AWP,WE,Towers with Radar,399,127,15,30,571,0,187,192,19,398,399,314,207,49,969,0,0,0,969
02/02/2023,HNL,HI,AWP,WE,Towers with Radar,453,109,16,30,608,0,186,151,12,349,453,295,167,42,957,0,0,0,957
02/03/2023,HNL,HI,AWP,WE,Towers with Radar,445,139,31,48,663,0,116,104,4,224,445,255,135,52,887,0,0,0,887
02/04/2023,HNL,HI,AWP,WE,Towers with Radar,429,90,31,54,604,0,19,12,1,32,429,109,43,55,636,0,0,0,636
02/05/2023,HNL,HI,AWP,WE,Towers with Radar,406,75,26,26,533,0,149,117,1,267,406,224,143,27,800,0,0,0,800
02/06/2023,HNL,HI,AWP,WE,Towers with Radar,423,125,25,20,593,0,212,114,7,333,423,337,139,27,926,0,0,0,926
02/07/2023,HNL,HI,AWP,WE,Towers with Radar,433,79,25,48,585,0,193,96,6,295,433,272,121,54,880,0,0,0,880
02/08/2023,HNL,HI,AWP,WE,Towers with Radar,433,110,24,50,617,0,111,38,1,150,433,221,62,51,767,0,0,0,767
02/09/2023,HNL,HI,AWP,WE,Towers with Radar,434,146,11,43,634,0,54,18,4,76,434,200,29,47,710,0,0,0,710
02/10/2023,HNL,HI,AWP,WE,Towers with Radar,455,147,11,13,626,0,89,22,2,113,455,236,33,15,739,0,0,0,739
02/11/2023,HNL,HI,AWP,WE,Towers with Radar,437,107,19,13,576,0,121,46,6,173,437,228,65,19,749,0,0,0,749
02/12/2023,HNL,HI,AWP,WE,Towers with Radar,397,83,13,9,502,0,129,45,0,174,397,212,58,9,676,0,0,0,676
02/13/2023,HNL,HI,AWP,WE,Towers with Radar,407,122,12,27,568,0,151,109,9,269,407,273,121,36,837,0,0,0,837
02/14/2023,HNL,HI,AWP,WE,Towers with Radar,436,115,19,45,615,0,167,106,13,286,436,282,125,58,901,0,0,0,901
02/15/2023,HNL,HI,AWP,WE,Towers with Radar,425,129,20,56,630,0,180,147,9,336,425,309,167,65,966,0,0,0,966
02/16/2023,HNL,HI,AWP,WE,Towers with Radar,470,103,17,47,637,0,177,130,16,323,470,280,147,63,960,0,0,0,960
02/17/2023,HNL,HI,AWP,WE,Towers with Radar,459,105,27,20,611,0,35,8,0,43,459,140,35,20,654,0,0,0,654
02/18/2023,HNL,HI,AWP,WE,Towers with Radar,436,104,11,19,570,0,134,73,1,208,436,238,84,20,778,0,0,0,778
02/19/2023,HNL,HI,AWP,WE,Towers with Radar,410,80,22,11,523,0,133,103,0,236,410,213,125,11,759,0,0,0,759
02/20/2023,HNL,HI,AWP,WE,Towers with Radar,427,126,17,11,581,0,44,42,0,86,427,170,59,11,667,0,0,0,667
02/21/2023,HNL,HI,AWP,WE,Towers with Radar,415,111,17,57,600,0,221,130,9,360,415,332,147,66,960,0,0,0,960
02/22/2023,HNL,HI,AWP,WE,Towers with Radar,433,122,23,48,626,0,132,74,3,209,433,254,97,51,835,0,0,0,835
02/23/2023,HNL,HI,AWP,WE,Towers with Radar,450,131,24,50,655,0,168,88,9,265,450,299,112,59,920,0,0,0,920
02/24/2023,HNL,HI,AWP,WE,Towers with Radar,440,111,23,34,608,0,133,54,3,190,440,244,77,37,798,0,0,0,798
02/25/2023,HNL,HI,AWP,WE,Towers with Radar,435,70,18,29,552,0,146,82,8,236,435,216,100,37,788,0,0,0,788
02/26/2023,HNL,HI,AWP,WE,Towers with Radar,419,91,21,19,550,0,116,60,0,176,419,207,81,19,726,0,0,0,726
02/27/2023,HNL,HI,AWP,WE,Towers with Radar,419,118,20,55,612,0,136,84,4,224,419,254,104,59,836,0,0,0,836
02/28/2023,HNL,HI,AWP,WE,Towers with Radar,420,122,11,47,600,0,101,24,1,126,420,223,35,48,726,0,0,0,726
03/01/2023,HNL,HI,AWP,WE,Towers with Radar,422,129,5,46,602,0,74,15,2,91,422,203,20,48,693,0,0,0,693
03/02/2023,HNL,HI,AWP,WE,Towers with Radar,459,104,16,48,627,0,115,49,12,176,459,219,65,60,803,0,0,0,803
03/03/2023,HNL,HI,AWP,WE,Towers with Radar,448,133,25,38,644,0,141,114,5,260,448,274,139,43,904,0,0,0,904
03/04/2023,HNL,HI,AWP,WE,Towers with Radar,436,73,19,62,590,0,145,143,3,291,436,218,162,65,881,0,0,0,881
03/05/2023,HNL,HI,AWP,WE,Towers with Radar,410,105,16,28,559,0,158,113,0,271,410,263,129,28,830,0,0,0,830
03/06/2023,HNL,HI,AWP,WE,Towers with Radar,451,135,23,26,635,0,63,46,3,112,451,198,69,29,747,0,0,0,747
03/07/2023,HNL,HI,AWP,WE,Towers with Radar,430,129,22,61,642,0,110,71,3,184,430,239,93,64,826,0,0,0,826
03/08/2023,HNL,HI,AWP,WE,Towers with Radar,439,119,17,53,628,0,29,16,2,47,439,148,33,55,675,0,0,0,675
03/09/2023,HNL,HI,AWP,WE,Towers with Radar,473,107,23,43,646,0,185,139,2,326,473,292,162,45,972,0,0,0,972
03/10/2023,HNL,HI,AWP,WE,Towers with Radar,450,126,19,21,616,0,205,198,3,406,450,331,217,24,1022,0,0,0,1022
03/11/2023,HNL,HI,AWP,WE,Towers with Radar,443,85,29,31,588,0,184,150,2,336,443,269,179,33,924,8,0,8,932
03/12/2023,HNL,HI,AWP,WE,Towers with Radar,416,95,13,16,540,0,125,89,1,215,416,220,102,17,755,0,0,0,755
03/13/2023,HNL,HI,AWP,WE,Towers with Radar,434,114,15,47,610,0,229,135,6,370,434,343,150,53,980,0,0,0,980
03/14/2023,HNL,HI,AWP,WE,Towers with Radar,433,125,12,41,611,0,55,23,3,81,433,180,35,44,692,0,0,0,692
03/15/2023,HNL,HI,AWP,WE,Towers with Radar,407,151,10,33,601,0,174,143,3,320,407,325,153,36,921,0,0,0,921
03/16/2023,HNL,HI,AWP,WE,Towers with Radar,452,145,20,37,654,0,173,160,4,337,452,318,180,41,991,0,0,0,991
03/17/2023,HNL,HI,AWP,WE,Towers with Radar,442,124,18,31,615,0,218,150,0,368,442,342,168,31,983,0,0,0,983
03/18/2023,HNL,HI,AWP,WE,Towers with Radar,414,80,23,16,533,0,152,164,2,318,414,232,187,18,851,0,0,0,851
03/19/2023,HNL,HI,AWP,WE,Towers with Radar,455,112,32,13,612,0,117,99,10,226,455,229,131,23,838,0,0,0,838
03/20/2023,HNL,HI,AWP,WE,Towers with Radar,445,123,29,16,613,0,171,131,4,306,445,294,160,20,919,0,0,0,919
03/21/2023,HNL,HI,AWP,WE,Towers with Radar,430,121,20,53,624,0,176,147,2,325,430,297,167,55,949,0,0,0,949
03/22/2023,HNL,HI,AWP,WE,Towers with Radar,438,126,22,37,623,0,177,155,2,334,438,303,177,39,957,0,0,0,957
03/23/2023,HNL,HI,AWP,WE,Towers with Radar,457,148,16,25,646,0,167,57,9,233,457,315,73,34,879,0,0,0,879
03/24/2023,HNL,HI,AWP,WE,Towers with Radar,468,110,31,37,646,0,210,174,1,385,468,320,205,38,1031,0,0,0,1031
03/25/2023,HNL,HI,AWP,WE,Towers with Radar,435,98,27,18,578,0,171,138,0,309,435,269,165,18,887,0,0,0,887
03/26/2023,HNL,HI,AWP,WE,Towers with Radar,426,88,15,13,542,0,152,126,0,278,426,240,141,13,820,0,0,0,820
03/27/2023,HNL,HI,AWP,WE,Towers with Radar,455,119,14,36,624,0,231,150,1,382,455,350,164,37,1006,0,0,0,1006
03/28/2023,HNL,HI,AWP,WE,Towers with Radar,450,121,21,51,643,0,169,98,1,268,450,290,119,52,911,0,0,0,911
03/29/2023,HNL,HI,AWP,WE,Towers with Radar,430,155,11,38,634,0,121,59,13,193,430,276,70,51,827,0,0,0,827
03/30/2023,HNL,HI,AWP,WE,Towers with Radar,443,98,21,60,622,0,190,142,10,342,443,288,163,70,964,0,0,0,964
03/31/2023,HNL,HI,AWP,WE,Towers with Radar,465,94,25,33,617,0,157,140,0,297,465,251,165,33,914,0,0,0,914
04/01/2023,HNL,HI,AWP,WE,Towers with Radar,414,67,37,67,585,0,123,81,0,204,414,190,118,67,789,0,0,0,789
04/02/2023,HNL,HI,AWP,WE,Towers with Radar,408,102,25,22,557,0,47,56,3,106,408,149,81,25,663,0,0,0,663
04/03/2023,HNL,HI,AWP,WE,Towers with Radar,455,133,26,22,636,0,192,146,6,344,455,325,172,28,980,0,0,0,980
04/04/2023,HNL,HI,AWP,WE,Towers with Radar,463,108,24,67,662,0,141,109,2,252,463,249,133,69,914,0,0,0,914
04/05/2023,HNL,HI,AWP,WE,Towers with Radar,430,142,32,56,660,0,200,135,6,341,430,342,167,62,1001,0,0,0,1001
04/06/2023,HNL,HI,AWP,WE,Towers with Radar,454,108,40,70,672,0,194,111,3,308,454,302,151,73,980,0,0,0,980
04/07/2023,HNL,HI,AWP,WE,Towers with Radar,459,103,35,30,627,0,180,140,7,327,459,283,175,37,954,0,0,0,954
04/08/2023,HNL,HI,AWP,WE,Towers with Radar,422,76,17,17,532,0,135,138,2,275,422,211,155,19,807,0,0,0,807
04/09/2023,HNL,HI,AWP,WE,Towers with Radar,405,86,16,11,518,0,50,15,1,66,405,136,31,12,584,0,0,0,584
04/10/2023,HNL,HI,AWP,WE,Towers with Radar,439,116,19,8,582,0,219,157,1,377,439,335,176,9,959,0,0,0,959
04/11/2023,HNL,HI,AWP,WE,Towers with Radar,439,127,19,42,627,0,207,82,3,292,439,334,101,45,919,0,0,0,919
04/12/2023,HNL,HI,AWP,WE,Towers with Radar,452,117,15,42,626,0,200,115,5,320,452,317,130,47,946,0,0,0,946
04/13/2023,HNL,HI,AWP,WE,Towers with Radar,450,115,26,52,643,0,156,141,10,307,450,271,167,62,950,0,0,0,950
04/14/2023,HNL,HI,AWP,WE,Towers with Radar,447,100,22,44,613,0,221,171,3,395,447,321,193,47,1008,0,0,0,1008
04/15/2023,HNL,HI,AWP,WE,Towers with Radar,424,83,31,13,551,0,126,168,4,298,424,209,199,17,849,0,0,0,849
04/16/2023,HNL,HI,AWP,WE,Towers with Radar,417,73,28,10,528,0,146,155,5,306,417,219,183,15,834,0,0,0,834
04/17/2023,HNL,HI,AWP,WE,Towers with Radar,445,106,30,45,626,0,190,106,9,305,445,296,136,54,931,0,0,0,931
04/18/2023,HNL,HI,AWP,WE,Towers with Radar,407,130,19,33,589,0,124,55,3,182,407,254,74,36,771,0,0,0,771
04/19/2023,HNL,HI,AWP,WE,Towers with Radar,387,113,12,57,569,0,97,86,4,187,387,210,98,61,756,0,0,0,756
04/20/2023,HNL,HI,AWP,WE,Towers with Radar,432,130,27,40,629,0,169,132,5,306,432,299,159,45,935,0,0,0,935
04/21/2023,HNL,HI,AWP,WE,Towers with Radar,451,117,25,28,621,0,204,154,1,359,451,321,179,29,980,0,0,0,980
04/22/2023,HNL,HI,AWP,WE,Towers with Radar,406,85,25,14,530,0,148,122,1,271,406,233,147,15,801,0,0,0,801
04/23/2023,HNL,HI,AWP,WE,Towers with Radar,404,81,23,7,515,0,126,159,0,285,404,207,182,7,800,0,0,0,800
04/24/2023,HNL,HI,AWP,WE,Towers with Radar,430,105,17,20,572,0,201,113,10,324,430,306,130,30,896,0,0,0,896
04/25/2023,HNL,HI,AWP,WE,Towers with Radar,416,134,32,40,622,0,140,140,6,286,416,274,172,46,908,0,0,0,908
04/26/2023,HNL,HI,AWP,WE,Towers with Radar,410,139,20,52,621,0,149,161,2,312,410,288,181,54,933,0,0,0,933
04/27/2023,HNL,HI,AWP,WE,Towers with Radar,433,149,24,33,639,0,32,29,0,61,433,181,53,33,700,0,0,0,700
04/28/2023,HNL,HI,AWP,WE,Towers with Radar,461,122,15,48,646,0,224,128,7,359,461,346,143,55,1005,2,0,2,1007
04/29/2023,HNL,HI,AWP,WE,Towers with Radar,409,84,20,21,534,0,134,111,0,245,409,218,131,21,779,0,0,0,779
04/30/2023,HNL,HI,AWP,WE,Towers with Radar,408,75,16,18,517,0,146,180,0,326,408,221,196,18,843,0,0,0,843
05/01/2023,HNL,HI,AWP,WE,Towers with Radar,440,116,26,55,637,0,223,149,1,373,440,339,175,56,1010,0,0,0,1010
05/02/2023,HNL,HI,AWP,WE,Towers with Radar,433,119,12,41,605,0,98,85,1,184,433,217,97,42,789,0,0,0,789
05/03/2023,HNL,HI,AWP,WE,Towers with Radar,415,120,10,46,591,0,203,186,12,401,415,323,196,58,992,0,0,0,992
05/04/2023,HNL,HI,AWP,WE,Towers with Radar,448,121,13,32,614,0,198,165,4,367,448,319,178,36,981,0,0,0,981
05/05/2023,HNL,HI,AWP,WE,Towers with Radar,448,89,18,33,588,0,190,104,2,296,448,279,122,35,884,0,0,0,884
05/06/2023,HNL,HI,AWP,WE,Towers with Radar,419,65,19,24,527,0,169,81,0,250,419,234,100,24,777,0,0,0,777
05/07/2023,HNL,HI,AWP,WE,Towers with Radar,411,74,15,24,524,0,128,122,0,250,411,202,137,24,774,0,0,0,774
05/08/2023,HNL,HI,AWP,WE,Towers with Radar,437,110,14,20,581,0,194,133,6,333,437,304,147,26,914,0,0,0,914
05/09/2023,HNL,HI,AWP,WE,Towers with Radar,417,118,19,50,604,0,198,150,8,356,417,316,169,58,960,0,0,0,960
05/10/2023,HNL,HI,AWP,WE,Towers with Radar,406,121,21,51,599,0,146,179,4,329,406,267,200,55,928,0,0,0,928
05/11/2023,HNL,HI,AWP,WE,Towers with Radar,443,107,19,30,599,0,61,73,2,136,443,168,92,32,735,0,0,0,735
05/12/2023,HNL,HI,AWP,WE,Towers with Radar,428,93,7,23,551,0,216,184,4,404,428,309,191,27,955,0,0,0,955
05/13/2023,HNL,HI,AWP,WE,Towers with Radar,429,90,17,16,552,0,152,121,1,274,429,242,138,17,826,0,0,0,826
05/14/2023,HNL,HI,AWP,WE,Towers with Radar,405,99,9,10,523,0,161,102,0,263,405,260,111,10,786,0,0,0,786
05/15/2023,HNL,HI,AWP,WE,Towers with Radar,438,131,12,32,613,0,182,163,5,350,438,313,175,37,963,0,0,0,963
05/16/2023,HNL,HI,AWP,WE,Towers with Radar,409,112,15,46,582,0,169,161,7,337,409,281,176,53,919,0,0,0,919
05/17/2023,HNL,HI,AWP,WE,Towers with Radar,392,106,23,31,552,0,146,151,7,304,392,252,174,38,856,0,0,0,856
05/18/2023,HNL,HI,AWP,WE,Towers with Radar,408,113,13,42,576,0,127,95,5,227,408,240,108,47,803,0,0,0,803
05/19/2023,HNL,HI,AWP,WE,Towers with Radar,456,137,12,17,622,0,88,74,1,163,456,225,86,18,785,0,0,0,785
05/20/2023,HNL,HI,AWP,WE,Towers with Radar,410,82,28,19,539,0,233,162,2,397,410,315,190,21,936,0,0,0,936
05/21/2023,HNL,HI,AWP,WE,Towers with Radar,385,70,12,18,485,0,147,144,2,293,385,217,156,20,778,0,0,0,778
05/22/2023,HNL,HI,AWP,WE,Towers with Radar,432,119,9,40,600,0,194,134,6,334,432,313,143,46,934,0,0,0,934
05/23/2023,HNL,HI,AWP,WE,Towers with Radar,416,109,17,51,593,0,215,136,7,358,416,324,153,58,951,0,0,0,951
05/24/2023,HNL,HI,AWP,WE,Towers with Radar,407,114,16,47,584,0,213,156,3,372,407,327,172,50,956,0,0,0,956
05/25/2023,HNL,HI,AWP,WE,Towers with Radar,437,112,20,51,620,0,196,170,0,366,437,308,190,51,986,0,0,0,986
05/26/2023,HNL,HI,AWP,WE,Towers with Radar,453,117,18,34,622,0,200,164,2,366,453,317,182,36,988,0,0,0,988
05/27/2023,HNL,HI,AWP,WE,Towers with Radar,437,81,21,33,572,0,167,121,2,290,437,248,142,35,862,0,0,0,862
05/28/2023,HNL,HI,AWP,WE,Towers with Radar,413,73,12,19,517,0,93,101,4,198,413,166,113,23,715,0,0,0,715
05/29/2023,HNL,HI,AWP,WE,Towers with Radar,421,91,17,24,553,0,169,146,2,317,421,260,163,26,870,0,0,0,870
05/30/2023,HNL,HI,AWP,WE,Towers with Radar,414,120,19,45,598,0,186,156,1,343,414,306,175,46,941,0,0,0,941
05/31/2023,HNL,HI,AWP,WE,Towers with Radar,413,131,12,55,611,0,152,151,9,312,413,283,163,64,923,8,0,8,931
06/01/2023,HNL,HI,AWP,WE,Towers with Radar,467,117,15,50,649,0,151,160,2,313,467,268,175,52,962,0,0,0,962
06/02/2023,HNL,HI,AWP,WE,Towers with Radar,474,98,15,28,615,0,223,161,4,388,474,321,176,32,1003,0,0,0,1003
06/03/2023,HNL,HI,AWP,WE,Towers with Radar,428,77,19,28,552,0,153,128,4,285,428,230,147,32,837,0,0,0,837
06/04/2023,HNL,HI,AWP,WE,Towers with Radar,419,100,16,18,553,0,143,154,3,300,419,243,170,21,853,0,0,0,853
06/05/2023,HNL,HI,AWP,WE,Towers with Radar,433,136,14,20,603,0,191,171,1,363,433,327,185,21,966,0,0,0,966
06/06/2023,HNL,HI,AWP,WE,Towers with Radar,418,107,8,55,588,0,137,163,1,301,418,244,171,56,889,0,0,0,889
06/07/2023,HNL,HI,AWP,WE,Towers with Radar,440,117,14,61,632,0,176,180,6,362,440,293,194,67,994,0,0,0,994
06/08/2023,HNL,HI,AWP,WE,Towers with Radar,475,118,16,81,690,0,214,183,5,402,475,332,199,86,1092,0,0,0,1092
06/09/2023,HNL,HI,AWP,WE,Towers with Radar,477,113,16,42,648,0,236,218,7,461,477,349,234,49,1109,0,0,0,1109
06/10/2023,HNL,HI,AWP,WE,Towers with Radar,429,83,19,23,554,0,174,140,5,319,429,257,159,28,873,0,0,0,873
06/11/2023,HNL,HI,AWP,WE,Towers with Radar,432,73,10,21,536,0,138,135,4,277,432,211,145,25,813,0,0,0,813
06/12/2023,HNL,HI,AWP,WE,Towers with Radar,457,99,22,50,628,0,164,155,4,323,457,263,177,54,951,0,0,0,951
06/13/2023,HNL,HI,AWP,WE,Towers with Radar,441,130,26,72,669,0,115,104,8,227,441,245,130,80,896,0,0,0,896
06/14/2023,HNL,HI,AWP,WE,Towers with Radar,441,119,18,57,635,0,187,165,4,356,441,306,183,61,991,0,0,0,991
06/15/2023,HNL,HI,AWP,WE,Towers with Radar,459,122,14,73,668,0,118,107,6,231,459,240,121,79,899,0,0,0,899
06/16/2023,HNL,HI,AWP,WE,Towers with Radar,493,114,20,29,656,0,164,163,0,327,493,278,183,29,983,0,0,0,983
06/17/2023,HNL,HI,AWP,WE,Towers with Radar,462,83,15,41,601,0,158,109,0,267,462,241,124,41,868,0,0,0,868
06/18/2023,HNL,HI,AWP,WE,Towers with Radar,450,85,15,72,622,0,134,122,0,256,450,219,137,72,878,0,0,0,878
06/19/2023,HNL,HI,AWP,WE,Towers with Radar,472,134,23,33,662,0,169,152,6,327,472,303,175,39,989,0,0,0,989
06/20/2023,HNL,HI,AWP,WE,Towers with Radar,431,112,20,60,623,0,166,174,1,341,431,278,194,61,964,0,0,0,964
06/21/2023,HNL,HI,AWP,WE,Towers with Radar,455,124,23,45,647,0,131,151,5,287,455,255,174,50,934,0,1,1,935
06/22/2023,HNL,HI,AWP,WE,Towers with Radar,515,116,15,35,681,0,164,148,6,318,515,280,163,41,999,0,0,0,999
06/23/2023,HNL,HI,AWP,WE,Towers with Radar,502,108,23,63,696,0,157,127,5,289,502,265,150,68,985,0,0,0,985
06/24/2023,HNL,HI,AWP,WE,Towers with Radar,435,82,12,26,555,0,169,142,3,314,435,251,154,29,869,0,0,0,869
06/25/2023,HNL,HI,AWP,WE,Towers with Radar,412,73,12,24,521,0,109,117,0,226,412,182,129,24,747,0,0,0,747
06/26/2023,HNL,HI,AWP,WE,Towers with Radar,446,124,15,28,613,0,224,123,3,350,446,348,138,31,963,0,0,0,963
06/27/2023,HNL,HI,AWP,WE,Towers with Radar,454,102,16,36,608,0,212,203,1,416,454,314,219,37,1024,0,0,0,1024
06/28/2023,HNL,HI,AWP,WE,Towers with Radar,443,99,19,34,595,0,152,155,2,309,443,251,174,36,904,6,0,6,910
06/29/2023,HNL,HI,AWP,WE,Towers with Radar,486,120,20,59,685,0,157,179,6,342,486,277,199,65,1027,0,0,0,1027
06/30/2023,HNL,HI,AWP,WE,Towers with Radar,489,124,18,36,667,0,182,149,3,334,489,306,167,39,1001,0,0,0,1001
07/01/2023,HNL,HI,AWP,WE,Towers with Radar,461,84,23,34,602,0,123,126,35,284,461,207,149,69,886,0,0,0,886
07/02/2023,HNL,HI,AWP,WE,Towers with Radar,443,63,13,20,539,0,152,104,4,260,443,215,117,24,799,0,0,0,799
07/03/2023,HNL,HI,AWP,WE,Towers with Radar,452,92,11,21,576,0,235,150,3,388,452,327,161,24,964,0,0,0,964
07/04/2023,HNL,HI,AWP,WE,Towers with Radar,407,65,7,24,503,0,152,115,0,267,407,217,122,24,770,0,0,0,770
07/05/2023,HNL,HI,AWP,WE,Towers with Radar,443,135,10,95,683,0,163,129,4,296,443,298,139,99,979,0,0,0,979
07/06/2023,HNL,HI,AWP,WE,Towers with Radar,470,122,24,62,678,0,186,188,9,383,470,308,212,71,1061,0,0,0,1061
07/07/2023,HNL,HI,AWP,WE,Towers with Radar,487,122,17,69,695,0,166,135,7,308,487,288,152,76,1003,0,0,0,1003
07/08/2023,HNL,HI,AWP,WE,Towers with Radar,453,75,23,42,593,0,149,132,0,281,453,224,155,42,874,0,0,0,874
07/09/2023,HNL,HI,AWP,WE,Towers with Radar,419,82,19,26,546,0,132,119,4,255,419,214,138,30,801,0,0,0,801
07/10/2023,HNL,HI,AWP,WE,Towers with Radar,459,117,17,19,612,0,218,162,6,386,459,335,179,25,998,0,0,0,998
07/11/2023,HNL,HI,AWP,WE,Towers with Radar,448,101,16,57,622,0,167,141,8,316,448,268,157,65,938,0,0,0,938
07/12/2023,HNL,HI,AWP,WE,Towers with Radar,439,123,14,56,632,0,170,167,4,341,439,293,181,60,973,0,0,0,973
07/13/2023,HNL,HI,AWP,WE,Towers with Radar,468,109,28,43,648,0,233,171,13,417,468,342,199,56,1065,0,0,0,1065
07/14/2023,HNL,HI,AWP,WE,Towers with Radar,472,104,10,28,614,0,239,173,2,414,472,343,183,30,1028,0,0,0,1028
07/15/2023,HNL,HI,AWP,WE,Towers with Radar,492,72,19,23,606,0,152,125,1,278,492,224,144,24,884,0,0,0,884
07/16/2023,HNL,HI,AWP,WE,Towers with Radar,429,69,17,10,525,0,117,132,2,251,429,186,149,12,776,0,0,0,776
07/17/2023,HNL,HI,AWP,WE,Towers with Radar,465,102,11,45,623,0,177,139,5,321,465,279,150,50,944,0,0,0,944
07/18/2023,HNL,HI,AWP,WE,Towers with Radar,457,108,18,43,626,0,188,78,0,266,457,296,96,43,892,0,0,0,892
07/19/2023,HNL,HI,AWP,WE,Towers with Radar,440,146,11,41,638,0,24,5,1,30,440,170,16,42,668,0,0,0,668
07/20/2023,HNL,HI,AWP,WE,Towers with Radar,483,119,19,72,693,0,190,167,7,364,483,309,186,79,1057,0,0,0,1057
07/21/2023,HNL,HI,AWP,WE,Towers with Radar,498,111,13,36,658,0,256,156,1,413,498,367,169,37,1071,0,0,0,1071
07/22/2023,HNL,HI,AWP,WE,Towers with Radar,461,82,17,30,590,0,171,154,3,328,461,253,171,33,918,0,0,0,918
07/23/2023,HNL,HI,AWP,WE,Towers with Radar,446,88,13,23,570,0,142,127,3,272,446,230,140,26,842,0,0,0,842
07/24/2023,HNL,HI,AWP,WE,Towers with Radar,459,137,15,27,638,0,200,132,9,341,459,337,147,36,979,0,0,0,979
07/25/2023,HNL,HI,AWP,WE,Towers with Radar,448,113,27,41,629,0,176,168,4,348,448,289,195,45,977,0,0,0,977
07/26/2023,HNL,HI,AWP,WE,Towers with Radar,450,128,14,47,639,0,209,127,3,339,450,337,141,50,978,0,0,0,978
07/27/2023,HNL,HI,AWP,WE,Towers with Radar,481,112,25,33,651,0,223,177,9,409,481,335,202,42,1060,0,0,0,1060
07/28/2023,HNL,HI,AWP,WE,Towers with Radar,481,111,12,24,628,0,243,186,4,433,481,354,198,28,1061,0,0,0,1061
07/29/2023,HNL,HI,AWP,WE,Towers with Radar,451,73,17,18,559,0,191,114,0,305,451,264,131,18,864,0,0,0,864
07/30/2023,HNL,HI,AWP,WE,Towers with Radar,417,69,20,22,528,0,129,126,2,257,417,198,146,24,785,0,0,0,785
07/31/2023,HNL,HI,AWP,WE,Towers with Radar,479,120,25,32,656,0,191,126,2,319,479,311,151,34,975,0,0,0,975
08/01/2023,HNL,HI,AWP,WE,Towers with Radar,459,107,19,39,624,0,118,147,2,267,459,225,166,41,891,0,0,0,891
08/02/2023,HNL,HI,AWP,WE,Towers with Radar,449,108,10,34,601,0,194,148,8,350,449,302,158,42,951,0,0,0,951
08/03/2023,HNL,HI,AWP,WE,Towers with Radar,468,126,18,21,633,0,239,174,11,424,468,365,192,32,1057,0,0,0,1057
08/04/2023,HNL,HI,AWP,WE,Towers with Radar,483,120,15,22,640,0,177,153,3,333,483,297,168,25,973,0,0,0,973
08/05/2023,HNL,HI,AWP,WE,Towers with Radar,459,90,29,32,610,0,160,144,2,306,459,250,173,34,916,0,0,0,916
08/06/2023,HNL,HI,AWP,WE,Towers with Radar,447,81,25,29,582,0,171,153,3,327,447,252,178,32,909,0,0,0,909
08/07/2023,HNL,HI,AWP,WE,Towers with Radar,454,126,14,11,605,0,174,76,5,255,454,300,90,16,860,0,0,0,860
08/08/2023,HNL,HI,AWP,WE,Towers with Radar,454,99,11,28,592,0,42,10,0,52,454,141,21,28,644,0,0,0,644
08/09/2023,HNL,HI,AWP,WE,Towers with Radar,469,137,14,31,651,0,132,55,4,191,469,269,69,35,842,0,0,0,842
08/10/2023,HNL,HI,AWP,WE,Towers with Radar,526,116,37,45,724,0,218,202,6,426,526,334,239,51,1150,0,0,0,1150
08/11/2023,HNL,HI,AWP,WE,Towers with Radar,503,121,29,21,674,0,222,223,2,447,503,343,252,23,1121,0,0,0,1121
08/12/2023,HNL,HI,AWP,WE,Towers with Radar,457,85,25,16,583,0,182,190,1,373,457,267,215,17,956,0,0,0,956
08/13/2023,HNL,HI,AWP,WE,Towers with Radar,446,82,27,12,567,0,186,142,5,333,446,268,169,17,900,0,0,0,900
08/14/2023,HNL,HI,AWP,WE,Towers with Radar,488,115,27,28,658,0,235,169,0,404,488,350,196,28,1062,0,0,0,1062
08/15/2023,HNL,HI,AWP,WE,Towers with Radar,458,108,21,25,612,0,208,173,3,384,458,316,194,28,996,0,0,0,996
08/16/2023,HNL,HI,AWP,WE,Towers with Radar,469,124,16,35,644,0,169,141,10,320,469,293,157,45,964,0,0,0,964
08/17/2023,HNL,HI,AWP,WE,Towers with Radar,481,107,41,48,677,0,202,165,9,376,481,309,206,57,1053,0,0,0,1053
08/18/2023,HNL,HI,AWP,WE,Towers with Radar,483,117,13,20,633,0,205,188,2,395,483,322,201,22,1028,2,0,2,1030
08/19/2023,HNL,HI,AWP,WE,Towers with Radar,464,73,15,18,570,0,143,158,1,302,464,216,173,19,872,0,0,0,872
08/20/2023,HNL,HI,AWP,WE,Towers with Radar,416,78,10,19,523,0,141,121,3,265,416,219,131,22,788,0,0,0,788
08/21/2023,HNL,HI,AWP,WE,Towers with Radar,468,122,16,21,627,0,175,126,5,306,468,297,142,26,933,0,0,0,933
08/22/2023,HNL,HI,AWP,WE,Towers with Radar,453,100,25,49,627,0,176,146,4,326,453,276,171,53,953,0,0,0,953
08/23/2023,HNL,HI,AWP,WE,Towers with Radar,476,108,18,31,633,0,170,188,7,365,476,278,206,38,998,0,0,0,998
08/24/2023,HNL,HI,AWP,WE,Towers with Radar,495,107,31,51,684,0,162,139,7,308,495,269,170,58,992,0,0,0,992
08/25/2023,HNL,HI,AWP,WE,Towers with Radar,492,117,20,21,650,0,228,118,18,364,492,345,138,39,1014,0,0,0,1014
08/26/2023,HNL,HI,AWP,WE,Towers with Radar,472,73,23,7,575,0,139,113,2,254,472,212,136,9,829,0,0,0,829
08/27/2023,HNL,HI,AWP,WE,Towers with Radar,438,80,15,17,550,0,83,123,0,206,438,163,138,17,756,0,0,0,756
08/28/2023,HNL,HI,AWP,WE,Towers with Radar,475,116,19,48,658,0,189,132,8,329,475,305,151,56,987,0,0,0,987
08/29/2023,HNL,HI,AWP,WE,Towers with Radar,464,97,20,56,637,0,146,159,3,308,464,243,179,59,945,0,0,0,945
08/30/2023,HNL,HI,AWP,WE,Towers with Radar,460,99,10,53,622,0,185,137,14,336,460,284,147,67,958,0,0,0,958
08/31/2023,HNL,HI,AWP,WE,Towers with Radar,492,119,24,45,680,0,146,127,4,277,492,265,151,49,957,0,0,0,957
01/01/2020,HNL,HI,AWP,WE,Towers with Radar,452,88,20,3,563,0,118,88,0,206,452,206,108,3,769,0,0,0,769
01/02/2020,HNL,HI,AWP,WE,Towers with Radar,514,126,25,30,695,0,141,99,1,241,514,267,124,31,936,0,0,0,936
01/03/2020,HNL,HI,AWP,WE,Towers with Radar,540,149,32,26,747,0,123,86,0,209,540,272,118,26,956,0,0,0,956
01/04/2020,HNL,HI,AWP,WE,Towers with Radar,504,117,32,14,667,0,35,29,0,64,504,152,61,14,731,0,0,0,731
01/05/2020,HNL,HI,AWP,WE,Towers with Radar,493,76,36,18,623,0,156,73,0,229,493,232,109,18,852,1,0,1,853
01/06/2020,HNL,HI,AWP,WE,Towers with Radar,479,108,24,47,658,0,167,65,11,243,479,275,89,58,901,0,0,0,901
01/07/2020,HNL,HI,AWP,WE,Towers with Radar,468,122,22,22,634,0,101,41,14,156,468,223,63,36,790,0,0,0,790
01/08/2020,HNL,HI,AWP,WE,Towers with Radar,450,119,28,67,664,0,66,35,6,107,450,185,63,73,771,0,1,1,772
01/09/2020,HNL,HI,AWP,WE,Towers with Radar,458,127,19,51,655,0,45,18,4,67,458,172,37,55,722,0,0,0,722
01/10/2020,HNL,HI,AWP,WE,Towers with Radar,460,135,20,44,659,0,33,36,2,71,460,168,56,46,730,0,0,0,730
01/11/2020,HNL,HI,AWP,WE,Towers with Radar,430,91,14,36,571,0,26,31,3,60,430,117,45,39,631,1,0,1,632
01/12/2020,HNL,HI,AWP,WE,Towers with Radar,423,84,14,23,544,0,8,37,1,46,423,92,51,24,590,0,0,0,590
01/13/2020,HNL,HI,AWP,WE,Towers with Radar,428,111,13,20,572,0,127,39,1,167,428,238,52,21,739,1,0,1,740
01/14/2020,HNL,HI,AWP,WE,Towers with Radar,469,112,19,82,682,0,143,91,12,246,469,255,110,94,928,0,0,0,928
01/15/2020,HNL,HI,AWP,WE,Towers with Radar,438,103,29,70,640,0,81,122,13,216,438,184,151,83,856,0,0,0,856
01/16/2020,HNL,HI,AWP,WE,Towers with Radar,452,106,26,85,669,0,108,120,5,233,452,214,146,90,902,0,0,0,902
01/17/2020,HNL,HI,AWP,WE,Towers with Radar,476,127,24,48,675,0,99,108,2,209,476,226,132,50,884,0,0,0,884
01/18/2020,HNL,HI,AWP,WE,Towers with Radar,456,89,20,22,587,0,114,120,10,244,456,203,140,32,831,0,0,0,831
01/19/2020,HNL,HI,AWP,WE,Towers with Radar,446,89,18,18,571,0,116,152,3,271,446,205,170,21,842,0,0,0,842
01/20/2020,HNL,HI,AWP,WE,Towers with Radar,437,88,19,10,554,0,135,132,8,275,437,223,151,18,829,0,0,0,829
01/21/2020,HNL,HI,AWP,WE,Towers with Radar,458,88,19,71,636,0,116,113,7,236,458,204,132,78,872,0,1,1,873
01/22/2020,HNL,HI,AWP,WE,Towers with Radar,461,98,31,85,675,0,144,136,21,301,461,242,167,106,976,0,0,0,976
01/23/2020,HNL,HI,AWP,WE,Towers with Radar,467,87,18,64,636,0,175,152,5,332,467,262,170,69,968,0,0,0,968
01/24/2020,HNL,HI,AWP,WE,Towers with Radar,477,99,34,65,675,0,150,173,13,336,477,249,207,78,1011,0,0,0,1011
01/25/2020,HNL,HI,AWP,WE,Towers with Radar,445,68,25,16,554,0,124,110,2,236,445,192,135,18,790,0,0,0,790
01/26/2020,HNL,HI,AWP,WE,Towers with Radar,441,66,21,17,545,0,113,99,4,216,441,179,120,21,761,0,0,0,761
01/27/2020,HNL,HI,AWP,WE,Towers with Radar,449,97,15,37,598,0,166,99,22,287,449,263,114,59,885,0,0,0,885
01/28/2020,HNL,HI,AWP,WE,Towers with Radar,442,82,21,56,601,0,150,99,14,263,442,232,120,70,864,0,0,0,864
01/29/2020,HNL,HI,AWP,WE,Towers with Radar,451,74,19,80,624,0,99,103,17,219,451,173,122,97,843,0,0,0,843
01/30/2020,HNL,HI,AWP,WE,Towers with Radar,461,88,30,71,650,0,133,130,15,278,461,221,160,86,928,0,0,0,928
01/31/2020,HNL,HI,AWP,WE,Towers with Radar,480,90,15,54,639,0,97,125,4,226,480,187,140,58,865,0,0,0,865
02/01/2020,HNL,HI,AWP,WE,Towers with Radar,455,92,17,32,596,0,66,117,0,183,455,158,134,32,779,0,0,0,779
02/02/2020,HNL,HI,AWP,WE,Towers with Radar,437,66,18,11,532,0,95,102,1,198,437,161,120,12,730,0,0,0,730
02/03/2020,HNL,HI,AWP,WE,Towers with Radar,436,96,21,57,610,0,160,124,5,289,436,256,145,62,899,0,0,0,899
02/04/2020,HNL,HI,AWP,WE,Towers with Radar,463,75,21,48,607,0,138,133,5,276,463,213,154,53,883,0,0,0,883
02/05/2020,HNL,HI,AWP,WE,Towers with Radar,451,94,16,75,636,0,69,70,4,143,451,163,86,79,779,0,0,0,779
02/06/2020,HNL,HI,AWP,WE,Towers with Radar,462,125,19,78,684,0,51,38,3,92,462,176,57,81,776,0,0,0,776
02/07/2020,HNL,HI,AWP,WE,Towers with Radar,483,86,31,28,628,0,154,111,4,269,483,240,142,32,897,0,0,0,897
02/08/2020,HNL,HI,AWP,WE,Towers with Radar,455,78,45,68,646,0,101,108,12,221,455,179,153,80,867,0,0,0,867
02/09/2020,HNL,HI,AWP,WE,Towers with Radar,433,66,22,16,537,0,81,77,4,162,433,147,99,20,699,1,0,1,700
02/10/2020,HNL,HI,AWP,WE,Towers with Radar,446,125,16,17,604,0,36,15,0,51,446,161,31,17,655,0,0,0,655
02/11/2020,HNL,HI,AWP,WE,Towers with Radar,442,118,8,34,602,0,91,55,6,152,442,209,63,40,754,0,0,0,754
02/12/2020,HNL,HI,AWP,WE,Towers with Radar,453,105,23,36,617,0,159,128,13,300,453,264,151,49,917,0,0,0,917
02/13/2020,HNL,HI,AWP,WE,Towers with Radar,455,102,34,47,638,0,151,157,9,317,455,253,191,56,955,2,0,2,957
02/14/2020,HNL,HI,AWP,WE,Towers with Radar,490,106,27,17,640,0,151,126,4,281,490,257,153,21,921,0,0,0,921
02/15/2020,HNL,HI,AWP,WE,Towers with Radar,478,85,31,12,606,0,152,131,2,285,478,237,162,14,891,0,0,0,891
02/16/2020,HNL,HI,AWP,WE,Towers with Radar,450,84,20,13,567,0,113,92,2,207,450,197,112,15,774,0,0,0,774
02/17/2020,HNL,HI,AWP,WE,Towers with Radar,449,113,24,11,597,0,140,112,1,253,449,253,136,12,850,0,0,0,850
02/18/2020,HNL,HI,AWP,WE,Towers with Radar,447,126,21,33,627,0,104,62,6,172,447,230,83,39,799,0,1,1,800
02/19/2020,HNL,HI,AWP,WE,Towers with Radar,471,122,23,29,645,0,57,20,5,82,471,179,43,34,727,0,0,0,727
02/20/2020,HNL,HI,AWP,WE,Towers with Radar,449,114,19,38,620,0,101,86,16,203,449,215,105,54,823,0,0,0,823
02/21/2020,HNL,HI,AWP,WE,Towers with Radar,485,107,23,29,644,0,172,132,1,305,485,279,155,30,949,0,0,0,949
02/22/2020,HNL,HI,AWP,WE,Towers with Radar,452,72,30,19,573,0,122,174,1,297,452,194,204,20,870,0,0,0,870
02/23/2020,HNL,HI,AWP,WE,Towers with Radar,454,78,20,15,567,0,119,136,0,255,454,197,156,15,822,0,0,0,822
02/24/2020,HNL,HI,AWP,WE,Towers with Radar,437,101,18,20,576,0,170,160,5,335,437,271,178,25,911,0,0,0,911
02/25/2020,HNL,HI,AWP,WE,Towers with Radar,460,98,20,39,617,0,119,94,16,229,460,217,114,55,846,0,0,0,846
02/26/2020,HNL,HI,AWP,WE,Towers with Radar,454,112,16,33,615,0,122,78,15,215,454,234,94,48,830,1,0,1,831
02/27/2020,HNL,HI,AWP,WE,Towers with Radar,460,127,24,51,662,0,121,119,10,250,460,248,143,61,912,0,0,0,912
02/28/2020,HNL,HI,AWP,WE,Towers with Radar,480,114,27,18,639,0,118,105,3,226,480,232,132,21,865,0,0,0,865
02/29/2020,HNL,HI,AWP,WE,Towers with Radar,463,116,26,10,615,0,44,60,3,107,463,160,86,13,722,0,0,0,722
03/01/2020,HNL,HI,AWP,WE,Towers with Radar,450,74,23,14,561,0,66,28,1,95,450,140,51,15,656,0,0,0,656
03/02/2020,HNL,HI,AWP,WE,Towers with Radar,452,112,26,34,624,0,64,48,7,119,452,176,74,41,743,0,0,0,743
03/03/2020,HNL,HI,AWP,WE,Towers with Radar,459,104,29,37,629,0,156,142,15,313,459,260,171,52,942,0,0,0,942
03/04/2020,HNL,HI,AWP,WE,Towers with Radar,460,98,30,30,618,0,143,107,5,255,460,241,137,35,873,0,0,0,873
03/05/2020,HNL,HI,AWP,WE,Towers with Radar,477,93,26,37,633,0,121,94,8,223,477,214,120,45,856,0,0,0,856
03/06/2020,HNL,HI,AWP,WE,Towers with Radar,514,129,29,55,727,0,90,54,2,146,514,219,83,57,873,0,0,0,873
03/07/2020,HNL,HI,AWP,WE,Towers with Radar,466,88,15,31,600,0,50,51,1,102,466,138,66,32,702,0,0,0,702
03/08/2020,HNL,HI,AWP,WE,Towers with Radar,430,70,24,22,546,0,82,126,0,208,430,152,150,22,754,0,0,0,754
03/09/2020,HNL,HI,AWP,WE,Towers with Radar,447,115,27,22,611,0,111,72,8,191,447,226,99,30,802,0,0,0,802
03/10/2020,HNL,HI,AWP,WE,Towers with Radar,450,94,17,22,583,0,124,118,10,252,450,218,135,32,835,0,0,0,835
03/11/2020,HNL,HI,AWP,WE,Towers with Radar,449,86,14,34,583,0,116,118,15,249,449,202,132,49,832,0,0,0,832
03/12/2020,HNL,HI,AWP,WE,Towers with Radar,458,120,26,39,643,0,73,45,12,130,458,193,71,51,773,0,0,0,773
03/13/2020,HNL,HI,AWP,WE,Towers with Radar,482,114,24,26,646,0,163,120,7,290,482,277,144,33,936,0,0,0,936
03/14/2020,HNL,HI,AWP,WE,Towers with Radar,467,100,21,24,612,0,98,120,1,219,467,198,141,25,831,0,0,0,831
03/15/2020,HNL,HI,AWP,WE,Towers with Radar,440,69,22,8,539,0,74,109,1,184,440,143,131,9,723,0,0,0,723
03/16/2020,HNL,HI,AWP,WE,Towers with Radar,447,126,21,22,616,0,32,9,0,41,447,158,30,22,657,0,0,0,657
03/17/2020,HNL,HI,AWP,WE,Towers with Radar,471,100,15,7,593,0,25,4,1,30,471,125,19,8,623,0,0,0,623
03/18/2020,HNL,HI,AWP,WE,Towers with Radar,466,120,20,9,615,0,88,67,12,167,466,208,87,21,782,0,0,0,782
03/19/2020,HNL,HI,AWP,WE,Towers with Radar,464,118,19,9,610,0,86,50,5,141,464,204,69,14,751,0,0,0,751
03/20/2020,HNL,HI,AWP,WE,Towers with Radar,482,110,25,36,653,0,150,108,8,266,482,260,133,44,919,0,0,0,919
03/21/2020,HNL,HI,AWP,WE,Towers with Radar,444,65,17,8,534,0,86,134,0,220,444,151,151,8,754,0,0,0,754
03/22/2020,HNL,HI,AWP,WE,Towers with Radar,414,57,19,12,502,0,45,111,5,161,414,102,130,17,663,0,0,0,663
03/23/2020,HNL,HI,AWP,WE,Towers with Radar,425,96,13,22,556,0,70,48,6,124,425,166,61,28,680,0,0,0,680
03/24/2020,HNL,HI,AWP,WE,Towers with Radar,403,84,11,39,537,0,24,15,6,45,403,108,26,45,582,0,0,0,582
03/25/2020,HNL,HI,AWP,WE,Towers with Radar,363,67,18,20,468,0,21,11,7,39,363,88,29,27,507,0,0,0,507
03/26/2020,HNL,HI,AWP,WE,Towers with Radar,326,66,13,39,444,0,24,22,4,50,326,90,35,43,494,0,0,0,494
03/27/2020,HNL,HI,AWP,WE,Towers with Radar,266,54,15,31,366,0,48,42,6,96,266,102,57,37,462,0,0,0,462
03/28/2020,HNL,HI,AWP,WE,Towers with Radar,214,33,15,13,275,0,27,55,3,85,214,60,70,16,360,0,0,0,360
03/29/2020,HNL,HI,AWP,WE,Towers with Radar,205,18,10,8,241,0,6,56,1,63,205,24,66,9,304,0,0,0,304
03/30/2020,HNL,HI,AWP,WE,Towers with Radar,214,41,23,4,282,0,47,83,5,135,214,88,106,9,417,0,0,0,417
03/31/2020,HNL,HI,AWP,WE,Towers with Radar,213,49,14,28,304,0,17,98,11,126,213,66,112,39,430,0,0,0,430
04/01/2020,HNL,HI,AWP,WE,Towers with Radar,178,59,19,19,275,0,37,64,2,103,178,96,83,21,378,0,0,0,378
04/02/2020,HNL,HI,AWP,WE,Towers with Radar,162,38,21,34,255,0,25,46,2,73,162,63,67,36,328,0,0,0,328
04/03/2020,HNL,HI,AWP,WE,Towers with Radar,189,42,12,25,268,0,27,56,4,87,189,69,68,29,355,0,0,0,355
04/04/2020,HNL,HI,AWP,WE,Towers with Radar,149,24,8,5,186,0,44,48,3,95,149,68,56,8,281,22,0,22,303
04/05/2020,HNL,HI,AWP,WE,Towers with Radar,138,8,8,9,163,0,23,25,0,48,138,31,33,9,211,0,0,0,211
04/06/2020,HNL,HI,AWP,WE,Towers with Radar,137,47,7,8,199,0,28,17,3,48,137,75,24,11,247,0,0,0,247
04/07/2020,HNL,HI,AWP,WE,Towers with Radar,151,45,12,35,243,0,31,39,3,73,151,76,51,38,316,0,0,0,316
04/08/2020,HNL,HI,AWP,WE,Towers with Radar,163,50,13,14,240,0,19,38,2,59,163,69,51,16,299,4,2,6,305
04/09/2020,HNL,HI,AWP,WE,Towers with Radar,159,42,12,28,241,0,29,29,2,60,159,71,41,30,301,0,0,0,301
04/10/2020,HNL,HI,AWP,WE,Towers with Radar,154,37,10,29,230,0,22,26,0,48,154,59,36,29,278,0,0,0,278
04/11/2020,HNL,HI,AWP,WE,Towers with Radar,159,37,14,5,215,0,12,20,0,32,159,49,34,5,247,0,0,0,247
04/12/2020,HNL,HI,AWP,WE,Towers with Radar,112,8,13,9,142,0,12,14,0,26,112,20,27,9,168,0,0,0,168
04/13/2020,HNL,HI,AWP,WE,Towers with Radar,139,55,31,14,239,0,46,22,5,73,139,101,53,19,312,0,0,0,312
04/14/2020,HNL,HI,AWP,WE,Towers with Radar,151,55,12,9,227,0,22,20,1,43,151,77,32,10,270,0,0,0,270
04/15/2020,HNL,HI,AWP,WE,Towers with Radar,144,50,11,16,221,0,66,61,9,136,144,116,72,25,357,0,0,0,357
04/16/2020,HNL,HI,AWP,WE,Towers with Radar,144,53,25,32,254,0,44,58,6,108,144,97,83,38,362,0,0,0,362
04/17/2020,HNL,HI,AWP,WE,Towers with Radar,157,48,19,34,258,0,46,76,7,129,157,94,95,41,387,0,0,0,387
04/18/2020,HNL,HI,AWP,WE,Towers with Radar,137,24,22,7,190,0,38,64,5,107,137,62,86,12,297,0,0,0,297
04/19/2020,HNL,HI,AWP,WE,Towers with Radar,131,22,16,9,178,0,29,81,2,112,131,51,97,11,290,32,0,32,322
04/20/2020,HNL,HI,AWP,WE,Towers with Radar,149,34,12,18,213,0,62,50,15,127,149,96,62,33,340,0,0,0,340
04/21/2020,HNL,HI,AWP,WE,Towers with Radar,151,46,8,26,231,0,61,42,19,122,151,107,50,45,353,20,0,20,373
04/22/2020,HNL,HI,AWP,WE,Towers with Radar,161,47,19,4,231,0,51,39,21,111,161,98,58,25,342,0,0,0,342
04/23/2020,HNL,HI,AWP,WE,Towers with Radar,162,34,17,41,254,0,27,30,2,59,162,61,47,43,313,0,0,0,313
04/24/2020,HNL,HI,AWP,WE,Towers with Radar,161,42,16,29,248,0,19,16,0,35,161,61,32,29,283,0,0,0,283
04/25/2020,HNL,HI,AWP,WE,Towers with Radar,137,19,11,13,180,0,16,29,0,45,137,35,40,13,225,6,0,6,231
04/26/2020,HNL,HI,AWP,WE,Towers with Radar,121,16,12,16,165,0,10,18,0,28,121,26,30,16,193,0,0,0,193
04/27/2020,HNL,HI,AWP,WE,Towers with Radar,140,32,11,34,217,0,23,21,1,45,140,55,32,35,262,0,0,0,262
04/28/2020,HNL,HI,AWP,WE,Towers with Radar,148,47,18,41,254,0,33,43,8,84,148,80,61,49,338,0,0,0,338
04/29/2020,HNL,HI,AWP,WE,Towers with Radar,150,50,18,14,232,0,37,62,11,110,150,87,80,25,342,0,1,1,343
04/30/2020,HNL,HI,AWP,WE,Towers with Radar,145,41,17,35,238,0,45,48,12,105,145,86,65,47,343,0,0,0,343
05/01/2020,HNL,HI,AWP,WE,Towers with Radar,151,54,13,22,240,0,21,67,22,110,151,75,80,44,350,4,0,4,354
05/02/2020,HNL,HI,AWP,WE,Towers with Radar,136,27,11,2,176,0,40,49,1,90,136,67,60,3,266,0,0,0,266
05/03/2020,HNL,HI,AWP,WE,Towers with Radar,117,19,14,5,155,0,23,32,0,55,117,42,46,5,210,0,0,0,210
05/04/2020,HNL,HI,AWP,WE,Towers with Radar,149,57,16,10,232,0,43,71,5,119,149,100,87,15,351,0,0,0,351
05/05/2020,HNL,HI,AWP,WE,Towers with Radar,151,49,25,32,257,0,48,54,15,117,151,97,79,47,374,10,0,10,384
05/06/2020,HNL,HI,AWP,WE,Towers with Radar,166,47,13,16,242,0,58,93,12,163,166,105,106,28,405,21,0,21,426
05/07/2020,HNL,HI,AWP,WE,Towers with Radar,162,41,30,37,270,0,51,49,12,112,162,92,79,49,382,0,0,0,382
05/08/2020,HNL,HI,AWP,WE,Towers with Radar,168,34,13,30,245,0,33,33,0,66,168,67,46,30,311,0,0,0,311
05/09/2020,HNL,HI,AWP,WE,Towers with Radar,149,27,7,5,188,0,18,26,0,44,149,45,33,5,232,0,0,0,232
05/10/2020,HNL,HI,AWP,WE,Towers with Radar,115,11,5,10,141,0,10,14,0,24,115,21,19,10,165,3,0,3,168
05/11/2020,HNL,HI,AWP,WE,Towers with Radar,147,45,11,28,231,0,21,24,1,46,147,66,35,29,277,0,0,0,277
05/12/2020,HNL,HI,AWP,WE,Towers with Radar,149,44,16,33,242,0,23,29,0,52,149,67,45,33,294,0,0,0,294
05/13/2020,HNL,HI,AWP,WE,Towers with Radar,152,44,15,9,220,0,34,73,7,114,152,78,88,16,334,0,0,0,334
05/14/2020,HNL,HI,AWP,WE,Towers with Radar,154,45,30,32,261,0,49,89,4,142,154,94,119,36,403,0,0,0,403
05/15/2020,HNL,HI,AWP,WE,Towers with Radar,152,45,19,31,247,0,48,94,5,147,152,93,113,36,394,0,0,0,394
05/16/2020,HNL,HI,AWP,WE,Towers with Radar,141,33,11,5,190,0,32,60,5,97,141,65,71,10,287,0,0,0,287
05/17/2020,HNL,HI,AWP,WE,Towers with Radar,120,21,21,6,168,0,16,95,2,113,120,37,116,8,281,0,0,0,281
05/18/2020,HNL,HI,AWP,WE,Towers with Radar,155,47,20,23,245,0,21,36,1,58,155,68,56,24,303,0,0,0,303
05/19/2020,HNL,HI,AWP,WE,Towers with Radar,147,51,24,29,251,0,48,57,9,114,147,99,81,38,365,0,0,0,365
05/20/2020,HNL,HI,AWP,WE,Towers with Radar,170,37,15,18,240,0,56,43,15,114,170,93,58,33,354,0,0,0,354
05/21/2020,HNL,HI,AWP,WE,Towers with Radar,168,48,31,24,271,0,33,37,4,74,168,81,68,28,345,0,0,0,345
05/22/2020,HNL,HI,AWP,WE,Towers with Radar,171,40,23,14,248,0,43,89,4,136,171,83,112,18,384,0,0,0,384
05/23/2020,HNL,HI,AWP,WE,Towers with Radar,158,26,14,18,216,0,13,36,0,49,158,39,50,18,265,0,0,0,265
05/24/2020,HNL,HI,AWP,WE,Towers with Radar,127,14,14,16,171,0,10,30,1,41,127,24,44,17,212,0,0,0,212
05/25/2020,HNL,HI,AWP,WE,Towers with Radar,131,16,7,9,163,0,11,46,0,57,131,27,53,9,220,0,0,0,220
05/26/2020,HNL,HI,AWP,WE,Towers with Radar,148,58,16,40,262,0,19,34,0,53,148,77,50,40,315,0,2,2,317
05/27/2020,HNL,HI,AWP,WE,Towers with Radar,172,50,27,14,263,0,16,38,0,54,172,66,65,14,317,0,0,0,317
05/28/2020,HNL,HI,AWP,WE,Towers with Radar,150,58,27,54,289,0,55,79,11,145,150,113,106,65,434,2,0,2,436
05/29/2020,HNL,HI,AWP,WE,Towers with Radar,171,57,19,26,273,0,61,95,3,159,171,118,114,29,432,0,0,0,432
05/30/2020,HNL,HI,AWP,WE,Towers with Radar,148,40,26,2,216,0,41,90,3,134,148,81,116,5,350,0,0,0,350
05/31/2020,HNL,HI,AWP,WE,Towers with Radar,137,27,15,4,183,0,33,88,0,121,137,60,103,4,304,0,0,0,304
06/01/2020,HNL,HI,AWP,WE,Towers with Radar,150,56,10,14,230,0,72,83,6,161,150,128,93,20,391,0,0,0,391
06/02/2020,HNL,HI,AWP,WE,Towers with Radar,155,57,28,47,287,0,59,55,15,129,155,116,83,62,416,10,0,10,426
06/03/2020,HNL,HI,AWP,WE,Towers with Radar,171,46,36,31,284,0,39,74,18,131,171,85,110,49,415,0,1,1,416
06/04/2020,HNL,HI,AWP,WE,Towers with Radar,169,52,24,24,269,0,48,77,19,144,169,100,101,43,413,0,0,0,413
06/05/2020,HNL,HI,AWP,WE,Towers with Radar,177,41,20,17,255,0,63,73,5,141,177,104,93,22,396,0,0,0,396
06/06/2020,HNL,HI,AWP,WE,Towers with Radar,158,30,25,25,238,0,38,67,4,109,158,68,92,29,347,2,0,2,349
06/07/2020,HNL,HI,AWP,WE,Towers with Radar,145,16,4,9,174,0,5,32,0,37,145,21,36,9,211,0,0,0,211
06/08/2020,HNL,HI,AWP,WE,Towers with Radar,168,50,15,14,247,0,29,31,1,61,168,79,46,15,308,0,0,0,308
06/09/2020,HNL,HI,AWP,WE,Towers with Radar,177,52,19,45,293,0,19,50,1,70,177,71,69,46,363,0,0,0,363
06/10/2020,HNL,HI,AWP,WE,Towers with Radar,178,44,12,13,247,0,20,42,2,64,178,64,54,15,311,0,0,0,311
06/11/2020,HNL,HI,AWP,WE,Towers with Radar,181,37,17,39,274,0,14,26,2,42,181,51,43,41,316,0,0,0,316
06/12/2020,HNL,HI,AWP,WE,Towers with Radar,179,42,10,24,255,0,32,44,8,84,179,74,54,32,339,0,0,0,339
06/13/2020,HNL,HI,AWP,WE,Towers with Radar,167,36,10,11,224,0,27,69,4,100,167,63,79,15,324,0,0,0,324
06/14/2020,HNL,HI,AWP,WE,Towers with Radar,145,20,6,7,178,0,13,22,0,35,145,33,28,7,213,0,0,0,213
06/15/2020,HNL,HI,AWP,WE,Towers with Radar,163,62,19,18,262,0,53,78,0,131,163,115,97,18,393,0,0,0,393
06/16/2020,HNL,HI,AWP,WE,Towers with Radar,184,70,16,37,307,0,38,52,10,100,184,108,68,47,407,0,1,1,408
06/17/2020,HNL,HI,AWP,WE,Towers with Radar,205,49,36,25,315,0,62,73,14,149,205,111,109,39,464,0,0,0,464
06/18/2020,HNL,HI,AWP,WE,Towers with Radar,197,74,19,36,326,0,42,55,30,127,197,116,74,66,453,0,2,2,455
06/19/2020,HNL,HI,AWP,WE,Towers with Radar,201,75,21,24,321,0,50,67,5,122,201,125,88,29,443,0,0,0,443
06/20/2020,HNL,HI,AWP,WE,Towers with Radar,174,48,24,8,254,0,47,92,0,139,174,95,116,8,393,20,0,20,413
06/21/2020,HNL,HI,AWP,WE,Towers with Radar,160,30,2,7,199,0,37,65,3,105,160,67,67,10,304,0,0,0,304
06/22/2020,HNL,HI,AWP,WE,Towers with Radar,190,56,18,6,270,0,21,64,12,97,190,77,82,18,367,0,0,0,367
06/23/2020,HNL,HI,AWP,WE,Towers with Radar,189,58,21,31,299,0,21,47,13,81,189,79,68,44,380,0,0,0,380
06/24/2020,HNL,HI,AWP,WE,Towers with Radar,195,63,17,23,298,0,23,50,3,76,195,86,67,26,374,0,0,0,374
06/25/2020,HNL,HI,AWP,WE,Towers with Radar,196,66,21,26,309,0,31,53,2,86,196,97,74,28,395,7,0,7,402
06/26/2020,HNL,HI,AWP,WE,Towers with Radar,213,59,16,26,314,0,27,57,1,85,213,86,73,27,399,0,0,0,399
06/27/2020,HNL,HI,AWP,WE,Towers with Radar,175,45,15,12,247,0,27,56,3,86,175,72,71,15,333,0,0,0,333
06/28/2020,HNL,HI,AWP,WE,Towers with Radar,196,25,13,7,241,0,22,48,4,74,196,47,61,11,315,0,0,0,315
06/29/2020,HNL,HI,AWP,WE,Towers with Radar,196,71,17,27,311,0,38,53,5,96,196,109,70,32,407,0,0,0,407
06/30/2020,HNL,HI,AWP,WE,Towers with Radar,205,63,16,39,323,0,43,65,8,116,205,106,81,47,439,0,0,0,439
07/01/2020,HNL,HI,AWP,WE,Towers with Radar,234,75,15,34,358,0,55,77,14,146,234,130,92,48,504,0,0,0,504
07/02/2020,HNL,HI,AWP,WE,Towers with Radar,261,83,27,16,387,0,72,93,5,170,261,155,120,21,557,0,0,0,557
07/03/2020,HNL,HI,AWP,WE,Towers with Radar,231,96,13,4,344,0,87,95,1,183,231,183,108,5,527,0,0,0,527
07/04/2020,HNL,HI,AWP,WE,Towers with Radar,173,50,18,4,245,0,16,23,2,41,173,66,41,6,286,0,0,0,286
07/05/2020,HNL,HI,AWP,WE,Towers with Radar,212,68,9,8,297,0,52,59,3,114,212,120,68,11,411,0,0,0,411
07/06/2020,HNL,HI,AWP,WE,Towers with Radar,229,73,13,13,328,0,68,73,9,150,229,141,86,22,478,0,0,0,478
07/07/2020,HNL,HI,AWP,WE,Towers with Radar,234,53,18,35,340,0,23,43,0,66,234,76,61,35,406,0,0,0,406
07/08/2020,HNL,HI,AWP,WE,Towers with Radar,239,70,15,38,362,0,23,34,0,57,239,93,49,38,419,0,0,0,419
07/09/2020,HNL,HI,AWP,WE,Towers with Radar,260,75,27,37,399,0,20,35,5,60,260,95,62,42,459,0,0,0,459
07/10/2020,HNL,HI,AWP,WE,Towers with Radar,244,93,24,17,378,0,33,41,1,75,244,126,65,18,453,0,0,0,453
07/11/2020,HNL,HI,AWP,WE,Towers with Radar,211,66,15,50,342,0,14,41,1,56,211,80,56,51,398,0,0,0,398
07/12/2020,HNL,HI,AWP,WE,Towers with Radar,202,73,13,12,300,0,59,74,4,137,202,132,87,16,437,0,0,0,437
07/13/2020,HNL,HI,AWP,WE,Towers with Radar,232,86,17,18,353,0,66,98,1,165,232,152,115,19,518,0,0,0,518
07/14/2020,HNL,HI,AWP,WE,Towers with Radar,228,93,22,46,389,0,49,74,3,126,228,142,96,49,515,0,0,0,515
07/15/2020,HNL,HI,AWP,WE,Towers with Radar,235,69,20,36,360,0,78,111,5,194,235,147,131,41,554,0,0,0,554
07/16/2020,HNL,HI,AWP,WE,Towers with Radar,254,64,16,32,366,0,81,89,12,182,254,145,105,44,548,0,0,0,548
07/17/2020,HNL,HI,AWP,WE,Towers with Radar,250,85,21,23,379,0,45,76,6,127,250,130,97,29,506,0,0,0,506
07/18/2020,HNL,HI,AWP,WE,Towers with Radar,216,62,36,10,324,0,20,35,2,57,216,82,71,12,381,0,0,0,381
07/19/2020,HNL,HI,AWP,WE,Towers with Radar,217,83,10,6,316,0,21,33,1,55,217,104,43,7,371,0,0,0,371
07/20/2020,HNL,HI,AWP,WE,Towers with Radar,232,91,24,23,370,0,65,60,4,129,232,156,84,27,499,0,0,0,499
07/21/2020,HNL,HI,AWP,WE,Towers with Radar,214,73,16,36,339,0,42,60,13,115,214,115,76,49,454,0,0,0,454
07/22/2020,HNL,HI,AWP,WE,Towers with Radar,246,84,25,34,389,0,56,72,6,134,246,140,97,40,523,0,0,0,523
07/23/2020,HNL,HI,AWP,WE,Towers with Radar,253,72,19,35,379,0,66,87,9,162,253,138,106,44,541,0,0,0,541
07/24/2020,HNL,HI,AWP,WE,Towers with Radar,253,69,21,24,367,0,59,63,6,128,253,128,84,30,495,7,0,7,502
07/25/2020,HNL,HI,AWP,WE,Towers with Radar,219,65,16,24,324,0,40,43,4,87,219,105,59,28,411,0,0,0,411
07/26/2020,HNL,HI,AWP,WE,Towers with Radar,47,7,2,7,63,0,0,0,0,0,47,7,2,7,63,0,0,0,63
07/27/2020,HNL,HI,AWP,WE,Towers with Radar,239,94,17,5,355,0,15,18,0,33,239,109,35,5,388,0,0,0,388
07/28/2020,HNL,HI,AWP,WE,Towers with Radar,242,106,12,14,374,0,24,18,2,44,242,130,30,16,418,0,0,0,418
07/29/2020,HNL,HI,AWP,WE,Towers with Radar,236,83,15,24,358,0,50,56,8,114,236,133,71,32,472,8,0,8,480
07/30/2020,HNL,HI,AWP,WE,Towers with Radar,256,71,11,30,368,0,21,37,4,62,256,92,48,34,430,0,0,0,430
07/31/2020,HNL,HI,AWP,WE,Towers with Radar,242,89,11,11,353,0,26,51,2,79,242,115,62,13,432,0,0,0,432
08/01/2020,HNL,HI,AWP,WE,Towers with Radar,216,54,16,25,311,0,29,85,4,118,216,83,101,29,429,0,0,0,429
08/02/2020,HNL,HI,AWP,WE,Towers with Radar,207,74,14,9,304,0,26,65,5,96,207,100,79,14,400,0,0,0,400
08/03/2020,HNL,HI,AWP,WE,Towers with Radar,237,85,12,21,355,0,54,62,6,122,237,139,74,27,477,0,0,0,477
08/04/2020,HNL,HI,AWP,WE,Towers with Radar,229,73,17,38,357,0,40,53,6,99,229,113,70,44,456,0,0,0,456
08/05/2020,HNL,HI,AWP,WE,Towers with Radar,236,78,11,44,369,0,34,65,5,104,236,112,76,49,473,0,0,0,473
08/06/2020,HNL,HI,AWP,WE,Towers with Radar,271,81,17,41,410,0,54,80,31,165,271,135,97,72,575,0,0,0,575
08/07/2020,HNL,HI,AWP,WE,Towers with Radar,258,101,17,28,404,0,42,92,5,139,258,143,109,33,543,0,0,0,543
08/08/2020,HNL,HI,AWP,WE,Towers with Radar,219,83,22,28,352,0,10,38,0,48,219,93,60,28,400,0,0,0,400
08/09/2020,HNL,HI,AWP,WE,Towers with Radar,214,86,17,10,327,0,20,36,2,58,214,106,53,12,385,0,0,0,385
08/10/2020,HNL,HI,AWP,WE,Towers with Radar,238,94,21,12,365,0,59,72,13,144,238,153,93,25,509,0,0,0,509
08/11/2020,HNL,HI,AWP,WE,Towers with Radar,237,58,25,39,359,0,37,57,2,96,237,95,82,41,455,0,0,0,455
08/12/2020,HNL,HI,AWP,WE,Towers with Radar,207,47,17,34,305,0,64,130,18,212,207,111,147,52,517,0,0,0,517
08/13/2020,HNL,HI,AWP,WE,Towers with Radar,216,56,20,39,331,0,61,117,19,197,216,117,137,58,528,0,0,0,528
08/14/2020,HNL,HI,AWP,WE,Towers with Radar,213,54,24,50,341,0,46,86,8,140,213,100,110,58,481,0,0,0,481
08/15/2020,HNL,HI,AWP,WE,Towers with Radar,194,21,21,21,257,0,41,113,8,162,194,62,134,29,419,0,0,0,419
08/16/2020,HNL,HI,AWP,WE,Towers with Radar,171,18,8,8,205,0,29,70,3,102,171,47,78,11,307,0,0,0,307
08/17/2020,HNL,HI,AWP,WE,Towers with Radar,203,42,17,13,275,0,39,77,6,122,203,81,94,19,397,0,0,0,397
08/18/2020,HNL,HI,AWP,WE,Towers with Radar,206,43,15,31,295,0,53,89,10,152,206,96,104,41,447,16,0,16,463
08/19/2020,HNL,HI,AWP,WE,Towers with Radar,204,50,16,38,308,0,49,93,8,150,204,99,109,46,458,0,0,0,458
08/20/2020,HNL,HI,AWP,WE,Towers with Radar,222,51,17,28,318,0,45,80,8,133,222,96,97,36,451,0,0,0,451
08/21/2020,HNL,HI,AWP,WE,Towers with Radar,212,42,21,29,304,0,37,101,8,146,212,79,122,37,450,0,0,0,450
08/22/2020,HNL,HI,AWP,WE,Towers with Radar,189,29,12,18,248,0,33,78,3,114,189,62,90,21,362,0,0,0,362
08/23/2020,HNL,HI,AWP,WE,Towers with Radar,167,11,8,11,197,0,14,65,4,83,167,25,73,15,280,4,0,4,284
08/24/2020,HNL,HI,AWP,WE,Towers with Radar,196,47,23,8,274,0,37,69,17,123,196,84,92,25,397,4,0,4,401
08/25/2020,HNL,HI,AWP,WE,Towers with Radar,213,40,19,54,326,0,37,83,11,131,213,77,102,65,457,0,0,0,457
08/26/2020,HNL,HI,AWP,WE,Towers with Radar,208,44,8,36,296,0,38,78,13,129,208,82,86,49,425,0,0,0,425
08/27/2020,HNL,HI,AWP,WE,Towers with Radar,222,56,17,40,335,0,37,92,5,134,222,93,109,45,469,0,0,0,469
08/28/2020,HNL,HI,AWP,WE,Towers with Radar,216,45,16,42,319,0,53,122,14,189,216,98,138,56,508,0,0,0,508
08/29/2020,HNL,HI,AWP,WE,Towers with Radar,187,28,7,18,240,0,32,94,0,126,187,60,101,18,366,0,0,0,366
08/30/2020,HNL,HI,AWP,WE,Towers with Radar,170,27,11,17,225,0,17,44,13,74,170,44,55,30,299,0,0,0,299
08/31/2020,HNL,HI,AWP,WE,Towers with Radar,203,59,20,13,295,0,51,69,4,124,203,110,89,17,419,0,0,0,419
09/01/2020,HNL,HI,AWP,WE,Towers with Radar,201,47,31,40,319,0,36,43,7,86,201,83,74,47,405,0,0,0,405
09/02/2020,HNL,HI,AWP,WE,Towers with Radar,204,40,15,31,290,0,43,119,4,166,204,83,134,35,456,0,0,0,456
09/03/2020,HNL,HI,AWP,WE,Towers with Radar,206,42,24,37,309,0,47,106,11,164,206,89,130,48,473,5,0,5,478
09/04/2020,HNL,HI,AWP,WE,Towers with Radar,192,53,17,11,273,0,33,118,2,153,192,86,135,13,426,0,0,0,426
09/05/2020,HNL,HI,AWP,WE,Towers with Radar,181,22,11,6,220,0,26,99,2,127,181,48,110,8,347,0,0,0,347
09/06/2020,HNL,HI,AWP,WE,Towers with Radar,145,10,15,8,178,0,11,62,0,73,145,21,77,8,251,0,0,0,251
09/07/2020,HNL,HI,AWP,WE,Towers with Radar,150,20,7,12,189,0,23,105,8,136,150,43,112,20,325,0,0,0,325
09/08/2020,HNL,HI,AWP,WE,Towers with Radar,179,52,27,33,291,0,38,58,12,108,179,90,85,45,399,0,0,0,399
09/09/2020,HNL,HI,AWP,WE,Towers with Radar,180,36,10,45,271,0,46,86,11,143,180,82,96,56,414,0,0,0,414
09/10/2020,HNL,HI,AWP,WE,Towers with Radar,195,53,14,38,300,0,33,74,5,112,195,86,88,43,412,1,0,1,413
09/11/2020,HNL,HI,AWP,WE,Towers with Radar,175,39,21,33,268,0,42,107,2,151,175,81,128,35,419,0,0,0,419
09/12/2020,HNL,HI,AWP,WE,Towers with Radar,166,43,15,21,245,0,31,86,0,117,166,74,101,21,362,3,0,3,365
09/13/2020,HNL,HI,AWP,WE,Towers with Radar,142,13,19,10,184,0,14,83,1,98,142,27,102,11,282,0,0,0,282
09/14/2020,HNL,HI,AWP,WE,Towers with Radar,169,40,12,26,247,0,46,78,4,128,169,86,90,30,375,0,0,0,375
09/15/2020,HNL,HI,AWP,WE,Towers with Radar,199,35,20,36,290,0,32,56,4,92,199,67,76,40,382,0,0,0,382
09/16/2020,HNL,HI,AWP,WE,Towers with Radar,201,52,31,55,339,0,32,63,5,100,201,84,94,60,439,0,0,0,439
09/17/2020,HNL,HI,AWP,WE,Towers with Radar,206,52,22,42,322,0,30,68,12,110,206,82,90,54,432,0,0,0,432
09/18/2020,HNL,HI,AWP,WE,Towers with Radar,189,49,32,21,291,0,56,94,3,153,189,105,126,24,444,0,0,0,444
09/19/2020,HNL,HI,AWP,WE,Towers with Radar,162,49,22,15,248,0,32,58,2,92,162,81,80,17,340,0,0,0,340
09/20/2020,HNL,HI,AWP,WE,Towers with Radar,148,14,25,5,192,0,10,96,0,106,148,24,121,5,298,0,0,0,298
09/21/2020,HNL,HI,AWP,WE,Towers with Radar,179,54,22,30,285,0,53,77,5,135,179,107,99,35,420,0,0,0,420
09/22/2020,HNL,HI,AWP,WE,Towers with Radar,167,49,22,38,276,0,29,61,4,94,167,78,83,42,370,0,0,0,370
09/23/2020,HNL,HI,AWP,WE,Towers with Radar,193,42,13,32,280,0,43,80,5,128,193,85,93,37,408,1,0,1,409
09/24/2020,HNL,HI,AWP,WE,Towers with Radar,192,47,29,39,307,0,40,68,3,111,192,87,97,42,418,0,0,0,418
09/25/2020,HNL,HI,AWP,WE,Towers with Radar,192,46,25,24,287,0,45,91,6,142,192,91,116,30,429,0,0,0,429
09/26/2020,HNL,HI,AWP,WE,Towers with Radar,170,28,19,21,238,0,37,94,1,132,170,65,113,22,370,0,0,0,370
09/27/2020,HNL,HI,AWP,WE,Towers with Radar,142,8,11,20,181,0,21,81,1,103,142,29,92,21,284,0,0,0,284
09/28/2020,HNL,HI,AWP,WE,Towers with Radar,183,44,27,45,299,0,34,86,10,130,183,78,113,55,429,0,0,0,429
09/29/2020,HNL,HI,AWP,WE,Towers with Radar,183,39,18,52,292,0,39,81,7,127,183,78,99,59,419,0,0,0,419
09/30/2020,HNL,HI,AWP,WE,Towers with Radar,198,43,25,44,310,0,45,95,6,146,198,88,120,50,456,0,0,0,456
10/01/2020,HNL,HI,AWP,WE,Towers with Radar,191,41,13,42,287,0,42,85,2,129,191,83,98,44,416,1,0,1,417
10/02/2020,HNL,HI,AWP,WE,Towers with Radar,201,52,17,34,304,0,33,71,4,108,201,85,88,38,412,0,0,0,412
10/03/2020,HNL,HI,AWP,WE,Towers with Radar,178,25,26,49,278,0,42,100,4,146,178,67,126,53,424,2,0,2,426
10/04/2020,HNL,HI,AWP,WE,Towers with Radar,153,30,18,16,217,0,15,84,2,101,153,45,102,18,318,0,0,0,318
10/05/2020,HNL,HI,AWP,WE,Towers with Radar,194,59,16,18,287,0,67,74,3,144,194,126,90,21,431,0,0,0,431
10/06/2020,HNL,HI,AWP,WE,Towers with Radar,183,66,20,31,300,0,35,48,6,89,183,101,68,37,389,0,0,0,389
10/07/2020,HNL,HI,AWP,WE,Towers with Radar,197,46,19,30,292,0,28,64,8,100,197,74,83,38,392,0,0,0,392
10/08/2020,HNL,HI,AWP,WE,Towers with Radar,207,54,22,31,314,0,42,72,6,120,207,96,94,37,434,0,0,0,434
10/09/2020,HNL,HI,AWP,WE,Towers with Radar,214,63,14,17,308,0,24,64,7,95,214,87,78,24,403,0,0,0,403
10/10/2020,HNL,HI,AWP,WE,Towers with Radar,182,26,18,9,235,0,41,102,1,144,182,67,120,10,379,0,0,0,379
10/11/2020,HNL,HI,AWP,WE,Towers with Radar,153,19,19,10,201,0,14,95,4,113,153,33,114,14,314,0,0,0,314
10/12/2020,HNL,HI,AWP,WE,Towers with Radar,180,53,17,11,261,0,33,62,0,95,180,86,79,11,356,0,0,0,356
10/13/2020,HNL,HI,AWP,WE,Towers with Radar,196,46,16,31,289,0,59,116,8,183,196,105,132,39,472,0,0,0,472
10/14/2020,HNL,HI,AWP,WE,Towers with Radar,201,50,25,41,317,0,51,100,11,162,201,101,125,52,479,6,0,6,485
10/15/2020,HNL,HI,AWP,WE,Towers with Radar,242,80,16,47,385,0,39,78,7,124,242,119,94,54,509,0,0,0,509
10/16/2020,HNL,HI,AWP,WE,Towers with Radar,250,83,16,23,372,0,41,76,3,120,250,124,92,26,492,0,0,0,492
10/17/2020,HNL,HI,AWP,WE,Towers with Radar,232,58,15,11,316,0,24,60,0,84,232,82,75,11,400,3,0,3,403
10/18/2020,HNL,HI,AWP,WE,Towers with Radar,198,33,11,12,254,0,5,46,0,51,198,38,57,12,305,0,0,0,305
10/19/2020,HNL,HI,AWP,WE,Towers with Radar,221,87,17,15,340,0,35,52,4,91,221,122,69,19,431,0,0,0,431
10/20/2020,HNL,HI,AWP,WE,Towers with Radar,238,61,39,54,392,0,27,68,4,99,238,88,107,58,491,0,0,0,491
10/21/2020,HNL,HI,AWP,WE,Towers with Radar,231,88,24,57,400,0,20,64,2,86,231,108,88,59,486,0,0,0,486
10/22/2020,HNL,HI,AWP,WE,Towers with Radar,250,75,25,44,394,0,62,75,8,145,250,137,100,52,539,16,0,16,555
10/23/2020,HNL,HI,AWP,WE,Towers with Radar,243,97,11,12,363,0,40,28,3,71,243,137,39,15,434,0,0,0,434
10/24/2020,HNL,HI,AWP,WE,Towers with Radar,220,68,41,13,342,0,64,112,2,178,220,132,153,15,520,0,0,0,520
10/25/2020,HNL,HI,AWP,WE,Towers with Radar,189,43,18,8,258,0,39,89,1,129,189,82,107,9,387,8,0,8,395
10/26/2020,HNL,HI,AWP,WE,Towers with Radar,231,99,19,32,381,0,62,78,3,143,231,161,97,35,524,0,0,0,524
10/27/2020,HNL,HI,AWP,WE,Towers with Radar,222,58,9,40,329,0,54,51,6,111,222,112,60,46,440,0,0,0,440
10/28/2020,HNL,HI,AWP,WE,Towers with Radar,226,75,16,33,350,0,52,43,5,100,226,127,59,38,450,0,0,0,450
10/29/2020,HNL,HI,AWP,WE,Towers with Radar,238,73,16,20,347,0,49,73,5,127,238,122,89,25,474,0,0,0,474
10/30/2020,HNL,HI,AWP,WE,Towers with Radar,227,65,27,17,336,0,49,85,2,136,227,114,112,19,472,0,0,0,472
10/31/2020,HNL,HI,AWP,WE,Towers with Radar,225,28,19,11,283,0,44,84,1,129,225,72,103,12,412,0,0,0,412
11/01/2020,HNL,HI,AWP,WE,Towers with Radar,193,25,18,13,249,0,29,93,1,123,193,54,111,14,372,0,0,0,372
11/02/2020,HNL,HI,AWP,WE,Towers with Radar,242,69,13,28,352,0,77,100,7,184,242,146,113,35,536,0,0,0,536
11/03/2020,HNL,HI,AWP,WE,Towers with Radar,220,48,21,52,341,0,48,75,8,131,220,96,96,60,472,0,0,0,472
11/04/2020,HNL,HI,AWP,WE,Towers with Radar,247,55,15,57,374,0,63,98,8,169,247,118,113,65,543,0,0,0,543
11/05/2020,HNL,HI,AWP,WE,Towers with Radar,255,52,26,67,400,0,73,102,10,185,255,125,128,77,585,0,0,0,585
11/06/2020,HNL,HI,AWP,WE,Towers with Radar,241,68,14,53,376,0,32,76,5,113,241,100,90,58,489,0,0,0,489
11/07/2020,HNL,HI,AWP,WE,Towers with Radar,217,41,20,41,319,0,40,64,2,106,217,81,84,43,425,0,0,0,425
11/08/2020,HNL,HI,AWP,WE,Towers with Radar,195,19,17,25,256,0,63,93,2,158,195,82,110,27,414,0,0,0,414
11/09/2020,HNL,HI,AWP,WE,Towers with Radar,244,50,20,15,329,0,45,41,3,89,244,95,61,18,418,0,0,0,418
11/10/2020,HNL,HI,AWP,WE,Towers with Radar,234,46,15,69,364,0,75,65,0,140,234,121,80,69,504,0,0,0,504
11/11/2020,HNL,HI,AWP,WE,Towers with Radar,244,54,13,12,323,0,67,37,0,104,244,121,50,12,427,0,0,0,427
11/12/2020,HNL,HI,AWP,WE,Towers with Radar,274,54,16,43,387,0,83,94,7,184,274,137,110,50,571,0,0,0,571
11/13/2020,HNL,HI,AWP,WE,Towers with Radar,244,63,21,41,369,0,98,106,9,213,244,161,127,50,582,0,0,0,582
11/14/2020,HNL,HI,AWP,WE,Towers with Radar,226,17,7,18,268,0,76,143,0,219,226,93,150,18,487,0,0,0,487
11/15/2020,HNL,HI,AWP,WE,Towers with Radar,200,29,20,20,269,0,76,139,0,215,200,105,159,20,484,0,0,0,484
11/16/2020,HNL,HI,AWP,WE,Towers with Radar,227,72,16,52,367,0,76,86,10,172,227,148,102,62,539,0,0,0,539
11/17/2020,HNL,HI,AWP,WE,Towers with Radar,239,69,16,40,364,0,72,106,11,189,239,141,122,51,553,0,0,0,553
11/18/2020,HNL,HI,AWP,WE,Towers with Radar,272,76,24,46,418,0,30,27,7,64,272,106,51,53,482,0,0,0,482
11/19/2020,HNL,HI,AWP,WE,Towers with Radar,271,66,21,54,412,0,69,105,15,189,271,135,126,69,601,0,0,0,601
11/20/2020,HNL,HI,AWP,WE,Towers with Radar,275,104,19,50,448,0,55,61,12,128,275,159,80,62,576,0,0,0,576
11/21/2020,HNL,HI,AWP,WE,Towers with Radar,254,74,18,18,364,0,65,49,11,125,254,139,67,29,489,0,0,0,489
11/22/2020,HNL,HI,AWP,WE,Towers with Radar,236,49,6,12,303,0,11,19,6,36,236,60,25,18,339,0,0,0,339
11/23/2020,HNL,HI,AWP,WE,Towers with Radar,275,73,19,52,419,0,121,73,9,203,275,194,92,61,622,0,0,0,622
11/24/2020,HNL,HI,AWP,WE,Towers with Radar,273,67,20,41,401,0,64,82,17,163,273,131,102,58,564,0,0,0,564
11/25/2020,HNL,HI,AWP,WE,Towers with Radar,283,81,14,22,400,0,87,107,3,197,283,168,121,25,597,0,0,0,597
11/26/2020,HNL,HI,AWP,WE,Towers with Radar,240,38,6,6,290,0,49,52,1,102,240,87,58,7,392,0,0,0,392
11/27/2020,HNL,HI,AWP,WE,Towers with Radar,260,76,16,5,357,0,84,87,0,171,260,160,103,5,528,0,0,0,528
11/28/2020,HNL,HI,AWP,WE,Towers with Radar,261,73,18,13,365,0,94,102,1,197,261,167,120,14,562,0,0,0,562
11/29/2020,HNL,HI,AWP,WE,Towers with Radar,215,56,21,19,311,0,43,79,9,131,215,99,100,28,442,0,0,0,442
11/30/2020,HNL,HI,AWP,WE,Towers with Radar,299,76,14,55,444,0,68,61,5,134,299,144,75,60,578,0,0,0,578
12/01/2020,HNL,HI,AWP,WE,Towers with Radar,286,64,21,31,402,0,76,105,15,196,286,140,126,46,598,0,0,0,598
12/02/2020,HNL,HI,AWP,WE,Towers with Radar,288,52,17,31,388,0,81,102,11,194,288,133,119,42,582,0,0,0,582
12/03/2020,HNL,HI,AWP,WE,Towers with Radar,275,60,13,37,385,0,67,96,6,169,275,127,109,43,554,0,0,0,554
12/04/2020,HNL,HI,AWP,WE,Towers with Radar,284,87,6,19,396,0,114,97,6,217,284,201,103,25,613,0,0,0,613
12/05/2020,HNL,HI,AWP,WE,Towers with Radar,241,56,19,37,353,0,82,73,6,161,241,138,92,43,514,0,0,0,514
12/06/2020,HNL,HI,AWP,WE,Towers with Radar,227,42,18,19,306,0,59,109,6,174,227,101,127,25,480,3,0,3,483
12/07/2020,HNL,HI,AWP,WE,Towers with Radar,270,65,15,20,370,0,112,150,9,271,270,177,165,29,641,0,0,0,641
12/08/2020,HNL,HI,AWP,WE,Towers with Radar,270,57,8,50,385,0,98,97,6,201,270,155,105,56,586,0,0,0,586
12/09/2020,HNL,HI,AWP,WE,Towers with Radar,277,76,31,38,422,0,58,74,18,150,277,134,105,56,572,0,0,0,572
12/10/2020,HNL,HI,AWP,WE,Towers with Radar,294,61,14,44,413,0,76,101,14,191,294,137,115,58,604,0,0,0,604
12/11/2020,HNL,HI,AWP,WE,Towers with Radar,291,75,8,19,393,0,63,108,2,173,291,138,116,21,566,0,0,0,566
12/12/2020,HNL,HI,AWP,WE,Towers with Radar,248,60,18,18,344,0,103,109,4,216,248,163,127,22,560,0,0,0,560
12/13/2020,HNL,HI,AWP,WE,Towers with Radar,238,54,15,6,313,0,52,96,0,148,238,106,111,6,461,0,0,0,461
12/14/2020,HNL,HI,AWP,WE,Towers with Radar,285,62,22,47,416,0,104,103,5,212,285,166,125,52,628,0,0,0,628
12/15/2020,HNL,HI,AWP,WE,Towers with Radar,259,53,10,36,358,0,97,108,18,223,259,150,118,54,581,0,0,0,581
12/16/2020,HNL,HI,AWP,WE,Towers with Radar,283,62,30,37,412,0,43,72,10,125,283,105,102,47,537,0,0,0,537
12/17/2020,HNL,HI,AWP,WE,Towers with Radar,309,56,22,35,422,0,103,91,2,196,309,159,113,37,618,0,0,0,618
12/18/2020,HNL,HI,AWP,WE,Towers with Radar,322,74,23,21,440,0,71,57,3,131,322,145,80,24,571,0,0,0,571
12/19/2020,HNL,HI,AWP,WE,Towers with Radar,283,50,19,13,365,0,62,71,1,134,283,112,90,14,499,0,0,0,499
12/20/2020,HNL,HI,AWP,WE,Towers with Radar,283,44,22,7,356,0,51,59,1,111,283,95,81,8,467,0,0,0,467
12/21/2020,HNL,HI,AWP,WE,Towers with Radar,318,60,17,18,413,0,124,110,20,254,318,184,127,38,667,0,0,0,667
12/22/2020,HNL,HI,AWP,WE,Towers with Radar,289,70,20,21,400,0,99,111,3,213,289,169,131,24,613,0,0,0,613
12/23/2020,HNL,HI,AWP,WE,Towers with Radar,305,76,20,27,428,0,100,96,5,201,305,176,116,32,629,0,0,0,629
12/24/2020,HNL,HI,AWP,WE,Towers with Radar,283,53,13,7,356,0,107,78,0,185,283,160,91,7,541,0,0,0,541
12/25/2020,HNL,HI,AWP,WE,Towers with Radar,237,36,8,0,281,0,43,14,0,57,237,79,22,0,338,0,0,0,338
12/26/2020,HNL,HI,AWP,WE,Towers with Radar,249,68,20,0,337,0,12,9,0,21,249,80,29,0,358,0,0,0,358
12/27/2020,HNL,HI,AWP,WE,Towers with Radar,241,36,11,2,290,0,166,80,4,250,241,202,91,6,540,0,0,0,540
12/28/2020,HNL,HI,AWP,WE,Towers with Radar,289,62,14,19,384,0,138,111,0,249,289,200,125,19,633,0,0,0,633
12/29/2020,HNL,HI,AWP,WE,Towers with Radar,278,87,15,27,407,0,176,111,10,297,278,263,126,37,704,0,0,0,704
12/30/2020,HNL,HI,AWP,WE,Towers with Radar,304,85,14,22,425,0,169,120,6,295,304,254,134,28,720,0,0,0,720
12/31/2020,HNL,HI,AWP,WE,Towers with Radar,282,60,11,14,367,0,127,74,3,204,282,187,85,17,571,0,0,0,571
01/01/2021,HNL,HI,AWP,WE,Towers with Radar,253,47,13,6,319,0,96,33,2,131,253,143,46,8,450,0,0,0,450
01/02/2021,HNL,HI,AWP,WE,Towers with Radar,245,75,17,6,343,0,104,90,3,197,245,179,107,9,540,0,0,0,540
01/03/2021,HNL,HI,AWP,WE,Towers with Radar,254,62,17,6,339,0,91,57,1,149,254,153,74,7,488,0,0,0,488
01/04/2021,HNL,HI,AWP,WE,Towers with Radar,277,75,12,45,409,0,60,75,25,160,277,135,87,70,569,0,0,0,569
01/05/2021,HNL,HI,AWP,WE,Towers with Radar,264,66,10,65,405,0,96,80,2,178,264,162,90,67,583,0,0,0,583
01/06/2021,HNL,HI,AWP,WE,Towers with Radar,266,76,16,50,408,0,72,76,9,157,266,148,92,59,565,0,0,0,565
01/07/2021,HNL,HI,AWP,WE,Towers with Radar,269,75,22,47,413,0,106,79,7,192,269,181,101,54,605,0,0,0,605
01/08/2021,HNL,HI,AWP,WE,Towers with Radar,274,83,18,35,410,0,88,72,4,164,274,171,90,39,574,0,0,0,574
01/09/2021,HNL,HI,AWP,WE,Towers with Radar,269,57,20,19,365,0,62,105,1,168,269,119,125,20,533,0,0,0,533
01/10/2021,HNL,HI,AWP,WE,Towers with Radar,236,63,10,13,322,0,52,107,0,159,236,115,117,13,481,0,0,0,481
01/11/2021,HNL,HI,AWP,WE,Towers with Radar,251,81,15,17,364,0,111,131,8,250,251,192,146,25,614,0,0,0,614
01/12/2021,HNL,HI,AWP,WE,Towers with Radar,244,69,24,50,387,0,89,81,12,182,244,158,105,62,569,0,0,0,569
01/13/2021,HNL,HI,AWP,WE,Towers with Radar,256,73,12,42,383,0,49,71,8,128,256,122,83,50,511,0,0,0,511
01/14/2021,HNL,HI,AWP,WE,Towers with Radar,273,88,27,43,431,0,71,82,5,158,273,159,109,48,589,0,0,0,589
01/15/2021,HNL,HI,AWP,WE,Towers with Radar,274,89,18,12,393,0,81,105,3,189,274,170,123,15,582,0,0,0,582
01/16/2021,HNL,HI,AWP,WE,Towers with Radar,248,66,21,4,339,0,77,139,3,219,248,143,160,7,558,0,0,0,558
01/17/2021,HNL,HI,AWP,WE,Towers with Radar,228,60,20,7,315,0,51,92,0,143,228,111,112,7,458,0,0,0,458
01/18/2021,HNL,HI,AWP,WE,Towers with Radar,241,101,27,6,375,0,15,6,0,21,241,116,33,6,396,0,0,0,396
01/19/2021,HNL,HI,AWP,WE,Towers with Radar,239,91,20,42,392,0,73,37,7,117,239,164,57,49,509,0,0,0,509
01/20/2021,HNL,HI,AWP,WE,Towers with Radar,251,79,11,37,378,0,88,72,10,170,251,167,83,47,548,0,0,0,548
01/21/2021,HNL,HI,AWP,WE,Towers with Radar,258,65,20,34,377,0,84,73,15,172,258,149,93,49,549,0,0,0,549
01/22/2021,HNL,HI,AWP,WE,Towers with Radar,256,79,19,30,384,0,68,57,8,133,256,147,76,38,517,0,0,0,517
01/23/2021,HNL,HI,AWP,WE,Towers with Radar,236,49,23,5,313,0,74,71,3,148,236,123,94,8,461,0,0,0,461
01/24/2021,HNL,HI,AWP,WE,Towers with Radar,209,50,20,17,296,0,43,80,2,125,209,93,100,19,421,0,0,0,421
01/25/2021,HNL,HI,AWP,WE,Towers with Radar,240,93,22,11,366,0,35,29,14,78,240,128,51,25,444,0,0,0,444
01/26/2021,HNL,HI,AWP,WE,Towers with Radar,236,76,33,44,389,0,56,62,6,124,236,132,95,50,513,0,0,0,513
01/27/2021,HNL,HI,AWP,WE,Towers with Radar,238,72,22,39,371,0,89,59,10,158,238,161,81,49,529,0,0,0,529
01/28/2021,HNL,HI,AWP,WE,Towers with Radar,256,86,22,30,394,0,68,43,13,124,256,154,65,43,518,0,0,0,518
01/29/2021,HNL,HI,AWP,WE,Towers with Radar,250,93,27,38,408,0,43,93,3,139,250,136,120,41,547,0,0,0,547
01/30/2021,HNL,HI,AWP,WE,Towers with Radar,230,76,23,14,343,0,51,97,4,152,230,127,120,18,495,0,0,0,495
01/31/2021,HNL,HI,AWP,WE,Towers with Radar,213,47,20,11,291,0,37,86,4,127,213,84,106,15,418,0,0,0,418
02/01/2021,HNL,HI,AWP,WE,Towers with Radar,227,104,28,32,391,0,51,82,15,148,227,155,110,47,539,0,0,0,539
02/02/2021,HNL,HI,AWP,WE,Towers with Radar,234,74,28,39,375,0,73,53,7,133,234,147,81,46,508,0,0,0,508
02/03/2021,HNL,HI,AWP,WE,Towers with Radar,224,96,10,16,346,0,21,12,2,35,224,117,22,18,381,0,0,0,381
02/04/2021,HNL,HI,AWP,WE,Towers with Radar,256,93,17,33,399,0,117,89,15,221,256,210,106,48,620,0,0,0,620
02/05/2021,HNL,HI,AWP,WE,Towers with Radar,267,86,11,16,380,0,118,83,4,205,267,204,94,20,585,0,0,0,585
02/06/2021,HNL,HI,AWP,WE,Towers with Radar,223,64,15,13,315,0,77,138,4,219,223,141,153,17,534,0,0,0,534
02/07/2021,HNL,HI,AWP,WE,Towers with Radar,217,52,24,10,303,0,40,104,4,148,217,92,128,14,451,0,0,0,451
02/08/2021,HNL,HI,AWP,WE,Towers with Radar,236,103,15,20,374,0,85,71,6,162,236,188,86,26,536,0,0,0,536
02/09/2021,HNL,HI,AWP,WE,Towers with Radar,226,82,16,54,378,0,115,116,9,240,226,197,132,63,618,0,0,0,618
02/10/2021,HNL,HI,AWP,WE,Towers with Radar,241,94,27,55,417,0,101,105,11,217,241,195,132,66,634,0,0,0,634
02/11/2021,HNL,HI,AWP,WE,Towers with Radar,251,97,23,52,423,0,110,89,9,208,251,207,112,61,631,0,0,0,631
02/12/2021,HNL,HI,AWP,WE,Towers with Radar,262,102,20,22,406,0,136,92,3,231,262,238,112,25,637,0,0,0,637
02/13/2021,HNL,HI,AWP,WE,Towers with Radar,233,95,27,10,365,0,118,97,6,221,233,213,124,16,586,0,0,0,586
02/14/2021,HNL,HI,AWP,WE,Towers with Radar,214,68,19,11,312,0,100,67,0,167,214,168,86,11,479,0,0,0,479
02/15/2021,HNL,HI,AWP,WE,Towers with Radar,234,116,18,12,380,0,116,90,2,208,234,232,108,14,588,0,0,0,588
02/16/2021,HNL,HI,AWP,WE,Towers with Radar,232,81,15,42,370,0,134,85,7,226,232,215,100,49,596,0,0,0,596
02/17/2021,HNL,HI,AWP,WE,Towers with Radar,248,89,11,34,382,0,99,83,3,185,248,188,94,37,567,0,0,0,567
02/18/2021,HNL,HI,AWP,WE,Towers with Radar,278,116,14,35,443,0,72,68,5,145,278,188,82,40,588,0,0,0,588
02/19/2021,HNL,HI,AWP,WE,Towers with Radar,264,115,24,42,445,0,77,66,9,152,264,192,90,51,597,0,0,0,597
02/20/2021,HNL,HI,AWP,WE,Towers with Radar,227,94,14,46,381,0,83,117,0,200,227,177,131,46,581,0,0,0,581
02/21/2021,HNL,HI,AWP,WE,Towers with Radar,215,87,20,25,347,0,48,60,1,109,215,135,80,26,456,0,0,0,456
02/22/2021,HNL,HI,AWP,WE,Towers with Radar,245,98,18,24,385,0,151,107,1,259,245,249,125,25,644,0,0,0,644
02/23/2021,HNL,HI,AWP,WE,Towers with Radar,245,90,13,62,410,0,92,98,41,231,245,182,111,103,641,0,0,0,641
02/24/2021,HNL,HI,AWP,WE,Towers with Radar,251,83,23,86,443,0,96,78,9,183,251,179,101,95,626,0,0,0,626
02/25/2021,HNL,HI,AWP,WE,Towers with Radar,285,99,14,57,455,0,85,75,11,171,285,184,89,68,626,0,0,0,626
02/26/2021,HNL,HI,AWP,WE,Towers with Radar,259,98,10,44,411,0,111,73,3,187,259,209,83,47,598,0,0,0,598
02/27/2021,HNL,HI,AWP,WE,Towers with Radar,247,88,28,16,379,0,77,52,1,130,247,165,80,17,509,0,0,0,509
02/28/2021,HNL,HI,AWP,WE,Towers with Radar,211,92,12,8,323,0,49,75,4,128,211,141,87,12,451,0,0,0,451
03/01/2021,HNL,HI,AWP,WE,Towers with Radar,242,93,18,52,405,0,95,24,1,120,242,188,42,53,525,0,0,0,525
03/02/2021,HNL,HI,AWP,WE,Towers with Radar,258,96,8,49,411,0,69,44,2,115,258,165,52,51,526,0,0,0,526
03/03/2021,HNL,HI,AWP,WE,Towers with Radar,259,86,19,60,424,0,133,101,3,237,259,219,120,63,661,0,0,0,661
03/04/2021,HNL,HI,AWP,WE,Towers with Radar,274,84,27,62,447,0,131,115,13,259,274,215,142,75,706,0,0,0,706
03/05/2021,HNL,HI,AWP,WE,Towers with Radar,265,119,23,45,452,0,69,51,8,128,265,188,74,53,580,0,0,0,580
03/06/2021,HNL,HI,AWP,WE,Towers with Radar,256,82,19,12,369,0,138,178,2,318,256,220,197,14,687,1,0,1,688
03/07/2021,HNL,HI,AWP,WE,Towers with Radar,231,63,10,14,318,0,101,171,2,274,231,164,181,16,592,0,0,0,592
03/08/2021,HNL,HI,AWP,WE,Towers with Radar,268,111,17,15,411,0,71,73,2,146,268,182,90,17,557,0,0,0,557
03/09/2021,HNL,HI,AWP,WE,Towers with Radar,262,97,15,26,400,0,39,16,5,60,262,136,31,31,460,0,0,0,460
03/10/2021,HNL,HI,AWP,WE,Towers with Radar,264,98,10,45,417,0,97,84,7,188,264,195,94,52,605,0,0,0,605
03/11/2021,HNL,HI,AWP,WE,Towers with Radar,296,110,27,42,475,0,107,61,4,172,296,217,88,46,647,0,0,0,647
03/12/2021,HNL,HI,AWP,WE,Towers with Radar,289,129,15,48,481,0,73,27,14,114,289,202,42,62,595,0,0,0,595
03/13/2021,HNL,HI,AWP,WE,Towers with Radar,249,109,27,32,417,0,74,84,1,159,249,183,111,33,576,0,0,0,576
03/14/2021,HNL,HI,AWP,WE,Towers with Radar,243,67,12,27,349,0,129,112,1,242,243,196,124,28,591,0,0,0,591
03/15/2021,HNL,HI,AWP,WE,Towers with Radar,282,129,26,9,446,0,80,68,6,154,282,209,94,15,600,0,0,0,600
03/16/2021,HNL,HI,AWP,WE,Towers with Radar,284,104,30,23,441,0,31,45,0,76,284,135,75,23,517,0,0,0,517
03/17/2021,HNL,HI,AWP,WE,Towers with Radar,281,103,18,29,431,0,144,74,4,222,281,247,92,33,653,0,0,0,653
03/18/2021,HNL,HI,AWP,WE,Towers with Radar,303,134,14,34,485,0,33,29,7,69,303,167,43,41,554,0,0,0,554
03/19/2021,HNL,HI,AWP,WE,Towers with Radar,302,112,19,31,464,0,199,109,5,313,302,311,128,36,777,0,0,0,777
03/20/2021,HNL,HI,AWP,WE,Towers with Radar,283,114,24,11,432,0,91,81,0,172,283,205,105,11,604,0,0,0,604
03/21/2021,HNL,HI,AWP,WE,Towers with Radar,254,92,19,10,375,0,60,48,2,110,254,152,67,12,485,0,0,0,485
03/22/2021,HNL,HI,AWP,WE,Towers with Radar,277,102,21,29,429,0,161,130,0,291,277,263,151,29,720,0,0,0,720
03/23/2021,HNL,HI,AWP,WE,Towers with Radar,289,103,25,15,432,0,126,85,4,215,289,229,110,19,647,0,0,0,647
03/24/2021,HNL,HI,AWP,WE,Towers with Radar,279,125,26,32,462,0,66,40,1,107,279,191,66,33,569,0,0,0,569
03/25/2021,HNL,HI,AWP,WE,Towers with Radar,311,138,42,30,521,0,98,68,2,168,311,236,110,32,689,0,0,0,689
03/26/2021,HNL,HI,AWP,WE,Towers with Radar,299,112,28,34,473,0,192,173,8,373,299,304,201,42,846,0,0,0,846
03/27/2021,HNL,HI,AWP,WE,Towers with Radar,284,105,12,21,422,0,127,144,1,272,284,232,156,22,694,0,0,0,694
03/28/2021,HNL,HI,AWP,WE,Towers with Radar,260,97,29,7,393,0,116,110,3,229,260,213,139,10,622,0,0,0,622
03/29/2021,HNL,HI,AWP,WE,Towers with Radar,280,107,21,18,426,0,168,105,3,276,280,275,126,21,702,0,0,0,702
03/30/2021,HNL,HI,AWP,WE,Towers with Radar,280,111,33,24,448,0,191,102,2,295,280,302,135,26,743,0,0,0,743
03/31/2021,HNL,HI,AWP,WE,Towers with Radar,282,92,9,41,424,0,144,106,1,251,282,236,115,42,675,0,0,0,675
04/01/2021,HNL,HI,AWP,WE,Towers with Radar,303,113,17,42,475,0,156,93,0,249,303,269,110,42,724,0,0,0,724
04/02/2021,HNL,HI,AWP,WE,Towers with Radar,311,105,24,17,457,0,172,134,6,312,311,277,158,23,769,0,0,0,769
04/03/2021,HNL,HI,AWP,WE,Towers with Radar,283,111,20,19,433,0,129,126,1,256,283,240,146,20,689,0,0,0,689
04/04/2021,HNL,HI,AWP,WE,Towers with Radar,249,93,18,15,375,0,75,71,0,146,249,168,89,15,521,0,0,0,521
04/05/2021,HNL,HI,AWP,WE,Towers with Radar,292,120,18,16,446,0,159,86,0,245,292,279,104,16,691,0,0,0,691
04/06/2021,HNL,HI,AWP,WE,Towers with Radar,285,92,27,39,443,0,166,77,4,247,285,258,104,43,690,0,0,0,690
04/07/2021,HNL,HI,AWP,WE,Towers with Radar,308,101,22,43,474,0,133,96,0,229,308,234,118,43,703,0,0,0,703
04/08/2021,HNL,HI,AWP,WE,Towers with Radar,320,117,24,45,506,0,168,130,8,306,320,285,154,53,812,0,0,0,812
04/09/2021,HNL,HI,AWP,WE,Towers with Radar,352,124,30,35,541,0,182,119,1,302,352,306,149,36,843,0,0,0,843
04/10/2021,HNL,HI,AWP,WE,Towers with Radar,294,117,29,43,483,0,120,111,1,232,294,237,140,44,715,0,0,0,715
04/11/2021,HNL,HI,AWP,WE,Towers with Radar,284,96,22,15,417,0,72,68,2,142,284,168,90,17,559,0,0,0,559
04/12/2021,HNL,HI,AWP,WE,Towers with Radar,320,107,26,12,465,0,146,133,0,279,320,253,159,12,744,0,0,0,744
04/13/2021,HNL,HI,AWP,WE,Towers with Radar,286,107,24,25,442,0,133,99,7,239,286,240,123,32,681,0,0,0,681
04/14/2021,HNL,HI,AWP,WE,Towers with Radar,324,82,19,38,463,0,150,115,10,275,324,232,134,48,738,0,0,0,738
04/15/2021,HNL,HI,AWP,WE,Towers with Radar,321,95,17,46,479,0,160,100,14,274,321,255,117,60,753,0,0,0,753
04/16/2021,HNL,HI,AWP,WE,Towers with Radar,344,107,24,20,495,0,162,120,19,301,344,269,144,39,796,0,0,0,796
04/17/2021,HNL,HI,AWP,WE,Towers with Radar,299,92,23,18,432,0,108,105,3,216,299,200,128,21,648,0,0,0,648
04/18/2021,HNL,HI,AWP,WE,Towers with Radar,281,111,12,15,419,0,138,138,1,277,281,249,150,16,696,0,0,0,696
04/19/2021,HNL,HI,AWP,WE,Towers with Radar,319,86,15,36,456,0,136,117,3,256,319,222,132,39,712,0,0,0,712
04/20/2021,HNL,HI,AWP,WE,Towers with Radar,304,82,27,23,436,0,133,78,4,215,304,215,105,27,651,0,0,0,651
04/21/2021,HNL,HI,AWP,WE,Towers with Radar,301,86,19,38,444,0,109,95,6,210,301,195,114,44,654,0,0,0,654
04/22/2021,HNL,HI,AWP,WE,Towers with Radar,337,81,17,30,465,0,165,98,13,276,337,246,115,43,741,0,0,0,741
04/23/2021,HNL,HI,AWP,WE,Towers with Radar,327,92,24,39,482,0,183,104,8,295,327,275,128,47,777,0,0,0,777
04/24/2021,HNL,HI,AWP,WE,Towers with Radar,305,80,18,4,407,4,117,83,3,207,309,197,101,7,614,0,0,0,614
04/25/2021,HNL,HI,AWP,WE,Towers with Radar,284,70,7,13,374,0,112,132,2,246,284,182,139,15,620,0,0,0,620
04/26/2021,HNL,HI,AWP,WE,Towers with Radar,302,87,10,14,413,0,152,82,7,241,302,239,92,21,654,0,0,0,654
04/27/2021,HNL,HI,AWP,WE,Towers with Radar,322,105,31,55,513,13,104,72,8,197,335,209,103,63,710,0,0,0,710
04/28/2021,HNL,HI,AWP,WE,Towers with Radar,315,94,30,37,476,0,89,73,7,169,315,183,103,44,645,0,0,0,645
04/29/2021,HNL,HI,AWP,WE,Towers with Radar,335,91,25,53,504,0,178,79,21,278,335,269,104,74,782,0,1,1,783
04/30/2021,HNL,HI,AWP,WE,Towers with Radar,337,125,26,35,523,0,141,126,4,271,337,266,152,39,794,0,0,0,794
05/01/2021,HNL,HI,AWP,WE,Towers with Radar,301,84,22,27,434,0,137,127,5,269,301,221,149,32,703,0,0,0,703
05/02/2021,HNL,HI,AWP,WE,Towers with Radar,291,66,19,20,396,0,131,138,3,272,291,197,157,23,668,0,0,0,668
05/03/2021,HNL,HI,AWP,WE,Towers with Radar,316,109,21,22,468,0,142,110,4,256,316,251,131,26,724,0,0,0,724
05/04/2021,HNL,HI,AWP,WE,Towers with Radar,304,103,25,27,459,0,99,82,5,186,304,202,107,32,645,0,0,0,645
05/05/2021,HNL,HI,AWP,WE,Towers with Radar,308,107,10,39,464,0,132,90,10,232,308,239,100,49,696,0,0,0,696
05/06/2021,HNL,HI,AWP,WE,Towers with Radar,334,98,21,34,487,0,179,77,15,271,334,277,98,49,758,0,0,0,758
05/07/2021,HNL,HI,AWP,WE,Towers with Radar,341,119,29,20,509,0,162,81,5,248,341,281,110,25,757,0,0,0,757
05/08/2021,HNL,HI,AWP,WE,Towers with Radar,300,70,10,14,394,0,106,122,3,231,300,176,132,17,625,0,0,0,625
05/09/2021,HNL,HI,AWP,WE,Towers with Radar,293,70,12,5,380,0,115,107,2,224,293,185,119,7,604,0,0,0,604
05/10/2021,HNL,HI,AWP,WE,Towers with Radar,339,115,24,55,533,0,227,120,21,368,339,342,144,76,901,0,0,0,901
05/11/2021,HNL,HI,AWP,WE,Towers with Radar,320,99,19,41,479,0,177,103,3,283,320,276,122,44,762,0,0,0,762
05/12/2021,HNL,HI,AWP,WE,Towers with Radar,323,90,9,38,460,0,152,124,12,288,323,242,133,50,748,0,0,0,748
05/13/2021,HNL,HI,AWP,WE,Towers with Radar,332,96,17,32,477,0,182,80,8,270,332,278,97,40,747,0,0,0,747
05/14/2021,HNL,HI,AWP,WE,Towers with Radar,337,117,16,24,494,0,206,112,4,322,337,323,128,28,816,0,0,0,816
05/15/2021,HNL,HI,AWP,WE,Towers with Radar,313,85,18,15,431,0,90,91,0,181,313,175,109,15,612,0,0,0,612
05/16/2021,HNL,HI,AWP,WE,Towers with Radar,298,76,9,10,393,0,82,103,1,186,298,158,112,11,579,0,0,0,579
05/17/2021,HNL,HI,AWP,WE,Towers with Radar,326,96,10,13,445,0,133,100,1,234,326,229,110,14,679,0,0,0,679
05/18/2021,HNL,HI,AWP,WE,Towers with Radar,343,86,24,54,507,0,170,73,8,251,343,256,97,62,758,0,0,0,758
05/19/2021,HNL,HI,AWP,WE,Towers with Radar,313,95,13,47,468,0,158,100,19,277,313,253,113,66,745,0,0,0,745
05/20/2021,HNL,HI,AWP,WE,Towers with Radar,327,100,25,31,483,0,167,97,10,274,327,267,122,41,757,0,0,0,757
05/21/2021,HNL,HI,AWP,WE,Towers with Radar,357,103,44,25,529,0,200,117,12,329,357,303,161,37,858,0,0,0,858
05/22/2021,HNL,HI,AWP,WE,Towers with Radar,316,72,16,7,411,0,171,117,7,295,316,243,133,14,706,0,0,0,706
05/23/2021,HNL,HI,AWP,WE,Towers with Radar,295,75,16,13,399,0,126,111,7,244,295,201,127,20,643,0,0,0,643
05/24/2021,HNL,HI,AWP,WE,Towers with Radar,341,118,23,43,525,0,198,122,11,331,341,316,145,54,856,0,0,0,856
05/25/2021,HNL,HI,AWP,WE,Towers with Radar,336,89,33,35,493,0,206,111,2,319,336,295,144,37,812,0,0,0,812
05/26/2021,HNL,HI,AWP,WE,Towers with Radar,326,87,17,49,479,0,161,106,11,278,326,248,123,60,757,0,0,0,757
05/27/2021,HNL,HI,AWP,WE,Towers with Radar,351,97,21,37,506,0,262,152,8,422,351,359,173,45,928,0,0,0,928
05/28/2021,HNL,HI,AWP,WE,Towers with Radar,366,97,24,7,494,0,203,134,4,341,366,300,158,11,835,0,0,0,835
05/29/2021,HNL,HI,AWP,WE,Towers with Radar,308,85,20,16,429,0,147,127,1,275,308,232,147,17,704,0,0,0,704
05/30/2021,HNL,HI,AWP,WE,Towers with Radar,294,81,9,7,391,0,127,87,2,216,294,208,96,9,607,0,0,0,607
05/31/2021,HNL,HI,AWP,WE,Towers with Radar,331,81,13,11,436,0,240,129,2,371,331,321,142,13,807,0,0,0,807
06/01/2021,HNL,HI,AWP,WE,Towers with Radar,368,117,14,50,549,0,192,133,2,327,368,309,147,52,876,0,0,0,876
06/02/2021,HNL,HI,AWP,WE,Towers with Radar,365,82,19,44,510,0,182,121,4,307,365,264,140,48,817,0,0,0,817
06/03/2021,HNL,HI,AWP,WE,Towers with Radar,407,114,25,24,570,0,224,93,10,327,407,338,118,34,897,0,0,0,897
06/04/2021,HNL,HI,AWP,WE,Towers with Radar,395,117,28,35,575,0,206,101,6,313,395,323,129,41,888,0,0,0,888
06/05/2021,HNL,HI,AWP,WE,Towers with Radar,341,91,16,31,479,0,136,117,0,253,341,227,133,31,732,0,0,0,732
06/06/2021,HNL,HI,AWP,WE,Towers with Radar,350,102,19,8,479,0,119,80,2,201,350,221,99,10,680,0,0,0,680
06/07/2021,HNL,HI,AWP,WE,Towers with Radar,393,105,18,22,538,0,185,120,3,308,393,290,138,25,846,0,0,0,846
06/08/2021,HNL,HI,AWP,WE,Towers with Radar,387,94,13,36,530,0,191,111,11,313,387,285,124,47,843,0,0,0,843
06/09/2021,HNL,HI,AWP,WE,Towers with Radar,391,110,19,31,551,0,172,104,8,284,391,282,123,39,835,0,0,0,835
06/10/2021,HNL,HI,AWP,WE,Towers with Radar,421,95,29,45,590,0,224,93,7,324,421,319,122,52,914,0,0,0,914
06/11/2021,HNL,HI,AWP,WE,Towers with Radar,409,119,27,28,583,0,136,86,0,222,409,255,113,28,805,0,0,0,805
06/12/2021,HNL,HI,AWP,WE,Towers with Radar,356,82,14,31,483,0,135,95,4,234,356,217,109,35,717,0,0,0,717
06/13/2021,HNL,HI,AWP,WE,Towers with Radar,356,84,10,22,472,0,99,89,3,191,356,183,99,25,663,0,0,0,663
06/14/2021,HNL,HI,AWP,WE,Towers with Radar,393,101,22,47,563,0,222,111,2,335,393,323,133,49,898,0,0,0,898
06/15/2021,HNL,HI,AWP,WE,Towers with Radar,373,84,22,47,526,0,189,164,6,359,373,273,186,53,885,2,0,2,887
06/16/2021,HNL,HI,AWP,WE,Towers with Radar,385,97,29,51,562,0,179,129,1,309,385,276,158,52,871,0,0,0,871
06/17/2021,HNL,HI,AWP,WE,Towers with Radar,435,115,31,78,659,0,222,138,13,373,435,337,169,91,1032,0,0,0,1032
06/18/2021,HNL,HI,AWP,WE,Towers with Radar,392,102,23,35,552,0,213,156,1,370,392,315,179,36,922,0,0,0,922
06/19/2021,HNL,HI,AWP,WE,Towers with Radar,371,108,25,26,530,0,162,89,2,253,371,270,114,28,783,0,0,0,783
06/20/2021,HNL,HI,AWP,WE,Towers with Radar,368,86,21,31,506,0,108,87,3,198,368,194,108,34,704,0,0,0,704
06/21/2021,HNL,HI,AWP,WE,Towers with Radar,384,127,17,63,591,0,192,134,1,327,384,319,151,64,918,0,0,0,918
06/22/2021,HNL,HI,AWP,WE,Towers with Radar,387,118,32,52,589,0,237,126,10,373,387,355,158,62,962,0,0,0,962
06/23/2021,HNL,HI,AWP,WE,Towers with Radar,399,117,25,62,603,0,210,176,17,403,399,327,201,79,1006,0,0,0,1006
06/24/2021,HNL,HI,AWP,WE,Towers with Radar,417,101,18,43,579,0,218,143,6,367,417,319,161,49,946,0,0,0,946
06/25/2021,HNL,HI,AWP,WE,Towers with Radar,410,99,22,48,579,0,231,117,1,349,410,330,139,49,928,0,0,0,928
06/26/2021,HNL,HI,AWP,WE,Towers with Radar,366,88,15,27,496,0,171,112,0,283,366,259,127,27,779,0,0,0,779
06/27/2021,HNL,HI,AWP,WE,Towers with Radar,378,79,15,30,502,0,119,152,0,271,378,198,167,30,773,0,0,0,773
06/28/2021,HNL,HI,AWP,WE,Towers with Radar,413,112,14,56,595,0,239,131,4,374,413,351,145,60,969,0,0,0,969
06/29/2021,HNL,HI,AWP,WE,Towers with Radar,419,82,17,68,586,0,256,134,12,402,419,338,151,80,988,0,0,0,988
06/30/2021,HNL,HI,AWP,WE,Towers with Radar,401,100,16,62,579,0,226,116,18,360,401,326,132,80,939,0,0,0,939
07/01/2021,HNL,HI,AWP,WE,Towers with Radar,416,126,23,65,630,0,170,115,3,288,416,296,138,68,918,0,0,0,918
07/02/2021,HNL,HI,AWP,WE,Towers with Radar,409,152,25,36,622,0,164,83,7,254,409,316,108,43,876,0,0,0,876
07/03/2021,HNL,HI,AWP,WE,Towers with Radar,349,116,19,17,501,0,98,82,1,181,349,214,101,18,682,0,0,0,682
07/04/2021,HNL,HI,AWP,WE,Towers with Radar,325,92,18,14,449,0,82,90,1,173,325,174,108,15,622,0,0,0,622
07/05/2021,HNL,HI,AWP,WE,Towers with Radar,365,105,14,13,497,0,208,149,2,359,365,313,163,15,856,0,0,0,856
07/06/2021,HNL,HI,AWP,WE,Towers with Radar,401,128,34,42,605,0,235,115,5,355,401,363,149,47,960,0,0,0,960
07/07/2021,HNL,HI,AWP,WE,Towers with Radar,410,120,30,44,604,0,207,143,9,359,410,327,173,53,963,3,0,3,966
07/08/2021,HNL,HI,AWP,WE,Towers with Radar,410,122,21,40,593,0,226,120,9,355,410,348,141,49,948,0,0,0,948
07/09/2021,HNL,HI,AWP,WE,Towers with Radar,402,125,24,33,584,0,169,110,0,279,402,294,134,33,863,0,0,0,863
07/10/2021,HNL,HI,AWP,WE,Towers with Radar,370,84,33,44,531,0,169,140,1,310,370,253,173,45,841,0,0,0,841
07/11/2021,HNL,HI,AWP,WE,Towers with Radar,357,99,17,26,499,0,121,135,2,258,357,220,152,28,757,0,0,0,757
07/12/2021,HNL,HI,AWP,WE,Towers with Radar,390,127,31,26,574,0,208,120,3,331,390,335,151,29,905,0,0,0,905
07/13/2021,HNL,HI,AWP,WE,Towers with Radar,404,104,21,37,566,0,222,149,11,382,404,326,170,48,948,0,0,0,948
07/14/2021,HNL,HI,AWP,WE,Towers with Radar,416,140,27,27,610,0,167,112,1,280,416,307,139,28,890,0,0,0,890
07/15/2021,HNL,HI,AWP,WE,Towers with Radar,431,135,29,39,634,0,251,161,4,416,431,386,190,43,1050,0,0,0,1050
07/16/2021,HNL,HI,AWP,WE,Towers with Radar,404,139,20,29,592,0,160,88,0,248,404,299,108,29,840,0,0,0,840
07/17/2021,HNL,HI,AWP,WE,Towers with Radar,372,118,18,13,521,0,168,107,0,275,372,286,125,13,796,0,0,0,796
07/18/2021,HNL,HI,AWP,WE,Towers with Radar,356,113,24,13,506,0,116,128,4,248,356,229,152,17,754,0,0,0,754
07/19/2021,HNL,HI,AWP,WE,Towers with Radar,407,135,45,24,611,0,210,118,12,340,407,345,163,36,951,0,0,0,951
07/20/2021,HNL,HI,AWP,WE,Towers with Radar,386,117,20,46,569,0,198,96,14,308,386,315,116,60,877,0,0,0,877
07/21/2021,HNL,HI,AWP,WE,Towers with Radar,401,150,23,34,608,0,200,67,3,270,401,350,90,37,878,0,0,0,878
07/22/2021,HNL,HI,AWP,WE,Towers with Radar,427,134,21,35,617,0,222,133,11,366,427,356,154,46,983,0,0,0,983
07/23/2021,HNL,HI,AWP,WE,Towers with Radar,408,134,21,27,590,0,192,93,4,289,408,326,114,31,879,0,0,0,879
07/24/2021,HNL,HI,AWP,WE,Towers with Radar,379,115,30,28,552,0,161,124,0,285,379,276,154,28,837,0,0,0,837
07/25/2021,HNL,HI,AWP,WE,Towers with Radar,352,112,14,12,490,0,136,106,3,245,352,248,120,15,735,0,0,0,735
07/26/2021,HNL,HI,AWP,WE,Towers with Radar,377,112,20,34,543,0,238,114,4,356,377,350,134,38,899,2,0,2,901
07/27/2021,HNL,HI,AWP,WE,Towers with Radar,399,119,12,36,566,0,210,135,19,364,399,329,147,55,930,0,0,0,930
07/28/2021,HNL,HI,AWP,WE,Towers with Radar,395,134,34,32,595,0,241,128,19,388,395,375,162,51,983,0,0,0,983
07/29/2021,HNL,HI,AWP,WE,Towers with Radar,419,133,23,35,610,0,249,83,6,338,419,382,106,41,948,0,0,0,948
07/30/2021,HNL,HI,AWP,WE,Towers with Radar,410,112,25,34,581,0,232,106,3,341,410,344,131,37,922,0,0,0,922
07/31/2021,HNL,HI,AWP,WE,Towers with Radar,362,115,21,16,514,0,173,122,6,301,362,288,143,22,815,0,0,0,815
08/01/2021,HNL,HI,AWP,WE,Towers with Radar,378,104,27,8,517,0,138,98,2,238,378,242,125,10,755,0,0,0,755
08/02/2021,HNL,HI,AWP,WE,Towers with Radar,407,123,12,22,564,0,222,81,8,311,407,345,93,30,875,0,0,0,875
08/03/2021,HNL,HI,AWP,WE,Towers with Radar,408,118,22,23,571,0,207,94,15,316,408,325,116,38,887,0,0,0,887
08/04/2021,HNL,HI,AWP,WE,Towers with Radar,412,138,23,10,583,0,174,106,7,287,412,312,129,17,870,0,0,0,870
08/05/2021,HNL,HI,AWP,WE,Towers with Radar,432,117,29,31,609,0,183,91,5,279,432,300,120,36,888,0,0,0,888
08/06/2021,HNL,HI,AWP,WE,Towers with Radar,431,119,22,34,606,0,181,77,5,263,431,300,99,39,869,0,0,0,869
08/07/2021,HNL,HI,AWP,WE,Towers with Radar,388,103,10,27,528,0,182,96,3,281,388,285,106,30,809,0,0,0,809
08/08/2021,HNL,HI,AWP,WE,Towers with Radar,377,96,16,46,535,0,131,100,3,234,377,227,116,49,769,0,0,0,769
08/09/2021,HNL,HI,AWP,WE,Towers with Radar,412,123,20,30,585,0,253,163,24,440,412,376,183,54,1025,0,0,0,1025
08/10/2021,HNL,HI,AWP,WE,Towers with Radar,421,118,27,41,607,0,217,129,10,356,421,335,156,51,963,0,0,0,963
08/11/2021,HNL,HI,AWP,WE,Towers with Radar,418,100,18,81,617,0,197,123,6,326,418,297,141,87,943,0,0,0,943
08/12/2021,HNL,HI,AWP,WE,Towers with Radar,445,106,21,86,658,0,228,118,17,363,445,334,139,103,1021,0,0,0,1021
08/13/2021,HNL,HI,AWP,WE,Towers with Radar,420,129,29,65,643,0,208,130,3,341,420,337,159,68,984,0,0,0,984
08/14/2021,HNL,HI,AWP,WE,Towers with Radar,388,101,18,25,532,0,173,137,5,315,388,274,155,30,847,0,0,0,847
08/15/2021,HNL,HI,AWP,WE,Towers with Radar,371,100,12,29,512,0,127,123,7,257,371,227,135,36,769,0,0,0,769
08/16/2021,HNL,HI,AWP,WE,Towers with Radar,407,133,21,78,639,0,278,145,10,433,407,411,166,88,1072,0,0,0,1072
08/17/2021,HNL,HI,AWP,WE,Towers with Radar,402,108,17,71,598,0,212,114,7,333,402,320,131,78,931,0,0,0,931
08/18/2021,HNL,HI,AWP,WE,Towers with Radar,395,108,14,70,587,0,227,107,8,342,395,335,121,78,929,0,0,0,929
08/19/2021,HNL,HI,AWP,WE,Towers with Radar,423,134,18,59,634,0,190,109,9,308,423,324,127,68,942,0,0,0,942
08/20/2021,HNL,HI,AWP,WE,Towers with Radar,402,124,21,49,596,0,224,145,0,369,402,348,166,49,965,0,0,0,965
08/21/2021,HNL,HI,AWP,WE,Towers with Radar,382,105,28,13,528,0,157,109,5,271,382,262,137,18,799,0,0,0,799
08/22/2021,HNL,HI,AWP,WE,Towers with Radar,371,98,14,6,489,0,132,88,2,222,371,230,102,8,711,0,0,0,711
08/23/2021,HNL,HI,AWP,WE,Towers with Radar,397,159,23,22,601,0,36,9,0,45,397,195,32,22,646,0,0,0,646
08/24/2021,HNL,HI,AWP,WE,Towers with Radar,384,107,30,61,582,0,197,101,9,307,384,304,131,70,889,2,0,2,891
08/25/2021,HNL,HI,AWP,WE,Towers with Radar,385,112,21,59,577,0,197,100,8,305,385,309,121,67,882,0,0,0,882
08/26/2021,HNL,HI,AWP,WE,Towers with Radar,415,117,30,58,620,0,197,102,0,299,415,314,132,58,919,0,2,2,921
08/27/2021,HNL,HI,AWP,WE,Towers with Radar,419,110,30,52,611,0,191,114,8,313,419,301,144,60,924,0,0,0,924
08/28/2021,HNL,HI,AWP,WE,Towers with Radar,374,101,35,21,531,0,203,145,2,350,374,304,180,23,881,0,0,0,881
08/29/2021,HNL,HI,AWP,WE,Towers with Radar,361,93,25,14,493,0,119,125,1,245,361,212,150,15,738,0,0,0,738
08/30/2021,HNL,HI,AWP,WE,Towers with Radar,388,103,20,49,560,0,221,141,5,367,388,324,161,54,927,0,0,0,927
08/31/2021,HNL,HI,AWP,WE,Towers with Radar,394,92,25,39,550,0,214,120,14,348,394,306,145,53,898,0,0,0,898
09/01/2021,HNL,HI,AWP,WE,Towers with Radar,403,95,27,41,566,0,151,102,3,256,403,246,129,44,822,0,0,0,822
09/02/2021,HNL,HI,AWP,WE,Towers with Radar,418,106,37,50,611,0,153,104,11,268,418,259,141,61,879,0,0,0,879
09/03/2021,HNL,HI,AWP,WE,Towers with Radar,437,113,24,18,592,0,203,84,3,290,437,316,108,21,882,0,0,0,882
09/04/2021,HNL,HI,AWP,WE,Towers with Radar,393,94,15,10,512,0,140,101,4,245,393,234,116,14,757,0,0,0,757
09/05/2021,HNL,HI,AWP,WE,Towers with Radar,359,65,10,10,444,0,126,130,4,260,359,191,140,14,704,0,0,0,704
09/06/2021,HNL,HI,AWP,WE,Towers with Radar,396,84,16,15,511,0,222,133,4,359,396,306,149,19,870,0,0,0,870
09/07/2021,HNL,HI,AWP,WE,Towers with Radar,374,92,19,47,532,0,229,150,8,387,374,321,169,55,919,0,0,0,919
09/08/2021,HNL,HI,AWP,WE,Towers with Radar,371,108,23,44,546,0,180,113,11,304,371,288,136,55,850,0,0,0,850
09/09/2021,HNL,HI,AWP,WE,Towers with Radar,397,109,25,36,567,0,203,132,13,348,397,312,157,49,915,0,0,0,915
09/10/2021,HNL,HI,AWP,WE,Towers with Radar,404,102,25,49,580,0,159,123,11,293,404,261,148,60,873,0,0,0,873
09/11/2021,HNL,HI,AWP,WE,Towers with Radar,353,95,19,41,508,0,200,125,11,336,353,295,144,52,844,0,0,0,844
09/12/2021,HNL,HI,AWP,WE,Towers with Radar,361,70,12,17,460,0,120,111,4,235,361,190,123,21,695,0,0,0,695
09/13/2021,HNL,HI,AWP,WE,Towers with Radar,370,128,8,16,522,0,234,116,19,369,370,362,124,35,891,0,0,0,891
09/14/2021,HNL,HI,AWP,WE,Towers with Radar,378,115,27,58,578,0,199,120,8,327,378,314,147,66,905,0,0,0,905
09/15/2021,HNL,HI,AWP,WE,Towers with Radar,393,105,22,43,563,0,155,147,5,307,393,260,169,48,870,0,0,0,870
09/16/2021,HNL,HI,AWP,WE,Towers with Radar,389,124,21,44,578,0,187,102,9,298,389,311,123,53,876,0,0,0,876
09/17/2021,HNL,HI,AWP,WE,Towers with Radar,392,137,20,32,581,0,213,128,5,346,392,350,148,37,927,0,0,0,927
09/18/2021,HNL,HI,AWP,WE,Towers with Radar,362,81,11,8,462,0,162,129,2,293,362,243,140,10,755,0,0,0,755
09/19/2021,HNL,HI,AWP,WE,Towers with Radar,358,83,16,8,465,0,135,89,2,226,358,218,105,10,691,0,0,0,691
09/20/2021,HNL,HI,AWP,WE,Towers with Radar,378,105,16,45,544,0,230,150,8,388,378,335,166,53,932,0,0,0,932
09/21/2021,HNL,HI,AWP,WE,Towers with Radar,370,80,13,44,507,0,163,98,7,268,370,243,111,51,775,0,0,0,775
09/22/2021,HNL,HI,AWP,WE,Towers with Radar,379,98,14,41,532,0,175,114,2,291,379,273,128,43,823,0,0,0,823
09/23/2021,HNL,HI,AWP,WE,Towers with Radar,411,108,19,35,573,0,128,113,11,252,411,236,132,46,825,0,1,1,826
09/24/2021,HNL,HI,AWP,WE,Towers with Radar,397,115,19,27,558,0,141,101,9,251,397,256,120,36,809,0,0,0,809
09/25/2021,HNL,HI,AWP,WE,Towers with Radar,346,83,14,12,455,0,143,121,2,266,346,226,135,14,721,0,0,0,721
09/26/2021,HNL,HI,AWP,WE,Towers with Radar,351,76,21,19,467,0,101,159,2,262,351,177,180,21,729,0,0,0,729
09/27/2021,HNL,HI,AWP,WE,Towers with Radar,382,106,15,35,538,0,226,128,3,357,382,332,143,38,895,0,0,0,895
09/28/2021,HNL,HI,AWP,WE,Towers with Radar,372,90,21,30,513,0,168,106,6,280,372,258,127,36,793,0,0,0,793
09/29/2021,HNL,HI,AWP,WE,Towers with Radar,389,86,12,36,523,0,141,120,5,266,389,227,132,41,789,0,0,0,789
09/30/2021,HNL,HI,AWP,WE,Towers with Radar,396,120,20,37,573,0,140,108,6,254,396,260,128,43,827,0,0,0,827
10/01/2021,HNL,HI,AWP,WE,Towers with Radar,385,116,24,47,572,0,176,126,3,305,385,292,150,50,877,0,0,0,877
10/02/2021,HNL,HI,AWP,WE,Towers with Radar,335,100,20,62,517,0,119,88,0,207,335,219,108,62,724,0,0,0,724
10/03/2021,HNL,HI,AWP,WE,Towers with Radar,329,78,40,28,475,0,115,114,0,229,329,193,154,28,704,0,0,0,704
10/04/2021,HNL,HI,AWP,WE,Towers with Radar,360,120,17,24,521,0,255,138,9,402,360,375,155,33,923,0,0,0,923
10/05/2021,HNL,HI,AWP,WE,Towers with Radar,360,79,19,48,506,0,166,127,7,300,360,245,146,55,806,0,0,0,806
10/06/2021,HNL,HI,AWP,WE,Towers with Radar,366,104,16,35,521,0,150,110,7,267,366,254,126,42,788,0,0,0,788
10/07/2021,HNL,HI,AWP,WE,Towers with Radar,366,118,20,43,547,0,166,89,11,266,366,284,109,54,813,0,0,0,813
10/08/2021,HNL,HI,AWP,WE,Towers with Radar,371,118,20,26,535,0,187,93,2,282,371,305,113,28,817,0,0,0,817
10/09/2021,HNL,HI,AWP,WE,Towers with Radar,358,104,21,20,503,0,106,39,3,148,358,210,60,23,651,0,0,0,651
10/10/2021,HNL,HI,AWP,WE,Towers with Radar,340,94,12,20,466,0,67,38,7,112,340,161,50,27,578,0,0,0,578
10/11/2021,HNL,HI,AWP,WE,Towers with Radar,369,109,25,12,515,0,193,118,3,314,369,302,143,15,829,0,0,0,829
10/12/2021,HNL,HI,AWP,WE,Towers with Radar,359,114,16,17,506,0,125,82,8,215,359,239,98,25,721,0,0,0,721
10/13/2021,HNL,HI,AWP,WE,Towers with Radar,363,102,9,62,536,0,137,92,3,232,363,239,101,65,768,0,0,0,768
10/14/2021,HNL,HI,AWP,WE,Towers with Radar,390,97,32,38,557,0,153,90,16,259,390,250,122,54,816,0,0,0,816
10/15/2021,HNL,HI,AWP,WE,Towers with Radar,379,114,26,23,542,0,174,129,3,306,379,288,155,26,848,0,0,0,848
10/16/2021,HNL,HI,AWP,WE,Towers with Radar,342,95,28,10,475,0,154,159,4,317,342,249,187,14,792,0,0,0,792
10/17/2021,HNL,HI,AWP,WE,Towers with Radar,343,75,20,8,446,0,126,155,6,287,343,201,175,14,733,0,0,0,733
10/18/2021,HNL,HI,AWP,WE,Towers with Radar,379,118,32,46,575,0,193,154,42,389,379,311,186,88,964,0,0,0,964
10/19/2021,HNL,HI,AWP,WE,Towers with Radar,368,105,34,38,545,0,188,132,11,331,368,293,166,49,876,0,0,0,876
10/20/2021,HNL,HI,AWP,WE,Towers with Radar,360,108,16,38,522,0,164,163,15,342,360,272,179,53,864,0,0,0,864
10/21/2021,HNL,HI,AWP,WE,Towers with Radar,380,122,19,51,572,0,169,115,4,288,380,291,134,55,860,0,0,0,860
10/22/2021,HNL,HI,AWP,WE,Towers with Radar,374,107,42,20,543,0,209,138,8,355,374,316,180,28,898,0,0,0,898
10/23/2021,HNL,HI,AWP,WE,Towers with Radar,362,107,29,22,520,0,171,128,3,302,362,278,157,25,822,0,0,0,822
10/24/2021,HNL,HI,AWP,WE,Towers with Radar,354,94,27,16,491,0,69,79,10,158,354,163,106,26,649,0,0,0,649
10/25/2021,HNL,HI,AWP,WE,Towers with Radar,372,139,19,23,553,0,184,110,9,303,372,323,129,32,856,0,0,0,856
10/26/2021,HNL,HI,AWP,WE,Towers with Radar,362,102,34,76,574,0,168,105,19,292,362,270,139,95,866,0,0,0,866
10/27/2021,HNL,HI,AWP,WE,Towers with Radar,361,101,29,57,548,0,127,162,14,303,361,228,191,71,851,0,0,0,851
10/28/2021,HNL,HI,AWP,WE,Towers with Radar,375,105,25,44,549,0,132,97,9,238,375,237,122,53,787,0,0,0,787
10/29/2021,HNL,HI,AWP,WE,Towers with Radar,374,129,27,31,561,0,187,157,4,348,374,316,184,35,909,0,0,0,909
10/30/2021,HNL,HI,AWP,WE,Towers with Radar,339,78,28,17,462,0,114,158,5,277,339,192,186,22,739,0,0,0,739
10/31/2021,HNL,HI,AWP,WE,Towers with Radar,323,83,24,4,434,0,93,103,2,198,323,176,127,6,632,0,0,0,632
11/01/2021,HNL,HI,AWP,WE,Towers with Radar,358,125,18,57,558,0,162,71,3,236,358,287,89,60,794,0,0,0,794
11/02/2021,HNL,HI,AWP,WE,Towers with Radar,384,93,35,61,573,0,117,94,18,229,384,210,129,79,802,0,0,0,802
11/03/2021,HNL,HI,AWP,WE,Towers with Radar,382,131,28,44,585,0,104,86,28,218,382,235,114,72,803,0,0,0,803
11/04/2021,HNL,HI,AWP,WE,Towers with Radar,393,108,19,64,584,0,181,133,10,324,393,289,152,74,908,0,0,0,908
11/05/2021,HNL,HI,AWP,WE,Towers with Radar,380,108,21,37,546,0,192,118,12,322,380,300,139,49,868,0,0,0,868
11/06/2021,HNL,HI,AWP,WE,Towers with Radar,361,63,19,41,484,0,99,93,3,195,361,162,112,44,679,0,0,0,679
11/07/2021,HNL,HI,AWP,WE,Towers with Radar,343,108,32,29,512,0,88,105,0,193,343,196,137,29,705,0,0,0,705
11/08/2021,HNL,HI,AWP,WE,Towers with Radar,378,154,32,13,577,0,138,145,4,287,378,292,177,17,864,0,0,0,864
11/09/2021,HNL,HI,AWP,WE,Towers with Radar,356,110,24,71,561,0,190,129,12,331,356,300,153,83,892,0,0,0,892
11/10/2021,HNL,HI,AWP,WE,Towers with Radar,380,113,26,45,564,0,167,130,4,301,380,280,156,49,865,0,0,0,865
11/11/2021,HNL,HI,AWP,WE,Towers with Radar,391,105,25,17,538,0,183,163,0,346,391,288,188,17,884,0,0,0,884
11/12/2021,HNL,HI,AWP,WE,Towers with Radar,413,115,27,20,575,0,219,162,0,381,413,334,189,20,956,0,0,0,956
11/13/2021,HNL,HI,AWP,WE,Towers with Radar,359,82,41,20,502,0,149,158,5,312,359,231,199,25,814,0,0,0,814
11/14/2021,HNL,HI,AWP,WE,Towers with Radar,360,93,25,6,484,0,85,52,3,140,360,178,77,9,624,0,0,0,624
11/15/2021,HNL,HI,AWP,WE,Towers with Radar,381,128,26,60,595,0,150,126,1,277,381,278,152,61,872,0,0,0,872
11/16/2021,HNL,HI,AWP,WE,Towers with Radar,375,118,35,44,572,0,96,100,4,200,375,214,135,48,772,0,0,0,772
11/17/2021,HNL,HI,AWP,WE,Towers with Radar,377,102,26,44,549,0,116,87,4,207,377,218,113,48,756,0,0,0,756
11/18/2021,HNL,HI,AWP,WE,Towers with Radar,401,107,31,37,576,0,152,203,4,359,401,259,234,41,935,0,0,0,935
11/19/2021,HNL,HI,AWP,WE,Towers with Radar,407,115,45,33,600,0,146,182,5,333,407,261,227,38,933,0,0,0,933
11/20/2021,HNL,HI,AWP,WE,Towers with Radar,384,87,34,14,519,0,153,166,3,322,384,240,200,17,841,0,0,0,841
11/21/2021,HNL,HI,AWP,WE,Towers with Radar,347,88,33,15,483,0,110,124,1,235,347,198,157,16,718,0,0,0,718
11/22/2021,HNL,HI,AWP,WE,Towers with Radar,398,133,26,40,597,0,127,100,12,239,398,260,126,52,836,0,0,0,836
11/23/2021,HNL,HI,AWP,WE,Towers with Radar,397,116,27,35,575,0,177,180,9,366,397,293,207,44,941,0,0,0,941
11/24/2021,HNL,HI,AWP,WE,Towers with Radar,403,119,27,20,569,0,206,137,4,347,403,325,164,24,916,0,0,0,916
11/25/2021,HNL,HI,AWP,WE,Towers with Radar,344,48,10,1,403,0,102,77,4,183,344,150,87,5,586,0,0,0,586
11/26/2021,HNL,HI,AWP,WE,Towers with Radar,386,101,16,3,506,0,151,121,2,274,386,252,137,5,780,0,0,0,780
11/27/2021,HNL,HI,AWP,WE,Towers with Radar,374,105,26,3,508,0,130,154,0,284,374,235,180,3,792,0,0,0,792
11/28/2021,HNL,HI,AWP,WE,Towers with Radar,374,102,30,13,519,0,98,109,4,211,374,200,139,17,730,0,0,0,730
11/29/2021,HNL,HI,AWP,WE,Towers with Radar,383,146,29,51,609,0,137,88,2,227,383,283,117,53,836,0,0,0,836
11/30/2021,HNL,HI,AWP,WE,Towers with Radar,387,99,23,23,532,0,128,119,7,254,387,227,142,30,786,0,0,0,786
12/01/2021,HNL,HI,AWP,WE,Towers with Radar,389,129,29,32,579,0,140,120,4,264,389,269,149,36,843,0,0,0,843
12/02/2021,HNL,HI,AWP,WE,Towers with Radar,395,118,16,43,572,0,110,135,8,253,395,228,151,51,825,0,0,0,825
12/03/2021,HNL,HI,AWP,WE,Towers with Radar,412,151,24,30,617,0,50,27,3,80,412,201,51,33,697,0,0,0,697
12/04/2021,HNL,HI,AWP,WE,Towers with Radar,366,116,23,23,528,2,120,87,4,213,368,236,110,27,741,0,0,0,741
12/05/2021,HNL,HI,AWP,WE,Towers with Radar,345,84,26,16,471,0,3,24,0,27,345,87,50,16,498,0,0,0,498
12/06/2021,HNL,HI,AWP,WE,Towers with Radar,402,111,11,12,536,0,14,10,0,24,402,125,21,12,560,0,0,0,560
12/07/2021,HNL,HI,AWP,WE,Towers with Radar,369,127,15,36,547,0,61,20,3,84,369,188,35,39,631,0,0,0,631
12/08/2021,HNL,HI,AWP,WE,Towers with Radar,403,137,37,85,662,0,180,110,6,296,403,317,147,91,958,0,0,0,958
12/09/2021,HNL,HI,AWP,WE,Towers with Radar,435,127,31,58,651,0,219,168,5,392,435,346,199,63,1043,0,0,0,1043
12/10/2021,HNL,HI,AWP,WE,Towers with Radar,421,148,27,30,626,0,149,132,6,287,421,297,159,36,913,0,0,0,913
12/11/2021,HNL,HI,AWP,WE,Towers with Radar,400,103,13,27,543,0,160,154,1,315,400,263,167,28,858,0,0,0,858
12/12/2021,HNL,HI,AWP,WE,Towers with Radar,340,97,31,12,480,0,98,119,1,218,340,195,150,13,698,0,0,0,698
12/13/2021,HNL,HI,AWP,WE,Towers with Radar,378,114,27,63,582,0,134,106,5,245,378,248,133,68,827,0,0,0,827
12/14/2021,HNL,HI,AWP,WE,Towers with Radar,403,103,38,62,606,0,119,112,5,236,403,222,150,67,842,0,0,0,842
12/15/2021,HNL,HI,AWP,WE,Towers with Radar,381,106,15,68,570,0,132,127,8,267,381,238,142,76,837,0,0,0,837
12/16/2021,HNL,HI,AWP,WE,Towers with Radar,437,123,20,52,632,0,123,109,14,246,437,246,129,66,878,0,0,0,878
12/17/2021,HNL,HI,AWP,WE,Towers with Radar,451,130,33,36,650,0,148,123,3,274,451,278,156,39,924,0,0,0,924
12/18/2021,HNL,HI,AWP,WE,Towers with Radar,411,100,32,16,559,0,136,148,2,286,411,236,180,18,845,0,0,0,845
12/19/2021,HNL,HI,AWP,WE,Towers with Radar,408,91,21,13,533,0,80,81,3,164,408,171,102,16,697,0,0,0,697
12/20/2021,HNL,HI,AWP,WE,Towers with Radar,464,119,39,21,643,0,131,128,2,261,464,250,167,23,904,0,0,0,904
12/21/2021,HNL,HI,AWP,WE,Towers with Radar,419,115,24,37,595,0,152,82,9,243,419,267,106,46,838,0,0,0,838
12/22/2021,HNL,HI,AWP,WE,Towers with Radar,439,128,25,34,626,0,154,71,2,227,439,282,96,36,853,0,0,0,853
12/23/2021,HNL,HI,AWP,WE,Towers with Radar,469,118,30,9,626,0,216,118,1,335,469,334,148,10,961,0,0,0,961
12/24/2021,HNL,HI,AWP,WE,Towers with Radar,445,114,14,4,577,0,227,108,1,336,445,341,122,5,913,0,0,0,913
12/25/2021,HNL,HI,AWP,WE,Towers with Radar,377,54,17,10,458,0,133,41,0,174,377,187,58,10,632,0,0,0,632
12/26/2021,HNL,HI,AWP,WE,Towers with Radar,389,104,30,6,529,0,135,88,0,223,389,239,118,6,752,0,0,0,752
12/27/2021,HNL,HI,AWP,WE,Towers with Radar,421,108,25,10,564,0,231,124,1,356,421,339,149,11,920,0,0,0,920
12/28/2021,HNL,HI,AWP,WE,Towers with Radar,431,100,26,24,581,0,197,124,3,324,431,297,150,27,905,0,0,0,905
12/29/2021,HNL,HI,AWP,WE,Towers with Radar,401,110,25,19,555,0,216,142,2,360,401,326,167,21,915,0,0,0,915
12/30/2021,HNL,HI,AWP,WE,Towers with Radar,416,118,19,26,579,0,144,72,1,217,416,262,91,27,796,0,0,0,796
12/31/2021,HNL,HI,AWP,WE,Towers with Radar,414,120,17,9,560,0,83,14,0,97,414,203,31,9,657,0,0,0,657
01/01/2022,HNL,HI,AWP,WE,Towers with Radar,399,106,24,6,535,0,4,1,0,5,399,110,25,6,540,0,0,0,540
01/02/2022,HNL,HI,AWP,WE,Towers with Radar,377,113,25,8,523,0,52,9,0,61,377,165,34,8,584,0,0,0,584
01/03/2022,HNL,HI,AWP,WE,Towers with Radar,416,120,28,11,575,0,82,45,0,127,416,202,73,11,702,0,0,0,702
01/04/2022,HNL,HI,AWP,WE,Towers with Radar,387,111,33,45,576,0,132,74,5,211,387,243,107,50,787,0,0,0,787
01/05/2022,HNL,HI,AWP,WE,Towers with Radar,401,89,20,62,572,0,176,141,10,327,401,265,161,72,899,0,0,0,899
01/06/2022,HNL,HI,AWP,WE,Towers with Radar,387,117,33,39,576,0,192,120,10,322,387,309,153,49,898,0,0,0,898
01/07/2022,HNL,HI,AWP,WE,Towers with Radar,416,84,31,25,556,0,146,107,8,261,416,230,138,33,817,0,0,0,817
01/08/2022,HNL,HI,AWP,WE,Towers with Radar,373,65,35,57,530,0,130,164,8,302,373,195,199,65,832,0,0,0,832
01/09/2022,HNL,HI,AWP,WE,Towers with Radar,368,102,18,15,503,0,112,157,5,274,368,214,175,20,777,0,0,0,777
01/10/2022,HNL,HI,AWP,WE,Towers with Radar,380,115,36,18,549,0,102,125,6,233,380,217,161,24,782,0,0,0,782
01/11/2022,HNL,HI,AWP,WE,Towers with Radar,356,84,31,67,538,0,116,130,11,257,356,200,161,78,795,0,0,0,795
01/12/2022,HNL,HI,AWP,WE,Towers with Radar,362,114,36,67,579,0,145,108,13,266,362,259,144,80,845,0,0,0,845
01/13/2022,HNL,HI,AWP,WE,Towers with Radar,374,97,23,66,560,0,141,128,7,276,374,238,151,73,836,0,0,0,836
01/14/2022,HNL,HI,AWP,WE,Towers with Radar,407,116,24,32,579,0,161,133,6,300,407,277,157,38,879,0,0,0,879
01/15/2022,HNL,HI,AWP,WE,Towers with Radar,348,85,22,18,473,0,142,146,1,289,348,227,168,19,762,0,0,0,762
01/16/2022,HNL,HI,AWP,WE,Towers with Radar,324,63,11,12,410,0,112,127,2,241,324,175,138,14,651,0,0,0,651
01/17/2022,HNL,HI,AWP,WE,Towers with Radar,356,100,18,9,483,0,160,165,0,325,356,260,183,9,808,0,0,0,808
01/18/2022,HNL,HI,AWP,WE,Towers with Radar,367,84,26,64,541,0,116,102,20,238,367,200,128,84,779,0,0,0,779
01/19/2022,HNL,HI,AWP,WE,Towers with Radar,359,109,12,60,540,0,171,124,6,301,359,280,136,66,841,0,0,0,841
01/20/2022,HNL,HI,AWP,WE,Towers with Radar,413,109,29,62,613,0,160,132,6,298,413,269,161,68,911,0,0,0,911
01/21/2022,HNL,HI,AWP,WE,Towers with Radar,378,111,18,45,552,0,123,121,6,250,378,234,139,51,802,0,0,0,802
01/22/2022,HNL,HI,AWP,WE,Towers with Radar,335,71,23,18,447,0,142,129,0,271,335,213,152,18,718,0,0,0,718
01/23/2022,HNL,HI,AWP,WE,Towers with Radar,317,71,22,17,427,0,110,134,6,250,317,181,156,23,677,0,0,0,677
01/24/2022,HNL,HI,AWP,WE,Towers with Radar,359,100,15,26,500,0,117,110,4,231,359,217,125,30,731,0,0,0,731
01/25/2022,HNL,HI,AWP,WE,Towers with Radar,354,100,25,63,542,0,124,133,14,271,354,224,158,77,813,0,0,0,813
01/26/2022,HNL,HI,AWP,WE,Towers with Radar,363,107,33,53,556,0,118,136,16,270,363,225,169,69,826,0,0,0,826
01/27/2022,HNL,HI,AWP,WE,Towers with Radar,410,113,34,57,614,0,115,115,19,249,410,228,149,76,863,0,0,0,863
01/28/2022,HNL,HI,AWP,WE,Towers with Radar,357,98,35,36,526,0,140,115,5,260,357,238,150,41,786,0,0,0,786
01/29/2022,HNL,HI,AWP,WE,Towers with Radar,336,71,22,22,451,0,147,147,2,296,336,218,169,24,747,0,0,0,747
01/30/2022,HNL,HI,AWP,WE,Towers with Radar,334,75,22,20,451,0,80,86,0,166,334,155,108,20,617,0,0,0,617
01/31/2022,HNL,HI,AWP,WE,Towers with Radar,345,109,23,57,534,0,96,90,2,188,345,205,113,59,722,0,0,0,722
02/01/2022,HNL,HI,AWP,WE,Towers with Radar,365,80,23,44,512,0,119,123,11,253,365,199,146,55,765,0,0,0,765
02/02/2022,HNL,HI,AWP,WE,Towers with Radar,356,101,18,45,520,0,109,101,4,214,356,210,119,49,734,0,0,0,734
02/03/2022,HNL,HI,AWP,WE,Towers with Radar,360,91,29,49,529,0,161,113,11,285,360,252,142,60,814,0,0,0,814
02/04/2022,HNL,HI,AWP,WE,Towers with Radar,376,88,28,40,532,0,155,129,7,291,376,243,157,47,823,0,0,0,823
02/05/2022,HNL,HI,AWP,WE,Towers with Radar,341,98,33,37,509,0,125,126,5,256,341,223,159,42,765,0,0,0,765
02/06/2022,HNL,HI,AWP,WE,Towers with Radar,345,74,19,22,460,0,94,104,2,200,345,168,123,24,660,0,0,0,660
02/07/2022,HNL,HI,AWP,WE,Towers with Radar,367,106,15,12,500,0,117,142,5,264,367,223,157,17,764,0,0,0,764
02/08/2022,HNL,HI,AWP,WE,Towers with Radar,356,79,18,63,516,0,155,109,22,286,356,234,127,85,802,0,0,0,802
02/09/2022,HNL,HI,AWP,WE,Towers with Radar,367,102,20,65,554,0,179,115,15,309,367,281,135,80,863,0,0,0,863
02/10/2022,HNL,HI,AWP,WE,Towers with Radar,375,89,21,43,528,0,206,118,9,333,375,295,139,52,861,0,0,0,861
02/11/2022,HNL,HI,AWP,WE,Towers with Radar,383,99,21,27,530,0,153,133,7,293,383,252,154,34,823,0,0,0,823
02/12/2022,HNL,HI,AWP,WE,Towers with Radar,354,87,18,20,479,0,131,111,11,253,354,218,129,31,732,0,0,0,732
02/13/2022,HNL,HI,AWP,WE,Towers with Radar,353,76,22,6,457,0,153,129,2,284,353,229,151,8,741,0,0,0,741
02/14/2022,HNL,HI,AWP,WE,Towers with Radar,356,109,23,9,497,0,187,100,3,290,356,296,123,12,787,0,0,0,787
02/15/2022,HNL,HI,AWP,WE,Towers with Radar,364,115,13,44,536,0,187,85,13,285,364,302,98,57,821,0,0,0,821
02/16/2022,HNL,HI,AWP,WE,Towers with Radar,366,115,19,48,548,0,181,147,5,333,366,296,166,53,881,0,0,0,881
02/17/2022,HNL,HI,AWP,WE,Towers with Radar,382,104,25,38,549,0,185,121,16,322,382,289,146,54,871,0,0,0,871
02/18/2022,HNL,HI,AWP,WE,Towers with Radar,396,118,29,19,562,0,189,163,7,359,396,307,192,26,921,0,0,0,921
02/19/2022,HNL,HI,AWP,WE,Towers with Radar,339,89,19,18,465,0,174,134,7,315,339,263,153,25,780,0,0,0,780
02/20/2022,HNL,HI,AWP,WE,Towers with Radar,343,78,26,19,466,0,149,117,7,273,343,227,143,26,739,0,0,0,739
02/21/2022,HNL,HI,AWP,WE,Towers with Radar,358,116,20,20,514,0,157,122,7,286,358,273,142,27,800,0,0,0,800
02/22/2022,HNL,HI,AWP,WE,Towers with Radar,373,98,20,41,532,0,161,136,9,306,373,259,156,50,838,0,0,0,838
02/23/2022,HNL,HI,AWP,WE,Towers with Radar,360,112,23,47,542,0,168,147,13,328,360,280,170,60,870,0,0,0,870
02/24/2022,HNL,HI,AWP,WE,Towers with Radar,397,102,24,79,602,0,177,124,13,314,397,279,148,92,916,0,0,0,916
02/25/2022,HNL,HI,AWP,WE,Towers with Radar,399,125,29,43,596,0,187,106,8,301,399,312,135,51,897,0,0,0,897
02/26/2022,HNL,HI,AWP,WE,Towers with Radar,346,103,23,25,497,0,122,117,0,239,346,225,140,25,736,0,0,0,736
02/27/2022,HNL,HI,AWP,WE,Towers with Radar,350,79,28,11,468,0,84,104,3,191,350,163,132,14,659,0,0,0,659
02/28/2022,HNL,HI,AWP,WE,Towers with Radar,365,133,19,59,576,0,148,123,1,272,365,281,142,60,848,0,0,0,848
03/01/2022,HNL,HI,AWP,WE,Towers with Radar,361,106,26,65,558,0,175,172,14,361,361,281,198,79,919,0,0,0,919
03/02/2022,HNL,HI,AWP,WE,Towers with Radar,387,97,26,58,568,0,135,154,5,294,387,232,180,63,862,0,0,0,862
03/03/2022,HNL,HI,AWP,WE,Towers with Radar,400,104,25,68,597,0,120,105,16,241,400,224,130,84,838,0,0,0,838
03/04/2022,HNL,HI,AWP,WE,Towers with Radar,389,124,15,52,580,0,170,125,2,297,389,294,140,54,877,0,0,0,877
03/05/2022,HNL,HI,AWP,WE,Towers with Radar,359,92,10,57,518,0,109,123,14,246,359,201,133,71,764,0,0,0,764
03/06/2022,HNL,HI,AWP,WE,Towers with Radar,359,76,18,18,471,0,156,129,5,290,359,232,147,23,761,0,0,0,761
03/07/2022,HNL,HI,AWP,WE,Towers with Radar,383,125,18,20,546,0,133,44,4,181,383,258,62,24,727,0,0,0,727
03/08/2022,HNL,HI,AWP,WE,Towers with Radar,384,94,18,53,549,0,162,158,9,329,384,256,176,62,878,0,0,0,878
03/09/2022,HNL,HI,AWP,WE,Towers with Radar,372,110,25,46,553,0,136,91,12,239,372,246,116,58,792,0,0,0,792
03/10/2022,HNL,HI,AWP,WE,Towers with Radar,392,104,30,44,570,0,186,122,19,327,392,290,152,63,897,0,0,0,897
03/11/2022,HNL,HI,AWP,WE,Towers with Radar,385,108,21,22,536,0,160,145,3,308,385,268,166,25,844,0,0,0,844
03/12/2022,HNL,HI,AWP,WE,Towers with Radar,356,96,27,40,519,0,128,117,0,245,356,224,144,40,764,0,0,0,764
03/13/2022,HNL,HI,AWP,WE,Towers with Radar,390,74,21,12,497,0,110,99,2,211,390,184,120,14,708,0,0,0,708
03/14/2022,HNL,HI,AWP,WE,Towers with Radar,418,133,19,17,587,0,204,155,19,378,418,337,174,36,965,0,0,0,965
03/15/2022,HNL,HI,AWP,WE,Towers with Radar,392,96,25,40,553,0,223,133,5,361,392,319,158,45,914,0,0,0,914
03/16/2022,HNL,HI,AWP,WE,Towers with Radar,410,118,40,38,606,0,220,125,15,360,410,338,165,53,966,0,0,0,966
03/17/2022,HNL,HI,AWP,WE,Towers with Radar,417,109,33,47,606,0,215,155,9,379,417,324,188,56,985,0,0,0,985
03/18/2022,HNL,HI,AWP,WE,Towers with Radar,415,122,37,25,599,0,186,134,7,327,415,308,171,32,926,0,0,0,926
03/19/2022,HNL,HI,AWP,WE,Towers with Radar,381,101,26,22,530,0,160,130,6,296,381,261,156,28,826,0,0,0,826
03/20/2022,HNL,HI,AWP,WE,Towers with Radar,375,130,26,15,546,0,76,82,1,159,375,206,108,16,705,0,0,0,705
03/21/2022,HNL,HI,AWP,WE,Towers with Radar,423,133,28,41,625,0,165,97,5,267,423,298,125,46,892,0,0,0,892
03/22/2022,HNL,HI,AWP,WE,Towers with Radar,402,96,22,43,563,0,194,104,13,311,402,290,126,56,874,0,0,0,874
03/23/2022,HNL,HI,AWP,WE,Towers with Radar,402,106,28,54,590,0,192,71,12,275,402,298,99,66,865,0,0,0,865
03/24/2022,HNL,HI,AWP,WE,Towers with Radar,428,121,20,28,597,0,194,78,2,274,428,315,98,30,871,0,0,0,871
03/25/2022,HNL,HI,AWP,WE,Towers with Radar,419,167,30,8,624,0,78,38,1,117,419,245,68,9,741,7,0,7,748
03/26/2022,HNL,HI,AWP,WE,Towers with Radar,393,116,31,14,554,0,124,116,7,247,393,240,147,21,801,0,0,0,801
03/27/2022,HNL,HI,AWP,WE,Towers with Radar,391,91,32,24,538,0,145,102,0,247,391,236,134,24,785,0,0,0,785
03/28/2022,HNL,HI,AWP,WE,Towers with Radar,409,127,17,20,573,0,184,142,11,337,409,311,159,31,910,0,0,0,910
03/29/2022,HNL,HI,AWP,WE,Towers with Radar,390,99,14,45,548,0,187,131,7,325,390,286,145,52,873,0,0,0,873
03/30/2022,HNL,HI,AWP,WE,Towers with Radar,400,122,36,51,609,0,223,137,13,373,400,345,173,64,982,0,0,0,982
03/31/2022,HNL,HI,AWP,WE,Towers with Radar,434,88,33,43,598,0,224,86,7,317,434,312,119,50,915,0,0,0,915
04/01/2022,HNL,HI,AWP,WE,Towers with Radar,431,131,28,31,621,0,143,99,2,244,431,274,127,33,865,0,0,0,865
04/02/2022,HNL,HI,AWP,WE,Towers with Radar,407,108,24,17,556,0,116,67,21,204,407,224,91,38,760,0,0,0,760
04/03/2022,HNL,HI,AWP,WE,Towers with Radar,376,109,29,29,543,0,111,50,2,163,376,220,79,31,706,0,0,0,706
04/04/2022,HNL,HI,AWP,WE,Towers with Radar,410,150,19,48,627,0,149,104,4,257,410,299,123,52,884,0,0,0,884
04/05/2022,HNL,HI,AWP,WE,Towers with Radar,377,113,24,67,581,0,193,181,14,388,377,306,205,81,969,0,0,0,969
04/06/2022,HNL,HI,AWP,WE,Towers with Radar,400,104,26,50,580,0,201,174,13,388,400,305,200,63,968,0,0,0,968
04/07/2022,HNL,HI,AWP,WE,Towers with Radar,408,100,40,51,599,3,180,124,10,317,411,280,164,61,916,0,0,0,916
04/08/2022,HNL,HI,AWP,WE,Towers with Radar,397,148,15,46,606,0,183,124,5,312,397,331,139,51,918,0,0,0,918
04/09/2022,HNL,HI,AWP,WE,Towers with Radar,375,109,22,53,559,0,154,145,4,303,375,263,167,57,862,0,0,0,862
04/10/2022,HNL,HI,AWP,WE,Towers with Radar,376,76,15,18,485,0,135,124,3,262,376,211,139,21,747,0,0,0,747
04/11/2022,HNL,HI,AWP,WE,Towers with Radar,416,136,16,17,585,0,221,153,7,381,416,357,169,24,966,0,0,0,966
04/12/2022,HNL,HI,AWP,WE,Towers with Radar,377,115,23,50,565,0,203,191,26,420,377,318,214,76,985,0,0,0,985
04/13/2022,HNL,HI,AWP,WE,Towers with Radar,393,100,31,51,575,0,231,109,13,353,393,331,140,64,928,0,0,0,928
04/14/2022,HNL,HI,AWP,WE,Towers with Radar,402,122,21,51,596,0,226,105,11,342,402,348,126,62,938,0,0,0,938
04/15/2022,HNL,HI,AWP,WE,Towers with Radar,390,134,20,28,572,0,196,132,4,332,390,330,152,32,904,0,0,0,904
04/16/2022,HNL,HI,AWP,WE,Towers with Radar,361,116,26,22,525,0,120,70,0,190,361,236,96,22,715,0,0,0,715
04/17/2022,HNL,HI,AWP,WE,Towers with Radar,373,68,21,22,484,0,151,122,0,273,373,219,143,22,757,0,0,0,757
04/18/2022,HNL,HI,AWP,WE,Towers with Radar,406,115,19,38,578,0,229,152,7,388,406,344,171,45,966,0,0,0,966
04/19/2022,HNL,HI,AWP,WE,Towers with Radar,382,93,25,48,548,0,201,93,9,303,382,294,118,57,851,0,0,0,851
04/20/2022,HNL,HI,AWP,WE,Towers with Radar,402,124,46,50,622,0,148,91,5,244,402,272,137,55,866,0,0,0,866
04/21/2022,HNL,HI,AWP,WE,Towers with Radar,426,112,27,52,617,0,201,105,15,321,426,313,132,67,938,0,0,0,938
04/22/2022,HNL,HI,AWP,WE,Towers with Radar,402,127,40,16,585,0,178,96,7,281,402,305,136,23,866,0,0,0,866
04/23/2022,HNL,HI,AWP,WE,Towers with Radar,368,108,32,15,523,0,127,107,3,237,368,235,139,18,760,0,0,0,760
04/24/2022,HNL,HI,AWP,WE,Towers with Radar,368,101,23,11,503,0,174,151,6,331,368,275,174,17,834,0,0,0,834
04/25/2022,HNL,HI,AWP,WE,Towers with Radar,386,119,19,13,537,0,164,114,4,282,386,283,133,17,819,0,0,0,819
04/26/2022,HNL,HI,AWP,WE,Towers with Radar,384,104,21,46,555,0,164,126,17,307,384,268,147,63,862,0,0,0,862
04/27/2022,HNL,HI,AWP,WE,Towers with Radar,374,117,27,48,566,0,186,111,16,313,374,303,138,64,879,0,0,0,879
04/28/2022,HNL,HI,AWP,WE,Towers with Radar,412,126,20,52,610,0,199,117,11,327,412,325,137,63,937,0,0,0,937
04/29/2022,HNL,HI,AWP,WE,Towers with Radar,412,129,34,23,598,0,185,140,5,330,412,314,174,28,928,0,0,0,928
04/30/2022,HNL,HI,AWP,WE,Towers with Radar,369,87,33,10,499,0,166,147,4,317,369,253,180,14,816,0,0,0,816
05/01/2022,HNL,HI,AWP,WE,Towers with Radar,365,104,20,12,501,0,88,64,0,152,365,192,84,12,653,0,0,0,653
05/02/2022,HNL,HI,AWP,WE,Towers with Radar,405,164,27,41,637,0,167,127,4,298,405,331,154,45,935,0,0,0,935
05/03/2022,HNL,HI,AWP,WE,Towers with Radar,376,106,19,44,545,0,131,114,10,255,376,237,133,54,800,0,0,0,800
05/04/2022,HNL,HI,AWP,WE,Towers with Radar,388,117,21,51,577,0,164,139,10,313,388,281,160,61,890,0,0,0,890
05/05/2022,HNL,HI,AWP,WE,Towers with Radar,388,123,23,45,579,0,159,100,21,280,388,282,123,66,859,0,0,0,859
05/06/2022,HNL,HI,AWP,WE,Towers with Radar,390,151,19,36,596,0,147,87,6,240,390,298,106,42,836,0,0,0,836
05/07/2022,HNL,HI,AWP,WE,Towers with Radar,349,99,29,21,498,0,134,123,1,258,349,233,152,22,756,0,0,0,756
05/08/2022,HNL,HI,AWP,WE,Towers with Radar,372,78,23,23,496,0,121,87,2,210,372,199,110,25,706,0,0,0,706
05/09/2022,HNL,HI,AWP,WE,Towers with Radar,389,116,19,66,590,0,193,149,12,354,389,309,168,78,944,0,0,0,944
05/10/2022,HNL,HI,AWP,WE,Towers with Radar,372,111,13,50,546,0,183,215,11,409,372,294,228,61,955,0,0,0,955
05/11/2022,HNL,HI,AWP,WE,Towers with Radar,379,119,45,61,604,0,173,126,24,323,379,292,171,85,927,0,0,0,927
05/12/2022,HNL,HI,AWP,WE,Towers with Radar,413,94,16,51,574,0,201,117,10,328,413,295,133,61,902,0,0,0,902
05/13/2022,HNL,HI,AWP,WE,Towers with Radar,409,107,23,61,600,0,217,158,15,390,409,324,181,76,990,0,0,0,990
05/14/2022,HNL,HI,AWP,WE,Towers with Radar,379,65,21,75,540,0,165,151,4,320,379,230,172,79,860,0,0,0,860
05/15/2022,HNL,HI,AWP,WE,Towers with Radar,358,102,20,33,513,0,145,72,4,221,358,247,92,37,734,0,0,0,734
05/16/2022,HNL,HI,AWP,WE,Towers with Radar,401,164,20,33,618,0,173,115,10,298,401,337,135,43,916,0,0,0,916
05/17/2022,HNL,HI,AWP,WE,Towers with Radar,381,108,19,65,573,0,207,121,8,336,381,315,140,73,909,0,0,0,909
05/18/2022,HNL,HI,AWP,WE,Towers with Radar,376,133,28,46,583,0,146,32,6,184,376,279,60,52,767,0,0,0,767
05/19/2022,HNL,HI,AWP,WE,Towers with Radar,413,162,21,50,646,0,156,85,9,250,413,318,106,59,896,0,0,0,896
05/20/2022,HNL,HI,AWP,WE,Towers with Radar,511,163,25,22,721,0,49,29,3,81,511,212,54,25,802,0,0,0,802
05/21/2022,HNL,HI,AWP,WE,Towers with Radar,404,86,25,22,537,0,259,150,9,418,404,345,175,31,955,0,0,0,955
05/22/2022,HNL,HI,AWP,WE,Towers with Radar,365,87,18,17,487,0,188,172,0,360,365,275,190,17,847,0,0,0,847
05/23/2022,HNL,HI,AWP,WE,Towers with Radar,392,109,22,46,569,0,274,191,6,471,392,383,213,52,1040,12,0,12,1052
05/24/2022,HNL,HI,AWP,WE,Towers with Radar,358,82,21,48,509,0,202,126,12,340,358,284,147,60,849,0,0,0,849
05/25/2022,HNL,HI,AWP,WE,Towers with Radar,391,108,25,51,575,0,248,104,17,369,391,356,129,68,944,0,0,0,944
05/26/2022,HNL,HI,AWP,WE,Towers with Radar,416,105,17,54,592,0,244,127,2,373,416,349,144,56,965,0,0,0,965
05/27/2022,HNL,HI,AWP,WE,Towers with Radar,417,134,21,28,600,0,258,169,3,430,417,392,190,31,1030,0,0,0,1030
05/28/2022,HNL,HI,AWP,WE,Towers with Radar,373,108,29,20,530,0,163,139,3,305,373,271,168,23,835,0,0,0,835
05/29/2022,HNL,HI,AWP,WE,Towers with Radar,356,99,13,39,507,0,70,60,3,133,356,169,73,42,640,0,0,0,640
05/30/2022,HNL,HI,AWP,WE,Towers with Radar,387,91,18,26,522,0,239,146,3,388,387,330,164,29,910,0,0,0,910
05/31/2022,HNL,HI,AWP,WE,Towers with Radar,393,113,21,70,597,0,221,121,6,348,393,334,142,76,945,0,0,0,945
06/01/2022,HNL,HI,AWP,WE,Towers with Radar,410,113,24,40,587,0,186,105,12,303,410,299,129,52,890,0,0,0,890
06/02/2022,HNL,HI,AWP,WE,Towers with Radar,395,120,26,41,582,0,182,113,6,301,395,302,139,47,883,0,0,0,883
06/03/2022,HNL,HI,AWP,WE,Towers with Radar,410,106,39,58,613,0,224,150,0,374,410,330,189,58,987,0,0,0,987
06/04/2022,HNL,HI,AWP,WE,Towers with Radar,367,99,14,39,519,0,212,130,3,345,367,311,144,42,864,0,0,0,864
06/05/2022,HNL,HI,AWP,WE,Towers with Radar,380,93,13,31,517,0,153,105,10,268,380,246,118,41,785,0,0,0,785
06/06/2022,HNL,HI,AWP,WE,Towers with Radar,399,95,27,47,568,0,236,133,9,378,399,331,160,56,946,0,0,0,946
06/07/2022,HNL,HI,AWP,WE,Towers with Radar,395,93,21,55,564,0,190,119,13,322,395,283,140,68,886,0,0,0,886
06/08/2022,HNL,HI,AWP,WE,Towers with Radar,393,91,17,33,534,0,203,137,26,366,393,294,154,59,900,0,0,0,900
06/09/2022,HNL,HI,AWP,WE,Towers with Radar,411,110,19,43,583,0,222,118,14,354,411,332,137,57,937,0,0,0,937
06/10/2022,HNL,HI,AWP,WE,Towers with Radar,411,107,13,23,554,0,234,118,8,360,411,341,131,31,914,0,0,0,914
06/11/2022,HNL,HI,AWP,WE,Towers with Radar,391,77,13,15,496,0,173,128,2,303,391,250,141,17,799,0,0,0,799
06/12/2022,HNL,HI,AWP,WE,Towers with Radar,372,81,19,19,491,0,165,126,8,299,372,246,145,27,790,0,0,0,790
06/13/2022,HNL,HI,AWP,WE,Towers with Radar,425,131,27,25,608,0,192,119,13,324,425,323,146,38,932,0,0,0,932
06/14/2022,HNL,HI,AWP,WE,Towers with Radar,385,117,19,57,578,0,159,119,15,293,385,276,138,72,871,0,0,0,871
06/15/2022,HNL,HI,AWP,WE,Towers with Radar,403,135,26,22,586,0,155,91,18,264,403,290,117,40,850,0,0,0,850
06/16/2022,HNL,HI,AWP,WE,Towers with Radar,404,136,24,52,616,0,170,110,5,285,404,306,134,57,901,0,0,0,901
06/17/2022,HNL,HI,AWP,WE,Towers with Radar,417,121,25,25,588,0,179,132,1,312,417,300,157,26,900,0,0,0,900
06/18/2022,HNL,HI,AWP,WE,Towers with Radar,382,91,30,20,523,0,176,140,2,318,382,267,170,22,841,0,0,0,841
06/19/2022,HNL,HI,AWP,WE,Towers with Radar,370,76,27,19,492,0,193,102,3,298,370,269,129,22,790,0,0,0,790
06/20/2022,HNL,HI,AWP,WE,Towers with Radar,415,126,17,21,579,0,198,137,6,341,415,324,154,27,920,0,0,0,920
06/21/2022,HNL,HI,AWP,WE,Towers with Radar,391,120,19,48,578,0,238,162,10,410,391,358,181,58,988,0,0,0,988
06/22/2022,HNL,HI,AWP,WE,Towers with Radar,410,104,38,22,574,0,157,137,9,303,410,261,175,31,877,0,0,0,877
06/23/2022,HNL,HI,AWP,WE,Towers with Radar,392,119,19,31,561,0,184,159,9,352,392,303,178,40,913,0,0,0,913
06/24/2022,HNL,HI,AWP,WE,Towers with Radar,407,126,31,27,591,0,220,128,4,352,407,346,159,31,943,0,0,0,943
06/25/2022,HNL,HI,AWP,WE,Towers with Radar,389,95,29,16,529,0,203,125,2,330,389,298,154,18,859,0,0,0,859
06/26/2022,HNL,HI,AWP,WE,Towers with Radar,386,91,23,11,511,0,135,108,6,249,386,226,131,17,760,0,0,0,760
06/27/2022,HNL,HI,AWP,WE,Towers with Radar,407,119,38,20,584,0,191,145,8,344,407,310,183,28,928,0,0,0,928
06/28/2022,HNL,HI,AWP,WE,Towers with Radar,400,106,23,36,565,0,159,137,8,304,400,265,160,44,869,0,0,0,869
06/29/2022,HNL,HI,AWP,WE,Towers with Radar,389,130,27,25,571,0,190,145,10,345,389,320,172,35,916,0,0,0,916
06/30/2022,HNL,HI,AWP,WE,Towers with Radar,418,117,20,39,594,0,231,130,10,371,418,348,150,49,965,0,0,0,965
07/01/2022,HNL,HI,AWP,WE,Towers with Radar,396,135,28,13,572,0,174,87,8,269,396,309,115,21,841,0,0,0,841
07/02/2022,HNL,HI,AWP,WE,Towers with Radar,390,80,16,11,497,0,228,88,3,319,390,308,104,14,816,0,0,0,816
07/03/2022,HNL,HI,AWP,WE,Towers with Radar,383,102,19,12,516,0,116,74,3,193,383,218,93,15,709,0,0,0,709
07/04/2022,HNL,HI,AWP,WE,Towers with Radar,387,102,11,11,511,0,182,83,1,266,387,284,94,12,777,0,0,0,777
07/05/2022,HNL,HI,AWP,WE,Towers with Radar,403,147,14,40,604,0,189,76,7,272,403,336,90,47,876,0,0,0,876
07/06/2022,HNL,HI,AWP,WE,Towers with Radar,403,113,23,49,588,0,229,138,18,385,403,342,161,67,973,0,0,0,973
07/07/2022,HNL,HI,AWP,WE,Towers with Radar,452,117,23,47,639,0,224,133,14,371,452,341,156,61,1010,0,0,0,1010
07/08/2022,HNL,HI,AWP,WE,Towers with Radar,434,163,26,47,670,0,121,96,8,225,434,284,122,55,895,0,0,0,895
07/09/2022,HNL,HI,AWP,WE,Towers with Radar,388,97,19,42,546,0,252,108,5,365,388,349,127,47,911,0,0,0,911
07/10/2022,HNL,HI,AWP,WE,Towers with Radar,398,75,19,27,519,0,178,107,3,288,398,253,126,30,807,0,0,0,807
07/11/2022,HNL,HI,AWP,WE,Towers with Radar,435,131,20,40,626,0,249,125,8,382,435,380,145,48,1008,0,0,0,1008
07/12/2022,HNL,HI,AWP,WE,Towers with Radar,402,132,19,52,605,0,197,140,2,339,402,329,159,54,944,0,0,0,944
07/13/2022,HNL,HI,AWP,WE,Towers with Radar,412,136,20,35,603,0,220,112,20,352,412,356,132,55,955,0,0,0,955
07/14/2022,HNL,HI,AWP,WE,Towers with Radar,434,109,36,46,625,0,153,93,18,264,434,262,129,64,889,0,0,0,889
07/15/2022,HNL,HI,AWP,WE,Towers with Radar,438,125,30,40,633,0,271,134,10,415,438,396,164,50,1048,0,0,0,1048
07/16/2022,HNL,HI,AWP,WE,Towers with Radar,397,87,26,48,558,0,185,81,10,276,397,272,107,58,834,0,0,0,834
07/17/2022,HNL,HI,AWP,WE,Towers with Radar,408,90,17,41,556,0,184,82,10,276,408,274,99,51,832,0,0,0,832
07/18/2022,HNL,HI,AWP,WE,Towers with Radar,435,137,21,56,649,0,256,74,8,338,435,393,95,64,987,0,0,0,987
07/19/2022,HNL,HI,AWP,WE,Towers with Radar,392,124,15,69,600,0,204,153,7,364,392,328,168,76,964,0,0,0,964
07/20/2022,HNL,HI,AWP,WE,Towers with Radar,426,102,27,61,616,0,209,112,21,342,426,311,139,82,958,0,0,0,958
07/21/2022,HNL,HI,AWP,WE,Towers with Radar,445,110,46,62,663,0,215,115,22,352,445,325,161,84,1015,0,0,0,1015
07/22/2022,HNL,HI,AWP,WE,Towers with Radar,437,114,15,39,605,0,245,142,16,403,437,359,157,55,1008,0,0,0,1008
07/23/2022,HNL,HI,AWP,WE,Towers with Radar,393,89,26,56,564,0,167,131,7,305,393,256,157,63,869,0,0,0,869
07/24/2022,HNL,HI,AWP,WE,Towers with Radar,418,75,17,29,539,0,204,138,9,351,418,279,155,38,890,0,0,0,890
07/25/2022,HNL,HI,AWP,WE,Towers with Radar,421,119,18,30,588,0,284,116,9,409,421,403,134,39,997,0,0,0,997
07/26/2022,HNL,HI,AWP,WE,Towers with Radar,409,105,19,79,612,0,180,98,2,280,409,285,117,81,892,0,0,0,892
07/27/2022,HNL,HI,AWP,WE,Towers with Radar,416,108,19,37,580,0,187,160,17,364,416,295,179,54,944,0,0,0,944
07/28/2022,HNL,HI,AWP,WE,Towers with Radar,438,112,18,55,623,0,203,116,12,331,438,315,134,67,954,0,0,0,954
07/29/2022,HNL,HI,AWP,WE,Towers with Radar,434,120,29,48,631,0,239,103,3,345,434,359,132,51,976,0,0,0,976
07/30/2022,HNL,HI,AWP,WE,Towers with Radar,393,104,30,40,567,0,241,101,8,350,393,345,131,48,917,0,0,0,917
07/31/2022,HNL,HI,AWP,WE,Towers with Radar,390,104,33,33,560,0,145,95,2,242,390,249,128,35,802,0,0,0,802
08/01/2022,HNL,HI,AWP,WE,Towers with Radar,420,148,29,59,656,0,183,113,8,304,420,331,142,67,960,0,0,0,960
08/02/2022,HNL,HI,AWP,WE,Towers with Radar,389,123,16,52,580,0,179,121,9,309,389,302,137,61,889,0,0,0,889
08/03/2022,HNL,HI,AWP,WE,Towers with Radar,410,131,19,53,613,0,206,161,10,377,410,337,180,63,990,0,0,0,990
08/04/2022,HNL,HI,AWP,WE,Towers with Radar,435,124,33,60,652,0,238,150,8,396,435,362,183,68,1048,0,0,0,1048
08/05/2022,HNL,HI,AWP,WE,Towers with Radar,431,120,28,47,626,0,246,130,8,384,431,366,158,55,1010,0,0,0,1010
08/06/2022,HNL,HI,AWP,WE,Towers with Radar,395,85,16,73,569,0,230,151,4,385,395,315,167,77,954,0,0,0,954
08/07/2022,HNL,HI,AWP,WE,Towers with Radar,412,77,19,23,531,0,181,133,6,320,412,258,152,29,851,0,0,0,851
08/08/2022,HNL,HI,AWP,WE,Towers with Radar,436,130,33,42,641,0,271,172,9,452,436,401,205,51,1093,0,0,0,1093
08/09/2022,HNL,HI,AWP,WE,Towers with Radar,388,106,21,65,580,0,202,144,19,365,388,308,165,84,945,0,0,0,945
08/10/2022,HNL,HI,AWP,WE,Towers with Radar,424,134,44,43,645,0,196,134,14,344,424,330,178,57,989,0,0,0,989
08/11/2022,HNL,HI,AWP,WE,Towers with Radar,412,125,28,42,607,0,193,122,12,327,412,318,150,54,934,0,0,0,934
08/12/2022,HNL,HI,AWP,WE,Towers with Radar,416,119,30,40,605,0,217,137,14,368,416,336,167,54,973,0,0,0,973
08/13/2022,HNL,HI,AWP,WE,Towers with Radar,384,84,22,52,542,0,208,92,5,305,384,292,114,57,847,0,0,0,847
08/14/2022,HNL,HI,AWP,WE,Towers with Radar,406,92,24,44,566,0,189,103,7,299,406,281,127,51,865,0,0,0,865
08/15/2022,HNL,HI,AWP,WE,Towers with Radar,430,135,37,42,644,0,207,161,8,376,430,342,198,50,1020,0,0,0,1020
08/16/2022,HNL,HI,AWP,WE,Towers with Radar,388,106,26,68,588,0,228,144,6,378,388,334,170,74,966,0,0,0,966
08/17/2022,HNL,HI,AWP,WE,Towers with Radar,405,98,27,28,558,0,204,180,16,400,405,302,207,44,958,0,0,0,958
08/18/2022,HNL,HI,AWP,WE,Towers with Radar,432,111,23,27,593,0,264,157,5,426,432,375,180,32,1019,0,0,0,1019
08/19/2022,HNL,HI,AWP,WE,Towers with Radar,416,92,27,24,559,0,255,155,13,423,416,347,182,37,982,0,0,0,982
08/20/2022,HNL,HI,AWP,WE,Towers with Radar,395,80,21,21,517,0,134,115,8,257,395,214,136,29,774,0,0,0,774
08/21/2022,HNL,HI,AWP,WE,Towers with Radar,400,96,21,16,533,0,205,116,0,321,400,301,137,16,854,0,0,0,854
08/22/2022,HNL,HI,AWP,WE,Towers with Radar,411,143,17,27,598,0,224,127,5,356,411,367,144,32,954,0,0,0,954
08/23/2022,HNL,HI,AWP,WE,Towers with Radar,396,113,29,38,576,0,130,112,13,255,396,243,141,51,831,0,0,0,831
08/24/2022,HNL,HI,AWP,WE,Towers with Radar,400,107,40,40,587,0,275,184,13,472,400,382,224,53,1059,0,0,0,1059
08/25/2022,HNL,HI,AWP,WE,Towers with Radar,437,105,21,33,596,0,216,111,18,345,437,321,132,51,941,0,0,0,941
08/26/2022,HNL,HI,AWP,WE,Towers with Radar,442,120,22,17,601,0,228,152,3,383,442,348,174,20,984,0,0,0,984
08/27/2022,HNL,HI,AWP,WE,Towers with Radar,393,70,29,23,515,0,216,99,1,316,393,286,128,24,831,0,0,0,831
08/28/2022,HNL,HI,AWP,WE,Towers with Radar,411,90,24,10,535,0,211,173,3,387,411,301,197,13,922,0,0,0,922
08/29/2022,HNL,HI,AWP,WE,Towers with Radar,426,118,16,17,577,0,208,129,5,342,426,326,145,22,919,0,0,0,919
08/30/2022,HNL,HI,AWP,WE,Towers with Radar,390,105,27,74,596,0,186,163,12,361,390,291,190,86,957,0,0,0,957
08/31/2022,HNL,HI,AWP,WE,Towers with Radar,414,105,21,40,580,0,189,145,12,346,414,294,166,52,926,0,0,0,926
09/01/2022,HNL,HI,AWP,WE,Towers with Radar,429,131,19,44,623,0,227,138,3,368,429,358,157,47,991,0,0,0,991
09/02/2022,HNL,HI,AWP,WE,Towers with Radar,435,108,30,13,586,0,206,115,1,322,435,314,145,14,908,0,0,0,908
09/03/2022,HNL,HI,AWP,WE,Towers with Radar,392,105,37,7,541,0,144,80,6,230,392,249,117,13,771,0,0,0,771
09/04/2022,HNL,HI,AWP,WE,Towers with Radar,413,63,20,13,509,0,172,140,4,316,413,235,160,17,825,0,0,0,825
09/05/2022,HNL,HI,AWP,WE,Towers with Radar,416,91,13,2,522,0,195,157,0,352,416,286,170,2,874,0,0,0,874
09/06/2022,HNL,HI,AWP,WE,Towers with Radar,374,115,17,39,545,0,198,143,3,344,374,313,160,42,889,0,0,0,889
09/07/2022,HNL,HI,AWP,WE,Towers with Radar,436,106,22,30,594,0,145,199,12,356,436,251,221,42,950,0,0,0,950
09/08/2022,HNL,HI,AWP,WE,Towers with Radar,408,109,23,31,571,0,159,140,10,309,408,268,163,41,880,0,0,0,880
09/09/2022,HNL,HI,AWP,WE,Towers with Radar,423,141,32,23,619,0,108,108,7,223,423,249,140,30,842,0,0,0,842
09/10/2022,HNL,HI,AWP,WE,Towers with Radar,374,79,19,20,492,0,188,128,15,331,374,267,147,35,823,0,0,0,823
09/11/2022,HNL,HI,AWP,WE,Towers with Radar,375,78,32,13,498,0,194,98,22,314,375,272,130,35,812,0,0,0,812
09/12/2022,HNL,HI,AWP,WE,Towers with Radar,401,126,18,19,564,0,197,149,10,356,401,323,167,29,920,0,0,0,920
09/13/2022,HNL,HI,AWP,WE,Towers with Radar,394,101,12,31,538,0,159,150,8,317,394,260,162,39,855,0,0,0,855
09/14/2022,HNL,HI,AWP,WE,Towers with Radar,399,90,14,18,521,0,216,200,10,426,399,306,214,28,947,0,0,0,947
09/15/2022,HNL,HI,AWP,WE,Towers with Radar,431,121,32,49,633,0,226,169,14,409,431,347,201,63,1042,0,0,0,1042
09/16/2022,HNL,HI,AWP,WE,Towers with Radar,412,136,28,23,599,0,155,96,2,253,412,291,124,25,852,0,0,0,852
09/17/2022,HNL,HI,AWP,WE,Towers with Radar,384,81,32,18,515,0,174,131,6,311,384,255,163,24,826,0,0,0,826
09/18/2022,HNL,HI,AWP,WE,Towers with Radar,381,103,16,34,534,0,116,92,1,209,381,219,108,35,743,0,0,0,743
09/19/2022,HNL,HI,AWP,WE,Towers with Radar,395,109,16,36,556,0,154,124,5,283,395,263,140,41,839,0,0,0,839
09/20/2022,HNL,HI,AWP,WE,Towers with Radar,376,97,17,28,518,0,193,159,2,354,376,290,176,30,872,0,0,0,872
09/21/2022,HNL,HI,AWP,WE,Towers with Radar,389,90,20,62,561,0,213,142,7,362,389,303,162,69,923,0,0,0,923
09/22/2022,HNL,HI,AWP,WE,Towers with Radar,433,123,20,48,624,0,187,136,10,333,433,310,156,58,957,0,0,0,957
09/23/2022,HNL,HI,AWP,WE,Towers with Radar,424,128,23,24,599,0,218,168,1,387,424,346,191,25,986,0,0,0,986
09/24/2022,HNL,HI,AWP,WE,Towers with Radar,388,78,41,27,534,0,143,158,6,307,388,221,199,33,841,0,0,0,841
09/25/2022,HNL,HI,AWP,WE,Towers with Radar,384,88,22,10,504,0,105,85,2,192,384,193,107,12,696,0,0,0,696
09/26/2022,HNL,HI,AWP,WE,Towers with Radar,400,103,21,47,571,0,188,123,8,319,400,291,144,55,890,0,0,0,890
09/27/2022,HNL,HI,AWP,WE,Towers with Radar,385,95,40,51,571,0,191,136,8,335,385,286,176,59,906,0,0,0,906
09/28/2022,HNL,HI,AWP,WE,Towers with Radar,388,96,18,45,547,0,228,159,9,396,388,324,177,54,943,0,0,0,943
09/29/2022,HNL,HI,AWP,WE,Towers with Radar,410,115,21,55,601,0,160,142,9,311,410,275,163,64,912,0,0,0,912
09/30/2022,HNL,HI,AWP,WE,Towers with Radar,422,94,29,26,571,0,245,144,12,401,422,339,173,38,972,0,0,0,972
10/01/2022,HNL,HI,AWP,WE,Towers with Radar,392,99,25,62,578,0,176,128,3,307,392,275,153,65,885,0,0,0,885
10/02/2022,HNL,HI,AWP,WE,Towers with Radar,381,107,19,20,527,0,18,12,1,31,381,125,31,21,558,0,0,0,558
10/03/2022,HNL,HI,AWP,WE,Towers with Radar,403,124,23,25,575,0,240,171,13,424,403,364,194,38,999,0,0,0,999
10/04/2022,HNL,HI,AWP,WE,Towers with Radar,385,132,19,44,580,0,177,116,10,303,385,309,135,54,883,0,0,0,883
10/05/2022,HNL,HI,AWP,WE,Towers with Radar,355,96,16,49,516,0,203,153,8,364,355,299,169,57,880,0,0,0,880
10/06/2022,HNL,HI,AWP,WE,Towers with Radar,404,98,20,40,562,0,211,123,7,341,404,309,143,47,903,0,0,0,903
10/07/2022,HNL,HI,AWP,WE,Towers with Radar,422,120,25,26,593,0,233,148,2,383,422,353,173,28,976,0,0,0,976
10/08/2022,HNL,HI,AWP,WE,Towers with Radar,382,88,31,9,510,0,200,103,9,312,382,288,134,18,822,0,0,0,822
10/09/2022,HNL,HI,AWP,WE,Towers with Radar,393,101,28,8,530,0,171,118,4,293,393,272,146,12,823,0,0,0,823
10/10/2022,HNL,HI,AWP,WE,Towers with Radar,410,146,21,16,593,0,184,146,1,331,410,330,167,17,924,0,0,0,924
10/11/2022,HNL,HI,AWP,WE,Towers with Radar,381,128,34,14,557,0,144,67,1,212,381,272,101,15,769,0,0,0,769
10/12/2022,HNL,HI,AWP,WE,Towers with Radar,383,127,16,46,572,0,140,85,1,226,383,267,101,47,798,3,0,3,801
10/13/2022,HNL,HI,AWP,WE,Towers with Radar,406,122,12,46,586,0,219,108,8,335,406,341,120,54,921,0,0,0,921
10/14/2022,HNL,HI,AWP,WE,Towers with Radar,410,112,30,33,585,0,215,145,7,367,410,327,175,40,952,0,0,0,952
10/15/2022,HNL,HI,AWP,WE,Towers with Radar,393,78,19,14,504,0,184,126,4,314,393,262,145,18,818,0,0,0,818
10/16/2022,HNL,HI,AWP,WE,Towers with Radar,396,84,20,14,514,0,160,94,6,260,396,244,114,20,774,0,0,0,774
10/17/2022,HNL,HI,AWP,WE,Towers with Radar,425,129,27,41,622,0,195,124,1,320,425,324,151,42,942,0,0,0,942
10/18/2022,HNL,HI,AWP,WE,Towers with Radar,387,109,24,55,575,0,154,106,3,263,387,263,130,58,838,0,0,0,838
10/19/2022,HNL,HI,AWP,WE,Towers with Radar,382,105,15,52,554,0,141,106,0,247,382,246,121,52,801,5,0,5,806
10/20/2022,HNL,HI,AWP,WE,Towers with Radar,396,126,15,67,604,0,251,160,4,415,396,377,175,71,1019,0,0,0,1019
10/21/2022,HNL,HI,AWP,WE,Towers with Radar,428,119,26,21,594,0,231,158,4,393,428,350,184,25,987,0,0,0,987
10/22/2022,HNL,HI,AWP,WE,Towers with Radar,387,84,28,42,541,0,229,128,7,364,387,313,156,49,905,0,0,0,905
10/23/2022,HNL,HI,AWP,WE,Towers with Radar,380,95,17,26,518,0,112,105,3,220,380,207,122,29,738,0,0,0,738
10/24/2022,HNL,HI,AWP,WE,Towers with Radar,406,122,21,25,574,0,234,136,5,375,406,356,157,30,949,0,0,0,949
10/25/2022,HNL,HI,AWP,WE,Towers with Radar,392,111,25,39,567,0,164,122,6,292,392,275,147,45,859,0,0,0,859
10/26/2022,HNL,HI,AWP,WE,Towers with Radar,395,116,23,51,585,0,110,79,4,193,395,226,102,55,778,0,0,0,778
10/27/2022,HNL,HI,AWP,WE,Towers with Radar,406,115,20,44,585,0,198,163,15,376,406,313,183,59,961,0,0,0,961
10/28/2022,HNL,HI,AWP,WE,Towers with Radar,420,143,23,58,644,0,153,107,11,271,420,296,130,69,915,0,0,0,915
10/29/2022,HNL,HI,AWP,WE,Towers with Radar,377,101,24,25,527,0,187,139,15,341,377,288,163,40,868,0,0,0,868
10/30/2022,HNL,HI,AWP,WE,Towers with Radar,393,93,18,12,516,0,121,97,2,220,393,214,115,14,736,0,0,0,736
10/31/2022,HNL,HI,AWP,WE,Towers with Radar,378,114,24,52,568,0,189,124,9,322,378,303,148,61,890,0,0,0,890
11/01/2022,HNL,HI,AWP,WE,Towers with Radar,388,121,22,52,583,0,177,121,3,301,388,298,143,55,884,0,0,0,884
11/02/2022,HNL,HI,AWP,WE,Towers with Radar,390,109,21,50,570,0,171,136,5,312,390,280,157,55,882,0,0,0,882
11/03/2022,HNL,HI,AWP,WE,Towers with Radar,407,107,20,49,583,0,162,117,14,293,407,269,137,63,876,0,0,0,876
11/04/2022,HNL,HI,AWP,WE,Towers with Radar,427,115,32,33,607,0,183,126,12,321,427,298,158,45,928,0,0,0,928
11/05/2022,HNL,HI,AWP,WE,Towers with Radar,374,108,28,84,594,0,168,114,7,289,374,276,142,91,883,0,0,0,883
11/06/2022,HNL,HI,AWP,WE,Towers with Radar,386,111,21,21,539,0,131,123,10,264,386,242,144,31,803,0,0,0,803
11/07/2022,HNL,HI,AWP,WE,Towers with Radar,410,110,17,36,573,0,301,152,33,486,410,411,169,69,1059,0,0,0,1059
11/08/2022,HNL,HI,AWP,WE,Towers with Radar,398,105,23,36,562,0,164,122,11,297,398,269,145,47,859,0,0,0,859
11/09/2022,HNL,HI,AWP,WE,Towers with Radar,400,107,22,61,590,0,167,157,12,336,400,274,179,73,926,0,0,0,926
11/10/2022,HNL,HI,AWP,WE,Towers with Radar,417,116,27,47,607,0,150,114,10,274,417,266,141,57,881,0,0,0,881
11/11/2022,HNL,HI,AWP,WE,Towers with Radar,432,122,37,29,620,0,173,122,8,303,432,295,159,37,923,0,0,0,923
11/12/2022,HNL,HI,AWP,WE,Towers with Radar,407,112,21,28,568,0,131,73,6,210,407,243,94,34,778,0,0,0,778
11/13/2022,HNL,HI,AWP,WE,Towers with Radar,389,95,41,19,544,0,144,90,6,240,389,239,131,25,784,0,0,0,784
11/14/2022,HNL,HI,AWP,WE,Towers with Radar,405,122,23,53,603,0,207,119,4,330,405,329,142,57,933,0,0,0,933
11/15/2022,HNL,HI,AWP,WE,Towers with Radar,398,106,38,71,613,0,111,113,3,227,398,217,151,74,840,0,0,0,840
11/16/2022,HNL,HI,AWP,WE,Towers with Radar,415,106,26,66,613,0,153,109,14,276,415,259,135,80,889,0,0,0,889
11/17/2022,HNL,HI,AWP,WE,Towers with Radar,449,128,34,68,679,0,177,121,17,315,449,305,155,85,994,0,0,0,994
11/18/2022,HNL,HI,AWP,WE,Towers with Radar,455,131,33,54,673,0,170,106,7,283,455,301,139,61,956,0,0,0,956
11/19/2022,HNL,HI,AWP,WE,Towers with Radar,422,96,39,31,588,0,133,97,3,233,422,229,136,34,821,0,0,0,821
11/20/2022,HNL,HI,AWP,WE,Towers with Radar,396,96,25,26,543,0,95,104,2,201,396,191,129,28,744,0,0,0,744
11/21/2022,HNL,HI,AWP,WE,Towers with Radar,431,131,23,62,647,0,152,77,2,231,431,283,100,64,878,0,0,0,878
11/22/2022,HNL,HI,AWP,WE,Towers with Radar,421,104,23,55,603,0,189,121,4,314,421,293,144,59,917,0,0,0,917
11/23/2022,HNL,HI,AWP,WE,Towers with Radar,429,133,28,42,632,0,171,122,9,302,429,304,150,51,934,0,0,0,934
11/24/2022,HNL,HI,AWP,WE,Towers with Radar,396,74,8,7,485,0,36,14,0,50,396,110,22,7,535,0,0,0,535
11/25/2022,HNL,HI,AWP,WE,Towers with Radar,420,128,18,14,580,0,249,97,2,348,420,377,115,16,928,0,0,0,928
11/26/2022,HNL,HI,AWP,WE,Towers with Radar,361,90,35,16,502,0,144,123,5,272,361,234,158,21,774,0,0,0,774
11/27/2022,HNL,HI,AWP,WE,Towers with Radar,418,115,19,8,560,0,104,116,1,221,418,219,135,9,781,0,0,0,781
11/28/2022,HNL,HI,AWP,WE,Towers with Radar,425,161,35,32,653,0,64,34,2,100,425,225,69,34,753,0,0,0,753
11/29/2022,HNL,HI,AWP,WE,Towers with Radar,424,114,29,58,625,0,212,154,37,403,424,326,183,95,1028,0,0,0,1028
11/30/2022,HNL,HI,AWP,WE,Towers with Radar,427,123,27,125,702,0,124,154,1,279,427,247,181,126,981,0,0,0,981
12/01/2022,HNL,HI,AWP,WE,Towers with Radar,459,108,37,111,715,0,187,184,8,379,459,295,221,119,1094,0,0,0,1094
12/02/2022,HNL,HI,AWP,WE,Towers with Radar,452,146,38,103,739,0,155,147,4,306,452,301,185,107,1045,0,0,0,1045
12/03/2022,HNL,HI,AWP,WE,Towers with Radar,427,87,17,80,611,0,142,160,5,307,427,229,177,85,918,0,0,0,918
12/04/2022,HNL,HI,AWP,WE,Towers with Radar,396,118,26,18,558,0,122,104,11,237,396,240,130,29,795,0,0,0,795
12/05/2022,HNL,HI,AWP,WE,Towers with Radar,433,106,20,35,594,0,165,140,10,315,433,271,160,45,909,0,0,0,909
12/06/2022,HNL,HI,AWP,WE,Towers with Radar,413,93,18,106,630,0,168,110,6,284,413,261,128,112,914,0,0,0,914
12/07/2022,HNL,HI,AWP,WE,Towers with Radar,436,108,22,103,669,0,161,86,12,259,436,269,108,115,928,0,0,0,928
12/08/2022,HNL,HI,AWP,WE,Towers with Radar,441,115,20,96,672,0,145,78,2,225,441,260,98,98,897,0,0,0,897
12/09/2022,HNL,HI,AWP,WE,Towers with Radar,450,171,18,44,683,0,109,42,8,159,450,280,60,52,842,0,0,0,842
12/10/2022,HNL,HI,AWP,WE,Towers with Radar,449,106,13,20,588,0,148,68,1,217,449,254,81,21,805,0,0,0,805
12/11/2022,HNL,HI,AWP,WE,Towers with Radar,406,102,27,29,564,0,71,56,0,127,406,173,83,29,691,0,0,0,691
12/12/2022,HNL,HI,AWP,WE,Towers with Radar,437,140,22,74,673,0,165,107,5,277,437,305,129,79,950,0,0,0,950
12/13/2022,HNL,HI,AWP,WE,Towers with Radar,409,107,23,77,616,0,124,98,9,231,409,231,121,86,847,0,0,0,847
12/14/2022,HNL,HI,AWP,WE,Towers with Radar,449,110,32,74,665,0,203,142,13,358,449,313,174,87,1023,0,0,0,1023
12/15/2022,HNL,HI,AWP,WE,Towers with Radar,466,114,34,57,671,0,144,113,10,267,466,258,147,67,938,0,0,0,938
12/16/2022,HNL,HI,AWP,WE,Towers with Radar,490,111,18,16,635,0,145,108,7,260,490,256,126,23,895,0,0,0,895
12/17/2022,HNL,HI,AWP,WE,Towers with Radar,449,132,16,28,625,0,118,89,5,212,449,250,105,33,837,0,0,0,837
12/18/2022,HNL,HI,AWP,WE,Towers with Radar,380,51,8,11,450,0,7,1,0,8,380,58,9,11,458,0,0,0,458
12/19/2022,HNL,HI,AWP,WE,Towers with Radar,424,120,7,25,576,0,19,5,0,24,424,139,12,25,600,0,0,0,600
12/20/2022,HNL,HI,AWP,WE,Towers with Radar,463,129,12,51,655,0,102,39,7,148,463,231,51,58,803,0,0,0,803
12/21/2022,HNL,HI,AWP,WE,Towers with Radar,482,129,13,37,661,0,137,120,5,262,482,266,133,42,923,0,0,0,923
12/22/2022,HNL,HI,AWP,WE,Towers with Radar,486,99,32,20,637,0,192,122,8,322,486,291,154,28,959,0,0,0,959
12/23/2022,HNL,HI,AWP,WE,Towers with Radar,452,112,28,9,601,0,156,96,5,257,452,268,124,14,858,0,0,0,858
12/24/2022,HNL,HI,AWP,WE,Towers with Radar,420,85,9,3,517,0,141,59,1,201,420,226,68,4,718,0,0,0,718
12/25/2022,HNL,HI,AWP,WE,Towers with Radar,397,44,3,7,451,0,119,27,0,146,397,163,30,7,597,0,0,0,597
12/26/2022,HNL,HI,AWP,WE,Towers with Radar,405,66,24,8,503,0,167,117,0,284,405,233,141,8,787,0,0,0,787
12/27/2022,HNL,HI,AWP,WE,Towers with Radar,426,88,33,8,555,0,238,109,5,352,426,326,142,13,907,0,0,0,907
12/28/2022,HNL,HI,AWP,WE,Towers with Radar,494,133,22,34,683,0,229,127,5,361,494,362,149,39,1044,0,0,0,1044
12/29/2022,HNL,HI,AWP,WE,Towers with Radar,478,97,15,32,622,0,245,127,1,373,478,342,142,33,995,0,0,0,995
12/30/2022,HNL,HI,AWP,WE,Towers with Radar,488,124,24,14,650,0,275,143,5,423,488,399,167,19,1073,0,0,0,1073
12/31/2022,HNL,HI,AWP,WE,Towers with Radar,448,42,37,5,532,0,271,116,7,394,448,313,153,12,926,0,0,0,926
01/01/2023,HNL,HI,AWP,WE,Towers with Radar,410,105,25,2,542,0,143,65,1,209,410,248,90,3,751,0,0,0,751
01/02/2023,HNL,HI,AWP,WE,Towers with Radar,442,103,27,4,576,0,175,139,8,322,442,278,166,12,898,0,0,0,898
01/03/2023,HNL,HI,AWP,WE,Towers with Radar,441,109,22,25,597,0,213,125,1,339,441,322,147,26,936,0,0,0,936
01/04/2023,HNL,HI,AWP,WE,Towers with Radar,459,130,14,39,642,0,34,15,1,50,459,164,29,40,692,0,0,0,692
01/05/2023,HNL,HI,AWP,WE,Towers with Radar,490,94,19,41,644,0,218,110,19,347,490,312,129,60,991,0,0,0,991
01/06/2023,HNL,HI,AWP,WE,Towers with Radar,463,101,40,24,628,0,219,166,11,396,463,320,206,35,1024,0,0,0,1024
01/07/2023,HNL,HI,AWP,WE,Towers with Radar,425,56,26,51,558,0,163,103,5,271,425,219,129,56,829,0,0,0,829
01/08/2023,HNL,HI,AWP,WE,Towers with Radar,424,82,15,9,530,0,124,124,7,255,424,206,139,16,785,0,0,0,785
01/09/2023,HNL,HI,AWP,WE,Towers with Radar,448,125,26,14,613,0,193,142,9,344,448,318,168,23,957,0,0,0,957
01/10/2023,HNL,HI,AWP,WE,Towers with Radar,454,118,23,51,646,0,194,124,5,323,454,312,147,56,969,0,0,0,969
01/11/2023,HNL,HI,AWP,WE,Towers with Radar,408,122,20,52,602,0,187,159,19,365,408,309,179,71,967,0,0,0,967
01/12/2023,HNL,HI,AWP,WE,Towers with Radar,454,127,15,41,637,0,183,125,9,317,454,310,140,50,954,0,0,0,954
01/13/2023,HNL,HI,AWP,WE,Towers with Radar,442,127,22,21,612,0,229,141,6,376,442,356,163,27,988,0,0,0,988
01/14/2023,HNL,HI,AWP,WE,Towers with Radar,405,99,22,8,534,0,150,122,2,274,405,249,144,10,808,0,0,0,808
01/15/2023,HNL,HI,AWP,WE,Towers with Radar,418,106,13,10,547,0,40,93,3,136,418,146,106,13,683,0,0,0,683
01/16/2023,HNL,HI,AWP,WE,Towers with Radar,418,110,25,13,566,0,172,126,2,300,418,282,151,15,866,0,0,0,866
01/17/2023,HNL,HI,AWP,WE,Towers with Radar,417,119,32,70,638,0,171,125,5,301,417,290,157,75,939,0,0,0,939
01/18/2023,HNL,HI,AWP,WE,Towers with Radar,415,111,30,55,611,0,186,141,14,341,415,297,171,69,952,0,0,0,952
01/19/2023,HNL,HI,AWP,WE,Towers with Radar,460,125,21,53,659,0,162,107,20,289,460,287,128,73,948,0,0,0,948
01/20/2023,HNL,HI,AWP,WE,Towers with Radar,444,131,21,49,645,0,158,119,4,281,444,289,140,53,926,0,0,0,926
01/21/2023,HNL,HI,AWP,WE,Towers with Radar,411,107,25,17,560,0,141,84,3,228,411,248,109,20,788,2,0,2,790
01/22/2023,HNL,HI,AWP,WE,Towers with Radar,408,92,12,8,520,0,134,137,0,271,408,226,149,8,791,0,0,0,791
01/23/2023,HNL,HI,AWP,WE,Towers with Radar,424,134,16,10,584,0,176,107,9,292,424,310,123,19,876,0,0,0,876
01/24/2023,HNL,HI,AWP,WE,Towers with Radar,415,108,18,45,586,0,195,138,1,334,415,303,156,46,920,0,0,0,920
01/25/2023,HNL,HI,AWP,WE,Towers with Radar,435,138,23,38,634,0,179,116,8,303,435,317,139,46,937,0,0,0,937
01/26/2023,HNL,HI,AWP,WE,Towers with Radar,446,133,13,44,636,0,176,168,9,353,446,309,181,53,989,0,0,0,989
01/27/2023,HNL,HI,AWP,WE,Towers with Radar,445,160,19,28,652,0,147,134,8,289,445,307,153,36,941,0,0,0,941
01/28/2023,HNL,HI,AWP,WE,Towers with Radar,432,108,35,14,589,0,55,39,2,96,432,163,74,16,685,0,0,0,685
01/29/2023,HNL,HI,AWP,WE,Towers with Radar,403,124,21,13,561,0,3,1,1,5,403,127,22,14,566,0,0,0,566
01/30/2023,HNL,HI,AWP,WE,Towers with Radar,406,130,12,54,602,0,61,15,2,78,406,191,27,56,680,0,0,0,680
01/31/2023,HNL,HI,AWP,WE,Towers with Radar,421,133,27,53,634,0,150,91,8,249,421,283,118,61,883,0,0,0,883
02/01/2023,HNL,HI,AWP,WE,Towers with Radar,399,127,15,30,571,0,187,192,19,398,399,314,207,49,969,0,0,0,969
02/02/2023,HNL,HI,AWP,WE,Towers with Radar,453,109,16,30,608,0,186,151,12,349,453,295,167,42,957,0,0,0,957
02/03/2023,HNL,HI,AWP,WE,Towers with Radar,445,139,31,48,663,0,116,104,4,224,445,255,135,52,887,0,0,0,887
02/04/2023,HNL,HI,AWP,WE,Towers with Radar,429,90,31,54,604,0,19,12,1,32,429,109,43,55,636,0,0,0,636
02/05/2023,HNL,HI,AWP,WE,Towers with Radar,406,75,26,26,533,0,149,117,1,267,406,224,143,27,800,0,0,0,800
02/06/2023,HNL,HI,AWP,WE,Towers with Radar,423,125,25,20,593,0,212,114,7,333,423,337,139,27,926,0,0,0,926
02/07/2023,HNL,HI,AWP,WE,Towers with Radar,433,79,25,48,585,0,193,96,6,295,433,272,121,54,880,0,0,0,880
02/08/2023,HNL,HI,AWP,WE,Towers with Radar,433,110,24,50,617,0,111,38,1,150,433,221,62,51,767,0,0,0,767
02/09/2023,HNL,HI,AWP,WE,Towers with Radar,434,146,11,43,634,0,54,18,4,76,434,200,29,47,710,0,0,0,710
02/10/2023,HNL,HI,AWP,WE,Towers with Radar,455,147,11,13,626,0,89,22,2,113,455,236,33,15,739,0,0,0,739
02/11/2023,HNL,HI,AWP,WE,Towers with Radar,437,107,19,13,576,0,121,46,6,173,437,228,65,19,749,0,0,0,749
02/12/2023,HNL,HI,AWP,WE,Towers with Radar,397,83,13,9,502,0,129,45,0,174,397,212,58,9,676,0,0,0,676
02/13/2023,HNL,HI,AWP,WE,Towers with Radar,407,122,12,27,568,0,151,109,9,269,407,273,121,36,837,0,0,0,837
02/14/2023,HNL,HI,AWP,WE,Towers with Radar,436,115,19,45,615,0,167,106,13,286,436,282,125,58,901,0,0,0,901
02/15/2023,HNL,HI,AWP,WE,Towers with Radar,425,129,20,56,630,0,180,147,9,336,425,309,167,65,966,0,0,0,966
02/16/2023,HNL,HI,AWP,WE,Towers with Radar,470,103,17,47,637,0,177,130,16,323,470,280,147,63,960,0,0,0,960
02/17/2023,HNL,HI,AWP,WE,Towers with Radar,459,105,27,20,611,0,35,8,0,43,459,140,35,20,654,0,0,0,654
02/18/2023,HNL,HI,AWP,WE,Towers with Radar,436,104,11,19,570,0,134,73,1,208,436,238,84,20,778,0,0,0,778
02/19/2023,HNL,HI,AWP,WE,Towers with Radar,410,80,22,11,523,0,133,103,0,236,410,213,125,11,759,0,0,0,759
02/20/2023,HNL,HI,AWP,WE,Towers with Radar,427,126,17,11,581,0,44,42,0,86,427,170,59,11,667,0,0,0,667
02/21/2023,HNL,HI,AWP,WE,Towers with Radar,415,111,17,57,600,0,221,130,9,360,415,332,147,66,960,0,0,0,960
02/22/2023,HNL,HI,AWP,WE,Towers with Radar,433,122,23,48,626,0,132,74,3,209,433,254,97,51,835,0,0,0,835
02/23/2023,HNL,HI,AWP,WE,Towers with Radar,450,131,24,50,655,0,168,88,9,265,450,299,112,59,920,0,0,0,920
02/24/2023,HNL,HI,AWP,WE,Towers with Radar,440,111,23,34,608,0,133,54,3,190,440,244,77,37,798,0,0,0,798
02/25/2023,HNL,HI,AWP,WE,Towers with Radar,435,70,18,29,552,0,146,82,8,236,435,216,100,37,788,0,0,0,788
02/26/2023,HNL,HI,AWP,WE,Towers with Radar,419,91,21,19,550,0,116,60,0,176,419,207,81,19,726,0,0,0,726
02/27/2023,HNL,HI,AWP,WE,Towers with Radar,419,118,20,55,612,0,136,84,4,224,419,254,104,59,836,0,0,0,836
02/28/2023,HNL,HI,AWP,WE,Towers with Radar,420,122,11,47,600,0,101,24,1,126,420,223,35,48,726,0,0,0,726
03/01/2023,HNL,HI,AWP,WE,Towers with Radar,422,129,5,46,602,0,74,15,2,91,422,203,20,48,693,0,0,0,693
03/02/2023,HNL,HI,AWP,WE,Towers with Radar,459,104,16,48,627,0,115,49,12,176,459,219,65,60,803,0,0,0,803
03/03/2023,HNL,HI,AWP,WE,Towers with Radar,448,133,25,38,644,0,141,114,5,260,448,274,139,43,904,0,0,0,904
03/04/2023,HNL,HI,AWP,WE,Towers with Radar,436,73,19,62,590,0,145,143,3,291,436,218,162,65,881,0,0,0,881
03/05/2023,HNL,HI,AWP,WE,Towers with Radar,410,105,16,28,559,0,158,113,0,271,410,263,129,28,830,0,0,0,830
03/06/2023,HNL,HI,AWP,WE,Towers with Radar,451,135,23,26,635,0,63,46,3,112,451,198,69,29,747,0,0,0,747
03/07/2023,HNL,HI,AWP,WE,Towers with Radar,430,129,22,61,642,0,110,71,3,184,430,239,93,64,826,0,0,0,826
03/08/2023,HNL,HI,AWP,WE,Towers with Radar,439,119,17,53,628,0,29,16,2,47,439,148,33,55,675,0,0,0,675
03/09/2023,HNL,HI,AWP,WE,Towers with Radar,473,107,23,43,646,0,185,139,2,326,473,292,162,45,972,0,0,0,972
03/10/2023,HNL,HI,AWP,WE,Towers with Radar,450,126,19,21,616,0,205,198,3,406,450,331,217,24,1022,0,0,0,1022
03/11/2023,HNL,HI,AWP,WE,Towers with Radar,443,85,29,31,588,0,184,150,2,336,443,269,179,33,924,8,0,8,932
03/12/2023,HNL,HI,AWP,WE,Towers with Radar,416,95,13,16,540,0,125,89,1,215,416,220,102,17,755,0,0,0,755
03/13/2023,HNL,HI,AWP,WE,Towers with Radar,434,114,15,47,610,0,229,135,6,370,434,343,150,53,980,0,0,0,980
03/14/2023,HNL,HI,AWP,WE,Towers with Radar,433,125,12,41,611,0,55,23,3,81,433,180,35,44,692,0,0,0,692
03/15/2023,HNL,HI,AWP,WE,Towers with Radar,407,151,10,33,601,0,174,143,3,320,407,325,153,36,921,0,0,0,921
03/16/2023,HNL,HI,AWP,WE,Towers with Radar,452,145,20,37,654,0,173,160,4,337,452,318,180,41,991,0,0,0,991
03/17/2023,HNL,HI,AWP,WE,Towers with Radar,442,124,18,31,615,0,218,150,0,368,442,342,168,31,983,0,0,0,983
03/18/2023,HNL,HI,AWP,WE,Towers with Radar,414,80,23,16,533,0,152,164,2,318,414,232,187,18,851,0,0,0,851
03/19/2023,HNL,HI,AWP,WE,Towers with Radar,455,112,32,13,612,0,117,99,10,226,455,229,131,23,838,0,0,0,838
03/20/2023,HNL,HI,AWP,WE,Towers with Radar,445,123,29,16,613,0,171,131,4,306,445,294,160,20,919,0,0,0,919
03/21/2023,HNL,HI,AWP,WE,Towers with Radar,430,121,20,53,624,0,176,147,2,325,430,297,167,55,949,0,0,0,949
03/22/2023,HNL,HI,AWP,WE,Towers with Radar,438,126,22,37,623,0,177,155,2,334,438,303,177,39,957,0,0,0,957
03/23/2023,HNL,HI,AWP,WE,Towers with Radar,457,148,16,25,646,0,167,57,9,233,457,315,73,34,879,0,0,0,879
03/24/2023,HNL,HI,AWP,WE,Towers with Radar,468,110,31,37,646,0,210,174,1,385,468,320,205,38,1031,0,0,0,1031
03/25/2023,HNL,HI,AWP,WE,Towers with Radar,435,98,27,18,578,0,171,138,0,309,435,269,165,18,887,0,0,0,887
03/26/2023,HNL,HI,AWP,WE,Towers with Radar,426,88,15,13,542,0,152,126,0,278,426,240,141,13,820,0,0,0,820
03/27/2023,HNL,HI,AWP,WE,Towers with Radar,455,119,14,36,624,0,231,150,1,382,455,350,164,37,1006,0,0,0,1006
03/28/2023,HNL,HI,AWP,WE,Towers with Radar,450,121,21,51,643,0,169,98,1,268,450,290,119,52,911,0,0,0,911
03/29/2023,HNL,HI,AWP,WE,Towers with Radar,430,155,11,38,634,0,121,59,13,193,430,276,70,51,827,0,0,0,827
03/30/2023,HNL,HI,AWP,WE,Towers with Radar,443,98,21,60,622,0,190,142,10,342,443,288,163,70,964,0,0,0,964
03/31/2023,HNL,HI,AWP,WE,Towers with Radar,465,94,25,33,617,0,157,140,0,297,465,251,165,33,914,0,0,0,914
04/01/2023,HNL,HI,AWP,WE,Towers with Radar,414,67,37,67,585,0,123,81,0,204,414,190,118,67,789,0,0,0,789
04/02/2023,HNL,HI,AWP,WE,Towers with Radar,408,102,25,22,557,0,47,56,3,106,408,149,81,25,663,0,0,0,663
04/03/2023,HNL,HI,AWP,WE,Towers with Radar,455,133,26,22,636,0,192,146,6,344,455,325,172,28,980,0,0,0,980
04/04/2023,HNL,HI,AWP,WE,Towers with Radar,463,108,24,67,662,0,141,109,2,252,463,249,133,69,914,0,0,0,914
04/05/2023,HNL,HI,AWP,WE,Towers with Radar,430,142,32,56,660,0,200,135,6,341,430,342,167,62,1001,0,0,0,1001
04/06/2023,HNL,HI,AWP,WE,Towers with Radar,454,108,40,70,672,0,194,111,3,308,454,302,151,73,980,0,0,0,980
04/07/2023,HNL,HI,AWP,WE,Towers with Radar,459,103,35,30,627,0,180,140,7,327,459,283,175,37,954,0,0,0,954
04/08/2023,HNL,HI,AWP,WE,Towers with Radar,422,76,17,17,532,0,135,138,2,275,422,211,155,19,807,0,0,0,807
04/09/2023,HNL,HI,AWP,WE,Towers with Radar,405,86,16,11,518,0,50,15,1,66,405,136,31,12,584,0,0,0,584
04/10/2023,HNL,HI,AWP,WE,Towers with Radar,439,116,19,8,582,0,219,157,1,377,439,335,176,9,959,0,0,0,959
04/11/2023,HNL,HI,AWP,WE,Towers with Radar,439,127,19,42,627,0,207,82,3,292,439,334,101,45,919,0,0,0,919
04/12/2023,HNL,HI,AWP,WE,Towers with Radar,452,117,15,42,626,0,200,115,5,320,452,317,130,47,946,0,0,0,946
04/13/2023,HNL,HI,AWP,WE,Towers with Radar,450,115,26,52,643,0,156,141,10,307,450,271,167,62,950,0,0,0,950
04/14/2023,HNL,HI,AWP,WE,Towers with Radar,447,100,22,44,613,0,221,171,3,395,447,321,193,47,1008,0,0,0,1008
04/15/2023,HNL,HI,AWP,WE,Towers with Radar,424,83,31,13,551,0,126,168,4,298,424,209,199,17,849,0,0,0,849
04/16/2023,HNL,HI,AWP,WE,Towers with Radar,417,73,28,10,528,0,146,155,5,306,417,219,183,15,834,0,0,0,834
04/17/2023,HNL,HI,AWP,WE,Towers with Radar,445,106,30,45,626,0,190,106,9,305,445,296,136,54,931,0,0,0,931
04/18/2023,HNL,HI,AWP,WE,Towers with Radar,407,130,19,33,589,0,124,55,3,182,407,254,74,36,771,0,0,0,771
04/19/2023,HNL,HI,AWP,WE,Towers with Radar,387,113,12,57,569,0,97,86,4,187,387,210,98,61,756,0,0,0,756
04/20/2023,HNL,HI,AWP,WE,Towers with Radar,432,130,27,40,629,0,169,132,5,306,432,299,159,45,935,0,0,0,935
04/21/2023,HNL,HI,AWP,WE,Towers with Radar,451,117,25,28,621,0,204,154,1,359,451,321,179,29,980,0,0,0,980
04/22/2023,HNL,HI,AWP,WE,Towers with Radar,406,85,25,14,530,0,148,122,1,271,406,233,147,15,801,0,0,0,801
04/23/2023,HNL,HI,AWP,WE,Towers with Radar,404,81,23,7,515,0,126,159,0,285,404,207,182,7,800,0,0,0,800
04/24/2023,HNL,HI,AWP,WE,Towers with Radar,430,105,17,20,572,0,201,113,10,324,430,306,130,30,896,0,0,0,896
04/25/2023,HNL,HI,AWP,WE,Towers with Radar,416,134,32,40,622,0,140,140,6,286,416,274,172,46,908,0,0,0,908
04/26/2023,HNL,HI,AWP,WE,Towers with Radar,410,139,20,52,621,0,149,161,2,312,410,288,181,54,933,0,0,0,933
04/27/2023,HNL,HI,AWP,WE,Towers with Radar,433,149,24,33,639,0,32,29,0,61,433,181,53,33,700,0,0,0,700
04/28/2023,HNL,HI,AWP,WE,Towers with Radar,461,122,15,48,646,0,224,128,7,359,461,346,143,55,1005,2,0,2,1007
04/29/2023,HNL,HI,AWP,WE,Towers with Radar,409,84,20,21,534,0,134,111,0,245,409,218,131,21,779,0,0,0,779
04/30/2023,HNL,HI,AWP,WE,Towers with Radar,408,75,16,18,517,0,146,180,0,326,408,221,196,18,843,0,0,0,843
05/01/2023,HNL,HI,AWP,WE,Towers with Radar,440,116,26,55,637,0,223,149,1,373,440,339,175,56,1010,0,0,0,1010
05/02/2023,HNL,HI,AWP,WE,Towers with Radar,433,119,12,41,605,0,98,85,1,184,433,217,97,42,789,0,0,0,789
05/03/2023,HNL,HI,AWP,WE,Towers with Radar,415,120,10,46,591,0,203,186,12,401,415,323,196,58,992,0,0,0,992
05/04/2023,HNL,HI,AWP,WE,Towers with Radar,448,121,13,32,614,0,198,165,4,367,448,319,178,36,981,0,0,0,981
05/05/2023,HNL,HI,AWP,WE,Towers with Radar,448,89,18,33,588,0,190,104,2,296,448,279,122,35,884,0,0,0,884
05/06/2023,HNL,HI,AWP,WE,Towers with Radar,419,65,19,24,527,0,169,81,0,250,419,234,100,24,777,0,0,0,777
05/07/2023,HNL,HI,AWP,WE,Towers with Radar,411,74,15,24,524,0,128,122,0,250,411,202,137,24,774,0,0,0,774
05/08/2023,HNL,HI,AWP,WE,Towers with Radar,437,110,14,20,581,0,194,133,6,333,437,304,147,26,914,0,0,0,914
05/09/2023,HNL,HI,AWP,WE,Towers with Radar,417,118,19,50,604,0,198,150,8,356,417,316,169,58,960,0,0,0,960
05/10/2023,HNL,HI,AWP,WE,Towers with Radar,406,121,21,51,599,0,146,179,4,329,406,267,200,55,928,0,0,0,928
05/11/2023,HNL,HI,AWP,WE,Towers with Radar,443,107,19,30,599,0,61,73,2,136,443,168,92,32,735,0,0,0,735
05/12/2023,HNL,HI,AWP,WE,Towers with Radar,428,93,7,23,551,0,216,184,4,404,428,309,191,27,955,0,0,0,955
05/13/2023,HNL,HI,AWP,WE,Towers with Radar,429,90,17,16,552,0,152,121,1,274,429,242,138,17,826,0,0,0,826
05/14/2023,HNL,HI,AWP,WE,Towers with Radar,405,99,9,10,523,0,161,102,0,263,405,260,111,10,786,0,0,0,786
05/15/2023,HNL,HI,AWP,WE,Towers with Radar,438,131,12,32,613,0,182,163,5,350,438,313,175,37,963,0,0,0,963
05/16/2023,HNL,HI,AWP,WE,Towers with Radar,409,112,15,46,582,0,169,161,7,337,409,281,176,53,919,0,0,0,919
05/17/2023,HNL,HI,AWP,WE,Towers with Radar,392,106,23,31,552,0,146,151,7,304,392,252,174,38,856,0,0,0,856
05/18/2023,HNL,HI,AWP,WE,Towers with Radar,408,113,13,42,576,0,127,95,5,227,408,240,108,47,803,0,0,0,803
05/19/2023,HNL,HI,AWP,WE,Towers with Radar,456,137,12,17,622,0,88,74,1,163,456,225,86,18,785,0,0,0,785
05/20/2023,HNL,HI,AWP,WE,Towers with Radar,410,82,28,19,539,0,233,162,2,397,410,315,190,21,936,0,0,0,936
05/21/2023,HNL,HI,AWP,WE,Towers with Radar,385,70,12,18,485,0,147,144,2,293,385,217,156,20,778,0,0,0,778
05/22/2023,HNL,HI,AWP,WE,Towers with Radar,432,119,9,40,600,0,194,134,6,334,432,313,143,46,934,0,0,0,934
05/23/2023,HNL,HI,AWP,WE,Towers with Radar,416,109,17,51,593,0,215,136,7,358,416,324,153,58,951,0,0,0,951
05/24/2023,HNL,HI,AWP,WE,Towers with Radar,407,114,16,47,584,0,213,156,3,372,407,327,172,50,956,0,0,0,956
05/25/2023,HNL,HI,AWP,WE,Towers with Radar,437,112,20,51,620,0,196,170,0,366,437,308,190,51,986,0,0,0,986
05/26/2023,HNL,HI,AWP,WE,Towers with Radar,453,117,18,34,622,0,200,164,2,366,453,317,182,36,988,0,0,0,988
05/27/2023,HNL,HI,AWP,WE,Towers with Radar,437,81,21,33,572,0,167,121,2,290,437,248,142,35,862,0,0,0,862
05/28/2023,HNL,HI,AWP,WE,Towers with Radar,413,73,12,19,517,0,93,101,4,198,413,166,113,23,715,0,0,0,715
05/29/2023,HNL,HI,AWP,WE,Towers with Radar,421,91,17,24,553,0,169,146,2,317,421,260,163,26,870,0,0,0,870
05/30/2023,HNL,HI,AWP,WE,Towers with Radar,414,120,19,45,598,0,186,156,1,343,414,306,175,46,941,0,0,0,941
05/31/2023,HNL,HI,AWP,WE,Towers with Radar,413,131,12,55,611,0,152,151,9,312,413,283,163,64,923,8,0,8,931
06/01/2023,HNL,HI,AWP,WE,Towers with Radar,467,117,15,50,649,0,151,160,2,313,467,268,175,52,962,0,0,0,962
06/02/2023,HNL,HI,AWP,WE,Towers with Radar,474,98,15,28,615,0,223,161,4,388,474,321,176,32,1003,0,0,0,1003
06/03/2023,HNL,HI,AWP,WE,Towers with Radar,428,77,19,28,552,0,153,128,4,285,428,230,147,32,837,0,0,0,837
06/04/2023,HNL,HI,AWP,WE,Towers with Radar,419,100,16,18,553,0,143,154,3,300,419,243,170,21,853,0,0,0,853
06/05/2023,HNL,HI,AWP,WE,Towers with Radar,433,136,14,20,603,0,191,171,1,363,433,327,185,21,966,0,0,0,966
06/06/2023,HNL,HI,AWP,WE,Towers with Radar,418,107,8,55,588,0,137,163,1,301,418,244,171,56,889,0,0,0,889
06/07/2023,HNL,HI,AWP,WE,Towers with Radar,440,117,14,61,632,0,176,180,6,362,440,293,194,67,994,0,0,0,994
06/08/2023,HNL,HI,AWP,WE,Towers with Radar,475,118,16,81,690,0,214,183,5,402,475,332,199,86,1092,0,0,0,1092
06/09/2023,HNL,HI,AWP,WE,Towers with Radar,477,113,16,42,648,0,236,218,7,461,477,349,234,49,1109,0,0,0,1109
06/10/2023,HNL,HI,AWP,WE,Towers with Radar,429,83,19,23,554,0,174,140,5,319,429,257,159,28,873,0,0,0,873
06/11/2023,HNL,HI,AWP,WE,Towers with Radar,432,73,10,21,536,0,138,135,4,277,432,211,145,25,813,0,0,0,813
06/12/2023,HNL,HI,AWP,WE,Towers with Radar,457,99,22,50,628,0,164,155,4,323,457,263,177,54,951,0,0,0,951
06/13/2023,HNL,HI,AWP,WE,Towers with Radar,441,130,26,72,669,0,115,104,8,227,441,245,130,80,896,0,0,0,896
06/14/2023,HNL,HI,AWP,WE,Towers with Radar,441,119,18,57,635,0,187,165,4,356,441,306,183,61,991,0,0,0,991
06/15/2023,HNL,HI,AWP,WE,Towers with Radar,459,122,14,73,668,0,118,107,6,231,459,240,121,79,899,0,0,0,899
06/16/2023,HNL,HI,AWP,WE,Towers with Radar,493,114,20,29,656,0,164,163,0,327,493,278,183,29,983,0,0,0,983
06/17/2023,HNL,HI,AWP,WE,Towers with Radar,462,83,15,41,601,0,158,109,0,267,462,241,124,41,868,0,0,0,868
06/18/2023,HNL,HI,AWP,WE,Towers with Radar,450,85,15,72,622,0,134,122,0,256,450,219,137,72,878,0,0,0,878
06/19/2023,HNL,HI,AWP,WE,Towers with Radar,472,134,23,33,662,0,169,152,6,327,472,303,175,39,989,0,0,0,989
06/20/2023,HNL,HI,AWP,WE,Towers with Radar,431,112,20,60,623,0,166,174,1,341,431,278,194,61,964,0,0,0,964
06/21/2023,HNL,HI,AWP,WE,Towers with Radar,455,124,23,45,647,0,131,151,5,287,455,255,174,50,934,0,1,1,935
06/22/2023,HNL,HI,AWP,WE,Towers with Radar,515,116,15,35,681,0,164,148,6,318,515,280,163,41,999,0,0,0,999
06/23/2023,HNL,HI,AWP,WE,Towers with Radar,502,108,23,63,696,0,157,127,5,289,502,265,150,68,985,0,0,0,985
06/24/2023,HNL,HI,AWP,WE,Towers with Radar,435,82,12,26,555,0,169,142,3,314,435,251,154,29,869,0,0,0,869
06/25/2023,HNL,HI,AWP,WE,Towers with Radar,412,73,12,24,521,0,109,117,0,226,412,182,129,24,747,0,0,0,747
06/26/2023,HNL,HI,AWP,WE,Towers with Radar,446,124,15,28,613,0,224,123,3,350,446,348,138,31,963,0,0,0,963
06/27/2023,HNL,HI,AWP,WE,Towers with Radar,454,102,16,36,608,0,212,203,1,416,454,314,219,37,1024,0,0,0,1024
06/28/2023,HNL,HI,AWP,WE,Towers with Radar,443,99,19,34,595,0,152,155,2,309,443,251,174,36,904,6,0,6,910
06/29/2023,HNL,HI,AWP,WE,Towers with Radar,486,120,20,59,685,0,157,179,6,342,486,277,199,65,1027,0,0,0,1027
06/30/2023,HNL,HI,AWP,WE,Towers with Radar,489,124,18,36,667,0,182,149,3,334,489,306,167,39,1001,0,0,0,1001
07/01/2023,HNL,HI,AWP,WE,Towers with Radar,461,84,23,34,602,0,123,126,35,284,461,207,149,69,886,0,0,0,886
07/02/2023,HNL,HI,AWP,WE,Towers with Radar,443,63,13,20,539,0,152,104,4,260,443,215,117,24,799,0,0,0,799
07/03/2023,HNL,HI,AWP,WE,Towers with Radar,452,92,11,21,576,0,235,150,3,388,452,327,161,24,964,0,0,0,964
07/04/2023,HNL,HI,AWP,WE,Towers with Radar,407,65,7,24,503,0,152,115,0,267,407,217,122,24,770,0,0,0,770
07/05/2023,HNL,HI,AWP,WE,Towers with Radar,443,135,10,95,683,0,163,129,4,296,443,298,139,99,979,0,0,0,979
07/06/2023,HNL,HI,AWP,WE,Towers with Radar,470,122,24,62,678,0,186,188,9,383,470,308,212,71,1061,0,0,0,1061
07/07/2023,HNL,HI,AWP,WE,Towers with Radar,487,122,17,69,695,0,166,135,7,308,487,288,152,76,1003,0,0,0,1003
07/08/2023,HNL,HI,AWP,WE,Towers with Radar,453,75,23,42,593,0,149,132,0,281,453,224,155,42,874,0,0,0,874
07/09/2023,HNL,HI,AWP,WE,Towers with Radar,419,82,19,26,546,0,132,119,4,255,419,214,138,30,801,0,0,0,801
07/10/2023,HNL,HI,AWP,WE,Towers with Radar,459,117,17,19,612,0,218,162,6,386,459,335,179,25,998,0,0,0,998
07/11/2023,HNL,HI,AWP,WE,Towers with Radar,448,101,16,57,622,0,167,141,8,316,448,268,157,65,938,0,0,0,938
07/12/2023,HNL,HI,AWP,WE,Towers with Radar,439,123,14,56,632,0,170,167,4,341,439,293,181,60,973,0,0,0,973
07/13/2023,HNL,HI,AWP,WE,Towers with Radar,468,109,28,43,648,0,233,171,13,417,468,342,199,56,1065,0,0,0,1065
07/14/2023,HNL,HI,AWP,WE,Towers with Radar,472,104,10,28,614,0,239,173,2,414,472,343,183,30,1028,0,0,0,1028
07/15/2023,HNL,HI,AWP,WE,Towers with Radar,492,72,19,23,606,0,152,125,1,278,492,224,144,24,884,0,0,0,884
07/16/2023,HNL,HI,AWP,WE,Towers with Radar,429,69,17,10,525,0,117,132,2,251,429,186,149,12,776,0,0,0,776
07/17/2023,HNL,HI,AWP,WE,Towers with Radar,465,102,11,45,623,0,177,139,5,321,465,279,150,50,944,0,0,0,944
07/18/2023,HNL,HI,AWP,WE,Towers with Radar,457,108,18,43,626,0,188,78,0,266,457,296,96,43,892,0,0,0,892
07/19/2023,HNL,HI,AWP,WE,Towers with Radar,440,146,11,41,638,0,24,5,1,30,440,170,16,42,668,0,0,0,668
07/20/2023,HNL,HI,AWP,WE,Towers with Radar,483,119,19,72,693,0,190,167,7,364,483,309,186,79,1057,0,0,0,1057
07/21/2023,HNL,HI,AWP,WE,Towers with Radar,498,111,13,36,658,0,256,156,1,413,498,367,169,37,1071,0,0,0,1071
07/22/2023,HNL,HI,AWP,WE,Towers with Radar,461,82,17,30,590,0,171,154,3,328,461,253,171,33,918,0,0,0,918
07/23/2023,HNL,HI,AWP,WE,Towers with Radar,446,88,13,23,570,0,142,127,3,272,446,230,140,26,842,0,0,0,842
07/24/2023,HNL,HI,AWP,WE,Towers with Radar,459,137,15,27,638,0,200,132,9,341,459,337,147,36,979,0,0,0,979
07/25/2023,HNL,HI,AWP,WE,Towers with Radar,448,113,27,41,629,0,176,168,4,348,448,289,195,45,977,0,0,0,977
07/26/2023,HNL,HI,AWP,WE,Towers with Radar,450,128,14,47,639,0,209,127,3,339,450,337,141,50,978,0,0,0,978
07/27/2023,HNL,HI,AWP,WE,Towers with Radar,481,112,25,33,651,0,223,177,9,409,481,335,202,42,1060,0,0,0,1060
07/28/2023,HNL,HI,AWP,WE,Towers with Radar,481,111,12,24,628,0,243,186,4,433,481,354,198,28,1061,0,0,0,1061
07/29/2023,HNL,HI,AWP,WE,Towers with Radar,451,73,17,18,559,0,191,114,0,305,451,264,131,18,864,0,0,0,864
07/30/2023,HNL,HI,AWP,WE,Towers with Radar,417,69,20,22,528,0,129,126,2,257,417,198,146,24,785,0,0,0,785
07/31/2023,HNL,HI,AWP,WE,Towers with Radar,479,120,25,32,656,0,191,126,2,319,479,311,151,34,975,0,0,0,975
08/01/2023,HNL,HI,AWP,WE,Towers with Radar,459,107,19,39,624,0,118,147,2,267,459,225,166,41,891,0,0,0,891
08/02/2023,HNL,HI,AWP,WE,Towers with Radar,449,108,10,34,601,0,194,148,8,350,449,302,158,42,951,0,0,0,951
08/03/2023,HNL,HI,AWP,WE,Towers with Radar,468,126,18,21,633,0,239,174,11,424,468,365,192,32,1057,0,0,0,1057
08/04/2023,HNL,HI,AWP,WE,Towers with Radar,483,120,15,22,640,0,177,153,3,333,483,297,168,25,973,0,0,0,973
08/05/2023,HNL,HI,AWP,WE,Towers with Radar,459,90,29,32,610,0,160,144,2,306,459,250,173,34,916,0,0,0,916
08/06/2023,HNL,HI,AWP,WE,Towers with Radar,447,81,25,29,582,0,171,153,3,327,447,252,178,32,909,0,0,0,909
08/07/2023,HNL,HI,AWP,WE,Towers with Radar,454,126,14,11,605,0,174,76,5,255,454,300,90,16,860,0,0,0,860
08/08/2023,HNL,HI,AWP,WE,Towers with Radar,454,99,11,28,592,0,42,10,0,52,454,141,21,28,644,0,0,0,644
08/09/2023,HNL,HI,AWP,WE,Towers with Radar,469,137,14,31,651,0,132,55,4,191,469,269,69,35,842,0,0,0,842
08/10/2023,HNL,HI,AWP,WE,Towers with Radar,526,116,37,45,724,0,218,202,6,426,526,334,239,51,1150,0,0,0,1150
08/11/2023,HNL,HI,AWP,WE,Towers with Radar,503,121,29,21,674,0,222,223,2,447,503,343,252,23,1121,0,0,0,1121
08/12/2023,HNL,HI,AWP,WE,Towers with Radar,457,85,25,16,583,0,182,190,1,373,457,267,215,17,956,0,0,0,956
08/13/2023,HNL,HI,AWP,WE,Towers with Radar,446,82,27,12,567,0,186,142,5,333,446,268,169,17,900,0,0,0,900
08/14/2023,HNL,HI,AWP,WE,Towers with Radar,488,115,27,28,658,0,235,169,0,404,488,350,196,28,1062,0,0,0,1062
08/15/2023,HNL,HI,AWP,WE,Towers with Radar,458,108,21,25,612,0,208,173,3,384,458,316,194,28,996,0,0,0,996
08/16/2023,HNL,HI,AWP,WE,Towers with Radar,469,124,16,35,644,0,169,141,10,320,469,293,157,45,964,0,0,0,964
08/17/2023,HNL,HI,AWP,WE,Towers with Radar,481,107,41,48,677,0,202,165,9,376,481,309,206,57,1053,0,0,0,1053
08/18/2023,HNL,HI,AWP,WE,Towers with Radar,483,117,13,20,633,0,205,188,2,395,483,322,201,22,1028,2,0,2,1030
08/19/2023,HNL,HI,AWP,WE,Towers with Radar,464,73,15,18,570,0,143,158,1,302,464,216,173,19,872,0,0,0,872
08/20/2023,HNL,HI,AWP,WE,Towers with Radar,416,78,10,19,523,0,141,121,3,265,416,219,131,22,788,0,0,0,788
08/21/2023,HNL,HI,AWP,WE,Towers with Radar,468,122,16,21,627,0,175,126,5,306,468,297,142,26,933,0,0,0,933
08/22/2023,HNL,HI,AWP,WE,Towers with Radar,453,100,25,49,627,0,176,146,4,326,453,276,171,53,953,0,0,0,953
08/23/2023,HNL,HI,AWP,WE,Towers with Radar,476,108,18,31,633,0,170,188,7,365,476,278,206,38,998,0,0,0,998
08/24/2023,HNL,HI,AWP,WE,Towers with Radar,495,107,31,51,684,0,162,139,7,308,495,269,170,58,992,0,0,0,992
08/25/2023,HNL,HI,AWP,WE,Towers with Radar,492,117,20,21,650,0,228,118,18,364,492,345,138,39,1014,0,0,0,1014
08/26/2023,HNL,HI,AWP,WE,Towers with Radar,472,73,23,7,575,0,139,113,2,254,472,212,136,9,829,0,0,0,829
08/27/2023,HNL,HI,AWP,WE,Towers with Radar,438,80,15,17,550,0,83,123,0,206,438,163,138,17,756,0,0,0,756
08/28/2023,HNL,HI,AWP,WE,Towers with Radar,475,116,19,48,658,0,189,132,8,329,475,305,151,56,987,0,0,0,987
08/29/2023,HNL,HI,AWP,WE,Towers with Radar,464,97,20,56,637,0,146,159,3,308,464,243,179,59,945,0,0,0,945
08/30/2023,HNL,HI,AWP,WE,Towers with Radar,460,99,10,53,622,0,185,137,14,336,460,284,147,67,958,0,0,0,958
08/31/2023,HNL,HI,AWP,WE,Towers with Radar,492,119,24,45,680,0,146,127,4,277,492,265,151,49,957,0,0,0,957
