01/01/2020,HOU,TX,ASW,CE,Towers with Radar,347,41,50,0,438,0,0,21,0,21,347,41,71,0,459,0,0,0,459
01/02/2020,HOU,TX,ASW,CE,Towers with Radar,335,51,92,0,478,0,1,0,0,1,335,52,92,0,479,0,0,0,479
01/03/2020,HOU,TX,ASW,CE,Towers with Radar,341,62,73,0,476,0,7,22,0,29,341,69,95,0,505,0,0,0,505
01/04/2020,HOU,TX,ASW,CE,Towers with Radar,266,62,95,0,423,0,7,26,0,33,266,69,121,0,456,0,0,0,456
01/05/2020,HOU,TX,ASW,CE,Towers with Radar,335,67,110,1,513,0,1,18,0,19,335,68,128,1,532,0,0,0,532
01/06/2020,HOU,TX,ASW,CE,Towers with Radar,349,92,96,1,538,0,7,50,0,57,349,99,146,1,595,0,0,0,595
01/07/2020,HOU,TX,ASW,CE,Towers with Radar,345,66,113,1,525,0,6,42,1,49,345,72,155,2,574,0,0,0,574
01/08/2020,HOU,TX,ASW,CE,Towers with Radar,352,68,95,0,515,0,6,62,0,68,352,74,157,0,583,0,0,0,583
01/09/2020,HOU,TX,ASW,CE,Towers with Radar,353,59,136,0,548,0,0,24,0,24,353,59,160,0,572,0,0,0,572
01/10/2020,HOU,TX,ASW,CE,Towers with Radar,315,40,98,0,453,0,4,8,0,12,315,44,106,0,465,0,0,0,465
01/11/2020,HOU,TX,ASW,CE,Towers with Radar,253,63,36,0,352,0,0,13,2,15,253,63,49,2,367,0,0,0,367
01/12/2020,HOU,TX,ASW,CE,Towers with Radar,323,77,98,0,498,0,3,15,0,18,323,80,113,0,516,0,0,0,516
01/13/2020,HOU,TX,ASW,CE,Towers with Radar,359,52,79,0,490,0,0,3,0,3,359,52,82,0,493,0,0,0,493
01/14/2020,HOU,TX,ASW,CE,Towers with Radar,333,90,140,0,563,0,1,16,0,17,333,91,156,0,580,0,0,0,580
01/15/2020,HOU,TX,ASW,CE,Towers with Radar,350,80,121,0,551,0,1,22,0,23,350,81,143,0,574,0,0,0,574
01/16/2020,HOU,TX,ASW,CE,Towers with Radar,344,67,125,2,538,0,0,4,0,4,344,67,129,2,542,0,0,0,542
01/17/2020,HOU,TX,ASW,CE,Towers with Radar,341,68,122,0,531,0,2,2,0,4,341,70,124,0,535,0,0,0,535
01/18/2020,HOU,TX,ASW,CE,Towers with Radar,250,50,58,0,358,0,9,4,1,14,250,59,62,1,372,0,0,0,372
01/19/2020,HOU,TX,ASW,CE,Towers with Radar,317,63,89,1,470,0,2,43,1,46,317,65,132,2,516,0,0,0,516
01/20/2020,HOU,TX,ASW,CE,Towers with Radar,343,58,118,0,519,0,4,38,2,44,343,62,156,2,563,0,0,0,563
01/21/2020,HOU,TX,ASW,CE,Towers with Radar,343,71,127,0,541,0,4,61,2,67,343,75,188,2,608,0,0,0,608
01/22/2020,HOU,TX,ASW,CE,Towers with Radar,348,64,107,2,521,0,2,4,0,6,348,66,111,2,527,0,0,0,527
01/23/2020,HOU,TX,ASW,CE,Towers with Radar,342,99,156,0,597,0,4,26,0,30,342,103,182,0,627,0,0,0,627
01/24/2020,HOU,TX,ASW,CE,Towers with Radar,339,76,107,3,525,0,4,39,1,44,339,80,146,4,569,0,0,0,569
01/25/2020,HOU,TX,ASW,CE,Towers with Radar,251,43,36,0,330,0,0,40,0,40,251,43,76,0,370,0,0,0,370
01/26/2020,HOU,TX,ASW,CE,Towers with Radar,319,65,75,0,459,0,1,22,1,24,319,66,97,1,483,0,0,0,483
01/27/2020,HOU,TX,ASW,CE,Towers with Radar,334,62,123,0,519,0,0,23,0,23,334,62,146,0,542,0,0,0,542
01/28/2020,HOU,TX,ASW,CE,Towers with Radar,347,47,113,0,507,0,0,11,0,11,347,47,124,0,518,0,0,0,518
01/29/2020,HOU,TX,ASW,CE,Towers with Radar,350,55,116,0,521,0,3,28,4,35,350,58,144,4,556,0,0,0,556
01/30/2020,HOU,TX,ASW,CE,Towers with Radar,344,82,141,4,571,0,0,26,0,26,344,82,167,4,597,0,0,0,597
01/31/2020,HOU,TX,ASW,CE,Towers with Radar,337,65,110,0,512,0,3,35,0,38,337,68,145,0,550,0,0,0,550
02/01/2020,HOU,TX,ASW,CE,Towers with Radar,251,52,48,0,351,0,17,23,0,40,251,69,71,0,391,0,0,0,391
02/02/2020,HOU,TX,ASW,CE,Towers with Radar,318,62,62,0,442,0,1,14,0,15,318,63,76,0,457,0,0,0,457
02/03/2020,HOU,TX,ASW,CE,Towers with Radar,347,77,136,0,560,0,8,36,0,44,347,85,172,0,604,0,0,0,604
02/04/2020,HOU,TX,ASW,CE,Towers with Radar,349,79,149,0,577,0,1,25,2,28,349,80,174,2,605,0,0,0,605
02/05/2020,HOU,TX,ASW,CE,Towers with Radar,333,78,119,2,532,0,0,15,0,15,333,78,134,2,547,0,0,0,547
02/06/2020,HOU,TX,ASW,CE,Towers with Radar,337,100,155,0,592,0,1,43,0,44,337,101,198,0,636,0,0,0,636
02/07/2020,HOU,TX,ASW,CE,Towers with Radar,353,80,163,1,597,0,2,52,2,56,353,82,215,3,653,0,0,0,653
02/08/2020,HOU,TX,ASW,CE,Towers with Radar,255,40,65,0,360,0,7,25,0,32,255,47,90,0,392,0,0,0,392
02/09/2020,HOU,TX,ASW,CE,Towers with Radar,317,72,113,0,502,0,0,6,0,6,317,72,119,0,508,0,0,0,508
02/10/2020,HOU,TX,ASW,CE,Towers with Radar,337,68,93,1,499,0,1,12,6,19,337,69,105,7,518,0,0,0,518
02/11/2020,HOU,TX,ASW,CE,Towers with Radar,339,73,120,0,532,0,0,0,0,0,339,73,120,0,532,0,0,0,532
02/12/2020,HOU,TX,ASW,CE,Towers with Radar,344,76,153,0,573,0,0,14,0,14,344,76,167,0,587,0,0,0,587
02/13/2020,HOU,TX,ASW,CE,Towers with Radar,340,80,155,1,576,0,6,49,2,57,340,86,204,3,633,0,0,0,633
02/14/2020,HOU,TX,ASW,CE,Towers with Radar,341,78,99,0,518,0,2,71,0,73,341,80,170,0,591,0,0,0,591
02/15/2020,HOU,TX,ASW,CE,Towers with Radar,249,43,48,0,340,0,9,19,0,28,249,52,67,0,368,0,0,0,368
02/16/2020,HOU,TX,ASW,CE,Towers with Radar,294,78,73,0,445,0,7,8,2,17,294,85,81,2,462,0,0,0,462
02/17/2020,HOU,TX,ASW,CE,Towers with Radar,350,69,116,0,535,0,2,13,0,15,350,71,129,0,550,0,0,0,550
02/18/2020,HOU,TX,ASW,CE,Towers with Radar,341,79,133,0,553,0,1,34,0,35,341,80,167,0,588,0,0,0,588
02/19/2020,HOU,TX,ASW,CE,Towers with Radar,342,84,143,0,569,0,0,30,0,30,342,84,173,0,599,0,0,0,599
02/20/2020,HOU,TX,ASW,CE,Towers with Radar,347,78,141,4,570,0,0,15,2,17,347,78,156,6,587,0,0,0,587
02/21/2020,HOU,TX,ASW,CE,Towers with Radar,336,51,102,0,489,0,0,47,6,53,336,51,149,6,542,0,0,0,542
02/22/2020,HOU,TX,ASW,CE,Towers with Radar,251,42,48,0,341,0,3,28,0,31,251,45,76,0,372,0,0,0,372
02/23/2020,HOU,TX,ASW,CE,Towers with Radar,325,61,122,0,508,0,2,24,0,26,325,63,146,0,534,0,0,0,534
02/24/2020,HOU,TX,ASW,CE,Towers with Radar,343,99,117,0,559,0,5,27,2,34,343,104,144,2,593,0,0,0,593
02/25/2020,HOU,TX,ASW,CE,Towers with Radar,340,70,113,0,523,0,3,58,3,64,340,73,171,3,587,0,0,0,587
02/26/2020,HOU,TX,ASW,CE,Towers with Radar,346,68,124,0,538,0,2,33,0,35,346,70,157,0,573,0,0,0,573
02/27/2020,HOU,TX,ASW,CE,Towers with Radar,341,60,143,0,544,0,3,59,1,63,341,63,202,1,607,0,0,0,607
02/28/2020,HOU,TX,ASW,CE,Towers with Radar,342,61,110,0,513,0,10,55,1,66,342,71,165,1,579,0,0,0,579
02/29/2020,HOU,TX,ASW,CE,Towers with Radar,249,47,47,0,343,0,4,21,1,26,249,51,68,1,369,0,0,0,369
03/01/2020,HOU,TX,ASW,CE,Towers with Radar,321,60,103,0,484,0,5,12,3,20,321,65,115,3,504,0,0,0,504
03/02/2020,HOU,TX,ASW,CE,Towers with Radar,349,67,121,0,537,0,2,24,0,26,349,69,145,0,563,0,0,0,563
03/03/2020,HOU,TX,ASW,CE,Towers with Radar,345,64,126,2,537,0,3,31,2,36,345,67,157,4,573,0,0,0,573
03/04/2020,HOU,TX,ASW,CE,Towers with Radar,336,56,104,0,496,0,1,12,0,13,336,57,116,0,509,0,0,0,509
03/05/2020,HOU,TX,ASW,CE,Towers with Radar,347,49,144,2,542,0,2,47,0,49,347,51,191,2,591,0,0,0,591
03/06/2020,HOU,TX,ASW,CE,Towers with Radar,351,57,112,0,520,0,2,59,0,61,351,59,171,0,581,0,0,0,581
03/07/2020,HOU,TX,ASW,CE,Towers with Radar,285,53,74,0,412,0,2,39,2,43,285,55,113,2,455,0,0,0,455
03/08/2020,HOU,TX,ASW,CE,Towers with Radar,356,48,106,0,510,0,3,20,0,23,356,51,126,0,533,0,0,0,533
03/09/2020,HOU,TX,ASW,CE,Towers with Radar,347,58,109,0,514,0,5,31,4,40,347,63,140,4,554,0,0,0,554
03/10/2020,HOU,TX,ASW,CE,Towers with Radar,347,80,104,0,531,0,0,28,2,30,347,80,132,2,561,0,0,0,561
03/11/2020,HOU,TX,ASW,CE,Towers with Radar,342,55,124,0,521,0,2,34,6,42,342,57,158,6,563,0,0,0,563
03/12/2020,HOU,TX,ASW,CE,Towers with Radar,349,72,134,0,555,0,0,42,0,42,349,72,176,0,597,0,0,0,597
03/13/2020,HOU,TX,ASW,CE,Towers with Radar,346,76,93,0,515,0,1,18,3,22,346,77,111,3,537,0,0,0,537
03/14/2020,HOU,TX,ASW,CE,Towers with Radar,284,70,92,0,446,0,2,7,0,9,284,72,99,0,455,0,0,0,455
03/15/2020,HOU,TX,ASW,CE,Towers with Radar,361,61,70,0,492,0,3,11,0,14,361,64,81,0,506,0,0,0,506
03/16/2020,HOU,TX,ASW,CE,Towers with Radar,344,43,95,0,482,0,1,39,0,40,344,44,134,0,522,0,0,0,522
03/17/2020,HOU,TX,ASW,CE,Towers with Radar,306,56,74,1,437,0,7,30,1,38,306,63,104,2,475,0,0,0,475
03/18/2020,HOU,TX,ASW,CE,Towers with Radar,303,44,69,0,416,0,0,28,1,29,303,44,97,1,445,0,0,0,445
03/19/2020,HOU,TX,ASW,CE,Towers with Radar,284,38,77,1,400,0,1,49,3,53,284,39,126,4,453,0,0,0,453
03/20/2020,HOU,TX,ASW,CE,Towers with Radar,270,61,71,0,402,0,0,2,0,2,270,61,73,0,404,0,0,0,404
03/21/2020,HOU,TX,ASW,CE,Towers with Radar,237,36,44,0,317,0,4,0,0,4,237,40,44,0,321,0,0,0,321
03/22/2020,HOU,TX,ASW,CE,Towers with Radar,264,23,32,0,319,0,0,2,0,2,264,23,34,0,321,0,0,0,321
03/23/2020,HOU,TX,ASW,CE,Towers with Radar,220,17,42,0,279,0,3,25,0,28,220,20,67,0,307,0,0,0,307
03/24/2020,HOU,TX,ASW,CE,Towers with Radar,253,26,37,0,316,0,0,41,0,41,253,26,78,0,357,0,0,0,357
03/25/2020,HOU,TX,ASW,CE,Towers with Radar,247,28,25,0,300,0,0,33,0,33,247,28,58,0,333,0,0,0,333
03/26/2020,HOU,TX,ASW,CE,Towers with Radar,241,18,28,0,287,0,0,27,1,28,241,18,55,1,315,0,0,0,315
03/27/2020,HOU,TX,ASW,CE,Towers with Radar,177,29,34,0,240,0,1,27,1,29,177,30,61,1,269,0,0,0,269
03/28/2020,HOU,TX,ASW,CE,Towers with Radar,127,14,15,0,156,0,2,17,0,19,127,16,32,0,175,0,0,0,175
03/29/2020,HOU,TX,ASW,CE,Towers with Radar,188,19,19,0,226,0,4,23,4,31,188,23,42,4,257,0,0,0,257
03/30/2020,HOU,TX,ASW,CE,Towers with Radar,168,23,34,0,225,0,0,20,10,30,168,23,54,10,255,0,0,0,255
03/31/2020,HOU,TX,ASW,CE,Towers with Radar,163,10,32,4,209,0,0,51,0,51,163,10,83,4,260,0,0,0,260
04/01/2020,HOU,TX,ASW,CE,Towers with Radar,163,34,17,0,214,0,4,42,0,46,163,38,59,0,260,0,0,0,260
04/02/2020,HOU,TX,ASW,CE,Towers with Radar,166,13,22,0,201,0,0,30,0,30,166,13,52,0,231,0,0,0,231
04/03/2020,HOU,TX,ASW,CE,Towers with Radar,162,19,41,0,222,0,0,39,3,42,162,19,80,3,264,0,0,0,264
04/04/2020,HOU,TX,ASW,CE,Towers with Radar,138,17,10,0,165,0,0,0,0,0,138,17,10,0,165,0,0,0,165
04/05/2020,HOU,TX,ASW,CE,Towers with Radar,160,23,16,0,199,0,0,14,0,14,160,23,30,0,213,0,0,0,213
04/06/2020,HOU,TX,ASW,CE,Towers with Radar,165,11,22,0,198,0,0,26,2,28,165,11,48,2,226,0,0,0,226
04/07/2020,HOU,TX,ASW,CE,Towers with Radar,166,8,26,0,200,0,2,35,7,44,166,10,61,7,244,0,0,0,244
04/08/2020,HOU,TX,ASW,CE,Towers with Radar,169,20,22,4,215,0,0,22,0,22,169,20,44,4,237,0,0,0,237
04/09/2020,HOU,TX,ASW,CE,Towers with Radar,164,12,13,0,189,0,1,21,0,22,164,13,34,0,211,0,0,0,211
04/10/2020,HOU,TX,ASW,CE,Towers with Radar,169,25,30,0,224,0,3,19,1,23,169,28,49,1,247,0,0,0,247
04/11/2020,HOU,TX,ASW,CE,Towers with Radar,92,14,11,0,117,0,0,18,1,19,92,14,29,1,136,0,0,0,136
04/12/2020,HOU,TX,ASW,CE,Towers with Radar,147,19,5,1,172,0,0,7,0,7,147,19,12,1,179,0,0,0,179
04/13/2020,HOU,TX,ASW,CE,Towers with Radar,159,25,32,2,218,0,0,38,0,38,159,25,70,2,256,0,0,0,256
04/14/2020,HOU,TX,ASW,CE,Towers with Radar,138,16,27,0,181,0,6,58,0,64,138,22,85,0,245,0,0,0,245
04/15/2020,HOU,TX,ASW,CE,Towers with Radar,131,17,15,0,163,0,2,49,0,51,131,19,64,0,214,0,0,0,214
04/16/2020,HOU,TX,ASW,CE,Towers with Radar,130,17,24,0,171,0,6,32,2,40,130,23,56,2,211,0,0,0,211
04/17/2020,HOU,TX,ASW,CE,Towers with Radar,139,15,37,2,193,0,0,20,1,21,139,15,57,3,214,0,0,0,214
04/18/2020,HOU,TX,ASW,CE,Towers with Radar,106,13,7,4,130,0,0,5,2,7,106,13,12,6,137,0,0,0,137
04/19/2020,HOU,TX,ASW,CE,Towers with Radar,106,17,21,0,144,0,1,7,0,8,106,18,28,0,152,0,0,0,152
04/20/2020,HOU,TX,ASW,CE,Towers with Radar,107,20,24,1,152,0,2,23,1,26,107,22,47,2,178,0,0,0,178
04/21/2020,HOU,TX,ASW,CE,Towers with Radar,108,16,26,1,151,0,2,51,0,53,108,18,77,1,204,0,0,0,204
04/22/2020,HOU,TX,ASW,CE,Towers with Radar,104,18,31,0,153,0,0,19,1,20,104,18,50,1,173,0,0,0,173
04/23/2020,HOU,TX,ASW,CE,Towers with Radar,113,29,41,0,183,0,1,48,0,49,113,30,89,0,232,0,0,0,232
04/24/2020,HOU,TX,ASW,CE,Towers with Radar,112,21,31,1,165,0,6,49,0,55,112,27,80,1,220,0,0,0,220
04/25/2020,HOU,TX,ASW,CE,Towers with Radar,100,18,26,0,144,0,1,22,0,23,100,19,48,0,167,0,0,0,167
04/26/2020,HOU,TX,ASW,CE,Towers with Radar,109,12,24,0,145,0,2,26,0,28,109,14,50,0,173,0,0,0,173
04/27/2020,HOU,TX,ASW,CE,Towers with Radar,105,31,44,0,180,0,9,46,2,57,105,40,90,2,237,0,0,0,237
04/28/2020,HOU,TX,ASW,CE,Towers with Radar,115,26,42,2,185,0,0,20,2,22,115,26,62,4,207,0,0,0,207
04/29/2020,HOU,TX,ASW,CE,Towers with Radar,92,20,44,0,156,0,3,28,0,31,92,23,72,0,187,0,0,0,187
04/30/2020,HOU,TX,ASW,CE,Towers with Radar,106,17,43,0,166,0,3,57,2,62,106,20,100,2,228,0,0,0,228
05/01/2020,HOU,TX,ASW,CE,Towers with Radar,99,33,47,0,179,0,1,61,7,69,99,34,108,7,248,0,0,0,248
05/02/2020,HOU,TX,ASW,CE,Towers with Radar,104,26,23,0,153,0,4,21,0,25,104,30,44,0,178,0,0,0,178
05/03/2020,HOU,TX,ASW,CE,Towers with Radar,104,19,35,0,158,0,2,18,2,22,104,21,53,2,180,0,0,0,180
05/04/2020,HOU,TX,ASW,CE,Towers with Radar,109,33,55,2,199,0,4,28,2,34,109,37,83,4,233,0,0,0,233
05/05/2020,HOU,TX,ASW,CE,Towers with Radar,108,32,48,0,188,0,0,13,2,15,108,32,61,2,203,0,0,0,203
05/06/2020,HOU,TX,ASW,CE,Towers with Radar,114,26,37,1,178,0,2,25,0,27,114,28,62,1,205,0,0,0,205
05/07/2020,HOU,TX,ASW,CE,Towers with Radar,107,31,60,0,198,0,6,13,2,21,107,37,73,2,219,0,0,0,219
05/08/2020,HOU,TX,ASW,CE,Towers with Radar,113,25,38,0,176,0,1,15,0,16,113,26,53,0,192,0,0,0,192
05/09/2020,HOU,TX,ASW,CE,Towers with Radar,106,21,26,0,153,0,8,23,0,31,106,29,49,0,184,0,0,0,184
05/10/2020,HOU,TX,ASW,CE,Towers with Radar,106,23,32,0,161,0,0,22,0,22,106,23,54,0,183,0,0,0,183
05/11/2020,HOU,TX,ASW,CE,Towers with Radar,106,26,46,0,178,0,5,29,3,37,106,31,75,3,215,0,0,0,215
05/12/2020,HOU,TX,ASW,CE,Towers with Radar,110,24,45,0,179,0,7,12,4,23,110,31,57,4,202,0,0,0,202
05/13/2020,HOU,TX,ASW,CE,Towers with Radar,106,42,52,0,200,0,4,20,0,24,106,46,72,0,224,0,0,0,224
05/14/2020,HOU,TX,ASW,CE,Towers with Radar,106,24,51,0,181,0,4,26,0,30,106,28,77,0,211,0,0,0,211
05/15/2020,HOU,TX,ASW,CE,Towers with Radar,110,42,48,0,200,0,0,2,0,2,110,42,50,0,202,0,0,0,202
05/16/2020,HOU,TX,ASW,CE,Towers with Radar,108,30,22,1,161,0,1,5,2,8,108,31,27,3,169,0,0,0,169
05/17/2020,HOU,TX,ASW,CE,Towers with Radar,106,44,29,0,179,0,0,8,0,8,106,44,37,0,187,0,0,0,187
05/18/2020,HOU,TX,ASW,CE,Towers with Radar,109,33,45,3,190,0,2,14,4,20,109,35,59,7,210,0,0,0,210
05/19/2020,HOU,TX,ASW,CE,Towers with Radar,106,35,74,0,215,0,5,27,1,33,106,40,101,1,248,0,0,0,248
05/20/2020,HOU,TX,ASW,CE,Towers with Radar,107,38,74,0,219,0,4,25,1,30,107,42,99,1,249,0,0,0,249
05/21/2020,HOU,TX,ASW,CE,Towers with Radar,106,51,80,2,239,0,2,13,7,22,106,53,93,9,261,0,0,0,261
05/22/2020,HOU,TX,ASW,CE,Towers with Radar,108,63,68,0,239,0,2,12,0,14,108,65,80,0,253,0,0,0,253
05/23/2020,HOU,TX,ASW,CE,Towers with Radar,108,21,39,1,169,0,6,3,0,9,108,27,42,1,178,0,0,0,178
05/24/2020,HOU,TX,ASW,CE,Towers with Radar,109,36,34,0,179,0,0,5,2,7,109,36,39,2,186,0,0,0,186
05/25/2020,HOU,TX,ASW,CE,Towers with Radar,113,29,46,0,188,0,1,21,0,22,113,30,67,0,210,0,0,0,210
05/26/2020,HOU,TX,ASW,CE,Towers with Radar,108,45,47,0,200,0,1,22,0,23,108,46,69,0,223,0,0,0,223
05/27/2020,HOU,TX,ASW,CE,Towers with Radar,108,50,69,0,227,0,0,28,2,30,108,50,97,2,257,0,0,0,257
05/28/2020,HOU,TX,ASW,CE,Towers with Radar,107,34,74,0,215,0,0,17,4,21,107,34,91,4,236,0,0,0,236
05/29/2020,HOU,TX,ASW,CE,Towers with Radar,106,52,80,0,238,0,2,50,0,52,106,54,130,0,290,0,0,0,290
05/30/2020,HOU,TX,ASW,CE,Towers with Radar,106,44,39,0,189,0,5,80,0,85,106,49,119,0,274,0,0,0,274
05/31/2020,HOU,TX,ASW,CE,Towers with Radar,123,48,51,0,222,0,5,20,0,25,123,53,71,0,247,0,0,0,247
06/01/2020,HOU,TX,ASW,CE,Towers with Radar,110,34,65,2,211,0,1,25,0,26,110,35,90,2,237,0,0,0,237
06/02/2020,HOU,TX,ASW,CE,Towers with Radar,109,50,69,0,228,0,0,51,0,51,109,50,120,0,279,0,0,0,279
06/03/2020,HOU,TX,ASW,CE,Towers with Radar,114,43,71,0,228,0,4,34,5,43,114,47,105,5,271,0,0,0,271
06/04/2020,HOU,TX,ASW,CE,Towers with Radar,116,40,63,0,219,0,6,22,3,31,116,46,85,3,250,0,0,0,250
06/05/2020,HOU,TX,ASW,CE,Towers with Radar,120,64,66,0,250,0,6,54,5,65,120,70,120,5,315,0,0,0,315
06/06/2020,HOU,TX,ASW,CE,Towers with Radar,115,41,58,0,214,0,1,38,0,39,115,42,96,0,253,0,0,0,253
06/07/2020,HOU,TX,ASW,CE,Towers with Radar,150,24,46,0,220,0,0,31,0,31,150,24,77,0,251,0,0,0,251
06/08/2020,HOU,TX,ASW,CE,Towers with Radar,149,43,62,0,254,0,4,25,5,34,149,47,87,5,288,0,0,0,288
06/09/2020,HOU,TX,ASW,CE,Towers with Radar,140,44,73,0,257,0,4,41,2,47,140,48,114,2,304,0,0,0,304
06/10/2020,HOU,TX,ASW,CE,Towers with Radar,144,54,87,2,287,0,5,25,15,45,144,59,112,17,332,0,0,0,332
06/11/2020,HOU,TX,ASW,CE,Towers with Radar,163,56,98,0,317,0,8,37,0,45,163,64,135,0,362,0,0,0,362
06/12/2020,HOU,TX,ASW,CE,Towers with Radar,159,53,72,1,285,0,1,46,3,50,159,54,118,4,335,0,0,0,335
06/13/2020,HOU,TX,ASW,CE,Towers with Radar,156,50,50,0,256,0,3,40,0,43,156,53,90,0,299,0,0,0,299
06/14/2020,HOU,TX,ASW,CE,Towers with Radar,192,55,88,1,336,0,4,31,0,35,192,59,119,1,371,0,0,0,371
06/15/2020,HOU,TX,ASW,CE,Towers with Radar,176,45,76,0,297,0,2,31,2,35,176,47,107,2,332,0,0,0,332
06/16/2020,HOU,TX,ASW,CE,Towers with Radar,158,42,83,1,284,0,10,43,2,55,158,52,126,3,339,0,0,0,339
06/17/2020,HOU,TX,ASW,CE,Towers with Radar,163,66,90,0,319,0,7,43,2,52,163,73,133,2,371,0,0,0,371
06/18/2020,HOU,TX,ASW,CE,Towers with Radar,174,68,99,1,342,0,2,40,3,45,174,70,139,4,387,0,0,0,387
06/19/2020,HOU,TX,ASW,CE,Towers with Radar,177,47,75,0,299,0,4,40,2,46,177,51,115,2,345,0,0,0,345
06/20/2020,HOU,TX,ASW,CE,Towers with Radar,171,37,78,0,286,0,2,8,0,10,171,39,86,0,296,0,0,0,296
06/21/2020,HOU,TX,ASW,CE,Towers with Radar,199,47,62,0,308,0,2,11,0,13,199,49,73,0,321,0,0,0,321
06/22/2020,HOU,TX,ASW,CE,Towers with Radar,204,45,61,0,310,0,0,18,0,18,204,45,79,0,328,0,0,0,328
06/23/2020,HOU,TX,ASW,CE,Towers with Radar,194,45,69,0,308,0,9,32,4,45,194,54,101,4,353,0,0,0,353
06/24/2020,HOU,TX,ASW,CE,Towers with Radar,193,54,96,0,343,0,0,11,2,13,193,54,107,2,356,0,0,0,356
06/25/2020,HOU,TX,ASW,CE,Towers with Radar,210,59,67,0,336,0,2,14,0,16,210,61,81,0,352,0,0,0,352
06/26/2020,HOU,TX,ASW,CE,Towers with Radar,200,68,75,0,343,0,2,19,4,25,200,70,94,4,368,0,0,0,368
06/27/2020,HOU,TX,ASW,CE,Towers with Radar,196,47,47,0,290,0,7,8,0,15,196,54,55,0,305,0,0,0,305
06/28/2020,HOU,TX,ASW,CE,Towers with Radar,206,40,80,0,326,0,1,18,3,22,206,41,98,3,348,0,0,0,348
06/29/2020,HOU,TX,ASW,CE,Towers with Radar,224,43,62,2,331,0,1,32,2,35,224,44,94,4,366,0,0,0,366
06/30/2020,HOU,TX,ASW,CE,Towers with Radar,209,72,75,4,360,0,0,30,4,34,209,72,105,8,394,0,0,0,394
07/01/2020,HOU,TX,ASW,CE,Towers with Radar,217,70,91,0,378,0,0,32,0,32,217,70,123,0,410,0,0,0,410
07/02/2020,HOU,TX,ASW,CE,Towers with Radar,231,61,80,0,372,0,2,33,0,35,231,63,113,0,407,0,0,0,407
07/03/2020,HOU,TX,ASW,CE,Towers with Radar,227,35,54,1,317,0,4,27,0,31,227,39,81,1,348,0,0,0,348
07/04/2020,HOU,TX,ASW,CE,Towers with Radar,158,28,26,0,212,0,2,21,1,24,158,30,47,1,236,0,0,0,236
07/05/2020,HOU,TX,ASW,CE,Towers with Radar,240,47,67,0,354,0,0,15,0,15,240,47,82,0,369,0,0,0,369
07/06/2020,HOU,TX,ASW,CE,Towers with Radar,236,33,74,0,343,0,0,26,0,26,236,33,100,0,369,0,0,0,369
07/07/2020,HOU,TX,ASW,CE,Towers with Radar,224,46,67,0,337,0,0,27,0,27,224,46,94,0,364,0,0,0,364
07/08/2020,HOU,TX,ASW,CE,Towers with Radar,223,64,67,0,354,0,0,56,5,61,223,64,123,5,415,0,0,0,415
07/09/2020,HOU,TX,ASW,CE,Towers with Radar,241,50,52,0,343,0,2,23,2,27,241,52,75,2,370,0,0,0,370
07/10/2020,HOU,TX,ASW,CE,Towers with Radar,242,49,64,0,355,0,4,33,0,37,242,53,97,0,392,0,0,0,392
07/11/2020,HOU,TX,ASW,CE,Towers with Radar,224,46,75,0,345,0,2,34,0,36,224,48,109,0,381,0,0,0,381
07/12/2020,HOU,TX,ASW,CE,Towers with Radar,235,53,47,0,335,0,3,19,0,22,235,56,66,0,357,0,0,0,357
07/13/2020,HOU,TX,ASW,CE,Towers with Radar,239,40,68,4,351,0,0,34,1,35,239,40,102,5,386,0,0,0,386
07/14/2020,HOU,TX,ASW,CE,Towers with Radar,222,42,46,0,310,0,0,37,0,37,222,42,83,0,347,0,0,0,347
07/15/2020,HOU,TX,ASW,CE,Towers with Radar,222,70,64,1,357,0,0,26,3,29,222,70,90,4,386,0,0,0,386
07/16/2020,HOU,TX,ASW,CE,Towers with Radar,233,39,94,0,366,0,7,28,0,35,233,46,122,0,401,0,0,0,401
07/17/2020,HOU,TX,ASW,CE,Towers with Radar,237,50,71,0,358,0,2,23,0,25,237,52,94,0,383,0,0,0,383
07/18/2020,HOU,TX,ASW,CE,Towers with Radar,221,45,43,0,309,0,5,12,1,18,221,50,55,1,327,0,0,0,327
07/19/2020,HOU,TX,ASW,CE,Towers with Radar,242,60,85,0,387,0,0,24,0,24,242,60,109,0,411,0,0,0,411
07/20/2020,HOU,TX,ASW,CE,Towers with Radar,239,30,57,0,326,0,8,21,3,32,239,38,78,3,358,0,0,0,358
07/21/2020,HOU,TX,ASW,CE,Towers with Radar,224,54,75,0,353,0,3,2,0,5,224,57,77,0,358,0,0,0,358
07/22/2020,HOU,TX,ASW,CE,Towers with Radar,224,41,77,0,342,0,1,23,3,27,224,42,100,3,369,0,0,0,369
07/23/2020,HOU,TX,ASW,CE,Towers with Radar,243,42,95,0,380,0,5,34,0,39,243,47,129,0,419,0,0,0,419
07/24/2020,HOU,TX,ASW,CE,Towers with Radar,244,48,64,0,356,0,2,18,0,20,244,50,82,0,376,0,0,0,376
07/25/2020,HOU,TX,ASW,CE,Towers with Radar,231,35,30,0,296,0,1,7,0,8,231,36,37,0,304,0,0,0,304
07/26/2020,HOU,TX,ASW,CE,Towers with Radar,231,36,86,0,353,0,2,10,0,12,231,38,96,0,365,0,0,0,365
07/27/2020,HOU,TX,ASW,CE,Towers with Radar,241,46,65,0,352,0,0,31,0,31,241,46,96,0,383,0,0,0,383
07/28/2020,HOU,TX,ASW,CE,Towers with Radar,224,40,73,0,337,0,2,22,0,24,224,42,95,0,361,0,0,0,361
07/29/2020,HOU,TX,ASW,CE,Towers with Radar,223,39,102,0,364,0,5,29,1,35,223,44,131,1,399,0,0,0,399
07/30/2020,HOU,TX,ASW,CE,Towers with Radar,238,45,90,0,373,0,5,29,1,35,238,50,119,1,408,0,0,0,408
07/31/2020,HOU,TX,ASW,CE,Towers with Radar,243,59,87,0,389,0,0,33,0,33,243,59,120,0,422,0,0,0,422
08/01/2020,HOU,TX,ASW,CE,Towers with Radar,223,42,71,0,336,0,4,19,2,25,223,46,90,2,361,0,0,0,361
08/02/2020,HOU,TX,ASW,CE,Towers with Radar,231,59,69,1,360,0,0,27,0,27,231,59,96,1,387,0,0,0,387
08/03/2020,HOU,TX,ASW,CE,Towers with Radar,238,31,55,2,326,0,3,22,0,25,238,34,77,2,351,0,0,0,351
08/04/2020,HOU,TX,ASW,CE,Towers with Radar,217,50,70,0,337,0,10,35,0,45,217,60,105,0,382,0,0,0,382
08/05/2020,HOU,TX,ASW,CE,Towers with Radar,222,45,68,0,335,0,0,50,0,50,222,45,118,0,385,0,0,0,385
08/06/2020,HOU,TX,ASW,CE,Towers with Radar,240,35,81,4,360,0,0,22,5,27,240,35,103,9,387,0,0,0,387
08/07/2020,HOU,TX,ASW,CE,Towers with Radar,243,58,71,0,372,0,6,42,2,50,243,64,113,2,422,0,0,0,422
08/08/2020,HOU,TX,ASW,CE,Towers with Radar,223,43,29,0,295,0,3,14,0,17,223,46,43,0,312,0,0,0,312
08/09/2020,HOU,TX,ASW,CE,Towers with Radar,235,53,54,0,342,0,2,25,1,28,235,55,79,1,370,0,0,0,370
08/10/2020,HOU,TX,ASW,CE,Towers with Radar,238,39,70,0,347,0,0,32,0,32,238,39,102,0,379,0,0,0,379
08/11/2020,HOU,TX,ASW,CE,Towers with Radar,259,41,67,0,367,0,2,20,1,23,259,43,87,1,390,0,0,0,390
08/12/2020,HOU,TX,ASW,CE,Towers with Radar,264,51,72,0,387,0,0,40,0,40,264,51,112,0,427,0,0,0,427
08/13/2020,HOU,TX,ASW,CE,Towers with Radar,280,38,76,0,394,0,0,30,2,32,280,38,106,2,426,0,0,0,426
08/14/2020,HOU,TX,ASW,CE,Towers with Radar,279,59,113,1,452,0,6,41,0,47,279,65,154,1,499,0,0,0,499
08/15/2020,HOU,TX,ASW,CE,Towers with Radar,263,46,49,0,358,0,2,17,0,19,263,48,66,0,377,0,0,0,377
08/16/2020,HOU,TX,ASW,CE,Towers with Radar,273,62,74,1,410,0,3,22,0,25,273,65,96,1,435,0,0,0,435
08/17/2020,HOU,TX,ASW,CE,Towers with Radar,279,51,80,0,410,0,6,30,1,37,279,57,110,1,447,0,0,0,447
08/18/2020,HOU,TX,ASW,CE,Towers with Radar,263,53,81,0,397,0,7,37,0,44,263,60,118,0,441,0,0,0,441
08/19/2020,HOU,TX,ASW,CE,Towers with Radar,258,41,61,0,360,0,7,50,2,59,258,48,111,2,419,0,0,0,419
08/20/2020,HOU,TX,ASW,CE,Towers with Radar,275,57,88,0,420,0,2,32,0,34,275,59,120,0,454,0,0,0,454
08/21/2020,HOU,TX,ASW,CE,Towers with Radar,277,53,72,0,402,0,3,22,1,26,277,56,94,1,428,0,0,0,428
08/22/2020,HOU,TX,ASW,CE,Towers with Radar,255,37,59,0,351,0,0,18,0,18,255,37,77,0,369,0,0,0,369
08/23/2020,HOU,TX,ASW,CE,Towers with Radar,266,57,65,0,388,0,4,23,1,28,266,61,88,1,416,0,0,0,416
08/24/2020,HOU,TX,ASW,CE,Towers with Radar,267,54,57,0,378,0,2,22,10,34,267,56,79,10,412,0,0,0,412
08/25/2020,HOU,TX,ASW,CE,Towers with Radar,265,58,78,0,401,0,9,48,5,62,265,67,126,5,463,0,0,0,463
08/26/2020,HOU,TX,ASW,CE,Towers with Radar,129,43,70,0,242,0,7,42,0,49,129,50,112,0,291,0,0,0,291
08/27/2020,HOU,TX,ASW,CE,Towers with Radar,178,31,53,0,262,0,0,56,2,58,178,31,109,2,320,0,0,0,320
08/28/2020,HOU,TX,ASW,CE,Towers with Radar,278,59,77,0,414,0,3,39,1,43,278,62,116,1,457,0,0,0,457
08/29/2020,HOU,TX,ASW,CE,Towers with Radar,265,49,56,2,372,0,6,41,3,50,265,55,97,5,422,0,0,0,422
08/30/2020,HOU,TX,ASW,CE,Towers with Radar,269,43,77,0,389,1,0,25,0,26,270,43,102,0,415,0,0,0,415
08/31/2020,HOU,TX,ASW,CE,Towers with Radar,275,38,98,1,412,0,2,42,7,51,275,40,140,8,463,0,0,0,463
09/01/2020,HOU,TX,ASW,CE,Towers with Radar,264,54,70,0,388,0,1,52,4,57,264,55,122,4,445,0,0,0,445
09/02/2020,HOU,TX,ASW,CE,Towers with Radar,260,62,81,2,405,0,3,38,4,45,260,65,119,6,450,0,0,0,450
09/03/2020,HOU,TX,ASW,CE,Towers with Radar,280,68,100,0,448,0,2,45,0,47,280,70,145,0,495,0,0,0,495
09/04/2020,HOU,TX,ASW,CE,Towers with Radar,278,61,104,0,443,0,2,31,3,36,278,63,135,3,479,0,0,0,479
09/05/2020,HOU,TX,ASW,CE,Towers with Radar,265,34,41,0,340,0,0,17,2,19,265,34,58,2,359,0,0,0,359
09/06/2020,HOU,TX,ASW,CE,Towers with Radar,213,47,52,1,313,0,0,27,0,27,213,47,79,1,340,0,0,0,340
09/07/2020,HOU,TX,ASW,CE,Towers with Radar,216,75,95,0,386,0,4,31,2,37,216,79,126,2,423,0,0,0,423
09/08/2020,HOU,TX,ASW,CE,Towers with Radar,207,45,71,0,323,0,2,21,0,23,207,47,92,0,346,0,0,0,346
09/09/2020,HOU,TX,ASW,CE,Towers with Radar,201,65,83,1,350,0,4,27,1,32,201,69,110,2,382,0,0,0,382
09/10/2020,HOU,TX,ASW,CE,Towers with Radar,208,52,76,1,337,0,5,32,2,39,208,57,108,3,376,0,0,0,376
09/11/2020,HOU,TX,ASW,CE,Towers with Radar,201,67,85,0,353,0,4,32,0,36,201,71,117,0,389,0,0,0,389
09/12/2020,HOU,TX,ASW,CE,Towers with Radar,205,53,61,0,319,0,6,22,2,30,205,59,83,2,349,0,0,0,349
09/13/2020,HOU,TX,ASW,CE,Towers with Radar,211,58,53,0,322,0,8,20,1,29,211,66,73,1,351,0,0,0,351
09/14/2020,HOU,TX,ASW,CE,Towers with Radar,199,59,64,0,322,0,3,27,0,30,199,62,91,0,352,0,0,0,352
09/15/2020,HOU,TX,ASW,CE,Towers with Radar,185,52,76,2,315,0,13,33,2,48,185,65,109,4,363,0,0,0,363
09/16/2020,HOU,TX,ASW,CE,Towers with Radar,191,56,73,0,320,0,0,50,5,55,191,56,123,5,375,0,0,0,375
09/17/2020,HOU,TX,ASW,CE,Towers with Radar,207,74,87,0,368,0,2,29,0,31,207,76,116,0,399,0,0,0,399
09/18/2020,HOU,TX,ASW,CE,Towers with Radar,200,68,95,0,363,0,4,46,1,51,200,72,141,1,414,0,0,0,414
09/19/2020,HOU,TX,ASW,CE,Towers with Radar,201,33,57,0,291,0,3,25,2,30,201,36,82,2,321,0,0,0,321
09/20/2020,HOU,TX,ASW,CE,Towers with Radar,205,74,72,0,351,0,0,9,0,9,205,74,81,0,360,0,0,0,360
09/21/2020,HOU,TX,ASW,CE,Towers with Radar,203,35,47,0,285,0,0,3,0,3,203,35,50,0,288,0,0,0,288
09/22/2020,HOU,TX,ASW,CE,Towers with Radar,188,29,29,0,246,0,0,0,0,0,188,29,29,0,246,0,0,0,246
09/23/2020,HOU,TX,ASW,CE,Towers with Radar,201,65,63,0,329,0,1,26,1,28,201,66,89,1,357,0,0,0,357
09/24/2020,HOU,TX,ASW,CE,Towers with Radar,206,76,90,0,372,1,2,35,4,42,207,78,125,4,414,0,0,0,414
09/25/2020,HOU,TX,ASW,CE,Towers with Radar,207,63,96,0,366,0,3,50,1,54,207,66,146,1,420,0,0,0,420
09/26/2020,HOU,TX,ASW,CE,Towers with Radar,203,45,52,0,300,0,2,36,5,43,203,47,88,5,343,0,0,0,343
09/27/2020,HOU,TX,ASW,CE,Towers with Radar,207,68,77,0,352,0,0,25,0,25,207,68,102,0,377,0,0,0,377
09/28/2020,HOU,TX,ASW,CE,Towers with Radar,203,54,81,0,338,0,1,24,5,30,203,55,105,5,368,0,0,0,368
09/29/2020,HOU,TX,ASW,CE,Towers with Radar,203,55,89,0,347,1,3,47,2,53,204,58,136,2,400,0,0,0,400
09/30/2020,HOU,TX,ASW,CE,Towers with Radar,202,71,91,0,364,0,0,55,6,61,202,71,146,6,425,0,0,0,425
10/01/2020,HOU,TX,ASW,CE,Towers with Radar,206,63,97,0,366,0,5,32,0,37,206,68,129,0,403,0,0,0,403
10/02/2020,HOU,TX,ASW,CE,Towers with Radar,209,68,81,0,358,0,4,25,4,33,209,72,106,4,391,0,0,0,391
10/03/2020,HOU,TX,ASW,CE,Towers with Radar,202,57,41,1,301,0,5,25,2,32,202,62,66,3,333,0,0,0,333
10/04/2020,HOU,TX,ASW,CE,Towers with Radar,211,66,78,0,355,0,2,37,0,39,211,68,115,0,394,0,0,0,394
10/05/2020,HOU,TX,ASW,CE,Towers with Radar,205,59,78,1,343,0,2,44,4,50,205,61,122,5,393,0,0,0,393
10/06/2020,HOU,TX,ASW,CE,Towers with Radar,199,51,69,0,319,0,0,28,1,29,199,51,97,1,348,0,0,0,348
10/07/2020,HOU,TX,ASW,CE,Towers with Radar,198,68,90,0,356,0,10,41,0,51,198,78,131,0,407,0,0,0,407
10/08/2020,HOU,TX,ASW,CE,Towers with Radar,212,78,108,1,399,0,4,50,3,57,212,82,158,4,456,0,0,0,456
10/09/2020,HOU,TX,ASW,CE,Towers with Radar,217,58,79,0,354,0,0,7,2,9,217,58,86,2,363,0,0,0,363
10/10/2020,HOU,TX,ASW,CE,Towers with Radar,204,64,54,0,322,0,14,44,4,62,204,78,98,4,384,0,0,0,384
10/11/2020,HOU,TX,ASW,CE,Towers with Radar,227,49,95,0,371,0,6,28,0,34,227,55,123,0,405,0,0,0,405
10/12/2020,HOU,TX,ASW,CE,Towers with Radar,213,63,95,0,371,0,2,40,4,46,213,65,135,4,417,0,0,0,417
10/13/2020,HOU,TX,ASW,CE,Towers with Radar,191,52,93,0,336,0,2,58,1,61,191,54,151,1,397,0,0,0,397
10/14/2020,HOU,TX,ASW,CE,Towers with Radar,195,62,97,0,354,0,4,28,6,38,195,66,125,6,392,0,0,0,392
10/15/2020,HOU,TX,ASW,CE,Towers with Radar,211,76,105,0,392,0,2,47,1,50,211,78,152,1,442,0,0,0,442
10/16/2020,HOU,TX,ASW,CE,Towers with Radar,211,64,106,0,381,0,1,18,1,20,211,65,124,1,401,0,0,0,401
10/17/2020,HOU,TX,ASW,CE,Towers with Radar,206,42,49,0,297,0,2,19,2,23,206,44,68,2,320,0,0,0,320
10/18/2020,HOU,TX,ASW,CE,Towers with Radar,227,69,94,0,390,0,3,18,2,23,227,72,112,2,413,0,0,0,413
10/19/2020,HOU,TX,ASW,CE,Towers with Radar,213,58,85,0,356,0,2,22,0,24,213,60,107,0,380,0,0,0,380
10/20/2020,HOU,TX,ASW,CE,Towers with Radar,192,69,107,0,368,0,2,51,0,53,192,71,158,0,421,0,0,0,421
10/21/2020,HOU,TX,ASW,CE,Towers with Radar,192,58,116,0,366,0,3,25,2,30,192,61,141,2,396,0,0,0,396
10/22/2020,HOU,TX,ASW,CE,Towers with Radar,213,72,103,0,388,0,2,35,1,38,213,74,138,1,426,0,0,0,426
10/23/2020,HOU,TX,ASW,CE,Towers with Radar,211,76,102,0,389,0,9,43,1,53,211,85,145,1,442,0,0,0,442
10/24/2020,HOU,TX,ASW,CE,Towers with Radar,198,49,65,1,313,0,3,19,1,23,198,52,84,2,336,0,0,0,336
10/25/2020,HOU,TX,ASW,CE,Towers with Radar,204,64,116,0,384,0,0,21,0,21,204,64,137,0,405,0,0,0,405
10/26/2020,HOU,TX,ASW,CE,Towers with Radar,197,55,61,0,313,0,0,60,1,61,197,55,121,1,374,0,0,0,374
10/27/2020,HOU,TX,ASW,CE,Towers with Radar,185,56,86,2,329,0,2,9,2,13,185,58,95,4,342,0,0,0,342
10/28/2020,HOU,TX,ASW,CE,Towers with Radar,184,59,94,0,337,0,0,6,0,6,184,59,100,0,343,0,0,0,343
10/29/2020,HOU,TX,ASW,CE,Towers with Radar,204,74,110,3,391,0,6,36,2,44,204,80,146,5,435,0,0,0,435
10/30/2020,HOU,TX,ASW,CE,Towers with Radar,203,64,95,1,363,0,6,61,2,69,203,70,156,3,432,0,0,0,432
10/31/2020,HOU,TX,ASW,CE,Towers with Radar,192,39,44,0,275,0,4,25,0,29,192,43,69,0,304,0,0,0,304
11/01/2020,HOU,TX,ASW,CE,Towers with Radar,200,57,76,0,333,0,4,31,3,38,200,61,107,3,371,0,0,0,371
11/02/2020,HOU,TX,ASW,CE,Towers with Radar,200,51,83,0,334,0,3,46,0,49,200,54,129,0,383,0,0,0,383
11/03/2020,HOU,TX,ASW,CE,Towers with Radar,187,44,70,0,301,0,14,63,1,78,187,58,133,1,379,0,0,0,379
11/04/2020,HOU,TX,ASW,CE,Towers with Radar,199,79,100,1,379,0,6,52,0,58,199,85,152,1,437,0,0,0,437
11/05/2020,HOU,TX,ASW,CE,Towers with Radar,263,59,79,4,405,0,1,47,3,51,263,60,126,7,456,0,0,0,456
11/06/2020,HOU,TX,ASW,CE,Towers with Radar,256,57,87,0,400,0,0,40,0,40,256,57,127,0,440,0,0,0,440
11/07/2020,HOU,TX,ASW,CE,Towers with Radar,166,45,65,1,277,0,7,31,4,42,166,52,96,5,319,0,0,0,319
11/08/2020,HOU,TX,ASW,CE,Towers with Radar,262,47,79,0,388,0,0,26,0,26,262,47,105,0,414,0,0,0,414
11/09/2020,HOU,TX,ASW,CE,Towers with Radar,257,50,77,0,384,0,0,51,0,51,257,50,128,0,435,0,0,0,435
11/10/2020,HOU,TX,ASW,CE,Towers with Radar,198,59,81,1,339,0,0,44,0,44,198,59,125,1,383,0,0,0,383
11/11/2020,HOU,TX,ASW,CE,Towers with Radar,198,59,80,0,337,0,5,37,0,42,198,64,117,0,379,0,0,0,379
11/12/2020,HOU,TX,ASW,CE,Towers with Radar,255,80,96,2,433,0,3,61,0,64,255,83,157,2,497,0,0,0,497
11/13/2020,HOU,TX,ASW,CE,Towers with Radar,254,66,88,1,409,0,2,59,0,61,254,68,147,1,470,0,0,0,470
11/14/2020,HOU,TX,ASW,CE,Towers with Radar,162,49,48,0,259,0,2,48,4,54,162,51,96,4,313,0,0,0,313
11/15/2020,HOU,TX,ASW,CE,Towers with Radar,270,75,72,2,419,0,9,17,0,26,270,84,89,2,445,0,0,0,445
11/16/2020,HOU,TX,ASW,CE,Towers with Radar,254,53,82,0,389,0,5,48,0,53,254,58,130,0,442,0,0,0,442
11/17/2020,HOU,TX,ASW,CE,Towers with Radar,199,44,110,0,353,0,7,57,5,69,199,51,167,5,422,0,0,0,422
11/18/2020,HOU,TX,ASW,CE,Towers with Radar,199,69,120,0,388,0,2,49,0,51,199,71,169,0,439,0,0,0,439
11/19/2020,HOU,TX,ASW,CE,Towers with Radar,263,90,88,0,441,0,1,47,0,48,263,91,135,0,489,0,0,0,489
11/20/2020,HOU,TX,ASW,CE,Towers with Radar,270,88,114,0,472,0,3,35,0,38,270,91,149,0,510,0,0,0,510
11/21/2020,HOU,TX,ASW,CE,Towers with Radar,232,66,74,0,372,0,2,20,0,22,232,68,94,0,394,0,0,0,394
11/22/2020,HOU,TX,ASW,CE,Towers with Radar,267,91,104,0,462,0,4,30,0,34,267,95,134,0,496,0,0,0,496
11/23/2020,HOU,TX,ASW,CE,Towers with Radar,289,61,90,0,440,0,3,49,0,52,289,64,139,0,492,0,0,0,492
11/24/2020,HOU,TX,ASW,CE,Towers with Radar,287,58,70,0,415,0,0,35,2,37,287,58,105,2,452,0,0,0,452
11/25/2020,HOU,TX,ASW,CE,Towers with Radar,297,67,91,0,455,0,2,32,1,35,297,69,123,1,490,0,0,0,490
11/26/2020,HOU,TX,ASW,CE,Towers with Radar,199,32,18,0,249,0,4,14,1,19,199,36,32,1,268,0,0,0,268
11/27/2020,HOU,TX,ASW,CE,Towers with Radar,278,59,45,0,382,0,0,2,3,5,278,59,47,3,387,0,0,0,387
11/28/2020,HOU,TX,ASW,CE,Towers with Radar,246,61,64,0,371,0,0,0,0,0,246,61,64,0,371,0,0,0,371
11/29/2020,HOU,TX,ASW,CE,Towers with Radar,297,87,122,0,506,0,0,16,0,16,297,87,138,0,522,0,0,0,522
11/30/2020,HOU,TX,ASW,CE,Towers with Radar,282,71,80,0,433,0,6,34,1,41,282,77,114,1,474,0,0,0,474
12/01/2020,HOU,TX,ASW,CE,Towers with Radar,257,87,95,0,439,0,7,30,1,38,257,94,125,1,477,0,0,0,477
12/02/2020,HOU,TX,ASW,CE,Towers with Radar,202,36,89,0,327,0,0,9,4,13,202,36,98,4,340,0,0,0,340
12/03/2020,HOU,TX,ASW,CE,Towers with Radar,207,61,97,2,367,0,0,53,6,59,207,61,150,8,426,0,0,0,426
12/04/2020,HOU,TX,ASW,CE,Towers with Radar,208,67,108,0,383,0,2,33,2,37,208,69,141,2,420,0,0,0,420
12/05/2020,HOU,TX,ASW,CE,Towers with Radar,161,39,53,0,253,0,0,28,3,31,161,39,81,3,284,0,0,0,284
12/06/2020,HOU,TX,ASW,CE,Towers with Radar,208,61,88,0,357,0,1,25,2,28,208,62,113,2,385,0,0,0,385
12/07/2020,HOU,TX,ASW,CE,Towers with Radar,204,58,86,0,348,0,8,36,0,44,204,66,122,0,392,0,0,0,392
12/08/2020,HOU,TX,ASW,CE,Towers with Radar,202,55,91,0,348,0,1,37,5,43,202,56,128,5,391,0,0,0,391
12/09/2020,HOU,TX,ASW,CE,Towers with Radar,199,66,103,5,373,0,11,33,1,45,199,77,136,6,418,0,0,0,418
12/10/2020,HOU,TX,ASW,CE,Towers with Radar,204,61,104,0,369,0,0,51,2,53,204,61,155,2,422,0,0,0,422
12/11/2020,HOU,TX,ASW,CE,Towers with Radar,210,74,82,0,366,0,0,5,3,8,210,74,87,3,374,0,0,0,374
12/12/2020,HOU,TX,ASW,CE,Towers with Radar,163,40,52,0,255,0,0,25,2,27,163,40,77,2,282,0,0,0,282
12/13/2020,HOU,TX,ASW,CE,Towers with Radar,206,39,84,0,329,0,0,0,0,0,206,39,84,0,329,0,0,0,329
12/14/2020,HOU,TX,ASW,CE,Towers with Radar,205,53,100,0,358,0,0,26,3,29,205,53,126,3,387,0,0,0,387
12/15/2020,HOU,TX,ASW,CE,Towers with Radar,196,55,75,0,326,0,0,6,0,6,196,55,81,0,332,0,0,0,332
12/16/2020,HOU,TX,ASW,CE,Towers with Radar,195,76,104,3,378,0,2,44,0,46,195,78,148,3,424,0,0,0,424
12/17/2020,HOU,TX,ASW,CE,Towers with Radar,255,92,90,1,438,0,3,54,5,62,255,95,144,6,500,0,0,0,500
12/18/2020,HOU,TX,ASW,CE,Towers with Radar,260,79,117,2,458,0,2,40,2,44,260,81,157,4,502,0,0,0,502
12/19/2020,HOU,TX,ASW,CE,Towers with Radar,251,56,86,0,393,0,2,9,0,11,251,58,95,0,404,0,0,0,404
12/20/2020,HOU,TX,ASW,CE,Towers with Radar,258,72,86,0,416,0,0,16,2,18,258,72,102,2,434,0,0,0,434
12/21/2020,HOU,TX,ASW,CE,Towers with Radar,257,67,72,1,397,0,4,45,6,55,257,71,117,7,452,0,0,0,452
12/22/2020,HOU,TX,ASW,CE,Towers with Radar,257,57,98,1,413,0,7,63,3,73,257,64,161,4,486,0,0,0,486
12/23/2020,HOU,TX,ASW,CE,Towers with Radar,312,72,82,0,466,0,2,21,1,24,312,74,103,1,490,0,0,0,490
12/24/2020,HOU,TX,ASW,CE,Towers with Radar,209,32,23,0,264,0,0,9,1,10,209,32,32,1,274,0,0,0,274
12/25/2020,HOU,TX,ASW,CE,Towers with Radar,198,35,17,0,250,0,4,13,1,18,198,39,30,1,268,0,0,0,268
12/26/2020,HOU,TX,ASW,CE,Towers with Radar,253,65,104,0,422,0,0,20,0,20,253,65,124,0,442,0,0,0,442
12/27/2020,HOU,TX,ASW,CE,Towers with Radar,308,72,100,0,480,0,2,11,3,16,308,74,111,3,496,0,0,0,496
12/28/2020,HOU,TX,ASW,CE,Towers with Radar,255,67,86,0,408,0,2,23,5,30,255,69,109,5,438,0,0,0,438
12/29/2020,HOU,TX,ASW,CE,Towers with Radar,252,68,55,0,375,0,5,15,1,21,252,73,70,1,396,0,0,0,396
12/30/2020,HOU,TX,ASW,CE,Towers with Radar,264,52,99,0,415,0,0,9,0,9,264,52,108,0,424,0,0,0,424
12/31/2020,HOU,TX,ASW,CE,Towers with Radar,211,49,33,0,293,0,2,0,0,2,211,51,33,0,295,0,0,0,295
01/01/2021,HOU,TX,ASW,CE,Towers with Radar,199,51,30,0,280,0,1,18,0,19,199,52,48,0,299,0,0,0,299
01/02/2021,HOU,TX,ASW,CE,Towers with Radar,256,78,108,1,443,0,5,12,0,17,256,83,120,1,460,0,0,0,460
01/03/2021,HOU,TX,ASW,CE,Towers with Radar,305,86,151,0,542,0,5,16,0,21,305,91,167,0,563,0,0,0,563
01/04/2021,HOU,TX,ASW,CE,Towers with Radar,264,71,112,0,447,0,2,22,1,25,264,73,134,1,472,0,0,0,472
01/05/2021,HOU,TX,ASW,CE,Towers with Radar,257,64,107,0,428,0,2,36,0,38,257,66,143,0,466,0,0,0,466
01/06/2021,HOU,TX,ASW,CE,Towers with Radar,253,63,78,0,394,0,0,20,0,20,253,63,98,0,414,0,0,0,414
01/07/2021,HOU,TX,ASW,CE,Towers with Radar,226,37,94,0,357,0,3,35,2,40,226,40,129,2,397,0,0,0,397
01/08/2021,HOU,TX,ASW,CE,Towers with Radar,230,38,91,0,359,0,7,46,2,55,230,45,137,2,414,0,0,0,414
01/09/2021,HOU,TX,ASW,CE,Towers with Radar,167,54,65,0,286,0,8,16,1,25,167,62,81,1,311,0,0,0,311
01/10/2021,HOU,TX,ASW,CE,Towers with Radar,213,51,70,0,334,0,0,2,0,2,213,51,72,0,336,0,0,0,336
01/11/2021,HOU,TX,ASW,CE,Towers with Radar,227,54,89,0,370,0,2,19,0,21,227,56,108,0,391,0,0,0,391
01/12/2021,HOU,TX,ASW,CE,Towers with Radar,221,55,68,0,344,0,2,46,2,50,221,57,114,2,394,0,0,0,394
01/13/2021,HOU,TX,ASW,CE,Towers with Radar,215,66,106,1,388,0,0,40,0,40,215,66,146,1,428,0,0,0,428
01/14/2021,HOU,TX,ASW,CE,Towers with Radar,223,68,113,0,404,0,0,42,0,42,223,68,155,0,446,0,0,0,446
01/15/2021,HOU,TX,ASW,CE,Towers with Radar,230,71,112,0,413,0,5,39,0,44,230,76,151,0,457,0,0,0,457
01/16/2021,HOU,TX,ASW,CE,Towers with Radar,164,49,71,0,284,0,0,18,0,18,164,49,89,0,302,0,0,0,302
01/17/2021,HOU,TX,ASW,CE,Towers with Radar,224,85,88,0,397,0,2,22,0,24,224,87,110,0,421,0,0,0,421
01/18/2021,HOU,TX,ASW,CE,Towers with Radar,226,62,88,0,376,0,2,36,2,40,226,64,124,2,416,0,0,0,416
01/19/2021,HOU,TX,ASW,CE,Towers with Radar,218,55,78,0,351,0,4,20,3,27,218,59,98,3,378,0,0,0,378
01/20/2021,HOU,TX,ASW,CE,Towers with Radar,217,48,90,0,355,0,0,2,0,2,217,48,92,0,357,0,0,0,357
01/21/2021,HOU,TX,ASW,CE,Towers with Radar,227,51,81,0,359,0,1,1,0,2,227,52,82,0,361,0,0,0,361
01/22/2021,HOU,TX,ASW,CE,Towers with Radar,227,81,85,0,393,0,1,5,0,6,227,82,90,0,399,0,0,0,399
01/23/2021,HOU,TX,ASW,CE,Towers with Radar,166,38,60,0,264,0,1,0,0,1,166,39,60,0,265,0,0,0,265
01/24/2021,HOU,TX,ASW,CE,Towers with Radar,233,69,84,0,386,0,0,7,0,7,233,69,91,0,393,0,0,0,393
01/25/2021,HOU,TX,ASW,CE,Towers with Radar,223,71,85,0,379,0,2,23,1,26,223,73,108,1,405,0,0,0,405
01/26/2021,HOU,TX,ASW,CE,Towers with Radar,214,64,101,0,379,0,4,43,4,51,214,68,144,4,430,0,0,0,430
01/27/2021,HOU,TX,ASW,CE,Towers with Radar,216,73,97,0,386,0,2,19,1,22,216,75,116,1,408,0,0,0,408
01/28/2021,HOU,TX,ASW,CE,Towers with Radar,222,57,100,0,379,0,5,29,4,38,222,62,129,4,417,0,0,0,417
01/29/2021,HOU,TX,ASW,CE,Towers with Radar,232,63,110,0,405,0,3,31,0,34,232,66,141,0,439,0,0,0,439
01/30/2021,HOU,TX,ASW,CE,Towers with Radar,162,52,49,0,263,0,5,22,4,31,162,57,71,4,294,0,0,0,294
01/31/2021,HOU,TX,ASW,CE,Towers with Radar,213,54,94,0,361,0,5,59,0,64,213,59,153,0,425,0,0,0,425
02/01/2021,HOU,TX,ASW,CE,Towers with Radar,223,53,82,0,358,0,6,39,0,45,223,59,121,0,403,0,0,0,403
02/02/2021,HOU,TX,ASW,CE,Towers with Radar,217,66,80,0,363,0,0,37,1,38,217,66,117,1,401,0,0,0,401
02/03/2021,HOU,TX,ASW,CE,Towers with Radar,218,54,91,0,363,0,0,32,2,34,218,54,123,2,397,0,0,0,397
02/04/2021,HOU,TX,ASW,CE,Towers with Radar,220,67,108,0,395,0,4,51,2,57,220,71,159,2,452,0,0,0,452
02/05/2021,HOU,TX,ASW,CE,Towers with Radar,235,80,70,0,385,0,0,24,3,27,235,80,94,3,412,0,0,0,412
02/06/2021,HOU,TX,ASW,CE,Towers with Radar,176,63,57,0,296,0,5,33,1,39,176,68,90,1,335,0,0,0,335
02/07/2021,HOU,TX,ASW,CE,Towers with Radar,228,65,68,0,361,0,3,26,6,35,228,68,94,6,396,0,0,0,396
02/08/2021,HOU,TX,ASW,CE,Towers with Radar,228,90,100,2,420,0,2,20,2,24,228,92,120,4,444,0,0,0,444
02/09/2021,HOU,TX,ASW,CE,Towers with Radar,227,70,84,0,381,0,0,6,0,6,227,70,90,0,387,0,0,0,387
02/10/2021,HOU,TX,ASW,CE,Towers with Radar,227,79,113,0,419,0,0,0,0,0,227,79,113,0,419,0,0,0,419
02/11/2021,HOU,TX,ASW,CE,Towers with Radar,236,74,86,0,396,0,0,0,0,0,236,74,86,0,396,0,0,0,396
02/12/2021,HOU,TX,ASW,CE,Towers with Radar,226,75,91,0,392,0,0,16,0,16,226,75,107,0,408,0,0,0,408
02/13/2021,HOU,TX,ASW,CE,Towers with Radar,167,54,59,0,280,0,3,18,0,21,167,57,77,0,301,0,0,0,301
02/14/2021,HOU,TX,ASW,CE,Towers with Radar,133,48,53,0,234,0,0,2,0,2,133,48,55,0,236,0,0,0,236
02/15/2021,HOU,TX,ASW,CE,Towers with Radar,0,0,0,0,0,0,0,2,0,2,0,0,2,0,2,0,0,0,2
02/16/2021,HOU,TX,ASW,CE,Towers with Radar,53,34,35,0,122,0,3,4,0,7,53,37,39,0,129,0,0,0,129
02/17/2021,HOU,TX,ASW,CE,Towers with Radar,49,53,63,0,165,0,0,0,0,0,49,53,63,0,165,0,0,0,165
02/18/2021,HOU,TX,ASW,CE,Towers with Radar,174,72,70,0,316,0,0,14,0,14,174,72,84,0,330,0,0,0,330
02/19/2021,HOU,TX,ASW,CE,Towers with Radar,221,53,63,0,337,0,5,41,2,48,221,58,104,2,385,0,0,0,385
02/20/2021,HOU,TX,ASW,CE,Towers with Radar,170,66,41,0,277,0,9,54,2,65,170,75,95,2,342,0,0,0,342
02/21/2021,HOU,TX,ASW,CE,Towers with Radar,228,56,60,0,344,0,8,26,1,35,228,64,86,1,379,0,0,0,379
02/22/2021,HOU,TX,ASW,CE,Towers with Radar,227,65,79,2,373,0,11,34,0,45,227,76,113,2,418,0,0,0,418
02/23/2021,HOU,TX,ASW,CE,Towers with Radar,221,75,101,2,399,0,4,27,0,31,221,79,128,2,430,0,0,0,430
02/24/2021,HOU,TX,ASW,CE,Towers with Radar,223,97,112,0,432,0,11,31,5,47,223,108,143,5,479,0,0,0,479
02/25/2021,HOU,TX,ASW,CE,Towers with Radar,231,102,143,2,478,0,2,6,0,8,231,104,149,2,486,0,0,0,486
02/26/2021,HOU,TX,ASW,CE,Towers with Radar,232,74,81,0,387,0,3,7,5,15,232,77,88,5,402,0,0,0,402
02/27/2021,HOU,TX,ASW,CE,Towers with Radar,168,69,68,0,305,0,2,2,0,4,168,71,70,0,309,0,0,0,309
02/28/2021,HOU,TX,ASW,CE,Towers with Radar,228,77,95,0,400,0,1,8,0,9,228,78,103,0,409,0,0,0,409
03/01/2021,HOU,TX,ASW,CE,Towers with Radar,231,70,98,0,399,0,3,2,2,7,231,73,100,2,406,0,0,0,406
03/02/2021,HOU,TX,ASW,CE,Towers with Radar,223,83,91,0,397,0,2,25,4,31,223,85,116,4,428,0,0,0,428
03/03/2021,HOU,TX,ASW,CE,Towers with Radar,219,91,132,0,442,0,6,32,0,38,219,97,164,0,480,0,0,0,480
03/04/2021,HOU,TX,ASW,CE,Towers with Radar,237,93,127,0,457,0,5,32,2,39,237,98,159,2,496,0,0,0,496
03/05/2021,HOU,TX,ASW,CE,Towers with Radar,231,72,107,0,410,0,8,32,1,41,231,80,139,1,451,0,0,0,451
03/06/2021,HOU,TX,ASW,CE,Towers with Radar,170,57,69,0,296,0,4,19,1,24,170,61,88,1,320,0,0,0,320
03/07/2021,HOU,TX,ASW,CE,Towers with Radar,267,87,105,0,459,0,7,27,0,34,267,94,132,0,493,0,0,0,493
03/08/2021,HOU,TX,ASW,CE,Towers with Radar,260,64,89,1,414,0,6,27,1,34,260,70,116,2,448,0,0,0,448
03/09/2021,HOU,TX,ASW,CE,Towers with Radar,225,72,109,1,407,0,3,50,2,55,225,75,159,3,462,0,0,0,462
03/10/2021,HOU,TX,ASW,CE,Towers with Radar,222,70,125,1,418,0,6,15,1,22,222,76,140,2,440,0,0,0,440
03/11/2021,HOU,TX,ASW,CE,Towers with Radar,307,69,121,2,499,0,5,17,0,22,307,74,138,2,521,0,0,0,521
03/12/2021,HOU,TX,ASW,CE,Towers with Radar,313,121,141,1,576,0,4,15,0,19,313,125,156,1,595,0,0,0,595
03/13/2021,HOU,TX,ASW,CE,Towers with Radar,265,90,108,1,464,0,2,15,0,17,265,92,123,1,481,0,0,0,481
03/14/2021,HOU,TX,ASW,CE,Towers with Radar,301,71,85,0,457,0,1,1,0,2,301,72,86,0,459,0,0,0,459
03/15/2021,HOU,TX,ASW,CE,Towers with Radar,286,60,91,0,437,0,0,13,1,14,286,60,104,1,451,0,0,0,451
03/16/2021,HOU,TX,ASW,CE,Towers with Radar,297,73,93,1,464,0,0,10,1,11,297,73,103,2,475,0,0,0,475
03/17/2021,HOU,TX,ASW,CE,Towers with Radar,294,86,96,0,476,0,0,20,1,21,294,86,116,1,497,0,0,0,497
03/18/2021,HOU,TX,ASW,CE,Towers with Radar,316,82,103,0,501,0,3,33,0,36,316,85,136,0,537,0,0,0,537
03/19/2021,HOU,TX,ASW,CE,Towers with Radar,317,91,108,1,517,1,6,44,3,54,318,97,152,4,571,0,0,0,571
03/20/2021,HOU,TX,ASW,CE,Towers with Radar,274,105,93,0,472,0,12,34,2,48,274,117,127,2,520,0,0,0,520
03/21/2021,HOU,TX,ASW,CE,Towers with Radar,324,98,142,0,564,0,2,9,1,12,324,100,151,1,576,0,0,0,576
03/22/2021,HOU,TX,ASW,CE,Towers with Radar,312,83,104,0,499,0,2,26,2,30,312,85,130,2,529,0,0,0,529
03/23/2021,HOU,TX,ASW,CE,Towers with Radar,307,65,98,0,470,0,1,28,0,29,307,66,126,0,499,0,0,0,499
03/24/2021,HOU,TX,ASW,CE,Towers with Radar,300,76,111,0,487,0,2,6,0,8,300,78,117,0,495,0,0,0,495
03/25/2021,HOU,TX,ASW,CE,Towers with Radar,310,86,101,0,497,0,1,37,2,40,310,87,138,2,537,0,0,0,537
03/26/2021,HOU,TX,ASW,CE,Towers with Radar,312,99,99,2,512,0,5,42,0,47,312,104,141,2,559,0,0,0,559
03/27/2021,HOU,TX,ASW,CE,Towers with Radar,264,69,53,0,386,0,1,7,0,8,264,70,60,0,394,0,0,0,394
03/28/2021,HOU,TX,ASW,CE,Towers with Radar,326,79,97,0,502,0,0,17,1,18,326,79,114,1,520,0,0,0,520
03/29/2021,HOU,TX,ASW,CE,Towers with Radar,307,73,86,0,466,0,2,37,0,39,307,75,123,0,505,0,0,0,505
03/30/2021,HOU,TX,ASW,CE,Towers with Radar,303,75,90,0,468,0,0,23,2,25,303,75,113,2,493,0,0,0,493
03/31/2021,HOU,TX,ASW,CE,Towers with Radar,296,95,115,0,506,0,1,33,2,36,296,96,148,2,542,0,0,0,542
04/01/2021,HOU,TX,ASW,CE,Towers with Radar,312,79,119,0,510,0,3,23,4,30,312,82,142,4,540,0,0,0,540
04/02/2021,HOU,TX,ASW,CE,Towers with Radar,311,83,91,0,485,0,6,31,6,43,311,89,122,6,528,0,0,0,528
04/03/2021,HOU,TX,ASW,CE,Towers with Radar,268,56,83,1,408,0,0,23,2,25,268,56,106,3,433,0,0,0,433
04/04/2021,HOU,TX,ASW,CE,Towers with Radar,316,50,73,2,441,0,0,21,2,23,316,50,94,4,464,0,0,0,464
04/05/2021,HOU,TX,ASW,CE,Towers with Radar,311,71,128,1,511,0,0,29,0,29,311,71,157,1,540,0,0,0,540
04/06/2021,HOU,TX,ASW,CE,Towers with Radar,301,102,142,2,547,0,2,28,1,31,301,104,170,3,578,0,0,0,578
04/07/2021,HOU,TX,ASW,CE,Towers with Radar,300,114,141,0,555,0,0,21,2,23,300,114,162,2,578,0,0,0,578
04/08/2021,HOU,TX,ASW,CE,Towers with Radar,317,91,135,0,543,0,3,30,0,33,317,94,165,0,576,0,0,0,576
04/09/2021,HOU,TX,ASW,CE,Towers with Radar,307,87,108,1,503,0,2,15,0,17,307,89,123,1,520,0,0,0,520
04/10/2021,HOU,TX,ASW,CE,Towers with Radar,271,65,82,0,418,0,4,29,2,35,271,69,111,2,453,0,0,0,453
04/11/2021,HOU,TX,ASW,CE,Towers with Radar,307,75,97,1,480,0,4,26,0,30,307,79,123,1,510,0,0,0,510
04/12/2021,HOU,TX,ASW,CE,Towers with Radar,269,73,114,0,456,0,0,25,0,25,269,73,139,0,481,0,0,0,481
04/13/2021,HOU,TX,ASW,CE,Towers with Radar,248,75,119,0,442,0,1,21,1,23,248,76,140,1,465,0,0,0,465
04/14/2021,HOU,TX,ASW,CE,Towers with Radar,243,85,108,0,436,0,0,0,0,0,243,85,108,0,436,0,0,0,436
04/15/2021,HOU,TX,ASW,CE,Towers with Radar,274,89,118,0,481,0,2,14,1,17,274,91,132,1,498,0,0,0,498
04/16/2021,HOU,TX,ASW,CE,Towers with Radar,284,74,72,0,430,0,0,4,0,4,284,74,76,0,434,0,0,0,434
04/17/2021,HOU,TX,ASW,CE,Towers with Radar,251,67,45,0,363,0,0,8,0,8,251,67,53,0,371,0,0,0,371
04/18/2021,HOU,TX,ASW,CE,Towers with Radar,279,72,86,0,437,0,5,29,0,34,279,77,115,0,471,0,0,0,471
04/19/2021,HOU,TX,ASW,CE,Towers with Radar,270,72,101,0,443,0,7,33,0,40,270,79,134,0,483,0,0,0,483
04/20/2021,HOU,TX,ASW,CE,Towers with Radar,251,77,94,0,422,0,0,49,1,50,251,77,143,1,472,0,0,0,472
04/21/2021,HOU,TX,ASW,CE,Towers with Radar,244,77,115,0,436,0,7,33,2,42,244,84,148,2,478,0,0,0,478
04/22/2021,HOU,TX,ASW,CE,Towers with Radar,276,79,143,0,498,0,0,35,1,36,276,79,178,1,534,0,0,0,534
04/23/2021,HOU,TX,ASW,CE,Towers with Radar,271,67,93,0,431,0,1,9,0,10,271,68,102,0,441,0,0,0,441
04/24/2021,HOU,TX,ASW,CE,Towers with Radar,254,59,56,0,369,0,0,19,4,23,254,59,75,4,392,0,0,0,392
04/25/2021,HOU,TX,ASW,CE,Towers with Radar,286,97,128,0,511,0,6,30,3,39,286,103,158,3,550,0,0,0,550
04/26/2021,HOU,TX,ASW,CE,Towers with Radar,279,70,86,1,436,0,2,41,2,45,279,72,127,3,481,0,0,0,481
04/27/2021,HOU,TX,ASW,CE,Towers with Radar,245,72,114,0,431,0,4,25,4,33,245,76,139,4,464,0,0,0,464
04/28/2021,HOU,TX,ASW,CE,Towers with Radar,246,71,93,1,411,0,2,24,7,33,246,73,117,8,444,0,0,0,444
04/29/2021,HOU,TX,ASW,CE,Towers with Radar,279,76,110,0,465,0,5,24,3,32,279,81,134,3,497,0,0,0,497
04/30/2021,HOU,TX,ASW,CE,Towers with Radar,263,80,81,0,424,0,1,16,0,17,263,81,97,0,441,0,0,0,441
05/01/2021,HOU,TX,ASW,CE,Towers with Radar,250,40,37,0,327,0,0,6,1,7,250,40,43,1,334,0,0,0,334
05/02/2021,HOU,TX,ASW,CE,Towers with Radar,275,79,98,0,452,0,4,23,0,27,275,83,121,0,479,0,0,0,479
05/03/2021,HOU,TX,ASW,CE,Towers with Radar,278,81,107,0,466,0,0,32,5,37,278,81,139,5,503,0,0,0,503
05/04/2021,HOU,TX,ASW,CE,Towers with Radar,243,59,113,0,415,0,0,34,0,34,243,59,147,0,449,0,0,0,449
05/05/2021,HOU,TX,ASW,CE,Towers with Radar,249,86,129,0,464,0,6,63,0,69,249,92,192,0,533,0,0,0,533
05/06/2021,HOU,TX,ASW,CE,Towers with Radar,278,72,116,0,466,0,2,48,2,52,278,74,164,2,518,0,0,0,518
05/07/2021,HOU,TX,ASW,CE,Towers with Radar,273,74,102,0,449,0,8,46,3,57,273,82,148,3,506,0,0,0,506
05/08/2021,HOU,TX,ASW,CE,Towers with Radar,259,62,64,0,385,0,2,10,3,15,259,64,74,3,400,0,0,0,400
05/09/2021,HOU,TX,ASW,CE,Towers with Radar,297,69,99,0,465,0,2,21,4,27,297,71,120,4,492,0,0,0,492
05/10/2021,HOU,TX,ASW,CE,Towers with Radar,298,69,93,0,460,0,4,33,3,40,298,73,126,3,500,0,0,0,500
05/11/2021,HOU,TX,ASW,CE,Towers with Radar,281,82,117,0,480,0,0,27,1,28,281,82,144,1,508,0,0,0,508
05/12/2021,HOU,TX,ASW,CE,Towers with Radar,275,100,127,1,503,0,2,13,0,15,275,102,140,1,518,0,0,0,518
05/13/2021,HOU,TX,ASW,CE,Towers with Radar,302,83,140,0,525,0,2,23,1,26,302,85,163,1,551,0,0,0,551
05/14/2021,HOU,TX,ASW,CE,Towers with Radar,299,99,112,0,510,0,3,35,2,40,299,102,147,2,550,0,0,0,550
05/15/2021,HOU,TX,ASW,CE,Towers with Radar,269,62,74,0,405,0,3,25,0,28,269,65,99,0,433,0,0,0,433
05/16/2021,HOU,TX,ASW,CE,Towers with Radar,304,104,113,0,521,0,0,3,0,3,304,104,116,0,524,0,0,0,524
05/17/2021,HOU,TX,ASW,CE,Towers with Radar,289,58,97,0,444,0,3,14,1,18,289,61,111,1,462,0,0,0,462
05/18/2021,HOU,TX,ASW,CE,Towers with Radar,276,59,114,0,449,0,3,23,0,26,276,62,137,0,475,0,0,0,475
05/19/2021,HOU,TX,ASW,CE,Towers with Radar,278,64,88,2,432,0,1,0,1,2,278,65,88,3,434,0,0,0,434
05/20/2021,HOU,TX,ASW,CE,Towers with Radar,296,115,135,2,548,0,1,30,1,32,296,116,165,3,580,0,0,0,580
05/21/2021,HOU,TX,ASW,CE,Towers with Radar,301,106,111,0,518,0,2,20,2,24,301,108,131,2,542,0,0,0,542
05/22/2021,HOU,TX,ASW,CE,Towers with Radar,263,53,52,0,368,0,0,12,4,16,263,53,64,4,384,0,0,0,384
05/23/2021,HOU,TX,ASW,CE,Towers with Radar,307,69,117,0,493,0,1,14,0,15,307,70,131,0,508,0,0,0,508
05/24/2021,HOU,TX,ASW,CE,Towers with Radar,298,58,114,0,470,0,1,1,12,14,298,59,115,12,484,0,0,0,484
05/25/2021,HOU,TX,ASW,CE,Towers with Radar,268,66,116,1,451,0,4,25,0,29,268,70,141,1,480,0,0,0,480
05/26/2021,HOU,TX,ASW,CE,Towers with Radar,264,82,137,0,483,0,0,27,2,29,264,82,164,2,512,0,0,0,512
05/27/2021,HOU,TX,ASW,CE,Towers with Radar,300,106,154,0,560,0,2,39,0,41,300,108,193,0,601,0,0,0,601
05/28/2021,HOU,TX,ASW,CE,Towers with Radar,321,81,134,0,536,0,0,30,3,33,321,81,164,3,569,0,0,0,569
05/29/2021,HOU,TX,ASW,CE,Towers with Radar,271,50,55,0,376,0,2,14,0,16,271,52,69,0,392,0,0,0,392
05/30/2021,HOU,TX,ASW,CE,Towers with Radar,304,55,62,0,421,0,0,21,0,21,304,55,83,0,442,0,0,0,442
05/31/2021,HOU,TX,ASW,CE,Towers with Radar,305,68,112,0,485,0,8,16,3,27,305,76,128,3,512,0,0,0,512
06/01/2021,HOU,TX,ASW,CE,Towers with Radar,292,66,104,0,462,0,2,32,1,35,292,68,136,1,497,0,0,0,497
06/02/2021,HOU,TX,ASW,CE,Towers with Radar,295,72,86,0,453,0,0,30,2,32,295,72,116,2,485,0,0,0,485
06/03/2021,HOU,TX,ASW,CE,Towers with Radar,302,80,102,0,484,0,4,17,0,21,302,84,119,0,505,0,0,0,505
06/04/2021,HOU,TX,ASW,CE,Towers with Radar,317,79,121,0,517,0,0,3,1,4,317,79,124,1,521,0,0,0,521
06/05/2021,HOU,TX,ASW,CE,Towers with Radar,264,62,65,0,391,0,1,12,0,13,264,63,77,0,404,0,0,0,404
06/06/2021,HOU,TX,ASW,CE,Towers with Radar,327,81,87,0,495,0,10,16,1,27,327,91,103,1,522,0,0,0,522
06/07/2021,HOU,TX,ASW,CE,Towers with Radar,323,64,107,0,494,0,5,37,2,44,323,69,144,2,538,0,0,0,538
06/08/2021,HOU,TX,ASW,CE,Towers with Radar,314,80,114,0,508,0,1,38,4,43,314,81,152,4,551,0,0,0,551
06/09/2021,HOU,TX,ASW,CE,Towers with Radar,314,89,109,4,516,0,2,30,3,35,314,91,139,7,551,0,0,0,551
06/10/2021,HOU,TX,ASW,CE,Towers with Radar,325,78,168,0,571,0,2,34,2,38,325,80,202,2,609,0,0,0,609
06/11/2021,HOU,TX,ASW,CE,Towers with Radar,341,76,119,0,536,0,2,35,5,42,341,78,154,5,578,0,0,0,578
06/12/2021,HOU,TX,ASW,CE,Towers with Radar,265,55,59,0,379,0,2,19,4,25,265,57,78,4,404,0,0,0,404
06/13/2021,HOU,TX,ASW,CE,Towers with Radar,331,80,135,0,546,0,2,10,3,15,331,82,145,3,561,0,0,0,561
06/14/2021,HOU,TX,ASW,CE,Towers with Radar,324,69,93,0,486,0,0,35,5,40,324,69,128,5,526,0,0,0,526
06/15/2021,HOU,TX,ASW,CE,Towers with Radar,263,60,114,0,437,0,1,45,3,49,263,61,159,3,486,0,0,0,486
06/16/2021,HOU,TX,ASW,CE,Towers with Radar,307,61,100,0,468,0,0,46,1,47,307,61,146,1,515,0,0,0,515
06/17/2021,HOU,TX,ASW,CE,Towers with Radar,326,98,158,0,582,0,1,56,1,58,326,99,214,1,640,0,0,0,640
06/18/2021,HOU,TX,ASW,CE,Towers with Radar,323,74,104,0,501,0,6,43,0,49,323,80,147,0,550,0,0,0,550
06/19/2021,HOU,TX,ASW,CE,Towers with Radar,274,61,93,0,428,0,8,33,0,41,274,69,126,0,469,0,0,0,469
06/20/2021,HOU,TX,ASW,CE,Towers with Radar,331,77,93,0,501,0,3,19,0,22,331,80,112,0,523,0,0,0,523
06/21/2021,HOU,TX,ASW,CE,Towers with Radar,272,58,131,0,461,0,2,18,1,21,272,60,149,1,482,0,0,0,482
06/22/2021,HOU,TX,ASW,CE,Towers with Radar,312,85,111,0,508,0,7,26,0,33,312,92,137,0,541,0,0,0,541
06/23/2021,HOU,TX,ASW,CE,Towers with Radar,315,106,132,0,553,0,3,36,0,39,315,109,168,0,592,0,0,0,592
06/24/2021,HOU,TX,ASW,CE,Towers with Radar,324,84,123,0,531,0,6,28,3,37,324,90,151,3,568,0,0,0,568
06/25/2021,HOU,TX,ASW,CE,Towers with Radar,348,91,125,0,564,0,3,37,4,44,348,94,162,4,608,0,0,0,608
06/26/2021,HOU,TX,ASW,CE,Towers with Radar,260,66,71,2,399,0,6,17,3,26,260,72,88,5,425,0,0,0,425
06/27/2021,HOU,TX,ASW,CE,Towers with Radar,326,79,97,0,502,0,0,25,1,26,326,79,122,1,528,0,0,0,528
06/28/2021,HOU,TX,ASW,CE,Towers with Radar,297,75,109,0,481,0,0,8,0,8,297,75,117,0,489,0,0,0,489
06/29/2021,HOU,TX,ASW,CE,Towers with Radar,275,73,119,2,469,0,6,22,1,29,275,79,141,3,498,0,0,0,498
06/30/2021,HOU,TX,ASW,CE,Towers with Radar,307,89,126,0,522,0,0,34,2,36,307,89,160,2,558,0,0,0,558
07/01/2021,HOU,TX,ASW,CE,Towers with Radar,337,110,147,0,594,0,0,39,1,40,337,110,186,1,634,0,0,0,634
07/02/2021,HOU,TX,ASW,CE,Towers with Radar,309,77,118,0,504,0,0,37,0,37,309,77,155,0,541,0,0,0,541
07/03/2021,HOU,TX,ASW,CE,Towers with Radar,254,50,61,0,365,0,0,11,2,13,254,50,72,2,378,0,0,0,378
07/04/2021,HOU,TX,ASW,CE,Towers with Radar,323,36,27,0,386,0,1,19,0,20,323,37,46,0,406,0,0,0,406
07/05/2021,HOU,TX,ASW,CE,Towers with Radar,327,68,114,0,509,0,2,10,1,13,327,70,124,1,522,0,0,0,522
07/06/2021,HOU,TX,ASW,CE,Towers with Radar,316,67,83,0,466,0,2,13,4,19,316,69,96,4,485,0,0,0,485
07/07/2021,HOU,TX,ASW,CE,Towers with Radar,289,64,93,0,446,0,1,18,3,22,289,65,111,3,468,0,0,0,468
07/08/2021,HOU,TX,ASW,CE,Towers with Radar,323,61,114,0,498,0,2,9,0,11,323,63,123,0,509,0,0,0,509
07/09/2021,HOU,TX,ASW,CE,Towers with Radar,341,67,96,1,505,0,0,9,1,10,341,67,105,2,515,0,0,0,515
07/10/2021,HOU,TX,ASW,CE,Towers with Radar,261,55,98,0,414,0,0,9,1,10,261,55,107,1,424,0,0,0,424
07/11/2021,HOU,TX,ASW,CE,Towers with Radar,335,73,88,0,496,0,0,23,0,23,335,73,111,0,519,0,0,0,519
07/12/2021,HOU,TX,ASW,CE,Towers with Radar,330,69,86,1,486,0,0,27,2,29,330,69,113,3,515,0,0,0,515
07/13/2021,HOU,TX,ASW,CE,Towers with Radar,320,59,95,0,474,0,0,24,2,26,320,59,119,2,500,0,0,0,500
07/14/2021,HOU,TX,ASW,CE,Towers with Radar,304,70,100,1,475,0,1,17,5,23,304,71,117,6,498,0,0,0,498
07/15/2021,HOU,TX,ASW,CE,Towers with Radar,320,73,108,0,501,0,0,35,1,36,320,73,143,1,537,0,0,0,537
07/16/2021,HOU,TX,ASW,CE,Towers with Radar,340,84,112,1,537,0,4,39,0,43,340,88,151,1,580,0,0,0,580
07/17/2021,HOU,TX,ASW,CE,Towers with Radar,253,89,72,0,414,0,5,29,9,43,253,94,101,9,457,0,0,0,457
07/18/2021,HOU,TX,ASW,CE,Towers with Radar,336,90,92,0,518,0,3,22,1,26,336,93,114,1,544,0,0,0,544
07/19/2021,HOU,TX,ASW,CE,Towers with Radar,320,60,114,1,495,0,5,26,2,33,320,65,140,3,528,0,0,0,528
07/20/2021,HOU,TX,ASW,CE,Towers with Radar,320,72,110,0,502,0,6,36,3,45,320,78,146,3,547,0,0,0,547
07/21/2021,HOU,TX,ASW,CE,Towers with Radar,319,83,116,0,518,0,2,36,1,39,319,85,152,1,557,0,0,0,557
07/22/2021,HOU,TX,ASW,CE,Towers with Radar,337,78,134,0,549,0,7,39,10,56,337,85,173,10,605,0,0,0,605
07/23/2021,HOU,TX,ASW,CE,Towers with Radar,332,93,99,0,524,0,4,33,3,40,332,97,132,3,564,0,0,0,564
07/24/2021,HOU,TX,ASW,CE,Towers with Radar,257,63,69,0,389,0,0,14,0,14,257,63,83,0,403,0,0,0,403
07/25/2021,HOU,TX,ASW,CE,Towers with Radar,334,77,107,0,518,0,2,39,2,43,334,79,146,2,561,0,0,0,561
07/26/2021,HOU,TX,ASW,CE,Towers with Radar,330,57,93,0,480,0,0,32,1,33,330,57,125,1,513,0,0,0,513
07/27/2021,HOU,TX,ASW,CE,Towers with Radar,314,74,103,0,491,0,0,45,1,46,314,74,148,1,537,0,0,0,537
07/28/2021,HOU,TX,ASW,CE,Towers with Radar,308,60,108,0,476,0,1,60,3,64,308,61,168,3,540,0,0,0,540
07/29/2021,HOU,TX,ASW,CE,Towers with Radar,328,75,122,0,525,0,5,53,3,61,328,80,175,3,586,0,0,0,586
07/30/2021,HOU,TX,ASW,CE,Towers with Radar,335,59,109,0,503,0,2,50,1,53,335,61,159,1,556,0,0,0,556
07/31/2021,HOU,TX,ASW,CE,Towers with Radar,248,62,82,0,392,0,3,29,0,32,248,65,111,0,424,0,0,0,424
08/01/2021,HOU,TX,ASW,CE,Towers with Radar,313,75,86,2,476,0,2,17,0,19,313,77,103,2,495,0,0,0,495
08/02/2021,HOU,TX,ASW,CE,Towers with Radar,326,63,135,0,524,0,0,28,0,28,326,63,163,0,552,0,0,0,552
08/03/2021,HOU,TX,ASW,CE,Towers with Radar,316,66,100,1,483,0,0,30,3,33,316,66,130,4,516,0,0,0,516
08/04/2021,HOU,TX,ASW,CE,Towers with Radar,312,68,109,4,493,0,2,36,1,39,312,70,145,5,532,0,0,0,532
08/05/2021,HOU,TX,ASW,CE,Towers with Radar,331,74,92,3,500,0,2,42,0,44,331,76,134,3,544,0,0,0,544
08/06/2021,HOU,TX,ASW,CE,Towers with Radar,327,73,84,0,484,0,3,31,0,34,327,76,115,0,518,0,0,0,518
08/07/2021,HOU,TX,ASW,CE,Towers with Radar,256,57,67,0,380,0,0,19,0,19,256,57,86,0,399,0,0,0,399
08/08/2021,HOU,TX,ASW,CE,Towers with Radar,330,91,118,0,539,0,7,15,0,22,330,98,133,0,561,0,0,0,561
08/09/2021,HOU,TX,ASW,CE,Towers with Radar,331,65,90,0,486,0,3,44,0,47,331,68,134,0,533,0,0,0,533
08/10/2021,HOU,TX,ASW,CE,Towers with Radar,308,70,100,2,480,0,1,37,0,38,308,71,137,2,518,0,0,0,518
08/11/2021,HOU,TX,ASW,CE,Towers with Radar,306,71,110,0,487,0,2,30,0,32,306,73,140,0,519,0,0,0,519
08/12/2021,HOU,TX,ASW,CE,Towers with Radar,324,77,98,0,499,0,1,39,1,41,324,78,137,1,540,0,0,0,540
08/13/2021,HOU,TX,ASW,CE,Towers with Radar,325,66,79,0,470,0,2,27,0,29,325,68,106,0,499,0,0,0,499
08/14/2021,HOU,TX,ASW,CE,Towers with Radar,257,60,63,0,380,0,5,14,0,19,257,65,77,0,399,0,0,0,399
08/15/2021,HOU,TX,ASW,CE,Towers with Radar,266,77,96,1,440,0,3,17,1,21,266,80,113,2,461,0,0,0,461
08/16/2021,HOU,TX,ASW,CE,Towers with Radar,300,65,87,0,452,0,3,41,2,46,300,68,128,2,498,0,0,0,498
08/17/2021,HOU,TX,ASW,CE,Towers with Radar,300,64,122,0,486,0,1,53,0,54,300,65,175,0,540,0,0,0,540
08/18/2021,HOU,TX,ASW,CE,Towers with Radar,293,81,120,0,494,0,3,16,0,19,293,84,136,0,513,0,0,0,513
08/19/2021,HOU,TX,ASW,CE,Towers with Radar,326,73,145,0,544,0,0,37,0,37,326,73,182,0,581,0,0,0,581
08/20/2021,HOU,TX,ASW,CE,Towers with Radar,312,61,115,0,488,0,7,35,6,48,312,68,150,6,536,0,0,0,536
08/21/2021,HOU,TX,ASW,CE,Towers with Radar,254,48,53,0,355,0,1,23,4,28,254,49,76,4,383,0,0,0,383
08/22/2021,HOU,TX,ASW,CE,Towers with Radar,326,64,84,0,474,0,2,15,4,21,326,66,99,4,495,0,0,0,495
08/23/2021,HOU,TX,ASW,CE,Towers with Radar,326,57,102,3,488,0,4,42,0,46,326,61,144,3,534,0,0,0,534
08/24/2021,HOU,TX,ASW,CE,Towers with Radar,302,52,98,1,453,0,2,38,6,46,302,54,136,7,499,0,0,0,499
08/25/2021,HOU,TX,ASW,CE,Towers with Radar,305,98,121,0,524,0,1,37,1,39,305,99,158,1,563,0,0,0,563
08/26/2021,HOU,TX,ASW,CE,Towers with Radar,328,77,110,1,516,0,2,26,9,37,328,79,136,10,553,0,0,0,553
08/27/2021,HOU,TX,ASW,CE,Towers with Radar,328,60,97,0,485,0,1,20,6,27,328,61,117,6,512,0,0,0,512
08/28/2021,HOU,TX,ASW,CE,Towers with Radar,271,70,71,0,412,0,3,26,1,30,271,73,97,1,442,0,0,0,442
08/29/2021,HOU,TX,ASW,CE,Towers with Radar,313,77,62,0,452,0,0,19,0,19,313,77,81,0,471,0,0,0,471
08/30/2021,HOU,TX,ASW,CE,Towers with Radar,305,57,90,0,452,0,5,48,1,54,305,62,138,1,506,0,0,0,506
08/31/2021,HOU,TX,ASW,CE,Towers with Radar,295,41,100,0,436,0,6,48,1,55,295,47,148,1,491,0,0,0,491
09/01/2021,HOU,TX,ASW,CE,Towers with Radar,296,64,97,0,457,0,2,42,0,44,296,66,139,0,501,0,0,0,501
09/02/2021,HOU,TX,ASW,CE,Towers with Radar,322,70,131,2,525,0,1,42,0,43,322,71,173,2,568,0,0,0,568
09/03/2021,HOU,TX,ASW,CE,Towers with Radar,318,58,99,0,475,0,7,40,0,47,318,65,139,0,522,0,0,0,522
09/04/2021,HOU,TX,ASW,CE,Towers with Radar,252,61,77,0,390,0,7,25,0,32,252,68,102,0,422,0,0,0,422
09/05/2021,HOU,TX,ASW,CE,Towers with Radar,314,40,58,0,412,0,0,30,0,30,314,40,88,0,442,0,0,0,442
09/06/2021,HOU,TX,ASW,CE,Towers with Radar,326,69,102,0,497,0,0,12,1,13,326,69,114,1,510,0,0,0,510
09/07/2021,HOU,TX,ASW,CE,Towers with Radar,293,70,117,0,480,0,2,38,3,43,293,72,155,3,523,0,0,0,523
09/08/2021,HOU,TX,ASW,CE,Towers with Radar,294,84,124,0,502,0,1,43,0,44,294,85,167,0,546,0,0,0,546
09/09/2021,HOU,TX,ASW,CE,Towers with Radar,319,82,121,0,522,0,2,54,1,57,319,84,175,1,579,0,0,0,579
09/10/2021,HOU,TX,ASW,CE,Towers with Radar,308,67,119,0,494,0,6,36,0,42,308,73,155,0,536,0,0,0,536
09/11/2021,HOU,TX,ASW,CE,Towers with Radar,260,69,61,3,393,0,3,21,1,25,260,72,82,4,418,0,0,0,418
09/12/2021,HOU,TX,ASW,CE,Towers with Radar,342,69,141,0,552,0,2,23,0,25,342,71,164,0,577,0,0,0,577
09/13/2021,HOU,TX,ASW,CE,Towers with Radar,187,54,65,0,306,0,0,0,0,0,187,54,65,0,306,0,0,0,306
09/14/2021,HOU,TX,ASW,CE,Towers with Radar,141,40,35,0,216,0,0,2,0,2,141,40,37,0,218,0,0,0,218
09/15/2021,HOU,TX,ASW,CE,Towers with Radar,294,77,90,1,462,0,2,21,1,24,294,79,111,2,486,0,0,0,486
09/16/2021,HOU,TX,ASW,CE,Towers with Radar,324,101,114,4,543,0,0,37,0,37,324,101,151,4,580,0,0,0,580
09/17/2021,HOU,TX,ASW,CE,Towers with Radar,315,88,97,0,500,0,0,41,7,48,315,88,138,7,548,0,0,0,548
09/18/2021,HOU,TX,ASW,CE,Towers with Radar,254,57,72,0,383,0,0,54,5,59,254,57,126,5,442,0,0,0,442
09/19/2021,HOU,TX,ASW,CE,Towers with Radar,342,87,118,0,547,0,1,19,2,22,342,88,137,2,569,0,0,0,569
09/20/2021,HOU,TX,ASW,CE,Towers with Radar,316,65,111,0,492,0,2,35,1,38,316,67,146,1,530,0,0,0,530
09/21/2021,HOU,TX,ASW,CE,Towers with Radar,286,73,130,0,489,0,4,35,4,43,286,77,165,4,532,0,0,0,532
09/22/2021,HOU,TX,ASW,CE,Towers with Radar,291,58,120,0,469,0,2,41,2,45,291,60,161,2,514,0,0,0,514
09/23/2021,HOU,TX,ASW,CE,Towers with Radar,322,88,123,0,533,0,3,67,3,73,322,91,190,3,606,0,0,0,606
09/24/2021,HOU,TX,ASW,CE,Towers with Radar,323,69,127,0,519,0,6,38,0,44,323,75,165,0,563,0,0,0,563
09/25/2021,HOU,TX,ASW,CE,Towers with Radar,251,47,91,0,389,0,3,30,1,34,251,50,121,1,423,0,0,0,423
09/26/2021,HOU,TX,ASW,CE,Towers with Radar,343,72,116,0,531,0,3,24,0,27,343,75,140,0,558,0,0,0,558
09/27/2021,HOU,TX,ASW,CE,Towers with Radar,314,66,111,0,491,0,1,37,0,38,314,67,148,0,529,0,0,0,529
09/28/2021,HOU,TX,ASW,CE,Towers with Radar,286,68,126,1,481,0,0,14,0,14,286,68,140,1,495,0,0,0,495
09/29/2021,HOU,TX,ASW,CE,Towers with Radar,300,71,137,1,509,0,3,21,3,27,300,74,158,4,536,0,0,0,536
09/30/2021,HOU,TX,ASW,CE,Towers with Radar,320,72,96,0,488,0,3,26,0,29,320,75,122,0,517,0,0,0,517
10/01/2021,HOU,TX,ASW,CE,Towers with Radar,307,73,109,0,489,0,0,18,0,18,307,73,127,0,507,0,0,0,507
10/02/2021,HOU,TX,ASW,CE,Towers with Radar,254,47,52,0,353,0,0,11,2,13,254,47,63,2,366,0,0,0,366
10/03/2021,HOU,TX,ASW,CE,Towers with Radar,340,88,127,0,555,0,0,23,1,24,340,88,150,1,579,0,0,0,579
10/04/2021,HOU,TX,ASW,CE,Towers with Radar,326,63,102,0,491,0,2,36,3,41,326,65,138,3,532,0,0,0,532
10/05/2021,HOU,TX,ASW,CE,Towers with Radar,297,78,125,0,500,0,3,43,0,46,297,81,168,0,546,0,0,0,546
10/06/2021,HOU,TX,ASW,CE,Towers with Radar,294,84,128,0,506,0,3,58,0,61,294,87,186,0,567,0,0,0,567
10/07/2021,HOU,TX,ASW,CE,Towers with Radar,321,88,140,0,549,0,2,49,2,53,321,90,189,2,602,0,0,0,602
10/08/2021,HOU,TX,ASW,CE,Towers with Radar,308,81,108,0,497,0,3,38,9,50,308,84,146,9,547,0,0,0,547
10/09/2021,HOU,TX,ASW,CE,Towers with Radar,216,66,105,0,387,0,2,21,2,25,216,68,126,2,412,0,0,0,412
10/10/2021,HOU,TX,ASW,CE,Towers with Radar,234,79,116,0,429,0,2,21,4,27,234,81,137,4,456,0,0,0,456
10/11/2021,HOU,TX,ASW,CE,Towers with Radar,294,79,131,0,504,0,1,37,2,40,294,80,168,2,544,0,0,0,544
10/12/2021,HOU,TX,ASW,CE,Towers with Radar,288,88,137,0,513,0,1,31,0,32,288,89,168,0,545,0,0,0,545
10/13/2021,HOU,TX,ASW,CE,Towers with Radar,298,83,128,0,509,0,2,58,2,62,298,85,186,2,571,0,0,0,571
10/14/2021,HOU,TX,ASW,CE,Towers with Radar,324,98,129,2,553,0,1,25,1,27,324,99,154,3,580,0,0,0,580
10/15/2021,HOU,TX,ASW,CE,Towers with Radar,315,106,126,2,549,0,2,33,5,40,315,108,159,7,589,0,0,0,589
10/16/2021,HOU,TX,ASW,CE,Towers with Radar,275,63,98,0,436,0,0,25,1,26,275,63,123,1,462,0,0,0,462
10/17/2021,HOU,TX,ASW,CE,Towers with Radar,341,86,119,0,546,0,0,27,0,27,341,86,146,0,573,0,0,0,573
10/18/2021,HOU,TX,ASW,CE,Towers with Radar,320,70,110,2,502,0,0,55,0,55,320,70,165,2,557,0,0,0,557
10/19/2021,HOU,TX,ASW,CE,Towers with Radar,286,71,131,3,491,0,2,65,0,67,286,73,196,3,558,0,0,0,558
10/20/2021,HOU,TX,ASW,CE,Towers with Radar,289,90,132,0,511,0,2,48,3,53,289,92,180,3,564,0,0,0,564
10/21/2021,HOU,TX,ASW,CE,Towers with Radar,325,83,163,1,572,0,0,34,5,39,325,83,197,6,611,0,0,0,611
10/22/2021,HOU,TX,ASW,CE,Towers with Radar,315,104,146,2,567,0,2,68,0,70,315,106,214,2,637,0,0,0,637
10/23/2021,HOU,TX,ASW,CE,Towers with Radar,275,66,68,0,409,0,0,16,0,16,275,66,84,0,425,0,0,0,425
10/24/2021,HOU,TX,ASW,CE,Towers with Radar,341,90,113,0,544,0,0,21,0,21,341,90,134,0,565,0,0,0,565
10/25/2021,HOU,TX,ASW,CE,Towers with Radar,323,87,130,0,540,0,5,37,2,44,323,92,167,2,584,0,0,0,584
10/26/2021,HOU,TX,ASW,CE,Towers with Radar,292,104,166,2,564,0,2,43,3,48,292,106,209,5,612,0,0,0,612
10/27/2021,HOU,TX,ASW,CE,Towers with Radar,260,101,155,0,516,0,1,32,1,34,260,102,187,1,550,0,0,0,550
10/28/2021,HOU,TX,ASW,CE,Towers with Radar,318,101,165,2,586,0,2,30,0,32,318,103,195,2,618,0,0,0,618
10/29/2021,HOU,TX,ASW,CE,Towers with Radar,317,94,130,0,541,0,0,27,0,27,317,94,157,0,568,0,0,0,568
10/30/2021,HOU,TX,ASW,CE,Towers with Radar,263,56,81,0,400,0,1,24,0,25,263,57,105,0,425,0,0,0,425
10/31/2021,HOU,TX,ASW,CE,Towers with Radar,322,70,116,0,508,0,2,17,0,19,322,72,133,0,527,0,0,0,527
11/01/2021,HOU,TX,ASW,CE,Towers with Radar,317,94,149,0,560,0,0,64,1,65,317,94,213,1,625,0,0,0,625
11/02/2021,HOU,TX,ASW,CE,Towers with Radar,298,131,176,0,605,0,4,50,0,54,298,135,226,0,659,0,0,0,659
11/03/2021,HOU,TX,ASW,CE,Towers with Radar,290,106,173,0,569,0,2,31,0,33,290,108,204,0,602,0,0,0,602
11/04/2021,HOU,TX,ASW,CE,Towers with Radar,315,94,143,0,552,0,3,11,0,14,315,97,154,0,566,0,0,0,566
11/05/2021,HOU,TX,ASW,CE,Towers with Radar,317,98,119,1,535,0,2,55,3,60,317,100,174,4,595,0,0,0,595
11/06/2021,HOU,TX,ASW,CE,Towers with Radar,260,72,78,0,410,0,2,39,2,43,260,74,117,2,453,0,0,0,453
11/07/2021,HOU,TX,ASW,CE,Towers with Radar,310,100,156,0,566,0,3,19,0,22,310,103,175,0,588,0,0,0,588
11/08/2021,HOU,TX,ASW,CE,Towers with Radar,297,62,150,0,509,0,2,47,0,49,297,64,197,0,558,0,0,0,558
11/09/2021,HOU,TX,ASW,CE,Towers with Radar,267,85,125,0,477,0,0,49,2,51,267,85,174,2,528,0,0,0,528
11/10/2021,HOU,TX,ASW,CE,Towers with Radar,269,100,170,0,539,0,0,27,0,27,269,100,197,0,566,0,0,0,566
11/11/2021,HOU,TX,ASW,CE,Towers with Radar,304,108,164,0,576,0,1,43,0,44,304,109,207,0,620,0,0,0,620
11/12/2021,HOU,TX,ASW,CE,Towers with Radar,295,89,113,0,497,0,1,49,1,51,295,90,162,1,548,0,0,0,548
11/13/2021,HOU,TX,ASW,CE,Towers with Radar,252,55,78,0,385,0,2,22,0,24,252,57,100,0,409,0,0,0,409
11/14/2021,HOU,TX,ASW,CE,Towers with Radar,316,78,141,2,537,0,0,34,0,34,316,78,175,2,571,0,0,0,571
11/15/2021,HOU,TX,ASW,CE,Towers with Radar,293,81,113,0,487,0,6,29,0,35,293,87,142,0,522,0,0,0,522
11/16/2021,HOU,TX,ASW,CE,Towers with Radar,272,67,159,0,498,0,4,46,1,51,272,71,205,1,549,0,0,0,549
11/17/2021,HOU,TX,ASW,CE,Towers with Radar,271,103,107,0,481,0,1,49,0,50,271,104,156,0,531,0,0,0,531
11/18/2021,HOU,TX,ASW,CE,Towers with Radar,293,97,141,0,531,0,1,43,0,44,293,98,184,0,575,0,0,0,575
11/19/2021,HOU,TX,ASW,CE,Towers with Radar,299,98,160,2,559,0,0,42,1,43,299,98,202,3,602,0,0,0,602
11/20/2021,HOU,TX,ASW,CE,Towers with Radar,288,91,110,0,489,0,5,19,0,24,288,96,129,0,513,0,0,0,513
11/21/2021,HOU,TX,ASW,CE,Towers with Radar,317,78,106,0,501,0,3,20,4,27,317,81,126,4,528,0,0,0,528
11/22/2021,HOU,TX,ASW,CE,Towers with Radar,299,54,96,0,449,0,1,44,0,45,299,55,140,0,494,0,0,0,494
11/23/2021,HOU,TX,ASW,CE,Towers with Radar,338,79,92,0,509,0,3,57,0,60,338,82,149,0,569,0,0,0,569
11/24/2021,HOU,TX,ASW,CE,Towers with Radar,348,92,125,0,565,0,3,43,2,48,348,95,168,2,613,0,0,0,613
11/25/2021,HOU,TX,ASW,CE,Towers with Radar,263,41,31,0,335,0,5,11,0,16,263,46,42,0,351,0,0,0,351
11/26/2021,HOU,TX,ASW,CE,Towers with Radar,267,70,92,0,429,0,0,45,0,45,267,70,137,0,474,0,0,0,474
11/27/2021,HOU,TX,ASW,CE,Towers with Radar,294,86,116,0,496,0,1,16,1,18,294,87,132,1,514,0,0,0,514
11/28/2021,HOU,TX,ASW,CE,Towers with Radar,347,106,193,0,646,0,0,16,1,17,347,106,209,1,663,0,0,0,663
11/29/2021,HOU,TX,ASW,CE,Towers with Radar,338,73,105,0,516,0,0,38,4,42,338,73,143,4,558,0,0,0,558
11/30/2021,HOU,TX,ASW,CE,Towers with Radar,289,76,108,2,475,0,3,42,0,45,289,79,150,2,520,0,0,0,520
12/01/2021,HOU,TX,ASW,CE,Towers with Radar,270,78,135,1,484,0,2,41,0,43,270,80,176,1,527,0,0,0,527
12/02/2021,HOU,TX,ASW,CE,Towers with Radar,279,84,149,0,512,0,3,40,0,43,279,87,189,0,555,0,0,0,555
12/03/2021,HOU,TX,ASW,CE,Towers with Radar,277,74,143,2,496,0,0,43,3,46,277,74,186,5,542,0,0,0,542
12/04/2021,HOU,TX,ASW,CE,Towers with Radar,248,51,62,0,361,0,0,7,0,7,248,51,69,0,368,0,0,0,368
12/05/2021,HOU,TX,ASW,CE,Towers with Radar,308,86,142,0,536,0,2,17,2,21,308,88,159,2,557,0,0,0,557
12/06/2021,HOU,TX,ASW,CE,Towers with Radar,277,80,96,2,455,0,0,28,0,28,277,80,124,2,483,0,0,0,483
12/07/2021,HOU,TX,ASW,CE,Towers with Radar,274,98,119,1,492,0,4,42,1,47,274,102,161,2,539,0,0,0,539
12/08/2021,HOU,TX,ASW,CE,Towers with Radar,264,97,167,2,530,0,0,14,0,14,264,97,181,2,544,0,0,0,544
12/09/2021,HOU,TX,ASW,CE,Towers with Radar,276,97,170,1,544,0,0,23,1,24,276,97,193,2,568,0,0,0,568
12/10/2021,HOU,TX,ASW,CE,Towers with Radar,284,103,151,3,541,0,3,35,3,41,284,106,186,6,582,0,0,0,582
12/11/2021,HOU,TX,ASW,CE,Towers with Radar,243,56,62,1,362,0,0,17,0,17,243,56,79,1,379,0,0,0,379
12/12/2021,HOU,TX,ASW,CE,Towers with Radar,301,96,107,0,504,0,2,31,1,34,301,98,138,1,538,0,0,0,538
12/13/2021,HOU,TX,ASW,CE,Towers with Radar,279,81,129,0,489,0,0,25,0,25,279,81,154,0,514,0,0,0,514
12/14/2021,HOU,TX,ASW,CE,Towers with Radar,265,92,143,0,500,0,1,13,1,15,265,93,156,1,515,0,0,0,515
12/15/2021,HOU,TX,ASW,CE,Towers with Radar,263,83,139,0,485,0,2,20,1,23,263,85,159,1,508,0,0,0,508
12/16/2021,HOU,TX,ASW,CE,Towers with Radar,289,86,166,1,542,0,1,30,2,33,289,87,196,3,575,0,0,0,575
12/17/2021,HOU,TX,ASW,CE,Towers with Radar,279,94,138,0,511,0,1,24,0,25,279,95,162,0,536,0,0,0,536
12/18/2021,HOU,TX,ASW,CE,Towers with Radar,240,60,84,0,384,0,0,2,0,2,240,60,86,0,386,0,0,0,386
12/19/2021,HOU,TX,ASW,CE,Towers with Radar,305,84,119,0,508,0,1,24,5,30,305,85,143,5,538,0,0,0,538
12/20/2021,HOU,TX,ASW,CE,Towers with Radar,276,73,107,0,456,0,0,36,4,40,276,73,143,4,496,0,0,0,496
12/21/2021,HOU,TX,ASW,CE,Towers with Radar,276,83,95,0,454,0,0,34,1,35,276,83,129,1,489,0,0,0,489
12/22/2021,HOU,TX,ASW,CE,Towers with Radar,268,78,118,0,464,0,1,39,0,40,268,79,157,0,504,0,0,0,504
12/23/2021,HOU,TX,ASW,CE,Towers with Radar,322,84,99,0,505,0,2,36,0,38,322,86,135,0,543,0,0,0,543
12/24/2021,HOU,TX,ASW,CE,Towers with Radar,268,43,39,0,350,0,4,13,5,22,268,47,52,5,372,0,0,0,372
12/25/2021,HOU,TX,ASW,CE,Towers with Radar,226,54,39,0,319,0,0,21,0,21,226,54,60,0,340,0,0,0,340
12/26/2021,HOU,TX,ASW,CE,Towers with Radar,307,104,124,0,535,0,0,11,0,11,307,104,135,0,546,0,0,0,546
12/27/2021,HOU,TX,ASW,CE,Towers with Radar,317,99,130,2,548,0,1,23,1,25,317,100,153,3,573,0,0,0,573
12/28/2021,HOU,TX,ASW,CE,Towers with Radar,322,73,107,0,502,0,3,34,1,38,322,76,141,1,540,0,0,0,540
12/29/2021,HOU,TX,ASW,CE,Towers with Radar,314,76,92,0,482,0,0,34,2,36,314,76,126,2,518,0,0,0,518
12/30/2021,HOU,TX,ASW,CE,Towers with Radar,319,52,94,0,465,0,7,27,2,36,319,59,121,2,501,0,0,0,501
12/31/2021,HOU,TX,ASW,CE,Towers with Radar,265,49,65,0,379,0,0,15,0,15,265,49,80,0,394,0,0,0,394
01/01/2022,HOU,TX,ASW,CE,Towers with Radar,258,46,58,0,362,0,1,6,4,11,258,47,64,4,373,0,0,0,373
01/02/2022,HOU,TX,ASW,CE,Towers with Radar,303,81,151,0,535,0,4,10,2,16,303,85,161,2,551,0,0,0,551
01/03/2022,HOU,TX,ASW,CE,Towers with Radar,286,91,153,0,530,0,2,40,0,42,286,93,193,0,572,0,0,0,572
01/04/2022,HOU,TX,ASW,CE,Towers with Radar,248,82,129,0,459,0,1,50,3,54,248,83,179,3,513,0,0,0,513
01/05/2022,HOU,TX,ASW,CE,Towers with Radar,246,83,119,2,450,0,2,56,1,59,246,85,175,3,509,0,0,0,509
01/06/2022,HOU,TX,ASW,CE,Towers with Radar,231,77,120,0,428,0,1,41,0,42,231,78,161,0,470,0,0,0,470
01/07/2022,HOU,TX,ASW,CE,Towers with Radar,241,77,103,4,425,0,8,49,2,59,241,85,152,6,484,0,0,0,484
01/08/2022,HOU,TX,ASW,CE,Towers with Radar,214,66,70,0,350,0,0,3,0,3,214,66,73,0,353,0,0,0,353
01/09/2022,HOU,TX,ASW,CE,Towers with Radar,293,81,101,0,475,0,0,17,0,17,293,81,118,0,492,0,0,0,492
01/10/2022,HOU,TX,ASW,CE,Towers with Radar,260,82,103,0,445,0,0,41,1,42,260,82,144,1,487,0,0,0,487
01/11/2022,HOU,TX,ASW,CE,Towers with Radar,258,75,110,0,443,0,0,47,0,47,258,75,157,0,490,0,0,0,490
01/12/2022,HOU,TX,ASW,CE,Towers with Radar,260,79,159,2,500,0,5,54,0,59,260,84,213,2,559,0,0,0,559
01/13/2022,HOU,TX,ASW,CE,Towers with Radar,268,75,104,6,453,0,3,65,6,74,268,78,169,12,527,0,0,0,527
01/14/2022,HOU,TX,ASW,CE,Towers with Radar,280,74,115,0,469,0,1,52,2,55,280,75,167,2,524,0,0,0,524
01/15/2022,HOU,TX,ASW,CE,Towers with Radar,232,64,59,0,355,0,1,6,0,7,232,65,65,0,362,0,0,0,362
01/16/2022,HOU,TX,ASW,CE,Towers with Radar,285,73,98,0,456,0,0,36,0,36,285,73,134,0,492,0,0,0,492
01/17/2022,HOU,TX,ASW,CE,Towers with Radar,300,57,143,0,500,0,0,55,2,57,300,57,198,2,557,0,0,0,557
01/18/2022,HOU,TX,ASW,CE,Towers with Radar,293,75,126,1,495,0,7,50,1,58,293,82,176,2,553,0,0,0,553
01/19/2022,HOU,TX,ASW,CE,Towers with Radar,287,57,103,0,447,0,1,33,0,34,287,58,136,0,481,0,0,0,481
01/20/2022,HOU,TX,ASW,CE,Towers with Radar,301,81,101,3,486,0,0,21,0,21,301,81,122,3,507,0,0,0,507
01/21/2022,HOU,TX,ASW,CE,Towers with Radar,303,60,96,0,459,0,2,50,2,54,303,62,146,2,513,0,0,0,513
01/22/2022,HOU,TX,ASW,CE,Towers with Radar,232,59,44,0,335,0,3,24,1,28,232,62,68,1,363,0,0,0,363
01/23/2022,HOU,TX,ASW,CE,Towers with Radar,303,81,111,0,495,0,4,61,4,69,303,85,172,4,564,0,0,0,564
01/24/2022,HOU,TX,ASW,CE,Towers with Radar,299,63,103,0,465,0,2,9,0,11,299,65,112,0,476,0,0,0,476
01/25/2022,HOU,TX,ASW,CE,Towers with Radar,281,73,104,0,458,0,0,33,1,34,281,73,137,1,492,0,0,0,492
01/26/2022,HOU,TX,ASW,CE,Towers with Radar,278,94,114,3,489,0,2,63,3,68,278,96,177,6,557,0,0,0,557
01/27/2022,HOU,TX,ASW,CE,Towers with Radar,304,79,133,1,517,0,0,76,4,80,304,79,209,5,597,0,0,0,597
01/28/2022,HOU,TX,ASW,CE,Towers with Radar,301,83,133,0,517,0,5,49,1,55,301,88,182,1,572,0,0,0,572
01/29/2022,HOU,TX,ASW,CE,Towers with Radar,231,53,56,0,340,0,1,28,2,31,231,54,84,2,371,0,0,0,371
01/30/2022,HOU,TX,ASW,CE,Towers with Radar,300,70,100,0,470,0,0,29,1,30,300,70,129,1,500,0,0,0,500
01/31/2022,HOU,TX,ASW,CE,Towers with Radar,309,70,96,0,475,0,0,10,0,10,309,70,106,0,485,0,0,0,485
02/01/2022,HOU,TX,ASW,CE,Towers with Radar,282,77,129,0,488,0,0,37,0,37,282,77,166,0,525,0,0,0,525
02/02/2022,HOU,TX,ASW,CE,Towers with Radar,250,80,112,0,442,0,0,0,0,0,250,80,112,0,442,0,0,0,442
02/03/2022,HOU,TX,ASW,CE,Towers with Radar,238,57,77,0,372,0,2,11,0,13,238,59,88,0,385,0,0,0,385
02/04/2022,HOU,TX,ASW,CE,Towers with Radar,274,75,124,0,473,0,0,20,0,20,274,75,144,0,493,0,0,0,493
02/05/2022,HOU,TX,ASW,CE,Towers with Radar,226,43,82,0,351,0,4,29,1,34,226,47,111,1,385,0,0,0,385
02/06/2022,HOU,TX,ASW,CE,Towers with Radar,300,57,114,0,471,0,0,35,2,37,300,57,149,2,508,0,0,0,508
02/07/2022,HOU,TX,ASW,CE,Towers with Radar,300,84,95,0,479,0,7,68,0,75,300,91,163,0,554,0,0,0,554
02/08/2022,HOU,TX,ASW,CE,Towers with Radar,276,73,114,1,464,0,2,70,1,73,276,75,184,2,537,0,0,0,537
02/09/2022,HOU,TX,ASW,CE,Towers with Radar,284,104,168,1,557,0,4,64,0,68,284,108,232,1,625,0,0,0,625
02/10/2022,HOU,TX,ASW,CE,Towers with Radar,299,78,182,0,559,0,0,58,3,61,299,78,240,3,620,0,0,0,620
02/11/2022,HOU,TX,ASW,CE,Towers with Radar,298,87,179,1,565,0,6,39,2,47,298,93,218,3,612,0,0,0,612
02/12/2022,HOU,TX,ASW,CE,Towers with Radar,229,49,70,3,351,0,2,12,0,14,229,51,82,3,365,0,0,0,365
02/13/2022,HOU,TX,ASW,CE,Towers with Radar,297,65,105,0,467,0,0,30,0,30,297,65,135,0,497,0,0,0,497
02/14/2022,HOU,TX,ASW,CE,Towers with Radar,300,98,119,0,517,0,0,65,2,67,300,98,184,2,584,0,0,0,584
02/15/2022,HOU,TX,ASW,CE,Towers with Radar,282,90,134,0,506,0,0,52,0,52,282,90,186,0,558,0,0,0,558
02/16/2022,HOU,TX,ASW,CE,Towers with Radar,280,99,170,0,549,0,0,28,2,30,280,99,198,2,579,0,0,0,579
02/17/2022,HOU,TX,ASW,CE,Towers with Radar,291,85,137,0,513,0,0,29,3,32,291,85,166,3,545,0,0,0,545
02/18/2022,HOU,TX,ASW,CE,Towers with Radar,305,86,127,2,520,0,2,50,0,52,305,88,177,2,572,0,0,0,572
02/19/2022,HOU,TX,ASW,CE,Towers with Radar,245,50,60,0,355,0,6,31,1,38,245,56,91,1,393,0,0,0,393
02/20/2022,HOU,TX,ASW,CE,Towers with Radar,299,59,83,0,441,0,0,33,1,34,299,59,116,1,475,0,0,0,475
02/21/2022,HOU,TX,ASW,CE,Towers with Radar,307,95,150,0,552,0,0,9,0,9,307,95,159,0,561,0,0,0,561
02/22/2022,HOU,TX,ASW,CE,Towers with Radar,277,65,138,0,480,0,0,24,0,24,277,65,162,0,504,0,0,0,504
02/23/2022,HOU,TX,ASW,CE,Towers with Radar,265,84,137,2,488,0,0,16,0,16,265,84,153,2,504,0,0,0,504
02/24/2022,HOU,TX,ASW,CE,Towers with Radar,281,68,132,2,483,0,0,3,0,3,281,68,135,2,486,0,0,0,486
02/25/2022,HOU,TX,ASW,CE,Towers with Radar,308,85,137,0,530,0,0,37,0,37,308,85,174,0,567,0,0,0,567
02/26/2022,HOU,TX,ASW,CE,Towers with Radar,242,51,54,0,347,0,0,0,0,0,242,51,54,0,347,0,0,0,347
02/27/2022,HOU,TX,ASW,CE,Towers with Radar,298,88,125,2,513,0,0,25,0,25,298,88,150,2,538,0,0,0,538
02/28/2022,HOU,TX,ASW,CE,Towers with Radar,309,85,107,0,501,0,3,63,2,68,309,88,170,2,569,0,0,0,569
03/01/2022,HOU,TX,ASW,CE,Towers with Radar,292,93,128,2,515,0,2,57,0,59,292,95,185,2,574,0,0,0,574
03/02/2022,HOU,TX,ASW,CE,Towers with Radar,276,93,133,0,502,0,0,52,1,53,276,93,185,1,555,0,0,0,555
03/03/2022,HOU,TX,ASW,CE,Towers with Radar,309,84,149,4,546,0,0,59,3,62,309,84,208,7,608,0,0,0,608
03/04/2022,HOU,TX,ASW,CE,Towers with Radar,279,83,118,2,482,0,3,46,1,50,279,86,164,3,532,0,0,0,532
03/05/2022,HOU,TX,ASW,CE,Towers with Radar,214,61,72,0,347,0,2,18,1,21,214,63,90,1,368,0,0,0,368
03/06/2022,HOU,TX,ASW,CE,Towers with Radar,271,101,134,2,508,0,0,14,0,14,271,101,148,2,522,0,0,0,522
03/07/2022,HOU,TX,ASW,CE,Towers with Radar,285,83,107,0,475,0,4,30,3,37,285,87,137,3,512,0,0,0,512
03/08/2022,HOU,TX,ASW,CE,Towers with Radar,253,106,137,2,498,0,0,7,2,9,253,106,144,4,507,0,0,0,507
03/09/2022,HOU,TX,ASW,CE,Towers with Radar,251,112,138,1,502,0,1,52,1,54,251,113,190,2,556,0,0,0,556
03/10/2022,HOU,TX,ASW,CE,Towers with Radar,286,110,164,2,562,0,0,57,0,57,286,110,221,2,619,0,0,0,619
03/11/2022,HOU,TX,ASW,CE,Towers with Radar,284,94,151,1,530,0,0,18,0,18,284,94,169,1,548,0,0,0,548
03/12/2022,HOU,TX,ASW,CE,Towers with Radar,240,98,144,0,482,0,0,26,0,26,240,98,170,0,508,0,0,0,508
03/13/2022,HOU,TX,ASW,CE,Towers with Radar,271,74,156,0,501,0,7,37,0,44,271,81,193,0,545,0,0,0,545
03/14/2022,HOU,TX,ASW,CE,Towers with Radar,287,60,119,1,467,0,0,38,1,39,287,60,157,2,506,0,0,0,506
03/15/2022,HOU,TX,ASW,CE,Towers with Radar,271,57,92,0,420,0,3,33,0,36,271,60,125,0,456,0,0,0,456
03/16/2022,HOU,TX,ASW,CE,Towers with Radar,268,89,146,4,507,0,3,47,2,52,268,92,193,6,559,0,0,0,559
03/17/2022,HOU,TX,ASW,CE,Towers with Radar,285,95,126,0,506,0,0,27,1,28,285,95,153,1,534,0,0,0,534
03/18/2022,HOU,TX,ASW,CE,Towers with Radar,282,84,115,0,481,0,2,35,2,39,282,86,150,2,520,0,0,0,520
03/19/2022,HOU,TX,ASW,CE,Towers with Radar,259,86,129,0,474,0,2,66,2,70,259,88,195,2,544,0,0,0,544
03/20/2022,HOU,TX,ASW,CE,Towers with Radar,294,106,183,0,583,0,0,44,0,44,294,106,227,0,627,0,0,0,627
03/21/2022,HOU,TX,ASW,CE,Towers with Radar,257,55,116,0,428,0,2,10,0,12,257,57,126,0,440,0,0,0,440
03/22/2022,HOU,TX,ASW,CE,Towers with Radar,251,89,100,0,440,0,2,28,2,32,251,91,128,2,472,0,0,0,472
03/23/2022,HOU,TX,ASW,CE,Towers with Radar,266,74,148,0,488,0,1,44,0,45,266,75,192,0,533,0,0,0,533
03/24/2022,HOU,TX,ASW,CE,Towers with Radar,289,76,168,1,534,0,4,74,2,80,289,80,242,3,614,0,0,0,614
03/25/2022,HOU,TX,ASW,CE,Towers with Radar,297,88,125,1,511,0,5,44,4,53,297,93,169,5,564,0,0,0,564
03/26/2022,HOU,TX,ASW,CE,Towers with Radar,253,55,56,0,364,0,2,29,0,31,253,57,85,0,395,0,0,0,395
03/27/2022,HOU,TX,ASW,CE,Towers with Radar,289,66,94,0,449,0,0,39,0,39,289,66,133,0,488,0,0,0,488
03/28/2022,HOU,TX,ASW,CE,Towers with Radar,299,65,122,0,486,0,0,40,1,41,299,65,162,1,527,0,0,0,527
03/29/2022,HOU,TX,ASW,CE,Towers with Radar,267,78,112,0,457,0,0,5,2,7,267,78,117,2,464,0,0,0,464
03/30/2022,HOU,TX,ASW,CE,Towers with Radar,262,97,146,0,505,0,2,23,0,25,262,99,169,0,530,0,0,0,530
03/31/2022,HOU,TX,ASW,CE,Towers with Radar,279,117,129,0,525,0,5,64,3,72,279,122,193,3,597,0,0,0,597
04/01/2022,HOU,TX,ASW,CE,Towers with Radar,299,68,125,0,492,0,1,51,1,53,299,69,176,1,545,0,0,0,545
04/02/2022,HOU,TX,ASW,CE,Towers with Radar,214,51,80,0,345,0,1,25,3,29,214,52,105,3,374,0,0,0,374
04/03/2022,HOU,TX,ASW,CE,Towers with Radar,277,81,133,0,491,0,0,24,0,24,277,81,157,0,515,0,0,0,515
04/04/2022,HOU,TX,ASW,CE,Towers with Radar,226,75,109,0,410,0,0,17,0,17,226,75,126,0,427,0,0,0,427
04/05/2022,HOU,TX,ASW,CE,Towers with Radar,304,83,112,0,499,0,0,25,2,27,304,83,137,2,526,0,0,0,526
04/06/2022,HOU,TX,ASW,CE,Towers with Radar,303,89,121,0,513,0,2,42,0,44,303,91,163,0,557,0,0,0,557
04/07/2022,HOU,TX,ASW,CE,Towers with Radar,297,97,142,4,540,0,3,56,2,61,297,100,198,6,601,0,0,0,601
04/08/2022,HOU,TX,ASW,CE,Towers with Radar,315,82,118,2,517,0,2,45,2,49,315,84,163,4,566,0,0,0,566
04/09/2022,HOU,TX,ASW,CE,Towers with Radar,245,64,92,0,401,0,4,27,1,32,245,68,119,1,433,0,0,0,433
04/10/2022,HOU,TX,ASW,CE,Towers with Radar,304,83,114,0,501,0,1,14,0,15,304,84,128,0,516,0,0,0,516
04/11/2022,HOU,TX,ASW,CE,Towers with Radar,308,76,114,0,498,0,0,23,1,24,308,76,137,1,522,0,0,0,522
04/12/2022,HOU,TX,ASW,CE,Towers with Radar,273,89,116,0,478,0,0,22,0,22,273,89,138,0,500,0,0,0,500
04/13/2022,HOU,TX,ASW,CE,Towers with Radar,283,93,123,2,501,0,0,15,0,15,283,93,138,2,516,0,0,0,516
04/14/2022,HOU,TX,ASW,CE,Towers with Radar,323,105,164,4,596,0,2,80,2,84,323,107,244,6,680,0,0,0,680
04/15/2022,HOU,TX,ASW,CE,Towers with Radar,310,75,114,1,500,0,3,24,0,27,310,78,138,1,527,0,0,0,527
04/16/2022,HOU,TX,ASW,CE,Towers with Radar,241,35,37,0,313,0,2,24,3,29,241,37,61,3,342,0,0,0,342
04/17/2022,HOU,TX,ASW,CE,Towers with Radar,300,66,90,1,457,0,0,15,2,17,300,66,105,3,474,0,0,0,474
04/18/2022,HOU,TX,ASW,CE,Towers with Radar,311,86,153,2,552,0,3,63,0,66,311,89,216,2,618,0,0,0,618
04/19/2022,HOU,TX,ASW,CE,Towers with Radar,293,91,148,0,532,0,3,35,3,41,293,94,183,3,573,0,0,0,573
04/20/2022,HOU,TX,ASW,CE,Towers with Radar,296,79,137,2,514,0,6,19,6,31,296,85,156,8,545,0,0,0,545
04/21/2022,HOU,TX,ASW,CE,Towers with Radar,311,92,162,0,565,0,4,43,7,54,311,96,205,7,619,0,0,0,619
04/22/2022,HOU,TX,ASW,CE,Towers with Radar,310,90,140,0,540,0,9,42,2,53,310,99,182,2,593,0,0,0,593
04/23/2022,HOU,TX,ASW,CE,Towers with Radar,238,52,75,0,365,0,4,27,1,32,238,56,102,1,397,0,0,0,397
04/24/2022,HOU,TX,ASW,CE,Towers with Radar,302,100,126,0,528,0,2,26,3,31,302,102,152,3,559,0,0,0,559
04/25/2022,HOU,TX,ASW,CE,Towers with Radar,249,67,98,0,414,0,2,24,0,26,249,69,122,0,440,0,0,0,440
04/26/2022,HOU,TX,ASW,CE,Towers with Radar,291,75,134,0,500,0,4,49,0,53,291,79,183,0,553,0,0,0,553
04/27/2022,HOU,TX,ASW,CE,Towers with Radar,294,96,133,1,524,0,1,58,2,61,294,97,191,3,585,0,0,0,585
04/28/2022,HOU,TX,ASW,CE,Towers with Radar,310,80,105,0,495,0,2,44,1,47,310,82,149,1,542,0,0,0,542
04/29/2022,HOU,TX,ASW,CE,Towers with Radar,299,75,133,1,508,0,5,42,0,47,299,80,175,1,555,0,0,0,555
04/30/2022,HOU,TX,ASW,CE,Towers with Radar,235,50,53,0,338,0,0,22,1,23,235,50,75,1,361,0,0,0,361
05/01/2022,HOU,TX,ASW,CE,Towers with Radar,298,68,93,2,461,0,0,26,0,26,298,68,119,2,487,0,0,0,487
05/02/2022,HOU,TX,ASW,CE,Towers with Radar,301,77,109,0,487,0,0,37,3,40,301,77,146,3,527,0,0,0,527
05/03/2022,HOU,TX,ASW,CE,Towers with Radar,290,72,103,0,465,0,3,35,3,41,290,75,138,3,506,0,0,0,506
05/04/2022,HOU,TX,ASW,CE,Towers with Radar,287,101,125,0,513,0,1,52,0,53,287,102,177,0,566,0,0,0,566
05/05/2022,HOU,TX,ASW,CE,Towers with Radar,283,98,133,0,514,0,1,33,0,34,283,99,166,0,548,0,0,0,548
05/06/2022,HOU,TX,ASW,CE,Towers with Radar,317,99,128,0,544,0,0,82,0,82,317,99,210,0,626,0,0,0,626
05/07/2022,HOU,TX,ASW,CE,Towers with Radar,237,63,62,0,362,0,0,20,0,20,237,63,82,0,382,0,0,0,382
05/08/2022,HOU,TX,ASW,CE,Towers with Radar,302,79,109,1,491,0,0,23,4,27,302,79,132,5,518,0,0,0,518
05/09/2022,HOU,TX,ASW,CE,Towers with Radar,297,88,123,1,509,0,1,46,1,48,297,89,169,2,557,0,0,0,557
05/10/2022,HOU,TX,ASW,CE,Towers with Radar,292,70,112,0,474,0,2,46,0,48,292,72,158,0,522,0,0,0,522
05/11/2022,HOU,TX,ASW,CE,Towers with Radar,290,98,129,2,519,0,1,56,0,57,290,99,185,2,576,0,0,0,576
05/12/2022,HOU,TX,ASW,CE,Towers with Radar,307,95,157,0,559,0,4,56,1,61,307,99,213,1,620,0,0,0,620
05/13/2022,HOU,TX,ASW,CE,Towers with Radar,298,80,112,0,490,0,0,44,1,45,298,80,156,1,535,0,0,0,535
05/14/2022,HOU,TX,ASW,CE,Towers with Radar,239,59,69,0,367,0,2,31,0,33,239,61,100,0,400,0,0,0,400
05/15/2022,HOU,TX,ASW,CE,Towers with Radar,299,65,118,0,482,0,2,32,2,36,299,67,150,2,518,0,0,0,518
05/16/2022,HOU,TX,ASW,CE,Towers with Radar,295,69,95,0,459,0,9,75,1,85,295,78,170,1,544,0,0,0,544
05/17/2022,HOU,TX,ASW,CE,Towers with Radar,297,89,119,2,507,0,4,46,3,53,297,93,165,5,560,0,0,0,560
05/18/2022,HOU,TX,ASW,CE,Towers with Radar,294,81,133,0,508,0,1,46,5,52,294,82,179,5,560,0,0,0,560
05/19/2022,HOU,TX,ASW,CE,Towers with Radar,303,135,135,0,573,0,1,58,2,61,303,136,193,2,634,0,0,0,634
05/20/2022,HOU,TX,ASW,CE,Towers with Radar,297,87,121,0,505,0,2,48,3,53,297,89,169,3,558,0,0,0,558
05/21/2022,HOU,TX,ASW,CE,Towers with Radar,248,58,67,0,373,0,0,25,0,25,248,58,92,0,398,0,0,0,398
05/22/2022,HOU,TX,ASW,CE,Towers with Radar,278,87,86,0,451,0,0,22,0,22,278,87,108,0,473,0,0,0,473
05/23/2022,HOU,TX,ASW,CE,Towers with Radar,304,83,121,0,508,0,4,37,4,45,304,87,158,4,553,0,0,0,553
05/24/2022,HOU,TX,ASW,CE,Towers with Radar,285,67,110,0,462,0,2,22,3,27,285,69,132,3,489,0,0,0,489
05/25/2022,HOU,TX,ASW,CE,Towers with Radar,291,70,142,0,503,0,2,59,2,63,291,72,201,2,566,0,0,0,566
05/26/2022,HOU,TX,ASW,CE,Towers with Radar,307,88,159,0,554,0,2,62,0,64,307,90,221,0,618,0,0,0,618
05/27/2022,HOU,TX,ASW,CE,Towers with Radar,302,86,160,0,548,0,2,64,2,68,302,88,224,2,616,0,0,0,616
05/28/2022,HOU,TX,ASW,CE,Towers with Radar,243,66,60,0,369,0,3,30,3,36,243,69,90,3,405,0,0,0,405
05/29/2022,HOU,TX,ASW,CE,Towers with Radar,298,52,62,0,412,0,2,20,0,22,298,54,82,0,434,0,0,0,434
05/30/2022,HOU,TX,ASW,CE,Towers with Radar,306,63,85,0,454,0,6,26,0,32,306,69,111,0,486,0,0,0,486
05/31/2022,HOU,TX,ASW,CE,Towers with Radar,294,68,140,0,502,0,5,48,2,55,294,73,188,2,557,0,0,0,557
06/01/2022,HOU,TX,ASW,CE,Towers with Radar,293,65,105,0,463,0,2,62,0,64,293,67,167,0,527,0,0,0,527
06/02/2022,HOU,TX,ASW,CE,Towers with Radar,304,65,132,0,501,0,4,67,0,71,304,69,199,0,572,0,0,0,572
06/03/2022,HOU,TX,ASW,CE,Towers with Radar,307,83,104,0,494,0,2,56,5,63,307,85,160,5,557,0,0,0,557
06/04/2022,HOU,TX,ASW,CE,Towers with Radar,231,56,67,8,362,0,2,27,0,29,231,58,94,8,391,0,0,0,391
06/05/2022,HOU,TX,ASW,CE,Towers with Radar,313,72,99,0,484,0,3,27,6,36,313,75,126,6,520,0,0,0,520
06/06/2022,HOU,TX,ASW,CE,Towers with Radar,319,83,83,0,485,0,1,41,0,42,319,84,124,0,527,0,0,0,527
06/07/2022,HOU,TX,ASW,CE,Towers with Radar,319,68,101,0,488,0,4,46,2,52,319,72,147,2,540,0,0,0,540
06/08/2022,HOU,TX,ASW,CE,Towers with Radar,305,83,129,0,517,0,1,49,0,50,305,84,178,0,567,0,0,0,567
06/09/2022,HOU,TX,ASW,CE,Towers with Radar,323,70,107,0,500,0,0,55,3,58,323,70,162,3,558,0,0,0,558
06/10/2022,HOU,TX,ASW,CE,Towers with Radar,326,80,91,1,498,0,0,36,1,37,326,80,127,2,535,0,0,0,535
06/11/2022,HOU,TX,ASW,CE,Towers with Radar,272,51,61,0,384,0,2,29,3,34,272,53,90,3,418,0,0,0,418
06/12/2022,HOU,TX,ASW,CE,Towers with Radar,322,67,101,10,500,0,0,25,0,25,322,67,126,10,525,0,0,0,525
06/13/2022,HOU,TX,ASW,CE,Towers with Radar,321,71,116,0,508,0,0,52,1,53,321,71,168,1,561,0,0,0,561
06/14/2022,HOU,TX,ASW,CE,Towers with Radar,318,75,143,0,536,0,8,52,4,64,318,83,195,4,600,0,0,0,600
06/15/2022,HOU,TX,ASW,CE,Towers with Radar,321,75,130,0,526,0,0,79,0,79,321,75,209,0,605,0,0,0,605
06/16/2022,HOU,TX,ASW,CE,Towers with Radar,309,83,148,0,540,0,5,65,0,70,309,88,213,0,610,0,0,0,610
06/17/2022,HOU,TX,ASW,CE,Towers with Radar,331,72,110,0,513,0,0,44,1,45,331,72,154,1,558,0,0,0,558
06/18/2022,HOU,TX,ASW,CE,Towers with Radar,263,58,87,0,408,0,6,39,0,45,263,64,126,0,453,0,0,0,453
06/19/2022,HOU,TX,ASW,CE,Towers with Radar,321,63,94,0,478,0,2,26,2,30,321,65,120,2,508,0,0,0,508
06/20/2022,HOU,TX,ASW,CE,Towers with Radar,326,83,113,2,524,0,0,46,0,46,326,83,159,2,570,0,0,0,570
06/21/2022,HOU,TX,ASW,CE,Towers with Radar,315,80,128,0,523,0,1,39,1,41,315,81,167,1,564,0,0,0,564
06/22/2022,HOU,TX,ASW,CE,Towers with Radar,310,81,116,0,507,0,0,63,0,63,310,81,179,0,570,0,0,0,570
06/23/2022,HOU,TX,ASW,CE,Towers with Radar,316,81,135,0,532,0,0,57,0,57,316,81,192,0,589,0,0,0,589
06/24/2022,HOU,TX,ASW,CE,Towers with Radar,319,64,104,0,487,0,1,53,1,55,319,65,157,1,542,0,0,0,542
06/25/2022,HOU,TX,ASW,CE,Towers with Radar,269,78,82,0,429,0,0,65,10,75,269,78,147,10,504,0,0,0,504
06/26/2022,HOU,TX,ASW,CE,Towers with Radar,309,60,104,0,473,0,2,44,2,48,309,62,148,2,521,0,0,0,521
06/27/2022,HOU,TX,ASW,CE,Towers with Radar,329,72,96,0,497,0,6,43,1,50,329,78,139,1,547,0,0,0,547
06/28/2022,HOU,TX,ASW,CE,Towers with Radar,317,56,104,0,477,0,1,46,1,48,317,57,150,1,525,0,0,0,525
06/29/2022,HOU,TX,ASW,CE,Towers with Radar,315,56,108,0,479,0,0,38,2,40,315,56,146,2,519,0,0,0,519
06/30/2022,HOU,TX,ASW,CE,Towers with Radar,326,90,135,0,551,0,0,28,0,28,326,90,163,0,579,0,0,0,579
07/01/2022,HOU,TX,ASW,CE,Towers with Radar,323,95,113,0,531,0,0,20,0,20,323,95,133,0,551,0,0,0,551
07/02/2022,HOU,TX,ASW,CE,Towers with Radar,266,64,69,0,399,0,3,27,5,35,266,67,96,5,434,0,0,0,434
07/03/2022,HOU,TX,ASW,CE,Towers with Radar,317,35,35,0,387,0,4,29,4,37,317,39,64,4,424,0,0,0,424
07/04/2022,HOU,TX,ASW,CE,Towers with Radar,326,37,51,0,414,0,2,25,0,27,326,39,76,0,441,0,0,0,441
07/05/2022,HOU,TX,ASW,CE,Towers with Radar,310,70,102,1,483,0,3,53,0,56,310,73,155,1,539,0,0,0,539
07/06/2022,HOU,TX,ASW,CE,Towers with Radar,317,69,81,0,467,0,1,69,6,76,317,70,150,6,543,0,0,0,543
07/07/2022,HOU,TX,ASW,CE,Towers with Radar,328,78,107,0,513,0,2,43,0,45,328,80,150,0,558,0,0,0,558
07/08/2022,HOU,TX,ASW,CE,Towers with Radar,338,70,87,0,495,0,2,46,0,48,338,72,133,0,543,0,0,0,543
07/09/2022,HOU,TX,ASW,CE,Towers with Radar,267,74,74,0,415,0,2,32,6,40,267,76,106,6,455,0,0,0,455
07/10/2022,HOU,TX,ASW,CE,Towers with Radar,324,63,88,2,477,0,5,20,0,25,324,68,108,2,502,0,0,0,502
07/11/2022,HOU,TX,ASW,CE,Towers with Radar,338,68,78,1,485,0,0,41,0,41,338,68,119,1,526,0,0,0,526
07/12/2022,HOU,TX,ASW,CE,Towers with Radar,314,71,111,0,496,0,1,45,1,47,314,72,156,1,543,0,0,0,543
07/13/2022,HOU,TX,ASW,CE,Towers with Radar,320,58,83,0,461,0,0,46,0,46,320,58,129,0,507,0,0,0,507
07/14/2022,HOU,TX,ASW,CE,Towers with Radar,325,60,86,0,471,0,0,34,0,34,325,60,120,0,505,0,0,0,505
07/15/2022,HOU,TX,ASW,CE,Towers with Radar,331,75,111,2,519,0,1,36,1,38,331,76,147,3,557,0,0,0,557
07/16/2022,HOU,TX,ASW,CE,Towers with Radar,264,70,65,0,399,0,0,30,3,33,264,70,95,3,432,0,0,0,432
07/17/2022,HOU,TX,ASW,CE,Towers with Radar,328,47,88,0,463,0,0,32,3,35,328,47,120,3,498,0,0,0,498
07/18/2022,HOU,TX,ASW,CE,Towers with Radar,327,60,83,0,470,0,5,51,3,59,327,65,134,3,529,0,0,0,529
07/19/2022,HOU,TX,ASW,CE,Towers with Radar,324,51,98,0,473,0,3,46,3,52,324,54,144,3,525,0,0,0,525
07/20/2022,HOU,TX,ASW,CE,Towers with Radar,320,89,124,0,533,0,1,58,0,59,320,90,182,0,592,0,0,0,592
07/21/2022,HOU,TX,ASW,CE,Towers with Radar,328,74,117,0,519,0,1,51,0,52,328,75,168,0,571,0,0,0,571
07/22/2022,HOU,TX,ASW,CE,Towers with Radar,339,64,84,0,487,0,0,40,2,42,339,64,124,2,529,0,0,0,529
07/23/2022,HOU,TX,ASW,CE,Towers with Radar,258,56,48,0,362,0,4,31,2,37,258,60,79,2,399,0,0,0,399
07/24/2022,HOU,TX,ASW,CE,Towers with Radar,319,76,98,0,493,0,0,25,0,25,319,76,123,0,518,0,0,0,518
07/25/2022,HOU,TX,ASW,CE,Towers with Radar,323,60,102,0,485,0,0,55,0,55,323,60,157,0,540,0,0,0,540
07/26/2022,HOU,TX,ASW,CE,Towers with Radar,319,92,123,0,534,0,0,57,0,57,319,92,180,0,591,0,0,0,591
07/27/2022,HOU,TX,ASW,CE,Towers with Radar,319,85,143,0,547,0,1,49,0,50,319,86,192,0,597,0,0,0,597
07/28/2022,HOU,TX,ASW,CE,Towers with Radar,327,83,105,0,515,0,3,50,0,53,327,86,155,0,568,0,0,0,568
07/29/2022,HOU,TX,ASW,CE,Towers with Radar,332,67,77,0,476,0,0,25,0,25,332,67,102,0,501,0,0,0,501
07/30/2022,HOU,TX,ASW,CE,Towers with Radar,268,53,79,0,400,0,0,43,3,46,268,53,122,3,446,0,0,0,446
07/31/2022,HOU,TX,ASW,CE,Towers with Radar,326,63,96,0,485,0,0,32,3,35,326,63,128,3,520,0,0,0,520
08/01/2022,HOU,TX,ASW,CE,Towers with Radar,325,79,90,0,494,0,0,26,5,31,325,79,116,5,525,0,0,0,525
08/02/2022,HOU,TX,ASW,CE,Towers with Radar,321,63,99,2,485,0,8,39,1,48,321,71,138,3,533,0,0,0,533
08/03/2022,HOU,TX,ASW,CE,Towers with Radar,310,91,102,0,503,0,2,71,0,73,310,93,173,0,576,0,0,0,576
08/04/2022,HOU,TX,ASW,CE,Towers with Radar,299,88,110,0,497,0,3,63,3,69,299,91,173,3,566,0,0,0,566
08/05/2022,HOU,TX,ASW,CE,Towers with Radar,312,74,78,1,465,0,1,12,0,13,312,75,90,1,478,0,0,0,478
08/06/2022,HOU,TX,ASW,CE,Towers with Radar,273,75,72,1,421,0,1,13,0,14,273,76,85,1,435,0,0,0,435
08/07/2022,HOU,TX,ASW,CE,Towers with Radar,313,48,87,2,450,0,0,38,0,38,313,48,125,2,488,0,0,0,488
08/08/2022,HOU,TX,ASW,CE,Towers with Radar,328,71,109,2,510,0,4,44,1,49,328,75,153,3,559,0,0,0,559
08/09/2022,HOU,TX,ASW,CE,Towers with Radar,314,66,89,0,469,0,0,43,0,43,314,66,132,0,512,0,0,0,512
08/10/2022,HOU,TX,ASW,CE,Towers with Radar,272,74,112,0,458,0,0,19,0,19,272,74,131,0,477,0,0,0,477
08/11/2022,HOU,TX,ASW,CE,Towers with Radar,306,89,127,1,523,0,0,43,0,43,306,89,170,1,566,0,0,0,566
08/12/2022,HOU,TX,ASW,CE,Towers with Radar,332,71,104,2,509,0,1,31,0,32,332,72,135,2,541,0,0,0,541
08/13/2022,HOU,TX,ASW,CE,Towers with Radar,266,56,69,1,392,0,0,34,0,34,266,56,103,1,426,0,0,0,426
08/14/2022,HOU,TX,ASW,CE,Towers with Radar,318,64,75,1,458,0,2,33,1,36,318,66,108,2,494,0,0,0,494
08/15/2022,HOU,TX,ASW,CE,Towers with Radar,318,74,122,1,515,0,4,31,1,36,318,78,153,2,551,0,0,0,551
08/16/2022,HOU,TX,ASW,CE,Towers with Radar,315,65,92,2,474,0,0,42,0,42,315,65,134,2,516,0,0,0,516
08/17/2022,HOU,TX,ASW,CE,Towers with Radar,315,66,128,3,512,0,0,39,3,42,315,66,167,6,554,0,0,0,554
08/18/2022,HOU,TX,ASW,CE,Towers with Radar,305,76,102,0,483,0,0,29,0,29,305,76,131,0,512,0,0,0,512
08/19/2022,HOU,TX,ASW,CE,Towers with Radar,318,72,77,0,467,0,0,15,0,15,318,72,92,0,482,0,0,0,482
08/20/2022,HOU,TX,ASW,CE,Towers with Radar,271,58,42,0,371,0,0,24,1,25,271,58,66,1,396,0,0,0,396
08/21/2022,HOU,TX,ASW,CE,Towers with Radar,316,56,98,2,472,0,0,18,0,18,316,56,116,2,490,0,0,0,490
08/22/2022,HOU,TX,ASW,CE,Towers with Radar,287,71,92,0,450,0,2,45,0,47,287,73,137,0,497,0,0,0,497
08/23/2022,HOU,TX,ASW,CE,Towers with Radar,300,69,111,0,480,0,0,38,0,38,300,69,149,0,518,0,0,0,518
08/24/2022,HOU,TX,ASW,CE,Towers with Radar,318,83,65,0,466,0,0,12,0,12,318,83,77,0,478,0,0,0,478
08/25/2022,HOU,TX,ASW,CE,Towers with Radar,322,86,86,0,494,0,0,42,4,46,322,86,128,4,540,0,0,0,540
08/26/2022,HOU,TX,ASW,CE,Towers with Radar,323,84,97,0,504,0,2,37,3,42,323,86,134,3,546,0,0,0,546
08/27/2022,HOU,TX,ASW,CE,Towers with Radar,274,61,54,0,389,0,1,21,2,24,274,62,75,2,413,0,0,0,413
08/28/2022,HOU,TX,ASW,CE,Towers with Radar,313,62,79,0,454,0,1,33,1,35,313,63,112,1,489,0,0,0,489
08/29/2022,HOU,TX,ASW,CE,Towers with Radar,316,65,67,1,449,0,0,15,0,15,316,65,82,1,464,0,0,0,464
08/30/2022,HOU,TX,ASW,CE,Towers with Radar,310,75,107,9,501,0,9,26,0,35,310,84,133,9,536,0,0,0,536
08/31/2022,HOU,TX,ASW,CE,Towers with Radar,320,96,127,0,543,0,0,54,3,57,320,96,181,3,600,0,0,0,600
09/01/2022,HOU,TX,ASW,CE,Towers with Radar,316,111,116,0,543,0,0,40,0,40,316,111,156,0,583,0,0,0,583
09/02/2022,HOU,TX,ASW,CE,Towers with Radar,335,84,107,0,526,0,0,45,0,45,335,84,152,0,571,0,0,0,571
09/03/2022,HOU,TX,ASW,CE,Towers with Radar,257,37,44,0,338,0,2,16,0,18,257,39,60,0,356,0,0,0,356
09/04/2022,HOU,TX,ASW,CE,Towers with Radar,306,24,40,1,371,0,0,19,0,19,306,24,59,1,390,0,0,0,390
09/05/2022,HOU,TX,ASW,CE,Towers with Radar,327,68,118,1,514,0,0,30,0,30,327,68,148,1,544,0,0,0,544
09/06/2022,HOU,TX,ASW,CE,Towers with Radar,309,78,106,4,497,0,0,50,4,54,309,78,156,8,551,0,0,0,551
09/07/2022,HOU,TX,ASW,CE,Towers with Radar,305,61,124,0,490,0,3,41,0,44,305,64,165,0,534,0,0,0,534
09/08/2022,HOU,TX,ASW,CE,Towers with Radar,329,76,114,2,521,0,0,59,6,65,329,76,173,8,586,0,0,0,586
09/09/2022,HOU,TX,ASW,CE,Towers with Radar,328,78,93,0,499,0,2,43,5,50,328,80,136,5,549,0,0,0,549
09/10/2022,HOU,TX,ASW,CE,Towers with Radar,269,46,50,0,365,0,2,23,0,25,269,48,73,0,390,0,0,0,390
09/11/2022,HOU,TX,ASW,CE,Towers with Radar,308,74,105,0,487,0,8,42,2,52,308,82,147,2,539,0,0,0,539
09/12/2022,HOU,TX,ASW,CE,Towers with Radar,327,68,97,0,492,0,0,50,0,50,327,68,147,0,542,0,0,0,542
09/13/2022,HOU,TX,ASW,CE,Towers with Radar,323,84,110,2,519,0,3,48,1,52,323,87,158,3,571,0,0,0,571
09/14/2022,HOU,TX,ASW,CE,Towers with Radar,307,117,118,0,542,0,3,52,5,60,307,120,170,5,602,0,0,0,602
09/15/2022,HOU,TX,ASW,CE,Towers with Radar,330,93,147,0,570,0,2,57,2,61,330,95,204,2,631,0,0,0,631
09/16/2022,HOU,TX,ASW,CE,Towers with Radar,330,68,125,1,524,0,5,37,0,42,330,73,162,1,566,0,0,0,566
09/17/2022,HOU,TX,ASW,CE,Towers with Radar,259,53,48,0,360,21,11,34,0,66,280,64,82,0,426,0,0,0,426
09/18/2022,HOU,TX,ASW,CE,Towers with Radar,310,87,97,0,494,0,0,26,4,30,310,87,123,4,524,0,0,0,524
09/19/2022,HOU,TX,ASW,CE,Towers with Radar,326,88,117,0,531,0,4,24,6,34,326,92,141,6,565,0,0,0,565
09/20/2022,HOU,TX,ASW,CE,Towers with Radar,313,97,136,0,546,0,2,26,4,32,313,99,162,4,578,0,0,0,578
09/21/2022,HOU,TX,ASW,CE,Towers with Radar,319,102,124,0,545,0,2,46,3,51,319,104,170,3,596,0,0,0,596
09/22/2022,HOU,TX,ASW,CE,Towers with Radar,323,96,137,3,559,0,4,48,0,52,323,100,185,3,611,0,0,0,611
09/23/2022,HOU,TX,ASW,CE,Towers with Radar,321,90,124,0,535,0,0,34,2,36,321,90,158,2,571,0,0,0,571
09/24/2022,HOU,TX,ASW,CE,Towers with Radar,268,73,83,1,425,0,0,25,1,26,268,73,108,2,451,0,0,0,451
09/25/2022,HOU,TX,ASW,CE,Towers with Radar,314,79,97,1,491,0,0,38,3,41,314,79,135,4,532,0,0,0,532
09/26/2022,HOU,TX,ASW,CE,Towers with Radar,320,73,96,1,490,0,1,58,0,59,320,74,154,1,549,0,0,0,549
09/27/2022,HOU,TX,ASW,CE,Towers with Radar,312,70,75,0,457,0,0,61,2,63,312,70,136,2,520,0,0,0,520
09/28/2022,HOU,TX,ASW,CE,Towers with Radar,281,69,99,2,451,0,1,54,2,57,281,70,153,4,508,0,0,0,508
09/29/2022,HOU,TX,ASW,CE,Towers with Radar,306,76,99,0,481,0,4,72,0,76,306,80,171,0,557,0,0,0,557
09/30/2022,HOU,TX,ASW,CE,Towers with Radar,314,91,99,0,504,0,0,49,1,50,314,91,148,1,554,0,0,0,554
10/01/2022,HOU,TX,ASW,CE,Towers with Radar,264,55,69,0,388,0,3,49,4,56,264,58,118,4,444,0,0,0,444
10/02/2022,HOU,TX,ASW,CE,Towers with Radar,317,100,101,0,518,0,2,25,1,28,317,102,126,1,546,0,0,0,546
10/03/2022,HOU,TX,ASW,CE,Towers with Radar,327,75,90,0,492,0,5,56,3,64,327,80,146,3,556,0,0,0,556
10/04/2022,HOU,TX,ASW,CE,Towers with Radar,315,52,94,2,463,0,4,43,0,47,315,56,137,2,510,0,0,0,510
10/05/2022,HOU,TX,ASW,CE,Towers with Radar,320,101,135,2,558,0,0,77,1,78,320,101,212,3,636,0,0,0,636
10/06/2022,HOU,TX,ASW,CE,Towers with Radar,329,87,148,2,566,0,3,68,2,73,329,90,216,4,639,0,0,0,639
10/07/2022,HOU,TX,ASW,CE,Towers with Radar,333,103,110,0,546,0,1,36,0,37,333,104,146,0,583,0,0,0,583
10/08/2022,HOU,TX,ASW,CE,Towers with Radar,269,59,53,1,382,0,1,31,0,32,269,60,84,1,414,0,0,0,414
10/09/2022,HOU,TX,ASW,CE,Towers with Radar,309,89,114,1,513,0,0,36,0,36,309,89,150,1,549,0,0,0,549
10/10/2022,HOU,TX,ASW,CE,Towers with Radar,326,87,108,0,521,0,3,48,0,51,326,90,156,0,572,0,0,0,572
10/11/2022,HOU,TX,ASW,CE,Towers with Radar,326,75,136,0,537,0,6,56,0,62,326,81,192,0,599,0,0,0,599
10/12/2022,HOU,TX,ASW,CE,Towers with Radar,328,72,155,0,555,0,1,55,0,56,328,73,210,0,611,0,0,0,611
10/13/2022,HOU,TX,ASW,CE,Towers with Radar,329,84,136,0,549,0,0,26,1,27,329,84,162,1,576,0,0,0,576
10/14/2022,HOU,TX,ASW,CE,Towers with Radar,336,77,123,1,537,0,5,38,0,43,336,82,161,1,580,0,0,0,580
10/15/2022,HOU,TX,ASW,CE,Towers with Radar,278,57,55,0,390,0,2,38,6,46,278,59,93,6,436,0,0,0,436
10/16/2022,HOU,TX,ASW,CE,Towers with Radar,306,67,94,1,468,0,1,27,0,28,306,68,121,1,496,0,0,0,496
10/17/2022,HOU,TX,ASW,CE,Towers with Radar,329,79,85,1,494,0,0,25,0,25,329,79,110,1,519,0,0,0,519
10/18/2022,HOU,TX,ASW,CE,Towers with Radar,325,70,107,1,503,0,0,59,2,61,325,70,166,3,564,0,0,0,564
10/19/2022,HOU,TX,ASW,CE,Towers with Radar,326,95,131,0,552,0,2,55,1,58,326,97,186,1,610,0,0,0,610
10/20/2022,HOU,TX,ASW,CE,Towers with Radar,329,105,155,0,589,0,0,57,3,60,329,105,212,3,649,0,0,0,649
10/21/2022,HOU,TX,ASW,CE,Towers with Radar,342,103,113,0,558,0,5,49,6,60,342,108,162,6,618,0,0,0,618
10/22/2022,HOU,TX,ASW,CE,Towers with Radar,266,75,63,0,404,0,5,23,0,28,266,80,86,0,432,0,0,0,432
10/23/2022,HOU,TX,ASW,CE,Towers with Radar,311,99,103,0,513,0,1,30,0,31,311,100,133,0,544,0,0,0,544
10/24/2022,HOU,TX,ASW,CE,Towers with Radar,341,91,111,2,545,0,1,41,0,42,341,92,152,2,587,0,0,0,587
10/25/2022,HOU,TX,ASW,CE,Towers with Radar,323,104,101,0,528,0,2,34,0,36,323,106,135,0,564,0,0,0,564
10/26/2022,HOU,TX,ASW,CE,Towers with Radar,327,94,136,3,560,0,2,40,2,44,327,96,176,5,604,0,0,0,604
10/27/2022,HOU,TX,ASW,CE,Towers with Radar,327,128,135,1,591,0,1,67,3,71,327,129,202,4,662,0,0,0,662
10/28/2022,HOU,TX,ASW,CE,Towers with Radar,291,79,110,0,480,0,0,11,0,11,291,79,121,0,491,0,0,0,491
10/29/2022,HOU,TX,ASW,CE,Towers with Radar,280,59,102,0,441,0,4,38,2,44,280,63,140,2,485,0,0,0,485
10/30/2022,HOU,TX,ASW,CE,Towers with Radar,309,113,143,0,565,0,2,31,0,33,309,115,174,0,598,0,0,0,598
10/31/2022,HOU,TX,ASW,CE,Towers with Radar,320,82,93,0,495,0,2,41,0,43,320,84,134,0,538,0,0,0,538
11/01/2022,HOU,TX,ASW,CE,Towers with Radar,325,84,118,0,527,0,0,13,0,13,325,84,131,0,540,0,0,0,540
11/02/2022,HOU,TX,ASW,CE,Towers with Radar,323,83,129,0,535,0,0,76,2,78,323,83,205,2,613,0,0,0,613
11/03/2022,HOU,TX,ASW,CE,Towers with Radar,336,111,157,0,604,0,0,24,1,25,336,111,181,1,629,0,0,0,629
11/04/2022,HOU,TX,ASW,CE,Towers with Radar,307,89,121,0,517,0,5,27,0,32,307,94,148,0,549,0,0,0,549
11/05/2022,HOU,TX,ASW,CE,Towers with Radar,271,61,84,1,417,1,0,31,0,32,272,61,115,1,449,0,0,0,449
11/06/2022,HOU,TX,ASW,CE,Towers with Radar,313,106,118,1,538,0,0,31,0,31,313,106,149,1,569,0,0,0,569
11/07/2022,HOU,TX,ASW,CE,Towers with Radar,324,85,105,0,514,0,0,40,1,41,324,85,145,1,555,0,0,0,555
11/08/2022,HOU,TX,ASW,CE,Towers with Radar,308,82,117,0,507,0,1,50,2,53,308,83,167,2,560,0,0,0,560
11/09/2022,HOU,TX,ASW,CE,Towers with Radar,292,94,140,0,526,0,0,50,2,52,292,94,190,2,578,0,0,0,578
11/10/2022,HOU,TX,ASW,CE,Towers with Radar,304,90,101,0,495,0,0,46,0,46,304,90,147,0,541,0,0,0,541
11/11/2022,HOU,TX,ASW,CE,Towers with Radar,322,87,99,0,508,0,0,20,0,20,322,87,119,0,528,0,0,0,528
11/12/2022,HOU,TX,ASW,CE,Towers with Radar,290,55,58,1,404,0,2,23,0,25,290,57,81,1,429,0,0,0,429
11/13/2022,HOU,TX,ASW,CE,Towers with Radar,317,76,142,0,535,0,2,38,1,41,317,78,180,1,576,0,0,0,576
11/14/2022,HOU,TX,ASW,CE,Towers with Radar,319,90,111,0,520,0,0,24,0,24,319,90,135,0,544,0,0,0,544
11/15/2022,HOU,TX,ASW,CE,Towers with Radar,311,67,113,0,491,0,6,47,0,53,311,73,160,0,544,0,0,0,544
11/16/2022,HOU,TX,ASW,CE,Towers with Radar,302,103,117,0,522,0,0,39,6,45,302,103,156,6,567,0,0,0,567
11/17/2022,HOU,TX,ASW,CE,Towers with Radar,321,81,118,1,521,0,5,55,1,61,321,86,173,2,582,0,0,0,582
11/18/2022,HOU,TX,ASW,CE,Towers with Radar,313,113,142,0,568,0,2,50,4,56,313,115,192,4,624,0,0,0,624
11/19/2022,HOU,TX,ASW,CE,Towers with Radar,286,78,94,2,460,0,0,4,0,4,286,78,98,2,464,0,0,0,464
11/20/2022,HOU,TX,ASW,CE,Towers with Radar,328,91,109,0,528,0,7,22,0,29,328,98,131,0,557,0,0,0,557
11/21/2022,HOU,TX,ASW,CE,Towers with Radar,316,71,92,0,479,0,0,7,1,8,316,71,99,1,487,0,0,0,487
11/22/2022,HOU,TX,ASW,CE,Towers with Radar,323,99,113,2,537,0,1,29,1,31,323,100,142,3,568,0,0,0,568
11/23/2022,HOU,TX,ASW,CE,Towers with Radar,320,75,93,1,489,0,1,21,0,22,320,76,114,1,511,0,0,0,511
11/24/2022,HOU,TX,ASW,CE,Towers with Radar,281,31,15,0,327,0,0,0,0,0,281,31,15,0,327,0,0,0,327
11/25/2022,HOU,TX,ASW,CE,Towers with Radar,305,60,48,0,413,0,0,0,0,0,305,60,48,0,413,0,0,0,413
11/26/2022,HOU,TX,ASW,CE,Towers with Radar,294,61,79,0,434,0,4,13,2,19,294,65,92,2,453,0,0,0,453
11/27/2022,HOU,TX,ASW,CE,Towers with Radar,318,93,135,0,546,0,4,30,2,36,318,97,165,2,582,0,0,0,582
11/28/2022,HOU,TX,ASW,CE,Towers with Radar,317,90,118,0,525,0,1,42,2,45,317,91,160,2,570,0,0,0,570
11/29/2022,HOU,TX,ASW,CE,Towers with Radar,319,87,115,0,521,0,3,18,2,23,319,90,133,2,544,0,0,0,544
11/30/2022,HOU,TX,ASW,CE,Towers with Radar,307,78,120,0,505,0,0,49,3,52,307,78,169,3,557,0,0,0,557
12/01/2022,HOU,TX,ASW,CE,Towers with Radar,309,73,127,0,509,0,3,69,0,72,309,76,196,0,581,0,0,0,581
12/02/2022,HOU,TX,ASW,CE,Towers with Radar,310,97,119,0,526,0,0,17,0,17,310,97,136,0,543,0,0,0,543
12/03/2022,HOU,TX,ASW,CE,Towers with Radar,276,58,61,0,395,0,2,21,1,24,276,60,82,1,419,0,0,0,419
12/04/2022,HOU,TX,ASW,CE,Towers with Radar,323,84,114,0,521,0,2,16,0,18,323,86,130,0,539,0,0,0,539
12/05/2022,HOU,TX,ASW,CE,Towers with Radar,334,93,98,1,526,0,6,26,2,34,334,99,124,3,560,0,0,0,560
12/06/2022,HOU,TX,ASW,CE,Towers with Radar,318,87,130,1,536,0,1,44,0,45,318,88,174,1,581,0,0,0,581
12/07/2022,HOU,TX,ASW,CE,Towers with Radar,319,106,123,1,549,0,1,42,0,43,319,107,165,1,592,0,0,0,592
12/08/2022,HOU,TX,ASW,CE,Towers with Radar,320,95,145,0,560,0,0,44,0,44,320,95,189,0,604,0,0,0,604
12/09/2022,HOU,TX,ASW,CE,Towers with Radar,318,110,109,0,537,0,0,24,0,24,318,110,133,0,561,0,0,0,561
12/10/2022,HOU,TX,ASW,CE,Towers with Radar,287,53,60,1,401,0,0,24,2,26,287,53,84,3,427,0,0,0,427
12/11/2022,HOU,TX,ASW,CE,Towers with Radar,328,63,95,0,486,0,1,15,5,21,328,64,110,5,507,0,0,0,507
12/12/2022,HOU,TX,ASW,CE,Towers with Radar,320,86,108,1,515,0,1,8,0,9,320,87,116,1,524,0,0,0,524
12/13/2022,HOU,TX,ASW,CE,Towers with Radar,311,80,117,0,508,0,0,29,0,29,311,80,146,0,537,0,0,0,537
12/14/2022,HOU,TX,ASW,CE,Towers with Radar,319,88,128,0,535,0,0,38,0,38,319,88,166,0,573,0,0,0,573
12/15/2022,HOU,TX,ASW,CE,Towers with Radar,318,85,151,0,554,0,3,50,2,55,318,88,201,2,609,0,0,0,609
12/16/2022,HOU,TX,ASW,CE,Towers with Radar,332,106,130,0,568,0,0,40,2,42,332,106,170,2,610,0,0,0,610
12/17/2022,HOU,TX,ASW,CE,Towers with Radar,296,63,92,0,451,0,4,28,1,33,296,67,120,1,484,0,0,0,484
12/18/2022,HOU,TX,ASW,CE,Towers with Radar,329,71,106,0,506,0,3,36,0,39,329,74,142,0,545,0,0,0,545
12/19/2022,HOU,TX,ASW,CE,Towers with Radar,327,77,93,0,497,0,2,6,0,8,327,79,99,0,505,0,0,0,505
12/20/2022,HOU,TX,ASW,CE,Towers with Radar,323,75,102,0,500,0,1,26,0,27,323,76,128,0,527,0,0,0,527
12/21/2022,HOU,TX,ASW,CE,Towers with Radar,323,89,98,0,510,0,1,46,1,48,323,90,144,1,558,0,0,0,558
12/22/2022,HOU,TX,ASW,CE,Towers with Radar,319,64,86,0,469,0,2,11,0,13,319,66,97,0,482,0,0,0,482
12/23/2022,HOU,TX,ASW,CE,Towers with Radar,263,65,76,1,405,0,0,21,1,22,263,65,97,2,427,0,0,0,427
12/24/2022,HOU,TX,ASW,CE,Towers with Radar,203,43,30,0,276,0,0,21,1,22,203,43,51,1,298,0,0,0,298
12/25/2022,HOU,TX,ASW,CE,Towers with Radar,181,55,24,0,260,0,2,9,2,13,181,57,33,2,273,0,0,0,273
12/26/2022,HOU,TX,ASW,CE,Towers with Radar,118,94,113,0,325,0,5,29,0,34,118,99,142,0,359,0,0,0,359
12/27/2022,HOU,TX,ASW,CE,Towers with Radar,171,100,122,0,393,0,0,50,5,55,171,100,172,5,448,0,0,0,448
12/28/2022,HOU,TX,ASW,CE,Towers with Radar,189,81,107,0,377,0,4,61,0,65,189,85,168,0,442,0,0,0,442
12/29/2022,HOU,TX,ASW,CE,Towers with Radar,219,90,100,0,409,0,0,9,0,9,219,90,109,0,418,0,0,0,418
12/30/2022,HOU,TX,ASW,CE,Towers with Radar,333,50,73,0,456,0,0,29,0,29,333,50,102,0,485,0,0,0,485
12/31/2022,HOU,TX,ASW,CE,Towers with Radar,297,39,38,0,374,0,1,17,1,19,297,40,55,1,393,0,0,0,393
01/01/2023,HOU,TX,ASW,CE,Towers with Radar,317,69,76,0,462,0,1,6,0,7,317,70,82,0,469,0,0,0,469
01/02/2023,HOU,TX,ASW,CE,Towers with Radar,307,102,150,0,559,0,0,1,0,1,307,102,151,0,560,0,0,0,560
01/03/2023,HOU,TX,ASW,CE,Towers with Radar,346,91,119,0,556,0,3,33,0,36,346,94,152,0,592,0,0,0,592
01/04/2023,HOU,TX,ASW,CE,Towers with Radar,323,54,107,0,484,0,3,71,2,76,323,57,178,2,560,0,0,0,560
01/05/2023,HOU,TX,ASW,CE,Towers with Radar,311,83,121,0,515,0,2,70,0,72,311,85,191,0,587,0,0,0,587
01/06/2023,HOU,TX,ASW,CE,Towers with Radar,306,77,112,0,495,0,1,52,2,55,306,78,164,2,550,0,0,0,550
01/07/2023,HOU,TX,ASW,CE,Towers with Radar,236,64,67,0,367,0,6,23,0,29,236,70,90,0,396,0,0,0,396
01/08/2023,HOU,TX,ASW,CE,Towers with Radar,303,76,104,0,483,0,0,22,0,22,303,76,126,0,505,0,0,0,505
01/09/2023,HOU,TX,ASW,CE,Towers with Radar,313,65,79,0,457,0,1,53,0,54,313,66,132,0,511,0,0,0,511
01/10/2023,HOU,TX,ASW,CE,Towers with Radar,316,71,113,0,500,0,1,35,1,37,316,72,148,1,537,0,0,0,537
01/11/2023,HOU,TX,ASW,CE,Towers with Radar,287,80,129,1,497,0,1,36,0,37,287,81,165,1,534,0,0,0,534
01/12/2023,HOU,TX,ASW,CE,Towers with Radar,325,72,108,0,505,0,0,42,0,42,325,72,150,0,547,0,0,0,547
01/13/2023,HOU,TX,ASW,CE,Towers with Radar,308,66,84,0,458,0,6,53,0,59,308,72,137,0,517,0,0,0,517
01/14/2023,HOU,TX,ASW,CE,Towers with Radar,231,56,53,0,340,0,2,32,0,34,231,58,85,0,374,0,0,0,374
01/15/2023,HOU,TX,ASW,CE,Towers with Radar,300,85,78,0,463,0,0,32,0,32,300,85,110,0,495,0,0,0,495
01/16/2023,HOU,TX,ASW,CE,Towers with Radar,306,75,94,0,475,0,2,35,0,37,306,77,129,0,512,0,0,0,512
01/17/2023,HOU,TX,ASW,CE,Towers with Radar,308,80,115,0,503,0,0,27,0,27,308,80,142,0,530,0,0,0,530
01/18/2023,HOU,TX,ASW,CE,Towers with Radar,296,71,123,2,492,0,2,22,0,24,296,73,145,2,516,0,0,0,516
01/19/2023,HOU,TX,ASW,CE,Towers with Radar,319,92,115,0,526,0,9,63,0,72,319,101,178,0,598,0,0,0,598
01/20/2023,HOU,TX,ASW,CE,Towers with Radar,313,70,114,0,497,0,1,50,0,51,313,71,164,0,548,0,0,0,548
01/21/2023,HOU,TX,ASW,CE,Towers with Radar,237,19,48,0,304,0,0,8,0,8,237,19,56,0,312,0,0,0,312
01/22/2023,HOU,TX,ASW,CE,Towers with Radar,305,78,109,0,492,0,3,27,0,30,305,81,136,0,522,0,0,0,522
01/23/2023,HOU,TX,ASW,CE,Towers with Radar,311,65,90,0,466,0,1,60,2,63,311,66,150,2,529,0,0,0,529
01/24/2023,HOU,TX,ASW,CE,Towers with Radar,305,58,60,0,423,0,0,11,0,11,305,58,71,0,434,0,0,0,434
01/25/2023,HOU,TX,ASW,CE,Towers with Radar,305,80,116,0,501,0,0,49,0,49,305,80,165,0,550,0,0,0,550
01/26/2023,HOU,TX,ASW,CE,Towers with Radar,314,92,142,0,548,0,3,64,0,67,314,95,206,0,615,0,0,0,615
01/27/2023,HOU,TX,ASW,CE,Towers with Radar,313,73,142,0,528,0,5,44,5,54,313,78,186,5,582,0,0,0,582
01/28/2023,HOU,TX,ASW,CE,Towers with Radar,233,40,75,0,348,0,0,16,1,17,233,40,91,1,365,0,0,0,365
01/29/2023,HOU,TX,ASW,CE,Towers with Radar,299,70,85,0,454,0,0,3,0,3,299,70,88,0,457,0,0,0,457
01/30/2023,HOU,TX,ASW,CE,Towers with Radar,281,79,97,0,457,0,0,0,0,0,281,79,97,0,457,0,0,0,457
01/31/2023,HOU,TX,ASW,CE,Towers with Radar,265,67,84,0,416,0,0,0,0,0,265,67,84,0,416,0,0,0,416
02/01/2023,HOU,TX,ASW,CE,Towers with Radar,260,87,110,0,457,0,0,0,0,0,260,87,110,0,457,0,0,0,457
02/02/2023,HOU,TX,ASW,CE,Towers with Radar,315,109,119,0,543,0,0,0,0,0,315,109,119,0,543,0,0,0,543
02/03/2023,HOU,TX,ASW,CE,Towers with Radar,318,89,149,0,556,0,1,40,2,43,318,90,189,2,599,0,0,0,599
02/04/2023,HOU,TX,ASW,CE,Towers with Radar,242,45,46,0,333,0,1,36,2,39,242,46,82,2,372,0,0,0,372
02/05/2023,HOU,TX,ASW,CE,Towers with Radar,314,83,120,0,517,0,5,36,3,44,314,88,156,3,561,0,0,0,561
02/06/2023,HOU,TX,ASW,CE,Towers with Radar,322,82,115,1,520,0,2,51,2,55,322,84,166,3,575,0,0,0,575
02/07/2023,HOU,TX,ASW,CE,Towers with Radar,314,79,110,0,503,0,1,38,1,40,314,80,148,1,543,0,0,0,543
02/08/2023,HOU,TX,ASW,CE,Towers with Radar,313,90,108,2,513,0,2,21,0,23,313,92,129,2,536,0,0,0,536
02/09/2023,HOU,TX,ASW,CE,Towers with Radar,326,90,136,0,552,0,1,78,0,79,326,91,214,0,631,0,0,0,631
02/10/2023,HOU,TX,ASW,CE,Towers with Radar,317,87,108,0,512,0,3,47,0,50,317,90,155,0,562,0,0,0,562
02/11/2023,HOU,TX,ASW,CE,Towers with Radar,244,57,53,0,354,0,2,28,0,30,244,59,81,0,384,0,0,0,384
02/12/2023,HOU,TX,ASW,CE,Towers with Radar,311,65,79,0,455,0,3,27,3,33,311,68,106,3,488,0,0,0,488
02/13/2023,HOU,TX,ASW,CE,Towers with Radar,318,79,133,0,530,0,5,60,2,67,318,84,193,2,597,0,0,0,597
02/14/2023,HOU,TX,ASW,CE,Towers with Radar,319,58,82,0,459,0,3,22,5,30,319,61,104,5,489,0,0,0,489
02/15/2023,HOU,TX,ASW,CE,Towers with Radar,312,93,136,0,541,0,4,6,2,12,312,97,142,2,553,0,0,0,553
02/16/2023,HOU,TX,ASW,CE,Towers with Radar,320,85,131,0,536,0,3,28,0,31,320,88,159,0,567,0,0,0,567
02/17/2023,HOU,TX,ASW,CE,Towers with Radar,235,71,117,0,423,0,8,52,0,60,235,79,169,0,483,0,0,0,483
02/18/2023,HOU,TX,ASW,CE,Towers with Radar,244,48,66,0,358,0,0,20,1,21,244,48,86,1,379,0,0,0,379
02/19/2023,HOU,TX,ASW,CE,Towers with Radar,310,86,85,0,481,0,1,26,4,31,310,87,111,4,512,0,0,0,512
02/20/2023,HOU,TX,ASW,CE,Towers with Radar,326,73,132,0,531,0,2,38,0,40,326,75,170,0,571,0,0,0,571
02/21/2023,HOU,TX,ASW,CE,Towers with Radar,313,70,134,2,519,0,1,44,0,45,313,71,178,2,564,0,0,0,564
02/22/2023,HOU,TX,ASW,CE,Towers with Radar,309,80,106,0,495,0,0,23,0,23,309,80,129,0,518,0,0,0,518
02/23/2023,HOU,TX,ASW,CE,Towers with Radar,320,95,164,0,579,0,2,23,2,27,320,97,187,2,606,0,0,0,606
02/24/2023,HOU,TX,ASW,CE,Towers with Radar,325,100,125,0,550,0,1,36,2,39,325,101,161,2,589,0,0,0,589
02/25/2023,HOU,TX,ASW,CE,Towers with Radar,240,45,44,0,329,0,0,23,0,23,240,45,67,0,352,0,0,0,352
02/26/2023,HOU,TX,ASW,CE,Towers with Radar,314,62,88,0,464,0,1,32,1,34,314,63,120,1,498,0,0,0,498
02/27/2023,HOU,TX,ASW,CE,Towers with Radar,323,77,120,0,520,1,2,41,2,46,324,79,161,2,566,0,0,0,566
02/28/2023,HOU,TX,ASW,CE,Towers with Radar,319,89,92,0,500,0,1,43,0,44,319,90,135,0,544,0,0,0,544
03/01/2023,HOU,TX,ASW,CE,Towers with Radar,311,85,119,4,519,0,2,33,2,37,311,87,152,6,556,0,0,0,556
03/02/2023,HOU,TX,ASW,CE,Towers with Radar,322,79,129,2,532,0,1,22,1,24,322,80,151,3,556,0,0,0,556
03/03/2023,HOU,TX,ASW,CE,Towers with Radar,318,98,129,0,545,0,2,33,0,35,318,100,162,0,580,0,0,0,580
03/04/2023,HOU,TX,ASW,CE,Towers with Radar,244,52,69,0,365,0,0,40,0,40,244,52,109,0,405,0,0,0,405
03/05/2023,HOU,TX,ASW,CE,Towers with Radar,318,71,131,0,520,0,8,41,1,50,318,79,172,1,570,0,0,0,570
03/06/2023,HOU,TX,ASW,CE,Towers with Radar,324,85,124,0,533,0,0,36,0,36,324,85,160,0,569,0,0,0,569
03/07/2023,HOU,TX,ASW,CE,Towers with Radar,315,121,106,4,546,0,0,45,0,45,315,121,151,4,591,0,0,0,591
03/08/2023,HOU,TX,ASW,CE,Towers with Radar,315,110,159,0,584,0,3,61,2,66,315,113,220,2,650,0,0,0,650
03/09/2023,HOU,TX,ASW,CE,Towers with Radar,317,103,137,0,557,0,1,52,1,54,317,104,189,1,611,0,0,0,611
03/10/2023,HOU,TX,ASW,CE,Towers with Radar,323,86,169,0,578,0,1,35,0,36,323,87,204,0,614,0,0,0,614
03/11/2023,HOU,TX,ASW,CE,Towers with Radar,252,99,121,0,472,0,0,30,0,30,252,99,151,0,502,0,0,0,502
03/12/2023,HOU,TX,ASW,CE,Towers with Radar,303,75,97,0,475,0,0,27,2,29,303,75,124,2,504,0,0,0,504
03/13/2023,HOU,TX,ASW,CE,Towers with Radar,330,82,96,0,508,0,4,58,7,69,330,86,154,7,577,0,0,0,577
03/14/2023,HOU,TX,ASW,CE,Towers with Radar,322,79,74,0,475,0,2,65,4,71,322,81,139,4,546,0,0,0,546
03/15/2023,HOU,TX,ASW,CE,Towers with Radar,327,69,120,0,516,0,1,43,3,47,327,70,163,3,563,0,0,0,563
03/16/2023,HOU,TX,ASW,CE,Towers with Radar,326,86,109,0,521,0,2,14,0,16,326,88,123,0,537,0,0,0,537
03/17/2023,HOU,TX,ASW,CE,Towers with Radar,331,96,112,0,539,0,4,20,0,24,331,100,132,0,563,0,0,0,563
03/18/2023,HOU,TX,ASW,CE,Towers with Radar,251,90,129,0,470,0,7,20,0,27,251,97,149,0,497,0,0,0,497
03/19/2023,HOU,TX,ASW,CE,Towers with Radar,300,91,147,0,538,0,0,26,0,26,300,91,173,0,564,0,0,0,564
03/20/2023,HOU,TX,ASW,CE,Towers with Radar,330,73,87,0,490,0,2,50,3,55,330,75,137,3,545,0,0,0,545
03/21/2023,HOU,TX,ASW,CE,Towers with Radar,325,58,121,2,506,0,7,55,2,64,325,65,176,4,570,0,0,0,570
03/22/2023,HOU,TX,ASW,CE,Towers with Radar,320,76,75,2,473,0,0,81,2,83,320,76,156,4,556,0,0,0,556
03/23/2023,HOU,TX,ASW,CE,Towers with Radar,324,82,108,0,514,0,2,42,0,44,324,84,150,0,558,0,0,0,558
03/24/2023,HOU,TX,ASW,CE,Towers with Radar,329,64,91,0,484,0,0,27,0,27,329,64,118,0,511,0,0,0,511
03/25/2023,HOU,TX,ASW,CE,Towers with Radar,250,33,50,0,333,0,0,38,0,38,250,33,88,0,371,0,0,0,371
03/26/2023,HOU,TX,ASW,CE,Towers with Radar,302,65,96,0,463,0,4,16,0,20,302,69,112,0,483,0,0,0,483
03/27/2023,HOU,TX,ASW,CE,Towers with Radar,327,70,99,0,496,0,0,14,0,14,327,70,113,0,510,0,0,0,510
03/28/2023,HOU,TX,ASW,CE,Towers with Radar,322,87,133,0,542,0,1,41,0,42,322,88,174,0,584,0,0,0,584
03/29/2023,HOU,TX,ASW,CE,Towers with Radar,326,78,125,0,529,0,2,64,2,68,326,80,189,2,597,0,0,0,597
03/30/2023,HOU,TX,ASW,CE,Towers with Radar,333,87,142,0,562,0,3,40,0,43,333,90,182,0,605,0,0,0,605
03/31/2023,HOU,TX,ASW,CE,Towers with Radar,333,105,147,0,585,0,2,34,1,37,333,107,181,1,622,0,0,0,622
04/01/2023,HOU,TX,ASW,CE,Towers with Radar,243,129,137,1,510,0,2,56,3,61,243,131,193,4,571,0,0,0,571
04/02/2023,HOU,TX,ASW,CE,Towers with Radar,295,115,166,0,576,0,0,30,2,32,295,115,196,2,608,0,0,0,608
04/03/2023,HOU,TX,ASW,CE,Towers with Radar,337,90,128,0,555,0,1,55,2,58,337,91,183,2,613,0,0,0,613
04/04/2023,HOU,TX,ASW,CE,Towers with Radar,331,121,165,1,618,0,0,21,0,21,331,121,186,1,639,0,0,0,639
04/05/2023,HOU,TX,ASW,CE,Towers with Radar,305,84,118,0,507,0,0,10,0,10,305,84,128,0,517,0,0,0,517
04/06/2023,HOU,TX,ASW,CE,Towers with Radar,337,72,136,0,545,0,0,0,0,0,337,72,136,0,545,0,0,0,545
04/07/2023,HOU,TX,ASW,CE,Towers with Radar,334,62,77,2,475,0,0,0,0,0,334,62,77,2,475,0,0,0,475
04/08/2023,HOU,TX,ASW,CE,Towers with Radar,245,39,48,1,333,0,0,14,0,14,245,39,62,1,347,0,0,0,347
04/09/2023,HOU,TX,ASW,CE,Towers with Radar,293,67,53,1,414,0,0,26,0,26,293,67,79,1,440,0,0,0,440
04/10/2023,HOU,TX,ASW,CE,Towers with Radar,331,98,117,2,548,0,2,54,2,58,331,100,171,4,606,0,0,0,606
04/11/2023,HOU,TX,ASW,CE,Towers with Radar,328,89,104,5,526,0,0,32,0,32,328,89,136,5,558,0,0,0,558
04/12/2023,HOU,TX,ASW,CE,Towers with Radar,323,66,127,1,517,0,1,45,0,46,323,67,172,1,563,0,0,0,563
04/13/2023,HOU,TX,ASW,CE,Towers with Radar,326,56,124,0,506,0,4,50,1,55,326,60,174,1,561,0,0,0,561
04/14/2023,HOU,TX,ASW,CE,Towers with Radar,329,81,121,0,531,0,0,41,0,41,329,81,162,0,572,0,0,0,572
04/15/2023,HOU,TX,ASW,CE,Towers with Radar,257,46,72,0,375,0,2,24,1,27,257,48,96,1,402,0,0,0,402
04/16/2023,HOU,TX,ASW,CE,Towers with Radar,335,80,105,2,522,0,1,30,4,35,335,81,135,6,557,0,0,0,557
04/17/2023,HOU,TX,ASW,CE,Towers with Radar,343,76,114,2,535,0,2,45,1,48,343,78,159,3,583,0,0,0,583
04/18/2023,HOU,TX,ASW,CE,Towers with Radar,321,70,103,1,495,0,0,40,2,42,321,70,143,3,537,0,0,0,537
04/19/2023,HOU,TX,ASW,CE,Towers with Radar,327,85,112,0,524,0,4,46,2,52,327,89,158,2,576,0,0,0,576
04/20/2023,HOU,TX,ASW,CE,Towers with Radar,321,98,119,0,538,0,0,41,1,42,321,98,160,1,580,0,0,0,580
04/21/2023,HOU,TX,ASW,CE,Towers with Radar,351,83,115,0,549,0,0,31,0,31,351,83,146,0,580,0,0,0,580
04/22/2023,HOU,TX,ASW,CE,Towers with Radar,258,62,88,1,409,0,2,30,2,34,258,64,118,3,443,0,0,0,443
04/23/2023,HOU,TX,ASW,CE,Towers with Radar,336,72,125,0,533,0,2,10,1,13,336,74,135,1,546,0,0,0,546
04/24/2023,HOU,TX,ASW,CE,Towers with Radar,341,65,97,0,503,0,1,72,0,73,341,66,169,0,576,0,0,0,576
04/25/2023,HOU,TX,ASW,CE,Towers with Radar,323,92,82,0,497,0,4,51,1,56,323,96,133,1,553,0,0,0,553
04/26/2023,HOU,TX,ASW,CE,Towers with Radar,324,84,108,0,516,0,0,29,3,32,324,84,137,3,548,0,0,0,548
04/27/2023,HOU,TX,ASW,CE,Towers with Radar,338,100,103,2,543,0,1,43,2,46,338,101,146,4,589,0,0,0,589
04/28/2023,HOU,TX,ASW,CE,Towers with Radar,324,67,104,0,495,0,5,43,2,50,324,72,147,2,545,0,0,0,545
04/29/2023,HOU,TX,ASW,CE,Towers with Radar,277,58,51,0,386,0,0,24,2,26,277,58,75,2,412,0,0,0,412
04/30/2023,HOU,TX,ASW,CE,Towers with Radar,333,95,127,0,555,0,0,19,7,26,333,95,146,7,581,0,0,0,581
05/01/2023,HOU,TX,ASW,CE,Towers with Radar,350,80,100,0,530,0,0,59,0,59,350,80,159,0,589,0,0,0,589
05/02/2023,HOU,TX,ASW,CE,Towers with Radar,325,88,105,0,518,0,0,49,4,53,325,88,154,4,571,0,0,0,571
05/03/2023,HOU,TX,ASW,CE,Towers with Radar,331,101,107,2,541,0,2,64,0,66,331,103,171,2,607,0,0,0,607
05/04/2023,HOU,TX,ASW,CE,Towers with Radar,331,102,125,0,558,0,3,44,5,52,331,105,169,5,610,0,0,0,610
05/05/2023,HOU,TX,ASW,CE,Towers with Radar,333,70,89,0,492,0,0,45,0,45,333,70,134,0,537,0,0,0,537
05/06/2023,HOU,TX,ASW,CE,Towers with Radar,260,50,53,0,363,0,0,27,0,27,260,50,80,0,390,0,0,0,390
05/07/2023,HOU,TX,ASW,CE,Towers with Radar,330,71,108,0,509,0,0,11,0,11,330,71,119,0,520,0,0,0,520
05/08/2023,HOU,TX,ASW,CE,Towers with Radar,348,84,109,0,541,0,0,24,0,24,348,84,133,0,565,0,0,0,565
05/09/2023,HOU,TX,ASW,CE,Towers with Radar,316,65,102,0,483,0,1,18,3,22,316,66,120,3,505,0,0,0,505
05/10/2023,HOU,TX,ASW,CE,Towers with Radar,320,81,137,0,538,0,2,14,1,17,320,83,151,1,555,0,0,0,555
05/11/2023,HOU,TX,ASW,CE,Towers with Radar,328,107,130,0,565,0,10,48,2,60,328,117,178,2,625,0,0,0,625
05/12/2023,HOU,TX,ASW,CE,Towers with Radar,329,79,93,0,501,0,0,32,4,36,329,79,125,4,537,0,0,0,537
05/13/2023,HOU,TX,ASW,CE,Towers with Radar,265,52,55,0,372,0,0,5,0,5,265,52,60,0,377,0,0,0,377
05/14/2023,HOU,TX,ASW,CE,Towers with Radar,295,58,85,0,438,0,0,9,0,9,295,58,94,0,447,0,0,0,447
05/15/2023,HOU,TX,ASW,CE,Towers with Radar,336,75,131,0,542,0,1,35,1,37,336,76,166,1,579,0,0,0,579
05/16/2023,HOU,TX,ASW,CE,Towers with Radar,327,82,128,0,537,0,2,40,0,42,327,84,168,0,579,0,0,0,579
05/17/2023,HOU,TX,ASW,CE,Towers with Radar,324,89,129,1,543,0,0,62,4,66,324,89,191,5,609,0,0,0,609
05/18/2023,HOU,TX,ASW,CE,Towers with Radar,324,100,116,2,542,0,4,54,1,59,324,104,170,3,601,0,0,0,601
05/19/2023,HOU,TX,ASW,CE,Towers with Radar,328,74,99,0,501,0,0,39,2,41,328,74,138,2,542,0,0,0,542
05/20/2023,HOU,TX,ASW,CE,Towers with Radar,273,63,66,1,403,0,1,22,1,24,273,64,88,2,427,0,0,0,427
05/21/2023,HOU,TX,ASW,CE,Towers with Radar,337,69,71,0,477,0,3,22,0,25,337,72,93,0,502,0,0,0,502
05/22/2023,HOU,TX,ASW,CE,Towers with Radar,327,85,102,0,514,0,2,47,6,55,327,87,149,6,569,0,0,0,569
05/23/2023,HOU,TX,ASW,CE,Towers with Radar,324,57,112,2,495,0,0,32,2,34,324,57,144,4,529,0,0,0,529
05/24/2023,HOU,TX,ASW,CE,Towers with Radar,319,90,130,1,540,0,2,33,2,37,319,92,163,3,577,0,0,0,577
05/25/2023,HOU,TX,ASW,CE,Towers with Radar,328,89,112,0,529,0,1,51,0,52,328,90,163,0,581,0,0,0,581
05/26/2023,HOU,TX,ASW,CE,Towers with Radar,324,77,132,0,533,0,1,44,1,46,324,78,176,1,579,0,0,0,579
05/27/2023,HOU,TX,ASW,CE,Towers with Radar,260,42,62,0,364,0,2,31,0,33,260,44,93,0,397,0,0,0,397
05/28/2023,HOU,TX,ASW,CE,Towers with Radar,333,41,61,0,435,0,2,19,1,22,333,43,80,1,457,0,0,0,457
05/29/2023,HOU,TX,ASW,CE,Towers with Radar,329,68,85,0,482,0,2,28,1,31,329,70,113,1,513,0,0,0,513
05/30/2023,HOU,TX,ASW,CE,Towers with Radar,320,62,111,0,493,0,2,36,0,38,320,64,147,0,531,0,0,0,531
05/31/2023,HOU,TX,ASW,CE,Towers with Radar,320,82,83,0,485,0,1,44,0,45,320,83,127,0,530,0,0,0,530
06/01/2023,HOU,TX,ASW,CE,Towers with Radar,331,72,121,0,524,0,3,70,1,74,331,75,191,1,598,0,0,0,598
06/02/2023,HOU,TX,ASW,CE,Towers with Radar,326,84,99,0,509,0,2,48,3,53,326,86,147,3,562,0,0,0,562
06/03/2023,HOU,TX,ASW,CE,Towers with Radar,267,70,75,2,414,0,0,36,0,36,267,70,111,2,450,0,0,0,450
06/04/2023,HOU,TX,ASW,CE,Towers with Radar,346,60,72,0,478,0,0,32,0,32,346,60,104,0,510,0,0,0,510
06/05/2023,HOU,TX,ASW,CE,Towers with Radar,326,60,100,0,486,0,2,26,1,29,326,62,126,1,515,0,0,0,515
06/06/2023,HOU,TX,ASW,CE,Towers with Radar,324,76,106,2,508,0,3,36,0,39,324,79,142,2,547,0,0,0,547
06/07/2023,HOU,TX,ASW,CE,Towers with Radar,333,86,110,0,529,0,0,61,1,62,333,86,171,1,591,0,0,0,591
06/08/2023,HOU,TX,ASW,CE,Towers with Radar,330,71,90,0,491,0,9,45,0,54,330,80,135,0,545,0,0,0,545
06/09/2023,HOU,TX,ASW,CE,Towers with Radar,330,80,81,0,491,0,0,65,3,68,330,80,146,3,559,0,0,0,559
06/10/2023,HOU,TX,ASW,CE,Towers with Radar,279,62,58,1,400,0,0,31,6,37,279,62,89,7,437,0,0,0,437
06/11/2023,HOU,TX,ASW,CE,Towers with Radar,363,60,78,0,501,0,0,29,0,29,363,60,107,0,530,0,0,0,530
06/12/2023,HOU,TX,ASW,CE,Towers with Radar,339,62,85,1,487,0,2,50,0,52,339,64,135,1,539,0,0,0,539
06/13/2023,HOU,TX,ASW,CE,Towers with Radar,327,89,95,2,513,0,1,61,0,62,327,90,156,2,575,0,0,0,575
06/14/2023,HOU,TX,ASW,CE,Towers with Radar,328,91,97,0,516,0,0,33,3,36,328,91,130,3,552,0,0,0,552
06/15/2023,HOU,TX,ASW,CE,Towers with Radar,338,96,105,0,539,0,0,47,0,47,338,96,152,0,586,0,0,0,586
06/16/2023,HOU,TX,ASW,CE,Towers with Radar,329,80,79,0,488,0,0,39,2,41,329,80,118,2,529,0,0,0,529
06/17/2023,HOU,TX,ASW,CE,Towers with Radar,285,58,58,0,401,0,0,33,0,33,285,58,91,0,434,0,0,0,434
06/18/2023,HOU,TX,ASW,CE,Towers with Radar,356,67,75,0,498,0,3,21,0,24,356,70,96,0,522,0,0,0,522
06/19/2023,HOU,TX,ASW,CE,Towers with Radar,332,72,90,0,494,0,1,42,0,43,332,73,132,0,537,0,0,0,537
06/20/2023,HOU,TX,ASW,CE,Towers with Radar,328,70,92,2,492,0,2,42,2,46,328,72,134,4,538,0,0,0,538
06/21/2023,HOU,TX,ASW,CE,Towers with Radar,327,99,105,0,531,0,5,42,0,47,327,104,147,0,578,0,0,0,578
06/22/2023,HOU,TX,ASW,CE,Towers with Radar,360,71,114,0,545,0,0,50,1,51,360,71,164,1,596,0,0,0,596
06/23/2023,HOU,TX,ASW,CE,Towers with Radar,333,102,88,0,523,0,0,42,0,42,333,102,130,0,565,0,0,0,565
06/24/2023,HOU,TX,ASW,CE,Towers with Radar,290,52,57,0,399,0,0,22,2,24,290,52,79,2,423,0,0,0,423
06/25/2023,HOU,TX,ASW,CE,Towers with Radar,338,67,84,0,489,0,2,17,5,24,338,69,101,5,513,0,0,0,513
06/26/2023,HOU,TX,ASW,CE,Towers with Radar,345,67,101,0,513,0,3,37,0,40,345,70,138,0,553,0,0,0,553
06/27/2023,HOU,TX,ASW,CE,Towers with Radar,326,83,100,0,509,0,0,34,0,34,326,83,134,0,543,0,0,0,543
06/28/2023,HOU,TX,ASW,CE,Towers with Radar,336,84,104,0,524,0,6,43,0,49,336,90,147,0,573,0,0,0,573
06/29/2023,HOU,TX,ASW,CE,Towers with Radar,332,87,121,0,540,0,0,54,1,55,332,87,175,1,595,0,0,0,595
06/30/2023,HOU,TX,ASW,CE,Towers with Radar,325,91,127,0,543,0,0,33,2,35,325,91,160,2,578,0,0,0,578
07/01/2023,HOU,TX,ASW,CE,Towers with Radar,293,87,100,0,480,0,2,39,3,44,293,89,139,3,524,0,0,0,524
07/02/2023,HOU,TX,ASW,CE,Towers with Radar,352,44,57,0,453,0,3,20,4,27,352,47,77,4,480,0,0,0,480
07/03/2023,HOU,TX,ASW,CE,Towers with Radar,332,34,40,0,406,0,0,48,3,51,332,34,88,3,457,0,0,0,457
07/04/2023,HOU,TX,ASW,CE,Towers with Radar,326,39,31,0,396,0,0,28,2,30,326,39,59,2,426,0,0,0,426
07/05/2023,HOU,TX,ASW,CE,Towers with Radar,322,66,88,2,478,0,6,35,0,41,322,72,123,2,519,0,0,0,519
07/06/2023,HOU,TX,ASW,CE,Towers with Radar,348,59,76,2,485,0,0,32,1,33,348,59,108,3,518,0,0,0,518
07/07/2023,HOU,TX,ASW,CE,Towers with Radar,338,58,74,0,470,0,4,40,0,44,338,62,114,0,514,0,0,0,514
07/08/2023,HOU,TX,ASW,CE,Towers with Radar,289,53,59,0,401,0,3,29,0,32,289,56,88,0,433,0,0,0,433
07/09/2023,HOU,TX,ASW,CE,Towers with Radar,352,67,83,0,502,0,0,24,1,25,352,67,107,1,527,0,0,0,527
07/10/2023,HOU,TX,ASW,CE,Towers with Radar,335,52,75,0,462,0,0,42,7,49,335,52,117,7,511,0,0,0,511
07/11/2023,HOU,TX,ASW,CE,Towers with Radar,345,55,70,1,471,0,0,41,3,44,345,55,111,4,515,0,0,0,515
07/12/2023,HOU,TX,ASW,CE,Towers with Radar,339,75,116,1,531,0,1,39,0,40,339,76,155,1,571,0,0,0,571
07/13/2023,HOU,TX,ASW,CE,Towers with Radar,358,70,95,2,525,0,0,58,0,58,358,70,153,2,583,0,0,0,583
07/14/2023,HOU,TX,ASW,CE,Towers with Radar,344,69,73,0,486,0,0,55,0,55,344,69,128,0,541,0,0,0,541
07/15/2023,HOU,TX,ASW,CE,Towers with Radar,291,69,45,0,405,0,2,19,3,24,291,71,64,3,429,0,0,0,429
07/16/2023,HOU,TX,ASW,CE,Towers with Radar,354,67,81,0,502,0,0,15,0,15,354,67,96,0,517,0,0,0,517
07/17/2023,HOU,TX,ASW,CE,Towers with Radar,357,84,80,0,521,0,0,38,0,38,357,84,118,0,559,0,0,0,559
07/18/2023,HOU,TX,ASW,CE,Towers with Radar,344,64,92,1,501,0,2,43,5,50,344,66,135,6,551,0,0,0,551
07/19/2023,HOU,TX,ASW,CE,Towers with Radar,345,87,84,1,517,0,4,56,2,62,345,91,140,3,579,0,0,0,579
07/20/2023,HOU,TX,ASW,CE,Towers with Radar,357,65,98,0,520,0,3,50,2,55,357,68,148,2,575,0,0,0,575
07/21/2023,HOU,TX,ASW,CE,Towers with Radar,348,58,71,0,477,0,3,39,1,43,348,61,110,1,520,0,0,0,520
07/22/2023,HOU,TX,ASW,CE,Towers with Radar,292,55,44,0,391,0,0,39,5,44,292,55,83,5,435,0,0,0,435
07/23/2023,HOU,TX,ASW,CE,Towers with Radar,363,73,65,0,501,0,2,26,0,28,363,75,91,0,529,0,0,0,529
07/24/2023,HOU,TX,ASW,CE,Towers with Radar,352,74,99,4,529,0,1,50,2,53,352,75,149,6,582,0,0,0,582
07/25/2023,HOU,TX,ASW,CE,Towers with Radar,340,83,82,0,505,0,3,56,2,61,340,86,138,2,566,0,0,0,566
07/26/2023,HOU,TX,ASW,CE,Towers with Radar,354,90,107,0,551,0,1,45,0,46,354,91,152,0,597,0,0,0,597
07/27/2023,HOU,TX,ASW,CE,Towers with Radar,357,72,96,0,525,0,0,61,0,61,357,72,157,0,586,0,0,0,586
07/28/2023,HOU,TX,ASW,CE,Towers with Radar,338,90,111,2,541,0,2,47,0,49,338,92,158,2,590,0,0,0,590
07/29/2023,HOU,TX,ASW,CE,Towers with Radar,295,58,90,0,443,0,0,25,1,26,295,58,115,1,469,0,0,0,469
07/30/2023,HOU,TX,ASW,CE,Towers with Radar,354,79,98,0,531,0,0,23,0,23,354,79,121,0,554,0,0,0,554
07/31/2023,HOU,TX,ASW,CE,Towers with Radar,352,59,89,0,500,0,2,47,1,50,352,61,136,1,550,0,0,0,550
08/01/2023,HOU,TX,ASW,CE,Towers with Radar,341,69,110,0,520,0,0,33,2,35,341,69,143,2,555,0,0,0,555
08/02/2023,HOU,TX,ASW,CE,Towers with Radar,346,82,93,1,522,0,0,31,2,33,346,82,124,3,555,0,0,0,555
08/03/2023,HOU,TX,ASW,CE,Towers with Radar,350,83,92,0,525,0,0,36,7,43,350,83,128,7,568,0,0,0,568
08/04/2023,HOU,TX,ASW,CE,Towers with Radar,353,74,102,0,529,0,2,34,1,37,353,76,136,1,566,0,0,0,566
08/05/2023,HOU,TX,ASW,CE,Towers with Radar,292,41,48,0,381,0,0,21,0,21,292,41,69,0,402,0,0,0,402
08/06/2023,HOU,TX,ASW,CE,Towers with Radar,355,62,75,0,492,0,8,28,0,36,355,70,103,0,528,0,0,0,528
08/07/2023,HOU,TX,ASW,CE,Towers with Radar,352,50,90,0,492,0,2,33,5,40,352,52,123,5,532,0,0,0,532
08/08/2023,HOU,TX,ASW,CE,Towers with Radar,344,76,115,0,535,6,1,48,3,58,350,77,163,3,593,0,0,0,593
08/09/2023,HOU,TX,ASW,CE,Towers with Radar,352,85,95,0,532,0,5,44,4,53,352,90,139,4,585,0,0,0,585
08/10/2023,HOU,TX,ASW,CE,Towers with Radar,348,77,102,0,527,0,0,34,3,37,348,77,136,3,564,0,0,0,564
08/11/2023,HOU,TX,ASW,CE,Towers with Radar,360,72,92,0,524,0,2,52,2,56,360,74,144,2,580,0,0,0,580
08/12/2023,HOU,TX,ASW,CE,Towers with Radar,287,64,46,0,397,0,3,17,0,20,287,67,63,0,417,0,0,0,417
08/13/2023,HOU,TX,ASW,CE,Towers with Radar,355,78,72,2,507,0,2,18,2,22,355,80,90,4,529,0,0,0,529
08/14/2023,HOU,TX,ASW,CE,Towers with Radar,350,77,87,3,517,0,2,33,0,35,350,79,120,3,552,0,0,0,552
08/15/2023,HOU,TX,ASW,CE,Towers with Radar,328,87,85,0,500,0,2,32,0,34,328,89,117,0,534,0,0,0,534
08/16/2023,HOU,TX,ASW,CE,Towers with Radar,315,83,118,0,516,0,0,44,0,44,315,83,162,0,560,0,0,0,560
08/17/2023,HOU,TX,ASW,CE,Towers with Radar,320,77,107,0,504,0,2,35,0,37,320,79,142,0,541,0,0,0,541
08/18/2023,HOU,TX,ASW,CE,Towers with Radar,325,79,103,0,507,0,0,30,0,30,325,79,133,0,537,0,0,0,537
08/19/2023,HOU,TX,ASW,CE,Towers with Radar,260,59,48,0,367,0,0,20,1,21,260,59,68,1,388,0,0,0,388
08/20/2023,HOU,TX,ASW,CE,Towers with Radar,316,60,81,0,457,0,0,22,0,22,316,60,103,0,479,0,0,0,479
08/21/2023,HOU,TX,ASW,CE,Towers with Radar,315,81,92,0,488,0,0,42,0,42,315,81,134,0,530,0,0,0,530
08/22/2023,HOU,TX,ASW,CE,Towers with Radar,315,70,78,0,463,0,1,37,0,38,315,71,115,0,501,0,0,0,501
08/23/2023,HOU,TX,ASW,CE,Towers with Radar,322,68,130,1,521,0,1,43,2,46,322,69,173,3,567,0,0,0,567
08/24/2023,HOU,TX,ASW,CE,Towers with Radar,324,78,110,3,515,0,1,45,3,49,324,79,155,6,564,0,0,0,564
08/25/2023,HOU,TX,ASW,CE,Towers with Radar,319,56,101,2,478,0,4,34,7,45,319,60,135,9,523,0,0,0,523
08/26/2023,HOU,TX,ASW,CE,Towers with Radar,272,46,44,1,363,0,1,31,4,36,272,47,75,5,399,0,0,0,399
08/27/2023,HOU,TX,ASW,CE,Towers with Radar,323,62,64,3,452,0,2,16,1,19,323,64,80,4,471,0,0,0,471
08/28/2023,HOU,TX,ASW,CE,Towers with Radar,327,78,102,0,507,0,5,46,0,51,327,83,148,0,558,0,0,0,558
08/29/2023,HOU,TX,ASW,CE,Towers with Radar,310,73,106,0,489,0,2,43,1,46,310,75,149,1,535,0,0,0,535
08/30/2023,HOU,TX,ASW,CE,Towers with Radar,305,86,122,2,515,0,1,48,0,49,305,87,170,2,564,0,0,0,564
08/31/2023,HOU,TX,ASW,CE,Towers with Radar,324,122,132,0,578,0,0,61,2,63,324,122,193,2,641,0,0,0,641
01/01/2020,HOU,TX,ASW,CE,Towers with Radar,347,41,50,0,438,0,0,21,0,21,347,41,71,0,459,0,0,0,459
01/02/2020,HOU,TX,ASW,CE,Towers with Radar,335,51,92,0,478,0,1,0,0,1,335,52,92,0,479,0,0,0,479
01/03/2020,HOU,TX,ASW,CE,Towers with Radar,341,62,73,0,476,0,7,22,0,29,341,69,95,0,505,0,0,0,505
01/04/2020,HOU,TX,ASW,CE,Towers with Radar,266,62,95,0,423,0,7,26,0,33,266,69,121,0,456,0,0,0,456
01/05/2020,HOU,TX,ASW,CE,Towers with Radar,335,67,110,1,513,0,1,18,0,19,335,68,128,1,532,0,0,0,532
01/06/2020,HOU,TX,ASW,CE,Towers with Radar,349,92,96,1,538,0,7,50,0,57,349,99,146,1,595,0,0,0,595
01/07/2020,HOU,TX,ASW,CE,Towers with Radar,345,66,113,1,525,0,6,42,1,49,345,72,155,2,574,0,0,0,574
01/08/2020,HOU,TX,ASW,CE,Towers with Radar,352,68,95,0,515,0,6,62,0,68,352,74,157,0,583,0,0,0,583
01/09/2020,HOU,TX,ASW,CE,Towers with Radar,353,59,136,0,548,0,0,24,0,24,353,59,160,0,572,0,0,0,572
01/10/2020,HOU,TX,ASW,CE,Towers with Radar,315,40,98,0,453,0,4,8,0,12,315,44,106,0,465,0,0,0,465
01/11/2020,HOU,TX,ASW,CE,Towers with Radar,253,63,36,0,352,0,0,13,2,15,253,63,49,2,367,0,0,0,367
01/12/2020,HOU,TX,ASW,CE,Towers with Radar,323,77,98,0,498,0,3,15,0,18,323,80,113,0,516,0,0,0,516
01/13/2020,HOU,TX,ASW,CE,Towers with Radar,359,52,79,0,490,0,0,3,0,3,359,52,82,0,493,0,0,0,493
01/14/2020,HOU,TX,ASW,CE,Towers with Radar,333,90,140,0,563,0,1,16,0,17,333,91,156,0,580,0,0,0,580
01/15/2020,HOU,TX,ASW,CE,Towers with Radar,350,80,121,0,551,0,1,22,0,23,350,81,143,0,574,0,0,0,574
01/16/2020,HOU,TX,ASW,CE,Towers with Radar,344,67,125,2,538,0,0,4,0,4,344,67,129,2,542,0,0,0,542
01/17/2020,HOU,TX,ASW,CE,Towers with Radar,341,68,122,0,531,0,2,2,0,4,341,70,124,0,535,0,0,0,535
01/18/2020,HOU,TX,ASW,CE,Towers with Radar,250,50,58,0,358,0,9,4,1,14,250,59,62,1,372,0,0,0,372
01/19/2020,HOU,TX,ASW,CE,Towers with Radar,317,63,89,1,470,0,2,43,1,46,317,65,132,2,516,0,0,0,516
01/20/2020,HOU,TX,ASW,CE,Towers with Radar,343,58,118,0,519,0,4,38,2,44,343,62,156,2,563,0,0,0,563
01/21/2020,HOU,TX,ASW,CE,Towers with Radar,343,71,127,0,541,0,4,61,2,67,343,75,188,2,608,0,0,0,608
01/22/2020,HOU,TX,ASW,CE,Towers with Radar,348,64,107,2,521,0,2,4,0,6,348,66,111,2,527,0,0,0,527
01/23/2020,HOU,TX,ASW,CE,Towers with Radar,342,99,156,0,597,0,4,26,0,30,342,103,182,0,627,0,0,0,627
01/24/2020,HOU,TX,ASW,CE,Towers with Radar,339,76,107,3,525,0,4,39,1,44,339,80,146,4,569,0,0,0,569
01/25/2020,HOU,TX,ASW,CE,Towers with Radar,251,43,36,0,330,0,0,40,0,40,251,43,76,0,370,0,0,0,370
01/26/2020,HOU,TX,ASW,CE,Towers with Radar,319,65,75,0,459,0,1,22,1,24,319,66,97,1,483,0,0,0,483
01/27/2020,HOU,TX,ASW,CE,Towers with Radar,334,62,123,0,519,0,0,23,0,23,334,62,146,0,542,0,0,0,542
01/28/2020,HOU,TX,ASW,CE,Towers with Radar,347,47,113,0,507,0,0,11,0,11,347,47,124,0,518,0,0,0,518
01/29/2020,HOU,TX,ASW,CE,Towers with Radar,350,55,116,0,521,0,3,28,4,35,350,58,144,4,556,0,0,0,556
01/30/2020,HOU,TX,ASW,CE,Towers with Radar,344,82,141,4,571,0,0,26,0,26,344,82,167,4,597,0,0,0,597
01/31/2020,HOU,TX,ASW,CE,Towers with Radar,337,65,110,0,512,0,3,35,0,38,337,68,145,0,550,0,0,0,550
02/01/2020,HOU,TX,ASW,CE,Towers with Radar,251,52,48,0,351,0,17,23,0,40,251,69,71,0,391,0,0,0,391
02/02/2020,HOU,TX,ASW,CE,Towers with Radar,318,62,62,0,442,0,1,14,0,15,318,63,76,0,457,0,0,0,457
02/03/2020,HOU,TX,ASW,CE,Towers with Radar,347,77,136,0,560,0,8,36,0,44,347,85,172,0,604,0,0,0,604
02/04/2020,HOU,TX,ASW,CE,Towers with Radar,349,79,149,0,577,0,1,25,2,28,349,80,174,2,605,0,0,0,605
02/05/2020,HOU,TX,ASW,CE,Towers with Radar,333,78,119,2,532,0,0,15,0,15,333,78,134,2,547,0,0,0,547
02/06/2020,HOU,TX,ASW,CE,Towers with Radar,337,100,155,0,592,0,1,43,0,44,337,101,198,0,636,0,0,0,636
02/07/2020,HOU,TX,ASW,CE,Towers with Radar,353,80,163,1,597,0,2,52,2,56,353,82,215,3,653,0,0,0,653
02/08/2020,HOU,TX,ASW,CE,Towers with Radar,255,40,65,0,360,0,7,25,0,32,255,47,90,0,392,0,0,0,392
02/09/2020,HOU,TX,ASW,CE,Towers with Radar,317,72,113,0,502,0,0,6,0,6,317,72,119,0,508,0,0,0,508
02/10/2020,HOU,TX,ASW,CE,Towers with Radar,337,68,93,1,499,0,1,12,6,19,337,69,105,7,518,0,0,0,518
02/11/2020,HOU,TX,ASW,CE,Towers with Radar,339,73,120,0,532,0,0,0,0,0,339,73,120,0,532,0,0,0,532
02/12/2020,HOU,TX,ASW,CE,Towers with Radar,344,76,153,0,573,0,0,14,0,14,344,76,167,0,587,0,0,0,587
02/13/2020,HOU,TX,ASW,CE,Towers with Radar,340,80,155,1,576,0,6,49,2,57,340,86,204,3,633,0,0,0,633
02/14/2020,HOU,TX,ASW,CE,Towers with Radar,341,78,99,0,518,0,2,71,0,73,341,80,170,0,591,0,0,0,591
02/15/2020,HOU,TX,ASW,CE,Towers with Radar,249,43,48,0,340,0,9,19,0,28,249,52,67,0,368,0,0,0,368
02/16/2020,HOU,TX,ASW,CE,Towers with Radar,294,78,73,0,445,0,7,8,2,17,294,85,81,2,462,0,0,0,462
02/17/2020,HOU,TX,ASW,CE,Towers with Radar,350,69,116,0,535,0,2,13,0,15,350,71,129,0,550,0,0,0,550
02/18/2020,HOU,TX,ASW,CE,Towers with Radar,341,79,133,0,553,0,1,34,0,35,341,80,167,0,588,0,0,0,588
02/19/2020,HOU,TX,ASW,CE,Towers with Radar,342,84,143,0,569,0,0,30,0,30,342,84,173,0,599,0,0,0,599
02/20/2020,HOU,TX,ASW,CE,Towers with Radar,347,78,141,4,570,0,0,15,2,17,347,78,156,6,587,0,0,0,587
02/21/2020,HOU,TX,ASW,CE,Towers with Radar,336,51,102,0,489,0,0,47,6,53,336,51,149,6,542,0,0,0,542
02/22/2020,HOU,TX,ASW,CE,Towers with Radar,251,42,48,0,341,0,3,28,0,31,251,45,76,0,372,0,0,0,372
02/23/2020,HOU,TX,ASW,CE,Towers with Radar,325,61,122,0,508,0,2,24,0,26,325,63,146,0,534,0,0,0,534
02/24/2020,HOU,TX,ASW,CE,Towers with Radar,343,99,117,0,559,0,5,27,2,34,343,104,144,2,593,0,0,0,593
02/25/2020,HOU,TX,ASW,CE,Towers with Radar,340,70,113,0,523,0,3,58,3,64,340,73,171,3,587,0,0,0,587
02/26/2020,HOU,TX,ASW,CE,Towers with Radar,346,68,124,0,538,0,2,33,0,35,346,70,157,0,573,0,0,0,573
02/27/2020,HOU,TX,ASW,CE,Towers with Radar,341,60,143,0,544,0,3,59,1,63,341,63,202,1,607,0,0,0,607
02/28/2020,HOU,TX,ASW,CE,Towers with Radar,342,61,110,0,513,0,10,55,1,66,342,71,165,1,579,0,0,0,579
02/29/2020,HOU,TX,ASW,CE,Towers with Radar,249,47,47,0,343,0,4,21,1,26,249,51,68,1,369,0,0,0,369
03/01/2020,HOU,TX,ASW,CE,Towers with Radar,321,60,103,0,484,0,5,12,3,20,321,65,115,3,504,0,0,0,504
03/02/2020,HOU,TX,ASW,CE,Towers with Radar,349,67,121,0,537,0,2,24,0,26,349,69,145,0,563,0,0,0,563
03/03/2020,HOU,TX,ASW,CE,Towers with Radar,345,64,126,2,537,0,3,31,2,36,345,67,157,4,573,0,0,0,573
03/04/2020,HOU,TX,ASW,CE,Towers with Radar,336,56,104,0,496,0,1,12,0,13,336,57,116,0,509,0,0,0,509
03/05/2020,HOU,TX,ASW,CE,Towers with Radar,347,49,144,2,542,0,2,47,0,49,347,51,191,2,591,0,0,0,591
03/06/2020,HOU,TX,ASW,CE,Towers with Radar,351,57,112,0,520,0,2,59,0,61,351,59,171,0,581,0,0,0,581
03/07/2020,HOU,TX,ASW,CE,Towers with Radar,285,53,74,0,412,0,2,39,2,43,285,55,113,2,455,0,0,0,455
03/08/2020,HOU,TX,ASW,CE,Towers with Radar,356,48,106,0,510,0,3,20,0,23,356,51,126,0,533,0,0,0,533
03/09/2020,HOU,TX,ASW,CE,Towers with Radar,347,58,109,0,514,0,5,31,4,40,347,63,140,4,554,0,0,0,554
03/10/2020,HOU,TX,ASW,CE,Towers with Radar,347,80,104,0,531,0,0,28,2,30,347,80,132,2,561,0,0,0,561
03/11/2020,HOU,TX,ASW,CE,Towers with Radar,342,55,124,0,521,0,2,34,6,42,342,57,158,6,563,0,0,0,563
03/12/2020,HOU,TX,ASW,CE,Towers with Radar,349,72,134,0,555,0,0,42,0,42,349,72,176,0,597,0,0,0,597
03/13/2020,HOU,TX,ASW,CE,Towers with Radar,346,76,93,0,515,0,1,18,3,22,346,77,111,3,537,0,0,0,537
03/14/2020,HOU,TX,ASW,CE,Towers with Radar,284,70,92,0,446,0,2,7,0,9,284,72,99,0,455,0,0,0,455
03/15/2020,HOU,TX,ASW,CE,Towers with Radar,361,61,70,0,492,0,3,11,0,14,361,64,81,0,506,0,0,0,506
03/16/2020,HOU,TX,ASW,CE,Towers with Radar,344,43,95,0,482,0,1,39,0,40,344,44,134,0,522,0,0,0,522
03/17/2020,HOU,TX,ASW,CE,Towers with Radar,306,56,74,1,437,0,7,30,1,38,306,63,104,2,475,0,0,0,475
03/18/2020,HOU,TX,ASW,CE,Towers with Radar,303,44,69,0,416,0,0,28,1,29,303,44,97,1,445,0,0,0,445
03/19/2020,HOU,TX,ASW,CE,Towers with Radar,284,38,77,1,400,0,1,49,3,53,284,39,126,4,453,0,0,0,453
03/20/2020,HOU,TX,ASW,CE,Towers with Radar,270,61,71,0,402,0,0,2,0,2,270,61,73,0,404,0,0,0,404
03/21/2020,HOU,TX,ASW,CE,Towers with Radar,237,36,44,0,317,0,4,0,0,4,237,40,44,0,321,0,0,0,321
03/22/2020,HOU,TX,ASW,CE,Towers with Radar,264,23,32,0,319,0,0,2,0,2,264,23,34,0,321,0,0,0,321
03/23/2020,HOU,TX,ASW,CE,Towers with Radar,220,17,42,0,279,0,3,25,0,28,220,20,67,0,307,0,0,0,307
03/24/2020,HOU,TX,ASW,CE,Towers with Radar,253,26,37,0,316,0,0,41,0,41,253,26,78,0,357,0,0,0,357
03/25/2020,HOU,TX,ASW,CE,Towers with Radar,247,28,25,0,300,0,0,33,0,33,247,28,58,0,333,0,0,0,333
03/26/2020,HOU,TX,ASW,CE,Towers with Radar,241,18,28,0,287,0,0,27,1,28,241,18,55,1,315,0,0,0,315
03/27/2020,HOU,TX,ASW,CE,Towers with Radar,177,29,34,0,240,0,1,27,1,29,177,30,61,1,269,0,0,0,269
03/28/2020,HOU,TX,ASW,CE,Towers with Radar,127,14,15,0,156,0,2,17,0,19,127,16,32,0,175,0,0,0,175
03/29/2020,HOU,TX,ASW,CE,Towers with Radar,188,19,19,0,226,0,4,23,4,31,188,23,42,4,257,0,0,0,257
03/30/2020,HOU,TX,ASW,CE,Towers with Radar,168,23,34,0,225,0,0,20,10,30,168,23,54,10,255,0,0,0,255
03/31/2020,HOU,TX,ASW,CE,Towers with Radar,163,10,32,4,209,0,0,51,0,51,163,10,83,4,260,0,0,0,260
04/01/2020,HOU,TX,ASW,CE,Towers with Radar,163,34,17,0,214,0,4,42,0,46,163,38,59,0,260,0,0,0,260
04/02/2020,HOU,TX,ASW,CE,Towers with Radar,166,13,22,0,201,0,0,30,0,30,166,13,52,0,231,0,0,0,231
04/03/2020,HOU,TX,ASW,CE,Towers with Radar,162,19,41,0,222,0,0,39,3,42,162,19,80,3,264,0,0,0,264
04/04/2020,HOU,TX,ASW,CE,Towers with Radar,138,17,10,0,165,0,0,0,0,0,138,17,10,0,165,0,0,0,165
04/05/2020,HOU,TX,ASW,CE,Towers with Radar,160,23,16,0,199,0,0,14,0,14,160,23,30,0,213,0,0,0,213
04/06/2020,HOU,TX,ASW,CE,Towers with Radar,165,11,22,0,198,0,0,26,2,28,165,11,48,2,226,0,0,0,226
04/07/2020,HOU,TX,ASW,CE,Towers with Radar,166,8,26,0,200,0,2,35,7,44,166,10,61,7,244,0,0,0,244
04/08/2020,HOU,TX,ASW,CE,Towers with Radar,169,20,22,4,215,0,0,22,0,22,169,20,44,4,237,0,0,0,237
04/09/2020,HOU,TX,ASW,CE,Towers with Radar,164,12,13,0,189,0,1,21,0,22,164,13,34,0,211,0,0,0,211
04/10/2020,HOU,TX,ASW,CE,Towers with Radar,169,25,30,0,224,0,3,19,1,23,169,28,49,1,247,0,0,0,247
04/11/2020,HOU,TX,ASW,CE,Towers with Radar,92,14,11,0,117,0,0,18,1,19,92,14,29,1,136,0,0,0,136
04/12/2020,HOU,TX,ASW,CE,Towers with Radar,147,19,5,1,172,0,0,7,0,7,147,19,12,1,179,0,0,0,179
04/13/2020,HOU,TX,ASW,CE,Towers with Radar,159,25,32,2,218,0,0,38,0,38,159,25,70,2,256,0,0,0,256
04/14/2020,HOU,TX,ASW,CE,Towers with Radar,138,16,27,0,181,0,6,58,0,64,138,22,85,0,245,0,0,0,245
04/15/2020,HOU,TX,ASW,CE,Towers with Radar,131,17,15,0,163,0,2,49,0,51,131,19,64,0,214,0,0,0,214
04/16/2020,HOU,TX,ASW,CE,Towers with Radar,130,17,24,0,171,0,6,32,2,40,130,23,56,2,211,0,0,0,211
04/17/2020,HOU,TX,ASW,CE,Towers with Radar,139,15,37,2,193,0,0,20,1,21,139,15,57,3,214,0,0,0,214
04/18/2020,HOU,TX,ASW,CE,Towers with Radar,106,13,7,4,130,0,0,5,2,7,106,13,12,6,137,0,0,0,137
04/19/2020,HOU,TX,ASW,CE,Towers with Radar,106,17,21,0,144,0,1,7,0,8,106,18,28,0,152,0,0,0,152
04/20/2020,HOU,TX,ASW,CE,Towers with Radar,107,20,24,1,152,0,2,23,1,26,107,22,47,2,178,0,0,0,178
04/21/2020,HOU,TX,ASW,CE,Towers with Radar,108,16,26,1,151,0,2,51,0,53,108,18,77,1,204,0,0,0,204
04/22/2020,HOU,TX,ASW,CE,Towers with Radar,104,18,31,0,153,0,0,19,1,20,104,18,50,1,173,0,0,0,173
04/23/2020,HOU,TX,ASW,CE,Towers with Radar,113,29,41,0,183,0,1,48,0,49,113,30,89,0,232,0,0,0,232
04/24/2020,HOU,TX,ASW,CE,Towers with Radar,112,21,31,1,165,0,6,49,0,55,112,27,80,1,220,0,0,0,220
04/25/2020,HOU,TX,ASW,CE,Towers with Radar,100,18,26,0,144,0,1,22,0,23,100,19,48,0,167,0,0,0,167
04/26/2020,HOU,TX,ASW,CE,Towers with Radar,109,12,24,0,145,0,2,26,0,28,109,14,50,0,173,0,0,0,173
04/27/2020,HOU,TX,ASW,CE,Towers with Radar,105,31,44,0,180,0,9,46,2,57,105,40,90,2,237,0,0,0,237
04/28/2020,HOU,TX,ASW,CE,Towers with Radar,115,26,42,2,185,0,0,20,2,22,115,26,62,4,207,0,0,0,207
04/29/2020,HOU,TX,ASW,CE,Towers with Radar,92,20,44,0,156,0,3,28,0,31,92,23,72,0,187,0,0,0,187
04/30/2020,HOU,TX,ASW,CE,Towers with Radar,106,17,43,0,166,0,3,57,2,62,106,20,100,2,228,0,0,0,228
05/01/2020,HOU,TX,ASW,CE,Towers with Radar,99,33,47,0,179,0,1,61,7,69,99,34,108,7,248,0,0,0,248
05/02/2020,HOU,TX,ASW,CE,Towers with Radar,104,26,23,0,153,0,4,21,0,25,104,30,44,0,178,0,0,0,178
05/03/2020,HOU,TX,ASW,CE,Towers with Radar,104,19,35,0,158,0,2,18,2,22,104,21,53,2,180,0,0,0,180
05/04/2020,HOU,TX,ASW,CE,Towers with Radar,109,33,55,2,199,0,4,28,2,34,109,37,83,4,233,0,0,0,233
05/05/2020,HOU,TX,ASW,CE,Towers with Radar,108,32,48,0,188,0,0,13,2,15,108,32,61,2,203,0,0,0,203
05/06/2020,HOU,TX,ASW,CE,Towers with Radar,114,26,37,1,178,0,2,25,0,27,114,28,62,1,205,0,0,0,205
05/07/2020,HOU,TX,ASW,CE,Towers with Radar,107,31,60,0,198,0,6,13,2,21,107,37,73,2,219,0,0,0,219
05/08/2020,HOU,TX,ASW,CE,Towers with Radar,113,25,38,0,176,0,1,15,0,16,113,26,53,0,192,0,0,0,192
05/09/2020,HOU,TX,ASW,CE,Towers with Radar,106,21,26,0,153,0,8,23,0,31,106,29,49,0,184,0,0,0,184
05/10/2020,HOU,TX,ASW,CE,Towers with Radar,106,23,32,0,161,0,0,22,0,22,106,23,54,0,183,0,0,0,183
05/11/2020,HOU,TX,ASW,CE,Towers with Radar,106,26,46,0,178,0,5,29,3,37,106,31,75,3,215,0,0,0,215
05/12/2020,HOU,TX,ASW,CE,Towers with Radar,110,24,45,0,179,0,7,12,4,23,110,31,57,4,202,0,0,0,202
05/13/2020,HOU,TX,ASW,CE,Towers with Radar,106,42,52,0,200,0,4,20,0,24,106,46,72,0,224,0,0,0,224
05/14/2020,HOU,TX,ASW,CE,Towers with Radar,106,24,51,0,181,0,4,26,0,30,106,28,77,0,211,0,0,0,211
05/15/2020,HOU,TX,ASW,CE,Towers with Radar,110,42,48,0,200,0,0,2,0,2,110,42,50,0,202,0,0,0,202
05/16/2020,HOU,TX,ASW,CE,Towers with Radar,108,30,22,1,161,0,1,5,2,8,108,31,27,3,169,0,0,0,169
05/17/2020,HOU,TX,ASW,CE,Towers with Radar,106,44,29,0,179,0,0,8,0,8,106,44,37,0,187,0,0,0,187
05/18/2020,HOU,TX,ASW,CE,Towers with Radar,109,33,45,3,190,0,2,14,4,20,109,35,59,7,210,0,0,0,210
05/19/2020,HOU,TX,ASW,CE,Towers with Radar,106,35,74,0,215,0,5,27,1,33,106,40,101,1,248,0,0,0,248
05/20/2020,HOU,TX,ASW,CE,Towers with Radar,107,38,74,0,219,0,4,25,1,30,107,42,99,1,249,0,0,0,249
05/21/2020,HOU,TX,ASW,CE,Towers with Radar,106,51,80,2,239,0,2,13,7,22,106,53,93,9,261,0,0,0,261
05/22/2020,HOU,TX,ASW,CE,Towers with Radar,108,63,68,0,239,0,2,12,0,14,108,65,80,0,253,0,0,0,253
05/23/2020,HOU,TX,ASW,CE,Towers with Radar,108,21,39,1,169,0,6,3,0,9,108,27,42,1,178,0,0,0,178
05/24/2020,HOU,TX,ASW,CE,Towers with Radar,109,36,34,0,179,0,0,5,2,7,109,36,39,2,186,0,0,0,186
05/25/2020,HOU,TX,ASW,CE,Towers with Radar,113,29,46,0,188,0,1,21,0,22,113,30,67,0,210,0,0,0,210
05/26/2020,HOU,TX,ASW,CE,Towers with Radar,108,45,47,0,200,0,1,22,0,23,108,46,69,0,223,0,0,0,223
05/27/2020,HOU,TX,ASW,CE,Towers with Radar,108,50,69,0,227,0,0,28,2,30,108,50,97,2,257,0,0,0,257
05/28/2020,HOU,TX,ASW,CE,Towers with Radar,107,34,74,0,215,0,0,17,4,21,107,34,91,4,236,0,0,0,236
05/29/2020,HOU,TX,ASW,CE,Towers with Radar,106,52,80,0,238,0,2,50,0,52,106,54,130,0,290,0,0,0,290
05/30/2020,HOU,TX,ASW,CE,Towers with Radar,106,44,39,0,189,0,5,80,0,85,106,49,119,0,274,0,0,0,274
05/31/2020,HOU,TX,ASW,CE,Towers with Radar,123,48,51,0,222,0,5,20,0,25,123,53,71,0,247,0,0,0,247
06/01/2020,HOU,TX,ASW,CE,Towers with Radar,110,34,65,2,211,0,1,25,0,26,110,35,90,2,237,0,0,0,237
06/02/2020,HOU,TX,ASW,CE,Towers with Radar,109,50,69,0,228,0,0,51,0,51,109,50,120,0,279,0,0,0,279
06/03/2020,HOU,TX,ASW,CE,Towers with Radar,114,43,71,0,228,0,4,34,5,43,114,47,105,5,271,0,0,0,271
06/04/2020,HOU,TX,ASW,CE,Towers with Radar,116,40,63,0,219,0,6,22,3,31,116,46,85,3,250,0,0,0,250
06/05/2020,HOU,TX,ASW,CE,Towers with Radar,120,64,66,0,250,0,6,54,5,65,120,70,120,5,315,0,0,0,315
06/06/2020,HOU,TX,ASW,CE,Towers with Radar,115,41,58,0,214,0,1,38,0,39,115,42,96,0,253,0,0,0,253
06/07/2020,HOU,TX,ASW,CE,Towers with Radar,150,24,46,0,220,0,0,31,0,31,150,24,77,0,251,0,0,0,251
06/08/2020,HOU,TX,ASW,CE,Towers with Radar,149,43,62,0,254,0,4,25,5,34,149,47,87,5,288,0,0,0,288
06/09/2020,HOU,TX,ASW,CE,Towers with Radar,140,44,73,0,257,0,4,41,2,47,140,48,114,2,304,0,0,0,304
06/10/2020,HOU,TX,ASW,CE,Towers with Radar,144,54,87,2,287,0,5,25,15,45,144,59,112,17,332,0,0,0,332
06/11/2020,HOU,TX,ASW,CE,Towers with Radar,163,56,98,0,317,0,8,37,0,45,163,64,135,0,362,0,0,0,362
06/12/2020,HOU,TX,ASW,CE,Towers with Radar,159,53,72,1,285,0,1,46,3,50,159,54,118,4,335,0,0,0,335
06/13/2020,HOU,TX,ASW,CE,Towers with Radar,156,50,50,0,256,0,3,40,0,43,156,53,90,0,299,0,0,0,299
06/14/2020,HOU,TX,ASW,CE,Towers with Radar,192,55,88,1,336,0,4,31,0,35,192,59,119,1,371,0,0,0,371
06/15/2020,HOU,TX,ASW,CE,Towers with Radar,176,45,76,0,297,0,2,31,2,35,176,47,107,2,332,0,0,0,332
06/16/2020,HOU,TX,ASW,CE,Towers with Radar,158,42,83,1,284,0,10,43,2,55,158,52,126,3,339,0,0,0,339
06/17/2020,HOU,TX,ASW,CE,Towers with Radar,163,66,90,0,319,0,7,43,2,52,163,73,133,2,371,0,0,0,371
06/18/2020,HOU,TX,ASW,CE,Towers with Radar,174,68,99,1,342,0,2,40,3,45,174,70,139,4,387,0,0,0,387
06/19/2020,HOU,TX,ASW,CE,Towers with Radar,177,47,75,0,299,0,4,40,2,46,177,51,115,2,345,0,0,0,345
06/20/2020,HOU,TX,ASW,CE,Towers with Radar,171,37,78,0,286,0,2,8,0,10,171,39,86,0,296,0,0,0,296
06/21/2020,HOU,TX,ASW,CE,Towers with Radar,199,47,62,0,308,0,2,11,0,13,199,49,73,0,321,0,0,0,321
06/22/2020,HOU,TX,ASW,CE,Towers with Radar,204,45,61,0,310,0,0,18,0,18,204,45,79,0,328,0,0,0,328
06/23/2020,HOU,TX,ASW,CE,Towers with Radar,194,45,69,0,308,0,9,32,4,45,194,54,101,4,353,0,0,0,353
06/24/2020,HOU,TX,ASW,CE,Towers with Radar,193,54,96,0,343,0,0,11,2,13,193,54,107,2,356,0,0,0,356
06/25/2020,HOU,TX,ASW,CE,Towers with Radar,210,59,67,0,336,0,2,14,0,16,210,61,81,0,352,0,0,0,352
06/26/2020,HOU,TX,ASW,CE,Towers with Radar,200,68,75,0,343,0,2,19,4,25,200,70,94,4,368,0,0,0,368
06/27/2020,HOU,TX,ASW,CE,Towers with Radar,196,47,47,0,290,0,7,8,0,15,196,54,55,0,305,0,0,0,305
06/28/2020,HOU,TX,ASW,CE,Towers with Radar,206,40,80,0,326,0,1,18,3,22,206,41,98,3,348,0,0,0,348
06/29/2020,HOU,TX,ASW,CE,Towers with Radar,224,43,62,2,331,0,1,32,2,35,224,44,94,4,366,0,0,0,366
06/30/2020,HOU,TX,ASW,CE,Towers with Radar,209,72,75,4,360,0,0,30,4,34,209,72,105,8,394,0,0,0,394
07/01/2020,HOU,TX,ASW,CE,Towers with Radar,217,70,91,0,378,0,0,32,0,32,217,70,123,0,410,0,0,0,410
07/02/2020,HOU,TX,ASW,CE,Towers with Radar,231,61,80,0,372,0,2,33,0,35,231,63,113,0,407,0,0,0,407
07/03/2020,HOU,TX,ASW,CE,Towers with Radar,227,35,54,1,317,0,4,27,0,31,227,39,81,1,348,0,0,0,348
07/04/2020,HOU,TX,ASW,CE,Towers with Radar,158,28,26,0,212,0,2,21,1,24,158,30,47,1,236,0,0,0,236
07/05/2020,HOU,TX,ASW,CE,Towers with Radar,240,47,67,0,354,0,0,15,0,15,240,47,82,0,369,0,0,0,369
07/06/2020,HOU,TX,ASW,CE,Towers with Radar,236,33,74,0,343,0,0,26,0,26,236,33,100,0,369,0,0,0,369
07/07/2020,HOU,TX,ASW,CE,Towers with Radar,224,46,67,0,337,0,0,27,0,27,224,46,94,0,364,0,0,0,364
07/08/2020,HOU,TX,ASW,CE,Towers with Radar,223,64,67,0,354,0,0,56,5,61,223,64,123,5,415,0,0,0,415
07/09/2020,HOU,TX,ASW,CE,Towers with Radar,241,50,52,0,343,0,2,23,2,27,241,52,75,2,370,0,0,0,370
07/10/2020,HOU,TX,ASW,CE,Towers with Radar,242,49,64,0,355,0,4,33,0,37,242,53,97,0,392,0,0,0,392
07/11/2020,HOU,TX,ASW,CE,Towers with Radar,224,46,75,0,345,0,2,34,0,36,224,48,109,0,381,0,0,0,381
07/12/2020,HOU,TX,ASW,CE,Towers with Radar,235,53,47,0,335,0,3,19,0,22,235,56,66,0,357,0,0,0,357
07/13/2020,HOU,TX,ASW,CE,Towers with Radar,239,40,68,4,351,0,0,34,1,35,239,40,102,5,386,0,0,0,386
07/14/2020,HOU,TX,ASW,CE,Towers with Radar,222,42,46,0,310,0,0,37,0,37,222,42,83,0,347,0,0,0,347
07/15/2020,HOU,TX,ASW,CE,Towers with Radar,222,70,64,1,357,0,0,26,3,29,222,70,90,4,386,0,0,0,386
07/16/2020,HOU,TX,ASW,CE,Towers with Radar,233,39,94,0,366,0,7,28,0,35,233,46,122,0,401,0,0,0,401
07/17/2020,HOU,TX,ASW,CE,Towers with Radar,237,50,71,0,358,0,2,23,0,25,237,52,94,0,383,0,0,0,383
07/18/2020,HOU,TX,ASW,CE,Towers with Radar,221,45,43,0,309,0,5,12,1,18,221,50,55,1,327,0,0,0,327
07/19/2020,HOU,TX,ASW,CE,Towers with Radar,242,60,85,0,387,0,0,24,0,24,242,60,109,0,411,0,0,0,411
07/20/2020,HOU,TX,ASW,CE,Towers with Radar,239,30,57,0,326,0,8,21,3,32,239,38,78,3,358,0,0,0,358
07/21/2020,HOU,TX,ASW,CE,Towers with Radar,224,54,75,0,353,0,3,2,0,5,224,57,77,0,358,0,0,0,358
07/22/2020,HOU,TX,ASW,CE,Towers with Radar,224,41,77,0,342,0,1,23,3,27,224,42,100,3,369,0,0,0,369
07/23/2020,HOU,TX,ASW,CE,Towers with Radar,243,42,95,0,380,0,5,34,0,39,243,47,129,0,419,0,0,0,419
07/24/2020,HOU,TX,ASW,CE,Towers with Radar,244,48,64,0,356,0,2,18,0,20,244,50,82,0,376,0,0,0,376
07/25/2020,HOU,TX,ASW,CE,Towers with Radar,231,35,30,0,296,0,1,7,0,8,231,36,37,0,304,0,0,0,304
07/26/2020,HOU,TX,ASW,CE,Towers with Radar,231,36,86,0,353,0,2,10,0,12,231,38,96,0,365,0,0,0,365
07/27/2020,HOU,TX,ASW,CE,Towers with Radar,241,46,65,0,352,0,0,31,0,31,241,46,96,0,383,0,0,0,383
07/28/2020,HOU,TX,ASW,CE,Towers with Radar,224,40,73,0,337,0,2,22,0,24,224,42,95,0,361,0,0,0,361
07/29/2020,HOU,TX,ASW,CE,Towers with Radar,223,39,102,0,364,0,5,29,1,35,223,44,131,1,399,0,0,0,399
07/30/2020,HOU,TX,ASW,CE,Towers with Radar,238,45,90,0,373,0,5,29,1,35,238,50,119,1,408,0,0,0,408
07/31/2020,HOU,TX,ASW,CE,Towers with Radar,243,59,87,0,389,0,0,33,0,33,243,59,120,0,422,0,0,0,422
08/01/2020,HOU,TX,ASW,CE,Towers with Radar,223,42,71,0,336,0,4,19,2,25,223,46,90,2,361,0,0,0,361
08/02/2020,HOU,TX,ASW,CE,Towers with Radar,231,59,69,1,360,0,0,27,0,27,231,59,96,1,387,0,0,0,387
08/03/2020,HOU,TX,ASW,CE,Towers with Radar,238,31,55,2,326,0,3,22,0,25,238,34,77,2,351,0,0,0,351
08/04/2020,HOU,TX,ASW,CE,Towers with Radar,217,50,70,0,337,0,10,35,0,45,217,60,105,0,382,0,0,0,382
08/05/2020,HOU,TX,ASW,CE,Towers with Radar,222,45,68,0,335,0,0,50,0,50,222,45,118,0,385,0,0,0,385
08/06/2020,HOU,TX,ASW,CE,Towers with Radar,240,35,81,4,360,0,0,22,5,27,240,35,103,9,387,0,0,0,387
08/07/2020,HOU,TX,ASW,CE,Towers with Radar,243,58,71,0,372,0,6,42,2,50,243,64,113,2,422,0,0,0,422
08/08/2020,HOU,TX,ASW,CE,Towers with Radar,223,43,29,0,295,0,3,14,0,17,223,46,43,0,312,0,0,0,312
08/09/2020,HOU,TX,ASW,CE,Towers with Radar,235,53,54,0,342,0,2,25,1,28,235,55,79,1,370,0,0,0,370
08/10/2020,HOU,TX,ASW,CE,Towers with Radar,238,39,70,0,347,0,0,32,0,32,238,39,102,0,379,0,0,0,379
08/11/2020,HOU,TX,ASW,CE,Towers with Radar,259,41,67,0,367,0,2,20,1,23,259,43,87,1,390,0,0,0,390
08/12/2020,HOU,TX,ASW,CE,Towers with Radar,264,51,72,0,387,0,0,40,0,40,264,51,112,0,427,0,0,0,427
08/13/2020,HOU,TX,ASW,CE,Towers with Radar,280,38,76,0,394,0,0,30,2,32,280,38,106,2,426,0,0,0,426
08/14/2020,HOU,TX,ASW,CE,Towers with Radar,279,59,113,1,452,0,6,41,0,47,279,65,154,1,499,0,0,0,499
08/15/2020,HOU,TX,ASW,CE,Towers with Radar,263,46,49,0,358,0,2,17,0,19,263,48,66,0,377,0,0,0,377
08/16/2020,HOU,TX,ASW,CE,Towers with Radar,273,62,74,1,410,0,3,22,0,25,273,65,96,1,435,0,0,0,435
08/17/2020,HOU,TX,ASW,CE,Towers with Radar,279,51,80,0,410,0,6,30,1,37,279,57,110,1,447,0,0,0,447
08/18/2020,HOU,TX,ASW,CE,Towers with Radar,263,53,81,0,397,0,7,37,0,44,263,60,118,0,441,0,0,0,441
08/19/2020,HOU,TX,ASW,CE,Towers with Radar,258,41,61,0,360,0,7,50,2,59,258,48,111,2,419,0,0,0,419
08/20/2020,HOU,TX,ASW,CE,Towers with Radar,275,57,88,0,420,0,2,32,0,34,275,59,120,0,454,0,0,0,454
08/21/2020,HOU,TX,ASW,CE,Towers with Radar,277,53,72,0,402,0,3,22,1,26,277,56,94,1,428,0,0,0,428
08/22/2020,HOU,TX,ASW,CE,Towers with Radar,255,37,59,0,351,0,0,18,0,18,255,37,77,0,369,0,0,0,369
08/23/2020,HOU,TX,ASW,CE,Towers with Radar,266,57,65,0,388,0,4,23,1,28,266,61,88,1,416,0,0,0,416
08/24/2020,HOU,TX,ASW,CE,Towers with Radar,267,54,57,0,378,0,2,22,10,34,267,56,79,10,412,0,0,0,412
08/25/2020,HOU,TX,ASW,CE,Towers with Radar,265,58,78,0,401,0,9,48,5,62,265,67,126,5,463,0,0,0,463
08/26/2020,HOU,TX,ASW,CE,Towers with Radar,129,43,70,0,242,0,7,42,0,49,129,50,112,0,291,0,0,0,291
08/27/2020,HOU,TX,ASW,CE,Towers with Radar,178,31,53,0,262,0,0,56,2,58,178,31,109,2,320,0,0,0,320
08/28/2020,HOU,TX,ASW,CE,Towers with Radar,278,59,77,0,414,0,3,39,1,43,278,62,116,1,457,0,0,0,457
08/29/2020,HOU,TX,ASW,CE,Towers with Radar,265,49,56,2,372,0,6,41,3,50,265,55,97,5,422,0,0,0,422
08/30/2020,HOU,TX,ASW,CE,Towers with Radar,269,43,77,0,389,1,0,25,0,26,270,43,102,0,415,0,0,0,415
08/31/2020,HOU,TX,ASW,CE,Towers with Radar,275,38,98,1,412,0,2,42,7,51,275,40,140,8,463,0,0,0,463
09/01/2020,HOU,TX,ASW,CE,Towers with Radar,264,54,70,0,388,0,1,52,4,57,264,55,122,4,445,0,0,0,445
09/02/2020,HOU,TX,ASW,CE,Towers with Radar,260,62,81,2,405,0,3,38,4,45,260,65,119,6,450,0,0,0,450
09/03/2020,HOU,TX,ASW,CE,Towers with Radar,280,68,100,0,448,0,2,45,0,47,280,70,145,0,495,0,0,0,495
09/04/2020,HOU,TX,ASW,CE,Towers with Radar,278,61,104,0,443,0,2,31,3,36,278,63,135,3,479,0,0,0,479
09/05/2020,HOU,TX,ASW,CE,Towers with Radar,265,34,41,0,340,0,0,17,2,19,265,34,58,2,359,0,0,0,359
09/06/2020,HOU,TX,ASW,CE,Towers with Radar,213,47,52,1,313,0,0,27,0,27,213,47,79,1,340,0,0,0,340
09/07/2020,HOU,TX,ASW,CE,Towers with Radar,216,75,95,0,386,0,4,31,2,37,216,79,126,2,423,0,0,0,423
09/08/2020,HOU,TX,ASW,CE,Towers with Radar,207,45,71,0,323,0,2,21,0,23,207,47,92,0,346,0,0,0,346
09/09/2020,HOU,TX,ASW,CE,Towers with Radar,201,65,83,1,350,0,4,27,1,32,201,69,110,2,382,0,0,0,382
09/10/2020,HOU,TX,ASW,CE,Towers with Radar,208,52,76,1,337,0,5,32,2,39,208,57,108,3,376,0,0,0,376
09/11/2020,HOU,TX,ASW,CE,Towers with Radar,201,67,85,0,353,0,4,32,0,36,201,71,117,0,389,0,0,0,389
09/12/2020,HOU,TX,ASW,CE,Towers with Radar,205,53,61,0,319,0,6,22,2,30,205,59,83,2,349,0,0,0,349
09/13/2020,HOU,TX,ASW,CE,Towers with Radar,211,58,53,0,322,0,8,20,1,29,211,66,73,1,351,0,0,0,351
09/14/2020,HOU,TX,ASW,CE,Towers with Radar,199,59,64,0,322,0,3,27,0,30,199,62,91,0,352,0,0,0,352
09/15/2020,HOU,TX,ASW,CE,Towers with Radar,185,52,76,2,315,0,13,33,2,48,185,65,109,4,363,0,0,0,363
09/16/2020,HOU,TX,ASW,CE,Towers with Radar,191,56,73,0,320,0,0,50,5,55,191,56,123,5,375,0,0,0,375
09/17/2020,HOU,TX,ASW,CE,Towers with Radar,207,74,87,0,368,0,2,29,0,31,207,76,116,0,399,0,0,0,399
09/18/2020,HOU,TX,ASW,CE,Towers with Radar,200,68,95,0,363,0,4,46,1,51,200,72,141,1,414,0,0,0,414
09/19/2020,HOU,TX,ASW,CE,Towers with Radar,201,33,57,0,291,0,3,25,2,30,201,36,82,2,321,0,0,0,321
09/20/2020,HOU,TX,ASW,CE,Towers with Radar,205,74,72,0,351,0,0,9,0,9,205,74,81,0,360,0,0,0,360
09/21/2020,HOU,TX,ASW,CE,Towers with Radar,203,35,47,0,285,0,0,3,0,3,203,35,50,0,288,0,0,0,288
09/22/2020,HOU,TX,ASW,CE,Towers with Radar,188,29,29,0,246,0,0,0,0,0,188,29,29,0,246,0,0,0,246
09/23/2020,HOU,TX,ASW,CE,Towers with Radar,201,65,63,0,329,0,1,26,1,28,201,66,89,1,357,0,0,0,357
09/24/2020,HOU,TX,ASW,CE,Towers with Radar,206,76,90,0,372,1,2,35,4,42,207,78,125,4,414,0,0,0,414
09/25/2020,HOU,TX,ASW,CE,Towers with Radar,207,63,96,0,366,0,3,50,1,54,207,66,146,1,420,0,0,0,420
09/26/2020,HOU,TX,ASW,CE,Towers with Radar,203,45,52,0,300,0,2,36,5,43,203,47,88,5,343,0,0,0,343
09/27/2020,HOU,TX,ASW,CE,Towers with Radar,207,68,77,0,352,0,0,25,0,25,207,68,102,0,377,0,0,0,377
09/28/2020,HOU,TX,ASW,CE,Towers with Radar,203,54,81,0,338,0,1,24,5,30,203,55,105,5,368,0,0,0,368
09/29/2020,HOU,TX,ASW,CE,Towers with Radar,203,55,89,0,347,1,3,47,2,53,204,58,136,2,400,0,0,0,400
09/30/2020,HOU,TX,ASW,CE,Towers with Radar,202,71,91,0,364,0,0,55,6,61,202,71,146,6,425,0,0,0,425
10/01/2020,HOU,TX,ASW,CE,Towers with Radar,206,63,97,0,366,0,5,32,0,37,206,68,129,0,403,0,0,0,403
10/02/2020,HOU,TX,ASW,CE,Towers with Radar,209,68,81,0,358,0,4,25,4,33,209,72,106,4,391,0,0,0,391
10/03/2020,HOU,TX,ASW,CE,Towers with Radar,202,57,41,1,301,0,5,25,2,32,202,62,66,3,333,0,0,0,333
10/04/2020,HOU,TX,ASW,CE,Towers with Radar,211,66,78,0,355,0,2,37,0,39,211,68,115,0,394,0,0,0,394
10/05/2020,HOU,TX,ASW,CE,Towers with Radar,205,59,78,1,343,0,2,44,4,50,205,61,122,5,393,0,0,0,393
10/06/2020,HOU,TX,ASW,CE,Towers with Radar,199,51,69,0,319,0,0,28,1,29,199,51,97,1,348,0,0,0,348
10/07/2020,HOU,TX,ASW,CE,Towers with Radar,198,68,90,0,356,0,10,41,0,51,198,78,131,0,407,0,0,0,407
10/08/2020,HOU,TX,ASW,CE,Towers with Radar,212,78,108,1,399,0,4,50,3,57,212,82,158,4,456,0,0,0,456
10/09/2020,HOU,TX,ASW,CE,Towers with Radar,217,58,79,0,354,0,0,7,2,9,217,58,86,2,363,0,0,0,363
10/10/2020,HOU,TX,ASW,CE,Towers with Radar,204,64,54,0,322,0,14,44,4,62,204,78,98,4,384,0,0,0,384
10/11/2020,HOU,TX,ASW,CE,Towers with Radar,227,49,95,0,371,0,6,28,0,34,227,55,123,0,405,0,0,0,405
10/12/2020,HOU,TX,ASW,CE,Towers with Radar,213,63,95,0,371,0,2,40,4,46,213,65,135,4,417,0,0,0,417
10/13/2020,HOU,TX,ASW,CE,Towers with Radar,191,52,93,0,336,0,2,58,1,61,191,54,151,1,397,0,0,0,397
10/14/2020,HOU,TX,ASW,CE,Towers with Radar,195,62,97,0,354,0,4,28,6,38,195,66,125,6,392,0,0,0,392
10/15/2020,HOU,TX,ASW,CE,Towers with Radar,211,76,105,0,392,0,2,47,1,50,211,78,152,1,442,0,0,0,442
10/16/2020,HOU,TX,ASW,CE,Towers with Radar,211,64,106,0,381,0,1,18,1,20,211,65,124,1,401,0,0,0,401
10/17/2020,HOU,TX,ASW,CE,Towers with Radar,206,42,49,0,297,0,2,19,2,23,206,44,68,2,320,0,0,0,320
10/18/2020,HOU,TX,ASW,CE,Towers with Radar,227,69,94,0,390,0,3,18,2,23,227,72,112,2,413,0,0,0,413
10/19/2020,HOU,TX,ASW,CE,Towers with Radar,213,58,85,0,356,0,2,22,0,24,213,60,107,0,380,0,0,0,380
10/20/2020,HOU,TX,ASW,CE,Towers with Radar,192,69,107,0,368,0,2,51,0,53,192,71,158,0,421,0,0,0,421
10/21/2020,HOU,TX,ASW,CE,Towers with Radar,192,58,116,0,366,0,3,25,2,30,192,61,141,2,396,0,0,0,396
10/22/2020,HOU,TX,ASW,CE,Towers with Radar,213,72,103,0,388,0,2,35,1,38,213,74,138,1,426,0,0,0,426
10/23/2020,HOU,TX,ASW,CE,Towers with Radar,211,76,102,0,389,0,9,43,1,53,211,85,145,1,442,0,0,0,442
10/24/2020,HOU,TX,ASW,CE,Towers with Radar,198,49,65,1,313,0,3,19,1,23,198,52,84,2,336,0,0,0,336
10/25/2020,HOU,TX,ASW,CE,Towers with Radar,204,64,116,0,384,0,0,21,0,21,204,64,137,0,405,0,0,0,405
10/26/2020,HOU,TX,ASW,CE,Towers with Radar,197,55,61,0,313,0,0,60,1,61,197,55,121,1,374,0,0,0,374
10/27/2020,HOU,TX,ASW,CE,Towers with Radar,185,56,86,2,329,0,2,9,2,13,185,58,95,4,342,0,0,0,342
10/28/2020,HOU,TX,ASW,CE,Towers with Radar,184,59,94,0,337,0,0,6,0,6,184,59,100,0,343,0,0,0,343
10/29/2020,HOU,TX,ASW,CE,Towers with Radar,204,74,110,3,391,0,6,36,2,44,204,80,146,5,435,0,0,0,435
10/30/2020,HOU,TX,ASW,CE,Towers with Radar,203,64,95,1,363,0,6,61,2,69,203,70,156,3,432,0,0,0,432
10/31/2020,HOU,TX,ASW,CE,Towers with Radar,192,39,44,0,275,0,4,25,0,29,192,43,69,0,304,0,0,0,304
11/01/2020,HOU,TX,ASW,CE,Towers with Radar,200,57,76,0,333,0,4,31,3,38,200,61,107,3,371,0,0,0,371
11/02/2020,HOU,TX,ASW,CE,Towers with Radar,200,51,83,0,334,0,3,46,0,49,200,54,129,0,383,0,0,0,383
11/03/2020,HOU,TX,ASW,CE,Towers with Radar,187,44,70,0,301,0,14,63,1,78,187,58,133,1,379,0,0,0,379
11/04/2020,HOU,TX,ASW,CE,Towers with Radar,199,79,100,1,379,0,6,52,0,58,199,85,152,1,437,0,0,0,437
11/05/2020,HOU,TX,ASW,CE,Towers with Radar,263,59,79,4,405,0,1,47,3,51,263,60,126,7,456,0,0,0,456
11/06/2020,HOU,TX,ASW,CE,Towers with Radar,256,57,87,0,400,0,0,40,0,40,256,57,127,0,440,0,0,0,440
11/07/2020,HOU,TX,ASW,CE,Towers with Radar,166,45,65,1,277,0,7,31,4,42,166,52,96,5,319,0,0,0,319
11/08/2020,HOU,TX,ASW,CE,Towers with Radar,262,47,79,0,388,0,0,26,0,26,262,47,105,0,414,0,0,0,414
11/09/2020,HOU,TX,ASW,CE,Towers with Radar,257,50,77,0,384,0,0,51,0,51,257,50,128,0,435,0,0,0,435
11/10/2020,HOU,TX,ASW,CE,Towers with Radar,198,59,81,1,339,0,0,44,0,44,198,59,125,1,383,0,0,0,383
11/11/2020,HOU,TX,ASW,CE,Towers with Radar,198,59,80,0,337,0,5,37,0,42,198,64,117,0,379,0,0,0,379
11/12/2020,HOU,TX,ASW,CE,Towers with Radar,255,80,96,2,433,0,3,61,0,64,255,83,157,2,497,0,0,0,497
11/13/2020,HOU,TX,ASW,CE,Towers with Radar,254,66,88,1,409,0,2,59,0,61,254,68,147,1,470,0,0,0,470
11/14/2020,HOU,TX,ASW,CE,Towers with Radar,162,49,48,0,259,0,2,48,4,54,162,51,96,4,313,0,0,0,313
11/15/2020,HOU,TX,ASW,CE,Towers with Radar,270,75,72,2,419,0,9,17,0,26,270,84,89,2,445,0,0,0,445
11/16/2020,HOU,TX,ASW,CE,Towers with Radar,254,53,82,0,389,0,5,48,0,53,254,58,130,0,442,0,0,0,442
11/17/2020,HOU,TX,ASW,CE,Towers with Radar,199,44,110,0,353,0,7,57,5,69,199,51,167,5,422,0,0,0,422
11/18/2020,HOU,TX,ASW,CE,Towers with Radar,199,69,120,0,388,0,2,49,0,51,199,71,169,0,439,0,0,0,439
11/19/2020,HOU,TX,ASW,CE,Towers with Radar,263,90,88,0,441,0,1,47,0,48,263,91,135,0,489,0,0,0,489
11/20/2020,HOU,TX,ASW,CE,Towers with Radar,270,88,114,0,472,0,3,35,0,38,270,91,149,0,510,0,0,0,510
11/21/2020,HOU,TX,ASW,CE,Towers with Radar,232,66,74,0,372,0,2,20,0,22,232,68,94,0,394,0,0,0,394
11/22/2020,HOU,TX,ASW,CE,Towers with Radar,267,91,104,0,462,0,4,30,0,34,267,95,134,0,496,0,0,0,496
11/23/2020,HOU,TX,ASW,CE,Towers with Radar,289,61,90,0,440,0,3,49,0,52,289,64,139,0,492,0,0,0,492
11/24/2020,HOU,TX,ASW,CE,Towers with Radar,287,58,70,0,415,0,0,35,2,37,287,58,105,2,452,0,0,0,452
11/25/2020,HOU,TX,ASW,CE,Towers with Radar,297,67,91,0,455,0,2,32,1,35,297,69,123,1,490,0,0,0,490
11/26/2020,HOU,TX,ASW,CE,Towers with Radar,199,32,18,0,249,0,4,14,1,19,199,36,32,1,268,0,0,0,268
11/27/2020,HOU,TX,ASW,CE,Towers with Radar,278,59,45,0,382,0,0,2,3,5,278,59,47,3,387,0,0,0,387
11/28/2020,HOU,TX,ASW,CE,Towers with Radar,246,61,64,0,371,0,0,0,0,0,246,61,64,0,371,0,0,0,371
11/29/2020,HOU,TX,ASW,CE,Towers with Radar,297,87,122,0,506,0,0,16,0,16,297,87,138,0,522,0,0,0,522
11/30/2020,HOU,TX,ASW,CE,Towers with Radar,282,71,80,0,433,0,6,34,1,41,282,77,114,1,474,0,0,0,474
12/01/2020,HOU,TX,ASW,CE,Towers with Radar,257,87,95,0,439,0,7,30,1,38,257,94,125,1,477,0,0,0,477
12/02/2020,HOU,TX,ASW,CE,Towers with Radar,202,36,89,0,327,0,0,9,4,13,202,36,98,4,340,0,0,0,340
12/03/2020,HOU,TX,ASW,CE,Towers with Radar,207,61,97,2,367,0,0,53,6,59,207,61,150,8,426,0,0,0,426
12/04/2020,HOU,TX,ASW,CE,Towers with Radar,208,67,108,0,383,0,2,33,2,37,208,69,141,2,420,0,0,0,420
12/05/2020,HOU,TX,ASW,CE,Towers with Radar,161,39,53,0,253,0,0,28,3,31,161,39,81,3,284,0,0,0,284
12/06/2020,HOU,TX,ASW,CE,Towers with Radar,208,61,88,0,357,0,1,25,2,28,208,62,113,2,385,0,0,0,385
12/07/2020,HOU,TX,ASW,CE,Towers with Radar,204,58,86,0,348,0,8,36,0,44,204,66,122,0,392,0,0,0,392
12/08/2020,HOU,TX,ASW,CE,Towers with Radar,202,55,91,0,348,0,1,37,5,43,202,56,128,5,391,0,0,0,391
12/09/2020,HOU,TX,ASW,CE,Towers with Radar,199,66,103,5,373,0,11,33,1,45,199,77,136,6,418,0,0,0,418
12/10/2020,HOU,TX,ASW,CE,Towers with Radar,204,61,104,0,369,0,0,51,2,53,204,61,155,2,422,0,0,0,422
12/11/2020,HOU,TX,ASW,CE,Towers with Radar,210,74,82,0,366,0,0,5,3,8,210,74,87,3,374,0,0,0,374
12/12/2020,HOU,TX,ASW,CE,Towers with Radar,163,40,52,0,255,0,0,25,2,27,163,40,77,2,282,0,0,0,282
12/13/2020,HOU,TX,ASW,CE,Towers with Radar,206,39,84,0,329,0,0,0,0,0,206,39,84,0,329,0,0,0,329
12/14/2020,HOU,TX,ASW,CE,Towers with Radar,205,53,100,0,358,0,0,26,3,29,205,53,126,3,387,0,0,0,387
12/15/2020,HOU,TX,ASW,CE,Towers with Radar,196,55,75,0,326,0,0,6,0,6,196,55,81,0,332,0,0,0,332
12/16/2020,HOU,TX,ASW,CE,Towers with Radar,195,76,104,3,378,0,2,44,0,46,195,78,148,3,424,0,0,0,424
12/17/2020,HOU,TX,ASW,CE,Towers with Radar,255,92,90,1,438,0,3,54,5,62,255,95,144,6,500,0,0,0,500
12/18/2020,HOU,TX,ASW,CE,Towers with Radar,260,79,117,2,458,0,2,40,2,44,260,81,157,4,502,0,0,0,502
12/19/2020,HOU,TX,ASW,CE,Towers with Radar,251,56,86,0,393,0,2,9,0,11,251,58,95,0,404,0,0,0,404
12/20/2020,HOU,TX,ASW,CE,Towers with Radar,258,72,86,0,416,0,0,16,2,18,258,72,102,2,434,0,0,0,434
12/21/2020,HOU,TX,ASW,CE,Towers with Radar,257,67,72,1,397,0,4,45,6,55,257,71,117,7,452,0,0,0,452
12/22/2020,HOU,TX,ASW,CE,Towers with Radar,257,57,98,1,413,0,7,63,3,73,257,64,161,4,486,0,0,0,486
12/23/2020,HOU,TX,ASW,CE,Towers with Radar,312,72,82,0,466,0,2,21,1,24,312,74,103,1,490,0,0,0,490
12/24/2020,HOU,TX,ASW,CE,Towers with Radar,209,32,23,0,264,0,0,9,1,10,209,32,32,1,274,0,0,0,274
12/25/2020,HOU,TX,ASW,CE,Towers with Radar,198,35,17,0,250,0,4,13,1,18,198,39,30,1,268,0,0,0,268
12/26/2020,HOU,TX,ASW,CE,Towers with Radar,253,65,104,0,422,0,0,20,0,20,253,65,124,0,442,0,0,0,442
12/27/2020,HOU,TX,ASW,CE,Towers with Radar,308,72,100,0,480,0,2,11,3,16,308,74,111,3,496,0,0,0,496
12/28/2020,HOU,TX,ASW,CE,Towers with Radar,255,67,86,0,408,0,2,23,5,30,255,69,109,5,438,0,0,0,438
12/29/2020,HOU,TX,ASW,CE,Towers with Radar,252,68,55,0,375,0,5,15,1,21,252,73,70,1,396,0,0,0,396
12/30/2020,HOU,TX,ASW,CE,Towers with Radar,264,52,99,0,415,0,0,9,0,9,264,52,108,0,424,0,0,0,424
12/31/2020,HOU,TX,ASW,CE,Towers with Radar,211,49,33,0,293,0,2,0,0,2,211,51,33,0,295,0,0,0,295
01/01/2021,HOU,TX,ASW,CE,Towers with Radar,199,51,30,0,280,0,1,18,0,19,199,52,48,0,299,0,0,0,299
01/02/2021,HOU,TX,ASW,CE,Towers with Radar,256,78,108,1,443,0,5,12,0,17,256,83,120,1,460,0,0,0,460
01/03/2021,HOU,TX,ASW,CE,Towers with Radar,305,86,151,0,542,0,5,16,0,21,305,91,167,0,563,0,0,0,563
01/04/2021,HOU,TX,ASW,CE,Towers with Radar,264,71,112,0,447,0,2,22,1,25,264,73,134,1,472,0,0,0,472
01/05/2021,HOU,TX,ASW,CE,Towers with Radar,257,64,107,0,428,0,2,36,0,38,257,66,143,0,466,0,0,0,466
01/06/2021,HOU,TX,ASW,CE,Towers with Radar,253,63,78,0,394,0,0,20,0,20,253,63,98,0,414,0,0,0,414
01/07/2021,HOU,TX,ASW,CE,Towers with Radar,226,37,94,0,357,0,3,35,2,40,226,40,129,2,397,0,0,0,397
01/08/2021,HOU,TX,ASW,CE,Towers with Radar,230,38,91,0,359,0,7,46,2,55,230,45,137,2,414,0,0,0,414
01/09/2021,HOU,TX,ASW,CE,Towers with Radar,167,54,65,0,286,0,8,16,1,25,167,62,81,1,311,0,0,0,311
01/10/2021,HOU,TX,ASW,CE,Towers with Radar,213,51,70,0,334,0,0,2,0,2,213,51,72,0,336,0,0,0,336
01/11/2021,HOU,TX,ASW,CE,Towers with Radar,227,54,89,0,370,0,2,19,0,21,227,56,108,0,391,0,0,0,391
01/12/2021,HOU,TX,ASW,CE,Towers with Radar,221,55,68,0,344,0,2,46,2,50,221,57,114,2,394,0,0,0,394
01/13/2021,HOU,TX,ASW,CE,Towers with Radar,215,66,106,1,388,0,0,40,0,40,215,66,146,1,428,0,0,0,428
01/14/2021,HOU,TX,ASW,CE,Towers with Radar,223,68,113,0,404,0,0,42,0,42,223,68,155,0,446,0,0,0,446
01/15/2021,HOU,TX,ASW,CE,Towers with Radar,230,71,112,0,413,0,5,39,0,44,230,76,151,0,457,0,0,0,457
01/16/2021,HOU,TX,ASW,CE,Towers with Radar,164,49,71,0,284,0,0,18,0,18,164,49,89,0,302,0,0,0,302
01/17/2021,HOU,TX,ASW,CE,Towers with Radar,224,85,88,0,397,0,2,22,0,24,224,87,110,0,421,0,0,0,421
01/18/2021,HOU,TX,ASW,CE,Towers with Radar,226,62,88,0,376,0,2,36,2,40,226,64,124,2,416,0,0,0,416
01/19/2021,HOU,TX,ASW,CE,Towers with Radar,218,55,78,0,351,0,4,20,3,27,218,59,98,3,378,0,0,0,378
01/20/2021,HOU,TX,ASW,CE,Towers with Radar,217,48,90,0,355,0,0,2,0,2,217,48,92,0,357,0,0,0,357
01/21/2021,HOU,TX,ASW,CE,Towers with Radar,227,51,81,0,359,0,1,1,0,2,227,52,82,0,361,0,0,0,361
01/22/2021,HOU,TX,ASW,CE,Towers with Radar,227,81,85,0,393,0,1,5,0,6,227,82,90,0,399,0,0,0,399
01/23/2021,HOU,TX,ASW,CE,Towers with Radar,166,38,60,0,264,0,1,0,0,1,166,39,60,0,265,0,0,0,265
01/24/2021,HOU,TX,ASW,CE,Towers with Radar,233,69,84,0,386,0,0,7,0,7,233,69,91,0,393,0,0,0,393
01/25/2021,HOU,TX,ASW,CE,Towers with Radar,223,71,85,0,379,0,2,23,1,26,223,73,108,1,405,0,0,0,405
01/26/2021,HOU,TX,ASW,CE,Towers with Radar,214,64,101,0,379,0,4,43,4,51,214,68,144,4,430,0,0,0,430
01/27/2021,HOU,TX,ASW,CE,Towers with Radar,216,73,97,0,386,0,2,19,1,22,216,75,116,1,408,0,0,0,408
01/28/2021,HOU,TX,ASW,CE,Towers with Radar,222,57,100,0,379,0,5,29,4,38,222,62,129,4,417,0,0,0,417
01/29/2021,HOU,TX,ASW,CE,Towers with Radar,232,63,110,0,405,0,3,31,0,34,232,66,141,0,439,0,0,0,439
01/30/2021,HOU,TX,ASW,CE,Towers with Radar,162,52,49,0,263,0,5,22,4,31,162,57,71,4,294,0,0,0,294
01/31/2021,HOU,TX,ASW,CE,Towers with Radar,213,54,94,0,361,0,5,59,0,64,213,59,153,0,425,0,0,0,425
02/01/2021,HOU,TX,ASW,CE,Towers with Radar,223,53,82,0,358,0,6,39,0,45,223,59,121,0,403,0,0,0,403
02/02/2021,HOU,TX,ASW,CE,Towers with Radar,217,66,80,0,363,0,0,37,1,38,217,66,117,1,401,0,0,0,401
02/03/2021,HOU,TX,ASW,CE,Towers with Radar,218,54,91,0,363,0,0,32,2,34,218,54,123,2,397,0,0,0,397
02/04/2021,HOU,TX,ASW,CE,Towers with Radar,220,67,108,0,395,0,4,51,2,57,220,71,159,2,452,0,0,0,452
02/05/2021,HOU,TX,ASW,CE,Towers with Radar,235,80,70,0,385,0,0,24,3,27,235,80,94,3,412,0,0,0,412
02/06/2021,HOU,TX,ASW,CE,Towers with Radar,176,63,57,0,296,0,5,33,1,39,176,68,90,1,335,0,0,0,335
02/07/2021,HOU,TX,ASW,CE,Towers with Radar,228,65,68,0,361,0,3,26,6,35,228,68,94,6,396,0,0,0,396
02/08/2021,HOU,TX,ASW,CE,Towers with Radar,228,90,100,2,420,0,2,20,2,24,228,92,120,4,444,0,0,0,444
02/09/2021,HOU,TX,ASW,CE,Towers with Radar,227,70,84,0,381,0,0,6,0,6,227,70,90,0,387,0,0,0,387
02/10/2021,HOU,TX,ASW,CE,Towers with Radar,227,79,113,0,419,0,0,0,0,0,227,79,113,0,419,0,0,0,419
02/11/2021,HOU,TX,ASW,CE,Towers with Radar,236,74,86,0,396,0,0,0,0,0,236,74,86,0,396,0,0,0,396
02/12/2021,HOU,TX,ASW,CE,Towers with Radar,226,75,91,0,392,0,0,16,0,16,226,75,107,0,408,0,0,0,408
02/13/2021,HOU,TX,ASW,CE,Towers with Radar,167,54,59,0,280,0,3,18,0,21,167,57,77,0,301,0,0,0,301
02/14/2021,HOU,TX,ASW,CE,Towers with Radar,133,48,53,0,234,0,0,2,0,2,133,48,55,0,236,0,0,0,236
02/15/2021,HOU,TX,ASW,CE,Towers with Radar,0,0,0,0,0,0,0,2,0,2,0,0,2,0,2,0,0,0,2
02/16/2021,HOU,TX,ASW,CE,Towers with Radar,53,34,35,0,122,0,3,4,0,7,53,37,39,0,129,0,0,0,129
02/17/2021,HOU,TX,ASW,CE,Towers with Radar,49,53,63,0,165,0,0,0,0,0,49,53,63,0,165,0,0,0,165
02/18/2021,HOU,TX,ASW,CE,Towers with Radar,174,72,70,0,316,0,0,14,0,14,174,72,84,0,330,0,0,0,330
02/19/2021,HOU,TX,ASW,CE,Towers with Radar,221,53,63,0,337,0,5,41,2,48,221,58,104,2,385,0,0,0,385
02/20/2021,HOU,TX,ASW,CE,Towers with Radar,170,66,41,0,277,0,9,54,2,65,170,75,95,2,342,0,0,0,342
02/21/2021,HOU,TX,ASW,CE,Towers with Radar,228,56,60,0,344,0,8,26,1,35,228,64,86,1,379,0,0,0,379
02/22/2021,HOU,TX,ASW,CE,Towers with Radar,227,65,79,2,373,0,11,34,0,45,227,76,113,2,418,0,0,0,418
02/23/2021,HOU,TX,ASW,CE,Towers with Radar,221,75,101,2,399,0,4,27,0,31,221,79,128,2,430,0,0,0,430
02/24/2021,HOU,TX,ASW,CE,Towers with Radar,223,97,112,0,432,0,11,31,5,47,223,108,143,5,479,0,0,0,479
02/25/2021,HOU,TX,ASW,CE,Towers with Radar,231,102,143,2,478,0,2,6,0,8,231,104,149,2,486,0,0,0,486
02/26/2021,HOU,TX,ASW,CE,Towers with Radar,232,74,81,0,387,0,3,7,5,15,232,77,88,5,402,0,0,0,402
02/27/2021,HOU,TX,ASW,CE,Towers with Radar,168,69,68,0,305,0,2,2,0,4,168,71,70,0,309,0,0,0,309
02/28/2021,HOU,TX,ASW,CE,Towers with Radar,228,77,95,0,400,0,1,8,0,9,228,78,103,0,409,0,0,0,409
03/01/2021,HOU,TX,ASW,CE,Towers with Radar,231,70,98,0,399,0,3,2,2,7,231,73,100,2,406,0,0,0,406
03/02/2021,HOU,TX,ASW,CE,Towers with Radar,223,83,91,0,397,0,2,25,4,31,223,85,116,4,428,0,0,0,428
03/03/2021,HOU,TX,ASW,CE,Towers with Radar,219,91,132,0,442,0,6,32,0,38,219,97,164,0,480,0,0,0,480
03/04/2021,HOU,TX,ASW,CE,Towers with Radar,237,93,127,0,457,0,5,32,2,39,237,98,159,2,496,0,0,0,496
03/05/2021,HOU,TX,ASW,CE,Towers with Radar,231,72,107,0,410,0,8,32,1,41,231,80,139,1,451,0,0,0,451
03/06/2021,HOU,TX,ASW,CE,Towers with Radar,170,57,69,0,296,0,4,19,1,24,170,61,88,1,320,0,0,0,320
03/07/2021,HOU,TX,ASW,CE,Towers with Radar,267,87,105,0,459,0,7,27,0,34,267,94,132,0,493,0,0,0,493
03/08/2021,HOU,TX,ASW,CE,Towers with Radar,260,64,89,1,414,0,6,27,1,34,260,70,116,2,448,0,0,0,448
03/09/2021,HOU,TX,ASW,CE,Towers with Radar,225,72,109,1,407,0,3,50,2,55,225,75,159,3,462,0,0,0,462
03/10/2021,HOU,TX,ASW,CE,Towers with Radar,222,70,125,1,418,0,6,15,1,22,222,76,140,2,440,0,0,0,440
03/11/2021,HOU,TX,ASW,CE,Towers with Radar,307,69,121,2,499,0,5,17,0,22,307,74,138,2,521,0,0,0,521
03/12/2021,HOU,TX,ASW,CE,Towers with Radar,313,121,141,1,576,0,4,15,0,19,313,125,156,1,595,0,0,0,595
03/13/2021,HOU,TX,ASW,CE,Towers with Radar,265,90,108,1,464,0,2,15,0,17,265,92,123,1,481,0,0,0,481
03/14/2021,HOU,TX,ASW,CE,Towers with Radar,301,71,85,0,457,0,1,1,0,2,301,72,86,0,459,0,0,0,459
03/15/2021,HOU,TX,ASW,CE,Towers with Radar,286,60,91,0,437,0,0,13,1,14,286,60,104,1,451,0,0,0,451
03/16/2021,HOU,TX,ASW,CE,Towers with Radar,297,73,93,1,464,0,0,10,1,11,297,73,103,2,475,0,0,0,475
03/17/2021,HOU,TX,ASW,CE,Towers with Radar,294,86,96,0,476,0,0,20,1,21,294,86,116,1,497,0,0,0,497
03/18/2021,HOU,TX,ASW,CE,Towers with Radar,316,82,103,0,501,0,3,33,0,36,316,85,136,0,537,0,0,0,537
03/19/2021,HOU,TX,ASW,CE,Towers with Radar,317,91,108,1,517,1,6,44,3,54,318,97,152,4,571,0,0,0,571
03/20/2021,HOU,TX,ASW,CE,Towers with Radar,274,105,93,0,472,0,12,34,2,48,274,117,127,2,520,0,0,0,520
03/21/2021,HOU,TX,ASW,CE,Towers with Radar,324,98,142,0,564,0,2,9,1,12,324,100,151,1,576,0,0,0,576
03/22/2021,HOU,TX,ASW,CE,Towers with Radar,312,83,104,0,499,0,2,26,2,30,312,85,130,2,529,0,0,0,529
03/23/2021,HOU,TX,ASW,CE,Towers with Radar,307,65,98,0,470,0,1,28,0,29,307,66,126,0,499,0,0,0,499
03/24/2021,HOU,TX,ASW,CE,Towers with Radar,300,76,111,0,487,0,2,6,0,8,300,78,117,0,495,0,0,0,495
03/25/2021,HOU,TX,ASW,CE,Towers with Radar,310,86,101,0,497,0,1,37,2,40,310,87,138,2,537,0,0,0,537
03/26/2021,HOU,TX,ASW,CE,Towers with Radar,312,99,99,2,512,0,5,42,0,47,312,104,141,2,559,0,0,0,559
03/27/2021,HOU,TX,ASW,CE,Towers with Radar,264,69,53,0,386,0,1,7,0,8,264,70,60,0,394,0,0,0,394
03/28/2021,HOU,TX,ASW,CE,Towers with Radar,326,79,97,0,502,0,0,17,1,18,326,79,114,1,520,0,0,0,520
03/29/2021,HOU,TX,ASW,CE,Towers with Radar,307,73,86,0,466,0,2,37,0,39,307,75,123,0,505,0,0,0,505
03/30/2021,HOU,TX,ASW,CE,Towers with Radar,303,75,90,0,468,0,0,23,2,25,303,75,113,2,493,0,0,0,493
03/31/2021,HOU,TX,ASW,CE,Towers with Radar,296,95,115,0,506,0,1,33,2,36,296,96,148,2,542,0,0,0,542
04/01/2021,HOU,TX,ASW,CE,Towers with Radar,312,79,119,0,510,0,3,23,4,30,312,82,142,4,540,0,0,0,540
04/02/2021,HOU,TX,ASW,CE,Towers with Radar,311,83,91,0,485,0,6,31,6,43,311,89,122,6,528,0,0,0,528
04/03/2021,HOU,TX,ASW,CE,Towers with Radar,268,56,83,1,408,0,0,23,2,25,268,56,106,3,433,0,0,0,433
04/04/2021,HOU,TX,ASW,CE,Towers with Radar,316,50,73,2,441,0,0,21,2,23,316,50,94,4,464,0,0,0,464
04/05/2021,HOU,TX,ASW,CE,Towers with Radar,311,71,128,1,511,0,0,29,0,29,311,71,157,1,540,0,0,0,540
04/06/2021,HOU,TX,ASW,CE,Towers with Radar,301,102,142,2,547,0,2,28,1,31,301,104,170,3,578,0,0,0,578
04/07/2021,HOU,TX,ASW,CE,Towers with Radar,300,114,141,0,555,0,0,21,2,23,300,114,162,2,578,0,0,0,578
04/08/2021,HOU,TX,ASW,CE,Towers with Radar,317,91,135,0,543,0,3,30,0,33,317,94,165,0,576,0,0,0,576
04/09/2021,HOU,TX,ASW,CE,Towers with Radar,307,87,108,1,503,0,2,15,0,17,307,89,123,1,520,0,0,0,520
04/10/2021,HOU,TX,ASW,CE,Towers with Radar,271,65,82,0,418,0,4,29,2,35,271,69,111,2,453,0,0,0,453
04/11/2021,HOU,TX,ASW,CE,Towers with Radar,307,75,97,1,480,0,4,26,0,30,307,79,123,1,510,0,0,0,510
04/12/2021,HOU,TX,ASW,CE,Towers with Radar,269,73,114,0,456,0,0,25,0,25,269,73,139,0,481,0,0,0,481
04/13/2021,HOU,TX,ASW,CE,Towers with Radar,248,75,119,0,442,0,1,21,1,23,248,76,140,1,465,0,0,0,465
04/14/2021,HOU,TX,ASW,CE,Towers with Radar,243,85,108,0,436,0,0,0,0,0,243,85,108,0,436,0,0,0,436
04/15/2021,HOU,TX,ASW,CE,Towers with Radar,274,89,118,0,481,0,2,14,1,17,274,91,132,1,498,0,0,0,498
04/16/2021,HOU,TX,ASW,CE,Towers with Radar,284,74,72,0,430,0,0,4,0,4,284,74,76,0,434,0,0,0,434
04/17/2021,HOU,TX,ASW,CE,Towers with Radar,251,67,45,0,363,0,0,8,0,8,251,67,53,0,371,0,0,0,371
04/18/2021,HOU,TX,ASW,CE,Towers with Radar,279,72,86,0,437,0,5,29,0,34,279,77,115,0,471,0,0,0,471
04/19/2021,HOU,TX,ASW,CE,Towers with Radar,270,72,101,0,443,0,7,33,0,40,270,79,134,0,483,0,0,0,483
04/20/2021,HOU,TX,ASW,CE,Towers with Radar,251,77,94,0,422,0,0,49,1,50,251,77,143,1,472,0,0,0,472
04/21/2021,HOU,TX,ASW,CE,Towers with Radar,244,77,115,0,436,0,7,33,2,42,244,84,148,2,478,0,0,0,478
04/22/2021,HOU,TX,ASW,CE,Towers with Radar,276,79,143,0,498,0,0,35,1,36,276,79,178,1,534,0,0,0,534
04/23/2021,HOU,TX,ASW,CE,Towers with Radar,271,67,93,0,431,0,1,9,0,10,271,68,102,0,441,0,0,0,441
04/24/2021,HOU,TX,ASW,CE,Towers with Radar,254,59,56,0,369,0,0,19,4,23,254,59,75,4,392,0,0,0,392
04/25/2021,HOU,TX,ASW,CE,Towers with Radar,286,97,128,0,511,0,6,30,3,39,286,103,158,3,550,0,0,0,550
04/26/2021,HOU,TX,ASW,CE,Towers with Radar,279,70,86,1,436,0,2,41,2,45,279,72,127,3,481,0,0,0,481
04/27/2021,HOU,TX,ASW,CE,Towers with Radar,245,72,114,0,431,0,4,25,4,33,245,76,139,4,464,0,0,0,464
04/28/2021,HOU,TX,ASW,CE,Towers with Radar,246,71,93,1,411,0,2,24,7,33,246,73,117,8,444,0,0,0,444
04/29/2021,HOU,TX,ASW,CE,Towers with Radar,279,76,110,0,465,0,5,24,3,32,279,81,134,3,497,0,0,0,497
04/30/2021,HOU,TX,ASW,CE,Towers with Radar,263,80,81,0,424,0,1,16,0,17,263,81,97,0,441,0,0,0,441
05/01/2021,HOU,TX,ASW,CE,Towers with Radar,250,40,37,0,327,0,0,6,1,7,250,40,43,1,334,0,0,0,334
05/02/2021,HOU,TX,ASW,CE,Towers with Radar,275,79,98,0,452,0,4,23,0,27,275,83,121,0,479,0,0,0,479
05/03/2021,HOU,TX,ASW,CE,Towers with Radar,278,81,107,0,466,0,0,32,5,37,278,81,139,5,503,0,0,0,503
05/04/2021,HOU,TX,ASW,CE,Towers with Radar,243,59,113,0,415,0,0,34,0,34,243,59,147,0,449,0,0,0,449
05/05/2021,HOU,TX,ASW,CE,Towers with Radar,249,86,129,0,464,0,6,63,0,69,249,92,192,0,533,0,0,0,533
05/06/2021,HOU,TX,ASW,CE,Towers with Radar,278,72,116,0,466,0,2,48,2,52,278,74,164,2,518,0,0,0,518
05/07/2021,HOU,TX,ASW,CE,Towers with Radar,273,74,102,0,449,0,8,46,3,57,273,82,148,3,506,0,0,0,506
05/08/2021,HOU,TX,ASW,CE,Towers with Radar,259,62,64,0,385,0,2,10,3,15,259,64,74,3,400,0,0,0,400
05/09/2021,HOU,TX,ASW,CE,Towers with Radar,297,69,99,0,465,0,2,21,4,27,297,71,120,4,492,0,0,0,492
05/10/2021,HOU,TX,ASW,CE,Towers with Radar,298,69,93,0,460,0,4,33,3,40,298,73,126,3,500,0,0,0,500
05/11/2021,HOU,TX,ASW,CE,Towers with Radar,281,82,117,0,480,0,0,27,1,28,281,82,144,1,508,0,0,0,508
05/12/2021,HOU,TX,ASW,CE,Towers with Radar,275,100,127,1,503,0,2,13,0,15,275,102,140,1,518,0,0,0,518
05/13/2021,HOU,TX,ASW,CE,Towers with Radar,302,83,140,0,525,0,2,23,1,26,302,85,163,1,551,0,0,0,551
05/14/2021,HOU,TX,ASW,CE,Towers with Radar,299,99,112,0,510,0,3,35,2,40,299,102,147,2,550,0,0,0,550
05/15/2021,HOU,TX,ASW,CE,Towers with Radar,269,62,74,0,405,0,3,25,0,28,269,65,99,0,433,0,0,0,433
05/16/2021,HOU,TX,ASW,CE,Towers with Radar,304,104,113,0,521,0,0,3,0,3,304,104,116,0,524,0,0,0,524
05/17/2021,HOU,TX,ASW,CE,Towers with Radar,289,58,97,0,444,0,3,14,1,18,289,61,111,1,462,0,0,0,462
05/18/2021,HOU,TX,ASW,CE,Towers with Radar,276,59,114,0,449,0,3,23,0,26,276,62,137,0,475,0,0,0,475
05/19/2021,HOU,TX,ASW,CE,Towers with Radar,278,64,88,2,432,0,1,0,1,2,278,65,88,3,434,0,0,0,434
05/20/2021,HOU,TX,ASW,CE,Towers with Radar,296,115,135,2,548,0,1,30,1,32,296,116,165,3,580,0,0,0,580
05/21/2021,HOU,TX,ASW,CE,Towers with Radar,301,106,111,0,518,0,2,20,2,24,301,108,131,2,542,0,0,0,542
05/22/2021,HOU,TX,ASW,CE,Towers with Radar,263,53,52,0,368,0,0,12,4,16,263,53,64,4,384,0,0,0,384
05/23/2021,HOU,TX,ASW,CE,Towers with Radar,307,69,117,0,493,0,1,14,0,15,307,70,131,0,508,0,0,0,508
05/24/2021,HOU,TX,ASW,CE,Towers with Radar,298,58,114,0,470,0,1,1,12,14,298,59,115,12,484,0,0,0,484
05/25/2021,HOU,TX,ASW,CE,Towers with Radar,268,66,116,1,451,0,4,25,0,29,268,70,141,1,480,0,0,0,480
05/26/2021,HOU,TX,ASW,CE,Towers with Radar,264,82,137,0,483,0,0,27,2,29,264,82,164,2,512,0,0,0,512
05/27/2021,HOU,TX,ASW,CE,Towers with Radar,300,106,154,0,560,0,2,39,0,41,300,108,193,0,601,0,0,0,601
05/28/2021,HOU,TX,ASW,CE,Towers with Radar,321,81,134,0,536,0,0,30,3,33,321,81,164,3,569,0,0,0,569
05/29/2021,HOU,TX,ASW,CE,Towers with Radar,271,50,55,0,376,0,2,14,0,16,271,52,69,0,392,0,0,0,392
05/30/2021,HOU,TX,ASW,CE,Towers with Radar,304,55,62,0,421,0,0,21,0,21,304,55,83,0,442,0,0,0,442
05/31/2021,HOU,TX,ASW,CE,Towers with Radar,305,68,112,0,485,0,8,16,3,27,305,76,128,3,512,0,0,0,512
06/01/2021,HOU,TX,ASW,CE,Towers with Radar,292,66,104,0,462,0,2,32,1,35,292,68,136,1,497,0,0,0,497
06/02/2021,HOU,TX,ASW,CE,Towers with Radar,295,72,86,0,453,0,0,30,2,32,295,72,116,2,485,0,0,0,485
06/03/2021,HOU,TX,ASW,CE,Towers with Radar,302,80,102,0,484,0,4,17,0,21,302,84,119,0,505,0,0,0,505
06/04/2021,HOU,TX,ASW,CE,Towers with Radar,317,79,121,0,517,0,0,3,1,4,317,79,124,1,521,0,0,0,521
06/05/2021,HOU,TX,ASW,CE,Towers with Radar,264,62,65,0,391,0,1,12,0,13,264,63,77,0,404,0,0,0,404
06/06/2021,HOU,TX,ASW,CE,Towers with Radar,327,81,87,0,495,0,10,16,1,27,327,91,103,1,522,0,0,0,522
06/07/2021,HOU,TX,ASW,CE,Towers with Radar,323,64,107,0,494,0,5,37,2,44,323,69,144,2,538,0,0,0,538
06/08/2021,HOU,TX,ASW,CE,Towers with Radar,314,80,114,0,508,0,1,38,4,43,314,81,152,4,551,0,0,0,551
06/09/2021,HOU,TX,ASW,CE,Towers with Radar,314,89,109,4,516,0,2,30,3,35,314,91,139,7,551,0,0,0,551
06/10/2021,HOU,TX,ASW,CE,Towers with Radar,325,78,168,0,571,0,2,34,2,38,325,80,202,2,609,0,0,0,609
06/11/2021,HOU,TX,ASW,CE,Towers with Radar,341,76,119,0,536,0,2,35,5,42,341,78,154,5,578,0,0,0,578
06/12/2021,HOU,TX,ASW,CE,Towers with Radar,265,55,59,0,379,0,2,19,4,25,265,57,78,4,404,0,0,0,404
06/13/2021,HOU,TX,ASW,CE,Towers with Radar,331,80,135,0,546,0,2,10,3,15,331,82,145,3,561,0,0,0,561
06/14/2021,HOU,TX,ASW,CE,Towers with Radar,324,69,93,0,486,0,0,35,5,40,324,69,128,5,526,0,0,0,526
06/15/2021,HOU,TX,ASW,CE,Towers with Radar,263,60,114,0,437,0,1,45,3,49,263,61,159,3,486,0,0,0,486
06/16/2021,HOU,TX,ASW,CE,Towers with Radar,307,61,100,0,468,0,0,46,1,47,307,61,146,1,515,0,0,0,515
06/17/2021,HOU,TX,ASW,CE,Towers with Radar,326,98,158,0,582,0,1,56,1,58,326,99,214,1,640,0,0,0,640
06/18/2021,HOU,TX,ASW,CE,Towers with Radar,323,74,104,0,501,0,6,43,0,49,323,80,147,0,550,0,0,0,550
06/19/2021,HOU,TX,ASW,CE,Towers with Radar,274,61,93,0,428,0,8,33,0,41,274,69,126,0,469,0,0,0,469
06/20/2021,HOU,TX,ASW,CE,Towers with Radar,331,77,93,0,501,0,3,19,0,22,331,80,112,0,523,0,0,0,523
06/21/2021,HOU,TX,ASW,CE,Towers with Radar,272,58,131,0,461,0,2,18,1,21,272,60,149,1,482,0,0,0,482
06/22/2021,HOU,TX,ASW,CE,Towers with Radar,312,85,111,0,508,0,7,26,0,33,312,92,137,0,541,0,0,0,541
06/23/2021,HOU,TX,ASW,CE,Towers with Radar,315,106,132,0,553,0,3,36,0,39,315,109,168,0,592,0,0,0,592
06/24/2021,HOU,TX,ASW,CE,Towers with Radar,324,84,123,0,531,0,6,28,3,37,324,90,151,3,568,0,0,0,568
06/25/2021,HOU,TX,ASW,CE,Towers with Radar,348,91,125,0,564,0,3,37,4,44,348,94,162,4,608,0,0,0,608
06/26/2021,HOU,TX,ASW,CE,Towers with Radar,260,66,71,2,399,0,6,17,3,26,260,72,88,5,425,0,0,0,425
06/27/2021,HOU,TX,ASW,CE,Towers with Radar,326,79,97,0,502,0,0,25,1,26,326,79,122,1,528,0,0,0,528
06/28/2021,HOU,TX,ASW,CE,Towers with Radar,297,75,109,0,481,0,0,8,0,8,297,75,117,0,489,0,0,0,489
06/29/2021,HOU,TX,ASW,CE,Towers with Radar,275,73,119,2,469,0,6,22,1,29,275,79,141,3,498,0,0,0,498
06/30/2021,HOU,TX,ASW,CE,Towers with Radar,307,89,126,0,522,0,0,34,2,36,307,89,160,2,558,0,0,0,558
07/01/2021,HOU,TX,ASW,CE,Towers with Radar,337,110,147,0,594,0,0,39,1,40,337,110,186,1,634,0,0,0,634
07/02/2021,HOU,TX,ASW,CE,Towers with Radar,309,77,118,0,504,0,0,37,0,37,309,77,155,0,541,0,0,0,541
07/03/2021,HOU,TX,ASW,CE,Towers with Radar,254,50,61,0,365,0,0,11,2,13,254,50,72,2,378,0,0,0,378
07/04/2021,HOU,TX,ASW,CE,Towers with Radar,323,36,27,0,386,0,1,19,0,20,323,37,46,0,406,0,0,0,406
07/05/2021,HOU,TX,ASW,CE,Towers with Radar,327,68,114,0,509,0,2,10,1,13,327,70,124,1,522,0,0,0,522
07/06/2021,HOU,TX,ASW,CE,Towers with Radar,316,67,83,0,466,0,2,13,4,19,316,69,96,4,485,0,0,0,485
07/07/2021,HOU,TX,ASW,CE,Towers with Radar,289,64,93,0,446,0,1,18,3,22,289,65,111,3,468,0,0,0,468
07/08/2021,HOU,TX,ASW,CE,Towers with Radar,323,61,114,0,498,0,2,9,0,11,323,63,123,0,509,0,0,0,509
07/09/2021,HOU,TX,ASW,CE,Towers with Radar,341,67,96,1,505,0,0,9,1,10,341,67,105,2,515,0,0,0,515
07/10/2021,HOU,TX,ASW,CE,Towers with Radar,261,55,98,0,414,0,0,9,1,10,261,55,107,1,424,0,0,0,424
07/11/2021,HOU,TX,ASW,CE,Towers with Radar,335,73,88,0,496,0,0,23,0,23,335,73,111,0,519,0,0,0,519
07/12/2021,HOU,TX,ASW,CE,Towers with Radar,330,69,86,1,486,0,0,27,2,29,330,69,113,3,515,0,0,0,515
07/13/2021,HOU,TX,ASW,CE,Towers with Radar,320,59,95,0,474,0,0,24,2,26,320,59,119,2,500,0,0,0,500
07/14/2021,HOU,TX,ASW,CE,Towers with Radar,304,70,100,1,475,0,1,17,5,23,304,71,117,6,498,0,0,0,498
07/15/2021,HOU,TX,ASW,CE,Towers with Radar,320,73,108,0,501,0,0,35,1,36,320,73,143,1,537,0,0,0,537
07/16/2021,HOU,TX,ASW,CE,Towers with Radar,340,84,112,1,537,0,4,39,0,43,340,88,151,1,580,0,0,0,580
07/17/2021,HOU,TX,ASW,CE,Towers with Radar,253,89,72,0,414,0,5,29,9,43,253,94,101,9,457,0,0,0,457
07/18/2021,HOU,TX,ASW,CE,Towers with Radar,336,90,92,0,518,0,3,22,1,26,336,93,114,1,544,0,0,0,544
07/19/2021,HOU,TX,ASW,CE,Towers with Radar,320,60,114,1,495,0,5,26,2,33,320,65,140,3,528,0,0,0,528
07/20/2021,HOU,TX,ASW,CE,Towers with Radar,320,72,110,0,502,0,6,36,3,45,320,78,146,3,547,0,0,0,547
07/21/2021,HOU,TX,ASW,CE,Towers with Radar,319,83,116,0,518,0,2,36,1,39,319,85,152,1,557,0,0,0,557
07/22/2021,HOU,TX,ASW,CE,Towers with Radar,337,78,134,0,549,0,7,39,10,56,337,85,173,10,605,0,0,0,605
07/23/2021,HOU,TX,ASW,CE,Towers with Radar,332,93,99,0,524,0,4,33,3,40,332,97,132,3,564,0,0,0,564
07/24/2021,HOU,TX,ASW,CE,Towers with Radar,257,63,69,0,389,0,0,14,0,14,257,63,83,0,403,0,0,0,403
07/25/2021,HOU,TX,ASW,CE,Towers with Radar,334,77,107,0,518,0,2,39,2,43,334,79,146,2,561,0,0,0,561
07/26/2021,HOU,TX,ASW,CE,Towers with Radar,330,57,93,0,480,0,0,32,1,33,330,57,125,1,513,0,0,0,513
07/27/2021,HOU,TX,ASW,CE,Towers with Radar,314,74,103,0,491,0,0,45,1,46,314,74,148,1,537,0,0,0,537
07/28/2021,HOU,TX,ASW,CE,Towers with Radar,308,60,108,0,476,0,1,60,3,64,308,61,168,3,540,0,0,0,540
07/29/2021,HOU,TX,ASW,CE,Towers with Radar,328,75,122,0,525,0,5,53,3,61,328,80,175,3,586,0,0,0,586
07/30/2021,HOU,TX,ASW,CE,Towers with Radar,335,59,109,0,503,0,2,50,1,53,335,61,159,1,556,0,0,0,556
07/31/2021,HOU,TX,ASW,CE,Towers with Radar,248,62,82,0,392,0,3,29,0,32,248,65,111,0,424,0,0,0,424
08/01/2021,HOU,TX,ASW,CE,Towers with Radar,313,75,86,2,476,0,2,17,0,19,313,77,103,2,495,0,0,0,495
08/02/2021,HOU,TX,ASW,CE,Towers with Radar,326,63,135,0,524,0,0,28,0,28,326,63,163,0,552,0,0,0,552
08/03/2021,HOU,TX,ASW,CE,Towers with Radar,316,66,100,1,483,0,0,30,3,33,316,66,130,4,516,0,0,0,516
08/04/2021,HOU,TX,ASW,CE,Towers with Radar,312,68,109,4,493,0,2,36,1,39,312,70,145,5,532,0,0,0,532
08/05/2021,HOU,TX,ASW,CE,Towers with Radar,331,74,92,3,500,0,2,42,0,44,331,76,134,3,544,0,0,0,544
08/06/2021,HOU,TX,ASW,CE,Towers with Radar,327,73,84,0,484,0,3,31,0,34,327,76,115,0,518,0,0,0,518
08/07/2021,HOU,TX,ASW,CE,Towers with Radar,256,57,67,0,380,0,0,19,0,19,256,57,86,0,399,0,0,0,399
08/08/2021,HOU,TX,ASW,CE,Towers with Radar,330,91,118,0,539,0,7,15,0,22,330,98,133,0,561,0,0,0,561
08/09/2021,HOU,TX,ASW,CE,Towers with Radar,331,65,90,0,486,0,3,44,0,47,331,68,134,0,533,0,0,0,533
08/10/2021,HOU,TX,ASW,CE,Towers with Radar,308,70,100,2,480,0,1,37,0,38,308,71,137,2,518,0,0,0,518
08/11/2021,HOU,TX,ASW,CE,Towers with Radar,306,71,110,0,487,0,2,30,0,32,306,73,140,0,519,0,0,0,519
08/12/2021,HOU,TX,ASW,CE,Towers with Radar,324,77,98,0,499,0,1,39,1,41,324,78,137,1,540,0,0,0,540
08/13/2021,HOU,TX,ASW,CE,Towers with Radar,325,66,79,0,470,0,2,27,0,29,325,68,106,0,499,0,0,0,499
08/14/2021,HOU,TX,ASW,CE,Towers with Radar,257,60,63,0,380,0,5,14,0,19,257,65,77,0,399,0,0,0,399
08/15/2021,HOU,TX,ASW,CE,Towers with Radar,266,77,96,1,440,0,3,17,1,21,266,80,113,2,461,0,0,0,461
08/16/2021,HOU,TX,ASW,CE,Towers with Radar,300,65,87,0,452,0,3,41,2,46,300,68,128,2,498,0,0,0,498
08/17/2021,HOU,TX,ASW,CE,Towers with Radar,300,64,122,0,486,0,1,53,0,54,300,65,175,0,540,0,0,0,540
08/18/2021,HOU,TX,ASW,CE,Towers with Radar,293,81,120,0,494,0,3,16,0,19,293,84,136,0,513,0,0,0,513
08/19/2021,HOU,TX,ASW,CE,Towers with Radar,326,73,145,0,544,0,0,37,0,37,326,73,182,0,581,0,0,0,581
08/20/2021,HOU,TX,ASW,CE,Towers with Radar,312,61,115,0,488,0,7,35,6,48,312,68,150,6,536,0,0,0,536
08/21/2021,HOU,TX,ASW,CE,Towers with Radar,254,48,53,0,355,0,1,23,4,28,254,49,76,4,383,0,0,0,383
08/22/2021,HOU,TX,ASW,CE,Towers with Radar,326,64,84,0,474,0,2,15,4,21,326,66,99,4,495,0,0,0,495
08/23/2021,HOU,TX,ASW,CE,Towers with Radar,326,57,102,3,488,0,4,42,0,46,326,61,144,3,534,0,0,0,534
08/24/2021,HOU,TX,ASW,CE,Towers with Radar,302,52,98,1,453,0,2,38,6,46,302,54,136,7,499,0,0,0,499
08/25/2021,HOU,TX,ASW,CE,Towers with Radar,305,98,121,0,524,0,1,37,1,39,305,99,158,1,563,0,0,0,563
08/26/2021,HOU,TX,ASW,CE,Towers with Radar,328,77,110,1,516,0,2,26,9,37,328,79,136,10,553,0,0,0,553
08/27/2021,HOU,TX,ASW,CE,Towers with Radar,328,60,97,0,485,0,1,20,6,27,328,61,117,6,512,0,0,0,512
08/28/2021,HOU,TX,ASW,CE,Towers with Radar,271,70,71,0,412,0,3,26,1,30,271,73,97,1,442,0,0,0,442
08/29/2021,HOU,TX,ASW,CE,Towers with Radar,313,77,62,0,452,0,0,19,0,19,313,77,81,0,471,0,0,0,471
08/30/2021,HOU,TX,ASW,CE,Towers with Radar,305,57,90,0,452,0,5,48,1,54,305,62,138,1,506,0,0,0,506
08/31/2021,HOU,TX,ASW,CE,Towers with Radar,295,41,100,0,436,0,6,48,1,55,295,47,148,1,491,0,0,0,491
09/01/2021,HOU,TX,ASW,CE,Towers with Radar,296,64,97,0,457,0,2,42,0,44,296,66,139,0,501,0,0,0,501
09/02/2021,HOU,TX,ASW,CE,Towers with Radar,322,70,131,2,525,0,1,42,0,43,322,71,173,2,568,0,0,0,568
09/03/2021,HOU,TX,ASW,CE,Towers with Radar,318,58,99,0,475,0,7,40,0,47,318,65,139,0,522,0,0,0,522
09/04/2021,HOU,TX,ASW,CE,Towers with Radar,252,61,77,0,390,0,7,25,0,32,252,68,102,0,422,0,0,0,422
09/05/2021,HOU,TX,ASW,CE,Towers with Radar,314,40,58,0,412,0,0,30,0,30,314,40,88,0,442,0,0,0,442
09/06/2021,HOU,TX,ASW,CE,Towers with Radar,326,69,102,0,497,0,0,12,1,13,326,69,114,1,510,0,0,0,510
09/07/2021,HOU,TX,ASW,CE,Towers with Radar,293,70,117,0,480,0,2,38,3,43,293,72,155,3,523,0,0,0,523
09/08/2021,HOU,TX,ASW,CE,Towers with Radar,294,84,124,0,502,0,1,43,0,44,294,85,167,0,546,0,0,0,546
09/09/2021,HOU,TX,ASW,CE,Towers with Radar,319,82,121,0,522,0,2,54,1,57,319,84,175,1,579,0,0,0,579
09/10/2021,HOU,TX,ASW,CE,Towers with Radar,308,67,119,0,494,0,6,36,0,42,308,73,155,0,536,0,0,0,536
09/11/2021,HOU,TX,ASW,CE,Towers with Radar,260,69,61,3,393,0,3,21,1,25,260,72,82,4,418,0,0,0,418
09/12/2021,HOU,TX,ASW,CE,Towers with Radar,342,69,141,0,552,0,2,23,0,25,342,71,164,0,577,0,0,0,577
09/13/2021,HOU,TX,ASW,CE,Towers with Radar,187,54,65,0,306,0,0,0,0,0,187,54,65,0,306,0,0,0,306
09/14/2021,HOU,TX,ASW,CE,Towers with Radar,141,40,35,0,216,0,0,2,0,2,141,40,37,0,218,0,0,0,218
09/15/2021,HOU,TX,ASW,CE,Towers with Radar,294,77,90,1,462,0,2,21,1,24,294,79,111,2,486,0,0,0,486
09/16/2021,HOU,TX,ASW,CE,Towers with Radar,324,101,114,4,543,0,0,37,0,37,324,101,151,4,580,0,0,0,580
09/17/2021,HOU,TX,ASW,CE,Towers with Radar,315,88,97,0,500,0,0,41,7,48,315,88,138,7,548,0,0,0,548
09/18/2021,HOU,TX,ASW,CE,Towers with Radar,254,57,72,0,383,0,0,54,5,59,254,57,126,5,442,0,0,0,442
09/19/2021,HOU,TX,ASW,CE,Towers with Radar,342,87,118,0,547,0,1,19,2,22,342,88,137,2,569,0,0,0,569
09/20/2021,HOU,TX,ASW,CE,Towers with Radar,316,65,111,0,492,0,2,35,1,38,316,67,146,1,530,0,0,0,530
09/21/2021,HOU,TX,ASW,CE,Towers with Radar,286,73,130,0,489,0,4,35,4,43,286,77,165,4,532,0,0,0,532
09/22/2021,HOU,TX,ASW,CE,Towers with Radar,291,58,120,0,469,0,2,41,2,45,291,60,161,2,514,0,0,0,514
09/23/2021,HOU,TX,ASW,CE,Towers with Radar,322,88,123,0,533,0,3,67,3,73,322,91,190,3,606,0,0,0,606
09/24/2021,HOU,TX,ASW,CE,Towers with Radar,323,69,127,0,519,0,6,38,0,44,323,75,165,0,563,0,0,0,563
09/25/2021,HOU,TX,ASW,CE,Towers with Radar,251,47,91,0,389,0,3,30,1,34,251,50,121,1,423,0,0,0,423
09/26/2021,HOU,TX,ASW,CE,Towers with Radar,343,72,116,0,531,0,3,24,0,27,343,75,140,0,558,0,0,0,558
09/27/2021,HOU,TX,ASW,CE,Towers with Radar,314,66,111,0,491,0,1,37,0,38,314,67,148,0,529,0,0,0,529
09/28/2021,HOU,TX,ASW,CE,Towers with Radar,286,68,126,1,481,0,0,14,0,14,286,68,140,1,495,0,0,0,495
09/29/2021,HOU,TX,ASW,CE,Towers with Radar,300,71,137,1,509,0,3,21,3,27,300,74,158,4,536,0,0,0,536
09/30/2021,HOU,TX,ASW,CE,Towers with Radar,320,72,96,0,488,0,3,26,0,29,320,75,122,0,517,0,0,0,517
10/01/2021,HOU,TX,ASW,CE,Towers with Radar,307,73,109,0,489,0,0,18,0,18,307,73,127,0,507,0,0,0,507
10/02/2021,HOU,TX,ASW,CE,Towers with Radar,254,47,52,0,353,0,0,11,2,13,254,47,63,2,366,0,0,0,366
10/03/2021,HOU,TX,ASW,CE,Towers with Radar,340,88,127,0,555,0,0,23,1,24,340,88,150,1,579,0,0,0,579
10/04/2021,HOU,TX,ASW,CE,Towers with Radar,326,63,102,0,491,0,2,36,3,41,326,65,138,3,532,0,0,0,532
10/05/2021,HOU,TX,ASW,CE,Towers with Radar,297,78,125,0,500,0,3,43,0,46,297,81,168,0,546,0,0,0,546
10/06/2021,HOU,TX,ASW,CE,Towers with Radar,294,84,128,0,506,0,3,58,0,61,294,87,186,0,567,0,0,0,567
10/07/2021,HOU,TX,ASW,CE,Towers with Radar,321,88,140,0,549,0,2,49,2,53,321,90,189,2,602,0,0,0,602
10/08/2021,HOU,TX,ASW,CE,Towers with Radar,308,81,108,0,497,0,3,38,9,50,308,84,146,9,547,0,0,0,547
10/09/2021,HOU,TX,ASW,CE,Towers with Radar,216,66,105,0,387,0,2,21,2,25,216,68,126,2,412,0,0,0,412
10/10/2021,HOU,TX,ASW,CE,Towers with Radar,234,79,116,0,429,0,2,21,4,27,234,81,137,4,456,0,0,0,456
10/11/2021,HOU,TX,ASW,CE,Towers with Radar,294,79,131,0,504,0,1,37,2,40,294,80,168,2,544,0,0,0,544
10/12/2021,HOU,TX,ASW,CE,Towers with Radar,288,88,137,0,513,0,1,31,0,32,288,89,168,0,545,0,0,0,545
10/13/2021,HOU,TX,ASW,CE,Towers with Radar,298,83,128,0,509,0,2,58,2,62,298,85,186,2,571,0,0,0,571
10/14/2021,HOU,TX,ASW,CE,Towers with Radar,324,98,129,2,553,0,1,25,1,27,324,99,154,3,580,0,0,0,580
10/15/2021,HOU,TX,ASW,CE,Towers with Radar,315,106,126,2,549,0,2,33,5,40,315,108,159,7,589,0,0,0,589
10/16/2021,HOU,TX,ASW,CE,Towers with Radar,275,63,98,0,436,0,0,25,1,26,275,63,123,1,462,0,0,0,462
10/17/2021,HOU,TX,ASW,CE,Towers with Radar,341,86,119,0,546,0,0,27,0,27,341,86,146,0,573,0,0,0,573
10/18/2021,HOU,TX,ASW,CE,Towers with Radar,320,70,110,2,502,0,0,55,0,55,320,70,165,2,557,0,0,0,557
10/19/2021,HOU,TX,ASW,CE,Towers with Radar,286,71,131,3,491,0,2,65,0,67,286,73,196,3,558,0,0,0,558
10/20/2021,HOU,TX,ASW,CE,Towers with Radar,289,90,132,0,511,0,2,48,3,53,289,92,180,3,564,0,0,0,564
10/21/2021,HOU,TX,ASW,CE,Towers with Radar,325,83,163,1,572,0,0,34,5,39,325,83,197,6,611,0,0,0,611
10/22/2021,HOU,TX,ASW,CE,Towers with Radar,315,104,146,2,567,0,2,68,0,70,315,106,214,2,637,0,0,0,637
10/23/2021,HOU,TX,ASW,CE,Towers with Radar,275,66,68,0,409,0,0,16,0,16,275,66,84,0,425,0,0,0,425
10/24/2021,HOU,TX,ASW,CE,Towers with Radar,341,90,113,0,544,0,0,21,0,21,341,90,134,0,565,0,0,0,565
10/25/2021,HOU,TX,ASW,CE,Towers with Radar,323,87,130,0,540,0,5,37,2,44,323,92,167,2,584,0,0,0,584
10/26/2021,HOU,TX,ASW,CE,Towers with Radar,292,104,166,2,564,0,2,43,3,48,292,106,209,5,612,0,0,0,612
10/27/2021,HOU,TX,ASW,CE,Towers with Radar,260,101,155,0,516,0,1,32,1,34,260,102,187,1,550,0,0,0,550
10/28/2021,HOU,TX,ASW,CE,Towers with Radar,318,101,165,2,586,0,2,30,0,32,318,103,195,2,618,0,0,0,618
10/29/2021,HOU,TX,ASW,CE,Towers with Radar,317,94,130,0,541,0,0,27,0,27,317,94,157,0,568,0,0,0,568
10/30/2021,HOU,TX,ASW,CE,Towers with Radar,263,56,81,0,400,0,1,24,0,25,263,57,105,0,425,0,0,0,425
10/31/2021,HOU,TX,ASW,CE,Towers with Radar,322,70,116,0,508,0,2,17,0,19,322,72,133,0,527,0,0,0,527
11/01/2021,HOU,TX,ASW,CE,Towers with Radar,317,94,149,0,560,0,0,64,1,65,317,94,213,1,625,0,0,0,625
11/02/2021,HOU,TX,ASW,CE,Towers with Radar,298,131,176,0,605,0,4,50,0,54,298,135,226,0,659,0,0,0,659
11/03/2021,HOU,TX,ASW,CE,Towers with Radar,290,106,173,0,569,0,2,31,0,33,290,108,204,0,602,0,0,0,602
11/04/2021,HOU,TX,ASW,CE,Towers with Radar,315,94,143,0,552,0,3,11,0,14,315,97,154,0,566,0,0,0,566
11/05/2021,HOU,TX,ASW,CE,Towers with Radar,317,98,119,1,535,0,2,55,3,60,317,100,174,4,595,0,0,0,595
11/06/2021,HOU,TX,ASW,CE,Towers with Radar,260,72,78,0,410,0,2,39,2,43,260,74,117,2,453,0,0,0,453
11/07/2021,HOU,TX,ASW,CE,Towers with Radar,310,100,156,0,566,0,3,19,0,22,310,103,175,0,588,0,0,0,588
11/08/2021,HOU,TX,ASW,CE,Towers with Radar,297,62,150,0,509,0,2,47,0,49,297,64,197,0,558,0,0,0,558
11/09/2021,HOU,TX,ASW,CE,Towers with Radar,267,85,125,0,477,0,0,49,2,51,267,85,174,2,528,0,0,0,528
11/10/2021,HOU,TX,ASW,CE,Towers with Radar,269,100,170,0,539,0,0,27,0,27,269,100,197,0,566,0,0,0,566
11/11/2021,HOU,TX,ASW,CE,Towers with Radar,304,108,164,0,576,0,1,43,0,44,304,109,207,0,620,0,0,0,620
11/12/2021,HOU,TX,ASW,CE,Towers with Radar,295,89,113,0,497,0,1,49,1,51,295,90,162,1,548,0,0,0,548
11/13/2021,HOU,TX,ASW,CE,Towers with Radar,252,55,78,0,385,0,2,22,0,24,252,57,100,0,409,0,0,0,409
11/14/2021,HOU,TX,ASW,CE,Towers with Radar,316,78,141,2,537,0,0,34,0,34,316,78,175,2,571,0,0,0,571
11/15/2021,HOU,TX,ASW,CE,Towers with Radar,293,81,113,0,487,0,6,29,0,35,293,87,142,0,522,0,0,0,522
11/16/2021,HOU,TX,ASW,CE,Towers with Radar,272,67,159,0,498,0,4,46,1,51,272,71,205,1,549,0,0,0,549
11/17/2021,HOU,TX,ASW,CE,Towers with Radar,271,103,107,0,481,0,1,49,0,50,271,104,156,0,531,0,0,0,531
11/18/2021,HOU,TX,ASW,CE,Towers with Radar,293,97,141,0,531,0,1,43,0,44,293,98,184,0,575,0,0,0,575
11/19/2021,HOU,TX,ASW,CE,Towers with Radar,299,98,160,2,559,0,0,42,1,43,299,98,202,3,602,0,0,0,602
11/20/2021,HOU,TX,ASW,CE,Towers with Radar,288,91,110,0,489,0,5,19,0,24,288,96,129,0,513,0,0,0,513
11/21/2021,HOU,TX,ASW,CE,Towers with Radar,317,78,106,0,501,0,3,20,4,27,317,81,126,4,528,0,0,0,528
11/22/2021,HOU,TX,ASW,CE,Towers with Radar,299,54,96,0,449,0,1,44,0,45,299,55,140,0,494,0,0,0,494
11/23/2021,HOU,TX,ASW,CE,Towers with Radar,338,79,92,0,509,0,3,57,0,60,338,82,149,0,569,0,0,0,569
11/24/2021,HOU,TX,ASW,CE,Towers with Radar,348,92,125,0,565,0,3,43,2,48,348,95,168,2,613,0,0,0,613
11/25/2021,HOU,TX,ASW,CE,Towers with Radar,263,41,31,0,335,0,5,11,0,16,263,46,42,0,351,0,0,0,351
11/26/2021,HOU,TX,ASW,CE,Towers with Radar,267,70,92,0,429,0,0,45,0,45,267,70,137,0,474,0,0,0,474
11/27/2021,HOU,TX,ASW,CE,Towers with Radar,294,86,116,0,496,0,1,16,1,18,294,87,132,1,514,0,0,0,514
11/28/2021,HOU,TX,ASW,CE,Towers with Radar,347,106,193,0,646,0,0,16,1,17,347,106,209,1,663,0,0,0,663
11/29/2021,HOU,TX,ASW,CE,Towers with Radar,338,73,105,0,516,0,0,38,4,42,338,73,143,4,558,0,0,0,558
11/30/2021,HOU,TX,ASW,CE,Towers with Radar,289,76,108,2,475,0,3,42,0,45,289,79,150,2,520,0,0,0,520
12/01/2021,HOU,TX,ASW,CE,Towers with Radar,270,78,135,1,484,0,2,41,0,43,270,80,176,1,527,0,0,0,527
12/02/2021,HOU,TX,ASW,CE,Towers with Radar,279,84,149,0,512,0,3,40,0,43,279,87,189,0,555,0,0,0,555
12/03/2021,HOU,TX,ASW,CE,Towers with Radar,277,74,143,2,496,0,0,43,3,46,277,74,186,5,542,0,0,0,542
12/04/2021,HOU,TX,ASW,CE,Towers with Radar,248,51,62,0,361,0,0,7,0,7,248,51,69,0,368,0,0,0,368
12/05/2021,HOU,TX,ASW,CE,Towers with Radar,308,86,142,0,536,0,2,17,2,21,308,88,159,2,557,0,0,0,557
12/06/2021,HOU,TX,ASW,CE,Towers with Radar,277,80,96,2,455,0,0,28,0,28,277,80,124,2,483,0,0,0,483
12/07/2021,HOU,TX,ASW,CE,Towers with Radar,274,98,119,1,492,0,4,42,1,47,274,102,161,2,539,0,0,0,539
12/08/2021,HOU,TX,ASW,CE,Towers with Radar,264,97,167,2,530,0,0,14,0,14,264,97,181,2,544,0,0,0,544
12/09/2021,HOU,TX,ASW,CE,Towers with Radar,276,97,170,1,544,0,0,23,1,24,276,97,193,2,568,0,0,0,568
12/10/2021,HOU,TX,ASW,CE,Towers with Radar,284,103,151,3,541,0,3,35,3,41,284,106,186,6,582,0,0,0,582
12/11/2021,HOU,TX,ASW,CE,Towers with Radar,243,56,62,1,362,0,0,17,0,17,243,56,79,1,379,0,0,0,379
12/12/2021,HOU,TX,ASW,CE,Towers with Radar,301,96,107,0,504,0,2,31,1,34,301,98,138,1,538,0,0,0,538
12/13/2021,HOU,TX,ASW,CE,Towers with Radar,279,81,129,0,489,0,0,25,0,25,279,81,154,0,514,0,0,0,514
12/14/2021,HOU,TX,ASW,CE,Towers with Radar,265,92,143,0,500,0,1,13,1,15,265,93,156,1,515,0,0,0,515
12/15/2021,HOU,TX,ASW,CE,Towers with Radar,263,83,139,0,485,0,2,20,1,23,263,85,159,1,508,0,0,0,508
12/16/2021,HOU,TX,ASW,CE,Towers with Radar,289,86,166,1,542,0,1,30,2,33,289,87,196,3,575,0,0,0,575
12/17/2021,HOU,TX,ASW,CE,Towers with Radar,279,94,138,0,511,0,1,24,0,25,279,95,162,0,536,0,0,0,536
12/18/2021,HOU,TX,ASW,CE,Towers with Radar,240,60,84,0,384,0,0,2,0,2,240,60,86,0,386,0,0,0,386
12/19/2021,HOU,TX,ASW,CE,Towers with Radar,305,84,119,0,508,0,1,24,5,30,305,85,143,5,538,0,0,0,538
12/20/2021,HOU,TX,ASW,CE,Towers with Radar,276,73,107,0,456,0,0,36,4,40,276,73,143,4,496,0,0,0,496
12/21/2021,HOU,TX,ASW,CE,Towers with Radar,276,83,95,0,454,0,0,34,1,35,276,83,129,1,489,0,0,0,489
12/22/2021,HOU,TX,ASW,CE,Towers with Radar,268,78,118,0,464,0,1,39,0,40,268,79,157,0,504,0,0,0,504
12/23/2021,HOU,TX,ASW,CE,Towers with Radar,322,84,99,0,505,0,2,36,0,38,322,86,135,0,543,0,0,0,543
12/24/2021,HOU,TX,ASW,CE,Towers with Radar,268,43,39,0,350,0,4,13,5,22,268,47,52,5,372,0,0,0,372
12/25/2021,HOU,TX,ASW,CE,Towers with Radar,226,54,39,0,319,0,0,21,0,21,226,54,60,0,340,0,0,0,340
12/26/2021,HOU,TX,ASW,CE,Towers with Radar,307,104,124,0,535,0,0,11,0,11,307,104,135,0,546,0,0,0,546
12/27/2021,HOU,TX,ASW,CE,Towers with Radar,317,99,130,2,548,0,1,23,1,25,317,100,153,3,573,0,0,0,573
12/28/2021,HOU,TX,ASW,CE,Towers with Radar,322,73,107,0,502,0,3,34,1,38,322,76,141,1,540,0,0,0,540
12/29/2021,HOU,TX,ASW,CE,Towers with Radar,314,76,92,0,482,0,0,34,2,36,314,76,126,2,518,0,0,0,518
12/30/2021,HOU,TX,ASW,CE,Towers with Radar,319,52,94,0,465,0,7,27,2,36,319,59,121,2,501,0,0,0,501
12/31/2021,HOU,TX,ASW,CE,Towers with Radar,265,49,65,0,379,0,0,15,0,15,265,49,80,0,394,0,0,0,394
01/01/2022,HOU,TX,ASW,CE,Towers with Radar,258,46,58,0,362,0,1,6,4,11,258,47,64,4,373,0,0,0,373
01/02/2022,HOU,TX,ASW,CE,Towers with Radar,303,81,151,0,535,0,4,10,2,16,303,85,161,2,551,0,0,0,551
01/03/2022,HOU,TX,ASW,CE,Towers with Radar,286,91,153,0,530,0,2,40,0,42,286,93,193,0,572,0,0,0,572
01/04/2022,HOU,TX,ASW,CE,Towers with Radar,248,82,129,0,459,0,1,50,3,54,248,83,179,3,513,0,0,0,513
01/05/2022,HOU,TX,ASW,CE,Towers with Radar,246,83,119,2,450,0,2,56,1,59,246,85,175,3,509,0,0,0,509
01/06/2022,HOU,TX,ASW,CE,Towers with Radar,231,77,120,0,428,0,1,41,0,42,231,78,161,0,470,0,0,0,470
01/07/2022,HOU,TX,ASW,CE,Towers with Radar,241,77,103,4,425,0,8,49,2,59,241,85,152,6,484,0,0,0,484
01/08/2022,HOU,TX,ASW,CE,Towers with Radar,214,66,70,0,350,0,0,3,0,3,214,66,73,0,353,0,0,0,353
01/09/2022,HOU,TX,ASW,CE,Towers with Radar,293,81,101,0,475,0,0,17,0,17,293,81,118,0,492,0,0,0,492
01/10/2022,HOU,TX,ASW,CE,Towers with Radar,260,82,103,0,445,0,0,41,1,42,260,82,144,1,487,0,0,0,487
01/11/2022,HOU,TX,ASW,CE,Towers with Radar,258,75,110,0,443,0,0,47,0,47,258,75,157,0,490,0,0,0,490
01/12/2022,HOU,TX,ASW,CE,Towers with Radar,260,79,159,2,500,0,5,54,0,59,260,84,213,2,559,0,0,0,559
01/13/2022,HOU,TX,ASW,CE,Towers with Radar,268,75,104,6,453,0,3,65,6,74,268,78,169,12,527,0,0,0,527
01/14/2022,HOU,TX,ASW,CE,Towers with Radar,280,74,115,0,469,0,1,52,2,55,280,75,167,2,524,0,0,0,524
01/15/2022,HOU,TX,ASW,CE,Towers with Radar,232,64,59,0,355,0,1,6,0,7,232,65,65,0,362,0,0,0,362
01/16/2022,HOU,TX,ASW,CE,Towers with Radar,285,73,98,0,456,0,0,36,0,36,285,73,134,0,492,0,0,0,492
01/17/2022,HOU,TX,ASW,CE,Towers with Radar,300,57,143,0,500,0,0,55,2,57,300,57,198,2,557,0,0,0,557
01/18/2022,HOU,TX,ASW,CE,Towers with Radar,293,75,126,1,495,0,7,50,1,58,293,82,176,2,553,0,0,0,553
01/19/2022,HOU,TX,ASW,CE,Towers with Radar,287,57,103,0,447,0,1,33,0,34,287,58,136,0,481,0,0,0,481
01/20/2022,HOU,TX,ASW,CE,Towers with Radar,301,81,101,3,486,0,0,21,0,21,301,81,122,3,507,0,0,0,507
01/21/2022,HOU,TX,ASW,CE,Towers with Radar,303,60,96,0,459,0,2,50,2,54,303,62,146,2,513,0,0,0,513
01/22/2022,HOU,TX,ASW,CE,Towers with Radar,232,59,44,0,335,0,3,24,1,28,232,62,68,1,363,0,0,0,363
01/23/2022,HOU,TX,ASW,CE,Towers with Radar,303,81,111,0,495,0,4,61,4,69,303,85,172,4,564,0,0,0,564
01/24/2022,HOU,TX,ASW,CE,Towers with Radar,299,63,103,0,465,0,2,9,0,11,299,65,112,0,476,0,0,0,476
01/25/2022,HOU,TX,ASW,CE,Towers with Radar,281,73,104,0,458,0,0,33,1,34,281,73,137,1,492,0,0,0,492
01/26/2022,HOU,TX,ASW,CE,Towers with Radar,278,94,114,3,489,0,2,63,3,68,278,96,177,6,557,0,0,0,557
01/27/2022,HOU,TX,ASW,CE,Towers with Radar,304,79,133,1,517,0,0,76,4,80,304,79,209,5,597,0,0,0,597
01/28/2022,HOU,TX,ASW,CE,Towers with Radar,301,83,133,0,517,0,5,49,1,55,301,88,182,1,572,0,0,0,572
01/29/2022,HOU,TX,ASW,CE,Towers with Radar,231,53,56,0,340,0,1,28,2,31,231,54,84,2,371,0,0,0,371
01/30/2022,HOU,TX,ASW,CE,Towers with Radar,300,70,100,0,470,0,0,29,1,30,300,70,129,1,500,0,0,0,500
01/31/2022,HOU,TX,ASW,CE,Towers with Radar,309,70,96,0,475,0,0,10,0,10,309,70,106,0,485,0,0,0,485
02/01/2022,HOU,TX,ASW,CE,Towers with Radar,282,77,129,0,488,0,0,37,0,37,282,77,166,0,525,0,0,0,525
02/02/2022,HOU,TX,ASW,CE,Towers with Radar,250,80,112,0,442,0,0,0,0,0,250,80,112,0,442,0,0,0,442
02/03/2022,HOU,TX,ASW,CE,Towers with Radar,238,57,77,0,372,0,2,11,0,13,238,59,88,0,385,0,0,0,385
02/04/2022,HOU,TX,ASW,CE,Towers with Radar,274,75,124,0,473,0,0,20,0,20,274,75,144,0,493,0,0,0,493
02/05/2022,HOU,TX,ASW,CE,Towers with Radar,226,43,82,0,351,0,4,29,1,34,226,47,111,1,385,0,0,0,385
02/06/2022,HOU,TX,ASW,CE,Towers with Radar,300,57,114,0,471,0,0,35,2,37,300,57,149,2,508,0,0,0,508
02/07/2022,HOU,TX,ASW,CE,Towers with Radar,300,84,95,0,479,0,7,68,0,75,300,91,163,0,554,0,0,0,554
02/08/2022,HOU,TX,ASW,CE,Towers with Radar,276,73,114,1,464,0,2,70,1,73,276,75,184,2,537,0,0,0,537
02/09/2022,HOU,TX,ASW,CE,Towers with Radar,284,104,168,1,557,0,4,64,0,68,284,108,232,1,625,0,0,0,625
02/10/2022,HOU,TX,ASW,CE,Towers with Radar,299,78,182,0,559,0,0,58,3,61,299,78,240,3,620,0,0,0,620
02/11/2022,HOU,TX,ASW,CE,Towers with Radar,298,87,179,1,565,0,6,39,2,47,298,93,218,3,612,0,0,0,612
02/12/2022,HOU,TX,ASW,CE,Towers with Radar,229,49,70,3,351,0,2,12,0,14,229,51,82,3,365,0,0,0,365
02/13/2022,HOU,TX,ASW,CE,Towers with Radar,297,65,105,0,467,0,0,30,0,30,297,65,135,0,497,0,0,0,497
02/14/2022,HOU,TX,ASW,CE,Towers with Radar,300,98,119,0,517,0,0,65,2,67,300,98,184,2,584,0,0,0,584
02/15/2022,HOU,TX,ASW,CE,Towers with Radar,282,90,134,0,506,0,0,52,0,52,282,90,186,0,558,0,0,0,558
02/16/2022,HOU,TX,ASW,CE,Towers with Radar,280,99,170,0,549,0,0,28,2,30,280,99,198,2,579,0,0,0,579
02/17/2022,HOU,TX,ASW,CE,Towers with Radar,291,85,137,0,513,0,0,29,3,32,291,85,166,3,545,0,0,0,545
02/18/2022,HOU,TX,ASW,CE,Towers with Radar,305,86,127,2,520,0,2,50,0,52,305,88,177,2,572,0,0,0,572
02/19/2022,HOU,TX,ASW,CE,Towers with Radar,245,50,60,0,355,0,6,31,1,38,245,56,91,1,393,0,0,0,393
02/20/2022,HOU,TX,ASW,CE,Towers with Radar,299,59,83,0,441,0,0,33,1,34,299,59,116,1,475,0,0,0,475
02/21/2022,HOU,TX,ASW,CE,Towers with Radar,307,95,150,0,552,0,0,9,0,9,307,95,159,0,561,0,0,0,561
02/22/2022,HOU,TX,ASW,CE,Towers with Radar,277,65,138,0,480,0,0,24,0,24,277,65,162,0,504,0,0,0,504
02/23/2022,HOU,TX,ASW,CE,Towers with Radar,265,84,137,2,488,0,0,16,0,16,265,84,153,2,504,0,0,0,504
02/24/2022,HOU,TX,ASW,CE,Towers with Radar,281,68,132,2,483,0,0,3,0,3,281,68,135,2,486,0,0,0,486
02/25/2022,HOU,TX,ASW,CE,Towers with Radar,308,85,137,0,530,0,0,37,0,37,308,85,174,0,567,0,0,0,567
02/26/2022,HOU,TX,ASW,CE,Towers with Radar,242,51,54,0,347,0,0,0,0,0,242,51,54,0,347,0,0,0,347
02/27/2022,HOU,TX,ASW,CE,Towers with Radar,298,88,125,2,513,0,0,25,0,25,298,88,150,2,538,0,0,0,538
02/28/2022,HOU,TX,ASW,CE,Towers with Radar,309,85,107,0,501,0,3,63,2,68,309,88,170,2,569,0,0,0,569
03/01/2022,HOU,TX,ASW,CE,Towers with Radar,292,93,128,2,515,0,2,57,0,59,292,95,185,2,574,0,0,0,574
03/02/2022,HOU,TX,ASW,CE,Towers with Radar,276,93,133,0,502,0,0,52,1,53,276,93,185,1,555,0,0,0,555
03/03/2022,HOU,TX,ASW,CE,Towers with Radar,309,84,149,4,546,0,0,59,3,62,309,84,208,7,608,0,0,0,608
03/04/2022,HOU,TX,ASW,CE,Towers with Radar,279,83,118,2,482,0,3,46,1,50,279,86,164,3,532,0,0,0,532
03/05/2022,HOU,TX,ASW,CE,Towers with Radar,214,61,72,0,347,0,2,18,1,21,214,63,90,1,368,0,0,0,368
03/06/2022,HOU,TX,ASW,CE,Towers with Radar,271,101,134,2,508,0,0,14,0,14,271,101,148,2,522,0,0,0,522
03/07/2022,HOU,TX,ASW,CE,Towers with Radar,285,83,107,0,475,0,4,30,3,37,285,87,137,3,512,0,0,0,512
03/08/2022,HOU,TX,ASW,CE,Towers with Radar,253,106,137,2,498,0,0,7,2,9,253,106,144,4,507,0,0,0,507
03/09/2022,HOU,TX,ASW,CE,Towers with Radar,251,112,138,1,502,0,1,52,1,54,251,113,190,2,556,0,0,0,556
03/10/2022,HOU,TX,ASW,CE,Towers with Radar,286,110,164,2,562,0,0,57,0,57,286,110,221,2,619,0,0,0,619
03/11/2022,HOU,TX,ASW,CE,Towers with Radar,284,94,151,1,530,0,0,18,0,18,284,94,169,1,548,0,0,0,548
03/12/2022,HOU,TX,ASW,CE,Towers with Radar,240,98,144,0,482,0,0,26,0,26,240,98,170,0,508,0,0,0,508
03/13/2022,HOU,TX,ASW,CE,Towers with Radar,271,74,156,0,501,0,7,37,0,44,271,81,193,0,545,0,0,0,545
03/14/2022,HOU,TX,ASW,CE,Towers with Radar,287,60,119,1,467,0,0,38,1,39,287,60,157,2,506,0,0,0,506
03/15/2022,HOU,TX,ASW,CE,Towers with Radar,271,57,92,0,420,0,3,33,0,36,271,60,125,0,456,0,0,0,456
03/16/2022,HOU,TX,ASW,CE,Towers with Radar,268,89,146,4,507,0,3,47,2,52,268,92,193,6,559,0,0,0,559
03/17/2022,HOU,TX,ASW,CE,Towers with Radar,285,95,126,0,506,0,0,27,1,28,285,95,153,1,534,0,0,0,534
03/18/2022,HOU,TX,ASW,CE,Towers with Radar,282,84,115,0,481,0,2,35,2,39,282,86,150,2,520,0,0,0,520
03/19/2022,HOU,TX,ASW,CE,Towers with Radar,259,86,129,0,474,0,2,66,2,70,259,88,195,2,544,0,0,0,544
03/20/2022,HOU,TX,ASW,CE,Towers with Radar,294,106,183,0,583,0,0,44,0,44,294,106,227,0,627,0,0,0,627
03/21/2022,HOU,TX,ASW,CE,Towers with Radar,257,55,116,0,428,0,2,10,0,12,257,57,126,0,440,0,0,0,440
03/22/2022,HOU,TX,ASW,CE,Towers with Radar,251,89,100,0,440,0,2,28,2,32,251,91,128,2,472,0,0,0,472
03/23/2022,HOU,TX,ASW,CE,Towers with Radar,266,74,148,0,488,0,1,44,0,45,266,75,192,0,533,0,0,0,533
03/24/2022,HOU,TX,ASW,CE,Towers with Radar,289,76,168,1,534,0,4,74,2,80,289,80,242,3,614,0,0,0,614
03/25/2022,HOU,TX,ASW,CE,Towers with Radar,297,88,125,1,511,0,5,44,4,53,297,93,169,5,564,0,0,0,564
03/26/2022,HOU,TX,ASW,CE,Towers with Radar,253,55,56,0,364,0,2,29,0,31,253,57,85,0,395,0,0,0,395
03/27/2022,HOU,TX,ASW,CE,Towers with Radar,289,66,94,0,449,0,0,39,0,39,289,66,133,0,488,0,0,0,488
03/28/2022,HOU,TX,ASW,CE,Towers with Radar,299,65,122,0,486,0,0,40,1,41,299,65,162,1,527,0,0,0,527
03/29/2022,HOU,TX,ASW,CE,Towers with Radar,267,78,112,0,457,0,0,5,2,7,267,78,117,2,464,0,0,0,464
03/30/2022,HOU,TX,ASW,CE,Towers with Radar,262,97,146,0,505,0,2,23,0,25,262,99,169,0,530,0,0,0,530
03/31/2022,HOU,TX,ASW,CE,Towers with Radar,279,117,129,0,525,0,5,64,3,72,279,122,193,3,597,0,0,0,597
04/01/2022,HOU,TX,ASW,CE,Towers with Radar,299,68,125,0,492,0,1,51,1,53,299,69,176,1,545,0,0,0,545
04/02/2022,HOU,TX,ASW,CE,Towers with Radar,214,51,80,0,345,0,1,25,3,29,214,52,105,3,374,0,0,0,374
04/03/2022,HOU,TX,ASW,CE,Towers with Radar,277,81,133,0,491,0,0,24,0,24,277,81,157,0,515,0,0,0,515
04/04/2022,HOU,TX,ASW,CE,Towers with Radar,226,75,109,0,410,0,0,17,0,17,226,75,126,0,427,0,0,0,427
04/05/2022,HOU,TX,ASW,CE,Towers with Radar,304,83,112,0,499,0,0,25,2,27,304,83,137,2,526,0,0,0,526
04/06/2022,HOU,TX,ASW,CE,Towers with Radar,303,89,121,0,513,0,2,42,0,44,303,91,163,0,557,0,0,0,557
04/07/2022,HOU,TX,ASW,CE,Towers with Radar,297,97,142,4,540,0,3,56,2,61,297,100,198,6,601,0,0,0,601
04/08/2022,HOU,TX,ASW,CE,Towers with Radar,315,82,118,2,517,0,2,45,2,49,315,84,163,4,566,0,0,0,566
04/09/2022,HOU,TX,ASW,CE,Towers with Radar,245,64,92,0,401,0,4,27,1,32,245,68,119,1,433,0,0,0,433
04/10/2022,HOU,TX,ASW,CE,Towers with Radar,304,83,114,0,501,0,1,14,0,15,304,84,128,0,516,0,0,0,516
04/11/2022,HOU,TX,ASW,CE,Towers with Radar,308,76,114,0,498,0,0,23,1,24,308,76,137,1,522,0,0,0,522
04/12/2022,HOU,TX,ASW,CE,Towers with Radar,273,89,116,0,478,0,0,22,0,22,273,89,138,0,500,0,0,0,500
04/13/2022,HOU,TX,ASW,CE,Towers with Radar,283,93,123,2,501,0,0,15,0,15,283,93,138,2,516,0,0,0,516
04/14/2022,HOU,TX,ASW,CE,Towers with Radar,323,105,164,4,596,0,2,80,2,84,323,107,244,6,680,0,0,0,680
04/15/2022,HOU,TX,ASW,CE,Towers with Radar,310,75,114,1,500,0,3,24,0,27,310,78,138,1,527,0,0,0,527
04/16/2022,HOU,TX,ASW,CE,Towers with Radar,241,35,37,0,313,0,2,24,3,29,241,37,61,3,342,0,0,0,342
04/17/2022,HOU,TX,ASW,CE,Towers with Radar,300,66,90,1,457,0,0,15,2,17,300,66,105,3,474,0,0,0,474
04/18/2022,HOU,TX,ASW,CE,Towers with Radar,311,86,153,2,552,0,3,63,0,66,311,89,216,2,618,0,0,0,618
04/19/2022,HOU,TX,ASW,CE,Towers with Radar,293,91,148,0,532,0,3,35,3,41,293,94,183,3,573,0,0,0,573
04/20/2022,HOU,TX,ASW,CE,Towers with Radar,296,79,137,2,514,0,6,19,6,31,296,85,156,8,545,0,0,0,545
04/21/2022,HOU,TX,ASW,CE,Towers with Radar,311,92,162,0,565,0,4,43,7,54,311,96,205,7,619,0,0,0,619
04/22/2022,HOU,TX,ASW,CE,Towers with Radar,310,90,140,0,540,0,9,42,2,53,310,99,182,2,593,0,0,0,593
04/23/2022,HOU,TX,ASW,CE,Towers with Radar,238,52,75,0,365,0,4,27,1,32,238,56,102,1,397,0,0,0,397
04/24/2022,HOU,TX,ASW,CE,Towers with Radar,302,100,126,0,528,0,2,26,3,31,302,102,152,3,559,0,0,0,559
04/25/2022,HOU,TX,ASW,CE,Towers with Radar,249,67,98,0,414,0,2,24,0,26,249,69,122,0,440,0,0,0,440
04/26/2022,HOU,TX,ASW,CE,Towers with Radar,291,75,134,0,500,0,4,49,0,53,291,79,183,0,553,0,0,0,553
04/27/2022,HOU,TX,ASW,CE,Towers with Radar,294,96,133,1,524,0,1,58,2,61,294,97,191,3,585,0,0,0,585
04/28/2022,HOU,TX,ASW,CE,Towers with Radar,310,80,105,0,495,0,2,44,1,47,310,82,149,1,542,0,0,0,542
04/29/2022,HOU,TX,ASW,CE,Towers with Radar,299,75,133,1,508,0,5,42,0,47,299,80,175,1,555,0,0,0,555
04/30/2022,HOU,TX,ASW,CE,Towers with Radar,235,50,53,0,338,0,0,22,1,23,235,50,75,1,361,0,0,0,361
05/01/2022,HOU,TX,ASW,CE,Towers with Radar,298,68,93,2,461,0,0,26,0,26,298,68,119,2,487,0,0,0,487
05/02/2022,HOU,TX,ASW,CE,Towers with Radar,301,77,109,0,487,0,0,37,3,40,301,77,146,3,527,0,0,0,527
05/03/2022,HOU,TX,ASW,CE,Towers with Radar,290,72,103,0,465,0,3,35,3,41,290,75,138,3,506,0,0,0,506
05/04/2022,HOU,TX,ASW,CE,Towers with Radar,287,101,125,0,513,0,1,52,0,53,287,102,177,0,566,0,0,0,566
05/05/2022,HOU,TX,ASW,CE,Towers with Radar,283,98,133,0,514,0,1,33,0,34,283,99,166,0,548,0,0,0,548
05/06/2022,HOU,TX,ASW,CE,Towers with Radar,317,99,128,0,544,0,0,82,0,82,317,99,210,0,626,0,0,0,626
05/07/2022,HOU,TX,ASW,CE,Towers with Radar,237,63,62,0,362,0,0,20,0,20,237,63,82,0,382,0,0,0,382
05/08/2022,HOU,TX,ASW,CE,Towers with Radar,302,79,109,1,491,0,0,23,4,27,302,79,132,5,518,0,0,0,518
05/09/2022,HOU,TX,ASW,CE,Towers with Radar,297,88,123,1,509,0,1,46,1,48,297,89,169,2,557,0,0,0,557
05/10/2022,HOU,TX,ASW,CE,Towers with Radar,292,70,112,0,474,0,2,46,0,48,292,72,158,0,522,0,0,0,522
05/11/2022,HOU,TX,ASW,CE,Towers with Radar,290,98,129,2,519,0,1,56,0,57,290,99,185,2,576,0,0,0,576
05/12/2022,HOU,TX,ASW,CE,Towers with Radar,307,95,157,0,559,0,4,56,1,61,307,99,213,1,620,0,0,0,620
05/13/2022,HOU,TX,ASW,CE,Towers with Radar,298,80,112,0,490,0,0,44,1,45,298,80,156,1,535,0,0,0,535
05/14/2022,HOU,TX,ASW,CE,Towers with Radar,239,59,69,0,367,0,2,31,0,33,239,61,100,0,400,0,0,0,400
05/15/2022,HOU,TX,ASW,CE,Towers with Radar,299,65,118,0,482,0,2,32,2,36,299,67,150,2,518,0,0,0,518
05/16/2022,HOU,TX,ASW,CE,Towers with Radar,295,69,95,0,459,0,9,75,1,85,295,78,170,1,544,0,0,0,544
05/17/2022,HOU,TX,ASW,CE,Towers with Radar,297,89,119,2,507,0,4,46,3,53,297,93,165,5,560,0,0,0,560
05/18/2022,HOU,TX,ASW,CE,Towers with Radar,294,81,133,0,508,0,1,46,5,52,294,82,179,5,560,0,0,0,560
05/19/2022,HOU,TX,ASW,CE,Towers with Radar,303,135,135,0,573,0,1,58,2,61,303,136,193,2,634,0,0,0,634
05/20/2022,HOU,TX,ASW,CE,Towers with Radar,297,87,121,0,505,0,2,48,3,53,297,89,169,3,558,0,0,0,558
05/21/2022,HOU,TX,ASW,CE,Towers with Radar,248,58,67,0,373,0,0,25,0,25,248,58,92,0,398,0,0,0,398
05/22/2022,HOU,TX,ASW,CE,Towers with Radar,278,87,86,0,451,0,0,22,0,22,278,87,108,0,473,0,0,0,473
05/23/2022,HOU,TX,ASW,CE,Towers with Radar,304,83,121,0,508,0,4,37,4,45,304,87,158,4,553,0,0,0,553
05/24/2022,HOU,TX,ASW,CE,Towers with Radar,285,67,110,0,462,0,2,22,3,27,285,69,132,3,489,0,0,0,489
05/25/2022,HOU,TX,ASW,CE,Towers with Radar,291,70,142,0,503,0,2,59,2,63,291,72,201,2,566,0,0,0,566
05/26/2022,HOU,TX,ASW,CE,Towers with Radar,307,88,159,0,554,0,2,62,0,64,307,90,221,0,618,0,0,0,618
05/27/2022,HOU,TX,ASW,CE,Towers with Radar,302,86,160,0,548,0,2,64,2,68,302,88,224,2,616,0,0,0,616
05/28/2022,HOU,TX,ASW,CE,Towers with Radar,243,66,60,0,369,0,3,30,3,36,243,69,90,3,405,0,0,0,405
05/29/2022,HOU,TX,ASW,CE,Towers with Radar,298,52,62,0,412,0,2,20,0,22,298,54,82,0,434,0,0,0,434
05/30/2022,HOU,TX,ASW,CE,Towers with Radar,306,63,85,0,454,0,6,26,0,32,306,69,111,0,486,0,0,0,486
05/31/2022,HOU,TX,ASW,CE,Towers with Radar,294,68,140,0,502,0,5,48,2,55,294,73,188,2,557,0,0,0,557
06/01/2022,HOU,TX,ASW,CE,Towers with Radar,293,65,105,0,463,0,2,62,0,64,293,67,167,0,527,0,0,0,527
06/02/2022,HOU,TX,ASW,CE,Towers with Radar,304,65,132,0,501,0,4,67,0,71,304,69,199,0,572,0,0,0,572
06/03/2022,HOU,TX,ASW,CE,Towers with Radar,307,83,104,0,494,0,2,56,5,63,307,85,160,5,557,0,0,0,557
06/04/2022,HOU,TX,ASW,CE,Towers with Radar,231,56,67,8,362,0,2,27,0,29,231,58,94,8,391,0,0,0,391
06/05/2022,HOU,TX,ASW,CE,Towers with Radar,313,72,99,0,484,0,3,27,6,36,313,75,126,6,520,0,0,0,520
06/06/2022,HOU,TX,ASW,CE,Towers with Radar,319,83,83,0,485,0,1,41,0,42,319,84,124,0,527,0,0,0,527
06/07/2022,HOU,TX,ASW,CE,Towers with Radar,319,68,101,0,488,0,4,46,2,52,319,72,147,2,540,0,0,0,540
06/08/2022,HOU,TX,ASW,CE,Towers with Radar,305,83,129,0,517,0,1,49,0,50,305,84,178,0,567,0,0,0,567
06/09/2022,HOU,TX,ASW,CE,Towers with Radar,323,70,107,0,500,0,0,55,3,58,323,70,162,3,558,0,0,0,558
06/10/2022,HOU,TX,ASW,CE,Towers with Radar,326,80,91,1,498,0,0,36,1,37,326,80,127,2,535,0,0,0,535
06/11/2022,HOU,TX,ASW,CE,Towers with Radar,272,51,61,0,384,0,2,29,3,34,272,53,90,3,418,0,0,0,418
06/12/2022,HOU,TX,ASW,CE,Towers with Radar,322,67,101,10,500,0,0,25,0,25,322,67,126,10,525,0,0,0,525
06/13/2022,HOU,TX,ASW,CE,Towers with Radar,321,71,116,0,508,0,0,52,1,53,321,71,168,1,561,0,0,0,561
06/14/2022,HOU,TX,ASW,CE,Towers with Radar,318,75,143,0,536,0,8,52,4,64,318,83,195,4,600,0,0,0,600
06/15/2022,HOU,TX,ASW,CE,Towers with Radar,321,75,130,0,526,0,0,79,0,79,321,75,209,0,605,0,0,0,605
06/16/2022,HOU,TX,ASW,CE,Towers with Radar,309,83,148,0,540,0,5,65,0,70,309,88,213,0,610,0,0,0,610
06/17/2022,HOU,TX,ASW,CE,Towers with Radar,331,72,110,0,513,0,0,44,1,45,331,72,154,1,558,0,0,0,558
06/18/2022,HOU,TX,ASW,CE,Towers with Radar,263,58,87,0,408,0,6,39,0,45,263,64,126,0,453,0,0,0,453
06/19/2022,HOU,TX,ASW,CE,Towers with Radar,321,63,94,0,478,0,2,26,2,30,321,65,120,2,508,0,0,0,508
06/20/2022,HOU,TX,ASW,CE,Towers with Radar,326,83,113,2,524,0,0,46,0,46,326,83,159,2,570,0,0,0,570
06/21/2022,HOU,TX,ASW,CE,Towers with Radar,315,80,128,0,523,0,1,39,1,41,315,81,167,1,564,0,0,0,564
06/22/2022,HOU,TX,ASW,CE,Towers with Radar,310,81,116,0,507,0,0,63,0,63,310,81,179,0,570,0,0,0,570
06/23/2022,HOU,TX,ASW,CE,Towers with Radar,316,81,135,0,532,0,0,57,0,57,316,81,192,0,589,0,0,0,589
06/24/2022,HOU,TX,ASW,CE,Towers with Radar,319,64,104,0,487,0,1,53,1,55,319,65,157,1,542,0,0,0,542
06/25/2022,HOU,TX,ASW,CE,Towers with Radar,269,78,82,0,429,0,0,65,10,75,269,78,147,10,504,0,0,0,504
06/26/2022,HOU,TX,ASW,CE,Towers with Radar,309,60,104,0,473,0,2,44,2,48,309,62,148,2,521,0,0,0,521
06/27/2022,HOU,TX,ASW,CE,Towers with Radar,329,72,96,0,497,0,6,43,1,50,329,78,139,1,547,0,0,0,547
06/28/2022,HOU,TX,ASW,CE,Towers with Radar,317,56,104,0,477,0,1,46,1,48,317,57,150,1,525,0,0,0,525
06/29/2022,HOU,TX,ASW,CE,Towers with Radar,315,56,108,0,479,0,0,38,2,40,315,56,146,2,519,0,0,0,519
06/30/2022,HOU,TX,ASW,CE,Towers with Radar,326,90,135,0,551,0,0,28,0,28,326,90,163,0,579,0,0,0,579
07/01/2022,HOU,TX,ASW,CE,Towers with Radar,323,95,113,0,531,0,0,20,0,20,323,95,133,0,551,0,0,0,551
07/02/2022,HOU,TX,ASW,CE,Towers with Radar,266,64,69,0,399,0,3,27,5,35,266,67,96,5,434,0,0,0,434
07/03/2022,HOU,TX,ASW,CE,Towers with Radar,317,35,35,0,387,0,4,29,4,37,317,39,64,4,424,0,0,0,424
07/04/2022,HOU,TX,ASW,CE,Towers with Radar,326,37,51,0,414,0,2,25,0,27,326,39,76,0,441,0,0,0,441
07/05/2022,HOU,TX,ASW,CE,Towers with Radar,310,70,102,1,483,0,3,53,0,56,310,73,155,1,539,0,0,0,539
07/06/2022,HOU,TX,ASW,CE,Towers with Radar,317,69,81,0,467,0,1,69,6,76,317,70,150,6,543,0,0,0,543
07/07/2022,HOU,TX,ASW,CE,Towers with Radar,328,78,107,0,513,0,2,43,0,45,328,80,150,0,558,0,0,0,558
07/08/2022,HOU,TX,ASW,CE,Towers with Radar,338,70,87,0,495,0,2,46,0,48,338,72,133,0,543,0,0,0,543
07/09/2022,HOU,TX,ASW,CE,Towers with Radar,267,74,74,0,415,0,2,32,6,40,267,76,106,6,455,0,0,0,455
07/10/2022,HOU,TX,ASW,CE,Towers with Radar,324,63,88,2,477,0,5,20,0,25,324,68,108,2,502,0,0,0,502
07/11/2022,HOU,TX,ASW,CE,Towers with Radar,338,68,78,1,485,0,0,41,0,41,338,68,119,1,526,0,0,0,526
07/12/2022,HOU,TX,ASW,CE,Towers with Radar,314,71,111,0,496,0,1,45,1,47,314,72,156,1,543,0,0,0,543
07/13/2022,HOU,TX,ASW,CE,Towers with Radar,320,58,83,0,461,0,0,46,0,46,320,58,129,0,507,0,0,0,507
07/14/2022,HOU,TX,ASW,CE,Towers with Radar,325,60,86,0,471,0,0,34,0,34,325,60,120,0,505,0,0,0,505
07/15/2022,HOU,TX,ASW,CE,Towers with Radar,331,75,111,2,519,0,1,36,1,38,331,76,147,3,557,0,0,0,557
07/16/2022,HOU,TX,ASW,CE,Towers with Radar,264,70,65,0,399,0,0,30,3,33,264,70,95,3,432,0,0,0,432
07/17/2022,HOU,TX,ASW,CE,Towers with Radar,328,47,88,0,463,0,0,32,3,35,328,47,120,3,498,0,0,0,498
07/18/2022,HOU,TX,ASW,CE,Towers with Radar,327,60,83,0,470,0,5,51,3,59,327,65,134,3,529,0,0,0,529
07/19/2022,HOU,TX,ASW,CE,Towers with Radar,324,51,98,0,473,0,3,46,3,52,324,54,144,3,525,0,0,0,525
07/20/2022,HOU,TX,ASW,CE,Towers with Radar,320,89,124,0,533,0,1,58,0,59,320,90,182,0,592,0,0,0,592
07/21/2022,HOU,TX,ASW,CE,Towers with Radar,328,74,117,0,519,0,1,51,0,52,328,75,168,0,571,0,0,0,571
07/22/2022,HOU,TX,ASW,CE,Towers with Radar,339,64,84,0,487,0,0,40,2,42,339,64,124,2,529,0,0,0,529
07/23/2022,HOU,TX,ASW,CE,Towers with Radar,258,56,48,0,362,0,4,31,2,37,258,60,79,2,399,0,0,0,399
07/24/2022,HOU,TX,ASW,CE,Towers with Radar,319,76,98,0,493,0,0,25,0,25,319,76,123,0,518,0,0,0,518
07/25/2022,HOU,TX,ASW,CE,Towers with Radar,323,60,102,0,485,0,0,55,0,55,323,60,157,0,540,0,0,0,540
07/26/2022,HOU,TX,ASW,CE,Towers with Radar,319,92,123,0,534,0,0,57,0,57,319,92,180,0,591,0,0,0,591
07/27/2022,HOU,TX,ASW,CE,Towers with Radar,319,85,143,0,547,0,1,49,0,50,319,86,192,0,597,0,0,0,597
07/28/2022,HOU,TX,ASW,CE,Towers with Radar,327,83,105,0,515,0,3,50,0,53,327,86,155,0,568,0,0,0,568
07/29/2022,HOU,TX,ASW,CE,Towers with Radar,332,67,77,0,476,0,0,25,0,25,332,67,102,0,501,0,0,0,501
07/30/2022,HOU,TX,ASW,CE,Towers with Radar,268,53,79,0,400,0,0,43,3,46,268,53,122,3,446,0,0,0,446
07/31/2022,HOU,TX,ASW,CE,Towers with Radar,326,63,96,0,485,0,0,32,3,35,326,63,128,3,520,0,0,0,520
08/01/2022,HOU,TX,ASW,CE,Towers with Radar,325,79,90,0,494,0,0,26,5,31,325,79,116,5,525,0,0,0,525
08/02/2022,HOU,TX,ASW,CE,Towers with Radar,321,63,99,2,485,0,8,39,1,48,321,71,138,3,533,0,0,0,533
08/03/2022,HOU,TX,ASW,CE,Towers with Radar,310,91,102,0,503,0,2,71,0,73,310,93,173,0,576,0,0,0,576
08/04/2022,HOU,TX,ASW,CE,Towers with Radar,299,88,110,0,497,0,3,63,3,69,299,91,173,3,566,0,0,0,566
08/05/2022,HOU,TX,ASW,CE,Towers with Radar,312,74,78,1,465,0,1,12,0,13,312,75,90,1,478,0,0,0,478
08/06/2022,HOU,TX,ASW,CE,Towers with Radar,273,75,72,1,421,0,1,13,0,14,273,76,85,1,435,0,0,0,435
08/07/2022,HOU,TX,ASW,CE,Towers with Radar,313,48,87,2,450,0,0,38,0,38,313,48,125,2,488,0,0,0,488
08/08/2022,HOU,TX,ASW,CE,Towers with Radar,328,71,109,2,510,0,4,44,1,49,328,75,153,3,559,0,0,0,559
08/09/2022,HOU,TX,ASW,CE,Towers with Radar,314,66,89,0,469,0,0,43,0,43,314,66,132,0,512,0,0,0,512
08/10/2022,HOU,TX,ASW,CE,Towers with Radar,272,74,112,0,458,0,0,19,0,19,272,74,131,0,477,0,0,0,477
08/11/2022,HOU,TX,ASW,CE,Towers with Radar,306,89,127,1,523,0,0,43,0,43,306,89,170,1,566,0,0,0,566
08/12/2022,HOU,TX,ASW,CE,Towers with Radar,332,71,104,2,509,0,1,31,0,32,332,72,135,2,541,0,0,0,541
08/13/2022,HOU,TX,ASW,CE,Towers with Radar,266,56,69,1,392,0,0,34,0,34,266,56,103,1,426,0,0,0,426
08/14/2022,HOU,TX,ASW,CE,Towers with Radar,318,64,75,1,458,0,2,33,1,36,318,66,108,2,494,0,0,0,494
08/15/2022,HOU,TX,ASW,CE,Towers with Radar,318,74,122,1,515,0,4,31,1,36,318,78,153,2,551,0,0,0,551
08/16/2022,HOU,TX,ASW,CE,Towers with Radar,315,65,92,2,474,0,0,42,0,42,315,65,134,2,516,0,0,0,516
08/17/2022,HOU,TX,ASW,CE,Towers with Radar,315,66,128,3,512,0,0,39,3,42,315,66,167,6,554,0,0,0,554
08/18/2022,HOU,TX,ASW,CE,Towers with Radar,305,76,102,0,483,0,0,29,0,29,305,76,131,0,512,0,0,0,512
08/19/2022,HOU,TX,ASW,CE,Towers with Radar,318,72,77,0,467,0,0,15,0,15,318,72,92,0,482,0,0,0,482
08/20/2022,HOU,TX,ASW,CE,Towers with Radar,271,58,42,0,371,0,0,24,1,25,271,58,66,1,396,0,0,0,396
08/21/2022,HOU,TX,ASW,CE,Towers with Radar,316,56,98,2,472,0,0,18,0,18,316,56,116,2,490,0,0,0,490
08/22/2022,HOU,TX,ASW,CE,Towers with Radar,287,71,92,0,450,0,2,45,0,47,287,73,137,0,497,0,0,0,497
08/23/2022,HOU,TX,ASW,CE,Towers with Radar,300,69,111,0,480,0,0,38,0,38,300,69,149,0,518,0,0,0,518
08/24/2022,HOU,TX,ASW,CE,Towers with Radar,318,83,65,0,466,0,0,12,0,12,318,83,77,0,478,0,0,0,478
08/25/2022,HOU,TX,ASW,CE,Towers with Radar,322,86,86,0,494,0,0,42,4,46,322,86,128,4,540,0,0,0,540
08/26/2022,HOU,TX,ASW,CE,Towers with Radar,323,84,97,0,504,0,2,37,3,42,323,86,134,3,546,0,0,0,546
08/27/2022,HOU,TX,ASW,CE,Towers with Radar,274,61,54,0,389,0,1,21,2,24,274,62,75,2,413,0,0,0,413
08/28/2022,HOU,TX,ASW,CE,Towers with Radar,313,62,79,0,454,0,1,33,1,35,313,63,112,1,489,0,0,0,489
08/29/2022,HOU,TX,ASW,CE,Towers with Radar,316,65,67,1,449,0,0,15,0,15,316,65,82,1,464,0,0,0,464
08/30/2022,HOU,TX,ASW,CE,Towers with Radar,310,75,107,9,501,0,9,26,0,35,310,84,133,9,536,0,0,0,536
08/31/2022,HOU,TX,ASW,CE,Towers with Radar,320,96,127,0,543,0,0,54,3,57,320,96,181,3,600,0,0,0,600
09/01/2022,HOU,TX,ASW,CE,Towers with Radar,316,111,116,0,543,0,0,40,0,40,316,111,156,0,583,0,0,0,583
09/02/2022,HOU,TX,ASW,CE,Towers with Radar,335,84,107,0,526,0,0,45,0,45,335,84,152,0,571,0,0,0,571
09/03/2022,HOU,TX,ASW,CE,Towers with Radar,257,37,44,0,338,0,2,16,0,18,257,39,60,0,356,0,0,0,356
09/04/2022,HOU,TX,ASW,CE,Towers with Radar,306,24,40,1,371,0,0,19,0,19,306,24,59,1,390,0,0,0,390
09/05/2022,HOU,TX,ASW,CE,Towers with Radar,327,68,118,1,514,0,0,30,0,30,327,68,148,1,544,0,0,0,544
09/06/2022,HOU,TX,ASW,CE,Towers with Radar,309,78,106,4,497,0,0,50,4,54,309,78,156,8,551,0,0,0,551
09/07/2022,HOU,TX,ASW,CE,Towers with Radar,305,61,124,0,490,0,3,41,0,44,305,64,165,0,534,0,0,0,534
09/08/2022,HOU,TX,ASW,CE,Towers with Radar,329,76,114,2,521,0,0,59,6,65,329,76,173,8,586,0,0,0,586
09/09/2022,HOU,TX,ASW,CE,Towers with Radar,328,78,93,0,499,0,2,43,5,50,328,80,136,5,549,0,0,0,549
09/10/2022,HOU,TX,ASW,CE,Towers with Radar,269,46,50,0,365,0,2,23,0,25,269,48,73,0,390,0,0,0,390
09/11/2022,HOU,TX,ASW,CE,Towers with Radar,308,74,105,0,487,0,8,42,2,52,308,82,147,2,539,0,0,0,539
09/12/2022,HOU,TX,ASW,CE,Towers with Radar,327,68,97,0,492,0,0,50,0,50,327,68,147,0,542,0,0,0,542
09/13/2022,HOU,TX,ASW,CE,Towers with Radar,323,84,110,2,519,0,3,48,1,52,323,87,158,3,571,0,0,0,571
09/14/2022,HOU,TX,ASW,CE,Towers with Radar,307,117,118,0,542,0,3,52,5,60,307,120,170,5,602,0,0,0,602
09/15/2022,HOU,TX,ASW,CE,Towers with Radar,330,93,147,0,570,0,2,57,2,61,330,95,204,2,631,0,0,0,631
09/16/2022,HOU,TX,ASW,CE,Towers with Radar,330,68,125,1,524,0,5,37,0,42,330,73,162,1,566,0,0,0,566
09/17/2022,HOU,TX,ASW,CE,Towers with Radar,259,53,48,0,360,21,11,34,0,66,280,64,82,0,426,0,0,0,426
09/18/2022,HOU,TX,ASW,CE,Towers with Radar,310,87,97,0,494,0,0,26,4,30,310,87,123,4,524,0,0,0,524
09/19/2022,HOU,TX,ASW,CE,Towers with Radar,326,88,117,0,531,0,4,24,6,34,326,92,141,6,565,0,0,0,565
09/20/2022,HOU,TX,ASW,CE,Towers with Radar,313,97,136,0,546,0,2,26,4,32,313,99,162,4,578,0,0,0,578
09/21/2022,HOU,TX,ASW,CE,Towers with Radar,319,102,124,0,545,0,2,46,3,51,319,104,170,3,596,0,0,0,596
09/22/2022,HOU,TX,ASW,CE,Towers with Radar,323,96,137,3,559,0,4,48,0,52,323,100,185,3,611,0,0,0,611
09/23/2022,HOU,TX,ASW,CE,Towers with Radar,321,90,124,0,535,0,0,34,2,36,321,90,158,2,571,0,0,0,571
09/24/2022,HOU,TX,ASW,CE,Towers with Radar,268,73,83,1,425,0,0,25,1,26,268,73,108,2,451,0,0,0,451
09/25/2022,HOU,TX,ASW,CE,Towers with Radar,314,79,97,1,491,0,0,38,3,41,314,79,135,4,532,0,0,0,532
09/26/2022,HOU,TX,ASW,CE,Towers with Radar,320,73,96,1,490,0,1,58,0,59,320,74,154,1,549,0,0,0,549
09/27/2022,HOU,TX,ASW,CE,Towers with Radar,312,70,75,0,457,0,0,61,2,63,312,70,136,2,520,0,0,0,520
09/28/2022,HOU,TX,ASW,CE,Towers with Radar,281,69,99,2,451,0,1,54,2,57,281,70,153,4,508,0,0,0,508
09/29/2022,HOU,TX,ASW,CE,Towers with Radar,306,76,99,0,481,0,4,72,0,76,306,80,171,0,557,0,0,0,557
09/30/2022,HOU,TX,ASW,CE,Towers with Radar,314,91,99,0,504,0,0,49,1,50,314,91,148,1,554,0,0,0,554
10/01/2022,HOU,TX,ASW,CE,Towers with Radar,264,55,69,0,388,0,3,49,4,56,264,58,118,4,444,0,0,0,444
10/02/2022,HOU,TX,ASW,CE,Towers with Radar,317,100,101,0,518,0,2,25,1,28,317,102,126,1,546,0,0,0,546
10/03/2022,HOU,TX,ASW,CE,Towers with Radar,327,75,90,0,492,0,5,56,3,64,327,80,146,3,556,0,0,0,556
10/04/2022,HOU,TX,ASW,CE,Towers with Radar,315,52,94,2,463,0,4,43,0,47,315,56,137,2,510,0,0,0,510
10/05/2022,HOU,TX,ASW,CE,Towers with Radar,320,101,135,2,558,0,0,77,1,78,320,101,212,3,636,0,0,0,636
10/06/2022,HOU,TX,ASW,CE,Towers with Radar,329,87,148,2,566,0,3,68,2,73,329,90,216,4,639,0,0,0,639
10/07/2022,HOU,TX,ASW,CE,Towers with Radar,333,103,110,0,546,0,1,36,0,37,333,104,146,0,583,0,0,0,583
10/08/2022,HOU,TX,ASW,CE,Towers with Radar,269,59,53,1,382,0,1,31,0,32,269,60,84,1,414,0,0,0,414
10/09/2022,HOU,TX,ASW,CE,Towers with Radar,309,89,114,1,513,0,0,36,0,36,309,89,150,1,549,0,0,0,549
10/10/2022,HOU,TX,ASW,CE,Towers with Radar,326,87,108,0,521,0,3,48,0,51,326,90,156,0,572,0,0,0,572
10/11/2022,HOU,TX,ASW,CE,Towers with Radar,326,75,136,0,537,0,6,56,0,62,326,81,192,0,599,0,0,0,599
10/12/2022,HOU,TX,ASW,CE,Towers with Radar,328,72,155,0,555,0,1,55,0,56,328,73,210,0,611,0,0,0,611
10/13/2022,HOU,TX,ASW,CE,Towers with Radar,329,84,136,0,549,0,0,26,1,27,329,84,162,1,576,0,0,0,576
10/14/2022,HOU,TX,ASW,CE,Towers with Radar,336,77,123,1,537,0,5,38,0,43,336,82,161,1,580,0,0,0,580
10/15/2022,HOU,TX,ASW,CE,Towers with Radar,278,57,55,0,390,0,2,38,6,46,278,59,93,6,436,0,0,0,436
10/16/2022,HOU,TX,ASW,CE,Towers with Radar,306,67,94,1,468,0,1,27,0,28,306,68,121,1,496,0,0,0,496
10/17/2022,HOU,TX,ASW,CE,Towers with Radar,329,79,85,1,494,0,0,25,0,25,329,79,110,1,519,0,0,0,519
10/18/2022,HOU,TX,ASW,CE,Towers with Radar,325,70,107,1,503,0,0,59,2,61,325,70,166,3,564,0,0,0,564
10/19/2022,HOU,TX,ASW,CE,Towers with Radar,326,95,131,0,552,0,2,55,1,58,326,97,186,1,610,0,0,0,610
10/20/2022,HOU,TX,ASW,CE,Towers with Radar,329,105,155,0,589,0,0,57,3,60,329,105,212,3,649,0,0,0,649
10/21/2022,HOU,TX,ASW,CE,Towers with Radar,342,103,113,0,558,0,5,49,6,60,342,108,162,6,618,0,0,0,618
10/22/2022,HOU,TX,ASW,CE,Towers with Radar,266,75,63,0,404,0,5,23,0,28,266,80,86,0,432,0,0,0,432
10/23/2022,HOU,TX,ASW,CE,Towers with Radar,311,99,103,0,513,0,1,30,0,31,311,100,133,0,544,0,0,0,544
10/24/2022,HOU,TX,ASW,CE,Towers with Radar,341,91,111,2,545,0,1,41,0,42,341,92,152,2,587,0,0,0,587
10/25/2022,HOU,TX,ASW,CE,Towers with Radar,323,104,101,0,528,0,2,34,0,36,323,106,135,0,564,0,0,0,564
10/26/2022,HOU,TX,ASW,CE,Towers with Radar,327,94,136,3,560,0,2,40,2,44,327,96,176,5,604,0,0,0,604
10/27/2022,HOU,TX,ASW,CE,Towers with Radar,327,128,135,1,591,0,1,67,3,71,327,129,202,4,662,0,0,0,662
10/28/2022,HOU,TX,ASW,CE,Towers with Radar,291,79,110,0,480,0,0,11,0,11,291,79,121,0,491,0,0,0,491
10/29/2022,HOU,TX,ASW,CE,Towers with Radar,280,59,102,0,441,0,4,38,2,44,280,63,140,2,485,0,0,0,485
10/30/2022,HOU,TX,ASW,CE,Towers with Radar,309,113,143,0,565,0,2,31,0,33,309,115,174,0,598,0,0,0,598
10/31/2022,HOU,TX,ASW,CE,Towers with Radar,320,82,93,0,495,0,2,41,0,43,320,84,134,0,538,0,0,0,538
11/01/2022,HOU,TX,ASW,CE,Towers with Radar,325,84,118,0,527,0,0,13,0,13,325,84,131,0,540,0,0,0,540
11/02/2022,HOU,TX,ASW,CE,Towers with Radar,323,83,129,0,535,0,0,76,2,78,323,83,205,2,613,0,0,0,613
11/03/2022,HOU,TX,ASW,CE,Towers with Radar,336,111,157,0,604,0,0,24,1,25,336,111,181,1,629,0,0,0,629
11/04/2022,HOU,TX,ASW,CE,Towers with Radar,307,89,121,0,517,0,5,27,0,32,307,94,148,0,549,0,0,0,549
11/05/2022,HOU,TX,ASW,CE,Towers with Radar,271,61,84,1,417,1,0,31,0,32,272,61,115,1,449,0,0,0,449
11/06/2022,HOU,TX,ASW,CE,Towers with Radar,313,106,118,1,538,0,0,31,0,31,313,106,149,1,569,0,0,0,569
11/07/2022,HOU,TX,ASW,CE,Towers with Radar,324,85,105,0,514,0,0,40,1,41,324,85,145,1,555,0,0,0,555
11/08/2022,HOU,TX,ASW,CE,Towers with Radar,308,82,117,0,507,0,1,50,2,53,308,83,167,2,560,0,0,0,560
11/09/2022,HOU,TX,ASW,CE,Towers with Radar,292,94,140,0,526,0,0,50,2,52,292,94,190,2,578,0,0,0,578
11/10/2022,HOU,TX,ASW,CE,Towers with Radar,304,90,101,0,495,0,0,46,0,46,304,90,147,0,541,0,0,0,541
11/11/2022,HOU,TX,ASW,CE,Towers with Radar,322,87,99,0,508,0,0,20,0,20,322,87,119,0,528,0,0,0,528
11/12/2022,HOU,TX,ASW,CE,Towers with Radar,290,55,58,1,404,0,2,23,0,25,290,57,81,1,429,0,0,0,429
11/13/2022,HOU,TX,ASW,CE,Towers with Radar,317,76,142,0,535,0,2,38,1,41,317,78,180,1,576,0,0,0,576
11/14/2022,HOU,TX,ASW,CE,Towers with Radar,319,90,111,0,520,0,0,24,0,24,319,90,135,0,544,0,0,0,544
11/15/2022,HOU,TX,ASW,CE,Towers with Radar,311,67,113,0,491,0,6,47,0,53,311,73,160,0,544,0,0,0,544
11/16/2022,HOU,TX,ASW,CE,Towers with Radar,302,103,117,0,522,0,0,39,6,45,302,103,156,6,567,0,0,0,567
11/17/2022,HOU,TX,ASW,CE,Towers with Radar,321,81,118,1,521,0,5,55,1,61,321,86,173,2,582,0,0,0,582
11/18/2022,HOU,TX,ASW,CE,Towers with Radar,313,113,142,0,568,0,2,50,4,56,313,115,192,4,624,0,0,0,624
11/19/2022,HOU,TX,ASW,CE,Towers with Radar,286,78,94,2,460,0,0,4,0,4,286,78,98,2,464,0,0,0,464
11/20/2022,HOU,TX,ASW,CE,Towers with Radar,328,91,109,0,528,0,7,22,0,29,328,98,131,0,557,0,0,0,557
11/21/2022,HOU,TX,ASW,CE,Towers with Radar,316,71,92,0,479,0,0,7,1,8,316,71,99,1,487,0,0,0,487
11/22/2022,HOU,TX,ASW,CE,Towers with Radar,323,99,113,2,537,0,1,29,1,31,323,100,142,3,568,0,0,0,568
11/23/2022,HOU,TX,ASW,CE,Towers with Radar,320,75,93,1,489,0,1,21,0,22,320,76,114,1,511,0,0,0,511
11/24/2022,HOU,TX,ASW,CE,Towers with Radar,281,31,15,0,327,0,0,0,0,0,281,31,15,0,327,0,0,0,327
11/25/2022,HOU,TX,ASW,CE,Towers with Radar,305,60,48,0,413,0,0,0,0,0,305,60,48,0,413,0,0,0,413
11/26/2022,HOU,TX,ASW,CE,Towers with Radar,294,61,79,0,434,0,4,13,2,19,294,65,92,2,453,0,0,0,453
11/27/2022,HOU,TX,ASW,CE,Towers with Radar,318,93,135,0,546,0,4,30,2,36,318,97,165,2,582,0,0,0,582
11/28/2022,HOU,TX,ASW,CE,Towers with Radar,317,90,118,0,525,0,1,42,2,45,317,91,160,2,570,0,0,0,570
11/29/2022,HOU,TX,ASW,CE,Towers with Radar,319,87,115,0,521,0,3,18,2,23,319,90,133,2,544,0,0,0,544
11/30/2022,HOU,TX,ASW,CE,Towers with Radar,307,78,120,0,505,0,0,49,3,52,307,78,169,3,557,0,0,0,557
12/01/2022,HOU,TX,ASW,CE,Towers with Radar,309,73,127,0,509,0,3,69,0,72,309,76,196,0,581,0,0,0,581
12/02/2022,HOU,TX,ASW,CE,Towers with Radar,310,97,119,0,526,0,0,17,0,17,310,97,136,0,543,0,0,0,543
12/03/2022,HOU,TX,ASW,CE,Towers with Radar,276,58,61,0,395,0,2,21,1,24,276,60,82,1,419,0,0,0,419
12/04/2022,HOU,TX,ASW,CE,Towers with Radar,323,84,114,0,521,0,2,16,0,18,323,86,130,0,539,0,0,0,539
12/05/2022,HOU,TX,ASW,CE,Towers with Radar,334,93,98,1,526,0,6,26,2,34,334,99,124,3,560,0,0,0,560
12/06/2022,HOU,TX,ASW,CE,Towers with Radar,318,87,130,1,536,0,1,44,0,45,318,88,174,1,581,0,0,0,581
12/07/2022,HOU,TX,ASW,CE,Towers with Radar,319,106,123,1,549,0,1,42,0,43,319,107,165,1,592,0,0,0,592
12/08/2022,HOU,TX,ASW,CE,Towers with Radar,320,95,145,0,560,0,0,44,0,44,320,95,189,0,604,0,0,0,604
12/09/2022,HOU,TX,ASW,CE,Towers with Radar,318,110,109,0,537,0,0,24,0,24,318,110,133,0,561,0,0,0,561
12/10/2022,HOU,TX,ASW,CE,Towers with Radar,287,53,60,1,401,0,0,24,2,26,287,53,84,3,427,0,0,0,427
12/11/2022,HOU,TX,ASW,CE,Towers with Radar,328,63,95,0,486,0,1,15,5,21,328,64,110,5,507,0,0,0,507
12/12/2022,HOU,TX,ASW,CE,Towers with Radar,320,86,108,1,515,0,1,8,0,9,320,87,116,1,524,0,0,0,524
12/13/2022,HOU,TX,ASW,CE,Towers with Radar,311,80,117,0,508,0,0,29,0,29,311,80,146,0,537,0,0,0,537
12/14/2022,HOU,TX,ASW,CE,Towers with Radar,319,88,128,0,535,0,0,38,0,38,319,88,166,0,573,0,0,0,573
12/15/2022,HOU,TX,ASW,CE,Towers with Radar,318,85,151,0,554,0,3,50,2,55,318,88,201,2,609,0,0,0,609
12/16/2022,HOU,TX,ASW,CE,Towers with Radar,332,106,130,0,568,0,0,40,2,42,332,106,170,2,610,0,0,0,610
12/17/2022,HOU,TX,ASW,CE,Towers with Radar,296,63,92,0,451,0,4,28,1,33,296,67,120,1,484,0,0,0,484
12/18/2022,HOU,TX,ASW,CE,Towers with Radar,329,71,106,0,506,0,3,36,0,39,329,74,142,0,545,0,0,0,545
12/19/2022,HOU,TX,ASW,CE,Towers with Radar,327,77,93,0,497,0,2,6,0,8,327,79,99,0,505,0,0,0,505
12/20/2022,HOU,TX,ASW,CE,Towers with Radar,323,75,102,0,500,0,1,26,0,27,323,76,128,0,527,0,0,0,527
12/21/2022,HOU,TX,ASW,CE,Towers with Radar,323,89,98,0,510,0,1,46,1,48,323,90,144,1,558,0,0,0,558
12/22/2022,HOU,TX,ASW,CE,Towers with Radar,319,64,86,0,469,0,2,11,0,13,319,66,97,0,482,0,0,0,482
12/23/2022,HOU,TX,ASW,CE,Towers with Radar,263,65,76,1,405,0,0,21,1,22,263,65,97,2,427,0,0,0,427
12/24/2022,HOU,TX,ASW,CE,Towers with Radar,203,43,30,0,276,0,0,21,1,22,203,43,51,1,298,0,0,0,298
12/25/2022,HOU,TX,ASW,CE,Towers with Radar,181,55,24,0,260,0,2,9,2,13,181,57,33,2,273,0,0,0,273
12/26/2022,HOU,TX,ASW,CE,Towers with Radar,118,94,113,0,325,0,5,29,0,34,118,99,142,0,359,0,0,0,359
12/27/2022,HOU,TX,ASW,CE,Towers with Radar,171,100,122,0,393,0,0,50,5,55,171,100,172,5,448,0,0,0,448
12/28/2022,HOU,TX,ASW,CE,Towers with Radar,189,81,107,0,377,0,4,61,0,65,189,85,168,0,442,0,0,0,442
12/29/2022,HOU,TX,ASW,CE,Towers with Radar,219,90,100,0,409,0,0,9,0,9,219,90,109,0,418,0,0,0,418
12/30/2022,HOU,TX,ASW,CE,Towers with Radar,333,50,73,0,456,0,0,29,0,29,333,50,102,0,485,0,0,0,485
12/31/2022,HOU,TX,ASW,CE,Towers with Radar,297,39,38,0,374,0,1,17,1,19,297,40,55,1,393,0,0,0,393
01/01/2023,HOU,TX,ASW,CE,Towers with Radar,317,69,76,0,462,0,1,6,0,7,317,70,82,0,469,0,0,0,469
01/02/2023,HOU,TX,ASW,CE,Towers with Radar,307,102,150,0,559,0,0,1,0,1,307,102,151,0,560,0,0,0,560
01/03/2023,HOU,TX,ASW,CE,Towers with Radar,346,91,119,0,556,0,3,33,0,36,346,94,152,0,592,0,0,0,592
01/04/2023,HOU,TX,ASW,CE,Towers with Radar,323,54,107,0,484,0,3,71,2,76,323,57,178,2,560,0,0,0,560
01/05/2023,HOU,TX,ASW,CE,Towers with Radar,311,83,121,0,515,0,2,70,0,72,311,85,191,0,587,0,0,0,587
01/06/2023,HOU,TX,ASW,CE,Towers with Radar,306,77,112,0,495,0,1,52,2,55,306,78,164,2,550,0,0,0,550
01/07/2023,HOU,TX,ASW,CE,Towers with Radar,236,64,67,0,367,0,6,23,0,29,236,70,90,0,396,0,0,0,396
01/08/2023,HOU,TX,ASW,CE,Towers with Radar,303,76,104,0,483,0,0,22,0,22,303,76,126,0,505,0,0,0,505
01/09/2023,HOU,TX,ASW,CE,Towers with Radar,313,65,79,0,457,0,1,53,0,54,313,66,132,0,511,0,0,0,511
01/10/2023,HOU,TX,ASW,CE,Towers with Radar,316,71,113,0,500,0,1,35,1,37,316,72,148,1,537,0,0,0,537
01/11/2023,HOU,TX,ASW,CE,Towers with Radar,287,80,129,1,497,0,1,36,0,37,287,81,165,1,534,0,0,0,534
01/12/2023,HOU,TX,ASW,CE,Towers with Radar,325,72,108,0,505,0,0,42,0,42,325,72,150,0,547,0,0,0,547
01/13/2023,HOU,TX,ASW,CE,Towers with Radar,308,66,84,0,458,0,6,53,0,59,308,72,137,0,517,0,0,0,517
01/14/2023,HOU,TX,ASW,CE,Towers with Radar,231,56,53,0,340,0,2,32,0,34,231,58,85,0,374,0,0,0,374
01/15/2023,HOU,TX,ASW,CE,Towers with Radar,300,85,78,0,463,0,0,32,0,32,300,85,110,0,495,0,0,0,495
01/16/2023,HOU,TX,ASW,CE,Towers with Radar,306,75,94,0,475,0,2,35,0,37,306,77,129,0,512,0,0,0,512
01/17/2023,HOU,TX,ASW,CE,Towers with Radar,308,80,115,0,503,0,0,27,0,27,308,80,142,0,530,0,0,0,530
01/18/2023,HOU,TX,ASW,CE,Towers with Radar,296,71,123,2,492,0,2,22,0,24,296,73,145,2,516,0,0,0,516
01/19/2023,HOU,TX,ASW,CE,Towers with Radar,319,92,115,0,526,0,9,63,0,72,319,101,178,0,598,0,0,0,598
01/20/2023,HOU,TX,ASW,CE,Towers with Radar,313,70,114,0,497,0,1,50,0,51,313,71,164,0,548,0,0,0,548
01/21/2023,HOU,TX,ASW,CE,Towers with Radar,237,19,48,0,304,0,0,8,0,8,237,19,56,0,312,0,0,0,312
01/22/2023,HOU,TX,ASW,CE,Towers with Radar,305,78,109,0,492,0,3,27,0,30,305,81,136,0,522,0,0,0,522
01/23/2023,HOU,TX,ASW,CE,Towers with Radar,311,65,90,0,466,0,1,60,2,63,311,66,150,2,529,0,0,0,529
01/24/2023,HOU,TX,ASW,CE,Towers with Radar,305,58,60,0,423,0,0,11,0,11,305,58,71,0,434,0,0,0,434
01/25/2023,HOU,TX,ASW,CE,Towers with Radar,305,80,116,0,501,0,0,49,0,49,305,80,165,0,550,0,0,0,550
01/26/2023,HOU,TX,ASW,CE,Towers with Radar,314,92,142,0,548,0,3,64,0,67,314,95,206,0,615,0,0,0,615
01/27/2023,HOU,TX,ASW,CE,Towers with Radar,313,73,142,0,528,0,5,44,5,54,313,78,186,5,582,0,0,0,582
01/28/2023,HOU,TX,ASW,CE,Towers with Radar,233,40,75,0,348,0,0,16,1,17,233,40,91,1,365,0,0,0,365
01/29/2023,HOU,TX,ASW,CE,Towers with Radar,299,70,85,0,454,0,0,3,0,3,299,70,88,0,457,0,0,0,457
01/30/2023,HOU,TX,ASW,CE,Towers with Radar,281,79,97,0,457,0,0,0,0,0,281,79,97,0,457,0,0,0,457
01/31/2023,HOU,TX,ASW,CE,Towers with Radar,265,67,84,0,416,0,0,0,0,0,265,67,84,0,416,0,0,0,416
02/01/2023,HOU,TX,ASW,CE,Towers with Radar,260,87,110,0,457,0,0,0,0,0,260,87,110,0,457,0,0,0,457
02/02/2023,HOU,TX,ASW,CE,Towers with Radar,315,109,119,0,543,0,0,0,0,0,315,109,119,0,543,0,0,0,543
02/03/2023,HOU,TX,ASW,CE,Towers with Radar,318,89,149,0,556,0,1,40,2,43,318,90,189,2,599,0,0,0,599
02/04/2023,HOU,TX,ASW,CE,Towers with Radar,242,45,46,0,333,0,1,36,2,39,242,46,82,2,372,0,0,0,372
02/05/2023,HOU,TX,ASW,CE,Towers with Radar,314,83,120,0,517,0,5,36,3,44,314,88,156,3,561,0,0,0,561
02/06/2023,HOU,TX,ASW,CE,Towers with Radar,322,82,115,1,520,0,2,51,2,55,322,84,166,3,575,0,0,0,575
02/07/2023,HOU,TX,ASW,CE,Towers with Radar,314,79,110,0,503,0,1,38,1,40,314,80,148,1,543,0,0,0,543
02/08/2023,HOU,TX,ASW,CE,Towers with Radar,313,90,108,2,513,0,2,21,0,23,313,92,129,2,536,0,0,0,536
02/09/2023,HOU,TX,ASW,CE,Towers with Radar,326,90,136,0,552,0,1,78,0,79,326,91,214,0,631,0,0,0,631
02/10/2023,HOU,TX,ASW,CE,Towers with Radar,317,87,108,0,512,0,3,47,0,50,317,90,155,0,562,0,0,0,562
02/11/2023,HOU,TX,ASW,CE,Towers with Radar,244,57,53,0,354,0,2,28,0,30,244,59,81,0,384,0,0,0,384
02/12/2023,HOU,TX,ASW,CE,Towers with Radar,311,65,79,0,455,0,3,27,3,33,311,68,106,3,488,0,0,0,488
02/13/2023,HOU,TX,ASW,CE,Towers with Radar,318,79,133,0,530,0,5,60,2,67,318,84,193,2,597,0,0,0,597
02/14/2023,HOU,TX,ASW,CE,Towers with Radar,319,58,82,0,459,0,3,22,5,30,319,61,104,5,489,0,0,0,489
02/15/2023,HOU,TX,ASW,CE,Towers with Radar,312,93,136,0,541,0,4,6,2,12,312,97,142,2,553,0,0,0,553
02/16/2023,HOU,TX,ASW,CE,Towers with Radar,320,85,131,0,536,0,3,28,0,31,320,88,159,0,567,0,0,0,567
02/17/2023,HOU,TX,ASW,CE,Towers with Radar,235,71,117,0,423,0,8,52,0,60,235,79,169,0,483,0,0,0,483
02/18/2023,HOU,TX,ASW,CE,Towers with Radar,244,48,66,0,358,0,0,20,1,21,244,48,86,1,379,0,0,0,379
02/19/2023,HOU,TX,ASW,CE,Towers with Radar,310,86,85,0,481,0,1,26,4,31,310,87,111,4,512,0,0,0,512
02/20/2023,HOU,TX,ASW,CE,Towers with Radar,326,73,132,0,531,0,2,38,0,40,326,75,170,0,571,0,0,0,571
02/21/2023,HOU,TX,ASW,CE,Towers with Radar,313,70,134,2,519,0,1,44,0,45,313,71,178,2,564,0,0,0,564
02/22/2023,HOU,TX,ASW,CE,Towers with Radar,309,80,106,0,495,0,0,23,0,23,309,80,129,0,518,0,0,0,518
02/23/2023,HOU,TX,ASW,CE,Towers with Radar,320,95,164,0,579,0,2,23,2,27,320,97,187,2,606,0,0,0,606
02/24/2023,HOU,TX,ASW,CE,Towers with Radar,325,100,125,0,550,0,1,36,2,39,325,101,161,2,589,0,0,0,589
02/25/2023,HOU,TX,ASW,CE,Towers with Radar,240,45,44,0,329,0,0,23,0,23,240,45,67,0,352,0,0,0,352
02/26/2023,HOU,TX,ASW,CE,Towers with Radar,314,62,88,0,464,0,1,32,1,34,314,63,120,1,498,0,0,0,498
02/27/2023,HOU,TX,ASW,CE,Towers with Radar,323,77,120,0,520,1,2,41,2,46,324,79,161,2,566,0,0,0,566
02/28/2023,HOU,TX,ASW,CE,Towers with Radar,319,89,92,0,500,0,1,43,0,44,319,90,135,0,544,0,0,0,544
03/01/2023,HOU,TX,ASW,CE,Towers with Radar,311,85,119,4,519,0,2,33,2,37,311,87,152,6,556,0,0,0,556
03/02/2023,HOU,TX,ASW,CE,Towers with Radar,322,79,129,2,532,0,1,22,1,24,322,80,151,3,556,0,0,0,556
03/03/2023,HOU,TX,ASW,CE,Towers with Radar,318,98,129,0,545,0,2,33,0,35,318,100,162,0,580,0,0,0,580
03/04/2023,HOU,TX,ASW,CE,Towers with Radar,244,52,69,0,365,0,0,40,0,40,244,52,109,0,405,0,0,0,405
03/05/2023,HOU,TX,ASW,CE,Towers with Radar,318,71,131,0,520,0,8,41,1,50,318,79,172,1,570,0,0,0,570
03/06/2023,HOU,TX,ASW,CE,Towers with Radar,324,85,124,0,533,0,0,36,0,36,324,85,160,0,569,0,0,0,569
03/07/2023,HOU,TX,ASW,CE,Towers with Radar,315,121,106,4,546,0,0,45,0,45,315,121,151,4,591,0,0,0,591
03/08/2023,HOU,TX,ASW,CE,Towers with Radar,315,110,159,0,584,0,3,61,2,66,315,113,220,2,650,0,0,0,650
03/09/2023,HOU,TX,ASW,CE,Towers with Radar,317,103,137,0,557,0,1,52,1,54,317,104,189,1,611,0,0,0,611
03/10/2023,HOU,TX,ASW,CE,Towers with Radar,323,86,169,0,578,0,1,35,0,36,323,87,204,0,614,0,0,0,614
03/11/2023,HOU,TX,ASW,CE,Towers with Radar,252,99,121,0,472,0,0,30,0,30,252,99,151,0,502,0,0,0,502
03/12/2023,HOU,TX,ASW,CE,Towers with Radar,303,75,97,0,475,0,0,27,2,29,303,75,124,2,504,0,0,0,504
03/13/2023,HOU,TX,ASW,CE,Towers with Radar,330,82,96,0,508,0,4,58,7,69,330,86,154,7,577,0,0,0,577
03/14/2023,HOU,TX,ASW,CE,Towers with Radar,322,79,74,0,475,0,2,65,4,71,322,81,139,4,546,0,0,0,546
03/15/2023,HOU,TX,ASW,CE,Towers with Radar,327,69,120,0,516,0,1,43,3,47,327,70,163,3,563,0,0,0,563
03/16/2023,HOU,TX,ASW,CE,Towers with Radar,326,86,109,0,521,0,2,14,0,16,326,88,123,0,537,0,0,0,537
03/17/2023,HOU,TX,ASW,CE,Towers with Radar,331,96,112,0,539,0,4,20,0,24,331,100,132,0,563,0,0,0,563
03/18/2023,HOU,TX,ASW,CE,Towers with Radar,251,90,129,0,470,0,7,20,0,27,251,97,149,0,497,0,0,0,497
03/19/2023,HOU,TX,ASW,CE,Towers with Radar,300,91,147,0,538,0,0,26,0,26,300,91,173,0,564,0,0,0,564
03/20/2023,HOU,TX,ASW,CE,Towers with Radar,330,73,87,0,490,0,2,50,3,55,330,75,137,3,545,0,0,0,545
03/21/2023,HOU,TX,ASW,CE,Towers with Radar,325,58,121,2,506,0,7,55,2,64,325,65,176,4,570,0,0,0,570
03/22/2023,HOU,TX,ASW,CE,Towers with Radar,320,76,75,2,473,0,0,81,2,83,320,76,156,4,556,0,0,0,556
03/23/2023,HOU,TX,ASW,CE,Towers with Radar,324,82,108,0,514,0,2,42,0,44,324,84,150,0,558,0,0,0,558
03/24/2023,HOU,TX,ASW,CE,Towers with Radar,329,64,91,0,484,0,0,27,0,27,329,64,118,0,511,0,0,0,511
03/25/2023,HOU,TX,ASW,CE,Towers with Radar,250,33,50,0,333,0,0,38,0,38,250,33,88,0,371,0,0,0,371
03/26/2023,HOU,TX,ASW,CE,Towers with Radar,302,65,96,0,463,0,4,16,0,20,302,69,112,0,483,0,0,0,483
03/27/2023,HOU,TX,ASW,CE,Towers with Radar,327,70,99,0,496,0,0,14,0,14,327,70,113,0,510,0,0,0,510
03/28/2023,HOU,TX,ASW,CE,Towers with Radar,322,87,133,0,542,0,1,41,0,42,322,88,174,0,584,0,0,0,584
03/29/2023,HOU,TX,ASW,CE,Towers with Radar,326,78,125,0,529,0,2,64,2,68,326,80,189,2,597,0,0,0,597
03/30/2023,HOU,TX,ASW,CE,Towers with Radar,333,87,142,0,562,0,3,40,0,43,333,90,182,0,605,0,0,0,605
03/31/2023,HOU,TX,ASW,CE,Towers with Radar,333,105,147,0,585,0,2,34,1,37,333,107,181,1,622,0,0,0,622
04/01/2023,HOU,TX,ASW,CE,Towers with Radar,243,129,137,1,510,0,2,56,3,61,243,131,193,4,571,0,0,0,571
04/02/2023,HOU,TX,ASW,CE,Towers with Radar,295,115,166,0,576,0,0,30,2,32,295,115,196,2,608,0,0,0,608
04/03/2023,HOU,TX,ASW,CE,Towers with Radar,337,90,128,0,555,0,1,55,2,58,337,91,183,2,613,0,0,0,613
04/04/2023,HOU,TX,ASW,CE,Towers with Radar,331,121,165,1,618,0,0,21,0,21,331,121,186,1,639,0,0,0,639
04/05/2023,HOU,TX,ASW,CE,Towers with Radar,305,84,118,0,507,0,0,10,0,10,305,84,128,0,517,0,0,0,517
04/06/2023,HOU,TX,ASW,CE,Towers with Radar,337,72,136,0,545,0,0,0,0,0,337,72,136,0,545,0,0,0,545
04/07/2023,HOU,TX,ASW,CE,Towers with Radar,334,62,77,2,475,0,0,0,0,0,334,62,77,2,475,0,0,0,475
04/08/2023,HOU,TX,ASW,CE,Towers with Radar,245,39,48,1,333,0,0,14,0,14,245,39,62,1,347,0,0,0,347
04/09/2023,HOU,TX,ASW,CE,Towers with Radar,293,67,53,1,414,0,0,26,0,26,293,67,79,1,440,0,0,0,440
04/10/2023,HOU,TX,ASW,CE,Towers with Radar,331,98,117,2,548,0,2,54,2,58,331,100,171,4,606,0,0,0,606
04/11/2023,HOU,TX,ASW,CE,Towers with Radar,328,89,104,5,526,0,0,32,0,32,328,89,136,5,558,0,0,0,558
04/12/2023,HOU,TX,ASW,CE,Towers with Radar,323,66,127,1,517,0,1,45,0,46,323,67,172,1,563,0,0,0,563
04/13/2023,HOU,TX,ASW,CE,Towers with Radar,326,56,124,0,506,0,4,50,1,55,326,60,174,1,561,0,0,0,561
04/14/2023,HOU,TX,ASW,CE,Towers with Radar,329,81,121,0,531,0,0,41,0,41,329,81,162,0,572,0,0,0,572
04/15/2023,HOU,TX,ASW,CE,Towers with Radar,257,46,72,0,375,0,2,24,1,27,257,48,96,1,402,0,0,0,402
04/16/2023,HOU,TX,ASW,CE,Towers with Radar,335,80,105,2,522,0,1,30,4,35,335,81,135,6,557,0,0,0,557
04/17/2023,HOU,TX,ASW,CE,Towers with Radar,343,76,114,2,535,0,2,45,1,48,343,78,159,3,583,0,0,0,583
04/18/2023,HOU,TX,ASW,CE,Towers with Radar,321,70,103,1,495,0,0,40,2,42,321,70,143,3,537,0,0,0,537
04/19/2023,HOU,TX,ASW,CE,Towers with Radar,327,85,112,0,524,0,4,46,2,52,327,89,158,2,576,0,0,0,576
04/20/2023,HOU,TX,ASW,CE,Towers with Radar,321,98,119,0,538,0,0,41,1,42,321,98,160,1,580,0,0,0,580
04/21/2023,HOU,TX,ASW,CE,Towers with Radar,351,83,115,0,549,0,0,31,0,31,351,83,146,0,580,0,0,0,580
04/22/2023,HOU,TX,ASW,CE,Towers with Radar,258,62,88,1,409,0,2,30,2,34,258,64,118,3,443,0,0,0,443
04/23/2023,HOU,TX,ASW,CE,Towers with Radar,336,72,125,0,533,0,2,10,1,13,336,74,135,1,546,0,0,0,546
04/24/2023,HOU,TX,ASW,CE,Towers with Radar,341,65,97,0,503,0,1,72,0,73,341,66,169,0,576,0,0,0,576
04/25/2023,HOU,TX,ASW,CE,Towers with Radar,323,92,82,0,497,0,4,51,1,56,323,96,133,1,553,0,0,0,553
04/26/2023,HOU,TX,ASW,CE,Towers with Radar,324,84,108,0,516,0,0,29,3,32,324,84,137,3,548,0,0,0,548
04/27/2023,HOU,TX,ASW,CE,Towers with Radar,338,100,103,2,543,0,1,43,2,46,338,101,146,4,589,0,0,0,589
04/28/2023,HOU,TX,ASW,CE,Towers with Radar,324,67,104,0,495,0,5,43,2,50,324,72,147,2,545,0,0,0,545
04/29/2023,HOU,TX,ASW,CE,Towers with Radar,277,58,51,0,386,0,0,24,2,26,277,58,75,2,412,0,0,0,412
04/30/2023,HOU,TX,ASW,CE,Towers with Radar,333,95,127,0,555,0,0,19,7,26,333,95,146,7,581,0,0,0,581
05/01/2023,HOU,TX,ASW,CE,Towers with Radar,350,80,100,0,530,0,0,59,0,59,350,80,159,0,589,0,0,0,589
05/02/2023,HOU,TX,ASW,CE,Towers with Radar,325,88,105,0,518,0,0,49,4,53,325,88,154,4,571,0,0,0,571
05/03/2023,HOU,TX,ASW,CE,Towers with Radar,331,101,107,2,541,0,2,64,0,66,331,103,171,2,607,0,0,0,607
05/04/2023,HOU,TX,ASW,CE,Towers with Radar,331,102,125,0,558,0,3,44,5,52,331,105,169,5,610,0,0,0,610
05/05/2023,HOU,TX,ASW,CE,Towers with Radar,333,70,89,0,492,0,0,45,0,45,333,70,134,0,537,0,0,0,537
05/06/2023,HOU,TX,ASW,CE,Towers with Radar,260,50,53,0,363,0,0,27,0,27,260,50,80,0,390,0,0,0,390
05/07/2023,HOU,TX,ASW,CE,Towers with Radar,330,71,108,0,509,0,0,11,0,11,330,71,119,0,520,0,0,0,520
05/08/2023,HOU,TX,ASW,CE,Towers with Radar,348,84,109,0,541,0,0,24,0,24,348,84,133,0,565,0,0,0,565
05/09/2023,HOU,TX,ASW,CE,Towers with Radar,316,65,102,0,483,0,1,18,3,22,316,66,120,3,505,0,0,0,505
05/10/2023,HOU,TX,ASW,CE,Towers with Radar,320,81,137,0,538,0,2,14,1,17,320,83,151,1,555,0,0,0,555
05/11/2023,HOU,TX,ASW,CE,Towers with Radar,328,107,130,0,565,0,10,48,2,60,328,117,178,2,625,0,0,0,625
05/12/2023,HOU,TX,ASW,CE,Towers with Radar,329,79,93,0,501,0,0,32,4,36,329,79,125,4,537,0,0,0,537
05/13/2023,HOU,TX,ASW,CE,Towers with Radar,265,52,55,0,372,0,0,5,0,5,265,52,60,0,377,0,0,0,377
05/14/2023,HOU,TX,ASW,CE,Towers with Radar,295,58,85,0,438,0,0,9,0,9,295,58,94,0,447,0,0,0,447
05/15/2023,HOU,TX,ASW,CE,Towers with Radar,336,75,131,0,542,0,1,35,1,37,336,76,166,1,579,0,0,0,579
05/16/2023,HOU,TX,ASW,CE,Towers with Radar,327,82,128,0,537,0,2,40,0,42,327,84,168,0,579,0,0,0,579
05/17/2023,HOU,TX,ASW,CE,Towers with Radar,324,89,129,1,543,0,0,62,4,66,324,89,191,5,609,0,0,0,609
05/18/2023,HOU,TX,ASW,CE,Towers with Radar,324,100,116,2,542,0,4,54,1,59,324,104,170,3,601,0,0,0,601
05/19/2023,HOU,TX,ASW,CE,Towers with Radar,328,74,99,0,501,0,0,39,2,41,328,74,138,2,542,0,0,0,542
05/20/2023,HOU,TX,ASW,CE,Towers with Radar,273,63,66,1,403,0,1,22,1,24,273,64,88,2,427,0,0,0,427
05/21/2023,HOU,TX,ASW,CE,Towers with Radar,337,69,71,0,477,0,3,22,0,25,337,72,93,0,502,0,0,0,502
05/22/2023,HOU,TX,ASW,CE,Towers with Radar,327,85,102,0,514,0,2,47,6,55,327,87,149,6,569,0,0,0,569
05/23/2023,HOU,TX,ASW,CE,Towers with Radar,324,57,112,2,495,0,0,32,2,34,324,57,144,4,529,0,0,0,529
05/24/2023,HOU,TX,ASW,CE,Towers with Radar,319,90,130,1,540,0,2,33,2,37,319,92,163,3,577,0,0,0,577
05/25/2023,HOU,TX,ASW,CE,Towers with Radar,328,89,112,0,529,0,1,51,0,52,328,90,163,0,581,0,0,0,581
05/26/2023,HOU,TX,ASW,CE,Towers with Radar,324,77,132,0,533,0,1,44,1,46,324,78,176,1,579,0,0,0,579
05/27/2023,HOU,TX,ASW,CE,Towers with Radar,260,42,62,0,364,0,2,31,0,33,260,44,93,0,397,0,0,0,397
05/28/2023,HOU,TX,ASW,CE,Towers with Radar,333,41,61,0,435,0,2,19,1,22,333,43,80,1,457,0,0,0,457
05/29/2023,HOU,TX,ASW,CE,Towers with Radar,329,68,85,0,482,0,2,28,1,31,329,70,113,1,513,0,0,0,513
05/30/2023,HOU,TX,ASW,CE,Towers with Radar,320,62,111,0,493,0,2,36,0,38,320,64,147,0,531,0,0,0,531
05/31/2023,HOU,TX,ASW,CE,Towers with Radar,320,82,83,0,485,0,1,44,0,45,320,83,127,0,530,0,0,0,530
06/01/2023,HOU,TX,ASW,CE,Towers with Radar,331,72,121,0,524,0,3,70,1,74,331,75,191,1,598,0,0,0,598
06/02/2023,HOU,TX,ASW,CE,Towers with Radar,326,84,99,0,509,0,2,48,3,53,326,86,147,3,562,0,0,0,562
06/03/2023,HOU,TX,ASW,CE,Towers with Radar,267,70,75,2,414,0,0,36,0,36,267,70,111,2,450,0,0,0,450
06/04/2023,HOU,TX,ASW,CE,Towers with Radar,346,60,72,0,478,0,0,32,0,32,346,60,104,0,510,0,0,0,510
06/05/2023,HOU,TX,ASW,CE,Towers with Radar,326,60,100,0,486,0,2,26,1,29,326,62,126,1,515,0,0,0,515
06/06/2023,HOU,TX,ASW,CE,Towers with Radar,324,76,106,2,508,0,3,36,0,39,324,79,142,2,547,0,0,0,547
06/07/2023,HOU,TX,ASW,CE,Towers with Radar,333,86,110,0,529,0,0,61,1,62,333,86,171,1,591,0,0,0,591
06/08/2023,HOU,TX,ASW,CE,Towers with Radar,330,71,90,0,491,0,9,45,0,54,330,80,135,0,545,0,0,0,545
06/09/2023,HOU,TX,ASW,CE,Towers with Radar,330,80,81,0,491,0,0,65,3,68,330,80,146,3,559,0,0,0,559
06/10/2023,HOU,TX,ASW,CE,Towers with Radar,279,62,58,1,400,0,0,31,6,37,279,62,89,7,437,0,0,0,437
06/11/2023,HOU,TX,ASW,CE,Towers with Radar,363,60,78,0,501,0,0,29,0,29,363,60,107,0,530,0,0,0,530
06/12/2023,HOU,TX,ASW,CE,Towers with Radar,339,62,85,1,487,0,2,50,0,52,339,64,135,1,539,0,0,0,539
06/13/2023,HOU,TX,ASW,CE,Towers with Radar,327,89,95,2,513,0,1,61,0,62,327,90,156,2,575,0,0,0,575
06/14/2023,HOU,TX,ASW,CE,Towers with Radar,328,91,97,0,516,0,0,33,3,36,328,91,130,3,552,0,0,0,552
06/15/2023,HOU,TX,ASW,CE,Towers with Radar,338,96,105,0,539,0,0,47,0,47,338,96,152,0,586,0,0,0,586
06/16/2023,HOU,TX,ASW,CE,Towers with Radar,329,80,79,0,488,0,0,39,2,41,329,80,118,2,529,0,0,0,529
06/17/2023,HOU,TX,ASW,CE,Towers with Radar,285,58,58,0,401,0,0,33,0,33,285,58,91,0,434,0,0,0,434
06/18/2023,HOU,TX,ASW,CE,Towers with Radar,356,67,75,0,498,0,3,21,0,24,356,70,96,0,522,0,0,0,522
06/19/2023,HOU,TX,ASW,CE,Towers with Radar,332,72,90,0,494,0,1,42,0,43,332,73,132,0,537,0,0,0,537
06/20/2023,HOU,TX,ASW,CE,Towers with Radar,328,70,92,2,492,0,2,42,2,46,328,72,134,4,538,0,0,0,538
06/21/2023,HOU,TX,ASW,CE,Towers with Radar,327,99,105,0,531,0,5,42,0,47,327,104,147,0,578,0,0,0,578
06/22/2023,HOU,TX,ASW,CE,Towers with Radar,360,71,114,0,545,0,0,50,1,51,360,71,164,1,596,0,0,0,596
06/23/2023,HOU,TX,ASW,CE,Towers with Radar,333,102,88,0,523,0,0,42,0,42,333,102,130,0,565,0,0,0,565
06/24/2023,HOU,TX,ASW,CE,Towers with Radar,290,52,57,0,399,0,0,22,2,24,290,52,79,2,423,0,0,0,423
06/25/2023,HOU,TX,ASW,CE,Towers with Radar,338,67,84,0,489,0,2,17,5,24,338,69,101,5,513,0,0,0,513
06/26/2023,HOU,TX,ASW,CE,Towers with Radar,345,67,101,0,513,0,3,37,0,40,345,70,138,0,553,0,0,0,553
06/27/2023,HOU,TX,ASW,CE,Towers with Radar,326,83,100,0,509,0,0,34,0,34,326,83,134,0,543,0,0,0,543
06/28/2023,HOU,TX,ASW,CE,Towers with Radar,336,84,104,0,524,0,6,43,0,49,336,90,147,0,573,0,0,0,573
06/29/2023,HOU,TX,ASW,CE,Towers with Radar,332,87,121,0,540,0,0,54,1,55,332,87,175,1,595,0,0,0,595
06/30/2023,HOU,TX,ASW,CE,Towers with Radar,325,91,127,0,543,0,0,33,2,35,325,91,160,2,578,0,0,0,578
07/01/2023,HOU,TX,ASW,CE,Towers with Radar,293,87,100,0,480,0,2,39,3,44,293,89,139,3,524,0,0,0,524
07/02/2023,HOU,TX,ASW,CE,Towers with Radar,352,44,57,0,453,0,3,20,4,27,352,47,77,4,480,0,0,0,480
07/03/2023,HOU,TX,ASW,CE,Towers with Radar,332,34,40,0,406,0,0,48,3,51,332,34,88,3,457,0,0,0,457
07/04/2023,HOU,TX,ASW,CE,Towers with Radar,326,39,31,0,396,0,0,28,2,30,326,39,59,2,426,0,0,0,426
07/05/2023,HOU,TX,ASW,CE,Towers with Radar,322,66,88,2,478,0,6,35,0,41,322,72,123,2,519,0,0,0,519
07/06/2023,HOU,TX,ASW,CE,Towers with Radar,348,59,76,2,485,0,0,32,1,33,348,59,108,3,518,0,0,0,518
07/07/2023,HOU,TX,ASW,CE,Towers with Radar,338,58,74,0,470,0,4,40,0,44,338,62,114,0,514,0,0,0,514
07/08/2023,HOU,TX,ASW,CE,Towers with Radar,289,53,59,0,401,0,3,29,0,32,289,56,88,0,433,0,0,0,433
07/09/2023,HOU,TX,ASW,CE,Towers with Radar,352,67,83,0,502,0,0,24,1,25,352,67,107,1,527,0,0,0,527
07/10/2023,HOU,TX,ASW,CE,Towers with Radar,335,52,75,0,462,0,0,42,7,49,335,52,117,7,511,0,0,0,511
07/11/2023,HOU,TX,ASW,CE,Towers with Radar,345,55,70,1,471,0,0,41,3,44,345,55,111,4,515,0,0,0,515
07/12/2023,HOU,TX,ASW,CE,Towers with Radar,339,75,116,1,531,0,1,39,0,40,339,76,155,1,571,0,0,0,571
07/13/2023,HOU,TX,ASW,CE,Towers with Radar,358,70,95,2,525,0,0,58,0,58,358,70,153,2,583,0,0,0,583
07/14/2023,HOU,TX,ASW,CE,Towers with Radar,344,69,73,0,486,0,0,55,0,55,344,69,128,0,541,0,0,0,541
07/15/2023,HOU,TX,ASW,CE,Towers with Radar,291,69,45,0,405,0,2,19,3,24,291,71,64,3,429,0,0,0,429
07/16/2023,HOU,TX,ASW,CE,Towers with Radar,354,67,81,0,502,0,0,15,0,15,354,67,96,0,517,0,0,0,517
07/17/2023,HOU,TX,ASW,CE,Towers with Radar,357,84,80,0,521,0,0,38,0,38,357,84,118,0,559,0,0,0,559
07/18/2023,HOU,TX,ASW,CE,Towers with Radar,344,64,92,1,501,0,2,43,5,50,344,66,135,6,551,0,0,0,551
07/19/2023,HOU,TX,ASW,CE,Towers with Radar,345,87,84,1,517,0,4,56,2,62,345,91,140,3,579,0,0,0,579
07/20/2023,HOU,TX,ASW,CE,Towers with Radar,357,65,98,0,520,0,3,50,2,55,357,68,148,2,575,0,0,0,575
07/21/2023,HOU,TX,ASW,CE,Towers with Radar,348,58,71,0,477,0,3,39,1,43,348,61,110,1,520,0,0,0,520
07/22/2023,HOU,TX,ASW,CE,Towers with Radar,292,55,44,0,391,0,0,39,5,44,292,55,83,5,435,0,0,0,435
07/23/2023,HOU,TX,ASW,CE,Towers with Radar,363,73,65,0,501,0,2,26,0,28,363,75,91,0,529,0,0,0,529
07/24/2023,HOU,TX,ASW,CE,Towers with Radar,352,74,99,4,529,0,1,50,2,53,352,75,149,6,582,0,0,0,582
07/25/2023,HOU,TX,ASW,CE,Towers with Radar,340,83,82,0,505,0,3,56,2,61,340,86,138,2,566,0,0,0,566
07/26/2023,HOU,TX,ASW,CE,Towers with Radar,354,90,107,0,551,0,1,45,0,46,354,91,152,0,597,0,0,0,597
07/27/2023,HOU,TX,ASW,CE,Towers with Radar,357,72,96,0,525,0,0,61,0,61,357,72,157,0,586,0,0,0,586
07/28/2023,HOU,TX,ASW,CE,Towers with Radar,338,90,111,2,541,0,2,47,0,49,338,92,158,2,590,0,0,0,590
07/29/2023,HOU,TX,ASW,CE,Towers with Radar,295,58,90,0,443,0,0,25,1,26,295,58,115,1,469,0,0,0,469
07/30/2023,HOU,TX,ASW,CE,Towers with Radar,354,79,98,0,531,0,0,23,0,23,354,79,121,0,554,0,0,0,554
07/31/2023,HOU,TX,ASW,CE,Towers with Radar,352,59,89,0,500,0,2,47,1,50,352,61,136,1,550,0,0,0,550
08/01/2023,HOU,TX,ASW,CE,Towers with Radar,341,69,110,0,520,0,0,33,2,35,341,69,143,2,555,0,0,0,555
08/02/2023,HOU,TX,ASW,CE,Towers with Radar,346,82,93,1,522,0,0,31,2,33,346,82,124,3,555,0,0,0,555
08/03/2023,HOU,TX,ASW,CE,Towers with Radar,350,83,92,0,525,0,0,36,7,43,350,83,128,7,568,0,0,0,568
08/04/2023,HOU,TX,ASW,CE,Towers with Radar,353,74,102,0,529,0,2,34,1,37,353,76,136,1,566,0,0,0,566
08/05/2023,HOU,TX,ASW,CE,Towers with Radar,292,41,48,0,381,0,0,21,0,21,292,41,69,0,402,0,0,0,402
08/06/2023,HOU,TX,ASW,CE,Towers with Radar,355,62,75,0,492,0,8,28,0,36,355,70,103,0,528,0,0,0,528
08/07/2023,HOU,TX,ASW,CE,Towers with Radar,352,50,90,0,492,0,2,33,5,40,352,52,123,5,532,0,0,0,532
08/08/2023,HOU,TX,ASW,CE,Towers with Radar,344,76,115,0,535,6,1,48,3,58,350,77,163,3,593,0,0,0,593
08/09/2023,HOU,TX,ASW,CE,Towers with Radar,352,85,95,0,532,0,5,44,4,53,352,90,139,4,585,0,0,0,585
08/10/2023,HOU,TX,ASW,CE,Towers with Radar,348,77,102,0,527,0,0,34,3,37,348,77,136,3,564,0,0,0,564
08/11/2023,HOU,TX,ASW,CE,Towers with Radar,360,72,92,0,524,0,2,52,2,56,360,74,144,2,580,0,0,0,580
08/12/2023,HOU,TX,ASW,CE,Towers with Radar,287,64,46,0,397,0,3,17,0,20,287,67,63,0,417,0,0,0,417
08/13/2023,HOU,TX,ASW,CE,Towers with Radar,355,78,72,2,507,0,2,18,2,22,355,80,90,4,529,0,0,0,529
08/14/2023,HOU,TX,ASW,CE,Towers with Radar,350,77,87,3,517,0,2,33,0,35,350,79,120,3,552,0,0,0,552
08/15/2023,HOU,TX,ASW,CE,Towers with Radar,328,87,85,0,500,0,2,32,0,34,328,89,117,0,534,0,0,0,534
08/16/2023,HOU,TX,ASW,CE,Towers with Radar,315,83,118,0,516,0,0,44,0,44,315,83,162,0,560,0,0,0,560
08/17/2023,HOU,TX,ASW,CE,Towers with Radar,320,77,107,0,504,0,2,35,0,37,320,79,142,0,541,0,0,0,541
08/18/2023,HOU,TX,ASW,CE,Towers with Radar,325,79,103,0,507,0,0,30,0,30,325,79,133,0,537,0,0,0,537
08/19/2023,HOU,TX,ASW,CE,Towers with Radar,260,59,48,0,367,0,0,20,1,21,260,59,68,1,388,0,0,0,388
08/20/2023,HOU,TX,ASW,CE,Towers with Radar,316,60,81,0,457,0,0,22,0,22,316,60,103,0,479,0,0,0,479
08/21/2023,HOU,TX,ASW,CE,Towers with Radar,315,81,92,0,488,0,0,42,0,42,315,81,134,0,530,0,0,0,530
08/22/2023,HOU,TX,ASW,CE,Towers with Radar,315,70,78,0,463,0,1,37,0,38,315,71,115,0,501,0,0,0,501
08/23/2023,HOU,TX,ASW,CE,Towers with Radar,322,68,130,1,521,0,1,43,2,46,322,69,173,3,567,0,0,0,567
08/24/2023,HOU,TX,ASW,CE,Towers with Radar,324,78,110,3,515,0,1,45,3,49,324,79,155,6,564,0,0,0,564
08/25/2023,HOU,TX,ASW,CE,Towers with Radar,319,56,101,2,478,0,4,34,7,45,319,60,135,9,523,0,0,0,523
08/26/2023,HOU,TX,ASW,CE,Towers with Radar,272,46,44,1,363,0,1,31,4,36,272,47,75,5,399,0,0,0,399
08/27/2023,HOU,TX,ASW,CE,Towers with Radar,323,62,64,3,452,0,2,16,1,19,323,64,80,4,471,0,0,0,471
08/28/2023,HOU,TX,ASW,CE,Towers with Radar,327,78,102,0,507,0,5,46,0,51,327,83,148,0,558,0,0,0,558
08/29/2023,HOU,TX,ASW,CE,Towers with Radar,310,73,106,0,489,0,2,43,1,46,310,75,149,1,535,0,0,0,535
08/30/2023,HOU,TX,ASW,CE,Towers with Radar,305,86,122,2,515,0,1,48,0,49,305,87,170,2,564,0,0,0,564
08/31/2023,HOU,TX,ASW,CE,Towers with Radar,324,122,132,0,578,0,0,61,2,63,324,122,193,2,641,0,0,0,641
