01/01/2020,HPN,NY,AEA,EN,Towers with Radar,50,87,79,0,216,0,5,63,0,68,50,92,142,0,284,0,0,0,284
01/02/2020,HPN,NY,AEA,EN,Towers with Radar,46,106,70,0,222,0,13,133,0,146,46,119,203,0,368,70,0,70,438
01/03/2020,HPN,NY,AEA,EN,Towers with Radar,44,117,88,0,249,0,2,1,0,3,44,119,89,0,252,0,0,0,252
01/04/2020,HPN,NY,AEA,EN,Towers with Radar,43,125,100,0,268,0,0,1,0,1,43,125,101,0,269,0,0,0,269
01/05/2020,HPN,NY,AEA,EN,Towers with Radar,54,176,126,0,356,0,2,59,0,61,54,178,185,0,417,1,0,1,418
01/06/2020,HPN,NY,AEA,EN,Towers with Radar,57,93,71,2,223,0,4,80,1,85,57,97,151,3,308,16,0,16,324
01/07/2020,HPN,NY,AEA,EN,Towers with Radar,57,73,63,0,193,0,1,76,0,77,57,74,139,0,270,64,0,64,334
01/08/2020,HPN,NY,AEA,EN,Towers with Radar,60,93,51,0,204,0,4,38,0,42,60,97,89,0,246,14,0,14,260
01/09/2020,HPN,NY,AEA,EN,Towers with Radar,59,86,77,0,222,0,5,130,0,135,59,91,207,0,357,98,0,98,455
01/10/2020,HPN,NY,AEA,EN,Towers with Radar,63,99,97,0,259,0,5,63,0,68,63,104,160,0,327,30,0,30,357
01/11/2020,HPN,NY,AEA,EN,Towers with Radar,42,56,60,0,158,0,2,62,0,64,42,58,122,0,222,38,0,38,260
01/12/2020,HPN,NY,AEA,EN,Towers with Radar,61,99,65,0,225,0,4,45,0,49,61,103,110,0,274,0,0,0,274
01/13/2020,HPN,NY,AEA,EN,Towers with Radar,64,79,98,4,245,0,0,18,0,18,64,79,116,4,263,30,0,30,293
01/14/2020,HPN,NY,AEA,EN,Towers with Radar,62,90,75,0,227,0,0,37,0,37,62,90,112,0,264,60,0,60,324
01/15/2020,HPN,NY,AEA,EN,Towers with Radar,61,106,73,2,242,0,4,131,0,135,61,110,204,2,377,88,0,88,465
01/16/2020,HPN,NY,AEA,EN,Towers with Radar,68,210,111,0,389,0,3,20,0,23,68,213,131,0,412,0,0,0,412
01/17/2020,HPN,NY,AEA,EN,Towers with Radar,58,145,111,0,314,0,14,77,0,91,58,159,188,0,405,0,0,0,405
01/18/2020,HPN,NY,AEA,EN,Towers with Radar,45,51,22,0,118,0,1,33,0,34,45,52,55,0,152,12,0,12,164
01/19/2020,HPN,NY,AEA,EN,Towers with Radar,47,87,67,0,201,0,0,90,0,90,47,87,157,0,291,20,0,20,311
01/20/2020,HPN,NY,AEA,EN,Towers with Radar,61,202,146,0,409,0,15,141,0,156,61,217,287,0,565,58,0,58,623
01/21/2020,HPN,NY,AEA,EN,Towers with Radar,59,103,79,0,241,0,6,88,0,94,59,109,167,0,335,50,0,50,385
01/22/2020,HPN,NY,AEA,EN,Towers with Radar,56,100,84,0,240,0,8,100,0,108,56,108,184,0,348,62,0,62,410
01/23/2020,HPN,NY,AEA,EN,Towers with Radar,57,113,104,0,274,0,8,91,0,99,57,121,195,0,373,16,0,16,389
01/24/2020,HPN,NY,AEA,EN,Towers with Radar,57,129,92,0,278,0,9,141,0,150,57,138,233,0,428,16,0,16,444
01/25/2020,HPN,NY,AEA,EN,Towers with Radar,42,68,33,0,143,0,0,0,0,0,42,68,33,0,143,0,0,0,143
01/26/2020,HPN,NY,AEA,EN,Towers with Radar,66,121,87,0,274,0,6,131,3,140,66,127,218,3,414,46,0,46,460
01/27/2020,HPN,NY,AEA,EN,Towers with Radar,65,82,89,0,236,0,3,94,0,97,65,85,183,0,333,50,0,50,383
01/28/2020,HPN,NY,AEA,EN,Towers with Radar,63,99,100,0,262,0,7,95,1,103,63,106,195,1,365,4,0,4,369
01/29/2020,HPN,NY,AEA,EN,Towers with Radar,61,103,99,0,263,0,2,113,1,116,61,105,212,1,379,50,0,50,429
01/30/2020,HPN,NY,AEA,EN,Towers with Radar,60,117,103,0,280,0,13,85,0,98,60,130,188,0,378,80,0,80,458
01/31/2020,HPN,NY,AEA,EN,Towers with Radar,62,95,97,0,254,0,6,83,0,89,62,101,180,0,343,32,0,32,375
02/01/2020,HPN,NY,AEA,EN,Towers with Radar,41,61,44,0,146,0,0,0,0,0,41,61,44,0,146,0,0,0,146
02/02/2020,HPN,NY,AEA,EN,Towers with Radar,49,114,102,0,265,0,0,84,0,84,49,114,186,0,349,44,0,44,393
02/03/2020,HPN,NY,AEA,EN,Towers with Radar,57,113,103,0,273,0,7,106,0,113,57,120,209,0,386,12,0,12,398
02/04/2020,HPN,NY,AEA,EN,Towers with Radar,68,100,89,0,257,0,7,41,0,48,68,107,130,0,305,14,0,14,319
02/05/2020,HPN,NY,AEA,EN,Towers with Radar,65,112,86,0,263,0,8,88,0,96,65,120,174,0,359,48,0,48,407
02/06/2020,HPN,NY,AEA,EN,Towers with Radar,53,99,65,0,217,0,0,0,0,0,53,99,65,0,217,0,0,0,217
02/07/2020,HPN,NY,AEA,EN,Towers with Radar,61,90,59,0,210,0,2,7,0,9,61,92,66,0,219,0,0,0,219
02/08/2020,HPN,NY,AEA,EN,Towers with Radar,40,63,53,0,156,0,7,125,0,132,40,70,178,0,288,80,0,80,368
02/09/2020,HPN,NY,AEA,EN,Towers with Radar,60,110,89,0,259,0,4,136,1,141,60,114,225,1,400,100,0,100,500
02/10/2020,HPN,NY,AEA,EN,Towers with Radar,61,80,105,0,246,0,2,19,0,21,61,82,124,0,267,8,0,8,275
02/11/2020,HPN,NY,AEA,EN,Towers with Radar,63,80,86,0,229,0,2,14,0,16,63,82,100,0,245,10,0,10,255
02/12/2020,HPN,NY,AEA,EN,Towers with Radar,62,118,87,0,267,0,8,128,0,136,62,126,215,0,403,82,0,82,485
02/13/2020,HPN,NY,AEA,EN,Towers with Radar,65,139,133,0,337,0,0,14,0,14,65,139,147,0,351,0,0,0,351
02/14/2020,HPN,NY,AEA,EN,Towers with Radar,62,150,127,1,340,0,18,63,1,82,62,168,190,2,422,0,0,0,422
02/15/2020,HPN,NY,AEA,EN,Towers with Radar,46,88,69,0,203,0,13,127,0,140,46,101,196,0,343,64,0,64,407
02/16/2020,HPN,NY,AEA,EN,Towers with Radar,48,69,47,0,164,0,6,118,0,124,48,75,165,0,288,142,0,142,430
02/17/2020,HPN,NY,AEA,EN,Towers with Radar,65,178,125,0,368,0,14,124,1,139,65,192,249,1,507,42,0,42,549
02/18/2020,HPN,NY,AEA,EN,Towers with Radar,70,136,145,0,351,0,1,10,0,11,70,137,155,0,362,0,0,0,362
02/19/2020,HPN,NY,AEA,EN,Towers with Radar,66,111,93,0,270,0,9,69,0,78,66,120,162,0,348,44,0,44,392
02/20/2020,HPN,NY,AEA,EN,Towers with Radar,64,96,97,0,257,0,10,100,0,110,64,106,197,0,367,94,0,94,461
02/21/2020,HPN,NY,AEA,EN,Towers with Radar,64,110,117,0,291,0,11,105,0,116,64,121,222,0,407,58,0,58,465
02/22/2020,HPN,NY,AEA,EN,Towers with Radar,48,80,46,0,174,0,7,129,0,136,48,87,175,0,310,84,0,84,394
02/23/2020,HPN,NY,AEA,EN,Towers with Radar,61,128,77,0,266,0,13,186,4,203,61,141,263,4,469,54,10,64,533
02/24/2020,HPN,NY,AEA,EN,Towers with Radar,64,115,87,0,266,0,13,108,0,121,64,128,195,0,387,26,0,26,413
02/25/2020,HPN,NY,AEA,EN,Towers with Radar,67,102,69,0,238,0,22,15,0,37,67,124,84,0,275,39,0,39,314
02/26/2020,HPN,NY,AEA,EN,Towers with Radar,63,101,101,0,265,0,0,2,0,2,63,101,103,0,267,0,0,0,267
02/27/2020,HPN,NY,AEA,EN,Towers with Radar,65,108,100,0,273,0,4,13,0,17,65,112,113,0,290,0,0,0,290
02/28/2020,HPN,NY,AEA,EN,Towers with Radar,62,98,91,0,251,0,5,30,0,35,62,103,121,0,286,0,0,0,286
02/29/2020,HPN,NY,AEA,EN,Towers with Radar,46,74,43,0,163,1,2,112,0,115,47,76,155,0,278,34,0,34,312
03/01/2020,HPN,NY,AEA,EN,Towers with Radar,59,110,100,0,269,0,10,114,0,124,59,120,214,0,393,32,0,32,425
03/02/2020,HPN,NY,AEA,EN,Towers with Radar,66,83,85,0,234,0,12,130,0,142,66,95,215,0,376,111,0,111,487
03/03/2020,HPN,NY,AEA,EN,Towers with Radar,62,92,77,0,231,0,6,48,0,54,62,98,125,0,285,48,0,48,333
03/04/2020,HPN,NY,AEA,EN,Towers with Radar,68,115,89,0,272,0,3,66,0,69,68,118,155,0,341,0,0,0,341
03/05/2020,HPN,NY,AEA,EN,Towers with Radar,65,111,126,0,302,0,7,150,0,157,65,118,276,0,459,50,0,50,509
03/06/2020,HPN,NY,AEA,EN,Towers with Radar,69,136,114,0,319,0,5,39,0,44,69,141,153,0,363,14,0,14,377
03/07/2020,HPN,NY,AEA,EN,Towers with Radar,47,69,44,0,160,0,6,48,0,54,47,75,92,0,214,0,0,0,214
03/08/2020,HPN,NY,AEA,EN,Towers with Radar,59,119,105,0,283,0,15,175,0,190,59,134,280,0,473,80,0,80,553
03/09/2020,HPN,NY,AEA,EN,Towers with Radar,84,103,109,0,296,0,17,163,0,180,84,120,272,0,476,22,0,22,498
03/10/2020,HPN,NY,AEA,EN,Towers with Radar,75,90,81,0,246,0,4,65,2,71,75,94,146,2,317,12,0,12,329
03/11/2020,HPN,NY,AEA,EN,Towers with Radar,67,100,102,0,269,0,7,147,2,156,67,107,249,2,425,90,0,90,515
03/12/2020,HPN,NY,AEA,EN,Towers with Radar,71,142,98,0,311,0,3,47,0,50,71,145,145,0,361,0,0,0,361
03/13/2020,HPN,NY,AEA,EN,Towers with Radar,73,151,124,0,348,0,2,23,0,25,73,153,147,0,373,0,0,0,373
03/14/2020,HPN,NY,AEA,EN,Towers with Radar,57,124,86,0,267,0,5,123,0,128,57,129,209,0,395,108,0,108,503
03/15/2020,HPN,NY,AEA,EN,Towers with Radar,61,107,88,0,256,0,6,142,0,148,61,113,230,0,404,54,0,54,458
03/16/2020,HPN,NY,AEA,EN,Towers with Radar,73,95,67,0,235,0,5,83,0,88,73,100,150,0,323,74,0,74,397
03/17/2020,HPN,NY,AEA,EN,Towers with Radar,73,101,59,0,233,0,1,10,0,11,73,102,69,0,244,32,0,32,276
03/18/2020,HPN,NY,AEA,EN,Towers with Radar,67,77,61,0,205,0,4,106,0,110,67,81,167,0,315,150,0,150,465
03/19/2020,HPN,NY,AEA,EN,Towers with Radar,68,60,54,0,182,0,0,5,0,5,68,60,59,0,187,2,0,2,189
03/20/2020,HPN,NY,AEA,EN,Towers with Radar,58,67,58,0,183,0,0,14,0,14,58,67,72,0,197,0,0,0,197
03/21/2020,HPN,NY,AEA,EN,Towers with Radar,50,60,35,0,145,0,3,85,0,88,50,63,120,0,233,16,0,16,249
03/22/2020,HPN,NY,AEA,EN,Towers with Radar,60,78,41,0,179,0,2,78,0,80,60,80,119,0,259,96,0,96,355
03/23/2020,HPN,NY,AEA,EN,Towers with Radar,36,26,14,0,76,0,0,0,0,0,36,26,14,0,76,0,0,0,76
03/24/2020,HPN,NY,AEA,EN,Towers with Radar,37,47,28,0,112,0,2,22,0,24,37,49,50,0,136,0,0,0,136
03/25/2020,HPN,NY,AEA,EN,Towers with Radar,35,32,27,0,94,0,1,0,0,1,35,33,27,0,95,0,0,0,95
03/26/2020,HPN,NY,AEA,EN,Towers with Radar,35,31,31,0,97,0,4,49,0,53,35,35,80,0,150,2,0,2,152
03/27/2020,HPN,NY,AEA,EN,Towers with Radar,37,31,15,0,83,0,1,35,0,36,37,32,50,0,119,0,0,0,119
03/28/2020,HPN,NY,AEA,EN,Towers with Radar,29,31,9,0,69,0,1,15,0,16,29,32,24,0,85,6,0,6,91
03/29/2020,HPN,NY,AEA,EN,Towers with Radar,38,24,4,0,66,0,0,0,0,0,38,24,4,0,66,0,0,0,66
03/30/2020,HPN,NY,AEA,EN,Towers with Radar,18,16,12,0,46,0,0,1,0,1,18,16,13,0,47,0,0,0,47
03/31/2020,HPN,NY,AEA,EN,Towers with Radar,21,16,14,0,51,0,0,8,0,8,21,16,22,0,59,0,0,0,59
04/01/2020,HPN,NY,AEA,EN,Towers with Radar,18,17,12,0,47,0,2,30,0,32,18,19,42,0,79,4,0,4,83
04/02/2020,HPN,NY,AEA,EN,Towers with Radar,18,19,6,0,43,0,1,11,0,12,18,20,17,0,55,10,0,10,65
04/03/2020,HPN,NY,AEA,EN,Towers with Radar,13,13,7,0,33,0,1,2,0,3,13,14,9,0,36,0,0,0,36
04/04/2020,HPN,NY,AEA,EN,Towers with Radar,16,17,15,0,48,0,0,29,0,29,16,17,44,0,77,0,0,0,77
04/05/2020,HPN,NY,AEA,EN,Towers with Radar,20,15,10,0,45,0,3,28,0,31,20,18,38,0,76,41,0,41,117
04/06/2020,HPN,NY,AEA,EN,Towers with Radar,19,14,10,0,43,0,0,62,0,62,19,14,72,0,105,0,0,0,105
04/07/2020,HPN,NY,AEA,EN,Towers with Radar,21,9,15,2,47,0,0,41,0,41,21,9,56,2,88,4,0,4,92
04/08/2020,HPN,NY,AEA,EN,Towers with Radar,27,14,18,0,59,0,0,13,1,14,27,14,31,1,73,1,0,1,74
04/09/2020,HPN,NY,AEA,EN,Towers with Radar,21,29,13,0,63,0,0,4,0,4,21,29,17,0,67,0,0,0,67
04/10/2020,HPN,NY,AEA,EN,Towers with Radar,12,19,10,0,41,0,6,4,0,10,12,25,14,0,51,0,0,0,51
04/11/2020,HPN,NY,AEA,EN,Towers with Radar,13,16,19,0,48,0,7,47,0,54,13,23,66,0,102,0,0,0,102
04/12/2020,HPN,NY,AEA,EN,Towers with Radar,6,16,10,0,32,0,33,29,0,62,6,49,39,0,94,18,0,18,112
04/13/2020,HPN,NY,AEA,EN,Towers with Radar,4,5,5,1,15,0,0,0,0,0,4,5,5,1,15,0,0,0,15
04/14/2020,HPN,NY,AEA,EN,Towers with Radar,5,15,24,1,45,0,0,40,0,40,5,15,64,1,85,13,0,13,98
04/15/2020,HPN,NY,AEA,EN,Towers with Radar,3,14,11,0,28,0,0,23,0,23,3,14,34,0,51,8,0,8,59
04/16/2020,HPN,NY,AEA,EN,Towers with Radar,2,20,4,0,26,0,1,9,1,11,2,21,13,1,37,0,0,0,37
04/17/2020,HPN,NY,AEA,EN,Towers with Radar,0,7,14,0,21,0,0,27,0,27,0,7,41,0,48,30,0,30,78
04/18/2020,HPN,NY,AEA,EN,Towers with Radar,0,17,13,0,30,0,0,4,0,4,0,17,17,0,34,8,0,8,42
04/19/2020,HPN,NY,AEA,EN,Towers with Radar,0,17,14,0,31,0,1,63,0,64,0,18,77,0,95,2,0,2,97
04/20/2020,HPN,NY,AEA,EN,Towers with Radar,0,14,17,2,33,0,3,36,0,39,0,17,53,2,72,6,0,6,78
04/21/2020,HPN,NY,AEA,EN,Towers with Radar,0,9,7,0,16,0,0,9,0,9,0,9,16,0,25,0,0,0,25
04/22/2020,HPN,NY,AEA,EN,Towers with Radar,0,15,20,0,35,0,0,33,0,33,0,15,53,0,68,10,0,10,78
04/23/2020,HPN,NY,AEA,EN,Towers with Radar,0,14,11,0,25,0,0,28,0,28,0,14,39,0,53,0,0,0,53
04/24/2020,HPN,NY,AEA,EN,Towers with Radar,0,21,25,0,46,0,0,0,0,0,0,21,25,0,46,0,0,0,46
04/25/2020,HPN,NY,AEA,EN,Towers with Radar,2,35,30,0,67,0,0,135,0,135,2,35,165,0,202,30,0,30,232
04/26/2020,HPN,NY,AEA,EN,Towers with Radar,0,52,24,0,76,0,0,5,0,5,0,52,29,0,81,0,0,0,81
04/27/2020,HPN,NY,AEA,EN,Towers with Radar,0,1,9,0,10,0,0,5,0,5,0,1,14,0,15,0,0,0,15
04/28/2020,HPN,NY,AEA,EN,Towers with Radar,0,10,16,0,26,0,0,78,0,78,0,10,94,0,104,6,0,6,110
04/29/2020,HPN,NY,AEA,EN,Towers with Radar,0,1,2,0,3,0,3,1,0,4,0,4,3,0,7,0,0,0,7
04/30/2020,HPN,NY,AEA,EN,Towers with Radar,0,0,0,0,0,0,0,0,0,0,0,0,0,0,0,0,0,0,0
05/01/2020,HPN,NY,AEA,EN,Towers with Radar,0,0,0,0,0,0,0,0,0,0,0,0,0,0,0,0,0,0,0
05/02/2020,HPN,NY,AEA,EN,Towers with Radar,0,0,0,0,0,0,0,3,0,3,0,0,3,0,3,0,0,0,3
05/03/2020,HPN,NY,AEA,EN,Towers with Radar,0,0,0,0,0,0,0,0,0,0,0,0,0,0,0,0,0,0,0
05/04/2020,HPN,NY,AEA,EN,Towers with Radar,0,0,0,0,0,0,0,5,0,5,0,0,5,0,5,0,0,0,5
05/05/2020,HPN,NY,AEA,EN,Towers with Radar,0,0,5,0,5,0,0,43,0,43,0,0,48,0,48,6,0,6,54
05/06/2020,HPN,NY,AEA,EN,Towers with Radar,0,8,13,0,21,0,2,10,0,12,0,10,23,0,33,0,0,0,33
05/07/2020,HPN,NY,AEA,EN,Towers with Radar,0,3,2,0,5,0,0,50,0,50,0,3,52,0,55,3,0,3,58
05/08/2020,HPN,NY,AEA,EN,Towers with Radar,0,10,7,0,17,0,2,29,0,31,0,12,36,0,48,0,0,0,48
05/09/2020,HPN,NY,AEA,EN,Towers with Radar,0,2,4,0,6,0,1,7,0,8,0,3,11,0,14,0,0,0,14
05/10/2020,HPN,NY,AEA,EN,Towers with Radar,0,0,10,0,10,0,3,54,0,57,0,3,64,0,67,0,0,0,67
05/11/2020,HPN,NY,AEA,EN,Towers with Radar,0,4,6,0,10,0,1,8,0,9,0,5,14,0,19,0,0,0,19
05/12/2020,HPN,NY,AEA,EN,Towers with Radar,0,0,7,0,7,0,4,28,0,32,0,4,35,0,39,0,0,0,39
05/13/2020,HPN,NY,AEA,EN,Towers with Radar,0,0,2,0,2,0,2,68,0,70,0,2,70,0,72,26,0,26,98
05/14/2020,HPN,NY,AEA,EN,Towers with Radar,0,8,6,0,14,0,2,64,0,66,0,10,70,0,80,0,0,0,80
05/15/2020,HPN,NY,AEA,EN,Towers with Radar,0,6,10,0,16,0,7,19,0,26,0,13,29,0,42,0,0,0,42
05/16/2020,HPN,NY,AEA,EN,Towers with Radar,0,6,10,0,16,0,4,41,0,45,0,10,51,0,61,0,0,0,61
05/17/2020,HPN,NY,AEA,EN,Towers with Radar,0,21,10,0,31,0,4,73,0,77,0,25,83,0,108,14,0,14,122
05/18/2020,HPN,NY,AEA,EN,Towers with Radar,0,27,7,0,34,0,1,25,0,26,0,28,32,0,60,0,0,0,60
05/19/2020,HPN,NY,AEA,EN,Towers with Radar,0,18,6,0,24,0,3,22,1,26,0,21,28,1,50,2,0,2,52
05/20/2020,HPN,NY,AEA,EN,Towers with Radar,0,25,14,0,39,0,5,40,1,46,0,30,54,1,85,0,0,0,85
05/21/2020,HPN,NY,AEA,EN,Towers with Radar,0,60,50,0,110,0,22,92,0,114,0,82,142,0,224,40,0,40,264
05/22/2020,HPN,NY,AEA,EN,Towers with Radar,0,63,37,0,100,0,16,76,0,92,0,79,113,0,192,34,0,34,226
05/23/2020,HPN,NY,AEA,EN,Towers with Radar,0,52,40,0,92,0,0,1,0,1,0,52,41,0,93,0,0,0,93
05/24/2020,HPN,NY,AEA,EN,Towers with Radar,0,25,38,0,63,0,1,48,0,49,0,26,86,0,112,20,0,20,132
05/25/2020,HPN,NY,AEA,EN,Towers with Radar,0,57,63,0,120,0,5,13,0,18,0,62,76,0,138,0,0,0,138
05/26/2020,HPN,NY,AEA,EN,Towers with Radar,0,52,44,0,96,0,3,21,0,24,0,55,65,0,120,0,0,0,120
05/27/2020,HPN,NY,AEA,EN,Towers with Radar,0,42,50,0,92,0,2,42,0,44,0,44,92,0,136,20,0,20,156
05/28/2020,HPN,NY,AEA,EN,Towers with Radar,0,48,58,0,106,0,0,4,0,4,0,48,62,0,110,0,0,0,110
05/29/2020,HPN,NY,AEA,EN,Towers with Radar,0,42,45,0,87,0,4,4,0,8,0,46,49,0,95,0,0,0,95
05/30/2020,HPN,NY,AEA,EN,Towers with Radar,0,50,47,0,97,0,4,71,0,75,0,54,118,0,172,26,0,26,198
05/31/2020,HPN,NY,AEA,EN,Towers with Radar,0,48,50,0,98,0,12,79,0,91,0,60,129,0,189,30,0,30,219
06/01/2020,HPN,NY,AEA,EN,Towers with Radar,0,48,28,0,76,0,36,34,0,70,0,84,62,0,146,48,0,48,194
06/02/2020,HPN,NY,AEA,EN,Towers with Radar,0,47,42,0,89,0,6,20,0,26,0,53,62,0,115,0,0,0,115
06/03/2020,HPN,NY,AEA,EN,Towers with Radar,0,51,54,0,105,0,8,33,0,41,0,59,87,0,146,6,0,6,152
06/04/2020,HPN,NY,AEA,EN,Towers with Radar,0,61,53,0,114,0,15,77,0,92,0,76,130,0,206,22,0,22,228
06/05/2020,HPN,NY,AEA,EN,Towers with Radar,0,80,69,0,149,0,4,12,0,16,0,84,81,0,165,0,0,0,165
06/06/2020,HPN,NY,AEA,EN,Towers with Radar,0,59,63,0,122,0,17,32,0,49,0,76,95,0,171,40,0,40,211
06/07/2020,HPN,NY,AEA,EN,Towers with Radar,0,49,66,0,115,0,42,61,0,103,0,91,127,0,218,52,0,52,270
06/08/2020,HPN,NY,AEA,EN,Towers with Radar,0,50,35,0,85,0,10,64,0,74,0,60,99,0,159,76,0,76,235
06/09/2020,HPN,NY,AEA,EN,Towers with Radar,0,74,65,0,139,0,2,38,0,40,0,76,103,0,179,65,0,65,244
06/10/2020,HPN,NY,AEA,EN,Towers with Radar,0,65,58,0,123,0,4,49,0,53,0,69,107,0,176,44,0,44,220
06/11/2020,HPN,NY,AEA,EN,Towers with Radar,0,102,52,0,154,0,0,9,1,10,0,102,61,1,164,0,0,0,164
06/12/2020,HPN,NY,AEA,EN,Towers with Radar,0,99,90,0,189,0,13,101,0,114,0,112,191,0,303,52,0,52,355
06/13/2020,HPN,NY,AEA,EN,Towers with Radar,1,90,51,0,142,0,7,73,0,80,1,97,124,0,222,10,0,10,232
06/14/2020,HPN,NY,AEA,EN,Towers with Radar,0,86,51,0,137,0,20,97,0,117,0,106,148,0,254,50,0,50,304
06/15/2020,HPN,NY,AEA,EN,Towers with Radar,0,89,54,0,143,0,17,48,0,65,0,106,102,0,208,44,0,44,252
06/16/2020,HPN,NY,AEA,EN,Towers with Radar,0,70,51,0,121,0,13,42,0,55,0,83,93,0,176,0,0,0,176
06/17/2020,HPN,NY,AEA,EN,Towers with Radar,0,77,64,0,141,0,26,78,0,104,0,103,142,0,245,16,0,16,261
06/18/2020,HPN,NY,AEA,EN,Towers with Radar,0,91,85,0,176,0,10,33,0,43,0,101,118,0,219,14,0,14,233
06/19/2020,HPN,NY,AEA,EN,Towers with Radar,0,92,68,0,160,0,15,89,0,104,0,107,157,0,264,28,0,28,292
06/20/2020,HPN,NY,AEA,EN,Towers with Radar,0,87,66,0,153,0,14,91,0,105,0,101,157,0,258,44,0,44,302
06/21/2020,HPN,NY,AEA,EN,Towers with Radar,0,92,53,0,145,0,32,110,0,142,0,124,163,0,287,68,0,68,355
06/22/2020,HPN,NY,AEA,EN,Towers with Radar,0,93,65,0,158,0,38,57,0,95,0,131,122,0,253,76,0,76,329
06/23/2020,HPN,NY,AEA,EN,Towers with Radar,0,77,63,0,140,0,10,79,0,89,0,87,142,0,229,52,0,52,281
06/24/2020,HPN,NY,AEA,EN,Towers with Radar,0,80,65,0,145,0,5,76,0,81,0,85,141,0,226,0,0,0,226
06/25/2020,HPN,NY,AEA,EN,Towers with Radar,0,69,75,0,144,0,30,116,0,146,0,99,191,0,290,66,0,66,356
06/26/2020,HPN,NY,AEA,EN,Towers with Radar,0,96,75,0,171,0,29,141,0,170,0,125,216,0,341,42,0,42,383
06/27/2020,HPN,NY,AEA,EN,Towers with Radar,0,62,48,0,110,0,10,57,0,67,0,72,105,0,177,74,0,74,251
06/28/2020,HPN,NY,AEA,EN,Towers with Radar,0,111,67,0,178,0,11,102,0,113,0,122,169,0,291,14,0,14,305
06/29/2020,HPN,NY,AEA,EN,Towers with Radar,0,85,67,0,152,0,10,68,0,78,0,95,135,0,230,28,0,28,258
06/30/2020,HPN,NY,AEA,EN,Towers with Radar,0,108,56,0,164,0,6,32,0,38,0,114,88,0,202,6,0,6,208
07/01/2020,HPN,NY,AEA,EN,Towers with Radar,0,114,106,0,220,0,25,54,0,79,0,139,160,0,299,5,0,5,304
07/02/2020,HPN,NY,AEA,EN,Towers with Radar,0,90,71,0,161,0,34,172,0,206,0,124,243,0,367,14,0,14,381
07/03/2020,HPN,NY,AEA,EN,Towers with Radar,0,83,65,0,148,0,11,72,0,83,0,94,137,0,231,42,0,42,273
07/04/2020,HPN,NY,AEA,EN,Towers with Radar,0,45,30,0,75,0,9,64,0,73,0,54,94,0,148,14,0,14,162
07/05/2020,HPN,NY,AEA,EN,Towers with Radar,0,78,66,0,144,0,31,119,0,150,0,109,185,0,294,18,0,18,312
07/06/2020,HPN,NY,AEA,EN,Towers with Radar,0,99,72,0,171,0,25,74,0,99,0,124,146,0,270,34,0,34,304
07/07/2020,HPN,NY,AEA,EN,Towers with Radar,5,98,94,0,197,0,2,11,0,13,5,100,105,0,210,10,0,10,220
07/08/2020,HPN,NY,AEA,EN,Towers with Radar,8,84,63,0,155,0,2,23,0,25,8,86,86,0,180,8,0,8,188
07/09/2020,HPN,NY,AEA,EN,Towers with Radar,8,117,85,0,210,0,21,109,0,130,8,138,194,0,340,70,0,70,410
07/10/2020,HPN,NY,AEA,EN,Towers with Radar,8,80,59,0,147,0,0,0,0,0,8,80,59,0,147,0,0,0,147
07/11/2020,HPN,NY,AEA,EN,Towers with Radar,9,83,65,0,157,0,3,23,0,26,9,86,88,0,183,36,0,36,219
07/12/2020,HPN,NY,AEA,EN,Towers with Radar,9,109,70,0,188,0,38,184,0,222,9,147,254,0,410,30,0,30,440
07/13/2020,HPN,NY,AEA,EN,Towers with Radar,8,74,64,0,146,0,24,89,0,113,8,98,153,0,259,40,0,40,299
07/14/2020,HPN,NY,AEA,EN,Towers with Radar,7,72,61,0,140,0,32,105,0,137,7,104,166,0,277,50,0,50,327
07/15/2020,HPN,NY,AEA,EN,Towers with Radar,8,100,78,0,186,0,9,67,0,76,8,109,145,0,262,6,0,6,268
07/16/2020,HPN,NY,AEA,EN,Towers with Radar,8,80,81,0,169,0,35,136,1,172,8,115,217,1,341,26,0,26,367
07/17/2020,HPN,NY,AEA,EN,Towers with Radar,8,114,86,0,208,0,3,14,0,17,8,117,100,0,225,14,0,14,239
07/18/2020,HPN,NY,AEA,EN,Towers with Radar,8,64,44,0,116,0,18,135,0,153,8,82,179,0,269,86,0,86,355
07/19/2020,HPN,NY,AEA,EN,Towers with Radar,8,89,55,0,152,0,25,162,0,187,8,114,217,0,339,82,0,82,421
07/20/2020,HPN,NY,AEA,EN,Towers with Radar,8,85,52,0,145,0,26,93,0,119,8,111,145,0,264,54,0,54,318
07/21/2020,HPN,NY,AEA,EN,Towers with Radar,7,71,36,0,114,0,12,127,0,139,7,83,163,0,253,52,0,52,305
07/22/2020,HPN,NY,AEA,EN,Towers with Radar,8,73,40,0,121,0,11,75,0,86,8,84,115,0,207,86,0,86,293
07/23/2020,HPN,NY,AEA,EN,Towers with Radar,11,80,54,0,145,0,28,87,0,115,11,108,141,0,260,54,0,54,314
07/24/2020,HPN,NY,AEA,EN,Towers with Radar,8,90,62,0,160,0,20,108,0,128,8,110,170,0,288,41,0,41,329
07/25/2020,HPN,NY,AEA,EN,Towers with Radar,8,77,51,0,136,0,20,126,0,146,8,97,177,0,282,44,0,44,326
07/26/2020,HPN,NY,AEA,EN,Towers with Radar,10,80,57,0,147,0,33,152,0,185,10,113,209,0,332,32,0,32,364
07/27/2020,HPN,NY,AEA,EN,Towers with Radar,7,66,46,0,119,0,59,67,0,126,7,125,113,0,245,28,0,28,273
07/28/2020,HPN,NY,AEA,EN,Towers with Radar,5,80,58,0,143,0,17,106,1,124,5,97,164,1,267,62,0,62,329
07/29/2020,HPN,NY,AEA,EN,Towers with Radar,8,59,64,0,131,0,28,126,0,154,8,87,190,0,285,82,0,82,367
07/30/2020,HPN,NY,AEA,EN,Towers with Radar,2,92,69,0,163,0,38,101,0,139,2,130,170,0,302,54,0,54,356
07/31/2020,HPN,NY,AEA,EN,Towers with Radar,0,124,107,0,231,0,13,108,0,121,0,137,215,0,352,22,0,22,374
08/01/2020,HPN,NY,AEA,EN,Towers with Radar,0,97,64,0,161,0,26,187,0,213,0,123,251,0,374,54,0,54,428
08/02/2020,HPN,NY,AEA,EN,Towers with Radar,0,127,106,0,233,0,16,34,0,50,0,143,140,0,283,0,0,0,283
08/03/2020,HPN,NY,AEA,EN,Towers with Radar,0,75,76,0,151,0,51,92,0,143,0,126,168,0,294,28,0,28,322
08/04/2020,HPN,NY,AEA,EN,Towers with Radar,0,29,24,0,53,0,3,1,0,4,0,32,25,0,57,0,0,0,57
08/05/2020,HPN,NY,AEA,EN,Towers with Radar,2,88,50,0,140,0,22,134,0,156,2,110,184,0,296,42,0,42,338
08/06/2020,HPN,NY,AEA,EN,Towers with Radar,0,75,86,2,163,0,28,155,0,183,0,103,241,2,346,28,0,28,374
08/07/2020,HPN,NY,AEA,EN,Towers with Radar,0,101,65,1,167,0,13,60,1,74,0,114,125,2,241,0,0,0,241
08/08/2020,HPN,NY,AEA,EN,Towers with Radar,0,97,74,0,171,0,13,63,0,76,0,110,137,0,247,38,0,38,285
08/09/2020,HPN,NY,AEA,EN,Towers with Radar,0,102,89,6,197,0,34,121,0,155,0,136,210,6,352,54,0,54,406
08/10/2020,HPN,NY,AEA,EN,Towers with Radar,0,102,56,0,158,0,26,110,0,136,0,128,166,0,294,60,0,60,354
08/11/2020,HPN,NY,AEA,EN,Towers with Radar,0,52,77,0,129,0,14,113,0,127,0,66,190,0,256,42,0,42,298
08/12/2020,HPN,NY,AEA,EN,Towers with Radar,0,88,80,0,168,0,15,65,0,80,0,103,145,0,248,40,0,40,288
08/13/2020,HPN,NY,AEA,EN,Towers with Radar,0,112,78,0,190,0,12,83,0,95,0,124,161,0,285,48,0,48,333
08/14/2020,HPN,NY,AEA,EN,Towers with Radar,0,101,65,0,166,0,43,162,0,205,0,144,227,0,371,24,0,24,395
08/15/2020,HPN,NY,AEA,EN,Towers with Radar,0,105,73,0,178,0,21,122,0,143,0,126,195,0,321,6,0,6,327
08/16/2020,HPN,NY,AEA,EN,Towers with Radar,0,153,112,0,265,0,2,6,0,8,0,155,118,0,273,0,0,0,273
08/17/2020,HPN,NY,AEA,EN,Towers with Radar,0,104,66,0,170,0,25,103,0,128,0,129,169,0,298,56,0,56,354
08/18/2020,HPN,NY,AEA,EN,Towers with Radar,0,68,50,0,118,0,19,137,0,156,0,87,187,0,274,64,0,64,338
08/19/2020,HPN,NY,AEA,EN,Towers with Radar,0,102,104,0,206,0,13,82,0,95,0,115,186,0,301,50,0,50,351
08/20/2020,HPN,NY,AEA,EN,Towers with Radar,0,81,63,0,144,0,31,165,0,196,0,112,228,0,340,50,0,50,390
08/21/2020,HPN,NY,AEA,EN,Towers with Radar,0,93,62,0,155,0,32,150,0,182,0,125,212,0,337,72,0,72,409
08/22/2020,HPN,NY,AEA,EN,Towers with Radar,0,83,66,0,149,0,29,151,0,180,0,112,217,0,329,70,0,70,399
08/23/2020,HPN,NY,AEA,EN,Towers with Radar,0,93,92,0,185,0,31,162,0,193,0,124,254,0,378,18,0,18,396
08/24/2020,HPN,NY,AEA,EN,Towers with Radar,0,96,79,0,175,0,34,120,0,154,0,130,199,0,329,16,0,16,345
08/25/2020,HPN,NY,AEA,EN,Towers with Radar,0,73,51,0,124,0,20,72,0,92,0,93,123,0,216,58,0,58,274
08/26/2020,HPN,NY,AEA,EN,Towers with Radar,0,84,72,0,156,0,34,157,0,191,0,118,229,0,347,46,0,46,393
08/27/2020,HPN,NY,AEA,EN,Towers with Radar,0,99,66,0,165,0,62,29,0,91,0,161,95,0,256,16,0,16,272
08/28/2020,HPN,NY,AEA,EN,Towers with Radar,0,86,71,0,157,0,29,164,0,193,0,115,235,0,350,74,0,74,424
08/29/2020,HPN,NY,AEA,EN,Towers with Radar,0,99,66,0,165,0,1,4,0,5,0,100,70,0,170,0,0,0,170
08/30/2020,HPN,NY,AEA,EN,Towers with Radar,0,94,71,0,165,0,37,178,0,215,0,131,249,0,380,20,0,20,400
08/31/2020,HPN,NY,AEA,EN,Towers with Radar,0,78,70,2,150,0,39,127,0,166,0,117,197,2,316,20,0,20,336
09/01/2020,HPN,NY,AEA,EN,Towers with Radar,0,93,74,0,167,0,19,45,0,64,0,112,119,0,231,62,0,62,293
09/02/2020,HPN,NY,AEA,EN,Towers with Radar,1,101,66,0,168,0,6,8,0,14,1,107,74,0,182,15,0,15,197
09/03/2020,HPN,NY,AEA,EN,Towers with Radar,0,96,91,0,187,0,60,113,0,173,0,156,204,0,360,68,0,68,428
09/04/2020,HPN,NY,AEA,EN,Towers with Radar,0,80,77,0,157,0,67,117,0,184,0,147,194,0,341,51,0,51,392
09/05/2020,HPN,NY,AEA,EN,Towers with Radar,0,51,51,0,102,0,31,131,0,162,0,82,182,0,264,83,0,83,347
09/06/2020,HPN,NY,AEA,EN,Towers with Radar,2,64,42,0,108,0,23,139,0,162,2,87,181,0,270,54,0,54,324
09/07/2020,HPN,NY,AEA,EN,Towers with Radar,0,117,71,0,188,0,52,167,0,219,0,169,238,0,407,18,0,18,425
09/08/2020,HPN,NY,AEA,EN,Towers with Radar,0,110,69,0,179,0,19,102,0,121,0,129,171,0,300,76,0,76,376
09/09/2020,HPN,NY,AEA,EN,Towers with Radar,0,98,63,0,161,0,13,110,0,123,0,111,173,0,284,20,0,20,304
09/10/2020,HPN,NY,AEA,EN,Towers with Radar,0,96,72,0,168,0,3,16,0,19,0,99,88,0,187,0,0,0,187
09/11/2020,HPN,NY,AEA,EN,Towers with Radar,0,80,85,0,165,0,44,105,0,149,0,124,190,0,314,45,0,45,359
09/12/2020,HPN,NY,AEA,EN,Towers with Radar,0,78,43,0,121,0,48,140,0,188,0,126,183,0,309,102,0,102,411
09/13/2020,HPN,NY,AEA,EN,Towers with Radar,0,139,103,0,242,0,24,138,0,162,0,163,241,0,404,16,0,16,420
09/14/2020,HPN,NY,AEA,EN,Towers with Radar,2,88,67,2,159,0,12,81,0,93,2,100,148,2,252,30,0,30,282
09/15/2020,HPN,NY,AEA,EN,Towers with Radar,0,67,67,2,136,0,24,106,0,130,0,91,173,2,266,50,0,50,316
09/16/2020,HPN,NY,AEA,EN,Towers with Radar,0,102,74,0,176,0,26,116,0,142,0,128,190,0,318,68,0,68,386
09/17/2020,HPN,NY,AEA,EN,Towers with Radar,0,99,64,0,163,0,20,125,0,145,0,119,189,0,308,38,0,38,346
09/18/2020,HPN,NY,AEA,EN,Towers with Radar,2,102,90,0,194,0,12,85,1,98,2,114,175,1,292,42,0,42,334
09/19/2020,HPN,NY,AEA,EN,Towers with Radar,2,54,43,0,99,0,10,141,0,151,2,64,184,0,250,66,0,66,316
09/20/2020,HPN,NY,AEA,EN,Towers with Radar,0,112,71,0,183,0,36,144,1,181,0,148,215,1,364,30,0,30,394
09/21/2020,HPN,NY,AEA,EN,Towers with Radar,0,88,70,0,158,0,31,134,0,165,0,119,204,0,323,36,0,36,359
09/22/2020,HPN,NY,AEA,EN,Towers with Radar,0,70,64,0,134,0,17,92,0,109,0,87,156,0,243,12,0,12,255
09/23/2020,HPN,NY,AEA,EN,Towers with Radar,0,76,71,0,147,0,15,123,0,138,0,91,194,0,285,50,0,50,335
09/24/2020,HPN,NY,AEA,EN,Towers with Radar,0,80,72,0,152,0,47,168,0,215,0,127,240,0,367,62,0,62,429
09/25/2020,HPN,NY,AEA,EN,Towers with Radar,0,106,87,0,193,0,30,165,0,195,0,136,252,0,388,36,0,36,424
09/26/2020,HPN,NY,AEA,EN,Towers with Radar,0,89,65,0,154,0,1,53,0,54,0,90,118,0,208,22,0,22,230
09/27/2020,HPN,NY,AEA,EN,Towers with Radar,0,132,103,0,235,0,4,64,0,68,0,136,167,0,303,6,0,6,309
09/28/2020,HPN,NY,AEA,EN,Towers with Radar,0,107,91,0,198,0,5,41,0,46,0,112,132,0,244,70,0,70,314
09/29/2020,HPN,NY,AEA,EN,Towers with Radar,0,103,76,0,179,0,0,3,0,3,0,103,79,0,182,0,0,0,182
09/30/2020,HPN,NY,AEA,EN,Towers with Radar,0,73,75,0,148,0,7,63,0,70,0,80,138,0,218,32,0,32,250
10/01/2020,HPN,NY,AEA,EN,Towers with Radar,7,81,81,0,169,0,19,100,0,119,7,100,181,0,288,0,0,0,288
10/02/2020,HPN,NY,AEA,EN,Towers with Radar,9,111,98,0,218,0,15,57,0,72,9,126,155,0,290,0,0,0,290
10/03/2020,HPN,NY,AEA,EN,Towers with Radar,7,68,45,0,120,0,13,180,0,193,7,81,225,0,313,82,0,82,395
10/04/2020,HPN,NY,AEA,EN,Towers with Radar,10,99,102,0,211,0,26,185,0,211,10,125,287,0,422,64,0,64,486
10/05/2020,HPN,NY,AEA,EN,Towers with Radar,9,83,78,0,170,0,8,60,0,68,9,91,138,0,238,46,0,46,284
10/06/2020,HPN,NY,AEA,EN,Towers with Radar,5,62,65,0,132,0,11,113,0,124,5,73,178,0,256,56,0,56,312
10/07/2020,HPN,NY,AEA,EN,Towers with Radar,5,81,63,0,149,0,11,70,2,83,5,92,133,2,232,28,0,28,260
10/08/2020,HPN,NY,AEA,EN,Towers with Radar,11,122,79,0,212,0,27,111,0,138,11,149,190,0,350,14,0,14,364
10/09/2020,HPN,NY,AEA,EN,Towers with Radar,13,117,91,0,221,0,44,174,0,218,13,161,265,0,439,60,0,60,499
10/10/2020,HPN,NY,AEA,EN,Towers with Radar,8,70,60,0,138,0,11,142,0,153,8,81,202,0,291,46,0,46,337
10/11/2020,HPN,NY,AEA,EN,Towers with Radar,14,88,76,0,178,0,12,159,0,171,14,100,235,0,349,92,0,92,441
10/12/2020,HPN,NY,AEA,EN,Towers with Radar,14,145,107,0,266,0,0,7,0,7,14,145,114,0,273,0,0,0,273
10/13/2020,HPN,NY,AEA,EN,Towers with Radar,5,104,99,0,208,0,1,3,0,4,5,105,102,0,212,6,0,6,218
10/14/2020,HPN,NY,AEA,EN,Towers with Radar,8,87,86,0,181,0,17,178,3,198,8,104,264,3,379,100,0,100,479
10/15/2020,HPN,NY,AEA,EN,Towers with Radar,13,100,96,0,209,0,18,156,0,174,13,118,252,0,383,38,0,38,421
10/16/2020,HPN,NY,AEA,EN,Towers with Radar,12,122,118,0,252,0,1,7,0,8,12,123,125,0,260,6,0,6,266
10/17/2020,HPN,NY,AEA,EN,Towers with Radar,8,71,61,0,140,0,17,131,0,148,8,88,192,0,288,120,0,120,408
10/18/2020,HPN,NY,AEA,EN,Towers with Radar,15,100,92,0,207,0,16,164,0,180,15,116,256,0,387,138,0,138,525
10/19/2020,HPN,NY,AEA,EN,Towers with Radar,18,95,89,0,202,0,6,85,0,91,18,101,174,0,293,112,0,112,405
10/20/2020,HPN,NY,AEA,EN,Towers with Radar,7,90,103,0,200,0,1,8,0,9,7,91,111,0,209,0,0,0,209
10/21/2020,HPN,NY,AEA,EN,Towers with Radar,6,89,84,0,179,0,1,10,0,11,6,90,94,0,190,0,0,0,190
10/22/2020,HPN,NY,AEA,EN,Towers with Radar,14,130,129,2,275,0,0,8,0,8,14,130,137,2,283,4,0,4,287
10/23/2020,HPN,NY,AEA,EN,Towers with Radar,13,116,119,0,248,0,1,15,0,16,13,117,134,0,264,0,0,0,264
10/24/2020,HPN,NY,AEA,EN,Towers with Radar,18,152,150,0,320,0,1,46,0,47,18,153,196,0,367,14,0,14,381
10/25/2020,HPN,NY,AEA,EN,Towers with Radar,29,192,128,0,349,0,13,324,0,337,29,205,452,0,686,150,0,150,836
10/26/2020,HPN,NY,AEA,EN,Towers with Radar,14,71,81,2,168,0,0,0,0,0,14,71,81,2,168,0,0,0,168
10/27/2020,HPN,NY,AEA,EN,Towers with Radar,5,72,89,0,166,0,24,61,0,85,5,96,150,0,251,122,0,122,373
10/28/2020,HPN,NY,AEA,EN,Towers with Radar,6,89,94,0,189,0,1,19,0,20,6,90,113,0,209,8,0,8,217
10/29/2020,HPN,NY,AEA,EN,Towers with Radar,10,81,64,0,155,0,0,2,0,2,10,81,66,0,157,12,0,12,169
10/30/2020,HPN,NY,AEA,EN,Towers with Radar,6,84,76,0,166,0,3,22,0,25,6,87,98,0,191,50,0,50,241
10/31/2020,HPN,NY,AEA,EN,Towers with Radar,7,69,62,0,138,0,52,139,0,191,7,121,201,0,329,68,0,68,397
11/01/2020,HPN,NY,AEA,EN,Towers with Radar,19,98,81,0,198,0,4,58,0,62,19,102,139,0,260,32,0,32,292
11/02/2020,HPN,NY,AEA,EN,Towers with Radar,14,71,51,0,136,1,1,13,0,15,15,72,64,0,151,22,0,22,173
11/03/2020,HPN,NY,AEA,EN,Towers with Radar,6,69,46,0,121,0,14,62,0,76,6,83,108,0,197,32,0,32,229
11/04/2020,HPN,NY,AEA,EN,Towers with Radar,5,65,58,0,128,0,21,99,0,120,5,86,157,0,248,71,0,71,319
11/05/2020,HPN,NY,AEA,EN,Towers with Radar,15,93,76,0,184,0,9,115,0,124,15,102,191,0,308,166,0,166,474
11/06/2020,HPN,NY,AEA,EN,Towers with Radar,16,73,75,0,164,0,7,157,0,164,16,80,232,0,328,174,0,174,502
11/07/2020,HPN,NY,AEA,EN,Towers with Radar,11,68,37,0,116,0,2,199,0,201,11,70,236,0,317,148,0,148,465
11/08/2020,HPN,NY,AEA,EN,Towers with Radar,15,73,79,0,167,1,12,200,0,213,16,85,279,0,380,100,0,100,480
11/09/2020,HPN,NY,AEA,EN,Towers with Radar,13,77,36,1,127,0,10,123,0,133,13,87,159,1,260,110,0,110,370
11/10/2020,HPN,NY,AEA,EN,Towers with Radar,5,81,54,0,140,0,9,101,0,110,5,90,155,0,250,55,0,55,305
11/11/2020,HPN,NY,AEA,EN,Towers with Radar,6,66,68,0,140,0,0,0,0,0,6,66,68,0,140,0,0,0,140
11/12/2020,HPN,NY,AEA,EN,Towers with Radar,14,86,104,0,204,0,1,19,0,20,14,87,123,0,224,26,0,26,250
11/13/2020,HPN,NY,AEA,EN,Towers with Radar,18,90,93,0,201,0,3,20,0,23,18,93,113,0,224,24,0,24,248
11/14/2020,HPN,NY,AEA,EN,Towers with Radar,8,74,50,0,132,0,8,186,0,194,8,82,236,0,326,130,0,130,456
11/15/2020,HPN,NY,AEA,EN,Towers with Radar,13,85,51,0,149,0,0,73,0,73,13,85,124,0,222,98,0,98,320
11/16/2020,HPN,NY,AEA,EN,Towers with Radar,15,76,70,0,161,0,4,75,0,79,15,80,145,0,240,2,0,2,242
11/17/2020,HPN,NY,AEA,EN,Towers with Radar,6,80,75,0,161,0,3,62,0,65,6,83,137,0,226,150,0,150,376
11/18/2020,HPN,NY,AEA,EN,Towers with Radar,16,68,75,0,159,0,5,59,0,64,16,73,134,0,223,34,0,34,257
11/19/2020,HPN,NY,AEA,EN,Towers with Radar,20,106,80,0,206,0,12,114,0,126,20,118,194,0,332,109,0,109,441
11/20/2020,HPN,NY,AEA,EN,Towers with Radar,23,114,105,0,242,0,19,127,0,146,23,133,232,0,388,38,0,38,426
11/21/2020,HPN,NY,AEA,EN,Towers with Radar,24,119,105,0,248,0,8,165,0,173,24,127,270,0,421,56,0,56,477
11/22/2020,HPN,NY,AEA,EN,Towers with Radar,21,126,132,0,279,0,2,39,0,41,21,128,171,0,320,28,0,28,348
11/23/2020,HPN,NY,AEA,EN,Towers with Radar,19,99,76,0,194,0,5,31,0,36,19,104,107,0,230,2,0,2,232
11/24/2020,HPN,NY,AEA,EN,Towers with Radar,22,108,69,0,199,0,21,57,0,78,22,129,126,0,277,0,0,0,277
11/25/2020,HPN,NY,AEA,EN,Towers with Radar,22,90,86,0,198,0,10,36,0,46,22,100,122,0,244,0,0,0,244
11/26/2020,HPN,NY,AEA,EN,Towers with Radar,3,30,26,0,59,0,0,4,0,4,3,30,30,0,63,0,0,0,63
11/27/2020,HPN,NY,AEA,EN,Towers with Radar,17,50,55,0,122,0,9,37,1,47,17,59,92,1,169,0,0,0,169
11/28/2020,HPN,NY,AEA,EN,Towers with Radar,22,89,69,0,180,0,10,51,0,61,22,99,120,0,241,0,0,0,241
11/29/2020,HPN,NY,AEA,EN,Towers with Radar,26,137,126,0,289,0,34,103,0,137,26,171,229,0,426,0,0,0,426
11/30/2020,HPN,NY,AEA,EN,Towers with Radar,22,85,61,0,168,0,1,1,0,2,22,86,62,0,170,0,0,0,170
12/01/2020,HPN,NY,AEA,EN,Towers with Radar,17,96,99,0,212,0,2,19,0,21,17,98,118,0,233,0,0,0,233
12/02/2020,HPN,NY,AEA,EN,Towers with Radar,13,87,63,0,163,0,3,30,0,33,13,90,93,0,196,0,0,0,196
12/03/2020,HPN,NY,AEA,EN,Towers with Radar,14,72,63,0,149,0,75,62,0,137,14,147,125,0,286,18,0,18,304
12/04/2020,HPN,NY,AEA,EN,Towers with Radar,19,98,73,0,190,0,37,39,0,76,19,135,112,0,266,32,0,32,298
12/05/2020,HPN,NY,AEA,EN,Towers with Radar,12,50,32,0,94,0,0,7,0,7,12,50,39,0,101,0,0,0,101
12/06/2020,HPN,NY,AEA,EN,Towers with Radar,15,81,65,0,161,0,25,57,0,82,15,106,122,0,243,16,0,16,259
12/07/2020,HPN,NY,AEA,EN,Towers with Radar,14,57,65,0,136,0,4,93,0,97,14,61,158,0,233,62,4,66,299
12/08/2020,HPN,NY,AEA,EN,Towers with Radar,8,55,76,0,139,0,4,59,0,63,8,59,135,0,202,26,0,26,228
12/09/2020,HPN,NY,AEA,EN,Towers with Radar,9,51,61,0,121,0,1,33,0,34,9,52,94,0,155,18,0,18,173
12/10/2020,HPN,NY,AEA,EN,Towers with Radar,17,81,75,0,173,0,7,114,1,122,17,88,189,1,295,68,0,68,363
12/11/2020,HPN,NY,AEA,EN,Towers with Radar,15,106,94,0,215,0,5,145,0,150,15,111,239,0,365,68,0,68,433
12/12/2020,HPN,NY,AEA,EN,Towers with Radar,9,62,50,0,121,0,0,0,0,0,9,62,50,0,121,0,0,0,121
12/13/2020,HPN,NY,AEA,EN,Towers with Radar,15,108,93,0,216,0,8,158,0,166,15,116,251,0,382,58,0,58,440
12/14/2020,HPN,NY,AEA,EN,Towers with Radar,13,70,59,0,142,1,4,5,0,10,14,74,64,0,152,0,0,0,152
12/15/2020,HPN,NY,AEA,EN,Towers with Radar,12,121,73,0,206,0,8,114,0,122,12,129,187,0,328,100,0,100,428
12/16/2020,HPN,NY,AEA,EN,Towers with Radar,9,61,59,0,129,0,7,31,0,38,9,68,90,0,167,66,0,66,233
12/17/2020,HPN,NY,AEA,EN,Towers with Radar,12,53,41,0,106,1,2,8,0,11,13,55,49,0,117,0,0,0,117
12/18/2020,HPN,NY,AEA,EN,Towers with Radar,27,129,132,0,288,0,3,91,0,94,27,132,223,0,382,34,0,34,416
12/19/2020,HPN,NY,AEA,EN,Towers with Radar,31,148,152,2,333,0,6,105,0,111,31,154,257,2,444,12,0,12,456
12/20/2020,HPN,NY,AEA,EN,Towers with Radar,32,145,82,0,259,0,1,21,0,22,32,146,103,0,281,10,0,10,291
12/21/2020,HPN,NY,AEA,EN,Towers with Radar,20,134,84,0,238,1,2,35,0,38,21,136,119,0,276,60,0,60,336
12/22/2020,HPN,NY,AEA,EN,Towers with Radar,34,107,91,0,232,0,1,74,0,75,34,108,165,0,307,56,0,56,363
12/23/2020,HPN,NY,AEA,EN,Towers with Radar,26,114,101,0,241,0,19,95,0,114,26,133,196,0,355,120,0,120,475
12/24/2020,HPN,NY,AEA,EN,Towers with Radar,22,72,55,0,149,0,1,14,0,15,22,73,69,0,164,0,0,0,164
12/25/2020,HPN,NY,AEA,EN,Towers with Radar,21,115,36,0,172,0,3,0,0,3,21,118,36,0,175,0,0,0,175
12/26/2020,HPN,NY,AEA,EN,Towers with Radar,27,172,176,0,375,0,12,69,0,81,27,184,245,0,456,2,0,2,458
12/27/2020,HPN,NY,AEA,EN,Towers with Radar,26,153,129,0,308,0,10,150,0,160,26,163,279,0,468,16,0,16,484
12/28/2020,HPN,NY,AEA,EN,Towers with Radar,28,124,100,0,252,0,1,67,0,68,28,125,167,0,320,62,0,62,382
12/29/2020,HPN,NY,AEA,EN,Towers with Radar,27,96,70,0,193,0,10,70,0,80,27,106,140,0,273,2,0,2,275
12/30/2020,HPN,NY,AEA,EN,Towers with Radar,25,108,80,0,213,0,4,87,0,91,25,112,167,0,304,26,0,26,330
12/31/2020,HPN,NY,AEA,EN,Towers with Radar,17,61,47,0,125,0,0,15,0,15,17,61,62,0,140,0,0,0,140
01/01/2021,HPN,NY,AEA,EN,Towers with Radar,18,113,62,0,193,0,12,47,0,59,18,125,109,0,252,16,0,16,268
01/02/2021,HPN,NY,AEA,EN,Towers with Radar,24,146,118,0,288,0,6,31,0,37,24,152,149,0,325,6,0,6,331
01/03/2021,HPN,NY,AEA,EN,Towers with Radar,26,178,142,0,346,0,1,1,0,2,26,179,143,0,348,16,0,16,364
01/04/2021,HPN,NY,AEA,EN,Towers with Radar,28,126,114,0,268,0,3,48,0,51,28,129,162,0,319,40,0,40,359
01/05/2021,HPN,NY,AEA,EN,Towers with Radar,15,103,74,0,192,0,1,42,0,43,15,104,116,0,235,92,0,92,327
01/06/2021,HPN,NY,AEA,EN,Towers with Radar,14,88,69,0,171,0,3,76,0,79,14,91,145,0,250,42,0,42,292
01/07/2021,HPN,NY,AEA,EN,Towers with Radar,15,91,52,0,158,0,5,81,0,86,15,96,133,0,244,8,0,8,252
01/08/2021,HPN,NY,AEA,EN,Towers with Radar,16,84,67,0,167,0,8,92,0,100,16,92,159,0,267,14,0,14,281
01/09/2021,HPN,NY,AEA,EN,Towers with Radar,11,81,67,0,159,0,4,85,0,89,11,85,152,0,248,10,0,10,258
01/10/2021,HPN,NY,AEA,EN,Towers with Radar,16,92,93,0,201,0,3,115,0,118,16,95,208,0,319,32,0,32,351
01/11/2021,HPN,NY,AEA,EN,Towers with Radar,16,85,64,0,165,0,4,74,0,78,16,89,138,0,243,76,0,76,319
01/12/2021,HPN,NY,AEA,EN,Towers with Radar,10,64,60,0,134,0,5,70,0,75,10,69,130,0,209,50,0,50,259
01/13/2021,HPN,NY,AEA,EN,Towers with Radar,11,71,62,0,144,1,2,76,1,80,12,73,138,1,224,46,0,46,270
01/14/2021,HPN,NY,AEA,EN,Towers with Radar,20,98,74,0,192,0,7,90,0,97,20,105,164,0,289,60,0,60,349
01/15/2021,HPN,NY,AEA,EN,Towers with Radar,16,108,89,0,213,0,0,1,0,1,16,108,90,0,214,0,0,0,214
01/16/2021,HPN,NY,AEA,EN,Towers with Radar,12,68,44,0,124,0,1,8,0,9,12,69,52,0,133,22,0,22,155
01/17/2021,HPN,NY,AEA,EN,Towers with Radar,15,82,56,0,153,0,3,86,0,89,15,85,142,0,242,26,0,26,268
01/18/2021,HPN,NY,AEA,EN,Towers with Radar,16,107,104,0,227,0,3,105,0,108,16,110,209,0,335,6,0,6,341
01/19/2021,HPN,NY,AEA,EN,Towers with Radar,13,81,72,0,166,0,5,66,0,71,13,86,138,0,237,46,0,46,283
01/20/2021,HPN,NY,AEA,EN,Towers with Radar,11,79,63,0,153,0,1,42,0,43,11,80,105,0,196,0,0,0,196
01/21/2021,HPN,NY,AEA,EN,Towers with Radar,18,73,74,0,165,0,8,68,0,76,18,81,142,0,241,88,0,88,329
01/22/2021,HPN,NY,AEA,EN,Towers with Radar,16,84,86,0,186,0,6,74,0,80,16,90,160,0,266,16,0,16,282
01/23/2021,HPN,NY,AEA,EN,Towers with Radar,11,59,45,0,115,0,9,27,0,36,11,68,72,0,151,0,0,0,151
01/24/2021,HPN,NY,AEA,EN,Towers with Radar,15,96,71,0,182,0,4,108,0,112,15,100,179,0,294,20,0,20,314
01/25/2021,HPN,NY,AEA,EN,Towers with Radar,14,68,59,0,141,1,7,91,0,99,15,75,150,0,240,12,0,12,252
01/26/2021,HPN,NY,AEA,EN,Towers with Radar,9,51,34,0,94,0,3,11,0,14,9,54,45,0,108,8,0,8,116
01/27/2021,HPN,NY,AEA,EN,Towers with Radar,13,81,72,0,166,0,1,34,0,35,13,82,106,0,201,60,0,60,261
01/28/2021,HPN,NY,AEA,EN,Towers with Radar,14,106,56,0,176,0,5,67,0,72,14,111,123,0,248,32,0,32,280
01/29/2021,HPN,NY,AEA,EN,Towers with Radar,16,110,61,0,187,0,1,17,0,18,16,111,78,0,205,6,0,6,211
01/30/2021,HPN,NY,AEA,EN,Towers with Radar,11,77,66,0,154,0,5,143,0,148,11,82,209,0,302,82,0,82,384
01/31/2021,HPN,NY,AEA,EN,Towers with Radar,12,117,123,0,252,0,7,99,0,106,12,124,222,0,358,80,0,80,438
02/01/2021,HPN,NY,AEA,EN,Towers with Radar,0,0,1,0,1,0,0,0,0,0,0,0,1,0,1,0,0,0,1
02/02/2021,HPN,NY,AEA,EN,Towers with Radar,11,55,38,0,104,0,0,0,0,0,11,55,38,0,104,0,0,0,104
02/03/2021,HPN,NY,AEA,EN,Towers with Radar,11,110,89,0,210,1,1,20,0,22,12,111,109,0,232,14,0,14,246
02/04/2021,HPN,NY,AEA,EN,Towers with Radar,17,90,82,0,189,0,11,77,0,88,17,101,159,0,277,22,0,22,299
02/05/2021,HPN,NY,AEA,EN,Towers with Radar,16,84,61,0,161,0,1,27,0,28,16,85,88,0,189,30,0,30,219
02/06/2021,HPN,NY,AEA,EN,Towers with Radar,11,111,60,0,182,0,1,114,0,115,11,112,174,0,297,70,0,70,367
02/07/2021,HPN,NY,AEA,EN,Towers with Radar,18,46,43,0,107,1,2,0,0,3,19,48,43,0,110,0,0,0,110
02/08/2021,HPN,NY,AEA,EN,Towers with Radar,22,94,79,0,195,0,7,89,0,96,22,101,168,0,291,54,0,54,345
02/09/2021,HPN,NY,AEA,EN,Towers with Radar,10,77,44,0,131,0,0,0,0,0,10,77,44,0,131,0,0,0,131
02/10/2021,HPN,NY,AEA,EN,Towers with Radar,15,121,112,0,248,0,7,105,0,112,15,128,217,0,360,44,0,44,404
02/11/2021,HPN,NY,AEA,EN,Towers with Radar,24,129,80,0,233,0,7,75,1,83,24,136,155,1,316,60,0,60,376
02/12/2021,HPN,NY,AEA,EN,Towers with Radar,21,136,89,0,246,1,10,67,0,78,22,146,156,0,324,48,0,48,372
02/13/2021,HPN,NY,AEA,EN,Towers with Radar,21,116,95,0,232,0,3,97,0,100,21,119,192,0,332,12,0,12,344
02/14/2021,HPN,NY,AEA,EN,Towers with Radar,19,106,38,0,163,0,3,44,0,47,19,109,82,0,210,0,0,0,210
02/15/2021,HPN,NY,AEA,EN,Towers with Radar,17,124,94,0,235,0,0,2,0,2,17,124,96,0,237,0,0,0,237
02/16/2021,HPN,NY,AEA,EN,Towers with Radar,20,120,66,0,206,0,3,15,0,18,20,123,81,0,224,28,0,28,252
02/17/2021,HPN,NY,AEA,EN,Towers with Radar,18,123,117,0,258,0,12,132,0,144,18,135,249,0,402,46,0,46,448
02/18/2021,HPN,NY,AEA,EN,Towers with Radar,9,53,41,0,103,0,0,0,0,0,9,53,41,0,103,0,0,0,103
02/19/2021,HPN,NY,AEA,EN,Towers with Radar,15,92,46,0,153,0,0,0,0,0,15,92,46,0,153,0,0,0,153
02/20/2021,HPN,NY,AEA,EN,Towers with Radar,22,131,94,0,247,0,2,71,0,73,22,133,165,0,320,28,0,28,348
02/21/2021,HPN,NY,AEA,EN,Towers with Radar,23,161,104,0,288,0,8,149,0,157,23,169,253,0,445,66,0,66,511
02/22/2021,HPN,NY,AEA,EN,Towers with Radar,18,84,65,0,167,1,2,19,0,22,19,86,84,0,189,62,0,62,251
02/23/2021,HPN,NY,AEA,EN,Towers with Radar,16,103,58,0,177,0,0,35,0,35,16,103,93,0,212,52,0,52,264
02/24/2021,HPN,NY,AEA,EN,Towers with Radar,14,97,64,0,175,0,8,101,0,109,14,105,165,0,284,16,0,16,300
02/25/2021,HPN,NY,AEA,EN,Towers with Radar,19,92,82,0,193,0,5,49,0,54,19,97,131,0,247,8,0,8,255
02/26/2021,HPN,NY,AEA,EN,Towers with Radar,18,112,80,0,210,0,8,139,0,147,18,120,219,0,357,30,0,30,387
02/27/2021,HPN,NY,AEA,EN,Towers with Radar,17,68,56,0,141,0,0,4,0,4,17,68,60,0,145,0,0,0,145
02/28/2021,HPN,NY,AEA,EN,Towers with Radar,17,138,117,0,272,0,0,46,0,46,17,138,163,0,318,33,0,33,351
03/01/2021,HPN,NY,AEA,EN,Towers with Radar,23,103,73,0,199,0,2,21,0,23,23,105,94,0,222,2,0,2,224
03/02/2021,HPN,NY,AEA,EN,Towers with Radar,18,70,55,0,143,1,8,29,0,38,19,78,84,0,181,2,0,2,183
03/03/2021,HPN,NY,AEA,EN,Towers with Radar,21,84,97,0,202,1,4,101,0,106,22,88,198,0,308,44,0,44,352
03/04/2021,HPN,NY,AEA,EN,Towers with Radar,24,93,91,0,208,0,10,30,0,40,24,103,121,0,248,0,0,0,248
03/05/2021,HPN,NY,AEA,EN,Towers with Radar,24,102,62,0,188,0,5,30,0,35,24,107,92,0,223,0,0,0,223
03/06/2021,HPN,NY,AEA,EN,Towers with Radar,24,93,68,0,185,0,4,30,0,34,24,97,98,0,219,0,0,0,219
03/07/2021,HPN,NY,AEA,EN,Towers with Radar,25,122,95,0,242,0,13,59,0,72,25,135,154,0,314,0,0,0,314
03/08/2021,HPN,NY,AEA,EN,Towers with Radar,28,90,47,0,165,0,6,40,0,46,28,96,87,0,211,0,0,0,211
03/09/2021,HPN,NY,AEA,EN,Towers with Radar,26,58,54,0,138,0,9,33,0,42,26,67,87,0,180,0,0,0,180
03/10/2021,HPN,NY,AEA,EN,Towers with Radar,26,104,67,0,197,0,8,44,0,52,26,112,111,0,249,0,0,0,249
03/11/2021,HPN,NY,AEA,EN,Towers with Radar,28,96,102,0,226,0,5,44,0,49,28,101,146,0,275,0,0,0,275
03/12/2021,HPN,NY,AEA,EN,Towers with Radar,27,154,115,0,296,0,7,35,0,42,27,161,150,0,338,0,0,0,338
03/13/2021,HPN,NY,AEA,EN,Towers with Radar,31,165,104,0,300,1,7,69,0,77,32,172,173,0,377,0,0,0,377
03/14/2021,HPN,NY,AEA,EN,Towers with Radar,28,144,93,0,265,0,4,35,0,39,28,148,128,0,304,0,0,0,304
03/15/2021,HPN,NY,AEA,EN,Towers with Radar,27,111,66,0,204,1,6,19,0,26,28,117,85,0,230,0,0,0,230
03/16/2021,HPN,NY,AEA,EN,Towers with Radar,28,81,80,0,189,0,13,20,0,33,28,94,100,0,222,0,0,0,222
03/17/2021,HPN,NY,AEA,EN,Towers with Radar,26,122,100,0,248,0,2,1,0,3,26,124,101,0,251,0,0,0,251
03/18/2021,HPN,NY,AEA,EN,Towers with Radar,28,113,99,0,240,0,0,0,0,0,28,113,99,0,240,0,0,0,240
03/19/2021,HPN,NY,AEA,EN,Towers with Radar,30,139,90,0,259,2,6,17,1,26,32,145,107,1,285,0,0,0,285
03/20/2021,HPN,NY,AEA,EN,Towers with Radar,26,145,110,2,283,0,8,83,0,91,26,153,193,2,374,0,0,0,374
03/21/2021,HPN,NY,AEA,EN,Towers with Radar,28,135,133,0,296,0,12,82,0,94,28,147,215,0,390,0,0,0,390
03/22/2021,HPN,NY,AEA,EN,Towers with Radar,28,104,82,0,214,0,41,64,0,105,28,145,146,0,319,84,0,84,403
03/23/2021,HPN,NY,AEA,EN,Towers with Radar,33,110,76,0,219,1,7,109,0,117,34,117,185,0,336,44,0,44,380
03/24/2021,HPN,NY,AEA,EN,Towers with Radar,30,126,102,0,258,0,1,14,0,15,30,127,116,0,273,0,0,0,273
03/25/2021,HPN,NY,AEA,EN,Towers with Radar,30,133,142,0,305,0,0,28,0,28,30,133,170,0,333,6,0,6,339
03/26/2021,HPN,NY,AEA,EN,Towers with Radar,36,102,85,0,223,1,0,18,0,19,37,102,103,0,242,6,0,6,248
03/27/2021,HPN,NY,AEA,EN,Towers with Radar,36,183,118,0,337,0,42,124,0,166,36,225,242,0,503,48,0,48,551
03/28/2021,HPN,NY,AEA,EN,Towers with Radar,34,140,105,0,279,0,0,1,0,1,34,140,106,0,280,0,0,0,280
03/29/2021,HPN,NY,AEA,EN,Towers with Radar,33,138,72,0,243,0,2,28,0,30,33,140,100,0,273,8,0,8,281
03/30/2021,HPN,NY,AEA,EN,Towers with Radar,32,113,104,0,249,0,69,95,0,164,32,182,199,0,413,102,0,102,515
03/31/2021,HPN,NY,AEA,EN,Towers with Radar,33,138,102,0,273,0,0,36,0,36,33,138,138,0,309,16,0,16,325
04/01/2021,HPN,NY,AEA,EN,Towers with Radar,33,158,98,0,289,0,3,17,0,20,33,161,115,0,309,0,0,0,309
04/02/2021,HPN,NY,AEA,EN,Towers with Radar,34,138,107,0,279,0,8,93,0,101,34,146,200,0,380,92,0,92,472
04/03/2021,HPN,NY,AEA,EN,Towers with Radar,34,114,93,0,241,0,13,178,0,191,34,127,271,0,432,30,0,30,462
04/04/2021,HPN,NY,AEA,EN,Towers with Radar,39,171,98,0,308,0,9,105,0,114,39,180,203,0,422,74,0,74,496
04/05/2021,HPN,NY,AEA,EN,Towers with Radar,39,134,115,0,288,0,8,74,0,82,39,142,189,0,370,26,0,26,396
04/06/2021,HPN,NY,AEA,EN,Towers with Radar,39,98,84,0,221,0,3,100,0,103,39,101,184,0,324,10,0,10,334
04/07/2021,HPN,NY,AEA,EN,Towers with Radar,34,118,76,0,228,0,72,35,0,107,34,190,111,0,335,52,0,52,387
04/08/2021,HPN,NY,AEA,EN,Towers with Radar,39,98,127,0,264,0,7,107,0,114,39,105,234,0,378,16,0,16,394
04/09/2021,HPN,NY,AEA,EN,Towers with Radar,41,140,114,0,295,0,4,62,0,66,41,144,176,0,361,24,0,24,385
04/10/2021,HPN,NY,AEA,EN,Towers with Radar,39,125,96,0,260,0,3,38,0,41,39,128,134,0,301,38,0,38,339
04/11/2021,HPN,NY,AEA,EN,Towers with Radar,29,144,90,0,263,0,0,0,0,0,29,144,90,0,263,0,0,0,263
04/12/2021,HPN,NY,AEA,EN,Towers with Radar,37,115,104,0,256,0,1,12,0,13,37,116,116,0,269,0,0,0,269
04/13/2021,HPN,NY,AEA,EN,Towers with Radar,33,89,77,0,199,0,1,128,0,129,33,90,205,0,328,74,0,74,402
04/14/2021,HPN,NY,AEA,EN,Towers with Radar,29,90,91,1,211,0,16,45,0,61,29,106,136,1,272,0,0,0,272
04/15/2021,HPN,NY,AEA,EN,Towers with Radar,36,99,105,0,240,0,0,0,0,0,36,99,105,0,240,0,0,0,240
04/16/2021,HPN,NY,AEA,EN,Towers with Radar,37,131,89,0,257,0,0,17,0,17,37,131,106,0,274,0,0,0,274
04/17/2021,HPN,NY,AEA,EN,Towers with Radar,45,116,78,0,239,0,5,65,0,70,45,121,143,0,309,0,0,0,309
04/18/2021,HPN,NY,AEA,EN,Towers with Radar,37,154,98,0,289,0,13,77,0,90,37,167,175,0,379,0,0,0,379
04/19/2021,HPN,NY,AEA,EN,Towers with Radar,37,95,90,0,222,0,7,50,0,57,37,102,140,0,279,0,0,0,279
04/20/2021,HPN,NY,AEA,EN,Towers with Radar,31,90,75,0,196,0,10,65,0,75,31,100,140,0,271,0,0,0,271
04/21/2021,HPN,NY,AEA,EN,Towers with Radar,29,94,81,1,205,0,4,13,0,17,29,98,94,1,222,0,0,0,222
04/22/2021,HPN,NY,AEA,EN,Towers with Radar,35,109,76,1,221,0,11,15,1,27,35,120,91,2,248,0,0,0,248
04/23/2021,HPN,NY,AEA,EN,Towers with Radar,33,103,80,0,216,0,19,43,0,62,33,122,123,0,278,0,0,0,278
04/24/2021,HPN,NY,AEA,EN,Towers with Radar,35,78,56,0,169,0,16,66,0,82,35,94,122,0,251,0,0,0,251
04/25/2021,HPN,NY,AEA,EN,Towers with Radar,33,149,116,0,298,0,6,14,1,21,33,155,130,1,319,0,0,0,319
04/26/2021,HPN,NY,AEA,EN,Towers with Radar,33,82,48,0,163,0,11,25,0,36,33,93,73,0,199,0,0,0,199
04/27/2021,HPN,NY,AEA,EN,Towers with Radar,31,90,77,0,198,0,12,44,0,56,31,102,121,0,254,0,0,0,254
04/28/2021,HPN,NY,AEA,EN,Towers with Radar,31,94,91,0,216,0,5,57,0,62,31,99,148,0,278,0,0,0,278
04/29/2021,HPN,NY,AEA,EN,Towers with Radar,38,115,111,0,264,0,0,31,0,31,38,115,142,0,295,16,0,16,311
04/30/2021,HPN,NY,AEA,EN,Towers with Radar,38,111,97,0,246,0,10,30,0,40,38,121,127,0,286,8,0,8,294
05/01/2021,HPN,NY,AEA,EN,Towers with Radar,31,107,67,0,205,0,8,106,2,116,31,115,173,2,321,44,0,44,365
05/02/2021,HPN,NY,AEA,EN,Towers with Radar,33,134,112,0,279,0,14,132,0,146,33,148,244,0,425,46,0,46,471
05/03/2021,HPN,NY,AEA,EN,Towers with Radar,37,104,103,0,244,0,5,70,0,75,37,109,173,0,319,78,0,78,397
05/04/2021,HPN,NY,AEA,EN,Towers with Radar,30,106,81,0,217,0,1,30,0,31,30,107,111,0,248,34,0,34,282
05/05/2021,HPN,NY,AEA,EN,Towers with Radar,32,104,89,0,225,0,0,1,0,1,32,104,90,0,226,0,0,0,226
05/06/2021,HPN,NY,AEA,EN,Towers with Radar,30,135,108,0,273,0,11,140,0,151,30,146,248,0,424,0,0,0,424
05/07/2021,HPN,NY,AEA,EN,Towers with Radar,41,126,68,0,235,0,20,129,0,149,41,146,197,0,384,10,0,10,394
05/08/2021,HPN,NY,AEA,EN,Towers with Radar,30,103,85,0,218,0,0,80,0,80,30,103,165,0,298,0,0,0,298
05/09/2021,HPN,NY,AEA,EN,Towers with Radar,35,137,81,0,253,0,8,104,0,112,35,145,185,0,365,42,0,42,407
05/10/2021,HPN,NY,AEA,EN,Towers with Radar,30,109,105,0,244,0,8,44,0,52,30,117,149,0,296,16,0,16,312
05/11/2021,HPN,NY,AEA,EN,Towers with Radar,29,107,82,0,218,0,41,57,0,98,29,148,139,0,316,42,0,42,358
05/12/2021,HPN,NY,AEA,EN,Towers with Radar,30,112,86,0,228,0,11,101,0,112,30,123,187,0,340,92,0,92,432
05/13/2021,HPN,NY,AEA,EN,Towers with Radar,35,148,108,0,291,0,11,139,1,151,35,159,247,1,442,36,0,36,478
05/14/2021,HPN,NY,AEA,EN,Towers with Radar,33,129,98,0,260,0,23,147,0,170,33,152,245,0,430,45,0,45,475
05/15/2021,HPN,NY,AEA,EN,Towers with Radar,28,104,86,0,218,0,7,162,0,169,28,111,248,0,387,48,0,48,435
05/16/2021,HPN,NY,AEA,EN,Towers with Radar,32,136,113,0,281,0,22,122,0,144,32,158,235,0,425,28,0,28,453
05/17/2021,HPN,NY,AEA,EN,Towers with Radar,30,121,96,0,247,0,15,102,0,117,30,136,198,0,364,83,0,83,447
05/18/2021,HPN,NY,AEA,EN,Towers with Radar,27,105,90,0,222,0,13,137,0,150,27,118,227,0,372,158,0,158,530
05/19/2021,HPN,NY,AEA,EN,Towers with Radar,28,106,101,0,235,0,20,114,1,135,28,126,215,1,370,76,0,76,446
05/20/2021,HPN,NY,AEA,EN,Towers with Radar,33,148,104,0,285,0,32,124,0,156,33,180,228,0,441,120,0,120,561
05/21/2021,HPN,NY,AEA,EN,Towers with Radar,34,126,86,0,246,0,16,162,1,179,34,142,248,1,425,0,0,0,425
05/22/2021,HPN,NY,AEA,EN,Towers with Radar,30,77,63,0,170,0,11,161,1,173,30,88,224,1,343,0,0,0,343
05/23/2021,HPN,NY,AEA,EN,Towers with Radar,31,123,102,0,256,0,18,128,0,146,31,141,230,0,402,36,0,36,438
05/24/2021,HPN,NY,AEA,EN,Towers with Radar,33,93,101,0,227,0,13,124,0,137,33,106,225,0,364,62,0,62,426
05/25/2021,HPN,NY,AEA,EN,Towers with Radar,29,76,93,1,199,0,23,45,1,69,29,99,138,2,268,0,0,0,268
05/26/2021,HPN,NY,AEA,EN,Towers with Radar,28,114,98,1,241,0,11,33,0,44,28,125,131,1,285,0,0,0,285
05/27/2021,HPN,NY,AEA,EN,Towers with Radar,39,158,141,0,338,0,52,86,1,139,39,210,227,1,477,0,0,0,477
05/28/2021,HPN,NY,AEA,EN,Towers with Radar,37,151,131,0,319,0,26,50,0,76,37,177,181,0,395,0,0,0,395
05/29/2021,HPN,NY,AEA,EN,Towers with Radar,32,92,57,0,181,0,0,0,0,0,32,92,57,0,181,0,0,0,181
05/30/2021,HPN,NY,AEA,EN,Towers with Radar,37,74,61,0,172,0,0,0,0,0,37,74,61,0,172,0,0,0,172
05/31/2021,HPN,NY,AEA,EN,Towers with Radar,36,196,196,0,428,0,17,61,1,79,36,213,257,1,507,0,0,0,507
06/01/2021,HPN,NY,AEA,EN,Towers with Radar,32,135,109,0,276,0,51,102,0,153,32,186,211,0,429,86,0,86,515
06/02/2021,HPN,NY,AEA,EN,Towers with Radar,32,99,96,0,227,0,17,141,1,159,32,116,237,1,386,6,0,6,392
06/03/2021,HPN,NY,AEA,EN,Towers with Radar,43,154,111,0,308,0,0,0,0,0,43,154,111,0,308,0,0,0,308
06/04/2021,HPN,NY,AEA,EN,Towers with Radar,40,150,107,0,297,0,10,34,0,44,40,160,141,0,341,0,0,0,341
06/05/2021,HPN,NY,AEA,EN,Towers with Radar,36,108,55,0,199,0,31,174,1,206,36,139,229,1,405,76,0,76,481
06/06/2021,HPN,NY,AEA,EN,Towers with Radar,45,122,82,0,249,0,36,171,0,207,45,158,253,0,456,34,0,34,490
06/07/2021,HPN,NY,AEA,EN,Towers with Radar,44,114,106,0,264,0,25,113,0,138,44,139,219,0,402,20,0,20,422
06/08/2021,HPN,NY,AEA,EN,Towers with Radar,35,101,85,0,221,0,8,71,0,79,35,109,156,0,300,34,0,34,334
06/09/2021,HPN,NY,AEA,EN,Towers with Radar,31,130,112,0,273,0,19,95,0,114,31,149,207,0,387,30,0,30,417
06/10/2021,HPN,NY,AEA,EN,Towers with Radar,35,150,136,0,321,0,38,148,1,187,35,188,284,1,508,14,0,14,522
06/11/2021,HPN,NY,AEA,EN,Towers with Radar,33,161,103,0,297,0,23,134,0,157,33,184,237,0,454,36,0,36,490
06/12/2021,HPN,NY,AEA,EN,Towers with Radar,28,122,103,0,253,0,3,79,0,82,28,125,182,0,335,20,0,20,355
06/13/2021,HPN,NY,AEA,EN,Towers with Radar,34,169,128,0,331,0,31,149,0,180,34,200,277,0,511,30,0,30,541
06/14/2021,HPN,NY,AEA,EN,Towers with Radar,37,170,85,0,292,0,3,28,0,31,37,173,113,0,323,44,0,44,367
06/15/2021,HPN,NY,AEA,EN,Towers with Radar,32,165,98,0,295,0,12,88,0,100,32,177,186,0,395,78,0,78,473
06/16/2021,HPN,NY,AEA,EN,Towers with Radar,28,135,113,0,276,0,23,169,0,192,28,158,282,0,468,52,0,52,520
06/17/2021,HPN,NY,AEA,EN,Towers with Radar,38,133,108,0,279,0,42,179,0,221,38,175,287,0,500,58,0,58,558
06/18/2021,HPN,NY,AEA,EN,Towers with Radar,36,156,84,0,276,0,49,173,0,222,36,205,257,0,498,46,0,46,544
06/19/2021,HPN,NY,AEA,EN,Towers with Radar,29,131,72,0,232,0,23,149,0,172,29,154,221,0,404,72,0,72,476
06/20/2021,HPN,NY,AEA,EN,Towers with Radar,33,183,108,0,324,0,45,189,0,234,33,228,297,0,558,50,0,50,608
06/21/2021,HPN,NY,AEA,EN,Towers with Radar,35,147,146,0,328,0,23,47,0,70,35,170,193,0,398,22,0,22,420
06/22/2021,HPN,NY,AEA,EN,Towers with Radar,28,142,123,0,293,0,11,40,0,51,28,153,163,0,344,78,0,78,422
06/23/2021,HPN,NY,AEA,EN,Towers with Radar,28,133,102,0,263,0,37,169,0,206,28,170,271,0,469,82,0,82,551
06/24/2021,HPN,NY,AEA,EN,Towers with Radar,70,138,113,0,321,0,50,178,0,228,70,188,291,0,549,66,0,66,615
06/25/2021,HPN,NY,AEA,EN,Towers with Radar,40,190,145,0,375,0,23,103,0,126,40,213,248,0,501,2,0,2,503
06/26/2021,HPN,NY,AEA,EN,Towers with Radar,35,177,116,0,328,0,5,68,0,73,35,182,184,0,401,18,0,18,419
06/27/2021,HPN,NY,AEA,EN,Towers with Radar,38,185,160,0,383,0,33,127,0,160,38,218,287,0,543,16,0,16,559
06/28/2021,HPN,NY,AEA,EN,Towers with Radar,39,143,102,0,284,0,46,150,2,198,39,189,252,2,482,8,0,8,490
06/29/2021,HPN,NY,AEA,EN,Towers with Radar,33,104,106,0,243,0,25,161,0,186,33,129,267,0,429,26,0,26,455
06/30/2021,HPN,NY,AEA,EN,Towers with Radar,27,143,100,0,270,0,39,119,0,158,27,182,219,0,428,40,0,40,468
07/01/2021,HPN,NY,AEA,EN,Towers with Radar,42,248,161,0,451,0,18,54,0,72,42,266,215,0,523,6,0,6,529
07/02/2021,HPN,NY,AEA,EN,Towers with Radar,40,184,137,0,361,0,1,32,0,33,40,185,169,0,394,2,0,2,396
07/03/2021,HPN,NY,AEA,EN,Towers with Radar,33,116,91,1,241,0,0,6,0,6,33,116,97,1,247,0,0,0,247
07/04/2021,HPN,NY,AEA,EN,Towers with Radar,32,83,63,0,178,0,5,54,0,59,32,88,117,0,237,26,0,26,263
07/05/2021,HPN,NY,AEA,EN,Towers with Radar,43,180,161,0,384,0,33,133,0,166,43,213,294,0,550,42,0,42,592
07/06/2021,HPN,NY,AEA,EN,Towers with Radar,29,138,107,0,274,0,40,96,1,137,29,178,203,1,411,6,0,6,417
07/07/2021,HPN,NY,AEA,EN,Towers with Radar,32,110,92,0,234,0,35,116,0,151,32,145,208,0,385,44,0,44,429
07/08/2021,HPN,NY,AEA,EN,Towers with Radar,47,162,114,0,323,0,1,20,0,21,47,163,134,0,344,12,0,12,356
07/09/2021,HPN,NY,AEA,EN,Towers with Radar,31,106,78,0,215,0,16,39,0,55,31,122,117,0,270,80,0,80,350
07/10/2021,HPN,NY,AEA,EN,Towers with Radar,33,140,110,0,283,0,9,156,0,165,33,149,266,0,448,56,0,56,504
07/11/2021,HPN,NY,AEA,EN,Towers with Radar,38,191,144,0,373,0,8,40,0,48,38,199,184,0,421,6,0,6,427
07/12/2021,HPN,NY,AEA,EN,Towers with Radar,36,168,137,0,341,0,1,5,0,6,36,169,142,0,347,0,0,0,347
07/13/2021,HPN,NY,AEA,EN,Towers with Radar,33,142,138,0,313,0,0,1,0,1,33,142,139,0,314,0,0,0,314
07/14/2021,HPN,NY,AEA,EN,Towers with Radar,29,133,108,0,270,0,8,51,0,59,29,141,159,0,329,70,0,70,399
07/15/2021,HPN,NY,AEA,EN,Towers with Radar,42,159,129,0,330,0,42,185,0,227,42,201,314,0,557,28,0,28,585
07/16/2021,HPN,NY,AEA,EN,Towers with Radar,40,138,114,0,292,0,39,165,0,204,40,177,279,0,496,30,0,30,526
07/17/2021,HPN,NY,AEA,EN,Towers with Radar,29,94,88,0,211,0,9,83,0,92,29,103,171,0,303,28,0,28,331
07/18/2021,HPN,NY,AEA,EN,Towers with Radar,38,170,161,0,369,0,27,49,0,76,38,197,210,0,445,20,0,20,465
07/19/2021,HPN,NY,AEA,EN,Towers with Radar,39,196,132,0,367,0,15,87,0,102,39,211,219,0,469,56,0,56,525
07/20/2021,HPN,NY,AEA,EN,Towers with Radar,33,145,127,0,305,0,26,98,0,124,33,171,225,0,429,112,0,112,541
07/21/2021,HPN,NY,AEA,EN,Towers with Radar,34,127,97,0,258,0,28,98,4,130,34,155,195,4,388,26,0,26,414
07/22/2021,HPN,NY,AEA,EN,Towers with Radar,39,175,113,0,327,0,61,185,0,246,39,236,298,0,573,80,0,80,653
07/23/2021,HPN,NY,AEA,EN,Towers with Radar,40,150,113,0,303,0,53,188,0,241,40,203,301,0,544,34,0,34,578
07/24/2021,HPN,NY,AEA,EN,Towers with Radar,32,113,70,0,215,0,40,165,0,205,32,153,235,0,420,86,0,86,506
07/25/2021,HPN,NY,AEA,EN,Towers with Radar,40,251,140,0,431,0,18,43,0,61,40,269,183,0,492,34,0,34,526
07/26/2021,HPN,NY,AEA,EN,Towers with Radar,38,161,126,0,325,0,48,168,4,220,38,209,294,4,545,84,0,84,629
07/27/2021,HPN,NY,AEA,EN,Towers with Radar,30,144,94,0,268,0,72,100,0,172,30,216,194,0,440,36,0,36,476
07/28/2021,HPN,NY,AEA,EN,Towers with Radar,31,153,119,0,303,0,28,105,0,133,31,181,224,0,436,22,0,22,458
07/29/2021,HPN,NY,AEA,EN,Towers with Radar,42,233,135,0,410,0,9,47,0,56,42,242,182,0,466,0,0,0,466
07/30/2021,HPN,NY,AEA,EN,Towers with Radar,40,176,106,0,322,0,56,115,0,171,40,232,221,0,493,4,0,4,497
07/31/2021,HPN,NY,AEA,EN,Towers with Radar,32,93,69,0,194,0,43,143,0,186,32,136,212,0,380,0,0,0,380
08/01/2021,HPN,NY,AEA,EN,Towers with Radar,46,150,145,0,341,0,60,207,1,268,46,210,352,1,609,22,0,22,631
08/02/2021,HPN,NY,AEA,EN,Towers with Radar,43,149,116,0,308,0,58,183,0,241,43,207,299,0,549,54,0,54,603
08/03/2021,HPN,NY,AEA,EN,Towers with Radar,34,130,93,0,257,0,37,173,2,212,34,167,266,2,469,54,0,54,523
08/04/2021,HPN,NY,AEA,EN,Towers with Radar,34,160,97,0,291,0,28,145,0,173,34,188,242,0,464,96,0,96,560
08/05/2021,HPN,NY,AEA,EN,Towers with Radar,45,178,152,0,375,0,16,104,0,120,45,194,256,0,495,100,0,100,595
08/06/2021,HPN,NY,AEA,EN,Towers with Radar,43,143,105,0,291,0,68,235,0,303,43,211,340,0,594,44,0,44,638
08/07/2021,HPN,NY,AEA,EN,Towers with Radar,32,141,123,0,296,0,35,171,1,207,32,176,294,1,503,30,0,30,533
08/08/2021,HPN,NY,AEA,EN,Towers with Radar,51,205,135,0,391,0,34,114,0,148,51,239,249,0,539,26,0,26,565
08/09/2021,HPN,NY,AEA,EN,Towers with Radar,42,168,118,0,328,0,6,51,1,58,42,174,169,1,386,34,0,34,420
08/10/2021,HPN,NY,AEA,EN,Towers with Radar,31,147,141,0,319,0,1,24,0,25,31,148,165,0,344,44,0,44,388
08/11/2021,HPN,NY,AEA,EN,Towers with Radar,32,123,96,0,251,0,18,106,0,124,32,141,202,0,375,42,0,42,417
08/12/2021,HPN,NY,AEA,EN,Towers with Radar,47,162,110,0,319,0,51,166,0,217,47,213,276,0,536,60,0,60,596
08/13/2021,HPN,NY,AEA,EN,Towers with Radar,46,156,80,0,282,0,55,149,0,204,46,211,229,0,486,34,0,34,520
08/14/2021,HPN,NY,AEA,EN,Towers with Radar,28,112,96,0,236,0,28,101,0,129,28,140,197,0,365,22,0,22,387
08/15/2021,HPN,NY,AEA,EN,Towers with Radar,45,164,134,0,343,0,50,152,0,202,45,214,286,0,545,10,0,10,555
08/16/2021,HPN,NY,AEA,EN,Towers with Radar,48,149,103,0,300,0,44,179,0,223,48,193,282,0,523,30,0,30,553
08/17/2021,HPN,NY,AEA,EN,Towers with Radar,37,126,101,0,264,0,25,132,0,157,37,151,233,0,421,56,0,56,477
08/18/2021,HPN,NY,AEA,EN,Towers with Radar,33,177,113,0,323,0,5,37,0,42,33,182,150,0,365,0,0,0,365
08/19/2021,HPN,NY,AEA,EN,Towers with Radar,45,189,127,0,361,0,10,68,0,78,45,199,195,0,439,52,0,52,491
08/20/2021,HPN,NY,AEA,EN,Towers with Radar,48,147,144,0,339,0,30,130,0,160,48,177,274,0,499,118,0,118,617
08/21/2021,HPN,NY,AEA,EN,Towers with Radar,37,230,169,0,436,0,19,75,0,94,37,249,244,0,530,6,0,6,536
08/22/2021,HPN,NY,AEA,EN,Towers with Radar,29,45,17,0,91,0,0,0,0,0,29,45,17,0,91,0,0,0,91
08/23/2021,HPN,NY,AEA,EN,Towers with Radar,49,181,113,0,343,0,4,10,0,14,49,185,123,0,357,10,0,10,367
08/24/2021,HPN,NY,AEA,EN,Towers with Radar,40,141,115,0,296,0,40,181,0,221,40,181,296,0,517,18,0,18,535
08/25/2021,HPN,NY,AEA,EN,Towers with Radar,35,160,83,0,278,0,38,175,0,213,35,198,258,0,491,36,0,36,527
08/26/2021,HPN,NY,AEA,EN,Towers with Radar,51,155,94,0,300,0,39,169,0,208,51,194,263,0,508,42,0,42,550
08/27/2021,HPN,NY,AEA,EN,Towers with Radar,49,154,86,0,289,0,46,127,0,173,49,200,213,0,462,0,0,0,462
08/28/2021,HPN,NY,AEA,EN,Towers with Radar,36,126,89,0,251,0,8,62,0,70,36,134,151,0,321,16,0,16,337
08/29/2021,HPN,NY,AEA,EN,Towers with Radar,53,216,162,0,431,0,3,39,0,42,53,219,201,0,473,0,0,0,473
08/30/2021,HPN,NY,AEA,EN,Towers with Radar,44,175,95,0,314,0,5,54,0,59,44,180,149,0,373,26,0,26,399
08/31/2021,HPN,NY,AEA,EN,Towers with Radar,38,119,123,0,280,0,29,198,2,229,38,148,321,2,509,44,0,44,553
09/01/2021,HPN,NY,AEA,EN,Towers with Radar,30,113,87,0,230,0,1,5,0,6,30,114,92,0,236,0,0,0,236
09/02/2021,HPN,NY,AEA,EN,Towers with Radar,52,207,144,0,403,0,51,148,0,199,52,258,292,0,602,2,0,2,604
09/03/2021,HPN,NY,AEA,EN,Towers with Radar,50,207,172,0,429,0,82,211,1,294,50,289,383,1,723,20,0,20,743
09/04/2021,HPN,NY,AEA,EN,Towers with Radar,41,113,98,0,252,0,29,226,0,255,41,142,324,0,507,94,0,94,601
09/05/2021,HPN,NY,AEA,EN,Towers with Radar,38,143,93,0,274,0,18,60,0,78,38,161,153,0,352,8,0,8,360
09/06/2021,HPN,NY,AEA,EN,Towers with Radar,50,172,137,0,359,0,67,149,0,216,50,239,286,0,575,22,0,22,597
09/07/2021,HPN,NY,AEA,EN,Towers with Radar,35,151,112,0,298,0,55,118,1,174,35,206,230,1,472,22,0,22,494
09/08/2021,HPN,NY,AEA,EN,Towers with Radar,35,104,86,0,225,0,21,97,0,118,35,125,183,0,343,0,0,0,343
09/09/2021,HPN,NY,AEA,EN,Towers with Radar,50,158,149,0,357,0,2,10,0,12,50,160,159,0,369,0,0,0,369
09/10/2021,HPN,NY,AEA,EN,Towers with Radar,46,140,110,0,296,0,32,148,0,180,46,172,258,0,476,3,0,3,479
09/11/2021,HPN,NY,AEA,EN,Towers with Radar,36,107,82,0,225,0,16,136,0,152,36,123,218,0,377,0,0,0,377
09/12/2021,HPN,NY,AEA,EN,Towers with Radar,52,193,116,0,361,0,37,138,0,175,52,230,254,0,536,0,0,0,536
09/13/2021,HPN,NY,AEA,EN,Towers with Radar,50,117,93,0,260,0,27,144,0,171,50,144,237,0,431,32,0,32,463
09/14/2021,HPN,NY,AEA,EN,Towers with Radar,41,91,72,0,204,0,18,153,0,171,41,109,225,0,375,40,0,40,415
09/15/2021,HPN,NY,AEA,EN,Towers with Radar,36,126,95,0,257,0,13,89,0,102,36,139,184,0,359,74,0,74,433
09/16/2021,HPN,NY,AEA,EN,Towers with Radar,50,161,149,0,360,0,10,64,4,78,50,171,213,4,438,50,0,50,488
09/17/2021,HPN,NY,AEA,EN,Towers with Radar,52,175,166,0,393,0,0,15,0,15,52,175,181,0,408,2,0,2,410
09/18/2021,HPN,NY,AEA,EN,Towers with Radar,37,104,94,0,235,0,12,152,0,164,37,116,246,0,399,98,0,98,497
09/19/2021,HPN,NY,AEA,EN,Towers with Radar,52,151,113,0,316,0,53,245,1,299,52,204,358,1,615,66,0,66,681
09/20/2021,HPN,NY,AEA,EN,Towers with Radar,65,108,108,1,282,0,25,157,0,182,65,133,265,1,464,0,0,0,464
09/21/2021,HPN,NY,AEA,EN,Towers with Radar,43,137,116,0,296,0,16,90,4,110,43,153,206,4,406,24,0,24,430
09/22/2021,HPN,NY,AEA,EN,Towers with Radar,39,157,124,2,322,0,8,50,0,58,39,165,174,2,380,6,0,6,386
09/23/2021,HPN,NY,AEA,EN,Towers with Radar,33,159,160,0,352,0,4,22,0,26,33,163,182,0,378,4,0,4,382
09/24/2021,HPN,NY,AEA,EN,Towers with Radar,43,229,149,0,421,0,29,159,0,188,43,258,308,0,609,48,0,48,657
09/25/2021,HPN,NY,AEA,EN,Towers with Radar,35,107,76,0,218,0,18,175,0,193,35,125,251,0,411,74,0,74,485
09/26/2021,HPN,NY,AEA,EN,Towers with Radar,47,212,152,0,411,0,36,217,0,253,47,248,369,0,664,50,0,50,714
09/27/2021,HPN,NY,AEA,EN,Towers with Radar,45,134,77,0,256,0,18,138,2,158,45,152,215,2,414,29,0,29,443
09/28/2021,HPN,NY,AEA,EN,Towers with Radar,43,115,91,0,249,0,11,74,0,85,43,126,165,0,334,16,0,16,350
09/29/2021,HPN,NY,AEA,EN,Towers with Radar,36,125,104,0,265,0,17,120,0,137,36,142,224,0,402,0,0,0,402
09/30/2021,HPN,NY,AEA,EN,Towers with Radar,53,129,131,0,313,0,20,101,0,121,53,149,232,0,434,0,0,0,434
10/01/2021,HPN,NY,AEA,EN,Towers with Radar,48,151,139,0,338,0,22,164,1,187,48,173,303,1,525,58,0,58,583
10/02/2021,HPN,NY,AEA,EN,Towers with Radar,39,101,78,0,218,0,18,171,0,189,39,119,249,0,407,144,0,144,551
10/03/2021,HPN,NY,AEA,EN,Towers with Radar,50,200,158,0,408,0,23,182,0,205,50,223,340,0,613,104,0,104,717
10/04/2021,HPN,NY,AEA,EN,Towers with Radar,49,133,123,0,305,0,0,0,0,0,49,133,123,0,305,0,0,0,305
10/05/2021,HPN,NY,AEA,EN,Towers with Radar,40,157,146,0,343,0,1,26,0,27,40,158,172,0,370,0,0,0,370
10/06/2021,HPN,NY,AEA,EN,Towers with Radar,35,132,123,0,290,0,9,95,0,104,35,141,218,0,394,84,0,84,478
10/07/2021,HPN,NY,AEA,EN,Towers with Radar,50,132,143,0,325,0,29,131,0,160,50,161,274,0,485,60,0,60,545
10/08/2021,HPN,NY,AEA,EN,Towers with Radar,53,180,158,0,391,0,36,215,0,251,53,216,373,0,642,40,0,40,682
10/09/2021,HPN,NY,AEA,EN,Towers with Radar,36,120,112,0,268,0,1,25,0,26,36,121,137,0,294,24,0,24,318
10/10/2021,HPN,NY,AEA,EN,Towers with Radar,55,157,149,0,361,0,0,5,0,5,55,157,154,0,366,0,0,0,366
10/11/2021,HPN,NY,AEA,EN,Towers with Radar,51,167,130,0,348,0,32,126,0,158,51,199,256,0,506,0,0,0,506
10/12/2021,HPN,NY,AEA,EN,Towers with Radar,48,121,101,0,270,0,18,111,0,129,48,139,212,0,399,8,0,8,407
10/13/2021,HPN,NY,AEA,EN,Towers with Radar,46,140,123,0,309,0,2,38,0,40,46,142,161,0,349,0,0,0,349
10/14/2021,HPN,NY,AEA,EN,Towers with Radar,53,136,110,0,299,0,15,149,0,164,53,151,259,0,463,18,0,18,481
10/15/2021,HPN,NY,AEA,EN,Towers with Radar,49,157,122,0,328,0,17,189,0,206,49,174,311,0,534,70,0,70,604
10/16/2021,HPN,NY,AEA,EN,Towers with Radar,35,95,69,0,199,0,1,62,0,63,35,96,131,0,262,34,0,34,296
10/17/2021,HPN,NY,AEA,EN,Towers with Radar,54,173,127,0,354,0,23,161,0,184,54,196,288,0,538,46,0,46,584
10/18/2021,HPN,NY,AEA,EN,Towers with Radar,50,143,117,0,310,0,12,73,1,86,50,155,190,1,396,28,0,28,424
10/19/2021,HPN,NY,AEA,EN,Towers with Radar,42,114,113,0,269,0,17,94,0,111,42,131,207,0,380,12,0,12,392
10/20/2021,HPN,NY,AEA,EN,Towers with Radar,41,154,133,0,328,0,18,103,0,121,41,172,236,0,449,36,0,36,485
10/21/2021,HPN,NY,AEA,EN,Towers with Radar,60,156,143,0,359,0,12,146,0,158,60,168,289,0,517,36,0,36,553
10/22/2021,HPN,NY,AEA,EN,Towers with Radar,51,157,111,2,321,0,16,118,0,134,51,173,229,2,455,24,0,24,479
10/23/2021,HPN,NY,AEA,EN,Towers with Radar,36,122,90,0,248,0,6,135,0,141,36,128,225,0,389,32,0,32,421
10/24/2021,HPN,NY,AEA,EN,Towers with Radar,48,192,133,0,373,0,13,160,0,173,48,205,293,0,546,206,0,206,752
10/25/2021,HPN,NY,AEA,EN,Towers with Radar,47,165,146,0,358,0,3,42,0,45,47,168,188,0,403,0,0,0,403
10/26/2021,HPN,NY,AEA,EN,Towers with Radar,46,96,94,0,236,0,0,2,0,2,46,96,96,0,238,0,0,0,238
10/27/2021,HPN,NY,AEA,EN,Towers with Radar,41,123,103,1,268,0,2,29,3,34,41,125,132,4,302,2,0,2,304
10/28/2021,HPN,NY,AEA,EN,Towers with Radar,51,131,126,0,308,0,10,151,0,161,51,141,277,0,469,26,0,26,495
10/29/2021,HPN,NY,AEA,EN,Towers with Radar,49,126,116,0,291,0,4,62,0,66,49,130,178,0,357,28,0,28,385
10/30/2021,HPN,NY,AEA,EN,Towers with Radar,37,89,75,0,201,0,1,4,0,5,37,90,79,0,206,0,0,0,206
10/31/2021,HPN,NY,AEA,EN,Towers with Radar,47,127,141,0,315,0,19,80,0,99,47,146,221,0,414,42,0,42,456
11/01/2021,HPN,NY,AEA,EN,Towers with Radar,52,117,94,0,263,0,10,125,1,136,52,127,219,1,399,36,0,36,435
11/02/2021,HPN,NY,AEA,EN,Towers with Radar,51,82,74,0,207,0,4,101,0,105,51,86,175,0,312,46,0,46,358
11/03/2021,HPN,NY,AEA,EN,Towers with Radar,54,118,90,0,262,0,13,147,0,160,54,131,237,0,422,50,0,50,472
11/04/2021,HPN,NY,AEA,EN,Towers with Radar,60,141,101,0,302,0,14,112,0,126,60,155,213,0,428,58,0,58,486
11/05/2021,HPN,NY,AEA,EN,Towers with Radar,60,122,130,0,312,0,13,178,0,191,60,135,308,0,503,32,0,32,535
11/06/2021,HPN,NY,AEA,EN,Towers with Radar,47,109,93,0,249,0,7,171,0,178,47,116,264,0,427,74,0,74,501
11/07/2021,HPN,NY,AEA,EN,Towers with Radar,56,200,163,0,419,0,64,105,0,169,56,264,268,0,588,102,0,102,690
11/08/2021,HPN,NY,AEA,EN,Towers with Radar,59,114,105,0,278,0,14,132,0,146,59,128,237,0,424,6,0,6,430
11/09/2021,HPN,NY,AEA,EN,Towers with Radar,45,103,96,0,244,0,15,148,0,163,45,118,244,0,407,70,0,70,477
11/10/2021,HPN,NY,AEA,EN,Towers with Radar,54,125,103,0,282,0,11,121,1,133,54,136,224,1,415,20,0,20,435
11/11/2021,HPN,NY,AEA,EN,Towers with Radar,58,125,124,0,307,0,9,139,0,148,58,134,263,0,455,24,0,24,479
11/12/2021,HPN,NY,AEA,EN,Towers with Radar,62,145,97,0,304,0,5,49,0,54,62,150,146,0,358,56,0,56,414
11/13/2021,HPN,NY,AEA,EN,Towers with Radar,47,98,72,0,217,0,11,83,0,94,47,109,155,0,311,24,0,24,335
11/14/2021,HPN,NY,AEA,EN,Towers with Radar,57,181,120,0,358,0,20,173,0,193,57,201,293,0,551,56,0,56,607
11/15/2021,HPN,NY,AEA,EN,Towers with Radar,57,112,106,0,275,0,5,61,0,66,57,117,167,0,341,12,0,12,353
11/16/2021,HPN,NY,AEA,EN,Towers with Radar,48,131,97,0,276,0,18,112,0,130,48,149,209,0,406,8,0,8,414
11/17/2021,HPN,NY,AEA,EN,Towers with Radar,51,125,117,0,293,1,12,129,0,142,52,137,246,0,435,8,0,8,443
11/18/2021,HPN,NY,AEA,EN,Towers with Radar,65,146,124,0,335,0,11,145,0,156,65,157,269,0,491,0,0,0,491
11/19/2021,HPN,NY,AEA,EN,Towers with Radar,62,142,130,2,336,0,15,91,0,106,62,157,221,2,442,16,0,16,458
11/20/2021,HPN,NY,AEA,EN,Towers with Radar,40,132,110,1,283,1,81,108,0,190,41,213,218,1,473,122,0,122,595
11/21/2021,HPN,NY,AEA,EN,Towers with Radar,53,172,150,0,375,0,13,152,0,165,53,185,302,0,540,112,0,112,652
11/22/2021,HPN,NY,AEA,EN,Towers with Radar,53,121,111,0,285,0,3,63,0,66,53,124,174,0,351,0,0,0,351
11/23/2021,HPN,NY,AEA,EN,Towers with Radar,54,190,155,0,399,0,25,113,0,138,54,215,268,0,537,6,0,6,543
11/24/2021,HPN,NY,AEA,EN,Towers with Radar,56,190,125,0,371,0,52,150,0,202,56,242,275,0,573,34,0,34,607
11/25/2021,HPN,NY,AEA,EN,Towers with Radar,35,75,36,0,146,0,13,60,0,73,35,88,96,0,219,10,0,10,229
11/26/2021,HPN,NY,AEA,EN,Towers with Radar,54,119,74,0,247,0,2,17,0,19,54,121,91,0,266,0,0,0,266
11/27/2021,HPN,NY,AEA,EN,Towers with Radar,52,185,102,0,339,0,12,59,0,71,52,197,161,0,410,2,0,2,412
11/28/2021,HPN,NY,AEA,EN,Towers with Radar,60,262,212,0,534,0,48,61,0,109,60,310,273,0,643,0,0,0,643
11/29/2021,HPN,NY,AEA,EN,Towers with Radar,63,161,136,0,360,0,13,141,0,154,63,174,277,0,514,6,0,6,520
11/30/2021,HPN,NY,AEA,EN,Towers with Radar,50,136,98,0,284,0,4,86,3,93,50,140,184,3,377,26,0,26,403
12/01/2021,HPN,NY,AEA,EN,Towers with Radar,60,139,126,0,325,0,12,107,0,119,60,151,233,0,444,38,0,38,482
12/02/2021,HPN,NY,AEA,EN,Towers with Radar,66,130,108,0,304,0,7,128,0,135,66,137,236,0,439,6,0,6,445
12/03/2021,HPN,NY,AEA,EN,Towers with Radar,64,133,115,0,312,0,21,102,0,123,64,154,217,0,435,2,0,2,437
12/04/2021,HPN,NY,AEA,EN,Towers with Radar,49,116,68,0,233,0,32,119,0,151,49,148,187,0,384,6,0,6,390
12/05/2021,HPN,NY,AEA,EN,Towers with Radar,60,165,128,0,353,0,33,217,0,250,60,198,345,0,603,70,0,70,673
12/06/2021,HPN,NY,AEA,EN,Towers with Radar,59,150,110,0,319,0,0,8,0,8,59,150,118,0,327,0,0,0,327
12/07/2021,HPN,NY,AEA,EN,Towers with Radar,55,115,103,0,273,0,8,139,1,148,55,123,242,1,421,0,0,0,421
12/08/2021,HPN,NY,AEA,EN,Towers with Radar,57,130,102,1,290,0,1,44,0,45,57,131,146,1,335,6,0,6,341
12/09/2021,HPN,NY,AEA,EN,Towers with Radar,64,130,100,0,294,0,7,145,0,152,64,137,245,0,446,50,0,50,496
12/10/2021,HPN,NY,AEA,EN,Towers with Radar,64,146,125,0,335,0,11,108,0,119,64,157,233,0,454,4,0,4,458
12/11/2021,HPN,NY,AEA,EN,Towers with Radar,39,65,32,0,136,0,0,0,0,0,39,65,32,0,136,0,0,0,136
12/12/2021,HPN,NY,AEA,EN,Towers with Radar,61,126,94,1,282,1,10,100,0,111,62,136,194,1,393,30,0,30,423
12/13/2021,HPN,NY,AEA,EN,Towers with Radar,60,107,103,0,270,0,18,112,0,130,60,125,215,0,400,72,0,72,472
12/14/2021,HPN,NY,AEA,EN,Towers with Radar,54,101,105,0,260,0,5,103,0,108,54,106,208,0,368,46,0,46,414
12/15/2021,HPN,NY,AEA,EN,Towers with Radar,61,139,104,0,304,0,5,116,1,122,61,144,220,1,426,26,0,26,452
12/16/2021,HPN,NY,AEA,EN,Towers with Radar,59,157,133,0,349,0,11,108,0,119,59,168,241,0,468,4,0,4,472
12/17/2021,HPN,NY,AEA,EN,Towers with Radar,58,154,123,1,336,0,16,105,0,121,58,170,228,1,457,0,0,0,457
12/18/2021,HPN,NY,AEA,EN,Towers with Radar,44,170,100,0,314,0,2,1,0,3,44,172,101,0,317,0,0,0,317
12/19/2021,HPN,NY,AEA,EN,Towers with Radar,49,138,129,0,316,1,21,101,0,123,50,159,230,0,439,0,0,0,439
12/20/2021,HPN,NY,AEA,EN,Towers with Radar,58,146,83,0,287,0,6,110,4,120,58,152,193,4,407,0,0,0,407
12/21/2021,HPN,NY,AEA,EN,Towers with Radar,56,104,103,0,263,0,8,110,1,119,56,112,213,1,382,42,0,42,424
12/22/2021,HPN,NY,AEA,EN,Towers with Radar,60,142,122,4,328,0,10,47,0,57,60,152,169,4,385,0,0,0,385
12/23/2021,HPN,NY,AEA,EN,Towers with Radar,54,140,116,0,310,0,10,99,0,109,54,150,215,0,419,12,0,12,431
12/24/2021,HPN,NY,AEA,EN,Towers with Radar,43,107,95,0,245,0,2,23,0,25,43,109,118,0,270,8,0,8,278
12/25/2021,HPN,NY,AEA,EN,Towers with Radar,35,149,44,0,228,0,0,0,0,0,35,149,44,0,228,0,0,0,228
12/26/2021,HPN,NY,AEA,EN,Towers with Radar,47,180,163,0,390,0,11,119,1,131,47,191,282,1,521,2,0,2,523
12/27/2021,HPN,NY,AEA,EN,Towers with Radar,53,169,128,0,350,0,7,80,0,87,53,176,208,0,437,0,0,0,437
12/28/2021,HPN,NY,AEA,EN,Towers with Radar,52,137,84,0,273,0,4,74,0,78,52,141,158,0,351,2,0,2,353
12/29/2021,HPN,NY,AEA,EN,Towers with Radar,49,113,86,0,248,0,0,1,0,1,49,113,87,0,249,0,0,0,249
12/30/2021,HPN,NY,AEA,EN,Towers with Radar,54,120,76,0,250,0,1,5,0,6,54,121,81,0,256,0,0,0,256
12/31/2021,HPN,NY,AEA,EN,Towers with Radar,44,110,68,0,222,0,0,24,0,24,44,110,92,0,246,0,0,0,246
01/01/2022,HPN,NY,AEA,EN,Towers with Radar,28,103,69,0,200,0,0,0,0,0,28,103,69,0,200,0,0,0,200
01/02/2022,HPN,NY,AEA,EN,Towers with Radar,54,224,199,0,477,0,0,13,0,13,54,224,212,0,490,0,0,0,490
01/03/2022,HPN,NY,AEA,EN,Towers with Radar,47,192,114,0,353,0,6,58,0,64,47,198,172,0,417,4,0,4,421
01/04/2022,HPN,NY,AEA,EN,Towers with Radar,47,120,96,0,263,0,6,127,0,133,47,126,223,0,396,2,0,2,398
01/05/2022,HPN,NY,AEA,EN,Towers with Radar,64,91,67,0,222,0,0,1,0,1,64,91,68,0,223,0,0,0,223
01/06/2022,HPN,NY,AEA,EN,Towers with Radar,58,102,86,0,246,0,8,79,0,87,58,110,165,0,333,2,0,2,335
01/07/2022,HPN,NY,AEA,EN,Towers with Radar,61,74,39,0,174,0,2,24,0,26,61,76,63,0,200,0,0,0,200
01/08/2022,HPN,NY,AEA,EN,Towers with Radar,50,113,89,0,252,0,6,128,0,134,50,119,217,0,386,98,0,98,484
01/09/2022,HPN,NY,AEA,EN,Towers with Radar,65,119,94,0,278,0,0,4,0,4,65,119,98,0,282,0,0,0,282
01/10/2022,HPN,NY,AEA,EN,Towers with Radar,66,101,43,2,212,0,0,44,0,44,66,101,87,2,256,24,0,24,280
01/11/2022,HPN,NY,AEA,EN,Towers with Radar,65,70,61,0,196,0,7,75,0,82,65,77,136,0,278,48,0,48,326
01/12/2022,HPN,NY,AEA,EN,Towers with Radar,60,100,66,0,226,0,8,101,0,109,60,108,167,0,335,26,0,26,361
01/13/2022,HPN,NY,AEA,EN,Towers with Radar,69,147,110,4,330,0,5,104,0,109,69,152,214,4,439,46,0,46,485
01/14/2022,HPN,NY,AEA,EN,Towers with Radar,70,122,105,0,297,0,10,67,0,77,70,132,172,0,374,4,0,4,378
01/15/2022,HPN,NY,AEA,EN,Towers with Radar,55,93,54,0,202,0,8,80,0,88,55,101,134,0,290,46,0,46,336
01/16/2022,HPN,NY,AEA,EN,Towers with Radar,43,81,57,0,181,0,3,122,0,125,43,84,179,0,306,60,0,60,366
01/17/2022,HPN,NY,AEA,EN,Towers with Radar,63,141,96,0,300,0,0,10,0,10,63,141,106,0,310,0,0,0,310
01/18/2022,HPN,NY,AEA,EN,Towers with Radar,70,108,93,0,271,0,8,52,0,60,70,116,145,0,331,8,0,8,339
01/19/2022,HPN,NY,AEA,EN,Towers with Radar,64,86,86,0,236,0,7,96,0,103,64,93,182,0,339,74,0,74,413
01/20/2022,HPN,NY,AEA,EN,Towers with Radar,68,99,64,0,231,0,5,45,0,50,68,104,109,0,281,0,0,0,281
01/21/2022,HPN,NY,AEA,EN,Towers with Radar,65,101,68,2,236,0,7,77,0,84,65,108,145,2,320,20,0,20,340
01/22/2022,HPN,NY,AEA,EN,Towers with Radar,60,83,46,0,189,0,4,90,0,94,60,87,136,0,283,46,0,46,329
01/23/2022,HPN,NY,AEA,EN,Towers with Radar,64,137,87,1,289,0,6,99,1,106,64,143,186,2,395,24,0,24,419
01/24/2022,HPN,NY,AEA,EN,Towers with Radar,67,92,63,0,222,0,0,72,0,72,67,92,135,0,294,32,0,32,326
01/25/2022,HPN,NY,AEA,EN,Towers with Radar,62,92,65,0,219,0,2,63,1,66,62,94,128,1,285,62,0,62,347
01/26/2022,HPN,NY,AEA,EN,Towers with Radar,68,79,83,0,230,0,6,90,0,96,68,85,173,0,326,10,0,10,336
01/27/2022,HPN,NY,AEA,EN,Towers with Radar,71,128,112,0,311,0,6,128,0,134,71,134,240,0,445,38,0,38,483
01/28/2022,HPN,NY,AEA,EN,Towers with Radar,58,129,86,0,273,0,3,16,0,19,58,132,102,0,292,12,0,12,304
01/29/2022,HPN,NY,AEA,EN,Towers with Radar,6,15,15,0,36,0,0,0,0,0,6,15,15,0,36,0,0,0,36
01/30/2022,HPN,NY,AEA,EN,Towers with Radar,42,177,109,0,328,0,6,79,0,85,42,183,188,0,413,32,0,32,445
01/31/2022,HPN,NY,AEA,EN,Towers with Radar,51,116,81,0,248,0,11,101,0,112,51,127,182,0,360,20,0,20,380
02/01/2022,HPN,NY,AEA,EN,Towers with Radar,63,118,104,0,285,0,6,84,0,90,63,124,188,0,375,16,0,16,391
02/02/2022,HPN,NY,AEA,EN,Towers with Radar,58,95,97,0,250,0,1,34,0,35,58,96,131,0,285,2,0,2,287
02/03/2022,HPN,NY,AEA,EN,Towers with Radar,54,126,70,0,250,0,0,0,0,0,54,126,70,0,250,6,0,6,256
02/04/2022,HPN,NY,AEA,EN,Towers with Radar,33,65,23,0,121,0,0,0,0,0,33,65,23,0,121,0,0,0,121
02/05/2022,HPN,NY,AEA,EN,Towers with Radar,54,103,54,0,211,0,0,45,0,45,54,103,99,0,256,26,0,26,282
02/06/2022,HPN,NY,AEA,EN,Towers with Radar,60,131,88,0,279,0,7,125,0,132,60,138,213,0,411,26,0,26,437
02/07/2022,HPN,NY,AEA,EN,Towers with Radar,63,104,61,0,228,0,0,0,0,0,63,104,61,0,228,0,0,0,228
02/08/2022,HPN,NY,AEA,EN,Towers with Radar,59,103,85,0,247,0,2,78,0,80,59,105,163,0,327,54,0,54,381
02/09/2022,HPN,NY,AEA,EN,Towers with Radar,60,124,108,0,292,0,8,173,3,184,60,132,281,3,476,32,0,32,508
02/10/2022,HPN,NY,AEA,EN,Towers with Radar,63,128,91,0,282,0,4,64,0,68,63,132,155,0,350,4,0,4,354
02/11/2022,HPN,NY,AEA,EN,Towers with Radar,64,131,91,0,286,0,8,132,0,140,64,139,223,0,426,36,0,36,462
02/12/2022,HPN,NY,AEA,EN,Towers with Radar,53,68,68,0,189,0,3,151,0,154,53,71,219,0,343,18,0,18,361
02/13/2022,HPN,NY,AEA,EN,Towers with Radar,58,109,90,0,257,0,1,9,0,10,58,110,99,0,267,0,0,0,267
02/14/2022,HPN,NY,AEA,EN,Towers with Radar,62,93,47,0,202,0,7,35,0,42,62,100,82,0,244,8,0,8,252
02/15/2022,HPN,NY,AEA,EN,Towers with Radar,57,100,95,0,252,0,5,121,0,126,57,105,216,0,378,6,0,6,384
02/16/2022,HPN,NY,AEA,EN,Towers with Radar,61,161,121,0,343,0,6,97,0,103,61,167,218,0,446,42,0,42,488
02/17/2022,HPN,NY,AEA,EN,Towers with Radar,64,193,136,0,393,0,5,43,0,48,64,198,179,0,441,0,0,0,441
02/18/2022,HPN,NY,AEA,EN,Towers with Radar,70,205,136,0,411,0,10,23,0,33,70,215,159,0,444,2,0,2,446
02/19/2022,HPN,NY,AEA,EN,Towers with Radar,54,119,96,0,269,0,2,46,0,48,54,121,142,0,317,18,0,18,335
02/20/2022,HPN,NY,AEA,EN,Towers with Radar,64,113,92,0,269,0,8,143,1,152,64,121,235,1,421,10,0,10,431
02/21/2022,HPN,NY,AEA,EN,Towers with Radar,66,213,162,0,441,0,14,154,0,168,66,227,316,0,609,46,0,46,655
02/22/2022,HPN,NY,AEA,EN,Towers with Radar,67,169,112,0,348,0,0,2,0,2,67,169,114,0,350,2,0,2,352
02/23/2022,HPN,NY,AEA,EN,Towers with Radar,64,131,97,0,292,0,2,60,0,62,64,133,157,0,354,28,0,28,382
02/24/2022,HPN,NY,AEA,EN,Towers with Radar,65,138,89,0,292,0,3,91,0,94,65,141,180,0,386,80,0,80,466
02/25/2022,HPN,NY,AEA,EN,Towers with Radar,52,83,52,0,187,0,0,3,0,3,52,83,55,0,190,0,0,0,190
02/26/2022,HPN,NY,AEA,EN,Towers with Radar,55,124,112,0,291,0,5,147,0,152,55,129,259,0,443,100,0,100,543
02/27/2022,HPN,NY,AEA,EN,Towers with Radar,59,189,144,0,392,0,6,111,0,117,59,195,255,0,509,0,0,0,509
02/28/2022,HPN,NY,AEA,EN,Towers with Radar,60,112,83,0,255,0,6,90,0,96,60,118,173,0,351,0,0,0,351
03/01/2022,HPN,NY,AEA,EN,Towers with Radar,59,120,98,0,277,0,22,53,0,75,59,142,151,0,352,52,0,52,404
03/02/2022,HPN,NY,AEA,EN,Towers with Radar,55,106,91,0,252,0,20,133,2,155,55,126,224,2,407,27,0,27,434
03/03/2022,HPN,NY,AEA,EN,Towers with Radar,64,102,87,0,253,0,3,63,0,66,64,105,150,0,319,0,0,0,319
03/04/2022,HPN,NY,AEA,EN,Towers with Radar,66,113,87,0,266,0,12,149,0,161,66,125,236,0,427,6,0,6,433
03/05/2022,HPN,NY,AEA,EN,Towers with Radar,52,102,86,0,240,0,4,148,0,152,52,106,234,0,392,8,0,8,400
03/06/2022,HPN,NY,AEA,EN,Towers with Radar,61,140,136,0,337,0,4,15,0,19,61,144,151,0,356,0,0,0,356
03/07/2022,HPN,NY,AEA,EN,Towers with Radar,62,104,76,0,242,0,5,37,0,42,62,109,113,0,284,0,0,0,284
03/08/2022,HPN,NY,AEA,EN,Towers with Radar,61,121,92,0,274,0,5,47,0,52,61,126,139,0,326,0,0,0,326
03/09/2022,HPN,NY,AEA,EN,Towers with Radar,59,98,65,0,222,0,1,4,0,5,59,99,69,0,227,0,0,0,227
03/10/2022,HPN,NY,AEA,EN,Towers with Radar,61,119,115,0,295,0,3,101,0,104,61,122,216,0,399,40,0,40,439
03/11/2022,HPN,NY,AEA,EN,Towers with Radar,60,183,143,0,386,0,6,138,1,145,60,189,281,1,531,16,0,16,547
03/12/2022,HPN,NY,AEA,EN,Towers with Radar,40,118,69,0,227,0,0,1,0,1,40,118,70,0,228,0,0,0,228
03/13/2022,HPN,NY,AEA,EN,Towers with Radar,59,149,121,0,329,0,1,77,0,78,59,150,198,0,407,10,0,10,417
03/14/2022,HPN,NY,AEA,EN,Towers with Radar,59,133,94,0,286,0,4,90,4,98,59,137,184,4,384,12,0,12,396
03/15/2022,HPN,NY,AEA,EN,Towers with Radar,61,92,88,0,241,0,4,113,0,117,61,96,201,0,358,14,0,14,372
03/16/2022,HPN,NY,AEA,EN,Towers with Radar,64,109,99,0,272,0,0,127,0,127,64,109,226,0,399,0,0,0,399
03/17/2022,HPN,NY,AEA,EN,Towers with Radar,56,101,97,0,254,0,0,0,0,0,56,101,97,0,254,0,0,0,254
03/18/2022,HPN,NY,AEA,EN,Towers with Radar,68,161,119,0,348,0,5,117,0,122,68,166,236,0,470,16,0,16,486
03/19/2022,HPN,NY,AEA,EN,Towers with Radar,52,94,83,0,229,0,1,13,0,14,52,95,96,0,243,0,0,0,243
03/20/2022,HPN,NY,AEA,EN,Towers with Radar,58,172,127,0,357,0,3,120,0,123,58,175,247,0,480,26,0,26,506
03/21/2022,HPN,NY,AEA,EN,Towers with Radar,66,133,97,0,296,0,5,85,1,91,66,138,182,1,387,20,0,20,407
03/22/2022,HPN,NY,AEA,EN,Towers with Radar,66,98,90,0,254,0,5,96,0,101,66,103,186,0,355,28,0,28,383
03/23/2022,HPN,NY,AEA,EN,Towers with Radar,56,110,85,0,251,0,3,47,0,50,56,113,132,0,301,0,0,0,301
03/24/2022,HPN,NY,AEA,EN,Towers with Radar,60,114,77,0,251,0,0,0,0,0,60,114,77,0,251,0,0,0,251
03/25/2022,HPN,NY,AEA,EN,Towers with Radar,69,147,87,0,303,0,3,148,0,151,69,150,235,0,454,76,0,76,530
03/26/2022,HPN,NY,AEA,EN,Towers with Radar,49,137,92,0,278,0,4,83,0,87,49,141,175,0,365,16,0,16,381
03/27/2022,HPN,NY,AEA,EN,Towers with Radar,63,242,138,0,443,0,19,37,0,56,63,261,175,0,499,0,0,0,499
03/28/2022,HPN,NY,AEA,EN,Towers with Radar,67,147,93,0,307,0,1,23,0,24,67,148,116,0,331,6,0,6,337
03/29/2022,HPN,NY,AEA,EN,Towers with Radar,63,92,78,0,233,0,9,62,0,71,63,101,140,0,304,0,0,0,304
03/30/2022,HPN,NY,AEA,EN,Towers with Radar,65,126,113,0,304,0,9,140,1,150,65,135,253,1,454,0,0,0,454
03/31/2022,HPN,NY,AEA,EN,Towers with Radar,62,118,76,0,256,0,0,6,0,6,62,118,82,0,262,0,0,0,262
04/01/2022,HPN,NY,AEA,EN,Towers with Radar,60,144,111,0,315,0,0,53,0,53,60,144,164,0,368,16,0,16,384
04/02/2022,HPN,NY,AEA,EN,Towers with Radar,41,92,66,0,199,0,4,164,0,168,41,96,230,0,367,18,0,18,385
04/03/2022,HPN,NY,AEA,EN,Towers with Radar,43,151,91,0,285,0,2,12,0,14,43,153,103,0,299,0,0,0,299
04/04/2022,HPN,NY,AEA,EN,Towers with Radar,52,100,95,0,247,0,5,131,2,138,52,105,226,2,385,48,0,48,433
04/05/2022,HPN,NY,AEA,EN,Towers with Radar,58,117,85,0,260,0,5,113,0,118,58,122,198,0,378,46,0,46,424
04/06/2022,HPN,NY,AEA,EN,Towers with Radar,61,117,126,0,304,0,0,0,0,0,61,117,126,0,304,0,0,0,304
04/07/2022,HPN,NY,AEA,EN,Towers with Radar,63,159,146,0,368,0,0,0,0,0,63,159,146,0,368,0,0,0,368
04/08/2022,HPN,NY,AEA,EN,Towers with Radar,51,182,150,0,383,0,5,105,0,110,51,187,255,0,493,24,0,24,517
04/09/2022,HPN,NY,AEA,EN,Towers with Radar,46,133,108,0,287,0,3,71,0,74,46,136,179,0,361,4,0,4,365
04/10/2022,HPN,NY,AEA,EN,Towers with Radar,53,206,190,0,449,0,5,112,0,117,53,211,302,0,566,16,0,16,582
04/11/2022,HPN,NY,AEA,EN,Towers with Radar,60,121,95,0,276,0,5,137,0,142,60,126,232,0,418,28,0,28,446
04/12/2022,HPN,NY,AEA,EN,Towers with Radar,60,116,99,0,275,0,5,89,0,94,60,121,188,0,369,18,0,18,387
04/13/2022,HPN,NY,AEA,EN,Towers with Radar,58,133,92,0,283,0,9,133,0,142,58,142,225,0,425,80,0,80,505
04/14/2022,HPN,NY,AEA,EN,Towers with Radar,61,163,119,0,343,0,7,63,0,70,61,170,182,0,413,0,0,0,413
04/15/2022,HPN,NY,AEA,EN,Towers with Radar,57,131,112,0,300,0,17,145,0,162,57,148,257,0,462,12,0,12,474
04/16/2022,HPN,NY,AEA,EN,Towers with Radar,44,113,81,0,238,0,3,102,0,105,44,116,183,0,343,18,0,18,361
04/17/2022,HPN,NY,AEA,EN,Towers with Radar,55,181,90,0,326,0,8,70,0,78,55,189,160,0,404,6,0,6,410
04/18/2022,HPN,NY,AEA,EN,Towers with Radar,56,156,129,0,341,0,9,95,0,104,56,165,224,0,445,8,0,8,453
04/19/2022,HPN,NY,AEA,EN,Towers with Radar,63,130,71,0,264,0,2,24,0,26,63,132,95,0,290,0,0,0,290
04/20/2022,HPN,NY,AEA,EN,Towers with Radar,63,114,107,0,284,0,12,128,0,140,63,126,235,0,424,12,0,12,436
04/21/2022,HPN,NY,AEA,EN,Towers with Radar,62,116,93,0,271,0,17,115,0,132,62,133,208,0,403,16,0,16,419
04/22/2022,HPN,NY,AEA,EN,Towers with Radar,67,113,109,0,289,0,29,161,0,190,67,142,270,0,479,4,0,4,483
04/23/2022,HPN,NY,AEA,EN,Towers with Radar,57,138,57,0,252,0,10,163,0,173,57,148,220,0,425,34,0,34,459
04/24/2022,HPN,NY,AEA,EN,Towers with Radar,61,177,147,1,386,0,23,189,0,212,61,200,336,1,598,14,0,14,612
04/25/2022,HPN,NY,AEA,EN,Towers with Radar,63,130,89,0,282,0,9,90,0,99,63,139,179,0,381,4,0,4,385
04/26/2022,HPN,NY,AEA,EN,Towers with Radar,65,142,111,0,318,0,0,1,0,1,65,142,112,0,319,0,0,0,319
04/27/2022,HPN,NY,AEA,EN,Towers with Radar,69,160,97,0,326,0,2,53,2,57,69,162,150,2,383,2,0,2,385
04/28/2022,HPN,NY,AEA,EN,Towers with Radar,65,189,131,0,385,0,3,70,0,73,65,192,201,0,458,0,0,0,458
04/29/2022,HPN,NY,AEA,EN,Towers with Radar,59,138,99,0,296,0,21,82,0,103,59,159,181,0,399,0,0,0,399
04/30/2022,HPN,NY,AEA,EN,Towers with Radar,55,108,86,0,249,0,8,191,0,199,55,116,277,0,448,34,0,34,482
05/01/2022,HPN,NY,AEA,EN,Towers with Radar,57,161,120,0,338,0,15,173,0,188,57,176,293,0,526,16,0,16,542
05/02/2022,HPN,NY,AEA,EN,Towers with Radar,67,128,92,0,287,0,1,2,0,3,67,129,94,0,290,0,0,0,290
05/03/2022,HPN,NY,AEA,EN,Towers with Radar,60,129,92,0,281,0,2,62,0,64,60,131,154,0,345,40,0,40,385
05/04/2022,HPN,NY,AEA,EN,Towers with Radar,64,127,119,0,310,0,3,12,0,15,64,130,131,0,325,0,0,0,325
05/05/2022,HPN,NY,AEA,EN,Towers with Radar,70,142,104,0,316,0,17,220,0,237,70,159,324,0,553,112,0,112,665
05/06/2022,HPN,NY,AEA,EN,Towers with Radar,66,186,114,0,366,0,2,13,0,15,66,188,127,0,381,0,0,0,381
05/07/2022,HPN,NY,AEA,EN,Towers with Radar,59,144,62,0,265,0,1,8,0,9,59,145,70,0,274,0,0,0,274
05/08/2022,HPN,NY,AEA,EN,Towers with Radar,62,192,104,0,358,0,11,56,0,67,62,203,160,0,425,2,0,2,427
05/09/2022,HPN,NY,AEA,EN,Towers with Radar,72,154,90,0,316,0,11,56,0,67,72,165,146,0,383,0,0,0,383
05/10/2022,HPN,NY,AEA,EN,Towers with Radar,68,104,93,0,265,0,10,64,0,74,68,114,157,0,339,0,0,0,339
05/11/2022,HPN,NY,AEA,EN,Towers with Radar,68,127,96,0,291,0,12,115,0,127,68,139,211,0,418,0,0,0,418
05/12/2022,HPN,NY,AEA,EN,Towers with Radar,74,180,131,0,385,0,9,76,0,85,74,189,207,0,470,0,0,0,470
05/13/2022,HPN,NY,AEA,EN,Towers with Radar,59,165,123,0,347,0,1,32,0,33,59,166,155,0,380,6,0,6,386
05/14/2022,HPN,NY,AEA,EN,Towers with Radar,60,121,78,0,259,0,1,16,0,17,60,122,94,0,276,14,0,14,290
05/15/2022,HPN,NY,AEA,EN,Towers with Radar,59,159,130,0,348,0,8,73,0,81,59,167,203,0,429,0,0,0,429
05/16/2022,HPN,NY,AEA,EN,Towers with Radar,64,110,100,0,274,0,6,54,0,60,64,116,154,0,334,0,0,0,334
05/17/2022,HPN,NY,AEA,EN,Towers with Radar,71,127,105,0,303,0,10,104,0,114,71,137,209,0,417,0,0,0,417
05/18/2022,HPN,NY,AEA,EN,Towers with Radar,68,148,109,0,325,0,9,162,0,171,68,157,271,0,496,0,0,0,496
05/19/2022,HPN,NY,AEA,EN,Towers with Radar,72,149,127,0,348,0,1,32,0,33,72,150,159,0,381,0,0,0,381
05/20/2022,HPN,NY,AEA,EN,Towers with Radar,63,180,140,1,384,0,3,38,0,41,63,183,178,1,425,0,0,0,425
05/21/2022,HPN,NY,AEA,EN,Towers with Radar,59,96,69,0,224,0,6,167,0,173,59,102,236,0,397,32,0,32,429
05/22/2022,HPN,NY,AEA,EN,Towers with Radar,61,180,121,0,362,0,26,159,0,185,61,206,280,0,547,0,0,0,547
05/23/2022,HPN,NY,AEA,EN,Towers with Radar,69,118,88,0,275,0,17,136,0,153,69,135,224,0,428,12,0,12,440
05/24/2022,HPN,NY,AEA,EN,Towers with Radar,66,103,72,0,241,0,41,92,0,133,66,144,164,0,374,28,0,28,402
05/25/2022,HPN,NY,AEA,EN,Towers with Radar,68,124,99,0,291,0,59,129,0,188,68,183,228,0,479,76,0,76,555
05/26/2022,HPN,NY,AEA,EN,Towers with Radar,68,193,151,0,412,0,44,117,0,161,68,237,268,0,573,38,0,38,611
05/27/2022,HPN,NY,AEA,EN,Towers with Radar,73,178,102,0,353,0,5,15,0,20,73,183,117,0,373,0,0,0,373
05/28/2022,HPN,NY,AEA,EN,Towers with Radar,59,77,74,0,210,0,0,29,0,29,59,77,103,0,239,0,0,0,239
05/29/2022,HPN,NY,AEA,EN,Towers with Radar,65,98,55,0,218,0,18,182,0,200,65,116,237,0,418,18,0,18,436
05/30/2022,HPN,NY,AEA,EN,Towers with Radar,72,146,106,0,324,0,53,169,0,222,72,199,275,0,546,32,0,32,578
05/31/2022,HPN,NY,AEA,EN,Towers with Radar,77,99,80,0,256,0,35,186,1,222,77,134,266,1,478,59,0,59,537
06/01/2022,HPN,NY,AEA,EN,Towers with Radar,68,130,102,0,300,0,4,70,0,74,68,134,172,0,374,12,0,12,386
06/02/2022,HPN,NY,AEA,EN,Towers with Radar,73,161,126,0,360,0,1,25,0,26,73,162,151,0,386,0,0,0,386
06/03/2022,HPN,NY,AEA,EN,Towers with Radar,78,152,120,0,350,0,12,87,0,99,78,164,207,0,449,8,0,8,457
06/04/2022,HPN,NY,AEA,EN,Towers with Radar,56,98,69,4,227,0,14,180,0,194,56,112,249,4,421,84,0,84,505
06/05/2022,HPN,NY,AEA,EN,Towers with Radar,71,153,114,0,338,0,30,213,0,243,71,183,327,0,581,40,0,40,621
06/06/2022,HPN,NY,AEA,EN,Towers with Radar,69,129,104,0,302,0,23,197,0,220,69,152,301,0,522,80,0,80,602
06/07/2022,HPN,NY,AEA,EN,Towers with Radar,70,124,107,0,301,0,9,85,0,94,70,133,192,0,395,32,0,32,427
06/08/2022,HPN,NY,AEA,EN,Towers with Radar,67,127,111,0,305,0,6,109,0,115,67,133,220,0,420,26,0,26,446
06/09/2022,HPN,NY,AEA,EN,Towers with Radar,73,152,113,0,338,0,15,71,0,86,73,167,184,0,424,6,0,6,430
06/10/2022,HPN,NY,AEA,EN,Towers with Radar,69,144,145,1,359,0,42,211,0,253,69,186,356,1,612,97,0,97,709
06/11/2022,HPN,NY,AEA,EN,Towers with Radar,61,98,70,0,229,0,6,156,0,162,61,104,226,0,391,24,0,24,415
06/12/2022,HPN,NY,AEA,EN,Towers with Radar,61,193,142,1,397,0,5,20,0,25,61,198,162,1,422,0,0,0,422
06/13/2022,HPN,NY,AEA,EN,Towers with Radar,69,135,83,0,287,0,21,100,0,121,69,156,183,0,408,148,0,148,556
06/14/2022,HPN,NY,AEA,EN,Towers with Radar,74,125,97,0,296,0,21,162,1,184,74,146,259,1,480,26,0,26,506
06/15/2022,HPN,NY,AEA,EN,Towers with Radar,71,123,122,1,317,0,27,165,0,192,71,150,287,1,509,28,0,28,537
06/16/2022,HPN,NY,AEA,EN,Towers with Radar,71,181,122,0,374,0,3,54,0,57,71,184,176,0,431,0,0,0,431
06/17/2022,HPN,NY,AEA,EN,Towers with Radar,65,167,138,0,370,0,17,99,0,116,65,184,237,0,486,30,0,30,516
06/18/2022,HPN,NY,AEA,EN,Towers with Radar,57,114,71,0,242,0,15,71,1,87,57,129,142,1,329,24,0,24,353
06/19/2022,HPN,NY,AEA,EN,Towers with Radar,67,139,88,0,294,0,24,121,0,145,67,163,209,0,439,2,0,2,441
06/20/2022,HPN,NY,AEA,EN,Towers with Radar,77,137,81,1,296,0,37,217,0,254,77,174,298,1,550,52,0,52,602
06/21/2022,HPN,NY,AEA,EN,Towers with Radar,73,120,121,0,314,0,18,116,0,134,73,138,237,0,448,0,0,0,448
06/22/2022,HPN,NY,AEA,EN,Towers with Radar,65,141,168,0,374,0,0,3,0,3,65,141,171,0,377,0,0,0,377
06/23/2022,HPN,NY,AEA,EN,Towers with Radar,79,181,141,0,401,0,24,100,0,124,79,205,241,0,525,12,0,12,537
06/24/2022,HPN,NY,AEA,EN,Towers with Radar,75,157,94,0,326,0,29,172,0,201,75,186,266,0,527,18,0,18,545
06/25/2022,HPN,NY,AEA,EN,Towers with Radar,68,135,56,0,259,0,18,168,2,188,68,153,224,2,447,82,0,82,529
06/26/2022,HPN,NY,AEA,EN,Towers with Radar,74,172,108,2,356,0,31,187,0,218,74,203,295,2,574,42,0,42,616
06/27/2022,HPN,NY,AEA,EN,Towers with Radar,73,122,113,0,308,0,3,29,0,32,73,125,142,0,340,16,0,16,356
06/28/2022,HPN,NY,AEA,EN,Towers with Radar,78,82,98,0,258,0,20,147,0,167,78,102,245,0,425,86,0,86,511
06/29/2022,HPN,NY,AEA,EN,Towers with Radar,76,119,89,0,284,0,36,146,0,182,76,155,235,0,466,72,0,72,538
06/30/2022,HPN,NY,AEA,EN,Towers with Radar,79,142,106,0,327,0,57,219,0,276,79,199,325,0,603,20,0,20,623
07/01/2022,HPN,NY,AEA,EN,Towers with Radar,80,143,81,2,306,0,55,223,0,278,80,198,304,2,584,6,0,6,590
07/02/2022,HPN,NY,AEA,EN,Towers with Radar,60,107,67,0,234,0,12,53,0,65,60,119,120,0,299,48,0,48,347
07/03/2022,HPN,NY,AEA,EN,Towers with Radar,68,71,51,0,190,0,13,135,1,149,68,84,186,1,339,18,0,18,357
07/04/2022,HPN,NY,AEA,EN,Towers with Radar,74,87,46,0,207,0,44,180,0,224,74,131,226,0,431,40,0,40,471
07/05/2022,HPN,NY,AEA,EN,Towers with Radar,76,140,93,0,309,0,40,135,0,175,76,180,228,0,484,14,0,14,498
07/06/2022,HPN,NY,AEA,EN,Towers with Radar,67,118,85,0,270,0,22,128,0,150,67,140,213,0,420,54,0,54,474
07/07/2022,HPN,NY,AEA,EN,Towers with Radar,75,112,59,0,246,0,49,115,0,164,75,161,174,0,410,46,0,46,456
07/08/2022,HPN,NY,AEA,EN,Towers with Radar,67,156,116,0,339,0,37,126,0,163,67,193,242,0,502,16,0,16,518
07/09/2022,HPN,NY,AEA,EN,Towers with Radar,64,146,115,0,325,0,28,142,0,170,64,174,257,0,495,56,0,56,551
07/10/2022,HPN,NY,AEA,EN,Towers with Radar,79,162,121,0,362,0,51,266,0,317,79,213,387,0,679,56,0,56,735
07/11/2022,HPN,NY,AEA,EN,Towers with Radar,77,145,79,0,301,0,66,148,0,214,77,211,227,0,515,52,0,52,567
07/12/2022,HPN,NY,AEA,EN,Towers with Radar,79,101,77,0,257,0,23,114,0,137,79,124,191,0,394,20,0,20,414
07/13/2022,HPN,NY,AEA,EN,Towers with Radar,76,117,102,0,295,0,17,161,0,178,76,134,263,0,473,48,0,48,521
07/14/2022,HPN,NY,AEA,EN,Towers with Radar,83,179,120,0,382,1,35,166,0,202,84,214,286,0,584,98,0,98,682
07/15/2022,HPN,NY,AEA,EN,Towers with Radar,81,162,97,0,340,0,57,253,0,310,81,219,350,0,650,68,0,68,718
07/16/2022,HPN,NY,AEA,EN,Towers with Radar,61,161,117,0,339,0,10,123,0,133,61,171,240,0,472,32,0,32,504
07/17/2022,HPN,NY,AEA,EN,Towers with Radar,79,192,143,0,414,0,33,204,0,237,79,225,347,0,651,6,0,6,657
07/18/2022,HPN,NY,AEA,EN,Towers with Radar,65,149,90,0,304,0,0,2,0,2,65,149,92,0,306,0,0,0,306
07/19/2022,HPN,NY,AEA,EN,Towers with Radar,76,126,94,0,296,0,45,189,0,234,76,171,283,0,530,68,0,68,598
07/20/2022,HPN,NY,AEA,EN,Towers with Radar,77,96,113,0,286,0,33,172,0,205,77,129,285,0,491,82,0,82,573
07/21/2022,HPN,NY,AEA,EN,Towers with Radar,78,153,104,0,335,0,39,145,1,185,78,192,249,1,520,56,0,56,576
07/22/2022,HPN,NY,AEA,EN,Towers with Radar,78,149,84,0,311,0,46,192,3,241,78,195,276,3,552,46,0,46,598
07/23/2022,HPN,NY,AEA,EN,Towers with Radar,55,158,96,0,309,0,46,158,0,204,55,204,254,0,513,48,0,48,561
07/24/2022,HPN,NY,AEA,EN,Towers with Radar,75,191,158,0,424,0,42,189,0,231,75,233,347,0,655,50,0,50,705
07/25/2022,HPN,NY,AEA,EN,Towers with Radar,72,148,98,0,318,0,16,81,0,97,72,164,179,0,415,8,0,8,423
07/26/2022,HPN,NY,AEA,EN,Towers with Radar,70,147,89,0,306,0,35,75,2,112,70,182,164,2,418,0,0,0,418
07/27/2022,HPN,NY,AEA,EN,Towers with Radar,78,147,130,0,355,0,24,163,0,187,78,171,293,0,542,88,0,88,630
07/28/2022,HPN,NY,AEA,EN,Towers with Radar,83,195,131,0,409,0,23,113,0,136,83,218,244,0,545,36,0,36,581
07/29/2022,HPN,NY,AEA,EN,Towers with Radar,73,179,88,0,340,0,55,231,0,286,73,234,319,0,626,144,0,144,770
07/30/2022,HPN,NY,AEA,EN,Towers with Radar,59,144,100,0,303,0,28,154,0,182,59,172,254,0,485,122,0,122,607
07/31/2022,HPN,NY,AEA,EN,Towers with Radar,75,162,99,0,336,0,53,276,0,329,75,215,375,0,665,52,0,52,717
08/01/2022,HPN,NY,AEA,EN,Towers with Radar,81,137,127,0,345,0,8,62,0,70,81,145,189,0,415,48,0,48,463
08/02/2022,HPN,NY,AEA,EN,Towers with Radar,82,125,93,0,300,0,14,165,0,179,82,139,258,0,479,16,0,16,495
08/03/2022,HPN,NY,AEA,EN,Towers with Radar,74,116,95,0,285,0,25,196,0,221,74,141,291,0,506,50,0,50,556
08/04/2022,HPN,NY,AEA,EN,Towers with Radar,75,127,97,0,299,0,39,201,0,240,75,166,298,0,539,28,0,28,567
08/05/2022,HPN,NY,AEA,EN,Towers with Radar,72,145,85,0,302,0,41,136,0,177,72,186,221,0,479,46,0,46,525
08/06/2022,HPN,NY,AEA,EN,Towers with Radar,60,131,76,0,267,0,27,125,0,152,60,158,201,0,419,110,0,110,529
08/07/2022,HPN,NY,AEA,EN,Towers with Radar,80,173,111,0,364,0,49,130,0,179,80,222,241,0,543,52,0,52,595
08/08/2022,HPN,NY,AEA,EN,Towers with Radar,77,167,104,0,348,0,36,82,0,118,77,203,186,0,466,0,0,0,466
08/09/2022,HPN,NY,AEA,EN,Towers with Radar,80,124,64,0,268,0,23,111,0,134,80,147,175,0,402,94,0,94,496
08/10/2022,HPN,NY,AEA,EN,Towers with Radar,75,135,62,0,272,0,16,129,4,149,75,151,191,4,421,112,0,112,533
08/11/2022,HPN,NY,AEA,EN,Towers with Radar,80,130,96,0,306,0,38,132,0,170,80,168,228,0,476,42,0,42,518
08/12/2022,HPN,NY,AEA,EN,Towers with Radar,78,132,110,0,320,0,49,181,0,230,78,181,291,0,550,60,0,60,610
08/13/2022,HPN,NY,AEA,EN,Towers with Radar,65,160,85,0,310,1,29,188,0,218,66,189,273,0,528,22,0,22,550
08/14/2022,HPN,NY,AEA,EN,Towers with Radar,80,184,100,0,364,0,59,250,0,309,80,243,350,0,673,54,0,54,727
08/15/2022,HPN,NY,AEA,EN,Towers with Radar,76,131,97,0,304,0,42,193,0,235,76,173,290,0,539,62,0,62,601
08/16/2022,HPN,NY,AEA,EN,Towers with Radar,74,116,67,0,257,0,29,126,0,155,74,145,193,0,412,106,0,106,518
08/17/2022,HPN,NY,AEA,EN,Towers with Radar,76,123,85,0,284,0,24,125,1,150,76,147,210,1,434,116,0,116,550
08/18/2022,HPN,NY,AEA,EN,Towers with Radar,86,128,95,0,309,0,41,170,0,211,86,169,265,0,520,62,0,62,582
08/19/2022,HPN,NY,AEA,EN,Towers with Radar,77,157,90,0,324,0,54,180,0,234,77,211,270,0,558,79,0,79,637
08/20/2022,HPN,NY,AEA,EN,Towers with Radar,64,187,75,0,326,0,26,161,0,187,64,213,236,0,513,50,0,50,563
08/21/2022,HPN,NY,AEA,EN,Towers with Radar,77,208,134,0,419,0,38,151,0,189,77,246,285,0,608,2,0,2,610
08/22/2022,HPN,NY,AEA,EN,Towers with Radar,70,174,101,0,345,0,2,13,0,15,70,176,114,0,360,0,0,0,360
08/23/2022,HPN,NY,AEA,EN,Towers with Radar,78,133,82,0,293,0,10,62,0,72,78,143,144,0,365,82,0,82,447
08/24/2022,HPN,NY,AEA,EN,Towers with Radar,77,129,73,0,279,0,23,177,0,200,77,152,250,0,479,98,0,98,577
08/25/2022,HPN,NY,AEA,EN,Towers with Radar,78,122,96,0,296,0,44,230,0,274,78,166,326,0,570,138,0,138,708
08/26/2022,HPN,NY,AEA,EN,Towers with Radar,73,150,91,0,314,0,43,171,0,214,73,193,262,0,528,42,0,42,570
08/27/2022,HPN,NY,AEA,EN,Towers with Radar,67,134,113,0,314,0,30,207,0,237,67,164,320,0,551,32,0,32,583
08/28/2022,HPN,NY,AEA,EN,Towers with Radar,76,179,114,0,369,0,26,141,0,167,76,205,255,0,536,46,0,46,582
08/29/2022,HPN,NY,AEA,EN,Towers with Radar,79,177,103,0,359,0,19,143,0,162,79,196,246,0,521,22,0,22,543
08/30/2022,HPN,NY,AEA,EN,Towers with Radar,76,110,87,0,273,0,22,109,0,131,76,132,196,0,404,12,0,12,416
08/31/2022,HPN,NY,AEA,EN,Towers with Radar,75,127,89,0,291,0,26,151,1,178,75,153,240,1,469,64,0,64,533
09/01/2022,HPN,NY,AEA,EN,Towers with Radar,81,113,102,0,296,0,44,196,0,240,81,157,298,0,536,96,0,96,632
09/02/2022,HPN,NY,AEA,EN,Towers with Radar,78,118,91,0,287,0,50,203,0,253,78,168,294,0,540,66,0,66,606
09/03/2022,HPN,NY,AEA,EN,Towers with Radar,63,80,47,0,190,0,29,200,0,229,63,109,247,0,419,110,0,110,529
09/04/2022,HPN,NY,AEA,EN,Towers with Radar,68,92,51,0,211,0,24,145,0,169,68,116,196,0,380,96,0,96,476
09/05/2022,HPN,NY,AEA,EN,Towers with Radar,77,206,129,0,412,0,12,70,0,82,77,218,199,0,494,78,0,78,572
09/06/2022,HPN,NY,AEA,EN,Towers with Radar,90,150,79,0,319,0,0,0,0,0,90,150,79,0,319,0,0,0,319
09/07/2022,HPN,NY,AEA,EN,Towers with Radar,76,135,110,0,321,0,4,54,0,58,76,139,164,0,379,24,0,24,403
09/08/2022,HPN,NY,AEA,EN,Towers with Radar,82,157,75,0,314,0,24,176,0,200,82,181,251,0,514,130,0,130,644
09/09/2022,HPN,NY,AEA,EN,Towers with Radar,76,153,102,0,331,0,22,219,0,241,76,175,321,0,572,64,0,64,636
09/10/2022,HPN,NY,AEA,EN,Towers with Radar,119,195,116,2,432,0,14,260,2,276,119,209,376,4,708,105,0,105,813
09/11/2022,HPN,NY,AEA,EN,Towers with Radar,84,190,125,1,400,0,8,131,0,139,84,198,256,1,539,52,0,52,591
09/12/2022,HPN,NY,AEA,EN,Towers with Radar,73,119,120,0,312,0,2,48,0,50,73,121,168,0,362,46,0,46,408
09/13/2022,HPN,NY,AEA,EN,Towers with Radar,77,116,88,2,283,0,0,41,1,42,77,116,129,3,325,6,0,6,331
09/14/2022,HPN,NY,AEA,EN,Towers with Radar,75,116,118,0,309,0,15,175,1,191,75,131,293,1,500,88,0,88,588
09/15/2022,HPN,NY,AEA,EN,Towers with Radar,93,156,119,0,368,0,29,170,0,199,93,185,289,0,567,108,0,108,675
09/16/2022,HPN,NY,AEA,EN,Towers with Radar,76,140,101,0,317,0,38,164,0,202,76,178,265,0,519,46,0,46,565
09/17/2022,HPN,NY,AEA,EN,Towers with Radar,61,108,60,0,229,0,7,175,0,182,61,115,235,0,411,148,0,148,559
09/18/2022,HPN,NY,AEA,EN,Towers with Radar,81,189,113,0,383,0,46,228,0,274,81,235,341,0,657,50,0,50,707
09/19/2022,HPN,NY,AEA,EN,Towers with Radar,80,107,77,0,264,0,50,34,1,85,80,157,111,1,349,46,0,46,395
09/20/2022,HPN,NY,AEA,EN,Towers with Radar,77,134,102,2,315,0,4,106,0,110,77,138,208,2,425,64,0,64,489
09/21/2022,HPN,NY,AEA,EN,Towers with Radar,75,130,123,0,328,0,16,108,0,124,75,146,231,0,452,2,0,2,454
09/22/2022,HPN,NY,AEA,EN,Towers with Radar,77,164,115,2,358,0,7,28,0,35,77,171,143,2,393,0,0,0,393
09/23/2022,HPN,NY,AEA,EN,Towers with Radar,85,199,118,0,402,0,32,119,0,151,85,231,237,0,553,14,0,14,567
09/24/2022,HPN,NY,AEA,EN,Towers with Radar,62,119,85,0,266,0,20,169,0,189,62,139,254,0,455,104,0,104,559
09/25/2022,HPN,NY,AEA,EN,Towers with Radar,81,172,95,0,348,0,15,140,0,155,81,187,235,0,503,32,0,32,535
09/26/2022,HPN,NY,AEA,EN,Towers with Radar,76,137,74,0,287,0,13,52,4,69,76,150,126,4,356,2,0,2,358
09/27/2022,HPN,NY,AEA,EN,Towers with Radar,76,125,72,0,273,0,8,136,1,145,76,133,208,1,418,70,0,70,488
09/28/2022,HPN,NY,AEA,EN,Towers with Radar,62,112,104,0,278,0,11,117,0,128,62,123,221,0,406,76,0,76,482
09/29/2022,HPN,NY,AEA,EN,Towers with Radar,70,126,83,0,279,0,29,144,0,173,70,155,227,0,452,80,0,80,532
09/30/2022,HPN,NY,AEA,EN,Towers with Radar,70,131,96,0,297,0,24,170,0,194,70,155,266,0,491,46,0,46,537
10/01/2022,HPN,NY,AEA,EN,Towers with Radar,61,104,70,0,235,0,0,7,0,7,61,104,77,0,242,0,0,0,242
10/02/2022,HPN,NY,AEA,EN,Towers with Radar,75,144,75,0,294,0,8,15,0,23,75,152,90,0,317,4,0,4,321
10/03/2022,HPN,NY,AEA,EN,Towers with Radar,81,100,90,0,271,0,34,50,1,85,81,134,140,1,356,22,0,22,378
10/04/2022,HPN,NY,AEA,EN,Towers with Radar,72,106,68,0,246,0,0,0,0,0,72,106,68,0,246,0,0,0,246
10/05/2022,HPN,NY,AEA,EN,Towers with Radar,74,111,91,0,276,0,0,1,0,1,74,111,92,0,277,0,0,0,277
10/06/2022,HPN,NY,AEA,EN,Towers with Radar,85,160,123,0,368,0,25,151,0,176,85,185,274,0,544,44,0,44,588
10/07/2022,HPN,NY,AEA,EN,Towers with Radar,84,184,111,0,379,0,39,227,0,266,84,223,338,0,645,80,0,80,725
10/08/2022,HPN,NY,AEA,EN,Towers with Radar,66,123,73,0,262,0,12,157,0,169,66,135,230,0,431,120,0,120,551
10/09/2022,HPN,NY,AEA,EN,Towers with Radar,76,153,117,0,346,0,76,121,0,197,76,229,238,0,543,74,0,74,617
10/10/2022,HPN,NY,AEA,EN,Towers with Radar,77,155,105,0,337,0,46,175,0,221,77,201,280,0,558,82,0,82,640
10/11/2022,HPN,NY,AEA,EN,Towers with Radar,71,123,85,0,279,0,23,126,0,149,71,146,211,0,428,44,0,44,472
10/12/2022,HPN,NY,AEA,EN,Towers with Radar,79,126,98,0,303,0,10,155,0,165,79,136,253,0,468,74,0,74,542
10/13/2022,HPN,NY,AEA,EN,Towers with Radar,85,169,113,0,367,0,3,24,0,27,85,172,137,0,394,6,0,6,400
10/14/2022,HPN,NY,AEA,EN,Towers with Radar,88,163,124,0,375,0,14,143,0,157,88,177,267,0,532,68,0,68,600
10/15/2022,HPN,NY,AEA,EN,Towers with Radar,67,92,73,0,232,0,12,170,0,182,67,104,243,0,414,48,0,48,462
10/16/2022,HPN,NY,AEA,EN,Towers with Radar,80,162,123,0,365,0,21,180,0,201,80,183,303,0,566,64,0,64,630
10/17/2022,HPN,NY,AEA,EN,Towers with Radar,78,117,97,0,292,0,0,39,0,39,78,117,136,0,331,24,0,24,355
10/18/2022,HPN,NY,AEA,EN,Towers with Radar,78,111,75,4,268,0,13,139,0,152,78,124,214,4,420,44,2,46,466
10/19/2022,HPN,NY,AEA,EN,Towers with Radar,75,145,99,1,320,0,15,136,0,151,75,160,235,1,471,54,0,54,525
10/20/2022,HPN,NY,AEA,EN,Towers with Radar,88,136,100,0,324,0,17,114,0,131,88,153,214,0,455,28,0,28,483
10/21/2022,HPN,NY,AEA,EN,Towers with Radar,84,154,99,1,338,0,16,165,0,181,84,170,264,1,519,83,0,83,602
10/22/2022,HPN,NY,AEA,EN,Towers with Radar,65,93,72,0,230,0,12,186,0,198,65,105,258,0,428,132,0,132,560
10/23/2022,HPN,NY,AEA,EN,Towers with Radar,80,178,126,0,384,0,12,122,1,135,80,190,248,1,519,35,0,35,554
10/24/2022,HPN,NY,AEA,EN,Towers with Radar,82,135,90,0,307,0,0,0,0,0,82,135,90,0,307,0,0,0,307
10/25/2022,HPN,NY,AEA,EN,Towers with Radar,69,109,94,0,272,0,0,4,0,4,69,109,98,0,276,0,0,0,276
10/26/2022,HPN,NY,AEA,EN,Towers with Radar,65,131,107,0,303,0,2,12,0,14,65,133,119,0,317,0,0,0,317
10/27/2022,HPN,NY,AEA,EN,Towers with Radar,91,136,117,0,344,0,9,143,0,152,91,145,260,0,496,34,0,34,530
10/28/2022,HPN,NY,AEA,EN,Towers with Radar,83,131,99,0,313,0,19,167,0,186,83,150,266,0,499,80,0,80,579
10/29/2022,HPN,NY,AEA,EN,Towers with Radar,63,88,64,0,215,0,19,152,1,172,63,107,216,1,387,116,0,116,503
10/30/2022,HPN,NY,AEA,EN,Towers with Radar,75,131,82,0,288,0,20,160,0,180,75,151,242,0,468,120,0,120,588
10/31/2022,HPN,NY,AEA,EN,Towers with Radar,78,92,67,0,237,0,5,76,0,81,78,97,143,0,318,22,0,22,340
11/01/2022,HPN,NY,AEA,EN,Towers with Radar,74,144,98,0,316,0,1,31,0,32,74,145,129,0,348,34,0,34,382
11/02/2022,HPN,NY,AEA,EN,Towers with Radar,85,107,80,0,272,0,8,159,1,168,85,115,239,1,440,18,0,18,458
11/03/2022,HPN,NY,AEA,EN,Towers with Radar,87,167,91,0,345,0,7,133,0,140,87,174,224,0,485,86,0,86,571
11/04/2022,HPN,NY,AEA,EN,Towers with Radar,89,152,116,0,357,0,8,134,0,142,89,160,250,0,499,70,0,70,569
11/05/2022,HPN,NY,AEA,EN,Towers with Radar,68,96,67,0,231,0,4,142,0,146,68,100,209,0,377,78,0,78,455
11/06/2022,HPN,NY,AEA,EN,Towers with Radar,76,141,121,3,341,0,7,85,0,92,76,148,206,3,433,54,0,54,487
11/07/2022,HPN,NY,AEA,EN,Towers with Radar,83,101,79,0,263,0,11,124,0,135,83,112,203,0,398,116,0,116,514
11/08/2022,HPN,NY,AEA,EN,Towers with Radar,84,101,76,0,261,0,17,91,0,108,84,118,167,0,369,22,0,22,391
11/09/2022,HPN,NY,AEA,EN,Towers with Radar,67,101,59,0,227,0,12,145,0,157,67,113,204,0,384,114,0,114,498
11/10/2022,HPN,NY,AEA,EN,Towers with Radar,75,137,98,0,310,0,11,135,0,146,75,148,233,0,456,68,0,68,524
11/11/2022,HPN,NY,AEA,EN,Towers with Radar,82,144,99,0,325,0,1,26,0,27,82,145,125,0,352,20,0,20,372
11/12/2022,HPN,NY,AEA,EN,Towers with Radar,64,121,67,0,252,0,1,82,0,83,64,122,149,0,335,38,0,38,373
11/13/2022,HPN,NY,AEA,EN,Towers with Radar,80,150,104,0,334,0,6,47,0,53,80,156,151,0,387,12,0,12,399
11/14/2022,HPN,NY,AEA,EN,Towers with Radar,86,130,90,0,306,0,12,108,0,120,86,142,198,0,426,112,0,112,538
11/15/2022,HPN,NY,AEA,EN,Towers with Radar,85,105,78,0,268,0,27,82,0,109,85,132,160,0,377,100,0,100,477
11/16/2022,HPN,NY,AEA,EN,Towers with Radar,92,118,109,0,319,0,1,24,0,25,92,119,133,0,344,4,0,4,348
11/17/2022,HPN,NY,AEA,EN,Towers with Radar,87,122,115,0,324,0,9,109,3,121,87,131,224,3,445,22,0,22,467
11/18/2022,HPN,NY,AEA,EN,Towers with Radar,92,175,109,0,376,0,5,143,0,148,92,180,252,0,524,37,0,37,561
11/19/2022,HPN,NY,AEA,EN,Towers with Radar,65,104,67,0,236,0,10,155,0,165,65,114,222,0,401,84,0,84,485
11/20/2022,HPN,NY,AEA,EN,Towers with Radar,89,132,97,0,318,0,20,80,1,101,89,152,177,1,419,12,0,12,431
11/21/2022,HPN,NY,AEA,EN,Towers with Radar,85,130,91,0,306,0,18,125,0,143,85,148,216,0,449,75,0,75,524
11/22/2022,HPN,NY,AEA,EN,Towers with Radar,81,177,127,0,385,0,36,141,2,179,81,213,268,2,564,88,0,88,652
11/23/2022,HPN,NY,AEA,EN,Towers with Radar,81,172,122,0,375,0,89,140,1,230,81,261,262,1,605,20,0,20,625
11/24/2022,HPN,NY,AEA,EN,Towers with Radar,42,89,28,0,159,0,12,71,1,84,42,101,99,1,243,36,0,36,279
11/25/2022,HPN,NY,AEA,EN,Towers with Radar,73,123,82,0,278,0,2,37,0,39,73,125,119,0,317,16,0,16,333
11/26/2022,HPN,NY,AEA,EN,Towers with Radar,67,161,106,0,334,0,23,158,0,181,67,184,264,0,515,24,0,24,539
11/27/2022,HPN,NY,AEA,EN,Towers with Radar,75,247,214,0,536,0,14,73,0,87,75,261,287,0,623,52,0,52,675
11/28/2022,HPN,NY,AEA,EN,Towers with Radar,86,162,137,0,385,0,15,60,0,75,86,177,197,0,460,26,0,26,486
11/29/2022,HPN,NY,AEA,EN,Towers with Radar,89,113,95,0,297,0,4,129,0,133,89,117,224,0,430,116,0,116,546
11/30/2022,HPN,NY,AEA,EN,Towers with Radar,82,101,103,0,286,0,2,13,0,15,82,103,116,0,301,18,0,18,319
12/01/2022,HPN,NY,AEA,EN,Towers with Radar,84,146,93,0,323,0,20,75,0,95,84,166,168,0,418,12,0,12,430
12/02/2022,HPN,NY,AEA,EN,Towers with Radar,93,141,83,0,317,0,24,181,2,207,93,165,264,2,524,100,0,100,624
12/03/2022,HPN,NY,AEA,EN,Towers with Radar,64,79,51,0,194,0,0,0,0,0,64,79,51,0,194,0,0,0,194
12/04/2022,HPN,NY,AEA,EN,Towers with Radar,77,167,122,0,366,0,31,186,0,217,77,198,308,0,583,90,0,90,673
12/05/2022,HPN,NY,AEA,EN,Towers with Radar,87,106,77,0,270,0,17,105,0,122,87,123,182,0,392,48,0,48,440
12/06/2022,HPN,NY,AEA,EN,Towers with Radar,81,117,114,0,312,0,4,30,0,34,81,121,144,0,346,50,0,50,396
12/07/2022,HPN,NY,AEA,EN,Towers with Radar,75,112,79,0,266,0,0,0,0,0,75,112,79,0,266,0,0,0,266
12/08/2022,HPN,NY,AEA,EN,Towers with Radar,81,179,105,1,366,0,12,134,0,146,81,191,239,1,512,34,0,34,546
12/09/2022,HPN,NY,AEA,EN,Towers with Radar,88,124,83,1,296,0,16,111,0,127,88,140,194,1,423,44,0,44,467
12/10/2022,HPN,NY,AEA,EN,Towers with Radar,69,84,55,0,208,0,4,125,0,129,69,88,180,0,337,115,0,115,452
12/11/2022,HPN,NY,AEA,EN,Towers with Radar,78,133,62,0,273,0,0,7,0,7,78,133,69,0,280,0,0,0,280
12/12/2022,HPN,NY,AEA,EN,Towers with Radar,85,122,79,0,286,0,3,66,0,69,85,125,145,0,355,0,0,0,355
12/13/2022,HPN,NY,AEA,EN,Towers with Radar,76,89,77,0,242,0,5,106,0,111,76,94,183,0,353,42,0,42,395
12/14/2022,HPN,NY,AEA,EN,Towers with Radar,79,115,73,0,267,0,7,124,0,131,79,122,197,0,398,36,0,36,434
12/15/2022,HPN,NY,AEA,EN,Towers with Radar,79,127,81,0,287,0,2,41,0,43,79,129,122,0,330,146,0,146,476
12/16/2022,HPN,NY,AEA,EN,Towers with Radar,81,151,87,0,319,0,0,0,0,0,81,151,87,0,319,0,0,0,319
12/17/2022,HPN,NY,AEA,EN,Towers with Radar,74,146,90,0,310,0,3,141,0,144,74,149,231,0,454,56,0,56,510
12/18/2022,HPN,NY,AEA,EN,Towers with Radar,69,121,88,0,278,0,5,122,0,127,69,126,210,0,405,82,0,82,487
12/19/2022,HPN,NY,AEA,EN,Towers with Radar,72,116,101,0,289,0,5,95,0,100,72,121,196,0,389,40,0,40,429
12/20/2022,HPN,NY,AEA,EN,Towers with Radar,66,91,66,0,223,0,6,93,0,99,66,97,159,0,322,56,0,56,378
12/21/2022,HPN,NY,AEA,EN,Towers with Radar,71,121,87,0,279,0,19,128,0,147,71,140,215,0,426,56,0,56,482
12/22/2022,HPN,NY,AEA,EN,Towers with Radar,68,144,138,0,350,0,4,25,0,29,68,148,163,0,379,0,0,0,379
12/23/2022,HPN,NY,AEA,EN,Towers with Radar,70,84,42,0,196,0,0,0,0,0,70,84,42,0,196,0,0,0,196
12/24/2022,HPN,NY,AEA,EN,Towers with Radar,48,103,42,0,193,0,8,16,0,24,48,111,58,0,217,0,0,0,217
12/25/2022,HPN,NY,AEA,EN,Towers with Radar,49,142,58,0,249,0,3,22,0,25,49,145,80,0,274,22,0,22,296
12/26/2022,HPN,NY,AEA,EN,Towers with Radar,69,187,146,0,402,0,11,133,0,144,69,198,279,0,546,24,0,24,570
12/27/2022,HPN,NY,AEA,EN,Towers with Radar,75,151,103,0,329,0,9,161,0,170,75,160,264,0,499,24,0,24,523
12/28/2022,HPN,NY,AEA,EN,Towers with Radar,75,143,78,0,296,0,6,137,0,143,75,149,215,0,439,14,0,14,453
12/29/2022,HPN,NY,AEA,EN,Towers with Radar,68,115,63,0,246,0,7,125,0,132,68,122,188,0,378,82,0,82,460
12/30/2022,HPN,NY,AEA,EN,Towers with Radar,75,125,45,0,245,0,8,147,0,155,75,133,192,0,400,114,0,114,514
12/31/2022,HPN,NY,AEA,EN,Towers with Radar,41,71,43,0,155,0,0,0,0,0,41,71,43,0,155,0,0,0,155
01/01/2023,HPN,NY,AEA,EN,Towers with Radar,55,170,91,0,316,0,7,77,0,84,55,177,168,0,400,24,0,24,424
01/02/2023,HPN,NY,AEA,EN,Towers with Radar,68,237,180,0,485,0,8,148,0,156,68,245,328,0,641,26,0,26,667
01/03/2023,HPN,NY,AEA,EN,Towers with Radar,66,134,95,0,295,0,0,0,0,0,66,134,95,0,295,0,0,0,295
01/04/2023,HPN,NY,AEA,EN,Towers with Radar,71,119,82,0,272,0,4,53,1,58,71,123,135,1,330,9,0,9,339
01/05/2023,HPN,NY,AEA,EN,Towers with Radar,69,107,71,0,247,0,0,0,0,0,69,107,71,0,247,0,0,0,247
01/06/2023,HPN,NY,AEA,EN,Towers with Radar,65,83,73,0,221,0,0,18,0,18,65,83,91,0,239,0,0,0,239
01/07/2023,HPN,NY,AEA,EN,Towers with Radar,59,102,53,0,214,0,2,129,0,131,59,104,182,0,345,150,0,150,495
01/08/2023,HPN,NY,AEA,EN,Towers with Radar,66,123,82,0,271,0,6,165,0,171,66,129,247,0,442,116,0,116,558
01/09/2023,HPN,NY,AEA,EN,Towers with Radar,73,81,54,0,208,0,5,61,0,66,73,86,115,0,274,84,0,84,358
01/10/2023,HPN,NY,AEA,EN,Towers with Radar,70,94,53,0,217,0,0,95,0,95,70,94,148,0,312,92,0,92,404
01/11/2023,HPN,NY,AEA,EN,Towers with Radar,77,94,76,0,247,0,10,126,0,136,77,104,202,0,383,52,0,52,435
01/12/2023,HPN,NY,AEA,EN,Towers with Radar,90,124,102,0,316,0,0,0,0,0,90,124,102,0,316,0,0,0,316
01/13/2023,HPN,NY,AEA,EN,Towers with Radar,85,133,83,0,301,0,0,8,0,8,85,133,91,0,309,0,0,0,309
01/14/2023,HPN,NY,AEA,EN,Towers with Radar,67,84,72,0,223,0,1,6,0,7,67,85,78,0,230,0,0,0,230
01/15/2023,HPN,NY,AEA,EN,Towers with Radar,73,83,62,0,218,0,2,58,0,60,73,85,120,0,278,14,0,14,292
01/16/2023,HPN,NY,AEA,EN,Towers with Radar,82,175,89,0,346,0,29,70,0,99,82,204,159,0,445,25,0,25,470
01/17/2023,HPN,NY,AEA,EN,Towers with Radar,78,127,67,0,272,0,12,100,0,112,78,139,167,0,384,84,0,84,468
01/18/2023,HPN,NY,AEA,EN,Towers with Radar,83,107,74,0,264,0,5,74,0,79,83,112,148,0,343,12,0,12,355
01/19/2023,HPN,NY,AEA,EN,Towers with Radar,85,112,82,0,279,0,1,11,0,12,85,113,93,0,291,26,0,26,317
01/20/2023,HPN,NY,AEA,EN,Towers with Radar,82,98,85,0,265,0,2,49,0,51,82,100,134,0,316,77,0,77,393
01/21/2023,HPN,NY,AEA,EN,Towers with Radar,68,81,45,0,194,0,1,137,0,138,68,82,182,0,332,112,0,112,444
01/22/2023,HPN,NY,AEA,EN,Towers with Radar,80,136,90,0,306,0,0,41,0,41,80,136,131,0,347,44,0,44,391
01/23/2023,HPN,NY,AEA,EN,Towers with Radar,85,106,60,0,251,0,0,2,0,2,85,106,62,0,253,0,0,0,253
01/24/2023,HPN,NY,AEA,EN,Towers with Radar,76,102,72,0,250,0,4,106,0,110,76,106,178,0,360,79,0,79,439
01/25/2023,HPN,NY,AEA,EN,Towers with Radar,83,109,69,0,261,0,3,26,0,29,83,112,95,0,290,74,0,74,364
01/26/2023,HPN,NY,AEA,EN,Towers with Radar,88,136,79,0,303,0,3,44,0,47,88,139,123,0,350,0,0,0,350
01/27/2023,HPN,NY,AEA,EN,Towers with Radar,90,148,86,0,324,0,18,108,0,126,90,166,194,0,450,46,0,46,496
01/28/2023,HPN,NY,AEA,EN,Towers with Radar,73,101,44,0,218,0,3,141,0,144,73,104,185,0,362,134,0,134,496
01/29/2023,HPN,NY,AEA,EN,Towers with Radar,81,156,86,0,323,0,9,150,0,159,81,165,236,0,482,96,0,96,578
01/30/2023,HPN,NY,AEA,EN,Towers with Radar,83,106,61,0,250,0,2,97,0,99,83,108,158,0,349,26,0,26,375
01/31/2023,HPN,NY,AEA,EN,Towers with Radar,76,98,87,0,261,0,5,48,1,54,76,103,135,1,315,2,0,2,317
02/01/2023,HPN,NY,AEA,EN,Towers with Radar,80,128,85,0,293,0,2,112,0,114,80,130,197,0,407,60,0,60,467
02/02/2023,HPN,NY,AEA,EN,Towers with Radar,87,106,94,0,287,0,6,115,0,121,87,112,209,0,408,48,0,48,456
02/03/2023,HPN,NY,AEA,EN,Towers with Radar,105,152,75,0,332,0,5,24,0,29,105,157,99,0,361,0,0,0,361
02/04/2023,HPN,NY,AEA,EN,Towers with Radar,67,94,37,0,198,0,4,92,0,96,67,98,129,0,294,60,0,60,354
02/05/2023,HPN,NY,AEA,EN,Towers with Radar,74,160,87,0,321,0,5,55,0,60,74,165,142,0,381,0,0,0,381
02/06/2023,HPN,NY,AEA,EN,Towers with Radar,85,92,81,0,258,0,3,60,0,63,85,95,141,0,321,22,0,22,343
02/07/2023,HPN,NY,AEA,EN,Towers with Radar,83,98,62,0,243,0,8,110,0,118,83,106,172,0,361,42,0,42,403
02/08/2023,HPN,NY,AEA,EN,Towers with Radar,85,115,83,0,283,0,6,116,0,122,85,121,199,0,405,34,0,34,439
02/09/2023,HPN,NY,AEA,EN,Towers with Radar,85,144,69,0,298,0,4,61,0,65,85,148,130,0,363,50,0,50,413
02/10/2023,HPN,NY,AEA,EN,Towers with Radar,85,142,78,0,305,0,20,35,0,55,85,162,113,0,360,6,0,6,366
02/11/2023,HPN,NY,AEA,EN,Towers with Radar,69,106,41,0,216,0,6,116,0,122,69,112,157,0,338,26,0,26,364
02/12/2023,HPN,NY,AEA,EN,Towers with Radar,78,107,55,0,240,0,8,141,0,149,78,115,196,0,389,108,0,108,497
02/13/2023,HPN,NY,AEA,EN,Towers with Radar,90,122,93,0,305,0,8,87,0,95,90,130,180,0,400,50,0,50,450
02/14/2023,HPN,NY,AEA,EN,Towers with Radar,79,95,56,0,230,0,4,105,0,109,79,99,161,0,339,66,0,66,405
02/15/2023,HPN,NY,AEA,EN,Towers with Radar,79,158,92,0,329,0,12,89,1,102,79,170,181,1,431,42,0,42,473
02/16/2023,HPN,NY,AEA,EN,Towers with Radar,89,178,111,0,378,0,8,84,0,92,89,186,195,0,470,46,0,46,516
02/17/2023,HPN,NY,AEA,EN,Towers with Radar,79,160,111,0,350,0,1,0,0,1,79,161,111,0,351,0,0,0,351
02/18/2023,HPN,NY,AEA,EN,Towers with Radar,74,113,54,0,241,0,7,180,0,187,74,120,234,0,428,96,0,96,524
02/19/2023,HPN,NY,AEA,EN,Towers with Radar,74,88,59,0,221,0,6,137,0,143,74,94,196,0,364,94,0,94,458
02/20/2023,HPN,NY,AEA,EN,Towers with Radar,90,166,108,0,364,0,4,90,0,94,90,170,198,0,458,86,0,86,544
02/21/2023,HPN,NY,AEA,EN,Towers with Radar,77,176,96,0,349,0,1,1,0,2,77,177,97,0,351,0,0,0,351
02/22/2023,HPN,NY,AEA,EN,Towers with Radar,75,110,68,0,253,0,5,54,0,59,75,115,122,0,312,44,0,44,356
02/23/2023,HPN,NY,AEA,EN,Towers with Radar,86,129,57,0,272,0,0,0,0,0,86,129,57,0,272,0,0,0,272
02/24/2023,HPN,NY,AEA,EN,Towers with Radar,87,141,54,0,282,0,7,28,0,35,87,148,82,0,317,12,0,12,329
02/25/2023,HPN,NY,AEA,EN,Towers with Radar,70,112,60,0,242,0,0,58,0,58,70,112,118,0,300,40,0,40,340
02/26/2023,HPN,NY,AEA,EN,Towers with Radar,83,185,92,0,360,0,1,48,1,50,83,186,140,1,410,10,0,10,420
02/27/2023,HPN,NY,AEA,EN,Towers with Radar,80,148,67,0,295,0,43,58,0,101,80,191,125,0,396,54,0,54,450
02/28/2023,HPN,NY,AEA,EN,Towers with Radar,72,110,49,0,231,0,0,3,0,3,72,110,52,0,234,0,0,0,234
03/01/2023,HPN,NY,AEA,EN,Towers with Radar,71,144,103,0,318,0,2,86,0,88,71,146,189,0,406,40,0,40,446
03/02/2023,HPN,NY,AEA,EN,Towers with Radar,88,131,74,0,293,0,4,22,0,26,88,135,96,0,319,6,0,6,325
03/03/2023,HPN,NY,AEA,EN,Towers with Radar,87,116,73,0,276,0,4,121,0,125,87,120,194,0,401,82,0,82,483
03/04/2023,HPN,NY,AEA,EN,Towers with Radar,72,92,46,0,210,0,0,7,0,7,72,92,53,0,217,0,0,0,217
03/05/2023,HPN,NY,AEA,EN,Towers with Radar,85,139,108,0,332,0,5,141,0,146,85,144,249,0,478,100,0,100,578
03/06/2023,HPN,NY,AEA,EN,Towers with Radar,83,99,89,0,271,0,8,80,0,88,83,107,169,0,359,56,0,56,415
03/07/2023,HPN,NY,AEA,EN,Towers with Radar,69,114,52,2,237,0,6,31,2,39,69,120,83,4,276,0,0,0,276
03/08/2023,HPN,NY,AEA,EN,Towers with Radar,79,89,73,0,241,0,1,35,0,36,79,90,108,0,277,14,0,14,291
03/09/2023,HPN,NY,AEA,EN,Towers with Radar,92,132,99,0,323,0,3,109,0,112,92,135,208,0,435,58,0,58,493
03/10/2023,HPN,NY,AEA,EN,Towers with Radar,81,160,102,0,343,0,2,58,0,60,81,162,160,0,403,106,0,106,509
03/11/2023,HPN,NY,AEA,EN,Towers with Radar,68,125,73,0,266,0,4,25,0,29,68,129,98,0,295,38,0,38,333
03/12/2023,HPN,NY,AEA,EN,Towers with Radar,81,131,84,0,296,0,6,174,0,180,81,137,258,0,476,136,0,136,612
03/13/2023,HPN,NY,AEA,EN,Towers with Radar,84,98,73,0,255,0,0,0,0,0,84,98,73,0,255,0,0,0,255
03/14/2023,HPN,NY,AEA,EN,Towers with Radar,62,59,44,0,165,0,0,0,0,0,62,59,44,0,165,0,0,0,165
03/15/2023,HPN,NY,AEA,EN,Towers with Radar,77,153,81,0,311,0,1,24,0,25,77,154,105,0,336,8,0,8,344
03/16/2023,HPN,NY,AEA,EN,Towers with Radar,85,117,97,0,299,0,3,186,0,189,85,120,283,0,488,106,0,106,594
03/17/2023,HPN,NY,AEA,EN,Towers with Radar,87,118,80,0,285,0,6,117,0,123,87,124,197,0,408,80,0,80,488
03/18/2023,HPN,NY,AEA,EN,Towers with Radar,68,117,56,0,241,0,3,115,0,118,68,120,171,0,359,138,0,138,497
03/19/2023,HPN,NY,AEA,EN,Towers with Radar,86,155,76,0,317,0,3,62,0,65,86,158,138,0,382,4,0,4,386
03/20/2023,HPN,NY,AEA,EN,Towers with Radar,86,118,78,2,284,0,8,111,0,119,86,126,189,2,403,60,0,60,463
03/21/2023,HPN,NY,AEA,EN,Towers with Radar,81,111,68,0,260,0,4,100,0,104,81,115,168,0,364,34,0,34,398
03/22/2023,HPN,NY,AEA,EN,Towers with Radar,76,108,87,0,271,0,4,104,1,109,76,112,191,1,380,90,0,90,470
03/23/2023,HPN,NY,AEA,EN,Towers with Radar,84,117,105,0,306,0,0,12,0,12,84,117,117,0,318,0,0,0,318
03/24/2023,HPN,NY,AEA,EN,Towers with Radar,86,120,69,1,276,0,9,115,0,124,86,129,184,1,400,116,0,116,516
03/25/2023,HPN,NY,AEA,EN,Towers with Radar,66,109,44,0,219,0,0,4,0,4,66,109,48,0,223,0,0,0,223
03/26/2023,HPN,NY,AEA,EN,Towers with Radar,82,179,93,0,354,0,4,102,0,106,82,183,195,0,460,48,0,48,508
03/27/2023,HPN,NY,AEA,EN,Towers with Radar,85,111,78,0,274,0,5,78,0,83,85,116,156,0,357,66,0,66,423
03/28/2023,HPN,NY,AEA,EN,Towers with Radar,74,114,60,0,248,0,2,59,0,61,74,116,119,0,309,90,0,90,399
03/29/2023,HPN,NY,AEA,EN,Towers with Radar,80,94,83,0,257,0,8,136,0,144,80,102,219,0,401,96,0,96,497
03/30/2023,HPN,NY,AEA,EN,Towers with Radar,94,125,79,0,298,0,8,103,0,111,94,133,182,0,409,28,0,28,437
03/31/2023,HPN,NY,AEA,EN,Towers with Radar,86,130,79,0,295,0,3,113,0,116,86,133,192,0,411,60,0,60,471
04/01/2023,HPN,NY,AEA,EN,Towers with Radar,69,113,46,0,228,0,1,5,0,6,69,114,51,0,234,0,0,0,234
04/02/2023,HPN,NY,AEA,EN,Towers with Radar,83,150,89,0,322,0,8,107,0,115,83,158,196,0,437,10,0,10,447
04/03/2023,HPN,NY,AEA,EN,Towers with Radar,84,119,58,0,261,0,5,92,0,97,84,124,150,0,358,64,0,64,422
04/04/2023,HPN,NY,AEA,EN,Towers with Radar,77,137,109,0,323,0,70,76,0,146,77,207,185,0,469,66,0,66,535
04/05/2023,HPN,NY,AEA,EN,Towers with Radar,76,138,108,0,322,0,0,4,0,4,76,138,112,0,326,0,0,0,326
04/06/2023,HPN,NY,AEA,EN,Towers with Radar,96,156,127,0,379,0,2,31,0,33,96,158,158,0,412,0,0,0,412
04/07/2023,HPN,NY,AEA,EN,Towers with Radar,86,131,95,0,312,0,10,132,0,142,86,141,227,0,454,54,0,54,508
04/08/2023,HPN,NY,AEA,EN,Towers with Radar,72,102,59,0,233,0,12,176,0,188,72,114,235,0,421,144,0,144,565
04/09/2023,HPN,NY,AEA,EN,Towers with Radar,87,167,83,0,337,0,13,142,0,155,87,180,225,0,492,108,0,108,600
04/10/2023,HPN,NY,AEA,EN,Towers with Radar,88,160,104,0,352,0,13,143,0,156,88,173,247,0,508,84,0,84,592
04/11/2023,HPN,NY,AEA,EN,Towers with Radar,76,110,55,0,241,0,4,103,2,109,76,114,158,2,350,60,0,60,410
04/12/2023,HPN,NY,AEA,EN,Towers with Radar,75,111,67,0,253,0,6,66,0,72,75,117,133,0,325,24,0,24,349
04/13/2023,HPN,NY,AEA,EN,Towers with Radar,75,124,71,0,270,0,7,151,0,158,75,131,222,0,428,86,0,86,514
04/14/2023,HPN,NY,AEA,EN,Towers with Radar,93,130,81,0,304,0,8,154,0,162,93,138,235,0,466,70,0,70,536
04/15/2023,HPN,NY,AEA,EN,Towers with Radar,66,140,66,0,272,0,0,17,0,17,66,140,83,0,289,24,0,24,313
04/16/2023,HPN,NY,AEA,EN,Towers with Radar,83,194,116,0,393,0,2,14,0,16,83,196,130,0,409,8,0,8,417
04/17/2023,HPN,NY,AEA,EN,Towers with Radar,80,128,96,0,304,0,2,33,0,35,80,130,129,0,339,6,0,6,345
04/18/2023,HPN,NY,AEA,EN,Towers with Radar,75,122,84,0,281,0,3,72,0,75,75,125,156,0,356,60,0,60,416
04/19/2023,HPN,NY,AEA,EN,Towers with Radar,77,102,65,0,244,0,5,119,0,124,77,107,184,0,368,104,0,104,472
04/20/2023,HPN,NY,AEA,EN,Towers with Radar,86,125,78,0,289,0,12,135,0,147,86,137,213,0,436,140,0,140,576
04/21/2023,HPN,NY,AEA,EN,Towers with Radar,83,119,68,0,270,0,8,173,0,181,83,127,241,0,451,92,0,92,543
04/22/2023,HPN,NY,AEA,EN,Towers with Radar,63,98,46,0,207,0,0,7,0,7,63,98,53,0,214,18,0,18,232
04/23/2023,HPN,NY,AEA,EN,Towers with Radar,84,164,109,0,357,0,7,39,0,46,84,171,148,0,403,54,0,54,457
04/24/2023,HPN,NY,AEA,EN,Towers with Radar,88,136,85,0,309,0,5,142,0,147,88,141,227,0,456,116,0,116,572
04/25/2023,HPN,NY,AEA,EN,Towers with Radar,73,118,82,0,273,0,10,115,0,125,73,128,197,0,398,166,0,166,564
04/26/2023,HPN,NY,AEA,EN,Towers with Radar,75,120,98,0,293,0,8,102,0,110,75,128,200,0,403,78,0,78,481
04/27/2023,HPN,NY,AEA,EN,Towers with Radar,88,154,97,0,339,0,2,51,0,53,88,156,148,0,392,0,0,0,392
04/28/2023,HPN,NY,AEA,EN,Towers with Radar,84,132,99,0,315,0,10,81,0,91,84,142,180,0,406,80,0,80,486
04/29/2023,HPN,NY,AEA,EN,Towers with Radar,70,115,43,0,228,0,0,0,0,0,70,115,43,0,228,0,0,0,228
04/30/2023,HPN,NY,AEA,EN,Towers with Radar,78,217,81,0,376,0,0,0,0,0,78,217,81,0,376,0,0,0,376
05/01/2023,HPN,NY,AEA,EN,Towers with Radar,82,130,108,0,320,0,8,107,0,115,82,138,215,0,435,28,0,28,463
05/02/2023,HPN,NY,AEA,EN,Towers with Radar,68,99,61,0,228,0,3,13,0,16,68,102,74,0,244,0,0,0,244
05/03/2023,HPN,NY,AEA,EN,Towers with Radar,73,135,100,0,308,0,6,89,0,95,73,141,189,0,403,172,0,172,575
05/04/2023,HPN,NY,AEA,EN,Towers with Radar,84,151,116,0,351,0,11,57,0,68,84,162,173,0,419,32,0,32,451
05/05/2023,HPN,NY,AEA,EN,Towers with Radar,89,160,114,0,363,0,7,134,0,141,89,167,248,0,504,48,0,48,552
05/06/2023,HPN,NY,AEA,EN,Towers with Radar,73,68,51,0,192,0,8,181,0,189,73,76,232,0,381,72,0,72,453
05/07/2023,HPN,NY,AEA,EN,Towers with Radar,85,161,115,0,361,0,12,180,1,193,85,173,295,1,554,82,0,82,636
05/08/2023,HPN,NY,AEA,EN,Towers with Radar,86,122,87,0,295,0,17,129,0,146,86,139,216,0,441,116,0,116,557
05/09/2023,HPN,NY,AEA,EN,Towers with Radar,80,110,108,0,298,0,19,121,0,140,80,129,229,0,438,124,0,124,562
05/10/2023,HPN,NY,AEA,EN,Towers with Radar,85,106,62,1,254,0,6,55,0,61,85,112,117,1,315,24,0,24,339
05/11/2023,HPN,NY,AEA,EN,Towers with Radar,88,137,119,0,344,0,20,226,2,248,88,157,345,2,592,42,0,42,634
05/12/2023,HPN,NY,AEA,EN,Towers with Radar,86,145,90,0,321,0,14,186,0,200,86,159,276,0,521,142,0,142,663
05/13/2023,HPN,NY,AEA,EN,Towers with Radar,68,98,57,0,223,0,9,179,0,188,68,107,236,0,411,112,0,112,523
05/14/2023,HPN,NY,AEA,EN,Towers with Radar,82,169,82,0,333,0,22,172,0,194,82,191,254,0,527,58,0,58,585
05/15/2023,HPN,NY,AEA,EN,Towers with Radar,88,139,93,0,320,0,10,155,0,165,88,149,248,0,485,124,0,124,609
05/16/2023,HPN,NY,AEA,EN,Towers with Radar,74,103,95,0,272,0,7,128,0,135,74,110,223,0,407,48,0,48,455
05/17/2023,HPN,NY,AEA,EN,Towers with Radar,74,127,88,0,289,0,14,99,0,113,74,141,187,0,402,10,0,10,412
05/18/2023,HPN,NY,AEA,EN,Towers with Radar,82,104,137,0,323,0,26,206,0,232,82,130,343,0,555,82,0,82,637
05/19/2023,HPN,NY,AEA,EN,Towers with Radar,85,162,102,0,349,0,77,103,0,180,85,239,205,0,529,30,0,30,559
05/20/2023,HPN,NY,AEA,EN,Towers with Radar,73,84,52,0,209,0,0,0,0,0,73,84,52,0,209,0,0,0,209
05/21/2023,HPN,NY,AEA,EN,Towers with Radar,87,142,105,0,334,0,52,116,0,168,87,194,221,0,502,48,0,48,550
05/22/2023,HPN,NY,AEA,EN,Towers with Radar,85,117,104,0,306,0,21,122,0,143,85,138,226,0,449,76,0,76,525
05/23/2023,HPN,NY,AEA,EN,Towers with Radar,71,115,88,1,275,0,17,153,2,172,71,132,241,3,447,74,0,74,521
05/24/2023,HPN,NY,AEA,EN,Towers with Radar,74,169,103,2,348,0,11,117,0,128,74,180,220,2,476,88,0,88,564
05/25/2023,HPN,NY,AEA,EN,Towers with Radar,81,155,112,0,348,0,41,137,0,178,81,196,249,0,526,30,0,30,556
05/26/2023,HPN,NY,AEA,EN,Towers with Radar,77,137,83,0,297,0,53,84,0,137,77,190,167,0,434,0,0,0,434
05/27/2023,HPN,NY,AEA,EN,Towers with Radar,67,70,40,0,177,0,20,179,0,199,67,90,219,0,376,102,0,102,478
05/28/2023,HPN,NY,AEA,EN,Towers with Radar,69,90,38,0,197,0,21,128,0,149,69,111,166,0,346,130,0,130,476
05/29/2023,HPN,NY,AEA,EN,Towers with Radar,81,172,75,0,328,0,57,221,0,278,81,229,296,0,606,90,0,90,696
05/30/2023,HPN,NY,AEA,EN,Towers with Radar,75,113,81,0,269,0,49,159,0,208,75,162,240,0,477,138,0,138,615
05/31/2023,HPN,NY,AEA,EN,Towers with Radar,74,145,77,0,296,0,15,140,0,155,74,160,217,0,451,126,0,126,577
06/01/2023,HPN,NY,AEA,EN,Towers with Radar,86,121,93,0,300,0,16,159,0,175,86,137,252,0,475,156,0,156,631
06/02/2023,HPN,NY,AEA,EN,Towers with Radar,89,129,76,0,294,0,20,119,0,139,89,149,195,0,433,134,0,134,567
06/03/2023,HPN,NY,AEA,EN,Towers with Radar,70,110,88,0,268,0,0,38,0,38,70,110,126,0,306,14,0,14,320
06/04/2023,HPN,NY,AEA,EN,Towers with Radar,86,152,106,0,344,0,11,152,0,163,86,163,258,0,507,18,0,18,525
06/05/2023,HPN,NY,AEA,EN,Towers with Radar,94,133,92,0,319,0,16,96,0,112,94,149,188,0,431,76,0,76,507
06/06/2023,HPN,NY,AEA,EN,Towers with Radar,72,126,98,0,296,0,1,30,0,31,72,127,128,0,327,18,0,18,345
06/07/2023,HPN,NY,AEA,EN,Towers with Radar,87,113,120,0,320,0,3,26,0,29,87,116,146,0,349,10,0,10,359
06/08/2023,HPN,NY,AEA,EN,Towers with Radar,90,202,128,0,420,0,10,50,0,60,90,212,178,0,480,24,0,24,504
06/09/2023,HPN,NY,AEA,EN,Towers with Radar,85,148,90,0,323,0,9,46,0,55,85,157,136,0,378,0,0,0,378
06/10/2023,HPN,NY,AEA,EN,Towers with Radar,66,74,40,0,180,0,9,157,0,166,66,83,197,0,346,56,0,56,402
06/11/2023,HPN,NY,AEA,EN,Towers with Radar,76,152,108,0,336,0,25,180,0,205,76,177,288,0,541,76,0,76,617
06/12/2023,HPN,NY,AEA,EN,Towers with Radar,93,123,97,0,313,0,5,44,0,49,93,128,141,0,362,0,0,0,362
06/13/2023,HPN,NY,AEA,EN,Towers with Radar,75,136,98,0,309,0,1,64,1,66,75,137,162,1,375,0,0,0,375
06/14/2023,HPN,NY,AEA,EN,Towers with Radar,79,152,133,0,364,0,6,50,0,56,79,158,183,0,420,0,0,0,420
06/15/2023,HPN,NY,AEA,EN,Towers with Radar,82,168,107,0,357,0,32,49,0,81,82,200,156,0,438,0,0,0,438
06/16/2023,HPN,NY,AEA,EN,Towers with Radar,83,136,109,2,330,0,9,96,1,106,83,145,205,3,436,32,0,32,468
06/17/2023,HPN,NY,AEA,EN,Towers with Radar,66,132,80,0,278,0,2,84,1,87,66,134,164,1,365,98,0,98,463
06/18/2023,HPN,NY,AEA,EN,Towers with Radar,83,131,79,0,293,0,21,167,0,188,83,152,246,0,481,90,0,90,571
06/19/2023,HPN,NY,AEA,EN,Towers with Radar,85,151,82,0,318,0,33,172,0,205,85,184,254,0,523,147,0,147,670
06/20/2023,HPN,NY,AEA,EN,Towers with Radar,75,90,103,0,268,0,10,80,0,90,75,100,183,0,358,42,0,42,400
06/21/2023,HPN,NY,AEA,EN,Towers with Radar,77,119,105,0,301,0,14,104,0,118,77,133,209,0,419,68,0,68,487
06/22/2023,HPN,NY,AEA,EN,Towers with Radar,88,183,99,0,370,0,6,50,0,56,88,189,149,0,426,6,0,6,432
06/23/2023,HPN,NY,AEA,EN,Towers with Radar,102,147,152,0,401,0,0,5,0,5,102,147,157,0,406,0,0,0,406
06/24/2023,HPN,NY,AEA,EN,Towers with Radar,73,117,49,0,239,0,0,3,0,3,73,117,52,0,242,0,0,0,242
06/25/2023,HPN,NY,AEA,EN,Towers with Radar,78,186,127,0,391,0,10,66,0,76,78,196,193,0,467,4,0,4,471
06/26/2023,HPN,NY,AEA,EN,Towers with Radar,62,145,114,0,321,0,2,14,0,16,62,147,128,0,337,16,0,16,353
06/27/2023,HPN,NY,AEA,EN,Towers with Radar,61,176,112,0,349,0,2,17,0,19,61,178,129,0,368,14,0,14,382
06/28/2023,HPN,NY,AEA,EN,Towers with Radar,75,131,104,0,310,0,17,81,0,98,75,148,185,0,408,62,0,62,470
06/29/2023,HPN,NY,AEA,EN,Towers with Radar,84,166,114,0,364,0,37,99,1,137,84,203,213,1,501,0,0,0,501
06/30/2023,HPN,NY,AEA,EN,Towers with Radar,86,236,186,0,508,0,2,15,0,17,86,238,201,0,525,0,0,0,525
07/01/2023,HPN,NY,AEA,EN,Towers with Radar,57,132,90,0,279,0,18,40,0,58,57,150,130,0,337,0,0,0,337
07/02/2023,HPN,NY,AEA,EN,Towers with Radar,70,98,53,0,221,0,3,29,0,32,70,101,82,0,253,44,0,44,297
07/03/2023,HPN,NY,AEA,EN,Towers with Radar,65,70,40,0,175,0,15,78,0,93,65,85,118,0,268,74,0,74,342
07/04/2023,HPN,NY,AEA,EN,Towers with Radar,52,113,46,0,211,0,8,34,0,42,52,121,80,0,253,20,0,20,273
07/05/2023,HPN,NY,AEA,EN,Towers with Radar,59,138,84,0,281,0,19,159,1,179,59,157,243,1,460,122,0,122,582
07/06/2023,HPN,NY,AEA,EN,Towers with Radar,58,119,52,0,229,0,27,155,0,182,58,146,207,0,411,100,0,100,511
07/07/2023,HPN,NY,AEA,EN,Towers with Radar,60,110,69,0,239,0,22,103,0,125,60,132,172,0,364,99,0,99,463
07/08/2023,HPN,NY,AEA,EN,Towers with Radar,59,113,70,0,242,0,9,35,0,44,59,122,105,0,286,0,0,0,286
07/09/2023,HPN,NY,AEA,EN,Towers with Radar,53,154,101,0,308,0,4,23,0,27,53,158,124,0,335,0,0,0,335
07/10/2023,HPN,NY,AEA,EN,Towers with Radar,79,179,141,0,399,0,11,96,0,107,79,190,237,0,506,50,0,50,556
07/11/2023,HPN,NY,AEA,EN,Towers with Radar,61,107,80,0,248,0,25,64,0,89,61,132,144,0,337,0,0,0,337
07/12/2023,HPN,NY,AEA,EN,Towers with Radar,68,89,77,0,234,0,24,74,0,98,68,113,151,0,332,0,0,0,332
07/13/2023,HPN,NY,AEA,EN,Towers with Radar,75,126,87,0,288,0,56,65,0,121,75,182,152,0,409,0,0,0,409
07/14/2023,HPN,NY,AEA,EN,Towers with Radar,70,153,96,0,319,0,4,26,0,30,70,157,122,0,349,2,0,2,351
07/15/2023,HPN,NY,AEA,EN,Towers with Radar,56,117,85,0,258,0,15,28,2,45,56,132,113,2,303,0,0,0,303
07/16/2023,HPN,NY,AEA,EN,Towers with Radar,56,173,99,0,328,0,0,8,0,8,56,173,107,0,336,0,0,0,336
07/17/2023,HPN,NY,AEA,EN,Towers with Radar,73,161,118,0,352,0,25,150,2,177,73,186,268,2,529,90,0,90,619
07/18/2023,HPN,NY,AEA,EN,Towers with Radar,64,133,97,0,294,0,9,46,0,55,64,142,143,0,349,14,0,14,363
07/19/2023,HPN,NY,AEA,EN,Towers with Radar,63,121,103,0,287,0,16,124,0,140,63,137,227,0,427,96,0,96,523
07/20/2023,HPN,NY,AEA,EN,Towers with Radar,76,168,97,1,342,0,53,251,0,304,76,221,348,1,646,78,0,78,724
07/21/2023,HPN,NY,AEA,EN,Towers with Radar,71,163,77,0,311,0,29,92,2,123,71,192,169,2,434,28,0,28,462
07/22/2023,HPN,NY,AEA,EN,Towers with Radar,60,118,42,0,220,0,21,178,0,199,60,139,220,0,419,28,0,28,447
07/23/2023,HPN,NY,AEA,EN,Towers with Radar,69,114,78,0,261,0,53,235,0,288,69,167,313,0,549,66,0,66,615
07/24/2023,HPN,NY,AEA,EN,Towers with Radar,71,97,76,0,244,0,37,118,0,155,71,134,194,0,399,18,0,18,417
07/25/2023,HPN,NY,AEA,EN,Towers with Radar,58,104,78,0,240,0,19,74,0,93,58,123,152,0,333,166,0,166,499
07/26/2023,HPN,NY,AEA,EN,Towers with Radar,63,139,81,0,283,0,28,162,0,190,63,167,243,0,473,30,0,30,503
07/27/2023,HPN,NY,AEA,EN,Towers with Radar,73,131,89,0,293,0,41,83,0,124,73,172,172,0,417,6,0,6,423
07/28/2023,HPN,NY,AEA,EN,Towers with Radar,72,112,78,0,262,0,49,84,0,133,72,161,162,0,395,0,0,0,395
07/29/2023,HPN,NY,AEA,EN,Towers with Radar,54,95,56,0,205,0,16,53,1,70,54,111,109,1,275,0,0,0,275
07/30/2023,HPN,NY,AEA,EN,Towers with Radar,74,146,91,0,311,0,49,214,0,263,74,195,305,0,574,52,0,52,626
07/31/2023,HPN,NY,AEA,EN,Towers with Radar,72,119,67,0,258,0,42,184,1,227,72,161,251,1,485,62,0,62,547
08/01/2023,HPN,NY,AEA,EN,Towers with Radar,58,109,74,0,241,0,25,137,0,162,58,134,211,0,403,44,0,44,447
08/02/2023,HPN,NY,AEA,EN,Towers with Radar,67,134,81,1,283,0,29,193,0,222,67,163,274,1,505,36,0,36,541
08/03/2023,HPN,NY,AEA,EN,Towers with Radar,74,145,84,0,303,0,49,171,0,220,74,194,255,0,523,42,0,42,565
08/04/2023,HPN,NY,AEA,EN,Towers with Radar,76,194,94,0,364,0,9,55,0,64,76,203,149,0,428,32,0,32,460
08/05/2023,HPN,NY,AEA,EN,Towers with Radar,62,119,50,0,231,0,19,194,0,213,62,138,244,0,444,148,0,148,592
08/06/2023,HPN,NY,AEA,EN,Towers with Radar,69,132,91,0,292,0,46,232,0,278,69,178,323,0,570,92,0,92,662
08/07/2023,HPN,NY,AEA,EN,Towers with Radar,69,175,112,0,356,0,1,14,0,15,69,176,126,0,371,0,0,0,371
08/08/2023,HPN,NY,AEA,EN,Towers with Radar,64,107,81,0,252,0,9,19,0,28,64,116,100,0,280,0,0,0,280
08/09/2023,HPN,NY,AEA,EN,Towers with Radar,74,131,73,0,278,0,23,86,0,109,74,154,159,0,387,12,0,12,399
08/10/2023,HPN,NY,AEA,EN,Towers with Radar,70,172,95,0,337,0,21,47,0,68,70,193,142,0,405,0,0,0,405
08/11/2023,HPN,NY,AEA,EN,Towers with Radar,73,126,81,0,280,0,48,88,0,136,73,174,169,0,416,0,0,0,416
08/12/2023,HPN,NY,AEA,EN,Towers with Radar,54,133,58,0,245,0,15,114,0,129,54,148,172,0,374,66,0,66,440
08/13/2023,HPN,NY,AEA,EN,Towers with Radar,70,161,113,0,344,0,37,173,0,210,70,198,286,0,554,80,0,80,634
08/14/2023,HPN,NY,AEA,EN,Towers with Radar,74,128,71,0,273,0,51,154,0,205,74,179,225,0,478,56,0,56,534
08/15/2023,HPN,NY,AEA,EN,Towers with Radar,72,158,90,0,320,0,0,13,0,13,72,158,103,0,333,0,0,0,333
08/16/2023,HPN,NY,AEA,EN,Towers with Radar,69,126,111,0,306,0,6,81,0,87,69,132,192,0,393,68,0,68,461
08/17/2023,HPN,NY,AEA,EN,Towers with Radar,72,201,132,0,405,0,0,13,0,13,72,201,145,0,418,0,0,0,418
08/18/2023,HPN,NY,AEA,EN,Towers with Radar,78,156,86,0,320,0,39,159,0,198,78,195,245,0,518,0,0,0,518
08/19/2023,HPN,NY,AEA,EN,Towers with Radar,61,132,75,0,268,0,26,154,0,180,61,158,229,0,448,92,0,92,540
08/20/2023,HPN,NY,AEA,EN,Towers with Radar,72,139,99,0,310,0,42,189,1,232,72,181,288,1,542,84,0,84,626
08/21/2023,HPN,NY,AEA,EN,Towers with Radar,72,118,64,1,255,0,39,184,0,223,72,157,248,1,478,138,0,138,616
08/22/2023,HPN,NY,AEA,EN,Towers with Radar,61,86,81,1,229,0,19,56,0,75,61,105,137,1,304,0,0,0,304
08/23/2023,HPN,NY,AEA,EN,Towers with Radar,67,95,76,0,238,0,33,139,1,173,67,128,215,1,411,94,0,94,505
08/24/2023,HPN,NY,AEA,EN,Towers with Radar,79,167,101,0,347,0,7,43,0,50,79,174,144,0,397,50,0,50,447
08/25/2023,HPN,NY,AEA,EN,Towers with Radar,81,154,91,0,326,0,0,5,0,5,81,154,96,0,331,0,0,0,331
08/26/2023,HPN,NY,AEA,EN,Towers with Radar,61,97,76,0,234,0,17,93,0,110,61,114,169,0,344,58,0,58,402
08/27/2023,HPN,NY,AEA,EN,Towers with Radar,73,155,78,0,306,0,53,215,0,268,73,208,293,0,574,64,0,64,638
08/28/2023,HPN,NY,AEA,EN,Towers with Radar,71,157,99,0,327,0,7,70,0,77,71,164,169,0,404,70,0,70,474
08/29/2023,HPN,NY,AEA,EN,Towers with Radar,65,111,80,0,256,0,3,11,0,14,65,114,91,0,270,8,0,8,278
08/30/2023,HPN,NY,AEA,EN,Towers with Radar,64,109,69,0,242,0,17,90,0,107,64,126,159,0,349,70,0,70,419
08/31/2023,HPN,NY,AEA,EN,Towers with Radar,77,123,84,0,284,0,46,161,0,207,77,169,245,0,491,18,0,18,509
01/01/2020,HPN,NY,AEA,EN,Towers with Radar,50,87,79,0,216,0,5,63,0,68,50,92,142,0,284,0,0,0,284
01/02/2020,HPN,NY,AEA,EN,Towers with Radar,46,106,70,0,222,0,13,133,0,146,46,119,203,0,368,70,0,70,438
01/03/2020,HPN,NY,AEA,EN,Towers with Radar,44,117,88,0,249,0,2,1,0,3,44,119,89,0,252,0,0,0,252
01/04/2020,HPN,NY,AEA,EN,Towers with Radar,43,125,100,0,268,0,0,1,0,1,43,125,101,0,269,0,0,0,269
01/05/2020,HPN,NY,AEA,EN,Towers with Radar,54,176,126,0,356,0,2,59,0,61,54,178,185,0,417,1,0,1,418
01/06/2020,HPN,NY,AEA,EN,Towers with Radar,57,93,71,2,223,0,4,80,1,85,57,97,151,3,308,16,0,16,324
01/07/2020,HPN,NY,AEA,EN,Towers with Radar,57,73,63,0,193,0,1,76,0,77,57,74,139,0,270,64,0,64,334
01/08/2020,HPN,NY,AEA,EN,Towers with Radar,60,93,51,0,204,0,4,38,0,42,60,97,89,0,246,14,0,14,260
01/09/2020,HPN,NY,AEA,EN,Towers with Radar,59,86,77,0,222,0,5,130,0,135,59,91,207,0,357,98,0,98,455
01/10/2020,HPN,NY,AEA,EN,Towers with Radar,63,99,97,0,259,0,5,63,0,68,63,104,160,0,327,30,0,30,357
01/11/2020,HPN,NY,AEA,EN,Towers with Radar,42,56,60,0,158,0,2,62,0,64,42,58,122,0,222,38,0,38,260
01/12/2020,HPN,NY,AEA,EN,Towers with Radar,61,99,65,0,225,0,4,45,0,49,61,103,110,0,274,0,0,0,274
01/13/2020,HPN,NY,AEA,EN,Towers with Radar,64,79,98,4,245,0,0,18,0,18,64,79,116,4,263,30,0,30,293
01/14/2020,HPN,NY,AEA,EN,Towers with Radar,62,90,75,0,227,0,0,37,0,37,62,90,112,0,264,60,0,60,324
01/15/2020,HPN,NY,AEA,EN,Towers with Radar,61,106,73,2,242,0,4,131,0,135,61,110,204,2,377,88,0,88,465
01/16/2020,HPN,NY,AEA,EN,Towers with Radar,68,210,111,0,389,0,3,20,0,23,68,213,131,0,412,0,0,0,412
01/17/2020,HPN,NY,AEA,EN,Towers with Radar,58,145,111,0,314,0,14,77,0,91,58,159,188,0,405,0,0,0,405
01/18/2020,HPN,NY,AEA,EN,Towers with Radar,45,51,22,0,118,0,1,33,0,34,45,52,55,0,152,12,0,12,164
01/19/2020,HPN,NY,AEA,EN,Towers with Radar,47,87,67,0,201,0,0,90,0,90,47,87,157,0,291,20,0,20,311
01/20/2020,HPN,NY,AEA,EN,Towers with Radar,61,202,146,0,409,0,15,141,0,156,61,217,287,0,565,58,0,58,623
01/21/2020,HPN,NY,AEA,EN,Towers with Radar,59,103,79,0,241,0,6,88,0,94,59,109,167,0,335,50,0,50,385
01/22/2020,HPN,NY,AEA,EN,Towers with Radar,56,100,84,0,240,0,8,100,0,108,56,108,184,0,348,62,0,62,410
01/23/2020,HPN,NY,AEA,EN,Towers with Radar,57,113,104,0,274,0,8,91,0,99,57,121,195,0,373,16,0,16,389
01/24/2020,HPN,NY,AEA,EN,Towers with Radar,57,129,92,0,278,0,9,141,0,150,57,138,233,0,428,16,0,16,444
01/25/2020,HPN,NY,AEA,EN,Towers with Radar,42,68,33,0,143,0,0,0,0,0,42,68,33,0,143,0,0,0,143
01/26/2020,HPN,NY,AEA,EN,Towers with Radar,66,121,87,0,274,0,6,131,3,140,66,127,218,3,414,46,0,46,460
01/27/2020,HPN,NY,AEA,EN,Towers with Radar,65,82,89,0,236,0,3,94,0,97,65,85,183,0,333,50,0,50,383
01/28/2020,HPN,NY,AEA,EN,Towers with Radar,63,99,100,0,262,0,7,95,1,103,63,106,195,1,365,4,0,4,369
01/29/2020,HPN,NY,AEA,EN,Towers with Radar,61,103,99,0,263,0,2,113,1,116,61,105,212,1,379,50,0,50,429
01/30/2020,HPN,NY,AEA,EN,Towers with Radar,60,117,103,0,280,0,13,85,0,98,60,130,188,0,378,80,0,80,458
01/31/2020,HPN,NY,AEA,EN,Towers with Radar,62,95,97,0,254,0,6,83,0,89,62,101,180,0,343,32,0,32,375
02/01/2020,HPN,NY,AEA,EN,Towers with Radar,41,61,44,0,146,0,0,0,0,0,41,61,44,0,146,0,0,0,146
02/02/2020,HPN,NY,AEA,EN,Towers with Radar,49,114,102,0,265,0,0,84,0,84,49,114,186,0,349,44,0,44,393
02/03/2020,HPN,NY,AEA,EN,Towers with Radar,57,113,103,0,273,0,7,106,0,113,57,120,209,0,386,12,0,12,398
02/04/2020,HPN,NY,AEA,EN,Towers with Radar,68,100,89,0,257,0,7,41,0,48,68,107,130,0,305,14,0,14,319
02/05/2020,HPN,NY,AEA,EN,Towers with Radar,65,112,86,0,263,0,8,88,0,96,65,120,174,0,359,48,0,48,407
02/06/2020,HPN,NY,AEA,EN,Towers with Radar,53,99,65,0,217,0,0,0,0,0,53,99,65,0,217,0,0,0,217
02/07/2020,HPN,NY,AEA,EN,Towers with Radar,61,90,59,0,210,0,2,7,0,9,61,92,66,0,219,0,0,0,219
02/08/2020,HPN,NY,AEA,EN,Towers with Radar,40,63,53,0,156,0,7,125,0,132,40,70,178,0,288,80,0,80,368
02/09/2020,HPN,NY,AEA,EN,Towers with Radar,60,110,89,0,259,0,4,136,1,141,60,114,225,1,400,100,0,100,500
02/10/2020,HPN,NY,AEA,EN,Towers with Radar,61,80,105,0,246,0,2,19,0,21,61,82,124,0,267,8,0,8,275
02/11/2020,HPN,NY,AEA,EN,Towers with Radar,63,80,86,0,229,0,2,14,0,16,63,82,100,0,245,10,0,10,255
02/12/2020,HPN,NY,AEA,EN,Towers with Radar,62,118,87,0,267,0,8,128,0,136,62,126,215,0,403,82,0,82,485
02/13/2020,HPN,NY,AEA,EN,Towers with Radar,65,139,133,0,337,0,0,14,0,14,65,139,147,0,351,0,0,0,351
02/14/2020,HPN,NY,AEA,EN,Towers with Radar,62,150,127,1,340,0,18,63,1,82,62,168,190,2,422,0,0,0,422
02/15/2020,HPN,NY,AEA,EN,Towers with Radar,46,88,69,0,203,0,13,127,0,140,46,101,196,0,343,64,0,64,407
02/16/2020,HPN,NY,AEA,EN,Towers with Radar,48,69,47,0,164,0,6,118,0,124,48,75,165,0,288,142,0,142,430
02/17/2020,HPN,NY,AEA,EN,Towers with Radar,65,178,125,0,368,0,14,124,1,139,65,192,249,1,507,42,0,42,549
02/18/2020,HPN,NY,AEA,EN,Towers with Radar,70,136,145,0,351,0,1,10,0,11,70,137,155,0,362,0,0,0,362
02/19/2020,HPN,NY,AEA,EN,Towers with Radar,66,111,93,0,270,0,9,69,0,78,66,120,162,0,348,44,0,44,392
02/20/2020,HPN,NY,AEA,EN,Towers with Radar,64,96,97,0,257,0,10,100,0,110,64,106,197,0,367,94,0,94,461
02/21/2020,HPN,NY,AEA,EN,Towers with Radar,64,110,117,0,291,0,11,105,0,116,64,121,222,0,407,58,0,58,465
02/22/2020,HPN,NY,AEA,EN,Towers with Radar,48,80,46,0,174,0,7,129,0,136,48,87,175,0,310,84,0,84,394
02/23/2020,HPN,NY,AEA,EN,Towers with Radar,61,128,77,0,266,0,13,186,4,203,61,141,263,4,469,54,10,64,533
02/24/2020,HPN,NY,AEA,EN,Towers with Radar,64,115,87,0,266,0,13,108,0,121,64,128,195,0,387,26,0,26,413
02/25/2020,HPN,NY,AEA,EN,Towers with Radar,67,102,69,0,238,0,22,15,0,37,67,124,84,0,275,39,0,39,314
02/26/2020,HPN,NY,AEA,EN,Towers with Radar,63,101,101,0,265,0,0,2,0,2,63,101,103,0,267,0,0,0,267
02/27/2020,HPN,NY,AEA,EN,Towers with Radar,65,108,100,0,273,0,4,13,0,17,65,112,113,0,290,0,0,0,290
02/28/2020,HPN,NY,AEA,EN,Towers with Radar,62,98,91,0,251,0,5,30,0,35,62,103,121,0,286,0,0,0,286
02/29/2020,HPN,NY,AEA,EN,Towers with Radar,46,74,43,0,163,1,2,112,0,115,47,76,155,0,278,34,0,34,312
03/01/2020,HPN,NY,AEA,EN,Towers with Radar,59,110,100,0,269,0,10,114,0,124,59,120,214,0,393,32,0,32,425
03/02/2020,HPN,NY,AEA,EN,Towers with Radar,66,83,85,0,234,0,12,130,0,142,66,95,215,0,376,111,0,111,487
03/03/2020,HPN,NY,AEA,EN,Towers with Radar,62,92,77,0,231,0,6,48,0,54,62,98,125,0,285,48,0,48,333
03/04/2020,HPN,NY,AEA,EN,Towers with Radar,68,115,89,0,272,0,3,66,0,69,68,118,155,0,341,0,0,0,341
03/05/2020,HPN,NY,AEA,EN,Towers with Radar,65,111,126,0,302,0,7,150,0,157,65,118,276,0,459,50,0,50,509
03/06/2020,HPN,NY,AEA,EN,Towers with Radar,69,136,114,0,319,0,5,39,0,44,69,141,153,0,363,14,0,14,377
03/07/2020,HPN,NY,AEA,EN,Towers with Radar,47,69,44,0,160,0,6,48,0,54,47,75,92,0,214,0,0,0,214
03/08/2020,HPN,NY,AEA,EN,Towers with Radar,59,119,105,0,283,0,15,175,0,190,59,134,280,0,473,80,0,80,553
03/09/2020,HPN,NY,AEA,EN,Towers with Radar,84,103,109,0,296,0,17,163,0,180,84,120,272,0,476,22,0,22,498
03/10/2020,HPN,NY,AEA,EN,Towers with Radar,75,90,81,0,246,0,4,65,2,71,75,94,146,2,317,12,0,12,329
03/11/2020,HPN,NY,AEA,EN,Towers with Radar,67,100,102,0,269,0,7,147,2,156,67,107,249,2,425,90,0,90,515
03/12/2020,HPN,NY,AEA,EN,Towers with Radar,71,142,98,0,311,0,3,47,0,50,71,145,145,0,361,0,0,0,361
03/13/2020,HPN,NY,AEA,EN,Towers with Radar,73,151,124,0,348,0,2,23,0,25,73,153,147,0,373,0,0,0,373
03/14/2020,HPN,NY,AEA,EN,Towers with Radar,57,124,86,0,267,0,5,123,0,128,57,129,209,0,395,108,0,108,503
03/15/2020,HPN,NY,AEA,EN,Towers with Radar,61,107,88,0,256,0,6,142,0,148,61,113,230,0,404,54,0,54,458
03/16/2020,HPN,NY,AEA,EN,Towers with Radar,73,95,67,0,235,0,5,83,0,88,73,100,150,0,323,74,0,74,397
03/17/2020,HPN,NY,AEA,EN,Towers with Radar,73,101,59,0,233,0,1,10,0,11,73,102,69,0,244,32,0,32,276
03/18/2020,HPN,NY,AEA,EN,Towers with Radar,67,77,61,0,205,0,4,106,0,110,67,81,167,0,315,150,0,150,465
03/19/2020,HPN,NY,AEA,EN,Towers with Radar,68,60,54,0,182,0,0,5,0,5,68,60,59,0,187,2,0,2,189
03/20/2020,HPN,NY,AEA,EN,Towers with Radar,58,67,58,0,183,0,0,14,0,14,58,67,72,0,197,0,0,0,197
03/21/2020,HPN,NY,AEA,EN,Towers with Radar,50,60,35,0,145,0,3,85,0,88,50,63,120,0,233,16,0,16,249
03/22/2020,HPN,NY,AEA,EN,Towers with Radar,60,78,41,0,179,0,2,78,0,80,60,80,119,0,259,96,0,96,355
03/23/2020,HPN,NY,AEA,EN,Towers with Radar,36,26,14,0,76,0,0,0,0,0,36,26,14,0,76,0,0,0,76
03/24/2020,HPN,NY,AEA,EN,Towers with Radar,37,47,28,0,112,0,2,22,0,24,37,49,50,0,136,0,0,0,136
03/25/2020,HPN,NY,AEA,EN,Towers with Radar,35,32,27,0,94,0,1,0,0,1,35,33,27,0,95,0,0,0,95
03/26/2020,HPN,NY,AEA,EN,Towers with Radar,35,31,31,0,97,0,4,49,0,53,35,35,80,0,150,2,0,2,152
03/27/2020,HPN,NY,AEA,EN,Towers with Radar,37,31,15,0,83,0,1,35,0,36,37,32,50,0,119,0,0,0,119
03/28/2020,HPN,NY,AEA,EN,Towers with Radar,29,31,9,0,69,0,1,15,0,16,29,32,24,0,85,6,0,6,91
03/29/2020,HPN,NY,AEA,EN,Towers with Radar,38,24,4,0,66,0,0,0,0,0,38,24,4,0,66,0,0,0,66
03/30/2020,HPN,NY,AEA,EN,Towers with Radar,18,16,12,0,46,0,0,1,0,1,18,16,13,0,47,0,0,0,47
03/31/2020,HPN,NY,AEA,EN,Towers with Radar,21,16,14,0,51,0,0,8,0,8,21,16,22,0,59,0,0,0,59
04/01/2020,HPN,NY,AEA,EN,Towers with Radar,18,17,12,0,47,0,2,30,0,32,18,19,42,0,79,4,0,4,83
04/02/2020,HPN,NY,AEA,EN,Towers with Radar,18,19,6,0,43,0,1,11,0,12,18,20,17,0,55,10,0,10,65
04/03/2020,HPN,NY,AEA,EN,Towers with Radar,13,13,7,0,33,0,1,2,0,3,13,14,9,0,36,0,0,0,36
04/04/2020,HPN,NY,AEA,EN,Towers with Radar,16,17,15,0,48,0,0,29,0,29,16,17,44,0,77,0,0,0,77
04/05/2020,HPN,NY,AEA,EN,Towers with Radar,20,15,10,0,45,0,3,28,0,31,20,18,38,0,76,41,0,41,117
04/06/2020,HPN,NY,AEA,EN,Towers with Radar,19,14,10,0,43,0,0,62,0,62,19,14,72,0,105,0,0,0,105
04/07/2020,HPN,NY,AEA,EN,Towers with Radar,21,9,15,2,47,0,0,41,0,41,21,9,56,2,88,4,0,4,92
04/08/2020,HPN,NY,AEA,EN,Towers with Radar,27,14,18,0,59,0,0,13,1,14,27,14,31,1,73,1,0,1,74
04/09/2020,HPN,NY,AEA,EN,Towers with Radar,21,29,13,0,63,0,0,4,0,4,21,29,17,0,67,0,0,0,67
04/10/2020,HPN,NY,AEA,EN,Towers with Radar,12,19,10,0,41,0,6,4,0,10,12,25,14,0,51,0,0,0,51
04/11/2020,HPN,NY,AEA,EN,Towers with Radar,13,16,19,0,48,0,7,47,0,54,13,23,66,0,102,0,0,0,102
04/12/2020,HPN,NY,AEA,EN,Towers with Radar,6,16,10,0,32,0,33,29,0,62,6,49,39,0,94,18,0,18,112
04/13/2020,HPN,NY,AEA,EN,Towers with Radar,4,5,5,1,15,0,0,0,0,0,4,5,5,1,15,0,0,0,15
04/14/2020,HPN,NY,AEA,EN,Towers with Radar,5,15,24,1,45,0,0,40,0,40,5,15,64,1,85,13,0,13,98
04/15/2020,HPN,NY,AEA,EN,Towers with Radar,3,14,11,0,28,0,0,23,0,23,3,14,34,0,51,8,0,8,59
04/16/2020,HPN,NY,AEA,EN,Towers with Radar,2,20,4,0,26,0,1,9,1,11,2,21,13,1,37,0,0,0,37
04/17/2020,HPN,NY,AEA,EN,Towers with Radar,0,7,14,0,21,0,0,27,0,27,0,7,41,0,48,30,0,30,78
04/18/2020,HPN,NY,AEA,EN,Towers with Radar,0,17,13,0,30,0,0,4,0,4,0,17,17,0,34,8,0,8,42
04/19/2020,HPN,NY,AEA,EN,Towers with Radar,0,17,14,0,31,0,1,63,0,64,0,18,77,0,95,2,0,2,97
04/20/2020,HPN,NY,AEA,EN,Towers with Radar,0,14,17,2,33,0,3,36,0,39,0,17,53,2,72,6,0,6,78
04/21/2020,HPN,NY,AEA,EN,Towers with Radar,0,9,7,0,16,0,0,9,0,9,0,9,16,0,25,0,0,0,25
04/22/2020,HPN,NY,AEA,EN,Towers with Radar,0,15,20,0,35,0,0,33,0,33,0,15,53,0,68,10,0,10,78
04/23/2020,HPN,NY,AEA,EN,Towers with Radar,0,14,11,0,25,0,0,28,0,28,0,14,39,0,53,0,0,0,53
04/24/2020,HPN,NY,AEA,EN,Towers with Radar,0,21,25,0,46,0,0,0,0,0,0,21,25,0,46,0,0,0,46
04/25/2020,HPN,NY,AEA,EN,Towers with Radar,2,35,30,0,67,0,0,135,0,135,2,35,165,0,202,30,0,30,232
04/26/2020,HPN,NY,AEA,EN,Towers with Radar,0,52,24,0,76,0,0,5,0,5,0,52,29,0,81,0,0,0,81
04/27/2020,HPN,NY,AEA,EN,Towers with Radar,0,1,9,0,10,0,0,5,0,5,0,1,14,0,15,0,0,0,15
04/28/2020,HPN,NY,AEA,EN,Towers with Radar,0,10,16,0,26,0,0,78,0,78,0,10,94,0,104,6,0,6,110
04/29/2020,HPN,NY,AEA,EN,Towers with Radar,0,1,2,0,3,0,3,1,0,4,0,4,3,0,7,0,0,0,7
04/30/2020,HPN,NY,AEA,EN,Towers with Radar,0,0,0,0,0,0,0,0,0,0,0,0,0,0,0,0,0,0,0
05/01/2020,HPN,NY,AEA,EN,Towers with Radar,0,0,0,0,0,0,0,0,0,0,0,0,0,0,0,0,0,0,0
05/02/2020,HPN,NY,AEA,EN,Towers with Radar,0,0,0,0,0,0,0,3,0,3,0,0,3,0,3,0,0,0,3
05/03/2020,HPN,NY,AEA,EN,Towers with Radar,0,0,0,0,0,0,0,0,0,0,0,0,0,0,0,0,0,0,0
05/04/2020,HPN,NY,AEA,EN,Towers with Radar,0,0,0,0,0,0,0,5,0,5,0,0,5,0,5,0,0,0,5
05/05/2020,HPN,NY,AEA,EN,Towers with Radar,0,0,5,0,5,0,0,43,0,43,0,0,48,0,48,6,0,6,54
05/06/2020,HPN,NY,AEA,EN,Towers with Radar,0,8,13,0,21,0,2,10,0,12,0,10,23,0,33,0,0,0,33
05/07/2020,HPN,NY,AEA,EN,Towers with Radar,0,3,2,0,5,0,0,50,0,50,0,3,52,0,55,3,0,3,58
05/08/2020,HPN,NY,AEA,EN,Towers with Radar,0,10,7,0,17,0,2,29,0,31,0,12,36,0,48,0,0,0,48
05/09/2020,HPN,NY,AEA,EN,Towers with Radar,0,2,4,0,6,0,1,7,0,8,0,3,11,0,14,0,0,0,14
05/10/2020,HPN,NY,AEA,EN,Towers with Radar,0,0,10,0,10,0,3,54,0,57,0,3,64,0,67,0,0,0,67
05/11/2020,HPN,NY,AEA,EN,Towers with Radar,0,4,6,0,10,0,1,8,0,9,0,5,14,0,19,0,0,0,19
05/12/2020,HPN,NY,AEA,EN,Towers with Radar,0,0,7,0,7,0,4,28,0,32,0,4,35,0,39,0,0,0,39
05/13/2020,HPN,NY,AEA,EN,Towers with Radar,0,0,2,0,2,0,2,68,0,70,0,2,70,0,72,26,0,26,98
05/14/2020,HPN,NY,AEA,EN,Towers with Radar,0,8,6,0,14,0,2,64,0,66,0,10,70,0,80,0,0,0,80
05/15/2020,HPN,NY,AEA,EN,Towers with Radar,0,6,10,0,16,0,7,19,0,26,0,13,29,0,42,0,0,0,42
05/16/2020,HPN,NY,AEA,EN,Towers with Radar,0,6,10,0,16,0,4,41,0,45,0,10,51,0,61,0,0,0,61
05/17/2020,HPN,NY,AEA,EN,Towers with Radar,0,21,10,0,31,0,4,73,0,77,0,25,83,0,108,14,0,14,122
05/18/2020,HPN,NY,AEA,EN,Towers with Radar,0,27,7,0,34,0,1,25,0,26,0,28,32,0,60,0,0,0,60
05/19/2020,HPN,NY,AEA,EN,Towers with Radar,0,18,6,0,24,0,3,22,1,26,0,21,28,1,50,2,0,2,52
05/20/2020,HPN,NY,AEA,EN,Towers with Radar,0,25,14,0,39,0,5,40,1,46,0,30,54,1,85,0,0,0,85
05/21/2020,HPN,NY,AEA,EN,Towers with Radar,0,60,50,0,110,0,22,92,0,114,0,82,142,0,224,40,0,40,264
05/22/2020,HPN,NY,AEA,EN,Towers with Radar,0,63,37,0,100,0,16,76,0,92,0,79,113,0,192,34,0,34,226
05/23/2020,HPN,NY,AEA,EN,Towers with Radar,0,52,40,0,92,0,0,1,0,1,0,52,41,0,93,0,0,0,93
05/24/2020,HPN,NY,AEA,EN,Towers with Radar,0,25,38,0,63,0,1,48,0,49,0,26,86,0,112,20,0,20,132
05/25/2020,HPN,NY,AEA,EN,Towers with Radar,0,57,63,0,120,0,5,13,0,18,0,62,76,0,138,0,0,0,138
05/26/2020,HPN,NY,AEA,EN,Towers with Radar,0,52,44,0,96,0,3,21,0,24,0,55,65,0,120,0,0,0,120
05/27/2020,HPN,NY,AEA,EN,Towers with Radar,0,42,50,0,92,0,2,42,0,44,0,44,92,0,136,20,0,20,156
05/28/2020,HPN,NY,AEA,EN,Towers with Radar,0,48,58,0,106,0,0,4,0,4,0,48,62,0,110,0,0,0,110
05/29/2020,HPN,NY,AEA,EN,Towers with Radar,0,42,45,0,87,0,4,4,0,8,0,46,49,0,95,0,0,0,95
05/30/2020,HPN,NY,AEA,EN,Towers with Radar,0,50,47,0,97,0,4,71,0,75,0,54,118,0,172,26,0,26,198
05/31/2020,HPN,NY,AEA,EN,Towers with Radar,0,48,50,0,98,0,12,79,0,91,0,60,129,0,189,30,0,30,219
06/01/2020,HPN,NY,AEA,EN,Towers with Radar,0,48,28,0,76,0,36,34,0,70,0,84,62,0,146,48,0,48,194
06/02/2020,HPN,NY,AEA,EN,Towers with Radar,0,47,42,0,89,0,6,20,0,26,0,53,62,0,115,0,0,0,115
06/03/2020,HPN,NY,AEA,EN,Towers with Radar,0,51,54,0,105,0,8,33,0,41,0,59,87,0,146,6,0,6,152
06/04/2020,HPN,NY,AEA,EN,Towers with Radar,0,61,53,0,114,0,15,77,0,92,0,76,130,0,206,22,0,22,228
06/05/2020,HPN,NY,AEA,EN,Towers with Radar,0,80,69,0,149,0,4,12,0,16,0,84,81,0,165,0,0,0,165
06/06/2020,HPN,NY,AEA,EN,Towers with Radar,0,59,63,0,122,0,17,32,0,49,0,76,95,0,171,40,0,40,211
06/07/2020,HPN,NY,AEA,EN,Towers with Radar,0,49,66,0,115,0,42,61,0,103,0,91,127,0,218,52,0,52,270
06/08/2020,HPN,NY,AEA,EN,Towers with Radar,0,50,35,0,85,0,10,64,0,74,0,60,99,0,159,76,0,76,235
06/09/2020,HPN,NY,AEA,EN,Towers with Radar,0,74,65,0,139,0,2,38,0,40,0,76,103,0,179,65,0,65,244
06/10/2020,HPN,NY,AEA,EN,Towers with Radar,0,65,58,0,123,0,4,49,0,53,0,69,107,0,176,44,0,44,220
06/11/2020,HPN,NY,AEA,EN,Towers with Radar,0,102,52,0,154,0,0,9,1,10,0,102,61,1,164,0,0,0,164
06/12/2020,HPN,NY,AEA,EN,Towers with Radar,0,99,90,0,189,0,13,101,0,114,0,112,191,0,303,52,0,52,355
06/13/2020,HPN,NY,AEA,EN,Towers with Radar,1,90,51,0,142,0,7,73,0,80,1,97,124,0,222,10,0,10,232
06/14/2020,HPN,NY,AEA,EN,Towers with Radar,0,86,51,0,137,0,20,97,0,117,0,106,148,0,254,50,0,50,304
06/15/2020,HPN,NY,AEA,EN,Towers with Radar,0,89,54,0,143,0,17,48,0,65,0,106,102,0,208,44,0,44,252
06/16/2020,HPN,NY,AEA,EN,Towers with Radar,0,70,51,0,121,0,13,42,0,55,0,83,93,0,176,0,0,0,176
06/17/2020,HPN,NY,AEA,EN,Towers with Radar,0,77,64,0,141,0,26,78,0,104,0,103,142,0,245,16,0,16,261
06/18/2020,HPN,NY,AEA,EN,Towers with Radar,0,91,85,0,176,0,10,33,0,43,0,101,118,0,219,14,0,14,233
06/19/2020,HPN,NY,AEA,EN,Towers with Radar,0,92,68,0,160,0,15,89,0,104,0,107,157,0,264,28,0,28,292
06/20/2020,HPN,NY,AEA,EN,Towers with Radar,0,87,66,0,153,0,14,91,0,105,0,101,157,0,258,44,0,44,302
06/21/2020,HPN,NY,AEA,EN,Towers with Radar,0,92,53,0,145,0,32,110,0,142,0,124,163,0,287,68,0,68,355
06/22/2020,HPN,NY,AEA,EN,Towers with Radar,0,93,65,0,158,0,38,57,0,95,0,131,122,0,253,76,0,76,329
06/23/2020,HPN,NY,AEA,EN,Towers with Radar,0,77,63,0,140,0,10,79,0,89,0,87,142,0,229,52,0,52,281
06/24/2020,HPN,NY,AEA,EN,Towers with Radar,0,80,65,0,145,0,5,76,0,81,0,85,141,0,226,0,0,0,226
06/25/2020,HPN,NY,AEA,EN,Towers with Radar,0,69,75,0,144,0,30,116,0,146,0,99,191,0,290,66,0,66,356
06/26/2020,HPN,NY,AEA,EN,Towers with Radar,0,96,75,0,171,0,29,141,0,170,0,125,216,0,341,42,0,42,383
06/27/2020,HPN,NY,AEA,EN,Towers with Radar,0,62,48,0,110,0,10,57,0,67,0,72,105,0,177,74,0,74,251
06/28/2020,HPN,NY,AEA,EN,Towers with Radar,0,111,67,0,178,0,11,102,0,113,0,122,169,0,291,14,0,14,305
06/29/2020,HPN,NY,AEA,EN,Towers with Radar,0,85,67,0,152,0,10,68,0,78,0,95,135,0,230,28,0,28,258
06/30/2020,HPN,NY,AEA,EN,Towers with Radar,0,108,56,0,164,0,6,32,0,38,0,114,88,0,202,6,0,6,208
07/01/2020,HPN,NY,AEA,EN,Towers with Radar,0,114,106,0,220,0,25,54,0,79,0,139,160,0,299,5,0,5,304
07/02/2020,HPN,NY,AEA,EN,Towers with Radar,0,90,71,0,161,0,34,172,0,206,0,124,243,0,367,14,0,14,381
07/03/2020,HPN,NY,AEA,EN,Towers with Radar,0,83,65,0,148,0,11,72,0,83,0,94,137,0,231,42,0,42,273
07/04/2020,HPN,NY,AEA,EN,Towers with Radar,0,45,30,0,75,0,9,64,0,73,0,54,94,0,148,14,0,14,162
07/05/2020,HPN,NY,AEA,EN,Towers with Radar,0,78,66,0,144,0,31,119,0,150,0,109,185,0,294,18,0,18,312
07/06/2020,HPN,NY,AEA,EN,Towers with Radar,0,99,72,0,171,0,25,74,0,99,0,124,146,0,270,34,0,34,304
07/07/2020,HPN,NY,AEA,EN,Towers with Radar,5,98,94,0,197,0,2,11,0,13,5,100,105,0,210,10,0,10,220
07/08/2020,HPN,NY,AEA,EN,Towers with Radar,8,84,63,0,155,0,2,23,0,25,8,86,86,0,180,8,0,8,188
07/09/2020,HPN,NY,AEA,EN,Towers with Radar,8,117,85,0,210,0,21,109,0,130,8,138,194,0,340,70,0,70,410
07/10/2020,HPN,NY,AEA,EN,Towers with Radar,8,80,59,0,147,0,0,0,0,0,8,80,59,0,147,0,0,0,147
07/11/2020,HPN,NY,AEA,EN,Towers with Radar,9,83,65,0,157,0,3,23,0,26,9,86,88,0,183,36,0,36,219
07/12/2020,HPN,NY,AEA,EN,Towers with Radar,9,109,70,0,188,0,38,184,0,222,9,147,254,0,410,30,0,30,440
07/13/2020,HPN,NY,AEA,EN,Towers with Radar,8,74,64,0,146,0,24,89,0,113,8,98,153,0,259,40,0,40,299
07/14/2020,HPN,NY,AEA,EN,Towers with Radar,7,72,61,0,140,0,32,105,0,137,7,104,166,0,277,50,0,50,327
07/15/2020,HPN,NY,AEA,EN,Towers with Radar,8,100,78,0,186,0,9,67,0,76,8,109,145,0,262,6,0,6,268
07/16/2020,HPN,NY,AEA,EN,Towers with Radar,8,80,81,0,169,0,35,136,1,172,8,115,217,1,341,26,0,26,367
07/17/2020,HPN,NY,AEA,EN,Towers with Radar,8,114,86,0,208,0,3,14,0,17,8,117,100,0,225,14,0,14,239
07/18/2020,HPN,NY,AEA,EN,Towers with Radar,8,64,44,0,116,0,18,135,0,153,8,82,179,0,269,86,0,86,355
07/19/2020,HPN,NY,AEA,EN,Towers with Radar,8,89,55,0,152,0,25,162,0,187,8,114,217,0,339,82,0,82,421
07/20/2020,HPN,NY,AEA,EN,Towers with Radar,8,85,52,0,145,0,26,93,0,119,8,111,145,0,264,54,0,54,318
07/21/2020,HPN,NY,AEA,EN,Towers with Radar,7,71,36,0,114,0,12,127,0,139,7,83,163,0,253,52,0,52,305
07/22/2020,HPN,NY,AEA,EN,Towers with Radar,8,73,40,0,121,0,11,75,0,86,8,84,115,0,207,86,0,86,293
07/23/2020,HPN,NY,AEA,EN,Towers with Radar,11,80,54,0,145,0,28,87,0,115,11,108,141,0,260,54,0,54,314
07/24/2020,HPN,NY,AEA,EN,Towers with Radar,8,90,62,0,160,0,20,108,0,128,8,110,170,0,288,41,0,41,329
07/25/2020,HPN,NY,AEA,EN,Towers with Radar,8,77,51,0,136,0,20,126,0,146,8,97,177,0,282,44,0,44,326
07/26/2020,HPN,NY,AEA,EN,Towers with Radar,10,80,57,0,147,0,33,152,0,185,10,113,209,0,332,32,0,32,364
07/27/2020,HPN,NY,AEA,EN,Towers with Radar,7,66,46,0,119,0,59,67,0,126,7,125,113,0,245,28,0,28,273
07/28/2020,HPN,NY,AEA,EN,Towers with Radar,5,80,58,0,143,0,17,106,1,124,5,97,164,1,267,62,0,62,329
07/29/2020,HPN,NY,AEA,EN,Towers with Radar,8,59,64,0,131,0,28,126,0,154,8,87,190,0,285,82,0,82,367
07/30/2020,HPN,NY,AEA,EN,Towers with Radar,2,92,69,0,163,0,38,101,0,139,2,130,170,0,302,54,0,54,356
07/31/2020,HPN,NY,AEA,EN,Towers with Radar,0,124,107,0,231,0,13,108,0,121,0,137,215,0,352,22,0,22,374
08/01/2020,HPN,NY,AEA,EN,Towers with Radar,0,97,64,0,161,0,26,187,0,213,0,123,251,0,374,54,0,54,428
08/02/2020,HPN,NY,AEA,EN,Towers with Radar,0,127,106,0,233,0,16,34,0,50,0,143,140,0,283,0,0,0,283
08/03/2020,HPN,NY,AEA,EN,Towers with Radar,0,75,76,0,151,0,51,92,0,143,0,126,168,0,294,28,0,28,322
08/04/2020,HPN,NY,AEA,EN,Towers with Radar,0,29,24,0,53,0,3,1,0,4,0,32,25,0,57,0,0,0,57
08/05/2020,HPN,NY,AEA,EN,Towers with Radar,2,88,50,0,140,0,22,134,0,156,2,110,184,0,296,42,0,42,338
08/06/2020,HPN,NY,AEA,EN,Towers with Radar,0,75,86,2,163,0,28,155,0,183,0,103,241,2,346,28,0,28,374
08/07/2020,HPN,NY,AEA,EN,Towers with Radar,0,101,65,1,167,0,13,60,1,74,0,114,125,2,241,0,0,0,241
08/08/2020,HPN,NY,AEA,EN,Towers with Radar,0,97,74,0,171,0,13,63,0,76,0,110,137,0,247,38,0,38,285
08/09/2020,HPN,NY,AEA,EN,Towers with Radar,0,102,89,6,197,0,34,121,0,155,0,136,210,6,352,54,0,54,406
08/10/2020,HPN,NY,AEA,EN,Towers with Radar,0,102,56,0,158,0,26,110,0,136,0,128,166,0,294,60,0,60,354
08/11/2020,HPN,NY,AEA,EN,Towers with Radar,0,52,77,0,129,0,14,113,0,127,0,66,190,0,256,42,0,42,298
08/12/2020,HPN,NY,AEA,EN,Towers with Radar,0,88,80,0,168,0,15,65,0,80,0,103,145,0,248,40,0,40,288
08/13/2020,HPN,NY,AEA,EN,Towers with Radar,0,112,78,0,190,0,12,83,0,95,0,124,161,0,285,48,0,48,333
08/14/2020,HPN,NY,AEA,EN,Towers with Radar,0,101,65,0,166,0,43,162,0,205,0,144,227,0,371,24,0,24,395
08/15/2020,HPN,NY,AEA,EN,Towers with Radar,0,105,73,0,178,0,21,122,0,143,0,126,195,0,321,6,0,6,327
08/16/2020,HPN,NY,AEA,EN,Towers with Radar,0,153,112,0,265,0,2,6,0,8,0,155,118,0,273,0,0,0,273
08/17/2020,HPN,NY,AEA,EN,Towers with Radar,0,104,66,0,170,0,25,103,0,128,0,129,169,0,298,56,0,56,354
08/18/2020,HPN,NY,AEA,EN,Towers with Radar,0,68,50,0,118,0,19,137,0,156,0,87,187,0,274,64,0,64,338
08/19/2020,HPN,NY,AEA,EN,Towers with Radar,0,102,104,0,206,0,13,82,0,95,0,115,186,0,301,50,0,50,351
08/20/2020,HPN,NY,AEA,EN,Towers with Radar,0,81,63,0,144,0,31,165,0,196,0,112,228,0,340,50,0,50,390
08/21/2020,HPN,NY,AEA,EN,Towers with Radar,0,93,62,0,155,0,32,150,0,182,0,125,212,0,337,72,0,72,409
08/22/2020,HPN,NY,AEA,EN,Towers with Radar,0,83,66,0,149,0,29,151,0,180,0,112,217,0,329,70,0,70,399
08/23/2020,HPN,NY,AEA,EN,Towers with Radar,0,93,92,0,185,0,31,162,0,193,0,124,254,0,378,18,0,18,396
08/24/2020,HPN,NY,AEA,EN,Towers with Radar,0,96,79,0,175,0,34,120,0,154,0,130,199,0,329,16,0,16,345
08/25/2020,HPN,NY,AEA,EN,Towers with Radar,0,73,51,0,124,0,20,72,0,92,0,93,123,0,216,58,0,58,274
08/26/2020,HPN,NY,AEA,EN,Towers with Radar,0,84,72,0,156,0,34,157,0,191,0,118,229,0,347,46,0,46,393
08/27/2020,HPN,NY,AEA,EN,Towers with Radar,0,99,66,0,165,0,62,29,0,91,0,161,95,0,256,16,0,16,272
08/28/2020,HPN,NY,AEA,EN,Towers with Radar,0,86,71,0,157,0,29,164,0,193,0,115,235,0,350,74,0,74,424
08/29/2020,HPN,NY,AEA,EN,Towers with Radar,0,99,66,0,165,0,1,4,0,5,0,100,70,0,170,0,0,0,170
08/30/2020,HPN,NY,AEA,EN,Towers with Radar,0,94,71,0,165,0,37,178,0,215,0,131,249,0,380,20,0,20,400
08/31/2020,HPN,NY,AEA,EN,Towers with Radar,0,78,70,2,150,0,39,127,0,166,0,117,197,2,316,20,0,20,336
09/01/2020,HPN,NY,AEA,EN,Towers with Radar,0,93,74,0,167,0,19,45,0,64,0,112,119,0,231,62,0,62,293
09/02/2020,HPN,NY,AEA,EN,Towers with Radar,1,101,66,0,168,0,6,8,0,14,1,107,74,0,182,15,0,15,197
09/03/2020,HPN,NY,AEA,EN,Towers with Radar,0,96,91,0,187,0,60,113,0,173,0,156,204,0,360,68,0,68,428
09/04/2020,HPN,NY,AEA,EN,Towers with Radar,0,80,77,0,157,0,67,117,0,184,0,147,194,0,341,51,0,51,392
09/05/2020,HPN,NY,AEA,EN,Towers with Radar,0,51,51,0,102,0,31,131,0,162,0,82,182,0,264,83,0,83,347
09/06/2020,HPN,NY,AEA,EN,Towers with Radar,2,64,42,0,108,0,23,139,0,162,2,87,181,0,270,54,0,54,324
09/07/2020,HPN,NY,AEA,EN,Towers with Radar,0,117,71,0,188,0,52,167,0,219,0,169,238,0,407,18,0,18,425
09/08/2020,HPN,NY,AEA,EN,Towers with Radar,0,110,69,0,179,0,19,102,0,121,0,129,171,0,300,76,0,76,376
09/09/2020,HPN,NY,AEA,EN,Towers with Radar,0,98,63,0,161,0,13,110,0,123,0,111,173,0,284,20,0,20,304
09/10/2020,HPN,NY,AEA,EN,Towers with Radar,0,96,72,0,168,0,3,16,0,19,0,99,88,0,187,0,0,0,187
09/11/2020,HPN,NY,AEA,EN,Towers with Radar,0,80,85,0,165,0,44,105,0,149,0,124,190,0,314,45,0,45,359
09/12/2020,HPN,NY,AEA,EN,Towers with Radar,0,78,43,0,121,0,48,140,0,188,0,126,183,0,309,102,0,102,411
09/13/2020,HPN,NY,AEA,EN,Towers with Radar,0,139,103,0,242,0,24,138,0,162,0,163,241,0,404,16,0,16,420
09/14/2020,HPN,NY,AEA,EN,Towers with Radar,2,88,67,2,159,0,12,81,0,93,2,100,148,2,252,30,0,30,282
09/15/2020,HPN,NY,AEA,EN,Towers with Radar,0,67,67,2,136,0,24,106,0,130,0,91,173,2,266,50,0,50,316
09/16/2020,HPN,NY,AEA,EN,Towers with Radar,0,102,74,0,176,0,26,116,0,142,0,128,190,0,318,68,0,68,386
09/17/2020,HPN,NY,AEA,EN,Towers with Radar,0,99,64,0,163,0,20,125,0,145,0,119,189,0,308,38,0,38,346
09/18/2020,HPN,NY,AEA,EN,Towers with Radar,2,102,90,0,194,0,12,85,1,98,2,114,175,1,292,42,0,42,334
09/19/2020,HPN,NY,AEA,EN,Towers with Radar,2,54,43,0,99,0,10,141,0,151,2,64,184,0,250,66,0,66,316
09/20/2020,HPN,NY,AEA,EN,Towers with Radar,0,112,71,0,183,0,36,144,1,181,0,148,215,1,364,30,0,30,394
09/21/2020,HPN,NY,AEA,EN,Towers with Radar,0,88,70,0,158,0,31,134,0,165,0,119,204,0,323,36,0,36,359
09/22/2020,HPN,NY,AEA,EN,Towers with Radar,0,70,64,0,134,0,17,92,0,109,0,87,156,0,243,12,0,12,255
09/23/2020,HPN,NY,AEA,EN,Towers with Radar,0,76,71,0,147,0,15,123,0,138,0,91,194,0,285,50,0,50,335
09/24/2020,HPN,NY,AEA,EN,Towers with Radar,0,80,72,0,152,0,47,168,0,215,0,127,240,0,367,62,0,62,429
09/25/2020,HPN,NY,AEA,EN,Towers with Radar,0,106,87,0,193,0,30,165,0,195,0,136,252,0,388,36,0,36,424
09/26/2020,HPN,NY,AEA,EN,Towers with Radar,0,89,65,0,154,0,1,53,0,54,0,90,118,0,208,22,0,22,230
09/27/2020,HPN,NY,AEA,EN,Towers with Radar,0,132,103,0,235,0,4,64,0,68,0,136,167,0,303,6,0,6,309
09/28/2020,HPN,NY,AEA,EN,Towers with Radar,0,107,91,0,198,0,5,41,0,46,0,112,132,0,244,70,0,70,314
09/29/2020,HPN,NY,AEA,EN,Towers with Radar,0,103,76,0,179,0,0,3,0,3,0,103,79,0,182,0,0,0,182
09/30/2020,HPN,NY,AEA,EN,Towers with Radar,0,73,75,0,148,0,7,63,0,70,0,80,138,0,218,32,0,32,250
10/01/2020,HPN,NY,AEA,EN,Towers with Radar,7,81,81,0,169,0,19,100,0,119,7,100,181,0,288,0,0,0,288
10/02/2020,HPN,NY,AEA,EN,Towers with Radar,9,111,98,0,218,0,15,57,0,72,9,126,155,0,290,0,0,0,290
10/03/2020,HPN,NY,AEA,EN,Towers with Radar,7,68,45,0,120,0,13,180,0,193,7,81,225,0,313,82,0,82,395
10/04/2020,HPN,NY,AEA,EN,Towers with Radar,10,99,102,0,211,0,26,185,0,211,10,125,287,0,422,64,0,64,486
10/05/2020,HPN,NY,AEA,EN,Towers with Radar,9,83,78,0,170,0,8,60,0,68,9,91,138,0,238,46,0,46,284
10/06/2020,HPN,NY,AEA,EN,Towers with Radar,5,62,65,0,132,0,11,113,0,124,5,73,178,0,256,56,0,56,312
10/07/2020,HPN,NY,AEA,EN,Towers with Radar,5,81,63,0,149,0,11,70,2,83,5,92,133,2,232,28,0,28,260
10/08/2020,HPN,NY,AEA,EN,Towers with Radar,11,122,79,0,212,0,27,111,0,138,11,149,190,0,350,14,0,14,364
10/09/2020,HPN,NY,AEA,EN,Towers with Radar,13,117,91,0,221,0,44,174,0,218,13,161,265,0,439,60,0,60,499
10/10/2020,HPN,NY,AEA,EN,Towers with Radar,8,70,60,0,138,0,11,142,0,153,8,81,202,0,291,46,0,46,337
10/11/2020,HPN,NY,AEA,EN,Towers with Radar,14,88,76,0,178,0,12,159,0,171,14,100,235,0,349,92,0,92,441
10/12/2020,HPN,NY,AEA,EN,Towers with Radar,14,145,107,0,266,0,0,7,0,7,14,145,114,0,273,0,0,0,273
10/13/2020,HPN,NY,AEA,EN,Towers with Radar,5,104,99,0,208,0,1,3,0,4,5,105,102,0,212,6,0,6,218
10/14/2020,HPN,NY,AEA,EN,Towers with Radar,8,87,86,0,181,0,17,178,3,198,8,104,264,3,379,100,0,100,479
10/15/2020,HPN,NY,AEA,EN,Towers with Radar,13,100,96,0,209,0,18,156,0,174,13,118,252,0,383,38,0,38,421
10/16/2020,HPN,NY,AEA,EN,Towers with Radar,12,122,118,0,252,0,1,7,0,8,12,123,125,0,260,6,0,6,266
10/17/2020,HPN,NY,AEA,EN,Towers with Radar,8,71,61,0,140,0,17,131,0,148,8,88,192,0,288,120,0,120,408
10/18/2020,HPN,NY,AEA,EN,Towers with Radar,15,100,92,0,207,0,16,164,0,180,15,116,256,0,387,138,0,138,525
10/19/2020,HPN,NY,AEA,EN,Towers with Radar,18,95,89,0,202,0,6,85,0,91,18,101,174,0,293,112,0,112,405
10/20/2020,HPN,NY,AEA,EN,Towers with Radar,7,90,103,0,200,0,1,8,0,9,7,91,111,0,209,0,0,0,209
10/21/2020,HPN,NY,AEA,EN,Towers with Radar,6,89,84,0,179,0,1,10,0,11,6,90,94,0,190,0,0,0,190
10/22/2020,HPN,NY,AEA,EN,Towers with Radar,14,130,129,2,275,0,0,8,0,8,14,130,137,2,283,4,0,4,287
10/23/2020,HPN,NY,AEA,EN,Towers with Radar,13,116,119,0,248,0,1,15,0,16,13,117,134,0,264,0,0,0,264
10/24/2020,HPN,NY,AEA,EN,Towers with Radar,18,152,150,0,320,0,1,46,0,47,18,153,196,0,367,14,0,14,381
10/25/2020,HPN,NY,AEA,EN,Towers with Radar,29,192,128,0,349,0,13,324,0,337,29,205,452,0,686,150,0,150,836
10/26/2020,HPN,NY,AEA,EN,Towers with Radar,14,71,81,2,168,0,0,0,0,0,14,71,81,2,168,0,0,0,168
10/27/2020,HPN,NY,AEA,EN,Towers with Radar,5,72,89,0,166,0,24,61,0,85,5,96,150,0,251,122,0,122,373
10/28/2020,HPN,NY,AEA,EN,Towers with Radar,6,89,94,0,189,0,1,19,0,20,6,90,113,0,209,8,0,8,217
10/29/2020,HPN,NY,AEA,EN,Towers with Radar,10,81,64,0,155,0,0,2,0,2,10,81,66,0,157,12,0,12,169
10/30/2020,HPN,NY,AEA,EN,Towers with Radar,6,84,76,0,166,0,3,22,0,25,6,87,98,0,191,50,0,50,241
10/31/2020,HPN,NY,AEA,EN,Towers with Radar,7,69,62,0,138,0,52,139,0,191,7,121,201,0,329,68,0,68,397
11/01/2020,HPN,NY,AEA,EN,Towers with Radar,19,98,81,0,198,0,4,58,0,62,19,102,139,0,260,32,0,32,292
11/02/2020,HPN,NY,AEA,EN,Towers with Radar,14,71,51,0,136,1,1,13,0,15,15,72,64,0,151,22,0,22,173
11/03/2020,HPN,NY,AEA,EN,Towers with Radar,6,69,46,0,121,0,14,62,0,76,6,83,108,0,197,32,0,32,229
11/04/2020,HPN,NY,AEA,EN,Towers with Radar,5,65,58,0,128,0,21,99,0,120,5,86,157,0,248,71,0,71,319
11/05/2020,HPN,NY,AEA,EN,Towers with Radar,15,93,76,0,184,0,9,115,0,124,15,102,191,0,308,166,0,166,474
11/06/2020,HPN,NY,AEA,EN,Towers with Radar,16,73,75,0,164,0,7,157,0,164,16,80,232,0,328,174,0,174,502
11/07/2020,HPN,NY,AEA,EN,Towers with Radar,11,68,37,0,116,0,2,199,0,201,11,70,236,0,317,148,0,148,465
11/08/2020,HPN,NY,AEA,EN,Towers with Radar,15,73,79,0,167,1,12,200,0,213,16,85,279,0,380,100,0,100,480
11/09/2020,HPN,NY,AEA,EN,Towers with Radar,13,77,36,1,127,0,10,123,0,133,13,87,159,1,260,110,0,110,370
11/10/2020,HPN,NY,AEA,EN,Towers with Radar,5,81,54,0,140,0,9,101,0,110,5,90,155,0,250,55,0,55,305
11/11/2020,HPN,NY,AEA,EN,Towers with Radar,6,66,68,0,140,0,0,0,0,0,6,66,68,0,140,0,0,0,140
11/12/2020,HPN,NY,AEA,EN,Towers with Radar,14,86,104,0,204,0,1,19,0,20,14,87,123,0,224,26,0,26,250
11/13/2020,HPN,NY,AEA,EN,Towers with Radar,18,90,93,0,201,0,3,20,0,23,18,93,113,0,224,24,0,24,248
11/14/2020,HPN,NY,AEA,EN,Towers with Radar,8,74,50,0,132,0,8,186,0,194,8,82,236,0,326,130,0,130,456
11/15/2020,HPN,NY,AEA,EN,Towers with Radar,13,85,51,0,149,0,0,73,0,73,13,85,124,0,222,98,0,98,320
11/16/2020,HPN,NY,AEA,EN,Towers with Radar,15,76,70,0,161,0,4,75,0,79,15,80,145,0,240,2,0,2,242
11/17/2020,HPN,NY,AEA,EN,Towers with Radar,6,80,75,0,161,0,3,62,0,65,6,83,137,0,226,150,0,150,376
11/18/2020,HPN,NY,AEA,EN,Towers with Radar,16,68,75,0,159,0,5,59,0,64,16,73,134,0,223,34,0,34,257
11/19/2020,HPN,NY,AEA,EN,Towers with Radar,20,106,80,0,206,0,12,114,0,126,20,118,194,0,332,109,0,109,441
11/20/2020,HPN,NY,AEA,EN,Towers with Radar,23,114,105,0,242,0,19,127,0,146,23,133,232,0,388,38,0,38,426
11/21/2020,HPN,NY,AEA,EN,Towers with Radar,24,119,105,0,248,0,8,165,0,173,24,127,270,0,421,56,0,56,477
11/22/2020,HPN,NY,AEA,EN,Towers with Radar,21,126,132,0,279,0,2,39,0,41,21,128,171,0,320,28,0,28,348
11/23/2020,HPN,NY,AEA,EN,Towers with Radar,19,99,76,0,194,0,5,31,0,36,19,104,107,0,230,2,0,2,232
11/24/2020,HPN,NY,AEA,EN,Towers with Radar,22,108,69,0,199,0,21,57,0,78,22,129,126,0,277,0,0,0,277
11/25/2020,HPN,NY,AEA,EN,Towers with Radar,22,90,86,0,198,0,10,36,0,46,22,100,122,0,244,0,0,0,244
11/26/2020,HPN,NY,AEA,EN,Towers with Radar,3,30,26,0,59,0,0,4,0,4,3,30,30,0,63,0,0,0,63
11/27/2020,HPN,NY,AEA,EN,Towers with Radar,17,50,55,0,122,0,9,37,1,47,17,59,92,1,169,0,0,0,169
11/28/2020,HPN,NY,AEA,EN,Towers with Radar,22,89,69,0,180,0,10,51,0,61,22,99,120,0,241,0,0,0,241
11/29/2020,HPN,NY,AEA,EN,Towers with Radar,26,137,126,0,289,0,34,103,0,137,26,171,229,0,426,0,0,0,426
11/30/2020,HPN,NY,AEA,EN,Towers with Radar,22,85,61,0,168,0,1,1,0,2,22,86,62,0,170,0,0,0,170
12/01/2020,HPN,NY,AEA,EN,Towers with Radar,17,96,99,0,212,0,2,19,0,21,17,98,118,0,233,0,0,0,233
12/02/2020,HPN,NY,AEA,EN,Towers with Radar,13,87,63,0,163,0,3,30,0,33,13,90,93,0,196,0,0,0,196
12/03/2020,HPN,NY,AEA,EN,Towers with Radar,14,72,63,0,149,0,75,62,0,137,14,147,125,0,286,18,0,18,304
12/04/2020,HPN,NY,AEA,EN,Towers with Radar,19,98,73,0,190,0,37,39,0,76,19,135,112,0,266,32,0,32,298
12/05/2020,HPN,NY,AEA,EN,Towers with Radar,12,50,32,0,94,0,0,7,0,7,12,50,39,0,101,0,0,0,101
12/06/2020,HPN,NY,AEA,EN,Towers with Radar,15,81,65,0,161,0,25,57,0,82,15,106,122,0,243,16,0,16,259
12/07/2020,HPN,NY,AEA,EN,Towers with Radar,14,57,65,0,136,0,4,93,0,97,14,61,158,0,233,62,4,66,299
12/08/2020,HPN,NY,AEA,EN,Towers with Radar,8,55,76,0,139,0,4,59,0,63,8,59,135,0,202,26,0,26,228
12/09/2020,HPN,NY,AEA,EN,Towers with Radar,9,51,61,0,121,0,1,33,0,34,9,52,94,0,155,18,0,18,173
12/10/2020,HPN,NY,AEA,EN,Towers with Radar,17,81,75,0,173,0,7,114,1,122,17,88,189,1,295,68,0,68,363
12/11/2020,HPN,NY,AEA,EN,Towers with Radar,15,106,94,0,215,0,5,145,0,150,15,111,239,0,365,68,0,68,433
12/12/2020,HPN,NY,AEA,EN,Towers with Radar,9,62,50,0,121,0,0,0,0,0,9,62,50,0,121,0,0,0,121
12/13/2020,HPN,NY,AEA,EN,Towers with Radar,15,108,93,0,216,0,8,158,0,166,15,116,251,0,382,58,0,58,440
12/14/2020,HPN,NY,AEA,EN,Towers with Radar,13,70,59,0,142,1,4,5,0,10,14,74,64,0,152,0,0,0,152
12/15/2020,HPN,NY,AEA,EN,Towers with Radar,12,121,73,0,206,0,8,114,0,122,12,129,187,0,328,100,0,100,428
12/16/2020,HPN,NY,AEA,EN,Towers with Radar,9,61,59,0,129,0,7,31,0,38,9,68,90,0,167,66,0,66,233
12/17/2020,HPN,NY,AEA,EN,Towers with Radar,12,53,41,0,106,1,2,8,0,11,13,55,49,0,117,0,0,0,117
12/18/2020,HPN,NY,AEA,EN,Towers with Radar,27,129,132,0,288,0,3,91,0,94,27,132,223,0,382,34,0,34,416
12/19/2020,HPN,NY,AEA,EN,Towers with Radar,31,148,152,2,333,0,6,105,0,111,31,154,257,2,444,12,0,12,456
12/20/2020,HPN,NY,AEA,EN,Towers with Radar,32,145,82,0,259,0,1,21,0,22,32,146,103,0,281,10,0,10,291
12/21/2020,HPN,NY,AEA,EN,Towers with Radar,20,134,84,0,238,1,2,35,0,38,21,136,119,0,276,60,0,60,336
12/22/2020,HPN,NY,AEA,EN,Towers with Radar,34,107,91,0,232,0,1,74,0,75,34,108,165,0,307,56,0,56,363
12/23/2020,HPN,NY,AEA,EN,Towers with Radar,26,114,101,0,241,0,19,95,0,114,26,133,196,0,355,120,0,120,475
12/24/2020,HPN,NY,AEA,EN,Towers with Radar,22,72,55,0,149,0,1,14,0,15,22,73,69,0,164,0,0,0,164
12/25/2020,HPN,NY,AEA,EN,Towers with Radar,21,115,36,0,172,0,3,0,0,3,21,118,36,0,175,0,0,0,175
12/26/2020,HPN,NY,AEA,EN,Towers with Radar,27,172,176,0,375,0,12,69,0,81,27,184,245,0,456,2,0,2,458
12/27/2020,HPN,NY,AEA,EN,Towers with Radar,26,153,129,0,308,0,10,150,0,160,26,163,279,0,468,16,0,16,484
12/28/2020,HPN,NY,AEA,EN,Towers with Radar,28,124,100,0,252,0,1,67,0,68,28,125,167,0,320,62,0,62,382
12/29/2020,HPN,NY,AEA,EN,Towers with Radar,27,96,70,0,193,0,10,70,0,80,27,106,140,0,273,2,0,2,275
12/30/2020,HPN,NY,AEA,EN,Towers with Radar,25,108,80,0,213,0,4,87,0,91,25,112,167,0,304,26,0,26,330
12/31/2020,HPN,NY,AEA,EN,Towers with Radar,17,61,47,0,125,0,0,15,0,15,17,61,62,0,140,0,0,0,140
01/01/2021,HPN,NY,AEA,EN,Towers with Radar,18,113,62,0,193,0,12,47,0,59,18,125,109,0,252,16,0,16,268
01/02/2021,HPN,NY,AEA,EN,Towers with Radar,24,146,118,0,288,0,6,31,0,37,24,152,149,0,325,6,0,6,331
01/03/2021,HPN,NY,AEA,EN,Towers with Radar,26,178,142,0,346,0,1,1,0,2,26,179,143,0,348,16,0,16,364
01/04/2021,HPN,NY,AEA,EN,Towers with Radar,28,126,114,0,268,0,3,48,0,51,28,129,162,0,319,40,0,40,359
01/05/2021,HPN,NY,AEA,EN,Towers with Radar,15,103,74,0,192,0,1,42,0,43,15,104,116,0,235,92,0,92,327
01/06/2021,HPN,NY,AEA,EN,Towers with Radar,14,88,69,0,171,0,3,76,0,79,14,91,145,0,250,42,0,42,292
01/07/2021,HPN,NY,AEA,EN,Towers with Radar,15,91,52,0,158,0,5,81,0,86,15,96,133,0,244,8,0,8,252
01/08/2021,HPN,NY,AEA,EN,Towers with Radar,16,84,67,0,167,0,8,92,0,100,16,92,159,0,267,14,0,14,281
01/09/2021,HPN,NY,AEA,EN,Towers with Radar,11,81,67,0,159,0,4,85,0,89,11,85,152,0,248,10,0,10,258
01/10/2021,HPN,NY,AEA,EN,Towers with Radar,16,92,93,0,201,0,3,115,0,118,16,95,208,0,319,32,0,32,351
01/11/2021,HPN,NY,AEA,EN,Towers with Radar,16,85,64,0,165,0,4,74,0,78,16,89,138,0,243,76,0,76,319
01/12/2021,HPN,NY,AEA,EN,Towers with Radar,10,64,60,0,134,0,5,70,0,75,10,69,130,0,209,50,0,50,259
01/13/2021,HPN,NY,AEA,EN,Towers with Radar,11,71,62,0,144,1,2,76,1,80,12,73,138,1,224,46,0,46,270
01/14/2021,HPN,NY,AEA,EN,Towers with Radar,20,98,74,0,192,0,7,90,0,97,20,105,164,0,289,60,0,60,349
01/15/2021,HPN,NY,AEA,EN,Towers with Radar,16,108,89,0,213,0,0,1,0,1,16,108,90,0,214,0,0,0,214
01/16/2021,HPN,NY,AEA,EN,Towers with Radar,12,68,44,0,124,0,1,8,0,9,12,69,52,0,133,22,0,22,155
01/17/2021,HPN,NY,AEA,EN,Towers with Radar,15,82,56,0,153,0,3,86,0,89,15,85,142,0,242,26,0,26,268
01/18/2021,HPN,NY,AEA,EN,Towers with Radar,16,107,104,0,227,0,3,105,0,108,16,110,209,0,335,6,0,6,341
01/19/2021,HPN,NY,AEA,EN,Towers with Radar,13,81,72,0,166,0,5,66,0,71,13,86,138,0,237,46,0,46,283
01/20/2021,HPN,NY,AEA,EN,Towers with Radar,11,79,63,0,153,0,1,42,0,43,11,80,105,0,196,0,0,0,196
01/21/2021,HPN,NY,AEA,EN,Towers with Radar,18,73,74,0,165,0,8,68,0,76,18,81,142,0,241,88,0,88,329
01/22/2021,HPN,NY,AEA,EN,Towers with Radar,16,84,86,0,186,0,6,74,0,80,16,90,160,0,266,16,0,16,282
01/23/2021,HPN,NY,AEA,EN,Towers with Radar,11,59,45,0,115,0,9,27,0,36,11,68,72,0,151,0,0,0,151
01/24/2021,HPN,NY,AEA,EN,Towers with Radar,15,96,71,0,182,0,4,108,0,112,15,100,179,0,294,20,0,20,314
01/25/2021,HPN,NY,AEA,EN,Towers with Radar,14,68,59,0,141,1,7,91,0,99,15,75,150,0,240,12,0,12,252
01/26/2021,HPN,NY,AEA,EN,Towers with Radar,9,51,34,0,94,0,3,11,0,14,9,54,45,0,108,8,0,8,116
01/27/2021,HPN,NY,AEA,EN,Towers with Radar,13,81,72,0,166,0,1,34,0,35,13,82,106,0,201,60,0,60,261
01/28/2021,HPN,NY,AEA,EN,Towers with Radar,14,106,56,0,176,0,5,67,0,72,14,111,123,0,248,32,0,32,280
01/29/2021,HPN,NY,AEA,EN,Towers with Radar,16,110,61,0,187,0,1,17,0,18,16,111,78,0,205,6,0,6,211
01/30/2021,HPN,NY,AEA,EN,Towers with Radar,11,77,66,0,154,0,5,143,0,148,11,82,209,0,302,82,0,82,384
01/31/2021,HPN,NY,AEA,EN,Towers with Radar,12,117,123,0,252,0,7,99,0,106,12,124,222,0,358,80,0,80,438
02/01/2021,HPN,NY,AEA,EN,Towers with Radar,0,0,1,0,1,0,0,0,0,0,0,0,1,0,1,0,0,0,1
02/02/2021,HPN,NY,AEA,EN,Towers with Radar,11,55,38,0,104,0,0,0,0,0,11,55,38,0,104,0,0,0,104
02/03/2021,HPN,NY,AEA,EN,Towers with Radar,11,110,89,0,210,1,1,20,0,22,12,111,109,0,232,14,0,14,246
02/04/2021,HPN,NY,AEA,EN,Towers with Radar,17,90,82,0,189,0,11,77,0,88,17,101,159,0,277,22,0,22,299
02/05/2021,HPN,NY,AEA,EN,Towers with Radar,16,84,61,0,161,0,1,27,0,28,16,85,88,0,189,30,0,30,219
02/06/2021,HPN,NY,AEA,EN,Towers with Radar,11,111,60,0,182,0,1,114,0,115,11,112,174,0,297,70,0,70,367
02/07/2021,HPN,NY,AEA,EN,Towers with Radar,18,46,43,0,107,1,2,0,0,3,19,48,43,0,110,0,0,0,110
02/08/2021,HPN,NY,AEA,EN,Towers with Radar,22,94,79,0,195,0,7,89,0,96,22,101,168,0,291,54,0,54,345
02/09/2021,HPN,NY,AEA,EN,Towers with Radar,10,77,44,0,131,0,0,0,0,0,10,77,44,0,131,0,0,0,131
02/10/2021,HPN,NY,AEA,EN,Towers with Radar,15,121,112,0,248,0,7,105,0,112,15,128,217,0,360,44,0,44,404
02/11/2021,HPN,NY,AEA,EN,Towers with Radar,24,129,80,0,233,0,7,75,1,83,24,136,155,1,316,60,0,60,376
02/12/2021,HPN,NY,AEA,EN,Towers with Radar,21,136,89,0,246,1,10,67,0,78,22,146,156,0,324,48,0,48,372
02/13/2021,HPN,NY,AEA,EN,Towers with Radar,21,116,95,0,232,0,3,97,0,100,21,119,192,0,332,12,0,12,344
02/14/2021,HPN,NY,AEA,EN,Towers with Radar,19,106,38,0,163,0,3,44,0,47,19,109,82,0,210,0,0,0,210
02/15/2021,HPN,NY,AEA,EN,Towers with Radar,17,124,94,0,235,0,0,2,0,2,17,124,96,0,237,0,0,0,237
02/16/2021,HPN,NY,AEA,EN,Towers with Radar,20,120,66,0,206,0,3,15,0,18,20,123,81,0,224,28,0,28,252
02/17/2021,HPN,NY,AEA,EN,Towers with Radar,18,123,117,0,258,0,12,132,0,144,18,135,249,0,402,46,0,46,448
02/18/2021,HPN,NY,AEA,EN,Towers with Radar,9,53,41,0,103,0,0,0,0,0,9,53,41,0,103,0,0,0,103
02/19/2021,HPN,NY,AEA,EN,Towers with Radar,15,92,46,0,153,0,0,0,0,0,15,92,46,0,153,0,0,0,153
02/20/2021,HPN,NY,AEA,EN,Towers with Radar,22,131,94,0,247,0,2,71,0,73,22,133,165,0,320,28,0,28,348
02/21/2021,HPN,NY,AEA,EN,Towers with Radar,23,161,104,0,288,0,8,149,0,157,23,169,253,0,445,66,0,66,511
02/22/2021,HPN,NY,AEA,EN,Towers with Radar,18,84,65,0,167,1,2,19,0,22,19,86,84,0,189,62,0,62,251
02/23/2021,HPN,NY,AEA,EN,Towers with Radar,16,103,58,0,177,0,0,35,0,35,16,103,93,0,212,52,0,52,264
02/24/2021,HPN,NY,AEA,EN,Towers with Radar,14,97,64,0,175,0,8,101,0,109,14,105,165,0,284,16,0,16,300
02/25/2021,HPN,NY,AEA,EN,Towers with Radar,19,92,82,0,193,0,5,49,0,54,19,97,131,0,247,8,0,8,255
02/26/2021,HPN,NY,AEA,EN,Towers with Radar,18,112,80,0,210,0,8,139,0,147,18,120,219,0,357,30,0,30,387
02/27/2021,HPN,NY,AEA,EN,Towers with Radar,17,68,56,0,141,0,0,4,0,4,17,68,60,0,145,0,0,0,145
02/28/2021,HPN,NY,AEA,EN,Towers with Radar,17,138,117,0,272,0,0,46,0,46,17,138,163,0,318,33,0,33,351
03/01/2021,HPN,NY,AEA,EN,Towers with Radar,23,103,73,0,199,0,2,21,0,23,23,105,94,0,222,2,0,2,224
03/02/2021,HPN,NY,AEA,EN,Towers with Radar,18,70,55,0,143,1,8,29,0,38,19,78,84,0,181,2,0,2,183
03/03/2021,HPN,NY,AEA,EN,Towers with Radar,21,84,97,0,202,1,4,101,0,106,22,88,198,0,308,44,0,44,352
03/04/2021,HPN,NY,AEA,EN,Towers with Radar,24,93,91,0,208,0,10,30,0,40,24,103,121,0,248,0,0,0,248
03/05/2021,HPN,NY,AEA,EN,Towers with Radar,24,102,62,0,188,0,5,30,0,35,24,107,92,0,223,0,0,0,223
03/06/2021,HPN,NY,AEA,EN,Towers with Radar,24,93,68,0,185,0,4,30,0,34,24,97,98,0,219,0,0,0,219
03/07/2021,HPN,NY,AEA,EN,Towers with Radar,25,122,95,0,242,0,13,59,0,72,25,135,154,0,314,0,0,0,314
03/08/2021,HPN,NY,AEA,EN,Towers with Radar,28,90,47,0,165,0,6,40,0,46,28,96,87,0,211,0,0,0,211
03/09/2021,HPN,NY,AEA,EN,Towers with Radar,26,58,54,0,138,0,9,33,0,42,26,67,87,0,180,0,0,0,180
03/10/2021,HPN,NY,AEA,EN,Towers with Radar,26,104,67,0,197,0,8,44,0,52,26,112,111,0,249,0,0,0,249
03/11/2021,HPN,NY,AEA,EN,Towers with Radar,28,96,102,0,226,0,5,44,0,49,28,101,146,0,275,0,0,0,275
03/12/2021,HPN,NY,AEA,EN,Towers with Radar,27,154,115,0,296,0,7,35,0,42,27,161,150,0,338,0,0,0,338
03/13/2021,HPN,NY,AEA,EN,Towers with Radar,31,165,104,0,300,1,7,69,0,77,32,172,173,0,377,0,0,0,377
03/14/2021,HPN,NY,AEA,EN,Towers with Radar,28,144,93,0,265,0,4,35,0,39,28,148,128,0,304,0,0,0,304
03/15/2021,HPN,NY,AEA,EN,Towers with Radar,27,111,66,0,204,1,6,19,0,26,28,117,85,0,230,0,0,0,230
03/16/2021,HPN,NY,AEA,EN,Towers with Radar,28,81,80,0,189,0,13,20,0,33,28,94,100,0,222,0,0,0,222
03/17/2021,HPN,NY,AEA,EN,Towers with Radar,26,122,100,0,248,0,2,1,0,3,26,124,101,0,251,0,0,0,251
03/18/2021,HPN,NY,AEA,EN,Towers with Radar,28,113,99,0,240,0,0,0,0,0,28,113,99,0,240,0,0,0,240
03/19/2021,HPN,NY,AEA,EN,Towers with Radar,30,139,90,0,259,2,6,17,1,26,32,145,107,1,285,0,0,0,285
03/20/2021,HPN,NY,AEA,EN,Towers with Radar,26,145,110,2,283,0,8,83,0,91,26,153,193,2,374,0,0,0,374
03/21/2021,HPN,NY,AEA,EN,Towers with Radar,28,135,133,0,296,0,12,82,0,94,28,147,215,0,390,0,0,0,390
03/22/2021,HPN,NY,AEA,EN,Towers with Radar,28,104,82,0,214,0,41,64,0,105,28,145,146,0,319,84,0,84,403
03/23/2021,HPN,NY,AEA,EN,Towers with Radar,33,110,76,0,219,1,7,109,0,117,34,117,185,0,336,44,0,44,380
03/24/2021,HPN,NY,AEA,EN,Towers with Radar,30,126,102,0,258,0,1,14,0,15,30,127,116,0,273,0,0,0,273
03/25/2021,HPN,NY,AEA,EN,Towers with Radar,30,133,142,0,305,0,0,28,0,28,30,133,170,0,333,6,0,6,339
03/26/2021,HPN,NY,AEA,EN,Towers with Radar,36,102,85,0,223,1,0,18,0,19,37,102,103,0,242,6,0,6,248
03/27/2021,HPN,NY,AEA,EN,Towers with Radar,36,183,118,0,337,0,42,124,0,166,36,225,242,0,503,48,0,48,551
03/28/2021,HPN,NY,AEA,EN,Towers with Radar,34,140,105,0,279,0,0,1,0,1,34,140,106,0,280,0,0,0,280
03/29/2021,HPN,NY,AEA,EN,Towers with Radar,33,138,72,0,243,0,2,28,0,30,33,140,100,0,273,8,0,8,281
03/30/2021,HPN,NY,AEA,EN,Towers with Radar,32,113,104,0,249,0,69,95,0,164,32,182,199,0,413,102,0,102,515
03/31/2021,HPN,NY,AEA,EN,Towers with Radar,33,138,102,0,273,0,0,36,0,36,33,138,138,0,309,16,0,16,325
04/01/2021,HPN,NY,AEA,EN,Towers with Radar,33,158,98,0,289,0,3,17,0,20,33,161,115,0,309,0,0,0,309
04/02/2021,HPN,NY,AEA,EN,Towers with Radar,34,138,107,0,279,0,8,93,0,101,34,146,200,0,380,92,0,92,472
04/03/2021,HPN,NY,AEA,EN,Towers with Radar,34,114,93,0,241,0,13,178,0,191,34,127,271,0,432,30,0,30,462
04/04/2021,HPN,NY,AEA,EN,Towers with Radar,39,171,98,0,308,0,9,105,0,114,39,180,203,0,422,74,0,74,496
04/05/2021,HPN,NY,AEA,EN,Towers with Radar,39,134,115,0,288,0,8,74,0,82,39,142,189,0,370,26,0,26,396
04/06/2021,HPN,NY,AEA,EN,Towers with Radar,39,98,84,0,221,0,3,100,0,103,39,101,184,0,324,10,0,10,334
04/07/2021,HPN,NY,AEA,EN,Towers with Radar,34,118,76,0,228,0,72,35,0,107,34,190,111,0,335,52,0,52,387
04/08/2021,HPN,NY,AEA,EN,Towers with Radar,39,98,127,0,264,0,7,107,0,114,39,105,234,0,378,16,0,16,394
04/09/2021,HPN,NY,AEA,EN,Towers with Radar,41,140,114,0,295,0,4,62,0,66,41,144,176,0,361,24,0,24,385
04/10/2021,HPN,NY,AEA,EN,Towers with Radar,39,125,96,0,260,0,3,38,0,41,39,128,134,0,301,38,0,38,339
04/11/2021,HPN,NY,AEA,EN,Towers with Radar,29,144,90,0,263,0,0,0,0,0,29,144,90,0,263,0,0,0,263
04/12/2021,HPN,NY,AEA,EN,Towers with Radar,37,115,104,0,256,0,1,12,0,13,37,116,116,0,269,0,0,0,269
04/13/2021,HPN,NY,AEA,EN,Towers with Radar,33,89,77,0,199,0,1,128,0,129,33,90,205,0,328,74,0,74,402
04/14/2021,HPN,NY,AEA,EN,Towers with Radar,29,90,91,1,211,0,16,45,0,61,29,106,136,1,272,0,0,0,272
04/15/2021,HPN,NY,AEA,EN,Towers with Radar,36,99,105,0,240,0,0,0,0,0,36,99,105,0,240,0,0,0,240
04/16/2021,HPN,NY,AEA,EN,Towers with Radar,37,131,89,0,257,0,0,17,0,17,37,131,106,0,274,0,0,0,274
04/17/2021,HPN,NY,AEA,EN,Towers with Radar,45,116,78,0,239,0,5,65,0,70,45,121,143,0,309,0,0,0,309
04/18/2021,HPN,NY,AEA,EN,Towers with Radar,37,154,98,0,289,0,13,77,0,90,37,167,175,0,379,0,0,0,379
04/19/2021,HPN,NY,AEA,EN,Towers with Radar,37,95,90,0,222,0,7,50,0,57,37,102,140,0,279,0,0,0,279
04/20/2021,HPN,NY,AEA,EN,Towers with Radar,31,90,75,0,196,0,10,65,0,75,31,100,140,0,271,0,0,0,271
04/21/2021,HPN,NY,AEA,EN,Towers with Radar,29,94,81,1,205,0,4,13,0,17,29,98,94,1,222,0,0,0,222
04/22/2021,HPN,NY,AEA,EN,Towers with Radar,35,109,76,1,221,0,11,15,1,27,35,120,91,2,248,0,0,0,248
04/23/2021,HPN,NY,AEA,EN,Towers with Radar,33,103,80,0,216,0,19,43,0,62,33,122,123,0,278,0,0,0,278
04/24/2021,HPN,NY,AEA,EN,Towers with Radar,35,78,56,0,169,0,16,66,0,82,35,94,122,0,251,0,0,0,251
04/25/2021,HPN,NY,AEA,EN,Towers with Radar,33,149,116,0,298,0,6,14,1,21,33,155,130,1,319,0,0,0,319
04/26/2021,HPN,NY,AEA,EN,Towers with Radar,33,82,48,0,163,0,11,25,0,36,33,93,73,0,199,0,0,0,199
04/27/2021,HPN,NY,AEA,EN,Towers with Radar,31,90,77,0,198,0,12,44,0,56,31,102,121,0,254,0,0,0,254
04/28/2021,HPN,NY,AEA,EN,Towers with Radar,31,94,91,0,216,0,5,57,0,62,31,99,148,0,278,0,0,0,278
04/29/2021,HPN,NY,AEA,EN,Towers with Radar,38,115,111,0,264,0,0,31,0,31,38,115,142,0,295,16,0,16,311
04/30/2021,HPN,NY,AEA,EN,Towers with Radar,38,111,97,0,246,0,10,30,0,40,38,121,127,0,286,8,0,8,294
05/01/2021,HPN,NY,AEA,EN,Towers with Radar,31,107,67,0,205,0,8,106,2,116,31,115,173,2,321,44,0,44,365
05/02/2021,HPN,NY,AEA,EN,Towers with Radar,33,134,112,0,279,0,14,132,0,146,33,148,244,0,425,46,0,46,471
05/03/2021,HPN,NY,AEA,EN,Towers with Radar,37,104,103,0,244,0,5,70,0,75,37,109,173,0,319,78,0,78,397
05/04/2021,HPN,NY,AEA,EN,Towers with Radar,30,106,81,0,217,0,1,30,0,31,30,107,111,0,248,34,0,34,282
05/05/2021,HPN,NY,AEA,EN,Towers with Radar,32,104,89,0,225,0,0,1,0,1,32,104,90,0,226,0,0,0,226
05/06/2021,HPN,NY,AEA,EN,Towers with Radar,30,135,108,0,273,0,11,140,0,151,30,146,248,0,424,0,0,0,424
05/07/2021,HPN,NY,AEA,EN,Towers with Radar,41,126,68,0,235,0,20,129,0,149,41,146,197,0,384,10,0,10,394
05/08/2021,HPN,NY,AEA,EN,Towers with Radar,30,103,85,0,218,0,0,80,0,80,30,103,165,0,298,0,0,0,298
05/09/2021,HPN,NY,AEA,EN,Towers with Radar,35,137,81,0,253,0,8,104,0,112,35,145,185,0,365,42,0,42,407
05/10/2021,HPN,NY,AEA,EN,Towers with Radar,30,109,105,0,244,0,8,44,0,52,30,117,149,0,296,16,0,16,312
05/11/2021,HPN,NY,AEA,EN,Towers with Radar,29,107,82,0,218,0,41,57,0,98,29,148,139,0,316,42,0,42,358
05/12/2021,HPN,NY,AEA,EN,Towers with Radar,30,112,86,0,228,0,11,101,0,112,30,123,187,0,340,92,0,92,432
05/13/2021,HPN,NY,AEA,EN,Towers with Radar,35,148,108,0,291,0,11,139,1,151,35,159,247,1,442,36,0,36,478
05/14/2021,HPN,NY,AEA,EN,Towers with Radar,33,129,98,0,260,0,23,147,0,170,33,152,245,0,430,45,0,45,475
05/15/2021,HPN,NY,AEA,EN,Towers with Radar,28,104,86,0,218,0,7,162,0,169,28,111,248,0,387,48,0,48,435
05/16/2021,HPN,NY,AEA,EN,Towers with Radar,32,136,113,0,281,0,22,122,0,144,32,158,235,0,425,28,0,28,453
05/17/2021,HPN,NY,AEA,EN,Towers with Radar,30,121,96,0,247,0,15,102,0,117,30,136,198,0,364,83,0,83,447
05/18/2021,HPN,NY,AEA,EN,Towers with Radar,27,105,90,0,222,0,13,137,0,150,27,118,227,0,372,158,0,158,530
05/19/2021,HPN,NY,AEA,EN,Towers with Radar,28,106,101,0,235,0,20,114,1,135,28,126,215,1,370,76,0,76,446
05/20/2021,HPN,NY,AEA,EN,Towers with Radar,33,148,104,0,285,0,32,124,0,156,33,180,228,0,441,120,0,120,561
05/21/2021,HPN,NY,AEA,EN,Towers with Radar,34,126,86,0,246,0,16,162,1,179,34,142,248,1,425,0,0,0,425
05/22/2021,HPN,NY,AEA,EN,Towers with Radar,30,77,63,0,170,0,11,161,1,173,30,88,224,1,343,0,0,0,343
05/23/2021,HPN,NY,AEA,EN,Towers with Radar,31,123,102,0,256,0,18,128,0,146,31,141,230,0,402,36,0,36,438
05/24/2021,HPN,NY,AEA,EN,Towers with Radar,33,93,101,0,227,0,13,124,0,137,33,106,225,0,364,62,0,62,426
05/25/2021,HPN,NY,AEA,EN,Towers with Radar,29,76,93,1,199,0,23,45,1,69,29,99,138,2,268,0,0,0,268
05/26/2021,HPN,NY,AEA,EN,Towers with Radar,28,114,98,1,241,0,11,33,0,44,28,125,131,1,285,0,0,0,285
05/27/2021,HPN,NY,AEA,EN,Towers with Radar,39,158,141,0,338,0,52,86,1,139,39,210,227,1,477,0,0,0,477
05/28/2021,HPN,NY,AEA,EN,Towers with Radar,37,151,131,0,319,0,26,50,0,76,37,177,181,0,395,0,0,0,395
05/29/2021,HPN,NY,AEA,EN,Towers with Radar,32,92,57,0,181,0,0,0,0,0,32,92,57,0,181,0,0,0,181
05/30/2021,HPN,NY,AEA,EN,Towers with Radar,37,74,61,0,172,0,0,0,0,0,37,74,61,0,172,0,0,0,172
05/31/2021,HPN,NY,AEA,EN,Towers with Radar,36,196,196,0,428,0,17,61,1,79,36,213,257,1,507,0,0,0,507
06/01/2021,HPN,NY,AEA,EN,Towers with Radar,32,135,109,0,276,0,51,102,0,153,32,186,211,0,429,86,0,86,515
06/02/2021,HPN,NY,AEA,EN,Towers with Radar,32,99,96,0,227,0,17,141,1,159,32,116,237,1,386,6,0,6,392
06/03/2021,HPN,NY,AEA,EN,Towers with Radar,43,154,111,0,308,0,0,0,0,0,43,154,111,0,308,0,0,0,308
06/04/2021,HPN,NY,AEA,EN,Towers with Radar,40,150,107,0,297,0,10,34,0,44,40,160,141,0,341,0,0,0,341
06/05/2021,HPN,NY,AEA,EN,Towers with Radar,36,108,55,0,199,0,31,174,1,206,36,139,229,1,405,76,0,76,481
06/06/2021,HPN,NY,AEA,EN,Towers with Radar,45,122,82,0,249,0,36,171,0,207,45,158,253,0,456,34,0,34,490
06/07/2021,HPN,NY,AEA,EN,Towers with Radar,44,114,106,0,264,0,25,113,0,138,44,139,219,0,402,20,0,20,422
06/08/2021,HPN,NY,AEA,EN,Towers with Radar,35,101,85,0,221,0,8,71,0,79,35,109,156,0,300,34,0,34,334
06/09/2021,HPN,NY,AEA,EN,Towers with Radar,31,130,112,0,273,0,19,95,0,114,31,149,207,0,387,30,0,30,417
06/10/2021,HPN,NY,AEA,EN,Towers with Radar,35,150,136,0,321,0,38,148,1,187,35,188,284,1,508,14,0,14,522
06/11/2021,HPN,NY,AEA,EN,Towers with Radar,33,161,103,0,297,0,23,134,0,157,33,184,237,0,454,36,0,36,490
06/12/2021,HPN,NY,AEA,EN,Towers with Radar,28,122,103,0,253,0,3,79,0,82,28,125,182,0,335,20,0,20,355
06/13/2021,HPN,NY,AEA,EN,Towers with Radar,34,169,128,0,331,0,31,149,0,180,34,200,277,0,511,30,0,30,541
06/14/2021,HPN,NY,AEA,EN,Towers with Radar,37,170,85,0,292,0,3,28,0,31,37,173,113,0,323,44,0,44,367
06/15/2021,HPN,NY,AEA,EN,Towers with Radar,32,165,98,0,295,0,12,88,0,100,32,177,186,0,395,78,0,78,473
06/16/2021,HPN,NY,AEA,EN,Towers with Radar,28,135,113,0,276,0,23,169,0,192,28,158,282,0,468,52,0,52,520
06/17/2021,HPN,NY,AEA,EN,Towers with Radar,38,133,108,0,279,0,42,179,0,221,38,175,287,0,500,58,0,58,558
06/18/2021,HPN,NY,AEA,EN,Towers with Radar,36,156,84,0,276,0,49,173,0,222,36,205,257,0,498,46,0,46,544
06/19/2021,HPN,NY,AEA,EN,Towers with Radar,29,131,72,0,232,0,23,149,0,172,29,154,221,0,404,72,0,72,476
06/20/2021,HPN,NY,AEA,EN,Towers with Radar,33,183,108,0,324,0,45,189,0,234,33,228,297,0,558,50,0,50,608
06/21/2021,HPN,NY,AEA,EN,Towers with Radar,35,147,146,0,328,0,23,47,0,70,35,170,193,0,398,22,0,22,420
06/22/2021,HPN,NY,AEA,EN,Towers with Radar,28,142,123,0,293,0,11,40,0,51,28,153,163,0,344,78,0,78,422
06/23/2021,HPN,NY,AEA,EN,Towers with Radar,28,133,102,0,263,0,37,169,0,206,28,170,271,0,469,82,0,82,551
06/24/2021,HPN,NY,AEA,EN,Towers with Radar,70,138,113,0,321,0,50,178,0,228,70,188,291,0,549,66,0,66,615
06/25/2021,HPN,NY,AEA,EN,Towers with Radar,40,190,145,0,375,0,23,103,0,126,40,213,248,0,501,2,0,2,503
06/26/2021,HPN,NY,AEA,EN,Towers with Radar,35,177,116,0,328,0,5,68,0,73,35,182,184,0,401,18,0,18,419
06/27/2021,HPN,NY,AEA,EN,Towers with Radar,38,185,160,0,383,0,33,127,0,160,38,218,287,0,543,16,0,16,559
06/28/2021,HPN,NY,AEA,EN,Towers with Radar,39,143,102,0,284,0,46,150,2,198,39,189,252,2,482,8,0,8,490
06/29/2021,HPN,NY,AEA,EN,Towers with Radar,33,104,106,0,243,0,25,161,0,186,33,129,267,0,429,26,0,26,455
06/30/2021,HPN,NY,AEA,EN,Towers with Radar,27,143,100,0,270,0,39,119,0,158,27,182,219,0,428,40,0,40,468
07/01/2021,HPN,NY,AEA,EN,Towers with Radar,42,248,161,0,451,0,18,54,0,72,42,266,215,0,523,6,0,6,529
07/02/2021,HPN,NY,AEA,EN,Towers with Radar,40,184,137,0,361,0,1,32,0,33,40,185,169,0,394,2,0,2,396
07/03/2021,HPN,NY,AEA,EN,Towers with Radar,33,116,91,1,241,0,0,6,0,6,33,116,97,1,247,0,0,0,247
07/04/2021,HPN,NY,AEA,EN,Towers with Radar,32,83,63,0,178,0,5,54,0,59,32,88,117,0,237,26,0,26,263
07/05/2021,HPN,NY,AEA,EN,Towers with Radar,43,180,161,0,384,0,33,133,0,166,43,213,294,0,550,42,0,42,592
07/06/2021,HPN,NY,AEA,EN,Towers with Radar,29,138,107,0,274,0,40,96,1,137,29,178,203,1,411,6,0,6,417
07/07/2021,HPN,NY,AEA,EN,Towers with Radar,32,110,92,0,234,0,35,116,0,151,32,145,208,0,385,44,0,44,429
07/08/2021,HPN,NY,AEA,EN,Towers with Radar,47,162,114,0,323,0,1,20,0,21,47,163,134,0,344,12,0,12,356
07/09/2021,HPN,NY,AEA,EN,Towers with Radar,31,106,78,0,215,0,16,39,0,55,31,122,117,0,270,80,0,80,350
07/10/2021,HPN,NY,AEA,EN,Towers with Radar,33,140,110,0,283,0,9,156,0,165,33,149,266,0,448,56,0,56,504
07/11/2021,HPN,NY,AEA,EN,Towers with Radar,38,191,144,0,373,0,8,40,0,48,38,199,184,0,421,6,0,6,427
07/12/2021,HPN,NY,AEA,EN,Towers with Radar,36,168,137,0,341,0,1,5,0,6,36,169,142,0,347,0,0,0,347
07/13/2021,HPN,NY,AEA,EN,Towers with Radar,33,142,138,0,313,0,0,1,0,1,33,142,139,0,314,0,0,0,314
07/14/2021,HPN,NY,AEA,EN,Towers with Radar,29,133,108,0,270,0,8,51,0,59,29,141,159,0,329,70,0,70,399
07/15/2021,HPN,NY,AEA,EN,Towers with Radar,42,159,129,0,330,0,42,185,0,227,42,201,314,0,557,28,0,28,585
07/16/2021,HPN,NY,AEA,EN,Towers with Radar,40,138,114,0,292,0,39,165,0,204,40,177,279,0,496,30,0,30,526
07/17/2021,HPN,NY,AEA,EN,Towers with Radar,29,94,88,0,211,0,9,83,0,92,29,103,171,0,303,28,0,28,331
07/18/2021,HPN,NY,AEA,EN,Towers with Radar,38,170,161,0,369,0,27,49,0,76,38,197,210,0,445,20,0,20,465
07/19/2021,HPN,NY,AEA,EN,Towers with Radar,39,196,132,0,367,0,15,87,0,102,39,211,219,0,469,56,0,56,525
07/20/2021,HPN,NY,AEA,EN,Towers with Radar,33,145,127,0,305,0,26,98,0,124,33,171,225,0,429,112,0,112,541
07/21/2021,HPN,NY,AEA,EN,Towers with Radar,34,127,97,0,258,0,28,98,4,130,34,155,195,4,388,26,0,26,414
07/22/2021,HPN,NY,AEA,EN,Towers with Radar,39,175,113,0,327,0,61,185,0,246,39,236,298,0,573,80,0,80,653
07/23/2021,HPN,NY,AEA,EN,Towers with Radar,40,150,113,0,303,0,53,188,0,241,40,203,301,0,544,34,0,34,578
07/24/2021,HPN,NY,AEA,EN,Towers with Radar,32,113,70,0,215,0,40,165,0,205,32,153,235,0,420,86,0,86,506
07/25/2021,HPN,NY,AEA,EN,Towers with Radar,40,251,140,0,431,0,18,43,0,61,40,269,183,0,492,34,0,34,526
07/26/2021,HPN,NY,AEA,EN,Towers with Radar,38,161,126,0,325,0,48,168,4,220,38,209,294,4,545,84,0,84,629
07/27/2021,HPN,NY,AEA,EN,Towers with Radar,30,144,94,0,268,0,72,100,0,172,30,216,194,0,440,36,0,36,476
07/28/2021,HPN,NY,AEA,EN,Towers with Radar,31,153,119,0,303,0,28,105,0,133,31,181,224,0,436,22,0,22,458
07/29/2021,HPN,NY,AEA,EN,Towers with Radar,42,233,135,0,410,0,9,47,0,56,42,242,182,0,466,0,0,0,466
07/30/2021,HPN,NY,AEA,EN,Towers with Radar,40,176,106,0,322,0,56,115,0,171,40,232,221,0,493,4,0,4,497
07/31/2021,HPN,NY,AEA,EN,Towers with Radar,32,93,69,0,194,0,43,143,0,186,32,136,212,0,380,0,0,0,380
08/01/2021,HPN,NY,AEA,EN,Towers with Radar,46,150,145,0,341,0,60,207,1,268,46,210,352,1,609,22,0,22,631
08/02/2021,HPN,NY,AEA,EN,Towers with Radar,43,149,116,0,308,0,58,183,0,241,43,207,299,0,549,54,0,54,603
08/03/2021,HPN,NY,AEA,EN,Towers with Radar,34,130,93,0,257,0,37,173,2,212,34,167,266,2,469,54,0,54,523
08/04/2021,HPN,NY,AEA,EN,Towers with Radar,34,160,97,0,291,0,28,145,0,173,34,188,242,0,464,96,0,96,560
08/05/2021,HPN,NY,AEA,EN,Towers with Radar,45,178,152,0,375,0,16,104,0,120,45,194,256,0,495,100,0,100,595
08/06/2021,HPN,NY,AEA,EN,Towers with Radar,43,143,105,0,291,0,68,235,0,303,43,211,340,0,594,44,0,44,638
08/07/2021,HPN,NY,AEA,EN,Towers with Radar,32,141,123,0,296,0,35,171,1,207,32,176,294,1,503,30,0,30,533
08/08/2021,HPN,NY,AEA,EN,Towers with Radar,51,205,135,0,391,0,34,114,0,148,51,239,249,0,539,26,0,26,565
08/09/2021,HPN,NY,AEA,EN,Towers with Radar,42,168,118,0,328,0,6,51,1,58,42,174,169,1,386,34,0,34,420
08/10/2021,HPN,NY,AEA,EN,Towers with Radar,31,147,141,0,319,0,1,24,0,25,31,148,165,0,344,44,0,44,388
08/11/2021,HPN,NY,AEA,EN,Towers with Radar,32,123,96,0,251,0,18,106,0,124,32,141,202,0,375,42,0,42,417
08/12/2021,HPN,NY,AEA,EN,Towers with Radar,47,162,110,0,319,0,51,166,0,217,47,213,276,0,536,60,0,60,596
08/13/2021,HPN,NY,AEA,EN,Towers with Radar,46,156,80,0,282,0,55,149,0,204,46,211,229,0,486,34,0,34,520
08/14/2021,HPN,NY,AEA,EN,Towers with Radar,28,112,96,0,236,0,28,101,0,129,28,140,197,0,365,22,0,22,387
08/15/2021,HPN,NY,AEA,EN,Towers with Radar,45,164,134,0,343,0,50,152,0,202,45,214,286,0,545,10,0,10,555
08/16/2021,HPN,NY,AEA,EN,Towers with Radar,48,149,103,0,300,0,44,179,0,223,48,193,282,0,523,30,0,30,553
08/17/2021,HPN,NY,AEA,EN,Towers with Radar,37,126,101,0,264,0,25,132,0,157,37,151,233,0,421,56,0,56,477
08/18/2021,HPN,NY,AEA,EN,Towers with Radar,33,177,113,0,323,0,5,37,0,42,33,182,150,0,365,0,0,0,365
08/19/2021,HPN,NY,AEA,EN,Towers with Radar,45,189,127,0,361,0,10,68,0,78,45,199,195,0,439,52,0,52,491
08/20/2021,HPN,NY,AEA,EN,Towers with Radar,48,147,144,0,339,0,30,130,0,160,48,177,274,0,499,118,0,118,617
08/21/2021,HPN,NY,AEA,EN,Towers with Radar,37,230,169,0,436,0,19,75,0,94,37,249,244,0,530,6,0,6,536
08/22/2021,HPN,NY,AEA,EN,Towers with Radar,29,45,17,0,91,0,0,0,0,0,29,45,17,0,91,0,0,0,91
08/23/2021,HPN,NY,AEA,EN,Towers with Radar,49,181,113,0,343,0,4,10,0,14,49,185,123,0,357,10,0,10,367
08/24/2021,HPN,NY,AEA,EN,Towers with Radar,40,141,115,0,296,0,40,181,0,221,40,181,296,0,517,18,0,18,535
08/25/2021,HPN,NY,AEA,EN,Towers with Radar,35,160,83,0,278,0,38,175,0,213,35,198,258,0,491,36,0,36,527
08/26/2021,HPN,NY,AEA,EN,Towers with Radar,51,155,94,0,300,0,39,169,0,208,51,194,263,0,508,42,0,42,550
08/27/2021,HPN,NY,AEA,EN,Towers with Radar,49,154,86,0,289,0,46,127,0,173,49,200,213,0,462,0,0,0,462
08/28/2021,HPN,NY,AEA,EN,Towers with Radar,36,126,89,0,251,0,8,62,0,70,36,134,151,0,321,16,0,16,337
08/29/2021,HPN,NY,AEA,EN,Towers with Radar,53,216,162,0,431,0,3,39,0,42,53,219,201,0,473,0,0,0,473
08/30/2021,HPN,NY,AEA,EN,Towers with Radar,44,175,95,0,314,0,5,54,0,59,44,180,149,0,373,26,0,26,399
08/31/2021,HPN,NY,AEA,EN,Towers with Radar,38,119,123,0,280,0,29,198,2,229,38,148,321,2,509,44,0,44,553
09/01/2021,HPN,NY,AEA,EN,Towers with Radar,30,113,87,0,230,0,1,5,0,6,30,114,92,0,236,0,0,0,236
09/02/2021,HPN,NY,AEA,EN,Towers with Radar,52,207,144,0,403,0,51,148,0,199,52,258,292,0,602,2,0,2,604
09/03/2021,HPN,NY,AEA,EN,Towers with Radar,50,207,172,0,429,0,82,211,1,294,50,289,383,1,723,20,0,20,743
09/04/2021,HPN,NY,AEA,EN,Towers with Radar,41,113,98,0,252,0,29,226,0,255,41,142,324,0,507,94,0,94,601
09/05/2021,HPN,NY,AEA,EN,Towers with Radar,38,143,93,0,274,0,18,60,0,78,38,161,153,0,352,8,0,8,360
09/06/2021,HPN,NY,AEA,EN,Towers with Radar,50,172,137,0,359,0,67,149,0,216,50,239,286,0,575,22,0,22,597
09/07/2021,HPN,NY,AEA,EN,Towers with Radar,35,151,112,0,298,0,55,118,1,174,35,206,230,1,472,22,0,22,494
09/08/2021,HPN,NY,AEA,EN,Towers with Radar,35,104,86,0,225,0,21,97,0,118,35,125,183,0,343,0,0,0,343
09/09/2021,HPN,NY,AEA,EN,Towers with Radar,50,158,149,0,357,0,2,10,0,12,50,160,159,0,369,0,0,0,369
09/10/2021,HPN,NY,AEA,EN,Towers with Radar,46,140,110,0,296,0,32,148,0,180,46,172,258,0,476,3,0,3,479
09/11/2021,HPN,NY,AEA,EN,Towers with Radar,36,107,82,0,225,0,16,136,0,152,36,123,218,0,377,0,0,0,377
09/12/2021,HPN,NY,AEA,EN,Towers with Radar,52,193,116,0,361,0,37,138,0,175,52,230,254,0,536,0,0,0,536
09/13/2021,HPN,NY,AEA,EN,Towers with Radar,50,117,93,0,260,0,27,144,0,171,50,144,237,0,431,32,0,32,463
09/14/2021,HPN,NY,AEA,EN,Towers with Radar,41,91,72,0,204,0,18,153,0,171,41,109,225,0,375,40,0,40,415
09/15/2021,HPN,NY,AEA,EN,Towers with Radar,36,126,95,0,257,0,13,89,0,102,36,139,184,0,359,74,0,74,433
09/16/2021,HPN,NY,AEA,EN,Towers with Radar,50,161,149,0,360,0,10,64,4,78,50,171,213,4,438,50,0,50,488
09/17/2021,HPN,NY,AEA,EN,Towers with Radar,52,175,166,0,393,0,0,15,0,15,52,175,181,0,408,2,0,2,410
09/18/2021,HPN,NY,AEA,EN,Towers with Radar,37,104,94,0,235,0,12,152,0,164,37,116,246,0,399,98,0,98,497
09/19/2021,HPN,NY,AEA,EN,Towers with Radar,52,151,113,0,316,0,53,245,1,299,52,204,358,1,615,66,0,66,681
09/20/2021,HPN,NY,AEA,EN,Towers with Radar,65,108,108,1,282,0,25,157,0,182,65,133,265,1,464,0,0,0,464
09/21/2021,HPN,NY,AEA,EN,Towers with Radar,43,137,116,0,296,0,16,90,4,110,43,153,206,4,406,24,0,24,430
09/22/2021,HPN,NY,AEA,EN,Towers with Radar,39,157,124,2,322,0,8,50,0,58,39,165,174,2,380,6,0,6,386
09/23/2021,HPN,NY,AEA,EN,Towers with Radar,33,159,160,0,352,0,4,22,0,26,33,163,182,0,378,4,0,4,382
09/24/2021,HPN,NY,AEA,EN,Towers with Radar,43,229,149,0,421,0,29,159,0,188,43,258,308,0,609,48,0,48,657
09/25/2021,HPN,NY,AEA,EN,Towers with Radar,35,107,76,0,218,0,18,175,0,193,35,125,251,0,411,74,0,74,485
09/26/2021,HPN,NY,AEA,EN,Towers with Radar,47,212,152,0,411,0,36,217,0,253,47,248,369,0,664,50,0,50,714
09/27/2021,HPN,NY,AEA,EN,Towers with Radar,45,134,77,0,256,0,18,138,2,158,45,152,215,2,414,29,0,29,443
09/28/2021,HPN,NY,AEA,EN,Towers with Radar,43,115,91,0,249,0,11,74,0,85,43,126,165,0,334,16,0,16,350
09/29/2021,HPN,NY,AEA,EN,Towers with Radar,36,125,104,0,265,0,17,120,0,137,36,142,224,0,402,0,0,0,402
09/30/2021,HPN,NY,AEA,EN,Towers with Radar,53,129,131,0,313,0,20,101,0,121,53,149,232,0,434,0,0,0,434
10/01/2021,HPN,NY,AEA,EN,Towers with Radar,48,151,139,0,338,0,22,164,1,187,48,173,303,1,525,58,0,58,583
10/02/2021,HPN,NY,AEA,EN,Towers with Radar,39,101,78,0,218,0,18,171,0,189,39,119,249,0,407,144,0,144,551
10/03/2021,HPN,NY,AEA,EN,Towers with Radar,50,200,158,0,408,0,23,182,0,205,50,223,340,0,613,104,0,104,717
10/04/2021,HPN,NY,AEA,EN,Towers with Radar,49,133,123,0,305,0,0,0,0,0,49,133,123,0,305,0,0,0,305
10/05/2021,HPN,NY,AEA,EN,Towers with Radar,40,157,146,0,343,0,1,26,0,27,40,158,172,0,370,0,0,0,370
10/06/2021,HPN,NY,AEA,EN,Towers with Radar,35,132,123,0,290,0,9,95,0,104,35,141,218,0,394,84,0,84,478
10/07/2021,HPN,NY,AEA,EN,Towers with Radar,50,132,143,0,325,0,29,131,0,160,50,161,274,0,485,60,0,60,545
10/08/2021,HPN,NY,AEA,EN,Towers with Radar,53,180,158,0,391,0,36,215,0,251,53,216,373,0,642,40,0,40,682
10/09/2021,HPN,NY,AEA,EN,Towers with Radar,36,120,112,0,268,0,1,25,0,26,36,121,137,0,294,24,0,24,318
10/10/2021,HPN,NY,AEA,EN,Towers with Radar,55,157,149,0,361,0,0,5,0,5,55,157,154,0,366,0,0,0,366
10/11/2021,HPN,NY,AEA,EN,Towers with Radar,51,167,130,0,348,0,32,126,0,158,51,199,256,0,506,0,0,0,506
10/12/2021,HPN,NY,AEA,EN,Towers with Radar,48,121,101,0,270,0,18,111,0,129,48,139,212,0,399,8,0,8,407
10/13/2021,HPN,NY,AEA,EN,Towers with Radar,46,140,123,0,309,0,2,38,0,40,46,142,161,0,349,0,0,0,349
10/14/2021,HPN,NY,AEA,EN,Towers with Radar,53,136,110,0,299,0,15,149,0,164,53,151,259,0,463,18,0,18,481
10/15/2021,HPN,NY,AEA,EN,Towers with Radar,49,157,122,0,328,0,17,189,0,206,49,174,311,0,534,70,0,70,604
10/16/2021,HPN,NY,AEA,EN,Towers with Radar,35,95,69,0,199,0,1,62,0,63,35,96,131,0,262,34,0,34,296
10/17/2021,HPN,NY,AEA,EN,Towers with Radar,54,173,127,0,354,0,23,161,0,184,54,196,288,0,538,46,0,46,584
10/18/2021,HPN,NY,AEA,EN,Towers with Radar,50,143,117,0,310,0,12,73,1,86,50,155,190,1,396,28,0,28,424
10/19/2021,HPN,NY,AEA,EN,Towers with Radar,42,114,113,0,269,0,17,94,0,111,42,131,207,0,380,12,0,12,392
10/20/2021,HPN,NY,AEA,EN,Towers with Radar,41,154,133,0,328,0,18,103,0,121,41,172,236,0,449,36,0,36,485
10/21/2021,HPN,NY,AEA,EN,Towers with Radar,60,156,143,0,359,0,12,146,0,158,60,168,289,0,517,36,0,36,553
10/22/2021,HPN,NY,AEA,EN,Towers with Radar,51,157,111,2,321,0,16,118,0,134,51,173,229,2,455,24,0,24,479
10/23/2021,HPN,NY,AEA,EN,Towers with Radar,36,122,90,0,248,0,6,135,0,141,36,128,225,0,389,32,0,32,421
10/24/2021,HPN,NY,AEA,EN,Towers with Radar,48,192,133,0,373,0,13,160,0,173,48,205,293,0,546,206,0,206,752
10/25/2021,HPN,NY,AEA,EN,Towers with Radar,47,165,146,0,358,0,3,42,0,45,47,168,188,0,403,0,0,0,403
10/26/2021,HPN,NY,AEA,EN,Towers with Radar,46,96,94,0,236,0,0,2,0,2,46,96,96,0,238,0,0,0,238
10/27/2021,HPN,NY,AEA,EN,Towers with Radar,41,123,103,1,268,0,2,29,3,34,41,125,132,4,302,2,0,2,304
10/28/2021,HPN,NY,AEA,EN,Towers with Radar,51,131,126,0,308,0,10,151,0,161,51,141,277,0,469,26,0,26,495
10/29/2021,HPN,NY,AEA,EN,Towers with Radar,49,126,116,0,291,0,4,62,0,66,49,130,178,0,357,28,0,28,385
10/30/2021,HPN,NY,AEA,EN,Towers with Radar,37,89,75,0,201,0,1,4,0,5,37,90,79,0,206,0,0,0,206
10/31/2021,HPN,NY,AEA,EN,Towers with Radar,47,127,141,0,315,0,19,80,0,99,47,146,221,0,414,42,0,42,456
11/01/2021,HPN,NY,AEA,EN,Towers with Radar,52,117,94,0,263,0,10,125,1,136,52,127,219,1,399,36,0,36,435
11/02/2021,HPN,NY,AEA,EN,Towers with Radar,51,82,74,0,207,0,4,101,0,105,51,86,175,0,312,46,0,46,358
11/03/2021,HPN,NY,AEA,EN,Towers with Radar,54,118,90,0,262,0,13,147,0,160,54,131,237,0,422,50,0,50,472
11/04/2021,HPN,NY,AEA,EN,Towers with Radar,60,141,101,0,302,0,14,112,0,126,60,155,213,0,428,58,0,58,486
11/05/2021,HPN,NY,AEA,EN,Towers with Radar,60,122,130,0,312,0,13,178,0,191,60,135,308,0,503,32,0,32,535
11/06/2021,HPN,NY,AEA,EN,Towers with Radar,47,109,93,0,249,0,7,171,0,178,47,116,264,0,427,74,0,74,501
11/07/2021,HPN,NY,AEA,EN,Towers with Radar,56,200,163,0,419,0,64,105,0,169,56,264,268,0,588,102,0,102,690
11/08/2021,HPN,NY,AEA,EN,Towers with Radar,59,114,105,0,278,0,14,132,0,146,59,128,237,0,424,6,0,6,430
11/09/2021,HPN,NY,AEA,EN,Towers with Radar,45,103,96,0,244,0,15,148,0,163,45,118,244,0,407,70,0,70,477
11/10/2021,HPN,NY,AEA,EN,Towers with Radar,54,125,103,0,282,0,11,121,1,133,54,136,224,1,415,20,0,20,435
11/11/2021,HPN,NY,AEA,EN,Towers with Radar,58,125,124,0,307,0,9,139,0,148,58,134,263,0,455,24,0,24,479
11/12/2021,HPN,NY,AEA,EN,Towers with Radar,62,145,97,0,304,0,5,49,0,54,62,150,146,0,358,56,0,56,414
11/13/2021,HPN,NY,AEA,EN,Towers with Radar,47,98,72,0,217,0,11,83,0,94,47,109,155,0,311,24,0,24,335
11/14/2021,HPN,NY,AEA,EN,Towers with Radar,57,181,120,0,358,0,20,173,0,193,57,201,293,0,551,56,0,56,607
11/15/2021,HPN,NY,AEA,EN,Towers with Radar,57,112,106,0,275,0,5,61,0,66,57,117,167,0,341,12,0,12,353
11/16/2021,HPN,NY,AEA,EN,Towers with Radar,48,131,97,0,276,0,18,112,0,130,48,149,209,0,406,8,0,8,414
11/17/2021,HPN,NY,AEA,EN,Towers with Radar,51,125,117,0,293,1,12,129,0,142,52,137,246,0,435,8,0,8,443
11/18/2021,HPN,NY,AEA,EN,Towers with Radar,65,146,124,0,335,0,11,145,0,156,65,157,269,0,491,0,0,0,491
11/19/2021,HPN,NY,AEA,EN,Towers with Radar,62,142,130,2,336,0,15,91,0,106,62,157,221,2,442,16,0,16,458
11/20/2021,HPN,NY,AEA,EN,Towers with Radar,40,132,110,1,283,1,81,108,0,190,41,213,218,1,473,122,0,122,595
11/21/2021,HPN,NY,AEA,EN,Towers with Radar,53,172,150,0,375,0,13,152,0,165,53,185,302,0,540,112,0,112,652
11/22/2021,HPN,NY,AEA,EN,Towers with Radar,53,121,111,0,285,0,3,63,0,66,53,124,174,0,351,0,0,0,351
11/23/2021,HPN,NY,AEA,EN,Towers with Radar,54,190,155,0,399,0,25,113,0,138,54,215,268,0,537,6,0,6,543
11/24/2021,HPN,NY,AEA,EN,Towers with Radar,56,190,125,0,371,0,52,150,0,202,56,242,275,0,573,34,0,34,607
11/25/2021,HPN,NY,AEA,EN,Towers with Radar,35,75,36,0,146,0,13,60,0,73,35,88,96,0,219,10,0,10,229
11/26/2021,HPN,NY,AEA,EN,Towers with Radar,54,119,74,0,247,0,2,17,0,19,54,121,91,0,266,0,0,0,266
11/27/2021,HPN,NY,AEA,EN,Towers with Radar,52,185,102,0,339,0,12,59,0,71,52,197,161,0,410,2,0,2,412
11/28/2021,HPN,NY,AEA,EN,Towers with Radar,60,262,212,0,534,0,48,61,0,109,60,310,273,0,643,0,0,0,643
11/29/2021,HPN,NY,AEA,EN,Towers with Radar,63,161,136,0,360,0,13,141,0,154,63,174,277,0,514,6,0,6,520
11/30/2021,HPN,NY,AEA,EN,Towers with Radar,50,136,98,0,284,0,4,86,3,93,50,140,184,3,377,26,0,26,403
12/01/2021,HPN,NY,AEA,EN,Towers with Radar,60,139,126,0,325,0,12,107,0,119,60,151,233,0,444,38,0,38,482
12/02/2021,HPN,NY,AEA,EN,Towers with Radar,66,130,108,0,304,0,7,128,0,135,66,137,236,0,439,6,0,6,445
12/03/2021,HPN,NY,AEA,EN,Towers with Radar,64,133,115,0,312,0,21,102,0,123,64,154,217,0,435,2,0,2,437
12/04/2021,HPN,NY,AEA,EN,Towers with Radar,49,116,68,0,233,0,32,119,0,151,49,148,187,0,384,6,0,6,390
12/05/2021,HPN,NY,AEA,EN,Towers with Radar,60,165,128,0,353,0,33,217,0,250,60,198,345,0,603,70,0,70,673
12/06/2021,HPN,NY,AEA,EN,Towers with Radar,59,150,110,0,319,0,0,8,0,8,59,150,118,0,327,0,0,0,327
12/07/2021,HPN,NY,AEA,EN,Towers with Radar,55,115,103,0,273,0,8,139,1,148,55,123,242,1,421,0,0,0,421
12/08/2021,HPN,NY,AEA,EN,Towers with Radar,57,130,102,1,290,0,1,44,0,45,57,131,146,1,335,6,0,6,341
12/09/2021,HPN,NY,AEA,EN,Towers with Radar,64,130,100,0,294,0,7,145,0,152,64,137,245,0,446,50,0,50,496
12/10/2021,HPN,NY,AEA,EN,Towers with Radar,64,146,125,0,335,0,11,108,0,119,64,157,233,0,454,4,0,4,458
12/11/2021,HPN,NY,AEA,EN,Towers with Radar,39,65,32,0,136,0,0,0,0,0,39,65,32,0,136,0,0,0,136
12/12/2021,HPN,NY,AEA,EN,Towers with Radar,61,126,94,1,282,1,10,100,0,111,62,136,194,1,393,30,0,30,423
12/13/2021,HPN,NY,AEA,EN,Towers with Radar,60,107,103,0,270,0,18,112,0,130,60,125,215,0,400,72,0,72,472
12/14/2021,HPN,NY,AEA,EN,Towers with Radar,54,101,105,0,260,0,5,103,0,108,54,106,208,0,368,46,0,46,414
12/15/2021,HPN,NY,AEA,EN,Towers with Radar,61,139,104,0,304,0,5,116,1,122,61,144,220,1,426,26,0,26,452
12/16/2021,HPN,NY,AEA,EN,Towers with Radar,59,157,133,0,349,0,11,108,0,119,59,168,241,0,468,4,0,4,472
12/17/2021,HPN,NY,AEA,EN,Towers with Radar,58,154,123,1,336,0,16,105,0,121,58,170,228,1,457,0,0,0,457
12/18/2021,HPN,NY,AEA,EN,Towers with Radar,44,170,100,0,314,0,2,1,0,3,44,172,101,0,317,0,0,0,317
12/19/2021,HPN,NY,AEA,EN,Towers with Radar,49,138,129,0,316,1,21,101,0,123,50,159,230,0,439,0,0,0,439
12/20/2021,HPN,NY,AEA,EN,Towers with Radar,58,146,83,0,287,0,6,110,4,120,58,152,193,4,407,0,0,0,407
12/21/2021,HPN,NY,AEA,EN,Towers with Radar,56,104,103,0,263,0,8,110,1,119,56,112,213,1,382,42,0,42,424
12/22/2021,HPN,NY,AEA,EN,Towers with Radar,60,142,122,4,328,0,10,47,0,57,60,152,169,4,385,0,0,0,385
12/23/2021,HPN,NY,AEA,EN,Towers with Radar,54,140,116,0,310,0,10,99,0,109,54,150,215,0,419,12,0,12,431
12/24/2021,HPN,NY,AEA,EN,Towers with Radar,43,107,95,0,245,0,2,23,0,25,43,109,118,0,270,8,0,8,278
12/25/2021,HPN,NY,AEA,EN,Towers with Radar,35,149,44,0,228,0,0,0,0,0,35,149,44,0,228,0,0,0,228
12/26/2021,HPN,NY,AEA,EN,Towers with Radar,47,180,163,0,390,0,11,119,1,131,47,191,282,1,521,2,0,2,523
12/27/2021,HPN,NY,AEA,EN,Towers with Radar,53,169,128,0,350,0,7,80,0,87,53,176,208,0,437,0,0,0,437
12/28/2021,HPN,NY,AEA,EN,Towers with Radar,52,137,84,0,273,0,4,74,0,78,52,141,158,0,351,2,0,2,353
12/29/2021,HPN,NY,AEA,EN,Towers with Radar,49,113,86,0,248,0,0,1,0,1,49,113,87,0,249,0,0,0,249
12/30/2021,HPN,NY,AEA,EN,Towers with Radar,54,120,76,0,250,0,1,5,0,6,54,121,81,0,256,0,0,0,256
12/31/2021,HPN,NY,AEA,EN,Towers with Radar,44,110,68,0,222,0,0,24,0,24,44,110,92,0,246,0,0,0,246
01/01/2022,HPN,NY,AEA,EN,Towers with Radar,28,103,69,0,200,0,0,0,0,0,28,103,69,0,200,0,0,0,200
01/02/2022,HPN,NY,AEA,EN,Towers with Radar,54,224,199,0,477,0,0,13,0,13,54,224,212,0,490,0,0,0,490
01/03/2022,HPN,NY,AEA,EN,Towers with Radar,47,192,114,0,353,0,6,58,0,64,47,198,172,0,417,4,0,4,421
01/04/2022,HPN,NY,AEA,EN,Towers with Radar,47,120,96,0,263,0,6,127,0,133,47,126,223,0,396,2,0,2,398
01/05/2022,HPN,NY,AEA,EN,Towers with Radar,64,91,67,0,222,0,0,1,0,1,64,91,68,0,223,0,0,0,223
01/06/2022,HPN,NY,AEA,EN,Towers with Radar,58,102,86,0,246,0,8,79,0,87,58,110,165,0,333,2,0,2,335
01/07/2022,HPN,NY,AEA,EN,Towers with Radar,61,74,39,0,174,0,2,24,0,26,61,76,63,0,200,0,0,0,200
01/08/2022,HPN,NY,AEA,EN,Towers with Radar,50,113,89,0,252,0,6,128,0,134,50,119,217,0,386,98,0,98,484
01/09/2022,HPN,NY,AEA,EN,Towers with Radar,65,119,94,0,278,0,0,4,0,4,65,119,98,0,282,0,0,0,282
01/10/2022,HPN,NY,AEA,EN,Towers with Radar,66,101,43,2,212,0,0,44,0,44,66,101,87,2,256,24,0,24,280
01/11/2022,HPN,NY,AEA,EN,Towers with Radar,65,70,61,0,196,0,7,75,0,82,65,77,136,0,278,48,0,48,326
01/12/2022,HPN,NY,AEA,EN,Towers with Radar,60,100,66,0,226,0,8,101,0,109,60,108,167,0,335,26,0,26,361
01/13/2022,HPN,NY,AEA,EN,Towers with Radar,69,147,110,4,330,0,5,104,0,109,69,152,214,4,439,46,0,46,485
01/14/2022,HPN,NY,AEA,EN,Towers with Radar,70,122,105,0,297,0,10,67,0,77,70,132,172,0,374,4,0,4,378
01/15/2022,HPN,NY,AEA,EN,Towers with Radar,55,93,54,0,202,0,8,80,0,88,55,101,134,0,290,46,0,46,336
01/16/2022,HPN,NY,AEA,EN,Towers with Radar,43,81,57,0,181,0,3,122,0,125,43,84,179,0,306,60,0,60,366
01/17/2022,HPN,NY,AEA,EN,Towers with Radar,63,141,96,0,300,0,0,10,0,10,63,141,106,0,310,0,0,0,310
01/18/2022,HPN,NY,AEA,EN,Towers with Radar,70,108,93,0,271,0,8,52,0,60,70,116,145,0,331,8,0,8,339
01/19/2022,HPN,NY,AEA,EN,Towers with Radar,64,86,86,0,236,0,7,96,0,103,64,93,182,0,339,74,0,74,413
01/20/2022,HPN,NY,AEA,EN,Towers with Radar,68,99,64,0,231,0,5,45,0,50,68,104,109,0,281,0,0,0,281
01/21/2022,HPN,NY,AEA,EN,Towers with Radar,65,101,68,2,236,0,7,77,0,84,65,108,145,2,320,20,0,20,340
01/22/2022,HPN,NY,AEA,EN,Towers with Radar,60,83,46,0,189,0,4,90,0,94,60,87,136,0,283,46,0,46,329
01/23/2022,HPN,NY,AEA,EN,Towers with Radar,64,137,87,1,289,0,6,99,1,106,64,143,186,2,395,24,0,24,419
01/24/2022,HPN,NY,AEA,EN,Towers with Radar,67,92,63,0,222,0,0,72,0,72,67,92,135,0,294,32,0,32,326
01/25/2022,HPN,NY,AEA,EN,Towers with Radar,62,92,65,0,219,0,2,63,1,66,62,94,128,1,285,62,0,62,347
01/26/2022,HPN,NY,AEA,EN,Towers with Radar,68,79,83,0,230,0,6,90,0,96,68,85,173,0,326,10,0,10,336
01/27/2022,HPN,NY,AEA,EN,Towers with Radar,71,128,112,0,311,0,6,128,0,134,71,134,240,0,445,38,0,38,483
01/28/2022,HPN,NY,AEA,EN,Towers with Radar,58,129,86,0,273,0,3,16,0,19,58,132,102,0,292,12,0,12,304
01/29/2022,HPN,NY,AEA,EN,Towers with Radar,6,15,15,0,36,0,0,0,0,0,6,15,15,0,36,0,0,0,36
01/30/2022,HPN,NY,AEA,EN,Towers with Radar,42,177,109,0,328,0,6,79,0,85,42,183,188,0,413,32,0,32,445
01/31/2022,HPN,NY,AEA,EN,Towers with Radar,51,116,81,0,248,0,11,101,0,112,51,127,182,0,360,20,0,20,380
02/01/2022,HPN,NY,AEA,EN,Towers with Radar,63,118,104,0,285,0,6,84,0,90,63,124,188,0,375,16,0,16,391
02/02/2022,HPN,NY,AEA,EN,Towers with Radar,58,95,97,0,250,0,1,34,0,35,58,96,131,0,285,2,0,2,287
02/03/2022,HPN,NY,AEA,EN,Towers with Radar,54,126,70,0,250,0,0,0,0,0,54,126,70,0,250,6,0,6,256
02/04/2022,HPN,NY,AEA,EN,Towers with Radar,33,65,23,0,121,0,0,0,0,0,33,65,23,0,121,0,0,0,121
02/05/2022,HPN,NY,AEA,EN,Towers with Radar,54,103,54,0,211,0,0,45,0,45,54,103,99,0,256,26,0,26,282
02/06/2022,HPN,NY,AEA,EN,Towers with Radar,60,131,88,0,279,0,7,125,0,132,60,138,213,0,411,26,0,26,437
02/07/2022,HPN,NY,AEA,EN,Towers with Radar,63,104,61,0,228,0,0,0,0,0,63,104,61,0,228,0,0,0,228
02/08/2022,HPN,NY,AEA,EN,Towers with Radar,59,103,85,0,247,0,2,78,0,80,59,105,163,0,327,54,0,54,381
02/09/2022,HPN,NY,AEA,EN,Towers with Radar,60,124,108,0,292,0,8,173,3,184,60,132,281,3,476,32,0,32,508
02/10/2022,HPN,NY,AEA,EN,Towers with Radar,63,128,91,0,282,0,4,64,0,68,63,132,155,0,350,4,0,4,354
02/11/2022,HPN,NY,AEA,EN,Towers with Radar,64,131,91,0,286,0,8,132,0,140,64,139,223,0,426,36,0,36,462
02/12/2022,HPN,NY,AEA,EN,Towers with Radar,53,68,68,0,189,0,3,151,0,154,53,71,219,0,343,18,0,18,361
02/13/2022,HPN,NY,AEA,EN,Towers with Radar,58,109,90,0,257,0,1,9,0,10,58,110,99,0,267,0,0,0,267
02/14/2022,HPN,NY,AEA,EN,Towers with Radar,62,93,47,0,202,0,7,35,0,42,62,100,82,0,244,8,0,8,252
02/15/2022,HPN,NY,AEA,EN,Towers with Radar,57,100,95,0,252,0,5,121,0,126,57,105,216,0,378,6,0,6,384
02/16/2022,HPN,NY,AEA,EN,Towers with Radar,61,161,121,0,343,0,6,97,0,103,61,167,218,0,446,42,0,42,488
02/17/2022,HPN,NY,AEA,EN,Towers with Radar,64,193,136,0,393,0,5,43,0,48,64,198,179,0,441,0,0,0,441
02/18/2022,HPN,NY,AEA,EN,Towers with Radar,70,205,136,0,411,0,10,23,0,33,70,215,159,0,444,2,0,2,446
02/19/2022,HPN,NY,AEA,EN,Towers with Radar,54,119,96,0,269,0,2,46,0,48,54,121,142,0,317,18,0,18,335
02/20/2022,HPN,NY,AEA,EN,Towers with Radar,64,113,92,0,269,0,8,143,1,152,64,121,235,1,421,10,0,10,431
02/21/2022,HPN,NY,AEA,EN,Towers with Radar,66,213,162,0,441,0,14,154,0,168,66,227,316,0,609,46,0,46,655
02/22/2022,HPN,NY,AEA,EN,Towers with Radar,67,169,112,0,348,0,0,2,0,2,67,169,114,0,350,2,0,2,352
02/23/2022,HPN,NY,AEA,EN,Towers with Radar,64,131,97,0,292,0,2,60,0,62,64,133,157,0,354,28,0,28,382
02/24/2022,HPN,NY,AEA,EN,Towers with Radar,65,138,89,0,292,0,3,91,0,94,65,141,180,0,386,80,0,80,466
02/25/2022,HPN,NY,AEA,EN,Towers with Radar,52,83,52,0,187,0,0,3,0,3,52,83,55,0,190,0,0,0,190
02/26/2022,HPN,NY,AEA,EN,Towers with Radar,55,124,112,0,291,0,5,147,0,152,55,129,259,0,443,100,0,100,543
02/27/2022,HPN,NY,AEA,EN,Towers with Radar,59,189,144,0,392,0,6,111,0,117,59,195,255,0,509,0,0,0,509
02/28/2022,HPN,NY,AEA,EN,Towers with Radar,60,112,83,0,255,0,6,90,0,96,60,118,173,0,351,0,0,0,351
03/01/2022,HPN,NY,AEA,EN,Towers with Radar,59,120,98,0,277,0,22,53,0,75,59,142,151,0,352,52,0,52,404
03/02/2022,HPN,NY,AEA,EN,Towers with Radar,55,106,91,0,252,0,20,133,2,155,55,126,224,2,407,27,0,27,434
03/03/2022,HPN,NY,AEA,EN,Towers with Radar,64,102,87,0,253,0,3,63,0,66,64,105,150,0,319,0,0,0,319
03/04/2022,HPN,NY,AEA,EN,Towers with Radar,66,113,87,0,266,0,12,149,0,161,66,125,236,0,427,6,0,6,433
03/05/2022,HPN,NY,AEA,EN,Towers with Radar,52,102,86,0,240,0,4,148,0,152,52,106,234,0,392,8,0,8,400
03/06/2022,HPN,NY,AEA,EN,Towers with Radar,61,140,136,0,337,0,4,15,0,19,61,144,151,0,356,0,0,0,356
03/07/2022,HPN,NY,AEA,EN,Towers with Radar,62,104,76,0,242,0,5,37,0,42,62,109,113,0,284,0,0,0,284
03/08/2022,HPN,NY,AEA,EN,Towers with Radar,61,121,92,0,274,0,5,47,0,52,61,126,139,0,326,0,0,0,326
03/09/2022,HPN,NY,AEA,EN,Towers with Radar,59,98,65,0,222,0,1,4,0,5,59,99,69,0,227,0,0,0,227
03/10/2022,HPN,NY,AEA,EN,Towers with Radar,61,119,115,0,295,0,3,101,0,104,61,122,216,0,399,40,0,40,439
03/11/2022,HPN,NY,AEA,EN,Towers with Radar,60,183,143,0,386,0,6,138,1,145,60,189,281,1,531,16,0,16,547
03/12/2022,HPN,NY,AEA,EN,Towers with Radar,40,118,69,0,227,0,0,1,0,1,40,118,70,0,228,0,0,0,228
03/13/2022,HPN,NY,AEA,EN,Towers with Radar,59,149,121,0,329,0,1,77,0,78,59,150,198,0,407,10,0,10,417
03/14/2022,HPN,NY,AEA,EN,Towers with Radar,59,133,94,0,286,0,4,90,4,98,59,137,184,4,384,12,0,12,396
03/15/2022,HPN,NY,AEA,EN,Towers with Radar,61,92,88,0,241,0,4,113,0,117,61,96,201,0,358,14,0,14,372
03/16/2022,HPN,NY,AEA,EN,Towers with Radar,64,109,99,0,272,0,0,127,0,127,64,109,226,0,399,0,0,0,399
03/17/2022,HPN,NY,AEA,EN,Towers with Radar,56,101,97,0,254,0,0,0,0,0,56,101,97,0,254,0,0,0,254
03/18/2022,HPN,NY,AEA,EN,Towers with Radar,68,161,119,0,348,0,5,117,0,122,68,166,236,0,470,16,0,16,486
03/19/2022,HPN,NY,AEA,EN,Towers with Radar,52,94,83,0,229,0,1,13,0,14,52,95,96,0,243,0,0,0,243
03/20/2022,HPN,NY,AEA,EN,Towers with Radar,58,172,127,0,357,0,3,120,0,123,58,175,247,0,480,26,0,26,506
03/21/2022,HPN,NY,AEA,EN,Towers with Radar,66,133,97,0,296,0,5,85,1,91,66,138,182,1,387,20,0,20,407
03/22/2022,HPN,NY,AEA,EN,Towers with Radar,66,98,90,0,254,0,5,96,0,101,66,103,186,0,355,28,0,28,383
03/23/2022,HPN,NY,AEA,EN,Towers with Radar,56,110,85,0,251,0,3,47,0,50,56,113,132,0,301,0,0,0,301
03/24/2022,HPN,NY,AEA,EN,Towers with Radar,60,114,77,0,251,0,0,0,0,0,60,114,77,0,251,0,0,0,251
03/25/2022,HPN,NY,AEA,EN,Towers with Radar,69,147,87,0,303,0,3,148,0,151,69,150,235,0,454,76,0,76,530
03/26/2022,HPN,NY,AEA,EN,Towers with Radar,49,137,92,0,278,0,4,83,0,87,49,141,175,0,365,16,0,16,381
03/27/2022,HPN,NY,AEA,EN,Towers with Radar,63,242,138,0,443,0,19,37,0,56,63,261,175,0,499,0,0,0,499
03/28/2022,HPN,NY,AEA,EN,Towers with Radar,67,147,93,0,307,0,1,23,0,24,67,148,116,0,331,6,0,6,337
03/29/2022,HPN,NY,AEA,EN,Towers with Radar,63,92,78,0,233,0,9,62,0,71,63,101,140,0,304,0,0,0,304
03/30/2022,HPN,NY,AEA,EN,Towers with Radar,65,126,113,0,304,0,9,140,1,150,65,135,253,1,454,0,0,0,454
03/31/2022,HPN,NY,AEA,EN,Towers with Radar,62,118,76,0,256,0,0,6,0,6,62,118,82,0,262,0,0,0,262
04/01/2022,HPN,NY,AEA,EN,Towers with Radar,60,144,111,0,315,0,0,53,0,53,60,144,164,0,368,16,0,16,384
04/02/2022,HPN,NY,AEA,EN,Towers with Radar,41,92,66,0,199,0,4,164,0,168,41,96,230,0,367,18,0,18,385
04/03/2022,HPN,NY,AEA,EN,Towers with Radar,43,151,91,0,285,0,2,12,0,14,43,153,103,0,299,0,0,0,299
04/04/2022,HPN,NY,AEA,EN,Towers with Radar,52,100,95,0,247,0,5,131,2,138,52,105,226,2,385,48,0,48,433
04/05/2022,HPN,NY,AEA,EN,Towers with Radar,58,117,85,0,260,0,5,113,0,118,58,122,198,0,378,46,0,46,424
04/06/2022,HPN,NY,AEA,EN,Towers with Radar,61,117,126,0,304,0,0,0,0,0,61,117,126,0,304,0,0,0,304
04/07/2022,HPN,NY,AEA,EN,Towers with Radar,63,159,146,0,368,0,0,0,0,0,63,159,146,0,368,0,0,0,368
04/08/2022,HPN,NY,AEA,EN,Towers with Radar,51,182,150,0,383,0,5,105,0,110,51,187,255,0,493,24,0,24,517
04/09/2022,HPN,NY,AEA,EN,Towers with Radar,46,133,108,0,287,0,3,71,0,74,46,136,179,0,361,4,0,4,365
04/10/2022,HPN,NY,AEA,EN,Towers with Radar,53,206,190,0,449,0,5,112,0,117,53,211,302,0,566,16,0,16,582
04/11/2022,HPN,NY,AEA,EN,Towers with Radar,60,121,95,0,276,0,5,137,0,142,60,126,232,0,418,28,0,28,446
04/12/2022,HPN,NY,AEA,EN,Towers with Radar,60,116,99,0,275,0,5,89,0,94,60,121,188,0,369,18,0,18,387
04/13/2022,HPN,NY,AEA,EN,Towers with Radar,58,133,92,0,283,0,9,133,0,142,58,142,225,0,425,80,0,80,505
04/14/2022,HPN,NY,AEA,EN,Towers with Radar,61,163,119,0,343,0,7,63,0,70,61,170,182,0,413,0,0,0,413
04/15/2022,HPN,NY,AEA,EN,Towers with Radar,57,131,112,0,300,0,17,145,0,162,57,148,257,0,462,12,0,12,474
04/16/2022,HPN,NY,AEA,EN,Towers with Radar,44,113,81,0,238,0,3,102,0,105,44,116,183,0,343,18,0,18,361
04/17/2022,HPN,NY,AEA,EN,Towers with Radar,55,181,90,0,326,0,8,70,0,78,55,189,160,0,404,6,0,6,410
04/18/2022,HPN,NY,AEA,EN,Towers with Radar,56,156,129,0,341,0,9,95,0,104,56,165,224,0,445,8,0,8,453
04/19/2022,HPN,NY,AEA,EN,Towers with Radar,63,130,71,0,264,0,2,24,0,26,63,132,95,0,290,0,0,0,290
04/20/2022,HPN,NY,AEA,EN,Towers with Radar,63,114,107,0,284,0,12,128,0,140,63,126,235,0,424,12,0,12,436
04/21/2022,HPN,NY,AEA,EN,Towers with Radar,62,116,93,0,271,0,17,115,0,132,62,133,208,0,403,16,0,16,419
04/22/2022,HPN,NY,AEA,EN,Towers with Radar,67,113,109,0,289,0,29,161,0,190,67,142,270,0,479,4,0,4,483
04/23/2022,HPN,NY,AEA,EN,Towers with Radar,57,138,57,0,252,0,10,163,0,173,57,148,220,0,425,34,0,34,459
04/24/2022,HPN,NY,AEA,EN,Towers with Radar,61,177,147,1,386,0,23,189,0,212,61,200,336,1,598,14,0,14,612
04/25/2022,HPN,NY,AEA,EN,Towers with Radar,63,130,89,0,282,0,9,90,0,99,63,139,179,0,381,4,0,4,385
04/26/2022,HPN,NY,AEA,EN,Towers with Radar,65,142,111,0,318,0,0,1,0,1,65,142,112,0,319,0,0,0,319
04/27/2022,HPN,NY,AEA,EN,Towers with Radar,69,160,97,0,326,0,2,53,2,57,69,162,150,2,383,2,0,2,385
04/28/2022,HPN,NY,AEA,EN,Towers with Radar,65,189,131,0,385,0,3,70,0,73,65,192,201,0,458,0,0,0,458
04/29/2022,HPN,NY,AEA,EN,Towers with Radar,59,138,99,0,296,0,21,82,0,103,59,159,181,0,399,0,0,0,399
04/30/2022,HPN,NY,AEA,EN,Towers with Radar,55,108,86,0,249,0,8,191,0,199,55,116,277,0,448,34,0,34,482
05/01/2022,HPN,NY,AEA,EN,Towers with Radar,57,161,120,0,338,0,15,173,0,188,57,176,293,0,526,16,0,16,542
05/02/2022,HPN,NY,AEA,EN,Towers with Radar,67,128,92,0,287,0,1,2,0,3,67,129,94,0,290,0,0,0,290
05/03/2022,HPN,NY,AEA,EN,Towers with Radar,60,129,92,0,281,0,2,62,0,64,60,131,154,0,345,40,0,40,385
05/04/2022,HPN,NY,AEA,EN,Towers with Radar,64,127,119,0,310,0,3,12,0,15,64,130,131,0,325,0,0,0,325
05/05/2022,HPN,NY,AEA,EN,Towers with Radar,70,142,104,0,316,0,17,220,0,237,70,159,324,0,553,112,0,112,665
05/06/2022,HPN,NY,AEA,EN,Towers with Radar,66,186,114,0,366,0,2,13,0,15,66,188,127,0,381,0,0,0,381
05/07/2022,HPN,NY,AEA,EN,Towers with Radar,59,144,62,0,265,0,1,8,0,9,59,145,70,0,274,0,0,0,274
05/08/2022,HPN,NY,AEA,EN,Towers with Radar,62,192,104,0,358,0,11,56,0,67,62,203,160,0,425,2,0,2,427
05/09/2022,HPN,NY,AEA,EN,Towers with Radar,72,154,90,0,316,0,11,56,0,67,72,165,146,0,383,0,0,0,383
05/10/2022,HPN,NY,AEA,EN,Towers with Radar,68,104,93,0,265,0,10,64,0,74,68,114,157,0,339,0,0,0,339
05/11/2022,HPN,NY,AEA,EN,Towers with Radar,68,127,96,0,291,0,12,115,0,127,68,139,211,0,418,0,0,0,418
05/12/2022,HPN,NY,AEA,EN,Towers with Radar,74,180,131,0,385,0,9,76,0,85,74,189,207,0,470,0,0,0,470
05/13/2022,HPN,NY,AEA,EN,Towers with Radar,59,165,123,0,347,0,1,32,0,33,59,166,155,0,380,6,0,6,386
05/14/2022,HPN,NY,AEA,EN,Towers with Radar,60,121,78,0,259,0,1,16,0,17,60,122,94,0,276,14,0,14,290
05/15/2022,HPN,NY,AEA,EN,Towers with Radar,59,159,130,0,348,0,8,73,0,81,59,167,203,0,429,0,0,0,429
05/16/2022,HPN,NY,AEA,EN,Towers with Radar,64,110,100,0,274,0,6,54,0,60,64,116,154,0,334,0,0,0,334
05/17/2022,HPN,NY,AEA,EN,Towers with Radar,71,127,105,0,303,0,10,104,0,114,71,137,209,0,417,0,0,0,417
05/18/2022,HPN,NY,AEA,EN,Towers with Radar,68,148,109,0,325,0,9,162,0,171,68,157,271,0,496,0,0,0,496
05/19/2022,HPN,NY,AEA,EN,Towers with Radar,72,149,127,0,348,0,1,32,0,33,72,150,159,0,381,0,0,0,381
05/20/2022,HPN,NY,AEA,EN,Towers with Radar,63,180,140,1,384,0,3,38,0,41,63,183,178,1,425,0,0,0,425
05/21/2022,HPN,NY,AEA,EN,Towers with Radar,59,96,69,0,224,0,6,167,0,173,59,102,236,0,397,32,0,32,429
05/22/2022,HPN,NY,AEA,EN,Towers with Radar,61,180,121,0,362,0,26,159,0,185,61,206,280,0,547,0,0,0,547
05/23/2022,HPN,NY,AEA,EN,Towers with Radar,69,118,88,0,275,0,17,136,0,153,69,135,224,0,428,12,0,12,440
05/24/2022,HPN,NY,AEA,EN,Towers with Radar,66,103,72,0,241,0,41,92,0,133,66,144,164,0,374,28,0,28,402
05/25/2022,HPN,NY,AEA,EN,Towers with Radar,68,124,99,0,291,0,59,129,0,188,68,183,228,0,479,76,0,76,555
05/26/2022,HPN,NY,AEA,EN,Towers with Radar,68,193,151,0,412,0,44,117,0,161,68,237,268,0,573,38,0,38,611
05/27/2022,HPN,NY,AEA,EN,Towers with Radar,73,178,102,0,353,0,5,15,0,20,73,183,117,0,373,0,0,0,373
05/28/2022,HPN,NY,AEA,EN,Towers with Radar,59,77,74,0,210,0,0,29,0,29,59,77,103,0,239,0,0,0,239
05/29/2022,HPN,NY,AEA,EN,Towers with Radar,65,98,55,0,218,0,18,182,0,200,65,116,237,0,418,18,0,18,436
05/30/2022,HPN,NY,AEA,EN,Towers with Radar,72,146,106,0,324,0,53,169,0,222,72,199,275,0,546,32,0,32,578
05/31/2022,HPN,NY,AEA,EN,Towers with Radar,77,99,80,0,256,0,35,186,1,222,77,134,266,1,478,59,0,59,537
06/01/2022,HPN,NY,AEA,EN,Towers with Radar,68,130,102,0,300,0,4,70,0,74,68,134,172,0,374,12,0,12,386
06/02/2022,HPN,NY,AEA,EN,Towers with Radar,73,161,126,0,360,0,1,25,0,26,73,162,151,0,386,0,0,0,386
06/03/2022,HPN,NY,AEA,EN,Towers with Radar,78,152,120,0,350,0,12,87,0,99,78,164,207,0,449,8,0,8,457
06/04/2022,HPN,NY,AEA,EN,Towers with Radar,56,98,69,4,227,0,14,180,0,194,56,112,249,4,421,84,0,84,505
06/05/2022,HPN,NY,AEA,EN,Towers with Radar,71,153,114,0,338,0,30,213,0,243,71,183,327,0,581,40,0,40,621
06/06/2022,HPN,NY,AEA,EN,Towers with Radar,69,129,104,0,302,0,23,197,0,220,69,152,301,0,522,80,0,80,602
06/07/2022,HPN,NY,AEA,EN,Towers with Radar,70,124,107,0,301,0,9,85,0,94,70,133,192,0,395,32,0,32,427
06/08/2022,HPN,NY,AEA,EN,Towers with Radar,67,127,111,0,305,0,6,109,0,115,67,133,220,0,420,26,0,26,446
06/09/2022,HPN,NY,AEA,EN,Towers with Radar,73,152,113,0,338,0,15,71,0,86,73,167,184,0,424,6,0,6,430
06/10/2022,HPN,NY,AEA,EN,Towers with Radar,69,144,145,1,359,0,42,211,0,253,69,186,356,1,612,97,0,97,709
06/11/2022,HPN,NY,AEA,EN,Towers with Radar,61,98,70,0,229,0,6,156,0,162,61,104,226,0,391,24,0,24,415
06/12/2022,HPN,NY,AEA,EN,Towers with Radar,61,193,142,1,397,0,5,20,0,25,61,198,162,1,422,0,0,0,422
06/13/2022,HPN,NY,AEA,EN,Towers with Radar,69,135,83,0,287,0,21,100,0,121,69,156,183,0,408,148,0,148,556
06/14/2022,HPN,NY,AEA,EN,Towers with Radar,74,125,97,0,296,0,21,162,1,184,74,146,259,1,480,26,0,26,506
06/15/2022,HPN,NY,AEA,EN,Towers with Radar,71,123,122,1,317,0,27,165,0,192,71,150,287,1,509,28,0,28,537
06/16/2022,HPN,NY,AEA,EN,Towers with Radar,71,181,122,0,374,0,3,54,0,57,71,184,176,0,431,0,0,0,431
06/17/2022,HPN,NY,AEA,EN,Towers with Radar,65,167,138,0,370,0,17,99,0,116,65,184,237,0,486,30,0,30,516
06/18/2022,HPN,NY,AEA,EN,Towers with Radar,57,114,71,0,242,0,15,71,1,87,57,129,142,1,329,24,0,24,353
06/19/2022,HPN,NY,AEA,EN,Towers with Radar,67,139,88,0,294,0,24,121,0,145,67,163,209,0,439,2,0,2,441
06/20/2022,HPN,NY,AEA,EN,Towers with Radar,77,137,81,1,296,0,37,217,0,254,77,174,298,1,550,52,0,52,602
06/21/2022,HPN,NY,AEA,EN,Towers with Radar,73,120,121,0,314,0,18,116,0,134,73,138,237,0,448,0,0,0,448
06/22/2022,HPN,NY,AEA,EN,Towers with Radar,65,141,168,0,374,0,0,3,0,3,65,141,171,0,377,0,0,0,377
06/23/2022,HPN,NY,AEA,EN,Towers with Radar,79,181,141,0,401,0,24,100,0,124,79,205,241,0,525,12,0,12,537
06/24/2022,HPN,NY,AEA,EN,Towers with Radar,75,157,94,0,326,0,29,172,0,201,75,186,266,0,527,18,0,18,545
06/25/2022,HPN,NY,AEA,EN,Towers with Radar,68,135,56,0,259,0,18,168,2,188,68,153,224,2,447,82,0,82,529
06/26/2022,HPN,NY,AEA,EN,Towers with Radar,74,172,108,2,356,0,31,187,0,218,74,203,295,2,574,42,0,42,616
06/27/2022,HPN,NY,AEA,EN,Towers with Radar,73,122,113,0,308,0,3,29,0,32,73,125,142,0,340,16,0,16,356
06/28/2022,HPN,NY,AEA,EN,Towers with Radar,78,82,98,0,258,0,20,147,0,167,78,102,245,0,425,86,0,86,511
06/29/2022,HPN,NY,AEA,EN,Towers with Radar,76,119,89,0,284,0,36,146,0,182,76,155,235,0,466,72,0,72,538
06/30/2022,HPN,NY,AEA,EN,Towers with Radar,79,142,106,0,327,0,57,219,0,276,79,199,325,0,603,20,0,20,623
07/01/2022,HPN,NY,AEA,EN,Towers with Radar,80,143,81,2,306,0,55,223,0,278,80,198,304,2,584,6,0,6,590
07/02/2022,HPN,NY,AEA,EN,Towers with Radar,60,107,67,0,234,0,12,53,0,65,60,119,120,0,299,48,0,48,347
07/03/2022,HPN,NY,AEA,EN,Towers with Radar,68,71,51,0,190,0,13,135,1,149,68,84,186,1,339,18,0,18,357
07/04/2022,HPN,NY,AEA,EN,Towers with Radar,74,87,46,0,207,0,44,180,0,224,74,131,226,0,431,40,0,40,471
07/05/2022,HPN,NY,AEA,EN,Towers with Radar,76,140,93,0,309,0,40,135,0,175,76,180,228,0,484,14,0,14,498
07/06/2022,HPN,NY,AEA,EN,Towers with Radar,67,118,85,0,270,0,22,128,0,150,67,140,213,0,420,54,0,54,474
07/07/2022,HPN,NY,AEA,EN,Towers with Radar,75,112,59,0,246,0,49,115,0,164,75,161,174,0,410,46,0,46,456
07/08/2022,HPN,NY,AEA,EN,Towers with Radar,67,156,116,0,339,0,37,126,0,163,67,193,242,0,502,16,0,16,518
07/09/2022,HPN,NY,AEA,EN,Towers with Radar,64,146,115,0,325,0,28,142,0,170,64,174,257,0,495,56,0,56,551
07/10/2022,HPN,NY,AEA,EN,Towers with Radar,79,162,121,0,362,0,51,266,0,317,79,213,387,0,679,56,0,56,735
07/11/2022,HPN,NY,AEA,EN,Towers with Radar,77,145,79,0,301,0,66,148,0,214,77,211,227,0,515,52,0,52,567
07/12/2022,HPN,NY,AEA,EN,Towers with Radar,79,101,77,0,257,0,23,114,0,137,79,124,191,0,394,20,0,20,414
07/13/2022,HPN,NY,AEA,EN,Towers with Radar,76,117,102,0,295,0,17,161,0,178,76,134,263,0,473,48,0,48,521
07/14/2022,HPN,NY,AEA,EN,Towers with Radar,83,179,120,0,382,1,35,166,0,202,84,214,286,0,584,98,0,98,682
07/15/2022,HPN,NY,AEA,EN,Towers with Radar,81,162,97,0,340,0,57,253,0,310,81,219,350,0,650,68,0,68,718
07/16/2022,HPN,NY,AEA,EN,Towers with Radar,61,161,117,0,339,0,10,123,0,133,61,171,240,0,472,32,0,32,504
07/17/2022,HPN,NY,AEA,EN,Towers with Radar,79,192,143,0,414,0,33,204,0,237,79,225,347,0,651,6,0,6,657
07/18/2022,HPN,NY,AEA,EN,Towers with Radar,65,149,90,0,304,0,0,2,0,2,65,149,92,0,306,0,0,0,306
07/19/2022,HPN,NY,AEA,EN,Towers with Radar,76,126,94,0,296,0,45,189,0,234,76,171,283,0,530,68,0,68,598
07/20/2022,HPN,NY,AEA,EN,Towers with Radar,77,96,113,0,286,0,33,172,0,205,77,129,285,0,491,82,0,82,573
07/21/2022,HPN,NY,AEA,EN,Towers with Radar,78,153,104,0,335,0,39,145,1,185,78,192,249,1,520,56,0,56,576
07/22/2022,HPN,NY,AEA,EN,Towers with Radar,78,149,84,0,311,0,46,192,3,241,78,195,276,3,552,46,0,46,598
07/23/2022,HPN,NY,AEA,EN,Towers with Radar,55,158,96,0,309,0,46,158,0,204,55,204,254,0,513,48,0,48,561
07/24/2022,HPN,NY,AEA,EN,Towers with Radar,75,191,158,0,424,0,42,189,0,231,75,233,347,0,655,50,0,50,705
07/25/2022,HPN,NY,AEA,EN,Towers with Radar,72,148,98,0,318,0,16,81,0,97,72,164,179,0,415,8,0,8,423
07/26/2022,HPN,NY,AEA,EN,Towers with Radar,70,147,89,0,306,0,35,75,2,112,70,182,164,2,418,0,0,0,418
07/27/2022,HPN,NY,AEA,EN,Towers with Radar,78,147,130,0,355,0,24,163,0,187,78,171,293,0,542,88,0,88,630
07/28/2022,HPN,NY,AEA,EN,Towers with Radar,83,195,131,0,409,0,23,113,0,136,83,218,244,0,545,36,0,36,581
07/29/2022,HPN,NY,AEA,EN,Towers with Radar,73,179,88,0,340,0,55,231,0,286,73,234,319,0,626,144,0,144,770
07/30/2022,HPN,NY,AEA,EN,Towers with Radar,59,144,100,0,303,0,28,154,0,182,59,172,254,0,485,122,0,122,607
07/31/2022,HPN,NY,AEA,EN,Towers with Radar,75,162,99,0,336,0,53,276,0,329,75,215,375,0,665,52,0,52,717
08/01/2022,HPN,NY,AEA,EN,Towers with Radar,81,137,127,0,345,0,8,62,0,70,81,145,189,0,415,48,0,48,463
08/02/2022,HPN,NY,AEA,EN,Towers with Radar,82,125,93,0,300,0,14,165,0,179,82,139,258,0,479,16,0,16,495
08/03/2022,HPN,NY,AEA,EN,Towers with Radar,74,116,95,0,285,0,25,196,0,221,74,141,291,0,506,50,0,50,556
08/04/2022,HPN,NY,AEA,EN,Towers with Radar,75,127,97,0,299,0,39,201,0,240,75,166,298,0,539,28,0,28,567
08/05/2022,HPN,NY,AEA,EN,Towers with Radar,72,145,85,0,302,0,41,136,0,177,72,186,221,0,479,46,0,46,525
08/06/2022,HPN,NY,AEA,EN,Towers with Radar,60,131,76,0,267,0,27,125,0,152,60,158,201,0,419,110,0,110,529
08/07/2022,HPN,NY,AEA,EN,Towers with Radar,80,173,111,0,364,0,49,130,0,179,80,222,241,0,543,52,0,52,595
08/08/2022,HPN,NY,AEA,EN,Towers with Radar,77,167,104,0,348,0,36,82,0,118,77,203,186,0,466,0,0,0,466
08/09/2022,HPN,NY,AEA,EN,Towers with Radar,80,124,64,0,268,0,23,111,0,134,80,147,175,0,402,94,0,94,496
08/10/2022,HPN,NY,AEA,EN,Towers with Radar,75,135,62,0,272,0,16,129,4,149,75,151,191,4,421,112,0,112,533
08/11/2022,HPN,NY,AEA,EN,Towers with Radar,80,130,96,0,306,0,38,132,0,170,80,168,228,0,476,42,0,42,518
08/12/2022,HPN,NY,AEA,EN,Towers with Radar,78,132,110,0,320,0,49,181,0,230,78,181,291,0,550,60,0,60,610
08/13/2022,HPN,NY,AEA,EN,Towers with Radar,65,160,85,0,310,1,29,188,0,218,66,189,273,0,528,22,0,22,550
08/14/2022,HPN,NY,AEA,EN,Towers with Radar,80,184,100,0,364,0,59,250,0,309,80,243,350,0,673,54,0,54,727
08/15/2022,HPN,NY,AEA,EN,Towers with Radar,76,131,97,0,304,0,42,193,0,235,76,173,290,0,539,62,0,62,601
08/16/2022,HPN,NY,AEA,EN,Towers with Radar,74,116,67,0,257,0,29,126,0,155,74,145,193,0,412,106,0,106,518
08/17/2022,HPN,NY,AEA,EN,Towers with Radar,76,123,85,0,284,0,24,125,1,150,76,147,210,1,434,116,0,116,550
08/18/2022,HPN,NY,AEA,EN,Towers with Radar,86,128,95,0,309,0,41,170,0,211,86,169,265,0,520,62,0,62,582
08/19/2022,HPN,NY,AEA,EN,Towers with Radar,77,157,90,0,324,0,54,180,0,234,77,211,270,0,558,79,0,79,637
08/20/2022,HPN,NY,AEA,EN,Towers with Radar,64,187,75,0,326,0,26,161,0,187,64,213,236,0,513,50,0,50,563
08/21/2022,HPN,NY,AEA,EN,Towers with Radar,77,208,134,0,419,0,38,151,0,189,77,246,285,0,608,2,0,2,610
08/22/2022,HPN,NY,AEA,EN,Towers with Radar,70,174,101,0,345,0,2,13,0,15,70,176,114,0,360,0,0,0,360
08/23/2022,HPN,NY,AEA,EN,Towers with Radar,78,133,82,0,293,0,10,62,0,72,78,143,144,0,365,82,0,82,447
08/24/2022,HPN,NY,AEA,EN,Towers with Radar,77,129,73,0,279,0,23,177,0,200,77,152,250,0,479,98,0,98,577
08/25/2022,HPN,NY,AEA,EN,Towers with Radar,78,122,96,0,296,0,44,230,0,274,78,166,326,0,570,138,0,138,708
08/26/2022,HPN,NY,AEA,EN,Towers with Radar,73,150,91,0,314,0,43,171,0,214,73,193,262,0,528,42,0,42,570
08/27/2022,HPN,NY,AEA,EN,Towers with Radar,67,134,113,0,314,0,30,207,0,237,67,164,320,0,551,32,0,32,583
08/28/2022,HPN,NY,AEA,EN,Towers with Radar,76,179,114,0,369,0,26,141,0,167,76,205,255,0,536,46,0,46,582
08/29/2022,HPN,NY,AEA,EN,Towers with Radar,79,177,103,0,359,0,19,143,0,162,79,196,246,0,521,22,0,22,543
08/30/2022,HPN,NY,AEA,EN,Towers with Radar,76,110,87,0,273,0,22,109,0,131,76,132,196,0,404,12,0,12,416
08/31/2022,HPN,NY,AEA,EN,Towers with Radar,75,127,89,0,291,0,26,151,1,178,75,153,240,1,469,64,0,64,533
09/01/2022,HPN,NY,AEA,EN,Towers with Radar,81,113,102,0,296,0,44,196,0,240,81,157,298,0,536,96,0,96,632
09/02/2022,HPN,NY,AEA,EN,Towers with Radar,78,118,91,0,287,0,50,203,0,253,78,168,294,0,540,66,0,66,606
09/03/2022,HPN,NY,AEA,EN,Towers with Radar,63,80,47,0,190,0,29,200,0,229,63,109,247,0,419,110,0,110,529
09/04/2022,HPN,NY,AEA,EN,Towers with Radar,68,92,51,0,211,0,24,145,0,169,68,116,196,0,380,96,0,96,476
09/05/2022,HPN,NY,AEA,EN,Towers with Radar,77,206,129,0,412,0,12,70,0,82,77,218,199,0,494,78,0,78,572
09/06/2022,HPN,NY,AEA,EN,Towers with Radar,90,150,79,0,319,0,0,0,0,0,90,150,79,0,319,0,0,0,319
09/07/2022,HPN,NY,AEA,EN,Towers with Radar,76,135,110,0,321,0,4,54,0,58,76,139,164,0,379,24,0,24,403
09/08/2022,HPN,NY,AEA,EN,Towers with Radar,82,157,75,0,314,0,24,176,0,200,82,181,251,0,514,130,0,130,644
09/09/2022,HPN,NY,AEA,EN,Towers with Radar,76,153,102,0,331,0,22,219,0,241,76,175,321,0,572,64,0,64,636
09/10/2022,HPN,NY,AEA,EN,Towers with Radar,119,195,116,2,432,0,14,260,2,276,119,209,376,4,708,105,0,105,813
09/11/2022,HPN,NY,AEA,EN,Towers with Radar,84,190,125,1,400,0,8,131,0,139,84,198,256,1,539,52,0,52,591
09/12/2022,HPN,NY,AEA,EN,Towers with Radar,73,119,120,0,312,0,2,48,0,50,73,121,168,0,362,46,0,46,408
09/13/2022,HPN,NY,AEA,EN,Towers with Radar,77,116,88,2,283,0,0,41,1,42,77,116,129,3,325,6,0,6,331
09/14/2022,HPN,NY,AEA,EN,Towers with Radar,75,116,118,0,309,0,15,175,1,191,75,131,293,1,500,88,0,88,588
09/15/2022,HPN,NY,AEA,EN,Towers with Radar,93,156,119,0,368,0,29,170,0,199,93,185,289,0,567,108,0,108,675
09/16/2022,HPN,NY,AEA,EN,Towers with Radar,76,140,101,0,317,0,38,164,0,202,76,178,265,0,519,46,0,46,565
09/17/2022,HPN,NY,AEA,EN,Towers with Radar,61,108,60,0,229,0,7,175,0,182,61,115,235,0,411,148,0,148,559
09/18/2022,HPN,NY,AEA,EN,Towers with Radar,81,189,113,0,383,0,46,228,0,274,81,235,341,0,657,50,0,50,707
09/19/2022,HPN,NY,AEA,EN,Towers with Radar,80,107,77,0,264,0,50,34,1,85,80,157,111,1,349,46,0,46,395
09/20/2022,HPN,NY,AEA,EN,Towers with Radar,77,134,102,2,315,0,4,106,0,110,77,138,208,2,425,64,0,64,489
09/21/2022,HPN,NY,AEA,EN,Towers with Radar,75,130,123,0,328,0,16,108,0,124,75,146,231,0,452,2,0,2,454
09/22/2022,HPN,NY,AEA,EN,Towers with Radar,77,164,115,2,358,0,7,28,0,35,77,171,143,2,393,0,0,0,393
09/23/2022,HPN,NY,AEA,EN,Towers with Radar,85,199,118,0,402,0,32,119,0,151,85,231,237,0,553,14,0,14,567
09/24/2022,HPN,NY,AEA,EN,Towers with Radar,62,119,85,0,266,0,20,169,0,189,62,139,254,0,455,104,0,104,559
09/25/2022,HPN,NY,AEA,EN,Towers with Radar,81,172,95,0,348,0,15,140,0,155,81,187,235,0,503,32,0,32,535
09/26/2022,HPN,NY,AEA,EN,Towers with Radar,76,137,74,0,287,0,13,52,4,69,76,150,126,4,356,2,0,2,358
09/27/2022,HPN,NY,AEA,EN,Towers with Radar,76,125,72,0,273,0,8,136,1,145,76,133,208,1,418,70,0,70,488
09/28/2022,HPN,NY,AEA,EN,Towers with Radar,62,112,104,0,278,0,11,117,0,128,62,123,221,0,406,76,0,76,482
09/29/2022,HPN,NY,AEA,EN,Towers with Radar,70,126,83,0,279,0,29,144,0,173,70,155,227,0,452,80,0,80,532
09/30/2022,HPN,NY,AEA,EN,Towers with Radar,70,131,96,0,297,0,24,170,0,194,70,155,266,0,491,46,0,46,537
10/01/2022,HPN,NY,AEA,EN,Towers with Radar,61,104,70,0,235,0,0,7,0,7,61,104,77,0,242,0,0,0,242
10/02/2022,HPN,NY,AEA,EN,Towers with Radar,75,144,75,0,294,0,8,15,0,23,75,152,90,0,317,4,0,4,321
10/03/2022,HPN,NY,AEA,EN,Towers with Radar,81,100,90,0,271,0,34,50,1,85,81,134,140,1,356,22,0,22,378
10/04/2022,HPN,NY,AEA,EN,Towers with Radar,72,106,68,0,246,0,0,0,0,0,72,106,68,0,246,0,0,0,246
10/05/2022,HPN,NY,AEA,EN,Towers with Radar,74,111,91,0,276,0,0,1,0,1,74,111,92,0,277,0,0,0,277
10/06/2022,HPN,NY,AEA,EN,Towers with Radar,85,160,123,0,368,0,25,151,0,176,85,185,274,0,544,44,0,44,588
10/07/2022,HPN,NY,AEA,EN,Towers with Radar,84,184,111,0,379,0,39,227,0,266,84,223,338,0,645,80,0,80,725
10/08/2022,HPN,NY,AEA,EN,Towers with Radar,66,123,73,0,262,0,12,157,0,169,66,135,230,0,431,120,0,120,551
10/09/2022,HPN,NY,AEA,EN,Towers with Radar,76,153,117,0,346,0,76,121,0,197,76,229,238,0,543,74,0,74,617
10/10/2022,HPN,NY,AEA,EN,Towers with Radar,77,155,105,0,337,0,46,175,0,221,77,201,280,0,558,82,0,82,640
10/11/2022,HPN,NY,AEA,EN,Towers with Radar,71,123,85,0,279,0,23,126,0,149,71,146,211,0,428,44,0,44,472
10/12/2022,HPN,NY,AEA,EN,Towers with Radar,79,126,98,0,303,0,10,155,0,165,79,136,253,0,468,74,0,74,542
10/13/2022,HPN,NY,AEA,EN,Towers with Radar,85,169,113,0,367,0,3,24,0,27,85,172,137,0,394,6,0,6,400
10/14/2022,HPN,NY,AEA,EN,Towers with Radar,88,163,124,0,375,0,14,143,0,157,88,177,267,0,532,68,0,68,600
10/15/2022,HPN,NY,AEA,EN,Towers with Radar,67,92,73,0,232,0,12,170,0,182,67,104,243,0,414,48,0,48,462
10/16/2022,HPN,NY,AEA,EN,Towers with Radar,80,162,123,0,365,0,21,180,0,201,80,183,303,0,566,64,0,64,630
10/17/2022,HPN,NY,AEA,EN,Towers with Radar,78,117,97,0,292,0,0,39,0,39,78,117,136,0,331,24,0,24,355
10/18/2022,HPN,NY,AEA,EN,Towers with Radar,78,111,75,4,268,0,13,139,0,152,78,124,214,4,420,44,2,46,466
10/19/2022,HPN,NY,AEA,EN,Towers with Radar,75,145,99,1,320,0,15,136,0,151,75,160,235,1,471,54,0,54,525
10/20/2022,HPN,NY,AEA,EN,Towers with Radar,88,136,100,0,324,0,17,114,0,131,88,153,214,0,455,28,0,28,483
10/21/2022,HPN,NY,AEA,EN,Towers with Radar,84,154,99,1,338,0,16,165,0,181,84,170,264,1,519,83,0,83,602
10/22/2022,HPN,NY,AEA,EN,Towers with Radar,65,93,72,0,230,0,12,186,0,198,65,105,258,0,428,132,0,132,560
10/23/2022,HPN,NY,AEA,EN,Towers with Radar,80,178,126,0,384,0,12,122,1,135,80,190,248,1,519,35,0,35,554
10/24/2022,HPN,NY,AEA,EN,Towers with Radar,82,135,90,0,307,0,0,0,0,0,82,135,90,0,307,0,0,0,307
10/25/2022,HPN,NY,AEA,EN,Towers with Radar,69,109,94,0,272,0,0,4,0,4,69,109,98,0,276,0,0,0,276
10/26/2022,HPN,NY,AEA,EN,Towers with Radar,65,131,107,0,303,0,2,12,0,14,65,133,119,0,317,0,0,0,317
10/27/2022,HPN,NY,AEA,EN,Towers with Radar,91,136,117,0,344,0,9,143,0,152,91,145,260,0,496,34,0,34,530
10/28/2022,HPN,NY,AEA,EN,Towers with Radar,83,131,99,0,313,0,19,167,0,186,83,150,266,0,499,80,0,80,579
10/29/2022,HPN,NY,AEA,EN,Towers with Radar,63,88,64,0,215,0,19,152,1,172,63,107,216,1,387,116,0,116,503
10/30/2022,HPN,NY,AEA,EN,Towers with Radar,75,131,82,0,288,0,20,160,0,180,75,151,242,0,468,120,0,120,588
10/31/2022,HPN,NY,AEA,EN,Towers with Radar,78,92,67,0,237,0,5,76,0,81,78,97,143,0,318,22,0,22,340
11/01/2022,HPN,NY,AEA,EN,Towers with Radar,74,144,98,0,316,0,1,31,0,32,74,145,129,0,348,34,0,34,382
11/02/2022,HPN,NY,AEA,EN,Towers with Radar,85,107,80,0,272,0,8,159,1,168,85,115,239,1,440,18,0,18,458
11/03/2022,HPN,NY,AEA,EN,Towers with Radar,87,167,91,0,345,0,7,133,0,140,87,174,224,0,485,86,0,86,571
11/04/2022,HPN,NY,AEA,EN,Towers with Radar,89,152,116,0,357,0,8,134,0,142,89,160,250,0,499,70,0,70,569
11/05/2022,HPN,NY,AEA,EN,Towers with Radar,68,96,67,0,231,0,4,142,0,146,68,100,209,0,377,78,0,78,455
11/06/2022,HPN,NY,AEA,EN,Towers with Radar,76,141,121,3,341,0,7,85,0,92,76,148,206,3,433,54,0,54,487
11/07/2022,HPN,NY,AEA,EN,Towers with Radar,83,101,79,0,263,0,11,124,0,135,83,112,203,0,398,116,0,116,514
11/08/2022,HPN,NY,AEA,EN,Towers with Radar,84,101,76,0,261,0,17,91,0,108,84,118,167,0,369,22,0,22,391
11/09/2022,HPN,NY,AEA,EN,Towers with Radar,67,101,59,0,227,0,12,145,0,157,67,113,204,0,384,114,0,114,498
11/10/2022,HPN,NY,AEA,EN,Towers with Radar,75,137,98,0,310,0,11,135,0,146,75,148,233,0,456,68,0,68,524
11/11/2022,HPN,NY,AEA,EN,Towers with Radar,82,144,99,0,325,0,1,26,0,27,82,145,125,0,352,20,0,20,372
11/12/2022,HPN,NY,AEA,EN,Towers with Radar,64,121,67,0,252,0,1,82,0,83,64,122,149,0,335,38,0,38,373
11/13/2022,HPN,NY,AEA,EN,Towers with Radar,80,150,104,0,334,0,6,47,0,53,80,156,151,0,387,12,0,12,399
11/14/2022,HPN,NY,AEA,EN,Towers with Radar,86,130,90,0,306,0,12,108,0,120,86,142,198,0,426,112,0,112,538
11/15/2022,HPN,NY,AEA,EN,Towers with Radar,85,105,78,0,268,0,27,82,0,109,85,132,160,0,377,100,0,100,477
11/16/2022,HPN,NY,AEA,EN,Towers with Radar,92,118,109,0,319,0,1,24,0,25,92,119,133,0,344,4,0,4,348
11/17/2022,HPN,NY,AEA,EN,Towers with Radar,87,122,115,0,324,0,9,109,3,121,87,131,224,3,445,22,0,22,467
11/18/2022,HPN,NY,AEA,EN,Towers with Radar,92,175,109,0,376,0,5,143,0,148,92,180,252,0,524,37,0,37,561
11/19/2022,HPN,NY,AEA,EN,Towers with Radar,65,104,67,0,236,0,10,155,0,165,65,114,222,0,401,84,0,84,485
11/20/2022,HPN,NY,AEA,EN,Towers with Radar,89,132,97,0,318,0,20,80,1,101,89,152,177,1,419,12,0,12,431
11/21/2022,HPN,NY,AEA,EN,Towers with Radar,85,130,91,0,306,0,18,125,0,143,85,148,216,0,449,75,0,75,524
11/22/2022,HPN,NY,AEA,EN,Towers with Radar,81,177,127,0,385,0,36,141,2,179,81,213,268,2,564,88,0,88,652
11/23/2022,HPN,NY,AEA,EN,Towers with Radar,81,172,122,0,375,0,89,140,1,230,81,261,262,1,605,20,0,20,625
11/24/2022,HPN,NY,AEA,EN,Towers with Radar,42,89,28,0,159,0,12,71,1,84,42,101,99,1,243,36,0,36,279
11/25/2022,HPN,NY,AEA,EN,Towers with Radar,73,123,82,0,278,0,2,37,0,39,73,125,119,0,317,16,0,16,333
11/26/2022,HPN,NY,AEA,EN,Towers with Radar,67,161,106,0,334,0,23,158,0,181,67,184,264,0,515,24,0,24,539
11/27/2022,HPN,NY,AEA,EN,Towers with Radar,75,247,214,0,536,0,14,73,0,87,75,261,287,0,623,52,0,52,675
11/28/2022,HPN,NY,AEA,EN,Towers with Radar,86,162,137,0,385,0,15,60,0,75,86,177,197,0,460,26,0,26,486
11/29/2022,HPN,NY,AEA,EN,Towers with Radar,89,113,95,0,297,0,4,129,0,133,89,117,224,0,430,116,0,116,546
11/30/2022,HPN,NY,AEA,EN,Towers with Radar,82,101,103,0,286,0,2,13,0,15,82,103,116,0,301,18,0,18,319
12/01/2022,HPN,NY,AEA,EN,Towers with Radar,84,146,93,0,323,0,20,75,0,95,84,166,168,0,418,12,0,12,430
12/02/2022,HPN,NY,AEA,EN,Towers with Radar,93,141,83,0,317,0,24,181,2,207,93,165,264,2,524,100,0,100,624
12/03/2022,HPN,NY,AEA,EN,Towers with Radar,64,79,51,0,194,0,0,0,0,0,64,79,51,0,194,0,0,0,194
12/04/2022,HPN,NY,AEA,EN,Towers with Radar,77,167,122,0,366,0,31,186,0,217,77,198,308,0,583,90,0,90,673
12/05/2022,HPN,NY,AEA,EN,Towers with Radar,87,106,77,0,270,0,17,105,0,122,87,123,182,0,392,48,0,48,440
12/06/2022,HPN,NY,AEA,EN,Towers with Radar,81,117,114,0,312,0,4,30,0,34,81,121,144,0,346,50,0,50,396
12/07/2022,HPN,NY,AEA,EN,Towers with Radar,75,112,79,0,266,0,0,0,0,0,75,112,79,0,266,0,0,0,266
12/08/2022,HPN,NY,AEA,EN,Towers with Radar,81,179,105,1,366,0,12,134,0,146,81,191,239,1,512,34,0,34,546
12/09/2022,HPN,NY,AEA,EN,Towers with Radar,88,124,83,1,296,0,16,111,0,127,88,140,194,1,423,44,0,44,467
12/10/2022,HPN,NY,AEA,EN,Towers with Radar,69,84,55,0,208,0,4,125,0,129,69,88,180,0,337,115,0,115,452
12/11/2022,HPN,NY,AEA,EN,Towers with Radar,78,133,62,0,273,0,0,7,0,7,78,133,69,0,280,0,0,0,280
12/12/2022,HPN,NY,AEA,EN,Towers with Radar,85,122,79,0,286,0,3,66,0,69,85,125,145,0,355,0,0,0,355
12/13/2022,HPN,NY,AEA,EN,Towers with Radar,76,89,77,0,242,0,5,106,0,111,76,94,183,0,353,42,0,42,395
12/14/2022,HPN,NY,AEA,EN,Towers with Radar,79,115,73,0,267,0,7,124,0,131,79,122,197,0,398,36,0,36,434
12/15/2022,HPN,NY,AEA,EN,Towers with Radar,79,127,81,0,287,0,2,41,0,43,79,129,122,0,330,146,0,146,476
12/16/2022,HPN,NY,AEA,EN,Towers with Radar,81,151,87,0,319,0,0,0,0,0,81,151,87,0,319,0,0,0,319
12/17/2022,HPN,NY,AEA,EN,Towers with Radar,74,146,90,0,310,0,3,141,0,144,74,149,231,0,454,56,0,56,510
12/18/2022,HPN,NY,AEA,EN,Towers with Radar,69,121,88,0,278,0,5,122,0,127,69,126,210,0,405,82,0,82,487
12/19/2022,HPN,NY,AEA,EN,Towers with Radar,72,116,101,0,289,0,5,95,0,100,72,121,196,0,389,40,0,40,429
12/20/2022,HPN,NY,AEA,EN,Towers with Radar,66,91,66,0,223,0,6,93,0,99,66,97,159,0,322,56,0,56,378
12/21/2022,HPN,NY,AEA,EN,Towers with Radar,71,121,87,0,279,0,19,128,0,147,71,140,215,0,426,56,0,56,482
12/22/2022,HPN,NY,AEA,EN,Towers with Radar,68,144,138,0,350,0,4,25,0,29,68,148,163,0,379,0,0,0,379
12/23/2022,HPN,NY,AEA,EN,Towers with Radar,70,84,42,0,196,0,0,0,0,0,70,84,42,0,196,0,0,0,196
12/24/2022,HPN,NY,AEA,EN,Towers with Radar,48,103,42,0,193,0,8,16,0,24,48,111,58,0,217,0,0,0,217
12/25/2022,HPN,NY,AEA,EN,Towers with Radar,49,142,58,0,249,0,3,22,0,25,49,145,80,0,274,22,0,22,296
12/26/2022,HPN,NY,AEA,EN,Towers with Radar,69,187,146,0,402,0,11,133,0,144,69,198,279,0,546,24,0,24,570
12/27/2022,HPN,NY,AEA,EN,Towers with Radar,75,151,103,0,329,0,9,161,0,170,75,160,264,0,499,24,0,24,523
12/28/2022,HPN,NY,AEA,EN,Towers with Radar,75,143,78,0,296,0,6,137,0,143,75,149,215,0,439,14,0,14,453
12/29/2022,HPN,NY,AEA,EN,Towers with Radar,68,115,63,0,246,0,7,125,0,132,68,122,188,0,378,82,0,82,460
12/30/2022,HPN,NY,AEA,EN,Towers with Radar,75,125,45,0,245,0,8,147,0,155,75,133,192,0,400,114,0,114,514
12/31/2022,HPN,NY,AEA,EN,Towers with Radar,41,71,43,0,155,0,0,0,0,0,41,71,43,0,155,0,0,0,155
01/01/2023,HPN,NY,AEA,EN,Towers with Radar,55,170,91,0,316,0,7,77,0,84,55,177,168,0,400,24,0,24,424
01/02/2023,HPN,NY,AEA,EN,Towers with Radar,68,237,180,0,485,0,8,148,0,156,68,245,328,0,641,26,0,26,667
01/03/2023,HPN,NY,AEA,EN,Towers with Radar,66,134,95,0,295,0,0,0,0,0,66,134,95,0,295,0,0,0,295
01/04/2023,HPN,NY,AEA,EN,Towers with Radar,71,119,82,0,272,0,4,53,1,58,71,123,135,1,330,9,0,9,339
01/05/2023,HPN,NY,AEA,EN,Towers with Radar,69,107,71,0,247,0,0,0,0,0,69,107,71,0,247,0,0,0,247
01/06/2023,HPN,NY,AEA,EN,Towers with Radar,65,83,73,0,221,0,0,18,0,18,65,83,91,0,239,0,0,0,239
01/07/2023,HPN,NY,AEA,EN,Towers with Radar,59,102,53,0,214,0,2,129,0,131,59,104,182,0,345,150,0,150,495
01/08/2023,HPN,NY,AEA,EN,Towers with Radar,66,123,82,0,271,0,6,165,0,171,66,129,247,0,442,116,0,116,558
01/09/2023,HPN,NY,AEA,EN,Towers with Radar,73,81,54,0,208,0,5,61,0,66,73,86,115,0,274,84,0,84,358
01/10/2023,HPN,NY,AEA,EN,Towers with Radar,70,94,53,0,217,0,0,95,0,95,70,94,148,0,312,92,0,92,404
01/11/2023,HPN,NY,AEA,EN,Towers with Radar,77,94,76,0,247,0,10,126,0,136,77,104,202,0,383,52,0,52,435
01/12/2023,HPN,NY,AEA,EN,Towers with Radar,90,124,102,0,316,0,0,0,0,0,90,124,102,0,316,0,0,0,316
01/13/2023,HPN,NY,AEA,EN,Towers with Radar,85,133,83,0,301,0,0,8,0,8,85,133,91,0,309,0,0,0,309
01/14/2023,HPN,NY,AEA,EN,Towers with Radar,67,84,72,0,223,0,1,6,0,7,67,85,78,0,230,0,0,0,230
01/15/2023,HPN,NY,AEA,EN,Towers with Radar,73,83,62,0,218,0,2,58,0,60,73,85,120,0,278,14,0,14,292
01/16/2023,HPN,NY,AEA,EN,Towers with Radar,82,175,89,0,346,0,29,70,0,99,82,204,159,0,445,25,0,25,470
01/17/2023,HPN,NY,AEA,EN,Towers with Radar,78,127,67,0,272,0,12,100,0,112,78,139,167,0,384,84,0,84,468
01/18/2023,HPN,NY,AEA,EN,Towers with Radar,83,107,74,0,264,0,5,74,0,79,83,112,148,0,343,12,0,12,355
01/19/2023,HPN,NY,AEA,EN,Towers with Radar,85,112,82,0,279,0,1,11,0,12,85,113,93,0,291,26,0,26,317
01/20/2023,HPN,NY,AEA,EN,Towers with Radar,82,98,85,0,265,0,2,49,0,51,82,100,134,0,316,77,0,77,393
01/21/2023,HPN,NY,AEA,EN,Towers with Radar,68,81,45,0,194,0,1,137,0,138,68,82,182,0,332,112,0,112,444
01/22/2023,HPN,NY,AEA,EN,Towers with Radar,80,136,90,0,306,0,0,41,0,41,80,136,131,0,347,44,0,44,391
01/23/2023,HPN,NY,AEA,EN,Towers with Radar,85,106,60,0,251,0,0,2,0,2,85,106,62,0,253,0,0,0,253
01/24/2023,HPN,NY,AEA,EN,Towers with Radar,76,102,72,0,250,0,4,106,0,110,76,106,178,0,360,79,0,79,439
01/25/2023,HPN,NY,AEA,EN,Towers with Radar,83,109,69,0,261,0,3,26,0,29,83,112,95,0,290,74,0,74,364
01/26/2023,HPN,NY,AEA,EN,Towers with Radar,88,136,79,0,303,0,3,44,0,47,88,139,123,0,350,0,0,0,350
01/27/2023,HPN,NY,AEA,EN,Towers with Radar,90,148,86,0,324,0,18,108,0,126,90,166,194,0,450,46,0,46,496
01/28/2023,HPN,NY,AEA,EN,Towers with Radar,73,101,44,0,218,0,3,141,0,144,73,104,185,0,362,134,0,134,496
01/29/2023,HPN,NY,AEA,EN,Towers with Radar,81,156,86,0,323,0,9,150,0,159,81,165,236,0,482,96,0,96,578
01/30/2023,HPN,NY,AEA,EN,Towers with Radar,83,106,61,0,250,0,2,97,0,99,83,108,158,0,349,26,0,26,375
01/31/2023,HPN,NY,AEA,EN,Towers with Radar,76,98,87,0,261,0,5,48,1,54,76,103,135,1,315,2,0,2,317
02/01/2023,HPN,NY,AEA,EN,Towers with Radar,80,128,85,0,293,0,2,112,0,114,80,130,197,0,407,60,0,60,467
02/02/2023,HPN,NY,AEA,EN,Towers with Radar,87,106,94,0,287,0,6,115,0,121,87,112,209,0,408,48,0,48,456
02/03/2023,HPN,NY,AEA,EN,Towers with Radar,105,152,75,0,332,0,5,24,0,29,105,157,99,0,361,0,0,0,361
02/04/2023,HPN,NY,AEA,EN,Towers with Radar,67,94,37,0,198,0,4,92,0,96,67,98,129,0,294,60,0,60,354
02/05/2023,HPN,NY,AEA,EN,Towers with Radar,74,160,87,0,321,0,5,55,0,60,74,165,142,0,381,0,0,0,381
02/06/2023,HPN,NY,AEA,EN,Towers with Radar,85,92,81,0,258,0,3,60,0,63,85,95,141,0,321,22,0,22,343
02/07/2023,HPN,NY,AEA,EN,Towers with Radar,83,98,62,0,243,0,8,110,0,118,83,106,172,0,361,42,0,42,403
02/08/2023,HPN,NY,AEA,EN,Towers with Radar,85,115,83,0,283,0,6,116,0,122,85,121,199,0,405,34,0,34,439
02/09/2023,HPN,NY,AEA,EN,Towers with Radar,85,144,69,0,298,0,4,61,0,65,85,148,130,0,363,50,0,50,413
02/10/2023,HPN,NY,AEA,EN,Towers with Radar,85,142,78,0,305,0,20,35,0,55,85,162,113,0,360,6,0,6,366
02/11/2023,HPN,NY,AEA,EN,Towers with Radar,69,106,41,0,216,0,6,116,0,122,69,112,157,0,338,26,0,26,364
02/12/2023,HPN,NY,AEA,EN,Towers with Radar,78,107,55,0,240,0,8,141,0,149,78,115,196,0,389,108,0,108,497
02/13/2023,HPN,NY,AEA,EN,Towers with Radar,90,122,93,0,305,0,8,87,0,95,90,130,180,0,400,50,0,50,450
02/14/2023,HPN,NY,AEA,EN,Towers with Radar,79,95,56,0,230,0,4,105,0,109,79,99,161,0,339,66,0,66,405
02/15/2023,HPN,NY,AEA,EN,Towers with Radar,79,158,92,0,329,0,12,89,1,102,79,170,181,1,431,42,0,42,473
02/16/2023,HPN,NY,AEA,EN,Towers with Radar,89,178,111,0,378,0,8,84,0,92,89,186,195,0,470,46,0,46,516
02/17/2023,HPN,NY,AEA,EN,Towers with Radar,79,160,111,0,350,0,1,0,0,1,79,161,111,0,351,0,0,0,351
02/18/2023,HPN,NY,AEA,EN,Towers with Radar,74,113,54,0,241,0,7,180,0,187,74,120,234,0,428,96,0,96,524
02/19/2023,HPN,NY,AEA,EN,Towers with Radar,74,88,59,0,221,0,6,137,0,143,74,94,196,0,364,94,0,94,458
02/20/2023,HPN,NY,AEA,EN,Towers with Radar,90,166,108,0,364,0,4,90,0,94,90,170,198,0,458,86,0,86,544
02/21/2023,HPN,NY,AEA,EN,Towers with Radar,77,176,96,0,349,0,1,1,0,2,77,177,97,0,351,0,0,0,351
02/22/2023,HPN,NY,AEA,EN,Towers with Radar,75,110,68,0,253,0,5,54,0,59,75,115,122,0,312,44,0,44,356
02/23/2023,HPN,NY,AEA,EN,Towers with Radar,86,129,57,0,272,0,0,0,0,0,86,129,57,0,272,0,0,0,272
02/24/2023,HPN,NY,AEA,EN,Towers with Radar,87,141,54,0,282,0,7,28,0,35,87,148,82,0,317,12,0,12,329
02/25/2023,HPN,NY,AEA,EN,Towers with Radar,70,112,60,0,242,0,0,58,0,58,70,112,118,0,300,40,0,40,340
02/26/2023,HPN,NY,AEA,EN,Towers with Radar,83,185,92,0,360,0,1,48,1,50,83,186,140,1,410,10,0,10,420
02/27/2023,HPN,NY,AEA,EN,Towers with Radar,80,148,67,0,295,0,43,58,0,101,80,191,125,0,396,54,0,54,450
02/28/2023,HPN,NY,AEA,EN,Towers with Radar,72,110,49,0,231,0,0,3,0,3,72,110,52,0,234,0,0,0,234
03/01/2023,HPN,NY,AEA,EN,Towers with Radar,71,144,103,0,318,0,2,86,0,88,71,146,189,0,406,40,0,40,446
03/02/2023,HPN,NY,AEA,EN,Towers with Radar,88,131,74,0,293,0,4,22,0,26,88,135,96,0,319,6,0,6,325
03/03/2023,HPN,NY,AEA,EN,Towers with Radar,87,116,73,0,276,0,4,121,0,125,87,120,194,0,401,82,0,82,483
03/04/2023,HPN,NY,AEA,EN,Towers with Radar,72,92,46,0,210,0,0,7,0,7,72,92,53,0,217,0,0,0,217
03/05/2023,HPN,NY,AEA,EN,Towers with Radar,85,139,108,0,332,0,5,141,0,146,85,144,249,0,478,100,0,100,578
03/06/2023,HPN,NY,AEA,EN,Towers with Radar,83,99,89,0,271,0,8,80,0,88,83,107,169,0,359,56,0,56,415
03/07/2023,HPN,NY,AEA,EN,Towers with Radar,69,114,52,2,237,0,6,31,2,39,69,120,83,4,276,0,0,0,276
03/08/2023,HPN,NY,AEA,EN,Towers with Radar,79,89,73,0,241,0,1,35,0,36,79,90,108,0,277,14,0,14,291
03/09/2023,HPN,NY,AEA,EN,Towers with Radar,92,132,99,0,323,0,3,109,0,112,92,135,208,0,435,58,0,58,493
03/10/2023,HPN,NY,AEA,EN,Towers with Radar,81,160,102,0,343,0,2,58,0,60,81,162,160,0,403,106,0,106,509
03/11/2023,HPN,NY,AEA,EN,Towers with Radar,68,125,73,0,266,0,4,25,0,29,68,129,98,0,295,38,0,38,333
03/12/2023,HPN,NY,AEA,EN,Towers with Radar,81,131,84,0,296,0,6,174,0,180,81,137,258,0,476,136,0,136,612
03/13/2023,HPN,NY,AEA,EN,Towers with Radar,84,98,73,0,255,0,0,0,0,0,84,98,73,0,255,0,0,0,255
03/14/2023,HPN,NY,AEA,EN,Towers with Radar,62,59,44,0,165,0,0,0,0,0,62,59,44,0,165,0,0,0,165
03/15/2023,HPN,NY,AEA,EN,Towers with Radar,77,153,81,0,311,0,1,24,0,25,77,154,105,0,336,8,0,8,344
03/16/2023,HPN,NY,AEA,EN,Towers with Radar,85,117,97,0,299,0,3,186,0,189,85,120,283,0,488,106,0,106,594
03/17/2023,HPN,NY,AEA,EN,Towers with Radar,87,118,80,0,285,0,6,117,0,123,87,124,197,0,408,80,0,80,488
03/18/2023,HPN,NY,AEA,EN,Towers with Radar,68,117,56,0,241,0,3,115,0,118,68,120,171,0,359,138,0,138,497
03/19/2023,HPN,NY,AEA,EN,Towers with Radar,86,155,76,0,317,0,3,62,0,65,86,158,138,0,382,4,0,4,386
03/20/2023,HPN,NY,AEA,EN,Towers with Radar,86,118,78,2,284,0,8,111,0,119,86,126,189,2,403,60,0,60,463
03/21/2023,HPN,NY,AEA,EN,Towers with Radar,81,111,68,0,260,0,4,100,0,104,81,115,168,0,364,34,0,34,398
03/22/2023,HPN,NY,AEA,EN,Towers with Radar,76,108,87,0,271,0,4,104,1,109,76,112,191,1,380,90,0,90,470
03/23/2023,HPN,NY,AEA,EN,Towers with Radar,84,117,105,0,306,0,0,12,0,12,84,117,117,0,318,0,0,0,318
03/24/2023,HPN,NY,AEA,EN,Towers with Radar,86,120,69,1,276,0,9,115,0,124,86,129,184,1,400,116,0,116,516
03/25/2023,HPN,NY,AEA,EN,Towers with Radar,66,109,44,0,219,0,0,4,0,4,66,109,48,0,223,0,0,0,223
03/26/2023,HPN,NY,AEA,EN,Towers with Radar,82,179,93,0,354,0,4,102,0,106,82,183,195,0,460,48,0,48,508
03/27/2023,HPN,NY,AEA,EN,Towers with Radar,85,111,78,0,274,0,5,78,0,83,85,116,156,0,357,66,0,66,423
03/28/2023,HPN,NY,AEA,EN,Towers with Radar,74,114,60,0,248,0,2,59,0,61,74,116,119,0,309,90,0,90,399
03/29/2023,HPN,NY,AEA,EN,Towers with Radar,80,94,83,0,257,0,8,136,0,144,80,102,219,0,401,96,0,96,497
03/30/2023,HPN,NY,AEA,EN,Towers with Radar,94,125,79,0,298,0,8,103,0,111,94,133,182,0,409,28,0,28,437
03/31/2023,HPN,NY,AEA,EN,Towers with Radar,86,130,79,0,295,0,3,113,0,116,86,133,192,0,411,60,0,60,471
04/01/2023,HPN,NY,AEA,EN,Towers with Radar,69,113,46,0,228,0,1,5,0,6,69,114,51,0,234,0,0,0,234
04/02/2023,HPN,NY,AEA,EN,Towers with Radar,83,150,89,0,322,0,8,107,0,115,83,158,196,0,437,10,0,10,447
04/03/2023,HPN,NY,AEA,EN,Towers with Radar,84,119,58,0,261,0,5,92,0,97,84,124,150,0,358,64,0,64,422
04/04/2023,HPN,NY,AEA,EN,Towers with Radar,77,137,109,0,323,0,70,76,0,146,77,207,185,0,469,66,0,66,535
04/05/2023,HPN,NY,AEA,EN,Towers with Radar,76,138,108,0,322,0,0,4,0,4,76,138,112,0,326,0,0,0,326
04/06/2023,HPN,NY,AEA,EN,Towers with Radar,96,156,127,0,379,0,2,31,0,33,96,158,158,0,412,0,0,0,412
04/07/2023,HPN,NY,AEA,EN,Towers with Radar,86,131,95,0,312,0,10,132,0,142,86,141,227,0,454,54,0,54,508
04/08/2023,HPN,NY,AEA,EN,Towers with Radar,72,102,59,0,233,0,12,176,0,188,72,114,235,0,421,144,0,144,565
04/09/2023,HPN,NY,AEA,EN,Towers with Radar,87,167,83,0,337,0,13,142,0,155,87,180,225,0,492,108,0,108,600
04/10/2023,HPN,NY,AEA,EN,Towers with Radar,88,160,104,0,352,0,13,143,0,156,88,173,247,0,508,84,0,84,592
04/11/2023,HPN,NY,AEA,EN,Towers with Radar,76,110,55,0,241,0,4,103,2,109,76,114,158,2,350,60,0,60,410
04/12/2023,HPN,NY,AEA,EN,Towers with Radar,75,111,67,0,253,0,6,66,0,72,75,117,133,0,325,24,0,24,349
04/13/2023,HPN,NY,AEA,EN,Towers with Radar,75,124,71,0,270,0,7,151,0,158,75,131,222,0,428,86,0,86,514
04/14/2023,HPN,NY,AEA,EN,Towers with Radar,93,130,81,0,304,0,8,154,0,162,93,138,235,0,466,70,0,70,536
04/15/2023,HPN,NY,AEA,EN,Towers with Radar,66,140,66,0,272,0,0,17,0,17,66,140,83,0,289,24,0,24,313
04/16/2023,HPN,NY,AEA,EN,Towers with Radar,83,194,116,0,393,0,2,14,0,16,83,196,130,0,409,8,0,8,417
04/17/2023,HPN,NY,AEA,EN,Towers with Radar,80,128,96,0,304,0,2,33,0,35,80,130,129,0,339,6,0,6,345
04/18/2023,HPN,NY,AEA,EN,Towers with Radar,75,122,84,0,281,0,3,72,0,75,75,125,156,0,356,60,0,60,416
04/19/2023,HPN,NY,AEA,EN,Towers with Radar,77,102,65,0,244,0,5,119,0,124,77,107,184,0,368,104,0,104,472
04/20/2023,HPN,NY,AEA,EN,Towers with Radar,86,125,78,0,289,0,12,135,0,147,86,137,213,0,436,140,0,140,576
04/21/2023,HPN,NY,AEA,EN,Towers with Radar,83,119,68,0,270,0,8,173,0,181,83,127,241,0,451,92,0,92,543
04/22/2023,HPN,NY,AEA,EN,Towers with Radar,63,98,46,0,207,0,0,7,0,7,63,98,53,0,214,18,0,18,232
04/23/2023,HPN,NY,AEA,EN,Towers with Radar,84,164,109,0,357,0,7,39,0,46,84,171,148,0,403,54,0,54,457
04/24/2023,HPN,NY,AEA,EN,Towers with Radar,88,136,85,0,309,0,5,142,0,147,88,141,227,0,456,116,0,116,572
04/25/2023,HPN,NY,AEA,EN,Towers with Radar,73,118,82,0,273,0,10,115,0,125,73,128,197,0,398,166,0,166,564
04/26/2023,HPN,NY,AEA,EN,Towers with Radar,75,120,98,0,293,0,8,102,0,110,75,128,200,0,403,78,0,78,481
04/27/2023,HPN,NY,AEA,EN,Towers with Radar,88,154,97,0,339,0,2,51,0,53,88,156,148,0,392,0,0,0,392
04/28/2023,HPN,NY,AEA,EN,Towers with Radar,84,132,99,0,315,0,10,81,0,91,84,142,180,0,406,80,0,80,486
04/29/2023,HPN,NY,AEA,EN,Towers with Radar,70,115,43,0,228,0,0,0,0,0,70,115,43,0,228,0,0,0,228
04/30/2023,HPN,NY,AEA,EN,Towers with Radar,78,217,81,0,376,0,0,0,0,0,78,217,81,0,376,0,0,0,376
05/01/2023,HPN,NY,AEA,EN,Towers with Radar,82,130,108,0,320,0,8,107,0,115,82,138,215,0,435,28,0,28,463
05/02/2023,HPN,NY,AEA,EN,Towers with Radar,68,99,61,0,228,0,3,13,0,16,68,102,74,0,244,0,0,0,244
05/03/2023,HPN,NY,AEA,EN,Towers with Radar,73,135,100,0,308,0,6,89,0,95,73,141,189,0,403,172,0,172,575
05/04/2023,HPN,NY,AEA,EN,Towers with Radar,84,151,116,0,351,0,11,57,0,68,84,162,173,0,419,32,0,32,451
05/05/2023,HPN,NY,AEA,EN,Towers with Radar,89,160,114,0,363,0,7,134,0,141,89,167,248,0,504,48,0,48,552
05/06/2023,HPN,NY,AEA,EN,Towers with Radar,73,68,51,0,192,0,8,181,0,189,73,76,232,0,381,72,0,72,453
05/07/2023,HPN,NY,AEA,EN,Towers with Radar,85,161,115,0,361,0,12,180,1,193,85,173,295,1,554,82,0,82,636
05/08/2023,HPN,NY,AEA,EN,Towers with Radar,86,122,87,0,295,0,17,129,0,146,86,139,216,0,441,116,0,116,557
05/09/2023,HPN,NY,AEA,EN,Towers with Radar,80,110,108,0,298,0,19,121,0,140,80,129,229,0,438,124,0,124,562
05/10/2023,HPN,NY,AEA,EN,Towers with Radar,85,106,62,1,254,0,6,55,0,61,85,112,117,1,315,24,0,24,339
05/11/2023,HPN,NY,AEA,EN,Towers with Radar,88,137,119,0,344,0,20,226,2,248,88,157,345,2,592,42,0,42,634
05/12/2023,HPN,NY,AEA,EN,Towers with Radar,86,145,90,0,321,0,14,186,0,200,86,159,276,0,521,142,0,142,663
05/13/2023,HPN,NY,AEA,EN,Towers with Radar,68,98,57,0,223,0,9,179,0,188,68,107,236,0,411,112,0,112,523
05/14/2023,HPN,NY,AEA,EN,Towers with Radar,82,169,82,0,333,0,22,172,0,194,82,191,254,0,527,58,0,58,585
05/15/2023,HPN,NY,AEA,EN,Towers with Radar,88,139,93,0,320,0,10,155,0,165,88,149,248,0,485,124,0,124,609
05/16/2023,HPN,NY,AEA,EN,Towers with Radar,74,103,95,0,272,0,7,128,0,135,74,110,223,0,407,48,0,48,455
05/17/2023,HPN,NY,AEA,EN,Towers with Radar,74,127,88,0,289,0,14,99,0,113,74,141,187,0,402,10,0,10,412
05/18/2023,HPN,NY,AEA,EN,Towers with Radar,82,104,137,0,323,0,26,206,0,232,82,130,343,0,555,82,0,82,637
05/19/2023,HPN,NY,AEA,EN,Towers with Radar,85,162,102,0,349,0,77,103,0,180,85,239,205,0,529,30,0,30,559
05/20/2023,HPN,NY,AEA,EN,Towers with Radar,73,84,52,0,209,0,0,0,0,0,73,84,52,0,209,0,0,0,209
05/21/2023,HPN,NY,AEA,EN,Towers with Radar,87,142,105,0,334,0,52,116,0,168,87,194,221,0,502,48,0,48,550
05/22/2023,HPN,NY,AEA,EN,Towers with Radar,85,117,104,0,306,0,21,122,0,143,85,138,226,0,449,76,0,76,525
05/23/2023,HPN,NY,AEA,EN,Towers with Radar,71,115,88,1,275,0,17,153,2,172,71,132,241,3,447,74,0,74,521
05/24/2023,HPN,NY,AEA,EN,Towers with Radar,74,169,103,2,348,0,11,117,0,128,74,180,220,2,476,88,0,88,564
05/25/2023,HPN,NY,AEA,EN,Towers with Radar,81,155,112,0,348,0,41,137,0,178,81,196,249,0,526,30,0,30,556
05/26/2023,HPN,NY,AEA,EN,Towers with Radar,77,137,83,0,297,0,53,84,0,137,77,190,167,0,434,0,0,0,434
05/27/2023,HPN,NY,AEA,EN,Towers with Radar,67,70,40,0,177,0,20,179,0,199,67,90,219,0,376,102,0,102,478
05/28/2023,HPN,NY,AEA,EN,Towers with Radar,69,90,38,0,197,0,21,128,0,149,69,111,166,0,346,130,0,130,476
05/29/2023,HPN,NY,AEA,EN,Towers with Radar,81,172,75,0,328,0,57,221,0,278,81,229,296,0,606,90,0,90,696
05/30/2023,HPN,NY,AEA,EN,Towers with Radar,75,113,81,0,269,0,49,159,0,208,75,162,240,0,477,138,0,138,615
05/31/2023,HPN,NY,AEA,EN,Towers with Radar,74,145,77,0,296,0,15,140,0,155,74,160,217,0,451,126,0,126,577
06/01/2023,HPN,NY,AEA,EN,Towers with Radar,86,121,93,0,300,0,16,159,0,175,86,137,252,0,475,156,0,156,631
06/02/2023,HPN,NY,AEA,EN,Towers with Radar,89,129,76,0,294,0,20,119,0,139,89,149,195,0,433,134,0,134,567
06/03/2023,HPN,NY,AEA,EN,Towers with Radar,70,110,88,0,268,0,0,38,0,38,70,110,126,0,306,14,0,14,320
06/04/2023,HPN,NY,AEA,EN,Towers with Radar,86,152,106,0,344,0,11,152,0,163,86,163,258,0,507,18,0,18,525
06/05/2023,HPN,NY,AEA,EN,Towers with Radar,94,133,92,0,319,0,16,96,0,112,94,149,188,0,431,76,0,76,507
06/06/2023,HPN,NY,AEA,EN,Towers with Radar,72,126,98,0,296,0,1,30,0,31,72,127,128,0,327,18,0,18,345
06/07/2023,HPN,NY,AEA,EN,Towers with Radar,87,113,120,0,320,0,3,26,0,29,87,116,146,0,349,10,0,10,359
06/08/2023,HPN,NY,AEA,EN,Towers with Radar,90,202,128,0,420,0,10,50,0,60,90,212,178,0,480,24,0,24,504
06/09/2023,HPN,NY,AEA,EN,Towers with Radar,85,148,90,0,323,0,9,46,0,55,85,157,136,0,378,0,0,0,378
06/10/2023,HPN,NY,AEA,EN,Towers with Radar,66,74,40,0,180,0,9,157,0,166,66,83,197,0,346,56,0,56,402
06/11/2023,HPN,NY,AEA,EN,Towers with Radar,76,152,108,0,336,0,25,180,0,205,76,177,288,0,541,76,0,76,617
06/12/2023,HPN,NY,AEA,EN,Towers with Radar,93,123,97,0,313,0,5,44,0,49,93,128,141,0,362,0,0,0,362
06/13/2023,HPN,NY,AEA,EN,Towers with Radar,75,136,98,0,309,0,1,64,1,66,75,137,162,1,375,0,0,0,375
06/14/2023,HPN,NY,AEA,EN,Towers with Radar,79,152,133,0,364,0,6,50,0,56,79,158,183,0,420,0,0,0,420
06/15/2023,HPN,NY,AEA,EN,Towers with Radar,82,168,107,0,357,0,32,49,0,81,82,200,156,0,438,0,0,0,438
06/16/2023,HPN,NY,AEA,EN,Towers with Radar,83,136,109,2,330,0,9,96,1,106,83,145,205,3,436,32,0,32,468
06/17/2023,HPN,NY,AEA,EN,Towers with Radar,66,132,80,0,278,0,2,84,1,87,66,134,164,1,365,98,0,98,463
06/18/2023,HPN,NY,AEA,EN,Towers with Radar,83,131,79,0,293,0,21,167,0,188,83,152,246,0,481,90,0,90,571
06/19/2023,HPN,NY,AEA,EN,Towers with Radar,85,151,82,0,318,0,33,172,0,205,85,184,254,0,523,147,0,147,670
06/20/2023,HPN,NY,AEA,EN,Towers with Radar,75,90,103,0,268,0,10,80,0,90,75,100,183,0,358,42,0,42,400
06/21/2023,HPN,NY,AEA,EN,Towers with Radar,77,119,105,0,301,0,14,104,0,118,77,133,209,0,419,68,0,68,487
06/22/2023,HPN,NY,AEA,EN,Towers with Radar,88,183,99,0,370,0,6,50,0,56,88,189,149,0,426,6,0,6,432
06/23/2023,HPN,NY,AEA,EN,Towers with Radar,102,147,152,0,401,0,0,5,0,5,102,147,157,0,406,0,0,0,406
06/24/2023,HPN,NY,AEA,EN,Towers with Radar,73,117,49,0,239,0,0,3,0,3,73,117,52,0,242,0,0,0,242
06/25/2023,HPN,NY,AEA,EN,Towers with Radar,78,186,127,0,391,0,10,66,0,76,78,196,193,0,467,4,0,4,471
06/26/2023,HPN,NY,AEA,EN,Towers with Radar,62,145,114,0,321,0,2,14,0,16,62,147,128,0,337,16,0,16,353
06/27/2023,HPN,NY,AEA,EN,Towers with Radar,61,176,112,0,349,0,2,17,0,19,61,178,129,0,368,14,0,14,382
06/28/2023,HPN,NY,AEA,EN,Towers with Radar,75,131,104,0,310,0,17,81,0,98,75,148,185,0,408,62,0,62,470
06/29/2023,HPN,NY,AEA,EN,Towers with Radar,84,166,114,0,364,0,37,99,1,137,84,203,213,1,501,0,0,0,501
06/30/2023,HPN,NY,AEA,EN,Towers with Radar,86,236,186,0,508,0,2,15,0,17,86,238,201,0,525,0,0,0,525
07/01/2023,HPN,NY,AEA,EN,Towers with Radar,57,132,90,0,279,0,18,40,0,58,57,150,130,0,337,0,0,0,337
07/02/2023,HPN,NY,AEA,EN,Towers with Radar,70,98,53,0,221,0,3,29,0,32,70,101,82,0,253,44,0,44,297
07/03/2023,HPN,NY,AEA,EN,Towers with Radar,65,70,40,0,175,0,15,78,0,93,65,85,118,0,268,74,0,74,342
07/04/2023,HPN,NY,AEA,EN,Towers with Radar,52,113,46,0,211,0,8,34,0,42,52,121,80,0,253,20,0,20,273
07/05/2023,HPN,NY,AEA,EN,Towers with Radar,59,138,84,0,281,0,19,159,1,179,59,157,243,1,460,122,0,122,582
07/06/2023,HPN,NY,AEA,EN,Towers with Radar,58,119,52,0,229,0,27,155,0,182,58,146,207,0,411,100,0,100,511
07/07/2023,HPN,NY,AEA,EN,Towers with Radar,60,110,69,0,239,0,22,103,0,125,60,132,172,0,364,99,0,99,463
07/08/2023,HPN,NY,AEA,EN,Towers with Radar,59,113,70,0,242,0,9,35,0,44,59,122,105,0,286,0,0,0,286
07/09/2023,HPN,NY,AEA,EN,Towers with Radar,53,154,101,0,308,0,4,23,0,27,53,158,124,0,335,0,0,0,335
07/10/2023,HPN,NY,AEA,EN,Towers with Radar,79,179,141,0,399,0,11,96,0,107,79,190,237,0,506,50,0,50,556
07/11/2023,HPN,NY,AEA,EN,Towers with Radar,61,107,80,0,248,0,25,64,0,89,61,132,144,0,337,0,0,0,337
07/12/2023,HPN,NY,AEA,EN,Towers with Radar,68,89,77,0,234,0,24,74,0,98,68,113,151,0,332,0,0,0,332
07/13/2023,HPN,NY,AEA,EN,Towers with Radar,75,126,87,0,288,0,56,65,0,121,75,182,152,0,409,0,0,0,409
07/14/2023,HPN,NY,AEA,EN,Towers with Radar,70,153,96,0,319,0,4,26,0,30,70,157,122,0,349,2,0,2,351
07/15/2023,HPN,NY,AEA,EN,Towers with Radar,56,117,85,0,258,0,15,28,2,45,56,132,113,2,303,0,0,0,303
07/16/2023,HPN,NY,AEA,EN,Towers with Radar,56,173,99,0,328,0,0,8,0,8,56,173,107,0,336,0,0,0,336
07/17/2023,HPN,NY,AEA,EN,Towers with Radar,73,161,118,0,352,0,25,150,2,177,73,186,268,2,529,90,0,90,619
07/18/2023,HPN,NY,AEA,EN,Towers with Radar,64,133,97,0,294,0,9,46,0,55,64,142,143,0,349,14,0,14,363
07/19/2023,HPN,NY,AEA,EN,Towers with Radar,63,121,103,0,287,0,16,124,0,140,63,137,227,0,427,96,0,96,523
07/20/2023,HPN,NY,AEA,EN,Towers with Radar,76,168,97,1,342,0,53,251,0,304,76,221,348,1,646,78,0,78,724
07/21/2023,HPN,NY,AEA,EN,Towers with Radar,71,163,77,0,311,0,29,92,2,123,71,192,169,2,434,28,0,28,462
07/22/2023,HPN,NY,AEA,EN,Towers with Radar,60,118,42,0,220,0,21,178,0,199,60,139,220,0,419,28,0,28,447
07/23/2023,HPN,NY,AEA,EN,Towers with Radar,69,114,78,0,261,0,53,235,0,288,69,167,313,0,549,66,0,66,615
07/24/2023,HPN,NY,AEA,EN,Towers with Radar,71,97,76,0,244,0,37,118,0,155,71,134,194,0,399,18,0,18,417
07/25/2023,HPN,NY,AEA,EN,Towers with Radar,58,104,78,0,240,0,19,74,0,93,58,123,152,0,333,166,0,166,499
07/26/2023,HPN,NY,AEA,EN,Towers with Radar,63,139,81,0,283,0,28,162,0,190,63,167,243,0,473,30,0,30,503
07/27/2023,HPN,NY,AEA,EN,Towers with Radar,73,131,89,0,293,0,41,83,0,124,73,172,172,0,417,6,0,6,423
07/28/2023,HPN,NY,AEA,EN,Towers with Radar,72,112,78,0,262,0,49,84,0,133,72,161,162,0,395,0,0,0,395
07/29/2023,HPN,NY,AEA,EN,Towers with Radar,54,95,56,0,205,0,16,53,1,70,54,111,109,1,275,0,0,0,275
07/30/2023,HPN,NY,AEA,EN,Towers with Radar,74,146,91,0,311,0,49,214,0,263,74,195,305,0,574,52,0,52,626
07/31/2023,HPN,NY,AEA,EN,Towers with Radar,72,119,67,0,258,0,42,184,1,227,72,161,251,1,485,62,0,62,547
08/01/2023,HPN,NY,AEA,EN,Towers with Radar,58,109,74,0,241,0,25,137,0,162,58,134,211,0,403,44,0,44,447
08/02/2023,HPN,NY,AEA,EN,Towers with Radar,67,134,81,1,283,0,29,193,0,222,67,163,274,1,505,36,0,36,541
08/03/2023,HPN,NY,AEA,EN,Towers with Radar,74,145,84,0,303,0,49,171,0,220,74,194,255,0,523,42,0,42,565
08/04/2023,HPN,NY,AEA,EN,Towers with Radar,76,194,94,0,364,0,9,55,0,64,76,203,149,0,428,32,0,32,460
08/05/2023,HPN,NY,AEA,EN,Towers with Radar,62,119,50,0,231,0,19,194,0,213,62,138,244,0,444,148,0,148,592
08/06/2023,HPN,NY,AEA,EN,Towers with Radar,69,132,91,0,292,0,46,232,0,278,69,178,323,0,570,92,0,92,662
08/07/2023,HPN,NY,AEA,EN,Towers with Radar,69,175,112,0,356,0,1,14,0,15,69,176,126,0,371,0,0,0,371
08/08/2023,HPN,NY,AEA,EN,Towers with Radar,64,107,81,0,252,0,9,19,0,28,64,116,100,0,280,0,0,0,280
08/09/2023,HPN,NY,AEA,EN,Towers with Radar,74,131,73,0,278,0,23,86,0,109,74,154,159,0,387,12,0,12,399
08/10/2023,HPN,NY,AEA,EN,Towers with Radar,70,172,95,0,337,0,21,47,0,68,70,193,142,0,405,0,0,0,405
08/11/2023,HPN,NY,AEA,EN,Towers with Radar,73,126,81,0,280,0,48,88,0,136,73,174,169,0,416,0,0,0,416
08/12/2023,HPN,NY,AEA,EN,Towers with Radar,54,133,58,0,245,0,15,114,0,129,54,148,172,0,374,66,0,66,440
08/13/2023,HPN,NY,AEA,EN,Towers with Radar,70,161,113,0,344,0,37,173,0,210,70,198,286,0,554,80,0,80,634
08/14/2023,HPN,NY,AEA,EN,Towers with Radar,74,128,71,0,273,0,51,154,0,205,74,179,225,0,478,56,0,56,534
08/15/2023,HPN,NY,AEA,EN,Towers with Radar,72,158,90,0,320,0,0,13,0,13,72,158,103,0,333,0,0,0,333
08/16/2023,HPN,NY,AEA,EN,Towers with Radar,69,126,111,0,306,0,6,81,0,87,69,132,192,0,393,68,0,68,461
08/17/2023,HPN,NY,AEA,EN,Towers with Radar,72,201,132,0,405,0,0,13,0,13,72,201,145,0,418,0,0,0,418
08/18/2023,HPN,NY,AEA,EN,Towers with Radar,78,156,86,0,320,0,39,159,0,198,78,195,245,0,518,0,0,0,518
08/19/2023,HPN,NY,AEA,EN,Towers with Radar,61,132,75,0,268,0,26,154,0,180,61,158,229,0,448,92,0,92,540
08/20/2023,HPN,NY,AEA,EN,Towers with Radar,72,139,99,0,310,0,42,189,1,232,72,181,288,1,542,84,0,84,626
08/21/2023,HPN,NY,AEA,EN,Towers with Radar,72,118,64,1,255,0,39,184,0,223,72,157,248,1,478,138,0,138,616
08/22/2023,HPN,NY,AEA,EN,Towers with Radar,61,86,81,1,229,0,19,56,0,75,61,105,137,1,304,0,0,0,304
08/23/2023,HPN,NY,AEA,EN,Towers with Radar,67,95,76,0,238,0,33,139,1,173,67,128,215,1,411,94,0,94,505
08/24/2023,HPN,NY,AEA,EN,Towers with Radar,79,167,101,0,347,0,7,43,0,50,79,174,144,0,397,50,0,50,447
08/25/2023,HPN,NY,AEA,EN,Towers with Radar,81,154,91,0,326,0,0,5,0,5,81,154,96,0,331,0,0,0,331
08/26/2023,HPN,NY,AEA,EN,Towers with Radar,61,97,76,0,234,0,17,93,0,110,61,114,169,0,344,58,0,58,402
08/27/2023,HPN,NY,AEA,EN,Towers with Radar,73,155,78,0,306,0,53,215,0,268,73,208,293,0,574,64,0,64,638
08/28/2023,HPN,NY,AEA,EN,Towers with Radar,71,157,99,0,327,0,7,70,0,77,71,164,169,0,404,70,0,70,474
08/29/2023,HPN,NY,AEA,EN,Towers with Radar,65,111,80,0,256,0,3,11,0,14,65,114,91,0,270,8,0,8,278
08/30/2023,HPN,NY,AEA,EN,Towers with Radar,64,109,69,0,242,0,17,90,0,107,64,126,159,0,349,70,0,70,419
08/31/2023,HPN,NY,AEA,EN,Towers with Radar,77,123,84,0,284,0,46,161,0,207,77,169,245,0,491,18,0,18,509
