01/01/2020,HRL,TX,ASW,CE,Federal Contract Tower,13,16,5,0,34,0,0,0,0,0,13,16,5,0,34,0,0,0,34
01/02/2020,HRL,TX,ASW,CE,Federal Contract Tower,24,13,9,10,56,0,0,9,3,12,24,13,18,13,68,8,18,26,94
01/03/2020,HRL,TX,ASW,CE,Federal Contract Tower,24,14,7,1,46,0,0,12,2,14,24,14,19,3,60,6,30,36,96
01/04/2020,HRL,TX,ASW,CE,Federal Contract Tower,23,6,4,2,35,0,0,20,0,20,23,6,24,2,55,38,2,40,95
01/05/2020,HRL,TX,ASW,CE,Federal Contract Tower,17,16,10,2,45,0,0,8,1,9,17,16,18,3,54,16,18,34,88
01/07/2020,HRL,TX,ASW,CE,Federal Contract Tower,26,7,10,12,55,0,0,14,3,17,26,7,24,15,72,4,12,16,88
01/08/2020,HRL,TX,ASW,CE,Federal Contract Tower,22,18,7,6,53,0,0,16,0,16,22,18,23,6,69,26,8,34,103
01/09/2020,HRL,TX,ASW,CE,Federal Contract Tower,27,14,16,5,62,0,5,19,7,31,27,19,35,12,93,8,18,26,119
01/10/2020,HRL,TX,ASW,CE,Federal Contract Tower,23,13,11,3,50,0,0,5,4,9,23,13,16,7,59,0,150,150,209
01/11/2020,HRL,TX,ASW,CE,Federal Contract Tower,17,9,8,5,39,0,0,13,3,16,17,9,21,8,55,0,46,46,101
01/12/2020,HRL,TX,ASW,CE,Federal Contract Tower,19,10,3,7,39,0,0,21,1,22,19,10,24,8,61,16,96,112,173
01/13/2020,HRL,TX,ASW,CE,Federal Contract Tower,27,9,13,3,52,0,0,3,0,3,27,9,16,3,55,6,32,38,93
01/15/2020,HRL,TX,ASW,CE,Federal Contract Tower,22,13,8,11,54,0,0,8,4,12,22,13,16,15,66,0,104,104,170
01/16/2020,HRL,TX,ASW,CE,Federal Contract Tower,27,12,13,21,73,0,0,10,10,20,27,12,23,31,93,48,208,256,349
01/17/2020,HRL,TX,ASW,CE,Federal Contract Tower,23,16,6,19,64,0,0,21,3,24,23,16,27,22,88,22,90,112,200
01/18/2020,HRL,TX,ASW,CE,Federal Contract Tower,17,9,10,6,42,0,0,9,2,11,17,9,19,8,53,24,56,80,133
01/19/2020,HRL,TX,ASW,CE,Federal Contract Tower,19,9,7,0,35,0,0,8,0,8,19,9,15,0,43,0,0,0,43
01/21/2020,HRL,TX,ASW,CE,Federal Contract Tower,33,1,13,9,56,0,0,17,2,19,33,1,30,11,75,30,26,56,131
01/22/2020,HRL,TX,ASW,CE,Federal Contract Tower,27,13,9,16,65,0,0,9,7,16,27,13,18,23,81,46,92,138,219
01/23/2020,HRL,TX,ASW,CE,Federal Contract Tower,25,13,19,11,68,0,0,20,3,23,25,13,39,14,91,58,20,78,169
01/24/2020,HRL,TX,ASW,CE,Federal Contract Tower,22,12,14,4,52,0,0,18,4,22,22,12,32,8,74,50,48,98,172
01/25/2020,HRL,TX,ASW,CE,Federal Contract Tower,18,8,4,9,39,0,0,16,0,16,18,8,20,9,55,28,14,42,97
01/26/2020,HRL,TX,ASW,CE,Federal Contract Tower,16,11,6,3,36,0,0,12,0,12,16,11,18,3,48,62,18,80,128
01/28/2020,HRL,TX,ASW,CE,Federal Contract Tower,26,8,9,11,54,0,0,11,3,14,26,8,20,14,68,64,56,120,188
01/29/2020,HRL,TX,ASW,CE,Federal Contract Tower,24,12,16,13,65,0,0,32,1,33,24,12,48,14,98,116,10,126,224
01/30/2020,HRL,TX,ASW,CE,Federal Contract Tower,29,11,8,26,74,0,0,27,3,30,29,11,35,29,104,122,104,226,330
01/31/2020,HRL,TX,ASW,CE,Federal Contract Tower,24,13,15,8,60,0,0,10,0,10,24,13,25,8,70,80,10,90,160
02/01/2020,HRL,TX,ASW,CE,Federal Contract Tower,15,8,3,1,27,0,0,25,3,28,15,8,28,4,55,166,22,188,243
02/02/2020,HRL,TX,ASW,CE,Federal Contract Tower,18,17,7,2,44,0,0,19,0,19,18,17,26,2,63,102,4,106,169
02/03/2020,HRL,TX,ASW,CE,Federal Contract Tower,21,13,7,7,48,0,0,9,1,10,21,13,16,8,58,30,72,102,160
02/04/2020,HRL,TX,ASW,CE,Federal Contract Tower,25,11,9,20,65,0,0,22,1,23,25,11,31,21,88,66,208,274,362
02/05/2020,HRL,TX,ASW,CE,Federal Contract Tower,22,14,10,45,91,0,0,5,6,11,22,14,15,51,102,62,152,214,316
02/06/2020,HRL,TX,ASW,CE,Federal Contract Tower,26,15,17,13,71,0,0,32,0,32,26,15,49,13,103,71,34,105,208
02/07/2020,HRL,TX,ASW,CE,Federal Contract Tower,24,18,20,9,71,0,0,26,2,28,24,18,46,11,99,6,68,74,173
02/08/2020,HRL,TX,ASW,CE,Federal Contract Tower,13,9,5,2,29,0,0,14,0,14,13,9,19,2,43,2,10,12,55
02/09/2020,HRL,TX,ASW,CE,Federal Contract Tower,17,11,11,0,39,0,0,4,0,4,17,11,15,0,43,28,0,28,71
02/10/2020,HRL,TX,ASW,CE,Federal Contract Tower,32,8,12,18,70,5,0,6,0,11,37,8,18,18,81,16,104,120,201
02/11/2020,HRL,TX,ASW,CE,Federal Contract Tower,30,5,11,9,55,0,0,2,0,2,30,5,13,9,57,28,18,46,103
02/12/2020,HRL,TX,ASW,CE,Federal Contract Tower,24,14,17,13,68,0,0,13,1,14,24,14,30,14,82,68,66,134,216
02/13/2020,HRL,TX,ASW,CE,Federal Contract Tower,26,14,11,3,54,0,1,21,5,27,26,15,32,8,81,0,60,60,141
02/14/2020,HRL,TX,ASW,CE,Federal Contract Tower,21,18,6,2,47,0,1,21,3,25,21,19,27,5,72,30,20,50,122
02/15/2020,HRL,TX,ASW,CE,Federal Contract Tower,19,8,6,4,37,0,0,8,0,8,19,8,14,4,45,0,8,8,53
02/16/2020,HRL,TX,ASW,CE,Federal Contract Tower,19,12,8,0,39,0,0,6,0,6,19,12,14,0,45,38,0,38,83
02/17/2020,HRL,TX,ASW,CE,Federal Contract Tower,23,12,9,2,46,0,0,18,0,18,23,12,27,2,64,56,2,58,122
02/18/2020,HRL,TX,ASW,CE,Federal Contract Tower,23,13,10,16,62,0,0,25,4,29,23,13,35,20,91,65,220,285,376
02/19/2020,HRL,TX,ASW,CE,Federal Contract Tower,25,14,9,9,57,0,0,1,1,2,25,14,10,10,59,16,34,50,109
02/20/2020,HRL,TX,ASW,CE,Federal Contract Tower,23,16,20,15,74,0,0,1,0,1,23,16,21,15,75,0,24,24,99
02/21/2020,HRL,TX,ASW,CE,Federal Contract Tower,20,21,11,3,55,0,0,17,1,18,20,21,28,4,73,92,58,150,223
02/22/2020,HRL,TX,ASW,CE,Federal Contract Tower,14,15,5,6,40,0,0,31,0,31,14,15,36,6,71,62,10,72,143
02/23/2020,HRL,TX,ASW,CE,Federal Contract Tower,15,13,15,5,48,0,0,17,3,20,15,13,32,8,68,132,58,190,258
02/24/2020,HRL,TX,ASW,CE,Federal Contract Tower,19,15,7,12,53,0,0,19,1,20,19,15,26,13,73,42,56,98,171
02/25/2020,HRL,TX,ASW,CE,Federal Contract Tower,22,13,7,6,48,4,0,10,1,15,26,13,17,7,63,62,36,98,161
02/26/2020,HRL,TX,ASW,CE,Federal Contract Tower,25,12,5,9,51,0,0,24,6,30,25,12,29,15,81,54,88,142,223
02/27/2020,HRL,TX,ASW,CE,Federal Contract Tower,26,17,11,5,59,0,0,40,2,42,26,17,51,7,101,48,56,104,205
02/28/2020,HRL,TX,ASW,CE,Federal Contract Tower,23,15,13,2,53,0,0,23,2,25,23,15,36,4,78,18,46,64,142
02/29/2020,HRL,TX,ASW,CE,Federal Contract Tower,18,17,4,0,39,0,0,12,1,13,18,17,16,1,52,0,18,18,70
03/01/2020,HRL,TX,ASW,CE,Federal Contract Tower,14,14,5,0,33,0,0,7,0,7,14,14,12,0,40,0,0,0,40
03/02/2020,HRL,TX,ASW,CE,Federal Contract Tower,18,15,10,16,59,0,0,7,1,8,18,15,17,17,67,0,54,54,121
03/03/2020,HRL,TX,ASW,CE,Federal Contract Tower,23,12,12,23,70,0,0,11,0,11,23,12,23,23,81,18,111,129,210
03/04/2020,HRL,TX,ASW,CE,Federal Contract Tower,22,15,11,27,75,0,2,9,3,14,22,17,20,30,89,74,86,160,249
03/05/2020,HRL,TX,ASW,CE,Federal Contract Tower,28,15,11,14,68,0,0,33,2,35,28,15,44,16,103,118,22,140,243
03/06/2020,HRL,TX,ASW,CE,Federal Contract Tower,22,9,10,17,58,0,1,35,3,39,22,10,45,20,97,162,62,224,321
03/07/2020,HRL,TX,ASW,CE,Federal Contract Tower,17,12,5,3,37,0,0,28,2,30,17,12,33,5,67,88,2,90,157
03/08/2020,HRL,TX,ASW,CE,Federal Contract Tower,13,11,5,3,32,0,0,7,0,7,13,11,12,3,39,38,2,40,79
03/09/2020,HRL,TX,ASW,CE,Federal Contract Tower,21,15,4,8,48,0,0,16,3,19,21,15,20,11,67,34,58,92,159
03/10/2020,HRL,TX,ASW,CE,Federal Contract Tower,25,10,9,9,53,0,0,4,1,5,25,10,13,10,58,0,14,14,72
03/11/2020,HRL,TX,ASW,CE,Federal Contract Tower,20,14,2,8,44,0,0,14,4,18,20,14,16,12,62,26,64,90,152
03/12/2020,HRL,TX,ASW,CE,Federal Contract Tower,26,12,8,8,54,0,0,14,4,18,26,12,22,12,72,2,18,20,92
03/13/2020,HRL,TX,ASW,CE,Federal Contract Tower,26,11,4,8,49,0,0,14,1,15,26,11,18,9,64,12,34,46,110
03/14/2020,HRL,TX,ASW,CE,Federal Contract Tower,16,12,5,5,38,0,0,18,3,21,16,12,23,8,59,2,84,86,145
03/15/2020,HRL,TX,ASW,CE,Federal Contract Tower,14,13,4,2,33,0,0,3,0,3,14,13,7,2,36,12,2,14,50
03/16/2020,HRL,TX,ASW,CE,Federal Contract Tower,22,14,14,28,78,0,0,8,1,9,22,14,22,29,87,2,72,74,161
03/17/2020,HRL,TX,ASW,CE,Federal Contract Tower,19,11,10,12,52,0,0,10,6,16,19,11,20,18,68,0,88,88,156
03/18/2020,HRL,TX,ASW,CE,Federal Contract Tower,21,12,5,11,49,0,0,11,6,17,21,12,16,17,66,34,126,160,226
03/19/2020,HRL,TX,ASW,CE,Federal Contract Tower,24,10,9,10,53,0,0,6,2,8,24,10,15,12,61,0,22,22,83
03/20/2020,HRL,TX,ASW,CE,Federal Contract Tower,18,10,3,17,48,0,0,11,2,13,18,10,14,19,61,0,68,68,129
03/21/2020,HRL,TX,ASW,CE,Federal Contract Tower,13,15,0,0,28,0,0,1,0,1,13,15,1,0,29,10,0,10,39
03/22/2020,HRL,TX,ASW,CE,Federal Contract Tower,13,11,5,13,42,0,0,1,0,1,13,11,6,13,43,0,84,84,127
03/23/2020,HRL,TX,ASW,CE,Federal Contract Tower,19,9,7,32,67,0,0,5,9,14,19,9,12,41,81,0,60,60,141
03/24/2020,HRL,TX,ASW,CE,Federal Contract Tower,25,8,5,13,51,0,0,21,8,29,25,8,26,21,80,16,128,144,224
03/25/2020,HRL,TX,ASW,CE,Federal Contract Tower,21,9,8,19,57,0,0,15,4,19,21,9,23,23,76,0,68,68,144
03/26/2020,HRL,TX,ASW,CE,Federal Contract Tower,24,4,1,23,52,0,0,6,4,10,24,4,7,27,62,0,78,78,140
03/27/2020,HRL,TX,ASW,CE,Federal Contract Tower,17,3,2,23,45,0,0,7,4,11,17,3,9,27,56,0,56,56,112
03/28/2020,HRL,TX,ASW,CE,Federal Contract Tower,9,9,1,13,32,0,0,6,0,6,9,9,7,13,38,0,152,152,190
03/29/2020,HRL,TX,ASW,CE,Federal Contract Tower,11,6,4,4,25,0,0,0,0,0,11,6,4,4,25,0,16,16,41
03/30/2020,HRL,TX,ASW,CE,Federal Contract Tower,13,7,2,15,37,0,0,1,4,5,13,7,3,19,42,0,168,168,210
03/31/2020,HRL,TX,ASW,CE,Federal Contract Tower,18,6,1,25,50,0,0,19,6,25,18,6,20,31,75,0,108,108,183
04/01/2020,HRL,TX,ASW,CE,Federal Contract Tower,17,7,3,17,44,0,0,13,5,18,17,7,16,22,62,0,74,74,136
04/02/2020,HRL,TX,ASW,CE,Federal Contract Tower,17,2,3,43,65,0,0,12,2,14,17,2,15,45,79,0,121,121,200
04/03/2020,HRL,TX,ASW,CE,Federal Contract Tower,16,5,4,10,35,0,0,8,3,11,16,5,12,13,46,0,32,32,78
04/04/2020,HRL,TX,ASW,CE,Federal Contract Tower,4,12,2,0,18,0,0,2,0,2,4,12,4,0,20,0,0,0,20
04/05/2020,HRL,TX,ASW,CE,Federal Contract Tower,6,6,0,1,13,0,0,0,0,0,6,6,0,1,13,0,4,4,17
04/06/2020,HRL,TX,ASW,CE,Federal Contract Tower,13,5,7,17,42,0,0,1,1,2,13,5,8,18,44,0,44,44,88
04/07/2020,HRL,TX,ASW,CE,Federal Contract Tower,17,3,5,19,44,0,0,7,11,18,17,3,12,30,62,0,76,76,138
04/08/2020,HRL,TX,ASW,CE,Federal Contract Tower,14,3,7,15,39,0,0,12,5,17,14,3,19,20,56,16,30,46,102
04/09/2020,HRL,TX,ASW,CE,Federal Contract Tower,20,4,2,16,42,0,0,18,6,24,20,4,20,22,66,4,144,148,214
04/10/2020,HRL,TX,ASW,CE,Federal Contract Tower,15,3,1,26,45,0,0,7,9,16,15,3,8,35,61,0,234,234,295
04/11/2020,HRL,TX,ASW,CE,Federal Contract Tower,8,2,3,1,14,0,0,3,1,4,8,2,6,2,18,0,0,0,18
04/12/2020,HRL,TX,ASW,CE,Federal Contract Tower,6,2,0,4,12,0,0,4,0,4,6,2,4,4,16,0,4,4,20
04/13/2020,HRL,TX,ASW,CE,Federal Contract Tower,11,3,3,25,42,0,0,22,6,28,11,3,25,31,70,0,160,160,230
04/14/2020,HRL,TX,ASW,CE,Federal Contract Tower,15,0,1,1,17,0,0,11,5,16,15,0,12,6,33,0,54,54,87
04/15/2020,HRL,TX,ASW,CE,Federal Contract Tower,17,2,4,9,32,0,0,15,8,23,17,2,19,17,55,0,44,44,99
04/16/2020,HRL,TX,ASW,CE,Federal Contract Tower,18,0,4,18,40,0,0,19,6,25,18,0,23,24,65,0,76,76,141
04/17/2020,HRL,TX,ASW,CE,Federal Contract Tower,19,2,2,14,37,0,0,7,1,8,19,2,9,15,45,14,118,132,177
04/18/2020,HRL,TX,ASW,CE,Federal Contract Tower,6,3,0,8,17,0,0,1,4,5,6,3,1,12,22,10,100,110,132
04/19/2020,HRL,TX,ASW,CE,Federal Contract Tower,6,4,3,9,22,0,0,4,0,4,6,4,7,9,26,0,64,64,90
04/20/2020,HRL,TX,ASW,CE,Federal Contract Tower,11,0,1,14,26,0,0,14,1,15,11,0,15,15,41,0,56,56,97
04/21/2020,HRL,TX,ASW,CE,Federal Contract Tower,11,1,2,30,44,0,0,11,7,18,11,1,13,37,62,0,140,140,202
04/22/2020,HRL,TX,ASW,CE,Federal Contract Tower,15,2,7,42,66,0,0,10,19,29,15,2,17,61,95,0,264,264,359
04/23/2020,HRL,TX,ASW,CE,Federal Contract Tower,20,0,3,17,40,0,0,9,4,13,20,0,12,21,53,14,146,160,213
04/24/2020,HRL,TX,ASW,CE,Federal Contract Tower,15,2,2,26,45,0,0,12,0,12,15,2,14,26,57,0,84,84,141
04/25/2020,HRL,TX,ASW,CE,Federal Contract Tower,9,4,3,8,24,0,0,10,0,10,9,4,13,8,34,4,16,20,54
04/26/2020,HRL,TX,ASW,CE,Federal Contract Tower,8,6,2,6,22,0,0,12,3,15,8,6,14,9,37,42,26,68,105
04/27/2020,HRL,TX,ASW,CE,Federal Contract Tower,10,3,4,12,29,0,0,10,3,13,10,3,14,15,42,30,44,74,116
04/28/2020,HRL,TX,ASW,CE,Federal Contract Tower,18,0,6,28,52,0,0,12,1,13,18,0,18,29,65,42,98,140,205
04/29/2020,HRL,TX,ASW,CE,Federal Contract Tower,14,2,4,20,40,0,0,17,11,28,14,2,21,31,68,32,64,96,164
04/30/2020,HRL,TX,ASW,CE,Federal Contract Tower,16,0,1,13,30,0,0,39,2,41,16,0,40,15,71,12,22,34,105
05/01/2020,HRL,TX,ASW,CE,Federal Contract Tower,14,1,5,9,29,0,0,26,5,31,14,1,31,14,60,6,40,46,106
05/02/2020,HRL,TX,ASW,CE,Federal Contract Tower,9,3,1,5,18,0,0,5,0,5,9,3,6,5,23,2,46,48,71
05/03/2020,HRL,TX,ASW,CE,Federal Contract Tower,12,4,3,3,22,0,0,15,0,15,12,4,18,3,37,20,4,24,61
05/04/2020,HRL,TX,ASW,CE,Federal Contract Tower,9,4,7,11,31,0,0,12,4,16,9,4,19,15,47,24,166,190,237
05/05/2020,HRL,TX,ASW,CE,Federal Contract Tower,14,4,7,31,56,0,0,6,7,13,14,4,13,38,69,0,176,176,245
05/06/2020,HRL,TX,ASW,CE,Federal Contract Tower,12,4,7,10,33,0,0,18,4,22,12,4,25,14,55,20,56,76,131
05/07/2020,HRL,TX,ASW,CE,Federal Contract Tower,12,5,5,20,42,0,0,9,1,10,12,5,14,21,52,0,116,116,168
05/08/2020,HRL,TX,ASW,CE,Federal Contract Tower,10,4,9,21,44,0,0,22,6,28,10,4,31,27,72,2,88,90,162
05/09/2020,HRL,TX,ASW,CE,Federal Contract Tower,10,4,3,1,18,0,0,2,0,2,10,4,5,1,20,0,2,2,22
05/10/2020,HRL,TX,ASW,CE,Federal Contract Tower,4,6,1,6,17,0,0,11,0,11,4,6,12,6,28,0,10,10,38
05/11/2020,HRL,TX,ASW,CE,Federal Contract Tower,7,6,3,18,34,0,0,25,1,26,7,6,28,19,60,18,52,70,130
05/12/2020,HRL,TX,ASW,CE,Federal Contract Tower,11,4,8,43,66,0,0,17,13,30,11,4,25,56,96,0,212,212,308
05/13/2020,HRL,TX,ASW,CE,Federal Contract Tower,10,4,11,25,50,0,7,21,7,35,10,11,32,32,85,4,94,98,183
05/14/2020,HRL,TX,ASW,CE,Federal Contract Tower,14,5,4,30,53,0,0,19,2,21,14,5,23,32,74,34,110,144,218
05/15/2020,HRL,TX,ASW,CE,Federal Contract Tower,10,4,8,23,45,0,0,12,1,13,10,4,20,24,58,62,28,90,148
05/16/2020,HRL,TX,ASW,CE,Federal Contract Tower,9,4,3,8,24,0,0,3,0,3,9,4,6,8,27,16,16,32,59
05/17/2020,HRL,TX,ASW,CE,Federal Contract Tower,5,7,0,12,24,0,0,8,1,9,5,7,8,13,33,18,12,30,63
05/18/2020,HRL,TX,ASW,CE,Federal Contract Tower,8,6,8,33,55,0,0,18,3,21,8,6,26,36,76,34,158,192,268
05/19/2020,HRL,TX,ASW,CE,Federal Contract Tower,12,4,14,28,58,0,0,26,5,31,12,4,40,33,89,26,232,258,347
05/20/2020,HRL,TX,ASW,CE,Federal Contract Tower,10,10,9,39,68,0,0,21,8,29,10,10,30,47,97,8,114,122,219
05/21/2020,HRL,TX,ASW,CE,Federal Contract Tower,14,6,7,10,37,0,0,14,3,17,14,6,21,13,54,14,10,24,78
05/22/2020,HRL,TX,ASW,CE,Federal Contract Tower,9,5,8,5,27,0,0,19,3,22,9,5,27,8,49,24,50,74,123
05/23/2020,HRL,TX,ASW,CE,Federal Contract Tower,6,4,0,11,21,0,0,18,3,21,6,4,18,14,42,0,50,50,92
05/24/2020,HRL,TX,ASW,CE,Federal Contract Tower,5,8,0,15,28,0,0,5,0,5,5,8,5,15,33,0,24,24,57
05/25/2020,HRL,TX,ASW,CE,Federal Contract Tower,5,9,2,4,20,0,0,16,0,16,5,9,18,4,36,26,8,34,70
05/26/2020,HRL,TX,ASW,CE,Federal Contract Tower,9,3,10,10,32,0,0,19,4,23,9,3,29,14,55,12,18,30,85
05/27/2020,HRL,TX,ASW,CE,Federal Contract Tower,10,7,4,28,49,0,0,36,16,52,10,7,40,44,101,50,140,190,291
05/28/2020,HRL,TX,ASW,CE,Federal Contract Tower,14,6,4,37,61,0,4,24,8,36,14,10,28,45,97,40,106,146,243
05/29/2020,HRL,TX,ASW,CE,Federal Contract Tower,10,6,7,1,24,0,0,21,0,21,10,6,28,1,45,26,0,26,71
05/30/2020,HRL,TX,ASW,CE,Federal Contract Tower,8,4,1,0,13,0,0,10,0,10,8,4,11,0,23,12,0,12,35
05/31/2020,HRL,TX,ASW,CE,Federal Contract Tower,5,7,3,0,15,0,0,1,0,1,5,7,4,0,16,0,0,0,16
06/01/2020,HRL,TX,ASW,CE,Federal Contract Tower,8,9,12,2,31,0,0,11,0,11,8,9,23,2,42,0,0,0,42
06/02/2020,HRL,TX,ASW,CE,Federal Contract Tower,14,4,8,35,61,0,0,10,12,22,14,4,18,47,83,8,166,174,257
06/03/2020,HRL,TX,ASW,CE,Federal Contract Tower,11,5,7,40,63,0,0,29,19,48,11,5,36,59,111,48,136,184,295
06/04/2020,HRL,TX,ASW,CE,Federal Contract Tower,15,6,21,41,83,0,0,29,10,39,15,6,50,51,122,6,146,152,274
06/05/2020,HRL,TX,ASW,CE,Federal Contract Tower,10,5,5,9,29,0,0,25,3,28,10,5,30,12,57,40,26,66,123
06/06/2020,HRL,TX,ASW,CE,Federal Contract Tower,10,6,0,5,21,0,0,20,4,24,10,6,20,9,45,2,38,40,85
06/07/2020,HRL,TX,ASW,CE,Federal Contract Tower,6,5,4,2,17,0,0,11,0,11,6,5,15,2,28,4,18,22,50
06/08/2020,HRL,TX,ASW,CE,Federal Contract Tower,11,6,8,38,63,0,0,25,3,28,11,6,33,41,91,14,60,74,165
06/09/2020,HRL,TX,ASW,CE,Federal Contract Tower,14,4,9,34,61,0,0,33,9,42,14,4,42,43,103,28,132,160,263
06/10/2020,HRL,TX,ASW,CE,Federal Contract Tower,11,8,12,14,45,0,0,26,4,30,11,8,38,18,75,62,90,152,227
06/11/2020,HRL,TX,ASW,CE,Federal Contract Tower,13,7,9,28,57,0,0,44,10,54,13,7,53,38,111,32,94,126,237
06/12/2020,HRL,TX,ASW,CE,Federal Contract Tower,9,10,8,19,46,2,0,30,6,38,11,10,38,25,84,32,58,90,174
06/13/2020,HRL,TX,ASW,CE,Federal Contract Tower,10,4,5,9,28,0,0,16,0,16,10,4,21,9,44,6,18,24,68
06/14/2020,HRL,TX,ASW,CE,Federal Contract Tower,5,4,1,24,34,0,2,21,0,23,5,6,22,24,57,0,46,46,103
06/15/2020,HRL,TX,ASW,CE,Federal Contract Tower,10,7,9,12,38,0,0,17,2,19,10,7,26,14,57,6,64,70,127
06/16/2020,HRL,TX,ASW,CE,Federal Contract Tower,12,4,13,9,38,0,0,23,1,24,12,4,36,10,62,0,13,13,75
06/17/2020,HRL,TX,ASW,CE,Federal Contract Tower,11,10,8,3,32,0,0,12,3,15,11,10,20,6,47,32,6,38,85
06/18/2020,HRL,TX,ASW,CE,Federal Contract Tower,13,5,12,8,38,0,0,11,5,16,13,5,23,13,54,0,74,74,128
06/19/2020,HRL,TX,ASW,CE,Federal Contract Tower,9,5,10,5,29,0,0,23,0,23,9,5,33,5,52,0,10,10,62
06/20/2020,HRL,TX,ASW,CE,Federal Contract Tower,10,4,1,15,30,0,0,17,4,21,10,4,18,19,51,0,50,50,101
06/21/2020,HRL,TX,ASW,CE,Federal Contract Tower,5,4,6,3,18,0,0,3,0,3,5,4,9,3,21,0,6,6,27
06/22/2020,HRL,TX,ASW,CE,Federal Contract Tower,10,6,10,17,43,0,1,12,4,17,10,7,22,21,60,14,128,142,202
06/23/2020,HRL,TX,ASW,CE,Federal Contract Tower,11,6,8,12,37,0,0,14,3,17,11,6,22,15,54,26,78,104,158
06/24/2020,HRL,TX,ASW,CE,Federal Contract Tower,11,6,9,4,30,0,0,24,7,31,11,6,33,11,61,0,40,40,101
06/25/2020,HRL,TX,ASW,CE,Federal Contract Tower,13,6,10,8,37,0,0,19,0,19,13,6,29,8,56,28,10,38,94
06/26/2020,HRL,TX,ASW,CE,Federal Contract Tower,10,5,10,2,27,0,0,6,1,7,10,5,16,3,34,0,70,70,104
06/27/2020,HRL,TX,ASW,CE,Federal Contract Tower,10,4,3,15,32,0,0,7,0,7,10,4,10,15,39,40,24,64,103
06/28/2020,HRL,TX,ASW,CE,Federal Contract Tower,5,4,2,22,33,0,0,11,0,11,5,4,13,22,44,20,30,50,94
06/29/2020,HRL,TX,ASW,CE,Federal Contract Tower,8,5,7,34,54,0,0,20,5,25,8,5,27,39,79,0,216,216,295
06/30/2020,HRL,TX,ASW,CE,Federal Contract Tower,12,4,7,45,68,0,0,19,6,25,12,4,26,51,93,24,126,150,243
07/01/2020,HRL,TX,ASW,CE,Federal Contract Tower,12,6,10,40,68,0,0,20,12,32,12,6,30,52,100,0,180,180,280
07/02/2020,HRL,TX,ASW,CE,Federal Contract Tower,12,6,9,8,35,0,6,19,1,26,12,12,28,9,61,52,38,90,151
07/03/2020,HRL,TX,ASW,CE,Federal Contract Tower,9,5,3,2,19,0,0,18,0,18,9,5,21,2,37,20,2,22,59
07/04/2020,HRL,TX,ASW,CE,Federal Contract Tower,8,5,0,0,13,0,0,9,0,9,8,5,9,0,22,34,0,34,56
07/05/2020,HRL,TX,ASW,CE,Federal Contract Tower,4,5,4,0,13,0,0,15,0,15,4,5,19,0,28,2,10,12,40
07/06/2020,HRL,TX,ASW,CE,Federal Contract Tower,10,9,8,4,31,0,0,14,0,14,10,9,22,4,45,10,8,18,63
07/07/2020,HRL,TX,ASW,CE,Federal Contract Tower,13,7,9,12,41,0,0,21,7,28,13,7,30,19,69,0,66,66,135
07/08/2020,HRL,TX,ASW,CE,Federal Contract Tower,7,10,6,12,35,0,0,8,5,13,7,10,14,17,48,0,130,130,178
07/09/2020,HRL,TX,ASW,CE,Federal Contract Tower,15,7,3,31,56,0,0,14,0,14,15,7,17,31,70,0,58,58,128
07/10/2020,HRL,TX,ASW,CE,Federal Contract Tower,13,8,7,27,55,0,0,34,7,41,13,8,41,34,96,84,56,140,236
07/11/2020,HRL,TX,ASW,CE,Federal Contract Tower,10,8,2,4,24,0,0,28,0,28,10,8,30,4,52,72,8,80,132
07/12/2020,HRL,TX,ASW,CE,Federal Contract Tower,7,8,1,5,21,0,0,15,5,20,7,8,16,10,41,84,56,140,181
07/13/2020,HRL,TX,ASW,CE,Federal Contract Tower,10,7,15,21,53,0,0,19,3,22,10,7,34,24,75,34,130,164,239
07/14/2020,HRL,TX,ASW,CE,Federal Contract Tower,14,7,5,22,48,0,0,38,8,46,14,7,43,30,94,74,114,188,282
07/15/2020,HRL,TX,ASW,CE,Federal Contract Tower,15,9,8,26,58,0,0,36,12,48,15,9,44,38,106,56,56,112,218
07/16/2020,HRL,TX,ASW,CE,Federal Contract Tower,13,10,8,32,63,0,0,39,5,44,13,10,47,37,107,22,168,190,297
07/17/2020,HRL,TX,ASW,CE,Federal Contract Tower,12,9,4,8,33,0,0,16,4,20,12,9,20,12,53,0,60,60,113
07/18/2020,HRL,TX,ASW,CE,Federal Contract Tower,10,8,4,4,26,0,0,23,0,23,10,8,27,4,49,62,6,68,117
07/19/2020,HRL,TX,ASW,CE,Federal Contract Tower,5,10,4,7,26,0,0,14,1,15,5,10,18,8,41,44,8,52,93
07/20/2020,HRL,TX,ASW,CE,Federal Contract Tower,9,9,4,52,74,0,0,46,10,56,9,9,50,62,130,46,106,152,282
07/21/2020,HRL,TX,ASW,CE,Federal Contract Tower,14,9,6,32,61,0,0,9,11,20,14,9,15,43,81,0,100,100,181
07/22/2020,HRL,TX,ASW,CE,Federal Contract Tower,13,9,5,45,72,0,0,32,10,42,13,9,37,55,114,12,110,122,236
07/23/2020,HRL,TX,ASW,CE,Federal Contract Tower,18,8,3,40,69,0,0,26,0,26,18,8,29,40,95,12,52,64,159
07/24/2020,HRL,TX,ASW,CE,Federal Contract Tower,12,8,8,7,35,0,0,31,5,36,12,8,39,12,71,12,44,56,127
07/25/2020,HRL,TX,ASW,CE,Federal Contract Tower,5,2,0,0,7,0,0,1,0,1,5,2,1,0,8,0,0,0,8
07/26/2020,HRL,TX,ASW,CE,Federal Contract Tower,2,0,0,0,2,0,0,0,0,0,2,0,0,0,2,0,0,0,2
07/27/2020,HRL,TX,ASW,CE,Federal Contract Tower,10,11,1,2,24,0,1,5,1,7,10,12,6,3,31,0,4,4,35
07/28/2020,HRL,TX,ASW,CE,Federal Contract Tower,12,14,5,48,79,0,0,2,5,7,12,14,7,53,86,0,92,92,178
07/29/2020,HRL,TX,ASW,CE,Federal Contract Tower,12,10,9,26,57,0,0,5,5,10,12,10,14,31,67,0,80,80,147
07/30/2020,HRL,TX,ASW,CE,Federal Contract Tower,14,11,15,37,77,0,0,27,6,33,14,11,42,43,110,8,102,110,220
07/31/2020,HRL,TX,ASW,CE,Federal Contract Tower,13,7,13,33,66,0,0,28,11,39,13,7,41,44,105,12,144,156,261
08/01/2020,HRL,TX,ASW,CE,Federal Contract Tower,11,13,6,11,41,0,0,18,3,21,11,13,24,14,62,10,52,62,124
08/02/2020,HRL,TX,ASW,CE,Federal Contract Tower,5,8,6,4,23,0,0,19,0,19,5,8,25,4,42,12,4,16,58
08/03/2020,HRL,TX,ASW,CE,Federal Contract Tower,12,6,4,21,43,0,3,24,10,37,12,9,28,31,80,24,94,118,198
08/04/2020,HRL,TX,ASW,CE,Federal Contract Tower,14,8,6,44,72,0,0,11,10,21,14,8,17,54,93,4,84,88,181
08/05/2020,HRL,TX,ASW,CE,Federal Contract Tower,12,13,3,22,50,0,1,16,23,40,12,14,19,45,90,8,118,126,216
08/06/2020,HRL,TX,ASW,CE,Federal Contract Tower,12,10,12,31,65,0,0,18,13,31,12,10,30,44,96,20,126,146,242
08/07/2020,HRL,TX,ASW,CE,Federal Contract Tower,12,10,3,16,41,0,0,29,4,33,12,10,32,20,74,52,44,96,170
08/08/2020,HRL,TX,ASW,CE,Federal Contract Tower,14,8,2,4,28,0,0,1,0,1,14,8,3,4,29,6,8,14,43
08/09/2020,HRL,TX,ASW,CE,Federal Contract Tower,7,10,2,21,40,0,0,10,0,10,7,10,12,21,50,0,38,38,88
08/10/2020,HRL,TX,ASW,CE,Federal Contract Tower,9,7,8,9,33,0,0,25,11,36,9,7,33,20,69,22,136,158,227
08/11/2020,HRL,TX,ASW,CE,Federal Contract Tower,18,15,5,27,65,0,0,21,4,25,18,15,26,31,90,22,48,70,160
08/12/2020,HRL,TX,ASW,CE,Federal Contract Tower,13,10,13,25,61,0,0,12,11,23,13,10,25,36,84,0,212,212,296
08/13/2020,HRL,TX,ASW,CE,Federal Contract Tower,16,8,12,38,74,0,0,25,4,29,16,8,37,42,103,0,96,96,199
08/14/2020,HRL,TX,ASW,CE,Federal Contract Tower,15,8,2,8,33,0,0,20,0,20,15,8,22,8,53,14,12,26,79
08/15/2020,HRL,TX,ASW,CE,Federal Contract Tower,12,10,2,10,34,0,0,6,1,7,12,10,8,11,41,12,104,116,157
08/16/2020,HRL,TX,ASW,CE,Federal Contract Tower,8,12,8,2,30,0,0,14,0,14,8,12,22,2,44,0,4,4,48
08/17/2020,HRL,TX,ASW,CE,Federal Contract Tower,11,9,6,29,55,0,0,11,7,18,11,9,17,36,73,14,142,156,229
08/18/2020,HRL,TX,ASW,CE,Federal Contract Tower,14,10,8,28,60,0,0,25,9,34,14,10,33,37,94,0,112,112,206
08/19/2020,HRL,TX,ASW,CE,Federal Contract Tower,15,7,9,10,41,0,0,23,18,41,15,7,32,28,82,48,72,120,202
08/20/2020,HRL,TX,ASW,CE,Federal Contract Tower,16,10,9,17,52,0,0,27,12,39,16,10,36,29,91,36,82,118,209
08/21/2020,HRL,TX,ASW,CE,Federal Contract Tower,15,10,6,24,55,0,0,23,4,27,15,10,29,28,82,28,78,106,188
08/22/2020,HRL,TX,ASW,CE,Federal Contract Tower,12,9,3,3,27,0,0,11,4,15,12,9,14,7,42,12,10,22,64
08/23/2020,HRL,TX,ASW,CE,Federal Contract Tower,7,11,4,3,25,0,0,7,0,7,7,11,11,3,32,0,64,64,96
08/24/2020,HRL,TX,ASW,CE,Federal Contract Tower,13,8,8,33,62,0,0,23,9,32,13,8,31,42,94,2,104,106,200
08/26/2020,HRL,TX,ASW,CE,Federal Contract Tower,12,8,8,30,58,0,0,38,18,56,12,8,46,48,114,38,180,218,332
08/27/2020,HRL,TX,ASW,CE,Federal Contract Tower,13,15,10,38,76,0,0,33,12,45,13,15,43,50,121,42,198,240,361
08/28/2020,HRL,TX,ASW,CE,Federal Contract Tower,14,10,7,24,55,0,0,17,1,18,14,10,24,25,73,68,50,118,191
08/29/2020,HRL,TX,ASW,CE,Federal Contract Tower,12,9,1,11,33,0,0,11,4,15,12,9,12,15,48,0,10,10,58
08/30/2020,HRL,TX,ASW,CE,Federal Contract Tower,6,10,0,8,24,0,0,9,1,10,6,10,9,9,34,0,12,12,46
08/31/2020,HRL,TX,ASW,CE,Federal Contract Tower,13,8,10,58,89,0,0,13,11,24,13,8,23,69,113,0,280,280,393
09/01/2020,HRL,TX,ASW,CE,Federal Contract Tower,16,9,8,48,81,0,0,13,11,24,16,9,21,59,105,12,242,254,359
09/03/2020,HRL,TX,ASW,CE,Federal Contract Tower,15,11,9,41,76,0,0,31,14,45,15,11,40,55,121,42,228,270,391
09/04/2020,HRL,TX,ASW,CE,Federal Contract Tower,17,9,5,3,34,0,1,24,0,25,17,10,29,3,59,30,6,36,95
09/05/2020,HRL,TX,ASW,CE,Federal Contract Tower,14,11,7,1,33,0,0,0,0,0,14,11,7,1,33,0,2,2,35
09/06/2020,HRL,TX,ASW,CE,Federal Contract Tower,7,16,18,0,41,0,0,8,0,8,7,16,26,0,49,26,0,26,75
09/07/2020,HRL,TX,ASW,CE,Federal Contract Tower,7,13,19,2,41,0,0,17,2,19,7,13,36,4,60,26,4,30,90
09/08/2020,HRL,TX,ASW,CE,Federal Contract Tower,8,10,18,46,82,0,0,29,28,57,8,10,47,74,139,30,208,238,377
09/09/2020,HRL,TX,ASW,CE,Federal Contract Tower,14,8,14,53,89,0,0,17,21,38,14,8,31,74,127,12,132,144,271
09/10/2020,HRL,TX,ASW,CE,Federal Contract Tower,14,9,17,19,59,0,0,9,1,10,14,9,26,20,69,38,24,62,131
09/11/2020,HRL,TX,ASW,CE,Federal Contract Tower,14,8,8,6,36,0,0,1,0,1,14,8,9,6,37,0,12,12,49
09/12/2020,HRL,TX,ASW,CE,Federal Contract Tower,9,6,9,8,32,0,2,23,1,26,9,8,32,9,58,30,30,60,118
09/13/2020,HRL,TX,ASW,CE,Federal Contract Tower,6,9,1,1,17,0,2,9,0,11,6,11,10,1,28,4,2,6,34
09/14/2020,HRL,TX,ASW,CE,Federal Contract Tower,8,11,6,1,26,0,0,11,0,11,8,11,17,1,37,20,2,22,59
09/15/2020,HRL,TX,ASW,CE,Federal Contract Tower,11,10,13,3,37,0,0,20,1,21,11,10,33,4,58,64,32,96,154
09/16/2020,HRL,TX,ASW,CE,Federal Contract Tower,13,12,7,6,38,0,0,17,3,20,13,12,24,9,58,10,26,36,94
09/17/2020,HRL,TX,ASW,CE,Federal Contract Tower,16,10,14,7,47,0,0,19,1,20,16,10,33,8,67,40,14,54,121
09/18/2020,HRL,TX,ASW,CE,Federal Contract Tower,13,9,7,4,33,0,0,25,0,25,13,9,32,4,58,58,4,62,120
09/19/2020,HRL,TX,ASW,CE,Federal Contract Tower,10,7,0,0,17,0,0,35,0,35,10,7,35,0,52,100,0,100,152
09/20/2020,HRL,TX,ASW,CE,Federal Contract Tower,9,6,4,0,19,0,0,9,0,9,9,6,13,0,28,32,0,32,60
09/21/2020,HRL,TX,ASW,CE,Federal Contract Tower,10,9,6,0,25,0,0,16,0,16,10,9,22,0,41,26,0,26,67
09/22/2020,HRL,TX,ASW,CE,Federal Contract Tower,13,9,5,71,98,0,2,24,14,40,13,11,29,85,138,28,293,321,459
09/23/2020,HRL,TX,ASW,CE,Federal Contract Tower,13,11,8,35,67,0,0,33,15,48,13,11,41,50,115,36,148,184,299
09/24/2020,HRL,TX,ASW,CE,Federal Contract Tower,13,8,12,25,58,0,0,30,5,35,13,8,42,30,93,32,96,128,221
09/25/2020,HRL,TX,ASW,CE,Federal Contract Tower,14,13,13,12,52,0,0,28,5,33,14,13,41,17,85,12,64,76,161
09/26/2020,HRL,TX,ASW,CE,Federal Contract Tower,14,6,3,19,42,0,0,22,1,23,14,6,25,20,65,40,36,76,141
09/27/2020,HRL,TX,ASW,CE,Federal Contract Tower,9,5,3,20,37,0,0,15,5,20,9,5,18,25,57,26,40,66,123
09/28/2020,HRL,TX,ASW,CE,Federal Contract Tower,9,9,6,26,50,0,0,18,6,24,9,9,24,32,74,12,136,148,222
09/29/2020,HRL,TX,ASW,CE,Federal Contract Tower,13,8,9,37,67,0,5,28,13,46,13,13,37,50,113,22,230,252,365
09/30/2020,HRL,TX,ASW,CE,Federal Contract Tower,10,12,6,18,46,0,0,33,14,47,10,12,39,32,93,24,72,96,189
10/01/2020,HRL,TX,ASW,CE,Federal Contract Tower,16,5,17,17,55,0,0,35,10,45,16,5,52,27,100,66,178,244,344
10/02/2020,HRL,TX,ASW,CE,Federal Contract Tower,14,11,15,11,51,0,0,23,2,25,14,11,38,13,76,0,80,80,156
10/03/2020,HRL,TX,ASW,CE,Federal Contract Tower,16,5,3,2,26,0,0,19,5,24,16,5,22,7,50,32,152,184,234
10/04/2020,HRL,TX,ASW,CE,Federal Contract Tower,7,9,7,2,25,0,0,21,0,21,7,9,28,2,46,18,2,20,66
10/05/2020,HRL,TX,ASW,CE,Federal Contract Tower,12,5,4,16,37,0,2,33,9,44,12,7,37,25,81,18,128,146,227
10/06/2020,HRL,TX,ASW,CE,Federal Contract Tower,10,8,7,32,57,0,0,35,3,38,10,8,42,35,95,26,56,82,177
10/07/2020,HRL,TX,ASW,CE,Federal Contract Tower,12,7,7,12,38,0,0,27,3,30,12,7,34,15,68,62,79,141,209
10/08/2020,HRL,TX,ASW,CE,Federal Contract Tower,14,4,10,14,42,0,2,28,16,46,14,6,38,30,88,60,222,282,370
10/09/2020,HRL,TX,ASW,CE,Federal Contract Tower,12,10,14,32,68,0,2,20,6,28,12,12,34,38,96,46,98,144,240
10/10/2020,HRL,TX,ASW,CE,Federal Contract Tower,11,6,3,15,35,0,0,23,0,23,11,6,26,15,58,76,28,104,162
10/11/2020,HRL,TX,ASW,CE,Federal Contract Tower,7,7,8,9,31,0,0,10,0,10,7,7,18,9,41,0,10,10,51
10/12/2020,HRL,TX,ASW,CE,Federal Contract Tower,22,9,7,8,46,4,0,20,1,25,26,9,27,9,71,0,18,18,89
10/13/2020,HRL,TX,ASW,CE,Federal Contract Tower,14,7,8,10,39,0,0,21,14,35,14,7,29,24,74,40,100,140,214
10/14/2020,HRL,TX,ASW,CE,Federal Contract Tower,14,5,6,16,41,0,0,20,8,28,14,5,26,24,69,52,66,118,187
10/15/2020,HRL,TX,ASW,CE,Federal Contract Tower,16,6,7,28,57,0,0,36,9,45,16,6,43,37,102,60,196,256,358
10/16/2020,HRL,TX,ASW,CE,Federal Contract Tower,10,9,7,9,35,0,0,9,2,11,10,9,16,11,46,12,58,70,116
10/17/2020,HRL,TX,ASW,CE,Federal Contract Tower,15,6,3,12,36,0,0,12,0,12,15,6,15,12,48,4,20,24,72
10/18/2020,HRL,TX,ASW,CE,Federal Contract Tower,7,10,8,9,34,0,0,15,0,15,7,10,23,9,49,2,30,32,81
10/19/2020,HRL,TX,ASW,CE,Federal Contract Tower,8,11,5,31,55,0,0,33,14,47,8,11,38,45,102,16,186,202,304
10/20/2020,HRL,TX,ASW,CE,Federal Contract Tower,11,6,8,26,51,2,0,43,14,59,13,6,51,40,110,52,122,174,284
10/21/2020,HRL,TX,ASW,CE,Federal Contract Tower,10,7,9,47,73,0,0,33,15,48,10,7,42,62,121,58,120,178,299
10/22/2020,HRL,TX,ASW,CE,Federal Contract Tower,16,4,16,25,61,0,0,32,6,38,16,4,48,31,99,42,94,136,235
10/23/2020,HRL,TX,ASW,CE,Federal Contract Tower,11,6,10,22,49,0,0,17,6,23,11,6,27,28,72,6,94,100,172
10/24/2020,HRL,TX,ASW,CE,Federal Contract Tower,13,9,12,2,36,0,0,8,2,10,13,9,20,4,46,32,2,34,80
10/25/2020,HRL,TX,ASW,CE,Federal Contract Tower,9,7,6,2,24,0,0,12,1,13,9,7,18,3,37,8,2,10,47
10/26/2020,HRL,TX,ASW,CE,Federal Contract Tower,7,7,15,4,33,0,3,18,2,23,7,10,33,6,56,26,40,66,122
10/27/2020,HRL,TX,ASW,CE,Federal Contract Tower,10,10,18,42,80,0,0,24,1,25,10,10,42,43,105,64,52,116,221
10/28/2020,HRL,TX,ASW,CE,Federal Contract Tower,15,7,5,42,69,0,0,9,2,11,15,7,14,44,80,14,190,204,284
10/29/2020,HRL,TX,ASW,CE,Federal Contract Tower,15,4,9,19,47,0,0,28,5,33,15,4,37,24,80,30,124,154,234
10/30/2020,HRL,TX,ASW,CE,Federal Contract Tower,10,8,13,12,43,0,0,25,1,26,10,8,38,13,69,56,0,56,125
10/31/2020,HRL,TX,ASW,CE,Federal Contract Tower,14,6,6,3,29,0,0,28,1,29,14,6,34,4,58,46,32,78,136
11/01/2020,HRL,TX,ASW,CE,Federal Contract Tower,8,8,4,2,22,0,0,23,2,25,8,8,27,4,47,48,24,72,119
11/02/2020,HRL,TX,ASW,CE,Federal Contract Tower,7,9,6,21,43,0,0,48,7,55,7,9,54,28,98,66,66,132,230
11/03/2020,HRL,TX,ASW,CE,Federal Contract Tower,11,5,12,28,56,0,0,48,4,52,11,5,60,32,108,72,94,166,274
11/04/2020,HRL,TX,ASW,CE,Federal Contract Tower,8,12,5,25,50,0,0,58,11,69,8,12,63,36,119,42,124,166,285
11/05/2020,HRL,TX,ASW,CE,Federal Contract Tower,14,10,12,21,57,0,0,33,5,38,14,10,45,26,95,42,128,170,265
11/06/2020,HRL,TX,ASW,CE,Federal Contract Tower,11,9,6,20,46,0,0,31,3,34,11,9,37,23,80,34,118,152,232
11/07/2020,HRL,TX,ASW,CE,Federal Contract Tower,19,6,6,9,40,0,0,28,6,34,19,6,34,15,74,42,44,86,160
11/08/2020,HRL,TX,ASW,CE,Federal Contract Tower,14,5,9,10,38,0,0,21,7,28,14,5,30,17,66,10,42,52,118
11/09/2020,HRL,TX,ASW,CE,Federal Contract Tower,11,8,10,22,51,0,0,20,4,24,11,8,30,26,75,56,88,144,219
11/10/2020,HRL,TX,ASW,CE,Federal Contract Tower,10,9,11,29,59,0,2,32,6,40,10,11,43,35,99,82,68,150,249
11/11/2020,HRL,TX,ASW,CE,Federal Contract Tower,16,10,10,6,42,0,0,31,8,39,16,10,41,14,81,26,28,54,135
11/12/2020,HRL,TX,ASW,CE,Federal Contract Tower,16,7,12,18,53,0,0,21,5,26,16,7,33,23,79,58,70,128,207
11/13/2020,HRL,TX,ASW,CE,Federal Contract Tower,11,8,11,15,45,0,0,36,12,48,11,8,47,27,93,44,74,118,211
11/14/2020,HRL,TX,ASW,CE,Federal Contract Tower,15,9,3,9,36,0,0,7,7,14,15,9,10,16,50,10,26,36,86
11/15/2020,HRL,TX,ASW,CE,Federal Contract Tower,13,6,7,3,29,0,0,12,3,15,13,6,19,6,44,22,0,22,66
11/16/2020,HRL,TX,ASW,CE,Federal Contract Tower,9,8,10,20,47,0,0,21,2,23,9,8,31,22,70,14,42,56,126
11/17/2020,HRL,TX,ASW,CE,Federal Contract Tower,15,11,13,24,63,0,2,24,17,43,15,13,37,41,106,102,148,250,356
11/18/2020,HRL,TX,ASW,CE,Federal Contract Tower,12,13,8,27,60,0,0,30,4,34,12,13,38,31,94,44,76,120,214
11/19/2020,HRL,TX,ASW,CE,Federal Contract Tower,11,11,13,23,58,0,0,33,15,48,11,11,46,38,106,92,208,300,406
11/20/2020,HRL,TX,ASW,CE,Federal Contract Tower,12,10,8,23,53,0,0,25,8,33,12,10,33,31,86,20,50,70,156
11/21/2020,HRL,TX,ASW,CE,Federal Contract Tower,15,16,6,24,61,0,0,24,3,27,15,16,30,27,88,64,64,128,216
11/22/2020,HRL,TX,ASW,CE,Federal Contract Tower,14,4,7,18,43,0,0,11,3,14,14,4,18,21,57,34,64,98,155
11/23/2020,HRL,TX,ASW,CE,Federal Contract Tower,16,4,16,33,69,0,0,26,6,32,16,4,42,39,101,56,102,158,259
11/24/2020,HRL,TX,ASW,CE,Federal Contract Tower,29,14,19,20,82,0,0,26,8,34,29,14,45,28,116,12,64,76,192
11/25/2020,HRL,TX,ASW,CE,Federal Contract Tower,15,11,14,16,56,0,0,17,1,18,15,11,31,17,74,56,18,74,148
11/26/2020,HRL,TX,ASW,CE,Federal Contract Tower,9,5,7,1,22,0,0,6,0,6,9,5,13,1,28,2,0,2,30
11/27/2020,HRL,TX,ASW,CE,Federal Contract Tower,8,9,6,20,43,0,0,3,1,4,8,9,9,21,47,0,28,28,75
11/28/2020,HRL,TX,ASW,CE,Federal Contract Tower,16,12,6,0,34,0,0,2,0,2,16,12,8,0,36,28,0,28,64
11/29/2020,HRL,TX,ASW,CE,Federal Contract Tower,20,8,12,2,42,0,0,6,1,7,20,8,18,3,49,0,2,2,51
11/30/2020,HRL,TX,ASW,CE,Federal Contract Tower,16,11,9,29,65,0,2,16,9,27,16,13,25,38,92,30,82,112,204
12/01/2020,HRL,TX,ASW,CE,Federal Contract Tower,12,9,7,37,65,0,5,44,11,60,12,14,51,48,125,86,54,140,265
12/02/2020,HRL,TX,ASW,CE,Federal Contract Tower,18,5,12,35,70,0,0,35,4,39,18,5,47,39,109,96,88,184,293
12/03/2020,HRL,TX,ASW,CE,Federal Contract Tower,13,9,12,16,50,0,2,39,2,43,13,11,51,18,93,86,48,134,227
12/04/2020,HRL,TX,ASW,CE,Federal Contract Tower,14,5,11,17,47,0,0,19,6,25,14,5,30,23,72,84,36,120,192
12/05/2020,HRL,TX,ASW,CE,Federal Contract Tower,13,8,4,2,27,0,0,1,0,1,13,8,5,2,28,4,6,10,38
12/06/2020,HRL,TX,ASW,CE,Federal Contract Tower,16,3,5,8,32,0,0,14,6,20,16,3,19,14,52,0,4,4,56
12/07/2020,HRL,TX,ASW,CE,Federal Contract Tower,12,10,3,12,37,0,0,37,6,43,12,10,40,18,80,38,82,120,200
12/08/2020,HRL,TX,ASW,CE,Federal Contract Tower,12,8,5,20,45,0,0,32,7,39,12,8,37,27,84,38,88,126,210
12/09/2020,HRL,TX,ASW,CE,Federal Contract Tower,18,9,10,28,65,0,0,40,3,43,18,9,50,31,108,36,126,162,270
12/10/2020,HRL,TX,ASW,CE,Federal Contract Tower,13,18,8,22,61,0,0,35,8,43,13,18,43,30,104,50,108,158,262
12/11/2020,HRL,TX,ASW,CE,Federal Contract Tower,13,9,7,30,59,0,0,13,3,16,13,9,20,33,75,14,104,118,193
12/12/2020,HRL,TX,ASW,CE,Federal Contract Tower,14,5,3,9,31,0,0,12,2,14,14,5,15,11,45,12,38,50,95
12/13/2020,HRL,TX,ASW,CE,Federal Contract Tower,12,6,4,24,46,0,0,3,0,3,12,6,7,24,49,4,26,30,79
12/14/2020,HRL,TX,ASW,CE,Federal Contract Tower,11,9,15,31,66,0,0,26,2,28,11,9,41,33,94,2,74,76,170
12/15/2020,HRL,TX,ASW,CE,Federal Contract Tower,15,5,7,13,40,0,0,25,11,36,15,5,32,24,76,76,96,172,248
12/16/2020,HRL,TX,ASW,CE,Federal Contract Tower,18,6,9,19,52,0,0,18,5,23,18,6,27,24,75,6,86,92,167
12/17/2020,HRL,TX,ASW,CE,Federal Contract Tower,20,5,10,15,50,0,0,33,6,39,20,5,43,21,89,10,62,72,161
12/18/2020,HRL,TX,ASW,CE,Federal Contract Tower,13,10,16,20,59,0,0,17,3,20,13,10,33,23,79,10,123,133,212
12/19/2020,HRL,TX,ASW,CE,Federal Contract Tower,17,5,5,3,30,0,0,6,7,13,17,5,11,10,43,12,10,22,65
12/20/2020,HRL,TX,ASW,CE,Federal Contract Tower,17,4,5,3,29,0,0,13,0,13,17,4,18,3,42,0,0,0,42
12/21/2020,HRL,TX,ASW,CE,Federal Contract Tower,17,9,12,16,54,0,0,16,3,19,17,9,28,19,73,42,64,106,179
12/22/2020,HRL,TX,ASW,CE,Federal Contract Tower,17,11,10,11,49,0,0,28,3,31,17,11,38,14,80,12,80,92,172
12/23/2020,HRL,TX,ASW,CE,Federal Contract Tower,18,9,11,5,43,0,0,13,4,17,18,9,24,9,60,16,80,96,156
12/25/2020,HRL,TX,ASW,CE,Federal Contract Tower,7,11,0,0,18,0,0,4,0,4,7,11,4,0,22,0,0,0,22
12/26/2020,HRL,TX,ASW,CE,Federal Contract Tower,19,9,2,0,30,0,0,5,0,5,19,9,7,0,35,0,0,0,35
12/27/2020,HRL,TX,ASW,CE,Federal Contract Tower,17,7,10,0,34,0,0,9,0,9,17,7,19,0,43,0,0,0,43
12/28/2020,HRL,TX,ASW,CE,Federal Contract Tower,14,8,4,2,28,0,4,15,2,21,14,12,19,4,49,44,0,44,93
12/29/2020,HRL,TX,ASW,CE,Federal Contract Tower,17,14,5,4,40,0,0,12,1,13,17,14,17,5,53,28,6,34,87
12/30/2020,HRL,TX,ASW,CE,Federal Contract Tower,13,10,4,9,36,0,0,6,3,9,13,10,10,12,45,0,46,46,91
12/31/2020,HRL,TX,ASW,CE,Federal Contract Tower,14,6,0,0,20,0,0,6,0,6,14,6,6,0,26,0,0,0,26
01/01/2021,HRL,TX,ASW,CE,Federal Contract Tower,10,6,6,0,22,0,0,7,0,7,10,6,13,0,29,14,0,14,43
01/02/2021,HRL,TX,ASW,CE,Federal Contract Tower,19,5,2,0,26,0,0,11,0,11,19,5,13,0,37,0,0,0,37
01/03/2021,HRL,TX,ASW,CE,Federal Contract Tower,20,4,6,0,30,0,0,3,0,3,20,4,9,0,33,0,0,0,33
01/04/2021,HRL,TX,ASW,CE,Federal Contract Tower,20,7,6,8,41,0,0,26,0,26,20,7,32,8,67,20,16,36,103
01/05/2021,HRL,TX,ASW,CE,Federal Contract Tower,14,8,11,12,45,0,0,16,9,25,14,8,27,21,70,6,50,56,126
01/06/2021,HRL,TX,ASW,CE,Federal Contract Tower,12,13,16,32,73,0,0,16,9,25,12,13,32,41,98,14,110,124,222
01/07/2021,HRL,TX,ASW,CE,Federal Contract Tower,17,6,12,6,41,0,0,13,4,17,17,6,25,10,58,8,28,36,94
01/08/2021,HRL,TX,ASW,CE,Federal Contract Tower,11,14,8,33,66,0,0,12,0,12,11,14,20,33,78,24,28,52,130
01/09/2021,HRL,TX,ASW,CE,Federal Contract Tower,13,7,6,11,37,0,0,16,0,16,13,7,22,11,53,46,4,50,103
01/10/2021,HRL,TX,ASW,CE,Federal Contract Tower,8,9,6,2,25,0,0,0,0,0,8,9,6,2,25,0,2,2,27
01/11/2021,HRL,TX,ASW,CE,Federal Contract Tower,10,9,6,35,60,0,0,16,12,28,10,9,22,47,88,40,52,92,180
01/12/2021,HRL,TX,ASW,CE,Federal Contract Tower,14,8,4,2,28,0,0,4,1,5,14,8,8,3,33,0,4,4,37
01/13/2021,HRL,TX,ASW,CE,Federal Contract Tower,12,8,12,18,50,0,0,19,8,27,12,8,31,26,77,44,67,111,188
01/14/2021,HRL,TX,ASW,CE,Federal Contract Tower,15,7,15,25,62,0,0,35,1,36,15,7,50,26,98,76,50,126,224
01/15/2021,HRL,TX,ASW,CE,Federal Contract Tower,11,7,13,17,48,0,0,31,0,31,11,7,44,17,79,48,44,92,171
01/16/2021,HRL,TX,ASW,CE,Federal Contract Tower,13,8,1,6,28,0,0,22,5,27,13,8,23,11,55,58,20,78,133
01/17/2021,HRL,TX,ASW,CE,Federal Contract Tower,11,6,17,3,37,0,0,11,0,11,11,6,28,3,48,18,4,22,70
01/18/2021,HRL,TX,ASW,CE,Federal Contract Tower,13,7,10,3,33,0,0,18,0,18,13,7,28,3,51,28,18,46,97
01/19/2021,HRL,TX,ASW,CE,Federal Contract Tower,13,9,12,19,53,0,0,17,3,20,13,9,29,22,73,22,52,74,147
01/20/2021,HRL,TX,ASW,CE,Federal Contract Tower,11,18,17,22,68,0,0,4,1,5,11,18,21,23,73,0,34,34,107
01/21/2021,HRL,TX,ASW,CE,Federal Contract Tower,17,7,10,2,36,0,0,0,0,0,17,7,10,2,36,0,6,6,42
01/22/2021,HRL,TX,ASW,CE,Federal Contract Tower,12,8,12,17,49,0,0,4,0,4,12,8,16,17,53,46,28,74,127
01/23/2021,HRL,TX,ASW,CE,Federal Contract Tower,14,8,7,7,36,0,0,1,2,3,14,8,8,9,39,0,18,18,57
01/24/2021,HRL,TX,ASW,CE,Federal Contract Tower,11,6,6,18,41,0,0,5,3,8,11,6,11,21,49,2,20,22,71
01/25/2021,HRL,TX,ASW,CE,Federal Contract Tower,8,8,8,18,42,0,0,18,3,21,8,8,26,21,63,24,158,182,245
01/26/2021,HRL,TX,ASW,CE,Federal Contract Tower,13,12,10,30,65,0,0,16,3,19,13,12,26,33,84,16,36,52,136
01/27/2021,HRL,TX,ASW,CE,Federal Contract Tower,12,7,9,14,42,0,0,12,3,15,12,7,21,17,57,6,102,108,165
01/28/2021,HRL,TX,ASW,CE,Federal Contract Tower,15,8,3,25,51,0,0,36,7,43,15,8,39,32,94,38,98,136,230
01/29/2021,HRL,TX,ASW,CE,Federal Contract Tower,9,7,11,27,54,0,0,37,6,43,9,7,48,33,97,50,110,160,257
01/30/2021,HRL,TX,ASW,CE,Federal Contract Tower,13,8,0,12,33,0,0,12,13,25,13,8,12,25,58,20,56,76,134
01/31/2021,HRL,TX,ASW,CE,Federal Contract Tower,10,7,6,12,35,0,0,11,5,16,10,7,17,17,51,0,82,82,133
02/01/2021,HRL,TX,ASW,CE,Federal Contract Tower,8,8,7,14,37,0,0,30,0,30,8,8,37,14,67,24,18,42,109
02/02/2021,HRL,TX,ASW,CE,Federal Contract Tower,12,8,7,24,51,2,0,46,2,50,14,8,53,26,101,92,104,196,297
02/03/2021,HRL,TX,ASW,CE,Federal Contract Tower,12,13,15,17,57,0,0,38,14,52,12,13,53,31,109,60,154,214,323
02/05/2021,HRL,TX,ASW,CE,Federal Contract Tower,12,7,10,18,47,0,0,10,3,13,12,7,20,21,60,76,30,106,166
02/06/2021,HRL,TX,ASW,CE,Federal Contract Tower,13,7,6,6,32,0,2,3,0,5,13,9,9,6,37,16,10,26,63
02/07/2021,HRL,TX,ASW,CE,Federal Contract Tower,9,11,9,8,37,0,4,14,2,20,9,15,23,10,57,24,2,26,83
02/08/2021,HRL,TX,ASW,CE,Federal Contract Tower,11,7,5,5,28,0,0,24,1,25,11,7,29,6,53,48,4,52,105
02/09/2021,HRL,TX,ASW,CE,Federal Contract Tower,10,9,13,19,51,0,0,14,3,17,10,9,27,22,68,64,26,90,158
02/10/2021,HRL,TX,ASW,CE,Federal Contract Tower,12,12,14,30,68,0,0,24,16,40,12,12,38,46,108,44,84,128,236
02/11/2021,HRL,TX,ASW,CE,Federal Contract Tower,16,4,3,0,23,0,0,0,0,0,16,4,3,0,23,2,0,2,25
02/12/2021,HRL,TX,ASW,CE,Federal Contract Tower,12,11,8,1,32,0,0,0,0,0,12,11,8,1,32,2,2,4,36
02/13/2021,HRL,TX,ASW,CE,Federal Contract Tower,14,8,4,7,33,0,0,0,0,0,14,8,4,7,33,0,8,8,41
02/14/2021,HRL,TX,ASW,CE,Federal Contract Tower,7,4,2,0,13,0,0,0,0,0,7,4,2,0,13,0,0,0,13
02/15/2021,HRL,TX,ASW,CE,Federal Contract Tower,3,0,0,0,3,0,0,0,0,0,3,0,0,0,3,0,0,0,3
02/16/2021,HRL,TX,ASW,CE,Federal Contract Tower,0,0,0,0,0,0,0,0,0,0,0,0,0,0,0,0,0,0,0
02/17/2021,HRL,TX,ASW,CE,Federal Contract Tower,3,0,2,0,5,0,0,0,0,0,3,0,2,0,5,0,0,0,5
02/18/2021,HRL,TX,ASW,CE,Federal Contract Tower,9,2,4,4,19,0,0,0,0,0,9,2,4,4,19,0,0,0,19
02/19/2021,HRL,TX,ASW,CE,Federal Contract Tower,9,8,7,0,24,0,0,27,0,27,9,8,34,0,51,22,0,22,73
02/20/2021,HRL,TX,ASW,CE,Federal Contract Tower,11,6,9,20,46,0,0,38,7,45,11,6,47,27,91,44,64,108,199
02/21/2021,HRL,TX,ASW,CE,Federal Contract Tower,14,4,8,9,35,0,0,12,5,17,14,4,20,14,52,6,48,54,106
02/22/2021,HRL,TX,ASW,CE,Federal Contract Tower,14,10,7,18,49,0,0,15,4,19,14,10,22,22,68,12,42,54,122
02/23/2021,HRL,TX,ASW,CE,Federal Contract Tower,17,5,9,38,69,0,0,27,8,35,17,5,36,46,104,32,144,176,280
02/24/2021,HRL,TX,ASW,CE,Federal Contract Tower,14,5,12,22,53,0,1,25,1,27,14,6,37,23,80,84,58,142,222
02/25/2021,HRL,TX,ASW,CE,Federal Contract Tower,16,7,17,24,64,0,0,17,2,19,16,7,34,26,83,34,114,148,231
02/26/2021,HRL,TX,ASW,CE,Federal Contract Tower,13,7,16,28,64,0,0,26,16,42,13,7,42,44,106,40,196,236,342
02/27/2021,HRL,TX,ASW,CE,Federal Contract Tower,12,8,17,14,51,0,0,6,2,8,12,8,23,16,59,14,10,24,83
02/28/2021,HRL,TX,ASW,CE,Federal Contract Tower,10,6,9,3,28,0,0,3,0,3,10,6,12,3,31,0,2,2,33
03/01/2021,HRL,TX,ASW,CE,Federal Contract Tower,13,7,12,26,58,0,0,18,0,18,13,7,30,26,76,0,160,160,236
03/02/2021,HRL,TX,ASW,CE,Federal Contract Tower,19,5,9,10,43,0,0,37,11,48,19,5,46,21,91,42,80,122,213
03/03/2021,HRL,TX,ASW,CE,Federal Contract Tower,15,7,7,17,46,0,2,25,21,48,15,9,32,38,94,80,164,244,338
03/04/2021,HRL,TX,ASW,CE,Federal Contract Tower,17,8,12,2,39,0,0,13,2,15,17,8,25,4,54,0,4,4,58
03/05/2021,HRL,TX,ASW,CE,Federal Contract Tower,11,9,7,1,28,0,0,13,2,15,11,9,20,3,43,40,2,42,85
03/06/2021,HRL,TX,ASW,CE,Federal Contract Tower,17,7,5,2,31,0,0,25,7,32,17,7,30,9,63,48,66,114,177
03/07/2021,HRL,TX,ASW,CE,Federal Contract Tower,15,5,1,4,25,0,0,22,6,28,15,5,23,10,53,96,4,100,153
03/08/2021,HRL,TX,ASW,CE,Federal Contract Tower,17,6,5,22,50,0,6,23,1,30,17,12,28,23,80,22,30,52,132
03/09/2021,HRL,TX,ASW,CE,Federal Contract Tower,16,7,5,16,44,0,0,26,11,37,16,7,31,27,81,36,130,166,247
03/10/2021,HRL,TX,ASW,CE,Federal Contract Tower,14,9,9,13,45,0,0,7,10,17,14,9,16,23,62,0,32,32,94
03/11/2021,HRL,TX,ASW,CE,Federal Contract Tower,18,12,14,18,62,0,0,6,10,16,18,12,20,28,78,2,128,130,208
03/12/2021,HRL,TX,ASW,CE,Federal Contract Tower,14,12,8,11,45,0,0,3,0,3,14,12,11,11,48,2,24,26,74
03/13/2021,HRL,TX,ASW,CE,Federal Contract Tower,14,11,6,9,40,0,0,0,0,0,14,11,6,9,40,0,20,20,60
03/14/2021,HRL,TX,ASW,CE,Federal Contract Tower,16,7,1,13,37,0,0,5,0,5,16,7,6,13,42,4,22,26,68
03/15/2021,HRL,TX,ASW,CE,Federal Contract Tower,16,8,9,12,45,0,0,31,0,31,16,8,40,12,76,64,22,86,162
03/16/2021,HRL,TX,ASW,CE,Federal Contract Tower,20,12,9,29,70,0,0,22,6,28,20,12,31,35,98,56,190,246,344
03/17/2021,HRL,TX,ASW,CE,Federal Contract Tower,15,9,8,17,49,0,0,19,1,20,15,9,27,18,69,46,144,190,259
03/18/2021,HRL,TX,ASW,CE,Federal Contract Tower,18,10,15,9,52,0,0,29,11,40,18,10,44,20,92,52,96,148,240
03/19/2021,HRL,TX,ASW,CE,Federal Contract Tower,14,12,13,1,40,0,0,25,5,30,14,12,38,6,70,58,30,88,158
03/20/2021,HRL,TX,ASW,CE,Federal Contract Tower,21,10,3,6,40,0,0,25,4,29,21,10,28,10,69,74,6,80,149
03/21/2021,HRL,TX,ASW,CE,Federal Contract Tower,16,4,4,11,35,0,0,14,4,18,16,4,18,15,53,6,14,20,73
03/22/2021,HRL,TX,ASW,CE,Federal Contract Tower,18,8,11,56,93,0,0,17,7,24,18,8,28,63,117,12,214,226,343
03/23/2021,HRL,TX,ASW,CE,Federal Contract Tower,20,11,14,18,63,0,0,39,2,41,20,11,53,20,104,68,32,100,204
03/24/2021,HRL,TX,ASW,CE,Federal Contract Tower,17,10,23,40,90,0,0,27,3,30,17,10,50,43,120,62,80,142,262
03/25/2021,HRL,TX,ASW,CE,Federal Contract Tower,19,11,6,34,70,0,0,16,1,17,19,11,22,35,87,28,238,266,353
03/26/2021,HRL,TX,ASW,CE,Federal Contract Tower,20,6,11,5,42,0,0,11,0,11,20,6,22,5,53,34,6,40,93
03/27/2021,HRL,TX,ASW,CE,Federal Contract Tower,24,11,8,18,61,0,0,7,0,7,24,11,15,18,68,0,28,28,96
03/28/2021,HRL,TX,ASW,CE,Federal Contract Tower,16,9,6,5,36,0,0,2,0,2,16,9,8,5,38,0,6,6,44
03/29/2021,HRL,TX,ASW,CE,Federal Contract Tower,15,9,14,2,40,0,0,21,0,21,15,9,35,2,61,30,0,30,91
03/30/2021,HRL,TX,ASW,CE,Federal Contract Tower,18,12,12,20,62,0,0,26,7,33,18,12,38,27,95,18,124,142,237
03/31/2021,HRL,TX,ASW,CE,Federal Contract Tower,17,13,18,18,66,0,0,26,10,36,17,13,44,28,102,34,128,162,264
04/01/2021,HRL,TX,ASW,CE,Federal Contract Tower,18,14,14,11,57,0,0,28,0,28,18,14,42,11,85,22,20,42,127
04/02/2021,HRL,TX,ASW,CE,Federal Contract Tower,17,10,22,7,56,0,0,32,2,34,17,10,54,9,90,30,10,40,130
04/03/2021,HRL,TX,ASW,CE,Federal Contract Tower,21,10,7,3,41,0,0,18,8,26,21,10,25,11,67,6,20,26,93
04/04/2021,HRL,TX,ASW,CE,Federal Contract Tower,14,8,7,0,29,0,0,8,0,8,14,8,15,0,37,0,0,0,37
04/05/2021,HRL,TX,ASW,CE,Federal Contract Tower,16,10,14,18,58,0,0,17,10,27,16,10,31,28,85,4,158,162,247
04/06/2021,HRL,TX,ASW,CE,Federal Contract Tower,17,9,17,35,78,0,2,10,3,15,17,11,27,38,93,28,58,86,179
04/07/2021,HRL,TX,ASW,CE,Federal Contract Tower,19,9,10,20,58,0,0,16,7,23,19,9,26,27,81,18,61,79,160
04/08/2021,HRL,TX,ASW,CE,Federal Contract Tower,16,7,21,15,59,0,0,22,0,22,16,7,43,15,81,44,16,60,141
04/09/2021,HRL,TX,ASW,CE,Federal Contract Tower,17,11,3,21,52,0,0,21,1,22,17,11,24,22,74,34,88,122,196
04/10/2021,HRL,TX,ASW,CE,Federal Contract Tower,16,11,6,3,36,0,2,5,2,9,16,13,11,5,45,24,14,38,83
04/11/2021,HRL,TX,ASW,CE,Federal Contract Tower,14,12,9,3,38,0,0,17,3,20,14,12,26,6,58,0,0,0,58
04/12/2021,HRL,TX,ASW,CE,Federal Contract Tower,13,9,8,11,41,0,0,19,1,20,13,9,27,12,61,28,182,210,271
04/13/2021,HRL,TX,ASW,CE,Federal Contract Tower,15,11,12,2,40,0,0,18,2,20,15,11,30,4,60,22,76,98,158
04/14/2021,HRL,TX,ASW,CE,Federal Contract Tower,13,16,8,15,52,0,0,12,4,16,13,16,20,19,68,14,27,41,109
04/15/2021,HRL,TX,ASW,CE,Federal Contract Tower,15,10,11,24,60,0,0,14,5,19,15,10,25,29,79,60,208,268,347
04/16/2021,HRL,TX,ASW,CE,Federal Contract Tower,14,10,10,22,56,0,0,18,2,20,14,10,28,24,76,78,112,190,266
04/17/2021,HRL,TX,ASW,CE,Federal Contract Tower,17,13,5,4,39,0,2,1,0,3,17,15,6,4,42,0,0,0,42
04/18/2021,HRL,TX,ASW,CE,Federal Contract Tower,12,9,9,1,31,0,0,20,4,24,12,9,29,5,55,8,2,10,65
04/19/2021,HRL,TX,ASW,CE,Federal Contract Tower,11,11,7,23,52,0,0,30,6,36,11,11,37,29,88,34,110,144,232
04/20/2021,HRL,TX,ASW,CE,Federal Contract Tower,14,12,15,15,56,0,0,35,0,35,14,12,50,15,91,56,14,70,161
04/21/2021,HRL,TX,ASW,CE,Federal Contract Tower,13,14,14,23,64,0,4,24,7,35,13,18,38,30,99,44,148,192,291
04/22/2021,HRL,TX,ASW,CE,Federal Contract Tower,15,13,11,18,57,0,0,23,0,23,15,13,34,18,80,100,60,160,240
04/23/2021,HRL,TX,ASW,CE,Federal Contract Tower,13,13,9,45,80,0,0,15,5,20,13,13,24,50,100,28,180,208,308
04/24/2021,HRL,TX,ASW,CE,Federal Contract Tower,17,11,12,37,77,0,0,15,6,21,17,11,27,43,98,0,20,20,118
04/25/2021,HRL,TX,ASW,CE,Federal Contract Tower,12,12,6,5,35,0,2,30,4,36,12,14,36,9,71,16,12,28,99
04/26/2021,HRL,TX,ASW,CE,Federal Contract Tower,11,14,9,21,55,0,0,33,2,35,11,14,42,23,90,110,38,148,238
04/27/2021,HRL,TX,ASW,CE,Federal Contract Tower,14,12,9,67,102,0,0,34,19,53,14,12,43,86,155,62,330,392,547
04/28/2021,HRL,TX,ASW,CE,Federal Contract Tower,12,14,23,16,65,0,0,34,18,52,12,14,57,34,117,48,178,226,343
04/29/2021,HRL,TX,ASW,CE,Federal Contract Tower,15,11,11,37,74,0,2,35,5,42,15,13,46,42,116,128,158,286,402
04/30/2021,HRL,TX,ASW,CE,Federal Contract Tower,10,9,23,1,43,0,0,26,0,26,10,9,49,1,69,70,2,72,141
05/01/2021,HRL,TX,ASW,CE,Federal Contract Tower,16,12,13,0,41,0,0,2,0,2,16,12,15,0,43,12,0,12,55
05/02/2021,HRL,TX,ASW,CE,Federal Contract Tower,10,10,9,2,31,0,0,33,0,33,10,10,42,2,64,50,0,50,114
05/03/2021,HRL,TX,ASW,CE,Federal Contract Tower,11,9,12,19,51,0,0,47,4,51,11,9,59,23,102,38,62,100,202
05/04/2021,HRL,TX,ASW,CE,Federal Contract Tower,15,16,29,26,86,0,0,32,0,32,15,16,61,26,118,52,136,188,306
05/05/2021,HRL,TX,ASW,CE,Federal Contract Tower,15,13,12,19,59,0,0,30,3,33,15,13,42,22,92,50,34,84,176
05/06/2021,HRL,TX,ASW,CE,Federal Contract Tower,18,10,16,12,56,0,0,18,2,20,18,10,34,14,76,36,100,136,212
05/07/2021,HRL,TX,ASW,CE,Federal Contract Tower,16,11,7,4,38,0,0,22,4,26,16,11,29,8,64,36,28,64,128
05/08/2021,HRL,TX,ASW,CE,Federal Contract Tower,22,4,3,0,29,0,4,11,4,19,22,8,14,4,48,16,0,16,64
05/09/2021,HRL,TX,ASW,CE,Federal Contract Tower,14,10,9,6,39,0,0,3,0,3,14,10,12,6,42,2,10,12,54
05/10/2021,HRL,TX,ASW,CE,Federal Contract Tower,13,11,11,12,47,0,0,18,8,26,13,11,29,20,73,34,146,180,253
05/11/2021,HRL,TX,ASW,CE,Federal Contract Tower,16,8,17,27,68,0,0,25,2,27,16,8,42,29,95,18,46,64,159
05/12/2021,HRL,TX,ASW,CE,Federal Contract Tower,18,9,8,15,50,0,0,0,1,1,18,9,8,16,51,0,70,70,121
05/13/2021,HRL,TX,ASW,CE,Federal Contract Tower,29,11,16,33,89,0,0,19,5,24,29,11,35,38,113,20,178,198,311
05/14/2021,HRL,TX,ASW,CE,Federal Contract Tower,19,7,15,11,52,0,0,19,3,22,19,7,34,14,74,58,22,80,154
05/15/2021,HRL,TX,ASW,CE,Federal Contract Tower,18,8,5,0,31,0,0,3,2,5,18,8,8,2,36,22,0,22,58
05/16/2021,HRL,TX,ASW,CE,Federal Contract Tower,18,5,5,11,39,0,0,0,2,2,18,5,5,13,41,0,18,18,59
05/17/2021,HRL,TX,ASW,CE,Federal Contract Tower,13,9,8,53,83,0,4,18,7,29,13,13,26,60,112,20,128,148,260
05/18/2021,HRL,TX,ASW,CE,Federal Contract Tower,18,7,8,38,71,0,0,22,2,24,18,7,30,40,95,38,80,118,213
05/19/2021,HRL,TX,ASW,CE,Federal Contract Tower,18,5,1,0,24,0,0,1,0,1,18,5,2,0,25,0,0,0,25
05/20/2021,HRL,TX,ASW,CE,Federal Contract Tower,17,11,8,22,58,0,2,20,4,26,17,13,28,26,84,28,96,124,208
05/21/2021,HRL,TX,ASW,CE,Federal Contract Tower,14,13,13,31,71,0,0,29,10,39,14,13,42,41,110,36,166,202,312
05/22/2021,HRL,TX,ASW,CE,Federal Contract Tower,25,5,4,23,57,0,0,10,5,15,25,5,14,28,72,12,56,68,140
05/23/2021,HRL,TX,ASW,CE,Federal Contract Tower,14,12,11,2,39,0,1,16,0,17,14,13,27,2,56,34,4,38,94
05/24/2021,HRL,TX,ASW,CE,Federal Contract Tower,15,6,7,13,41,0,0,9,3,12,15,6,16,16,53,24,46,70,123
05/25/2021,HRL,TX,ASW,CE,Federal Contract Tower,16,7,17,23,63,0,0,16,14,30,16,7,33,37,93,20,298,318,411
05/26/2021,HRL,TX,ASW,CE,Federal Contract Tower,13,15,9,43,80,0,0,30,15,45,13,15,39,58,125,34,184,218,343
05/27/2021,HRL,TX,ASW,CE,Federal Contract Tower,16,20,8,20,64,0,0,12,2,14,16,20,20,22,78,4,44,48,126
05/28/2021,HRL,TX,ASW,CE,Federal Contract Tower,17,10,18,9,54,0,0,15,1,16,17,10,33,10,70,16,12,28,98
05/29/2021,HRL,TX,ASW,CE,Federal Contract Tower,20,7,3,0,30,0,2,10,2,14,20,9,13,2,44,16,0,16,60
05/30/2021,HRL,TX,ASW,CE,Federal Contract Tower,11,12,5,1,29,0,0,14,5,19,11,12,19,6,48,16,0,16,64
05/31/2021,HRL,TX,ASW,CE,Federal Contract Tower,14,9,7,6,36,0,2,23,0,25,14,11,30,6,61,10,4,14,75
06/01/2021,HRL,TX,ASW,CE,Federal Contract Tower,12,10,4,10,36,0,1,8,3,12,12,11,12,13,48,18,50,68,116
06/02/2021,HRL,TX,ASW,CE,Federal Contract Tower,19,9,13,13,54,0,0,18,10,28,19,9,31,23,82,18,126,144,226
06/03/2021,HRL,TX,ASW,CE,Federal Contract Tower,15,10,9,6,40,0,0,18,0,18,15,10,27,6,58,20,8,28,86
06/04/2021,HRL,TX,ASW,CE,Federal Contract Tower,12,17,15,13,57,0,0,8,5,13,12,17,23,18,70,12,30,42,112
06/05/2021,HRL,TX,ASW,CE,Federal Contract Tower,21,11,2,12,46,0,0,13,6,19,21,11,15,18,65,34,44,78,143
06/06/2021,HRL,TX,ASW,CE,Federal Contract Tower,14,9,2,11,36,0,2,10,4,16,14,11,12,15,52,2,14,16,68
06/07/2021,HRL,TX,ASW,CE,Federal Contract Tower,17,12,7,38,74,0,0,6,8,14,17,12,13,46,88,0,172,172,260
06/08/2021,HRL,TX,ASW,CE,Federal Contract Tower,18,13,8,28,67,0,0,26,8,34,18,13,34,36,101,40,110,150,251
06/09/2021,HRL,TX,ASW,CE,Federal Contract Tower,19,11,10,12,52,0,0,17,9,26,19,11,27,21,78,42,130,172,250
06/10/2021,HRL,TX,ASW,CE,Federal Contract Tower,20,10,3,23,56,0,0,23,2,25,20,10,26,25,81,22,72,94,175
06/11/2021,HRL,TX,ASW,CE,Federal Contract Tower,16,12,2,18,48,0,0,29,1,30,16,12,31,19,78,16,42,58,136
06/12/2021,HRL,TX,ASW,CE,Federal Contract Tower,21,10,5,5,41,0,0,29,10,39,21,10,34,15,80,52,28,80,160
06/13/2021,HRL,TX,ASW,CE,Federal Contract Tower,13,13,3,8,37,0,0,17,7,24,13,13,20,15,61,0,24,24,85
06/14/2021,HRL,TX,ASW,CE,Federal Contract Tower,14,10,6,14,44,0,0,27,4,31,14,10,33,18,75,30,94,124,199
06/15/2021,HRL,TX,ASW,CE,Federal Contract Tower,16,13,5,26,60,0,4,39,9,52,16,17,44,35,112,70,110,180,292
06/16/2021,HRL,TX,ASW,CE,Federal Contract Tower,19,13,7,14,53,0,21,24,4,49,19,34,31,18,102,58,50,108,210
06/17/2021,HRL,TX,ASW,CE,Federal Contract Tower,19,13,15,7,54,0,0,30,3,33,19,13,45,10,87,54,20,74,161
06/18/2021,HRL,TX,ASW,CE,Federal Contract Tower,15,14,5,2,36,0,0,37,0,37,15,14,42,2,73,72,12,84,157
06/19/2021,HRL,TX,ASW,CE,Federal Contract Tower,19,9,5,4,37,0,0,17,2,19,19,9,22,6,56,28,6,34,90
06/20/2021,HRL,TX,ASW,CE,Federal Contract Tower,16,12,3,4,35,0,0,13,0,13,16,12,16,4,48,42,8,50,98
06/21/2021,HRL,TX,ASW,CE,Federal Contract Tower,15,10,6,39,70,0,0,20,17,37,15,10,26,56,107,60,66,126,233
06/22/2021,HRL,TX,ASW,CE,Federal Contract Tower,19,12,17,0,48,0,0,12,0,12,19,12,29,0,60,16,0,16,76
06/23/2021,HRL,TX,ASW,CE,Federal Contract Tower,19,13,9,18,59,0,0,7,0,7,19,13,16,18,66,0,36,36,102
06/24/2021,HRL,TX,ASW,CE,Federal Contract Tower,21,19,14,26,80,0,0,27,5,32,21,19,41,31,112,14,146,160,272
06/25/2021,HRL,TX,ASW,CE,Federal Contract Tower,19,14,10,12,55,0,0,23,10,33,19,14,33,22,88,24,52,76,164
06/26/2021,HRL,TX,ASW,CE,Federal Contract Tower,17,10,7,6,40,0,0,25,4,29,17,10,32,10,69,68,12,80,149
06/27/2021,HRL,TX,ASW,CE,Federal Contract Tower,15,10,8,3,36,0,0,18,9,27,15,10,26,12,63,46,6,52,115
06/28/2021,HRL,TX,ASW,CE,Federal Contract Tower,14,14,6,30,64,0,0,8,5,13,14,14,14,35,77,12,96,108,185
06/29/2021,HRL,TX,ASW,CE,Federal Contract Tower,18,13,12,12,55,0,0,17,4,21,18,13,29,16,76,16,78,94,170
06/30/2021,HRL,TX,ASW,CE,Federal Contract Tower,19,16,11,56,102,0,2,19,6,27,19,18,30,62,129,15,192,207,336
07/01/2021,HRL,TX,ASW,CE,Federal Contract Tower,20,12,10,6,48,0,2,24,2,28,20,14,34,8,76,24,26,50,126
07/02/2021,HRL,TX,ASW,CE,Federal Contract Tower,17,14,10,1,42,0,0,50,6,56,17,14,60,7,98,82,0,82,180
07/03/2021,HRL,TX,ASW,CE,Federal Contract Tower,14,14,5,3,36,0,0,33,0,33,14,14,38,3,69,66,0,66,135
07/04/2021,HRL,TX,ASW,CE,Federal Contract Tower,13,10,2,0,25,0,0,33,0,33,13,10,35,0,58,56,0,56,114
07/05/2021,HRL,TX,ASW,CE,Federal Contract Tower,14,11,9,3,37,0,0,15,2,17,14,11,24,5,54,0,6,6,60
07/06/2021,HRL,TX,ASW,CE,Federal Contract Tower,18,13,6,0,37,0,0,19,0,19,18,13,25,0,56,58,0,58,114
07/07/2021,HRL,TX,ASW,CE,Federal Contract Tower,23,11,7,8,49,0,0,0,0,0,23,11,7,8,49,0,0,0,49
07/08/2021,HRL,TX,ASW,CE,Federal Contract Tower,17,14,2,39,72,0,0,29,5,34,17,14,31,44,106,82,46,128,234
07/09/2021,HRL,TX,ASW,CE,Federal Contract Tower,17,15,13,8,53,0,0,2,1,3,17,15,15,9,56,0,36,36,92
07/10/2021,HRL,TX,ASW,CE,Federal Contract Tower,17,15,1,5,38,0,0,34,2,36,17,15,35,7,74,184,38,222,296
07/11/2021,HRL,TX,ASW,CE,Federal Contract Tower,14,14,8,21,57,0,0,31,6,37,14,14,39,27,94,72,44,116,210
07/12/2021,HRL,TX,ASW,CE,Federal Contract Tower,15,20,11,41,87,0,0,46,13,59,15,20,57,54,146,74,72,146,292
07/13/2021,HRL,TX,ASW,CE,Federal Contract Tower,18,12,13,10,53,0,0,15,2,17,18,12,28,12,70,2,12,14,84
07/14/2021,HRL,TX,ASW,CE,Federal Contract Tower,19,12,9,24,64,0,0,29,27,56,19,12,38,51,120,50,176,226,346
07/15/2021,HRL,TX,ASW,CE,Federal Contract Tower,17,16,3,26,62,0,0,42,4,46,17,16,45,30,108,46,34,80,188
07/16/2021,HRL,TX,ASW,CE,Federal Contract Tower,17,19,9,18,63,0,0,28,9,37,17,19,37,27,100,58,94,152,252
07/17/2021,HRL,TX,ASW,CE,Federal Contract Tower,20,16,3,0,39,0,0,7,3,10,20,16,10,3,49,24,0,24,73
07/18/2021,HRL,TX,ASW,CE,Federal Contract Tower,18,14,5,9,46,0,0,11,4,15,18,14,16,13,61,18,10,28,89
07/19/2021,HRL,TX,ASW,CE,Federal Contract Tower,15,13,9,35,72,0,0,16,1,17,15,13,25,36,89,0,98,98,187
07/20/2021,HRL,TX,ASW,CE,Federal Contract Tower,20,19,7,18,64,0,0,28,8,36,20,19,35,26,100,20,104,124,224
07/21/2021,HRL,TX,ASW,CE,Federal Contract Tower,20,15,10,2,47,0,0,14,5,19,20,15,24,7,66,18,78,96,162
07/22/2021,HRL,TX,ASW,CE,Federal Contract Tower,17,17,9,31,74,0,0,21,17,38,17,17,30,48,112,22,2,24,136
07/23/2021,HRL,TX,ASW,CE,Federal Contract Tower,17,18,14,14,63,0,0,23,1,24,17,18,37,15,87,12,50,62,149
07/24/2021,HRL,TX,ASW,CE,Federal Contract Tower,19,15,11,11,56,0,0,7,8,15,19,15,18,19,71,0,38,38,109
07/25/2021,HRL,TX,ASW,CE,Federal Contract Tower,14,12,2,4,32,0,0,15,3,18,14,12,17,7,50,8,8,16,66
07/26/2021,HRL,TX,ASW,CE,Federal Contract Tower,15,17,8,32,72,0,0,13,2,15,15,17,21,34,87,0,46,46,133
07/27/2021,HRL,TX,ASW,CE,Federal Contract Tower,19,24,7,9,59,0,1,17,0,18,19,25,24,9,77,30,18,48,125
07/28/2021,HRL,TX,ASW,CE,Federal Contract Tower,21,15,11,9,56,0,0,10,7,17,21,15,21,16,73,0,56,56,129
07/29/2021,HRL,TX,ASW,CE,Federal Contract Tower,19,12,8,19,58,0,0,18,4,22,19,12,26,23,80,30,62,92,172
07/30/2021,HRL,TX,ASW,CE,Federal Contract Tower,19,16,10,6,51,0,0,27,0,27,19,16,37,6,78,0,22,22,100
07/31/2021,HRL,TX,ASW,CE,Federal Contract Tower,18,18,7,0,43,0,0,14,1,15,18,18,21,1,58,12,0,12,70
08/01/2021,HRL,TX,ASW,CE,Federal Contract Tower,16,12,7,5,40,0,0,7,2,9,16,12,14,7,49,10,16,26,75
08/02/2021,HRL,TX,ASW,CE,Federal Contract Tower,16,12,6,46,80,0,2,22,11,35,16,14,28,57,115,36,156,192,307
08/03/2021,HRL,TX,ASW,CE,Federal Contract Tower,20,15,8,15,58,0,0,26,13,39,20,15,34,28,97,60,124,184,281
08/04/2021,HRL,TX,ASW,CE,Federal Contract Tower,19,16,14,45,94,0,0,28,15,43,19,16,42,60,137,16,216,232,369
08/05/2021,HRL,TX,ASW,CE,Federal Contract Tower,19,16,6,3,44,0,0,22,6,28,19,16,28,9,72,40,58,98,170
08/06/2021,HRL,TX,ASW,CE,Federal Contract Tower,18,17,12,8,55,0,0,25,10,35,18,17,37,18,90,30,98,128,218
08/07/2021,HRL,TX,ASW,CE,Federal Contract Tower,19,14,6,4,43,0,2,23,2,27,19,16,29,6,70,56,6,62,132
08/08/2021,HRL,TX,ASW,CE,Federal Contract Tower,15,16,4,1,36,0,0,15,0,15,15,16,19,1,51,12,4,16,67
08/09/2021,HRL,TX,ASW,CE,Federal Contract Tower,13,15,19,24,71,0,1,12,0,13,13,16,31,24,84,0,30,30,114
08/10/2021,HRL,TX,ASW,CE,Federal Contract Tower,15,21,5,31,72,0,0,22,14,36,15,21,27,45,108,36,86,122,230
08/11/2021,HRL,TX,ASW,CE,Federal Contract Tower,17,19,14,38,88,0,0,29,0,29,17,19,43,38,117,20,106,126,243
08/12/2021,HRL,TX,ASW,CE,Federal Contract Tower,20,15,22,13,70,0,0,27,4,31,20,15,49,17,101,42,40,82,183
08/13/2021,HRL,TX,ASW,CE,Federal Contract Tower,19,13,6,15,53,0,0,25,6,31,19,13,31,21,84,48,142,190,274
08/14/2021,HRL,TX,ASW,CE,Federal Contract Tower,20,11,2,4,37,0,0,10,4,14,20,11,12,8,51,48,58,106,157
08/15/2021,HRL,TX,ASW,CE,Federal Contract Tower,15,12,6,18,51,0,0,18,3,21,15,12,24,21,72,18,56,74,146
08/16/2021,HRL,TX,ASW,CE,Federal Contract Tower,16,11,4,63,94,0,0,26,12,38,16,11,30,75,132,28,228,256,388
08/17/2021,HRL,TX,ASW,CE,Federal Contract Tower,22,14,8,40,84,0,0,30,5,35,22,14,38,45,119,24,122,146,265
08/18/2021,HRL,TX,ASW,CE,Federal Contract Tower,24,16,12,38,90,0,0,12,9,21,24,16,24,47,111,0,158,158,269
08/19/2021,HRL,TX,ASW,CE,Federal Contract Tower,24,12,8,14,58,0,0,23,4,27,24,12,31,18,85,42,66,108,193
08/20/2021,HRL,TX,ASW,CE,Federal Contract Tower,25,13,1,8,47,0,0,16,7,23,25,13,17,15,70,52,64,116,186
08/21/2021,HRL,TX,ASW,CE,Federal Contract Tower,21,11,2,3,37,0,0,4,2,6,21,11,6,5,43,0,6,6,49
08/22/2021,HRL,TX,ASW,CE,Federal Contract Tower,18,12,6,0,36,0,0,3,0,3,18,12,9,0,39,2,0,2,41
08/23/2021,HRL,TX,ASW,CE,Federal Contract Tower,17,14,2,22,55,0,0,11,10,21,17,14,13,32,76,100,118,218,294
08/24/2021,HRL,TX,ASW,CE,Federal Contract Tower,23,10,6,23,62,0,0,29,2,31,23,10,35,25,93,76,88,164,257
08/25/2021,HRL,TX,ASW,CE,Federal Contract Tower,23,16,10,16,65,0,0,26,24,50,23,16,36,40,115,18,208,226,341
08/26/2021,HRL,TX,ASW,CE,Federal Contract Tower,23,16,12,20,71,0,0,18,29,47,23,16,30,49,118,20,88,108,226
08/27/2021,HRL,TX,ASW,CE,Federal Contract Tower,23,16,9,12,60,0,0,26,6,32,23,16,35,18,92,78,68,146,238
08/28/2021,HRL,TX,ASW,CE,Federal Contract Tower,22,15,2,8,47,0,0,21,3,24,22,15,23,11,71,8,34,42,113
08/29/2021,HRL,TX,ASW,CE,Federal Contract Tower,19,10,3,7,39,0,0,2,6,8,19,10,5,13,47,2,76,78,125
08/30/2021,HRL,TX,ASW,CE,Federal Contract Tower,21,8,9,20,58,0,2,18,8,28,21,10,27,28,86,36,104,140,226
08/31/2021,HRL,TX,ASW,CE,Federal Contract Tower,22,11,3,29,65,0,0,20,6,26,22,11,23,35,91,74,50,124,215
09/01/2021,HRL,TX,ASW,CE,Federal Contract Tower,21,17,10,40,88,0,0,26,10,36,21,17,36,50,124,36,100,136,260
09/02/2021,HRL,TX,ASW,CE,Federal Contract Tower,23,10,12,15,60,0,0,35,5,40,23,10,47,20,100,34,188,222,322
09/03/2021,HRL,TX,ASW,CE,Federal Contract Tower,25,15,12,6,58,0,0,18,0,18,25,15,30,6,76,54,32,86,162
09/04/2021,HRL,TX,ASW,CE,Federal Contract Tower,25,12,5,2,44,0,0,9,0,9,25,12,14,2,53,56,0,56,109
09/05/2021,HRL,TX,ASW,CE,Federal Contract Tower,21,6,5,0,32,0,0,11,0,11,21,6,16,0,43,52,0,52,95
09/06/2021,HRL,TX,ASW,CE,Federal Contract Tower,17,13,4,6,40,0,0,26,0,26,17,13,30,6,66,48,12,60,126
09/07/2021,HRL,TX,ASW,CE,Federal Contract Tower,20,9,3,6,38,0,0,24,0,24,20,9,27,6,62,88,18,106,168
09/08/2021,HRL,TX,ASW,CE,Federal Contract Tower,24,15,7,26,72,0,0,25,6,31,24,15,32,32,103,52,48,100,203
09/10/2021,HRL,TX,ASW,CE,Federal Contract Tower,26,15,16,6,63,0,0,31,3,34,26,15,47,9,97,76,22,98,195
09/11/2021,HRL,TX,ASW,CE,Federal Contract Tower,19,11,0,1,31,0,2,21,8,31,19,13,21,9,62,34,2,36,98
09/12/2021,HRL,TX,ASW,CE,Federal Contract Tower,23,11,9,0,43,0,0,3,0,3,23,11,12,0,46,22,0,22,68
09/13/2021,HRL,TX,ASW,CE,Federal Contract Tower,9,6,11,0,26,0,2,2,0,4,9,8,13,0,30,24,0,24,54
09/15/2021,HRL,TX,ASW,CE,Federal Contract Tower,19,15,10,16,60,0,0,32,2,34,19,15,42,18,94,86,48,134,228
09/16/2021,HRL,TX,ASW,CE,Federal Contract Tower,27,10,9,12,58,0,0,18,2,20,27,10,27,14,78,48,10,58,136
09/17/2021,HRL,TX,ASW,CE,Federal Contract Tower,21,15,9,12,57,0,0,18,11,29,21,15,27,23,86,18,98,116,202
09/18/2021,HRL,TX,ASW,CE,Federal Contract Tower,21,9,3,15,48,0,0,18,3,21,21,9,21,18,69,6,34,40,109
09/19/2021,HRL,TX,ASW,CE,Federal Contract Tower,18,13,12,0,43,0,0,8,0,8,18,13,20,0,51,8,0,8,59
09/20/2021,HRL,TX,ASW,CE,Federal Contract Tower,21,20,7,9,57,0,0,17,6,23,21,20,24,15,80,20,66,86,166
09/21/2021,HRL,TX,ASW,CE,Federal Contract Tower,27,13,18,2,60,0,0,18,0,18,27,13,36,2,78,38,4,42,120
09/22/2021,HRL,TX,ASW,CE,Federal Contract Tower,22,14,9,1,46,0,0,9,1,10,22,14,18,2,56,14,0,14,70
09/23/2021,HRL,TX,ASW,CE,Federal Contract Tower,28,14,11,7,60,0,0,33,7,40,28,14,44,14,100,78,24,102,202
09/24/2021,HRL,TX,ASW,CE,Federal Contract Tower,26,17,11,0,54,0,0,24,1,25,26,17,35,1,79,18,0,18,97
09/25/2021,HRL,TX,ASW,CE,Federal Contract Tower,26,13,3,0,42,0,0,20,0,20,26,13,23,0,62,16,0,16,78
09/26/2021,HRL,TX,ASW,CE,Federal Contract Tower,29,12,9,0,50,0,0,7,0,7,29,12,16,0,57,0,0,0,57
09/27/2021,HRL,TX,ASW,CE,Federal Contract Tower,22,13,6,23,64,0,0,24,10,34,22,13,30,33,98,72,100,172,270
09/28/2021,HRL,TX,ASW,CE,Federal Contract Tower,30,18,9,25,82,0,0,34,21,55,30,18,43,46,137,76,200,276,413
09/29/2021,HRL,TX,ASW,CE,Federal Contract Tower,32,18,10,2,62,0,0,23,0,23,32,18,33,2,85,20,4,24,109
09/30/2021,HRL,TX,ASW,CE,Federal Contract Tower,31,16,9,16,72,0,0,29,2,31,31,16,38,18,103,48,134,182,285
10/01/2021,HRL,TX,ASW,CE,Federal Contract Tower,24,14,2,0,40,0,0,14,0,14,24,14,16,0,54,14,0,14,68
10/02/2021,HRL,TX,ASW,CE,Federal Contract Tower,27,5,6,5,43,0,0,6,0,6,27,5,12,5,49,28,8,36,85
10/03/2021,HRL,TX,ASW,CE,Federal Contract Tower,22,12,5,2,41,0,0,5,1,6,22,12,10,3,47,8,32,40,87
10/04/2021,HRL,TX,ASW,CE,Federal Contract Tower,24,11,5,17,57,0,0,23,7,30,24,11,28,24,87,6,142,148,235
10/05/2021,HRL,TX,ASW,CE,Federal Contract Tower,23,15,9,28,75,0,0,32,2,34,23,15,41,30,109,66,102,168,277
10/06/2021,HRL,TX,ASW,CE,Federal Contract Tower,23,18,11,9,61,0,1,24,7,32,23,19,35,16,93,36,56,92,185
10/07/2021,HRL,TX,ASW,CE,Federal Contract Tower,26,10,9,15,60,0,0,20,14,34,26,10,29,29,94,54,126,180,274
10/08/2021,HRL,TX,ASW,CE,Federal Contract Tower,23,10,4,11,48,0,0,24,5,29,23,10,28,16,77,44,22,66,143
10/09/2021,HRL,TX,ASW,CE,Federal Contract Tower,21,8,2,6,37,0,0,16,0,16,21,8,18,6,53,48,12,60,113
10/10/2021,HRL,TX,ASW,CE,Federal Contract Tower,21,8,12,2,43,0,0,7,0,7,21,8,19,2,50,0,4,4,54
10/11/2021,HRL,TX,ASW,CE,Federal Contract Tower,19,9,15,0,43,0,0,35,0,35,19,9,50,0,78,64,0,64,142
10/12/2021,HRL,TX,ASW,CE,Federal Contract Tower,19,15,31,35,100,0,0,36,4,40,19,15,67,39,140,62,96,158,298
10/13/2021,HRL,TX,ASW,CE,Federal Contract Tower,19,16,10,4,49,0,0,20,3,23,19,16,30,7,72,62,54,116,188
10/14/2021,HRL,TX,ASW,CE,Federal Contract Tower,20,10,12,14,56,0,0,17,11,28,20,10,29,25,84,20,276,296,380
10/15/2021,HRL,TX,ASW,CE,Federal Contract Tower,26,13,10,24,73,0,0,10,4,14,26,13,20,28,87,8,54,62,149
10/16/2021,HRL,TX,ASW,CE,Federal Contract Tower,19,11,4,3,37,0,0,5,1,6,19,11,9,4,43,0,10,10,53
10/17/2021,HRL,TX,ASW,CE,Federal Contract Tower,17,14,7,5,43,0,0,8,1,9,17,14,15,6,52,0,6,6,58
10/18/2021,HRL,TX,ASW,CE,Federal Contract Tower,13,14,8,27,62,0,0,26,7,33,13,14,34,34,95,34,124,158,253
10/19/2021,HRL,TX,ASW,CE,Federal Contract Tower,24,11,10,18,63,0,0,29,1,30,24,11,39,19,93,16,126,142,235
10/20/2021,HRL,TX,ASW,CE,Federal Contract Tower,23,15,13,1,52,0,2,29,0,31,23,17,42,1,83,54,2,56,139
10/21/2021,HRL,TX,ASW,CE,Federal Contract Tower,20,18,10,27,75,0,0,20,0,20,20,18,30,27,95,86,36,122,217
10/22/2021,HRL,TX,ASW,CE,Federal Contract Tower,22,13,8,3,46,0,0,14,3,17,22,13,22,6,63,0,0,0,63
10/23/2021,HRL,TX,ASW,CE,Federal Contract Tower,17,11,3,21,52,0,0,8,5,13,17,11,11,26,65,0,46,46,111
10/24/2021,HRL,TX,ASW,CE,Federal Contract Tower,21,14,5,16,56,0,0,11,4,15,21,14,16,20,71,10,36,46,117
10/25/2021,HRL,TX,ASW,CE,Federal Contract Tower,15,10,8,1,34,0,0,22,2,24,15,10,30,3,58,32,34,66,124
10/26/2021,HRL,TX,ASW,CE,Federal Contract Tower,21,13,8,11,53,0,0,24,13,37,21,13,32,24,90,24,74,98,188
10/27/2021,HRL,TX,ASW,CE,Federal Contract Tower,23,10,5,21,59,0,0,29,1,30,23,10,34,22,89,58,4,62,151
10/28/2021,HRL,TX,ASW,CE,Federal Contract Tower,22,14,8,20,64,0,0,34,2,36,22,14,42,22,100,56,6,62,162
10/29/2021,HRL,TX,ASW,CE,Federal Contract Tower,22,12,4,16,54,0,0,29,6,35,22,12,33,22,89,12,26,38,127
10/30/2021,HRL,TX,ASW,CE,Federal Contract Tower,24,9,4,3,40,0,0,16,1,17,24,9,20,4,57,24,4,28,85
10/31/2021,HRL,TX,ASW,CE,Federal Contract Tower,20,9,3,2,34,0,0,6,0,6,20,9,9,2,40,2,0,2,42
11/01/2021,HRL,TX,ASW,CE,Federal Contract Tower,19,10,6,20,55,0,0,31,4,35,19,10,37,24,90,40,130,170,260
11/02/2021,HRL,TX,ASW,CE,Federal Contract Tower,20,16,17,15,68,0,0,29,1,30,20,16,46,16,98,56,28,84,182
11/03/2021,HRL,TX,ASW,CE,Federal Contract Tower,34,14,13,33,94,0,0,33,0,33,34,14,46,33,127,56,14,70,197
11/04/2021,HRL,TX,ASW,CE,Federal Contract Tower,24,21,4,25,74,0,0,5,0,5,24,21,9,25,79,0,12,12,91
11/05/2021,HRL,TX,ASW,CE,Federal Contract Tower,31,12,19,10,72,0,0,16,2,18,31,12,35,12,90,46,24,70,160
11/06/2021,HRL,TX,ASW,CE,Federal Contract Tower,16,18,1,4,39,0,0,8,1,9,16,18,9,5,48,34,8,42,90
11/07/2021,HRL,TX,ASW,CE,Federal Contract Tower,17,11,9,2,39,0,0,14,0,14,17,11,23,2,53,18,4,22,75
11/08/2021,HRL,TX,ASW,CE,Federal Contract Tower,22,13,13,9,57,0,0,17,0,17,22,13,30,9,74,8,40,48,122
11/09/2021,HRL,TX,ASW,CE,Federal Contract Tower,20,14,6,17,57,0,0,19,4,23,20,14,25,21,80,16,20,36,116
11/10/2021,HRL,TX,ASW,CE,Federal Contract Tower,31,14,18,7,70,0,0,20,1,21,31,14,38,8,91,42,22,64,155
11/11/2021,HRL,TX,ASW,CE,Federal Contract Tower,20,19,14,6,59,0,0,30,2,32,20,19,44,8,91,26,12,38,129
11/12/2021,HRL,TX,ASW,CE,Federal Contract Tower,29,21,6,4,60,0,0,24,0,24,29,21,30,4,84,0,10,10,94
11/13/2021,HRL,TX,ASW,CE,Federal Contract Tower,18,15,2,5,40,0,0,13,0,13,18,15,15,5,53,4,0,4,57
11/14/2021,HRL,TX,ASW,CE,Federal Contract Tower,22,13,12,3,50,0,0,7,0,7,22,13,19,3,57,0,2,2,59
11/15/2021,HRL,TX,ASW,CE,Federal Contract Tower,23,14,9,8,54,0,0,28,11,39,23,14,37,19,93,18,40,58,151
11/16/2021,HRL,TX,ASW,CE,Federal Contract Tower,22,16,9,18,65,0,0,35,14,49,22,16,44,32,114,42,156,198,312
11/17/2021,HRL,TX,ASW,CE,Federal Contract Tower,27,15,10,24,76,0,0,20,18,38,27,15,30,42,114,10,218,228,342
11/18/2021,HRL,TX,ASW,CE,Federal Contract Tower,22,15,20,2,59,0,0,12,0,12,22,15,32,2,71,24,0,24,95
11/19/2021,HRL,TX,ASW,CE,Federal Contract Tower,32,13,10,22,77,0,0,20,9,29,32,13,30,31,106,44,116,160,266
11/20/2021,HRL,TX,ASW,CE,Federal Contract Tower,23,9,6,12,50,0,0,12,7,19,23,9,18,19,69,12,12,24,93
11/21/2021,HRL,TX,ASW,CE,Federal Contract Tower,17,11,0,9,37,0,0,11,0,11,17,11,11,9,48,22,12,34,82
11/22/2021,HRL,TX,ASW,CE,Federal Contract Tower,25,18,10,4,57,0,0,16,3,19,25,18,26,7,76,6,68,74,150
11/23/2021,HRL,TX,ASW,CE,Federal Contract Tower,22,18,13,28,81,0,0,36,10,46,22,18,49,38,127,34,106,140,267
11/24/2021,HRL,TX,ASW,CE,Federal Contract Tower,35,15,22,0,72,0,0,19,0,19,35,15,41,0,91,10,0,10,101
11/25/2021,HRL,TX,ASW,CE,Federal Contract Tower,15,10,0,0,25,0,0,0,0,0,15,10,0,0,25,0,0,0,25
11/26/2021,HRL,TX,ASW,CE,Federal Contract Tower,25,11,0,1,37,0,0,9,0,9,25,11,9,1,46,12,2,14,60
11/27/2021,HRL,TX,ASW,CE,Federal Contract Tower,23,16,11,0,50,0,0,4,0,4,23,16,15,0,54,0,0,0,54
11/28/2021,HRL,TX,ASW,CE,Federal Contract Tower,20,18,12,2,52,0,0,5,0,5,20,18,17,2,57,18,0,18,75
11/29/2021,HRL,TX,ASW,CE,Federal Contract Tower,24,11,9,30,74,0,0,30,3,33,24,11,39,33,107,38,8,46,153
11/30/2021,HRL,TX,ASW,CE,Federal Contract Tower,21,15,15,16,67,0,0,36,6,42,21,15,51,22,109,28,118,146,255
12/01/2021,HRL,TX,ASW,CE,Federal Contract Tower,27,17,8,25,77,0,0,35,0,35,27,17,43,25,112,72,10,82,194
12/02/2021,HRL,TX,ASW,CE,Federal Contract Tower,17,10,18,12,57,0,0,17,2,19,17,10,35,14,76,10,74,84,160
12/03/2021,HRL,TX,ASW,CE,Federal Contract Tower,31,12,13,7,63,0,0,15,6,21,31,12,28,13,84,14,34,48,132
12/04/2021,HRL,TX,ASW,CE,Federal Contract Tower,16,10,6,4,36,0,0,3,0,3,16,10,9,4,39,6,6,12,51
12/05/2021,HRL,TX,ASW,CE,Federal Contract Tower,19,8,5,5,37,0,0,1,2,3,19,8,6,7,40,0,6,6,46
12/06/2021,HRL,TX,ASW,CE,Federal Contract Tower,22,13,20,30,85,0,0,9,16,25,22,13,29,46,110,22,150,172,282
12/07/2021,HRL,TX,ASW,CE,Federal Contract Tower,20,12,13,12,57,0,0,12,6,18,20,12,25,18,75,10,24,34,109
12/08/2021,HRL,TX,ASW,CE,Federal Contract Tower,27,17,25,6,75,0,0,11,1,12,27,17,36,7,87,2,12,14,101
12/09/2021,HRL,TX,ASW,CE,Federal Contract Tower,22,13,9,23,67,0,0,17,1,18,22,13,26,24,85,44,80,124,209
12/10/2021,HRL,TX,ASW,CE,Federal Contract Tower,33,11,13,25,82,0,0,8,10,18,33,11,21,35,100,0,172,172,272
12/11/2021,HRL,TX,ASW,CE,Federal Contract Tower,19,14,2,8,43,0,0,0,1,1,19,14,2,9,44,0,14,14,58
12/12/2021,HRL,TX,ASW,CE,Federal Contract Tower,14,10,2,1,27,0,0,13,0,13,14,10,15,1,40,14,0,14,54
12/13/2021,HRL,TX,ASW,CE,Federal Contract Tower,22,14,14,6,56,0,2,16,7,25,22,16,30,13,81,2,74,76,157
12/14/2021,HRL,TX,ASW,CE,Federal Contract Tower,20,14,11,10,55,0,2,12,11,25,20,16,23,21,80,26,56,82,162
12/15/2021,HRL,TX,ASW,CE,Federal Contract Tower,33,17,10,8,68,0,0,22,5,27,33,17,32,13,95,16,86,102,197
12/16/2021,HRL,TX,ASW,CE,Federal Contract Tower,21,10,14,4,49,0,19,31,10,60,21,29,45,14,109,48,24,72,181
12/17/2021,HRL,TX,ASW,CE,Federal Contract Tower,35,18,14,15,82,0,0,15,5,20,35,18,29,20,102,22,112,134,236
12/18/2021,HRL,TX,ASW,CE,Federal Contract Tower,23,4,4,6,37,0,0,3,0,3,23,4,7,6,40,0,8,8,48
12/19/2021,HRL,TX,ASW,CE,Federal Contract Tower,18,13,7,0,38,0,0,2,0,2,18,13,9,0,40,0,0,0,40
12/20/2021,HRL,TX,ASW,CE,Federal Contract Tower,23,13,15,15,66,0,0,24,0,24,23,13,39,15,90,6,10,16,106
12/21/2021,HRL,TX,ASW,CE,Federal Contract Tower,25,14,8,17,64,0,0,28,6,34,25,14,36,23,98,12,152,164,262
12/22/2021,HRL,TX,ASW,CE,Federal Contract Tower,27,16,10,10,63,0,0,25,9,34,27,16,35,19,97,4,70,74,171
12/23/2021,HRL,TX,ASW,CE,Federal Contract Tower,24,13,2,0,39,0,0,25,0,25,24,13,27,0,64,22,0,22,86
12/24/2021,HRL,TX,ASW,CE,Federal Contract Tower,23,11,7,0,41,0,0,8,0,8,23,11,15,0,49,14,0,14,63
12/25/2021,HRL,TX,ASW,CE,Federal Contract Tower,12,6,4,0,22,0,0,1,0,1,12,6,5,0,23,0,0,0,23
12/26/2021,HRL,TX,ASW,CE,Federal Contract Tower,19,12,8,0,39,0,0,3,0,3,19,12,11,0,42,4,0,4,46
12/27/2021,HRL,TX,ASW,CE,Federal Contract Tower,27,14,9,16,66,0,0,11,1,12,27,14,20,17,78,0,32,32,110
12/28/2021,HRL,TX,ASW,CE,Federal Contract Tower,23,17,12,22,74,0,0,16,3,19,23,17,28,25,93,14,48,62,155
12/29/2021,HRL,TX,ASW,CE,Federal Contract Tower,20,10,14,5,49,0,0,13,2,15,20,10,27,7,64,4,60,64,128
12/30/2021,HRL,TX,ASW,CE,Federal Contract Tower,22,13,2,0,37,0,0,25,0,25,22,13,27,0,62,32,0,32,94
12/31/2021,HRL,TX,ASW,CE,Federal Contract Tower,23,7,6,0,36,0,0,3,0,3,23,7,9,0,39,14,0,14,53
01/01/2022,HRL,TX,ASW,CE,Federal Contract Tower,14,4,4,0,22,0,0,2,0,2,14,4,6,0,24,0,0,0,24
01/02/2022,HRL,TX,ASW,CE,Federal Contract Tower,18,9,3,0,30,0,0,0,0,0,18,9,3,0,30,0,0,0,30
01/03/2022,HRL,TX,ASW,CE,Federal Contract Tower,21,13,11,2,47,0,0,23,0,23,21,13,34,2,70,10,2,12,82
01/04/2022,HRL,TX,ASW,CE,Federal Contract Tower,28,10,13,0,51,0,0,17,0,17,28,10,30,0,68,28,0,28,96
01/05/2022,HRL,TX,ASW,CE,Federal Contract Tower,22,14,11,10,57,0,3,23,19,45,22,17,34,29,102,14,292,306,408
01/06/2022,HRL,TX,ASW,CE,Federal Contract Tower,22,15,15,18,70,0,0,23,7,30,22,15,38,25,100,2,64,66,166
01/07/2022,HRL,TX,ASW,CE,Federal Contract Tower,24,12,20,2,58,0,0,0,0,0,24,12,20,2,58,4,4,8,66
01/08/2022,HRL,TX,ASW,CE,Federal Contract Tower,20,19,6,9,54,0,0,2,0,2,20,19,8,9,56,0,14,14,70
01/09/2022,HRL,TX,ASW,CE,Federal Contract Tower,17,20,17,0,54,0,0,4,2,6,17,20,21,2,60,0,2,2,62
01/10/2022,HRL,TX,ASW,CE,Federal Contract Tower,19,13,6,15,53,0,0,5,0,5,19,13,11,15,58,22,10,32,90
01/11/2022,HRL,TX,ASW,CE,Federal Contract Tower,28,10,9,25,72,0,0,22,3,25,28,10,31,28,97,22,98,120,217
01/12/2022,HRL,TX,ASW,CE,Federal Contract Tower,19,10,19,10,58,0,0,11,0,11,19,10,30,10,69,0,14,14,83
01/13/2022,HRL,TX,ASW,CE,Federal Contract Tower,29,9,9,18,65,0,2,29,5,36,29,11,38,23,101,44,26,70,171
01/14/2022,HRL,TX,ASW,CE,Federal Contract Tower,26,12,12,18,68,0,0,25,6,31,26,12,37,24,99,42,70,112,211
01/15/2022,HRL,TX,ASW,CE,Federal Contract Tower,13,14,1,0,28,0,0,1,0,1,13,14,2,0,29,0,0,0,29
01/16/2022,HRL,TX,ASW,CE,Federal Contract Tower,15,12,4,0,31,0,0,12,13,25,15,12,16,13,56,0,0,0,56
01/17/2022,HRL,TX,ASW,CE,Federal Contract Tower,24,9,8,0,41,0,0,23,0,23,24,9,31,0,64,30,0,30,94
01/18/2022,HRL,TX,ASW,CE,Federal Contract Tower,24,11,5,12,52,0,0,22,7,29,24,11,27,19,81,62,108,170,251
01/19/2022,HRL,TX,ASW,CE,Federal Contract Tower,22,18,11,17,68,0,0,27,5,32,22,18,38,22,100,32,178,210,310
01/20/2022,HRL,TX,ASW,CE,Federal Contract Tower,24,8,1,0,33,0,0,3,0,3,24,8,4,0,36,0,0,0,36
01/21/2022,HRL,TX,ASW,CE,Federal Contract Tower,22,16,8,0,46,0,0,2,0,2,22,16,10,0,48,0,0,0,48
01/22/2022,HRL,TX,ASW,CE,Federal Contract Tower,19,11,11,23,64,0,0,0,0,0,19,11,11,23,64,8,34,42,106
01/23/2022,HRL,TX,ASW,CE,Federal Contract Tower,17,14,8,6,45,0,0,0,0,0,17,14,8,6,45,0,9,9,54
01/24/2022,HRL,TX,ASW,CE,Federal Contract Tower,24,11,6,10,51,0,0,0,0,0,24,11,6,10,51,0,16,16,67
01/25/2022,HRL,TX,ASW,CE,Federal Contract Tower,24,9,9,29,71,0,0,32,12,44,24,9,41,41,115,32,214,246,361
01/26/2022,HRL,TX,ASW,CE,Federal Contract Tower,23,7,14,11,55,0,0,18,5,23,23,7,32,16,78,20,62,82,160
01/27/2022,HRL,TX,ASW,CE,Federal Contract Tower,31,7,16,20,74,0,0,10,2,12,31,7,26,22,86,16,24,40,126
01/28/2022,HRL,TX,ASW,CE,Federal Contract Tower,22,10,4,8,44,0,0,8,0,8,22,10,12,8,52,32,12,44,96
01/29/2022,HRL,TX,ASW,CE,Federal Contract Tower,13,12,5,3,33,0,0,29,3,32,13,12,34,6,65,40,8,48,113
01/30/2022,HRL,TX,ASW,CE,Federal Contract Tower,15,8,7,4,34,0,0,16,5,21,15,8,23,9,55,14,8,22,77
01/31/2022,HRL,TX,ASW,CE,Federal Contract Tower,18,12,7,24,61,0,0,15,5,20,18,12,22,29,81,12,86,98,179
02/01/2022,HRL,TX,ASW,CE,Federal Contract Tower,20,14,7,24,65,0,0,19,9,28,20,14,26,33,93,32,56,88,181
02/02/2022,HRL,TX,ASW,CE,Federal Contract Tower,28,13,9,27,77,0,0,18,3,21,28,13,27,30,98,38,120,158,256
02/03/2022,HRL,TX,ASW,CE,Federal Contract Tower,16,11,11,6,44,0,0,0,0,0,16,11,11,6,44,0,8,8,52
02/04/2022,HRL,TX,ASW,CE,Federal Contract Tower,21,11,6,12,50,0,0,8,0,8,21,11,14,12,58,0,18,18,76
02/05/2022,HRL,TX,ASW,CE,Federal Contract Tower,13,22,6,1,42,0,0,24,4,28,13,22,30,5,70,14,18,32,102
02/06/2022,HRL,TX,ASW,CE,Federal Contract Tower,12,14,8,10,44,0,0,7,0,7,12,14,15,10,51,4,10,14,65
02/07/2022,HRL,TX,ASW,CE,Federal Contract Tower,25,13,11,17,66,0,0,13,0,13,25,13,24,17,79,10,14,24,103
02/08/2022,HRL,TX,ASW,CE,Federal Contract Tower,22,12,5,3,42,0,2,37,4,43,22,14,42,7,85,66,58,124,209
02/09/2022,HRL,TX,ASW,CE,Federal Contract Tower,27,11,12,21,71,0,0,36,0,36,27,11,48,21,107,36,24,60,167
02/10/2022,HRL,TX,ASW,CE,Federal Contract Tower,30,8,7,10,55,0,0,32,0,32,30,8,39,10,87,54,34,88,175
02/11/2022,HRL,TX,ASW,CE,Federal Contract Tower,25,8,12,11,56,0,0,20,5,25,25,8,32,16,81,44,42,86,167
02/12/2022,HRL,TX,ASW,CE,Federal Contract Tower,15,16,7,12,50,0,0,2,1,3,15,16,9,13,53,12,22,34,87
02/13/2022,HRL,TX,ASW,CE,Federal Contract Tower,19,9,12,4,44,0,2,6,0,8,19,11,18,4,52,20,8,28,80
02/14/2022,HRL,TX,ASW,CE,Federal Contract Tower,25,9,2,26,62,0,0,39,2,41,25,9,41,28,103,60,130,190,293
02/15/2022,HRL,TX,ASW,CE,Federal Contract Tower,20,12,12,9,53,0,6,22,4,32,20,18,34,13,85,16,64,80,165
02/16/2022,HRL,TX,ASW,CE,Federal Contract Tower,29,13,9,23,74,0,0,14,6,20,29,13,23,29,94,0,186,186,280
02/17/2022,HRL,TX,ASW,CE,Federal Contract Tower,26,12,8,25,71,0,0,38,9,47,26,12,46,34,118,34,44,78,196
02/18/2022,HRL,TX,ASW,CE,Federal Contract Tower,35,12,19,3,69,0,0,31,14,45,35,12,50,17,114,44,104,148,262
02/19/2022,HRL,TX,ASW,CE,Federal Contract Tower,14,11,4,9,38,0,0,12,11,23,14,11,16,20,61,22,16,38,99
02/20/2022,HRL,TX,ASW,CE,Federal Contract Tower,14,14,12,0,40,0,0,8,0,8,14,14,20,0,48,2,0,2,50
02/21/2022,HRL,TX,ASW,CE,Federal Contract Tower,30,6,6,4,46,0,0,13,0,13,30,6,19,4,59,2,8,10,69
02/22/2022,HRL,TX,ASW,CE,Federal Contract Tower,24,13,13,29,79,0,0,7,8,15,24,13,20,37,94,2,114,116,210
02/23/2022,HRL,TX,ASW,CE,Federal Contract Tower,27,9,11,16,63,0,0,13,0,13,27,9,24,16,76,26,14,40,116
02/24/2022,HRL,TX,ASW,CE,Federal Contract Tower,24,13,7,7,51,0,0,1,0,1,24,13,8,7,52,0,8,8,60
02/25/2022,HRL,TX,ASW,CE,Federal Contract Tower,31,12,16,0,59,0,0,0,0,0,31,12,16,0,59,0,0,0,59
02/26/2022,HRL,TX,ASW,CE,Federal Contract Tower,15,17,4,0,36,0,0,0,0,0,15,17,4,0,36,0,0,0,36
02/27/2022,HRL,TX,ASW,CE,Federal Contract Tower,14,12,10,0,36,0,0,1,0,1,14,12,11,0,37,0,0,0,37
02/28/2022,HRL,TX,ASW,CE,Federal Contract Tower,26,8,8,21,63,0,0,46,11,57,26,8,54,32,120,50,46,96,216
03/01/2022,HRL,TX,ASW,CE,Federal Contract Tower,22,10,10,33,75,0,0,40,5,45,22,10,50,38,120,84,122,206,326
03/02/2022,HRL,TX,ASW,CE,Federal Contract Tower,32,8,25,28,93,0,0,35,10,45,32,8,60,38,138,40,160,200,338
03/03/2022,HRL,TX,ASW,CE,Federal Contract Tower,27,19,10,20,76,0,0,30,8,38,27,19,40,28,114,42,56,98,212
03/04/2022,HRL,TX,ASW,CE,Federal Contract Tower,32,15,8,15,70,0,0,13,1,14,32,15,21,16,84,14,26,40,124
03/05/2022,HRL,TX,ASW,CE,Federal Contract Tower,15,15,3,11,44,0,0,2,1,3,15,15,5,12,47,0,20,20,67
03/06/2022,HRL,TX,ASW,CE,Federal Contract Tower,17,12,5,2,36,0,0,2,0,2,17,12,7,2,38,2,4,6,44
03/07/2022,HRL,TX,ASW,CE,Federal Contract Tower,30,8,8,8,54,0,0,4,0,4,30,8,12,8,58,0,10,10,68
03/08/2022,HRL,TX,ASW,CE,Federal Contract Tower,24,8,16,10,58,0,0,8,0,8,24,8,24,10,66,2,8,10,76
03/09/2022,HRL,TX,ASW,CE,Federal Contract Tower,33,12,20,9,74,0,0,21,0,21,33,12,41,9,95,14,22,36,131
03/10/2022,HRL,TX,ASW,CE,Federal Contract Tower,34,14,19,14,81,0,3,19,6,28,34,17,38,20,109,20,46,66,175
03/11/2022,HRL,TX,ASW,CE,Federal Contract Tower,33,14,15,11,73,0,3,16,0,19,33,17,31,11,92,2,12,14,106
03/12/2022,HRL,TX,ASW,CE,Federal Contract Tower,18,15,9,4,46,0,0,20,1,21,18,15,29,5,67,32,6,38,105
03/13/2022,HRL,TX,ASW,CE,Federal Contract Tower,24,12,12,5,53,0,0,7,0,7,24,12,19,5,60,14,6,20,80
03/14/2022,HRL,TX,ASW,CE,Federal Contract Tower,27,13,8,51,99,0,0,22,12,34,27,13,30,63,133,16,122,138,271
03/15/2022,HRL,TX,ASW,CE,Federal Contract Tower,29,8,5,17,59,0,0,22,1,23,29,8,27,18,82,26,10,36,118
03/16/2022,HRL,TX,ASW,CE,Federal Contract Tower,35,11,10,15,71,0,0,27,4,31,35,11,37,19,102,42,56,98,200
03/17/2022,HRL,TX,ASW,CE,Federal Contract Tower,30,14,8,37,89,0,0,20,12,32,30,14,28,49,121,24,186,210,331
03/18/2022,HRL,TX,ASW,CE,Federal Contract Tower,37,15,5,5,62,0,0,8,0,8,37,15,13,5,70,0,8,8,78
03/19/2022,HRL,TX,ASW,CE,Federal Contract Tower,20,13,8,0,41,0,0,15,0,15,20,13,23,0,56,24,0,24,80
03/20/2022,HRL,TX,ASW,CE,Federal Contract Tower,20,15,3,0,38,0,0,10,0,10,20,15,13,0,48,2,0,2,50
03/21/2022,HRL,TX,ASW,CE,Federal Contract Tower,24,6,5,13,48,0,0,5,4,9,24,6,10,17,57,0,76,76,133
03/22/2022,HRL,TX,ASW,CE,Federal Contract Tower,28,6,5,15,54,0,0,27,13,40,28,6,32,28,94,22,86,108,202
03/23/2022,HRL,TX,ASW,CE,Federal Contract Tower,33,11,14,8,66,0,0,20,9,29,33,11,34,17,95,8,114,122,217
03/24/2022,HRL,TX,ASW,CE,Federal Contract Tower,33,11,8,15,67,0,0,31,6,37,33,11,39,21,104,26,26,52,156
03/25/2022,HRL,TX,ASW,CE,Federal Contract Tower,37,7,6,10,60,0,0,34,6,40,37,7,40,16,100,58,104,162,262
03/26/2022,HRL,TX,ASW,CE,Federal Contract Tower,16,14,4,6,40,0,0,18,2,20,16,14,22,8,60,2,8,10,70
03/27/2022,HRL,TX,ASW,CE,Federal Contract Tower,22,11,4,5,42,0,0,11,0,11,22,11,15,5,53,2,2,4,57
03/28/2022,HRL,TX,ASW,CE,Federal Contract Tower,27,8,9,37,81,0,0,34,9,43,27,8,43,46,124,14,110,124,248
03/29/2022,HRL,TX,ASW,CE,Federal Contract Tower,28,11,5,20,64,0,0,9,0,9,28,11,14,20,73,0,46,46,119
03/30/2022,HRL,TX,ASW,CE,Federal Contract Tower,33,14,10,8,65,0,0,31,7,38,33,14,41,15,103,12,28,40,143
03/31/2022,HRL,TX,ASW,CE,Federal Contract Tower,31,13,13,19,76,0,0,25,3,28,31,13,38,22,104,34,60,94,198
04/01/2022,HRL,TX,ASW,CE,Federal Contract Tower,35,9,9,10,63,0,0,24,1,25,35,9,33,11,88,16,28,44,132
04/02/2022,HRL,TX,ASW,CE,Federal Contract Tower,21,11,4,10,46,0,0,12,0,12,21,11,16,10,58,40,12,52,110
04/03/2022,HRL,TX,ASW,CE,Federal Contract Tower,25,10,7,6,48,0,0,8,0,8,25,10,15,6,56,0,0,0,56
04/04/2022,HRL,TX,ASW,CE,Federal Contract Tower,27,9,12,9,57,0,0,24,3,27,27,9,36,12,84,50,88,138,222
04/05/2022,HRL,TX,ASW,CE,Federal Contract Tower,27,8,12,8,55,0,0,20,6,26,27,8,32,14,81,30,30,60,141
04/06/2022,HRL,TX,ASW,CE,Federal Contract Tower,34,11,6,20,71,0,0,26,1,27,34,11,32,21,98,22,72,94,192
04/07/2022,HRL,TX,ASW,CE,Federal Contract Tower,33,11,13,6,63,0,0,37,0,37,33,11,50,6,100,26,2,28,128
04/08/2022,HRL,TX,ASW,CE,Federal Contract Tower,33,6,10,17,66,0,0,21,4,25,33,6,31,21,91,14,58,72,163
04/09/2022,HRL,TX,ASW,CE,Federal Contract Tower,12,14,5,5,36,0,0,13,0,13,12,14,18,5,49,6,10,16,65
04/10/2022,HRL,TX,ASW,CE,Federal Contract Tower,21,10,7,4,42,0,0,6,0,6,21,10,13,4,48,4,6,10,58
04/11/2022,HRL,TX,ASW,CE,Federal Contract Tower,30,7,6,20,63,0,0,15,9,24,30,7,21,29,87,12,142,154,241
04/12/2022,HRL,TX,ASW,CE,Federal Contract Tower,29,6,10,23,68,0,0,16,0,16,29,6,26,23,84,12,48,60,144
04/13/2022,HRL,TX,ASW,CE,Federal Contract Tower,29,6,10,15,60,0,0,29,5,34,29,6,39,20,94,46,66,112,206
04/14/2022,HRL,TX,ASW,CE,Federal Contract Tower,24,9,11,3,47,0,0,10,0,10,24,9,21,3,57,0,6,6,63
04/15/2022,HRL,TX,ASW,CE,Federal Contract Tower,27,8,12,9,56,0,0,16,0,16,27,8,28,9,72,34,48,82,154
04/16/2022,HRL,TX,ASW,CE,Federal Contract Tower,24,7,5,0,36,0,0,16,0,16,24,7,21,0,52,36,0,36,88
04/17/2022,HRL,TX,ASW,CE,Federal Contract Tower,21,11,3,2,37,0,0,7,4,11,21,11,10,6,48,16,10,26,74
04/18/2022,HRL,TX,ASW,CE,Federal Contract Tower,25,7,9,23,64,0,0,33,9,42,25,7,42,32,106,50,104,154,260
04/19/2022,HRL,TX,ASW,CE,Federal Contract Tower,32,7,10,5,54,0,0,9,0,9,32,7,19,5,63,16,2,18,81
04/20/2022,HRL,TX,ASW,CE,Federal Contract Tower,39,6,13,17,75,0,0,31,1,32,39,6,44,18,107,6,42,48,155
04/21/2022,HRL,TX,ASW,CE,Federal Contract Tower,30,12,9,19,70,0,1,32,3,36,30,13,41,22,106,36,30,66,172
04/22/2022,HRL,TX,ASW,CE,Federal Contract Tower,35,9,14,0,58,0,0,20,10,30,35,9,34,10,88,62,102,164,252
04/23/2022,HRL,TX,ASW,CE,Federal Contract Tower,15,15,6,6,42,0,0,10,0,10,15,15,16,6,52,26,8,34,86
04/24/2022,HRL,TX,ASW,CE,Federal Contract Tower,18,10,5,2,35,0,0,3,0,3,18,10,8,2,38,2,2,4,42
04/25/2022,HRL,TX,ASW,CE,Federal Contract Tower,26,12,11,10,59,0,0,18,9,27,26,12,29,19,86,46,48,94,180
04/26/2022,HRL,TX,ASW,CE,Federal Contract Tower,30,8,9,2,49,0,0,5,0,5,30,8,14,2,54,8,0,8,62
04/27/2022,HRL,TX,ASW,CE,Federal Contract Tower,38,8,11,9,66,0,0,35,2,37,38,8,46,11,103,58,48,106,209
04/28/2022,HRL,TX,ASW,CE,Federal Contract Tower,34,10,11,29,84,0,0,33,5,38,34,10,44,34,122,42,74,116,238
04/29/2022,HRL,TX,ASW,CE,Federal Contract Tower,37,7,13,9,66,0,0,30,14,44,37,7,43,23,110,72,93,165,275
04/30/2022,HRL,TX,ASW,CE,Federal Contract Tower,18,8,1,5,32,0,0,17,1,18,18,8,18,6,50,26,6,32,82
05/01/2022,HRL,TX,ASW,CE,Federal Contract Tower,24,9,7,3,43,0,0,10,0,10,24,9,17,3,53,6,6,12,65
05/02/2022,HRL,TX,ASW,CE,Federal Contract Tower,33,6,10,24,73,0,0,19,2,21,33,6,29,26,94,28,88,116,210
05/03/2022,HRL,TX,ASW,CE,Federal Contract Tower,29,21,10,15,75,0,0,25,0,25,29,21,35,15,100,28,78,106,206
05/04/2022,HRL,TX,ASW,CE,Federal Contract Tower,33,11,9,18,71,0,0,19,6,25,33,11,28,24,96,2,106,108,204
05/05/2022,HRL,TX,ASW,CE,Federal Contract Tower,30,5,12,25,72,0,0,24,3,27,30,5,36,28,99,42,44,86,185
05/06/2022,HRL,TX,ASW,CE,Federal Contract Tower,33,6,7,14,60,0,0,21,4,25,33,6,28,18,85,46,40,86,171
05/07/2022,HRL,TX,ASW,CE,Federal Contract Tower,22,5,6,1,34,0,1,23,0,24,22,6,29,1,58,0,62,62,120
05/08/2022,HRL,TX,ASW,CE,Federal Contract Tower,22,9,7,5,43,0,0,9,0,9,22,9,16,5,52,2,6,8,60
05/09/2022,HRL,TX,ASW,CE,Federal Contract Tower,28,6,11,12,57,0,0,38,0,38,28,6,49,12,95,42,16,58,153
05/10/2022,HRL,TX,ASW,CE,Federal Contract Tower,29,10,17,14,70,0,0,23,7,30,29,10,40,21,100,34,48,82,182
05/11/2022,HRL,TX,ASW,CE,Federal Contract Tower,38,5,10,10,63,0,4,41,0,45,38,9,51,10,108,58,6,64,172
05/12/2022,HRL,TX,ASW,CE,Federal Contract Tower,34,8,8,18,68,0,2,33,7,42,34,10,41,25,110,14,120,134,244
05/13/2022,HRL,TX,ASW,CE,Federal Contract Tower,39,3,6,10,58,0,0,18,1,19,39,3,24,11,77,78,56,134,211
05/14/2022,HRL,TX,ASW,CE,Federal Contract Tower,22,6,1,2,31,0,0,38,1,39,22,6,39,3,70,36,2,38,108
05/15/2022,HRL,TX,ASW,CE,Federal Contract Tower,28,5,1,13,47,0,0,14,2,16,28,5,15,15,63,14,18,32,95
05/16/2022,HRL,TX,ASW,CE,Federal Contract Tower,33,4,11,13,61,0,1,30,10,41,33,5,41,23,102,16,36,52,154
05/17/2022,HRL,TX,ASW,CE,Federal Contract Tower,30,6,6,16,58,0,0,17,15,32,30,6,23,31,90,18,102,120,210
05/18/2022,HRL,TX,ASW,CE,Federal Contract Tower,39,7,12,7,65,1,0,20,0,21,40,7,32,7,86,10,8,18,104
05/19/2022,HRL,TX,ASW,CE,Federal Contract Tower,31,9,13,17,70,0,0,20,24,44,31,9,33,41,114,20,192,212,326
05/20/2022,HRL,TX,ASW,CE,Federal Contract Tower,33,7,11,9,60,0,0,4,6,10,33,7,15,15,70,4,120,124,194
05/21/2022,HRL,TX,ASW,CE,Federal Contract Tower,20,9,5,12,46,0,0,8,0,8,20,9,13,12,54,4,18,22,76
05/22/2022,HRL,TX,ASW,CE,Federal Contract Tower,30,5,5,2,42,0,0,4,0,4,30,5,9,2,46,14,0,14,60
05/23/2022,HRL,TX,ASW,CE,Federal Contract Tower,29,5,9,14,57,0,0,18,5,23,29,5,27,19,80,28,44,72,152
05/24/2022,HRL,TX,ASW,CE,Federal Contract Tower,34,6,5,25,70,0,0,5,6,11,34,6,10,31,81,22,76,98,179
05/25/2022,HRL,TX,ASW,CE,Federal Contract Tower,37,6,14,17,74,0,0,22,2,24,37,6,36,19,98,30,18,48,146
05/26/2022,HRL,TX,ASW,CE,Federal Contract Tower,38,7,9,9,63,1,0,21,2,24,39,7,30,11,87,30,56,86,173
05/27/2022,HRL,TX,ASW,CE,Federal Contract Tower,38,3,13,3,57,0,0,18,2,20,38,3,31,5,77,48,2,50,127
05/28/2022,HRL,TX,ASW,CE,Federal Contract Tower,23,11,2,0,36,0,0,13,0,13,23,11,15,0,49,2,0,2,51
05/29/2022,HRL,TX,ASW,CE,Federal Contract Tower,23,7,4,0,34,0,0,7,0,7,23,7,11,0,41,2,0,2,43
05/30/2022,HRL,TX,ASW,CE,Federal Contract Tower,35,5,4,0,44,0,0,18,2,20,35,5,22,2,64,18,0,18,82
05/31/2022,HRL,TX,ASW,CE,Federal Contract Tower,32,6,15,26,79,0,0,19,0,19,32,6,34,26,98,36,36,72,170
06/01/2022,HRL,TX,ASW,CE,Federal Contract Tower,33,5,13,30,81,0,0,14,2,16,33,5,27,32,97,38,90,128,225
06/02/2022,HRL,TX,ASW,CE,Federal Contract Tower,31,7,5,17,60,0,0,22,7,29,31,7,27,24,89,38,16,54,143
06/03/2022,HRL,TX,ASW,CE,Federal Contract Tower,33,10,6,8,57,0,0,16,1,17,33,10,22,9,74,18,30,48,122
06/04/2022,HRL,TX,ASW,CE,Federal Contract Tower,19,9,0,15,43,0,1,16,3,20,19,10,16,18,63,0,20,20,83
06/05/2022,HRL,TX,ASW,CE,Federal Contract Tower,20,10,6,3,39,0,0,8,2,10,20,10,14,5,49,0,2,2,51
06/06/2022,HRL,TX,ASW,CE,Federal Contract Tower,27,11,2,12,52,0,0,7,11,18,27,11,9,23,70,4,114,118,188
06/07/2022,HRL,TX,ASW,CE,Federal Contract Tower,34,8,13,22,77,0,2,17,12,31,34,10,30,34,108,34,140,174,282
06/08/2022,HRL,TX,ASW,CE,Federal Contract Tower,43,8,6,12,69,0,0,17,1,18,43,8,23,13,87,14,24,38,125
06/09/2022,HRL,TX,ASW,CE,Federal Contract Tower,25,10,11,21,67,0,0,29,6,35,25,10,40,27,102,18,26,44,146
06/10/2022,HRL,TX,ASW,CE,Federal Contract Tower,35,9,4,11,59,0,0,26,8,34,35,9,30,19,93,12,56,68,161
06/11/2022,HRL,TX,ASW,CE,Federal Contract Tower,25,11,3,10,49,0,0,12,3,15,25,11,15,13,64,2,40,42,106
06/12/2022,HRL,TX,ASW,CE,Federal Contract Tower,23,9,7,3,42,0,0,8,0,8,23,9,15,3,50,4,6,10,60
06/13/2022,HRL,TX,ASW,CE,Federal Contract Tower,33,8,3,0,44,0,0,17,1,18,33,8,20,1,62,10,2,12,74
06/14/2022,HRL,TX,ASW,CE,Federal Contract Tower,36,7,17,17,77,0,0,9,9,18,36,7,26,26,95,30,182,212,307
06/15/2022,HRL,TX,ASW,CE,Federal Contract Tower,41,8,15,29,93,0,0,14,0,14,41,8,29,29,107,2,38,40,147
06/16/2022,HRL,TX,ASW,CE,Federal Contract Tower,26,9,9,14,58,0,0,18,0,18,26,9,27,14,76,46,20,66,142
06/17/2022,HRL,TX,ASW,CE,Federal Contract Tower,37,11,10,14,72,0,0,21,15,36,37,11,31,29,108,11,114,125,233
06/18/2022,HRL,TX,ASW,CE,Federal Contract Tower,23,11,2,7,43,0,0,16,0,16,23,11,18,7,59,0,6,6,65
06/19/2022,HRL,TX,ASW,CE,Federal Contract Tower,24,8,6,7,45,0,0,2,6,8,24,8,8,13,53,0,12,12,65
06/20/2022,HRL,TX,ASW,CE,Federal Contract Tower,34,11,10,9,64,0,0,22,0,22,34,11,32,9,86,8,10,18,104
06/21/2022,HRL,TX,ASW,CE,Federal Contract Tower,32,7,8,14,61,0,0,18,4,22,32,7,26,18,83,16,2,18,101
06/22/2022,HRL,TX,ASW,CE,Federal Contract Tower,47,7,8,29,91,0,0,23,5,28,47,7,31,34,119,30,96,126,245
06/23/2022,HRL,TX,ASW,CE,Federal Contract Tower,31,7,11,26,75,0,0,15,2,17,31,7,26,28,92,0,8,8,100
06/24/2022,HRL,TX,ASW,CE,Federal Contract Tower,43,3,3,7,56,0,0,14,10,24,43,3,17,17,80,2,26,28,108
06/25/2022,HRL,TX,ASW,CE,Federal Contract Tower,24,8,7,3,42,0,0,20,6,26,24,8,27,9,68,12,56,68,136
06/26/2022,HRL,TX,ASW,CE,Federal Contract Tower,25,2,2,4,33,0,0,3,3,6,25,2,5,7,39,2,16,18,57
06/27/2022,HRL,TX,ASW,CE,Federal Contract Tower,36,5,7,10,58,0,0,12,0,12,36,5,19,10,70,24,10,34,104
06/28/2022,HRL,TX,ASW,CE,Federal Contract Tower,32,6,12,17,67,0,0,11,0,11,32,6,23,17,78,6,28,34,112
06/29/2022,HRL,TX,ASW,CE,Federal Contract Tower,42,6,18,14,80,0,0,21,2,23,42,6,39,16,103,10,64,74,177
06/30/2022,HRL,TX,ASW,CE,Federal Contract Tower,31,4,15,13,63,0,1,39,8,48,31,5,54,21,111,8,71,79,190
07/01/2022,HRL,TX,ASW,CE,Federal Contract Tower,34,6,4,3,47,0,2,41,2,45,34,8,45,5,92,22,6,28,120
07/02/2022,HRL,TX,ASW,CE,Federal Contract Tower,19,12,2,1,34,0,2,33,1,36,19,14,35,2,70,60,20,80,150
07/03/2022,HRL,TX,ASW,CE,Federal Contract Tower,22,8,1,0,31,0,0,0,0,0,22,8,1,0,31,0,0,0,31
07/04/2022,HRL,TX,ASW,CE,Federal Contract Tower,27,8,4,0,39,0,0,12,0,12,27,8,16,0,51,4,0,4,55
07/05/2022,HRL,TX,ASW,CE,Federal Contract Tower,28,6,9,1,44,0,0,29,1,30,28,6,38,2,74,14,2,16,90
07/06/2022,HRL,TX,ASW,CE,Federal Contract Tower,42,7,7,6,62,0,0,39,7,46,42,7,46,13,108,16,94,110,218
07/07/2022,HRL,TX,ASW,CE,Federal Contract Tower,30,9,7,16,62,0,0,35,3,38,30,9,42,19,100,20,30,50,150
07/08/2022,HRL,TX,ASW,CE,Federal Contract Tower,35,7,1,16,59,0,2,20,6,28,35,9,21,22,87,0,34,34,121
07/09/2022,HRL,TX,ASW,CE,Federal Contract Tower,24,8,2,9,43,0,1,29,0,30,24,9,31,9,73,12,12,24,97
07/10/2022,HRL,TX,ASW,CE,Federal Contract Tower,20,5,4,0,29,0,0,27,2,29,20,5,31,2,58,2,0,2,60
07/11/2022,HRL,TX,ASW,CE,Federal Contract Tower,32,7,14,7,60,0,2,24,8,34,32,9,38,15,94,0,32,32,126
07/12/2022,HRL,TX,ASW,CE,Federal Contract Tower,32,8,5,15,60,0,0,21,7,28,32,8,26,22,88,20,30,50,138
07/13/2022,HRL,TX,ASW,CE,Federal Contract Tower,44,6,12,12,74,0,0,35,4,39,44,6,47,16,113,20,42,62,175
07/14/2022,HRL,TX,ASW,CE,Federal Contract Tower,35,8,4,11,58,0,0,34,1,35,35,8,38,12,93,4,16,20,113
07/15/2022,HRL,TX,ASW,CE,Federal Contract Tower,38,8,12,10,68,0,0,18,6,24,38,8,30,16,92,0,62,62,154
07/16/2022,HRL,TX,ASW,CE,Federal Contract Tower,20,8,2,0,30,0,17,0,3,20,20,25,2,3,50,28,0,28,78
07/17/2022,HRL,TX,ASW,CE,Federal Contract Tower,24,7,5,4,40,0,0,15,2,17,24,7,20,6,57,12,10,22,79
07/18/2022,HRL,TX,ASW,CE,Federal Contract Tower,33,7,17,21,78,0,0,34,3,37,33,7,51,24,115,32,56,88,203
07/19/2022,HRL,TX,ASW,CE,Federal Contract Tower,31,8,5,37,81,0,0,20,10,30,31,8,25,47,111,16,248,264,375
07/20/2022,HRL,TX,ASW,CE,Federal Contract Tower,40,7,16,30,93,0,0,7,1,8,40,7,23,31,101,0,68,68,169
07/21/2022,HRL,TX,ASW,CE,Federal Contract Tower,32,6,12,25,75,0,2,20,6,28,32,8,32,31,103,50,112,162,265
07/22/2022,HRL,TX,ASW,CE,Federal Contract Tower,34,6,10,6,56,0,0,29,0,29,34,6,39,6,85,36,12,48,133
07/23/2022,HRL,TX,ASW,CE,Federal Contract Tower,25,10,4,13,52,0,0,14,0,14,25,10,18,13,66,10,20,30,96
07/24/2022,HRL,TX,ASW,CE,Federal Contract Tower,24,5,7,0,36,0,0,2,0,2,24,5,9,0,38,0,0,0,38
07/25/2022,HRL,TX,ASW,CE,Federal Contract Tower,28,6,3,25,62,0,0,25,5,30,28,6,28,30,92,18,32,50,142
07/26/2022,HRL,TX,ASW,CE,Federal Contract Tower,30,9,7,23,69,0,0,26,4,30,30,9,33,27,99,24,38,62,161
07/27/2022,HRL,TX,ASW,CE,Federal Contract Tower,42,10,10,6,68,0,0,24,0,24,42,10,34,6,92,22,4,26,118
07/28/2022,HRL,TX,ASW,CE,Federal Contract Tower,36,10,9,24,79,0,0,21,0,21,36,10,30,24,100,42,52,94,194
07/29/2022,HRL,TX,ASW,CE,Federal Contract Tower,44,6,10,4,64,0,0,19,0,19,44,6,29,4,83,52,4,56,139
07/30/2022,HRL,TX,ASW,CE,Federal Contract Tower,25,9,2,5,41,0,0,13,2,15,25,9,15,7,56,10,6,16,72
07/31/2022,HRL,TX,ASW,CE,Federal Contract Tower,24,5,10,2,41,0,0,7,0,7,24,5,17,2,48,12,28,40,88
08/01/2022,HRL,TX,ASW,CE,Federal Contract Tower,30,8,5,12,55,0,0,19,5,24,30,8,24,17,79,26,72,98,177
08/02/2022,HRL,TX,ASW,CE,Federal Contract Tower,32,6,10,15,63,0,2,28,6,36,32,8,38,21,99,26,102,128,227
08/03/2022,HRL,TX,ASW,CE,Federal Contract Tower,41,11,10,20,82,0,0,32,7,39,41,11,42,27,121,8,130,138,259
08/04/2022,HRL,TX,ASW,CE,Federal Contract Tower,30,6,3,17,56,0,0,26,4,30,30,6,29,21,86,8,100,108,194
08/05/2022,HRL,TX,ASW,CE,Federal Contract Tower,32,6,4,19,61,0,0,27,6,33,32,6,31,25,94,14,32,46,140
08/06/2022,HRL,TX,ASW,CE,Federal Contract Tower,25,8,1,6,40,0,1,17,1,19,25,9,18,7,59,26,4,30,89
08/07/2022,HRL,TX,ASW,CE,Federal Contract Tower,25,7,5,1,38,0,0,12,0,12,25,7,17,1,50,6,2,8,58
08/08/2022,HRL,TX,ASW,CE,Federal Contract Tower,27,7,13,35,82,0,0,13,2,15,27,7,26,37,97,2,58,60,157
08/09/2022,HRL,TX,ASW,CE,Federal Contract Tower,29,7,9,17,62,0,0,29,5,34,29,7,38,22,96,18,162,180,276
08/10/2022,HRL,TX,ASW,CE,Federal Contract Tower,31,6,12,28,77,0,0,21,2,23,31,6,33,30,100,32,60,92,192
08/11/2022,HRL,TX,ASW,CE,Federal Contract Tower,32,9,10,18,69,0,0,27,7,34,32,9,37,25,103,20,34,54,157
08/12/2022,HRL,TX,ASW,CE,Federal Contract Tower,31,6,7,0,44,0,0,25,0,25,31,6,32,0,69,12,0,12,81
08/13/2022,HRL,TX,ASW,CE,Federal Contract Tower,23,10,12,0,45,0,0,7,0,7,23,10,19,0,52,10,0,10,62
08/14/2022,HRL,TX,ASW,CE,Federal Contract Tower,23,6,4,1,34,0,0,1,0,1,23,6,5,1,35,0,0,0,35
08/15/2022,HRL,TX,ASW,CE,Federal Contract Tower,29,8,11,3,51,0,0,14,0,14,29,8,25,3,65,2,18,20,85
08/16/2022,HRL,TX,ASW,CE,Federal Contract Tower,37,10,15,6,68,0,0,23,2,25,37,10,38,8,93,26,10,36,129
08/17/2022,HRL,TX,ASW,CE,Federal Contract Tower,38,8,4,15,65,0,0,23,0,23,38,8,27,15,88,13,18,31,119
08/18/2022,HRL,TX,ASW,CE,Federal Contract Tower,36,5,13,24,78,0,0,23,4,27,36,5,36,28,105,38,60,98,203
08/19/2022,HRL,TX,ASW,CE,Federal Contract Tower,32,7,5,31,75,0,0,19,6,25,32,7,24,37,100,18,34,52,152
08/20/2022,HRL,TX,ASW,CE,Federal Contract Tower,22,13,8,4,47,0,0,11,0,11,22,13,19,4,58,10,6,16,74
08/21/2022,HRL,TX,ASW,CE,Federal Contract Tower,24,4,5,10,43,0,0,3,0,3,24,4,8,10,46,4,20,24,70
08/22/2022,HRL,TX,ASW,CE,Federal Contract Tower,26,7,11,38,82,0,1,24,13,38,26,8,35,51,120,24,78,102,222
08/23/2022,HRL,TX,ASW,CE,Federal Contract Tower,37,11,15,32,95,0,0,30,7,37,37,11,45,39,132,22,58,80,212
08/24/2022,HRL,TX,ASW,CE,Federal Contract Tower,44,3,16,25,88,0,0,29,11,40,44,3,45,36,128,74,92,166,294
08/25/2022,HRL,TX,ASW,CE,Federal Contract Tower,43,6,8,17,74,0,0,19,0,19,43,6,27,17,93,0,30,30,123
08/26/2022,HRL,TX,ASW,CE,Federal Contract Tower,47,8,19,0,74,0,0,10,0,10,47,8,29,0,84,2,0,2,86
08/27/2022,HRL,TX,ASW,CE,Federal Contract Tower,26,7,4,8,45,0,0,13,3,16,26,7,17,11,61,14,6,20,81
08/28/2022,HRL,TX,ASW,CE,Federal Contract Tower,31,7,15,3,56,0,0,9,3,12,31,7,24,6,68,2,16,18,86
08/29/2022,HRL,TX,ASW,CE,Federal Contract Tower,33,4,8,25,70,0,1,15,14,30,33,5,23,39,100,22,174,196,296
08/30/2022,HRL,TX,ASW,CE,Federal Contract Tower,43,6,8,62,119,0,0,30,11,41,43,6,38,73,160,59,184,243,403
08/31/2022,HRL,TX,ASW,CE,Federal Contract Tower,47,3,7,36,93,0,0,16,11,27,47,3,23,47,120,92,62,154,274
09/01/2022,HRL,TX,ASW,CE,Federal Contract Tower,39,6,5,7,57,0,0,24,8,32,39,6,29,15,89,38,20,58,147
09/02/2022,HRL,TX,ASW,CE,Federal Contract Tower,45,7,10,8,70,0,0,23,0,23,45,7,33,8,93,24,12,36,129
09/03/2022,HRL,TX,ASW,CE,Federal Contract Tower,23,7,7,0,37,0,0,7,2,9,23,7,14,2,46,10,4,14,60
09/04/2022,HRL,TX,ASW,CE,Federal Contract Tower,18,8,2,0,28,0,0,1,0,1,18,8,3,0,29,0,0,0,29
09/05/2022,HRL,TX,ASW,CE,Federal Contract Tower,38,8,2,6,54,0,0,11,0,11,38,8,13,6,65,24,4,28,93
09/06/2022,HRL,TX,ASW,CE,Federal Contract Tower,40,7,9,3,59,0,0,21,9,30,40,7,30,12,89,34,44,78,167
09/07/2022,HRL,TX,ASW,CE,Federal Contract Tower,38,11,9,19,77,0,0,17,4,21,38,11,26,23,98,26,58,84,182
09/08/2022,HRL,TX,ASW,CE,Federal Contract Tower,39,7,6,26,78,0,0,20,11,31,39,7,26,37,109,52,35,87,196
09/09/2022,HRL,TX,ASW,CE,Federal Contract Tower,37,8,16,9,70,0,0,28,8,36,37,8,44,17,106,26,50,76,182
09/10/2022,HRL,TX,ASW,CE,Federal Contract Tower,27,5,6,0,38,0,0,12,0,12,27,5,18,0,50,2,0,2,52
09/11/2022,HRL,TX,ASW,CE,Federal Contract Tower,26,6,8,0,40,0,0,9,0,9,26,6,17,0,49,0,0,0,49
09/12/2022,HRL,TX,ASW,CE,Federal Contract Tower,34,7,11,18,70,0,0,22,3,25,34,7,33,21,95,34,36,70,165
09/13/2022,HRL,TX,ASW,CE,Federal Contract Tower,33,9,7,30,79,0,0,39,8,47,33,9,46,38,126,50,48,98,224
09/14/2022,HRL,TX,ASW,CE,Federal Contract Tower,41,9,12,1,63,0,0,25,2,27,41,9,37,3,90,28,2,30,120
09/15/2022,HRL,TX,ASW,CE,Federal Contract Tower,37,6,9,0,52,0,0,19,4,23,37,6,28,4,75,0,2,2,77
09/16/2022,HRL,TX,ASW,CE,Federal Contract Tower,38,7,12,13,70,0,0,17,6,23,38,7,29,19,93,38,62,100,193
09/17/2022,HRL,TX,ASW,CE,Federal Contract Tower,26,7,1,5,39,0,0,8,2,10,26,7,9,7,49,34,6,40,89
09/18/2022,HRL,TX,ASW,CE,Federal Contract Tower,25,6,5,3,39,0,0,8,2,10,25,6,13,5,49,8,6,14,63
09/19/2022,HRL,TX,ASW,CE,Federal Contract Tower,32,8,10,10,60,0,0,34,1,35,32,8,44,11,95,26,56,82,177
09/20/2022,HRL,TX,ASW,CE,Federal Contract Tower,34,9,9,10,62,0,0,30,4,34,34,9,39,14,96,6,16,22,118
09/21/2022,HRL,TX,ASW,CE,Federal Contract Tower,39,7,18,8,72,0,0,26,10,36,39,7,44,18,108,8,130,138,246
09/22/2022,HRL,TX,ASW,CE,Federal Contract Tower,42,6,20,19,87,0,0,19,5,24,42,6,39,24,111,6,92,98,209
09/23/2022,HRL,TX,ASW,CE,Federal Contract Tower,35,7,8,14,64,0,1,15,4,20,35,8,23,18,84,34,44,78,162
09/24/2022,HRL,TX,ASW,CE,Federal Contract Tower,25,5,13,0,43,0,0,1,0,1,25,5,14,0,44,2,0,2,46
09/25/2022,HRL,TX,ASW,CE,Federal Contract Tower,25,3,9,3,40,0,0,1,0,1,25,3,10,3,41,10,2,12,53
09/26/2022,HRL,TX,ASW,CE,Federal Contract Tower,34,5,12,6,57,0,1,18,0,19,34,6,30,6,76,8,56,64,140
09/27/2022,HRL,TX,ASW,CE,Federal Contract Tower,34,7,12,6,59,0,0,12,5,17,34,7,24,11,76,34,62,96,172
09/28/2022,HRL,TX,ASW,CE,Federal Contract Tower,41,5,6,11,63,0,0,32,0,32,41,5,38,11,95,14,24,38,133
09/29/2022,HRL,TX,ASW,CE,Federal Contract Tower,34,4,13,13,64,0,0,14,3,17,34,4,27,16,81,36,68,104,185
09/30/2022,HRL,TX,ASW,CE,Federal Contract Tower,36,10,10,7,63,0,2,23,3,28,36,12,33,10,91,20,8,28,119
10/01/2022,HRL,TX,ASW,CE,Federal Contract Tower,25,4,9,9,47,0,0,13,2,15,25,4,22,11,62,20,10,30,92
10/02/2022,HRL,TX,ASW,CE,Federal Contract Tower,27,6,5,0,38,0,0,4,1,5,27,6,9,1,43,2,0,2,45
10/03/2022,HRL,TX,ASW,CE,Federal Contract Tower,39,6,7,9,61,0,0,26,0,26,39,6,33,9,87,2,50,52,139
10/04/2022,HRL,TX,ASW,CE,Federal Contract Tower,40,5,5,27,77,0,0,35,7,42,40,5,40,34,119,42,106,148,267
10/05/2022,HRL,TX,ASW,CE,Federal Contract Tower,39,6,6,13,64,0,0,18,4,22,39,6,24,17,86,22,116,138,224
10/06/2022,HRL,TX,ASW,CE,Federal Contract Tower,37,4,14,25,80,0,0,28,2,30,37,4,42,27,110,14,64,78,188
10/07/2022,HRL,TX,ASW,CE,Federal Contract Tower,33,7,14,5,59,0,0,13,1,14,33,7,27,6,73,10,34,44,117
10/08/2022,HRL,TX,ASW,CE,Federal Contract Tower,27,4,6,0,37,0,0,14,0,14,27,4,20,0,51,46,0,46,97
10/09/2022,HRL,TX,ASW,CE,Federal Contract Tower,25,4,7,0,36,0,0,10,0,10,25,4,17,0,46,0,0,0,46
10/10/2022,HRL,TX,ASW,CE,Federal Contract Tower,29,6,3,0,38,0,0,10,0,10,29,6,13,0,48,0,0,0,48
10/11/2022,HRL,TX,ASW,CE,Federal Contract Tower,37,5,11,18,71,0,0,29,0,29,37,5,40,18,100,28,20,48,148
10/12/2022,HRL,TX,ASW,CE,Federal Contract Tower,42,5,11,10,68,0,0,26,0,26,42,5,37,10,94,66,64,130,224
10/13/2022,HRL,TX,ASW,CE,Federal Contract Tower,33,4,13,23,73,0,0,18,8,26,33,4,31,31,99,32,152,184,283
10/14/2022,HRL,TX,ASW,CE,Federal Contract Tower,43,7,9,6,65,0,0,6,4,10,43,7,15,10,75,30,88,118,193
10/15/2022,HRL,TX,ASW,CE,Federal Contract Tower,29,4,1,2,36,0,0,8,1,9,29,4,9,3,45,20,18,38,83
10/16/2022,HRL,TX,ASW,CE,Federal Contract Tower,22,10,9,2,43,0,0,7,0,7,22,10,16,2,50,6,2,8,58
10/17/2022,HRL,TX,ASW,CE,Federal Contract Tower,31,10,12,27,80,0,0,12,9,21,31,10,24,36,101,8,162,170,271
10/18/2022,HRL,TX,ASW,CE,Federal Contract Tower,37,9,14,8,68,0,0,10,7,17,37,9,24,15,85,14,180,194,279
10/19/2022,HRL,TX,ASW,CE,Federal Contract Tower,42,6,13,12,73,0,0,21,0,21,42,6,34,12,94,64,12,76,170
10/20/2022,HRL,TX,ASW,CE,Federal Contract Tower,30,17,16,12,75,0,0,27,8,35,30,17,43,20,110,58,54,112,222
10/21/2022,HRL,TX,ASW,CE,Federal Contract Tower,40,8,7,2,57,0,0,13,3,16,40,8,20,5,73,8,12,20,93
10/22/2022,HRL,TX,ASW,CE,Federal Contract Tower,24,6,5,7,42,0,0,20,0,20,24,6,25,7,62,24,10,34,96
10/23/2022,HRL,TX,ASW,CE,Federal Contract Tower,24,9,13,4,50,0,0,10,1,11,24,9,23,5,61,20,8,28,89
10/24/2022,HRL,TX,ASW,CE,Federal Contract Tower,31,14,5,33,83,0,1,14,1,16,31,15,19,34,99,8,224,232,331
10/25/2022,HRL,TX,ASW,CE,Federal Contract Tower,36,5,9,16,66,0,0,35,20,55,36,5,44,36,121,52,196,248,369
10/26/2022,HRL,TX,ASW,CE,Federal Contract Tower,41,6,19,15,81,0,0,21,5,26,41,6,40,20,107,24,52,76,183
10/27/2022,HRL,TX,ASW,CE,Federal Contract Tower,38,6,10,16,70,0,0,22,4,26,38,6,32,20,96,26,24,50,146
10/28/2022,HRL,TX,ASW,CE,Federal Contract Tower,40,4,5,19,68,0,2,16,7,25,40,6,21,26,93,16,48,64,157
10/29/2022,HRL,TX,ASW,CE,Federal Contract Tower,27,7,8,3,45,0,1,18,0,19,27,8,26,3,64,6,2,8,72
10/30/2022,HRL,TX,ASW,CE,Federal Contract Tower,29,9,12,0,50,0,0,3,0,3,29,9,15,0,53,0,0,0,53
10/31/2022,HRL,TX,ASW,CE,Federal Contract Tower,27,6,12,16,61,0,0,8,2,10,27,6,20,18,71,0,18,18,89
11/01/2022,HRL,TX,ASW,CE,Federal Contract Tower,32,9,10,15,66,0,0,12,1,13,32,9,22,16,79,22,42,64,143
11/02/2022,HRL,TX,ASW,CE,Federal Contract Tower,52,5,7,10,74,0,0,4,0,4,52,5,11,10,78,42,6,48,126
11/03/2022,HRL,TX,ASW,CE,Federal Contract Tower,45,9,13,14,81,0,0,27,15,42,45,9,40,29,123,54,194,248,371
11/04/2022,HRL,TX,ASW,CE,Federal Contract Tower,36,4,9,17,66,0,0,11,6,17,36,4,20,23,83,0,26,26,109
11/05/2022,HRL,TX,ASW,CE,Federal Contract Tower,24,7,3,6,40,0,0,8,0,8,24,7,11,6,48,42,12,54,102
11/06/2022,HRL,TX,ASW,CE,Federal Contract Tower,26,4,5,7,42,0,0,6,0,6,26,4,11,7,48,18,6,24,72
11/07/2022,HRL,TX,ASW,CE,Federal Contract Tower,32,5,18,2,57,0,0,15,0,15,32,5,33,2,72,8,0,8,80
11/08/2022,HRL,TX,ASW,CE,Federal Contract Tower,40,4,9,2,55,0,2,25,8,35,40,6,34,10,90,28,62,90,180
11/09/2022,HRL,TX,ASW,CE,Federal Contract Tower,47,9,9,4,69,0,0,30,24,54,47,9,39,28,123,0,160,160,283
11/10/2022,HRL,TX,ASW,CE,Federal Contract Tower,35,8,12,14,69,0,0,26,4,30,35,8,38,18,99,12,28,40,139
11/11/2022,HRL,TX,ASW,CE,Federal Contract Tower,35,7,12,0,54,0,0,11,0,11,35,7,23,0,65,24,0,24,89
11/12/2022,HRL,TX,ASW,CE,Federal Contract Tower,22,6,6,6,40,0,0,11,0,11,22,6,17,6,51,14,8,22,73
11/13/2022,HRL,TX,ASW,CE,Federal Contract Tower,29,7,10,0,46,0,0,1,0,1,29,7,11,0,47,0,0,0,47
11/14/2022,HRL,TX,ASW,CE,Federal Contract Tower,26,8,8,30,72,0,0,18,7,25,26,8,26,37,97,56,106,162,259
11/15/2022,HRL,TX,ASW,CE,Federal Contract Tower,34,10,7,14,65,0,0,25,0,25,34,10,32,14,90,50,10,60,150
11/16/2022,HRL,TX,ASW,CE,Federal Contract Tower,35,9,15,18,77,0,0,15,0,15,35,9,30,18,92,58,20,78,170
11/17/2022,HRL,TX,ASW,CE,Federal Contract Tower,38,10,12,14,74,0,0,2,3,5,38,10,14,17,79,2,22,24,103
11/18/2022,HRL,TX,ASW,CE,Federal Contract Tower,39,13,18,4,74,0,0,0,0,0,39,13,18,4,74,0,4,4,78
11/19/2022,HRL,TX,ASW,CE,Federal Contract Tower,25,19,6,1,51,0,0,0,0,0,25,19,6,1,51,0,2,2,53
11/20/2022,HRL,TX,ASW,CE,Federal Contract Tower,28,5,5,2,40,0,0,0,0,0,28,5,5,2,40,0,4,4,44
11/21/2022,HRL,TX,ASW,CE,Federal Contract Tower,25,11,4,25,65,0,0,0,0,0,25,11,4,25,65,0,26,26,91
11/22/2022,HRL,TX,ASW,CE,Federal Contract Tower,42,4,12,1,59,0,0,0,1,1,42,4,12,2,60,0,0,0,60
11/23/2022,HRL,TX,ASW,CE,Federal Contract Tower,39,8,12,0,59,0,0,0,0,0,39,8,12,0,59,0,0,0,59
11/24/2022,HRL,TX,ASW,CE,Federal Contract Tower,29,8,0,0,37,0,0,1,0,1,29,8,1,0,38,2,0,2,40
11/25/2022,HRL,TX,ASW,CE,Federal Contract Tower,35,2,2,0,39,0,0,0,0,0,35,2,2,0,39,0,0,0,39
11/26/2022,HRL,TX,ASW,CE,Federal Contract Tower,24,10,7,0,41,0,0,17,0,17,24,10,24,0,58,32,0,32,90
11/27/2022,HRL,TX,ASW,CE,Federal Contract Tower,29,6,19,0,54,0,0,21,1,22,29,6,40,1,76,8,0,8,84
11/28/2022,HRL,TX,ASW,CE,Federal Contract Tower,37,8,20,3,68,0,0,15,2,17,37,8,35,5,85,52,8,60,145
11/29/2022,HRL,TX,ASW,CE,Federal Contract Tower,38,13,16,27,94,0,0,31,8,39,38,13,47,35,133,22,224,246,379
11/30/2022,HRL,TX,ASW,CE,Federal Contract Tower,35,11,6,5,57,0,0,4,0,4,35,11,10,5,61,36,6,42,103
12/01/2022,HRL,TX,ASW,CE,Federal Contract Tower,43,6,17,4,70,0,0,7,0,7,43,6,24,4,77,22,8,30,107
12/02/2022,HRL,TX,ASW,CE,Federal Contract Tower,48,6,20,4,78,0,0,0,0,0,48,6,20,4,78,14,10,24,102
12/03/2022,HRL,TX,ASW,CE,Federal Contract Tower,23,6,3,0,32,0,0,2,0,2,23,6,5,0,34,18,0,18,52
12/04/2022,HRL,TX,ASW,CE,Federal Contract Tower,28,4,4,1,37,0,0,4,1,5,28,4,8,2,42,10,0,10,52
12/05/2022,HRL,TX,ASW,CE,Federal Contract Tower,40,7,15,35,97,0,0,27,6,33,40,7,42,41,130,26,168,194,324
12/06/2022,HRL,TX,ASW,CE,Federal Contract Tower,44,7,9,33,93,0,2,31,1,34,44,9,40,34,127,80,62,142,269
12/07/2022,HRL,TX,ASW,CE,Federal Contract Tower,41,7,15,19,82,0,1,25,4,30,41,8,40,23,112,12,56,68,180
12/08/2022,HRL,TX,ASW,CE,Federal Contract Tower,34,4,15,1,54,0,0,27,8,35,34,4,42,9,89,34,72,106,195
12/09/2022,HRL,TX,ASW,CE,Federal Contract Tower,38,5,17,17,77,0,0,14,0,14,38,5,31,17,91,28,50,78,169
12/10/2022,HRL,TX,ASW,CE,Federal Contract Tower,19,6,4,3,32,0,0,10,1,11,19,6,14,4,43,4,8,12,55
12/11/2022,HRL,TX,ASW,CE,Federal Contract Tower,31,7,11,7,56,0,1,8,1,10,31,8,19,8,66,6,2,8,74
12/12/2022,HRL,TX,ASW,CE,Federal Contract Tower,32,7,10,27,76,0,0,7,8,15,32,7,17,35,91,10,148,158,249
12/13/2022,HRL,TX,ASW,CE,Federal Contract Tower,39,9,7,32,87,0,0,15,3,18,39,9,22,35,105,0,124,124,229
12/14/2022,HRL,TX,ASW,CE,Federal Contract Tower,35,8,14,22,79,0,0,13,4,17,35,8,27,26,96,2,66,68,164
12/15/2022,HRL,TX,ASW,CE,Federal Contract Tower,37,5,4,14,60,0,0,36,0,36,37,5,40,14,96,16,66,82,178
12/16/2022,HRL,TX,ASW,CE,Federal Contract Tower,37,5,8,13,63,0,0,26,1,27,37,5,34,14,90,18,20,38,128
12/17/2022,HRL,TX,ASW,CE,Federal Contract Tower,25,8,8,4,45,0,0,3,0,3,25,8,11,4,48,0,2,2,50
12/18/2022,HRL,TX,ASW,CE,Federal Contract Tower,33,10,1,4,48,0,0,4,1,5,33,10,5,5,53,28,8,36,89
12/19/2022,HRL,TX,ASW,CE,Federal Contract Tower,34,6,16,22,78,0,2,0,2,4,34,8,16,24,82,4,52,56,138
12/20/2022,HRL,TX,ASW,CE,Federal Contract Tower,41,10,9,11,71,0,0,4,0,4,41,10,13,11,75,0,28,28,103
12/21/2022,HRL,TX,ASW,CE,Federal Contract Tower,40,2,13,31,86,0,0,12,6,18,40,2,25,37,104,16,36,52,156
12/22/2022,HRL,TX,ASW,CE,Federal Contract Tower,37,5,13,5,60,0,0,15,0,15,37,5,28,5,75,22,4,26,101
12/23/2022,HRL,TX,ASW,CE,Federal Contract Tower,29,4,11,0,44,0,0,11,0,11,29,4,22,0,55,0,0,0,55
12/24/2022,HRL,TX,ASW,CE,Federal Contract Tower,11,0,0,0,11,0,0,4,0,4,11,0,4,0,15,0,0,0,15
12/25/2022,HRL,TX,ASW,CE,Federal Contract Tower,17,3,0,0,20,0,0,3,0,3,17,3,3,0,23,0,0,0,23
12/26/2022,HRL,TX,ASW,CE,Federal Contract Tower,17,5,6,0,28,0,2,24,0,26,17,7,30,0,54,72,0,72,126
12/27/2022,HRL,TX,ASW,CE,Federal Contract Tower,23,5,10,1,39,0,0,10,3,13,23,5,20,4,52,6,2,8,60
12/28/2022,HRL,TX,ASW,CE,Federal Contract Tower,35,4,12,2,53,0,0,10,3,13,35,4,22,5,66,0,6,6,72
12/29/2022,HRL,TX,ASW,CE,Federal Contract Tower,30,4,9,0,43,0,0,15,1,16,30,4,24,1,59,2,22,24,83
12/30/2022,HRL,TX,ASW,CE,Federal Contract Tower,33,6,6,0,45,0,0,2,0,2,33,6,8,0,47,0,0,0,47
12/31/2022,HRL,TX,ASW,CE,Federal Contract Tower,22,5,4,0,31,0,0,5,0,5,22,5,9,0,36,0,0,0,36
01/02/2023,HRL,TX,ASW,CE,Federal Contract Tower,25,5,6,0,36,0,0,11,2,13,25,5,17,2,49,18,0,18,67
01/03/2023,HRL,TX,ASW,CE,Federal Contract Tower,36,4,5,5,50,0,0,2,0,2,36,4,7,5,52,16,10,26,78
01/04/2023,HRL,TX,ASW,CE,Federal Contract Tower,39,8,8,16,71,0,0,19,7,26,39,8,27,23,97,18,98,116,213
01/05/2023,HRL,TX,ASW,CE,Federal Contract Tower,35,3,21,17,76,0,2,29,3,34,35,5,50,20,110,22,42,64,174
01/06/2023,HRL,TX,ASW,CE,Federal Contract Tower,32,4,12,12,60,0,0,17,4,21,32,4,29,16,81,20,66,86,167
01/07/2023,HRL,TX,ASW,CE,Federal Contract Tower,19,9,8,5,41,0,0,7,0,7,19,9,15,5,48,18,10,28,76
01/09/2023,HRL,TX,ASW,CE,Federal Contract Tower,22,8,7,17,54,0,0,15,11,26,22,8,22,28,80,32,80,112,192
01/10/2023,HRL,TX,ASW,CE,Federal Contract Tower,29,6,8,22,65,0,0,30,1,31,29,6,38,23,96,8,44,52,148
01/11/2023,HRL,TX,ASW,CE,Federal Contract Tower,31,8,12,28,79,0,0,20,29,49,31,8,32,57,128,16,206,222,350
01/12/2023,HRL,TX,ASW,CE,Federal Contract Tower,39,7,11,19,76,0,0,20,3,23,39,7,31,22,99,4,40,44,143
01/13/2023,HRL,TX,ASW,CE,Federal Contract Tower,32,9,9,8,58,0,0,21,4,25,32,9,30,12,83,26,2,28,111
01/14/2023,HRL,TX,ASW,CE,Federal Contract Tower,19,8,6,4,37,0,0,6,0,6,19,8,12,4,43,0,4,4,47
01/15/2023,HRL,TX,ASW,CE,Federal Contract Tower,22,8,7,0,37,0,0,7,0,7,22,8,14,0,44,0,0,0,44
01/16/2023,HRL,TX,ASW,CE,Federal Contract Tower,20,9,10,0,39,0,2,31,0,33,20,11,41,0,72,50,0,50,122
01/18/2023,HRL,TX,ASW,CE,Federal Contract Tower,30,6,12,31,79,0,0,16,2,18,30,6,28,33,97,32,136,168,265
01/19/2023,HRL,TX,ASW,CE,Federal Contract Tower,34,9,14,6,63,0,0,36,0,36,34,9,50,6,99,32,56,88,187
01/20/2023,HRL,TX,ASW,CE,Federal Contract Tower,31,4,11,13,59,0,0,11,0,11,31,4,22,13,70,16,20,36,106
01/21/2023,HRL,TX,ASW,CE,Federal Contract Tower,19,5,2,8,34,0,0,1,0,1,19,5,3,8,35,2,8,10,45
01/22/2023,HRL,TX,ASW,CE,Federal Contract Tower,25,8,4,6,43,0,0,6,5,11,25,8,10,11,54,2,2,4,58
01/23/2023,HRL,TX,ASW,CE,Federal Contract Tower,25,7,7,10,49,0,0,28,2,30,25,7,35,12,79,32,60,92,171
01/24/2023,HRL,TX,ASW,CE,Federal Contract Tower,28,8,9,23,68,0,0,4,4,8,28,8,13,27,76,4,104,108,184
01/25/2023,HRL,TX,ASW,CE,Federal Contract Tower,34,5,13,17,69,0,0,29,5,34,34,5,42,22,103,36,106,142,245
01/26/2023,HRL,TX,ASW,CE,Federal Contract Tower,34,4,9,20,67,0,2,31,1,34,34,6,40,21,101,50,32,82,183
01/27/2023,HRL,TX,ASW,CE,Federal Contract Tower,34,6,20,8,68,0,0,3,0,3,34,6,23,8,71,0,12,12,83
01/28/2023,HRL,TX,ASW,CE,Federal Contract Tower,19,7,4,6,36,0,0,14,0,14,19,7,18,6,50,26,30,56,106
01/29/2023,HRL,TX,ASW,CE,Federal Contract Tower,21,6,6,10,43,0,0,0,0,0,21,6,6,10,43,0,14,14,57
01/30/2023,HRL,TX,ASW,CE,Federal Contract Tower,21,9,14,8,52,0,0,29,0,29,21,9,43,8,81,84,2,86,167
01/31/2023,HRL,TX,ASW,CE,Federal Contract Tower,20,6,5,7,38,0,0,0,0,0,20,6,5,7,38,0,6,6,44
02/01/2023,HRL,TX,ASW,CE,Federal Contract Tower,16,8,11,18,53,0,0,0,0,0,16,8,11,18,53,0,22,22,75
02/02/2023,HRL,TX,ASW,CE,Federal Contract Tower,33,5,10,37,85,0,0,0,1,1,33,5,10,38,86,0,44,44,130
02/03/2023,HRL,TX,ASW,CE,Federal Contract Tower,37,8,13,11,69,0,1,19,0,20,37,9,32,11,89,16,28,44,133
02/04/2023,HRL,TX,ASW,CE,Federal Contract Tower,18,11,4,7,40,0,0,22,2,24,18,11,26,9,64,0,36,36,100
02/05/2023,HRL,TX,ASW,CE,Federal Contract Tower,21,11,6,8,46,0,0,12,0,12,21,11,18,8,58,0,10,10,68
02/06/2023,HRL,TX,ASW,CE,Federal Contract Tower,30,7,6,28,71,0,0,18,13,31,30,7,24,41,102,22,120,142,244
02/07/2023,HRL,TX,ASW,CE,Federal Contract Tower,39,3,11,30,83,0,0,6,7,13,39,3,17,37,96,0,94,94,190
02/08/2023,HRL,TX,ASW,CE,Federal Contract Tower,33,5,6,17,61,0,0,14,3,17,33,5,20,20,78,26,38,64,142
02/09/2023,HRL,TX,ASW,CE,Federal Contract Tower,33,5,11,15,64,0,0,25,3,28,33,5,36,18,92,36,12,48,140
02/10/2023,HRL,TX,ASW,CE,Federal Contract Tower,41,5,11,14,71,0,0,7,10,17,41,5,18,24,88,6,72,78,166
02/11/2023,HRL,TX,ASW,CE,Federal Contract Tower,24,4,4,2,34,0,0,31,0,31,24,4,35,2,65,56,4,60,125
02/12/2023,HRL,TX,ASW,CE,Federal Contract Tower,23,6,2,0,31,0,0,18,2,20,23,6,20,2,51,14,0,14,65
02/13/2023,HRL,TX,ASW,CE,Federal Contract Tower,40,2,13,26,81,0,0,10,16,26,40,2,23,42,107,46,148,194,301
02/14/2023,HRL,TX,ASW,CE,Federal Contract Tower,37,2,8,12,59,0,0,24,6,30,37,2,32,18,89,22,80,102,191
02/15/2023,HRL,TX,ASW,CE,Federal Contract Tower,39,8,11,13,71,0,0,15,2,17,39,8,26,15,88,42,40,82,170
02/16/2023,HRL,TX,ASW,CE,Federal Contract Tower,42,6,12,3,63,0,0,15,1,16,42,6,27,4,79,22,4,26,105
02/17/2023,HRL,TX,ASW,CE,Federal Contract Tower,35,5,5,3,48,0,0,25,1,26,35,5,30,4,74,29,8,37,111
02/18/2023,HRL,TX,ASW,CE,Federal Contract Tower,22,5,6,0,33,0,0,16,1,17,22,5,22,1,50,62,0,62,112
02/19/2023,HRL,TX,ASW,CE,Federal Contract Tower,30,5,5,0,40,0,0,10,0,10,30,5,15,0,50,28,0,28,78
02/20/2023,HRL,TX,ASW,CE,Federal Contract Tower,36,2,5,1,44,0,0,26,0,26,36,2,31,1,70,52,2,54,124
02/21/2023,HRL,TX,ASW,CE,Federal Contract Tower,42,10,9,10,71,0,0,19,0,19,42,10,28,10,90,12,48,60,150
02/22/2023,HRL,TX,ASW,CE,Federal Contract Tower,35,4,14,26,79,0,0,40,8,48,35,4,54,34,127,42,62,104,231
02/23/2023,HRL,TX,ASW,CE,Federal Contract Tower,41,2,7,14,64,0,0,32,6,38,41,2,39,20,102,38,54,92,194
02/24/2023,HRL,TX,ASW,CE,Federal Contract Tower,42,7,14,9,72,0,0,17,1,18,42,7,31,10,90,54,40,94,184
02/25/2023,HRL,TX,ASW,CE,Federal Contract Tower,27,7,4,12,50,0,0,18,1,19,27,7,22,13,69,32,50,82,151
02/26/2023,HRL,TX,ASW,CE,Federal Contract Tower,23,9,10,7,49,0,0,3,0,3,23,9,13,7,52,0,10,10,62
02/27/2023,HRL,TX,ASW,CE,Federal Contract Tower,38,8,7,20,73,0,6,23,0,29,38,14,30,20,102,60,30,90,192
02/28/2023,HRL,TX,ASW,CE,Federal Contract Tower,34,10,8,26,78,0,0,29,2,31,34,10,37,28,109,34,66,100,209
03/01/2023,HRL,TX,ASW,CE,Federal Contract Tower,41,2,14,9,66,0,0,19,6,25,41,2,33,15,91,50,22,72,163
03/02/2023,HRL,TX,ASW,CE,Federal Contract Tower,41,5,16,26,88,0,0,30,3,33,41,5,46,29,121,44,100,144,265
03/03/2023,HRL,TX,ASW,CE,Federal Contract Tower,47,4,11,20,82,0,2,27,6,35,47,6,38,26,117,68,46,114,231
03/04/2023,HRL,TX,ASW,CE,Federal Contract Tower,23,11,4,6,44,0,0,9,0,9,23,11,13,6,53,76,4,80,133
03/05/2023,HRL,TX,ASW,CE,Federal Contract Tower,32,9,13,3,57,0,0,12,0,12,32,9,25,3,69,52,8,60,129
03/06/2023,HRL,TX,ASW,CE,Federal Contract Tower,38,4,19,23,84,0,0,27,1,28,38,4,46,24,112,92,42,134,246
03/07/2023,HRL,TX,ASW,CE,Federal Contract Tower,47,6,10,39,102,0,0,26,10,36,47,6,36,49,138,22,98,120,258
03/08/2023,HRL,TX,ASW,CE,Federal Contract Tower,39,4,16,18,77,0,0,30,2,32,39,4,46,20,109,98,22,120,229
03/09/2023,HRL,TX,ASW,CE,Federal Contract Tower,37,0,14,13,64,0,0,22,6,28,37,0,36,19,92,36,20,56,148
03/10/2023,HRL,TX,ASW,CE,Federal Contract Tower,44,5,13,11,73,0,0,27,4,31,44,5,40,15,104,76,56,132,236
03/11/2023,HRL,TX,ASW,CE,Federal Contract Tower,31,2,5,4,42,0,0,8,0,8,31,2,13,4,50,42,4,46,96
03/12/2023,HRL,TX,ASW,CE,Federal Contract Tower,26,5,3,2,36,0,0,9,3,12,26,5,12,5,48,58,44,102,150
03/13/2023,HRL,TX,ASW,CE,Federal Contract Tower,38,2,4,25,69,0,0,22,0,22,38,2,26,25,91,42,38,80,171
03/14/2023,HRL,TX,ASW,CE,Federal Contract Tower,43,6,9,13,71,0,0,14,0,14,43,6,23,13,85,40,14,54,139
03/15/2023,HRL,TX,ASW,CE,Federal Contract Tower,41,1,7,21,70,0,0,17,0,17,41,1,24,21,87,30,24,54,141
03/16/2023,HRL,TX,ASW,CE,Federal Contract Tower,37,0,9,43,89,0,0,10,5,15,37,0,19,48,104,26,158,184,288
03/17/2023,HRL,TX,ASW,CE,Federal Contract Tower,42,2,12,25,81,0,0,13,3,16,42,2,25,28,97,68,58,126,223
03/18/2023,HRL,TX,ASW,CE,Federal Contract Tower,26,3,3,2,34,0,0,20,2,22,26,3,23,4,56,64,2,66,122
03/19/2023,HRL,TX,ASW,CE,Federal Contract Tower,26,5,9,0,40,0,0,4,2,6,26,5,13,2,46,0,6,6,52
03/20/2023,HRL,TX,ASW,CE,Federal Contract Tower,42,4,21,47,114,0,0,33,2,35,42,4,54,49,149,78,54,132,281
03/21/2023,HRL,TX,ASW,CE,Federal Contract Tower,40,3,12,15,70,0,0,28,2,30,40,3,40,17,100,102,22,124,224
03/22/2023,HRL,TX,ASW,CE,Federal Contract Tower,42,2,17,29,90,0,2,25,8,35,42,4,42,37,125,28,128,156,281
03/23/2023,HRL,TX,ASW,CE,Federal Contract Tower,40,0,10,15,65,0,0,18,4,22,40,0,28,19,87,8,70,78,165
03/24/2023,HRL,TX,ASW,CE,Federal Contract Tower,42,5,16,13,76,0,0,12,6,18,42,5,28,19,94,62,74,136,230
03/25/2023,HRL,TX,ASW,CE,Federal Contract Tower,29,1,5,1,36,0,0,34,0,34,29,1,39,1,70,46,0,46,116
03/26/2023,HRL,TX,ASW,CE,Federal Contract Tower,25,2,7,2,36,0,0,15,0,15,25,2,22,2,51,78,18,96,147
03/27/2023,HRL,TX,ASW,CE,Federal Contract Tower,34,2,17,15,68,0,0,22,5,27,34,2,39,20,95,96,66,162,257
03/28/2023,HRL,TX,ASW,CE,Federal Contract Tower,40,2,11,0,53,0,0,0,0,0,40,2,11,0,53,0,0,0,53
03/30/2023,HRL,TX,ASW,CE,Federal Contract Tower,39,2,15,18,74,0,0,15,1,16,39,2,30,19,90,100,26,126,216
03/31/2023,HRL,TX,ASW,CE,Federal Contract Tower,41,0,8,11,60,0,0,24,11,35,41,0,32,22,95,82,120,202,297
04/01/2023,HRL,TX,ASW,CE,Federal Contract Tower,27,0,6,4,37,0,0,10,2,12,27,0,16,6,49,32,22,54,103
04/02/2023,HRL,TX,ASW,CE,Federal Contract Tower,27,2,2,20,51,0,0,9,2,11,27,2,11,22,62,0,20,20,82
04/03/2023,HRL,TX,ASW,CE,Federal Contract Tower,39,0,11,1,51,0,0,18,1,19,39,0,29,2,70,30,16,46,116
04/04/2023,HRL,TX,ASW,CE,Federal Contract Tower,48,0,7,17,72,0,0,8,14,22,48,0,15,31,94,10,160,170,264
04/05/2023,HRL,TX,ASW,CE,Federal Contract Tower,35,1,9,11,56,0,0,14,7,21,35,1,23,18,77,44,28,72,149
04/06/2023,HRL,TX,ASW,CE,Federal Contract Tower,44,2,18,0,64,0,0,2,0,2,44,2,20,0,66,2,0,2,68
04/07/2023,HRL,TX,ASW,CE,Federal Contract Tower,42,7,12,0,61,0,0,0,0,0,42,7,12,0,61,0,0,0,61
04/08/2023,HRL,TX,ASW,CE,Federal Contract Tower,26,4,4,6,40,0,0,1,0,1,26,4,5,6,41,0,8,8,49
04/09/2023,HRL,TX,ASW,CE,Federal Contract Tower,32,3,7,1,43,0,0,2,3,5,32,3,9,4,48,0,12,12,60
04/10/2023,HRL,TX,ASW,CE,Federal Contract Tower,38,3,12,7,60,0,0,23,2,25,38,3,35,9,85,56,10,66,151
04/11/2023,HRL,TX,ASW,CE,Federal Contract Tower,48,7,17,17,89,0,0,29,26,55,48,7,46,43,144,40,106,146,290
04/12/2023,HRL,TX,ASW,CE,Federal Contract Tower,42,3,11,20,76,0,0,47,12,59,42,3,58,32,135,76,146,222,357
04/13/2023,HRL,TX,ASW,CE,Federal Contract Tower,42,2,7,18,69,0,1,40,9,50,42,3,47,27,119,36,14,50,169
04/14/2023,HRL,TX,ASW,CE,Federal Contract Tower,42,2,23,31,98,0,0,15,1,16,42,2,38,32,114,82,76,158,272
04/15/2023,HRL,TX,ASW,CE,Federal Contract Tower,27,10,4,0,41,0,0,28,2,30,27,10,32,2,71,80,0,80,151
04/16/2023,HRL,TX,ASW,CE,Federal Contract Tower,34,4,13,1,52,0,0,19,3,22,34,4,32,4,74,0,2,2,76
04/17/2023,HRL,TX,ASW,CE,Federal Contract Tower,48,3,9,18,78,0,0,35,2,37,48,3,44,20,115,0,28,28,143
04/18/2023,HRL,TX,ASW,CE,Federal Contract Tower,40,3,9,20,72,0,0,30,3,33,40,3,39,23,105,52,80,132,237
04/19/2023,HRL,TX,ASW,CE,Federal Contract Tower,42,12,29,5,88,0,0,16,3,19,42,12,45,8,107,36,28,64,171
04/20/2023,HRL,TX,ASW,CE,Federal Contract Tower,42,5,19,37,103,0,0,21,3,24,42,5,40,40,127,58,42,100,227
04/21/2023,HRL,TX,ASW,CE,Federal Contract Tower,39,7,13,4,63,0,0,3,0,3,39,7,16,4,66,34,8,42,108
04/22/2023,HRL,TX,ASW,CE,Federal Contract Tower,26,8,6,0,40,0,0,19,1,20,26,8,25,1,60,16,0,16,76
04/23/2023,HRL,TX,ASW,CE,Federal Contract Tower,27,6,9,1,43,0,0,0,2,2,27,6,9,3,45,0,2,2,47
04/24/2023,HRL,TX,ASW,CE,Federal Contract Tower,32,5,15,16,68,0,0,6,2,8,32,5,21,18,76,12,62,74,150
04/25/2023,HRL,TX,ASW,CE,Federal Contract Tower,45,5,13,15,78,0,0,2,4,6,45,5,15,19,84,0,74,74,158
04/26/2023,HRL,TX,ASW,CE,Federal Contract Tower,36,6,9,17,68,0,0,26,6,32,36,6,35,23,100,24,42,66,166
04/27/2023,HRL,TX,ASW,CE,Federal Contract Tower,45,4,7,6,62,0,0,15,4,19,45,4,22,10,81,0,28,28,109
04/28/2023,HRL,TX,ASW,CE,Federal Contract Tower,43,4,5,3,55,0,0,14,2,16,43,4,19,5,71,40,6,46,117
04/29/2023,HRL,TX,ASW,CE,Federal Contract Tower,27,5,4,2,38,0,0,2,1,3,27,5,6,3,41,0,2,2,43
04/30/2023,HRL,TX,ASW,CE,Federal Contract Tower,29,5,3,4,41,0,0,11,2,13,29,5,14,6,54,14,6,20,74
05/01/2023,HRL,TX,ASW,CE,Federal Contract Tower,36,4,5,15,60,0,0,37,2,39,36,4,42,17,99,92,36,128,227
05/02/2023,HRL,TX,ASW,CE,Federal Contract Tower,40,2,16,9,67,0,0,44,2,46,40,2,60,11,113,46,60,106,219
05/03/2023,HRL,TX,ASW,CE,Federal Contract Tower,36,6,12,5,59,0,0,23,1,24,36,6,35,6,83,16,8,24,107
05/04/2023,HRL,TX,ASW,CE,Federal Contract Tower,45,5,13,2,65,0,0,25,0,25,45,5,38,2,90,22,4,26,116
05/05/2023,HRL,TX,ASW,CE,Federal Contract Tower,40,0,12,0,52,0,0,16,0,16,40,0,28,0,68,76,0,76,144
05/06/2023,HRL,TX,ASW,CE,Federal Contract Tower,22,7,6,0,35,0,0,8,0,8,22,7,14,0,43,10,0,10,53
05/07/2023,HRL,TX,ASW,CE,Federal Contract Tower,21,4,4,0,29,0,0,2,0,2,21,4,6,0,31,8,0,8,39
05/08/2023,HRL,TX,ASW,CE,Federal Contract Tower,33,5,10,28,76,0,0,25,6,31,33,5,35,34,107,52,80,132,239
05/09/2023,HRL,TX,ASW,CE,Federal Contract Tower,33,5,15,33,86,0,0,29,5,34,33,5,44,38,120,84,130,214,334
05/10/2023,HRL,TX,ASW,CE,Federal Contract Tower,37,1,9,15,62,0,2,19,8,29,37,3,28,23,91,14,26,40,131
05/11/2023,HRL,TX,ASW,CE,Federal Contract Tower,39,7,17,12,75,0,0,26,3,29,39,7,43,15,104,60,50,110,214
05/12/2023,HRL,TX,ASW,CE,Federal Contract Tower,38,1,9,7,55,0,0,3,2,5,38,1,12,9,60,0,42,42,102
05/13/2023,HRL,TX,ASW,CE,Federal Contract Tower,19,5,2,0,26,0,0,3,0,3,19,5,5,0,29,12,0,12,41
05/14/2023,HRL,TX,ASW,CE,Federal Contract Tower,24,1,2,0,27,0,0,0,0,0,24,1,2,0,27,0,0,0,27
05/15/2023,HRL,TX,ASW,CE,Federal Contract Tower,27,4,7,19,57,0,0,21,6,27,27,4,28,25,84,0,116,116,200
05/16/2023,HRL,TX,ASW,CE,Federal Contract Tower,31,4,24,11,70,0,0,15,4,19,31,4,39,15,89,52,110,162,251
05/17/2023,HRL,TX,ASW,CE,Federal Contract Tower,34,4,6,4,48,0,0,8,6,14,34,4,14,10,62,14,4,18,80
05/18/2023,HRL,TX,ASW,CE,Federal Contract Tower,35,4,5,5,49,0,0,8,3,11,35,4,13,8,60,0,12,12,72
05/19/2023,HRL,TX,ASW,CE,Federal Contract Tower,34,2,9,14,59,0,0,29,3,32,34,2,38,17,91,0,90,90,181
05/20/2023,HRL,TX,ASW,CE,Federal Contract Tower,21,12,2,11,46,0,0,6,2,8,21,12,8,13,54,26,12,38,92
05/21/2023,HRL,TX,ASW,CE,Federal Contract Tower,24,6,6,11,47,0,0,9,2,11,24,6,15,13,58,0,8,8,66
05/22/2023,HRL,TX,ASW,CE,Federal Contract Tower,28,7,7,10,52,0,0,18,4,22,28,7,25,14,74,32,34,66,140
05/23/2023,HRL,TX,ASW,CE,Federal Contract Tower,28,5,18,18,69,0,0,31,1,32,28,5,49,19,101,38,30,68,169
05/24/2023,HRL,TX,ASW,CE,Federal Contract Tower,35,7,26,17,85,0,0,29,3,32,35,7,55,20,117,14,52,66,183
05/25/2023,HRL,TX,ASW,CE,Federal Contract Tower,31,1,11,13,56,0,0,24,3,27,31,1,35,16,83,4,42,46,129
05/26/2023,HRL,TX,ASW,CE,Federal Contract Tower,37,0,9,3,49,0,0,18,4,22,37,0,27,7,71,24,2,26,97
05/27/2023,HRL,TX,ASW,CE,Federal Contract Tower,16,5,4,0,25,0,0,5,0,5,16,5,9,0,30,12,0,12,42
05/28/2023,HRL,TX,ASW,CE,Federal Contract Tower,20,3,1,0,24,0,0,3,0,3,20,3,4,0,27,4,0,4,31
05/29/2023,HRL,TX,ASW,CE,Federal Contract Tower,23,3,10,0,36,0,0,14,1,15,23,3,24,1,51,0,0,0,51
05/30/2023,HRL,TX,ASW,CE,Federal Contract Tower,28,7,10,4,49,0,0,23,2,25,28,7,33,6,74,10,2,12,86
05/31/2023,HRL,TX,ASW,CE,Federal Contract Tower,36,7,11,14,68,0,0,26,1,27,36,7,37,15,95,30,24,54,149
06/01/2023,HRL,TX,ASW,CE,Federal Contract Tower,31,6,7,13,57,0,0,30,2,32,31,6,37,15,89,10,10,20,109
06/02/2023,HRL,TX,ASW,CE,Federal Contract Tower,37,10,11,11,69,0,0,28,1,29,37,10,39,12,98,56,8,64,162
06/03/2023,HRL,TX,ASW,CE,Federal Contract Tower,25,2,4,4,35,0,0,17,0,17,25,2,21,4,52,22,0,22,74
06/04/2023,HRL,TX,ASW,CE,Federal Contract Tower,19,6,4,3,32,0,0,20,1,21,19,6,24,4,53,44,0,44,97
06/05/2023,HRL,TX,ASW,CE,Federal Contract Tower,27,5,9,1,42,0,0,24,2,26,27,5,33,3,68,48,2,50,118
06/06/2023,HRL,TX,ASW,CE,Federal Contract Tower,32,5,7,10,54,0,0,27,1,28,32,5,34,11,82,12,10,22,104
06/07/2023,HRL,TX,ASW,CE,Federal Contract Tower,36,6,17,6,65,0,0,34,0,34,36,6,51,6,99,32,10,42,141
06/08/2023,HRL,TX,ASW,CE,Federal Contract Tower,35,9,7,12,63,0,0,29,10,39,35,9,36,22,102,42,60,102,204
06/09/2023,HRL,TX,ASW,CE,Federal Contract Tower,41,5,7,4,57,0,4,18,2,24,41,9,25,6,81,16,4,20,101
06/10/2023,HRL,TX,ASW,CE,Federal Contract Tower,22,6,0,2,30,0,0,13,0,13,22,6,13,2,43,16,0,16,59
06/11/2023,HRL,TX,ASW,CE,Federal Contract Tower,22,4,3,0,29,0,0,3,0,3,22,4,6,0,32,0,0,0,32
06/12/2023,HRL,TX,ASW,CE,Federal Contract Tower,31,6,12,10,59,0,0,25,0,25,31,6,37,10,84,110,14,124,208
06/13/2023,HRL,TX,ASW,CE,Federal Contract Tower,29,9,9,13,60,0,0,20,2,22,29,9,29,15,82,60,28,88,170
06/14/2023,HRL,TX,ASW,CE,Federal Contract Tower,34,5,13,23,75,0,0,34,8,42,34,5,47,31,117,48,64,112,229
06/15/2023,HRL,TX,ASW,CE,Federal Contract Tower,30,6,11,13,60,0,0,25,10,35,30,6,36,23,95,16,52,68,163
06/16/2023,HRL,TX,ASW,CE,Federal Contract Tower,32,5,8,17,62,0,0,11,0,11,32,5,19,17,73,50,44,94,167
06/17/2023,HRL,TX,ASW,CE,Federal Contract Tower,27,6,1,4,38,0,0,9,0,9,27,6,10,4,47,22,4,26,73
06/18/2023,HRL,TX,ASW,CE,Federal Contract Tower,26,10,1,0,37,0,0,5,0,5,26,10,6,0,42,10,0,10,52
06/19/2023,HRL,TX,ASW,CE,Federal Contract Tower,29,7,12,0,48,0,0,16,0,16,29,7,28,0,64,0,0,0,64
06/20/2023,HRL,TX,ASW,CE,Federal Contract Tower,31,10,13,10,64,0,0,30,3,33,31,10,43,13,97,6,22,28,125
06/21/2023,HRL,TX,ASW,CE,Federal Contract Tower,34,10,8,8,60,0,0,24,2,26,34,10,32,10,86,0,10,10,96
06/22/2023,HRL,TX,ASW,CE,Federal Contract Tower,31,5,11,13,60,0,1,16,3,20,31,6,27,16,80,6,20,26,106
06/23/2023,HRL,TX,ASW,CE,Federal Contract Tower,30,6,10,0,46,0,0,28,1,29,30,6,38,1,75,2,0,2,77
06/24/2023,HRL,TX,ASW,CE,Federal Contract Tower,23,8,10,3,44,0,0,9,4,13,23,8,19,7,57,20,2,22,79
06/25/2023,HRL,TX,ASW,CE,Federal Contract Tower,22,7,14,4,47,0,0,5,0,5,22,7,19,4,52,0,0,0,52
06/26/2023,HRL,TX,ASW,CE,Federal Contract Tower,32,7,11,0,50,0,0,25,4,29,32,7,36,4,79,10,0,10,89
06/27/2023,HRL,TX,ASW,CE,Federal Contract Tower,30,7,17,1,55,0,0,25,0,25,30,7,42,1,80,0,2,2,82
06/28/2023,HRL,TX,ASW,CE,Federal Contract Tower,37,7,4,0,48,0,0,48,3,51,37,7,52,3,99,28,0,28,127
06/29/2023,HRL,TX,ASW,CE,Federal Contract Tower,31,5,16,2,54,0,0,38,6,44,31,5,54,8,98,48,32,80,178
06/30/2023,HRL,TX,ASW,CE,Federal Contract Tower,34,3,9,2,48,0,0,40,0,40,34,3,49,2,88,38,50,88,176
07/01/2023,HRL,TX,ASW,CE,Federal Contract Tower,23,4,0,2,29,0,0,20,0,20,23,4,20,2,49,2,4,6,55
07/02/2023,HRL,TX,ASW,CE,Federal Contract Tower,19,3,0,0,22,0,0,26,0,26,19,3,26,0,48,0,0,0,48
07/03/2023,HRL,TX,ASW,CE,Federal Contract Tower,23,3,12,0,38,0,0,45,1,46,23,3,57,1,84,76,0,76,160
07/04/2023,HRL,TX,ASW,CE,Federal Contract Tower,25,5,1,0,31,0,0,20,0,20,25,5,21,0,51,20,0,20,71
07/05/2023,HRL,TX,ASW,CE,Federal Contract Tower,28,4,5,9,46,0,0,19,0,19,28,4,24,9,65,4,12,16,81
07/06/2023,HRL,TX,ASW,CE,Federal Contract Tower,26,6,14,2,48,0,0,7,0,7,26,6,21,2,55,3,4,7,62
07/07/2023,HRL,TX,ASW,CE,Federal Contract Tower,28,7,12,1,48,0,0,22,1,23,28,7,34,2,71,24,0,24,95
07/08/2023,HRL,TX,ASW,CE,Federal Contract Tower,24,6,3,3,36,0,0,29,9,38,24,6,32,12,74,52,4,56,130
07/09/2023,HRL,TX,ASW,CE,Federal Contract Tower,24,5,5,0,34,0,0,6,0,6,24,5,11,0,40,0,0,0,40
07/10/2023,HRL,TX,ASW,CE,Federal Contract Tower,25,4,5,10,44,0,0,26,4,30,25,4,31,14,74,0,14,14,88
07/11/2023,HRL,TX,ASW,CE,Federal Contract Tower,26,5,10,12,53,0,2,20,0,22,26,7,30,12,75,30,12,42,117
07/12/2023,HRL,TX,ASW,CE,Federal Contract Tower,37,7,12,17,73,0,0,19,0,19,37,7,31,17,92,12,18,30,122
07/13/2023,HRL,TX,ASW,CE,Federal Contract Tower,35,4,7,16,62,0,0,14,4,18,35,4,21,20,80,0,54,54,134
07/14/2023,HRL,TX,ASW,CE,Federal Contract Tower,37,2,2,1,42,0,0,13,0,13,37,2,15,1,55,0,0,0,55
07/15/2023,HRL,TX,ASW,CE,Federal Contract Tower,22,8,0,5,35,0,0,15,2,17,22,8,15,7,52,22,4,26,78
07/16/2023,HRL,TX,ASW,CE,Federal Contract Tower,21,4,4,2,31,0,0,3,0,3,21,4,7,2,34,20,4,24,58
07/17/2023,HRL,TX,ASW,CE,Federal Contract Tower,26,6,10,13,55,0,0,16,2,18,26,6,26,15,73,0,16,16,89
07/18/2023,HRL,TX,ASW,CE,Federal Contract Tower,30,8,9,14,61,0,0,18,0,18,30,8,27,14,79,34,26,60,139
07/19/2023,HRL,TX,ASW,CE,Federal Contract Tower,36,7,9,3,55,0,0,12,1,13,36,7,21,4,68,8,4,12,80
07/20/2023,HRL,TX,ASW,CE,Federal Contract Tower,35,6,12,9,62,0,0,12,5,17,35,6,24,14,79,0,68,68,147
07/21/2023,HRL,TX,ASW,CE,Federal Contract Tower,34,6,8,12,60,0,0,13,8,21,34,6,21,20,81,22,52,74,155
07/22/2023,HRL,TX,ASW,CE,Federal Contract Tower,25,4,7,0,36,0,0,9,0,9,25,4,16,0,45,2,0,2,47
07/23/2023,HRL,TX,ASW,CE,Federal Contract Tower,20,6,3,3,32,0,0,4,0,4,20,6,7,3,36,14,6,20,56
07/24/2023,HRL,TX,ASW,CE,Federal Contract Tower,39,5,7,2,53,0,0,30,0,30,39,5,37,2,83,22,4,26,109
07/25/2023,HRL,TX,ASW,CE,Federal Contract Tower,36,4,10,11,61,0,0,23,6,29,36,4,33,17,90,4,30,34,124
07/26/2023,HRL,TX,ASW,CE,Federal Contract Tower,37,5,11,9,62,0,0,38,9,47,37,5,49,18,109,52,54,106,215
07/27/2023,HRL,TX,ASW,CE,Federal Contract Tower,34,4,9,5,52,0,0,28,1,29,34,4,37,6,81,8,2,10,91
07/28/2023,HRL,TX,ASW,CE,Federal Contract Tower,28,3,6,0,37,0,0,7,1,8,28,3,13,1,45,0,22,22,67
07/29/2023,HRL,TX,ASW,CE,Federal Contract Tower,25,4,0,3,32,0,0,9,0,9,25,4,9,3,41,14,2,16,57
07/30/2023,HRL,TX,ASW,CE,Federal Contract Tower,23,4,5,1,33,0,1,11,1,13,23,5,16,2,46,0,0,0,46
07/31/2023,HRL,TX,ASW,CE,Federal Contract Tower,31,2,9,14,56,0,0,23,1,24,31,2,32,15,80,18,14,32,112
08/01/2023,HRL,TX,ASW,CE,Federal Contract Tower,28,10,7,9,54,0,0,23,2,25,28,10,30,11,79,0,64,64,143
08/02/2023,HRL,TX,ASW,CE,Federal Contract Tower,39,6,10,3,58,0,0,9,1,10,39,6,19,4,68,0,0,0,68
08/03/2023,HRL,TX,ASW,CE,Federal Contract Tower,33,6,18,8,65,0,0,12,5,17,33,6,30,13,82,0,10,10,92
08/04/2023,HRL,TX,ASW,CE,Federal Contract Tower,35,2,6,0,43,0,0,17,0,17,35,2,23,0,60,18,0,18,78
08/05/2023,HRL,TX,ASW,CE,Federal Contract Tower,29,3,2,2,36,0,0,7,0,7,29,3,9,2,43,30,2,32,75
08/06/2023,HRL,TX,ASW,CE,Federal Contract Tower,24,3,7,0,34,0,0,2,0,2,24,3,9,0,36,0,0,0,36
08/07/2023,HRL,TX,ASW,CE,Federal Contract Tower,31,5,6,13,55,0,0,20,9,29,31,5,26,22,84,8,44,52,136
08/08/2023,HRL,TX,ASW,CE,Federal Contract Tower,30,11,11,11,63,0,0,24,12,36,30,11,35,23,99,10,56,66,165
08/09/2023,HRL,TX,ASW,CE,Federal Contract Tower,34,4,11,3,52,0,0,21,1,22,34,4,32,4,74,0,14,14,88
08/10/2023,HRL,TX,ASW,CE,Federal Contract Tower,35,4,13,9,61,0,0,22,1,23,35,4,35,10,84,12,64,76,160
08/11/2023,HRL,TX,ASW,CE,Federal Contract Tower,36,7,12,6,61,0,0,18,19,37,36,7,30,25,98,0,4,4,102
08/12/2023,HRL,TX,ASW,CE,Federal Contract Tower,25,3,5,5,38,0,0,6,0,6,25,3,11,5,44,12,10,22,66
08/13/2023,HRL,TX,ASW,CE,Federal Contract Tower,20,3,10,4,37,0,0,3,0,3,20,3,13,4,40,28,0,28,68
08/14/2023,HRL,TX,ASW,CE,Federal Contract Tower,34,6,17,4,61,0,0,9,1,10,34,6,26,5,71,2,4,6,77
08/15/2023,HRL,TX,ASW,CE,Federal Contract Tower,30,5,11,0,46,0,0,21,2,23,30,5,32,2,69,18,0,18,87
08/16/2023,HRL,TX,ASW,CE,Federal Contract Tower,40,8,7,6,61,0,0,30,1,31,40,8,37,7,92,30,36,66,158
08/17/2023,HRL,TX,ASW,CE,Federal Contract Tower,36,6,14,11,67,0,0,9,6,15,36,6,23,17,82,38,30,68,150
08/18/2023,HRL,TX,ASW,CE,Federal Contract Tower,35,3,5,11,54,0,0,23,3,26,35,3,28,14,80,32,12,44,124
08/19/2023,HRL,TX,ASW,CE,Federal Contract Tower,23,7,2,0,32,0,0,12,0,12,23,7,14,0,44,10,0,10,54
08/20/2023,HRL,TX,ASW,CE,Federal Contract Tower,25,6,4,6,41,0,0,2,7,9,25,6,6,13,50,18,10,28,78
08/21/2023,HRL,TX,ASW,CE,Federal Contract Tower,33,3,9,2,47,0,0,12,0,12,33,3,21,2,59,12,0,12,71
08/22/2023,HRL,TX,ASW,CE,Federal Contract Tower,37,4,1,0,42,0,0,17,0,17,37,4,18,0,59,14,0,14,73
08/23/2023,HRL,TX,ASW,CE,Federal Contract Tower,38,3,6,2,49,0,0,29,2,31,38,3,35,4,80,10,2,12,92
08/24/2023,HRL,TX,ASW,CE,Federal Contract Tower,38,1,16,7,62,0,0,34,4,38,38,1,50,11,100,36,4,40,140
08/25/2023,HRL,TX,ASW,CE,Federal Contract Tower,38,3,9,6,56,0,0,18,1,19,38,3,27,7,75,28,6,34,109
08/26/2023,HRL,TX,ASW,CE,Federal Contract Tower,25,4,9,3,41,0,0,18,2,20,25,4,27,5,61,70,2,72,133
08/27/2023,HRL,TX,ASW,CE,Federal Contract Tower,25,3,2,6,36,0,0,8,2,10,25,3,10,8,46,10,4,14,60
08/28/2023,HRL,TX,ASW,CE,Federal Contract Tower,33,3,14,9,59,0,0,22,10,32,33,3,36,19,91,52,44,96,187
08/29/2023,HRL,TX,ASW,CE,Federal Contract Tower,30,9,17,3,59,0,0,18,6,24,30,9,35,9,83,36,18,54,137
08/30/2023,HRL,TX,ASW,CE,Federal Contract Tower,37,3,4,15,59,0,0,37,7,44,37,3,41,22,103,46,10,56,159
08/31/2023,HRL,TX,ASW,CE,Federal Contract Tower,35,0,11,5,51,0,0,29,1,30,35,0,40,6,81,30,6,36,117
01/01/2020,HRL,TX,ASW,CE,Federal Contract Tower,13,16,5,0,34,0,0,0,0,0,13,16,5,0,34,0,0,0,34
01/02/2020,HRL,TX,ASW,CE,Federal Contract Tower,24,13,9,10,56,0,0,9,3,12,24,13,18,13,68,8,18,26,94
01/03/2020,HRL,TX,ASW,CE,Federal Contract Tower,24,14,7,1,46,0,0,12,2,14,24,14,19,3,60,6,30,36,96
01/04/2020,HRL,TX,ASW,CE,Federal Contract Tower,23,6,4,2,35,0,0,20,0,20,23,6,24,2,55,38,2,40,95
01/05/2020,HRL,TX,ASW,CE,Federal Contract Tower,17,16,10,2,45,0,0,8,1,9,17,16,18,3,54,16,18,34,88
01/07/2020,HRL,TX,ASW,CE,Federal Contract Tower,26,7,10,12,55,0,0,14,3,17,26,7,24,15,72,4,12,16,88
01/08/2020,HRL,TX,ASW,CE,Federal Contract Tower,22,18,7,6,53,0,0,16,0,16,22,18,23,6,69,26,8,34,103
01/09/2020,HRL,TX,ASW,CE,Federal Contract Tower,27,14,16,5,62,0,5,19,7,31,27,19,35,12,93,8,18,26,119
01/10/2020,HRL,TX,ASW,CE,Federal Contract Tower,23,13,11,3,50,0,0,5,4,9,23,13,16,7,59,0,150,150,209
01/11/2020,HRL,TX,ASW,CE,Federal Contract Tower,17,9,8,5,39,0,0,13,3,16,17,9,21,8,55,0,46,46,101
01/12/2020,HRL,TX,ASW,CE,Federal Contract Tower,19,10,3,7,39,0,0,21,1,22,19,10,24,8,61,16,96,112,173
01/13/2020,HRL,TX,ASW,CE,Federal Contract Tower,27,9,13,3,52,0,0,3,0,3,27,9,16,3,55,6,32,38,93
01/15/2020,HRL,TX,ASW,CE,Federal Contract Tower,22,13,8,11,54,0,0,8,4,12,22,13,16,15,66,0,104,104,170
01/16/2020,HRL,TX,ASW,CE,Federal Contract Tower,27,12,13,21,73,0,0,10,10,20,27,12,23,31,93,48,208,256,349
01/17/2020,HRL,TX,ASW,CE,Federal Contract Tower,23,16,6,19,64,0,0,21,3,24,23,16,27,22,88,22,90,112,200
01/18/2020,HRL,TX,ASW,CE,Federal Contract Tower,17,9,10,6,42,0,0,9,2,11,17,9,19,8,53,24,56,80,133
01/19/2020,HRL,TX,ASW,CE,Federal Contract Tower,19,9,7,0,35,0,0,8,0,8,19,9,15,0,43,0,0,0,43
01/21/2020,HRL,TX,ASW,CE,Federal Contract Tower,33,1,13,9,56,0,0,17,2,19,33,1,30,11,75,30,26,56,131
01/22/2020,HRL,TX,ASW,CE,Federal Contract Tower,27,13,9,16,65,0,0,9,7,16,27,13,18,23,81,46,92,138,219
01/23/2020,HRL,TX,ASW,CE,Federal Contract Tower,25,13,19,11,68,0,0,20,3,23,25,13,39,14,91,58,20,78,169
01/24/2020,HRL,TX,ASW,CE,Federal Contract Tower,22,12,14,4,52,0,0,18,4,22,22,12,32,8,74,50,48,98,172
01/25/2020,HRL,TX,ASW,CE,Federal Contract Tower,18,8,4,9,39,0,0,16,0,16,18,8,20,9,55,28,14,42,97
01/26/2020,HRL,TX,ASW,CE,Federal Contract Tower,16,11,6,3,36,0,0,12,0,12,16,11,18,3,48,62,18,80,128
01/28/2020,HRL,TX,ASW,CE,Federal Contract Tower,26,8,9,11,54,0,0,11,3,14,26,8,20,14,68,64,56,120,188
01/29/2020,HRL,TX,ASW,CE,Federal Contract Tower,24,12,16,13,65,0,0,32,1,33,24,12,48,14,98,116,10,126,224
01/30/2020,HRL,TX,ASW,CE,Federal Contract Tower,29,11,8,26,74,0,0,27,3,30,29,11,35,29,104,122,104,226,330
01/31/2020,HRL,TX,ASW,CE,Federal Contract Tower,24,13,15,8,60,0,0,10,0,10,24,13,25,8,70,80,10,90,160
02/01/2020,HRL,TX,ASW,CE,Federal Contract Tower,15,8,3,1,27,0,0,25,3,28,15,8,28,4,55,166,22,188,243
02/02/2020,HRL,TX,ASW,CE,Federal Contract Tower,18,17,7,2,44,0,0,19,0,19,18,17,26,2,63,102,4,106,169
02/03/2020,HRL,TX,ASW,CE,Federal Contract Tower,21,13,7,7,48,0,0,9,1,10,21,13,16,8,58,30,72,102,160
02/04/2020,HRL,TX,ASW,CE,Federal Contract Tower,25,11,9,20,65,0,0,22,1,23,25,11,31,21,88,66,208,274,362
02/05/2020,HRL,TX,ASW,CE,Federal Contract Tower,22,14,10,45,91,0,0,5,6,11,22,14,15,51,102,62,152,214,316
02/06/2020,HRL,TX,ASW,CE,Federal Contract Tower,26,15,17,13,71,0,0,32,0,32,26,15,49,13,103,71,34,105,208
02/07/2020,HRL,TX,ASW,CE,Federal Contract Tower,24,18,20,9,71,0,0,26,2,28,24,18,46,11,99,6,68,74,173
02/08/2020,HRL,TX,ASW,CE,Federal Contract Tower,13,9,5,2,29,0,0,14,0,14,13,9,19,2,43,2,10,12,55
02/09/2020,HRL,TX,ASW,CE,Federal Contract Tower,17,11,11,0,39,0,0,4,0,4,17,11,15,0,43,28,0,28,71
02/10/2020,HRL,TX,ASW,CE,Federal Contract Tower,32,8,12,18,70,5,0,6,0,11,37,8,18,18,81,16,104,120,201
02/11/2020,HRL,TX,ASW,CE,Federal Contract Tower,30,5,11,9,55,0,0,2,0,2,30,5,13,9,57,28,18,46,103
02/12/2020,HRL,TX,ASW,CE,Federal Contract Tower,24,14,17,13,68,0,0,13,1,14,24,14,30,14,82,68,66,134,216
02/13/2020,HRL,TX,ASW,CE,Federal Contract Tower,26,14,11,3,54,0,1,21,5,27,26,15,32,8,81,0,60,60,141
02/14/2020,HRL,TX,ASW,CE,Federal Contract Tower,21,18,6,2,47,0,1,21,3,25,21,19,27,5,72,30,20,50,122
02/15/2020,HRL,TX,ASW,CE,Federal Contract Tower,19,8,6,4,37,0,0,8,0,8,19,8,14,4,45,0,8,8,53
02/16/2020,HRL,TX,ASW,CE,Federal Contract Tower,19,12,8,0,39,0,0,6,0,6,19,12,14,0,45,38,0,38,83
02/17/2020,HRL,TX,ASW,CE,Federal Contract Tower,23,12,9,2,46,0,0,18,0,18,23,12,27,2,64,56,2,58,122
02/18/2020,HRL,TX,ASW,CE,Federal Contract Tower,23,13,10,16,62,0,0,25,4,29,23,13,35,20,91,65,220,285,376
02/19/2020,HRL,TX,ASW,CE,Federal Contract Tower,25,14,9,9,57,0,0,1,1,2,25,14,10,10,59,16,34,50,109
02/20/2020,HRL,TX,ASW,CE,Federal Contract Tower,23,16,20,15,74,0,0,1,0,1,23,16,21,15,75,0,24,24,99
02/21/2020,HRL,TX,ASW,CE,Federal Contract Tower,20,21,11,3,55,0,0,17,1,18,20,21,28,4,73,92,58,150,223
02/22/2020,HRL,TX,ASW,CE,Federal Contract Tower,14,15,5,6,40,0,0,31,0,31,14,15,36,6,71,62,10,72,143
02/23/2020,HRL,TX,ASW,CE,Federal Contract Tower,15,13,15,5,48,0,0,17,3,20,15,13,32,8,68,132,58,190,258
02/24/2020,HRL,TX,ASW,CE,Federal Contract Tower,19,15,7,12,53,0,0,19,1,20,19,15,26,13,73,42,56,98,171
02/25/2020,HRL,TX,ASW,CE,Federal Contract Tower,22,13,7,6,48,4,0,10,1,15,26,13,17,7,63,62,36,98,161
02/26/2020,HRL,TX,ASW,CE,Federal Contract Tower,25,12,5,9,51,0,0,24,6,30,25,12,29,15,81,54,88,142,223
02/27/2020,HRL,TX,ASW,CE,Federal Contract Tower,26,17,11,5,59,0,0,40,2,42,26,17,51,7,101,48,56,104,205
02/28/2020,HRL,TX,ASW,CE,Federal Contract Tower,23,15,13,2,53,0,0,23,2,25,23,15,36,4,78,18,46,64,142
02/29/2020,HRL,TX,ASW,CE,Federal Contract Tower,18,17,4,0,39,0,0,12,1,13,18,17,16,1,52,0,18,18,70
03/01/2020,HRL,TX,ASW,CE,Federal Contract Tower,14,14,5,0,33,0,0,7,0,7,14,14,12,0,40,0,0,0,40
03/02/2020,HRL,TX,ASW,CE,Federal Contract Tower,18,15,10,16,59,0,0,7,1,8,18,15,17,17,67,0,54,54,121
03/03/2020,HRL,TX,ASW,CE,Federal Contract Tower,23,12,12,23,70,0,0,11,0,11,23,12,23,23,81,18,111,129,210
03/04/2020,HRL,TX,ASW,CE,Federal Contract Tower,22,15,11,27,75,0,2,9,3,14,22,17,20,30,89,74,86,160,249
03/05/2020,HRL,TX,ASW,CE,Federal Contract Tower,28,15,11,14,68,0,0,33,2,35,28,15,44,16,103,118,22,140,243
03/06/2020,HRL,TX,ASW,CE,Federal Contract Tower,22,9,10,17,58,0,1,35,3,39,22,10,45,20,97,162,62,224,321
03/07/2020,HRL,TX,ASW,CE,Federal Contract Tower,17,12,5,3,37,0,0,28,2,30,17,12,33,5,67,88,2,90,157
03/08/2020,HRL,TX,ASW,CE,Federal Contract Tower,13,11,5,3,32,0,0,7,0,7,13,11,12,3,39,38,2,40,79
03/09/2020,HRL,TX,ASW,CE,Federal Contract Tower,21,15,4,8,48,0,0,16,3,19,21,15,20,11,67,34,58,92,159
03/10/2020,HRL,TX,ASW,CE,Federal Contract Tower,25,10,9,9,53,0,0,4,1,5,25,10,13,10,58,0,14,14,72
03/11/2020,HRL,TX,ASW,CE,Federal Contract Tower,20,14,2,8,44,0,0,14,4,18,20,14,16,12,62,26,64,90,152
03/12/2020,HRL,TX,ASW,CE,Federal Contract Tower,26,12,8,8,54,0,0,14,4,18,26,12,22,12,72,2,18,20,92
03/13/2020,HRL,TX,ASW,CE,Federal Contract Tower,26,11,4,8,49,0,0,14,1,15,26,11,18,9,64,12,34,46,110
03/14/2020,HRL,TX,ASW,CE,Federal Contract Tower,16,12,5,5,38,0,0,18,3,21,16,12,23,8,59,2,84,86,145
03/15/2020,HRL,TX,ASW,CE,Federal Contract Tower,14,13,4,2,33,0,0,3,0,3,14,13,7,2,36,12,2,14,50
03/16/2020,HRL,TX,ASW,CE,Federal Contract Tower,22,14,14,28,78,0,0,8,1,9,22,14,22,29,87,2,72,74,161
03/17/2020,HRL,TX,ASW,CE,Federal Contract Tower,19,11,10,12,52,0,0,10,6,16,19,11,20,18,68,0,88,88,156
03/18/2020,HRL,TX,ASW,CE,Federal Contract Tower,21,12,5,11,49,0,0,11,6,17,21,12,16,17,66,34,126,160,226
03/19/2020,HRL,TX,ASW,CE,Federal Contract Tower,24,10,9,10,53,0,0,6,2,8,24,10,15,12,61,0,22,22,83
03/20/2020,HRL,TX,ASW,CE,Federal Contract Tower,18,10,3,17,48,0,0,11,2,13,18,10,14,19,61,0,68,68,129
03/21/2020,HRL,TX,ASW,CE,Federal Contract Tower,13,15,0,0,28,0,0,1,0,1,13,15,1,0,29,10,0,10,39
03/22/2020,HRL,TX,ASW,CE,Federal Contract Tower,13,11,5,13,42,0,0,1,0,1,13,11,6,13,43,0,84,84,127
03/23/2020,HRL,TX,ASW,CE,Federal Contract Tower,19,9,7,32,67,0,0,5,9,14,19,9,12,41,81,0,60,60,141
03/24/2020,HRL,TX,ASW,CE,Federal Contract Tower,25,8,5,13,51,0,0,21,8,29,25,8,26,21,80,16,128,144,224
03/25/2020,HRL,TX,ASW,CE,Federal Contract Tower,21,9,8,19,57,0,0,15,4,19,21,9,23,23,76,0,68,68,144
03/26/2020,HRL,TX,ASW,CE,Federal Contract Tower,24,4,1,23,52,0,0,6,4,10,24,4,7,27,62,0,78,78,140
03/27/2020,HRL,TX,ASW,CE,Federal Contract Tower,17,3,2,23,45,0,0,7,4,11,17,3,9,27,56,0,56,56,112
03/28/2020,HRL,TX,ASW,CE,Federal Contract Tower,9,9,1,13,32,0,0,6,0,6,9,9,7,13,38,0,152,152,190
03/29/2020,HRL,TX,ASW,CE,Federal Contract Tower,11,6,4,4,25,0,0,0,0,0,11,6,4,4,25,0,16,16,41
03/30/2020,HRL,TX,ASW,CE,Federal Contract Tower,13,7,2,15,37,0,0,1,4,5,13,7,3,19,42,0,168,168,210
03/31/2020,HRL,TX,ASW,CE,Federal Contract Tower,18,6,1,25,50,0,0,19,6,25,18,6,20,31,75,0,108,108,183
04/01/2020,HRL,TX,ASW,CE,Federal Contract Tower,17,7,3,17,44,0,0,13,5,18,17,7,16,22,62,0,74,74,136
04/02/2020,HRL,TX,ASW,CE,Federal Contract Tower,17,2,3,43,65,0,0,12,2,14,17,2,15,45,79,0,121,121,200
04/03/2020,HRL,TX,ASW,CE,Federal Contract Tower,16,5,4,10,35,0,0,8,3,11,16,5,12,13,46,0,32,32,78
04/04/2020,HRL,TX,ASW,CE,Federal Contract Tower,4,12,2,0,18,0,0,2,0,2,4,12,4,0,20,0,0,0,20
04/05/2020,HRL,TX,ASW,CE,Federal Contract Tower,6,6,0,1,13,0,0,0,0,0,6,6,0,1,13,0,4,4,17
04/06/2020,HRL,TX,ASW,CE,Federal Contract Tower,13,5,7,17,42,0,0,1,1,2,13,5,8,18,44,0,44,44,88
04/07/2020,HRL,TX,ASW,CE,Federal Contract Tower,17,3,5,19,44,0,0,7,11,18,17,3,12,30,62,0,76,76,138
04/08/2020,HRL,TX,ASW,CE,Federal Contract Tower,14,3,7,15,39,0,0,12,5,17,14,3,19,20,56,16,30,46,102
04/09/2020,HRL,TX,ASW,CE,Federal Contract Tower,20,4,2,16,42,0,0,18,6,24,20,4,20,22,66,4,144,148,214
04/10/2020,HRL,TX,ASW,CE,Federal Contract Tower,15,3,1,26,45,0,0,7,9,16,15,3,8,35,61,0,234,234,295
04/11/2020,HRL,TX,ASW,CE,Federal Contract Tower,8,2,3,1,14,0,0,3,1,4,8,2,6,2,18,0,0,0,18
04/12/2020,HRL,TX,ASW,CE,Federal Contract Tower,6,2,0,4,12,0,0,4,0,4,6,2,4,4,16,0,4,4,20
04/13/2020,HRL,TX,ASW,CE,Federal Contract Tower,11,3,3,25,42,0,0,22,6,28,11,3,25,31,70,0,160,160,230
04/14/2020,HRL,TX,ASW,CE,Federal Contract Tower,15,0,1,1,17,0,0,11,5,16,15,0,12,6,33,0,54,54,87
04/15/2020,HRL,TX,ASW,CE,Federal Contract Tower,17,2,4,9,32,0,0,15,8,23,17,2,19,17,55,0,44,44,99
04/16/2020,HRL,TX,ASW,CE,Federal Contract Tower,18,0,4,18,40,0,0,19,6,25,18,0,23,24,65,0,76,76,141
04/17/2020,HRL,TX,ASW,CE,Federal Contract Tower,19,2,2,14,37,0,0,7,1,8,19,2,9,15,45,14,118,132,177
04/18/2020,HRL,TX,ASW,CE,Federal Contract Tower,6,3,0,8,17,0,0,1,4,5,6,3,1,12,22,10,100,110,132
04/19/2020,HRL,TX,ASW,CE,Federal Contract Tower,6,4,3,9,22,0,0,4,0,4,6,4,7,9,26,0,64,64,90
04/20/2020,HRL,TX,ASW,CE,Federal Contract Tower,11,0,1,14,26,0,0,14,1,15,11,0,15,15,41,0,56,56,97
04/21/2020,HRL,TX,ASW,CE,Federal Contract Tower,11,1,2,30,44,0,0,11,7,18,11,1,13,37,62,0,140,140,202
04/22/2020,HRL,TX,ASW,CE,Federal Contract Tower,15,2,7,42,66,0,0,10,19,29,15,2,17,61,95,0,264,264,359
04/23/2020,HRL,TX,ASW,CE,Federal Contract Tower,20,0,3,17,40,0,0,9,4,13,20,0,12,21,53,14,146,160,213
04/24/2020,HRL,TX,ASW,CE,Federal Contract Tower,15,2,2,26,45,0,0,12,0,12,15,2,14,26,57,0,84,84,141
04/25/2020,HRL,TX,ASW,CE,Federal Contract Tower,9,4,3,8,24,0,0,10,0,10,9,4,13,8,34,4,16,20,54
04/26/2020,HRL,TX,ASW,CE,Federal Contract Tower,8,6,2,6,22,0,0,12,3,15,8,6,14,9,37,42,26,68,105
04/27/2020,HRL,TX,ASW,CE,Federal Contract Tower,10,3,4,12,29,0,0,10,3,13,10,3,14,15,42,30,44,74,116
04/28/2020,HRL,TX,ASW,CE,Federal Contract Tower,18,0,6,28,52,0,0,12,1,13,18,0,18,29,65,42,98,140,205
04/29/2020,HRL,TX,ASW,CE,Federal Contract Tower,14,2,4,20,40,0,0,17,11,28,14,2,21,31,68,32,64,96,164
04/30/2020,HRL,TX,ASW,CE,Federal Contract Tower,16,0,1,13,30,0,0,39,2,41,16,0,40,15,71,12,22,34,105
05/01/2020,HRL,TX,ASW,CE,Federal Contract Tower,14,1,5,9,29,0,0,26,5,31,14,1,31,14,60,6,40,46,106
05/02/2020,HRL,TX,ASW,CE,Federal Contract Tower,9,3,1,5,18,0,0,5,0,5,9,3,6,5,23,2,46,48,71
05/03/2020,HRL,TX,ASW,CE,Federal Contract Tower,12,4,3,3,22,0,0,15,0,15,12,4,18,3,37,20,4,24,61
05/04/2020,HRL,TX,ASW,CE,Federal Contract Tower,9,4,7,11,31,0,0,12,4,16,9,4,19,15,47,24,166,190,237
05/05/2020,HRL,TX,ASW,CE,Federal Contract Tower,14,4,7,31,56,0,0,6,7,13,14,4,13,38,69,0,176,176,245
05/06/2020,HRL,TX,ASW,CE,Federal Contract Tower,12,4,7,10,33,0,0,18,4,22,12,4,25,14,55,20,56,76,131
05/07/2020,HRL,TX,ASW,CE,Federal Contract Tower,12,5,5,20,42,0,0,9,1,10,12,5,14,21,52,0,116,116,168
05/08/2020,HRL,TX,ASW,CE,Federal Contract Tower,10,4,9,21,44,0,0,22,6,28,10,4,31,27,72,2,88,90,162
05/09/2020,HRL,TX,ASW,CE,Federal Contract Tower,10,4,3,1,18,0,0,2,0,2,10,4,5,1,20,0,2,2,22
05/10/2020,HRL,TX,ASW,CE,Federal Contract Tower,4,6,1,6,17,0,0,11,0,11,4,6,12,6,28,0,10,10,38
05/11/2020,HRL,TX,ASW,CE,Federal Contract Tower,7,6,3,18,34,0,0,25,1,26,7,6,28,19,60,18,52,70,130
05/12/2020,HRL,TX,ASW,CE,Federal Contract Tower,11,4,8,43,66,0,0,17,13,30,11,4,25,56,96,0,212,212,308
05/13/2020,HRL,TX,ASW,CE,Federal Contract Tower,10,4,11,25,50,0,7,21,7,35,10,11,32,32,85,4,94,98,183
05/14/2020,HRL,TX,ASW,CE,Federal Contract Tower,14,5,4,30,53,0,0,19,2,21,14,5,23,32,74,34,110,144,218
05/15/2020,HRL,TX,ASW,CE,Federal Contract Tower,10,4,8,23,45,0,0,12,1,13,10,4,20,24,58,62,28,90,148
05/16/2020,HRL,TX,ASW,CE,Federal Contract Tower,9,4,3,8,24,0,0,3,0,3,9,4,6,8,27,16,16,32,59
05/17/2020,HRL,TX,ASW,CE,Federal Contract Tower,5,7,0,12,24,0,0,8,1,9,5,7,8,13,33,18,12,30,63
05/18/2020,HRL,TX,ASW,CE,Federal Contract Tower,8,6,8,33,55,0,0,18,3,21,8,6,26,36,76,34,158,192,268
05/19/2020,HRL,TX,ASW,CE,Federal Contract Tower,12,4,14,28,58,0,0,26,5,31,12,4,40,33,89,26,232,258,347
05/20/2020,HRL,TX,ASW,CE,Federal Contract Tower,10,10,9,39,68,0,0,21,8,29,10,10,30,47,97,8,114,122,219
05/21/2020,HRL,TX,ASW,CE,Federal Contract Tower,14,6,7,10,37,0,0,14,3,17,14,6,21,13,54,14,10,24,78
05/22/2020,HRL,TX,ASW,CE,Federal Contract Tower,9,5,8,5,27,0,0,19,3,22,9,5,27,8,49,24,50,74,123
05/23/2020,HRL,TX,ASW,CE,Federal Contract Tower,6,4,0,11,21,0,0,18,3,21,6,4,18,14,42,0,50,50,92
05/24/2020,HRL,TX,ASW,CE,Federal Contract Tower,5,8,0,15,28,0,0,5,0,5,5,8,5,15,33,0,24,24,57
05/25/2020,HRL,TX,ASW,CE,Federal Contract Tower,5,9,2,4,20,0,0,16,0,16,5,9,18,4,36,26,8,34,70
05/26/2020,HRL,TX,ASW,CE,Federal Contract Tower,9,3,10,10,32,0,0,19,4,23,9,3,29,14,55,12,18,30,85
05/27/2020,HRL,TX,ASW,CE,Federal Contract Tower,10,7,4,28,49,0,0,36,16,52,10,7,40,44,101,50,140,190,291
05/28/2020,HRL,TX,ASW,CE,Federal Contract Tower,14,6,4,37,61,0,4,24,8,36,14,10,28,45,97,40,106,146,243
05/29/2020,HRL,TX,ASW,CE,Federal Contract Tower,10,6,7,1,24,0,0,21,0,21,10,6,28,1,45,26,0,26,71
05/30/2020,HRL,TX,ASW,CE,Federal Contract Tower,8,4,1,0,13,0,0,10,0,10,8,4,11,0,23,12,0,12,35
05/31/2020,HRL,TX,ASW,CE,Federal Contract Tower,5,7,3,0,15,0,0,1,0,1,5,7,4,0,16,0,0,0,16
06/01/2020,HRL,TX,ASW,CE,Federal Contract Tower,8,9,12,2,31,0,0,11,0,11,8,9,23,2,42,0,0,0,42
06/02/2020,HRL,TX,ASW,CE,Federal Contract Tower,14,4,8,35,61,0,0,10,12,22,14,4,18,47,83,8,166,174,257
06/03/2020,HRL,TX,ASW,CE,Federal Contract Tower,11,5,7,40,63,0,0,29,19,48,11,5,36,59,111,48,136,184,295
06/04/2020,HRL,TX,ASW,CE,Federal Contract Tower,15,6,21,41,83,0,0,29,10,39,15,6,50,51,122,6,146,152,274
06/05/2020,HRL,TX,ASW,CE,Federal Contract Tower,10,5,5,9,29,0,0,25,3,28,10,5,30,12,57,40,26,66,123
06/06/2020,HRL,TX,ASW,CE,Federal Contract Tower,10,6,0,5,21,0,0,20,4,24,10,6,20,9,45,2,38,40,85
06/07/2020,HRL,TX,ASW,CE,Federal Contract Tower,6,5,4,2,17,0,0,11,0,11,6,5,15,2,28,4,18,22,50
06/08/2020,HRL,TX,ASW,CE,Federal Contract Tower,11,6,8,38,63,0,0,25,3,28,11,6,33,41,91,14,60,74,165
06/09/2020,HRL,TX,ASW,CE,Federal Contract Tower,14,4,9,34,61,0,0,33,9,42,14,4,42,43,103,28,132,160,263
06/10/2020,HRL,TX,ASW,CE,Federal Contract Tower,11,8,12,14,45,0,0,26,4,30,11,8,38,18,75,62,90,152,227
06/11/2020,HRL,TX,ASW,CE,Federal Contract Tower,13,7,9,28,57,0,0,44,10,54,13,7,53,38,111,32,94,126,237
06/12/2020,HRL,TX,ASW,CE,Federal Contract Tower,9,10,8,19,46,2,0,30,6,38,11,10,38,25,84,32,58,90,174
06/13/2020,HRL,TX,ASW,CE,Federal Contract Tower,10,4,5,9,28,0,0,16,0,16,10,4,21,9,44,6,18,24,68
06/14/2020,HRL,TX,ASW,CE,Federal Contract Tower,5,4,1,24,34,0,2,21,0,23,5,6,22,24,57,0,46,46,103
06/15/2020,HRL,TX,ASW,CE,Federal Contract Tower,10,7,9,12,38,0,0,17,2,19,10,7,26,14,57,6,64,70,127
06/16/2020,HRL,TX,ASW,CE,Federal Contract Tower,12,4,13,9,38,0,0,23,1,24,12,4,36,10,62,0,13,13,75
06/17/2020,HRL,TX,ASW,CE,Federal Contract Tower,11,10,8,3,32,0,0,12,3,15,11,10,20,6,47,32,6,38,85
06/18/2020,HRL,TX,ASW,CE,Federal Contract Tower,13,5,12,8,38,0,0,11,5,16,13,5,23,13,54,0,74,74,128
06/19/2020,HRL,TX,ASW,CE,Federal Contract Tower,9,5,10,5,29,0,0,23,0,23,9,5,33,5,52,0,10,10,62
06/20/2020,HRL,TX,ASW,CE,Federal Contract Tower,10,4,1,15,30,0,0,17,4,21,10,4,18,19,51,0,50,50,101
06/21/2020,HRL,TX,ASW,CE,Federal Contract Tower,5,4,6,3,18,0,0,3,0,3,5,4,9,3,21,0,6,6,27
06/22/2020,HRL,TX,ASW,CE,Federal Contract Tower,10,6,10,17,43,0,1,12,4,17,10,7,22,21,60,14,128,142,202
06/23/2020,HRL,TX,ASW,CE,Federal Contract Tower,11,6,8,12,37,0,0,14,3,17,11,6,22,15,54,26,78,104,158
06/24/2020,HRL,TX,ASW,CE,Federal Contract Tower,11,6,9,4,30,0,0,24,7,31,11,6,33,11,61,0,40,40,101
06/25/2020,HRL,TX,ASW,CE,Federal Contract Tower,13,6,10,8,37,0,0,19,0,19,13,6,29,8,56,28,10,38,94
06/26/2020,HRL,TX,ASW,CE,Federal Contract Tower,10,5,10,2,27,0,0,6,1,7,10,5,16,3,34,0,70,70,104
06/27/2020,HRL,TX,ASW,CE,Federal Contract Tower,10,4,3,15,32,0,0,7,0,7,10,4,10,15,39,40,24,64,103
06/28/2020,HRL,TX,ASW,CE,Federal Contract Tower,5,4,2,22,33,0,0,11,0,11,5,4,13,22,44,20,30,50,94
06/29/2020,HRL,TX,ASW,CE,Federal Contract Tower,8,5,7,34,54,0,0,20,5,25,8,5,27,39,79,0,216,216,295
06/30/2020,HRL,TX,ASW,CE,Federal Contract Tower,12,4,7,45,68,0,0,19,6,25,12,4,26,51,93,24,126,150,243
07/01/2020,HRL,TX,ASW,CE,Federal Contract Tower,12,6,10,40,68,0,0,20,12,32,12,6,30,52,100,0,180,180,280
07/02/2020,HRL,TX,ASW,CE,Federal Contract Tower,12,6,9,8,35,0,6,19,1,26,12,12,28,9,61,52,38,90,151
07/03/2020,HRL,TX,ASW,CE,Federal Contract Tower,9,5,3,2,19,0,0,18,0,18,9,5,21,2,37,20,2,22,59
07/04/2020,HRL,TX,ASW,CE,Federal Contract Tower,8,5,0,0,13,0,0,9,0,9,8,5,9,0,22,34,0,34,56
07/05/2020,HRL,TX,ASW,CE,Federal Contract Tower,4,5,4,0,13,0,0,15,0,15,4,5,19,0,28,2,10,12,40
07/06/2020,HRL,TX,ASW,CE,Federal Contract Tower,10,9,8,4,31,0,0,14,0,14,10,9,22,4,45,10,8,18,63
07/07/2020,HRL,TX,ASW,CE,Federal Contract Tower,13,7,9,12,41,0,0,21,7,28,13,7,30,19,69,0,66,66,135
07/08/2020,HRL,TX,ASW,CE,Federal Contract Tower,7,10,6,12,35,0,0,8,5,13,7,10,14,17,48,0,130,130,178
07/09/2020,HRL,TX,ASW,CE,Federal Contract Tower,15,7,3,31,56,0,0,14,0,14,15,7,17,31,70,0,58,58,128
07/10/2020,HRL,TX,ASW,CE,Federal Contract Tower,13,8,7,27,55,0,0,34,7,41,13,8,41,34,96,84,56,140,236
07/11/2020,HRL,TX,ASW,CE,Federal Contract Tower,10,8,2,4,24,0,0,28,0,28,10,8,30,4,52,72,8,80,132
07/12/2020,HRL,TX,ASW,CE,Federal Contract Tower,7,8,1,5,21,0,0,15,5,20,7,8,16,10,41,84,56,140,181
07/13/2020,HRL,TX,ASW,CE,Federal Contract Tower,10,7,15,21,53,0,0,19,3,22,10,7,34,24,75,34,130,164,239
07/14/2020,HRL,TX,ASW,CE,Federal Contract Tower,14,7,5,22,48,0,0,38,8,46,14,7,43,30,94,74,114,188,282
07/15/2020,HRL,TX,ASW,CE,Federal Contract Tower,15,9,8,26,58,0,0,36,12,48,15,9,44,38,106,56,56,112,218
07/16/2020,HRL,TX,ASW,CE,Federal Contract Tower,13,10,8,32,63,0,0,39,5,44,13,10,47,37,107,22,168,190,297
07/17/2020,HRL,TX,ASW,CE,Federal Contract Tower,12,9,4,8,33,0,0,16,4,20,12,9,20,12,53,0,60,60,113
07/18/2020,HRL,TX,ASW,CE,Federal Contract Tower,10,8,4,4,26,0,0,23,0,23,10,8,27,4,49,62,6,68,117
07/19/2020,HRL,TX,ASW,CE,Federal Contract Tower,5,10,4,7,26,0,0,14,1,15,5,10,18,8,41,44,8,52,93
07/20/2020,HRL,TX,ASW,CE,Federal Contract Tower,9,9,4,52,74,0,0,46,10,56,9,9,50,62,130,46,106,152,282
07/21/2020,HRL,TX,ASW,CE,Federal Contract Tower,14,9,6,32,61,0,0,9,11,20,14,9,15,43,81,0,100,100,181
07/22/2020,HRL,TX,ASW,CE,Federal Contract Tower,13,9,5,45,72,0,0,32,10,42,13,9,37,55,114,12,110,122,236
07/23/2020,HRL,TX,ASW,CE,Federal Contract Tower,18,8,3,40,69,0,0,26,0,26,18,8,29,40,95,12,52,64,159
07/24/2020,HRL,TX,ASW,CE,Federal Contract Tower,12,8,8,7,35,0,0,31,5,36,12,8,39,12,71,12,44,56,127
07/25/2020,HRL,TX,ASW,CE,Federal Contract Tower,5,2,0,0,7,0,0,1,0,1,5,2,1,0,8,0,0,0,8
07/26/2020,HRL,TX,ASW,CE,Federal Contract Tower,2,0,0,0,2,0,0,0,0,0,2,0,0,0,2,0,0,0,2
07/27/2020,HRL,TX,ASW,CE,Federal Contract Tower,10,11,1,2,24,0,1,5,1,7,10,12,6,3,31,0,4,4,35
07/28/2020,HRL,TX,ASW,CE,Federal Contract Tower,12,14,5,48,79,0,0,2,5,7,12,14,7,53,86,0,92,92,178
07/29/2020,HRL,TX,ASW,CE,Federal Contract Tower,12,10,9,26,57,0,0,5,5,10,12,10,14,31,67,0,80,80,147
07/30/2020,HRL,TX,ASW,CE,Federal Contract Tower,14,11,15,37,77,0,0,27,6,33,14,11,42,43,110,8,102,110,220
07/31/2020,HRL,TX,ASW,CE,Federal Contract Tower,13,7,13,33,66,0,0,28,11,39,13,7,41,44,105,12,144,156,261
08/01/2020,HRL,TX,ASW,CE,Federal Contract Tower,11,13,6,11,41,0,0,18,3,21,11,13,24,14,62,10,52,62,124
08/02/2020,HRL,TX,ASW,CE,Federal Contract Tower,5,8,6,4,23,0,0,19,0,19,5,8,25,4,42,12,4,16,58
08/03/2020,HRL,TX,ASW,CE,Federal Contract Tower,12,6,4,21,43,0,3,24,10,37,12,9,28,31,80,24,94,118,198
08/04/2020,HRL,TX,ASW,CE,Federal Contract Tower,14,8,6,44,72,0,0,11,10,21,14,8,17,54,93,4,84,88,181
08/05/2020,HRL,TX,ASW,CE,Federal Contract Tower,12,13,3,22,50,0,1,16,23,40,12,14,19,45,90,8,118,126,216
08/06/2020,HRL,TX,ASW,CE,Federal Contract Tower,12,10,12,31,65,0,0,18,13,31,12,10,30,44,96,20,126,146,242
08/07/2020,HRL,TX,ASW,CE,Federal Contract Tower,12,10,3,16,41,0,0,29,4,33,12,10,32,20,74,52,44,96,170
08/08/2020,HRL,TX,ASW,CE,Federal Contract Tower,14,8,2,4,28,0,0,1,0,1,14,8,3,4,29,6,8,14,43
08/09/2020,HRL,TX,ASW,CE,Federal Contract Tower,7,10,2,21,40,0,0,10,0,10,7,10,12,21,50,0,38,38,88
08/10/2020,HRL,TX,ASW,CE,Federal Contract Tower,9,7,8,9,33,0,0,25,11,36,9,7,33,20,69,22,136,158,227
08/11/2020,HRL,TX,ASW,CE,Federal Contract Tower,18,15,5,27,65,0,0,21,4,25,18,15,26,31,90,22,48,70,160
08/12/2020,HRL,TX,ASW,CE,Federal Contract Tower,13,10,13,25,61,0,0,12,11,23,13,10,25,36,84,0,212,212,296
08/13/2020,HRL,TX,ASW,CE,Federal Contract Tower,16,8,12,38,74,0,0,25,4,29,16,8,37,42,103,0,96,96,199
08/14/2020,HRL,TX,ASW,CE,Federal Contract Tower,15,8,2,8,33,0,0,20,0,20,15,8,22,8,53,14,12,26,79
08/15/2020,HRL,TX,ASW,CE,Federal Contract Tower,12,10,2,10,34,0,0,6,1,7,12,10,8,11,41,12,104,116,157
08/16/2020,HRL,TX,ASW,CE,Federal Contract Tower,8,12,8,2,30,0,0,14,0,14,8,12,22,2,44,0,4,4,48
08/17/2020,HRL,TX,ASW,CE,Federal Contract Tower,11,9,6,29,55,0,0,11,7,18,11,9,17,36,73,14,142,156,229
08/18/2020,HRL,TX,ASW,CE,Federal Contract Tower,14,10,8,28,60,0,0,25,9,34,14,10,33,37,94,0,112,112,206
08/19/2020,HRL,TX,ASW,CE,Federal Contract Tower,15,7,9,10,41,0,0,23,18,41,15,7,32,28,82,48,72,120,202
08/20/2020,HRL,TX,ASW,CE,Federal Contract Tower,16,10,9,17,52,0,0,27,12,39,16,10,36,29,91,36,82,118,209
08/21/2020,HRL,TX,ASW,CE,Federal Contract Tower,15,10,6,24,55,0,0,23,4,27,15,10,29,28,82,28,78,106,188
08/22/2020,HRL,TX,ASW,CE,Federal Contract Tower,12,9,3,3,27,0,0,11,4,15,12,9,14,7,42,12,10,22,64
08/23/2020,HRL,TX,ASW,CE,Federal Contract Tower,7,11,4,3,25,0,0,7,0,7,7,11,11,3,32,0,64,64,96
08/24/2020,HRL,TX,ASW,CE,Federal Contract Tower,13,8,8,33,62,0,0,23,9,32,13,8,31,42,94,2,104,106,200
08/26/2020,HRL,TX,ASW,CE,Federal Contract Tower,12,8,8,30,58,0,0,38,18,56,12,8,46,48,114,38,180,218,332
08/27/2020,HRL,TX,ASW,CE,Federal Contract Tower,13,15,10,38,76,0,0,33,12,45,13,15,43,50,121,42,198,240,361
08/28/2020,HRL,TX,ASW,CE,Federal Contract Tower,14,10,7,24,55,0,0,17,1,18,14,10,24,25,73,68,50,118,191
08/29/2020,HRL,TX,ASW,CE,Federal Contract Tower,12,9,1,11,33,0,0,11,4,15,12,9,12,15,48,0,10,10,58
08/30/2020,HRL,TX,ASW,CE,Federal Contract Tower,6,10,0,8,24,0,0,9,1,10,6,10,9,9,34,0,12,12,46
08/31/2020,HRL,TX,ASW,CE,Federal Contract Tower,13,8,10,58,89,0,0,13,11,24,13,8,23,69,113,0,280,280,393
09/01/2020,HRL,TX,ASW,CE,Federal Contract Tower,16,9,8,48,81,0,0,13,11,24,16,9,21,59,105,12,242,254,359
09/03/2020,HRL,TX,ASW,CE,Federal Contract Tower,15,11,9,41,76,0,0,31,14,45,15,11,40,55,121,42,228,270,391
09/04/2020,HRL,TX,ASW,CE,Federal Contract Tower,17,9,5,3,34,0,1,24,0,25,17,10,29,3,59,30,6,36,95
09/05/2020,HRL,TX,ASW,CE,Federal Contract Tower,14,11,7,1,33,0,0,0,0,0,14,11,7,1,33,0,2,2,35
09/06/2020,HRL,TX,ASW,CE,Federal Contract Tower,7,16,18,0,41,0,0,8,0,8,7,16,26,0,49,26,0,26,75
09/07/2020,HRL,TX,ASW,CE,Federal Contract Tower,7,13,19,2,41,0,0,17,2,19,7,13,36,4,60,26,4,30,90
09/08/2020,HRL,TX,ASW,CE,Federal Contract Tower,8,10,18,46,82,0,0,29,28,57,8,10,47,74,139,30,208,238,377
09/09/2020,HRL,TX,ASW,CE,Federal Contract Tower,14,8,14,53,89,0,0,17,21,38,14,8,31,74,127,12,132,144,271
09/10/2020,HRL,TX,ASW,CE,Federal Contract Tower,14,9,17,19,59,0,0,9,1,10,14,9,26,20,69,38,24,62,131
09/11/2020,HRL,TX,ASW,CE,Federal Contract Tower,14,8,8,6,36,0,0,1,0,1,14,8,9,6,37,0,12,12,49
09/12/2020,HRL,TX,ASW,CE,Federal Contract Tower,9,6,9,8,32,0,2,23,1,26,9,8,32,9,58,30,30,60,118
09/13/2020,HRL,TX,ASW,CE,Federal Contract Tower,6,9,1,1,17,0,2,9,0,11,6,11,10,1,28,4,2,6,34
09/14/2020,HRL,TX,ASW,CE,Federal Contract Tower,8,11,6,1,26,0,0,11,0,11,8,11,17,1,37,20,2,22,59
09/15/2020,HRL,TX,ASW,CE,Federal Contract Tower,11,10,13,3,37,0,0,20,1,21,11,10,33,4,58,64,32,96,154
09/16/2020,HRL,TX,ASW,CE,Federal Contract Tower,13,12,7,6,38,0,0,17,3,20,13,12,24,9,58,10,26,36,94
09/17/2020,HRL,TX,ASW,CE,Federal Contract Tower,16,10,14,7,47,0,0,19,1,20,16,10,33,8,67,40,14,54,121
09/18/2020,HRL,TX,ASW,CE,Federal Contract Tower,13,9,7,4,33,0,0,25,0,25,13,9,32,4,58,58,4,62,120
09/19/2020,HRL,TX,ASW,CE,Federal Contract Tower,10,7,0,0,17,0,0,35,0,35,10,7,35,0,52,100,0,100,152
09/20/2020,HRL,TX,ASW,CE,Federal Contract Tower,9,6,4,0,19,0,0,9,0,9,9,6,13,0,28,32,0,32,60
09/21/2020,HRL,TX,ASW,CE,Federal Contract Tower,10,9,6,0,25,0,0,16,0,16,10,9,22,0,41,26,0,26,67
09/22/2020,HRL,TX,ASW,CE,Federal Contract Tower,13,9,5,71,98,0,2,24,14,40,13,11,29,85,138,28,293,321,459
09/23/2020,HRL,TX,ASW,CE,Federal Contract Tower,13,11,8,35,67,0,0,33,15,48,13,11,41,50,115,36,148,184,299
09/24/2020,HRL,TX,ASW,CE,Federal Contract Tower,13,8,12,25,58,0,0,30,5,35,13,8,42,30,93,32,96,128,221
09/25/2020,HRL,TX,ASW,CE,Federal Contract Tower,14,13,13,12,52,0,0,28,5,33,14,13,41,17,85,12,64,76,161
09/26/2020,HRL,TX,ASW,CE,Federal Contract Tower,14,6,3,19,42,0,0,22,1,23,14,6,25,20,65,40,36,76,141
09/27/2020,HRL,TX,ASW,CE,Federal Contract Tower,9,5,3,20,37,0,0,15,5,20,9,5,18,25,57,26,40,66,123
09/28/2020,HRL,TX,ASW,CE,Federal Contract Tower,9,9,6,26,50,0,0,18,6,24,9,9,24,32,74,12,136,148,222
09/29/2020,HRL,TX,ASW,CE,Federal Contract Tower,13,8,9,37,67,0,5,28,13,46,13,13,37,50,113,22,230,252,365
09/30/2020,HRL,TX,ASW,CE,Federal Contract Tower,10,12,6,18,46,0,0,33,14,47,10,12,39,32,93,24,72,96,189
10/01/2020,HRL,TX,ASW,CE,Federal Contract Tower,16,5,17,17,55,0,0,35,10,45,16,5,52,27,100,66,178,244,344
10/02/2020,HRL,TX,ASW,CE,Federal Contract Tower,14,11,15,11,51,0,0,23,2,25,14,11,38,13,76,0,80,80,156
10/03/2020,HRL,TX,ASW,CE,Federal Contract Tower,16,5,3,2,26,0,0,19,5,24,16,5,22,7,50,32,152,184,234
10/04/2020,HRL,TX,ASW,CE,Federal Contract Tower,7,9,7,2,25,0,0,21,0,21,7,9,28,2,46,18,2,20,66
10/05/2020,HRL,TX,ASW,CE,Federal Contract Tower,12,5,4,16,37,0,2,33,9,44,12,7,37,25,81,18,128,146,227
10/06/2020,HRL,TX,ASW,CE,Federal Contract Tower,10,8,7,32,57,0,0,35,3,38,10,8,42,35,95,26,56,82,177
10/07/2020,HRL,TX,ASW,CE,Federal Contract Tower,12,7,7,12,38,0,0,27,3,30,12,7,34,15,68,62,79,141,209
10/08/2020,HRL,TX,ASW,CE,Federal Contract Tower,14,4,10,14,42,0,2,28,16,46,14,6,38,30,88,60,222,282,370
10/09/2020,HRL,TX,ASW,CE,Federal Contract Tower,12,10,14,32,68,0,2,20,6,28,12,12,34,38,96,46,98,144,240
10/10/2020,HRL,TX,ASW,CE,Federal Contract Tower,11,6,3,15,35,0,0,23,0,23,11,6,26,15,58,76,28,104,162
10/11/2020,HRL,TX,ASW,CE,Federal Contract Tower,7,7,8,9,31,0,0,10,0,10,7,7,18,9,41,0,10,10,51
10/12/2020,HRL,TX,ASW,CE,Federal Contract Tower,22,9,7,8,46,4,0,20,1,25,26,9,27,9,71,0,18,18,89
10/13/2020,HRL,TX,ASW,CE,Federal Contract Tower,14,7,8,10,39,0,0,21,14,35,14,7,29,24,74,40,100,140,214
10/14/2020,HRL,TX,ASW,CE,Federal Contract Tower,14,5,6,16,41,0,0,20,8,28,14,5,26,24,69,52,66,118,187
10/15/2020,HRL,TX,ASW,CE,Federal Contract Tower,16,6,7,28,57,0,0,36,9,45,16,6,43,37,102,60,196,256,358
10/16/2020,HRL,TX,ASW,CE,Federal Contract Tower,10,9,7,9,35,0,0,9,2,11,10,9,16,11,46,12,58,70,116
10/17/2020,HRL,TX,ASW,CE,Federal Contract Tower,15,6,3,12,36,0,0,12,0,12,15,6,15,12,48,4,20,24,72
10/18/2020,HRL,TX,ASW,CE,Federal Contract Tower,7,10,8,9,34,0,0,15,0,15,7,10,23,9,49,2,30,32,81
10/19/2020,HRL,TX,ASW,CE,Federal Contract Tower,8,11,5,31,55,0,0,33,14,47,8,11,38,45,102,16,186,202,304
10/20/2020,HRL,TX,ASW,CE,Federal Contract Tower,11,6,8,26,51,2,0,43,14,59,13,6,51,40,110,52,122,174,284
10/21/2020,HRL,TX,ASW,CE,Federal Contract Tower,10,7,9,47,73,0,0,33,15,48,10,7,42,62,121,58,120,178,299
10/22/2020,HRL,TX,ASW,CE,Federal Contract Tower,16,4,16,25,61,0,0,32,6,38,16,4,48,31,99,42,94,136,235
10/23/2020,HRL,TX,ASW,CE,Federal Contract Tower,11,6,10,22,49,0,0,17,6,23,11,6,27,28,72,6,94,100,172
10/24/2020,HRL,TX,ASW,CE,Federal Contract Tower,13,9,12,2,36,0,0,8,2,10,13,9,20,4,46,32,2,34,80
10/25/2020,HRL,TX,ASW,CE,Federal Contract Tower,9,7,6,2,24,0,0,12,1,13,9,7,18,3,37,8,2,10,47
10/26/2020,HRL,TX,ASW,CE,Federal Contract Tower,7,7,15,4,33,0,3,18,2,23,7,10,33,6,56,26,40,66,122
10/27/2020,HRL,TX,ASW,CE,Federal Contract Tower,10,10,18,42,80,0,0,24,1,25,10,10,42,43,105,64,52,116,221
10/28/2020,HRL,TX,ASW,CE,Federal Contract Tower,15,7,5,42,69,0,0,9,2,11,15,7,14,44,80,14,190,204,284
10/29/2020,HRL,TX,ASW,CE,Federal Contract Tower,15,4,9,19,47,0,0,28,5,33,15,4,37,24,80,30,124,154,234
10/30/2020,HRL,TX,ASW,CE,Federal Contract Tower,10,8,13,12,43,0,0,25,1,26,10,8,38,13,69,56,0,56,125
10/31/2020,HRL,TX,ASW,CE,Federal Contract Tower,14,6,6,3,29,0,0,28,1,29,14,6,34,4,58,46,32,78,136
11/01/2020,HRL,TX,ASW,CE,Federal Contract Tower,8,8,4,2,22,0,0,23,2,25,8,8,27,4,47,48,24,72,119
11/02/2020,HRL,TX,ASW,CE,Federal Contract Tower,7,9,6,21,43,0,0,48,7,55,7,9,54,28,98,66,66,132,230
11/03/2020,HRL,TX,ASW,CE,Federal Contract Tower,11,5,12,28,56,0,0,48,4,52,11,5,60,32,108,72,94,166,274
11/04/2020,HRL,TX,ASW,CE,Federal Contract Tower,8,12,5,25,50,0,0,58,11,69,8,12,63,36,119,42,124,166,285
11/05/2020,HRL,TX,ASW,CE,Federal Contract Tower,14,10,12,21,57,0,0,33,5,38,14,10,45,26,95,42,128,170,265
11/06/2020,HRL,TX,ASW,CE,Federal Contract Tower,11,9,6,20,46,0,0,31,3,34,11,9,37,23,80,34,118,152,232
11/07/2020,HRL,TX,ASW,CE,Federal Contract Tower,19,6,6,9,40,0,0,28,6,34,19,6,34,15,74,42,44,86,160
11/08/2020,HRL,TX,ASW,CE,Federal Contract Tower,14,5,9,10,38,0,0,21,7,28,14,5,30,17,66,10,42,52,118
11/09/2020,HRL,TX,ASW,CE,Federal Contract Tower,11,8,10,22,51,0,0,20,4,24,11,8,30,26,75,56,88,144,219
11/10/2020,HRL,TX,ASW,CE,Federal Contract Tower,10,9,11,29,59,0,2,32,6,40,10,11,43,35,99,82,68,150,249
11/11/2020,HRL,TX,ASW,CE,Federal Contract Tower,16,10,10,6,42,0,0,31,8,39,16,10,41,14,81,26,28,54,135
11/12/2020,HRL,TX,ASW,CE,Federal Contract Tower,16,7,12,18,53,0,0,21,5,26,16,7,33,23,79,58,70,128,207
11/13/2020,HRL,TX,ASW,CE,Federal Contract Tower,11,8,11,15,45,0,0,36,12,48,11,8,47,27,93,44,74,118,211
11/14/2020,HRL,TX,ASW,CE,Federal Contract Tower,15,9,3,9,36,0,0,7,7,14,15,9,10,16,50,10,26,36,86
11/15/2020,HRL,TX,ASW,CE,Federal Contract Tower,13,6,7,3,29,0,0,12,3,15,13,6,19,6,44,22,0,22,66
11/16/2020,HRL,TX,ASW,CE,Federal Contract Tower,9,8,10,20,47,0,0,21,2,23,9,8,31,22,70,14,42,56,126
11/17/2020,HRL,TX,ASW,CE,Federal Contract Tower,15,11,13,24,63,0,2,24,17,43,15,13,37,41,106,102,148,250,356
11/18/2020,HRL,TX,ASW,CE,Federal Contract Tower,12,13,8,27,60,0,0,30,4,34,12,13,38,31,94,44,76,120,214
11/19/2020,HRL,TX,ASW,CE,Federal Contract Tower,11,11,13,23,58,0,0,33,15,48,11,11,46,38,106,92,208,300,406
11/20/2020,HRL,TX,ASW,CE,Federal Contract Tower,12,10,8,23,53,0,0,25,8,33,12,10,33,31,86,20,50,70,156
11/21/2020,HRL,TX,ASW,CE,Federal Contract Tower,15,16,6,24,61,0,0,24,3,27,15,16,30,27,88,64,64,128,216
11/22/2020,HRL,TX,ASW,CE,Federal Contract Tower,14,4,7,18,43,0,0,11,3,14,14,4,18,21,57,34,64,98,155
11/23/2020,HRL,TX,ASW,CE,Federal Contract Tower,16,4,16,33,69,0,0,26,6,32,16,4,42,39,101,56,102,158,259
11/24/2020,HRL,TX,ASW,CE,Federal Contract Tower,29,14,19,20,82,0,0,26,8,34,29,14,45,28,116,12,64,76,192
11/25/2020,HRL,TX,ASW,CE,Federal Contract Tower,15,11,14,16,56,0,0,17,1,18,15,11,31,17,74,56,18,74,148
11/26/2020,HRL,TX,ASW,CE,Federal Contract Tower,9,5,7,1,22,0,0,6,0,6,9,5,13,1,28,2,0,2,30
11/27/2020,HRL,TX,ASW,CE,Federal Contract Tower,8,9,6,20,43,0,0,3,1,4,8,9,9,21,47,0,28,28,75
11/28/2020,HRL,TX,ASW,CE,Federal Contract Tower,16,12,6,0,34,0,0,2,0,2,16,12,8,0,36,28,0,28,64
11/29/2020,HRL,TX,ASW,CE,Federal Contract Tower,20,8,12,2,42,0,0,6,1,7,20,8,18,3,49,0,2,2,51
11/30/2020,HRL,TX,ASW,CE,Federal Contract Tower,16,11,9,29,65,0,2,16,9,27,16,13,25,38,92,30,82,112,204
12/01/2020,HRL,TX,ASW,CE,Federal Contract Tower,12,9,7,37,65,0,5,44,11,60,12,14,51,48,125,86,54,140,265
12/02/2020,HRL,TX,ASW,CE,Federal Contract Tower,18,5,12,35,70,0,0,35,4,39,18,5,47,39,109,96,88,184,293
12/03/2020,HRL,TX,ASW,CE,Federal Contract Tower,13,9,12,16,50,0,2,39,2,43,13,11,51,18,93,86,48,134,227
12/04/2020,HRL,TX,ASW,CE,Federal Contract Tower,14,5,11,17,47,0,0,19,6,25,14,5,30,23,72,84,36,120,192
12/05/2020,HRL,TX,ASW,CE,Federal Contract Tower,13,8,4,2,27,0,0,1,0,1,13,8,5,2,28,4,6,10,38
12/06/2020,HRL,TX,ASW,CE,Federal Contract Tower,16,3,5,8,32,0,0,14,6,20,16,3,19,14,52,0,4,4,56
12/07/2020,HRL,TX,ASW,CE,Federal Contract Tower,12,10,3,12,37,0,0,37,6,43,12,10,40,18,80,38,82,120,200
12/08/2020,HRL,TX,ASW,CE,Federal Contract Tower,12,8,5,20,45,0,0,32,7,39,12,8,37,27,84,38,88,126,210
12/09/2020,HRL,TX,ASW,CE,Federal Contract Tower,18,9,10,28,65,0,0,40,3,43,18,9,50,31,108,36,126,162,270
12/10/2020,HRL,TX,ASW,CE,Federal Contract Tower,13,18,8,22,61,0,0,35,8,43,13,18,43,30,104,50,108,158,262
12/11/2020,HRL,TX,ASW,CE,Federal Contract Tower,13,9,7,30,59,0,0,13,3,16,13,9,20,33,75,14,104,118,193
12/12/2020,HRL,TX,ASW,CE,Federal Contract Tower,14,5,3,9,31,0,0,12,2,14,14,5,15,11,45,12,38,50,95
12/13/2020,HRL,TX,ASW,CE,Federal Contract Tower,12,6,4,24,46,0,0,3,0,3,12,6,7,24,49,4,26,30,79
12/14/2020,HRL,TX,ASW,CE,Federal Contract Tower,11,9,15,31,66,0,0,26,2,28,11,9,41,33,94,2,74,76,170
12/15/2020,HRL,TX,ASW,CE,Federal Contract Tower,15,5,7,13,40,0,0,25,11,36,15,5,32,24,76,76,96,172,248
12/16/2020,HRL,TX,ASW,CE,Federal Contract Tower,18,6,9,19,52,0,0,18,5,23,18,6,27,24,75,6,86,92,167
12/17/2020,HRL,TX,ASW,CE,Federal Contract Tower,20,5,10,15,50,0,0,33,6,39,20,5,43,21,89,10,62,72,161
12/18/2020,HRL,TX,ASW,CE,Federal Contract Tower,13,10,16,20,59,0,0,17,3,20,13,10,33,23,79,10,123,133,212
12/19/2020,HRL,TX,ASW,CE,Federal Contract Tower,17,5,5,3,30,0,0,6,7,13,17,5,11,10,43,12,10,22,65
12/20/2020,HRL,TX,ASW,CE,Federal Contract Tower,17,4,5,3,29,0,0,13,0,13,17,4,18,3,42,0,0,0,42
12/21/2020,HRL,TX,ASW,CE,Federal Contract Tower,17,9,12,16,54,0,0,16,3,19,17,9,28,19,73,42,64,106,179
12/22/2020,HRL,TX,ASW,CE,Federal Contract Tower,17,11,10,11,49,0,0,28,3,31,17,11,38,14,80,12,80,92,172
12/23/2020,HRL,TX,ASW,CE,Federal Contract Tower,18,9,11,5,43,0,0,13,4,17,18,9,24,9,60,16,80,96,156
12/25/2020,HRL,TX,ASW,CE,Federal Contract Tower,7,11,0,0,18,0,0,4,0,4,7,11,4,0,22,0,0,0,22
12/26/2020,HRL,TX,ASW,CE,Federal Contract Tower,19,9,2,0,30,0,0,5,0,5,19,9,7,0,35,0,0,0,35
12/27/2020,HRL,TX,ASW,CE,Federal Contract Tower,17,7,10,0,34,0,0,9,0,9,17,7,19,0,43,0,0,0,43
12/28/2020,HRL,TX,ASW,CE,Federal Contract Tower,14,8,4,2,28,0,4,15,2,21,14,12,19,4,49,44,0,44,93
12/29/2020,HRL,TX,ASW,CE,Federal Contract Tower,17,14,5,4,40,0,0,12,1,13,17,14,17,5,53,28,6,34,87
12/30/2020,HRL,TX,ASW,CE,Federal Contract Tower,13,10,4,9,36,0,0,6,3,9,13,10,10,12,45,0,46,46,91
12/31/2020,HRL,TX,ASW,CE,Federal Contract Tower,14,6,0,0,20,0,0,6,0,6,14,6,6,0,26,0,0,0,26
01/01/2021,HRL,TX,ASW,CE,Federal Contract Tower,10,6,6,0,22,0,0,7,0,7,10,6,13,0,29,14,0,14,43
01/02/2021,HRL,TX,ASW,CE,Federal Contract Tower,19,5,2,0,26,0,0,11,0,11,19,5,13,0,37,0,0,0,37
01/03/2021,HRL,TX,ASW,CE,Federal Contract Tower,20,4,6,0,30,0,0,3,0,3,20,4,9,0,33,0,0,0,33
01/04/2021,HRL,TX,ASW,CE,Federal Contract Tower,20,7,6,8,41,0,0,26,0,26,20,7,32,8,67,20,16,36,103
01/05/2021,HRL,TX,ASW,CE,Federal Contract Tower,14,8,11,12,45,0,0,16,9,25,14,8,27,21,70,6,50,56,126
01/06/2021,HRL,TX,ASW,CE,Federal Contract Tower,12,13,16,32,73,0,0,16,9,25,12,13,32,41,98,14,110,124,222
01/07/2021,HRL,TX,ASW,CE,Federal Contract Tower,17,6,12,6,41,0,0,13,4,17,17,6,25,10,58,8,28,36,94
01/08/2021,HRL,TX,ASW,CE,Federal Contract Tower,11,14,8,33,66,0,0,12,0,12,11,14,20,33,78,24,28,52,130
01/09/2021,HRL,TX,ASW,CE,Federal Contract Tower,13,7,6,11,37,0,0,16,0,16,13,7,22,11,53,46,4,50,103
01/10/2021,HRL,TX,ASW,CE,Federal Contract Tower,8,9,6,2,25,0,0,0,0,0,8,9,6,2,25,0,2,2,27
01/11/2021,HRL,TX,ASW,CE,Federal Contract Tower,10,9,6,35,60,0,0,16,12,28,10,9,22,47,88,40,52,92,180
01/12/2021,HRL,TX,ASW,CE,Federal Contract Tower,14,8,4,2,28,0,0,4,1,5,14,8,8,3,33,0,4,4,37
01/13/2021,HRL,TX,ASW,CE,Federal Contract Tower,12,8,12,18,50,0,0,19,8,27,12,8,31,26,77,44,67,111,188
01/14/2021,HRL,TX,ASW,CE,Federal Contract Tower,15,7,15,25,62,0,0,35,1,36,15,7,50,26,98,76,50,126,224
01/15/2021,HRL,TX,ASW,CE,Federal Contract Tower,11,7,13,17,48,0,0,31,0,31,11,7,44,17,79,48,44,92,171
01/16/2021,HRL,TX,ASW,CE,Federal Contract Tower,13,8,1,6,28,0,0,22,5,27,13,8,23,11,55,58,20,78,133
01/17/2021,HRL,TX,ASW,CE,Federal Contract Tower,11,6,17,3,37,0,0,11,0,11,11,6,28,3,48,18,4,22,70
01/18/2021,HRL,TX,ASW,CE,Federal Contract Tower,13,7,10,3,33,0,0,18,0,18,13,7,28,3,51,28,18,46,97
01/19/2021,HRL,TX,ASW,CE,Federal Contract Tower,13,9,12,19,53,0,0,17,3,20,13,9,29,22,73,22,52,74,147
01/20/2021,HRL,TX,ASW,CE,Federal Contract Tower,11,18,17,22,68,0,0,4,1,5,11,18,21,23,73,0,34,34,107
01/21/2021,HRL,TX,ASW,CE,Federal Contract Tower,17,7,10,2,36,0,0,0,0,0,17,7,10,2,36,0,6,6,42
01/22/2021,HRL,TX,ASW,CE,Federal Contract Tower,12,8,12,17,49,0,0,4,0,4,12,8,16,17,53,46,28,74,127
01/23/2021,HRL,TX,ASW,CE,Federal Contract Tower,14,8,7,7,36,0,0,1,2,3,14,8,8,9,39,0,18,18,57
01/24/2021,HRL,TX,ASW,CE,Federal Contract Tower,11,6,6,18,41,0,0,5,3,8,11,6,11,21,49,2,20,22,71
01/25/2021,HRL,TX,ASW,CE,Federal Contract Tower,8,8,8,18,42,0,0,18,3,21,8,8,26,21,63,24,158,182,245
01/26/2021,HRL,TX,ASW,CE,Federal Contract Tower,13,12,10,30,65,0,0,16,3,19,13,12,26,33,84,16,36,52,136
01/27/2021,HRL,TX,ASW,CE,Federal Contract Tower,12,7,9,14,42,0,0,12,3,15,12,7,21,17,57,6,102,108,165
01/28/2021,HRL,TX,ASW,CE,Federal Contract Tower,15,8,3,25,51,0,0,36,7,43,15,8,39,32,94,38,98,136,230
01/29/2021,HRL,TX,ASW,CE,Federal Contract Tower,9,7,11,27,54,0,0,37,6,43,9,7,48,33,97,50,110,160,257
01/30/2021,HRL,TX,ASW,CE,Federal Contract Tower,13,8,0,12,33,0,0,12,13,25,13,8,12,25,58,20,56,76,134
01/31/2021,HRL,TX,ASW,CE,Federal Contract Tower,10,7,6,12,35,0,0,11,5,16,10,7,17,17,51,0,82,82,133
02/01/2021,HRL,TX,ASW,CE,Federal Contract Tower,8,8,7,14,37,0,0,30,0,30,8,8,37,14,67,24,18,42,109
02/02/2021,HRL,TX,ASW,CE,Federal Contract Tower,12,8,7,24,51,2,0,46,2,50,14,8,53,26,101,92,104,196,297
02/03/2021,HRL,TX,ASW,CE,Federal Contract Tower,12,13,15,17,57,0,0,38,14,52,12,13,53,31,109,60,154,214,323
02/05/2021,HRL,TX,ASW,CE,Federal Contract Tower,12,7,10,18,47,0,0,10,3,13,12,7,20,21,60,76,30,106,166
02/06/2021,HRL,TX,ASW,CE,Federal Contract Tower,13,7,6,6,32,0,2,3,0,5,13,9,9,6,37,16,10,26,63
02/07/2021,HRL,TX,ASW,CE,Federal Contract Tower,9,11,9,8,37,0,4,14,2,20,9,15,23,10,57,24,2,26,83
02/08/2021,HRL,TX,ASW,CE,Federal Contract Tower,11,7,5,5,28,0,0,24,1,25,11,7,29,6,53,48,4,52,105
02/09/2021,HRL,TX,ASW,CE,Federal Contract Tower,10,9,13,19,51,0,0,14,3,17,10,9,27,22,68,64,26,90,158
02/10/2021,HRL,TX,ASW,CE,Federal Contract Tower,12,12,14,30,68,0,0,24,16,40,12,12,38,46,108,44,84,128,236
02/11/2021,HRL,TX,ASW,CE,Federal Contract Tower,16,4,3,0,23,0,0,0,0,0,16,4,3,0,23,2,0,2,25
02/12/2021,HRL,TX,ASW,CE,Federal Contract Tower,12,11,8,1,32,0,0,0,0,0,12,11,8,1,32,2,2,4,36
02/13/2021,HRL,TX,ASW,CE,Federal Contract Tower,14,8,4,7,33,0,0,0,0,0,14,8,4,7,33,0,8,8,41
02/14/2021,HRL,TX,ASW,CE,Federal Contract Tower,7,4,2,0,13,0,0,0,0,0,7,4,2,0,13,0,0,0,13
02/15/2021,HRL,TX,ASW,CE,Federal Contract Tower,3,0,0,0,3,0,0,0,0,0,3,0,0,0,3,0,0,0,3
02/16/2021,HRL,TX,ASW,CE,Federal Contract Tower,0,0,0,0,0,0,0,0,0,0,0,0,0,0,0,0,0,0,0
02/17/2021,HRL,TX,ASW,CE,Federal Contract Tower,3,0,2,0,5,0,0,0,0,0,3,0,2,0,5,0,0,0,5
02/18/2021,HRL,TX,ASW,CE,Federal Contract Tower,9,2,4,4,19,0,0,0,0,0,9,2,4,4,19,0,0,0,19
02/19/2021,HRL,TX,ASW,CE,Federal Contract Tower,9,8,7,0,24,0,0,27,0,27,9,8,34,0,51,22,0,22,73
02/20/2021,HRL,TX,ASW,CE,Federal Contract Tower,11,6,9,20,46,0,0,38,7,45,11,6,47,27,91,44,64,108,199
02/21/2021,HRL,TX,ASW,CE,Federal Contract Tower,14,4,8,9,35,0,0,12,5,17,14,4,20,14,52,6,48,54,106
02/22/2021,HRL,TX,ASW,CE,Federal Contract Tower,14,10,7,18,49,0,0,15,4,19,14,10,22,22,68,12,42,54,122
02/23/2021,HRL,TX,ASW,CE,Federal Contract Tower,17,5,9,38,69,0,0,27,8,35,17,5,36,46,104,32,144,176,280
02/24/2021,HRL,TX,ASW,CE,Federal Contract Tower,14,5,12,22,53,0,1,25,1,27,14,6,37,23,80,84,58,142,222
02/25/2021,HRL,TX,ASW,CE,Federal Contract Tower,16,7,17,24,64,0,0,17,2,19,16,7,34,26,83,34,114,148,231
02/26/2021,HRL,TX,ASW,CE,Federal Contract Tower,13,7,16,28,64,0,0,26,16,42,13,7,42,44,106,40,196,236,342
02/27/2021,HRL,TX,ASW,CE,Federal Contract Tower,12,8,17,14,51,0,0,6,2,8,12,8,23,16,59,14,10,24,83
02/28/2021,HRL,TX,ASW,CE,Federal Contract Tower,10,6,9,3,28,0,0,3,0,3,10,6,12,3,31,0,2,2,33
03/01/2021,HRL,TX,ASW,CE,Federal Contract Tower,13,7,12,26,58,0,0,18,0,18,13,7,30,26,76,0,160,160,236
03/02/2021,HRL,TX,ASW,CE,Federal Contract Tower,19,5,9,10,43,0,0,37,11,48,19,5,46,21,91,42,80,122,213
03/03/2021,HRL,TX,ASW,CE,Federal Contract Tower,15,7,7,17,46,0,2,25,21,48,15,9,32,38,94,80,164,244,338
03/04/2021,HRL,TX,ASW,CE,Federal Contract Tower,17,8,12,2,39,0,0,13,2,15,17,8,25,4,54,0,4,4,58
03/05/2021,HRL,TX,ASW,CE,Federal Contract Tower,11,9,7,1,28,0,0,13,2,15,11,9,20,3,43,40,2,42,85
03/06/2021,HRL,TX,ASW,CE,Federal Contract Tower,17,7,5,2,31,0,0,25,7,32,17,7,30,9,63,48,66,114,177
03/07/2021,HRL,TX,ASW,CE,Federal Contract Tower,15,5,1,4,25,0,0,22,6,28,15,5,23,10,53,96,4,100,153
03/08/2021,HRL,TX,ASW,CE,Federal Contract Tower,17,6,5,22,50,0,6,23,1,30,17,12,28,23,80,22,30,52,132
03/09/2021,HRL,TX,ASW,CE,Federal Contract Tower,16,7,5,16,44,0,0,26,11,37,16,7,31,27,81,36,130,166,247
03/10/2021,HRL,TX,ASW,CE,Federal Contract Tower,14,9,9,13,45,0,0,7,10,17,14,9,16,23,62,0,32,32,94
03/11/2021,HRL,TX,ASW,CE,Federal Contract Tower,18,12,14,18,62,0,0,6,10,16,18,12,20,28,78,2,128,130,208
03/12/2021,HRL,TX,ASW,CE,Federal Contract Tower,14,12,8,11,45,0,0,3,0,3,14,12,11,11,48,2,24,26,74
03/13/2021,HRL,TX,ASW,CE,Federal Contract Tower,14,11,6,9,40,0,0,0,0,0,14,11,6,9,40,0,20,20,60
03/14/2021,HRL,TX,ASW,CE,Federal Contract Tower,16,7,1,13,37,0,0,5,0,5,16,7,6,13,42,4,22,26,68
03/15/2021,HRL,TX,ASW,CE,Federal Contract Tower,16,8,9,12,45,0,0,31,0,31,16,8,40,12,76,64,22,86,162
03/16/2021,HRL,TX,ASW,CE,Federal Contract Tower,20,12,9,29,70,0,0,22,6,28,20,12,31,35,98,56,190,246,344
03/17/2021,HRL,TX,ASW,CE,Federal Contract Tower,15,9,8,17,49,0,0,19,1,20,15,9,27,18,69,46,144,190,259
03/18/2021,HRL,TX,ASW,CE,Federal Contract Tower,18,10,15,9,52,0,0,29,11,40,18,10,44,20,92,52,96,148,240
03/19/2021,HRL,TX,ASW,CE,Federal Contract Tower,14,12,13,1,40,0,0,25,5,30,14,12,38,6,70,58,30,88,158
03/20/2021,HRL,TX,ASW,CE,Federal Contract Tower,21,10,3,6,40,0,0,25,4,29,21,10,28,10,69,74,6,80,149
03/21/2021,HRL,TX,ASW,CE,Federal Contract Tower,16,4,4,11,35,0,0,14,4,18,16,4,18,15,53,6,14,20,73
03/22/2021,HRL,TX,ASW,CE,Federal Contract Tower,18,8,11,56,93,0,0,17,7,24,18,8,28,63,117,12,214,226,343
03/23/2021,HRL,TX,ASW,CE,Federal Contract Tower,20,11,14,18,63,0,0,39,2,41,20,11,53,20,104,68,32,100,204
03/24/2021,HRL,TX,ASW,CE,Federal Contract Tower,17,10,23,40,90,0,0,27,3,30,17,10,50,43,120,62,80,142,262
03/25/2021,HRL,TX,ASW,CE,Federal Contract Tower,19,11,6,34,70,0,0,16,1,17,19,11,22,35,87,28,238,266,353
03/26/2021,HRL,TX,ASW,CE,Federal Contract Tower,20,6,11,5,42,0,0,11,0,11,20,6,22,5,53,34,6,40,93
03/27/2021,HRL,TX,ASW,CE,Federal Contract Tower,24,11,8,18,61,0,0,7,0,7,24,11,15,18,68,0,28,28,96
03/28/2021,HRL,TX,ASW,CE,Federal Contract Tower,16,9,6,5,36,0,0,2,0,2,16,9,8,5,38,0,6,6,44
03/29/2021,HRL,TX,ASW,CE,Federal Contract Tower,15,9,14,2,40,0,0,21,0,21,15,9,35,2,61,30,0,30,91
03/30/2021,HRL,TX,ASW,CE,Federal Contract Tower,18,12,12,20,62,0,0,26,7,33,18,12,38,27,95,18,124,142,237
03/31/2021,HRL,TX,ASW,CE,Federal Contract Tower,17,13,18,18,66,0,0,26,10,36,17,13,44,28,102,34,128,162,264
04/01/2021,HRL,TX,ASW,CE,Federal Contract Tower,18,14,14,11,57,0,0,28,0,28,18,14,42,11,85,22,20,42,127
04/02/2021,HRL,TX,ASW,CE,Federal Contract Tower,17,10,22,7,56,0,0,32,2,34,17,10,54,9,90,30,10,40,130
04/03/2021,HRL,TX,ASW,CE,Federal Contract Tower,21,10,7,3,41,0,0,18,8,26,21,10,25,11,67,6,20,26,93
04/04/2021,HRL,TX,ASW,CE,Federal Contract Tower,14,8,7,0,29,0,0,8,0,8,14,8,15,0,37,0,0,0,37
04/05/2021,HRL,TX,ASW,CE,Federal Contract Tower,16,10,14,18,58,0,0,17,10,27,16,10,31,28,85,4,158,162,247
04/06/2021,HRL,TX,ASW,CE,Federal Contract Tower,17,9,17,35,78,0,2,10,3,15,17,11,27,38,93,28,58,86,179
04/07/2021,HRL,TX,ASW,CE,Federal Contract Tower,19,9,10,20,58,0,0,16,7,23,19,9,26,27,81,18,61,79,160
04/08/2021,HRL,TX,ASW,CE,Federal Contract Tower,16,7,21,15,59,0,0,22,0,22,16,7,43,15,81,44,16,60,141
04/09/2021,HRL,TX,ASW,CE,Federal Contract Tower,17,11,3,21,52,0,0,21,1,22,17,11,24,22,74,34,88,122,196
04/10/2021,HRL,TX,ASW,CE,Federal Contract Tower,16,11,6,3,36,0,2,5,2,9,16,13,11,5,45,24,14,38,83
04/11/2021,HRL,TX,ASW,CE,Federal Contract Tower,14,12,9,3,38,0,0,17,3,20,14,12,26,6,58,0,0,0,58
04/12/2021,HRL,TX,ASW,CE,Federal Contract Tower,13,9,8,11,41,0,0,19,1,20,13,9,27,12,61,28,182,210,271
04/13/2021,HRL,TX,ASW,CE,Federal Contract Tower,15,11,12,2,40,0,0,18,2,20,15,11,30,4,60,22,76,98,158
04/14/2021,HRL,TX,ASW,CE,Federal Contract Tower,13,16,8,15,52,0,0,12,4,16,13,16,20,19,68,14,27,41,109
04/15/2021,HRL,TX,ASW,CE,Federal Contract Tower,15,10,11,24,60,0,0,14,5,19,15,10,25,29,79,60,208,268,347
04/16/2021,HRL,TX,ASW,CE,Federal Contract Tower,14,10,10,22,56,0,0,18,2,20,14,10,28,24,76,78,112,190,266
04/17/2021,HRL,TX,ASW,CE,Federal Contract Tower,17,13,5,4,39,0,2,1,0,3,17,15,6,4,42,0,0,0,42
04/18/2021,HRL,TX,ASW,CE,Federal Contract Tower,12,9,9,1,31,0,0,20,4,24,12,9,29,5,55,8,2,10,65
04/19/2021,HRL,TX,ASW,CE,Federal Contract Tower,11,11,7,23,52,0,0,30,6,36,11,11,37,29,88,34,110,144,232
04/20/2021,HRL,TX,ASW,CE,Federal Contract Tower,14,12,15,15,56,0,0,35,0,35,14,12,50,15,91,56,14,70,161
04/21/2021,HRL,TX,ASW,CE,Federal Contract Tower,13,14,14,23,64,0,4,24,7,35,13,18,38,30,99,44,148,192,291
04/22/2021,HRL,TX,ASW,CE,Federal Contract Tower,15,13,11,18,57,0,0,23,0,23,15,13,34,18,80,100,60,160,240
04/23/2021,HRL,TX,ASW,CE,Federal Contract Tower,13,13,9,45,80,0,0,15,5,20,13,13,24,50,100,28,180,208,308
04/24/2021,HRL,TX,ASW,CE,Federal Contract Tower,17,11,12,37,77,0,0,15,6,21,17,11,27,43,98,0,20,20,118
04/25/2021,HRL,TX,ASW,CE,Federal Contract Tower,12,12,6,5,35,0,2,30,4,36,12,14,36,9,71,16,12,28,99
04/26/2021,HRL,TX,ASW,CE,Federal Contract Tower,11,14,9,21,55,0,0,33,2,35,11,14,42,23,90,110,38,148,238
04/27/2021,HRL,TX,ASW,CE,Federal Contract Tower,14,12,9,67,102,0,0,34,19,53,14,12,43,86,155,62,330,392,547
04/28/2021,HRL,TX,ASW,CE,Federal Contract Tower,12,14,23,16,65,0,0,34,18,52,12,14,57,34,117,48,178,226,343
04/29/2021,HRL,TX,ASW,CE,Federal Contract Tower,15,11,11,37,74,0,2,35,5,42,15,13,46,42,116,128,158,286,402
04/30/2021,HRL,TX,ASW,CE,Federal Contract Tower,10,9,23,1,43,0,0,26,0,26,10,9,49,1,69,70,2,72,141
05/01/2021,HRL,TX,ASW,CE,Federal Contract Tower,16,12,13,0,41,0,0,2,0,2,16,12,15,0,43,12,0,12,55
05/02/2021,HRL,TX,ASW,CE,Federal Contract Tower,10,10,9,2,31,0,0,33,0,33,10,10,42,2,64,50,0,50,114
05/03/2021,HRL,TX,ASW,CE,Federal Contract Tower,11,9,12,19,51,0,0,47,4,51,11,9,59,23,102,38,62,100,202
05/04/2021,HRL,TX,ASW,CE,Federal Contract Tower,15,16,29,26,86,0,0,32,0,32,15,16,61,26,118,52,136,188,306
05/05/2021,HRL,TX,ASW,CE,Federal Contract Tower,15,13,12,19,59,0,0,30,3,33,15,13,42,22,92,50,34,84,176
05/06/2021,HRL,TX,ASW,CE,Federal Contract Tower,18,10,16,12,56,0,0,18,2,20,18,10,34,14,76,36,100,136,212
05/07/2021,HRL,TX,ASW,CE,Federal Contract Tower,16,11,7,4,38,0,0,22,4,26,16,11,29,8,64,36,28,64,128
05/08/2021,HRL,TX,ASW,CE,Federal Contract Tower,22,4,3,0,29,0,4,11,4,19,22,8,14,4,48,16,0,16,64
05/09/2021,HRL,TX,ASW,CE,Federal Contract Tower,14,10,9,6,39,0,0,3,0,3,14,10,12,6,42,2,10,12,54
05/10/2021,HRL,TX,ASW,CE,Federal Contract Tower,13,11,11,12,47,0,0,18,8,26,13,11,29,20,73,34,146,180,253
05/11/2021,HRL,TX,ASW,CE,Federal Contract Tower,16,8,17,27,68,0,0,25,2,27,16,8,42,29,95,18,46,64,159
05/12/2021,HRL,TX,ASW,CE,Federal Contract Tower,18,9,8,15,50,0,0,0,1,1,18,9,8,16,51,0,70,70,121
05/13/2021,HRL,TX,ASW,CE,Federal Contract Tower,29,11,16,33,89,0,0,19,5,24,29,11,35,38,113,20,178,198,311
05/14/2021,HRL,TX,ASW,CE,Federal Contract Tower,19,7,15,11,52,0,0,19,3,22,19,7,34,14,74,58,22,80,154
05/15/2021,HRL,TX,ASW,CE,Federal Contract Tower,18,8,5,0,31,0,0,3,2,5,18,8,8,2,36,22,0,22,58
05/16/2021,HRL,TX,ASW,CE,Federal Contract Tower,18,5,5,11,39,0,0,0,2,2,18,5,5,13,41,0,18,18,59
05/17/2021,HRL,TX,ASW,CE,Federal Contract Tower,13,9,8,53,83,0,4,18,7,29,13,13,26,60,112,20,128,148,260
05/18/2021,HRL,TX,ASW,CE,Federal Contract Tower,18,7,8,38,71,0,0,22,2,24,18,7,30,40,95,38,80,118,213
05/19/2021,HRL,TX,ASW,CE,Federal Contract Tower,18,5,1,0,24,0,0,1,0,1,18,5,2,0,25,0,0,0,25
05/20/2021,HRL,TX,ASW,CE,Federal Contract Tower,17,11,8,22,58,0,2,20,4,26,17,13,28,26,84,28,96,124,208
05/21/2021,HRL,TX,ASW,CE,Federal Contract Tower,14,13,13,31,71,0,0,29,10,39,14,13,42,41,110,36,166,202,312
05/22/2021,HRL,TX,ASW,CE,Federal Contract Tower,25,5,4,23,57,0,0,10,5,15,25,5,14,28,72,12,56,68,140
05/23/2021,HRL,TX,ASW,CE,Federal Contract Tower,14,12,11,2,39,0,1,16,0,17,14,13,27,2,56,34,4,38,94
05/24/2021,HRL,TX,ASW,CE,Federal Contract Tower,15,6,7,13,41,0,0,9,3,12,15,6,16,16,53,24,46,70,123
05/25/2021,HRL,TX,ASW,CE,Federal Contract Tower,16,7,17,23,63,0,0,16,14,30,16,7,33,37,93,20,298,318,411
05/26/2021,HRL,TX,ASW,CE,Federal Contract Tower,13,15,9,43,80,0,0,30,15,45,13,15,39,58,125,34,184,218,343
05/27/2021,HRL,TX,ASW,CE,Federal Contract Tower,16,20,8,20,64,0,0,12,2,14,16,20,20,22,78,4,44,48,126
05/28/2021,HRL,TX,ASW,CE,Federal Contract Tower,17,10,18,9,54,0,0,15,1,16,17,10,33,10,70,16,12,28,98
05/29/2021,HRL,TX,ASW,CE,Federal Contract Tower,20,7,3,0,30,0,2,10,2,14,20,9,13,2,44,16,0,16,60
05/30/2021,HRL,TX,ASW,CE,Federal Contract Tower,11,12,5,1,29,0,0,14,5,19,11,12,19,6,48,16,0,16,64
05/31/2021,HRL,TX,ASW,CE,Federal Contract Tower,14,9,7,6,36,0,2,23,0,25,14,11,30,6,61,10,4,14,75
06/01/2021,HRL,TX,ASW,CE,Federal Contract Tower,12,10,4,10,36,0,1,8,3,12,12,11,12,13,48,18,50,68,116
06/02/2021,HRL,TX,ASW,CE,Federal Contract Tower,19,9,13,13,54,0,0,18,10,28,19,9,31,23,82,18,126,144,226
06/03/2021,HRL,TX,ASW,CE,Federal Contract Tower,15,10,9,6,40,0,0,18,0,18,15,10,27,6,58,20,8,28,86
06/04/2021,HRL,TX,ASW,CE,Federal Contract Tower,12,17,15,13,57,0,0,8,5,13,12,17,23,18,70,12,30,42,112
06/05/2021,HRL,TX,ASW,CE,Federal Contract Tower,21,11,2,12,46,0,0,13,6,19,21,11,15,18,65,34,44,78,143
06/06/2021,HRL,TX,ASW,CE,Federal Contract Tower,14,9,2,11,36,0,2,10,4,16,14,11,12,15,52,2,14,16,68
06/07/2021,HRL,TX,ASW,CE,Federal Contract Tower,17,12,7,38,74,0,0,6,8,14,17,12,13,46,88,0,172,172,260
06/08/2021,HRL,TX,ASW,CE,Federal Contract Tower,18,13,8,28,67,0,0,26,8,34,18,13,34,36,101,40,110,150,251
06/09/2021,HRL,TX,ASW,CE,Federal Contract Tower,19,11,10,12,52,0,0,17,9,26,19,11,27,21,78,42,130,172,250
06/10/2021,HRL,TX,ASW,CE,Federal Contract Tower,20,10,3,23,56,0,0,23,2,25,20,10,26,25,81,22,72,94,175
06/11/2021,HRL,TX,ASW,CE,Federal Contract Tower,16,12,2,18,48,0,0,29,1,30,16,12,31,19,78,16,42,58,136
06/12/2021,HRL,TX,ASW,CE,Federal Contract Tower,21,10,5,5,41,0,0,29,10,39,21,10,34,15,80,52,28,80,160
06/13/2021,HRL,TX,ASW,CE,Federal Contract Tower,13,13,3,8,37,0,0,17,7,24,13,13,20,15,61,0,24,24,85
06/14/2021,HRL,TX,ASW,CE,Federal Contract Tower,14,10,6,14,44,0,0,27,4,31,14,10,33,18,75,30,94,124,199
06/15/2021,HRL,TX,ASW,CE,Federal Contract Tower,16,13,5,26,60,0,4,39,9,52,16,17,44,35,112,70,110,180,292
06/16/2021,HRL,TX,ASW,CE,Federal Contract Tower,19,13,7,14,53,0,21,24,4,49,19,34,31,18,102,58,50,108,210
06/17/2021,HRL,TX,ASW,CE,Federal Contract Tower,19,13,15,7,54,0,0,30,3,33,19,13,45,10,87,54,20,74,161
06/18/2021,HRL,TX,ASW,CE,Federal Contract Tower,15,14,5,2,36,0,0,37,0,37,15,14,42,2,73,72,12,84,157
06/19/2021,HRL,TX,ASW,CE,Federal Contract Tower,19,9,5,4,37,0,0,17,2,19,19,9,22,6,56,28,6,34,90
06/20/2021,HRL,TX,ASW,CE,Federal Contract Tower,16,12,3,4,35,0,0,13,0,13,16,12,16,4,48,42,8,50,98
06/21/2021,HRL,TX,ASW,CE,Federal Contract Tower,15,10,6,39,70,0,0,20,17,37,15,10,26,56,107,60,66,126,233
06/22/2021,HRL,TX,ASW,CE,Federal Contract Tower,19,12,17,0,48,0,0,12,0,12,19,12,29,0,60,16,0,16,76
06/23/2021,HRL,TX,ASW,CE,Federal Contract Tower,19,13,9,18,59,0,0,7,0,7,19,13,16,18,66,0,36,36,102
06/24/2021,HRL,TX,ASW,CE,Federal Contract Tower,21,19,14,26,80,0,0,27,5,32,21,19,41,31,112,14,146,160,272
06/25/2021,HRL,TX,ASW,CE,Federal Contract Tower,19,14,10,12,55,0,0,23,10,33,19,14,33,22,88,24,52,76,164
06/26/2021,HRL,TX,ASW,CE,Federal Contract Tower,17,10,7,6,40,0,0,25,4,29,17,10,32,10,69,68,12,80,149
06/27/2021,HRL,TX,ASW,CE,Federal Contract Tower,15,10,8,3,36,0,0,18,9,27,15,10,26,12,63,46,6,52,115
06/28/2021,HRL,TX,ASW,CE,Federal Contract Tower,14,14,6,30,64,0,0,8,5,13,14,14,14,35,77,12,96,108,185
06/29/2021,HRL,TX,ASW,CE,Federal Contract Tower,18,13,12,12,55,0,0,17,4,21,18,13,29,16,76,16,78,94,170
06/30/2021,HRL,TX,ASW,CE,Federal Contract Tower,19,16,11,56,102,0,2,19,6,27,19,18,30,62,129,15,192,207,336
07/01/2021,HRL,TX,ASW,CE,Federal Contract Tower,20,12,10,6,48,0,2,24,2,28,20,14,34,8,76,24,26,50,126
07/02/2021,HRL,TX,ASW,CE,Federal Contract Tower,17,14,10,1,42,0,0,50,6,56,17,14,60,7,98,82,0,82,180
07/03/2021,HRL,TX,ASW,CE,Federal Contract Tower,14,14,5,3,36,0,0,33,0,33,14,14,38,3,69,66,0,66,135
07/04/2021,HRL,TX,ASW,CE,Federal Contract Tower,13,10,2,0,25,0,0,33,0,33,13,10,35,0,58,56,0,56,114
07/05/2021,HRL,TX,ASW,CE,Federal Contract Tower,14,11,9,3,37,0,0,15,2,17,14,11,24,5,54,0,6,6,60
07/06/2021,HRL,TX,ASW,CE,Federal Contract Tower,18,13,6,0,37,0,0,19,0,19,18,13,25,0,56,58,0,58,114
07/07/2021,HRL,TX,ASW,CE,Federal Contract Tower,23,11,7,8,49,0,0,0,0,0,23,11,7,8,49,0,0,0,49
07/08/2021,HRL,TX,ASW,CE,Federal Contract Tower,17,14,2,39,72,0,0,29,5,34,17,14,31,44,106,82,46,128,234
07/09/2021,HRL,TX,ASW,CE,Federal Contract Tower,17,15,13,8,53,0,0,2,1,3,17,15,15,9,56,0,36,36,92
07/10/2021,HRL,TX,ASW,CE,Federal Contract Tower,17,15,1,5,38,0,0,34,2,36,17,15,35,7,74,184,38,222,296
07/11/2021,HRL,TX,ASW,CE,Federal Contract Tower,14,14,8,21,57,0,0,31,6,37,14,14,39,27,94,72,44,116,210
07/12/2021,HRL,TX,ASW,CE,Federal Contract Tower,15,20,11,41,87,0,0,46,13,59,15,20,57,54,146,74,72,146,292
07/13/2021,HRL,TX,ASW,CE,Federal Contract Tower,18,12,13,10,53,0,0,15,2,17,18,12,28,12,70,2,12,14,84
07/14/2021,HRL,TX,ASW,CE,Federal Contract Tower,19,12,9,24,64,0,0,29,27,56,19,12,38,51,120,50,176,226,346
07/15/2021,HRL,TX,ASW,CE,Federal Contract Tower,17,16,3,26,62,0,0,42,4,46,17,16,45,30,108,46,34,80,188
07/16/2021,HRL,TX,ASW,CE,Federal Contract Tower,17,19,9,18,63,0,0,28,9,37,17,19,37,27,100,58,94,152,252
07/17/2021,HRL,TX,ASW,CE,Federal Contract Tower,20,16,3,0,39,0,0,7,3,10,20,16,10,3,49,24,0,24,73
07/18/2021,HRL,TX,ASW,CE,Federal Contract Tower,18,14,5,9,46,0,0,11,4,15,18,14,16,13,61,18,10,28,89
07/19/2021,HRL,TX,ASW,CE,Federal Contract Tower,15,13,9,35,72,0,0,16,1,17,15,13,25,36,89,0,98,98,187
07/20/2021,HRL,TX,ASW,CE,Federal Contract Tower,20,19,7,18,64,0,0,28,8,36,20,19,35,26,100,20,104,124,224
07/21/2021,HRL,TX,ASW,CE,Federal Contract Tower,20,15,10,2,47,0,0,14,5,19,20,15,24,7,66,18,78,96,162
07/22/2021,HRL,TX,ASW,CE,Federal Contract Tower,17,17,9,31,74,0,0,21,17,38,17,17,30,48,112,22,2,24,136
07/23/2021,HRL,TX,ASW,CE,Federal Contract Tower,17,18,14,14,63,0,0,23,1,24,17,18,37,15,87,12,50,62,149
07/24/2021,HRL,TX,ASW,CE,Federal Contract Tower,19,15,11,11,56,0,0,7,8,15,19,15,18,19,71,0,38,38,109
07/25/2021,HRL,TX,ASW,CE,Federal Contract Tower,14,12,2,4,32,0,0,15,3,18,14,12,17,7,50,8,8,16,66
07/26/2021,HRL,TX,ASW,CE,Federal Contract Tower,15,17,8,32,72,0,0,13,2,15,15,17,21,34,87,0,46,46,133
07/27/2021,HRL,TX,ASW,CE,Federal Contract Tower,19,24,7,9,59,0,1,17,0,18,19,25,24,9,77,30,18,48,125
07/28/2021,HRL,TX,ASW,CE,Federal Contract Tower,21,15,11,9,56,0,0,10,7,17,21,15,21,16,73,0,56,56,129
07/29/2021,HRL,TX,ASW,CE,Federal Contract Tower,19,12,8,19,58,0,0,18,4,22,19,12,26,23,80,30,62,92,172
07/30/2021,HRL,TX,ASW,CE,Federal Contract Tower,19,16,10,6,51,0,0,27,0,27,19,16,37,6,78,0,22,22,100
07/31/2021,HRL,TX,ASW,CE,Federal Contract Tower,18,18,7,0,43,0,0,14,1,15,18,18,21,1,58,12,0,12,70
08/01/2021,HRL,TX,ASW,CE,Federal Contract Tower,16,12,7,5,40,0,0,7,2,9,16,12,14,7,49,10,16,26,75
08/02/2021,HRL,TX,ASW,CE,Federal Contract Tower,16,12,6,46,80,0,2,22,11,35,16,14,28,57,115,36,156,192,307
08/03/2021,HRL,TX,ASW,CE,Federal Contract Tower,20,15,8,15,58,0,0,26,13,39,20,15,34,28,97,60,124,184,281
08/04/2021,HRL,TX,ASW,CE,Federal Contract Tower,19,16,14,45,94,0,0,28,15,43,19,16,42,60,137,16,216,232,369
08/05/2021,HRL,TX,ASW,CE,Federal Contract Tower,19,16,6,3,44,0,0,22,6,28,19,16,28,9,72,40,58,98,170
08/06/2021,HRL,TX,ASW,CE,Federal Contract Tower,18,17,12,8,55,0,0,25,10,35,18,17,37,18,90,30,98,128,218
08/07/2021,HRL,TX,ASW,CE,Federal Contract Tower,19,14,6,4,43,0,2,23,2,27,19,16,29,6,70,56,6,62,132
08/08/2021,HRL,TX,ASW,CE,Federal Contract Tower,15,16,4,1,36,0,0,15,0,15,15,16,19,1,51,12,4,16,67
08/09/2021,HRL,TX,ASW,CE,Federal Contract Tower,13,15,19,24,71,0,1,12,0,13,13,16,31,24,84,0,30,30,114
08/10/2021,HRL,TX,ASW,CE,Federal Contract Tower,15,21,5,31,72,0,0,22,14,36,15,21,27,45,108,36,86,122,230
08/11/2021,HRL,TX,ASW,CE,Federal Contract Tower,17,19,14,38,88,0,0,29,0,29,17,19,43,38,117,20,106,126,243
08/12/2021,HRL,TX,ASW,CE,Federal Contract Tower,20,15,22,13,70,0,0,27,4,31,20,15,49,17,101,42,40,82,183
08/13/2021,HRL,TX,ASW,CE,Federal Contract Tower,19,13,6,15,53,0,0,25,6,31,19,13,31,21,84,48,142,190,274
08/14/2021,HRL,TX,ASW,CE,Federal Contract Tower,20,11,2,4,37,0,0,10,4,14,20,11,12,8,51,48,58,106,157
08/15/2021,HRL,TX,ASW,CE,Federal Contract Tower,15,12,6,18,51,0,0,18,3,21,15,12,24,21,72,18,56,74,146
08/16/2021,HRL,TX,ASW,CE,Federal Contract Tower,16,11,4,63,94,0,0,26,12,38,16,11,30,75,132,28,228,256,388
08/17/2021,HRL,TX,ASW,CE,Federal Contract Tower,22,14,8,40,84,0,0,30,5,35,22,14,38,45,119,24,122,146,265
08/18/2021,HRL,TX,ASW,CE,Federal Contract Tower,24,16,12,38,90,0,0,12,9,21,24,16,24,47,111,0,158,158,269
08/19/2021,HRL,TX,ASW,CE,Federal Contract Tower,24,12,8,14,58,0,0,23,4,27,24,12,31,18,85,42,66,108,193
08/20/2021,HRL,TX,ASW,CE,Federal Contract Tower,25,13,1,8,47,0,0,16,7,23,25,13,17,15,70,52,64,116,186
08/21/2021,HRL,TX,ASW,CE,Federal Contract Tower,21,11,2,3,37,0,0,4,2,6,21,11,6,5,43,0,6,6,49
08/22/2021,HRL,TX,ASW,CE,Federal Contract Tower,18,12,6,0,36,0,0,3,0,3,18,12,9,0,39,2,0,2,41
08/23/2021,HRL,TX,ASW,CE,Federal Contract Tower,17,14,2,22,55,0,0,11,10,21,17,14,13,32,76,100,118,218,294
08/24/2021,HRL,TX,ASW,CE,Federal Contract Tower,23,10,6,23,62,0,0,29,2,31,23,10,35,25,93,76,88,164,257
08/25/2021,HRL,TX,ASW,CE,Federal Contract Tower,23,16,10,16,65,0,0,26,24,50,23,16,36,40,115,18,208,226,341
08/26/2021,HRL,TX,ASW,CE,Federal Contract Tower,23,16,12,20,71,0,0,18,29,47,23,16,30,49,118,20,88,108,226
08/27/2021,HRL,TX,ASW,CE,Federal Contract Tower,23,16,9,12,60,0,0,26,6,32,23,16,35,18,92,78,68,146,238
08/28/2021,HRL,TX,ASW,CE,Federal Contract Tower,22,15,2,8,47,0,0,21,3,24,22,15,23,11,71,8,34,42,113
08/29/2021,HRL,TX,ASW,CE,Federal Contract Tower,19,10,3,7,39,0,0,2,6,8,19,10,5,13,47,2,76,78,125
08/30/2021,HRL,TX,ASW,CE,Federal Contract Tower,21,8,9,20,58,0,2,18,8,28,21,10,27,28,86,36,104,140,226
08/31/2021,HRL,TX,ASW,CE,Federal Contract Tower,22,11,3,29,65,0,0,20,6,26,22,11,23,35,91,74,50,124,215
09/01/2021,HRL,TX,ASW,CE,Federal Contract Tower,21,17,10,40,88,0,0,26,10,36,21,17,36,50,124,36,100,136,260
09/02/2021,HRL,TX,ASW,CE,Federal Contract Tower,23,10,12,15,60,0,0,35,5,40,23,10,47,20,100,34,188,222,322
09/03/2021,HRL,TX,ASW,CE,Federal Contract Tower,25,15,12,6,58,0,0,18,0,18,25,15,30,6,76,54,32,86,162
09/04/2021,HRL,TX,ASW,CE,Federal Contract Tower,25,12,5,2,44,0,0,9,0,9,25,12,14,2,53,56,0,56,109
09/05/2021,HRL,TX,ASW,CE,Federal Contract Tower,21,6,5,0,32,0,0,11,0,11,21,6,16,0,43,52,0,52,95
09/06/2021,HRL,TX,ASW,CE,Federal Contract Tower,17,13,4,6,40,0,0,26,0,26,17,13,30,6,66,48,12,60,126
09/07/2021,HRL,TX,ASW,CE,Federal Contract Tower,20,9,3,6,38,0,0,24,0,24,20,9,27,6,62,88,18,106,168
09/08/2021,HRL,TX,ASW,CE,Federal Contract Tower,24,15,7,26,72,0,0,25,6,31,24,15,32,32,103,52,48,100,203
09/10/2021,HRL,TX,ASW,CE,Federal Contract Tower,26,15,16,6,63,0,0,31,3,34,26,15,47,9,97,76,22,98,195
09/11/2021,HRL,TX,ASW,CE,Federal Contract Tower,19,11,0,1,31,0,2,21,8,31,19,13,21,9,62,34,2,36,98
09/12/2021,HRL,TX,ASW,CE,Federal Contract Tower,23,11,9,0,43,0,0,3,0,3,23,11,12,0,46,22,0,22,68
09/13/2021,HRL,TX,ASW,CE,Federal Contract Tower,9,6,11,0,26,0,2,2,0,4,9,8,13,0,30,24,0,24,54
09/15/2021,HRL,TX,ASW,CE,Federal Contract Tower,19,15,10,16,60,0,0,32,2,34,19,15,42,18,94,86,48,134,228
09/16/2021,HRL,TX,ASW,CE,Federal Contract Tower,27,10,9,12,58,0,0,18,2,20,27,10,27,14,78,48,10,58,136
09/17/2021,HRL,TX,ASW,CE,Federal Contract Tower,21,15,9,12,57,0,0,18,11,29,21,15,27,23,86,18,98,116,202
09/18/2021,HRL,TX,ASW,CE,Federal Contract Tower,21,9,3,15,48,0,0,18,3,21,21,9,21,18,69,6,34,40,109
09/19/2021,HRL,TX,ASW,CE,Federal Contract Tower,18,13,12,0,43,0,0,8,0,8,18,13,20,0,51,8,0,8,59
09/20/2021,HRL,TX,ASW,CE,Federal Contract Tower,21,20,7,9,57,0,0,17,6,23,21,20,24,15,80,20,66,86,166
09/21/2021,HRL,TX,ASW,CE,Federal Contract Tower,27,13,18,2,60,0,0,18,0,18,27,13,36,2,78,38,4,42,120
09/22/2021,HRL,TX,ASW,CE,Federal Contract Tower,22,14,9,1,46,0,0,9,1,10,22,14,18,2,56,14,0,14,70
09/23/2021,HRL,TX,ASW,CE,Federal Contract Tower,28,14,11,7,60,0,0,33,7,40,28,14,44,14,100,78,24,102,202
09/24/2021,HRL,TX,ASW,CE,Federal Contract Tower,26,17,11,0,54,0,0,24,1,25,26,17,35,1,79,18,0,18,97
09/25/2021,HRL,TX,ASW,CE,Federal Contract Tower,26,13,3,0,42,0,0,20,0,20,26,13,23,0,62,16,0,16,78
09/26/2021,HRL,TX,ASW,CE,Federal Contract Tower,29,12,9,0,50,0,0,7,0,7,29,12,16,0,57,0,0,0,57
09/27/2021,HRL,TX,ASW,CE,Federal Contract Tower,22,13,6,23,64,0,0,24,10,34,22,13,30,33,98,72,100,172,270
09/28/2021,HRL,TX,ASW,CE,Federal Contract Tower,30,18,9,25,82,0,0,34,21,55,30,18,43,46,137,76,200,276,413
09/29/2021,HRL,TX,ASW,CE,Federal Contract Tower,32,18,10,2,62,0,0,23,0,23,32,18,33,2,85,20,4,24,109
09/30/2021,HRL,TX,ASW,CE,Federal Contract Tower,31,16,9,16,72,0,0,29,2,31,31,16,38,18,103,48,134,182,285
10/01/2021,HRL,TX,ASW,CE,Federal Contract Tower,24,14,2,0,40,0,0,14,0,14,24,14,16,0,54,14,0,14,68
10/02/2021,HRL,TX,ASW,CE,Federal Contract Tower,27,5,6,5,43,0,0,6,0,6,27,5,12,5,49,28,8,36,85
10/03/2021,HRL,TX,ASW,CE,Federal Contract Tower,22,12,5,2,41,0,0,5,1,6,22,12,10,3,47,8,32,40,87
10/04/2021,HRL,TX,ASW,CE,Federal Contract Tower,24,11,5,17,57,0,0,23,7,30,24,11,28,24,87,6,142,148,235
10/05/2021,HRL,TX,ASW,CE,Federal Contract Tower,23,15,9,28,75,0,0,32,2,34,23,15,41,30,109,66,102,168,277
10/06/2021,HRL,TX,ASW,CE,Federal Contract Tower,23,18,11,9,61,0,1,24,7,32,23,19,35,16,93,36,56,92,185
10/07/2021,HRL,TX,ASW,CE,Federal Contract Tower,26,10,9,15,60,0,0,20,14,34,26,10,29,29,94,54,126,180,274
10/08/2021,HRL,TX,ASW,CE,Federal Contract Tower,23,10,4,11,48,0,0,24,5,29,23,10,28,16,77,44,22,66,143
10/09/2021,HRL,TX,ASW,CE,Federal Contract Tower,21,8,2,6,37,0,0,16,0,16,21,8,18,6,53,48,12,60,113
10/10/2021,HRL,TX,ASW,CE,Federal Contract Tower,21,8,12,2,43,0,0,7,0,7,21,8,19,2,50,0,4,4,54
10/11/2021,HRL,TX,ASW,CE,Federal Contract Tower,19,9,15,0,43,0,0,35,0,35,19,9,50,0,78,64,0,64,142
10/12/2021,HRL,TX,ASW,CE,Federal Contract Tower,19,15,31,35,100,0,0,36,4,40,19,15,67,39,140,62,96,158,298
10/13/2021,HRL,TX,ASW,CE,Federal Contract Tower,19,16,10,4,49,0,0,20,3,23,19,16,30,7,72,62,54,116,188
10/14/2021,HRL,TX,ASW,CE,Federal Contract Tower,20,10,12,14,56,0,0,17,11,28,20,10,29,25,84,20,276,296,380
10/15/2021,HRL,TX,ASW,CE,Federal Contract Tower,26,13,10,24,73,0,0,10,4,14,26,13,20,28,87,8,54,62,149
10/16/2021,HRL,TX,ASW,CE,Federal Contract Tower,19,11,4,3,37,0,0,5,1,6,19,11,9,4,43,0,10,10,53
10/17/2021,HRL,TX,ASW,CE,Federal Contract Tower,17,14,7,5,43,0,0,8,1,9,17,14,15,6,52,0,6,6,58
10/18/2021,HRL,TX,ASW,CE,Federal Contract Tower,13,14,8,27,62,0,0,26,7,33,13,14,34,34,95,34,124,158,253
10/19/2021,HRL,TX,ASW,CE,Federal Contract Tower,24,11,10,18,63,0,0,29,1,30,24,11,39,19,93,16,126,142,235
10/20/2021,HRL,TX,ASW,CE,Federal Contract Tower,23,15,13,1,52,0,2,29,0,31,23,17,42,1,83,54,2,56,139
10/21/2021,HRL,TX,ASW,CE,Federal Contract Tower,20,18,10,27,75,0,0,20,0,20,20,18,30,27,95,86,36,122,217
10/22/2021,HRL,TX,ASW,CE,Federal Contract Tower,22,13,8,3,46,0,0,14,3,17,22,13,22,6,63,0,0,0,63
10/23/2021,HRL,TX,ASW,CE,Federal Contract Tower,17,11,3,21,52,0,0,8,5,13,17,11,11,26,65,0,46,46,111
10/24/2021,HRL,TX,ASW,CE,Federal Contract Tower,21,14,5,16,56,0,0,11,4,15,21,14,16,20,71,10,36,46,117
10/25/2021,HRL,TX,ASW,CE,Federal Contract Tower,15,10,8,1,34,0,0,22,2,24,15,10,30,3,58,32,34,66,124
10/26/2021,HRL,TX,ASW,CE,Federal Contract Tower,21,13,8,11,53,0,0,24,13,37,21,13,32,24,90,24,74,98,188
10/27/2021,HRL,TX,ASW,CE,Federal Contract Tower,23,10,5,21,59,0,0,29,1,30,23,10,34,22,89,58,4,62,151
10/28/2021,HRL,TX,ASW,CE,Federal Contract Tower,22,14,8,20,64,0,0,34,2,36,22,14,42,22,100,56,6,62,162
10/29/2021,HRL,TX,ASW,CE,Federal Contract Tower,22,12,4,16,54,0,0,29,6,35,22,12,33,22,89,12,26,38,127
10/30/2021,HRL,TX,ASW,CE,Federal Contract Tower,24,9,4,3,40,0,0,16,1,17,24,9,20,4,57,24,4,28,85
10/31/2021,HRL,TX,ASW,CE,Federal Contract Tower,20,9,3,2,34,0,0,6,0,6,20,9,9,2,40,2,0,2,42
11/01/2021,HRL,TX,ASW,CE,Federal Contract Tower,19,10,6,20,55,0,0,31,4,35,19,10,37,24,90,40,130,170,260
11/02/2021,HRL,TX,ASW,CE,Federal Contract Tower,20,16,17,15,68,0,0,29,1,30,20,16,46,16,98,56,28,84,182
11/03/2021,HRL,TX,ASW,CE,Federal Contract Tower,34,14,13,33,94,0,0,33,0,33,34,14,46,33,127,56,14,70,197
11/04/2021,HRL,TX,ASW,CE,Federal Contract Tower,24,21,4,25,74,0,0,5,0,5,24,21,9,25,79,0,12,12,91
11/05/2021,HRL,TX,ASW,CE,Federal Contract Tower,31,12,19,10,72,0,0,16,2,18,31,12,35,12,90,46,24,70,160
11/06/2021,HRL,TX,ASW,CE,Federal Contract Tower,16,18,1,4,39,0,0,8,1,9,16,18,9,5,48,34,8,42,90
11/07/2021,HRL,TX,ASW,CE,Federal Contract Tower,17,11,9,2,39,0,0,14,0,14,17,11,23,2,53,18,4,22,75
11/08/2021,HRL,TX,ASW,CE,Federal Contract Tower,22,13,13,9,57,0,0,17,0,17,22,13,30,9,74,8,40,48,122
11/09/2021,HRL,TX,ASW,CE,Federal Contract Tower,20,14,6,17,57,0,0,19,4,23,20,14,25,21,80,16,20,36,116
11/10/2021,HRL,TX,ASW,CE,Federal Contract Tower,31,14,18,7,70,0,0,20,1,21,31,14,38,8,91,42,22,64,155
11/11/2021,HRL,TX,ASW,CE,Federal Contract Tower,20,19,14,6,59,0,0,30,2,32,20,19,44,8,91,26,12,38,129
11/12/2021,HRL,TX,ASW,CE,Federal Contract Tower,29,21,6,4,60,0,0,24,0,24,29,21,30,4,84,0,10,10,94
11/13/2021,HRL,TX,ASW,CE,Federal Contract Tower,18,15,2,5,40,0,0,13,0,13,18,15,15,5,53,4,0,4,57
11/14/2021,HRL,TX,ASW,CE,Federal Contract Tower,22,13,12,3,50,0,0,7,0,7,22,13,19,3,57,0,2,2,59
11/15/2021,HRL,TX,ASW,CE,Federal Contract Tower,23,14,9,8,54,0,0,28,11,39,23,14,37,19,93,18,40,58,151
11/16/2021,HRL,TX,ASW,CE,Federal Contract Tower,22,16,9,18,65,0,0,35,14,49,22,16,44,32,114,42,156,198,312
11/17/2021,HRL,TX,ASW,CE,Federal Contract Tower,27,15,10,24,76,0,0,20,18,38,27,15,30,42,114,10,218,228,342
11/18/2021,HRL,TX,ASW,CE,Federal Contract Tower,22,15,20,2,59,0,0,12,0,12,22,15,32,2,71,24,0,24,95
11/19/2021,HRL,TX,ASW,CE,Federal Contract Tower,32,13,10,22,77,0,0,20,9,29,32,13,30,31,106,44,116,160,266
11/20/2021,HRL,TX,ASW,CE,Federal Contract Tower,23,9,6,12,50,0,0,12,7,19,23,9,18,19,69,12,12,24,93
11/21/2021,HRL,TX,ASW,CE,Federal Contract Tower,17,11,0,9,37,0,0,11,0,11,17,11,11,9,48,22,12,34,82
11/22/2021,HRL,TX,ASW,CE,Federal Contract Tower,25,18,10,4,57,0,0,16,3,19,25,18,26,7,76,6,68,74,150
11/23/2021,HRL,TX,ASW,CE,Federal Contract Tower,22,18,13,28,81,0,0,36,10,46,22,18,49,38,127,34,106,140,267
11/24/2021,HRL,TX,ASW,CE,Federal Contract Tower,35,15,22,0,72,0,0,19,0,19,35,15,41,0,91,10,0,10,101
11/25/2021,HRL,TX,ASW,CE,Federal Contract Tower,15,10,0,0,25,0,0,0,0,0,15,10,0,0,25,0,0,0,25
11/26/2021,HRL,TX,ASW,CE,Federal Contract Tower,25,11,0,1,37,0,0,9,0,9,25,11,9,1,46,12,2,14,60
11/27/2021,HRL,TX,ASW,CE,Federal Contract Tower,23,16,11,0,50,0,0,4,0,4,23,16,15,0,54,0,0,0,54
11/28/2021,HRL,TX,ASW,CE,Federal Contract Tower,20,18,12,2,52,0,0,5,0,5,20,18,17,2,57,18,0,18,75
11/29/2021,HRL,TX,ASW,CE,Federal Contract Tower,24,11,9,30,74,0,0,30,3,33,24,11,39,33,107,38,8,46,153
11/30/2021,HRL,TX,ASW,CE,Federal Contract Tower,21,15,15,16,67,0,0,36,6,42,21,15,51,22,109,28,118,146,255
12/01/2021,HRL,TX,ASW,CE,Federal Contract Tower,27,17,8,25,77,0,0,35,0,35,27,17,43,25,112,72,10,82,194
12/02/2021,HRL,TX,ASW,CE,Federal Contract Tower,17,10,18,12,57,0,0,17,2,19,17,10,35,14,76,10,74,84,160
12/03/2021,HRL,TX,ASW,CE,Federal Contract Tower,31,12,13,7,63,0,0,15,6,21,31,12,28,13,84,14,34,48,132
12/04/2021,HRL,TX,ASW,CE,Federal Contract Tower,16,10,6,4,36,0,0,3,0,3,16,10,9,4,39,6,6,12,51
12/05/2021,HRL,TX,ASW,CE,Federal Contract Tower,19,8,5,5,37,0,0,1,2,3,19,8,6,7,40,0,6,6,46
12/06/2021,HRL,TX,ASW,CE,Federal Contract Tower,22,13,20,30,85,0,0,9,16,25,22,13,29,46,110,22,150,172,282
12/07/2021,HRL,TX,ASW,CE,Federal Contract Tower,20,12,13,12,57,0,0,12,6,18,20,12,25,18,75,10,24,34,109
12/08/2021,HRL,TX,ASW,CE,Federal Contract Tower,27,17,25,6,75,0,0,11,1,12,27,17,36,7,87,2,12,14,101
12/09/2021,HRL,TX,ASW,CE,Federal Contract Tower,22,13,9,23,67,0,0,17,1,18,22,13,26,24,85,44,80,124,209
12/10/2021,HRL,TX,ASW,CE,Federal Contract Tower,33,11,13,25,82,0,0,8,10,18,33,11,21,35,100,0,172,172,272
12/11/2021,HRL,TX,ASW,CE,Federal Contract Tower,19,14,2,8,43,0,0,0,1,1,19,14,2,9,44,0,14,14,58
12/12/2021,HRL,TX,ASW,CE,Federal Contract Tower,14,10,2,1,27,0,0,13,0,13,14,10,15,1,40,14,0,14,54
12/13/2021,HRL,TX,ASW,CE,Federal Contract Tower,22,14,14,6,56,0,2,16,7,25,22,16,30,13,81,2,74,76,157
12/14/2021,HRL,TX,ASW,CE,Federal Contract Tower,20,14,11,10,55,0,2,12,11,25,20,16,23,21,80,26,56,82,162
12/15/2021,HRL,TX,ASW,CE,Federal Contract Tower,33,17,10,8,68,0,0,22,5,27,33,17,32,13,95,16,86,102,197
12/16/2021,HRL,TX,ASW,CE,Federal Contract Tower,21,10,14,4,49,0,19,31,10,60,21,29,45,14,109,48,24,72,181
12/17/2021,HRL,TX,ASW,CE,Federal Contract Tower,35,18,14,15,82,0,0,15,5,20,35,18,29,20,102,22,112,134,236
12/18/2021,HRL,TX,ASW,CE,Federal Contract Tower,23,4,4,6,37,0,0,3,0,3,23,4,7,6,40,0,8,8,48
12/19/2021,HRL,TX,ASW,CE,Federal Contract Tower,18,13,7,0,38,0,0,2,0,2,18,13,9,0,40,0,0,0,40
12/20/2021,HRL,TX,ASW,CE,Federal Contract Tower,23,13,15,15,66,0,0,24,0,24,23,13,39,15,90,6,10,16,106
12/21/2021,HRL,TX,ASW,CE,Federal Contract Tower,25,14,8,17,64,0,0,28,6,34,25,14,36,23,98,12,152,164,262
12/22/2021,HRL,TX,ASW,CE,Federal Contract Tower,27,16,10,10,63,0,0,25,9,34,27,16,35,19,97,4,70,74,171
12/23/2021,HRL,TX,ASW,CE,Federal Contract Tower,24,13,2,0,39,0,0,25,0,25,24,13,27,0,64,22,0,22,86
12/24/2021,HRL,TX,ASW,CE,Federal Contract Tower,23,11,7,0,41,0,0,8,0,8,23,11,15,0,49,14,0,14,63
12/25/2021,HRL,TX,ASW,CE,Federal Contract Tower,12,6,4,0,22,0,0,1,0,1,12,6,5,0,23,0,0,0,23
12/26/2021,HRL,TX,ASW,CE,Federal Contract Tower,19,12,8,0,39,0,0,3,0,3,19,12,11,0,42,4,0,4,46
12/27/2021,HRL,TX,ASW,CE,Federal Contract Tower,27,14,9,16,66,0,0,11,1,12,27,14,20,17,78,0,32,32,110
12/28/2021,HRL,TX,ASW,CE,Federal Contract Tower,23,17,12,22,74,0,0,16,3,19,23,17,28,25,93,14,48,62,155
12/29/2021,HRL,TX,ASW,CE,Federal Contract Tower,20,10,14,5,49,0,0,13,2,15,20,10,27,7,64,4,60,64,128
12/30/2021,HRL,TX,ASW,CE,Federal Contract Tower,22,13,2,0,37,0,0,25,0,25,22,13,27,0,62,32,0,32,94
12/31/2021,HRL,TX,ASW,CE,Federal Contract Tower,23,7,6,0,36,0,0,3,0,3,23,7,9,0,39,14,0,14,53
01/01/2022,HRL,TX,ASW,CE,Federal Contract Tower,14,4,4,0,22,0,0,2,0,2,14,4,6,0,24,0,0,0,24
01/02/2022,HRL,TX,ASW,CE,Federal Contract Tower,18,9,3,0,30,0,0,0,0,0,18,9,3,0,30,0,0,0,30
01/03/2022,HRL,TX,ASW,CE,Federal Contract Tower,21,13,11,2,47,0,0,23,0,23,21,13,34,2,70,10,2,12,82
01/04/2022,HRL,TX,ASW,CE,Federal Contract Tower,28,10,13,0,51,0,0,17,0,17,28,10,30,0,68,28,0,28,96
01/05/2022,HRL,TX,ASW,CE,Federal Contract Tower,22,14,11,10,57,0,3,23,19,45,22,17,34,29,102,14,292,306,408
01/06/2022,HRL,TX,ASW,CE,Federal Contract Tower,22,15,15,18,70,0,0,23,7,30,22,15,38,25,100,2,64,66,166
01/07/2022,HRL,TX,ASW,CE,Federal Contract Tower,24,12,20,2,58,0,0,0,0,0,24,12,20,2,58,4,4,8,66
01/08/2022,HRL,TX,ASW,CE,Federal Contract Tower,20,19,6,9,54,0,0,2,0,2,20,19,8,9,56,0,14,14,70
01/09/2022,HRL,TX,ASW,CE,Federal Contract Tower,17,20,17,0,54,0,0,4,2,6,17,20,21,2,60,0,2,2,62
01/10/2022,HRL,TX,ASW,CE,Federal Contract Tower,19,13,6,15,53,0,0,5,0,5,19,13,11,15,58,22,10,32,90
01/11/2022,HRL,TX,ASW,CE,Federal Contract Tower,28,10,9,25,72,0,0,22,3,25,28,10,31,28,97,22,98,120,217
01/12/2022,HRL,TX,ASW,CE,Federal Contract Tower,19,10,19,10,58,0,0,11,0,11,19,10,30,10,69,0,14,14,83
01/13/2022,HRL,TX,ASW,CE,Federal Contract Tower,29,9,9,18,65,0,2,29,5,36,29,11,38,23,101,44,26,70,171
01/14/2022,HRL,TX,ASW,CE,Federal Contract Tower,26,12,12,18,68,0,0,25,6,31,26,12,37,24,99,42,70,112,211
01/15/2022,HRL,TX,ASW,CE,Federal Contract Tower,13,14,1,0,28,0,0,1,0,1,13,14,2,0,29,0,0,0,29
01/16/2022,HRL,TX,ASW,CE,Federal Contract Tower,15,12,4,0,31,0,0,12,13,25,15,12,16,13,56,0,0,0,56
01/17/2022,HRL,TX,ASW,CE,Federal Contract Tower,24,9,8,0,41,0,0,23,0,23,24,9,31,0,64,30,0,30,94
01/18/2022,HRL,TX,ASW,CE,Federal Contract Tower,24,11,5,12,52,0,0,22,7,29,24,11,27,19,81,62,108,170,251
01/19/2022,HRL,TX,ASW,CE,Federal Contract Tower,22,18,11,17,68,0,0,27,5,32,22,18,38,22,100,32,178,210,310
01/20/2022,HRL,TX,ASW,CE,Federal Contract Tower,24,8,1,0,33,0,0,3,0,3,24,8,4,0,36,0,0,0,36
01/21/2022,HRL,TX,ASW,CE,Federal Contract Tower,22,16,8,0,46,0,0,2,0,2,22,16,10,0,48,0,0,0,48
01/22/2022,HRL,TX,ASW,CE,Federal Contract Tower,19,11,11,23,64,0,0,0,0,0,19,11,11,23,64,8,34,42,106
01/23/2022,HRL,TX,ASW,CE,Federal Contract Tower,17,14,8,6,45,0,0,0,0,0,17,14,8,6,45,0,9,9,54
01/24/2022,HRL,TX,ASW,CE,Federal Contract Tower,24,11,6,10,51,0,0,0,0,0,24,11,6,10,51,0,16,16,67
01/25/2022,HRL,TX,ASW,CE,Federal Contract Tower,24,9,9,29,71,0,0,32,12,44,24,9,41,41,115,32,214,246,361
01/26/2022,HRL,TX,ASW,CE,Federal Contract Tower,23,7,14,11,55,0,0,18,5,23,23,7,32,16,78,20,62,82,160
01/27/2022,HRL,TX,ASW,CE,Federal Contract Tower,31,7,16,20,74,0,0,10,2,12,31,7,26,22,86,16,24,40,126
01/28/2022,HRL,TX,ASW,CE,Federal Contract Tower,22,10,4,8,44,0,0,8,0,8,22,10,12,8,52,32,12,44,96
01/29/2022,HRL,TX,ASW,CE,Federal Contract Tower,13,12,5,3,33,0,0,29,3,32,13,12,34,6,65,40,8,48,113
01/30/2022,HRL,TX,ASW,CE,Federal Contract Tower,15,8,7,4,34,0,0,16,5,21,15,8,23,9,55,14,8,22,77
01/31/2022,HRL,TX,ASW,CE,Federal Contract Tower,18,12,7,24,61,0,0,15,5,20,18,12,22,29,81,12,86,98,179
02/01/2022,HRL,TX,ASW,CE,Federal Contract Tower,20,14,7,24,65,0,0,19,9,28,20,14,26,33,93,32,56,88,181
02/02/2022,HRL,TX,ASW,CE,Federal Contract Tower,28,13,9,27,77,0,0,18,3,21,28,13,27,30,98,38,120,158,256
02/03/2022,HRL,TX,ASW,CE,Federal Contract Tower,16,11,11,6,44,0,0,0,0,0,16,11,11,6,44,0,8,8,52
02/04/2022,HRL,TX,ASW,CE,Federal Contract Tower,21,11,6,12,50,0,0,8,0,8,21,11,14,12,58,0,18,18,76
02/05/2022,HRL,TX,ASW,CE,Federal Contract Tower,13,22,6,1,42,0,0,24,4,28,13,22,30,5,70,14,18,32,102
02/06/2022,HRL,TX,ASW,CE,Federal Contract Tower,12,14,8,10,44,0,0,7,0,7,12,14,15,10,51,4,10,14,65
02/07/2022,HRL,TX,ASW,CE,Federal Contract Tower,25,13,11,17,66,0,0,13,0,13,25,13,24,17,79,10,14,24,103
02/08/2022,HRL,TX,ASW,CE,Federal Contract Tower,22,12,5,3,42,0,2,37,4,43,22,14,42,7,85,66,58,124,209
02/09/2022,HRL,TX,ASW,CE,Federal Contract Tower,27,11,12,21,71,0,0,36,0,36,27,11,48,21,107,36,24,60,167
02/10/2022,HRL,TX,ASW,CE,Federal Contract Tower,30,8,7,10,55,0,0,32,0,32,30,8,39,10,87,54,34,88,175
02/11/2022,HRL,TX,ASW,CE,Federal Contract Tower,25,8,12,11,56,0,0,20,5,25,25,8,32,16,81,44,42,86,167
02/12/2022,HRL,TX,ASW,CE,Federal Contract Tower,15,16,7,12,50,0,0,2,1,3,15,16,9,13,53,12,22,34,87
02/13/2022,HRL,TX,ASW,CE,Federal Contract Tower,19,9,12,4,44,0,2,6,0,8,19,11,18,4,52,20,8,28,80
02/14/2022,HRL,TX,ASW,CE,Federal Contract Tower,25,9,2,26,62,0,0,39,2,41,25,9,41,28,103,60,130,190,293
02/15/2022,HRL,TX,ASW,CE,Federal Contract Tower,20,12,12,9,53,0,6,22,4,32,20,18,34,13,85,16,64,80,165
02/16/2022,HRL,TX,ASW,CE,Federal Contract Tower,29,13,9,23,74,0,0,14,6,20,29,13,23,29,94,0,186,186,280
02/17/2022,HRL,TX,ASW,CE,Federal Contract Tower,26,12,8,25,71,0,0,38,9,47,26,12,46,34,118,34,44,78,196
02/18/2022,HRL,TX,ASW,CE,Federal Contract Tower,35,12,19,3,69,0,0,31,14,45,35,12,50,17,114,44,104,148,262
02/19/2022,HRL,TX,ASW,CE,Federal Contract Tower,14,11,4,9,38,0,0,12,11,23,14,11,16,20,61,22,16,38,99
02/20/2022,HRL,TX,ASW,CE,Federal Contract Tower,14,14,12,0,40,0,0,8,0,8,14,14,20,0,48,2,0,2,50
02/21/2022,HRL,TX,ASW,CE,Federal Contract Tower,30,6,6,4,46,0,0,13,0,13,30,6,19,4,59,2,8,10,69
02/22/2022,HRL,TX,ASW,CE,Federal Contract Tower,24,13,13,29,79,0,0,7,8,15,24,13,20,37,94,2,114,116,210
02/23/2022,HRL,TX,ASW,CE,Federal Contract Tower,27,9,11,16,63,0,0,13,0,13,27,9,24,16,76,26,14,40,116
02/24/2022,HRL,TX,ASW,CE,Federal Contract Tower,24,13,7,7,51,0,0,1,0,1,24,13,8,7,52,0,8,8,60
02/25/2022,HRL,TX,ASW,CE,Federal Contract Tower,31,12,16,0,59,0,0,0,0,0,31,12,16,0,59,0,0,0,59
02/26/2022,HRL,TX,ASW,CE,Federal Contract Tower,15,17,4,0,36,0,0,0,0,0,15,17,4,0,36,0,0,0,36
02/27/2022,HRL,TX,ASW,CE,Federal Contract Tower,14,12,10,0,36,0,0,1,0,1,14,12,11,0,37,0,0,0,37
02/28/2022,HRL,TX,ASW,CE,Federal Contract Tower,26,8,8,21,63,0,0,46,11,57,26,8,54,32,120,50,46,96,216
03/01/2022,HRL,TX,ASW,CE,Federal Contract Tower,22,10,10,33,75,0,0,40,5,45,22,10,50,38,120,84,122,206,326
03/02/2022,HRL,TX,ASW,CE,Federal Contract Tower,32,8,25,28,93,0,0,35,10,45,32,8,60,38,138,40,160,200,338
03/03/2022,HRL,TX,ASW,CE,Federal Contract Tower,27,19,10,20,76,0,0,30,8,38,27,19,40,28,114,42,56,98,212
03/04/2022,HRL,TX,ASW,CE,Federal Contract Tower,32,15,8,15,70,0,0,13,1,14,32,15,21,16,84,14,26,40,124
03/05/2022,HRL,TX,ASW,CE,Federal Contract Tower,15,15,3,11,44,0,0,2,1,3,15,15,5,12,47,0,20,20,67
03/06/2022,HRL,TX,ASW,CE,Federal Contract Tower,17,12,5,2,36,0,0,2,0,2,17,12,7,2,38,2,4,6,44
03/07/2022,HRL,TX,ASW,CE,Federal Contract Tower,30,8,8,8,54,0,0,4,0,4,30,8,12,8,58,0,10,10,68
03/08/2022,HRL,TX,ASW,CE,Federal Contract Tower,24,8,16,10,58,0,0,8,0,8,24,8,24,10,66,2,8,10,76
03/09/2022,HRL,TX,ASW,CE,Federal Contract Tower,33,12,20,9,74,0,0,21,0,21,33,12,41,9,95,14,22,36,131
03/10/2022,HRL,TX,ASW,CE,Federal Contract Tower,34,14,19,14,81,0,3,19,6,28,34,17,38,20,109,20,46,66,175
03/11/2022,HRL,TX,ASW,CE,Federal Contract Tower,33,14,15,11,73,0,3,16,0,19,33,17,31,11,92,2,12,14,106
03/12/2022,HRL,TX,ASW,CE,Federal Contract Tower,18,15,9,4,46,0,0,20,1,21,18,15,29,5,67,32,6,38,105
03/13/2022,HRL,TX,ASW,CE,Federal Contract Tower,24,12,12,5,53,0,0,7,0,7,24,12,19,5,60,14,6,20,80
03/14/2022,HRL,TX,ASW,CE,Federal Contract Tower,27,13,8,51,99,0,0,22,12,34,27,13,30,63,133,16,122,138,271
03/15/2022,HRL,TX,ASW,CE,Federal Contract Tower,29,8,5,17,59,0,0,22,1,23,29,8,27,18,82,26,10,36,118
03/16/2022,HRL,TX,ASW,CE,Federal Contract Tower,35,11,10,15,71,0,0,27,4,31,35,11,37,19,102,42,56,98,200
03/17/2022,HRL,TX,ASW,CE,Federal Contract Tower,30,14,8,37,89,0,0,20,12,32,30,14,28,49,121,24,186,210,331
03/18/2022,HRL,TX,ASW,CE,Federal Contract Tower,37,15,5,5,62,0,0,8,0,8,37,15,13,5,70,0,8,8,78
03/19/2022,HRL,TX,ASW,CE,Federal Contract Tower,20,13,8,0,41,0,0,15,0,15,20,13,23,0,56,24,0,24,80
03/20/2022,HRL,TX,ASW,CE,Federal Contract Tower,20,15,3,0,38,0,0,10,0,10,20,15,13,0,48,2,0,2,50
03/21/2022,HRL,TX,ASW,CE,Federal Contract Tower,24,6,5,13,48,0,0,5,4,9,24,6,10,17,57,0,76,76,133
03/22/2022,HRL,TX,ASW,CE,Federal Contract Tower,28,6,5,15,54,0,0,27,13,40,28,6,32,28,94,22,86,108,202
03/23/2022,HRL,TX,ASW,CE,Federal Contract Tower,33,11,14,8,66,0,0,20,9,29,33,11,34,17,95,8,114,122,217
03/24/2022,HRL,TX,ASW,CE,Federal Contract Tower,33,11,8,15,67,0,0,31,6,37,33,11,39,21,104,26,26,52,156
03/25/2022,HRL,TX,ASW,CE,Federal Contract Tower,37,7,6,10,60,0,0,34,6,40,37,7,40,16,100,58,104,162,262
03/26/2022,HRL,TX,ASW,CE,Federal Contract Tower,16,14,4,6,40,0,0,18,2,20,16,14,22,8,60,2,8,10,70
03/27/2022,HRL,TX,ASW,CE,Federal Contract Tower,22,11,4,5,42,0,0,11,0,11,22,11,15,5,53,2,2,4,57
03/28/2022,HRL,TX,ASW,CE,Federal Contract Tower,27,8,9,37,81,0,0,34,9,43,27,8,43,46,124,14,110,124,248
03/29/2022,HRL,TX,ASW,CE,Federal Contract Tower,28,11,5,20,64,0,0,9,0,9,28,11,14,20,73,0,46,46,119
03/30/2022,HRL,TX,ASW,CE,Federal Contract Tower,33,14,10,8,65,0,0,31,7,38,33,14,41,15,103,12,28,40,143
03/31/2022,HRL,TX,ASW,CE,Federal Contract Tower,31,13,13,19,76,0,0,25,3,28,31,13,38,22,104,34,60,94,198
04/01/2022,HRL,TX,ASW,CE,Federal Contract Tower,35,9,9,10,63,0,0,24,1,25,35,9,33,11,88,16,28,44,132
04/02/2022,HRL,TX,ASW,CE,Federal Contract Tower,21,11,4,10,46,0,0,12,0,12,21,11,16,10,58,40,12,52,110
04/03/2022,HRL,TX,ASW,CE,Federal Contract Tower,25,10,7,6,48,0,0,8,0,8,25,10,15,6,56,0,0,0,56
04/04/2022,HRL,TX,ASW,CE,Federal Contract Tower,27,9,12,9,57,0,0,24,3,27,27,9,36,12,84,50,88,138,222
04/05/2022,HRL,TX,ASW,CE,Federal Contract Tower,27,8,12,8,55,0,0,20,6,26,27,8,32,14,81,30,30,60,141
04/06/2022,HRL,TX,ASW,CE,Federal Contract Tower,34,11,6,20,71,0,0,26,1,27,34,11,32,21,98,22,72,94,192
04/07/2022,HRL,TX,ASW,CE,Federal Contract Tower,33,11,13,6,63,0,0,37,0,37,33,11,50,6,100,26,2,28,128
04/08/2022,HRL,TX,ASW,CE,Federal Contract Tower,33,6,10,17,66,0,0,21,4,25,33,6,31,21,91,14,58,72,163
04/09/2022,HRL,TX,ASW,CE,Federal Contract Tower,12,14,5,5,36,0,0,13,0,13,12,14,18,5,49,6,10,16,65
04/10/2022,HRL,TX,ASW,CE,Federal Contract Tower,21,10,7,4,42,0,0,6,0,6,21,10,13,4,48,4,6,10,58
04/11/2022,HRL,TX,ASW,CE,Federal Contract Tower,30,7,6,20,63,0,0,15,9,24,30,7,21,29,87,12,142,154,241
04/12/2022,HRL,TX,ASW,CE,Federal Contract Tower,29,6,10,23,68,0,0,16,0,16,29,6,26,23,84,12,48,60,144
04/13/2022,HRL,TX,ASW,CE,Federal Contract Tower,29,6,10,15,60,0,0,29,5,34,29,6,39,20,94,46,66,112,206
04/14/2022,HRL,TX,ASW,CE,Federal Contract Tower,24,9,11,3,47,0,0,10,0,10,24,9,21,3,57,0,6,6,63
04/15/2022,HRL,TX,ASW,CE,Federal Contract Tower,27,8,12,9,56,0,0,16,0,16,27,8,28,9,72,34,48,82,154
04/16/2022,HRL,TX,ASW,CE,Federal Contract Tower,24,7,5,0,36,0,0,16,0,16,24,7,21,0,52,36,0,36,88
04/17/2022,HRL,TX,ASW,CE,Federal Contract Tower,21,11,3,2,37,0,0,7,4,11,21,11,10,6,48,16,10,26,74
04/18/2022,HRL,TX,ASW,CE,Federal Contract Tower,25,7,9,23,64,0,0,33,9,42,25,7,42,32,106,50,104,154,260
04/19/2022,HRL,TX,ASW,CE,Federal Contract Tower,32,7,10,5,54,0,0,9,0,9,32,7,19,5,63,16,2,18,81
04/20/2022,HRL,TX,ASW,CE,Federal Contract Tower,39,6,13,17,75,0,0,31,1,32,39,6,44,18,107,6,42,48,155
04/21/2022,HRL,TX,ASW,CE,Federal Contract Tower,30,12,9,19,70,0,1,32,3,36,30,13,41,22,106,36,30,66,172
04/22/2022,HRL,TX,ASW,CE,Federal Contract Tower,35,9,14,0,58,0,0,20,10,30,35,9,34,10,88,62,102,164,252
04/23/2022,HRL,TX,ASW,CE,Federal Contract Tower,15,15,6,6,42,0,0,10,0,10,15,15,16,6,52,26,8,34,86
04/24/2022,HRL,TX,ASW,CE,Federal Contract Tower,18,10,5,2,35,0,0,3,0,3,18,10,8,2,38,2,2,4,42
04/25/2022,HRL,TX,ASW,CE,Federal Contract Tower,26,12,11,10,59,0,0,18,9,27,26,12,29,19,86,46,48,94,180
04/26/2022,HRL,TX,ASW,CE,Federal Contract Tower,30,8,9,2,49,0,0,5,0,5,30,8,14,2,54,8,0,8,62
04/27/2022,HRL,TX,ASW,CE,Federal Contract Tower,38,8,11,9,66,0,0,35,2,37,38,8,46,11,103,58,48,106,209
04/28/2022,HRL,TX,ASW,CE,Federal Contract Tower,34,10,11,29,84,0,0,33,5,38,34,10,44,34,122,42,74,116,238
04/29/2022,HRL,TX,ASW,CE,Federal Contract Tower,37,7,13,9,66,0,0,30,14,44,37,7,43,23,110,72,93,165,275
04/30/2022,HRL,TX,ASW,CE,Federal Contract Tower,18,8,1,5,32,0,0,17,1,18,18,8,18,6,50,26,6,32,82
05/01/2022,HRL,TX,ASW,CE,Federal Contract Tower,24,9,7,3,43,0,0,10,0,10,24,9,17,3,53,6,6,12,65
05/02/2022,HRL,TX,ASW,CE,Federal Contract Tower,33,6,10,24,73,0,0,19,2,21,33,6,29,26,94,28,88,116,210
05/03/2022,HRL,TX,ASW,CE,Federal Contract Tower,29,21,10,15,75,0,0,25,0,25,29,21,35,15,100,28,78,106,206
05/04/2022,HRL,TX,ASW,CE,Federal Contract Tower,33,11,9,18,71,0,0,19,6,25,33,11,28,24,96,2,106,108,204
05/05/2022,HRL,TX,ASW,CE,Federal Contract Tower,30,5,12,25,72,0,0,24,3,27,30,5,36,28,99,42,44,86,185
05/06/2022,HRL,TX,ASW,CE,Federal Contract Tower,33,6,7,14,60,0,0,21,4,25,33,6,28,18,85,46,40,86,171
05/07/2022,HRL,TX,ASW,CE,Federal Contract Tower,22,5,6,1,34,0,1,23,0,24,22,6,29,1,58,0,62,62,120
05/08/2022,HRL,TX,ASW,CE,Federal Contract Tower,22,9,7,5,43,0,0,9,0,9,22,9,16,5,52,2,6,8,60
05/09/2022,HRL,TX,ASW,CE,Federal Contract Tower,28,6,11,12,57,0,0,38,0,38,28,6,49,12,95,42,16,58,153
05/10/2022,HRL,TX,ASW,CE,Federal Contract Tower,29,10,17,14,70,0,0,23,7,30,29,10,40,21,100,34,48,82,182
05/11/2022,HRL,TX,ASW,CE,Federal Contract Tower,38,5,10,10,63,0,4,41,0,45,38,9,51,10,108,58,6,64,172
05/12/2022,HRL,TX,ASW,CE,Federal Contract Tower,34,8,8,18,68,0,2,33,7,42,34,10,41,25,110,14,120,134,244
05/13/2022,HRL,TX,ASW,CE,Federal Contract Tower,39,3,6,10,58,0,0,18,1,19,39,3,24,11,77,78,56,134,211
05/14/2022,HRL,TX,ASW,CE,Federal Contract Tower,22,6,1,2,31,0,0,38,1,39,22,6,39,3,70,36,2,38,108
05/15/2022,HRL,TX,ASW,CE,Federal Contract Tower,28,5,1,13,47,0,0,14,2,16,28,5,15,15,63,14,18,32,95
05/16/2022,HRL,TX,ASW,CE,Federal Contract Tower,33,4,11,13,61,0,1,30,10,41,33,5,41,23,102,16,36,52,154
05/17/2022,HRL,TX,ASW,CE,Federal Contract Tower,30,6,6,16,58,0,0,17,15,32,30,6,23,31,90,18,102,120,210
05/18/2022,HRL,TX,ASW,CE,Federal Contract Tower,39,7,12,7,65,1,0,20,0,21,40,7,32,7,86,10,8,18,104
05/19/2022,HRL,TX,ASW,CE,Federal Contract Tower,31,9,13,17,70,0,0,20,24,44,31,9,33,41,114,20,192,212,326
05/20/2022,HRL,TX,ASW,CE,Federal Contract Tower,33,7,11,9,60,0,0,4,6,10,33,7,15,15,70,4,120,124,194
05/21/2022,HRL,TX,ASW,CE,Federal Contract Tower,20,9,5,12,46,0,0,8,0,8,20,9,13,12,54,4,18,22,76
05/22/2022,HRL,TX,ASW,CE,Federal Contract Tower,30,5,5,2,42,0,0,4,0,4,30,5,9,2,46,14,0,14,60
05/23/2022,HRL,TX,ASW,CE,Federal Contract Tower,29,5,9,14,57,0,0,18,5,23,29,5,27,19,80,28,44,72,152
05/24/2022,HRL,TX,ASW,CE,Federal Contract Tower,34,6,5,25,70,0,0,5,6,11,34,6,10,31,81,22,76,98,179
05/25/2022,HRL,TX,ASW,CE,Federal Contract Tower,37,6,14,17,74,0,0,22,2,24,37,6,36,19,98,30,18,48,146
05/26/2022,HRL,TX,ASW,CE,Federal Contract Tower,38,7,9,9,63,1,0,21,2,24,39,7,30,11,87,30,56,86,173
05/27/2022,HRL,TX,ASW,CE,Federal Contract Tower,38,3,13,3,57,0,0,18,2,20,38,3,31,5,77,48,2,50,127
05/28/2022,HRL,TX,ASW,CE,Federal Contract Tower,23,11,2,0,36,0,0,13,0,13,23,11,15,0,49,2,0,2,51
05/29/2022,HRL,TX,ASW,CE,Federal Contract Tower,23,7,4,0,34,0,0,7,0,7,23,7,11,0,41,2,0,2,43
05/30/2022,HRL,TX,ASW,CE,Federal Contract Tower,35,5,4,0,44,0,0,18,2,20,35,5,22,2,64,18,0,18,82
05/31/2022,HRL,TX,ASW,CE,Federal Contract Tower,32,6,15,26,79,0,0,19,0,19,32,6,34,26,98,36,36,72,170
06/01/2022,HRL,TX,ASW,CE,Federal Contract Tower,33,5,13,30,81,0,0,14,2,16,33,5,27,32,97,38,90,128,225
06/02/2022,HRL,TX,ASW,CE,Federal Contract Tower,31,7,5,17,60,0,0,22,7,29,31,7,27,24,89,38,16,54,143
06/03/2022,HRL,TX,ASW,CE,Federal Contract Tower,33,10,6,8,57,0,0,16,1,17,33,10,22,9,74,18,30,48,122
06/04/2022,HRL,TX,ASW,CE,Federal Contract Tower,19,9,0,15,43,0,1,16,3,20,19,10,16,18,63,0,20,20,83
06/05/2022,HRL,TX,ASW,CE,Federal Contract Tower,20,10,6,3,39,0,0,8,2,10,20,10,14,5,49,0,2,2,51
06/06/2022,HRL,TX,ASW,CE,Federal Contract Tower,27,11,2,12,52,0,0,7,11,18,27,11,9,23,70,4,114,118,188
06/07/2022,HRL,TX,ASW,CE,Federal Contract Tower,34,8,13,22,77,0,2,17,12,31,34,10,30,34,108,34,140,174,282
06/08/2022,HRL,TX,ASW,CE,Federal Contract Tower,43,8,6,12,69,0,0,17,1,18,43,8,23,13,87,14,24,38,125
06/09/2022,HRL,TX,ASW,CE,Federal Contract Tower,25,10,11,21,67,0,0,29,6,35,25,10,40,27,102,18,26,44,146
06/10/2022,HRL,TX,ASW,CE,Federal Contract Tower,35,9,4,11,59,0,0,26,8,34,35,9,30,19,93,12,56,68,161
06/11/2022,HRL,TX,ASW,CE,Federal Contract Tower,25,11,3,10,49,0,0,12,3,15,25,11,15,13,64,2,40,42,106
06/12/2022,HRL,TX,ASW,CE,Federal Contract Tower,23,9,7,3,42,0,0,8,0,8,23,9,15,3,50,4,6,10,60
06/13/2022,HRL,TX,ASW,CE,Federal Contract Tower,33,8,3,0,44,0,0,17,1,18,33,8,20,1,62,10,2,12,74
06/14/2022,HRL,TX,ASW,CE,Federal Contract Tower,36,7,17,17,77,0,0,9,9,18,36,7,26,26,95,30,182,212,307
06/15/2022,HRL,TX,ASW,CE,Federal Contract Tower,41,8,15,29,93,0,0,14,0,14,41,8,29,29,107,2,38,40,147
06/16/2022,HRL,TX,ASW,CE,Federal Contract Tower,26,9,9,14,58,0,0,18,0,18,26,9,27,14,76,46,20,66,142
06/17/2022,HRL,TX,ASW,CE,Federal Contract Tower,37,11,10,14,72,0,0,21,15,36,37,11,31,29,108,11,114,125,233
06/18/2022,HRL,TX,ASW,CE,Federal Contract Tower,23,11,2,7,43,0,0,16,0,16,23,11,18,7,59,0,6,6,65
06/19/2022,HRL,TX,ASW,CE,Federal Contract Tower,24,8,6,7,45,0,0,2,6,8,24,8,8,13,53,0,12,12,65
06/20/2022,HRL,TX,ASW,CE,Federal Contract Tower,34,11,10,9,64,0,0,22,0,22,34,11,32,9,86,8,10,18,104
06/21/2022,HRL,TX,ASW,CE,Federal Contract Tower,32,7,8,14,61,0,0,18,4,22,32,7,26,18,83,16,2,18,101
06/22/2022,HRL,TX,ASW,CE,Federal Contract Tower,47,7,8,29,91,0,0,23,5,28,47,7,31,34,119,30,96,126,245
06/23/2022,HRL,TX,ASW,CE,Federal Contract Tower,31,7,11,26,75,0,0,15,2,17,31,7,26,28,92,0,8,8,100
06/24/2022,HRL,TX,ASW,CE,Federal Contract Tower,43,3,3,7,56,0,0,14,10,24,43,3,17,17,80,2,26,28,108
06/25/2022,HRL,TX,ASW,CE,Federal Contract Tower,24,8,7,3,42,0,0,20,6,26,24,8,27,9,68,12,56,68,136
06/26/2022,HRL,TX,ASW,CE,Federal Contract Tower,25,2,2,4,33,0,0,3,3,6,25,2,5,7,39,2,16,18,57
06/27/2022,HRL,TX,ASW,CE,Federal Contract Tower,36,5,7,10,58,0,0,12,0,12,36,5,19,10,70,24,10,34,104
06/28/2022,HRL,TX,ASW,CE,Federal Contract Tower,32,6,12,17,67,0,0,11,0,11,32,6,23,17,78,6,28,34,112
06/29/2022,HRL,TX,ASW,CE,Federal Contract Tower,42,6,18,14,80,0,0,21,2,23,42,6,39,16,103,10,64,74,177
06/30/2022,HRL,TX,ASW,CE,Federal Contract Tower,31,4,15,13,63,0,1,39,8,48,31,5,54,21,111,8,71,79,190
07/01/2022,HRL,TX,ASW,CE,Federal Contract Tower,34,6,4,3,47,0,2,41,2,45,34,8,45,5,92,22,6,28,120
07/02/2022,HRL,TX,ASW,CE,Federal Contract Tower,19,12,2,1,34,0,2,33,1,36,19,14,35,2,70,60,20,80,150
07/03/2022,HRL,TX,ASW,CE,Federal Contract Tower,22,8,1,0,31,0,0,0,0,0,22,8,1,0,31,0,0,0,31
07/04/2022,HRL,TX,ASW,CE,Federal Contract Tower,27,8,4,0,39,0,0,12,0,12,27,8,16,0,51,4,0,4,55
07/05/2022,HRL,TX,ASW,CE,Federal Contract Tower,28,6,9,1,44,0,0,29,1,30,28,6,38,2,74,14,2,16,90
07/06/2022,HRL,TX,ASW,CE,Federal Contract Tower,42,7,7,6,62,0,0,39,7,46,42,7,46,13,108,16,94,110,218
07/07/2022,HRL,TX,ASW,CE,Federal Contract Tower,30,9,7,16,62,0,0,35,3,38,30,9,42,19,100,20,30,50,150
07/08/2022,HRL,TX,ASW,CE,Federal Contract Tower,35,7,1,16,59,0,2,20,6,28,35,9,21,22,87,0,34,34,121
07/09/2022,HRL,TX,ASW,CE,Federal Contract Tower,24,8,2,9,43,0,1,29,0,30,24,9,31,9,73,12,12,24,97
07/10/2022,HRL,TX,ASW,CE,Federal Contract Tower,20,5,4,0,29,0,0,27,2,29,20,5,31,2,58,2,0,2,60
07/11/2022,HRL,TX,ASW,CE,Federal Contract Tower,32,7,14,7,60,0,2,24,8,34,32,9,38,15,94,0,32,32,126
07/12/2022,HRL,TX,ASW,CE,Federal Contract Tower,32,8,5,15,60,0,0,21,7,28,32,8,26,22,88,20,30,50,138
07/13/2022,HRL,TX,ASW,CE,Federal Contract Tower,44,6,12,12,74,0,0,35,4,39,44,6,47,16,113,20,42,62,175
07/14/2022,HRL,TX,ASW,CE,Federal Contract Tower,35,8,4,11,58,0,0,34,1,35,35,8,38,12,93,4,16,20,113
07/15/2022,HRL,TX,ASW,CE,Federal Contract Tower,38,8,12,10,68,0,0,18,6,24,38,8,30,16,92,0,62,62,154
07/16/2022,HRL,TX,ASW,CE,Federal Contract Tower,20,8,2,0,30,0,17,0,3,20,20,25,2,3,50,28,0,28,78
07/17/2022,HRL,TX,ASW,CE,Federal Contract Tower,24,7,5,4,40,0,0,15,2,17,24,7,20,6,57,12,10,22,79
07/18/2022,HRL,TX,ASW,CE,Federal Contract Tower,33,7,17,21,78,0,0,34,3,37,33,7,51,24,115,32,56,88,203
07/19/2022,HRL,TX,ASW,CE,Federal Contract Tower,31,8,5,37,81,0,0,20,10,30,31,8,25,47,111,16,248,264,375
07/20/2022,HRL,TX,ASW,CE,Federal Contract Tower,40,7,16,30,93,0,0,7,1,8,40,7,23,31,101,0,68,68,169
07/21/2022,HRL,TX,ASW,CE,Federal Contract Tower,32,6,12,25,75,0,2,20,6,28,32,8,32,31,103,50,112,162,265
07/22/2022,HRL,TX,ASW,CE,Federal Contract Tower,34,6,10,6,56,0,0,29,0,29,34,6,39,6,85,36,12,48,133
07/23/2022,HRL,TX,ASW,CE,Federal Contract Tower,25,10,4,13,52,0,0,14,0,14,25,10,18,13,66,10,20,30,96
07/24/2022,HRL,TX,ASW,CE,Federal Contract Tower,24,5,7,0,36,0,0,2,0,2,24,5,9,0,38,0,0,0,38
07/25/2022,HRL,TX,ASW,CE,Federal Contract Tower,28,6,3,25,62,0,0,25,5,30,28,6,28,30,92,18,32,50,142
07/26/2022,HRL,TX,ASW,CE,Federal Contract Tower,30,9,7,23,69,0,0,26,4,30,30,9,33,27,99,24,38,62,161
07/27/2022,HRL,TX,ASW,CE,Federal Contract Tower,42,10,10,6,68,0,0,24,0,24,42,10,34,6,92,22,4,26,118
07/28/2022,HRL,TX,ASW,CE,Federal Contract Tower,36,10,9,24,79,0,0,21,0,21,36,10,30,24,100,42,52,94,194
07/29/2022,HRL,TX,ASW,CE,Federal Contract Tower,44,6,10,4,64,0,0,19,0,19,44,6,29,4,83,52,4,56,139
07/30/2022,HRL,TX,ASW,CE,Federal Contract Tower,25,9,2,5,41,0,0,13,2,15,25,9,15,7,56,10,6,16,72
07/31/2022,HRL,TX,ASW,CE,Federal Contract Tower,24,5,10,2,41,0,0,7,0,7,24,5,17,2,48,12,28,40,88
08/01/2022,HRL,TX,ASW,CE,Federal Contract Tower,30,8,5,12,55,0,0,19,5,24,30,8,24,17,79,26,72,98,177
08/02/2022,HRL,TX,ASW,CE,Federal Contract Tower,32,6,10,15,63,0,2,28,6,36,32,8,38,21,99,26,102,128,227
08/03/2022,HRL,TX,ASW,CE,Federal Contract Tower,41,11,10,20,82,0,0,32,7,39,41,11,42,27,121,8,130,138,259
08/04/2022,HRL,TX,ASW,CE,Federal Contract Tower,30,6,3,17,56,0,0,26,4,30,30,6,29,21,86,8,100,108,194
08/05/2022,HRL,TX,ASW,CE,Federal Contract Tower,32,6,4,19,61,0,0,27,6,33,32,6,31,25,94,14,32,46,140
08/06/2022,HRL,TX,ASW,CE,Federal Contract Tower,25,8,1,6,40,0,1,17,1,19,25,9,18,7,59,26,4,30,89
08/07/2022,HRL,TX,ASW,CE,Federal Contract Tower,25,7,5,1,38,0,0,12,0,12,25,7,17,1,50,6,2,8,58
08/08/2022,HRL,TX,ASW,CE,Federal Contract Tower,27,7,13,35,82,0,0,13,2,15,27,7,26,37,97,2,58,60,157
08/09/2022,HRL,TX,ASW,CE,Federal Contract Tower,29,7,9,17,62,0,0,29,5,34,29,7,38,22,96,18,162,180,276
08/10/2022,HRL,TX,ASW,CE,Federal Contract Tower,31,6,12,28,77,0,0,21,2,23,31,6,33,30,100,32,60,92,192
08/11/2022,HRL,TX,ASW,CE,Federal Contract Tower,32,9,10,18,69,0,0,27,7,34,32,9,37,25,103,20,34,54,157
08/12/2022,HRL,TX,ASW,CE,Federal Contract Tower,31,6,7,0,44,0,0,25,0,25,31,6,32,0,69,12,0,12,81
08/13/2022,HRL,TX,ASW,CE,Federal Contract Tower,23,10,12,0,45,0,0,7,0,7,23,10,19,0,52,10,0,10,62
08/14/2022,HRL,TX,ASW,CE,Federal Contract Tower,23,6,4,1,34,0,0,1,0,1,23,6,5,1,35,0,0,0,35
08/15/2022,HRL,TX,ASW,CE,Federal Contract Tower,29,8,11,3,51,0,0,14,0,14,29,8,25,3,65,2,18,20,85
08/16/2022,HRL,TX,ASW,CE,Federal Contract Tower,37,10,15,6,68,0,0,23,2,25,37,10,38,8,93,26,10,36,129
08/17/2022,HRL,TX,ASW,CE,Federal Contract Tower,38,8,4,15,65,0,0,23,0,23,38,8,27,15,88,13,18,31,119
08/18/2022,HRL,TX,ASW,CE,Federal Contract Tower,36,5,13,24,78,0,0,23,4,27,36,5,36,28,105,38,60,98,203
08/19/2022,HRL,TX,ASW,CE,Federal Contract Tower,32,7,5,31,75,0,0,19,6,25,32,7,24,37,100,18,34,52,152
08/20/2022,HRL,TX,ASW,CE,Federal Contract Tower,22,13,8,4,47,0,0,11,0,11,22,13,19,4,58,10,6,16,74
08/21/2022,HRL,TX,ASW,CE,Federal Contract Tower,24,4,5,10,43,0,0,3,0,3,24,4,8,10,46,4,20,24,70
08/22/2022,HRL,TX,ASW,CE,Federal Contract Tower,26,7,11,38,82,0,1,24,13,38,26,8,35,51,120,24,78,102,222
08/23/2022,HRL,TX,ASW,CE,Federal Contract Tower,37,11,15,32,95,0,0,30,7,37,37,11,45,39,132,22,58,80,212
08/24/2022,HRL,TX,ASW,CE,Federal Contract Tower,44,3,16,25,88,0,0,29,11,40,44,3,45,36,128,74,92,166,294
08/25/2022,HRL,TX,ASW,CE,Federal Contract Tower,43,6,8,17,74,0,0,19,0,19,43,6,27,17,93,0,30,30,123
08/26/2022,HRL,TX,ASW,CE,Federal Contract Tower,47,8,19,0,74,0,0,10,0,10,47,8,29,0,84,2,0,2,86
08/27/2022,HRL,TX,ASW,CE,Federal Contract Tower,26,7,4,8,45,0,0,13,3,16,26,7,17,11,61,14,6,20,81
08/28/2022,HRL,TX,ASW,CE,Federal Contract Tower,31,7,15,3,56,0,0,9,3,12,31,7,24,6,68,2,16,18,86
08/29/2022,HRL,TX,ASW,CE,Federal Contract Tower,33,4,8,25,70,0,1,15,14,30,33,5,23,39,100,22,174,196,296
08/30/2022,HRL,TX,ASW,CE,Federal Contract Tower,43,6,8,62,119,0,0,30,11,41,43,6,38,73,160,59,184,243,403
08/31/2022,HRL,TX,ASW,CE,Federal Contract Tower,47,3,7,36,93,0,0,16,11,27,47,3,23,47,120,92,62,154,274
09/01/2022,HRL,TX,ASW,CE,Federal Contract Tower,39,6,5,7,57,0,0,24,8,32,39,6,29,15,89,38,20,58,147
09/02/2022,HRL,TX,ASW,CE,Federal Contract Tower,45,7,10,8,70,0,0,23,0,23,45,7,33,8,93,24,12,36,129
09/03/2022,HRL,TX,ASW,CE,Federal Contract Tower,23,7,7,0,37,0,0,7,2,9,23,7,14,2,46,10,4,14,60
09/04/2022,HRL,TX,ASW,CE,Federal Contract Tower,18,8,2,0,28,0,0,1,0,1,18,8,3,0,29,0,0,0,29
09/05/2022,HRL,TX,ASW,CE,Federal Contract Tower,38,8,2,6,54,0,0,11,0,11,38,8,13,6,65,24,4,28,93
09/06/2022,HRL,TX,ASW,CE,Federal Contract Tower,40,7,9,3,59,0,0,21,9,30,40,7,30,12,89,34,44,78,167
09/07/2022,HRL,TX,ASW,CE,Federal Contract Tower,38,11,9,19,77,0,0,17,4,21,38,11,26,23,98,26,58,84,182
09/08/2022,HRL,TX,ASW,CE,Federal Contract Tower,39,7,6,26,78,0,0,20,11,31,39,7,26,37,109,52,35,87,196
09/09/2022,HRL,TX,ASW,CE,Federal Contract Tower,37,8,16,9,70,0,0,28,8,36,37,8,44,17,106,26,50,76,182
09/10/2022,HRL,TX,ASW,CE,Federal Contract Tower,27,5,6,0,38,0,0,12,0,12,27,5,18,0,50,2,0,2,52
09/11/2022,HRL,TX,ASW,CE,Federal Contract Tower,26,6,8,0,40,0,0,9,0,9,26,6,17,0,49,0,0,0,49
09/12/2022,HRL,TX,ASW,CE,Federal Contract Tower,34,7,11,18,70,0,0,22,3,25,34,7,33,21,95,34,36,70,165
09/13/2022,HRL,TX,ASW,CE,Federal Contract Tower,33,9,7,30,79,0,0,39,8,47,33,9,46,38,126,50,48,98,224
09/14/2022,HRL,TX,ASW,CE,Federal Contract Tower,41,9,12,1,63,0,0,25,2,27,41,9,37,3,90,28,2,30,120
09/15/2022,HRL,TX,ASW,CE,Federal Contract Tower,37,6,9,0,52,0,0,19,4,23,37,6,28,4,75,0,2,2,77
09/16/2022,HRL,TX,ASW,CE,Federal Contract Tower,38,7,12,13,70,0,0,17,6,23,38,7,29,19,93,38,62,100,193
09/17/2022,HRL,TX,ASW,CE,Federal Contract Tower,26,7,1,5,39,0,0,8,2,10,26,7,9,7,49,34,6,40,89
09/18/2022,HRL,TX,ASW,CE,Federal Contract Tower,25,6,5,3,39,0,0,8,2,10,25,6,13,5,49,8,6,14,63
09/19/2022,HRL,TX,ASW,CE,Federal Contract Tower,32,8,10,10,60,0,0,34,1,35,32,8,44,11,95,26,56,82,177
09/20/2022,HRL,TX,ASW,CE,Federal Contract Tower,34,9,9,10,62,0,0,30,4,34,34,9,39,14,96,6,16,22,118
09/21/2022,HRL,TX,ASW,CE,Federal Contract Tower,39,7,18,8,72,0,0,26,10,36,39,7,44,18,108,8,130,138,246
09/22/2022,HRL,TX,ASW,CE,Federal Contract Tower,42,6,20,19,87,0,0,19,5,24,42,6,39,24,111,6,92,98,209
09/23/2022,HRL,TX,ASW,CE,Federal Contract Tower,35,7,8,14,64,0,1,15,4,20,35,8,23,18,84,34,44,78,162
09/24/2022,HRL,TX,ASW,CE,Federal Contract Tower,25,5,13,0,43,0,0,1,0,1,25,5,14,0,44,2,0,2,46
09/25/2022,HRL,TX,ASW,CE,Federal Contract Tower,25,3,9,3,40,0,0,1,0,1,25,3,10,3,41,10,2,12,53
09/26/2022,HRL,TX,ASW,CE,Federal Contract Tower,34,5,12,6,57,0,1,18,0,19,34,6,30,6,76,8,56,64,140
09/27/2022,HRL,TX,ASW,CE,Federal Contract Tower,34,7,12,6,59,0,0,12,5,17,34,7,24,11,76,34,62,96,172
09/28/2022,HRL,TX,ASW,CE,Federal Contract Tower,41,5,6,11,63,0,0,32,0,32,41,5,38,11,95,14,24,38,133
09/29/2022,HRL,TX,ASW,CE,Federal Contract Tower,34,4,13,13,64,0,0,14,3,17,34,4,27,16,81,36,68,104,185
09/30/2022,HRL,TX,ASW,CE,Federal Contract Tower,36,10,10,7,63,0,2,23,3,28,36,12,33,10,91,20,8,28,119
10/01/2022,HRL,TX,ASW,CE,Federal Contract Tower,25,4,9,9,47,0,0,13,2,15,25,4,22,11,62,20,10,30,92
10/02/2022,HRL,TX,ASW,CE,Federal Contract Tower,27,6,5,0,38,0,0,4,1,5,27,6,9,1,43,2,0,2,45
10/03/2022,HRL,TX,ASW,CE,Federal Contract Tower,39,6,7,9,61,0,0,26,0,26,39,6,33,9,87,2,50,52,139
10/04/2022,HRL,TX,ASW,CE,Federal Contract Tower,40,5,5,27,77,0,0,35,7,42,40,5,40,34,119,42,106,148,267
10/05/2022,HRL,TX,ASW,CE,Federal Contract Tower,39,6,6,13,64,0,0,18,4,22,39,6,24,17,86,22,116,138,224
10/06/2022,HRL,TX,ASW,CE,Federal Contract Tower,37,4,14,25,80,0,0,28,2,30,37,4,42,27,110,14,64,78,188
10/07/2022,HRL,TX,ASW,CE,Federal Contract Tower,33,7,14,5,59,0,0,13,1,14,33,7,27,6,73,10,34,44,117
10/08/2022,HRL,TX,ASW,CE,Federal Contract Tower,27,4,6,0,37,0,0,14,0,14,27,4,20,0,51,46,0,46,97
10/09/2022,HRL,TX,ASW,CE,Federal Contract Tower,25,4,7,0,36,0,0,10,0,10,25,4,17,0,46,0,0,0,46
10/10/2022,HRL,TX,ASW,CE,Federal Contract Tower,29,6,3,0,38,0,0,10,0,10,29,6,13,0,48,0,0,0,48
10/11/2022,HRL,TX,ASW,CE,Federal Contract Tower,37,5,11,18,71,0,0,29,0,29,37,5,40,18,100,28,20,48,148
10/12/2022,HRL,TX,ASW,CE,Federal Contract Tower,42,5,11,10,68,0,0,26,0,26,42,5,37,10,94,66,64,130,224
10/13/2022,HRL,TX,ASW,CE,Federal Contract Tower,33,4,13,23,73,0,0,18,8,26,33,4,31,31,99,32,152,184,283
10/14/2022,HRL,TX,ASW,CE,Federal Contract Tower,43,7,9,6,65,0,0,6,4,10,43,7,15,10,75,30,88,118,193
10/15/2022,HRL,TX,ASW,CE,Federal Contract Tower,29,4,1,2,36,0,0,8,1,9,29,4,9,3,45,20,18,38,83
10/16/2022,HRL,TX,ASW,CE,Federal Contract Tower,22,10,9,2,43,0,0,7,0,7,22,10,16,2,50,6,2,8,58
10/17/2022,HRL,TX,ASW,CE,Federal Contract Tower,31,10,12,27,80,0,0,12,9,21,31,10,24,36,101,8,162,170,271
10/18/2022,HRL,TX,ASW,CE,Federal Contract Tower,37,9,14,8,68,0,0,10,7,17,37,9,24,15,85,14,180,194,279
10/19/2022,HRL,TX,ASW,CE,Federal Contract Tower,42,6,13,12,73,0,0,21,0,21,42,6,34,12,94,64,12,76,170
10/20/2022,HRL,TX,ASW,CE,Federal Contract Tower,30,17,16,12,75,0,0,27,8,35,30,17,43,20,110,58,54,112,222
10/21/2022,HRL,TX,ASW,CE,Federal Contract Tower,40,8,7,2,57,0,0,13,3,16,40,8,20,5,73,8,12,20,93
10/22/2022,HRL,TX,ASW,CE,Federal Contract Tower,24,6,5,7,42,0,0,20,0,20,24,6,25,7,62,24,10,34,96
10/23/2022,HRL,TX,ASW,CE,Federal Contract Tower,24,9,13,4,50,0,0,10,1,11,24,9,23,5,61,20,8,28,89
10/24/2022,HRL,TX,ASW,CE,Federal Contract Tower,31,14,5,33,83,0,1,14,1,16,31,15,19,34,99,8,224,232,331
10/25/2022,HRL,TX,ASW,CE,Federal Contract Tower,36,5,9,16,66,0,0,35,20,55,36,5,44,36,121,52,196,248,369
10/26/2022,HRL,TX,ASW,CE,Federal Contract Tower,41,6,19,15,81,0,0,21,5,26,41,6,40,20,107,24,52,76,183
10/27/2022,HRL,TX,ASW,CE,Federal Contract Tower,38,6,10,16,70,0,0,22,4,26,38,6,32,20,96,26,24,50,146
10/28/2022,HRL,TX,ASW,CE,Federal Contract Tower,40,4,5,19,68,0,2,16,7,25,40,6,21,26,93,16,48,64,157
10/29/2022,HRL,TX,ASW,CE,Federal Contract Tower,27,7,8,3,45,0,1,18,0,19,27,8,26,3,64,6,2,8,72
10/30/2022,HRL,TX,ASW,CE,Federal Contract Tower,29,9,12,0,50,0,0,3,0,3,29,9,15,0,53,0,0,0,53
10/31/2022,HRL,TX,ASW,CE,Federal Contract Tower,27,6,12,16,61,0,0,8,2,10,27,6,20,18,71,0,18,18,89
11/01/2022,HRL,TX,ASW,CE,Federal Contract Tower,32,9,10,15,66,0,0,12,1,13,32,9,22,16,79,22,42,64,143
11/02/2022,HRL,TX,ASW,CE,Federal Contract Tower,52,5,7,10,74,0,0,4,0,4,52,5,11,10,78,42,6,48,126
11/03/2022,HRL,TX,ASW,CE,Federal Contract Tower,45,9,13,14,81,0,0,27,15,42,45,9,40,29,123,54,194,248,371
11/04/2022,HRL,TX,ASW,CE,Federal Contract Tower,36,4,9,17,66,0,0,11,6,17,36,4,20,23,83,0,26,26,109
11/05/2022,HRL,TX,ASW,CE,Federal Contract Tower,24,7,3,6,40,0,0,8,0,8,24,7,11,6,48,42,12,54,102
11/06/2022,HRL,TX,ASW,CE,Federal Contract Tower,26,4,5,7,42,0,0,6,0,6,26,4,11,7,48,18,6,24,72
11/07/2022,HRL,TX,ASW,CE,Federal Contract Tower,32,5,18,2,57,0,0,15,0,15,32,5,33,2,72,8,0,8,80
11/08/2022,HRL,TX,ASW,CE,Federal Contract Tower,40,4,9,2,55,0,2,25,8,35,40,6,34,10,90,28,62,90,180
11/09/2022,HRL,TX,ASW,CE,Federal Contract Tower,47,9,9,4,69,0,0,30,24,54,47,9,39,28,123,0,160,160,283
11/10/2022,HRL,TX,ASW,CE,Federal Contract Tower,35,8,12,14,69,0,0,26,4,30,35,8,38,18,99,12,28,40,139
11/11/2022,HRL,TX,ASW,CE,Federal Contract Tower,35,7,12,0,54,0,0,11,0,11,35,7,23,0,65,24,0,24,89
11/12/2022,HRL,TX,ASW,CE,Federal Contract Tower,22,6,6,6,40,0,0,11,0,11,22,6,17,6,51,14,8,22,73
11/13/2022,HRL,TX,ASW,CE,Federal Contract Tower,29,7,10,0,46,0,0,1,0,1,29,7,11,0,47,0,0,0,47
11/14/2022,HRL,TX,ASW,CE,Federal Contract Tower,26,8,8,30,72,0,0,18,7,25,26,8,26,37,97,56,106,162,259
11/15/2022,HRL,TX,ASW,CE,Federal Contract Tower,34,10,7,14,65,0,0,25,0,25,34,10,32,14,90,50,10,60,150
11/16/2022,HRL,TX,ASW,CE,Federal Contract Tower,35,9,15,18,77,0,0,15,0,15,35,9,30,18,92,58,20,78,170
11/17/2022,HRL,TX,ASW,CE,Federal Contract Tower,38,10,12,14,74,0,0,2,3,5,38,10,14,17,79,2,22,24,103
11/18/2022,HRL,TX,ASW,CE,Federal Contract Tower,39,13,18,4,74,0,0,0,0,0,39,13,18,4,74,0,4,4,78
11/19/2022,HRL,TX,ASW,CE,Federal Contract Tower,25,19,6,1,51,0,0,0,0,0,25,19,6,1,51,0,2,2,53
11/20/2022,HRL,TX,ASW,CE,Federal Contract Tower,28,5,5,2,40,0,0,0,0,0,28,5,5,2,40,0,4,4,44
11/21/2022,HRL,TX,ASW,CE,Federal Contract Tower,25,11,4,25,65,0,0,0,0,0,25,11,4,25,65,0,26,26,91
11/22/2022,HRL,TX,ASW,CE,Federal Contract Tower,42,4,12,1,59,0,0,0,1,1,42,4,12,2,60,0,0,0,60
11/23/2022,HRL,TX,ASW,CE,Federal Contract Tower,39,8,12,0,59,0,0,0,0,0,39,8,12,0,59,0,0,0,59
11/24/2022,HRL,TX,ASW,CE,Federal Contract Tower,29,8,0,0,37,0,0,1,0,1,29,8,1,0,38,2,0,2,40
11/25/2022,HRL,TX,ASW,CE,Federal Contract Tower,35,2,2,0,39,0,0,0,0,0,35,2,2,0,39,0,0,0,39
11/26/2022,HRL,TX,ASW,CE,Federal Contract Tower,24,10,7,0,41,0,0,17,0,17,24,10,24,0,58,32,0,32,90
11/27/2022,HRL,TX,ASW,CE,Federal Contract Tower,29,6,19,0,54,0,0,21,1,22,29,6,40,1,76,8,0,8,84
11/28/2022,HRL,TX,ASW,CE,Federal Contract Tower,37,8,20,3,68,0,0,15,2,17,37,8,35,5,85,52,8,60,145
11/29/2022,HRL,TX,ASW,CE,Federal Contract Tower,38,13,16,27,94,0,0,31,8,39,38,13,47,35,133,22,224,246,379
11/30/2022,HRL,TX,ASW,CE,Federal Contract Tower,35,11,6,5,57,0,0,4,0,4,35,11,10,5,61,36,6,42,103
12/01/2022,HRL,TX,ASW,CE,Federal Contract Tower,43,6,17,4,70,0,0,7,0,7,43,6,24,4,77,22,8,30,107
12/02/2022,HRL,TX,ASW,CE,Federal Contract Tower,48,6,20,4,78,0,0,0,0,0,48,6,20,4,78,14,10,24,102
12/03/2022,HRL,TX,ASW,CE,Federal Contract Tower,23,6,3,0,32,0,0,2,0,2,23,6,5,0,34,18,0,18,52
12/04/2022,HRL,TX,ASW,CE,Federal Contract Tower,28,4,4,1,37,0,0,4,1,5,28,4,8,2,42,10,0,10,52
12/05/2022,HRL,TX,ASW,CE,Federal Contract Tower,40,7,15,35,97,0,0,27,6,33,40,7,42,41,130,26,168,194,324
12/06/2022,HRL,TX,ASW,CE,Federal Contract Tower,44,7,9,33,93,0,2,31,1,34,44,9,40,34,127,80,62,142,269
12/07/2022,HRL,TX,ASW,CE,Federal Contract Tower,41,7,15,19,82,0,1,25,4,30,41,8,40,23,112,12,56,68,180
12/08/2022,HRL,TX,ASW,CE,Federal Contract Tower,34,4,15,1,54,0,0,27,8,35,34,4,42,9,89,34,72,106,195
12/09/2022,HRL,TX,ASW,CE,Federal Contract Tower,38,5,17,17,77,0,0,14,0,14,38,5,31,17,91,28,50,78,169
12/10/2022,HRL,TX,ASW,CE,Federal Contract Tower,19,6,4,3,32,0,0,10,1,11,19,6,14,4,43,4,8,12,55
12/11/2022,HRL,TX,ASW,CE,Federal Contract Tower,31,7,11,7,56,0,1,8,1,10,31,8,19,8,66,6,2,8,74
12/12/2022,HRL,TX,ASW,CE,Federal Contract Tower,32,7,10,27,76,0,0,7,8,15,32,7,17,35,91,10,148,158,249
12/13/2022,HRL,TX,ASW,CE,Federal Contract Tower,39,9,7,32,87,0,0,15,3,18,39,9,22,35,105,0,124,124,229
12/14/2022,HRL,TX,ASW,CE,Federal Contract Tower,35,8,14,22,79,0,0,13,4,17,35,8,27,26,96,2,66,68,164
12/15/2022,HRL,TX,ASW,CE,Federal Contract Tower,37,5,4,14,60,0,0,36,0,36,37,5,40,14,96,16,66,82,178
12/16/2022,HRL,TX,ASW,CE,Federal Contract Tower,37,5,8,13,63,0,0,26,1,27,37,5,34,14,90,18,20,38,128
12/17/2022,HRL,TX,ASW,CE,Federal Contract Tower,25,8,8,4,45,0,0,3,0,3,25,8,11,4,48,0,2,2,50
12/18/2022,HRL,TX,ASW,CE,Federal Contract Tower,33,10,1,4,48,0,0,4,1,5,33,10,5,5,53,28,8,36,89
12/19/2022,HRL,TX,ASW,CE,Federal Contract Tower,34,6,16,22,78,0,2,0,2,4,34,8,16,24,82,4,52,56,138
12/20/2022,HRL,TX,ASW,CE,Federal Contract Tower,41,10,9,11,71,0,0,4,0,4,41,10,13,11,75,0,28,28,103
12/21/2022,HRL,TX,ASW,CE,Federal Contract Tower,40,2,13,31,86,0,0,12,6,18,40,2,25,37,104,16,36,52,156
12/22/2022,HRL,TX,ASW,CE,Federal Contract Tower,37,5,13,5,60,0,0,15,0,15,37,5,28,5,75,22,4,26,101
12/23/2022,HRL,TX,ASW,CE,Federal Contract Tower,29,4,11,0,44,0,0,11,0,11,29,4,22,0,55,0,0,0,55
12/24/2022,HRL,TX,ASW,CE,Federal Contract Tower,11,0,0,0,11,0,0,4,0,4,11,0,4,0,15,0,0,0,15
12/25/2022,HRL,TX,ASW,CE,Federal Contract Tower,17,3,0,0,20,0,0,3,0,3,17,3,3,0,23,0,0,0,23
12/26/2022,HRL,TX,ASW,CE,Federal Contract Tower,17,5,6,0,28,0,2,24,0,26,17,7,30,0,54,72,0,72,126
12/27/2022,HRL,TX,ASW,CE,Federal Contract Tower,23,5,10,1,39,0,0,10,3,13,23,5,20,4,52,6,2,8,60
12/28/2022,HRL,TX,ASW,CE,Federal Contract Tower,35,4,12,2,53,0,0,10,3,13,35,4,22,5,66,0,6,6,72
12/29/2022,HRL,TX,ASW,CE,Federal Contract Tower,30,4,9,0,43,0,0,15,1,16,30,4,24,1,59,2,22,24,83
12/30/2022,HRL,TX,ASW,CE,Federal Contract Tower,33,6,6,0,45,0,0,2,0,2,33,6,8,0,47,0,0,0,47
12/31/2022,HRL,TX,ASW,CE,Federal Contract Tower,22,5,4,0,31,0,0,5,0,5,22,5,9,0,36,0,0,0,36
01/02/2023,HRL,TX,ASW,CE,Federal Contract Tower,25,5,6,0,36,0,0,11,2,13,25,5,17,2,49,18,0,18,67
01/03/2023,HRL,TX,ASW,CE,Federal Contract Tower,36,4,5,5,50,0,0,2,0,2,36,4,7,5,52,16,10,26,78
01/04/2023,HRL,TX,ASW,CE,Federal Contract Tower,39,8,8,16,71,0,0,19,7,26,39,8,27,23,97,18,98,116,213
01/05/2023,HRL,TX,ASW,CE,Federal Contract Tower,35,3,21,17,76,0,2,29,3,34,35,5,50,20,110,22,42,64,174
01/06/2023,HRL,TX,ASW,CE,Federal Contract Tower,32,4,12,12,60,0,0,17,4,21,32,4,29,16,81,20,66,86,167
01/07/2023,HRL,TX,ASW,CE,Federal Contract Tower,19,9,8,5,41,0,0,7,0,7,19,9,15,5,48,18,10,28,76
01/09/2023,HRL,TX,ASW,CE,Federal Contract Tower,22,8,7,17,54,0,0,15,11,26,22,8,22,28,80,32,80,112,192
01/10/2023,HRL,TX,ASW,CE,Federal Contract Tower,29,6,8,22,65,0,0,30,1,31,29,6,38,23,96,8,44,52,148
01/11/2023,HRL,TX,ASW,CE,Federal Contract Tower,31,8,12,28,79,0,0,20,29,49,31,8,32,57,128,16,206,222,350
01/12/2023,HRL,TX,ASW,CE,Federal Contract Tower,39,7,11,19,76,0,0,20,3,23,39,7,31,22,99,4,40,44,143
01/13/2023,HRL,TX,ASW,CE,Federal Contract Tower,32,9,9,8,58,0,0,21,4,25,32,9,30,12,83,26,2,28,111
01/14/2023,HRL,TX,ASW,CE,Federal Contract Tower,19,8,6,4,37,0,0,6,0,6,19,8,12,4,43,0,4,4,47
01/15/2023,HRL,TX,ASW,CE,Federal Contract Tower,22,8,7,0,37,0,0,7,0,7,22,8,14,0,44,0,0,0,44
01/16/2023,HRL,TX,ASW,CE,Federal Contract Tower,20,9,10,0,39,0,2,31,0,33,20,11,41,0,72,50,0,50,122
01/18/2023,HRL,TX,ASW,CE,Federal Contract Tower,30,6,12,31,79,0,0,16,2,18,30,6,28,33,97,32,136,168,265
01/19/2023,HRL,TX,ASW,CE,Federal Contract Tower,34,9,14,6,63,0,0,36,0,36,34,9,50,6,99,32,56,88,187
01/20/2023,HRL,TX,ASW,CE,Federal Contract Tower,31,4,11,13,59,0,0,11,0,11,31,4,22,13,70,16,20,36,106
01/21/2023,HRL,TX,ASW,CE,Federal Contract Tower,19,5,2,8,34,0,0,1,0,1,19,5,3,8,35,2,8,10,45
01/22/2023,HRL,TX,ASW,CE,Federal Contract Tower,25,8,4,6,43,0,0,6,5,11,25,8,10,11,54,2,2,4,58
01/23/2023,HRL,TX,ASW,CE,Federal Contract Tower,25,7,7,10,49,0,0,28,2,30,25,7,35,12,79,32,60,92,171
01/24/2023,HRL,TX,ASW,CE,Federal Contract Tower,28,8,9,23,68,0,0,4,4,8,28,8,13,27,76,4,104,108,184
01/25/2023,HRL,TX,ASW,CE,Federal Contract Tower,34,5,13,17,69,0,0,29,5,34,34,5,42,22,103,36,106,142,245
01/26/2023,HRL,TX,ASW,CE,Federal Contract Tower,34,4,9,20,67,0,2,31,1,34,34,6,40,21,101,50,32,82,183
01/27/2023,HRL,TX,ASW,CE,Federal Contract Tower,34,6,20,8,68,0,0,3,0,3,34,6,23,8,71,0,12,12,83
01/28/2023,HRL,TX,ASW,CE,Federal Contract Tower,19,7,4,6,36,0,0,14,0,14,19,7,18,6,50,26,30,56,106
01/29/2023,HRL,TX,ASW,CE,Federal Contract Tower,21,6,6,10,43,0,0,0,0,0,21,6,6,10,43,0,14,14,57
01/30/2023,HRL,TX,ASW,CE,Federal Contract Tower,21,9,14,8,52,0,0,29,0,29,21,9,43,8,81,84,2,86,167
01/31/2023,HRL,TX,ASW,CE,Federal Contract Tower,20,6,5,7,38,0,0,0,0,0,20,6,5,7,38,0,6,6,44
02/01/2023,HRL,TX,ASW,CE,Federal Contract Tower,16,8,11,18,53,0,0,0,0,0,16,8,11,18,53,0,22,22,75
02/02/2023,HRL,TX,ASW,CE,Federal Contract Tower,33,5,10,37,85,0,0,0,1,1,33,5,10,38,86,0,44,44,130
02/03/2023,HRL,TX,ASW,CE,Federal Contract Tower,37,8,13,11,69,0,1,19,0,20,37,9,32,11,89,16,28,44,133
02/04/2023,HRL,TX,ASW,CE,Federal Contract Tower,18,11,4,7,40,0,0,22,2,24,18,11,26,9,64,0,36,36,100
02/05/2023,HRL,TX,ASW,CE,Federal Contract Tower,21,11,6,8,46,0,0,12,0,12,21,11,18,8,58,0,10,10,68
02/06/2023,HRL,TX,ASW,CE,Federal Contract Tower,30,7,6,28,71,0,0,18,13,31,30,7,24,41,102,22,120,142,244
02/07/2023,HRL,TX,ASW,CE,Federal Contract Tower,39,3,11,30,83,0,0,6,7,13,39,3,17,37,96,0,94,94,190
02/08/2023,HRL,TX,ASW,CE,Federal Contract Tower,33,5,6,17,61,0,0,14,3,17,33,5,20,20,78,26,38,64,142
02/09/2023,HRL,TX,ASW,CE,Federal Contract Tower,33,5,11,15,64,0,0,25,3,28,33,5,36,18,92,36,12,48,140
02/10/2023,HRL,TX,ASW,CE,Federal Contract Tower,41,5,11,14,71,0,0,7,10,17,41,5,18,24,88,6,72,78,166
02/11/2023,HRL,TX,ASW,CE,Federal Contract Tower,24,4,4,2,34,0,0,31,0,31,24,4,35,2,65,56,4,60,125
02/12/2023,HRL,TX,ASW,CE,Federal Contract Tower,23,6,2,0,31,0,0,18,2,20,23,6,20,2,51,14,0,14,65
02/13/2023,HRL,TX,ASW,CE,Federal Contract Tower,40,2,13,26,81,0,0,10,16,26,40,2,23,42,107,46,148,194,301
02/14/2023,HRL,TX,ASW,CE,Federal Contract Tower,37,2,8,12,59,0,0,24,6,30,37,2,32,18,89,22,80,102,191
02/15/2023,HRL,TX,ASW,CE,Federal Contract Tower,39,8,11,13,71,0,0,15,2,17,39,8,26,15,88,42,40,82,170
02/16/2023,HRL,TX,ASW,CE,Federal Contract Tower,42,6,12,3,63,0,0,15,1,16,42,6,27,4,79,22,4,26,105
02/17/2023,HRL,TX,ASW,CE,Federal Contract Tower,35,5,5,3,48,0,0,25,1,26,35,5,30,4,74,29,8,37,111
02/18/2023,HRL,TX,ASW,CE,Federal Contract Tower,22,5,6,0,33,0,0,16,1,17,22,5,22,1,50,62,0,62,112
02/19/2023,HRL,TX,ASW,CE,Federal Contract Tower,30,5,5,0,40,0,0,10,0,10,30,5,15,0,50,28,0,28,78
02/20/2023,HRL,TX,ASW,CE,Federal Contract Tower,36,2,5,1,44,0,0,26,0,26,36,2,31,1,70,52,2,54,124
02/21/2023,HRL,TX,ASW,CE,Federal Contract Tower,42,10,9,10,71,0,0,19,0,19,42,10,28,10,90,12,48,60,150
02/22/2023,HRL,TX,ASW,CE,Federal Contract Tower,35,4,14,26,79,0,0,40,8,48,35,4,54,34,127,42,62,104,231
02/23/2023,HRL,TX,ASW,CE,Federal Contract Tower,41,2,7,14,64,0,0,32,6,38,41,2,39,20,102,38,54,92,194
02/24/2023,HRL,TX,ASW,CE,Federal Contract Tower,42,7,14,9,72,0,0,17,1,18,42,7,31,10,90,54,40,94,184
02/25/2023,HRL,TX,ASW,CE,Federal Contract Tower,27,7,4,12,50,0,0,18,1,19,27,7,22,13,69,32,50,82,151
02/26/2023,HRL,TX,ASW,CE,Federal Contract Tower,23,9,10,7,49,0,0,3,0,3,23,9,13,7,52,0,10,10,62
02/27/2023,HRL,TX,ASW,CE,Federal Contract Tower,38,8,7,20,73,0,6,23,0,29,38,14,30,20,102,60,30,90,192
02/28/2023,HRL,TX,ASW,CE,Federal Contract Tower,34,10,8,26,78,0,0,29,2,31,34,10,37,28,109,34,66,100,209
03/01/2023,HRL,TX,ASW,CE,Federal Contract Tower,41,2,14,9,66,0,0,19,6,25,41,2,33,15,91,50,22,72,163
03/02/2023,HRL,TX,ASW,CE,Federal Contract Tower,41,5,16,26,88,0,0,30,3,33,41,5,46,29,121,44,100,144,265
03/03/2023,HRL,TX,ASW,CE,Federal Contract Tower,47,4,11,20,82,0,2,27,6,35,47,6,38,26,117,68,46,114,231
03/04/2023,HRL,TX,ASW,CE,Federal Contract Tower,23,11,4,6,44,0,0,9,0,9,23,11,13,6,53,76,4,80,133
03/05/2023,HRL,TX,ASW,CE,Federal Contract Tower,32,9,13,3,57,0,0,12,0,12,32,9,25,3,69,52,8,60,129
03/06/2023,HRL,TX,ASW,CE,Federal Contract Tower,38,4,19,23,84,0,0,27,1,28,38,4,46,24,112,92,42,134,246
03/07/2023,HRL,TX,ASW,CE,Federal Contract Tower,47,6,10,39,102,0,0,26,10,36,47,6,36,49,138,22,98,120,258
03/08/2023,HRL,TX,ASW,CE,Federal Contract Tower,39,4,16,18,77,0,0,30,2,32,39,4,46,20,109,98,22,120,229
03/09/2023,HRL,TX,ASW,CE,Federal Contract Tower,37,0,14,13,64,0,0,22,6,28,37,0,36,19,92,36,20,56,148
03/10/2023,HRL,TX,ASW,CE,Federal Contract Tower,44,5,13,11,73,0,0,27,4,31,44,5,40,15,104,76,56,132,236
03/11/2023,HRL,TX,ASW,CE,Federal Contract Tower,31,2,5,4,42,0,0,8,0,8,31,2,13,4,50,42,4,46,96
03/12/2023,HRL,TX,ASW,CE,Federal Contract Tower,26,5,3,2,36,0,0,9,3,12,26,5,12,5,48,58,44,102,150
03/13/2023,HRL,TX,ASW,CE,Federal Contract Tower,38,2,4,25,69,0,0,22,0,22,38,2,26,25,91,42,38,80,171
03/14/2023,HRL,TX,ASW,CE,Federal Contract Tower,43,6,9,13,71,0,0,14,0,14,43,6,23,13,85,40,14,54,139
03/15/2023,HRL,TX,ASW,CE,Federal Contract Tower,41,1,7,21,70,0,0,17,0,17,41,1,24,21,87,30,24,54,141
03/16/2023,HRL,TX,ASW,CE,Federal Contract Tower,37,0,9,43,89,0,0,10,5,15,37,0,19,48,104,26,158,184,288
03/17/2023,HRL,TX,ASW,CE,Federal Contract Tower,42,2,12,25,81,0,0,13,3,16,42,2,25,28,97,68,58,126,223
03/18/2023,HRL,TX,ASW,CE,Federal Contract Tower,26,3,3,2,34,0,0,20,2,22,26,3,23,4,56,64,2,66,122
03/19/2023,HRL,TX,ASW,CE,Federal Contract Tower,26,5,9,0,40,0,0,4,2,6,26,5,13,2,46,0,6,6,52
03/20/2023,HRL,TX,ASW,CE,Federal Contract Tower,42,4,21,47,114,0,0,33,2,35,42,4,54,49,149,78,54,132,281
03/21/2023,HRL,TX,ASW,CE,Federal Contract Tower,40,3,12,15,70,0,0,28,2,30,40,3,40,17,100,102,22,124,224
03/22/2023,HRL,TX,ASW,CE,Federal Contract Tower,42,2,17,29,90,0,2,25,8,35,42,4,42,37,125,28,128,156,281
03/23/2023,HRL,TX,ASW,CE,Federal Contract Tower,40,0,10,15,65,0,0,18,4,22,40,0,28,19,87,8,70,78,165
03/24/2023,HRL,TX,ASW,CE,Federal Contract Tower,42,5,16,13,76,0,0,12,6,18,42,5,28,19,94,62,74,136,230
03/25/2023,HRL,TX,ASW,CE,Federal Contract Tower,29,1,5,1,36,0,0,34,0,34,29,1,39,1,70,46,0,46,116
03/26/2023,HRL,TX,ASW,CE,Federal Contract Tower,25,2,7,2,36,0,0,15,0,15,25,2,22,2,51,78,18,96,147
03/27/2023,HRL,TX,ASW,CE,Federal Contract Tower,34,2,17,15,68,0,0,22,5,27,34,2,39,20,95,96,66,162,257
03/28/2023,HRL,TX,ASW,CE,Federal Contract Tower,40,2,11,0,53,0,0,0,0,0,40,2,11,0,53,0,0,0,53
03/30/2023,HRL,TX,ASW,CE,Federal Contract Tower,39,2,15,18,74,0,0,15,1,16,39,2,30,19,90,100,26,126,216
03/31/2023,HRL,TX,ASW,CE,Federal Contract Tower,41,0,8,11,60,0,0,24,11,35,41,0,32,22,95,82,120,202,297
04/01/2023,HRL,TX,ASW,CE,Federal Contract Tower,27,0,6,4,37,0,0,10,2,12,27,0,16,6,49,32,22,54,103
04/02/2023,HRL,TX,ASW,CE,Federal Contract Tower,27,2,2,20,51,0,0,9,2,11,27,2,11,22,62,0,20,20,82
04/03/2023,HRL,TX,ASW,CE,Federal Contract Tower,39,0,11,1,51,0,0,18,1,19,39,0,29,2,70,30,16,46,116
04/04/2023,HRL,TX,ASW,CE,Federal Contract Tower,48,0,7,17,72,0,0,8,14,22,48,0,15,31,94,10,160,170,264
04/05/2023,HRL,TX,ASW,CE,Federal Contract Tower,35,1,9,11,56,0,0,14,7,21,35,1,23,18,77,44,28,72,149
04/06/2023,HRL,TX,ASW,CE,Federal Contract Tower,44,2,18,0,64,0,0,2,0,2,44,2,20,0,66,2,0,2,68
04/07/2023,HRL,TX,ASW,CE,Federal Contract Tower,42,7,12,0,61,0,0,0,0,0,42,7,12,0,61,0,0,0,61
04/08/2023,HRL,TX,ASW,CE,Federal Contract Tower,26,4,4,6,40,0,0,1,0,1,26,4,5,6,41,0,8,8,49
04/09/2023,HRL,TX,ASW,CE,Federal Contract Tower,32,3,7,1,43,0,0,2,3,5,32,3,9,4,48,0,12,12,60
04/10/2023,HRL,TX,ASW,CE,Federal Contract Tower,38,3,12,7,60,0,0,23,2,25,38,3,35,9,85,56,10,66,151
04/11/2023,HRL,TX,ASW,CE,Federal Contract Tower,48,7,17,17,89,0,0,29,26,55,48,7,46,43,144,40,106,146,290
04/12/2023,HRL,TX,ASW,CE,Federal Contract Tower,42,3,11,20,76,0,0,47,12,59,42,3,58,32,135,76,146,222,357
04/13/2023,HRL,TX,ASW,CE,Federal Contract Tower,42,2,7,18,69,0,1,40,9,50,42,3,47,27,119,36,14,50,169
04/14/2023,HRL,TX,ASW,CE,Federal Contract Tower,42,2,23,31,98,0,0,15,1,16,42,2,38,32,114,82,76,158,272
04/15/2023,HRL,TX,ASW,CE,Federal Contract Tower,27,10,4,0,41,0,0,28,2,30,27,10,32,2,71,80,0,80,151
04/16/2023,HRL,TX,ASW,CE,Federal Contract Tower,34,4,13,1,52,0,0,19,3,22,34,4,32,4,74,0,2,2,76
04/17/2023,HRL,TX,ASW,CE,Federal Contract Tower,48,3,9,18,78,0,0,35,2,37,48,3,44,20,115,0,28,28,143
04/18/2023,HRL,TX,ASW,CE,Federal Contract Tower,40,3,9,20,72,0,0,30,3,33,40,3,39,23,105,52,80,132,237
04/19/2023,HRL,TX,ASW,CE,Federal Contract Tower,42,12,29,5,88,0,0,16,3,19,42,12,45,8,107,36,28,64,171
04/20/2023,HRL,TX,ASW,CE,Federal Contract Tower,42,5,19,37,103,0,0,21,3,24,42,5,40,40,127,58,42,100,227
04/21/2023,HRL,TX,ASW,CE,Federal Contract Tower,39,7,13,4,63,0,0,3,0,3,39,7,16,4,66,34,8,42,108
04/22/2023,HRL,TX,ASW,CE,Federal Contract Tower,26,8,6,0,40,0,0,19,1,20,26,8,25,1,60,16,0,16,76
04/23/2023,HRL,TX,ASW,CE,Federal Contract Tower,27,6,9,1,43,0,0,0,2,2,27,6,9,3,45,0,2,2,47
04/24/2023,HRL,TX,ASW,CE,Federal Contract Tower,32,5,15,16,68,0,0,6,2,8,32,5,21,18,76,12,62,74,150
04/25/2023,HRL,TX,ASW,CE,Federal Contract Tower,45,5,13,15,78,0,0,2,4,6,45,5,15,19,84,0,74,74,158
04/26/2023,HRL,TX,ASW,CE,Federal Contract Tower,36,6,9,17,68,0,0,26,6,32,36,6,35,23,100,24,42,66,166
04/27/2023,HRL,TX,ASW,CE,Federal Contract Tower,45,4,7,6,62,0,0,15,4,19,45,4,22,10,81,0,28,28,109
04/28/2023,HRL,TX,ASW,CE,Federal Contract Tower,43,4,5,3,55,0,0,14,2,16,43,4,19,5,71,40,6,46,117
04/29/2023,HRL,TX,ASW,CE,Federal Contract Tower,27,5,4,2,38,0,0,2,1,3,27,5,6,3,41,0,2,2,43
04/30/2023,HRL,TX,ASW,CE,Federal Contract Tower,29,5,3,4,41,0,0,11,2,13,29,5,14,6,54,14,6,20,74
05/01/2023,HRL,TX,ASW,CE,Federal Contract Tower,36,4,5,15,60,0,0,37,2,39,36,4,42,17,99,92,36,128,227
05/02/2023,HRL,TX,ASW,CE,Federal Contract Tower,40,2,16,9,67,0,0,44,2,46,40,2,60,11,113,46,60,106,219
05/03/2023,HRL,TX,ASW,CE,Federal Contract Tower,36,6,12,5,59,0,0,23,1,24,36,6,35,6,83,16,8,24,107
05/04/2023,HRL,TX,ASW,CE,Federal Contract Tower,45,5,13,2,65,0,0,25,0,25,45,5,38,2,90,22,4,26,116
05/05/2023,HRL,TX,ASW,CE,Federal Contract Tower,40,0,12,0,52,0,0,16,0,16,40,0,28,0,68,76,0,76,144
05/06/2023,HRL,TX,ASW,CE,Federal Contract Tower,22,7,6,0,35,0,0,8,0,8,22,7,14,0,43,10,0,10,53
05/07/2023,HRL,TX,ASW,CE,Federal Contract Tower,21,4,4,0,29,0,0,2,0,2,21,4,6,0,31,8,0,8,39
05/08/2023,HRL,TX,ASW,CE,Federal Contract Tower,33,5,10,28,76,0,0,25,6,31,33,5,35,34,107,52,80,132,239
05/09/2023,HRL,TX,ASW,CE,Federal Contract Tower,33,5,15,33,86,0,0,29,5,34,33,5,44,38,120,84,130,214,334
05/10/2023,HRL,TX,ASW,CE,Federal Contract Tower,37,1,9,15,62,0,2,19,8,29,37,3,28,23,91,14,26,40,131
05/11/2023,HRL,TX,ASW,CE,Federal Contract Tower,39,7,17,12,75,0,0,26,3,29,39,7,43,15,104,60,50,110,214
05/12/2023,HRL,TX,ASW,CE,Federal Contract Tower,38,1,9,7,55,0,0,3,2,5,38,1,12,9,60,0,42,42,102
05/13/2023,HRL,TX,ASW,CE,Federal Contract Tower,19,5,2,0,26,0,0,3,0,3,19,5,5,0,29,12,0,12,41
05/14/2023,HRL,TX,ASW,CE,Federal Contract Tower,24,1,2,0,27,0,0,0,0,0,24,1,2,0,27,0,0,0,27
05/15/2023,HRL,TX,ASW,CE,Federal Contract Tower,27,4,7,19,57,0,0,21,6,27,27,4,28,25,84,0,116,116,200
05/16/2023,HRL,TX,ASW,CE,Federal Contract Tower,31,4,24,11,70,0,0,15,4,19,31,4,39,15,89,52,110,162,251
05/17/2023,HRL,TX,ASW,CE,Federal Contract Tower,34,4,6,4,48,0,0,8,6,14,34,4,14,10,62,14,4,18,80
05/18/2023,HRL,TX,ASW,CE,Federal Contract Tower,35,4,5,5,49,0,0,8,3,11,35,4,13,8,60,0,12,12,72
05/19/2023,HRL,TX,ASW,CE,Federal Contract Tower,34,2,9,14,59,0,0,29,3,32,34,2,38,17,91,0,90,90,181
05/20/2023,HRL,TX,ASW,CE,Federal Contract Tower,21,12,2,11,46,0,0,6,2,8,21,12,8,13,54,26,12,38,92
05/21/2023,HRL,TX,ASW,CE,Federal Contract Tower,24,6,6,11,47,0,0,9,2,11,24,6,15,13,58,0,8,8,66
05/22/2023,HRL,TX,ASW,CE,Federal Contract Tower,28,7,7,10,52,0,0,18,4,22,28,7,25,14,74,32,34,66,140
05/23/2023,HRL,TX,ASW,CE,Federal Contract Tower,28,5,18,18,69,0,0,31,1,32,28,5,49,19,101,38,30,68,169
05/24/2023,HRL,TX,ASW,CE,Federal Contract Tower,35,7,26,17,85,0,0,29,3,32,35,7,55,20,117,14,52,66,183
05/25/2023,HRL,TX,ASW,CE,Federal Contract Tower,31,1,11,13,56,0,0,24,3,27,31,1,35,16,83,4,42,46,129
05/26/2023,HRL,TX,ASW,CE,Federal Contract Tower,37,0,9,3,49,0,0,18,4,22,37,0,27,7,71,24,2,26,97
05/27/2023,HRL,TX,ASW,CE,Federal Contract Tower,16,5,4,0,25,0,0,5,0,5,16,5,9,0,30,12,0,12,42
05/28/2023,HRL,TX,ASW,CE,Federal Contract Tower,20,3,1,0,24,0,0,3,0,3,20,3,4,0,27,4,0,4,31
05/29/2023,HRL,TX,ASW,CE,Federal Contract Tower,23,3,10,0,36,0,0,14,1,15,23,3,24,1,51,0,0,0,51
05/30/2023,HRL,TX,ASW,CE,Federal Contract Tower,28,7,10,4,49,0,0,23,2,25,28,7,33,6,74,10,2,12,86
05/31/2023,HRL,TX,ASW,CE,Federal Contract Tower,36,7,11,14,68,0,0,26,1,27,36,7,37,15,95,30,24,54,149
06/01/2023,HRL,TX,ASW,CE,Federal Contract Tower,31,6,7,13,57,0,0,30,2,32,31,6,37,15,89,10,10,20,109
06/02/2023,HRL,TX,ASW,CE,Federal Contract Tower,37,10,11,11,69,0,0,28,1,29,37,10,39,12,98,56,8,64,162
06/03/2023,HRL,TX,ASW,CE,Federal Contract Tower,25,2,4,4,35,0,0,17,0,17,25,2,21,4,52,22,0,22,74
06/04/2023,HRL,TX,ASW,CE,Federal Contract Tower,19,6,4,3,32,0,0,20,1,21,19,6,24,4,53,44,0,44,97
06/05/2023,HRL,TX,ASW,CE,Federal Contract Tower,27,5,9,1,42,0,0,24,2,26,27,5,33,3,68,48,2,50,118
06/06/2023,HRL,TX,ASW,CE,Federal Contract Tower,32,5,7,10,54,0,0,27,1,28,32,5,34,11,82,12,10,22,104
06/07/2023,HRL,TX,ASW,CE,Federal Contract Tower,36,6,17,6,65,0,0,34,0,34,36,6,51,6,99,32,10,42,141
06/08/2023,HRL,TX,ASW,CE,Federal Contract Tower,35,9,7,12,63,0,0,29,10,39,35,9,36,22,102,42,60,102,204
06/09/2023,HRL,TX,ASW,CE,Federal Contract Tower,41,5,7,4,57,0,4,18,2,24,41,9,25,6,81,16,4,20,101
06/10/2023,HRL,TX,ASW,CE,Federal Contract Tower,22,6,0,2,30,0,0,13,0,13,22,6,13,2,43,16,0,16,59
06/11/2023,HRL,TX,ASW,CE,Federal Contract Tower,22,4,3,0,29,0,0,3,0,3,22,4,6,0,32,0,0,0,32
06/12/2023,HRL,TX,ASW,CE,Federal Contract Tower,31,6,12,10,59,0,0,25,0,25,31,6,37,10,84,110,14,124,208
06/13/2023,HRL,TX,ASW,CE,Federal Contract Tower,29,9,9,13,60,0,0,20,2,22,29,9,29,15,82,60,28,88,170
06/14/2023,HRL,TX,ASW,CE,Federal Contract Tower,34,5,13,23,75,0,0,34,8,42,34,5,47,31,117,48,64,112,229
06/15/2023,HRL,TX,ASW,CE,Federal Contract Tower,30,6,11,13,60,0,0,25,10,35,30,6,36,23,95,16,52,68,163
06/16/2023,HRL,TX,ASW,CE,Federal Contract Tower,32,5,8,17,62,0,0,11,0,11,32,5,19,17,73,50,44,94,167
06/17/2023,HRL,TX,ASW,CE,Federal Contract Tower,27,6,1,4,38,0,0,9,0,9,27,6,10,4,47,22,4,26,73
06/18/2023,HRL,TX,ASW,CE,Federal Contract Tower,26,10,1,0,37,0,0,5,0,5,26,10,6,0,42,10,0,10,52
06/19/2023,HRL,TX,ASW,CE,Federal Contract Tower,29,7,12,0,48,0,0,16,0,16,29,7,28,0,64,0,0,0,64
06/20/2023,HRL,TX,ASW,CE,Federal Contract Tower,31,10,13,10,64,0,0,30,3,33,31,10,43,13,97,6,22,28,125
06/21/2023,HRL,TX,ASW,CE,Federal Contract Tower,34,10,8,8,60,0,0,24,2,26,34,10,32,10,86,0,10,10,96
06/22/2023,HRL,TX,ASW,CE,Federal Contract Tower,31,5,11,13,60,0,1,16,3,20,31,6,27,16,80,6,20,26,106
06/23/2023,HRL,TX,ASW,CE,Federal Contract Tower,30,6,10,0,46,0,0,28,1,29,30,6,38,1,75,2,0,2,77
06/24/2023,HRL,TX,ASW,CE,Federal Contract Tower,23,8,10,3,44,0,0,9,4,13,23,8,19,7,57,20,2,22,79
06/25/2023,HRL,TX,ASW,CE,Federal Contract Tower,22,7,14,4,47,0,0,5,0,5,22,7,19,4,52,0,0,0,52
06/26/2023,HRL,TX,ASW,CE,Federal Contract Tower,32,7,11,0,50,0,0,25,4,29,32,7,36,4,79,10,0,10,89
06/27/2023,HRL,TX,ASW,CE,Federal Contract Tower,30,7,17,1,55,0,0,25,0,25,30,7,42,1,80,0,2,2,82
06/28/2023,HRL,TX,ASW,CE,Federal Contract Tower,37,7,4,0,48,0,0,48,3,51,37,7,52,3,99,28,0,28,127
06/29/2023,HRL,TX,ASW,CE,Federal Contract Tower,31,5,16,2,54,0,0,38,6,44,31,5,54,8,98,48,32,80,178
06/30/2023,HRL,TX,ASW,CE,Federal Contract Tower,34,3,9,2,48,0,0,40,0,40,34,3,49,2,88,38,50,88,176
07/01/2023,HRL,TX,ASW,CE,Federal Contract Tower,23,4,0,2,29,0,0,20,0,20,23,4,20,2,49,2,4,6,55
07/02/2023,HRL,TX,ASW,CE,Federal Contract Tower,19,3,0,0,22,0,0,26,0,26,19,3,26,0,48,0,0,0,48
07/03/2023,HRL,TX,ASW,CE,Federal Contract Tower,23,3,12,0,38,0,0,45,1,46,23,3,57,1,84,76,0,76,160
07/04/2023,HRL,TX,ASW,CE,Federal Contract Tower,25,5,1,0,31,0,0,20,0,20,25,5,21,0,51,20,0,20,71
07/05/2023,HRL,TX,ASW,CE,Federal Contract Tower,28,4,5,9,46,0,0,19,0,19,28,4,24,9,65,4,12,16,81
07/06/2023,HRL,TX,ASW,CE,Federal Contract Tower,26,6,14,2,48,0,0,7,0,7,26,6,21,2,55,3,4,7,62
07/07/2023,HRL,TX,ASW,CE,Federal Contract Tower,28,7,12,1,48,0,0,22,1,23,28,7,34,2,71,24,0,24,95
07/08/2023,HRL,TX,ASW,CE,Federal Contract Tower,24,6,3,3,36,0,0,29,9,38,24,6,32,12,74,52,4,56,130
07/09/2023,HRL,TX,ASW,CE,Federal Contract Tower,24,5,5,0,34,0,0,6,0,6,24,5,11,0,40,0,0,0,40
07/10/2023,HRL,TX,ASW,CE,Federal Contract Tower,25,4,5,10,44,0,0,26,4,30,25,4,31,14,74,0,14,14,88
07/11/2023,HRL,TX,ASW,CE,Federal Contract Tower,26,5,10,12,53,0,2,20,0,22,26,7,30,12,75,30,12,42,117
07/12/2023,HRL,TX,ASW,CE,Federal Contract Tower,37,7,12,17,73,0,0,19,0,19,37,7,31,17,92,12,18,30,122
07/13/2023,HRL,TX,ASW,CE,Federal Contract Tower,35,4,7,16,62,0,0,14,4,18,35,4,21,20,80,0,54,54,134
07/14/2023,HRL,TX,ASW,CE,Federal Contract Tower,37,2,2,1,42,0,0,13,0,13,37,2,15,1,55,0,0,0,55
07/15/2023,HRL,TX,ASW,CE,Federal Contract Tower,22,8,0,5,35,0,0,15,2,17,22,8,15,7,52,22,4,26,78
07/16/2023,HRL,TX,ASW,CE,Federal Contract Tower,21,4,4,2,31,0,0,3,0,3,21,4,7,2,34,20,4,24,58
07/17/2023,HRL,TX,ASW,CE,Federal Contract Tower,26,6,10,13,55,0,0,16,2,18,26,6,26,15,73,0,16,16,89
07/18/2023,HRL,TX,ASW,CE,Federal Contract Tower,30,8,9,14,61,0,0,18,0,18,30,8,27,14,79,34,26,60,139
07/19/2023,HRL,TX,ASW,CE,Federal Contract Tower,36,7,9,3,55,0,0,12,1,13,36,7,21,4,68,8,4,12,80
07/20/2023,HRL,TX,ASW,CE,Federal Contract Tower,35,6,12,9,62,0,0,12,5,17,35,6,24,14,79,0,68,68,147
07/21/2023,HRL,TX,ASW,CE,Federal Contract Tower,34,6,8,12,60,0,0,13,8,21,34,6,21,20,81,22,52,74,155
07/22/2023,HRL,TX,ASW,CE,Federal Contract Tower,25,4,7,0,36,0,0,9,0,9,25,4,16,0,45,2,0,2,47
07/23/2023,HRL,TX,ASW,CE,Federal Contract Tower,20,6,3,3,32,0,0,4,0,4,20,6,7,3,36,14,6,20,56
07/24/2023,HRL,TX,ASW,CE,Federal Contract Tower,39,5,7,2,53,0,0,30,0,30,39,5,37,2,83,22,4,26,109
07/25/2023,HRL,TX,ASW,CE,Federal Contract Tower,36,4,10,11,61,0,0,23,6,29,36,4,33,17,90,4,30,34,124
07/26/2023,HRL,TX,ASW,CE,Federal Contract Tower,37,5,11,9,62,0,0,38,9,47,37,5,49,18,109,52,54,106,215
07/27/2023,HRL,TX,ASW,CE,Federal Contract Tower,34,4,9,5,52,0,0,28,1,29,34,4,37,6,81,8,2,10,91
07/28/2023,HRL,TX,ASW,CE,Federal Contract Tower,28,3,6,0,37,0,0,7,1,8,28,3,13,1,45,0,22,22,67
07/29/2023,HRL,TX,ASW,CE,Federal Contract Tower,25,4,0,3,32,0,0,9,0,9,25,4,9,3,41,14,2,16,57
07/30/2023,HRL,TX,ASW,CE,Federal Contract Tower,23,4,5,1,33,0,1,11,1,13,23,5,16,2,46,0,0,0,46
07/31/2023,HRL,TX,ASW,CE,Federal Contract Tower,31,2,9,14,56,0,0,23,1,24,31,2,32,15,80,18,14,32,112
08/01/2023,HRL,TX,ASW,CE,Federal Contract Tower,28,10,7,9,54,0,0,23,2,25,28,10,30,11,79,0,64,64,143
08/02/2023,HRL,TX,ASW,CE,Federal Contract Tower,39,6,10,3,58,0,0,9,1,10,39,6,19,4,68,0,0,0,68
08/03/2023,HRL,TX,ASW,CE,Federal Contract Tower,33,6,18,8,65,0,0,12,5,17,33,6,30,13,82,0,10,10,92
08/04/2023,HRL,TX,ASW,CE,Federal Contract Tower,35,2,6,0,43,0,0,17,0,17,35,2,23,0,60,18,0,18,78
08/05/2023,HRL,TX,ASW,CE,Federal Contract Tower,29,3,2,2,36,0,0,7,0,7,29,3,9,2,43,30,2,32,75
08/06/2023,HRL,TX,ASW,CE,Federal Contract Tower,24,3,7,0,34,0,0,2,0,2,24,3,9,0,36,0,0,0,36
08/07/2023,HRL,TX,ASW,CE,Federal Contract Tower,31,5,6,13,55,0,0,20,9,29,31,5,26,22,84,8,44,52,136
08/08/2023,HRL,TX,ASW,CE,Federal Contract Tower,30,11,11,11,63,0,0,24,12,36,30,11,35,23,99,10,56,66,165
08/09/2023,HRL,TX,ASW,CE,Federal Contract Tower,34,4,11,3,52,0,0,21,1,22,34,4,32,4,74,0,14,14,88
08/10/2023,HRL,TX,ASW,CE,Federal Contract Tower,35,4,13,9,61,0,0,22,1,23,35,4,35,10,84,12,64,76,160
08/11/2023,HRL,TX,ASW,CE,Federal Contract Tower,36,7,12,6,61,0,0,18,19,37,36,7,30,25,98,0,4,4,102
08/12/2023,HRL,TX,ASW,CE,Federal Contract Tower,25,3,5,5,38,0,0,6,0,6,25,3,11,5,44,12,10,22,66
08/13/2023,HRL,TX,ASW,CE,Federal Contract Tower,20,3,10,4,37,0,0,3,0,3,20,3,13,4,40,28,0,28,68
08/14/2023,HRL,TX,ASW,CE,Federal Contract Tower,34,6,17,4,61,0,0,9,1,10,34,6,26,5,71,2,4,6,77
08/15/2023,HRL,TX,ASW,CE,Federal Contract Tower,30,5,11,0,46,0,0,21,2,23,30,5,32,2,69,18,0,18,87
08/16/2023,HRL,TX,ASW,CE,Federal Contract Tower,40,8,7,6,61,0,0,30,1,31,40,8,37,7,92,30,36,66,158
08/17/2023,HRL,TX,ASW,CE,Federal Contract Tower,36,6,14,11,67,0,0,9,6,15,36,6,23,17,82,38,30,68,150
08/18/2023,HRL,TX,ASW,CE,Federal Contract Tower,35,3,5,11,54,0,0,23,3,26,35,3,28,14,80,32,12,44,124
08/19/2023,HRL,TX,ASW,CE,Federal Contract Tower,23,7,2,0,32,0,0,12,0,12,23,7,14,0,44,10,0,10,54
08/20/2023,HRL,TX,ASW,CE,Federal Contract Tower,25,6,4,6,41,0,0,2,7,9,25,6,6,13,50,18,10,28,78
08/21/2023,HRL,TX,ASW,CE,Federal Contract Tower,33,3,9,2,47,0,0,12,0,12,33,3,21,2,59,12,0,12,71
08/22/2023,HRL,TX,ASW,CE,Federal Contract Tower,37,4,1,0,42,0,0,17,0,17,37,4,18,0,59,14,0,14,73
08/23/2023,HRL,TX,ASW,CE,Federal Contract Tower,38,3,6,2,49,0,0,29,2,31,38,3,35,4,80,10,2,12,92
08/24/2023,HRL,TX,ASW,CE,Federal Contract Tower,38,1,16,7,62,0,0,34,4,38,38,1,50,11,100,36,4,40,140
08/25/2023,HRL,TX,ASW,CE,Federal Contract Tower,38,3,9,6,56,0,0,18,1,19,38,3,27,7,75,28,6,34,109
08/26/2023,HRL,TX,ASW,CE,Federal Contract Tower,25,4,9,3,41,0,0,18,2,20,25,4,27,5,61,70,2,72,133
08/27/2023,HRL,TX,ASW,CE,Federal Contract Tower,25,3,2,6,36,0,0,8,2,10,25,3,10,8,46,10,4,14,60
08/28/2023,HRL,TX,ASW,CE,Federal Contract Tower,33,3,14,9,59,0,0,22,10,32,33,3,36,19,91,52,44,96,187
08/29/2023,HRL,TX,ASW,CE,Federal Contract Tower,30,9,17,3,59,0,0,18,6,24,30,9,35,9,83,36,18,54,137
08/30/2023,HRL,TX,ASW,CE,Federal Contract Tower,37,3,4,15,59,0,0,37,7,44,37,3,41,22,103,46,10,56,159
08/31/2023,HRL,TX,ASW,CE,Federal Contract Tower,35,0,11,5,51,0,0,29,1,30,35,0,40,6,81,30,6,36,117
