01/01/2020,HSA,MS,ASO,CE,Federal Contract Tower,0,0,4,0,4,0,0,22,0,22,0,0,26,0,26,12,0,12,38
01/02/2020,HSA,MS,ASO,CE,Federal Contract Tower,0,0,4,9,13,0,0,7,0,7,0,0,11,9,20,0,0,0,20
01/03/2020,HSA,MS,ASO,CE,Federal Contract Tower,0,0,2,0,2,0,0,2,0,2,0,0,4,0,4,0,0,0,4
01/04/2020,HSA,MS,ASO,CE,Federal Contract Tower,0,0,1,3,4,0,0,51,5,56,0,0,52,8,60,8,0,8,68
01/05/2020,HSA,MS,ASO,CE,Federal Contract Tower,0,0,0,0,0,0,0,23,0,23,0,0,23,0,23,4,0,4,27
01/06/2020,HSA,MS,ASO,CE,Federal Contract Tower,0,0,4,23,27,0,0,24,14,38,0,0,28,37,65,34,18,52,117
01/07/2020,HSA,MS,ASO,CE,Federal Contract Tower,0,2,2,47,51,0,0,22,45,67,0,2,24,92,118,6,92,98,216
01/08/2020,HSA,MS,ASO,CE,Federal Contract Tower,0,0,0,32,32,0,0,10,20,30,0,0,10,52,62,16,4,20,82
01/09/2020,HSA,MS,ASO,CE,Federal Contract Tower,0,0,4,42,46,0,0,9,30,39,0,0,13,72,85,6,50,56,141
01/10/2020,HSA,MS,ASO,CE,Federal Contract Tower,0,0,3,7,10,0,0,0,0,0,0,0,3,7,10,0,0,0,10
01/11/2020,HSA,MS,ASO,CE,Federal Contract Tower,0,1,3,2,6,0,0,0,2,2,0,1,3,4,8,0,0,0,8
01/12/2020,HSA,MS,ASO,CE,Federal Contract Tower,0,0,6,6,12,0,0,18,2,20,0,0,24,8,32,20,4,24,56
01/13/2020,HSA,MS,ASO,CE,Federal Contract Tower,0,1,1,2,4,0,0,0,0,0,0,1,1,2,4,0,0,0,4
01/14/2020,HSA,MS,ASO,CE,Federal Contract Tower,0,1,5,2,8,0,0,9,2,11,0,1,14,4,19,6,0,6,25
01/15/2020,HSA,MS,ASO,CE,Federal Contract Tower,0,0,7,23,30,0,0,10,2,12,0,0,17,25,42,0,16,16,58
01/16/2020,HSA,MS,ASO,CE,Federal Contract Tower,1,0,4,31,36,0,0,0,5,5,1,0,4,36,41,0,2,2,43
01/17/2020,HSA,MS,ASO,CE,Federal Contract Tower,0,0,4,48,52,0,0,13,15,28,0,0,17,63,80,14,30,44,124
01/18/2020,HSA,MS,ASO,CE,Federal Contract Tower,0,0,4,2,6,0,0,8,0,8,0,0,12,2,14,0,0,0,14
01/19/2020,HSA,MS,ASO,CE,Federal Contract Tower,0,2,3,1,6,0,0,2,5,7,0,2,5,6,13,8,6,14,27
01/20/2020,HSA,MS,ASO,CE,Federal Contract Tower,0,0,2,0,2,0,0,10,0,10,0,0,12,0,12,12,0,12,24
01/21/2020,HSA,MS,ASO,CE,Federal Contract Tower,0,0,4,28,32,0,0,15,33,48,0,0,19,61,80,14,52,66,146
01/22/2020,HSA,MS,ASO,CE,Federal Contract Tower,0,0,1,37,38,0,0,6,20,26,0,0,7,57,64,2,76,78,142
01/23/2020,HSA,MS,ASO,CE,Federal Contract Tower,0,0,1,13,14,0,0,0,3,3,0,0,1,16,17,0,16,16,33
01/24/2020,HSA,MS,ASO,CE,Federal Contract Tower,0,0,14,61,75,0,0,17,44,61,0,0,31,105,136,20,118,138,274
01/25/2020,HSA,MS,ASO,CE,Federal Contract Tower,0,0,3,0,3,0,0,17,2,19,0,0,20,2,22,44,8,52,74
01/26/2020,HSA,MS,ASO,CE,Federal Contract Tower,0,2,0,2,4,0,0,0,0,0,0,2,0,2,4,0,0,0,4
01/27/2020,HSA,MS,ASO,CE,Federal Contract Tower,0,0,4,23,27,0,0,0,3,3,0,0,4,26,30,0,18,18,48
01/28/2020,HSA,MS,ASO,CE,Federal Contract Tower,0,0,5,43,48,0,0,33,42,75,0,0,38,85,123,4,16,20,143
01/29/2020,HSA,MS,ASO,CE,Federal Contract Tower,0,0,31,0,31,0,0,0,0,0,0,0,31,0,31,0,26,26,57
01/30/2020,HSA,MS,ASO,CE,Federal Contract Tower,0,0,6,22,28,0,0,19,38,57,0,0,25,60,85,16,42,58,143
01/31/2020,HSA,MS,ASO,CE,Federal Contract Tower,0,0,5,39,44,0,0,0,17,17,0,0,5,56,61,0,66,66,127
02/01/2020,HSA,MS,ASO,CE,Federal Contract Tower,0,0,5,4,9,0,0,18,8,26,0,0,23,12,35,2,16,18,53
02/02/2020,HSA,MS,ASO,CE,Federal Contract Tower,0,0,3,2,5,0,0,22,4,26,0,0,25,6,31,0,16,16,47
02/03/2020,HSA,MS,ASO,CE,Federal Contract Tower,0,0,5,45,50,0,0,7,13,20,0,0,12,58,70,10,104,114,184
02/04/2020,HSA,MS,ASO,CE,Federal Contract Tower,0,0,5,30,35,0,0,9,13,22,0,0,14,43,57,4,44,48,105
02/05/2020,HSA,MS,ASO,CE,Federal Contract Tower,0,5,1,2,8,0,0,0,0,0,0,5,1,2,8,0,0,0,8
02/06/2020,HSA,MS,ASO,CE,Federal Contract Tower,0,0,1,6,7,0,0,0,2,2,0,0,1,8,9,0,32,32,41
02/07/2020,HSA,MS,ASO,CE,Federal Contract Tower,0,0,11,44,55,0,0,30,30,60,0,0,41,74,115,14,54,68,183
02/08/2020,HSA,MS,ASO,CE,Federal Contract Tower,0,0,9,7,16,0,0,24,9,33,0,0,33,16,49,77,10,87,136
02/09/2020,HSA,MS,ASO,CE,Federal Contract Tower,0,2,2,18,22,0,0,11,2,13,0,2,13,20,35,2,20,22,57
02/10/2020,HSA,MS,ASO,CE,Federal Contract Tower,0,2,4,14,20,0,0,0,0,0,0,2,4,14,20,0,0,0,20
02/11/2020,HSA,MS,ASO,CE,Federal Contract Tower,0,0,10,24,34,0,0,3,3,6,0,0,13,27,40,6,10,16,56
02/12/2020,HSA,MS,ASO,CE,Federal Contract Tower,0,0,2,1,3,0,0,2,0,2,0,0,4,1,5,0,0,0,5
02/13/2020,HSA,MS,ASO,CE,Federal Contract Tower,0,0,7,31,38,0,0,10,12,22,0,0,17,43,60,6,62,68,128
02/14/2020,HSA,MS,ASO,CE,Federal Contract Tower,0,0,10,36,46,0,0,30,34,64,0,0,40,70,110,40,92,132,242
02/15/2020,HSA,MS,ASO,CE,Federal Contract Tower,0,0,6,2,8,0,0,22,6,28,0,0,28,8,36,34,0,34,70
02/16/2020,HSA,MS,ASO,CE,Federal Contract Tower,0,0,0,0,0,0,0,0,0,0,0,0,0,0,0,0,0,0,0
02/17/2020,HSA,MS,ASO,CE,Federal Contract Tower,0,0,5,4,9,0,0,0,0,0,0,0,5,4,9,0,0,0,9
02/18/2020,HSA,MS,ASO,CE,Federal Contract Tower,0,0,0,6,6,0,0,0,0,0,0,0,0,6,6,6,0,6,12
02/19/2020,HSA,MS,ASO,CE,Federal Contract Tower,0,0,7,43,50,0,0,0,11,11,0,0,7,54,61,0,24,24,85
02/20/2020,HSA,MS,ASO,CE,Federal Contract Tower,0,0,0,12,12,0,0,0,4,4,0,0,0,16,16,0,2,2,18
02/21/2020,HSA,MS,ASO,CE,Federal Contract Tower,0,1,4,38,43,0,0,26,37,63,0,1,30,75,106,26,55,81,187
02/22/2020,HSA,MS,ASO,CE,Federal Contract Tower,0,0,3,2,5,0,0,39,7,46,0,0,42,9,51,13,6,19,70
02/23/2020,HSA,MS,ASO,CE,Federal Contract Tower,0,0,3,2,5,0,0,11,3,14,0,0,14,5,19,4,6,10,29
02/24/2020,HSA,MS,ASO,CE,Federal Contract Tower,0,0,7,28,35,0,0,10,9,19,0,0,17,37,54,18,48,66,120
02/25/2020,HSA,MS,ASO,CE,Federal Contract Tower,0,0,9,34,43,0,0,25,32,57,0,0,34,66,100,28,38,66,166
02/26/2020,HSA,MS,ASO,CE,Federal Contract Tower,0,1,3,22,26,0,0,1,19,20,0,1,4,41,46,40,0,40,86
02/27/2020,HSA,MS,ASO,CE,Federal Contract Tower,0,1,3,10,14,0,0,20,21,41,0,1,23,31,55,22,24,46,101
02/28/2020,HSA,MS,ASO,CE,Federal Contract Tower,0,0,12,40,52,0,0,23,18,41,0,0,35,58,93,18,17,35,128
02/29/2020,HSA,MS,ASO,CE,Federal Contract Tower,0,2,3,14,19,0,0,42,4,46,0,2,45,18,65,12,6,18,83
03/01/2020,HSA,MS,ASO,CE,Federal Contract Tower,0,0,6,2,8,0,0,13,0,13,0,0,19,2,21,16,2,18,39
03/02/2020,HSA,MS,ASO,CE,Federal Contract Tower,0,0,3,31,34,0,0,6,10,16,0,0,9,41,50,2,60,62,112
03/03/2020,HSA,MS,ASO,CE,Federal Contract Tower,0,0,6,23,29,0,0,5,9,14,0,0,11,32,43,0,20,20,63
03/04/2020,HSA,MS,ASO,CE,Federal Contract Tower,0,0,0,2,2,0,0,0,0,0,0,0,0,2,2,0,0,0,2
03/05/2020,HSA,MS,ASO,CE,Federal Contract Tower,0,0,8,17,25,0,0,7,17,24,0,0,15,34,49,24,18,42,91
03/06/2020,HSA,MS,ASO,CE,Federal Contract Tower,0,0,7,32,39,0,0,25,24,49,0,0,32,56,88,30,44,74,162
03/07/2020,HSA,MS,ASO,CE,Federal Contract Tower,0,0,6,13,19,0,0,26,0,26,0,0,32,13,45,14,26,40,85
03/08/2020,HSA,MS,ASO,CE,Federal Contract Tower,0,0,2,13,15,0,0,14,5,19,0,0,16,18,34,4,0,4,38
03/09/2020,HSA,MS,ASO,CE,Federal Contract Tower,0,0,4,33,37,0,0,16,40,56,0,0,20,73,93,16,82,98,191
03/10/2020,HSA,MS,ASO,CE,Federal Contract Tower,0,0,3,43,46,0,0,1,21,22,0,0,4,64,68,0,56,56,124
03/11/2020,HSA,MS,ASO,CE,Federal Contract Tower,0,1,0,53,54,0,0,7,13,20,0,1,7,66,74,38,2,40,114
03/12/2020,HSA,MS,ASO,CE,Federal Contract Tower,0,0,7,38,45,0,0,3,10,13,0,0,10,48,58,0,4,4,62
03/13/2020,HSA,MS,ASO,CE,Federal Contract Tower,0,0,3,22,25,0,0,17,13,30,0,0,20,35,55,28,12,40,95
03/14/2020,HSA,MS,ASO,CE,Federal Contract Tower,0,0,6,4,10,0,0,2,0,2,0,0,8,4,12,0,0,0,12
03/15/2020,HSA,MS,ASO,CE,Federal Contract Tower,0,0,0,7,7,0,0,6,1,7,0,0,6,8,14,6,6,12,26
03/16/2020,HSA,MS,ASO,CE,Federal Contract Tower,0,2,3,18,23,0,0,21,11,32,0,2,24,29,55,22,84,106,161
03/17/2020,HSA,MS,ASO,CE,Federal Contract Tower,0,0,2,38,40,0,0,2,2,4,0,0,4,40,44,26,4,30,74
03/18/2020,HSA,MS,ASO,CE,Federal Contract Tower,0,0,1,42,43,0,0,7,9,16,0,0,8,51,59,8,8,16,75
03/19/2020,HSA,MS,ASO,CE,Federal Contract Tower,0,0,3,31,34,0,0,6,7,13,0,0,9,38,47,0,24,24,71
03/20/2020,HSA,MS,ASO,CE,Federal Contract Tower,0,0,2,29,31,0,0,2,19,21,0,0,4,48,52,10,0,10,62
03/21/2020,HSA,MS,ASO,CE,Federal Contract Tower,0,1,6,1,8,0,0,3,0,3,0,1,9,1,11,2,0,2,13
03/22/2020,HSA,MS,ASO,CE,Federal Contract Tower,0,3,2,5,10,0,0,6,1,7,0,3,8,6,17,0,0,0,17
03/24/2020,HSA,MS,ASO,CE,Federal Contract Tower,0,0,18,15,33,0,0,9,23,32,0,0,27,38,65,6,24,30,95
03/25/2020,HSA,MS,ASO,CE,Federal Contract Tower,0,0,8,20,28,0,0,10,8,18,0,0,18,28,46,20,26,46,92
03/26/2020,HSA,MS,ASO,CE,Federal Contract Tower,0,0,2,16,18,0,0,7,7,14,0,0,9,23,32,2,24,26,58
03/27/2020,HSA,MS,ASO,CE,Federal Contract Tower,0,0,5,54,59,0,0,15,27,42,0,0,20,81,101,0,58,58,159
03/28/2020,HSA,MS,ASO,CE,Federal Contract Tower,0,0,2,7,9,0,0,2,9,11,0,0,4,16,20,0,22,22,42
03/29/2020,HSA,MS,ASO,CE,Federal Contract Tower,0,0,1,1,2,0,0,12,3,15,0,0,13,4,17,14,10,24,41
03/30/2020,HSA,MS,ASO,CE,Federal Contract Tower,0,0,0,32,32,0,0,17,18,35,0,0,17,50,67,14,30,44,111
03/31/2020,HSA,MS,ASO,CE,Federal Contract Tower,0,0,3,12,15,0,0,4,16,20,0,0,7,28,35,8,10,18,53
04/01/2020,HSA,MS,ASO,CE,Federal Contract Tower,0,0,2,15,17,0,0,17,12,29,0,0,19,27,46,28,12,40,86
04/02/2020,HSA,MS,ASO,CE,Federal Contract Tower,0,0,2,17,19,0,0,15,16,31,0,0,17,33,50,24,12,36,86
04/03/2020,HSA,MS,ASO,CE,Federal Contract Tower,0,0,4,19,23,0,0,28,8,36,0,0,32,27,59,36,28,64,123
04/04/2020,HSA,MS,ASO,CE,Federal Contract Tower,0,0,0,2,2,0,0,15,0,15,0,0,15,2,17,20,0,20,37
04/05/2020,HSA,MS,ASO,CE,Federal Contract Tower,0,0,4,0,4,0,0,4,3,7,0,0,8,3,11,22,6,28,39
04/06/2020,HSA,MS,ASO,CE,Federal Contract Tower,0,0,2,12,14,0,0,14,14,28,0,0,16,26,42,16,18,34,76
04/07/2020,HSA,MS,ASO,CE,Federal Contract Tower,0,0,3,18,21,0,0,0,0,0,0,0,3,18,21,34,0,34,55
04/08/2020,HSA,MS,ASO,CE,Federal Contract Tower,0,0,2,23,25,0,0,7,5,12,0,0,9,28,37,2,6,8,45
04/09/2020,HSA,MS,ASO,CE,Federal Contract Tower,0,0,0,18,18,0,0,3,16,19,0,0,3,34,37,0,78,78,115
04/10/2020,HSA,MS,ASO,CE,Federal Contract Tower,0,0,1,1,2,0,0,18,1,19,0,0,19,2,21,24,0,24,45
04/11/2020,HSA,MS,ASO,CE,Federal Contract Tower,0,1,3,0,4,0,0,3,0,3,0,1,6,0,7,4,0,4,11
04/12/2020,HSA,MS,ASO,CE,Federal Contract Tower,0,1,0,0,1,0,0,0,0,0,0,1,0,0,1,0,0,0,1
04/13/2020,HSA,MS,ASO,CE,Federal Contract Tower,0,0,1,14,15,0,0,22,11,33,0,0,23,25,48,42,18,60,108
04/14/2020,HSA,MS,ASO,CE,Federal Contract Tower,0,0,3,10,13,0,0,14,9,23,0,0,17,19,36,14,0,14,50
04/15/2020,HSA,MS,ASO,CE,Federal Contract Tower,0,0,1,17,18,0,0,15,13,28,0,0,16,30,46,26,2,28,74
04/16/2020,HSA,MS,ASO,CE,Federal Contract Tower,0,0,0,20,20,0,0,28,14,42,0,0,28,34,62,28,2,30,92
04/17/2020,HSA,MS,ASO,CE,Federal Contract Tower,0,0,3,17,20,0,0,17,10,27,0,0,20,27,47,26,0,26,73
04/18/2020,HSA,MS,ASO,CE,Federal Contract Tower,0,0,0,2,2,0,0,2,0,2,0,0,2,2,4,4,0,4,8
04/20/2020,HSA,MS,ASO,CE,Federal Contract Tower,0,0,1,16,17,0,0,15,19,34,0,0,16,35,51,8,28,36,87
04/21/2020,HSA,MS,ASO,CE,Federal Contract Tower,0,0,3,18,21,0,0,40,13,53,0,0,43,31,74,32,48,80,154
04/22/2020,HSA,MS,ASO,CE,Federal Contract Tower,0,0,0,20,20,0,0,24,19,43,0,0,24,39,63,2,8,10,73
04/23/2020,HSA,MS,ASO,CE,Federal Contract Tower,0,0,0,0,0,0,0,2,11,13,0,0,2,11,13,0,26,26,39
04/24/2020,HSA,MS,ASO,CE,Federal Contract Tower,0,0,0,35,35,0,0,43,39,82,0,0,43,74,117,58,17,75,192
04/25/2020,HSA,MS,ASO,CE,Federal Contract Tower,0,0,4,4,8,0,0,5,0,5,0,0,9,4,13,0,0,0,13
04/26/2020,HSA,MS,ASO,CE,Federal Contract Tower,0,0,5,2,7,0,0,13,0,13,0,0,18,2,20,10,0,10,30
04/27/2020,HSA,MS,ASO,CE,Federal Contract Tower,0,0,1,63,64,0,0,23,18,41,0,0,24,81,105,28,14,42,147
04/28/2020,HSA,MS,ASO,CE,Federal Contract Tower,0,0,4,21,25,0,0,28,20,48,0,0,32,41,73,36,10,46,119
04/29/2020,HSA,MS,ASO,CE,Federal Contract Tower,0,0,0,18,18,0,0,4,6,10,0,0,4,24,28,0,12,12,40
04/30/2020,HSA,MS,ASO,CE,Federal Contract Tower,0,2,2,15,19,0,0,18,12,30,0,2,20,27,49,40,30,70,119
05/01/2020,HSA,MS,ASO,CE,Federal Contract Tower,0,0,7,25,32,0,0,47,24,71,0,0,54,49,103,36,62,98,201
05/02/2020,HSA,MS,ASO,CE,Federal Contract Tower,0,0,8,0,8,0,0,25,7,32,0,0,33,7,40,32,0,32,72
05/03/2020,HSA,MS,ASO,CE,Federal Contract Tower,0,0,2,0,2,0,0,16,3,19,0,0,18,3,21,0,16,16,37
05/04/2020,HSA,MS,ASO,CE,Federal Contract Tower,0,0,1,20,21,0,0,15,8,23,0,0,16,28,44,20,26,46,90
05/05/2020,HSA,MS,ASO,CE,Federal Contract Tower,0,0,0,22,22,0,0,43,16,59,0,0,43,38,81,30,12,42,123
05/06/2020,HSA,MS,ASO,CE,Federal Contract Tower,0,0,1,11,12,0,0,29,12,41,0,0,30,23,53,22,8,30,83
05/07/2020,HSA,MS,ASO,CE,Federal Contract Tower,0,0,2,23,25,0,0,25,14,39,0,0,27,37,64,4,32,36,100
05/08/2020,HSA,MS,ASO,CE,Federal Contract Tower,0,0,2,9,11,0,0,14,0,14,0,0,16,9,25,10,4,14,39
05/09/2020,HSA,MS,ASO,CE,Federal Contract Tower,0,1,2,16,19,0,0,13,1,14,0,1,15,17,33,0,0,0,33
05/10/2020,HSA,MS,ASO,CE,Federal Contract Tower,0,3,1,1,5,0,0,14,2,16,0,3,15,3,21,12,0,12,33
05/11/2020,HSA,MS,ASO,CE,Federal Contract Tower,0,1,1,24,26,0,0,23,27,50,0,1,24,51,76,16,18,34,110
05/12/2020,HSA,MS,ASO,CE,Federal Contract Tower,0,5,8,31,44,0,0,31,17,48,0,5,39,48,92,14,43,57,149
05/13/2020,HSA,MS,ASO,CE,Federal Contract Tower,0,0,4,32,36,0,0,31,15,46,0,0,35,47,82,32,62,94,176
05/14/2020,HSA,MS,ASO,CE,Federal Contract Tower,0,0,5,12,17,0,0,1,10,11,0,0,6,22,28,0,0,0,28
05/15/2020,HSA,MS,ASO,CE,Federal Contract Tower,0,0,3,26,29,0,0,0,1,1,0,0,3,27,30,0,1,1,31
05/16/2020,HSA,MS,ASO,CE,Federal Contract Tower,0,0,2,0,2,0,0,5,3,8,0,0,7,3,10,4,0,4,14
05/17/2020,HSA,MS,ASO,CE,Federal Contract Tower,0,0,0,1,1,0,0,8,0,8,0,0,8,1,9,30,0,30,39
05/18/2020,HSA,MS,ASO,CE,Federal Contract Tower,0,0,0,21,21,0,0,15,23,38,0,0,15,44,59,14,48,62,121
05/19/2020,HSA,MS,ASO,CE,Federal Contract Tower,0,0,6,14,20,0,0,34,23,57,0,0,40,37,77,64,0,64,141
05/20/2020,HSA,MS,ASO,CE,Federal Contract Tower,0,0,2,0,2,0,0,1,2,3,0,0,3,2,5,2,0,2,7
05/21/2020,HSA,MS,ASO,CE,Federal Contract Tower,0,0,2,55,57,0,0,22,14,36,0,0,24,69,93,32,48,80,173
05/22/2020,HSA,MS,ASO,CE,Federal Contract Tower,0,5,2,0,7,0,0,25,0,25,0,5,27,0,32,2,0,2,34
05/23/2020,HSA,MS,ASO,CE,Federal Contract Tower,0,0,1,0,1,0,0,21,0,21,0,0,22,0,22,12,0,12,34
05/24/2020,HSA,MS,ASO,CE,Federal Contract Tower,0,0,1,0,1,0,0,10,0,10,0,0,11,0,11,22,0,22,33
05/25/2020,HSA,MS,ASO,CE,Federal Contract Tower,0,0,7,0,7,0,0,13,0,13,0,0,20,0,20,8,0,8,28
05/26/2020,HSA,MS,ASO,CE,Federal Contract Tower,0,0,3,0,3,0,0,2,1,3,0,0,5,1,6,4,0,4,10
05/28/2020,HSA,MS,ASO,CE,Federal Contract Tower,0,4,8,29,41,0,0,42,26,68,0,4,50,55,109,38,44,82,191
05/29/2020,HSA,MS,ASO,CE,Federal Contract Tower,0,0,7,33,40,0,0,25,31,56,0,0,32,64,96,28,4,32,128
05/30/2020,HSA,MS,ASO,CE,Federal Contract Tower,0,0,0,2,2,0,0,26,0,26,0,0,26,2,28,32,0,32,60
05/31/2020,HSA,MS,ASO,CE,Federal Contract Tower,0,0,7,1,8,0,0,13,1,14,0,0,20,2,22,4,6,10,32
06/01/2020,HSA,MS,ASO,CE,Federal Contract Tower,0,0,4,62,66,0,0,40,63,103,0,0,44,125,169,42,38,80,249
06/02/2020,HSA,MS,ASO,CE,Federal Contract Tower,0,0,4,48,52,0,0,18,19,37,0,0,22,67,89,0,28,28,117
06/03/2020,HSA,MS,ASO,CE,Federal Contract Tower,0,0,3,10,13,0,0,13,1,14,0,0,16,11,27,28,10,38,65
06/04/2020,HSA,MS,ASO,CE,Federal Contract Tower,0,5,1,29,35,0,0,26,20,46,0,5,27,49,81,32,8,40,121
06/05/2020,HSA,MS,ASO,CE,Federal Contract Tower,0,0,3,14,17,0,0,28,12,40,0,0,31,26,57,48,8,56,113
06/06/2020,HSA,MS,ASO,CE,Federal Contract Tower,0,0,1,0,1,0,0,4,0,4,0,0,5,0,5,6,0,6,11
06/07/2020,HSA,MS,ASO,CE,Federal Contract Tower,0,0,0,0,0,0,0,0,0,0,0,0,0,0,0,0,0,0,0
06/08/2020,HSA,MS,ASO,CE,Federal Contract Tower,0,0,0,1,1,0,0,0,1,1,0,0,0,2,2,0,0,0,2
06/09/2020,HSA,MS,ASO,CE,Federal Contract Tower,0,0,2,21,23,0,0,3,17,20,0,0,5,38,43,0,32,32,75
06/10/2020,HSA,MS,ASO,CE,Federal Contract Tower,0,0,0,49,49,0,0,14,29,43,0,0,14,78,92,26,48,74,166
06/11/2020,HSA,MS,ASO,CE,Federal Contract Tower,0,0,3,46,49,0,0,24,35,59,0,0,27,81,108,32,38,70,178
06/12/2020,HSA,MS,ASO,CE,Federal Contract Tower,0,0,3,27,30,0,0,17,55,72,0,0,20,82,102,18,18,36,138
06/13/2020,HSA,MS,ASO,CE,Federal Contract Tower,0,0,1,7,8,0,0,24,7,31,0,0,25,14,39,10,18,28,67
06/14/2020,HSA,MS,ASO,CE,Federal Contract Tower,0,2,3,0,5,0,0,14,2,16,0,2,17,2,21,22,0,22,43
06/15/2020,HSA,MS,ASO,CE,Federal Contract Tower,0,0,9,44,53,0,0,31,42,73,0,0,40,86,126,26,58,84,210
06/16/2020,HSA,MS,ASO,CE,Federal Contract Tower,0,0,6,36,42,0,0,36,40,76,0,0,42,76,118,34,28,62,180
06/17/2020,HSA,MS,ASO,CE,Federal Contract Tower,0,0,1,42,43,0,0,30,38,68,0,0,31,80,111,46,31,77,188
06/18/2020,HSA,MS,ASO,CE,Federal Contract Tower,0,0,5,55,60,0,0,18,22,40,0,0,23,77,100,0,42,42,142
06/19/2020,HSA,MS,ASO,CE,Federal Contract Tower,0,1,2,58,61,0,0,21,75,96,0,1,23,133,157,6,76,82,239
06/20/2020,HSA,MS,ASO,CE,Federal Contract Tower,0,0,0,0,0,0,0,8,0,8,0,0,8,0,8,8,0,8,16
06/21/2020,HSA,MS,ASO,CE,Federal Contract Tower,0,4,0,1,5,0,0,11,10,21,0,4,11,11,26,18,0,18,44
06/22/2020,HSA,MS,ASO,CE,Federal Contract Tower,0,2,2,9,13,0,0,7,2,9,0,2,9,11,22,0,0,0,22
06/23/2020,HSA,MS,ASO,CE,Federal Contract Tower,0,0,0,31,31,0,0,23,18,41,0,0,23,49,72,8,10,18,90
06/24/2020,HSA,MS,ASO,CE,Federal Contract Tower,0,0,4,5,9,0,0,1,2,3,0,0,5,7,12,0,0,0,12
06/25/2020,HSA,MS,ASO,CE,Federal Contract Tower,0,0,6,28,34,0,0,6,2,8,0,0,12,30,42,6,6,12,54
06/26/2020,HSA,MS,ASO,CE,Federal Contract Tower,0,0,5,44,49,0,0,8,21,29,0,0,13,65,78,12,12,24,102
06/27/2020,HSA,MS,ASO,CE,Federal Contract Tower,0,0,3,0,3,0,0,8,1,9,0,0,11,1,12,10,0,10,22
06/28/2020,HSA,MS,ASO,CE,Federal Contract Tower,0,0,1,4,5,0,0,13,0,13,0,0,14,4,18,16,0,16,34
06/29/2020,HSA,MS,ASO,CE,Federal Contract Tower,0,0,0,31,31,0,0,20,17,37,0,0,20,48,68,4,12,16,84
06/30/2020,HSA,MS,ASO,CE,Federal Contract Tower,0,0,3,37,40,0,0,23,21,44,0,0,26,58,84,24,52,76,160
07/01/2020,HSA,MS,ASO,CE,Federal Contract Tower,0,0,2,13,15,0,0,17,10,27,0,0,19,23,42,6,6,12,54
07/02/2020,HSA,MS,ASO,CE,Federal Contract Tower,0,2,9,10,21,0,0,4,1,5,0,2,13,11,26,8,0,8,34
07/03/2020,HSA,MS,ASO,CE,Federal Contract Tower,0,0,8,2,10,0,0,23,0,23,0,0,31,2,33,20,0,20,53
07/04/2020,HSA,MS,ASO,CE,Federal Contract Tower,0,0,2,0,2,0,0,13,0,13,0,0,15,0,15,36,0,36,51
07/05/2020,HSA,MS,ASO,CE,Federal Contract Tower,0,0,2,0,2,0,0,5,0,5,0,0,7,0,7,0,0,0,7
07/06/2020,HSA,MS,ASO,CE,Federal Contract Tower,0,0,4,3,7,0,0,10,1,11,0,0,14,4,18,6,0,6,24
07/07/2020,HSA,MS,ASO,CE,Federal Contract Tower,0,0,1,5,6,0,0,13,11,24,0,0,14,16,30,10,0,10,40
07/08/2020,HSA,MS,ASO,CE,Federal Contract Tower,0,4,8,16,28,0,0,12,23,35,0,4,20,39,63,4,41,45,108
07/09/2020,HSA,MS,ASO,CE,Federal Contract Tower,0,0,2,52,54,0,0,31,28,59,0,0,33,80,113,14,46,60,173
07/10/2020,HSA,MS,ASO,CE,Federal Contract Tower,0,0,7,33,40,0,0,37,43,80,0,0,44,76,120,44,52,96,216
07/11/2020,HSA,MS,ASO,CE,Federal Contract Tower,0,1,2,10,13,0,0,25,7,32,0,1,27,17,45,60,0,60,105
07/12/2020,HSA,MS,ASO,CE,Federal Contract Tower,0,1,2,1,4,0,0,32,2,34,0,1,34,3,38,18,0,18,56
07/13/2020,HSA,MS,ASO,CE,Federal Contract Tower,0,0,8,9,17,0,0,36,26,62,0,0,44,35,79,46,12,58,137
07/14/2020,HSA,MS,ASO,CE,Federal Contract Tower,0,0,2,35,37,0,0,27,22,49,0,0,29,57,86,8,24,32,118
07/15/2020,HSA,MS,ASO,CE,Federal Contract Tower,0,2,4,6,12,0,0,13,4,17,0,2,17,10,29,10,28,38,67
07/16/2020,HSA,MS,ASO,CE,Federal Contract Tower,0,0,8,34,42,0,0,16,16,32,0,0,24,50,74,0,16,16,90
07/17/2020,HSA,MS,ASO,CE,Federal Contract Tower,0,0,1,45,46,0,0,40,41,81,0,0,41,86,127,28,46,74,201
07/18/2020,HSA,MS,ASO,CE,Federal Contract Tower,0,0,1,7,8,0,0,17,1,18,0,0,18,8,26,37,4,41,67
07/19/2020,HSA,MS,ASO,CE,Federal Contract Tower,0,0,0,0,0,0,0,17,0,17,0,0,17,0,17,32,0,32,49
07/20/2020,HSA,MS,ASO,CE,Federal Contract Tower,0,0,3,41,44,0,0,27,56,83,0,0,30,97,127,4,56,60,187
07/21/2020,HSA,MS,ASO,CE,Federal Contract Tower,0,0,3,20,23,0,0,19,51,70,0,0,22,71,93,26,24,50,143
07/22/2020,HSA,MS,ASO,CE,Federal Contract Tower,0,0,3,34,37,0,0,14,23,37,0,0,17,57,74,0,24,24,98
07/23/2020,HSA,MS,ASO,CE,Federal Contract Tower,0,0,3,14,17,0,0,4,6,10,0,0,7,20,27,24,0,24,51
07/24/2020,HSA,MS,ASO,CE,Federal Contract Tower,0,0,6,1,7,0,0,0,0,0,0,0,6,1,7,0,0,0,7
07/25/2020,HSA,MS,ASO,CE,Federal Contract Tower,0,2,4,0,6,0,0,0,0,0,0,2,4,0,6,0,0,0,6
07/26/2020,HSA,MS,ASO,CE,Federal Contract Tower,0,0,4,0,4,0,0,0,0,0,0,0,4,0,4,0,0,0,4
07/27/2020,HSA,MS,ASO,CE,Federal Contract Tower,0,0,1,2,3,0,0,2,0,2,0,0,3,2,5,2,0,2,7
07/28/2020,HSA,MS,ASO,CE,Federal Contract Tower,0,1,5,9,15,0,0,16,12,28,0,1,21,21,43,0,0,0,43
07/29/2020,HSA,MS,ASO,CE,Federal Contract Tower,0,0,8,23,31,0,0,26,12,38,0,0,34,35,69,22,0,22,91
07/30/2020,HSA,MS,ASO,CE,Federal Contract Tower,0,0,11,19,30,0,0,19,25,44,0,0,30,44,74,0,24,24,98
07/31/2020,HSA,MS,ASO,CE,Federal Contract Tower,0,0,3,42,45,0,0,35,37,72,0,0,38,79,117,12,50,62,179
08/01/2020,HSA,MS,ASO,CE,Federal Contract Tower,0,0,0,1,1,0,0,7,2,9,0,0,7,3,10,8,8,16,26
08/02/2020,HSA,MS,ASO,CE,Federal Contract Tower,0,0,0,1,1,0,0,4,2,6,0,0,4,3,7,14,0,14,21
08/03/2020,HSA,MS,ASO,CE,Federal Contract Tower,0,0,2,37,39,0,0,26,24,50,0,0,28,61,89,32,14,46,135
08/04/2020,HSA,MS,ASO,CE,Federal Contract Tower,2,0,1,24,27,0,0,28,26,54,2,0,29,50,81,32,28,60,141
08/05/2020,HSA,MS,ASO,CE,Federal Contract Tower,0,0,1,31,32,0,0,30,29,59,0,0,31,60,91,42,62,104,195
08/06/2020,HSA,MS,ASO,CE,Federal Contract Tower,0,2,2,26,30,0,0,16,23,39,0,2,18,49,69,18,8,26,95
08/07/2020,HSA,MS,ASO,CE,Federal Contract Tower,0,0,0,46,46,0,0,26,43,69,0,0,26,89,115,10,18,28,143
08/08/2020,HSA,MS,ASO,CE,Federal Contract Tower,0,0,4,5,9,0,0,23,11,34,0,0,27,16,43,0,6,6,49
08/09/2020,HSA,MS,ASO,CE,Federal Contract Tower,0,0,4,2,6,0,0,5,2,7,0,0,9,4,13,16,0,16,29
08/10/2020,HSA,MS,ASO,CE,Federal Contract Tower,0,0,2,58,60,0,0,19,35,54,0,0,21,93,114,22,30,52,166
08/11/2020,HSA,MS,ASO,CE,Federal Contract Tower,0,2,12,21,35,0,0,36,36,72,0,2,48,57,107,12,42,54,161
08/12/2020,HSA,MS,ASO,CE,Federal Contract Tower,0,0,0,16,16,0,0,26,8,34,0,0,26,24,50,18,2,20,70
08/13/2020,HSA,MS,ASO,CE,Federal Contract Tower,0,0,3,23,26,0,0,16,8,24,0,0,19,31,50,0,34,34,84
08/14/2020,HSA,MS,ASO,CE,Federal Contract Tower,0,0,3,9,12,0,0,19,4,23,0,0,22,13,35,8,14,22,57
08/15/2020,HSA,MS,ASO,CE,Federal Contract Tower,0,2,0,8,10,0,0,21,7,28,0,2,21,15,38,14,6,20,58
08/17/2020,HSA,MS,ASO,CE,Federal Contract Tower,0,0,4,32,36,0,0,19,50,69,0,0,23,82,105,4,54,58,163
08/18/2020,HSA,MS,ASO,CE,Federal Contract Tower,0,0,6,21,27,0,0,24,43,67,0,0,30,64,94,16,60,76,170
08/19/2020,HSA,MS,ASO,CE,Federal Contract Tower,0,0,2,15,17,0,0,20,23,43,0,0,22,38,60,0,40,40,100
08/20/2020,HSA,MS,ASO,CE,Federal Contract Tower,0,0,4,0,4,0,0,16,7,23,0,0,20,7,27,6,0,6,33
08/21/2020,HSA,MS,ASO,CE,Federal Contract Tower,0,0,3,42,45,0,0,32,51,83,0,0,35,93,128,32,42,74,202
08/22/2020,HSA,MS,ASO,CE,Federal Contract Tower,0,0,4,2,6,0,0,35,0,35,0,0,39,2,41,22,0,22,63
08/23/2020,HSA,MS,ASO,CE,Federal Contract Tower,0,0,5,2,7,0,0,6,0,6,0,0,11,2,13,6,0,6,19
08/24/2020,HSA,MS,ASO,CE,Federal Contract Tower,0,0,2,0,2,0,0,1,0,1,0,0,3,0,3,4,0,4,7
08/25/2020,HSA,MS,ASO,CE,Federal Contract Tower,0,0,2,2,4,0,0,0,0,0,0,0,2,2,4,0,2,2,6
08/26/2020,HSA,MS,ASO,CE,Federal Contract Tower,0,2,0,9,11,0,0,0,10,10,0,2,0,19,21,0,14,14,35
08/28/2020,HSA,MS,ASO,CE,Federal Contract Tower,0,0,5,1,6,0,0,9,2,11,0,0,14,3,17,0,0,0,17
08/29/2020,HSA,MS,ASO,CE,Federal Contract Tower,0,0,3,0,3,0,0,18,6,24,0,0,21,6,27,48,24,72,99
08/30/2020,HSA,MS,ASO,CE,Federal Contract Tower,0,0,0,6,6,0,0,3,3,6,0,0,3,9,12,0,10,10,22
08/31/2020,HSA,MS,ASO,CE,Federal Contract Tower,0,1,11,19,31,0,0,34,17,51,0,1,45,36,82,20,8,28,110
09/01/2020,HSA,MS,ASO,CE,Federal Contract Tower,0,1,2,76,79,0,0,31,36,67,0,1,33,112,146,70,12,82,228
09/02/2020,HSA,MS,ASO,CE,Federal Contract Tower,0,0,9,60,69,0,0,21,21,42,0,0,30,81,111,14,90,104,215
09/03/2020,HSA,MS,ASO,CE,Federal Contract Tower,0,0,6,34,40,0,0,21,36,57,0,0,27,70,97,2,26,28,125
09/04/2020,HSA,MS,ASO,CE,Federal Contract Tower,0,0,4,2,6,0,0,18,6,24,0,0,22,8,30,30,56,86,116
09/05/2020,HSA,MS,ASO,CE,Federal Contract Tower,0,0,4,0,4,0,0,14,0,14,0,0,18,0,18,35,0,35,53
09/06/2020,HSA,MS,ASO,CE,Federal Contract Tower,0,0,1,0,1,0,0,15,0,15,0,0,16,0,16,12,0,12,28
09/07/2020,HSA,MS,ASO,CE,Federal Contract Tower,0,0,2,0,2,0,0,36,0,36,0,0,38,0,38,28,0,28,66
09/08/2020,HSA,MS,ASO,CE,Federal Contract Tower,0,0,6,52,58,0,0,42,35,77,0,0,48,87,135,94,54,148,283
09/09/2020,HSA,MS,ASO,CE,Federal Contract Tower,0,0,4,48,52,0,0,17,11,28,0,0,21,59,80,22,94,116,196
09/10/2020,HSA,MS,ASO,CE,Federal Contract Tower,0,0,3,38,41,0,0,25,41,66,0,0,28,79,107,18,58,76,183
09/11/2020,HSA,MS,ASO,CE,Federal Contract Tower,0,1,10,17,28,0,0,26,15,41,0,1,36,32,69,36,6,42,111
09/12/2020,HSA,MS,ASO,CE,Federal Contract Tower,0,0,4,0,4,0,0,15,9,24,0,0,19,9,28,28,0,28,56
09/13/2020,HSA,MS,ASO,CE,Federal Contract Tower,0,0,2,0,2,0,0,20,0,20,0,0,22,0,22,4,0,4,26
09/14/2020,HSA,MS,ASO,CE,Federal Contract Tower,0,0,1,0,1,0,0,0,0,0,0,0,1,0,1,0,0,0,1
09/15/2020,HSA,MS,ASO,CE,Federal Contract Tower,0,0,0,0,0,0,0,0,0,0,0,0,0,0,0,0,0,0,0
09/16/2020,HSA,MS,ASO,CE,Federal Contract Tower,0,0,0,0,0,0,0,3,0,3,0,0,3,0,3,0,0,0,3
09/17/2020,HSA,MS,ASO,CE,Federal Contract Tower,0,0,4,22,26,0,0,17,5,22,0,0,21,27,48,8,22,30,78
09/18/2020,HSA,MS,ASO,CE,Federal Contract Tower,0,2,1,15,18,0,0,16,13,29,0,2,17,28,47,52,30,82,129
09/19/2020,HSA,MS,ASO,CE,Federal Contract Tower,0,0,3,0,3,0,0,0,0,0,0,0,3,0,3,0,0,0,3
09/20/2020,HSA,MS,ASO,CE,Federal Contract Tower,0,0,2,2,4,0,0,0,0,0,0,0,2,2,4,0,0,0,4
09/21/2020,HSA,MS,ASO,CE,Federal Contract Tower,0,0,0,6,6,0,0,2,0,2,0,0,2,6,8,0,0,0,8
09/22/2020,HSA,MS,ASO,CE,Federal Contract Tower,0,0,4,19,23,0,0,1,4,5,0,0,5,23,28,0,18,18,46
09/23/2020,HSA,MS,ASO,CE,Federal Contract Tower,0,0,1,27,28,0,0,5,9,14,0,0,6,36,42,14,6,20,62
09/24/2020,HSA,MS,ASO,CE,Federal Contract Tower,0,1,3,79,83,0,0,18,26,44,0,1,21,105,127,0,12,12,139
09/25/2020,HSA,MS,ASO,CE,Federal Contract Tower,0,0,7,31,38,0,0,25,19,44,0,0,32,50,82,24,20,44,126
09/26/2020,HSA,MS,ASO,CE,Federal Contract Tower,0,0,0,8,8,0,0,6,1,7,0,0,6,9,15,20,0,20,35
09/27/2020,HSA,MS,ASO,CE,Federal Contract Tower,0,2,1,4,7,0,0,30,3,33,0,2,31,7,40,28,0,28,68
09/28/2020,HSA,MS,ASO,CE,Federal Contract Tower,0,0,8,19,27,0,0,12,7,19,0,0,20,26,46,20,2,22,68
09/29/2020,HSA,MS,ASO,CE,Federal Contract Tower,0,2,4,37,43,0,0,18,27,45,0,2,22,64,88,26,26,52,140
09/30/2020,HSA,MS,ASO,CE,Federal Contract Tower,0,0,6,24,30,0,0,22,17,39,0,0,28,41,69,36,18,54,123
10/01/2020,HSA,MS,ASO,CE,Federal Contract Tower,0,0,7,35,42,0,0,31,16,47,0,0,38,51,89,44,26,70,159
10/02/2020,HSA,MS,ASO,CE,Federal Contract Tower,0,2,4,22,28,0,0,32,31,63,0,2,36,53,91,24,18,42,133
10/03/2020,HSA,MS,ASO,CE,Federal Contract Tower,0,0,8,19,27,0,0,42,20,62,0,0,50,39,89,52,6,58,147
10/04/2020,HSA,MS,ASO,CE,Federal Contract Tower,0,0,4,2,6,0,0,11,1,12,0,0,15,3,18,0,0,0,18
10/05/2020,HSA,MS,ASO,CE,Federal Contract Tower,0,0,0,13,13,0,0,30,22,52,0,0,30,35,65,60,4,64,129
10/06/2020,HSA,MS,ASO,CE,Federal Contract Tower,0,0,2,23,25,0,0,18,11,29,0,0,20,34,54,28,36,64,118
10/07/2020,HSA,MS,ASO,CE,Federal Contract Tower,0,0,8,19,27,0,0,10,9,19,0,0,18,28,46,48,16,64,110
10/08/2020,HSA,MS,ASO,CE,Federal Contract Tower,0,0,7,9,16,0,0,9,3,12,0,0,16,12,28,10,0,10,38
10/09/2020,HSA,MS,ASO,CE,Federal Contract Tower,0,0,0,0,0,0,0,0,0,0,0,0,0,0,0,0,0,0,0
10/10/2020,HSA,MS,ASO,CE,Federal Contract Tower,0,0,0,0,0,0,0,0,0,0,0,0,0,0,0,0,0,0,0
10/11/2020,HSA,MS,ASO,CE,Federal Contract Tower,0,0,2,0,2,0,0,19,0,19,0,0,21,0,21,12,0,12,33
10/12/2020,HSA,MS,ASO,CE,Federal Contract Tower,0,2,4,6,12,0,0,18,0,18,0,2,22,6,30,14,0,14,44
10/13/2020,HSA,MS,ASO,CE,Federal Contract Tower,0,0,2,44,46,0,0,23,31,54,0,0,25,75,100,48,28,76,176
10/14/2020,HSA,MS,ASO,CE,Federal Contract Tower,0,0,7,47,54,0,0,20,16,36,0,0,27,63,90,50,16,66,156
10/15/2020,HSA,MS,ASO,CE,Federal Contract Tower,0,0,2,48,50,0,0,20,15,35,0,0,22,63,85,10,18,28,113
10/16/2020,HSA,MS,ASO,CE,Federal Contract Tower,0,0,0,44,44,0,0,6,19,25,0,0,6,63,69,0,2,2,71
10/17/2020,HSA,MS,ASO,CE,Federal Contract Tower,0,0,4,0,4,0,0,21,0,21,0,0,25,0,25,14,0,14,39
10/18/2020,HSA,MS,ASO,CE,Federal Contract Tower,0,4,6,8,18,0,0,28,0,28,0,4,34,8,46,16,0,16,62
10/19/2020,HSA,MS,ASO,CE,Federal Contract Tower,0,0,9,43,52,0,0,20,22,42,0,0,29,65,94,22,62,84,178
10/20/2020,HSA,MS,ASO,CE,Federal Contract Tower,0,0,1,63,64,0,0,12,36,48,0,0,13,99,112,8,52,60,172
10/21/2020,HSA,MS,ASO,CE,Federal Contract Tower,0,0,3,66,69,0,0,22,48,70,0,0,25,114,139,40,106,146,285
10/22/2020,HSA,MS,ASO,CE,Federal Contract Tower,0,0,7,31,38,0,0,11,18,29,0,0,18,49,67,20,10,30,97
10/23/2020,HSA,MS,ASO,CE,Federal Contract Tower,0,1,2,60,63,0,0,23,34,57,0,1,25,94,120,18,16,34,154
10/24/2020,HSA,MS,ASO,CE,Federal Contract Tower,0,0,1,0,1,0,0,4,0,4,0,0,5,0,5,8,0,8,13
10/25/2020,HSA,MS,ASO,CE,Federal Contract Tower,0,2,1,0,3,0,0,3,0,3,0,2,4,0,6,0,0,0,6
10/26/2020,HSA,MS,ASO,CE,Federal Contract Tower,0,4,3,6,13,0,0,18,5,23,0,4,21,11,36,12,6,18,54
10/27/2020,HSA,MS,ASO,CE,Federal Contract Tower,0,0,2,16,18,0,0,12,1,13,0,0,14,17,31,0,18,18,49
10/28/2020,HSA,MS,ASO,CE,Federal Contract Tower,0,0,0,0,0,0,0,0,0,0,0,0,0,0,0,0,0,0,0
10/29/2020,HSA,MS,ASO,CE,Federal Contract Tower,0,2,2,0,4,0,0,4,0,4,0,2,6,0,8,0,0,0,8
10/30/2020,HSA,MS,ASO,CE,Federal Contract Tower,0,1,0,10,11,0,0,6,23,29,0,1,6,33,40,8,34,42,82
10/31/2020,HSA,MS,ASO,CE,Federal Contract Tower,0,2,4,1,7,0,0,36,7,43,0,2,40,8,50,36,40,76,126
11/01/2020,HSA,MS,ASO,CE,Federal Contract Tower,0,0,1,0,1,0,0,30,0,30,0,0,31,0,31,8,0,8,39
11/02/2020,HSA,MS,ASO,CE,Federal Contract Tower,0,0,1,23,24,0,0,34,27,61,0,0,35,50,85,20,42,62,147
11/03/2020,HSA,MS,ASO,CE,Federal Contract Tower,0,0,3,43,46,0,0,25,27,52,0,0,28,70,98,20,88,108,206
11/04/2020,HSA,MS,ASO,CE,Federal Contract Tower,0,0,0,35,35,0,0,20,23,43,0,0,20,58,78,8,16,24,102
11/05/2020,HSA,MS,ASO,CE,Federal Contract Tower,0,0,8,26,34,0,0,22,22,44,0,0,30,48,78,24,54,78,156
11/06/2020,HSA,MS,ASO,CE,Federal Contract Tower,0,0,1,29,30,0,0,26,32,58,0,0,27,61,88,30,54,84,172
11/07/2020,HSA,MS,ASO,CE,Federal Contract Tower,0,0,0,2,2,0,0,15,2,17,0,0,15,4,19,26,12,38,57
11/08/2020,HSA,MS,ASO,CE,Federal Contract Tower,0,0,4,0,4,0,0,5,2,7,0,0,9,2,11,0,0,0,11
11/09/2020,HSA,MS,ASO,CE,Federal Contract Tower,0,2,6,51,59,0,0,7,24,31,0,2,13,75,90,0,37,37,127
11/10/2020,HSA,MS,ASO,CE,Federal Contract Tower,0,0,0,109,109,0,0,0,5,5,0,0,0,114,114,0,20,20,134
11/11/2020,HSA,MS,ASO,CE,Federal Contract Tower,0,0,1,2,3,0,0,8,2,10,0,0,9,4,13,8,6,14,27
11/12/2020,HSA,MS,ASO,CE,Federal Contract Tower,0,0,9,36,45,0,0,16,38,54,0,0,25,74,99,4,24,28,127
11/13/2020,HSA,MS,ASO,CE,Federal Contract Tower,0,0,0,47,47,0,0,27,35,62,0,0,27,82,109,48,30,78,187
11/14/2020,HSA,MS,ASO,CE,Federal Contract Tower,0,0,10,7,17,0,0,23,7,30,0,0,33,14,47,38,2,40,87
11/15/2020,HSA,MS,ASO,CE,Federal Contract Tower,0,0,1,0,1,0,0,9,2,11,0,0,10,2,12,18,4,22,34
11/16/2020,HSA,MS,ASO,CE,Federal Contract Tower,0,2,4,48,54,0,0,17,53,70,0,2,21,101,124,44,50,94,218
11/17/2020,HSA,MS,ASO,CE,Federal Contract Tower,0,0,1,41,42,0,0,17,42,59,0,0,18,83,101,24,76,100,201
11/18/2020,HSA,MS,ASO,CE,Federal Contract Tower,0,0,4,41,45,0,0,8,36,44,0,0,12,77,89,10,108,118,207
11/19/2020,HSA,MS,ASO,CE,Federal Contract Tower,0,0,3,65,68,0,0,11,37,48,0,0,14,102,116,0,50,50,166
11/20/2020,HSA,MS,ASO,CE,Federal Contract Tower,0,0,15,73,88,0,0,17,35,52,0,0,32,108,140,10,58,68,208
11/21/2020,HSA,MS,ASO,CE,Federal Contract Tower,0,0,1,13,14,0,0,7,1,8,0,0,8,14,22,18,8,26,48
11/22/2020,HSA,MS,ASO,CE,Federal Contract Tower,0,0,4,8,12,0,0,22,7,29,0,0,26,15,41,20,36,56,97
11/23/2020,HSA,MS,ASO,CE,Federal Contract Tower,0,0,0,52,52,0,0,20,36,56,0,0,20,88,108,14,78,92,200
11/24/2020,HSA,MS,ASO,CE,Federal Contract Tower,0,0,2,38,40,0,0,15,12,27,0,0,17,50,67,20,30,50,117
11/25/2020,HSA,MS,ASO,CE,Federal Contract Tower,0,1,0,0,1,0,0,6,1,7,0,1,6,1,8,16,0,16,24
11/26/2020,HSA,MS,ASO,CE,Federal Contract Tower,0,0,2,0,2,0,0,0,0,0,0,0,2,0,2,0,0,0,2
11/27/2020,HSA,MS,ASO,CE,Federal Contract Tower,0,0,8,8,16,0,0,0,0,0,0,0,8,8,16,0,0,0,16
11/28/2020,HSA,MS,ASO,CE,Federal Contract Tower,0,2,2,0,4,0,0,0,0,0,0,2,2,0,4,0,0,0,4
11/29/2020,HSA,MS,ASO,CE,Federal Contract Tower,0,1,6,0,7,0,0,0,0,0,0,1,6,0,7,0,0,0,7
11/30/2020,HSA,MS,ASO,CE,Federal Contract Tower,0,0,2,47,49,0,0,0,46,46,0,0,2,93,95,0,58,58,153
12/01/2020,HSA,MS,ASO,CE,Federal Contract Tower,0,0,0,41,41,0,0,31,48,79,0,0,31,89,120,8,66,74,194
12/02/2020,HSA,MS,ASO,CE,Federal Contract Tower,0,0,1,66,67,0,0,21,37,58,0,0,22,103,125,18,14,32,157
12/03/2020,HSA,MS,ASO,CE,Federal Contract Tower,0,0,0,38,38,0,0,5,12,17,0,0,5,50,55,18,24,42,97
12/04/2020,HSA,MS,ASO,CE,Federal Contract Tower,0,0,7,56,63,0,0,16,29,45,0,0,23,85,108,2,47,49,157
12/05/2020,HSA,MS,ASO,CE,Federal Contract Tower,0,0,1,9,10,0,0,39,9,48,0,0,40,18,58,59,12,71,129
12/06/2020,HSA,MS,ASO,CE,Federal Contract Tower,0,0,6,0,6,0,0,13,2,15,0,0,19,2,21,8,0,8,29
12/07/2020,HSA,MS,ASO,CE,Federal Contract Tower,0,0,5,42,47,0,0,13,25,38,0,0,18,67,85,10,32,42,127
12/08/2020,HSA,MS,ASO,CE,Federal Contract Tower,0,0,0,61,61,0,0,20,30,50,0,0,20,91,111,26,38,64,175
12/09/2020,HSA,MS,ASO,CE,Federal Contract Tower,0,0,1,63,64,0,0,31,22,53,0,0,32,85,117,22,76,98,215
12/10/2020,HSA,MS,ASO,CE,Federal Contract Tower,0,0,3,31,34,0,0,18,22,40,0,0,21,53,74,36,28,64,138
12/11/2020,HSA,MS,ASO,CE,Federal Contract Tower,0,0,7,39,46,0,0,22,32,54,0,0,29,71,100,31,20,51,151
12/12/2020,HSA,MS,ASO,CE,Federal Contract Tower,0,0,2,0,2,0,0,0,0,0,0,0,2,0,2,0,0,0,2
12/13/2020,HSA,MS,ASO,CE,Federal Contract Tower,0,0,0,7,7,0,0,0,1,1,0,0,0,8,8,0,16,16,24
12/14/2020,HSA,MS,ASO,CE,Federal Contract Tower,0,0,2,60,62,0,0,5,41,46,0,0,7,101,108,0,68,68,176
12/15/2020,HSA,MS,ASO,CE,Federal Contract Tower,0,0,0,47,47,0,0,7,18,25,0,0,7,65,72,10,6,16,88
12/16/2020,HSA,MS,ASO,CE,Federal Contract Tower,0,1,2,35,38,0,0,10,0,10,0,1,12,35,48,0,50,50,98
12/17/2020,HSA,MS,ASO,CE,Federal Contract Tower,0,0,7,41,48,0,0,10,26,36,0,0,17,67,84,10,25,35,119
12/18/2020,HSA,MS,ASO,CE,Federal Contract Tower,0,0,6,42,48,0,0,23,52,75,0,0,29,94,123,18,32,50,173
12/19/2020,HSA,MS,ASO,CE,Federal Contract Tower,0,0,1,4,5,0,0,25,10,35,0,0,26,14,40,43,6,49,89
12/20/2020,HSA,MS,ASO,CE,Federal Contract Tower,0,0,0,2,2,0,0,0,0,0,0,0,0,2,2,0,0,0,2
12/21/2020,HSA,MS,ASO,CE,Federal Contract Tower,0,0,8,30,38,0,0,33,20,53,0,0,41,50,91,62,26,88,179
12/22/2020,HSA,MS,ASO,CE,Federal Contract Tower,0,2,1,26,29,0,0,30,29,59,0,2,31,55,88,25,40,65,153
12/23/2020,HSA,MS,ASO,CE,Federal Contract Tower,0,0,2,17,19,0,0,8,1,9,0,0,10,18,28,18,0,18,46
12/24/2020,HSA,MS,ASO,CE,Federal Contract Tower,0,0,2,0,2,0,0,0,0,0,0,0,2,0,2,6,0,6,8
12/25/2020,HSA,MS,ASO,CE,Federal Contract Tower,0,0,0,0,0,0,0,1,0,1,0,0,1,0,1,0,0,0,1
12/26/2020,HSA,MS,ASO,CE,Federal Contract Tower,0,2,3,0,5,0,0,35,0,35,0,2,38,0,40,44,0,44,84
12/27/2020,HSA,MS,ASO,CE,Federal Contract Tower,0,0,3,0,3,0,0,22,0,22,0,0,25,0,25,45,0,45,70
12/28/2020,HSA,MS,ASO,CE,Federal Contract Tower,0,0,0,34,34,0,0,32,31,63,0,0,32,65,97,26,24,50,147
12/29/2020,HSA,MS,ASO,CE,Federal Contract Tower,0,1,7,18,26,0,0,23,26,49,0,1,30,44,75,23,10,33,108
12/30/2020,HSA,MS,ASO,CE,Federal Contract Tower,0,3,8,21,32,0,12,27,25,64,0,15,35,46,96,10,22,32,128
12/31/2020,HSA,MS,ASO,CE,Federal Contract Tower,0,9,3,0,12,0,17,8,0,25,0,26,11,0,37,0,0,0,37
01/01/2021,HSA,MS,ASO,CE,Federal Contract Tower,0,2,0,0,2,0,0,8,0,8,0,2,8,0,10,16,0,16,26
01/02/2021,HSA,MS,ASO,CE,Federal Contract Tower,0,0,11,0,11,0,0,16,0,16,0,0,27,0,27,47,0,47,74
01/03/2021,HSA,MS,ASO,CE,Federal Contract Tower,0,3,4,0,7,0,40,17,0,57,0,43,21,0,64,26,0,26,90
01/04/2021,HSA,MS,ASO,CE,Federal Contract Tower,0,0,7,31,38,0,3,32,35,70,0,3,39,66,108,64,6,70,178
01/05/2021,HSA,MS,ASO,CE,Federal Contract Tower,0,0,15,21,36,0,0,27,46,73,0,0,42,67,109,4,105,109,218
01/06/2021,HSA,MS,ASO,CE,Federal Contract Tower,0,0,7,29,36,0,0,13,25,38,0,0,20,54,74,28,40,68,142
01/07/2021,HSA,MS,ASO,CE,Federal Contract Tower,0,0,0,44,44,0,0,3,15,18,0,0,3,59,62,0,14,14,76
01/08/2021,HSA,MS,ASO,CE,Federal Contract Tower,0,0,8,20,28,0,0,7,15,22,0,0,15,35,50,0,30,30,80
01/09/2021,HSA,MS,ASO,CE,Federal Contract Tower,0,0,10,6,16,0,0,13,4,17,0,0,23,10,33,0,72,72,105
01/10/2021,HSA,MS,ASO,CE,Federal Contract Tower,0,0,0,3,3,0,0,2,0,2,0,0,2,3,5,0,8,8,13
01/11/2021,HSA,MS,ASO,CE,Federal Contract Tower,0,0,2,10,12,0,0,0,0,0,0,0,2,10,12,0,0,0,12
01/12/2021,HSA,MS,ASO,CE,Federal Contract Tower,0,0,9,48,57,0,0,0,27,27,0,0,9,75,84,0,36,36,120
01/13/2021,HSA,MS,ASO,CE,Federal Contract Tower,0,0,3,72,75,0,0,16,45,61,0,0,19,117,136,36,22,58,194
01/14/2021,HSA,MS,ASO,CE,Federal Contract Tower,0,0,6,67,73,0,0,22,38,60,0,0,28,105,133,4,46,50,183
01/15/2021,HSA,MS,ASO,CE,Federal Contract Tower,0,0,9,17,26,0,0,14,23,37,0,0,23,40,63,44,36,80,143
01/16/2021,HSA,MS,ASO,CE,Federal Contract Tower,0,4,4,1,9,0,0,19,0,19,0,4,23,1,28,36,0,36,64
01/17/2021,HSA,MS,ASO,CE,Federal Contract Tower,0,0,5,0,5,0,0,13,0,13,0,0,18,0,18,60,0,60,78
01/18/2021,HSA,MS,ASO,CE,Federal Contract Tower,0,2,0,0,2,0,0,17,0,17,0,2,17,0,19,4,0,4,23
01/19/2021,HSA,MS,ASO,CE,Federal Contract Tower,0,0,6,55,61,0,0,28,48,76,0,0,34,103,137,12,66,78,215
01/20/2021,HSA,MS,ASO,CE,Federal Contract Tower,0,0,3,60,63,0,0,27,53,80,0,0,30,113,143,18,65,83,226
01/21/2021,HSA,MS,ASO,CE,Federal Contract Tower,0,0,1,58,59,0,0,18,29,47,0,0,19,87,106,24,64,88,194
01/23/2021,HSA,MS,ASO,CE,Federal Contract Tower,0,0,1,2,3,0,0,9,0,9,0,0,10,2,12,10,0,10,22
01/24/2021,HSA,MS,ASO,CE,Federal Contract Tower,0,0,4,0,4,0,0,0,0,0,0,0,4,0,4,0,0,0,4
01/25/2021,HSA,MS,ASO,CE,Federal Contract Tower,0,0,3,50,53,0,0,1,0,1,0,0,4,50,54,18,18,36,90
01/26/2021,HSA,MS,ASO,CE,Federal Contract Tower,0,0,10,16,26,0,0,0,0,0,0,0,10,16,26,0,0,0,26
01/27/2021,HSA,MS,ASO,CE,Federal Contract Tower,0,0,1,34,35,0,0,6,15,21,0,0,7,49,56,2,44,46,102
01/28/2021,HSA,MS,ASO,CE,Federal Contract Tower,0,0,2,51,53,0,0,12,43,55,0,0,14,94,108,10,66,76,184
01/29/2021,HSA,MS,ASO,CE,Federal Contract Tower,0,0,4,62,66,0,0,16,35,51,0,0,20,97,117,10,36,46,163
01/30/2021,HSA,MS,ASO,CE,Federal Contract Tower,0,0,1,11,12,0,0,20,1,21,0,0,21,12,33,2,0,2,35
01/31/2021,HSA,MS,ASO,CE,Federal Contract Tower,0,0,2,3,5,0,0,4,1,5,0,0,6,4,10,2,0,2,12
02/01/2021,HSA,MS,ASO,CE,Federal Contract Tower,0,0,0,50,50,0,0,9,35,44,0,0,9,85,94,4,98,102,196
02/02/2021,HSA,MS,ASO,CE,Federal Contract Tower,0,0,2,41,43,0,0,23,30,53,0,0,25,71,96,16,14,30,126
02/03/2021,HSA,MS,ASO,CE,Federal Contract Tower,0,1,11,67,79,0,0,27,43,70,0,1,38,110,149,27,113,140,289
02/04/2021,HSA,MS,ASO,CE,Federal Contract Tower,0,0,7,37,44,0,0,12,49,61,0,0,19,86,105,14,34,48,153
02/05/2021,HSA,MS,ASO,CE,Federal Contract Tower,0,0,4,40,44,0,0,8,4,12,0,0,12,44,56,4,2,6,62
02/06/2021,HSA,MS,ASO,CE,Federal Contract Tower,0,0,0,0,0,0,0,0,0,0,0,0,0,0,0,0,0,0,0
02/07/2021,HSA,MS,ASO,CE,Federal Contract Tower,0,0,4,4,8,0,0,12,7,19,0,0,16,11,27,18,0,18,45
02/08/2021,HSA,MS,ASO,CE,Federal Contract Tower,0,2,0,26,28,0,0,24,12,36,0,2,24,38,64,20,12,32,96
02/09/2021,HSA,MS,ASO,CE,Federal Contract Tower,0,0,5,44,49,0,0,13,36,49,0,0,18,80,98,29,37,66,164
02/10/2021,HSA,MS,ASO,CE,Federal Contract Tower,0,0,2,19,21,0,0,0,2,2,0,0,2,21,23,0,0,0,23
02/11/2021,HSA,MS,ASO,CE,Federal Contract Tower,0,0,3,5,8,0,0,0,0,0,0,0,3,5,8,0,0,0,8
02/12/2021,HSA,MS,ASO,CE,Federal Contract Tower,0,0,2,0,2,0,0,0,0,0,0,0,2,0,2,0,0,0,2
02/13/2021,HSA,MS,ASO,CE,Federal Contract Tower,0,0,4,0,4,0,0,0,0,0,0,0,4,0,4,0,0,0,4
02/14/2021,HSA,MS,ASO,CE,Federal Contract Tower,0,0,0,0,0,0,0,0,2,2,0,0,0,2,2,0,6,6,8
02/15/2021,HSA,MS,ASO,CE,Federal Contract Tower,0,0,3,0,3,0,0,0,0,0,0,0,3,0,3,0,0,0,3
02/16/2021,HSA,MS,ASO,CE,Federal Contract Tower,0,0,0,24,24,0,0,6,54,60,0,0,6,78,84,0,93,93,177
02/17/2021,HSA,MS,ASO,CE,Federal Contract Tower,0,2,0,18,20,0,0,0,27,27,0,2,0,45,47,0,26,26,73
02/18/2021,HSA,MS,ASO,CE,Federal Contract Tower,0,0,5,19,24,0,0,0,1,1,0,0,5,20,25,0,14,14,39
02/19/2021,HSA,MS,ASO,CE,Federal Contract Tower,0,2,9,29,40,0,0,16,34,50,0,2,25,63,90,16,42,58,148
02/20/2021,HSA,MS,ASO,CE,Federal Contract Tower,0,0,7,6,13,0,0,24,0,24,0,0,31,6,37,34,0,34,71
02/21/2021,HSA,MS,ASO,CE,Federal Contract Tower,0,0,5,2,7,0,0,18,0,18,0,0,23,2,25,12,0,12,37
02/22/2021,HSA,MS,ASO,CE,Federal Contract Tower,0,0,3,77,80,0,0,22,82,104,0,0,25,159,184,18,95,113,297
02/23/2021,HSA,MS,ASO,CE,Federal Contract Tower,0,0,5,45,50,0,0,23,62,85,0,0,28,107,135,16,64,80,215
02/24/2021,HSA,MS,ASO,CE,Federal Contract Tower,0,2,6,59,67,0,0,37,38,75,0,2,43,97,142,16,45,61,203
02/25/2021,HSA,MS,ASO,CE,Federal Contract Tower,0,0,5,27,32,0,0,7,14,21,0,0,12,41,53,31,14,45,98
02/26/2021,HSA,MS,ASO,CE,Federal Contract Tower,0,0,7,24,31,0,0,7,24,31,0,0,14,48,62,0,24,24,86
02/27/2021,HSA,MS,ASO,CE,Federal Contract Tower,0,2,3,0,5,0,0,2,3,5,0,2,5,3,10,0,0,0,10
02/28/2021,HSA,MS,ASO,CE,Federal Contract Tower,0,0,4,4,8,0,0,0,6,6,0,0,4,10,14,0,10,10,24
03/01/2021,HSA,MS,ASO,CE,Federal Contract Tower,0,0,3,34,37,0,0,2,2,4,0,0,5,36,41,0,22,22,63
03/02/2021,HSA,MS,ASO,CE,Federal Contract Tower,0,0,2,8,10,0,0,0,0,0,0,0,2,8,10,0,0,0,10
03/03/2021,HSA,MS,ASO,CE,Federal Contract Tower,0,0,9,60,69,0,0,33,42,75,0,0,42,102,144,25,104,129,273
03/04/2021,HSA,MS,ASO,CE,Federal Contract Tower,0,0,9,33,42,0,0,29,20,49,0,0,38,53,91,34,67,101,192
03/05/2021,HSA,MS,ASO,CE,Federal Contract Tower,0,0,2,51,53,0,0,21,24,45,0,0,23,75,98,30,54,84,182
03/06/2021,HSA,MS,ASO,CE,Federal Contract Tower,0,0,4,7,11,0,0,21,6,27,0,0,25,13,38,18,10,28,66
03/07/2021,HSA,MS,ASO,CE,Federal Contract Tower,0,0,3,1,4,0,0,19,3,22,0,0,22,4,26,2,12,14,40
03/08/2021,HSA,MS,ASO,CE,Federal Contract Tower,0,0,6,38,44,0,0,34,30,64,0,0,40,68,108,24,29,53,161
03/09/2021,HSA,MS,ASO,CE,Federal Contract Tower,0,1,2,66,69,0,0,29,32,61,0,1,31,98,130,20,49,69,199
03/10/2021,HSA,MS,ASO,CE,Federal Contract Tower,0,0,1,35,36,0,0,12,41,53,0,0,13,76,89,12,38,50,139
03/11/2021,HSA,MS,ASO,CE,Federal Contract Tower,0,0,13,57,70,0,0,19,29,48,0,0,32,86,118,24,38,62,180
03/12/2021,HSA,MS,ASO,CE,Federal Contract Tower,0,0,3,56,59,0,0,32,24,56,0,0,35,80,115,28,34,62,177
03/13/2021,HSA,MS,ASO,CE,Federal Contract Tower,0,0,3,4,7,0,0,17,3,20,0,0,20,7,27,46,0,46,73
03/14/2021,HSA,MS,ASO,CE,Federal Contract Tower,0,2,14,10,26,0,0,11,0,11,0,2,25,10,37,32,0,32,69
03/15/2021,HSA,MS,ASO,CE,Federal Contract Tower,0,0,3,18,21,0,0,5,2,7,0,0,8,20,28,0,0,0,28
03/16/2021,HSA,MS,ASO,CE,Federal Contract Tower,0,0,6,38,44,0,0,2,34,36,0,0,8,72,80,0,24,24,104
03/17/2021,HSA,MS,ASO,CE,Federal Contract Tower,0,0,0,6,6,0,0,0,5,5,0,0,0,11,11,0,6,6,17
03/18/2021,HSA,MS,ASO,CE,Federal Contract Tower,0,0,11,38,49,0,0,14,35,49,0,0,25,73,98,24,30,54,152
03/19/2021,HSA,MS,ASO,CE,Federal Contract Tower,0,0,6,44,50,0,0,8,14,22,0,0,14,58,72,0,28,28,100
03/20/2021,HSA,MS,ASO,CE,Federal Contract Tower,0,0,5,20,25,0,0,12,3,15,0,0,17,23,40,10,4,14,54
03/21/2021,HSA,MS,ASO,CE,Federal Contract Tower,0,0,1,1,2,0,0,21,1,22,0,0,22,2,24,0,6,6,30
03/22/2021,HSA,MS,ASO,CE,Federal Contract Tower,0,0,6,53,59,0,0,20,29,49,0,0,26,82,108,22,22,44,152
03/23/2021,HSA,MS,ASO,CE,Federal Contract Tower,0,0,0,6,6,0,0,2,0,2,0,0,2,6,8,0,0,0,8
03/24/2021,HSA,MS,ASO,CE,Federal Contract Tower,0,0,2,9,11,0,0,0,3,3,0,0,2,12,14,0,6,6,20
03/25/2021,HSA,MS,ASO,CE,Federal Contract Tower,0,0,0,12,12,0,0,0,0,0,0,0,0,12,12,0,0,0,12
03/26/2021,HSA,MS,ASO,CE,Federal Contract Tower,0,0,4,35,39,0,0,5,11,16,0,0,9,46,55,8,16,24,79
03/27/2021,HSA,MS,ASO,CE,Federal Contract Tower,0,0,6,3,9,0,0,7,2,9,0,0,13,5,18,2,0,2,20
03/28/2021,HSA,MS,ASO,CE,Federal Contract Tower,0,0,3,7,10,0,0,3,12,15,0,0,6,19,25,0,4,4,29
03/29/2021,HSA,MS,ASO,CE,Federal Contract Tower,0,0,4,30,34,0,0,36,38,74,0,0,40,68,108,32,52,84,192
03/30/2021,HSA,MS,ASO,CE,Federal Contract Tower,0,0,6,30,36,0,0,3,4,7,0,0,9,34,43,0,0,0,43
03/31/2021,HSA,MS,ASO,CE,Federal Contract Tower,0,0,0,11,11,0,0,1,6,7,0,0,1,17,18,4,10,14,32
04/01/2021,HSA,MS,ASO,CE,Federal Contract Tower,0,0,5,56,61,0,0,7,25,32,0,0,12,81,93,0,28,28,121
04/02/2021,HSA,MS,ASO,CE,Federal Contract Tower,0,0,9,0,9,0,0,35,5,40,0,0,44,5,49,52,0,52,101
04/03/2021,HSA,MS,ASO,CE,Federal Contract Tower,0,0,3,0,3,0,0,36,0,36,0,0,39,0,39,12,0,12,51
04/04/2021,HSA,MS,ASO,CE,Federal Contract Tower,0,0,1,0,1,0,0,19,0,19,0,0,20,0,20,40,0,40,60
04/05/2021,HSA,MS,ASO,CE,Federal Contract Tower,0,2,2,76,80,0,0,25,43,68,0,2,27,119,148,46,82,128,276
04/06/2021,HSA,MS,ASO,CE,Federal Contract Tower,0,0,5,45,50,0,0,35,61,96,0,0,40,106,146,69,74,143,289
04/07/2021,HSA,MS,ASO,CE,Federal Contract Tower,0,2,1,47,50,0,0,18,27,45,0,2,19,74,95,0,58,58,153
04/08/2021,HSA,MS,ASO,CE,Federal Contract Tower,0,0,4,25,29,0,0,15,27,42,0,0,19,52,71,8,37,45,116
04/09/2021,HSA,MS,ASO,CE,Federal Contract Tower,0,0,1,14,15,0,0,0,1,1,0,0,1,15,16,0,0,0,16
04/10/2021,HSA,MS,ASO,CE,Federal Contract Tower,0,0,3,0,3,0,0,4,0,4,0,0,7,0,7,16,0,16,23
04/11/2021,HSA,MS,ASO,CE,Federal Contract Tower,0,1,3,6,10,0,0,45,3,48,0,1,48,9,58,17,14,31,89
04/12/2021,HSA,MS,ASO,CE,Federal Contract Tower,0,0,5,49,54,0,0,45,43,88,0,0,50,92,142,48,16,64,206
04/13/2021,HSA,MS,ASO,CE,Federal Contract Tower,0,0,3,15,18,0,0,8,10,18,0,0,11,25,36,18,40,58,94
04/14/2021,HSA,MS,ASO,CE,Federal Contract Tower,0,1,1,7,9,0,0,3,1,4,0,1,4,8,13,8,4,12,25
04/15/2021,HSA,MS,ASO,CE,Federal Contract Tower,0,0,4,17,21,0,0,9,5,14,0,0,13,22,35,14,8,22,57
04/16/2021,HSA,MS,ASO,CE,Federal Contract Tower,0,2,3,12,17,0,0,6,0,6,0,2,9,12,23,11,6,17,40
04/17/2021,HSA,MS,ASO,CE,Federal Contract Tower,0,0,2,2,4,0,0,0,2,2,0,0,2,4,6,0,24,24,30
04/18/2021,HSA,MS,ASO,CE,Federal Contract Tower,0,0,1,4,5,0,0,31,4,35,0,0,32,8,40,42,0,42,82
04/19/2021,HSA,MS,ASO,CE,Federal Contract Tower,0,0,6,41,47,0,0,43,31,74,0,0,49,72,121,29,35,64,185
04/20/2021,HSA,MS,ASO,CE,Federal Contract Tower,0,0,3,73,76,0,0,28,61,89,0,0,31,134,165,8,56,64,229
04/21/2021,HSA,MS,ASO,CE,Federal Contract Tower,0,0,10,27,37,0,0,28,39,67,0,0,38,66,104,20,58,78,182
04/22/2021,HSA,MS,ASO,CE,Federal Contract Tower,0,0,0,41,41,0,0,21,39,60,0,0,21,80,101,52,54,106,207
04/23/2021,HSA,MS,ASO,CE,Federal Contract Tower,0,2,10,45,57,0,0,11,23,34,0,2,21,68,91,38,30,68,159
04/24/2021,HSA,MS,ASO,CE,Federal Contract Tower,0,0,4,0,4,0,0,3,0,3,0,0,7,0,7,4,0,4,11
04/26/2021,HSA,MS,ASO,CE,Federal Contract Tower,0,1,8,41,50,0,0,42,41,83,0,1,50,82,133,16,64,80,213
04/27/2021,HSA,MS,ASO,CE,Federal Contract Tower,0,0,7,68,75,0,0,20,50,70,0,0,27,118,145,0,42,42,187
04/28/2021,HSA,MS,ASO,CE,Federal Contract Tower,0,0,9,43,52,0,0,17,14,31,0,0,26,57,83,49,18,67,150
04/29/2021,HSA,MS,ASO,CE,Federal Contract Tower,0,1,14,56,71,0,0,30,28,58,0,1,44,84,129,56,54,110,239
04/30/2021,HSA,MS,ASO,CE,Federal Contract Tower,0,2,2,16,20,0,0,5,0,5,0,2,7,16,25,26,12,38,63
05/01/2021,HSA,MS,ASO,CE,Federal Contract Tower,0,2,4,3,9,0,0,15,1,16,0,2,19,4,25,34,0,34,59
05/02/2021,HSA,MS,ASO,CE,Federal Contract Tower,0,2,0,0,2,0,0,0,0,0,0,2,0,0,2,0,0,0,2
05/03/2021,HSA,MS,ASO,CE,Federal Contract Tower,0,3,3,24,30,0,0,13,11,24,0,3,16,35,54,0,4,4,58
05/04/2021,HSA,MS,ASO,CE,Federal Contract Tower,0,0,1,51,52,0,0,9,13,22,0,0,10,64,74,0,6,6,80
05/05/2021,HSA,MS,ASO,CE,Federal Contract Tower,0,0,2,7,9,0,0,0,4,4,0,0,2,11,13,0,4,4,17
05/06/2021,HSA,MS,ASO,CE,Federal Contract Tower,0,0,8,22,30,0,0,36,42,78,0,0,44,64,108,39,50,89,197
05/07/2021,HSA,MS,ASO,CE,Federal Contract Tower,0,0,12,30,42,0,0,23,18,41,0,0,35,48,83,42,28,70,153
05/08/2021,HSA,MS,ASO,CE,Federal Contract Tower,0,0,7,0,7,0,0,19,2,21,0,0,26,2,28,47,0,47,75
05/09/2021,HSA,MS,ASO,CE,Federal Contract Tower,0,1,1,0,2,0,0,10,0,10,0,1,11,0,12,16,0,16,28
05/10/2021,HSA,MS,ASO,CE,Federal Contract Tower,0,1,0,21,22,0,0,6,12,18,0,1,6,33,40,0,0,0,40
05/11/2021,HSA,MS,ASO,CE,Federal Contract Tower,0,0,1,16,17,0,0,0,2,2,0,0,1,18,19,0,28,28,47
05/12/2021,HSA,MS,ASO,CE,Federal Contract Tower,0,0,7,24,31,0,0,6,10,16,0,0,13,34,47,0,0,0,47
05/13/2021,HSA,MS,ASO,CE,Federal Contract Tower,0,0,7,40,47,0,0,16,31,47,0,0,23,71,94,0,30,30,124
05/14/2021,HSA,MS,ASO,CE,Federal Contract Tower,0,0,4,12,16,0,0,26,16,42,0,0,30,28,58,16,2,18,76
05/15/2021,HSA,MS,ASO,CE,Federal Contract Tower,0,2,5,3,10,0,0,15,4,19,0,2,20,7,29,0,0,0,29
05/16/2021,HSA,MS,ASO,CE,Federal Contract Tower,0,1,2,3,6,0,0,6,1,7,0,1,8,4,13,6,0,6,19
05/17/2021,HSA,MS,ASO,CE,Federal Contract Tower,0,0,1,14,15,0,0,17,2,19,0,0,18,16,34,6,8,14,48
05/18/2021,HSA,MS,ASO,CE,Federal Contract Tower,0,0,9,16,25,0,0,0,0,0,0,0,9,16,25,0,18,18,43
05/19/2021,HSA,MS,ASO,CE,Federal Contract Tower,0,0,7,11,18,0,0,0,0,0,0,0,7,11,18,6,0,6,24
05/20/2021,HSA,MS,ASO,CE,Federal Contract Tower,0,0,5,11,16,0,0,0,10,10,0,0,5,21,26,0,4,4,30
05/21/2021,HSA,MS,ASO,CE,Federal Contract Tower,0,0,1,37,38,0,0,3,11,14,0,0,4,48,52,0,12,12,64
05/22/2021,HSA,MS,ASO,CE,Federal Contract Tower,2,0,3,4,9,0,0,5,3,8,2,0,8,7,17,18,0,18,35
05/23/2021,HSA,MS,ASO,CE,Federal Contract Tower,0,0,1,12,13,0,0,22,2,24,0,0,23,14,37,24,0,24,61
05/24/2021,HSA,MS,ASO,CE,Federal Contract Tower,0,0,9,56,65,0,0,28,29,57,0,0,37,85,122,43,39,82,204
05/25/2021,HSA,MS,ASO,CE,Federal Contract Tower,0,0,7,65,72,0,0,31,35,66,0,0,38,100,138,42,63,105,243
05/26/2021,HSA,MS,ASO,CE,Federal Contract Tower,0,0,6,69,75,0,0,16,38,54,0,0,22,107,129,22,54,76,205
05/27/2021,HSA,MS,ASO,CE,Federal Contract Tower,0,0,10,62,72,0,0,23,12,35,0,0,33,74,107,42,8,50,157
05/28/2021,HSA,MS,ASO,CE,Federal Contract Tower,0,0,4,12,16,0,0,35,6,41,0,0,39,18,57,20,0,20,77
05/29/2021,HSA,MS,ASO,CE,Federal Contract Tower,0,2,6,3,11,0,0,15,0,15,0,2,21,3,26,18,0,18,44
05/30/2021,HSA,MS,ASO,CE,Federal Contract Tower,0,0,5,2,7,0,0,16,1,17,0,0,21,3,24,12,4,16,40
05/31/2021,HSA,MS,ASO,CE,Federal Contract Tower,0,0,3,0,3,0,0,23,0,23,0,0,26,0,26,8,0,8,34
06/01/2021,HSA,MS,ASO,CE,Federal Contract Tower,0,0,1,33,34,0,0,26,40,66,0,0,27,73,100,22,65,87,187
06/02/2021,HSA,MS,ASO,CE,Federal Contract Tower,0,0,2,15,17,0,0,6,5,11,0,0,8,20,28,0,23,23,51
06/03/2021,HSA,MS,ASO,CE,Federal Contract Tower,0,5,10,22,37,0,0,22,28,50,0,5,32,50,87,29,38,67,154
06/04/2021,HSA,MS,ASO,CE,Federal Contract Tower,0,0,9,8,17,0,0,7,15,22,0,0,16,23,39,0,30,30,69
06/05/2021,HSA,MS,ASO,CE,Federal Contract Tower,0,0,5,0,5,0,0,2,0,2,0,0,7,0,7,0,0,0,7
06/06/2021,HSA,MS,ASO,CE,Federal Contract Tower,0,4,1,0,5,0,0,0,0,0,0,4,1,0,5,0,0,0,5
06/07/2021,HSA,MS,ASO,CE,Federal Contract Tower,0,0,13,54,67,0,0,26,22,48,0,0,39,76,115,6,22,28,143
06/08/2021,HSA,MS,ASO,CE,Federal Contract Tower,0,2,6,29,37,0,0,32,29,61,0,2,38,58,98,12,78,90,188
06/09/2021,HSA,MS,ASO,CE,Federal Contract Tower,0,2,2,19,23,0,0,11,15,26,0,2,13,34,49,0,4,4,53
06/10/2021,HSA,MS,ASO,CE,Federal Contract Tower,0,0,21,45,66,0,0,35,39,74,0,0,56,84,140,6,66,72,212
06/11/2021,HSA,MS,ASO,CE,Federal Contract Tower,0,0,6,51,57,0,0,17,18,35,0,0,23,69,92,46,40,86,178
06/12/2021,HSA,MS,ASO,CE,Federal Contract Tower,0,2,2,9,13,0,0,25,1,26,0,2,27,10,39,18,0,18,57
06/13/2021,HSA,MS,ASO,CE,Federal Contract Tower,0,0,2,1,3,0,0,5,5,10,0,0,7,6,13,0,0,0,13
06/14/2021,HSA,MS,ASO,CE,Federal Contract Tower,0,0,6,37,43,0,0,46,40,86,0,0,52,77,129,66,59,125,254
06/15/2021,HSA,MS,ASO,CE,Federal Contract Tower,0,0,4,18,22,0,0,25,27,52,0,0,29,45,74,10,4,14,88
06/16/2021,HSA,MS,ASO,CE,Federal Contract Tower,0,0,6,45,51,0,0,24,31,55,0,0,30,76,106,14,42,56,162
06/17/2021,HSA,MS,ASO,CE,Federal Contract Tower,0,0,8,29,37,0,0,38,24,62,0,0,46,53,99,37,20,57,156
06/18/2021,HSA,MS,ASO,CE,Federal Contract Tower,0,0,0,0,0,0,0,1,0,1,0,0,1,0,1,0,0,0,1
06/19/2021,HSA,MS,ASO,CE,Federal Contract Tower,0,0,0,0,0,0,0,2,0,2,0,0,2,0,2,0,0,0,2
06/20/2021,HSA,MS,ASO,CE,Federal Contract Tower,0,0,0,0,0,0,0,0,0,0,0,0,0,0,0,0,0,0,0
06/21/2021,HSA,MS,ASO,CE,Federal Contract Tower,0,2,4,0,6,0,0,0,5,5,0,2,4,5,11,26,0,26,37
06/22/2021,HSA,MS,ASO,CE,Federal Contract Tower,0,0,6,21,27,0,0,10,19,29,0,0,16,40,56,2,16,18,74
06/23/2021,HSA,MS,ASO,CE,Federal Contract Tower,0,0,5,7,12,0,0,15,12,27,0,0,20,19,39,22,30,52,91
06/24/2021,HSA,MS,ASO,CE,Federal Contract Tower,0,0,8,17,25,0,0,14,10,24,0,0,22,27,49,0,16,16,65
06/25/2021,HSA,MS,ASO,CE,Federal Contract Tower,0,0,3,4,7,0,0,15,2,17,0,0,18,6,24,23,0,23,47
06/26/2021,HSA,MS,ASO,CE,Federal Contract Tower,0,0,2,0,2,0,0,82,0,82,0,0,84,0,84,44,0,44,128
06/27/2021,HSA,MS,ASO,CE,Federal Contract Tower,0,0,4,10,14,0,0,6,0,6,0,0,10,10,20,0,2,2,22
06/28/2021,HSA,MS,ASO,CE,Federal Contract Tower,0,0,6,11,17,0,0,9,9,18,0,0,15,20,35,0,14,14,49
06/29/2021,HSA,MS,ASO,CE,Federal Contract Tower,0,0,0,29,29,0,0,24,14,38,0,0,24,43,67,0,84,84,151
06/30/2021,HSA,MS,ASO,CE,Federal Contract Tower,0,0,12,13,25,0,0,5,12,17,0,0,17,25,42,4,36,40,82
07/01/2021,HSA,MS,ASO,CE,Federal Contract Tower,0,0,9,54,63,0,0,14,15,29,0,0,23,69,92,20,32,52,144
07/02/2021,HSA,MS,ASO,CE,Federal Contract Tower,0,0,10,2,12,0,0,13,0,13,0,0,23,2,25,8,0,8,33
07/03/2021,HSA,MS,ASO,CE,Federal Contract Tower,0,0,0,0,0,0,0,1,0,1,0,0,1,0,1,0,0,0,1
07/04/2021,HSA,MS,ASO,CE,Federal Contract Tower,0,0,2,0,2,0,0,7,0,7,0,0,9,0,9,0,0,0,9
07/05/2021,HSA,MS,ASO,CE,Federal Contract Tower,0,0,1,0,1,0,0,21,8,29,0,0,22,8,30,0,0,0,30
07/06/2021,HSA,MS,ASO,CE,Federal Contract Tower,0,0,2,18,20,0,0,9,4,13,0,0,11,22,33,2,0,2,35
07/07/2021,HSA,MS,ASO,CE,Federal Contract Tower,0,3,4,40,47,0,0,16,11,27,0,3,20,51,74,14,42,56,130
07/08/2021,HSA,MS,ASO,CE,Federal Contract Tower,0,0,4,60,64,0,0,22,18,40,0,0,26,78,104,18,40,58,162
07/09/2021,HSA,MS,ASO,CE,Federal Contract Tower,0,0,4,12,16,0,0,10,0,10,0,0,14,12,26,16,4,20,46
07/10/2021,HSA,MS,ASO,CE,Federal Contract Tower,0,0,4,5,9,0,0,5,0,5,0,0,9,5,14,2,0,2,16
07/11/2021,HSA,MS,ASO,CE,Federal Contract Tower,0,0,0,0,0,0,0,2,0,2,0,0,2,0,2,6,0,6,8
07/12/2021,HSA,MS,ASO,CE,Federal Contract Tower,0,2,3,14,19,0,0,23,8,31,0,2,26,22,50,12,18,30,80
07/13/2021,HSA,MS,ASO,CE,Federal Contract Tower,0,0,7,88,95,0,0,35,46,81,0,0,42,134,176,22,53,75,251
07/14/2021,HSA,MS,ASO,CE,Federal Contract Tower,0,0,10,59,69,0,0,34,35,69,0,0,44,94,138,21,60,81,219
07/15/2021,HSA,MS,ASO,CE,Federal Contract Tower,0,0,4,44,48,0,0,26,22,48,0,0,30,66,96,16,40,56,152
07/16/2021,HSA,MS,ASO,CE,Federal Contract Tower,0,0,1,15,16,0,0,10,8,18,0,0,11,23,34,10,0,10,44
07/17/2021,HSA,MS,ASO,CE,Federal Contract Tower,0,0,1,0,1,0,0,0,0,0,0,0,1,0,1,12,0,12,13
07/18/2021,HSA,MS,ASO,CE,Federal Contract Tower,0,0,5,4,9,0,0,2,2,4,0,0,7,6,13,10,0,10,23
07/19/2021,HSA,MS,ASO,CE,Federal Contract Tower,0,0,5,27,32,0,0,20,17,37,0,0,25,44,69,28,22,50,119
07/20/2021,HSA,MS,ASO,CE,Federal Contract Tower,0,2,7,16,25,0,0,11,14,25,0,2,18,30,50,22,76,98,148
07/21/2021,HSA,MS,ASO,CE,Federal Contract Tower,0,1,12,41,54,0,0,36,19,55,0,1,48,60,109,20,44,64,173
07/22/2021,HSA,MS,ASO,CE,Federal Contract Tower,0,2,21,80,103,0,0,39,40,79,0,2,60,120,182,50,60,110,292
07/23/2021,HSA,MS,ASO,CE,Federal Contract Tower,0,0,2,34,36,0,0,26,11,37,0,0,28,45,73,40,18,58,131
07/24/2021,HSA,MS,ASO,CE,Federal Contract Tower,0,0,8,7,15,0,0,20,1,21,0,0,28,8,36,12,0,12,48
07/25/2021,HSA,MS,ASO,CE,Federal Contract Tower,0,0,2,8,10,0,0,7,5,12,0,0,9,13,22,8,20,28,50
07/26/2021,HSA,MS,ASO,CE,Federal Contract Tower,0,0,3,64,67,0,0,22,45,67,0,0,25,109,134,24,58,82,216
07/27/2021,HSA,MS,ASO,CE,Federal Contract Tower,0,0,11,105,116,0,0,35,63,98,0,0,46,168,214,22,82,104,318
07/28/2021,HSA,MS,ASO,CE,Federal Contract Tower,0,0,11,23,34,0,0,18,23,41,0,0,29,46,75,20,43,63,138
07/29/2021,HSA,MS,ASO,CE,Federal Contract Tower,0,2,3,17,22,0,0,23,32,55,0,2,26,49,77,18,72,90,167
07/30/2021,HSA,MS,ASO,CE,Federal Contract Tower,0,2,8,21,31,0,0,28,13,41,0,2,36,34,72,36,46,82,154
07/31/2021,HSA,MS,ASO,CE,Federal Contract Tower,0,0,1,0,1,0,0,8,1,9,0,0,9,1,10,36,0,36,46
08/01/2021,HSA,MS,ASO,CE,Federal Contract Tower,0,2,4,0,6,0,0,9,0,9,0,2,13,0,15,6,0,6,21
08/02/2021,HSA,MS,ASO,CE,Federal Contract Tower,0,1,10,5,16,0,0,10,4,14,0,1,20,9,30,14,6,20,50
08/03/2021,HSA,MS,ASO,CE,Federal Contract Tower,0,3,0,14,17,0,2,8,6,16,0,5,8,20,33,0,2,2,35
08/04/2021,HSA,MS,ASO,CE,Federal Contract Tower,0,0,10,21,31,0,0,19,23,42,0,0,29,44,73,40,32,72,145
08/05/2021,HSA,MS,ASO,CE,Federal Contract Tower,0,0,2,50,52,0,0,30,34,64,0,0,32,84,116,0,88,88,204
08/06/2021,HSA,MS,ASO,CE,Federal Contract Tower,0,0,5,41,46,0,0,27,33,60,0,0,32,74,106,14,82,96,202
08/07/2021,HSA,MS,ASO,CE,Federal Contract Tower,0,0,0,20,20,0,0,2,19,21,0,0,2,39,41,20,18,38,79
08/08/2021,HSA,MS,ASO,CE,Federal Contract Tower,0,0,4,0,4,0,0,5,0,5,0,0,9,0,9,6,0,6,15
08/09/2021,HSA,MS,ASO,CE,Federal Contract Tower,0,2,0,39,41,0,0,14,38,52,0,2,14,77,93,18,19,37,130
08/10/2021,HSA,MS,ASO,CE,Federal Contract Tower,0,0,3,25,28,0,0,14,18,32,0,0,17,43,60,2,36,38,98
08/11/2021,HSA,MS,ASO,CE,Federal Contract Tower,0,0,0,40,40,0,0,21,33,54,0,0,21,73,94,10,48,58,152
08/12/2021,HSA,MS,ASO,CE,Federal Contract Tower,0,1,4,21,26,0,0,14,15,29,0,1,18,36,55,0,28,28,83
08/13/2021,HSA,MS,ASO,CE,Federal Contract Tower,0,0,3,29,32,0,0,22,5,27,0,0,25,34,59,18,2,20,79
08/14/2021,HSA,MS,ASO,CE,Federal Contract Tower,0,0,2,0,2,0,0,17,0,17,0,0,19,0,19,30,0,30,49
08/15/2021,HSA,MS,ASO,CE,Federal Contract Tower,0,0,4,4,8,0,0,13,1,14,0,0,17,5,22,8,0,8,30
08/16/2021,HSA,MS,ASO,CE,Federal Contract Tower,0,2,5,17,24,0,0,14,9,23,0,2,19,26,47,8,42,50,97
08/17/2021,HSA,MS,ASO,CE,Federal Contract Tower,0,0,4,73,77,0,0,26,48,74,0,0,30,121,151,2,34,36,187
08/18/2021,HSA,MS,ASO,CE,Federal Contract Tower,0,0,7,53,60,0,0,27,41,68,0,0,34,94,128,16,112,128,256
08/19/2021,HSA,MS,ASO,CE,Federal Contract Tower,0,0,4,39,43,0,0,12,31,43,0,0,16,70,86,0,18,18,104
08/20/2021,HSA,MS,ASO,CE,Federal Contract Tower,0,0,6,34,40,0,0,26,11,37,0,0,32,45,77,8,18,26,103
08/21/2021,HSA,MS,ASO,CE,Federal Contract Tower,0,0,6,7,13,0,0,17,4,21,0,0,23,11,34,26,14,40,74
08/22/2021,HSA,MS,ASO,CE,Federal Contract Tower,0,0,4,4,8,0,0,19,0,19,0,0,23,4,27,0,0,0,27
08/23/2021,HSA,MS,ASO,CE,Federal Contract Tower,0,0,0,37,37,0,0,13,37,50,0,0,13,74,87,18,70,88,175
08/24/2021,HSA,MS,ASO,CE,Federal Contract Tower,0,0,5,63,68,0,0,28,43,71,0,0,33,106,139,0,75,75,214
08/25/2021,HSA,MS,ASO,CE,Federal Contract Tower,0,2,6,39,47,0,0,15,22,37,0,2,21,61,84,20,52,72,156
08/26/2021,HSA,MS,ASO,CE,Federal Contract Tower,0,0,0,16,16,0,0,2,12,14,0,0,2,28,30,0,36,36,66
08/27/2021,HSA,MS,ASO,CE,Federal Contract Tower,0,0,2,2,4,0,0,0,2,2,0,0,2,4,6,0,0,0,6
08/31/2021,HSA,MS,ASO,CE,Federal Contract Tower,0,15,3,20,38,0,34,15,23,72,0,49,18,43,110,0,20,20,130
09/01/2021,HSA,MS,ASO,CE,Federal Contract Tower,0,9,4,27,40,0,16,28,37,81,0,25,32,64,121,0,22,22,143
09/02/2021,HSA,MS,ASO,CE,Federal Contract Tower,0,6,3,13,22,0,24,24,23,71,0,30,27,36,93,0,45,45,138
09/03/2021,HSA,MS,ASO,CE,Federal Contract Tower,0,0,6,0,6,0,11,27,6,44,0,11,33,6,50,32,0,32,82
09/04/2021,HSA,MS,ASO,CE,Federal Contract Tower,0,1,10,1,12,0,29,11,1,41,0,30,21,2,53,16,2,18,71
09/05/2021,HSA,MS,ASO,CE,Federal Contract Tower,0,6,13,4,23,0,31,9,5,45,0,37,22,9,68,14,2,16,84
09/06/2021,HSA,MS,ASO,CE,Federal Contract Tower,0,6,5,0,11,0,30,5,0,35,0,36,10,0,46,4,0,4,50
09/07/2021,HSA,MS,ASO,CE,Federal Contract Tower,0,12,2,25,39,0,34,9,16,59,0,46,11,41,98,6,24,30,128
09/08/2021,HSA,MS,ASO,CE,Federal Contract Tower,0,7,3,33,43,0,28,15,21,64,0,35,18,54,107,0,24,24,131
09/09/2021,HSA,MS,ASO,CE,Federal Contract Tower,0,6,7,55,68,0,24,34,52,110,0,30,41,107,178,2,90,92,270
09/10/2021,HSA,MS,ASO,CE,Federal Contract Tower,0,3,3,33,39,0,34,19,26,79,0,37,22,59,118,6,18,24,142
09/11/2021,HSA,MS,ASO,CE,Federal Contract Tower,0,7,1,11,19,0,16,13,1,30,0,23,14,12,49,26,8,34,83
09/12/2021,HSA,MS,ASO,CE,Federal Contract Tower,0,10,3,2,15,0,7,7,0,14,0,17,10,2,29,14,0,14,43
09/13/2021,HSA,MS,ASO,CE,Federal Contract Tower,0,15,0,41,56,0,14,24,20,58,0,29,24,61,114,14,0,14,128
09/14/2021,HSA,MS,ASO,CE,Federal Contract Tower,0,11,1,0,12,0,0,0,0,0,0,11,1,0,12,0,0,0,12
09/15/2021,HSA,MS,ASO,CE,Federal Contract Tower,0,14,0,0,14,0,2,0,0,2,0,16,0,0,16,0,0,0,16
09/16/2021,HSA,MS,ASO,CE,Federal Contract Tower,0,20,4,26,50,0,1,0,1,2,0,21,4,27,52,0,28,28,80
09/17/2021,HSA,MS,ASO,CE,Federal Contract Tower,0,16,5,0,21,0,0,1,0,1,0,16,6,0,22,0,0,0,22
09/18/2021,HSA,MS,ASO,CE,Federal Contract Tower,0,12,16,0,28,0,0,1,9,10,0,12,17,9,38,6,0,6,44
09/19/2021,HSA,MS,ASO,CE,Federal Contract Tower,0,12,6,0,18,0,10,3,0,13,0,22,9,0,31,0,0,0,31
09/20/2021,HSA,MS,ASO,CE,Federal Contract Tower,0,15,6,30,51,0,6,20,12,38,0,21,26,42,89,22,32,54,143
09/21/2021,HSA,MS,ASO,CE,Federal Contract Tower,0,16,2,23,41,0,7,17,10,34,0,23,19,33,75,0,20,20,95
09/22/2021,HSA,MS,ASO,CE,Federal Contract Tower,0,25,4,53,82,0,19,27,19,65,0,44,31,72,147,22,78,100,247
09/23/2021,HSA,MS,ASO,CE,Federal Contract Tower,0,12,6,24,42,0,21,34,37,92,0,33,40,61,134,4,54,58,192
09/24/2021,HSA,MS,ASO,CE,Federal Contract Tower,0,14,4,24,42,0,23,28,21,72,0,37,32,45,114,26,84,110,224
09/25/2021,HSA,MS,ASO,CE,Federal Contract Tower,0,2,3,6,11,0,0,6,17,23,0,2,9,23,34,18,0,18,52
09/26/2021,HSA,MS,ASO,CE,Federal Contract Tower,0,6,4,0,10,0,11,31,0,42,0,17,35,0,52,22,0,22,74
09/27/2021,HSA,MS,ASO,CE,Federal Contract Tower,0,15,1,38,54,0,20,32,38,90,0,35,33,76,144,14,32,46,190
09/28/2021,HSA,MS,ASO,CE,Federal Contract Tower,0,16,8,18,42,0,10,1,7,18,0,26,9,25,60,0,0,0,60
09/29/2021,HSA,MS,ASO,CE,Federal Contract Tower,0,23,9,16,48,0,6,3,5,14,0,29,12,21,62,0,6,6,68
09/30/2021,HSA,MS,ASO,CE,Federal Contract Tower,0,23,3,27,53,0,9,14,13,36,0,32,17,40,89,0,54,54,143
10/01/2021,HSA,MS,ASO,CE,Federal Contract Tower,0,14,7,25,46,3,10,22,19,54,3,24,29,44,100,10,24,34,134
10/02/2021,HSA,MS,ASO,CE,Federal Contract Tower,0,16,10,8,34,0,5,10,1,16,0,21,20,9,50,10,0,10,60
10/03/2021,HSA,MS,ASO,CE,Federal Contract Tower,0,9,4,0,13,0,18,4,0,22,0,27,8,0,35,3,0,3,38
10/04/2021,HSA,MS,ASO,CE,Federal Contract Tower,0,17,0,26,43,0,17,3,1,21,0,34,3,27,64,0,4,4,68
10/05/2021,HSA,MS,ASO,CE,Federal Contract Tower,0,21,5,27,53,0,11,15,0,26,0,32,20,27,79,4,30,34,113
10/06/2021,HSA,MS,ASO,CE,Federal Contract Tower,0,11,12,63,86,0,16,32,20,68,0,27,44,83,154,34,190,224,378
10/07/2021,HSA,MS,ASO,CE,Federal Contract Tower,0,19,4,50,73,0,17,29,41,87,0,36,33,91,160,18,64,82,242
10/08/2021,HSA,MS,ASO,CE,Federal Contract Tower,2,17,9,37,65,0,15,20,8,43,2,32,29,45,108,14,44,58,166
10/09/2021,HSA,MS,ASO,CE,Federal Contract Tower,0,7,3,0,10,0,7,30,0,37,0,14,33,0,47,38,0,38,85
10/10/2021,HSA,MS,ASO,CE,Federal Contract Tower,0,9,4,0,13,0,17,15,0,32,0,26,19,0,45,0,0,0,45
10/11/2021,HSA,MS,ASO,CE,Federal Contract Tower,0,15,4,1,20,0,11,25,0,36,0,26,29,1,56,12,0,12,68
10/12/2021,HSA,MS,ASO,CE,Federal Contract Tower,0,11,0,72,83,0,25,16,31,72,0,36,16,103,155,48,99,147,302
10/13/2021,HSA,MS,ASO,CE,Federal Contract Tower,0,23,11,49,83,0,14,40,29,83,0,37,51,78,166,43,48,91,257
10/14/2021,HSA,MS,ASO,CE,Federal Contract Tower,0,26,3,81,110,0,8,22,29,59,0,34,25,110,169,12,58,70,239
10/15/2021,HSA,MS,ASO,CE,Federal Contract Tower,0,24,10,36,70,0,8,8,11,27,0,32,18,47,97,24,50,74,171
10/16/2021,HSA,MS,ASO,CE,Federal Contract Tower,0,6,3,0,9,0,0,3,3,6,0,6,6,3,15,8,0,8,23
10/17/2021,HSA,MS,ASO,CE,Federal Contract Tower,0,16,2,3,21,0,6,13,0,19,0,22,15,3,40,0,0,0,40
10/18/2021,HSA,MS,ASO,CE,Federal Contract Tower,0,20,9,51,80,0,9,28,27,64,0,29,37,78,144,1,58,59,203
10/19/2021,HSA,MS,ASO,CE,Federal Contract Tower,0,12,9,44,65,0,22,30,35,87,0,34,39,79,152,48,90,138,290
10/20/2021,HSA,MS,ASO,CE,Federal Contract Tower,0,23,3,18,44,0,8,11,6,25,0,31,14,24,69,0,30,30,99
10/21/2021,HSA,MS,ASO,CE,Federal Contract Tower,0,15,14,27,56,0,6,12,11,29,0,21,26,38,85,50,64,114,199
10/23/2021,HSA,MS,ASO,CE,Federal Contract Tower,0,2,14,3,19,0,4,39,7,50,0,6,53,10,69,24,12,36,105
10/24/2021,HSA,MS,ASO,CE,Federal Contract Tower,0,3,3,12,18,0,0,7,3,10,0,3,10,15,28,0,0,0,28
10/25/2021,HSA,MS,ASO,CE,Federal Contract Tower,0,25,9,45,79,0,2,6,19,27,0,27,15,64,106,24,60,84,190
10/26/2021,HSA,MS,ASO,CE,Federal Contract Tower,0,16,12,41,69,0,19,24,21,64,0,35,36,62,133,10,32,42,175
10/27/2021,HSA,MS,ASO,CE,Federal Contract Tower,0,17,8,21,46,0,1,7,8,16,0,18,15,29,62,4,66,70,132
10/28/2021,HSA,MS,ASO,CE,Federal Contract Tower,0,12,2,37,51,0,12,4,24,40,0,24,6,61,91,2,64,66,157
10/29/2021,HSA,MS,ASO,CE,Federal Contract Tower,0,19,3,31,53,0,0,0,0,0,0,19,3,31,53,2,38,40,93
10/30/2021,HSA,MS,ASO,CE,Federal Contract Tower,0,0,4,4,8,0,4,18,2,24,0,4,22,6,32,36,14,50,82
10/31/2021,HSA,MS,ASO,CE,Federal Contract Tower,0,0,4,4,8,0,1,17,4,22,0,1,21,8,30,6,0,6,36
11/01/2021,HSA,MS,ASO,CE,Federal Contract Tower,0,0,6,65,71,0,0,28,46,74,0,0,34,111,145,30,82,112,257
11/02/2021,HSA,MS,ASO,CE,Federal Contract Tower,0,0,11,30,41,0,0,24,39,63,0,0,35,69,104,2,60,62,166
11/03/2021,HSA,MS,ASO,CE,Federal Contract Tower,0,0,3,45,48,0,2,11,51,64,0,2,14,96,112,28,56,84,196
11/04/2021,HSA,MS,ASO,CE,Federal Contract Tower,0,0,3,57,60,0,0,3,24,27,0,0,6,81,87,2,70,72,159
11/05/2021,HSA,MS,ASO,CE,Federal Contract Tower,0,0,1,41,42,0,0,6,23,29,0,0,7,64,71,0,18,18,89
11/06/2021,HSA,MS,ASO,CE,Federal Contract Tower,0,0,1,3,4,0,0,13,1,14,0,0,14,4,18,8,2,10,28
11/07/2021,HSA,MS,ASO,CE,Federal Contract Tower,0,0,2,16,18,0,0,17,28,45,0,0,19,44,63,6,46,52,115
11/08/2021,HSA,MS,ASO,CE,Federal Contract Tower,0,4,7,66,77,0,0,26,55,81,0,4,33,121,158,4,76,80,238
11/09/2021,HSA,MS,ASO,CE,Federal Contract Tower,0,0,6,59,65,0,0,13,26,39,0,0,19,85,104,0,116,116,220
11/10/2021,HSA,MS,ASO,CE,Federal Contract Tower,0,0,4,53,57,0,0,17,24,41,0,0,21,77,98,12,24,36,134
11/11/2021,HSA,MS,ASO,CE,Federal Contract Tower,0,1,2,5,8,0,0,18,3,21,0,1,20,8,29,86,2,88,117
11/12/2021,HSA,MS,ASO,CE,Federal Contract Tower,0,0,5,22,27,0,0,30,0,30,0,0,35,22,57,130,24,154,211
11/13/2021,HSA,MS,ASO,CE,Federal Contract Tower,0,0,4,0,4,0,0,17,0,17,0,0,21,0,21,46,0,46,67
11/14/2021,HSA,MS,ASO,CE,Federal Contract Tower,0,0,5,0,5,0,0,0,0,0,0,0,5,0,5,0,0,0,5
11/15/2021,HSA,MS,ASO,CE,Federal Contract Tower,0,1,7,59,67,0,1,25,44,70,0,2,32,103,137,50,40,90,227
11/16/2021,HSA,MS,ASO,CE,Federal Contract Tower,0,0,7,58,65,0,0,21,59,80,0,0,28,117,145,18,152,170,315
11/17/2021,HSA,MS,ASO,CE,Federal Contract Tower,0,0,0,46,46,0,0,26,38,64,0,0,26,84,110,28,55,83,193
11/18/2021,HSA,MS,ASO,CE,Federal Contract Tower,0,0,1,12,13,0,0,14,4,18,0,0,15,16,31,22,32,54,85
11/19/2021,HSA,MS,ASO,CE,Federal Contract Tower,1,0,2,36,39,0,0,28,26,54,1,0,30,62,93,64,20,84,177
11/20/2021,HSA,MS,ASO,CE,Federal Contract Tower,0,0,4,0,4,0,0,22,0,22,0,0,26,0,26,14,0,14,40
11/21/2021,HSA,MS,ASO,CE,Federal Contract Tower,0,2,4,1,7,0,0,8,3,11,0,2,12,4,18,0,6,6,24
11/22/2021,HSA,MS,ASO,CE,Federal Contract Tower,0,0,4,33,37,0,0,9,25,34,0,0,13,58,71,8,56,64,135
11/23/2021,HSA,MS,ASO,CE,Federal Contract Tower,0,0,4,31,35,0,0,35,46,81,0,0,39,77,116,12,73,85,201
11/24/2021,HSA,MS,ASO,CE,Federal Contract Tower,0,0,14,7,21,0,0,9,0,9,0,0,23,7,30,12,0,12,42
11/25/2021,HSA,MS,ASO,CE,Federal Contract Tower,0,0,0,0,0,0,0,7,0,7,0,0,7,0,7,4,0,4,11
11/26/2021,HSA,MS,ASO,CE,Federal Contract Tower,0,2,4,0,6,0,0,15,0,15,0,2,19,0,21,0,0,0,21
11/27/2021,HSA,MS,ASO,CE,Federal Contract Tower,0,2,4,0,6,0,0,7,0,7,0,2,11,0,13,8,0,8,21
11/28/2021,HSA,MS,ASO,CE,Federal Contract Tower,0,4,1,2,7,0,0,14,0,14,0,4,15,2,21,16,0,16,37
11/29/2021,HSA,MS,ASO,CE,Federal Contract Tower,0,0,6,44,50,0,0,12,30,42,0,0,18,74,92,30,68,98,190
11/30/2021,HSA,MS,ASO,CE,Federal Contract Tower,0,1,6,63,70,0,0,16,46,62,0,1,22,109,132,8,80,88,220
12/01/2021,HSA,MS,ASO,CE,Federal Contract Tower,0,0,9,71,80,0,0,21,62,83,0,0,30,133,163,30,98,128,291
12/02/2021,HSA,MS,ASO,CE,Federal Contract Tower,0,2,5,54,61,0,0,17,28,45,0,2,22,82,106,4,46,50,156
12/03/2021,HSA,MS,ASO,CE,Federal Contract Tower,0,1,14,37,52,0,0,13,13,26,0,1,27,50,78,14,6,20,98
12/04/2021,HSA,MS,ASO,CE,Federal Contract Tower,0,2,1,4,7,0,0,17,0,17,0,2,18,4,24,28,0,28,52
12/05/2021,HSA,MS,ASO,CE,Federal Contract Tower,0,0,5,11,16,0,0,24,0,24,0,0,29,11,40,12,0,12,52
12/06/2021,HSA,MS,ASO,CE,Federal Contract Tower,0,1,6,14,21,0,0,4,7,11,0,1,10,21,32,0,38,38,70
12/07/2021,HSA,MS,ASO,CE,Federal Contract Tower,0,5,2,26,33,0,0,0,0,0,0,5,2,26,33,0,0,0,33
12/08/2021,HSA,MS,ASO,CE,Federal Contract Tower,0,0,4,14,18,0,0,5,15,20,0,0,9,29,38,8,20,28,66
12/09/2021,HSA,MS,ASO,CE,Federal Contract Tower,0,0,13,34,47,0,0,0,3,3,0,0,13,37,50,0,0,0,50
12/10/2021,HSA,MS,ASO,CE,Federal Contract Tower,0,1,8,49,58,0,0,4,9,13,0,1,12,58,71,0,22,22,93
12/11/2021,HSA,MS,ASO,CE,Federal Contract Tower,0,0,4,0,4,0,0,5,0,5,0,0,9,0,9,0,0,0,9
12/12/2021,HSA,MS,ASO,CE,Federal Contract Tower,0,0,2,0,2,0,0,39,2,41,0,0,41,2,43,20,4,24,67
12/13/2021,HSA,MS,ASO,CE,Federal Contract Tower,0,0,7,52,59,0,0,11,31,42,0,0,18,83,101,8,35,43,144
12/14/2021,HSA,MS,ASO,CE,Federal Contract Tower,0,0,5,89,94,0,0,0,4,4,0,0,5,93,98,0,27,27,125
12/15/2021,HSA,MS,ASO,CE,Federal Contract Tower,0,2,11,80,93,0,0,12,19,31,0,2,23,99,124,2,34,36,160
12/16/2021,HSA,MS,ASO,CE,Federal Contract Tower,0,0,4,65,69,0,0,14,21,35,0,0,18,86,104,10,24,34,138
12/17/2021,HSA,MS,ASO,CE,Federal Contract Tower,0,0,6,11,17,0,0,0,0,0,0,0,6,11,17,0,0,0,17
12/18/2021,HSA,MS,ASO,CE,Federal Contract Tower,0,0,0,0,0,0,0,3,0,3,0,0,3,0,3,6,0,6,9
12/19/2021,HSA,MS,ASO,CE,Federal Contract Tower,0,0,1,8,9,0,0,0,0,0,0,0,1,8,9,0,0,0,9
12/20/2021,HSA,MS,ASO,CE,Federal Contract Tower,0,0,3,26,29,0,0,15,7,22,0,0,18,33,51,34,12,46,97
12/21/2021,HSA,MS,ASO,CE,Federal Contract Tower,0,0,2,47,49,0,0,0,18,18,0,0,2,65,67,0,8,8,75
12/22/2021,HSA,MS,ASO,CE,Federal Contract Tower,0,2,2,18,22,0,0,45,25,70,0,2,47,43,92,29,44,73,165
12/23/2021,HSA,MS,ASO,CE,Federal Contract Tower,0,0,17,5,22,0,0,12,9,21,0,0,29,14,43,24,30,54,97
12/25/2021,HSA,MS,ASO,CE,Federal Contract Tower,0,0,0,0,0,0,0,2,0,2,0,0,2,0,2,4,0,4,6
12/26/2021,HSA,MS,ASO,CE,Federal Contract Tower,0,0,5,0,5,0,0,5,0,5,0,0,10,0,10,6,0,6,16
12/27/2021,HSA,MS,ASO,CE,Federal Contract Tower,0,0,2,18,20,0,4,8,4,16,0,4,10,22,36,32,12,44,80
12/28/2021,HSA,MS,ASO,CE,Federal Contract Tower,0,0,1,28,29,0,0,4,28,32,0,0,5,56,61,0,28,28,89
12/29/2021,HSA,MS,ASO,CE,Federal Contract Tower,0,2,5,13,20,0,0,0,4,4,0,2,5,17,24,0,6,6,30
12/30/2021,HSA,MS,ASO,CE,Federal Contract Tower,0,4,2,2,8,0,0,9,10,19,0,4,11,12,27,12,0,12,39
12/31/2021,HSA,MS,ASO,CE,Federal Contract Tower,0,15,20,0,35,0,0,9,7,16,0,15,29,7,51,0,0,0,51
01/01/2022,HSA,MS,ASO,CE,Federal Contract Tower,0,1,7,0,8,0,0,0,0,0,0,1,7,0,8,0,0,0,8
01/02/2022,HSA,MS,ASO,CE,Federal Contract Tower,0,13,4,0,17,0,21,0,0,21,0,34,4,0,38,0,0,0,38
01/03/2022,HSA,MS,ASO,CE,Federal Contract Tower,0,0,12,0,12,0,0,10,0,10,0,0,22,0,22,20,0,20,42
01/04/2022,HSA,MS,ASO,CE,Federal Contract Tower,0,0,13,24,37,0,1,13,27,41,0,1,26,51,78,0,50,50,128
01/05/2022,HSA,MS,ASO,CE,Federal Contract Tower,0,0,4,75,79,0,3,27,46,76,0,3,31,121,155,24,82,106,261
01/06/2022,HSA,MS,ASO,CE,Federal Contract Tower,0,0,4,49,53,0,0,10,26,36,0,0,14,75,89,2,86,88,177
01/07/2022,HSA,MS,ASO,CE,Federal Contract Tower,0,0,13,58,71,0,0,20,23,43,0,0,33,81,114,34,53,87,201
01/08/2022,HSA,MS,ASO,CE,Federal Contract Tower,0,0,5,2,7,0,0,15,2,17,0,0,20,4,24,18,0,18,42
01/09/2022,HSA,MS,ASO,CE,Federal Contract Tower,0,0,1,2,3,0,0,4,0,4,0,0,5,2,7,17,0,17,24
01/10/2022,HSA,MS,ASO,CE,Federal Contract Tower,0,0,8,17,25,0,0,10,11,21,0,0,18,28,46,10,24,34,80
01/11/2022,HSA,MS,ASO,CE,Federal Contract Tower,0,0,4,43,47,0,0,17,26,43,0,0,21,69,90,6,84,90,180
01/12/2022,HSA,MS,ASO,CE,Federal Contract Tower,0,1,5,45,51,0,0,27,50,77,0,1,32,95,128,38,144,182,310
01/13/2022,HSA,MS,ASO,CE,Federal Contract Tower,0,0,5,66,71,0,0,20,52,72,0,0,25,118,143,2,117,119,262
01/14/2022,HSA,MS,ASO,CE,Federal Contract Tower,0,0,9,51,60,0,0,30,18,48,0,0,39,69,108,0,16,16,124
01/15/2022,HSA,MS,ASO,CE,Federal Contract Tower,0,6,2,0,8,0,0,7,2,9,0,6,9,2,17,30,6,36,53
01/16/2022,HSA,MS,ASO,CE,Federal Contract Tower,0,1,0,2,3,0,0,2,6,8,0,1,2,8,11,4,0,4,15
01/17/2022,HSA,MS,ASO,CE,Federal Contract Tower,0,0,2,4,6,0,0,21,3,24,0,0,23,7,30,26,14,40,70
01/18/2022,HSA,MS,ASO,CE,Federal Contract Tower,0,0,17,69,86,0,0,21,38,59,0,0,38,107,145,2,62,64,209
01/19/2022,HSA,MS,ASO,CE,Federal Contract Tower,0,0,19,69,88,0,0,19,47,66,0,0,38,116,154,14,70,84,238
01/20/2022,HSA,MS,ASO,CE,Federal Contract Tower,0,0,4,8,12,0,0,0,0,0,0,0,4,8,12,0,0,0,12
01/21/2022,HSA,MS,ASO,CE,Federal Contract Tower,0,0,4,11,15,0,0,0,10,10,0,0,4,21,25,0,44,44,69
01/22/2022,HSA,MS,ASO,CE,Federal Contract Tower,0,0,4,2,6,0,0,24,4,28,0,0,28,6,34,49,0,49,83
01/23/2022,HSA,MS,ASO,CE,Federal Contract Tower,0,5,1,5,11,0,0,16,6,22,0,5,17,11,33,0,0,0,33
01/24/2022,HSA,MS,ASO,CE,Federal Contract Tower,0,0,6,27,33,0,0,15,18,33,0,0,21,45,66,2,36,38,104
01/25/2022,HSA,MS,ASO,CE,Federal Contract Tower,0,0,1,8,9,0,0,0,15,15,0,0,1,23,24,0,0,0,24
01/26/2022,HSA,MS,ASO,CE,Federal Contract Tower,0,0,5,62,67,0,0,28,48,76,0,0,33,110,143,14,114,128,271
01/27/2022,HSA,MS,ASO,CE,Federal Contract Tower,0,0,3,46,49,0,2,25,51,78,0,2,28,97,127,6,86,92,219
01/28/2022,HSA,MS,ASO,CE,Federal Contract Tower,0,2,5,42,49,0,0,11,41,52,0,2,16,83,101,7,54,61,162
01/29/2022,HSA,MS,ASO,CE,Federal Contract Tower,0,0,3,1,4,0,0,28,2,30,0,0,31,3,34,30,0,30,64
01/30/2022,HSA,MS,ASO,CE,Federal Contract Tower,0,0,1,6,7,0,0,11,10,21,0,0,12,16,28,2,0,2,30
01/31/2022,HSA,MS,ASO,CE,Federal Contract Tower,0,0,13,44,57,0,0,14,31,45,0,0,27,75,102,30,36,66,168
02/01/2022,HSA,MS,ASO,CE,Federal Contract Tower,0,0,1,41,42,0,2,6,19,27,0,2,7,60,69,0,24,24,93
02/02/2022,HSA,MS,ASO,CE,Federal Contract Tower,0,0,3,1,4,0,0,0,3,3,0,0,3,4,7,0,0,0,7
02/03/2022,HSA,MS,ASO,CE,Federal Contract Tower,0,0,3,13,16,0,0,0,0,0,0,0,3,13,16,0,0,0,16
02/04/2022,HSA,MS,ASO,CE,Federal Contract Tower,0,0,0,1,1,0,0,0,0,0,0,0,0,1,1,0,0,0,1
02/05/2022,HSA,MS,ASO,CE,Federal Contract Tower,0,0,2,3,5,0,0,23,10,33,0,0,25,13,38,35,32,67,105
02/06/2022,HSA,MS,ASO,CE,Federal Contract Tower,0,0,0,4,4,0,0,18,14,32,0,0,18,18,36,0,10,10,46
02/07/2022,HSA,MS,ASO,CE,Federal Contract Tower,0,2,5,33,40,0,2,10,6,18,0,4,15,39,58,2,46,48,106
02/08/2022,HSA,MS,ASO,CE,Federal Contract Tower,0,0,3,59,62,0,0,14,51,65,0,0,17,110,127,2,44,46,173
02/09/2022,HSA,MS,ASO,CE,Federal Contract Tower,0,1,6,82,89,0,1,20,67,88,0,2,26,149,177,14,114,128,305
02/10/2022,HSA,MS,ASO,CE,Federal Contract Tower,0,0,5,63,68,0,0,21,42,63,0,0,26,105,131,0,120,120,251
02/11/2022,HSA,MS,ASO,CE,Federal Contract Tower,0,0,5,61,66,0,0,32,30,62,0,0,37,91,128,67,82,149,277
02/12/2022,HSA,MS,ASO,CE,Federal Contract Tower,0,0,2,15,17,0,0,14,4,18,0,0,16,19,35,0,30,30,65
02/13/2022,HSA,MS,ASO,CE,Federal Contract Tower,0,2,1,2,5,0,0,12,5,17,0,2,13,7,22,2,0,2,24
02/14/2022,HSA,MS,ASO,CE,Federal Contract Tower,0,0,1,61,62,0,0,12,46,58,0,0,13,107,120,42,88,130,250
02/15/2022,HSA,MS,ASO,CE,Federal Contract Tower,0,0,10,79,89,0,6,25,39,70,0,6,35,118,159,0,84,84,243
02/16/2022,HSA,MS,ASO,CE,Federal Contract Tower,0,0,8,113,121,0,1,18,39,58,0,1,26,152,179,0,60,60,239
02/17/2022,HSA,MS,ASO,CE,Federal Contract Tower,0,0,0,23,23,0,0,0,0,0,0,0,0,23,23,0,0,0,23
02/18/2022,HSA,MS,ASO,CE,Federal Contract Tower,0,0,5,46,51,0,0,6,28,34,0,0,11,74,85,8,18,26,111
02/19/2022,HSA,MS,ASO,CE,Federal Contract Tower,0,0,5,6,11,0,1,12,1,14,0,1,17,7,25,8,0,8,33
02/20/2022,HSA,MS,ASO,CE,Federal Contract Tower,0,0,3,4,7,0,0,11,0,11,0,0,14,4,18,0,0,0,18
02/21/2022,HSA,MS,ASO,CE,Federal Contract Tower,0,0,7,2,9,0,0,0,2,2,0,0,7,4,11,0,0,0,11
02/22/2022,HSA,MS,ASO,CE,Federal Contract Tower,0,0,2,58,60,0,0,2,15,17,0,0,4,73,77,0,4,4,81
02/23/2022,HSA,MS,ASO,CE,Federal Contract Tower,0,0,8,32,40,0,0,5,22,27,0,0,13,54,67,0,34,34,101
02/24/2022,HSA,MS,ASO,CE,Federal Contract Tower,0,0,1,31,32,0,0,5,8,13,0,0,6,39,45,0,54,54,99
02/25/2022,HSA,MS,ASO,CE,Federal Contract Tower,0,2,0,17,19,0,0,0,15,15,0,2,0,32,34,0,48,48,82
02/26/2022,HSA,MS,ASO,CE,Federal Contract Tower,0,3,7,0,10,0,0,6,1,7,0,3,13,1,17,0,0,0,17
02/27/2022,HSA,MS,ASO,CE,Federal Contract Tower,0,0,2,3,5,0,0,1,0,1,0,0,3,3,6,0,0,0,6
02/28/2022,HSA,MS,ASO,CE,Federal Contract Tower,0,0,3,30,33,0,0,16,45,61,0,0,19,75,94,0,80,80,174
03/01/2022,HSA,MS,ASO,CE,Federal Contract Tower,0,0,9,79,88,0,0,34,84,118,0,0,43,163,206,14,206,220,426
03/02/2022,HSA,MS,ASO,CE,Federal Contract Tower,0,0,14,60,74,0,0,46,60,106,0,0,60,120,180,14,151,165,345
03/03/2022,HSA,MS,ASO,CE,Federal Contract Tower,0,2,6,82,90,0,0,30,64,94,0,2,36,146,184,26,125,151,335
03/04/2022,HSA,MS,ASO,CE,Federal Contract Tower,0,2,6,53,61,0,0,21,37,58,0,2,27,90,119,16,67,83,202
03/05/2022,HSA,MS,ASO,CE,Federal Contract Tower,0,1,6,12,19,0,0,23,0,23,0,1,29,12,42,38,14,52,94
03/06/2022,HSA,MS,ASO,CE,Federal Contract Tower,0,1,10,2,13,0,0,4,3,7,0,1,14,5,20,0,0,0,20
03/07/2022,HSA,MS,ASO,CE,Federal Contract Tower,0,0,8,24,32,0,0,2,0,2,0,0,10,24,34,2,4,6,40
03/08/2022,HSA,MS,ASO,CE,Federal Contract Tower,0,0,2,36,38,0,0,0,0,0,0,0,2,36,38,0,0,0,38
03/09/2022,HSA,MS,ASO,CE,Federal Contract Tower,0,0,5,23,28,0,1,0,6,7,0,1,5,29,35,0,0,0,35
03/10/2022,HSA,MS,ASO,CE,Federal Contract Tower,0,0,4,75,79,0,0,31,40,71,0,0,35,115,150,22,84,106,256
03/11/2022,HSA,MS,ASO,CE,Federal Contract Tower,0,0,1,12,13,0,0,0,0,0,0,0,1,12,13,0,0,0,13
03/12/2022,HSA,MS,ASO,CE,Federal Contract Tower,0,1,5,2,8,0,0,2,0,2,0,1,7,2,10,0,0,0,10
03/13/2022,HSA,MS,ASO,CE,Federal Contract Tower,0,0,16,4,20,0,0,20,0,20,0,0,36,4,40,0,0,0,40
03/14/2022,HSA,MS,ASO,CE,Federal Contract Tower,0,2,7,40,49,0,3,12,22,37,0,5,19,62,86,12,54,66,152
03/15/2022,HSA,MS,ASO,CE,Federal Contract Tower,0,0,17,52,69,0,0,21,25,46,0,0,38,77,115,4,58,62,177
03/16/2022,HSA,MS,ASO,CE,Federal Contract Tower,0,1,12,110,123,0,1,22,38,61,0,2,34,148,184,10,125,135,319
03/17/2022,HSA,MS,ASO,CE,Federal Contract Tower,0,0,12,43,55,0,0,34,36,70,0,0,46,79,125,34,87,121,246
03/18/2022,HSA,MS,ASO,CE,Federal Contract Tower,0,4,2,9,15,0,0,5,3,8,0,4,7,12,23,0,0,0,23
03/19/2022,HSA,MS,ASO,CE,Federal Contract Tower,0,0,7,1,8,0,0,10,0,10,0,0,17,1,18,0,0,0,18
03/20/2022,HSA,MS,ASO,CE,Federal Contract Tower,0,0,7,6,13,0,0,17,0,17,0,0,24,6,30,4,0,4,34
03/21/2022,HSA,MS,ASO,CE,Federal Contract Tower,0,0,0,55,55,0,0,10,20,30,0,0,10,75,85,0,58,58,143
03/22/2022,HSA,MS,ASO,CE,Federal Contract Tower,0,0,0,6,6,0,0,0,0,0,0,0,0,6,6,0,0,0,6
03/23/2022,HSA,MS,ASO,CE,Federal Contract Tower,0,0,12,68,80,0,0,12,46,58,0,0,24,114,138,7,114,121,259
03/24/2022,HSA,MS,ASO,CE,Federal Contract Tower,0,0,39,106,145,0,0,23,67,90,0,0,62,173,235,6,98,104,339
03/25/2022,HSA,MS,ASO,CE,Federal Contract Tower,0,1,4,56,61,0,0,26,29,55,0,1,30,85,116,16,56,72,188
03/26/2022,HSA,MS,ASO,CE,Federal Contract Tower,0,0,6,3,9,0,0,12,3,15,0,0,18,6,24,8,21,29,53
03/27/2022,HSA,MS,ASO,CE,Federal Contract Tower,0,0,2,4,6,0,0,15,4,19,0,0,17,8,25,0,14,14,39
03/28/2022,HSA,MS,ASO,CE,Federal Contract Tower,0,0,6,55,61,0,0,10,16,26,0,0,16,71,87,0,34,34,121
03/29/2022,HSA,MS,ASO,CE,Federal Contract Tower,0,1,15,24,40,0,0,17,27,44,0,1,32,51,84,10,80,90,174
03/30/2022,HSA,MS,ASO,CE,Federal Contract Tower,0,3,2,12,17,0,0,3,2,5,0,3,5,14,22,0,0,0,22
03/31/2022,HSA,MS,ASO,CE,Federal Contract Tower,0,0,24,36,60,0,0,47,29,76,0,0,71,65,136,40,38,78,214
04/01/2022,HSA,MS,ASO,CE,Federal Contract Tower,0,0,25,42,67,0,0,18,32,50,0,0,43,74,117,22,30,52,169
04/02/2022,HSA,MS,ASO,CE,Federal Contract Tower,0,2,3,2,7,0,0,15,1,16,0,2,18,3,23,12,0,12,35
04/03/2022,HSA,MS,ASO,CE,Federal Contract Tower,0,3,5,1,9,0,0,28,4,32,0,3,33,5,41,44,0,44,85
04/04/2022,HSA,MS,ASO,CE,Federal Contract Tower,0,0,6,53,59,0,0,19,22,41,0,0,25,75,100,32,58,90,190
04/05/2022,HSA,MS,ASO,CE,Federal Contract Tower,0,0,2,0,2,0,0,0,2,2,0,0,2,2,4,0,0,0,4
04/06/2022,HSA,MS,ASO,CE,Federal Contract Tower,0,0,2,62,64,0,0,6,12,18,0,0,8,74,82,6,22,28,110
04/07/2022,HSA,MS,ASO,CE,Federal Contract Tower,0,2,5,53,60,0,0,3,44,47,0,2,8,97,107,0,40,40,147
04/08/2022,HSA,MS,ASO,CE,Federal Contract Tower,0,0,6,50,56,0,0,10,21,31,0,0,16,71,87,4,40,44,131
04/09/2022,HSA,MS,ASO,CE,Federal Contract Tower,0,0,2,9,11,0,0,9,2,11,0,0,11,11,22,8,12,20,42
04/10/2022,HSA,MS,ASO,CE,Federal Contract Tower,0,0,4,6,10,0,0,11,7,18,0,0,15,13,28,10,0,10,38
04/11/2022,HSA,MS,ASO,CE,Federal Contract Tower,0,2,6,16,24,0,0,6,7,13,0,2,12,23,37,0,12,12,49
04/12/2022,HSA,MS,ASO,CE,Federal Contract Tower,0,0,3,49,52,0,0,4,17,21,0,0,7,66,73,14,36,50,123
04/13/2022,HSA,MS,ASO,CE,Federal Contract Tower,0,0,7,58,65,0,7,13,0,20,0,7,20,58,85,0,20,20,105
04/14/2022,HSA,MS,ASO,CE,Federal Contract Tower,0,0,10,31,41,0,0,6,19,25,0,0,16,50,66,10,16,26,92
04/15/2022,HSA,MS,ASO,CE,Federal Contract Tower,0,0,4,3,7,0,0,19,4,23,0,0,23,7,30,10,0,10,40
04/16/2022,HSA,MS,ASO,CE,Federal Contract Tower,0,5,0,0,5,0,0,12,0,12,0,5,12,0,17,4,0,4,21
04/17/2022,HSA,MS,ASO,CE,Federal Contract Tower,0,0,2,0,2,0,0,2,0,2,0,0,4,0,4,6,0,6,10
04/18/2022,HSA,MS,ASO,CE,Federal Contract Tower,0,0,6,13,19,0,0,17,5,22,0,0,23,18,41,10,12,22,63
04/19/2022,HSA,MS,ASO,CE,Federal Contract Tower,0,2,14,55,71,0,7,24,30,61,0,9,38,85,132,32,58,90,222
04/20/2022,HSA,MS,ASO,CE,Federal Contract Tower,0,0,16,73,89,0,5,23,48,76,0,5,39,121,165,8,48,56,221
04/21/2022,HSA,MS,ASO,CE,Federal Contract Tower,0,2,2,102,106,0,8,24,44,76,0,10,26,146,182,18,135,153,335
04/22/2022,HSA,MS,ASO,CE,Federal Contract Tower,0,0,4,57,61,0,1,14,30,45,0,1,18,87,106,2,40,42,148
04/23/2022,HSA,MS,ASO,CE,Federal Contract Tower,0,2,3,7,12,0,0,7,3,10,0,2,10,10,22,0,0,0,22
04/24/2022,HSA,MS,ASO,CE,Federal Contract Tower,0,0,3,7,10,0,0,4,1,5,0,0,7,8,15,0,0,0,15
04/25/2022,HSA,MS,ASO,CE,Federal Contract Tower,0,0,3,50,53,0,0,19,22,41,0,0,22,72,94,17,45,62,156
04/26/2022,HSA,MS,ASO,CE,Federal Contract Tower,0,0,4,69,73,2,1,10,8,21,2,1,14,77,94,8,28,36,130
04/27/2022,HSA,MS,ASO,CE,Federal Contract Tower,0,1,3,68,72,0,5,38,52,95,0,6,41,120,167,8,80,88,255
04/28/2022,HSA,MS,ASO,CE,Federal Contract Tower,0,0,13,98,111,0,5,39,39,83,0,5,52,137,194,14,76,90,284
04/29/2022,HSA,MS,ASO,CE,Federal Contract Tower,0,2,5,50,57,0,3,24,23,50,0,5,29,73,107,8,10,18,125
04/30/2022,HSA,MS,ASO,CE,Federal Contract Tower,0,0,3,10,13,0,0,16,4,20,0,0,19,14,33,4,18,22,55
05/01/2022,HSA,MS,ASO,CE,Federal Contract Tower,0,2,6,1,9,0,0,6,1,7,0,2,12,2,16,0,0,0,16
05/02/2022,HSA,MS,ASO,CE,Federal Contract Tower,0,0,9,68,77,0,7,21,19,47,0,7,30,87,124,4,80,84,208
05/03/2022,HSA,MS,ASO,CE,Federal Contract Tower,0,0,7,97,104,0,7,14,37,58,0,7,21,134,162,0,46,46,208
05/04/2022,HSA,MS,ASO,CE,Federal Contract Tower,0,0,15,72,87,0,3,23,38,64,0,3,38,110,151,12,64,76,227
05/05/2022,HSA,MS,ASO,CE,Federal Contract Tower,0,0,5,30,35,0,5,11,37,53,0,5,16,67,88,13,60,73,161
05/06/2022,HSA,MS,ASO,CE,Federal Contract Tower,0,0,5,5,10,0,0,8,3,11,0,0,13,8,21,8,0,8,29
05/07/2022,HSA,MS,ASO,CE,Federal Contract Tower,0,0,6,5,11,0,0,33,5,38,0,0,39,10,49,14,0,14,63
05/08/2022,HSA,MS,ASO,CE,Federal Contract Tower,0,0,2,0,2,0,0,13,0,13,0,0,15,0,15,14,0,14,29
05/09/2022,HSA,MS,ASO,CE,Federal Contract Tower,0,0,17,63,80,0,3,10,6,19,0,3,27,69,99,14,8,22,121
05/10/2022,HSA,MS,ASO,CE,Federal Contract Tower,0,0,10,66,76,0,3,18,35,56,0,3,28,101,132,22,108,130,262
05/11/2022,HSA,MS,ASO,CE,Federal Contract Tower,0,0,13,81,94,0,4,34,46,84,0,4,47,127,178,28,152,180,358
05/12/2022,HSA,MS,ASO,CE,Federal Contract Tower,0,0,8,40,48,0,3,19,25,47,0,3,27,65,95,61,62,123,218
05/13/2022,HSA,MS,ASO,CE,Federal Contract Tower,0,1,8,22,31,0,0,4,4,8,0,1,12,26,39,16,54,70,109
05/14/2022,HSA,MS,ASO,CE,Federal Contract Tower,0,0,5,5,10,0,0,7,2,9,0,0,12,7,19,0,10,10,29
05/15/2022,HSA,MS,ASO,CE,Federal Contract Tower,0,2,9,10,21,0,0,16,4,20,0,2,25,14,41,0,26,26,67
05/16/2022,HSA,MS,ASO,CE,Federal Contract Tower,0,0,11,49,60,0,3,40,32,75,0,3,51,81,135,22,44,66,201
05/17/2022,HSA,MS,ASO,CE,Federal Contract Tower,0,2,24,51,77,0,6,26,12,44,0,8,50,63,121,8,69,77,198
05/18/2022,HSA,MS,ASO,CE,Federal Contract Tower,0,0,13,44,57,0,2,29,20,51,0,2,42,64,108,65,42,107,215
05/19/2022,HSA,MS,ASO,CE,Federal Contract Tower,0,1,22,87,110,0,4,19,21,44,0,5,41,108,154,20,54,74,228
05/20/2022,HSA,MS,ASO,CE,Federal Contract Tower,0,0,8,59,67,0,0,24,29,53,0,0,32,88,120,26,38,64,184
05/21/2022,HSA,MS,ASO,CE,Federal Contract Tower,0,0,8,8,16,0,0,7,1,8,0,0,15,9,24,0,0,0,24
05/22/2022,HSA,MS,ASO,CE,Federal Contract Tower,0,0,2,2,4,0,0,0,1,1,0,0,2,3,5,0,6,6,11
05/23/2022,HSA,MS,ASO,CE,Federal Contract Tower,0,1,3,20,24,0,2,5,2,9,0,3,8,22,33,1,6,7,40
05/24/2022,HSA,MS,ASO,CE,Federal Contract Tower,0,1,6,19,26,0,6,7,2,15,0,7,13,21,41,0,66,66,107
05/25/2022,HSA,MS,ASO,CE,Federal Contract Tower,0,0,0,2,2,0,1,1,2,4,0,1,1,4,6,10,10,20,26
05/26/2022,HSA,MS,ASO,CE,Federal Contract Tower,0,0,8,27,35,0,0,15,21,36,0,0,23,48,71,0,64,64,135
05/27/2022,HSA,MS,ASO,CE,Federal Contract Tower,0,0,11,4,15,0,0,28,0,28,0,0,39,4,43,24,0,24,67
05/28/2022,HSA,MS,ASO,CE,Federal Contract Tower,0,6,13,0,19,0,0,37,0,37,0,6,50,0,56,22,8,30,86
05/29/2022,HSA,MS,ASO,CE,Federal Contract Tower,0,0,4,0,4,0,0,25,0,25,0,0,29,0,29,20,0,20,49
05/30/2022,HSA,MS,ASO,CE,Federal Contract Tower,0,0,0,0,0,0,6,14,0,20,0,6,14,0,20,0,0,0,20
05/31/2022,HSA,MS,ASO,CE,Federal Contract Tower,0,0,8,65,73,0,9,19,13,41,0,9,27,78,114,12,42,54,168
06/01/2022,HSA,MS,ASO,CE,Federal Contract Tower,0,7,9,25,41,0,7,18,12,37,0,14,27,37,78,38,38,76,154
06/02/2022,HSA,MS,ASO,CE,Federal Contract Tower,0,2,9,70,81,0,2,22,31,55,0,4,31,101,136,28,76,104,240
06/03/2022,HSA,MS,ASO,CE,Federal Contract Tower,0,2,7,40,49,0,5,17,35,57,0,7,24,75,106,67,39,106,212
06/04/2022,HSA,MS,ASO,CE,Federal Contract Tower,0,1,0,6,7,0,0,32,2,34,0,1,32,8,41,38,12,50,91
06/05/2022,HSA,MS,ASO,CE,Federal Contract Tower,0,0,2,8,10,0,0,12,5,17,0,0,14,13,27,24,32,56,83
06/06/2022,HSA,MS,ASO,CE,Federal Contract Tower,0,2,9,66,77,0,8,24,17,49,0,10,33,83,126,40,76,116,242
06/07/2022,HSA,MS,ASO,CE,Federal Contract Tower,0,1,26,85,112,0,3,21,36,60,0,4,47,121,172,20,92,112,284
06/08/2022,HSA,MS,ASO,CE,Federal Contract Tower,0,0,17,89,106,0,7,32,46,85,0,7,49,135,191,29,32,61,252
06/09/2022,HSA,MS,ASO,CE,Federal Contract Tower,0,0,3,21,24,0,6,22,7,35,0,6,25,28,59,10,24,34,93
06/10/2022,HSA,MS,ASO,CE,Federal Contract Tower,0,0,5,3,8,0,0,9,4,13,0,0,14,7,21,4,5,9,30
06/11/2022,HSA,MS,ASO,CE,Federal Contract Tower,0,0,4,2,6,0,0,26,1,27,0,0,30,3,33,0,1,1,34
06/12/2022,HSA,MS,ASO,CE,Federal Contract Tower,0,0,2,3,5,0,0,12,4,16,0,0,14,7,21,12,2,14,35
06/13/2022,HSA,MS,ASO,CE,Federal Contract Tower,0,0,8,30,38,0,11,14,0,25,0,11,22,30,63,30,24,54,117
06/14/2022,HSA,MS,ASO,CE,Federal Contract Tower,0,0,5,54,59,0,5,28,24,57,0,5,33,78,116,32,50,82,198
06/15/2022,HSA,MS,ASO,CE,Federal Contract Tower,0,0,18,43,61,0,2,40,26,68,0,2,58,69,129,44,51,95,224
06/16/2022,HSA,MS,ASO,CE,Federal Contract Tower,0,0,14,56,70,0,2,16,23,41,0,2,30,79,111,0,8,8,119
06/17/2022,HSA,MS,ASO,CE,Federal Contract Tower,0,0,9,46,55,0,5,25,32,62,0,5,34,78,117,57,28,85,202
06/18/2022,HSA,MS,ASO,CE,Federal Contract Tower,0,2,25,3,30,0,0,23,0,23,0,2,48,3,53,36,0,36,89
06/19/2022,HSA,MS,ASO,CE,Federal Contract Tower,0,0,6,3,9,0,0,15,4,19,0,0,21,7,28,12,6,18,46
06/20/2022,HSA,MS,ASO,CE,Federal Contract Tower,0,1,4,4,9,0,0,24,0,24,0,1,28,4,33,30,0,30,63
06/21/2022,HSA,MS,ASO,CE,Federal Contract Tower,0,0,4,77,81,0,1,19,22,42,0,1,23,99,123,36,42,78,201
06/22/2022,HSA,MS,ASO,CE,Federal Contract Tower,0,0,17,71,88,0,7,24,42,73,0,7,41,113,161,46,32,78,239
06/23/2022,HSA,MS,ASO,CE,Federal Contract Tower,0,0,8,55,63,0,2,27,36,65,0,2,35,91,128,4,30,34,162
06/24/2022,HSA,MS,ASO,CE,Federal Contract Tower,0,0,21,50,71,0,0,32,26,58,0,0,53,76,129,36,27,63,192
06/25/2022,HSA,MS,ASO,CE,Federal Contract Tower,0,0,7,1,8,0,0,20,1,21,0,0,27,2,29,31,0,31,60
06/26/2022,HSA,MS,ASO,CE,Federal Contract Tower,0,0,1,0,1,0,0,15,0,15,0,0,16,0,16,30,0,30,46
06/27/2022,HSA,MS,ASO,CE,Federal Contract Tower,0,1,1,73,75,0,5,17,30,52,0,6,18,103,127,47,34,81,208
06/28/2022,HSA,MS,ASO,CE,Federal Contract Tower,0,0,4,31,35,0,4,15,18,37,0,4,19,49,72,22,50,72,144
06/29/2022,HSA,MS,ASO,CE,Federal Contract Tower,0,2,9,8,19,0,8,13,6,27,0,10,22,14,46,2,30,32,78
06/30/2022,HSA,MS,ASO,CE,Federal Contract Tower,0,0,1,14,15,0,8,5,5,18,0,8,6,19,33,7,17,24,57
07/01/2022,HSA,MS,ASO,CE,Federal Contract Tower,0,1,11,8,20,0,0,18,0,18,0,1,29,8,38,45,0,45,83
07/02/2022,HSA,MS,ASO,CE,Federal Contract Tower,0,0,4,0,4,0,0,5,0,5,0,0,9,0,9,0,0,0,9
07/03/2022,HSA,MS,ASO,CE,Federal Contract Tower,0,0,4,0,4,0,1,3,0,4,0,1,7,0,8,0,0,0,8
07/04/2022,HSA,MS,ASO,CE,Federal Contract Tower,0,0,0,6,6,0,0,7,0,7,0,0,7,6,13,16,0,16,29
07/05/2022,HSA,MS,ASO,CE,Federal Contract Tower,0,2,2,15,19,0,0,17,3,20,0,2,19,18,39,0,10,10,49
07/06/2022,HSA,MS,ASO,CE,Federal Contract Tower,2,0,9,29,40,0,4,23,17,44,2,4,32,46,84,20,22,42,126
07/07/2022,HSA,MS,ASO,CE,Federal Contract Tower,0,0,14,79,93,0,7,27,23,57,0,7,41,102,150,64,22,86,236
07/08/2022,HSA,MS,ASO,CE,Federal Contract Tower,0,3,9,36,48,0,0,28,19,47,0,3,37,55,95,36,10,46,141
07/09/2022,HSA,MS,ASO,CE,Federal Contract Tower,0,0,12,6,18,0,0,30,0,30,0,0,42,6,48,40,0,40,88
07/10/2022,HSA,MS,ASO,CE,Federal Contract Tower,0,0,2,0,2,0,0,6,0,6,0,0,8,0,8,23,0,23,31
07/11/2022,HSA,MS,ASO,CE,Federal Contract Tower,0,1,4,32,37,0,0,23,0,23,0,1,27,32,60,10,0,10,70
07/12/2022,HSA,MS,ASO,CE,Federal Contract Tower,0,0,4,25,29,0,11,16,13,40,0,11,20,38,69,8,18,26,95
07/13/2022,HSA,MS,ASO,CE,Federal Contract Tower,0,0,4,32,36,0,6,10,19,35,0,6,14,51,71,38,48,86,157
07/14/2022,HSA,MS,ASO,CE,Federal Contract Tower,0,0,4,46,50,0,8,15,30,53,0,8,19,76,103,30,62,92,195
07/15/2022,HSA,MS,ASO,CE,Federal Contract Tower,0,2,11,14,27,0,7,18,22,47,0,9,29,36,74,26,2,28,102
07/16/2022,HSA,MS,ASO,CE,Federal Contract Tower,0,0,9,0,9,0,0,143,0,143,0,0,152,0,152,14,0,14,166
07/17/2022,HSA,MS,ASO,CE,Federal Contract Tower,0,0,10,0,10,0,0,8,0,8,0,0,18,0,18,22,0,22,40
07/18/2022,HSA,MS,ASO,CE,Federal Contract Tower,0,0,10,29,39,0,7,30,24,61,0,7,40,53,100,30,76,106,206
07/19/2022,HSA,MS,ASO,CE,Federal Contract Tower,0,0,18,48,66,0,4,18,35,57,0,4,36,83,123,14,114,128,251
07/20/2022,HSA,MS,ASO,CE,Federal Contract Tower,0,2,5,35,42,0,0,24,26,50,0,2,29,61,92,36,52,88,180
07/21/2022,HSA,MS,ASO,CE,Federal Contract Tower,0,0,19,51,70,0,0,33,26,59,0,0,52,77,129,15,55,70,199
07/22/2022,HSA,MS,ASO,CE,Federal Contract Tower,0,0,9,36,45,6,0,16,26,48,6,0,25,62,93,40,36,76,169
07/23/2022,HSA,MS,ASO,CE,Federal Contract Tower,0,0,10,0,10,0,0,9,0,9,0,0,19,0,19,6,0,6,25
07/24/2022,HSA,MS,ASO,CE,Federal Contract Tower,0,0,2,0,2,0,0,8,0,8,0,0,10,0,10,12,0,12,22
07/25/2022,HSA,MS,ASO,CE,Federal Contract Tower,0,0,6,17,23,0,0,10,5,15,0,0,16,22,38,0,8,8,46
07/26/2022,HSA,MS,ASO,CE,Federal Contract Tower,0,0,4,17,21,0,0,11,16,27,0,0,15,33,48,14,38,52,100
07/27/2022,HSA,MS,ASO,CE,Federal Contract Tower,0,0,17,63,80,0,0,19,41,60,0,0,36,104,140,12,74,86,226
07/28/2022,HSA,MS,ASO,CE,Federal Contract Tower,0,0,1,39,40,0,2,31,17,50,0,2,32,56,90,14,12,26,116
07/29/2022,HSA,MS,ASO,CE,Federal Contract Tower,0,2,6,25,33,0,2,16,9,27,0,4,22,34,60,18,0,18,78
07/30/2022,HSA,MS,ASO,CE,Federal Contract Tower,0,0,8,1,9,0,0,19,2,21,0,0,27,3,30,4,0,4,34
07/31/2022,HSA,MS,ASO,CE,Federal Contract Tower,0,0,9,0,9,0,0,12,0,12,0,0,21,0,21,14,0,14,35
08/01/2022,HSA,MS,ASO,CE,Federal Contract Tower,0,0,5,10,15,0,0,12,14,26,0,0,17,24,41,0,6,6,47
08/02/2022,HSA,MS,ASO,CE,Federal Contract Tower,0,1,5,6,12,0,1,5,11,17,0,2,10,17,29,0,10,10,39
08/03/2022,HSA,MS,ASO,CE,Federal Contract Tower,0,1,10,15,26,0,6,17,7,30,0,7,27,22,56,54,2,56,112
08/04/2022,HSA,MS,ASO,CE,Federal Contract Tower,0,1,11,23,35,0,5,11,12,28,0,6,22,35,63,0,18,18,81
08/05/2022,HSA,MS,ASO,CE,Federal Contract Tower,0,2,8,23,33,0,2,17,19,38,0,4,25,42,71,33,36,69,140
08/06/2022,HSA,MS,ASO,CE,Federal Contract Tower,0,1,2,2,5,0,0,2,0,2,0,1,4,2,7,0,0,0,7
08/07/2022,HSA,MS,ASO,CE,Federal Contract Tower,0,0,3,0,3,0,0,3,10,13,0,0,6,10,16,0,36,36,52
08/08/2022,HSA,MS,ASO,CE,Federal Contract Tower,0,0,10,20,30,0,8,8,6,22,0,8,18,26,52,10,18,28,80
08/09/2022,HSA,MS,ASO,CE,Federal Contract Tower,0,0,11,32,43,0,10,12,27,49,0,10,23,59,92,56,50,106,198
08/10/2022,HSA,MS,ASO,CE,Federal Contract Tower,0,1,11,16,28,0,11,13,6,30,0,12,24,22,58,2,6,8,66
08/11/2022,HSA,MS,ASO,CE,Federal Contract Tower,0,0,16,11,27,0,5,20,10,35,0,5,36,21,62,0,24,24,86
08/12/2022,HSA,MS,ASO,CE,Federal Contract Tower,0,0,10,49,59,0,4,10,16,30,0,4,20,65,89,0,12,12,101
08/13/2022,HSA,MS,ASO,CE,Federal Contract Tower,0,0,5,2,7,0,0,8,0,8,0,0,13,2,15,8,22,30,45
08/14/2022,HSA,MS,ASO,CE,Federal Contract Tower,0,0,5,4,9,0,0,12,0,12,0,0,17,4,21,32,0,32,53
08/15/2022,HSA,MS,ASO,CE,Federal Contract Tower,0,1,3,28,32,0,5,37,18,60,0,6,40,46,92,86,20,106,198
08/16/2022,HSA,MS,ASO,CE,Federal Contract Tower,0,0,13,24,37,0,11,19,15,45,0,11,32,39,82,10,64,74,156
08/17/2022,HSA,MS,ASO,CE,Federal Contract Tower,0,2,5,38,45,0,6,20,36,62,0,8,25,74,107,25,92,117,224
08/18/2022,HSA,MS,ASO,CE,Federal Contract Tower,0,3,9,27,39,0,0,26,27,53,0,3,35,54,92,8,34,42,134
08/19/2022,HSA,MS,ASO,CE,Federal Contract Tower,0,0,4,8,12,0,0,10,7,17,0,0,14,15,29,12,22,34,63
08/20/2022,HSA,MS,ASO,CE,Federal Contract Tower,0,2,3,0,5,0,0,3,0,3,0,2,6,0,8,8,0,8,16
08/21/2022,HSA,MS,ASO,CE,Federal Contract Tower,0,0,1,0,1,0,0,6,0,6,0,0,7,0,7,0,0,0,7
08/22/2022,HSA,MS,ASO,CE,Federal Contract Tower,0,0,15,15,30,0,1,18,23,42,0,1,33,38,72,4,12,16,88
08/23/2022,HSA,MS,ASO,CE,Federal Contract Tower,0,0,0,6,6,0,7,2,2,11,0,7,2,8,17,0,8,8,25
08/24/2022,HSA,MS,ASO,CE,Federal Contract Tower,0,0,3,3,6,0,2,6,0,8,0,2,9,3,14,14,0,14,28
08/25/2022,HSA,MS,ASO,CE,Federal Contract Tower,0,0,1,11,12,0,3,13,1,17,0,3,14,12,29,4,0,4,33
08/26/2022,HSA,MS,ASO,CE,Federal Contract Tower,0,0,3,12,15,0,0,8,3,11,0,0,11,15,26,2,34,36,62
08/27/2022,HSA,MS,ASO,CE,Federal Contract Tower,0,3,8,0,11,0,0,23,0,23,0,3,31,0,34,0,0,0,34
08/28/2022,HSA,MS,ASO,CE,Federal Contract Tower,0,0,6,3,9,0,0,15,0,15,0,0,21,3,24,6,0,6,30
08/29/2022,HSA,MS,ASO,CE,Federal Contract Tower,0,2,10,44,56,0,5,14,33,52,0,7,24,77,108,18,60,78,186
08/30/2022,HSA,MS,ASO,CE,Federal Contract Tower,0,0,19,28,47,0,13,12,23,48,0,13,31,51,95,16,42,58,153
08/31/2022,HSA,MS,ASO,CE,Federal Contract Tower,0,0,6,69,75,0,2,27,54,83,0,2,33,123,158,28,88,116,274
09/01/2022,HSA,MS,ASO,CE,Federal Contract Tower,0,0,9,60,69,0,0,31,45,76,0,0,40,105,145,38,57,95,240
09/02/2022,HSA,MS,ASO,CE,Federal Contract Tower,0,12,11,11,34,0,0,36,6,42,0,12,47,17,76,36,0,36,112
09/03/2022,HSA,MS,ASO,CE,Federal Contract Tower,0,0,4,0,4,0,0,6,0,6,0,0,10,0,10,6,0,6,16
09/04/2022,HSA,MS,ASO,CE,Federal Contract Tower,0,0,10,0,10,0,0,3,0,3,0,0,13,0,13,0,0,0,13
09/05/2022,HSA,MS,ASO,CE,Federal Contract Tower,0,0,4,2,6,0,0,9,0,9,0,0,13,2,15,6,0,6,21
09/06/2022,HSA,MS,ASO,CE,Federal Contract Tower,0,0,11,58,69,0,10,22,18,50,0,10,33,76,119,34,34,68,187
09/07/2022,HSA,MS,ASO,CE,Federal Contract Tower,0,0,19,45,64,0,1,37,27,65,0,1,56,72,129,32,22,54,183
09/08/2022,HSA,MS,ASO,CE,Federal Contract Tower,0,0,4,57,61,0,2,17,29,48,0,2,21,86,109,14,78,92,201
09/09/2022,HSA,MS,ASO,CE,Federal Contract Tower,0,1,7,15,23,0,0,8,12,20,0,1,15,27,43,0,2,2,45
09/10/2022,HSA,MS,ASO,CE,Federal Contract Tower,0,0,1,4,5,0,0,17,1,18,0,0,18,5,23,24,0,24,47
09/11/2022,HSA,MS,ASO,CE,Federal Contract Tower,0,0,4,2,6,0,0,6,2,8,0,0,10,4,14,0,0,0,14
09/12/2022,HSA,MS,ASO,CE,Federal Contract Tower,0,0,17,74,91,0,4,30,24,58,0,4,47,98,149,26,72,98,247
09/13/2022,HSA,MS,ASO,CE,Federal Contract Tower,0,1,27,59,87,0,3,20,40,63,0,4,47,99,150,36,64,100,250
09/14/2022,HSA,MS,ASO,CE,Federal Contract Tower,0,0,10,45,55,0,1,33,45,79,0,1,43,90,134,58,74,132,266
09/15/2022,HSA,MS,ASO,CE,Federal Contract Tower,0,0,5,54,59,0,0,22,37,59,0,0,27,91,118,40,48,88,206
09/16/2022,HSA,MS,ASO,CE,Federal Contract Tower,0,0,4,48,52,0,0,26,14,40,0,0,30,62,92,20,58,78,170
09/17/2022,HSA,MS,ASO,CE,Federal Contract Tower,0,0,9,2,11,0,0,11,0,11,0,0,20,2,22,0,0,0,22
09/18/2022,HSA,MS,ASO,CE,Federal Contract Tower,0,2,13,0,15,0,0,18,0,18,0,2,31,0,33,48,0,48,81
09/19/2022,HSA,MS,ASO,CE,Federal Contract Tower,0,1,18,85,104,0,2,9,30,41,0,3,27,115,145,36,68,104,249
09/20/2022,HSA,MS,ASO,CE,Federal Contract Tower,0,1,9,62,72,0,4,25,39,68,0,5,34,101,140,46,138,184,324
09/21/2022,HSA,MS,ASO,CE,Federal Contract Tower,0,1,3,90,94,0,6,31,41,78,0,7,34,131,172,52,110,162,334
09/22/2022,HSA,MS,ASO,CE,Federal Contract Tower,0,0,6,75,81,0,1,18,44,63,0,1,24,119,144,34,196,230,374
09/23/2022,HSA,MS,ASO,CE,Federal Contract Tower,0,0,9,45,54,0,9,19,27,55,0,9,28,72,109,40,30,70,179
09/24/2022,HSA,MS,ASO,CE,Federal Contract Tower,0,0,7,8,15,0,0,29,7,36,0,0,36,15,51,34,0,34,85
09/25/2022,HSA,MS,ASO,CE,Federal Contract Tower,0,0,2,6,8,0,0,7,11,18,0,0,9,17,26,10,0,10,36
09/26/2022,HSA,MS,ASO,CE,Federal Contract Tower,0,0,6,55,61,0,2,16,23,41,0,2,22,78,102,18,78,96,198
09/27/2022,HSA,MS,ASO,CE,Federal Contract Tower,0,0,3,45,48,0,8,17,21,46,0,8,20,66,94,8,96,104,198
09/28/2022,HSA,MS,ASO,CE,Federal Contract Tower,0,0,3,12,15,0,0,27,24,51,0,0,30,36,66,18,40,58,124
09/29/2022,HSA,MS,ASO,CE,Federal Contract Tower,0,0,8,37,45,0,1,9,30,40,0,1,17,67,85,0,60,60,145
09/30/2022,HSA,MS,ASO,CE,Federal Contract Tower,0,2,8,47,57,0,0,21,30,51,0,2,29,77,108,30,46,76,184
10/01/2022,HSA,MS,ASO,CE,Federal Contract Tower,0,0,4,4,8,0,0,8,2,10,0,0,12,6,18,18,10,28,46
10/02/2022,HSA,MS,ASO,CE,Federal Contract Tower,0,2,0,0,2,0,0,20,0,20,0,2,20,0,22,16,0,16,38
10/03/2022,HSA,MS,ASO,CE,Federal Contract Tower,0,0,8,67,75,0,2,21,40,63,0,2,29,107,138,16,106,122,260
10/04/2022,HSA,MS,ASO,CE,Federal Contract Tower,0,2,9,31,42,0,4,15,17,36,0,6,24,48,78,4,50,54,132
10/05/2022,HSA,MS,ASO,CE,Federal Contract Tower,0,0,8,62,70,0,4,25,45,74,0,4,33,107,144,40,120,160,304
10/06/2022,HSA,MS,ASO,CE,Federal Contract Tower,0,0,7,57,64,0,4,29,30,63,0,4,36,87,127,32,78,110,237
10/07/2022,HSA,MS,ASO,CE,Federal Contract Tower,0,1,7,30,38,0,1,30,18,49,0,2,37,48,87,84,30,114,201
10/08/2022,HSA,MS,ASO,CE,Federal Contract Tower,0,0,5,2,7,0,0,25,0,25,0,0,30,2,32,24,0,24,56
10/09/2022,HSA,MS,ASO,CE,Federal Contract Tower,0,2,22,0,24,0,0,17,0,17,0,2,39,0,41,16,0,16,57
10/10/2022,HSA,MS,ASO,CE,Federal Contract Tower,0,1,20,0,21,0,2,22,0,24,0,3,42,0,45,10,0,10,55
10/11/2022,HSA,MS,ASO,CE,Federal Contract Tower,0,0,22,67,89,0,1,23,35,59,0,1,45,102,148,26,110,136,284
10/12/2022,HSA,MS,ASO,CE,Federal Contract Tower,0,1,2,10,13,0,7,4,6,17,0,8,6,16,30,2,4,6,36
10/13/2022,HSA,MS,ASO,CE,Federal Contract Tower,0,0,10,51,61,0,0,24,16,40,0,0,34,67,101,76,102,178,279
10/14/2022,HSA,MS,ASO,CE,Federal Contract Tower,0,0,6,33,39,0,10,37,15,62,0,10,43,48,101,38,74,112,213
10/15/2022,HSA,MS,ASO,CE,Federal Contract Tower,0,4,5,1,10,0,0,21,1,22,0,4,26,2,32,42,8,50,82
10/16/2022,HSA,MS,ASO,CE,Federal Contract Tower,0,0,2,13,15,0,0,13,12,25,0,0,15,25,40,0,4,4,44
10/17/2022,HSA,MS,ASO,CE,Federal Contract Tower,0,0,8,28,36,0,2,10,6,18,0,2,18,34,54,10,18,28,82
10/18/2022,HSA,MS,ASO,CE,Federal Contract Tower,0,0,6,35,41,0,8,31,36,75,0,8,37,71,116,44,52,96,212
10/19/2022,HSA,MS,ASO,CE,Federal Contract Tower,0,1,14,48,63,0,1,36,60,97,0,2,50,108,160,68,112,180,340
10/20/2022,HSA,MS,ASO,CE,Federal Contract Tower,0,1,4,45,50,0,2,9,42,53,0,3,13,87,103,18,98,116,219
10/21/2022,HSA,MS,ASO,CE,Federal Contract Tower,0,7,6,29,42,0,2,33,21,56,0,9,39,50,98,54,20,74,172
10/22/2022,HSA,MS,ASO,CE,Federal Contract Tower,0,2,2,1,5,0,0,16,1,17,0,2,18,2,22,0,0,0,22
10/23/2022,HSA,MS,ASO,CE,Federal Contract Tower,0,3,2,10,15,0,0,8,5,13,0,3,10,15,28,0,0,0,28
10/24/2022,HSA,MS,ASO,CE,Federal Contract Tower,0,0,5,48,53,0,4,22,20,46,0,4,27,68,99,6,52,58,157
10/25/2022,HSA,MS,ASO,CE,Federal Contract Tower,0,0,3,11,14,0,0,3,17,20,0,0,6,28,34,0,14,14,48
10/26/2022,HSA,MS,ASO,CE,Federal Contract Tower,0,0,6,56,62,0,10,30,35,75,0,10,36,91,137,52,144,196,333
10/27/2022,HSA,MS,ASO,CE,Federal Contract Tower,0,0,3,33,36,0,4,21,48,73,0,4,24,81,109,10,84,94,203
10/28/2022,HSA,MS,ASO,CE,Federal Contract Tower,0,0,7,51,58,0,8,15,28,51,0,8,22,79,109,60,86,146,255
10/29/2022,HSA,MS,ASO,CE,Federal Contract Tower,0,0,2,0,2,0,0,4,0,4,0,0,6,0,6,24,0,24,30
10/30/2022,HSA,MS,ASO,CE,Federal Contract Tower,0,0,4,2,6,0,0,8,1,9,0,0,12,3,15,8,4,12,27
10/31/2022,HSA,MS,ASO,CE,Federal Contract Tower,0,1,2,64,67,0,2,11,36,49,0,3,13,100,116,0,98,98,214
11/01/2022,HSA,MS,ASO,CE,Federal Contract Tower,0,0,4,50,54,0,2,12,24,38,0,2,16,74,92,14,104,118,210
11/02/2022,HSA,MS,ASO,CE,Federal Contract Tower,0,0,3,57,60,0,2,15,41,58,0,2,18,98,118,60,62,122,240
11/03/2022,HSA,MS,ASO,CE,Federal Contract Tower,0,2,5,45,52,0,2,39,29,70,0,4,44,74,122,40,70,110,232
11/04/2022,HSA,MS,ASO,CE,Federal Contract Tower,0,1,6,18,25,0,1,15,14,30,0,2,21,32,55,0,54,54,109
11/05/2022,HSA,MS,ASO,CE,Federal Contract Tower,0,1,0,0,1,0,0,0,0,0,0,1,0,0,1,0,0,0,1
11/06/2022,HSA,MS,ASO,CE,Federal Contract Tower,0,1,1,5,7,0,0,35,5,40,0,1,36,10,47,132,12,144,191
11/07/2022,HSA,MS,ASO,CE,Federal Contract Tower,0,1,8,39,48,0,0,24,9,33,0,1,32,48,81,30,50,80,161
11/08/2022,HSA,MS,ASO,CE,Federal Contract Tower,0,0,7,57,64,0,0,10,34,44,0,0,17,91,108,10,112,122,230
11/09/2022,HSA,MS,ASO,CE,Federal Contract Tower,0,0,8,56,64,0,0,22,39,61,0,0,30,95,125,66,68,134,259
11/10/2022,HSA,MS,ASO,CE,Federal Contract Tower,0,0,2,18,20,0,0,20,11,31,0,0,22,29,51,40,10,50,101
11/11/2022,HSA,MS,ASO,CE,Federal Contract Tower,2,2,11,11,26,0,0,0,0,0,2,2,11,11,26,16,4,20,46
11/12/2022,HSA,MS,ASO,CE,Federal Contract Tower,0,0,0,0,0,0,0,0,0,0,0,0,0,0,0,0,0,0,0
11/13/2022,HSA,MS,ASO,CE,Federal Contract Tower,0,0,1,7,8,0,0,9,0,9,0,0,10,7,17,0,0,0,17
11/14/2022,HSA,MS,ASO,CE,Federal Contract Tower,0,1,5,17,23,0,0,1,13,14,0,1,6,30,37,0,8,8,45
11/15/2022,HSA,MS,ASO,CE,Federal Contract Tower,0,0,6,49,55,0,0,7,0,7,0,0,13,49,62,0,54,54,116
11/16/2022,HSA,MS,ASO,CE,Federal Contract Tower,0,0,7,38,45,0,0,22,39,61,0,0,29,77,106,66,78,144,250
11/17/2022,HSA,MS,ASO,CE,Federal Contract Tower,0,0,14,52,66,0,1,14,44,59,0,1,28,96,125,20,98,118,243
11/18/2022,HSA,MS,ASO,CE,Federal Contract Tower,0,0,5,38,43,0,0,29,29,58,0,0,34,67,101,58,70,128,229
11/19/2022,HSA,MS,ASO,CE,Federal Contract Tower,0,0,0,1,1,0,0,10,0,10,0,0,10,1,11,42,0,42,53
11/20/2022,HSA,MS,ASO,CE,Federal Contract Tower,0,0,9,4,13,0,0,9,0,9,0,0,18,4,22,0,0,0,22
11/21/2022,HSA,MS,ASO,CE,Federal Contract Tower,0,0,4,45,49,0,0,12,33,45,0,0,16,78,94,10,92,102,196
11/22/2022,HSA,MS,ASO,CE,Federal Contract Tower,0,0,7,29,36,0,0,14,20,34,0,0,21,49,70,0,14,14,84
11/23/2022,HSA,MS,ASO,CE,Federal Contract Tower,0,0,11,22,33,0,0,23,2,25,0,0,34,24,58,30,0,30,88
11/24/2022,HSA,MS,ASO,CE,Federal Contract Tower,0,0,0,0,0,0,0,0,0,0,0,0,0,0,0,0,0,0,0
11/25/2022,HSA,MS,ASO,CE,Federal Contract Tower,0,2,0,0,2,0,0,0,0,0,0,2,0,0,2,0,0,0,2
11/26/2022,HSA,MS,ASO,CE,Federal Contract Tower,0,2,0,0,2,0,0,0,0,0,0,2,0,0,2,0,0,0,2
11/27/2022,HSA,MS,ASO,CE,Federal Contract Tower,0,1,4,0,5,0,0,10,0,10,0,1,14,0,15,0,0,0,15
11/28/2022,HSA,MS,ASO,CE,Federal Contract Tower,0,0,8,46,54,0,0,9,15,24,0,0,17,61,78,0,14,14,92
11/29/2022,HSA,MS,ASO,CE,Federal Contract Tower,0,0,6,27,33,0,0,0,0,0,0,0,6,27,33,0,0,0,33
11/30/2022,HSA,MS,ASO,CE,Federal Contract Tower,0,0,1,29,30,0,0,8,40,48,0,0,9,69,78,20,54,74,152
12/01/2022,HSA,MS,ASO,CE,Federal Contract Tower,0,1,10,49,60,0,0,9,41,50,0,1,19,90,110,2,94,96,206
12/02/2022,HSA,MS,ASO,CE,Federal Contract Tower,0,0,2,53,55,0,0,17,22,39,0,0,19,75,94,38,111,149,243
12/03/2022,HSA,MS,ASO,CE,Federal Contract Tower,0,0,0,0,0,0,0,2,0,2,0,0,2,0,2,0,0,0,2
12/04/2022,HSA,MS,ASO,CE,Federal Contract Tower,0,0,2,6,8,0,0,4,4,8,0,0,6,10,16,10,10,20,36
12/05/2022,HSA,MS,ASO,CE,Federal Contract Tower,0,2,3,15,20,0,0,0,0,0,0,2,3,15,20,0,0,0,20
12/06/2022,HSA,MS,ASO,CE,Federal Contract Tower,0,0,5,76,81,0,4,13,23,40,0,4,18,99,121,12,108,120,241
12/07/2022,HSA,MS,ASO,CE,Federal Contract Tower,0,0,9,45,54,0,0,16,14,30,0,0,25,59,84,12,36,48,132
12/08/2022,HSA,MS,ASO,CE,Federal Contract Tower,0,0,1,25,26,0,0,5,10,15,0,0,6,35,41,6,10,16,57
12/09/2022,HSA,MS,ASO,CE,Federal Contract Tower,0,0,4,26,30,0,0,5,2,7,0,0,9,28,37,20,6,26,63
12/10/2022,HSA,MS,ASO,CE,Federal Contract Tower,0,1,8,0,9,0,0,4,0,4,0,1,12,0,13,20,0,20,33
12/11/2022,HSA,MS,ASO,CE,Federal Contract Tower,0,1,0,0,1,0,0,0,0,0,0,1,0,0,1,0,0,0,1
12/12/2022,HSA,MS,ASO,CE,Federal Contract Tower,0,0,3,53,56,0,0,5,13,18,0,0,8,66,74,40,32,72,146
12/13/2022,HSA,MS,ASO,CE,Federal Contract Tower,0,0,1,44,45,0,0,0,3,3,0,0,1,47,48,0,12,12,60
12/14/2022,HSA,MS,ASO,CE,Federal Contract Tower,0,0,0,5,5,0,0,1,0,1,0,0,1,5,6,0,0,0,6
12/15/2022,HSA,MS,ASO,CE,Federal Contract Tower,0,0,4,55,59,0,0,32,43,75,0,0,36,98,134,30,106,136,270
12/16/2022,HSA,MS,ASO,CE,Federal Contract Tower,0,1,15,37,53,0,0,41,32,73,0,1,56,69,126,44,84,128,254
12/17/2022,HSA,MS,ASO,CE,Federal Contract Tower,0,0,2,6,8,0,0,8,0,8,0,0,10,6,16,8,0,8,24
12/18/2022,HSA,MS,ASO,CE,Federal Contract Tower,0,1,4,2,7,0,0,14,0,14,0,1,18,2,21,10,0,10,31
12/19/2022,HSA,MS,ASO,CE,Federal Contract Tower,0,1,0,17,18,0,0,9,3,12,0,1,9,20,30,18,2,20,50
12/20/2022,HSA,MS,ASO,CE,Federal Contract Tower,0,0,0,2,2,0,0,0,0,0,0,0,0,2,2,0,0,0,2
12/21/2022,HSA,MS,ASO,CE,Federal Contract Tower,0,0,10,34,44,0,0,0,0,0,0,0,10,34,44,0,0,0,44
12/22/2022,HSA,MS,ASO,CE,Federal Contract Tower,0,0,4,28,32,0,0,7,0,7,0,0,11,28,39,0,16,16,55
12/23/2022,HSA,MS,ASO,CE,Federal Contract Tower,0,0,3,2,5,0,0,2,0,2,0,0,5,2,7,0,0,0,7
12/24/2022,HSA,MS,ASO,CE,Federal Contract Tower,0,2,1,0,3,0,0,0,0,0,0,2,1,0,3,0,0,0,3
12/25/2022,HSA,MS,ASO,CE,Federal Contract Tower,0,2,1,0,3,0,0,2,0,2,0,2,3,0,5,0,0,0,5
12/26/2022,HSA,MS,ASO,CE,Federal Contract Tower,0,0,8,0,8,0,0,31,0,31,0,0,39,0,39,0,0,0,39
12/27/2022,HSA,MS,ASO,CE,Federal Contract Tower,0,0,11,21,32,0,0,26,13,39,0,0,37,34,71,18,0,18,89
12/28/2022,HSA,MS,ASO,CE,Federal Contract Tower,0,0,6,28,34,0,0,21,17,38,0,0,27,45,72,2,10,12,84
12/29/2022,HSA,MS,ASO,CE,Federal Contract Tower,0,0,5,44,49,0,0,16,19,35,0,0,21,63,84,14,6,20,104
12/30/2022,HSA,MS,ASO,CE,Federal Contract Tower,0,1,0,0,1,0,0,0,0,0,0,1,0,0,1,0,0,0,1
12/31/2022,HSA,MS,ASO,CE,Federal Contract Tower,0,8,1,2,11,0,0,0,0,0,0,8,1,2,11,0,0,0,11
01/01/2023,HSA,MS,ASO,CE,Federal Contract Tower,0,5,8,0,13,0,0,2,0,2,0,5,10,0,15,0,0,0,15
01/02/2023,HSA,MS,ASO,CE,Federal Contract Tower,0,8,0,8,16,0,0,0,0,0,0,8,0,8,16,0,0,0,16
01/03/2023,HSA,MS,ASO,CE,Federal Contract Tower,0,1,0,0,1,0,0,0,0,0,0,1,0,0,1,0,0,0,1
01/04/2023,HSA,MS,ASO,CE,Federal Contract Tower,0,0,4,56,60,0,1,21,27,49,0,1,25,83,109,22,76,98,207
01/05/2023,HSA,MS,ASO,CE,Federal Contract Tower,0,0,15,53,68,0,0,21,29,50,0,0,36,82,118,26,69,95,213
01/06/2023,HSA,MS,ASO,CE,Federal Contract Tower,0,0,19,46,65,0,0,27,20,47,0,0,46,66,112,64,40,104,216
01/07/2023,HSA,MS,ASO,CE,Federal Contract Tower,0,2,11,2,15,0,0,21,4,25,0,2,32,6,40,26,0,26,66
01/08/2023,HSA,MS,ASO,CE,Federal Contract Tower,0,0,2,2,4,0,0,5,0,5,0,0,7,2,9,10,0,10,19
01/09/2023,HSA,MS,ASO,CE,Federal Contract Tower,0,0,12,41,53,0,0,24,41,65,0,0,36,82,118,8,52,60,178
01/10/2023,HSA,MS,ASO,CE,Federal Contract Tower,0,2,1,54,57,0,0,11,37,48,0,2,12,91,105,14,50,64,169
01/11/2023,HSA,MS,ASO,CE,Federal Contract Tower,0,6,4,33,43,0,0,8,14,22,0,6,12,47,65,12,34,46,111
01/12/2023,HSA,MS,ASO,CE,Federal Contract Tower,0,1,1,4,6,0,0,4,7,11,0,1,5,11,17,8,0,8,25
01/13/2023,HSA,MS,ASO,CE,Federal Contract Tower,0,0,6,29,35,0,0,8,16,24,0,0,14,45,59,54,12,66,125
01/14/2023,HSA,MS,ASO,CE,Federal Contract Tower,0,1,7,4,12,0,0,16,3,19,0,1,23,7,31,8,0,8,39
01/15/2023,HSA,MS,ASO,CE,Federal Contract Tower,0,1,8,6,15,0,0,39,0,39,0,1,47,6,54,30,8,38,92
01/16/2023,HSA,MS,ASO,CE,Federal Contract Tower,0,2,4,27,33,0,0,15,4,19,0,2,19,31,52,14,0,14,66
01/17/2023,HSA,MS,ASO,CE,Federal Contract Tower,0,2,7,62,71,0,0,20,35,55,0,2,27,97,126,22,64,86,212
01/18/2023,HSA,MS,ASO,CE,Federal Contract Tower,0,0,4,69,73,0,0,8,31,39,0,0,12,100,112,12,64,76,188
01/19/2023,HSA,MS,ASO,CE,Federal Contract Tower,0,0,12,31,43,0,0,30,31,61,0,0,42,62,104,7,90,97,201
01/20/2023,HSA,MS,ASO,CE,Federal Contract Tower,0,0,3,34,37,0,0,29,36,65,0,0,32,70,102,32,46,78,180
01/21/2023,HSA,MS,ASO,CE,Federal Contract Tower,0,1,0,2,3,0,0,3,0,3,0,1,3,2,6,2,0,2,8
01/22/2023,HSA,MS,ASO,CE,Federal Contract Tower,0,0,4,2,6,0,0,0,0,0,0,0,4,2,6,0,0,0,6
01/23/2023,HSA,MS,ASO,CE,Federal Contract Tower,0,0,2,48,50,0,2,30,69,101,0,2,32,117,151,43,117,160,311
01/24/2023,HSA,MS,ASO,CE,Federal Contract Tower,0,0,1,6,7,0,0,0,4,4,0,0,1,10,11,0,0,0,11
01/25/2023,HSA,MS,ASO,CE,Federal Contract Tower,0,0,4,42,46,0,0,16,42,58,0,0,20,84,104,6,96,102,206
01/26/2023,HSA,MS,ASO,CE,Federal Contract Tower,0,0,9,27,36,0,0,70,50,120,0,0,79,77,156,88,130,218,374
01/27/2023,HSA,MS,ASO,CE,Federal Contract Tower,0,0,16,14,30,0,0,35,5,40,0,0,51,19,70,18,12,30,100
01/28/2023,HSA,MS,ASO,CE,Federal Contract Tower,0,0,2,12,14,0,0,11,0,11,0,0,13,12,25,0,0,0,25
01/29/2023,HSA,MS,ASO,CE,Federal Contract Tower,0,0,1,0,1,0,0,2,0,2,0,0,3,0,3,0,0,0,3
01/30/2023,HSA,MS,ASO,CE,Federal Contract Tower,0,0,0,4,4,0,0,0,0,0,0,0,0,4,4,0,0,0,4
01/31/2023,HSA,MS,ASO,CE,Federal Contract Tower,0,0,0,9,9,0,0,2,0,2,0,0,2,9,11,6,0,6,17
02/01/2023,HSA,MS,ASO,CE,Federal Contract Tower,0,0,5,9,14,0,0,0,0,0,0,0,5,9,14,0,0,0,14
02/02/2023,HSA,MS,ASO,CE,Federal Contract Tower,0,0,0,9,9,0,0,0,0,0,0,0,0,9,9,0,0,0,9
02/03/2023,HSA,MS,ASO,CE,Federal Contract Tower,0,0,7,34,41,0,0,20,12,32,0,0,27,46,73,28,68,96,169
02/04/2023,HSA,MS,ASO,CE,Federal Contract Tower,0,2,4,6,12,0,0,19,4,23,0,2,23,10,35,38,14,52,87
02/05/2023,HSA,MS,ASO,CE,Federal Contract Tower,0,0,4,7,11,0,0,29,7,36,0,0,33,14,47,36,18,54,101
02/06/2023,HSA,MS,ASO,CE,Federal Contract Tower,0,0,26,44,70,0,0,18,43,61,0,0,44,87,131,2,80,82,213
02/07/2023,HSA,MS,ASO,CE,Federal Contract Tower,0,1,6,43,50,0,0,8,11,19,0,1,14,54,69,10,46,56,125
02/08/2023,HSA,MS,ASO,CE,Federal Contract Tower,0,1,4,3,8,0,0,0,0,0,0,1,4,3,8,0,0,0,8
02/09/2023,HSA,MS,ASO,CE,Federal Contract Tower,0,1,12,15,28,0,0,0,10,10,0,1,12,25,38,0,72,72,110
02/10/2023,HSA,MS,ASO,CE,Federal Contract Tower,0,0,10,14,24,0,1,5,17,23,0,1,15,31,47,2,66,68,115
02/11/2023,HSA,MS,ASO,CE,Federal Contract Tower,0,0,0,5,5,0,0,0,0,0,0,0,0,5,5,0,0,0,5
02/12/2023,HSA,MS,ASO,CE,Federal Contract Tower,0,0,2,4,6,0,0,15,3,18,0,0,17,7,24,0,0,0,24
02/13/2023,HSA,MS,ASO,CE,Federal Contract Tower,0,1,5,39,45,0,0,17,35,52,0,1,22,74,97,24,62,86,183
02/14/2023,HSA,MS,ASO,CE,Federal Contract Tower,0,5,15,46,66,0,0,9,18,27,0,5,24,64,93,19,66,85,178
02/15/2023,HSA,MS,ASO,CE,Federal Contract Tower,0,2,7,49,58,0,0,10,17,27,0,2,17,66,85,45,38,83,168
02/16/2023,HSA,MS,ASO,CE,Federal Contract Tower,0,0,4,18,22,0,0,1,1,2,0,0,5,19,24,12,10,22,46
02/17/2023,HSA,MS,ASO,CE,Federal Contract Tower,0,0,9,16,25,0,2,10,6,18,0,2,19,22,43,30,28,58,101
02/18/2023,HSA,MS,ASO,CE,Federal Contract Tower,0,0,7,2,9,0,0,8,2,10,0,0,15,4,19,0,0,0,19
02/19/2023,HSA,MS,ASO,CE,Federal Contract Tower,0,0,2,2,4,0,0,16,3,19,0,0,18,5,23,14,0,14,37
02/20/2023,HSA,MS,ASO,CE,Federal Contract Tower,0,0,0,8,8,0,0,6,1,7,0,0,6,9,15,14,0,14,29
02/21/2023,HSA,MS,ASO,CE,Federal Contract Tower,0,6,11,45,62,0,0,6,8,14,0,6,17,53,76,2,0,2,78
02/22/2023,HSA,MS,ASO,CE,Federal Contract Tower,0,2,7,37,46,0,0,4,9,13,0,2,11,46,59,0,28,28,87
02/23/2023,HSA,MS,ASO,CE,Federal Contract Tower,0,1,4,49,54,0,2,3,2,7,0,3,7,51,61,0,4,4,65
02/24/2023,HSA,MS,ASO,CE,Federal Contract Tower,0,0,2,28,30,0,0,5,2,7,0,0,7,30,37,0,0,0,37
02/25/2023,HSA,MS,ASO,CE,Federal Contract Tower,0,1,2,2,5,0,0,3,0,3,0,1,5,2,8,0,0,0,8
02/26/2023,HSA,MS,ASO,CE,Federal Contract Tower,0,2,10,8,20,0,0,16,5,21,0,2,26,13,41,12,0,12,53
02/27/2023,HSA,MS,ASO,CE,Federal Contract Tower,0,4,3,42,49,0,2,4,26,32,0,6,7,68,81,0,43,43,124
02/28/2023,HSA,MS,ASO,CE,Federal Contract Tower,0,0,6,60,66,0,0,22,25,47,0,0,28,85,113,26,78,104,217
03/01/2023,HSA,MS,ASO,CE,Federal Contract Tower,0,0,12,56,68,0,0,12,12,24,0,0,24,68,92,10,60,70,162
03/02/2023,HSA,MS,ASO,CE,Federal Contract Tower,0,0,15,53,68,0,0,2,10,12,0,0,17,63,80,6,38,44,124
03/03/2023,HSA,MS,ASO,CE,Federal Contract Tower,0,0,10,20,30,0,0,2,7,9,0,0,12,27,39,6,8,14,53
03/04/2023,HSA,MS,ASO,CE,Federal Contract Tower,0,4,5,10,19,0,0,37,2,39,0,4,42,12,58,24,0,24,82
03/05/2023,HSA,MS,ASO,CE,Federal Contract Tower,0,0,11,8,19,0,0,43,8,51,0,0,54,16,70,60,4,64,134
03/06/2023,HSA,MS,ASO,CE,Federal Contract Tower,0,0,9,37,46,0,0,3,4,7,0,0,12,41,53,8,0,8,61
03/07/2023,HSA,MS,ASO,CE,Federal Contract Tower,0,1,19,47,67,0,0,21,28,49,0,1,40,75,116,18,32,50,166
03/08/2023,HSA,MS,ASO,CE,Federal Contract Tower,0,0,26,53,79,0,0,4,24,28,0,0,30,77,107,12,22,34,141
03/09/2023,HSA,MS,ASO,CE,Federal Contract Tower,0,0,39,55,94,0,3,24,26,53,0,3,63,81,147,30,124,154,301
03/10/2023,HSA,MS,ASO,CE,Federal Contract Tower,0,0,32,57,89,0,0,26,27,53,0,0,58,84,142,40,54,94,236
03/11/2023,HSA,MS,ASO,CE,Federal Contract Tower,0,0,10,5,15,0,0,10,3,13,0,0,20,8,28,40,0,40,68
03/12/2023,HSA,MS,ASO,CE,Federal Contract Tower,0,0,10,11,21,0,0,7,1,8,0,0,17,12,29,0,0,0,29
03/13/2023,HSA,MS,ASO,CE,Federal Contract Tower,0,2,19,40,61,0,4,22,33,59,0,6,41,73,120,34,101,135,255
03/14/2023,HSA,MS,ASO,CE,Federal Contract Tower,0,0,21,43,64,0,0,37,27,64,0,0,58,70,128,66,46,112,240
03/15/2023,HSA,MS,ASO,CE,Federal Contract Tower,0,0,18,37,55,0,0,37,35,72,0,0,55,72,127,24,43,67,194
03/16/2023,HSA,MS,ASO,CE,Federal Contract Tower,0,1,19,43,63,0,30,23,48,101,0,31,42,91,164,16,78,94,258
03/17/2023,HSA,MS,ASO,CE,Federal Contract Tower,0,0,4,0,4,0,0,0,0,0,0,0,4,0,4,0,0,0,4
03/18/2023,HSA,MS,ASO,CE,Federal Contract Tower,0,0,8,10,18,0,0,12,8,20,0,0,20,18,38,0,10,10,48
03/19/2023,HSA,MS,ASO,CE,Federal Contract Tower,0,0,5,4,9,0,0,12,6,18,0,0,17,10,27,2,2,4,31
03/20/2023,HSA,MS,ASO,CE,Federal Contract Tower,0,3,28,54,85,0,0,37,27,64,0,3,65,81,149,74,54,128,277
03/21/2023,HSA,MS,ASO,CE,Federal Contract Tower,0,0,27,58,85,0,5,31,26,62,0,5,58,84,147,94,14,108,255
03/22/2023,HSA,MS,ASO,CE,Federal Contract Tower,0,0,13,65,78,0,0,35,35,70,0,0,48,100,148,28,162,190,338
03/23/2023,HSA,MS,ASO,CE,Federal Contract Tower,0,0,23,38,61,0,0,2,7,9,0,0,25,45,70,3,48,51,121
03/24/2023,HSA,MS,ASO,CE,Federal Contract Tower,0,0,17,52,69,0,0,0,5,5,0,0,17,57,74,0,12,12,86
03/25/2023,HSA,MS,ASO,CE,Federal Contract Tower,0,1,10,1,12,0,1,11,1,13,0,2,21,2,25,18,0,18,43
03/26/2023,HSA,MS,ASO,CE,Federal Contract Tower,0,0,12,3,15,0,0,11,0,11,0,0,23,3,26,42,0,42,68
03/27/2023,HSA,MS,ASO,CE,Federal Contract Tower,0,4,0,8,12,0,0,0,0,0,0,4,0,8,12,0,0,0,12
03/28/2023,HSA,MS,ASO,CE,Federal Contract Tower,0,2,15,0,17,0,0,21,0,21,0,2,36,0,38,0,22,22,60
03/29/2023,HSA,MS,ASO,CE,Federal Contract Tower,0,0,17,39,56,0,0,27,36,63,0,0,44,75,119,24,54,78,197
03/30/2023,HSA,MS,ASO,CE,Federal Contract Tower,0,0,33,39,72,0,0,29,17,46,0,0,62,56,118,14,58,72,190
03/31/2023,HSA,MS,ASO,CE,Federal Contract Tower,0,0,23,54,77,0,0,5,2,7,0,0,28,56,84,0,10,10,94
04/01/2023,HSA,MS,ASO,CE,Federal Contract Tower,0,1,1,7,9,0,0,8,5,13,0,1,9,12,22,10,16,26,48
04/02/2023,HSA,MS,ASO,CE,Federal Contract Tower,0,0,6,3,9,0,0,27,6,33,0,0,33,9,42,20,16,36,78
04/03/2023,HSA,MS,ASO,CE,Federal Contract Tower,0,0,12,54,66,0,0,8,20,28,0,0,20,74,94,0,12,12,106
04/04/2023,HSA,MS,ASO,CE,Federal Contract Tower,0,1,11,65,77,0,0,4,7,11,0,1,15,72,88,14,16,30,118
04/05/2023,HSA,MS,ASO,CE,Federal Contract Tower,0,0,16,47,63,0,0,8,2,10,0,0,24,49,73,0,0,0,73
04/06/2023,HSA,MS,ASO,CE,Federal Contract Tower,0,0,19,46,65,0,0,2,15,17,0,0,21,61,82,0,32,32,114
04/07/2023,HSA,MS,ASO,CE,Federal Contract Tower,0,0,16,23,39,0,0,0,0,0,0,0,16,23,39,0,0,0,39
04/08/2023,HSA,MS,ASO,CE,Federal Contract Tower,0,5,4,0,9,0,0,0,0,0,0,5,4,0,9,0,0,0,9
04/09/2023,HSA,MS,ASO,CE,Federal Contract Tower,0,2,4,0,6,0,0,5,0,5,0,2,9,0,11,0,0,0,11
04/10/2023,HSA,MS,ASO,CE,Federal Contract Tower,0,0,28,59,87,0,1,32,24,57,0,1,60,83,144,30,12,42,186
04/11/2023,HSA,MS,ASO,CE,Federal Contract Tower,0,3,27,51,81,0,2,9,31,42,0,5,36,82,123,10,40,50,173
04/12/2023,HSA,MS,ASO,CE,Federal Contract Tower,0,4,23,48,75,0,0,11,19,30,0,4,34,67,105,10,36,46,151
04/13/2023,HSA,MS,ASO,CE,Federal Contract Tower,0,0,18,38,56,0,0,2,17,19,0,0,20,55,75,0,8,8,83
04/14/2023,HSA,MS,ASO,CE,Federal Contract Tower,0,1,28,67,96,0,0,57,32,89,0,1,85,99,185,42,60,102,287
04/15/2023,HSA,MS,ASO,CE,Federal Contract Tower,0,1,6,3,10,0,0,3,1,4,0,1,9,4,14,0,4,4,18
04/16/2023,HSA,MS,ASO,CE,Federal Contract Tower,0,0,12,9,21,0,0,21,21,42,0,0,33,30,63,4,0,4,67
04/17/2023,HSA,MS,ASO,CE,Federal Contract Tower,0,0,22,47,69,0,3,39,41,83,0,3,61,88,152,28,66,94,246
04/18/2023,HSA,MS,ASO,CE,Federal Contract Tower,0,0,12,67,79,0,4,40,35,79,0,4,52,102,158,36,90,126,284
04/19/2023,HSA,MS,ASO,CE,Federal Contract Tower,0,0,23,42,65,0,2,26,40,68,0,2,49,82,133,52,64,116,249
04/20/2023,HSA,MS,ASO,CE,Federal Contract Tower,0,0,17,55,72,0,1,18,37,56,0,1,35,92,128,20,60,80,208
04/21/2023,HSA,MS,ASO,CE,Federal Contract Tower,0,0,4,16,20,0,0,5,18,23,0,0,9,34,43,0,58,58,101
04/22/2023,HSA,MS,ASO,CE,Federal Contract Tower,0,0,2,6,8,0,0,13,9,22,0,0,15,15,30,16,38,54,84
04/23/2023,HSA,MS,ASO,CE,Federal Contract Tower,0,1,2,2,5,0,0,13,0,13,0,1,15,2,18,20,0,20,38
04/24/2023,HSA,MS,ASO,CE,Federal Contract Tower,0,1,5,62,68,0,2,31,40,73,0,3,36,102,141,43,52,95,236
04/25/2023,HSA,MS,ASO,CE,Federal Contract Tower,0,0,13,53,66,0,0,39,41,80,0,0,52,94,146,78,78,156,302
04/26/2023,HSA,MS,ASO,CE,Federal Contract Tower,0,0,10,59,69,0,2,29,43,74,0,2,39,102,143,78,56,134,277
04/27/2023,HSA,MS,ASO,CE,Federal Contract Tower,0,0,0,11,11,0,1,11,12,24,0,1,11,23,35,2,18,20,55
04/28/2023,HSA,MS,ASO,CE,Federal Contract Tower,0,0,18,32,50,0,3,20,23,46,0,3,38,55,96,20,117,137,233
04/29/2023,HSA,MS,ASO,CE,Federal Contract Tower,0,0,1,3,4,0,2,6,0,8,0,2,7,3,12,54,0,54,66
04/30/2023,HSA,MS,ASO,CE,Federal Contract Tower,0,0,5,0,5,0,0,25,0,25,0,0,30,0,30,0,0,0,30
05/01/2023,HSA,MS,ASO,CE,Federal Contract Tower,0,0,8,69,77,0,1,26,39,66,0,1,34,108,143,18,30,48,191
05/02/2023,HSA,MS,ASO,CE,Federal Contract Tower,0,0,8,62,70,0,1,24,53,78,0,1,32,115,148,38,121,159,307
05/03/2023,HSA,MS,ASO,CE,Federal Contract Tower,0,0,24,61,85,0,1,25,54,80,0,1,49,115,165,84,92,176,341
05/04/2023,HSA,MS,ASO,CE,Federal Contract Tower,0,1,14,64,79,0,0,20,46,66,0,1,34,110,145,0,36,36,181
05/05/2023,HSA,MS,ASO,CE,Federal Contract Tower,0,0,9,9,18,0,0,8,4,12,0,0,17,13,30,0,0,0,30
05/06/2023,HSA,MS,ASO,CE,Federal Contract Tower,0,0,6,0,6,0,0,2,0,2,0,0,8,0,8,0,0,0,8
05/07/2023,HSA,MS,ASO,CE,Federal Contract Tower,0,0,10,0,10,0,0,30,0,30,0,0,40,0,40,10,0,10,50
05/08/2023,HSA,MS,ASO,CE,Federal Contract Tower,0,0,4,24,28,0,2,19,5,26,0,2,23,29,54,0,14,14,68
05/09/2023,HSA,MS,ASO,CE,Federal Contract Tower,0,0,6,13,19,0,1,15,5,21,0,1,21,18,40,0,20,20,60
05/10/2023,HSA,MS,ASO,CE,Federal Contract Tower,0,1,11,52,64,0,2,26,28,56,0,3,37,80,120,59,63,122,242
05/11/2023,HSA,MS,ASO,CE,Federal Contract Tower,0,0,7,26,33,0,0,10,7,17,0,0,17,33,50,1,13,14,64
05/12/2023,HSA,MS,ASO,CE,Federal Contract Tower,0,3,1,56,60,0,3,5,14,22,0,6,6,70,82,26,6,32,114
05/13/2023,HSA,MS,ASO,CE,Federal Contract Tower,0,0,4,13,17,0,2,27,8,37,0,2,31,21,54,0,0,0,54
05/14/2023,HSA,MS,ASO,CE,Federal Contract Tower,0,2,3,7,12,0,1,10,2,13,0,3,13,9,25,2,0,2,27
05/15/2023,HSA,MS,ASO,CE,Federal Contract Tower,0,0,4,47,51,0,0,22,25,47,0,0,26,72,98,4,30,34,132
05/16/2023,HSA,MS,ASO,CE,Federal Contract Tower,0,1,14,36,51,0,1,40,24,65,0,2,54,60,116,2,8,10,126
05/17/2023,HSA,MS,ASO,CE,Federal Contract Tower,0,1,9,28,38,0,2,19,11,32,0,3,28,39,70,4,10,14,84
05/18/2023,HSA,MS,ASO,CE,Federal Contract Tower,0,0,4,78,82,0,4,25,61,90,0,4,29,139,172,0,82,82,254
05/19/2023,HSA,MS,ASO,CE,Federal Contract Tower,0,1,10,44,55,0,4,18,20,42,0,5,28,64,97,10,68,78,175
05/20/2023,HSA,MS,ASO,CE,Federal Contract Tower,0,0,5,16,21,0,2,9,8,19,0,2,14,24,40,0,10,10,50
05/21/2023,HSA,MS,ASO,CE,Federal Contract Tower,0,1,6,19,26,0,5,25,12,42,0,6,31,31,68,34,2,36,104
05/22/2023,HSA,MS,ASO,CE,Federal Contract Tower,0,2,12,109,123,0,1,39,51,91,0,3,51,160,214,17,150,167,381
05/23/2023,HSA,MS,ASO,CE,Federal Contract Tower,0,0,29,61,90,0,4,27,37,68,0,4,56,98,158,12,166,178,336
05/24/2023,HSA,MS,ASO,CE,Federal Contract Tower,0,0,26,37,63,0,3,14,5,22,0,3,40,42,85,46,42,88,173
05/25/2023,HSA,MS,ASO,CE,Federal Contract Tower,0,0,18,57,75,0,0,31,30,61,0,0,49,87,136,41,21,62,198
05/26/2023,HSA,MS,ASO,CE,Federal Contract Tower,0,3,19,13,35,0,7,26,10,43,0,10,45,23,78,10,0,10,88
05/27/2023,HSA,MS,ASO,CE,Federal Contract Tower,0,3,20,2,25,0,4,5,1,10,0,7,25,3,35,10,2,12,47
05/28/2023,HSA,MS,ASO,CE,Federal Contract Tower,0,0,18,5,23,0,0,18,1,19,0,0,36,6,42,42,0,42,84
05/29/2023,HSA,MS,ASO,CE,Federal Contract Tower,0,0,3,0,3,0,12,17,0,29,0,12,20,0,32,38,0,38,70
05/30/2023,HSA,MS,ASO,CE,Federal Contract Tower,0,0,11,38,49,0,4,5,18,27,0,4,16,56,76,12,44,56,132
05/31/2023,HSA,MS,ASO,CE,Federal Contract Tower,0,0,19,80,99,0,6,33,25,64,0,6,52,105,163,44,42,86,249
06/01/2023,HSA,MS,ASO,CE,Federal Contract Tower,0,0,10,69,79,0,3,29,34,66,0,3,39,103,145,48,54,102,247
06/02/2023,HSA,MS,ASO,CE,Federal Contract Tower,0,1,19,73,93,0,5,20,36,61,0,6,39,109,154,30,50,80,234
06/03/2023,HSA,MS,ASO,CE,Federal Contract Tower,0,1,14,0,15,0,0,6,2,8,0,1,20,2,23,0,0,0,23
06/04/2023,HSA,MS,ASO,CE,Federal Contract Tower,0,1,8,3,12,0,0,23,9,32,0,1,31,12,44,44,2,46,90
06/05/2023,HSA,MS,ASO,CE,Federal Contract Tower,0,0,33,45,78,0,2,20,33,55,0,2,53,78,133,10,38,48,181
06/06/2023,HSA,MS,ASO,CE,Federal Contract Tower,0,0,12,16,28,0,0,17,16,33,0,0,29,32,61,2,26,28,89
06/07/2023,HSA,MS,ASO,CE,Federal Contract Tower,0,2,14,92,108,0,2,21,40,63,0,4,35,132,171,8,46,54,225
06/08/2023,HSA,MS,ASO,CE,Federal Contract Tower,0,0,26,29,55,0,0,21,16,37,0,0,47,45,92,30,36,66,158
06/09/2023,HSA,MS,ASO,CE,Federal Contract Tower,0,4,19,87,110,0,0,39,37,76,0,4,58,124,186,14,62,76,262
06/10/2023,HSA,MS,ASO,CE,Federal Contract Tower,0,0,21,0,21,0,0,2,0,2,0,0,23,0,23,18,0,18,41
06/11/2023,HSA,MS,ASO,CE,Federal Contract Tower,0,0,10,9,19,0,0,19,5,24,0,0,29,14,43,24,28,52,95
06/12/2023,HSA,MS,ASO,CE,Federal Contract Tower,0,1,9,53,63,0,6,14,24,44,0,7,23,77,107,0,68,68,175
06/13/2023,HSA,MS,ASO,CE,Federal Contract Tower,0,0,26,71,97,0,3,28,47,78,0,3,54,118,175,26,74,100,275
06/14/2023,HSA,MS,ASO,CE,Federal Contract Tower,0,0,20,64,84,0,3,9,37,49,0,3,29,101,133,4,52,56,189
06/15/2023,HSA,MS,ASO,CE,Federal Contract Tower,0,3,17,9,29,0,0,12,8,20,0,3,29,17,49,0,12,12,61
06/16/2023,HSA,MS,ASO,CE,Federal Contract Tower,0,3,20,28,51,0,0,28,5,33,0,3,48,33,84,26,4,30,114
06/17/2023,HSA,MS,ASO,CE,Federal Contract Tower,0,1,11,4,16,0,0,7,3,10,0,1,18,7,26,72,18,90,116
06/18/2023,HSA,MS,ASO,CE,Federal Contract Tower,0,1,4,2,7,0,0,8,4,12,0,1,12,6,19,6,8,14,33
06/19/2023,HSA,MS,ASO,CE,Federal Contract Tower,0,1,6,0,7,0,3,5,0,8,0,4,11,0,15,8,0,8,23
06/20/2023,HSA,MS,ASO,CE,Federal Contract Tower,0,0,2,17,19,0,4,8,13,25,0,4,10,30,44,6,22,28,72
06/21/2023,HSA,MS,ASO,CE,Federal Contract Tower,0,0,9,62,71,0,1,29,35,65,0,1,38,97,136,0,86,86,222
06/22/2023,HSA,MS,ASO,CE,Federal Contract Tower,0,1,23,42,66,0,0,22,20,42,0,1,45,62,108,4,8,12,120
06/23/2023,HSA,MS,ASO,CE,Federal Contract Tower,0,0,15,43,58,0,0,25,21,46,0,0,40,64,104,14,12,26,130
06/24/2023,HSA,MS,ASO,CE,Federal Contract Tower,0,4,8,10,22,0,0,11,5,16,0,4,19,15,38,30,24,54,92
06/25/2023,HSA,MS,ASO,CE,Federal Contract Tower,0,0,3,16,19,0,0,22,1,23,0,0,25,17,42,40,8,48,90
06/26/2023,HSA,MS,ASO,CE,Federal Contract Tower,0,0,15,37,52,0,8,21,22,51,0,8,36,59,103,6,34,40,143
06/27/2023,HSA,MS,ASO,CE,Federal Contract Tower,0,0,6,75,81,0,24,48,17,89,0,24,54,92,170,8,34,42,212
06/28/2023,HSA,MS,ASO,CE,Federal Contract Tower,0,7,30,53,90,0,11,33,38,82,0,18,63,91,172,54,44,98,270
06/29/2023,HSA,MS,ASO,CE,Federal Contract Tower,0,0,9,61,70,0,0,52,32,84,0,0,61,93,154,48,38,86,240
06/30/2023,HSA,MS,ASO,CE,Federal Contract Tower,0,0,11,19,30,0,0,28,13,41,0,0,39,32,71,52,24,76,147
07/01/2023,HSA,MS,ASO,CE,Federal Contract Tower,0,0,12,0,12,0,0,14,0,14,0,0,26,0,26,68,0,68,94
07/02/2023,HSA,MS,ASO,CE,Federal Contract Tower,0,0,12,0,12,0,0,9,0,9,0,0,21,0,21,2,0,2,23
07/03/2023,HSA,MS,ASO,CE,Federal Contract Tower,0,0,5,0,5,0,0,19,0,19,0,0,24,0,24,54,0,54,78
07/04/2023,HSA,MS,ASO,CE,Federal Contract Tower,0,0,8,0,8,0,0,17,0,17,0,0,25,0,25,4,0,4,29
07/05/2023,HSA,MS,ASO,CE,Federal Contract Tower,0,3,3,44,50,0,7,24,27,58,0,10,27,71,108,50,22,72,180
07/06/2023,HSA,MS,ASO,CE,Federal Contract Tower,0,4,14,44,62,0,2,35,34,71,0,6,49,78,133,50,22,72,205
07/07/2023,HSA,MS,ASO,CE,Federal Contract Tower,0,1,5,56,62,0,1,18,26,45,0,2,23,82,107,44,36,80,187
07/08/2023,HSA,MS,ASO,CE,Federal Contract Tower,0,0,6,2,8,0,0,11,0,11,0,0,17,2,19,6,0,6,25
07/09/2023,HSA,MS,ASO,CE,Federal Contract Tower,0,0,2,0,2,0,0,13,0,13,0,0,15,0,15,2,0,2,17
07/10/2023,HSA,MS,ASO,CE,Federal Contract Tower,0,0,16,10,26,0,3,26,0,29,0,3,42,10,55,14,0,14,69
07/11/2023,HSA,MS,ASO,CE,Federal Contract Tower,0,3,7,46,56,0,8,15,19,42,0,11,22,65,98,4,40,44,142
07/12/2023,HSA,MS,ASO,CE,Federal Contract Tower,0,0,20,22,42,0,5,21,14,40,0,5,41,36,82,36,14,50,132
07/13/2023,HSA,MS,ASO,CE,Federal Contract Tower,0,3,2,39,44,0,2,4,41,47,0,5,6,80,91,0,72,72,163
07/14/2023,HSA,MS,ASO,CE,Federal Contract Tower,0,3,19,49,71,0,3,23,19,45,0,6,42,68,116,36,40,76,192
07/15/2023,HSA,MS,ASO,CE,Federal Contract Tower,0,0,18,21,39,0,0,12,4,16,0,0,30,25,55,4,0,4,59
07/16/2023,HSA,MS,ASO,CE,Federal Contract Tower,0,1,9,2,12,0,3,10,12,25,0,4,19,14,37,4,0,4,41
07/17/2023,HSA,MS,ASO,CE,Federal Contract Tower,0,3,23,55,81,0,2,27,47,76,0,5,50,102,157,24,40,64,221
07/18/2023,HSA,MS,ASO,CE,Federal Contract Tower,0,2,6,79,87,0,0,30,50,80,0,2,36,129,167,44,86,130,297
07/19/2023,HSA,MS,ASO,CE,Federal Contract Tower,0,4,13,52,69,0,0,20,39,59,0,4,33,91,128,24,76,100,228
07/20/2023,HSA,MS,ASO,CE,Federal Contract Tower,0,0,20,70,90,0,0,37,43,80,0,0,57,113,170,38,90,128,298
07/21/2023,HSA,MS,ASO,CE,Federal Contract Tower,0,0,29,70,99,0,0,30,35,65,0,0,59,105,164,34,72,106,270
07/22/2023,HSA,MS,ASO,CE,Federal Contract Tower,0,2,3,0,5,0,0,12,2,14,0,2,15,2,19,26,0,26,45
07/23/2023,HSA,MS,ASO,CE,Federal Contract Tower,0,2,3,0,5,0,3,13,0,16,0,5,16,0,21,22,0,22,43
07/24/2023,HSA,MS,ASO,CE,Federal Contract Tower,0,4,11,55,70,0,1,40,41,82,0,5,51,96,152,50,70,120,272
07/25/2023,HSA,MS,ASO,CE,Federal Contract Tower,0,0,23,94,117,0,0,49,41,90,0,0,72,135,207,18,72,90,297
07/26/2023,HSA,MS,ASO,CE,Federal Contract Tower,0,4,5,56,65,0,0,31,46,77,0,4,36,102,142,28,80,108,250
07/27/2023,HSA,MS,ASO,CE,Federal Contract Tower,0,2,13,63,78,0,0,38,32,70,0,2,51,95,148,24,56,80,228
07/28/2023,HSA,MS,ASO,CE,Federal Contract Tower,0,0,1,62,63,0,0,20,26,46,0,0,21,88,109,32,30,62,171
07/29/2023,HSA,MS,ASO,CE,Federal Contract Tower,0,0,4,0,4,0,0,15,0,15,0,0,19,0,19,6,0,6,25
07/30/2023,HSA,MS,ASO,CE,Federal Contract Tower,0,0,4,11,15,0,0,16,6,22,0,0,20,17,37,12,0,12,49
07/31/2023,HSA,MS,ASO,CE,Federal Contract Tower,0,1,18,60,79,0,0,37,39,76,0,1,55,99,155,10,68,78,233
08/01/2023,HSA,MS,ASO,CE,Federal Contract Tower,0,0,19,53,72,0,0,37,45,82,0,0,56,98,154,36,46,82,236
08/02/2023,HSA,MS,ASO,CE,Federal Contract Tower,0,3,13,59,75,0,5,22,58,85,0,8,35,117,160,18,66,84,244
08/03/2023,HSA,MS,ASO,CE,Federal Contract Tower,0,4,14,67,85,0,4,29,35,68,0,8,43,102,153,14,100,114,267
08/04/2023,HSA,MS,ASO,CE,Federal Contract Tower,0,0,7,42,49,0,0,28,40,68,0,0,35,82,117,2,30,32,149
08/05/2023,HSA,MS,ASO,CE,Federal Contract Tower,0,0,7,8,15,0,0,19,2,21,0,0,26,10,36,46,0,46,82
08/06/2023,HSA,MS,ASO,CE,Federal Contract Tower,0,2,6,9,17,0,0,14,6,20,0,2,20,15,37,10,0,10,47
08/07/2023,HSA,MS,ASO,CE,Federal Contract Tower,0,3,8,60,71,0,5,17,44,66,0,8,25,104,137,8,56,64,201
08/08/2023,HSA,MS,ASO,CE,Federal Contract Tower,0,4,7,38,49,0,1,23,25,49,0,5,30,63,98,10,30,40,138
08/09/2023,HSA,MS,ASO,CE,Federal Contract Tower,0,0,9,115,124,0,6,21,43,70,0,6,30,158,194,8,72,80,274
08/10/2023,HSA,MS,ASO,CE,Federal Contract Tower,0,0,18,70,88,0,0,26,30,56,0,0,44,100,144,22,42,64,208
08/11/2023,HSA,MS,ASO,CE,Federal Contract Tower,0,1,0,58,59,0,0,13,25,38,0,1,13,83,97,10,38,48,145
08/12/2023,HSA,MS,ASO,CE,Federal Contract Tower,0,0,11,0,11,0,0,17,0,17,0,0,28,0,28,10,0,10,38
08/13/2023,HSA,MS,ASO,CE,Federal Contract Tower,0,1,16,20,37,0,0,41,4,45,0,1,57,24,82,81,0,81,163
08/14/2023,HSA,MS,ASO,CE,Federal Contract Tower,0,0,28,84,112,0,6,23,30,59,0,6,51,114,171,20,12,32,203
08/15/2023,HSA,MS,ASO,CE,Federal Contract Tower,0,0,9,42,51,0,2,10,13,25,0,2,19,55,76,6,32,38,114
08/16/2023,HSA,MS,ASO,CE,Federal Contract Tower,0,1,27,70,98,0,1,30,40,71,0,2,57,110,169,52,18,70,239
08/17/2023,HSA,MS,ASO,CE,Federal Contract Tower,0,0,12,59,71,0,0,31,39,70,0,0,43,98,141,8,52,60,201
08/18/2023,HSA,MS,ASO,CE,Federal Contract Tower,0,0,14,48,62,0,0,16,22,38,0,0,30,70,100,12,42,54,154
08/19/2023,HSA,MS,ASO,CE,Federal Contract Tower,0,1,9,17,27,0,0,21,10,31,0,1,30,27,58,10,60,70,128
08/20/2023,HSA,MS,ASO,CE,Federal Contract Tower,0,3,4,10,17,0,4,9,2,15,0,7,13,12,32,10,6,16,48
08/21/2023,HSA,MS,ASO,CE,Federal Contract Tower,0,4,13,35,52,0,0,11,31,42,0,4,24,66,94,0,32,32,126
08/22/2023,HSA,MS,ASO,CE,Federal Contract Tower,0,0,14,68,82,0,5,30,34,69,0,5,44,102,151,8,84,92,243
08/23/2023,HSA,MS,ASO,CE,Federal Contract Tower,0,2,9,65,76,0,8,42,35,85,0,10,51,100,161,6,20,26,187
08/24/2023,HSA,MS,ASO,CE,Federal Contract Tower,0,1,10,58,69,0,0,11,34,45,0,1,21,92,114,0,60,60,174
08/25/2023,HSA,MS,ASO,CE,Federal Contract Tower,0,1,14,61,76,0,0,26,26,52,0,1,40,87,128,20,40,60,188
08/26/2023,HSA,MS,ASO,CE,Federal Contract Tower,0,6,5,0,11,0,0,16,2,18,0,6,21,2,29,8,6,14,43
08/27/2023,HSA,MS,ASO,CE,Federal Contract Tower,0,1,4,10,15,0,2,16,5,23,0,3,20,15,38,9,0,9,47
08/28/2023,HSA,MS,ASO,CE,Federal Contract Tower,0,5,2,10,17,0,2,10,2,14,0,7,12,12,31,14,0,14,45
08/29/2023,HSA,MS,ASO,CE,Federal Contract Tower,0,5,6,13,24,0,1,19,9,29,0,6,25,22,53,6,36,42,95
08/30/2023,HSA,MS,ASO,CE,Federal Contract Tower,0,0,24,39,63,0,0,31,46,77,0,0,55,85,140,20,72,92,232
08/31/2023,HSA,MS,ASO,CE,Federal Contract Tower,0,2,17,33,52,0,0,13,13,26,0,2,30,46,78,28,16,44,122
01/01/2020,HSA,MS,ASO,CE,Federal Contract Tower,0,0,4,0,4,0,0,22,0,22,0,0,26,0,26,12,0,12,38
01/02/2020,HSA,MS,ASO,CE,Federal Contract Tower,0,0,4,9,13,0,0,7,0,7,0,0,11,9,20,0,0,0,20
01/03/2020,HSA,MS,ASO,CE,Federal Contract Tower,0,0,2,0,2,0,0,2,0,2,0,0,4,0,4,0,0,0,4
01/04/2020,HSA,MS,ASO,CE,Federal Contract Tower,0,0,1,3,4,0,0,51,5,56,0,0,52,8,60,8,0,8,68
01/05/2020,HSA,MS,ASO,CE,Federal Contract Tower,0,0,0,0,0,0,0,23,0,23,0,0,23,0,23,4,0,4,27
01/06/2020,HSA,MS,ASO,CE,Federal Contract Tower,0,0,4,23,27,0,0,24,14,38,0,0,28,37,65,34,18,52,117
01/07/2020,HSA,MS,ASO,CE,Federal Contract Tower,0,2,2,47,51,0,0,22,45,67,0,2,24,92,118,6,92,98,216
01/08/2020,HSA,MS,ASO,CE,Federal Contract Tower,0,0,0,32,32,0,0,10,20,30,0,0,10,52,62,16,4,20,82
01/09/2020,HSA,MS,ASO,CE,Federal Contract Tower,0,0,4,42,46,0,0,9,30,39,0,0,13,72,85,6,50,56,141
01/10/2020,HSA,MS,ASO,CE,Federal Contract Tower,0,0,3,7,10,0,0,0,0,0,0,0,3,7,10,0,0,0,10
01/11/2020,HSA,MS,ASO,CE,Federal Contract Tower,0,1,3,2,6,0,0,0,2,2,0,1,3,4,8,0,0,0,8
01/12/2020,HSA,MS,ASO,CE,Federal Contract Tower,0,0,6,6,12,0,0,18,2,20,0,0,24,8,32,20,4,24,56
01/13/2020,HSA,MS,ASO,CE,Federal Contract Tower,0,1,1,2,4,0,0,0,0,0,0,1,1,2,4,0,0,0,4
01/14/2020,HSA,MS,ASO,CE,Federal Contract Tower,0,1,5,2,8,0,0,9,2,11,0,1,14,4,19,6,0,6,25
01/15/2020,HSA,MS,ASO,CE,Federal Contract Tower,0,0,7,23,30,0,0,10,2,12,0,0,17,25,42,0,16,16,58
01/16/2020,HSA,MS,ASO,CE,Federal Contract Tower,1,0,4,31,36,0,0,0,5,5,1,0,4,36,41,0,2,2,43
01/17/2020,HSA,MS,ASO,CE,Federal Contract Tower,0,0,4,48,52,0,0,13,15,28,0,0,17,63,80,14,30,44,124
01/18/2020,HSA,MS,ASO,CE,Federal Contract Tower,0,0,4,2,6,0,0,8,0,8,0,0,12,2,14,0,0,0,14
01/19/2020,HSA,MS,ASO,CE,Federal Contract Tower,0,2,3,1,6,0,0,2,5,7,0,2,5,6,13,8,6,14,27
01/20/2020,HSA,MS,ASO,CE,Federal Contract Tower,0,0,2,0,2,0,0,10,0,10,0,0,12,0,12,12,0,12,24
01/21/2020,HSA,MS,ASO,CE,Federal Contract Tower,0,0,4,28,32,0,0,15,33,48,0,0,19,61,80,14,52,66,146
01/22/2020,HSA,MS,ASO,CE,Federal Contract Tower,0,0,1,37,38,0,0,6,20,26,0,0,7,57,64,2,76,78,142
01/23/2020,HSA,MS,ASO,CE,Federal Contract Tower,0,0,1,13,14,0,0,0,3,3,0,0,1,16,17,0,16,16,33
01/24/2020,HSA,MS,ASO,CE,Federal Contract Tower,0,0,14,61,75,0,0,17,44,61,0,0,31,105,136,20,118,138,274
01/25/2020,HSA,MS,ASO,CE,Federal Contract Tower,0,0,3,0,3,0,0,17,2,19,0,0,20,2,22,44,8,52,74
01/26/2020,HSA,MS,ASO,CE,Federal Contract Tower,0,2,0,2,4,0,0,0,0,0,0,2,0,2,4,0,0,0,4
01/27/2020,HSA,MS,ASO,CE,Federal Contract Tower,0,0,4,23,27,0,0,0,3,3,0,0,4,26,30,0,18,18,48
01/28/2020,HSA,MS,ASO,CE,Federal Contract Tower,0,0,5,43,48,0,0,33,42,75,0,0,38,85,123,4,16,20,143
01/29/2020,HSA,MS,ASO,CE,Federal Contract Tower,0,0,31,0,31,0,0,0,0,0,0,0,31,0,31,0,26,26,57
01/30/2020,HSA,MS,ASO,CE,Federal Contract Tower,0,0,6,22,28,0,0,19,38,57,0,0,25,60,85,16,42,58,143
01/31/2020,HSA,MS,ASO,CE,Federal Contract Tower,0,0,5,39,44,0,0,0,17,17,0,0,5,56,61,0,66,66,127
02/01/2020,HSA,MS,ASO,CE,Federal Contract Tower,0,0,5,4,9,0,0,18,8,26,0,0,23,12,35,2,16,18,53
02/02/2020,HSA,MS,ASO,CE,Federal Contract Tower,0,0,3,2,5,0,0,22,4,26,0,0,25,6,31,0,16,16,47
02/03/2020,HSA,MS,ASO,CE,Federal Contract Tower,0,0,5,45,50,0,0,7,13,20,0,0,12,58,70,10,104,114,184
02/04/2020,HSA,MS,ASO,CE,Federal Contract Tower,0,0,5,30,35,0,0,9,13,22,0,0,14,43,57,4,44,48,105
02/05/2020,HSA,MS,ASO,CE,Federal Contract Tower,0,5,1,2,8,0,0,0,0,0,0,5,1,2,8,0,0,0,8
02/06/2020,HSA,MS,ASO,CE,Federal Contract Tower,0,0,1,6,7,0,0,0,2,2,0,0,1,8,9,0,32,32,41
02/07/2020,HSA,MS,ASO,CE,Federal Contract Tower,0,0,11,44,55,0,0,30,30,60,0,0,41,74,115,14,54,68,183
02/08/2020,HSA,MS,ASO,CE,Federal Contract Tower,0,0,9,7,16,0,0,24,9,33,0,0,33,16,49,77,10,87,136
02/09/2020,HSA,MS,ASO,CE,Federal Contract Tower,0,2,2,18,22,0,0,11,2,13,0,2,13,20,35,2,20,22,57
02/10/2020,HSA,MS,ASO,CE,Federal Contract Tower,0,2,4,14,20,0,0,0,0,0,0,2,4,14,20,0,0,0,20
02/11/2020,HSA,MS,ASO,CE,Federal Contract Tower,0,0,10,24,34,0,0,3,3,6,0,0,13,27,40,6,10,16,56
02/12/2020,HSA,MS,ASO,CE,Federal Contract Tower,0,0,2,1,3,0,0,2,0,2,0,0,4,1,5,0,0,0,5
02/13/2020,HSA,MS,ASO,CE,Federal Contract Tower,0,0,7,31,38,0,0,10,12,22,0,0,17,43,60,6,62,68,128
02/14/2020,HSA,MS,ASO,CE,Federal Contract Tower,0,0,10,36,46,0,0,30,34,64,0,0,40,70,110,40,92,132,242
02/15/2020,HSA,MS,ASO,CE,Federal Contract Tower,0,0,6,2,8,0,0,22,6,28,0,0,28,8,36,34,0,34,70
02/16/2020,HSA,MS,ASO,CE,Federal Contract Tower,0,0,0,0,0,0,0,0,0,0,0,0,0,0,0,0,0,0,0
02/17/2020,HSA,MS,ASO,CE,Federal Contract Tower,0,0,5,4,9,0,0,0,0,0,0,0,5,4,9,0,0,0,9
02/18/2020,HSA,MS,ASO,CE,Federal Contract Tower,0,0,0,6,6,0,0,0,0,0,0,0,0,6,6,6,0,6,12
02/19/2020,HSA,MS,ASO,CE,Federal Contract Tower,0,0,7,43,50,0,0,0,11,11,0,0,7,54,61,0,24,24,85
02/20/2020,HSA,MS,ASO,CE,Federal Contract Tower,0,0,0,12,12,0,0,0,4,4,0,0,0,16,16,0,2,2,18
02/21/2020,HSA,MS,ASO,CE,Federal Contract Tower,0,1,4,38,43,0,0,26,37,63,0,1,30,75,106,26,55,81,187
02/22/2020,HSA,MS,ASO,CE,Federal Contract Tower,0,0,3,2,5,0,0,39,7,46,0,0,42,9,51,13,6,19,70
02/23/2020,HSA,MS,ASO,CE,Federal Contract Tower,0,0,3,2,5,0,0,11,3,14,0,0,14,5,19,4,6,10,29
02/24/2020,HSA,MS,ASO,CE,Federal Contract Tower,0,0,7,28,35,0,0,10,9,19,0,0,17,37,54,18,48,66,120
02/25/2020,HSA,MS,ASO,CE,Federal Contract Tower,0,0,9,34,43,0,0,25,32,57,0,0,34,66,100,28,38,66,166
02/26/2020,HSA,MS,ASO,CE,Federal Contract Tower,0,1,3,22,26,0,0,1,19,20,0,1,4,41,46,40,0,40,86
02/27/2020,HSA,MS,ASO,CE,Federal Contract Tower,0,1,3,10,14,0,0,20,21,41,0,1,23,31,55,22,24,46,101
02/28/2020,HSA,MS,ASO,CE,Federal Contract Tower,0,0,12,40,52,0,0,23,18,41,0,0,35,58,93,18,17,35,128
02/29/2020,HSA,MS,ASO,CE,Federal Contract Tower,0,2,3,14,19,0,0,42,4,46,0,2,45,18,65,12,6,18,83
03/01/2020,HSA,MS,ASO,CE,Federal Contract Tower,0,0,6,2,8,0,0,13,0,13,0,0,19,2,21,16,2,18,39
03/02/2020,HSA,MS,ASO,CE,Federal Contract Tower,0,0,3,31,34,0,0,6,10,16,0,0,9,41,50,2,60,62,112
03/03/2020,HSA,MS,ASO,CE,Federal Contract Tower,0,0,6,23,29,0,0,5,9,14,0,0,11,32,43,0,20,20,63
03/04/2020,HSA,MS,ASO,CE,Federal Contract Tower,0,0,0,2,2,0,0,0,0,0,0,0,0,2,2,0,0,0,2
03/05/2020,HSA,MS,ASO,CE,Federal Contract Tower,0,0,8,17,25,0,0,7,17,24,0,0,15,34,49,24,18,42,91
03/06/2020,HSA,MS,ASO,CE,Federal Contract Tower,0,0,7,32,39,0,0,25,24,49,0,0,32,56,88,30,44,74,162
03/07/2020,HSA,MS,ASO,CE,Federal Contract Tower,0,0,6,13,19,0,0,26,0,26,0,0,32,13,45,14,26,40,85
03/08/2020,HSA,MS,ASO,CE,Federal Contract Tower,0,0,2,13,15,0,0,14,5,19,0,0,16,18,34,4,0,4,38
03/09/2020,HSA,MS,ASO,CE,Federal Contract Tower,0,0,4,33,37,0,0,16,40,56,0,0,20,73,93,16,82,98,191
03/10/2020,HSA,MS,ASO,CE,Federal Contract Tower,0,0,3,43,46,0,0,1,21,22,0,0,4,64,68,0,56,56,124
03/11/2020,HSA,MS,ASO,CE,Federal Contract Tower,0,1,0,53,54,0,0,7,13,20,0,1,7,66,74,38,2,40,114
03/12/2020,HSA,MS,ASO,CE,Federal Contract Tower,0,0,7,38,45,0,0,3,10,13,0,0,10,48,58,0,4,4,62
03/13/2020,HSA,MS,ASO,CE,Federal Contract Tower,0,0,3,22,25,0,0,17,13,30,0,0,20,35,55,28,12,40,95
03/14/2020,HSA,MS,ASO,CE,Federal Contract Tower,0,0,6,4,10,0,0,2,0,2,0,0,8,4,12,0,0,0,12
03/15/2020,HSA,MS,ASO,CE,Federal Contract Tower,0,0,0,7,7,0,0,6,1,7,0,0,6,8,14,6,6,12,26
03/16/2020,HSA,MS,ASO,CE,Federal Contract Tower,0,2,3,18,23,0,0,21,11,32,0,2,24,29,55,22,84,106,161
03/17/2020,HSA,MS,ASO,CE,Federal Contract Tower,0,0,2,38,40,0,0,2,2,4,0,0,4,40,44,26,4,30,74
03/18/2020,HSA,MS,ASO,CE,Federal Contract Tower,0,0,1,42,43,0,0,7,9,16,0,0,8,51,59,8,8,16,75
03/19/2020,HSA,MS,ASO,CE,Federal Contract Tower,0,0,3,31,34,0,0,6,7,13,0,0,9,38,47,0,24,24,71
03/20/2020,HSA,MS,ASO,CE,Federal Contract Tower,0,0,2,29,31,0,0,2,19,21,0,0,4,48,52,10,0,10,62
03/21/2020,HSA,MS,ASO,CE,Federal Contract Tower,0,1,6,1,8,0,0,3,0,3,0,1,9,1,11,2,0,2,13
03/22/2020,HSA,MS,ASO,CE,Federal Contract Tower,0,3,2,5,10,0,0,6,1,7,0,3,8,6,17,0,0,0,17
03/24/2020,HSA,MS,ASO,CE,Federal Contract Tower,0,0,18,15,33,0,0,9,23,32,0,0,27,38,65,6,24,30,95
03/25/2020,HSA,MS,ASO,CE,Federal Contract Tower,0,0,8,20,28,0,0,10,8,18,0,0,18,28,46,20,26,46,92
03/26/2020,HSA,MS,ASO,CE,Federal Contract Tower,0,0,2,16,18,0,0,7,7,14,0,0,9,23,32,2,24,26,58
03/27/2020,HSA,MS,ASO,CE,Federal Contract Tower,0,0,5,54,59,0,0,15,27,42,0,0,20,81,101,0,58,58,159
03/28/2020,HSA,MS,ASO,CE,Federal Contract Tower,0,0,2,7,9,0,0,2,9,11,0,0,4,16,20,0,22,22,42
03/29/2020,HSA,MS,ASO,CE,Federal Contract Tower,0,0,1,1,2,0,0,12,3,15,0,0,13,4,17,14,10,24,41
03/30/2020,HSA,MS,ASO,CE,Federal Contract Tower,0,0,0,32,32,0,0,17,18,35,0,0,17,50,67,14,30,44,111
03/31/2020,HSA,MS,ASO,CE,Federal Contract Tower,0,0,3,12,15,0,0,4,16,20,0,0,7,28,35,8,10,18,53
04/01/2020,HSA,MS,ASO,CE,Federal Contract Tower,0,0,2,15,17,0,0,17,12,29,0,0,19,27,46,28,12,40,86
04/02/2020,HSA,MS,ASO,CE,Federal Contract Tower,0,0,2,17,19,0,0,15,16,31,0,0,17,33,50,24,12,36,86
04/03/2020,HSA,MS,ASO,CE,Federal Contract Tower,0,0,4,19,23,0,0,28,8,36,0,0,32,27,59,36,28,64,123
04/04/2020,HSA,MS,ASO,CE,Federal Contract Tower,0,0,0,2,2,0,0,15,0,15,0,0,15,2,17,20,0,20,37
04/05/2020,HSA,MS,ASO,CE,Federal Contract Tower,0,0,4,0,4,0,0,4,3,7,0,0,8,3,11,22,6,28,39
04/06/2020,HSA,MS,ASO,CE,Federal Contract Tower,0,0,2,12,14,0,0,14,14,28,0,0,16,26,42,16,18,34,76
04/07/2020,HSA,MS,ASO,CE,Federal Contract Tower,0,0,3,18,21,0,0,0,0,0,0,0,3,18,21,34,0,34,55
04/08/2020,HSA,MS,ASO,CE,Federal Contract Tower,0,0,2,23,25,0,0,7,5,12,0,0,9,28,37,2,6,8,45
04/09/2020,HSA,MS,ASO,CE,Federal Contract Tower,0,0,0,18,18,0,0,3,16,19,0,0,3,34,37,0,78,78,115
04/10/2020,HSA,MS,ASO,CE,Federal Contract Tower,0,0,1,1,2,0,0,18,1,19,0,0,19,2,21,24,0,24,45
04/11/2020,HSA,MS,ASO,CE,Federal Contract Tower,0,1,3,0,4,0,0,3,0,3,0,1,6,0,7,4,0,4,11
04/12/2020,HSA,MS,ASO,CE,Federal Contract Tower,0,1,0,0,1,0,0,0,0,0,0,1,0,0,1,0,0,0,1
04/13/2020,HSA,MS,ASO,CE,Federal Contract Tower,0,0,1,14,15,0,0,22,11,33,0,0,23,25,48,42,18,60,108
04/14/2020,HSA,MS,ASO,CE,Federal Contract Tower,0,0,3,10,13,0,0,14,9,23,0,0,17,19,36,14,0,14,50
04/15/2020,HSA,MS,ASO,CE,Federal Contract Tower,0,0,1,17,18,0,0,15,13,28,0,0,16,30,46,26,2,28,74
04/16/2020,HSA,MS,ASO,CE,Federal Contract Tower,0,0,0,20,20,0,0,28,14,42,0,0,28,34,62,28,2,30,92
04/17/2020,HSA,MS,ASO,CE,Federal Contract Tower,0,0,3,17,20,0,0,17,10,27,0,0,20,27,47,26,0,26,73
04/18/2020,HSA,MS,ASO,CE,Federal Contract Tower,0,0,0,2,2,0,0,2,0,2,0,0,2,2,4,4,0,4,8
04/20/2020,HSA,MS,ASO,CE,Federal Contract Tower,0,0,1,16,17,0,0,15,19,34,0,0,16,35,51,8,28,36,87
04/21/2020,HSA,MS,ASO,CE,Federal Contract Tower,0,0,3,18,21,0,0,40,13,53,0,0,43,31,74,32,48,80,154
04/22/2020,HSA,MS,ASO,CE,Federal Contract Tower,0,0,0,20,20,0,0,24,19,43,0,0,24,39,63,2,8,10,73
04/23/2020,HSA,MS,ASO,CE,Federal Contract Tower,0,0,0,0,0,0,0,2,11,13,0,0,2,11,13,0,26,26,39
04/24/2020,HSA,MS,ASO,CE,Federal Contract Tower,0,0,0,35,35,0,0,43,39,82,0,0,43,74,117,58,17,75,192
04/25/2020,HSA,MS,ASO,CE,Federal Contract Tower,0,0,4,4,8,0,0,5,0,5,0,0,9,4,13,0,0,0,13
04/26/2020,HSA,MS,ASO,CE,Federal Contract Tower,0,0,5,2,7,0,0,13,0,13,0,0,18,2,20,10,0,10,30
04/27/2020,HSA,MS,ASO,CE,Federal Contract Tower,0,0,1,63,64,0,0,23,18,41,0,0,24,81,105,28,14,42,147
04/28/2020,HSA,MS,ASO,CE,Federal Contract Tower,0,0,4,21,25,0,0,28,20,48,0,0,32,41,73,36,10,46,119
04/29/2020,HSA,MS,ASO,CE,Federal Contract Tower,0,0,0,18,18,0,0,4,6,10,0,0,4,24,28,0,12,12,40
04/30/2020,HSA,MS,ASO,CE,Federal Contract Tower,0,2,2,15,19,0,0,18,12,30,0,2,20,27,49,40,30,70,119
05/01/2020,HSA,MS,ASO,CE,Federal Contract Tower,0,0,7,25,32,0,0,47,24,71,0,0,54,49,103,36,62,98,201
05/02/2020,HSA,MS,ASO,CE,Federal Contract Tower,0,0,8,0,8,0,0,25,7,32,0,0,33,7,40,32,0,32,72
05/03/2020,HSA,MS,ASO,CE,Federal Contract Tower,0,0,2,0,2,0,0,16,3,19,0,0,18,3,21,0,16,16,37
05/04/2020,HSA,MS,ASO,CE,Federal Contract Tower,0,0,1,20,21,0,0,15,8,23,0,0,16,28,44,20,26,46,90
05/05/2020,HSA,MS,ASO,CE,Federal Contract Tower,0,0,0,22,22,0,0,43,16,59,0,0,43,38,81,30,12,42,123
05/06/2020,HSA,MS,ASO,CE,Federal Contract Tower,0,0,1,11,12,0,0,29,12,41,0,0,30,23,53,22,8,30,83
05/07/2020,HSA,MS,ASO,CE,Federal Contract Tower,0,0,2,23,25,0,0,25,14,39,0,0,27,37,64,4,32,36,100
05/08/2020,HSA,MS,ASO,CE,Federal Contract Tower,0,0,2,9,11,0,0,14,0,14,0,0,16,9,25,10,4,14,39
05/09/2020,HSA,MS,ASO,CE,Federal Contract Tower,0,1,2,16,19,0,0,13,1,14,0,1,15,17,33,0,0,0,33
05/10/2020,HSA,MS,ASO,CE,Federal Contract Tower,0,3,1,1,5,0,0,14,2,16,0,3,15,3,21,12,0,12,33
05/11/2020,HSA,MS,ASO,CE,Federal Contract Tower,0,1,1,24,26,0,0,23,27,50,0,1,24,51,76,16,18,34,110
05/12/2020,HSA,MS,ASO,CE,Federal Contract Tower,0,5,8,31,44,0,0,31,17,48,0,5,39,48,92,14,43,57,149
05/13/2020,HSA,MS,ASO,CE,Federal Contract Tower,0,0,4,32,36,0,0,31,15,46,0,0,35,47,82,32,62,94,176
05/14/2020,HSA,MS,ASO,CE,Federal Contract Tower,0,0,5,12,17,0,0,1,10,11,0,0,6,22,28,0,0,0,28
05/15/2020,HSA,MS,ASO,CE,Federal Contract Tower,0,0,3,26,29,0,0,0,1,1,0,0,3,27,30,0,1,1,31
05/16/2020,HSA,MS,ASO,CE,Federal Contract Tower,0,0,2,0,2,0,0,5,3,8,0,0,7,3,10,4,0,4,14
05/17/2020,HSA,MS,ASO,CE,Federal Contract Tower,0,0,0,1,1,0,0,8,0,8,0,0,8,1,9,30,0,30,39
05/18/2020,HSA,MS,ASO,CE,Federal Contract Tower,0,0,0,21,21,0,0,15,23,38,0,0,15,44,59,14,48,62,121
05/19/2020,HSA,MS,ASO,CE,Federal Contract Tower,0,0,6,14,20,0,0,34,23,57,0,0,40,37,77,64,0,64,141
05/20/2020,HSA,MS,ASO,CE,Federal Contract Tower,0,0,2,0,2,0,0,1,2,3,0,0,3,2,5,2,0,2,7
05/21/2020,HSA,MS,ASO,CE,Federal Contract Tower,0,0,2,55,57,0,0,22,14,36,0,0,24,69,93,32,48,80,173
05/22/2020,HSA,MS,ASO,CE,Federal Contract Tower,0,5,2,0,7,0,0,25,0,25,0,5,27,0,32,2,0,2,34
05/23/2020,HSA,MS,ASO,CE,Federal Contract Tower,0,0,1,0,1,0,0,21,0,21,0,0,22,0,22,12,0,12,34
05/24/2020,HSA,MS,ASO,CE,Federal Contract Tower,0,0,1,0,1,0,0,10,0,10,0,0,11,0,11,22,0,22,33
05/25/2020,HSA,MS,ASO,CE,Federal Contract Tower,0,0,7,0,7,0,0,13,0,13,0,0,20,0,20,8,0,8,28
05/26/2020,HSA,MS,ASO,CE,Federal Contract Tower,0,0,3,0,3,0,0,2,1,3,0,0,5,1,6,4,0,4,10
05/28/2020,HSA,MS,ASO,CE,Federal Contract Tower,0,4,8,29,41,0,0,42,26,68,0,4,50,55,109,38,44,82,191
05/29/2020,HSA,MS,ASO,CE,Federal Contract Tower,0,0,7,33,40,0,0,25,31,56,0,0,32,64,96,28,4,32,128
05/30/2020,HSA,MS,ASO,CE,Federal Contract Tower,0,0,0,2,2,0,0,26,0,26,0,0,26,2,28,32,0,32,60
05/31/2020,HSA,MS,ASO,CE,Federal Contract Tower,0,0,7,1,8,0,0,13,1,14,0,0,20,2,22,4,6,10,32
06/01/2020,HSA,MS,ASO,CE,Federal Contract Tower,0,0,4,62,66,0,0,40,63,103,0,0,44,125,169,42,38,80,249
06/02/2020,HSA,MS,ASO,CE,Federal Contract Tower,0,0,4,48,52,0,0,18,19,37,0,0,22,67,89,0,28,28,117
06/03/2020,HSA,MS,ASO,CE,Federal Contract Tower,0,0,3,10,13,0,0,13,1,14,0,0,16,11,27,28,10,38,65
06/04/2020,HSA,MS,ASO,CE,Federal Contract Tower,0,5,1,29,35,0,0,26,20,46,0,5,27,49,81,32,8,40,121
06/05/2020,HSA,MS,ASO,CE,Federal Contract Tower,0,0,3,14,17,0,0,28,12,40,0,0,31,26,57,48,8,56,113
06/06/2020,HSA,MS,ASO,CE,Federal Contract Tower,0,0,1,0,1,0,0,4,0,4,0,0,5,0,5,6,0,6,11
06/07/2020,HSA,MS,ASO,CE,Federal Contract Tower,0,0,0,0,0,0,0,0,0,0,0,0,0,0,0,0,0,0,0
06/08/2020,HSA,MS,ASO,CE,Federal Contract Tower,0,0,0,1,1,0,0,0,1,1,0,0,0,2,2,0,0,0,2
06/09/2020,HSA,MS,ASO,CE,Federal Contract Tower,0,0,2,21,23,0,0,3,17,20,0,0,5,38,43,0,32,32,75
06/10/2020,HSA,MS,ASO,CE,Federal Contract Tower,0,0,0,49,49,0,0,14,29,43,0,0,14,78,92,26,48,74,166
06/11/2020,HSA,MS,ASO,CE,Federal Contract Tower,0,0,3,46,49,0,0,24,35,59,0,0,27,81,108,32,38,70,178
06/12/2020,HSA,MS,ASO,CE,Federal Contract Tower,0,0,3,27,30,0,0,17,55,72,0,0,20,82,102,18,18,36,138
06/13/2020,HSA,MS,ASO,CE,Federal Contract Tower,0,0,1,7,8,0,0,24,7,31,0,0,25,14,39,10,18,28,67
06/14/2020,HSA,MS,ASO,CE,Federal Contract Tower,0,2,3,0,5,0,0,14,2,16,0,2,17,2,21,22,0,22,43
06/15/2020,HSA,MS,ASO,CE,Federal Contract Tower,0,0,9,44,53,0,0,31,42,73,0,0,40,86,126,26,58,84,210
06/16/2020,HSA,MS,ASO,CE,Federal Contract Tower,0,0,6,36,42,0,0,36,40,76,0,0,42,76,118,34,28,62,180
06/17/2020,HSA,MS,ASO,CE,Federal Contract Tower,0,0,1,42,43,0,0,30,38,68,0,0,31,80,111,46,31,77,188
06/18/2020,HSA,MS,ASO,CE,Federal Contract Tower,0,0,5,55,60,0,0,18,22,40,0,0,23,77,100,0,42,42,142
06/19/2020,HSA,MS,ASO,CE,Federal Contract Tower,0,1,2,58,61,0,0,21,75,96,0,1,23,133,157,6,76,82,239
06/20/2020,HSA,MS,ASO,CE,Federal Contract Tower,0,0,0,0,0,0,0,8,0,8,0,0,8,0,8,8,0,8,16
06/21/2020,HSA,MS,ASO,CE,Federal Contract Tower,0,4,0,1,5,0,0,11,10,21,0,4,11,11,26,18,0,18,44
06/22/2020,HSA,MS,ASO,CE,Federal Contract Tower,0,2,2,9,13,0,0,7,2,9,0,2,9,11,22,0,0,0,22
06/23/2020,HSA,MS,ASO,CE,Federal Contract Tower,0,0,0,31,31,0,0,23,18,41,0,0,23,49,72,8,10,18,90
06/24/2020,HSA,MS,ASO,CE,Federal Contract Tower,0,0,4,5,9,0,0,1,2,3,0,0,5,7,12,0,0,0,12
06/25/2020,HSA,MS,ASO,CE,Federal Contract Tower,0,0,6,28,34,0,0,6,2,8,0,0,12,30,42,6,6,12,54
06/26/2020,HSA,MS,ASO,CE,Federal Contract Tower,0,0,5,44,49,0,0,8,21,29,0,0,13,65,78,12,12,24,102
06/27/2020,HSA,MS,ASO,CE,Federal Contract Tower,0,0,3,0,3,0,0,8,1,9,0,0,11,1,12,10,0,10,22
06/28/2020,HSA,MS,ASO,CE,Federal Contract Tower,0,0,1,4,5,0,0,13,0,13,0,0,14,4,18,16,0,16,34
06/29/2020,HSA,MS,ASO,CE,Federal Contract Tower,0,0,0,31,31,0,0,20,17,37,0,0,20,48,68,4,12,16,84
06/30/2020,HSA,MS,ASO,CE,Federal Contract Tower,0,0,3,37,40,0,0,23,21,44,0,0,26,58,84,24,52,76,160
07/01/2020,HSA,MS,ASO,CE,Federal Contract Tower,0,0,2,13,15,0,0,17,10,27,0,0,19,23,42,6,6,12,54
07/02/2020,HSA,MS,ASO,CE,Federal Contract Tower,0,2,9,10,21,0,0,4,1,5,0,2,13,11,26,8,0,8,34
07/03/2020,HSA,MS,ASO,CE,Federal Contract Tower,0,0,8,2,10,0,0,23,0,23,0,0,31,2,33,20,0,20,53
07/04/2020,HSA,MS,ASO,CE,Federal Contract Tower,0,0,2,0,2,0,0,13,0,13,0,0,15,0,15,36,0,36,51
07/05/2020,HSA,MS,ASO,CE,Federal Contract Tower,0,0,2,0,2,0,0,5,0,5,0,0,7,0,7,0,0,0,7
07/06/2020,HSA,MS,ASO,CE,Federal Contract Tower,0,0,4,3,7,0,0,10,1,11,0,0,14,4,18,6,0,6,24
07/07/2020,HSA,MS,ASO,CE,Federal Contract Tower,0,0,1,5,6,0,0,13,11,24,0,0,14,16,30,10,0,10,40
07/08/2020,HSA,MS,ASO,CE,Federal Contract Tower,0,4,8,16,28,0,0,12,23,35,0,4,20,39,63,4,41,45,108
07/09/2020,HSA,MS,ASO,CE,Federal Contract Tower,0,0,2,52,54,0,0,31,28,59,0,0,33,80,113,14,46,60,173
07/10/2020,HSA,MS,ASO,CE,Federal Contract Tower,0,0,7,33,40,0,0,37,43,80,0,0,44,76,120,44,52,96,216
07/11/2020,HSA,MS,ASO,CE,Federal Contract Tower,0,1,2,10,13,0,0,25,7,32,0,1,27,17,45,60,0,60,105
07/12/2020,HSA,MS,ASO,CE,Federal Contract Tower,0,1,2,1,4,0,0,32,2,34,0,1,34,3,38,18,0,18,56
07/13/2020,HSA,MS,ASO,CE,Federal Contract Tower,0,0,8,9,17,0,0,36,26,62,0,0,44,35,79,46,12,58,137
07/14/2020,HSA,MS,ASO,CE,Federal Contract Tower,0,0,2,35,37,0,0,27,22,49,0,0,29,57,86,8,24,32,118
07/15/2020,HSA,MS,ASO,CE,Federal Contract Tower,0,2,4,6,12,0,0,13,4,17,0,2,17,10,29,10,28,38,67
07/16/2020,HSA,MS,ASO,CE,Federal Contract Tower,0,0,8,34,42,0,0,16,16,32,0,0,24,50,74,0,16,16,90
07/17/2020,HSA,MS,ASO,CE,Federal Contract Tower,0,0,1,45,46,0,0,40,41,81,0,0,41,86,127,28,46,74,201
07/18/2020,HSA,MS,ASO,CE,Federal Contract Tower,0,0,1,7,8,0,0,17,1,18,0,0,18,8,26,37,4,41,67
07/19/2020,HSA,MS,ASO,CE,Federal Contract Tower,0,0,0,0,0,0,0,17,0,17,0,0,17,0,17,32,0,32,49
07/20/2020,HSA,MS,ASO,CE,Federal Contract Tower,0,0,3,41,44,0,0,27,56,83,0,0,30,97,127,4,56,60,187
07/21/2020,HSA,MS,ASO,CE,Federal Contract Tower,0,0,3,20,23,0,0,19,51,70,0,0,22,71,93,26,24,50,143
07/22/2020,HSA,MS,ASO,CE,Federal Contract Tower,0,0,3,34,37,0,0,14,23,37,0,0,17,57,74,0,24,24,98
07/23/2020,HSA,MS,ASO,CE,Federal Contract Tower,0,0,3,14,17,0,0,4,6,10,0,0,7,20,27,24,0,24,51
07/24/2020,HSA,MS,ASO,CE,Federal Contract Tower,0,0,6,1,7,0,0,0,0,0,0,0,6,1,7,0,0,0,7
07/25/2020,HSA,MS,ASO,CE,Federal Contract Tower,0,2,4,0,6,0,0,0,0,0,0,2,4,0,6,0,0,0,6
07/26/2020,HSA,MS,ASO,CE,Federal Contract Tower,0,0,4,0,4,0,0,0,0,0,0,0,4,0,4,0,0,0,4
07/27/2020,HSA,MS,ASO,CE,Federal Contract Tower,0,0,1,2,3,0,0,2,0,2,0,0,3,2,5,2,0,2,7
07/28/2020,HSA,MS,ASO,CE,Federal Contract Tower,0,1,5,9,15,0,0,16,12,28,0,1,21,21,43,0,0,0,43
07/29/2020,HSA,MS,ASO,CE,Federal Contract Tower,0,0,8,23,31,0,0,26,12,38,0,0,34,35,69,22,0,22,91
07/30/2020,HSA,MS,ASO,CE,Federal Contract Tower,0,0,11,19,30,0,0,19,25,44,0,0,30,44,74,0,24,24,98
07/31/2020,HSA,MS,ASO,CE,Federal Contract Tower,0,0,3,42,45,0,0,35,37,72,0,0,38,79,117,12,50,62,179
08/01/2020,HSA,MS,ASO,CE,Federal Contract Tower,0,0,0,1,1,0,0,7,2,9,0,0,7,3,10,8,8,16,26
08/02/2020,HSA,MS,ASO,CE,Federal Contract Tower,0,0,0,1,1,0,0,4,2,6,0,0,4,3,7,14,0,14,21
08/03/2020,HSA,MS,ASO,CE,Federal Contract Tower,0,0,2,37,39,0,0,26,24,50,0,0,28,61,89,32,14,46,135
08/04/2020,HSA,MS,ASO,CE,Federal Contract Tower,2,0,1,24,27,0,0,28,26,54,2,0,29,50,81,32,28,60,141
08/05/2020,HSA,MS,ASO,CE,Federal Contract Tower,0,0,1,31,32,0,0,30,29,59,0,0,31,60,91,42,62,104,195
08/06/2020,HSA,MS,ASO,CE,Federal Contract Tower,0,2,2,26,30,0,0,16,23,39,0,2,18,49,69,18,8,26,95
08/07/2020,HSA,MS,ASO,CE,Federal Contract Tower,0,0,0,46,46,0,0,26,43,69,0,0,26,89,115,10,18,28,143
08/08/2020,HSA,MS,ASO,CE,Federal Contract Tower,0,0,4,5,9,0,0,23,11,34,0,0,27,16,43,0,6,6,49
08/09/2020,HSA,MS,ASO,CE,Federal Contract Tower,0,0,4,2,6,0,0,5,2,7,0,0,9,4,13,16,0,16,29
08/10/2020,HSA,MS,ASO,CE,Federal Contract Tower,0,0,2,58,60,0,0,19,35,54,0,0,21,93,114,22,30,52,166
08/11/2020,HSA,MS,ASO,CE,Federal Contract Tower,0,2,12,21,35,0,0,36,36,72,0,2,48,57,107,12,42,54,161
08/12/2020,HSA,MS,ASO,CE,Federal Contract Tower,0,0,0,16,16,0,0,26,8,34,0,0,26,24,50,18,2,20,70
08/13/2020,HSA,MS,ASO,CE,Federal Contract Tower,0,0,3,23,26,0,0,16,8,24,0,0,19,31,50,0,34,34,84
08/14/2020,HSA,MS,ASO,CE,Federal Contract Tower,0,0,3,9,12,0,0,19,4,23,0,0,22,13,35,8,14,22,57
08/15/2020,HSA,MS,ASO,CE,Federal Contract Tower,0,2,0,8,10,0,0,21,7,28,0,2,21,15,38,14,6,20,58
08/17/2020,HSA,MS,ASO,CE,Federal Contract Tower,0,0,4,32,36,0,0,19,50,69,0,0,23,82,105,4,54,58,163
08/18/2020,HSA,MS,ASO,CE,Federal Contract Tower,0,0,6,21,27,0,0,24,43,67,0,0,30,64,94,16,60,76,170
08/19/2020,HSA,MS,ASO,CE,Federal Contract Tower,0,0,2,15,17,0,0,20,23,43,0,0,22,38,60,0,40,40,100
08/20/2020,HSA,MS,ASO,CE,Federal Contract Tower,0,0,4,0,4,0,0,16,7,23,0,0,20,7,27,6,0,6,33
08/21/2020,HSA,MS,ASO,CE,Federal Contract Tower,0,0,3,42,45,0,0,32,51,83,0,0,35,93,128,32,42,74,202
08/22/2020,HSA,MS,ASO,CE,Federal Contract Tower,0,0,4,2,6,0,0,35,0,35,0,0,39,2,41,22,0,22,63
08/23/2020,HSA,MS,ASO,CE,Federal Contract Tower,0,0,5,2,7,0,0,6,0,6,0,0,11,2,13,6,0,6,19
08/24/2020,HSA,MS,ASO,CE,Federal Contract Tower,0,0,2,0,2,0,0,1,0,1,0,0,3,0,3,4,0,4,7
08/25/2020,HSA,MS,ASO,CE,Federal Contract Tower,0,0,2,2,4,0,0,0,0,0,0,0,2,2,4,0,2,2,6
08/26/2020,HSA,MS,ASO,CE,Federal Contract Tower,0,2,0,9,11,0,0,0,10,10,0,2,0,19,21,0,14,14,35
08/28/2020,HSA,MS,ASO,CE,Federal Contract Tower,0,0,5,1,6,0,0,9,2,11,0,0,14,3,17,0,0,0,17
08/29/2020,HSA,MS,ASO,CE,Federal Contract Tower,0,0,3,0,3,0,0,18,6,24,0,0,21,6,27,48,24,72,99
08/30/2020,HSA,MS,ASO,CE,Federal Contract Tower,0,0,0,6,6,0,0,3,3,6,0,0,3,9,12,0,10,10,22
08/31/2020,HSA,MS,ASO,CE,Federal Contract Tower,0,1,11,19,31,0,0,34,17,51,0,1,45,36,82,20,8,28,110
09/01/2020,HSA,MS,ASO,CE,Federal Contract Tower,0,1,2,76,79,0,0,31,36,67,0,1,33,112,146,70,12,82,228
09/02/2020,HSA,MS,ASO,CE,Federal Contract Tower,0,0,9,60,69,0,0,21,21,42,0,0,30,81,111,14,90,104,215
09/03/2020,HSA,MS,ASO,CE,Federal Contract Tower,0,0,6,34,40,0,0,21,36,57,0,0,27,70,97,2,26,28,125
09/04/2020,HSA,MS,ASO,CE,Federal Contract Tower,0,0,4,2,6,0,0,18,6,24,0,0,22,8,30,30,56,86,116
09/05/2020,HSA,MS,ASO,CE,Federal Contract Tower,0,0,4,0,4,0,0,14,0,14,0,0,18,0,18,35,0,35,53
09/06/2020,HSA,MS,ASO,CE,Federal Contract Tower,0,0,1,0,1,0,0,15,0,15,0,0,16,0,16,12,0,12,28
09/07/2020,HSA,MS,ASO,CE,Federal Contract Tower,0,0,2,0,2,0,0,36,0,36,0,0,38,0,38,28,0,28,66
09/08/2020,HSA,MS,ASO,CE,Federal Contract Tower,0,0,6,52,58,0,0,42,35,77,0,0,48,87,135,94,54,148,283
09/09/2020,HSA,MS,ASO,CE,Federal Contract Tower,0,0,4,48,52,0,0,17,11,28,0,0,21,59,80,22,94,116,196
09/10/2020,HSA,MS,ASO,CE,Federal Contract Tower,0,0,3,38,41,0,0,25,41,66,0,0,28,79,107,18,58,76,183
09/11/2020,HSA,MS,ASO,CE,Federal Contract Tower,0,1,10,17,28,0,0,26,15,41,0,1,36,32,69,36,6,42,111
09/12/2020,HSA,MS,ASO,CE,Federal Contract Tower,0,0,4,0,4,0,0,15,9,24,0,0,19,9,28,28,0,28,56
09/13/2020,HSA,MS,ASO,CE,Federal Contract Tower,0,0,2,0,2,0,0,20,0,20,0,0,22,0,22,4,0,4,26
09/14/2020,HSA,MS,ASO,CE,Federal Contract Tower,0,0,1,0,1,0,0,0,0,0,0,0,1,0,1,0,0,0,1
09/15/2020,HSA,MS,ASO,CE,Federal Contract Tower,0,0,0,0,0,0,0,0,0,0,0,0,0,0,0,0,0,0,0
09/16/2020,HSA,MS,ASO,CE,Federal Contract Tower,0,0,0,0,0,0,0,3,0,3,0,0,3,0,3,0,0,0,3
09/17/2020,HSA,MS,ASO,CE,Federal Contract Tower,0,0,4,22,26,0,0,17,5,22,0,0,21,27,48,8,22,30,78
09/18/2020,HSA,MS,ASO,CE,Federal Contract Tower,0,2,1,15,18,0,0,16,13,29,0,2,17,28,47,52,30,82,129
09/19/2020,HSA,MS,ASO,CE,Federal Contract Tower,0,0,3,0,3,0,0,0,0,0,0,0,3,0,3,0,0,0,3
09/20/2020,HSA,MS,ASO,CE,Federal Contract Tower,0,0,2,2,4,0,0,0,0,0,0,0,2,2,4,0,0,0,4
09/21/2020,HSA,MS,ASO,CE,Federal Contract Tower,0,0,0,6,6,0,0,2,0,2,0,0,2,6,8,0,0,0,8
09/22/2020,HSA,MS,ASO,CE,Federal Contract Tower,0,0,4,19,23,0,0,1,4,5,0,0,5,23,28,0,18,18,46
09/23/2020,HSA,MS,ASO,CE,Federal Contract Tower,0,0,1,27,28,0,0,5,9,14,0,0,6,36,42,14,6,20,62
09/24/2020,HSA,MS,ASO,CE,Federal Contract Tower,0,1,3,79,83,0,0,18,26,44,0,1,21,105,127,0,12,12,139
09/25/2020,HSA,MS,ASO,CE,Federal Contract Tower,0,0,7,31,38,0,0,25,19,44,0,0,32,50,82,24,20,44,126
09/26/2020,HSA,MS,ASO,CE,Federal Contract Tower,0,0,0,8,8,0,0,6,1,7,0,0,6,9,15,20,0,20,35
09/27/2020,HSA,MS,ASO,CE,Federal Contract Tower,0,2,1,4,7,0,0,30,3,33,0,2,31,7,40,28,0,28,68
09/28/2020,HSA,MS,ASO,CE,Federal Contract Tower,0,0,8,19,27,0,0,12,7,19,0,0,20,26,46,20,2,22,68
09/29/2020,HSA,MS,ASO,CE,Federal Contract Tower,0,2,4,37,43,0,0,18,27,45,0,2,22,64,88,26,26,52,140
09/30/2020,HSA,MS,ASO,CE,Federal Contract Tower,0,0,6,24,30,0,0,22,17,39,0,0,28,41,69,36,18,54,123
10/01/2020,HSA,MS,ASO,CE,Federal Contract Tower,0,0,7,35,42,0,0,31,16,47,0,0,38,51,89,44,26,70,159
10/02/2020,HSA,MS,ASO,CE,Federal Contract Tower,0,2,4,22,28,0,0,32,31,63,0,2,36,53,91,24,18,42,133
10/03/2020,HSA,MS,ASO,CE,Federal Contract Tower,0,0,8,19,27,0,0,42,20,62,0,0,50,39,89,52,6,58,147
10/04/2020,HSA,MS,ASO,CE,Federal Contract Tower,0,0,4,2,6,0,0,11,1,12,0,0,15,3,18,0,0,0,18
10/05/2020,HSA,MS,ASO,CE,Federal Contract Tower,0,0,0,13,13,0,0,30,22,52,0,0,30,35,65,60,4,64,129
10/06/2020,HSA,MS,ASO,CE,Federal Contract Tower,0,0,2,23,25,0,0,18,11,29,0,0,20,34,54,28,36,64,118
10/07/2020,HSA,MS,ASO,CE,Federal Contract Tower,0,0,8,19,27,0,0,10,9,19,0,0,18,28,46,48,16,64,110
10/08/2020,HSA,MS,ASO,CE,Federal Contract Tower,0,0,7,9,16,0,0,9,3,12,0,0,16,12,28,10,0,10,38
10/09/2020,HSA,MS,ASO,CE,Federal Contract Tower,0,0,0,0,0,0,0,0,0,0,0,0,0,0,0,0,0,0,0
10/10/2020,HSA,MS,ASO,CE,Federal Contract Tower,0,0,0,0,0,0,0,0,0,0,0,0,0,0,0,0,0,0,0
10/11/2020,HSA,MS,ASO,CE,Federal Contract Tower,0,0,2,0,2,0,0,19,0,19,0,0,21,0,21,12,0,12,33
10/12/2020,HSA,MS,ASO,CE,Federal Contract Tower,0,2,4,6,12,0,0,18,0,18,0,2,22,6,30,14,0,14,44
10/13/2020,HSA,MS,ASO,CE,Federal Contract Tower,0,0,2,44,46,0,0,23,31,54,0,0,25,75,100,48,28,76,176
10/14/2020,HSA,MS,ASO,CE,Federal Contract Tower,0,0,7,47,54,0,0,20,16,36,0,0,27,63,90,50,16,66,156
10/15/2020,HSA,MS,ASO,CE,Federal Contract Tower,0,0,2,48,50,0,0,20,15,35,0,0,22,63,85,10,18,28,113
10/16/2020,HSA,MS,ASO,CE,Federal Contract Tower,0,0,0,44,44,0,0,6,19,25,0,0,6,63,69,0,2,2,71
10/17/2020,HSA,MS,ASO,CE,Federal Contract Tower,0,0,4,0,4,0,0,21,0,21,0,0,25,0,25,14,0,14,39
10/18/2020,HSA,MS,ASO,CE,Federal Contract Tower,0,4,6,8,18,0,0,28,0,28,0,4,34,8,46,16,0,16,62
10/19/2020,HSA,MS,ASO,CE,Federal Contract Tower,0,0,9,43,52,0,0,20,22,42,0,0,29,65,94,22,62,84,178
10/20/2020,HSA,MS,ASO,CE,Federal Contract Tower,0,0,1,63,64,0,0,12,36,48,0,0,13,99,112,8,52,60,172
10/21/2020,HSA,MS,ASO,CE,Federal Contract Tower,0,0,3,66,69,0,0,22,48,70,0,0,25,114,139,40,106,146,285
10/22/2020,HSA,MS,ASO,CE,Federal Contract Tower,0,0,7,31,38,0,0,11,18,29,0,0,18,49,67,20,10,30,97
10/23/2020,HSA,MS,ASO,CE,Federal Contract Tower,0,1,2,60,63,0,0,23,34,57,0,1,25,94,120,18,16,34,154
10/24/2020,HSA,MS,ASO,CE,Federal Contract Tower,0,0,1,0,1,0,0,4,0,4,0,0,5,0,5,8,0,8,13
10/25/2020,HSA,MS,ASO,CE,Federal Contract Tower,0,2,1,0,3,0,0,3,0,3,0,2,4,0,6,0,0,0,6
10/26/2020,HSA,MS,ASO,CE,Federal Contract Tower,0,4,3,6,13,0,0,18,5,23,0,4,21,11,36,12,6,18,54
10/27/2020,HSA,MS,ASO,CE,Federal Contract Tower,0,0,2,16,18,0,0,12,1,13,0,0,14,17,31,0,18,18,49
10/28/2020,HSA,MS,ASO,CE,Federal Contract Tower,0,0,0,0,0,0,0,0,0,0,0,0,0,0,0,0,0,0,0
10/29/2020,HSA,MS,ASO,CE,Federal Contract Tower,0,2,2,0,4,0,0,4,0,4,0,2,6,0,8,0,0,0,8
10/30/2020,HSA,MS,ASO,CE,Federal Contract Tower,0,1,0,10,11,0,0,6,23,29,0,1,6,33,40,8,34,42,82
10/31/2020,HSA,MS,ASO,CE,Federal Contract Tower,0,2,4,1,7,0,0,36,7,43,0,2,40,8,50,36,40,76,126
11/01/2020,HSA,MS,ASO,CE,Federal Contract Tower,0,0,1,0,1,0,0,30,0,30,0,0,31,0,31,8,0,8,39
11/02/2020,HSA,MS,ASO,CE,Federal Contract Tower,0,0,1,23,24,0,0,34,27,61,0,0,35,50,85,20,42,62,147
11/03/2020,HSA,MS,ASO,CE,Federal Contract Tower,0,0,3,43,46,0,0,25,27,52,0,0,28,70,98,20,88,108,206
11/04/2020,HSA,MS,ASO,CE,Federal Contract Tower,0,0,0,35,35,0,0,20,23,43,0,0,20,58,78,8,16,24,102
11/05/2020,HSA,MS,ASO,CE,Federal Contract Tower,0,0,8,26,34,0,0,22,22,44,0,0,30,48,78,24,54,78,156
11/06/2020,HSA,MS,ASO,CE,Federal Contract Tower,0,0,1,29,30,0,0,26,32,58,0,0,27,61,88,30,54,84,172
11/07/2020,HSA,MS,ASO,CE,Federal Contract Tower,0,0,0,2,2,0,0,15,2,17,0,0,15,4,19,26,12,38,57
11/08/2020,HSA,MS,ASO,CE,Federal Contract Tower,0,0,4,0,4,0,0,5,2,7,0,0,9,2,11,0,0,0,11
11/09/2020,HSA,MS,ASO,CE,Federal Contract Tower,0,2,6,51,59,0,0,7,24,31,0,2,13,75,90,0,37,37,127
11/10/2020,HSA,MS,ASO,CE,Federal Contract Tower,0,0,0,109,109,0,0,0,5,5,0,0,0,114,114,0,20,20,134
11/11/2020,HSA,MS,ASO,CE,Federal Contract Tower,0,0,1,2,3,0,0,8,2,10,0,0,9,4,13,8,6,14,27
11/12/2020,HSA,MS,ASO,CE,Federal Contract Tower,0,0,9,36,45,0,0,16,38,54,0,0,25,74,99,4,24,28,127
11/13/2020,HSA,MS,ASO,CE,Federal Contract Tower,0,0,0,47,47,0,0,27,35,62,0,0,27,82,109,48,30,78,187
11/14/2020,HSA,MS,ASO,CE,Federal Contract Tower,0,0,10,7,17,0,0,23,7,30,0,0,33,14,47,38,2,40,87
11/15/2020,HSA,MS,ASO,CE,Federal Contract Tower,0,0,1,0,1,0,0,9,2,11,0,0,10,2,12,18,4,22,34
11/16/2020,HSA,MS,ASO,CE,Federal Contract Tower,0,2,4,48,54,0,0,17,53,70,0,2,21,101,124,44,50,94,218
11/17/2020,HSA,MS,ASO,CE,Federal Contract Tower,0,0,1,41,42,0,0,17,42,59,0,0,18,83,101,24,76,100,201
11/18/2020,HSA,MS,ASO,CE,Federal Contract Tower,0,0,4,41,45,0,0,8,36,44,0,0,12,77,89,10,108,118,207
11/19/2020,HSA,MS,ASO,CE,Federal Contract Tower,0,0,3,65,68,0,0,11,37,48,0,0,14,102,116,0,50,50,166
11/20/2020,HSA,MS,ASO,CE,Federal Contract Tower,0,0,15,73,88,0,0,17,35,52,0,0,32,108,140,10,58,68,208
11/21/2020,HSA,MS,ASO,CE,Federal Contract Tower,0,0,1,13,14,0,0,7,1,8,0,0,8,14,22,18,8,26,48
11/22/2020,HSA,MS,ASO,CE,Federal Contract Tower,0,0,4,8,12,0,0,22,7,29,0,0,26,15,41,20,36,56,97
11/23/2020,HSA,MS,ASO,CE,Federal Contract Tower,0,0,0,52,52,0,0,20,36,56,0,0,20,88,108,14,78,92,200
11/24/2020,HSA,MS,ASO,CE,Federal Contract Tower,0,0,2,38,40,0,0,15,12,27,0,0,17,50,67,20,30,50,117
11/25/2020,HSA,MS,ASO,CE,Federal Contract Tower,0,1,0,0,1,0,0,6,1,7,0,1,6,1,8,16,0,16,24
11/26/2020,HSA,MS,ASO,CE,Federal Contract Tower,0,0,2,0,2,0,0,0,0,0,0,0,2,0,2,0,0,0,2
11/27/2020,HSA,MS,ASO,CE,Federal Contract Tower,0,0,8,8,16,0,0,0,0,0,0,0,8,8,16,0,0,0,16
11/28/2020,HSA,MS,ASO,CE,Federal Contract Tower,0,2,2,0,4,0,0,0,0,0,0,2,2,0,4,0,0,0,4
11/29/2020,HSA,MS,ASO,CE,Federal Contract Tower,0,1,6,0,7,0,0,0,0,0,0,1,6,0,7,0,0,0,7
11/30/2020,HSA,MS,ASO,CE,Federal Contract Tower,0,0,2,47,49,0,0,0,46,46,0,0,2,93,95,0,58,58,153
12/01/2020,HSA,MS,ASO,CE,Federal Contract Tower,0,0,0,41,41,0,0,31,48,79,0,0,31,89,120,8,66,74,194
12/02/2020,HSA,MS,ASO,CE,Federal Contract Tower,0,0,1,66,67,0,0,21,37,58,0,0,22,103,125,18,14,32,157
12/03/2020,HSA,MS,ASO,CE,Federal Contract Tower,0,0,0,38,38,0,0,5,12,17,0,0,5,50,55,18,24,42,97
12/04/2020,HSA,MS,ASO,CE,Federal Contract Tower,0,0,7,56,63,0,0,16,29,45,0,0,23,85,108,2,47,49,157
12/05/2020,HSA,MS,ASO,CE,Federal Contract Tower,0,0,1,9,10,0,0,39,9,48,0,0,40,18,58,59,12,71,129
12/06/2020,HSA,MS,ASO,CE,Federal Contract Tower,0,0,6,0,6,0,0,13,2,15,0,0,19,2,21,8,0,8,29
12/07/2020,HSA,MS,ASO,CE,Federal Contract Tower,0,0,5,42,47,0,0,13,25,38,0,0,18,67,85,10,32,42,127
12/08/2020,HSA,MS,ASO,CE,Federal Contract Tower,0,0,0,61,61,0,0,20,30,50,0,0,20,91,111,26,38,64,175
12/09/2020,HSA,MS,ASO,CE,Federal Contract Tower,0,0,1,63,64,0,0,31,22,53,0,0,32,85,117,22,76,98,215
12/10/2020,HSA,MS,ASO,CE,Federal Contract Tower,0,0,3,31,34,0,0,18,22,40,0,0,21,53,74,36,28,64,138
12/11/2020,HSA,MS,ASO,CE,Federal Contract Tower,0,0,7,39,46,0,0,22,32,54,0,0,29,71,100,31,20,51,151
12/12/2020,HSA,MS,ASO,CE,Federal Contract Tower,0,0,2,0,2,0,0,0,0,0,0,0,2,0,2,0,0,0,2
12/13/2020,HSA,MS,ASO,CE,Federal Contract Tower,0,0,0,7,7,0,0,0,1,1,0,0,0,8,8,0,16,16,24
12/14/2020,HSA,MS,ASO,CE,Federal Contract Tower,0,0,2,60,62,0,0,5,41,46,0,0,7,101,108,0,68,68,176
12/15/2020,HSA,MS,ASO,CE,Federal Contract Tower,0,0,0,47,47,0,0,7,18,25,0,0,7,65,72,10,6,16,88
12/16/2020,HSA,MS,ASO,CE,Federal Contract Tower,0,1,2,35,38,0,0,10,0,10,0,1,12,35,48,0,50,50,98
12/17/2020,HSA,MS,ASO,CE,Federal Contract Tower,0,0,7,41,48,0,0,10,26,36,0,0,17,67,84,10,25,35,119
12/18/2020,HSA,MS,ASO,CE,Federal Contract Tower,0,0,6,42,48,0,0,23,52,75,0,0,29,94,123,18,32,50,173
12/19/2020,HSA,MS,ASO,CE,Federal Contract Tower,0,0,1,4,5,0,0,25,10,35,0,0,26,14,40,43,6,49,89
12/20/2020,HSA,MS,ASO,CE,Federal Contract Tower,0,0,0,2,2,0,0,0,0,0,0,0,0,2,2,0,0,0,2
12/21/2020,HSA,MS,ASO,CE,Federal Contract Tower,0,0,8,30,38,0,0,33,20,53,0,0,41,50,91,62,26,88,179
12/22/2020,HSA,MS,ASO,CE,Federal Contract Tower,0,2,1,26,29,0,0,30,29,59,0,2,31,55,88,25,40,65,153
12/23/2020,HSA,MS,ASO,CE,Federal Contract Tower,0,0,2,17,19,0,0,8,1,9,0,0,10,18,28,18,0,18,46
12/24/2020,HSA,MS,ASO,CE,Federal Contract Tower,0,0,2,0,2,0,0,0,0,0,0,0,2,0,2,6,0,6,8
12/25/2020,HSA,MS,ASO,CE,Federal Contract Tower,0,0,0,0,0,0,0,1,0,1,0,0,1,0,1,0,0,0,1
12/26/2020,HSA,MS,ASO,CE,Federal Contract Tower,0,2,3,0,5,0,0,35,0,35,0,2,38,0,40,44,0,44,84
12/27/2020,HSA,MS,ASO,CE,Federal Contract Tower,0,0,3,0,3,0,0,22,0,22,0,0,25,0,25,45,0,45,70
12/28/2020,HSA,MS,ASO,CE,Federal Contract Tower,0,0,0,34,34,0,0,32,31,63,0,0,32,65,97,26,24,50,147
12/29/2020,HSA,MS,ASO,CE,Federal Contract Tower,0,1,7,18,26,0,0,23,26,49,0,1,30,44,75,23,10,33,108
12/30/2020,HSA,MS,ASO,CE,Federal Contract Tower,0,3,8,21,32,0,12,27,25,64,0,15,35,46,96,10,22,32,128
12/31/2020,HSA,MS,ASO,CE,Federal Contract Tower,0,9,3,0,12,0,17,8,0,25,0,26,11,0,37,0,0,0,37
01/01/2021,HSA,MS,ASO,CE,Federal Contract Tower,0,2,0,0,2,0,0,8,0,8,0,2,8,0,10,16,0,16,26
01/02/2021,HSA,MS,ASO,CE,Federal Contract Tower,0,0,11,0,11,0,0,16,0,16,0,0,27,0,27,47,0,47,74
01/03/2021,HSA,MS,ASO,CE,Federal Contract Tower,0,3,4,0,7,0,40,17,0,57,0,43,21,0,64,26,0,26,90
01/04/2021,HSA,MS,ASO,CE,Federal Contract Tower,0,0,7,31,38,0,3,32,35,70,0,3,39,66,108,64,6,70,178
01/05/2021,HSA,MS,ASO,CE,Federal Contract Tower,0,0,15,21,36,0,0,27,46,73,0,0,42,67,109,4,105,109,218
01/06/2021,HSA,MS,ASO,CE,Federal Contract Tower,0,0,7,29,36,0,0,13,25,38,0,0,20,54,74,28,40,68,142
01/07/2021,HSA,MS,ASO,CE,Federal Contract Tower,0,0,0,44,44,0,0,3,15,18,0,0,3,59,62,0,14,14,76
01/08/2021,HSA,MS,ASO,CE,Federal Contract Tower,0,0,8,20,28,0,0,7,15,22,0,0,15,35,50,0,30,30,80
01/09/2021,HSA,MS,ASO,CE,Federal Contract Tower,0,0,10,6,16,0,0,13,4,17,0,0,23,10,33,0,72,72,105
01/10/2021,HSA,MS,ASO,CE,Federal Contract Tower,0,0,0,3,3,0,0,2,0,2,0,0,2,3,5,0,8,8,13
01/11/2021,HSA,MS,ASO,CE,Federal Contract Tower,0,0,2,10,12,0,0,0,0,0,0,0,2,10,12,0,0,0,12
01/12/2021,HSA,MS,ASO,CE,Federal Contract Tower,0,0,9,48,57,0,0,0,27,27,0,0,9,75,84,0,36,36,120
01/13/2021,HSA,MS,ASO,CE,Federal Contract Tower,0,0,3,72,75,0,0,16,45,61,0,0,19,117,136,36,22,58,194
01/14/2021,HSA,MS,ASO,CE,Federal Contract Tower,0,0,6,67,73,0,0,22,38,60,0,0,28,105,133,4,46,50,183
01/15/2021,HSA,MS,ASO,CE,Federal Contract Tower,0,0,9,17,26,0,0,14,23,37,0,0,23,40,63,44,36,80,143
01/16/2021,HSA,MS,ASO,CE,Federal Contract Tower,0,4,4,1,9,0,0,19,0,19,0,4,23,1,28,36,0,36,64
01/17/2021,HSA,MS,ASO,CE,Federal Contract Tower,0,0,5,0,5,0,0,13,0,13,0,0,18,0,18,60,0,60,78
01/18/2021,HSA,MS,ASO,CE,Federal Contract Tower,0,2,0,0,2,0,0,17,0,17,0,2,17,0,19,4,0,4,23
01/19/2021,HSA,MS,ASO,CE,Federal Contract Tower,0,0,6,55,61,0,0,28,48,76,0,0,34,103,137,12,66,78,215
01/20/2021,HSA,MS,ASO,CE,Federal Contract Tower,0,0,3,60,63,0,0,27,53,80,0,0,30,113,143,18,65,83,226
01/21/2021,HSA,MS,ASO,CE,Federal Contract Tower,0,0,1,58,59,0,0,18,29,47,0,0,19,87,106,24,64,88,194
01/23/2021,HSA,MS,ASO,CE,Federal Contract Tower,0,0,1,2,3,0,0,9,0,9,0,0,10,2,12,10,0,10,22
01/24/2021,HSA,MS,ASO,CE,Federal Contract Tower,0,0,4,0,4,0,0,0,0,0,0,0,4,0,4,0,0,0,4
01/25/2021,HSA,MS,ASO,CE,Federal Contract Tower,0,0,3,50,53,0,0,1,0,1,0,0,4,50,54,18,18,36,90
01/26/2021,HSA,MS,ASO,CE,Federal Contract Tower,0,0,10,16,26,0,0,0,0,0,0,0,10,16,26,0,0,0,26
01/27/2021,HSA,MS,ASO,CE,Federal Contract Tower,0,0,1,34,35,0,0,6,15,21,0,0,7,49,56,2,44,46,102
01/28/2021,HSA,MS,ASO,CE,Federal Contract Tower,0,0,2,51,53,0,0,12,43,55,0,0,14,94,108,10,66,76,184
01/29/2021,HSA,MS,ASO,CE,Federal Contract Tower,0,0,4,62,66,0,0,16,35,51,0,0,20,97,117,10,36,46,163
01/30/2021,HSA,MS,ASO,CE,Federal Contract Tower,0,0,1,11,12,0,0,20,1,21,0,0,21,12,33,2,0,2,35
01/31/2021,HSA,MS,ASO,CE,Federal Contract Tower,0,0,2,3,5,0,0,4,1,5,0,0,6,4,10,2,0,2,12
02/01/2021,HSA,MS,ASO,CE,Federal Contract Tower,0,0,0,50,50,0,0,9,35,44,0,0,9,85,94,4,98,102,196
02/02/2021,HSA,MS,ASO,CE,Federal Contract Tower,0,0,2,41,43,0,0,23,30,53,0,0,25,71,96,16,14,30,126
02/03/2021,HSA,MS,ASO,CE,Federal Contract Tower,0,1,11,67,79,0,0,27,43,70,0,1,38,110,149,27,113,140,289
02/04/2021,HSA,MS,ASO,CE,Federal Contract Tower,0,0,7,37,44,0,0,12,49,61,0,0,19,86,105,14,34,48,153
02/05/2021,HSA,MS,ASO,CE,Federal Contract Tower,0,0,4,40,44,0,0,8,4,12,0,0,12,44,56,4,2,6,62
02/06/2021,HSA,MS,ASO,CE,Federal Contract Tower,0,0,0,0,0,0,0,0,0,0,0,0,0,0,0,0,0,0,0
02/07/2021,HSA,MS,ASO,CE,Federal Contract Tower,0,0,4,4,8,0,0,12,7,19,0,0,16,11,27,18,0,18,45
02/08/2021,HSA,MS,ASO,CE,Federal Contract Tower,0,2,0,26,28,0,0,24,12,36,0,2,24,38,64,20,12,32,96
02/09/2021,HSA,MS,ASO,CE,Federal Contract Tower,0,0,5,44,49,0,0,13,36,49,0,0,18,80,98,29,37,66,164
02/10/2021,HSA,MS,ASO,CE,Federal Contract Tower,0,0,2,19,21,0,0,0,2,2,0,0,2,21,23,0,0,0,23
02/11/2021,HSA,MS,ASO,CE,Federal Contract Tower,0,0,3,5,8,0,0,0,0,0,0,0,3,5,8,0,0,0,8
02/12/2021,HSA,MS,ASO,CE,Federal Contract Tower,0,0,2,0,2,0,0,0,0,0,0,0,2,0,2,0,0,0,2
02/13/2021,HSA,MS,ASO,CE,Federal Contract Tower,0,0,4,0,4,0,0,0,0,0,0,0,4,0,4,0,0,0,4
02/14/2021,HSA,MS,ASO,CE,Federal Contract Tower,0,0,0,0,0,0,0,0,2,2,0,0,0,2,2,0,6,6,8
02/15/2021,HSA,MS,ASO,CE,Federal Contract Tower,0,0,3,0,3,0,0,0,0,0,0,0,3,0,3,0,0,0,3
02/16/2021,HSA,MS,ASO,CE,Federal Contract Tower,0,0,0,24,24,0,0,6,54,60,0,0,6,78,84,0,93,93,177
02/17/2021,HSA,MS,ASO,CE,Federal Contract Tower,0,2,0,18,20,0,0,0,27,27,0,2,0,45,47,0,26,26,73
02/18/2021,HSA,MS,ASO,CE,Federal Contract Tower,0,0,5,19,24,0,0,0,1,1,0,0,5,20,25,0,14,14,39
02/19/2021,HSA,MS,ASO,CE,Federal Contract Tower,0,2,9,29,40,0,0,16,34,50,0,2,25,63,90,16,42,58,148
02/20/2021,HSA,MS,ASO,CE,Federal Contract Tower,0,0,7,6,13,0,0,24,0,24,0,0,31,6,37,34,0,34,71
02/21/2021,HSA,MS,ASO,CE,Federal Contract Tower,0,0,5,2,7,0,0,18,0,18,0,0,23,2,25,12,0,12,37
02/22/2021,HSA,MS,ASO,CE,Federal Contract Tower,0,0,3,77,80,0,0,22,82,104,0,0,25,159,184,18,95,113,297
02/23/2021,HSA,MS,ASO,CE,Federal Contract Tower,0,0,5,45,50,0,0,23,62,85,0,0,28,107,135,16,64,80,215
02/24/2021,HSA,MS,ASO,CE,Federal Contract Tower,0,2,6,59,67,0,0,37,38,75,0,2,43,97,142,16,45,61,203
02/25/2021,HSA,MS,ASO,CE,Federal Contract Tower,0,0,5,27,32,0,0,7,14,21,0,0,12,41,53,31,14,45,98
02/26/2021,HSA,MS,ASO,CE,Federal Contract Tower,0,0,7,24,31,0,0,7,24,31,0,0,14,48,62,0,24,24,86
02/27/2021,HSA,MS,ASO,CE,Federal Contract Tower,0,2,3,0,5,0,0,2,3,5,0,2,5,3,10,0,0,0,10
02/28/2021,HSA,MS,ASO,CE,Federal Contract Tower,0,0,4,4,8,0,0,0,6,6,0,0,4,10,14,0,10,10,24
03/01/2021,HSA,MS,ASO,CE,Federal Contract Tower,0,0,3,34,37,0,0,2,2,4,0,0,5,36,41,0,22,22,63
03/02/2021,HSA,MS,ASO,CE,Federal Contract Tower,0,0,2,8,10,0,0,0,0,0,0,0,2,8,10,0,0,0,10
03/03/2021,HSA,MS,ASO,CE,Federal Contract Tower,0,0,9,60,69,0,0,33,42,75,0,0,42,102,144,25,104,129,273
03/04/2021,HSA,MS,ASO,CE,Federal Contract Tower,0,0,9,33,42,0,0,29,20,49,0,0,38,53,91,34,67,101,192
03/05/2021,HSA,MS,ASO,CE,Federal Contract Tower,0,0,2,51,53,0,0,21,24,45,0,0,23,75,98,30,54,84,182
03/06/2021,HSA,MS,ASO,CE,Federal Contract Tower,0,0,4,7,11,0,0,21,6,27,0,0,25,13,38,18,10,28,66
03/07/2021,HSA,MS,ASO,CE,Federal Contract Tower,0,0,3,1,4,0,0,19,3,22,0,0,22,4,26,2,12,14,40
03/08/2021,HSA,MS,ASO,CE,Federal Contract Tower,0,0,6,38,44,0,0,34,30,64,0,0,40,68,108,24,29,53,161
03/09/2021,HSA,MS,ASO,CE,Federal Contract Tower,0,1,2,66,69,0,0,29,32,61,0,1,31,98,130,20,49,69,199
03/10/2021,HSA,MS,ASO,CE,Federal Contract Tower,0,0,1,35,36,0,0,12,41,53,0,0,13,76,89,12,38,50,139
03/11/2021,HSA,MS,ASO,CE,Federal Contract Tower,0,0,13,57,70,0,0,19,29,48,0,0,32,86,118,24,38,62,180
03/12/2021,HSA,MS,ASO,CE,Federal Contract Tower,0,0,3,56,59,0,0,32,24,56,0,0,35,80,115,28,34,62,177
03/13/2021,HSA,MS,ASO,CE,Federal Contract Tower,0,0,3,4,7,0,0,17,3,20,0,0,20,7,27,46,0,46,73
03/14/2021,HSA,MS,ASO,CE,Federal Contract Tower,0,2,14,10,26,0,0,11,0,11,0,2,25,10,37,32,0,32,69
03/15/2021,HSA,MS,ASO,CE,Federal Contract Tower,0,0,3,18,21,0,0,5,2,7,0,0,8,20,28,0,0,0,28
03/16/2021,HSA,MS,ASO,CE,Federal Contract Tower,0,0,6,38,44,0,0,2,34,36,0,0,8,72,80,0,24,24,104
03/17/2021,HSA,MS,ASO,CE,Federal Contract Tower,0,0,0,6,6,0,0,0,5,5,0,0,0,11,11,0,6,6,17
03/18/2021,HSA,MS,ASO,CE,Federal Contract Tower,0,0,11,38,49,0,0,14,35,49,0,0,25,73,98,24,30,54,152
03/19/2021,HSA,MS,ASO,CE,Federal Contract Tower,0,0,6,44,50,0,0,8,14,22,0,0,14,58,72,0,28,28,100
03/20/2021,HSA,MS,ASO,CE,Federal Contract Tower,0,0,5,20,25,0,0,12,3,15,0,0,17,23,40,10,4,14,54
03/21/2021,HSA,MS,ASO,CE,Federal Contract Tower,0,0,1,1,2,0,0,21,1,22,0,0,22,2,24,0,6,6,30
03/22/2021,HSA,MS,ASO,CE,Federal Contract Tower,0,0,6,53,59,0,0,20,29,49,0,0,26,82,108,22,22,44,152
03/23/2021,HSA,MS,ASO,CE,Federal Contract Tower,0,0,0,6,6,0,0,2,0,2,0,0,2,6,8,0,0,0,8
03/24/2021,HSA,MS,ASO,CE,Federal Contract Tower,0,0,2,9,11,0,0,0,3,3,0,0,2,12,14,0,6,6,20
03/25/2021,HSA,MS,ASO,CE,Federal Contract Tower,0,0,0,12,12,0,0,0,0,0,0,0,0,12,12,0,0,0,12
03/26/2021,HSA,MS,ASO,CE,Federal Contract Tower,0,0,4,35,39,0,0,5,11,16,0,0,9,46,55,8,16,24,79
03/27/2021,HSA,MS,ASO,CE,Federal Contract Tower,0,0,6,3,9,0,0,7,2,9,0,0,13,5,18,2,0,2,20
03/28/2021,HSA,MS,ASO,CE,Federal Contract Tower,0,0,3,7,10,0,0,3,12,15,0,0,6,19,25,0,4,4,29
03/29/2021,HSA,MS,ASO,CE,Federal Contract Tower,0,0,4,30,34,0,0,36,38,74,0,0,40,68,108,32,52,84,192
03/30/2021,HSA,MS,ASO,CE,Federal Contract Tower,0,0,6,30,36,0,0,3,4,7,0,0,9,34,43,0,0,0,43
03/31/2021,HSA,MS,ASO,CE,Federal Contract Tower,0,0,0,11,11,0,0,1,6,7,0,0,1,17,18,4,10,14,32
04/01/2021,HSA,MS,ASO,CE,Federal Contract Tower,0,0,5,56,61,0,0,7,25,32,0,0,12,81,93,0,28,28,121
04/02/2021,HSA,MS,ASO,CE,Federal Contract Tower,0,0,9,0,9,0,0,35,5,40,0,0,44,5,49,52,0,52,101
04/03/2021,HSA,MS,ASO,CE,Federal Contract Tower,0,0,3,0,3,0,0,36,0,36,0,0,39,0,39,12,0,12,51
04/04/2021,HSA,MS,ASO,CE,Federal Contract Tower,0,0,1,0,1,0,0,19,0,19,0,0,20,0,20,40,0,40,60
04/05/2021,HSA,MS,ASO,CE,Federal Contract Tower,0,2,2,76,80,0,0,25,43,68,0,2,27,119,148,46,82,128,276
04/06/2021,HSA,MS,ASO,CE,Federal Contract Tower,0,0,5,45,50,0,0,35,61,96,0,0,40,106,146,69,74,143,289
04/07/2021,HSA,MS,ASO,CE,Federal Contract Tower,0,2,1,47,50,0,0,18,27,45,0,2,19,74,95,0,58,58,153
04/08/2021,HSA,MS,ASO,CE,Federal Contract Tower,0,0,4,25,29,0,0,15,27,42,0,0,19,52,71,8,37,45,116
04/09/2021,HSA,MS,ASO,CE,Federal Contract Tower,0,0,1,14,15,0,0,0,1,1,0,0,1,15,16,0,0,0,16
04/10/2021,HSA,MS,ASO,CE,Federal Contract Tower,0,0,3,0,3,0,0,4,0,4,0,0,7,0,7,16,0,16,23
04/11/2021,HSA,MS,ASO,CE,Federal Contract Tower,0,1,3,6,10,0,0,45,3,48,0,1,48,9,58,17,14,31,89
04/12/2021,HSA,MS,ASO,CE,Federal Contract Tower,0,0,5,49,54,0,0,45,43,88,0,0,50,92,142,48,16,64,206
04/13/2021,HSA,MS,ASO,CE,Federal Contract Tower,0,0,3,15,18,0,0,8,10,18,0,0,11,25,36,18,40,58,94
04/14/2021,HSA,MS,ASO,CE,Federal Contract Tower,0,1,1,7,9,0,0,3,1,4,0,1,4,8,13,8,4,12,25
04/15/2021,HSA,MS,ASO,CE,Federal Contract Tower,0,0,4,17,21,0,0,9,5,14,0,0,13,22,35,14,8,22,57
04/16/2021,HSA,MS,ASO,CE,Federal Contract Tower,0,2,3,12,17,0,0,6,0,6,0,2,9,12,23,11,6,17,40
04/17/2021,HSA,MS,ASO,CE,Federal Contract Tower,0,0,2,2,4,0,0,0,2,2,0,0,2,4,6,0,24,24,30
04/18/2021,HSA,MS,ASO,CE,Federal Contract Tower,0,0,1,4,5,0,0,31,4,35,0,0,32,8,40,42,0,42,82
04/19/2021,HSA,MS,ASO,CE,Federal Contract Tower,0,0,6,41,47,0,0,43,31,74,0,0,49,72,121,29,35,64,185
04/20/2021,HSA,MS,ASO,CE,Federal Contract Tower,0,0,3,73,76,0,0,28,61,89,0,0,31,134,165,8,56,64,229
04/21/2021,HSA,MS,ASO,CE,Federal Contract Tower,0,0,10,27,37,0,0,28,39,67,0,0,38,66,104,20,58,78,182
04/22/2021,HSA,MS,ASO,CE,Federal Contract Tower,0,0,0,41,41,0,0,21,39,60,0,0,21,80,101,52,54,106,207
04/23/2021,HSA,MS,ASO,CE,Federal Contract Tower,0,2,10,45,57,0,0,11,23,34,0,2,21,68,91,38,30,68,159
04/24/2021,HSA,MS,ASO,CE,Federal Contract Tower,0,0,4,0,4,0,0,3,0,3,0,0,7,0,7,4,0,4,11
04/26/2021,HSA,MS,ASO,CE,Federal Contract Tower,0,1,8,41,50,0,0,42,41,83,0,1,50,82,133,16,64,80,213
04/27/2021,HSA,MS,ASO,CE,Federal Contract Tower,0,0,7,68,75,0,0,20,50,70,0,0,27,118,145,0,42,42,187
04/28/2021,HSA,MS,ASO,CE,Federal Contract Tower,0,0,9,43,52,0,0,17,14,31,0,0,26,57,83,49,18,67,150
04/29/2021,HSA,MS,ASO,CE,Federal Contract Tower,0,1,14,56,71,0,0,30,28,58,0,1,44,84,129,56,54,110,239
04/30/2021,HSA,MS,ASO,CE,Federal Contract Tower,0,2,2,16,20,0,0,5,0,5,0,2,7,16,25,26,12,38,63
05/01/2021,HSA,MS,ASO,CE,Federal Contract Tower,0,2,4,3,9,0,0,15,1,16,0,2,19,4,25,34,0,34,59
05/02/2021,HSA,MS,ASO,CE,Federal Contract Tower,0,2,0,0,2,0,0,0,0,0,0,2,0,0,2,0,0,0,2
05/03/2021,HSA,MS,ASO,CE,Federal Contract Tower,0,3,3,24,30,0,0,13,11,24,0,3,16,35,54,0,4,4,58
05/04/2021,HSA,MS,ASO,CE,Federal Contract Tower,0,0,1,51,52,0,0,9,13,22,0,0,10,64,74,0,6,6,80
05/05/2021,HSA,MS,ASO,CE,Federal Contract Tower,0,0,2,7,9,0,0,0,4,4,0,0,2,11,13,0,4,4,17
05/06/2021,HSA,MS,ASO,CE,Federal Contract Tower,0,0,8,22,30,0,0,36,42,78,0,0,44,64,108,39,50,89,197
05/07/2021,HSA,MS,ASO,CE,Federal Contract Tower,0,0,12,30,42,0,0,23,18,41,0,0,35,48,83,42,28,70,153
05/08/2021,HSA,MS,ASO,CE,Federal Contract Tower,0,0,7,0,7,0,0,19,2,21,0,0,26,2,28,47,0,47,75
05/09/2021,HSA,MS,ASO,CE,Federal Contract Tower,0,1,1,0,2,0,0,10,0,10,0,1,11,0,12,16,0,16,28
05/10/2021,HSA,MS,ASO,CE,Federal Contract Tower,0,1,0,21,22,0,0,6,12,18,0,1,6,33,40,0,0,0,40
05/11/2021,HSA,MS,ASO,CE,Federal Contract Tower,0,0,1,16,17,0,0,0,2,2,0,0,1,18,19,0,28,28,47
05/12/2021,HSA,MS,ASO,CE,Federal Contract Tower,0,0,7,24,31,0,0,6,10,16,0,0,13,34,47,0,0,0,47
05/13/2021,HSA,MS,ASO,CE,Federal Contract Tower,0,0,7,40,47,0,0,16,31,47,0,0,23,71,94,0,30,30,124
05/14/2021,HSA,MS,ASO,CE,Federal Contract Tower,0,0,4,12,16,0,0,26,16,42,0,0,30,28,58,16,2,18,76
05/15/2021,HSA,MS,ASO,CE,Federal Contract Tower,0,2,5,3,10,0,0,15,4,19,0,2,20,7,29,0,0,0,29
05/16/2021,HSA,MS,ASO,CE,Federal Contract Tower,0,1,2,3,6,0,0,6,1,7,0,1,8,4,13,6,0,6,19
05/17/2021,HSA,MS,ASO,CE,Federal Contract Tower,0,0,1,14,15,0,0,17,2,19,0,0,18,16,34,6,8,14,48
05/18/2021,HSA,MS,ASO,CE,Federal Contract Tower,0,0,9,16,25,0,0,0,0,0,0,0,9,16,25,0,18,18,43
05/19/2021,HSA,MS,ASO,CE,Federal Contract Tower,0,0,7,11,18,0,0,0,0,0,0,0,7,11,18,6,0,6,24
05/20/2021,HSA,MS,ASO,CE,Federal Contract Tower,0,0,5,11,16,0,0,0,10,10,0,0,5,21,26,0,4,4,30
05/21/2021,HSA,MS,ASO,CE,Federal Contract Tower,0,0,1,37,38,0,0,3,11,14,0,0,4,48,52,0,12,12,64
05/22/2021,HSA,MS,ASO,CE,Federal Contract Tower,2,0,3,4,9,0,0,5,3,8,2,0,8,7,17,18,0,18,35
05/23/2021,HSA,MS,ASO,CE,Federal Contract Tower,0,0,1,12,13,0,0,22,2,24,0,0,23,14,37,24,0,24,61
05/24/2021,HSA,MS,ASO,CE,Federal Contract Tower,0,0,9,56,65,0,0,28,29,57,0,0,37,85,122,43,39,82,204
05/25/2021,HSA,MS,ASO,CE,Federal Contract Tower,0,0,7,65,72,0,0,31,35,66,0,0,38,100,138,42,63,105,243
05/26/2021,HSA,MS,ASO,CE,Federal Contract Tower,0,0,6,69,75,0,0,16,38,54,0,0,22,107,129,22,54,76,205
05/27/2021,HSA,MS,ASO,CE,Federal Contract Tower,0,0,10,62,72,0,0,23,12,35,0,0,33,74,107,42,8,50,157
05/28/2021,HSA,MS,ASO,CE,Federal Contract Tower,0,0,4,12,16,0,0,35,6,41,0,0,39,18,57,20,0,20,77
05/29/2021,HSA,MS,ASO,CE,Federal Contract Tower,0,2,6,3,11,0,0,15,0,15,0,2,21,3,26,18,0,18,44
05/30/2021,HSA,MS,ASO,CE,Federal Contract Tower,0,0,5,2,7,0,0,16,1,17,0,0,21,3,24,12,4,16,40
05/31/2021,HSA,MS,ASO,CE,Federal Contract Tower,0,0,3,0,3,0,0,23,0,23,0,0,26,0,26,8,0,8,34
06/01/2021,HSA,MS,ASO,CE,Federal Contract Tower,0,0,1,33,34,0,0,26,40,66,0,0,27,73,100,22,65,87,187
06/02/2021,HSA,MS,ASO,CE,Federal Contract Tower,0,0,2,15,17,0,0,6,5,11,0,0,8,20,28,0,23,23,51
06/03/2021,HSA,MS,ASO,CE,Federal Contract Tower,0,5,10,22,37,0,0,22,28,50,0,5,32,50,87,29,38,67,154
06/04/2021,HSA,MS,ASO,CE,Federal Contract Tower,0,0,9,8,17,0,0,7,15,22,0,0,16,23,39,0,30,30,69
06/05/2021,HSA,MS,ASO,CE,Federal Contract Tower,0,0,5,0,5,0,0,2,0,2,0,0,7,0,7,0,0,0,7
06/06/2021,HSA,MS,ASO,CE,Federal Contract Tower,0,4,1,0,5,0,0,0,0,0,0,4,1,0,5,0,0,0,5
06/07/2021,HSA,MS,ASO,CE,Federal Contract Tower,0,0,13,54,67,0,0,26,22,48,0,0,39,76,115,6,22,28,143
06/08/2021,HSA,MS,ASO,CE,Federal Contract Tower,0,2,6,29,37,0,0,32,29,61,0,2,38,58,98,12,78,90,188
06/09/2021,HSA,MS,ASO,CE,Federal Contract Tower,0,2,2,19,23,0,0,11,15,26,0,2,13,34,49,0,4,4,53
06/10/2021,HSA,MS,ASO,CE,Federal Contract Tower,0,0,21,45,66,0,0,35,39,74,0,0,56,84,140,6,66,72,212
06/11/2021,HSA,MS,ASO,CE,Federal Contract Tower,0,0,6,51,57,0,0,17,18,35,0,0,23,69,92,46,40,86,178
06/12/2021,HSA,MS,ASO,CE,Federal Contract Tower,0,2,2,9,13,0,0,25,1,26,0,2,27,10,39,18,0,18,57
06/13/2021,HSA,MS,ASO,CE,Federal Contract Tower,0,0,2,1,3,0,0,5,5,10,0,0,7,6,13,0,0,0,13
06/14/2021,HSA,MS,ASO,CE,Federal Contract Tower,0,0,6,37,43,0,0,46,40,86,0,0,52,77,129,66,59,125,254
06/15/2021,HSA,MS,ASO,CE,Federal Contract Tower,0,0,4,18,22,0,0,25,27,52,0,0,29,45,74,10,4,14,88
06/16/2021,HSA,MS,ASO,CE,Federal Contract Tower,0,0,6,45,51,0,0,24,31,55,0,0,30,76,106,14,42,56,162
06/17/2021,HSA,MS,ASO,CE,Federal Contract Tower,0,0,8,29,37,0,0,38,24,62,0,0,46,53,99,37,20,57,156
06/18/2021,HSA,MS,ASO,CE,Federal Contract Tower,0,0,0,0,0,0,0,1,0,1,0,0,1,0,1,0,0,0,1
06/19/2021,HSA,MS,ASO,CE,Federal Contract Tower,0,0,0,0,0,0,0,2,0,2,0,0,2,0,2,0,0,0,2
06/20/2021,HSA,MS,ASO,CE,Federal Contract Tower,0,0,0,0,0,0,0,0,0,0,0,0,0,0,0,0,0,0,0
06/21/2021,HSA,MS,ASO,CE,Federal Contract Tower,0,2,4,0,6,0,0,0,5,5,0,2,4,5,11,26,0,26,37
06/22/2021,HSA,MS,ASO,CE,Federal Contract Tower,0,0,6,21,27,0,0,10,19,29,0,0,16,40,56,2,16,18,74
06/23/2021,HSA,MS,ASO,CE,Federal Contract Tower,0,0,5,7,12,0,0,15,12,27,0,0,20,19,39,22,30,52,91
06/24/2021,HSA,MS,ASO,CE,Federal Contract Tower,0,0,8,17,25,0,0,14,10,24,0,0,22,27,49,0,16,16,65
06/25/2021,HSA,MS,ASO,CE,Federal Contract Tower,0,0,3,4,7,0,0,15,2,17,0,0,18,6,24,23,0,23,47
06/26/2021,HSA,MS,ASO,CE,Federal Contract Tower,0,0,2,0,2,0,0,82,0,82,0,0,84,0,84,44,0,44,128
06/27/2021,HSA,MS,ASO,CE,Federal Contract Tower,0,0,4,10,14,0,0,6,0,6,0,0,10,10,20,0,2,2,22
06/28/2021,HSA,MS,ASO,CE,Federal Contract Tower,0,0,6,11,17,0,0,9,9,18,0,0,15,20,35,0,14,14,49
06/29/2021,HSA,MS,ASO,CE,Federal Contract Tower,0,0,0,29,29,0,0,24,14,38,0,0,24,43,67,0,84,84,151
06/30/2021,HSA,MS,ASO,CE,Federal Contract Tower,0,0,12,13,25,0,0,5,12,17,0,0,17,25,42,4,36,40,82
07/01/2021,HSA,MS,ASO,CE,Federal Contract Tower,0,0,9,54,63,0,0,14,15,29,0,0,23,69,92,20,32,52,144
07/02/2021,HSA,MS,ASO,CE,Federal Contract Tower,0,0,10,2,12,0,0,13,0,13,0,0,23,2,25,8,0,8,33
07/03/2021,HSA,MS,ASO,CE,Federal Contract Tower,0,0,0,0,0,0,0,1,0,1,0,0,1,0,1,0,0,0,1
07/04/2021,HSA,MS,ASO,CE,Federal Contract Tower,0,0,2,0,2,0,0,7,0,7,0,0,9,0,9,0,0,0,9
07/05/2021,HSA,MS,ASO,CE,Federal Contract Tower,0,0,1,0,1,0,0,21,8,29,0,0,22,8,30,0,0,0,30
07/06/2021,HSA,MS,ASO,CE,Federal Contract Tower,0,0,2,18,20,0,0,9,4,13,0,0,11,22,33,2,0,2,35
07/07/2021,HSA,MS,ASO,CE,Federal Contract Tower,0,3,4,40,47,0,0,16,11,27,0,3,20,51,74,14,42,56,130
07/08/2021,HSA,MS,ASO,CE,Federal Contract Tower,0,0,4,60,64,0,0,22,18,40,0,0,26,78,104,18,40,58,162
07/09/2021,HSA,MS,ASO,CE,Federal Contract Tower,0,0,4,12,16,0,0,10,0,10,0,0,14,12,26,16,4,20,46
07/10/2021,HSA,MS,ASO,CE,Federal Contract Tower,0,0,4,5,9,0,0,5,0,5,0,0,9,5,14,2,0,2,16
07/11/2021,HSA,MS,ASO,CE,Federal Contract Tower,0,0,0,0,0,0,0,2,0,2,0,0,2,0,2,6,0,6,8
07/12/2021,HSA,MS,ASO,CE,Federal Contract Tower,0,2,3,14,19,0,0,23,8,31,0,2,26,22,50,12,18,30,80
07/13/2021,HSA,MS,ASO,CE,Federal Contract Tower,0,0,7,88,95,0,0,35,46,81,0,0,42,134,176,22,53,75,251
07/14/2021,HSA,MS,ASO,CE,Federal Contract Tower,0,0,10,59,69,0,0,34,35,69,0,0,44,94,138,21,60,81,219
07/15/2021,HSA,MS,ASO,CE,Federal Contract Tower,0,0,4,44,48,0,0,26,22,48,0,0,30,66,96,16,40,56,152
07/16/2021,HSA,MS,ASO,CE,Federal Contract Tower,0,0,1,15,16,0,0,10,8,18,0,0,11,23,34,10,0,10,44
07/17/2021,HSA,MS,ASO,CE,Federal Contract Tower,0,0,1,0,1,0,0,0,0,0,0,0,1,0,1,12,0,12,13
07/18/2021,HSA,MS,ASO,CE,Federal Contract Tower,0,0,5,4,9,0,0,2,2,4,0,0,7,6,13,10,0,10,23
07/19/2021,HSA,MS,ASO,CE,Federal Contract Tower,0,0,5,27,32,0,0,20,17,37,0,0,25,44,69,28,22,50,119
07/20/2021,HSA,MS,ASO,CE,Federal Contract Tower,0,2,7,16,25,0,0,11,14,25,0,2,18,30,50,22,76,98,148
07/21/2021,HSA,MS,ASO,CE,Federal Contract Tower,0,1,12,41,54,0,0,36,19,55,0,1,48,60,109,20,44,64,173
07/22/2021,HSA,MS,ASO,CE,Federal Contract Tower,0,2,21,80,103,0,0,39,40,79,0,2,60,120,182,50,60,110,292
07/23/2021,HSA,MS,ASO,CE,Federal Contract Tower,0,0,2,34,36,0,0,26,11,37,0,0,28,45,73,40,18,58,131
07/24/2021,HSA,MS,ASO,CE,Federal Contract Tower,0,0,8,7,15,0,0,20,1,21,0,0,28,8,36,12,0,12,48
07/25/2021,HSA,MS,ASO,CE,Federal Contract Tower,0,0,2,8,10,0,0,7,5,12,0,0,9,13,22,8,20,28,50
07/26/2021,HSA,MS,ASO,CE,Federal Contract Tower,0,0,3,64,67,0,0,22,45,67,0,0,25,109,134,24,58,82,216
07/27/2021,HSA,MS,ASO,CE,Federal Contract Tower,0,0,11,105,116,0,0,35,63,98,0,0,46,168,214,22,82,104,318
07/28/2021,HSA,MS,ASO,CE,Federal Contract Tower,0,0,11,23,34,0,0,18,23,41,0,0,29,46,75,20,43,63,138
07/29/2021,HSA,MS,ASO,CE,Federal Contract Tower,0,2,3,17,22,0,0,23,32,55,0,2,26,49,77,18,72,90,167
07/30/2021,HSA,MS,ASO,CE,Federal Contract Tower,0,2,8,21,31,0,0,28,13,41,0,2,36,34,72,36,46,82,154
07/31/2021,HSA,MS,ASO,CE,Federal Contract Tower,0,0,1,0,1,0,0,8,1,9,0,0,9,1,10,36,0,36,46
08/01/2021,HSA,MS,ASO,CE,Federal Contract Tower,0,2,4,0,6,0,0,9,0,9,0,2,13,0,15,6,0,6,21
08/02/2021,HSA,MS,ASO,CE,Federal Contract Tower,0,1,10,5,16,0,0,10,4,14,0,1,20,9,30,14,6,20,50
08/03/2021,HSA,MS,ASO,CE,Federal Contract Tower,0,3,0,14,17,0,2,8,6,16,0,5,8,20,33,0,2,2,35
08/04/2021,HSA,MS,ASO,CE,Federal Contract Tower,0,0,10,21,31,0,0,19,23,42,0,0,29,44,73,40,32,72,145
08/05/2021,HSA,MS,ASO,CE,Federal Contract Tower,0,0,2,50,52,0,0,30,34,64,0,0,32,84,116,0,88,88,204
08/06/2021,HSA,MS,ASO,CE,Federal Contract Tower,0,0,5,41,46,0,0,27,33,60,0,0,32,74,106,14,82,96,202
08/07/2021,HSA,MS,ASO,CE,Federal Contract Tower,0,0,0,20,20,0,0,2,19,21,0,0,2,39,41,20,18,38,79
08/08/2021,HSA,MS,ASO,CE,Federal Contract Tower,0,0,4,0,4,0,0,5,0,5,0,0,9,0,9,6,0,6,15
08/09/2021,HSA,MS,ASO,CE,Federal Contract Tower,0,2,0,39,41,0,0,14,38,52,0,2,14,77,93,18,19,37,130
08/10/2021,HSA,MS,ASO,CE,Federal Contract Tower,0,0,3,25,28,0,0,14,18,32,0,0,17,43,60,2,36,38,98
08/11/2021,HSA,MS,ASO,CE,Federal Contract Tower,0,0,0,40,40,0,0,21,33,54,0,0,21,73,94,10,48,58,152
08/12/2021,HSA,MS,ASO,CE,Federal Contract Tower,0,1,4,21,26,0,0,14,15,29,0,1,18,36,55,0,28,28,83
08/13/2021,HSA,MS,ASO,CE,Federal Contract Tower,0,0,3,29,32,0,0,22,5,27,0,0,25,34,59,18,2,20,79
08/14/2021,HSA,MS,ASO,CE,Federal Contract Tower,0,0,2,0,2,0,0,17,0,17,0,0,19,0,19,30,0,30,49
08/15/2021,HSA,MS,ASO,CE,Federal Contract Tower,0,0,4,4,8,0,0,13,1,14,0,0,17,5,22,8,0,8,30
08/16/2021,HSA,MS,ASO,CE,Federal Contract Tower,0,2,5,17,24,0,0,14,9,23,0,2,19,26,47,8,42,50,97
08/17/2021,HSA,MS,ASO,CE,Federal Contract Tower,0,0,4,73,77,0,0,26,48,74,0,0,30,121,151,2,34,36,187
08/18/2021,HSA,MS,ASO,CE,Federal Contract Tower,0,0,7,53,60,0,0,27,41,68,0,0,34,94,128,16,112,128,256
08/19/2021,HSA,MS,ASO,CE,Federal Contract Tower,0,0,4,39,43,0,0,12,31,43,0,0,16,70,86,0,18,18,104
08/20/2021,HSA,MS,ASO,CE,Federal Contract Tower,0,0,6,34,40,0,0,26,11,37,0,0,32,45,77,8,18,26,103
08/21/2021,HSA,MS,ASO,CE,Federal Contract Tower,0,0,6,7,13,0,0,17,4,21,0,0,23,11,34,26,14,40,74
08/22/2021,HSA,MS,ASO,CE,Federal Contract Tower,0,0,4,4,8,0,0,19,0,19,0,0,23,4,27,0,0,0,27
08/23/2021,HSA,MS,ASO,CE,Federal Contract Tower,0,0,0,37,37,0,0,13,37,50,0,0,13,74,87,18,70,88,175
08/24/2021,HSA,MS,ASO,CE,Federal Contract Tower,0,0,5,63,68,0,0,28,43,71,0,0,33,106,139,0,75,75,214
08/25/2021,HSA,MS,ASO,CE,Federal Contract Tower,0,2,6,39,47,0,0,15,22,37,0,2,21,61,84,20,52,72,156
08/26/2021,HSA,MS,ASO,CE,Federal Contract Tower,0,0,0,16,16,0,0,2,12,14,0,0,2,28,30,0,36,36,66
08/27/2021,HSA,MS,ASO,CE,Federal Contract Tower,0,0,2,2,4,0,0,0,2,2,0,0,2,4,6,0,0,0,6
08/31/2021,HSA,MS,ASO,CE,Federal Contract Tower,0,15,3,20,38,0,34,15,23,72,0,49,18,43,110,0,20,20,130
09/01/2021,HSA,MS,ASO,CE,Federal Contract Tower,0,9,4,27,40,0,16,28,37,81,0,25,32,64,121,0,22,22,143
09/02/2021,HSA,MS,ASO,CE,Federal Contract Tower,0,6,3,13,22,0,24,24,23,71,0,30,27,36,93,0,45,45,138
09/03/2021,HSA,MS,ASO,CE,Federal Contract Tower,0,0,6,0,6,0,11,27,6,44,0,11,33,6,50,32,0,32,82
09/04/2021,HSA,MS,ASO,CE,Federal Contract Tower,0,1,10,1,12,0,29,11,1,41,0,30,21,2,53,16,2,18,71
09/05/2021,HSA,MS,ASO,CE,Federal Contract Tower,0,6,13,4,23,0,31,9,5,45,0,37,22,9,68,14,2,16,84
09/06/2021,HSA,MS,ASO,CE,Federal Contract Tower,0,6,5,0,11,0,30,5,0,35,0,36,10,0,46,4,0,4,50
09/07/2021,HSA,MS,ASO,CE,Federal Contract Tower,0,12,2,25,39,0,34,9,16,59,0,46,11,41,98,6,24,30,128
09/08/2021,HSA,MS,ASO,CE,Federal Contract Tower,0,7,3,33,43,0,28,15,21,64,0,35,18,54,107,0,24,24,131
09/09/2021,HSA,MS,ASO,CE,Federal Contract Tower,0,6,7,55,68,0,24,34,52,110,0,30,41,107,178,2,90,92,270
09/10/2021,HSA,MS,ASO,CE,Federal Contract Tower,0,3,3,33,39,0,34,19,26,79,0,37,22,59,118,6,18,24,142
09/11/2021,HSA,MS,ASO,CE,Federal Contract Tower,0,7,1,11,19,0,16,13,1,30,0,23,14,12,49,26,8,34,83
09/12/2021,HSA,MS,ASO,CE,Federal Contract Tower,0,10,3,2,15,0,7,7,0,14,0,17,10,2,29,14,0,14,43
09/13/2021,HSA,MS,ASO,CE,Federal Contract Tower,0,15,0,41,56,0,14,24,20,58,0,29,24,61,114,14,0,14,128
09/14/2021,HSA,MS,ASO,CE,Federal Contract Tower,0,11,1,0,12,0,0,0,0,0,0,11,1,0,12,0,0,0,12
09/15/2021,HSA,MS,ASO,CE,Federal Contract Tower,0,14,0,0,14,0,2,0,0,2,0,16,0,0,16,0,0,0,16
09/16/2021,HSA,MS,ASO,CE,Federal Contract Tower,0,20,4,26,50,0,1,0,1,2,0,21,4,27,52,0,28,28,80
09/17/2021,HSA,MS,ASO,CE,Federal Contract Tower,0,16,5,0,21,0,0,1,0,1,0,16,6,0,22,0,0,0,22
09/18/2021,HSA,MS,ASO,CE,Federal Contract Tower,0,12,16,0,28,0,0,1,9,10,0,12,17,9,38,6,0,6,44
09/19/2021,HSA,MS,ASO,CE,Federal Contract Tower,0,12,6,0,18,0,10,3,0,13,0,22,9,0,31,0,0,0,31
09/20/2021,HSA,MS,ASO,CE,Federal Contract Tower,0,15,6,30,51,0,6,20,12,38,0,21,26,42,89,22,32,54,143
09/21/2021,HSA,MS,ASO,CE,Federal Contract Tower,0,16,2,23,41,0,7,17,10,34,0,23,19,33,75,0,20,20,95
09/22/2021,HSA,MS,ASO,CE,Federal Contract Tower,0,25,4,53,82,0,19,27,19,65,0,44,31,72,147,22,78,100,247
09/23/2021,HSA,MS,ASO,CE,Federal Contract Tower,0,12,6,24,42,0,21,34,37,92,0,33,40,61,134,4,54,58,192
09/24/2021,HSA,MS,ASO,CE,Federal Contract Tower,0,14,4,24,42,0,23,28,21,72,0,37,32,45,114,26,84,110,224
09/25/2021,HSA,MS,ASO,CE,Federal Contract Tower,0,2,3,6,11,0,0,6,17,23,0,2,9,23,34,18,0,18,52
09/26/2021,HSA,MS,ASO,CE,Federal Contract Tower,0,6,4,0,10,0,11,31,0,42,0,17,35,0,52,22,0,22,74
09/27/2021,HSA,MS,ASO,CE,Federal Contract Tower,0,15,1,38,54,0,20,32,38,90,0,35,33,76,144,14,32,46,190
09/28/2021,HSA,MS,ASO,CE,Federal Contract Tower,0,16,8,18,42,0,10,1,7,18,0,26,9,25,60,0,0,0,60
09/29/2021,HSA,MS,ASO,CE,Federal Contract Tower,0,23,9,16,48,0,6,3,5,14,0,29,12,21,62,0,6,6,68
09/30/2021,HSA,MS,ASO,CE,Federal Contract Tower,0,23,3,27,53,0,9,14,13,36,0,32,17,40,89,0,54,54,143
10/01/2021,HSA,MS,ASO,CE,Federal Contract Tower,0,14,7,25,46,3,10,22,19,54,3,24,29,44,100,10,24,34,134
10/02/2021,HSA,MS,ASO,CE,Federal Contract Tower,0,16,10,8,34,0,5,10,1,16,0,21,20,9,50,10,0,10,60
10/03/2021,HSA,MS,ASO,CE,Federal Contract Tower,0,9,4,0,13,0,18,4,0,22,0,27,8,0,35,3,0,3,38
10/04/2021,HSA,MS,ASO,CE,Federal Contract Tower,0,17,0,26,43,0,17,3,1,21,0,34,3,27,64,0,4,4,68
10/05/2021,HSA,MS,ASO,CE,Federal Contract Tower,0,21,5,27,53,0,11,15,0,26,0,32,20,27,79,4,30,34,113
10/06/2021,HSA,MS,ASO,CE,Federal Contract Tower,0,11,12,63,86,0,16,32,20,68,0,27,44,83,154,34,190,224,378
10/07/2021,HSA,MS,ASO,CE,Federal Contract Tower,0,19,4,50,73,0,17,29,41,87,0,36,33,91,160,18,64,82,242
10/08/2021,HSA,MS,ASO,CE,Federal Contract Tower,2,17,9,37,65,0,15,20,8,43,2,32,29,45,108,14,44,58,166
10/09/2021,HSA,MS,ASO,CE,Federal Contract Tower,0,7,3,0,10,0,7,30,0,37,0,14,33,0,47,38,0,38,85
10/10/2021,HSA,MS,ASO,CE,Federal Contract Tower,0,9,4,0,13,0,17,15,0,32,0,26,19,0,45,0,0,0,45
10/11/2021,HSA,MS,ASO,CE,Federal Contract Tower,0,15,4,1,20,0,11,25,0,36,0,26,29,1,56,12,0,12,68
10/12/2021,HSA,MS,ASO,CE,Federal Contract Tower,0,11,0,72,83,0,25,16,31,72,0,36,16,103,155,48,99,147,302
10/13/2021,HSA,MS,ASO,CE,Federal Contract Tower,0,23,11,49,83,0,14,40,29,83,0,37,51,78,166,43,48,91,257
10/14/2021,HSA,MS,ASO,CE,Federal Contract Tower,0,26,3,81,110,0,8,22,29,59,0,34,25,110,169,12,58,70,239
10/15/2021,HSA,MS,ASO,CE,Federal Contract Tower,0,24,10,36,70,0,8,8,11,27,0,32,18,47,97,24,50,74,171
10/16/2021,HSA,MS,ASO,CE,Federal Contract Tower,0,6,3,0,9,0,0,3,3,6,0,6,6,3,15,8,0,8,23
10/17/2021,HSA,MS,ASO,CE,Federal Contract Tower,0,16,2,3,21,0,6,13,0,19,0,22,15,3,40,0,0,0,40
10/18/2021,HSA,MS,ASO,CE,Federal Contract Tower,0,20,9,51,80,0,9,28,27,64,0,29,37,78,144,1,58,59,203
10/19/2021,HSA,MS,ASO,CE,Federal Contract Tower,0,12,9,44,65,0,22,30,35,87,0,34,39,79,152,48,90,138,290
10/20/2021,HSA,MS,ASO,CE,Federal Contract Tower,0,23,3,18,44,0,8,11,6,25,0,31,14,24,69,0,30,30,99
10/21/2021,HSA,MS,ASO,CE,Federal Contract Tower,0,15,14,27,56,0,6,12,11,29,0,21,26,38,85,50,64,114,199
10/23/2021,HSA,MS,ASO,CE,Federal Contract Tower,0,2,14,3,19,0,4,39,7,50,0,6,53,10,69,24,12,36,105
10/24/2021,HSA,MS,ASO,CE,Federal Contract Tower,0,3,3,12,18,0,0,7,3,10,0,3,10,15,28,0,0,0,28
10/25/2021,HSA,MS,ASO,CE,Federal Contract Tower,0,25,9,45,79,0,2,6,19,27,0,27,15,64,106,24,60,84,190
10/26/2021,HSA,MS,ASO,CE,Federal Contract Tower,0,16,12,41,69,0,19,24,21,64,0,35,36,62,133,10,32,42,175
10/27/2021,HSA,MS,ASO,CE,Federal Contract Tower,0,17,8,21,46,0,1,7,8,16,0,18,15,29,62,4,66,70,132
10/28/2021,HSA,MS,ASO,CE,Federal Contract Tower,0,12,2,37,51,0,12,4,24,40,0,24,6,61,91,2,64,66,157
10/29/2021,HSA,MS,ASO,CE,Federal Contract Tower,0,19,3,31,53,0,0,0,0,0,0,19,3,31,53,2,38,40,93
10/30/2021,HSA,MS,ASO,CE,Federal Contract Tower,0,0,4,4,8,0,4,18,2,24,0,4,22,6,32,36,14,50,82
10/31/2021,HSA,MS,ASO,CE,Federal Contract Tower,0,0,4,4,8,0,1,17,4,22,0,1,21,8,30,6,0,6,36
11/01/2021,HSA,MS,ASO,CE,Federal Contract Tower,0,0,6,65,71,0,0,28,46,74,0,0,34,111,145,30,82,112,257
11/02/2021,HSA,MS,ASO,CE,Federal Contract Tower,0,0,11,30,41,0,0,24,39,63,0,0,35,69,104,2,60,62,166
11/03/2021,HSA,MS,ASO,CE,Federal Contract Tower,0,0,3,45,48,0,2,11,51,64,0,2,14,96,112,28,56,84,196
11/04/2021,HSA,MS,ASO,CE,Federal Contract Tower,0,0,3,57,60,0,0,3,24,27,0,0,6,81,87,2,70,72,159
11/05/2021,HSA,MS,ASO,CE,Federal Contract Tower,0,0,1,41,42,0,0,6,23,29,0,0,7,64,71,0,18,18,89
11/06/2021,HSA,MS,ASO,CE,Federal Contract Tower,0,0,1,3,4,0,0,13,1,14,0,0,14,4,18,8,2,10,28
11/07/2021,HSA,MS,ASO,CE,Federal Contract Tower,0,0,2,16,18,0,0,17,28,45,0,0,19,44,63,6,46,52,115
11/08/2021,HSA,MS,ASO,CE,Federal Contract Tower,0,4,7,66,77,0,0,26,55,81,0,4,33,121,158,4,76,80,238
11/09/2021,HSA,MS,ASO,CE,Federal Contract Tower,0,0,6,59,65,0,0,13,26,39,0,0,19,85,104,0,116,116,220
11/10/2021,HSA,MS,ASO,CE,Federal Contract Tower,0,0,4,53,57,0,0,17,24,41,0,0,21,77,98,12,24,36,134
11/11/2021,HSA,MS,ASO,CE,Federal Contract Tower,0,1,2,5,8,0,0,18,3,21,0,1,20,8,29,86,2,88,117
11/12/2021,HSA,MS,ASO,CE,Federal Contract Tower,0,0,5,22,27,0,0,30,0,30,0,0,35,22,57,130,24,154,211
11/13/2021,HSA,MS,ASO,CE,Federal Contract Tower,0,0,4,0,4,0,0,17,0,17,0,0,21,0,21,46,0,46,67
11/14/2021,HSA,MS,ASO,CE,Federal Contract Tower,0,0,5,0,5,0,0,0,0,0,0,0,5,0,5,0,0,0,5
11/15/2021,HSA,MS,ASO,CE,Federal Contract Tower,0,1,7,59,67,0,1,25,44,70,0,2,32,103,137,50,40,90,227
11/16/2021,HSA,MS,ASO,CE,Federal Contract Tower,0,0,7,58,65,0,0,21,59,80,0,0,28,117,145,18,152,170,315
11/17/2021,HSA,MS,ASO,CE,Federal Contract Tower,0,0,0,46,46,0,0,26,38,64,0,0,26,84,110,28,55,83,193
11/18/2021,HSA,MS,ASO,CE,Federal Contract Tower,0,0,1,12,13,0,0,14,4,18,0,0,15,16,31,22,32,54,85
11/19/2021,HSA,MS,ASO,CE,Federal Contract Tower,1,0,2,36,39,0,0,28,26,54,1,0,30,62,93,64,20,84,177
11/20/2021,HSA,MS,ASO,CE,Federal Contract Tower,0,0,4,0,4,0,0,22,0,22,0,0,26,0,26,14,0,14,40
11/21/2021,HSA,MS,ASO,CE,Federal Contract Tower,0,2,4,1,7,0,0,8,3,11,0,2,12,4,18,0,6,6,24
11/22/2021,HSA,MS,ASO,CE,Federal Contract Tower,0,0,4,33,37,0,0,9,25,34,0,0,13,58,71,8,56,64,135
11/23/2021,HSA,MS,ASO,CE,Federal Contract Tower,0,0,4,31,35,0,0,35,46,81,0,0,39,77,116,12,73,85,201
11/24/2021,HSA,MS,ASO,CE,Federal Contract Tower,0,0,14,7,21,0,0,9,0,9,0,0,23,7,30,12,0,12,42
11/25/2021,HSA,MS,ASO,CE,Federal Contract Tower,0,0,0,0,0,0,0,7,0,7,0,0,7,0,7,4,0,4,11
11/26/2021,HSA,MS,ASO,CE,Federal Contract Tower,0,2,4,0,6,0,0,15,0,15,0,2,19,0,21,0,0,0,21
11/27/2021,HSA,MS,ASO,CE,Federal Contract Tower,0,2,4,0,6,0,0,7,0,7,0,2,11,0,13,8,0,8,21
11/28/2021,HSA,MS,ASO,CE,Federal Contract Tower,0,4,1,2,7,0,0,14,0,14,0,4,15,2,21,16,0,16,37
11/29/2021,HSA,MS,ASO,CE,Federal Contract Tower,0,0,6,44,50,0,0,12,30,42,0,0,18,74,92,30,68,98,190
11/30/2021,HSA,MS,ASO,CE,Federal Contract Tower,0,1,6,63,70,0,0,16,46,62,0,1,22,109,132,8,80,88,220
12/01/2021,HSA,MS,ASO,CE,Federal Contract Tower,0,0,9,71,80,0,0,21,62,83,0,0,30,133,163,30,98,128,291
12/02/2021,HSA,MS,ASO,CE,Federal Contract Tower,0,2,5,54,61,0,0,17,28,45,0,2,22,82,106,4,46,50,156
12/03/2021,HSA,MS,ASO,CE,Federal Contract Tower,0,1,14,37,52,0,0,13,13,26,0,1,27,50,78,14,6,20,98
12/04/2021,HSA,MS,ASO,CE,Federal Contract Tower,0,2,1,4,7,0,0,17,0,17,0,2,18,4,24,28,0,28,52
12/05/2021,HSA,MS,ASO,CE,Federal Contract Tower,0,0,5,11,16,0,0,24,0,24,0,0,29,11,40,12,0,12,52
12/06/2021,HSA,MS,ASO,CE,Federal Contract Tower,0,1,6,14,21,0,0,4,7,11,0,1,10,21,32,0,38,38,70
12/07/2021,HSA,MS,ASO,CE,Federal Contract Tower,0,5,2,26,33,0,0,0,0,0,0,5,2,26,33,0,0,0,33
12/08/2021,HSA,MS,ASO,CE,Federal Contract Tower,0,0,4,14,18,0,0,5,15,20,0,0,9,29,38,8,20,28,66
12/09/2021,HSA,MS,ASO,CE,Federal Contract Tower,0,0,13,34,47,0,0,0,3,3,0,0,13,37,50,0,0,0,50
12/10/2021,HSA,MS,ASO,CE,Federal Contract Tower,0,1,8,49,58,0,0,4,9,13,0,1,12,58,71,0,22,22,93
12/11/2021,HSA,MS,ASO,CE,Federal Contract Tower,0,0,4,0,4,0,0,5,0,5,0,0,9,0,9,0,0,0,9
12/12/2021,HSA,MS,ASO,CE,Federal Contract Tower,0,0,2,0,2,0,0,39,2,41,0,0,41,2,43,20,4,24,67
12/13/2021,HSA,MS,ASO,CE,Federal Contract Tower,0,0,7,52,59,0,0,11,31,42,0,0,18,83,101,8,35,43,144
12/14/2021,HSA,MS,ASO,CE,Federal Contract Tower,0,0,5,89,94,0,0,0,4,4,0,0,5,93,98,0,27,27,125
12/15/2021,HSA,MS,ASO,CE,Federal Contract Tower,0,2,11,80,93,0,0,12,19,31,0,2,23,99,124,2,34,36,160
12/16/2021,HSA,MS,ASO,CE,Federal Contract Tower,0,0,4,65,69,0,0,14,21,35,0,0,18,86,104,10,24,34,138
12/17/2021,HSA,MS,ASO,CE,Federal Contract Tower,0,0,6,11,17,0,0,0,0,0,0,0,6,11,17,0,0,0,17
12/18/2021,HSA,MS,ASO,CE,Federal Contract Tower,0,0,0,0,0,0,0,3,0,3,0,0,3,0,3,6,0,6,9
12/19/2021,HSA,MS,ASO,CE,Federal Contract Tower,0,0,1,8,9,0,0,0,0,0,0,0,1,8,9,0,0,0,9
12/20/2021,HSA,MS,ASO,CE,Federal Contract Tower,0,0,3,26,29,0,0,15,7,22,0,0,18,33,51,34,12,46,97
12/21/2021,HSA,MS,ASO,CE,Federal Contract Tower,0,0,2,47,49,0,0,0,18,18,0,0,2,65,67,0,8,8,75
12/22/2021,HSA,MS,ASO,CE,Federal Contract Tower,0,2,2,18,22,0,0,45,25,70,0,2,47,43,92,29,44,73,165
12/23/2021,HSA,MS,ASO,CE,Federal Contract Tower,0,0,17,5,22,0,0,12,9,21,0,0,29,14,43,24,30,54,97
12/25/2021,HSA,MS,ASO,CE,Federal Contract Tower,0,0,0,0,0,0,0,2,0,2,0,0,2,0,2,4,0,4,6
12/26/2021,HSA,MS,ASO,CE,Federal Contract Tower,0,0,5,0,5,0,0,5,0,5,0,0,10,0,10,6,0,6,16
12/27/2021,HSA,MS,ASO,CE,Federal Contract Tower,0,0,2,18,20,0,4,8,4,16,0,4,10,22,36,32,12,44,80
12/28/2021,HSA,MS,ASO,CE,Federal Contract Tower,0,0,1,28,29,0,0,4,28,32,0,0,5,56,61,0,28,28,89
12/29/2021,HSA,MS,ASO,CE,Federal Contract Tower,0,2,5,13,20,0,0,0,4,4,0,2,5,17,24,0,6,6,30
12/30/2021,HSA,MS,ASO,CE,Federal Contract Tower,0,4,2,2,8,0,0,9,10,19,0,4,11,12,27,12,0,12,39
12/31/2021,HSA,MS,ASO,CE,Federal Contract Tower,0,15,20,0,35,0,0,9,7,16,0,15,29,7,51,0,0,0,51
01/01/2022,HSA,MS,ASO,CE,Federal Contract Tower,0,1,7,0,8,0,0,0,0,0,0,1,7,0,8,0,0,0,8
01/02/2022,HSA,MS,ASO,CE,Federal Contract Tower,0,13,4,0,17,0,21,0,0,21,0,34,4,0,38,0,0,0,38
01/03/2022,HSA,MS,ASO,CE,Federal Contract Tower,0,0,12,0,12,0,0,10,0,10,0,0,22,0,22,20,0,20,42
01/04/2022,HSA,MS,ASO,CE,Federal Contract Tower,0,0,13,24,37,0,1,13,27,41,0,1,26,51,78,0,50,50,128
01/05/2022,HSA,MS,ASO,CE,Federal Contract Tower,0,0,4,75,79,0,3,27,46,76,0,3,31,121,155,24,82,106,261
01/06/2022,HSA,MS,ASO,CE,Federal Contract Tower,0,0,4,49,53,0,0,10,26,36,0,0,14,75,89,2,86,88,177
01/07/2022,HSA,MS,ASO,CE,Federal Contract Tower,0,0,13,58,71,0,0,20,23,43,0,0,33,81,114,34,53,87,201
01/08/2022,HSA,MS,ASO,CE,Federal Contract Tower,0,0,5,2,7,0,0,15,2,17,0,0,20,4,24,18,0,18,42
01/09/2022,HSA,MS,ASO,CE,Federal Contract Tower,0,0,1,2,3,0,0,4,0,4,0,0,5,2,7,17,0,17,24
01/10/2022,HSA,MS,ASO,CE,Federal Contract Tower,0,0,8,17,25,0,0,10,11,21,0,0,18,28,46,10,24,34,80
01/11/2022,HSA,MS,ASO,CE,Federal Contract Tower,0,0,4,43,47,0,0,17,26,43,0,0,21,69,90,6,84,90,180
01/12/2022,HSA,MS,ASO,CE,Federal Contract Tower,0,1,5,45,51,0,0,27,50,77,0,1,32,95,128,38,144,182,310
01/13/2022,HSA,MS,ASO,CE,Federal Contract Tower,0,0,5,66,71,0,0,20,52,72,0,0,25,118,143,2,117,119,262
01/14/2022,HSA,MS,ASO,CE,Federal Contract Tower,0,0,9,51,60,0,0,30,18,48,0,0,39,69,108,0,16,16,124
01/15/2022,HSA,MS,ASO,CE,Federal Contract Tower,0,6,2,0,8,0,0,7,2,9,0,6,9,2,17,30,6,36,53
01/16/2022,HSA,MS,ASO,CE,Federal Contract Tower,0,1,0,2,3,0,0,2,6,8,0,1,2,8,11,4,0,4,15
01/17/2022,HSA,MS,ASO,CE,Federal Contract Tower,0,0,2,4,6,0,0,21,3,24,0,0,23,7,30,26,14,40,70
01/18/2022,HSA,MS,ASO,CE,Federal Contract Tower,0,0,17,69,86,0,0,21,38,59,0,0,38,107,145,2,62,64,209
01/19/2022,HSA,MS,ASO,CE,Federal Contract Tower,0,0,19,69,88,0,0,19,47,66,0,0,38,116,154,14,70,84,238
01/20/2022,HSA,MS,ASO,CE,Federal Contract Tower,0,0,4,8,12,0,0,0,0,0,0,0,4,8,12,0,0,0,12
01/21/2022,HSA,MS,ASO,CE,Federal Contract Tower,0,0,4,11,15,0,0,0,10,10,0,0,4,21,25,0,44,44,69
01/22/2022,HSA,MS,ASO,CE,Federal Contract Tower,0,0,4,2,6,0,0,24,4,28,0,0,28,6,34,49,0,49,83
01/23/2022,HSA,MS,ASO,CE,Federal Contract Tower,0,5,1,5,11,0,0,16,6,22,0,5,17,11,33,0,0,0,33
01/24/2022,HSA,MS,ASO,CE,Federal Contract Tower,0,0,6,27,33,0,0,15,18,33,0,0,21,45,66,2,36,38,104
01/25/2022,HSA,MS,ASO,CE,Federal Contract Tower,0,0,1,8,9,0,0,0,15,15,0,0,1,23,24,0,0,0,24
01/26/2022,HSA,MS,ASO,CE,Federal Contract Tower,0,0,5,62,67,0,0,28,48,76,0,0,33,110,143,14,114,128,271
01/27/2022,HSA,MS,ASO,CE,Federal Contract Tower,0,0,3,46,49,0,2,25,51,78,0,2,28,97,127,6,86,92,219
01/28/2022,HSA,MS,ASO,CE,Federal Contract Tower,0,2,5,42,49,0,0,11,41,52,0,2,16,83,101,7,54,61,162
01/29/2022,HSA,MS,ASO,CE,Federal Contract Tower,0,0,3,1,4,0,0,28,2,30,0,0,31,3,34,30,0,30,64
01/30/2022,HSA,MS,ASO,CE,Federal Contract Tower,0,0,1,6,7,0,0,11,10,21,0,0,12,16,28,2,0,2,30
01/31/2022,HSA,MS,ASO,CE,Federal Contract Tower,0,0,13,44,57,0,0,14,31,45,0,0,27,75,102,30,36,66,168
02/01/2022,HSA,MS,ASO,CE,Federal Contract Tower,0,0,1,41,42,0,2,6,19,27,0,2,7,60,69,0,24,24,93
02/02/2022,HSA,MS,ASO,CE,Federal Contract Tower,0,0,3,1,4,0,0,0,3,3,0,0,3,4,7,0,0,0,7
02/03/2022,HSA,MS,ASO,CE,Federal Contract Tower,0,0,3,13,16,0,0,0,0,0,0,0,3,13,16,0,0,0,16
02/04/2022,HSA,MS,ASO,CE,Federal Contract Tower,0,0,0,1,1,0,0,0,0,0,0,0,0,1,1,0,0,0,1
02/05/2022,HSA,MS,ASO,CE,Federal Contract Tower,0,0,2,3,5,0,0,23,10,33,0,0,25,13,38,35,32,67,105
02/06/2022,HSA,MS,ASO,CE,Federal Contract Tower,0,0,0,4,4,0,0,18,14,32,0,0,18,18,36,0,10,10,46
02/07/2022,HSA,MS,ASO,CE,Federal Contract Tower,0,2,5,33,40,0,2,10,6,18,0,4,15,39,58,2,46,48,106
02/08/2022,HSA,MS,ASO,CE,Federal Contract Tower,0,0,3,59,62,0,0,14,51,65,0,0,17,110,127,2,44,46,173
02/09/2022,HSA,MS,ASO,CE,Federal Contract Tower,0,1,6,82,89,0,1,20,67,88,0,2,26,149,177,14,114,128,305
02/10/2022,HSA,MS,ASO,CE,Federal Contract Tower,0,0,5,63,68,0,0,21,42,63,0,0,26,105,131,0,120,120,251
02/11/2022,HSA,MS,ASO,CE,Federal Contract Tower,0,0,5,61,66,0,0,32,30,62,0,0,37,91,128,67,82,149,277
02/12/2022,HSA,MS,ASO,CE,Federal Contract Tower,0,0,2,15,17,0,0,14,4,18,0,0,16,19,35,0,30,30,65
02/13/2022,HSA,MS,ASO,CE,Federal Contract Tower,0,2,1,2,5,0,0,12,5,17,0,2,13,7,22,2,0,2,24
02/14/2022,HSA,MS,ASO,CE,Federal Contract Tower,0,0,1,61,62,0,0,12,46,58,0,0,13,107,120,42,88,130,250
02/15/2022,HSA,MS,ASO,CE,Federal Contract Tower,0,0,10,79,89,0,6,25,39,70,0,6,35,118,159,0,84,84,243
02/16/2022,HSA,MS,ASO,CE,Federal Contract Tower,0,0,8,113,121,0,1,18,39,58,0,1,26,152,179,0,60,60,239
02/17/2022,HSA,MS,ASO,CE,Federal Contract Tower,0,0,0,23,23,0,0,0,0,0,0,0,0,23,23,0,0,0,23
02/18/2022,HSA,MS,ASO,CE,Federal Contract Tower,0,0,5,46,51,0,0,6,28,34,0,0,11,74,85,8,18,26,111
02/19/2022,HSA,MS,ASO,CE,Federal Contract Tower,0,0,5,6,11,0,1,12,1,14,0,1,17,7,25,8,0,8,33
02/20/2022,HSA,MS,ASO,CE,Federal Contract Tower,0,0,3,4,7,0,0,11,0,11,0,0,14,4,18,0,0,0,18
02/21/2022,HSA,MS,ASO,CE,Federal Contract Tower,0,0,7,2,9,0,0,0,2,2,0,0,7,4,11,0,0,0,11
02/22/2022,HSA,MS,ASO,CE,Federal Contract Tower,0,0,2,58,60,0,0,2,15,17,0,0,4,73,77,0,4,4,81
02/23/2022,HSA,MS,ASO,CE,Federal Contract Tower,0,0,8,32,40,0,0,5,22,27,0,0,13,54,67,0,34,34,101
02/24/2022,HSA,MS,ASO,CE,Federal Contract Tower,0,0,1,31,32,0,0,5,8,13,0,0,6,39,45,0,54,54,99
02/25/2022,HSA,MS,ASO,CE,Federal Contract Tower,0,2,0,17,19,0,0,0,15,15,0,2,0,32,34,0,48,48,82
02/26/2022,HSA,MS,ASO,CE,Federal Contract Tower,0,3,7,0,10,0,0,6,1,7,0,3,13,1,17,0,0,0,17
02/27/2022,HSA,MS,ASO,CE,Federal Contract Tower,0,0,2,3,5,0,0,1,0,1,0,0,3,3,6,0,0,0,6
02/28/2022,HSA,MS,ASO,CE,Federal Contract Tower,0,0,3,30,33,0,0,16,45,61,0,0,19,75,94,0,80,80,174
03/01/2022,HSA,MS,ASO,CE,Federal Contract Tower,0,0,9,79,88,0,0,34,84,118,0,0,43,163,206,14,206,220,426
03/02/2022,HSA,MS,ASO,CE,Federal Contract Tower,0,0,14,60,74,0,0,46,60,106,0,0,60,120,180,14,151,165,345
03/03/2022,HSA,MS,ASO,CE,Federal Contract Tower,0,2,6,82,90,0,0,30,64,94,0,2,36,146,184,26,125,151,335
03/04/2022,HSA,MS,ASO,CE,Federal Contract Tower,0,2,6,53,61,0,0,21,37,58,0,2,27,90,119,16,67,83,202
03/05/2022,HSA,MS,ASO,CE,Federal Contract Tower,0,1,6,12,19,0,0,23,0,23,0,1,29,12,42,38,14,52,94
03/06/2022,HSA,MS,ASO,CE,Federal Contract Tower,0,1,10,2,13,0,0,4,3,7,0,1,14,5,20,0,0,0,20
03/07/2022,HSA,MS,ASO,CE,Federal Contract Tower,0,0,8,24,32,0,0,2,0,2,0,0,10,24,34,2,4,6,40
03/08/2022,HSA,MS,ASO,CE,Federal Contract Tower,0,0,2,36,38,0,0,0,0,0,0,0,2,36,38,0,0,0,38
03/09/2022,HSA,MS,ASO,CE,Federal Contract Tower,0,0,5,23,28,0,1,0,6,7,0,1,5,29,35,0,0,0,35
03/10/2022,HSA,MS,ASO,CE,Federal Contract Tower,0,0,4,75,79,0,0,31,40,71,0,0,35,115,150,22,84,106,256
03/11/2022,HSA,MS,ASO,CE,Federal Contract Tower,0,0,1,12,13,0,0,0,0,0,0,0,1,12,13,0,0,0,13
03/12/2022,HSA,MS,ASO,CE,Federal Contract Tower,0,1,5,2,8,0,0,2,0,2,0,1,7,2,10,0,0,0,10
03/13/2022,HSA,MS,ASO,CE,Federal Contract Tower,0,0,16,4,20,0,0,20,0,20,0,0,36,4,40,0,0,0,40
03/14/2022,HSA,MS,ASO,CE,Federal Contract Tower,0,2,7,40,49,0,3,12,22,37,0,5,19,62,86,12,54,66,152
03/15/2022,HSA,MS,ASO,CE,Federal Contract Tower,0,0,17,52,69,0,0,21,25,46,0,0,38,77,115,4,58,62,177
03/16/2022,HSA,MS,ASO,CE,Federal Contract Tower,0,1,12,110,123,0,1,22,38,61,0,2,34,148,184,10,125,135,319
03/17/2022,HSA,MS,ASO,CE,Federal Contract Tower,0,0,12,43,55,0,0,34,36,70,0,0,46,79,125,34,87,121,246
03/18/2022,HSA,MS,ASO,CE,Federal Contract Tower,0,4,2,9,15,0,0,5,3,8,0,4,7,12,23,0,0,0,23
03/19/2022,HSA,MS,ASO,CE,Federal Contract Tower,0,0,7,1,8,0,0,10,0,10,0,0,17,1,18,0,0,0,18
03/20/2022,HSA,MS,ASO,CE,Federal Contract Tower,0,0,7,6,13,0,0,17,0,17,0,0,24,6,30,4,0,4,34
03/21/2022,HSA,MS,ASO,CE,Federal Contract Tower,0,0,0,55,55,0,0,10,20,30,0,0,10,75,85,0,58,58,143
03/22/2022,HSA,MS,ASO,CE,Federal Contract Tower,0,0,0,6,6,0,0,0,0,0,0,0,0,6,6,0,0,0,6
03/23/2022,HSA,MS,ASO,CE,Federal Contract Tower,0,0,12,68,80,0,0,12,46,58,0,0,24,114,138,7,114,121,259
03/24/2022,HSA,MS,ASO,CE,Federal Contract Tower,0,0,39,106,145,0,0,23,67,90,0,0,62,173,235,6,98,104,339
03/25/2022,HSA,MS,ASO,CE,Federal Contract Tower,0,1,4,56,61,0,0,26,29,55,0,1,30,85,116,16,56,72,188
03/26/2022,HSA,MS,ASO,CE,Federal Contract Tower,0,0,6,3,9,0,0,12,3,15,0,0,18,6,24,8,21,29,53
03/27/2022,HSA,MS,ASO,CE,Federal Contract Tower,0,0,2,4,6,0,0,15,4,19,0,0,17,8,25,0,14,14,39
03/28/2022,HSA,MS,ASO,CE,Federal Contract Tower,0,0,6,55,61,0,0,10,16,26,0,0,16,71,87,0,34,34,121
03/29/2022,HSA,MS,ASO,CE,Federal Contract Tower,0,1,15,24,40,0,0,17,27,44,0,1,32,51,84,10,80,90,174
03/30/2022,HSA,MS,ASO,CE,Federal Contract Tower,0,3,2,12,17,0,0,3,2,5,0,3,5,14,22,0,0,0,22
03/31/2022,HSA,MS,ASO,CE,Federal Contract Tower,0,0,24,36,60,0,0,47,29,76,0,0,71,65,136,40,38,78,214
04/01/2022,HSA,MS,ASO,CE,Federal Contract Tower,0,0,25,42,67,0,0,18,32,50,0,0,43,74,117,22,30,52,169
04/02/2022,HSA,MS,ASO,CE,Federal Contract Tower,0,2,3,2,7,0,0,15,1,16,0,2,18,3,23,12,0,12,35
04/03/2022,HSA,MS,ASO,CE,Federal Contract Tower,0,3,5,1,9,0,0,28,4,32,0,3,33,5,41,44,0,44,85
04/04/2022,HSA,MS,ASO,CE,Federal Contract Tower,0,0,6,53,59,0,0,19,22,41,0,0,25,75,100,32,58,90,190
04/05/2022,HSA,MS,ASO,CE,Federal Contract Tower,0,0,2,0,2,0,0,0,2,2,0,0,2,2,4,0,0,0,4
04/06/2022,HSA,MS,ASO,CE,Federal Contract Tower,0,0,2,62,64,0,0,6,12,18,0,0,8,74,82,6,22,28,110
04/07/2022,HSA,MS,ASO,CE,Federal Contract Tower,0,2,5,53,60,0,0,3,44,47,0,2,8,97,107,0,40,40,147
04/08/2022,HSA,MS,ASO,CE,Federal Contract Tower,0,0,6,50,56,0,0,10,21,31,0,0,16,71,87,4,40,44,131
04/09/2022,HSA,MS,ASO,CE,Federal Contract Tower,0,0,2,9,11,0,0,9,2,11,0,0,11,11,22,8,12,20,42
04/10/2022,HSA,MS,ASO,CE,Federal Contract Tower,0,0,4,6,10,0,0,11,7,18,0,0,15,13,28,10,0,10,38
04/11/2022,HSA,MS,ASO,CE,Federal Contract Tower,0,2,6,16,24,0,0,6,7,13,0,2,12,23,37,0,12,12,49
04/12/2022,HSA,MS,ASO,CE,Federal Contract Tower,0,0,3,49,52,0,0,4,17,21,0,0,7,66,73,14,36,50,123
04/13/2022,HSA,MS,ASO,CE,Federal Contract Tower,0,0,7,58,65,0,7,13,0,20,0,7,20,58,85,0,20,20,105
04/14/2022,HSA,MS,ASO,CE,Federal Contract Tower,0,0,10,31,41,0,0,6,19,25,0,0,16,50,66,10,16,26,92
04/15/2022,HSA,MS,ASO,CE,Federal Contract Tower,0,0,4,3,7,0,0,19,4,23,0,0,23,7,30,10,0,10,40
04/16/2022,HSA,MS,ASO,CE,Federal Contract Tower,0,5,0,0,5,0,0,12,0,12,0,5,12,0,17,4,0,4,21
04/17/2022,HSA,MS,ASO,CE,Federal Contract Tower,0,0,2,0,2,0,0,2,0,2,0,0,4,0,4,6,0,6,10
04/18/2022,HSA,MS,ASO,CE,Federal Contract Tower,0,0,6,13,19,0,0,17,5,22,0,0,23,18,41,10,12,22,63
04/19/2022,HSA,MS,ASO,CE,Federal Contract Tower,0,2,14,55,71,0,7,24,30,61,0,9,38,85,132,32,58,90,222
04/20/2022,HSA,MS,ASO,CE,Federal Contract Tower,0,0,16,73,89,0,5,23,48,76,0,5,39,121,165,8,48,56,221
04/21/2022,HSA,MS,ASO,CE,Federal Contract Tower,0,2,2,102,106,0,8,24,44,76,0,10,26,146,182,18,135,153,335
04/22/2022,HSA,MS,ASO,CE,Federal Contract Tower,0,0,4,57,61,0,1,14,30,45,0,1,18,87,106,2,40,42,148
04/23/2022,HSA,MS,ASO,CE,Federal Contract Tower,0,2,3,7,12,0,0,7,3,10,0,2,10,10,22,0,0,0,22
04/24/2022,HSA,MS,ASO,CE,Federal Contract Tower,0,0,3,7,10,0,0,4,1,5,0,0,7,8,15,0,0,0,15
04/25/2022,HSA,MS,ASO,CE,Federal Contract Tower,0,0,3,50,53,0,0,19,22,41,0,0,22,72,94,17,45,62,156
04/26/2022,HSA,MS,ASO,CE,Federal Contract Tower,0,0,4,69,73,2,1,10,8,21,2,1,14,77,94,8,28,36,130
04/27/2022,HSA,MS,ASO,CE,Federal Contract Tower,0,1,3,68,72,0,5,38,52,95,0,6,41,120,167,8,80,88,255
04/28/2022,HSA,MS,ASO,CE,Federal Contract Tower,0,0,13,98,111,0,5,39,39,83,0,5,52,137,194,14,76,90,284
04/29/2022,HSA,MS,ASO,CE,Federal Contract Tower,0,2,5,50,57,0,3,24,23,50,0,5,29,73,107,8,10,18,125
04/30/2022,HSA,MS,ASO,CE,Federal Contract Tower,0,0,3,10,13,0,0,16,4,20,0,0,19,14,33,4,18,22,55
05/01/2022,HSA,MS,ASO,CE,Federal Contract Tower,0,2,6,1,9,0,0,6,1,7,0,2,12,2,16,0,0,0,16
05/02/2022,HSA,MS,ASO,CE,Federal Contract Tower,0,0,9,68,77,0,7,21,19,47,0,7,30,87,124,4,80,84,208
05/03/2022,HSA,MS,ASO,CE,Federal Contract Tower,0,0,7,97,104,0,7,14,37,58,0,7,21,134,162,0,46,46,208
05/04/2022,HSA,MS,ASO,CE,Federal Contract Tower,0,0,15,72,87,0,3,23,38,64,0,3,38,110,151,12,64,76,227
05/05/2022,HSA,MS,ASO,CE,Federal Contract Tower,0,0,5,30,35,0,5,11,37,53,0,5,16,67,88,13,60,73,161
05/06/2022,HSA,MS,ASO,CE,Federal Contract Tower,0,0,5,5,10,0,0,8,3,11,0,0,13,8,21,8,0,8,29
05/07/2022,HSA,MS,ASO,CE,Federal Contract Tower,0,0,6,5,11,0,0,33,5,38,0,0,39,10,49,14,0,14,63
05/08/2022,HSA,MS,ASO,CE,Federal Contract Tower,0,0,2,0,2,0,0,13,0,13,0,0,15,0,15,14,0,14,29
05/09/2022,HSA,MS,ASO,CE,Federal Contract Tower,0,0,17,63,80,0,3,10,6,19,0,3,27,69,99,14,8,22,121
05/10/2022,HSA,MS,ASO,CE,Federal Contract Tower,0,0,10,66,76,0,3,18,35,56,0,3,28,101,132,22,108,130,262
05/11/2022,HSA,MS,ASO,CE,Federal Contract Tower,0,0,13,81,94,0,4,34,46,84,0,4,47,127,178,28,152,180,358
05/12/2022,HSA,MS,ASO,CE,Federal Contract Tower,0,0,8,40,48,0,3,19,25,47,0,3,27,65,95,61,62,123,218
05/13/2022,HSA,MS,ASO,CE,Federal Contract Tower,0,1,8,22,31,0,0,4,4,8,0,1,12,26,39,16,54,70,109
05/14/2022,HSA,MS,ASO,CE,Federal Contract Tower,0,0,5,5,10,0,0,7,2,9,0,0,12,7,19,0,10,10,29
05/15/2022,HSA,MS,ASO,CE,Federal Contract Tower,0,2,9,10,21,0,0,16,4,20,0,2,25,14,41,0,26,26,67
05/16/2022,HSA,MS,ASO,CE,Federal Contract Tower,0,0,11,49,60,0,3,40,32,75,0,3,51,81,135,22,44,66,201
05/17/2022,HSA,MS,ASO,CE,Federal Contract Tower,0,2,24,51,77,0,6,26,12,44,0,8,50,63,121,8,69,77,198
05/18/2022,HSA,MS,ASO,CE,Federal Contract Tower,0,0,13,44,57,0,2,29,20,51,0,2,42,64,108,65,42,107,215
05/19/2022,HSA,MS,ASO,CE,Federal Contract Tower,0,1,22,87,110,0,4,19,21,44,0,5,41,108,154,20,54,74,228
05/20/2022,HSA,MS,ASO,CE,Federal Contract Tower,0,0,8,59,67,0,0,24,29,53,0,0,32,88,120,26,38,64,184
05/21/2022,HSA,MS,ASO,CE,Federal Contract Tower,0,0,8,8,16,0,0,7,1,8,0,0,15,9,24,0,0,0,24
05/22/2022,HSA,MS,ASO,CE,Federal Contract Tower,0,0,2,2,4,0,0,0,1,1,0,0,2,3,5,0,6,6,11
05/23/2022,HSA,MS,ASO,CE,Federal Contract Tower,0,1,3,20,24,0,2,5,2,9,0,3,8,22,33,1,6,7,40
05/24/2022,HSA,MS,ASO,CE,Federal Contract Tower,0,1,6,19,26,0,6,7,2,15,0,7,13,21,41,0,66,66,107
05/25/2022,HSA,MS,ASO,CE,Federal Contract Tower,0,0,0,2,2,0,1,1,2,4,0,1,1,4,6,10,10,20,26
05/26/2022,HSA,MS,ASO,CE,Federal Contract Tower,0,0,8,27,35,0,0,15,21,36,0,0,23,48,71,0,64,64,135
05/27/2022,HSA,MS,ASO,CE,Federal Contract Tower,0,0,11,4,15,0,0,28,0,28,0,0,39,4,43,24,0,24,67
05/28/2022,HSA,MS,ASO,CE,Federal Contract Tower,0,6,13,0,19,0,0,37,0,37,0,6,50,0,56,22,8,30,86
05/29/2022,HSA,MS,ASO,CE,Federal Contract Tower,0,0,4,0,4,0,0,25,0,25,0,0,29,0,29,20,0,20,49
05/30/2022,HSA,MS,ASO,CE,Federal Contract Tower,0,0,0,0,0,0,6,14,0,20,0,6,14,0,20,0,0,0,20
05/31/2022,HSA,MS,ASO,CE,Federal Contract Tower,0,0,8,65,73,0,9,19,13,41,0,9,27,78,114,12,42,54,168
06/01/2022,HSA,MS,ASO,CE,Federal Contract Tower,0,7,9,25,41,0,7,18,12,37,0,14,27,37,78,38,38,76,154
06/02/2022,HSA,MS,ASO,CE,Federal Contract Tower,0,2,9,70,81,0,2,22,31,55,0,4,31,101,136,28,76,104,240
06/03/2022,HSA,MS,ASO,CE,Federal Contract Tower,0,2,7,40,49,0,5,17,35,57,0,7,24,75,106,67,39,106,212
06/04/2022,HSA,MS,ASO,CE,Federal Contract Tower,0,1,0,6,7,0,0,32,2,34,0,1,32,8,41,38,12,50,91
06/05/2022,HSA,MS,ASO,CE,Federal Contract Tower,0,0,2,8,10,0,0,12,5,17,0,0,14,13,27,24,32,56,83
06/06/2022,HSA,MS,ASO,CE,Federal Contract Tower,0,2,9,66,77,0,8,24,17,49,0,10,33,83,126,40,76,116,242
06/07/2022,HSA,MS,ASO,CE,Federal Contract Tower,0,1,26,85,112,0,3,21,36,60,0,4,47,121,172,20,92,112,284
06/08/2022,HSA,MS,ASO,CE,Federal Contract Tower,0,0,17,89,106,0,7,32,46,85,0,7,49,135,191,29,32,61,252
06/09/2022,HSA,MS,ASO,CE,Federal Contract Tower,0,0,3,21,24,0,6,22,7,35,0,6,25,28,59,10,24,34,93
06/10/2022,HSA,MS,ASO,CE,Federal Contract Tower,0,0,5,3,8,0,0,9,4,13,0,0,14,7,21,4,5,9,30
06/11/2022,HSA,MS,ASO,CE,Federal Contract Tower,0,0,4,2,6,0,0,26,1,27,0,0,30,3,33,0,1,1,34
06/12/2022,HSA,MS,ASO,CE,Federal Contract Tower,0,0,2,3,5,0,0,12,4,16,0,0,14,7,21,12,2,14,35
06/13/2022,HSA,MS,ASO,CE,Federal Contract Tower,0,0,8,30,38,0,11,14,0,25,0,11,22,30,63,30,24,54,117
06/14/2022,HSA,MS,ASO,CE,Federal Contract Tower,0,0,5,54,59,0,5,28,24,57,0,5,33,78,116,32,50,82,198
06/15/2022,HSA,MS,ASO,CE,Federal Contract Tower,0,0,18,43,61,0,2,40,26,68,0,2,58,69,129,44,51,95,224
06/16/2022,HSA,MS,ASO,CE,Federal Contract Tower,0,0,14,56,70,0,2,16,23,41,0,2,30,79,111,0,8,8,119
06/17/2022,HSA,MS,ASO,CE,Federal Contract Tower,0,0,9,46,55,0,5,25,32,62,0,5,34,78,117,57,28,85,202
06/18/2022,HSA,MS,ASO,CE,Federal Contract Tower,0,2,25,3,30,0,0,23,0,23,0,2,48,3,53,36,0,36,89
06/19/2022,HSA,MS,ASO,CE,Federal Contract Tower,0,0,6,3,9,0,0,15,4,19,0,0,21,7,28,12,6,18,46
06/20/2022,HSA,MS,ASO,CE,Federal Contract Tower,0,1,4,4,9,0,0,24,0,24,0,1,28,4,33,30,0,30,63
06/21/2022,HSA,MS,ASO,CE,Federal Contract Tower,0,0,4,77,81,0,1,19,22,42,0,1,23,99,123,36,42,78,201
06/22/2022,HSA,MS,ASO,CE,Federal Contract Tower,0,0,17,71,88,0,7,24,42,73,0,7,41,113,161,46,32,78,239
06/23/2022,HSA,MS,ASO,CE,Federal Contract Tower,0,0,8,55,63,0,2,27,36,65,0,2,35,91,128,4,30,34,162
06/24/2022,HSA,MS,ASO,CE,Federal Contract Tower,0,0,21,50,71,0,0,32,26,58,0,0,53,76,129,36,27,63,192
06/25/2022,HSA,MS,ASO,CE,Federal Contract Tower,0,0,7,1,8,0,0,20,1,21,0,0,27,2,29,31,0,31,60
06/26/2022,HSA,MS,ASO,CE,Federal Contract Tower,0,0,1,0,1,0,0,15,0,15,0,0,16,0,16,30,0,30,46
06/27/2022,HSA,MS,ASO,CE,Federal Contract Tower,0,1,1,73,75,0,5,17,30,52,0,6,18,103,127,47,34,81,208
06/28/2022,HSA,MS,ASO,CE,Federal Contract Tower,0,0,4,31,35,0,4,15,18,37,0,4,19,49,72,22,50,72,144
06/29/2022,HSA,MS,ASO,CE,Federal Contract Tower,0,2,9,8,19,0,8,13,6,27,0,10,22,14,46,2,30,32,78
06/30/2022,HSA,MS,ASO,CE,Federal Contract Tower,0,0,1,14,15,0,8,5,5,18,0,8,6,19,33,7,17,24,57
07/01/2022,HSA,MS,ASO,CE,Federal Contract Tower,0,1,11,8,20,0,0,18,0,18,0,1,29,8,38,45,0,45,83
07/02/2022,HSA,MS,ASO,CE,Federal Contract Tower,0,0,4,0,4,0,0,5,0,5,0,0,9,0,9,0,0,0,9
07/03/2022,HSA,MS,ASO,CE,Federal Contract Tower,0,0,4,0,4,0,1,3,0,4,0,1,7,0,8,0,0,0,8
07/04/2022,HSA,MS,ASO,CE,Federal Contract Tower,0,0,0,6,6,0,0,7,0,7,0,0,7,6,13,16,0,16,29
07/05/2022,HSA,MS,ASO,CE,Federal Contract Tower,0,2,2,15,19,0,0,17,3,20,0,2,19,18,39,0,10,10,49
07/06/2022,HSA,MS,ASO,CE,Federal Contract Tower,2,0,9,29,40,0,4,23,17,44,2,4,32,46,84,20,22,42,126
07/07/2022,HSA,MS,ASO,CE,Federal Contract Tower,0,0,14,79,93,0,7,27,23,57,0,7,41,102,150,64,22,86,236
07/08/2022,HSA,MS,ASO,CE,Federal Contract Tower,0,3,9,36,48,0,0,28,19,47,0,3,37,55,95,36,10,46,141
07/09/2022,HSA,MS,ASO,CE,Federal Contract Tower,0,0,12,6,18,0,0,30,0,30,0,0,42,6,48,40,0,40,88
07/10/2022,HSA,MS,ASO,CE,Federal Contract Tower,0,0,2,0,2,0,0,6,0,6,0,0,8,0,8,23,0,23,31
07/11/2022,HSA,MS,ASO,CE,Federal Contract Tower,0,1,4,32,37,0,0,23,0,23,0,1,27,32,60,10,0,10,70
07/12/2022,HSA,MS,ASO,CE,Federal Contract Tower,0,0,4,25,29,0,11,16,13,40,0,11,20,38,69,8,18,26,95
07/13/2022,HSA,MS,ASO,CE,Federal Contract Tower,0,0,4,32,36,0,6,10,19,35,0,6,14,51,71,38,48,86,157
07/14/2022,HSA,MS,ASO,CE,Federal Contract Tower,0,0,4,46,50,0,8,15,30,53,0,8,19,76,103,30,62,92,195
07/15/2022,HSA,MS,ASO,CE,Federal Contract Tower,0,2,11,14,27,0,7,18,22,47,0,9,29,36,74,26,2,28,102
07/16/2022,HSA,MS,ASO,CE,Federal Contract Tower,0,0,9,0,9,0,0,143,0,143,0,0,152,0,152,14,0,14,166
07/17/2022,HSA,MS,ASO,CE,Federal Contract Tower,0,0,10,0,10,0,0,8,0,8,0,0,18,0,18,22,0,22,40
07/18/2022,HSA,MS,ASO,CE,Federal Contract Tower,0,0,10,29,39,0,7,30,24,61,0,7,40,53,100,30,76,106,206
07/19/2022,HSA,MS,ASO,CE,Federal Contract Tower,0,0,18,48,66,0,4,18,35,57,0,4,36,83,123,14,114,128,251
07/20/2022,HSA,MS,ASO,CE,Federal Contract Tower,0,2,5,35,42,0,0,24,26,50,0,2,29,61,92,36,52,88,180
07/21/2022,HSA,MS,ASO,CE,Federal Contract Tower,0,0,19,51,70,0,0,33,26,59,0,0,52,77,129,15,55,70,199
07/22/2022,HSA,MS,ASO,CE,Federal Contract Tower,0,0,9,36,45,6,0,16,26,48,6,0,25,62,93,40,36,76,169
07/23/2022,HSA,MS,ASO,CE,Federal Contract Tower,0,0,10,0,10,0,0,9,0,9,0,0,19,0,19,6,0,6,25
07/24/2022,HSA,MS,ASO,CE,Federal Contract Tower,0,0,2,0,2,0,0,8,0,8,0,0,10,0,10,12,0,12,22
07/25/2022,HSA,MS,ASO,CE,Federal Contract Tower,0,0,6,17,23,0,0,10,5,15,0,0,16,22,38,0,8,8,46
07/26/2022,HSA,MS,ASO,CE,Federal Contract Tower,0,0,4,17,21,0,0,11,16,27,0,0,15,33,48,14,38,52,100
07/27/2022,HSA,MS,ASO,CE,Federal Contract Tower,0,0,17,63,80,0,0,19,41,60,0,0,36,104,140,12,74,86,226
07/28/2022,HSA,MS,ASO,CE,Federal Contract Tower,0,0,1,39,40,0,2,31,17,50,0,2,32,56,90,14,12,26,116
07/29/2022,HSA,MS,ASO,CE,Federal Contract Tower,0,2,6,25,33,0,2,16,9,27,0,4,22,34,60,18,0,18,78
07/30/2022,HSA,MS,ASO,CE,Federal Contract Tower,0,0,8,1,9,0,0,19,2,21,0,0,27,3,30,4,0,4,34
07/31/2022,HSA,MS,ASO,CE,Federal Contract Tower,0,0,9,0,9,0,0,12,0,12,0,0,21,0,21,14,0,14,35
08/01/2022,HSA,MS,ASO,CE,Federal Contract Tower,0,0,5,10,15,0,0,12,14,26,0,0,17,24,41,0,6,6,47
08/02/2022,HSA,MS,ASO,CE,Federal Contract Tower,0,1,5,6,12,0,1,5,11,17,0,2,10,17,29,0,10,10,39
08/03/2022,HSA,MS,ASO,CE,Federal Contract Tower,0,1,10,15,26,0,6,17,7,30,0,7,27,22,56,54,2,56,112
08/04/2022,HSA,MS,ASO,CE,Federal Contract Tower,0,1,11,23,35,0,5,11,12,28,0,6,22,35,63,0,18,18,81
08/05/2022,HSA,MS,ASO,CE,Federal Contract Tower,0,2,8,23,33,0,2,17,19,38,0,4,25,42,71,33,36,69,140
08/06/2022,HSA,MS,ASO,CE,Federal Contract Tower,0,1,2,2,5,0,0,2,0,2,0,1,4,2,7,0,0,0,7
08/07/2022,HSA,MS,ASO,CE,Federal Contract Tower,0,0,3,0,3,0,0,3,10,13,0,0,6,10,16,0,36,36,52
08/08/2022,HSA,MS,ASO,CE,Federal Contract Tower,0,0,10,20,30,0,8,8,6,22,0,8,18,26,52,10,18,28,80
08/09/2022,HSA,MS,ASO,CE,Federal Contract Tower,0,0,11,32,43,0,10,12,27,49,0,10,23,59,92,56,50,106,198
08/10/2022,HSA,MS,ASO,CE,Federal Contract Tower,0,1,11,16,28,0,11,13,6,30,0,12,24,22,58,2,6,8,66
08/11/2022,HSA,MS,ASO,CE,Federal Contract Tower,0,0,16,11,27,0,5,20,10,35,0,5,36,21,62,0,24,24,86
08/12/2022,HSA,MS,ASO,CE,Federal Contract Tower,0,0,10,49,59,0,4,10,16,30,0,4,20,65,89,0,12,12,101
08/13/2022,HSA,MS,ASO,CE,Federal Contract Tower,0,0,5,2,7,0,0,8,0,8,0,0,13,2,15,8,22,30,45
08/14/2022,HSA,MS,ASO,CE,Federal Contract Tower,0,0,5,4,9,0,0,12,0,12,0,0,17,4,21,32,0,32,53
08/15/2022,HSA,MS,ASO,CE,Federal Contract Tower,0,1,3,28,32,0,5,37,18,60,0,6,40,46,92,86,20,106,198
08/16/2022,HSA,MS,ASO,CE,Federal Contract Tower,0,0,13,24,37,0,11,19,15,45,0,11,32,39,82,10,64,74,156
08/17/2022,HSA,MS,ASO,CE,Federal Contract Tower,0,2,5,38,45,0,6,20,36,62,0,8,25,74,107,25,92,117,224
08/18/2022,HSA,MS,ASO,CE,Federal Contract Tower,0,3,9,27,39,0,0,26,27,53,0,3,35,54,92,8,34,42,134
08/19/2022,HSA,MS,ASO,CE,Federal Contract Tower,0,0,4,8,12,0,0,10,7,17,0,0,14,15,29,12,22,34,63
08/20/2022,HSA,MS,ASO,CE,Federal Contract Tower,0,2,3,0,5,0,0,3,0,3,0,2,6,0,8,8,0,8,16
08/21/2022,HSA,MS,ASO,CE,Federal Contract Tower,0,0,1,0,1,0,0,6,0,6,0,0,7,0,7,0,0,0,7
08/22/2022,HSA,MS,ASO,CE,Federal Contract Tower,0,0,15,15,30,0,1,18,23,42,0,1,33,38,72,4,12,16,88
08/23/2022,HSA,MS,ASO,CE,Federal Contract Tower,0,0,0,6,6,0,7,2,2,11,0,7,2,8,17,0,8,8,25
08/24/2022,HSA,MS,ASO,CE,Federal Contract Tower,0,0,3,3,6,0,2,6,0,8,0,2,9,3,14,14,0,14,28
08/25/2022,HSA,MS,ASO,CE,Federal Contract Tower,0,0,1,11,12,0,3,13,1,17,0,3,14,12,29,4,0,4,33
08/26/2022,HSA,MS,ASO,CE,Federal Contract Tower,0,0,3,12,15,0,0,8,3,11,0,0,11,15,26,2,34,36,62
08/27/2022,HSA,MS,ASO,CE,Federal Contract Tower,0,3,8,0,11,0,0,23,0,23,0,3,31,0,34,0,0,0,34
08/28/2022,HSA,MS,ASO,CE,Federal Contract Tower,0,0,6,3,9,0,0,15,0,15,0,0,21,3,24,6,0,6,30
08/29/2022,HSA,MS,ASO,CE,Federal Contract Tower,0,2,10,44,56,0,5,14,33,52,0,7,24,77,108,18,60,78,186
08/30/2022,HSA,MS,ASO,CE,Federal Contract Tower,0,0,19,28,47,0,13,12,23,48,0,13,31,51,95,16,42,58,153
08/31/2022,HSA,MS,ASO,CE,Federal Contract Tower,0,0,6,69,75,0,2,27,54,83,0,2,33,123,158,28,88,116,274
09/01/2022,HSA,MS,ASO,CE,Federal Contract Tower,0,0,9,60,69,0,0,31,45,76,0,0,40,105,145,38,57,95,240
09/02/2022,HSA,MS,ASO,CE,Federal Contract Tower,0,12,11,11,34,0,0,36,6,42,0,12,47,17,76,36,0,36,112
09/03/2022,HSA,MS,ASO,CE,Federal Contract Tower,0,0,4,0,4,0,0,6,0,6,0,0,10,0,10,6,0,6,16
09/04/2022,HSA,MS,ASO,CE,Federal Contract Tower,0,0,10,0,10,0,0,3,0,3,0,0,13,0,13,0,0,0,13
09/05/2022,HSA,MS,ASO,CE,Federal Contract Tower,0,0,4,2,6,0,0,9,0,9,0,0,13,2,15,6,0,6,21
09/06/2022,HSA,MS,ASO,CE,Federal Contract Tower,0,0,11,58,69,0,10,22,18,50,0,10,33,76,119,34,34,68,187
09/07/2022,HSA,MS,ASO,CE,Federal Contract Tower,0,0,19,45,64,0,1,37,27,65,0,1,56,72,129,32,22,54,183
09/08/2022,HSA,MS,ASO,CE,Federal Contract Tower,0,0,4,57,61,0,2,17,29,48,0,2,21,86,109,14,78,92,201
09/09/2022,HSA,MS,ASO,CE,Federal Contract Tower,0,1,7,15,23,0,0,8,12,20,0,1,15,27,43,0,2,2,45
09/10/2022,HSA,MS,ASO,CE,Federal Contract Tower,0,0,1,4,5,0,0,17,1,18,0,0,18,5,23,24,0,24,47
09/11/2022,HSA,MS,ASO,CE,Federal Contract Tower,0,0,4,2,6,0,0,6,2,8,0,0,10,4,14,0,0,0,14
09/12/2022,HSA,MS,ASO,CE,Federal Contract Tower,0,0,17,74,91,0,4,30,24,58,0,4,47,98,149,26,72,98,247
09/13/2022,HSA,MS,ASO,CE,Federal Contract Tower,0,1,27,59,87,0,3,20,40,63,0,4,47,99,150,36,64,100,250
09/14/2022,HSA,MS,ASO,CE,Federal Contract Tower,0,0,10,45,55,0,1,33,45,79,0,1,43,90,134,58,74,132,266
09/15/2022,HSA,MS,ASO,CE,Federal Contract Tower,0,0,5,54,59,0,0,22,37,59,0,0,27,91,118,40,48,88,206
09/16/2022,HSA,MS,ASO,CE,Federal Contract Tower,0,0,4,48,52,0,0,26,14,40,0,0,30,62,92,20,58,78,170
09/17/2022,HSA,MS,ASO,CE,Federal Contract Tower,0,0,9,2,11,0,0,11,0,11,0,0,20,2,22,0,0,0,22
09/18/2022,HSA,MS,ASO,CE,Federal Contract Tower,0,2,13,0,15,0,0,18,0,18,0,2,31,0,33,48,0,48,81
09/19/2022,HSA,MS,ASO,CE,Federal Contract Tower,0,1,18,85,104,0,2,9,30,41,0,3,27,115,145,36,68,104,249
09/20/2022,HSA,MS,ASO,CE,Federal Contract Tower,0,1,9,62,72,0,4,25,39,68,0,5,34,101,140,46,138,184,324
09/21/2022,HSA,MS,ASO,CE,Federal Contract Tower,0,1,3,90,94,0,6,31,41,78,0,7,34,131,172,52,110,162,334
09/22/2022,HSA,MS,ASO,CE,Federal Contract Tower,0,0,6,75,81,0,1,18,44,63,0,1,24,119,144,34,196,230,374
09/23/2022,HSA,MS,ASO,CE,Federal Contract Tower,0,0,9,45,54,0,9,19,27,55,0,9,28,72,109,40,30,70,179
09/24/2022,HSA,MS,ASO,CE,Federal Contract Tower,0,0,7,8,15,0,0,29,7,36,0,0,36,15,51,34,0,34,85
09/25/2022,HSA,MS,ASO,CE,Federal Contract Tower,0,0,2,6,8,0,0,7,11,18,0,0,9,17,26,10,0,10,36
09/26/2022,HSA,MS,ASO,CE,Federal Contract Tower,0,0,6,55,61,0,2,16,23,41,0,2,22,78,102,18,78,96,198
09/27/2022,HSA,MS,ASO,CE,Federal Contract Tower,0,0,3,45,48,0,8,17,21,46,0,8,20,66,94,8,96,104,198
09/28/2022,HSA,MS,ASO,CE,Federal Contract Tower,0,0,3,12,15,0,0,27,24,51,0,0,30,36,66,18,40,58,124
09/29/2022,HSA,MS,ASO,CE,Federal Contract Tower,0,0,8,37,45,0,1,9,30,40,0,1,17,67,85,0,60,60,145
09/30/2022,HSA,MS,ASO,CE,Federal Contract Tower,0,2,8,47,57,0,0,21,30,51,0,2,29,77,108,30,46,76,184
10/01/2022,HSA,MS,ASO,CE,Federal Contract Tower,0,0,4,4,8,0,0,8,2,10,0,0,12,6,18,18,10,28,46
10/02/2022,HSA,MS,ASO,CE,Federal Contract Tower,0,2,0,0,2,0,0,20,0,20,0,2,20,0,22,16,0,16,38
10/03/2022,HSA,MS,ASO,CE,Federal Contract Tower,0,0,8,67,75,0,2,21,40,63,0,2,29,107,138,16,106,122,260
10/04/2022,HSA,MS,ASO,CE,Federal Contract Tower,0,2,9,31,42,0,4,15,17,36,0,6,24,48,78,4,50,54,132
10/05/2022,HSA,MS,ASO,CE,Federal Contract Tower,0,0,8,62,70,0,4,25,45,74,0,4,33,107,144,40,120,160,304
10/06/2022,HSA,MS,ASO,CE,Federal Contract Tower,0,0,7,57,64,0,4,29,30,63,0,4,36,87,127,32,78,110,237
10/07/2022,HSA,MS,ASO,CE,Federal Contract Tower,0,1,7,30,38,0,1,30,18,49,0,2,37,48,87,84,30,114,201
10/08/2022,HSA,MS,ASO,CE,Federal Contract Tower,0,0,5,2,7,0,0,25,0,25,0,0,30,2,32,24,0,24,56
10/09/2022,HSA,MS,ASO,CE,Federal Contract Tower,0,2,22,0,24,0,0,17,0,17,0,2,39,0,41,16,0,16,57
10/10/2022,HSA,MS,ASO,CE,Federal Contract Tower,0,1,20,0,21,0,2,22,0,24,0,3,42,0,45,10,0,10,55
10/11/2022,HSA,MS,ASO,CE,Federal Contract Tower,0,0,22,67,89,0,1,23,35,59,0,1,45,102,148,26,110,136,284
10/12/2022,HSA,MS,ASO,CE,Federal Contract Tower,0,1,2,10,13,0,7,4,6,17,0,8,6,16,30,2,4,6,36
10/13/2022,HSA,MS,ASO,CE,Federal Contract Tower,0,0,10,51,61,0,0,24,16,40,0,0,34,67,101,76,102,178,279
10/14/2022,HSA,MS,ASO,CE,Federal Contract Tower,0,0,6,33,39,0,10,37,15,62,0,10,43,48,101,38,74,112,213
10/15/2022,HSA,MS,ASO,CE,Federal Contract Tower,0,4,5,1,10,0,0,21,1,22,0,4,26,2,32,42,8,50,82
10/16/2022,HSA,MS,ASO,CE,Federal Contract Tower,0,0,2,13,15,0,0,13,12,25,0,0,15,25,40,0,4,4,44
10/17/2022,HSA,MS,ASO,CE,Federal Contract Tower,0,0,8,28,36,0,2,10,6,18,0,2,18,34,54,10,18,28,82
10/18/2022,HSA,MS,ASO,CE,Federal Contract Tower,0,0,6,35,41,0,8,31,36,75,0,8,37,71,116,44,52,96,212
10/19/2022,HSA,MS,ASO,CE,Federal Contract Tower,0,1,14,48,63,0,1,36,60,97,0,2,50,108,160,68,112,180,340
10/20/2022,HSA,MS,ASO,CE,Federal Contract Tower,0,1,4,45,50,0,2,9,42,53,0,3,13,87,103,18,98,116,219
10/21/2022,HSA,MS,ASO,CE,Federal Contract Tower,0,7,6,29,42,0,2,33,21,56,0,9,39,50,98,54,20,74,172
10/22/2022,HSA,MS,ASO,CE,Federal Contract Tower,0,2,2,1,5,0,0,16,1,17,0,2,18,2,22,0,0,0,22
10/23/2022,HSA,MS,ASO,CE,Federal Contract Tower,0,3,2,10,15,0,0,8,5,13,0,3,10,15,28,0,0,0,28
10/24/2022,HSA,MS,ASO,CE,Federal Contract Tower,0,0,5,48,53,0,4,22,20,46,0,4,27,68,99,6,52,58,157
10/25/2022,HSA,MS,ASO,CE,Federal Contract Tower,0,0,3,11,14,0,0,3,17,20,0,0,6,28,34,0,14,14,48
10/26/2022,HSA,MS,ASO,CE,Federal Contract Tower,0,0,6,56,62,0,10,30,35,75,0,10,36,91,137,52,144,196,333
10/27/2022,HSA,MS,ASO,CE,Federal Contract Tower,0,0,3,33,36,0,4,21,48,73,0,4,24,81,109,10,84,94,203
10/28/2022,HSA,MS,ASO,CE,Federal Contract Tower,0,0,7,51,58,0,8,15,28,51,0,8,22,79,109,60,86,146,255
10/29/2022,HSA,MS,ASO,CE,Federal Contract Tower,0,0,2,0,2,0,0,4,0,4,0,0,6,0,6,24,0,24,30
10/30/2022,HSA,MS,ASO,CE,Federal Contract Tower,0,0,4,2,6,0,0,8,1,9,0,0,12,3,15,8,4,12,27
10/31/2022,HSA,MS,ASO,CE,Federal Contract Tower,0,1,2,64,67,0,2,11,36,49,0,3,13,100,116,0,98,98,214
11/01/2022,HSA,MS,ASO,CE,Federal Contract Tower,0,0,4,50,54,0,2,12,24,38,0,2,16,74,92,14,104,118,210
11/02/2022,HSA,MS,ASO,CE,Federal Contract Tower,0,0,3,57,60,0,2,15,41,58,0,2,18,98,118,60,62,122,240
11/03/2022,HSA,MS,ASO,CE,Federal Contract Tower,0,2,5,45,52,0,2,39,29,70,0,4,44,74,122,40,70,110,232
11/04/2022,HSA,MS,ASO,CE,Federal Contract Tower,0,1,6,18,25,0,1,15,14,30,0,2,21,32,55,0,54,54,109
11/05/2022,HSA,MS,ASO,CE,Federal Contract Tower,0,1,0,0,1,0,0,0,0,0,0,1,0,0,1,0,0,0,1
11/06/2022,HSA,MS,ASO,CE,Federal Contract Tower,0,1,1,5,7,0,0,35,5,40,0,1,36,10,47,132,12,144,191
11/07/2022,HSA,MS,ASO,CE,Federal Contract Tower,0,1,8,39,48,0,0,24,9,33,0,1,32,48,81,30,50,80,161
11/08/2022,HSA,MS,ASO,CE,Federal Contract Tower,0,0,7,57,64,0,0,10,34,44,0,0,17,91,108,10,112,122,230
11/09/2022,HSA,MS,ASO,CE,Federal Contract Tower,0,0,8,56,64,0,0,22,39,61,0,0,30,95,125,66,68,134,259
11/10/2022,HSA,MS,ASO,CE,Federal Contract Tower,0,0,2,18,20,0,0,20,11,31,0,0,22,29,51,40,10,50,101
11/11/2022,HSA,MS,ASO,CE,Federal Contract Tower,2,2,11,11,26,0,0,0,0,0,2,2,11,11,26,16,4,20,46
11/12/2022,HSA,MS,ASO,CE,Federal Contract Tower,0,0,0,0,0,0,0,0,0,0,0,0,0,0,0,0,0,0,0
11/13/2022,HSA,MS,ASO,CE,Federal Contract Tower,0,0,1,7,8,0,0,9,0,9,0,0,10,7,17,0,0,0,17
11/14/2022,HSA,MS,ASO,CE,Federal Contract Tower,0,1,5,17,23,0,0,1,13,14,0,1,6,30,37,0,8,8,45
11/15/2022,HSA,MS,ASO,CE,Federal Contract Tower,0,0,6,49,55,0,0,7,0,7,0,0,13,49,62,0,54,54,116
11/16/2022,HSA,MS,ASO,CE,Federal Contract Tower,0,0,7,38,45,0,0,22,39,61,0,0,29,77,106,66,78,144,250
11/17/2022,HSA,MS,ASO,CE,Federal Contract Tower,0,0,14,52,66,0,1,14,44,59,0,1,28,96,125,20,98,118,243
11/18/2022,HSA,MS,ASO,CE,Federal Contract Tower,0,0,5,38,43,0,0,29,29,58,0,0,34,67,101,58,70,128,229
11/19/2022,HSA,MS,ASO,CE,Federal Contract Tower,0,0,0,1,1,0,0,10,0,10,0,0,10,1,11,42,0,42,53
11/20/2022,HSA,MS,ASO,CE,Federal Contract Tower,0,0,9,4,13,0,0,9,0,9,0,0,18,4,22,0,0,0,22
11/21/2022,HSA,MS,ASO,CE,Federal Contract Tower,0,0,4,45,49,0,0,12,33,45,0,0,16,78,94,10,92,102,196
11/22/2022,HSA,MS,ASO,CE,Federal Contract Tower,0,0,7,29,36,0,0,14,20,34,0,0,21,49,70,0,14,14,84
11/23/2022,HSA,MS,ASO,CE,Federal Contract Tower,0,0,11,22,33,0,0,23,2,25,0,0,34,24,58,30,0,30,88
11/24/2022,HSA,MS,ASO,CE,Federal Contract Tower,0,0,0,0,0,0,0,0,0,0,0,0,0,0,0,0,0,0,0
11/25/2022,HSA,MS,ASO,CE,Federal Contract Tower,0,2,0,0,2,0,0,0,0,0,0,2,0,0,2,0,0,0,2
11/26/2022,HSA,MS,ASO,CE,Federal Contract Tower,0,2,0,0,2,0,0,0,0,0,0,2,0,0,2,0,0,0,2
11/27/2022,HSA,MS,ASO,CE,Federal Contract Tower,0,1,4,0,5,0,0,10,0,10,0,1,14,0,15,0,0,0,15
11/28/2022,HSA,MS,ASO,CE,Federal Contract Tower,0,0,8,46,54,0,0,9,15,24,0,0,17,61,78,0,14,14,92
11/29/2022,HSA,MS,ASO,CE,Federal Contract Tower,0,0,6,27,33,0,0,0,0,0,0,0,6,27,33,0,0,0,33
11/30/2022,HSA,MS,ASO,CE,Federal Contract Tower,0,0,1,29,30,0,0,8,40,48,0,0,9,69,78,20,54,74,152
12/01/2022,HSA,MS,ASO,CE,Federal Contract Tower,0,1,10,49,60,0,0,9,41,50,0,1,19,90,110,2,94,96,206
12/02/2022,HSA,MS,ASO,CE,Federal Contract Tower,0,0,2,53,55,0,0,17,22,39,0,0,19,75,94,38,111,149,243
12/03/2022,HSA,MS,ASO,CE,Federal Contract Tower,0,0,0,0,0,0,0,2,0,2,0,0,2,0,2,0,0,0,2
12/04/2022,HSA,MS,ASO,CE,Federal Contract Tower,0,0,2,6,8,0,0,4,4,8,0,0,6,10,16,10,10,20,36
12/05/2022,HSA,MS,ASO,CE,Federal Contract Tower,0,2,3,15,20,0,0,0,0,0,0,2,3,15,20,0,0,0,20
12/06/2022,HSA,MS,ASO,CE,Federal Contract Tower,0,0,5,76,81,0,4,13,23,40,0,4,18,99,121,12,108,120,241
12/07/2022,HSA,MS,ASO,CE,Federal Contract Tower,0,0,9,45,54,0,0,16,14,30,0,0,25,59,84,12,36,48,132
12/08/2022,HSA,MS,ASO,CE,Federal Contract Tower,0,0,1,25,26,0,0,5,10,15,0,0,6,35,41,6,10,16,57
12/09/2022,HSA,MS,ASO,CE,Federal Contract Tower,0,0,4,26,30,0,0,5,2,7,0,0,9,28,37,20,6,26,63
12/10/2022,HSA,MS,ASO,CE,Federal Contract Tower,0,1,8,0,9,0,0,4,0,4,0,1,12,0,13,20,0,20,33
12/11/2022,HSA,MS,ASO,CE,Federal Contract Tower,0,1,0,0,1,0,0,0,0,0,0,1,0,0,1,0,0,0,1
12/12/2022,HSA,MS,ASO,CE,Federal Contract Tower,0,0,3,53,56,0,0,5,13,18,0,0,8,66,74,40,32,72,146
12/13/2022,HSA,MS,ASO,CE,Federal Contract Tower,0,0,1,44,45,0,0,0,3,3,0,0,1,47,48,0,12,12,60
12/14/2022,HSA,MS,ASO,CE,Federal Contract Tower,0,0,0,5,5,0,0,1,0,1,0,0,1,5,6,0,0,0,6
12/15/2022,HSA,MS,ASO,CE,Federal Contract Tower,0,0,4,55,59,0,0,32,43,75,0,0,36,98,134,30,106,136,270
12/16/2022,HSA,MS,ASO,CE,Federal Contract Tower,0,1,15,37,53,0,0,41,32,73,0,1,56,69,126,44,84,128,254
12/17/2022,HSA,MS,ASO,CE,Federal Contract Tower,0,0,2,6,8,0,0,8,0,8,0,0,10,6,16,8,0,8,24
12/18/2022,HSA,MS,ASO,CE,Federal Contract Tower,0,1,4,2,7,0,0,14,0,14,0,1,18,2,21,10,0,10,31
12/19/2022,HSA,MS,ASO,CE,Federal Contract Tower,0,1,0,17,18,0,0,9,3,12,0,1,9,20,30,18,2,20,50
12/20/2022,HSA,MS,ASO,CE,Federal Contract Tower,0,0,0,2,2,0,0,0,0,0,0,0,0,2,2,0,0,0,2
12/21/2022,HSA,MS,ASO,CE,Federal Contract Tower,0,0,10,34,44,0,0,0,0,0,0,0,10,34,44,0,0,0,44
12/22/2022,HSA,MS,ASO,CE,Federal Contract Tower,0,0,4,28,32,0,0,7,0,7,0,0,11,28,39,0,16,16,55
12/23/2022,HSA,MS,ASO,CE,Federal Contract Tower,0,0,3,2,5,0,0,2,0,2,0,0,5,2,7,0,0,0,7
12/24/2022,HSA,MS,ASO,CE,Federal Contract Tower,0,2,1,0,3,0,0,0,0,0,0,2,1,0,3,0,0,0,3
12/25/2022,HSA,MS,ASO,CE,Federal Contract Tower,0,2,1,0,3,0,0,2,0,2,0,2,3,0,5,0,0,0,5
12/26/2022,HSA,MS,ASO,CE,Federal Contract Tower,0,0,8,0,8,0,0,31,0,31,0,0,39,0,39,0,0,0,39
12/27/2022,HSA,MS,ASO,CE,Federal Contract Tower,0,0,11,21,32,0,0,26,13,39,0,0,37,34,71,18,0,18,89
12/28/2022,HSA,MS,ASO,CE,Federal Contract Tower,0,0,6,28,34,0,0,21,17,38,0,0,27,45,72,2,10,12,84
12/29/2022,HSA,MS,ASO,CE,Federal Contract Tower,0,0,5,44,49,0,0,16,19,35,0,0,21,63,84,14,6,20,104
12/30/2022,HSA,MS,ASO,CE,Federal Contract Tower,0,1,0,0,1,0,0,0,0,0,0,1,0,0,1,0,0,0,1
12/31/2022,HSA,MS,ASO,CE,Federal Contract Tower,0,8,1,2,11,0,0,0,0,0,0,8,1,2,11,0,0,0,11
01/01/2023,HSA,MS,ASO,CE,Federal Contract Tower,0,5,8,0,13,0,0,2,0,2,0,5,10,0,15,0,0,0,15
01/02/2023,HSA,MS,ASO,CE,Federal Contract Tower,0,8,0,8,16,0,0,0,0,0,0,8,0,8,16,0,0,0,16
01/03/2023,HSA,MS,ASO,CE,Federal Contract Tower,0,1,0,0,1,0,0,0,0,0,0,1,0,0,1,0,0,0,1
01/04/2023,HSA,MS,ASO,CE,Federal Contract Tower,0,0,4,56,60,0,1,21,27,49,0,1,25,83,109,22,76,98,207
01/05/2023,HSA,MS,ASO,CE,Federal Contract Tower,0,0,15,53,68,0,0,21,29,50,0,0,36,82,118,26,69,95,213
01/06/2023,HSA,MS,ASO,CE,Federal Contract Tower,0,0,19,46,65,0,0,27,20,47,0,0,46,66,112,64,40,104,216
01/07/2023,HSA,MS,ASO,CE,Federal Contract Tower,0,2,11,2,15,0,0,21,4,25,0,2,32,6,40,26,0,26,66
01/08/2023,HSA,MS,ASO,CE,Federal Contract Tower,0,0,2,2,4,0,0,5,0,5,0,0,7,2,9,10,0,10,19
01/09/2023,HSA,MS,ASO,CE,Federal Contract Tower,0,0,12,41,53,0,0,24,41,65,0,0,36,82,118,8,52,60,178
01/10/2023,HSA,MS,ASO,CE,Federal Contract Tower,0,2,1,54,57,0,0,11,37,48,0,2,12,91,105,14,50,64,169
01/11/2023,HSA,MS,ASO,CE,Federal Contract Tower,0,6,4,33,43,0,0,8,14,22,0,6,12,47,65,12,34,46,111
01/12/2023,HSA,MS,ASO,CE,Federal Contract Tower,0,1,1,4,6,0,0,4,7,11,0,1,5,11,17,8,0,8,25
01/13/2023,HSA,MS,ASO,CE,Federal Contract Tower,0,0,6,29,35,0,0,8,16,24,0,0,14,45,59,54,12,66,125
01/14/2023,HSA,MS,ASO,CE,Federal Contract Tower,0,1,7,4,12,0,0,16,3,19,0,1,23,7,31,8,0,8,39
01/15/2023,HSA,MS,ASO,CE,Federal Contract Tower,0,1,8,6,15,0,0,39,0,39,0,1,47,6,54,30,8,38,92
01/16/2023,HSA,MS,ASO,CE,Federal Contract Tower,0,2,4,27,33,0,0,15,4,19,0,2,19,31,52,14,0,14,66
01/17/2023,HSA,MS,ASO,CE,Federal Contract Tower,0,2,7,62,71,0,0,20,35,55,0,2,27,97,126,22,64,86,212
01/18/2023,HSA,MS,ASO,CE,Federal Contract Tower,0,0,4,69,73,0,0,8,31,39,0,0,12,100,112,12,64,76,188
01/19/2023,HSA,MS,ASO,CE,Federal Contract Tower,0,0,12,31,43,0,0,30,31,61,0,0,42,62,104,7,90,97,201
01/20/2023,HSA,MS,ASO,CE,Federal Contract Tower,0,0,3,34,37,0,0,29,36,65,0,0,32,70,102,32,46,78,180
01/21/2023,HSA,MS,ASO,CE,Federal Contract Tower,0,1,0,2,3,0,0,3,0,3,0,1,3,2,6,2,0,2,8
01/22/2023,HSA,MS,ASO,CE,Federal Contract Tower,0,0,4,2,6,0,0,0,0,0,0,0,4,2,6,0,0,0,6
01/23/2023,HSA,MS,ASO,CE,Federal Contract Tower,0,0,2,48,50,0,2,30,69,101,0,2,32,117,151,43,117,160,311
01/24/2023,HSA,MS,ASO,CE,Federal Contract Tower,0,0,1,6,7,0,0,0,4,4,0,0,1,10,11,0,0,0,11
01/25/2023,HSA,MS,ASO,CE,Federal Contract Tower,0,0,4,42,46,0,0,16,42,58,0,0,20,84,104,6,96,102,206
01/26/2023,HSA,MS,ASO,CE,Federal Contract Tower,0,0,9,27,36,0,0,70,50,120,0,0,79,77,156,88,130,218,374
01/27/2023,HSA,MS,ASO,CE,Federal Contract Tower,0,0,16,14,30,0,0,35,5,40,0,0,51,19,70,18,12,30,100
01/28/2023,HSA,MS,ASO,CE,Federal Contract Tower,0,0,2,12,14,0,0,11,0,11,0,0,13,12,25,0,0,0,25
01/29/2023,HSA,MS,ASO,CE,Federal Contract Tower,0,0,1,0,1,0,0,2,0,2,0,0,3,0,3,0,0,0,3
01/30/2023,HSA,MS,ASO,CE,Federal Contract Tower,0,0,0,4,4,0,0,0,0,0,0,0,0,4,4,0,0,0,4
01/31/2023,HSA,MS,ASO,CE,Federal Contract Tower,0,0,0,9,9,0,0,2,0,2,0,0,2,9,11,6,0,6,17
02/01/2023,HSA,MS,ASO,CE,Federal Contract Tower,0,0,5,9,14,0,0,0,0,0,0,0,5,9,14,0,0,0,14
02/02/2023,HSA,MS,ASO,CE,Federal Contract Tower,0,0,0,9,9,0,0,0,0,0,0,0,0,9,9,0,0,0,9
02/03/2023,HSA,MS,ASO,CE,Federal Contract Tower,0,0,7,34,41,0,0,20,12,32,0,0,27,46,73,28,68,96,169
02/04/2023,HSA,MS,ASO,CE,Federal Contract Tower,0,2,4,6,12,0,0,19,4,23,0,2,23,10,35,38,14,52,87
02/05/2023,HSA,MS,ASO,CE,Federal Contract Tower,0,0,4,7,11,0,0,29,7,36,0,0,33,14,47,36,18,54,101
02/06/2023,HSA,MS,ASO,CE,Federal Contract Tower,0,0,26,44,70,0,0,18,43,61,0,0,44,87,131,2,80,82,213
02/07/2023,HSA,MS,ASO,CE,Federal Contract Tower,0,1,6,43,50,0,0,8,11,19,0,1,14,54,69,10,46,56,125
02/08/2023,HSA,MS,ASO,CE,Federal Contract Tower,0,1,4,3,8,0,0,0,0,0,0,1,4,3,8,0,0,0,8
02/09/2023,HSA,MS,ASO,CE,Federal Contract Tower,0,1,12,15,28,0,0,0,10,10,0,1,12,25,38,0,72,72,110
02/10/2023,HSA,MS,ASO,CE,Federal Contract Tower,0,0,10,14,24,0,1,5,17,23,0,1,15,31,47,2,66,68,115
02/11/2023,HSA,MS,ASO,CE,Federal Contract Tower,0,0,0,5,5,0,0,0,0,0,0,0,0,5,5,0,0,0,5
02/12/2023,HSA,MS,ASO,CE,Federal Contract Tower,0,0,2,4,6,0,0,15,3,18,0,0,17,7,24,0,0,0,24
02/13/2023,HSA,MS,ASO,CE,Federal Contract Tower,0,1,5,39,45,0,0,17,35,52,0,1,22,74,97,24,62,86,183
02/14/2023,HSA,MS,ASO,CE,Federal Contract Tower,0,5,15,46,66,0,0,9,18,27,0,5,24,64,93,19,66,85,178
02/15/2023,HSA,MS,ASO,CE,Federal Contract Tower,0,2,7,49,58,0,0,10,17,27,0,2,17,66,85,45,38,83,168
02/16/2023,HSA,MS,ASO,CE,Federal Contract Tower,0,0,4,18,22,0,0,1,1,2,0,0,5,19,24,12,10,22,46
02/17/2023,HSA,MS,ASO,CE,Federal Contract Tower,0,0,9,16,25,0,2,10,6,18,0,2,19,22,43,30,28,58,101
02/18/2023,HSA,MS,ASO,CE,Federal Contract Tower,0,0,7,2,9,0,0,8,2,10,0,0,15,4,19,0,0,0,19
02/19/2023,HSA,MS,ASO,CE,Federal Contract Tower,0,0,2,2,4,0,0,16,3,19,0,0,18,5,23,14,0,14,37
02/20/2023,HSA,MS,ASO,CE,Federal Contract Tower,0,0,0,8,8,0,0,6,1,7,0,0,6,9,15,14,0,14,29
02/21/2023,HSA,MS,ASO,CE,Federal Contract Tower,0,6,11,45,62,0,0,6,8,14,0,6,17,53,76,2,0,2,78
02/22/2023,HSA,MS,ASO,CE,Federal Contract Tower,0,2,7,37,46,0,0,4,9,13,0,2,11,46,59,0,28,28,87
02/23/2023,HSA,MS,ASO,CE,Federal Contract Tower,0,1,4,49,54,0,2,3,2,7,0,3,7,51,61,0,4,4,65
02/24/2023,HSA,MS,ASO,CE,Federal Contract Tower,0,0,2,28,30,0,0,5,2,7,0,0,7,30,37,0,0,0,37
02/25/2023,HSA,MS,ASO,CE,Federal Contract Tower,0,1,2,2,5,0,0,3,0,3,0,1,5,2,8,0,0,0,8
02/26/2023,HSA,MS,ASO,CE,Federal Contract Tower,0,2,10,8,20,0,0,16,5,21,0,2,26,13,41,12,0,12,53
02/27/2023,HSA,MS,ASO,CE,Federal Contract Tower,0,4,3,42,49,0,2,4,26,32,0,6,7,68,81,0,43,43,124
02/28/2023,HSA,MS,ASO,CE,Federal Contract Tower,0,0,6,60,66,0,0,22,25,47,0,0,28,85,113,26,78,104,217
03/01/2023,HSA,MS,ASO,CE,Federal Contract Tower,0,0,12,56,68,0,0,12,12,24,0,0,24,68,92,10,60,70,162
03/02/2023,HSA,MS,ASO,CE,Federal Contract Tower,0,0,15,53,68,0,0,2,10,12,0,0,17,63,80,6,38,44,124
03/03/2023,HSA,MS,ASO,CE,Federal Contract Tower,0,0,10,20,30,0,0,2,7,9,0,0,12,27,39,6,8,14,53
03/04/2023,HSA,MS,ASO,CE,Federal Contract Tower,0,4,5,10,19,0,0,37,2,39,0,4,42,12,58,24,0,24,82
03/05/2023,HSA,MS,ASO,CE,Federal Contract Tower,0,0,11,8,19,0,0,43,8,51,0,0,54,16,70,60,4,64,134
03/06/2023,HSA,MS,ASO,CE,Federal Contract Tower,0,0,9,37,46,0,0,3,4,7,0,0,12,41,53,8,0,8,61
03/07/2023,HSA,MS,ASO,CE,Federal Contract Tower,0,1,19,47,67,0,0,21,28,49,0,1,40,75,116,18,32,50,166
03/08/2023,HSA,MS,ASO,CE,Federal Contract Tower,0,0,26,53,79,0,0,4,24,28,0,0,30,77,107,12,22,34,141
03/09/2023,HSA,MS,ASO,CE,Federal Contract Tower,0,0,39,55,94,0,3,24,26,53,0,3,63,81,147,30,124,154,301
03/10/2023,HSA,MS,ASO,CE,Federal Contract Tower,0,0,32,57,89,0,0,26,27,53,0,0,58,84,142,40,54,94,236
03/11/2023,HSA,MS,ASO,CE,Federal Contract Tower,0,0,10,5,15,0,0,10,3,13,0,0,20,8,28,40,0,40,68
03/12/2023,HSA,MS,ASO,CE,Federal Contract Tower,0,0,10,11,21,0,0,7,1,8,0,0,17,12,29,0,0,0,29
03/13/2023,HSA,MS,ASO,CE,Federal Contract Tower,0,2,19,40,61,0,4,22,33,59,0,6,41,73,120,34,101,135,255
03/14/2023,HSA,MS,ASO,CE,Federal Contract Tower,0,0,21,43,64,0,0,37,27,64,0,0,58,70,128,66,46,112,240
03/15/2023,HSA,MS,ASO,CE,Federal Contract Tower,0,0,18,37,55,0,0,37,35,72,0,0,55,72,127,24,43,67,194
03/16/2023,HSA,MS,ASO,CE,Federal Contract Tower,0,1,19,43,63,0,30,23,48,101,0,31,42,91,164,16,78,94,258
03/17/2023,HSA,MS,ASO,CE,Federal Contract Tower,0,0,4,0,4,0,0,0,0,0,0,0,4,0,4,0,0,0,4
03/18/2023,HSA,MS,ASO,CE,Federal Contract Tower,0,0,8,10,18,0,0,12,8,20,0,0,20,18,38,0,10,10,48
03/19/2023,HSA,MS,ASO,CE,Federal Contract Tower,0,0,5,4,9,0,0,12,6,18,0,0,17,10,27,2,2,4,31
03/20/2023,HSA,MS,ASO,CE,Federal Contract Tower,0,3,28,54,85,0,0,37,27,64,0,3,65,81,149,74,54,128,277
03/21/2023,HSA,MS,ASO,CE,Federal Contract Tower,0,0,27,58,85,0,5,31,26,62,0,5,58,84,147,94,14,108,255
03/22/2023,HSA,MS,ASO,CE,Federal Contract Tower,0,0,13,65,78,0,0,35,35,70,0,0,48,100,148,28,162,190,338
03/23/2023,HSA,MS,ASO,CE,Federal Contract Tower,0,0,23,38,61,0,0,2,7,9,0,0,25,45,70,3,48,51,121
03/24/2023,HSA,MS,ASO,CE,Federal Contract Tower,0,0,17,52,69,0,0,0,5,5,0,0,17,57,74,0,12,12,86
03/25/2023,HSA,MS,ASO,CE,Federal Contract Tower,0,1,10,1,12,0,1,11,1,13,0,2,21,2,25,18,0,18,43
03/26/2023,HSA,MS,ASO,CE,Federal Contract Tower,0,0,12,3,15,0,0,11,0,11,0,0,23,3,26,42,0,42,68
03/27/2023,HSA,MS,ASO,CE,Federal Contract Tower,0,4,0,8,12,0,0,0,0,0,0,4,0,8,12,0,0,0,12
03/28/2023,HSA,MS,ASO,CE,Federal Contract Tower,0,2,15,0,17,0,0,21,0,21,0,2,36,0,38,0,22,22,60
03/29/2023,HSA,MS,ASO,CE,Federal Contract Tower,0,0,17,39,56,0,0,27,36,63,0,0,44,75,119,24,54,78,197
03/30/2023,HSA,MS,ASO,CE,Federal Contract Tower,0,0,33,39,72,0,0,29,17,46,0,0,62,56,118,14,58,72,190
03/31/2023,HSA,MS,ASO,CE,Federal Contract Tower,0,0,23,54,77,0,0,5,2,7,0,0,28,56,84,0,10,10,94
04/01/2023,HSA,MS,ASO,CE,Federal Contract Tower,0,1,1,7,9,0,0,8,5,13,0,1,9,12,22,10,16,26,48
04/02/2023,HSA,MS,ASO,CE,Federal Contract Tower,0,0,6,3,9,0,0,27,6,33,0,0,33,9,42,20,16,36,78
04/03/2023,HSA,MS,ASO,CE,Federal Contract Tower,0,0,12,54,66,0,0,8,20,28,0,0,20,74,94,0,12,12,106
04/04/2023,HSA,MS,ASO,CE,Federal Contract Tower,0,1,11,65,77,0,0,4,7,11,0,1,15,72,88,14,16,30,118
04/05/2023,HSA,MS,ASO,CE,Federal Contract Tower,0,0,16,47,63,0,0,8,2,10,0,0,24,49,73,0,0,0,73
04/06/2023,HSA,MS,ASO,CE,Federal Contract Tower,0,0,19,46,65,0,0,2,15,17,0,0,21,61,82,0,32,32,114
04/07/2023,HSA,MS,ASO,CE,Federal Contract Tower,0,0,16,23,39,0,0,0,0,0,0,0,16,23,39,0,0,0,39
04/08/2023,HSA,MS,ASO,CE,Federal Contract Tower,0,5,4,0,9,0,0,0,0,0,0,5,4,0,9,0,0,0,9
04/09/2023,HSA,MS,ASO,CE,Federal Contract Tower,0,2,4,0,6,0,0,5,0,5,0,2,9,0,11,0,0,0,11
04/10/2023,HSA,MS,ASO,CE,Federal Contract Tower,0,0,28,59,87,0,1,32,24,57,0,1,60,83,144,30,12,42,186
04/11/2023,HSA,MS,ASO,CE,Federal Contract Tower,0,3,27,51,81,0,2,9,31,42,0,5,36,82,123,10,40,50,173
04/12/2023,HSA,MS,ASO,CE,Federal Contract Tower,0,4,23,48,75,0,0,11,19,30,0,4,34,67,105,10,36,46,151
04/13/2023,HSA,MS,ASO,CE,Federal Contract Tower,0,0,18,38,56,0,0,2,17,19,0,0,20,55,75,0,8,8,83
04/14/2023,HSA,MS,ASO,CE,Federal Contract Tower,0,1,28,67,96,0,0,57,32,89,0,1,85,99,185,42,60,102,287
04/15/2023,HSA,MS,ASO,CE,Federal Contract Tower,0,1,6,3,10,0,0,3,1,4,0,1,9,4,14,0,4,4,18
04/16/2023,HSA,MS,ASO,CE,Federal Contract Tower,0,0,12,9,21,0,0,21,21,42,0,0,33,30,63,4,0,4,67
04/17/2023,HSA,MS,ASO,CE,Federal Contract Tower,0,0,22,47,69,0,3,39,41,83,0,3,61,88,152,28,66,94,246
04/18/2023,HSA,MS,ASO,CE,Federal Contract Tower,0,0,12,67,79,0,4,40,35,79,0,4,52,102,158,36,90,126,284
04/19/2023,HSA,MS,ASO,CE,Federal Contract Tower,0,0,23,42,65,0,2,26,40,68,0,2,49,82,133,52,64,116,249
04/20/2023,HSA,MS,ASO,CE,Federal Contract Tower,0,0,17,55,72,0,1,18,37,56,0,1,35,92,128,20,60,80,208
04/21/2023,HSA,MS,ASO,CE,Federal Contract Tower,0,0,4,16,20,0,0,5,18,23,0,0,9,34,43,0,58,58,101
04/22/2023,HSA,MS,ASO,CE,Federal Contract Tower,0,0,2,6,8,0,0,13,9,22,0,0,15,15,30,16,38,54,84
04/23/2023,HSA,MS,ASO,CE,Federal Contract Tower,0,1,2,2,5,0,0,13,0,13,0,1,15,2,18,20,0,20,38
04/24/2023,HSA,MS,ASO,CE,Federal Contract Tower,0,1,5,62,68,0,2,31,40,73,0,3,36,102,141,43,52,95,236
04/25/2023,HSA,MS,ASO,CE,Federal Contract Tower,0,0,13,53,66,0,0,39,41,80,0,0,52,94,146,78,78,156,302
04/26/2023,HSA,MS,ASO,CE,Federal Contract Tower,0,0,10,59,69,0,2,29,43,74,0,2,39,102,143,78,56,134,277
04/27/2023,HSA,MS,ASO,CE,Federal Contract Tower,0,0,0,11,11,0,1,11,12,24,0,1,11,23,35,2,18,20,55
04/28/2023,HSA,MS,ASO,CE,Federal Contract Tower,0,0,18,32,50,0,3,20,23,46,0,3,38,55,96,20,117,137,233
04/29/2023,HSA,MS,ASO,CE,Federal Contract Tower,0,0,1,3,4,0,2,6,0,8,0,2,7,3,12,54,0,54,66
04/30/2023,HSA,MS,ASO,CE,Federal Contract Tower,0,0,5,0,5,0,0,25,0,25,0,0,30,0,30,0,0,0,30
05/01/2023,HSA,MS,ASO,CE,Federal Contract Tower,0,0,8,69,77,0,1,26,39,66,0,1,34,108,143,18,30,48,191
05/02/2023,HSA,MS,ASO,CE,Federal Contract Tower,0,0,8,62,70,0,1,24,53,78,0,1,32,115,148,38,121,159,307
05/03/2023,HSA,MS,ASO,CE,Federal Contract Tower,0,0,24,61,85,0,1,25,54,80,0,1,49,115,165,84,92,176,341
05/04/2023,HSA,MS,ASO,CE,Federal Contract Tower,0,1,14,64,79,0,0,20,46,66,0,1,34,110,145,0,36,36,181
05/05/2023,HSA,MS,ASO,CE,Federal Contract Tower,0,0,9,9,18,0,0,8,4,12,0,0,17,13,30,0,0,0,30
05/06/2023,HSA,MS,ASO,CE,Federal Contract Tower,0,0,6,0,6,0,0,2,0,2,0,0,8,0,8,0,0,0,8
05/07/2023,HSA,MS,ASO,CE,Federal Contract Tower,0,0,10,0,10,0,0,30,0,30,0,0,40,0,40,10,0,10,50
05/08/2023,HSA,MS,ASO,CE,Federal Contract Tower,0,0,4,24,28,0,2,19,5,26,0,2,23,29,54,0,14,14,68
05/09/2023,HSA,MS,ASO,CE,Federal Contract Tower,0,0,6,13,19,0,1,15,5,21,0,1,21,18,40,0,20,20,60
05/10/2023,HSA,MS,ASO,CE,Federal Contract Tower,0,1,11,52,64,0,2,26,28,56,0,3,37,80,120,59,63,122,242
05/11/2023,HSA,MS,ASO,CE,Federal Contract Tower,0,0,7,26,33,0,0,10,7,17,0,0,17,33,50,1,13,14,64
05/12/2023,HSA,MS,ASO,CE,Federal Contract Tower,0,3,1,56,60,0,3,5,14,22,0,6,6,70,82,26,6,32,114
05/13/2023,HSA,MS,ASO,CE,Federal Contract Tower,0,0,4,13,17,0,2,27,8,37,0,2,31,21,54,0,0,0,54
05/14/2023,HSA,MS,ASO,CE,Federal Contract Tower,0,2,3,7,12,0,1,10,2,13,0,3,13,9,25,2,0,2,27
05/15/2023,HSA,MS,ASO,CE,Federal Contract Tower,0,0,4,47,51,0,0,22,25,47,0,0,26,72,98,4,30,34,132
05/16/2023,HSA,MS,ASO,CE,Federal Contract Tower,0,1,14,36,51,0,1,40,24,65,0,2,54,60,116,2,8,10,126
05/17/2023,HSA,MS,ASO,CE,Federal Contract Tower,0,1,9,28,38,0,2,19,11,32,0,3,28,39,70,4,10,14,84
05/18/2023,HSA,MS,ASO,CE,Federal Contract Tower,0,0,4,78,82,0,4,25,61,90,0,4,29,139,172,0,82,82,254
05/19/2023,HSA,MS,ASO,CE,Federal Contract Tower,0,1,10,44,55,0,4,18,20,42,0,5,28,64,97,10,68,78,175
05/20/2023,HSA,MS,ASO,CE,Federal Contract Tower,0,0,5,16,21,0,2,9,8,19,0,2,14,24,40,0,10,10,50
05/21/2023,HSA,MS,ASO,CE,Federal Contract Tower,0,1,6,19,26,0,5,25,12,42,0,6,31,31,68,34,2,36,104
05/22/2023,HSA,MS,ASO,CE,Federal Contract Tower,0,2,12,109,123,0,1,39,51,91,0,3,51,160,214,17,150,167,381
05/23/2023,HSA,MS,ASO,CE,Federal Contract Tower,0,0,29,61,90,0,4,27,37,68,0,4,56,98,158,12,166,178,336
05/24/2023,HSA,MS,ASO,CE,Federal Contract Tower,0,0,26,37,63,0,3,14,5,22,0,3,40,42,85,46,42,88,173
05/25/2023,HSA,MS,ASO,CE,Federal Contract Tower,0,0,18,57,75,0,0,31,30,61,0,0,49,87,136,41,21,62,198
05/26/2023,HSA,MS,ASO,CE,Federal Contract Tower,0,3,19,13,35,0,7,26,10,43,0,10,45,23,78,10,0,10,88
05/27/2023,HSA,MS,ASO,CE,Federal Contract Tower,0,3,20,2,25,0,4,5,1,10,0,7,25,3,35,10,2,12,47
05/28/2023,HSA,MS,ASO,CE,Federal Contract Tower,0,0,18,5,23,0,0,18,1,19,0,0,36,6,42,42,0,42,84
05/29/2023,HSA,MS,ASO,CE,Federal Contract Tower,0,0,3,0,3,0,12,17,0,29,0,12,20,0,32,38,0,38,70
05/30/2023,HSA,MS,ASO,CE,Federal Contract Tower,0,0,11,38,49,0,4,5,18,27,0,4,16,56,76,12,44,56,132
05/31/2023,HSA,MS,ASO,CE,Federal Contract Tower,0,0,19,80,99,0,6,33,25,64,0,6,52,105,163,44,42,86,249
06/01/2023,HSA,MS,ASO,CE,Federal Contract Tower,0,0,10,69,79,0,3,29,34,66,0,3,39,103,145,48,54,102,247
06/02/2023,HSA,MS,ASO,CE,Federal Contract Tower,0,1,19,73,93,0,5,20,36,61,0,6,39,109,154,30,50,80,234
06/03/2023,HSA,MS,ASO,CE,Federal Contract Tower,0,1,14,0,15,0,0,6,2,8,0,1,20,2,23,0,0,0,23
06/04/2023,HSA,MS,ASO,CE,Federal Contract Tower,0,1,8,3,12,0,0,23,9,32,0,1,31,12,44,44,2,46,90
06/05/2023,HSA,MS,ASO,CE,Federal Contract Tower,0,0,33,45,78,0,2,20,33,55,0,2,53,78,133,10,38,48,181
06/06/2023,HSA,MS,ASO,CE,Federal Contract Tower,0,0,12,16,28,0,0,17,16,33,0,0,29,32,61,2,26,28,89
06/07/2023,HSA,MS,ASO,CE,Federal Contract Tower,0,2,14,92,108,0,2,21,40,63,0,4,35,132,171,8,46,54,225
06/08/2023,HSA,MS,ASO,CE,Federal Contract Tower,0,0,26,29,55,0,0,21,16,37,0,0,47,45,92,30,36,66,158
06/09/2023,HSA,MS,ASO,CE,Federal Contract Tower,0,4,19,87,110,0,0,39,37,76,0,4,58,124,186,14,62,76,262
06/10/2023,HSA,MS,ASO,CE,Federal Contract Tower,0,0,21,0,21,0,0,2,0,2,0,0,23,0,23,18,0,18,41
06/11/2023,HSA,MS,ASO,CE,Federal Contract Tower,0,0,10,9,19,0,0,19,5,24,0,0,29,14,43,24,28,52,95
06/12/2023,HSA,MS,ASO,CE,Federal Contract Tower,0,1,9,53,63,0,6,14,24,44,0,7,23,77,107,0,68,68,175
06/13/2023,HSA,MS,ASO,CE,Federal Contract Tower,0,0,26,71,97,0,3,28,47,78,0,3,54,118,175,26,74,100,275
06/14/2023,HSA,MS,ASO,CE,Federal Contract Tower,0,0,20,64,84,0,3,9,37,49,0,3,29,101,133,4,52,56,189
06/15/2023,HSA,MS,ASO,CE,Federal Contract Tower,0,3,17,9,29,0,0,12,8,20,0,3,29,17,49,0,12,12,61
06/16/2023,HSA,MS,ASO,CE,Federal Contract Tower,0,3,20,28,51,0,0,28,5,33,0,3,48,33,84,26,4,30,114
06/17/2023,HSA,MS,ASO,CE,Federal Contract Tower,0,1,11,4,16,0,0,7,3,10,0,1,18,7,26,72,18,90,116
06/18/2023,HSA,MS,ASO,CE,Federal Contract Tower,0,1,4,2,7,0,0,8,4,12,0,1,12,6,19,6,8,14,33
06/19/2023,HSA,MS,ASO,CE,Federal Contract Tower,0,1,6,0,7,0,3,5,0,8,0,4,11,0,15,8,0,8,23
06/20/2023,HSA,MS,ASO,CE,Federal Contract Tower,0,0,2,17,19,0,4,8,13,25,0,4,10,30,44,6,22,28,72
06/21/2023,HSA,MS,ASO,CE,Federal Contract Tower,0,0,9,62,71,0,1,29,35,65,0,1,38,97,136,0,86,86,222
06/22/2023,HSA,MS,ASO,CE,Federal Contract Tower,0,1,23,42,66,0,0,22,20,42,0,1,45,62,108,4,8,12,120
06/23/2023,HSA,MS,ASO,CE,Federal Contract Tower,0,0,15,43,58,0,0,25,21,46,0,0,40,64,104,14,12,26,130
06/24/2023,HSA,MS,ASO,CE,Federal Contract Tower,0,4,8,10,22,0,0,11,5,16,0,4,19,15,38,30,24,54,92
06/25/2023,HSA,MS,ASO,CE,Federal Contract Tower,0,0,3,16,19,0,0,22,1,23,0,0,25,17,42,40,8,48,90
06/26/2023,HSA,MS,ASO,CE,Federal Contract Tower,0,0,15,37,52,0,8,21,22,51,0,8,36,59,103,6,34,40,143
06/27/2023,HSA,MS,ASO,CE,Federal Contract Tower,0,0,6,75,81,0,24,48,17,89,0,24,54,92,170,8,34,42,212
06/28/2023,HSA,MS,ASO,CE,Federal Contract Tower,0,7,30,53,90,0,11,33,38,82,0,18,63,91,172,54,44,98,270
06/29/2023,HSA,MS,ASO,CE,Federal Contract Tower,0,0,9,61,70,0,0,52,32,84,0,0,61,93,154,48,38,86,240
06/30/2023,HSA,MS,ASO,CE,Federal Contract Tower,0,0,11,19,30,0,0,28,13,41,0,0,39,32,71,52,24,76,147
07/01/2023,HSA,MS,ASO,CE,Federal Contract Tower,0,0,12,0,12,0,0,14,0,14,0,0,26,0,26,68,0,68,94
07/02/2023,HSA,MS,ASO,CE,Federal Contract Tower,0,0,12,0,12,0,0,9,0,9,0,0,21,0,21,2,0,2,23
07/03/2023,HSA,MS,ASO,CE,Federal Contract Tower,0,0,5,0,5,0,0,19,0,19,0,0,24,0,24,54,0,54,78
07/04/2023,HSA,MS,ASO,CE,Federal Contract Tower,0,0,8,0,8,0,0,17,0,17,0,0,25,0,25,4,0,4,29
07/05/2023,HSA,MS,ASO,CE,Federal Contract Tower,0,3,3,44,50,0,7,24,27,58,0,10,27,71,108,50,22,72,180
07/06/2023,HSA,MS,ASO,CE,Federal Contract Tower,0,4,14,44,62,0,2,35,34,71,0,6,49,78,133,50,22,72,205
07/07/2023,HSA,MS,ASO,CE,Federal Contract Tower,0,1,5,56,62,0,1,18,26,45,0,2,23,82,107,44,36,80,187
07/08/2023,HSA,MS,ASO,CE,Federal Contract Tower,0,0,6,2,8,0,0,11,0,11,0,0,17,2,19,6,0,6,25
07/09/2023,HSA,MS,ASO,CE,Federal Contract Tower,0,0,2,0,2,0,0,13,0,13,0,0,15,0,15,2,0,2,17
07/10/2023,HSA,MS,ASO,CE,Federal Contract Tower,0,0,16,10,26,0,3,26,0,29,0,3,42,10,55,14,0,14,69
07/11/2023,HSA,MS,ASO,CE,Federal Contract Tower,0,3,7,46,56,0,8,15,19,42,0,11,22,65,98,4,40,44,142
07/12/2023,HSA,MS,ASO,CE,Federal Contract Tower,0,0,20,22,42,0,5,21,14,40,0,5,41,36,82,36,14,50,132
07/13/2023,HSA,MS,ASO,CE,Federal Contract Tower,0,3,2,39,44,0,2,4,41,47,0,5,6,80,91,0,72,72,163
07/14/2023,HSA,MS,ASO,CE,Federal Contract Tower,0,3,19,49,71,0,3,23,19,45,0,6,42,68,116,36,40,76,192
07/15/2023,HSA,MS,ASO,CE,Federal Contract Tower,0,0,18,21,39,0,0,12,4,16,0,0,30,25,55,4,0,4,59
07/16/2023,HSA,MS,ASO,CE,Federal Contract Tower,0,1,9,2,12,0,3,10,12,25,0,4,19,14,37,4,0,4,41
07/17/2023,HSA,MS,ASO,CE,Federal Contract Tower,0,3,23,55,81,0,2,27,47,76,0,5,50,102,157,24,40,64,221
07/18/2023,HSA,MS,ASO,CE,Federal Contract Tower,0,2,6,79,87,0,0,30,50,80,0,2,36,129,167,44,86,130,297
07/19/2023,HSA,MS,ASO,CE,Federal Contract Tower,0,4,13,52,69,0,0,20,39,59,0,4,33,91,128,24,76,100,228
07/20/2023,HSA,MS,ASO,CE,Federal Contract Tower,0,0,20,70,90,0,0,37,43,80,0,0,57,113,170,38,90,128,298
07/21/2023,HSA,MS,ASO,CE,Federal Contract Tower,0,0,29,70,99,0,0,30,35,65,0,0,59,105,164,34,72,106,270
07/22/2023,HSA,MS,ASO,CE,Federal Contract Tower,0,2,3,0,5,0,0,12,2,14,0,2,15,2,19,26,0,26,45
07/23/2023,HSA,MS,ASO,CE,Federal Contract Tower,0,2,3,0,5,0,3,13,0,16,0,5,16,0,21,22,0,22,43
07/24/2023,HSA,MS,ASO,CE,Federal Contract Tower,0,4,11,55,70,0,1,40,41,82,0,5,51,96,152,50,70,120,272
07/25/2023,HSA,MS,ASO,CE,Federal Contract Tower,0,0,23,94,117,0,0,49,41,90,0,0,72,135,207,18,72,90,297
07/26/2023,HSA,MS,ASO,CE,Federal Contract Tower,0,4,5,56,65,0,0,31,46,77,0,4,36,102,142,28,80,108,250
07/27/2023,HSA,MS,ASO,CE,Federal Contract Tower,0,2,13,63,78,0,0,38,32,70,0,2,51,95,148,24,56,80,228
07/28/2023,HSA,MS,ASO,CE,Federal Contract Tower,0,0,1,62,63,0,0,20,26,46,0,0,21,88,109,32,30,62,171
07/29/2023,HSA,MS,ASO,CE,Federal Contract Tower,0,0,4,0,4,0,0,15,0,15,0,0,19,0,19,6,0,6,25
07/30/2023,HSA,MS,ASO,CE,Federal Contract Tower,0,0,4,11,15,0,0,16,6,22,0,0,20,17,37,12,0,12,49
07/31/2023,HSA,MS,ASO,CE,Federal Contract Tower,0,1,18,60,79,0,0,37,39,76,0,1,55,99,155,10,68,78,233
08/01/2023,HSA,MS,ASO,CE,Federal Contract Tower,0,0,19,53,72,0,0,37,45,82,0,0,56,98,154,36,46,82,236
08/02/2023,HSA,MS,ASO,CE,Federal Contract Tower,0,3,13,59,75,0,5,22,58,85,0,8,35,117,160,18,66,84,244
08/03/2023,HSA,MS,ASO,CE,Federal Contract Tower,0,4,14,67,85,0,4,29,35,68,0,8,43,102,153,14,100,114,267
08/04/2023,HSA,MS,ASO,CE,Federal Contract Tower,0,0,7,42,49,0,0,28,40,68,0,0,35,82,117,2,30,32,149
08/05/2023,HSA,MS,ASO,CE,Federal Contract Tower,0,0,7,8,15,0,0,19,2,21,0,0,26,10,36,46,0,46,82
08/06/2023,HSA,MS,ASO,CE,Federal Contract Tower,0,2,6,9,17,0,0,14,6,20,0,2,20,15,37,10,0,10,47
08/07/2023,HSA,MS,ASO,CE,Federal Contract Tower,0,3,8,60,71,0,5,17,44,66,0,8,25,104,137,8,56,64,201
08/08/2023,HSA,MS,ASO,CE,Federal Contract Tower,0,4,7,38,49,0,1,23,25,49,0,5,30,63,98,10,30,40,138
08/09/2023,HSA,MS,ASO,CE,Federal Contract Tower,0,0,9,115,124,0,6,21,43,70,0,6,30,158,194,8,72,80,274
08/10/2023,HSA,MS,ASO,CE,Federal Contract Tower,0,0,18,70,88,0,0,26,30,56,0,0,44,100,144,22,42,64,208
08/11/2023,HSA,MS,ASO,CE,Federal Contract Tower,0,1,0,58,59,0,0,13,25,38,0,1,13,83,97,10,38,48,145
08/12/2023,HSA,MS,ASO,CE,Federal Contract Tower,0,0,11,0,11,0,0,17,0,17,0,0,28,0,28,10,0,10,38
08/13/2023,HSA,MS,ASO,CE,Federal Contract Tower,0,1,16,20,37,0,0,41,4,45,0,1,57,24,82,81,0,81,163
08/14/2023,HSA,MS,ASO,CE,Federal Contract Tower,0,0,28,84,112,0,6,23,30,59,0,6,51,114,171,20,12,32,203
08/15/2023,HSA,MS,ASO,CE,Federal Contract Tower,0,0,9,42,51,0,2,10,13,25,0,2,19,55,76,6,32,38,114
08/16/2023,HSA,MS,ASO,CE,Federal Contract Tower,0,1,27,70,98,0,1,30,40,71,0,2,57,110,169,52,18,70,239
08/17/2023,HSA,MS,ASO,CE,Federal Contract Tower,0,0,12,59,71,0,0,31,39,70,0,0,43,98,141,8,52,60,201
08/18/2023,HSA,MS,ASO,CE,Federal Contract Tower,0,0,14,48,62,0,0,16,22,38,0,0,30,70,100,12,42,54,154
08/19/2023,HSA,MS,ASO,CE,Federal Contract Tower,0,1,9,17,27,0,0,21,10,31,0,1,30,27,58,10,60,70,128
08/20/2023,HSA,MS,ASO,CE,Federal Contract Tower,0,3,4,10,17,0,4,9,2,15,0,7,13,12,32,10,6,16,48
08/21/2023,HSA,MS,ASO,CE,Federal Contract Tower,0,4,13,35,52,0,0,11,31,42,0,4,24,66,94,0,32,32,126
08/22/2023,HSA,MS,ASO,CE,Federal Contract Tower,0,0,14,68,82,0,5,30,34,69,0,5,44,102,151,8,84,92,243
08/23/2023,HSA,MS,ASO,CE,Federal Contract Tower,0,2,9,65,76,0,8,42,35,85,0,10,51,100,161,6,20,26,187
08/24/2023,HSA,MS,ASO,CE,Federal Contract Tower,0,1,10,58,69,0,0,11,34,45,0,1,21,92,114,0,60,60,174
08/25/2023,HSA,MS,ASO,CE,Federal Contract Tower,0,1,14,61,76,0,0,26,26,52,0,1,40,87,128,20,40,60,188
08/26/2023,HSA,MS,ASO,CE,Federal Contract Tower,0,6,5,0,11,0,0,16,2,18,0,6,21,2,29,8,6,14,43
08/27/2023,HSA,MS,ASO,CE,Federal Contract Tower,0,1,4,10,15,0,2,16,5,23,0,3,20,15,38,9,0,9,47
08/28/2023,HSA,MS,ASO,CE,Federal Contract Tower,0,5,2,10,17,0,2,10,2,14,0,7,12,12,31,14,0,14,45
08/29/2023,HSA,MS,ASO,CE,Federal Contract Tower,0,5,6,13,24,0,1,19,9,29,0,6,25,22,53,6,36,42,95
08/30/2023,HSA,MS,ASO,CE,Federal Contract Tower,0,0,24,39,63,0,0,31,46,77,0,0,55,85,140,20,72,92,232
08/31/2023,HSA,MS,ASO,CE,Federal Contract Tower,0,2,17,33,52,0,0,13,13,26,0,2,30,46,78,28,16,44,122
