01/01/2020,HSV,AL,ASO,CE,Combined TRACON& Tower with Radar,24,21,9,0,54,0,0,24,0,24,24,21,33,0,78,0,0,0,78
01/02/2020,HSV,AL,ASO,CE,Combined TRACON& Tower with Radar,35,23,3,0,61,0,0,0,0,0,35,23,3,0,61,0,0,0,61
01/03/2020,HSV,AL,ASO,CE,Combined TRACON& Tower with Radar,40,21,7,22,90,0,0,0,0,0,40,21,7,22,90,0,0,0,90
01/04/2020,HSV,AL,ASO,CE,Combined TRACON& Tower with Radar,29,16,13,0,58,0,0,3,0,3,29,16,16,0,61,0,0,0,61
01/05/2020,HSV,AL,ASO,CE,Combined TRACON& Tower with Radar,41,19,21,2,83,0,2,36,2,40,41,21,57,4,123,12,0,12,135
01/06/2020,HSV,AL,ASO,CE,Combined TRACON& Tower with Radar,53,18,3,17,91,0,0,19,8,27,53,18,22,25,118,6,84,90,208
01/07/2020,HSV,AL,ASO,CE,Combined TRACON& Tower with Radar,46,21,20,17,104,0,2,12,9,23,46,23,32,26,127,8,88,96,223
01/08/2020,HSV,AL,ASO,CE,Combined TRACON& Tower with Radar,45,23,17,28,113,0,0,29,13,42,45,23,46,41,155,36,64,100,255
01/09/2020,HSV,AL,ASO,CE,Combined TRACON& Tower with Radar,50,24,12,23,109,0,0,14,18,32,50,24,26,41,141,0,132,132,273
01/10/2020,HSV,AL,ASO,CE,Combined TRACON& Tower with Radar,53,22,15,0,90,0,0,2,0,2,53,22,17,0,92,0,0,0,92
01/11/2020,HSV,AL,ASO,CE,Combined TRACON& Tower with Radar,32,14,0,0,46,0,0,1,0,1,32,14,1,0,47,0,0,0,47
01/12/2020,HSV,AL,ASO,CE,Combined TRACON& Tower with Radar,44,24,19,0,87,0,0,40,0,40,44,24,59,0,127,16,0,16,143
01/13/2020,HSV,AL,ASO,CE,Combined TRACON& Tower with Radar,50,22,22,31,125,0,0,25,8,33,50,22,47,39,158,10,96,106,264
01/14/2020,HSV,AL,ASO,CE,Combined TRACON& Tower with Radar,46,18,10,30,104,0,0,2,1,3,46,18,12,31,107,28,18,46,153
01/15/2020,HSV,AL,ASO,CE,Combined TRACON& Tower with Radar,48,21,34,15,118,0,0,10,3,13,48,21,44,18,131,14,60,74,205
01/16/2020,HSV,AL,ASO,CE,Combined TRACON& Tower with Radar,55,19,23,21,118,0,0,25,26,51,55,19,48,47,169,12,150,162,331
01/17/2020,HSV,AL,ASO,CE,Combined TRACON& Tower with Radar,57,22,18,40,137,0,0,37,10,47,57,22,55,50,184,10,6,16,200
01/18/2020,HSV,AL,ASO,CE,Combined TRACON& Tower with Radar,24,25,2,0,51,0,0,0,0,0,24,25,2,0,51,0,0,0,51
01/19/2020,HSV,AL,ASO,CE,Combined TRACON& Tower with Radar,32,18,6,7,63,0,0,26,0,26,32,18,32,7,89,16,6,22,111
01/20/2020,HSV,AL,ASO,CE,Combined TRACON& Tower with Radar,48,25,21,1,95,0,0,10,0,10,48,25,31,1,105,34,0,34,139
01/21/2020,HSV,AL,ASO,CE,Combined TRACON& Tower with Radar,43,22,26,14,105,0,0,33,10,43,43,22,59,24,148,8,6,14,162
01/22/2020,HSV,AL,ASO,CE,Combined TRACON& Tower with Radar,45,21,25,48,139,0,2,40,11,53,45,23,65,59,192,6,61,67,259
01/23/2020,HSV,AL,ASO,CE,Combined TRACON& Tower with Radar,51,24,14,29,118,0,0,0,3,3,51,24,14,32,121,0,8,8,129
01/24/2020,HSV,AL,ASO,CE,Combined TRACON& Tower with Radar,52,25,13,4,94,0,0,5,3,8,52,25,18,7,102,22,0,22,124
01/25/2020,HSV,AL,ASO,CE,Combined TRACON& Tower with Radar,30,17,14,10,71,0,0,19,2,21,30,17,33,12,92,0,16,16,108
01/26/2020,HSV,AL,ASO,CE,Combined TRACON& Tower with Radar,47,23,14,5,89,0,0,20,1,21,47,23,34,6,110,62,0,62,172
01/27/2020,HSV,AL,ASO,CE,Combined TRACON& Tower with Radar,49,26,17,17,109,0,0,13,5,18,49,26,30,22,127,6,20,26,153
01/28/2020,HSV,AL,ASO,CE,Combined TRACON& Tower with Radar,45,21,23,20,109,0,0,47,12,59,45,21,70,32,168,8,90,98,266
01/29/2020,HSV,AL,ASO,CE,Combined TRACON& Tower with Radar,47,23,16,40,126,0,2,12,4,18,47,25,28,44,144,6,121,127,271
01/30/2020,HSV,AL,ASO,CE,Combined TRACON& Tower with Radar,51,19,22,11,103,0,2,37,4,43,51,21,59,15,146,24,70,94,240
01/31/2020,HSV,AL,ASO,CE,Combined TRACON& Tower with Radar,51,23,16,47,137,0,0,14,10,24,51,23,30,57,161,12,74,86,247
02/01/2020,HSV,AL,ASO,ES,Combined TRACON& Tower with Radar,25,16,20,4,65,0,0,11,1,12,25,16,31,5,77,0,0,0,77
02/02/2020,HSV,AL,ASO,ES,Combined TRACON& Tower with Radar,40,22,14,0,76,0,0,48,0,48,40,22,62,0,124,18,0,18,142
02/03/2020,HSV,AL,ASO,ES,Combined TRACON& Tower with Radar,48,23,21,30,122,0,0,42,6,48,48,23,63,36,170,24,74,98,268
02/04/2020,HSV,AL,ASO,ES,Combined TRACON& Tower with Radar,43,21,21,4,89,0,0,0,3,3,43,21,21,7,92,4,0,4,96
02/05/2020,HSV,AL,ASO,ES,Combined TRACON& Tower with Radar,45,25,14,4,88,0,0,0,0,0,45,25,14,4,88,0,0,0,88
02/06/2020,HSV,AL,ASO,ES,Combined TRACON& Tower with Radar,53,26,12,10,101,0,0,1,1,2,53,26,13,11,103,0,0,0,103
02/07/2020,HSV,AL,ASO,ES,Combined TRACON& Tower with Radar,46,24,19,2,91,0,1,14,5,20,46,25,33,7,111,28,46,74,185
02/08/2020,HSV,AL,ASO,ES,Combined TRACON& Tower with Radar,29,19,17,13,78,0,2,33,3,38,29,21,50,16,116,46,6,52,168
02/09/2020,HSV,AL,ASO,ES,Combined TRACON& Tower with Radar,44,21,21,11,97,0,6,42,1,49,44,27,63,12,146,6,4,10,156
02/10/2020,HSV,AL,ASO,ES,Combined TRACON& Tower with Radar,50,23,7,5,85,0,0,0,0,0,50,23,7,5,85,0,0,0,85
02/11/2020,HSV,AL,ASO,ES,Combined TRACON& Tower with Radar,43,31,9,14,97,0,0,1,0,1,43,31,10,14,98,0,0,0,98
02/12/2020,HSV,AL,ASO,ES,Combined TRACON& Tower with Radar,47,18,11,2,78,0,0,0,0,0,47,18,11,2,78,0,4,4,82
02/13/2020,HSV,AL,ASO,ES,Combined TRACON& Tower with Radar,44,27,20,24,115,0,0,4,6,10,44,27,24,30,125,0,28,28,153
02/14/2020,HSV,AL,ASO,ES,Combined TRACON& Tower with Radar,47,28,20,25,120,0,3,52,10,65,47,31,72,35,185,8,58,66,251
02/15/2020,HSV,AL,ASO,ES,Combined TRACON& Tower with Radar,29,20,26,5,80,0,2,63,1,66,29,22,89,6,146,4,0,4,150
02/16/2020,HSV,AL,ASO,ES,Combined TRACON& Tower with Radar,35,23,31,0,89,0,0,40,0,40,35,23,71,0,129,20,0,20,149
02/17/2020,HSV,AL,ASO,ES,Combined TRACON& Tower with Radar,48,29,22,4,103,0,0,7,0,7,48,29,29,4,110,10,6,16,126
02/18/2020,HSV,AL,ASO,ES,Combined TRACON& Tower with Radar,46,28,16,7,97,0,0,0,0,0,46,28,16,7,97,0,0,0,97
02/19/2020,HSV,AL,ASO,ES,Combined TRACON& Tower with Radar,47,30,15,63,155,0,0,8,6,14,47,30,23,69,169,20,50,70,239
02/20/2020,HSV,AL,ASO,ES,Combined TRACON& Tower with Radar,44,28,7,1,80,0,0,0,3,3,44,28,7,4,83,0,0,0,83
02/21/2020,HSV,AL,ASO,ES,Combined TRACON& Tower with Radar,53,32,20,35,140,0,4,41,20,65,53,36,61,55,205,14,90,104,309
02/22/2020,HSV,AL,ASO,ES,Combined TRACON& Tower with Radar,28,22,9,2,61,0,2,65,4,71,28,24,74,6,132,16,0,16,148
02/23/2020,HSV,AL,ASO,ES,Combined TRACON& Tower with Radar,42,23,16,14,95,0,0,22,4,26,42,23,38,18,121,8,4,12,133
02/24/2020,HSV,AL,ASO,ES,Combined TRACON& Tower with Radar,54,27,9,12,102,0,0,0,0,0,54,27,9,12,102,0,0,0,102
02/25/2020,HSV,AL,ASO,ES,Combined TRACON& Tower with Radar,45,28,26,32,131,0,0,22,15,37,45,28,48,47,168,0,140,140,308
02/26/2020,HSV,AL,ASO,ES,Combined TRACON& Tower with Radar,49,32,25,2,108,0,0,2,1,3,49,32,27,3,111,0,0,0,111
02/27/2020,HSV,AL,ASO,ES,Combined TRACON& Tower with Radar,46,33,20,38,137,0,2,27,16,45,46,35,47,54,182,10,106,116,298
02/28/2020,HSV,AL,ASO,ES,Combined TRACON& Tower with Radar,47,29,14,8,98,0,0,19,0,19,47,29,33,8,117,0,0,0,117
02/29/2020,HSV,AL,ASO,ES,Combined TRACON& Tower with Radar,31,23,7,6,67,0,0,52,0,52,31,23,59,6,119,18,8,26,145
03/01/2020,HSV,AL,ASO,ES,Combined TRACON& Tower with Radar,42,24,3,16,85,0,0,30,4,34,42,24,33,20,119,36,4,40,159
03/02/2020,HSV,AL,ASO,ES,Combined TRACON& Tower with Radar,50,25,15,4,94,0,0,0,1,1,50,25,15,5,95,0,0,0,95
03/03/2020,HSV,AL,ASO,ES,Combined TRACON& Tower with Radar,45,29,11,2,87,0,2,10,4,16,45,31,21,6,103,0,0,0,103
03/04/2020,HSV,AL,ASO,ES,Combined TRACON& Tower with Radar,43,35,18,20,116,0,0,8,11,19,43,35,26,31,135,46,58,104,239
03/05/2020,HSV,AL,ASO,ES,Combined TRACON& Tower with Radar,49,31,12,19,111,0,0,21,7,28,49,31,33,26,139,30,160,190,329
03/06/2020,HSV,AL,ASO,ES,Combined TRACON& Tower with Radar,47,30,16,50,143,0,7,29,25,61,47,37,45,75,204,10,138,148,352
03/07/2020,HSV,AL,ASO,ES,Combined TRACON& Tower with Radar,34,33,15,22,104,0,2,60,0,62,34,35,75,22,166,24,0,24,190
03/08/2020,HSV,AL,ASO,ES,Combined TRACON& Tower with Radar,40,31,8,14,93,0,0,47,6,53,40,31,55,20,146,8,4,12,158
03/09/2020,HSV,AL,ASO,ES,Combined TRACON& Tower with Radar,48,30,21,27,126,0,0,19,8,27,48,30,40,35,153,10,48,58,211
03/10/2020,HSV,AL,ASO,ES,Combined TRACON& Tower with Radar,42,32,25,14,113,0,0,4,1,5,42,32,29,15,118,0,26,26,144
03/11/2020,HSV,AL,ASO,ES,Combined TRACON& Tower with Radar,42,27,16,28,113,0,0,0,3,3,42,27,16,31,116,0,0,0,116
03/12/2020,HSV,AL,ASO,ES,Combined TRACON& Tower with Radar,59,29,16,14,118,0,0,0,5,5,59,29,16,19,123,0,0,0,123
03/13/2020,HSV,AL,ASO,ES,Combined TRACON& Tower with Radar,45,29,18,34,126,0,0,5,15,20,45,29,23,49,146,6,106,112,258
03/14/2020,HSV,AL,ASO,ES,Combined TRACON& Tower with Radar,37,25,20,0,82,0,0,23,0,23,37,25,43,0,105,12,0,12,117
03/15/2020,HSV,AL,ASO,ES,Combined TRACON& Tower with Radar,40,29,25,0,94,0,0,1,0,1,40,29,26,0,95,0,0,0,95
03/16/2020,HSV,AL,ASO,ES,Combined TRACON& Tower with Radar,50,28,11,13,102,0,0,6,1,7,50,28,17,14,109,0,0,0,109
03/17/2020,HSV,AL,ASO,ES,Combined TRACON& Tower with Radar,37,32,17,20,106,0,0,10,2,12,37,32,27,22,118,38,0,38,156
03/18/2020,HSV,AL,ASO,ES,Combined TRACON& Tower with Radar,42,27,10,10,89,0,1,12,2,15,42,28,22,12,104,22,30,52,156
03/19/2020,HSV,AL,ASO,ES,Combined TRACON& Tower with Radar,48,28,15,34,125,0,0,8,3,11,48,28,23,37,136,16,74,90,226
03/20/2020,HSV,AL,ASO,ES,Combined TRACON& Tower with Radar,37,29,12,2,80,0,0,0,2,2,37,29,12,4,82,14,0,14,96
03/21/2020,HSV,AL,ASO,ES,Combined TRACON& Tower with Radar,27,25,28,3,83,0,0,4,0,4,27,25,32,3,87,22,0,22,109
03/22/2020,HSV,AL,ASO,ES,Combined TRACON& Tower with Radar,31,20,12,0,63,0,0,33,0,33,31,20,45,0,96,0,0,0,96
03/23/2020,HSV,AL,ASO,ES,Combined TRACON& Tower with Radar,18,29,2,4,53,0,0,0,0,0,18,29,2,4,53,0,0,0,53
03/24/2020,HSV,AL,ASO,ES,Combined TRACON& Tower with Radar,21,29,0,0,50,0,0,2,3,5,21,29,2,3,55,10,0,10,65
03/25/2020,HSV,AL,ASO,ES,Combined TRACON& Tower with Radar,18,28,20,14,80,0,0,22,4,26,18,28,42,18,106,32,34,66,172
03/26/2020,HSV,AL,ASO,ES,Combined TRACON& Tower with Radar,24,25,9,21,79,0,0,39,13,52,24,25,48,34,131,2,46,48,179
03/27/2020,HSV,AL,ASO,ES,Combined TRACON& Tower with Radar,19,19,4,22,64,0,2,26,6,34,19,21,30,28,98,38,26,64,162
03/28/2020,HSV,AL,ASO,ES,Combined TRACON& Tower with Radar,18,14,11,16,59,0,0,10,11,21,18,14,21,27,80,24,108,132,212
03/29/2020,HSV,AL,ASO,ES,Combined TRACON& Tower with Radar,15,23,8,0,46,0,0,21,0,21,15,23,29,0,67,0,14,14,81
03/30/2020,HSV,AL,ASO,ES,Combined TRACON& Tower with Radar,17,19,11,10,57,0,2,12,9,23,17,21,23,19,80,0,36,36,116
03/31/2020,HSV,AL,ASO,ES,Combined TRACON& Tower with Radar,19,15,5,16,55,0,0,1,0,1,19,15,6,16,56,2,28,30,86
04/01/2020,HSV,AL,ASO,ES,Combined TRACON& Tower with Radar,19,17,12,14,62,0,0,14,9,23,19,17,26,23,85,6,44,50,135
04/02/2020,HSV,AL,ASO,ES,Combined TRACON& Tower with Radar,19,20,13,11,63,0,1,38,11,50,19,21,51,22,113,26,96,122,235
04/03/2020,HSV,AL,ASO,ES,Combined TRACON& Tower with Radar,21,20,2,19,62,0,1,23,6,30,21,21,25,25,92,2,70,72,164
04/04/2020,HSV,AL,ASO,ES,Combined TRACON& Tower with Radar,14,10,7,4,35,0,0,28,3,31,14,10,35,7,66,0,42,42,108
04/05/2020,HSV,AL,ASO,ES,Combined TRACON& Tower with Radar,12,15,3,0,30,0,0,15,2,17,12,15,18,2,47,0,0,0,47
04/06/2020,HSV,AL,ASO,ES,Combined TRACON& Tower with Radar,20,19,11,20,70,0,0,10,2,12,20,19,21,22,82,4,48,52,134
04/07/2020,HSV,AL,ASO,ES,Combined TRACON& Tower with Radar,15,9,13,9,46,0,0,3,3,6,15,9,16,12,52,12,24,36,88
04/08/2020,HSV,AL,ASO,ES,Combined TRACON& Tower with Radar,17,8,10,15,50,0,0,1,0,1,17,8,11,15,51,0,0,0,51
04/09/2020,HSV,AL,ASO,ES,Combined TRACON& Tower with Radar,14,6,12,16,48,0,0,6,9,15,14,6,18,25,63,6,16,22,85
04/10/2020,HSV,AL,ASO,ES,Combined TRACON& Tower with Radar,17,10,1,30,58,0,0,10,12,22,17,10,11,42,80,6,0,6,86
04/11/2020,HSV,AL,ASO,ES,Combined TRACON& Tower with Radar,14,5,8,19,46,0,0,27,6,33,14,5,35,25,79,20,50,70,149
04/12/2020,HSV,AL,ASO,ES,Combined TRACON& Tower with Radar,11,3,0,0,14,0,0,0,0,0,11,3,0,0,14,0,0,0,14
04/13/2020,HSV,AL,ASO,ES,Combined TRACON& Tower with Radar,15,8,8,20,51,0,0,1,2,3,15,8,9,22,54,0,36,36,90
04/14/2020,HSV,AL,ASO,ES,Combined TRACON& Tower with Radar,19,9,6,21,55,0,0,2,10,12,19,9,8,31,67,8,12,20,87
04/15/2020,HSV,AL,ASO,ES,Combined TRACON& Tower with Radar,15,8,4,35,62,0,0,17,15,32,15,8,21,50,94,4,72,76,170
04/16/2020,HSV,AL,ASO,ES,Combined TRACON& Tower with Radar,11,8,10,36,65,0,0,17,17,34,11,8,27,53,99,2,82,84,183
04/17/2020,HSV,AL,ASO,ES,Combined TRACON& Tower with Radar,12,7,11,36,66,0,0,12,7,19,12,7,23,43,85,6,40,46,131
04/18/2020,HSV,AL,ASO,ES,Combined TRACON& Tower with Radar,9,6,5,18,38,0,0,25,3,28,9,6,30,21,66,16,34,50,116
04/19/2020,HSV,AL,ASO,ES,Combined TRACON& Tower with Radar,9,6,2,0,17,0,0,0,0,0,9,6,2,0,17,0,0,0,17
04/20/2020,HSV,AL,ASO,ES,Combined TRACON& Tower with Radar,10,7,11,26,54,0,0,6,2,8,10,7,17,28,62,2,52,54,116
04/21/2020,HSV,AL,ASO,ES,Combined TRACON& Tower with Radar,14,4,9,16,43,0,0,13,6,19,14,4,22,22,62,4,14,18,80
04/22/2020,HSV,AL,ASO,ES,Combined TRACON& Tower with Radar,7,4,7,17,35,0,0,12,27,39,7,4,19,44,74,20,102,122,196
04/23/2020,HSV,AL,ASO,ES,Combined TRACON& Tower with Radar,14,7,1,8,30,0,0,0,2,2,14,7,1,10,32,0,14,14,46
04/24/2020,HSV,AL,ASO,ES,Combined TRACON& Tower with Radar,10,5,8,35,58,0,0,10,7,17,10,5,18,42,75,6,48,54,129
04/25/2020,HSV,AL,ASO,ES,Combined TRACON& Tower with Radar,14,3,9,2,28,0,0,0,0,0,14,3,9,2,28,0,0,0,28
04/26/2020,HSV,AL,ASO,ES,Combined TRACON& Tower with Radar,10,7,4,2,23,0,0,0,0,0,10,7,4,2,23,0,0,0,23
04/27/2020,HSV,AL,ASO,ES,Combined TRACON& Tower with Radar,13,8,16,30,67,0,0,32,14,46,13,8,48,44,113,30,50,80,193
04/28/2020,HSV,AL,ASO,ES,Combined TRACON& Tower with Radar,14,5,16,12,47,0,0,18,9,27,14,5,34,21,74,6,24,30,104
04/29/2020,HSV,AL,ASO,ES,Combined TRACON& Tower with Radar,13,6,3,6,28,0,0,0,2,2,13,6,3,8,30,0,0,0,30
04/30/2020,HSV,AL,ASO,ES,Combined TRACON& Tower with Radar,13,13,15,28,69,0,0,4,13,17,13,13,19,41,86,4,8,12,98
05/01/2020,HSV,AL,ASO,ES,Combined TRACON& Tower with Radar,15,12,22,24,73,0,0,29,13,42,15,12,51,37,115,44,44,88,203
05/02/2020,HSV,AL,ASO,ES,Combined TRACON& Tower with Radar,14,9,10,14,47,0,0,31,2,33,14,9,41,16,80,8,10,18,98
05/03/2020,HSV,AL,ASO,ES,Combined TRACON& Tower with Radar,14,8,14,0,36,0,0,13,0,13,14,8,27,0,49,0,0,0,49
05/04/2020,HSV,AL,ASO,ES,Combined TRACON& Tower with Radar,14,5,10,21,50,0,0,5,19,24,14,5,15,40,74,0,0,0,74
05/05/2020,HSV,AL,ASO,ES,Combined TRACON& Tower with Radar,16,11,15,53,95,0,0,4,3,7,16,11,19,56,102,2,14,16,118
05/06/2020,HSV,AL,ASO,ES,Combined TRACON& Tower with Radar,16,7,12,32,67,0,0,16,9,25,16,7,28,41,92,38,18,56,148
05/07/2020,HSV,AL,ASO,ES,Combined TRACON& Tower with Radar,15,12,15,54,96,0,0,29,9,38,15,12,44,63,134,0,0,0,134
05/08/2020,HSV,AL,ASO,ES,Combined TRACON& Tower with Radar,13,14,5,35,67,0,0,2,9,11,13,14,7,44,78,0,22,22,100
05/09/2020,HSV,AL,ASO,ES,Combined TRACON& Tower with Radar,17,8,15,29,69,0,1,41,0,42,17,9,56,29,111,0,0,0,111
05/10/2020,HSV,AL,ASO,ES,Combined TRACON& Tower with Radar,12,8,14,0,34,0,0,21,1,22,12,8,35,1,56,0,0,0,56
05/11/2020,HSV,AL,ASO,ES,Combined TRACON& Tower with Radar,15,8,25,11,59,0,0,19,11,30,15,8,44,22,89,22,22,44,133
05/12/2020,HSV,AL,ASO,ES,Combined TRACON& Tower with Radar,17,10,18,31,76,0,0,19,8,27,17,10,37,39,103,0,0,0,103
05/13/2020,HSV,AL,ASO,ES,Combined TRACON& Tower with Radar,14,6,18,27,65,0,0,28,5,33,14,6,46,32,98,20,68,88,186
05/14/2020,HSV,AL,ASO,ES,Combined TRACON& Tower with Radar,17,10,23,27,77,0,0,22,11,33,17,10,45,38,110,18,30,48,158
05/15/2020,HSV,AL,ASO,ES,Combined TRACON& Tower with Radar,14,12,21,14,61,0,0,14,11,25,14,12,35,25,86,2,32,34,120
05/16/2020,HSV,AL,ASO,ES,Combined TRACON& Tower with Radar,16,12,10,12,50,0,0,39,5,44,16,12,49,17,94,6,14,20,114
05/17/2020,HSV,AL,ASO,ES,Combined TRACON& Tower with Radar,12,11,15,2,40,0,0,17,0,17,12,11,32,2,57,10,0,10,67
05/18/2020,HSV,AL,ASO,ES,Combined TRACON& Tower with Radar,18,8,20,12,58,0,0,2,8,10,18,8,22,20,68,0,24,24,92
05/19/2020,HSV,AL,ASO,ES,Combined TRACON& Tower with Radar,17,8,14,21,60,0,0,26,8,34,17,8,40,29,94,18,14,32,126
05/20/2020,HSV,AL,ASO,ES,Combined TRACON& Tower with Radar,15,10,13,23,61,0,0,18,5,23,15,10,31,28,84,6,0,6,90
05/21/2020,HSV,AL,ASO,ES,Combined TRACON& Tower with Radar,16,10,41,39,106,0,0,49,7,56,16,10,90,46,162,70,48,118,280
05/22/2020,HSV,AL,ASO,ES,Combined TRACON& Tower with Radar,14,16,12,4,46,0,0,11,0,11,14,16,23,4,57,0,0,0,57
05/23/2020,HSV,AL,ASO,ES,Combined TRACON& Tower with Radar,14,11,6,5,36,0,0,9,0,9,14,11,15,5,45,12,0,12,57
05/24/2020,HSV,AL,ASO,ES,Combined TRACON& Tower with Radar,14,9,23,0,46,0,0,59,0,59,14,9,82,0,105,4,0,4,109
05/25/2020,HSV,AL,ASO,ES,Combined TRACON& Tower with Radar,13,6,19,0,38,0,0,33,0,33,13,6,52,0,71,0,0,0,71
05/26/2020,HSV,AL,ASO,ES,Combined TRACON& Tower with Radar,17,12,28,6,63,0,0,4,5,9,17,12,32,11,72,0,0,0,72
05/27/2020,HSV,AL,ASO,ES,Combined TRACON& Tower with Radar,14,10,20,24,68,0,0,0,0,0,14,10,20,24,68,0,6,6,74
05/28/2020,HSV,AL,ASO,ES,Combined TRACON& Tower with Radar,16,16,16,37,85,0,0,19,5,24,16,16,35,42,109,28,10,38,147
05/29/2020,HSV,AL,ASO,ES,Combined TRACON& Tower with Radar,14,16,16,15,61,0,0,48,7,55,14,16,64,22,116,24,36,60,176
05/30/2020,HSV,AL,ASO,ES,Combined TRACON& Tower with Radar,14,8,26,0,48,0,0,71,1,72,14,8,97,1,120,34,0,34,154
05/31/2020,HSV,AL,ASO,ES,Combined TRACON& Tower with Radar,14,8,19,0,41,0,0,56,0,56,14,8,75,0,97,20,0,20,117
06/01/2020,HSV,AL,ASO,ES,Combined TRACON& Tower with Radar,16,8,25,60,109,0,0,39,9,48,16,8,64,69,157,34,42,76,233
06/02/2020,HSV,AL,ASO,ES,Combined TRACON& Tower with Radar,18,10,13,72,113,0,0,43,25,68,18,10,56,97,181,4,68,72,253
06/03/2020,HSV,AL,ASO,ES,Combined TRACON& Tower with Radar,16,8,15,45,84,0,2,30,8,40,16,10,45,53,124,28,12,40,164
06/04/2020,HSV,AL,ASO,ES,Combined TRACON& Tower with Radar,18,7,14,38,77,0,0,16,9,25,18,7,30,47,102,0,15,15,117
06/05/2020,HSV,AL,ASO,ES,Combined TRACON& Tower with Radar,16,9,25,16,66,0,0,28,0,28,16,9,53,16,94,4,0,4,98
06/06/2020,HSV,AL,ASO,ES,Combined TRACON& Tower with Radar,16,9,31,3,59,0,0,74,4,78,16,9,105,7,137,8,0,8,145
06/07/2020,HSV,AL,ASO,ES,Combined TRACON& Tower with Radar,16,7,10,8,41,0,0,51,0,51,16,7,61,8,92,0,0,0,92
06/08/2020,HSV,AL,ASO,ES,Combined TRACON& Tower with Radar,17,8,13,13,51,0,0,2,2,4,17,8,15,15,55,0,0,0,55
06/09/2020,HSV,AL,ASO,ES,Combined TRACON& Tower with Radar,10,14,12,17,53,0,0,5,6,11,10,14,17,23,64,0,0,0,64
06/10/2020,HSV,AL,ASO,ES,Combined TRACON& Tower with Radar,13,10,12,13,48,0,0,13,8,21,13,10,25,21,69,0,0,0,69
06/11/2020,HSV,AL,ASO,ES,Combined TRACON& Tower with Radar,19,8,28,48,103,0,0,60,13,73,19,8,88,61,176,7,16,23,199
06/12/2020,HSV,AL,ASO,ES,Combined TRACON& Tower with Radar,17,12,36,34,99,0,0,84,6,90,17,12,120,40,189,24,26,50,239
06/13/2020,HSV,AL,ASO,ES,Combined TRACON& Tower with Radar,16,8,21,17,62,0,0,61,0,61,16,8,82,17,123,10,10,20,143
06/14/2020,HSV,AL,ASO,ES,Combined TRACON& Tower with Radar,16,6,20,0,42,0,0,55,0,55,16,6,75,0,97,16,0,16,113
06/15/2020,HSV,AL,ASO,ES,Combined TRACON& Tower with Radar,17,8,29,31,85,0,0,51,9,60,17,8,80,40,145,4,38,42,187
06/16/2020,HSV,AL,ASO,ES,Combined TRACON& Tower with Radar,20,10,22,47,99,0,0,55,9,64,20,10,77,56,163,10,60,70,233
06/17/2020,HSV,AL,ASO,ES,Combined TRACON& Tower with Radar,16,11,39,39,105,0,0,51,16,67,16,11,90,55,172,21,41,62,234
06/18/2020,HSV,AL,ASO,ES,Combined TRACON& Tower with Radar,18,10,22,72,122,0,0,66,22,88,18,10,88,94,210,24,90,114,324
06/19/2020,HSV,AL,ASO,ES,Combined TRACON& Tower with Radar,18,10,30,15,73,0,0,48,11,59,18,10,78,26,132,28,32,60,192
06/20/2020,HSV,AL,ASO,ES,Combined TRACON& Tower with Radar,15,9,20,0,44,0,0,50,0,50,15,9,70,0,94,24,0,24,118
06/21/2020,HSV,AL,ASO,ES,Combined TRACON& Tower with Radar,15,8,14,0,37,0,0,13,0,13,15,8,27,0,50,0,0,0,50
06/22/2020,HSV,AL,ASO,ES,Combined TRACON& Tower with Radar,16,8,23,17,64,0,0,18,6,24,16,8,41,23,88,14,34,48,136
06/23/2020,HSV,AL,ASO,ES,Combined TRACON& Tower with Radar,19,8,30,21,78,0,0,8,2,10,19,8,38,23,88,14,10,24,112
06/24/2020,HSV,AL,ASO,ES,Combined TRACON& Tower with Radar,18,8,17,28,71,0,0,4,1,5,18,8,21,29,76,0,0,0,76
06/25/2020,HSV,AL,ASO,ES,Combined TRACON& Tower with Radar,18,8,32,16,74,0,0,33,4,37,18,8,65,20,111,40,12,52,163
06/26/2020,HSV,AL,ASO,ES,Combined TRACON& Tower with Radar,18,9,34,14,75,0,0,6,1,7,18,9,40,15,82,0,0,0,82
06/27/2020,HSV,AL,ASO,ES,Combined TRACON& Tower with Radar,16,8,16,0,40,0,0,10,0,10,16,8,26,0,50,0,0,0,50
06/28/2020,HSV,AL,ASO,ES,Combined TRACON& Tower with Radar,14,6,20,3,43,0,0,28,0,28,14,6,48,3,71,8,0,8,79
06/29/2020,HSV,AL,ASO,ES,Combined TRACON& Tower with Radar,18,12,18,22,70,0,0,24,9,33,18,12,42,31,103,0,0,0,103
06/30/2020,HSV,AL,ASO,ES,Combined TRACON& Tower with Radar,20,7,18,4,49,0,0,19,3,22,20,7,37,7,71,10,0,10,81
07/01/2020,HSV,AL,ASO,ES,Combined TRACON& Tower with Radar,16,12,20,26,74,0,0,7,0,7,16,12,27,26,81,0,0,0,81
07/02/2020,HSV,AL,ASO,ES,Combined TRACON& Tower with Radar,22,12,29,41,104,0,0,49,5,54,22,12,78,46,158,24,46,70,228
07/03/2020,HSV,AL,ASO,ES,Combined TRACON& Tower with Radar,20,9,20,0,49,0,0,53,0,53,20,9,73,0,102,26,0,26,128
07/04/2020,HSV,AL,ASO,ES,Combined TRACON& Tower with Radar,17,5,4,0,26,0,0,59,0,59,17,5,63,0,85,10,0,10,95
07/05/2020,HSV,AL,ASO,ES,Combined TRACON& Tower with Radar,16,5,18,0,39,0,0,34,0,34,16,5,52,0,73,46,0,46,119
07/06/2020,HSV,AL,ASO,ES,Combined TRACON& Tower with Radar,21,14,19,3,57,0,0,43,0,43,21,14,62,3,100,12,0,12,112
07/07/2020,HSV,AL,ASO,ES,Combined TRACON& Tower with Radar,22,12,31,63,128,0,0,25,10,35,22,12,56,73,163,22,64,86,249
07/08/2020,HSV,AL,ASO,ES,Combined TRACON& Tower with Radar,24,15,7,44,90,0,0,9,4,13,24,15,16,48,103,0,12,12,115
07/09/2020,HSV,AL,ASO,ES,Combined TRACON& Tower with Radar,32,13,21,39,105,0,0,32,11,43,32,13,53,50,148,38,44,82,230
07/10/2020,HSV,AL,ASO,ES,Combined TRACON& Tower with Radar,27,13,23,25,88,0,0,51,13,64,27,13,74,38,152,44,16,60,212
07/11/2020,HSV,AL,ASO,ES,Combined TRACON& Tower with Radar,24,12,27,0,63,0,0,76,0,76,24,12,103,0,139,2,0,2,141
07/12/2020,HSV,AL,ASO,ES,Combined TRACON& Tower with Radar,22,8,10,1,41,0,0,11,0,11,22,8,21,1,52,0,0,0,52
07/13/2020,HSV,AL,ASO,ES,Combined TRACON& Tower with Radar,30,13,23,34,100,0,0,36,2,38,30,13,59,36,138,24,70,94,232
07/14/2020,HSV,AL,ASO,ES,Combined TRACON& Tower with Radar,26,10,8,32,76,0,0,52,9,61,26,10,60,41,137,4,0,4,141
07/15/2020,HSV,AL,ASO,ES,Combined TRACON& Tower with Radar,23,12,15,12,62,0,0,49,9,58,23,12,64,21,120,14,10,24,144
07/16/2020,HSV,AL,ASO,ES,Combined TRACON& Tower with Radar,30,10,11,26,77,0,0,72,7,79,30,10,83,33,156,22,34,56,212
07/17/2020,HSV,AL,ASO,ES,Combined TRACON& Tower with Radar,28,14,27,26,95,0,0,56,12,68,28,14,83,38,163,30,24,54,217
07/18/2020,HSV,AL,ASO,ES,Combined TRACON& Tower with Radar,23,12,22,0,57,0,0,59,0,59,23,12,81,0,116,0,0,0,116
07/19/2020,HSV,AL,ASO,ES,Combined TRACON& Tower with Radar,22,8,16,0,46,0,0,41,0,41,22,8,57,0,87,12,0,12,99
07/20/2020,HSV,AL,ASO,ES,Combined TRACON& Tower with Radar,43,14,17,20,94,0,0,43,4,47,43,14,60,24,141,0,0,0,141
07/21/2020,HSV,AL,ASO,ES,Combined TRACON& Tower with Radar,35,10,14,17,76,0,0,21,5,26,35,10,35,22,102,0,0,0,102
07/22/2020,HSV,AL,ASO,ES,Combined TRACON& Tower with Radar,22,13,14,12,61,0,0,33,5,38,22,13,47,17,99,34,4,38,137
07/23/2020,HSV,AL,ASO,ES,Combined TRACON& Tower with Radar,33,11,18,10,72,0,0,49,5,54,33,11,67,15,126,4,2,6,132
07/24/2020,HSV,AL,ASO,ES,Combined TRACON& Tower with Radar,28,16,23,26,93,0,0,42,11,53,28,16,65,37,146,36,90,126,272
07/25/2020,HSV,AL,ASO,ES,Combined TRACON& Tower with Radar,25,14,12,3,54,0,0,39,1,40,25,14,51,4,94,0,12,12,106
07/26/2020,HSV,AL,ASO,ES,Combined TRACON& Tower with Radar,26,12,18,14,70,0,0,58,1,59,26,12,76,15,129,8,2,10,139
07/27/2020,HSV,AL,ASO,ES,Combined TRACON& Tower with Radar,32,13,18,15,78,0,0,36,1,37,32,13,54,16,115,8,22,30,145
07/28/2020,HSV,AL,ASO,ES,Combined TRACON& Tower with Radar,30,12,17,26,85,0,0,47,19,66,30,12,64,45,151,14,24,38,189
07/29/2020,HSV,AL,ASO,ES,Combined TRACON& Tower with Radar,24,11,14,26,75,0,0,20,11,31,24,11,34,37,106,8,64,72,178
07/30/2020,HSV,AL,ASO,ES,Combined TRACON& Tower with Radar,24,15,17,13,69,0,0,10,12,22,24,15,27,25,91,2,10,12,103
07/31/2020,HSV,AL,ASO,ES,Combined TRACON& Tower with Radar,26,13,23,16,78,0,0,26,9,35,26,13,49,25,113,30,30,60,173
08/01/2020,HSV,AL,ASO,ES,Combined TRACON& Tower with Radar,25,10,9,0,44,0,0,10,0,10,25,10,19,0,54,0,0,0,54
08/02/2020,HSV,AL,ASO,ES,Combined TRACON& Tower with Radar,29,8,22,4,63,0,0,51,0,51,29,8,73,4,114,0,0,0,114
08/03/2020,HSV,AL,ASO,ES,Combined TRACON& Tower with Radar,41,16,17,7,81,0,0,60,8,68,41,16,77,15,149,0,0,0,149
08/04/2020,HSV,AL,ASO,ES,Combined TRACON& Tower with Radar,22,11,12,19,64,0,0,51,7,58,22,11,63,26,122,64,34,98,220
08/05/2020,HSV,AL,ASO,ES,Combined TRACON& Tower with Radar,25,10,22,35,92,0,0,59,9,68,25,10,81,44,160,10,62,72,232
08/06/2020,HSV,AL,ASO,ES,Combined TRACON& Tower with Radar,29,13,26,45,113,0,0,60,19,79,29,13,86,64,192,4,42,46,238
08/07/2020,HSV,AL,ASO,ES,Combined TRACON& Tower with Radar,32,16,23,40,111,0,0,60,17,77,32,16,83,57,188,2,94,96,284
08/08/2020,HSV,AL,ASO,ES,Combined TRACON& Tower with Radar,25,9,6,21,61,0,0,51,8,59,25,9,57,29,120,4,18,22,142
08/09/2020,HSV,AL,ASO,ES,Combined TRACON& Tower with Radar,27,9,17,5,58,0,0,41,5,46,27,9,58,10,104,0,22,22,126
08/10/2020,HSV,AL,ASO,ES,Combined TRACON& Tower with Radar,34,11,16,29,90,0,0,35,11,46,34,11,51,40,136,0,0,0,136
08/11/2020,HSV,AL,ASO,ES,Combined TRACON& Tower with Radar,24,11,17,22,74,0,0,22,7,29,24,11,39,29,103,0,40,40,143
08/12/2020,HSV,AL,ASO,ES,Combined TRACON& Tower with Radar,24,10,9,11,54,0,0,33,15,48,24,10,42,26,102,20,26,46,148
08/13/2020,HSV,AL,ASO,ES,Combined TRACON& Tower with Radar,28,15,21,17,81,0,0,30,5,35,28,15,51,22,116,8,22,30,146
08/14/2020,HSV,AL,ASO,ES,Combined TRACON& Tower with Radar,30,14,25,4,73,0,0,28,4,32,30,14,53,8,105,0,0,0,105
08/15/2020,HSV,AL,ASO,ES,Combined TRACON& Tower with Radar,23,8,12,5,48,0,0,35,3,38,23,8,47,8,86,34,18,52,138
08/16/2020,HSV,AL,ASO,ES,Combined TRACON& Tower with Radar,29,10,17,11,67,0,0,25,0,25,29,10,42,11,92,0,0,0,92
08/17/2020,HSV,AL,ASO,ES,Combined TRACON& Tower with Radar,28,14,27,35,104,0,0,52,3,55,28,14,79,38,159,0,0,0,159
08/18/2020,HSV,AL,ASO,ES,Combined TRACON& Tower with Radar,25,10,15,33,83,0,0,61,7,68,25,10,76,40,151,38,36,74,225
08/19/2020,HSV,AL,ASO,ES,Combined TRACON& Tower with Radar,24,14,18,16,72,0,0,24,3,27,24,14,42,19,99,6,36,42,141
08/20/2020,HSV,AL,ASO,ES,Combined TRACON& Tower with Radar,28,13,23,25,89,0,0,32,18,50,28,13,55,43,139,6,40,46,185
08/21/2020,HSV,AL,ASO,ES,Combined TRACON& Tower with Radar,30,20,13,13,76,0,0,4,1,5,30,20,17,14,81,6,0,6,87
08/22/2020,HSV,AL,ASO,ES,Combined TRACON& Tower with Radar,23,13,25,6,67,0,0,21,1,22,23,13,46,7,89,40,0,40,129
08/23/2020,HSV,AL,ASO,ES,Combined TRACON& Tower with Radar,27,10,19,7,63,0,0,19,2,21,27,10,38,9,84,8,0,8,92
08/24/2020,HSV,AL,ASO,ES,Combined TRACON& Tower with Radar,28,14,16,19,77,0,0,17,8,25,28,14,33,27,102,38,36,74,176
08/25/2020,HSV,AL,ASO,ES,Combined TRACON& Tower with Radar,25,7,20,13,65,0,0,4,3,7,25,7,24,16,72,0,40,40,112
08/26/2020,HSV,AL,ASO,ES,Combined TRACON& Tower with Radar,26,10,11,13,60,0,0,11,0,11,26,10,22,13,71,0,20,20,91
08/27/2020,HSV,AL,ASO,ES,Combined TRACON& Tower with Radar,31,19,25,29,104,1,0,19,9,29,32,19,44,38,133,10,22,32,165
08/28/2020,HSV,AL,ASO,ES,Combined TRACON& Tower with Radar,32,14,9,30,85,0,0,0,1,1,32,14,9,31,86,0,0,0,86
08/29/2020,HSV,AL,ASO,ES,Combined TRACON& Tower with Radar,23,9,20,0,52,0,0,24,0,24,23,9,44,0,76,20,0,20,96
08/30/2020,HSV,AL,ASO,ES,Combined TRACON& Tower with Radar,31,12,14,0,57,0,0,6,0,6,31,12,20,0,63,0,0,0,63
08/31/2020,HSV,AL,ASO,ES,Combined TRACON& Tower with Radar,30,12,13,9,64,0,0,3,0,3,30,12,16,9,67,8,0,8,75
09/01/2020,HSV,AL,ASO,ES,Combined TRACON& Tower with Radar,21,6,25,8,60,0,0,1,0,1,21,6,26,8,61,0,0,0,61
09/02/2020,HSV,AL,ASO,ES,Combined TRACON& Tower with Radar,25,14,17,47,103,0,0,37,11,48,25,14,54,58,151,0,0,0,151
09/03/2020,HSV,AL,ASO,ES,Combined TRACON& Tower with Radar,28,19,23,37,107,0,0,45,8,53,28,19,68,45,160,14,56,70,230
09/04/2020,HSV,AL,ASO,ES,Combined TRACON& Tower with Radar,32,19,31,16,98,0,1,29,0,30,32,20,60,16,128,12,0,12,140
09/05/2020,HSV,AL,ASO,ES,Combined TRACON& Tower with Radar,21,8,17,2,48,0,0,52,0,52,21,8,69,2,100,6,0,6,106
09/06/2020,HSV,AL,ASO,ES,Combined TRACON& Tower with Radar,27,7,9,0,43,0,0,46,0,46,27,7,55,0,89,0,0,0,89
09/07/2020,HSV,AL,ASO,ES,Combined TRACON& Tower with Radar,24,12,26,0,62,0,0,36,0,36,24,12,62,0,98,2,16,18,116
09/08/2020,HSV,AL,ASO,ES,Combined TRACON& Tower with Radar,24,16,16,47,103,0,1,42,14,57,24,17,58,61,160,14,66,80,240
09/09/2020,HSV,AL,ASO,ES,Combined TRACON& Tower with Radar,27,13,31,37,108,0,0,35,15,50,27,13,66,52,158,16,104,120,278
09/10/2020,HSV,AL,ASO,ES,Combined TRACON& Tower with Radar,26,12,19,63,120,0,0,37,13,50,26,12,56,76,170,58,82,140,310
09/11/2020,HSV,AL,ASO,ES,Combined TRACON& Tower with Radar,28,20,28,31,107,0,0,42,11,53,28,20,70,42,160,28,96,124,284
09/12/2020,HSV,AL,ASO,ES,Combined TRACON& Tower with Radar,24,7,14,6,51,0,0,18,0,18,24,7,32,6,69,16,0,16,85
09/13/2020,HSV,AL,ASO,ES,Combined TRACON& Tower with Radar,26,12,12,3,53,0,0,16,0,16,26,12,28,3,69,0,0,0,69
09/14/2020,HSV,AL,ASO,ES,Combined TRACON& Tower with Radar,28,12,14,29,83,0,0,26,12,38,28,12,40,41,121,4,126,130,251
09/15/2020,HSV,AL,ASO,ES,Combined TRACON& Tower with Radar,27,12,21,48,108,0,0,14,4,18,27,12,35,52,126,26,32,58,184
09/16/2020,HSV,AL,ASO,ES,Combined TRACON& Tower with Radar,26,11,18,5,60,0,0,7,4,11,26,11,25,9,71,0,24,24,95
09/17/2020,HSV,AL,ASO,ES,Combined TRACON& Tower with Radar,26,13,9,5,53,0,0,27,11,38,26,13,36,16,91,20,0,20,111
09/18/2020,HSV,AL,ASO,ES,Combined TRACON& Tower with Radar,28,16,11,41,96,0,0,26,6,32,28,16,37,47,128,14,16,30,158
09/19/2020,HSV,AL,ASO,ES,Combined TRACON& Tower with Radar,24,9,16,6,55,0,0,30,0,30,24,9,46,6,85,0,0,0,85
09/20/2020,HSV,AL,ASO,ES,Combined TRACON& Tower with Radar,28,10,24,36,98,0,0,41,3,44,28,10,65,39,142,0,4,4,146
09/21/2020,HSV,AL,ASO,ES,Combined TRACON& Tower with Radar,28,17,27,42,114,0,0,39,7,46,28,17,66,49,160,0,66,66,226
09/22/2020,HSV,AL,ASO,ES,Combined TRACON& Tower with Radar,26,12,27,51,116,0,0,42,11,53,26,12,69,62,169,4,60,64,233
09/23/2020,HSV,AL,ASO,ES,Combined TRACON& Tower with Radar,26,15,28,80,149,0,0,33,14,47,26,15,61,94,196,14,82,96,292
09/24/2020,HSV,AL,ASO,ES,Combined TRACON& Tower with Radar,26,13,14,1,54,0,0,0,0,0,26,13,14,1,54,0,0,0,54
09/25/2020,HSV,AL,ASO,ES,Combined TRACON& Tower with Radar,29,15,38,24,106,0,0,4,5,9,29,15,42,29,115,2,6,8,123
09/26/2020,HSV,AL,ASO,ES,Combined TRACON& Tower with Radar,24,12,19,8,63,0,0,17,1,18,24,12,36,9,81,20,0,20,101
09/27/2020,HSV,AL,ASO,ES,Combined TRACON& Tower with Radar,26,13,36,14,89,0,0,29,0,29,26,13,65,14,118,4,0,4,122
09/28/2020,HSV,AL,ASO,ES,Combined TRACON& Tower with Radar,28,14,13,31,86,0,0,9,2,11,28,14,22,33,97,0,0,0,97
09/29/2020,HSV,AL,ASO,ES,Combined TRACON& Tower with Radar,25,22,22,22,91,0,0,46,2,48,25,22,68,24,139,0,16,16,155
09/30/2020,HSV,AL,ASO,ES,Combined TRACON& Tower with Radar,27,18,27,32,104,0,0,35,5,40,27,18,62,37,144,12,40,52,196
10/01/2020,HSV,AL,ASO,ES,Combined TRACON& Tower with Radar,29,17,21,37,104,0,0,41,8,49,29,17,62,45,153,22,36,58,211
10/02/2020,HSV,AL,ASO,ES,Combined TRACON& Tower with Radar,27,22,19,26,94,0,0,43,10,53,27,22,62,36,147,4,44,48,195
10/03/2020,HSV,AL,ASO,ES,Combined TRACON& Tower with Radar,25,16,16,1,58,0,0,39,1,40,25,16,55,2,98,20,16,36,134
10/04/2020,HSV,AL,ASO,ES,Combined TRACON& Tower with Radar,29,15,9,1,54,0,0,34,0,34,29,15,43,1,88,0,0,0,88
10/05/2020,HSV,AL,ASO,ES,Combined TRACON& Tower with Radar,30,14,19,45,108,0,2,32,10,44,30,16,51,55,152,18,46,64,216
10/06/2020,HSV,AL,ASO,ES,Combined TRACON& Tower with Radar,28,8,12,26,74,0,0,46,7,53,28,8,58,33,127,26,56,82,209
10/07/2020,HSV,AL,ASO,ES,Combined TRACON& Tower with Radar,27,12,15,29,83,0,0,44,16,60,27,12,59,45,143,26,76,102,245
10/08/2020,HSV,AL,ASO,ES,Combined TRACON& Tower with Radar,32,22,17,20,91,0,0,34,9,43,32,22,51,29,134,6,60,66,200
10/09/2020,HSV,AL,ASO,ES,Combined TRACON& Tower with Radar,34,17,22,4,77,0,0,17,0,17,34,17,39,4,94,0,6,6,100
10/10/2020,HSV,AL,ASO,ES,Combined TRACON& Tower with Radar,25,17,2,0,44,0,0,0,0,0,25,17,2,0,44,0,0,0,44
10/11/2020,HSV,AL,ASO,ES,Combined TRACON& Tower with Radar,33,15,19,0,67,0,0,1,0,1,33,15,20,0,68,0,0,0,68
10/12/2020,HSV,AL,ASO,ES,Combined TRACON& Tower with Radar,32,16,19,2,69,0,0,15,4,19,32,16,34,6,88,18,4,22,110
10/13/2020,HSV,AL,ASO,ES,Combined TRACON& Tower with Radar,28,16,13,66,123,0,0,40,6,46,28,16,53,72,169,26,116,142,311
10/14/2020,HSV,AL,ASO,ES,Combined TRACON& Tower with Radar,28,11,30,20,89,0,0,28,12,40,28,11,58,32,129,18,34,52,181
10/15/2020,HSV,AL,ASO,ES,Combined TRACON& Tower with Radar,32,19,21,46,118,0,0,34,12,46,32,19,55,58,164,18,56,74,238
10/16/2020,HSV,AL,ASO,ES,Combined TRACON& Tower with Radar,33,20,11,60,124,0,0,35,14,49,33,20,46,74,173,0,0,0,173
10/17/2020,HSV,AL,ASO,ES,Combined TRACON& Tower with Radar,25,16,8,6,55,0,2,33,3,38,25,18,41,9,93,0,10,10,103
10/18/2020,HSV,AL,ASO,ES,Combined TRACON& Tower with Radar,33,23,15,12,83,0,0,36,5,41,33,23,51,17,124,4,24,28,152
10/19/2020,HSV,AL,ASO,ES,Combined TRACON& Tower with Radar,32,20,22,39,113,0,0,24,8,32,32,20,46,47,145,12,42,54,199
10/20/2020,HSV,AL,ASO,ES,Combined TRACON& Tower with Radar,27,12,8,44,91,0,1,44,13,58,27,13,52,57,149,60,46,106,255
10/21/2020,HSV,AL,ASO,ES,Combined TRACON& Tower with Radar,28,11,27,66,132,0,0,33,14,47,28,11,60,80,179,28,60,88,267
10/22/2020,HSV,AL,ASO,ES,Combined TRACON& Tower with Radar,34,20,29,44,127,0,0,41,10,51,34,20,70,54,178,12,44,56,234
10/23/2020,HSV,AL,ASO,ES,Combined TRACON& Tower with Radar,32,21,16,21,90,0,0,23,1,24,32,21,39,22,114,0,0,0,114
10/24/2020,HSV,AL,ASO,ES,Combined TRACON& Tower with Radar,24,17,20,0,61,0,0,0,0,0,24,17,20,0,61,0,0,0,61
10/25/2020,HSV,AL,ASO,ES,Combined TRACON& Tower with Radar,31,22,23,2,78,0,0,6,0,6,31,22,29,2,84,0,0,0,84
10/26/2020,HSV,AL,ASO,ES,Combined TRACON& Tower with Radar,34,18,14,28,94,0,0,7,7,14,34,18,21,35,108,0,36,36,144
10/27/2020,HSV,AL,ASO,ES,Combined TRACON& Tower with Radar,26,18,35,42,121,0,1,3,1,5,26,19,38,43,126,10,28,38,164
10/28/2020,HSV,AL,ASO,ES,Combined TRACON& Tower with Radar,26,11,13,0,50,0,0,0,0,0,26,11,13,0,50,0,0,0,50
10/29/2020,HSV,AL,ASO,ES,Combined TRACON& Tower with Radar,32,17,16,2,67,0,0,0,0,0,32,17,16,2,67,0,0,0,67
10/30/2020,HSV,AL,ASO,ES,Combined TRACON& Tower with Radar,31,25,24,33,113,0,0,16,4,20,31,25,40,37,133,14,26,40,173
10/31/2020,HSV,AL,ASO,ES,Combined TRACON& Tower with Radar,22,16,14,4,56,0,0,50,0,50,22,16,64,4,106,8,0,8,114
11/01/2020,HSV,AL,ASO,ES,Combined TRACON& Tower with Radar,27,16,19,1,63,0,0,38,1,39,27,16,57,2,102,0,0,0,102
11/02/2020,HSV,AL,ASO,ES,Combined TRACON& Tower with Radar,28,17,16,28,89,0,0,39,12,51,28,17,55,40,140,8,84,92,232
11/03/2020,HSV,AL,ASO,ES,Combined TRACON& Tower with Radar,26,9,26,28,89,0,0,50,7,57,26,9,76,35,146,22,60,82,228
11/04/2020,HSV,AL,ASO,ES,Combined TRACON& Tower with Radar,26,7,29,22,84,0,1,119,9,129,26,8,148,31,213,40,38,78,291
11/05/2020,HSV,AL,ASO,ES,Combined TRACON& Tower with Radar,28,19,21,27,95,0,0,41,9,50,28,19,62,36,145,0,0,0,145
11/06/2020,HSV,AL,ASO,ES,Combined TRACON& Tower with Radar,30,17,25,43,115,0,0,57,8,65,30,17,82,51,180,10,18,28,208
11/07/2020,HSV,AL,ASO,ES,Combined TRACON& Tower with Radar,30,10,18,14,72,0,0,28,3,31,30,10,46,17,103,6,8,14,117
11/08/2020,HSV,AL,ASO,ES,Combined TRACON& Tower with Radar,31,20,13,15,79,0,0,24,3,27,31,20,37,18,106,0,16,16,122
11/09/2020,HSV,AL,ASO,ES,Combined TRACON& Tower with Radar,30,16,21,43,110,0,0,15,17,32,30,16,36,60,142,6,46,52,194
11/10/2020,HSV,AL,ASO,ES,Combined TRACON& Tower with Radar,26,10,10,47,93,0,0,1,3,4,26,10,11,50,97,0,0,0,97
11/11/2020,HSV,AL,ASO,ES,Combined TRACON& Tower with Radar,31,11,18,4,64,0,0,0,0,0,31,11,18,4,64,0,0,0,64
11/12/2020,HSV,AL,ASO,ES,Combined TRACON& Tower with Radar,30,25,18,54,127,0,1,19,2,22,30,26,37,56,149,18,0,18,167
11/13/2020,HSV,AL,ASO,ES,Combined TRACON& Tower with Radar,33,30,14,24,101,0,0,49,13,62,33,30,63,37,163,0,0,0,163
11/14/2020,HSV,AL,ASO,ES,Combined TRACON& Tower with Radar,31,15,11,2,59,0,0,48,0,48,31,15,59,2,107,30,48,78,185
11/15/2020,HSV,AL,ASO,ES,Combined TRACON& Tower with Radar,32,18,11,8,69,0,0,3,1,4,32,18,14,9,73,0,0,0,73
11/16/2020,HSV,AL,ASO,ES,Combined TRACON& Tower with Radar,29,18,30,19,96,0,0,42,5,47,29,18,72,24,143,16,74,90,233
11/17/2020,HSV,AL,ASO,ES,Combined TRACON& Tower with Radar,26,16,13,21,76,0,0,29,7,36,26,16,42,28,112,28,40,68,180
11/18/2020,HSV,AL,ASO,ES,Combined TRACON& Tower with Radar,29,13,20,22,84,0,0,29,8,37,29,13,49,30,121,0,56,56,177
11/19/2020,HSV,AL,ASO,ES,Combined TRACON& Tower with Radar,32,18,22,33,105,0,0,42,10,52,32,18,64,43,157,34,50,84,241
11/20/2020,HSV,AL,ASO,ES,Combined TRACON& Tower with Radar,33,17,19,39,108,0,2,37,9,48,33,19,56,48,156,0,0,0,156
11/21/2020,HSV,AL,ASO,ES,Combined TRACON& Tower with Radar,33,18,19,4,74,0,0,62,0,62,33,18,81,4,136,0,0,0,136
11/22/2020,HSV,AL,ASO,ES,Combined TRACON& Tower with Radar,36,14,7,6,63,0,4,22,2,28,36,18,29,8,91,0,20,20,111
11/23/2020,HSV,AL,ASO,ES,Combined TRACON& Tower with Radar,30,14,20,9,73,0,0,35,3,38,30,14,55,12,111,4,30,34,145
11/24/2020,HSV,AL,ASO,ES,Combined TRACON& Tower with Radar,36,18,23,7,84,0,0,38,2,40,36,18,61,9,124,52,0,52,176
11/25/2020,HSV,AL,ASO,ES,Combined TRACON& Tower with Radar,37,17,12,0,66,0,0,0,0,0,37,17,12,0,66,0,0,0,66
11/26/2020,HSV,AL,ASO,ES,Combined TRACON& Tower with Radar,15,6,2,0,23,0,0,9,0,9,15,6,11,0,32,0,0,0,32
11/27/2020,HSV,AL,ASO,ES,Combined TRACON& Tower with Radar,25,20,15,0,60,0,0,40,0,40,25,20,55,0,100,0,0,0,100
11/28/2020,HSV,AL,ASO,ES,Combined TRACON& Tower with Radar,33,16,12,0,61,0,0,33,0,33,33,16,45,0,94,0,0,0,94
11/29/2020,HSV,AL,ASO,ES,Combined TRACON& Tower with Radar,38,18,15,2,73,0,0,8,0,8,38,18,23,2,81,0,0,0,81
11/30/2020,HSV,AL,ASO,ES,Combined TRACON& Tower with Radar,33,21,9,2,65,0,0,0,0,0,33,21,9,2,65,0,0,0,65
12/01/2020,HSV,AL,ASO,ES,Combined TRACON& Tower with Radar,31,15,17,26,89,0,0,24,7,31,31,15,41,33,120,0,0,0,120
12/02/2020,HSV,AL,ASO,ES,Combined TRACON& Tower with Radar,29,14,13,29,85,0,0,42,13,55,29,14,55,42,140,6,46,52,192
12/03/2020,HSV,AL,ASO,ES,Combined TRACON& Tower with Radar,29,18,21,21,89,0,0,32,7,39,29,18,53,28,128,4,94,98,226
12/04/2020,HSV,AL,ASO,ES,Combined TRACON& Tower with Radar,30,17,7,4,58,0,0,0,0,0,30,17,7,4,58,0,0,0,58
12/05/2020,HSV,AL,ASO,ES,Combined TRACON& Tower with Radar,22,10,6,5,43,0,0,32,3,35,22,10,38,8,78,0,0,0,78
12/06/2020,HSV,AL,ASO,ES,Combined TRACON& Tower with Radar,30,13,22,6,71,0,0,32,1,33,30,13,54,7,104,0,0,0,104
12/07/2020,HSV,AL,ASO,ES,Combined TRACON& Tower with Radar,30,16,18,31,95,0,0,11,3,14,30,16,29,34,109,0,0,0,109
12/08/2020,HSV,AL,ASO,ES,Combined TRACON& Tower with Radar,22,13,25,23,83,0,0,32,5,37,22,13,57,28,120,0,66,66,186
12/09/2020,HSV,AL,ASO,ES,Combined TRACON& Tower with Radar,25,13,22,41,101,0,1,34,22,57,25,14,56,63,158,6,60,66,224
12/10/2020,HSV,AL,ASO,ES,Combined TRACON& Tower with Radar,27,13,7,59,106,0,0,50,16,66,27,13,57,75,172,16,70,86,258
12/11/2020,HSV,AL,ASO,ES,Combined TRACON& Tower with Radar,29,17,19,45,110,0,0,33,4,37,29,17,52,49,147,24,74,98,245
12/12/2020,HSV,AL,ASO,ES,Combined TRACON& Tower with Radar,24,13,7,10,54,0,0,3,1,4,24,13,10,11,58,0,0,0,58
12/13/2020,HSV,AL,ASO,ES,Combined TRACON& Tower with Radar,29,18,14,0,61,0,0,37,2,39,29,18,51,2,100,8,0,8,108
12/14/2020,HSV,AL,ASO,ES,Combined TRACON& Tower with Radar,33,13,15,10,71,0,0,0,2,2,33,13,15,12,73,0,38,38,111
12/15/2020,HSV,AL,ASO,ES,Combined TRACON& Tower with Radar,24,11,39,50,124,0,0,21,7,28,24,11,60,57,152,4,54,58,210
12/16/2020,HSV,AL,ASO,ES,Combined TRACON& Tower with Radar,24,5,17,5,51,0,0,0,0,0,24,5,17,5,51,0,0,0,51
12/17/2020,HSV,AL,ASO,ES,Combined TRACON& Tower with Radar,34,19,15,44,112,1,0,29,12,42,35,19,44,56,154,20,16,36,190
12/18/2020,HSV,AL,ASO,ES,Combined TRACON& Tower with Radar,32,21,26,36,115,0,0,51,15,66,32,21,77,51,181,0,0,0,181
12/19/2020,HSV,AL,ASO,ES,Combined TRACON& Tower with Radar,31,13,8,1,53,0,0,30,1,31,31,13,38,2,84,0,0,0,84
12/20/2020,HSV,AL,ASO,ES,Combined TRACON& Tower with Radar,33,17,16,8,74,0,0,0,0,0,33,17,16,8,74,14,12,26,100
12/21/2020,HSV,AL,ASO,ES,Combined TRACON& Tower with Radar,31,20,17,32,100,0,0,16,5,21,31,20,33,37,121,0,0,0,121
12/22/2020,HSV,AL,ASO,ES,Combined TRACON& Tower with Radar,36,15,21,35,107,0,0,60,6,66,36,15,81,41,173,6,40,46,219
12/23/2020,HSV,AL,ASO,ES,Combined TRACON& Tower with Radar,33,21,8,0,62,0,0,23,2,25,33,21,31,2,87,0,0,0,87
12/24/2020,HSV,AL,ASO,ES,Combined TRACON& Tower with Radar,26,16,1,0,43,0,0,1,0,1,26,16,2,0,44,0,0,0,44
12/25/2020,HSV,AL,ASO,ES,Combined TRACON& Tower with Radar,17,13,1,0,31,0,0,2,0,2,17,13,3,0,33,0,0,0,33
12/26/2020,HSV,AL,ASO,ES,Combined TRACON& Tower with Radar,27,18,18,0,63,0,1,35,0,36,27,19,53,0,99,0,0,0,99
12/27/2020,HSV,AL,ASO,ES,Combined TRACON& Tower with Radar,30,14,12,0,56,0,0,34,0,34,30,14,46,0,90,0,0,0,90
12/28/2020,HSV,AL,ASO,ES,Combined TRACON& Tower with Radar,30,16,15,0,61,0,0,3,0,3,30,16,18,0,64,0,0,0,64
12/29/2020,HSV,AL,ASO,ES,Combined TRACON& Tower with Radar,32,15,28,18,93,0,0,38,0,38,32,15,66,18,131,14,6,20,151
12/30/2020,HSV,AL,ASO,ES,Combined TRACON& Tower with Radar,30,23,12,12,77,0,0,9,0,9,30,23,21,12,86,0,0,0,86
12/31/2020,HSV,AL,ASO,ES,Combined TRACON& Tower with Radar,27,11,22,0,60,0,0,0,0,0,27,11,22,0,60,0,0,0,60
01/01/2021,HSV,AL,ASO,ES,Combined TRACON& Tower with Radar,24,15,1,0,40,0,0,0,2,2,24,15,1,2,42,0,0,0,42
01/02/2021,HSV,AL,ASO,ES,Combined TRACON& Tower with Radar,24,15,10,0,49,0,0,17,0,17,24,15,27,0,66,14,0,14,80
01/03/2021,HSV,AL,ASO,ES,Combined TRACON& Tower with Radar,32,17,15,0,64,0,0,29,0,29,32,17,44,0,93,0,0,0,93
01/04/2021,HSV,AL,ASO,ES,Combined TRACON& Tower with Radar,28,23,16,7,74,0,0,21,3,24,28,23,37,10,98,0,0,0,98
01/05/2021,HSV,AL,ASO,ES,Combined TRACON& Tower with Radar,25,16,12,17,70,0,0,20,6,26,25,16,32,23,96,12,6,18,114
01/06/2021,HSV,AL,ASO,ES,Combined TRACON& Tower with Radar,26,12,18,43,99,0,0,32,11,43,26,12,50,54,142,30,22,52,194
01/07/2021,HSV,AL,ASO,ES,Combined TRACON& Tower with Radar,27,12,8,7,54,0,0,4,0,4,27,12,12,7,58,0,0,0,58
01/08/2021,HSV,AL,ASO,ES,Combined TRACON& Tower with Radar,30,19,12,8,69,0,0,0,1,1,30,19,12,9,70,0,0,0,70
01/09/2021,HSV,AL,ASO,ES,Combined TRACON& Tower with Radar,21,11,12,15,59,0,0,7,1,8,21,11,19,16,67,0,0,0,67
01/10/2021,HSV,AL,ASO,ES,Combined TRACON& Tower with Radar,27,12,9,0,48,0,0,26,0,26,27,12,35,0,74,0,0,0,74
01/11/2021,HSV,AL,ASO,ES,Combined TRACON& Tower with Radar,28,12,7,2,49,0,0,0,0,0,28,12,7,2,49,0,0,0,49
01/12/2021,HSV,AL,ASO,ES,Combined TRACON& Tower with Radar,26,13,17,18,74,0,0,18,11,29,26,13,35,29,103,2,18,20,123
01/13/2021,HSV,AL,ASO,ES,Combined TRACON& Tower with Radar,26,15,22,28,91,0,0,39,8,47,26,15,61,36,138,0,0,0,138
01/14/2021,HSV,AL,ASO,ES,Combined TRACON& Tower with Radar,30,12,17,27,86,0,0,25,6,31,30,12,42,33,117,0,28,28,145
01/15/2021,HSV,AL,ASO,ES,Combined TRACON& Tower with Radar,29,18,14,17,78,0,0,19,7,26,29,18,33,24,104,16,10,26,130
01/16/2021,HSV,AL,ASO,ES,Combined TRACON& Tower with Radar,22,11,7,2,42,0,0,6,0,6,22,11,13,2,48,0,0,0,48
01/17/2021,HSV,AL,ASO,ES,Combined TRACON& Tower with Radar,26,8,12,0,46,0,0,34,0,34,26,8,46,0,80,0,0,0,80
01/18/2021,HSV,AL,ASO,ES,Combined TRACON& Tower with Radar,28,17,17,8,70,0,0,46,0,46,28,17,63,8,116,22,0,22,138
01/19/2021,HSV,AL,ASO,ES,Combined TRACON& Tower with Radar,25,11,15,28,79,0,0,16,3,19,25,11,31,31,98,0,18,18,116
01/20/2021,HSV,AL,ASO,ES,Combined TRACON& Tower with Radar,25,13,16,46,100,0,2,36,3,41,25,15,52,49,141,4,52,56,197
01/21/2021,HSV,AL,ASO,ES,Combined TRACON& Tower with Radar,30,16,14,9,69,0,0,0,0,0,30,16,14,9,69,0,0,0,69
01/22/2021,HSV,AL,ASO,ES,Combined TRACON& Tower with Radar,29,15,30,103,177,0,4,33,19,56,29,19,63,122,233,18,128,146,379
01/23/2021,HSV,AL,ASO,ES,Combined TRACON& Tower with Radar,21,7,10,17,55,0,0,59,7,66,21,7,69,24,121,0,0,0,121
01/24/2021,HSV,AL,ASO,ES,Combined TRACON& Tower with Radar,29,12,6,4,51,0,0,6,1,7,29,12,12,5,58,0,0,0,58
01/25/2021,HSV,AL,ASO,ES,Combined TRACON& Tower with Radar,27,12,8,0,47,0,0,1,0,1,27,12,9,0,48,0,0,0,48
01/26/2021,HSV,AL,ASO,ES,Combined TRACON& Tower with Radar,25,15,20,25,85,0,3,45,11,59,25,18,65,36,144,16,8,24,168
01/27/2021,HSV,AL,ASO,ES,Combined TRACON& Tower with Radar,25,13,15,30,83,0,0,10,12,22,25,13,25,42,105,0,42,42,147
01/28/2021,HSV,AL,ASO,ES,Combined TRACON& Tower with Radar,24,13,29,30,96,0,2,16,13,31,24,15,45,43,127,4,70,74,201
01/29/2021,HSV,AL,ASO,ES,Combined TRACON& Tower with Radar,29,19,15,28,91,0,2,86,3,91,29,21,101,31,182,0,22,22,204
01/30/2021,HSV,AL,ASO,ES,Combined TRACON& Tower with Radar,22,13,7,10,52,0,0,17,5,22,22,13,24,15,74,0,0,0,74
01/31/2021,HSV,AL,ASO,ES,Combined TRACON& Tower with Radar,30,17,10,2,59,0,0,1,0,1,30,17,11,2,60,0,0,0,60
02/01/2021,HSV,AL,ASO,ES,Combined TRACON& Tower with Radar,27,16,12,0,55,0,0,2,2,4,27,16,14,2,59,0,0,0,59
02/02/2021,HSV,AL,ASO,ES,Combined TRACON& Tower with Radar,25,13,19,15,72,0,4,19,13,36,25,17,38,28,108,0,26,26,134
02/03/2021,HSV,AL,ASO,ES,Combined TRACON& Tower with Radar,26,20,19,32,97,0,6,50,3,59,26,26,69,35,156,4,14,18,174
02/04/2021,HSV,AL,ASO,ES,Combined TRACON& Tower with Radar,29,17,24,55,125,0,2,18,17,37,29,19,42,72,162,0,50,50,212
02/05/2021,HSV,AL,ASO,ES,Combined TRACON& Tower with Radar,29,19,17,63,128,0,1,33,20,54,29,20,50,83,182,10,52,62,244
02/06/2021,HSV,AL,ASO,ES,Combined TRACON& Tower with Radar,21,10,10,8,49,0,2,31,0,33,21,12,41,8,82,0,8,8,90
02/07/2021,HSV,AL,ASO,ES,Combined TRACON& Tower with Radar,30,12,3,5,50,0,0,0,0,0,30,12,3,5,50,0,0,0,50
02/08/2021,HSV,AL,ASO,ES,Combined TRACON& Tower with Radar,27,16,18,30,91,0,3,44,6,53,27,19,62,36,144,36,62,98,242
02/09/2021,HSV,AL,ASO,ES,Combined TRACON& Tower with Radar,23,26,23,61,133,0,0,31,5,36,23,26,54,66,169,24,92,116,285
02/10/2021,HSV,AL,ASO,ES,Combined TRACON& Tower with Radar,23,20,30,75,148,0,3,28,8,39,23,23,58,83,187,10,174,184,371
02/11/2021,HSV,AL,ASO,ES,Combined TRACON& Tower with Radar,29,14,9,0,52,0,0,0,0,0,29,14,9,0,52,0,0,0,52
02/12/2021,HSV,AL,ASO,ES,Combined TRACON& Tower with Radar,31,16,15,6,68,0,0,0,0,0,31,16,15,6,68,0,0,0,68
02/13/2021,HSV,AL,ASO,ES,Combined TRACON& Tower with Radar,22,13,5,0,40,0,0,2,0,2,22,13,7,0,42,0,0,0,42
02/14/2021,HSV,AL,ASO,ES,Combined TRACON& Tower with Radar,19,14,14,0,47,0,0,1,0,1,19,14,15,0,48,0,0,0,48
02/15/2021,HSV,AL,ASO,ES,Combined TRACON& Tower with Radar,10,4,3,0,17,0,0,0,0,0,10,4,3,0,17,0,0,0,17
02/16/2021,HSV,AL,ASO,ES,Combined TRACON& Tower with Radar,13,15,19,0,47,0,0,0,1,1,13,15,19,1,48,0,0,0,48
02/17/2021,HSV,AL,ASO,ES,Combined TRACON& Tower with Radar,16,23,8,11,58,0,0,9,6,15,16,23,17,17,73,0,0,0,73
02/18/2021,HSV,AL,ASO,ES,Combined TRACON& Tower with Radar,25,6,10,6,47,0,0,1,0,1,25,6,11,6,48,0,0,0,48
02/19/2021,HSV,AL,ASO,ES,Combined TRACON& Tower with Radar,34,24,21,11,90,1,0,20,11,32,35,24,41,22,122,0,42,42,164
02/20/2021,HSV,AL,ASO,ES,Combined TRACON& Tower with Radar,22,13,19,2,56,0,0,40,5,45,22,13,59,7,101,0,0,0,101
02/21/2021,HSV,AL,ASO,ES,Combined TRACON& Tower with Radar,32,17,12,2,63,0,0,35,0,35,32,17,47,2,98,0,0,0,98
02/22/2021,HSV,AL,ASO,ES,Combined TRACON& Tower with Radar,26,19,20,4,69,0,0,26,0,26,26,19,46,4,95,6,0,6,101
02/23/2021,HSV,AL,ASO,ES,Combined TRACON& Tower with Radar,26,14,21,28,89,0,2,41,7,50,26,16,62,35,139,16,12,28,167
02/24/2021,HSV,AL,ASO,ES,Combined TRACON& Tower with Radar,25,11,25,46,107,0,5,35,28,68,25,16,60,74,175,0,74,74,249
02/25/2021,HSV,AL,ASO,ES,Combined TRACON& Tower with Radar,29,19,18,8,74,0,5,41,6,52,29,24,59,14,126,14,0,14,140
02/26/2021,HSV,AL,ASO,ES,Combined TRACON& Tower with Radar,31,28,7,0,66,0,0,1,0,1,31,28,8,0,67,0,0,0,67
02/27/2021,HSV,AL,ASO,ES,Combined TRACON& Tower with Radar,23,21,16,0,60,0,0,9,0,9,23,21,25,0,69,0,0,0,69
02/28/2021,HSV,AL,ASO,ES,Combined TRACON& Tower with Radar,29,14,12,2,57,0,0,4,0,4,29,14,16,2,61,0,0,0,61
03/01/2021,HSV,AL,ASO,ES,Combined TRACON& Tower with Radar,28,14,20,40,102,0,0,4,3,7,28,14,24,43,109,4,16,20,129
03/02/2021,HSV,AL,ASO,ES,Combined TRACON& Tower with Radar,29,15,5,57,106,0,2,16,14,32,29,17,21,71,138,0,144,144,282
03/03/2021,HSV,AL,ASO,ES,Combined TRACON& Tower with Radar,30,12,22,25,89,0,2,35,12,49,30,14,57,37,138,20,20,40,178
03/04/2021,HSV,AL,ASO,ES,Combined TRACON& Tower with Radar,37,22,35,10,104,0,4,48,10,62,37,26,83,20,166,28,26,54,220
03/05/2021,HSV,AL,ASO,ES,Combined TRACON& Tower with Radar,33,19,27,16,95,0,0,48,5,53,33,19,75,21,148,0,54,54,202
03/06/2021,HSV,AL,ASO,ES,Combined TRACON& Tower with Radar,25,23,15,10,73,0,5,29,2,36,25,28,44,12,109,0,10,10,119
03/07/2021,HSV,AL,ASO,ES,Combined TRACON& Tower with Radar,34,19,24,10,87,0,0,55,3,58,34,19,79,13,145,20,2,22,167
03/08/2021,HSV,AL,ASO,ES,Combined TRACON& Tower with Radar,33,28,27,19,107,0,0,39,6,45,33,28,66,25,152,18,22,40,192
03/09/2021,HSV,AL,ASO,ES,Combined TRACON& Tower with Radar,32,16,25,46,119,0,2,37,7,46,32,18,62,53,165,10,16,26,191
03/10/2021,HSV,AL,ASO,ES,Combined TRACON& Tower with Radar,36,14,19,49,118,0,2,36,9,47,36,16,55,58,165,20,118,138,303
03/11/2021,HSV,AL,ASO,ES,Combined TRACON& Tower with Radar,38,19,39,34,130,0,6,36,8,50,38,25,75,42,180,2,46,48,228
03/12/2021,HSV,AL,ASO,ES,Combined TRACON& Tower with Radar,36,34,38,13,121,0,1,25,1,27,36,35,63,14,148,12,72,84,232
03/13/2021,HSV,AL,ASO,ES,Combined TRACON& Tower with Radar,25,24,26,3,78,0,0,13,0,13,25,24,39,3,91,0,0,0,91
03/14/2021,HSV,AL,ASO,ES,Combined TRACON& Tower with Radar,33,12,13,5,63,0,0,33,2,35,33,12,46,7,98,0,24,24,122
03/15/2021,HSV,AL,ASO,ES,Combined TRACON& Tower with Radar,35,17,25,7,84,0,0,2,0,2,35,17,27,7,86,0,0,0,86
03/16/2021,HSV,AL,ASO,ES,Combined TRACON& Tower with Radar,34,22,19,5,80,0,0,3,1,4,34,22,22,6,84,0,6,6,90
03/17/2021,HSV,AL,ASO,ES,Combined TRACON& Tower with Radar,30,11,14,0,55,0,0,0,0,0,30,11,14,0,55,0,0,0,55
03/18/2021,HSV,AL,ASO,ES,Combined TRACON& Tower with Radar,35,25,15,6,81,0,0,14,0,14,35,25,29,6,95,4,0,4,99
03/19/2021,HSV,AL,ASO,ES,Combined TRACON& Tower with Radar,33,22,21,32,108,0,0,1,4,5,33,22,22,36,113,0,14,14,127
03/20/2021,HSV,AL,ASO,ES,Combined TRACON& Tower with Radar,27,20,15,11,73,0,4,52,5,61,27,24,67,16,134,12,26,38,172
03/21/2021,HSV,AL,ASO,ES,Combined TRACON& Tower with Radar,35,15,41,12,103,0,0,52,1,53,35,15,93,13,156,8,0,8,164
03/22/2021,HSV,AL,ASO,ES,Combined TRACON& Tower with Radar,32,21,20,43,116,0,0,55,5,60,32,21,75,48,176,20,78,98,274
03/23/2021,HSV,AL,ASO,ES,Combined TRACON& Tower with Radar,34,19,33,2,88,0,0,6,3,9,34,19,39,5,97,0,0,0,97
03/24/2021,HSV,AL,ASO,ES,Combined TRACON& Tower with Radar,35,16,45,15,111,0,0,17,5,22,35,16,62,20,133,8,4,12,145
03/25/2021,HSV,AL,ASO,ES,Combined TRACON& Tower with Radar,39,13,3,2,57,0,0,1,0,1,39,13,4,2,58,0,0,0,58
03/26/2021,HSV,AL,ASO,ES,Combined TRACON& Tower with Radar,34,23,27,25,109,0,4,50,5,59,34,27,77,30,168,12,8,20,188
03/27/2021,HSV,AL,ASO,ES,Combined TRACON& Tower with Radar,28,21,11,2,62,0,0,0,2,2,28,21,11,4,64,0,0,0,64
03/28/2021,HSV,AL,ASO,ES,Combined TRACON& Tower with Radar,35,17,13,2,67,0,2,3,2,7,35,19,16,4,74,10,0,10,84
03/29/2021,HSV,AL,ASO,ES,Combined TRACON& Tower with Radar,34,22,28,38,122,0,0,72,11,83,34,22,100,49,205,6,18,24,229
03/30/2021,HSV,AL,ASO,ES,Combined TRACON& Tower with Radar,32,17,22,55,126,0,2,28,13,43,32,19,50,68,169,6,66,72,241
03/31/2021,HSV,AL,ASO,ES,Combined TRACON& Tower with Radar,36,17,13,12,78,0,2,0,0,2,36,19,13,12,80,0,30,30,110
04/01/2021,HSV,AL,ASO,ES,Combined TRACON& Tower with Radar,39,27,39,74,179,0,2,30,17,49,39,29,69,91,228,0,0,0,228
04/02/2021,HSV,AL,ASO,ES,Combined TRACON& Tower with Radar,37,20,29,20,106,0,4,45,3,52,37,24,74,23,158,0,0,0,158
04/03/2021,HSV,AL,ASO,ES,Combined TRACON& Tower with Radar,29,21,14,7,71,0,4,43,3,50,29,25,57,10,121,0,0,0,121
04/04/2021,HSV,AL,ASO,ES,Combined TRACON& Tower with Radar,38,18,16,0,72,0,4,41,0,45,38,22,57,0,117,6,0,6,123
04/05/2021,HSV,AL,ASO,ES,Combined TRACON& Tower with Radar,40,28,17,37,122,0,0,55,12,67,40,28,72,49,189,14,104,118,307
04/06/2021,HSV,AL,ASO,ES,Combined TRACON& Tower with Radar,39,16,27,48,130,0,0,44,22,66,39,16,71,70,196,0,147,147,343
04/07/2021,HSV,AL,ASO,ES,Combined TRACON& Tower with Radar,39,21,16,74,150,0,2,23,17,42,39,23,39,91,192,22,80,102,294
04/08/2021,HSV,AL,ASO,ES,Combined TRACON& Tower with Radar,41,19,14,11,85,0,4,0,2,6,41,23,14,13,91,0,0,0,91
04/09/2021,HSV,AL,ASO,ES,Combined TRACON& Tower with Radar,37,23,13,72,145,0,6,25,22,53,37,29,38,94,198,0,228,228,426
04/10/2021,HSV,AL,ASO,ES,Combined TRACON& Tower with Radar,29,26,3,2,60,0,4,11,1,16,29,30,14,3,76,0,0,0,76
04/11/2021,HSV,AL,ASO,ES,Combined TRACON& Tower with Radar,38,17,19,11,85,0,4,25,1,30,38,21,44,12,115,0,0,0,115
04/12/2021,HSV,AL,ASO,ES,Combined TRACON& Tower with Radar,40,27,26,63,156,0,2,39,4,45,40,29,65,67,201,8,86,94,295
04/13/2021,HSV,AL,ASO,ES,Combined TRACON& Tower with Radar,38,20,15,54,127,0,0,41,12,53,38,20,56,66,180,14,128,142,322
04/14/2021,HSV,AL,ASO,ES,Combined TRACON& Tower with Radar,37,30,19,42,128,0,0,8,8,16,37,30,27,50,144,10,32,42,186
04/15/2021,HSV,AL,ASO,ES,Combined TRACON& Tower with Radar,41,18,22,116,197,0,2,38,21,61,41,20,60,137,258,20,148,168,426
04/16/2021,HSV,AL,ASO,ES,Combined TRACON& Tower with Radar,38,22,15,129,204,0,0,52,29,81,38,22,67,158,285,6,78,84,369
04/17/2021,HSV,AL,ASO,ES,Combined TRACON& Tower with Radar,33,30,12,22,97,0,6,38,0,44,33,36,50,22,141,0,0,0,141
04/18/2021,HSV,AL,ASO,ES,Combined TRACON& Tower with Radar,43,20,25,25,113,0,0,36,5,41,43,20,61,30,154,4,0,4,158
04/19/2021,HSV,AL,ASO,ES,Combined TRACON& Tower with Radar,40,23,28,37,128,0,4,46,9,59,40,27,74,46,187,22,48,70,257
04/20/2021,HSV,AL,ASO,ES,Combined TRACON& Tower with Radar,40,17,17,47,121,0,5,38,12,55,40,22,55,59,176,0,102,102,278
04/21/2021,HSV,AL,ASO,ES,Combined TRACON& Tower with Radar,39,22,17,28,106,0,4,13,11,28,39,26,30,39,134,0,0,0,134
04/22/2021,HSV,AL,ASO,ES,Combined TRACON& Tower with Radar,45,19,31,18,113,0,0,35,2,37,45,19,66,20,150,0,0,0,150
04/23/2021,HSV,AL,ASO,ES,Combined TRACON& Tower with Radar,37,23,22,8,90,0,1,37,5,43,37,24,59,13,133,0,0,0,133
04/24/2021,HSV,AL,ASO,ES,Combined TRACON& Tower with Radar,37,16,2,0,55,0,0,0,0,0,37,16,2,0,55,0,0,0,55
04/25/2021,HSV,AL,ASO,ES,Combined TRACON& Tower with Radar,41,22,23,0,86,0,0,41,2,43,41,22,64,2,129,0,0,0,129
04/26/2021,HSV,AL,ASO,ES,Combined TRACON& Tower with Radar,41,22,31,8,102,0,0,56,1,57,41,22,87,9,159,0,0,0,159
04/27/2021,HSV,AL,ASO,ES,Combined TRACON& Tower with Radar,38,15,22,15,90,0,0,21,12,33,38,15,43,27,123,0,44,44,167
04/28/2021,HSV,AL,ASO,ES,Combined TRACON& Tower with Radar,35,16,21,16,88,0,0,23,11,34,35,16,44,27,122,0,10,10,132
04/29/2021,HSV,AL,ASO,ES,Combined TRACON& Tower with Radar,44,23,24,18,109,0,0,6,3,9,44,23,30,21,118,0,0,0,118
04/30/2021,HSV,AL,ASO,ES,Combined TRACON& Tower with Radar,40,21,21,17,99,0,0,35,3,38,40,21,56,20,137,0,0,0,137
05/01/2021,HSV,AL,ASO,ES,Combined TRACON& Tower with Radar,33,19,21,2,75,0,0,55,0,55,33,19,76,2,130,0,0,0,130
05/02/2021,HSV,AL,ASO,ES,Combined TRACON& Tower with Radar,40,18,10,0,68,0,0,36,0,36,40,18,46,0,104,0,0,0,104
05/03/2021,HSV,AL,ASO,ES,Combined TRACON& Tower with Radar,45,20,12,29,106,0,0,7,1,8,45,20,19,30,114,0,0,0,114
05/04/2021,HSV,AL,ASO,ES,Combined TRACON& Tower with Radar,38,15,1,0,54,0,0,0,0,0,38,15,1,0,54,0,0,0,54
05/05/2021,HSV,AL,ASO,ES,Combined TRACON& Tower with Radar,39,17,29,47,132,0,2,6,3,11,39,19,35,50,143,12,10,22,165
05/06/2021,HSV,AL,ASO,ES,Combined TRACON& Tower with Radar,47,17,27,16,107,0,0,44,7,51,47,17,71,23,158,0,0,0,158
05/07/2021,HSV,AL,ASO,ES,Combined TRACON& Tower with Radar,40,26,27,37,130,0,0,36,9,45,40,26,63,46,175,0,0,0,175
05/08/2021,HSV,AL,ASO,ES,Combined TRACON& Tower with Radar,36,16,23,0,75,0,1,47,1,49,36,17,70,1,124,0,0,0,124
05/09/2021,HSV,AL,ASO,ES,Combined TRACON& Tower with Radar,45,16,6,2,69,0,0,8,0,8,45,16,14,2,77,0,0,0,77
05/10/2021,HSV,AL,ASO,ES,Combined TRACON& Tower with Radar,39,16,38,33,126,0,0,1,2,3,39,16,39,35,129,0,0,0,129
05/11/2021,HSV,AL,ASO,ES,Combined TRACON& Tower with Radar,34,16,36,106,192,0,1,26,15,42,34,17,62,121,234,0,146,146,380
05/12/2021,HSV,AL,ASO,ES,Combined TRACON& Tower with Radar,37,22,28,59,146,0,4,32,13,49,37,26,60,72,195,0,140,140,335
05/13/2021,HSV,AL,ASO,ES,Combined TRACON& Tower with Radar,44,28,24,66,162,0,0,36,10,46,44,28,60,76,208,0,36,36,244
05/14/2021,HSV,AL,ASO,ES,Combined TRACON& Tower with Radar,42,23,34,32,131,0,0,47,2,49,42,23,81,34,180,2,72,74,254
05/15/2021,HSV,AL,ASO,ES,Combined TRACON& Tower with Radar,33,17,17,1,68,0,0,64,0,64,33,17,81,1,132,0,0,0,132
05/16/2021,HSV,AL,ASO,ES,Combined TRACON& Tower with Radar,42,15,21,26,104,0,0,33,0,33,42,15,54,26,137,8,0,8,145
05/17/2021,HSV,AL,ASO,ES,Combined TRACON& Tower with Radar,44,19,16,55,134,0,0,29,4,33,44,19,45,59,167,16,122,138,305
05/18/2021,HSV,AL,ASO,ES,Combined TRACON& Tower with Radar,38,18,24,95,175,0,0,30,14,44,38,18,54,109,219,0,140,140,359
05/19/2021,HSV,AL,ASO,ES,Combined TRACON& Tower with Radar,37,16,7,55,115,0,0,17,12,29,37,16,24,67,144,0,48,48,192
05/20/2021,HSV,AL,ASO,ES,Combined TRACON& Tower with Radar,44,20,28,55,147,0,2,20,7,29,44,22,48,62,176,10,85,95,271
05/21/2021,HSV,AL,ASO,ES,Combined TRACON& Tower with Radar,42,20,20,31,113,0,0,33,8,41,42,20,53,39,154,24,48,72,226
05/22/2021,HSV,AL,ASO,ES,Combined TRACON& Tower with Radar,35,18,10,8,71,0,2,51,4,57,35,20,61,12,128,0,0,0,128
05/23/2021,HSV,AL,ASO,ES,Combined TRACON& Tower with Radar,43,17,27,24,111,0,2,56,5,63,43,19,83,29,174,28,0,28,202
05/24/2021,HSV,AL,ASO,ES,Combined TRACON& Tower with Radar,41,25,16,16,98,0,1,43,6,50,41,26,59,22,148,10,16,26,174
05/25/2021,HSV,AL,ASO,ES,Combined TRACON& Tower with Radar,34,20,23,40,117,0,4,60,11,75,34,24,83,51,192,0,18,18,210
05/26/2021,HSV,AL,ASO,ES,Combined TRACON& Tower with Radar,38,12,30,24,104,0,2,28,10,40,38,14,58,34,144,18,48,66,210
05/27/2021,HSV,AL,ASO,ES,Combined TRACON& Tower with Radar,44,17,30,15,106,0,2,28,5,35,44,19,58,20,141,0,0,0,141
05/28/2021,HSV,AL,ASO,ES,Combined TRACON& Tower with Radar,46,21,13,0,80,0,0,5,0,5,46,21,18,0,85,0,0,0,85
05/29/2021,HSV,AL,ASO,ES,Combined TRACON& Tower with Radar,36,21,24,0,81,0,0,7,0,7,36,21,31,0,88,0,0,0,88
05/30/2021,HSV,AL,ASO,ES,Combined TRACON& Tower with Radar,36,18,16,4,74,0,0,24,0,24,36,18,40,4,98,6,0,6,104
05/31/2021,HSV,AL,ASO,ES,Combined TRACON& Tower with Radar,35,24,35,0,94,0,0,46,0,46,35,24,81,0,140,6,0,6,146
06/01/2021,HSV,AL,ASO,ES,Combined TRACON& Tower with Radar,36,20,24,21,101,0,4,36,4,44,36,24,60,25,145,0,38,38,183
06/02/2021,HSV,AL,ASO,ES,Combined TRACON& Tower with Radar,38,16,20,4,78,0,0,3,6,9,38,16,23,10,87,0,0,0,87
06/03/2021,HSV,AL,ASO,ES,Combined TRACON& Tower with Radar,42,29,22,8,101,0,0,17,1,18,42,29,39,9,119,0,0,0,119
06/04/2021,HSV,AL,ASO,ES,Combined TRACON& Tower with Radar,44,27,20,62,153,0,4,49,9,62,44,31,69,71,215,0,20,20,235
06/05/2021,HSV,AL,ASO,ES,Combined TRACON& Tower with Radar,39,16,19,20,94,0,0,38,4,42,39,16,57,24,136,0,0,0,136
06/06/2021,HSV,AL,ASO,ES,Combined TRACON& Tower with Radar,41,16,9,10,76,0,0,1,1,2,41,16,10,11,78,0,0,0,78
06/07/2021,HSV,AL,ASO,ES,Combined TRACON& Tower with Radar,39,25,18,23,105,0,0,5,6,11,39,25,23,29,116,0,20,20,136
06/08/2021,HSV,AL,ASO,ES,Combined TRACON& Tower with Radar,41,28,27,13,109,0,0,17,4,21,41,28,44,17,130,6,42,48,178
06/09/2021,HSV,AL,ASO,ES,Combined TRACON& Tower with Radar,43,22,15,2,82,0,0,0,0,0,43,22,15,2,82,0,0,0,82
06/10/2021,HSV,AL,ASO,ES,Combined TRACON& Tower with Radar,45,17,23,15,100,0,0,2,1,3,45,17,25,16,103,0,0,0,103
06/11/2021,HSV,AL,ASO,ES,Combined TRACON& Tower with Radar,50,23,19,12,104,4,0,5,10,19,54,23,24,22,123,0,0,0,123
06/12/2021,HSV,AL,ASO,ES,Combined TRACON& Tower with Radar,35,19,15,0,69,0,0,6,0,6,35,19,21,0,75,0,0,0,75
06/13/2021,HSV,AL,ASO,ES,Combined TRACON& Tower with Radar,39,14,27,21,101,0,2,47,9,58,39,16,74,30,159,0,6,6,165
06/14/2021,HSV,AL,ASO,ES,Combined TRACON& Tower with Radar,39,18,26,65,148,0,2,56,11,69,39,20,82,76,217,44,106,150,367
06/15/2021,HSV,AL,ASO,ES,Combined TRACON& Tower with Radar,43,19,14,76,152,0,6,45,18,69,43,25,59,94,221,36,98,134,355
06/16/2021,HSV,AL,ASO,ES,Combined TRACON& Tower with Radar,43,15,21,80,159,0,3,49,15,67,43,18,70,95,226,8,91,99,325
06/17/2021,HSV,AL,ASO,ES,Combined TRACON& Tower with Radar,45,25,19,63,152,0,2,47,15,64,45,27,66,78,216,30,82,112,328
06/18/2021,HSV,AL,ASO,ES,Combined TRACON& Tower with Radar,43,19,23,7,92,0,0,57,4,61,43,19,80,11,153,0,0,0,153
06/19/2021,HSV,AL,ASO,ES,Combined TRACON& Tower with Radar,36,16,12,0,64,0,0,14,1,15,36,16,26,1,79,0,0,0,79
06/20/2021,HSV,AL,ASO,ES,Combined TRACON& Tower with Radar,43,19,20,8,90,0,0,27,2,29,43,19,47,10,119,0,0,0,119
06/21/2021,HSV,AL,ASO,ES,Combined TRACON& Tower with Radar,38,18,18,7,81,0,0,0,5,5,38,18,18,12,86,0,14,14,100
06/22/2021,HSV,AL,ASO,ES,Combined TRACON& Tower with Radar,42,19,17,46,124,0,0,29,7,36,42,19,46,53,160,0,66,66,226
06/23/2021,HSV,AL,ASO,ES,Combined TRACON& Tower with Radar,44,17,31,55,147,0,2,35,19,56,44,19,66,74,203,40,80,120,323
06/24/2021,HSV,AL,ASO,ES,Combined TRACON& Tower with Radar,43,17,23,35,118,0,2,37,11,50,43,19,60,46,168,0,74,74,242
06/25/2021,HSV,AL,ASO,ES,Combined TRACON& Tower with Radar,43,23,20,108,194,0,0,17,16,33,43,23,37,124,227,4,148,152,379
06/26/2021,HSV,AL,ASO,ES,Combined TRACON& Tower with Radar,35,17,20,3,75,0,0,32,4,36,35,17,52,7,111,6,4,10,121
06/27/2021,HSV,AL,ASO,ES,Combined TRACON& Tower with Radar,41,25,13,21,100,0,0,18,10,28,41,25,31,31,128,6,0,6,134
06/28/2021,HSV,AL,ASO,ES,Combined TRACON& Tower with Radar,42,18,19,33,112,0,4,22,13,39,42,22,41,46,151,6,72,78,229
06/29/2021,HSV,AL,ASO,ES,Combined TRACON& Tower with Radar,43,17,14,10,84,0,2,21,2,25,43,19,35,12,109,2,40,42,151
06/30/2021,HSV,AL,ASO,ES,Combined TRACON& Tower with Radar,41,17,26,42,126,0,0,33,15,48,41,17,59,57,174,10,40,50,224
07/01/2021,HSV,AL,ASO,ES,Combined TRACON& Tower with Radar,44,14,23,11,92,0,0,12,2,14,44,14,35,13,106,0,80,80,186
07/02/2021,HSV,AL,ASO,ES,Combined TRACON& Tower with Radar,36,25,12,0,73,0,0,16,0,16,36,25,28,0,89,20,0,20,109
07/03/2021,HSV,AL,ASO,ES,Combined TRACON& Tower with Radar,29,21,18,0,68,0,0,61,0,61,29,21,79,0,129,0,0,0,129
07/04/2021,HSV,AL,ASO,ES,Combined TRACON& Tower with Radar,27,13,8,0,48,0,0,31,0,31,27,13,39,0,79,6,0,6,85
07/05/2021,HSV,AL,ASO,ES,Combined TRACON& Tower with Radar,37,17,19,2,75,0,0,55,0,55,37,17,74,2,130,6,0,6,136
07/06/2021,HSV,AL,ASO,ES,Combined TRACON& Tower with Radar,42,29,22,63,156,0,0,32,10,42,42,29,54,73,198,6,52,58,256
07/07/2021,HSV,AL,ASO,ES,Combined TRACON& Tower with Radar,36,42,13,1,92,0,0,0,0,0,36,42,13,1,92,0,0,0,92
07/08/2021,HSV,AL,ASO,ES,Combined TRACON& Tower with Radar,39,45,32,10,126,0,1,30,8,39,39,46,62,18,165,4,26,30,195
07/09/2021,HSV,AL,ASO,ES,Combined TRACON& Tower with Radar,38,23,33,5,99,0,0,3,1,4,38,23,36,6,103,0,0,0,103
07/10/2021,HSV,AL,ASO,ES,Combined TRACON& Tower with Radar,35,26,13,28,102,0,1,20,4,25,35,27,33,32,127,10,12,22,149
07/11/2021,HSV,AL,ASO,ES,Combined TRACON& Tower with Radar,39,18,18,13,88,0,0,0,0,0,39,18,18,13,88,0,0,0,88
07/12/2021,HSV,AL,ASO,ES,Combined TRACON& Tower with Radar,36,25,15,20,96,0,0,5,0,5,36,25,20,20,101,0,0,0,101
07/13/2021,HSV,AL,ASO,ES,Combined TRACON& Tower with Radar,41,18,13,12,84,0,0,8,10,18,41,18,21,22,102,0,12,12,114
07/14/2021,HSV,AL,ASO,ES,Combined TRACON& Tower with Radar,39,19,20,67,145,0,2,37,7,46,39,21,57,74,191,16,38,54,245
07/15/2021,HSV,AL,ASO,ES,Combined TRACON& Tower with Radar,46,29,23,73,171,0,0,58,9,67,46,29,81,82,238,8,38,46,284
07/16/2021,HSV,AL,ASO,ES,Combined TRACON& Tower with Radar,46,25,31,18,120,0,4,35,9,48,46,29,66,27,168,22,66,88,256
07/17/2021,HSV,AL,ASO,ES,Combined TRACON& Tower with Radar,33,25,7,7,72,0,0,0,0,0,33,25,7,7,72,0,0,0,72
07/18/2021,HSV,AL,ASO,ES,Combined TRACON& Tower with Radar,45,21,14,4,84,0,0,1,3,4,45,21,15,7,88,0,0,0,88
07/19/2021,HSV,AL,ASO,ES,Combined TRACON& Tower with Radar,39,26,16,19,100,0,0,1,3,4,39,26,17,22,104,0,0,0,104
07/20/2021,HSV,AL,ASO,ES,Combined TRACON& Tower with Radar,40,24,11,12,87,0,0,5,7,12,40,24,16,19,99,0,14,14,113
07/21/2021,HSV,AL,ASO,ES,Combined TRACON& Tower with Radar,34,25,30,25,114,0,0,23,6,29,34,25,53,31,143,0,0,0,143
07/22/2021,HSV,AL,ASO,ES,Combined TRACON& Tower with Radar,51,22,39,18,130,0,1,33,6,40,51,23,72,24,170,0,0,0,170
07/23/2021,HSV,AL,ASO,ES,Combined TRACON& Tower with Radar,45,26,24,32,127,0,0,36,11,47,45,26,60,43,174,0,0,0,174
07/24/2021,HSV,AL,ASO,ES,Combined TRACON& Tower with Radar,34,27,26,12,99,0,2,50,5,57,34,29,76,17,156,0,0,0,156
07/25/2021,HSV,AL,ASO,ES,Combined TRACON& Tower with Radar,48,29,22,17,116,0,0,29,3,32,48,29,51,20,148,0,0,0,148
07/26/2021,HSV,AL,ASO,ES,Combined TRACON& Tower with Radar,49,23,9,7,88,0,0,22,5,27,49,23,31,12,115,0,0,0,115
07/27/2021,HSV,AL,ASO,ES,Combined TRACON& Tower with Radar,50,26,16,36,128,0,0,33,5,38,50,26,49,41,166,0,0,0,166
07/28/2021,HSV,AL,ASO,ES,Combined TRACON& Tower with Radar,39,18,29,58,144,0,0,45,30,75,39,18,74,88,219,0,0,0,219
07/29/2021,HSV,AL,ASO,ES,Combined TRACON& Tower with Radar,47,26,24,37,134,0,0,48,6,54,47,26,72,43,188,0,0,0,188
07/30/2021,HSV,AL,ASO,ES,Combined TRACON& Tower with Radar,42,27,28,36,133,0,0,28,11,39,42,27,56,47,172,0,0,0,172
07/31/2021,HSV,AL,ASO,ES,Combined TRACON& Tower with Radar,32,26,19,8,85,0,0,5,5,10,32,26,24,13,95,0,0,0,95
08/01/2021,HSV,AL,ASO,ES,Combined TRACON& Tower with Radar,39,17,24,3,83,0,0,10,0,10,39,17,34,3,93,6,0,6,99
08/02/2021,HSV,AL,ASO,ES,Combined TRACON& Tower with Radar,42,26,18,61,147,0,0,26,3,29,42,26,44,64,176,4,74,78,254
08/03/2021,HSV,AL,ASO,ES,Combined TRACON& Tower with Radar,50,22,14,65,151,0,1,50,17,68,50,23,64,82,219,4,192,196,415
08/04/2021,HSV,AL,ASO,ES,Combined TRACON& Tower with Radar,39,19,24,41,123,0,2,39,6,47,39,21,63,47,170,8,98,106,276
08/05/2021,HSV,AL,ASO,ES,Combined TRACON& Tower with Radar,46,17,29,39,131,0,0,33,10,43,46,17,62,49,174,0,0,0,174
08/06/2021,HSV,AL,ASO,ES,Combined TRACON& Tower with Radar,38,19,23,68,148,0,0,33,13,46,38,19,56,81,194,0,0,0,194
08/07/2021,HSV,AL,ASO,ES,Combined TRACON& Tower with Radar,31,16,7,4,58,0,0,28,0,28,31,16,35,4,86,0,0,0,86
08/08/2021,HSV,AL,ASO,ES,Combined TRACON& Tower with Radar,40,18,33,31,122,0,0,35,2,37,40,18,68,33,159,2,0,2,161
08/09/2021,HSV,AL,ASO,ES,Combined TRACON& Tower with Radar,44,17,18,21,100,0,0,21,7,28,44,17,39,28,128,12,44,56,184
08/10/2021,HSV,AL,ASO,ES,Combined TRACON& Tower with Radar,42,23,22,17,104,0,0,30,5,35,42,23,52,22,139,6,64,70,209
08/11/2021,HSV,AL,ASO,ES,Combined TRACON& Tower with Radar,39,27,16,27,109,0,0,24,8,32,39,27,40,35,141,10,84,94,235
08/12/2021,HSV,AL,ASO,ES,Combined TRACON& Tower with Radar,45,21,30,53,149,0,0,31,8,39,45,21,61,61,188,4,80,84,272
08/13/2021,HSV,AL,ASO,ES,Combined TRACON& Tower with Radar,39,19,17,14,89,0,0,13,1,14,39,19,30,15,103,0,28,28,131
08/14/2021,HSV,AL,ASO,ES,Combined TRACON& Tower with Radar,28,23,18,6,75,0,0,22,0,22,28,23,40,6,97,0,0,0,97
08/15/2021,HSV,AL,ASO,ES,Combined TRACON& Tower with Radar,45,14,15,14,88,0,0,5,0,5,45,14,20,14,93,0,0,0,93
08/16/2021,HSV,AL,ASO,ES,Combined TRACON& Tower with Radar,41,18,19,71,149,0,0,8,6,14,41,18,27,77,163,0,102,102,265
08/17/2021,HSV,AL,ASO,ES,Combined TRACON& Tower with Radar,39,20,25,46,130,0,0,24,1,25,39,20,49,47,155,0,98,98,253
08/18/2021,HSV,AL,ASO,ES,Combined TRACON& Tower with Radar,36,16,30,34,116,0,0,27,10,37,36,16,57,44,153,0,0,0,153
08/19/2021,HSV,AL,ASO,ES,Combined TRACON& Tower with Radar,49,21,25,4,99,0,0,6,2,8,49,21,31,6,107,0,0,0,107
08/20/2021,HSV,AL,ASO,ES,Combined TRACON& Tower with Radar,42,22,25,40,129,0,0,5,4,9,42,22,30,44,138,0,0,0,138
08/21/2021,HSV,AL,ASO,ES,Combined TRACON& Tower with Radar,32,18,16,2,68,0,0,5,2,7,32,18,21,4,75,0,0,0,75
08/22/2021,HSV,AL,ASO,ES,Combined TRACON& Tower with Radar,50,16,27,10,103,0,0,22,0,22,50,16,49,10,125,2,0,2,127
08/23/2021,HSV,AL,ASO,ES,Combined TRACON& Tower with Radar,43,23,23,37,126,0,1,45,6,52,43,24,68,43,178,0,68,68,246
08/24/2021,HSV,AL,ASO,ES,Combined TRACON& Tower with Radar,38,18,20,22,98,0,2,47,10,59,38,20,67,32,157,18,50,68,225
08/25/2021,HSV,AL,ASO,ES,Combined TRACON& Tower with Radar,42,19,26,51,138,0,4,45,8,57,42,23,71,59,195,0,58,58,253
08/26/2021,HSV,AL,ASO,ES,Combined TRACON& Tower with Radar,48,22,17,29,116,0,5,34,5,44,48,27,51,34,160,0,0,0,160
08/27/2021,HSV,AL,ASO,ES,Combined TRACON& Tower with Radar,41,19,23,41,124,0,0,37,5,42,41,19,60,46,166,0,0,0,166
08/28/2021,HSV,AL,ASO,ES,Combined TRACON& Tower with Radar,31,15,18,8,72,0,4,43,2,49,31,19,61,10,121,0,0,0,121
08/29/2021,HSV,AL,ASO,ES,Combined TRACON& Tower with Radar,46,15,20,18,99,0,0,17,0,17,46,15,37,18,116,4,4,8,124
08/30/2021,HSV,AL,ASO,ES,Combined TRACON& Tower with Radar,41,20,14,0,75,0,1,8,0,9,41,21,22,0,84,6,0,6,90
08/31/2021,HSV,AL,ASO,ES,Combined TRACON& Tower with Radar,41,31,8,0,80,0,0,0,0,0,41,31,8,0,80,0,0,0,80
09/01/2021,HSV,AL,ASO,ES,Combined TRACON& Tower with Radar,39,30,37,9,115,0,0,14,3,17,39,30,51,12,132,0,0,0,132
09/02/2021,HSV,AL,ASO,ES,Combined TRACON& Tower with Radar,42,23,32,25,122,0,3,49,11,63,42,26,81,36,185,0,0,0,185
09/03/2021,HSV,AL,ASO,ES,Combined TRACON& Tower with Radar,43,25,27,10,105,0,8,47,3,58,43,33,74,13,163,0,0,0,163
09/04/2021,HSV,AL,ASO,ES,Combined TRACON& Tower with Radar,32,18,6,0,56,0,2,38,0,40,32,20,44,0,96,0,0,0,96
09/05/2021,HSV,AL,ASO,ES,Combined TRACON& Tower with Radar,34,18,13,0,65,0,1,19,0,20,34,19,32,0,85,0,0,0,85
09/06/2021,HSV,AL,ASO,ES,Combined TRACON& Tower with Radar,35,17,24,3,79,0,0,23,1,24,35,17,47,4,103,0,8,8,111
09/07/2021,HSV,AL,ASO,ES,Combined TRACON& Tower with Radar,39,16,34,47,136,0,6,42,7,55,39,22,76,54,191,26,60,86,277
09/08/2021,HSV,AL,ASO,ES,Combined TRACON& Tower with Radar,42,16,29,48,135,0,5,32,11,48,42,21,61,59,183,0,94,94,277
09/09/2021,HSV,AL,ASO,ES,Combined TRACON& Tower with Radar,52,19,35,25,131,0,4,44,3,51,52,23,79,28,182,2,46,48,230
09/10/2021,HSV,AL,ASO,ES,Combined TRACON& Tower with Radar,45,19,14,40,118,0,4,47,13,64,45,23,61,53,182,0,80,80,262
09/11/2021,HSV,AL,ASO,ES,Combined TRACON& Tower with Radar,33,18,13,16,80,0,6,43,17,66,33,24,56,33,146,8,52,60,206
09/12/2021,HSV,AL,ASO,ES,Combined TRACON& Tower with Radar,53,13,21,5,92,0,0,33,4,37,53,13,54,9,129,14,0,14,143
09/13/2021,HSV,AL,ASO,ES,Combined TRACON& Tower with Radar,46,22,27,60,155,0,0,35,13,48,46,22,62,73,203,4,106,110,313
09/14/2021,HSV,AL,ASO,ES,Combined TRACON& Tower with Radar,37,27,16,39,119,0,0,21,15,36,37,27,37,54,155,4,108,112,267
09/15/2021,HSV,AL,ASO,ES,Combined TRACON& Tower with Radar,41,24,25,46,136,0,2,4,5,11,41,26,29,51,147,2,94,96,243
09/16/2021,HSV,AL,ASO,ES,Combined TRACON& Tower with Radar,49,27,28,60,164,0,2,8,11,21,49,29,36,71,185,14,94,108,293
09/17/2021,HSV,AL,ASO,ES,Combined TRACON& Tower with Radar,50,30,35,59,174,0,0,5,4,9,50,30,40,63,183,6,56,62,245
09/18/2021,HSV,AL,ASO,ES,Combined TRACON& Tower with Radar,34,21,11,0,66,0,0,0,0,0,34,21,11,0,66,0,0,0,66
09/19/2021,HSV,AL,ASO,ES,Combined TRACON& Tower with Radar,51,12,19,1,83,0,0,1,0,1,51,12,20,1,84,0,0,0,84
09/20/2021,HSV,AL,ASO,ES,Combined TRACON& Tower with Radar,47,25,21,4,97,0,0,2,2,4,47,25,23,6,101,0,0,0,101
09/21/2021,HSV,AL,ASO,ES,Combined TRACON& Tower with Radar,40,23,21,7,91,0,0,9,5,14,40,23,30,12,105,0,0,0,105
09/22/2021,HSV,AL,ASO,ES,Combined TRACON& Tower with Radar,39,31,28,23,121,0,2,11,8,21,39,33,39,31,142,0,0,0,142
09/23/2021,HSV,AL,ASO,ES,Combined TRACON& Tower with Radar,49,27,27,17,120,0,0,75,14,89,49,27,102,31,209,8,60,68,277
09/24/2021,HSV,AL,ASO,ES,Combined TRACON& Tower with Radar,45,24,23,17,109,0,5,47,15,67,45,29,70,32,176,30,32,62,238
09/25/2021,HSV,AL,ASO,ES,Combined TRACON& Tower with Radar,34,18,20,6,78,0,2,36,4,42,34,20,56,10,120,0,0,0,120
09/26/2021,HSV,AL,ASO,ES,Combined TRACON& Tower with Radar,51,19,25,8,103,0,0,43,1,44,51,19,68,9,147,6,0,6,153
09/27/2021,HSV,AL,ASO,ES,Combined TRACON& Tower with Radar,46,21,24,46,137,0,0,35,13,48,46,21,59,59,185,4,70,74,259
09/28/2021,HSV,AL,ASO,ES,Combined TRACON& Tower with Radar,37,24,22,56,139,0,2,28,6,36,37,26,50,62,175,8,134,142,317
09/29/2021,HSV,AL,ASO,ES,Combined TRACON& Tower with Radar,39,20,29,61,149,0,4,36,15,55,39,24,65,76,204,22,144,166,370
09/30/2021,HSV,AL,ASO,ES,Combined TRACON& Tower with Radar,48,18,22,42,130,0,0,40,11,51,48,18,62,53,181,8,142,150,331
10/01/2021,HSV,AL,ASO,ES,Combined TRACON& Tower with Radar,46,25,31,34,136,0,0,43,11,54,46,25,74,45,190,16,86,102,292
10/02/2021,HSV,AL,ASO,ES,Combined TRACON& Tower with Radar,32,21,21,30,104,0,0,38,3,41,32,21,59,33,145,0,0,0,145
10/03/2021,HSV,AL,ASO,ES,Combined TRACON& Tower with Radar,50,23,27,1,101,0,0,1,1,2,50,23,28,2,103,0,0,0,103
10/04/2021,HSV,AL,ASO,ES,Combined TRACON& Tower with Radar,44,26,22,20,112,0,2,9,3,14,44,28,31,23,126,0,40,40,166
10/05/2021,HSV,AL,ASO,ES,Combined TRACON& Tower with Radar,40,22,14,15,91,0,0,5,1,6,40,22,19,16,97,0,18,18,115
10/06/2021,HSV,AL,ASO,ES,Combined TRACON& Tower with Radar,36,23,19,13,91,0,0,0,0,0,36,23,19,13,91,0,0,0,91
10/07/2021,HSV,AL,ASO,ES,Combined TRACON& Tower with Radar,55,32,31,14,132,0,1,27,3,31,55,33,58,17,163,0,10,10,173
10/08/2021,HSV,AL,ASO,ES,Combined TRACON& Tower with Radar,47,26,28,5,106,0,0,43,2,45,47,26,71,7,151,6,54,60,211
10/09/2021,HSV,AL,ASO,ES,Combined TRACON& Tower with Radar,37,30,26,0,93,0,0,34,0,34,37,30,60,0,127,4,0,4,131
10/10/2021,HSV,AL,ASO,ES,Combined TRACON& Tower with Radar,48,24,16,5,93,0,1,39,0,40,48,25,55,5,133,0,0,0,133
10/11/2021,HSV,AL,ASO,ES,Combined TRACON& Tower with Radar,46,24,33,0,103,0,2,29,0,31,46,26,62,0,134,0,0,0,134
10/12/2021,HSV,AL,ASO,ES,Combined TRACON& Tower with Radar,45,22,32,21,120,0,4,13,3,20,45,26,45,24,140,14,20,34,174
10/13/2021,HSV,AL,ASO,ES,Combined TRACON& Tower with Radar,40,23,38,34,135,0,0,33,6,39,40,23,71,40,174,0,0,0,174
10/14/2021,HSV,AL,ASO,ES,Combined TRACON& Tower with Radar,54,28,23,56,161,0,0,31,12,43,54,28,54,68,204,0,118,118,322
10/15/2021,HSV,AL,ASO,ES,Combined TRACON& Tower with Radar,47,24,27,37,135,0,0,23,5,28,47,24,50,42,163,0,50,50,213
10/16/2021,HSV,AL,ASO,ES,Combined TRACON& Tower with Radar,36,23,8,0,67,0,0,34,0,34,36,23,42,0,101,0,0,0,101
10/17/2021,HSV,AL,ASO,ES,Combined TRACON& Tower with Radar,49,22,13,0,84,0,0,42,1,43,49,22,55,1,127,26,0,26,153
10/18/2021,HSV,AL,ASO,ES,Combined TRACON& Tower with Radar,45,19,17,48,129,0,0,40,10,50,45,19,57,58,179,12,34,46,225
10/19/2021,HSV,AL,ASO,ES,Combined TRACON& Tower with Radar,42,20,22,48,132,0,0,43,15,58,42,20,65,63,190,26,50,76,266
10/20/2021,HSV,AL,ASO,ES,Combined TRACON& Tower with Radar,44,22,29,57,152,0,1,47,20,68,44,23,76,77,220,12,90,102,322
10/21/2021,HSV,AL,ASO,ES,Combined TRACON& Tower with Radar,51,30,31,26,138,0,0,9,1,10,51,30,40,27,148,14,22,36,184
10/22/2021,HSV,AL,ASO,ES,Combined TRACON& Tower with Radar,49,24,30,28,131,0,2,42,7,51,49,26,72,35,182,8,0,8,190
10/23/2021,HSV,AL,ASO,ES,Combined TRACON& Tower with Radar,39,24,29,2,94,0,0,41,0,41,39,24,70,2,135,0,0,0,135
10/24/2021,HSV,AL,ASO,ES,Combined TRACON& Tower with Radar,49,25,28,9,111,0,0,48,2,50,49,25,76,11,161,0,0,0,161
10/25/2021,HSV,AL,ASO,ES,Combined TRACON& Tower with Radar,46,29,17,6,98,0,0,5,0,5,46,29,22,6,103,0,0,0,103
10/26/2021,HSV,AL,ASO,ES,Combined TRACON& Tower with Radar,44,27,41,38,150,0,0,39,10,49,44,27,80,48,199,20,30,50,249
10/27/2021,HSV,AL,ASO,ES,Combined TRACON& Tower with Radar,51,29,35,63,178,0,0,33,11,44,51,29,68,74,222,8,86,94,316
10/28/2021,HSV,AL,ASO,ES,Combined TRACON& Tower with Radar,53,31,31,24,139,0,0,0,2,2,53,31,31,26,141,0,14,14,155
10/29/2021,HSV,AL,ASO,ES,Combined TRACON& Tower with Radar,49,32,24,8,113,0,0,0,0,0,49,32,24,8,113,0,0,0,113
10/30/2021,HSV,AL,ASO,ES,Combined TRACON& Tower with Radar,36,25,20,1,82,0,0,1,1,2,36,25,21,2,84,0,0,0,84
10/31/2021,HSV,AL,ASO,ES,Combined TRACON& Tower with Radar,41,30,14,0,85,0,3,39,0,42,41,33,53,0,127,0,0,0,127
11/01/2021,HSV,AL,ASO,ES,Combined TRACON& Tower with Radar,45,27,23,9,104,0,0,34,4,38,45,27,57,13,142,14,36,50,192
11/02/2021,HSV,AL,ASO,ES,Combined TRACON& Tower with Radar,31,32,33,8,104,0,4,52,11,67,31,36,85,19,171,4,100,104,275
11/03/2021,HSV,AL,ASO,ES,Combined TRACON& Tower with Radar,38,18,33,17,106,0,0,17,8,25,38,18,50,25,131,4,70,74,205
11/04/2021,HSV,AL,ASO,ES,Combined TRACON& Tower with Radar,44,27,22,8,101,0,0,2,0,2,44,27,24,8,103,0,0,0,103
11/05/2021,HSV,AL,ASO,ES,Combined TRACON& Tower with Radar,42,31,44,21,138,0,1,17,4,22,42,32,61,25,160,0,0,0,160
11/06/2021,HSV,AL,ASO,ES,Combined TRACON& Tower with Radar,32,31,28,0,91,0,0,51,1,52,32,31,79,1,143,18,0,18,161
11/07/2021,HSV,AL,ASO,ES,Combined TRACON& Tower with Radar,45,20,20,16,101,0,0,52,0,52,45,20,72,16,153,2,0,2,155
11/08/2021,HSV,AL,ASO,ES,Combined TRACON& Tower with Radar,43,28,19,44,134,0,2,53,4,59,43,30,72,48,193,36,62,98,291
11/09/2021,HSV,AL,ASO,ES,Combined TRACON& Tower with Radar,36,27,34,22,119,0,0,39,17,56,36,27,73,39,175,14,76,90,265
11/10/2021,HSV,AL,ASO,ES,Combined TRACON& Tower with Radar,37,36,29,25,127,0,2,27,9,38,37,38,56,34,165,20,76,96,261
11/11/2021,HSV,AL,ASO,ES,Combined TRACON& Tower with Radar,44,21,16,1,82,0,2,2,0,4,44,23,18,1,86,0,0,0,86
11/12/2021,HSV,AL,ASO,ES,Combined TRACON& Tower with Radar,45,22,24,10,101,0,0,47,9,56,45,22,71,19,157,0,0,0,157
11/13/2021,HSV,AL,ASO,ES,Combined TRACON& Tower with Radar,33,21,9,6,69,0,0,49,0,49,33,21,58,6,118,0,0,0,118
11/14/2021,HSV,AL,ASO,ES,Combined TRACON& Tower with Radar,47,24,25,1,97,0,0,27,4,31,47,24,52,5,128,0,0,0,128
11/15/2021,HSV,AL,ASO,ES,Combined TRACON& Tower with Radar,43,27,30,63,163,0,0,51,14,65,43,27,81,77,228,6,62,68,296
11/16/2021,HSV,AL,ASO,ES,Combined TRACON& Tower with Radar,35,20,22,44,121,0,0,48,11,59,35,20,70,55,180,179,26,205,385
11/17/2021,HSV,AL,ASO,ES,Combined TRACON& Tower with Radar,42,19,30,29,120,0,2,45,6,53,42,21,75,35,173,34,82,116,289
11/18/2021,HSV,AL,ASO,ES,Combined TRACON& Tower with Radar,45,22,23,19,109,0,0,6,4,10,45,22,29,23,119,0,0,0,119
11/19/2021,HSV,AL,ASO,ES,Combined TRACON& Tower with Radar,46,31,12,18,107,0,0,33,13,46,46,31,45,31,153,6,50,56,209
11/20/2021,HSV,AL,ASO,ES,Combined TRACON& Tower with Radar,33,23,20,4,80,0,2,28,6,36,33,25,48,10,116,0,0,0,116
11/21/2021,HSV,AL,ASO,ES,Combined TRACON& Tower with Radar,41,14,18,2,75,0,0,20,0,20,41,14,38,2,95,16,0,16,111
11/22/2021,HSV,AL,ASO,ES,Combined TRACON& Tower with Radar,39,24,33,56,152,0,0,39,19,58,39,24,72,75,210,20,126,146,356
11/23/2021,HSV,AL,ASO,ES,Combined TRACON& Tower with Radar,43,26,23,38,130,0,3,46,19,68,43,29,69,57,198,26,110,136,334
11/24/2021,HSV,AL,ASO,ES,Combined TRACON& Tower with Radar,51,24,19,14,108,0,0,31,4,35,51,24,50,18,143,4,58,62,205
11/25/2021,HSV,AL,ASO,ES,Combined TRACON& Tower with Radar,18,11,6,0,35,0,0,0,0,0,18,11,6,0,35,0,0,0,35
11/26/2021,HSV,AL,ASO,ES,Combined TRACON& Tower with Radar,30,25,14,0,69,0,1,11,0,12,30,26,25,0,81,0,0,0,81
11/27/2021,HSV,AL,ASO,ES,Combined TRACON& Tower with Radar,38,23,8,0,69,0,1,22,0,23,38,24,30,0,92,0,0,0,92
11/28/2021,HSV,AL,ASO,ES,Combined TRACON& Tower with Radar,49,20,34,0,103,0,0,37,0,37,49,20,71,0,140,44,0,44,184
11/29/2021,HSV,AL,ASO,ES,Combined TRACON& Tower with Radar,45,27,36,32,140,0,0,26,13,39,45,27,62,45,179,20,72,92,271
11/30/2021,HSV,AL,ASO,ES,Combined TRACON& Tower with Radar,41,21,22,15,99,0,2,37,10,49,41,23,59,25,148,8,116,124,272
12/01/2021,HSV,AL,ASO,ES,Combined TRACON& Tower with Radar,43,24,15,38,120,0,0,17,6,23,43,24,32,44,143,0,110,110,253
12/02/2021,HSV,AL,ASO,ES,Combined TRACON& Tower with Radar,48,29,24,72,173,0,0,36,12,48,48,29,60,84,221,0,0,0,221
12/03/2021,HSV,AL,ASO,ES,Combined TRACON& Tower with Radar,50,29,19,29,127,0,0,44,4,48,50,29,63,33,175,16,66,82,257
12/04/2021,HSV,AL,ASO,ES,Combined TRACON& Tower with Radar,30,29,12,5,76,0,0,0,0,0,30,29,12,5,76,0,0,0,76
12/05/2021,HSV,AL,ASO,ES,Combined TRACON& Tower with Radar,39,28,15,27,109,0,0,18,0,18,39,28,33,27,127,0,0,0,127
12/06/2021,HSV,AL,ASO,ES,Combined TRACON& Tower with Radar,39,24,17,10,90,0,0,2,5,7,39,24,19,15,97,0,52,52,149
12/07/2021,HSV,AL,ASO,ES,Combined TRACON& Tower with Radar,43,24,19,57,143,0,0,41,30,71,43,24,60,87,214,10,102,112,326
12/08/2021,HSV,AL,ASO,ES,Combined TRACON& Tower with Radar,41,24,23,43,131,0,1,63,25,89,41,25,86,68,220,20,88,108,328
12/09/2021,HSV,AL,ASO,ES,Combined TRACON& Tower with Radar,49,26,25,38,138,0,0,15,19,34,49,26,40,57,172,8,98,106,278
12/10/2021,HSV,AL,ASO,ES,Combined TRACON& Tower with Radar,41,25,22,4,92,0,0,0,0,0,41,25,22,4,92,0,0,0,92
12/11/2021,HSV,AL,ASO,ES,Combined TRACON& Tower with Radar,32,20,4,1,57,0,0,2,0,2,32,20,6,1,59,0,0,0,59
12/12/2021,HSV,AL,ASO,ES,Combined TRACON& Tower with Radar,41,19,11,8,79,0,0,55,2,57,41,19,66,10,136,0,0,0,136
12/13/2021,HSV,AL,ASO,ES,Combined TRACON& Tower with Radar,41,25,33,52,151,0,0,39,17,56,41,25,72,69,207,0,0,0,207
12/14/2021,HSV,AL,ASO,ES,Combined TRACON& Tower with Radar,39,27,30,65,161,0,4,47,19,70,39,31,77,84,231,0,58,58,289
12/15/2021,HSV,AL,ASO,ES,Combined TRACON& Tower with Radar,37,19,45,46,147,0,0,31,10,41,37,19,76,56,188,2,60,62,250
12/16/2021,HSV,AL,ASO,ES,Combined TRACON& Tower with Radar,38,20,22,47,127,0,0,11,3,14,38,20,33,50,141,6,52,58,199
12/17/2021,HSV,AL,ASO,ES,Combined TRACON& Tower with Radar,40,24,33,10,107,0,0,4,0,4,40,24,37,10,111,0,0,0,111
12/18/2021,HSV,AL,ASO,ES,Combined TRACON& Tower with Radar,33,25,1,2,61,0,0,0,0,0,33,25,1,2,61,0,0,0,61
12/19/2021,HSV,AL,ASO,ES,Combined TRACON& Tower with Radar,39,19,24,15,97,0,0,13,0,13,39,19,37,15,110,14,0,14,124
12/20/2021,HSV,AL,ASO,ES,Combined TRACON& Tower with Radar,38,28,21,25,112,0,0,22,3,25,38,28,43,28,137,0,0,0,137
12/21/2021,HSV,AL,ASO,ES,Combined TRACON& Tower with Radar,38,25,15,25,103,0,0,63,7,70,38,25,78,32,173,0,70,70,243
12/22/2021,HSV,AL,ASO,ES,Combined TRACON& Tower with Radar,40,20,26,44,130,0,4,38,10,52,40,24,64,54,182,6,76,82,264
12/23/2021,HSV,AL,ASO,ES,Combined TRACON& Tower with Radar,35,22,20,2,79,0,0,43,0,43,35,22,63,2,122,0,0,0,122
12/24/2021,HSV,AL,ASO,ES,Combined TRACON& Tower with Radar,22,23,4,0,49,0,0,2,0,2,22,23,6,0,51,0,0,0,51
12/25/2021,HSV,AL,ASO,ES,Combined TRACON& Tower with Radar,19,20,8,0,47,0,0,4,0,4,19,20,12,0,51,0,0,0,51
12/26/2021,HSV,AL,ASO,ES,Combined TRACON& Tower with Radar,33,18,27,0,78,0,0,11,0,11,33,18,38,0,89,18,0,18,107
12/27/2021,HSV,AL,ASO,ES,Combined TRACON& Tower with Radar,35,19,18,5,77,0,0,0,0,0,35,19,18,5,77,0,0,0,77
12/28/2021,HSV,AL,ASO,ES,Combined TRACON& Tower with Radar,31,19,16,28,94,0,0,0,1,1,31,19,16,29,95,0,6,6,101
12/29/2021,HSV,AL,ASO,ES,Combined TRACON& Tower with Radar,39,17,4,3,63,0,0,2,1,3,39,17,6,4,66,0,0,0,66
12/30/2021,HSV,AL,ASO,ES,Combined TRACON& Tower with Radar,36,15,19,0,70,0,0,13,0,13,36,15,32,0,83,0,0,0,83
12/31/2021,HSV,AL,ASO,ES,Combined TRACON& Tower with Radar,23,20,20,0,63,0,0,1,0,1,23,20,21,0,64,0,0,0,64
01/01/2022,HSV,AL,ASO,ES,Combined TRACON& Tower with Radar,21,14,6,0,41,0,1,0,0,1,21,15,6,0,42,0,0,0,42
01/02/2022,HSV,AL,ASO,ES,Combined TRACON& Tower with Radar,27,21,11,0,59,0,0,0,0,0,27,21,11,0,59,0,0,0,59
01/03/2022,HSV,AL,ASO,ES,Combined TRACON& Tower with Radar,28,17,14,0,59,0,0,5,5,10,28,17,19,5,69,18,0,18,87
01/04/2022,HSV,AL,ASO,ES,Combined TRACON& Tower with Radar,31,13,18,7,69,0,0,43,4,47,31,13,61,11,116,22,0,22,138
01/05/2022,HSV,AL,ASO,ES,Combined TRACON& Tower with Radar,31,17,20,45,113,0,0,9,5,14,31,17,29,50,127,0,0,0,127
01/06/2022,HSV,AL,ASO,ES,Combined TRACON& Tower with Radar,36,13,11,4,64,0,0,0,0,0,36,13,11,4,64,0,0,0,64
01/07/2022,HSV,AL,ASO,ES,Combined TRACON& Tower with Radar,36,20,21,28,105,0,0,21,9,30,36,20,42,37,135,0,14,14,149
01/08/2022,HSV,AL,ASO,ES,Combined TRACON& Tower with Radar,24,23,14,25,86,0,0,42,12,54,24,23,56,37,140,2,12,14,154
01/09/2022,HSV,AL,ASO,ES,Combined TRACON& Tower with Radar,29,21,7,0,57,0,0,0,0,0,29,21,7,0,57,0,0,0,57
01/10/2022,HSV,AL,ASO,ES,Combined TRACON& Tower with Radar,36,25,22,26,109,0,0,21,9,30,36,25,43,35,139,0,0,0,139
01/11/2022,HSV,AL,ASO,ES,Combined TRACON& Tower with Radar,30,18,17,50,115,0,0,34,7,41,30,18,51,57,156,4,6,10,166
01/12/2022,HSV,AL,ASO,ES,Combined TRACON& Tower with Radar,35,21,23,29,108,0,2,31,12,45,35,23,54,41,153,0,0,0,153
01/13/2022,HSV,AL,ASO,ES,Combined TRACON& Tower with Radar,37,23,8,9,77,0,0,44,1,45,37,23,52,10,122,38,0,38,160
01/14/2022,HSV,AL,ASO,ES,Combined TRACON& Tower with Radar,34,21,30,6,91,0,0,50,4,54,34,21,80,10,145,54,20,74,219
01/15/2022,HSV,AL,ASO,ES,Combined TRACON& Tower with Radar,20,18,13,1,52,0,0,17,0,17,20,18,30,1,69,0,0,0,69
01/16/2022,HSV,AL,ASO,ES,Combined TRACON& Tower with Radar,18,13,4,1,36,0,0,0,0,0,18,13,4,1,36,0,0,0,36
01/17/2022,HSV,AL,ASO,ES,Combined TRACON& Tower with Radar,37,23,22,3,85,0,0,2,0,2,37,23,24,3,87,0,0,0,87
01/18/2022,HSV,AL,ASO,ES,Combined TRACON& Tower with Radar,30,14,31,20,95,0,0,67,6,73,30,14,98,26,168,0,0,0,168
01/19/2022,HSV,AL,ASO,ES,Combined TRACON& Tower with Radar,31,17,24,13,85,0,0,5,5,10,31,17,29,18,95,0,134,134,229
01/20/2022,HSV,AL,ASO,ES,Combined TRACON& Tower with Radar,36,14,11,23,84,0,0,1,3,4,36,14,12,26,88,0,4,4,92
01/21/2022,HSV,AL,ASO,ES,Combined TRACON& Tower with Radar,32,16,8,18,74,0,0,24,6,30,32,16,32,24,104,0,82,82,186
01/22/2022,HSV,AL,ASO,ES,Combined TRACON& Tower with Radar,22,20,9,4,55,0,2,50,0,52,22,22,59,4,107,22,0,22,129
01/23/2022,HSV,AL,ASO,ES,Combined TRACON& Tower with Radar,38,17,26,9,90,0,5,50,2,57,38,22,76,11,147,20,0,20,167
01/24/2022,HSV,AL,ASO,ES,Combined TRACON& Tower with Radar,35,22,28,33,118,0,2,42,6,50,35,24,70,39,168,0,140,140,308
01/25/2022,HSV,AL,ASO,ES,Combined TRACON& Tower with Radar,27,16,18,54,115,0,2,28,11,41,27,18,46,65,156,0,154,154,310
01/26/2022,HSV,AL,ASO,ES,Combined TRACON& Tower with Radar,33,20,24,32,109,0,0,41,8,49,33,20,65,40,158,0,32,32,190
01/27/2022,HSV,AL,ASO,ES,Combined TRACON& Tower with Radar,39,23,19,23,104,0,2,39,6,47,39,25,58,29,151,16,32,48,199
01/28/2022,HSV,AL,ASO,ES,Combined TRACON& Tower with Radar,48,20,9,29,106,0,2,16,2,20,48,22,25,31,126,14,18,32,158
01/29/2022,HSV,AL,ASO,ES,Combined TRACON& Tower with Radar,26,23,10,2,61,0,6,47,2,55,26,29,57,4,116,28,0,28,144
01/30/2022,HSV,AL,ASO,ES,Combined TRACON& Tower with Radar,33,20,20,2,75,0,5,45,2,52,33,25,65,4,127,14,0,14,141
01/31/2022,HSV,AL,ASO,ES,Combined TRACON& Tower with Radar,35,22,19,24,100,0,6,22,12,40,35,28,41,36,140,2,122,124,264
02/01/2022,HSV,AL,ASO,ES,Combined TRACON& Tower with Radar,27,18,20,35,100,0,3,27,14,44,27,21,47,49,144,12,68,80,224
02/02/2022,HSV,AL,ASO,ES,Combined TRACON& Tower with Radar,30,20,13,7,70,0,0,0,0,0,30,20,13,7,70,0,0,0,70
02/03/2022,HSV,AL,ASO,ES,Combined TRACON& Tower with Radar,27,23,5,0,55,0,0,0,0,0,27,23,5,0,55,0,0,0,55
02/04/2022,HSV,AL,ASO,ES,Combined TRACON& Tower with Radar,32,19,7,0,58,0,0,0,0,0,32,19,7,0,58,0,0,0,58
02/05/2022,HSV,AL,ASO,ES,Combined TRACON& Tower with Radar,25,18,14,2,59,0,3,54,3,60,25,21,68,5,119,0,0,0,119
02/06/2022,HSV,AL,ASO,ES,Combined TRACON& Tower with Radar,35,28,14,1,78,0,4,55,1,60,35,32,69,2,138,42,0,42,180
02/07/2022,HSV,AL,ASO,ES,Combined TRACON& Tower with Radar,35,19,15,58,127,0,15,32,22,69,35,34,47,80,196,18,124,142,338
02/08/2022,HSV,AL,ASO,ES,Combined TRACON& Tower with Radar,36,33,25,33,127,3,11,36,14,64,39,44,61,47,191,26,102,128,319
02/09/2022,HSV,AL,ASO,ES,Combined TRACON& Tower with Radar,30,28,23,47,128,0,9,38,14,61,30,37,61,61,189,0,0,0,189
02/10/2022,HSV,AL,ASO,ES,Combined TRACON& Tower with Radar,35,25,17,40,117,0,8,43,15,66,35,33,60,55,183,22,138,160,343
02/11/2022,HSV,AL,ASO,ES,Combined TRACON& Tower with Radar,40,33,17,13,103,0,10,25,3,38,40,43,42,16,141,0,0,0,141
02/12/2022,HSV,AL,ASO,ES,Combined TRACON& Tower with Radar,23,26,10,20,79,0,6,26,0,32,23,32,36,20,111,6,0,6,117
02/13/2022,HSV,AL,ASO,ES,Combined TRACON& Tower with Radar,36,27,15,20,98,0,16,31,0,47,36,43,46,20,145,0,4,4,149
02/14/2022,HSV,AL,ASO,ES,Combined TRACON& Tower with Radar,41,25,13,39,118,0,3,31,4,38,41,28,44,43,156,6,90,96,252
02/15/2022,HSV,AL,ASO,ES,Combined TRACON& Tower with Radar,34,13,17,31,95,0,7,32,8,47,34,20,49,39,142,24,76,100,242
02/16/2022,HSV,AL,ASO,ES,Combined TRACON& Tower with Radar,35,20,23,22,100,0,0,13,13,26,35,20,36,35,126,0,0,0,126
02/17/2022,HSV,AL,ASO,ES,Combined TRACON& Tower with Radar,38,16,9,3,66,0,0,1,0,1,38,16,10,3,67,0,0,0,67
02/18/2022,HSV,AL,ASO,ES,Combined TRACON& Tower with Radar,39,26,27,9,101,0,4,26,2,32,39,30,53,11,133,12,20,32,165
02/19/2022,HSV,AL,ASO,ES,Combined TRACON& Tower with Radar,25,24,9,0,58,0,3,50,2,55,25,27,59,2,113,6,0,6,119
02/20/2022,HSV,AL,ASO,ES,Combined TRACON& Tower with Radar,29,20,20,0,69,0,2,49,0,51,29,22,69,0,120,14,0,14,134
02/21/2022,HSV,AL,ASO,ES,Combined TRACON& Tower with Radar,42,16,25,0,83,0,0,0,0,0,42,16,25,0,83,0,0,0,83
02/22/2022,HSV,AL,ASO,ES,Combined TRACON& Tower with Radar,39,23,31,8,101,0,0,1,0,1,39,23,32,8,102,0,8,8,110
02/23/2022,HSV,AL,ASO,ES,Combined TRACON& Tower with Radar,31,16,22,42,111,0,0,0,1,1,31,16,22,43,112,0,0,0,112
02/24/2022,HSV,AL,ASO,ES,Combined TRACON& Tower with Radar,35,18,22,4,79,0,0,2,0,2,35,18,24,4,81,0,0,0,81
02/25/2022,HSV,AL,ASO,ES,Combined TRACON& Tower with Radar,41,18,34,43,136,0,0,2,2,4,41,18,36,45,140,0,0,0,140
02/26/2022,HSV,AL,ASO,ES,Combined TRACON& Tower with Radar,20,21,10,0,51,0,0,3,1,4,20,21,13,1,55,0,0,0,55
02/27/2022,HSV,AL,ASO,ES,Combined TRACON& Tower with Radar,37,20,19,12,88,0,0,2,0,2,37,20,21,12,90,0,0,0,90
02/28/2022,HSV,AL,ASO,ES,Combined TRACON& Tower with Radar,42,21,24,19,106,0,6,41,3,50,42,27,65,22,156,4,74,78,234
03/01/2022,HSV,AL,ASO,ES,Combined TRACON& Tower with Radar,30,21,18,46,115,0,4,44,11,59,30,25,62,57,174,20,64,84,258
03/02/2022,HSV,AL,ASO,ES,Combined TRACON& Tower with Radar,34,26,17,31,108,0,7,49,10,66,34,33,66,41,174,22,28,50,224
03/03/2022,HSV,AL,ASO,ES,Combined TRACON& Tower with Radar,33,20,26,38,117,0,6,57,5,68,33,26,83,43,185,20,12,32,217
03/04/2022,HSV,AL,ASO,ES,Combined TRACON& Tower with Radar,33,29,16,20,98,0,5,63,2,70,33,34,79,22,168,16,12,28,196
03/05/2022,HSV,AL,ASO,ES,Combined TRACON& Tower with Radar,23,23,17,2,65,0,0,40,4,44,23,23,57,6,109,0,0,0,109
03/06/2022,HSV,AL,ASO,ES,Combined TRACON& Tower with Radar,29,22,24,16,91,0,0,23,1,24,29,22,47,17,115,6,0,6,121
03/07/2022,HSV,AL,ASO,ES,Combined TRACON& Tower with Radar,32,19,9,0,60,0,0,1,0,1,32,19,10,0,61,0,0,0,61
03/08/2022,HSV,AL,ASO,ES,Combined TRACON& Tower with Radar,32,23,17,53,125,0,2,11,7,20,32,25,28,60,145,0,40,40,185
03/09/2022,HSV,AL,ASO,ES,Combined TRACON& Tower with Radar,33,28,42,45,148,0,2,12,1,15,33,30,54,46,163,0,0,0,163
03/10/2022,HSV,AL,ASO,ES,Combined TRACON& Tower with Radar,40,23,28,72,163,0,7,34,15,56,40,30,62,87,219,18,128,146,365
03/11/2022,HSV,AL,ASO,ES,Combined TRACON& Tower with Radar,34,22,30,73,159,0,2,27,12,41,34,24,57,85,200,2,68,70,270
03/12/2022,HSV,AL,ASO,ES,Combined TRACON& Tower with Radar,22,39,10,9,80,0,3,13,2,18,22,42,23,11,98,2,20,22,120
03/13/2022,HSV,AL,ASO,ES,Combined TRACON& Tower with Radar,29,22,26,11,88,0,3,38,8,49,29,25,64,19,137,28,0,28,165
03/14/2022,HSV,AL,ASO,ES,Combined TRACON& Tower with Radar,31,29,21,52,133,0,6,31,6,43,31,35,52,58,176,16,84,100,276
03/15/2022,HSV,AL,ASO,ES,Combined TRACON& Tower with Radar,30,23,18,18,89,0,4,13,4,21,30,27,31,22,110,0,56,56,166
03/16/2022,HSV,AL,ASO,ES,Combined TRACON& Tower with Radar,42,31,29,23,125,0,0,3,0,3,42,31,32,23,128,0,0,0,128
03/17/2022,HSV,AL,ASO,ES,Combined TRACON& Tower with Radar,41,24,25,44,134,0,6,31,5,42,41,30,56,49,176,2,44,46,222
03/18/2022,HSV,AL,ASO,ES,Combined TRACON& Tower with Radar,34,20,10,22,86,0,0,2,3,5,34,20,12,25,91,0,0,0,91
03/19/2022,HSV,AL,ASO,ES,Combined TRACON& Tower with Radar,24,39,24,2,89,0,7,21,5,33,24,46,45,7,122,0,0,0,122
03/20/2022,HSV,AL,ASO,ES,Combined TRACON& Tower with Radar,26,36,17,3,82,0,5,55,1,61,26,41,72,4,143,20,2,22,165
03/21/2022,HSV,AL,ASO,ES,Combined TRACON& Tower with Radar,36,21,18,31,106,0,3,43,19,65,36,24,61,50,171,22,38,60,231
03/22/2022,HSV,AL,ASO,ES,Combined TRACON& Tower with Radar,33,25,10,8,76,0,0,3,4,7,33,25,13,12,83,6,14,20,103
03/23/2022,HSV,AL,ASO,ES,Combined TRACON& Tower with Radar,34,16,21,31,102,0,0,2,6,8,34,16,23,37,110,0,18,18,128
03/24/2022,HSV,AL,ASO,ES,Combined TRACON& Tower with Radar,37,27,18,33,115,0,2,33,3,38,37,29,51,36,153,2,30,32,185
03/25/2022,HSV,AL,ASO,ES,Combined TRACON& Tower with Radar,37,35,21,9,102,0,15,31,14,60,37,50,52,23,162,0,14,14,176
03/26/2022,HSV,AL,ASO,ES,Combined TRACON& Tower with Radar,31,19,9,2,61,0,5,23,10,38,31,24,32,12,99,0,0,0,99
03/27/2022,HSV,AL,ASO,ES,Combined TRACON& Tower with Radar,31,29,23,5,88,0,2,51,8,61,31,31,74,13,149,20,0,20,169
03/28/2022,HSV,AL,ASO,ES,Combined TRACON& Tower with Radar,34,22,24,47,127,0,9,34,22,65,34,31,58,69,192,24,138,162,354
03/29/2022,HSV,AL,ASO,ES,Combined TRACON& Tower with Radar,35,42,33,34,144,0,2,38,11,51,35,44,71,45,195,10,6,16,211
03/30/2022,HSV,AL,ASO,ES,Combined TRACON& Tower with Radar,34,13,12,5,64,0,0,3,4,7,34,13,15,9,71,0,0,0,71
03/31/2022,HSV,AL,ASO,ES,Combined TRACON& Tower with Radar,37,19,22,47,125,0,2,6,0,8,37,21,28,47,133,0,8,8,141
04/01/2022,HSV,AL,ASO,ES,Combined TRACON& Tower with Radar,36,37,25,20,118,0,3,43,8,54,36,40,68,28,172,0,8,8,180
04/02/2022,HSV,AL,ASO,ES,Combined TRACON& Tower with Radar,25,24,12,0,61,0,3,21,0,24,25,27,33,0,85,0,0,0,85
04/03/2022,HSV,AL,ASO,ES,Combined TRACON& Tower with Radar,35,27,25,20,107,0,8,43,0,51,35,35,68,20,158,6,8,14,172
04/04/2022,HSV,AL,ASO,ES,Combined TRACON& Tower with Radar,34,26,19,32,111,0,4,27,16,47,34,30,46,48,158,18,120,138,296
04/05/2022,HSV,AL,ASO,ES,Combined TRACON& Tower with Radar,45,25,16,23,109,0,0,0,1,1,45,25,16,24,110,0,0,0,110
04/06/2022,HSV,AL,ASO,ES,Combined TRACON& Tower with Radar,47,19,20,6,92,0,0,0,0,0,47,19,20,6,92,0,0,0,92
04/07/2022,HSV,AL,ASO,ES,Combined TRACON& Tower with Radar,45,26,15,59,145,0,4,23,25,52,45,30,38,84,197,6,178,184,381
04/08/2022,HSV,AL,ASO,ES,Combined TRACON& Tower with Radar,44,24,29,9,106,0,0,15,6,21,44,24,44,15,127,0,0,0,127
04/09/2022,HSV,AL,ASO,ES,Combined TRACON& Tower with Radar,36,23,7,11,77,0,4,24,3,31,36,27,31,14,108,0,0,0,108
04/10/2022,HSV,AL,ASO,ES,Combined TRACON& Tower with Radar,40,34,18,3,95,0,6,41,2,49,40,40,59,5,144,0,0,0,144
04/11/2022,HSV,AL,ASO,ES,Combined TRACON& Tower with Radar,51,21,14,18,104,0,1,6,0,7,51,22,20,18,111,8,22,30,141
04/12/2022,HSV,AL,ASO,ES,Combined TRACON& Tower with Radar,41,32,17,38,128,0,1,7,16,24,41,33,24,54,152,0,42,42,194
04/13/2022,HSV,AL,ASO,ES,Combined TRACON& Tower with Radar,40,17,27,45,129,0,0,6,5,11,40,17,33,50,140,2,70,72,212
04/14/2022,HSV,AL,ASO,ES,Combined TRACON& Tower with Radar,46,28,36,65,175,0,2,22,9,33,46,30,58,74,208,0,28,28,236
04/15/2022,HSV,AL,ASO,ES,Combined TRACON& Tower with Radar,44,28,22,47,141,0,1,46,17,64,44,29,68,64,205,6,122,128,333
04/16/2022,HSV,AL,ASO,ES,Combined TRACON& Tower with Radar,33,17,16,0,66,0,0,4,0,4,33,17,20,0,70,0,0,0,70
04/17/2022,HSV,AL,ASO,ES,Combined TRACON& Tower with Radar,42,15,7,0,64,0,2,2,0,4,42,17,9,0,68,0,0,0,68
04/18/2022,HSV,AL,ASO,ES,Combined TRACON& Tower with Radar,42,22,26,57,147,0,0,17,11,28,42,22,43,68,175,2,112,114,289
04/19/2022,HSV,AL,ASO,ES,Combined TRACON& Tower with Radar,43,18,24,54,139,0,2,55,25,82,43,20,79,79,221,42,98,140,361
04/20/2022,HSV,AL,ASO,ES,Combined TRACON& Tower with Radar,49,13,21,29,112,0,2,30,8,40,49,15,51,37,152,36,64,100,252
04/21/2022,HSV,AL,ASO,ES,Combined TRACON& Tower with Radar,45,17,19,36,117,0,3,29,7,39,45,20,48,43,156,0,36,36,192
04/22/2022,HSV,AL,ASO,ES,Combined TRACON& Tower with Radar,47,21,24,52,144,0,1,57,11,69,47,22,81,63,213,36,42,78,291
04/23/2022,HSV,AL,ASO,ES,Combined TRACON& Tower with Radar,35,21,24,5,85,0,0,30,1,31,35,21,54,6,116,0,0,0,116
04/24/2022,HSV,AL,ASO,ES,Combined TRACON& Tower with Radar,43,18,17,1,79,0,0,26,4,30,43,18,43,5,109,0,0,0,109
04/25/2022,HSV,AL,ASO,ES,Combined TRACON& Tower with Radar,48,17,14,27,106,0,0,9,8,17,48,17,23,35,123,12,66,78,201
04/26/2022,HSV,AL,ASO,ES,Combined TRACON& Tower with Radar,47,23,20,31,121,0,0,22,13,35,47,23,42,44,156,12,112,124,280
04/27/2022,HSV,AL,ASO,ES,Combined TRACON& Tower with Radar,43,22,25,23,113,0,0,52,14,66,43,22,77,37,179,76,82,158,337
04/28/2022,HSV,AL,ASO,ES,Combined TRACON& Tower with Radar,44,28,20,38,130,0,1,42,12,55,44,29,62,50,185,18,126,144,329
04/29/2022,HSV,AL,ASO,ES,Combined TRACON& Tower with Radar,48,28,29,29,134,0,2,24,5,31,48,30,53,34,165,4,68,72,237
04/30/2022,HSV,AL,ASO,ES,Combined TRACON& Tower with Radar,34,18,18,5,75,0,2,21,0,23,34,20,39,5,98,0,6,6,104
05/01/2022,HSV,AL,ASO,ES,Combined TRACON& Tower with Radar,42,20,23,2,87,0,2,12,3,17,42,22,35,5,104,20,0,20,124
05/02/2022,HSV,AL,ASO,ES,Combined TRACON& Tower with Radar,48,17,20,27,112,0,0,22,19,41,48,17,42,46,153,0,108,108,261
05/03/2022,HSV,AL,ASO,ES,Combined TRACON& Tower with Radar,41,23,13,39,116,0,0,3,15,18,41,23,16,54,134,4,140,144,278
05/04/2022,HSV,AL,ASO,ES,Combined TRACON& Tower with Radar,48,17,29,41,135,0,0,37,10,47,48,17,66,51,182,88,56,144,326
05/05/2022,HSV,AL,ASO,ES,Combined TRACON& Tower with Radar,43,23,26,34,126,0,2,34,18,54,43,25,60,52,180,34,96,130,310
05/06/2022,HSV,AL,ASO,ES,Combined TRACON& Tower with Radar,52,25,18,0,95,0,0,4,0,4,52,25,22,0,99,0,0,0,99
05/07/2022,HSV,AL,ASO,ES,Combined TRACON& Tower with Radar,30,24,23,2,79,0,0,3,0,3,30,24,26,2,82,0,0,0,82
05/08/2022,HSV,AL,ASO,ES,Combined TRACON& Tower with Radar,44,20,17,2,83,0,1,27,1,29,44,21,44,3,112,6,0,6,118
05/09/2022,HSV,AL,ASO,ES,Combined TRACON& Tower with Radar,47,23,27,30,127,0,0,31,17,48,47,23,58,47,175,22,114,136,311
05/10/2022,HSV,AL,ASO,ES,Combined TRACON& Tower with Radar,42,22,27,19,110,0,1,35,2,38,42,23,62,21,148,20,94,114,262
05/11/2022,HSV,AL,ASO,ES,Combined TRACON& Tower with Radar,46,19,27,33,125,0,1,41,14,56,46,20,68,47,181,2,154,156,337
05/12/2022,HSV,AL,ASO,ES,Combined TRACON& Tower with Radar,50,20,17,17,104,0,2,34,19,55,50,22,51,36,159,4,126,130,289
05/13/2022,HSV,AL,ASO,ES,Combined TRACON& Tower with Radar,43,24,29,42,138,0,6,32,27,65,43,30,61,69,203,4,213,217,420
05/14/2022,HSV,AL,ASO,ES,Combined TRACON& Tower with Radar,26,24,11,4,65,0,0,25,2,27,26,24,36,6,92,8,28,36,128
05/15/2022,HSV,AL,ASO,ES,Combined TRACON& Tower with Radar,45,18,16,3,82,0,0,35,0,35,45,18,51,3,117,36,12,48,165
05/16/2022,HSV,AL,ASO,ES,Combined TRACON& Tower with Radar,51,24,15,48,138,0,4,29,6,39,51,28,44,54,177,40,118,158,335
05/17/2022,HSV,AL,ASO,ES,Combined TRACON& Tower with Radar,46,32,19,39,136,0,3,35,7,45,46,35,54,46,181,20,42,62,243
05/18/2022,HSV,AL,ASO,ES,Combined TRACON& Tower with Radar,44,20,18,69,151,0,4,34,10,48,44,24,52,79,199,2,76,78,277
05/19/2022,HSV,AL,ASO,ES,Combined TRACON& Tower with Radar,46,19,34,42,141,0,0,37,10,47,46,19,71,52,188,0,158,158,346
05/20/2022,HSV,AL,ASO,ES,Combined TRACON& Tower with Radar,47,22,11,18,98,0,2,21,17,40,47,24,32,35,138,0,0,0,138
05/21/2022,HSV,AL,ASO,ES,Combined TRACON& Tower with Radar,26,27,16,2,71,0,0,12,0,12,26,27,28,2,83,0,0,0,83
05/22/2022,HSV,AL,ASO,ES,Combined TRACON& Tower with Radar,36,22,14,26,98,0,0,6,0,6,36,22,20,26,104,0,0,0,104
05/23/2022,HSV,AL,ASO,ES,Combined TRACON& Tower with Radar,53,30,22,31,136,0,0,0,0,0,53,30,22,31,136,0,0,0,136
05/24/2022,HSV,AL,ASO,ES,Combined TRACON& Tower with Radar,43,18,23,38,122,0,0,7,2,9,43,18,30,40,131,0,18,18,149
05/25/2022,HSV,AL,ASO,ES,Combined TRACON& Tower with Radar,46,17,15,3,81,0,0,0,2,2,46,17,15,5,83,0,0,0,83
05/26/2022,HSV,AL,ASO,ES,Combined TRACON& Tower with Radar,48,30,17,5,100,0,5,5,2,12,48,35,22,7,112,0,0,0,112
05/27/2022,HSV,AL,ASO,ES,Combined TRACON& Tower with Radar,41,33,27,3,104,0,4,27,5,36,41,37,54,8,140,16,28,44,184
05/28/2022,HSV,AL,ASO,ES,Combined TRACON& Tower with Radar,28,23,17,2,70,0,3,57,1,61,28,26,74,3,131,14,0,14,145
05/29/2022,HSV,AL,ASO,ES,Combined TRACON& Tower with Radar,39,15,16,0,70,0,4,42,1,47,39,19,58,1,117,0,0,0,117
05/30/2022,HSV,AL,ASO,ES,Combined TRACON& Tower with Radar,45,16,23,2,86,0,0,29,0,29,45,16,52,2,115,0,0,0,115
05/31/2022,HSV,AL,ASO,ES,Combined TRACON& Tower with Radar,43,20,27,36,126,0,6,42,17,65,43,26,69,53,191,12,104,116,307
06/01/2022,HSV,AL,ASO,ES,Combined TRACON& Tower with Radar,43,21,38,34,136,0,7,46,20,73,43,28,84,54,209,10,159,169,378
06/02/2022,HSV,AL,ASO,ES,Combined TRACON& Tower with Radar,47,17,19,13,96,0,0,10,5,15,47,17,29,18,111,0,36,36,147
06/03/2022,HSV,AL,ASO,ES,Combined TRACON& Tower with Radar,41,38,25,24,128,0,12,27,6,45,41,50,52,30,173,24,0,24,197
06/04/2022,HSV,AL,ASO,ES,Combined TRACON& Tower with Radar,27,22,6,11,66,0,8,34,2,44,27,30,40,13,110,20,0,20,130
06/05/2022,HSV,AL,ASO,ES,Combined TRACON& Tower with Radar,33,25,21,0,79,0,3,34,0,37,33,28,55,0,116,0,10,10,126
06/06/2022,HSV,AL,ASO,ES,Combined TRACON& Tower with Radar,46,25,19,13,103,0,4,26,4,34,46,29,45,17,137,24,0,24,161
06/07/2022,HSV,AL,ASO,ES,Combined TRACON& Tower with Radar,37,23,11,8,79,0,0,5,2,7,37,23,16,10,86,0,0,0,86
06/08/2022,HSV,AL,ASO,ES,Combined TRACON& Tower with Radar,37,24,27,4,92,0,0,4,3,7,37,24,31,7,99,0,0,0,99
06/09/2022,HSV,AL,ASO,ES,Combined TRACON& Tower with Radar,38,24,23,47,132,0,10,46,19,75,38,34,69,66,207,64,0,64,271
06/10/2022,HSV,AL,ASO,ES,Combined TRACON& Tower with Radar,40,38,23,18,119,0,2,25,8,35,40,40,48,26,154,0,0,0,154
06/11/2022,HSV,AL,ASO,ES,Combined TRACON& Tower with Radar,25,28,24,4,81,0,4,41,2,47,25,32,65,6,128,0,0,0,128
06/12/2022,HSV,AL,ASO,ES,Combined TRACON& Tower with Radar,33,25,18,4,80,0,2,51,3,56,33,27,69,7,136,10,0,10,146
06/13/2022,HSV,AL,ASO,ES,Combined TRACON& Tower with Radar,49,20,17,34,120,0,5,31,10,46,49,25,48,44,166,8,52,60,226
06/14/2022,HSV,AL,ASO,ES,Combined TRACON& Tower with Radar,37,26,18,87,168,0,2,47,24,73,37,28,65,111,241,14,212,226,467
06/15/2022,HSV,AL,ASO,ES,Combined TRACON& Tower with Radar,47,29,19,35,130,0,1,30,8,39,47,30,49,43,169,4,82,86,255
06/16/2022,HSV,AL,ASO,ES,Combined TRACON& Tower with Radar,37,26,21,64,148,0,6,30,11,47,37,32,51,75,195,10,192,202,397
06/17/2022,HSV,AL,ASO,ES,Combined TRACON& Tower with Radar,41,33,33,14,121,0,2,33,2,37,41,35,66,16,158,0,38,38,196
06/18/2022,HSV,AL,ASO,ES,Combined TRACON& Tower with Radar,20,28,13,4,65,0,2,21,1,24,20,30,34,5,89,0,0,0,89
06/19/2022,HSV,AL,ASO,ES,Combined TRACON& Tower with Radar,30,21,25,5,81,0,0,40,3,43,30,21,65,8,124,0,0,0,124
06/20/2022,HSV,AL,ASO,ES,Combined TRACON& Tower with Radar,42,23,13,1,79,0,2,36,0,38,42,25,49,1,117,20,0,20,137
06/21/2022,HSV,AL,ASO,ES,Combined TRACON& Tower with Radar,36,26,16,26,104,0,0,23,11,34,36,26,39,37,138,0,98,98,236
06/22/2022,HSV,AL,ASO,ES,Combined TRACON& Tower with Radar,37,24,22,19,102,0,4,22,17,43,37,28,44,36,145,14,82,96,241
06/23/2022,HSV,AL,ASO,ES,Combined TRACON& Tower with Radar,36,21,21,36,114,0,0,40,13,53,36,21,61,49,167,6,94,100,267
06/24/2022,HSV,AL,ASO,ES,Combined TRACON& Tower with Radar,38,23,13,81,155,0,2,39,25,66,38,25,52,106,221,20,98,118,339
06/25/2022,HSV,AL,ASO,ES,Combined TRACON& Tower with Radar,23,23,5,16,67,0,0,33,0,33,23,23,38,16,100,0,0,0,100
06/26/2022,HSV,AL,ASO,ES,Combined TRACON& Tower with Radar,33,18,18,16,85,0,0,30,4,34,33,18,48,20,119,0,0,0,119
06/27/2022,HSV,AL,ASO,ES,Combined TRACON& Tower with Radar,39,16,24,7,86,0,0,14,6,20,39,16,38,13,106,0,48,48,154
06/28/2022,HSV,AL,ASO,ES,Combined TRACON& Tower with Radar,34,23,12,30,99,0,1,26,22,49,34,24,38,52,148,0,48,48,196
06/29/2022,HSV,AL,ASO,ES,Combined TRACON& Tower with Radar,38,19,35,33,125,0,0,20,7,27,38,19,55,40,152,16,40,56,208
06/30/2022,HSV,AL,ASO,ES,Combined TRACON& Tower with Radar,37,22,40,24,123,0,0,14,9,23,37,22,54,33,146,6,34,40,186
07/01/2022,HSV,AL,ASO,ES,Combined TRACON& Tower with Radar,39,28,26,5,98,0,2,19,0,21,39,30,45,5,119,0,0,0,119
07/02/2022,HSV,AL,ASO,ES,Combined TRACON& Tower with Radar,26,26,5,0,57,0,1,21,0,22,26,27,26,0,79,0,0,0,79
07/03/2022,HSV,AL,ASO,ES,Combined TRACON& Tower with Radar,27,19,6,0,52,0,0,12,0,12,27,19,18,0,64,0,0,0,64
07/04/2022,HSV,AL,ASO,ES,Combined TRACON& Tower with Radar,38,19,9,1,67,0,0,27,0,27,38,19,36,1,94,0,0,0,94
07/05/2022,HSV,AL,ASO,ES,Combined TRACON& Tower with Radar,34,21,16,27,98,0,0,21,12,33,34,21,37,39,131,6,100,106,237
07/06/2022,HSV,AL,ASO,ES,Combined TRACON& Tower with Radar,34,20,13,39,106,0,0,27,14,41,34,20,40,53,147,0,0,0,147
07/07/2022,HSV,AL,ASO,ES,Combined TRACON& Tower with Radar,35,21,18,33,107,0,0,21,7,28,35,21,39,40,135,4,16,20,155
07/08/2022,HSV,AL,ASO,ES,Combined TRACON& Tower with Radar,38,30,9,30,107,0,0,27,11,38,38,30,36,41,145,0,0,0,145
07/09/2022,HSV,AL,ASO,ES,Combined TRACON& Tower with Radar,26,24,8,0,58,0,0,9,0,9,26,24,17,0,67,0,0,0,67
07/10/2022,HSV,AL,ASO,ES,Combined TRACON& Tower with Radar,36,27,22,0,85,0,0,11,0,11,36,27,33,0,96,4,0,4,100
07/11/2022,HSV,AL,ASO,ES,Combined TRACON& Tower with Radar,48,20,15,28,111,0,1,38,6,45,48,21,53,34,156,14,66,80,236
07/12/2022,HSV,AL,ASO,ES,Combined TRACON& Tower with Radar,36,25,24,58,143,0,0,26,6,32,36,25,50,64,175,10,40,50,225
07/13/2022,HSV,AL,ASO,ES,Combined TRACON& Tower with Radar,38,19,21,5,83,0,0,18,2,20,38,19,39,7,103,58,10,68,171
07/14/2022,HSV,AL,ASO,ES,Combined TRACON& Tower with Radar,42,27,19,48,136,0,2,21,15,38,42,29,40,63,174,12,68,80,254
07/15/2022,HSV,AL,ASO,ES,Combined TRACON& Tower with Radar,41,24,25,35,125,0,0,48,19,67,41,24,73,54,192,14,118,132,324
07/16/2022,HSV,AL,ASO,ES,Combined TRACON& Tower with Radar,23,34,14,0,71,0,5,29,0,34,23,39,43,0,105,0,0,0,105
07/17/2022,HSV,AL,ASO,ES,Combined TRACON& Tower with Radar,35,17,14,3,69,0,0,29,2,31,35,17,43,5,100,0,0,0,100
07/18/2022,HSV,AL,ASO,ES,Combined TRACON& Tower with Radar,46,26,12,8,92,0,0,8,4,12,46,26,20,12,104,0,0,0,104
07/19/2022,HSV,AL,ASO,ES,Combined TRACON& Tower with Radar,36,22,15,6,79,0,2,23,0,25,36,24,38,6,104,30,0,30,134
07/20/2022,HSV,AL,ASO,ES,Combined TRACON& Tower with Radar,37,23,12,29,101,0,0,30,8,38,37,23,42,37,139,0,0,0,139
07/21/2022,HSV,AL,ASO,ES,Combined TRACON& Tower with Radar,40,29,22,16,107,0,0,20,3,23,40,29,42,19,130,0,0,0,130
07/22/2022,HSV,AL,ASO,ES,Combined TRACON& Tower with Radar,44,26,19,33,122,0,0,48,12,60,44,26,67,45,182,14,16,30,212
07/23/2022,HSV,AL,ASO,ES,Combined TRACON& Tower with Radar,36,27,12,33,108,0,1,42,0,43,36,28,54,33,151,0,0,0,151
07/24/2022,HSV,AL,ASO,ES,Combined TRACON& Tower with Radar,36,23,20,26,105,0,0,20,3,23,36,23,40,29,128,0,0,0,128
07/25/2022,HSV,AL,ASO,ES,Combined TRACON& Tower with Radar,40,20,14,19,93,0,0,28,3,31,40,20,42,22,124,0,0,0,124
07/26/2022,HSV,AL,ASO,ES,Combined TRACON& Tower with Radar,33,33,23,23,112,0,1,26,0,27,33,34,49,23,139,58,0,58,197
07/27/2022,HSV,AL,ASO,ES,Combined TRACON& Tower with Radar,36,29,19,69,153,0,0,47,1,48,36,29,66,70,201,50,46,96,297
07/28/2022,HSV,AL,ASO,ES,Combined TRACON& Tower with Radar,40,22,24,31,117,0,0,37,10,47,40,22,61,41,164,28,34,62,226
07/29/2022,HSV,AL,ASO,ES,Combined TRACON& Tower with Radar,40,27,13,18,98,0,0,13,1,14,40,27,26,19,112,0,0,0,112
07/30/2022,HSV,AL,ASO,ES,Combined TRACON& Tower with Radar,29,27,9,0,65,0,0,9,0,9,29,27,18,0,74,0,0,0,74
07/31/2022,HSV,AL,ASO,ES,Combined TRACON& Tower with Radar,32,19,15,8,74,0,0,7,1,8,32,19,22,9,82,4,0,4,86
08/01/2022,HSV,AL,ASO,ES,Combined TRACON& Tower with Radar,46,24,21,4,95,0,0,16,1,17,46,24,37,5,112,6,0,6,118
08/02/2022,HSV,AL,ASO,ES,Combined TRACON& Tower with Radar,36,22,24,9,91,0,0,20,5,25,36,22,44,14,116,26,18,44,160
08/03/2022,HSV,AL,ASO,ES,Combined TRACON& Tower with Radar,43,18,37,79,177,0,0,29,9,38,43,18,66,88,215,4,144,148,363
08/04/2022,HSV,AL,ASO,ES,Combined TRACON& Tower with Radar,35,17,15,61,128,0,0,41,10,51,35,17,56,71,179,33,110,143,322
08/05/2022,HSV,AL,ASO,ES,Combined TRACON& Tower with Radar,44,24,25,62,155,0,0,46,9,55,44,24,71,71,210,18,108,126,336
08/06/2022,HSV,AL,ASO,ES,Combined TRACON& Tower with Radar,25,20,14,0,59,0,0,28,0,28,25,20,42,0,87,0,0,0,87
08/07/2022,HSV,AL,ASO,ES,Combined TRACON& Tower with Radar,38,33,29,9,109,0,1,27,5,33,38,34,56,14,142,14,0,14,156
08/08/2022,HSV,AL,ASO,ES,Combined TRACON& Tower with Radar,46,26,17,23,112,0,0,22,6,28,46,26,39,29,140,24,22,46,186
08/09/2022,HSV,AL,ASO,ES,Combined TRACON& Tower with Radar,33,23,15,12,83,0,0,14,10,24,33,23,29,22,107,8,14,22,129
08/10/2022,HSV,AL,ASO,ES,Combined TRACON& Tower with Radar,39,22,13,17,91,0,0,4,2,6,39,22,17,19,97,2,0,2,99
08/11/2022,HSV,AL,ASO,ES,Combined TRACON& Tower with Radar,44,25,19,22,110,0,0,14,6,20,44,25,33,28,130,0,0,0,130
08/12/2022,HSV,AL,ASO,ES,Combined TRACON& Tower with Radar,41,28,30,30,129,0,0,32,12,44,41,28,62,42,173,10,10,20,193
08/13/2022,HSV,AL,ASO,ES,Combined TRACON& Tower with Radar,25,19,16,5,65,0,0,38,3,41,25,19,54,8,106,0,6,6,112
08/14/2022,HSV,AL,ASO,ES,Combined TRACON& Tower with Radar,33,18,19,3,73,0,0,41,7,48,33,18,60,10,121,22,0,22,143
08/15/2022,HSV,AL,ASO,ES,Combined TRACON& Tower with Radar,44,26,15,31,116,0,0,18,3,21,44,26,33,34,137,0,14,14,151
08/16/2022,HSV,AL,ASO,ES,Combined TRACON& Tower with Radar,39,21,23,49,132,0,0,35,10,45,39,21,58,59,177,6,28,34,211
08/17/2022,HSV,AL,ASO,ES,Combined TRACON& Tower with Radar,39,22,36,27,124,0,0,13,2,15,39,22,49,29,139,0,0,0,139
08/18/2022,HSV,AL,ASO,ES,Combined TRACON& Tower with Radar,43,19,14,83,159,0,0,28,16,44,43,19,42,99,203,0,98,98,301
08/19/2022,HSV,AL,ASO,ES,Combined TRACON& Tower with Radar,43,23,23,26,115,0,0,25,13,38,43,23,48,39,153,0,78,78,231
08/20/2022,HSV,AL,ASO,ES,Combined TRACON& Tower with Radar,30,18,9,2,59,0,0,4,1,5,30,18,13,3,64,0,0,0,64
08/21/2022,HSV,AL,ASO,ES,Combined TRACON& Tower with Radar,34,17,16,0,67,0,0,1,3,4,34,17,17,3,71,0,0,0,71
08/22/2022,HSV,AL,ASO,ES,Combined TRACON& Tower with Radar,43,23,20,77,163,0,0,10,4,14,43,23,30,81,177,0,16,16,193
08/23/2022,HSV,AL,ASO,ES,Combined TRACON& Tower with Radar,44,26,27,54,151,0,0,16,5,21,44,26,43,59,172,0,0,0,172
08/24/2022,HSV,AL,ASO,ES,Combined TRACON& Tower with Radar,43,22,30,50,145,0,0,23,7,30,43,22,53,57,175,10,6,16,191
08/25/2022,HSV,AL,ASO,ES,Combined TRACON& Tower with Radar,44,23,34,56,157,0,0,23,5,28,44,23,57,61,185,0,0,0,185
08/26/2022,HSV,AL,ASO,ES,Combined TRACON& Tower with Radar,45,25,16,42,128,0,0,15,6,21,45,25,31,48,149,0,42,42,191
08/27/2022,HSV,AL,ASO,ES,Combined TRACON& Tower with Radar,30,19,21,16,86,0,0,47,3,50,30,19,68,19,136,0,0,0,136
08/28/2022,HSV,AL,ASO,ES,Combined TRACON& Tower with Radar,33,16,14,1,64,0,0,40,1,41,33,16,54,2,105,0,0,0,105
08/29/2022,HSV,AL,ASO,ES,Combined TRACON& Tower with Radar,43,24,22,22,111,0,2,30,14,46,43,26,52,36,157,4,154,158,315
08/30/2022,HSV,AL,ASO,ES,Combined TRACON& Tower with Radar,37,18,18,22,95,0,0,14,2,16,37,18,32,24,111,26,16,42,153
08/31/2022,HSV,AL,ASO,ES,Combined TRACON& Tower with Radar,46,25,25,25,121,0,1,34,2,37,46,26,59,27,158,0,0,0,158
09/01/2022,HSV,AL,ASO,ES,Combined TRACON& Tower with Radar,41,20,27,16,104,0,2,51,14,67,41,22,78,30,171,17,72,89,260
09/02/2022,HSV,AL,ASO,ES,Combined TRACON& Tower with Radar,42,26,28,22,118,0,2,30,5,37,42,28,58,27,155,0,0,0,155
09/03/2022,HSV,AL,ASO,ES,Combined TRACON& Tower with Radar,23,21,1,0,45,0,0,11,0,11,23,21,12,0,56,4,0,4,60
09/04/2022,HSV,AL,ASO,ES,Combined TRACON& Tower with Radar,25,17,10,0,52,0,0,1,0,1,25,17,11,0,53,0,0,0,53
09/05/2022,HSV,AL,ASO,ES,Combined TRACON& Tower with Radar,41,20,20,0,81,0,0,5,0,5,41,20,25,0,86,0,0,0,86
09/06/2022,HSV,AL,ASO,ES,Combined TRACON& Tower with Radar,38,26,23,9,96,0,0,3,0,3,38,26,26,9,99,0,0,0,99
09/07/2022,HSV,AL,ASO,ES,Combined TRACON& Tower with Radar,34,25,21,59,139,0,0,18,4,22,34,25,39,63,161,0,0,0,161
09/08/2022,HSV,AL,ASO,ES,Combined TRACON& Tower with Radar,33,32,31,56,152,0,6,34,12,52,33,38,65,68,204,0,24,24,228
09/09/2022,HSV,AL,ASO,ES,Combined TRACON& Tower with Radar,35,30,16,31,112,0,5,9,3,17,35,35,25,34,129,28,0,28,157
09/10/2022,HSV,AL,ASO,ES,Combined TRACON& Tower with Radar,27,34,10,0,71,0,0,5,0,5,27,34,15,0,76,0,0,0,76
09/11/2022,HSV,AL,ASO,ES,Combined TRACON& Tower with Radar,34,27,12,6,79,0,0,3,2,5,34,27,15,8,84,0,0,0,84
09/12/2022,HSV,AL,ASO,ES,Combined TRACON& Tower with Radar,42,30,17,50,139,0,6,25,11,42,42,36,42,61,181,16,58,74,255
09/13/2022,HSV,AL,ASO,ES,Combined TRACON& Tower with Radar,37,28,26,67,158,0,2,50,18,70,37,30,76,85,228,14,88,102,330
09/14/2022,HSV,AL,ASO,ES,Combined TRACON& Tower with Radar,37,26,33,46,142,0,1,37,18,56,37,27,70,64,198,26,96,122,320
09/15/2022,HSV,AL,ASO,ES,Combined TRACON& Tower with Radar,34,24,26,63,147,0,0,41,12,53,34,24,67,75,200,0,0,0,200
09/16/2022,HSV,AL,ASO,ES,Combined TRACON& Tower with Radar,43,35,30,48,156,0,2,47,14,63,43,37,77,62,219,0,0,0,219
09/17/2022,HSV,AL,ASO,ES,Combined TRACON& Tower with Radar,25,25,22,11,83,0,1,43,0,44,25,26,65,11,127,0,0,0,127
09/18/2022,HSV,AL,ASO,ES,Combined TRACON& Tower with Radar,32,24,16,12,84,0,2,29,5,36,32,26,45,17,120,14,0,14,134
09/19/2022,HSV,AL,ASO,ES,Combined TRACON& Tower with Radar,41,32,21,51,145,0,2,28,9,39,41,34,49,60,184,12,64,76,260
09/20/2022,HSV,AL,ASO,ES,Combined TRACON& Tower with Radar,39,36,28,37,140,0,3,25,5,33,39,39,53,42,173,10,20,30,203
09/21/2022,HSV,AL,ASO,ES,Combined TRACON& Tower with Radar,36,24,23,53,136,0,0,28,13,41,36,24,51,66,177,12,18,30,207
09/22/2022,HSV,AL,ASO,ES,Combined TRACON& Tower with Radar,37,28,36,45,146,0,9,27,11,47,37,37,63,56,193,20,82,102,295
09/23/2022,HSV,AL,ASO,ES,Combined TRACON& Tower with Radar,45,27,29,71,172,0,2,46,21,69,45,29,75,92,241,10,52,62,303
09/24/2022,HSV,AL,ASO,ES,Combined TRACON& Tower with Radar,27,26,17,19,89,0,0,44,5,49,27,26,61,24,138,4,6,10,148
09/25/2022,HSV,AL,ASO,ES,Combined TRACON& Tower with Radar,33,23,17,0,73,0,0,5,4,9,33,23,22,4,82,0,0,0,82
09/26/2022,HSV,AL,ASO,ES,Combined TRACON& Tower with Radar,42,38,14,39,133,0,1,27,19,47,42,39,41,58,180,14,56,70,250
09/27/2022,HSV,AL,ASO,ES,Combined TRACON& Tower with Radar,35,33,15,44,127,0,0,34,16,50,35,33,49,60,177,12,30,42,219
09/28/2022,HSV,AL,ASO,ES,Combined TRACON& Tower with Radar,38,21,16,36,111,0,4,30,17,51,38,25,46,53,162,10,52,62,224
09/29/2022,HSV,AL,ASO,ES,Combined TRACON& Tower with Radar,35,34,13,20,102,0,6,21,13,40,35,40,34,33,142,28,8,36,178
09/30/2022,HSV,AL,ASO,ES,Combined TRACON& Tower with Radar,43,27,19,66,155,0,0,31,9,40,43,27,50,75,195,10,48,58,253
10/01/2022,HSV,AL,ASO,ES,Combined TRACON& Tower with Radar,26,24,16,0,66,0,0,29,1,30,26,24,45,1,96,6,0,6,102
10/02/2022,HSV,AL,ASO,ES,Combined TRACON& Tower with Radar,33,33,20,13,99,0,0,16,1,17,33,33,36,14,116,0,0,0,116
10/03/2022,HSV,AL,ASO,ES,Combined TRACON& Tower with Radar,43,29,16,43,131,0,0,26,9,35,43,29,42,52,166,0,14,14,180
10/04/2022,HSV,AL,ASO,ES,Combined TRACON& Tower with Radar,36,24,39,88,187,0,4,50,21,75,36,28,89,109,262,8,116,124,386
10/05/2022,HSV,AL,ASO,ES,Combined TRACON& Tower with Radar,37,23,28,50,138,0,4,48,13,65,37,27,76,63,203,0,96,96,299
10/06/2022,HSV,AL,ASO,ES,Combined TRACON& Tower with Radar,39,17,24,67,147,0,0,36,18,54,39,17,60,85,201,0,72,72,273
10/07/2022,HSV,AL,ASO,ES,Combined TRACON& Tower with Radar,44,27,20,16,107,0,2,43,5,50,44,29,63,21,157,0,0,0,157
10/08/2022,HSV,AL,ASO,ES,Combined TRACON& Tower with Radar,31,22,14,0,67,0,0,34,2,36,31,22,48,2,103,0,0,0,103
10/09/2022,HSV,AL,ASO,ES,Combined TRACON& Tower with Radar,35,21,20,0,76,0,0,48,0,48,35,21,68,0,124,16,4,20,144
10/10/2022,HSV,AL,ASO,ES,Combined TRACON& Tower with Radar,42,24,11,0,77,0,0,49,0,49,42,24,60,0,126,22,0,22,148
10/11/2022,HSV,AL,ASO,ES,Combined TRACON& Tower with Radar,38,22,16,28,104,0,0,42,13,55,38,22,58,41,159,16,44,60,219
10/12/2022,HSV,AL,ASO,ES,Combined TRACON& Tower with Radar,43,19,25,27,114,0,0,4,10,14,43,19,29,37,128,0,80,80,208
10/13/2022,HSV,AL,ASO,ES,Combined TRACON& Tower with Radar,39,26,27,25,117,0,2,30,3,35,39,28,57,28,152,12,14,26,178
10/14/2022,HSV,AL,ASO,ES,Combined TRACON& Tower with Radar,42,24,21,30,117,0,2,45,7,54,42,26,66,37,171,0,0,0,171
10/15/2022,HSV,AL,ASO,ES,Combined TRACON& Tower with Radar,32,22,74,0,128,0,1,141,0,142,32,23,215,0,270,0,0,0,270
10/16/2022,HSV,AL,ASO,ES,Combined TRACON& Tower with Radar,37,28,16,1,82,0,0,33,4,37,37,28,49,5,119,0,12,12,131
10/17/2022,HSV,AL,ASO,ES,Combined TRACON& Tower with Radar,43,28,27,64,162,0,3,34,10,47,43,31,61,74,209,6,64,70,279
10/18/2022,HSV,AL,ASO,ES,Combined TRACON& Tower with Radar,37,25,28,69,159,0,0,36,23,59,37,25,64,92,218,28,48,76,294
10/19/2022,HSV,AL,ASO,ES,Combined TRACON& Tower with Radar,43,27,20,50,140,0,0,32,10,42,43,27,52,60,182,16,46,62,244
10/20/2022,HSV,AL,ASO,ES,Combined TRACON& Tower with Radar,41,23,19,87,170,0,4,31,15,50,41,27,50,102,220,2,84,86,306
10/21/2022,HSV,AL,ASO,ES,Combined TRACON& Tower with Radar,44,31,31,39,145,0,0,44,4,48,44,31,75,43,193,0,0,0,193
10/22/2022,HSV,AL,ASO,ES,Combined TRACON& Tower with Radar,30,22,17,12,81,0,0,41,1,42,30,22,58,13,123,16,2,18,141
10/23/2022,HSV,AL,ASO,ES,Combined TRACON& Tower with Radar,35,18,31,10,94,0,0,26,3,29,35,18,57,13,123,0,8,8,131
10/24/2022,HSV,AL,ASO,ES,Combined TRACON& Tower with Radar,41,32,19,26,118,0,4,34,11,49,41,36,53,37,167,40,18,58,225
10/25/2022,HSV,AL,ASO,ES,Combined TRACON& Tower with Radar,39,29,18,46,132,0,0,0,5,5,39,29,18,51,137,0,30,30,167
10/26/2022,HSV,AL,ASO,ES,Combined TRACON& Tower with Radar,44,29,32,55,160,0,0,11,10,21,44,29,43,65,181,0,0,0,181
10/27/2022,HSV,AL,ASO,ES,Combined TRACON& Tower with Radar,40,29,28,58,155,0,0,37,18,55,40,29,65,76,210,0,0,0,210
10/28/2022,HSV,AL,ASO,ES,Combined TRACON& Tower with Radar,42,31,22,23,118,0,0,37,8,45,42,31,59,31,163,6,6,12,175
10/29/2022,HSV,AL,ASO,ES,Combined TRACON& Tower with Radar,25,23,23,0,71,0,0,30,0,30,25,23,53,0,101,0,0,0,101
10/30/2022,HSV,AL,ASO,ES,Combined TRACON& Tower with Radar,35,21,12,0,68,0,0,0,0,0,35,21,12,0,68,0,0,0,68
10/31/2022,HSV,AL,ASO,ES,Combined TRACON& Tower with Radar,37,27,30,44,138,0,0,10,10,20,37,27,40,54,158,0,20,20,178
11/01/2022,HSV,AL,ASO,ES,Combined TRACON& Tower with Radar,41,25,30,40,136,0,0,26,11,37,41,25,56,51,173,0,22,22,195
11/02/2022,HSV,AL,ASO,ES,Combined TRACON& Tower with Radar,41,27,29,52,149,0,1,44,6,51,41,28,73,58,200,10,36,46,246
11/03/2022,HSV,AL,ASO,ES,Combined TRACON& Tower with Radar,33,20,33,39,125,0,0,30,8,38,33,20,63,47,163,18,10,28,191
11/04/2022,HSV,AL,ASO,ES,Combined TRACON& Tower with Radar,34,27,25,35,121,0,0,49,15,64,34,27,74,50,185,8,37,45,230
11/05/2022,HSV,AL,ASO,ES,Combined TRACON& Tower with Radar,30,21,5,0,56,0,0,3,1,4,30,21,8,1,60,0,0,0,60
11/06/2022,HSV,AL,ASO,ES,Combined TRACON& Tower with Radar,32,24,22,15,93,0,0,9,2,11,32,24,31,17,104,10,0,10,114
11/07/2022,HSV,AL,ASO,ES,Combined TRACON& Tower with Radar,35,25,31,18,109,0,2,24,5,31,35,27,55,23,140,0,14,14,154
11/08/2022,HSV,AL,ASO,ES,Combined TRACON& Tower with Radar,32,36,14,28,110,0,3,31,12,46,32,39,45,40,156,14,46,60,216
11/09/2022,HSV,AL,ASO,ES,Combined TRACON& Tower with Radar,36,34,26,42,138,0,0,30,15,45,36,34,56,57,183,0,0,0,183
11/10/2022,HSV,AL,ASO,ES,Combined TRACON& Tower with Radar,30,35,31,54,150,0,0,31,15,46,30,35,62,69,196,0,24,24,220
11/11/2022,HSV,AL,ASO,ES,Combined TRACON& Tower with Radar,37,29,13,2,81,0,0,10,0,10,37,29,23,2,91,32,0,32,123
11/12/2022,HSV,AL,ASO,ES,Combined TRACON& Tower with Radar,29,22,6,2,59,0,0,1,0,1,29,22,7,2,60,0,0,0,60
11/13/2022,HSV,AL,ASO,ES,Combined TRACON& Tower with Radar,34,21,10,8,73,0,0,31,1,32,34,21,41,9,105,4,0,4,109
11/14/2022,HSV,AL,ASO,ES,Combined TRACON& Tower with Radar,41,32,20,53,146,0,0,41,12,53,41,32,61,65,199,24,14,38,237
11/15/2022,HSV,AL,ASO,ES,Combined TRACON& Tower with Radar,34,26,19,29,108,0,0,0,0,0,34,26,19,29,108,0,0,0,108
11/16/2022,HSV,AL,ASO,ES,Combined TRACON& Tower with Radar,34,32,30,91,187,0,0,45,16,61,34,32,75,107,248,0,0,0,248
11/17/2022,HSV,AL,ASO,ES,Combined TRACON& Tower with Radar,31,22,19,56,128,0,1,46,14,61,31,23,65,70,189,26,24,50,239
11/18/2022,HSV,AL,ASO,ES,Combined TRACON& Tower with Radar,34,36,23,64,157,0,2,43,13,58,34,38,66,77,215,6,14,20,235
11/19/2022,HSV,AL,ASO,ES,Combined TRACON& Tower with Radar,29,23,10,0,62,0,0,51,0,51,29,23,61,0,113,0,0,0,113
11/20/2022,HSV,AL,ASO,ES,Combined TRACON& Tower with Radar,34,24,21,1,80,0,0,39,1,40,34,24,60,2,120,0,0,0,120
11/21/2022,HSV,AL,ASO,ES,Combined TRACON& Tower with Radar,40,28,21,50,139,0,22,42,6,70,40,50,63,56,209,20,16,36,245
11/22/2022,HSV,AL,ASO,ES,Combined TRACON& Tower with Radar,34,37,18,32,121,0,14,43,6,63,34,51,61,38,184,20,52,72,256
11/23/2022,HSV,AL,ASO,ES,Combined TRACON& Tower with Radar,34,25,28,40,127,0,0,29,13,42,34,25,57,53,169,0,64,64,233
11/24/2022,HSV,AL,ASO,ES,Combined TRACON& Tower with Radar,17,17,3,0,37,0,0,12,0,12,17,17,15,0,49,0,0,0,49
11/25/2022,HSV,AL,ASO,ES,Combined TRACON& Tower with Radar,35,25,9,0,69,0,0,6,0,6,35,25,15,0,75,0,0,0,75
11/26/2022,HSV,AL,ASO,ES,Combined TRACON& Tower with Radar,35,26,14,0,75,0,0,14,0,14,35,26,28,0,89,0,0,0,89
11/27/2022,HSV,AL,ASO,ES,Combined TRACON& Tower with Radar,37,26,6,0,69,0,0,7,0,7,37,26,13,0,76,0,0,0,76
11/28/2022,HSV,AL,ASO,ES,Combined TRACON& Tower with Radar,35,35,20,36,126,0,0,44,9,53,35,35,64,45,179,4,42,46,225
11/29/2022,HSV,AL,ASO,ES,Combined TRACON& Tower with Radar,23,28,12,13,76,0,0,12,10,22,23,28,24,23,98,16,2,18,116
11/30/2022,HSV,AL,ASO,ES,Combined TRACON& Tower with Radar,41,20,15,30,106,0,3,25,6,34,41,23,40,36,140,6,40,46,186
12/01/2022,HSV,AL,ASO,ES,Combined TRACON& Tower with Radar,35,21,22,42,120,0,0,37,14,51,35,21,59,56,171,0,0,0,171
12/02/2022,HSV,AL,ASO,ES,Combined TRACON& Tower with Radar,38,29,38,45,150,0,0,10,12,22,38,29,48,57,172,0,0,0,172
12/03/2022,HSV,AL,ASO,ES,Combined TRACON& Tower with Radar,28,26,18,36,108,0,0,4,0,4,28,26,22,36,112,0,0,0,112
12/04/2022,HSV,AL,ASO,ES,Combined TRACON& Tower with Radar,31,24,15,8,78,0,0,35,1,36,31,24,50,9,114,14,0,14,128
12/05/2022,HSV,AL,ASO,ES,Combined TRACON& Tower with Radar,41,27,27,0,95,0,0,0,0,0,41,27,27,0,95,0,0,0,95
12/06/2022,HSV,AL,ASO,ES,Combined TRACON& Tower with Radar,38,24,14,10,86,0,0,0,1,1,38,24,14,11,87,0,12,12,99
12/07/2022,HSV,AL,ASO,ES,Combined TRACON& Tower with Radar,39,28,21,14,102,0,0,0,0,0,39,28,21,14,102,0,0,0,102
12/08/2022,HSV,AL,ASO,ES,Combined TRACON& Tower with Radar,38,23,27,7,95,0,0,5,2,7,38,23,32,9,102,0,8,8,110
12/09/2022,HSV,AL,ASO,ES,Combined TRACON& Tower with Radar,41,24,21,7,93,0,0,1,1,2,41,24,22,8,95,0,0,0,95
12/10/2022,HSV,AL,ASO,ES,Combined TRACON& Tower with Radar,31,18,17,2,68,0,0,1,2,3,31,18,18,4,71,0,0,0,71
12/11/2022,HSV,AL,ASO,ES,Combined TRACON& Tower with Radar,36,26,10,2,74,0,0,0,0,0,36,26,10,2,74,0,0,0,74
12/12/2022,HSV,AL,ASO,ES,Combined TRACON& Tower with Radar,43,29,32,87,191,0,0,9,5,14,43,29,41,92,205,2,10,12,217
12/13/2022,HSV,AL,ASO,ES,Combined TRACON& Tower with Radar,34,23,36,71,164,0,0,4,3,7,34,23,40,74,171,0,30,30,201
12/14/2022,HSV,AL,ASO,ES,Combined TRACON& Tower with Radar,42,21,9,0,72,0,0,0,0,0,42,21,9,0,72,0,0,0,72
12/15/2022,HSV,AL,ASO,ES,Combined TRACON& Tower with Radar,34,23,21,58,136,0,1,25,16,42,34,24,46,74,178,49,38,87,265
12/16/2022,HSV,AL,ASO,ES,Combined TRACON& Tower with Radar,42,25,24,33,124,0,0,43,8,51,42,25,67,41,175,4,62,66,241
12/17/2022,HSV,AL,ASO,ES,Combined TRACON& Tower with Radar,27,23,27,0,77,0,0,29,0,29,27,23,56,0,106,0,0,0,106
12/18/2022,HSV,AL,ASO,ES,Combined TRACON& Tower with Radar,36,20,18,7,81,0,0,37,4,41,36,20,55,11,122,14,8,22,144
12/19/2022,HSV,AL,ASO,ES,Combined TRACON& Tower with Radar,35,25,18,23,101,0,0,34,6,40,35,25,52,29,141,12,72,84,225
12/20/2022,HSV,AL,ASO,ES,Combined TRACON& Tower with Radar,30,27,13,59,129,0,0,11,5,16,30,27,24,64,145,2,74,76,221
12/21/2022,HSV,AL,ASO,ES,Combined TRACON& Tower with Radar,35,22,20,62,139,0,0,22,19,41,35,22,42,81,180,18,134,152,332
12/22/2022,HSV,AL,ASO,ES,Combined TRACON& Tower with Radar,31,27,7,3,68,0,0,0,0,0,31,27,7,3,68,0,0,0,68
12/23/2022,HSV,AL,ASO,ES,Combined TRACON& Tower with Radar,38,24,1,0,63,0,0,1,0,1,38,24,2,0,64,0,0,0,64
12/24/2022,HSV,AL,ASO,ES,Combined TRACON& Tower with Radar,18,17,7,0,42,0,0,3,0,3,18,17,10,0,45,0,0,0,45
12/25/2022,HSV,AL,ASO,ES,Combined TRACON& Tower with Radar,21,16,0,0,37,0,0,7,0,7,21,16,7,0,44,0,0,0,44
12/26/2022,HSV,AL,ASO,ES,Combined TRACON& Tower with Radar,37,30,20,0,87,0,0,7,0,7,37,30,27,0,94,0,0,0,94
12/27/2022,HSV,AL,ASO,ES,Combined TRACON& Tower with Radar,34,30,18,1,83,0,2,20,1,23,34,32,38,2,106,8,0,8,114
12/28/2022,HSV,AL,ASO,ES,Combined TRACON& Tower with Radar,32,25,28,6,91,0,0,29,10,39,32,25,57,16,130,12,8,20,150
12/29/2022,HSV,AL,ASO,ES,Combined TRACON& Tower with Radar,32,22,14,6,74,0,0,16,0,16,32,22,30,6,90,22,0,22,112
12/30/2022,HSV,AL,ASO,ES,Combined TRACON& Tower with Radar,35,20,17,0,72,0,0,4,0,4,35,20,21,0,76,0,0,0,76
12/31/2022,HSV,AL,ASO,ES,Combined TRACON& Tower with Radar,17,22,7,0,46,0,0,2,0,2,17,22,9,0,48,0,0,0,48
01/01/2023,HSV,AL,ASO,ES,Combined TRACON& Tower with Radar,25,15,14,0,54,0,0,20,0,20,25,15,34,0,74,16,0,16,90
01/02/2023,HSV,AL,ASO,ES,Combined TRACON& Tower with Radar,33,20,25,0,78,0,0,0,0,0,33,20,25,0,78,0,0,0,78
01/03/2023,HSV,AL,ASO,ES,Combined TRACON& Tower with Radar,31,24,9,0,64,0,0,0,0,0,31,24,9,0,64,0,0,0,64
01/04/2023,HSV,AL,ASO,ES,Combined TRACON& Tower with Radar,32,19,14,44,109,0,0,14,20,34,32,19,28,64,143,18,72,90,233
01/05/2023,HSV,AL,ASO,ES,Combined TRACON& Tower with Radar,29,19,20,12,80,0,0,25,2,27,29,19,45,14,107,14,80,94,201
01/06/2023,HSV,AL,ASO,ES,Combined TRACON& Tower with Radar,35,24,13,32,104,0,0,43,3,46,35,24,56,35,150,2,94,96,246
01/07/2023,HSV,AL,ASO,ES,Combined TRACON& Tower with Radar,24,23,16,12,75,0,0,16,1,17,24,23,32,13,92,0,2,2,94
01/08/2023,HSV,AL,ASO,ES,Combined TRACON& Tower with Radar,34,23,16,0,73,0,0,0,0,0,34,23,16,0,73,0,0,0,73
01/09/2023,HSV,AL,ASO,ES,Combined TRACON& Tower with Radar,37,28,21,63,149,2,0,23,2,27,39,28,44,65,176,2,14,16,192
01/10/2023,HSV,AL,ASO,ES,Combined TRACON& Tower with Radar,39,22,23,49,133,0,0,37,22,59,39,22,60,71,192,0,0,0,192
01/11/2023,HSV,AL,ASO,ES,Combined TRACON& Tower with Radar,44,16,23,88,171,0,0,8,0,8,44,16,31,88,179,0,0,0,179
01/12/2023,HSV,AL,ASO,ES,Combined TRACON& Tower with Radar,47,26,7,2,82,0,0,2,2,4,47,26,9,4,86,0,0,0,86
01/13/2023,HSV,AL,ASO,ES,Combined TRACON& Tower with Radar,51,23,16,4,94,0,0,0,0,0,51,23,16,4,94,0,0,0,94
01/14/2023,HSV,AL,ASO,ES,Combined TRACON& Tower with Radar,33,20,11,0,64,0,0,41,0,41,33,20,52,0,105,0,0,0,105
01/15/2023,HSV,AL,ASO,ES,Combined TRACON& Tower with Radar,35,22,28,1,86,0,0,57,1,58,35,22,85,2,144,0,14,14,158
01/16/2023,HSV,AL,ASO,ES,Combined TRACON& Tower with Radar,47,18,24,0,89,0,0,23,1,24,47,18,47,1,113,0,0,0,113
01/17/2023,HSV,AL,ASO,ES,Combined TRACON& Tower with Radar,40,23,27,22,112,0,0,10,4,14,40,23,37,26,126,4,0,4,130
01/18/2023,HSV,AL,ASO,ES,Combined TRACON& Tower with Radar,46,21,24,35,126,0,0,0,3,3,46,21,24,38,129,0,0,0,129
01/19/2023,HSV,AL,ASO,ES,Combined TRACON& Tower with Radar,46,19,15,20,100,0,0,17,18,35,46,19,32,38,135,16,38,54,189
01/20/2023,HSV,AL,ASO,ES,Combined TRACON& Tower with Radar,53,21,15,41,130,0,0,59,17,76,53,21,74,58,206,20,96,116,322
01/21/2023,HSV,AL,ASO,ES,Combined TRACON& Tower with Radar,34,20,7,21,82,0,0,47,1,48,34,20,54,22,130,26,24,50,180
01/22/2023,HSV,AL,ASO,ES,Combined TRACON& Tower with Radar,45,19,12,1,77,0,0,0,0,0,45,19,12,1,77,0,0,0,77
01/23/2023,HSV,AL,ASO,ES,Combined TRACON& Tower with Radar,48,24,24,13,109,0,0,17,9,26,48,24,41,22,135,20,50,70,205
01/24/2023,HSV,AL,ASO,ES,Combined TRACON& Tower with Radar,39,23,20,60,142,0,1,32,12,45,39,24,52,72,187,8,158,166,353
01/25/2023,HSV,AL,ASO,ES,Combined TRACON& Tower with Radar,47,20,13,0,80,0,0,2,0,2,47,20,15,0,82,0,0,0,82
01/26/2023,HSV,AL,ASO,ES,Combined TRACON& Tower with Radar,45,17,12,11,85,0,0,9,9,18,45,17,21,20,103,0,0,0,103
01/27/2023,HSV,AL,ASO,ES,Combined TRACON& Tower with Radar,52,25,11,35,123,0,2,54,16,72,52,27,65,51,195,12,24,36,231
01/28/2023,HSV,AL,ASO,ES,Combined TRACON& Tower with Radar,34,19,14,12,79,0,0,55,4,59,34,19,69,16,138,0,0,0,138
01/29/2023,HSV,AL,ASO,ES,Combined TRACON& Tower with Radar,44,23,6,2,75,0,0,0,0,0,44,23,6,2,75,0,0,0,75
01/30/2023,HSV,AL,ASO,ES,Combined TRACON& Tower with Radar,45,19,22,23,109,0,0,0,0,0,45,19,22,23,109,10,0,10,119
01/31/2023,HSV,AL,ASO,ES,Combined TRACON& Tower with Radar,37,17,9,2,65,0,0,0,2,2,37,17,9,4,67,0,0,0,67
02/01/2023,HSV,AL,ASO,ES,Combined TRACON& Tower with Radar,37,17,7,8,69,0,0,0,0,0,37,17,7,8,69,0,0,0,69
02/02/2023,HSV,AL,ASO,ES,Combined TRACON& Tower with Radar,38,15,7,2,62,0,0,0,0,0,38,15,7,2,62,0,0,0,62
02/03/2023,HSV,AL,ASO,ES,Combined TRACON& Tower with Radar,48,21,35,21,125,0,1,54,2,57,48,22,89,23,182,32,0,32,214
02/04/2023,HSV,AL,ASO,ES,Combined TRACON& Tower with Radar,32,18,20,12,82,0,0,74,3,77,32,18,94,15,159,18,4,22,181
02/05/2023,HSV,AL,ASO,ES,Combined TRACON& Tower with Radar,36,19,30,0,85,0,2,44,0,46,36,21,74,0,131,0,14,14,145
02/06/2023,HSV,AL,ASO,ES,Combined TRACON& Tower with Radar,45,24,20,20,109,0,2,45,4,51,45,26,65,24,160,48,18,66,226
02/07/2023,HSV,AL,ASO,ES,Combined TRACON& Tower with Radar,39,28,32,94,193,0,3,44,12,59,39,31,76,106,252,0,16,16,268
02/08/2023,HSV,AL,ASO,ES,Combined TRACON& Tower with Radar,42,33,27,59,161,0,0,9,6,15,42,33,36,65,176,12,38,50,226
02/09/2023,HSV,AL,ASO,ES,Combined TRACON& Tower with Radar,40,18,20,17,95,0,0,19,6,25,40,18,39,23,120,10,10,20,140
02/10/2023,HSV,AL,ASO,ES,Combined TRACON& Tower with Radar,47,23,25,46,141,0,3,55,10,68,47,26,80,56,209,36,30,66,275
02/11/2023,HSV,AL,ASO,ES,Combined TRACON& Tower with Radar,33,19,15,13,80,0,0,26,0,26,33,19,41,13,106,8,0,8,114
02/12/2023,HSV,AL,ASO,ES,Combined TRACON& Tower with Radar,38,25,14,4,81,0,4,15,2,21,38,29,29,6,102,16,0,16,118
02/13/2023,HSV,AL,ASO,ES,Combined TRACON& Tower with Radar,44,24,19,38,125,0,0,51,12,63,44,24,70,50,188,46,32,78,266
02/14/2023,HSV,AL,ASO,ES,Combined TRACON& Tower with Radar,39,26,13,58,136,0,0,25,12,37,39,26,38,70,173,12,70,82,255
02/15/2023,HSV,AL,ASO,ES,Combined TRACON& Tower with Radar,42,32,14,8,96,0,0,0,0,0,42,32,14,8,96,0,0,0,96
02/16/2023,HSV,AL,ASO,ES,Combined TRACON& Tower with Radar,39,28,9,0,76,0,0,0,2,2,39,28,9,2,78,0,0,0,78
02/17/2023,HSV,AL,ASO,ES,Combined TRACON& Tower with Radar,44,29,21,3,97,0,0,16,3,19,44,29,37,6,116,10,12,22,138
02/18/2023,HSV,AL,ASO,ES,Combined TRACON& Tower with Radar,28,31,14,1,74,0,2,63,0,65,28,33,77,1,139,2,0,2,141
02/19/2023,HSV,AL,ASO,ES,Combined TRACON& Tower with Radar,35,25,18,0,78,0,2,23,0,25,35,27,41,0,103,12,0,12,115
02/20/2023,HSV,AL,ASO,ES,Combined TRACON& Tower with Radar,48,46,12,2,108,0,0,6,0,6,48,46,18,2,114,16,0,16,130
02/21/2023,HSV,AL,ASO,ES,Combined TRACON& Tower with Radar,41,29,20,50,140,0,2,24,12,38,41,31,44,62,178,32,86,118,296
02/22/2023,HSV,AL,ASO,ES,Combined TRACON& Tower with Radar,44,23,29,46,142,0,0,3,3,6,44,23,32,49,148,6,86,92,240
02/23/2023,HSV,AL,ASO,ES,Combined TRACON& Tower with Radar,41,27,26,66,160,0,2,39,16,57,41,29,65,82,217,32,166,198,415
02/24/2023,HSV,AL,ASO,ES,Combined TRACON& Tower with Radar,46,30,17,47,140,0,0,10,14,24,46,30,27,61,164,0,66,66,230
02/25/2023,HSV,AL,ASO,ES,Combined TRACON& Tower with Radar,33,30,15,0,78,0,0,0,0,0,33,30,15,0,78,0,0,0,78
02/26/2023,HSV,AL,ASO,ES,Combined TRACON& Tower with Radar,40,30,40,0,110,0,0,9,0,9,40,30,49,0,119,16,0,16,135
02/27/2023,HSV,AL,ASO,ES,Combined TRACON& Tower with Radar,48,23,12,4,87,0,0,5,2,7,48,23,17,6,94,0,0,0,94
02/28/2023,HSV,AL,ASO,ES,Combined TRACON& Tower with Radar,41,49,28,54,172,0,1,52,22,75,41,50,80,76,247,32,99,131,378
03/01/2023,HSV,AL,ASO,ES,Combined TRACON& Tower with Radar,40,26,16,90,172,0,0,11,6,17,40,26,27,96,189,18,38,56,245
03/02/2023,HSV,AL,ASO,ES,Combined TRACON& Tower with Radar,31,27,9,10,77,0,0,0,0,0,31,27,9,10,77,0,0,0,77
03/03/2023,HSV,AL,ASO,ES,Combined TRACON& Tower with Radar,50,26,7,3,86,0,0,4,2,6,50,26,11,5,92,0,0,0,92
03/04/2023,HSV,AL,ASO,ES,Combined TRACON& Tower with Radar,34,22,11,2,69,0,4,51,2,57,34,26,62,4,126,36,0,36,162
03/05/2023,HSV,AL,ASO,ES,Combined TRACON& Tower with Radar,40,24,18,3,85,0,0,45,1,46,40,24,63,4,131,16,6,22,153
03/06/2023,HSV,AL,ASO,ES,Combined TRACON& Tower with Radar,47,23,20,42,132,0,2,33,24,59,47,25,53,66,191,62,80,142,333
03/07/2023,HSV,AL,ASO,ES,Combined TRACON& Tower with Radar,41,25,17,71,154,0,0,38,24,62,41,25,55,95,216,50,140,190,406
03/08/2023,HSV,AL,ASO,ES,Combined TRACON& Tower with Radar,44,22,24,37,127,0,0,27,15,42,44,22,51,52,169,42,88,130,299
03/09/2023,HSV,AL,ASO,ES,Combined TRACON& Tower with Radar,43,34,8,52,137,0,0,2,2,4,43,34,10,54,141,34,38,72,213
03/10/2023,HSV,AL,ASO,ES,Combined TRACON& Tower with Radar,46,42,20,38,146,0,1,19,8,28,46,43,39,46,174,55,24,79,253
03/11/2023,HSV,AL,ASO,ES,Combined TRACON& Tower with Radar,34,26,21,2,83,0,0,58,4,62,34,26,79,6,145,9,22,31,176
03/12/2023,HSV,AL,ASO,ES,Combined TRACON& Tower with Radar,40,26,16,9,91,0,0,0,0,0,40,26,16,9,91,0,0,0,91
03/13/2023,HSV,AL,ASO,ES,Combined TRACON& Tower with Radar,47,24,15,33,119,0,0,24,5,29,47,24,39,38,148,10,16,26,174
03/14/2023,HSV,AL,ASO,ES,Combined TRACON& Tower with Radar,39,29,19,29,116,0,1,47,9,57,39,30,66,38,173,16,20,36,209
03/15/2023,HSV,AL,ASO,ES,Combined TRACON& Tower with Radar,41,22,16,54,133,0,0,37,19,56,41,22,53,73,189,10,48,58,247
03/16/2023,HSV,AL,ASO,ES,Combined TRACON& Tower with Radar,41,23,30,62,156,0,0,26,8,34,41,23,56,70,190,24,2,26,216
03/17/2023,HSV,AL,ASO,ES,Combined TRACON& Tower with Radar,42,27,17,5,91,0,0,1,0,1,42,27,18,5,92,0,0,0,92
03/18/2023,HSV,AL,ASO,ES,Combined TRACON& Tower with Radar,34,23,14,11,82,0,0,37,2,39,34,23,51,13,121,0,0,0,121
03/19/2023,HSV,AL,ASO,ES,Combined TRACON& Tower with Radar,41,35,32,12,120,0,5,29,5,39,41,40,61,17,159,10,26,36,195
03/20/2023,HSV,AL,ASO,ES,Combined TRACON& Tower with Radar,46,26,16,15,103,0,3,31,9,43,46,29,47,24,146,64,10,74,220
03/21/2023,HSV,AL,ASO,ES,Combined TRACON& Tower with Radar,40,27,21,47,135,0,3,30,15,48,40,30,51,62,183,12,94,106,289
03/22/2023,HSV,AL,ASO,ES,Combined TRACON& Tower with Radar,41,21,30,20,112,0,0,8,2,10,41,21,38,22,122,0,0,0,122
03/23/2023,HSV,AL,ASO,ES,Combined TRACON& Tower with Radar,43,25,30,56,154,0,1,30,16,47,43,26,60,72,201,62,92,154,355
03/24/2023,HSV,AL,ASO,ES,Combined TRACON& Tower with Radar,41,25,16,30,112,0,0,19,6,25,41,25,35,36,137,0,0,0,137
03/25/2023,HSV,AL,ASO,ES,Combined TRACON& Tower with Radar,33,30,14,5,82,0,0,27,0,27,33,30,41,5,109,0,0,0,109
03/26/2023,HSV,AL,ASO,ES,Combined TRACON& Tower with Radar,39,23,19,7,88,0,0,38,6,44,39,23,57,13,132,46,20,66,198
03/27/2023,HSV,AL,ASO,ES,Combined TRACON& Tower with Radar,45,29,21,31,126,0,0,24,9,33,45,29,45,40,159,16,14,30,189
03/28/2023,HSV,AL,ASO,ES,Combined TRACON& Tower with Radar,39,26,16,55,136,0,0,35,13,48,39,26,51,68,184,18,26,44,228
03/29/2023,HSV,AL,ASO,ES,Combined TRACON& Tower with Radar,40,24,16,52,132,0,0,45,18,63,40,24,61,70,195,24,12,36,231
03/30/2023,HSV,AL,ASO,ES,Combined TRACON& Tower with Radar,44,29,27,31,131,0,0,33,11,44,44,29,60,42,175,10,20,30,205
03/31/2023,HSV,AL,ASO,ES,Combined TRACON& Tower with Radar,44,20,17,6,87,0,0,3,12,15,44,20,20,18,102,0,0,0,102
04/01/2023,HSV,AL,ASO,ES,Combined TRACON& Tower with Radar,40,22,12,0,74,0,0,12,0,12,40,22,24,0,86,0,0,0,86
04/02/2023,HSV,AL,ASO,ES,Combined TRACON& Tower with Radar,38,31,23,1,93,0,0,43,1,44,38,31,66,2,137,16,0,16,153
04/03/2023,HSV,AL,ASO,ES,Combined TRACON& Tower with Radar,48,29,26,6,109,0,0,0,2,2,48,29,26,8,111,0,0,0,111
04/04/2023,HSV,AL,ASO,ES,Combined TRACON& Tower with Radar,37,31,31,41,140,0,0,15,9,24,37,31,46,50,164,0,38,38,202
04/05/2023,HSV,AL,ASO,ES,Combined TRACON& Tower with Radar,47,13,12,24,96,0,0,18,5,23,47,13,30,29,119,16,136,152,271
04/06/2023,HSV,AL,ASO,ES,Combined TRACON& Tower with Radar,48,30,13,4,95,0,0,2,4,6,48,30,15,8,101,0,12,12,113
04/07/2023,HSV,AL,ASO,ES,Combined TRACON& Tower with Radar,50,20,11,4,85,0,0,0,0,0,50,20,11,4,85,0,0,0,85
04/08/2023,HSV,AL,ASO,ES,Combined TRACON& Tower with Radar,32,20,11,0,63,0,0,0,0,0,32,20,11,0,63,0,0,0,63
04/09/2023,HSV,AL,ASO,ES,Combined TRACON& Tower with Radar,42,19,7,0,68,0,2,19,0,21,42,21,26,0,89,0,0,0,89
04/10/2023,HSV,AL,ASO,ES,Combined TRACON& Tower with Radar,50,30,20,43,143,0,0,59,22,81,50,30,79,65,224,62,38,100,324
04/11/2023,HSV,AL,ASO,ES,Combined TRACON& Tower with Radar,38,25,22,38,123,0,1,55,15,71,38,26,77,53,194,24,20,44,238
04/12/2023,HSV,AL,ASO,ES,Combined TRACON& Tower with Radar,47,24,20,51,142,0,0,47,14,61,47,24,67,65,203,0,80,80,283
04/13/2023,HSV,AL,ASO,ES,Combined TRACON& Tower with Radar,47,17,19,6,89,0,0,5,2,7,47,17,24,8,96,0,0,0,96
04/14/2023,HSV,AL,ASO,ES,Combined TRACON& Tower with Radar,48,28,31,10,117,0,3,6,2,11,48,31,37,12,128,16,0,16,144
04/15/2023,HSV,AL,ASO,ES,Combined TRACON& Tower with Radar,38,25,12,4,79,0,4,36,3,43,38,29,48,7,122,0,0,0,122
04/16/2023,HSV,AL,ASO,ES,Combined TRACON& Tower with Radar,44,17,15,10,86,0,0,10,2,12,44,17,25,12,98,0,0,0,98
04/17/2023,HSV,AL,ASO,ES,Combined TRACON& Tower with Radar,52,25,17,48,142,0,0,17,7,24,52,25,34,55,166,0,22,22,188
04/18/2023,HSV,AL,ASO,ES,Combined TRACON& Tower with Radar,36,29,16,59,140,0,0,46,15,61,36,29,62,74,201,8,46,54,255
04/19/2023,HSV,AL,ASO,ES,Combined TRACON& Tower with Radar,46,30,22,65,163,0,0,45,8,53,46,30,67,73,216,8,38,46,262
04/20/2023,HSV,AL,ASO,ES,Combined TRACON& Tower with Radar,43,24,22,72,161,0,0,29,13,42,43,24,51,85,203,22,66,88,291
04/21/2023,HSV,AL,ASO,ES,Combined TRACON& Tower with Radar,49,21,15,37,122,0,0,19,14,33,49,21,34,51,155,6,114,120,275
04/22/2023,HSV,AL,ASO,ES,Combined TRACON& Tower with Radar,38,16,19,0,73,0,0,48,0,48,38,16,67,0,121,32,0,32,153
04/23/2023,HSV,AL,ASO,ES,Combined TRACON& Tower with Radar,43,22,17,13,95,0,0,19,7,26,43,22,36,20,121,6,0,6,127
04/24/2023,HSV,AL,ASO,ES,Combined TRACON& Tower with Radar,51,24,13,39,127,0,1,37,7,45,51,25,50,46,172,4,58,62,234
04/25/2023,HSV,AL,ASO,ES,Combined TRACON& Tower with Radar,40,27,45,26,138,0,0,44,17,61,40,27,89,43,199,1,74,75,274
04/26/2023,HSV,AL,ASO,ES,Combined TRACON& Tower with Radar,42,30,32,27,131,0,0,9,2,11,42,30,41,29,142,8,66,74,216
04/27/2023,HSV,AL,ASO,ES,Combined TRACON& Tower with Radar,51,21,19,22,113,0,0,0,0,0,51,21,19,22,113,10,0,10,123
04/28/2023,HSV,AL,ASO,ES,Combined TRACON& Tower with Radar,45,24,35,46,150,0,0,25,5,30,45,24,60,51,180,68,10,78,258
04/29/2023,HSV,AL,ASO,ES,Combined TRACON& Tower with Radar,34,23,21,2,80,0,0,29,3,32,34,23,50,5,112,0,0,0,112
04/30/2023,HSV,AL,ASO,ES,Combined TRACON& Tower with Radar,45,22,8,9,84,0,0,12,10,22,45,22,20,19,106,22,6,28,134
05/01/2023,HSV,AL,ASO,ES,Combined TRACON& Tower with Radar,51,26,18,19,114,0,0,18,4,22,51,26,36,23,136,0,16,16,152
05/02/2023,HSV,AL,ASO,ES,Combined TRACON& Tower with Radar,39,30,19,23,111,0,0,15,13,28,39,30,34,36,139,28,44,72,211
05/03/2023,HSV,AL,ASO,ES,Combined TRACON& Tower with Radar,46,32,17,61,156,0,8,47,19,74,46,40,64,80,230,12,120,132,362
05/04/2023,HSV,AL,ASO,ES,Combined TRACON& Tower with Radar,45,23,32,57,157,0,1,44,11,56,45,24,76,68,213,24,64,88,301
05/05/2023,HSV,AL,ASO,ES,Combined TRACON& Tower with Radar,45,32,35,27,139,0,0,4,1,5,45,32,39,28,144,20,20,40,184
05/06/2023,HSV,AL,ASO,ES,Combined TRACON& Tower with Radar,26,25,16,0,67,0,0,22,0,22,26,25,38,0,89,14,0,14,103
05/07/2023,HSV,AL,ASO,ES,Combined TRACON& Tower with Radar,42,25,26,1,94,0,0,19,1,20,42,25,45,2,114,10,0,10,124
05/08/2023,HSV,AL,ASO,ES,Combined TRACON& Tower with Radar,46,34,22,23,125,0,0,9,1,10,46,34,31,24,135,0,48,48,183
05/09/2023,HSV,AL,ASO,ES,Combined TRACON& Tower with Radar,39,36,15,35,125,0,0,15,0,15,39,36,30,35,140,0,4,4,144
05/10/2023,HSV,AL,ASO,ES,Combined TRACON& Tower with Radar,42,34,17,64,157,0,1,24,20,45,42,35,41,84,202,4,120,124,326
05/11/2023,HSV,AL,ASO,ES,Combined TRACON& Tower with Radar,43,35,29,16,123,0,0,9,3,12,43,35,38,19,135,8,8,16,151
05/12/2023,HSV,AL,ASO,ES,Combined TRACON& Tower with Radar,48,26,16,2,92,0,0,8,0,8,48,26,24,2,100,0,0,0,100
05/13/2023,HSV,AL,ASO,ES,Combined TRACON& Tower with Radar,29,31,22,0,82,0,1,28,0,29,29,32,50,0,111,0,0,0,111
05/14/2023,HSV,AL,ASO,ES,Combined TRACON& Tower with Radar,42,21,8,0,71,0,0,16,2,18,42,21,24,2,89,0,0,0,89
05/15/2023,HSV,AL,ASO,ES,Combined TRACON& Tower with Radar,48,28,18,14,108,1,0,22,4,27,49,28,40,18,135,8,26,34,169
05/16/2023,HSV,AL,ASO,ES,Combined TRACON& Tower with Radar,42,29,24,32,127,0,0,16,12,28,42,29,40,44,155,14,96,110,265
05/17/2023,HSV,AL,ASO,ES,Combined TRACON& Tower with Radar,45,30,21,70,166,0,0,19,4,23,45,30,40,74,189,14,30,44,233
05/18/2023,HSV,AL,ASO,ES,Combined TRACON& Tower with Radar,47,28,17,12,104,0,0,11,2,13,47,28,28,14,117,0,32,32,149
05/19/2023,HSV,AL,ASO,ES,Combined TRACON& Tower with Radar,45,30,24,13,112,0,0,5,2,7,45,30,29,15,119,34,10,44,163
05/20/2023,HSV,AL,ASO,ES,Combined TRACON& Tower with Radar,31,28,6,25,90,0,0,0,0,0,31,28,6,25,90,0,0,0,90
05/21/2023,HSV,AL,ASO,ES,Combined TRACON& Tower with Radar,42,26,23,24,115,0,0,41,1,42,42,26,64,25,157,44,0,44,201
05/22/2023,HSV,AL,ASO,ES,Combined TRACON& Tower with Radar,44,39,28,11,122,0,0,26,5,31,44,39,54,16,153,14,46,60,213
05/23/2023,HSV,AL,ASO,ES,Combined TRACON& Tower with Radar,40,32,17,3,92,0,0,26,2,28,40,32,43,5,120,54,0,54,174
05/24/2023,HSV,AL,ASO,ES,Combined TRACON& Tower with Radar,42,34,26,41,143,0,1,37,19,57,42,35,63,60,200,18,56,74,274
05/25/2023,HSV,AL,ASO,ES,Combined TRACON& Tower with Radar,44,28,18,44,134,0,5,42,15,62,44,33,60,59,196,28,82,110,306
05/26/2023,HSV,AL,ASO,ES,Combined TRACON& Tower with Radar,44,31,23,0,98,0,4,22,2,28,44,35,45,2,126,6,0,6,132
05/27/2023,HSV,AL,ASO,ES,Combined TRACON& Tower with Radar,25,32,8,0,65,0,3,25,0,28,25,35,33,0,93,32,0,32,125
05/28/2023,HSV,AL,ASO,ES,Combined TRACON& Tower with Radar,35,29,19,0,83,0,0,32,0,32,35,29,51,0,115,38,0,38,153
05/29/2023,HSV,AL,ASO,ES,Combined TRACON& Tower with Radar,39,27,27,0,93,0,0,15,0,15,39,27,42,0,108,14,0,14,122
05/30/2023,HSV,AL,ASO,ES,Combined TRACON& Tower with Radar,36,30,11,8,85,0,0,27,7,34,36,30,38,15,119,16,4,20,139
05/31/2023,HSV,AL,ASO,ES,Combined TRACON& Tower with Radar,38,35,30,29,132,0,6,32,12,50,38,41,62,41,182,72,16,88,270
06/01/2023,HSV,AL,ASO,ES,Combined TRACON& Tower with Radar,40,33,35,26,134,0,6,25,3,34,40,39,60,29,168,20,26,46,214
06/02/2023,HSV,AL,ASO,ES,Combined TRACON& Tower with Radar,44,26,28,26,124,0,12,38,17,67,44,38,66,43,191,100,38,138,329
06/03/2023,HSV,AL,ASO,ES,Combined TRACON& Tower with Radar,28,24,17,19,88,0,4,38,3,45,28,28,55,22,133,56,40,96,229
06/04/2023,HSV,AL,ASO,ES,Combined TRACON& Tower with Radar,42,26,29,7,104,0,0,28,3,31,42,26,57,10,135,0,0,0,135
06/05/2023,HSV,AL,ASO,ES,Combined TRACON& Tower with Radar,44,36,13,14,107,0,0,31,4,35,44,36,44,18,142,8,12,20,162
06/06/2023,HSV,AL,ASO,ES,Combined TRACON& Tower with Radar,39,31,5,25,100,0,2,27,10,39,39,33,32,35,139,30,45,75,214
06/07/2023,HSV,AL,ASO,ES,Combined TRACON& Tower with Radar,39,33,17,62,151,0,8,24,21,53,39,41,41,83,204,26,102,128,332
06/08/2023,HSV,AL,ASO,ES,Combined TRACON& Tower with Radar,43,31,20,38,132,0,6,40,10,56,43,37,60,48,188,32,30,62,250
06/09/2023,HSV,AL,ASO,ES,Combined TRACON& Tower with Radar,44,32,15,45,136,0,4,48,8,60,44,36,63,53,196,0,0,0,196
06/10/2023,HSV,AL,ASO,ES,Combined TRACON& Tower with Radar,25,35,18,2,80,0,2,33,1,36,25,37,51,3,116,16,0,16,132
06/11/2023,HSV,AL,ASO,ES,Combined TRACON& Tower with Radar,48,25,12,20,105,0,0,6,3,9,48,25,18,23,114,10,0,10,124
06/12/2023,HSV,AL,ASO,ES,Combined TRACON& Tower with Radar,47,38,27,67,179,0,0,17,9,26,47,38,44,76,205,8,148,156,361
06/13/2023,HSV,AL,ASO,ES,Combined TRACON& Tower with Radar,41,38,15,48,142,0,4,46,6,56,41,42,61,54,198,0,0,0,198
06/14/2023,HSV,AL,ASO,ES,Combined TRACON& Tower with Radar,38,37,16,10,101,0,0,8,2,10,38,37,24,12,111,0,0,0,111
06/15/2023,HSV,AL,ASO,ES,Combined TRACON& Tower with Radar,43,30,15,26,114,0,0,10,5,15,43,30,25,31,129,16,4,20,149
06/16/2023,HSV,AL,ASO,ES,Combined TRACON& Tower with Radar,42,40,22,58,162,0,2,42,14,58,42,42,64,72,220,0,0,0,220
06/17/2023,HSV,AL,ASO,ES,Combined TRACON& Tower with Radar,27,31,18,0,76,0,0,46,1,47,27,31,64,1,123,0,0,0,123
06/18/2023,HSV,AL,ASO,ES,Combined TRACON& Tower with Radar,39,32,11,2,84,0,0,11,1,12,39,32,22,3,96,0,0,0,96
06/19/2023,HSV,AL,ASO,ES,Combined TRACON& Tower with Radar,41,29,12,2,84,0,0,16,2,18,41,29,28,4,102,0,0,0,102
06/20/2023,HSV,AL,ASO,ES,Combined TRACON& Tower with Radar,37,33,33,18,121,0,0,7,8,15,37,33,40,26,136,0,0,0,136
06/21/2023,HSV,AL,ASO,ES,Combined TRACON& Tower with Radar,45,26,20,6,97,0,0,4,2,6,45,26,24,8,103,0,0,0,103
06/22/2023,HSV,AL,ASO,ES,Combined TRACON& Tower with Radar,47,29,19,13,108,0,0,7,4,11,47,29,26,17,119,4,8,12,131
06/23/2023,HSV,AL,ASO,ES,Combined TRACON& Tower with Radar,40,26,44,39,149,0,4,32,3,39,40,30,76,42,188,32,22,54,242
06/24/2023,HSV,AL,ASO,ES,Combined TRACON& Tower with Radar,25,31,11,0,67,0,0,52,0,52,25,31,63,0,119,0,0,0,119
06/25/2023,HSV,AL,ASO,ES,Combined TRACON& Tower with Radar,47,30,14,2,93,0,0,16,0,16,47,30,30,2,109,0,0,0,109
06/26/2023,HSV,AL,ASO,ES,Combined TRACON& Tower with Radar,39,38,17,19,113,0,1,26,11,38,39,39,43,30,151,0,0,0,151
06/27/2023,HSV,AL,ASO,ES,Combined TRACON& Tower with Radar,32,30,19,19,100,0,0,42,15,57,32,30,61,34,157,22,64,86,243
06/28/2023,HSV,AL,ASO,ES,Combined TRACON& Tower with Radar,39,28,35,36,138,0,0,69,3,72,39,28,104,39,210,50,32,82,292
06/29/2023,HSV,AL,ASO,ES,Combined TRACON& Tower with Radar,49,32,18,44,143,0,0,41,5,46,49,32,59,49,189,4,64,68,257
06/30/2023,HSV,AL,ASO,ES,Combined TRACON& Tower with Radar,48,31,38,41,158,0,0,31,13,44,48,31,69,54,202,34,88,122,324
07/01/2023,HSV,AL,ASO,ES,Combined TRACON& Tower with Radar,31,30,21,0,82,0,0,19,0,19,31,30,40,0,101,0,0,0,101
07/02/2023,HSV,AL,ASO,ES,Combined TRACON& Tower with Radar,38,24,14,6,82,0,0,9,0,9,38,24,23,6,91,2,0,2,93
07/03/2023,HSV,AL,ASO,ES,Combined TRACON& Tower with Radar,38,22,2,0,62,0,0,1,0,1,38,22,3,0,63,0,0,0,63
07/04/2023,HSV,AL,ASO,ES,Combined TRACON& Tower with Radar,31,26,11,0,68,0,0,14,0,14,31,26,25,0,82,0,0,0,82
07/05/2023,HSV,AL,ASO,ES,Combined TRACON& Tower with Radar,37,25,6,35,103,0,0,14,3,17,37,25,20,38,120,0,36,36,156
07/06/2023,HSV,AL,ASO,ES,Combined TRACON& Tower with Radar,42,25,11,22,100,0,0,19,3,22,42,25,30,25,122,0,0,0,122
07/07/2023,HSV,AL,ASO,ES,Combined TRACON& Tower with Radar,43,28,20,18,109,0,0,31,0,31,43,28,51,18,140,0,0,0,140
07/08/2023,HSV,AL,ASO,ES,Combined TRACON& Tower with Radar,33,25,10,0,68,0,1,23,0,24,33,26,33,0,92,0,0,0,92
07/09/2023,HSV,AL,ASO,ES,Combined TRACON& Tower with Radar,43,24,20,1,88,0,0,7,1,8,43,24,27,2,96,0,0,0,96
07/10/2023,HSV,AL,ASO,ES,Combined TRACON& Tower with Radar,48,26,14,47,135,0,1,30,4,35,48,27,44,51,170,16,36,52,222
07/11/2023,HSV,AL,ASO,ES,Combined TRACON& Tower with Radar,49,34,25,47,155,0,0,33,9,42,49,34,58,56,197,0,0,0,197
07/12/2023,HSV,AL,ASO,ES,Combined TRACON& Tower with Radar,44,30,28,46,148,0,0,28,7,35,44,30,56,53,183,10,32,42,225
07/13/2023,HSV,AL,ASO,ES,Combined TRACON& Tower with Radar,47,29,30,32,138,0,0,16,11,27,47,29,46,43,165,4,28,32,197
07/14/2023,HSV,AL,ASO,ES,Combined TRACON& Tower with Radar,41,29,27,26,123,0,0,11,9,20,41,29,38,35,143,0,0,0,143
07/15/2023,HSV,AL,ASO,ES,Combined TRACON& Tower with Radar,32,28,14,4,78,0,0,15,0,15,32,28,29,4,93,0,0,0,93
07/16/2023,HSV,AL,ASO,ES,Combined TRACON& Tower with Radar,42,27,19,22,110,0,0,25,3,28,42,27,44,25,138,28,0,28,166
07/17/2023,HSV,AL,ASO,ES,Combined TRACON& Tower with Radar,46,24,21,21,112,0,0,29,9,38,46,24,50,30,150,0,0,0,150
07/18/2023,HSV,AL,ASO,ES,Combined TRACON& Tower with Radar,45,36,29,23,133,1,0,44,7,52,46,36,73,30,185,38,6,44,229
07/19/2023,HSV,AL,ASO,ES,Combined TRACON& Tower with Radar,46,35,19,11,111,0,2,29,3,34,46,37,48,14,145,42,0,42,187
07/20/2023,HSV,AL,ASO,ES,Combined TRACON& Tower with Radar,47,31,19,5,102,0,0,11,7,18,47,31,30,12,120,8,0,8,128
07/21/2023,HSV,AL,ASO,ES,Combined TRACON& Tower with Radar,50,31,23,17,121,0,0,22,3,25,50,31,45,20,146,0,0,0,146
07/22/2023,HSV,AL,ASO,ES,Combined TRACON& Tower with Radar,31,34,19,0,84,0,0,25,0,25,31,34,44,0,109,0,0,0,109
07/23/2023,HSV,AL,ASO,ES,Combined TRACON& Tower with Radar,44,26,24,9,103,0,0,49,6,55,44,26,73,15,158,30,8,38,196
07/24/2023,HSV,AL,ASO,ES,Combined TRACON& Tower with Radar,43,30,14,72,159,0,0,38,14,52,43,30,52,86,211,0,0,0,211
07/25/2023,HSV,AL,ASO,ES,Combined TRACON& Tower with Radar,41,37,24,35,137,0,3,36,9,48,41,40,60,44,185,10,30,40,225
07/26/2023,HSV,AL,ASO,ES,Combined TRACON& Tower with Radar,47,31,19,57,154,0,0,40,8,48,47,31,59,65,202,10,82,92,294
07/27/2023,HSV,AL,ASO,ES,Combined TRACON& Tower with Radar,46,33,16,48,143,0,4,33,16,53,46,37,49,64,196,52,66,118,314
07/28/2023,HSV,AL,ASO,ES,Combined TRACON& Tower with Radar,48,28,9,76,161,0,0,29,4,33,48,28,38,80,194,32,54,86,280
07/29/2023,HSV,AL,ASO,ES,Combined TRACON& Tower with Radar,29,28,22,7,86,0,0,37,2,39,29,28,59,9,125,0,0,0,125
07/30/2023,HSV,AL,ASO,ES,Combined TRACON& Tower with Radar,46,34,25,15,120,0,0,26,2,28,46,34,51,17,148,26,4,30,178
07/31/2023,HSV,AL,ASO,ES,Combined TRACON& Tower with Radar,45,28,14,62,149,0,0,31,14,45,45,28,45,76,194,30,84,114,308
08/01/2023,HSV,AL,ASO,ES,Combined TRACON& Tower with Radar,38,38,21,44,141,0,0,44,10,54,38,38,65,54,195,14,66,80,275
08/02/2023,HSV,AL,ASO,ES,Combined TRACON& Tower with Radar,43,30,34,57,164,0,4,39,7,50,43,34,73,64,214,12,38,50,264
08/03/2023,HSV,AL,ASO,ES,Combined TRACON& Tower with Radar,50,30,8,6,94,0,0,12,0,12,50,30,20,6,106,34,0,34,140
08/04/2023,HSV,AL,ASO,ES,Combined TRACON& Tower with Radar,46,28,15,27,116,0,0,3,3,6,46,28,18,30,122,0,0,0,122
08/05/2023,HSV,AL,ASO,ES,Combined TRACON& Tower with Radar,26,31,18,0,75,0,0,21,4,25,26,31,39,4,100,0,0,0,100
08/06/2023,HSV,AL,ASO,ES,Combined TRACON& Tower with Radar,43,32,18,15,108,0,0,8,3,11,43,32,26,18,119,4,10,14,133
08/07/2023,HSV,AL,ASO,ES,Combined TRACON& Tower with Radar,41,32,16,1,90,0,0,18,0,18,41,32,34,1,108,0,0,0,108
08/08/2023,HSV,AL,ASO,ES,Combined TRACON& Tower with Radar,35,32,16,13,96,0,0,8,1,9,35,32,24,14,105,0,0,0,105
08/09/2023,HSV,AL,ASO,ES,Combined TRACON& Tower with Radar,38,36,11,25,110,0,0,2,2,4,38,36,13,27,114,0,16,16,130
08/10/2023,HSV,AL,ASO,ES,Combined TRACON& Tower with Radar,48,36,21,8,113,0,0,15,1,16,48,36,36,9,129,0,8,8,137
08/11/2023,HSV,AL,ASO,ES,Combined TRACON& Tower with Radar,45,28,26,31,130,0,0,17,8,25,45,28,43,39,155,0,0,0,155
08/12/2023,HSV,AL,ASO,ES,Combined TRACON& Tower with Radar,31,28,11,2,72,0,0,18,3,21,31,28,29,5,93,0,0,0,93
08/13/2023,HSV,AL,ASO,ES,Combined TRACON& Tower with Radar,43,37,14,13,107,0,0,9,7,16,43,37,23,20,123,0,10,10,133
08/14/2023,HSV,AL,ASO,ES,Combined TRACON& Tower with Radar,44,33,15,23,115,0,0,31,4,35,44,33,46,27,150,9,16,25,175
08/15/2023,HSV,AL,ASO,ES,Combined TRACON& Tower with Radar,37,40,26,41,144,0,2,22,8,32,37,42,48,49,176,10,47,57,233
08/16/2023,HSV,AL,ASO,ES,Combined TRACON& Tower with Radar,43,35,30,25,133,0,0,38,4,42,43,35,68,29,175,30,10,40,215
08/17/2023,HSV,AL,ASO,ES,Combined TRACON& Tower with Radar,46,30,35,71,182,0,0,32,13,45,46,30,67,84,227,0,140,140,367
08/18/2023,HSV,AL,ASO,ES,Combined TRACON& Tower with Radar,46,30,20,56,152,0,0,37,13,50,46,30,57,69,202,2,76,78,280
08/19/2023,HSV,AL,ASO,ES,Combined TRACON& Tower with Radar,30,29,15,0,74,0,0,38,2,40,30,29,53,2,114,26,0,26,140
08/20/2023,HSV,AL,ASO,ES,Combined TRACON& Tower with Radar,43,33,20,2,98,0,0,19,1,20,43,33,39,3,118,0,0,0,118
08/21/2023,HSV,AL,ASO,ES,Combined TRACON& Tower with Radar,45,40,20,33,138,0,0,26,18,44,45,40,46,51,182,24,92,116,298
08/22/2023,HSV,AL,ASO,ES,Combined TRACON& Tower with Radar,38,34,19,26,117,0,0,24,10,34,38,34,43,36,151,24,44,68,219
08/23/2023,HSV,AL,ASO,ES,Combined TRACON& Tower with Radar,38,33,36,18,125,0,0,46,5,51,38,33,82,23,176,0,0,0,176
08/24/2023,HSV,AL,ASO,ES,Combined TRACON& Tower with Radar,42,27,14,51,134,0,0,16,19,35,42,27,30,70,169,0,72,72,241
08/25/2023,HSV,AL,ASO,ES,Combined TRACON& Tower with Radar,40,36,19,3,98,0,0,41,2,43,40,36,60,5,141,24,10,34,175
08/26/2023,HSV,AL,ASO,ES,Combined TRACON& Tower with Radar,28,30,12,1,71,0,0,25,1,26,28,30,37,2,97,38,0,38,135
08/27/2023,HSV,AL,ASO,ES,Combined TRACON& Tower with Radar,41,31,9,5,86,0,0,16,1,17,41,31,25,6,103,6,0,6,109
08/28/2023,HSV,AL,ASO,ES,Combined TRACON& Tower with Radar,47,35,8,5,95,0,0,2,1,3,47,35,10,6,98,0,0,0,98
08/29/2023,HSV,AL,ASO,ES,Combined TRACON& Tower with Radar,41,34,19,22,116,0,0,7,1,8,41,34,26,23,124,0,0,0,124
08/30/2023,HSV,AL,ASO,ES,Combined TRACON& Tower with Radar,41,30,21,41,133,0,0,29,15,44,41,30,50,56,177,44,37,81,258
08/31/2023,HSV,AL,ASO,ES,Combined TRACON& Tower with Radar,41,35,26,49,151,0,0,34,27,61,41,35,60,76,212,2,122,124,336
01/01/2020,HSV,AL,ASO,CE,Combined TRACON& Tower with Radar,24,21,9,0,54,0,0,24,0,24,24,21,33,0,78,0,0,0,78
01/02/2020,HSV,AL,ASO,CE,Combined TRACON& Tower with Radar,35,23,3,0,61,0,0,0,0,0,35,23,3,0,61,0,0,0,61
01/03/2020,HSV,AL,ASO,CE,Combined TRACON& Tower with Radar,40,21,7,22,90,0,0,0,0,0,40,21,7,22,90,0,0,0,90
01/04/2020,HSV,AL,ASO,CE,Combined TRACON& Tower with Radar,29,16,13,0,58,0,0,3,0,3,29,16,16,0,61,0,0,0,61
01/05/2020,HSV,AL,ASO,CE,Combined TRACON& Tower with Radar,41,19,21,2,83,0,2,36,2,40,41,21,57,4,123,12,0,12,135
01/06/2020,HSV,AL,ASO,CE,Combined TRACON& Tower with Radar,53,18,3,17,91,0,0,19,8,27,53,18,22,25,118,6,84,90,208
01/07/2020,HSV,AL,ASO,CE,Combined TRACON& Tower with Radar,46,21,20,17,104,0,2,12,9,23,46,23,32,26,127,8,88,96,223
01/08/2020,HSV,AL,ASO,CE,Combined TRACON& Tower with Radar,45,23,17,28,113,0,0,29,13,42,45,23,46,41,155,36,64,100,255
01/09/2020,HSV,AL,ASO,CE,Combined TRACON& Tower with Radar,50,24,12,23,109,0,0,14,18,32,50,24,26,41,141,0,132,132,273
01/10/2020,HSV,AL,ASO,CE,Combined TRACON& Tower with Radar,53,22,15,0,90,0,0,2,0,2,53,22,17,0,92,0,0,0,92
01/11/2020,HSV,AL,ASO,CE,Combined TRACON& Tower with Radar,32,14,0,0,46,0,0,1,0,1,32,14,1,0,47,0,0,0,47
01/12/2020,HSV,AL,ASO,CE,Combined TRACON& Tower with Radar,44,24,19,0,87,0,0,40,0,40,44,24,59,0,127,16,0,16,143
01/13/2020,HSV,AL,ASO,CE,Combined TRACON& Tower with Radar,50,22,22,31,125,0,0,25,8,33,50,22,47,39,158,10,96,106,264
01/14/2020,HSV,AL,ASO,CE,Combined TRACON& Tower with Radar,46,18,10,30,104,0,0,2,1,3,46,18,12,31,107,28,18,46,153
01/15/2020,HSV,AL,ASO,CE,Combined TRACON& Tower with Radar,48,21,34,15,118,0,0,10,3,13,48,21,44,18,131,14,60,74,205
01/16/2020,HSV,AL,ASO,CE,Combined TRACON& Tower with Radar,55,19,23,21,118,0,0,25,26,51,55,19,48,47,169,12,150,162,331
01/17/2020,HSV,AL,ASO,CE,Combined TRACON& Tower with Radar,57,22,18,40,137,0,0,37,10,47,57,22,55,50,184,10,6,16,200
01/18/2020,HSV,AL,ASO,CE,Combined TRACON& Tower with Radar,24,25,2,0,51,0,0,0,0,0,24,25,2,0,51,0,0,0,51
01/19/2020,HSV,AL,ASO,CE,Combined TRACON& Tower with Radar,32,18,6,7,63,0,0,26,0,26,32,18,32,7,89,16,6,22,111
01/20/2020,HSV,AL,ASO,CE,Combined TRACON& Tower with Radar,48,25,21,1,95,0,0,10,0,10,48,25,31,1,105,34,0,34,139
01/21/2020,HSV,AL,ASO,CE,Combined TRACON& Tower with Radar,43,22,26,14,105,0,0,33,10,43,43,22,59,24,148,8,6,14,162
01/22/2020,HSV,AL,ASO,CE,Combined TRACON& Tower with Radar,45,21,25,48,139,0,2,40,11,53,45,23,65,59,192,6,61,67,259
01/23/2020,HSV,AL,ASO,CE,Combined TRACON& Tower with Radar,51,24,14,29,118,0,0,0,3,3,51,24,14,32,121,0,8,8,129
01/24/2020,HSV,AL,ASO,CE,Combined TRACON& Tower with Radar,52,25,13,4,94,0,0,5,3,8,52,25,18,7,102,22,0,22,124
01/25/2020,HSV,AL,ASO,CE,Combined TRACON& Tower with Radar,30,17,14,10,71,0,0,19,2,21,30,17,33,12,92,0,16,16,108
01/26/2020,HSV,AL,ASO,CE,Combined TRACON& Tower with Radar,47,23,14,5,89,0,0,20,1,21,47,23,34,6,110,62,0,62,172
01/27/2020,HSV,AL,ASO,CE,Combined TRACON& Tower with Radar,49,26,17,17,109,0,0,13,5,18,49,26,30,22,127,6,20,26,153
01/28/2020,HSV,AL,ASO,CE,Combined TRACON& Tower with Radar,45,21,23,20,109,0,0,47,12,59,45,21,70,32,168,8,90,98,266
01/29/2020,HSV,AL,ASO,CE,Combined TRACON& Tower with Radar,47,23,16,40,126,0,2,12,4,18,47,25,28,44,144,6,121,127,271
01/30/2020,HSV,AL,ASO,CE,Combined TRACON& Tower with Radar,51,19,22,11,103,0,2,37,4,43,51,21,59,15,146,24,70,94,240
01/31/2020,HSV,AL,ASO,CE,Combined TRACON& Tower with Radar,51,23,16,47,137,0,0,14,10,24,51,23,30,57,161,12,74,86,247
02/01/2020,HSV,AL,ASO,ES,Combined TRACON& Tower with Radar,25,16,20,4,65,0,0,11,1,12,25,16,31,5,77,0,0,0,77
02/02/2020,HSV,AL,ASO,ES,Combined TRACON& Tower with Radar,40,22,14,0,76,0,0,48,0,48,40,22,62,0,124,18,0,18,142
02/03/2020,HSV,AL,ASO,ES,Combined TRACON& Tower with Radar,48,23,21,30,122,0,0,42,6,48,48,23,63,36,170,24,74,98,268
02/04/2020,HSV,AL,ASO,ES,Combined TRACON& Tower with Radar,43,21,21,4,89,0,0,0,3,3,43,21,21,7,92,4,0,4,96
02/05/2020,HSV,AL,ASO,ES,Combined TRACON& Tower with Radar,45,25,14,4,88,0,0,0,0,0,45,25,14,4,88,0,0,0,88
02/06/2020,HSV,AL,ASO,ES,Combined TRACON& Tower with Radar,53,26,12,10,101,0,0,1,1,2,53,26,13,11,103,0,0,0,103
02/07/2020,HSV,AL,ASO,ES,Combined TRACON& Tower with Radar,46,24,19,2,91,0,1,14,5,20,46,25,33,7,111,28,46,74,185
02/08/2020,HSV,AL,ASO,ES,Combined TRACON& Tower with Radar,29,19,17,13,78,0,2,33,3,38,29,21,50,16,116,46,6,52,168
02/09/2020,HSV,AL,ASO,ES,Combined TRACON& Tower with Radar,44,21,21,11,97,0,6,42,1,49,44,27,63,12,146,6,4,10,156
02/10/2020,HSV,AL,ASO,ES,Combined TRACON& Tower with Radar,50,23,7,5,85,0,0,0,0,0,50,23,7,5,85,0,0,0,85
02/11/2020,HSV,AL,ASO,ES,Combined TRACON& Tower with Radar,43,31,9,14,97,0,0,1,0,1,43,31,10,14,98,0,0,0,98
02/12/2020,HSV,AL,ASO,ES,Combined TRACON& Tower with Radar,47,18,11,2,78,0,0,0,0,0,47,18,11,2,78,0,4,4,82
02/13/2020,HSV,AL,ASO,ES,Combined TRACON& Tower with Radar,44,27,20,24,115,0,0,4,6,10,44,27,24,30,125,0,28,28,153
02/14/2020,HSV,AL,ASO,ES,Combined TRACON& Tower with Radar,47,28,20,25,120,0,3,52,10,65,47,31,72,35,185,8,58,66,251
02/15/2020,HSV,AL,ASO,ES,Combined TRACON& Tower with Radar,29,20,26,5,80,0,2,63,1,66,29,22,89,6,146,4,0,4,150
02/16/2020,HSV,AL,ASO,ES,Combined TRACON& Tower with Radar,35,23,31,0,89,0,0,40,0,40,35,23,71,0,129,20,0,20,149
02/17/2020,HSV,AL,ASO,ES,Combined TRACON& Tower with Radar,48,29,22,4,103,0,0,7,0,7,48,29,29,4,110,10,6,16,126
02/18/2020,HSV,AL,ASO,ES,Combined TRACON& Tower with Radar,46,28,16,7,97,0,0,0,0,0,46,28,16,7,97,0,0,0,97
02/19/2020,HSV,AL,ASO,ES,Combined TRACON& Tower with Radar,47,30,15,63,155,0,0,8,6,14,47,30,23,69,169,20,50,70,239
02/20/2020,HSV,AL,ASO,ES,Combined TRACON& Tower with Radar,44,28,7,1,80,0,0,0,3,3,44,28,7,4,83,0,0,0,83
02/21/2020,HSV,AL,ASO,ES,Combined TRACON& Tower with Radar,53,32,20,35,140,0,4,41,20,65,53,36,61,55,205,14,90,104,309
02/22/2020,HSV,AL,ASO,ES,Combined TRACON& Tower with Radar,28,22,9,2,61,0,2,65,4,71,28,24,74,6,132,16,0,16,148
02/23/2020,HSV,AL,ASO,ES,Combined TRACON& Tower with Radar,42,23,16,14,95,0,0,22,4,26,42,23,38,18,121,8,4,12,133
02/24/2020,HSV,AL,ASO,ES,Combined TRACON& Tower with Radar,54,27,9,12,102,0,0,0,0,0,54,27,9,12,102,0,0,0,102
02/25/2020,HSV,AL,ASO,ES,Combined TRACON& Tower with Radar,45,28,26,32,131,0,0,22,15,37,45,28,48,47,168,0,140,140,308
02/26/2020,HSV,AL,ASO,ES,Combined TRACON& Tower with Radar,49,32,25,2,108,0,0,2,1,3,49,32,27,3,111,0,0,0,111
02/27/2020,HSV,AL,ASO,ES,Combined TRACON& Tower with Radar,46,33,20,38,137,0,2,27,16,45,46,35,47,54,182,10,106,116,298
02/28/2020,HSV,AL,ASO,ES,Combined TRACON& Tower with Radar,47,29,14,8,98,0,0,19,0,19,47,29,33,8,117,0,0,0,117
02/29/2020,HSV,AL,ASO,ES,Combined TRACON& Tower with Radar,31,23,7,6,67,0,0,52,0,52,31,23,59,6,119,18,8,26,145
03/01/2020,HSV,AL,ASO,ES,Combined TRACON& Tower with Radar,42,24,3,16,85,0,0,30,4,34,42,24,33,20,119,36,4,40,159
03/02/2020,HSV,AL,ASO,ES,Combined TRACON& Tower with Radar,50,25,15,4,94,0,0,0,1,1,50,25,15,5,95,0,0,0,95
03/03/2020,HSV,AL,ASO,ES,Combined TRACON& Tower with Radar,45,29,11,2,87,0,2,10,4,16,45,31,21,6,103,0,0,0,103
03/04/2020,HSV,AL,ASO,ES,Combined TRACON& Tower with Radar,43,35,18,20,116,0,0,8,11,19,43,35,26,31,135,46,58,104,239
03/05/2020,HSV,AL,ASO,ES,Combined TRACON& Tower with Radar,49,31,12,19,111,0,0,21,7,28,49,31,33,26,139,30,160,190,329
03/06/2020,HSV,AL,ASO,ES,Combined TRACON& Tower with Radar,47,30,16,50,143,0,7,29,25,61,47,37,45,75,204,10,138,148,352
03/07/2020,HSV,AL,ASO,ES,Combined TRACON& Tower with Radar,34,33,15,22,104,0,2,60,0,62,34,35,75,22,166,24,0,24,190
03/08/2020,HSV,AL,ASO,ES,Combined TRACON& Tower with Radar,40,31,8,14,93,0,0,47,6,53,40,31,55,20,146,8,4,12,158
03/09/2020,HSV,AL,ASO,ES,Combined TRACON& Tower with Radar,48,30,21,27,126,0,0,19,8,27,48,30,40,35,153,10,48,58,211
03/10/2020,HSV,AL,ASO,ES,Combined TRACON& Tower with Radar,42,32,25,14,113,0,0,4,1,5,42,32,29,15,118,0,26,26,144
03/11/2020,HSV,AL,ASO,ES,Combined TRACON& Tower with Radar,42,27,16,28,113,0,0,0,3,3,42,27,16,31,116,0,0,0,116
03/12/2020,HSV,AL,ASO,ES,Combined TRACON& Tower with Radar,59,29,16,14,118,0,0,0,5,5,59,29,16,19,123,0,0,0,123
03/13/2020,HSV,AL,ASO,ES,Combined TRACON& Tower with Radar,45,29,18,34,126,0,0,5,15,20,45,29,23,49,146,6,106,112,258
03/14/2020,HSV,AL,ASO,ES,Combined TRACON& Tower with Radar,37,25,20,0,82,0,0,23,0,23,37,25,43,0,105,12,0,12,117
03/15/2020,HSV,AL,ASO,ES,Combined TRACON& Tower with Radar,40,29,25,0,94,0,0,1,0,1,40,29,26,0,95,0,0,0,95
03/16/2020,HSV,AL,ASO,ES,Combined TRACON& Tower with Radar,50,28,11,13,102,0,0,6,1,7,50,28,17,14,109,0,0,0,109
03/17/2020,HSV,AL,ASO,ES,Combined TRACON& Tower with Radar,37,32,17,20,106,0,0,10,2,12,37,32,27,22,118,38,0,38,156
03/18/2020,HSV,AL,ASO,ES,Combined TRACON& Tower with Radar,42,27,10,10,89,0,1,12,2,15,42,28,22,12,104,22,30,52,156
03/19/2020,HSV,AL,ASO,ES,Combined TRACON& Tower with Radar,48,28,15,34,125,0,0,8,3,11,48,28,23,37,136,16,74,90,226
03/20/2020,HSV,AL,ASO,ES,Combined TRACON& Tower with Radar,37,29,12,2,80,0,0,0,2,2,37,29,12,4,82,14,0,14,96
03/21/2020,HSV,AL,ASO,ES,Combined TRACON& Tower with Radar,27,25,28,3,83,0,0,4,0,4,27,25,32,3,87,22,0,22,109
03/22/2020,HSV,AL,ASO,ES,Combined TRACON& Tower with Radar,31,20,12,0,63,0,0,33,0,33,31,20,45,0,96,0,0,0,96
03/23/2020,HSV,AL,ASO,ES,Combined TRACON& Tower with Radar,18,29,2,4,53,0,0,0,0,0,18,29,2,4,53,0,0,0,53
03/24/2020,HSV,AL,ASO,ES,Combined TRACON& Tower with Radar,21,29,0,0,50,0,0,2,3,5,21,29,2,3,55,10,0,10,65
03/25/2020,HSV,AL,ASO,ES,Combined TRACON& Tower with Radar,18,28,20,14,80,0,0,22,4,26,18,28,42,18,106,32,34,66,172
03/26/2020,HSV,AL,ASO,ES,Combined TRACON& Tower with Radar,24,25,9,21,79,0,0,39,13,52,24,25,48,34,131,2,46,48,179
03/27/2020,HSV,AL,ASO,ES,Combined TRACON& Tower with Radar,19,19,4,22,64,0,2,26,6,34,19,21,30,28,98,38,26,64,162
03/28/2020,HSV,AL,ASO,ES,Combined TRACON& Tower with Radar,18,14,11,16,59,0,0,10,11,21,18,14,21,27,80,24,108,132,212
03/29/2020,HSV,AL,ASO,ES,Combined TRACON& Tower with Radar,15,23,8,0,46,0,0,21,0,21,15,23,29,0,67,0,14,14,81
03/30/2020,HSV,AL,ASO,ES,Combined TRACON& Tower with Radar,17,19,11,10,57,0,2,12,9,23,17,21,23,19,80,0,36,36,116
03/31/2020,HSV,AL,ASO,ES,Combined TRACON& Tower with Radar,19,15,5,16,55,0,0,1,0,1,19,15,6,16,56,2,28,30,86
04/01/2020,HSV,AL,ASO,ES,Combined TRACON& Tower with Radar,19,17,12,14,62,0,0,14,9,23,19,17,26,23,85,6,44,50,135
04/02/2020,HSV,AL,ASO,ES,Combined TRACON& Tower with Radar,19,20,13,11,63,0,1,38,11,50,19,21,51,22,113,26,96,122,235
04/03/2020,HSV,AL,ASO,ES,Combined TRACON& Tower with Radar,21,20,2,19,62,0,1,23,6,30,21,21,25,25,92,2,70,72,164
04/04/2020,HSV,AL,ASO,ES,Combined TRACON& Tower with Radar,14,10,7,4,35,0,0,28,3,31,14,10,35,7,66,0,42,42,108
04/05/2020,HSV,AL,ASO,ES,Combined TRACON& Tower with Radar,12,15,3,0,30,0,0,15,2,17,12,15,18,2,47,0,0,0,47
04/06/2020,HSV,AL,ASO,ES,Combined TRACON& Tower with Radar,20,19,11,20,70,0,0,10,2,12,20,19,21,22,82,4,48,52,134
04/07/2020,HSV,AL,ASO,ES,Combined TRACON& Tower with Radar,15,9,13,9,46,0,0,3,3,6,15,9,16,12,52,12,24,36,88
04/08/2020,HSV,AL,ASO,ES,Combined TRACON& Tower with Radar,17,8,10,15,50,0,0,1,0,1,17,8,11,15,51,0,0,0,51
04/09/2020,HSV,AL,ASO,ES,Combined TRACON& Tower with Radar,14,6,12,16,48,0,0,6,9,15,14,6,18,25,63,6,16,22,85
04/10/2020,HSV,AL,ASO,ES,Combined TRACON& Tower with Radar,17,10,1,30,58,0,0,10,12,22,17,10,11,42,80,6,0,6,86
04/11/2020,HSV,AL,ASO,ES,Combined TRACON& Tower with Radar,14,5,8,19,46,0,0,27,6,33,14,5,35,25,79,20,50,70,149
04/12/2020,HSV,AL,ASO,ES,Combined TRACON& Tower with Radar,11,3,0,0,14,0,0,0,0,0,11,3,0,0,14,0,0,0,14
04/13/2020,HSV,AL,ASO,ES,Combined TRACON& Tower with Radar,15,8,8,20,51,0,0,1,2,3,15,8,9,22,54,0,36,36,90
04/14/2020,HSV,AL,ASO,ES,Combined TRACON& Tower with Radar,19,9,6,21,55,0,0,2,10,12,19,9,8,31,67,8,12,20,87
04/15/2020,HSV,AL,ASO,ES,Combined TRACON& Tower with Radar,15,8,4,35,62,0,0,17,15,32,15,8,21,50,94,4,72,76,170
04/16/2020,HSV,AL,ASO,ES,Combined TRACON& Tower with Radar,11,8,10,36,65,0,0,17,17,34,11,8,27,53,99,2,82,84,183
04/17/2020,HSV,AL,ASO,ES,Combined TRACON& Tower with Radar,12,7,11,36,66,0,0,12,7,19,12,7,23,43,85,6,40,46,131
04/18/2020,HSV,AL,ASO,ES,Combined TRACON& Tower with Radar,9,6,5,18,38,0,0,25,3,28,9,6,30,21,66,16,34,50,116
04/19/2020,HSV,AL,ASO,ES,Combined TRACON& Tower with Radar,9,6,2,0,17,0,0,0,0,0,9,6,2,0,17,0,0,0,17
04/20/2020,HSV,AL,ASO,ES,Combined TRACON& Tower with Radar,10,7,11,26,54,0,0,6,2,8,10,7,17,28,62,2,52,54,116
04/21/2020,HSV,AL,ASO,ES,Combined TRACON& Tower with Radar,14,4,9,16,43,0,0,13,6,19,14,4,22,22,62,4,14,18,80
04/22/2020,HSV,AL,ASO,ES,Combined TRACON& Tower with Radar,7,4,7,17,35,0,0,12,27,39,7,4,19,44,74,20,102,122,196
04/23/2020,HSV,AL,ASO,ES,Combined TRACON& Tower with Radar,14,7,1,8,30,0,0,0,2,2,14,7,1,10,32,0,14,14,46
04/24/2020,HSV,AL,ASO,ES,Combined TRACON& Tower with Radar,10,5,8,35,58,0,0,10,7,17,10,5,18,42,75,6,48,54,129
04/25/2020,HSV,AL,ASO,ES,Combined TRACON& Tower with Radar,14,3,9,2,28,0,0,0,0,0,14,3,9,2,28,0,0,0,28
04/26/2020,HSV,AL,ASO,ES,Combined TRACON& Tower with Radar,10,7,4,2,23,0,0,0,0,0,10,7,4,2,23,0,0,0,23
04/27/2020,HSV,AL,ASO,ES,Combined TRACON& Tower with Radar,13,8,16,30,67,0,0,32,14,46,13,8,48,44,113,30,50,80,193
04/28/2020,HSV,AL,ASO,ES,Combined TRACON& Tower with Radar,14,5,16,12,47,0,0,18,9,27,14,5,34,21,74,6,24,30,104
04/29/2020,HSV,AL,ASO,ES,Combined TRACON& Tower with Radar,13,6,3,6,28,0,0,0,2,2,13,6,3,8,30,0,0,0,30
04/30/2020,HSV,AL,ASO,ES,Combined TRACON& Tower with Radar,13,13,15,28,69,0,0,4,13,17,13,13,19,41,86,4,8,12,98
05/01/2020,HSV,AL,ASO,ES,Combined TRACON& Tower with Radar,15,12,22,24,73,0,0,29,13,42,15,12,51,37,115,44,44,88,203
05/02/2020,HSV,AL,ASO,ES,Combined TRACON& Tower with Radar,14,9,10,14,47,0,0,31,2,33,14,9,41,16,80,8,10,18,98
05/03/2020,HSV,AL,ASO,ES,Combined TRACON& Tower with Radar,14,8,14,0,36,0,0,13,0,13,14,8,27,0,49,0,0,0,49
05/04/2020,HSV,AL,ASO,ES,Combined TRACON& Tower with Radar,14,5,10,21,50,0,0,5,19,24,14,5,15,40,74,0,0,0,74
05/05/2020,HSV,AL,ASO,ES,Combined TRACON& Tower with Radar,16,11,15,53,95,0,0,4,3,7,16,11,19,56,102,2,14,16,118
05/06/2020,HSV,AL,ASO,ES,Combined TRACON& Tower with Radar,16,7,12,32,67,0,0,16,9,25,16,7,28,41,92,38,18,56,148
05/07/2020,HSV,AL,ASO,ES,Combined TRACON& Tower with Radar,15,12,15,54,96,0,0,29,9,38,15,12,44,63,134,0,0,0,134
05/08/2020,HSV,AL,ASO,ES,Combined TRACON& Tower with Radar,13,14,5,35,67,0,0,2,9,11,13,14,7,44,78,0,22,22,100
05/09/2020,HSV,AL,ASO,ES,Combined TRACON& Tower with Radar,17,8,15,29,69,0,1,41,0,42,17,9,56,29,111,0,0,0,111
05/10/2020,HSV,AL,ASO,ES,Combined TRACON& Tower with Radar,12,8,14,0,34,0,0,21,1,22,12,8,35,1,56,0,0,0,56
05/11/2020,HSV,AL,ASO,ES,Combined TRACON& Tower with Radar,15,8,25,11,59,0,0,19,11,30,15,8,44,22,89,22,22,44,133
05/12/2020,HSV,AL,ASO,ES,Combined TRACON& Tower with Radar,17,10,18,31,76,0,0,19,8,27,17,10,37,39,103,0,0,0,103
05/13/2020,HSV,AL,ASO,ES,Combined TRACON& Tower with Radar,14,6,18,27,65,0,0,28,5,33,14,6,46,32,98,20,68,88,186
05/14/2020,HSV,AL,ASO,ES,Combined TRACON& Tower with Radar,17,10,23,27,77,0,0,22,11,33,17,10,45,38,110,18,30,48,158
05/15/2020,HSV,AL,ASO,ES,Combined TRACON& Tower with Radar,14,12,21,14,61,0,0,14,11,25,14,12,35,25,86,2,32,34,120
05/16/2020,HSV,AL,ASO,ES,Combined TRACON& Tower with Radar,16,12,10,12,50,0,0,39,5,44,16,12,49,17,94,6,14,20,114
05/17/2020,HSV,AL,ASO,ES,Combined TRACON& Tower with Radar,12,11,15,2,40,0,0,17,0,17,12,11,32,2,57,10,0,10,67
05/18/2020,HSV,AL,ASO,ES,Combined TRACON& Tower with Radar,18,8,20,12,58,0,0,2,8,10,18,8,22,20,68,0,24,24,92
05/19/2020,HSV,AL,ASO,ES,Combined TRACON& Tower with Radar,17,8,14,21,60,0,0,26,8,34,17,8,40,29,94,18,14,32,126
05/20/2020,HSV,AL,ASO,ES,Combined TRACON& Tower with Radar,15,10,13,23,61,0,0,18,5,23,15,10,31,28,84,6,0,6,90
05/21/2020,HSV,AL,ASO,ES,Combined TRACON& Tower with Radar,16,10,41,39,106,0,0,49,7,56,16,10,90,46,162,70,48,118,280
05/22/2020,HSV,AL,ASO,ES,Combined TRACON& Tower with Radar,14,16,12,4,46,0,0,11,0,11,14,16,23,4,57,0,0,0,57
05/23/2020,HSV,AL,ASO,ES,Combined TRACON& Tower with Radar,14,11,6,5,36,0,0,9,0,9,14,11,15,5,45,12,0,12,57
05/24/2020,HSV,AL,ASO,ES,Combined TRACON& Tower with Radar,14,9,23,0,46,0,0,59,0,59,14,9,82,0,105,4,0,4,109
05/25/2020,HSV,AL,ASO,ES,Combined TRACON& Tower with Radar,13,6,19,0,38,0,0,33,0,33,13,6,52,0,71,0,0,0,71
05/26/2020,HSV,AL,ASO,ES,Combined TRACON& Tower with Radar,17,12,28,6,63,0,0,4,5,9,17,12,32,11,72,0,0,0,72
05/27/2020,HSV,AL,ASO,ES,Combined TRACON& Tower with Radar,14,10,20,24,68,0,0,0,0,0,14,10,20,24,68,0,6,6,74
05/28/2020,HSV,AL,ASO,ES,Combined TRACON& Tower with Radar,16,16,16,37,85,0,0,19,5,24,16,16,35,42,109,28,10,38,147
05/29/2020,HSV,AL,ASO,ES,Combined TRACON& Tower with Radar,14,16,16,15,61,0,0,48,7,55,14,16,64,22,116,24,36,60,176
05/30/2020,HSV,AL,ASO,ES,Combined TRACON& Tower with Radar,14,8,26,0,48,0,0,71,1,72,14,8,97,1,120,34,0,34,154
05/31/2020,HSV,AL,ASO,ES,Combined TRACON& Tower with Radar,14,8,19,0,41,0,0,56,0,56,14,8,75,0,97,20,0,20,117
06/01/2020,HSV,AL,ASO,ES,Combined TRACON& Tower with Radar,16,8,25,60,109,0,0,39,9,48,16,8,64,69,157,34,42,76,233
06/02/2020,HSV,AL,ASO,ES,Combined TRACON& Tower with Radar,18,10,13,72,113,0,0,43,25,68,18,10,56,97,181,4,68,72,253
06/03/2020,HSV,AL,ASO,ES,Combined TRACON& Tower with Radar,16,8,15,45,84,0,2,30,8,40,16,10,45,53,124,28,12,40,164
06/04/2020,HSV,AL,ASO,ES,Combined TRACON& Tower with Radar,18,7,14,38,77,0,0,16,9,25,18,7,30,47,102,0,15,15,117
06/05/2020,HSV,AL,ASO,ES,Combined TRACON& Tower with Radar,16,9,25,16,66,0,0,28,0,28,16,9,53,16,94,4,0,4,98
06/06/2020,HSV,AL,ASO,ES,Combined TRACON& Tower with Radar,16,9,31,3,59,0,0,74,4,78,16,9,105,7,137,8,0,8,145
06/07/2020,HSV,AL,ASO,ES,Combined TRACON& Tower with Radar,16,7,10,8,41,0,0,51,0,51,16,7,61,8,92,0,0,0,92
06/08/2020,HSV,AL,ASO,ES,Combined TRACON& Tower with Radar,17,8,13,13,51,0,0,2,2,4,17,8,15,15,55,0,0,0,55
06/09/2020,HSV,AL,ASO,ES,Combined TRACON& Tower with Radar,10,14,12,17,53,0,0,5,6,11,10,14,17,23,64,0,0,0,64
06/10/2020,HSV,AL,ASO,ES,Combined TRACON& Tower with Radar,13,10,12,13,48,0,0,13,8,21,13,10,25,21,69,0,0,0,69
06/11/2020,HSV,AL,ASO,ES,Combined TRACON& Tower with Radar,19,8,28,48,103,0,0,60,13,73,19,8,88,61,176,7,16,23,199
06/12/2020,HSV,AL,ASO,ES,Combined TRACON& Tower with Radar,17,12,36,34,99,0,0,84,6,90,17,12,120,40,189,24,26,50,239
06/13/2020,HSV,AL,ASO,ES,Combined TRACON& Tower with Radar,16,8,21,17,62,0,0,61,0,61,16,8,82,17,123,10,10,20,143
06/14/2020,HSV,AL,ASO,ES,Combined TRACON& Tower with Radar,16,6,20,0,42,0,0,55,0,55,16,6,75,0,97,16,0,16,113
06/15/2020,HSV,AL,ASO,ES,Combined TRACON& Tower with Radar,17,8,29,31,85,0,0,51,9,60,17,8,80,40,145,4,38,42,187
06/16/2020,HSV,AL,ASO,ES,Combined TRACON& Tower with Radar,20,10,22,47,99,0,0,55,9,64,20,10,77,56,163,10,60,70,233
06/17/2020,HSV,AL,ASO,ES,Combined TRACON& Tower with Radar,16,11,39,39,105,0,0,51,16,67,16,11,90,55,172,21,41,62,234
06/18/2020,HSV,AL,ASO,ES,Combined TRACON& Tower with Radar,18,10,22,72,122,0,0,66,22,88,18,10,88,94,210,24,90,114,324
06/19/2020,HSV,AL,ASO,ES,Combined TRACON& Tower with Radar,18,10,30,15,73,0,0,48,11,59,18,10,78,26,132,28,32,60,192
06/20/2020,HSV,AL,ASO,ES,Combined TRACON& Tower with Radar,15,9,20,0,44,0,0,50,0,50,15,9,70,0,94,24,0,24,118
06/21/2020,HSV,AL,ASO,ES,Combined TRACON& Tower with Radar,15,8,14,0,37,0,0,13,0,13,15,8,27,0,50,0,0,0,50
06/22/2020,HSV,AL,ASO,ES,Combined TRACON& Tower with Radar,16,8,23,17,64,0,0,18,6,24,16,8,41,23,88,14,34,48,136
06/23/2020,HSV,AL,ASO,ES,Combined TRACON& Tower with Radar,19,8,30,21,78,0,0,8,2,10,19,8,38,23,88,14,10,24,112
06/24/2020,HSV,AL,ASO,ES,Combined TRACON& Tower with Radar,18,8,17,28,71,0,0,4,1,5,18,8,21,29,76,0,0,0,76
06/25/2020,HSV,AL,ASO,ES,Combined TRACON& Tower with Radar,18,8,32,16,74,0,0,33,4,37,18,8,65,20,111,40,12,52,163
06/26/2020,HSV,AL,ASO,ES,Combined TRACON& Tower with Radar,18,9,34,14,75,0,0,6,1,7,18,9,40,15,82,0,0,0,82
06/27/2020,HSV,AL,ASO,ES,Combined TRACON& Tower with Radar,16,8,16,0,40,0,0,10,0,10,16,8,26,0,50,0,0,0,50
06/28/2020,HSV,AL,ASO,ES,Combined TRACON& Tower with Radar,14,6,20,3,43,0,0,28,0,28,14,6,48,3,71,8,0,8,79
06/29/2020,HSV,AL,ASO,ES,Combined TRACON& Tower with Radar,18,12,18,22,70,0,0,24,9,33,18,12,42,31,103,0,0,0,103
06/30/2020,HSV,AL,ASO,ES,Combined TRACON& Tower with Radar,20,7,18,4,49,0,0,19,3,22,20,7,37,7,71,10,0,10,81
07/01/2020,HSV,AL,ASO,ES,Combined TRACON& Tower with Radar,16,12,20,26,74,0,0,7,0,7,16,12,27,26,81,0,0,0,81
07/02/2020,HSV,AL,ASO,ES,Combined TRACON& Tower with Radar,22,12,29,41,104,0,0,49,5,54,22,12,78,46,158,24,46,70,228
07/03/2020,HSV,AL,ASO,ES,Combined TRACON& Tower with Radar,20,9,20,0,49,0,0,53,0,53,20,9,73,0,102,26,0,26,128
07/04/2020,HSV,AL,ASO,ES,Combined TRACON& Tower with Radar,17,5,4,0,26,0,0,59,0,59,17,5,63,0,85,10,0,10,95
07/05/2020,HSV,AL,ASO,ES,Combined TRACON& Tower with Radar,16,5,18,0,39,0,0,34,0,34,16,5,52,0,73,46,0,46,119
07/06/2020,HSV,AL,ASO,ES,Combined TRACON& Tower with Radar,21,14,19,3,57,0,0,43,0,43,21,14,62,3,100,12,0,12,112
07/07/2020,HSV,AL,ASO,ES,Combined TRACON& Tower with Radar,22,12,31,63,128,0,0,25,10,35,22,12,56,73,163,22,64,86,249
07/08/2020,HSV,AL,ASO,ES,Combined TRACON& Tower with Radar,24,15,7,44,90,0,0,9,4,13,24,15,16,48,103,0,12,12,115
07/09/2020,HSV,AL,ASO,ES,Combined TRACON& Tower with Radar,32,13,21,39,105,0,0,32,11,43,32,13,53,50,148,38,44,82,230
07/10/2020,HSV,AL,ASO,ES,Combined TRACON& Tower with Radar,27,13,23,25,88,0,0,51,13,64,27,13,74,38,152,44,16,60,212
07/11/2020,HSV,AL,ASO,ES,Combined TRACON& Tower with Radar,24,12,27,0,63,0,0,76,0,76,24,12,103,0,139,2,0,2,141
07/12/2020,HSV,AL,ASO,ES,Combined TRACON& Tower with Radar,22,8,10,1,41,0,0,11,0,11,22,8,21,1,52,0,0,0,52
07/13/2020,HSV,AL,ASO,ES,Combined TRACON& Tower with Radar,30,13,23,34,100,0,0,36,2,38,30,13,59,36,138,24,70,94,232
07/14/2020,HSV,AL,ASO,ES,Combined TRACON& Tower with Radar,26,10,8,32,76,0,0,52,9,61,26,10,60,41,137,4,0,4,141
07/15/2020,HSV,AL,ASO,ES,Combined TRACON& Tower with Radar,23,12,15,12,62,0,0,49,9,58,23,12,64,21,120,14,10,24,144
07/16/2020,HSV,AL,ASO,ES,Combined TRACON& Tower with Radar,30,10,11,26,77,0,0,72,7,79,30,10,83,33,156,22,34,56,212
07/17/2020,HSV,AL,ASO,ES,Combined TRACON& Tower with Radar,28,14,27,26,95,0,0,56,12,68,28,14,83,38,163,30,24,54,217
07/18/2020,HSV,AL,ASO,ES,Combined TRACON& Tower with Radar,23,12,22,0,57,0,0,59,0,59,23,12,81,0,116,0,0,0,116
07/19/2020,HSV,AL,ASO,ES,Combined TRACON& Tower with Radar,22,8,16,0,46,0,0,41,0,41,22,8,57,0,87,12,0,12,99
07/20/2020,HSV,AL,ASO,ES,Combined TRACON& Tower with Radar,43,14,17,20,94,0,0,43,4,47,43,14,60,24,141,0,0,0,141
07/21/2020,HSV,AL,ASO,ES,Combined TRACON& Tower with Radar,35,10,14,17,76,0,0,21,5,26,35,10,35,22,102,0,0,0,102
07/22/2020,HSV,AL,ASO,ES,Combined TRACON& Tower with Radar,22,13,14,12,61,0,0,33,5,38,22,13,47,17,99,34,4,38,137
07/23/2020,HSV,AL,ASO,ES,Combined TRACON& Tower with Radar,33,11,18,10,72,0,0,49,5,54,33,11,67,15,126,4,2,6,132
07/24/2020,HSV,AL,ASO,ES,Combined TRACON& Tower with Radar,28,16,23,26,93,0,0,42,11,53,28,16,65,37,146,36,90,126,272
07/25/2020,HSV,AL,ASO,ES,Combined TRACON& Tower with Radar,25,14,12,3,54,0,0,39,1,40,25,14,51,4,94,0,12,12,106
07/26/2020,HSV,AL,ASO,ES,Combined TRACON& Tower with Radar,26,12,18,14,70,0,0,58,1,59,26,12,76,15,129,8,2,10,139
07/27/2020,HSV,AL,ASO,ES,Combined TRACON& Tower with Radar,32,13,18,15,78,0,0,36,1,37,32,13,54,16,115,8,22,30,145
07/28/2020,HSV,AL,ASO,ES,Combined TRACON& Tower with Radar,30,12,17,26,85,0,0,47,19,66,30,12,64,45,151,14,24,38,189
07/29/2020,HSV,AL,ASO,ES,Combined TRACON& Tower with Radar,24,11,14,26,75,0,0,20,11,31,24,11,34,37,106,8,64,72,178
07/30/2020,HSV,AL,ASO,ES,Combined TRACON& Tower with Radar,24,15,17,13,69,0,0,10,12,22,24,15,27,25,91,2,10,12,103
07/31/2020,HSV,AL,ASO,ES,Combined TRACON& Tower with Radar,26,13,23,16,78,0,0,26,9,35,26,13,49,25,113,30,30,60,173
08/01/2020,HSV,AL,ASO,ES,Combined TRACON& Tower with Radar,25,10,9,0,44,0,0,10,0,10,25,10,19,0,54,0,0,0,54
08/02/2020,HSV,AL,ASO,ES,Combined TRACON& Tower with Radar,29,8,22,4,63,0,0,51,0,51,29,8,73,4,114,0,0,0,114
08/03/2020,HSV,AL,ASO,ES,Combined TRACON& Tower with Radar,41,16,17,7,81,0,0,60,8,68,41,16,77,15,149,0,0,0,149
08/04/2020,HSV,AL,ASO,ES,Combined TRACON& Tower with Radar,22,11,12,19,64,0,0,51,7,58,22,11,63,26,122,64,34,98,220
08/05/2020,HSV,AL,ASO,ES,Combined TRACON& Tower with Radar,25,10,22,35,92,0,0,59,9,68,25,10,81,44,160,10,62,72,232
08/06/2020,HSV,AL,ASO,ES,Combined TRACON& Tower with Radar,29,13,26,45,113,0,0,60,19,79,29,13,86,64,192,4,42,46,238
08/07/2020,HSV,AL,ASO,ES,Combined TRACON& Tower with Radar,32,16,23,40,111,0,0,60,17,77,32,16,83,57,188,2,94,96,284
08/08/2020,HSV,AL,ASO,ES,Combined TRACON& Tower with Radar,25,9,6,21,61,0,0,51,8,59,25,9,57,29,120,4,18,22,142
08/09/2020,HSV,AL,ASO,ES,Combined TRACON& Tower with Radar,27,9,17,5,58,0,0,41,5,46,27,9,58,10,104,0,22,22,126
08/10/2020,HSV,AL,ASO,ES,Combined TRACON& Tower with Radar,34,11,16,29,90,0,0,35,11,46,34,11,51,40,136,0,0,0,136
08/11/2020,HSV,AL,ASO,ES,Combined TRACON& Tower with Radar,24,11,17,22,74,0,0,22,7,29,24,11,39,29,103,0,40,40,143
08/12/2020,HSV,AL,ASO,ES,Combined TRACON& Tower with Radar,24,10,9,11,54,0,0,33,15,48,24,10,42,26,102,20,26,46,148
08/13/2020,HSV,AL,ASO,ES,Combined TRACON& Tower with Radar,28,15,21,17,81,0,0,30,5,35,28,15,51,22,116,8,22,30,146
08/14/2020,HSV,AL,ASO,ES,Combined TRACON& Tower with Radar,30,14,25,4,73,0,0,28,4,32,30,14,53,8,105,0,0,0,105
08/15/2020,HSV,AL,ASO,ES,Combined TRACON& Tower with Radar,23,8,12,5,48,0,0,35,3,38,23,8,47,8,86,34,18,52,138
08/16/2020,HSV,AL,ASO,ES,Combined TRACON& Tower with Radar,29,10,17,11,67,0,0,25,0,25,29,10,42,11,92,0,0,0,92
08/17/2020,HSV,AL,ASO,ES,Combined TRACON& Tower with Radar,28,14,27,35,104,0,0,52,3,55,28,14,79,38,159,0,0,0,159
08/18/2020,HSV,AL,ASO,ES,Combined TRACON& Tower with Radar,25,10,15,33,83,0,0,61,7,68,25,10,76,40,151,38,36,74,225
08/19/2020,HSV,AL,ASO,ES,Combined TRACON& Tower with Radar,24,14,18,16,72,0,0,24,3,27,24,14,42,19,99,6,36,42,141
08/20/2020,HSV,AL,ASO,ES,Combined TRACON& Tower with Radar,28,13,23,25,89,0,0,32,18,50,28,13,55,43,139,6,40,46,185
08/21/2020,HSV,AL,ASO,ES,Combined TRACON& Tower with Radar,30,20,13,13,76,0,0,4,1,5,30,20,17,14,81,6,0,6,87
08/22/2020,HSV,AL,ASO,ES,Combined TRACON& Tower with Radar,23,13,25,6,67,0,0,21,1,22,23,13,46,7,89,40,0,40,129
08/23/2020,HSV,AL,ASO,ES,Combined TRACON& Tower with Radar,27,10,19,7,63,0,0,19,2,21,27,10,38,9,84,8,0,8,92
08/24/2020,HSV,AL,ASO,ES,Combined TRACON& Tower with Radar,28,14,16,19,77,0,0,17,8,25,28,14,33,27,102,38,36,74,176
08/25/2020,HSV,AL,ASO,ES,Combined TRACON& Tower with Radar,25,7,20,13,65,0,0,4,3,7,25,7,24,16,72,0,40,40,112
08/26/2020,HSV,AL,ASO,ES,Combined TRACON& Tower with Radar,26,10,11,13,60,0,0,11,0,11,26,10,22,13,71,0,20,20,91
08/27/2020,HSV,AL,ASO,ES,Combined TRACON& Tower with Radar,31,19,25,29,104,1,0,19,9,29,32,19,44,38,133,10,22,32,165
08/28/2020,HSV,AL,ASO,ES,Combined TRACON& Tower with Radar,32,14,9,30,85,0,0,0,1,1,32,14,9,31,86,0,0,0,86
08/29/2020,HSV,AL,ASO,ES,Combined TRACON& Tower with Radar,23,9,20,0,52,0,0,24,0,24,23,9,44,0,76,20,0,20,96
08/30/2020,HSV,AL,ASO,ES,Combined TRACON& Tower with Radar,31,12,14,0,57,0,0,6,0,6,31,12,20,0,63,0,0,0,63
08/31/2020,HSV,AL,ASO,ES,Combined TRACON& Tower with Radar,30,12,13,9,64,0,0,3,0,3,30,12,16,9,67,8,0,8,75
09/01/2020,HSV,AL,ASO,ES,Combined TRACON& Tower with Radar,21,6,25,8,60,0,0,1,0,1,21,6,26,8,61,0,0,0,61
09/02/2020,HSV,AL,ASO,ES,Combined TRACON& Tower with Radar,25,14,17,47,103,0,0,37,11,48,25,14,54,58,151,0,0,0,151
09/03/2020,HSV,AL,ASO,ES,Combined TRACON& Tower with Radar,28,19,23,37,107,0,0,45,8,53,28,19,68,45,160,14,56,70,230
09/04/2020,HSV,AL,ASO,ES,Combined TRACON& Tower with Radar,32,19,31,16,98,0,1,29,0,30,32,20,60,16,128,12,0,12,140
09/05/2020,HSV,AL,ASO,ES,Combined TRACON& Tower with Radar,21,8,17,2,48,0,0,52,0,52,21,8,69,2,100,6,0,6,106
09/06/2020,HSV,AL,ASO,ES,Combined TRACON& Tower with Radar,27,7,9,0,43,0,0,46,0,46,27,7,55,0,89,0,0,0,89
09/07/2020,HSV,AL,ASO,ES,Combined TRACON& Tower with Radar,24,12,26,0,62,0,0,36,0,36,24,12,62,0,98,2,16,18,116
09/08/2020,HSV,AL,ASO,ES,Combined TRACON& Tower with Radar,24,16,16,47,103,0,1,42,14,57,24,17,58,61,160,14,66,80,240
09/09/2020,HSV,AL,ASO,ES,Combined TRACON& Tower with Radar,27,13,31,37,108,0,0,35,15,50,27,13,66,52,158,16,104,120,278
09/10/2020,HSV,AL,ASO,ES,Combined TRACON& Tower with Radar,26,12,19,63,120,0,0,37,13,50,26,12,56,76,170,58,82,140,310
09/11/2020,HSV,AL,ASO,ES,Combined TRACON& Tower with Radar,28,20,28,31,107,0,0,42,11,53,28,20,70,42,160,28,96,124,284
09/12/2020,HSV,AL,ASO,ES,Combined TRACON& Tower with Radar,24,7,14,6,51,0,0,18,0,18,24,7,32,6,69,16,0,16,85
09/13/2020,HSV,AL,ASO,ES,Combined TRACON& Tower with Radar,26,12,12,3,53,0,0,16,0,16,26,12,28,3,69,0,0,0,69
09/14/2020,HSV,AL,ASO,ES,Combined TRACON& Tower with Radar,28,12,14,29,83,0,0,26,12,38,28,12,40,41,121,4,126,130,251
09/15/2020,HSV,AL,ASO,ES,Combined TRACON& Tower with Radar,27,12,21,48,108,0,0,14,4,18,27,12,35,52,126,26,32,58,184
09/16/2020,HSV,AL,ASO,ES,Combined TRACON& Tower with Radar,26,11,18,5,60,0,0,7,4,11,26,11,25,9,71,0,24,24,95
09/17/2020,HSV,AL,ASO,ES,Combined TRACON& Tower with Radar,26,13,9,5,53,0,0,27,11,38,26,13,36,16,91,20,0,20,111
09/18/2020,HSV,AL,ASO,ES,Combined TRACON& Tower with Radar,28,16,11,41,96,0,0,26,6,32,28,16,37,47,128,14,16,30,158
09/19/2020,HSV,AL,ASO,ES,Combined TRACON& Tower with Radar,24,9,16,6,55,0,0,30,0,30,24,9,46,6,85,0,0,0,85
09/20/2020,HSV,AL,ASO,ES,Combined TRACON& Tower with Radar,28,10,24,36,98,0,0,41,3,44,28,10,65,39,142,0,4,4,146
09/21/2020,HSV,AL,ASO,ES,Combined TRACON& Tower with Radar,28,17,27,42,114,0,0,39,7,46,28,17,66,49,160,0,66,66,226
09/22/2020,HSV,AL,ASO,ES,Combined TRACON& Tower with Radar,26,12,27,51,116,0,0,42,11,53,26,12,69,62,169,4,60,64,233
09/23/2020,HSV,AL,ASO,ES,Combined TRACON& Tower with Radar,26,15,28,80,149,0,0,33,14,47,26,15,61,94,196,14,82,96,292
09/24/2020,HSV,AL,ASO,ES,Combined TRACON& Tower with Radar,26,13,14,1,54,0,0,0,0,0,26,13,14,1,54,0,0,0,54
09/25/2020,HSV,AL,ASO,ES,Combined TRACON& Tower with Radar,29,15,38,24,106,0,0,4,5,9,29,15,42,29,115,2,6,8,123
09/26/2020,HSV,AL,ASO,ES,Combined TRACON& Tower with Radar,24,12,19,8,63,0,0,17,1,18,24,12,36,9,81,20,0,20,101
09/27/2020,HSV,AL,ASO,ES,Combined TRACON& Tower with Radar,26,13,36,14,89,0,0,29,0,29,26,13,65,14,118,4,0,4,122
09/28/2020,HSV,AL,ASO,ES,Combined TRACON& Tower with Radar,28,14,13,31,86,0,0,9,2,11,28,14,22,33,97,0,0,0,97
09/29/2020,HSV,AL,ASO,ES,Combined TRACON& Tower with Radar,25,22,22,22,91,0,0,46,2,48,25,22,68,24,139,0,16,16,155
09/30/2020,HSV,AL,ASO,ES,Combined TRACON& Tower with Radar,27,18,27,32,104,0,0,35,5,40,27,18,62,37,144,12,40,52,196
10/01/2020,HSV,AL,ASO,ES,Combined TRACON& Tower with Radar,29,17,21,37,104,0,0,41,8,49,29,17,62,45,153,22,36,58,211
10/02/2020,HSV,AL,ASO,ES,Combined TRACON& Tower with Radar,27,22,19,26,94,0,0,43,10,53,27,22,62,36,147,4,44,48,195
10/03/2020,HSV,AL,ASO,ES,Combined TRACON& Tower with Radar,25,16,16,1,58,0,0,39,1,40,25,16,55,2,98,20,16,36,134
10/04/2020,HSV,AL,ASO,ES,Combined TRACON& Tower with Radar,29,15,9,1,54,0,0,34,0,34,29,15,43,1,88,0,0,0,88
10/05/2020,HSV,AL,ASO,ES,Combined TRACON& Tower with Radar,30,14,19,45,108,0,2,32,10,44,30,16,51,55,152,18,46,64,216
10/06/2020,HSV,AL,ASO,ES,Combined TRACON& Tower with Radar,28,8,12,26,74,0,0,46,7,53,28,8,58,33,127,26,56,82,209
10/07/2020,HSV,AL,ASO,ES,Combined TRACON& Tower with Radar,27,12,15,29,83,0,0,44,16,60,27,12,59,45,143,26,76,102,245
10/08/2020,HSV,AL,ASO,ES,Combined TRACON& Tower with Radar,32,22,17,20,91,0,0,34,9,43,32,22,51,29,134,6,60,66,200
10/09/2020,HSV,AL,ASO,ES,Combined TRACON& Tower with Radar,34,17,22,4,77,0,0,17,0,17,34,17,39,4,94,0,6,6,100
10/10/2020,HSV,AL,ASO,ES,Combined TRACON& Tower with Radar,25,17,2,0,44,0,0,0,0,0,25,17,2,0,44,0,0,0,44
10/11/2020,HSV,AL,ASO,ES,Combined TRACON& Tower with Radar,33,15,19,0,67,0,0,1,0,1,33,15,20,0,68,0,0,0,68
10/12/2020,HSV,AL,ASO,ES,Combined TRACON& Tower with Radar,32,16,19,2,69,0,0,15,4,19,32,16,34,6,88,18,4,22,110
10/13/2020,HSV,AL,ASO,ES,Combined TRACON& Tower with Radar,28,16,13,66,123,0,0,40,6,46,28,16,53,72,169,26,116,142,311
10/14/2020,HSV,AL,ASO,ES,Combined TRACON& Tower with Radar,28,11,30,20,89,0,0,28,12,40,28,11,58,32,129,18,34,52,181
10/15/2020,HSV,AL,ASO,ES,Combined TRACON& Tower with Radar,32,19,21,46,118,0,0,34,12,46,32,19,55,58,164,18,56,74,238
10/16/2020,HSV,AL,ASO,ES,Combined TRACON& Tower with Radar,33,20,11,60,124,0,0,35,14,49,33,20,46,74,173,0,0,0,173
10/17/2020,HSV,AL,ASO,ES,Combined TRACON& Tower with Radar,25,16,8,6,55,0,2,33,3,38,25,18,41,9,93,0,10,10,103
10/18/2020,HSV,AL,ASO,ES,Combined TRACON& Tower with Radar,33,23,15,12,83,0,0,36,5,41,33,23,51,17,124,4,24,28,152
10/19/2020,HSV,AL,ASO,ES,Combined TRACON& Tower with Radar,32,20,22,39,113,0,0,24,8,32,32,20,46,47,145,12,42,54,199
10/20/2020,HSV,AL,ASO,ES,Combined TRACON& Tower with Radar,27,12,8,44,91,0,1,44,13,58,27,13,52,57,149,60,46,106,255
10/21/2020,HSV,AL,ASO,ES,Combined TRACON& Tower with Radar,28,11,27,66,132,0,0,33,14,47,28,11,60,80,179,28,60,88,267
10/22/2020,HSV,AL,ASO,ES,Combined TRACON& Tower with Radar,34,20,29,44,127,0,0,41,10,51,34,20,70,54,178,12,44,56,234
10/23/2020,HSV,AL,ASO,ES,Combined TRACON& Tower with Radar,32,21,16,21,90,0,0,23,1,24,32,21,39,22,114,0,0,0,114
10/24/2020,HSV,AL,ASO,ES,Combined TRACON& Tower with Radar,24,17,20,0,61,0,0,0,0,0,24,17,20,0,61,0,0,0,61
10/25/2020,HSV,AL,ASO,ES,Combined TRACON& Tower with Radar,31,22,23,2,78,0,0,6,0,6,31,22,29,2,84,0,0,0,84
10/26/2020,HSV,AL,ASO,ES,Combined TRACON& Tower with Radar,34,18,14,28,94,0,0,7,7,14,34,18,21,35,108,0,36,36,144
10/27/2020,HSV,AL,ASO,ES,Combined TRACON& Tower with Radar,26,18,35,42,121,0,1,3,1,5,26,19,38,43,126,10,28,38,164
10/28/2020,HSV,AL,ASO,ES,Combined TRACON& Tower with Radar,26,11,13,0,50,0,0,0,0,0,26,11,13,0,50,0,0,0,50
10/29/2020,HSV,AL,ASO,ES,Combined TRACON& Tower with Radar,32,17,16,2,67,0,0,0,0,0,32,17,16,2,67,0,0,0,67
10/30/2020,HSV,AL,ASO,ES,Combined TRACON& Tower with Radar,31,25,24,33,113,0,0,16,4,20,31,25,40,37,133,14,26,40,173
10/31/2020,HSV,AL,ASO,ES,Combined TRACON& Tower with Radar,22,16,14,4,56,0,0,50,0,50,22,16,64,4,106,8,0,8,114
11/01/2020,HSV,AL,ASO,ES,Combined TRACON& Tower with Radar,27,16,19,1,63,0,0,38,1,39,27,16,57,2,102,0,0,0,102
11/02/2020,HSV,AL,ASO,ES,Combined TRACON& Tower with Radar,28,17,16,28,89,0,0,39,12,51,28,17,55,40,140,8,84,92,232
11/03/2020,HSV,AL,ASO,ES,Combined TRACON& Tower with Radar,26,9,26,28,89,0,0,50,7,57,26,9,76,35,146,22,60,82,228
11/04/2020,HSV,AL,ASO,ES,Combined TRACON& Tower with Radar,26,7,29,22,84,0,1,119,9,129,26,8,148,31,213,40,38,78,291
11/05/2020,HSV,AL,ASO,ES,Combined TRACON& Tower with Radar,28,19,21,27,95,0,0,41,9,50,28,19,62,36,145,0,0,0,145
11/06/2020,HSV,AL,ASO,ES,Combined TRACON& Tower with Radar,30,17,25,43,115,0,0,57,8,65,30,17,82,51,180,10,18,28,208
11/07/2020,HSV,AL,ASO,ES,Combined TRACON& Tower with Radar,30,10,18,14,72,0,0,28,3,31,30,10,46,17,103,6,8,14,117
11/08/2020,HSV,AL,ASO,ES,Combined TRACON& Tower with Radar,31,20,13,15,79,0,0,24,3,27,31,20,37,18,106,0,16,16,122
11/09/2020,HSV,AL,ASO,ES,Combined TRACON& Tower with Radar,30,16,21,43,110,0,0,15,17,32,30,16,36,60,142,6,46,52,194
11/10/2020,HSV,AL,ASO,ES,Combined TRACON& Tower with Radar,26,10,10,47,93,0,0,1,3,4,26,10,11,50,97,0,0,0,97
11/11/2020,HSV,AL,ASO,ES,Combined TRACON& Tower with Radar,31,11,18,4,64,0,0,0,0,0,31,11,18,4,64,0,0,0,64
11/12/2020,HSV,AL,ASO,ES,Combined TRACON& Tower with Radar,30,25,18,54,127,0,1,19,2,22,30,26,37,56,149,18,0,18,167
11/13/2020,HSV,AL,ASO,ES,Combined TRACON& Tower with Radar,33,30,14,24,101,0,0,49,13,62,33,30,63,37,163,0,0,0,163
11/14/2020,HSV,AL,ASO,ES,Combined TRACON& Tower with Radar,31,15,11,2,59,0,0,48,0,48,31,15,59,2,107,30,48,78,185
11/15/2020,HSV,AL,ASO,ES,Combined TRACON& Tower with Radar,32,18,11,8,69,0,0,3,1,4,32,18,14,9,73,0,0,0,73
11/16/2020,HSV,AL,ASO,ES,Combined TRACON& Tower with Radar,29,18,30,19,96,0,0,42,5,47,29,18,72,24,143,16,74,90,233
11/17/2020,HSV,AL,ASO,ES,Combined TRACON& Tower with Radar,26,16,13,21,76,0,0,29,7,36,26,16,42,28,112,28,40,68,180
11/18/2020,HSV,AL,ASO,ES,Combined TRACON& Tower with Radar,29,13,20,22,84,0,0,29,8,37,29,13,49,30,121,0,56,56,177
11/19/2020,HSV,AL,ASO,ES,Combined TRACON& Tower with Radar,32,18,22,33,105,0,0,42,10,52,32,18,64,43,157,34,50,84,241
11/20/2020,HSV,AL,ASO,ES,Combined TRACON& Tower with Radar,33,17,19,39,108,0,2,37,9,48,33,19,56,48,156,0,0,0,156
11/21/2020,HSV,AL,ASO,ES,Combined TRACON& Tower with Radar,33,18,19,4,74,0,0,62,0,62,33,18,81,4,136,0,0,0,136
11/22/2020,HSV,AL,ASO,ES,Combined TRACON& Tower with Radar,36,14,7,6,63,0,4,22,2,28,36,18,29,8,91,0,20,20,111
11/23/2020,HSV,AL,ASO,ES,Combined TRACON& Tower with Radar,30,14,20,9,73,0,0,35,3,38,30,14,55,12,111,4,30,34,145
11/24/2020,HSV,AL,ASO,ES,Combined TRACON& Tower with Radar,36,18,23,7,84,0,0,38,2,40,36,18,61,9,124,52,0,52,176
11/25/2020,HSV,AL,ASO,ES,Combined TRACON& Tower with Radar,37,17,12,0,66,0,0,0,0,0,37,17,12,0,66,0,0,0,66
11/26/2020,HSV,AL,ASO,ES,Combined TRACON& Tower with Radar,15,6,2,0,23,0,0,9,0,9,15,6,11,0,32,0,0,0,32
11/27/2020,HSV,AL,ASO,ES,Combined TRACON& Tower with Radar,25,20,15,0,60,0,0,40,0,40,25,20,55,0,100,0,0,0,100
11/28/2020,HSV,AL,ASO,ES,Combined TRACON& Tower with Radar,33,16,12,0,61,0,0,33,0,33,33,16,45,0,94,0,0,0,94
11/29/2020,HSV,AL,ASO,ES,Combined TRACON& Tower with Radar,38,18,15,2,73,0,0,8,0,8,38,18,23,2,81,0,0,0,81
11/30/2020,HSV,AL,ASO,ES,Combined TRACON& Tower with Radar,33,21,9,2,65,0,0,0,0,0,33,21,9,2,65,0,0,0,65
12/01/2020,HSV,AL,ASO,ES,Combined TRACON& Tower with Radar,31,15,17,26,89,0,0,24,7,31,31,15,41,33,120,0,0,0,120
12/02/2020,HSV,AL,ASO,ES,Combined TRACON& Tower with Radar,29,14,13,29,85,0,0,42,13,55,29,14,55,42,140,6,46,52,192
12/03/2020,HSV,AL,ASO,ES,Combined TRACON& Tower with Radar,29,18,21,21,89,0,0,32,7,39,29,18,53,28,128,4,94,98,226
12/04/2020,HSV,AL,ASO,ES,Combined TRACON& Tower with Radar,30,17,7,4,58,0,0,0,0,0,30,17,7,4,58,0,0,0,58
12/05/2020,HSV,AL,ASO,ES,Combined TRACON& Tower with Radar,22,10,6,5,43,0,0,32,3,35,22,10,38,8,78,0,0,0,78
12/06/2020,HSV,AL,ASO,ES,Combined TRACON& Tower with Radar,30,13,22,6,71,0,0,32,1,33,30,13,54,7,104,0,0,0,104
12/07/2020,HSV,AL,ASO,ES,Combined TRACON& Tower with Radar,30,16,18,31,95,0,0,11,3,14,30,16,29,34,109,0,0,0,109
12/08/2020,HSV,AL,ASO,ES,Combined TRACON& Tower with Radar,22,13,25,23,83,0,0,32,5,37,22,13,57,28,120,0,66,66,186
12/09/2020,HSV,AL,ASO,ES,Combined TRACON& Tower with Radar,25,13,22,41,101,0,1,34,22,57,25,14,56,63,158,6,60,66,224
12/10/2020,HSV,AL,ASO,ES,Combined TRACON& Tower with Radar,27,13,7,59,106,0,0,50,16,66,27,13,57,75,172,16,70,86,258
12/11/2020,HSV,AL,ASO,ES,Combined TRACON& Tower with Radar,29,17,19,45,110,0,0,33,4,37,29,17,52,49,147,24,74,98,245
12/12/2020,HSV,AL,ASO,ES,Combined TRACON& Tower with Radar,24,13,7,10,54,0,0,3,1,4,24,13,10,11,58,0,0,0,58
12/13/2020,HSV,AL,ASO,ES,Combined TRACON& Tower with Radar,29,18,14,0,61,0,0,37,2,39,29,18,51,2,100,8,0,8,108
12/14/2020,HSV,AL,ASO,ES,Combined TRACON& Tower with Radar,33,13,15,10,71,0,0,0,2,2,33,13,15,12,73,0,38,38,111
12/15/2020,HSV,AL,ASO,ES,Combined TRACON& Tower with Radar,24,11,39,50,124,0,0,21,7,28,24,11,60,57,152,4,54,58,210
12/16/2020,HSV,AL,ASO,ES,Combined TRACON& Tower with Radar,24,5,17,5,51,0,0,0,0,0,24,5,17,5,51,0,0,0,51
12/17/2020,HSV,AL,ASO,ES,Combined TRACON& Tower with Radar,34,19,15,44,112,1,0,29,12,42,35,19,44,56,154,20,16,36,190
12/18/2020,HSV,AL,ASO,ES,Combined TRACON& Tower with Radar,32,21,26,36,115,0,0,51,15,66,32,21,77,51,181,0,0,0,181
12/19/2020,HSV,AL,ASO,ES,Combined TRACON& Tower with Radar,31,13,8,1,53,0,0,30,1,31,31,13,38,2,84,0,0,0,84
12/20/2020,HSV,AL,ASO,ES,Combined TRACON& Tower with Radar,33,17,16,8,74,0,0,0,0,0,33,17,16,8,74,14,12,26,100
12/21/2020,HSV,AL,ASO,ES,Combined TRACON& Tower with Radar,31,20,17,32,100,0,0,16,5,21,31,20,33,37,121,0,0,0,121
12/22/2020,HSV,AL,ASO,ES,Combined TRACON& Tower with Radar,36,15,21,35,107,0,0,60,6,66,36,15,81,41,173,6,40,46,219
12/23/2020,HSV,AL,ASO,ES,Combined TRACON& Tower with Radar,33,21,8,0,62,0,0,23,2,25,33,21,31,2,87,0,0,0,87
12/24/2020,HSV,AL,ASO,ES,Combined TRACON& Tower with Radar,26,16,1,0,43,0,0,1,0,1,26,16,2,0,44,0,0,0,44
12/25/2020,HSV,AL,ASO,ES,Combined TRACON& Tower with Radar,17,13,1,0,31,0,0,2,0,2,17,13,3,0,33,0,0,0,33
12/26/2020,HSV,AL,ASO,ES,Combined TRACON& Tower with Radar,27,18,18,0,63,0,1,35,0,36,27,19,53,0,99,0,0,0,99
12/27/2020,HSV,AL,ASO,ES,Combined TRACON& Tower with Radar,30,14,12,0,56,0,0,34,0,34,30,14,46,0,90,0,0,0,90
12/28/2020,HSV,AL,ASO,ES,Combined TRACON& Tower with Radar,30,16,15,0,61,0,0,3,0,3,30,16,18,0,64,0,0,0,64
12/29/2020,HSV,AL,ASO,ES,Combined TRACON& Tower with Radar,32,15,28,18,93,0,0,38,0,38,32,15,66,18,131,14,6,20,151
12/30/2020,HSV,AL,ASO,ES,Combined TRACON& Tower with Radar,30,23,12,12,77,0,0,9,0,9,30,23,21,12,86,0,0,0,86
12/31/2020,HSV,AL,ASO,ES,Combined TRACON& Tower with Radar,27,11,22,0,60,0,0,0,0,0,27,11,22,0,60,0,0,0,60
01/01/2021,HSV,AL,ASO,ES,Combined TRACON& Tower with Radar,24,15,1,0,40,0,0,0,2,2,24,15,1,2,42,0,0,0,42
01/02/2021,HSV,AL,ASO,ES,Combined TRACON& Tower with Radar,24,15,10,0,49,0,0,17,0,17,24,15,27,0,66,14,0,14,80
01/03/2021,HSV,AL,ASO,ES,Combined TRACON& Tower with Radar,32,17,15,0,64,0,0,29,0,29,32,17,44,0,93,0,0,0,93
01/04/2021,HSV,AL,ASO,ES,Combined TRACON& Tower with Radar,28,23,16,7,74,0,0,21,3,24,28,23,37,10,98,0,0,0,98
01/05/2021,HSV,AL,ASO,ES,Combined TRACON& Tower with Radar,25,16,12,17,70,0,0,20,6,26,25,16,32,23,96,12,6,18,114
01/06/2021,HSV,AL,ASO,ES,Combined TRACON& Tower with Radar,26,12,18,43,99,0,0,32,11,43,26,12,50,54,142,30,22,52,194
01/07/2021,HSV,AL,ASO,ES,Combined TRACON& Tower with Radar,27,12,8,7,54,0,0,4,0,4,27,12,12,7,58,0,0,0,58
01/08/2021,HSV,AL,ASO,ES,Combined TRACON& Tower with Radar,30,19,12,8,69,0,0,0,1,1,30,19,12,9,70,0,0,0,70
01/09/2021,HSV,AL,ASO,ES,Combined TRACON& Tower with Radar,21,11,12,15,59,0,0,7,1,8,21,11,19,16,67,0,0,0,67
01/10/2021,HSV,AL,ASO,ES,Combined TRACON& Tower with Radar,27,12,9,0,48,0,0,26,0,26,27,12,35,0,74,0,0,0,74
01/11/2021,HSV,AL,ASO,ES,Combined TRACON& Tower with Radar,28,12,7,2,49,0,0,0,0,0,28,12,7,2,49,0,0,0,49
01/12/2021,HSV,AL,ASO,ES,Combined TRACON& Tower with Radar,26,13,17,18,74,0,0,18,11,29,26,13,35,29,103,2,18,20,123
01/13/2021,HSV,AL,ASO,ES,Combined TRACON& Tower with Radar,26,15,22,28,91,0,0,39,8,47,26,15,61,36,138,0,0,0,138
01/14/2021,HSV,AL,ASO,ES,Combined TRACON& Tower with Radar,30,12,17,27,86,0,0,25,6,31,30,12,42,33,117,0,28,28,145
01/15/2021,HSV,AL,ASO,ES,Combined TRACON& Tower with Radar,29,18,14,17,78,0,0,19,7,26,29,18,33,24,104,16,10,26,130
01/16/2021,HSV,AL,ASO,ES,Combined TRACON& Tower with Radar,22,11,7,2,42,0,0,6,0,6,22,11,13,2,48,0,0,0,48
01/17/2021,HSV,AL,ASO,ES,Combined TRACON& Tower with Radar,26,8,12,0,46,0,0,34,0,34,26,8,46,0,80,0,0,0,80
01/18/2021,HSV,AL,ASO,ES,Combined TRACON& Tower with Radar,28,17,17,8,70,0,0,46,0,46,28,17,63,8,116,22,0,22,138
01/19/2021,HSV,AL,ASO,ES,Combined TRACON& Tower with Radar,25,11,15,28,79,0,0,16,3,19,25,11,31,31,98,0,18,18,116
01/20/2021,HSV,AL,ASO,ES,Combined TRACON& Tower with Radar,25,13,16,46,100,0,2,36,3,41,25,15,52,49,141,4,52,56,197
01/21/2021,HSV,AL,ASO,ES,Combined TRACON& Tower with Radar,30,16,14,9,69,0,0,0,0,0,30,16,14,9,69,0,0,0,69
01/22/2021,HSV,AL,ASO,ES,Combined TRACON& Tower with Radar,29,15,30,103,177,0,4,33,19,56,29,19,63,122,233,18,128,146,379
01/23/2021,HSV,AL,ASO,ES,Combined TRACON& Tower with Radar,21,7,10,17,55,0,0,59,7,66,21,7,69,24,121,0,0,0,121
01/24/2021,HSV,AL,ASO,ES,Combined TRACON& Tower with Radar,29,12,6,4,51,0,0,6,1,7,29,12,12,5,58,0,0,0,58
01/25/2021,HSV,AL,ASO,ES,Combined TRACON& Tower with Radar,27,12,8,0,47,0,0,1,0,1,27,12,9,0,48,0,0,0,48
01/26/2021,HSV,AL,ASO,ES,Combined TRACON& Tower with Radar,25,15,20,25,85,0,3,45,11,59,25,18,65,36,144,16,8,24,168
01/27/2021,HSV,AL,ASO,ES,Combined TRACON& Tower with Radar,25,13,15,30,83,0,0,10,12,22,25,13,25,42,105,0,42,42,147
01/28/2021,HSV,AL,ASO,ES,Combined TRACON& Tower with Radar,24,13,29,30,96,0,2,16,13,31,24,15,45,43,127,4,70,74,201
01/29/2021,HSV,AL,ASO,ES,Combined TRACON& Tower with Radar,29,19,15,28,91,0,2,86,3,91,29,21,101,31,182,0,22,22,204
01/30/2021,HSV,AL,ASO,ES,Combined TRACON& Tower with Radar,22,13,7,10,52,0,0,17,5,22,22,13,24,15,74,0,0,0,74
01/31/2021,HSV,AL,ASO,ES,Combined TRACON& Tower with Radar,30,17,10,2,59,0,0,1,0,1,30,17,11,2,60,0,0,0,60
02/01/2021,HSV,AL,ASO,ES,Combined TRACON& Tower with Radar,27,16,12,0,55,0,0,2,2,4,27,16,14,2,59,0,0,0,59
02/02/2021,HSV,AL,ASO,ES,Combined TRACON& Tower with Radar,25,13,19,15,72,0,4,19,13,36,25,17,38,28,108,0,26,26,134
02/03/2021,HSV,AL,ASO,ES,Combined TRACON& Tower with Radar,26,20,19,32,97,0,6,50,3,59,26,26,69,35,156,4,14,18,174
02/04/2021,HSV,AL,ASO,ES,Combined TRACON& Tower with Radar,29,17,24,55,125,0,2,18,17,37,29,19,42,72,162,0,50,50,212
02/05/2021,HSV,AL,ASO,ES,Combined TRACON& Tower with Radar,29,19,17,63,128,0,1,33,20,54,29,20,50,83,182,10,52,62,244
02/06/2021,HSV,AL,ASO,ES,Combined TRACON& Tower with Radar,21,10,10,8,49,0,2,31,0,33,21,12,41,8,82,0,8,8,90
02/07/2021,HSV,AL,ASO,ES,Combined TRACON& Tower with Radar,30,12,3,5,50,0,0,0,0,0,30,12,3,5,50,0,0,0,50
02/08/2021,HSV,AL,ASO,ES,Combined TRACON& Tower with Radar,27,16,18,30,91,0,3,44,6,53,27,19,62,36,144,36,62,98,242
02/09/2021,HSV,AL,ASO,ES,Combined TRACON& Tower with Radar,23,26,23,61,133,0,0,31,5,36,23,26,54,66,169,24,92,116,285
02/10/2021,HSV,AL,ASO,ES,Combined TRACON& Tower with Radar,23,20,30,75,148,0,3,28,8,39,23,23,58,83,187,10,174,184,371
02/11/2021,HSV,AL,ASO,ES,Combined TRACON& Tower with Radar,29,14,9,0,52,0,0,0,0,0,29,14,9,0,52,0,0,0,52
02/12/2021,HSV,AL,ASO,ES,Combined TRACON& Tower with Radar,31,16,15,6,68,0,0,0,0,0,31,16,15,6,68,0,0,0,68
02/13/2021,HSV,AL,ASO,ES,Combined TRACON& Tower with Radar,22,13,5,0,40,0,0,2,0,2,22,13,7,0,42,0,0,0,42
02/14/2021,HSV,AL,ASO,ES,Combined TRACON& Tower with Radar,19,14,14,0,47,0,0,1,0,1,19,14,15,0,48,0,0,0,48
02/15/2021,HSV,AL,ASO,ES,Combined TRACON& Tower with Radar,10,4,3,0,17,0,0,0,0,0,10,4,3,0,17,0,0,0,17
02/16/2021,HSV,AL,ASO,ES,Combined TRACON& Tower with Radar,13,15,19,0,47,0,0,0,1,1,13,15,19,1,48,0,0,0,48
02/17/2021,HSV,AL,ASO,ES,Combined TRACON& Tower with Radar,16,23,8,11,58,0,0,9,6,15,16,23,17,17,73,0,0,0,73
02/18/2021,HSV,AL,ASO,ES,Combined TRACON& Tower with Radar,25,6,10,6,47,0,0,1,0,1,25,6,11,6,48,0,0,0,48
02/19/2021,HSV,AL,ASO,ES,Combined TRACON& Tower with Radar,34,24,21,11,90,1,0,20,11,32,35,24,41,22,122,0,42,42,164
02/20/2021,HSV,AL,ASO,ES,Combined TRACON& Tower with Radar,22,13,19,2,56,0,0,40,5,45,22,13,59,7,101,0,0,0,101
02/21/2021,HSV,AL,ASO,ES,Combined TRACON& Tower with Radar,32,17,12,2,63,0,0,35,0,35,32,17,47,2,98,0,0,0,98
02/22/2021,HSV,AL,ASO,ES,Combined TRACON& Tower with Radar,26,19,20,4,69,0,0,26,0,26,26,19,46,4,95,6,0,6,101
02/23/2021,HSV,AL,ASO,ES,Combined TRACON& Tower with Radar,26,14,21,28,89,0,2,41,7,50,26,16,62,35,139,16,12,28,167
02/24/2021,HSV,AL,ASO,ES,Combined TRACON& Tower with Radar,25,11,25,46,107,0,5,35,28,68,25,16,60,74,175,0,74,74,249
02/25/2021,HSV,AL,ASO,ES,Combined TRACON& Tower with Radar,29,19,18,8,74,0,5,41,6,52,29,24,59,14,126,14,0,14,140
02/26/2021,HSV,AL,ASO,ES,Combined TRACON& Tower with Radar,31,28,7,0,66,0,0,1,0,1,31,28,8,0,67,0,0,0,67
02/27/2021,HSV,AL,ASO,ES,Combined TRACON& Tower with Radar,23,21,16,0,60,0,0,9,0,9,23,21,25,0,69,0,0,0,69
02/28/2021,HSV,AL,ASO,ES,Combined TRACON& Tower with Radar,29,14,12,2,57,0,0,4,0,4,29,14,16,2,61,0,0,0,61
03/01/2021,HSV,AL,ASO,ES,Combined TRACON& Tower with Radar,28,14,20,40,102,0,0,4,3,7,28,14,24,43,109,4,16,20,129
03/02/2021,HSV,AL,ASO,ES,Combined TRACON& Tower with Radar,29,15,5,57,106,0,2,16,14,32,29,17,21,71,138,0,144,144,282
03/03/2021,HSV,AL,ASO,ES,Combined TRACON& Tower with Radar,30,12,22,25,89,0,2,35,12,49,30,14,57,37,138,20,20,40,178
03/04/2021,HSV,AL,ASO,ES,Combined TRACON& Tower with Radar,37,22,35,10,104,0,4,48,10,62,37,26,83,20,166,28,26,54,220
03/05/2021,HSV,AL,ASO,ES,Combined TRACON& Tower with Radar,33,19,27,16,95,0,0,48,5,53,33,19,75,21,148,0,54,54,202
03/06/2021,HSV,AL,ASO,ES,Combined TRACON& Tower with Radar,25,23,15,10,73,0,5,29,2,36,25,28,44,12,109,0,10,10,119
03/07/2021,HSV,AL,ASO,ES,Combined TRACON& Tower with Radar,34,19,24,10,87,0,0,55,3,58,34,19,79,13,145,20,2,22,167
03/08/2021,HSV,AL,ASO,ES,Combined TRACON& Tower with Radar,33,28,27,19,107,0,0,39,6,45,33,28,66,25,152,18,22,40,192
03/09/2021,HSV,AL,ASO,ES,Combined TRACON& Tower with Radar,32,16,25,46,119,0,2,37,7,46,32,18,62,53,165,10,16,26,191
03/10/2021,HSV,AL,ASO,ES,Combined TRACON& Tower with Radar,36,14,19,49,118,0,2,36,9,47,36,16,55,58,165,20,118,138,303
03/11/2021,HSV,AL,ASO,ES,Combined TRACON& Tower with Radar,38,19,39,34,130,0,6,36,8,50,38,25,75,42,180,2,46,48,228
03/12/2021,HSV,AL,ASO,ES,Combined TRACON& Tower with Radar,36,34,38,13,121,0,1,25,1,27,36,35,63,14,148,12,72,84,232
03/13/2021,HSV,AL,ASO,ES,Combined TRACON& Tower with Radar,25,24,26,3,78,0,0,13,0,13,25,24,39,3,91,0,0,0,91
03/14/2021,HSV,AL,ASO,ES,Combined TRACON& Tower with Radar,33,12,13,5,63,0,0,33,2,35,33,12,46,7,98,0,24,24,122
03/15/2021,HSV,AL,ASO,ES,Combined TRACON& Tower with Radar,35,17,25,7,84,0,0,2,0,2,35,17,27,7,86,0,0,0,86
03/16/2021,HSV,AL,ASO,ES,Combined TRACON& Tower with Radar,34,22,19,5,80,0,0,3,1,4,34,22,22,6,84,0,6,6,90
03/17/2021,HSV,AL,ASO,ES,Combined TRACON& Tower with Radar,30,11,14,0,55,0,0,0,0,0,30,11,14,0,55,0,0,0,55
03/18/2021,HSV,AL,ASO,ES,Combined TRACON& Tower with Radar,35,25,15,6,81,0,0,14,0,14,35,25,29,6,95,4,0,4,99
03/19/2021,HSV,AL,ASO,ES,Combined TRACON& Tower with Radar,33,22,21,32,108,0,0,1,4,5,33,22,22,36,113,0,14,14,127
03/20/2021,HSV,AL,ASO,ES,Combined TRACON& Tower with Radar,27,20,15,11,73,0,4,52,5,61,27,24,67,16,134,12,26,38,172
03/21/2021,HSV,AL,ASO,ES,Combined TRACON& Tower with Radar,35,15,41,12,103,0,0,52,1,53,35,15,93,13,156,8,0,8,164
03/22/2021,HSV,AL,ASO,ES,Combined TRACON& Tower with Radar,32,21,20,43,116,0,0,55,5,60,32,21,75,48,176,20,78,98,274
03/23/2021,HSV,AL,ASO,ES,Combined TRACON& Tower with Radar,34,19,33,2,88,0,0,6,3,9,34,19,39,5,97,0,0,0,97
03/24/2021,HSV,AL,ASO,ES,Combined TRACON& Tower with Radar,35,16,45,15,111,0,0,17,5,22,35,16,62,20,133,8,4,12,145
03/25/2021,HSV,AL,ASO,ES,Combined TRACON& Tower with Radar,39,13,3,2,57,0,0,1,0,1,39,13,4,2,58,0,0,0,58
03/26/2021,HSV,AL,ASO,ES,Combined TRACON& Tower with Radar,34,23,27,25,109,0,4,50,5,59,34,27,77,30,168,12,8,20,188
03/27/2021,HSV,AL,ASO,ES,Combined TRACON& Tower with Radar,28,21,11,2,62,0,0,0,2,2,28,21,11,4,64,0,0,0,64
03/28/2021,HSV,AL,ASO,ES,Combined TRACON& Tower with Radar,35,17,13,2,67,0,2,3,2,7,35,19,16,4,74,10,0,10,84
03/29/2021,HSV,AL,ASO,ES,Combined TRACON& Tower with Radar,34,22,28,38,122,0,0,72,11,83,34,22,100,49,205,6,18,24,229
03/30/2021,HSV,AL,ASO,ES,Combined TRACON& Tower with Radar,32,17,22,55,126,0,2,28,13,43,32,19,50,68,169,6,66,72,241
03/31/2021,HSV,AL,ASO,ES,Combined TRACON& Tower with Radar,36,17,13,12,78,0,2,0,0,2,36,19,13,12,80,0,30,30,110
04/01/2021,HSV,AL,ASO,ES,Combined TRACON& Tower with Radar,39,27,39,74,179,0,2,30,17,49,39,29,69,91,228,0,0,0,228
04/02/2021,HSV,AL,ASO,ES,Combined TRACON& Tower with Radar,37,20,29,20,106,0,4,45,3,52,37,24,74,23,158,0,0,0,158
04/03/2021,HSV,AL,ASO,ES,Combined TRACON& Tower with Radar,29,21,14,7,71,0,4,43,3,50,29,25,57,10,121,0,0,0,121
04/04/2021,HSV,AL,ASO,ES,Combined TRACON& Tower with Radar,38,18,16,0,72,0,4,41,0,45,38,22,57,0,117,6,0,6,123
04/05/2021,HSV,AL,ASO,ES,Combined TRACON& Tower with Radar,40,28,17,37,122,0,0,55,12,67,40,28,72,49,189,14,104,118,307
04/06/2021,HSV,AL,ASO,ES,Combined TRACON& Tower with Radar,39,16,27,48,130,0,0,44,22,66,39,16,71,70,196,0,147,147,343
04/07/2021,HSV,AL,ASO,ES,Combined TRACON& Tower with Radar,39,21,16,74,150,0,2,23,17,42,39,23,39,91,192,22,80,102,294
04/08/2021,HSV,AL,ASO,ES,Combined TRACON& Tower with Radar,41,19,14,11,85,0,4,0,2,6,41,23,14,13,91,0,0,0,91
04/09/2021,HSV,AL,ASO,ES,Combined TRACON& Tower with Radar,37,23,13,72,145,0,6,25,22,53,37,29,38,94,198,0,228,228,426
04/10/2021,HSV,AL,ASO,ES,Combined TRACON& Tower with Radar,29,26,3,2,60,0,4,11,1,16,29,30,14,3,76,0,0,0,76
04/11/2021,HSV,AL,ASO,ES,Combined TRACON& Tower with Radar,38,17,19,11,85,0,4,25,1,30,38,21,44,12,115,0,0,0,115
04/12/2021,HSV,AL,ASO,ES,Combined TRACON& Tower with Radar,40,27,26,63,156,0,2,39,4,45,40,29,65,67,201,8,86,94,295
04/13/2021,HSV,AL,ASO,ES,Combined TRACON& Tower with Radar,38,20,15,54,127,0,0,41,12,53,38,20,56,66,180,14,128,142,322
04/14/2021,HSV,AL,ASO,ES,Combined TRACON& Tower with Radar,37,30,19,42,128,0,0,8,8,16,37,30,27,50,144,10,32,42,186
04/15/2021,HSV,AL,ASO,ES,Combined TRACON& Tower with Radar,41,18,22,116,197,0,2,38,21,61,41,20,60,137,258,20,148,168,426
04/16/2021,HSV,AL,ASO,ES,Combined TRACON& Tower with Radar,38,22,15,129,204,0,0,52,29,81,38,22,67,158,285,6,78,84,369
04/17/2021,HSV,AL,ASO,ES,Combined TRACON& Tower with Radar,33,30,12,22,97,0,6,38,0,44,33,36,50,22,141,0,0,0,141
04/18/2021,HSV,AL,ASO,ES,Combined TRACON& Tower with Radar,43,20,25,25,113,0,0,36,5,41,43,20,61,30,154,4,0,4,158
04/19/2021,HSV,AL,ASO,ES,Combined TRACON& Tower with Radar,40,23,28,37,128,0,4,46,9,59,40,27,74,46,187,22,48,70,257
04/20/2021,HSV,AL,ASO,ES,Combined TRACON& Tower with Radar,40,17,17,47,121,0,5,38,12,55,40,22,55,59,176,0,102,102,278
04/21/2021,HSV,AL,ASO,ES,Combined TRACON& Tower with Radar,39,22,17,28,106,0,4,13,11,28,39,26,30,39,134,0,0,0,134
04/22/2021,HSV,AL,ASO,ES,Combined TRACON& Tower with Radar,45,19,31,18,113,0,0,35,2,37,45,19,66,20,150,0,0,0,150
04/23/2021,HSV,AL,ASO,ES,Combined TRACON& Tower with Radar,37,23,22,8,90,0,1,37,5,43,37,24,59,13,133,0,0,0,133
04/24/2021,HSV,AL,ASO,ES,Combined TRACON& Tower with Radar,37,16,2,0,55,0,0,0,0,0,37,16,2,0,55,0,0,0,55
04/25/2021,HSV,AL,ASO,ES,Combined TRACON& Tower with Radar,41,22,23,0,86,0,0,41,2,43,41,22,64,2,129,0,0,0,129
04/26/2021,HSV,AL,ASO,ES,Combined TRACON& Tower with Radar,41,22,31,8,102,0,0,56,1,57,41,22,87,9,159,0,0,0,159
04/27/2021,HSV,AL,ASO,ES,Combined TRACON& Tower with Radar,38,15,22,15,90,0,0,21,12,33,38,15,43,27,123,0,44,44,167
04/28/2021,HSV,AL,ASO,ES,Combined TRACON& Tower with Radar,35,16,21,16,88,0,0,23,11,34,35,16,44,27,122,0,10,10,132
04/29/2021,HSV,AL,ASO,ES,Combined TRACON& Tower with Radar,44,23,24,18,109,0,0,6,3,9,44,23,30,21,118,0,0,0,118
04/30/2021,HSV,AL,ASO,ES,Combined TRACON& Tower with Radar,40,21,21,17,99,0,0,35,3,38,40,21,56,20,137,0,0,0,137
05/01/2021,HSV,AL,ASO,ES,Combined TRACON& Tower with Radar,33,19,21,2,75,0,0,55,0,55,33,19,76,2,130,0,0,0,130
05/02/2021,HSV,AL,ASO,ES,Combined TRACON& Tower with Radar,40,18,10,0,68,0,0,36,0,36,40,18,46,0,104,0,0,0,104
05/03/2021,HSV,AL,ASO,ES,Combined TRACON& Tower with Radar,45,20,12,29,106,0,0,7,1,8,45,20,19,30,114,0,0,0,114
05/04/2021,HSV,AL,ASO,ES,Combined TRACON& Tower with Radar,38,15,1,0,54,0,0,0,0,0,38,15,1,0,54,0,0,0,54
05/05/2021,HSV,AL,ASO,ES,Combined TRACON& Tower with Radar,39,17,29,47,132,0,2,6,3,11,39,19,35,50,143,12,10,22,165
05/06/2021,HSV,AL,ASO,ES,Combined TRACON& Tower with Radar,47,17,27,16,107,0,0,44,7,51,47,17,71,23,158,0,0,0,158
05/07/2021,HSV,AL,ASO,ES,Combined TRACON& Tower with Radar,40,26,27,37,130,0,0,36,9,45,40,26,63,46,175,0,0,0,175
05/08/2021,HSV,AL,ASO,ES,Combined TRACON& Tower with Radar,36,16,23,0,75,0,1,47,1,49,36,17,70,1,124,0,0,0,124
05/09/2021,HSV,AL,ASO,ES,Combined TRACON& Tower with Radar,45,16,6,2,69,0,0,8,0,8,45,16,14,2,77,0,0,0,77
05/10/2021,HSV,AL,ASO,ES,Combined TRACON& Tower with Radar,39,16,38,33,126,0,0,1,2,3,39,16,39,35,129,0,0,0,129
05/11/2021,HSV,AL,ASO,ES,Combined TRACON& Tower with Radar,34,16,36,106,192,0,1,26,15,42,34,17,62,121,234,0,146,146,380
05/12/2021,HSV,AL,ASO,ES,Combined TRACON& Tower with Radar,37,22,28,59,146,0,4,32,13,49,37,26,60,72,195,0,140,140,335
05/13/2021,HSV,AL,ASO,ES,Combined TRACON& Tower with Radar,44,28,24,66,162,0,0,36,10,46,44,28,60,76,208,0,36,36,244
05/14/2021,HSV,AL,ASO,ES,Combined TRACON& Tower with Radar,42,23,34,32,131,0,0,47,2,49,42,23,81,34,180,2,72,74,254
05/15/2021,HSV,AL,ASO,ES,Combined TRACON& Tower with Radar,33,17,17,1,68,0,0,64,0,64,33,17,81,1,132,0,0,0,132
05/16/2021,HSV,AL,ASO,ES,Combined TRACON& Tower with Radar,42,15,21,26,104,0,0,33,0,33,42,15,54,26,137,8,0,8,145
05/17/2021,HSV,AL,ASO,ES,Combined TRACON& Tower with Radar,44,19,16,55,134,0,0,29,4,33,44,19,45,59,167,16,122,138,305
05/18/2021,HSV,AL,ASO,ES,Combined TRACON& Tower with Radar,38,18,24,95,175,0,0,30,14,44,38,18,54,109,219,0,140,140,359
05/19/2021,HSV,AL,ASO,ES,Combined TRACON& Tower with Radar,37,16,7,55,115,0,0,17,12,29,37,16,24,67,144,0,48,48,192
05/20/2021,HSV,AL,ASO,ES,Combined TRACON& Tower with Radar,44,20,28,55,147,0,2,20,7,29,44,22,48,62,176,10,85,95,271
05/21/2021,HSV,AL,ASO,ES,Combined TRACON& Tower with Radar,42,20,20,31,113,0,0,33,8,41,42,20,53,39,154,24,48,72,226
05/22/2021,HSV,AL,ASO,ES,Combined TRACON& Tower with Radar,35,18,10,8,71,0,2,51,4,57,35,20,61,12,128,0,0,0,128
05/23/2021,HSV,AL,ASO,ES,Combined TRACON& Tower with Radar,43,17,27,24,111,0,2,56,5,63,43,19,83,29,174,28,0,28,202
05/24/2021,HSV,AL,ASO,ES,Combined TRACON& Tower with Radar,41,25,16,16,98,0,1,43,6,50,41,26,59,22,148,10,16,26,174
05/25/2021,HSV,AL,ASO,ES,Combined TRACON& Tower with Radar,34,20,23,40,117,0,4,60,11,75,34,24,83,51,192,0,18,18,210
05/26/2021,HSV,AL,ASO,ES,Combined TRACON& Tower with Radar,38,12,30,24,104,0,2,28,10,40,38,14,58,34,144,18,48,66,210
05/27/2021,HSV,AL,ASO,ES,Combined TRACON& Tower with Radar,44,17,30,15,106,0,2,28,5,35,44,19,58,20,141,0,0,0,141
05/28/2021,HSV,AL,ASO,ES,Combined TRACON& Tower with Radar,46,21,13,0,80,0,0,5,0,5,46,21,18,0,85,0,0,0,85
05/29/2021,HSV,AL,ASO,ES,Combined TRACON& Tower with Radar,36,21,24,0,81,0,0,7,0,7,36,21,31,0,88,0,0,0,88
05/30/2021,HSV,AL,ASO,ES,Combined TRACON& Tower with Radar,36,18,16,4,74,0,0,24,0,24,36,18,40,4,98,6,0,6,104
05/31/2021,HSV,AL,ASO,ES,Combined TRACON& Tower with Radar,35,24,35,0,94,0,0,46,0,46,35,24,81,0,140,6,0,6,146
06/01/2021,HSV,AL,ASO,ES,Combined TRACON& Tower with Radar,36,20,24,21,101,0,4,36,4,44,36,24,60,25,145,0,38,38,183
06/02/2021,HSV,AL,ASO,ES,Combined TRACON& Tower with Radar,38,16,20,4,78,0,0,3,6,9,38,16,23,10,87,0,0,0,87
06/03/2021,HSV,AL,ASO,ES,Combined TRACON& Tower with Radar,42,29,22,8,101,0,0,17,1,18,42,29,39,9,119,0,0,0,119
06/04/2021,HSV,AL,ASO,ES,Combined TRACON& Tower with Radar,44,27,20,62,153,0,4,49,9,62,44,31,69,71,215,0,20,20,235
06/05/2021,HSV,AL,ASO,ES,Combined TRACON& Tower with Radar,39,16,19,20,94,0,0,38,4,42,39,16,57,24,136,0,0,0,136
06/06/2021,HSV,AL,ASO,ES,Combined TRACON& Tower with Radar,41,16,9,10,76,0,0,1,1,2,41,16,10,11,78,0,0,0,78
06/07/2021,HSV,AL,ASO,ES,Combined TRACON& Tower with Radar,39,25,18,23,105,0,0,5,6,11,39,25,23,29,116,0,20,20,136
06/08/2021,HSV,AL,ASO,ES,Combined TRACON& Tower with Radar,41,28,27,13,109,0,0,17,4,21,41,28,44,17,130,6,42,48,178
06/09/2021,HSV,AL,ASO,ES,Combined TRACON& Tower with Radar,43,22,15,2,82,0,0,0,0,0,43,22,15,2,82,0,0,0,82
06/10/2021,HSV,AL,ASO,ES,Combined TRACON& Tower with Radar,45,17,23,15,100,0,0,2,1,3,45,17,25,16,103,0,0,0,103
06/11/2021,HSV,AL,ASO,ES,Combined TRACON& Tower with Radar,50,23,19,12,104,4,0,5,10,19,54,23,24,22,123,0,0,0,123
06/12/2021,HSV,AL,ASO,ES,Combined TRACON& Tower with Radar,35,19,15,0,69,0,0,6,0,6,35,19,21,0,75,0,0,0,75
06/13/2021,HSV,AL,ASO,ES,Combined TRACON& Tower with Radar,39,14,27,21,101,0,2,47,9,58,39,16,74,30,159,0,6,6,165
06/14/2021,HSV,AL,ASO,ES,Combined TRACON& Tower with Radar,39,18,26,65,148,0,2,56,11,69,39,20,82,76,217,44,106,150,367
06/15/2021,HSV,AL,ASO,ES,Combined TRACON& Tower with Radar,43,19,14,76,152,0,6,45,18,69,43,25,59,94,221,36,98,134,355
06/16/2021,HSV,AL,ASO,ES,Combined TRACON& Tower with Radar,43,15,21,80,159,0,3,49,15,67,43,18,70,95,226,8,91,99,325
06/17/2021,HSV,AL,ASO,ES,Combined TRACON& Tower with Radar,45,25,19,63,152,0,2,47,15,64,45,27,66,78,216,30,82,112,328
06/18/2021,HSV,AL,ASO,ES,Combined TRACON& Tower with Radar,43,19,23,7,92,0,0,57,4,61,43,19,80,11,153,0,0,0,153
06/19/2021,HSV,AL,ASO,ES,Combined TRACON& Tower with Radar,36,16,12,0,64,0,0,14,1,15,36,16,26,1,79,0,0,0,79
06/20/2021,HSV,AL,ASO,ES,Combined TRACON& Tower with Radar,43,19,20,8,90,0,0,27,2,29,43,19,47,10,119,0,0,0,119
06/21/2021,HSV,AL,ASO,ES,Combined TRACON& Tower with Radar,38,18,18,7,81,0,0,0,5,5,38,18,18,12,86,0,14,14,100
06/22/2021,HSV,AL,ASO,ES,Combined TRACON& Tower with Radar,42,19,17,46,124,0,0,29,7,36,42,19,46,53,160,0,66,66,226
06/23/2021,HSV,AL,ASO,ES,Combined TRACON& Tower with Radar,44,17,31,55,147,0,2,35,19,56,44,19,66,74,203,40,80,120,323
06/24/2021,HSV,AL,ASO,ES,Combined TRACON& Tower with Radar,43,17,23,35,118,0,2,37,11,50,43,19,60,46,168,0,74,74,242
06/25/2021,HSV,AL,ASO,ES,Combined TRACON& Tower with Radar,43,23,20,108,194,0,0,17,16,33,43,23,37,124,227,4,148,152,379
06/26/2021,HSV,AL,ASO,ES,Combined TRACON& Tower with Radar,35,17,20,3,75,0,0,32,4,36,35,17,52,7,111,6,4,10,121
06/27/2021,HSV,AL,ASO,ES,Combined TRACON& Tower with Radar,41,25,13,21,100,0,0,18,10,28,41,25,31,31,128,6,0,6,134
06/28/2021,HSV,AL,ASO,ES,Combined TRACON& Tower with Radar,42,18,19,33,112,0,4,22,13,39,42,22,41,46,151,6,72,78,229
06/29/2021,HSV,AL,ASO,ES,Combined TRACON& Tower with Radar,43,17,14,10,84,0,2,21,2,25,43,19,35,12,109,2,40,42,151
06/30/2021,HSV,AL,ASO,ES,Combined TRACON& Tower with Radar,41,17,26,42,126,0,0,33,15,48,41,17,59,57,174,10,40,50,224
07/01/2021,HSV,AL,ASO,ES,Combined TRACON& Tower with Radar,44,14,23,11,92,0,0,12,2,14,44,14,35,13,106,0,80,80,186
07/02/2021,HSV,AL,ASO,ES,Combined TRACON& Tower with Radar,36,25,12,0,73,0,0,16,0,16,36,25,28,0,89,20,0,20,109
07/03/2021,HSV,AL,ASO,ES,Combined TRACON& Tower with Radar,29,21,18,0,68,0,0,61,0,61,29,21,79,0,129,0,0,0,129
07/04/2021,HSV,AL,ASO,ES,Combined TRACON& Tower with Radar,27,13,8,0,48,0,0,31,0,31,27,13,39,0,79,6,0,6,85
07/05/2021,HSV,AL,ASO,ES,Combined TRACON& Tower with Radar,37,17,19,2,75,0,0,55,0,55,37,17,74,2,130,6,0,6,136
07/06/2021,HSV,AL,ASO,ES,Combined TRACON& Tower with Radar,42,29,22,63,156,0,0,32,10,42,42,29,54,73,198,6,52,58,256
07/07/2021,HSV,AL,ASO,ES,Combined TRACON& Tower with Radar,36,42,13,1,92,0,0,0,0,0,36,42,13,1,92,0,0,0,92
07/08/2021,HSV,AL,ASO,ES,Combined TRACON& Tower with Radar,39,45,32,10,126,0,1,30,8,39,39,46,62,18,165,4,26,30,195
07/09/2021,HSV,AL,ASO,ES,Combined TRACON& Tower with Radar,38,23,33,5,99,0,0,3,1,4,38,23,36,6,103,0,0,0,103
07/10/2021,HSV,AL,ASO,ES,Combined TRACON& Tower with Radar,35,26,13,28,102,0,1,20,4,25,35,27,33,32,127,10,12,22,149
07/11/2021,HSV,AL,ASO,ES,Combined TRACON& Tower with Radar,39,18,18,13,88,0,0,0,0,0,39,18,18,13,88,0,0,0,88
07/12/2021,HSV,AL,ASO,ES,Combined TRACON& Tower with Radar,36,25,15,20,96,0,0,5,0,5,36,25,20,20,101,0,0,0,101
07/13/2021,HSV,AL,ASO,ES,Combined TRACON& Tower with Radar,41,18,13,12,84,0,0,8,10,18,41,18,21,22,102,0,12,12,114
07/14/2021,HSV,AL,ASO,ES,Combined TRACON& Tower with Radar,39,19,20,67,145,0,2,37,7,46,39,21,57,74,191,16,38,54,245
07/15/2021,HSV,AL,ASO,ES,Combined TRACON& Tower with Radar,46,29,23,73,171,0,0,58,9,67,46,29,81,82,238,8,38,46,284
07/16/2021,HSV,AL,ASO,ES,Combined TRACON& Tower with Radar,46,25,31,18,120,0,4,35,9,48,46,29,66,27,168,22,66,88,256
07/17/2021,HSV,AL,ASO,ES,Combined TRACON& Tower with Radar,33,25,7,7,72,0,0,0,0,0,33,25,7,7,72,0,0,0,72
07/18/2021,HSV,AL,ASO,ES,Combined TRACON& Tower with Radar,45,21,14,4,84,0,0,1,3,4,45,21,15,7,88,0,0,0,88
07/19/2021,HSV,AL,ASO,ES,Combined TRACON& Tower with Radar,39,26,16,19,100,0,0,1,3,4,39,26,17,22,104,0,0,0,104
07/20/2021,HSV,AL,ASO,ES,Combined TRACON& Tower with Radar,40,24,11,12,87,0,0,5,7,12,40,24,16,19,99,0,14,14,113
07/21/2021,HSV,AL,ASO,ES,Combined TRACON& Tower with Radar,34,25,30,25,114,0,0,23,6,29,34,25,53,31,143,0,0,0,143
07/22/2021,HSV,AL,ASO,ES,Combined TRACON& Tower with Radar,51,22,39,18,130,0,1,33,6,40,51,23,72,24,170,0,0,0,170
07/23/2021,HSV,AL,ASO,ES,Combined TRACON& Tower with Radar,45,26,24,32,127,0,0,36,11,47,45,26,60,43,174,0,0,0,174
07/24/2021,HSV,AL,ASO,ES,Combined TRACON& Tower with Radar,34,27,26,12,99,0,2,50,5,57,34,29,76,17,156,0,0,0,156
07/25/2021,HSV,AL,ASO,ES,Combined TRACON& Tower with Radar,48,29,22,17,116,0,0,29,3,32,48,29,51,20,148,0,0,0,148
07/26/2021,HSV,AL,ASO,ES,Combined TRACON& Tower with Radar,49,23,9,7,88,0,0,22,5,27,49,23,31,12,115,0,0,0,115
07/27/2021,HSV,AL,ASO,ES,Combined TRACON& Tower with Radar,50,26,16,36,128,0,0,33,5,38,50,26,49,41,166,0,0,0,166
07/28/2021,HSV,AL,ASO,ES,Combined TRACON& Tower with Radar,39,18,29,58,144,0,0,45,30,75,39,18,74,88,219,0,0,0,219
07/29/2021,HSV,AL,ASO,ES,Combined TRACON& Tower with Radar,47,26,24,37,134,0,0,48,6,54,47,26,72,43,188,0,0,0,188
07/30/2021,HSV,AL,ASO,ES,Combined TRACON& Tower with Radar,42,27,28,36,133,0,0,28,11,39,42,27,56,47,172,0,0,0,172
07/31/2021,HSV,AL,ASO,ES,Combined TRACON& Tower with Radar,32,26,19,8,85,0,0,5,5,10,32,26,24,13,95,0,0,0,95
08/01/2021,HSV,AL,ASO,ES,Combined TRACON& Tower with Radar,39,17,24,3,83,0,0,10,0,10,39,17,34,3,93,6,0,6,99
08/02/2021,HSV,AL,ASO,ES,Combined TRACON& Tower with Radar,42,26,18,61,147,0,0,26,3,29,42,26,44,64,176,4,74,78,254
08/03/2021,HSV,AL,ASO,ES,Combined TRACON& Tower with Radar,50,22,14,65,151,0,1,50,17,68,50,23,64,82,219,4,192,196,415
08/04/2021,HSV,AL,ASO,ES,Combined TRACON& Tower with Radar,39,19,24,41,123,0,2,39,6,47,39,21,63,47,170,8,98,106,276
08/05/2021,HSV,AL,ASO,ES,Combined TRACON& Tower with Radar,46,17,29,39,131,0,0,33,10,43,46,17,62,49,174,0,0,0,174
08/06/2021,HSV,AL,ASO,ES,Combined TRACON& Tower with Radar,38,19,23,68,148,0,0,33,13,46,38,19,56,81,194,0,0,0,194
08/07/2021,HSV,AL,ASO,ES,Combined TRACON& Tower with Radar,31,16,7,4,58,0,0,28,0,28,31,16,35,4,86,0,0,0,86
08/08/2021,HSV,AL,ASO,ES,Combined TRACON& Tower with Radar,40,18,33,31,122,0,0,35,2,37,40,18,68,33,159,2,0,2,161
08/09/2021,HSV,AL,ASO,ES,Combined TRACON& Tower with Radar,44,17,18,21,100,0,0,21,7,28,44,17,39,28,128,12,44,56,184
08/10/2021,HSV,AL,ASO,ES,Combined TRACON& Tower with Radar,42,23,22,17,104,0,0,30,5,35,42,23,52,22,139,6,64,70,209
08/11/2021,HSV,AL,ASO,ES,Combined TRACON& Tower with Radar,39,27,16,27,109,0,0,24,8,32,39,27,40,35,141,10,84,94,235
08/12/2021,HSV,AL,ASO,ES,Combined TRACON& Tower with Radar,45,21,30,53,149,0,0,31,8,39,45,21,61,61,188,4,80,84,272
08/13/2021,HSV,AL,ASO,ES,Combined TRACON& Tower with Radar,39,19,17,14,89,0,0,13,1,14,39,19,30,15,103,0,28,28,131
08/14/2021,HSV,AL,ASO,ES,Combined TRACON& Tower with Radar,28,23,18,6,75,0,0,22,0,22,28,23,40,6,97,0,0,0,97
08/15/2021,HSV,AL,ASO,ES,Combined TRACON& Tower with Radar,45,14,15,14,88,0,0,5,0,5,45,14,20,14,93,0,0,0,93
08/16/2021,HSV,AL,ASO,ES,Combined TRACON& Tower with Radar,41,18,19,71,149,0,0,8,6,14,41,18,27,77,163,0,102,102,265
08/17/2021,HSV,AL,ASO,ES,Combined TRACON& Tower with Radar,39,20,25,46,130,0,0,24,1,25,39,20,49,47,155,0,98,98,253
08/18/2021,HSV,AL,ASO,ES,Combined TRACON& Tower with Radar,36,16,30,34,116,0,0,27,10,37,36,16,57,44,153,0,0,0,153
08/19/2021,HSV,AL,ASO,ES,Combined TRACON& Tower with Radar,49,21,25,4,99,0,0,6,2,8,49,21,31,6,107,0,0,0,107
08/20/2021,HSV,AL,ASO,ES,Combined TRACON& Tower with Radar,42,22,25,40,129,0,0,5,4,9,42,22,30,44,138,0,0,0,138
08/21/2021,HSV,AL,ASO,ES,Combined TRACON& Tower with Radar,32,18,16,2,68,0,0,5,2,7,32,18,21,4,75,0,0,0,75
08/22/2021,HSV,AL,ASO,ES,Combined TRACON& Tower with Radar,50,16,27,10,103,0,0,22,0,22,50,16,49,10,125,2,0,2,127
08/23/2021,HSV,AL,ASO,ES,Combined TRACON& Tower with Radar,43,23,23,37,126,0,1,45,6,52,43,24,68,43,178,0,68,68,246
08/24/2021,HSV,AL,ASO,ES,Combined TRACON& Tower with Radar,38,18,20,22,98,0,2,47,10,59,38,20,67,32,157,18,50,68,225
08/25/2021,HSV,AL,ASO,ES,Combined TRACON& Tower with Radar,42,19,26,51,138,0,4,45,8,57,42,23,71,59,195,0,58,58,253
08/26/2021,HSV,AL,ASO,ES,Combined TRACON& Tower with Radar,48,22,17,29,116,0,5,34,5,44,48,27,51,34,160,0,0,0,160
08/27/2021,HSV,AL,ASO,ES,Combined TRACON& Tower with Radar,41,19,23,41,124,0,0,37,5,42,41,19,60,46,166,0,0,0,166
08/28/2021,HSV,AL,ASO,ES,Combined TRACON& Tower with Radar,31,15,18,8,72,0,4,43,2,49,31,19,61,10,121,0,0,0,121
08/29/2021,HSV,AL,ASO,ES,Combined TRACON& Tower with Radar,46,15,20,18,99,0,0,17,0,17,46,15,37,18,116,4,4,8,124
08/30/2021,HSV,AL,ASO,ES,Combined TRACON& Tower with Radar,41,20,14,0,75,0,1,8,0,9,41,21,22,0,84,6,0,6,90
08/31/2021,HSV,AL,ASO,ES,Combined TRACON& Tower with Radar,41,31,8,0,80,0,0,0,0,0,41,31,8,0,80,0,0,0,80
09/01/2021,HSV,AL,ASO,ES,Combined TRACON& Tower with Radar,39,30,37,9,115,0,0,14,3,17,39,30,51,12,132,0,0,0,132
09/02/2021,HSV,AL,ASO,ES,Combined TRACON& Tower with Radar,42,23,32,25,122,0,3,49,11,63,42,26,81,36,185,0,0,0,185
09/03/2021,HSV,AL,ASO,ES,Combined TRACON& Tower with Radar,43,25,27,10,105,0,8,47,3,58,43,33,74,13,163,0,0,0,163
09/04/2021,HSV,AL,ASO,ES,Combined TRACON& Tower with Radar,32,18,6,0,56,0,2,38,0,40,32,20,44,0,96,0,0,0,96
09/05/2021,HSV,AL,ASO,ES,Combined TRACON& Tower with Radar,34,18,13,0,65,0,1,19,0,20,34,19,32,0,85,0,0,0,85
09/06/2021,HSV,AL,ASO,ES,Combined TRACON& Tower with Radar,35,17,24,3,79,0,0,23,1,24,35,17,47,4,103,0,8,8,111
09/07/2021,HSV,AL,ASO,ES,Combined TRACON& Tower with Radar,39,16,34,47,136,0,6,42,7,55,39,22,76,54,191,26,60,86,277
09/08/2021,HSV,AL,ASO,ES,Combined TRACON& Tower with Radar,42,16,29,48,135,0,5,32,11,48,42,21,61,59,183,0,94,94,277
09/09/2021,HSV,AL,ASO,ES,Combined TRACON& Tower with Radar,52,19,35,25,131,0,4,44,3,51,52,23,79,28,182,2,46,48,230
09/10/2021,HSV,AL,ASO,ES,Combined TRACON& Tower with Radar,45,19,14,40,118,0,4,47,13,64,45,23,61,53,182,0,80,80,262
09/11/2021,HSV,AL,ASO,ES,Combined TRACON& Tower with Radar,33,18,13,16,80,0,6,43,17,66,33,24,56,33,146,8,52,60,206
09/12/2021,HSV,AL,ASO,ES,Combined TRACON& Tower with Radar,53,13,21,5,92,0,0,33,4,37,53,13,54,9,129,14,0,14,143
09/13/2021,HSV,AL,ASO,ES,Combined TRACON& Tower with Radar,46,22,27,60,155,0,0,35,13,48,46,22,62,73,203,4,106,110,313
09/14/2021,HSV,AL,ASO,ES,Combined TRACON& Tower with Radar,37,27,16,39,119,0,0,21,15,36,37,27,37,54,155,4,108,112,267
09/15/2021,HSV,AL,ASO,ES,Combined TRACON& Tower with Radar,41,24,25,46,136,0,2,4,5,11,41,26,29,51,147,2,94,96,243
09/16/2021,HSV,AL,ASO,ES,Combined TRACON& Tower with Radar,49,27,28,60,164,0,2,8,11,21,49,29,36,71,185,14,94,108,293
09/17/2021,HSV,AL,ASO,ES,Combined TRACON& Tower with Radar,50,30,35,59,174,0,0,5,4,9,50,30,40,63,183,6,56,62,245
09/18/2021,HSV,AL,ASO,ES,Combined TRACON& Tower with Radar,34,21,11,0,66,0,0,0,0,0,34,21,11,0,66,0,0,0,66
09/19/2021,HSV,AL,ASO,ES,Combined TRACON& Tower with Radar,51,12,19,1,83,0,0,1,0,1,51,12,20,1,84,0,0,0,84
09/20/2021,HSV,AL,ASO,ES,Combined TRACON& Tower with Radar,47,25,21,4,97,0,0,2,2,4,47,25,23,6,101,0,0,0,101
09/21/2021,HSV,AL,ASO,ES,Combined TRACON& Tower with Radar,40,23,21,7,91,0,0,9,5,14,40,23,30,12,105,0,0,0,105
09/22/2021,HSV,AL,ASO,ES,Combined TRACON& Tower with Radar,39,31,28,23,121,0,2,11,8,21,39,33,39,31,142,0,0,0,142
09/23/2021,HSV,AL,ASO,ES,Combined TRACON& Tower with Radar,49,27,27,17,120,0,0,75,14,89,49,27,102,31,209,8,60,68,277
09/24/2021,HSV,AL,ASO,ES,Combined TRACON& Tower with Radar,45,24,23,17,109,0,5,47,15,67,45,29,70,32,176,30,32,62,238
09/25/2021,HSV,AL,ASO,ES,Combined TRACON& Tower with Radar,34,18,20,6,78,0,2,36,4,42,34,20,56,10,120,0,0,0,120
09/26/2021,HSV,AL,ASO,ES,Combined TRACON& Tower with Radar,51,19,25,8,103,0,0,43,1,44,51,19,68,9,147,6,0,6,153
09/27/2021,HSV,AL,ASO,ES,Combined TRACON& Tower with Radar,46,21,24,46,137,0,0,35,13,48,46,21,59,59,185,4,70,74,259
09/28/2021,HSV,AL,ASO,ES,Combined TRACON& Tower with Radar,37,24,22,56,139,0,2,28,6,36,37,26,50,62,175,8,134,142,317
09/29/2021,HSV,AL,ASO,ES,Combined TRACON& Tower with Radar,39,20,29,61,149,0,4,36,15,55,39,24,65,76,204,22,144,166,370
09/30/2021,HSV,AL,ASO,ES,Combined TRACON& Tower with Radar,48,18,22,42,130,0,0,40,11,51,48,18,62,53,181,8,142,150,331
10/01/2021,HSV,AL,ASO,ES,Combined TRACON& Tower with Radar,46,25,31,34,136,0,0,43,11,54,46,25,74,45,190,16,86,102,292
10/02/2021,HSV,AL,ASO,ES,Combined TRACON& Tower with Radar,32,21,21,30,104,0,0,38,3,41,32,21,59,33,145,0,0,0,145
10/03/2021,HSV,AL,ASO,ES,Combined TRACON& Tower with Radar,50,23,27,1,101,0,0,1,1,2,50,23,28,2,103,0,0,0,103
10/04/2021,HSV,AL,ASO,ES,Combined TRACON& Tower with Radar,44,26,22,20,112,0,2,9,3,14,44,28,31,23,126,0,40,40,166
10/05/2021,HSV,AL,ASO,ES,Combined TRACON& Tower with Radar,40,22,14,15,91,0,0,5,1,6,40,22,19,16,97,0,18,18,115
10/06/2021,HSV,AL,ASO,ES,Combined TRACON& Tower with Radar,36,23,19,13,91,0,0,0,0,0,36,23,19,13,91,0,0,0,91
10/07/2021,HSV,AL,ASO,ES,Combined TRACON& Tower with Radar,55,32,31,14,132,0,1,27,3,31,55,33,58,17,163,0,10,10,173
10/08/2021,HSV,AL,ASO,ES,Combined TRACON& Tower with Radar,47,26,28,5,106,0,0,43,2,45,47,26,71,7,151,6,54,60,211
10/09/2021,HSV,AL,ASO,ES,Combined TRACON& Tower with Radar,37,30,26,0,93,0,0,34,0,34,37,30,60,0,127,4,0,4,131
10/10/2021,HSV,AL,ASO,ES,Combined TRACON& Tower with Radar,48,24,16,5,93,0,1,39,0,40,48,25,55,5,133,0,0,0,133
10/11/2021,HSV,AL,ASO,ES,Combined TRACON& Tower with Radar,46,24,33,0,103,0,2,29,0,31,46,26,62,0,134,0,0,0,134
10/12/2021,HSV,AL,ASO,ES,Combined TRACON& Tower with Radar,45,22,32,21,120,0,4,13,3,20,45,26,45,24,140,14,20,34,174
10/13/2021,HSV,AL,ASO,ES,Combined TRACON& Tower with Radar,40,23,38,34,135,0,0,33,6,39,40,23,71,40,174,0,0,0,174
10/14/2021,HSV,AL,ASO,ES,Combined TRACON& Tower with Radar,54,28,23,56,161,0,0,31,12,43,54,28,54,68,204,0,118,118,322
10/15/2021,HSV,AL,ASO,ES,Combined TRACON& Tower with Radar,47,24,27,37,135,0,0,23,5,28,47,24,50,42,163,0,50,50,213
10/16/2021,HSV,AL,ASO,ES,Combined TRACON& Tower with Radar,36,23,8,0,67,0,0,34,0,34,36,23,42,0,101,0,0,0,101
10/17/2021,HSV,AL,ASO,ES,Combined TRACON& Tower with Radar,49,22,13,0,84,0,0,42,1,43,49,22,55,1,127,26,0,26,153
10/18/2021,HSV,AL,ASO,ES,Combined TRACON& Tower with Radar,45,19,17,48,129,0,0,40,10,50,45,19,57,58,179,12,34,46,225
10/19/2021,HSV,AL,ASO,ES,Combined TRACON& Tower with Radar,42,20,22,48,132,0,0,43,15,58,42,20,65,63,190,26,50,76,266
10/20/2021,HSV,AL,ASO,ES,Combined TRACON& Tower with Radar,44,22,29,57,152,0,1,47,20,68,44,23,76,77,220,12,90,102,322
10/21/2021,HSV,AL,ASO,ES,Combined TRACON& Tower with Radar,51,30,31,26,138,0,0,9,1,10,51,30,40,27,148,14,22,36,184
10/22/2021,HSV,AL,ASO,ES,Combined TRACON& Tower with Radar,49,24,30,28,131,0,2,42,7,51,49,26,72,35,182,8,0,8,190
10/23/2021,HSV,AL,ASO,ES,Combined TRACON& Tower with Radar,39,24,29,2,94,0,0,41,0,41,39,24,70,2,135,0,0,0,135
10/24/2021,HSV,AL,ASO,ES,Combined TRACON& Tower with Radar,49,25,28,9,111,0,0,48,2,50,49,25,76,11,161,0,0,0,161
10/25/2021,HSV,AL,ASO,ES,Combined TRACON& Tower with Radar,46,29,17,6,98,0,0,5,0,5,46,29,22,6,103,0,0,0,103
10/26/2021,HSV,AL,ASO,ES,Combined TRACON& Tower with Radar,44,27,41,38,150,0,0,39,10,49,44,27,80,48,199,20,30,50,249
10/27/2021,HSV,AL,ASO,ES,Combined TRACON& Tower with Radar,51,29,35,63,178,0,0,33,11,44,51,29,68,74,222,8,86,94,316
10/28/2021,HSV,AL,ASO,ES,Combined TRACON& Tower with Radar,53,31,31,24,139,0,0,0,2,2,53,31,31,26,141,0,14,14,155
10/29/2021,HSV,AL,ASO,ES,Combined TRACON& Tower with Radar,49,32,24,8,113,0,0,0,0,0,49,32,24,8,113,0,0,0,113
10/30/2021,HSV,AL,ASO,ES,Combined TRACON& Tower with Radar,36,25,20,1,82,0,0,1,1,2,36,25,21,2,84,0,0,0,84
10/31/2021,HSV,AL,ASO,ES,Combined TRACON& Tower with Radar,41,30,14,0,85,0,3,39,0,42,41,33,53,0,127,0,0,0,127
11/01/2021,HSV,AL,ASO,ES,Combined TRACON& Tower with Radar,45,27,23,9,104,0,0,34,4,38,45,27,57,13,142,14,36,50,192
11/02/2021,HSV,AL,ASO,ES,Combined TRACON& Tower with Radar,31,32,33,8,104,0,4,52,11,67,31,36,85,19,171,4,100,104,275
11/03/2021,HSV,AL,ASO,ES,Combined TRACON& Tower with Radar,38,18,33,17,106,0,0,17,8,25,38,18,50,25,131,4,70,74,205
11/04/2021,HSV,AL,ASO,ES,Combined TRACON& Tower with Radar,44,27,22,8,101,0,0,2,0,2,44,27,24,8,103,0,0,0,103
11/05/2021,HSV,AL,ASO,ES,Combined TRACON& Tower with Radar,42,31,44,21,138,0,1,17,4,22,42,32,61,25,160,0,0,0,160
11/06/2021,HSV,AL,ASO,ES,Combined TRACON& Tower with Radar,32,31,28,0,91,0,0,51,1,52,32,31,79,1,143,18,0,18,161
11/07/2021,HSV,AL,ASO,ES,Combined TRACON& Tower with Radar,45,20,20,16,101,0,0,52,0,52,45,20,72,16,153,2,0,2,155
11/08/2021,HSV,AL,ASO,ES,Combined TRACON& Tower with Radar,43,28,19,44,134,0,2,53,4,59,43,30,72,48,193,36,62,98,291
11/09/2021,HSV,AL,ASO,ES,Combined TRACON& Tower with Radar,36,27,34,22,119,0,0,39,17,56,36,27,73,39,175,14,76,90,265
11/10/2021,HSV,AL,ASO,ES,Combined TRACON& Tower with Radar,37,36,29,25,127,0,2,27,9,38,37,38,56,34,165,20,76,96,261
11/11/2021,HSV,AL,ASO,ES,Combined TRACON& Tower with Radar,44,21,16,1,82,0,2,2,0,4,44,23,18,1,86,0,0,0,86
11/12/2021,HSV,AL,ASO,ES,Combined TRACON& Tower with Radar,45,22,24,10,101,0,0,47,9,56,45,22,71,19,157,0,0,0,157
11/13/2021,HSV,AL,ASO,ES,Combined TRACON& Tower with Radar,33,21,9,6,69,0,0,49,0,49,33,21,58,6,118,0,0,0,118
11/14/2021,HSV,AL,ASO,ES,Combined TRACON& Tower with Radar,47,24,25,1,97,0,0,27,4,31,47,24,52,5,128,0,0,0,128
11/15/2021,HSV,AL,ASO,ES,Combined TRACON& Tower with Radar,43,27,30,63,163,0,0,51,14,65,43,27,81,77,228,6,62,68,296
11/16/2021,HSV,AL,ASO,ES,Combined TRACON& Tower with Radar,35,20,22,44,121,0,0,48,11,59,35,20,70,55,180,179,26,205,385
11/17/2021,HSV,AL,ASO,ES,Combined TRACON& Tower with Radar,42,19,30,29,120,0,2,45,6,53,42,21,75,35,173,34,82,116,289
11/18/2021,HSV,AL,ASO,ES,Combined TRACON& Tower with Radar,45,22,23,19,109,0,0,6,4,10,45,22,29,23,119,0,0,0,119
11/19/2021,HSV,AL,ASO,ES,Combined TRACON& Tower with Radar,46,31,12,18,107,0,0,33,13,46,46,31,45,31,153,6,50,56,209
11/20/2021,HSV,AL,ASO,ES,Combined TRACON& Tower with Radar,33,23,20,4,80,0,2,28,6,36,33,25,48,10,116,0,0,0,116
11/21/2021,HSV,AL,ASO,ES,Combined TRACON& Tower with Radar,41,14,18,2,75,0,0,20,0,20,41,14,38,2,95,16,0,16,111
11/22/2021,HSV,AL,ASO,ES,Combined TRACON& Tower with Radar,39,24,33,56,152,0,0,39,19,58,39,24,72,75,210,20,126,146,356
11/23/2021,HSV,AL,ASO,ES,Combined TRACON& Tower with Radar,43,26,23,38,130,0,3,46,19,68,43,29,69,57,198,26,110,136,334
11/24/2021,HSV,AL,ASO,ES,Combined TRACON& Tower with Radar,51,24,19,14,108,0,0,31,4,35,51,24,50,18,143,4,58,62,205
11/25/2021,HSV,AL,ASO,ES,Combined TRACON& Tower with Radar,18,11,6,0,35,0,0,0,0,0,18,11,6,0,35,0,0,0,35
11/26/2021,HSV,AL,ASO,ES,Combined TRACON& Tower with Radar,30,25,14,0,69,0,1,11,0,12,30,26,25,0,81,0,0,0,81
11/27/2021,HSV,AL,ASO,ES,Combined TRACON& Tower with Radar,38,23,8,0,69,0,1,22,0,23,38,24,30,0,92,0,0,0,92
11/28/2021,HSV,AL,ASO,ES,Combined TRACON& Tower with Radar,49,20,34,0,103,0,0,37,0,37,49,20,71,0,140,44,0,44,184
11/29/2021,HSV,AL,ASO,ES,Combined TRACON& Tower with Radar,45,27,36,32,140,0,0,26,13,39,45,27,62,45,179,20,72,92,271
11/30/2021,HSV,AL,ASO,ES,Combined TRACON& Tower with Radar,41,21,22,15,99,0,2,37,10,49,41,23,59,25,148,8,116,124,272
12/01/2021,HSV,AL,ASO,ES,Combined TRACON& Tower with Radar,43,24,15,38,120,0,0,17,6,23,43,24,32,44,143,0,110,110,253
12/02/2021,HSV,AL,ASO,ES,Combined TRACON& Tower with Radar,48,29,24,72,173,0,0,36,12,48,48,29,60,84,221,0,0,0,221
12/03/2021,HSV,AL,ASO,ES,Combined TRACON& Tower with Radar,50,29,19,29,127,0,0,44,4,48,50,29,63,33,175,16,66,82,257
12/04/2021,HSV,AL,ASO,ES,Combined TRACON& Tower with Radar,30,29,12,5,76,0,0,0,0,0,30,29,12,5,76,0,0,0,76
12/05/2021,HSV,AL,ASO,ES,Combined TRACON& Tower with Radar,39,28,15,27,109,0,0,18,0,18,39,28,33,27,127,0,0,0,127
12/06/2021,HSV,AL,ASO,ES,Combined TRACON& Tower with Radar,39,24,17,10,90,0,0,2,5,7,39,24,19,15,97,0,52,52,149
12/07/2021,HSV,AL,ASO,ES,Combined TRACON& Tower with Radar,43,24,19,57,143,0,0,41,30,71,43,24,60,87,214,10,102,112,326
12/08/2021,HSV,AL,ASO,ES,Combined TRACON& Tower with Radar,41,24,23,43,131,0,1,63,25,89,41,25,86,68,220,20,88,108,328
12/09/2021,HSV,AL,ASO,ES,Combined TRACON& Tower with Radar,49,26,25,38,138,0,0,15,19,34,49,26,40,57,172,8,98,106,278
12/10/2021,HSV,AL,ASO,ES,Combined TRACON& Tower with Radar,41,25,22,4,92,0,0,0,0,0,41,25,22,4,92,0,0,0,92
12/11/2021,HSV,AL,ASO,ES,Combined TRACON& Tower with Radar,32,20,4,1,57,0,0,2,0,2,32,20,6,1,59,0,0,0,59
12/12/2021,HSV,AL,ASO,ES,Combined TRACON& Tower with Radar,41,19,11,8,79,0,0,55,2,57,41,19,66,10,136,0,0,0,136
12/13/2021,HSV,AL,ASO,ES,Combined TRACON& Tower with Radar,41,25,33,52,151,0,0,39,17,56,41,25,72,69,207,0,0,0,207
12/14/2021,HSV,AL,ASO,ES,Combined TRACON& Tower with Radar,39,27,30,65,161,0,4,47,19,70,39,31,77,84,231,0,58,58,289
12/15/2021,HSV,AL,ASO,ES,Combined TRACON& Tower with Radar,37,19,45,46,147,0,0,31,10,41,37,19,76,56,188,2,60,62,250
12/16/2021,HSV,AL,ASO,ES,Combined TRACON& Tower with Radar,38,20,22,47,127,0,0,11,3,14,38,20,33,50,141,6,52,58,199
12/17/2021,HSV,AL,ASO,ES,Combined TRACON& Tower with Radar,40,24,33,10,107,0,0,4,0,4,40,24,37,10,111,0,0,0,111
12/18/2021,HSV,AL,ASO,ES,Combined TRACON& Tower with Radar,33,25,1,2,61,0,0,0,0,0,33,25,1,2,61,0,0,0,61
12/19/2021,HSV,AL,ASO,ES,Combined TRACON& Tower with Radar,39,19,24,15,97,0,0,13,0,13,39,19,37,15,110,14,0,14,124
12/20/2021,HSV,AL,ASO,ES,Combined TRACON& Tower with Radar,38,28,21,25,112,0,0,22,3,25,38,28,43,28,137,0,0,0,137
12/21/2021,HSV,AL,ASO,ES,Combined TRACON& Tower with Radar,38,25,15,25,103,0,0,63,7,70,38,25,78,32,173,0,70,70,243
12/22/2021,HSV,AL,ASO,ES,Combined TRACON& Tower with Radar,40,20,26,44,130,0,4,38,10,52,40,24,64,54,182,6,76,82,264
12/23/2021,HSV,AL,ASO,ES,Combined TRACON& Tower with Radar,35,22,20,2,79,0,0,43,0,43,35,22,63,2,122,0,0,0,122
12/24/2021,HSV,AL,ASO,ES,Combined TRACON& Tower with Radar,22,23,4,0,49,0,0,2,0,2,22,23,6,0,51,0,0,0,51
12/25/2021,HSV,AL,ASO,ES,Combined TRACON& Tower with Radar,19,20,8,0,47,0,0,4,0,4,19,20,12,0,51,0,0,0,51
12/26/2021,HSV,AL,ASO,ES,Combined TRACON& Tower with Radar,33,18,27,0,78,0,0,11,0,11,33,18,38,0,89,18,0,18,107
12/27/2021,HSV,AL,ASO,ES,Combined TRACON& Tower with Radar,35,19,18,5,77,0,0,0,0,0,35,19,18,5,77,0,0,0,77
12/28/2021,HSV,AL,ASO,ES,Combined TRACON& Tower with Radar,31,19,16,28,94,0,0,0,1,1,31,19,16,29,95,0,6,6,101
12/29/2021,HSV,AL,ASO,ES,Combined TRACON& Tower with Radar,39,17,4,3,63,0,0,2,1,3,39,17,6,4,66,0,0,0,66
12/30/2021,HSV,AL,ASO,ES,Combined TRACON& Tower with Radar,36,15,19,0,70,0,0,13,0,13,36,15,32,0,83,0,0,0,83
12/31/2021,HSV,AL,ASO,ES,Combined TRACON& Tower with Radar,23,20,20,0,63,0,0,1,0,1,23,20,21,0,64,0,0,0,64
01/01/2022,HSV,AL,ASO,ES,Combined TRACON& Tower with Radar,21,14,6,0,41,0,1,0,0,1,21,15,6,0,42,0,0,0,42
01/02/2022,HSV,AL,ASO,ES,Combined TRACON& Tower with Radar,27,21,11,0,59,0,0,0,0,0,27,21,11,0,59,0,0,0,59
01/03/2022,HSV,AL,ASO,ES,Combined TRACON& Tower with Radar,28,17,14,0,59,0,0,5,5,10,28,17,19,5,69,18,0,18,87
01/04/2022,HSV,AL,ASO,ES,Combined TRACON& Tower with Radar,31,13,18,7,69,0,0,43,4,47,31,13,61,11,116,22,0,22,138
01/05/2022,HSV,AL,ASO,ES,Combined TRACON& Tower with Radar,31,17,20,45,113,0,0,9,5,14,31,17,29,50,127,0,0,0,127
01/06/2022,HSV,AL,ASO,ES,Combined TRACON& Tower with Radar,36,13,11,4,64,0,0,0,0,0,36,13,11,4,64,0,0,0,64
01/07/2022,HSV,AL,ASO,ES,Combined TRACON& Tower with Radar,36,20,21,28,105,0,0,21,9,30,36,20,42,37,135,0,14,14,149
01/08/2022,HSV,AL,ASO,ES,Combined TRACON& Tower with Radar,24,23,14,25,86,0,0,42,12,54,24,23,56,37,140,2,12,14,154
01/09/2022,HSV,AL,ASO,ES,Combined TRACON& Tower with Radar,29,21,7,0,57,0,0,0,0,0,29,21,7,0,57,0,0,0,57
01/10/2022,HSV,AL,ASO,ES,Combined TRACON& Tower with Radar,36,25,22,26,109,0,0,21,9,30,36,25,43,35,139,0,0,0,139
01/11/2022,HSV,AL,ASO,ES,Combined TRACON& Tower with Radar,30,18,17,50,115,0,0,34,7,41,30,18,51,57,156,4,6,10,166
01/12/2022,HSV,AL,ASO,ES,Combined TRACON& Tower with Radar,35,21,23,29,108,0,2,31,12,45,35,23,54,41,153,0,0,0,153
01/13/2022,HSV,AL,ASO,ES,Combined TRACON& Tower with Radar,37,23,8,9,77,0,0,44,1,45,37,23,52,10,122,38,0,38,160
01/14/2022,HSV,AL,ASO,ES,Combined TRACON& Tower with Radar,34,21,30,6,91,0,0,50,4,54,34,21,80,10,145,54,20,74,219
01/15/2022,HSV,AL,ASO,ES,Combined TRACON& Tower with Radar,20,18,13,1,52,0,0,17,0,17,20,18,30,1,69,0,0,0,69
01/16/2022,HSV,AL,ASO,ES,Combined TRACON& Tower with Radar,18,13,4,1,36,0,0,0,0,0,18,13,4,1,36,0,0,0,36
01/17/2022,HSV,AL,ASO,ES,Combined TRACON& Tower with Radar,37,23,22,3,85,0,0,2,0,2,37,23,24,3,87,0,0,0,87
01/18/2022,HSV,AL,ASO,ES,Combined TRACON& Tower with Radar,30,14,31,20,95,0,0,67,6,73,30,14,98,26,168,0,0,0,168
01/19/2022,HSV,AL,ASO,ES,Combined TRACON& Tower with Radar,31,17,24,13,85,0,0,5,5,10,31,17,29,18,95,0,134,134,229
01/20/2022,HSV,AL,ASO,ES,Combined TRACON& Tower with Radar,36,14,11,23,84,0,0,1,3,4,36,14,12,26,88,0,4,4,92
01/21/2022,HSV,AL,ASO,ES,Combined TRACON& Tower with Radar,32,16,8,18,74,0,0,24,6,30,32,16,32,24,104,0,82,82,186
01/22/2022,HSV,AL,ASO,ES,Combined TRACON& Tower with Radar,22,20,9,4,55,0,2,50,0,52,22,22,59,4,107,22,0,22,129
01/23/2022,HSV,AL,ASO,ES,Combined TRACON& Tower with Radar,38,17,26,9,90,0,5,50,2,57,38,22,76,11,147,20,0,20,167
01/24/2022,HSV,AL,ASO,ES,Combined TRACON& Tower with Radar,35,22,28,33,118,0,2,42,6,50,35,24,70,39,168,0,140,140,308
01/25/2022,HSV,AL,ASO,ES,Combined TRACON& Tower with Radar,27,16,18,54,115,0,2,28,11,41,27,18,46,65,156,0,154,154,310
01/26/2022,HSV,AL,ASO,ES,Combined TRACON& Tower with Radar,33,20,24,32,109,0,0,41,8,49,33,20,65,40,158,0,32,32,190
01/27/2022,HSV,AL,ASO,ES,Combined TRACON& Tower with Radar,39,23,19,23,104,0,2,39,6,47,39,25,58,29,151,16,32,48,199
01/28/2022,HSV,AL,ASO,ES,Combined TRACON& Tower with Radar,48,20,9,29,106,0,2,16,2,20,48,22,25,31,126,14,18,32,158
01/29/2022,HSV,AL,ASO,ES,Combined TRACON& Tower with Radar,26,23,10,2,61,0,6,47,2,55,26,29,57,4,116,28,0,28,144
01/30/2022,HSV,AL,ASO,ES,Combined TRACON& Tower with Radar,33,20,20,2,75,0,5,45,2,52,33,25,65,4,127,14,0,14,141
01/31/2022,HSV,AL,ASO,ES,Combined TRACON& Tower with Radar,35,22,19,24,100,0,6,22,12,40,35,28,41,36,140,2,122,124,264
02/01/2022,HSV,AL,ASO,ES,Combined TRACON& Tower with Radar,27,18,20,35,100,0,3,27,14,44,27,21,47,49,144,12,68,80,224
02/02/2022,HSV,AL,ASO,ES,Combined TRACON& Tower with Radar,30,20,13,7,70,0,0,0,0,0,30,20,13,7,70,0,0,0,70
02/03/2022,HSV,AL,ASO,ES,Combined TRACON& Tower with Radar,27,23,5,0,55,0,0,0,0,0,27,23,5,0,55,0,0,0,55
02/04/2022,HSV,AL,ASO,ES,Combined TRACON& Tower with Radar,32,19,7,0,58,0,0,0,0,0,32,19,7,0,58,0,0,0,58
02/05/2022,HSV,AL,ASO,ES,Combined TRACON& Tower with Radar,25,18,14,2,59,0,3,54,3,60,25,21,68,5,119,0,0,0,119
02/06/2022,HSV,AL,ASO,ES,Combined TRACON& Tower with Radar,35,28,14,1,78,0,4,55,1,60,35,32,69,2,138,42,0,42,180
02/07/2022,HSV,AL,ASO,ES,Combined TRACON& Tower with Radar,35,19,15,58,127,0,15,32,22,69,35,34,47,80,196,18,124,142,338
02/08/2022,HSV,AL,ASO,ES,Combined TRACON& Tower with Radar,36,33,25,33,127,3,11,36,14,64,39,44,61,47,191,26,102,128,319
02/09/2022,HSV,AL,ASO,ES,Combined TRACON& Tower with Radar,30,28,23,47,128,0,9,38,14,61,30,37,61,61,189,0,0,0,189
02/10/2022,HSV,AL,ASO,ES,Combined TRACON& Tower with Radar,35,25,17,40,117,0,8,43,15,66,35,33,60,55,183,22,138,160,343
02/11/2022,HSV,AL,ASO,ES,Combined TRACON& Tower with Radar,40,33,17,13,103,0,10,25,3,38,40,43,42,16,141,0,0,0,141
02/12/2022,HSV,AL,ASO,ES,Combined TRACON& Tower with Radar,23,26,10,20,79,0,6,26,0,32,23,32,36,20,111,6,0,6,117
02/13/2022,HSV,AL,ASO,ES,Combined TRACON& Tower with Radar,36,27,15,20,98,0,16,31,0,47,36,43,46,20,145,0,4,4,149
02/14/2022,HSV,AL,ASO,ES,Combined TRACON& Tower with Radar,41,25,13,39,118,0,3,31,4,38,41,28,44,43,156,6,90,96,252
02/15/2022,HSV,AL,ASO,ES,Combined TRACON& Tower with Radar,34,13,17,31,95,0,7,32,8,47,34,20,49,39,142,24,76,100,242
02/16/2022,HSV,AL,ASO,ES,Combined TRACON& Tower with Radar,35,20,23,22,100,0,0,13,13,26,35,20,36,35,126,0,0,0,126
02/17/2022,HSV,AL,ASO,ES,Combined TRACON& Tower with Radar,38,16,9,3,66,0,0,1,0,1,38,16,10,3,67,0,0,0,67
02/18/2022,HSV,AL,ASO,ES,Combined TRACON& Tower with Radar,39,26,27,9,101,0,4,26,2,32,39,30,53,11,133,12,20,32,165
02/19/2022,HSV,AL,ASO,ES,Combined TRACON& Tower with Radar,25,24,9,0,58,0,3,50,2,55,25,27,59,2,113,6,0,6,119
02/20/2022,HSV,AL,ASO,ES,Combined TRACON& Tower with Radar,29,20,20,0,69,0,2,49,0,51,29,22,69,0,120,14,0,14,134
02/21/2022,HSV,AL,ASO,ES,Combined TRACON& Tower with Radar,42,16,25,0,83,0,0,0,0,0,42,16,25,0,83,0,0,0,83
02/22/2022,HSV,AL,ASO,ES,Combined TRACON& Tower with Radar,39,23,31,8,101,0,0,1,0,1,39,23,32,8,102,0,8,8,110
02/23/2022,HSV,AL,ASO,ES,Combined TRACON& Tower with Radar,31,16,22,42,111,0,0,0,1,1,31,16,22,43,112,0,0,0,112
02/24/2022,HSV,AL,ASO,ES,Combined TRACON& Tower with Radar,35,18,22,4,79,0,0,2,0,2,35,18,24,4,81,0,0,0,81
02/25/2022,HSV,AL,ASO,ES,Combined TRACON& Tower with Radar,41,18,34,43,136,0,0,2,2,4,41,18,36,45,140,0,0,0,140
02/26/2022,HSV,AL,ASO,ES,Combined TRACON& Tower with Radar,20,21,10,0,51,0,0,3,1,4,20,21,13,1,55,0,0,0,55
02/27/2022,HSV,AL,ASO,ES,Combined TRACON& Tower with Radar,37,20,19,12,88,0,0,2,0,2,37,20,21,12,90,0,0,0,90
02/28/2022,HSV,AL,ASO,ES,Combined TRACON& Tower with Radar,42,21,24,19,106,0,6,41,3,50,42,27,65,22,156,4,74,78,234
03/01/2022,HSV,AL,ASO,ES,Combined TRACON& Tower with Radar,30,21,18,46,115,0,4,44,11,59,30,25,62,57,174,20,64,84,258
03/02/2022,HSV,AL,ASO,ES,Combined TRACON& Tower with Radar,34,26,17,31,108,0,7,49,10,66,34,33,66,41,174,22,28,50,224
03/03/2022,HSV,AL,ASO,ES,Combined TRACON& Tower with Radar,33,20,26,38,117,0,6,57,5,68,33,26,83,43,185,20,12,32,217
03/04/2022,HSV,AL,ASO,ES,Combined TRACON& Tower with Radar,33,29,16,20,98,0,5,63,2,70,33,34,79,22,168,16,12,28,196
03/05/2022,HSV,AL,ASO,ES,Combined TRACON& Tower with Radar,23,23,17,2,65,0,0,40,4,44,23,23,57,6,109,0,0,0,109
03/06/2022,HSV,AL,ASO,ES,Combined TRACON& Tower with Radar,29,22,24,16,91,0,0,23,1,24,29,22,47,17,115,6,0,6,121
03/07/2022,HSV,AL,ASO,ES,Combined TRACON& Tower with Radar,32,19,9,0,60,0,0,1,0,1,32,19,10,0,61,0,0,0,61
03/08/2022,HSV,AL,ASO,ES,Combined TRACON& Tower with Radar,32,23,17,53,125,0,2,11,7,20,32,25,28,60,145,0,40,40,185
03/09/2022,HSV,AL,ASO,ES,Combined TRACON& Tower with Radar,33,28,42,45,148,0,2,12,1,15,33,30,54,46,163,0,0,0,163
03/10/2022,HSV,AL,ASO,ES,Combined TRACON& Tower with Radar,40,23,28,72,163,0,7,34,15,56,40,30,62,87,219,18,128,146,365
03/11/2022,HSV,AL,ASO,ES,Combined TRACON& Tower with Radar,34,22,30,73,159,0,2,27,12,41,34,24,57,85,200,2,68,70,270
03/12/2022,HSV,AL,ASO,ES,Combined TRACON& Tower with Radar,22,39,10,9,80,0,3,13,2,18,22,42,23,11,98,2,20,22,120
03/13/2022,HSV,AL,ASO,ES,Combined TRACON& Tower with Radar,29,22,26,11,88,0,3,38,8,49,29,25,64,19,137,28,0,28,165
03/14/2022,HSV,AL,ASO,ES,Combined TRACON& Tower with Radar,31,29,21,52,133,0,6,31,6,43,31,35,52,58,176,16,84,100,276
03/15/2022,HSV,AL,ASO,ES,Combined TRACON& Tower with Radar,30,23,18,18,89,0,4,13,4,21,30,27,31,22,110,0,56,56,166
03/16/2022,HSV,AL,ASO,ES,Combined TRACON& Tower with Radar,42,31,29,23,125,0,0,3,0,3,42,31,32,23,128,0,0,0,128
03/17/2022,HSV,AL,ASO,ES,Combined TRACON& Tower with Radar,41,24,25,44,134,0,6,31,5,42,41,30,56,49,176,2,44,46,222
03/18/2022,HSV,AL,ASO,ES,Combined TRACON& Tower with Radar,34,20,10,22,86,0,0,2,3,5,34,20,12,25,91,0,0,0,91
03/19/2022,HSV,AL,ASO,ES,Combined TRACON& Tower with Radar,24,39,24,2,89,0,7,21,5,33,24,46,45,7,122,0,0,0,122
03/20/2022,HSV,AL,ASO,ES,Combined TRACON& Tower with Radar,26,36,17,3,82,0,5,55,1,61,26,41,72,4,143,20,2,22,165
03/21/2022,HSV,AL,ASO,ES,Combined TRACON& Tower with Radar,36,21,18,31,106,0,3,43,19,65,36,24,61,50,171,22,38,60,231
03/22/2022,HSV,AL,ASO,ES,Combined TRACON& Tower with Radar,33,25,10,8,76,0,0,3,4,7,33,25,13,12,83,6,14,20,103
03/23/2022,HSV,AL,ASO,ES,Combined TRACON& Tower with Radar,34,16,21,31,102,0,0,2,6,8,34,16,23,37,110,0,18,18,128
03/24/2022,HSV,AL,ASO,ES,Combined TRACON& Tower with Radar,37,27,18,33,115,0,2,33,3,38,37,29,51,36,153,2,30,32,185
03/25/2022,HSV,AL,ASO,ES,Combined TRACON& Tower with Radar,37,35,21,9,102,0,15,31,14,60,37,50,52,23,162,0,14,14,176
03/26/2022,HSV,AL,ASO,ES,Combined TRACON& Tower with Radar,31,19,9,2,61,0,5,23,10,38,31,24,32,12,99,0,0,0,99
03/27/2022,HSV,AL,ASO,ES,Combined TRACON& Tower with Radar,31,29,23,5,88,0,2,51,8,61,31,31,74,13,149,20,0,20,169
03/28/2022,HSV,AL,ASO,ES,Combined TRACON& Tower with Radar,34,22,24,47,127,0,9,34,22,65,34,31,58,69,192,24,138,162,354
03/29/2022,HSV,AL,ASO,ES,Combined TRACON& Tower with Radar,35,42,33,34,144,0,2,38,11,51,35,44,71,45,195,10,6,16,211
03/30/2022,HSV,AL,ASO,ES,Combined TRACON& Tower with Radar,34,13,12,5,64,0,0,3,4,7,34,13,15,9,71,0,0,0,71
03/31/2022,HSV,AL,ASO,ES,Combined TRACON& Tower with Radar,37,19,22,47,125,0,2,6,0,8,37,21,28,47,133,0,8,8,141
04/01/2022,HSV,AL,ASO,ES,Combined TRACON& Tower with Radar,36,37,25,20,118,0,3,43,8,54,36,40,68,28,172,0,8,8,180
04/02/2022,HSV,AL,ASO,ES,Combined TRACON& Tower with Radar,25,24,12,0,61,0,3,21,0,24,25,27,33,0,85,0,0,0,85
04/03/2022,HSV,AL,ASO,ES,Combined TRACON& Tower with Radar,35,27,25,20,107,0,8,43,0,51,35,35,68,20,158,6,8,14,172
04/04/2022,HSV,AL,ASO,ES,Combined TRACON& Tower with Radar,34,26,19,32,111,0,4,27,16,47,34,30,46,48,158,18,120,138,296
04/05/2022,HSV,AL,ASO,ES,Combined TRACON& Tower with Radar,45,25,16,23,109,0,0,0,1,1,45,25,16,24,110,0,0,0,110
04/06/2022,HSV,AL,ASO,ES,Combined TRACON& Tower with Radar,47,19,20,6,92,0,0,0,0,0,47,19,20,6,92,0,0,0,92
04/07/2022,HSV,AL,ASO,ES,Combined TRACON& Tower with Radar,45,26,15,59,145,0,4,23,25,52,45,30,38,84,197,6,178,184,381
04/08/2022,HSV,AL,ASO,ES,Combined TRACON& Tower with Radar,44,24,29,9,106,0,0,15,6,21,44,24,44,15,127,0,0,0,127
04/09/2022,HSV,AL,ASO,ES,Combined TRACON& Tower with Radar,36,23,7,11,77,0,4,24,3,31,36,27,31,14,108,0,0,0,108
04/10/2022,HSV,AL,ASO,ES,Combined TRACON& Tower with Radar,40,34,18,3,95,0,6,41,2,49,40,40,59,5,144,0,0,0,144
04/11/2022,HSV,AL,ASO,ES,Combined TRACON& Tower with Radar,51,21,14,18,104,0,1,6,0,7,51,22,20,18,111,8,22,30,141
04/12/2022,HSV,AL,ASO,ES,Combined TRACON& Tower with Radar,41,32,17,38,128,0,1,7,16,24,41,33,24,54,152,0,42,42,194
04/13/2022,HSV,AL,ASO,ES,Combined TRACON& Tower with Radar,40,17,27,45,129,0,0,6,5,11,40,17,33,50,140,2,70,72,212
04/14/2022,HSV,AL,ASO,ES,Combined TRACON& Tower with Radar,46,28,36,65,175,0,2,22,9,33,46,30,58,74,208,0,28,28,236
04/15/2022,HSV,AL,ASO,ES,Combined TRACON& Tower with Radar,44,28,22,47,141,0,1,46,17,64,44,29,68,64,205,6,122,128,333
04/16/2022,HSV,AL,ASO,ES,Combined TRACON& Tower with Radar,33,17,16,0,66,0,0,4,0,4,33,17,20,0,70,0,0,0,70
04/17/2022,HSV,AL,ASO,ES,Combined TRACON& Tower with Radar,42,15,7,0,64,0,2,2,0,4,42,17,9,0,68,0,0,0,68
04/18/2022,HSV,AL,ASO,ES,Combined TRACON& Tower with Radar,42,22,26,57,147,0,0,17,11,28,42,22,43,68,175,2,112,114,289
04/19/2022,HSV,AL,ASO,ES,Combined TRACON& Tower with Radar,43,18,24,54,139,0,2,55,25,82,43,20,79,79,221,42,98,140,361
04/20/2022,HSV,AL,ASO,ES,Combined TRACON& Tower with Radar,49,13,21,29,112,0,2,30,8,40,49,15,51,37,152,36,64,100,252
04/21/2022,HSV,AL,ASO,ES,Combined TRACON& Tower with Radar,45,17,19,36,117,0,3,29,7,39,45,20,48,43,156,0,36,36,192
04/22/2022,HSV,AL,ASO,ES,Combined TRACON& Tower with Radar,47,21,24,52,144,0,1,57,11,69,47,22,81,63,213,36,42,78,291
04/23/2022,HSV,AL,ASO,ES,Combined TRACON& Tower with Radar,35,21,24,5,85,0,0,30,1,31,35,21,54,6,116,0,0,0,116
04/24/2022,HSV,AL,ASO,ES,Combined TRACON& Tower with Radar,43,18,17,1,79,0,0,26,4,30,43,18,43,5,109,0,0,0,109
04/25/2022,HSV,AL,ASO,ES,Combined TRACON& Tower with Radar,48,17,14,27,106,0,0,9,8,17,48,17,23,35,123,12,66,78,201
04/26/2022,HSV,AL,ASO,ES,Combined TRACON& Tower with Radar,47,23,20,31,121,0,0,22,13,35,47,23,42,44,156,12,112,124,280
04/27/2022,HSV,AL,ASO,ES,Combined TRACON& Tower with Radar,43,22,25,23,113,0,0,52,14,66,43,22,77,37,179,76,82,158,337
04/28/2022,HSV,AL,ASO,ES,Combined TRACON& Tower with Radar,44,28,20,38,130,0,1,42,12,55,44,29,62,50,185,18,126,144,329
04/29/2022,HSV,AL,ASO,ES,Combined TRACON& Tower with Radar,48,28,29,29,134,0,2,24,5,31,48,30,53,34,165,4,68,72,237
04/30/2022,HSV,AL,ASO,ES,Combined TRACON& Tower with Radar,34,18,18,5,75,0,2,21,0,23,34,20,39,5,98,0,6,6,104
05/01/2022,HSV,AL,ASO,ES,Combined TRACON& Tower with Radar,42,20,23,2,87,0,2,12,3,17,42,22,35,5,104,20,0,20,124
05/02/2022,HSV,AL,ASO,ES,Combined TRACON& Tower with Radar,48,17,20,27,112,0,0,22,19,41,48,17,42,46,153,0,108,108,261
05/03/2022,HSV,AL,ASO,ES,Combined TRACON& Tower with Radar,41,23,13,39,116,0,0,3,15,18,41,23,16,54,134,4,140,144,278
05/04/2022,HSV,AL,ASO,ES,Combined TRACON& Tower with Radar,48,17,29,41,135,0,0,37,10,47,48,17,66,51,182,88,56,144,326
05/05/2022,HSV,AL,ASO,ES,Combined TRACON& Tower with Radar,43,23,26,34,126,0,2,34,18,54,43,25,60,52,180,34,96,130,310
05/06/2022,HSV,AL,ASO,ES,Combined TRACON& Tower with Radar,52,25,18,0,95,0,0,4,0,4,52,25,22,0,99,0,0,0,99
05/07/2022,HSV,AL,ASO,ES,Combined TRACON& Tower with Radar,30,24,23,2,79,0,0,3,0,3,30,24,26,2,82,0,0,0,82
05/08/2022,HSV,AL,ASO,ES,Combined TRACON& Tower with Radar,44,20,17,2,83,0,1,27,1,29,44,21,44,3,112,6,0,6,118
05/09/2022,HSV,AL,ASO,ES,Combined TRACON& Tower with Radar,47,23,27,30,127,0,0,31,17,48,47,23,58,47,175,22,114,136,311
05/10/2022,HSV,AL,ASO,ES,Combined TRACON& Tower with Radar,42,22,27,19,110,0,1,35,2,38,42,23,62,21,148,20,94,114,262
05/11/2022,HSV,AL,ASO,ES,Combined TRACON& Tower with Radar,46,19,27,33,125,0,1,41,14,56,46,20,68,47,181,2,154,156,337
05/12/2022,HSV,AL,ASO,ES,Combined TRACON& Tower with Radar,50,20,17,17,104,0,2,34,19,55,50,22,51,36,159,4,126,130,289
05/13/2022,HSV,AL,ASO,ES,Combined TRACON& Tower with Radar,43,24,29,42,138,0,6,32,27,65,43,30,61,69,203,4,213,217,420
05/14/2022,HSV,AL,ASO,ES,Combined TRACON& Tower with Radar,26,24,11,4,65,0,0,25,2,27,26,24,36,6,92,8,28,36,128
05/15/2022,HSV,AL,ASO,ES,Combined TRACON& Tower with Radar,45,18,16,3,82,0,0,35,0,35,45,18,51,3,117,36,12,48,165
05/16/2022,HSV,AL,ASO,ES,Combined TRACON& Tower with Radar,51,24,15,48,138,0,4,29,6,39,51,28,44,54,177,40,118,158,335
05/17/2022,HSV,AL,ASO,ES,Combined TRACON& Tower with Radar,46,32,19,39,136,0,3,35,7,45,46,35,54,46,181,20,42,62,243
05/18/2022,HSV,AL,ASO,ES,Combined TRACON& Tower with Radar,44,20,18,69,151,0,4,34,10,48,44,24,52,79,199,2,76,78,277
05/19/2022,HSV,AL,ASO,ES,Combined TRACON& Tower with Radar,46,19,34,42,141,0,0,37,10,47,46,19,71,52,188,0,158,158,346
05/20/2022,HSV,AL,ASO,ES,Combined TRACON& Tower with Radar,47,22,11,18,98,0,2,21,17,40,47,24,32,35,138,0,0,0,138
05/21/2022,HSV,AL,ASO,ES,Combined TRACON& Tower with Radar,26,27,16,2,71,0,0,12,0,12,26,27,28,2,83,0,0,0,83
05/22/2022,HSV,AL,ASO,ES,Combined TRACON& Tower with Radar,36,22,14,26,98,0,0,6,0,6,36,22,20,26,104,0,0,0,104
05/23/2022,HSV,AL,ASO,ES,Combined TRACON& Tower with Radar,53,30,22,31,136,0,0,0,0,0,53,30,22,31,136,0,0,0,136
05/24/2022,HSV,AL,ASO,ES,Combined TRACON& Tower with Radar,43,18,23,38,122,0,0,7,2,9,43,18,30,40,131,0,18,18,149
05/25/2022,HSV,AL,ASO,ES,Combined TRACON& Tower with Radar,46,17,15,3,81,0,0,0,2,2,46,17,15,5,83,0,0,0,83
05/26/2022,HSV,AL,ASO,ES,Combined TRACON& Tower with Radar,48,30,17,5,100,0,5,5,2,12,48,35,22,7,112,0,0,0,112
05/27/2022,HSV,AL,ASO,ES,Combined TRACON& Tower with Radar,41,33,27,3,104,0,4,27,5,36,41,37,54,8,140,16,28,44,184
05/28/2022,HSV,AL,ASO,ES,Combined TRACON& Tower with Radar,28,23,17,2,70,0,3,57,1,61,28,26,74,3,131,14,0,14,145
05/29/2022,HSV,AL,ASO,ES,Combined TRACON& Tower with Radar,39,15,16,0,70,0,4,42,1,47,39,19,58,1,117,0,0,0,117
05/30/2022,HSV,AL,ASO,ES,Combined TRACON& Tower with Radar,45,16,23,2,86,0,0,29,0,29,45,16,52,2,115,0,0,0,115
05/31/2022,HSV,AL,ASO,ES,Combined TRACON& Tower with Radar,43,20,27,36,126,0,6,42,17,65,43,26,69,53,191,12,104,116,307
06/01/2022,HSV,AL,ASO,ES,Combined TRACON& Tower with Radar,43,21,38,34,136,0,7,46,20,73,43,28,84,54,209,10,159,169,378
06/02/2022,HSV,AL,ASO,ES,Combined TRACON& Tower with Radar,47,17,19,13,96,0,0,10,5,15,47,17,29,18,111,0,36,36,147
06/03/2022,HSV,AL,ASO,ES,Combined TRACON& Tower with Radar,41,38,25,24,128,0,12,27,6,45,41,50,52,30,173,24,0,24,197
06/04/2022,HSV,AL,ASO,ES,Combined TRACON& Tower with Radar,27,22,6,11,66,0,8,34,2,44,27,30,40,13,110,20,0,20,130
06/05/2022,HSV,AL,ASO,ES,Combined TRACON& Tower with Radar,33,25,21,0,79,0,3,34,0,37,33,28,55,0,116,0,10,10,126
06/06/2022,HSV,AL,ASO,ES,Combined TRACON& Tower with Radar,46,25,19,13,103,0,4,26,4,34,46,29,45,17,137,24,0,24,161
06/07/2022,HSV,AL,ASO,ES,Combined TRACON& Tower with Radar,37,23,11,8,79,0,0,5,2,7,37,23,16,10,86,0,0,0,86
06/08/2022,HSV,AL,ASO,ES,Combined TRACON& Tower with Radar,37,24,27,4,92,0,0,4,3,7,37,24,31,7,99,0,0,0,99
06/09/2022,HSV,AL,ASO,ES,Combined TRACON& Tower with Radar,38,24,23,47,132,0,10,46,19,75,38,34,69,66,207,64,0,64,271
06/10/2022,HSV,AL,ASO,ES,Combined TRACON& Tower with Radar,40,38,23,18,119,0,2,25,8,35,40,40,48,26,154,0,0,0,154
06/11/2022,HSV,AL,ASO,ES,Combined TRACON& Tower with Radar,25,28,24,4,81,0,4,41,2,47,25,32,65,6,128,0,0,0,128
06/12/2022,HSV,AL,ASO,ES,Combined TRACON& Tower with Radar,33,25,18,4,80,0,2,51,3,56,33,27,69,7,136,10,0,10,146
06/13/2022,HSV,AL,ASO,ES,Combined TRACON& Tower with Radar,49,20,17,34,120,0,5,31,10,46,49,25,48,44,166,8,52,60,226
06/14/2022,HSV,AL,ASO,ES,Combined TRACON& Tower with Radar,37,26,18,87,168,0,2,47,24,73,37,28,65,111,241,14,212,226,467
06/15/2022,HSV,AL,ASO,ES,Combined TRACON& Tower with Radar,47,29,19,35,130,0,1,30,8,39,47,30,49,43,169,4,82,86,255
06/16/2022,HSV,AL,ASO,ES,Combined TRACON& Tower with Radar,37,26,21,64,148,0,6,30,11,47,37,32,51,75,195,10,192,202,397
06/17/2022,HSV,AL,ASO,ES,Combined TRACON& Tower with Radar,41,33,33,14,121,0,2,33,2,37,41,35,66,16,158,0,38,38,196
06/18/2022,HSV,AL,ASO,ES,Combined TRACON& Tower with Radar,20,28,13,4,65,0,2,21,1,24,20,30,34,5,89,0,0,0,89
06/19/2022,HSV,AL,ASO,ES,Combined TRACON& Tower with Radar,30,21,25,5,81,0,0,40,3,43,30,21,65,8,124,0,0,0,124
06/20/2022,HSV,AL,ASO,ES,Combined TRACON& Tower with Radar,42,23,13,1,79,0,2,36,0,38,42,25,49,1,117,20,0,20,137
06/21/2022,HSV,AL,ASO,ES,Combined TRACON& Tower with Radar,36,26,16,26,104,0,0,23,11,34,36,26,39,37,138,0,98,98,236
06/22/2022,HSV,AL,ASO,ES,Combined TRACON& Tower with Radar,37,24,22,19,102,0,4,22,17,43,37,28,44,36,145,14,82,96,241
06/23/2022,HSV,AL,ASO,ES,Combined TRACON& Tower with Radar,36,21,21,36,114,0,0,40,13,53,36,21,61,49,167,6,94,100,267
06/24/2022,HSV,AL,ASO,ES,Combined TRACON& Tower with Radar,38,23,13,81,155,0,2,39,25,66,38,25,52,106,221,20,98,118,339
06/25/2022,HSV,AL,ASO,ES,Combined TRACON& Tower with Radar,23,23,5,16,67,0,0,33,0,33,23,23,38,16,100,0,0,0,100
06/26/2022,HSV,AL,ASO,ES,Combined TRACON& Tower with Radar,33,18,18,16,85,0,0,30,4,34,33,18,48,20,119,0,0,0,119
06/27/2022,HSV,AL,ASO,ES,Combined TRACON& Tower with Radar,39,16,24,7,86,0,0,14,6,20,39,16,38,13,106,0,48,48,154
06/28/2022,HSV,AL,ASO,ES,Combined TRACON& Tower with Radar,34,23,12,30,99,0,1,26,22,49,34,24,38,52,148,0,48,48,196
06/29/2022,HSV,AL,ASO,ES,Combined TRACON& Tower with Radar,38,19,35,33,125,0,0,20,7,27,38,19,55,40,152,16,40,56,208
06/30/2022,HSV,AL,ASO,ES,Combined TRACON& Tower with Radar,37,22,40,24,123,0,0,14,9,23,37,22,54,33,146,6,34,40,186
07/01/2022,HSV,AL,ASO,ES,Combined TRACON& Tower with Radar,39,28,26,5,98,0,2,19,0,21,39,30,45,5,119,0,0,0,119
07/02/2022,HSV,AL,ASO,ES,Combined TRACON& Tower with Radar,26,26,5,0,57,0,1,21,0,22,26,27,26,0,79,0,0,0,79
07/03/2022,HSV,AL,ASO,ES,Combined TRACON& Tower with Radar,27,19,6,0,52,0,0,12,0,12,27,19,18,0,64,0,0,0,64
07/04/2022,HSV,AL,ASO,ES,Combined TRACON& Tower with Radar,38,19,9,1,67,0,0,27,0,27,38,19,36,1,94,0,0,0,94
07/05/2022,HSV,AL,ASO,ES,Combined TRACON& Tower with Radar,34,21,16,27,98,0,0,21,12,33,34,21,37,39,131,6,100,106,237
07/06/2022,HSV,AL,ASO,ES,Combined TRACON& Tower with Radar,34,20,13,39,106,0,0,27,14,41,34,20,40,53,147,0,0,0,147
07/07/2022,HSV,AL,ASO,ES,Combined TRACON& Tower with Radar,35,21,18,33,107,0,0,21,7,28,35,21,39,40,135,4,16,20,155
07/08/2022,HSV,AL,ASO,ES,Combined TRACON& Tower with Radar,38,30,9,30,107,0,0,27,11,38,38,30,36,41,145,0,0,0,145
07/09/2022,HSV,AL,ASO,ES,Combined TRACON& Tower with Radar,26,24,8,0,58,0,0,9,0,9,26,24,17,0,67,0,0,0,67
07/10/2022,HSV,AL,ASO,ES,Combined TRACON& Tower with Radar,36,27,22,0,85,0,0,11,0,11,36,27,33,0,96,4,0,4,100
07/11/2022,HSV,AL,ASO,ES,Combined TRACON& Tower with Radar,48,20,15,28,111,0,1,38,6,45,48,21,53,34,156,14,66,80,236
07/12/2022,HSV,AL,ASO,ES,Combined TRACON& Tower with Radar,36,25,24,58,143,0,0,26,6,32,36,25,50,64,175,10,40,50,225
07/13/2022,HSV,AL,ASO,ES,Combined TRACON& Tower with Radar,38,19,21,5,83,0,0,18,2,20,38,19,39,7,103,58,10,68,171
07/14/2022,HSV,AL,ASO,ES,Combined TRACON& Tower with Radar,42,27,19,48,136,0,2,21,15,38,42,29,40,63,174,12,68,80,254
07/15/2022,HSV,AL,ASO,ES,Combined TRACON& Tower with Radar,41,24,25,35,125,0,0,48,19,67,41,24,73,54,192,14,118,132,324
07/16/2022,HSV,AL,ASO,ES,Combined TRACON& Tower with Radar,23,34,14,0,71,0,5,29,0,34,23,39,43,0,105,0,0,0,105
07/17/2022,HSV,AL,ASO,ES,Combined TRACON& Tower with Radar,35,17,14,3,69,0,0,29,2,31,35,17,43,5,100,0,0,0,100
07/18/2022,HSV,AL,ASO,ES,Combined TRACON& Tower with Radar,46,26,12,8,92,0,0,8,4,12,46,26,20,12,104,0,0,0,104
07/19/2022,HSV,AL,ASO,ES,Combined TRACON& Tower with Radar,36,22,15,6,79,0,2,23,0,25,36,24,38,6,104,30,0,30,134
07/20/2022,HSV,AL,ASO,ES,Combined TRACON& Tower with Radar,37,23,12,29,101,0,0,30,8,38,37,23,42,37,139,0,0,0,139
07/21/2022,HSV,AL,ASO,ES,Combined TRACON& Tower with Radar,40,29,22,16,107,0,0,20,3,23,40,29,42,19,130,0,0,0,130
07/22/2022,HSV,AL,ASO,ES,Combined TRACON& Tower with Radar,44,26,19,33,122,0,0,48,12,60,44,26,67,45,182,14,16,30,212
07/23/2022,HSV,AL,ASO,ES,Combined TRACON& Tower with Radar,36,27,12,33,108,0,1,42,0,43,36,28,54,33,151,0,0,0,151
07/24/2022,HSV,AL,ASO,ES,Combined TRACON& Tower with Radar,36,23,20,26,105,0,0,20,3,23,36,23,40,29,128,0,0,0,128
07/25/2022,HSV,AL,ASO,ES,Combined TRACON& Tower with Radar,40,20,14,19,93,0,0,28,3,31,40,20,42,22,124,0,0,0,124
07/26/2022,HSV,AL,ASO,ES,Combined TRACON& Tower with Radar,33,33,23,23,112,0,1,26,0,27,33,34,49,23,139,58,0,58,197
07/27/2022,HSV,AL,ASO,ES,Combined TRACON& Tower with Radar,36,29,19,69,153,0,0,47,1,48,36,29,66,70,201,50,46,96,297
07/28/2022,HSV,AL,ASO,ES,Combined TRACON& Tower with Radar,40,22,24,31,117,0,0,37,10,47,40,22,61,41,164,28,34,62,226
07/29/2022,HSV,AL,ASO,ES,Combined TRACON& Tower with Radar,40,27,13,18,98,0,0,13,1,14,40,27,26,19,112,0,0,0,112
07/30/2022,HSV,AL,ASO,ES,Combined TRACON& Tower with Radar,29,27,9,0,65,0,0,9,0,9,29,27,18,0,74,0,0,0,74
07/31/2022,HSV,AL,ASO,ES,Combined TRACON& Tower with Radar,32,19,15,8,74,0,0,7,1,8,32,19,22,9,82,4,0,4,86
08/01/2022,HSV,AL,ASO,ES,Combined TRACON& Tower with Radar,46,24,21,4,95,0,0,16,1,17,46,24,37,5,112,6,0,6,118
08/02/2022,HSV,AL,ASO,ES,Combined TRACON& Tower with Radar,36,22,24,9,91,0,0,20,5,25,36,22,44,14,116,26,18,44,160
08/03/2022,HSV,AL,ASO,ES,Combined TRACON& Tower with Radar,43,18,37,79,177,0,0,29,9,38,43,18,66,88,215,4,144,148,363
08/04/2022,HSV,AL,ASO,ES,Combined TRACON& Tower with Radar,35,17,15,61,128,0,0,41,10,51,35,17,56,71,179,33,110,143,322
08/05/2022,HSV,AL,ASO,ES,Combined TRACON& Tower with Radar,44,24,25,62,155,0,0,46,9,55,44,24,71,71,210,18,108,126,336
08/06/2022,HSV,AL,ASO,ES,Combined TRACON& Tower with Radar,25,20,14,0,59,0,0,28,0,28,25,20,42,0,87,0,0,0,87
08/07/2022,HSV,AL,ASO,ES,Combined TRACON& Tower with Radar,38,33,29,9,109,0,1,27,5,33,38,34,56,14,142,14,0,14,156
08/08/2022,HSV,AL,ASO,ES,Combined TRACON& Tower with Radar,46,26,17,23,112,0,0,22,6,28,46,26,39,29,140,24,22,46,186
08/09/2022,HSV,AL,ASO,ES,Combined TRACON& Tower with Radar,33,23,15,12,83,0,0,14,10,24,33,23,29,22,107,8,14,22,129
08/10/2022,HSV,AL,ASO,ES,Combined TRACON& Tower with Radar,39,22,13,17,91,0,0,4,2,6,39,22,17,19,97,2,0,2,99
08/11/2022,HSV,AL,ASO,ES,Combined TRACON& Tower with Radar,44,25,19,22,110,0,0,14,6,20,44,25,33,28,130,0,0,0,130
08/12/2022,HSV,AL,ASO,ES,Combined TRACON& Tower with Radar,41,28,30,30,129,0,0,32,12,44,41,28,62,42,173,10,10,20,193
08/13/2022,HSV,AL,ASO,ES,Combined TRACON& Tower with Radar,25,19,16,5,65,0,0,38,3,41,25,19,54,8,106,0,6,6,112
08/14/2022,HSV,AL,ASO,ES,Combined TRACON& Tower with Radar,33,18,19,3,73,0,0,41,7,48,33,18,60,10,121,22,0,22,143
08/15/2022,HSV,AL,ASO,ES,Combined TRACON& Tower with Radar,44,26,15,31,116,0,0,18,3,21,44,26,33,34,137,0,14,14,151
08/16/2022,HSV,AL,ASO,ES,Combined TRACON& Tower with Radar,39,21,23,49,132,0,0,35,10,45,39,21,58,59,177,6,28,34,211
08/17/2022,HSV,AL,ASO,ES,Combined TRACON& Tower with Radar,39,22,36,27,124,0,0,13,2,15,39,22,49,29,139,0,0,0,139
08/18/2022,HSV,AL,ASO,ES,Combined TRACON& Tower with Radar,43,19,14,83,159,0,0,28,16,44,43,19,42,99,203,0,98,98,301
08/19/2022,HSV,AL,ASO,ES,Combined TRACON& Tower with Radar,43,23,23,26,115,0,0,25,13,38,43,23,48,39,153,0,78,78,231
08/20/2022,HSV,AL,ASO,ES,Combined TRACON& Tower with Radar,30,18,9,2,59,0,0,4,1,5,30,18,13,3,64,0,0,0,64
08/21/2022,HSV,AL,ASO,ES,Combined TRACON& Tower with Radar,34,17,16,0,67,0,0,1,3,4,34,17,17,3,71,0,0,0,71
08/22/2022,HSV,AL,ASO,ES,Combined TRACON& Tower with Radar,43,23,20,77,163,0,0,10,4,14,43,23,30,81,177,0,16,16,193
08/23/2022,HSV,AL,ASO,ES,Combined TRACON& Tower with Radar,44,26,27,54,151,0,0,16,5,21,44,26,43,59,172,0,0,0,172
08/24/2022,HSV,AL,ASO,ES,Combined TRACON& Tower with Radar,43,22,30,50,145,0,0,23,7,30,43,22,53,57,175,10,6,16,191
08/25/2022,HSV,AL,ASO,ES,Combined TRACON& Tower with Radar,44,23,34,56,157,0,0,23,5,28,44,23,57,61,185,0,0,0,185
08/26/2022,HSV,AL,ASO,ES,Combined TRACON& Tower with Radar,45,25,16,42,128,0,0,15,6,21,45,25,31,48,149,0,42,42,191
08/27/2022,HSV,AL,ASO,ES,Combined TRACON& Tower with Radar,30,19,21,16,86,0,0,47,3,50,30,19,68,19,136,0,0,0,136
08/28/2022,HSV,AL,ASO,ES,Combined TRACON& Tower with Radar,33,16,14,1,64,0,0,40,1,41,33,16,54,2,105,0,0,0,105
08/29/2022,HSV,AL,ASO,ES,Combined TRACON& Tower with Radar,43,24,22,22,111,0,2,30,14,46,43,26,52,36,157,4,154,158,315
08/30/2022,HSV,AL,ASO,ES,Combined TRACON& Tower with Radar,37,18,18,22,95,0,0,14,2,16,37,18,32,24,111,26,16,42,153
08/31/2022,HSV,AL,ASO,ES,Combined TRACON& Tower with Radar,46,25,25,25,121,0,1,34,2,37,46,26,59,27,158,0,0,0,158
09/01/2022,HSV,AL,ASO,ES,Combined TRACON& Tower with Radar,41,20,27,16,104,0,2,51,14,67,41,22,78,30,171,17,72,89,260
09/02/2022,HSV,AL,ASO,ES,Combined TRACON& Tower with Radar,42,26,28,22,118,0,2,30,5,37,42,28,58,27,155,0,0,0,155
09/03/2022,HSV,AL,ASO,ES,Combined TRACON& Tower with Radar,23,21,1,0,45,0,0,11,0,11,23,21,12,0,56,4,0,4,60
09/04/2022,HSV,AL,ASO,ES,Combined TRACON& Tower with Radar,25,17,10,0,52,0,0,1,0,1,25,17,11,0,53,0,0,0,53
09/05/2022,HSV,AL,ASO,ES,Combined TRACON& Tower with Radar,41,20,20,0,81,0,0,5,0,5,41,20,25,0,86,0,0,0,86
09/06/2022,HSV,AL,ASO,ES,Combined TRACON& Tower with Radar,38,26,23,9,96,0,0,3,0,3,38,26,26,9,99,0,0,0,99
09/07/2022,HSV,AL,ASO,ES,Combined TRACON& Tower with Radar,34,25,21,59,139,0,0,18,4,22,34,25,39,63,161,0,0,0,161
09/08/2022,HSV,AL,ASO,ES,Combined TRACON& Tower with Radar,33,32,31,56,152,0,6,34,12,52,33,38,65,68,204,0,24,24,228
09/09/2022,HSV,AL,ASO,ES,Combined TRACON& Tower with Radar,35,30,16,31,112,0,5,9,3,17,35,35,25,34,129,28,0,28,157
09/10/2022,HSV,AL,ASO,ES,Combined TRACON& Tower with Radar,27,34,10,0,71,0,0,5,0,5,27,34,15,0,76,0,0,0,76
09/11/2022,HSV,AL,ASO,ES,Combined TRACON& Tower with Radar,34,27,12,6,79,0,0,3,2,5,34,27,15,8,84,0,0,0,84
09/12/2022,HSV,AL,ASO,ES,Combined TRACON& Tower with Radar,42,30,17,50,139,0,6,25,11,42,42,36,42,61,181,16,58,74,255
09/13/2022,HSV,AL,ASO,ES,Combined TRACON& Tower with Radar,37,28,26,67,158,0,2,50,18,70,37,30,76,85,228,14,88,102,330
09/14/2022,HSV,AL,ASO,ES,Combined TRACON& Tower with Radar,37,26,33,46,142,0,1,37,18,56,37,27,70,64,198,26,96,122,320
09/15/2022,HSV,AL,ASO,ES,Combined TRACON& Tower with Radar,34,24,26,63,147,0,0,41,12,53,34,24,67,75,200,0,0,0,200
09/16/2022,HSV,AL,ASO,ES,Combined TRACON& Tower with Radar,43,35,30,48,156,0,2,47,14,63,43,37,77,62,219,0,0,0,219
09/17/2022,HSV,AL,ASO,ES,Combined TRACON& Tower with Radar,25,25,22,11,83,0,1,43,0,44,25,26,65,11,127,0,0,0,127
09/18/2022,HSV,AL,ASO,ES,Combined TRACON& Tower with Radar,32,24,16,12,84,0,2,29,5,36,32,26,45,17,120,14,0,14,134
09/19/2022,HSV,AL,ASO,ES,Combined TRACON& Tower with Radar,41,32,21,51,145,0,2,28,9,39,41,34,49,60,184,12,64,76,260
09/20/2022,HSV,AL,ASO,ES,Combined TRACON& Tower with Radar,39,36,28,37,140,0,3,25,5,33,39,39,53,42,173,10,20,30,203
09/21/2022,HSV,AL,ASO,ES,Combined TRACON& Tower with Radar,36,24,23,53,136,0,0,28,13,41,36,24,51,66,177,12,18,30,207
09/22/2022,HSV,AL,ASO,ES,Combined TRACON& Tower with Radar,37,28,36,45,146,0,9,27,11,47,37,37,63,56,193,20,82,102,295
09/23/2022,HSV,AL,ASO,ES,Combined TRACON& Tower with Radar,45,27,29,71,172,0,2,46,21,69,45,29,75,92,241,10,52,62,303
09/24/2022,HSV,AL,ASO,ES,Combined TRACON& Tower with Radar,27,26,17,19,89,0,0,44,5,49,27,26,61,24,138,4,6,10,148
09/25/2022,HSV,AL,ASO,ES,Combined TRACON& Tower with Radar,33,23,17,0,73,0,0,5,4,9,33,23,22,4,82,0,0,0,82
09/26/2022,HSV,AL,ASO,ES,Combined TRACON& Tower with Radar,42,38,14,39,133,0,1,27,19,47,42,39,41,58,180,14,56,70,250
09/27/2022,HSV,AL,ASO,ES,Combined TRACON& Tower with Radar,35,33,15,44,127,0,0,34,16,50,35,33,49,60,177,12,30,42,219
09/28/2022,HSV,AL,ASO,ES,Combined TRACON& Tower with Radar,38,21,16,36,111,0,4,30,17,51,38,25,46,53,162,10,52,62,224
09/29/2022,HSV,AL,ASO,ES,Combined TRACON& Tower with Radar,35,34,13,20,102,0,6,21,13,40,35,40,34,33,142,28,8,36,178
09/30/2022,HSV,AL,ASO,ES,Combined TRACON& Tower with Radar,43,27,19,66,155,0,0,31,9,40,43,27,50,75,195,10,48,58,253
10/01/2022,HSV,AL,ASO,ES,Combined TRACON& Tower with Radar,26,24,16,0,66,0,0,29,1,30,26,24,45,1,96,6,0,6,102
10/02/2022,HSV,AL,ASO,ES,Combined TRACON& Tower with Radar,33,33,20,13,99,0,0,16,1,17,33,33,36,14,116,0,0,0,116
10/03/2022,HSV,AL,ASO,ES,Combined TRACON& Tower with Radar,43,29,16,43,131,0,0,26,9,35,43,29,42,52,166,0,14,14,180
10/04/2022,HSV,AL,ASO,ES,Combined TRACON& Tower with Radar,36,24,39,88,187,0,4,50,21,75,36,28,89,109,262,8,116,124,386
10/05/2022,HSV,AL,ASO,ES,Combined TRACON& Tower with Radar,37,23,28,50,138,0,4,48,13,65,37,27,76,63,203,0,96,96,299
10/06/2022,HSV,AL,ASO,ES,Combined TRACON& Tower with Radar,39,17,24,67,147,0,0,36,18,54,39,17,60,85,201,0,72,72,273
10/07/2022,HSV,AL,ASO,ES,Combined TRACON& Tower with Radar,44,27,20,16,107,0,2,43,5,50,44,29,63,21,157,0,0,0,157
10/08/2022,HSV,AL,ASO,ES,Combined TRACON& Tower with Radar,31,22,14,0,67,0,0,34,2,36,31,22,48,2,103,0,0,0,103
10/09/2022,HSV,AL,ASO,ES,Combined TRACON& Tower with Radar,35,21,20,0,76,0,0,48,0,48,35,21,68,0,124,16,4,20,144
10/10/2022,HSV,AL,ASO,ES,Combined TRACON& Tower with Radar,42,24,11,0,77,0,0,49,0,49,42,24,60,0,126,22,0,22,148
10/11/2022,HSV,AL,ASO,ES,Combined TRACON& Tower with Radar,38,22,16,28,104,0,0,42,13,55,38,22,58,41,159,16,44,60,219
10/12/2022,HSV,AL,ASO,ES,Combined TRACON& Tower with Radar,43,19,25,27,114,0,0,4,10,14,43,19,29,37,128,0,80,80,208
10/13/2022,HSV,AL,ASO,ES,Combined TRACON& Tower with Radar,39,26,27,25,117,0,2,30,3,35,39,28,57,28,152,12,14,26,178
10/14/2022,HSV,AL,ASO,ES,Combined TRACON& Tower with Radar,42,24,21,30,117,0,2,45,7,54,42,26,66,37,171,0,0,0,171
10/15/2022,HSV,AL,ASO,ES,Combined TRACON& Tower with Radar,32,22,74,0,128,0,1,141,0,142,32,23,215,0,270,0,0,0,270
10/16/2022,HSV,AL,ASO,ES,Combined TRACON& Tower with Radar,37,28,16,1,82,0,0,33,4,37,37,28,49,5,119,0,12,12,131
10/17/2022,HSV,AL,ASO,ES,Combined TRACON& Tower with Radar,43,28,27,64,162,0,3,34,10,47,43,31,61,74,209,6,64,70,279
10/18/2022,HSV,AL,ASO,ES,Combined TRACON& Tower with Radar,37,25,28,69,159,0,0,36,23,59,37,25,64,92,218,28,48,76,294
10/19/2022,HSV,AL,ASO,ES,Combined TRACON& Tower with Radar,43,27,20,50,140,0,0,32,10,42,43,27,52,60,182,16,46,62,244
10/20/2022,HSV,AL,ASO,ES,Combined TRACON& Tower with Radar,41,23,19,87,170,0,4,31,15,50,41,27,50,102,220,2,84,86,306
10/21/2022,HSV,AL,ASO,ES,Combined TRACON& Tower with Radar,44,31,31,39,145,0,0,44,4,48,44,31,75,43,193,0,0,0,193
10/22/2022,HSV,AL,ASO,ES,Combined TRACON& Tower with Radar,30,22,17,12,81,0,0,41,1,42,30,22,58,13,123,16,2,18,141
10/23/2022,HSV,AL,ASO,ES,Combined TRACON& Tower with Radar,35,18,31,10,94,0,0,26,3,29,35,18,57,13,123,0,8,8,131
10/24/2022,HSV,AL,ASO,ES,Combined TRACON& Tower with Radar,41,32,19,26,118,0,4,34,11,49,41,36,53,37,167,40,18,58,225
10/25/2022,HSV,AL,ASO,ES,Combined TRACON& Tower with Radar,39,29,18,46,132,0,0,0,5,5,39,29,18,51,137,0,30,30,167
10/26/2022,HSV,AL,ASO,ES,Combined TRACON& Tower with Radar,44,29,32,55,160,0,0,11,10,21,44,29,43,65,181,0,0,0,181
10/27/2022,HSV,AL,ASO,ES,Combined TRACON& Tower with Radar,40,29,28,58,155,0,0,37,18,55,40,29,65,76,210,0,0,0,210
10/28/2022,HSV,AL,ASO,ES,Combined TRACON& Tower with Radar,42,31,22,23,118,0,0,37,8,45,42,31,59,31,163,6,6,12,175
10/29/2022,HSV,AL,ASO,ES,Combined TRACON& Tower with Radar,25,23,23,0,71,0,0,30,0,30,25,23,53,0,101,0,0,0,101
10/30/2022,HSV,AL,ASO,ES,Combined TRACON& Tower with Radar,35,21,12,0,68,0,0,0,0,0,35,21,12,0,68,0,0,0,68
10/31/2022,HSV,AL,ASO,ES,Combined TRACON& Tower with Radar,37,27,30,44,138,0,0,10,10,20,37,27,40,54,158,0,20,20,178
11/01/2022,HSV,AL,ASO,ES,Combined TRACON& Tower with Radar,41,25,30,40,136,0,0,26,11,37,41,25,56,51,173,0,22,22,195
11/02/2022,HSV,AL,ASO,ES,Combined TRACON& Tower with Radar,41,27,29,52,149,0,1,44,6,51,41,28,73,58,200,10,36,46,246
11/03/2022,HSV,AL,ASO,ES,Combined TRACON& Tower with Radar,33,20,33,39,125,0,0,30,8,38,33,20,63,47,163,18,10,28,191
11/04/2022,HSV,AL,ASO,ES,Combined TRACON& Tower with Radar,34,27,25,35,121,0,0,49,15,64,34,27,74,50,185,8,37,45,230
11/05/2022,HSV,AL,ASO,ES,Combined TRACON& Tower with Radar,30,21,5,0,56,0,0,3,1,4,30,21,8,1,60,0,0,0,60
11/06/2022,HSV,AL,ASO,ES,Combined TRACON& Tower with Radar,32,24,22,15,93,0,0,9,2,11,32,24,31,17,104,10,0,10,114
11/07/2022,HSV,AL,ASO,ES,Combined TRACON& Tower with Radar,35,25,31,18,109,0,2,24,5,31,35,27,55,23,140,0,14,14,154
11/08/2022,HSV,AL,ASO,ES,Combined TRACON& Tower with Radar,32,36,14,28,110,0,3,31,12,46,32,39,45,40,156,14,46,60,216
11/09/2022,HSV,AL,ASO,ES,Combined TRACON& Tower with Radar,36,34,26,42,138,0,0,30,15,45,36,34,56,57,183,0,0,0,183
11/10/2022,HSV,AL,ASO,ES,Combined TRACON& Tower with Radar,30,35,31,54,150,0,0,31,15,46,30,35,62,69,196,0,24,24,220
11/11/2022,HSV,AL,ASO,ES,Combined TRACON& Tower with Radar,37,29,13,2,81,0,0,10,0,10,37,29,23,2,91,32,0,32,123
11/12/2022,HSV,AL,ASO,ES,Combined TRACON& Tower with Radar,29,22,6,2,59,0,0,1,0,1,29,22,7,2,60,0,0,0,60
11/13/2022,HSV,AL,ASO,ES,Combined TRACON& Tower with Radar,34,21,10,8,73,0,0,31,1,32,34,21,41,9,105,4,0,4,109
11/14/2022,HSV,AL,ASO,ES,Combined TRACON& Tower with Radar,41,32,20,53,146,0,0,41,12,53,41,32,61,65,199,24,14,38,237
11/15/2022,HSV,AL,ASO,ES,Combined TRACON& Tower with Radar,34,26,19,29,108,0,0,0,0,0,34,26,19,29,108,0,0,0,108
11/16/2022,HSV,AL,ASO,ES,Combined TRACON& Tower with Radar,34,32,30,91,187,0,0,45,16,61,34,32,75,107,248,0,0,0,248
11/17/2022,HSV,AL,ASO,ES,Combined TRACON& Tower with Radar,31,22,19,56,128,0,1,46,14,61,31,23,65,70,189,26,24,50,239
11/18/2022,HSV,AL,ASO,ES,Combined TRACON& Tower with Radar,34,36,23,64,157,0,2,43,13,58,34,38,66,77,215,6,14,20,235
11/19/2022,HSV,AL,ASO,ES,Combined TRACON& Tower with Radar,29,23,10,0,62,0,0,51,0,51,29,23,61,0,113,0,0,0,113
11/20/2022,HSV,AL,ASO,ES,Combined TRACON& Tower with Radar,34,24,21,1,80,0,0,39,1,40,34,24,60,2,120,0,0,0,120
11/21/2022,HSV,AL,ASO,ES,Combined TRACON& Tower with Radar,40,28,21,50,139,0,22,42,6,70,40,50,63,56,209,20,16,36,245
11/22/2022,HSV,AL,ASO,ES,Combined TRACON& Tower with Radar,34,37,18,32,121,0,14,43,6,63,34,51,61,38,184,20,52,72,256
11/23/2022,HSV,AL,ASO,ES,Combined TRACON& Tower with Radar,34,25,28,40,127,0,0,29,13,42,34,25,57,53,169,0,64,64,233
11/24/2022,HSV,AL,ASO,ES,Combined TRACON& Tower with Radar,17,17,3,0,37,0,0,12,0,12,17,17,15,0,49,0,0,0,49
11/25/2022,HSV,AL,ASO,ES,Combined TRACON& Tower with Radar,35,25,9,0,69,0,0,6,0,6,35,25,15,0,75,0,0,0,75
11/26/2022,HSV,AL,ASO,ES,Combined TRACON& Tower with Radar,35,26,14,0,75,0,0,14,0,14,35,26,28,0,89,0,0,0,89
11/27/2022,HSV,AL,ASO,ES,Combined TRACON& Tower with Radar,37,26,6,0,69,0,0,7,0,7,37,26,13,0,76,0,0,0,76
11/28/2022,HSV,AL,ASO,ES,Combined TRACON& Tower with Radar,35,35,20,36,126,0,0,44,9,53,35,35,64,45,179,4,42,46,225
11/29/2022,HSV,AL,ASO,ES,Combined TRACON& Tower with Radar,23,28,12,13,76,0,0,12,10,22,23,28,24,23,98,16,2,18,116
11/30/2022,HSV,AL,ASO,ES,Combined TRACON& Tower with Radar,41,20,15,30,106,0,3,25,6,34,41,23,40,36,140,6,40,46,186
12/01/2022,HSV,AL,ASO,ES,Combined TRACON& Tower with Radar,35,21,22,42,120,0,0,37,14,51,35,21,59,56,171,0,0,0,171
12/02/2022,HSV,AL,ASO,ES,Combined TRACON& Tower with Radar,38,29,38,45,150,0,0,10,12,22,38,29,48,57,172,0,0,0,172
12/03/2022,HSV,AL,ASO,ES,Combined TRACON& Tower with Radar,28,26,18,36,108,0,0,4,0,4,28,26,22,36,112,0,0,0,112
12/04/2022,HSV,AL,ASO,ES,Combined TRACON& Tower with Radar,31,24,15,8,78,0,0,35,1,36,31,24,50,9,114,14,0,14,128
12/05/2022,HSV,AL,ASO,ES,Combined TRACON& Tower with Radar,41,27,27,0,95,0,0,0,0,0,41,27,27,0,95,0,0,0,95
12/06/2022,HSV,AL,ASO,ES,Combined TRACON& Tower with Radar,38,24,14,10,86,0,0,0,1,1,38,24,14,11,87,0,12,12,99
12/07/2022,HSV,AL,ASO,ES,Combined TRACON& Tower with Radar,39,28,21,14,102,0,0,0,0,0,39,28,21,14,102,0,0,0,102
12/08/2022,HSV,AL,ASO,ES,Combined TRACON& Tower with Radar,38,23,27,7,95,0,0,5,2,7,38,23,32,9,102,0,8,8,110
12/09/2022,HSV,AL,ASO,ES,Combined TRACON& Tower with Radar,41,24,21,7,93,0,0,1,1,2,41,24,22,8,95,0,0,0,95
12/10/2022,HSV,AL,ASO,ES,Combined TRACON& Tower with Radar,31,18,17,2,68,0,0,1,2,3,31,18,18,4,71,0,0,0,71
12/11/2022,HSV,AL,ASO,ES,Combined TRACON& Tower with Radar,36,26,10,2,74,0,0,0,0,0,36,26,10,2,74,0,0,0,74
12/12/2022,HSV,AL,ASO,ES,Combined TRACON& Tower with Radar,43,29,32,87,191,0,0,9,5,14,43,29,41,92,205,2,10,12,217
12/13/2022,HSV,AL,ASO,ES,Combined TRACON& Tower with Radar,34,23,36,71,164,0,0,4,3,7,34,23,40,74,171,0,30,30,201
12/14/2022,HSV,AL,ASO,ES,Combined TRACON& Tower with Radar,42,21,9,0,72,0,0,0,0,0,42,21,9,0,72,0,0,0,72
12/15/2022,HSV,AL,ASO,ES,Combined TRACON& Tower with Radar,34,23,21,58,136,0,1,25,16,42,34,24,46,74,178,49,38,87,265
12/16/2022,HSV,AL,ASO,ES,Combined TRACON& Tower with Radar,42,25,24,33,124,0,0,43,8,51,42,25,67,41,175,4,62,66,241
12/17/2022,HSV,AL,ASO,ES,Combined TRACON& Tower with Radar,27,23,27,0,77,0,0,29,0,29,27,23,56,0,106,0,0,0,106
12/18/2022,HSV,AL,ASO,ES,Combined TRACON& Tower with Radar,36,20,18,7,81,0,0,37,4,41,36,20,55,11,122,14,8,22,144
12/19/2022,HSV,AL,ASO,ES,Combined TRACON& Tower with Radar,35,25,18,23,101,0,0,34,6,40,35,25,52,29,141,12,72,84,225
12/20/2022,HSV,AL,ASO,ES,Combined TRACON& Tower with Radar,30,27,13,59,129,0,0,11,5,16,30,27,24,64,145,2,74,76,221
12/21/2022,HSV,AL,ASO,ES,Combined TRACON& Tower with Radar,35,22,20,62,139,0,0,22,19,41,35,22,42,81,180,18,134,152,332
12/22/2022,HSV,AL,ASO,ES,Combined TRACON& Tower with Radar,31,27,7,3,68,0,0,0,0,0,31,27,7,3,68,0,0,0,68
12/23/2022,HSV,AL,ASO,ES,Combined TRACON& Tower with Radar,38,24,1,0,63,0,0,1,0,1,38,24,2,0,64,0,0,0,64
12/24/2022,HSV,AL,ASO,ES,Combined TRACON& Tower with Radar,18,17,7,0,42,0,0,3,0,3,18,17,10,0,45,0,0,0,45
12/25/2022,HSV,AL,ASO,ES,Combined TRACON& Tower with Radar,21,16,0,0,37,0,0,7,0,7,21,16,7,0,44,0,0,0,44
12/26/2022,HSV,AL,ASO,ES,Combined TRACON& Tower with Radar,37,30,20,0,87,0,0,7,0,7,37,30,27,0,94,0,0,0,94
12/27/2022,HSV,AL,ASO,ES,Combined TRACON& Tower with Radar,34,30,18,1,83,0,2,20,1,23,34,32,38,2,106,8,0,8,114
12/28/2022,HSV,AL,ASO,ES,Combined TRACON& Tower with Radar,32,25,28,6,91,0,0,29,10,39,32,25,57,16,130,12,8,20,150
12/29/2022,HSV,AL,ASO,ES,Combined TRACON& Tower with Radar,32,22,14,6,74,0,0,16,0,16,32,22,30,6,90,22,0,22,112
12/30/2022,HSV,AL,ASO,ES,Combined TRACON& Tower with Radar,35,20,17,0,72,0,0,4,0,4,35,20,21,0,76,0,0,0,76
12/31/2022,HSV,AL,ASO,ES,Combined TRACON& Tower with Radar,17,22,7,0,46,0,0,2,0,2,17,22,9,0,48,0,0,0,48
01/01/2023,HSV,AL,ASO,ES,Combined TRACON& Tower with Radar,25,15,14,0,54,0,0,20,0,20,25,15,34,0,74,16,0,16,90
01/02/2023,HSV,AL,ASO,ES,Combined TRACON& Tower with Radar,33,20,25,0,78,0,0,0,0,0,33,20,25,0,78,0,0,0,78
01/03/2023,HSV,AL,ASO,ES,Combined TRACON& Tower with Radar,31,24,9,0,64,0,0,0,0,0,31,24,9,0,64,0,0,0,64
01/04/2023,HSV,AL,ASO,ES,Combined TRACON& Tower with Radar,32,19,14,44,109,0,0,14,20,34,32,19,28,64,143,18,72,90,233
01/05/2023,HSV,AL,ASO,ES,Combined TRACON& Tower with Radar,29,19,20,12,80,0,0,25,2,27,29,19,45,14,107,14,80,94,201
01/06/2023,HSV,AL,ASO,ES,Combined TRACON& Tower with Radar,35,24,13,32,104,0,0,43,3,46,35,24,56,35,150,2,94,96,246
01/07/2023,HSV,AL,ASO,ES,Combined TRACON& Tower with Radar,24,23,16,12,75,0,0,16,1,17,24,23,32,13,92,0,2,2,94
01/08/2023,HSV,AL,ASO,ES,Combined TRACON& Tower with Radar,34,23,16,0,73,0,0,0,0,0,34,23,16,0,73,0,0,0,73
01/09/2023,HSV,AL,ASO,ES,Combined TRACON& Tower with Radar,37,28,21,63,149,2,0,23,2,27,39,28,44,65,176,2,14,16,192
01/10/2023,HSV,AL,ASO,ES,Combined TRACON& Tower with Radar,39,22,23,49,133,0,0,37,22,59,39,22,60,71,192,0,0,0,192
01/11/2023,HSV,AL,ASO,ES,Combined TRACON& Tower with Radar,44,16,23,88,171,0,0,8,0,8,44,16,31,88,179,0,0,0,179
01/12/2023,HSV,AL,ASO,ES,Combined TRACON& Tower with Radar,47,26,7,2,82,0,0,2,2,4,47,26,9,4,86,0,0,0,86
01/13/2023,HSV,AL,ASO,ES,Combined TRACON& Tower with Radar,51,23,16,4,94,0,0,0,0,0,51,23,16,4,94,0,0,0,94
01/14/2023,HSV,AL,ASO,ES,Combined TRACON& Tower with Radar,33,20,11,0,64,0,0,41,0,41,33,20,52,0,105,0,0,0,105
01/15/2023,HSV,AL,ASO,ES,Combined TRACON& Tower with Radar,35,22,28,1,86,0,0,57,1,58,35,22,85,2,144,0,14,14,158
01/16/2023,HSV,AL,ASO,ES,Combined TRACON& Tower with Radar,47,18,24,0,89,0,0,23,1,24,47,18,47,1,113,0,0,0,113
01/17/2023,HSV,AL,ASO,ES,Combined TRACON& Tower with Radar,40,23,27,22,112,0,0,10,4,14,40,23,37,26,126,4,0,4,130
01/18/2023,HSV,AL,ASO,ES,Combined TRACON& Tower with Radar,46,21,24,35,126,0,0,0,3,3,46,21,24,38,129,0,0,0,129
01/19/2023,HSV,AL,ASO,ES,Combined TRACON& Tower with Radar,46,19,15,20,100,0,0,17,18,35,46,19,32,38,135,16,38,54,189
01/20/2023,HSV,AL,ASO,ES,Combined TRACON& Tower with Radar,53,21,15,41,130,0,0,59,17,76,53,21,74,58,206,20,96,116,322
01/21/2023,HSV,AL,ASO,ES,Combined TRACON& Tower with Radar,34,20,7,21,82,0,0,47,1,48,34,20,54,22,130,26,24,50,180
01/22/2023,HSV,AL,ASO,ES,Combined TRACON& Tower with Radar,45,19,12,1,77,0,0,0,0,0,45,19,12,1,77,0,0,0,77
01/23/2023,HSV,AL,ASO,ES,Combined TRACON& Tower with Radar,48,24,24,13,109,0,0,17,9,26,48,24,41,22,135,20,50,70,205
01/24/2023,HSV,AL,ASO,ES,Combined TRACON& Tower with Radar,39,23,20,60,142,0,1,32,12,45,39,24,52,72,187,8,158,166,353
01/25/2023,HSV,AL,ASO,ES,Combined TRACON& Tower with Radar,47,20,13,0,80,0,0,2,0,2,47,20,15,0,82,0,0,0,82
01/26/2023,HSV,AL,ASO,ES,Combined TRACON& Tower with Radar,45,17,12,11,85,0,0,9,9,18,45,17,21,20,103,0,0,0,103
01/27/2023,HSV,AL,ASO,ES,Combined TRACON& Tower with Radar,52,25,11,35,123,0,2,54,16,72,52,27,65,51,195,12,24,36,231
01/28/2023,HSV,AL,ASO,ES,Combined TRACON& Tower with Radar,34,19,14,12,79,0,0,55,4,59,34,19,69,16,138,0,0,0,138
01/29/2023,HSV,AL,ASO,ES,Combined TRACON& Tower with Radar,44,23,6,2,75,0,0,0,0,0,44,23,6,2,75,0,0,0,75
01/30/2023,HSV,AL,ASO,ES,Combined TRACON& Tower with Radar,45,19,22,23,109,0,0,0,0,0,45,19,22,23,109,10,0,10,119
01/31/2023,HSV,AL,ASO,ES,Combined TRACON& Tower with Radar,37,17,9,2,65,0,0,0,2,2,37,17,9,4,67,0,0,0,67
02/01/2023,HSV,AL,ASO,ES,Combined TRACON& Tower with Radar,37,17,7,8,69,0,0,0,0,0,37,17,7,8,69,0,0,0,69
02/02/2023,HSV,AL,ASO,ES,Combined TRACON& Tower with Radar,38,15,7,2,62,0,0,0,0,0,38,15,7,2,62,0,0,0,62
02/03/2023,HSV,AL,ASO,ES,Combined TRACON& Tower with Radar,48,21,35,21,125,0,1,54,2,57,48,22,89,23,182,32,0,32,214
02/04/2023,HSV,AL,ASO,ES,Combined TRACON& Tower with Radar,32,18,20,12,82,0,0,74,3,77,32,18,94,15,159,18,4,22,181
02/05/2023,HSV,AL,ASO,ES,Combined TRACON& Tower with Radar,36,19,30,0,85,0,2,44,0,46,36,21,74,0,131,0,14,14,145
02/06/2023,HSV,AL,ASO,ES,Combined TRACON& Tower with Radar,45,24,20,20,109,0,2,45,4,51,45,26,65,24,160,48,18,66,226
02/07/2023,HSV,AL,ASO,ES,Combined TRACON& Tower with Radar,39,28,32,94,193,0,3,44,12,59,39,31,76,106,252,0,16,16,268
02/08/2023,HSV,AL,ASO,ES,Combined TRACON& Tower with Radar,42,33,27,59,161,0,0,9,6,15,42,33,36,65,176,12,38,50,226
02/09/2023,HSV,AL,ASO,ES,Combined TRACON& Tower with Radar,40,18,20,17,95,0,0,19,6,25,40,18,39,23,120,10,10,20,140
02/10/2023,HSV,AL,ASO,ES,Combined TRACON& Tower with Radar,47,23,25,46,141,0,3,55,10,68,47,26,80,56,209,36,30,66,275
02/11/2023,HSV,AL,ASO,ES,Combined TRACON& Tower with Radar,33,19,15,13,80,0,0,26,0,26,33,19,41,13,106,8,0,8,114
02/12/2023,HSV,AL,ASO,ES,Combined TRACON& Tower with Radar,38,25,14,4,81,0,4,15,2,21,38,29,29,6,102,16,0,16,118
02/13/2023,HSV,AL,ASO,ES,Combined TRACON& Tower with Radar,44,24,19,38,125,0,0,51,12,63,44,24,70,50,188,46,32,78,266
02/14/2023,HSV,AL,ASO,ES,Combined TRACON& Tower with Radar,39,26,13,58,136,0,0,25,12,37,39,26,38,70,173,12,70,82,255
02/15/2023,HSV,AL,ASO,ES,Combined TRACON& Tower with Radar,42,32,14,8,96,0,0,0,0,0,42,32,14,8,96,0,0,0,96
02/16/2023,HSV,AL,ASO,ES,Combined TRACON& Tower with Radar,39,28,9,0,76,0,0,0,2,2,39,28,9,2,78,0,0,0,78
02/17/2023,HSV,AL,ASO,ES,Combined TRACON& Tower with Radar,44,29,21,3,97,0,0,16,3,19,44,29,37,6,116,10,12,22,138
02/18/2023,HSV,AL,ASO,ES,Combined TRACON& Tower with Radar,28,31,14,1,74,0,2,63,0,65,28,33,77,1,139,2,0,2,141
02/19/2023,HSV,AL,ASO,ES,Combined TRACON& Tower with Radar,35,25,18,0,78,0,2,23,0,25,35,27,41,0,103,12,0,12,115
02/20/2023,HSV,AL,ASO,ES,Combined TRACON& Tower with Radar,48,46,12,2,108,0,0,6,0,6,48,46,18,2,114,16,0,16,130
02/21/2023,HSV,AL,ASO,ES,Combined TRACON& Tower with Radar,41,29,20,50,140,0,2,24,12,38,41,31,44,62,178,32,86,118,296
02/22/2023,HSV,AL,ASO,ES,Combined TRACON& Tower with Radar,44,23,29,46,142,0,0,3,3,6,44,23,32,49,148,6,86,92,240
02/23/2023,HSV,AL,ASO,ES,Combined TRACON& Tower with Radar,41,27,26,66,160,0,2,39,16,57,41,29,65,82,217,32,166,198,415
02/24/2023,HSV,AL,ASO,ES,Combined TRACON& Tower with Radar,46,30,17,47,140,0,0,10,14,24,46,30,27,61,164,0,66,66,230
02/25/2023,HSV,AL,ASO,ES,Combined TRACON& Tower with Radar,33,30,15,0,78,0,0,0,0,0,33,30,15,0,78,0,0,0,78
02/26/2023,HSV,AL,ASO,ES,Combined TRACON& Tower with Radar,40,30,40,0,110,0,0,9,0,9,40,30,49,0,119,16,0,16,135
02/27/2023,HSV,AL,ASO,ES,Combined TRACON& Tower with Radar,48,23,12,4,87,0,0,5,2,7,48,23,17,6,94,0,0,0,94
02/28/2023,HSV,AL,ASO,ES,Combined TRACON& Tower with Radar,41,49,28,54,172,0,1,52,22,75,41,50,80,76,247,32,99,131,378
03/01/2023,HSV,AL,ASO,ES,Combined TRACON& Tower with Radar,40,26,16,90,172,0,0,11,6,17,40,26,27,96,189,18,38,56,245
03/02/2023,HSV,AL,ASO,ES,Combined TRACON& Tower with Radar,31,27,9,10,77,0,0,0,0,0,31,27,9,10,77,0,0,0,77
03/03/2023,HSV,AL,ASO,ES,Combined TRACON& Tower with Radar,50,26,7,3,86,0,0,4,2,6,50,26,11,5,92,0,0,0,92
03/04/2023,HSV,AL,ASO,ES,Combined TRACON& Tower with Radar,34,22,11,2,69,0,4,51,2,57,34,26,62,4,126,36,0,36,162
03/05/2023,HSV,AL,ASO,ES,Combined TRACON& Tower with Radar,40,24,18,3,85,0,0,45,1,46,40,24,63,4,131,16,6,22,153
03/06/2023,HSV,AL,ASO,ES,Combined TRACON& Tower with Radar,47,23,20,42,132,0,2,33,24,59,47,25,53,66,191,62,80,142,333
03/07/2023,HSV,AL,ASO,ES,Combined TRACON& Tower with Radar,41,25,17,71,154,0,0,38,24,62,41,25,55,95,216,50,140,190,406
03/08/2023,HSV,AL,ASO,ES,Combined TRACON& Tower with Radar,44,22,24,37,127,0,0,27,15,42,44,22,51,52,169,42,88,130,299
03/09/2023,HSV,AL,ASO,ES,Combined TRACON& Tower with Radar,43,34,8,52,137,0,0,2,2,4,43,34,10,54,141,34,38,72,213
03/10/2023,HSV,AL,ASO,ES,Combined TRACON& Tower with Radar,46,42,20,38,146,0,1,19,8,28,46,43,39,46,174,55,24,79,253
03/11/2023,HSV,AL,ASO,ES,Combined TRACON& Tower with Radar,34,26,21,2,83,0,0,58,4,62,34,26,79,6,145,9,22,31,176
03/12/2023,HSV,AL,ASO,ES,Combined TRACON& Tower with Radar,40,26,16,9,91,0,0,0,0,0,40,26,16,9,91,0,0,0,91
03/13/2023,HSV,AL,ASO,ES,Combined TRACON& Tower with Radar,47,24,15,33,119,0,0,24,5,29,47,24,39,38,148,10,16,26,174
03/14/2023,HSV,AL,ASO,ES,Combined TRACON& Tower with Radar,39,29,19,29,116,0,1,47,9,57,39,30,66,38,173,16,20,36,209
03/15/2023,HSV,AL,ASO,ES,Combined TRACON& Tower with Radar,41,22,16,54,133,0,0,37,19,56,41,22,53,73,189,10,48,58,247
03/16/2023,HSV,AL,ASO,ES,Combined TRACON& Tower with Radar,41,23,30,62,156,0,0,26,8,34,41,23,56,70,190,24,2,26,216
03/17/2023,HSV,AL,ASO,ES,Combined TRACON& Tower with Radar,42,27,17,5,91,0,0,1,0,1,42,27,18,5,92,0,0,0,92
03/18/2023,HSV,AL,ASO,ES,Combined TRACON& Tower with Radar,34,23,14,11,82,0,0,37,2,39,34,23,51,13,121,0,0,0,121
03/19/2023,HSV,AL,ASO,ES,Combined TRACON& Tower with Radar,41,35,32,12,120,0,5,29,5,39,41,40,61,17,159,10,26,36,195
03/20/2023,HSV,AL,ASO,ES,Combined TRACON& Tower with Radar,46,26,16,15,103,0,3,31,9,43,46,29,47,24,146,64,10,74,220
03/21/2023,HSV,AL,ASO,ES,Combined TRACON& Tower with Radar,40,27,21,47,135,0,3,30,15,48,40,30,51,62,183,12,94,106,289
03/22/2023,HSV,AL,ASO,ES,Combined TRACON& Tower with Radar,41,21,30,20,112,0,0,8,2,10,41,21,38,22,122,0,0,0,122
03/23/2023,HSV,AL,ASO,ES,Combined TRACON& Tower with Radar,43,25,30,56,154,0,1,30,16,47,43,26,60,72,201,62,92,154,355
03/24/2023,HSV,AL,ASO,ES,Combined TRACON& Tower with Radar,41,25,16,30,112,0,0,19,6,25,41,25,35,36,137,0,0,0,137
03/25/2023,HSV,AL,ASO,ES,Combined TRACON& Tower with Radar,33,30,14,5,82,0,0,27,0,27,33,30,41,5,109,0,0,0,109
03/26/2023,HSV,AL,ASO,ES,Combined TRACON& Tower with Radar,39,23,19,7,88,0,0,38,6,44,39,23,57,13,132,46,20,66,198
03/27/2023,HSV,AL,ASO,ES,Combined TRACON& Tower with Radar,45,29,21,31,126,0,0,24,9,33,45,29,45,40,159,16,14,30,189
03/28/2023,HSV,AL,ASO,ES,Combined TRACON& Tower with Radar,39,26,16,55,136,0,0,35,13,48,39,26,51,68,184,18,26,44,228
03/29/2023,HSV,AL,ASO,ES,Combined TRACON& Tower with Radar,40,24,16,52,132,0,0,45,18,63,40,24,61,70,195,24,12,36,231
03/30/2023,HSV,AL,ASO,ES,Combined TRACON& Tower with Radar,44,29,27,31,131,0,0,33,11,44,44,29,60,42,175,10,20,30,205
03/31/2023,HSV,AL,ASO,ES,Combined TRACON& Tower with Radar,44,20,17,6,87,0,0,3,12,15,44,20,20,18,102,0,0,0,102
04/01/2023,HSV,AL,ASO,ES,Combined TRACON& Tower with Radar,40,22,12,0,74,0,0,12,0,12,40,22,24,0,86,0,0,0,86
04/02/2023,HSV,AL,ASO,ES,Combined TRACON& Tower with Radar,38,31,23,1,93,0,0,43,1,44,38,31,66,2,137,16,0,16,153
04/03/2023,HSV,AL,ASO,ES,Combined TRACON& Tower with Radar,48,29,26,6,109,0,0,0,2,2,48,29,26,8,111,0,0,0,111
04/04/2023,HSV,AL,ASO,ES,Combined TRACON& Tower with Radar,37,31,31,41,140,0,0,15,9,24,37,31,46,50,164,0,38,38,202
04/05/2023,HSV,AL,ASO,ES,Combined TRACON& Tower with Radar,47,13,12,24,96,0,0,18,5,23,47,13,30,29,119,16,136,152,271
04/06/2023,HSV,AL,ASO,ES,Combined TRACON& Tower with Radar,48,30,13,4,95,0,0,2,4,6,48,30,15,8,101,0,12,12,113
04/07/2023,HSV,AL,ASO,ES,Combined TRACON& Tower with Radar,50,20,11,4,85,0,0,0,0,0,50,20,11,4,85,0,0,0,85
04/08/2023,HSV,AL,ASO,ES,Combined TRACON& Tower with Radar,32,20,11,0,63,0,0,0,0,0,32,20,11,0,63,0,0,0,63
04/09/2023,HSV,AL,ASO,ES,Combined TRACON& Tower with Radar,42,19,7,0,68,0,2,19,0,21,42,21,26,0,89,0,0,0,89
04/10/2023,HSV,AL,ASO,ES,Combined TRACON& Tower with Radar,50,30,20,43,143,0,0,59,22,81,50,30,79,65,224,62,38,100,324
04/11/2023,HSV,AL,ASO,ES,Combined TRACON& Tower with Radar,38,25,22,38,123,0,1,55,15,71,38,26,77,53,194,24,20,44,238
04/12/2023,HSV,AL,ASO,ES,Combined TRACON& Tower with Radar,47,24,20,51,142,0,0,47,14,61,47,24,67,65,203,0,80,80,283
04/13/2023,HSV,AL,ASO,ES,Combined TRACON& Tower with Radar,47,17,19,6,89,0,0,5,2,7,47,17,24,8,96,0,0,0,96
04/14/2023,HSV,AL,ASO,ES,Combined TRACON& Tower with Radar,48,28,31,10,117,0,3,6,2,11,48,31,37,12,128,16,0,16,144
04/15/2023,HSV,AL,ASO,ES,Combined TRACON& Tower with Radar,38,25,12,4,79,0,4,36,3,43,38,29,48,7,122,0,0,0,122
04/16/2023,HSV,AL,ASO,ES,Combined TRACON& Tower with Radar,44,17,15,10,86,0,0,10,2,12,44,17,25,12,98,0,0,0,98
04/17/2023,HSV,AL,ASO,ES,Combined TRACON& Tower with Radar,52,25,17,48,142,0,0,17,7,24,52,25,34,55,166,0,22,22,188
04/18/2023,HSV,AL,ASO,ES,Combined TRACON& Tower with Radar,36,29,16,59,140,0,0,46,15,61,36,29,62,74,201,8,46,54,255
04/19/2023,HSV,AL,ASO,ES,Combined TRACON& Tower with Radar,46,30,22,65,163,0,0,45,8,53,46,30,67,73,216,8,38,46,262
04/20/2023,HSV,AL,ASO,ES,Combined TRACON& Tower with Radar,43,24,22,72,161,0,0,29,13,42,43,24,51,85,203,22,66,88,291
04/21/2023,HSV,AL,ASO,ES,Combined TRACON& Tower with Radar,49,21,15,37,122,0,0,19,14,33,49,21,34,51,155,6,114,120,275
04/22/2023,HSV,AL,ASO,ES,Combined TRACON& Tower with Radar,38,16,19,0,73,0,0,48,0,48,38,16,67,0,121,32,0,32,153
04/23/2023,HSV,AL,ASO,ES,Combined TRACON& Tower with Radar,43,22,17,13,95,0,0,19,7,26,43,22,36,20,121,6,0,6,127
04/24/2023,HSV,AL,ASO,ES,Combined TRACON& Tower with Radar,51,24,13,39,127,0,1,37,7,45,51,25,50,46,172,4,58,62,234
04/25/2023,HSV,AL,ASO,ES,Combined TRACON& Tower with Radar,40,27,45,26,138,0,0,44,17,61,40,27,89,43,199,1,74,75,274
04/26/2023,HSV,AL,ASO,ES,Combined TRACON& Tower with Radar,42,30,32,27,131,0,0,9,2,11,42,30,41,29,142,8,66,74,216
04/27/2023,HSV,AL,ASO,ES,Combined TRACON& Tower with Radar,51,21,19,22,113,0,0,0,0,0,51,21,19,22,113,10,0,10,123
04/28/2023,HSV,AL,ASO,ES,Combined TRACON& Tower with Radar,45,24,35,46,150,0,0,25,5,30,45,24,60,51,180,68,10,78,258
04/29/2023,HSV,AL,ASO,ES,Combined TRACON& Tower with Radar,34,23,21,2,80,0,0,29,3,32,34,23,50,5,112,0,0,0,112
04/30/2023,HSV,AL,ASO,ES,Combined TRACON& Tower with Radar,45,22,8,9,84,0,0,12,10,22,45,22,20,19,106,22,6,28,134
05/01/2023,HSV,AL,ASO,ES,Combined TRACON& Tower with Radar,51,26,18,19,114,0,0,18,4,22,51,26,36,23,136,0,16,16,152
05/02/2023,HSV,AL,ASO,ES,Combined TRACON& Tower with Radar,39,30,19,23,111,0,0,15,13,28,39,30,34,36,139,28,44,72,211
05/03/2023,HSV,AL,ASO,ES,Combined TRACON& Tower with Radar,46,32,17,61,156,0,8,47,19,74,46,40,64,80,230,12,120,132,362
05/04/2023,HSV,AL,ASO,ES,Combined TRACON& Tower with Radar,45,23,32,57,157,0,1,44,11,56,45,24,76,68,213,24,64,88,301
05/05/2023,HSV,AL,ASO,ES,Combined TRACON& Tower with Radar,45,32,35,27,139,0,0,4,1,5,45,32,39,28,144,20,20,40,184
05/06/2023,HSV,AL,ASO,ES,Combined TRACON& Tower with Radar,26,25,16,0,67,0,0,22,0,22,26,25,38,0,89,14,0,14,103
05/07/2023,HSV,AL,ASO,ES,Combined TRACON& Tower with Radar,42,25,26,1,94,0,0,19,1,20,42,25,45,2,114,10,0,10,124
05/08/2023,HSV,AL,ASO,ES,Combined TRACON& Tower with Radar,46,34,22,23,125,0,0,9,1,10,46,34,31,24,135,0,48,48,183
05/09/2023,HSV,AL,ASO,ES,Combined TRACON& Tower with Radar,39,36,15,35,125,0,0,15,0,15,39,36,30,35,140,0,4,4,144
05/10/2023,HSV,AL,ASO,ES,Combined TRACON& Tower with Radar,42,34,17,64,157,0,1,24,20,45,42,35,41,84,202,4,120,124,326
05/11/2023,HSV,AL,ASO,ES,Combined TRACON& Tower with Radar,43,35,29,16,123,0,0,9,3,12,43,35,38,19,135,8,8,16,151
05/12/2023,HSV,AL,ASO,ES,Combined TRACON& Tower with Radar,48,26,16,2,92,0,0,8,0,8,48,26,24,2,100,0,0,0,100
05/13/2023,HSV,AL,ASO,ES,Combined TRACON& Tower with Radar,29,31,22,0,82,0,1,28,0,29,29,32,50,0,111,0,0,0,111
05/14/2023,HSV,AL,ASO,ES,Combined TRACON& Tower with Radar,42,21,8,0,71,0,0,16,2,18,42,21,24,2,89,0,0,0,89
05/15/2023,HSV,AL,ASO,ES,Combined TRACON& Tower with Radar,48,28,18,14,108,1,0,22,4,27,49,28,40,18,135,8,26,34,169
05/16/2023,HSV,AL,ASO,ES,Combined TRACON& Tower with Radar,42,29,24,32,127,0,0,16,12,28,42,29,40,44,155,14,96,110,265
05/17/2023,HSV,AL,ASO,ES,Combined TRACON& Tower with Radar,45,30,21,70,166,0,0,19,4,23,45,30,40,74,189,14,30,44,233
05/18/2023,HSV,AL,ASO,ES,Combined TRACON& Tower with Radar,47,28,17,12,104,0,0,11,2,13,47,28,28,14,117,0,32,32,149
05/19/2023,HSV,AL,ASO,ES,Combined TRACON& Tower with Radar,45,30,24,13,112,0,0,5,2,7,45,30,29,15,119,34,10,44,163
05/20/2023,HSV,AL,ASO,ES,Combined TRACON& Tower with Radar,31,28,6,25,90,0,0,0,0,0,31,28,6,25,90,0,0,0,90
05/21/2023,HSV,AL,ASO,ES,Combined TRACON& Tower with Radar,42,26,23,24,115,0,0,41,1,42,42,26,64,25,157,44,0,44,201
05/22/2023,HSV,AL,ASO,ES,Combined TRACON& Tower with Radar,44,39,28,11,122,0,0,26,5,31,44,39,54,16,153,14,46,60,213
05/23/2023,HSV,AL,ASO,ES,Combined TRACON& Tower with Radar,40,32,17,3,92,0,0,26,2,28,40,32,43,5,120,54,0,54,174
05/24/2023,HSV,AL,ASO,ES,Combined TRACON& Tower with Radar,42,34,26,41,143,0,1,37,19,57,42,35,63,60,200,18,56,74,274
05/25/2023,HSV,AL,ASO,ES,Combined TRACON& Tower with Radar,44,28,18,44,134,0,5,42,15,62,44,33,60,59,196,28,82,110,306
05/26/2023,HSV,AL,ASO,ES,Combined TRACON& Tower with Radar,44,31,23,0,98,0,4,22,2,28,44,35,45,2,126,6,0,6,132
05/27/2023,HSV,AL,ASO,ES,Combined TRACON& Tower with Radar,25,32,8,0,65,0,3,25,0,28,25,35,33,0,93,32,0,32,125
05/28/2023,HSV,AL,ASO,ES,Combined TRACON& Tower with Radar,35,29,19,0,83,0,0,32,0,32,35,29,51,0,115,38,0,38,153
05/29/2023,HSV,AL,ASO,ES,Combined TRACON& Tower with Radar,39,27,27,0,93,0,0,15,0,15,39,27,42,0,108,14,0,14,122
05/30/2023,HSV,AL,ASO,ES,Combined TRACON& Tower with Radar,36,30,11,8,85,0,0,27,7,34,36,30,38,15,119,16,4,20,139
05/31/2023,HSV,AL,ASO,ES,Combined TRACON& Tower with Radar,38,35,30,29,132,0,6,32,12,50,38,41,62,41,182,72,16,88,270
06/01/2023,HSV,AL,ASO,ES,Combined TRACON& Tower with Radar,40,33,35,26,134,0,6,25,3,34,40,39,60,29,168,20,26,46,214
06/02/2023,HSV,AL,ASO,ES,Combined TRACON& Tower with Radar,44,26,28,26,124,0,12,38,17,67,44,38,66,43,191,100,38,138,329
06/03/2023,HSV,AL,ASO,ES,Combined TRACON& Tower with Radar,28,24,17,19,88,0,4,38,3,45,28,28,55,22,133,56,40,96,229
06/04/2023,HSV,AL,ASO,ES,Combined TRACON& Tower with Radar,42,26,29,7,104,0,0,28,3,31,42,26,57,10,135,0,0,0,135
06/05/2023,HSV,AL,ASO,ES,Combined TRACON& Tower with Radar,44,36,13,14,107,0,0,31,4,35,44,36,44,18,142,8,12,20,162
06/06/2023,HSV,AL,ASO,ES,Combined TRACON& Tower with Radar,39,31,5,25,100,0,2,27,10,39,39,33,32,35,139,30,45,75,214
06/07/2023,HSV,AL,ASO,ES,Combined TRACON& Tower with Radar,39,33,17,62,151,0,8,24,21,53,39,41,41,83,204,26,102,128,332
06/08/2023,HSV,AL,ASO,ES,Combined TRACON& Tower with Radar,43,31,20,38,132,0,6,40,10,56,43,37,60,48,188,32,30,62,250
06/09/2023,HSV,AL,ASO,ES,Combined TRACON& Tower with Radar,44,32,15,45,136,0,4,48,8,60,44,36,63,53,196,0,0,0,196
06/10/2023,HSV,AL,ASO,ES,Combined TRACON& Tower with Radar,25,35,18,2,80,0,2,33,1,36,25,37,51,3,116,16,0,16,132
06/11/2023,HSV,AL,ASO,ES,Combined TRACON& Tower with Radar,48,25,12,20,105,0,0,6,3,9,48,25,18,23,114,10,0,10,124
06/12/2023,HSV,AL,ASO,ES,Combined TRACON& Tower with Radar,47,38,27,67,179,0,0,17,9,26,47,38,44,76,205,8,148,156,361
06/13/2023,HSV,AL,ASO,ES,Combined TRACON& Tower with Radar,41,38,15,48,142,0,4,46,6,56,41,42,61,54,198,0,0,0,198
06/14/2023,HSV,AL,ASO,ES,Combined TRACON& Tower with Radar,38,37,16,10,101,0,0,8,2,10,38,37,24,12,111,0,0,0,111
06/15/2023,HSV,AL,ASO,ES,Combined TRACON& Tower with Radar,43,30,15,26,114,0,0,10,5,15,43,30,25,31,129,16,4,20,149
06/16/2023,HSV,AL,ASO,ES,Combined TRACON& Tower with Radar,42,40,22,58,162,0,2,42,14,58,42,42,64,72,220,0,0,0,220
06/17/2023,HSV,AL,ASO,ES,Combined TRACON& Tower with Radar,27,31,18,0,76,0,0,46,1,47,27,31,64,1,123,0,0,0,123
06/18/2023,HSV,AL,ASO,ES,Combined TRACON& Tower with Radar,39,32,11,2,84,0,0,11,1,12,39,32,22,3,96,0,0,0,96
06/19/2023,HSV,AL,ASO,ES,Combined TRACON& Tower with Radar,41,29,12,2,84,0,0,16,2,18,41,29,28,4,102,0,0,0,102
06/20/2023,HSV,AL,ASO,ES,Combined TRACON& Tower with Radar,37,33,33,18,121,0,0,7,8,15,37,33,40,26,136,0,0,0,136
06/21/2023,HSV,AL,ASO,ES,Combined TRACON& Tower with Radar,45,26,20,6,97,0,0,4,2,6,45,26,24,8,103,0,0,0,103
06/22/2023,HSV,AL,ASO,ES,Combined TRACON& Tower with Radar,47,29,19,13,108,0,0,7,4,11,47,29,26,17,119,4,8,12,131
06/23/2023,HSV,AL,ASO,ES,Combined TRACON& Tower with Radar,40,26,44,39,149,0,4,32,3,39,40,30,76,42,188,32,22,54,242
06/24/2023,HSV,AL,ASO,ES,Combined TRACON& Tower with Radar,25,31,11,0,67,0,0,52,0,52,25,31,63,0,119,0,0,0,119
06/25/2023,HSV,AL,ASO,ES,Combined TRACON& Tower with Radar,47,30,14,2,93,0,0,16,0,16,47,30,30,2,109,0,0,0,109
06/26/2023,HSV,AL,ASO,ES,Combined TRACON& Tower with Radar,39,38,17,19,113,0,1,26,11,38,39,39,43,30,151,0,0,0,151
06/27/2023,HSV,AL,ASO,ES,Combined TRACON& Tower with Radar,32,30,19,19,100,0,0,42,15,57,32,30,61,34,157,22,64,86,243
06/28/2023,HSV,AL,ASO,ES,Combined TRACON& Tower with Radar,39,28,35,36,138,0,0,69,3,72,39,28,104,39,210,50,32,82,292
06/29/2023,HSV,AL,ASO,ES,Combined TRACON& Tower with Radar,49,32,18,44,143,0,0,41,5,46,49,32,59,49,189,4,64,68,257
06/30/2023,HSV,AL,ASO,ES,Combined TRACON& Tower with Radar,48,31,38,41,158,0,0,31,13,44,48,31,69,54,202,34,88,122,324
07/01/2023,HSV,AL,ASO,ES,Combined TRACON& Tower with Radar,31,30,21,0,82,0,0,19,0,19,31,30,40,0,101,0,0,0,101
07/02/2023,HSV,AL,ASO,ES,Combined TRACON& Tower with Radar,38,24,14,6,82,0,0,9,0,9,38,24,23,6,91,2,0,2,93
07/03/2023,HSV,AL,ASO,ES,Combined TRACON& Tower with Radar,38,22,2,0,62,0,0,1,0,1,38,22,3,0,63,0,0,0,63
07/04/2023,HSV,AL,ASO,ES,Combined TRACON& Tower with Radar,31,26,11,0,68,0,0,14,0,14,31,26,25,0,82,0,0,0,82
07/05/2023,HSV,AL,ASO,ES,Combined TRACON& Tower with Radar,37,25,6,35,103,0,0,14,3,17,37,25,20,38,120,0,36,36,156
07/06/2023,HSV,AL,ASO,ES,Combined TRACON& Tower with Radar,42,25,11,22,100,0,0,19,3,22,42,25,30,25,122,0,0,0,122
07/07/2023,HSV,AL,ASO,ES,Combined TRACON& Tower with Radar,43,28,20,18,109,0,0,31,0,31,43,28,51,18,140,0,0,0,140
07/08/2023,HSV,AL,ASO,ES,Combined TRACON& Tower with Radar,33,25,10,0,68,0,1,23,0,24,33,26,33,0,92,0,0,0,92
07/09/2023,HSV,AL,ASO,ES,Combined TRACON& Tower with Radar,43,24,20,1,88,0,0,7,1,8,43,24,27,2,96,0,0,0,96
07/10/2023,HSV,AL,ASO,ES,Combined TRACON& Tower with Radar,48,26,14,47,135,0,1,30,4,35,48,27,44,51,170,16,36,52,222
07/11/2023,HSV,AL,ASO,ES,Combined TRACON& Tower with Radar,49,34,25,47,155,0,0,33,9,42,49,34,58,56,197,0,0,0,197
07/12/2023,HSV,AL,ASO,ES,Combined TRACON& Tower with Radar,44,30,28,46,148,0,0,28,7,35,44,30,56,53,183,10,32,42,225
07/13/2023,HSV,AL,ASO,ES,Combined TRACON& Tower with Radar,47,29,30,32,138,0,0,16,11,27,47,29,46,43,165,4,28,32,197
07/14/2023,HSV,AL,ASO,ES,Combined TRACON& Tower with Radar,41,29,27,26,123,0,0,11,9,20,41,29,38,35,143,0,0,0,143
07/15/2023,HSV,AL,ASO,ES,Combined TRACON& Tower with Radar,32,28,14,4,78,0,0,15,0,15,32,28,29,4,93,0,0,0,93
07/16/2023,HSV,AL,ASO,ES,Combined TRACON& Tower with Radar,42,27,19,22,110,0,0,25,3,28,42,27,44,25,138,28,0,28,166
07/17/2023,HSV,AL,ASO,ES,Combined TRACON& Tower with Radar,46,24,21,21,112,0,0,29,9,38,46,24,50,30,150,0,0,0,150
07/18/2023,HSV,AL,ASO,ES,Combined TRACON& Tower with Radar,45,36,29,23,133,1,0,44,7,52,46,36,73,30,185,38,6,44,229
07/19/2023,HSV,AL,ASO,ES,Combined TRACON& Tower with Radar,46,35,19,11,111,0,2,29,3,34,46,37,48,14,145,42,0,42,187
07/20/2023,HSV,AL,ASO,ES,Combined TRACON& Tower with Radar,47,31,19,5,102,0,0,11,7,18,47,31,30,12,120,8,0,8,128
07/21/2023,HSV,AL,ASO,ES,Combined TRACON& Tower with Radar,50,31,23,17,121,0,0,22,3,25,50,31,45,20,146,0,0,0,146
07/22/2023,HSV,AL,ASO,ES,Combined TRACON& Tower with Radar,31,34,19,0,84,0,0,25,0,25,31,34,44,0,109,0,0,0,109
07/23/2023,HSV,AL,ASO,ES,Combined TRACON& Tower with Radar,44,26,24,9,103,0,0,49,6,55,44,26,73,15,158,30,8,38,196
07/24/2023,HSV,AL,ASO,ES,Combined TRACON& Tower with Radar,43,30,14,72,159,0,0,38,14,52,43,30,52,86,211,0,0,0,211
07/25/2023,HSV,AL,ASO,ES,Combined TRACON& Tower with Radar,41,37,24,35,137,0,3,36,9,48,41,40,60,44,185,10,30,40,225
07/26/2023,HSV,AL,ASO,ES,Combined TRACON& Tower with Radar,47,31,19,57,154,0,0,40,8,48,47,31,59,65,202,10,82,92,294
07/27/2023,HSV,AL,ASO,ES,Combined TRACON& Tower with Radar,46,33,16,48,143,0,4,33,16,53,46,37,49,64,196,52,66,118,314
07/28/2023,HSV,AL,ASO,ES,Combined TRACON& Tower with Radar,48,28,9,76,161,0,0,29,4,33,48,28,38,80,194,32,54,86,280
07/29/2023,HSV,AL,ASO,ES,Combined TRACON& Tower with Radar,29,28,22,7,86,0,0,37,2,39,29,28,59,9,125,0,0,0,125
07/30/2023,HSV,AL,ASO,ES,Combined TRACON& Tower with Radar,46,34,25,15,120,0,0,26,2,28,46,34,51,17,148,26,4,30,178
07/31/2023,HSV,AL,ASO,ES,Combined TRACON& Tower with Radar,45,28,14,62,149,0,0,31,14,45,45,28,45,76,194,30,84,114,308
08/01/2023,HSV,AL,ASO,ES,Combined TRACON& Tower with Radar,38,38,21,44,141,0,0,44,10,54,38,38,65,54,195,14,66,80,275
08/02/2023,HSV,AL,ASO,ES,Combined TRACON& Tower with Radar,43,30,34,57,164,0,4,39,7,50,43,34,73,64,214,12,38,50,264
08/03/2023,HSV,AL,ASO,ES,Combined TRACON& Tower with Radar,50,30,8,6,94,0,0,12,0,12,50,30,20,6,106,34,0,34,140
08/04/2023,HSV,AL,ASO,ES,Combined TRACON& Tower with Radar,46,28,15,27,116,0,0,3,3,6,46,28,18,30,122,0,0,0,122
08/05/2023,HSV,AL,ASO,ES,Combined TRACON& Tower with Radar,26,31,18,0,75,0,0,21,4,25,26,31,39,4,100,0,0,0,100
08/06/2023,HSV,AL,ASO,ES,Combined TRACON& Tower with Radar,43,32,18,15,108,0,0,8,3,11,43,32,26,18,119,4,10,14,133
08/07/2023,HSV,AL,ASO,ES,Combined TRACON& Tower with Radar,41,32,16,1,90,0,0,18,0,18,41,32,34,1,108,0,0,0,108
08/08/2023,HSV,AL,ASO,ES,Combined TRACON& Tower with Radar,35,32,16,13,96,0,0,8,1,9,35,32,24,14,105,0,0,0,105
08/09/2023,HSV,AL,ASO,ES,Combined TRACON& Tower with Radar,38,36,11,25,110,0,0,2,2,4,38,36,13,27,114,0,16,16,130
08/10/2023,HSV,AL,ASO,ES,Combined TRACON& Tower with Radar,48,36,21,8,113,0,0,15,1,16,48,36,36,9,129,0,8,8,137
08/11/2023,HSV,AL,ASO,ES,Combined TRACON& Tower with Radar,45,28,26,31,130,0,0,17,8,25,45,28,43,39,155,0,0,0,155
08/12/2023,HSV,AL,ASO,ES,Combined TRACON& Tower with Radar,31,28,11,2,72,0,0,18,3,21,31,28,29,5,93,0,0,0,93
08/13/2023,HSV,AL,ASO,ES,Combined TRACON& Tower with Radar,43,37,14,13,107,0,0,9,7,16,43,37,23,20,123,0,10,10,133
08/14/2023,HSV,AL,ASO,ES,Combined TRACON& Tower with Radar,44,33,15,23,115,0,0,31,4,35,44,33,46,27,150,9,16,25,175
08/15/2023,HSV,AL,ASO,ES,Combined TRACON& Tower with Radar,37,40,26,41,144,0,2,22,8,32,37,42,48,49,176,10,47,57,233
08/16/2023,HSV,AL,ASO,ES,Combined TRACON& Tower with Radar,43,35,30,25,133,0,0,38,4,42,43,35,68,29,175,30,10,40,215
08/17/2023,HSV,AL,ASO,ES,Combined TRACON& Tower with Radar,46,30,35,71,182,0,0,32,13,45,46,30,67,84,227,0,140,140,367
08/18/2023,HSV,AL,ASO,ES,Combined TRACON& Tower with Radar,46,30,20,56,152,0,0,37,13,50,46,30,57,69,202,2,76,78,280
08/19/2023,HSV,AL,ASO,ES,Combined TRACON& Tower with Radar,30,29,15,0,74,0,0,38,2,40,30,29,53,2,114,26,0,26,140
08/20/2023,HSV,AL,ASO,ES,Combined TRACON& Tower with Radar,43,33,20,2,98,0,0,19,1,20,43,33,39,3,118,0,0,0,118
08/21/2023,HSV,AL,ASO,ES,Combined TRACON& Tower with Radar,45,40,20,33,138,0,0,26,18,44,45,40,46,51,182,24,92,116,298
08/22/2023,HSV,AL,ASO,ES,Combined TRACON& Tower with Radar,38,34,19,26,117,0,0,24,10,34,38,34,43,36,151,24,44,68,219
08/23/2023,HSV,AL,ASO,ES,Combined TRACON& Tower with Radar,38,33,36,18,125,0,0,46,5,51,38,33,82,23,176,0,0,0,176
08/24/2023,HSV,AL,ASO,ES,Combined TRACON& Tower with Radar,42,27,14,51,134,0,0,16,19,35,42,27,30,70,169,0,72,72,241
08/25/2023,HSV,AL,ASO,ES,Combined TRACON& Tower with Radar,40,36,19,3,98,0,0,41,2,43,40,36,60,5,141,24,10,34,175
08/26/2023,HSV,AL,ASO,ES,Combined TRACON& Tower with Radar,28,30,12,1,71,0,0,25,1,26,28,30,37,2,97,38,0,38,135
08/27/2023,HSV,AL,ASO,ES,Combined TRACON& Tower with Radar,41,31,9,5,86,0,0,16,1,17,41,31,25,6,103,6,0,6,109
08/28/2023,HSV,AL,ASO,ES,Combined TRACON& Tower with Radar,47,35,8,5,95,0,0,2,1,3,47,35,10,6,98,0,0,0,98
08/29/2023,HSV,AL,ASO,ES,Combined TRACON& Tower with Radar,41,34,19,22,116,0,0,7,1,8,41,34,26,23,124,0,0,0,124
08/30/2023,HSV,AL,ASO,ES,Combined TRACON& Tower with Radar,41,30,21,41,133,0,0,29,15,44,41,30,50,56,177,44,37,81,258
08/31/2023,HSV,AL,ASO,ES,Combined TRACON& Tower with Radar,41,35,26,49,151,0,0,34,27,61,41,35,60,76,212,2,122,124,336
