01/01/2020,HUF,IN,AGL,CE,Combined TRACON& Tower with Radar,0,0,8,0,8,0,0,13,0,13,0,0,21,0,21,14,0,14,35
01/02/2020,HUF,IN,AGL,CE,Combined TRACON& Tower with Radar,0,3,2,0,5,0,0,1,0,1,0,3,3,0,6,0,0,0,6
01/03/2020,HUF,IN,AGL,CE,Combined TRACON& Tower with Radar,0,6,4,0,10,0,0,0,0,0,0,6,4,0,10,0,0,0,10
01/04/2020,HUF,IN,AGL,CE,Combined TRACON& Tower with Radar,0,2,5,0,7,0,0,0,0,0,0,2,5,0,7,0,0,0,7
01/05/2020,HUF,IN,AGL,CE,Combined TRACON& Tower with Radar,0,1,12,0,13,0,1,12,0,13,0,2,24,0,26,6,0,6,32
01/06/2020,HUF,IN,AGL,CE,Combined TRACON& Tower with Radar,0,1,20,0,21,0,3,63,0,66,0,4,83,0,87,84,0,84,171
01/07/2020,HUF,IN,AGL,CE,Combined TRACON& Tower with Radar,0,5,17,1,23,0,2,74,0,76,0,7,91,1,99,110,0,110,209
01/08/2020,HUF,IN,AGL,CE,Combined TRACON& Tower with Radar,0,6,19,3,28,0,6,83,0,89,0,12,102,3,117,88,0,88,205
01/09/2020,HUF,IN,AGL,CE,Combined TRACON& Tower with Radar,0,0,5,1,6,0,0,11,0,11,0,0,16,1,17,4,0,4,21
01/10/2020,HUF,IN,AGL,CE,Combined TRACON& Tower with Radar,0,6,2,0,8,0,0,0,0,0,0,6,2,0,8,0,0,0,8
01/11/2020,HUF,IN,AGL,CE,Combined TRACON& Tower with Radar,0,0,2,0,2,0,0,0,0,0,0,0,2,0,2,0,0,0,2
01/12/2020,HUF,IN,AGL,CE,Combined TRACON& Tower with Radar,0,0,7,0,7,0,0,3,0,3,0,0,10,0,10,4,0,4,14
01/13/2020,HUF,IN,AGL,CE,Combined TRACON& Tower with Radar,0,7,26,0,33,0,2,12,0,14,0,9,38,0,47,49,0,49,96
01/14/2020,HUF,IN,AGL,CE,Combined TRACON& Tower with Radar,0,3,25,0,28,0,0,40,0,40,0,3,65,0,68,62,0,62,130
01/15/2020,HUF,IN,AGL,CE,Combined TRACON& Tower with Radar,0,0,3,0,3,0,0,0,0,0,0,0,3,0,3,0,0,0,3
01/16/2020,HUF,IN,AGL,CE,Combined TRACON& Tower with Radar,0,3,40,2,45,0,3,97,2,102,0,6,137,4,147,94,0,94,241
01/17/2020,HUF,IN,AGL,CE,Combined TRACON& Tower with Radar,0,1,18,0,19,0,6,65,0,71,0,7,83,0,90,73,0,73,163
01/18/2020,HUF,IN,AGL,CE,Combined TRACON& Tower with Radar,0,2,1,0,3,0,0,0,0,0,0,2,1,0,3,0,0,0,3
01/19/2020,HUF,IN,AGL,CE,Combined TRACON& Tower with Radar,0,0,3,0,3,0,1,2,0,3,0,1,5,0,6,40,0,40,46
01/20/2020,HUF,IN,AGL,CE,Combined TRACON& Tower with Radar,0,0,11,0,11,0,3,27,0,30,0,3,38,0,41,48,0,48,89
01/21/2020,HUF,IN,AGL,CE,Combined TRACON& Tower with Radar,0,0,27,0,27,0,1,57,0,58,0,1,84,0,85,89,0,89,174
01/22/2020,HUF,IN,AGL,CE,Combined TRACON& Tower with Radar,0,5,58,8,71,0,11,134,0,145,0,16,192,8,216,176,0,176,392
01/23/2020,HUF,IN,AGL,CE,Combined TRACON& Tower with Radar,0,2,29,0,31,0,0,27,0,27,0,2,56,0,58,99,0,99,157
01/24/2020,HUF,IN,AGL,CE,Combined TRACON& Tower with Radar,0,2,8,0,10,0,0,0,0,0,0,2,8,0,10,0,0,0,10
01/25/2020,HUF,IN,AGL,CE,Combined TRACON& Tower with Radar,0,0,0,0,0,0,0,0,0,0,0,0,0,0,0,0,0,0,0
01/26/2020,HUF,IN,AGL,CE,Combined TRACON& Tower with Radar,0,1,15,0,16,0,4,26,0,30,0,5,41,0,46,72,0,72,118
01/27/2020,HUF,IN,AGL,CE,Combined TRACON& Tower with Radar,0,0,5,0,5,0,0,0,0,0,0,0,5,0,5,0,0,0,5
01/28/2020,HUF,IN,AGL,CE,Combined TRACON& Tower with Radar,0,1,6,0,7,0,0,2,0,2,0,1,8,0,9,18,0,18,27
01/29/2020,HUF,IN,AGL,CE,Combined TRACON& Tower with Radar,0,1,4,0,5,0,1,9,0,10,0,2,13,0,15,34,0,34,49
01/30/2020,HUF,IN,AGL,CE,Combined TRACON& Tower with Radar,0,1,57,0,58,0,3,86,0,89,0,4,143,0,147,202,0,202,349
01/31/2020,HUF,IN,AGL,CE,Combined TRACON& Tower with Radar,0,2,2,0,4,0,0,4,0,4,0,2,6,0,8,10,0,10,18
02/01/2020,HUF,IN,AGL,CE,Combined TRACON& Tower with Radar,0,2,7,0,9,0,2,7,0,9,0,4,14,0,18,75,0,75,93
02/02/2020,HUF,IN,AGL,CE,Combined TRACON& Tower with Radar,0,4,17,2,23,0,1,65,0,66,0,5,82,2,89,76,0,76,165
02/03/2020,HUF,IN,AGL,CE,Combined TRACON& Tower with Radar,0,2,23,0,25,0,8,103,0,111,0,10,126,0,136,104,0,104,240
02/04/2020,HUF,IN,AGL,CE,Combined TRACON& Tower with Radar,0,0,11,0,11,0,0,0,0,0,0,0,11,0,11,0,0,0,11
02/05/2020,HUF,IN,AGL,CE,Combined TRACON& Tower with Radar,0,0,19,0,19,0,0,29,0,29,0,0,48,0,48,54,0,54,102
02/06/2020,HUF,IN,AGL,CE,Combined TRACON& Tower with Radar,0,0,0,0,0,0,0,0,0,0,0,0,0,0,0,0,0,0,0
02/07/2020,HUF,IN,AGL,CE,Combined TRACON& Tower with Radar,0,0,19,6,25,0,3,62,0,65,0,3,81,6,90,201,8,209,299
02/08/2020,HUF,IN,AGL,CE,Combined TRACON& Tower with Radar,0,0,2,0,2,0,0,0,0,0,0,0,2,0,2,0,0,0,2
02/09/2020,HUF,IN,AGL,CE,Combined TRACON& Tower with Radar,0,0,2,0,2,0,0,4,0,4,0,0,6,0,6,2,0,2,8
02/10/2020,HUF,IN,AGL,CE,Combined TRACON& Tower with Radar,0,0,0,0,0,0,0,0,0,0,0,0,0,0,0,0,0,0,0
02/11/2020,HUF,IN,AGL,CE,Combined TRACON& Tower with Radar,0,2,59,0,61,0,8,118,0,126,0,10,177,0,187,204,0,204,391
02/12/2020,HUF,IN,AGL,CE,Combined TRACON& Tower with Radar,0,2,23,0,25,0,3,41,0,44,0,5,64,0,69,70,0,70,139
02/13/2020,HUF,IN,AGL,CE,Combined TRACON& Tower with Radar,0,0,0,0,0,0,0,0,0,0,0,0,0,0,0,0,0,0,0
02/14/2020,HUF,IN,AGL,CE,Combined TRACON& Tower with Radar,0,6,59,0,65,0,2,148,0,150,0,8,207,0,215,122,0,122,337
02/15/2020,HUF,IN,AGL,CE,Combined TRACON& Tower with Radar,0,2,6,1,9,0,0,35,0,35,0,2,41,1,44,31,0,31,75
02/16/2020,HUF,IN,AGL,CE,Combined TRACON& Tower with Radar,0,2,25,0,27,0,3,85,0,88,0,5,110,0,115,72,0,72,187
02/17/2020,HUF,IN,AGL,CE,Combined TRACON& Tower with Radar,0,0,51,0,51,0,0,46,0,46,0,0,97,0,97,72,0,72,169
02/18/2020,HUF,IN,AGL,CE,Combined TRACON& Tower with Radar,0,2,22,0,24,0,2,29,0,31,0,4,51,0,55,102,0,102,157
02/19/2020,HUF,IN,AGL,CE,Combined TRACON& Tower with Radar,0,3,53,0,56,0,19,134,0,153,0,22,187,0,209,134,0,134,343
02/20/2020,HUF,IN,AGL,CE,Combined TRACON& Tower with Radar,0,3,42,0,45,0,4,106,0,110,0,7,148,0,155,104,0,104,259
02/21/2020,HUF,IN,AGL,CE,Combined TRACON& Tower with Radar,0,5,62,0,67,0,4,136,0,140,0,9,198,0,207,182,0,182,389
02/22/2020,HUF,IN,AGL,CE,Combined TRACON& Tower with Radar,0,0,26,0,26,0,2,77,0,79,0,2,103,0,105,79,0,79,184
02/23/2020,HUF,IN,AGL,CE,Combined TRACON& Tower with Radar,0,0,30,0,30,0,9,82,0,91,0,9,112,0,121,64,0,64,185
02/24/2020,HUF,IN,AGL,CE,Combined TRACON& Tower with Radar,0,0,4,0,4,0,0,0,0,0,0,0,4,0,4,0,0,0,4
02/25/2020,HUF,IN,AGL,CE,Combined TRACON& Tower with Radar,0,0,4,6,10,0,0,0,0,0,0,0,4,6,10,0,0,0,10
02/26/2020,HUF,IN,AGL,CE,Combined TRACON& Tower with Radar,0,0,1,0,1,0,0,0,0,0,0,0,1,0,1,0,0,0,1
02/27/2020,HUF,IN,AGL,CE,Combined TRACON& Tower with Radar,0,1,55,0,56,0,2,114,0,116,0,3,169,0,172,76,0,76,248
02/28/2020,HUF,IN,AGL,CE,Combined TRACON& Tower with Radar,0,2,32,0,34,0,2,64,0,66,0,4,96,0,100,74,0,74,174
02/29/2020,HUF,IN,AGL,CE,Combined TRACON& Tower with Radar,0,0,26,0,26,0,7,101,0,108,0,7,127,0,134,163,0,163,297
03/01/2020,HUF,IN,AGL,CE,Combined TRACON& Tower with Radar,0,0,16,0,16,0,3,33,0,36,0,3,49,0,52,20,0,20,72
03/02/2020,HUF,IN,AGL,CE,Combined TRACON& Tower with Radar,0,20,14,0,34,0,0,0,0,0,0,20,14,0,34,0,0,0,34
03/03/2020,HUF,IN,AGL,CE,Combined TRACON& Tower with Radar,0,0,35,0,35,0,3,76,0,79,0,3,111,0,114,102,0,102,216
03/04/2020,HUF,IN,AGL,CE,Combined TRACON& Tower with Radar,0,1,23,0,24,0,6,74,0,80,0,7,97,0,104,128,0,128,232
03/05/2020,HUF,IN,AGL,CE,Combined TRACON& Tower with Radar,0,5,32,0,37,0,5,96,0,101,0,10,128,0,138,175,0,175,313
03/06/2020,HUF,IN,AGL,CE,Combined TRACON& Tower with Radar,0,0,15,0,15,0,1,39,0,40,0,1,54,0,55,63,0,63,118
03/07/2020,HUF,IN,AGL,CE,Combined TRACON& Tower with Radar,0,0,18,0,18,0,6,93,2,101,0,6,111,2,119,150,0,150,269
03/08/2020,HUF,IN,AGL,CE,Combined TRACON& Tower with Radar,0,0,11,0,11,0,1,47,0,48,0,1,58,0,59,64,0,64,123
03/09/2020,HUF,IN,AGL,CE,Combined TRACON& Tower with Radar,0,4,7,0,11,0,1,8,0,9,0,5,15,0,20,6,0,6,26
03/10/2020,HUF,IN,AGL,CE,Combined TRACON& Tower with Radar,0,0,34,0,34,0,0,0,0,0,0,0,34,0,34,0,0,0,34
03/11/2020,HUF,IN,AGL,CE,Combined TRACON& Tower with Radar,0,5,39,0,44,0,0,2,0,2,0,5,41,0,46,4,0,4,50
03/12/2020,HUF,IN,AGL,CE,Combined TRACON& Tower with Radar,0,5,26,2,33,0,0,2,0,2,0,5,28,2,35,18,0,18,53
03/13/2020,HUF,IN,AGL,CE,Combined TRACON& Tower with Radar,0,2,30,0,32,0,4,96,0,100,0,6,126,0,132,166,0,166,298
03/14/2020,HUF,IN,AGL,CE,Combined TRACON& Tower with Radar,0,1,3,1,5,0,1,2,1,4,0,2,5,2,9,32,0,32,41
03/15/2020,HUF,IN,AGL,CE,Combined TRACON& Tower with Radar,0,0,6,0,6,0,2,27,0,29,0,2,33,0,35,78,0,78,113
03/16/2020,HUF,IN,AGL,CE,Combined TRACON& Tower with Radar,0,0,24,0,24,0,1,54,0,55,0,1,78,0,79,252,0,252,331
03/17/2020,HUF,IN,AGL,CE,Combined TRACON& Tower with Radar,0,1,37,2,40,0,1,83,0,84,0,2,120,2,124,178,0,178,302
03/18/2020,HUF,IN,AGL,CE,Combined TRACON& Tower with Radar,0,4,9,0,13,0,4,19,0,23,0,8,28,0,36,18,0,18,54
03/19/2020,HUF,IN,AGL,CE,Combined TRACON& Tower with Radar,0,0,4,0,4,0,0,0,0,0,0,0,4,0,4,0,0,0,4
03/20/2020,HUF,IN,AGL,CE,Combined TRACON& Tower with Radar,0,3,9,0,12,0,0,4,0,4,0,3,13,0,16,23,0,23,39
03/21/2020,HUF,IN,AGL,CE,Combined TRACON& Tower with Radar,0,0,21,0,21,0,7,53,0,60,0,7,74,0,81,60,0,60,141
03/22/2020,HUF,IN,AGL,CE,Combined TRACON& Tower with Radar,0,0,5,0,5,0,0,26,0,26,0,0,31,0,31,2,0,2,33
03/23/2020,HUF,IN,AGL,CE,Combined TRACON& Tower with Radar,0,0,0,0,0,0,0,1,0,1,0,0,1,0,1,6,0,6,7
03/24/2020,HUF,IN,AGL,CE,Combined TRACON& Tower with Radar,0,5,13,0,18,0,2,17,0,19,0,7,30,0,37,66,0,66,103
03/25/2020,HUF,IN,AGL,CE,Combined TRACON& Tower with Radar,0,0,6,0,6,0,0,21,0,21,0,0,27,0,27,52,0,52,79
03/26/2020,HUF,IN,AGL,CE,Combined TRACON& Tower with Radar,0,0,8,0,8,0,0,17,0,17,0,0,25,0,25,18,0,18,43
03/27/2020,HUF,IN,AGL,CE,Combined TRACON& Tower with Radar,0,0,2,3,5,0,0,9,0,9,0,0,11,3,14,46,0,46,60
03/28/2020,HUF,IN,AGL,CE,Combined TRACON& Tower with Radar,0,0,6,0,6,0,1,14,0,15,0,1,20,0,21,0,0,0,21
03/29/2020,HUF,IN,AGL,CE,Combined TRACON& Tower with Radar,0,0,1,0,1,0,0,10,0,10,0,0,11,0,11,0,0,0,11
03/30/2020,HUF,IN,AGL,CE,Combined TRACON& Tower with Radar,0,0,10,0,10,0,2,29,0,31,0,2,39,0,41,16,0,16,57
03/31/2020,HUF,IN,AGL,CE,Combined TRACON& Tower with Radar,0,4,7,1,12,0,0,27,0,27,0,4,34,1,39,4,0,4,43
04/01/2020,HUF,IN,AGL,CE,Combined TRACON& Tower with Radar,0,0,6,0,6,0,0,11,0,11,0,0,17,0,17,0,0,0,17
04/02/2020,HUF,IN,AGL,CE,Combined TRACON& Tower with Radar,0,1,9,0,10,0,0,37,0,37,0,1,46,0,47,2,0,2,49
04/03/2020,HUF,IN,AGL,CE,Combined TRACON& Tower with Radar,0,1,8,0,9,0,1,16,0,17,0,2,24,0,26,32,0,32,58
04/04/2020,HUF,IN,AGL,CE,Combined TRACON& Tower with Radar,0,0,7,0,7,0,0,3,0,3,0,0,10,0,10,13,0,13,23
04/05/2020,HUF,IN,AGL,CE,Combined TRACON& Tower with Radar,0,1,13,0,14,0,1,9,0,10,0,2,22,0,24,8,0,8,32
04/06/2020,HUF,IN,AGL,CE,Combined TRACON& Tower with Radar,0,0,3,0,3,0,0,2,0,2,0,0,5,0,5,36,0,36,41
04/07/2020,HUF,IN,AGL,CE,Combined TRACON& Tower with Radar,0,0,1,0,1,0,0,4,0,4,0,0,5,0,5,2,0,2,7
04/08/2020,HUF,IN,AGL,CE,Combined TRACON& Tower with Radar,0,0,1,0,1,0,0,12,0,12,0,0,13,0,13,26,0,26,39
04/09/2020,HUF,IN,AGL,CE,Combined TRACON& Tower with Radar,0,0,1,0,1,0,0,1,0,1,0,0,2,0,2,0,0,0,2
04/10/2020,HUF,IN,AGL,CE,Combined TRACON& Tower with Radar,0,0,9,0,9,0,0,7,0,7,0,0,16,0,16,6,0,6,22
04/11/2020,HUF,IN,AGL,CE,Combined TRACON& Tower with Radar,0,0,3,0,3,0,2,8,0,10,0,2,11,0,13,2,0,2,15
04/12/2020,HUF,IN,AGL,CE,Combined TRACON& Tower with Radar,0,0,0,0,0,0,0,2,0,2,0,0,2,0,2,6,0,6,8
04/13/2020,HUF,IN,AGL,CE,Combined TRACON& Tower with Radar,0,0,5,0,5,0,2,0,0,2,0,2,5,0,7,0,0,0,7
04/14/2020,HUF,IN,AGL,CE,Combined TRACON& Tower with Radar,0,0,12,0,12,0,0,12,0,12,0,0,24,0,24,0,0,0,24
04/15/2020,HUF,IN,AGL,CE,Combined TRACON& Tower with Radar,0,0,2,0,2,0,0,6,0,6,0,0,8,0,8,7,0,7,15
04/16/2020,HUF,IN,AGL,CE,Combined TRACON& Tower with Radar,0,0,3,0,3,0,0,13,0,13,0,0,16,0,16,14,0,14,30
04/17/2020,HUF,IN,AGL,CE,Combined TRACON& Tower with Radar,0,0,9,0,9,0,0,0,0,0,0,0,9,0,9,0,0,0,9
04/18/2020,HUF,IN,AGL,CE,Combined TRACON& Tower with Radar,0,0,7,0,7,0,1,44,0,45,0,1,51,0,52,28,0,28,80
04/19/2020,HUF,IN,AGL,CE,Combined TRACON& Tower with Radar,0,0,5,0,5,0,0,13,0,13,0,0,18,0,18,20,0,20,38
04/20/2020,HUF,IN,AGL,CE,Combined TRACON& Tower with Radar,0,0,5,0,5,0,1,42,0,43,0,1,47,0,48,64,0,64,112
04/21/2020,HUF,IN,AGL,CE,Combined TRACON& Tower with Radar,0,1,4,0,5,0,0,7,0,7,0,1,11,0,12,4,0,4,16
04/22/2020,HUF,IN,AGL,CE,Combined TRACON& Tower with Radar,0,0,5,2,7,0,2,17,0,19,0,2,22,2,26,18,0,18,44
04/23/2020,HUF,IN,AGL,CE,Combined TRACON& Tower with Radar,0,0,6,2,8,0,0,0,0,0,0,0,6,2,8,0,0,0,8
04/24/2020,HUF,IN,AGL,CE,Combined TRACON& Tower with Radar,0,0,2,0,2,0,1,18,0,19,0,1,20,0,21,63,0,63,84
04/25/2020,HUF,IN,AGL,CE,Combined TRACON& Tower with Radar,0,0,8,0,8,0,0,6,0,6,0,0,14,0,14,16,0,16,30
04/26/2020,HUF,IN,AGL,CE,Combined TRACON& Tower with Radar,0,0,1,0,1,0,0,11,0,11,0,0,12,0,12,20,0,20,32
04/27/2020,HUF,IN,AGL,CE,Combined TRACON& Tower with Radar,0,0,5,4,9,0,0,30,0,30,0,0,35,4,39,12,0,12,51
04/28/2020,HUF,IN,AGL,CE,Combined TRACON& Tower with Radar,0,0,4,0,4,0,2,6,0,8,0,2,10,0,12,0,0,0,12
04/29/2020,HUF,IN,AGL,CE,Combined TRACON& Tower with Radar,0,0,4,2,6,0,0,2,0,2,0,0,6,2,8,0,0,0,8
04/30/2020,HUF,IN,AGL,CE,Combined TRACON& Tower with Radar,0,0,4,2,6,0,0,2,2,4,0,0,6,4,10,36,0,36,46
05/01/2020,HUF,IN,AGL,CE,Combined TRACON& Tower with Radar,0,0,10,0,10,0,1,33,0,34,0,1,43,0,44,38,0,38,82
05/02/2020,HUF,IN,AGL,CE,Combined TRACON& Tower with Radar,0,0,8,0,8,0,2,29,0,31,0,2,37,0,39,64,0,64,103
05/03/2020,HUF,IN,AGL,CE,Combined TRACON& Tower with Radar,0,0,9,0,9,0,0,2,0,2,0,0,11,0,11,0,0,0,11
05/04/2020,HUF,IN,AGL,CE,Combined TRACON& Tower with Radar,0,0,3,0,3,0,0,24,0,24,0,0,27,0,27,14,0,14,41
05/05/2020,HUF,IN,AGL,CE,Combined TRACON& Tower with Radar,0,0,2,0,2,0,0,1,0,1,0,0,3,0,3,0,0,0,3
05/06/2020,HUF,IN,AGL,CE,Combined TRACON& Tower with Radar,0,0,2,2,4,0,0,6,0,6,0,0,8,2,10,10,0,10,20
05/07/2020,HUF,IN,AGL,CE,Combined TRACON& Tower with Radar,0,0,5,0,5,0,1,13,0,14,0,1,18,0,19,8,0,8,27
05/08/2020,HUF,IN,AGL,CE,Combined TRACON& Tower with Radar,0,1,5,0,6,0,0,2,0,2,0,1,7,0,8,4,0,4,12
05/09/2020,HUF,IN,AGL,CE,Combined TRACON& Tower with Radar,0,1,10,0,11,0,2,23,0,25,0,3,33,0,36,60,0,60,96
05/10/2020,HUF,IN,AGL,CE,Combined TRACON& Tower with Radar,0,0,3,0,3,0,0,0,0,0,0,0,3,0,3,0,0,0,3
05/11/2020,HUF,IN,AGL,CE,Combined TRACON& Tower with Radar,0,0,9,0,9,0,1,26,0,27,0,1,35,0,36,20,0,20,56
05/12/2020,HUF,IN,AGL,CE,Combined TRACON& Tower with Radar,0,0,8,9,17,0,2,27,0,29,0,2,35,9,46,44,0,44,90
05/13/2020,HUF,IN,AGL,CE,Combined TRACON& Tower with Radar,0,0,4,0,4,0,0,4,0,4,0,0,8,0,8,10,0,10,18
05/14/2020,HUF,IN,AGL,CE,Combined TRACON& Tower with Radar,0,0,4,0,4,0,1,10,0,11,0,1,14,0,15,2,0,2,17
05/15/2020,HUF,IN,AGL,CE,Combined TRACON& Tower with Radar,0,4,2,0,6,0,0,2,0,2,0,4,4,0,8,0,0,0,8
05/16/2020,HUF,IN,AGL,CE,Combined TRACON& Tower with Radar,0,0,17,0,17,0,2,6,0,8,0,2,23,0,25,0,0,0,25
05/17/2020,HUF,IN,AGL,CE,Combined TRACON& Tower with Radar,0,0,3,0,3,0,0,0,0,0,0,0,3,0,3,0,0,0,3
05/18/2020,HUF,IN,AGL,CE,Combined TRACON& Tower with Radar,0,0,29,4,33,0,0,19,0,19,0,0,48,4,52,71,0,71,123
05/19/2020,HUF,IN,AGL,CE,Combined TRACON& Tower with Radar,0,0,7,3,10,0,0,0,0,0,0,0,7,3,10,0,0,0,10
05/20/2020,HUF,IN,AGL,CE,Combined TRACON& Tower with Radar,0,2,46,0,48,0,0,4,0,4,0,2,50,0,52,68,0,68,120
05/21/2020,HUF,IN,AGL,CE,Combined TRACON& Tower with Radar,0,4,42,0,46,0,4,15,0,19,0,8,57,0,65,56,0,56,121
05/22/2020,HUF,IN,AGL,CE,Combined TRACON& Tower with Radar,0,2,25,0,27,0,2,46,0,48,0,4,71,0,75,71,0,71,146
05/23/2020,HUF,IN,AGL,CE,Combined TRACON& Tower with Radar,0,0,6,0,6,0,0,14,0,14,0,0,20,0,20,0,0,0,20
05/24/2020,HUF,IN,AGL,CE,Combined TRACON& Tower with Radar,0,0,3,0,3,0,2,10,0,12,0,2,13,0,15,18,0,18,33
05/25/2020,HUF,IN,AGL,CE,Combined TRACON& Tower with Radar,0,1,3,0,4,0,0,22,0,22,0,1,25,0,26,33,0,33,59
05/26/2020,HUF,IN,AGL,CE,Combined TRACON& Tower with Radar,0,1,30,0,31,0,3,74,0,77,0,4,104,0,108,77,0,77,185
05/27/2020,HUF,IN,AGL,CE,Combined TRACON& Tower with Radar,0,1,42,0,43,0,3,61,0,64,0,4,103,0,107,130,0,130,237
05/28/2020,HUF,IN,AGL,CE,Combined TRACON& Tower with Radar,0,7,27,0,34,0,1,32,0,33,0,8,59,0,67,68,0,68,135
05/29/2020,HUF,IN,AGL,CE,Combined TRACON& Tower with Radar,0,4,35,0,39,0,0,53,0,53,0,4,88,0,92,125,0,125,217
05/30/2020,HUF,IN,AGL,CE,Combined TRACON& Tower with Radar,0,3,17,0,20,0,1,55,0,56,0,4,72,0,76,69,0,69,145
05/31/2020,HUF,IN,AGL,CE,Combined TRACON& Tower with Radar,0,0,10,0,10,0,1,42,0,43,0,1,52,0,53,61,0,61,114
06/01/2020,HUF,IN,AGL,CE,Combined TRACON& Tower with Radar,0,1,34,0,35,0,2,111,0,113,0,3,145,0,148,104,0,104,252
06/02/2020,HUF,IN,AGL,CE,Combined TRACON& Tower with Radar,0,0,28,0,28,0,1,77,0,78,0,1,105,0,106,77,0,77,183
06/03/2020,HUF,IN,AGL,CE,Combined TRACON& Tower with Radar,0,1,34,1,36,0,4,95,2,101,0,5,129,3,137,128,0,128,265
06/04/2020,HUF,IN,AGL,CE,Combined TRACON& Tower with Radar,0,0,26,0,26,0,1,40,0,41,0,1,66,0,67,34,0,34,101
06/05/2020,HUF,IN,AGL,CE,Combined TRACON& Tower with Radar,0,0,7,0,7,0,2,20,0,22,0,2,27,0,29,81,0,81,110
06/06/2020,HUF,IN,AGL,CE,Combined TRACON& Tower with Radar,0,0,12,0,12,0,0,75,0,75,0,0,87,0,87,142,0,142,229
06/07/2020,HUF,IN,AGL,CE,Combined TRACON& Tower with Radar,0,0,15,0,15,0,0,27,0,27,0,0,42,0,42,36,0,36,78
06/08/2020,HUF,IN,AGL,CE,Combined TRACON& Tower with Radar,0,0,23,0,23,0,8,86,0,94,0,8,109,0,117,87,0,87,204
06/09/2020,HUF,IN,AGL,CE,Combined TRACON& Tower with Radar,0,0,6,0,6,0,1,4,0,5,0,1,10,0,11,46,0,46,57
06/10/2020,HUF,IN,AGL,CE,Combined TRACON& Tower with Radar,0,2,0,0,2,0,1,0,0,1,0,3,0,0,3,0,0,0,3
06/11/2020,HUF,IN,AGL,CE,Combined TRACON& Tower with Radar,0,1,51,0,52,0,14,110,0,124,0,15,161,0,176,102,0,102,278
06/12/2020,HUF,IN,AGL,CE,Combined TRACON& Tower with Radar,0,0,32,0,32,0,3,90,0,93,0,3,122,0,125,163,0,163,288
06/13/2020,HUF,IN,AGL,CE,Combined TRACON& Tower with Radar,0,0,23,0,23,0,5,67,0,72,0,5,90,0,95,122,0,122,217
06/14/2020,HUF,IN,AGL,CE,Combined TRACON& Tower with Radar,0,1,7,0,8,0,4,25,0,29,0,5,32,0,37,39,0,39,76
06/15/2020,HUF,IN,AGL,CE,Combined TRACON& Tower with Radar,0,1,28,3,32,0,5,73,0,78,0,6,101,3,110,57,0,57,167
06/16/2020,HUF,IN,AGL,CE,Combined TRACON& Tower with Radar,0,0,35,0,35,0,1,86,0,87,0,1,121,0,122,110,0,110,232
06/17/2020,HUF,IN,AGL,CE,Combined TRACON& Tower with Radar,0,0,35,2,37,0,2,78,0,80,0,2,113,2,117,86,0,86,203
06/18/2020,HUF,IN,AGL,CE,Combined TRACON& Tower with Radar,0,2,40,0,42,0,6,65,0,71,0,8,105,0,113,142,0,142,255
06/19/2020,HUF,IN,AGL,CE,Combined TRACON& Tower with Radar,0,0,43,0,43,0,7,79,0,86,0,7,122,0,129,95,0,95,224
06/20/2020,HUF,IN,AGL,CE,Combined TRACON& Tower with Radar,0,0,11,0,11,0,2,38,0,40,0,2,49,0,51,106,0,106,157
06/21/2020,HUF,IN,AGL,CE,Combined TRACON& Tower with Radar,0,0,7,0,7,0,0,7,0,7,0,0,14,0,14,24,0,24,38
06/22/2020,HUF,IN,AGL,CE,Combined TRACON& Tower with Radar,0,2,24,0,26,0,2,28,0,30,0,4,52,0,56,16,0,16,72
06/23/2020,HUF,IN,AGL,CE,Combined TRACON& Tower with Radar,0,4,33,0,37,0,1,59,0,60,0,5,92,0,97,120,0,120,217
06/24/2020,HUF,IN,AGL,CE,Combined TRACON& Tower with Radar,0,0,35,4,39,0,7,81,0,88,0,7,116,4,127,93,0,93,220
06/25/2020,HUF,IN,AGL,CE,Combined TRACON& Tower with Radar,0,0,27,0,27,0,14,121,1,136,0,14,148,1,163,211,0,211,374
06/26/2020,HUF,IN,AGL,CE,Combined TRACON& Tower with Radar,0,2,26,0,28,0,2,92,0,94,0,4,118,0,122,106,0,106,228
06/27/2020,HUF,IN,AGL,CE,Combined TRACON& Tower with Radar,0,0,0,0,0,0,0,0,0,0,0,0,0,0,0,0,0,0,0
06/28/2020,HUF,IN,AGL,CE,Combined TRACON& Tower with Radar,0,0,7,0,7,0,0,3,0,3,0,0,10,0,10,0,0,0,10
06/29/2020,HUF,IN,AGL,CE,Combined TRACON& Tower with Radar,0,0,50,0,50,0,0,37,0,37,0,0,87,0,87,78,0,78,165
06/30/2020,HUF,IN,AGL,CE,Combined TRACON& Tower with Radar,0,0,18,0,18,0,2,19,0,21,0,2,37,0,39,110,0,110,149
07/01/2020,HUF,IN,AGL,CE,Combined TRACON& Tower with Radar,0,0,50,0,50,0,1,53,0,54,0,1,103,0,104,152,0,152,256
07/02/2020,HUF,IN,AGL,CE,Combined TRACON& Tower with Radar,0,1,33,0,34,0,3,101,0,104,0,4,134,0,138,110,0,110,248
07/03/2020,HUF,IN,AGL,CE,Combined TRACON& Tower with Radar,0,2,10,0,12,0,1,31,0,32,0,3,41,0,44,51,0,51,95
07/04/2020,HUF,IN,AGL,CE,Combined TRACON& Tower with Radar,0,1,5,0,6,0,1,27,0,28,0,2,32,0,34,28,0,28,62
07/05/2020,HUF,IN,AGL,CE,Combined TRACON& Tower with Radar,0,0,5,0,5,0,2,21,0,23,0,2,26,0,28,2,0,2,30
07/06/2020,HUF,IN,AGL,CE,Combined TRACON& Tower with Radar,0,0,15,0,15,0,3,51,0,54,0,3,66,0,69,73,0,73,142
07/07/2020,HUF,IN,AGL,CE,Combined TRACON& Tower with Radar,0,0,18,0,18,0,8,34,0,42,0,8,52,0,60,84,0,84,144
07/08/2020,HUF,IN,AGL,CE,Combined TRACON& Tower with Radar,0,0,18,0,18,0,3,34,0,37,0,3,52,0,55,24,0,24,79
07/09/2020,HUF,IN,AGL,CE,Combined TRACON& Tower with Radar,0,1,10,0,11,0,2,46,0,48,0,3,56,0,59,64,0,64,123
07/10/2020,HUF,IN,AGL,CE,Combined TRACON& Tower with Radar,0,1,21,0,22,0,2,29,0,31,0,3,50,0,53,32,0,32,85
07/11/2020,HUF,IN,AGL,CE,Combined TRACON& Tower with Radar,0,2,11,0,13,0,4,40,0,44,0,6,51,0,57,54,0,54,111
07/12/2020,HUF,IN,AGL,CE,Combined TRACON& Tower with Radar,0,2,5,2,9,0,2,11,0,13,0,4,16,2,22,0,0,0,22
07/13/2020,HUF,IN,AGL,CE,Combined TRACON& Tower with Radar,0,0,34,0,34,0,5,76,0,81,0,5,110,0,115,91,0,91,206
07/14/2020,HUF,IN,AGL,CE,Combined TRACON& Tower with Radar,0,0,14,0,14,0,8,85,0,93,0,8,99,0,107,103,0,103,210
07/15/2020,HUF,IN,AGL,CE,Combined TRACON& Tower with Radar,0,0,31,6,37,0,5,63,0,68,0,5,94,6,105,64,20,84,189
07/16/2020,HUF,IN,AGL,CE,Combined TRACON& Tower with Radar,0,0,31,0,31,0,1,13,0,14,0,1,44,0,45,55,0,55,100
07/17/2020,HUF,IN,AGL,CE,Combined TRACON& Tower with Radar,0,0,38,0,38,0,0,53,0,53,0,0,91,0,91,96,0,96,187
07/18/2020,HUF,IN,AGL,CE,Combined TRACON& Tower with Radar,0,2,10,0,12,0,6,18,0,24,0,8,28,0,36,16,0,16,52
07/19/2020,HUF,IN,AGL,CE,Combined TRACON& Tower with Radar,0,0,8,0,8,0,3,10,0,13,0,3,18,0,21,4,0,4,25
07/20/2020,HUF,IN,AGL,CE,Combined TRACON& Tower with Radar,0,3,29,0,32,0,1,46,0,47,0,4,75,0,79,77,0,77,156
07/21/2020,HUF,IN,AGL,CE,Combined TRACON& Tower with Radar,0,1,13,0,14,0,3,10,0,13,0,4,23,0,27,2,0,2,29
07/22/2020,HUF,IN,AGL,CE,Combined TRACON& Tower with Radar,0,0,12,0,12,0,0,23,0,23,0,0,35,0,35,37,0,37,72
07/23/2020,HUF,IN,AGL,CE,Combined TRACON& Tower with Radar,0,0,46,0,46,0,4,80,0,84,0,4,126,0,130,76,0,76,206
07/24/2020,HUF,IN,AGL,CE,Combined TRACON& Tower with Radar,0,0,21,1,22,1,7,129,2,139,1,7,150,3,161,50,0,50,211
07/25/2020,HUF,IN,AGL,CE,Combined TRACON& Tower with Radar,0,2,5,0,7,0,0,124,0,124,0,2,129,0,131,49,0,49,180
07/26/2020,HUF,IN,AGL,CE,Combined TRACON& Tower with Radar,0,3,6,0,9,0,5,46,1,52,0,8,52,1,61,24,0,24,85
07/27/2020,HUF,IN,AGL,CE,Combined TRACON& Tower with Radar,0,0,15,0,15,0,1,23,0,24,0,1,38,0,39,20,0,20,59
07/28/2020,HUF,IN,AGL,CE,Combined TRACON& Tower with Radar,0,2,29,0,31,0,8,82,0,90,0,10,111,0,121,92,0,92,213
07/29/2020,HUF,IN,AGL,CE,Combined TRACON& Tower with Radar,0,1,19,0,20,0,7,99,0,106,0,8,118,0,126,98,0,98,224
07/30/2020,HUF,IN,AGL,CE,Combined TRACON& Tower with Radar,0,1,5,0,6,0,0,0,0,0,0,1,5,0,6,0,0,0,6
07/31/2020,HUF,IN,AGL,CE,Combined TRACON& Tower with Radar,0,0,26,0,26,0,7,32,0,39,0,7,58,0,65,120,0,120,185
08/01/2020,HUF,IN,AGL,CE,Combined TRACON& Tower with Radar,0,2,15,0,17,0,0,0,0,0,0,2,15,0,17,0,0,0,17
08/02/2020,HUF,IN,AGL,CE,Combined TRACON& Tower with Radar,0,2,14,0,16,0,2,7,0,9,0,4,21,0,25,11,0,11,36
08/03/2020,HUF,IN,AGL,CE,Combined TRACON& Tower with Radar,0,0,10,0,10,0,0,0,0,0,0,0,10,0,10,0,0,0,10
08/04/2020,HUF,IN,AGL,CE,Combined TRACON& Tower with Radar,0,1,33,0,34,0,4,58,0,62,0,5,91,0,96,126,0,126,222
08/05/2020,HUF,IN,AGL,CE,Combined TRACON& Tower with Radar,0,0,25,0,25,0,8,108,0,116,0,8,133,0,141,124,0,124,265
08/06/2020,HUF,IN,AGL,CE,Combined TRACON& Tower with Radar,0,0,15,0,15,0,2,49,0,51,0,2,64,0,66,68,0,68,134
08/07/2020,HUF,IN,AGL,CE,Combined TRACON& Tower with Radar,0,0,18,0,18,0,1,58,0,59,0,1,76,0,77,70,0,70,147
08/08/2020,HUF,IN,AGL,CE,Combined TRACON& Tower with Radar,0,1,13,0,14,0,5,30,0,35,0,6,43,0,49,22,0,22,71
08/09/2020,HUF,IN,AGL,CE,Combined TRACON& Tower with Radar,0,1,5,0,6,0,2,15,0,17,0,3,20,0,23,26,0,26,49
08/10/2020,HUF,IN,AGL,CE,Combined TRACON& Tower with Radar,0,0,14,0,14,0,4,5,0,9,0,4,19,0,23,12,0,12,35
08/11/2020,HUF,IN,AGL,CE,Combined TRACON& Tower with Radar,0,1,44,0,45,0,2,24,0,26,0,3,68,0,71,68,0,68,139
08/12/2020,HUF,IN,AGL,CE,Combined TRACON& Tower with Radar,0,1,26,0,27,0,2,70,0,72,0,3,96,0,99,141,0,141,240
08/13/2020,HUF,IN,AGL,CE,Combined TRACON& Tower with Radar,0,1,25,0,26,0,1,81,0,82,0,2,106,0,108,98,0,98,206
08/14/2020,HUF,IN,AGL,CE,Combined TRACON& Tower with Radar,2,0,27,0,29,0,0,49,0,49,2,0,76,0,78,149,0,149,227
08/15/2020,HUF,IN,AGL,CE,Combined TRACON& Tower with Radar,0,0,10,0,10,0,0,31,0,31,0,0,41,0,41,62,0,62,103
08/16/2020,HUF,IN,AGL,CE,Combined TRACON& Tower with Radar,0,0,7,0,7,0,4,14,0,18,0,4,21,0,25,42,0,42,67
08/17/2020,HUF,IN,AGL,CE,Combined TRACON& Tower with Radar,0,0,10,0,10,0,0,30,0,30,0,0,40,0,40,36,0,36,76
08/18/2020,HUF,IN,AGL,CE,Combined TRACON& Tower with Radar,0,7,32,0,39,0,0,29,0,29,0,7,61,0,68,28,0,28,96
08/19/2020,HUF,IN,AGL,CE,Combined TRACON& Tower with Radar,0,4,14,0,18,0,3,79,0,82,0,7,93,0,100,79,0,79,179
08/20/2020,HUF,IN,AGL,CE,Combined TRACON& Tower with Radar,0,2,25,0,27,0,1,69,0,70,0,3,94,0,97,74,0,74,171
08/21/2020,HUF,IN,AGL,CE,Combined TRACON& Tower with Radar,0,4,32,0,36,0,2,78,0,80,0,6,110,0,116,71,0,71,187
08/22/2020,HUF,IN,AGL,CE,Combined TRACON& Tower with Radar,0,1,17,0,18,0,1,48,0,49,0,2,65,0,67,70,0,70,137
08/23/2020,HUF,IN,AGL,CE,Combined TRACON& Tower with Radar,0,0,11,0,11,0,0,21,0,21,0,0,32,0,32,33,0,33,65
08/24/2020,HUF,IN,AGL,CE,Combined TRACON& Tower with Radar,0,0,21,0,21,0,1,55,0,56,0,1,76,0,77,32,0,32,109
08/25/2020,HUF,IN,AGL,CE,Combined TRACON& Tower with Radar,0,1,13,1,15,0,2,49,0,51,0,3,62,1,66,118,0,118,184
08/26/2020,HUF,IN,AGL,CE,Combined TRACON& Tower with Radar,0,4,29,4,37,0,0,69,2,71,0,4,98,6,108,66,0,66,174
08/27/2020,HUF,IN,AGL,CE,Combined TRACON& Tower with Radar,0,2,15,0,17,0,0,58,0,58,0,2,73,0,75,88,0,88,163
08/28/2020,HUF,IN,AGL,CE,Combined TRACON& Tower with Radar,0,1,33,0,34,0,3,26,0,29,0,4,59,0,63,64,0,64,127
08/29/2020,HUF,IN,AGL,CE,Combined TRACON& Tower with Radar,0,3,19,0,22,0,5,22,0,27,0,8,41,0,49,72,0,72,121
08/30/2020,HUF,IN,AGL,CE,Combined TRACON& Tower with Radar,0,1,10,0,11,0,7,43,0,50,0,8,53,0,61,45,0,45,106
08/31/2020,HUF,IN,AGL,CE,Combined TRACON& Tower with Radar,0,2,23,0,25,0,4,84,0,88,0,6,107,0,113,108,0,108,221
09/01/2020,HUF,IN,AGL,CE,Combined TRACON& Tower with Radar,0,5,9,0,14,0,0,2,0,2,0,5,11,0,16,16,0,16,32
09/02/2020,HUF,IN,AGL,CE,Combined TRACON& Tower with Radar,2,2,38,0,42,0,2,20,0,22,2,4,58,0,64,56,0,56,120
09/03/2020,HUF,IN,AGL,CE,Combined TRACON& Tower with Radar,0,2,33,1,36,0,0,51,8,59,0,2,84,9,95,70,0,70,165
09/04/2020,HUF,IN,AGL,CE,Combined TRACON& Tower with Radar,0,2,26,0,28,0,1,105,0,106,0,3,131,0,134,186,0,186,320
09/05/2020,HUF,IN,AGL,CE,Combined TRACON& Tower with Radar,0,1,6,0,7,0,4,42,0,46,0,5,48,0,53,42,0,42,95
09/06/2020,HUF,IN,AGL,CE,Combined TRACON& Tower with Radar,0,2,3,0,5,0,1,22,0,23,0,3,25,0,28,16,0,16,44
09/07/2020,HUF,IN,AGL,CE,Combined TRACON& Tower with Radar,0,0,6,0,6,0,0,4,0,4,0,0,10,0,10,0,0,0,10
09/08/2020,HUF,IN,AGL,CE,Combined TRACON& Tower with Radar,0,3,31,0,34,0,3,76,0,79,0,6,107,0,113,62,0,62,175
09/09/2020,HUF,IN,AGL,CE,Combined TRACON& Tower with Radar,0,2,38,2,42,0,8,90,0,98,0,10,128,2,140,96,0,96,236
09/10/2020,HUF,IN,AGL,CE,Combined TRACON& Tower with Radar,1,3,24,0,28,0,1,18,0,19,1,4,42,0,47,62,0,62,109
09/11/2020,HUF,IN,AGL,CE,Combined TRACON& Tower with Radar,0,2,14,0,16,0,2,0,0,2,0,4,14,0,18,0,0,0,18
09/12/2020,HUF,IN,AGL,CE,Combined TRACON& Tower with Radar,0,2,12,0,14,0,0,1,0,1,0,2,13,0,15,0,0,0,15
09/13/2020,HUF,IN,AGL,CE,Combined TRACON& Tower with Radar,0,1,17,0,18,0,2,37,0,39,0,3,54,0,57,78,0,78,135
09/14/2020,HUF,IN,AGL,CE,Combined TRACON& Tower with Radar,0,4,34,0,38,0,7,103,0,110,0,11,137,0,148,96,0,96,244
09/15/2020,HUF,IN,AGL,CE,Combined TRACON& Tower with Radar,0,0,29,0,29,0,7,94,0,101,0,7,123,0,130,134,0,134,264
09/16/2020,HUF,IN,AGL,CE,Combined TRACON& Tower with Radar,0,4,26,2,32,0,2,113,0,115,0,6,139,2,147,75,0,75,222
09/17/2020,HUF,IN,AGL,CE,Combined TRACON& Tower with Radar,1,2,15,3,21,0,5,57,1,63,1,7,72,4,84,96,0,96,180
09/18/2020,HUF,IN,AGL,CE,Combined TRACON& Tower with Radar,0,4,23,0,27,0,3,83,0,86,0,7,106,0,113,72,0,72,185
09/19/2020,HUF,IN,AGL,CE,Combined TRACON& Tower with Radar,0,0,4,0,4,0,9,71,0,80,0,9,75,0,84,70,0,70,154
09/20/2020,HUF,IN,AGL,CE,Combined TRACON& Tower with Radar,0,2,10,0,12,0,4,46,0,50,0,6,56,0,62,48,0,48,110
09/21/2020,HUF,IN,AGL,CE,Combined TRACON& Tower with Radar,0,2,26,0,28,0,1,78,6,85,0,3,104,6,113,92,0,92,205
09/22/2020,HUF,IN,AGL,CE,Combined TRACON& Tower with Radar,0,0,16,2,18,0,5,111,0,116,0,5,127,2,134,145,0,145,279
09/23/2020,HUF,IN,AGL,CE,Combined TRACON& Tower with Radar,0,4,49,0,53,0,2,104,0,106,0,6,153,0,159,130,0,130,289
09/24/2020,HUF,IN,AGL,CE,Combined TRACON& Tower with Radar,0,4,26,0,30,1,2,103,4,110,1,6,129,4,140,152,10,162,302
09/25/2020,HUF,IN,AGL,CE,Combined TRACON& Tower with Radar,0,4,33,0,37,0,4,68,0,72,0,8,101,0,109,104,0,104,213
09/26/2020,HUF,IN,AGL,CE,Combined TRACON& Tower with Radar,0,2,6,2,10,0,2,15,0,17,0,4,21,2,27,32,0,32,59
09/27/2020,HUF,IN,AGL,CE,Combined TRACON& Tower with Radar,0,3,18,0,21,0,13,27,0,40,0,16,45,0,61,62,0,62,123
09/28/2020,HUF,IN,AGL,CE,Combined TRACON& Tower with Radar,0,0,17,0,17,0,0,13,0,13,0,0,30,0,30,24,0,24,54
09/29/2020,HUF,IN,AGL,CE,Combined TRACON& Tower with Radar,0,7,34,1,42,0,5,82,2,89,0,12,116,3,131,122,0,122,253
09/30/2020,HUF,IN,AGL,CE,Combined TRACON& Tower with Radar,1,7,26,0,34,0,2,51,0,53,1,9,77,0,87,63,0,63,150
10/01/2020,HUF,IN,AGL,CE,Combined TRACON& Tower with Radar,0,4,27,2,33,0,5,64,0,69,0,9,91,2,102,83,0,83,185
10/02/2020,HUF,IN,AGL,CE,Combined TRACON& Tower with Radar,0,5,10,0,15,0,2,64,0,66,0,7,74,0,81,102,0,102,183
10/03/2020,HUF,IN,AGL,CE,Combined TRACON& Tower with Radar,0,4,18,0,22,0,8,42,0,50,0,12,60,0,72,62,0,62,134
10/04/2020,HUF,IN,AGL,CE,Combined TRACON& Tower with Radar,0,2,11,0,13,0,0,10,0,10,0,2,21,0,23,0,0,0,23
10/05/2020,HUF,IN,AGL,CE,Combined TRACON& Tower with Radar,0,0,19,0,19,0,3,67,0,70,0,3,86,0,89,130,0,130,219
10/06/2020,HUF,IN,AGL,CE,Combined TRACON& Tower with Radar,0,6,26,2,34,0,8,60,0,68,0,14,86,2,102,87,0,87,189
10/07/2020,HUF,IN,AGL,CE,Combined TRACON& Tower with Radar,0,0,25,0,25,0,3,90,0,93,0,3,115,0,118,64,0,64,182
10/08/2020,HUF,IN,AGL,CE,Combined TRACON& Tower with Radar,0,2,24,0,26,0,12,109,0,121,0,14,133,0,147,120,0,120,267
10/09/2020,HUF,IN,AGL,CE,Combined TRACON& Tower with Radar,0,2,8,0,10,0,4,44,2,50,0,6,52,2,60,34,0,34,94
10/10/2020,HUF,IN,AGL,CE,Combined TRACON& Tower with Radar,0,4,13,0,17,0,2,14,0,16,0,6,27,0,33,44,0,44,77
10/11/2020,HUF,IN,AGL,CE,Combined TRACON& Tower with Radar,0,0,6,0,6,0,4,11,0,15,0,4,17,0,21,12,0,12,33
10/12/2020,HUF,IN,AGL,CE,Combined TRACON& Tower with Radar,0,2,7,0,9,0,3,1,0,4,0,5,8,0,13,31,0,31,44
10/13/2020,HUF,IN,AGL,CE,Combined TRACON& Tower with Radar,0,0,17,0,17,0,3,78,0,81,0,3,95,0,98,70,0,70,168
10/14/2020,HUF,IN,AGL,CE,Combined TRACON& Tower with Radar,0,0,9,0,9,0,7,33,0,40,0,7,42,0,49,44,0,44,93
10/15/2020,HUF,IN,AGL,CE,Combined TRACON& Tower with Radar,0,0,15,0,15,0,3,48,0,51,0,3,63,0,66,56,0,56,122
10/16/2020,HUF,IN,AGL,CE,Combined TRACON& Tower with Radar,0,2,19,1,22,0,4,63,0,67,0,6,82,1,89,60,0,60,149
10/17/2020,HUF,IN,AGL,CE,Combined TRACON& Tower with Radar,0,2,9,0,11,0,2,25,0,27,0,4,34,0,38,45,0,45,83
10/18/2020,HUF,IN,AGL,CE,Combined TRACON& Tower with Radar,0,2,3,0,5,0,4,12,0,16,0,6,15,0,21,86,0,86,107
10/19/2020,HUF,IN,AGL,CE,Combined TRACON& Tower with Radar,0,4,4,0,8,0,0,0,0,0,0,4,4,0,8,0,0,0,8
10/20/2020,HUF,IN,AGL,CE,Combined TRACON& Tower with Radar,0,0,37,0,37,0,0,1,0,1,0,0,38,0,38,55,0,55,93
10/21/2020,HUF,IN,AGL,CE,Combined TRACON& Tower with Radar,0,0,26,0,26,0,0,7,0,7,0,0,33,0,33,53,0,53,86
10/22/2020,HUF,IN,AGL,CE,Combined TRACON& Tower with Radar,0,4,36,0,40,0,11,80,1,92,0,15,116,1,132,122,0,122,254
10/23/2020,HUF,IN,AGL,CE,Combined TRACON& Tower with Radar,0,1,7,0,8,0,0,2,0,2,0,1,9,0,10,22,0,22,32
10/24/2020,HUF,IN,AGL,CE,Combined TRACON& Tower with Radar,0,3,10,2,15,0,9,40,0,49,0,12,50,2,64,98,20,118,182
10/25/2020,HUF,IN,AGL,CE,Combined TRACON& Tower with Radar,0,3,12,0,15,0,5,10,0,15,0,8,22,0,30,28,0,28,58
10/26/2020,HUF,IN,AGL,CE,Combined TRACON& Tower with Radar,0,4,3,0,7,0,2,0,0,2,0,6,3,0,9,0,0,0,9
10/27/2020,HUF,IN,AGL,CE,Combined TRACON& Tower with Radar,0,2,3,0,5,0,0,0,0,0,0,2,3,0,5,0,0,0,5
10/28/2020,HUF,IN,AGL,CE,Combined TRACON& Tower with Radar,0,0,33,0,33,0,2,18,0,20,0,2,51,0,53,90,0,90,143
10/29/2020,HUF,IN,AGL,CE,Combined TRACON& Tower with Radar,0,4,7,0,11,0,1,15,0,16,0,5,22,0,27,28,0,28,55
10/30/2020,HUF,IN,AGL,CE,Combined TRACON& Tower with Radar,0,2,24,0,26,0,4,101,0,105,0,6,125,0,131,108,0,108,239
10/31/2020,HUF,IN,AGL,CE,Combined TRACON& Tower with Radar,0,0,4,0,4,0,3,51,0,54,0,3,55,0,58,34,0,34,92
11/01/2020,HUF,IN,AGL,CE,Combined TRACON& Tower with Radar,0,0,2,0,2,0,1,2,0,3,0,1,4,0,5,0,0,0,5
11/02/2020,HUF,IN,AGL,CE,Combined TRACON& Tower with Radar,0,0,33,0,33,0,13,102,2,117,0,13,135,2,150,188,0,188,338
11/03/2020,HUF,IN,AGL,CE,Combined TRACON& Tower with Radar,0,0,15,0,15,0,0,71,0,71,0,0,86,0,86,248,0,248,334
11/04/2020,HUF,IN,AGL,CE,Combined TRACON& Tower with Radar,0,2,16,0,18,0,6,88,0,94,0,8,104,0,112,86,0,86,198
11/05/2020,HUF,IN,AGL,CE,Combined TRACON& Tower with Radar,0,4,26,0,30,0,7,71,2,80,0,11,97,2,110,90,0,90,200
11/06/2020,HUF,IN,AGL,CE,Combined TRACON& Tower with Radar,0,3,27,0,30,0,15,87,0,102,0,18,114,0,132,100,0,100,232
11/07/2020,HUF,IN,AGL,CE,Combined TRACON& Tower with Radar,0,2,3,0,5,0,6,39,0,45,0,8,42,0,50,90,0,90,140
11/08/2020,HUF,IN,AGL,CE,Combined TRACON& Tower with Radar,0,2,16,0,18,0,7,53,0,60,0,9,69,0,78,30,0,30,108
11/09/2020,HUF,IN,AGL,CE,Combined TRACON& Tower with Radar,0,2,8,2,12,0,4,41,0,45,0,6,49,2,57,52,0,52,109
11/10/2020,HUF,IN,AGL,CE,Combined TRACON& Tower with Radar,0,6,1,0,7,0,2,9,0,11,0,8,10,0,18,8,0,8,26
11/11/2020,HUF,IN,AGL,CE,Combined TRACON& Tower with Radar,0,4,30,0,34,0,11,76,0,87,0,15,106,0,121,234,0,234,355
11/12/2020,HUF,IN,AGL,CE,Combined TRACON& Tower with Radar,0,1,36,1,38,0,5,127,0,132,0,6,163,1,170,226,0,226,396
11/13/2020,HUF,IN,AGL,CE,Combined TRACON& Tower with Radar,0,3,46,2,51,0,3,64,0,67,0,6,110,2,118,132,0,132,250
11/14/2020,HUF,IN,AGL,CE,Combined TRACON& Tower with Radar,0,2,6,0,8,0,0,10,0,10,0,2,16,0,18,6,0,6,24
11/15/2020,HUF,IN,AGL,CE,Combined TRACON& Tower with Radar,0,2,10,0,12,0,0,3,0,3,0,2,13,0,15,0,0,0,15
11/16/2020,HUF,IN,AGL,CE,Combined TRACON& Tower with Radar,0,4,27,0,31,0,11,66,0,77,0,15,93,0,108,149,0,149,257
11/17/2020,HUF,IN,AGL,CE,Combined TRACON& Tower with Radar,0,6,13,0,19,0,7,71,0,78,0,13,84,0,97,124,0,124,221
11/18/2020,HUF,IN,AGL,CE,Combined TRACON& Tower with Radar,0,5,18,0,23,0,5,52,0,57,0,10,70,0,80,93,0,93,173
11/19/2020,HUF,IN,AGL,CE,Combined TRACON& Tower with Radar,0,3,11,0,14,0,0,4,0,4,0,3,15,0,18,0,0,0,18
11/20/2020,HUF,IN,AGL,CE,Combined TRACON& Tower with Radar,0,7,44,0,51,0,7,63,0,70,0,14,107,0,121,154,0,154,275
11/21/2020,HUF,IN,AGL,CE,Combined TRACON& Tower with Radar,0,0,7,0,7,0,4,27,0,31,0,4,34,0,38,80,0,80,118
11/22/2020,HUF,IN,AGL,CE,Combined TRACON& Tower with Radar,0,4,0,0,4,0,0,0,0,0,0,4,0,0,4,0,0,0,4
11/23/2020,HUF,IN,AGL,CE,Combined TRACON& Tower with Radar,0,8,19,0,27,0,4,70,0,74,0,12,89,0,101,170,0,170,271
11/24/2020,HUF,IN,AGL,CE,Combined TRACON& Tower with Radar,0,0,26,0,26,0,5,66,0,71,0,5,92,0,97,121,0,121,218
11/25/2020,HUF,IN,AGL,CE,Combined TRACON& Tower with Radar,0,4,2,0,6,0,0,0,0,0,0,4,2,0,6,0,0,0,6
11/26/2020,HUF,IN,AGL,CE,Combined TRACON& Tower with Radar,0,0,2,0,2,0,0,0,0,0,0,0,2,0,2,0,0,0,2
11/27/2020,HUF,IN,AGL,CE,Combined TRACON& Tower with Radar,0,0,3,0,3,0,0,15,0,15,0,0,18,0,18,100,0,100,118
11/28/2020,HUF,IN,AGL,CE,Combined TRACON& Tower with Radar,0,0,5,0,5,0,3,34,0,37,0,3,39,0,42,52,0,52,94
11/29/2020,HUF,IN,AGL,CE,Combined TRACON& Tower with Radar,0,0,10,0,10,0,3,23,0,26,0,3,33,0,36,32,0,32,68
11/30/2020,HUF,IN,AGL,CE,Combined TRACON& Tower with Radar,0,2,6,0,8,0,0,4,0,4,0,2,10,0,12,12,0,12,24
12/01/2020,HUF,IN,AGL,CE,Combined TRACON& Tower with Radar,0,3,36,0,39,0,2,82,0,84,0,5,118,0,123,148,0,148,271
12/02/2020,HUF,IN,AGL,CE,Combined TRACON& Tower with Radar,0,3,43,12,58,0,7,103,0,110,0,10,146,12,168,216,12,228,396
12/03/2020,HUF,IN,AGL,CE,Combined TRACON& Tower with Radar,0,3,30,0,33,0,4,63,1,68,0,7,93,1,101,117,0,117,218
12/04/2020,HUF,IN,AGL,CE,Combined TRACON& Tower with Radar,0,5,33,14,52,0,3,73,0,76,0,8,106,14,128,153,12,165,293
12/05/2020,HUF,IN,AGL,CE,Combined TRACON& Tower with Radar,0,2,12,0,14,0,3,47,0,50,0,5,59,0,64,46,0,46,110
12/06/2020,HUF,IN,AGL,CE,Combined TRACON& Tower with Radar,0,0,12,0,12,0,2,16,0,18,0,2,28,0,30,38,0,38,68
12/07/2020,HUF,IN,AGL,CE,Combined TRACON& Tower with Radar,0,2,13,0,15,0,2,23,0,25,0,4,36,0,40,142,0,142,182
12/08/2020,HUF,IN,AGL,CE,Combined TRACON& Tower with Radar,0,3,27,0,30,0,0,35,0,35,0,3,62,0,65,102,0,102,167
12/09/2020,HUF,IN,AGL,CE,Combined TRACON& Tower with Radar,0,6,32,0,38,0,8,87,0,95,0,14,119,0,133,114,0,114,247
12/10/2020,HUF,IN,AGL,CE,Combined TRACON& Tower with Radar,0,5,25,0,30,0,10,83,0,93,0,15,108,0,123,152,0,152,275
12/11/2020,HUF,IN,AGL,CE,Combined TRACON& Tower with Radar,0,2,24,0,26,0,10,60,1,71,0,12,84,1,97,84,0,84,181
12/12/2020,HUF,IN,AGL,CE,Combined TRACON& Tower with Radar,0,0,18,0,18,0,0,0,0,0,0,0,18,0,18,0,0,0,18
12/13/2020,HUF,IN,AGL,CE,Combined TRACON& Tower with Radar,0,0,9,0,9,0,1,0,0,1,0,1,9,0,10,4,0,4,14
12/14/2020,HUF,IN,AGL,CE,Combined TRACON& Tower with Radar,0,4,12,2,18,0,6,32,0,38,0,10,44,2,56,84,0,84,140
12/15/2020,HUF,IN,AGL,CE,Combined TRACON& Tower with Radar,0,2,38,2,42,0,16,101,0,117,0,18,139,2,159,134,0,134,293
12/16/2020,HUF,IN,AGL,CE,Combined TRACON& Tower with Radar,0,0,4,0,4,0,0,0,0,0,0,0,4,0,4,0,0,0,4
12/17/2020,HUF,IN,AGL,CE,Combined TRACON& Tower with Radar,0,0,15,0,15,0,0,0,0,0,0,0,15,0,15,4,0,4,19
12/18/2020,HUF,IN,AGL,CE,Combined TRACON& Tower with Radar,0,4,24,0,28,0,2,57,0,59,0,6,81,0,87,94,0,94,181
12/19/2020,HUF,IN,AGL,CE,Combined TRACON& Tower with Radar,0,0,4,2,6,0,0,3,0,3,0,0,7,2,9,14,0,14,23
12/20/2020,HUF,IN,AGL,CE,Combined TRACON& Tower with Radar,0,2,7,0,9,0,1,28,0,29,0,3,35,0,38,86,0,86,124
12/21/2020,HUF,IN,AGL,CE,Combined TRACON& Tower with Radar,0,0,6,0,6,0,1,16,0,17,0,1,22,0,23,4,0,4,27
12/22/2020,HUF,IN,AGL,CE,Combined TRACON& Tower with Radar,0,8,37,0,45,0,7,64,0,71,0,15,101,0,116,122,0,122,238
12/23/2020,HUF,IN,AGL,CE,Combined TRACON& Tower with Radar,0,0,2,0,2,0,0,2,0,2,0,0,4,0,4,0,0,0,4
12/24/2020,HUF,IN,AGL,CE,Combined TRACON& Tower with Radar,0,2,0,0,2,0,0,3,0,3,0,2,3,0,5,0,0,0,5
12/25/2020,HUF,IN,AGL,CE,Combined TRACON& Tower with Radar,0,0,1,0,1,0,1,1,0,2,0,1,2,0,3,0,0,0,3
12/26/2020,HUF,IN,AGL,CE,Combined TRACON& Tower with Radar,0,1,5,0,6,0,4,32,0,36,0,5,37,0,42,34,0,34,76
12/27/2020,HUF,IN,AGL,CE,Combined TRACON& Tower with Radar,0,1,7,0,8,0,1,13,0,14,0,2,20,0,22,0,0,0,22
12/28/2020,HUF,IN,AGL,CE,Combined TRACON& Tower with Radar,0,1,2,0,3,0,1,4,0,5,0,2,6,0,8,68,0,68,76
12/29/2020,HUF,IN,AGL,CE,Combined TRACON& Tower with Radar,0,0,13,0,13,0,3,43,0,46,0,3,56,0,59,70,0,70,129
12/30/2020,HUF,IN,AGL,CE,Combined TRACON& Tower with Radar,0,0,0,0,0,0,2,4,0,6,0,2,4,0,6,0,0,0,6
12/31/2020,HUF,IN,AGL,CE,Combined TRACON& Tower with Radar,0,0,3,0,3,0,4,1,0,5,0,4,4,0,8,8,0,8,16
01/01/2021,HUF,IN,AGL,CE,Combined TRACON& Tower with Radar,0,2,0,0,2,0,0,0,0,0,0,2,0,0,2,0,0,0,2
01/02/2021,HUF,IN,AGL,CE,Combined TRACON& Tower with Radar,0,0,0,0,0,0,0,1,0,1,0,0,1,0,1,0,0,0,1
01/03/2021,HUF,IN,AGL,CE,Combined TRACON& Tower with Radar,0,2,4,0,6,0,0,0,0,0,0,2,4,0,6,0,0,0,6
01/04/2021,HUF,IN,AGL,CE,Combined TRACON& Tower with Radar,0,1,11,0,12,0,2,18,0,20,0,3,29,0,32,50,0,50,82
01/05/2021,HUF,IN,AGL,CE,Combined TRACON& Tower with Radar,0,4,3,2,9,0,0,1,0,1,0,4,4,2,10,60,0,60,70
01/06/2021,HUF,IN,AGL,CE,Combined TRACON& Tower with Radar,0,3,28,0,31,0,3,41,0,44,0,6,69,0,75,71,0,71,146
01/07/2021,HUF,IN,AGL,CE,Combined TRACON& Tower with Radar,0,2,27,2,31,0,7,49,0,56,0,9,76,2,87,107,0,107,194
01/08/2021,HUF,IN,AGL,CE,Combined TRACON& Tower with Radar,0,0,17,0,17,0,1,28,0,29,0,1,45,0,46,80,0,80,126
01/09/2021,HUF,IN,AGL,CE,Combined TRACON& Tower with Radar,0,3,17,0,20,0,2,3,0,5,0,5,20,0,25,62,0,62,87
01/10/2021,HUF,IN,AGL,CE,Combined TRACON& Tower with Radar,0,0,4,0,4,0,1,5,0,6,0,1,9,0,10,34,0,34,44
01/11/2021,HUF,IN,AGL,CE,Combined TRACON& Tower with Radar,0,0,8,0,8,0,0,0,0,0,0,0,8,0,8,0,0,0,8
01/12/2021,HUF,IN,AGL,CE,Combined TRACON& Tower with Radar,0,5,39,3,47,0,4,91,1,96,0,9,130,4,143,108,0,108,251
01/13/2021,HUF,IN,AGL,CE,Combined TRACON& Tower with Radar,0,7,31,0,38,0,6,84,3,93,0,13,115,3,131,116,0,116,247
01/14/2021,HUF,IN,AGL,CE,Combined TRACON& Tower with Radar,0,4,27,0,31,0,0,42,0,42,0,4,69,0,73,176,0,176,249
01/15/2021,HUF,IN,AGL,CE,Combined TRACON& Tower with Radar,0,6,19,0,25,0,1,13,0,14,0,7,32,0,39,18,0,18,57
01/16/2021,HUF,IN,AGL,CE,Combined TRACON& Tower with Radar,0,0,0,0,0,0,0,0,0,0,0,0,0,0,0,0,0,0,0
01/17/2021,HUF,IN,AGL,CE,Combined TRACON& Tower with Radar,0,0,1,0,1,0,0,0,0,0,0,0,1,0,1,0,0,0,1
01/18/2021,HUF,IN,AGL,CE,Combined TRACON& Tower with Radar,0,0,4,0,4,0,3,3,0,6,0,3,7,0,10,4,0,4,14
01/19/2021,HUF,IN,AGL,CE,Combined TRACON& Tower with Radar,0,4,45,0,49,0,3,109,0,112,0,7,154,0,161,182,0,182,343
01/20/2021,HUF,IN,AGL,CE,Combined TRACON& Tower with Radar,0,2,34,2,38,0,8,72,0,80,0,10,106,2,118,185,0,185,303
01/21/2021,HUF,IN,AGL,CE,Combined TRACON& Tower with Radar,0,7,29,2,38,0,10,104,0,114,0,17,133,2,152,148,0,148,300
01/22/2021,HUF,IN,AGL,CE,Combined TRACON& Tower with Radar,0,2,23,2,27,0,2,75,0,77,0,4,98,2,104,94,0,94,198
01/23/2021,HUF,IN,AGL,CE,Combined TRACON& Tower with Radar,0,0,25,0,25,0,8,99,0,107,0,8,124,0,132,126,0,126,258
01/24/2021,HUF,IN,AGL,CE,Combined TRACON& Tower with Radar,0,0,3,0,3,0,0,1,0,1,0,0,4,0,4,0,0,0,4
01/25/2021,HUF,IN,AGL,CE,Combined TRACON& Tower with Radar,0,0,0,0,0,0,0,0,0,0,0,0,0,0,0,0,0,0,0
01/26/2021,HUF,IN,AGL,CE,Combined TRACON& Tower with Radar,0,3,2,0,5,0,2,0,0,2,0,5,2,0,7,0,0,0,7
01/27/2021,HUF,IN,AGL,CE,Combined TRACON& Tower with Radar,0,0,3,0,3,0,1,0,0,1,0,1,3,0,4,0,0,0,4
01/28/2021,HUF,IN,AGL,CE,Combined TRACON& Tower with Radar,0,3,22,0,25,0,6,54,2,62,0,9,76,2,87,66,0,66,153
01/29/2021,HUF,IN,AGL,CE,Combined TRACON& Tower with Radar,0,2,45,0,47,0,5,101,0,106,0,7,146,0,153,170,0,170,323
01/30/2021,HUF,IN,AGL,CE,Combined TRACON& Tower with Radar,0,0,7,0,7,0,6,12,0,18,0,6,19,0,25,12,0,12,37
01/31/2021,HUF,IN,AGL,CE,Combined TRACON& Tower with Radar,0,0,1,0,1,0,0,0,0,0,0,0,1,0,1,0,0,0,1
02/01/2021,HUF,IN,AGL,CE,Combined TRACON& Tower with Radar,0,0,1,0,1,0,1,2,0,3,0,1,3,0,4,10,0,10,14
02/02/2021,HUF,IN,AGL,CE,Combined TRACON& Tower with Radar,0,0,16,1,17,0,0,66,1,67,0,0,82,2,84,174,0,174,258
02/03/2021,HUF,IN,AGL,CE,Combined TRACON& Tower with Radar,0,4,63,1,68,0,11,153,1,165,0,15,216,2,233,142,0,142,375
02/04/2021,HUF,IN,AGL,CE,Combined TRACON& Tower with Radar,0,0,15,0,15,0,2,15,0,17,0,2,30,0,32,10,0,10,42
02/05/2021,HUF,IN,AGL,CE,Combined TRACON& Tower with Radar,0,2,15,10,27,0,0,50,0,50,0,2,65,10,77,59,8,67,144
02/06/2021,HUF,IN,AGL,CE,Combined TRACON& Tower with Radar,0,1,11,0,12,0,6,73,0,79,0,7,84,0,91,142,0,142,233
02/07/2021,HUF,IN,AGL,CE,Combined TRACON& Tower with Radar,0,2,9,0,11,0,5,7,0,12,0,7,16,0,23,2,0,2,25
02/08/2021,HUF,IN,AGL,CE,Combined TRACON& Tower with Radar,0,0,6,0,6,0,0,16,0,16,0,0,22,0,22,36,0,36,58
02/09/2021,HUF,IN,AGL,CE,Combined TRACON& Tower with Radar,0,0,13,0,13,0,0,16,0,16,0,0,29,0,29,62,0,62,91
02/10/2021,HUF,IN,AGL,CE,Combined TRACON& Tower with Radar,0,1,16,0,17,0,0,6,0,6,0,1,22,0,23,0,0,0,23
02/11/2021,HUF,IN,AGL,CE,Combined TRACON& Tower with Radar,0,2,24,1,27,0,6,90,1,97,0,8,114,2,124,32,14,46,170
02/12/2021,HUF,IN,AGL,CE,Combined TRACON& Tower with Radar,0,2,26,0,28,0,6,90,0,96,0,8,116,0,124,186,0,186,310
02/13/2021,HUF,IN,AGL,CE,Combined TRACON& Tower with Radar,0,0,0,0,0,0,0,4,0,4,0,0,4,0,4,56,0,56,60
02/14/2021,HUF,IN,AGL,CE,Combined TRACON& Tower with Radar,0,0,4,0,4,0,0,3,0,3,0,0,7,0,7,8,0,8,15
02/15/2021,HUF,IN,AGL,CE,Combined TRACON& Tower with Radar,0,0,0,0,0,0,0,0,0,0,0,0,0,0,0,0,0,0,0
02/16/2021,HUF,IN,AGL,CE,Combined TRACON& Tower with Radar,0,2,3,0,5,0,0,1,0,1,0,2,4,0,6,0,0,0,6
02/17/2021,HUF,IN,AGL,CE,Combined TRACON& Tower with Radar,0,11,0,0,11,0,5,11,0,16,0,16,11,0,27,70,0,70,97
02/18/2021,HUF,IN,AGL,CE,Combined TRACON& Tower with Radar,0,2,15,0,17,0,2,30,0,32,0,4,45,0,49,104,0,104,153
02/19/2021,HUF,IN,AGL,CE,Combined TRACON& Tower with Radar,0,8,28,0,36,0,10,85,0,95,0,18,113,0,131,270,0,270,401
02/20/2021,HUF,IN,AGL,CE,Combined TRACON& Tower with Radar,0,2,25,4,31,0,10,89,0,99,0,12,114,4,130,134,0,134,264
02/21/2021,HUF,IN,AGL,CE,Combined TRACON& Tower with Radar,0,2,4,4,10,0,2,20,0,22,0,4,24,4,32,18,0,18,50
02/22/2021,HUF,IN,AGL,CE,Combined TRACON& Tower with Radar,0,2,10,0,12,0,3,22,0,25,0,5,32,0,37,120,0,120,157
02/23/2021,HUF,IN,AGL,CE,Combined TRACON& Tower with Radar,0,8,29,2,39,0,4,144,0,148,0,12,173,2,187,216,0,216,403
02/24/2021,HUF,IN,AGL,CE,Combined TRACON& Tower with Radar,0,1,26,0,27,0,3,92,0,95,0,4,118,0,122,112,0,112,234
02/25/2021,HUF,IN,AGL,CE,Combined TRACON& Tower with Radar,0,4,36,0,40,0,5,100,0,105,0,9,136,0,145,114,0,114,259
02/26/2021,HUF,IN,AGL,CE,Combined TRACON& Tower with Radar,0,1,37,2,40,0,3,102,4,109,0,4,139,6,149,144,8,152,301
02/27/2021,HUF,IN,AGL,CE,Combined TRACON& Tower with Radar,0,1,16,0,17,0,0,69,0,69,0,1,85,0,86,186,0,186,272
02/28/2021,HUF,IN,AGL,CE,Combined TRACON& Tower with Radar,0,0,13,0,13,0,0,1,0,1,0,0,14,0,14,0,0,0,14
03/01/2021,HUF,IN,AGL,CE,Combined TRACON& Tower with Radar,0,5,38,2,45,0,6,95,0,101,0,11,133,2,146,204,0,204,350
03/02/2021,HUF,IN,AGL,CE,Combined TRACON& Tower with Radar,0,2,47,2,51,0,5,148,0,153,0,7,195,2,204,169,0,169,373
03/03/2021,HUF,IN,AGL,CE,Combined TRACON& Tower with Radar,0,5,27,5,37,0,13,121,2,136,0,18,148,7,173,186,0,186,359
03/04/2021,HUF,IN,AGL,CE,Combined TRACON& Tower with Radar,0,5,35,6,46,0,4,94,0,98,0,9,129,6,144,78,0,78,222
03/05/2021,HUF,IN,AGL,CE,Combined TRACON& Tower with Radar,0,2,30,0,32,0,7,82,0,89,0,9,112,0,121,238,0,238,359
03/06/2021,HUF,IN,AGL,CE,Combined TRACON& Tower with Radar,0,2,19,0,21,0,14,89,0,103,0,16,108,0,124,218,0,218,342
03/07/2021,HUF,IN,AGL,CE,Combined TRACON& Tower with Radar,0,2,14,0,16,0,2,50,0,52,0,4,64,0,68,115,0,115,183
03/08/2021,HUF,IN,AGL,CE,Combined TRACON& Tower with Radar,0,2,37,2,41,0,12,94,0,106,0,14,131,2,147,223,0,223,370
03/09/2021,HUF,IN,AGL,CE,Combined TRACON& Tower with Radar,0,3,38,0,41,0,6,103,2,111,0,9,141,2,152,172,0,172,324
03/10/2021,HUF,IN,AGL,CE,Combined TRACON& Tower with Radar,0,0,12,1,13,0,3,2,0,5,0,3,14,1,18,0,0,0,18
03/11/2021,HUF,IN,AGL,CE,Combined TRACON& Tower with Radar,0,1,8,0,9,0,0,0,0,0,0,1,8,0,9,0,0,0,9
03/12/2021,HUF,IN,AGL,CE,Combined TRACON& Tower with Radar,0,2,26,0,28,0,9,75,0,84,0,11,101,0,112,242,0,242,354
03/13/2021,HUF,IN,AGL,CE,Combined TRACON& Tower with Radar,0,1,10,0,11,0,3,52,0,55,0,4,62,0,66,28,0,28,94
03/14/2021,HUF,IN,AGL,CE,Combined TRACON& Tower with Radar,0,2,19,0,21,0,1,23,0,24,0,3,42,0,45,86,0,86,131
03/15/2021,HUF,IN,AGL,CE,Combined TRACON& Tower with Radar,0,0,4,0,4,0,2,1,0,3,0,2,5,0,7,0,0,0,7
03/16/2021,HUF,IN,AGL,CE,Combined TRACON& Tower with Radar,0,2,18,0,20,0,0,0,0,0,0,2,18,0,20,18,0,18,38
03/17/2021,HUF,IN,AGL,CE,Combined TRACON& Tower with Radar,0,2,6,0,8,0,0,18,0,18,0,2,24,0,26,76,0,76,102
03/18/2021,HUF,IN,AGL,CE,Combined TRACON& Tower with Radar,0,1,2,0,3,0,0,0,0,0,0,1,2,0,3,18,0,18,21
03/19/2021,HUF,IN,AGL,CE,Combined TRACON& Tower with Radar,0,8,33,2,43,0,10,84,0,94,0,18,117,2,137,122,0,122,259
03/20/2021,HUF,IN,AGL,CE,Combined TRACON& Tower with Radar,0,5,27,0,32,0,11,138,0,149,0,16,165,0,181,254,0,254,435
03/21/2021,HUF,IN,AGL,CE,Combined TRACON& Tower with Radar,0,1,12,0,13,0,7,77,0,84,0,8,89,0,97,165,0,165,262
03/22/2021,HUF,IN,AGL,CE,Combined TRACON& Tower with Radar,0,0,34,0,34,0,7,102,2,111,0,7,136,2,145,117,0,117,262
03/23/2021,HUF,IN,AGL,CE,Combined TRACON& Tower with Radar,0,2,17,2,21,0,6,36,0,42,0,8,53,2,63,42,0,42,105
03/24/2021,HUF,IN,AGL,CE,Combined TRACON& Tower with Radar,0,3,15,0,18,0,5,34,0,39,0,8,49,0,57,96,0,96,153
03/25/2021,HUF,IN,AGL,CE,Combined TRACON& Tower with Radar,0,3,32,0,35,0,2,39,0,41,0,5,71,0,76,43,0,43,119
03/26/2021,HUF,IN,AGL,CE,Combined TRACON& Tower with Radar,0,5,53,0,58,0,2,6,0,8,0,7,59,0,66,58,0,58,124
03/27/2021,HUF,IN,AGL,CE,Combined TRACON& Tower with Radar,0,0,35,0,35,0,8,79,0,87,0,8,114,0,122,70,0,70,192
03/28/2021,HUF,IN,AGL,CE,Combined TRACON& Tower with Radar,0,1,7,0,8,0,3,8,0,11,0,4,15,0,19,20,0,20,39
03/29/2021,HUF,IN,AGL,CE,Combined TRACON& Tower with Radar,0,2,38,0,40,0,9,101,0,110,0,11,139,0,150,168,0,168,318
03/30/2021,HUF,IN,AGL,CE,Combined TRACON& Tower with Radar,0,2,12,0,14,0,6,15,0,21,0,8,27,0,35,14,0,14,49
03/31/2021,HUF,IN,AGL,CE,Combined TRACON& Tower with Radar,0,2,23,0,25,0,3,60,0,63,0,5,83,0,88,95,0,95,183
04/01/2021,HUF,IN,AGL,CE,Combined TRACON& Tower with Radar,0,1,35,0,36,0,4,75,0,79,0,5,110,0,115,148,0,148,263
04/02/2021,HUF,IN,AGL,CE,Combined TRACON& Tower with Radar,0,3,20,0,23,0,6,115,0,121,0,9,135,0,144,279,0,279,423
04/03/2021,HUF,IN,AGL,CE,Combined TRACON& Tower with Radar,0,1,10,0,11,0,0,55,0,55,0,1,65,0,66,91,0,91,157
04/04/2021,HUF,IN,AGL,CE,Combined TRACON& Tower with Radar,0,1,1,0,2,0,5,14,0,19,0,6,15,0,21,36,0,36,57
04/05/2021,HUF,IN,AGL,CE,Combined TRACON& Tower with Radar,0,4,28,2,34,0,4,70,0,74,0,8,98,2,108,114,0,114,222
04/06/2021,HUF,IN,AGL,CE,Combined TRACON& Tower with Radar,0,3,41,0,44,0,2,108,0,110,0,5,149,0,154,140,0,140,294
04/07/2021,HUF,IN,AGL,CE,Combined TRACON& Tower with Radar,0,2,25,0,27,0,3,88,0,91,0,5,113,0,118,44,0,44,162
04/08/2021,HUF,IN,AGL,CE,Combined TRACON& Tower with Radar,0,4,46,0,50,0,0,6,0,6,0,4,52,0,56,86,0,86,142
04/09/2021,HUF,IN,AGL,CE,Combined TRACON& Tower with Radar,0,2,21,0,23,0,2,45,0,47,0,4,66,0,70,40,0,40,110
04/10/2021,HUF,IN,AGL,CE,Combined TRACON& Tower with Radar,0,2,21,0,23,0,4,6,0,10,0,6,27,0,33,18,0,18,51
04/11/2021,HUF,IN,AGL,CE,Combined TRACON& Tower with Radar,0,0,16,0,16,0,1,1,0,2,0,1,17,0,18,0,0,0,18
04/12/2021,HUF,IN,AGL,CE,Combined TRACON& Tower with Radar,0,5,23,0,28,0,2,82,0,84,0,7,105,0,112,112,0,112,224
04/13/2021,HUF,IN,AGL,CE,Combined TRACON& Tower with Radar,0,1,32,0,33,0,6,172,0,178,0,7,204,0,211,260,0,260,471
04/14/2021,HUF,IN,AGL,CE,Combined TRACON& Tower with Radar,0,0,37,0,37,0,3,114,0,117,0,3,151,0,154,112,0,112,266
04/15/2021,HUF,IN,AGL,CE,Combined TRACON& Tower with Radar,0,3,36,2,41,0,6,105,0,111,0,9,141,2,152,232,0,232,384
04/16/2021,HUF,IN,AGL,CE,Combined TRACON& Tower with Radar,0,5,27,0,32,0,3,118,0,121,0,8,145,0,153,269,0,269,422
04/17/2021,HUF,IN,AGL,CE,Combined TRACON& Tower with Radar,0,0,17,0,17,0,2,57,0,59,0,2,74,0,76,72,0,72,148
04/18/2021,HUF,IN,AGL,CE,Combined TRACON& Tower with Radar,0,1,9,0,10,0,6,57,0,63,0,7,66,0,73,80,0,80,153
04/19/2021,HUF,IN,AGL,CE,Combined TRACON& Tower with Radar,0,0,30,0,30,0,2,75,0,77,0,2,105,0,107,100,0,100,207
04/20/2021,HUF,IN,AGL,CE,Combined TRACON& Tower with Radar,0,2,25,0,27,0,0,17,2,19,0,2,42,2,46,94,0,94,140
04/21/2021,HUF,IN,AGL,CE,Combined TRACON& Tower with Radar,0,8,41,0,49,0,5,25,0,30,0,13,66,0,79,93,0,93,172
04/22/2021,HUF,IN,AGL,CE,Combined TRACON& Tower with Radar,0,4,37,2,43,0,2,105,2,109,0,6,142,4,152,212,0,212,364
04/23/2021,HUF,IN,AGL,CE,Combined TRACON& Tower with Radar,0,2,23,0,25,0,3,101,2,106,0,5,124,2,131,130,0,130,261
04/24/2021,HUF,IN,AGL,CE,Combined TRACON& Tower with Radar,0,0,13,0,13,0,1,11,0,12,0,1,24,0,25,131,0,131,156
04/25/2021,HUF,IN,AGL,CE,Combined TRACON& Tower with Radar,0,4,10,0,14,0,9,57,0,66,0,13,67,0,80,130,0,130,210
04/26/2021,HUF,IN,AGL,CE,Combined TRACON& Tower with Radar,0,4,30,0,34,0,10,63,0,73,0,14,93,0,107,94,0,94,201
04/27/2021,HUF,IN,AGL,CE,Combined TRACON& Tower with Radar,0,2,20,0,22,0,10,36,0,46,0,12,56,0,68,82,0,82,150
04/28/2021,HUF,IN,AGL,CE,Combined TRACON& Tower with Radar,0,2,37,3,42,0,2,15,9,26,0,4,52,12,68,62,4,66,134
04/29/2021,HUF,IN,AGL,CE,Combined TRACON& Tower with Radar,0,6,34,0,40,0,2,15,0,17,0,8,49,0,57,115,0,115,172
04/30/2021,HUF,IN,AGL,CE,Combined TRACON& Tower with Radar,0,6,17,2,25,0,4,77,0,81,0,10,94,2,106,160,0,160,266
05/01/2021,HUF,IN,AGL,CE,Combined TRACON& Tower with Radar,0,0,18,6,24,0,3,83,0,86,0,3,101,6,110,92,0,92,202
05/02/2021,HUF,IN,AGL,CE,Combined TRACON& Tower with Radar,0,6,5,0,11,0,4,19,0,23,0,10,24,0,34,88,0,88,122
05/03/2021,HUF,IN,AGL,CE,Combined TRACON& Tower with Radar,0,8,18,0,26,0,0,10,0,10,0,8,28,0,36,134,0,134,170
05/04/2021,HUF,IN,AGL,CE,Combined TRACON& Tower with Radar,0,4,49,0,53,0,2,0,0,2,0,6,49,0,55,0,0,0,55
05/05/2021,HUF,IN,AGL,CE,Combined TRACON& Tower with Radar,0,4,46,0,50,0,2,139,0,141,0,6,185,0,191,229,0,229,420
05/06/2021,HUF,IN,AGL,CE,Combined TRACON& Tower with Radar,0,6,16,0,22,0,3,43,0,46,0,9,59,0,68,116,0,116,184
05/07/2021,HUF,IN,AGL,CE,Combined TRACON& Tower with Radar,0,4,25,0,29,0,7,88,0,95,0,11,113,0,124,174,0,174,298
05/08/2021,HUF,IN,AGL,CE,Combined TRACON& Tower with Radar,0,0,12,0,12,0,3,83,0,86,0,3,95,0,98,114,0,114,212
05/09/2021,HUF,IN,AGL,CE,Combined TRACON& Tower with Radar,0,0,4,0,4,0,0,0,0,0,0,0,4,0,4,0,0,0,4
05/10/2021,HUF,IN,AGL,CE,Combined TRACON& Tower with Radar,0,1,42,2,45,0,4,95,0,99,0,5,137,2,144,159,0,159,303
05/11/2021,HUF,IN,AGL,CE,Combined TRACON& Tower with Radar,0,2,26,4,32,0,10,93,0,103,0,12,119,4,135,125,0,125,260
05/12/2021,HUF,IN,AGL,CE,Combined TRACON& Tower with Radar,0,10,29,2,41,0,6,115,2,123,0,16,144,4,164,271,0,271,435
05/13/2021,HUF,IN,AGL,CE,Combined TRACON& Tower with Radar,0,1,15,2,18,0,7,61,0,68,0,8,76,2,86,179,0,179,265
05/14/2021,HUF,IN,AGL,CE,Combined TRACON& Tower with Radar,0,3,24,8,35,0,8,81,0,89,0,11,105,8,124,132,12,144,268
05/15/2021,HUF,IN,AGL,CE,Combined TRACON& Tower with Radar,0,2,15,1,18,0,0,48,2,50,0,2,63,3,68,148,0,148,216
05/16/2021,HUF,IN,AGL,CE,Combined TRACON& Tower with Radar,0,0,11,0,11,0,1,27,0,28,0,1,38,0,39,57,0,57,96
05/17/2021,HUF,IN,AGL,CE,Combined TRACON& Tower with Radar,0,3,15,0,18,0,1,4,0,5,0,4,19,0,23,45,0,45,68
05/18/2021,HUF,IN,AGL,CE,Combined TRACON& Tower with Radar,0,1,21,2,24,0,2,56,0,58,0,3,77,2,82,207,0,207,289
05/19/2021,HUF,IN,AGL,CE,Combined TRACON& Tower with Radar,0,2,36,0,38,0,1,71,0,72,0,3,107,0,110,200,0,200,310
05/20/2021,HUF,IN,AGL,CE,Combined TRACON& Tower with Radar,0,4,37,0,41,0,6,83,1,90,0,10,120,1,131,219,0,219,350
05/21/2021,HUF,IN,AGL,CE,Combined TRACON& Tower with Radar,0,1,41,2,44,0,5,125,0,130,0,6,166,2,174,283,0,283,457
05/22/2021,HUF,IN,AGL,CE,Combined TRACON& Tower with Radar,0,2,24,0,26,0,0,64,0,64,0,2,88,0,90,184,0,184,274
05/23/2021,HUF,IN,AGL,CE,Combined TRACON& Tower with Radar,0,7,15,4,26,0,8,47,0,55,0,15,62,4,81,70,0,70,151
05/24/2021,HUF,IN,AGL,CE,Combined TRACON& Tower with Radar,0,7,44,0,51,0,6,133,0,139,0,13,177,0,190,182,0,182,372
05/25/2021,HUF,IN,AGL,CE,Combined TRACON& Tower with Radar,0,5,24,0,29,0,8,139,0,147,0,13,163,0,176,248,0,248,424
05/26/2021,HUF,IN,AGL,CE,Combined TRACON& Tower with Radar,0,5,38,0,43,0,5,28,0,33,0,10,66,0,76,137,0,137,213
05/27/2021,HUF,IN,AGL,CE,Combined TRACON& Tower with Radar,0,3,18,2,23,0,6,61,0,67,0,9,79,2,90,259,0,259,349
05/28/2021,HUF,IN,AGL,CE,Combined TRACON& Tower with Radar,0,10,16,0,26,0,0,0,0,0,0,10,16,0,26,0,0,0,26
05/29/2021,HUF,IN,AGL,CE,Combined TRACON& Tower with Radar,0,0,6,1,7,0,2,23,4,29,0,2,29,5,36,2,0,2,38
05/30/2021,HUF,IN,AGL,CE,Combined TRACON& Tower with Radar,0,0,17,0,17,0,5,89,0,94,0,5,106,0,111,76,0,76,187
05/31/2021,HUF,IN,AGL,CE,Combined TRACON& Tower with Radar,0,0,4,0,4,0,2,31,0,33,0,2,35,0,37,28,0,28,65
06/01/2021,HUF,IN,AGL,CE,Combined TRACON& Tower with Radar,0,1,16,0,17,0,1,109,0,110,0,2,125,0,127,266,0,266,393
06/02/2021,HUF,IN,AGL,CE,Combined TRACON& Tower with Radar,0,6,22,0,28,0,0,0,0,0,0,6,22,0,28,0,0,0,28
06/03/2021,HUF,IN,AGL,CE,Combined TRACON& Tower with Radar,0,3,28,0,31,0,8,72,0,80,0,11,100,0,111,189,0,189,300
06/04/2021,HUF,IN,AGL,CE,Combined TRACON& Tower with Radar,0,8,43,2,53,0,12,171,0,183,0,20,214,2,236,306,0,306,542
06/05/2021,HUF,IN,AGL,CE,Combined TRACON& Tower with Radar,0,0,27,2,29,0,10,96,2,108,0,10,123,4,137,205,0,205,342
06/06/2021,HUF,IN,AGL,CE,Combined TRACON& Tower with Radar,0,2,32,0,34,0,0,27,0,27,0,2,59,0,61,63,0,63,124
06/07/2021,HUF,IN,AGL,CE,Combined TRACON& Tower with Radar,0,2,44,0,46,0,1,33,0,34,0,3,77,0,80,143,0,143,223
06/08/2021,HUF,IN,AGL,CE,Combined TRACON& Tower with Radar,0,3,26,0,29,0,0,19,0,19,0,3,45,0,48,184,0,184,232
06/09/2021,HUF,IN,AGL,CE,Combined TRACON& Tower with Radar,0,2,33,0,35,0,0,13,0,13,0,2,46,0,48,128,0,128,176
06/10/2021,HUF,IN,AGL,CE,Combined TRACON& Tower with Radar,0,0,15,1,16,0,5,9,1,15,0,5,24,2,31,156,0,156,187
06/11/2021,HUF,IN,AGL,CE,Combined TRACON& Tower with Radar,0,2,12,0,14,0,0,51,0,51,0,2,63,0,65,194,0,194,259
06/12/2021,HUF,IN,AGL,CE,Combined TRACON& Tower with Radar,0,0,12,0,12,0,4,61,0,65,0,4,73,0,77,120,0,120,197
06/13/2021,HUF,IN,AGL,CE,Combined TRACON& Tower with Radar,0,2,11,0,13,0,2,52,0,54,0,4,63,0,67,138,0,138,205
06/14/2021,HUF,IN,AGL,CE,Combined TRACON& Tower with Radar,0,3,50,0,53,0,5,124,0,129,0,8,174,0,182,134,0,134,316
06/15/2021,HUF,IN,AGL,CE,Combined TRACON& Tower with Radar,0,7,27,2,36,0,6,186,0,192,0,13,213,2,228,162,0,162,390
06/16/2021,HUF,IN,AGL,CE,Combined TRACON& Tower with Radar,0,6,39,0,45,0,8,146,0,154,0,14,185,0,199,348,0,348,547
06/17/2021,HUF,IN,AGL,CE,Combined TRACON& Tower with Radar,0,4,31,0,35,0,9,104,0,113,0,13,135,0,148,226,0,226,374
06/18/2021,HUF,IN,AGL,CE,Combined TRACON& Tower with Radar,0,3,11,0,14,0,5,23,0,28,0,8,34,0,42,116,0,116,158
06/19/2021,HUF,IN,AGL,CE,Combined TRACON& Tower with Radar,0,3,3,0,6,0,0,18,0,18,0,3,21,0,24,10,0,10,34
06/20/2021,HUF,IN,AGL,CE,Combined TRACON& Tower with Radar,0,0,4,4,8,0,4,24,0,28,0,4,28,4,36,186,0,186,222
06/21/2021,HUF,IN,AGL,CE,Combined TRACON& Tower with Radar,0,0,57,6,63,0,3,46,0,49,0,3,103,6,112,107,0,107,219
06/22/2021,HUF,IN,AGL,CE,Combined TRACON& Tower with Radar,0,4,43,10,57,0,6,165,0,171,0,10,208,10,228,233,0,233,461
06/23/2021,HUF,IN,AGL,CE,Combined TRACON& Tower with Radar,0,9,26,0,35,0,12,106,0,118,0,21,132,0,153,198,0,198,351
06/24/2021,HUF,IN,AGL,CE,Combined TRACON& Tower with Radar,0,5,32,5,42,0,3,90,0,93,0,8,122,5,135,180,0,180,315
06/25/2021,HUF,IN,AGL,CE,Combined TRACON& Tower with Radar,0,4,10,0,14,0,1,7,0,8,0,5,17,0,22,28,0,28,50
06/26/2021,HUF,IN,AGL,CE,Combined TRACON& Tower with Radar,0,5,5,0,10,0,2,9,0,11,0,7,14,0,21,0,0,0,21
06/27/2021,HUF,IN,AGL,CE,Combined TRACON& Tower with Radar,0,2,10,0,12,0,4,7,0,11,0,6,17,0,23,0,0,0,23
06/28/2021,HUF,IN,AGL,CE,Combined TRACON& Tower with Radar,0,2,17,1,20,0,2,75,0,77,0,4,92,1,97,161,0,161,258
06/29/2021,HUF,IN,AGL,CE,Combined TRACON& Tower with Radar,0,0,18,1,19,0,3,63,2,68,0,3,81,3,87,175,0,175,262
06/30/2021,HUF,IN,AGL,CE,Combined TRACON& Tower with Radar,0,4,3,1,8,0,2,11,0,13,0,6,14,1,21,70,0,70,91
07/01/2021,HUF,IN,AGL,CE,Combined TRACON& Tower with Radar,0,9,67,0,76,0,0,51,0,51,0,9,118,0,127,218,0,218,345
07/02/2021,HUF,IN,AGL,CE,Combined TRACON& Tower with Radar,0,4,65,0,69,0,4,109,2,115,0,8,174,2,184,272,0,272,456
07/03/2021,HUF,IN,AGL,CE,Combined TRACON& Tower with Radar,0,0,13,0,13,0,0,42,0,42,0,0,55,0,55,53,0,53,108
07/04/2021,HUF,IN,AGL,CE,Combined TRACON& Tower with Radar,0,0,4,0,4,0,0,7,0,7,0,0,11,0,11,6,0,6,17
07/05/2021,HUF,IN,AGL,CE,Combined TRACON& Tower with Radar,0,0,10,0,10,0,6,30,0,36,0,6,40,0,46,75,0,75,121
07/06/2021,HUF,IN,AGL,CE,Combined TRACON& Tower with Radar,0,1,39,2,42,0,2,87,0,89,0,3,126,2,131,265,0,265,396
07/07/2021,HUF,IN,AGL,CE,Combined TRACON& Tower with Radar,0,2,57,0,59,0,4,93,3,100,0,6,150,3,159,170,0,170,329
07/08/2021,HUF,IN,AGL,CE,Combined TRACON& Tower with Radar,0,11,58,8,77,0,0,13,0,13,0,11,71,8,90,79,0,79,169
07/09/2021,HUF,IN,AGL,CE,Combined TRACON& Tower with Radar,0,4,57,2,63,0,3,63,2,68,0,7,120,4,131,190,0,190,321
07/10/2021,HUF,IN,AGL,CE,Combined TRACON& Tower with Radar,0,2,20,0,22,0,0,15,0,15,0,2,35,0,37,12,0,12,49
07/11/2021,HUF,IN,AGL,CE,Combined TRACON& Tower with Radar,0,6,6,0,12,0,0,0,0,0,0,6,6,0,12,2,0,2,14
07/12/2021,HUF,IN,AGL,CE,Combined TRACON& Tower with Radar,0,10,10,0,20,0,1,14,0,15,0,11,24,0,35,54,0,54,89
07/13/2021,HUF,IN,AGL,CE,Combined TRACON& Tower with Radar,0,13,51,2,66,0,4,28,2,34,0,17,79,4,100,166,0,166,266
07/14/2021,HUF,IN,AGL,CE,Combined TRACON& Tower with Radar,0,4,45,0,49,0,12,146,0,158,0,16,191,0,207,234,0,234,441
07/15/2021,HUF,IN,AGL,CE,Combined TRACON& Tower with Radar,0,5,18,0,23,0,3,72,0,75,0,8,90,0,98,132,0,132,230
07/16/2021,HUF,IN,AGL,CE,Combined TRACON& Tower with Radar,0,4,7,0,11,0,0,0,0,0,0,4,7,0,11,0,0,0,11
07/17/2021,HUF,IN,AGL,CE,Combined TRACON& Tower with Radar,0,4,27,0,31,0,6,37,0,43,0,10,64,0,74,98,0,98,172
07/18/2021,HUF,IN,AGL,CE,Combined TRACON& Tower with Radar,0,7,18,0,25,0,6,62,0,68,0,13,80,0,93,96,0,96,189
07/19/2021,HUF,IN,AGL,CE,Combined TRACON& Tower with Radar,0,1,39,0,40,0,8,131,0,139,0,9,170,0,179,110,0,110,289
07/20/2021,HUF,IN,AGL,CE,Combined TRACON& Tower with Radar,0,2,40,6,48,0,4,125,0,129,0,6,165,6,177,195,0,195,372
07/21/2021,HUF,IN,AGL,CE,Combined TRACON& Tower with Radar,0,7,39,0,46,0,5,83,0,88,0,12,122,0,134,247,0,247,381
07/22/2021,HUF,IN,AGL,CE,Combined TRACON& Tower with Radar,0,1,49,0,50,0,1,72,0,73,0,2,121,0,123,347,0,347,470
07/23/2021,HUF,IN,AGL,CE,Combined TRACON& Tower with Radar,0,5,47,2,54,0,1,88,0,89,0,6,135,2,143,115,0,115,258
07/24/2021,HUF,IN,AGL,CE,Combined TRACON& Tower with Radar,0,1,16,0,17,0,3,35,0,38,0,4,51,0,55,86,0,86,141
07/25/2021,HUF,IN,AGL,CE,Combined TRACON& Tower with Radar,0,1,13,0,14,0,5,20,0,25,0,6,33,0,39,10,0,10,49
07/26/2021,HUF,IN,AGL,CE,Combined TRACON& Tower with Radar,0,0,22,0,22,0,2,93,0,95,0,2,115,0,117,45,0,45,162
07/27/2021,HUF,IN,AGL,CE,Combined TRACON& Tower with Radar,0,4,22,5,31,0,1,86,0,87,0,5,108,5,118,180,0,180,298
07/28/2021,HUF,IN,AGL,CE,Combined TRACON& Tower with Radar,0,2,27,0,29,0,9,73,0,82,0,11,100,0,111,154,0,154,265
07/29/2021,HUF,IN,AGL,CE,Combined TRACON& Tower with Radar,0,0,17,2,19,0,2,36,0,38,0,2,53,2,57,82,0,82,139
07/30/2021,HUF,IN,AGL,CE,Combined TRACON& Tower with Radar,0,1,31,7,39,0,10,99,0,109,0,11,130,7,148,174,0,174,322
07/31/2021,HUF,IN,AGL,CE,Combined TRACON& Tower with Radar,0,4,13,0,17,0,2,35,0,37,0,6,48,0,54,80,0,80,134
08/01/2021,HUF,IN,AGL,CE,Combined TRACON& Tower with Radar,0,1,26,0,27,0,3,20,0,23,0,4,46,0,50,16,0,16,66
08/02/2021,HUF,IN,AGL,CE,Combined TRACON& Tower with Radar,0,1,26,0,27,0,4,109,7,120,0,5,135,7,147,141,0,141,288
08/03/2021,HUF,IN,AGL,CE,Combined TRACON& Tower with Radar,0,7,16,1,24,0,1,100,1,102,0,8,116,2,126,142,0,142,268
08/04/2021,HUF,IN,AGL,CE,Combined TRACON& Tower with Radar,0,0,42,0,42,0,4,130,0,134,0,4,172,0,176,194,0,194,370
08/05/2021,HUF,IN,AGL,CE,Combined TRACON& Tower with Radar,0,2,26,4,32,0,4,83,0,87,0,6,109,4,119,234,0,234,353
08/06/2021,HUF,IN,AGL,CE,Combined TRACON& Tower with Radar,0,3,32,0,35,0,4,89,0,93,0,7,121,0,128,133,0,133,261
08/07/2021,HUF,IN,AGL,CE,Combined TRACON& Tower with Radar,0,0,12,0,12,0,5,36,0,41,0,5,48,0,53,74,0,74,127
08/08/2021,HUF,IN,AGL,CE,Combined TRACON& Tower with Radar,0,2,5,0,7,0,0,26,0,26,0,2,31,0,33,14,0,14,47
08/09/2021,HUF,IN,AGL,CE,Combined TRACON& Tower with Radar,0,0,12,0,12,0,0,14,1,15,0,0,26,1,27,8,0,8,35
08/10/2021,HUF,IN,AGL,CE,Combined TRACON& Tower with Radar,0,4,13,4,21,0,1,30,1,32,0,5,43,5,53,112,0,112,165
08/11/2021,HUF,IN,AGL,CE,Combined TRACON& Tower with Radar,0,5,16,5,26,0,2,70,0,72,0,7,86,5,98,52,2,54,152
08/12/2021,HUF,IN,AGL,CE,Combined TRACON& Tower with Radar,0,1,20,0,21,0,5,57,0,62,0,6,77,0,83,90,0,90,173
08/13/2021,HUF,IN,AGL,CE,Combined TRACON& Tower with Radar,2,1,24,8,35,0,4,70,2,76,2,5,94,10,111,128,12,140,251
08/14/2021,HUF,IN,AGL,CE,Combined TRACON& Tower with Radar,0,6,6,0,12,0,3,46,2,51,0,9,52,2,63,43,0,43,106
08/15/2021,HUF,IN,AGL,CE,Combined TRACON& Tower with Radar,2,3,16,0,21,0,4,32,0,36,2,7,48,0,57,29,0,29,86
08/16/2021,HUF,IN,AGL,CE,Combined TRACON& Tower with Radar,5,0,7,9,21,0,0,33,5,38,5,0,40,14,59,83,2,85,144
08/17/2021,HUF,IN,AGL,CE,Combined TRACON& Tower with Radar,1,5,10,17,33,0,1,15,26,42,1,6,25,43,75,20,0,20,95
08/18/2021,HUF,IN,AGL,CE,Combined TRACON& Tower with Radar,0,3,10,23,36,0,5,57,38,100,0,8,67,61,136,64,23,87,223
08/19/2021,HUF,IN,AGL,CE,Combined TRACON& Tower with Radar,0,1,16,40,57,0,3,41,19,63,0,4,57,59,120,39,12,51,171
08/20/2021,HUF,IN,AGL,CE,Combined TRACON& Tower with Radar,0,2,13,37,52,0,3,46,27,76,0,5,59,64,128,94,4,98,226
08/21/2021,HUF,IN,AGL,CE,Combined TRACON& Tower with Radar,0,0,12,0,12,0,4,35,0,39,0,4,47,0,51,64,0,64,115
08/22/2021,HUF,IN,AGL,CE,Combined TRACON& Tower with Radar,0,4,5,33,42,0,3,20,26,49,0,7,25,59,91,0,18,18,109
08/23/2021,HUF,IN,AGL,CE,Combined TRACON& Tower with Radar,0,0,7,44,51,0,2,47,22,71,0,2,54,66,122,50,18,68,190
08/24/2021,HUF,IN,AGL,CE,Combined TRACON& Tower with Radar,0,1,1,36,38,0,6,29,38,73,0,7,30,74,111,58,12,70,181
08/25/2021,HUF,IN,AGL,CE,Combined TRACON& Tower with Radar,3,0,18,12,33,0,1,36,2,39,3,1,54,14,72,28,0,28,100
08/26/2021,HUF,IN,AGL,CE,Combined TRACON& Tower with Radar,3,3,14,2,22,0,1,40,2,43,3,4,54,4,65,108,0,108,173
08/27/2021,HUF,IN,AGL,CE,Combined TRACON& Tower with Radar,2,0,17,19,38,0,1,99,1,101,2,1,116,20,139,123,8,131,270
08/28/2021,HUF,IN,AGL,CE,Combined TRACON& Tower with Radar,0,2,12,2,16,0,5,74,0,79,0,7,86,2,95,104,0,104,199
08/29/2021,HUF,IN,AGL,CE,Combined TRACON& Tower with Radar,0,1,14,0,15,0,2,48,1,51,0,3,62,1,66,50,0,50,116
08/30/2021,HUF,IN,AGL,CE,Combined TRACON& Tower with Radar,0,1,17,0,18,0,0,2,0,2,0,1,19,0,20,18,0,18,38
08/31/2021,HUF,IN,AGL,CE,Combined TRACON& Tower with Radar,0,4,34,0,38,0,0,38,0,38,0,4,72,0,76,0,0,0,76
09/01/2021,HUF,IN,AGL,CE,Combined TRACON& Tower with Radar,0,3,42,2,47,0,1,178,0,179,0,4,220,2,226,172,8,180,406
09/02/2021,HUF,IN,AGL,CE,Combined TRACON& Tower with Radar,0,2,22,2,26,0,5,157,5,167,0,7,179,7,193,152,0,152,345
09/03/2021,HUF,IN,AGL,CE,Combined TRACON& Tower with Radar,0,2,26,0,28,0,5,120,0,125,0,7,146,0,153,215,0,215,368
09/04/2021,HUF,IN,AGL,CE,Combined TRACON& Tower with Radar,0,0,6,0,6,0,0,7,0,7,0,0,13,0,13,20,0,20,33
09/05/2021,HUF,IN,AGL,CE,Combined TRACON& Tower with Radar,0,0,15,1,16,0,2,34,0,36,0,2,49,1,52,58,0,58,110
09/06/2021,HUF,IN,AGL,CE,Combined TRACON& Tower with Radar,0,0,10,0,10,0,2,54,0,56,0,2,64,0,66,65,0,65,131
09/07/2021,HUF,IN,AGL,CE,Combined TRACON& Tower with Radar,0,0,16,0,16,0,1,54,0,55,0,1,70,0,71,64,0,64,135
09/08/2021,HUF,IN,AGL,CE,Combined TRACON& Tower with Radar,0,0,23,4,27,0,6,119,5,130,0,6,142,9,157,184,0,184,341
09/09/2021,HUF,IN,AGL,CE,Combined TRACON& Tower with Radar,0,0,27,2,29,0,9,143,0,152,0,9,170,2,181,126,0,126,307
09/10/2021,HUF,IN,AGL,CE,Combined TRACON& Tower with Radar,0,2,25,3,30,0,6,110,1,117,0,8,135,4,147,182,8,190,337
09/11/2021,HUF,IN,AGL,CE,Combined TRACON& Tower with Radar,0,2,25,0,27,0,7,75,1,83,0,9,100,1,110,124,4,128,238
09/12/2021,HUF,IN,AGL,CE,Combined TRACON& Tower with Radar,0,1,5,0,6,0,3,30,0,33,0,4,35,0,39,48,0,48,87
09/13/2021,HUF,IN,AGL,CE,Combined TRACON& Tower with Radar,0,0,16,0,16,0,3,118,0,121,0,3,134,0,137,184,0,184,321
09/14/2021,HUF,IN,AGL,CE,Combined TRACON& Tower with Radar,0,4,20,4,28,0,1,79,0,80,0,5,99,4,108,79,0,79,187
09/15/2021,HUF,IN,AGL,CE,Combined TRACON& Tower with Radar,0,3,34,8,45,0,5,114,0,119,0,8,148,8,164,194,0,194,358
09/16/2021,HUF,IN,AGL,CE,Combined TRACON& Tower with Radar,0,11,34,2,47,0,6,112,0,118,0,17,146,2,165,223,0,223,388
09/17/2021,HUF,IN,AGL,CE,Combined TRACON& Tower with Radar,0,2,13,0,15,0,4,87,0,91,0,6,100,0,106,167,0,167,273
09/18/2021,HUF,IN,AGL,CE,Combined TRACON& Tower with Radar,0,6,12,0,18,0,4,66,0,70,0,10,78,0,88,116,0,116,204
09/19/2021,HUF,IN,AGL,CE,Combined TRACON& Tower with Radar,0,5,18,2,25,0,5,50,0,55,0,10,68,2,80,38,0,38,118
09/20/2021,HUF,IN,AGL,CE,Combined TRACON& Tower with Radar,0,4,19,2,25,0,3,15,0,18,0,7,34,2,43,60,0,60,103
09/21/2021,HUF,IN,AGL,CE,Combined TRACON& Tower with Radar,0,3,31,0,34,0,0,0,0,0,0,3,31,0,34,0,0,0,34
09/22/2021,HUF,IN,AGL,CE,Combined TRACON& Tower with Radar,0,5,28,0,33,0,0,4,0,4,0,5,32,0,37,14,0,14,51
09/23/2021,HUF,IN,AGL,CE,Combined TRACON& Tower with Radar,0,6,27,0,33,0,7,124,9,140,0,13,151,9,173,151,6,157,330
09/24/2021,HUF,IN,AGL,CE,Combined TRACON& Tower with Radar,1,7,27,0,35,0,4,19,0,23,1,11,46,0,58,0,0,0,58
09/25/2021,HUF,IN,AGL,CE,Combined TRACON& Tower with Radar,1,2,32,0,35,0,7,69,0,76,1,9,101,0,111,119,0,119,230
09/26/2021,HUF,IN,AGL,CE,Combined TRACON& Tower with Radar,0,6,11,11,28,0,3,50,0,53,0,9,61,11,81,46,6,52,133
09/27/2021,HUF,IN,AGL,CE,Combined TRACON& Tower with Radar,0,4,17,0,21,0,7,70,1,78,0,11,87,1,99,87,0,87,186
09/28/2021,HUF,IN,AGL,CE,Combined TRACON& Tower with Radar,0,8,23,0,31,0,2,106,0,108,0,10,129,0,139,137,0,137,276
09/29/2021,HUF,IN,AGL,CE,Combined TRACON& Tower with Radar,0,8,28,0,36,0,2,86,2,90,0,10,114,2,126,234,0,234,360
09/30/2021,HUF,IN,AGL,CE,Combined TRACON& Tower with Radar,0,6,25,2,33,0,4,92,0,96,0,10,117,2,129,328,0,328,457
10/01/2021,HUF,IN,AGL,CE,Combined TRACON& Tower with Radar,2,2,36,0,40,0,9,115,0,124,2,11,151,0,164,216,0,216,380
10/02/2021,HUF,IN,AGL,CE,Combined TRACON& Tower with Radar,2,1,16,0,19,0,0,3,0,3,2,1,19,0,22,18,0,18,40
10/03/2021,HUF,IN,AGL,CE,Combined TRACON& Tower with Radar,0,5,10,0,15,0,0,0,0,0,0,5,10,0,15,0,0,0,15
10/04/2021,HUF,IN,AGL,CE,Combined TRACON& Tower with Radar,0,0,25,1,26,0,1,23,1,25,0,1,48,2,51,76,0,76,127
10/05/2021,HUF,IN,AGL,CE,Combined TRACON& Tower with Radar,0,17,34,2,53,0,2,38,0,40,0,19,72,2,93,146,0,146,239
10/06/2021,HUF,IN,AGL,CE,Combined TRACON& Tower with Radar,0,15,35,1,51,0,3,28,0,31,0,18,63,1,82,184,0,184,266
10/07/2021,HUF,IN,AGL,CE,Combined TRACON& Tower with Radar,0,6,32,0,38,0,0,20,0,20,0,6,52,0,58,151,0,151,209
10/08/2021,HUF,IN,AGL,CE,Combined TRACON& Tower with Radar,0,4,31,0,35,0,9,42,0,51,0,13,73,0,86,147,0,147,233
10/09/2021,HUF,IN,AGL,CE,Combined TRACON& Tower with Radar,1,1,10,0,12,0,10,95,0,105,1,11,105,0,117,230,0,230,347
10/10/2021,HUF,IN,AGL,CE,Combined TRACON& Tower with Radar,0,0,15,0,15,0,9,38,0,47,0,9,53,0,62,384,0,384,446
10/11/2021,HUF,IN,AGL,CE,Combined TRACON& Tower with Radar,1,0,12,0,13,0,5,42,0,47,1,5,54,0,60,298,0,298,358
10/12/2021,HUF,IN,AGL,CE,Combined TRACON& Tower with Radar,0,10,38,0,48,0,7,87,0,94,0,17,125,0,142,303,0,303,445
10/13/2021,HUF,IN,AGL,CE,Combined TRACON& Tower with Radar,0,13,10,2,25,0,7,65,0,72,0,20,75,2,97,94,0,94,191
10/14/2021,HUF,IN,AGL,CE,Combined TRACON& Tower with Radar,0,8,17,0,25,0,0,32,0,32,0,8,49,0,57,126,0,126,183
10/15/2021,HUF,IN,AGL,CE,Combined TRACON& Tower with Radar,0,4,29,0,33,0,0,1,0,1,0,4,30,0,34,0,0,0,34
10/16/2021,HUF,IN,AGL,CE,Combined TRACON& Tower with Radar,0,4,9,0,13,0,11,60,0,71,0,15,69,0,84,74,0,74,158
10/17/2021,HUF,IN,AGL,CE,Combined TRACON& Tower with Radar,0,2,15,0,17,0,2,58,0,60,0,4,73,0,77,130,0,130,207
10/18/2021,HUF,IN,AGL,CE,Combined TRACON& Tower with Radar,0,4,20,0,24,0,9,120,0,129,0,13,140,0,153,249,0,249,402
10/19/2021,HUF,IN,AGL,CE,Combined TRACON& Tower with Radar,0,0,17,0,17,0,2,119,0,121,0,2,136,0,138,162,0,162,300
10/20/2021,HUF,IN,AGL,CE,Combined TRACON& Tower with Radar,0,3,19,4,26,0,4,85,0,89,0,7,104,4,115,126,10,136,251
10/21/2021,HUF,IN,AGL,CE,Combined TRACON& Tower with Radar,0,4,20,2,26,0,5,15,0,20,0,9,35,2,46,132,0,132,178
10/22/2021,HUF,IN,AGL,CE,Combined TRACON& Tower with Radar,0,0,21,0,21,0,0,1,0,1,0,0,22,0,22,0,0,0,22
10/23/2021,HUF,IN,AGL,CE,Combined TRACON& Tower with Radar,0,5,13,0,18,0,6,49,0,55,0,11,62,0,73,142,0,142,215
10/24/2021,HUF,IN,AGL,CE,Combined TRACON& Tower with Radar,0,1,5,0,6,0,0,0,0,0,0,1,5,0,6,10,0,10,16
10/25/2021,HUF,IN,AGL,CE,Combined TRACON& Tower with Radar,0,1,30,0,31,0,1,20,0,21,0,2,50,0,52,47,0,47,99
10/26/2021,HUF,IN,AGL,CE,Combined TRACON& Tower with Radar,0,0,31,0,31,0,3,133,2,138,0,3,164,2,169,205,0,205,374
10/27/2021,HUF,IN,AGL,CE,Combined TRACON& Tower with Radar,0,2,32,4,38,0,10,161,5,176,0,12,193,9,214,284,0,284,498
10/28/2021,HUF,IN,AGL,CE,Combined TRACON& Tower with Radar,0,0,45,0,45,0,0,2,0,2,0,0,47,0,47,20,0,20,67
10/29/2021,HUF,IN,AGL,CE,Combined TRACON& Tower with Radar,2,4,23,0,29,0,0,8,0,8,2,4,31,0,37,32,0,32,69
10/30/2021,HUF,IN,AGL,CE,Combined TRACON& Tower with Radar,2,2,24,0,28,0,0,0,0,0,2,2,24,0,28,10,0,10,38
10/31/2021,HUF,IN,AGL,CE,Combined TRACON& Tower with Radar,0,9,19,0,28,0,5,66,0,71,0,14,85,0,99,110,0,110,209
11/01/2021,HUF,IN,AGL,CE,Combined TRACON& Tower with Radar,0,1,23,0,24,0,4,111,0,115,0,5,134,0,139,158,0,158,297
11/02/2021,HUF,IN,AGL,CE,Combined TRACON& Tower with Radar,0,0,27,0,27,0,7,152,0,159,0,7,179,0,186,176,0,176,362
11/03/2021,HUF,IN,AGL,CE,Combined TRACON& Tower with Radar,0,1,20,0,21,0,5,144,0,149,0,6,164,0,170,206,0,206,376
11/04/2021,HUF,IN,AGL,CE,Combined TRACON& Tower with Radar,0,1,20,2,23,0,3,133,0,136,0,4,153,2,159,228,0,228,387
11/05/2021,HUF,IN,AGL,CE,Combined TRACON& Tower with Radar,0,1,20,0,21,0,8,114,0,122,0,9,134,0,143,254,0,254,397
11/06/2021,HUF,IN,AGL,CE,Combined TRACON& Tower with Radar,0,0,13,2,15,0,2,67,0,69,0,2,80,2,84,112,0,112,196
11/07/2021,HUF,IN,AGL,CE,Combined TRACON& Tower with Radar,0,3,20,0,23,0,4,69,0,73,0,7,89,0,96,96,0,96,192
11/08/2021,HUF,IN,AGL,CE,Combined TRACON& Tower with Radar,0,1,26,2,29,0,4,87,0,91,0,5,113,2,120,118,0,118,238
11/09/2021,HUF,IN,AGL,CE,Combined TRACON& Tower with Radar,0,2,22,1,25,0,5,106,1,112,0,7,128,2,137,216,0,216,353
11/10/2021,HUF,IN,AGL,CE,Combined TRACON& Tower with Radar,0,1,42,4,47,0,2,90,0,92,0,3,132,4,139,192,0,192,331
11/11/2021,HUF,IN,AGL,CE,Combined TRACON& Tower with Radar,0,0,17,0,17,0,0,20,0,20,0,0,37,0,37,114,0,114,151
11/12/2021,HUF,IN,AGL,CE,Combined TRACON& Tower with Radar,0,1,22,0,23,0,1,43,0,44,0,2,65,0,67,146,0,146,213
11/13/2021,HUF,IN,AGL,CE,Combined TRACON& Tower with Radar,0,0,7,0,7,0,0,5,2,7,0,0,12,2,14,66,0,66,80
11/14/2021,HUF,IN,AGL,CE,Combined TRACON& Tower with Radar,0,0,5,0,5,0,3,3,0,6,0,3,8,0,11,0,0,0,11
11/15/2021,HUF,IN,AGL,CE,Combined TRACON& Tower with Radar,0,2,14,3,19,0,1,79,1,81,0,3,93,4,100,124,0,124,224
11/16/2021,HUF,IN,AGL,CE,Combined TRACON& Tower with Radar,0,3,31,2,36,0,4,103,2,109,0,7,134,4,145,180,0,180,325
11/17/2021,HUF,IN,AGL,CE,Combined TRACON& Tower with Radar,0,6,16,0,22,0,0,4,0,4,0,6,20,0,26,38,0,38,64
11/18/2021,HUF,IN,AGL,CE,Combined TRACON& Tower with Radar,0,2,31,1,34,0,6,75,0,81,0,8,106,1,115,92,0,92,207
11/19/2021,HUF,IN,AGL,CE,Combined TRACON& Tower with Radar,0,3,40,1,44,0,10,112,0,122,0,13,152,1,166,150,0,150,316
11/20/2021,HUF,IN,AGL,CE,Combined TRACON& Tower with Radar,0,1,13,0,14,0,2,72,0,74,0,3,85,0,88,164,0,164,252
11/21/2021,HUF,IN,AGL,CE,Combined TRACON& Tower with Radar,0,0,5,0,5,0,0,5,0,5,0,0,10,0,10,0,0,0,10
11/22/2021,HUF,IN,AGL,CE,Combined TRACON& Tower with Radar,0,4,20,2,26,0,4,102,0,106,0,8,122,2,132,90,0,90,222
11/23/2021,HUF,IN,AGL,CE,Combined TRACON& Tower with Radar,0,3,19,1,23,0,3,83,3,89,0,6,102,4,112,132,0,132,244
11/24/2021,HUF,IN,AGL,CE,Combined TRACON& Tower with Radar,0,2,9,0,11,0,0,12,0,12,0,2,21,0,23,13,0,13,36
11/25/2021,HUF,IN,AGL,CE,Combined TRACON& Tower with Radar,0,0,0,0,0,0,0,0,0,0,0,0,0,0,0,0,0,0,0
11/26/2021,HUF,IN,AGL,CE,Combined TRACON& Tower with Radar,0,0,7,0,7,0,0,24,0,24,0,0,31,0,31,10,0,10,41
11/27/2021,HUF,IN,AGL,CE,Combined TRACON& Tower with Radar,0,0,10,0,10,0,0,35,0,35,0,0,45,0,45,26,0,26,71
11/28/2021,HUF,IN,AGL,CE,Combined TRACON& Tower with Radar,0,0,12,0,12,0,3,21,0,24,0,3,33,0,36,12,0,12,48
11/29/2021,HUF,IN,AGL,CE,Combined TRACON& Tower with Radar,0,0,23,0,23,0,2,98,0,100,0,2,121,0,123,162,0,162,285
11/30/2021,HUF,IN,AGL,CE,Combined TRACON& Tower with Radar,0,0,28,0,28,0,4,87,0,91,0,4,115,0,119,152,0,152,271
12/01/2021,HUF,IN,AGL,CE,Combined TRACON& Tower with Radar,0,0,13,0,13,0,0,0,0,0,0,0,13,0,13,2,0,2,15
12/02/2021,HUF,IN,AGL,CE,Combined TRACON& Tower with Radar,0,0,29,3,32,0,7,112,0,119,0,7,141,3,151,283,0,283,434
12/03/2021,HUF,IN,AGL,CE,Combined TRACON& Tower with Radar,0,0,28,3,31,1,8,123,1,133,1,8,151,4,164,240,0,240,404
12/04/2021,HUF,IN,AGL,CE,Combined TRACON& Tower with Radar,0,0,14,0,14,0,9,113,0,122,0,9,127,0,136,178,0,178,314
12/05/2021,HUF,IN,AGL,CE,Combined TRACON& Tower with Radar,0,0,4,0,4,0,0,5,0,5,0,0,9,0,9,8,0,8,17
12/06/2021,HUF,IN,AGL,CE,Combined TRACON& Tower with Radar,0,2,9,0,11,0,1,37,0,38,0,3,46,0,49,57,0,57,106
12/07/2021,HUF,IN,AGL,CE,Combined TRACON& Tower with Radar,0,0,15,0,15,0,5,101,1,107,0,5,116,1,122,152,0,152,274
12/08/2021,HUF,IN,AGL,CE,Combined TRACON& Tower with Radar,0,0,44,1,45,0,3,133,2,138,0,3,177,3,183,204,0,204,387
12/09/2021,HUF,IN,AGL,CE,Combined TRACON& Tower with Radar,2,3,7,0,12,0,3,24,2,29,2,6,31,2,41,40,0,40,81
12/10/2021,HUF,IN,AGL,CE,Combined TRACON& Tower with Radar,0,0,1,0,1,0,0,0,0,0,0,0,1,0,1,0,0,0,1
12/11/2021,HUF,IN,AGL,CE,Combined TRACON& Tower with Radar,0,2,1,0,3,0,2,5,0,7,0,4,6,0,10,8,0,8,18
12/12/2021,HUF,IN,AGL,CE,Combined TRACON& Tower with Radar,0,0,6,4,10,0,3,51,0,54,0,3,57,4,64,103,0,103,167
12/13/2021,HUF,IN,AGL,CE,Combined TRACON& Tower with Radar,0,1,36,0,37,0,7,114,0,121,0,8,150,0,158,170,0,170,328
12/14/2021,HUF,IN,AGL,CE,Combined TRACON& Tower with Radar,0,1,30,0,31,0,3,81,3,87,0,4,111,3,118,156,0,156,274
12/15/2021,HUF,IN,AGL,CE,Combined TRACON& Tower with Radar,0,0,13,0,13,0,0,2,0,2,0,0,15,0,15,6,0,6,21
12/16/2021,HUF,IN,AGL,CE,Combined TRACON& Tower with Radar,0,4,8,0,12,0,2,18,0,20,0,6,26,0,32,46,0,46,78
12/17/2021,HUF,IN,AGL,CE,Combined TRACON& Tower with Radar,0,0,18,0,18,0,0,37,0,37,0,0,55,0,55,84,0,84,139
12/18/2021,HUF,IN,AGL,CE,Combined TRACON& Tower with Radar,0,0,10,0,10,0,0,2,0,2,0,0,12,0,12,14,0,14,26
12/19/2021,HUF,IN,AGL,CE,Combined TRACON& Tower with Radar,0,5,7,0,12,0,6,60,0,66,0,11,67,0,78,185,0,185,263
12/20/2021,HUF,IN,AGL,CE,Combined TRACON& Tower with Radar,1,2,18,4,25,0,1,62,1,64,1,3,80,5,89,136,0,136,225
12/21/2021,HUF,IN,AGL,CE,Combined TRACON& Tower with Radar,9,2,10,0,21,0,3,48,0,51,9,5,58,0,72,155,0,155,227
12/22/2021,HUF,IN,AGL,CE,Combined TRACON& Tower with Radar,4,0,14,0,18,0,6,65,0,71,4,6,79,0,89,88,0,88,177
12/23/2021,HUF,IN,AGL,CE,Combined TRACON& Tower with Radar,0,3,6,0,9,0,3,18,0,21,0,6,24,0,30,14,0,14,44
12/24/2021,HUF,IN,AGL,CE,Combined TRACON& Tower with Radar,0,0,0,0,0,0,0,4,0,4,0,0,4,0,4,0,0,0,4
12/25/2021,HUF,IN,AGL,CE,Combined TRACON& Tower with Radar,0,0,0,0,0,0,0,1,0,1,0,0,1,0,1,0,0,0,1
12/26/2021,HUF,IN,AGL,CE,Combined TRACON& Tower with Radar,0,2,2,0,4,0,0,3,0,3,0,2,5,0,7,0,0,0,7
12/27/2021,HUF,IN,AGL,CE,Combined TRACON& Tower with Radar,0,0,4,0,4,0,0,8,0,8,0,0,12,0,12,16,0,16,28
12/28/2021,HUF,IN,AGL,CE,Combined TRACON& Tower with Radar,0,0,2,2,4,0,0,3,0,3,0,0,5,2,7,0,0,0,7
12/29/2021,HUF,IN,AGL,CE,Combined TRACON& Tower with Radar,0,8,4,0,12,0,0,0,0,0,0,8,4,0,12,0,0,0,12
12/30/2021,HUF,IN,AGL,CE,Combined TRACON& Tower with Radar,0,0,2,0,2,0,0,0,0,0,0,0,2,0,2,0,0,0,2
12/31/2021,HUF,IN,AGL,CE,Combined TRACON& Tower with Radar,0,0,7,0,7,0,1,0,0,1,0,1,7,0,8,0,0,0,8
01/01/2022,HUF,IN,AGL,CE,Combined TRACON& Tower with Radar,0,0,3,0,3,0,0,0,0,0,0,0,3,0,3,0,0,0,3
01/02/2022,HUF,IN,AGL,CE,Combined TRACON& Tower with Radar,0,1,3,0,4,0,2,2,0,4,0,3,5,0,8,16,0,16,24
01/03/2022,HUF,IN,AGL,CE,Combined TRACON& Tower with Radar,0,0,19,0,19,0,0,48,0,48,0,0,67,0,67,198,0,198,265
01/04/2022,HUF,IN,AGL,CE,Combined TRACON& Tower with Radar,0,0,9,0,9,0,1,5,0,6,0,1,14,0,15,0,0,0,15
01/05/2022,HUF,IN,AGL,CE,Combined TRACON& Tower with Radar,0,0,0,0,0,0,0,2,0,2,0,0,2,0,2,0,0,0,2
01/06/2022,HUF,IN,AGL,CE,Combined TRACON& Tower with Radar,0,3,9,0,12,0,3,9,0,12,0,6,18,0,24,96,0,96,120
01/07/2022,HUF,IN,AGL,CE,Combined TRACON& Tower with Radar,0,0,16,0,16,0,0,57,0,57,0,0,73,0,73,122,0,122,195
01/08/2022,HUF,IN,AGL,CE,Combined TRACON& Tower with Radar,0,0,3,1,4,0,0,16,1,17,0,0,19,2,21,22,0,22,43
01/09/2022,HUF,IN,AGL,CE,Combined TRACON& Tower with Radar,0,0,1,0,1,0,2,9,0,11,0,2,10,0,12,20,0,20,32
01/10/2022,HUF,IN,AGL,CE,Combined TRACON& Tower with Radar,0,1,6,0,7,0,6,43,0,49,0,7,49,0,56,66,0,66,122
01/11/2022,HUF,IN,AGL,CE,Combined TRACON& Tower with Radar,0,1,6,0,7,0,1,53,0,54,0,2,59,0,61,130,0,130,191
01/12/2022,HUF,IN,AGL,CE,Combined TRACON& Tower with Radar,0,0,12,0,12,0,4,90,0,94,0,4,102,0,106,98,0,98,204
01/13/2022,HUF,IN,AGL,CE,Combined TRACON& Tower with Radar,0,1,19,0,20,0,2,76,0,78,0,3,95,0,98,178,0,178,276
01/14/2022,HUF,IN,AGL,CE,Combined TRACON& Tower with Radar,0,0,8,2,10,0,0,1,0,1,0,0,9,2,11,0,0,0,11
01/15/2022,HUF,IN,AGL,CE,Combined TRACON& Tower with Radar,0,2,5,0,7,0,1,26,0,27,0,3,31,0,34,36,0,36,70
01/16/2022,HUF,IN,AGL,CE,Combined TRACON& Tower with Radar,0,2,17,0,19,0,1,82,0,83,0,3,99,0,102,66,0,66,168
01/17/2022,HUF,IN,AGL,CE,Combined TRACON& Tower with Radar,0,0,2,0,2,0,1,2,0,3,0,1,4,0,5,66,0,66,71
01/18/2022,HUF,IN,AGL,CE,Combined TRACON& Tower with Radar,0,1,12,0,13,0,3,48,0,51,0,4,60,0,64,90,0,90,154
01/19/2022,HUF,IN,AGL,CE,Combined TRACON& Tower with Radar,0,0,17,0,17,0,5,78,2,85,0,5,95,2,102,172,0,172,274
01/20/2022,HUF,IN,AGL,CE,Combined TRACON& Tower with Radar,0,0,18,2,20,0,3,61,0,64,0,3,79,2,84,104,10,114,198
01/21/2022,HUF,IN,AGL,CE,Combined TRACON& Tower with Radar,0,0,26,0,26,0,3,97,0,100,0,3,123,0,126,130,0,130,256
01/22/2022,HUF,IN,AGL,CE,Combined TRACON& Tower with Radar,0,3,13,0,16,0,7,91,0,98,0,10,104,0,114,147,0,147,261
01/23/2022,HUF,IN,AGL,CE,Combined TRACON& Tower with Radar,0,0,3,0,3,0,2,2,0,4,0,2,5,0,7,47,0,47,54
01/24/2022,HUF,IN,AGL,CE,Combined TRACON& Tower with Radar,0,1,15,0,16,0,0,18,0,18,0,1,33,0,34,59,0,59,93
01/25/2022,HUF,IN,AGL,CE,Combined TRACON& Tower with Radar,0,3,26,0,29,0,6,127,0,133,0,9,153,0,162,152,0,152,314
01/26/2022,HUF,IN,AGL,CE,Combined TRACON& Tower with Radar,0,13,22,0,35,0,7,104,0,111,0,20,126,0,146,62,0,62,208
01/27/2022,HUF,IN,AGL,CE,Combined TRACON& Tower with Radar,0,2,10,0,12,0,0,4,0,4,0,2,14,0,16,38,0,38,54
01/28/2022,HUF,IN,AGL,CE,Combined TRACON& Tower with Radar,0,4,13,0,17,0,0,4,0,4,0,4,17,0,21,38,0,38,59
01/29/2022,HUF,IN,AGL,CE,Combined TRACON& Tower with Radar,0,2,12,0,14,0,8,93,0,101,0,10,105,0,115,150,0,150,265
01/30/2022,HUF,IN,AGL,CE,Combined TRACON& Tower with Radar,0,1,18,0,19,0,3,47,0,50,0,4,65,0,69,48,0,48,117
01/31/2022,HUF,IN,AGL,CE,Combined TRACON& Tower with Radar,0,2,39,0,41,0,4,122,0,126,0,6,161,0,167,224,0,224,391
02/01/2022,HUF,IN,AGL,CE,Combined TRACON& Tower with Radar,0,12,12,0,24,0,2,10,0,12,0,14,22,0,36,30,0,30,66
02/02/2022,HUF,IN,AGL,CE,Combined TRACON& Tower with Radar,0,3,0,0,3,0,0,0,0,0,0,3,0,0,3,0,0,0,3
02/03/2022,HUF,IN,AGL,CE,Combined TRACON& Tower with Radar,0,0,0,0,0,0,0,0,0,0,0,0,0,0,0,0,0,0,0
02/04/2022,HUF,IN,AGL,CE,Combined TRACON& Tower with Radar,0,5,5,0,10,0,1,5,0,6,0,6,10,0,16,6,0,6,22
02/05/2022,HUF,IN,AGL,CE,Combined TRACON& Tower with Radar,0,1,5,0,6,0,2,29,0,31,0,3,34,0,37,25,0,25,62
02/06/2022,HUF,IN,AGL,CE,Combined TRACON& Tower with Radar,0,3,8,0,11,0,2,32,0,34,0,5,40,0,45,29,0,29,74
02/07/2022,HUF,IN,AGL,CE,Combined TRACON& Tower with Radar,0,3,37,0,40,0,1,98,0,99,0,4,135,0,139,198,0,198,337
02/08/2022,HUF,IN,AGL,CE,Combined TRACON& Tower with Radar,0,4,29,0,33,0,6,87,0,93,0,10,116,0,126,142,0,142,268
02/09/2022,HUF,IN,AGL,CE,Combined TRACON& Tower with Radar,0,7,12,0,19,0,5,75,0,80,0,12,87,0,99,151,0,151,250
02/10/2022,HUF,IN,AGL,CE,Combined TRACON& Tower with Radar,0,2,10,0,12,0,2,59,0,61,0,4,69,0,73,270,0,270,343
02/11/2022,HUF,IN,AGL,CE,Combined TRACON& Tower with Radar,0,0,7,0,7,0,0,2,0,2,0,0,9,0,9,16,0,16,25
02/12/2022,HUF,IN,AGL,CE,Combined TRACON& Tower with Radar,0,0,6,0,6,0,1,5,0,6,0,1,11,0,12,24,0,24,36
02/13/2022,HUF,IN,AGL,CE,Combined TRACON& Tower with Radar,0,5,3,0,8,0,2,30,0,32,0,7,33,0,40,76,0,76,116
02/14/2022,HUF,IN,AGL,CE,Combined TRACON& Tower with Radar,0,3,25,0,28,0,2,107,0,109,0,5,132,0,137,128,0,128,265
02/15/2022,HUF,IN,AGL,CE,Combined TRACON& Tower with Radar,0,2,27,2,31,0,3,71,0,74,0,5,98,2,105,246,0,246,351
02/16/2022,HUF,IN,AGL,CE,Combined TRACON& Tower with Radar,0,4,8,0,12,0,0,3,0,3,0,4,11,0,15,8,0,8,23
02/17/2022,HUF,IN,AGL,CE,Combined TRACON& Tower with Radar,0,0,8,0,8,0,0,1,0,1,0,0,9,0,9,0,0,0,9
02/18/2022,HUF,IN,AGL,CE,Combined TRACON& Tower with Radar,0,1,30,0,31,0,4,66,0,70,0,5,96,0,101,172,0,172,273
02/19/2022,HUF,IN,AGL,CE,Combined TRACON& Tower with Radar,0,2,6,0,8,0,3,80,0,83,0,5,86,0,91,101,0,101,192
02/20/2022,HUF,IN,AGL,CE,Combined TRACON& Tower with Radar,0,0,10,0,10,0,1,34,0,35,0,1,44,0,45,10,0,10,55
02/21/2022,HUF,IN,AGL,CE,Combined TRACON& Tower with Radar,0,3,37,0,40,0,4,100,0,104,0,7,137,0,144,234,0,234,378
02/22/2022,HUF,IN,AGL,CE,Combined TRACON& Tower with Radar,0,5,7,0,12,0,0,0,0,0,0,5,7,0,12,0,0,0,12
02/23/2022,HUF,IN,AGL,CE,Combined TRACON& Tower with Radar,0,4,12,2,18,0,1,7,0,8,0,5,19,2,26,272,0,272,298
02/24/2022,HUF,IN,AGL,CE,Combined TRACON& Tower with Radar,0,0,1,0,1,0,0,0,0,0,0,0,1,0,1,0,0,0,1
02/25/2022,HUF,IN,AGL,CE,Combined TRACON& Tower with Radar,0,0,6,0,6,0,1,3,2,6,0,1,9,2,12,160,0,160,172
02/26/2022,HUF,IN,AGL,CE,Combined TRACON& Tower with Radar,0,2,35,0,37,0,1,110,0,111,0,3,145,0,148,278,0,278,426
02/27/2022,HUF,IN,AGL,CE,Combined TRACON& Tower with Radar,0,0,15,0,15,0,3,95,0,98,0,3,110,0,113,149,0,149,262
02/28/2022,HUF,IN,AGL,CE,Combined TRACON& Tower with Radar,0,12,50,0,62,0,6,111,0,117,0,18,161,0,179,232,0,232,411
03/01/2022,HUF,IN,AGL,CE,Combined TRACON& Tower with Radar,0,6,49,4,59,0,5,140,0,145,0,11,189,4,204,243,0,243,447
03/02/2022,HUF,IN,AGL,CE,Combined TRACON& Tower with Radar,0,3,27,0,30,0,5,140,0,145,0,8,167,0,175,126,0,126,301
03/03/2022,HUF,IN,AGL,CE,Combined TRACON& Tower with Radar,0,6,26,0,32,0,5,91,0,96,0,11,117,0,128,234,0,234,362
03/04/2022,HUF,IN,AGL,CE,Combined TRACON& Tower with Radar,0,4,46,0,50,0,3,140,0,143,0,7,186,0,193,234,0,234,427
03/05/2022,HUF,IN,AGL,CE,Combined TRACON& Tower with Radar,0,4,10,0,14,0,0,26,2,28,0,4,36,2,42,10,0,10,52
03/06/2022,HUF,IN,AGL,CE,Combined TRACON& Tower with Radar,0,4,6,1,11,0,0,10,1,11,0,4,16,2,22,82,0,82,104
03/07/2022,HUF,IN,AGL,CE,Combined TRACON& Tower with Radar,0,0,2,0,2,0,3,0,0,3,0,3,2,0,5,0,0,0,5
03/08/2022,HUF,IN,AGL,CE,Combined TRACON& Tower with Radar,0,0,24,0,24,0,3,37,0,40,0,3,61,0,64,378,0,378,442
03/09/2022,HUF,IN,AGL,CE,Combined TRACON& Tower with Radar,0,6,23,0,29,0,0,104,0,104,0,6,127,0,133,150,0,150,283
03/10/2022,HUF,IN,AGL,CE,Combined TRACON& Tower with Radar,0,4,14,0,18,0,7,110,0,117,0,11,124,0,135,260,0,260,395
03/11/2022,HUF,IN,AGL,CE,Combined TRACON& Tower with Radar,0,2,5,0,7,0,0,0,0,0,0,2,5,0,7,0,0,0,7
03/12/2022,HUF,IN,AGL,CE,Combined TRACON& Tower with Radar,0,2,4,0,6,0,0,18,0,18,0,2,22,0,24,10,0,10,34
03/13/2022,HUF,IN,AGL,CE,Combined TRACON& Tower with Radar,0,0,4,0,4,0,1,17,0,18,0,1,21,0,22,10,0,10,32
03/14/2022,HUF,IN,AGL,CE,Combined TRACON& Tower with Radar,0,0,27,3,30,0,3,77,0,80,0,3,104,3,110,142,0,142,252
03/15/2022,HUF,IN,AGL,CE,Combined TRACON& Tower with Radar,0,5,26,0,31,0,3,121,0,124,0,8,147,0,155,151,0,151,306
03/16/2022,HUF,IN,AGL,CE,Combined TRACON& Tower with Radar,0,7,49,2,58,0,1,127,0,128,0,8,176,2,186,168,0,168,354
03/17/2022,HUF,IN,AGL,CE,Combined TRACON& Tower with Radar,0,1,28,0,29,0,7,133,0,140,0,8,161,0,169,154,0,154,323
03/18/2022,HUF,IN,AGL,CE,Combined TRACON& Tower with Radar,0,0,12,0,12,0,2,13,0,15,0,2,25,0,27,32,0,32,59
03/19/2022,HUF,IN,AGL,CE,Combined TRACON& Tower with Radar,0,0,2,0,2,0,0,0,0,0,0,0,2,0,2,0,0,0,2
03/20/2022,HUF,IN,AGL,CE,Combined TRACON& Tower with Radar,0,3,24,0,27,0,6,82,0,88,0,9,106,0,115,148,0,148,263
03/21/2022,HUF,IN,AGL,CE,Combined TRACON& Tower with Radar,0,0,46,0,46,0,3,124,0,127,0,3,170,0,173,302,0,302,475
03/22/2022,HUF,IN,AGL,CE,Combined TRACON& Tower with Radar,0,1,13,2,16,0,0,0,0,0,0,1,13,2,16,0,0,0,16
03/23/2022,HUF,IN,AGL,CE,Combined TRACON& Tower with Radar,0,1,19,2,22,0,0,1,0,1,0,1,20,2,23,0,0,0,23
03/24/2022,HUF,IN,AGL,CE,Combined TRACON& Tower with Radar,0,2,4,12,18,0,3,2,11,16,0,5,6,23,34,20,0,20,54
03/25/2022,HUF,IN,AGL,CE,Combined TRACON& Tower with Radar,0,0,15,0,15,0,0,1,0,1,0,0,16,0,16,2,0,2,18
03/26/2022,HUF,IN,AGL,CE,Combined TRACON& Tower with Radar,0,0,18,0,18,0,1,18,0,19,0,1,36,0,37,6,0,6,43
03/27/2022,HUF,IN,AGL,CE,Combined TRACON& Tower with Radar,0,2,29,0,31,0,6,86,0,92,0,8,115,0,123,154,0,154,277
03/28/2022,HUF,IN,AGL,CE,Combined TRACON& Tower with Radar,0,7,27,0,34,0,4,111,0,115,0,11,138,0,149,235,0,235,384
03/29/2022,HUF,IN,AGL,CE,Combined TRACON& Tower with Radar,0,2,27,2,31,0,5,93,0,98,0,7,120,2,129,126,0,126,255
03/30/2022,HUF,IN,AGL,CE,Combined TRACON& Tower with Radar,0,2,5,0,7,0,0,3,0,3,0,2,8,0,10,8,0,8,18
03/31/2022,HUF,IN,AGL,CE,Combined TRACON& Tower with Radar,0,0,4,0,4,0,0,0,0,0,0,0,4,0,4,16,0,16,20
04/01/2022,HUF,IN,AGL,CE,Combined TRACON& Tower with Radar,0,3,32,2,37,0,6,89,0,95,0,9,121,2,132,240,0,240,372
04/02/2022,HUF,IN,AGL,CE,Combined TRACON& Tower with Radar,0,0,18,2,20,0,5,62,0,67,0,5,80,2,87,100,0,100,187
04/03/2022,HUF,IN,AGL,CE,Combined TRACON& Tower with Radar,0,4,32,0,36,0,5,115,0,120,0,9,147,0,156,140,0,140,296
04/04/2022,HUF,IN,AGL,CE,Combined TRACON& Tower with Radar,0,5,55,0,60,0,4,121,0,125,0,9,176,0,185,179,0,179,364
04/05/2022,HUF,IN,AGL,CE,Combined TRACON& Tower with Radar,0,0,25,4,29,0,1,2,3,6,0,1,27,7,35,12,0,12,47
04/06/2022,HUF,IN,AGL,CE,Combined TRACON& Tower with Radar,0,2,29,1,32,0,4,44,1,49,0,6,73,2,81,134,2,136,217
04/07/2022,HUF,IN,AGL,CE,Combined TRACON& Tower with Radar,0,0,24,0,24,0,4,49,0,53,0,4,73,0,77,116,0,116,193
04/08/2022,HUF,IN,AGL,CE,Combined TRACON& Tower with Radar,0,2,2,0,4,0,0,0,0,0,0,2,2,0,4,56,0,56,60
04/09/2022,HUF,IN,AGL,CE,Combined TRACON& Tower with Radar,0,0,11,0,11,0,2,43,0,45,0,2,54,0,56,144,0,144,200
04/10/2022,HUF,IN,AGL,CE,Combined TRACON& Tower with Radar,0,0,11,0,11,0,6,65,0,71,0,6,76,0,82,126,0,126,208
04/11/2022,HUF,IN,AGL,CE,Combined TRACON& Tower with Radar,0,2,23,0,25,0,0,20,0,20,0,2,43,0,45,107,0,107,152
04/12/2022,HUF,IN,AGL,CE,Combined TRACON& Tower with Radar,0,9,36,0,45,0,6,28,0,34,0,15,64,0,79,65,0,65,144
04/13/2022,HUF,IN,AGL,CE,Combined TRACON& Tower with Radar,0,0,4,0,4,0,0,0,0,0,0,0,4,0,4,0,0,0,4
04/14/2022,HUF,IN,AGL,CE,Combined TRACON& Tower with Radar,0,5,28,0,33,0,2,59,0,61,0,7,87,0,94,184,0,184,278
04/15/2022,HUF,IN,AGL,CE,Combined TRACON& Tower with Radar,0,0,18,0,18,0,2,57,0,59,0,2,75,0,77,102,0,102,179
04/16/2022,HUF,IN,AGL,CE,Combined TRACON& Tower with Radar,0,0,15,0,15,0,7,85,0,92,0,7,100,0,107,88,0,88,195
04/17/2022,HUF,IN,AGL,CE,Combined TRACON& Tower with Radar,0,0,4,0,4,0,3,20,0,23,0,3,24,0,27,14,0,14,41
04/18/2022,HUF,IN,AGL,CE,Combined TRACON& Tower with Radar,0,0,8,0,8,0,1,12,0,13,0,1,20,0,21,66,0,66,87
04/19/2022,HUF,IN,AGL,CE,Combined TRACON& Tower with Radar,0,0,31,6,37,0,3,122,0,125,0,3,153,6,162,315,0,315,477
04/20/2022,HUF,IN,AGL,CE,Combined TRACON& Tower with Radar,0,1,40,1,42,0,7,59,0,66,0,8,99,1,108,156,0,156,264
04/21/2022,HUF,IN,AGL,CE,Combined TRACON& Tower with Radar,0,13,27,1,41,0,0,49,1,50,0,13,76,2,91,270,0,270,361
04/22/2022,HUF,IN,AGL,CE,Combined TRACON& Tower with Radar,0,0,26,2,28,0,5,62,2,69,0,5,88,4,97,160,0,160,257
04/23/2022,HUF,IN,AGL,CE,Combined TRACON& Tower with Radar,0,0,12,0,12,0,5,18,2,25,0,5,30,2,37,0,0,0,37
04/24/2022,HUF,IN,AGL,CE,Combined TRACON& Tower with Radar,0,0,7,1,8,0,1,6,0,7,0,1,13,1,15,0,0,0,15
04/25/2022,HUF,IN,AGL,CE,Combined TRACON& Tower with Radar,0,3,37,0,40,0,0,37,0,37,0,3,74,0,77,86,0,86,163
04/26/2022,HUF,IN,AGL,CE,Combined TRACON& Tower with Radar,0,6,40,2,48,0,3,194,0,197,0,9,234,2,245,295,0,295,540
04/27/2022,HUF,IN,AGL,CE,Combined TRACON& Tower with Radar,0,5,28,0,33,0,6,118,0,124,0,11,146,0,157,138,0,138,295
04/28/2022,HUF,IN,AGL,CE,Combined TRACON& Tower with Radar,0,0,28,0,28,0,4,94,0,98,0,4,122,0,126,238,0,238,364
04/29/2022,HUF,IN,AGL,CE,Combined TRACON& Tower with Radar,0,2,43,0,45,0,5,96,0,101,0,7,139,0,146,128,0,128,274
04/30/2022,HUF,IN,AGL,CE,Combined TRACON& Tower with Radar,0,0,11,0,11,0,3,18,0,21,0,3,29,0,32,18,0,18,50
05/01/2022,HUF,IN,AGL,CE,Combined TRACON& Tower with Radar,0,0,19,0,19,0,2,44,2,48,0,2,63,2,67,164,0,164,231
05/02/2022,HUF,IN,AGL,CE,Combined TRACON& Tower with Radar,0,0,26,0,26,0,0,152,0,152,0,0,178,0,178,319,0,319,497
05/03/2022,HUF,IN,AGL,CE,Combined TRACON& Tower with Radar,0,1,3,0,4,0,0,0,0,0,0,1,3,0,4,0,0,0,4
05/04/2022,HUF,IN,AGL,CE,Combined TRACON& Tower with Radar,0,5,51,0,56,0,3,18,0,21,0,8,69,0,77,111,0,111,188
05/05/2022,HUF,IN,AGL,CE,Combined TRACON& Tower with Radar,0,2,25,0,27,0,0,14,0,14,0,2,39,0,41,82,0,82,123
05/06/2022,HUF,IN,AGL,CE,Combined TRACON& Tower with Radar,0,6,3,0,9,0,0,2,0,2,0,6,5,0,11,0,0,0,11
05/07/2022,HUF,IN,AGL,CE,Combined TRACON& Tower with Radar,0,4,11,0,15,0,4,30,0,34,0,8,41,0,49,64,0,64,113
05/08/2022,HUF,IN,AGL,CE,Combined TRACON& Tower with Radar,0,2,5,0,7,0,3,49,0,52,0,5,54,0,59,84,0,84,143
05/09/2022,HUF,IN,AGL,CE,Combined TRACON& Tower with Radar,0,0,30,0,30,0,16,59,0,75,0,16,89,0,105,106,0,106,211
05/10/2022,HUF,IN,AGL,CE,Combined TRACON& Tower with Radar,0,5,30,0,35,0,6,145,0,151,0,11,175,0,186,212,0,212,398
05/11/2022,HUF,IN,AGL,CE,Combined TRACON& Tower with Radar,2,0,50,6,58,0,6,132,1,139,2,6,182,7,197,224,4,228,425
05/12/2022,HUF,IN,AGL,CE,Combined TRACON& Tower with Radar,0,3,45,0,48,0,8,125,0,133,0,11,170,0,181,160,0,160,341
05/13/2022,HUF,IN,AGL,CE,Combined TRACON& Tower with Radar,2,0,45,0,47,0,7,105,0,112,2,7,150,0,159,150,0,150,309
05/14/2022,HUF,IN,AGL,CE,Combined TRACON& Tower with Radar,0,2,9,0,11,0,0,28,0,28,0,2,37,0,39,126,0,126,165
05/15/2022,HUF,IN,AGL,CE,Combined TRACON& Tower with Radar,0,1,7,0,8,0,1,41,0,42,0,2,48,0,50,99,0,99,149
05/16/2022,HUF,IN,AGL,CE,Combined TRACON& Tower with Radar,0,0,16,0,16,0,11,74,0,85,0,11,90,0,101,130,0,130,231
05/17/2022,HUF,IN,AGL,CE,Combined TRACON& Tower with Radar,0,4,29,0,33,0,11,151,0,162,0,15,180,0,195,248,0,248,443
05/18/2022,HUF,IN,AGL,CE,Combined TRACON& Tower with Radar,0,0,22,0,22,0,1,12,0,13,0,1,34,0,35,69,0,69,104
05/19/2022,HUF,IN,AGL,CE,Combined TRACON& Tower with Radar,0,0,12,0,12,0,0,62,0,62,0,0,74,0,74,190,0,190,264
05/20/2022,HUF,IN,AGL,CE,Combined TRACON& Tower with Radar,0,1,5,4,10,0,3,16,0,19,0,4,21,4,29,14,0,14,43
05/21/2022,HUF,IN,AGL,CE,Combined TRACON& Tower with Radar,0,0,4,0,4,0,0,8,0,8,0,0,12,0,12,0,0,0,12
05/22/2022,HUF,IN,AGL,CE,Combined TRACON& Tower with Radar,0,0,20,0,20,0,4,67,0,71,0,4,87,0,91,141,0,141,232
05/23/2022,HUF,IN,AGL,CE,Combined TRACON& Tower with Radar,0,0,27,2,29,0,3,102,1,106,0,3,129,3,135,161,0,161,296
05/24/2022,HUF,IN,AGL,CE,Combined TRACON& Tower with Radar,0,0,28,0,28,0,8,135,0,143,0,8,163,0,171,167,0,167,338
05/25/2022,HUF,IN,AGL,CE,Combined TRACON& Tower with Radar,0,4,3,0,7,0,0,1,0,1,0,4,4,0,8,0,0,0,8
05/26/2022,HUF,IN,AGL,CE,Combined TRACON& Tower with Radar,0,2,8,0,10,0,2,0,0,2,0,4,8,0,12,0,0,0,12
05/27/2022,HUF,IN,AGL,CE,Combined TRACON& Tower with Radar,0,8,37,0,45,0,0,8,0,8,0,8,45,0,53,62,0,62,115
05/28/2022,HUF,IN,AGL,CE,Combined TRACON& Tower with Radar,0,3,24,0,27,0,2,60,0,62,0,5,84,0,89,146,0,146,235
05/29/2022,HUF,IN,AGL,CE,Combined TRACON& Tower with Radar,0,0,4,0,4,0,0,21,1,22,0,0,25,1,26,35,0,35,61
05/30/2022,HUF,IN,AGL,CE,Combined TRACON& Tower with Radar,0,0,5,0,5,0,0,32,0,32,0,0,37,0,37,18,0,18,55
05/31/2022,HUF,IN,AGL,CE,Combined TRACON& Tower with Radar,0,4,41,4,49,0,16,107,0,123,0,20,148,4,172,215,0,215,387
06/01/2022,HUF,IN,AGL,CE,Combined TRACON& Tower with Radar,0,2,21,0,23,0,1,97,0,98,0,3,118,0,121,184,0,184,305
06/02/2022,HUF,IN,AGL,CE,Combined TRACON& Tower with Radar,0,4,22,0,26,0,7,63,0,70,0,11,85,0,96,202,0,202,298
06/03/2022,HUF,IN,AGL,CE,Combined TRACON& Tower with Radar,0,0,29,0,29,0,8,114,1,123,0,8,143,1,152,200,2,202,354
06/04/2022,HUF,IN,AGL,CE,Combined TRACON& Tower with Radar,0,0,20,0,20,0,0,86,0,86,0,0,106,0,106,116,0,116,222
06/05/2022,HUF,IN,AGL,CE,Combined TRACON& Tower with Radar,0,0,15,0,15,0,1,56,0,57,0,1,71,0,72,133,0,133,205
06/06/2022,HUF,IN,AGL,CE,Combined TRACON& Tower with Radar,0,3,15,0,18,0,1,38,0,39,0,4,53,0,57,162,0,162,219
06/07/2022,HUF,IN,AGL,CE,Combined TRACON& Tower with Radar,0,9,45,0,54,0,0,37,0,37,0,9,82,0,91,188,0,188,279
06/08/2022,HUF,IN,AGL,CE,Combined TRACON& Tower with Radar,0,3,20,0,23,0,2,24,0,26,0,5,44,0,49,96,0,96,145
06/09/2022,HUF,IN,AGL,CE,Combined TRACON& Tower with Radar,0,4,51,0,55,0,4,129,0,133,0,8,180,0,188,318,0,318,506
06/10/2022,HUF,IN,AGL,CE,Combined TRACON& Tower with Radar,0,4,29,0,33,0,2,54,0,56,0,6,83,0,89,170,0,170,259
06/11/2022,HUF,IN,AGL,CE,Combined TRACON& Tower with Radar,0,4,23,0,27,0,6,53,0,59,0,10,76,0,86,104,0,104,190
06/12/2022,HUF,IN,AGL,CE,Combined TRACON& Tower with Radar,0,0,3,0,3,0,2,9,0,11,0,2,12,0,14,28,0,28,42
06/13/2022,HUF,IN,AGL,CE,Combined TRACON& Tower with Radar,0,2,21,0,23,0,0,26,0,26,0,2,47,0,49,116,0,116,165
06/14/2022,HUF,IN,AGL,CE,Combined TRACON& Tower with Radar,0,0,16,2,18,0,7,99,0,106,0,7,115,2,124,124,0,124,248
06/15/2022,HUF,IN,AGL,CE,Combined TRACON& Tower with Radar,0,3,23,9,35,0,3,73,2,78,0,6,96,11,113,156,0,156,269
06/16/2022,HUF,IN,AGL,CE,Combined TRACON& Tower with Radar,0,5,36,1,42,0,7,84,0,91,0,12,120,1,133,170,0,170,303
06/17/2022,HUF,IN,AGL,CE,Combined TRACON& Tower with Radar,0,6,26,0,32,0,4,70,0,74,0,10,96,0,106,138,0,138,244
06/18/2022,HUF,IN,AGL,CE,Combined TRACON& Tower with Radar,0,2,5,0,7,0,3,59,0,62,0,5,64,0,69,96,0,96,165
06/19/2022,HUF,IN,AGL,CE,Combined TRACON& Tower with Radar,0,0,14,0,14,0,2,65,0,67,0,2,79,0,81,66,0,66,147
06/20/2022,HUF,IN,AGL,CE,Combined TRACON& Tower with Radar,0,0,38,0,38,0,3,114,0,117,0,3,152,0,155,130,0,130,285
06/21/2022,HUF,IN,AGL,CE,Combined TRACON& Tower with Radar,0,4,31,0,35,0,5,118,0,123,0,9,149,0,158,228,0,228,386
06/22/2022,HUF,IN,AGL,CE,Combined TRACON& Tower with Radar,0,2,22,0,24,0,6,81,0,87,0,8,103,0,111,126,0,126,237
06/23/2022,HUF,IN,AGL,CE,Combined TRACON& Tower with Radar,0,0,21,0,21,0,9,95,0,104,0,9,116,0,125,265,0,265,390
06/24/2022,HUF,IN,AGL,CE,Combined TRACON& Tower with Radar,0,2,20,0,22,0,17,112,0,129,0,19,132,0,151,168,0,168,319
06/25/2022,HUF,IN,AGL,CE,Combined TRACON& Tower with Radar,0,0,11,0,11,0,5,39,0,44,0,5,50,0,55,68,0,68,123
06/26/2022,HUF,IN,AGL,CE,Combined TRACON& Tower with Radar,0,2,16,2,20,0,3,18,0,21,0,5,34,2,41,86,0,86,127
06/27/2022,HUF,IN,AGL,CE,Combined TRACON& Tower with Radar,0,3,43,2,48,0,8,143,0,151,0,11,186,2,199,140,0,140,339
06/28/2022,HUF,IN,AGL,CE,Combined TRACON& Tower with Radar,0,2,27,0,29,0,4,133,0,137,0,6,160,0,166,180,0,180,346
06/29/2022,HUF,IN,AGL,CE,Combined TRACON& Tower with Radar,0,0,23,2,25,0,7,117,0,124,0,7,140,2,149,196,0,196,345
06/30/2022,HUF,IN,AGL,CE,Combined TRACON& Tower with Radar,0,4,40,1,45,0,8,75,1,84,0,12,115,2,129,166,0,166,295
07/01/2022,HUF,IN,AGL,CE,Combined TRACON& Tower with Radar,0,1,26,0,27,0,4,56,0,60,0,5,82,0,87,102,0,102,189
07/02/2022,HUF,IN,AGL,CE,Combined TRACON& Tower with Radar,0,3,16,0,19,0,0,32,0,32,0,3,48,0,51,52,0,52,103
07/03/2022,HUF,IN,AGL,CE,Combined TRACON& Tower with Radar,0,2,5,0,7,0,1,23,0,24,0,3,28,0,31,26,0,26,57
07/04/2022,HUF,IN,AGL,CE,Combined TRACON& Tower with Radar,0,0,2,0,2,0,1,12,0,13,0,1,14,0,15,12,0,12,27
07/05/2022,HUF,IN,AGL,CE,Combined TRACON& Tower with Radar,0,1,14,0,15,0,9,55,0,64,0,10,69,0,79,110,0,110,189
07/06/2022,HUF,IN,AGL,CE,Combined TRACON& Tower with Radar,0,2,21,0,23,0,8,76,0,84,0,10,97,0,107,135,0,135,242
07/07/2022,HUF,IN,AGL,CE,Combined TRACON& Tower with Radar,0,0,25,0,25,0,0,36,0,36,0,0,61,0,61,99,0,99,160
07/08/2022,HUF,IN,AGL,CE,Combined TRACON& Tower with Radar,0,0,12,0,12,0,0,3,0,3,0,0,15,0,15,26,0,26,41
07/09/2022,HUF,IN,AGL,CE,Combined TRACON& Tower with Radar,0,2,19,0,21,0,6,62,0,68,0,8,81,0,89,128,0,128,217
07/10/2022,HUF,IN,AGL,CE,Combined TRACON& Tower with Radar,0,0,17,0,17,0,5,146,1,152,0,5,163,1,169,66,0,66,235
07/11/2022,HUF,IN,AGL,CE,Combined TRACON& Tower with Radar,0,0,23,5,28,0,1,108,4,113,0,1,131,9,141,175,2,177,318
07/12/2022,HUF,IN,AGL,CE,Combined TRACON& Tower with Radar,0,2,31,3,36,0,2,103,1,106,0,4,134,4,142,138,2,140,282
07/13/2022,HUF,IN,AGL,CE,Combined TRACON& Tower with Radar,0,0,16,20,36,0,3,87,2,92,0,3,103,22,128,170,0,170,298
07/14/2022,HUF,IN,AGL,CE,Combined TRACON& Tower with Radar,0,1,11,2,14,0,4,92,0,96,0,5,103,2,110,154,0,154,264
07/15/2022,HUF,IN,AGL,CE,Combined TRACON& Tower with Radar,0,0,25,0,25,0,1,25,0,26,0,1,50,0,51,24,0,24,75
07/16/2022,HUF,IN,AGL,CE,Combined TRACON& Tower with Radar,0,0,12,4,16,0,1,53,0,54,0,1,65,4,70,39,0,39,109
07/17/2022,HUF,IN,AGL,CE,Combined TRACON& Tower with Radar,0,0,4,0,4,0,0,2,0,2,0,0,6,0,6,0,0,0,6
07/18/2022,HUF,IN,AGL,CE,Combined TRACON& Tower with Radar,0,4,20,0,24,0,3,27,0,30,0,7,47,0,54,118,0,118,172
07/19/2022,HUF,IN,AGL,CE,Combined TRACON& Tower with Radar,0,0,47,0,47,0,16,91,0,107,0,16,138,0,154,174,0,174,328
07/20/2022,HUF,IN,AGL,CE,Combined TRACON& Tower with Radar,0,1,39,3,43,0,0,50,2,52,0,1,89,5,95,50,0,50,145
07/21/2022,HUF,IN,AGL,CE,Combined TRACON& Tower with Radar,0,3,22,0,25,0,0,100,1,101,0,3,122,1,126,196,0,196,322
07/22/2022,HUF,IN,AGL,CE,Combined TRACON& Tower with Radar,0,9,13,0,22,0,10,75,2,87,0,19,88,2,109,138,0,138,247
07/23/2022,HUF,IN,AGL,CE,Combined TRACON& Tower with Radar,0,4,23,0,27,0,1,38,0,39,0,5,61,0,66,14,0,14,80
07/24/2022,HUF,IN,AGL,CE,Combined TRACON& Tower with Radar,0,0,29,0,29,0,2,31,1,34,0,2,60,1,63,24,0,24,87
07/25/2022,HUF,IN,AGL,CE,Combined TRACON& Tower with Radar,2,2,24,2,30,0,9,95,0,104,2,11,119,2,134,162,0,162,296
07/26/2022,HUF,IN,AGL,CE,Combined TRACON& Tower with Radar,0,0,11,0,11,0,0,0,0,0,0,0,11,0,11,0,0,0,11
07/27/2022,HUF,IN,AGL,CE,Combined TRACON& Tower with Radar,0,2,25,0,27,0,1,19,0,20,0,3,44,0,47,52,0,52,99
07/28/2022,HUF,IN,AGL,CE,Combined TRACON& Tower with Radar,0,0,24,4,28,0,1,32,0,33,0,1,56,4,61,184,0,184,245
07/29/2022,HUF,IN,AGL,CE,Combined TRACON& Tower with Radar,0,2,24,0,26,0,6,87,0,93,0,8,111,0,119,84,0,84,203
07/30/2022,HUF,IN,AGL,CE,Combined TRACON& Tower with Radar,0,0,12,0,12,0,0,60,0,60,0,0,72,0,72,62,0,62,134
07/31/2022,HUF,IN,AGL,CE,Combined TRACON& Tower with Radar,0,0,18,12,30,0,4,34,0,38,0,4,52,12,68,26,0,26,94
08/01/2022,HUF,IN,AGL,CE,Combined TRACON& Tower with Radar,0,1,17,0,18,0,9,22,0,31,0,10,39,0,49,174,0,174,223
08/02/2022,HUF,IN,AGL,CE,Combined TRACON& Tower with Radar,0,1,7,0,8,0,7,24,0,31,0,8,31,0,39,106,0,106,145
08/03/2022,HUF,IN,AGL,CE,Combined TRACON& Tower with Radar,0,0,26,0,26,0,14,82,0,96,0,14,108,0,122,72,0,72,194
08/04/2022,HUF,IN,AGL,CE,Combined TRACON& Tower with Radar,0,0,21,0,21,0,1,11,0,12,0,1,32,0,33,60,0,60,93
08/05/2022,HUF,IN,AGL,CE,Combined TRACON& Tower with Radar,0,2,38,0,40,0,5,41,0,46,0,7,79,0,86,105,0,105,191
08/06/2022,HUF,IN,AGL,CE,Combined TRACON& Tower with Radar,0,5,10,0,15,0,2,33,0,35,0,7,43,0,50,52,0,52,102
08/07/2022,HUF,IN,AGL,CE,Combined TRACON& Tower with Radar,0,0,19,0,19,0,2,50,0,52,0,2,69,0,71,50,0,50,121
08/08/2022,HUF,IN,AGL,CE,Combined TRACON& Tower with Radar,0,5,14,2,21,1,5,62,1,69,1,10,76,3,90,88,0,88,178
08/09/2022,HUF,IN,AGL,CE,Combined TRACON& Tower with Radar,0,0,28,0,28,0,0,3,0,3,0,0,31,0,31,62,0,62,93
08/10/2022,HUF,IN,AGL,CE,Combined TRACON& Tower with Radar,0,2,58,0,60,0,2,96,2,100,0,4,154,2,160,220,0,220,380
08/11/2022,HUF,IN,AGL,CE,Combined TRACON& Tower with Radar,0,1,24,4,29,0,2,55,0,57,0,3,79,4,86,240,0,240,326
08/12/2022,HUF,IN,AGL,CE,Combined TRACON& Tower with Radar,0,1,24,0,25,0,4,89,1,94,0,5,113,1,119,176,0,176,295
08/13/2022,HUF,IN,AGL,CE,Combined TRACON& Tower with Radar,0,0,8,0,8,0,2,71,0,73,0,2,79,0,81,50,0,50,131
08/14/2022,HUF,IN,AGL,CE,Combined TRACON& Tower with Radar,0,0,6,0,6,0,1,5,0,6,0,1,11,0,12,12,0,12,24
08/15/2022,HUF,IN,AGL,CE,Combined TRACON& Tower with Radar,0,9,18,12,39,0,3,19,0,22,0,12,37,12,61,4,12,16,77
08/16/2022,HUF,IN,AGL,CE,Combined TRACON& Tower with Radar,0,1,25,1,27,0,9,81,4,94,0,10,106,5,121,290,0,290,411
08/17/2022,HUF,IN,AGL,CE,Combined TRACON& Tower with Radar,0,1,30,0,31,0,13,97,0,110,0,14,127,0,141,152,0,152,293
08/18/2022,HUF,IN,AGL,CE,Combined TRACON& Tower with Radar,0,0,21,2,23,0,3,87,0,90,0,3,108,2,113,166,4,170,283
08/19/2022,HUF,IN,AGL,CE,Combined TRACON& Tower with Radar,0,2,32,0,34,0,3,88,0,91,0,5,120,0,125,66,0,66,191
08/20/2022,HUF,IN,AGL,CE,Combined TRACON& Tower with Radar,0,0,11,0,11,0,2,37,0,39,0,2,48,0,50,60,0,60,110
08/21/2022,HUF,IN,AGL,CE,Combined TRACON& Tower with Radar,0,0,9,0,9,0,1,4,0,5,0,1,13,0,14,22,0,22,36
08/22/2022,HUF,IN,AGL,CE,Combined TRACON& Tower with Radar,0,2,21,2,25,0,8,65,0,73,0,10,86,2,98,140,0,140,238
08/23/2022,HUF,IN,AGL,CE,Combined TRACON& Tower with Radar,0,3,33,3,39,0,8,97,0,105,0,11,130,3,144,107,0,107,251
08/24/2022,HUF,IN,AGL,CE,Combined TRACON& Tower with Radar,0,1,26,4,31,0,4,147,0,151,0,5,173,4,182,158,6,164,346
08/25/2022,HUF,IN,AGL,CE,Combined TRACON& Tower with Radar,0,2,32,0,34,0,1,119,0,120,0,3,151,0,154,236,0,236,390
08/26/2022,HUF,IN,AGL,CE,Combined TRACON& Tower with Radar,0,5,34,25,64,0,1,68,0,69,0,6,102,25,133,134,2,136,269
08/27/2022,HUF,IN,AGL,CE,Combined TRACON& Tower with Radar,0,1,9,1,11,0,12,50,0,62,0,13,59,1,73,46,0,46,119
08/28/2022,HUF,IN,AGL,CE,Combined TRACON& Tower with Radar,0,1,26,3,30,0,0,41,0,41,0,1,67,3,71,25,0,25,96
08/29/2022,HUF,IN,AGL,CE,Combined TRACON& Tower with Radar,0,0,18,0,18,0,11,80,0,91,0,11,98,0,109,164,0,164,273
08/30/2022,HUF,IN,AGL,CE,Combined TRACON& Tower with Radar,0,5,24,6,35,0,1,94,0,95,0,6,118,6,130,190,0,190,320
08/31/2022,HUF,IN,AGL,CE,Combined TRACON& Tower with Radar,0,3,26,24,53,0,5,198,0,203,0,8,224,24,256,209,46,255,511
09/01/2022,HUF,IN,AGL,CE,Combined TRACON& Tower with Radar,0,0,46,0,46,0,2,151,0,153,0,2,197,0,199,212,0,212,411
09/02/2022,HUF,IN,AGL,CE,Combined TRACON& Tower with Radar,0,0,17,0,17,0,6,76,0,82,0,6,93,0,99,136,0,136,235
09/03/2022,HUF,IN,AGL,CE,Combined TRACON& Tower with Radar,0,1,5,0,6,0,1,8,0,9,0,2,13,0,15,14,0,14,29
09/04/2022,HUF,IN,AGL,CE,Combined TRACON& Tower with Radar,0,0,17,0,17,0,1,7,0,8,0,1,24,0,25,4,0,4,29
09/05/2022,HUF,IN,AGL,CE,Combined TRACON& Tower with Radar,0,2,18,0,20,0,0,1,0,1,0,2,19,0,21,6,0,6,27
09/06/2022,HUF,IN,AGL,CE,Combined TRACON& Tower with Radar,0,0,24,0,24,0,0,38,0,38,0,0,62,0,62,170,0,170,232
09/07/2022,HUF,IN,AGL,CE,Combined TRACON& Tower with Radar,0,4,31,1,36,0,2,144,1,147,0,6,175,2,183,186,0,186,369
09/08/2022,HUF,IN,AGL,CE,Combined TRACON& Tower with Radar,0,2,34,1,37,0,0,185,0,185,0,2,219,1,222,202,0,202,424
09/09/2022,HUF,IN,AGL,CE,Combined TRACON& Tower with Radar,0,4,21,5,30,0,25,77,1,103,0,29,98,6,133,134,0,134,267
09/10/2022,HUF,IN,AGL,CE,Combined TRACON& Tower with Radar,0,0,28,0,28,0,5,79,0,84,0,5,107,0,112,62,0,62,174
09/11/2022,HUF,IN,AGL,CE,Combined TRACON& Tower with Radar,0,4,6,0,10,0,1,0,0,1,0,5,6,0,11,12,0,12,23
09/12/2022,HUF,IN,AGL,CE,Combined TRACON& Tower with Radar,0,5,27,0,32,0,1,86,0,87,0,6,113,0,119,212,0,212,331
09/13/2022,HUF,IN,AGL,CE,Combined TRACON& Tower with Radar,0,8,48,0,56,0,13,71,0,84,0,21,119,0,140,172,0,172,312
09/14/2022,HUF,IN,AGL,CE,Combined TRACON& Tower with Radar,0,2,24,0,26,0,15,132,2,149,0,17,156,2,175,119,0,119,294
09/15/2022,HUF,IN,AGL,CE,Combined TRACON& Tower with Radar,0,2,43,2,47,0,26,115,0,141,0,28,158,2,188,102,0,102,290
09/16/2022,HUF,IN,AGL,CE,Combined TRACON& Tower with Radar,0,4,28,4,36,0,15,94,0,109,0,19,122,4,145,116,0,116,261
09/17/2022,HUF,IN,AGL,CE,Combined TRACON& Tower with Radar,2,6,20,0,28,0,10,69,0,79,2,16,89,0,107,60,0,60,167
09/18/2022,HUF,IN,AGL,CE,Combined TRACON& Tower with Radar,0,4,10,4,18,0,3,50,0,53,0,7,60,4,71,74,0,74,145
09/19/2022,HUF,IN,AGL,CE,Combined TRACON& Tower with Radar,0,4,25,0,29,0,3,37,0,40,0,7,62,0,69,138,0,138,207
09/20/2022,HUF,IN,AGL,CE,Combined TRACON& Tower with Radar,0,6,37,1,44,0,12,94,1,107,0,18,131,2,151,208,0,208,359
09/21/2022,HUF,IN,AGL,CE,Combined TRACON& Tower with Radar,0,6,31,0,37,0,33,101,3,137,0,39,132,3,174,118,0,118,292
09/22/2022,HUF,IN,AGL,CE,Combined TRACON& Tower with Radar,0,1,31,2,34,0,26,120,2,148,0,27,151,4,182,180,0,180,362
09/23/2022,HUF,IN,AGL,CE,Combined TRACON& Tower with Radar,0,1,35,6,42,0,46,145,0,191,0,47,180,6,233,180,0,180,413
09/24/2022,HUF,IN,AGL,CE,Combined TRACON& Tower with Radar,0,0,19,0,19,0,19,63,0,82,0,19,82,0,101,36,0,36,137
09/25/2022,HUF,IN,AGL,CE,Combined TRACON& Tower with Radar,0,0,11,7,18,0,2,15,1,18,0,2,26,8,36,8,0,8,44
09/26/2022,HUF,IN,AGL,CE,Combined TRACON& Tower with Radar,0,6,13,0,19,0,6,97,0,103,0,12,110,0,122,120,0,120,242
09/27/2022,HUF,IN,AGL,CE,Combined TRACON& Tower with Radar,0,0,22,0,22,0,15,113,0,128,0,15,135,0,150,240,0,240,390
09/28/2022,HUF,IN,AGL,CE,Combined TRACON& Tower with Radar,0,4,43,0,47,0,38,94,0,132,0,42,137,0,179,258,0,258,437
09/29/2022,HUF,IN,AGL,CE,Combined TRACON& Tower with Radar,0,4,29,2,35,0,7,89,0,96,0,11,118,2,131,186,0,186,317
09/30/2022,HUF,IN,AGL,CE,Combined TRACON& Tower with Radar,0,4,26,2,32,0,24,114,0,138,0,28,140,2,170,148,0,148,318
10/01/2022,HUF,IN,AGL,CE,Combined TRACON& Tower with Radar,0,3,21,0,24,0,22,61,0,83,0,25,82,0,107,70,0,70,177
10/02/2022,HUF,IN,AGL,CE,Combined TRACON& Tower with Radar,0,3,8,0,11,0,3,40,0,43,0,6,48,0,54,22,0,22,76
10/03/2022,HUF,IN,AGL,CE,Combined TRACON& Tower with Radar,0,3,23,0,26,0,5,124,0,129,0,8,147,0,155,251,0,251,406
10/04/2022,HUF,IN,AGL,CE,Combined TRACON& Tower with Radar,0,6,26,0,32,0,18,110,0,128,0,24,136,0,160,210,0,210,370
10/05/2022,HUF,IN,AGL,CE,Combined TRACON& Tower with Radar,0,2,32,0,34,0,21,145,0,166,0,23,177,0,200,254,0,254,454
10/06/2022,HUF,IN,AGL,CE,Combined TRACON& Tower with Radar,0,6,35,5,46,0,43,130,1,174,0,49,165,6,220,266,2,268,488
10/07/2022,HUF,IN,AGL,CE,Combined TRACON& Tower with Radar,0,2,25,9,36,0,13,89,0,102,0,15,114,9,138,96,2,98,236
10/08/2022,HUF,IN,AGL,CE,Combined TRACON& Tower with Radar,2,2,16,2,22,0,9,54,0,63,2,11,70,2,85,54,0,54,139
10/09/2022,HUF,IN,AGL,CE,Combined TRACON& Tower with Radar,0,3,13,0,16,0,11,50,0,61,0,14,63,0,77,42,0,42,119
10/10/2022,HUF,IN,AGL,CE,Combined TRACON& Tower with Radar,0,2,38,0,40,0,11,134,0,145,0,13,172,0,185,184,0,184,369
10/11/2022,HUF,IN,AGL,CE,Combined TRACON& Tower with Radar,0,0,19,2,21,0,3,76,0,79,0,3,95,2,100,206,0,206,306
10/12/2022,HUF,IN,AGL,CE,Combined TRACON& Tower with Radar,0,6,15,1,22,3,2,14,0,19,3,8,29,1,41,26,0,26,67
10/13/2022,HUF,IN,AGL,CE,Combined TRACON& Tower with Radar,0,2,22,2,26,0,6,65,4,75,0,8,87,6,101,192,0,192,293
10/14/2022,HUF,IN,AGL,CE,Combined TRACON& Tower with Radar,0,5,18,0,23,0,16,57,0,73,0,21,75,0,96,94,0,94,190
10/15/2022,HUF,IN,AGL,CE,Combined TRACON& Tower with Radar,0,6,21,0,27,0,8,57,0,65,0,14,78,0,92,22,0,22,114
10/16/2022,HUF,IN,AGL,CE,Combined TRACON& Tower with Radar,0,0,8,0,8,0,7,24,2,33,0,7,32,2,41,6,0,6,47
10/17/2022,HUF,IN,AGL,CE,Combined TRACON& Tower with Radar,0,3,12,2,17,0,2,55,0,57,0,5,67,2,74,106,10,116,190
10/18/2022,HUF,IN,AGL,CE,Combined TRACON& Tower with Radar,0,3,29,0,32,0,6,53,1,60,0,9,82,1,92,83,0,83,175
10/19/2022,HUF,IN,AGL,CE,Combined TRACON& Tower with Radar,0,2,38,0,40,0,36,114,0,150,0,38,152,0,190,161,0,161,351
10/20/2022,HUF,IN,AGL,CE,Combined TRACON& Tower with Radar,0,0,27,2,29,0,19,83,4,106,0,19,110,6,135,208,0,208,343
10/21/2022,HUF,IN,AGL,CE,Combined TRACON& Tower with Radar,0,0,21,1,22,0,35,58,3,96,0,35,79,4,118,186,2,188,306
10/22/2022,HUF,IN,AGL,CE,Combined TRACON& Tower with Radar,0,0,17,3,20,0,6,21,7,34,0,6,38,10,54,80,6,86,140
10/23/2022,HUF,IN,AGL,CE,Combined TRACON& Tower with Radar,0,2,13,2,17,0,2,23,0,25,0,4,36,2,42,34,0,34,76
10/24/2022,HUF,IN,AGL,CE,Combined TRACON& Tower with Radar,0,0,15,0,15,0,6,62,0,68,0,6,77,0,83,137,0,137,220
10/25/2022,HUF,IN,AGL,CE,Combined TRACON& Tower with Radar,0,2,13,10,25,0,1,3,0,4,0,3,16,10,29,41,8,49,78
10/26/2022,HUF,IN,AGL,CE,Combined TRACON& Tower with Radar,0,2,20,0,22,0,11,36,1,48,0,13,56,1,70,66,0,66,136
10/27/2022,HUF,IN,AGL,CE,Combined TRACON& Tower with Radar,0,0,35,2,37,0,21,101,0,122,0,21,136,2,159,170,0,170,329
10/28/2022,HUF,IN,AGL,CE,Combined TRACON& Tower with Radar,2,0,33,0,35,0,34,80,0,114,2,34,113,0,149,256,0,256,405
10/29/2022,HUF,IN,AGL,CE,Combined TRACON& Tower with Radar,1,0,27,0,28,0,17,84,0,101,1,17,111,0,129,198,0,198,327
10/30/2022,HUF,IN,AGL,CE,Combined TRACON& Tower with Radar,1,2,13,0,16,0,1,4,0,5,1,3,17,0,21,0,0,0,21
10/31/2022,HUF,IN,AGL,CE,Combined TRACON& Tower with Radar,0,6,34,0,40,0,1,1,0,2,0,7,35,0,42,20,0,20,62
11/01/2022,HUF,IN,AGL,CE,Combined TRACON& Tower with Radar,0,4,23,0,27,0,29,64,0,93,0,33,87,0,120,220,0,220,340
11/02/2022,HUF,IN,AGL,CE,Combined TRACON& Tower with Radar,0,1,31,4,36,0,29,99,0,128,0,30,130,4,164,243,0,243,407
11/03/2022,HUF,IN,AGL,CE,Combined TRACON& Tower with Radar,0,4,28,0,32,0,42,124,0,166,0,46,152,0,198,273,0,273,471
11/04/2022,HUF,IN,AGL,CE,Combined TRACON& Tower with Radar,1,0,20,4,25,0,10,43,1,54,1,10,63,5,79,96,2,98,177
11/05/2022,HUF,IN,AGL,CE,Combined TRACON& Tower with Radar,1,0,4,3,8,0,0,1,1,2,1,0,5,4,10,0,0,0,10
11/06/2022,HUF,IN,AGL,CE,Combined TRACON& Tower with Radar,0,2,29,0,31,0,13,65,0,78,0,15,94,0,109,86,0,86,195
11/07/2022,HUF,IN,AGL,CE,Combined TRACON& Tower with Radar,0,1,34,0,35,0,1,84,0,85,0,2,118,0,120,182,0,182,302
11/08/2022,HUF,IN,AGL,CE,Combined TRACON& Tower with Radar,0,4,40,0,44,0,13,121,0,134,0,17,161,0,178,249,0,249,427
11/09/2022,HUF,IN,AGL,CE,Combined TRACON& Tower with Radar,0,2,37,2,41,0,18,158,1,177,0,20,195,3,218,360,0,360,578
11/10/2022,HUF,IN,AGL,CE,Combined TRACON& Tower with Radar,0,6,44,0,50,0,37,74,0,111,0,43,118,0,161,140,0,140,301
11/11/2022,HUF,IN,AGL,CE,Combined TRACON& Tower with Radar,0,0,28,2,30,0,1,36,1,38,0,1,64,3,68,122,0,122,190
11/12/2022,HUF,IN,AGL,CE,Combined TRACON& Tower with Radar,0,0,1,0,1,0,1,0,0,1,0,1,1,0,2,14,0,14,16
11/13/2022,HUF,IN,AGL,CE,Combined TRACON& Tower with Radar,0,0,20,0,20,0,16,60,0,76,0,16,80,0,96,218,0,218,314
11/14/2022,HUF,IN,AGL,CE,Combined TRACON& Tower with Radar,0,8,27,0,35,0,4,106,0,110,0,12,133,0,145,280,0,280,425
11/15/2022,HUF,IN,AGL,CE,Combined TRACON& Tower with Radar,0,1,4,0,5,0,0,0,0,0,0,1,4,0,5,0,0,0,5
11/16/2022,HUF,IN,AGL,CE,Combined TRACON& Tower with Radar,0,3,7,0,10,0,9,6,0,15,0,12,13,0,25,38,0,38,63
11/17/2022,HUF,IN,AGL,CE,Combined TRACON& Tower with Radar,0,0,30,0,30,0,19,38,0,57,0,19,68,0,87,228,0,228,315
11/18/2022,HUF,IN,AGL,CE,Combined TRACON& Tower with Radar,0,0,23,2,25,0,6,52,0,58,0,6,75,2,83,132,0,132,215
11/19/2022,HUF,IN,AGL,CE,Combined TRACON& Tower with Radar,0,4,7,0,11,0,9,17,0,26,0,13,24,0,37,46,0,46,83
11/20/2022,HUF,IN,AGL,CE,Combined TRACON& Tower with Radar,0,2,13,0,15,0,3,58,0,61,0,5,71,0,76,154,0,154,230
11/21/2022,HUF,IN,AGL,CE,Combined TRACON& Tower with Radar,0,0,26,0,26,0,5,66,4,75,0,5,92,4,101,44,0,44,145
11/22/2022,HUF,IN,AGL,CE,Combined TRACON& Tower with Radar,0,0,36,0,36,0,7,90,0,97,0,7,126,0,133,152,0,152,285
11/23/2022,HUF,IN,AGL,CE,Combined TRACON& Tower with Radar,0,0,14,2,16,0,4,54,0,58,0,4,68,2,74,174,0,174,248
11/24/2022,HUF,IN,AGL,CE,Combined TRACON& Tower with Radar,0,0,6,0,6,0,0,7,0,7,0,0,13,0,13,0,0,0,13
11/25/2022,HUF,IN,AGL,CE,Combined TRACON& Tower with Radar,0,2,6,0,8,0,0,4,0,4,0,2,10,0,12,0,0,0,12
11/26/2022,HUF,IN,AGL,CE,Combined TRACON& Tower with Radar,0,0,9,0,9,0,1,13,0,14,0,1,22,0,23,0,0,0,23
11/27/2022,HUF,IN,AGL,CE,Combined TRACON& Tower with Radar,0,0,7,0,7,0,0,0,0,0,0,0,7,0,7,0,0,0,7
11/28/2022,HUF,IN,AGL,CE,Combined TRACON& Tower with Radar,0,0,19,0,19,0,2,28,0,30,0,2,47,0,49,172,0,172,221
11/29/2022,HUF,IN,AGL,CE,Combined TRACON& Tower with Radar,0,1,15,0,16,0,0,34,0,34,0,1,49,0,50,72,0,72,122
11/30/2022,HUF,IN,AGL,CE,Combined TRACON& Tower with Radar,0,1,27,2,30,0,12,45,0,57,0,13,72,2,87,157,0,157,244
12/01/2022,HUF,IN,AGL,CE,Combined TRACON& Tower with Radar,0,0,31,0,31,0,23,102,0,125,0,23,133,0,156,252,0,252,408
12/02/2022,HUF,IN,AGL,CE,Combined TRACON& Tower with Radar,0,1,7,0,8,0,4,11,1,16,0,5,18,1,24,30,0,30,54
12/03/2022,HUF,IN,AGL,CE,Combined TRACON& Tower with Radar,0,7,10,4,21,0,7,33,2,42,0,14,43,6,63,74,0,74,137
12/04/2022,HUF,IN,AGL,CE,Combined TRACON& Tower with Radar,0,2,19,0,21,0,14,70,0,84,0,16,89,0,105,160,0,160,265
12/05/2022,HUF,IN,AGL,CE,Combined TRACON& Tower with Radar,0,2,32,0,34,0,3,64,0,67,0,5,96,0,101,286,0,286,387
12/06/2022,HUF,IN,AGL,CE,Combined TRACON& Tower with Radar,0,0,17,0,17,0,0,2,0,2,0,0,19,0,19,10,0,10,29
12/07/2022,HUF,IN,AGL,CE,Combined TRACON& Tower with Radar,0,0,52,4,56,0,4,5,0,9,0,4,57,4,65,54,0,54,119
12/08/2022,HUF,IN,AGL,CE,Combined TRACON& Tower with Radar,0,3,16,0,19,0,0,4,0,4,0,3,20,0,23,28,0,28,51
12/09/2022,HUF,IN,AGL,CE,Combined TRACON& Tower with Radar,0,2,8,0,10,0,0,0,0,0,0,2,8,0,10,0,0,0,10
12/10/2022,HUF,IN,AGL,CE,Combined TRACON& Tower with Radar,0,0,7,0,7,0,0,0,0,0,0,0,7,0,7,0,0,0,7
12/11/2022,HUF,IN,AGL,CE,Combined TRACON& Tower with Radar,0,0,8,0,8,0,0,5,0,5,0,0,13,0,13,110,0,110,123
12/12/2022,HUF,IN,AGL,CE,Combined TRACON& Tower with Radar,0,3,27,2,32,0,5,94,0,99,0,8,121,2,131,266,0,266,397
12/13/2022,HUF,IN,AGL,CE,Combined TRACON& Tower with Radar,0,17,36,2,55,0,2,116,2,120,0,19,152,4,175,214,0,214,389
12/14/2022,HUF,IN,AGL,CE,Combined TRACON& Tower with Radar,0,2,9,0,11,0,0,0,0,0,0,2,9,0,11,0,0,0,11
12/15/2022,HUF,IN,AGL,CE,Combined TRACON& Tower with Radar,0,0,26,2,28,0,2,75,0,77,0,2,101,2,105,216,6,222,327
12/16/2022,HUF,IN,AGL,CE,Combined TRACON& Tower with Radar,0,0,22,0,22,0,3,48,0,51,0,3,70,0,73,84,0,84,157
12/17/2022,HUF,IN,AGL,CE,Combined TRACON& Tower with Radar,0,0,4,0,4,0,3,22,0,25,0,3,26,0,29,76,0,76,105
12/18/2022,HUF,IN,AGL,CE,Combined TRACON& Tower with Radar,0,5,15,0,20,0,7,58,0,65,0,12,73,0,85,140,0,140,225
12/19/2022,HUF,IN,AGL,CE,Combined TRACON& Tower with Radar,0,9,17,0,26,0,6,85,0,91,0,15,102,0,117,228,0,228,345
12/20/2022,HUF,IN,AGL,CE,Combined TRACON& Tower with Radar,6,2,22,0,30,0,13,94,0,107,6,15,116,0,137,150,0,150,287
12/21/2022,HUF,IN,AGL,CE,Combined TRACON& Tower with Radar,0,0,24,2,26,0,7,49,0,56,0,7,73,2,82,194,0,194,276
12/22/2022,HUF,IN,AGL,CE,Combined TRACON& Tower with Radar,0,0,3,0,3,0,0,0,0,0,0,0,3,0,3,0,0,0,3
12/23/2022,HUF,IN,AGL,CE,Combined TRACON& Tower with Radar,0,1,0,0,1,0,0,0,0,0,0,1,0,0,1,0,0,0,1
12/24/2022,HUF,IN,AGL,CE,Combined TRACON& Tower with Radar,0,1,0,0,1,0,3,0,0,3,0,4,0,0,4,0,0,0,4
12/25/2022,HUF,IN,AGL,CE,Combined TRACON& Tower with Radar,0,0,2,0,2,0,1,0,0,1,0,1,2,0,3,0,0,0,3
12/26/2022,HUF,IN,AGL,CE,Combined TRACON& Tower with Radar,0,2,4,0,6,0,0,0,0,0,0,2,4,0,6,0,0,0,6
12/27/2022,HUF,IN,AGL,CE,Combined TRACON& Tower with Radar,0,0,10,0,10,0,0,0,0,0,0,0,10,0,10,0,0,0,10
12/28/2022,HUF,IN,AGL,CE,Combined TRACON& Tower with Radar,0,0,2,0,2,0,3,14,0,17,0,3,16,0,19,12,0,12,31
12/29/2022,HUF,IN,AGL,CE,Combined TRACON& Tower with Radar,0,0,5,1,6,0,0,2,0,2,0,0,7,1,8,10,0,10,18
12/30/2022,HUF,IN,AGL,CE,Combined TRACON& Tower with Radar,0,2,7,0,9,0,0,1,0,1,0,2,8,0,10,0,0,0,10
12/31/2022,HUF,IN,AGL,CE,Combined TRACON& Tower with Radar,0,1,2,0,3,0,2,9,0,11,0,3,11,0,14,18,0,18,32
01/01/2023,HUF,IN,AGL,CE,Combined TRACON& Tower with Radar,0,0,2,0,2,0,0,0,0,0,0,0,2,0,2,0,0,0,2
01/02/2023,HUF,IN,AGL,CE,Combined TRACON& Tower with Radar,0,2,2,0,4,0,0,0,0,0,0,2,2,0,4,0,0,0,4
01/03/2023,HUF,IN,AGL,CE,Combined TRACON& Tower with Radar,0,2,21,0,23,0,2,2,0,4,0,4,23,0,27,25,0,25,52
01/04/2023,HUF,IN,AGL,CE,Combined TRACON& Tower with Radar,0,0,27,0,27,0,3,74,0,77,0,3,101,0,104,181,0,181,285
01/05/2023,HUF,IN,AGL,CE,Combined TRACON& Tower with Radar,0,0,10,0,10,0,2,39,0,41,0,2,49,0,51,96,0,96,147
01/06/2023,HUF,IN,AGL,CE,Combined TRACON& Tower with Radar,0,0,17,0,17,0,14,32,0,46,0,14,49,0,63,108,0,108,171
01/07/2023,HUF,IN,AGL,CE,Combined TRACON& Tower with Radar,0,0,17,0,17,0,26,89,0,115,0,26,106,0,132,166,0,166,298
01/08/2023,HUF,IN,AGL,CE,Combined TRACON& Tower with Radar,0,0,9,0,9,0,4,13,0,17,0,4,22,0,26,116,0,116,142
01/09/2023,HUF,IN,AGL,CE,Combined TRACON& Tower with Radar,0,0,15,0,15,0,4,63,0,67,0,4,78,0,82,76,0,76,158
01/10/2023,HUF,IN,AGL,CE,Combined TRACON& Tower with Radar,0,2,25,0,27,0,8,105,1,114,0,10,130,1,141,208,0,208,349
01/11/2023,HUF,IN,AGL,CE,Combined TRACON& Tower with Radar,0,0,10,0,10,0,0,0,0,0,0,0,10,0,10,0,0,0,10
01/12/2023,HUF,IN,AGL,CE,Combined TRACON& Tower with Radar,0,0,4,0,4,0,0,0,0,0,0,0,4,0,4,0,0,0,4
01/13/2023,HUF,IN,AGL,CE,Combined TRACON& Tower with Radar,0,2,10,0,12,0,5,8,0,13,0,7,18,0,25,52,0,52,77
01/14/2023,HUF,IN,AGL,CE,Combined TRACON& Tower with Radar,0,2,12,0,14,0,26,43,0,69,0,28,55,0,83,342,0,342,425
01/15/2023,HUF,IN,AGL,CE,Combined TRACON& Tower with Radar,0,3,20,0,23,0,3,75,0,78,0,6,95,0,101,114,0,114,215
01/16/2023,HUF,IN,AGL,CE,Combined TRACON& Tower with Radar,0,0,2,0,2,0,0,2,0,2,0,0,4,0,4,0,0,0,4
01/17/2023,HUF,IN,AGL,CE,Combined TRACON& Tower with Radar,0,0,52,3,55,0,4,77,0,81,0,4,129,3,136,174,0,174,310
01/18/2023,HUF,IN,AGL,CE,Combined TRACON& Tower with Radar,1,1,7,2,11,0,0,1,0,1,1,1,8,2,12,0,0,0,12
01/19/2023,HUF,IN,AGL,CE,Combined TRACON& Tower with Radar,2,2,10,0,14,0,0,4,0,4,2,2,14,0,18,8,0,8,26
01/20/2023,HUF,IN,AGL,CE,Combined TRACON& Tower with Radar,2,3,10,2,17,1,5,18,0,24,3,8,28,2,41,204,0,204,245
01/21/2023,HUF,IN,AGL,CE,Combined TRACON& Tower with Radar,1,0,2,0,3,0,2,3,0,5,1,2,5,0,8,64,0,64,72
01/22/2023,HUF,IN,AGL,CE,Combined TRACON& Tower with Radar,0,0,1,0,1,0,0,0,0,0,0,0,1,0,1,0,0,0,1
01/23/2023,HUF,IN,AGL,CE,Combined TRACON& Tower with Radar,2,2,14,0,18,0,3,49,0,52,2,5,63,0,70,309,0,309,379
01/24/2023,HUF,IN,AGL,CE,Combined TRACON& Tower with Radar,2,6,43,0,51,0,8,140,0,148,2,14,183,0,199,266,0,266,465
01/25/2023,HUF,IN,AGL,CE,Combined TRACON& Tower with Radar,6,0,1,0,7,0,0,0,0,0,6,0,1,0,7,0,0,0,7
01/26/2023,HUF,IN,AGL,CE,Combined TRACON& Tower with Radar,1,7,15,0,23,0,1,1,0,2,1,8,16,0,25,38,0,38,63
01/27/2023,HUF,IN,AGL,CE,Combined TRACON& Tower with Radar,1,2,21,0,24,0,11,46,0,57,1,13,67,0,81,84,0,84,165
01/28/2023,HUF,IN,AGL,CE,Combined TRACON& Tower with Radar,0,3,18,1,22,0,15,82,1,98,0,18,100,2,120,164,0,164,284
01/29/2023,HUF,IN,AGL,CE,Combined TRACON& Tower with Radar,0,0,0,0,0,0,0,0,0,0,0,0,0,0,0,0,0,0,0
01/30/2023,HUF,IN,AGL,CE,Combined TRACON& Tower with Radar,0,0,3,0,3,0,1,0,0,1,0,1,3,0,4,0,0,0,4
01/31/2023,HUF,IN,AGL,CE,Combined TRACON& Tower with Radar,0,1,30,4,35,0,26,116,1,143,0,27,146,5,178,202,0,202,380
02/01/2023,HUF,IN,AGL,CE,Combined TRACON& Tower with Radar,0,0,35,0,35,0,31,107,0,138,0,31,142,0,173,268,0,268,441
02/02/2023,HUF,IN,AGL,CE,Combined TRACON& Tower with Radar,0,0,37,0,37,0,20,135,0,155,0,20,172,0,192,284,0,284,476
02/03/2023,HUF,IN,AGL,CE,Combined TRACON& Tower with Radar,0,6,26,0,32,0,22,75,0,97,0,28,101,0,129,234,0,234,363
02/04/2023,HUF,IN,AGL,CE,Combined TRACON& Tower with Radar,0,2,8,0,10,0,6,14,0,20,0,8,22,0,30,40,0,40,70
02/05/2023,HUF,IN,AGL,CE,Combined TRACON& Tower with Radar,0,0,5,0,5,0,1,43,0,44,0,1,48,0,49,40,0,40,89
02/06/2023,HUF,IN,AGL,CE,Combined TRACON& Tower with Radar,0,4,21,0,25,0,2,88,1,91,0,6,109,1,116,244,0,244,360
02/07/2023,HUF,IN,AGL,CE,Combined TRACON& Tower with Radar,0,2,27,0,29,0,14,51,2,67,0,16,78,2,96,258,0,258,354
02/08/2023,HUF,IN,AGL,CE,Combined TRACON& Tower with Radar,0,0,29,0,29,0,9,56,0,65,0,9,85,0,94,162,0,162,256
02/09/2023,HUF,IN,AGL,CE,Combined TRACON& Tower with Radar,0,0,2,0,2,0,0,0,0,0,0,0,2,0,2,0,0,0,2
02/10/2023,HUF,IN,AGL,CE,Combined TRACON& Tower with Radar,0,0,5,2,7,0,0,26,0,26,0,0,31,2,33,118,0,118,151
02/11/2023,HUF,IN,AGL,CE,Combined TRACON& Tower with Radar,0,1,27,0,28,0,6,109,0,115,0,7,136,0,143,98,0,98,241
02/12/2023,HUF,IN,AGL,CE,Combined TRACON& Tower with Radar,0,4,25,0,29,0,1,112,0,113,0,5,137,0,142,155,0,155,297
02/13/2023,HUF,IN,AGL,CE,Combined TRACON& Tower with Radar,0,2,32,0,34,0,0,94,0,94,0,2,126,0,128,230,0,230,358
02/14/2023,HUF,IN,AGL,CE,Combined TRACON& Tower with Radar,0,0,27,0,27,0,6,33,2,41,0,6,60,2,68,140,0,140,208
02/15/2023,HUF,IN,AGL,CE,Combined TRACON& Tower with Radar,0,0,33,18,51,0,13,68,0,81,0,13,101,18,132,210,0,210,342
02/16/2023,HUF,IN,AGL,CE,Combined TRACON& Tower with Radar,0,0,4,0,4,0,0,0,0,0,0,0,4,0,4,0,0,0,4
02/17/2023,HUF,IN,AGL,CE,Combined TRACON& Tower with Radar,0,0,3,0,3,0,6,32,0,38,0,6,35,0,41,142,0,142,183
02/18/2023,HUF,IN,AGL,CE,Combined TRACON& Tower with Radar,0,0,16,0,16,0,19,84,0,103,0,19,100,0,119,124,0,124,243
02/19/2023,HUF,IN,AGL,CE,Combined TRACON& Tower with Radar,0,0,9,0,9,0,1,30,0,31,0,1,39,0,40,14,0,14,54
02/20/2023,HUF,IN,AGL,CE,Combined TRACON& Tower with Radar,0,8,30,0,38,0,4,113,0,117,0,12,143,0,155,168,0,168,323
02/21/2023,HUF,IN,AGL,CE,Combined TRACON& Tower with Radar,0,9,37,0,46,0,33,84,0,117,0,42,121,0,163,188,0,188,351
02/22/2023,HUF,IN,AGL,CE,Combined TRACON& Tower with Radar,0,0,7,0,7,0,0,2,0,2,0,0,9,0,9,6,0,6,15
02/23/2023,HUF,IN,AGL,CE,Combined TRACON& Tower with Radar,0,0,16,0,16,0,5,30,0,35,0,5,46,0,51,72,0,72,123
02/24/2023,HUF,IN,AGL,CE,Combined TRACON& Tower with Radar,0,6,23,0,29,0,15,105,0,120,0,21,128,0,149,272,0,272,421
02/25/2023,HUF,IN,AGL,CE,Combined TRACON& Tower with Radar,0,4,22,1,27,0,2,75,1,78,0,6,97,2,105,212,0,212,317
02/26/2023,HUF,IN,AGL,CE,Combined TRACON& Tower with Radar,0,4,16,0,20,0,7,80,1,88,0,11,96,1,108,186,0,186,294
02/27/2023,HUF,IN,AGL,CE,Combined TRACON& Tower with Radar,0,0,10,0,10,0,0,0,0,0,0,0,10,0,10,0,0,0,10
02/28/2023,HUF,IN,AGL,CE,Combined TRACON& Tower with Radar,0,7,25,2,34,0,10,75,0,85,0,17,100,2,119,184,0,184,303
03/01/2023,HUF,IN,AGL,CE,Combined TRACON& Tower with Radar,0,3,31,2,36,0,6,167,0,173,0,9,198,2,209,306,0,306,515
03/02/2023,HUF,IN,AGL,CE,Combined TRACON& Tower with Radar,0,6,42,0,48,0,7,141,0,148,0,13,183,0,196,273,0,273,469
03/03/2023,HUF,IN,AGL,CE,Combined TRACON& Tower with Radar,0,0,0,0,0,0,0,0,0,0,0,0,0,0,0,0,0,0,0
03/04/2023,HUF,IN,AGL,CE,Combined TRACON& Tower with Radar,0,2,15,0,17,0,9,63,0,72,0,11,78,0,89,144,0,144,233
03/05/2023,HUF,IN,AGL,CE,Combined TRACON& Tower with Radar,0,0,20,0,20,0,8,79,0,87,0,8,99,0,107,84,0,84,191
03/06/2023,HUF,IN,AGL,CE,Combined TRACON& Tower with Radar,0,0,19,0,19,0,1,75,0,76,0,1,94,0,95,91,0,91,186
03/07/2023,HUF,IN,AGL,CE,Combined TRACON& Tower with Radar,0,4,18,5,27,0,10,64,1,75,0,14,82,6,102,276,0,276,378
03/08/2023,HUF,IN,AGL,CE,Combined TRACON& Tower with Radar,0,4,17,2,23,0,6,73,0,79,0,10,90,2,102,96,0,96,198
03/09/2023,HUF,IN,AGL,CE,Combined TRACON& Tower with Radar,0,0,22,7,29,0,6,63,1,70,0,6,85,8,99,84,10,94,193
03/10/2023,HUF,IN,AGL,CE,Combined TRACON& Tower with Radar,0,2,7,0,9,0,3,0,0,3,0,5,7,0,12,0,0,0,12
03/11/2023,HUF,IN,AGL,CE,Combined TRACON& Tower with Radar,0,0,6,0,6,0,1,45,0,46,0,1,51,0,52,118,0,118,170
03/12/2023,HUF,IN,AGL,CE,Combined TRACON& Tower with Radar,0,0,0,0,0,0,0,0,0,0,0,0,0,0,0,0,0,0,0
03/13/2023,HUF,IN,AGL,CE,Combined TRACON& Tower with Radar,0,0,8,0,8,0,2,8,0,10,0,2,16,0,18,86,0,86,104
03/14/2023,HUF,IN,AGL,CE,Combined TRACON& Tower with Radar,0,0,36,4,40,0,6,110,2,118,0,6,146,6,158,234,7,241,399
03/15/2023,HUF,IN,AGL,CE,Combined TRACON& Tower with Radar,0,3,41,8,52,0,2,153,0,155,0,5,194,8,207,269,8,277,484
03/16/2023,HUF,IN,AGL,CE,Combined TRACON& Tower with Radar,0,1,16,0,17,0,2,31,1,34,0,3,47,1,51,78,0,78,129
03/17/2023,HUF,IN,AGL,CE,Combined TRACON& Tower with Radar,0,0,8,0,8,0,0,2,0,2,0,0,10,0,10,0,0,0,10
03/18/2023,HUF,IN,AGL,CE,Combined TRACON& Tower with Radar,0,0,3,0,3,0,1,1,0,2,0,1,4,0,5,0,0,0,5
03/19/2023,HUF,IN,AGL,CE,Combined TRACON& Tower with Radar,0,2,27,0,29,0,7,86,0,93,0,9,113,0,122,88,0,88,210
03/20/2023,HUF,IN,AGL,CE,Combined TRACON& Tower with Radar,0,4,45,2,51,0,7,112,5,124,0,11,157,7,175,255,0,255,430
03/21/2023,HUF,IN,AGL,CE,Combined TRACON& Tower with Radar,0,0,21,6,27,0,6,86,0,92,0,6,107,6,119,139,4,143,262
03/22/2023,HUF,IN,AGL,CE,Combined TRACON& Tower with Radar,0,12,12,0,24,0,0,0,0,0,0,12,12,0,24,32,0,32,56
03/23/2023,HUF,IN,AGL,CE,Combined TRACON& Tower with Radar,0,9,6,0,15,0,0,0,0,0,0,9,6,0,15,0,0,0,15
03/24/2023,HUF,IN,AGL,CE,Combined TRACON& Tower with Radar,0,6,4,0,10,0,0,0,0,0,0,6,4,0,10,0,0,0,10
03/25/2023,HUF,IN,AGL,CE,Combined TRACON& Tower with Radar,0,0,10,0,10,0,0,2,0,2,0,0,12,0,12,0,0,0,12
03/26/2023,HUF,IN,AGL,CE,Combined TRACON& Tower with Radar,0,0,25,0,25,0,0,92,0,92,0,0,117,0,117,220,0,220,337
03/27/2023,HUF,IN,AGL,CE,Combined TRACON& Tower with Radar,0,0,13,0,13,0,4,8,0,12,0,4,21,0,25,44,0,44,69
03/28/2023,HUF,IN,AGL,CE,Combined TRACON& Tower with Radar,0,2,37,6,45,0,6,113,0,119,0,8,150,6,164,276,0,276,440
03/29/2023,HUF,IN,AGL,CE,Combined TRACON& Tower with Radar,0,2,36,0,38,0,4,113,0,117,0,6,149,0,155,296,0,296,451
03/30/2023,HUF,IN,AGL,CE,Combined TRACON& Tower with Radar,0,3,40,0,43,0,1,117,1,119,0,4,157,1,162,230,6,236,398
03/31/2023,HUF,IN,AGL,CE,Combined TRACON& Tower with Radar,0,0,0,0,0,0,1,2,0,3,0,1,2,0,3,12,0,12,15
04/01/2023,HUF,IN,AGL,CE,Combined TRACON& Tower with Radar,0,0,4,0,4,0,0,3,0,3,0,0,7,0,7,1,0,1,8
04/02/2023,HUF,IN,AGL,CE,Combined TRACON& Tower with Radar,0,5,25,0,30,0,12,119,0,131,0,17,144,0,161,117,0,117,278
04/03/2023,HUF,IN,AGL,CE,Combined TRACON& Tower with Radar,0,6,34,8,48,0,1,89,0,90,0,7,123,8,138,198,0,198,336
04/04/2023,HUF,IN,AGL,CE,Combined TRACON& Tower with Radar,0,0,10,0,10,0,0,2,0,2,0,0,12,0,12,2,0,2,14
04/05/2023,HUF,IN,AGL,CE,Combined TRACON& Tower with Radar,0,0,3,0,3,0,0,1,0,1,0,0,4,0,4,0,0,0,4
04/06/2023,HUF,IN,AGL,CE,Combined TRACON& Tower with Radar,0,3,43,1,47,0,1,131,2,134,0,4,174,3,181,233,0,233,414
04/07/2023,HUF,IN,AGL,CE,Combined TRACON& Tower with Radar,0,6,25,0,31,0,4,103,0,107,0,10,128,0,138,154,0,154,292
04/08/2023,HUF,IN,AGL,CE,Combined TRACON& Tower with Radar,0,2,13,2,17,0,8,72,0,80,0,10,85,2,97,66,0,66,163
04/09/2023,HUF,IN,AGL,CE,Combined TRACON& Tower with Radar,0,4,4,0,8,0,0,14,0,14,0,4,18,0,22,2,0,2,24
04/10/2023,HUF,IN,AGL,CE,Combined TRACON& Tower with Radar,0,2,27,6,35,0,6,121,0,127,0,8,148,6,162,180,0,180,342
04/11/2023,HUF,IN,AGL,CE,Combined TRACON& Tower with Radar,0,0,34,0,34,0,5,126,0,131,0,5,160,0,165,198,0,198,363
04/12/2023,HUF,IN,AGL,CE,Combined TRACON& Tower with Radar,0,3,36,0,39,0,4,118,0,122,0,7,154,0,161,168,0,168,329
04/13/2023,HUF,IN,AGL,CE,Combined TRACON& Tower with Radar,0,2,44,0,46,0,1,131,1,133,0,3,175,1,179,214,0,214,393
04/14/2023,HUF,IN,AGL,CE,Combined TRACON& Tower with Radar,0,0,38,4,42,0,1,106,0,107,0,1,144,4,149,227,0,227,376
04/15/2023,HUF,IN,AGL,CE,Combined TRACON& Tower with Radar,0,0,28,1,29,0,1,74,1,76,0,1,102,2,105,60,0,60,165
04/16/2023,HUF,IN,AGL,CE,Combined TRACON& Tower with Radar,0,0,6,0,6,0,0,0,0,0,0,0,6,0,6,0,0,0,6
04/17/2023,HUF,IN,AGL,CE,Combined TRACON& Tower with Radar,0,2,3,0,5,0,1,8,0,9,0,3,11,0,14,10,0,10,24
04/18/2023,HUF,IN,AGL,CE,Combined TRACON& Tower with Radar,0,3,30,8,41,0,7,124,0,131,0,10,154,8,172,282,0,282,454
04/19/2023,HUF,IN,AGL,CE,Combined TRACON& Tower with Radar,0,1,28,0,29,0,1,91,0,92,0,2,119,0,121,136,0,136,257
04/20/2023,HUF,IN,AGL,CE,Combined TRACON& Tower with Radar,0,0,13,2,15,0,5,11,0,16,0,5,24,2,31,10,0,10,41
04/21/2023,HUF,IN,AGL,CE,Combined TRACON& Tower with Radar,0,4,17,0,21,0,8,62,0,70,0,12,79,0,91,130,4,134,225
04/22/2023,HUF,IN,AGL,CE,Combined TRACON& Tower with Radar,0,4,9,0,13,0,4,40,1,45,0,8,49,1,58,58,0,58,116
04/23/2023,HUF,IN,AGL,CE,Combined TRACON& Tower with Radar,0,4,11,0,15,0,4,41,1,46,0,8,52,1,61,76,0,76,137
04/24/2023,HUF,IN,AGL,CE,Combined TRACON& Tower with Radar,0,2,28,0,30,0,6,119,3,128,0,8,147,3,158,195,0,195,353
04/25/2023,HUF,IN,AGL,CE,Combined TRACON& Tower with Radar,0,4,22,0,26,0,6,66,0,72,0,10,88,0,98,268,0,268,366
04/26/2023,HUF,IN,AGL,CE,Combined TRACON& Tower with Radar,0,12,41,1,54,0,10,130,3,143,0,22,171,4,197,220,0,220,417
04/27/2023,HUF,IN,AGL,CE,Combined TRACON& Tower with Radar,0,0,17,5,22,0,6,85,4,95,0,6,102,9,117,198,6,204,321
04/28/2023,HUF,IN,AGL,CE,Combined TRACON& Tower with Radar,0,4,37,0,41,0,0,14,0,14,0,4,51,0,55,30,0,30,85
04/29/2023,HUF,IN,AGL,CE,Combined TRACON& Tower with Radar,0,1,15,0,16,0,8,62,0,70,0,9,77,0,86,80,0,80,166
04/30/2023,HUF,IN,AGL,CE,Combined TRACON& Tower with Radar,0,0,10,0,10,0,0,7,1,8,0,0,17,1,18,0,0,0,18
05/01/2023,HUF,IN,AGL,CE,Combined TRACON& Tower with Radar,0,0,8,0,8,0,2,4,0,6,0,2,12,0,14,26,0,26,40
05/02/2023,HUF,IN,AGL,CE,Combined TRACON& Tower with Radar,0,2,41,2,45,0,3,57,2,62,0,5,98,4,107,64,12,76,183
05/03/2023,HUF,IN,AGL,CE,Combined TRACON& Tower with Radar,0,1,37,8,46,0,3,130,0,133,0,4,167,8,179,238,10,248,427
05/04/2023,HUF,IN,AGL,CE,Combined TRACON& Tower with Radar,0,4,30,10,44,0,8,142,1,151,0,12,172,11,195,330,0,330,525
05/05/2023,HUF,IN,AGL,CE,Combined TRACON& Tower with Radar,0,5,35,4,44,0,13,101,0,114,0,18,136,4,158,157,2,159,317
05/06/2023,HUF,IN,AGL,CE,Combined TRACON& Tower with Radar,0,2,5,0,7,0,4,39,0,43,0,6,44,0,50,76,0,76,126
05/07/2023,HUF,IN,AGL,CE,Combined TRACON& Tower with Radar,0,2,7,0,9,0,0,8,0,8,0,2,15,0,17,36,0,36,53
05/08/2023,HUF,IN,AGL,CE,Combined TRACON& Tower with Radar,0,2,11,0,13,0,0,11,0,11,0,2,22,0,24,68,0,68,92
05/09/2023,HUF,IN,AGL,CE,Combined TRACON& Tower with Radar,0,4,29,0,33,0,8,85,0,93,0,12,114,0,126,198,0,198,324
05/10/2023,HUF,IN,AGL,CE,Combined TRACON& Tower with Radar,0,1,34,0,35,0,16,124,6,146,0,17,158,6,181,242,0,242,423
05/11/2023,HUF,IN,AGL,CE,Combined TRACON& Tower with Radar,0,4,28,0,32,0,12,92,0,104,0,16,120,0,136,250,0,250,386
05/12/2023,HUF,IN,AGL,CE,Combined TRACON& Tower with Radar,0,4,32,0,36,0,1,14,0,15,0,5,46,0,51,83,0,83,134
05/13/2023,HUF,IN,AGL,CE,Combined TRACON& Tower with Radar,0,4,10,0,14,0,0,3,0,3,0,4,13,0,17,26,0,26,43
05/14/2023,HUF,IN,AGL,CE,Combined TRACON& Tower with Radar,0,0,7,0,7,0,6,22,0,28,0,6,29,0,35,58,0,58,93
05/15/2023,HUF,IN,AGL,CE,Combined TRACON& Tower with Radar,0,1,37,6,44,0,2,94,0,96,0,3,131,6,140,228,2,230,370
05/16/2023,HUF,IN,AGL,CE,Combined TRACON& Tower with Radar,0,0,47,0,47,0,16,34,0,50,0,16,81,0,97,104,0,104,201
05/17/2023,HUF,IN,AGL,CE,Combined TRACON& Tower with Radar,0,0,43,2,45,0,14,133,2,149,0,14,176,4,194,216,6,222,416
05/18/2023,HUF,IN,AGL,CE,Combined TRACON& Tower with Radar,0,4,28,0,32,0,18,110,0,128,0,22,138,0,160,215,0,215,375
05/19/2023,HUF,IN,AGL,CE,Combined TRACON& Tower with Radar,0,8,31,0,39,0,12,70,3,85,0,20,101,3,124,156,8,164,288
05/20/2023,HUF,IN,AGL,CE,Combined TRACON& Tower with Radar,0,3,9,0,12,0,6,58,4,68,0,9,67,4,80,72,0,72,152
05/21/2023,HUF,IN,AGL,CE,Combined TRACON& Tower with Radar,0,2,19,0,21,0,5,43,0,48,0,7,62,0,69,66,0,66,135
05/22/2023,HUF,IN,AGL,CE,Combined TRACON& Tower with Radar,0,2,20,4,26,0,0,96,0,96,0,2,116,4,122,194,0,194,316
05/23/2023,HUF,IN,AGL,CE,Combined TRACON& Tower with Radar,0,0,24,2,26,0,11,97,0,108,0,11,121,2,134,161,0,161,295
05/24/2023,HUF,IN,AGL,CE,Combined TRACON& Tower with Radar,0,0,39,0,39,0,8,97,0,105,0,8,136,0,144,210,0,210,354
05/25/2023,HUF,IN,AGL,CE,Combined TRACON& Tower with Radar,0,4,31,4,39,0,13,91,9,113,0,17,122,13,152,126,10,136,288
05/26/2023,HUF,IN,AGL,CE,Combined TRACON& Tower with Radar,0,1,19,0,20,0,15,105,0,120,0,16,124,0,140,170,0,170,310
05/27/2023,HUF,IN,AGL,CE,Combined TRACON& Tower with Radar,0,2,18,1,21,0,4,43,2,49,0,6,61,3,70,64,0,64,134
05/28/2023,HUF,IN,AGL,CE,Combined TRACON& Tower with Radar,0,4,9,0,13,0,7,21,0,28,0,11,30,0,41,44,0,44,85
05/29/2023,HUF,IN,AGL,CE,Combined TRACON& Tower with Radar,0,0,12,2,14,0,3,49,1,53,0,3,61,3,67,84,0,84,151
05/30/2023,HUF,IN,AGL,CE,Combined TRACON& Tower with Radar,0,2,29,1,32,0,9,76,0,85,0,11,105,1,117,218,0,218,335
05/31/2023,HUF,IN,AGL,CE,Combined TRACON& Tower with Radar,2,1,38,0,41,0,2,82,0,84,2,3,120,0,125,188,0,188,313
06/01/2023,HUF,IN,AGL,CE,Combined TRACON& Tower with Radar,0,10,58,0,68,0,15,132,0,147,0,25,190,0,215,146,0,146,361
06/02/2023,HUF,IN,AGL,CE,Combined TRACON& Tower with Radar,0,2,37,0,39,0,12,91,4,107,0,14,128,4,146,174,0,174,320
06/03/2023,HUF,IN,AGL,CE,Combined TRACON& Tower with Radar,0,2,10,0,12,0,5,64,0,69,0,7,74,0,81,116,0,116,197
06/04/2023,HUF,IN,AGL,CE,Combined TRACON& Tower with Radar,2,2,12,4,20,0,2,50,0,52,2,4,62,4,72,32,0,32,104
06/05/2023,HUF,IN,AGL,CE,Combined TRACON& Tower with Radar,0,2,35,0,37,0,5,84,0,89,0,7,119,0,126,82,0,82,208
06/06/2023,HUF,IN,AGL,CE,Combined TRACON& Tower with Radar,0,4,37,1,42,0,12,105,0,117,0,16,142,1,159,166,0,166,325
06/07/2023,HUF,IN,AGL,CE,Combined TRACON& Tower with Radar,1,0,29,0,30,0,5,56,0,61,1,5,85,0,91,172,0,172,263
06/08/2023,HUF,IN,AGL,CE,Combined TRACON& Tower with Radar,0,10,44,0,54,0,10,113,0,123,0,20,157,0,177,190,0,190,367
06/09/2023,HUF,IN,AGL,CE,Combined TRACON& Tower with Radar,0,0,35,0,35,0,19,111,1,131,0,19,146,1,166,222,6,228,394
06/10/2023,HUF,IN,AGL,CE,Combined TRACON& Tower with Radar,0,2,16,6,24,0,5,118,0,123,0,7,134,6,147,126,0,126,273
06/11/2023,HUF,IN,AGL,CE,Combined TRACON& Tower with Radar,2,0,4,0,6,0,2,0,0,2,2,2,4,0,8,0,0,0,8
06/12/2023,HUF,IN,AGL,CE,Combined TRACON& Tower with Radar,0,2,32,0,34,0,0,40,0,40,0,2,72,0,74,136,0,136,210
06/13/2023,HUF,IN,AGL,CE,Combined TRACON& Tower with Radar,0,3,9,0,12,0,5,61,0,66,0,8,70,0,78,86,0,86,164
06/14/2023,HUF,IN,AGL,CE,Combined TRACON& Tower with Radar,8,2,32,0,42,0,11,69,0,80,8,13,101,0,122,150,0,150,272
06/15/2023,HUF,IN,AGL,CE,Combined TRACON& Tower with Radar,0,1,42,2,45,0,14,93,0,107,0,15,135,2,152,148,0,148,300
06/16/2023,HUF,IN,AGL,CE,Combined TRACON& Tower with Radar,0,6,26,0,32,0,13,77,0,90,0,19,103,0,122,286,0,286,408
06/17/2023,HUF,IN,AGL,CE,Combined TRACON& Tower with Radar,0,0,9,0,9,0,10,72,0,82,0,10,81,0,91,96,0,96,187
06/18/2023,HUF,IN,AGL,CE,Combined TRACON& Tower with Radar,0,1,12,0,13,0,5,55,0,60,0,6,67,0,73,58,0,58,131
06/19/2023,HUF,IN,AGL,CE,Combined TRACON& Tower with Radar,0,2,11,0,13,0,2,30,0,32,0,4,41,0,45,86,0,86,131
06/20/2023,HUF,IN,AGL,CE,Combined TRACON& Tower with Radar,0,6,29,2,37,0,4,91,0,95,0,10,120,2,132,170,0,170,302
06/21/2023,HUF,IN,AGL,CE,Combined TRACON& Tower with Radar,0,0,18,8,26,0,1,49,1,51,0,1,67,9,77,64,8,72,149
06/22/2023,HUF,IN,AGL,CE,Combined TRACON& Tower with Radar,0,6,36,4,46,0,1,88,0,89,0,7,124,4,135,132,8,140,275
06/23/2023,HUF,IN,AGL,CE,Combined TRACON& Tower with Radar,0,2,38,16,56,0,10,93,0,103,0,12,131,16,159,137,16,153,312
06/24/2023,HUF,IN,AGL,CE,Combined TRACON& Tower with Radar,0,5,12,0,17,0,5,75,0,80,0,10,87,0,97,108,0,108,205
06/25/2023,HUF,IN,AGL,CE,Combined TRACON& Tower with Radar,0,0,4,0,4,0,3,8,0,11,0,3,12,0,15,0,0,0,15
06/26/2023,HUF,IN,AGL,CE,Combined TRACON& Tower with Radar,0,7,24,0,31,0,5,19,0,24,0,12,43,0,55,124,0,124,179
06/27/2023,HUF,IN,AGL,CE,Combined TRACON& Tower with Radar,0,8,43,12,63,0,0,21,0,21,0,8,64,12,84,229,0,229,313
06/28/2023,HUF,IN,AGL,CE,Combined TRACON& Tower with Radar,0,2,33,10,45,0,0,2,0,2,0,2,35,10,47,0,0,0,47
06/29/2023,HUF,IN,AGL,CE,Combined TRACON& Tower with Radar,0,0,3,0,3,0,0,0,0,0,0,0,3,0,3,0,0,0,3
06/30/2023,HUF,IN,AGL,CE,Combined TRACON& Tower with Radar,0,5,19,0,24,0,3,9,3,15,0,8,28,3,39,6,0,6,45
07/01/2023,HUF,IN,AGL,CE,Combined TRACON& Tower with Radar,0,0,4,2,6,0,2,2,0,4,0,2,6,2,10,6,0,6,16
07/02/2023,HUF,IN,AGL,CE,Combined TRACON& Tower with Radar,0,0,2,0,2,0,0,1,0,1,0,0,3,0,3,0,0,0,3
07/03/2023,HUF,IN,AGL,CE,Combined TRACON& Tower with Radar,0,9,8,0,17,0,2,28,0,30,0,11,36,0,47,28,0,28,75
07/04/2023,HUF,IN,AGL,CE,Combined TRACON& Tower with Radar,0,0,5,0,5,0,5,22,0,27,0,5,27,0,32,8,0,8,40
07/05/2023,HUF,IN,AGL,CE,Combined TRACON& Tower with Radar,0,0,26,0,26,0,7,68,0,75,0,7,94,0,101,153,0,153,254
07/06/2023,HUF,IN,AGL,CE,Combined TRACON& Tower with Radar,0,3,30,0,33,0,5,45,0,50,0,8,75,0,83,215,0,215,298
07/07/2023,HUF,IN,AGL,CE,Combined TRACON& Tower with Radar,0,8,32,0,40,0,5,152,2,159,0,13,184,2,199,204,0,204,403
07/08/2023,HUF,IN,AGL,CE,Combined TRACON& Tower with Radar,0,0,5,0,5,0,2,2,0,4,0,2,7,0,9,0,0,0,9
07/09/2023,HUF,IN,AGL,CE,Combined TRACON& Tower with Radar,0,0,13,0,13,0,5,84,0,89,0,5,97,0,102,119,0,119,221
07/10/2023,HUF,IN,AGL,CE,Combined TRACON& Tower with Radar,0,6,32,0,38,0,0,122,0,122,0,6,154,0,160,236,0,236,396
07/11/2023,HUF,IN,AGL,CE,Combined TRACON& Tower with Radar,0,5,24,2,31,0,4,108,0,112,0,9,132,2,143,188,0,188,331
07/12/2023,HUF,IN,AGL,CE,Combined TRACON& Tower with Radar,0,2,35,0,37,0,4,93,0,97,0,6,128,0,134,186,0,186,320
07/13/2023,HUF,IN,AGL,CE,Combined TRACON& Tower with Radar,0,4,43,0,47,0,2,92,0,94,0,6,135,0,141,216,0,216,357
07/14/2023,HUF,IN,AGL,CE,Combined TRACON& Tower with Radar,0,4,25,2,31,1,3,81,0,85,1,7,106,2,116,206,6,212,328
07/15/2023,HUF,IN,AGL,CE,Combined TRACON& Tower with Radar,0,0,8,0,8,0,2,19,0,21,0,2,27,0,29,66,0,66,95
07/16/2023,HUF,IN,AGL,CE,Combined TRACON& Tower with Radar,0,2,5,0,7,0,3,42,0,45,0,5,47,0,52,72,0,72,124
07/17/2023,HUF,IN,AGL,CE,Combined TRACON& Tower with Radar,0,5,33,0,38,0,0,33,0,33,0,5,66,0,71,64,0,64,135
07/18/2023,HUF,IN,AGL,CE,Combined TRACON& Tower with Radar,0,8,46,0,54,0,6,92,0,98,0,14,138,0,152,312,0,312,464
07/19/2023,HUF,IN,AGL,CE,Combined TRACON& Tower with Radar,0,5,43,2,50,0,5,95,0,100,0,10,138,2,150,310,0,310,460
07/20/2023,HUF,IN,AGL,CE,Combined TRACON& Tower with Radar,0,2,34,0,36,0,0,22,2,24,0,2,56,2,60,56,0,56,116
07/21/2023,HUF,IN,AGL,CE,Combined TRACON& Tower with Radar,0,9,15,1,25,0,4,83,0,87,0,13,98,1,112,108,0,108,220
07/22/2023,HUF,IN,AGL,CE,Combined TRACON& Tower with Radar,0,2,21,0,23,0,6,75,0,81,0,8,96,0,104,82,0,82,186
07/23/2023,HUF,IN,AGL,CE,Combined TRACON& Tower with Radar,0,2,13,0,15,0,6,60,1,67,0,8,73,1,82,56,0,56,138
07/24/2023,HUF,IN,AGL,CE,Combined TRACON& Tower with Radar,0,2,38,0,40,0,3,59,0,62,0,5,97,0,102,178,0,178,280
07/25/2023,HUF,IN,AGL,CE,Combined TRACON& Tower with Radar,0,4,27,2,33,0,4,84,0,88,0,8,111,2,121,82,0,82,203
07/26/2023,HUF,IN,AGL,CE,Combined TRACON& Tower with Radar,0,4,17,0,21,0,6,31,0,37,0,10,48,0,58,72,0,72,130
07/27/2023,HUF,IN,AGL,CE,Combined TRACON& Tower with Radar,0,4,20,2,26,0,4,86,0,90,0,8,106,2,116,156,0,156,272
07/28/2023,HUF,IN,AGL,CE,Combined TRACON& Tower with Radar,0,2,20,4,26,0,1,43,0,44,0,3,63,4,70,66,12,78,148
07/29/2023,HUF,IN,AGL,CE,Combined TRACON& Tower with Radar,0,5,9,0,14,0,0,41,1,42,0,5,50,1,56,32,0,32,88
07/30/2023,HUF,IN,AGL,CE,Combined TRACON& Tower with Radar,0,0,12,0,12,0,3,71,0,74,0,3,83,0,86,80,0,80,166
07/31/2023,HUF,IN,AGL,CE,Combined TRACON& Tower with Radar,0,3,21,2,26,0,5,73,0,78,0,8,94,2,104,136,0,136,240
08/01/2023,HUF,IN,AGL,CE,Combined TRACON& Tower with Radar,0,0,29,0,29,0,4,96,0,100,0,4,125,0,129,208,0,208,337
08/02/2023,HUF,IN,AGL,CE,Combined TRACON& Tower with Radar,0,0,25,0,25,0,5,81,0,86,0,5,106,0,111,116,0,116,227
08/03/2023,HUF,IN,AGL,CE,Combined TRACON& Tower with Radar,0,4,31,0,35,0,4,50,5,59,0,8,81,5,94,106,0,106,200
08/04/2023,HUF,IN,AGL,CE,Combined TRACON& Tower with Radar,0,6,28,0,34,0,7,59,2,68,0,13,87,2,102,64,0,64,166
08/05/2023,HUF,IN,AGL,CE,Combined TRACON& Tower with Radar,0,4,8,0,12,0,3,33,9,45,0,7,41,9,57,2,0,2,59
08/06/2023,HUF,IN,AGL,CE,Combined TRACON& Tower with Radar,0,2,18,1,21,0,7,44,1,52,0,9,62,2,73,28,0,28,101
08/07/2023,HUF,IN,AGL,CE,Combined TRACON& Tower with Radar,0,2,12,0,14,0,0,24,0,24,0,2,36,0,38,44,0,44,82
08/08/2023,HUF,IN,AGL,CE,Combined TRACON& Tower with Radar,0,3,15,0,18,0,6,78,1,85,0,9,93,1,103,180,0,180,283
08/09/2023,HUF,IN,AGL,CE,Combined TRACON& Tower with Radar,0,2,6,2,10,0,0,21,0,21,0,2,27,2,31,46,0,46,77
08/10/2023,HUF,IN,AGL,CE,Combined TRACON& Tower with Radar,0,4,33,0,37,0,0,51,0,51,0,4,84,0,88,32,0,32,120
08/11/2023,HUF,IN,AGL,CE,Combined TRACON& Tower with Radar,0,0,22,4,26,0,5,62,1,68,0,5,84,5,94,162,0,162,256
08/12/2023,HUF,IN,AGL,CE,Combined TRACON& Tower with Radar,0,0,13,0,13,0,1,40,0,41,0,1,53,0,54,24,0,24,78
08/13/2023,HUF,IN,AGL,CE,Combined TRACON& Tower with Radar,0,0,8,0,8,0,0,43,0,43,0,0,51,0,51,58,0,58,109
08/14/2023,HUF,IN,AGL,CE,Combined TRACON& Tower with Radar,0,2,16,6,24,0,3,18,0,21,0,5,34,6,45,50,0,50,95
08/15/2023,HUF,IN,AGL,CE,Combined TRACON& Tower with Radar,0,6,50,0,56,0,0,41,0,41,0,6,91,0,97,150,0,150,247
08/16/2023,HUF,IN,AGL,CE,Combined TRACON& Tower with Radar,0,6,13,3,22,0,5,70,2,77,0,11,83,5,99,90,0,90,189
08/17/2023,HUF,IN,AGL,CE,Combined TRACON& Tower with Radar,0,2,27,0,29,0,2,80,0,82,0,4,107,0,111,84,0,84,195
08/18/2023,HUF,IN,AGL,CE,Combined TRACON& Tower with Radar,0,5,43,2,50,0,2,89,0,91,0,7,132,2,141,180,0,180,321
08/19/2023,HUF,IN,AGL,CE,Combined TRACON& Tower with Radar,0,5,15,0,20,0,0,61,0,61,0,5,76,0,81,52,0,52,133
08/20/2023,HUF,IN,AGL,CE,Combined TRACON& Tower with Radar,0,0,9,0,9,0,2,48,1,51,0,2,57,1,60,48,0,48,108
08/21/2023,HUF,IN,AGL,CE,Combined TRACON& Tower with Radar,0,1,12,2,15,0,3,44,0,47,0,4,56,2,62,88,0,88,150
08/22/2023,HUF,IN,AGL,CE,Combined TRACON& Tower with Radar,0,1,36,2,39,0,1,51,0,52,0,2,87,2,91,68,0,68,159
08/23/2023,HUF,IN,AGL,CE,Combined TRACON& Tower with Radar,0,1,17,0,18,0,4,44,0,48,0,5,61,0,66,78,0,78,144
08/24/2023,HUF,IN,AGL,CE,Combined TRACON& Tower with Radar,0,3,23,1,27,0,4,35,0,39,0,7,58,1,66,102,2,104,170
08/25/2023,HUF,IN,AGL,CE,Combined TRACON& Tower with Radar,0,2,30,3,35,0,5,53,0,58,0,7,83,3,93,28,0,28,121
08/26/2023,HUF,IN,AGL,CE,Combined TRACON& Tower with Radar,0,0,23,0,23,0,0,20,0,20,0,0,43,0,43,30,0,30,73
08/27/2023,HUF,IN,AGL,CE,Combined TRACON& Tower with Radar,0,3,24,5,32,0,6,24,0,30,0,9,48,5,62,86,0,86,148
08/28/2023,HUF,IN,AGL,CE,Combined TRACON& Tower with Radar,0,5,25,0,30,0,2,96,0,98,0,7,121,0,128,126,0,126,254
08/29/2023,HUF,IN,AGL,CE,Combined TRACON& Tower with Radar,0,0,45,0,45,0,6,102,0,108,0,6,147,0,153,124,0,124,277
08/30/2023,HUF,IN,AGL,CE,Combined TRACON& Tower with Radar,0,2,47,5,54,0,4,85,2,91,0,6,132,7,145,70,0,70,215
08/31/2023,HUF,IN,AGL,CE,Combined TRACON& Tower with Radar,0,3,25,10,38,0,5,85,4,94,0,8,110,14,132,124,6,130,262
01/01/2020,HUF,IN,AGL,CE,Combined TRACON& Tower with Radar,0,0,8,0,8,0,0,13,0,13,0,0,21,0,21,14,0,14,35
01/02/2020,HUF,IN,AGL,CE,Combined TRACON& Tower with Radar,0,3,2,0,5,0,0,1,0,1,0,3,3,0,6,0,0,0,6
01/03/2020,HUF,IN,AGL,CE,Combined TRACON& Tower with Radar,0,6,4,0,10,0,0,0,0,0,0,6,4,0,10,0,0,0,10
01/04/2020,HUF,IN,AGL,CE,Combined TRACON& Tower with Radar,0,2,5,0,7,0,0,0,0,0,0,2,5,0,7,0,0,0,7
01/05/2020,HUF,IN,AGL,CE,Combined TRACON& Tower with Radar,0,1,12,0,13,0,1,12,0,13,0,2,24,0,26,6,0,6,32
01/06/2020,HUF,IN,AGL,CE,Combined TRACON& Tower with Radar,0,1,20,0,21,0,3,63,0,66,0,4,83,0,87,84,0,84,171
01/07/2020,HUF,IN,AGL,CE,Combined TRACON& Tower with Radar,0,5,17,1,23,0,2,74,0,76,0,7,91,1,99,110,0,110,209
01/08/2020,HUF,IN,AGL,CE,Combined TRACON& Tower with Radar,0,6,19,3,28,0,6,83,0,89,0,12,102,3,117,88,0,88,205
01/09/2020,HUF,IN,AGL,CE,Combined TRACON& Tower with Radar,0,0,5,1,6,0,0,11,0,11,0,0,16,1,17,4,0,4,21
01/10/2020,HUF,IN,AGL,CE,Combined TRACON& Tower with Radar,0,6,2,0,8,0,0,0,0,0,0,6,2,0,8,0,0,0,8
01/11/2020,HUF,IN,AGL,CE,Combined TRACON& Tower with Radar,0,0,2,0,2,0,0,0,0,0,0,0,2,0,2,0,0,0,2
01/12/2020,HUF,IN,AGL,CE,Combined TRACON& Tower with Radar,0,0,7,0,7,0,0,3,0,3,0,0,10,0,10,4,0,4,14
01/13/2020,HUF,IN,AGL,CE,Combined TRACON& Tower with Radar,0,7,26,0,33,0,2,12,0,14,0,9,38,0,47,49,0,49,96
01/14/2020,HUF,IN,AGL,CE,Combined TRACON& Tower with Radar,0,3,25,0,28,0,0,40,0,40,0,3,65,0,68,62,0,62,130
01/15/2020,HUF,IN,AGL,CE,Combined TRACON& Tower with Radar,0,0,3,0,3,0,0,0,0,0,0,0,3,0,3,0,0,0,3
01/16/2020,HUF,IN,AGL,CE,Combined TRACON& Tower with Radar,0,3,40,2,45,0,3,97,2,102,0,6,137,4,147,94,0,94,241
01/17/2020,HUF,IN,AGL,CE,Combined TRACON& Tower with Radar,0,1,18,0,19,0,6,65,0,71,0,7,83,0,90,73,0,73,163
01/18/2020,HUF,IN,AGL,CE,Combined TRACON& Tower with Radar,0,2,1,0,3,0,0,0,0,0,0,2,1,0,3,0,0,0,3
01/19/2020,HUF,IN,AGL,CE,Combined TRACON& Tower with Radar,0,0,3,0,3,0,1,2,0,3,0,1,5,0,6,40,0,40,46
01/20/2020,HUF,IN,AGL,CE,Combined TRACON& Tower with Radar,0,0,11,0,11,0,3,27,0,30,0,3,38,0,41,48,0,48,89
01/21/2020,HUF,IN,AGL,CE,Combined TRACON& Tower with Radar,0,0,27,0,27,0,1,57,0,58,0,1,84,0,85,89,0,89,174
01/22/2020,HUF,IN,AGL,CE,Combined TRACON& Tower with Radar,0,5,58,8,71,0,11,134,0,145,0,16,192,8,216,176,0,176,392
01/23/2020,HUF,IN,AGL,CE,Combined TRACON& Tower with Radar,0,2,29,0,31,0,0,27,0,27,0,2,56,0,58,99,0,99,157
01/24/2020,HUF,IN,AGL,CE,Combined TRACON& Tower with Radar,0,2,8,0,10,0,0,0,0,0,0,2,8,0,10,0,0,0,10
01/25/2020,HUF,IN,AGL,CE,Combined TRACON& Tower with Radar,0,0,0,0,0,0,0,0,0,0,0,0,0,0,0,0,0,0,0
01/26/2020,HUF,IN,AGL,CE,Combined TRACON& Tower with Radar,0,1,15,0,16,0,4,26,0,30,0,5,41,0,46,72,0,72,118
01/27/2020,HUF,IN,AGL,CE,Combined TRACON& Tower with Radar,0,0,5,0,5,0,0,0,0,0,0,0,5,0,5,0,0,0,5
01/28/2020,HUF,IN,AGL,CE,Combined TRACON& Tower with Radar,0,1,6,0,7,0,0,2,0,2,0,1,8,0,9,18,0,18,27
01/29/2020,HUF,IN,AGL,CE,Combined TRACON& Tower with Radar,0,1,4,0,5,0,1,9,0,10,0,2,13,0,15,34,0,34,49
01/30/2020,HUF,IN,AGL,CE,Combined TRACON& Tower with Radar,0,1,57,0,58,0,3,86,0,89,0,4,143,0,147,202,0,202,349
01/31/2020,HUF,IN,AGL,CE,Combined TRACON& Tower with Radar,0,2,2,0,4,0,0,4,0,4,0,2,6,0,8,10,0,10,18
02/01/2020,HUF,IN,AGL,CE,Combined TRACON& Tower with Radar,0,2,7,0,9,0,2,7,0,9,0,4,14,0,18,75,0,75,93
02/02/2020,HUF,IN,AGL,CE,Combined TRACON& Tower with Radar,0,4,17,2,23,0,1,65,0,66,0,5,82,2,89,76,0,76,165
02/03/2020,HUF,IN,AGL,CE,Combined TRACON& Tower with Radar,0,2,23,0,25,0,8,103,0,111,0,10,126,0,136,104,0,104,240
02/04/2020,HUF,IN,AGL,CE,Combined TRACON& Tower with Radar,0,0,11,0,11,0,0,0,0,0,0,0,11,0,11,0,0,0,11
02/05/2020,HUF,IN,AGL,CE,Combined TRACON& Tower with Radar,0,0,19,0,19,0,0,29,0,29,0,0,48,0,48,54,0,54,102
02/06/2020,HUF,IN,AGL,CE,Combined TRACON& Tower with Radar,0,0,0,0,0,0,0,0,0,0,0,0,0,0,0,0,0,0,0
02/07/2020,HUF,IN,AGL,CE,Combined TRACON& Tower with Radar,0,0,19,6,25,0,3,62,0,65,0,3,81,6,90,201,8,209,299
02/08/2020,HUF,IN,AGL,CE,Combined TRACON& Tower with Radar,0,0,2,0,2,0,0,0,0,0,0,0,2,0,2,0,0,0,2
02/09/2020,HUF,IN,AGL,CE,Combined TRACON& Tower with Radar,0,0,2,0,2,0,0,4,0,4,0,0,6,0,6,2,0,2,8
02/10/2020,HUF,IN,AGL,CE,Combined TRACON& Tower with Radar,0,0,0,0,0,0,0,0,0,0,0,0,0,0,0,0,0,0,0
02/11/2020,HUF,IN,AGL,CE,Combined TRACON& Tower with Radar,0,2,59,0,61,0,8,118,0,126,0,10,177,0,187,204,0,204,391
02/12/2020,HUF,IN,AGL,CE,Combined TRACON& Tower with Radar,0,2,23,0,25,0,3,41,0,44,0,5,64,0,69,70,0,70,139
02/13/2020,HUF,IN,AGL,CE,Combined TRACON& Tower with Radar,0,0,0,0,0,0,0,0,0,0,0,0,0,0,0,0,0,0,0
02/14/2020,HUF,IN,AGL,CE,Combined TRACON& Tower with Radar,0,6,59,0,65,0,2,148,0,150,0,8,207,0,215,122,0,122,337
02/15/2020,HUF,IN,AGL,CE,Combined TRACON& Tower with Radar,0,2,6,1,9,0,0,35,0,35,0,2,41,1,44,31,0,31,75
02/16/2020,HUF,IN,AGL,CE,Combined TRACON& Tower with Radar,0,2,25,0,27,0,3,85,0,88,0,5,110,0,115,72,0,72,187
02/17/2020,HUF,IN,AGL,CE,Combined TRACON& Tower with Radar,0,0,51,0,51,0,0,46,0,46,0,0,97,0,97,72,0,72,169
02/18/2020,HUF,IN,AGL,CE,Combined TRACON& Tower with Radar,0,2,22,0,24,0,2,29,0,31,0,4,51,0,55,102,0,102,157
02/19/2020,HUF,IN,AGL,CE,Combined TRACON& Tower with Radar,0,3,53,0,56,0,19,134,0,153,0,22,187,0,209,134,0,134,343
02/20/2020,HUF,IN,AGL,CE,Combined TRACON& Tower with Radar,0,3,42,0,45,0,4,106,0,110,0,7,148,0,155,104,0,104,259
02/21/2020,HUF,IN,AGL,CE,Combined TRACON& Tower with Radar,0,5,62,0,67,0,4,136,0,140,0,9,198,0,207,182,0,182,389
02/22/2020,HUF,IN,AGL,CE,Combined TRACON& Tower with Radar,0,0,26,0,26,0,2,77,0,79,0,2,103,0,105,79,0,79,184
02/23/2020,HUF,IN,AGL,CE,Combined TRACON& Tower with Radar,0,0,30,0,30,0,9,82,0,91,0,9,112,0,121,64,0,64,185
02/24/2020,HUF,IN,AGL,CE,Combined TRACON& Tower with Radar,0,0,4,0,4,0,0,0,0,0,0,0,4,0,4,0,0,0,4
02/25/2020,HUF,IN,AGL,CE,Combined TRACON& Tower with Radar,0,0,4,6,10,0,0,0,0,0,0,0,4,6,10,0,0,0,10
02/26/2020,HUF,IN,AGL,CE,Combined TRACON& Tower with Radar,0,0,1,0,1,0,0,0,0,0,0,0,1,0,1,0,0,0,1
02/27/2020,HUF,IN,AGL,CE,Combined TRACON& Tower with Radar,0,1,55,0,56,0,2,114,0,116,0,3,169,0,172,76,0,76,248
02/28/2020,HUF,IN,AGL,CE,Combined TRACON& Tower with Radar,0,2,32,0,34,0,2,64,0,66,0,4,96,0,100,74,0,74,174
02/29/2020,HUF,IN,AGL,CE,Combined TRACON& Tower with Radar,0,0,26,0,26,0,7,101,0,108,0,7,127,0,134,163,0,163,297
03/01/2020,HUF,IN,AGL,CE,Combined TRACON& Tower with Radar,0,0,16,0,16,0,3,33,0,36,0,3,49,0,52,20,0,20,72
03/02/2020,HUF,IN,AGL,CE,Combined TRACON& Tower with Radar,0,20,14,0,34,0,0,0,0,0,0,20,14,0,34,0,0,0,34
03/03/2020,HUF,IN,AGL,CE,Combined TRACON& Tower with Radar,0,0,35,0,35,0,3,76,0,79,0,3,111,0,114,102,0,102,216
03/04/2020,HUF,IN,AGL,CE,Combined TRACON& Tower with Radar,0,1,23,0,24,0,6,74,0,80,0,7,97,0,104,128,0,128,232
03/05/2020,HUF,IN,AGL,CE,Combined TRACON& Tower with Radar,0,5,32,0,37,0,5,96,0,101,0,10,128,0,138,175,0,175,313
03/06/2020,HUF,IN,AGL,CE,Combined TRACON& Tower with Radar,0,0,15,0,15,0,1,39,0,40,0,1,54,0,55,63,0,63,118
03/07/2020,HUF,IN,AGL,CE,Combined TRACON& Tower with Radar,0,0,18,0,18,0,6,93,2,101,0,6,111,2,119,150,0,150,269
03/08/2020,HUF,IN,AGL,CE,Combined TRACON& Tower with Radar,0,0,11,0,11,0,1,47,0,48,0,1,58,0,59,64,0,64,123
03/09/2020,HUF,IN,AGL,CE,Combined TRACON& Tower with Radar,0,4,7,0,11,0,1,8,0,9,0,5,15,0,20,6,0,6,26
03/10/2020,HUF,IN,AGL,CE,Combined TRACON& Tower with Radar,0,0,34,0,34,0,0,0,0,0,0,0,34,0,34,0,0,0,34
03/11/2020,HUF,IN,AGL,CE,Combined TRACON& Tower with Radar,0,5,39,0,44,0,0,2,0,2,0,5,41,0,46,4,0,4,50
03/12/2020,HUF,IN,AGL,CE,Combined TRACON& Tower with Radar,0,5,26,2,33,0,0,2,0,2,0,5,28,2,35,18,0,18,53
03/13/2020,HUF,IN,AGL,CE,Combined TRACON& Tower with Radar,0,2,30,0,32,0,4,96,0,100,0,6,126,0,132,166,0,166,298
03/14/2020,HUF,IN,AGL,CE,Combined TRACON& Tower with Radar,0,1,3,1,5,0,1,2,1,4,0,2,5,2,9,32,0,32,41
03/15/2020,HUF,IN,AGL,CE,Combined TRACON& Tower with Radar,0,0,6,0,6,0,2,27,0,29,0,2,33,0,35,78,0,78,113
03/16/2020,HUF,IN,AGL,CE,Combined TRACON& Tower with Radar,0,0,24,0,24,0,1,54,0,55,0,1,78,0,79,252,0,252,331
03/17/2020,HUF,IN,AGL,CE,Combined TRACON& Tower with Radar,0,1,37,2,40,0,1,83,0,84,0,2,120,2,124,178,0,178,302
03/18/2020,HUF,IN,AGL,CE,Combined TRACON& Tower with Radar,0,4,9,0,13,0,4,19,0,23,0,8,28,0,36,18,0,18,54
03/19/2020,HUF,IN,AGL,CE,Combined TRACON& Tower with Radar,0,0,4,0,4,0,0,0,0,0,0,0,4,0,4,0,0,0,4
03/20/2020,HUF,IN,AGL,CE,Combined TRACON& Tower with Radar,0,3,9,0,12,0,0,4,0,4,0,3,13,0,16,23,0,23,39
03/21/2020,HUF,IN,AGL,CE,Combined TRACON& Tower with Radar,0,0,21,0,21,0,7,53,0,60,0,7,74,0,81,60,0,60,141
03/22/2020,HUF,IN,AGL,CE,Combined TRACON& Tower with Radar,0,0,5,0,5,0,0,26,0,26,0,0,31,0,31,2,0,2,33
03/23/2020,HUF,IN,AGL,CE,Combined TRACON& Tower with Radar,0,0,0,0,0,0,0,1,0,1,0,0,1,0,1,6,0,6,7
03/24/2020,HUF,IN,AGL,CE,Combined TRACON& Tower with Radar,0,5,13,0,18,0,2,17,0,19,0,7,30,0,37,66,0,66,103
03/25/2020,HUF,IN,AGL,CE,Combined TRACON& Tower with Radar,0,0,6,0,6,0,0,21,0,21,0,0,27,0,27,52,0,52,79
03/26/2020,HUF,IN,AGL,CE,Combined TRACON& Tower with Radar,0,0,8,0,8,0,0,17,0,17,0,0,25,0,25,18,0,18,43
03/27/2020,HUF,IN,AGL,CE,Combined TRACON& Tower with Radar,0,0,2,3,5,0,0,9,0,9,0,0,11,3,14,46,0,46,60
03/28/2020,HUF,IN,AGL,CE,Combined TRACON& Tower with Radar,0,0,6,0,6,0,1,14,0,15,0,1,20,0,21,0,0,0,21
03/29/2020,HUF,IN,AGL,CE,Combined TRACON& Tower with Radar,0,0,1,0,1,0,0,10,0,10,0,0,11,0,11,0,0,0,11
03/30/2020,HUF,IN,AGL,CE,Combined TRACON& Tower with Radar,0,0,10,0,10,0,2,29,0,31,0,2,39,0,41,16,0,16,57
03/31/2020,HUF,IN,AGL,CE,Combined TRACON& Tower with Radar,0,4,7,1,12,0,0,27,0,27,0,4,34,1,39,4,0,4,43
04/01/2020,HUF,IN,AGL,CE,Combined TRACON& Tower with Radar,0,0,6,0,6,0,0,11,0,11,0,0,17,0,17,0,0,0,17
04/02/2020,HUF,IN,AGL,CE,Combined TRACON& Tower with Radar,0,1,9,0,10,0,0,37,0,37,0,1,46,0,47,2,0,2,49
04/03/2020,HUF,IN,AGL,CE,Combined TRACON& Tower with Radar,0,1,8,0,9,0,1,16,0,17,0,2,24,0,26,32,0,32,58
04/04/2020,HUF,IN,AGL,CE,Combined TRACON& Tower with Radar,0,0,7,0,7,0,0,3,0,3,0,0,10,0,10,13,0,13,23
04/05/2020,HUF,IN,AGL,CE,Combined TRACON& Tower with Radar,0,1,13,0,14,0,1,9,0,10,0,2,22,0,24,8,0,8,32
04/06/2020,HUF,IN,AGL,CE,Combined TRACON& Tower with Radar,0,0,3,0,3,0,0,2,0,2,0,0,5,0,5,36,0,36,41
04/07/2020,HUF,IN,AGL,CE,Combined TRACON& Tower with Radar,0,0,1,0,1,0,0,4,0,4,0,0,5,0,5,2,0,2,7
04/08/2020,HUF,IN,AGL,CE,Combined TRACON& Tower with Radar,0,0,1,0,1,0,0,12,0,12,0,0,13,0,13,26,0,26,39
04/09/2020,HUF,IN,AGL,CE,Combined TRACON& Tower with Radar,0,0,1,0,1,0,0,1,0,1,0,0,2,0,2,0,0,0,2
04/10/2020,HUF,IN,AGL,CE,Combined TRACON& Tower with Radar,0,0,9,0,9,0,0,7,0,7,0,0,16,0,16,6,0,6,22
04/11/2020,HUF,IN,AGL,CE,Combined TRACON& Tower with Radar,0,0,3,0,3,0,2,8,0,10,0,2,11,0,13,2,0,2,15
04/12/2020,HUF,IN,AGL,CE,Combined TRACON& Tower with Radar,0,0,0,0,0,0,0,2,0,2,0,0,2,0,2,6,0,6,8
04/13/2020,HUF,IN,AGL,CE,Combined TRACON& Tower with Radar,0,0,5,0,5,0,2,0,0,2,0,2,5,0,7,0,0,0,7
04/14/2020,HUF,IN,AGL,CE,Combined TRACON& Tower with Radar,0,0,12,0,12,0,0,12,0,12,0,0,24,0,24,0,0,0,24
04/15/2020,HUF,IN,AGL,CE,Combined TRACON& Tower with Radar,0,0,2,0,2,0,0,6,0,6,0,0,8,0,8,7,0,7,15
04/16/2020,HUF,IN,AGL,CE,Combined TRACON& Tower with Radar,0,0,3,0,3,0,0,13,0,13,0,0,16,0,16,14,0,14,30
04/17/2020,HUF,IN,AGL,CE,Combined TRACON& Tower with Radar,0,0,9,0,9,0,0,0,0,0,0,0,9,0,9,0,0,0,9
04/18/2020,HUF,IN,AGL,CE,Combined TRACON& Tower with Radar,0,0,7,0,7,0,1,44,0,45,0,1,51,0,52,28,0,28,80
04/19/2020,HUF,IN,AGL,CE,Combined TRACON& Tower with Radar,0,0,5,0,5,0,0,13,0,13,0,0,18,0,18,20,0,20,38
04/20/2020,HUF,IN,AGL,CE,Combined TRACON& Tower with Radar,0,0,5,0,5,0,1,42,0,43,0,1,47,0,48,64,0,64,112
04/21/2020,HUF,IN,AGL,CE,Combined TRACON& Tower with Radar,0,1,4,0,5,0,0,7,0,7,0,1,11,0,12,4,0,4,16
04/22/2020,HUF,IN,AGL,CE,Combined TRACON& Tower with Radar,0,0,5,2,7,0,2,17,0,19,0,2,22,2,26,18,0,18,44
04/23/2020,HUF,IN,AGL,CE,Combined TRACON& Tower with Radar,0,0,6,2,8,0,0,0,0,0,0,0,6,2,8,0,0,0,8
04/24/2020,HUF,IN,AGL,CE,Combined TRACON& Tower with Radar,0,0,2,0,2,0,1,18,0,19,0,1,20,0,21,63,0,63,84
04/25/2020,HUF,IN,AGL,CE,Combined TRACON& Tower with Radar,0,0,8,0,8,0,0,6,0,6,0,0,14,0,14,16,0,16,30
04/26/2020,HUF,IN,AGL,CE,Combined TRACON& Tower with Radar,0,0,1,0,1,0,0,11,0,11,0,0,12,0,12,20,0,20,32
04/27/2020,HUF,IN,AGL,CE,Combined TRACON& Tower with Radar,0,0,5,4,9,0,0,30,0,30,0,0,35,4,39,12,0,12,51
04/28/2020,HUF,IN,AGL,CE,Combined TRACON& Tower with Radar,0,0,4,0,4,0,2,6,0,8,0,2,10,0,12,0,0,0,12
04/29/2020,HUF,IN,AGL,CE,Combined TRACON& Tower with Radar,0,0,4,2,6,0,0,2,0,2,0,0,6,2,8,0,0,0,8
04/30/2020,HUF,IN,AGL,CE,Combined TRACON& Tower with Radar,0,0,4,2,6,0,0,2,2,4,0,0,6,4,10,36,0,36,46
05/01/2020,HUF,IN,AGL,CE,Combined TRACON& Tower with Radar,0,0,10,0,10,0,1,33,0,34,0,1,43,0,44,38,0,38,82
05/02/2020,HUF,IN,AGL,CE,Combined TRACON& Tower with Radar,0,0,8,0,8,0,2,29,0,31,0,2,37,0,39,64,0,64,103
05/03/2020,HUF,IN,AGL,CE,Combined TRACON& Tower with Radar,0,0,9,0,9,0,0,2,0,2,0,0,11,0,11,0,0,0,11
05/04/2020,HUF,IN,AGL,CE,Combined TRACON& Tower with Radar,0,0,3,0,3,0,0,24,0,24,0,0,27,0,27,14,0,14,41
05/05/2020,HUF,IN,AGL,CE,Combined TRACON& Tower with Radar,0,0,2,0,2,0,0,1,0,1,0,0,3,0,3,0,0,0,3
05/06/2020,HUF,IN,AGL,CE,Combined TRACON& Tower with Radar,0,0,2,2,4,0,0,6,0,6,0,0,8,2,10,10,0,10,20
05/07/2020,HUF,IN,AGL,CE,Combined TRACON& Tower with Radar,0,0,5,0,5,0,1,13,0,14,0,1,18,0,19,8,0,8,27
05/08/2020,HUF,IN,AGL,CE,Combined TRACON& Tower with Radar,0,1,5,0,6,0,0,2,0,2,0,1,7,0,8,4,0,4,12
05/09/2020,HUF,IN,AGL,CE,Combined TRACON& Tower with Radar,0,1,10,0,11,0,2,23,0,25,0,3,33,0,36,60,0,60,96
05/10/2020,HUF,IN,AGL,CE,Combined TRACON& Tower with Radar,0,0,3,0,3,0,0,0,0,0,0,0,3,0,3,0,0,0,3
05/11/2020,HUF,IN,AGL,CE,Combined TRACON& Tower with Radar,0,0,9,0,9,0,1,26,0,27,0,1,35,0,36,20,0,20,56
05/12/2020,HUF,IN,AGL,CE,Combined TRACON& Tower with Radar,0,0,8,9,17,0,2,27,0,29,0,2,35,9,46,44,0,44,90
05/13/2020,HUF,IN,AGL,CE,Combined TRACON& Tower with Radar,0,0,4,0,4,0,0,4,0,4,0,0,8,0,8,10,0,10,18
05/14/2020,HUF,IN,AGL,CE,Combined TRACON& Tower with Radar,0,0,4,0,4,0,1,10,0,11,0,1,14,0,15,2,0,2,17
05/15/2020,HUF,IN,AGL,CE,Combined TRACON& Tower with Radar,0,4,2,0,6,0,0,2,0,2,0,4,4,0,8,0,0,0,8
05/16/2020,HUF,IN,AGL,CE,Combined TRACON& Tower with Radar,0,0,17,0,17,0,2,6,0,8,0,2,23,0,25,0,0,0,25
05/17/2020,HUF,IN,AGL,CE,Combined TRACON& Tower with Radar,0,0,3,0,3,0,0,0,0,0,0,0,3,0,3,0,0,0,3
05/18/2020,HUF,IN,AGL,CE,Combined TRACON& Tower with Radar,0,0,29,4,33,0,0,19,0,19,0,0,48,4,52,71,0,71,123
05/19/2020,HUF,IN,AGL,CE,Combined TRACON& Tower with Radar,0,0,7,3,10,0,0,0,0,0,0,0,7,3,10,0,0,0,10
05/20/2020,HUF,IN,AGL,CE,Combined TRACON& Tower with Radar,0,2,46,0,48,0,0,4,0,4,0,2,50,0,52,68,0,68,120
05/21/2020,HUF,IN,AGL,CE,Combined TRACON& Tower with Radar,0,4,42,0,46,0,4,15,0,19,0,8,57,0,65,56,0,56,121
05/22/2020,HUF,IN,AGL,CE,Combined TRACON& Tower with Radar,0,2,25,0,27,0,2,46,0,48,0,4,71,0,75,71,0,71,146
05/23/2020,HUF,IN,AGL,CE,Combined TRACON& Tower with Radar,0,0,6,0,6,0,0,14,0,14,0,0,20,0,20,0,0,0,20
05/24/2020,HUF,IN,AGL,CE,Combined TRACON& Tower with Radar,0,0,3,0,3,0,2,10,0,12,0,2,13,0,15,18,0,18,33
05/25/2020,HUF,IN,AGL,CE,Combined TRACON& Tower with Radar,0,1,3,0,4,0,0,22,0,22,0,1,25,0,26,33,0,33,59
05/26/2020,HUF,IN,AGL,CE,Combined TRACON& Tower with Radar,0,1,30,0,31,0,3,74,0,77,0,4,104,0,108,77,0,77,185
05/27/2020,HUF,IN,AGL,CE,Combined TRACON& Tower with Radar,0,1,42,0,43,0,3,61,0,64,0,4,103,0,107,130,0,130,237
05/28/2020,HUF,IN,AGL,CE,Combined TRACON& Tower with Radar,0,7,27,0,34,0,1,32,0,33,0,8,59,0,67,68,0,68,135
05/29/2020,HUF,IN,AGL,CE,Combined TRACON& Tower with Radar,0,4,35,0,39,0,0,53,0,53,0,4,88,0,92,125,0,125,217
05/30/2020,HUF,IN,AGL,CE,Combined TRACON& Tower with Radar,0,3,17,0,20,0,1,55,0,56,0,4,72,0,76,69,0,69,145
05/31/2020,HUF,IN,AGL,CE,Combined TRACON& Tower with Radar,0,0,10,0,10,0,1,42,0,43,0,1,52,0,53,61,0,61,114
06/01/2020,HUF,IN,AGL,CE,Combined TRACON& Tower with Radar,0,1,34,0,35,0,2,111,0,113,0,3,145,0,148,104,0,104,252
06/02/2020,HUF,IN,AGL,CE,Combined TRACON& Tower with Radar,0,0,28,0,28,0,1,77,0,78,0,1,105,0,106,77,0,77,183
06/03/2020,HUF,IN,AGL,CE,Combined TRACON& Tower with Radar,0,1,34,1,36,0,4,95,2,101,0,5,129,3,137,128,0,128,265
06/04/2020,HUF,IN,AGL,CE,Combined TRACON& Tower with Radar,0,0,26,0,26,0,1,40,0,41,0,1,66,0,67,34,0,34,101
06/05/2020,HUF,IN,AGL,CE,Combined TRACON& Tower with Radar,0,0,7,0,7,0,2,20,0,22,0,2,27,0,29,81,0,81,110
06/06/2020,HUF,IN,AGL,CE,Combined TRACON& Tower with Radar,0,0,12,0,12,0,0,75,0,75,0,0,87,0,87,142,0,142,229
06/07/2020,HUF,IN,AGL,CE,Combined TRACON& Tower with Radar,0,0,15,0,15,0,0,27,0,27,0,0,42,0,42,36,0,36,78
06/08/2020,HUF,IN,AGL,CE,Combined TRACON& Tower with Radar,0,0,23,0,23,0,8,86,0,94,0,8,109,0,117,87,0,87,204
06/09/2020,HUF,IN,AGL,CE,Combined TRACON& Tower with Radar,0,0,6,0,6,0,1,4,0,5,0,1,10,0,11,46,0,46,57
06/10/2020,HUF,IN,AGL,CE,Combined TRACON& Tower with Radar,0,2,0,0,2,0,1,0,0,1,0,3,0,0,3,0,0,0,3
06/11/2020,HUF,IN,AGL,CE,Combined TRACON& Tower with Radar,0,1,51,0,52,0,14,110,0,124,0,15,161,0,176,102,0,102,278
06/12/2020,HUF,IN,AGL,CE,Combined TRACON& Tower with Radar,0,0,32,0,32,0,3,90,0,93,0,3,122,0,125,163,0,163,288
06/13/2020,HUF,IN,AGL,CE,Combined TRACON& Tower with Radar,0,0,23,0,23,0,5,67,0,72,0,5,90,0,95,122,0,122,217
06/14/2020,HUF,IN,AGL,CE,Combined TRACON& Tower with Radar,0,1,7,0,8,0,4,25,0,29,0,5,32,0,37,39,0,39,76
06/15/2020,HUF,IN,AGL,CE,Combined TRACON& Tower with Radar,0,1,28,3,32,0,5,73,0,78,0,6,101,3,110,57,0,57,167
06/16/2020,HUF,IN,AGL,CE,Combined TRACON& Tower with Radar,0,0,35,0,35,0,1,86,0,87,0,1,121,0,122,110,0,110,232
06/17/2020,HUF,IN,AGL,CE,Combined TRACON& Tower with Radar,0,0,35,2,37,0,2,78,0,80,0,2,113,2,117,86,0,86,203
06/18/2020,HUF,IN,AGL,CE,Combined TRACON& Tower with Radar,0,2,40,0,42,0,6,65,0,71,0,8,105,0,113,142,0,142,255
06/19/2020,HUF,IN,AGL,CE,Combined TRACON& Tower with Radar,0,0,43,0,43,0,7,79,0,86,0,7,122,0,129,95,0,95,224
06/20/2020,HUF,IN,AGL,CE,Combined TRACON& Tower with Radar,0,0,11,0,11,0,2,38,0,40,0,2,49,0,51,106,0,106,157
06/21/2020,HUF,IN,AGL,CE,Combined TRACON& Tower with Radar,0,0,7,0,7,0,0,7,0,7,0,0,14,0,14,24,0,24,38
06/22/2020,HUF,IN,AGL,CE,Combined TRACON& Tower with Radar,0,2,24,0,26,0,2,28,0,30,0,4,52,0,56,16,0,16,72
06/23/2020,HUF,IN,AGL,CE,Combined TRACON& Tower with Radar,0,4,33,0,37,0,1,59,0,60,0,5,92,0,97,120,0,120,217
06/24/2020,HUF,IN,AGL,CE,Combined TRACON& Tower with Radar,0,0,35,4,39,0,7,81,0,88,0,7,116,4,127,93,0,93,220
06/25/2020,HUF,IN,AGL,CE,Combined TRACON& Tower with Radar,0,0,27,0,27,0,14,121,1,136,0,14,148,1,163,211,0,211,374
06/26/2020,HUF,IN,AGL,CE,Combined TRACON& Tower with Radar,0,2,26,0,28,0,2,92,0,94,0,4,118,0,122,106,0,106,228
06/27/2020,HUF,IN,AGL,CE,Combined TRACON& Tower with Radar,0,0,0,0,0,0,0,0,0,0,0,0,0,0,0,0,0,0,0
06/28/2020,HUF,IN,AGL,CE,Combined TRACON& Tower with Radar,0,0,7,0,7,0,0,3,0,3,0,0,10,0,10,0,0,0,10
06/29/2020,HUF,IN,AGL,CE,Combined TRACON& Tower with Radar,0,0,50,0,50,0,0,37,0,37,0,0,87,0,87,78,0,78,165
06/30/2020,HUF,IN,AGL,CE,Combined TRACON& Tower with Radar,0,0,18,0,18,0,2,19,0,21,0,2,37,0,39,110,0,110,149
07/01/2020,HUF,IN,AGL,CE,Combined TRACON& Tower with Radar,0,0,50,0,50,0,1,53,0,54,0,1,103,0,104,152,0,152,256
07/02/2020,HUF,IN,AGL,CE,Combined TRACON& Tower with Radar,0,1,33,0,34,0,3,101,0,104,0,4,134,0,138,110,0,110,248
07/03/2020,HUF,IN,AGL,CE,Combined TRACON& Tower with Radar,0,2,10,0,12,0,1,31,0,32,0,3,41,0,44,51,0,51,95
07/04/2020,HUF,IN,AGL,CE,Combined TRACON& Tower with Radar,0,1,5,0,6,0,1,27,0,28,0,2,32,0,34,28,0,28,62
07/05/2020,HUF,IN,AGL,CE,Combined TRACON& Tower with Radar,0,0,5,0,5,0,2,21,0,23,0,2,26,0,28,2,0,2,30
07/06/2020,HUF,IN,AGL,CE,Combined TRACON& Tower with Radar,0,0,15,0,15,0,3,51,0,54,0,3,66,0,69,73,0,73,142
07/07/2020,HUF,IN,AGL,CE,Combined TRACON& Tower with Radar,0,0,18,0,18,0,8,34,0,42,0,8,52,0,60,84,0,84,144
07/08/2020,HUF,IN,AGL,CE,Combined TRACON& Tower with Radar,0,0,18,0,18,0,3,34,0,37,0,3,52,0,55,24,0,24,79
07/09/2020,HUF,IN,AGL,CE,Combined TRACON& Tower with Radar,0,1,10,0,11,0,2,46,0,48,0,3,56,0,59,64,0,64,123
07/10/2020,HUF,IN,AGL,CE,Combined TRACON& Tower with Radar,0,1,21,0,22,0,2,29,0,31,0,3,50,0,53,32,0,32,85
07/11/2020,HUF,IN,AGL,CE,Combined TRACON& Tower with Radar,0,2,11,0,13,0,4,40,0,44,0,6,51,0,57,54,0,54,111
07/12/2020,HUF,IN,AGL,CE,Combined TRACON& Tower with Radar,0,2,5,2,9,0,2,11,0,13,0,4,16,2,22,0,0,0,22
07/13/2020,HUF,IN,AGL,CE,Combined TRACON& Tower with Radar,0,0,34,0,34,0,5,76,0,81,0,5,110,0,115,91,0,91,206
07/14/2020,HUF,IN,AGL,CE,Combined TRACON& Tower with Radar,0,0,14,0,14,0,8,85,0,93,0,8,99,0,107,103,0,103,210
07/15/2020,HUF,IN,AGL,CE,Combined TRACON& Tower with Radar,0,0,31,6,37,0,5,63,0,68,0,5,94,6,105,64,20,84,189
07/16/2020,HUF,IN,AGL,CE,Combined TRACON& Tower with Radar,0,0,31,0,31,0,1,13,0,14,0,1,44,0,45,55,0,55,100
07/17/2020,HUF,IN,AGL,CE,Combined TRACON& Tower with Radar,0,0,38,0,38,0,0,53,0,53,0,0,91,0,91,96,0,96,187
07/18/2020,HUF,IN,AGL,CE,Combined TRACON& Tower with Radar,0,2,10,0,12,0,6,18,0,24,0,8,28,0,36,16,0,16,52
07/19/2020,HUF,IN,AGL,CE,Combined TRACON& Tower with Radar,0,0,8,0,8,0,3,10,0,13,0,3,18,0,21,4,0,4,25
07/20/2020,HUF,IN,AGL,CE,Combined TRACON& Tower with Radar,0,3,29,0,32,0,1,46,0,47,0,4,75,0,79,77,0,77,156
07/21/2020,HUF,IN,AGL,CE,Combined TRACON& Tower with Radar,0,1,13,0,14,0,3,10,0,13,0,4,23,0,27,2,0,2,29
07/22/2020,HUF,IN,AGL,CE,Combined TRACON& Tower with Radar,0,0,12,0,12,0,0,23,0,23,0,0,35,0,35,37,0,37,72
07/23/2020,HUF,IN,AGL,CE,Combined TRACON& Tower with Radar,0,0,46,0,46,0,4,80,0,84,0,4,126,0,130,76,0,76,206
07/24/2020,HUF,IN,AGL,CE,Combined TRACON& Tower with Radar,0,0,21,1,22,1,7,129,2,139,1,7,150,3,161,50,0,50,211
07/25/2020,HUF,IN,AGL,CE,Combined TRACON& Tower with Radar,0,2,5,0,7,0,0,124,0,124,0,2,129,0,131,49,0,49,180
07/26/2020,HUF,IN,AGL,CE,Combined TRACON& Tower with Radar,0,3,6,0,9,0,5,46,1,52,0,8,52,1,61,24,0,24,85
07/27/2020,HUF,IN,AGL,CE,Combined TRACON& Tower with Radar,0,0,15,0,15,0,1,23,0,24,0,1,38,0,39,20,0,20,59
07/28/2020,HUF,IN,AGL,CE,Combined TRACON& Tower with Radar,0,2,29,0,31,0,8,82,0,90,0,10,111,0,121,92,0,92,213
07/29/2020,HUF,IN,AGL,CE,Combined TRACON& Tower with Radar,0,1,19,0,20,0,7,99,0,106,0,8,118,0,126,98,0,98,224
07/30/2020,HUF,IN,AGL,CE,Combined TRACON& Tower with Radar,0,1,5,0,6,0,0,0,0,0,0,1,5,0,6,0,0,0,6
07/31/2020,HUF,IN,AGL,CE,Combined TRACON& Tower with Radar,0,0,26,0,26,0,7,32,0,39,0,7,58,0,65,120,0,120,185
08/01/2020,HUF,IN,AGL,CE,Combined TRACON& Tower with Radar,0,2,15,0,17,0,0,0,0,0,0,2,15,0,17,0,0,0,17
08/02/2020,HUF,IN,AGL,CE,Combined TRACON& Tower with Radar,0,2,14,0,16,0,2,7,0,9,0,4,21,0,25,11,0,11,36
08/03/2020,HUF,IN,AGL,CE,Combined TRACON& Tower with Radar,0,0,10,0,10,0,0,0,0,0,0,0,10,0,10,0,0,0,10
08/04/2020,HUF,IN,AGL,CE,Combined TRACON& Tower with Radar,0,1,33,0,34,0,4,58,0,62,0,5,91,0,96,126,0,126,222
08/05/2020,HUF,IN,AGL,CE,Combined TRACON& Tower with Radar,0,0,25,0,25,0,8,108,0,116,0,8,133,0,141,124,0,124,265
08/06/2020,HUF,IN,AGL,CE,Combined TRACON& Tower with Radar,0,0,15,0,15,0,2,49,0,51,0,2,64,0,66,68,0,68,134
08/07/2020,HUF,IN,AGL,CE,Combined TRACON& Tower with Radar,0,0,18,0,18,0,1,58,0,59,0,1,76,0,77,70,0,70,147
08/08/2020,HUF,IN,AGL,CE,Combined TRACON& Tower with Radar,0,1,13,0,14,0,5,30,0,35,0,6,43,0,49,22,0,22,71
08/09/2020,HUF,IN,AGL,CE,Combined TRACON& Tower with Radar,0,1,5,0,6,0,2,15,0,17,0,3,20,0,23,26,0,26,49
08/10/2020,HUF,IN,AGL,CE,Combined TRACON& Tower with Radar,0,0,14,0,14,0,4,5,0,9,0,4,19,0,23,12,0,12,35
08/11/2020,HUF,IN,AGL,CE,Combined TRACON& Tower with Radar,0,1,44,0,45,0,2,24,0,26,0,3,68,0,71,68,0,68,139
08/12/2020,HUF,IN,AGL,CE,Combined TRACON& Tower with Radar,0,1,26,0,27,0,2,70,0,72,0,3,96,0,99,141,0,141,240
08/13/2020,HUF,IN,AGL,CE,Combined TRACON& Tower with Radar,0,1,25,0,26,0,1,81,0,82,0,2,106,0,108,98,0,98,206
08/14/2020,HUF,IN,AGL,CE,Combined TRACON& Tower with Radar,2,0,27,0,29,0,0,49,0,49,2,0,76,0,78,149,0,149,227
08/15/2020,HUF,IN,AGL,CE,Combined TRACON& Tower with Radar,0,0,10,0,10,0,0,31,0,31,0,0,41,0,41,62,0,62,103
08/16/2020,HUF,IN,AGL,CE,Combined TRACON& Tower with Radar,0,0,7,0,7,0,4,14,0,18,0,4,21,0,25,42,0,42,67
08/17/2020,HUF,IN,AGL,CE,Combined TRACON& Tower with Radar,0,0,10,0,10,0,0,30,0,30,0,0,40,0,40,36,0,36,76
08/18/2020,HUF,IN,AGL,CE,Combined TRACON& Tower with Radar,0,7,32,0,39,0,0,29,0,29,0,7,61,0,68,28,0,28,96
08/19/2020,HUF,IN,AGL,CE,Combined TRACON& Tower with Radar,0,4,14,0,18,0,3,79,0,82,0,7,93,0,100,79,0,79,179
08/20/2020,HUF,IN,AGL,CE,Combined TRACON& Tower with Radar,0,2,25,0,27,0,1,69,0,70,0,3,94,0,97,74,0,74,171
08/21/2020,HUF,IN,AGL,CE,Combined TRACON& Tower with Radar,0,4,32,0,36,0,2,78,0,80,0,6,110,0,116,71,0,71,187
08/22/2020,HUF,IN,AGL,CE,Combined TRACON& Tower with Radar,0,1,17,0,18,0,1,48,0,49,0,2,65,0,67,70,0,70,137
08/23/2020,HUF,IN,AGL,CE,Combined TRACON& Tower with Radar,0,0,11,0,11,0,0,21,0,21,0,0,32,0,32,33,0,33,65
08/24/2020,HUF,IN,AGL,CE,Combined TRACON& Tower with Radar,0,0,21,0,21,0,1,55,0,56,0,1,76,0,77,32,0,32,109
08/25/2020,HUF,IN,AGL,CE,Combined TRACON& Tower with Radar,0,1,13,1,15,0,2,49,0,51,0,3,62,1,66,118,0,118,184
08/26/2020,HUF,IN,AGL,CE,Combined TRACON& Tower with Radar,0,4,29,4,37,0,0,69,2,71,0,4,98,6,108,66,0,66,174
08/27/2020,HUF,IN,AGL,CE,Combined TRACON& Tower with Radar,0,2,15,0,17,0,0,58,0,58,0,2,73,0,75,88,0,88,163
08/28/2020,HUF,IN,AGL,CE,Combined TRACON& Tower with Radar,0,1,33,0,34,0,3,26,0,29,0,4,59,0,63,64,0,64,127
08/29/2020,HUF,IN,AGL,CE,Combined TRACON& Tower with Radar,0,3,19,0,22,0,5,22,0,27,0,8,41,0,49,72,0,72,121
08/30/2020,HUF,IN,AGL,CE,Combined TRACON& Tower with Radar,0,1,10,0,11,0,7,43,0,50,0,8,53,0,61,45,0,45,106
08/31/2020,HUF,IN,AGL,CE,Combined TRACON& Tower with Radar,0,2,23,0,25,0,4,84,0,88,0,6,107,0,113,108,0,108,221
09/01/2020,HUF,IN,AGL,CE,Combined TRACON& Tower with Radar,0,5,9,0,14,0,0,2,0,2,0,5,11,0,16,16,0,16,32
09/02/2020,HUF,IN,AGL,CE,Combined TRACON& Tower with Radar,2,2,38,0,42,0,2,20,0,22,2,4,58,0,64,56,0,56,120
09/03/2020,HUF,IN,AGL,CE,Combined TRACON& Tower with Radar,0,2,33,1,36,0,0,51,8,59,0,2,84,9,95,70,0,70,165
09/04/2020,HUF,IN,AGL,CE,Combined TRACON& Tower with Radar,0,2,26,0,28,0,1,105,0,106,0,3,131,0,134,186,0,186,320
09/05/2020,HUF,IN,AGL,CE,Combined TRACON& Tower with Radar,0,1,6,0,7,0,4,42,0,46,0,5,48,0,53,42,0,42,95
09/06/2020,HUF,IN,AGL,CE,Combined TRACON& Tower with Radar,0,2,3,0,5,0,1,22,0,23,0,3,25,0,28,16,0,16,44
09/07/2020,HUF,IN,AGL,CE,Combined TRACON& Tower with Radar,0,0,6,0,6,0,0,4,0,4,0,0,10,0,10,0,0,0,10
09/08/2020,HUF,IN,AGL,CE,Combined TRACON& Tower with Radar,0,3,31,0,34,0,3,76,0,79,0,6,107,0,113,62,0,62,175
09/09/2020,HUF,IN,AGL,CE,Combined TRACON& Tower with Radar,0,2,38,2,42,0,8,90,0,98,0,10,128,2,140,96,0,96,236
09/10/2020,HUF,IN,AGL,CE,Combined TRACON& Tower with Radar,1,3,24,0,28,0,1,18,0,19,1,4,42,0,47,62,0,62,109
09/11/2020,HUF,IN,AGL,CE,Combined TRACON& Tower with Radar,0,2,14,0,16,0,2,0,0,2,0,4,14,0,18,0,0,0,18
09/12/2020,HUF,IN,AGL,CE,Combined TRACON& Tower with Radar,0,2,12,0,14,0,0,1,0,1,0,2,13,0,15,0,0,0,15
09/13/2020,HUF,IN,AGL,CE,Combined TRACON& Tower with Radar,0,1,17,0,18,0,2,37,0,39,0,3,54,0,57,78,0,78,135
09/14/2020,HUF,IN,AGL,CE,Combined TRACON& Tower with Radar,0,4,34,0,38,0,7,103,0,110,0,11,137,0,148,96,0,96,244
09/15/2020,HUF,IN,AGL,CE,Combined TRACON& Tower with Radar,0,0,29,0,29,0,7,94,0,101,0,7,123,0,130,134,0,134,264
09/16/2020,HUF,IN,AGL,CE,Combined TRACON& Tower with Radar,0,4,26,2,32,0,2,113,0,115,0,6,139,2,147,75,0,75,222
09/17/2020,HUF,IN,AGL,CE,Combined TRACON& Tower with Radar,1,2,15,3,21,0,5,57,1,63,1,7,72,4,84,96,0,96,180
09/18/2020,HUF,IN,AGL,CE,Combined TRACON& Tower with Radar,0,4,23,0,27,0,3,83,0,86,0,7,106,0,113,72,0,72,185
09/19/2020,HUF,IN,AGL,CE,Combined TRACON& Tower with Radar,0,0,4,0,4,0,9,71,0,80,0,9,75,0,84,70,0,70,154
09/20/2020,HUF,IN,AGL,CE,Combined TRACON& Tower with Radar,0,2,10,0,12,0,4,46,0,50,0,6,56,0,62,48,0,48,110
09/21/2020,HUF,IN,AGL,CE,Combined TRACON& Tower with Radar,0,2,26,0,28,0,1,78,6,85,0,3,104,6,113,92,0,92,205
09/22/2020,HUF,IN,AGL,CE,Combined TRACON& Tower with Radar,0,0,16,2,18,0,5,111,0,116,0,5,127,2,134,145,0,145,279
09/23/2020,HUF,IN,AGL,CE,Combined TRACON& Tower with Radar,0,4,49,0,53,0,2,104,0,106,0,6,153,0,159,130,0,130,289
09/24/2020,HUF,IN,AGL,CE,Combined TRACON& Tower with Radar,0,4,26,0,30,1,2,103,4,110,1,6,129,4,140,152,10,162,302
09/25/2020,HUF,IN,AGL,CE,Combined TRACON& Tower with Radar,0,4,33,0,37,0,4,68,0,72,0,8,101,0,109,104,0,104,213
09/26/2020,HUF,IN,AGL,CE,Combined TRACON& Tower with Radar,0,2,6,2,10,0,2,15,0,17,0,4,21,2,27,32,0,32,59
09/27/2020,HUF,IN,AGL,CE,Combined TRACON& Tower with Radar,0,3,18,0,21,0,13,27,0,40,0,16,45,0,61,62,0,62,123
09/28/2020,HUF,IN,AGL,CE,Combined TRACON& Tower with Radar,0,0,17,0,17,0,0,13,0,13,0,0,30,0,30,24,0,24,54
09/29/2020,HUF,IN,AGL,CE,Combined TRACON& Tower with Radar,0,7,34,1,42,0,5,82,2,89,0,12,116,3,131,122,0,122,253
09/30/2020,HUF,IN,AGL,CE,Combined TRACON& Tower with Radar,1,7,26,0,34,0,2,51,0,53,1,9,77,0,87,63,0,63,150
10/01/2020,HUF,IN,AGL,CE,Combined TRACON& Tower with Radar,0,4,27,2,33,0,5,64,0,69,0,9,91,2,102,83,0,83,185
10/02/2020,HUF,IN,AGL,CE,Combined TRACON& Tower with Radar,0,5,10,0,15,0,2,64,0,66,0,7,74,0,81,102,0,102,183
10/03/2020,HUF,IN,AGL,CE,Combined TRACON& Tower with Radar,0,4,18,0,22,0,8,42,0,50,0,12,60,0,72,62,0,62,134
10/04/2020,HUF,IN,AGL,CE,Combined TRACON& Tower with Radar,0,2,11,0,13,0,0,10,0,10,0,2,21,0,23,0,0,0,23
10/05/2020,HUF,IN,AGL,CE,Combined TRACON& Tower with Radar,0,0,19,0,19,0,3,67,0,70,0,3,86,0,89,130,0,130,219
10/06/2020,HUF,IN,AGL,CE,Combined TRACON& Tower with Radar,0,6,26,2,34,0,8,60,0,68,0,14,86,2,102,87,0,87,189
10/07/2020,HUF,IN,AGL,CE,Combined TRACON& Tower with Radar,0,0,25,0,25,0,3,90,0,93,0,3,115,0,118,64,0,64,182
10/08/2020,HUF,IN,AGL,CE,Combined TRACON& Tower with Radar,0,2,24,0,26,0,12,109,0,121,0,14,133,0,147,120,0,120,267
10/09/2020,HUF,IN,AGL,CE,Combined TRACON& Tower with Radar,0,2,8,0,10,0,4,44,2,50,0,6,52,2,60,34,0,34,94
10/10/2020,HUF,IN,AGL,CE,Combined TRACON& Tower with Radar,0,4,13,0,17,0,2,14,0,16,0,6,27,0,33,44,0,44,77
10/11/2020,HUF,IN,AGL,CE,Combined TRACON& Tower with Radar,0,0,6,0,6,0,4,11,0,15,0,4,17,0,21,12,0,12,33
10/12/2020,HUF,IN,AGL,CE,Combined TRACON& Tower with Radar,0,2,7,0,9,0,3,1,0,4,0,5,8,0,13,31,0,31,44
10/13/2020,HUF,IN,AGL,CE,Combined TRACON& Tower with Radar,0,0,17,0,17,0,3,78,0,81,0,3,95,0,98,70,0,70,168
10/14/2020,HUF,IN,AGL,CE,Combined TRACON& Tower with Radar,0,0,9,0,9,0,7,33,0,40,0,7,42,0,49,44,0,44,93
10/15/2020,HUF,IN,AGL,CE,Combined TRACON& Tower with Radar,0,0,15,0,15,0,3,48,0,51,0,3,63,0,66,56,0,56,122
10/16/2020,HUF,IN,AGL,CE,Combined TRACON& Tower with Radar,0,2,19,1,22,0,4,63,0,67,0,6,82,1,89,60,0,60,149
10/17/2020,HUF,IN,AGL,CE,Combined TRACON& Tower with Radar,0,2,9,0,11,0,2,25,0,27,0,4,34,0,38,45,0,45,83
10/18/2020,HUF,IN,AGL,CE,Combined TRACON& Tower with Radar,0,2,3,0,5,0,4,12,0,16,0,6,15,0,21,86,0,86,107
10/19/2020,HUF,IN,AGL,CE,Combined TRACON& Tower with Radar,0,4,4,0,8,0,0,0,0,0,0,4,4,0,8,0,0,0,8
10/20/2020,HUF,IN,AGL,CE,Combined TRACON& Tower with Radar,0,0,37,0,37,0,0,1,0,1,0,0,38,0,38,55,0,55,93
10/21/2020,HUF,IN,AGL,CE,Combined TRACON& Tower with Radar,0,0,26,0,26,0,0,7,0,7,0,0,33,0,33,53,0,53,86
10/22/2020,HUF,IN,AGL,CE,Combined TRACON& Tower with Radar,0,4,36,0,40,0,11,80,1,92,0,15,116,1,132,122,0,122,254
10/23/2020,HUF,IN,AGL,CE,Combined TRACON& Tower with Radar,0,1,7,0,8,0,0,2,0,2,0,1,9,0,10,22,0,22,32
10/24/2020,HUF,IN,AGL,CE,Combined TRACON& Tower with Radar,0,3,10,2,15,0,9,40,0,49,0,12,50,2,64,98,20,118,182
10/25/2020,HUF,IN,AGL,CE,Combined TRACON& Tower with Radar,0,3,12,0,15,0,5,10,0,15,0,8,22,0,30,28,0,28,58
10/26/2020,HUF,IN,AGL,CE,Combined TRACON& Tower with Radar,0,4,3,0,7,0,2,0,0,2,0,6,3,0,9,0,0,0,9
10/27/2020,HUF,IN,AGL,CE,Combined TRACON& Tower with Radar,0,2,3,0,5,0,0,0,0,0,0,2,3,0,5,0,0,0,5
10/28/2020,HUF,IN,AGL,CE,Combined TRACON& Tower with Radar,0,0,33,0,33,0,2,18,0,20,0,2,51,0,53,90,0,90,143
10/29/2020,HUF,IN,AGL,CE,Combined TRACON& Tower with Radar,0,4,7,0,11,0,1,15,0,16,0,5,22,0,27,28,0,28,55
10/30/2020,HUF,IN,AGL,CE,Combined TRACON& Tower with Radar,0,2,24,0,26,0,4,101,0,105,0,6,125,0,131,108,0,108,239
10/31/2020,HUF,IN,AGL,CE,Combined TRACON& Tower with Radar,0,0,4,0,4,0,3,51,0,54,0,3,55,0,58,34,0,34,92
11/01/2020,HUF,IN,AGL,CE,Combined TRACON& Tower with Radar,0,0,2,0,2,0,1,2,0,3,0,1,4,0,5,0,0,0,5
11/02/2020,HUF,IN,AGL,CE,Combined TRACON& Tower with Radar,0,0,33,0,33,0,13,102,2,117,0,13,135,2,150,188,0,188,338
11/03/2020,HUF,IN,AGL,CE,Combined TRACON& Tower with Radar,0,0,15,0,15,0,0,71,0,71,0,0,86,0,86,248,0,248,334
11/04/2020,HUF,IN,AGL,CE,Combined TRACON& Tower with Radar,0,2,16,0,18,0,6,88,0,94,0,8,104,0,112,86,0,86,198
11/05/2020,HUF,IN,AGL,CE,Combined TRACON& Tower with Radar,0,4,26,0,30,0,7,71,2,80,0,11,97,2,110,90,0,90,200
11/06/2020,HUF,IN,AGL,CE,Combined TRACON& Tower with Radar,0,3,27,0,30,0,15,87,0,102,0,18,114,0,132,100,0,100,232
11/07/2020,HUF,IN,AGL,CE,Combined TRACON& Tower with Radar,0,2,3,0,5,0,6,39,0,45,0,8,42,0,50,90,0,90,140
11/08/2020,HUF,IN,AGL,CE,Combined TRACON& Tower with Radar,0,2,16,0,18,0,7,53,0,60,0,9,69,0,78,30,0,30,108
11/09/2020,HUF,IN,AGL,CE,Combined TRACON& Tower with Radar,0,2,8,2,12,0,4,41,0,45,0,6,49,2,57,52,0,52,109
11/10/2020,HUF,IN,AGL,CE,Combined TRACON& Tower with Radar,0,6,1,0,7,0,2,9,0,11,0,8,10,0,18,8,0,8,26
11/11/2020,HUF,IN,AGL,CE,Combined TRACON& Tower with Radar,0,4,30,0,34,0,11,76,0,87,0,15,106,0,121,234,0,234,355
11/12/2020,HUF,IN,AGL,CE,Combined TRACON& Tower with Radar,0,1,36,1,38,0,5,127,0,132,0,6,163,1,170,226,0,226,396
11/13/2020,HUF,IN,AGL,CE,Combined TRACON& Tower with Radar,0,3,46,2,51,0,3,64,0,67,0,6,110,2,118,132,0,132,250
11/14/2020,HUF,IN,AGL,CE,Combined TRACON& Tower with Radar,0,2,6,0,8,0,0,10,0,10,0,2,16,0,18,6,0,6,24
11/15/2020,HUF,IN,AGL,CE,Combined TRACON& Tower with Radar,0,2,10,0,12,0,0,3,0,3,0,2,13,0,15,0,0,0,15
11/16/2020,HUF,IN,AGL,CE,Combined TRACON& Tower with Radar,0,4,27,0,31,0,11,66,0,77,0,15,93,0,108,149,0,149,257
11/17/2020,HUF,IN,AGL,CE,Combined TRACON& Tower with Radar,0,6,13,0,19,0,7,71,0,78,0,13,84,0,97,124,0,124,221
11/18/2020,HUF,IN,AGL,CE,Combined TRACON& Tower with Radar,0,5,18,0,23,0,5,52,0,57,0,10,70,0,80,93,0,93,173
11/19/2020,HUF,IN,AGL,CE,Combined TRACON& Tower with Radar,0,3,11,0,14,0,0,4,0,4,0,3,15,0,18,0,0,0,18
11/20/2020,HUF,IN,AGL,CE,Combined TRACON& Tower with Radar,0,7,44,0,51,0,7,63,0,70,0,14,107,0,121,154,0,154,275
11/21/2020,HUF,IN,AGL,CE,Combined TRACON& Tower with Radar,0,0,7,0,7,0,4,27,0,31,0,4,34,0,38,80,0,80,118
11/22/2020,HUF,IN,AGL,CE,Combined TRACON& Tower with Radar,0,4,0,0,4,0,0,0,0,0,0,4,0,0,4,0,0,0,4
11/23/2020,HUF,IN,AGL,CE,Combined TRACON& Tower with Radar,0,8,19,0,27,0,4,70,0,74,0,12,89,0,101,170,0,170,271
11/24/2020,HUF,IN,AGL,CE,Combined TRACON& Tower with Radar,0,0,26,0,26,0,5,66,0,71,0,5,92,0,97,121,0,121,218
11/25/2020,HUF,IN,AGL,CE,Combined TRACON& Tower with Radar,0,4,2,0,6,0,0,0,0,0,0,4,2,0,6,0,0,0,6
11/26/2020,HUF,IN,AGL,CE,Combined TRACON& Tower with Radar,0,0,2,0,2,0,0,0,0,0,0,0,2,0,2,0,0,0,2
11/27/2020,HUF,IN,AGL,CE,Combined TRACON& Tower with Radar,0,0,3,0,3,0,0,15,0,15,0,0,18,0,18,100,0,100,118
11/28/2020,HUF,IN,AGL,CE,Combined TRACON& Tower with Radar,0,0,5,0,5,0,3,34,0,37,0,3,39,0,42,52,0,52,94
11/29/2020,HUF,IN,AGL,CE,Combined TRACON& Tower with Radar,0,0,10,0,10,0,3,23,0,26,0,3,33,0,36,32,0,32,68
11/30/2020,HUF,IN,AGL,CE,Combined TRACON& Tower with Radar,0,2,6,0,8,0,0,4,0,4,0,2,10,0,12,12,0,12,24
12/01/2020,HUF,IN,AGL,CE,Combined TRACON& Tower with Radar,0,3,36,0,39,0,2,82,0,84,0,5,118,0,123,148,0,148,271
12/02/2020,HUF,IN,AGL,CE,Combined TRACON& Tower with Radar,0,3,43,12,58,0,7,103,0,110,0,10,146,12,168,216,12,228,396
12/03/2020,HUF,IN,AGL,CE,Combined TRACON& Tower with Radar,0,3,30,0,33,0,4,63,1,68,0,7,93,1,101,117,0,117,218
12/04/2020,HUF,IN,AGL,CE,Combined TRACON& Tower with Radar,0,5,33,14,52,0,3,73,0,76,0,8,106,14,128,153,12,165,293
12/05/2020,HUF,IN,AGL,CE,Combined TRACON& Tower with Radar,0,2,12,0,14,0,3,47,0,50,0,5,59,0,64,46,0,46,110
12/06/2020,HUF,IN,AGL,CE,Combined TRACON& Tower with Radar,0,0,12,0,12,0,2,16,0,18,0,2,28,0,30,38,0,38,68
12/07/2020,HUF,IN,AGL,CE,Combined TRACON& Tower with Radar,0,2,13,0,15,0,2,23,0,25,0,4,36,0,40,142,0,142,182
12/08/2020,HUF,IN,AGL,CE,Combined TRACON& Tower with Radar,0,3,27,0,30,0,0,35,0,35,0,3,62,0,65,102,0,102,167
12/09/2020,HUF,IN,AGL,CE,Combined TRACON& Tower with Radar,0,6,32,0,38,0,8,87,0,95,0,14,119,0,133,114,0,114,247
12/10/2020,HUF,IN,AGL,CE,Combined TRACON& Tower with Radar,0,5,25,0,30,0,10,83,0,93,0,15,108,0,123,152,0,152,275
12/11/2020,HUF,IN,AGL,CE,Combined TRACON& Tower with Radar,0,2,24,0,26,0,10,60,1,71,0,12,84,1,97,84,0,84,181
12/12/2020,HUF,IN,AGL,CE,Combined TRACON& Tower with Radar,0,0,18,0,18,0,0,0,0,0,0,0,18,0,18,0,0,0,18
12/13/2020,HUF,IN,AGL,CE,Combined TRACON& Tower with Radar,0,0,9,0,9,0,1,0,0,1,0,1,9,0,10,4,0,4,14
12/14/2020,HUF,IN,AGL,CE,Combined TRACON& Tower with Radar,0,4,12,2,18,0,6,32,0,38,0,10,44,2,56,84,0,84,140
12/15/2020,HUF,IN,AGL,CE,Combined TRACON& Tower with Radar,0,2,38,2,42,0,16,101,0,117,0,18,139,2,159,134,0,134,293
12/16/2020,HUF,IN,AGL,CE,Combined TRACON& Tower with Radar,0,0,4,0,4,0,0,0,0,0,0,0,4,0,4,0,0,0,4
12/17/2020,HUF,IN,AGL,CE,Combined TRACON& Tower with Radar,0,0,15,0,15,0,0,0,0,0,0,0,15,0,15,4,0,4,19
12/18/2020,HUF,IN,AGL,CE,Combined TRACON& Tower with Radar,0,4,24,0,28,0,2,57,0,59,0,6,81,0,87,94,0,94,181
12/19/2020,HUF,IN,AGL,CE,Combined TRACON& Tower with Radar,0,0,4,2,6,0,0,3,0,3,0,0,7,2,9,14,0,14,23
12/20/2020,HUF,IN,AGL,CE,Combined TRACON& Tower with Radar,0,2,7,0,9,0,1,28,0,29,0,3,35,0,38,86,0,86,124
12/21/2020,HUF,IN,AGL,CE,Combined TRACON& Tower with Radar,0,0,6,0,6,0,1,16,0,17,0,1,22,0,23,4,0,4,27
12/22/2020,HUF,IN,AGL,CE,Combined TRACON& Tower with Radar,0,8,37,0,45,0,7,64,0,71,0,15,101,0,116,122,0,122,238
12/23/2020,HUF,IN,AGL,CE,Combined TRACON& Tower with Radar,0,0,2,0,2,0,0,2,0,2,0,0,4,0,4,0,0,0,4
12/24/2020,HUF,IN,AGL,CE,Combined TRACON& Tower with Radar,0,2,0,0,2,0,0,3,0,3,0,2,3,0,5,0,0,0,5
12/25/2020,HUF,IN,AGL,CE,Combined TRACON& Tower with Radar,0,0,1,0,1,0,1,1,0,2,0,1,2,0,3,0,0,0,3
12/26/2020,HUF,IN,AGL,CE,Combined TRACON& Tower with Radar,0,1,5,0,6,0,4,32,0,36,0,5,37,0,42,34,0,34,76
12/27/2020,HUF,IN,AGL,CE,Combined TRACON& Tower with Radar,0,1,7,0,8,0,1,13,0,14,0,2,20,0,22,0,0,0,22
12/28/2020,HUF,IN,AGL,CE,Combined TRACON& Tower with Radar,0,1,2,0,3,0,1,4,0,5,0,2,6,0,8,68,0,68,76
12/29/2020,HUF,IN,AGL,CE,Combined TRACON& Tower with Radar,0,0,13,0,13,0,3,43,0,46,0,3,56,0,59,70,0,70,129
12/30/2020,HUF,IN,AGL,CE,Combined TRACON& Tower with Radar,0,0,0,0,0,0,2,4,0,6,0,2,4,0,6,0,0,0,6
12/31/2020,HUF,IN,AGL,CE,Combined TRACON& Tower with Radar,0,0,3,0,3,0,4,1,0,5,0,4,4,0,8,8,0,8,16
01/01/2021,HUF,IN,AGL,CE,Combined TRACON& Tower with Radar,0,2,0,0,2,0,0,0,0,0,0,2,0,0,2,0,0,0,2
01/02/2021,HUF,IN,AGL,CE,Combined TRACON& Tower with Radar,0,0,0,0,0,0,0,1,0,1,0,0,1,0,1,0,0,0,1
01/03/2021,HUF,IN,AGL,CE,Combined TRACON& Tower with Radar,0,2,4,0,6,0,0,0,0,0,0,2,4,0,6,0,0,0,6
01/04/2021,HUF,IN,AGL,CE,Combined TRACON& Tower with Radar,0,1,11,0,12,0,2,18,0,20,0,3,29,0,32,50,0,50,82
01/05/2021,HUF,IN,AGL,CE,Combined TRACON& Tower with Radar,0,4,3,2,9,0,0,1,0,1,0,4,4,2,10,60,0,60,70
01/06/2021,HUF,IN,AGL,CE,Combined TRACON& Tower with Radar,0,3,28,0,31,0,3,41,0,44,0,6,69,0,75,71,0,71,146
01/07/2021,HUF,IN,AGL,CE,Combined TRACON& Tower with Radar,0,2,27,2,31,0,7,49,0,56,0,9,76,2,87,107,0,107,194
01/08/2021,HUF,IN,AGL,CE,Combined TRACON& Tower with Radar,0,0,17,0,17,0,1,28,0,29,0,1,45,0,46,80,0,80,126
01/09/2021,HUF,IN,AGL,CE,Combined TRACON& Tower with Radar,0,3,17,0,20,0,2,3,0,5,0,5,20,0,25,62,0,62,87
01/10/2021,HUF,IN,AGL,CE,Combined TRACON& Tower with Radar,0,0,4,0,4,0,1,5,0,6,0,1,9,0,10,34,0,34,44
01/11/2021,HUF,IN,AGL,CE,Combined TRACON& Tower with Radar,0,0,8,0,8,0,0,0,0,0,0,0,8,0,8,0,0,0,8
01/12/2021,HUF,IN,AGL,CE,Combined TRACON& Tower with Radar,0,5,39,3,47,0,4,91,1,96,0,9,130,4,143,108,0,108,251
01/13/2021,HUF,IN,AGL,CE,Combined TRACON& Tower with Radar,0,7,31,0,38,0,6,84,3,93,0,13,115,3,131,116,0,116,247
01/14/2021,HUF,IN,AGL,CE,Combined TRACON& Tower with Radar,0,4,27,0,31,0,0,42,0,42,0,4,69,0,73,176,0,176,249
01/15/2021,HUF,IN,AGL,CE,Combined TRACON& Tower with Radar,0,6,19,0,25,0,1,13,0,14,0,7,32,0,39,18,0,18,57
01/16/2021,HUF,IN,AGL,CE,Combined TRACON& Tower with Radar,0,0,0,0,0,0,0,0,0,0,0,0,0,0,0,0,0,0,0
01/17/2021,HUF,IN,AGL,CE,Combined TRACON& Tower with Radar,0,0,1,0,1,0,0,0,0,0,0,0,1,0,1,0,0,0,1
01/18/2021,HUF,IN,AGL,CE,Combined TRACON& Tower with Radar,0,0,4,0,4,0,3,3,0,6,0,3,7,0,10,4,0,4,14
01/19/2021,HUF,IN,AGL,CE,Combined TRACON& Tower with Radar,0,4,45,0,49,0,3,109,0,112,0,7,154,0,161,182,0,182,343
01/20/2021,HUF,IN,AGL,CE,Combined TRACON& Tower with Radar,0,2,34,2,38,0,8,72,0,80,0,10,106,2,118,185,0,185,303
01/21/2021,HUF,IN,AGL,CE,Combined TRACON& Tower with Radar,0,7,29,2,38,0,10,104,0,114,0,17,133,2,152,148,0,148,300
01/22/2021,HUF,IN,AGL,CE,Combined TRACON& Tower with Radar,0,2,23,2,27,0,2,75,0,77,0,4,98,2,104,94,0,94,198
01/23/2021,HUF,IN,AGL,CE,Combined TRACON& Tower with Radar,0,0,25,0,25,0,8,99,0,107,0,8,124,0,132,126,0,126,258
01/24/2021,HUF,IN,AGL,CE,Combined TRACON& Tower with Radar,0,0,3,0,3,0,0,1,0,1,0,0,4,0,4,0,0,0,4
01/25/2021,HUF,IN,AGL,CE,Combined TRACON& Tower with Radar,0,0,0,0,0,0,0,0,0,0,0,0,0,0,0,0,0,0,0
01/26/2021,HUF,IN,AGL,CE,Combined TRACON& Tower with Radar,0,3,2,0,5,0,2,0,0,2,0,5,2,0,7,0,0,0,7
01/27/2021,HUF,IN,AGL,CE,Combined TRACON& Tower with Radar,0,0,3,0,3,0,1,0,0,1,0,1,3,0,4,0,0,0,4
01/28/2021,HUF,IN,AGL,CE,Combined TRACON& Tower with Radar,0,3,22,0,25,0,6,54,2,62,0,9,76,2,87,66,0,66,153
01/29/2021,HUF,IN,AGL,CE,Combined TRACON& Tower with Radar,0,2,45,0,47,0,5,101,0,106,0,7,146,0,153,170,0,170,323
01/30/2021,HUF,IN,AGL,CE,Combined TRACON& Tower with Radar,0,0,7,0,7,0,6,12,0,18,0,6,19,0,25,12,0,12,37
01/31/2021,HUF,IN,AGL,CE,Combined TRACON& Tower with Radar,0,0,1,0,1,0,0,0,0,0,0,0,1,0,1,0,0,0,1
02/01/2021,HUF,IN,AGL,CE,Combined TRACON& Tower with Radar,0,0,1,0,1,0,1,2,0,3,0,1,3,0,4,10,0,10,14
02/02/2021,HUF,IN,AGL,CE,Combined TRACON& Tower with Radar,0,0,16,1,17,0,0,66,1,67,0,0,82,2,84,174,0,174,258
02/03/2021,HUF,IN,AGL,CE,Combined TRACON& Tower with Radar,0,4,63,1,68,0,11,153,1,165,0,15,216,2,233,142,0,142,375
02/04/2021,HUF,IN,AGL,CE,Combined TRACON& Tower with Radar,0,0,15,0,15,0,2,15,0,17,0,2,30,0,32,10,0,10,42
02/05/2021,HUF,IN,AGL,CE,Combined TRACON& Tower with Radar,0,2,15,10,27,0,0,50,0,50,0,2,65,10,77,59,8,67,144
02/06/2021,HUF,IN,AGL,CE,Combined TRACON& Tower with Radar,0,1,11,0,12,0,6,73,0,79,0,7,84,0,91,142,0,142,233
02/07/2021,HUF,IN,AGL,CE,Combined TRACON& Tower with Radar,0,2,9,0,11,0,5,7,0,12,0,7,16,0,23,2,0,2,25
02/08/2021,HUF,IN,AGL,CE,Combined TRACON& Tower with Radar,0,0,6,0,6,0,0,16,0,16,0,0,22,0,22,36,0,36,58
02/09/2021,HUF,IN,AGL,CE,Combined TRACON& Tower with Radar,0,0,13,0,13,0,0,16,0,16,0,0,29,0,29,62,0,62,91
02/10/2021,HUF,IN,AGL,CE,Combined TRACON& Tower with Radar,0,1,16,0,17,0,0,6,0,6,0,1,22,0,23,0,0,0,23
02/11/2021,HUF,IN,AGL,CE,Combined TRACON& Tower with Radar,0,2,24,1,27,0,6,90,1,97,0,8,114,2,124,32,14,46,170
02/12/2021,HUF,IN,AGL,CE,Combined TRACON& Tower with Radar,0,2,26,0,28,0,6,90,0,96,0,8,116,0,124,186,0,186,310
02/13/2021,HUF,IN,AGL,CE,Combined TRACON& Tower with Radar,0,0,0,0,0,0,0,4,0,4,0,0,4,0,4,56,0,56,60
02/14/2021,HUF,IN,AGL,CE,Combined TRACON& Tower with Radar,0,0,4,0,4,0,0,3,0,3,0,0,7,0,7,8,0,8,15
02/15/2021,HUF,IN,AGL,CE,Combined TRACON& Tower with Radar,0,0,0,0,0,0,0,0,0,0,0,0,0,0,0,0,0,0,0
02/16/2021,HUF,IN,AGL,CE,Combined TRACON& Tower with Radar,0,2,3,0,5,0,0,1,0,1,0,2,4,0,6,0,0,0,6
02/17/2021,HUF,IN,AGL,CE,Combined TRACON& Tower with Radar,0,11,0,0,11,0,5,11,0,16,0,16,11,0,27,70,0,70,97
02/18/2021,HUF,IN,AGL,CE,Combined TRACON& Tower with Radar,0,2,15,0,17,0,2,30,0,32,0,4,45,0,49,104,0,104,153
02/19/2021,HUF,IN,AGL,CE,Combined TRACON& Tower with Radar,0,8,28,0,36,0,10,85,0,95,0,18,113,0,131,270,0,270,401
02/20/2021,HUF,IN,AGL,CE,Combined TRACON& Tower with Radar,0,2,25,4,31,0,10,89,0,99,0,12,114,4,130,134,0,134,264
02/21/2021,HUF,IN,AGL,CE,Combined TRACON& Tower with Radar,0,2,4,4,10,0,2,20,0,22,0,4,24,4,32,18,0,18,50
02/22/2021,HUF,IN,AGL,CE,Combined TRACON& Tower with Radar,0,2,10,0,12,0,3,22,0,25,0,5,32,0,37,120,0,120,157
02/23/2021,HUF,IN,AGL,CE,Combined TRACON& Tower with Radar,0,8,29,2,39,0,4,144,0,148,0,12,173,2,187,216,0,216,403
02/24/2021,HUF,IN,AGL,CE,Combined TRACON& Tower with Radar,0,1,26,0,27,0,3,92,0,95,0,4,118,0,122,112,0,112,234
02/25/2021,HUF,IN,AGL,CE,Combined TRACON& Tower with Radar,0,4,36,0,40,0,5,100,0,105,0,9,136,0,145,114,0,114,259
02/26/2021,HUF,IN,AGL,CE,Combined TRACON& Tower with Radar,0,1,37,2,40,0,3,102,4,109,0,4,139,6,149,144,8,152,301
02/27/2021,HUF,IN,AGL,CE,Combined TRACON& Tower with Radar,0,1,16,0,17,0,0,69,0,69,0,1,85,0,86,186,0,186,272
02/28/2021,HUF,IN,AGL,CE,Combined TRACON& Tower with Radar,0,0,13,0,13,0,0,1,0,1,0,0,14,0,14,0,0,0,14
03/01/2021,HUF,IN,AGL,CE,Combined TRACON& Tower with Radar,0,5,38,2,45,0,6,95,0,101,0,11,133,2,146,204,0,204,350
03/02/2021,HUF,IN,AGL,CE,Combined TRACON& Tower with Radar,0,2,47,2,51,0,5,148,0,153,0,7,195,2,204,169,0,169,373
03/03/2021,HUF,IN,AGL,CE,Combined TRACON& Tower with Radar,0,5,27,5,37,0,13,121,2,136,0,18,148,7,173,186,0,186,359
03/04/2021,HUF,IN,AGL,CE,Combined TRACON& Tower with Radar,0,5,35,6,46,0,4,94,0,98,0,9,129,6,144,78,0,78,222
03/05/2021,HUF,IN,AGL,CE,Combined TRACON& Tower with Radar,0,2,30,0,32,0,7,82,0,89,0,9,112,0,121,238,0,238,359
03/06/2021,HUF,IN,AGL,CE,Combined TRACON& Tower with Radar,0,2,19,0,21,0,14,89,0,103,0,16,108,0,124,218,0,218,342
03/07/2021,HUF,IN,AGL,CE,Combined TRACON& Tower with Radar,0,2,14,0,16,0,2,50,0,52,0,4,64,0,68,115,0,115,183
03/08/2021,HUF,IN,AGL,CE,Combined TRACON& Tower with Radar,0,2,37,2,41,0,12,94,0,106,0,14,131,2,147,223,0,223,370
03/09/2021,HUF,IN,AGL,CE,Combined TRACON& Tower with Radar,0,3,38,0,41,0,6,103,2,111,0,9,141,2,152,172,0,172,324
03/10/2021,HUF,IN,AGL,CE,Combined TRACON& Tower with Radar,0,0,12,1,13,0,3,2,0,5,0,3,14,1,18,0,0,0,18
03/11/2021,HUF,IN,AGL,CE,Combined TRACON& Tower with Radar,0,1,8,0,9,0,0,0,0,0,0,1,8,0,9,0,0,0,9
03/12/2021,HUF,IN,AGL,CE,Combined TRACON& Tower with Radar,0,2,26,0,28,0,9,75,0,84,0,11,101,0,112,242,0,242,354
03/13/2021,HUF,IN,AGL,CE,Combined TRACON& Tower with Radar,0,1,10,0,11,0,3,52,0,55,0,4,62,0,66,28,0,28,94
03/14/2021,HUF,IN,AGL,CE,Combined TRACON& Tower with Radar,0,2,19,0,21,0,1,23,0,24,0,3,42,0,45,86,0,86,131
03/15/2021,HUF,IN,AGL,CE,Combined TRACON& Tower with Radar,0,0,4,0,4,0,2,1,0,3,0,2,5,0,7,0,0,0,7
03/16/2021,HUF,IN,AGL,CE,Combined TRACON& Tower with Radar,0,2,18,0,20,0,0,0,0,0,0,2,18,0,20,18,0,18,38
03/17/2021,HUF,IN,AGL,CE,Combined TRACON& Tower with Radar,0,2,6,0,8,0,0,18,0,18,0,2,24,0,26,76,0,76,102
03/18/2021,HUF,IN,AGL,CE,Combined TRACON& Tower with Radar,0,1,2,0,3,0,0,0,0,0,0,1,2,0,3,18,0,18,21
03/19/2021,HUF,IN,AGL,CE,Combined TRACON& Tower with Radar,0,8,33,2,43,0,10,84,0,94,0,18,117,2,137,122,0,122,259
03/20/2021,HUF,IN,AGL,CE,Combined TRACON& Tower with Radar,0,5,27,0,32,0,11,138,0,149,0,16,165,0,181,254,0,254,435
03/21/2021,HUF,IN,AGL,CE,Combined TRACON& Tower with Radar,0,1,12,0,13,0,7,77,0,84,0,8,89,0,97,165,0,165,262
03/22/2021,HUF,IN,AGL,CE,Combined TRACON& Tower with Radar,0,0,34,0,34,0,7,102,2,111,0,7,136,2,145,117,0,117,262
03/23/2021,HUF,IN,AGL,CE,Combined TRACON& Tower with Radar,0,2,17,2,21,0,6,36,0,42,0,8,53,2,63,42,0,42,105
03/24/2021,HUF,IN,AGL,CE,Combined TRACON& Tower with Radar,0,3,15,0,18,0,5,34,0,39,0,8,49,0,57,96,0,96,153
03/25/2021,HUF,IN,AGL,CE,Combined TRACON& Tower with Radar,0,3,32,0,35,0,2,39,0,41,0,5,71,0,76,43,0,43,119
03/26/2021,HUF,IN,AGL,CE,Combined TRACON& Tower with Radar,0,5,53,0,58,0,2,6,0,8,0,7,59,0,66,58,0,58,124
03/27/2021,HUF,IN,AGL,CE,Combined TRACON& Tower with Radar,0,0,35,0,35,0,8,79,0,87,0,8,114,0,122,70,0,70,192
03/28/2021,HUF,IN,AGL,CE,Combined TRACON& Tower with Radar,0,1,7,0,8,0,3,8,0,11,0,4,15,0,19,20,0,20,39
03/29/2021,HUF,IN,AGL,CE,Combined TRACON& Tower with Radar,0,2,38,0,40,0,9,101,0,110,0,11,139,0,150,168,0,168,318
03/30/2021,HUF,IN,AGL,CE,Combined TRACON& Tower with Radar,0,2,12,0,14,0,6,15,0,21,0,8,27,0,35,14,0,14,49
03/31/2021,HUF,IN,AGL,CE,Combined TRACON& Tower with Radar,0,2,23,0,25,0,3,60,0,63,0,5,83,0,88,95,0,95,183
04/01/2021,HUF,IN,AGL,CE,Combined TRACON& Tower with Radar,0,1,35,0,36,0,4,75,0,79,0,5,110,0,115,148,0,148,263
04/02/2021,HUF,IN,AGL,CE,Combined TRACON& Tower with Radar,0,3,20,0,23,0,6,115,0,121,0,9,135,0,144,279,0,279,423
04/03/2021,HUF,IN,AGL,CE,Combined TRACON& Tower with Radar,0,1,10,0,11,0,0,55,0,55,0,1,65,0,66,91,0,91,157
04/04/2021,HUF,IN,AGL,CE,Combined TRACON& Tower with Radar,0,1,1,0,2,0,5,14,0,19,0,6,15,0,21,36,0,36,57
04/05/2021,HUF,IN,AGL,CE,Combined TRACON& Tower with Radar,0,4,28,2,34,0,4,70,0,74,0,8,98,2,108,114,0,114,222
04/06/2021,HUF,IN,AGL,CE,Combined TRACON& Tower with Radar,0,3,41,0,44,0,2,108,0,110,0,5,149,0,154,140,0,140,294
04/07/2021,HUF,IN,AGL,CE,Combined TRACON& Tower with Radar,0,2,25,0,27,0,3,88,0,91,0,5,113,0,118,44,0,44,162
04/08/2021,HUF,IN,AGL,CE,Combined TRACON& Tower with Radar,0,4,46,0,50,0,0,6,0,6,0,4,52,0,56,86,0,86,142
04/09/2021,HUF,IN,AGL,CE,Combined TRACON& Tower with Radar,0,2,21,0,23,0,2,45,0,47,0,4,66,0,70,40,0,40,110
04/10/2021,HUF,IN,AGL,CE,Combined TRACON& Tower with Radar,0,2,21,0,23,0,4,6,0,10,0,6,27,0,33,18,0,18,51
04/11/2021,HUF,IN,AGL,CE,Combined TRACON& Tower with Radar,0,0,16,0,16,0,1,1,0,2,0,1,17,0,18,0,0,0,18
04/12/2021,HUF,IN,AGL,CE,Combined TRACON& Tower with Radar,0,5,23,0,28,0,2,82,0,84,0,7,105,0,112,112,0,112,224
04/13/2021,HUF,IN,AGL,CE,Combined TRACON& Tower with Radar,0,1,32,0,33,0,6,172,0,178,0,7,204,0,211,260,0,260,471
04/14/2021,HUF,IN,AGL,CE,Combined TRACON& Tower with Radar,0,0,37,0,37,0,3,114,0,117,0,3,151,0,154,112,0,112,266
04/15/2021,HUF,IN,AGL,CE,Combined TRACON& Tower with Radar,0,3,36,2,41,0,6,105,0,111,0,9,141,2,152,232,0,232,384
04/16/2021,HUF,IN,AGL,CE,Combined TRACON& Tower with Radar,0,5,27,0,32,0,3,118,0,121,0,8,145,0,153,269,0,269,422
04/17/2021,HUF,IN,AGL,CE,Combined TRACON& Tower with Radar,0,0,17,0,17,0,2,57,0,59,0,2,74,0,76,72,0,72,148
04/18/2021,HUF,IN,AGL,CE,Combined TRACON& Tower with Radar,0,1,9,0,10,0,6,57,0,63,0,7,66,0,73,80,0,80,153
04/19/2021,HUF,IN,AGL,CE,Combined TRACON& Tower with Radar,0,0,30,0,30,0,2,75,0,77,0,2,105,0,107,100,0,100,207
04/20/2021,HUF,IN,AGL,CE,Combined TRACON& Tower with Radar,0,2,25,0,27,0,0,17,2,19,0,2,42,2,46,94,0,94,140
04/21/2021,HUF,IN,AGL,CE,Combined TRACON& Tower with Radar,0,8,41,0,49,0,5,25,0,30,0,13,66,0,79,93,0,93,172
04/22/2021,HUF,IN,AGL,CE,Combined TRACON& Tower with Radar,0,4,37,2,43,0,2,105,2,109,0,6,142,4,152,212,0,212,364
04/23/2021,HUF,IN,AGL,CE,Combined TRACON& Tower with Radar,0,2,23,0,25,0,3,101,2,106,0,5,124,2,131,130,0,130,261
04/24/2021,HUF,IN,AGL,CE,Combined TRACON& Tower with Radar,0,0,13,0,13,0,1,11,0,12,0,1,24,0,25,131,0,131,156
04/25/2021,HUF,IN,AGL,CE,Combined TRACON& Tower with Radar,0,4,10,0,14,0,9,57,0,66,0,13,67,0,80,130,0,130,210
04/26/2021,HUF,IN,AGL,CE,Combined TRACON& Tower with Radar,0,4,30,0,34,0,10,63,0,73,0,14,93,0,107,94,0,94,201
04/27/2021,HUF,IN,AGL,CE,Combined TRACON& Tower with Radar,0,2,20,0,22,0,10,36,0,46,0,12,56,0,68,82,0,82,150
04/28/2021,HUF,IN,AGL,CE,Combined TRACON& Tower with Radar,0,2,37,3,42,0,2,15,9,26,0,4,52,12,68,62,4,66,134
04/29/2021,HUF,IN,AGL,CE,Combined TRACON& Tower with Radar,0,6,34,0,40,0,2,15,0,17,0,8,49,0,57,115,0,115,172
04/30/2021,HUF,IN,AGL,CE,Combined TRACON& Tower with Radar,0,6,17,2,25,0,4,77,0,81,0,10,94,2,106,160,0,160,266
05/01/2021,HUF,IN,AGL,CE,Combined TRACON& Tower with Radar,0,0,18,6,24,0,3,83,0,86,0,3,101,6,110,92,0,92,202
05/02/2021,HUF,IN,AGL,CE,Combined TRACON& Tower with Radar,0,6,5,0,11,0,4,19,0,23,0,10,24,0,34,88,0,88,122
05/03/2021,HUF,IN,AGL,CE,Combined TRACON& Tower with Radar,0,8,18,0,26,0,0,10,0,10,0,8,28,0,36,134,0,134,170
05/04/2021,HUF,IN,AGL,CE,Combined TRACON& Tower with Radar,0,4,49,0,53,0,2,0,0,2,0,6,49,0,55,0,0,0,55
05/05/2021,HUF,IN,AGL,CE,Combined TRACON& Tower with Radar,0,4,46,0,50,0,2,139,0,141,0,6,185,0,191,229,0,229,420
05/06/2021,HUF,IN,AGL,CE,Combined TRACON& Tower with Radar,0,6,16,0,22,0,3,43,0,46,0,9,59,0,68,116,0,116,184
05/07/2021,HUF,IN,AGL,CE,Combined TRACON& Tower with Radar,0,4,25,0,29,0,7,88,0,95,0,11,113,0,124,174,0,174,298
05/08/2021,HUF,IN,AGL,CE,Combined TRACON& Tower with Radar,0,0,12,0,12,0,3,83,0,86,0,3,95,0,98,114,0,114,212
05/09/2021,HUF,IN,AGL,CE,Combined TRACON& Tower with Radar,0,0,4,0,4,0,0,0,0,0,0,0,4,0,4,0,0,0,4
05/10/2021,HUF,IN,AGL,CE,Combined TRACON& Tower with Radar,0,1,42,2,45,0,4,95,0,99,0,5,137,2,144,159,0,159,303
05/11/2021,HUF,IN,AGL,CE,Combined TRACON& Tower with Radar,0,2,26,4,32,0,10,93,0,103,0,12,119,4,135,125,0,125,260
05/12/2021,HUF,IN,AGL,CE,Combined TRACON& Tower with Radar,0,10,29,2,41,0,6,115,2,123,0,16,144,4,164,271,0,271,435
05/13/2021,HUF,IN,AGL,CE,Combined TRACON& Tower with Radar,0,1,15,2,18,0,7,61,0,68,0,8,76,2,86,179,0,179,265
05/14/2021,HUF,IN,AGL,CE,Combined TRACON& Tower with Radar,0,3,24,8,35,0,8,81,0,89,0,11,105,8,124,132,12,144,268
05/15/2021,HUF,IN,AGL,CE,Combined TRACON& Tower with Radar,0,2,15,1,18,0,0,48,2,50,0,2,63,3,68,148,0,148,216
05/16/2021,HUF,IN,AGL,CE,Combined TRACON& Tower with Radar,0,0,11,0,11,0,1,27,0,28,0,1,38,0,39,57,0,57,96
05/17/2021,HUF,IN,AGL,CE,Combined TRACON& Tower with Radar,0,3,15,0,18,0,1,4,0,5,0,4,19,0,23,45,0,45,68
05/18/2021,HUF,IN,AGL,CE,Combined TRACON& Tower with Radar,0,1,21,2,24,0,2,56,0,58,0,3,77,2,82,207,0,207,289
05/19/2021,HUF,IN,AGL,CE,Combined TRACON& Tower with Radar,0,2,36,0,38,0,1,71,0,72,0,3,107,0,110,200,0,200,310
05/20/2021,HUF,IN,AGL,CE,Combined TRACON& Tower with Radar,0,4,37,0,41,0,6,83,1,90,0,10,120,1,131,219,0,219,350
05/21/2021,HUF,IN,AGL,CE,Combined TRACON& Tower with Radar,0,1,41,2,44,0,5,125,0,130,0,6,166,2,174,283,0,283,457
05/22/2021,HUF,IN,AGL,CE,Combined TRACON& Tower with Radar,0,2,24,0,26,0,0,64,0,64,0,2,88,0,90,184,0,184,274
05/23/2021,HUF,IN,AGL,CE,Combined TRACON& Tower with Radar,0,7,15,4,26,0,8,47,0,55,0,15,62,4,81,70,0,70,151
05/24/2021,HUF,IN,AGL,CE,Combined TRACON& Tower with Radar,0,7,44,0,51,0,6,133,0,139,0,13,177,0,190,182,0,182,372
05/25/2021,HUF,IN,AGL,CE,Combined TRACON& Tower with Radar,0,5,24,0,29,0,8,139,0,147,0,13,163,0,176,248,0,248,424
05/26/2021,HUF,IN,AGL,CE,Combined TRACON& Tower with Radar,0,5,38,0,43,0,5,28,0,33,0,10,66,0,76,137,0,137,213
05/27/2021,HUF,IN,AGL,CE,Combined TRACON& Tower with Radar,0,3,18,2,23,0,6,61,0,67,0,9,79,2,90,259,0,259,349
05/28/2021,HUF,IN,AGL,CE,Combined TRACON& Tower with Radar,0,10,16,0,26,0,0,0,0,0,0,10,16,0,26,0,0,0,26
05/29/2021,HUF,IN,AGL,CE,Combined TRACON& Tower with Radar,0,0,6,1,7,0,2,23,4,29,0,2,29,5,36,2,0,2,38
05/30/2021,HUF,IN,AGL,CE,Combined TRACON& Tower with Radar,0,0,17,0,17,0,5,89,0,94,0,5,106,0,111,76,0,76,187
05/31/2021,HUF,IN,AGL,CE,Combined TRACON& Tower with Radar,0,0,4,0,4,0,2,31,0,33,0,2,35,0,37,28,0,28,65
06/01/2021,HUF,IN,AGL,CE,Combined TRACON& Tower with Radar,0,1,16,0,17,0,1,109,0,110,0,2,125,0,127,266,0,266,393
06/02/2021,HUF,IN,AGL,CE,Combined TRACON& Tower with Radar,0,6,22,0,28,0,0,0,0,0,0,6,22,0,28,0,0,0,28
06/03/2021,HUF,IN,AGL,CE,Combined TRACON& Tower with Radar,0,3,28,0,31,0,8,72,0,80,0,11,100,0,111,189,0,189,300
06/04/2021,HUF,IN,AGL,CE,Combined TRACON& Tower with Radar,0,8,43,2,53,0,12,171,0,183,0,20,214,2,236,306,0,306,542
06/05/2021,HUF,IN,AGL,CE,Combined TRACON& Tower with Radar,0,0,27,2,29,0,10,96,2,108,0,10,123,4,137,205,0,205,342
06/06/2021,HUF,IN,AGL,CE,Combined TRACON& Tower with Radar,0,2,32,0,34,0,0,27,0,27,0,2,59,0,61,63,0,63,124
06/07/2021,HUF,IN,AGL,CE,Combined TRACON& Tower with Radar,0,2,44,0,46,0,1,33,0,34,0,3,77,0,80,143,0,143,223
06/08/2021,HUF,IN,AGL,CE,Combined TRACON& Tower with Radar,0,3,26,0,29,0,0,19,0,19,0,3,45,0,48,184,0,184,232
06/09/2021,HUF,IN,AGL,CE,Combined TRACON& Tower with Radar,0,2,33,0,35,0,0,13,0,13,0,2,46,0,48,128,0,128,176
06/10/2021,HUF,IN,AGL,CE,Combined TRACON& Tower with Radar,0,0,15,1,16,0,5,9,1,15,0,5,24,2,31,156,0,156,187
06/11/2021,HUF,IN,AGL,CE,Combined TRACON& Tower with Radar,0,2,12,0,14,0,0,51,0,51,0,2,63,0,65,194,0,194,259
06/12/2021,HUF,IN,AGL,CE,Combined TRACON& Tower with Radar,0,0,12,0,12,0,4,61,0,65,0,4,73,0,77,120,0,120,197
06/13/2021,HUF,IN,AGL,CE,Combined TRACON& Tower with Radar,0,2,11,0,13,0,2,52,0,54,0,4,63,0,67,138,0,138,205
06/14/2021,HUF,IN,AGL,CE,Combined TRACON& Tower with Radar,0,3,50,0,53,0,5,124,0,129,0,8,174,0,182,134,0,134,316
06/15/2021,HUF,IN,AGL,CE,Combined TRACON& Tower with Radar,0,7,27,2,36,0,6,186,0,192,0,13,213,2,228,162,0,162,390
06/16/2021,HUF,IN,AGL,CE,Combined TRACON& Tower with Radar,0,6,39,0,45,0,8,146,0,154,0,14,185,0,199,348,0,348,547
06/17/2021,HUF,IN,AGL,CE,Combined TRACON& Tower with Radar,0,4,31,0,35,0,9,104,0,113,0,13,135,0,148,226,0,226,374
06/18/2021,HUF,IN,AGL,CE,Combined TRACON& Tower with Radar,0,3,11,0,14,0,5,23,0,28,0,8,34,0,42,116,0,116,158
06/19/2021,HUF,IN,AGL,CE,Combined TRACON& Tower with Radar,0,3,3,0,6,0,0,18,0,18,0,3,21,0,24,10,0,10,34
06/20/2021,HUF,IN,AGL,CE,Combined TRACON& Tower with Radar,0,0,4,4,8,0,4,24,0,28,0,4,28,4,36,186,0,186,222
06/21/2021,HUF,IN,AGL,CE,Combined TRACON& Tower with Radar,0,0,57,6,63,0,3,46,0,49,0,3,103,6,112,107,0,107,219
06/22/2021,HUF,IN,AGL,CE,Combined TRACON& Tower with Radar,0,4,43,10,57,0,6,165,0,171,0,10,208,10,228,233,0,233,461
06/23/2021,HUF,IN,AGL,CE,Combined TRACON& Tower with Radar,0,9,26,0,35,0,12,106,0,118,0,21,132,0,153,198,0,198,351
06/24/2021,HUF,IN,AGL,CE,Combined TRACON& Tower with Radar,0,5,32,5,42,0,3,90,0,93,0,8,122,5,135,180,0,180,315
06/25/2021,HUF,IN,AGL,CE,Combined TRACON& Tower with Radar,0,4,10,0,14,0,1,7,0,8,0,5,17,0,22,28,0,28,50
06/26/2021,HUF,IN,AGL,CE,Combined TRACON& Tower with Radar,0,5,5,0,10,0,2,9,0,11,0,7,14,0,21,0,0,0,21
06/27/2021,HUF,IN,AGL,CE,Combined TRACON& Tower with Radar,0,2,10,0,12,0,4,7,0,11,0,6,17,0,23,0,0,0,23
06/28/2021,HUF,IN,AGL,CE,Combined TRACON& Tower with Radar,0,2,17,1,20,0,2,75,0,77,0,4,92,1,97,161,0,161,258
06/29/2021,HUF,IN,AGL,CE,Combined TRACON& Tower with Radar,0,0,18,1,19,0,3,63,2,68,0,3,81,3,87,175,0,175,262
06/30/2021,HUF,IN,AGL,CE,Combined TRACON& Tower with Radar,0,4,3,1,8,0,2,11,0,13,0,6,14,1,21,70,0,70,91
07/01/2021,HUF,IN,AGL,CE,Combined TRACON& Tower with Radar,0,9,67,0,76,0,0,51,0,51,0,9,118,0,127,218,0,218,345
07/02/2021,HUF,IN,AGL,CE,Combined TRACON& Tower with Radar,0,4,65,0,69,0,4,109,2,115,0,8,174,2,184,272,0,272,456
07/03/2021,HUF,IN,AGL,CE,Combined TRACON& Tower with Radar,0,0,13,0,13,0,0,42,0,42,0,0,55,0,55,53,0,53,108
07/04/2021,HUF,IN,AGL,CE,Combined TRACON& Tower with Radar,0,0,4,0,4,0,0,7,0,7,0,0,11,0,11,6,0,6,17
07/05/2021,HUF,IN,AGL,CE,Combined TRACON& Tower with Radar,0,0,10,0,10,0,6,30,0,36,0,6,40,0,46,75,0,75,121
07/06/2021,HUF,IN,AGL,CE,Combined TRACON& Tower with Radar,0,1,39,2,42,0,2,87,0,89,0,3,126,2,131,265,0,265,396
07/07/2021,HUF,IN,AGL,CE,Combined TRACON& Tower with Radar,0,2,57,0,59,0,4,93,3,100,0,6,150,3,159,170,0,170,329
07/08/2021,HUF,IN,AGL,CE,Combined TRACON& Tower with Radar,0,11,58,8,77,0,0,13,0,13,0,11,71,8,90,79,0,79,169
07/09/2021,HUF,IN,AGL,CE,Combined TRACON& Tower with Radar,0,4,57,2,63,0,3,63,2,68,0,7,120,4,131,190,0,190,321
07/10/2021,HUF,IN,AGL,CE,Combined TRACON& Tower with Radar,0,2,20,0,22,0,0,15,0,15,0,2,35,0,37,12,0,12,49
07/11/2021,HUF,IN,AGL,CE,Combined TRACON& Tower with Radar,0,6,6,0,12,0,0,0,0,0,0,6,6,0,12,2,0,2,14
07/12/2021,HUF,IN,AGL,CE,Combined TRACON& Tower with Radar,0,10,10,0,20,0,1,14,0,15,0,11,24,0,35,54,0,54,89
07/13/2021,HUF,IN,AGL,CE,Combined TRACON& Tower with Radar,0,13,51,2,66,0,4,28,2,34,0,17,79,4,100,166,0,166,266
07/14/2021,HUF,IN,AGL,CE,Combined TRACON& Tower with Radar,0,4,45,0,49,0,12,146,0,158,0,16,191,0,207,234,0,234,441
07/15/2021,HUF,IN,AGL,CE,Combined TRACON& Tower with Radar,0,5,18,0,23,0,3,72,0,75,0,8,90,0,98,132,0,132,230
07/16/2021,HUF,IN,AGL,CE,Combined TRACON& Tower with Radar,0,4,7,0,11,0,0,0,0,0,0,4,7,0,11,0,0,0,11
07/17/2021,HUF,IN,AGL,CE,Combined TRACON& Tower with Radar,0,4,27,0,31,0,6,37,0,43,0,10,64,0,74,98,0,98,172
07/18/2021,HUF,IN,AGL,CE,Combined TRACON& Tower with Radar,0,7,18,0,25,0,6,62,0,68,0,13,80,0,93,96,0,96,189
07/19/2021,HUF,IN,AGL,CE,Combined TRACON& Tower with Radar,0,1,39,0,40,0,8,131,0,139,0,9,170,0,179,110,0,110,289
07/20/2021,HUF,IN,AGL,CE,Combined TRACON& Tower with Radar,0,2,40,6,48,0,4,125,0,129,0,6,165,6,177,195,0,195,372
07/21/2021,HUF,IN,AGL,CE,Combined TRACON& Tower with Radar,0,7,39,0,46,0,5,83,0,88,0,12,122,0,134,247,0,247,381
07/22/2021,HUF,IN,AGL,CE,Combined TRACON& Tower with Radar,0,1,49,0,50,0,1,72,0,73,0,2,121,0,123,347,0,347,470
07/23/2021,HUF,IN,AGL,CE,Combined TRACON& Tower with Radar,0,5,47,2,54,0,1,88,0,89,0,6,135,2,143,115,0,115,258
07/24/2021,HUF,IN,AGL,CE,Combined TRACON& Tower with Radar,0,1,16,0,17,0,3,35,0,38,0,4,51,0,55,86,0,86,141
07/25/2021,HUF,IN,AGL,CE,Combined TRACON& Tower with Radar,0,1,13,0,14,0,5,20,0,25,0,6,33,0,39,10,0,10,49
07/26/2021,HUF,IN,AGL,CE,Combined TRACON& Tower with Radar,0,0,22,0,22,0,2,93,0,95,0,2,115,0,117,45,0,45,162
07/27/2021,HUF,IN,AGL,CE,Combined TRACON& Tower with Radar,0,4,22,5,31,0,1,86,0,87,0,5,108,5,118,180,0,180,298
07/28/2021,HUF,IN,AGL,CE,Combined TRACON& Tower with Radar,0,2,27,0,29,0,9,73,0,82,0,11,100,0,111,154,0,154,265
07/29/2021,HUF,IN,AGL,CE,Combined TRACON& Tower with Radar,0,0,17,2,19,0,2,36,0,38,0,2,53,2,57,82,0,82,139
07/30/2021,HUF,IN,AGL,CE,Combined TRACON& Tower with Radar,0,1,31,7,39,0,10,99,0,109,0,11,130,7,148,174,0,174,322
07/31/2021,HUF,IN,AGL,CE,Combined TRACON& Tower with Radar,0,4,13,0,17,0,2,35,0,37,0,6,48,0,54,80,0,80,134
08/01/2021,HUF,IN,AGL,CE,Combined TRACON& Tower with Radar,0,1,26,0,27,0,3,20,0,23,0,4,46,0,50,16,0,16,66
08/02/2021,HUF,IN,AGL,CE,Combined TRACON& Tower with Radar,0,1,26,0,27,0,4,109,7,120,0,5,135,7,147,141,0,141,288
08/03/2021,HUF,IN,AGL,CE,Combined TRACON& Tower with Radar,0,7,16,1,24,0,1,100,1,102,0,8,116,2,126,142,0,142,268
08/04/2021,HUF,IN,AGL,CE,Combined TRACON& Tower with Radar,0,0,42,0,42,0,4,130,0,134,0,4,172,0,176,194,0,194,370
08/05/2021,HUF,IN,AGL,CE,Combined TRACON& Tower with Radar,0,2,26,4,32,0,4,83,0,87,0,6,109,4,119,234,0,234,353
08/06/2021,HUF,IN,AGL,CE,Combined TRACON& Tower with Radar,0,3,32,0,35,0,4,89,0,93,0,7,121,0,128,133,0,133,261
08/07/2021,HUF,IN,AGL,CE,Combined TRACON& Tower with Radar,0,0,12,0,12,0,5,36,0,41,0,5,48,0,53,74,0,74,127
08/08/2021,HUF,IN,AGL,CE,Combined TRACON& Tower with Radar,0,2,5,0,7,0,0,26,0,26,0,2,31,0,33,14,0,14,47
08/09/2021,HUF,IN,AGL,CE,Combined TRACON& Tower with Radar,0,0,12,0,12,0,0,14,1,15,0,0,26,1,27,8,0,8,35
08/10/2021,HUF,IN,AGL,CE,Combined TRACON& Tower with Radar,0,4,13,4,21,0,1,30,1,32,0,5,43,5,53,112,0,112,165
08/11/2021,HUF,IN,AGL,CE,Combined TRACON& Tower with Radar,0,5,16,5,26,0,2,70,0,72,0,7,86,5,98,52,2,54,152
08/12/2021,HUF,IN,AGL,CE,Combined TRACON& Tower with Radar,0,1,20,0,21,0,5,57,0,62,0,6,77,0,83,90,0,90,173
08/13/2021,HUF,IN,AGL,CE,Combined TRACON& Tower with Radar,2,1,24,8,35,0,4,70,2,76,2,5,94,10,111,128,12,140,251
08/14/2021,HUF,IN,AGL,CE,Combined TRACON& Tower with Radar,0,6,6,0,12,0,3,46,2,51,0,9,52,2,63,43,0,43,106
08/15/2021,HUF,IN,AGL,CE,Combined TRACON& Tower with Radar,2,3,16,0,21,0,4,32,0,36,2,7,48,0,57,29,0,29,86
08/16/2021,HUF,IN,AGL,CE,Combined TRACON& Tower with Radar,5,0,7,9,21,0,0,33,5,38,5,0,40,14,59,83,2,85,144
08/17/2021,HUF,IN,AGL,CE,Combined TRACON& Tower with Radar,1,5,10,17,33,0,1,15,26,42,1,6,25,43,75,20,0,20,95
08/18/2021,HUF,IN,AGL,CE,Combined TRACON& Tower with Radar,0,3,10,23,36,0,5,57,38,100,0,8,67,61,136,64,23,87,223
08/19/2021,HUF,IN,AGL,CE,Combined TRACON& Tower with Radar,0,1,16,40,57,0,3,41,19,63,0,4,57,59,120,39,12,51,171
08/20/2021,HUF,IN,AGL,CE,Combined TRACON& Tower with Radar,0,2,13,37,52,0,3,46,27,76,0,5,59,64,128,94,4,98,226
08/21/2021,HUF,IN,AGL,CE,Combined TRACON& Tower with Radar,0,0,12,0,12,0,4,35,0,39,0,4,47,0,51,64,0,64,115
08/22/2021,HUF,IN,AGL,CE,Combined TRACON& Tower with Radar,0,4,5,33,42,0,3,20,26,49,0,7,25,59,91,0,18,18,109
08/23/2021,HUF,IN,AGL,CE,Combined TRACON& Tower with Radar,0,0,7,44,51,0,2,47,22,71,0,2,54,66,122,50,18,68,190
08/24/2021,HUF,IN,AGL,CE,Combined TRACON& Tower with Radar,0,1,1,36,38,0,6,29,38,73,0,7,30,74,111,58,12,70,181
08/25/2021,HUF,IN,AGL,CE,Combined TRACON& Tower with Radar,3,0,18,12,33,0,1,36,2,39,3,1,54,14,72,28,0,28,100
08/26/2021,HUF,IN,AGL,CE,Combined TRACON& Tower with Radar,3,3,14,2,22,0,1,40,2,43,3,4,54,4,65,108,0,108,173
08/27/2021,HUF,IN,AGL,CE,Combined TRACON& Tower with Radar,2,0,17,19,38,0,1,99,1,101,2,1,116,20,139,123,8,131,270
08/28/2021,HUF,IN,AGL,CE,Combined TRACON& Tower with Radar,0,2,12,2,16,0,5,74,0,79,0,7,86,2,95,104,0,104,199
08/29/2021,HUF,IN,AGL,CE,Combined TRACON& Tower with Radar,0,1,14,0,15,0,2,48,1,51,0,3,62,1,66,50,0,50,116
08/30/2021,HUF,IN,AGL,CE,Combined TRACON& Tower with Radar,0,1,17,0,18,0,0,2,0,2,0,1,19,0,20,18,0,18,38
08/31/2021,HUF,IN,AGL,CE,Combined TRACON& Tower with Radar,0,4,34,0,38,0,0,38,0,38,0,4,72,0,76,0,0,0,76
09/01/2021,HUF,IN,AGL,CE,Combined TRACON& Tower with Radar,0,3,42,2,47,0,1,178,0,179,0,4,220,2,226,172,8,180,406
09/02/2021,HUF,IN,AGL,CE,Combined TRACON& Tower with Radar,0,2,22,2,26,0,5,157,5,167,0,7,179,7,193,152,0,152,345
09/03/2021,HUF,IN,AGL,CE,Combined TRACON& Tower with Radar,0,2,26,0,28,0,5,120,0,125,0,7,146,0,153,215,0,215,368
09/04/2021,HUF,IN,AGL,CE,Combined TRACON& Tower with Radar,0,0,6,0,6,0,0,7,0,7,0,0,13,0,13,20,0,20,33
09/05/2021,HUF,IN,AGL,CE,Combined TRACON& Tower with Radar,0,0,15,1,16,0,2,34,0,36,0,2,49,1,52,58,0,58,110
09/06/2021,HUF,IN,AGL,CE,Combined TRACON& Tower with Radar,0,0,10,0,10,0,2,54,0,56,0,2,64,0,66,65,0,65,131
09/07/2021,HUF,IN,AGL,CE,Combined TRACON& Tower with Radar,0,0,16,0,16,0,1,54,0,55,0,1,70,0,71,64,0,64,135
09/08/2021,HUF,IN,AGL,CE,Combined TRACON& Tower with Radar,0,0,23,4,27,0,6,119,5,130,0,6,142,9,157,184,0,184,341
09/09/2021,HUF,IN,AGL,CE,Combined TRACON& Tower with Radar,0,0,27,2,29,0,9,143,0,152,0,9,170,2,181,126,0,126,307
09/10/2021,HUF,IN,AGL,CE,Combined TRACON& Tower with Radar,0,2,25,3,30,0,6,110,1,117,0,8,135,4,147,182,8,190,337
09/11/2021,HUF,IN,AGL,CE,Combined TRACON& Tower with Radar,0,2,25,0,27,0,7,75,1,83,0,9,100,1,110,124,4,128,238
09/12/2021,HUF,IN,AGL,CE,Combined TRACON& Tower with Radar,0,1,5,0,6,0,3,30,0,33,0,4,35,0,39,48,0,48,87
09/13/2021,HUF,IN,AGL,CE,Combined TRACON& Tower with Radar,0,0,16,0,16,0,3,118,0,121,0,3,134,0,137,184,0,184,321
09/14/2021,HUF,IN,AGL,CE,Combined TRACON& Tower with Radar,0,4,20,4,28,0,1,79,0,80,0,5,99,4,108,79,0,79,187
09/15/2021,HUF,IN,AGL,CE,Combined TRACON& Tower with Radar,0,3,34,8,45,0,5,114,0,119,0,8,148,8,164,194,0,194,358
09/16/2021,HUF,IN,AGL,CE,Combined TRACON& Tower with Radar,0,11,34,2,47,0,6,112,0,118,0,17,146,2,165,223,0,223,388
09/17/2021,HUF,IN,AGL,CE,Combined TRACON& Tower with Radar,0,2,13,0,15,0,4,87,0,91,0,6,100,0,106,167,0,167,273
09/18/2021,HUF,IN,AGL,CE,Combined TRACON& Tower with Radar,0,6,12,0,18,0,4,66,0,70,0,10,78,0,88,116,0,116,204
09/19/2021,HUF,IN,AGL,CE,Combined TRACON& Tower with Radar,0,5,18,2,25,0,5,50,0,55,0,10,68,2,80,38,0,38,118
09/20/2021,HUF,IN,AGL,CE,Combined TRACON& Tower with Radar,0,4,19,2,25,0,3,15,0,18,0,7,34,2,43,60,0,60,103
09/21/2021,HUF,IN,AGL,CE,Combined TRACON& Tower with Radar,0,3,31,0,34,0,0,0,0,0,0,3,31,0,34,0,0,0,34
09/22/2021,HUF,IN,AGL,CE,Combined TRACON& Tower with Radar,0,5,28,0,33,0,0,4,0,4,0,5,32,0,37,14,0,14,51
09/23/2021,HUF,IN,AGL,CE,Combined TRACON& Tower with Radar,0,6,27,0,33,0,7,124,9,140,0,13,151,9,173,151,6,157,330
09/24/2021,HUF,IN,AGL,CE,Combined TRACON& Tower with Radar,1,7,27,0,35,0,4,19,0,23,1,11,46,0,58,0,0,0,58
09/25/2021,HUF,IN,AGL,CE,Combined TRACON& Tower with Radar,1,2,32,0,35,0,7,69,0,76,1,9,101,0,111,119,0,119,230
09/26/2021,HUF,IN,AGL,CE,Combined TRACON& Tower with Radar,0,6,11,11,28,0,3,50,0,53,0,9,61,11,81,46,6,52,133
09/27/2021,HUF,IN,AGL,CE,Combined TRACON& Tower with Radar,0,4,17,0,21,0,7,70,1,78,0,11,87,1,99,87,0,87,186
09/28/2021,HUF,IN,AGL,CE,Combined TRACON& Tower with Radar,0,8,23,0,31,0,2,106,0,108,0,10,129,0,139,137,0,137,276
09/29/2021,HUF,IN,AGL,CE,Combined TRACON& Tower with Radar,0,8,28,0,36,0,2,86,2,90,0,10,114,2,126,234,0,234,360
09/30/2021,HUF,IN,AGL,CE,Combined TRACON& Tower with Radar,0,6,25,2,33,0,4,92,0,96,0,10,117,2,129,328,0,328,457
10/01/2021,HUF,IN,AGL,CE,Combined TRACON& Tower with Radar,2,2,36,0,40,0,9,115,0,124,2,11,151,0,164,216,0,216,380
10/02/2021,HUF,IN,AGL,CE,Combined TRACON& Tower with Radar,2,1,16,0,19,0,0,3,0,3,2,1,19,0,22,18,0,18,40
10/03/2021,HUF,IN,AGL,CE,Combined TRACON& Tower with Radar,0,5,10,0,15,0,0,0,0,0,0,5,10,0,15,0,0,0,15
10/04/2021,HUF,IN,AGL,CE,Combined TRACON& Tower with Radar,0,0,25,1,26,0,1,23,1,25,0,1,48,2,51,76,0,76,127
10/05/2021,HUF,IN,AGL,CE,Combined TRACON& Tower with Radar,0,17,34,2,53,0,2,38,0,40,0,19,72,2,93,146,0,146,239
10/06/2021,HUF,IN,AGL,CE,Combined TRACON& Tower with Radar,0,15,35,1,51,0,3,28,0,31,0,18,63,1,82,184,0,184,266
10/07/2021,HUF,IN,AGL,CE,Combined TRACON& Tower with Radar,0,6,32,0,38,0,0,20,0,20,0,6,52,0,58,151,0,151,209
10/08/2021,HUF,IN,AGL,CE,Combined TRACON& Tower with Radar,0,4,31,0,35,0,9,42,0,51,0,13,73,0,86,147,0,147,233
10/09/2021,HUF,IN,AGL,CE,Combined TRACON& Tower with Radar,1,1,10,0,12,0,10,95,0,105,1,11,105,0,117,230,0,230,347
10/10/2021,HUF,IN,AGL,CE,Combined TRACON& Tower with Radar,0,0,15,0,15,0,9,38,0,47,0,9,53,0,62,384,0,384,446
10/11/2021,HUF,IN,AGL,CE,Combined TRACON& Tower with Radar,1,0,12,0,13,0,5,42,0,47,1,5,54,0,60,298,0,298,358
10/12/2021,HUF,IN,AGL,CE,Combined TRACON& Tower with Radar,0,10,38,0,48,0,7,87,0,94,0,17,125,0,142,303,0,303,445
10/13/2021,HUF,IN,AGL,CE,Combined TRACON& Tower with Radar,0,13,10,2,25,0,7,65,0,72,0,20,75,2,97,94,0,94,191
10/14/2021,HUF,IN,AGL,CE,Combined TRACON& Tower with Radar,0,8,17,0,25,0,0,32,0,32,0,8,49,0,57,126,0,126,183
10/15/2021,HUF,IN,AGL,CE,Combined TRACON& Tower with Radar,0,4,29,0,33,0,0,1,0,1,0,4,30,0,34,0,0,0,34
10/16/2021,HUF,IN,AGL,CE,Combined TRACON& Tower with Radar,0,4,9,0,13,0,11,60,0,71,0,15,69,0,84,74,0,74,158
10/17/2021,HUF,IN,AGL,CE,Combined TRACON& Tower with Radar,0,2,15,0,17,0,2,58,0,60,0,4,73,0,77,130,0,130,207
10/18/2021,HUF,IN,AGL,CE,Combined TRACON& Tower with Radar,0,4,20,0,24,0,9,120,0,129,0,13,140,0,153,249,0,249,402
10/19/2021,HUF,IN,AGL,CE,Combined TRACON& Tower with Radar,0,0,17,0,17,0,2,119,0,121,0,2,136,0,138,162,0,162,300
10/20/2021,HUF,IN,AGL,CE,Combined TRACON& Tower with Radar,0,3,19,4,26,0,4,85,0,89,0,7,104,4,115,126,10,136,251
10/21/2021,HUF,IN,AGL,CE,Combined TRACON& Tower with Radar,0,4,20,2,26,0,5,15,0,20,0,9,35,2,46,132,0,132,178
10/22/2021,HUF,IN,AGL,CE,Combined TRACON& Tower with Radar,0,0,21,0,21,0,0,1,0,1,0,0,22,0,22,0,0,0,22
10/23/2021,HUF,IN,AGL,CE,Combined TRACON& Tower with Radar,0,5,13,0,18,0,6,49,0,55,0,11,62,0,73,142,0,142,215
10/24/2021,HUF,IN,AGL,CE,Combined TRACON& Tower with Radar,0,1,5,0,6,0,0,0,0,0,0,1,5,0,6,10,0,10,16
10/25/2021,HUF,IN,AGL,CE,Combined TRACON& Tower with Radar,0,1,30,0,31,0,1,20,0,21,0,2,50,0,52,47,0,47,99
10/26/2021,HUF,IN,AGL,CE,Combined TRACON& Tower with Radar,0,0,31,0,31,0,3,133,2,138,0,3,164,2,169,205,0,205,374
10/27/2021,HUF,IN,AGL,CE,Combined TRACON& Tower with Radar,0,2,32,4,38,0,10,161,5,176,0,12,193,9,214,284,0,284,498
10/28/2021,HUF,IN,AGL,CE,Combined TRACON& Tower with Radar,0,0,45,0,45,0,0,2,0,2,0,0,47,0,47,20,0,20,67
10/29/2021,HUF,IN,AGL,CE,Combined TRACON& Tower with Radar,2,4,23,0,29,0,0,8,0,8,2,4,31,0,37,32,0,32,69
10/30/2021,HUF,IN,AGL,CE,Combined TRACON& Tower with Radar,2,2,24,0,28,0,0,0,0,0,2,2,24,0,28,10,0,10,38
10/31/2021,HUF,IN,AGL,CE,Combined TRACON& Tower with Radar,0,9,19,0,28,0,5,66,0,71,0,14,85,0,99,110,0,110,209
11/01/2021,HUF,IN,AGL,CE,Combined TRACON& Tower with Radar,0,1,23,0,24,0,4,111,0,115,0,5,134,0,139,158,0,158,297
11/02/2021,HUF,IN,AGL,CE,Combined TRACON& Tower with Radar,0,0,27,0,27,0,7,152,0,159,0,7,179,0,186,176,0,176,362
11/03/2021,HUF,IN,AGL,CE,Combined TRACON& Tower with Radar,0,1,20,0,21,0,5,144,0,149,0,6,164,0,170,206,0,206,376
11/04/2021,HUF,IN,AGL,CE,Combined TRACON& Tower with Radar,0,1,20,2,23,0,3,133,0,136,0,4,153,2,159,228,0,228,387
11/05/2021,HUF,IN,AGL,CE,Combined TRACON& Tower with Radar,0,1,20,0,21,0,8,114,0,122,0,9,134,0,143,254,0,254,397
11/06/2021,HUF,IN,AGL,CE,Combined TRACON& Tower with Radar,0,0,13,2,15,0,2,67,0,69,0,2,80,2,84,112,0,112,196
11/07/2021,HUF,IN,AGL,CE,Combined TRACON& Tower with Radar,0,3,20,0,23,0,4,69,0,73,0,7,89,0,96,96,0,96,192
11/08/2021,HUF,IN,AGL,CE,Combined TRACON& Tower with Radar,0,1,26,2,29,0,4,87,0,91,0,5,113,2,120,118,0,118,238
11/09/2021,HUF,IN,AGL,CE,Combined TRACON& Tower with Radar,0,2,22,1,25,0,5,106,1,112,0,7,128,2,137,216,0,216,353
11/10/2021,HUF,IN,AGL,CE,Combined TRACON& Tower with Radar,0,1,42,4,47,0,2,90,0,92,0,3,132,4,139,192,0,192,331
11/11/2021,HUF,IN,AGL,CE,Combined TRACON& Tower with Radar,0,0,17,0,17,0,0,20,0,20,0,0,37,0,37,114,0,114,151
11/12/2021,HUF,IN,AGL,CE,Combined TRACON& Tower with Radar,0,1,22,0,23,0,1,43,0,44,0,2,65,0,67,146,0,146,213
11/13/2021,HUF,IN,AGL,CE,Combined TRACON& Tower with Radar,0,0,7,0,7,0,0,5,2,7,0,0,12,2,14,66,0,66,80
11/14/2021,HUF,IN,AGL,CE,Combined TRACON& Tower with Radar,0,0,5,0,5,0,3,3,0,6,0,3,8,0,11,0,0,0,11
11/15/2021,HUF,IN,AGL,CE,Combined TRACON& Tower with Radar,0,2,14,3,19,0,1,79,1,81,0,3,93,4,100,124,0,124,224
11/16/2021,HUF,IN,AGL,CE,Combined TRACON& Tower with Radar,0,3,31,2,36,0,4,103,2,109,0,7,134,4,145,180,0,180,325
11/17/2021,HUF,IN,AGL,CE,Combined TRACON& Tower with Radar,0,6,16,0,22,0,0,4,0,4,0,6,20,0,26,38,0,38,64
11/18/2021,HUF,IN,AGL,CE,Combined TRACON& Tower with Radar,0,2,31,1,34,0,6,75,0,81,0,8,106,1,115,92,0,92,207
11/19/2021,HUF,IN,AGL,CE,Combined TRACON& Tower with Radar,0,3,40,1,44,0,10,112,0,122,0,13,152,1,166,150,0,150,316
11/20/2021,HUF,IN,AGL,CE,Combined TRACON& Tower with Radar,0,1,13,0,14,0,2,72,0,74,0,3,85,0,88,164,0,164,252
11/21/2021,HUF,IN,AGL,CE,Combined TRACON& Tower with Radar,0,0,5,0,5,0,0,5,0,5,0,0,10,0,10,0,0,0,10
11/22/2021,HUF,IN,AGL,CE,Combined TRACON& Tower with Radar,0,4,20,2,26,0,4,102,0,106,0,8,122,2,132,90,0,90,222
11/23/2021,HUF,IN,AGL,CE,Combined TRACON& Tower with Radar,0,3,19,1,23,0,3,83,3,89,0,6,102,4,112,132,0,132,244
11/24/2021,HUF,IN,AGL,CE,Combined TRACON& Tower with Radar,0,2,9,0,11,0,0,12,0,12,0,2,21,0,23,13,0,13,36
11/25/2021,HUF,IN,AGL,CE,Combined TRACON& Tower with Radar,0,0,0,0,0,0,0,0,0,0,0,0,0,0,0,0,0,0,0
11/26/2021,HUF,IN,AGL,CE,Combined TRACON& Tower with Radar,0,0,7,0,7,0,0,24,0,24,0,0,31,0,31,10,0,10,41
11/27/2021,HUF,IN,AGL,CE,Combined TRACON& Tower with Radar,0,0,10,0,10,0,0,35,0,35,0,0,45,0,45,26,0,26,71
11/28/2021,HUF,IN,AGL,CE,Combined TRACON& Tower with Radar,0,0,12,0,12,0,3,21,0,24,0,3,33,0,36,12,0,12,48
11/29/2021,HUF,IN,AGL,CE,Combined TRACON& Tower with Radar,0,0,23,0,23,0,2,98,0,100,0,2,121,0,123,162,0,162,285
11/30/2021,HUF,IN,AGL,CE,Combined TRACON& Tower with Radar,0,0,28,0,28,0,4,87,0,91,0,4,115,0,119,152,0,152,271
12/01/2021,HUF,IN,AGL,CE,Combined TRACON& Tower with Radar,0,0,13,0,13,0,0,0,0,0,0,0,13,0,13,2,0,2,15
12/02/2021,HUF,IN,AGL,CE,Combined TRACON& Tower with Radar,0,0,29,3,32,0,7,112,0,119,0,7,141,3,151,283,0,283,434
12/03/2021,HUF,IN,AGL,CE,Combined TRACON& Tower with Radar,0,0,28,3,31,1,8,123,1,133,1,8,151,4,164,240,0,240,404
12/04/2021,HUF,IN,AGL,CE,Combined TRACON& Tower with Radar,0,0,14,0,14,0,9,113,0,122,0,9,127,0,136,178,0,178,314
12/05/2021,HUF,IN,AGL,CE,Combined TRACON& Tower with Radar,0,0,4,0,4,0,0,5,0,5,0,0,9,0,9,8,0,8,17
12/06/2021,HUF,IN,AGL,CE,Combined TRACON& Tower with Radar,0,2,9,0,11,0,1,37,0,38,0,3,46,0,49,57,0,57,106
12/07/2021,HUF,IN,AGL,CE,Combined TRACON& Tower with Radar,0,0,15,0,15,0,5,101,1,107,0,5,116,1,122,152,0,152,274
12/08/2021,HUF,IN,AGL,CE,Combined TRACON& Tower with Radar,0,0,44,1,45,0,3,133,2,138,0,3,177,3,183,204,0,204,387
12/09/2021,HUF,IN,AGL,CE,Combined TRACON& Tower with Radar,2,3,7,0,12,0,3,24,2,29,2,6,31,2,41,40,0,40,81
12/10/2021,HUF,IN,AGL,CE,Combined TRACON& Tower with Radar,0,0,1,0,1,0,0,0,0,0,0,0,1,0,1,0,0,0,1
12/11/2021,HUF,IN,AGL,CE,Combined TRACON& Tower with Radar,0,2,1,0,3,0,2,5,0,7,0,4,6,0,10,8,0,8,18
12/12/2021,HUF,IN,AGL,CE,Combined TRACON& Tower with Radar,0,0,6,4,10,0,3,51,0,54,0,3,57,4,64,103,0,103,167
12/13/2021,HUF,IN,AGL,CE,Combined TRACON& Tower with Radar,0,1,36,0,37,0,7,114,0,121,0,8,150,0,158,170,0,170,328
12/14/2021,HUF,IN,AGL,CE,Combined TRACON& Tower with Radar,0,1,30,0,31,0,3,81,3,87,0,4,111,3,118,156,0,156,274
12/15/2021,HUF,IN,AGL,CE,Combined TRACON& Tower with Radar,0,0,13,0,13,0,0,2,0,2,0,0,15,0,15,6,0,6,21
12/16/2021,HUF,IN,AGL,CE,Combined TRACON& Tower with Radar,0,4,8,0,12,0,2,18,0,20,0,6,26,0,32,46,0,46,78
12/17/2021,HUF,IN,AGL,CE,Combined TRACON& Tower with Radar,0,0,18,0,18,0,0,37,0,37,0,0,55,0,55,84,0,84,139
12/18/2021,HUF,IN,AGL,CE,Combined TRACON& Tower with Radar,0,0,10,0,10,0,0,2,0,2,0,0,12,0,12,14,0,14,26
12/19/2021,HUF,IN,AGL,CE,Combined TRACON& Tower with Radar,0,5,7,0,12,0,6,60,0,66,0,11,67,0,78,185,0,185,263
12/20/2021,HUF,IN,AGL,CE,Combined TRACON& Tower with Radar,1,2,18,4,25,0,1,62,1,64,1,3,80,5,89,136,0,136,225
12/21/2021,HUF,IN,AGL,CE,Combined TRACON& Tower with Radar,9,2,10,0,21,0,3,48,0,51,9,5,58,0,72,155,0,155,227
12/22/2021,HUF,IN,AGL,CE,Combined TRACON& Tower with Radar,4,0,14,0,18,0,6,65,0,71,4,6,79,0,89,88,0,88,177
12/23/2021,HUF,IN,AGL,CE,Combined TRACON& Tower with Radar,0,3,6,0,9,0,3,18,0,21,0,6,24,0,30,14,0,14,44
12/24/2021,HUF,IN,AGL,CE,Combined TRACON& Tower with Radar,0,0,0,0,0,0,0,4,0,4,0,0,4,0,4,0,0,0,4
12/25/2021,HUF,IN,AGL,CE,Combined TRACON& Tower with Radar,0,0,0,0,0,0,0,1,0,1,0,0,1,0,1,0,0,0,1
12/26/2021,HUF,IN,AGL,CE,Combined TRACON& Tower with Radar,0,2,2,0,4,0,0,3,0,3,0,2,5,0,7,0,0,0,7
12/27/2021,HUF,IN,AGL,CE,Combined TRACON& Tower with Radar,0,0,4,0,4,0,0,8,0,8,0,0,12,0,12,16,0,16,28
12/28/2021,HUF,IN,AGL,CE,Combined TRACON& Tower with Radar,0,0,2,2,4,0,0,3,0,3,0,0,5,2,7,0,0,0,7
12/29/2021,HUF,IN,AGL,CE,Combined TRACON& Tower with Radar,0,8,4,0,12,0,0,0,0,0,0,8,4,0,12,0,0,0,12
12/30/2021,HUF,IN,AGL,CE,Combined TRACON& Tower with Radar,0,0,2,0,2,0,0,0,0,0,0,0,2,0,2,0,0,0,2
12/31/2021,HUF,IN,AGL,CE,Combined TRACON& Tower with Radar,0,0,7,0,7,0,1,0,0,1,0,1,7,0,8,0,0,0,8
01/01/2022,HUF,IN,AGL,CE,Combined TRACON& Tower with Radar,0,0,3,0,3,0,0,0,0,0,0,0,3,0,3,0,0,0,3
01/02/2022,HUF,IN,AGL,CE,Combined TRACON& Tower with Radar,0,1,3,0,4,0,2,2,0,4,0,3,5,0,8,16,0,16,24
01/03/2022,HUF,IN,AGL,CE,Combined TRACON& Tower with Radar,0,0,19,0,19,0,0,48,0,48,0,0,67,0,67,198,0,198,265
01/04/2022,HUF,IN,AGL,CE,Combined TRACON& Tower with Radar,0,0,9,0,9,0,1,5,0,6,0,1,14,0,15,0,0,0,15
01/05/2022,HUF,IN,AGL,CE,Combined TRACON& Tower with Radar,0,0,0,0,0,0,0,2,0,2,0,0,2,0,2,0,0,0,2
01/06/2022,HUF,IN,AGL,CE,Combined TRACON& Tower with Radar,0,3,9,0,12,0,3,9,0,12,0,6,18,0,24,96,0,96,120
01/07/2022,HUF,IN,AGL,CE,Combined TRACON& Tower with Radar,0,0,16,0,16,0,0,57,0,57,0,0,73,0,73,122,0,122,195
01/08/2022,HUF,IN,AGL,CE,Combined TRACON& Tower with Radar,0,0,3,1,4,0,0,16,1,17,0,0,19,2,21,22,0,22,43
01/09/2022,HUF,IN,AGL,CE,Combined TRACON& Tower with Radar,0,0,1,0,1,0,2,9,0,11,0,2,10,0,12,20,0,20,32
01/10/2022,HUF,IN,AGL,CE,Combined TRACON& Tower with Radar,0,1,6,0,7,0,6,43,0,49,0,7,49,0,56,66,0,66,122
01/11/2022,HUF,IN,AGL,CE,Combined TRACON& Tower with Radar,0,1,6,0,7,0,1,53,0,54,0,2,59,0,61,130,0,130,191
01/12/2022,HUF,IN,AGL,CE,Combined TRACON& Tower with Radar,0,0,12,0,12,0,4,90,0,94,0,4,102,0,106,98,0,98,204
01/13/2022,HUF,IN,AGL,CE,Combined TRACON& Tower with Radar,0,1,19,0,20,0,2,76,0,78,0,3,95,0,98,178,0,178,276
01/14/2022,HUF,IN,AGL,CE,Combined TRACON& Tower with Radar,0,0,8,2,10,0,0,1,0,1,0,0,9,2,11,0,0,0,11
01/15/2022,HUF,IN,AGL,CE,Combined TRACON& Tower with Radar,0,2,5,0,7,0,1,26,0,27,0,3,31,0,34,36,0,36,70
01/16/2022,HUF,IN,AGL,CE,Combined TRACON& Tower with Radar,0,2,17,0,19,0,1,82,0,83,0,3,99,0,102,66,0,66,168
01/17/2022,HUF,IN,AGL,CE,Combined TRACON& Tower with Radar,0,0,2,0,2,0,1,2,0,3,0,1,4,0,5,66,0,66,71
01/18/2022,HUF,IN,AGL,CE,Combined TRACON& Tower with Radar,0,1,12,0,13,0,3,48,0,51,0,4,60,0,64,90,0,90,154
01/19/2022,HUF,IN,AGL,CE,Combined TRACON& Tower with Radar,0,0,17,0,17,0,5,78,2,85,0,5,95,2,102,172,0,172,274
01/20/2022,HUF,IN,AGL,CE,Combined TRACON& Tower with Radar,0,0,18,2,20,0,3,61,0,64,0,3,79,2,84,104,10,114,198
01/21/2022,HUF,IN,AGL,CE,Combined TRACON& Tower with Radar,0,0,26,0,26,0,3,97,0,100,0,3,123,0,126,130,0,130,256
01/22/2022,HUF,IN,AGL,CE,Combined TRACON& Tower with Radar,0,3,13,0,16,0,7,91,0,98,0,10,104,0,114,147,0,147,261
01/23/2022,HUF,IN,AGL,CE,Combined TRACON& Tower with Radar,0,0,3,0,3,0,2,2,0,4,0,2,5,0,7,47,0,47,54
01/24/2022,HUF,IN,AGL,CE,Combined TRACON& Tower with Radar,0,1,15,0,16,0,0,18,0,18,0,1,33,0,34,59,0,59,93
01/25/2022,HUF,IN,AGL,CE,Combined TRACON& Tower with Radar,0,3,26,0,29,0,6,127,0,133,0,9,153,0,162,152,0,152,314
01/26/2022,HUF,IN,AGL,CE,Combined TRACON& Tower with Radar,0,13,22,0,35,0,7,104,0,111,0,20,126,0,146,62,0,62,208
01/27/2022,HUF,IN,AGL,CE,Combined TRACON& Tower with Radar,0,2,10,0,12,0,0,4,0,4,0,2,14,0,16,38,0,38,54
01/28/2022,HUF,IN,AGL,CE,Combined TRACON& Tower with Radar,0,4,13,0,17,0,0,4,0,4,0,4,17,0,21,38,0,38,59
01/29/2022,HUF,IN,AGL,CE,Combined TRACON& Tower with Radar,0,2,12,0,14,0,8,93,0,101,0,10,105,0,115,150,0,150,265
01/30/2022,HUF,IN,AGL,CE,Combined TRACON& Tower with Radar,0,1,18,0,19,0,3,47,0,50,0,4,65,0,69,48,0,48,117
01/31/2022,HUF,IN,AGL,CE,Combined TRACON& Tower with Radar,0,2,39,0,41,0,4,122,0,126,0,6,161,0,167,224,0,224,391
02/01/2022,HUF,IN,AGL,CE,Combined TRACON& Tower with Radar,0,12,12,0,24,0,2,10,0,12,0,14,22,0,36,30,0,30,66
02/02/2022,HUF,IN,AGL,CE,Combined TRACON& Tower with Radar,0,3,0,0,3,0,0,0,0,0,0,3,0,0,3,0,0,0,3
02/03/2022,HUF,IN,AGL,CE,Combined TRACON& Tower with Radar,0,0,0,0,0,0,0,0,0,0,0,0,0,0,0,0,0,0,0
02/04/2022,HUF,IN,AGL,CE,Combined TRACON& Tower with Radar,0,5,5,0,10,0,1,5,0,6,0,6,10,0,16,6,0,6,22
02/05/2022,HUF,IN,AGL,CE,Combined TRACON& Tower with Radar,0,1,5,0,6,0,2,29,0,31,0,3,34,0,37,25,0,25,62
02/06/2022,HUF,IN,AGL,CE,Combined TRACON& Tower with Radar,0,3,8,0,11,0,2,32,0,34,0,5,40,0,45,29,0,29,74
02/07/2022,HUF,IN,AGL,CE,Combined TRACON& Tower with Radar,0,3,37,0,40,0,1,98,0,99,0,4,135,0,139,198,0,198,337
02/08/2022,HUF,IN,AGL,CE,Combined TRACON& Tower with Radar,0,4,29,0,33,0,6,87,0,93,0,10,116,0,126,142,0,142,268
02/09/2022,HUF,IN,AGL,CE,Combined TRACON& Tower with Radar,0,7,12,0,19,0,5,75,0,80,0,12,87,0,99,151,0,151,250
02/10/2022,HUF,IN,AGL,CE,Combined TRACON& Tower with Radar,0,2,10,0,12,0,2,59,0,61,0,4,69,0,73,270,0,270,343
02/11/2022,HUF,IN,AGL,CE,Combined TRACON& Tower with Radar,0,0,7,0,7,0,0,2,0,2,0,0,9,0,9,16,0,16,25
02/12/2022,HUF,IN,AGL,CE,Combined TRACON& Tower with Radar,0,0,6,0,6,0,1,5,0,6,0,1,11,0,12,24,0,24,36
02/13/2022,HUF,IN,AGL,CE,Combined TRACON& Tower with Radar,0,5,3,0,8,0,2,30,0,32,0,7,33,0,40,76,0,76,116
02/14/2022,HUF,IN,AGL,CE,Combined TRACON& Tower with Radar,0,3,25,0,28,0,2,107,0,109,0,5,132,0,137,128,0,128,265
02/15/2022,HUF,IN,AGL,CE,Combined TRACON& Tower with Radar,0,2,27,2,31,0,3,71,0,74,0,5,98,2,105,246,0,246,351
02/16/2022,HUF,IN,AGL,CE,Combined TRACON& Tower with Radar,0,4,8,0,12,0,0,3,0,3,0,4,11,0,15,8,0,8,23
02/17/2022,HUF,IN,AGL,CE,Combined TRACON& Tower with Radar,0,0,8,0,8,0,0,1,0,1,0,0,9,0,9,0,0,0,9
02/18/2022,HUF,IN,AGL,CE,Combined TRACON& Tower with Radar,0,1,30,0,31,0,4,66,0,70,0,5,96,0,101,172,0,172,273
02/19/2022,HUF,IN,AGL,CE,Combined TRACON& Tower with Radar,0,2,6,0,8,0,3,80,0,83,0,5,86,0,91,101,0,101,192
02/20/2022,HUF,IN,AGL,CE,Combined TRACON& Tower with Radar,0,0,10,0,10,0,1,34,0,35,0,1,44,0,45,10,0,10,55
02/21/2022,HUF,IN,AGL,CE,Combined TRACON& Tower with Radar,0,3,37,0,40,0,4,100,0,104,0,7,137,0,144,234,0,234,378
02/22/2022,HUF,IN,AGL,CE,Combined TRACON& Tower with Radar,0,5,7,0,12,0,0,0,0,0,0,5,7,0,12,0,0,0,12
02/23/2022,HUF,IN,AGL,CE,Combined TRACON& Tower with Radar,0,4,12,2,18,0,1,7,0,8,0,5,19,2,26,272,0,272,298
02/24/2022,HUF,IN,AGL,CE,Combined TRACON& Tower with Radar,0,0,1,0,1,0,0,0,0,0,0,0,1,0,1,0,0,0,1
02/25/2022,HUF,IN,AGL,CE,Combined TRACON& Tower with Radar,0,0,6,0,6,0,1,3,2,6,0,1,9,2,12,160,0,160,172
02/26/2022,HUF,IN,AGL,CE,Combined TRACON& Tower with Radar,0,2,35,0,37,0,1,110,0,111,0,3,145,0,148,278,0,278,426
02/27/2022,HUF,IN,AGL,CE,Combined TRACON& Tower with Radar,0,0,15,0,15,0,3,95,0,98,0,3,110,0,113,149,0,149,262
02/28/2022,HUF,IN,AGL,CE,Combined TRACON& Tower with Radar,0,12,50,0,62,0,6,111,0,117,0,18,161,0,179,232,0,232,411
03/01/2022,HUF,IN,AGL,CE,Combined TRACON& Tower with Radar,0,6,49,4,59,0,5,140,0,145,0,11,189,4,204,243,0,243,447
03/02/2022,HUF,IN,AGL,CE,Combined TRACON& Tower with Radar,0,3,27,0,30,0,5,140,0,145,0,8,167,0,175,126,0,126,301
03/03/2022,HUF,IN,AGL,CE,Combined TRACON& Tower with Radar,0,6,26,0,32,0,5,91,0,96,0,11,117,0,128,234,0,234,362
03/04/2022,HUF,IN,AGL,CE,Combined TRACON& Tower with Radar,0,4,46,0,50,0,3,140,0,143,0,7,186,0,193,234,0,234,427
03/05/2022,HUF,IN,AGL,CE,Combined TRACON& Tower with Radar,0,4,10,0,14,0,0,26,2,28,0,4,36,2,42,10,0,10,52
03/06/2022,HUF,IN,AGL,CE,Combined TRACON& Tower with Radar,0,4,6,1,11,0,0,10,1,11,0,4,16,2,22,82,0,82,104
03/07/2022,HUF,IN,AGL,CE,Combined TRACON& Tower with Radar,0,0,2,0,2,0,3,0,0,3,0,3,2,0,5,0,0,0,5
03/08/2022,HUF,IN,AGL,CE,Combined TRACON& Tower with Radar,0,0,24,0,24,0,3,37,0,40,0,3,61,0,64,378,0,378,442
03/09/2022,HUF,IN,AGL,CE,Combined TRACON& Tower with Radar,0,6,23,0,29,0,0,104,0,104,0,6,127,0,133,150,0,150,283
03/10/2022,HUF,IN,AGL,CE,Combined TRACON& Tower with Radar,0,4,14,0,18,0,7,110,0,117,0,11,124,0,135,260,0,260,395
03/11/2022,HUF,IN,AGL,CE,Combined TRACON& Tower with Radar,0,2,5,0,7,0,0,0,0,0,0,2,5,0,7,0,0,0,7
03/12/2022,HUF,IN,AGL,CE,Combined TRACON& Tower with Radar,0,2,4,0,6,0,0,18,0,18,0,2,22,0,24,10,0,10,34
03/13/2022,HUF,IN,AGL,CE,Combined TRACON& Tower with Radar,0,0,4,0,4,0,1,17,0,18,0,1,21,0,22,10,0,10,32
03/14/2022,HUF,IN,AGL,CE,Combined TRACON& Tower with Radar,0,0,27,3,30,0,3,77,0,80,0,3,104,3,110,142,0,142,252
03/15/2022,HUF,IN,AGL,CE,Combined TRACON& Tower with Radar,0,5,26,0,31,0,3,121,0,124,0,8,147,0,155,151,0,151,306
03/16/2022,HUF,IN,AGL,CE,Combined TRACON& Tower with Radar,0,7,49,2,58,0,1,127,0,128,0,8,176,2,186,168,0,168,354
03/17/2022,HUF,IN,AGL,CE,Combined TRACON& Tower with Radar,0,1,28,0,29,0,7,133,0,140,0,8,161,0,169,154,0,154,323
03/18/2022,HUF,IN,AGL,CE,Combined TRACON& Tower with Radar,0,0,12,0,12,0,2,13,0,15,0,2,25,0,27,32,0,32,59
03/19/2022,HUF,IN,AGL,CE,Combined TRACON& Tower with Radar,0,0,2,0,2,0,0,0,0,0,0,0,2,0,2,0,0,0,2
03/20/2022,HUF,IN,AGL,CE,Combined TRACON& Tower with Radar,0,3,24,0,27,0,6,82,0,88,0,9,106,0,115,148,0,148,263
03/21/2022,HUF,IN,AGL,CE,Combined TRACON& Tower with Radar,0,0,46,0,46,0,3,124,0,127,0,3,170,0,173,302,0,302,475
03/22/2022,HUF,IN,AGL,CE,Combined TRACON& Tower with Radar,0,1,13,2,16,0,0,0,0,0,0,1,13,2,16,0,0,0,16
03/23/2022,HUF,IN,AGL,CE,Combined TRACON& Tower with Radar,0,1,19,2,22,0,0,1,0,1,0,1,20,2,23,0,0,0,23
03/24/2022,HUF,IN,AGL,CE,Combined TRACON& Tower with Radar,0,2,4,12,18,0,3,2,11,16,0,5,6,23,34,20,0,20,54
03/25/2022,HUF,IN,AGL,CE,Combined TRACON& Tower with Radar,0,0,15,0,15,0,0,1,0,1,0,0,16,0,16,2,0,2,18
03/26/2022,HUF,IN,AGL,CE,Combined TRACON& Tower with Radar,0,0,18,0,18,0,1,18,0,19,0,1,36,0,37,6,0,6,43
03/27/2022,HUF,IN,AGL,CE,Combined TRACON& Tower with Radar,0,2,29,0,31,0,6,86,0,92,0,8,115,0,123,154,0,154,277
03/28/2022,HUF,IN,AGL,CE,Combined TRACON& Tower with Radar,0,7,27,0,34,0,4,111,0,115,0,11,138,0,149,235,0,235,384
03/29/2022,HUF,IN,AGL,CE,Combined TRACON& Tower with Radar,0,2,27,2,31,0,5,93,0,98,0,7,120,2,129,126,0,126,255
03/30/2022,HUF,IN,AGL,CE,Combined TRACON& Tower with Radar,0,2,5,0,7,0,0,3,0,3,0,2,8,0,10,8,0,8,18
03/31/2022,HUF,IN,AGL,CE,Combined TRACON& Tower with Radar,0,0,4,0,4,0,0,0,0,0,0,0,4,0,4,16,0,16,20
04/01/2022,HUF,IN,AGL,CE,Combined TRACON& Tower with Radar,0,3,32,2,37,0,6,89,0,95,0,9,121,2,132,240,0,240,372
04/02/2022,HUF,IN,AGL,CE,Combined TRACON& Tower with Radar,0,0,18,2,20,0,5,62,0,67,0,5,80,2,87,100,0,100,187
04/03/2022,HUF,IN,AGL,CE,Combined TRACON& Tower with Radar,0,4,32,0,36,0,5,115,0,120,0,9,147,0,156,140,0,140,296
04/04/2022,HUF,IN,AGL,CE,Combined TRACON& Tower with Radar,0,5,55,0,60,0,4,121,0,125,0,9,176,0,185,179,0,179,364
04/05/2022,HUF,IN,AGL,CE,Combined TRACON& Tower with Radar,0,0,25,4,29,0,1,2,3,6,0,1,27,7,35,12,0,12,47
04/06/2022,HUF,IN,AGL,CE,Combined TRACON& Tower with Radar,0,2,29,1,32,0,4,44,1,49,0,6,73,2,81,134,2,136,217
04/07/2022,HUF,IN,AGL,CE,Combined TRACON& Tower with Radar,0,0,24,0,24,0,4,49,0,53,0,4,73,0,77,116,0,116,193
04/08/2022,HUF,IN,AGL,CE,Combined TRACON& Tower with Radar,0,2,2,0,4,0,0,0,0,0,0,2,2,0,4,56,0,56,60
04/09/2022,HUF,IN,AGL,CE,Combined TRACON& Tower with Radar,0,0,11,0,11,0,2,43,0,45,0,2,54,0,56,144,0,144,200
04/10/2022,HUF,IN,AGL,CE,Combined TRACON& Tower with Radar,0,0,11,0,11,0,6,65,0,71,0,6,76,0,82,126,0,126,208
04/11/2022,HUF,IN,AGL,CE,Combined TRACON& Tower with Radar,0,2,23,0,25,0,0,20,0,20,0,2,43,0,45,107,0,107,152
04/12/2022,HUF,IN,AGL,CE,Combined TRACON& Tower with Radar,0,9,36,0,45,0,6,28,0,34,0,15,64,0,79,65,0,65,144
04/13/2022,HUF,IN,AGL,CE,Combined TRACON& Tower with Radar,0,0,4,0,4,0,0,0,0,0,0,0,4,0,4,0,0,0,4
04/14/2022,HUF,IN,AGL,CE,Combined TRACON& Tower with Radar,0,5,28,0,33,0,2,59,0,61,0,7,87,0,94,184,0,184,278
04/15/2022,HUF,IN,AGL,CE,Combined TRACON& Tower with Radar,0,0,18,0,18,0,2,57,0,59,0,2,75,0,77,102,0,102,179
04/16/2022,HUF,IN,AGL,CE,Combined TRACON& Tower with Radar,0,0,15,0,15,0,7,85,0,92,0,7,100,0,107,88,0,88,195
04/17/2022,HUF,IN,AGL,CE,Combined TRACON& Tower with Radar,0,0,4,0,4,0,3,20,0,23,0,3,24,0,27,14,0,14,41
04/18/2022,HUF,IN,AGL,CE,Combined TRACON& Tower with Radar,0,0,8,0,8,0,1,12,0,13,0,1,20,0,21,66,0,66,87
04/19/2022,HUF,IN,AGL,CE,Combined TRACON& Tower with Radar,0,0,31,6,37,0,3,122,0,125,0,3,153,6,162,315,0,315,477
04/20/2022,HUF,IN,AGL,CE,Combined TRACON& Tower with Radar,0,1,40,1,42,0,7,59,0,66,0,8,99,1,108,156,0,156,264
04/21/2022,HUF,IN,AGL,CE,Combined TRACON& Tower with Radar,0,13,27,1,41,0,0,49,1,50,0,13,76,2,91,270,0,270,361
04/22/2022,HUF,IN,AGL,CE,Combined TRACON& Tower with Radar,0,0,26,2,28,0,5,62,2,69,0,5,88,4,97,160,0,160,257
04/23/2022,HUF,IN,AGL,CE,Combined TRACON& Tower with Radar,0,0,12,0,12,0,5,18,2,25,0,5,30,2,37,0,0,0,37
04/24/2022,HUF,IN,AGL,CE,Combined TRACON& Tower with Radar,0,0,7,1,8,0,1,6,0,7,0,1,13,1,15,0,0,0,15
04/25/2022,HUF,IN,AGL,CE,Combined TRACON& Tower with Radar,0,3,37,0,40,0,0,37,0,37,0,3,74,0,77,86,0,86,163
04/26/2022,HUF,IN,AGL,CE,Combined TRACON& Tower with Radar,0,6,40,2,48,0,3,194,0,197,0,9,234,2,245,295,0,295,540
04/27/2022,HUF,IN,AGL,CE,Combined TRACON& Tower with Radar,0,5,28,0,33,0,6,118,0,124,0,11,146,0,157,138,0,138,295
04/28/2022,HUF,IN,AGL,CE,Combined TRACON& Tower with Radar,0,0,28,0,28,0,4,94,0,98,0,4,122,0,126,238,0,238,364
04/29/2022,HUF,IN,AGL,CE,Combined TRACON& Tower with Radar,0,2,43,0,45,0,5,96,0,101,0,7,139,0,146,128,0,128,274
04/30/2022,HUF,IN,AGL,CE,Combined TRACON& Tower with Radar,0,0,11,0,11,0,3,18,0,21,0,3,29,0,32,18,0,18,50
05/01/2022,HUF,IN,AGL,CE,Combined TRACON& Tower with Radar,0,0,19,0,19,0,2,44,2,48,0,2,63,2,67,164,0,164,231
05/02/2022,HUF,IN,AGL,CE,Combined TRACON& Tower with Radar,0,0,26,0,26,0,0,152,0,152,0,0,178,0,178,319,0,319,497
05/03/2022,HUF,IN,AGL,CE,Combined TRACON& Tower with Radar,0,1,3,0,4,0,0,0,0,0,0,1,3,0,4,0,0,0,4
05/04/2022,HUF,IN,AGL,CE,Combined TRACON& Tower with Radar,0,5,51,0,56,0,3,18,0,21,0,8,69,0,77,111,0,111,188
05/05/2022,HUF,IN,AGL,CE,Combined TRACON& Tower with Radar,0,2,25,0,27,0,0,14,0,14,0,2,39,0,41,82,0,82,123
05/06/2022,HUF,IN,AGL,CE,Combined TRACON& Tower with Radar,0,6,3,0,9,0,0,2,0,2,0,6,5,0,11,0,0,0,11
05/07/2022,HUF,IN,AGL,CE,Combined TRACON& Tower with Radar,0,4,11,0,15,0,4,30,0,34,0,8,41,0,49,64,0,64,113
05/08/2022,HUF,IN,AGL,CE,Combined TRACON& Tower with Radar,0,2,5,0,7,0,3,49,0,52,0,5,54,0,59,84,0,84,143
05/09/2022,HUF,IN,AGL,CE,Combined TRACON& Tower with Radar,0,0,30,0,30,0,16,59,0,75,0,16,89,0,105,106,0,106,211
05/10/2022,HUF,IN,AGL,CE,Combined TRACON& Tower with Radar,0,5,30,0,35,0,6,145,0,151,0,11,175,0,186,212,0,212,398
05/11/2022,HUF,IN,AGL,CE,Combined TRACON& Tower with Radar,2,0,50,6,58,0,6,132,1,139,2,6,182,7,197,224,4,228,425
05/12/2022,HUF,IN,AGL,CE,Combined TRACON& Tower with Radar,0,3,45,0,48,0,8,125,0,133,0,11,170,0,181,160,0,160,341
05/13/2022,HUF,IN,AGL,CE,Combined TRACON& Tower with Radar,2,0,45,0,47,0,7,105,0,112,2,7,150,0,159,150,0,150,309
05/14/2022,HUF,IN,AGL,CE,Combined TRACON& Tower with Radar,0,2,9,0,11,0,0,28,0,28,0,2,37,0,39,126,0,126,165
05/15/2022,HUF,IN,AGL,CE,Combined TRACON& Tower with Radar,0,1,7,0,8,0,1,41,0,42,0,2,48,0,50,99,0,99,149
05/16/2022,HUF,IN,AGL,CE,Combined TRACON& Tower with Radar,0,0,16,0,16,0,11,74,0,85,0,11,90,0,101,130,0,130,231
05/17/2022,HUF,IN,AGL,CE,Combined TRACON& Tower with Radar,0,4,29,0,33,0,11,151,0,162,0,15,180,0,195,248,0,248,443
05/18/2022,HUF,IN,AGL,CE,Combined TRACON& Tower with Radar,0,0,22,0,22,0,1,12,0,13,0,1,34,0,35,69,0,69,104
05/19/2022,HUF,IN,AGL,CE,Combined TRACON& Tower with Radar,0,0,12,0,12,0,0,62,0,62,0,0,74,0,74,190,0,190,264
05/20/2022,HUF,IN,AGL,CE,Combined TRACON& Tower with Radar,0,1,5,4,10,0,3,16,0,19,0,4,21,4,29,14,0,14,43
05/21/2022,HUF,IN,AGL,CE,Combined TRACON& Tower with Radar,0,0,4,0,4,0,0,8,0,8,0,0,12,0,12,0,0,0,12
05/22/2022,HUF,IN,AGL,CE,Combined TRACON& Tower with Radar,0,0,20,0,20,0,4,67,0,71,0,4,87,0,91,141,0,141,232
05/23/2022,HUF,IN,AGL,CE,Combined TRACON& Tower with Radar,0,0,27,2,29,0,3,102,1,106,0,3,129,3,135,161,0,161,296
05/24/2022,HUF,IN,AGL,CE,Combined TRACON& Tower with Radar,0,0,28,0,28,0,8,135,0,143,0,8,163,0,171,167,0,167,338
05/25/2022,HUF,IN,AGL,CE,Combined TRACON& Tower with Radar,0,4,3,0,7,0,0,1,0,1,0,4,4,0,8,0,0,0,8
05/26/2022,HUF,IN,AGL,CE,Combined TRACON& Tower with Radar,0,2,8,0,10,0,2,0,0,2,0,4,8,0,12,0,0,0,12
05/27/2022,HUF,IN,AGL,CE,Combined TRACON& Tower with Radar,0,8,37,0,45,0,0,8,0,8,0,8,45,0,53,62,0,62,115
05/28/2022,HUF,IN,AGL,CE,Combined TRACON& Tower with Radar,0,3,24,0,27,0,2,60,0,62,0,5,84,0,89,146,0,146,235
05/29/2022,HUF,IN,AGL,CE,Combined TRACON& Tower with Radar,0,0,4,0,4,0,0,21,1,22,0,0,25,1,26,35,0,35,61
05/30/2022,HUF,IN,AGL,CE,Combined TRACON& Tower with Radar,0,0,5,0,5,0,0,32,0,32,0,0,37,0,37,18,0,18,55
05/31/2022,HUF,IN,AGL,CE,Combined TRACON& Tower with Radar,0,4,41,4,49,0,16,107,0,123,0,20,148,4,172,215,0,215,387
06/01/2022,HUF,IN,AGL,CE,Combined TRACON& Tower with Radar,0,2,21,0,23,0,1,97,0,98,0,3,118,0,121,184,0,184,305
06/02/2022,HUF,IN,AGL,CE,Combined TRACON& Tower with Radar,0,4,22,0,26,0,7,63,0,70,0,11,85,0,96,202,0,202,298
06/03/2022,HUF,IN,AGL,CE,Combined TRACON& Tower with Radar,0,0,29,0,29,0,8,114,1,123,0,8,143,1,152,200,2,202,354
06/04/2022,HUF,IN,AGL,CE,Combined TRACON& Tower with Radar,0,0,20,0,20,0,0,86,0,86,0,0,106,0,106,116,0,116,222
06/05/2022,HUF,IN,AGL,CE,Combined TRACON& Tower with Radar,0,0,15,0,15,0,1,56,0,57,0,1,71,0,72,133,0,133,205
06/06/2022,HUF,IN,AGL,CE,Combined TRACON& Tower with Radar,0,3,15,0,18,0,1,38,0,39,0,4,53,0,57,162,0,162,219
06/07/2022,HUF,IN,AGL,CE,Combined TRACON& Tower with Radar,0,9,45,0,54,0,0,37,0,37,0,9,82,0,91,188,0,188,279
06/08/2022,HUF,IN,AGL,CE,Combined TRACON& Tower with Radar,0,3,20,0,23,0,2,24,0,26,0,5,44,0,49,96,0,96,145
06/09/2022,HUF,IN,AGL,CE,Combined TRACON& Tower with Radar,0,4,51,0,55,0,4,129,0,133,0,8,180,0,188,318,0,318,506
06/10/2022,HUF,IN,AGL,CE,Combined TRACON& Tower with Radar,0,4,29,0,33,0,2,54,0,56,0,6,83,0,89,170,0,170,259
06/11/2022,HUF,IN,AGL,CE,Combined TRACON& Tower with Radar,0,4,23,0,27,0,6,53,0,59,0,10,76,0,86,104,0,104,190
06/12/2022,HUF,IN,AGL,CE,Combined TRACON& Tower with Radar,0,0,3,0,3,0,2,9,0,11,0,2,12,0,14,28,0,28,42
06/13/2022,HUF,IN,AGL,CE,Combined TRACON& Tower with Radar,0,2,21,0,23,0,0,26,0,26,0,2,47,0,49,116,0,116,165
06/14/2022,HUF,IN,AGL,CE,Combined TRACON& Tower with Radar,0,0,16,2,18,0,7,99,0,106,0,7,115,2,124,124,0,124,248
06/15/2022,HUF,IN,AGL,CE,Combined TRACON& Tower with Radar,0,3,23,9,35,0,3,73,2,78,0,6,96,11,113,156,0,156,269
06/16/2022,HUF,IN,AGL,CE,Combined TRACON& Tower with Radar,0,5,36,1,42,0,7,84,0,91,0,12,120,1,133,170,0,170,303
06/17/2022,HUF,IN,AGL,CE,Combined TRACON& Tower with Radar,0,6,26,0,32,0,4,70,0,74,0,10,96,0,106,138,0,138,244
06/18/2022,HUF,IN,AGL,CE,Combined TRACON& Tower with Radar,0,2,5,0,7,0,3,59,0,62,0,5,64,0,69,96,0,96,165
06/19/2022,HUF,IN,AGL,CE,Combined TRACON& Tower with Radar,0,0,14,0,14,0,2,65,0,67,0,2,79,0,81,66,0,66,147
06/20/2022,HUF,IN,AGL,CE,Combined TRACON& Tower with Radar,0,0,38,0,38,0,3,114,0,117,0,3,152,0,155,130,0,130,285
06/21/2022,HUF,IN,AGL,CE,Combined TRACON& Tower with Radar,0,4,31,0,35,0,5,118,0,123,0,9,149,0,158,228,0,228,386
06/22/2022,HUF,IN,AGL,CE,Combined TRACON& Tower with Radar,0,2,22,0,24,0,6,81,0,87,0,8,103,0,111,126,0,126,237
06/23/2022,HUF,IN,AGL,CE,Combined TRACON& Tower with Radar,0,0,21,0,21,0,9,95,0,104,0,9,116,0,125,265,0,265,390
06/24/2022,HUF,IN,AGL,CE,Combined TRACON& Tower with Radar,0,2,20,0,22,0,17,112,0,129,0,19,132,0,151,168,0,168,319
06/25/2022,HUF,IN,AGL,CE,Combined TRACON& Tower with Radar,0,0,11,0,11,0,5,39,0,44,0,5,50,0,55,68,0,68,123
06/26/2022,HUF,IN,AGL,CE,Combined TRACON& Tower with Radar,0,2,16,2,20,0,3,18,0,21,0,5,34,2,41,86,0,86,127
06/27/2022,HUF,IN,AGL,CE,Combined TRACON& Tower with Radar,0,3,43,2,48,0,8,143,0,151,0,11,186,2,199,140,0,140,339
06/28/2022,HUF,IN,AGL,CE,Combined TRACON& Tower with Radar,0,2,27,0,29,0,4,133,0,137,0,6,160,0,166,180,0,180,346
06/29/2022,HUF,IN,AGL,CE,Combined TRACON& Tower with Radar,0,0,23,2,25,0,7,117,0,124,0,7,140,2,149,196,0,196,345
06/30/2022,HUF,IN,AGL,CE,Combined TRACON& Tower with Radar,0,4,40,1,45,0,8,75,1,84,0,12,115,2,129,166,0,166,295
07/01/2022,HUF,IN,AGL,CE,Combined TRACON& Tower with Radar,0,1,26,0,27,0,4,56,0,60,0,5,82,0,87,102,0,102,189
07/02/2022,HUF,IN,AGL,CE,Combined TRACON& Tower with Radar,0,3,16,0,19,0,0,32,0,32,0,3,48,0,51,52,0,52,103
07/03/2022,HUF,IN,AGL,CE,Combined TRACON& Tower with Radar,0,2,5,0,7,0,1,23,0,24,0,3,28,0,31,26,0,26,57
07/04/2022,HUF,IN,AGL,CE,Combined TRACON& Tower with Radar,0,0,2,0,2,0,1,12,0,13,0,1,14,0,15,12,0,12,27
07/05/2022,HUF,IN,AGL,CE,Combined TRACON& Tower with Radar,0,1,14,0,15,0,9,55,0,64,0,10,69,0,79,110,0,110,189
07/06/2022,HUF,IN,AGL,CE,Combined TRACON& Tower with Radar,0,2,21,0,23,0,8,76,0,84,0,10,97,0,107,135,0,135,242
07/07/2022,HUF,IN,AGL,CE,Combined TRACON& Tower with Radar,0,0,25,0,25,0,0,36,0,36,0,0,61,0,61,99,0,99,160
07/08/2022,HUF,IN,AGL,CE,Combined TRACON& Tower with Radar,0,0,12,0,12,0,0,3,0,3,0,0,15,0,15,26,0,26,41
07/09/2022,HUF,IN,AGL,CE,Combined TRACON& Tower with Radar,0,2,19,0,21,0,6,62,0,68,0,8,81,0,89,128,0,128,217
07/10/2022,HUF,IN,AGL,CE,Combined TRACON& Tower with Radar,0,0,17,0,17,0,5,146,1,152,0,5,163,1,169,66,0,66,235
07/11/2022,HUF,IN,AGL,CE,Combined TRACON& Tower with Radar,0,0,23,5,28,0,1,108,4,113,0,1,131,9,141,175,2,177,318
07/12/2022,HUF,IN,AGL,CE,Combined TRACON& Tower with Radar,0,2,31,3,36,0,2,103,1,106,0,4,134,4,142,138,2,140,282
07/13/2022,HUF,IN,AGL,CE,Combined TRACON& Tower with Radar,0,0,16,20,36,0,3,87,2,92,0,3,103,22,128,170,0,170,298
07/14/2022,HUF,IN,AGL,CE,Combined TRACON& Tower with Radar,0,1,11,2,14,0,4,92,0,96,0,5,103,2,110,154,0,154,264
07/15/2022,HUF,IN,AGL,CE,Combined TRACON& Tower with Radar,0,0,25,0,25,0,1,25,0,26,0,1,50,0,51,24,0,24,75
07/16/2022,HUF,IN,AGL,CE,Combined TRACON& Tower with Radar,0,0,12,4,16,0,1,53,0,54,0,1,65,4,70,39,0,39,109
07/17/2022,HUF,IN,AGL,CE,Combined TRACON& Tower with Radar,0,0,4,0,4,0,0,2,0,2,0,0,6,0,6,0,0,0,6
07/18/2022,HUF,IN,AGL,CE,Combined TRACON& Tower with Radar,0,4,20,0,24,0,3,27,0,30,0,7,47,0,54,118,0,118,172
07/19/2022,HUF,IN,AGL,CE,Combined TRACON& Tower with Radar,0,0,47,0,47,0,16,91,0,107,0,16,138,0,154,174,0,174,328
07/20/2022,HUF,IN,AGL,CE,Combined TRACON& Tower with Radar,0,1,39,3,43,0,0,50,2,52,0,1,89,5,95,50,0,50,145
07/21/2022,HUF,IN,AGL,CE,Combined TRACON& Tower with Radar,0,3,22,0,25,0,0,100,1,101,0,3,122,1,126,196,0,196,322
07/22/2022,HUF,IN,AGL,CE,Combined TRACON& Tower with Radar,0,9,13,0,22,0,10,75,2,87,0,19,88,2,109,138,0,138,247
07/23/2022,HUF,IN,AGL,CE,Combined TRACON& Tower with Radar,0,4,23,0,27,0,1,38,0,39,0,5,61,0,66,14,0,14,80
07/24/2022,HUF,IN,AGL,CE,Combined TRACON& Tower with Radar,0,0,29,0,29,0,2,31,1,34,0,2,60,1,63,24,0,24,87
07/25/2022,HUF,IN,AGL,CE,Combined TRACON& Tower with Radar,2,2,24,2,30,0,9,95,0,104,2,11,119,2,134,162,0,162,296
07/26/2022,HUF,IN,AGL,CE,Combined TRACON& Tower with Radar,0,0,11,0,11,0,0,0,0,0,0,0,11,0,11,0,0,0,11
07/27/2022,HUF,IN,AGL,CE,Combined TRACON& Tower with Radar,0,2,25,0,27,0,1,19,0,20,0,3,44,0,47,52,0,52,99
07/28/2022,HUF,IN,AGL,CE,Combined TRACON& Tower with Radar,0,0,24,4,28,0,1,32,0,33,0,1,56,4,61,184,0,184,245
07/29/2022,HUF,IN,AGL,CE,Combined TRACON& Tower with Radar,0,2,24,0,26,0,6,87,0,93,0,8,111,0,119,84,0,84,203
07/30/2022,HUF,IN,AGL,CE,Combined TRACON& Tower with Radar,0,0,12,0,12,0,0,60,0,60,0,0,72,0,72,62,0,62,134
07/31/2022,HUF,IN,AGL,CE,Combined TRACON& Tower with Radar,0,0,18,12,30,0,4,34,0,38,0,4,52,12,68,26,0,26,94
08/01/2022,HUF,IN,AGL,CE,Combined TRACON& Tower with Radar,0,1,17,0,18,0,9,22,0,31,0,10,39,0,49,174,0,174,223
08/02/2022,HUF,IN,AGL,CE,Combined TRACON& Tower with Radar,0,1,7,0,8,0,7,24,0,31,0,8,31,0,39,106,0,106,145
08/03/2022,HUF,IN,AGL,CE,Combined TRACON& Tower with Radar,0,0,26,0,26,0,14,82,0,96,0,14,108,0,122,72,0,72,194
08/04/2022,HUF,IN,AGL,CE,Combined TRACON& Tower with Radar,0,0,21,0,21,0,1,11,0,12,0,1,32,0,33,60,0,60,93
08/05/2022,HUF,IN,AGL,CE,Combined TRACON& Tower with Radar,0,2,38,0,40,0,5,41,0,46,0,7,79,0,86,105,0,105,191
08/06/2022,HUF,IN,AGL,CE,Combined TRACON& Tower with Radar,0,5,10,0,15,0,2,33,0,35,0,7,43,0,50,52,0,52,102
08/07/2022,HUF,IN,AGL,CE,Combined TRACON& Tower with Radar,0,0,19,0,19,0,2,50,0,52,0,2,69,0,71,50,0,50,121
08/08/2022,HUF,IN,AGL,CE,Combined TRACON& Tower with Radar,0,5,14,2,21,1,5,62,1,69,1,10,76,3,90,88,0,88,178
08/09/2022,HUF,IN,AGL,CE,Combined TRACON& Tower with Radar,0,0,28,0,28,0,0,3,0,3,0,0,31,0,31,62,0,62,93
08/10/2022,HUF,IN,AGL,CE,Combined TRACON& Tower with Radar,0,2,58,0,60,0,2,96,2,100,0,4,154,2,160,220,0,220,380
08/11/2022,HUF,IN,AGL,CE,Combined TRACON& Tower with Radar,0,1,24,4,29,0,2,55,0,57,0,3,79,4,86,240,0,240,326
08/12/2022,HUF,IN,AGL,CE,Combined TRACON& Tower with Radar,0,1,24,0,25,0,4,89,1,94,0,5,113,1,119,176,0,176,295
08/13/2022,HUF,IN,AGL,CE,Combined TRACON& Tower with Radar,0,0,8,0,8,0,2,71,0,73,0,2,79,0,81,50,0,50,131
08/14/2022,HUF,IN,AGL,CE,Combined TRACON& Tower with Radar,0,0,6,0,6,0,1,5,0,6,0,1,11,0,12,12,0,12,24
08/15/2022,HUF,IN,AGL,CE,Combined TRACON& Tower with Radar,0,9,18,12,39,0,3,19,0,22,0,12,37,12,61,4,12,16,77
08/16/2022,HUF,IN,AGL,CE,Combined TRACON& Tower with Radar,0,1,25,1,27,0,9,81,4,94,0,10,106,5,121,290,0,290,411
08/17/2022,HUF,IN,AGL,CE,Combined TRACON& Tower with Radar,0,1,30,0,31,0,13,97,0,110,0,14,127,0,141,152,0,152,293
08/18/2022,HUF,IN,AGL,CE,Combined TRACON& Tower with Radar,0,0,21,2,23,0,3,87,0,90,0,3,108,2,113,166,4,170,283
08/19/2022,HUF,IN,AGL,CE,Combined TRACON& Tower with Radar,0,2,32,0,34,0,3,88,0,91,0,5,120,0,125,66,0,66,191
08/20/2022,HUF,IN,AGL,CE,Combined TRACON& Tower with Radar,0,0,11,0,11,0,2,37,0,39,0,2,48,0,50,60,0,60,110
08/21/2022,HUF,IN,AGL,CE,Combined TRACON& Tower with Radar,0,0,9,0,9,0,1,4,0,5,0,1,13,0,14,22,0,22,36
08/22/2022,HUF,IN,AGL,CE,Combined TRACON& Tower with Radar,0,2,21,2,25,0,8,65,0,73,0,10,86,2,98,140,0,140,238
08/23/2022,HUF,IN,AGL,CE,Combined TRACON& Tower with Radar,0,3,33,3,39,0,8,97,0,105,0,11,130,3,144,107,0,107,251
08/24/2022,HUF,IN,AGL,CE,Combined TRACON& Tower with Radar,0,1,26,4,31,0,4,147,0,151,0,5,173,4,182,158,6,164,346
08/25/2022,HUF,IN,AGL,CE,Combined TRACON& Tower with Radar,0,2,32,0,34,0,1,119,0,120,0,3,151,0,154,236,0,236,390
08/26/2022,HUF,IN,AGL,CE,Combined TRACON& Tower with Radar,0,5,34,25,64,0,1,68,0,69,0,6,102,25,133,134,2,136,269
08/27/2022,HUF,IN,AGL,CE,Combined TRACON& Tower with Radar,0,1,9,1,11,0,12,50,0,62,0,13,59,1,73,46,0,46,119
08/28/2022,HUF,IN,AGL,CE,Combined TRACON& Tower with Radar,0,1,26,3,30,0,0,41,0,41,0,1,67,3,71,25,0,25,96
08/29/2022,HUF,IN,AGL,CE,Combined TRACON& Tower with Radar,0,0,18,0,18,0,11,80,0,91,0,11,98,0,109,164,0,164,273
08/30/2022,HUF,IN,AGL,CE,Combined TRACON& Tower with Radar,0,5,24,6,35,0,1,94,0,95,0,6,118,6,130,190,0,190,320
08/31/2022,HUF,IN,AGL,CE,Combined TRACON& Tower with Radar,0,3,26,24,53,0,5,198,0,203,0,8,224,24,256,209,46,255,511
09/01/2022,HUF,IN,AGL,CE,Combined TRACON& Tower with Radar,0,0,46,0,46,0,2,151,0,153,0,2,197,0,199,212,0,212,411
09/02/2022,HUF,IN,AGL,CE,Combined TRACON& Tower with Radar,0,0,17,0,17,0,6,76,0,82,0,6,93,0,99,136,0,136,235
09/03/2022,HUF,IN,AGL,CE,Combined TRACON& Tower with Radar,0,1,5,0,6,0,1,8,0,9,0,2,13,0,15,14,0,14,29
09/04/2022,HUF,IN,AGL,CE,Combined TRACON& Tower with Radar,0,0,17,0,17,0,1,7,0,8,0,1,24,0,25,4,0,4,29
09/05/2022,HUF,IN,AGL,CE,Combined TRACON& Tower with Radar,0,2,18,0,20,0,0,1,0,1,0,2,19,0,21,6,0,6,27
09/06/2022,HUF,IN,AGL,CE,Combined TRACON& Tower with Radar,0,0,24,0,24,0,0,38,0,38,0,0,62,0,62,170,0,170,232
09/07/2022,HUF,IN,AGL,CE,Combined TRACON& Tower with Radar,0,4,31,1,36,0,2,144,1,147,0,6,175,2,183,186,0,186,369
09/08/2022,HUF,IN,AGL,CE,Combined TRACON& Tower with Radar,0,2,34,1,37,0,0,185,0,185,0,2,219,1,222,202,0,202,424
09/09/2022,HUF,IN,AGL,CE,Combined TRACON& Tower with Radar,0,4,21,5,30,0,25,77,1,103,0,29,98,6,133,134,0,134,267
09/10/2022,HUF,IN,AGL,CE,Combined TRACON& Tower with Radar,0,0,28,0,28,0,5,79,0,84,0,5,107,0,112,62,0,62,174
09/11/2022,HUF,IN,AGL,CE,Combined TRACON& Tower with Radar,0,4,6,0,10,0,1,0,0,1,0,5,6,0,11,12,0,12,23
09/12/2022,HUF,IN,AGL,CE,Combined TRACON& Tower with Radar,0,5,27,0,32,0,1,86,0,87,0,6,113,0,119,212,0,212,331
09/13/2022,HUF,IN,AGL,CE,Combined TRACON& Tower with Radar,0,8,48,0,56,0,13,71,0,84,0,21,119,0,140,172,0,172,312
09/14/2022,HUF,IN,AGL,CE,Combined TRACON& Tower with Radar,0,2,24,0,26,0,15,132,2,149,0,17,156,2,175,119,0,119,294
09/15/2022,HUF,IN,AGL,CE,Combined TRACON& Tower with Radar,0,2,43,2,47,0,26,115,0,141,0,28,158,2,188,102,0,102,290
09/16/2022,HUF,IN,AGL,CE,Combined TRACON& Tower with Radar,0,4,28,4,36,0,15,94,0,109,0,19,122,4,145,116,0,116,261
09/17/2022,HUF,IN,AGL,CE,Combined TRACON& Tower with Radar,2,6,20,0,28,0,10,69,0,79,2,16,89,0,107,60,0,60,167
09/18/2022,HUF,IN,AGL,CE,Combined TRACON& Tower with Radar,0,4,10,4,18,0,3,50,0,53,0,7,60,4,71,74,0,74,145
09/19/2022,HUF,IN,AGL,CE,Combined TRACON& Tower with Radar,0,4,25,0,29,0,3,37,0,40,0,7,62,0,69,138,0,138,207
09/20/2022,HUF,IN,AGL,CE,Combined TRACON& Tower with Radar,0,6,37,1,44,0,12,94,1,107,0,18,131,2,151,208,0,208,359
09/21/2022,HUF,IN,AGL,CE,Combined TRACON& Tower with Radar,0,6,31,0,37,0,33,101,3,137,0,39,132,3,174,118,0,118,292
09/22/2022,HUF,IN,AGL,CE,Combined TRACON& Tower with Radar,0,1,31,2,34,0,26,120,2,148,0,27,151,4,182,180,0,180,362
09/23/2022,HUF,IN,AGL,CE,Combined TRACON& Tower with Radar,0,1,35,6,42,0,46,145,0,191,0,47,180,6,233,180,0,180,413
09/24/2022,HUF,IN,AGL,CE,Combined TRACON& Tower with Radar,0,0,19,0,19,0,19,63,0,82,0,19,82,0,101,36,0,36,137
09/25/2022,HUF,IN,AGL,CE,Combined TRACON& Tower with Radar,0,0,11,7,18,0,2,15,1,18,0,2,26,8,36,8,0,8,44
09/26/2022,HUF,IN,AGL,CE,Combined TRACON& Tower with Radar,0,6,13,0,19,0,6,97,0,103,0,12,110,0,122,120,0,120,242
09/27/2022,HUF,IN,AGL,CE,Combined TRACON& Tower with Radar,0,0,22,0,22,0,15,113,0,128,0,15,135,0,150,240,0,240,390
09/28/2022,HUF,IN,AGL,CE,Combined TRACON& Tower with Radar,0,4,43,0,47,0,38,94,0,132,0,42,137,0,179,258,0,258,437
09/29/2022,HUF,IN,AGL,CE,Combined TRACON& Tower with Radar,0,4,29,2,35,0,7,89,0,96,0,11,118,2,131,186,0,186,317
09/30/2022,HUF,IN,AGL,CE,Combined TRACON& Tower with Radar,0,4,26,2,32,0,24,114,0,138,0,28,140,2,170,148,0,148,318
10/01/2022,HUF,IN,AGL,CE,Combined TRACON& Tower with Radar,0,3,21,0,24,0,22,61,0,83,0,25,82,0,107,70,0,70,177
10/02/2022,HUF,IN,AGL,CE,Combined TRACON& Tower with Radar,0,3,8,0,11,0,3,40,0,43,0,6,48,0,54,22,0,22,76
10/03/2022,HUF,IN,AGL,CE,Combined TRACON& Tower with Radar,0,3,23,0,26,0,5,124,0,129,0,8,147,0,155,251,0,251,406
10/04/2022,HUF,IN,AGL,CE,Combined TRACON& Tower with Radar,0,6,26,0,32,0,18,110,0,128,0,24,136,0,160,210,0,210,370
10/05/2022,HUF,IN,AGL,CE,Combined TRACON& Tower with Radar,0,2,32,0,34,0,21,145,0,166,0,23,177,0,200,254,0,254,454
10/06/2022,HUF,IN,AGL,CE,Combined TRACON& Tower with Radar,0,6,35,5,46,0,43,130,1,174,0,49,165,6,220,266,2,268,488
10/07/2022,HUF,IN,AGL,CE,Combined TRACON& Tower with Radar,0,2,25,9,36,0,13,89,0,102,0,15,114,9,138,96,2,98,236
10/08/2022,HUF,IN,AGL,CE,Combined TRACON& Tower with Radar,2,2,16,2,22,0,9,54,0,63,2,11,70,2,85,54,0,54,139
10/09/2022,HUF,IN,AGL,CE,Combined TRACON& Tower with Radar,0,3,13,0,16,0,11,50,0,61,0,14,63,0,77,42,0,42,119
10/10/2022,HUF,IN,AGL,CE,Combined TRACON& Tower with Radar,0,2,38,0,40,0,11,134,0,145,0,13,172,0,185,184,0,184,369
10/11/2022,HUF,IN,AGL,CE,Combined TRACON& Tower with Radar,0,0,19,2,21,0,3,76,0,79,0,3,95,2,100,206,0,206,306
10/12/2022,HUF,IN,AGL,CE,Combined TRACON& Tower with Radar,0,6,15,1,22,3,2,14,0,19,3,8,29,1,41,26,0,26,67
10/13/2022,HUF,IN,AGL,CE,Combined TRACON& Tower with Radar,0,2,22,2,26,0,6,65,4,75,0,8,87,6,101,192,0,192,293
10/14/2022,HUF,IN,AGL,CE,Combined TRACON& Tower with Radar,0,5,18,0,23,0,16,57,0,73,0,21,75,0,96,94,0,94,190
10/15/2022,HUF,IN,AGL,CE,Combined TRACON& Tower with Radar,0,6,21,0,27,0,8,57,0,65,0,14,78,0,92,22,0,22,114
10/16/2022,HUF,IN,AGL,CE,Combined TRACON& Tower with Radar,0,0,8,0,8,0,7,24,2,33,0,7,32,2,41,6,0,6,47
10/17/2022,HUF,IN,AGL,CE,Combined TRACON& Tower with Radar,0,3,12,2,17,0,2,55,0,57,0,5,67,2,74,106,10,116,190
10/18/2022,HUF,IN,AGL,CE,Combined TRACON& Tower with Radar,0,3,29,0,32,0,6,53,1,60,0,9,82,1,92,83,0,83,175
10/19/2022,HUF,IN,AGL,CE,Combined TRACON& Tower with Radar,0,2,38,0,40,0,36,114,0,150,0,38,152,0,190,161,0,161,351
10/20/2022,HUF,IN,AGL,CE,Combined TRACON& Tower with Radar,0,0,27,2,29,0,19,83,4,106,0,19,110,6,135,208,0,208,343
10/21/2022,HUF,IN,AGL,CE,Combined TRACON& Tower with Radar,0,0,21,1,22,0,35,58,3,96,0,35,79,4,118,186,2,188,306
10/22/2022,HUF,IN,AGL,CE,Combined TRACON& Tower with Radar,0,0,17,3,20,0,6,21,7,34,0,6,38,10,54,80,6,86,140
10/23/2022,HUF,IN,AGL,CE,Combined TRACON& Tower with Radar,0,2,13,2,17,0,2,23,0,25,0,4,36,2,42,34,0,34,76
10/24/2022,HUF,IN,AGL,CE,Combined TRACON& Tower with Radar,0,0,15,0,15,0,6,62,0,68,0,6,77,0,83,137,0,137,220
10/25/2022,HUF,IN,AGL,CE,Combined TRACON& Tower with Radar,0,2,13,10,25,0,1,3,0,4,0,3,16,10,29,41,8,49,78
10/26/2022,HUF,IN,AGL,CE,Combined TRACON& Tower with Radar,0,2,20,0,22,0,11,36,1,48,0,13,56,1,70,66,0,66,136
10/27/2022,HUF,IN,AGL,CE,Combined TRACON& Tower with Radar,0,0,35,2,37,0,21,101,0,122,0,21,136,2,159,170,0,170,329
10/28/2022,HUF,IN,AGL,CE,Combined TRACON& Tower with Radar,2,0,33,0,35,0,34,80,0,114,2,34,113,0,149,256,0,256,405
10/29/2022,HUF,IN,AGL,CE,Combined TRACON& Tower with Radar,1,0,27,0,28,0,17,84,0,101,1,17,111,0,129,198,0,198,327
10/30/2022,HUF,IN,AGL,CE,Combined TRACON& Tower with Radar,1,2,13,0,16,0,1,4,0,5,1,3,17,0,21,0,0,0,21
10/31/2022,HUF,IN,AGL,CE,Combined TRACON& Tower with Radar,0,6,34,0,40,0,1,1,0,2,0,7,35,0,42,20,0,20,62
11/01/2022,HUF,IN,AGL,CE,Combined TRACON& Tower with Radar,0,4,23,0,27,0,29,64,0,93,0,33,87,0,120,220,0,220,340
11/02/2022,HUF,IN,AGL,CE,Combined TRACON& Tower with Radar,0,1,31,4,36,0,29,99,0,128,0,30,130,4,164,243,0,243,407
11/03/2022,HUF,IN,AGL,CE,Combined TRACON& Tower with Radar,0,4,28,0,32,0,42,124,0,166,0,46,152,0,198,273,0,273,471
11/04/2022,HUF,IN,AGL,CE,Combined TRACON& Tower with Radar,1,0,20,4,25,0,10,43,1,54,1,10,63,5,79,96,2,98,177
11/05/2022,HUF,IN,AGL,CE,Combined TRACON& Tower with Radar,1,0,4,3,8,0,0,1,1,2,1,0,5,4,10,0,0,0,10
11/06/2022,HUF,IN,AGL,CE,Combined TRACON& Tower with Radar,0,2,29,0,31,0,13,65,0,78,0,15,94,0,109,86,0,86,195
11/07/2022,HUF,IN,AGL,CE,Combined TRACON& Tower with Radar,0,1,34,0,35,0,1,84,0,85,0,2,118,0,120,182,0,182,302
11/08/2022,HUF,IN,AGL,CE,Combined TRACON& Tower with Radar,0,4,40,0,44,0,13,121,0,134,0,17,161,0,178,249,0,249,427
11/09/2022,HUF,IN,AGL,CE,Combined TRACON& Tower with Radar,0,2,37,2,41,0,18,158,1,177,0,20,195,3,218,360,0,360,578
11/10/2022,HUF,IN,AGL,CE,Combined TRACON& Tower with Radar,0,6,44,0,50,0,37,74,0,111,0,43,118,0,161,140,0,140,301
11/11/2022,HUF,IN,AGL,CE,Combined TRACON& Tower with Radar,0,0,28,2,30,0,1,36,1,38,0,1,64,3,68,122,0,122,190
11/12/2022,HUF,IN,AGL,CE,Combined TRACON& Tower with Radar,0,0,1,0,1,0,1,0,0,1,0,1,1,0,2,14,0,14,16
11/13/2022,HUF,IN,AGL,CE,Combined TRACON& Tower with Radar,0,0,20,0,20,0,16,60,0,76,0,16,80,0,96,218,0,218,314
11/14/2022,HUF,IN,AGL,CE,Combined TRACON& Tower with Radar,0,8,27,0,35,0,4,106,0,110,0,12,133,0,145,280,0,280,425
11/15/2022,HUF,IN,AGL,CE,Combined TRACON& Tower with Radar,0,1,4,0,5,0,0,0,0,0,0,1,4,0,5,0,0,0,5
11/16/2022,HUF,IN,AGL,CE,Combined TRACON& Tower with Radar,0,3,7,0,10,0,9,6,0,15,0,12,13,0,25,38,0,38,63
11/17/2022,HUF,IN,AGL,CE,Combined TRACON& Tower with Radar,0,0,30,0,30,0,19,38,0,57,0,19,68,0,87,228,0,228,315
11/18/2022,HUF,IN,AGL,CE,Combined TRACON& Tower with Radar,0,0,23,2,25,0,6,52,0,58,0,6,75,2,83,132,0,132,215
11/19/2022,HUF,IN,AGL,CE,Combined TRACON& Tower with Radar,0,4,7,0,11,0,9,17,0,26,0,13,24,0,37,46,0,46,83
11/20/2022,HUF,IN,AGL,CE,Combined TRACON& Tower with Radar,0,2,13,0,15,0,3,58,0,61,0,5,71,0,76,154,0,154,230
11/21/2022,HUF,IN,AGL,CE,Combined TRACON& Tower with Radar,0,0,26,0,26,0,5,66,4,75,0,5,92,4,101,44,0,44,145
11/22/2022,HUF,IN,AGL,CE,Combined TRACON& Tower with Radar,0,0,36,0,36,0,7,90,0,97,0,7,126,0,133,152,0,152,285
11/23/2022,HUF,IN,AGL,CE,Combined TRACON& Tower with Radar,0,0,14,2,16,0,4,54,0,58,0,4,68,2,74,174,0,174,248
11/24/2022,HUF,IN,AGL,CE,Combined TRACON& Tower with Radar,0,0,6,0,6,0,0,7,0,7,0,0,13,0,13,0,0,0,13
11/25/2022,HUF,IN,AGL,CE,Combined TRACON& Tower with Radar,0,2,6,0,8,0,0,4,0,4,0,2,10,0,12,0,0,0,12
11/26/2022,HUF,IN,AGL,CE,Combined TRACON& Tower with Radar,0,0,9,0,9,0,1,13,0,14,0,1,22,0,23,0,0,0,23
11/27/2022,HUF,IN,AGL,CE,Combined TRACON& Tower with Radar,0,0,7,0,7,0,0,0,0,0,0,0,7,0,7,0,0,0,7
11/28/2022,HUF,IN,AGL,CE,Combined TRACON& Tower with Radar,0,0,19,0,19,0,2,28,0,30,0,2,47,0,49,172,0,172,221
11/29/2022,HUF,IN,AGL,CE,Combined TRACON& Tower with Radar,0,1,15,0,16,0,0,34,0,34,0,1,49,0,50,72,0,72,122
11/30/2022,HUF,IN,AGL,CE,Combined TRACON& Tower with Radar,0,1,27,2,30,0,12,45,0,57,0,13,72,2,87,157,0,157,244
12/01/2022,HUF,IN,AGL,CE,Combined TRACON& Tower with Radar,0,0,31,0,31,0,23,102,0,125,0,23,133,0,156,252,0,252,408
12/02/2022,HUF,IN,AGL,CE,Combined TRACON& Tower with Radar,0,1,7,0,8,0,4,11,1,16,0,5,18,1,24,30,0,30,54
12/03/2022,HUF,IN,AGL,CE,Combined TRACON& Tower with Radar,0,7,10,4,21,0,7,33,2,42,0,14,43,6,63,74,0,74,137
12/04/2022,HUF,IN,AGL,CE,Combined TRACON& Tower with Radar,0,2,19,0,21,0,14,70,0,84,0,16,89,0,105,160,0,160,265
12/05/2022,HUF,IN,AGL,CE,Combined TRACON& Tower with Radar,0,2,32,0,34,0,3,64,0,67,0,5,96,0,101,286,0,286,387
12/06/2022,HUF,IN,AGL,CE,Combined TRACON& Tower with Radar,0,0,17,0,17,0,0,2,0,2,0,0,19,0,19,10,0,10,29
12/07/2022,HUF,IN,AGL,CE,Combined TRACON& Tower with Radar,0,0,52,4,56,0,4,5,0,9,0,4,57,4,65,54,0,54,119
12/08/2022,HUF,IN,AGL,CE,Combined TRACON& Tower with Radar,0,3,16,0,19,0,0,4,0,4,0,3,20,0,23,28,0,28,51
12/09/2022,HUF,IN,AGL,CE,Combined TRACON& Tower with Radar,0,2,8,0,10,0,0,0,0,0,0,2,8,0,10,0,0,0,10
12/10/2022,HUF,IN,AGL,CE,Combined TRACON& Tower with Radar,0,0,7,0,7,0,0,0,0,0,0,0,7,0,7,0,0,0,7
12/11/2022,HUF,IN,AGL,CE,Combined TRACON& Tower with Radar,0,0,8,0,8,0,0,5,0,5,0,0,13,0,13,110,0,110,123
12/12/2022,HUF,IN,AGL,CE,Combined TRACON& Tower with Radar,0,3,27,2,32,0,5,94,0,99,0,8,121,2,131,266,0,266,397
12/13/2022,HUF,IN,AGL,CE,Combined TRACON& Tower with Radar,0,17,36,2,55,0,2,116,2,120,0,19,152,4,175,214,0,214,389
12/14/2022,HUF,IN,AGL,CE,Combined TRACON& Tower with Radar,0,2,9,0,11,0,0,0,0,0,0,2,9,0,11,0,0,0,11
12/15/2022,HUF,IN,AGL,CE,Combined TRACON& Tower with Radar,0,0,26,2,28,0,2,75,0,77,0,2,101,2,105,216,6,222,327
12/16/2022,HUF,IN,AGL,CE,Combined TRACON& Tower with Radar,0,0,22,0,22,0,3,48,0,51,0,3,70,0,73,84,0,84,157
12/17/2022,HUF,IN,AGL,CE,Combined TRACON& Tower with Radar,0,0,4,0,4,0,3,22,0,25,0,3,26,0,29,76,0,76,105
12/18/2022,HUF,IN,AGL,CE,Combined TRACON& Tower with Radar,0,5,15,0,20,0,7,58,0,65,0,12,73,0,85,140,0,140,225
12/19/2022,HUF,IN,AGL,CE,Combined TRACON& Tower with Radar,0,9,17,0,26,0,6,85,0,91,0,15,102,0,117,228,0,228,345
12/20/2022,HUF,IN,AGL,CE,Combined TRACON& Tower with Radar,6,2,22,0,30,0,13,94,0,107,6,15,116,0,137,150,0,150,287
12/21/2022,HUF,IN,AGL,CE,Combined TRACON& Tower with Radar,0,0,24,2,26,0,7,49,0,56,0,7,73,2,82,194,0,194,276
12/22/2022,HUF,IN,AGL,CE,Combined TRACON& Tower with Radar,0,0,3,0,3,0,0,0,0,0,0,0,3,0,3,0,0,0,3
12/23/2022,HUF,IN,AGL,CE,Combined TRACON& Tower with Radar,0,1,0,0,1,0,0,0,0,0,0,1,0,0,1,0,0,0,1
12/24/2022,HUF,IN,AGL,CE,Combined TRACON& Tower with Radar,0,1,0,0,1,0,3,0,0,3,0,4,0,0,4,0,0,0,4
12/25/2022,HUF,IN,AGL,CE,Combined TRACON& Tower with Radar,0,0,2,0,2,0,1,0,0,1,0,1,2,0,3,0,0,0,3
12/26/2022,HUF,IN,AGL,CE,Combined TRACON& Tower with Radar,0,2,4,0,6,0,0,0,0,0,0,2,4,0,6,0,0,0,6
12/27/2022,HUF,IN,AGL,CE,Combined TRACON& Tower with Radar,0,0,10,0,10,0,0,0,0,0,0,0,10,0,10,0,0,0,10
12/28/2022,HUF,IN,AGL,CE,Combined TRACON& Tower with Radar,0,0,2,0,2,0,3,14,0,17,0,3,16,0,19,12,0,12,31
12/29/2022,HUF,IN,AGL,CE,Combined TRACON& Tower with Radar,0,0,5,1,6,0,0,2,0,2,0,0,7,1,8,10,0,10,18
12/30/2022,HUF,IN,AGL,CE,Combined TRACON& Tower with Radar,0,2,7,0,9,0,0,1,0,1,0,2,8,0,10,0,0,0,10
12/31/2022,HUF,IN,AGL,CE,Combined TRACON& Tower with Radar,0,1,2,0,3,0,2,9,0,11,0,3,11,0,14,18,0,18,32
01/01/2023,HUF,IN,AGL,CE,Combined TRACON& Tower with Radar,0,0,2,0,2,0,0,0,0,0,0,0,2,0,2,0,0,0,2
01/02/2023,HUF,IN,AGL,CE,Combined TRACON& Tower with Radar,0,2,2,0,4,0,0,0,0,0,0,2,2,0,4,0,0,0,4
01/03/2023,HUF,IN,AGL,CE,Combined TRACON& Tower with Radar,0,2,21,0,23,0,2,2,0,4,0,4,23,0,27,25,0,25,52
01/04/2023,HUF,IN,AGL,CE,Combined TRACON& Tower with Radar,0,0,27,0,27,0,3,74,0,77,0,3,101,0,104,181,0,181,285
01/05/2023,HUF,IN,AGL,CE,Combined TRACON& Tower with Radar,0,0,10,0,10,0,2,39,0,41,0,2,49,0,51,96,0,96,147
01/06/2023,HUF,IN,AGL,CE,Combined TRACON& Tower with Radar,0,0,17,0,17,0,14,32,0,46,0,14,49,0,63,108,0,108,171
01/07/2023,HUF,IN,AGL,CE,Combined TRACON& Tower with Radar,0,0,17,0,17,0,26,89,0,115,0,26,106,0,132,166,0,166,298
01/08/2023,HUF,IN,AGL,CE,Combined TRACON& Tower with Radar,0,0,9,0,9,0,4,13,0,17,0,4,22,0,26,116,0,116,142
01/09/2023,HUF,IN,AGL,CE,Combined TRACON& Tower with Radar,0,0,15,0,15,0,4,63,0,67,0,4,78,0,82,76,0,76,158
01/10/2023,HUF,IN,AGL,CE,Combined TRACON& Tower with Radar,0,2,25,0,27,0,8,105,1,114,0,10,130,1,141,208,0,208,349
01/11/2023,HUF,IN,AGL,CE,Combined TRACON& Tower with Radar,0,0,10,0,10,0,0,0,0,0,0,0,10,0,10,0,0,0,10
01/12/2023,HUF,IN,AGL,CE,Combined TRACON& Tower with Radar,0,0,4,0,4,0,0,0,0,0,0,0,4,0,4,0,0,0,4
01/13/2023,HUF,IN,AGL,CE,Combined TRACON& Tower with Radar,0,2,10,0,12,0,5,8,0,13,0,7,18,0,25,52,0,52,77
01/14/2023,HUF,IN,AGL,CE,Combined TRACON& Tower with Radar,0,2,12,0,14,0,26,43,0,69,0,28,55,0,83,342,0,342,425
01/15/2023,HUF,IN,AGL,CE,Combined TRACON& Tower with Radar,0,3,20,0,23,0,3,75,0,78,0,6,95,0,101,114,0,114,215
01/16/2023,HUF,IN,AGL,CE,Combined TRACON& Tower with Radar,0,0,2,0,2,0,0,2,0,2,0,0,4,0,4,0,0,0,4
01/17/2023,HUF,IN,AGL,CE,Combined TRACON& Tower with Radar,0,0,52,3,55,0,4,77,0,81,0,4,129,3,136,174,0,174,310
01/18/2023,HUF,IN,AGL,CE,Combined TRACON& Tower with Radar,1,1,7,2,11,0,0,1,0,1,1,1,8,2,12,0,0,0,12
01/19/2023,HUF,IN,AGL,CE,Combined TRACON& Tower with Radar,2,2,10,0,14,0,0,4,0,4,2,2,14,0,18,8,0,8,26
01/20/2023,HUF,IN,AGL,CE,Combined TRACON& Tower with Radar,2,3,10,2,17,1,5,18,0,24,3,8,28,2,41,204,0,204,245
01/21/2023,HUF,IN,AGL,CE,Combined TRACON& Tower with Radar,1,0,2,0,3,0,2,3,0,5,1,2,5,0,8,64,0,64,72
01/22/2023,HUF,IN,AGL,CE,Combined TRACON& Tower with Radar,0,0,1,0,1,0,0,0,0,0,0,0,1,0,1,0,0,0,1
01/23/2023,HUF,IN,AGL,CE,Combined TRACON& Tower with Radar,2,2,14,0,18,0,3,49,0,52,2,5,63,0,70,309,0,309,379
01/24/2023,HUF,IN,AGL,CE,Combined TRACON& Tower with Radar,2,6,43,0,51,0,8,140,0,148,2,14,183,0,199,266,0,266,465
01/25/2023,HUF,IN,AGL,CE,Combined TRACON& Tower with Radar,6,0,1,0,7,0,0,0,0,0,6,0,1,0,7,0,0,0,7
01/26/2023,HUF,IN,AGL,CE,Combined TRACON& Tower with Radar,1,7,15,0,23,0,1,1,0,2,1,8,16,0,25,38,0,38,63
01/27/2023,HUF,IN,AGL,CE,Combined TRACON& Tower with Radar,1,2,21,0,24,0,11,46,0,57,1,13,67,0,81,84,0,84,165
01/28/2023,HUF,IN,AGL,CE,Combined TRACON& Tower with Radar,0,3,18,1,22,0,15,82,1,98,0,18,100,2,120,164,0,164,284
01/29/2023,HUF,IN,AGL,CE,Combined TRACON& Tower with Radar,0,0,0,0,0,0,0,0,0,0,0,0,0,0,0,0,0,0,0
01/30/2023,HUF,IN,AGL,CE,Combined TRACON& Tower with Radar,0,0,3,0,3,0,1,0,0,1,0,1,3,0,4,0,0,0,4
01/31/2023,HUF,IN,AGL,CE,Combined TRACON& Tower with Radar,0,1,30,4,35,0,26,116,1,143,0,27,146,5,178,202,0,202,380
02/01/2023,HUF,IN,AGL,CE,Combined TRACON& Tower with Radar,0,0,35,0,35,0,31,107,0,138,0,31,142,0,173,268,0,268,441
02/02/2023,HUF,IN,AGL,CE,Combined TRACON& Tower with Radar,0,0,37,0,37,0,20,135,0,155,0,20,172,0,192,284,0,284,476
02/03/2023,HUF,IN,AGL,CE,Combined TRACON& Tower with Radar,0,6,26,0,32,0,22,75,0,97,0,28,101,0,129,234,0,234,363
02/04/2023,HUF,IN,AGL,CE,Combined TRACON& Tower with Radar,0,2,8,0,10,0,6,14,0,20,0,8,22,0,30,40,0,40,70
02/05/2023,HUF,IN,AGL,CE,Combined TRACON& Tower with Radar,0,0,5,0,5,0,1,43,0,44,0,1,48,0,49,40,0,40,89
02/06/2023,HUF,IN,AGL,CE,Combined TRACON& Tower with Radar,0,4,21,0,25,0,2,88,1,91,0,6,109,1,116,244,0,244,360
02/07/2023,HUF,IN,AGL,CE,Combined TRACON& Tower with Radar,0,2,27,0,29,0,14,51,2,67,0,16,78,2,96,258,0,258,354
02/08/2023,HUF,IN,AGL,CE,Combined TRACON& Tower with Radar,0,0,29,0,29,0,9,56,0,65,0,9,85,0,94,162,0,162,256
02/09/2023,HUF,IN,AGL,CE,Combined TRACON& Tower with Radar,0,0,2,0,2,0,0,0,0,0,0,0,2,0,2,0,0,0,2
02/10/2023,HUF,IN,AGL,CE,Combined TRACON& Tower with Radar,0,0,5,2,7,0,0,26,0,26,0,0,31,2,33,118,0,118,151
02/11/2023,HUF,IN,AGL,CE,Combined TRACON& Tower with Radar,0,1,27,0,28,0,6,109,0,115,0,7,136,0,143,98,0,98,241
02/12/2023,HUF,IN,AGL,CE,Combined TRACON& Tower with Radar,0,4,25,0,29,0,1,112,0,113,0,5,137,0,142,155,0,155,297
02/13/2023,HUF,IN,AGL,CE,Combined TRACON& Tower with Radar,0,2,32,0,34,0,0,94,0,94,0,2,126,0,128,230,0,230,358
02/14/2023,HUF,IN,AGL,CE,Combined TRACON& Tower with Radar,0,0,27,0,27,0,6,33,2,41,0,6,60,2,68,140,0,140,208
02/15/2023,HUF,IN,AGL,CE,Combined TRACON& Tower with Radar,0,0,33,18,51,0,13,68,0,81,0,13,101,18,132,210,0,210,342
02/16/2023,HUF,IN,AGL,CE,Combined TRACON& Tower with Radar,0,0,4,0,4,0,0,0,0,0,0,0,4,0,4,0,0,0,4
02/17/2023,HUF,IN,AGL,CE,Combined TRACON& Tower with Radar,0,0,3,0,3,0,6,32,0,38,0,6,35,0,41,142,0,142,183
02/18/2023,HUF,IN,AGL,CE,Combined TRACON& Tower with Radar,0,0,16,0,16,0,19,84,0,103,0,19,100,0,119,124,0,124,243
02/19/2023,HUF,IN,AGL,CE,Combined TRACON& Tower with Radar,0,0,9,0,9,0,1,30,0,31,0,1,39,0,40,14,0,14,54
02/20/2023,HUF,IN,AGL,CE,Combined TRACON& Tower with Radar,0,8,30,0,38,0,4,113,0,117,0,12,143,0,155,168,0,168,323
02/21/2023,HUF,IN,AGL,CE,Combined TRACON& Tower with Radar,0,9,37,0,46,0,33,84,0,117,0,42,121,0,163,188,0,188,351
02/22/2023,HUF,IN,AGL,CE,Combined TRACON& Tower with Radar,0,0,7,0,7,0,0,2,0,2,0,0,9,0,9,6,0,6,15
02/23/2023,HUF,IN,AGL,CE,Combined TRACON& Tower with Radar,0,0,16,0,16,0,5,30,0,35,0,5,46,0,51,72,0,72,123
02/24/2023,HUF,IN,AGL,CE,Combined TRACON& Tower with Radar,0,6,23,0,29,0,15,105,0,120,0,21,128,0,149,272,0,272,421
02/25/2023,HUF,IN,AGL,CE,Combined TRACON& Tower with Radar,0,4,22,1,27,0,2,75,1,78,0,6,97,2,105,212,0,212,317
02/26/2023,HUF,IN,AGL,CE,Combined TRACON& Tower with Radar,0,4,16,0,20,0,7,80,1,88,0,11,96,1,108,186,0,186,294
02/27/2023,HUF,IN,AGL,CE,Combined TRACON& Tower with Radar,0,0,10,0,10,0,0,0,0,0,0,0,10,0,10,0,0,0,10
02/28/2023,HUF,IN,AGL,CE,Combined TRACON& Tower with Radar,0,7,25,2,34,0,10,75,0,85,0,17,100,2,119,184,0,184,303
03/01/2023,HUF,IN,AGL,CE,Combined TRACON& Tower with Radar,0,3,31,2,36,0,6,167,0,173,0,9,198,2,209,306,0,306,515
03/02/2023,HUF,IN,AGL,CE,Combined TRACON& Tower with Radar,0,6,42,0,48,0,7,141,0,148,0,13,183,0,196,273,0,273,469
03/03/2023,HUF,IN,AGL,CE,Combined TRACON& Tower with Radar,0,0,0,0,0,0,0,0,0,0,0,0,0,0,0,0,0,0,0
03/04/2023,HUF,IN,AGL,CE,Combined TRACON& Tower with Radar,0,2,15,0,17,0,9,63,0,72,0,11,78,0,89,144,0,144,233
03/05/2023,HUF,IN,AGL,CE,Combined TRACON& Tower with Radar,0,0,20,0,20,0,8,79,0,87,0,8,99,0,107,84,0,84,191
03/06/2023,HUF,IN,AGL,CE,Combined TRACON& Tower with Radar,0,0,19,0,19,0,1,75,0,76,0,1,94,0,95,91,0,91,186
03/07/2023,HUF,IN,AGL,CE,Combined TRACON& Tower with Radar,0,4,18,5,27,0,10,64,1,75,0,14,82,6,102,276,0,276,378
03/08/2023,HUF,IN,AGL,CE,Combined TRACON& Tower with Radar,0,4,17,2,23,0,6,73,0,79,0,10,90,2,102,96,0,96,198
03/09/2023,HUF,IN,AGL,CE,Combined TRACON& Tower with Radar,0,0,22,7,29,0,6,63,1,70,0,6,85,8,99,84,10,94,193
03/10/2023,HUF,IN,AGL,CE,Combined TRACON& Tower with Radar,0,2,7,0,9,0,3,0,0,3,0,5,7,0,12,0,0,0,12
03/11/2023,HUF,IN,AGL,CE,Combined TRACON& Tower with Radar,0,0,6,0,6,0,1,45,0,46,0,1,51,0,52,118,0,118,170
03/12/2023,HUF,IN,AGL,CE,Combined TRACON& Tower with Radar,0,0,0,0,0,0,0,0,0,0,0,0,0,0,0,0,0,0,0
03/13/2023,HUF,IN,AGL,CE,Combined TRACON& Tower with Radar,0,0,8,0,8,0,2,8,0,10,0,2,16,0,18,86,0,86,104
03/14/2023,HUF,IN,AGL,CE,Combined TRACON& Tower with Radar,0,0,36,4,40,0,6,110,2,118,0,6,146,6,158,234,7,241,399
03/15/2023,HUF,IN,AGL,CE,Combined TRACON& Tower with Radar,0,3,41,8,52,0,2,153,0,155,0,5,194,8,207,269,8,277,484
03/16/2023,HUF,IN,AGL,CE,Combined TRACON& Tower with Radar,0,1,16,0,17,0,2,31,1,34,0,3,47,1,51,78,0,78,129
03/17/2023,HUF,IN,AGL,CE,Combined TRACON& Tower with Radar,0,0,8,0,8,0,0,2,0,2,0,0,10,0,10,0,0,0,10
03/18/2023,HUF,IN,AGL,CE,Combined TRACON& Tower with Radar,0,0,3,0,3,0,1,1,0,2,0,1,4,0,5,0,0,0,5
03/19/2023,HUF,IN,AGL,CE,Combined TRACON& Tower with Radar,0,2,27,0,29,0,7,86,0,93,0,9,113,0,122,88,0,88,210
03/20/2023,HUF,IN,AGL,CE,Combined TRACON& Tower with Radar,0,4,45,2,51,0,7,112,5,124,0,11,157,7,175,255,0,255,430
03/21/2023,HUF,IN,AGL,CE,Combined TRACON& Tower with Radar,0,0,21,6,27,0,6,86,0,92,0,6,107,6,119,139,4,143,262
03/22/2023,HUF,IN,AGL,CE,Combined TRACON& Tower with Radar,0,12,12,0,24,0,0,0,0,0,0,12,12,0,24,32,0,32,56
03/23/2023,HUF,IN,AGL,CE,Combined TRACON& Tower with Radar,0,9,6,0,15,0,0,0,0,0,0,9,6,0,15,0,0,0,15
03/24/2023,HUF,IN,AGL,CE,Combined TRACON& Tower with Radar,0,6,4,0,10,0,0,0,0,0,0,6,4,0,10,0,0,0,10
03/25/2023,HUF,IN,AGL,CE,Combined TRACON& Tower with Radar,0,0,10,0,10,0,0,2,0,2,0,0,12,0,12,0,0,0,12
03/26/2023,HUF,IN,AGL,CE,Combined TRACON& Tower with Radar,0,0,25,0,25,0,0,92,0,92,0,0,117,0,117,220,0,220,337
03/27/2023,HUF,IN,AGL,CE,Combined TRACON& Tower with Radar,0,0,13,0,13,0,4,8,0,12,0,4,21,0,25,44,0,44,69
03/28/2023,HUF,IN,AGL,CE,Combined TRACON& Tower with Radar,0,2,37,6,45,0,6,113,0,119,0,8,150,6,164,276,0,276,440
03/29/2023,HUF,IN,AGL,CE,Combined TRACON& Tower with Radar,0,2,36,0,38,0,4,113,0,117,0,6,149,0,155,296,0,296,451
03/30/2023,HUF,IN,AGL,CE,Combined TRACON& Tower with Radar,0,3,40,0,43,0,1,117,1,119,0,4,157,1,162,230,6,236,398
03/31/2023,HUF,IN,AGL,CE,Combined TRACON& Tower with Radar,0,0,0,0,0,0,1,2,0,3,0,1,2,0,3,12,0,12,15
04/01/2023,HUF,IN,AGL,CE,Combined TRACON& Tower with Radar,0,0,4,0,4,0,0,3,0,3,0,0,7,0,7,1,0,1,8
04/02/2023,HUF,IN,AGL,CE,Combined TRACON& Tower with Radar,0,5,25,0,30,0,12,119,0,131,0,17,144,0,161,117,0,117,278
04/03/2023,HUF,IN,AGL,CE,Combined TRACON& Tower with Radar,0,6,34,8,48,0,1,89,0,90,0,7,123,8,138,198,0,198,336
04/04/2023,HUF,IN,AGL,CE,Combined TRACON& Tower with Radar,0,0,10,0,10,0,0,2,0,2,0,0,12,0,12,2,0,2,14
04/05/2023,HUF,IN,AGL,CE,Combined TRACON& Tower with Radar,0,0,3,0,3,0,0,1,0,1,0,0,4,0,4,0,0,0,4
04/06/2023,HUF,IN,AGL,CE,Combined TRACON& Tower with Radar,0,3,43,1,47,0,1,131,2,134,0,4,174,3,181,233,0,233,414
04/07/2023,HUF,IN,AGL,CE,Combined TRACON& Tower with Radar,0,6,25,0,31,0,4,103,0,107,0,10,128,0,138,154,0,154,292
04/08/2023,HUF,IN,AGL,CE,Combined TRACON& Tower with Radar,0,2,13,2,17,0,8,72,0,80,0,10,85,2,97,66,0,66,163
04/09/2023,HUF,IN,AGL,CE,Combined TRACON& Tower with Radar,0,4,4,0,8,0,0,14,0,14,0,4,18,0,22,2,0,2,24
04/10/2023,HUF,IN,AGL,CE,Combined TRACON& Tower with Radar,0,2,27,6,35,0,6,121,0,127,0,8,148,6,162,180,0,180,342
04/11/2023,HUF,IN,AGL,CE,Combined TRACON& Tower with Radar,0,0,34,0,34,0,5,126,0,131,0,5,160,0,165,198,0,198,363
04/12/2023,HUF,IN,AGL,CE,Combined TRACON& Tower with Radar,0,3,36,0,39,0,4,118,0,122,0,7,154,0,161,168,0,168,329
04/13/2023,HUF,IN,AGL,CE,Combined TRACON& Tower with Radar,0,2,44,0,46,0,1,131,1,133,0,3,175,1,179,214,0,214,393
04/14/2023,HUF,IN,AGL,CE,Combined TRACON& Tower with Radar,0,0,38,4,42,0,1,106,0,107,0,1,144,4,149,227,0,227,376
04/15/2023,HUF,IN,AGL,CE,Combined TRACON& Tower with Radar,0,0,28,1,29,0,1,74,1,76,0,1,102,2,105,60,0,60,165
04/16/2023,HUF,IN,AGL,CE,Combined TRACON& Tower with Radar,0,0,6,0,6,0,0,0,0,0,0,0,6,0,6,0,0,0,6
04/17/2023,HUF,IN,AGL,CE,Combined TRACON& Tower with Radar,0,2,3,0,5,0,1,8,0,9,0,3,11,0,14,10,0,10,24
04/18/2023,HUF,IN,AGL,CE,Combined TRACON& Tower with Radar,0,3,30,8,41,0,7,124,0,131,0,10,154,8,172,282,0,282,454
04/19/2023,HUF,IN,AGL,CE,Combined TRACON& Tower with Radar,0,1,28,0,29,0,1,91,0,92,0,2,119,0,121,136,0,136,257
04/20/2023,HUF,IN,AGL,CE,Combined TRACON& Tower with Radar,0,0,13,2,15,0,5,11,0,16,0,5,24,2,31,10,0,10,41
04/21/2023,HUF,IN,AGL,CE,Combined TRACON& Tower with Radar,0,4,17,0,21,0,8,62,0,70,0,12,79,0,91,130,4,134,225
04/22/2023,HUF,IN,AGL,CE,Combined TRACON& Tower with Radar,0,4,9,0,13,0,4,40,1,45,0,8,49,1,58,58,0,58,116
04/23/2023,HUF,IN,AGL,CE,Combined TRACON& Tower with Radar,0,4,11,0,15,0,4,41,1,46,0,8,52,1,61,76,0,76,137
04/24/2023,HUF,IN,AGL,CE,Combined TRACON& Tower with Radar,0,2,28,0,30,0,6,119,3,128,0,8,147,3,158,195,0,195,353
04/25/2023,HUF,IN,AGL,CE,Combined TRACON& Tower with Radar,0,4,22,0,26,0,6,66,0,72,0,10,88,0,98,268,0,268,366
04/26/2023,HUF,IN,AGL,CE,Combined TRACON& Tower with Radar,0,12,41,1,54,0,10,130,3,143,0,22,171,4,197,220,0,220,417
04/27/2023,HUF,IN,AGL,CE,Combined TRACON& Tower with Radar,0,0,17,5,22,0,6,85,4,95,0,6,102,9,117,198,6,204,321
04/28/2023,HUF,IN,AGL,CE,Combined TRACON& Tower with Radar,0,4,37,0,41,0,0,14,0,14,0,4,51,0,55,30,0,30,85
04/29/2023,HUF,IN,AGL,CE,Combined TRACON& Tower with Radar,0,1,15,0,16,0,8,62,0,70,0,9,77,0,86,80,0,80,166
04/30/2023,HUF,IN,AGL,CE,Combined TRACON& Tower with Radar,0,0,10,0,10,0,0,7,1,8,0,0,17,1,18,0,0,0,18
05/01/2023,HUF,IN,AGL,CE,Combined TRACON& Tower with Radar,0,0,8,0,8,0,2,4,0,6,0,2,12,0,14,26,0,26,40
05/02/2023,HUF,IN,AGL,CE,Combined TRACON& Tower with Radar,0,2,41,2,45,0,3,57,2,62,0,5,98,4,107,64,12,76,183
05/03/2023,HUF,IN,AGL,CE,Combined TRACON& Tower with Radar,0,1,37,8,46,0,3,130,0,133,0,4,167,8,179,238,10,248,427
05/04/2023,HUF,IN,AGL,CE,Combined TRACON& Tower with Radar,0,4,30,10,44,0,8,142,1,151,0,12,172,11,195,330,0,330,525
05/05/2023,HUF,IN,AGL,CE,Combined TRACON& Tower with Radar,0,5,35,4,44,0,13,101,0,114,0,18,136,4,158,157,2,159,317
05/06/2023,HUF,IN,AGL,CE,Combined TRACON& Tower with Radar,0,2,5,0,7,0,4,39,0,43,0,6,44,0,50,76,0,76,126
05/07/2023,HUF,IN,AGL,CE,Combined TRACON& Tower with Radar,0,2,7,0,9,0,0,8,0,8,0,2,15,0,17,36,0,36,53
05/08/2023,HUF,IN,AGL,CE,Combined TRACON& Tower with Radar,0,2,11,0,13,0,0,11,0,11,0,2,22,0,24,68,0,68,92
05/09/2023,HUF,IN,AGL,CE,Combined TRACON& Tower with Radar,0,4,29,0,33,0,8,85,0,93,0,12,114,0,126,198,0,198,324
05/10/2023,HUF,IN,AGL,CE,Combined TRACON& Tower with Radar,0,1,34,0,35,0,16,124,6,146,0,17,158,6,181,242,0,242,423
05/11/2023,HUF,IN,AGL,CE,Combined TRACON& Tower with Radar,0,4,28,0,32,0,12,92,0,104,0,16,120,0,136,250,0,250,386
05/12/2023,HUF,IN,AGL,CE,Combined TRACON& Tower with Radar,0,4,32,0,36,0,1,14,0,15,0,5,46,0,51,83,0,83,134
05/13/2023,HUF,IN,AGL,CE,Combined TRACON& Tower with Radar,0,4,10,0,14,0,0,3,0,3,0,4,13,0,17,26,0,26,43
05/14/2023,HUF,IN,AGL,CE,Combined TRACON& Tower with Radar,0,0,7,0,7,0,6,22,0,28,0,6,29,0,35,58,0,58,93
05/15/2023,HUF,IN,AGL,CE,Combined TRACON& Tower with Radar,0,1,37,6,44,0,2,94,0,96,0,3,131,6,140,228,2,230,370
05/16/2023,HUF,IN,AGL,CE,Combined TRACON& Tower with Radar,0,0,47,0,47,0,16,34,0,50,0,16,81,0,97,104,0,104,201
05/17/2023,HUF,IN,AGL,CE,Combined TRACON& Tower with Radar,0,0,43,2,45,0,14,133,2,149,0,14,176,4,194,216,6,222,416
05/18/2023,HUF,IN,AGL,CE,Combined TRACON& Tower with Radar,0,4,28,0,32,0,18,110,0,128,0,22,138,0,160,215,0,215,375
05/19/2023,HUF,IN,AGL,CE,Combined TRACON& Tower with Radar,0,8,31,0,39,0,12,70,3,85,0,20,101,3,124,156,8,164,288
05/20/2023,HUF,IN,AGL,CE,Combined TRACON& Tower with Radar,0,3,9,0,12,0,6,58,4,68,0,9,67,4,80,72,0,72,152
05/21/2023,HUF,IN,AGL,CE,Combined TRACON& Tower with Radar,0,2,19,0,21,0,5,43,0,48,0,7,62,0,69,66,0,66,135
05/22/2023,HUF,IN,AGL,CE,Combined TRACON& Tower with Radar,0,2,20,4,26,0,0,96,0,96,0,2,116,4,122,194,0,194,316
05/23/2023,HUF,IN,AGL,CE,Combined TRACON& Tower with Radar,0,0,24,2,26,0,11,97,0,108,0,11,121,2,134,161,0,161,295
05/24/2023,HUF,IN,AGL,CE,Combined TRACON& Tower with Radar,0,0,39,0,39,0,8,97,0,105,0,8,136,0,144,210,0,210,354
05/25/2023,HUF,IN,AGL,CE,Combined TRACON& Tower with Radar,0,4,31,4,39,0,13,91,9,113,0,17,122,13,152,126,10,136,288
05/26/2023,HUF,IN,AGL,CE,Combined TRACON& Tower with Radar,0,1,19,0,20,0,15,105,0,120,0,16,124,0,140,170,0,170,310
05/27/2023,HUF,IN,AGL,CE,Combined TRACON& Tower with Radar,0,2,18,1,21,0,4,43,2,49,0,6,61,3,70,64,0,64,134
05/28/2023,HUF,IN,AGL,CE,Combined TRACON& Tower with Radar,0,4,9,0,13,0,7,21,0,28,0,11,30,0,41,44,0,44,85
05/29/2023,HUF,IN,AGL,CE,Combined TRACON& Tower with Radar,0,0,12,2,14,0,3,49,1,53,0,3,61,3,67,84,0,84,151
05/30/2023,HUF,IN,AGL,CE,Combined TRACON& Tower with Radar,0,2,29,1,32,0,9,76,0,85,0,11,105,1,117,218,0,218,335
05/31/2023,HUF,IN,AGL,CE,Combined TRACON& Tower with Radar,2,1,38,0,41,0,2,82,0,84,2,3,120,0,125,188,0,188,313
06/01/2023,HUF,IN,AGL,CE,Combined TRACON& Tower with Radar,0,10,58,0,68,0,15,132,0,147,0,25,190,0,215,146,0,146,361
06/02/2023,HUF,IN,AGL,CE,Combined TRACON& Tower with Radar,0,2,37,0,39,0,12,91,4,107,0,14,128,4,146,174,0,174,320
06/03/2023,HUF,IN,AGL,CE,Combined TRACON& Tower with Radar,0,2,10,0,12,0,5,64,0,69,0,7,74,0,81,116,0,116,197
06/04/2023,HUF,IN,AGL,CE,Combined TRACON& Tower with Radar,2,2,12,4,20,0,2,50,0,52,2,4,62,4,72,32,0,32,104
06/05/2023,HUF,IN,AGL,CE,Combined TRACON& Tower with Radar,0,2,35,0,37,0,5,84,0,89,0,7,119,0,126,82,0,82,208
06/06/2023,HUF,IN,AGL,CE,Combined TRACON& Tower with Radar,0,4,37,1,42,0,12,105,0,117,0,16,142,1,159,166,0,166,325
06/07/2023,HUF,IN,AGL,CE,Combined TRACON& Tower with Radar,1,0,29,0,30,0,5,56,0,61,1,5,85,0,91,172,0,172,263
06/08/2023,HUF,IN,AGL,CE,Combined TRACON& Tower with Radar,0,10,44,0,54,0,10,113,0,123,0,20,157,0,177,190,0,190,367
06/09/2023,HUF,IN,AGL,CE,Combined TRACON& Tower with Radar,0,0,35,0,35,0,19,111,1,131,0,19,146,1,166,222,6,228,394
06/10/2023,HUF,IN,AGL,CE,Combined TRACON& Tower with Radar,0,2,16,6,24,0,5,118,0,123,0,7,134,6,147,126,0,126,273
06/11/2023,HUF,IN,AGL,CE,Combined TRACON& Tower with Radar,2,0,4,0,6,0,2,0,0,2,2,2,4,0,8,0,0,0,8
06/12/2023,HUF,IN,AGL,CE,Combined TRACON& Tower with Radar,0,2,32,0,34,0,0,40,0,40,0,2,72,0,74,136,0,136,210
06/13/2023,HUF,IN,AGL,CE,Combined TRACON& Tower with Radar,0,3,9,0,12,0,5,61,0,66,0,8,70,0,78,86,0,86,164
06/14/2023,HUF,IN,AGL,CE,Combined TRACON& Tower with Radar,8,2,32,0,42,0,11,69,0,80,8,13,101,0,122,150,0,150,272
06/15/2023,HUF,IN,AGL,CE,Combined TRACON& Tower with Radar,0,1,42,2,45,0,14,93,0,107,0,15,135,2,152,148,0,148,300
06/16/2023,HUF,IN,AGL,CE,Combined TRACON& Tower with Radar,0,6,26,0,32,0,13,77,0,90,0,19,103,0,122,286,0,286,408
06/17/2023,HUF,IN,AGL,CE,Combined TRACON& Tower with Radar,0,0,9,0,9,0,10,72,0,82,0,10,81,0,91,96,0,96,187
06/18/2023,HUF,IN,AGL,CE,Combined TRACON& Tower with Radar,0,1,12,0,13,0,5,55,0,60,0,6,67,0,73,58,0,58,131
06/19/2023,HUF,IN,AGL,CE,Combined TRACON& Tower with Radar,0,2,11,0,13,0,2,30,0,32,0,4,41,0,45,86,0,86,131
06/20/2023,HUF,IN,AGL,CE,Combined TRACON& Tower with Radar,0,6,29,2,37,0,4,91,0,95,0,10,120,2,132,170,0,170,302
06/21/2023,HUF,IN,AGL,CE,Combined TRACON& Tower with Radar,0,0,18,8,26,0,1,49,1,51,0,1,67,9,77,64,8,72,149
06/22/2023,HUF,IN,AGL,CE,Combined TRACON& Tower with Radar,0,6,36,4,46,0,1,88,0,89,0,7,124,4,135,132,8,140,275
06/23/2023,HUF,IN,AGL,CE,Combined TRACON& Tower with Radar,0,2,38,16,56,0,10,93,0,103,0,12,131,16,159,137,16,153,312
06/24/2023,HUF,IN,AGL,CE,Combined TRACON& Tower with Radar,0,5,12,0,17,0,5,75,0,80,0,10,87,0,97,108,0,108,205
06/25/2023,HUF,IN,AGL,CE,Combined TRACON& Tower with Radar,0,0,4,0,4,0,3,8,0,11,0,3,12,0,15,0,0,0,15
06/26/2023,HUF,IN,AGL,CE,Combined TRACON& Tower with Radar,0,7,24,0,31,0,5,19,0,24,0,12,43,0,55,124,0,124,179
06/27/2023,HUF,IN,AGL,CE,Combined TRACON& Tower with Radar,0,8,43,12,63,0,0,21,0,21,0,8,64,12,84,229,0,229,313
06/28/2023,HUF,IN,AGL,CE,Combined TRACON& Tower with Radar,0,2,33,10,45,0,0,2,0,2,0,2,35,10,47,0,0,0,47
06/29/2023,HUF,IN,AGL,CE,Combined TRACON& Tower with Radar,0,0,3,0,3,0,0,0,0,0,0,0,3,0,3,0,0,0,3
06/30/2023,HUF,IN,AGL,CE,Combined TRACON& Tower with Radar,0,5,19,0,24,0,3,9,3,15,0,8,28,3,39,6,0,6,45
07/01/2023,HUF,IN,AGL,CE,Combined TRACON& Tower with Radar,0,0,4,2,6,0,2,2,0,4,0,2,6,2,10,6,0,6,16
07/02/2023,HUF,IN,AGL,CE,Combined TRACON& Tower with Radar,0,0,2,0,2,0,0,1,0,1,0,0,3,0,3,0,0,0,3
07/03/2023,HUF,IN,AGL,CE,Combined TRACON& Tower with Radar,0,9,8,0,17,0,2,28,0,30,0,11,36,0,47,28,0,28,75
07/04/2023,HUF,IN,AGL,CE,Combined TRACON& Tower with Radar,0,0,5,0,5,0,5,22,0,27,0,5,27,0,32,8,0,8,40
07/05/2023,HUF,IN,AGL,CE,Combined TRACON& Tower with Radar,0,0,26,0,26,0,7,68,0,75,0,7,94,0,101,153,0,153,254
07/06/2023,HUF,IN,AGL,CE,Combined TRACON& Tower with Radar,0,3,30,0,33,0,5,45,0,50,0,8,75,0,83,215,0,215,298
07/07/2023,HUF,IN,AGL,CE,Combined TRACON& Tower with Radar,0,8,32,0,40,0,5,152,2,159,0,13,184,2,199,204,0,204,403
07/08/2023,HUF,IN,AGL,CE,Combined TRACON& Tower with Radar,0,0,5,0,5,0,2,2,0,4,0,2,7,0,9,0,0,0,9
07/09/2023,HUF,IN,AGL,CE,Combined TRACON& Tower with Radar,0,0,13,0,13,0,5,84,0,89,0,5,97,0,102,119,0,119,221
07/10/2023,HUF,IN,AGL,CE,Combined TRACON& Tower with Radar,0,6,32,0,38,0,0,122,0,122,0,6,154,0,160,236,0,236,396
07/11/2023,HUF,IN,AGL,CE,Combined TRACON& Tower with Radar,0,5,24,2,31,0,4,108,0,112,0,9,132,2,143,188,0,188,331
07/12/2023,HUF,IN,AGL,CE,Combined TRACON& Tower with Radar,0,2,35,0,37,0,4,93,0,97,0,6,128,0,134,186,0,186,320
07/13/2023,HUF,IN,AGL,CE,Combined TRACON& Tower with Radar,0,4,43,0,47,0,2,92,0,94,0,6,135,0,141,216,0,216,357
07/14/2023,HUF,IN,AGL,CE,Combined TRACON& Tower with Radar,0,4,25,2,31,1,3,81,0,85,1,7,106,2,116,206,6,212,328
07/15/2023,HUF,IN,AGL,CE,Combined TRACON& Tower with Radar,0,0,8,0,8,0,2,19,0,21,0,2,27,0,29,66,0,66,95
07/16/2023,HUF,IN,AGL,CE,Combined TRACON& Tower with Radar,0,2,5,0,7,0,3,42,0,45,0,5,47,0,52,72,0,72,124
07/17/2023,HUF,IN,AGL,CE,Combined TRACON& Tower with Radar,0,5,33,0,38,0,0,33,0,33,0,5,66,0,71,64,0,64,135
07/18/2023,HUF,IN,AGL,CE,Combined TRACON& Tower with Radar,0,8,46,0,54,0,6,92,0,98,0,14,138,0,152,312,0,312,464
07/19/2023,HUF,IN,AGL,CE,Combined TRACON& Tower with Radar,0,5,43,2,50,0,5,95,0,100,0,10,138,2,150,310,0,310,460
07/20/2023,HUF,IN,AGL,CE,Combined TRACON& Tower with Radar,0,2,34,0,36,0,0,22,2,24,0,2,56,2,60,56,0,56,116
07/21/2023,HUF,IN,AGL,CE,Combined TRACON& Tower with Radar,0,9,15,1,25,0,4,83,0,87,0,13,98,1,112,108,0,108,220
07/22/2023,HUF,IN,AGL,CE,Combined TRACON& Tower with Radar,0,2,21,0,23,0,6,75,0,81,0,8,96,0,104,82,0,82,186
07/23/2023,HUF,IN,AGL,CE,Combined TRACON& Tower with Radar,0,2,13,0,15,0,6,60,1,67,0,8,73,1,82,56,0,56,138
07/24/2023,HUF,IN,AGL,CE,Combined TRACON& Tower with Radar,0,2,38,0,40,0,3,59,0,62,0,5,97,0,102,178,0,178,280
07/25/2023,HUF,IN,AGL,CE,Combined TRACON& Tower with Radar,0,4,27,2,33,0,4,84,0,88,0,8,111,2,121,82,0,82,203
07/26/2023,HUF,IN,AGL,CE,Combined TRACON& Tower with Radar,0,4,17,0,21,0,6,31,0,37,0,10,48,0,58,72,0,72,130
07/27/2023,HUF,IN,AGL,CE,Combined TRACON& Tower with Radar,0,4,20,2,26,0,4,86,0,90,0,8,106,2,116,156,0,156,272
07/28/2023,HUF,IN,AGL,CE,Combined TRACON& Tower with Radar,0,2,20,4,26,0,1,43,0,44,0,3,63,4,70,66,12,78,148
07/29/2023,HUF,IN,AGL,CE,Combined TRACON& Tower with Radar,0,5,9,0,14,0,0,41,1,42,0,5,50,1,56,32,0,32,88
07/30/2023,HUF,IN,AGL,CE,Combined TRACON& Tower with Radar,0,0,12,0,12,0,3,71,0,74,0,3,83,0,86,80,0,80,166
07/31/2023,HUF,IN,AGL,CE,Combined TRACON& Tower with Radar,0,3,21,2,26,0,5,73,0,78,0,8,94,2,104,136,0,136,240
08/01/2023,HUF,IN,AGL,CE,Combined TRACON& Tower with Radar,0,0,29,0,29,0,4,96,0,100,0,4,125,0,129,208,0,208,337
08/02/2023,HUF,IN,AGL,CE,Combined TRACON& Tower with Radar,0,0,25,0,25,0,5,81,0,86,0,5,106,0,111,116,0,116,227
08/03/2023,HUF,IN,AGL,CE,Combined TRACON& Tower with Radar,0,4,31,0,35,0,4,50,5,59,0,8,81,5,94,106,0,106,200
08/04/2023,HUF,IN,AGL,CE,Combined TRACON& Tower with Radar,0,6,28,0,34,0,7,59,2,68,0,13,87,2,102,64,0,64,166
08/05/2023,HUF,IN,AGL,CE,Combined TRACON& Tower with Radar,0,4,8,0,12,0,3,33,9,45,0,7,41,9,57,2,0,2,59
08/06/2023,HUF,IN,AGL,CE,Combined TRACON& Tower with Radar,0,2,18,1,21,0,7,44,1,52,0,9,62,2,73,28,0,28,101
08/07/2023,HUF,IN,AGL,CE,Combined TRACON& Tower with Radar,0,2,12,0,14,0,0,24,0,24,0,2,36,0,38,44,0,44,82
08/08/2023,HUF,IN,AGL,CE,Combined TRACON& Tower with Radar,0,3,15,0,18,0,6,78,1,85,0,9,93,1,103,180,0,180,283
08/09/2023,HUF,IN,AGL,CE,Combined TRACON& Tower with Radar,0,2,6,2,10,0,0,21,0,21,0,2,27,2,31,46,0,46,77
08/10/2023,HUF,IN,AGL,CE,Combined TRACON& Tower with Radar,0,4,33,0,37,0,0,51,0,51,0,4,84,0,88,32,0,32,120
08/11/2023,HUF,IN,AGL,CE,Combined TRACON& Tower with Radar,0,0,22,4,26,0,5,62,1,68,0,5,84,5,94,162,0,162,256
08/12/2023,HUF,IN,AGL,CE,Combined TRACON& Tower with Radar,0,0,13,0,13,0,1,40,0,41,0,1,53,0,54,24,0,24,78
08/13/2023,HUF,IN,AGL,CE,Combined TRACON& Tower with Radar,0,0,8,0,8,0,0,43,0,43,0,0,51,0,51,58,0,58,109
08/14/2023,HUF,IN,AGL,CE,Combined TRACON& Tower with Radar,0,2,16,6,24,0,3,18,0,21,0,5,34,6,45,50,0,50,95
08/15/2023,HUF,IN,AGL,CE,Combined TRACON& Tower with Radar,0,6,50,0,56,0,0,41,0,41,0,6,91,0,97,150,0,150,247
08/16/2023,HUF,IN,AGL,CE,Combined TRACON& Tower with Radar,0,6,13,3,22,0,5,70,2,77,0,11,83,5,99,90,0,90,189
08/17/2023,HUF,IN,AGL,CE,Combined TRACON& Tower with Radar,0,2,27,0,29,0,2,80,0,82,0,4,107,0,111,84,0,84,195
08/18/2023,HUF,IN,AGL,CE,Combined TRACON& Tower with Radar,0,5,43,2,50,0,2,89,0,91,0,7,132,2,141,180,0,180,321
08/19/2023,HUF,IN,AGL,CE,Combined TRACON& Tower with Radar,0,5,15,0,20,0,0,61,0,61,0,5,76,0,81,52,0,52,133
08/20/2023,HUF,IN,AGL,CE,Combined TRACON& Tower with Radar,0,0,9,0,9,0,2,48,1,51,0,2,57,1,60,48,0,48,108
08/21/2023,HUF,IN,AGL,CE,Combined TRACON& Tower with Radar,0,1,12,2,15,0,3,44,0,47,0,4,56,2,62,88,0,88,150
08/22/2023,HUF,IN,AGL,CE,Combined TRACON& Tower with Radar,0,1,36,2,39,0,1,51,0,52,0,2,87,2,91,68,0,68,159
08/23/2023,HUF,IN,AGL,CE,Combined TRACON& Tower with Radar,0,1,17,0,18,0,4,44,0,48,0,5,61,0,66,78,0,78,144
08/24/2023,HUF,IN,AGL,CE,Combined TRACON& Tower with Radar,0,3,23,1,27,0,4,35,0,39,0,7,58,1,66,102,2,104,170
08/25/2023,HUF,IN,AGL,CE,Combined TRACON& Tower with Radar,0,2,30,3,35,0,5,53,0,58,0,7,83,3,93,28,0,28,121
08/26/2023,HUF,IN,AGL,CE,Combined TRACON& Tower with Radar,0,0,23,0,23,0,0,20,0,20,0,0,43,0,43,30,0,30,73
08/27/2023,HUF,IN,AGL,CE,Combined TRACON& Tower with Radar,0,3,24,5,32,0,6,24,0,30,0,9,48,5,62,86,0,86,148
08/28/2023,HUF,IN,AGL,CE,Combined TRACON& Tower with Radar,0,5,25,0,30,0,2,96,0,98,0,7,121,0,128,126,0,126,254
08/29/2023,HUF,IN,AGL,CE,Combined TRACON& Tower with Radar,0,0,45,0,45,0,6,102,0,108,0,6,147,0,153,124,0,124,277
08/30/2023,HUF,IN,AGL,CE,Combined TRACON& Tower with Radar,0,2,47,5,54,0,4,85,2,91,0,6,132,7,145,70,0,70,215
08/31/2023,HUF,IN,AGL,CE,Combined TRACON& Tower with Radar,0,3,25,10,38,0,5,85,4,94,0,8,110,14,132,124,6,130,262
