01/01/2020,HUT,KS,ACE,CE,Federal Contract Tower,0,0,1,0,1,0,0,1,0,1,0,0,2,0,2,0,0,0,2
01/02/2020,HUT,KS,ACE,CE,Federal Contract Tower,0,1,4,0,5,0,0,17,0,17,0,1,21,0,22,72,0,72,94
01/03/2020,HUT,KS,ACE,CE,Federal Contract Tower,0,0,1,4,5,0,0,31,0,31,0,0,32,4,36,54,0,54,90
01/04/2020,HUT,KS,ACE,CE,Federal Contract Tower,0,0,7,0,7,0,0,19,0,19,0,0,26,0,26,34,0,34,60
01/05/2020,HUT,KS,ACE,CE,Federal Contract Tower,0,0,2,0,2,0,0,25,0,25,0,0,27,0,27,32,0,32,59
01/06/2020,HUT,KS,ACE,CE,Federal Contract Tower,0,0,6,0,6,0,0,13,0,13,0,0,19,0,19,0,0,0,19
01/07/2020,HUT,KS,ACE,CE,Federal Contract Tower,0,0,4,6,10,0,0,6,0,6,0,0,10,6,16,12,18,30,46
01/08/2020,HUT,KS,ACE,CE,Federal Contract Tower,0,0,4,0,4,0,4,13,0,17,0,4,17,0,21,26,0,26,47
01/09/2020,HUT,KS,ACE,CE,Federal Contract Tower,0,0,5,4,9,0,1,18,4,23,0,1,23,8,32,30,0,30,62
01/10/2020,HUT,KS,ACE,CE,Federal Contract Tower,0,0,4,0,4,0,0,0,0,0,0,0,4,0,4,8,0,8,12
01/11/2020,HUT,KS,ACE,CE,Federal Contract Tower,0,0,0,0,0,0,0,10,0,10,0,0,10,0,10,4,0,4,14
01/12/2020,HUT,KS,ACE,CE,Federal Contract Tower,0,4,0,0,4,0,0,1,0,1,0,4,1,0,5,0,0,0,5
01/13/2020,HUT,KS,ACE,CE,Federal Contract Tower,0,0,4,0,4,0,0,0,0,0,0,0,4,0,4,0,0,0,4
01/14/2020,HUT,KS,ACE,CE,Federal Contract Tower,0,0,11,0,11,0,0,2,0,2,0,0,13,0,13,8,0,8,21
01/15/2020,HUT,KS,ACE,CE,Federal Contract Tower,0,0,9,0,9,0,4,22,0,26,0,4,31,0,35,26,0,26,61
01/16/2020,HUT,KS,ACE,CE,Federal Contract Tower,0,2,6,2,10,0,0,23,0,23,0,2,29,2,33,56,0,56,89
01/17/2020,HUT,KS,ACE,CE,Federal Contract Tower,0,0,2,0,2,0,0,0,0,0,0,0,2,0,2,0,0,0,2
01/18/2020,HUT,KS,ACE,CE,Federal Contract Tower,0,0,5,0,5,0,0,4,0,4,0,0,9,0,9,6,0,6,15
01/19/2020,HUT,KS,ACE,CE,Federal Contract Tower,0,1,9,7,17,0,0,37,8,45,0,1,46,15,62,68,20,88,150
01/20/2020,HUT,KS,ACE,CE,Federal Contract Tower,0,1,4,0,5,0,0,28,0,28,0,1,32,0,33,10,0,10,43
01/21/2020,HUT,KS,ACE,CE,Federal Contract Tower,0,2,3,2,7,0,0,21,0,21,0,2,24,2,28,22,0,22,50
01/22/2020,HUT,KS,ACE,CE,Federal Contract Tower,0,1,2,0,3,0,0,0,0,0,0,1,2,0,3,0,0,0,3
01/23/2020,HUT,KS,ACE,CE,Federal Contract Tower,0,0,5,2,7,0,0,10,0,10,0,0,15,2,17,30,8,38,55
01/24/2020,HUT,KS,ACE,CE,Federal Contract Tower,0,2,11,8,21,0,0,14,0,14,0,2,25,8,35,40,0,40,75
01/25/2020,HUT,KS,ACE,CE,Federal Contract Tower,0,0,3,0,3,0,13,22,0,35,0,13,25,0,38,32,0,32,70
01/26/2020,HUT,KS,ACE,CE,Federal Contract Tower,0,0,5,0,5,0,2,40,0,42,0,2,45,0,47,38,0,38,85
01/27/2020,HUT,KS,ACE,CE,Federal Contract Tower,0,4,6,0,10,0,0,17,0,17,0,4,23,0,27,20,0,20,47
01/28/2020,HUT,KS,ACE,CE,Federal Contract Tower,0,0,0,0,0,0,0,0,0,0,0,0,0,0,0,0,0,0,0
01/29/2020,HUT,KS,ACE,CE,Federal Contract Tower,0,2,8,3,13,0,0,5,1,6,0,2,13,4,19,6,2,8,27
01/30/2020,HUT,KS,ACE,CE,Federal Contract Tower,0,0,2,0,2,0,0,10,0,10,0,0,12,0,12,22,0,22,34
01/31/2020,HUT,KS,ACE,CE,Federal Contract Tower,0,0,6,2,8,0,0,32,0,32,0,0,38,2,40,64,0,64,104
02/01/2020,HUT,KS,ACE,CE,Federal Contract Tower,0,2,9,0,11,0,12,26,0,38,0,14,35,0,49,52,0,52,101
02/02/2020,HUT,KS,ACE,CE,Federal Contract Tower,0,0,6,10,16,0,0,16,2,18,0,0,22,12,34,28,34,62,96
02/03/2020,HUT,KS,ACE,CE,Federal Contract Tower,0,0,11,0,11,0,0,1,0,1,0,0,12,0,12,0,0,0,12
02/04/2020,HUT,KS,ACE,CE,Federal Contract Tower,0,0,2,0,2,0,0,1,2,3,0,0,3,2,5,10,0,10,15
02/05/2020,HUT,KS,ACE,CE,Federal Contract Tower,0,0,9,0,9,0,4,5,0,9,0,4,14,0,18,38,0,38,56
02/06/2020,HUT,KS,ACE,CE,Federal Contract Tower,0,2,6,6,14,0,2,19,0,21,0,4,25,6,35,50,20,70,105
02/07/2020,HUT,KS,ACE,CE,Federal Contract Tower,0,0,6,2,8,0,6,11,0,17,0,6,17,2,25,22,0,22,47
02/08/2020,HUT,KS,ACE,CE,Federal Contract Tower,0,0,5,2,7,0,6,36,0,42,0,6,41,2,49,38,0,38,87
02/09/2020,HUT,KS,ACE,CE,Federal Contract Tower,0,0,5,11,16,0,1,5,4,10,0,1,10,15,26,6,14,20,46
02/10/2020,HUT,KS,ACE,CE,Federal Contract Tower,0,2,15,0,17,0,2,14,0,16,0,4,29,0,33,12,0,12,45
02/11/2020,HUT,KS,ACE,CE,Federal Contract Tower,0,0,5,0,5,0,4,8,0,12,0,4,13,0,17,16,0,16,33
02/12/2020,HUT,KS,ACE,CE,Federal Contract Tower,0,0,0,0,0,0,0,0,0,0,0,0,0,0,0,0,0,0,0
02/13/2020,HUT,KS,ACE,CE,Federal Contract Tower,0,0,6,4,10,0,0,25,0,25,0,0,31,4,35,28,10,38,73
02/14/2020,HUT,KS,ACE,CE,Federal Contract Tower,0,0,7,2,9,0,0,17,0,17,0,0,24,2,26,24,0,24,50
02/15/2020,HUT,KS,ACE,CE,Federal Contract Tower,0,3,7,0,10,0,0,21,0,21,0,3,28,0,31,36,0,36,67
02/16/2020,HUT,KS,ACE,CE,Federal Contract Tower,0,0,1,0,1,0,0,38,0,38,0,0,39,0,39,50,0,50,89
02/17/2020,HUT,KS,ACE,CE,Federal Contract Tower,0,0,5,0,5,0,3,11,0,14,0,3,16,0,19,28,0,28,47
02/18/2020,HUT,KS,ACE,CE,Federal Contract Tower,0,2,8,3,13,0,0,8,1,9,0,2,16,4,22,10,0,10,32
02/19/2020,HUT,KS,ACE,CE,Federal Contract Tower,0,0,13,2,15,0,2,8,0,10,0,2,21,2,25,28,8,36,61
02/20/2020,HUT,KS,ACE,CE,Federal Contract Tower,0,0,6,2,8,0,2,13,0,15,0,2,19,2,23,30,0,30,53
02/21/2020,HUT,KS,ACE,CE,Federal Contract Tower,0,0,4,0,4,0,0,29,2,31,0,0,33,2,35,74,0,74,109
02/22/2020,HUT,KS,ACE,CE,Federal Contract Tower,0,0,7,0,7,0,3,17,0,20,0,3,24,0,27,8,0,8,35
02/23/2020,HUT,KS,ACE,CE,Federal Contract Tower,0,1,3,0,4,0,2,1,0,3,0,3,4,0,7,0,0,0,7
02/24/2020,HUT,KS,ACE,CE,Federal Contract Tower,0,0,3,0,3,0,0,15,0,15,0,0,18,0,18,36,0,36,54
02/25/2020,HUT,KS,ACE,CE,Federal Contract Tower,0,0,0,0,0,0,0,0,0,0,0,0,0,0,0,0,0,0,0
02/26/2020,HUT,KS,ACE,CE,Federal Contract Tower,0,1,11,7,19,0,0,25,3,28,0,1,36,10,47,60,14,74,121
02/27/2020,HUT,KS,ACE,CE,Federal Contract Tower,0,2,6,0,8,0,2,19,0,21,0,4,25,0,29,44,0,44,73
02/28/2020,HUT,KS,ACE,CE,Federal Contract Tower,0,0,3,8,11,0,0,20,0,20,0,0,23,8,31,22,0,22,53
02/29/2020,HUT,KS,ACE,CE,Federal Contract Tower,0,0,2,0,2,0,4,17,0,21,0,4,19,0,23,58,0,58,81
03/01/2020,HUT,KS,ACE,CE,Federal Contract Tower,0,0,0,8,8,0,0,48,8,56,0,0,48,16,64,58,28,86,150
03/02/2020,HUT,KS,ACE,CE,Federal Contract Tower,0,0,3,0,3,0,2,13,8,23,0,2,16,8,26,14,0,14,40
03/03/2020,HUT,KS,ACE,CE,Federal Contract Tower,0,0,3,4,7,0,2,32,2,36,0,2,35,6,43,20,12,32,75
03/04/2020,HUT,KS,ACE,CE,Federal Contract Tower,0,0,3,5,8,0,2,25,11,38,0,2,28,16,46,52,12,64,110
03/05/2020,HUT,KS,ACE,CE,Federal Contract Tower,0,2,6,0,8,0,1,26,0,27,0,3,32,0,35,28,0,28,63
03/06/2020,HUT,KS,ACE,CE,Federal Contract Tower,0,0,7,5,12,0,2,28,0,30,0,2,35,5,42,64,0,64,106
03/07/2020,HUT,KS,ACE,CE,Federal Contract Tower,0,0,0,0,0,0,0,8,0,8,0,0,8,0,8,4,0,4,12
03/08/2020,HUT,KS,ACE,CE,Federal Contract Tower,0,0,2,0,2,0,1,11,0,12,0,1,13,0,14,2,0,2,16
03/09/2020,HUT,KS,ACE,CE,Federal Contract Tower,0,0,12,0,12,0,0,0,0,0,0,0,12,0,12,10,0,10,22
03/10/2020,HUT,KS,ACE,CE,Federal Contract Tower,0,0,3,0,3,0,0,6,0,6,0,0,9,0,9,14,0,14,23
03/11/2020,HUT,KS,ACE,CE,Federal Contract Tower,0,0,7,6,13,0,2,32,0,34,0,2,39,6,47,74,52,126,173
03/12/2020,HUT,KS,ACE,CE,Federal Contract Tower,0,0,10,19,29,0,1,20,1,22,0,1,30,20,51,38,8,46,97
03/13/2020,HUT,KS,ACE,CE,Federal Contract Tower,0,0,5,0,5,0,0,1,0,1,0,0,6,0,6,8,0,8,14
03/14/2020,HUT,KS,ACE,CE,Federal Contract Tower,0,0,1,0,1,0,0,0,0,0,0,0,1,0,1,0,0,0,1
03/15/2020,HUT,KS,ACE,CE,Federal Contract Tower,0,0,4,0,4,0,0,0,0,0,0,0,4,0,4,0,0,0,4
03/16/2020,HUT,KS,ACE,CE,Federal Contract Tower,0,0,2,4,6,0,0,0,0,0,0,0,2,4,6,0,6,6,12
03/17/2020,HUT,KS,ACE,CE,Federal Contract Tower,0,2,5,0,7,0,0,0,0,0,0,2,5,0,7,0,0,0,7
03/18/2020,HUT,KS,ACE,CE,Federal Contract Tower,0,4,1,2,7,0,2,7,0,9,0,6,8,2,16,10,4,14,30
03/19/2020,HUT,KS,ACE,CE,Federal Contract Tower,0,1,7,2,10,0,0,3,0,3,0,1,10,2,13,16,16,32,45
03/20/2020,HUT,KS,ACE,CE,Federal Contract Tower,0,0,8,0,8,0,0,14,0,14,0,0,22,0,22,30,0,30,52
03/21/2020,HUT,KS,ACE,CE,Federal Contract Tower,0,0,10,4,14,0,0,23,0,23,0,0,33,4,37,6,4,10,47
03/22/2020,HUT,KS,ACE,CE,Federal Contract Tower,0,0,0,0,0,0,0,0,0,0,0,0,0,0,0,0,0,0,0
03/23/2020,HUT,KS,ACE,CE,Federal Contract Tower,0,0,4,0,4,0,0,4,0,4,0,0,8,0,8,16,0,16,24
03/24/2020,HUT,KS,ACE,CE,Federal Contract Tower,0,0,9,6,15,0,0,1,0,1,0,0,10,6,16,2,0,2,18
03/25/2020,HUT,KS,ACE,CE,Federal Contract Tower,0,0,5,4,9,0,0,16,0,16,0,0,21,4,25,22,8,30,55
03/26/2020,HUT,KS,ACE,CE,Federal Contract Tower,0,0,4,4,8,0,0,3,2,5,0,0,7,6,13,8,14,22,35
03/27/2020,HUT,KS,ACE,CE,Federal Contract Tower,0,0,2,0,2,0,0,6,4,10,0,0,8,4,12,18,0,18,30
03/28/2020,HUT,KS,ACE,CE,Federal Contract Tower,0,0,1,0,1,0,0,0,0,0,0,0,1,0,1,0,0,0,1
03/29/2020,HUT,KS,ACE,CE,Federal Contract Tower,0,2,2,0,4,0,0,23,0,23,0,2,25,0,27,14,0,14,41
03/30/2020,HUT,KS,ACE,CE,Federal Contract Tower,0,0,2,0,2,0,0,3,0,3,0,0,5,0,5,0,0,0,5
03/31/2020,HUT,KS,ACE,CE,Federal Contract Tower,0,0,2,4,6,0,0,8,0,8,0,0,10,4,14,14,8,22,36
04/01/2020,HUT,KS,ACE,CE,Federal Contract Tower,0,1,5,0,6,0,0,9,0,9,0,1,14,0,15,14,0,14,29
04/02/2020,HUT,KS,ACE,CE,Federal Contract Tower,0,1,2,0,3,0,0,3,0,3,0,1,5,0,6,20,0,20,26
04/03/2020,HUT,KS,ACE,CE,Federal Contract Tower,0,0,2,4,6,0,0,5,0,5,0,0,7,4,11,8,8,16,27
04/04/2020,HUT,KS,ACE,CE,Federal Contract Tower,0,0,2,0,2,0,0,9,0,9,0,0,11,0,11,4,0,4,15
04/05/2020,HUT,KS,ACE,CE,Federal Contract Tower,0,0,0,0,0,0,0,2,0,2,0,0,2,0,2,16,0,16,18
04/06/2020,HUT,KS,ACE,CE,Federal Contract Tower,0,0,3,10,13,0,0,6,0,6,0,0,9,10,19,30,18,48,67
04/07/2020,HUT,KS,ACE,CE,Federal Contract Tower,0,0,6,0,6,0,0,31,0,31,0,0,37,0,37,50,0,50,87
04/08/2020,HUT,KS,ACE,CE,Federal Contract Tower,0,0,5,10,15,0,0,13,4,17,0,0,18,14,32,54,46,100,132
04/09/2020,HUT,KS,ACE,CE,Federal Contract Tower,0,1,3,6,10,0,0,13,0,13,0,1,16,6,23,50,0,50,73
04/10/2020,HUT,KS,ACE,CE,Federal Contract Tower,0,1,4,0,5,0,0,12,0,12,0,1,16,0,17,10,0,10,27
04/11/2020,HUT,KS,ACE,CE,Federal Contract Tower,0,0,4,0,4,0,0,6,0,6,0,0,10,0,10,0,0,0,10
04/12/2020,HUT,KS,ACE,CE,Federal Contract Tower,0,0,1,0,1,0,0,0,0,0,0,0,1,0,1,0,0,0,1
04/13/2020,HUT,KS,ACE,CE,Federal Contract Tower,0,1,5,0,6,0,0,15,0,15,0,1,20,0,21,32,0,32,53
04/14/2020,HUT,KS,ACE,CE,Federal Contract Tower,0,0,1,0,1,0,0,5,0,5,0,0,6,0,6,16,0,16,22
04/15/2020,HUT,KS,ACE,CE,Federal Contract Tower,0,0,5,2,7,0,0,24,0,24,0,0,29,2,31,44,2,46,77
04/16/2020,HUT,KS,ACE,CE,Federal Contract Tower,0,0,2,0,2,0,0,6,0,6,0,0,8,0,8,8,0,8,16
04/17/2020,HUT,KS,ACE,CE,Federal Contract Tower,0,2,8,10,20,0,0,12,0,12,0,2,20,10,32,52,0,52,84
04/18/2020,HUT,KS,ACE,CE,Federal Contract Tower,0,0,1,0,1,0,0,6,0,6,0,0,7,0,7,10,0,10,17
04/19/2020,HUT,KS,ACE,CE,Federal Contract Tower,0,0,3,0,3,0,0,5,0,5,0,0,8,0,8,10,0,10,18
04/20/2020,HUT,KS,ACE,CE,Federal Contract Tower,0,1,1,17,19,0,0,12,3,15,0,1,13,20,34,50,80,130,164
04/21/2020,HUT,KS,ACE,CE,Federal Contract Tower,0,0,9,0,9,0,0,15,0,15,0,0,24,0,24,24,0,24,48
04/22/2020,HUT,KS,ACE,CE,Federal Contract Tower,0,1,3,0,4,0,0,2,0,2,0,1,5,0,6,10,0,10,16
04/23/2020,HUT,KS,ACE,CE,Federal Contract Tower,0,0,4,0,4,0,0,19,0,19,0,0,23,0,23,44,0,44,67
04/24/2020,HUT,KS,ACE,CE,Federal Contract Tower,0,0,2,0,2,0,1,3,0,4,0,1,5,0,6,10,0,10,16
04/25/2020,HUT,KS,ACE,CE,Federal Contract Tower,0,0,2,0,2,0,2,6,0,8,0,2,8,0,10,12,0,12,22
04/26/2020,HUT,KS,ACE,CE,Federal Contract Tower,0,0,1,0,1,0,0,13,0,13,0,0,14,0,14,8,0,8,22
04/27/2020,HUT,KS,ACE,CE,Federal Contract Tower,0,0,3,10,13,0,4,12,2,18,0,4,15,12,31,16,12,28,59
04/28/2020,HUT,KS,ACE,CE,Federal Contract Tower,0,8,9,0,17,0,0,11,0,11,0,8,20,0,28,24,0,24,52
04/29/2020,HUT,KS,ACE,CE,Federal Contract Tower,0,2,4,0,6,0,4,5,0,9,0,6,9,0,15,22,0,22,37
04/30/2020,HUT,KS,ACE,CE,Federal Contract Tower,0,2,13,7,22,0,4,24,3,31,0,6,37,10,53,60,12,72,125
05/01/2020,HUT,KS,ACE,CE,Federal Contract Tower,0,0,5,0,5,0,4,12,0,16,0,4,17,0,21,60,2,62,83
05/02/2020,HUT,KS,ACE,CE,Federal Contract Tower,0,0,2,0,2,0,0,17,2,19,0,0,19,2,21,40,0,40,61
05/03/2020,HUT,KS,ACE,CE,Federal Contract Tower,0,1,5,0,6,0,0,13,0,13,0,1,18,0,19,2,0,2,21
05/04/2020,HUT,KS,ACE,CE,Federal Contract Tower,0,0,13,0,13,0,0,4,0,4,0,0,17,0,17,4,0,4,21
05/05/2020,HUT,KS,ACE,CE,Federal Contract Tower,0,0,3,0,3,0,0,17,0,17,0,0,20,0,20,58,0,58,78
05/06/2020,HUT,KS,ACE,CE,Federal Contract Tower,0,0,5,0,5,0,4,20,0,24,0,4,25,0,29,92,0,92,121
05/07/2020,HUT,KS,ACE,CE,Federal Contract Tower,0,1,4,0,5,0,0,7,0,7,0,1,11,0,12,14,0,14,26
05/08/2020,HUT,KS,ACE,CE,Federal Contract Tower,0,1,1,0,2,0,0,8,0,8,0,1,9,0,10,8,0,8,18
05/09/2020,HUT,KS,ACE,CE,Federal Contract Tower,0,0,4,2,6,0,0,23,0,23,0,0,27,2,29,32,6,38,67
05/10/2020,HUT,KS,ACE,CE,Federal Contract Tower,0,0,2,6,8,0,0,26,0,26,0,0,28,6,34,20,10,30,64
05/11/2020,HUT,KS,ACE,CE,Federal Contract Tower,0,0,4,0,4,0,0,0,0,0,0,0,4,0,4,6,0,6,10
05/12/2020,HUT,KS,ACE,CE,Federal Contract Tower,0,1,8,0,9,0,0,0,0,0,0,1,8,0,9,12,0,12,21
05/13/2020,HUT,KS,ACE,CE,Federal Contract Tower,0,0,2,0,2,0,0,0,0,0,0,0,2,0,2,0,0,0,2
05/14/2020,HUT,KS,ACE,CE,Federal Contract Tower,0,0,2,6,8,0,2,12,4,18,0,2,14,10,26,32,0,32,58
05/15/2020,HUT,KS,ACE,CE,Federal Contract Tower,0,0,1,0,1,0,1,5,0,6,0,1,6,0,7,16,0,16,23
05/16/2020,HUT,KS,ACE,CE,Federal Contract Tower,0,0,3,0,3,0,2,17,0,19,0,2,20,0,22,26,0,26,48
05/17/2020,HUT,KS,ACE,CE,Federal Contract Tower,0,1,2,0,3,0,0,10,0,10,0,1,12,0,13,8,0,8,21
05/18/2020,HUT,KS,ACE,CE,Federal Contract Tower,0,0,5,4,9,0,6,36,2,44,0,6,41,6,53,46,26,72,125
05/19/2020,HUT,KS,ACE,CE,Federal Contract Tower,0,1,8,0,9,0,4,35,0,39,0,5,43,0,48,96,0,96,144
05/20/2020,HUT,KS,ACE,CE,Federal Contract Tower,0,1,9,2,12,0,4,31,4,39,0,5,40,6,51,80,2,82,133
05/21/2020,HUT,KS,ACE,CE,Federal Contract Tower,0,0,5,0,5,0,0,1,0,1,0,0,6,0,6,8,0,8,14
05/22/2020,HUT,KS,ACE,CE,Federal Contract Tower,0,2,12,0,14,0,0,25,0,25,0,2,37,0,39,30,0,30,69
05/23/2020,HUT,KS,ACE,CE,Federal Contract Tower,0,6,3,0,9,0,4,19,0,23,0,10,22,0,32,32,0,32,64
05/24/2020,HUT,KS,ACE,CE,Federal Contract Tower,0,0,2,0,2,0,0,7,0,7,0,0,9,0,9,6,0,6,15
05/25/2020,HUT,KS,ACE,CE,Federal Contract Tower,0,0,2,0,2,0,0,1,0,1,0,0,3,0,3,0,0,0,3
05/26/2020,HUT,KS,ACE,CE,Federal Contract Tower,0,4,12,2,18,0,0,7,0,7,0,4,19,2,25,20,0,20,45
05/27/2020,HUT,KS,ACE,CE,Federal Contract Tower,0,0,20,5,25,0,0,25,0,25,0,0,45,5,50,48,4,52,102
05/28/2020,HUT,KS,ACE,CE,Federal Contract Tower,0,0,5,4,9,0,0,9,0,9,0,0,14,4,18,12,0,12,30
05/29/2020,HUT,KS,ACE,CE,Federal Contract Tower,0,0,23,0,23,0,4,33,0,37,0,4,56,0,60,54,0,54,114
05/30/2020,HUT,KS,ACE,CE,Federal Contract Tower,0,0,6,1,7,0,2,21,3,26,0,2,27,4,33,28,4,32,65
05/31/2020,HUT,KS,ACE,CE,Federal Contract Tower,0,0,11,0,11,0,0,9,0,9,0,0,20,0,20,6,0,6,26
06/01/2020,HUT,KS,ACE,CE,Federal Contract Tower,0,0,6,4,10,0,0,8,0,8,0,0,14,4,18,12,12,24,42
06/02/2020,HUT,KS,ACE,CE,Federal Contract Tower,0,0,10,15,25,0,0,21,2,23,0,0,31,17,48,44,2,46,94
06/03/2020,HUT,KS,ACE,CE,Federal Contract Tower,0,0,10,9,19,0,4,23,1,28,0,4,33,10,47,42,4,46,93
06/04/2020,HUT,KS,ACE,CE,Federal Contract Tower,0,0,3,4,7,0,3,21,0,24,0,3,24,4,31,42,4,46,77
06/05/2020,HUT,KS,ACE,CE,Federal Contract Tower,0,2,6,4,12,0,4,10,0,14,0,6,16,4,26,36,2,38,64
06/06/2020,HUT,KS,ACE,CE,Federal Contract Tower,0,0,4,2,6,0,2,15,2,19,0,2,19,4,25,20,10,30,55
06/07/2020,HUT,KS,ACE,CE,Federal Contract Tower,0,0,4,0,4,0,0,23,0,23,0,0,27,0,27,36,0,36,63
06/08/2020,HUT,KS,ACE,CE,Federal Contract Tower,0,0,2,0,2,0,6,22,2,30,0,6,24,2,32,30,2,32,64
06/09/2020,HUT,KS,ACE,CE,Federal Contract Tower,0,0,3,0,3,0,4,20,0,24,0,4,23,0,27,46,0,46,73
06/10/2020,HUT,KS,ACE,CE,Federal Contract Tower,0,0,6,10,16,0,0,24,0,24,0,0,30,10,40,48,0,48,88
06/11/2020,HUT,KS,ACE,CE,Federal Contract Tower,0,0,10,16,26,0,0,29,0,29,0,0,39,16,55,48,42,90,145
06/12/2020,HUT,KS,ACE,CE,Federal Contract Tower,0,1,7,3,11,0,0,22,0,22,0,1,29,3,33,66,8,74,107
06/13/2020,HUT,KS,ACE,CE,Federal Contract Tower,0,1,9,4,14,0,0,32,0,32,0,1,41,4,46,38,6,44,90
06/14/2020,HUT,KS,ACE,CE,Federal Contract Tower,0,1,0,0,1,0,0,20,0,20,0,1,20,0,21,32,0,32,53
06/15/2020,HUT,KS,ACE,CE,Federal Contract Tower,0,0,5,8,13,0,0,16,2,18,0,0,21,10,31,42,6,48,79
06/16/2020,HUT,KS,ACE,CE,Federal Contract Tower,0,4,8,26,38,0,6,19,0,25,0,10,27,26,63,62,16,78,141
06/17/2020,HUT,KS,ACE,CE,Federal Contract Tower,0,0,8,10,18,0,0,29,0,29,0,0,37,10,47,62,0,62,109
06/18/2020,HUT,KS,ACE,CE,Federal Contract Tower,0,0,13,6,19,0,0,11,0,11,0,0,24,6,30,12,4,16,46
06/19/2020,HUT,KS,ACE,CE,Federal Contract Tower,0,6,7,0,13,0,0,0,0,0,0,6,7,0,13,8,0,8,21
06/20/2020,HUT,KS,ACE,CE,Federal Contract Tower,0,0,7,0,7,0,0,21,0,21,0,0,28,0,28,4,0,4,32
06/21/2020,HUT,KS,ACE,CE,Federal Contract Tower,0,0,10,0,10,0,2,13,0,15,0,2,23,0,25,8,0,8,33
06/22/2020,HUT,KS,ACE,CE,Federal Contract Tower,0,0,2,14,16,0,3,31,10,44,0,3,33,24,60,108,62,170,230
06/23/2020,HUT,KS,ACE,CE,Federal Contract Tower,0,3,2,24,29,0,2,35,0,37,0,5,37,24,66,64,14,78,144
06/24/2020,HUT,KS,ACE,CE,Federal Contract Tower,0,0,3,16,19,0,0,25,0,25,0,0,28,16,44,56,8,64,108
06/25/2020,HUT,KS,ACE,CE,Federal Contract Tower,0,2,7,29,38,0,0,23,2,25,0,2,30,31,63,26,40,66,129
06/26/2020,HUT,KS,ACE,CE,Federal Contract Tower,0,2,8,39,49,0,0,30,1,31,0,2,38,40,80,24,6,30,110
06/27/2020,HUT,KS,ACE,CE,Federal Contract Tower,0,0,1,4,5,0,0,22,0,22,0,0,23,4,27,12,8,20,47
06/28/2020,HUT,KS,ACE,CE,Federal Contract Tower,0,0,4,6,10,0,0,5,0,5,0,0,9,6,15,0,4,4,19
06/29/2020,HUT,KS,ACE,CE,Federal Contract Tower,0,2,17,5,24,0,2,17,1,20,0,4,34,6,44,36,8,44,88
06/30/2020,HUT,KS,ACE,CE,Federal Contract Tower,0,0,6,22,28,0,8,13,0,21,0,8,19,22,49,38,4,42,91
07/01/2020,HUT,KS,ACE,CE,Federal Contract Tower,0,10,16,24,50,0,2,37,0,39,0,12,53,24,89,66,26,92,181
07/02/2020,HUT,KS,ACE,CE,Federal Contract Tower,0,0,13,26,39,0,0,12,0,12,0,0,25,26,51,12,50,62,113
07/03/2020,HUT,KS,ACE,CE,Federal Contract Tower,0,0,6,0,6,0,0,21,0,21,0,0,27,0,27,26,0,26,53
07/04/2020,HUT,KS,ACE,CE,Federal Contract Tower,0,0,2,0,2,0,2,6,0,8,0,2,8,0,10,18,0,18,28
07/05/2020,HUT,KS,ACE,CE,Federal Contract Tower,0,0,4,0,4,0,0,8,0,8,0,0,12,0,12,2,0,2,14
07/06/2020,HUT,KS,ACE,CE,Federal Contract Tower,0,0,3,0,3,0,0,27,0,27,0,0,30,0,30,42,0,42,72
07/07/2020,HUT,KS,ACE,CE,Federal Contract Tower,0,0,6,16,22,0,2,34,0,36,0,2,40,16,58,34,20,54,112
07/08/2020,HUT,KS,ACE,CE,Federal Contract Tower,0,1,8,4,13,0,0,18,0,18,0,1,26,4,31,64,10,74,105
07/09/2020,HUT,KS,ACE,CE,Federal Contract Tower,0,4,11,4,19,0,0,29,0,29,0,4,40,4,48,50,0,50,98
07/10/2020,HUT,KS,ACE,CE,Federal Contract Tower,1,2,10,9,22,0,0,17,0,17,1,2,27,9,39,38,16,54,93
07/11/2020,HUT,KS,ACE,CE,Federal Contract Tower,0,2,6,4,12,0,4,12,2,18,0,6,18,6,30,28,2,30,60
07/12/2020,HUT,KS,ACE,CE,Federal Contract Tower,0,0,4,4,8,0,2,16,4,22,0,2,20,8,30,10,4,14,44
07/13/2020,HUT,KS,ACE,CE,Federal Contract Tower,0,0,6,16,22,0,2,42,0,44,0,2,48,16,66,114,16,130,196
07/14/2020,HUT,KS,ACE,CE,Federal Contract Tower,0,0,8,22,30,0,2,22,2,26,0,2,30,24,56,40,54,94,150
07/15/2020,HUT,KS,ACE,CE,Federal Contract Tower,0,0,23,32,55,0,0,22,0,22,0,0,45,32,77,62,42,104,181
07/16/2020,HUT,KS,ACE,CE,Federal Contract Tower,0,0,16,14,30,0,2,10,0,12,0,2,26,14,42,34,0,34,76
07/17/2020,HUT,KS,ACE,CE,Federal Contract Tower,0,1,7,17,25,0,0,17,4,21,0,1,24,21,46,44,16,60,106
07/18/2020,HUT,KS,ACE,CE,Federal Contract Tower,0,0,2,16,18,0,0,9,0,9,0,0,11,16,27,12,30,42,69
07/19/2020,HUT,KS,ACE,CE,Federal Contract Tower,0,0,5,0,5,0,2,6,0,8,0,2,11,0,13,56,0,56,69
07/20/2020,HUT,KS,ACE,CE,Federal Contract Tower,0,2,10,18,30,0,4,34,6,44,0,6,44,24,74,22,20,42,116
07/21/2020,HUT,KS,ACE,CE,Federal Contract Tower,0,17,6,49,72,0,0,22,5,27,0,17,28,54,99,42,28,70,169
07/22/2020,HUT,KS,ACE,CE,Federal Contract Tower,0,0,11,28,39,0,0,62,1,63,0,0,73,29,102,54,16,70,172
07/23/2020,HUT,KS,ACE,CE,Federal Contract Tower,0,1,11,21,33,0,2,38,5,45,0,3,49,26,78,52,30,82,160
07/24/2020,HUT,KS,ACE,CE,Federal Contract Tower,0,2,5,20,27,0,0,16,3,19,0,2,21,23,46,20,20,40,86
07/25/2020,HUT,KS,ACE,CE,Federal Contract Tower,0,0,1,4,5,0,0,13,0,13,0,0,14,4,18,14,4,18,36
07/26/2020,HUT,KS,ACE,CE,Federal Contract Tower,0,0,6,12,18,0,4,11,5,20,0,4,17,17,38,14,14,28,66
07/27/2020,HUT,KS,ACE,CE,Federal Contract Tower,0,0,16,0,16,0,0,3,0,3,0,0,19,0,19,6,0,6,25
07/28/2020,HUT,KS,ACE,CE,Federal Contract Tower,0,0,14,26,40,0,0,7,4,11,0,0,21,30,51,0,62,62,113
07/29/2020,HUT,KS,ACE,CE,Federal Contract Tower,0,2,13,37,52,0,0,13,0,13,0,2,26,37,65,24,46,70,135
07/30/2020,HUT,KS,ACE,CE,Federal Contract Tower,0,0,15,8,23,0,0,12,0,12,0,0,27,8,35,18,12,30,65
07/31/2020,HUT,KS,ACE,CE,Federal Contract Tower,0,0,14,17,31,0,0,19,1,20,0,0,33,18,51,40,56,96,147
08/01/2020,HUT,KS,ACE,CE,Federal Contract Tower,0,0,6,0,6,0,2,14,0,16,0,2,20,0,22,8,0,8,30
08/02/2020,HUT,KS,ACE,CE,Federal Contract Tower,0,3,4,5,12,0,2,24,1,27,0,5,28,6,39,10,8,18,57
08/03/2020,HUT,KS,ACE,CE,Federal Contract Tower,0,0,5,48,53,0,0,19,8,27,0,0,24,56,80,10,106,116,196
08/04/2020,HUT,KS,ACE,CE,Federal Contract Tower,0,0,13,19,32,0,5,36,3,44,0,5,49,22,76,56,30,86,162
08/05/2020,HUT,KS,ACE,CE,Federal Contract Tower,0,2,16,44,62,0,0,30,8,38,0,2,46,52,100,58,48,106,206
08/06/2020,HUT,KS,ACE,CE,Federal Contract Tower,0,0,18,4,22,0,0,26,0,26,0,0,44,4,48,34,0,34,82
08/07/2020,HUT,KS,ACE,CE,Federal Contract Tower,0,0,4,28,32,0,0,17,8,25,0,0,21,36,57,26,52,78,135
08/08/2020,HUT,KS,ACE,CE,Federal Contract Tower,0,0,1,0,1,0,18,10,0,28,0,18,11,0,29,14,0,14,43
08/09/2020,HUT,KS,ACE,CE,Federal Contract Tower,0,1,8,6,15,0,2,24,5,31,0,3,32,11,46,18,4,22,68
08/10/2020,HUT,KS,ACE,CE,Federal Contract Tower,0,1,7,5,13,0,8,19,1,28,0,9,26,6,41,62,18,80,121
08/11/2020,HUT,KS,ACE,CE,Federal Contract Tower,0,0,5,20,25,0,0,15,5,20,0,0,20,25,45,44,28,72,117
08/12/2020,HUT,KS,ACE,CE,Federal Contract Tower,0,0,4,0,4,0,0,12,2,14,0,0,16,2,18,10,0,10,28
08/13/2020,HUT,KS,ACE,CE,Federal Contract Tower,0,1,4,4,9,0,2,29,4,35,0,3,33,8,44,50,4,54,98
08/14/2020,HUT,KS,ACE,CE,Federal Contract Tower,0,0,15,23,38,0,0,13,2,15,0,0,28,25,53,34,36,70,123
08/15/2020,HUT,KS,ACE,CE,Federal Contract Tower,0,0,3,0,3,0,0,29,2,31,0,0,32,2,34,48,0,48,82
08/16/2020,HUT,KS,ACE,CE,Federal Contract Tower,0,4,7,0,11,0,0,14,0,14,0,4,21,0,25,6,0,6,31
08/17/2020,HUT,KS,ACE,CE,Federal Contract Tower,0,0,14,3,17,0,0,16,7,23,0,0,30,10,40,20,6,26,66
08/18/2020,HUT,KS,ACE,CE,Federal Contract Tower,0,0,6,14,20,0,0,21,6,27,0,0,27,20,47,44,52,96,143
08/19/2020,HUT,KS,ACE,CE,Federal Contract Tower,0,0,6,6,12,0,1,21,4,26,0,1,27,10,38,30,40,70,108
08/20/2020,HUT,KS,ACE,CE,Federal Contract Tower,0,1,11,12,24,0,0,20,0,20,0,1,31,12,44,64,28,92,136
08/21/2020,HUT,KS,ACE,CE,Federal Contract Tower,0,4,10,4,18,0,0,19,0,19,0,4,29,4,37,36,2,38,75
08/22/2020,HUT,KS,ACE,CE,Federal Contract Tower,0,1,7,1,9,0,16,17,0,33,0,17,24,1,42,38,0,38,80
08/23/2020,HUT,KS,ACE,CE,Federal Contract Tower,0,0,14,8,22,0,9,21,0,30,0,9,35,8,52,58,8,66,118
08/24/2020,HUT,KS,ACE,CE,Federal Contract Tower,0,0,5,19,24,0,2,9,3,14,0,2,14,22,38,38,16,54,92
08/25/2020,HUT,KS,ACE,CE,Federal Contract Tower,0,1,8,4,13,0,0,24,0,24,0,1,32,4,37,48,8,56,93
08/26/2020,HUT,KS,ACE,CE,Federal Contract Tower,0,1,11,12,24,0,2,22,2,26,0,3,33,14,50,38,24,62,112
08/27/2020,HUT,KS,ACE,CE,Federal Contract Tower,0,2,9,10,21,0,0,20,5,25,0,2,29,15,46,62,18,80,126
08/28/2020,HUT,KS,ACE,CE,Federal Contract Tower,0,1,10,7,18,0,0,18,5,23,0,1,28,12,41,74,30,104,145
08/29/2020,HUT,KS,ACE,CE,Federal Contract Tower,0,3,9,6,18,0,4,10,2,16,0,7,19,8,34,16,10,26,60
08/30/2020,HUT,KS,ACE,CE,Federal Contract Tower,0,1,4,0,5,0,7,11,0,18,0,8,15,0,23,44,0,44,67
08/31/2020,HUT,KS,ACE,CE,Federal Contract Tower,0,0,5,48,53,0,1,24,8,33,0,1,29,56,86,36,96,132,218
09/01/2020,HUT,KS,ACE,CE,Federal Contract Tower,0,0,7,14,21,0,1,9,0,10,0,1,16,14,31,12,26,38,69
09/02/2020,HUT,KS,ACE,CE,Federal Contract Tower,0,0,10,36,46,0,0,10,4,14,0,0,20,40,60,14,62,76,136
09/03/2020,HUT,KS,ACE,CE,Federal Contract Tower,0,1,11,7,19,0,2,15,0,17,0,3,26,7,36,32,22,54,90
09/04/2020,HUT,KS,ACE,CE,Federal Contract Tower,0,5,9,0,14,0,0,31,0,31,0,5,40,0,45,46,0,46,91
09/05/2020,HUT,KS,ACE,CE,Federal Contract Tower,0,0,8,0,8,0,4,44,0,48,0,4,52,0,56,66,0,66,122
09/06/2020,HUT,KS,ACE,CE,Federal Contract Tower,0,0,3,0,3,0,0,9,0,9,0,0,12,0,12,8,0,8,20
09/07/2020,HUT,KS,ACE,CE,Federal Contract Tower,0,0,8,0,8,0,0,16,0,16,0,0,24,0,24,12,0,12,36
09/08/2020,HUT,KS,ACE,CE,Federal Contract Tower,0,0,18,0,18,0,0,1,0,1,0,0,19,0,19,4,0,4,23
09/09/2020,HUT,KS,ACE,CE,Federal Contract Tower,0,0,13,0,13,0,0,0,0,0,0,0,13,0,13,0,0,0,13
09/10/2020,HUT,KS,ACE,CE,Federal Contract Tower,0,1,3,0,4,0,0,0,0,0,0,1,3,0,4,8,0,8,12
09/11/2020,HUT,KS,ACE,CE,Federal Contract Tower,0,5,13,10,28,0,0,3,0,3,0,5,16,10,31,10,10,20,51
09/12/2020,HUT,KS,ACE,CE,Federal Contract Tower,0,0,6,4,10,0,0,24,0,24,0,0,30,4,34,16,0,16,50
09/13/2020,HUT,KS,ACE,CE,Federal Contract Tower,0,2,5,1,8,0,24,34,0,58,0,26,39,1,66,58,0,58,124
09/14/2020,HUT,KS,ACE,CE,Federal Contract Tower,0,0,11,2,13,0,0,15,6,21,0,0,26,8,34,22,8,30,64
09/15/2020,HUT,KS,ACE,CE,Federal Contract Tower,0,2,11,0,13,0,6,43,0,49,0,8,54,0,62,90,0,90,152
09/16/2020,HUT,KS,ACE,CE,Federal Contract Tower,0,2,11,2,15,0,1,30,4,35,0,3,41,6,50,32,2,34,84
09/17/2020,HUT,KS,ACE,CE,Federal Contract Tower,0,1,8,0,9,0,4,39,0,43,0,5,47,0,52,0,0,0,52
09/18/2020,HUT,KS,ACE,CE,Federal Contract Tower,0,0,9,2,11,0,4,29,0,33,0,4,38,2,44,8,0,8,52
09/19/2020,HUT,KS,ACE,CE,Federal Contract Tower,0,2,4,0,6,0,0,15,0,15,0,2,19,0,21,6,0,6,27
09/20/2020,HUT,KS,ACE,CE,Federal Contract Tower,0,2,6,1,9,0,0,11,1,12,0,2,17,2,21,6,0,6,27
09/21/2020,HUT,KS,ACE,CE,Federal Contract Tower,0,0,7,2,9,0,8,21,10,39,0,8,28,12,48,18,8,26,74
09/22/2020,HUT,KS,ACE,CE,Federal Contract Tower,0,0,16,1,17,0,0,6,1,7,0,0,22,2,24,0,0,0,24
09/23/2020,HUT,KS,ACE,CE,Federal Contract Tower,0,2,16,0,18,0,0,16,6,22,0,2,32,6,40,82,0,82,122
09/24/2020,HUT,KS,ACE,CE,Federal Contract Tower,0,2,4,5,11,0,4,16,3,23,0,6,20,8,34,14,8,22,56
09/25/2020,HUT,KS,ACE,CE,Federal Contract Tower,0,0,4,2,6,0,8,28,0,36,0,8,32,2,42,6,6,12,54
09/26/2020,HUT,KS,ACE,CE,Federal Contract Tower,0,0,7,0,7,0,0,10,0,10,0,0,17,0,17,8,0,8,25
09/27/2020,HUT,KS,ACE,CE,Federal Contract Tower,0,2,3,0,5,0,0,14,0,14,0,2,17,0,19,8,0,8,27
09/28/2020,HUT,KS,ACE,CE,Federal Contract Tower,0,1,9,0,10,0,0,14,0,14,0,1,23,0,24,0,0,0,24
09/29/2020,HUT,KS,ACE,CE,Federal Contract Tower,0,3,5,0,8,0,4,23,14,41,0,7,28,14,49,38,0,38,87
09/30/2020,HUT,KS,ACE,CE,Federal Contract Tower,0,2,0,0,2,0,2,18,0,20,0,4,18,0,22,40,0,40,62
10/01/2020,HUT,KS,ACE,CE,Federal Contract Tower,0,2,6,0,8,0,0,30,0,30,0,2,36,0,38,22,0,22,60
10/02/2020,HUT,KS,ACE,CE,Federal Contract Tower,0,0,6,0,6,0,0,18,0,18,0,0,24,0,24,12,0,12,36
10/03/2020,HUT,KS,ACE,CE,Federal Contract Tower,0,2,3,0,5,0,0,17,0,17,0,2,20,0,22,30,0,30,52
10/04/2020,HUT,KS,ACE,CE,Federal Contract Tower,0,0,7,1,8,0,0,36,4,40,0,0,43,5,48,18,8,26,74
10/05/2020,HUT,KS,ACE,CE,Federal Contract Tower,0,0,13,6,19,0,2,8,2,12,0,2,21,8,31,0,0,0,31
10/06/2020,HUT,KS,ACE,CE,Federal Contract Tower,0,0,8,0,8,0,13,29,0,42,0,13,37,0,50,26,0,26,76
10/07/2020,HUT,KS,ACE,CE,Federal Contract Tower,0,0,15,4,19,0,4,27,0,31,0,4,42,4,50,14,0,14,64
10/08/2020,HUT,KS,ACE,CE,Federal Contract Tower,0,0,4,4,8,0,0,23,0,23,0,0,27,4,31,54,2,56,87
10/09/2020,HUT,KS,ACE,CE,Federal Contract Tower,0,0,7,0,7,0,0,28,0,28,0,0,35,0,35,56,0,56,91
10/10/2020,HUT,KS,ACE,CE,Federal Contract Tower,0,0,6,0,6,0,0,10,0,10,0,0,16,0,16,14,0,14,30
10/11/2020,HUT,KS,ACE,CE,Federal Contract Tower,0,0,1,0,1,0,0,7,0,7,0,0,8,0,8,2,0,2,10
10/12/2020,HUT,KS,ACE,CE,Federal Contract Tower,0,3,16,4,23,0,4,22,0,26,0,7,38,4,49,28,4,32,81
10/13/2020,HUT,KS,ACE,CE,Federal Contract Tower,0,1,10,0,11,0,8,31,0,39,0,9,41,0,50,32,0,32,82
10/14/2020,HUT,KS,ACE,CE,Federal Contract Tower,0,1,12,1,14,0,0,24,3,27,0,1,36,4,41,40,4,44,85
10/16/2020,HUT,KS,ACE,CE,Federal Contract Tower,0,6,7,0,13,0,1,20,2,23,0,7,27,2,36,10,0,10,46
10/17/2020,HUT,KS,ACE,CE,Federal Contract Tower,0,0,4,0,4,0,0,10,0,10,0,0,14,0,14,12,0,12,26
10/18/2020,HUT,KS,ACE,CE,Federal Contract Tower,0,2,10,0,12,0,0,3,0,3,0,2,13,0,15,26,0,26,41
10/19/2020,HUT,KS,ACE,CE,Federal Contract Tower,0,0,2,0,2,0,0,8,0,8,0,0,10,0,10,34,0,34,44
10/20/2020,HUT,KS,ACE,CE,Federal Contract Tower,0,1,8,0,9,0,0,6,0,6,0,1,14,0,15,22,0,22,37
10/21/2020,HUT,KS,ACE,CE,Federal Contract Tower,0,1,5,0,6,0,0,1,0,1,0,1,6,0,7,0,0,0,7
10/22/2020,HUT,KS,ACE,CE,Federal Contract Tower,0,3,2,0,5,0,0,9,0,9,0,3,11,0,14,26,0,26,40
10/23/2020,HUT,KS,ACE,CE,Federal Contract Tower,0,0,3,2,5,0,0,3,0,3,0,0,6,2,8,10,0,10,18
10/24/2020,HUT,KS,ACE,CE,Federal Contract Tower,0,0,4,0,4,0,2,13,0,15,0,2,17,0,19,20,0,20,39
10/25/2020,HUT,KS,ACE,CE,Federal Contract Tower,0,0,6,0,6,0,0,0,0,0,0,0,6,0,6,0,0,0,6
10/26/2020,HUT,KS,ACE,CE,Federal Contract Tower,0,0,2,0,2,0,0,0,0,0,0,0,2,0,2,8,0,8,10
10/27/2020,HUT,KS,ACE,CE,Federal Contract Tower,0,0,0,0,0,0,0,0,0,0,0,0,0,0,0,4,0,4,4
10/28/2020,HUT,KS,ACE,CE,Federal Contract Tower,0,1,5,0,6,0,0,1,0,1,0,1,6,0,7,2,0,2,9
10/29/2020,HUT,KS,ACE,CE,Federal Contract Tower,0,0,9,8,17,0,0,11,4,15,0,0,20,12,32,18,30,48,80
10/30/2020,HUT,KS,ACE,CE,Federal Contract Tower,0,0,10,4,14,0,2,30,0,32,0,2,40,4,46,78,0,78,124
10/31/2020,HUT,KS,ACE,CE,Federal Contract Tower,0,0,2,7,9,0,0,12,0,12,0,0,14,7,21,18,12,30,51
11/01/2020,HUT,KS,ACE,CE,Federal Contract Tower,0,0,2,0,2,0,0,15,0,15,0,0,17,0,17,40,0,40,57
11/02/2020,HUT,KS,ACE,CE,Federal Contract Tower,0,0,3,4,7,0,0,16,0,16,0,0,19,4,23,38,16,54,77
11/03/2020,HUT,KS,ACE,CE,Federal Contract Tower,0,0,6,0,6,0,0,12,0,12,0,0,18,0,18,14,0,14,32
11/04/2020,HUT,KS,ACE,CE,Federal Contract Tower,0,2,13,0,15,0,2,9,0,11,0,4,22,0,26,30,0,30,56
11/05/2020,HUT,KS,ACE,CE,Federal Contract Tower,0,0,13,2,15,0,11,25,1,37,0,11,38,3,52,56,16,72,124
11/06/2020,HUT,KS,ACE,CE,Federal Contract Tower,0,0,10,0,10,0,0,28,2,30,0,0,38,2,40,30,0,30,70
11/07/2020,HUT,KS,ACE,CE,Federal Contract Tower,0,2,7,2,11,0,8,15,0,23,0,10,22,2,34,18,0,18,52
11/08/2020,HUT,KS,ACE,CE,Federal Contract Tower,0,0,7,0,7,0,0,2,8,10,0,0,9,8,17,0,0,0,17
11/09/2020,HUT,KS,ACE,CE,Federal Contract Tower,0,1,4,0,5,0,0,0,0,0,0,1,4,0,5,6,0,6,11
11/10/2020,HUT,KS,ACE,CE,Federal Contract Tower,0,0,4,4,8,0,4,3,0,7,0,4,7,4,15,22,4,26,41
11/11/2020,HUT,KS,ACE,CE,Federal Contract Tower,0,2,6,0,8,0,0,46,0,46,0,2,52,0,54,66,0,66,120
11/12/2020,HUT,KS,ACE,CE,Federal Contract Tower,0,8,6,7,21,0,0,17,0,17,0,8,23,7,38,14,0,14,52
11/13/2020,HUT,KS,ACE,CE,Federal Contract Tower,0,2,10,0,12,0,6,27,2,35,0,8,37,2,47,28,0,28,75
11/14/2020,HUT,KS,ACE,CE,Federal Contract Tower,0,0,0,0,0,0,37,3,0,40,0,37,3,0,40,10,0,10,50
11/15/2020,HUT,KS,ACE,CE,Federal Contract Tower,0,2,4,0,6,0,35,33,4,72,0,37,37,4,78,90,0,90,168
11/16/2020,HUT,KS,ACE,CE,Federal Contract Tower,0,1,4,5,10,0,0,33,1,34,0,1,37,6,44,58,22,80,124
11/17/2020,HUT,KS,ACE,CE,Federal Contract Tower,0,2,8,12,22,0,2,21,0,23,0,4,29,12,45,40,16,56,101
11/18/2020,HUT,KS,ACE,CE,Federal Contract Tower,0,0,6,0,6,0,3,8,0,11,0,3,14,0,17,8,0,8,25
11/19/2020,HUT,KS,ACE,CE,Federal Contract Tower,0,0,6,4,10,0,1,36,3,40,0,1,42,7,50,32,8,40,90
11/20/2020,HUT,KS,ACE,CE,Federal Contract Tower,0,0,15,9,24,0,0,16,2,18,0,0,31,11,42,18,0,18,60
11/21/2020,HUT,KS,ACE,CE,Federal Contract Tower,0,0,1,0,1,0,0,0,0,0,0,0,1,0,1,0,0,0,1
11/22/2020,HUT,KS,ACE,CE,Federal Contract Tower,0,0,4,2,6,0,0,22,1,23,0,0,26,3,29,38,0,38,67
11/23/2020,HUT,KS,ACE,CE,Federal Contract Tower,0,16,7,9,32,0,0,2,1,3,0,16,9,10,35,22,10,32,67
11/24/2020,HUT,KS,ACE,CE,Federal Contract Tower,0,0,6,0,6,0,0,0,0,0,0,0,6,0,6,6,0,6,12
11/26/2020,HUT,KS,ACE,CE,Federal Contract Tower,0,0,2,0,2,0,0,9,0,9,0,0,11,0,11,0,0,0,11
11/27/2020,HUT,KS,ACE,CE,Federal Contract Tower,0,1,3,0,4,0,2,20,0,22,0,3,23,0,26,28,0,28,54
11/28/2020,HUT,KS,ACE,CE,Federal Contract Tower,0,2,1,0,3,0,0,35,0,35,0,2,36,0,38,48,0,48,86
11/29/2020,HUT,KS,ACE,CE,Federal Contract Tower,0,3,3,0,6,0,0,18,0,18,0,3,21,0,24,0,0,0,24
12/01/2020,HUT,KS,ACE,CE,Federal Contract Tower,0,2,11,8,21,0,2,21,1,24,0,4,32,9,45,48,8,56,101
12/02/2020,HUT,KS,ACE,CE,Federal Contract Tower,0,0,2,2,4,0,0,7,2,9,0,0,9,4,13,20,4,24,37
12/03/2020,HUT,KS,ACE,CE,Federal Contract Tower,0,2,3,0,5,0,0,5,0,5,0,2,8,0,10,6,0,6,16
12/04/2020,HUT,KS,ACE,CE,Federal Contract Tower,0,0,5,9,14,0,4,25,2,31,0,4,30,11,45,12,16,28,73
12/05/2020,HUT,KS,ACE,CE,Federal Contract Tower,0,0,0,0,0,0,3,26,0,29,0,3,26,0,29,58,0,58,87
12/06/2020,HUT,KS,ACE,CE,Federal Contract Tower,0,0,4,1,5,0,2,19,1,22,0,2,23,2,27,2,0,2,29
12/07/2020,HUT,KS,ACE,CE,Federal Contract Tower,0,0,4,0,4,0,2,30,0,32,0,2,34,0,36,76,0,76,112
12/08/2020,HUT,KS,ACE,CE,Federal Contract Tower,0,0,4,2,6,0,0,29,0,29,0,0,33,2,35,56,0,56,91
12/09/2020,HUT,KS,ACE,CE,Federal Contract Tower,0,0,3,8,11,0,1,36,0,37,0,1,39,8,48,62,14,76,124
12/10/2020,HUT,KS,ACE,CE,Federal Contract Tower,0,0,14,2,16,0,10,26,3,39,0,10,40,5,55,40,8,48,103
12/11/2020,HUT,KS,ACE,CE,Federal Contract Tower,0,2,10,0,12,0,0,0,0,0,0,2,10,0,12,6,0,6,18
12/12/2020,HUT,KS,ACE,CE,Federal Contract Tower,0,1,11,2,14,0,0,0,0,0,0,1,11,2,14,0,0,0,14
12/13/2020,HUT,KS,ACE,CE,Federal Contract Tower,0,2,2,0,4,0,0,2,0,2,0,2,4,0,6,8,0,8,14
12/14/2020,HUT,KS,ACE,CE,Federal Contract Tower,0,1,11,0,12,0,0,15,0,15,0,1,26,0,27,34,0,34,61
12/15/2020,HUT,KS,ACE,CE,Federal Contract Tower,0,0,3,0,3,0,0,5,0,5,0,0,8,0,8,6,0,6,14
12/16/2020,HUT,KS,ACE,CE,Federal Contract Tower,0,2,6,0,8,0,8,14,0,22,0,10,20,0,30,38,0,38,68
12/17/2020,HUT,KS,ACE,CE,Federal Contract Tower,0,1,9,0,10,0,6,22,0,28,0,7,31,0,38,60,0,60,98
12/18/2020,HUT,KS,ACE,CE,Federal Contract Tower,0,1,6,2,9,0,1,13,0,14,0,2,19,2,23,12,6,18,41
12/19/2020,HUT,KS,ACE,CE,Federal Contract Tower,0,2,3,8,13,0,3,43,2,48,0,5,46,10,61,38,10,48,109
12/20/2020,HUT,KS,ACE,CE,Federal Contract Tower,0,0,13,0,13,0,8,19,0,27,0,8,32,0,40,40,0,40,80
12/21/2020,HUT,KS,ACE,CE,Federal Contract Tower,0,0,7,16,23,0,0,15,2,17,0,0,22,18,40,36,8,44,84
12/22/2020,HUT,KS,ACE,CE,Federal Contract Tower,0,0,8,0,8,0,0,12,4,16,0,0,20,4,24,12,2,14,38
12/23/2020,HUT,KS,ACE,CE,Federal Contract Tower,0,0,5,0,5,0,0,3,0,3,0,0,8,0,8,6,0,6,14
12/24/2020,HUT,KS,ACE,CE,Federal Contract Tower,0,0,2,0,2,0,0,3,0,3,0,0,5,0,5,0,0,0,5
12/25/2020,HUT,KS,ACE,CE,Federal Contract Tower,0,0,0,0,0,0,0,23,0,23,0,0,23,0,23,38,0,38,61
12/26/2020,HUT,KS,ACE,CE,Federal Contract Tower,0,1,0,0,1,0,0,18,0,18,0,1,18,0,19,28,0,28,47
12/27/2020,HUT,KS,ACE,CE,Federal Contract Tower,0,3,7,0,10,0,0,2,0,2,0,3,9,0,12,0,0,0,12
12/28/2020,HUT,KS,ACE,CE,Federal Contract Tower,0,4,3,0,7,0,0,8,0,8,0,4,11,0,15,12,0,12,27
12/29/2020,HUT,KS,ACE,CE,Federal Contract Tower,0,2,0,0,2,0,0,0,0,0,0,2,0,0,2,0,0,0,2
12/30/2020,HUT,KS,ACE,CE,Federal Contract Tower,0,2,7,0,9,0,0,21,2,23,0,2,28,2,32,20,0,20,52
12/31/2020,HUT,KS,ACE,CE,Federal Contract Tower,0,2,6,0,8,0,0,28,0,28,0,2,34,0,36,44,0,44,80
01/01/2021,HUT,KS,ACE,CE,Federal Contract Tower,0,0,0,0,0,0,0,8,0,8,0,0,8,0,8,4,0,4,12
01/02/2021,HUT,KS,ACE,CE,Federal Contract Tower,0,0,2,0,2,0,0,18,0,18,0,0,20,0,20,24,0,24,44
01/03/2021,HUT,KS,ACE,CE,Federal Contract Tower,0,0,5,0,5,0,0,12,0,12,0,0,17,0,17,12,0,12,29
01/04/2021,HUT,KS,ACE,CE,Federal Contract Tower,0,0,7,0,7,0,0,26,0,26,0,0,33,0,33,18,0,18,51
01/05/2021,HUT,KS,ACE,CE,Federal Contract Tower,0,2,10,0,12,0,0,20,0,20,0,2,30,0,32,32,0,32,64
01/06/2021,HUT,KS,ACE,CE,Federal Contract Tower,0,0,2,0,2,0,0,0,0,0,0,0,2,0,2,6,0,6,8
01/07/2021,HUT,KS,ACE,CE,Federal Contract Tower,0,0,8,2,10,0,0,0,0,0,0,0,8,2,10,0,0,0,10
01/08/2021,HUT,KS,ACE,CE,Federal Contract Tower,0,2,11,0,13,0,0,7,0,7,0,2,18,0,20,8,0,8,28
01/09/2021,HUT,KS,ACE,CE,Federal Contract Tower,0,7,8,0,15,0,0,2,0,2,0,7,10,0,17,0,0,0,17
01/10/2021,HUT,KS,ACE,CE,Federal Contract Tower,0,11,8,0,19,0,0,2,0,2,0,11,10,0,21,2,0,2,23
01/11/2021,HUT,KS,ACE,CE,Federal Contract Tower,0,0,4,0,4,0,2,19,0,21,0,2,23,0,25,42,0,42,67
01/12/2021,HUT,KS,ACE,CE,Federal Contract Tower,0,1,10,2,13,0,0,30,6,36,0,1,40,8,49,34,6,40,89
01/13/2021,HUT,KS,ACE,CE,Federal Contract Tower,0,2,14,0,16,0,8,33,0,41,0,10,47,0,57,100,0,100,157
01/14/2021,HUT,KS,ACE,CE,Federal Contract Tower,0,2,7,8,17,0,1,5,0,6,0,3,12,8,23,2,0,2,25
01/15/2021,HUT,KS,ACE,CE,Federal Contract Tower,0,0,1,0,1,0,1,6,0,7,0,1,7,0,8,10,0,10,18
01/16/2021,HUT,KS,ACE,CE,Federal Contract Tower,0,0,6,0,6,0,3,26,0,29,0,3,32,0,35,54,0,54,89
01/17/2021,HUT,KS,ACE,CE,Federal Contract Tower,0,0,3,0,3,0,2,21,6,29,0,2,24,6,32,4,0,4,36
01/18/2021,HUT,KS,ACE,CE,Federal Contract Tower,0,0,6,0,6,0,0,23,0,23,0,0,29,0,29,22,0,22,51
01/19/2021,HUT,KS,ACE,CE,Federal Contract Tower,0,0,5,5,10,0,0,21,0,21,0,0,26,5,31,30,6,36,67
01/20/2021,HUT,KS,ACE,CE,Federal Contract Tower,0,0,9,0,9,0,2,18,0,20,0,2,27,0,29,6,0,6,35
01/21/2021,HUT,KS,ACE,CE,Federal Contract Tower,0,2,10,7,19,0,0,23,1,24,0,2,33,8,43,88,0,88,131
01/22/2021,HUT,KS,ACE,CE,Federal Contract Tower,0,2,2,2,6,0,0,18,0,18,0,2,20,2,24,10,0,10,34
01/23/2021,HUT,KS,ACE,CE,Federal Contract Tower,0,0,1,0,1,0,4,0,0,4,0,4,1,0,5,2,0,2,7
01/24/2021,HUT,KS,ACE,CE,Federal Contract Tower,0,0,7,6,13,0,0,0,0,0,0,0,7,6,13,0,0,0,13
01/25/2021,HUT,KS,ACE,CE,Federal Contract Tower,0,0,0,0,0,0,0,0,0,0,0,0,0,0,0,0,0,0,0
01/26/2021,HUT,KS,ACE,CE,Federal Contract Tower,0,3,2,4,9,0,0,1,0,1,0,3,3,4,10,6,0,6,16
01/27/2021,HUT,KS,ACE,CE,Federal Contract Tower,0,0,7,0,7,0,0,2,0,2,0,0,9,0,9,4,0,4,13
01/28/2021,HUT,KS,ACE,CE,Federal Contract Tower,0,0,23,1,24,0,0,8,2,10,0,0,31,3,34,10,10,20,54
01/29/2021,HUT,KS,ACE,CE,Federal Contract Tower,0,1,7,33,41,0,6,16,1,23,0,7,23,34,64,56,16,72,136
01/30/2021,HUT,KS,ACE,CE,Federal Contract Tower,0,0,0,0,0,0,0,0,0,0,0,0,0,0,0,0,0,0,0
01/31/2021,HUT,KS,ACE,CE,Federal Contract Tower,0,2,4,0,6,0,0,1,0,1,0,2,5,0,7,2,0,2,9
02/01/2021,HUT,KS,ACE,CE,Federal Contract Tower,0,0,6,6,12,0,10,27,0,37,0,10,33,6,49,28,10,38,87
02/02/2021,HUT,KS,ACE,CE,Federal Contract Tower,0,0,9,12,21,0,0,28,6,34,0,0,37,18,55,88,4,92,147
02/03/2021,HUT,KS,ACE,CE,Federal Contract Tower,0,0,6,2,8,0,8,39,8,55,0,8,45,10,63,66,2,68,131
02/04/2021,HUT,KS,ACE,CE,Federal Contract Tower,0,2,4,0,6,0,0,13,0,13,0,2,17,0,19,14,0,14,33
02/05/2021,HUT,KS,ACE,CE,Federal Contract Tower,0,6,3,0,9,0,15,17,0,32,0,21,20,0,41,18,0,18,59
02/06/2021,HUT,KS,ACE,CE,Federal Contract Tower,0,0,0,0,0,0,0,0,0,0,0,0,0,0,0,0,0,0,0
02/07/2021,HUT,KS,ACE,CE,Federal Contract Tower,0,0,1,0,1,0,0,0,0,0,0,0,1,0,1,0,0,0,1
02/08/2021,HUT,KS,ACE,CE,Federal Contract Tower,0,0,2,0,2,0,0,0,0,0,0,0,2,0,2,0,0,0,2
02/09/2021,HUT,KS,ACE,CE,Federal Contract Tower,0,1,2,0,3,0,0,0,0,0,0,1,2,0,3,0,0,0,3
02/10/2021,HUT,KS,ACE,CE,Federal Contract Tower,0,3,2,0,5,0,0,0,0,0,0,3,2,0,5,0,0,0,5
02/11/2021,HUT,KS,ACE,CE,Federal Contract Tower,0,0,1,0,1,0,1,1,0,2,0,1,2,0,3,2,0,2,5
02/12/2021,HUT,KS,ACE,CE,Federal Contract Tower,0,6,0,0,6,0,13,1,0,14,0,19,1,0,20,24,0,24,44
02/13/2021,HUT,KS,ACE,CE,Federal Contract Tower,0,0,1,0,1,0,0,1,0,1,0,0,2,0,2,0,0,0,2
02/14/2021,HUT,KS,ACE,CE,Federal Contract Tower,0,0,0,0,0,0,0,0,0,0,0,0,0,0,0,0,0,0,0
02/15/2021,HUT,KS,ACE,CE,Federal Contract Tower,0,0,5,0,5,0,0,2,0,2,0,0,7,0,7,0,0,0,7
02/16/2021,HUT,KS,ACE,CE,Federal Contract Tower,0,0,3,0,3,0,0,4,0,4,0,0,7,0,7,12,0,12,19
02/17/2021,HUT,KS,ACE,CE,Federal Contract Tower,0,2,4,0,6,0,5,16,0,21,0,7,20,0,27,36,0,36,63
02/18/2021,HUT,KS,ACE,CE,Federal Contract Tower,0,2,5,0,7,0,1,14,0,15,0,3,19,0,22,30,0,30,52
02/19/2021,HUT,KS,ACE,CE,Federal Contract Tower,0,0,9,0,9,0,2,14,0,16,0,2,23,0,25,26,0,26,51
02/20/2021,HUT,KS,ACE,CE,Federal Contract Tower,0,2,2,0,4,0,0,30,0,30,0,2,32,0,34,40,0,40,74
02/21/2021,HUT,KS,ACE,CE,Federal Contract Tower,0,0,1,0,1,0,0,5,0,5,0,0,6,0,6,10,0,10,16
02/22/2021,HUT,KS,ACE,CE,Federal Contract Tower,0,2,9,8,19,0,0,14,4,18,0,2,23,12,37,26,26,52,89
02/23/2021,HUT,KS,ACE,CE,Federal Contract Tower,0,0,6,9,15,0,2,20,0,22,0,2,26,9,37,24,20,44,81
02/24/2021,HUT,KS,ACE,CE,Federal Contract Tower,0,2,4,12,18,0,0,13,2,15,0,2,17,14,33,52,38,90,123
02/25/2021,HUT,KS,ACE,CE,Federal Contract Tower,0,0,7,21,28,0,8,25,0,33,0,8,32,21,61,34,44,78,139
02/26/2021,HUT,KS,ACE,CE,Federal Contract Tower,0,0,4,23,27,0,8,17,5,30,0,8,21,28,57,24,36,60,117
02/27/2021,HUT,KS,ACE,CE,Federal Contract Tower,0,0,1,0,1,0,0,0,0,0,0,0,1,0,1,0,0,0,1
02/28/2021,HUT,KS,ACE,CE,Federal Contract Tower,0,2,5,1,8,0,0,21,1,22,0,2,26,2,30,20,22,42,72
03/01/2021,HUT,KS,ACE,CE,Federal Contract Tower,0,2,6,9,17,0,14,29,2,45,0,16,35,11,62,40,32,72,134
03/02/2021,HUT,KS,ACE,CE,Federal Contract Tower,0,1,1,6,8,0,6,11,0,17,0,7,12,6,25,26,16,42,67
03/03/2021,HUT,KS,ACE,CE,Federal Contract Tower,0,1,7,15,23,0,0,39,3,42,0,1,46,18,65,58,22,80,145
03/04/2021,HUT,KS,ACE,CE,Federal Contract Tower,0,0,3,7,10,0,1,25,3,29,0,1,28,10,39,42,24,66,105
03/05/2021,HUT,KS,ACE,CE,Federal Contract Tower,0,0,10,12,22,0,2,20,0,22,0,2,30,12,44,30,0,30,74
03/06/2021,HUT,KS,ACE,CE,Federal Contract Tower,0,0,3,4,7,0,6,21,0,27,0,6,24,4,34,50,0,50,84
03/07/2021,HUT,KS,ACE,CE,Federal Contract Tower,0,0,3,0,3,0,3,6,0,9,0,3,9,0,12,2,0,2,14
03/08/2021,HUT,KS,ACE,CE,Federal Contract Tower,0,0,2,16,18,0,4,7,6,17,0,4,9,22,35,20,18,38,73
03/09/2021,HUT,KS,ACE,CE,Federal Contract Tower,0,1,2,10,13,0,2,9,0,11,0,3,11,10,24,18,20,38,62
03/10/2021,HUT,KS,ACE,CE,Federal Contract Tower,0,2,6,18,26,0,2,5,4,11,0,4,11,22,37,14,46,60,97
03/11/2021,HUT,KS,ACE,CE,Federal Contract Tower,0,0,11,0,11,0,17,28,0,45,0,17,39,0,56,66,0,66,122
03/12/2021,HUT,KS,ACE,CE,Federal Contract Tower,0,2,11,0,13,0,0,0,0,0,0,2,11,0,13,6,0,6,19
03/13/2021,HUT,KS,ACE,CE,Federal Contract Tower,0,0,2,0,2,0,0,0,0,0,0,0,2,0,2,0,0,0,2
03/14/2021,HUT,KS,ACE,CE,Federal Contract Tower,0,2,9,2,13,0,0,9,0,9,0,2,18,2,22,18,0,18,40
03/15/2021,HUT,KS,ACE,CE,Federal Contract Tower,0,0,8,12,20,0,17,13,2,32,0,17,21,14,52,40,10,50,102
03/16/2021,HUT,KS,ACE,CE,Federal Contract Tower,0,1,19,8,28,0,8,31,2,41,0,9,50,10,69,58,26,84,153
03/17/2021,HUT,KS,ACE,CE,Federal Contract Tower,0,0,3,0,3,0,0,0,0,0,0,0,3,0,3,0,0,0,3
03/18/2021,HUT,KS,ACE,CE,Federal Contract Tower,0,6,6,3,15,0,0,7,5,12,0,6,13,8,27,20,32,52,79
03/19/2021,HUT,KS,ACE,CE,Federal Contract Tower,0,2,13,1,16,0,8,35,3,46,0,10,48,4,62,50,2,52,114
03/20/2021,HUT,KS,ACE,CE,Federal Contract Tower,0,0,10,1,11,0,4,11,0,15,0,4,21,1,26,28,0,28,54
03/21/2021,HUT,KS,ACE,CE,Federal Contract Tower,0,0,7,1,8,0,0,1,3,4,0,0,8,4,12,0,18,18,30
03/22/2021,HUT,KS,ACE,CE,Federal Contract Tower,0,0,5,0,5,0,0,0,0,0,0,0,5,0,5,6,0,6,11
03/23/2021,HUT,KS,ACE,CE,Federal Contract Tower,0,0,11,0,11,0,0,0,0,0,0,0,11,0,11,10,0,10,21
03/24/2021,HUT,KS,ACE,CE,Federal Contract Tower,0,0,8,12,20,0,0,15,2,17,0,0,23,14,37,34,20,54,91
03/25/2021,HUT,KS,ACE,CE,Federal Contract Tower,0,4,14,13,31,0,0,17,0,17,0,4,31,13,48,50,12,62,110
03/26/2021,HUT,KS,ACE,CE,Federal Contract Tower,0,2,12,7,21,0,2,18,4,24,0,4,30,11,45,38,10,48,93
03/27/2021,HUT,KS,ACE,CE,Federal Contract Tower,0,3,6,0,9,0,0,11,5,16,0,3,17,5,25,16,0,16,41
03/28/2021,HUT,KS,ACE,CE,Federal Contract Tower,0,0,4,0,4,0,0,47,0,47,0,0,51,0,51,48,0,48,99
03/29/2021,HUT,KS,ACE,CE,Federal Contract Tower,0,0,6,0,6,0,40,9,0,49,0,40,15,0,55,16,0,16,71
03/30/2021,HUT,KS,ACE,CE,Federal Contract Tower,0,2,4,8,14,0,0,10,0,10,0,2,14,8,24,20,6,26,50
03/31/2021,HUT,KS,ACE,CE,Federal Contract Tower,0,0,11,30,41,0,21,34,11,66,0,21,45,41,107,114,46,160,267
04/01/2021,HUT,KS,ACE,CE,Federal Contract Tower,0,4,5,6,15,0,0,27,6,33,0,4,32,12,48,42,36,78,126
04/02/2021,HUT,KS,ACE,CE,Federal Contract Tower,0,4,1,0,5,0,0,8,4,12,0,4,9,4,17,16,4,20,37
04/03/2021,HUT,KS,ACE,CE,Federal Contract Tower,0,0,6,4,10,0,0,24,0,24,0,0,30,4,34,32,6,38,72
04/04/2021,HUT,KS,ACE,CE,Federal Contract Tower,0,0,0,0,0,0,10,10,0,20,0,10,10,0,20,18,0,18,38
04/05/2021,HUT,KS,ACE,CE,Federal Contract Tower,0,2,4,14,20,0,0,18,2,20,0,2,22,16,40,14,34,48,88
04/06/2021,HUT,KS,ACE,CE,Federal Contract Tower,0,0,20,2,22,0,0,2,0,2,0,0,22,2,24,8,0,8,32
04/07/2021,HUT,KS,ACE,CE,Federal Contract Tower,0,1,7,3,11,0,0,0,1,1,0,1,7,4,12,6,0,6,18
04/08/2021,HUT,KS,ACE,CE,Federal Contract Tower,0,2,9,2,13,0,2,11,2,15,0,4,20,4,28,22,12,34,62
04/09/2021,HUT,KS,ACE,CE,Federal Contract Tower,0,2,3,6,11,0,0,23,0,23,0,2,26,6,34,26,0,26,60
04/10/2021,HUT,KS,ACE,CE,Federal Contract Tower,0,1,4,0,5,0,0,21,0,21,0,1,25,0,26,34,0,34,60
04/11/2021,HUT,KS,ACE,CE,Federal Contract Tower,0,0,3,0,3,0,0,34,0,34,0,0,37,0,37,36,0,36,73
04/12/2021,HUT,KS,ACE,CE,Federal Contract Tower,0,0,4,0,4,0,1,16,0,17,0,1,20,0,21,40,0,40,61
04/13/2021,HUT,KS,ACE,CE,Federal Contract Tower,0,4,15,11,30,0,0,62,1,63,0,4,77,12,93,88,18,106,199
04/14/2021,HUT,KS,ACE,CE,Federal Contract Tower,0,3,5,26,34,0,4,25,8,37,0,7,30,34,71,40,38,78,149
04/15/2021,HUT,KS,ACE,CE,Federal Contract Tower,0,1,9,12,22,0,8,27,1,36,0,9,36,13,58,52,14,66,124
04/16/2021,HUT,KS,ACE,CE,Federal Contract Tower,0,2,8,0,10,0,0,0,0,0,0,2,8,0,10,0,0,0,10
04/17/2021,HUT,KS,ACE,CE,Federal Contract Tower,0,0,15,0,15,0,0,17,0,17,0,0,32,0,32,40,0,40,72
04/18/2021,HUT,KS,ACE,CE,Federal Contract Tower,0,0,7,0,7,0,5,32,0,37,0,5,39,0,44,54,0,54,98
04/19/2021,HUT,KS,ACE,CE,Federal Contract Tower,0,2,9,0,11,0,2,21,0,23,0,4,30,0,34,60,0,60,94
04/20/2021,HUT,KS,ACE,CE,Federal Contract Tower,0,2,5,0,7,0,0,11,0,11,0,2,16,0,18,18,0,18,36
04/21/2021,HUT,KS,ACE,CE,Federal Contract Tower,0,7,8,9,24,0,8,19,1,28,0,15,27,10,52,58,0,58,110
04/22/2021,HUT,KS,ACE,CE,Federal Contract Tower,0,0,10,0,10,0,0,9,0,9,0,0,19,0,19,34,0,34,53
04/23/2021,HUT,KS,ACE,CE,Federal Contract Tower,0,0,6,0,6,0,0,1,0,1,0,0,7,0,7,6,0,6,13
04/24/2021,HUT,KS,ACE,CE,Federal Contract Tower,0,0,5,0,5,0,2,37,0,39,0,2,42,0,44,60,0,60,104
04/25/2021,HUT,KS,ACE,CE,Federal Contract Tower,0,4,3,2,9,0,0,13,0,13,0,4,16,2,22,4,0,4,26
04/26/2021,HUT,KS,ACE,CE,Federal Contract Tower,0,2,3,0,5,0,0,12,0,12,0,2,15,0,17,10,0,10,27
04/27/2021,HUT,KS,ACE,CE,Federal Contract Tower,0,1,10,6,17,0,0,13,0,13,0,1,23,6,30,14,0,14,44
04/28/2021,HUT,KS,ACE,CE,Federal Contract Tower,0,5,10,0,15,0,0,0,0,0,0,5,10,0,15,4,0,4,19
04/29/2021,HUT,KS,ACE,CE,Federal Contract Tower,0,1,6,14,21,0,2,19,10,31,0,3,25,24,52,50,8,58,110
04/30/2021,HUT,KS,ACE,CE,Federal Contract Tower,0,3,7,2,12,0,7,59,3,69,0,10,66,5,81,70,0,70,151
05/01/2021,HUT,KS,ACE,CE,Federal Contract Tower,0,0,9,0,9,0,0,431,1,432,0,0,440,1,441,160,0,160,601
05/02/2021,HUT,KS,ACE,CE,Federal Contract Tower,0,0,11,0,11,0,0,2,0,2,0,0,13,0,13,0,0,0,13
05/03/2021,HUT,KS,ACE,CE,Federal Contract Tower,0,1,8,8,17,0,2,4,0,6,0,3,12,8,23,6,8,14,37
05/04/2021,HUT,KS,ACE,CE,Federal Contract Tower,0,0,8,4,12,0,34,31,0,65,0,34,39,4,77,66,8,74,151
05/05/2021,HUT,KS,ACE,CE,Federal Contract Tower,0,0,10,16,26,0,4,18,2,24,0,4,28,18,50,82,6,88,138
05/06/2021,HUT,KS,ACE,CE,Federal Contract Tower,0,0,10,8,18,0,3,27,2,32,0,3,37,10,50,66,0,66,116
05/07/2021,HUT,KS,ACE,CE,Federal Contract Tower,0,0,8,0,8,0,3,12,0,15,0,3,20,0,23,30,0,30,53
05/08/2021,HUT,KS,ACE,CE,Federal Contract Tower,0,0,4,0,4,0,8,11,0,19,0,8,15,0,23,20,0,20,43
05/09/2021,HUT,KS,ACE,CE,Federal Contract Tower,0,0,23,0,23,0,0,5,0,5,0,0,28,0,28,32,0,32,60
05/10/2021,HUT,KS,ACE,CE,Federal Contract Tower,0,2,5,0,7,0,0,24,0,24,0,2,29,0,31,50,0,50,81
05/11/2021,HUT,KS,ACE,CE,Federal Contract Tower,0,2,16,6,24,0,1,12,0,13,0,3,28,6,37,34,14,48,85
05/12/2021,HUT,KS,ACE,CE,Federal Contract Tower,0,2,13,19,34,0,2,40,19,61,0,4,53,38,95,122,90,212,307
05/13/2021,HUT,KS,ACE,CE,Federal Contract Tower,0,0,9,7,16,0,2,53,0,55,0,2,62,7,71,124,8,132,203
05/14/2021,HUT,KS,ACE,CE,Federal Contract Tower,0,2,8,0,10,0,0,9,0,9,0,2,17,0,19,16,0,16,35
05/15/2021,HUT,KS,ACE,CE,Federal Contract Tower,0,0,5,0,5,0,0,7,0,7,0,0,12,0,12,8,0,8,20
05/16/2021,HUT,KS,ACE,CE,Federal Contract Tower,0,1,12,0,13,0,0,2,3,5,0,1,14,3,18,0,2,2,20
05/17/2021,HUT,KS,ACE,CE,Federal Contract Tower,0,1,3,4,8,0,0,3,0,3,0,1,6,4,11,6,0,6,17
05/18/2021,HUT,KS,ACE,CE,Federal Contract Tower,0,2,8,0,10,0,0,2,0,2,0,2,10,0,12,0,0,0,12
05/19/2021,HUT,KS,ACE,CE,Federal Contract Tower,0,0,11,2,13,0,0,17,0,17,0,0,28,2,30,14,0,14,44
05/20/2021,HUT,KS,ACE,CE,Federal Contract Tower,0,1,13,10,24,0,0,2,1,3,0,1,15,11,27,0,12,12,39
05/21/2021,HUT,KS,ACE,CE,Federal Contract Tower,0,3,18,5,26,0,2,17,4,23,0,5,35,9,49,28,10,38,87
05/22/2021,HUT,KS,ACE,CE,Federal Contract Tower,0,0,3,1,4,0,0,0,1,1,0,0,3,2,5,0,2,2,7
05/23/2021,HUT,KS,ACE,CE,Federal Contract Tower,0,0,4,14,18,0,0,0,5,5,0,0,4,19,23,2,38,40,63
05/24/2021,HUT,KS,ACE,CE,Federal Contract Tower,0,8,9,20,37,0,0,4,8,12,0,8,13,28,49,10,14,24,73
05/25/2021,HUT,KS,ACE,CE,Federal Contract Tower,0,2,3,26,31,0,0,15,16,31,0,2,18,42,62,40,26,66,128
05/26/2021,HUT,KS,ACE,CE,Federal Contract Tower,0,0,8,6,14,0,1,15,0,16,0,1,23,6,30,22,22,44,74
05/27/2021,HUT,KS,ACE,CE,Federal Contract Tower,0,2,7,0,9,0,0,12,0,12,0,2,19,0,21,14,0,14,35
05/28/2021,HUT,KS,ACE,CE,Federal Contract Tower,0,5,8,0,13,0,0,19,0,19,0,5,27,0,32,24,0,24,56
05/29/2021,HUT,KS,ACE,CE,Federal Contract Tower,0,0,8,0,8,0,3,24,0,27,0,3,32,0,35,12,0,12,47
05/30/2021,HUT,KS,ACE,CE,Federal Contract Tower,0,2,5,0,7,0,0,0,0,0,0,2,5,0,7,0,0,0,7
05/31/2021,HUT,KS,ACE,CE,Federal Contract Tower,0,1,2,0,3,0,0,0,0,0,0,1,2,0,3,0,0,0,3
06/01/2021,HUT,KS,ACE,CE,Federal Contract Tower,0,0,13,14,27,0,17,12,18,47,0,17,25,32,74,180,36,216,290
06/02/2021,HUT,KS,ACE,CE,Federal Contract Tower,0,3,2,21,26,0,0,15,5,20,0,3,17,26,46,24,78,102,148
06/03/2021,HUT,KS,ACE,CE,Federal Contract Tower,0,0,8,14,22,0,2,31,1,34,0,2,39,15,56,36,8,44,100
06/04/2021,HUT,KS,ACE,CE,Federal Contract Tower,0,2,5,6,13,0,3,32,4,39,0,5,37,10,52,48,8,56,108
06/05/2021,HUT,KS,ACE,CE,Federal Contract Tower,0,0,2,7,9,0,0,28,2,30,0,0,30,9,39,20,24,44,83
06/06/2021,HUT,KS,ACE,CE,Federal Contract Tower,0,2,7,38,47,0,0,9,3,12,0,2,16,41,59,6,20,26,85
06/07/2021,HUT,KS,ACE,CE,Federal Contract Tower,0,2,8,16,26,0,0,13,5,18,0,2,21,21,44,30,26,56,100
06/08/2021,HUT,KS,ACE,CE,Federal Contract Tower,0,0,7,23,30,0,9,16,0,25,0,9,23,23,55,18,32,50,105
06/09/2021,HUT,KS,ACE,CE,Federal Contract Tower,0,2,2,35,39,0,12,15,5,32,0,14,17,40,71,18,50,68,139
06/10/2021,HUT,KS,ACE,CE,Federal Contract Tower,0,2,9,15,26,0,6,22,4,32,0,8,31,19,58,32,52,84,142
06/11/2021,HUT,KS,ACE,CE,Federal Contract Tower,0,2,14,0,16,0,6,11,0,17,0,8,25,0,33,24,0,24,57
06/12/2021,HUT,KS,ACE,CE,Federal Contract Tower,0,0,11,0,11,0,2,22,0,24,0,2,33,0,35,38,0,38,73
06/13/2021,HUT,KS,ACE,CE,Federal Contract Tower,0,2,5,0,7,0,10,19,0,29,0,12,24,0,36,32,0,32,68
06/14/2021,HUT,KS,ACE,CE,Federal Contract Tower,0,0,10,3,13,0,3,47,0,50,0,3,57,3,63,84,6,90,153
06/15/2021,HUT,KS,ACE,CE,Federal Contract Tower,0,1,6,14,21,0,4,13,2,19,0,5,19,16,40,10,2,12,52
06/16/2021,HUT,KS,ACE,CE,Federal Contract Tower,0,2,9,24,35,0,2,23,2,27,0,4,32,26,62,20,50,70,132
06/17/2021,HUT,KS,ACE,CE,Federal Contract Tower,0,1,3,7,11,0,4,23,5,32,0,5,26,12,43,46,18,64,107
06/18/2021,HUT,KS,ACE,CE,Federal Contract Tower,0,0,4,0,4,0,4,11,0,15,0,4,15,0,19,22,0,22,41
06/19/2021,HUT,KS,ACE,CE,Federal Contract Tower,0,1,1,12,14,0,1,21,4,26,0,2,22,16,40,26,10,36,76
06/20/2021,HUT,KS,ACE,CE,Federal Contract Tower,0,0,2,0,2,0,2,4,9,15,0,2,6,9,17,0,0,0,17
06/21/2021,HUT,KS,ACE,CE,Federal Contract Tower,0,0,3,32,35,0,2,25,10,37,0,2,28,42,72,10,48,58,130
06/22/2021,HUT,KS,ACE,CE,Federal Contract Tower,0,2,4,0,6,0,5,21,0,26,0,7,25,0,32,30,0,30,62
06/23/2021,HUT,KS,ACE,CE,Federal Contract Tower,0,0,0,4,4,0,0,5,0,5,0,0,5,4,9,10,0,10,19
06/24/2021,HUT,KS,ACE,CE,Federal Contract Tower,0,0,8,0,8,0,1,10,0,11,0,1,18,0,19,126,0,126,145
06/25/2021,HUT,KS,ACE,CE,Federal Contract Tower,0,0,9,0,9,0,0,5,0,5,0,0,14,0,14,20,0,20,34
06/26/2021,HUT,KS,ACE,CE,Federal Contract Tower,0,0,10,0,10,0,0,4,0,4,0,0,14,0,14,0,0,0,14
06/27/2021,HUT,KS,ACE,CE,Federal Contract Tower,0,2,5,6,13,0,0,11,0,11,0,2,16,6,24,6,2,8,32
06/28/2021,HUT,KS,ACE,CE,Federal Contract Tower,0,0,6,24,30,0,0,13,0,13,0,0,19,24,43,52,24,76,119
06/29/2021,HUT,KS,ACE,CE,Federal Contract Tower,0,5,6,4,15,0,0,10,0,10,0,5,16,4,25,22,8,30,55
06/30/2021,HUT,KS,ACE,CE,Federal Contract Tower,0,5,13,2,20,0,1,13,0,14,0,6,26,2,34,12,0,12,46
07/01/2021,HUT,KS,ACE,CE,Federal Contract Tower,0,2,7,0,9,0,0,4,0,4,0,2,11,0,13,14,0,14,27
07/02/2021,HUT,KS,ACE,CE,Federal Contract Tower,0,0,6,0,6,0,2,27,0,29,0,2,33,0,35,32,0,32,67
07/03/2021,HUT,KS,ACE,CE,Federal Contract Tower,0,3,2,0,5,0,0,15,0,15,0,3,17,0,20,50,0,50,70
07/04/2021,HUT,KS,ACE,CE,Federal Contract Tower,0,0,0,0,0,0,2,12,0,14,0,2,12,0,14,42,0,42,56
07/05/2021,HUT,KS,ACE,CE,Federal Contract Tower,0,0,4,0,4,0,0,15,0,15,0,0,19,0,19,42,0,42,61
07/06/2021,HUT,KS,ACE,CE,Federal Contract Tower,0,0,6,6,12,0,0,34,3,37,0,0,40,9,49,70,8,78,127
07/07/2021,HUT,KS,ACE,CE,Federal Contract Tower,0,1,6,0,7,0,2,7,0,9,0,3,13,0,16,14,0,14,30
07/08/2021,HUT,KS,ACE,CE,Federal Contract Tower,0,1,3,21,25,0,4,17,1,22,0,5,20,22,47,50,64,114,161
07/09/2021,HUT,KS,ACE,CE,Federal Contract Tower,0,1,11,6,18,0,2,12,3,17,0,3,23,9,35,116,12,128,163
07/10/2021,HUT,KS,ACE,CE,Federal Contract Tower,0,0,3,0,3,0,0,22,0,22,0,0,25,0,25,46,0,46,71
07/11/2021,HUT,KS,ACE,CE,Federal Contract Tower,0,0,7,0,7,0,0,6,0,6,0,0,13,0,13,0,0,0,13
07/12/2021,HUT,KS,ACE,CE,Federal Contract Tower,0,1,5,6,12,0,2,29,0,31,0,3,34,6,43,120,0,120,163
07/13/2021,HUT,KS,ACE,CE,Federal Contract Tower,0,2,2,29,33,0,8,24,2,34,0,10,26,31,67,44,40,84,151
07/14/2021,HUT,KS,ACE,CE,Federal Contract Tower,0,5,7,16,28,0,16,9,2,27,0,21,16,18,55,32,18,50,105
07/15/2021,HUT,KS,ACE,CE,Federal Contract Tower,0,8,10,0,18,0,0,0,0,0,0,8,10,0,18,0,0,0,18
07/16/2021,HUT,KS,ACE,CE,Federal Contract Tower,0,0,14,13,27,0,2,14,0,16,0,2,28,13,43,24,30,54,97
07/17/2021,HUT,KS,ACE,CE,Federal Contract Tower,0,2,1,0,3,0,0,11,0,11,0,2,12,0,14,12,0,12,26
07/18/2021,HUT,KS,ACE,CE,Federal Contract Tower,0,0,15,4,19,0,0,11,0,11,0,0,26,4,30,0,8,8,38
07/19/2021,HUT,KS,ACE,CE,Federal Contract Tower,0,0,6,34,40,0,3,26,1,30,0,3,32,35,70,30,36,66,136
07/20/2021,HUT,KS,ACE,CE,Federal Contract Tower,0,1,14,16,31,0,6,23,3,32,0,7,37,19,63,48,10,58,121
07/21/2021,HUT,KS,ACE,CE,Federal Contract Tower,0,4,12,23,39,0,1,17,4,22,0,5,29,27,61,38,52,90,151
07/22/2021,HUT,KS,ACE,CE,Federal Contract Tower,0,0,14,41,55,0,4,24,6,34,0,4,38,47,89,84,56,140,229
07/23/2021,HUT,KS,ACE,CE,Federal Contract Tower,0,0,14,23,37,0,2,20,2,24,0,2,34,25,61,18,28,46,107
07/24/2021,HUT,KS,ACE,CE,Federal Contract Tower,0,2,10,4,16,0,0,24,0,24,0,2,34,4,40,30,10,40,80
07/25/2021,HUT,KS,ACE,CE,Federal Contract Tower,0,0,5,1,6,0,0,19,0,19,0,0,24,1,25,18,2,20,45
07/26/2021,HUT,KS,ACE,CE,Federal Contract Tower,0,0,11,4,15,0,1,66,0,67,0,1,77,4,82,88,0,88,170
07/28/2021,HUT,KS,ACE,CE,Federal Contract Tower,0,1,10,20,31,0,2,13,0,15,0,3,23,20,46,128,10,138,184
07/29/2021,HUT,KS,ACE,CE,Federal Contract Tower,0,1,11,19,31,0,1,18,1,20,0,2,29,20,51,50,22,72,123
07/30/2021,HUT,KS,ACE,CE,Federal Contract Tower,0,0,6,23,29,0,18,27,5,50,0,18,33,28,79,31,34,65,144
07/31/2021,HUT,KS,ACE,CE,Federal Contract Tower,0,0,1,2,3,0,0,16,0,16,0,0,17,2,19,16,0,16,35
08/01/2021,HUT,KS,ACE,CE,Federal Contract Tower,0,2,7,0,9,0,0,5,0,5,0,2,12,0,14,8,0,8,22
08/02/2021,HUT,KS,ACE,CE,Federal Contract Tower,0,0,7,12,19,0,2,30,2,34,0,2,37,14,53,42,18,60,113
08/03/2021,HUT,KS,ACE,CE,Federal Contract Tower,0,2,5,15,22,0,6,14,5,25,0,8,19,20,47,32,34,66,113
08/04/2021,HUT,KS,ACE,CE,Federal Contract Tower,0,1,5,22,28,0,0,27,2,29,0,1,32,24,57,54,24,78,135
08/05/2021,HUT,KS,ACE,CE,Federal Contract Tower,0,3,6,16,25,0,6,15,4,25,0,9,21,20,50,44,42,86,136
08/06/2021,HUT,KS,ACE,CE,Federal Contract Tower,0,2,6,7,15,0,7,31,0,38,0,9,37,7,53,54,6,60,113
08/07/2021,HUT,KS,ACE,CE,Federal Contract Tower,0,0,4,0,4,0,0,5,8,13,0,0,9,8,17,0,0,0,17
08/08/2021,HUT,KS,ACE,CE,Federal Contract Tower,0,2,3,2,7,0,0,17,0,17,0,2,20,2,24,28,0,28,52
08/09/2021,HUT,KS,ACE,CE,Federal Contract Tower,0,3,6,8,17,0,1,19,4,24,0,4,25,12,41,22,20,42,83
08/10/2021,HUT,KS,ACE,CE,Federal Contract Tower,0,0,3,18,21,0,4,17,1,22,0,4,20,19,43,38,38,76,119
08/11/2021,HUT,KS,ACE,CE,Federal Contract Tower,0,2,9,15,26,0,4,9,1,14,0,6,18,16,40,86,44,130,170
08/12/2021,HUT,KS,ACE,CE,Federal Contract Tower,0,3,4,12,19,0,46,17,2,65,0,49,21,14,84,106,12,118,202
08/13/2021,HUT,KS,ACE,CE,Federal Contract Tower,0,2,7,6,15,0,6,15,0,21,0,8,22,6,36,56,6,62,98
08/14/2021,HUT,KS,ACE,CE,Federal Contract Tower,0,2,6,0,8,0,2,13,0,15,0,4,19,0,23,26,0,26,49
08/15/2021,HUT,KS,ACE,CE,Federal Contract Tower,0,0,5,10,15,0,0,15,0,15,0,0,20,10,30,18,6,24,54
08/16/2021,HUT,KS,ACE,CE,Federal Contract Tower,0,0,5,0,5,0,4,15,0,19,0,4,20,0,24,44,0,44,68
08/17/2021,HUT,KS,ACE,CE,Federal Contract Tower,0,4,4,10,18,0,0,18,0,18,0,4,22,10,36,70,6,76,112
08/18/2021,HUT,KS,ACE,CE,Federal Contract Tower,0,0,8,27,35,0,0,7,1,8,0,0,15,28,43,26,32,58,101
08/19/2021,HUT,KS,ACE,CE,Federal Contract Tower,0,1,7,9,17,0,0,5,0,5,0,1,12,9,22,34,14,48,70
08/20/2021,HUT,KS,ACE,CE,Federal Contract Tower,0,4,15,2,21,0,0,19,0,19,0,4,34,2,40,56,0,56,96
08/21/2021,HUT,KS,ACE,CE,Federal Contract Tower,0,2,5,0,7,0,0,24,0,24,0,2,29,0,31,26,0,26,57
08/22/2021,HUT,KS,ACE,CE,Federal Contract Tower,0,1,6,0,7,0,0,29,0,29,0,1,35,0,36,60,0,60,96
08/23/2021,HUT,KS,ACE,CE,Federal Contract Tower,0,0,7,14,21,0,0,21,4,25,0,0,28,18,46,12,24,36,82
08/24/2021,HUT,KS,ACE,CE,Federal Contract Tower,0,1,6,16,23,0,0,10,0,10,0,1,16,16,33,10,20,30,63
08/25/2021,HUT,KS,ACE,CE,Federal Contract Tower,0,2,5,16,23,0,6,11,2,19,0,8,16,18,42,56,24,80,122
08/26/2021,HUT,KS,ACE,CE,Federal Contract Tower,0,4,7,10,21,0,0,26,1,27,0,4,33,11,48,52,12,64,112
08/27/2021,HUT,KS,ACE,CE,Federal Contract Tower,0,0,5,20,25,0,0,21,10,31,0,0,26,30,56,20,38,58,114
08/28/2021,HUT,KS,ACE,CE,Federal Contract Tower,0,0,3,0,3,0,0,30,0,30,0,0,33,0,33,68,0,68,101
08/29/2021,HUT,KS,ACE,CE,Federal Contract Tower,0,0,3,0,3,0,0,3,0,3,0,0,6,0,6,2,0,2,8
08/30/2021,HUT,KS,ACE,CE,Federal Contract Tower,0,0,5,24,29,0,2,11,18,31,0,2,16,42,60,38,66,104,164
08/31/2021,HUT,KS,ACE,CE,Federal Contract Tower,0,0,7,12,19,0,0,39,0,39,0,0,46,12,58,58,14,72,130
09/01/2021,HUT,KS,ACE,CE,Federal Contract Tower,0,0,8,30,38,0,6,17,4,27,0,6,25,34,65,50,68,118,183
09/02/2021,HUT,KS,ACE,CE,Federal Contract Tower,0,0,11,6,17,0,2,19,5,26,0,2,30,11,43,44,14,58,101
09/03/2021,HUT,KS,ACE,CE,Federal Contract Tower,0,7,13,0,20,0,0,5,0,5,0,7,18,0,25,0,0,0,25
09/04/2021,HUT,KS,ACE,CE,Federal Contract Tower,0,3,5,0,8,0,0,10,0,10,0,3,15,0,18,8,0,8,26
09/05/2021,HUT,KS,ACE,CE,Federal Contract Tower,0,0,3,0,3,0,0,25,0,25,0,0,28,0,28,32,0,32,60
09/06/2021,HUT,KS,ACE,CE,Federal Contract Tower,0,0,3,0,3,0,2,18,0,20,0,2,21,0,23,12,0,12,35
09/07/2021,HUT,KS,ACE,CE,Federal Contract Tower,0,2,7,4,13,0,2,14,0,16,0,4,21,4,29,40,10,50,79
09/08/2021,HUT,KS,ACE,CE,Federal Contract Tower,0,0,3,9,12,0,16,33,5,54,0,16,36,14,66,126,20,146,212
09/09/2021,HUT,KS,ACE,CE,Federal Contract Tower,0,1,8,10,19,0,2,8,2,12,0,3,16,12,31,16,30,46,77
09/10/2021,HUT,KS,ACE,CE,Federal Contract Tower,0,0,5,21,26,0,2,21,2,25,0,2,26,23,51,72,14,86,137
09/11/2021,HUT,KS,ACE,CE,Federal Contract Tower,0,0,4,0,4,0,0,25,0,25,0,0,29,0,29,80,0,80,109
09/12/2021,HUT,KS,ACE,CE,Federal Contract Tower,0,4,4,11,19,0,0,29,0,29,0,4,33,11,48,30,10,40,88
09/13/2021,HUT,KS,ACE,CE,Federal Contract Tower,0,3,6,12,21,0,0,24,0,24,0,3,30,12,45,26,16,42,87
09/14/2021,HUT,KS,ACE,CE,Federal Contract Tower,0,4,7,26,37,0,2,11,6,19,0,6,18,32,56,10,22,32,88
09/15/2021,HUT,KS,ACE,CE,Federal Contract Tower,0,3,13,19,35,0,2,20,1,23,0,5,33,20,58,18,16,34,92
09/16/2021,HUT,KS,ACE,CE,Federal Contract Tower,0,2,10,47,59,0,12,32,2,46,0,14,42,49,105,80,66,146,251
09/17/2021,HUT,KS,ACE,CE,Federal Contract Tower,0,6,13,12,31,0,2,14,2,18,0,8,27,14,49,20,2,22,71
09/18/2021,HUT,KS,ACE,CE,Federal Contract Tower,0,2,5,0,7,0,1,30,0,31,0,3,35,0,38,62,0,62,100
09/19/2021,HUT,KS,ACE,CE,Federal Contract Tower,0,1,1,7,9,0,0,29,1,30,0,1,30,8,39,12,6,18,57
09/20/2021,HUT,KS,ACE,CE,Federal Contract Tower,0,1,3,0,4,0,0,18,0,18,0,1,21,0,22,4,0,4,26
09/21/2021,HUT,KS,ACE,CE,Federal Contract Tower,0,4,4,16,24,0,3,11,0,14,0,7,15,16,38,76,10,86,124
09/22/2021,HUT,KS,ACE,CE,Federal Contract Tower,0,8,9,22,39,0,8,30,2,40,0,16,39,24,79,82,22,104,183
09/23/2021,HUT,KS,ACE,CE,Federal Contract Tower,0,0,4,13,17,0,2,21,3,26,0,2,25,16,43,96,4,100,143
09/24/2021,HUT,KS,ACE,CE,Federal Contract Tower,0,6,6,4,16,0,0,24,0,24,0,6,30,4,40,32,0,32,72
09/25/2021,HUT,KS,ACE,CE,Federal Contract Tower,0,0,5,7,12,0,2,39,1,42,0,2,44,8,54,68,2,70,124
09/26/2021,HUT,KS,ACE,CE,Federal Contract Tower,0,3,5,6,14,0,1,16,0,17,0,4,21,6,31,14,24,38,69
09/27/2021,HUT,KS,ACE,CE,Federal Contract Tower,0,3,12,27,42,0,0,6,9,15,0,3,18,36,57,12,76,88,145
09/28/2021,HUT,KS,ACE,CE,Federal Contract Tower,0,3,3,25,31,0,2,15,1,18,0,5,18,26,49,16,50,66,115
09/29/2021,HUT,KS,ACE,CE,Federal Contract Tower,0,0,4,22,26,0,4,11,2,17,0,4,15,24,43,22,56,78,121
09/30/2021,HUT,KS,ACE,CE,Federal Contract Tower,0,5,3,2,10,0,0,3,0,3,0,5,6,2,13,14,0,14,27
10/01/2021,HUT,KS,ACE,CE,Federal Contract Tower,0,0,17,6,23,0,0,11,0,11,0,0,28,6,34,12,0,12,46
10/02/2021,HUT,KS,ACE,CE,Federal Contract Tower,0,0,7,5,12,0,2,2,3,7,0,2,9,8,19,2,0,2,21
10/03/2021,HUT,KS,ACE,CE,Federal Contract Tower,0,4,10,0,14,0,0,15,0,15,0,4,25,0,29,22,0,22,51
10/04/2021,HUT,KS,ACE,CE,Federal Contract Tower,0,2,4,14,20,0,4,36,2,42,0,6,40,16,62,98,18,116,178
10/05/2021,HUT,KS,ACE,CE,Federal Contract Tower,0,0,7,16,23,0,10,25,0,35,0,10,32,16,58,96,40,136,194
10/06/2021,HUT,KS,ACE,CE,Federal Contract Tower,0,4,16,16,36,0,2,21,0,23,0,6,37,16,59,130,10,140,199
10/07/2021,HUT,KS,ACE,CE,Federal Contract Tower,0,1,25,12,38,0,4,41,3,48,0,5,66,15,86,104,28,132,218
10/08/2021,HUT,KS,ACE,CE,Federal Contract Tower,0,0,6,36,42,0,16,39,7,62,0,16,45,43,104,74,50,124,228
10/09/2021,HUT,KS,ACE,CE,Federal Contract Tower,0,0,2,0,2,0,0,16,0,16,0,0,18,0,18,34,0,34,52
10/10/2021,HUT,KS,ACE,CE,Federal Contract Tower,0,2,5,2,9,0,0,8,2,10,0,2,13,4,19,2,0,2,21
10/11/2021,HUT,KS,ACE,CE,Federal Contract Tower,0,2,5,0,7,0,16,18,0,34,0,18,23,0,41,80,0,80,121
10/12/2021,HUT,KS,ACE,CE,Federal Contract Tower,0,0,3,0,3,0,0,6,2,8,0,0,9,2,11,6,0,6,17
10/13/2021,HUT,KS,ACE,CE,Federal Contract Tower,0,3,3,43,49,0,13,20,15,48,0,16,23,58,97,76,32,108,205
10/14/2021,HUT,KS,ACE,CE,Federal Contract Tower,0,2,16,22,40,0,0,16,5,21,0,2,32,27,61,38,52,90,151
10/15/2021,HUT,KS,ACE,CE,Federal Contract Tower,0,0,11,2,13,0,0,13,4,17,0,0,24,6,30,34,6,40,70
10/16/2021,HUT,KS,ACE,CE,Federal Contract Tower,0,0,10,0,10,0,2,50,4,56,0,2,60,4,66,90,20,110,176
10/17/2021,HUT,KS,ACE,CE,Federal Contract Tower,0,2,4,0,6,0,0,33,0,33,0,2,37,0,39,38,0,38,77
10/18/2021,HUT,KS,ACE,CE,Federal Contract Tower,0,3,10,24,37,0,25,24,4,53,0,28,34,28,90,34,20,54,144
10/19/2021,HUT,KS,ACE,CE,Federal Contract Tower,0,1,4,2,7,0,17,11,2,30,0,18,15,4,37,50,0,50,87
10/20/2021,HUT,KS,ACE,CE,Federal Contract Tower,0,3,17,14,34,0,12,16,4,32,0,15,33,18,66,114,66,180,246
10/21/2021,HUT,KS,ACE,CE,Federal Contract Tower,0,2,7,26,35,0,2,37,4,43,0,4,44,30,78,40,66,106,184
10/22/2021,HUT,KS,ACE,CE,Federal Contract Tower,0,2,5,16,23,0,2,20,4,26,0,4,25,20,49,82,22,104,153
10/23/2021,HUT,KS,ACE,CE,Federal Contract Tower,0,2,8,10,20,0,2,5,0,7,0,4,13,10,27,8,12,20,47
10/24/2021,HUT,KS,ACE,CE,Federal Contract Tower,0,2,5,0,7,0,0,7,4,11,0,2,12,4,18,8,8,16,34
10/25/2021,HUT,KS,ACE,CE,Federal Contract Tower,0,2,14,26,42,0,0,6,0,6,0,2,20,26,48,32,12,44,92
10/26/2021,HUT,KS,ACE,CE,Federal Contract Tower,0,4,22,0,26,0,0,2,0,2,0,4,24,0,28,12,0,12,40
10/27/2021,HUT,KS,ACE,CE,Federal Contract Tower,0,2,2,0,4,0,0,0,0,0,0,2,2,0,4,6,0,6,10
10/28/2021,HUT,KS,ACE,CE,Federal Contract Tower,0,1,7,0,8,0,2,0,0,2,0,3,7,0,10,6,0,6,16
10/29/2021,HUT,KS,ACE,CE,Federal Contract Tower,0,0,7,19,26,0,2,24,1,27,0,2,31,20,53,86,0,86,139
10/30/2021,HUT,KS,ACE,CE,Federal Contract Tower,0,0,14,0,14,0,2,47,0,49,0,2,61,0,63,60,0,60,123
10/31/2021,HUT,KS,ACE,CE,Federal Contract Tower,0,0,5,4,9,0,0,15,0,15,0,0,20,4,24,28,0,28,52
11/01/2021,HUT,KS,ACE,CE,Federal Contract Tower,0,2,6,2,10,0,11,7,0,18,0,13,13,2,28,30,2,32,60
11/02/2021,HUT,KS,ACE,CE,Federal Contract Tower,0,0,3,18,21,0,0,5,0,5,0,0,8,18,26,44,20,64,90
11/03/2021,HUT,KS,ACE,CE,Federal Contract Tower,0,0,8,8,16,0,0,1,0,1,0,0,9,8,17,14,10,24,41
11/04/2021,HUT,KS,ACE,CE,Federal Contract Tower,0,0,8,15,23,0,4,9,0,13,0,4,17,15,36,16,20,36,72
11/05/2021,HUT,KS,ACE,CE,Federal Contract Tower,0,6,13,6,25,0,1,4,0,5,0,7,17,6,30,8,8,16,46
11/06/2021,HUT,KS,ACE,CE,Federal Contract Tower,0,0,0,2,2,0,2,17,0,19,0,2,17,2,21,34,4,38,59
11/07/2021,HUT,KS,ACE,CE,Federal Contract Tower,0,0,1,8,9,0,0,8,0,8,0,0,9,8,17,22,0,22,39
11/08/2021,HUT,KS,ACE,CE,Federal Contract Tower,0,1,0,0,1,0,0,26,0,26,0,1,26,0,27,90,0,90,117
11/09/2021,HUT,KS,ACE,CE,Federal Contract Tower,0,2,11,10,23,0,4,31,6,41,0,6,42,16,64,52,64,116,180
11/10/2021,HUT,KS,ACE,CE,Federal Contract Tower,0,5,3,0,8,0,0,1,3,4,0,5,4,3,12,4,0,4,16
11/11/2021,HUT,KS,ACE,CE,Federal Contract Tower,0,2,5,0,7,0,1,14,3,18,0,3,19,3,25,38,6,44,69
11/12/2021,HUT,KS,ACE,CE,Federal Contract Tower,0,2,3,14,19,0,12,20,0,32,0,14,23,14,51,56,14,70,121
11/13/2021,HUT,KS,ACE,CE,Federal Contract Tower,0,0,7,0,7,0,14,14,0,28,0,14,21,0,35,42,0,42,77
11/14/2021,HUT,KS,ACE,CE,Federal Contract Tower,0,0,5,6,11,0,0,40,12,52,0,0,45,18,63,76,12,88,151
11/15/2021,HUT,KS,ACE,CE,Federal Contract Tower,0,5,8,12,25,0,18,30,6,54,0,23,38,18,79,42,22,64,143
11/16/2021,HUT,KS,ACE,CE,Federal Contract Tower,0,6,5,30,41,0,39,19,6,64,0,45,24,36,105,110,26,136,241
11/17/2021,HUT,KS,ACE,CE,Federal Contract Tower,0,2,14,2,18,0,0,8,6,14,0,2,22,8,32,30,4,34,66
11/18/2021,HUT,KS,ACE,CE,Federal Contract Tower,0,0,2,20,22,0,8,33,0,41,0,8,35,20,63,68,46,114,177
11/19/2021,HUT,KS,ACE,CE,Federal Contract Tower,0,4,9,12,25,0,2,1,0,3,0,6,10,12,28,26,4,30,58
11/20/2021,HUT,KS,ACE,CE,Federal Contract Tower,0,2,7,4,13,0,4,15,6,25,0,6,22,10,38,4,6,10,48
11/21/2021,HUT,KS,ACE,CE,Federal Contract Tower,0,0,8,0,8,0,0,17,2,19,0,0,25,2,27,24,2,26,53
11/22/2021,HUT,KS,ACE,CE,Federal Contract Tower,0,2,4,12,18,0,0,22,2,24,0,2,26,14,42,10,32,42,84
11/23/2021,HUT,KS,ACE,CE,Federal Contract Tower,0,1,8,11,20,0,5,1,3,9,0,6,9,14,29,10,16,26,55
11/24/2021,HUT,KS,ACE,CE,Federal Contract Tower,0,0,5,6,11,0,0,6,2,8,0,0,11,8,19,32,0,32,51
11/25/2021,HUT,KS,ACE,CE,Federal Contract Tower,0,2,0,0,2,0,0,4,0,4,0,2,4,0,6,0,0,0,6
11/26/2021,HUT,KS,ACE,CE,Federal Contract Tower,0,0,0,0,0,0,4,26,0,30,0,4,26,0,30,22,0,22,52
11/27/2021,HUT,KS,ACE,CE,Federal Contract Tower,0,2,7,0,9,0,4,11,0,15,0,6,18,0,24,50,0,50,74
11/28/2021,HUT,KS,ACE,CE,Federal Contract Tower,0,0,5,0,5,0,2,34,0,36,0,2,39,0,41,76,0,76,117
11/29/2021,HUT,KS,ACE,CE,Federal Contract Tower,0,2,8,25,35,0,0,30,1,31,0,2,38,26,66,44,18,62,128
11/30/2021,HUT,KS,ACE,CE,Federal Contract Tower,0,2,11,4,17,0,0,25,2,27,0,2,36,6,44,44,4,48,92
12/01/2021,HUT,KS,ACE,CE,Federal Contract Tower,0,0,4,12,16,0,2,22,0,24,0,2,26,12,40,64,0,64,104
12/02/2021,HUT,KS,ACE,CE,Federal Contract Tower,0,1,10,7,18,0,0,35,1,36,0,1,45,8,54,130,16,146,200
12/03/2021,HUT,KS,ACE,CE,Federal Contract Tower,0,1,0,15,16,0,10,9,3,22,0,11,9,18,38,54,32,86,124
12/04/2021,HUT,KS,ACE,CE,Federal Contract Tower,0,1,2,0,3,0,0,37,0,37,0,1,39,0,40,64,0,64,104
12/05/2021,HUT,KS,ACE,CE,Federal Contract Tower,0,1,4,3,8,0,1,12,1,14,0,2,16,4,22,24,18,42,64
12/06/2021,HUT,KS,ACE,CE,Federal Contract Tower,0,0,7,22,29,0,5,10,2,17,0,5,17,24,46,16,62,78,124
12/07/2021,HUT,KS,ACE,CE,Federal Contract Tower,0,2,8,4,14,0,7,22,0,29,0,9,30,4,43,108,6,114,157
12/08/2021,HUT,KS,ACE,CE,Federal Contract Tower,0,2,5,22,29,0,0,21,0,21,0,2,26,22,50,62,16,78,128
12/09/2021,HUT,KS,ACE,CE,Federal Contract Tower,0,0,9,17,26,0,4,31,1,36,0,4,40,18,62,68,24,92,154
12/10/2021,HUT,KS,ACE,CE,Federal Contract Tower,0,2,3,0,5,0,0,12,0,12,0,2,15,0,17,16,0,16,33
12/11/2021,HUT,KS,ACE,CE,Federal Contract Tower,0,0,6,0,6,0,0,21,0,21,0,0,27,0,27,22,0,22,49
12/12/2021,HUT,KS,ACE,CE,Federal Contract Tower,0,0,1,19,20,0,4,22,1,27,0,4,23,20,47,26,28,54,101
12/13/2021,HUT,KS,ACE,CE,Federal Contract Tower,0,0,2,24,26,0,1,22,2,25,0,1,24,26,51,86,28,114,165
12/14/2021,HUT,KS,ACE,CE,Federal Contract Tower,0,0,6,2,8,0,14,20,4,38,0,14,26,6,46,34,0,34,80
12/15/2021,HUT,KS,ACE,CE,Federal Contract Tower,0,0,0,0,0,0,0,0,0,0,0,0,0,0,0,0,0,0,0
12/16/2021,HUT,KS,ACE,CE,Federal Contract Tower,0,2,3,13,18,0,8,23,2,33,0,10,26,15,51,84,14,98,149
12/17/2021,HUT,KS,ACE,CE,Federal Contract Tower,0,0,11,26,37,0,0,21,3,24,0,0,32,29,61,48,98,146,207
12/18/2021,HUT,KS,ACE,CE,Federal Contract Tower,0,0,3,0,3,0,2,34,0,36,0,2,37,0,39,70,0,70,109
12/19/2021,HUT,KS,ACE,CE,Federal Contract Tower,0,1,9,0,10,0,1,19,0,20,0,2,28,0,30,6,0,6,36
12/20/2021,HUT,KS,ACE,CE,Federal Contract Tower,0,3,4,11,18,0,6,20,1,27,0,9,24,12,45,28,20,48,93
12/21/2021,HUT,KS,ACE,CE,Federal Contract Tower,0,0,3,7,10,0,4,40,1,45,0,4,43,8,55,54,4,58,113
12/22/2021,HUT,KS,ACE,CE,Federal Contract Tower,0,0,3,22,25,0,6,12,2,20,0,6,15,24,45,48,24,72,117
12/23/2021,HUT,KS,ACE,CE,Federal Contract Tower,0,1,9,0,10,0,2,21,0,23,0,3,30,0,33,64,0,64,97
12/24/2021,HUT,KS,ACE,CE,Federal Contract Tower,0,0,3,0,3,0,0,26,0,26,0,0,29,0,29,40,0,40,69
12/25/2021,HUT,KS,ACE,CE,Federal Contract Tower,0,0,0,0,0,0,0,6,0,6,0,0,6,0,6,4,0,4,10
12/26/2021,HUT,KS,ACE,CE,Federal Contract Tower,0,0,1,0,1,0,0,3,0,3,0,0,4,0,4,0,0,0,4
12/27/2021,HUT,KS,ACE,CE,Federal Contract Tower,0,0,8,0,8,0,0,34,0,34,0,0,42,0,42,34,0,34,76
12/28/2021,HUT,KS,ACE,CE,Federal Contract Tower,0,0,3,0,3,0,0,12,0,12,0,0,15,0,15,22,0,22,37
12/29/2021,HUT,KS,ACE,CE,Federal Contract Tower,0,0,4,2,6,0,0,8,0,8,0,0,12,2,14,14,0,14,28
12/30/2021,HUT,KS,ACE,CE,Federal Contract Tower,0,0,7,0,7,0,2,26,0,28,0,2,33,0,35,56,0,56,91
12/31/2021,HUT,KS,ACE,CE,Federal Contract Tower,0,0,6,0,6,0,0,15,0,15,0,0,21,0,21,32,0,32,53
01/01/2022,HUT,KS,ACE,CE,Federal Contract Tower,0,0,0,0,0,0,0,0,0,0,0,0,0,0,0,0,0,0,0
01/02/2022,HUT,KS,ACE,CE,Federal Contract Tower,0,0,2,0,2,0,0,7,0,7,0,0,9,0,9,16,0,16,25
01/03/2022,HUT,KS,ACE,CE,Federal Contract Tower,0,2,5,0,7,0,8,27,0,35,0,10,32,0,42,42,0,42,84
01/04/2022,HUT,KS,ACE,CE,Federal Contract Tower,0,0,7,0,7,0,2,27,0,29,0,2,34,0,36,64,0,64,100
01/05/2022,HUT,KS,ACE,CE,Federal Contract Tower,0,0,2,4,6,0,2,13,0,15,0,2,15,4,21,18,0,18,39
01/06/2022,HUT,KS,ACE,CE,Federal Contract Tower,0,0,1,6,7,0,4,0,0,4,0,4,1,6,11,20,2,22,33
01/07/2022,HUT,KS,ACE,CE,Federal Contract Tower,0,1,6,2,9,0,0,11,0,11,0,1,17,2,20,42,4,46,66
01/08/2022,HUT,KS,ACE,CE,Federal Contract Tower,0,0,4,0,4,0,0,14,0,14,0,0,18,0,18,30,0,30,48
01/09/2022,HUT,KS,ACE,CE,Federal Contract Tower,0,1,15,8,24,0,0,16,2,18,0,1,31,10,42,14,6,20,62
01/10/2022,HUT,KS,ACE,CE,Federal Contract Tower,0,1,1,12,14,0,0,21,2,23,0,1,22,14,37,28,16,44,81
01/11/2022,HUT,KS,ACE,CE,Federal Contract Tower,0,0,1,32,33,0,7,20,2,29,0,7,21,34,62,26,16,42,104
01/12/2022,HUT,KS,ACE,CE,Federal Contract Tower,0,0,2,4,6,0,12,28,0,40,0,12,30,4,46,76,2,78,124
01/13/2022,HUT,KS,ACE,CE,Federal Contract Tower,0,0,3,6,9,0,0,25,0,25,0,0,28,6,34,62,0,62,96
01/14/2022,HUT,KS,ACE,CE,Federal Contract Tower,0,0,0,16,16,0,0,13,1,14,0,0,13,17,30,6,8,14,44
01/15/2022,HUT,KS,ACE,CE,Federal Contract Tower,0,2,5,0,7,0,0,0,0,0,0,2,5,0,7,4,0,4,11
01/16/2022,HUT,KS,ACE,CE,Federal Contract Tower,0,2,7,0,9,0,2,13,0,15,0,4,20,0,24,12,0,12,36
01/17/2022,HUT,KS,ACE,CE,Federal Contract Tower,0,0,4,0,4,0,8,25,0,33,0,8,29,0,37,30,0,30,67
01/18/2022,HUT,KS,ACE,CE,Federal Contract Tower,0,0,1,16,17,0,8,32,2,42,0,8,33,18,59,46,26,72,131
01/19/2022,HUT,KS,ACE,CE,Federal Contract Tower,0,0,5,10,15,0,1,4,0,5,0,1,9,10,20,12,0,12,32
01/20/2022,HUT,KS,ACE,CE,Federal Contract Tower,0,1,3,7,11,0,0,11,1,12,0,1,14,8,23,20,6,26,49
01/21/2022,HUT,KS,ACE,CE,Federal Contract Tower,0,0,7,0,7,0,16,13,2,31,0,16,20,2,38,54,0,54,92
01/22/2022,HUT,KS,ACE,CE,Federal Contract Tower,0,0,11,0,11,0,0,35,0,35,0,0,46,0,46,92,0,92,138
01/23/2022,HUT,KS,ACE,CE,Federal Contract Tower,0,0,1,2,3,0,0,22,0,22,0,0,23,2,25,26,4,30,55
01/24/2022,HUT,KS,ACE,CE,Federal Contract Tower,0,0,1,2,3,0,0,24,0,24,0,0,25,2,27,44,2,46,73
01/25/2022,HUT,KS,ACE,CE,Federal Contract Tower,0,5,3,0,8,0,1,1,0,2,0,6,4,0,10,18,0,18,28
01/26/2022,HUT,KS,ACE,CE,Federal Contract Tower,0,4,6,10,20,0,4,6,2,12,0,8,12,12,32,16,4,20,52
01/27/2022,HUT,KS,ACE,CE,Federal Contract Tower,0,2,2,0,4,0,14,15,0,29,0,16,17,0,33,46,0,46,79
01/28/2022,HUT,KS,ACE,CE,Federal Contract Tower,0,4,5,0,9,0,6,35,0,41,0,10,40,0,50,0,0,0,50
01/29/2022,HUT,KS,ACE,CE,Federal Contract Tower,0,0,1,2,3,0,0,30,0,30,0,0,31,2,33,44,0,44,77
01/30/2022,HUT,KS,ACE,CE,Federal Contract Tower,0,0,9,0,9,0,0,34,0,34,0,0,43,0,43,90,0,90,133
01/31/2022,HUT,KS,ACE,CE,Federal Contract Tower,0,2,4,2,8,0,0,24,14,38,0,2,28,16,46,52,2,54,100
02/01/2022,HUT,KS,ACE,CE,Federal Contract Tower,0,2,10,13,25,0,19,13,1,33,0,21,23,14,58,36,18,54,112
02/02/2022,HUT,KS,ACE,CE,Federal Contract Tower,0,0,0,0,0,0,0,0,0,0,0,0,0,0,0,0,0,0,0
02/03/2022,HUT,KS,ACE,CE,Federal Contract Tower,0,1,3,0,4,0,0,1,0,1,0,1,4,0,5,2,0,2,7
02/04/2022,HUT,KS,ACE,CE,Federal Contract Tower,0,1,6,0,7,0,25,24,0,49,0,26,30,0,56,38,0,38,94
02/05/2022,HUT,KS,ACE,CE,Federal Contract Tower,0,2,4,5,11,0,0,8,2,10,0,2,12,7,21,24,20,44,65
02/06/2022,HUT,KS,ACE,CE,Federal Contract Tower,0,0,3,0,3,0,10,30,0,40,0,10,33,0,43,48,0,48,91
02/07/2022,HUT,KS,ACE,CE,Federal Contract Tower,0,0,6,14,20,0,40,25,0,65,0,40,31,14,85,90,36,126,211
02/08/2022,HUT,KS,ACE,CE,Federal Contract Tower,0,0,11,10,21,0,36,40,0,76,0,36,51,10,97,114,12,126,223
02/09/2022,HUT,KS,ACE,CE,Federal Contract Tower,0,0,2,4,6,0,0,34,0,34,0,0,36,4,40,174,0,174,214
02/10/2022,HUT,KS,ACE,CE,Federal Contract Tower,0,2,7,10,19,0,0,22,0,22,0,2,29,10,41,46,8,54,95
02/11/2022,HUT,KS,ACE,CE,Federal Contract Tower,0,4,6,11,21,0,0,16,1,17,0,4,22,12,38,10,14,24,62
02/12/2022,HUT,KS,ACE,CE,Federal Contract Tower,0,0,7,0,7,0,2,39,0,41,0,2,46,0,48,124,0,124,172
02/13/2022,HUT,KS,ACE,CE,Federal Contract Tower,0,0,2,2,4,0,0,28,0,28,0,0,30,2,32,50,0,50,82
02/14/2022,HUT,KS,ACE,CE,Federal Contract Tower,0,2,4,18,24,0,2,40,4,46,0,4,44,22,70,122,50,172,242
02/15/2022,HUT,KS,ACE,CE,Federal Contract Tower,0,2,1,0,3,0,4,5,0,9,0,6,6,0,12,8,0,8,20
02/16/2022,HUT,KS,ACE,CE,Federal Contract Tower,0,0,8,10,18,0,16,18,4,38,0,16,26,14,56,80,46,126,182
02/17/2022,HUT,KS,ACE,CE,Federal Contract Tower,0,0,0,0,0,0,0,1,0,1,0,0,1,0,1,0,0,0,1
02/18/2022,HUT,KS,ACE,CE,Federal Contract Tower,0,4,9,0,13,0,28,28,0,56,0,32,37,0,69,80,0,80,149
02/19/2022,HUT,KS,ACE,CE,Federal Contract Tower,0,0,6,1,7,0,8,30,1,39,0,8,36,2,46,96,0,96,142
02/20/2022,HUT,KS,ACE,CE,Federal Contract Tower,0,0,8,4,12,0,2,32,0,34,0,2,40,4,46,6,0,6,52
02/21/2022,HUT,KS,ACE,CE,Federal Contract Tower,0,0,8,0,8,0,2,27,0,29,0,2,35,0,37,30,0,30,67
02/22/2022,HUT,KS,ACE,CE,Federal Contract Tower,0,0,1,0,1,0,1,6,0,7,0,1,7,0,8,0,0,0,8
02/23/2022,HUT,KS,ACE,CE,Federal Contract Tower,0,0,4,2,6,0,26,7,0,33,0,26,11,2,39,12,0,12,51
02/24/2022,HUT,KS,ACE,CE,Federal Contract Tower,0,0,5,0,5,0,0,1,0,1,0,0,6,0,6,0,0,0,6
02/25/2022,HUT,KS,ACE,CE,Federal Contract Tower,0,0,8,0,8,0,0,15,2,17,0,0,23,2,25,32,6,38,63
02/26/2022,HUT,KS,ACE,CE,Federal Contract Tower,0,0,2,10,12,0,3,18,2,23,0,3,20,12,35,60,16,76,111
02/27/2022,HUT,KS,ACE,CE,Federal Contract Tower,0,0,7,2,9,0,0,28,0,28,0,0,35,2,37,46,4,50,87
02/28/2022,HUT,KS,ACE,CE,Federal Contract Tower,0,4,5,7,16,0,2,23,1,26,0,6,28,8,42,60,4,64,106
03/01/2022,HUT,KS,ACE,CE,Federal Contract Tower,0,2,6,16,24,0,2,23,2,27,0,4,29,18,51,32,20,52,103
03/02/2022,HUT,KS,ACE,CE,Federal Contract Tower,0,2,3,16,21,0,6,19,4,29,0,8,22,20,50,62,30,92,142
03/03/2022,HUT,KS,ACE,CE,Federal Contract Tower,0,0,0,12,12,0,4,27,6,37,0,4,27,18,49,72,28,100,149
03/04/2022,HUT,KS,ACE,CE,Federal Contract Tower,0,6,6,0,12,0,0,13,0,13,0,6,19,0,25,12,0,12,37
03/05/2022,HUT,KS,ACE,CE,Federal Contract Tower,0,0,0,0,0,0,28,0,0,28,0,28,0,0,28,34,0,34,62
03/06/2022,HUT,KS,ACE,CE,Federal Contract Tower,0,0,0,2,2,0,2,4,5,11,0,2,4,7,13,2,4,6,19
03/07/2022,HUT,KS,ACE,CE,Federal Contract Tower,0,0,5,6,11,0,4,2,2,8,0,4,7,8,19,0,0,0,19
03/08/2022,HUT,KS,ACE,CE,Federal Contract Tower,0,8,7,19,34,0,2,30,1,33,0,10,37,20,67,50,10,60,127
03/09/2022,HUT,KS,ACE,CE,Federal Contract Tower,0,2,16,0,18,0,16,16,0,32,0,18,32,0,50,40,0,40,90
03/10/2022,HUT,KS,ACE,CE,Federal Contract Tower,0,0,6,2,8,0,0,3,0,3,0,0,9,2,11,6,0,6,17
03/11/2022,HUT,KS,ACE,CE,Federal Contract Tower,0,0,8,10,18,0,0,21,2,23,0,0,29,12,41,10,4,14,55
03/12/2022,HUT,KS,ACE,CE,Federal Contract Tower,0,0,2,0,2,0,0,19,0,19,0,0,21,0,21,8,0,8,29
03/13/2022,HUT,KS,ACE,CE,Federal Contract Tower,0,0,5,7,12,0,0,16,4,20,0,0,21,11,32,18,8,26,58
03/14/2022,HUT,KS,ACE,CE,Federal Contract Tower,0,0,6,8,14,0,2,15,0,17,0,2,21,8,31,16,0,16,47
03/15/2022,HUT,KS,ACE,CE,Federal Contract Tower,0,0,10,16,26,0,0,24,1,25,0,0,34,17,51,28,26,54,105
03/16/2022,HUT,KS,ACE,CE,Federal Contract Tower,0,1,11,5,17,0,4,14,3,21,0,5,25,8,38,20,14,34,72
03/17/2022,HUT,KS,ACE,CE,Federal Contract Tower,0,0,1,2,3,0,6,19,0,25,0,6,20,2,28,16,2,18,46
03/18/2022,HUT,KS,ACE,CE,Federal Contract Tower,0,0,9,0,9,0,0,12,0,12,0,0,21,0,21,24,0,24,45
03/19/2022,HUT,KS,ACE,CE,Federal Contract Tower,0,0,5,0,5,0,2,46,6,54,0,2,51,6,59,46,0,46,105
03/20/2022,HUT,KS,ACE,CE,Federal Contract Tower,0,2,3,0,5,0,4,21,0,25,0,6,24,0,30,38,0,38,68
03/21/2022,HUT,KS,ACE,CE,Federal Contract Tower,0,1,0,2,3,0,0,4,0,4,0,1,4,2,7,46,0,46,53
03/22/2022,HUT,KS,ACE,CE,Federal Contract Tower,0,0,0,0,0,0,0,0,0,0,0,0,0,0,0,0,0,0,0
03/23/2022,HUT,KS,ACE,CE,Federal Contract Tower,0,1,3,8,12,0,0,4,0,4,0,1,7,8,16,10,18,28,44
03/24/2022,HUT,KS,ACE,CE,Federal Contract Tower,0,1,13,23,37,0,2,24,2,28,0,3,37,25,65,62,42,104,169
03/25/2022,HUT,KS,ACE,CE,Federal Contract Tower,0,1,4,10,15,0,0,18,1,19,0,1,22,11,34,8,2,10,44
03/26/2022,HUT,KS,ACE,CE,Federal Contract Tower,0,0,2,0,2,0,6,38,0,44,0,6,40,0,46,30,0,30,76
03/27/2022,HUT,KS,ACE,CE,Federal Contract Tower,0,1,4,8,13,0,0,43,3,46,0,1,47,11,59,72,22,94,153
03/28/2022,HUT,KS,ACE,CE,Federal Contract Tower,0,1,9,6,16,0,0,29,0,29,0,1,38,6,45,62,0,62,107
03/29/2022,HUT,KS,ACE,CE,Federal Contract Tower,0,2,1,7,10,0,1,11,1,13,0,3,12,8,23,8,2,10,33
03/30/2022,HUT,KS,ACE,CE,Federal Contract Tower,0,2,0,2,4,0,0,0,2,2,0,2,0,4,6,8,4,12,18
03/31/2022,HUT,KS,ACE,CE,Federal Contract Tower,0,3,6,1,10,0,4,24,1,29,0,7,30,2,39,56,0,56,95
04/01/2022,HUT,KS,ACE,CE,Federal Contract Tower,0,2,13,6,21,0,6,5,0,11,0,8,18,6,32,16,6,22,54
04/02/2022,HUT,KS,ACE,CE,Federal Contract Tower,0,0,4,4,8,0,2,37,2,41,0,2,41,6,49,16,6,22,71
04/03/2022,HUT,KS,ACE,CE,Federal Contract Tower,0,2,2,0,4,0,0,7,0,7,0,2,9,0,11,26,0,26,37
04/04/2022,HUT,KS,ACE,CE,Federal Contract Tower,0,0,5,22,27,0,8,18,0,26,0,8,23,22,53,42,14,56,109
04/05/2022,HUT,KS,ACE,CE,Federal Contract Tower,0,3,2,4,9,0,4,1,0,5,0,7,3,4,14,0,0,0,14
04/06/2022,HUT,KS,ACE,CE,Federal Contract Tower,0,1,8,6,15,0,12,7,2,21,0,13,15,8,36,32,8,40,76
04/07/2022,HUT,KS,ACE,CE,Federal Contract Tower,0,8,2,4,14,0,2,2,0,4,0,10,4,4,18,6,0,6,24
04/08/2022,HUT,KS,ACE,CE,Federal Contract Tower,0,0,4,10,14,0,19,11,3,33,0,19,15,13,47,106,48,154,201
04/09/2022,HUT,KS,ACE,CE,Federal Contract Tower,0,0,4,15,19,0,5,24,4,33,0,5,28,19,52,38,46,84,136
04/10/2022,HUT,KS,ACE,CE,Federal Contract Tower,0,2,8,6,16,0,0,19,0,19,0,2,27,6,35,48,4,52,87
04/11/2022,HUT,KS,ACE,CE,Federal Contract Tower,0,2,4,4,10,0,12,31,2,45,0,14,35,6,55,60,14,74,129
04/12/2022,HUT,KS,ACE,CE,Federal Contract Tower,0,2,6,4,12,0,0,2,0,2,0,2,8,4,14,6,0,6,20
04/13/2022,HUT,KS,ACE,CE,Federal Contract Tower,0,0,1,3,4,0,24,22,3,49,0,24,23,6,53,94,14,108,161
04/14/2022,HUT,KS,ACE,CE,Federal Contract Tower,0,0,4,2,6,0,12,35,0,47,0,12,39,2,53,66,4,70,123
04/15/2022,HUT,KS,ACE,CE,Federal Contract Tower,0,0,4,1,5,0,20,30,1,51,0,20,34,2,56,36,12,48,104
04/16/2022,HUT,KS,ACE,CE,Federal Contract Tower,0,0,3,6,9,0,2,11,0,13,0,2,14,6,22,4,12,16,38
04/17/2022,HUT,KS,ACE,CE,Federal Contract Tower,0,1,0,0,1,0,0,10,0,10,0,1,10,0,11,32,0,32,43
04/18/2022,HUT,KS,ACE,CE,Federal Contract Tower,0,0,5,4,9,0,30,27,0,57,0,30,32,4,66,80,4,84,150
04/19/2022,HUT,KS,ACE,CE,Federal Contract Tower,0,3,6,6,15,0,20,13,4,37,0,23,19,10,52,40,16,56,108
04/20/2022,HUT,KS,ACE,CE,Federal Contract Tower,0,4,9,14,27,0,15,9,0,24,0,19,18,14,51,38,22,60,111
04/21/2022,HUT,KS,ACE,CE,Federal Contract Tower,0,7,24,4,35,0,0,5,0,5,0,7,29,4,40,18,2,20,60
04/22/2022,HUT,KS,ACE,CE,Federal Contract Tower,0,2,6,0,8,0,0,6,0,6,0,2,12,0,14,8,0,8,22
04/23/2022,HUT,KS,ACE,CE,Federal Contract Tower,0,0,1,0,1,0,1,0,0,1,0,1,1,0,2,0,0,0,2
04/24/2022,HUT,KS,ACE,CE,Federal Contract Tower,0,0,3,10,13,0,0,45,0,45,0,0,48,10,58,72,6,78,136
04/25/2022,HUT,KS,ACE,CE,Federal Contract Tower,0,3,10,0,13,0,23,21,0,44,0,26,31,0,57,64,0,64,121
04/26/2022,HUT,KS,ACE,CE,Federal Contract Tower,0,1,8,7,16,0,12,20,1,33,0,13,28,8,49,40,20,60,109
04/27/2022,HUT,KS,ACE,CE,Federal Contract Tower,0,3,6,6,15,0,2,11,0,13,0,5,17,6,28,14,8,22,50
04/28/2022,HUT,KS,ACE,CE,Federal Contract Tower,0,4,3,16,23,0,2,19,0,21,0,6,22,16,44,50,8,58,102
04/29/2022,HUT,KS,ACE,CE,Federal Contract Tower,0,1,9,0,10,0,2,3,2,7,0,3,12,2,17,8,0,8,25
04/30/2022,HUT,KS,ACE,CE,Federal Contract Tower,0,0,6,6,12,0,4,6,0,10,0,4,12,6,22,2,0,2,24
05/01/2022,HUT,KS,ACE,CE,Federal Contract Tower,0,2,4,0,6,0,0,31,0,31,0,2,35,0,37,70,0,70,107
05/02/2022,HUT,KS,ACE,CE,Federal Contract Tower,0,0,6,0,6,0,0,0,0,0,0,0,6,0,6,6,0,6,12
05/03/2022,HUT,KS,ACE,CE,Federal Contract Tower,0,1,16,8,25,0,0,5,0,5,0,1,21,8,30,34,14,48,78
05/04/2022,HUT,KS,ACE,CE,Federal Contract Tower,0,3,7,0,10,0,0,0,0,0,0,3,7,0,10,6,0,6,16
05/05/2022,HUT,KS,ACE,CE,Federal Contract Tower,0,2,5,0,7,0,0,1,0,1,0,2,6,0,8,16,0,16,24
05/06/2022,HUT,KS,ACE,CE,Federal Contract Tower,0,0,17,0,17,0,13,15,0,28,0,13,32,0,45,46,0,46,91
05/07/2022,HUT,KS,ACE,CE,Federal Contract Tower,0,4,2,2,8,0,0,33,0,33,0,4,35,2,41,46,6,52,93
05/08/2022,HUT,KS,ACE,CE,Federal Contract Tower,0,2,5,0,7,0,6,14,0,20,0,8,19,0,27,60,0,60,87
05/09/2022,HUT,KS,ACE,CE,Federal Contract Tower,0,2,8,5,15,0,1,13,1,15,0,3,21,6,30,28,6,34,64
05/10/2022,HUT,KS,ACE,CE,Federal Contract Tower,0,3,6,23,32,0,10,28,1,39,0,13,34,24,71,142,24,166,237
05/11/2022,HUT,KS,ACE,CE,Federal Contract Tower,0,6,3,12,21,0,5,20,2,27,0,11,23,14,48,38,10,48,96
05/12/2022,HUT,KS,ACE,CE,Federal Contract Tower,0,0,6,6,12,0,3,8,0,11,0,3,14,6,23,60,10,70,93
05/13/2022,HUT,KS,ACE,CE,Federal Contract Tower,0,3,4,13,20,0,0,19,1,20,0,3,23,14,40,16,38,54,94
05/14/2022,HUT,KS,ACE,CE,Federal Contract Tower,0,4,2,0,6,0,8,24,14,46,0,12,26,14,52,68,0,68,120
05/15/2022,HUT,KS,ACE,CE,Federal Contract Tower,0,1,7,14,22,0,0,8,7,15,0,1,15,21,37,8,38,46,83
05/16/2022,HUT,KS,ACE,CE,Federal Contract Tower,0,2,9,28,39,0,0,21,4,25,0,2,30,32,64,24,64,88,152
05/17/2022,HUT,KS,ACE,CE,Federal Contract Tower,0,0,1,25,26,0,0,15,1,16,0,0,16,26,42,72,52,124,166
05/18/2022,HUT,KS,ACE,CE,Federal Contract Tower,0,6,6,20,32,0,2,34,4,40,0,8,40,24,72,44,50,94,166
05/19/2022,HUT,KS,ACE,CE,Federal Contract Tower,0,2,6,14,22,0,16,17,5,38,0,18,23,19,60,84,52,136,196
05/20/2022,HUT,KS,ACE,CE,Federal Contract Tower,0,2,7,25,34,0,0,15,3,18,0,2,22,28,52,34,12,46,98
05/21/2022,HUT,KS,ACE,CE,Federal Contract Tower,0,3,3,0,6,0,0,15,0,15,0,3,18,0,21,12,0,12,33
05/22/2022,HUT,KS,ACE,CE,Federal Contract Tower,0,0,5,6,11,0,6,25,0,31,0,6,30,6,42,28,0,28,70
05/23/2022,HUT,KS,ACE,CE,Federal Contract Tower,0,0,6,4,10,0,2,2,0,4,0,2,8,4,14,18,0,18,32
05/24/2022,HUT,KS,ACE,CE,Federal Contract Tower,0,2,5,0,7,0,0,0,0,0,0,2,5,0,7,0,0,0,7
05/25/2022,HUT,KS,ACE,CE,Federal Contract Tower,0,1,6,0,7,0,0,0,0,0,0,1,6,0,7,0,0,0,7
05/26/2022,HUT,KS,ACE,CE,Federal Contract Tower,0,2,5,0,7,0,0,15,0,15,0,2,20,0,22,76,0,76,98
05/27/2022,HUT,KS,ACE,CE,Federal Contract Tower,0,0,7,0,7,0,9,27,0,36,0,9,34,0,43,64,0,64,107
05/28/2022,HUT,KS,ACE,CE,Federal Contract Tower,0,0,3,0,3,2,3,0,0,5,2,3,3,0,8,0,0,0,8
05/29/2022,HUT,KS,ACE,CE,Federal Contract Tower,0,1,3,0,4,0,2,0,0,2,0,3,3,0,6,0,0,0,6
05/30/2022,HUT,KS,ACE,CE,Federal Contract Tower,0,2,4,0,6,0,0,2,0,2,0,2,6,0,8,0,0,0,8
05/31/2022,HUT,KS,ACE,CE,Federal Contract Tower,0,1,6,14,21,0,0,13,6,19,0,1,19,20,40,12,0,12,52
06/01/2022,HUT,KS,ACE,CE,Federal Contract Tower,0,2,3,0,5,0,0,0,0,0,0,2,3,0,5,6,0,6,11
06/02/2022,HUT,KS,ACE,CE,Federal Contract Tower,0,0,8,11,19,0,2,35,3,40,0,2,43,14,59,106,18,124,183
06/03/2022,HUT,KS,ACE,CE,Federal Contract Tower,0,0,12,20,32,0,4,34,0,38,0,4,46,20,70,22,24,46,116
06/04/2022,HUT,KS,ACE,CE,Federal Contract Tower,0,2,7,3,12,0,0,9,2,11,0,2,16,5,23,18,0,18,41
06/05/2022,HUT,KS,ACE,CE,Federal Contract Tower,0,0,2,2,4,0,0,19,0,19,0,0,21,2,23,22,0,22,45
06/06/2022,HUT,KS,ACE,CE,Federal Contract Tower,0,0,17,0,17,0,0,7,2,9,0,0,24,2,26,0,0,0,26
06/07/2022,HUT,KS,ACE,CE,Federal Contract Tower,0,2,1,22,25,0,0,17,0,17,0,2,18,22,42,20,20,40,82
06/08/2022,HUT,KS,ACE,CE,Federal Contract Tower,0,0,6,16,22,0,0,22,2,24,0,0,28,18,46,38,24,62,108
06/09/2022,HUT,KS,ACE,CE,Federal Contract Tower,0,0,2,2,4,0,0,17,0,17,0,0,19,2,21,26,0,26,47
06/10/2022,HUT,KS,ACE,CE,Federal Contract Tower,0,4,3,0,7,0,0,12,0,12,0,4,15,0,19,30,0,30,49
06/11/2022,HUT,KS,ACE,CE,Federal Contract Tower,0,0,7,4,11,0,1,24,0,25,0,1,31,4,36,32,6,38,74
06/12/2022,HUT,KS,ACE,CE,Federal Contract Tower,0,2,5,8,15,0,1,15,0,16,0,3,20,8,31,20,0,20,51
06/13/2022,HUT,KS,ACE,CE,Federal Contract Tower,0,4,1,4,9,0,0,6,0,6,0,4,7,4,15,60,6,66,81
06/14/2022,HUT,KS,ACE,CE,Federal Contract Tower,0,0,3,2,5,0,0,8,0,8,0,0,11,2,13,6,0,6,19
06/15/2022,HUT,KS,ACE,CE,Federal Contract Tower,0,4,12,8,24,0,0,17,0,17,0,4,29,8,41,16,16,32,73
06/16/2022,HUT,KS,ACE,CE,Federal Contract Tower,0,4,10,37,51,0,9,23,1,33,0,13,33,38,84,64,44,108,192
06/17/2022,HUT,KS,ACE,CE,Federal Contract Tower,0,5,7,2,14,0,8,20,8,36,0,13,27,10,50,16,0,16,66
06/18/2022,HUT,KS,ACE,CE,Federal Contract Tower,0,1,0,0,1,0,6,18,0,24,0,7,18,0,25,42,0,42,67
06/19/2022,HUT,KS,ACE,CE,Federal Contract Tower,0,1,1,0,2,0,1,22,0,23,0,2,23,0,25,20,0,20,45
06/20/2022,HUT,KS,ACE,CE,Federal Contract Tower,0,4,6,0,10,0,4,11,0,15,0,8,17,0,25,12,0,12,37
06/21/2022,HUT,KS,ACE,CE,Federal Contract Tower,0,1,8,8,17,0,3,45,2,50,0,4,53,10,67,38,6,44,111
06/22/2022,HUT,KS,ACE,CE,Federal Contract Tower,0,7,8,10,25,0,3,9,0,12,0,10,17,10,37,30,0,30,67
06/23/2022,HUT,KS,ACE,CE,Federal Contract Tower,0,2,9,34,45,0,4,23,2,29,0,6,32,36,74,34,34,68,142
06/24/2022,HUT,KS,ACE,CE,Federal Contract Tower,0,0,3,6,9,0,8,13,0,21,0,8,16,6,30,22,4,26,56
06/25/2022,HUT,KS,ACE,CE,Federal Contract Tower,0,0,1,0,1,0,6,8,0,14,0,6,9,0,15,8,0,8,23
06/26/2022,HUT,KS,ACE,CE,Federal Contract Tower,0,0,11,0,11,0,4,10,0,14,0,4,21,0,25,36,0,36,61
06/27/2022,HUT,KS,ACE,CE,Federal Contract Tower,0,7,10,23,40,0,3,36,5,44,0,10,46,28,84,88,28,116,200
06/28/2022,HUT,KS,ACE,CE,Federal Contract Tower,0,6,6,16,28,0,4,34,0,38,0,10,40,16,66,56,4,60,126
06/29/2022,HUT,KS,ACE,CE,Federal Contract Tower,0,0,8,18,26,0,0,28,6,34,0,0,36,24,60,48,0,48,108
06/30/2022,HUT,KS,ACE,CE,Federal Contract Tower,0,2,8,13,23,0,0,28,0,28,0,2,36,13,51,164,14,178,229
07/01/2022,HUT,KS,ACE,CE,Federal Contract Tower,0,2,3,0,5,0,0,17,0,17,0,2,20,0,22,0,0,0,22
07/02/2022,HUT,KS,ACE,CE,Federal Contract Tower,0,2,6,0,8,0,0,12,0,12,0,2,18,0,20,12,0,12,32
07/03/2022,HUT,KS,ACE,CE,Federal Contract Tower,0,2,0,0,2,0,0,11,0,11,0,2,11,0,13,2,0,2,15
07/04/2022,HUT,KS,ACE,CE,Federal Contract Tower,0,0,0,0,0,0,0,8,0,8,0,0,8,0,8,0,0,0,8
07/05/2022,HUT,KS,ACE,CE,Federal Contract Tower,0,2,1,12,15,0,0,7,2,9,0,2,8,14,24,12,6,18,42
07/06/2022,HUT,KS,ACE,CE,Federal Contract Tower,0,0,3,14,17,0,2,21,2,25,0,2,24,16,42,56,22,78,120
07/07/2022,HUT,KS,ACE,CE,Federal Contract Tower,0,0,4,0,4,0,4,27,0,31,0,4,31,0,35,48,0,48,83
07/08/2022,HUT,KS,ACE,CE,Federal Contract Tower,0,6,7,8,21,0,3,3,0,6,0,9,10,8,27,6,0,6,33
07/09/2022,HUT,KS,ACE,CE,Federal Contract Tower,0,0,3,0,3,0,0,14,0,14,0,0,17,0,17,30,0,30,47
07/10/2022,HUT,KS,ACE,CE,Federal Contract Tower,0,5,3,8,16,0,0,23,4,27,0,5,26,12,43,70,14,84,127
07/11/2022,HUT,KS,ACE,CE,Federal Contract Tower,0,0,0,12,12,0,2,2,0,4,0,2,2,12,16,0,24,24,40
07/12/2022,HUT,KS,ACE,CE,Federal Contract Tower,0,2,4,6,12,0,4,45,0,49,0,6,49,6,61,220,2,222,283
07/13/2022,HUT,KS,ACE,CE,Federal Contract Tower,0,6,5,8,19,0,2,17,6,25,0,8,22,14,44,28,2,30,74
07/14/2022,HUT,KS,ACE,CE,Federal Contract Tower,0,4,3,2,9,0,0,24,0,24,0,4,27,2,33,38,0,38,71
07/15/2022,HUT,KS,ACE,CE,Federal Contract Tower,0,2,1,2,5,0,4,29,2,35,0,6,30,4,40,58,4,62,102
07/16/2022,HUT,KS,ACE,CE,Federal Contract Tower,0,3,2,4,9,0,2,22,0,24,0,5,24,4,33,18,4,22,55
07/17/2022,HUT,KS,ACE,CE,Federal Contract Tower,0,2,3,4,9,0,0,8,0,8,0,2,11,4,17,30,0,30,47
07/18/2022,HUT,KS,ACE,CE,Federal Contract Tower,0,0,8,14,22,0,0,27,0,27,0,0,35,14,49,34,22,56,105
07/19/2022,HUT,KS,ACE,CE,Federal Contract Tower,0,2,8,4,14,0,5,18,0,23,0,7,26,4,37,34,8,42,79
07/20/2022,HUT,KS,ACE,CE,Federal Contract Tower,0,2,11,2,15,0,8,18,2,28,0,10,29,4,43,74,0,74,117
07/21/2022,HUT,KS,ACE,CE,Federal Contract Tower,0,2,8,0,10,0,0,24,0,24,0,2,32,0,34,66,0,66,100
07/22/2022,HUT,KS,ACE,CE,Federal Contract Tower,0,5,1,8,14,0,10,23,0,33,0,15,24,8,47,44,4,48,95
07/23/2022,HUT,KS,ACE,CE,Federal Contract Tower,0,2,3,0,5,0,0,14,0,14,0,2,17,0,19,10,0,10,29
07/24/2022,HUT,KS,ACE,CE,Federal Contract Tower,0,4,4,0,8,0,0,24,0,24,0,4,28,0,32,8,0,8,40
07/25/2022,HUT,KS,ACE,CE,Federal Contract Tower,0,1,13,12,26,0,0,16,2,18,0,1,29,14,44,20,6,26,70
07/26/2022,HUT,KS,ACE,CE,Federal Contract Tower,0,0,6,6,12,0,4,47,0,51,0,4,53,6,63,70,4,74,137
07/27/2022,HUT,KS,ACE,CE,Federal Contract Tower,0,2,5,0,7,0,2,14,0,16,0,4,19,0,23,98,0,98,121
07/28/2022,HUT,KS,ACE,CE,Federal Contract Tower,0,2,7,0,9,0,0,12,0,12,0,2,19,0,21,70,0,70,91
07/29/2022,HUT,KS,ACE,CE,Federal Contract Tower,0,4,2,4,10,0,4,5,0,9,0,8,7,4,19,30,0,30,49
07/30/2022,HUT,KS,ACE,CE,Federal Contract Tower,0,2,2,0,4,0,0,3,0,3,0,2,5,0,7,0,0,0,7
07/31/2022,HUT,KS,ACE,CE,Federal Contract Tower,0,0,7,24,31,0,0,12,0,12,0,0,19,24,43,2,2,4,47
08/01/2022,HUT,KS,ACE,CE,Federal Contract Tower,0,2,7,34,43,0,0,13,4,17,0,2,20,38,60,14,72,86,146
08/02/2022,HUT,KS,ACE,CE,Federal Contract Tower,0,2,2,4,8,0,8,16,0,24,0,10,18,4,32,32,0,32,64
08/03/2022,HUT,KS,ACE,CE,Federal Contract Tower,0,4,3,8,15,0,4,25,0,29,0,8,28,8,44,58,2,60,104
08/04/2022,HUT,KS,ACE,CE,Federal Contract Tower,0,1,6,18,25,0,2,32,0,34,0,3,38,18,59,94,26,120,179
08/05/2022,HUT,KS,ACE,CE,Federal Contract Tower,0,3,5,2,10,0,1,21,0,22,0,4,26,2,32,64,0,64,96
08/06/2022,HUT,KS,ACE,CE,Federal Contract Tower,0,0,5,0,5,0,4,11,0,15,0,4,16,0,20,16,0,16,36
08/07/2022,HUT,KS,ACE,CE,Federal Contract Tower,0,2,6,10,18,0,0,7,4,11,0,2,13,14,29,4,8,12,41
08/08/2022,HUT,KS,ACE,CE,Federal Contract Tower,0,0,7,14,21,0,0,18,0,18,0,0,25,14,39,10,40,50,89
08/09/2022,HUT,KS,ACE,CE,Federal Contract Tower,0,0,7,33,40,0,0,9,4,13,0,0,16,37,53,52,16,68,121
08/10/2022,HUT,KS,ACE,CE,Federal Contract Tower,0,2,11,0,13,0,12,26,0,38,0,14,37,0,51,60,0,60,111
08/11/2022,HUT,KS,ACE,CE,Federal Contract Tower,0,0,15,4,19,0,2,37,0,39,0,2,52,4,58,44,0,44,102
08/12/2022,HUT,KS,ACE,CE,Federal Contract Tower,0,6,9,31,46,0,4,16,1,21,0,10,25,32,67,34,8,42,109
08/13/2022,HUT,KS,ACE,CE,Federal Contract Tower,0,0,3,2,5,0,0,20,2,22,0,0,23,4,27,42,0,42,69
08/14/2022,HUT,KS,ACE,CE,Federal Contract Tower,0,2,3,4,9,0,0,15,0,15,0,2,18,4,24,0,4,4,28
08/15/2022,HUT,KS,ACE,CE,Federal Contract Tower,0,0,2,16,18,0,0,15,0,15,0,0,17,16,33,14,10,24,57
08/16/2022,HUT,KS,ACE,CE,Federal Contract Tower,0,4,13,2,19,0,6,13,0,19,0,10,26,2,38,6,0,6,44
08/17/2022,HUT,KS,ACE,CE,Federal Contract Tower,0,4,26,30,60,0,2,22,6,30,0,6,48,36,90,62,26,88,178
08/18/2022,HUT,KS,ACE,CE,Federal Contract Tower,0,5,5,4,14,0,2,34,6,42,0,7,39,10,56,208,0,208,264
08/19/2022,HUT,KS,ACE,CE,Federal Contract Tower,0,3,5,10,18,0,0,16,0,16,0,3,21,10,34,10,30,40,74
08/20/2022,HUT,KS,ACE,CE,Federal Contract Tower,0,0,3,0,3,0,10,41,0,51,0,10,44,0,54,66,0,66,120
08/21/2022,HUT,KS,ACE,CE,Federal Contract Tower,0,1,4,24,29,0,4,37,4,45,0,5,41,28,74,46,16,62,136
08/22/2022,HUT,KS,ACE,CE,Federal Contract Tower,0,6,7,17,30,0,3,26,17,46,0,9,33,34,76,128,20,148,224
08/23/2022,HUT,KS,ACE,CE,Federal Contract Tower,0,0,4,4,8,0,2,18,2,22,0,2,22,6,30,74,4,78,108
08/24/2022,HUT,KS,ACE,CE,Federal Contract Tower,0,7,5,10,22,0,1,27,4,32,0,8,32,14,54,80,6,86,140
08/25/2022,HUT,KS,ACE,CE,Federal Contract Tower,0,0,7,17,24,0,0,27,3,30,0,0,34,20,54,58,14,72,126
08/26/2022,HUT,KS,ACE,CE,Federal Contract Tower,0,2,6,8,16,0,0,11,0,11,0,2,17,8,27,50,0,50,77
08/27/2022,HUT,KS,ACE,CE,Federal Contract Tower,0,0,4,0,4,0,0,19,0,19,0,0,23,0,23,52,0,52,75
08/28/2022,HUT,KS,ACE,CE,Federal Contract Tower,0,0,0,4,4,0,0,15,0,15,0,0,15,4,19,26,0,26,45
08/29/2022,HUT,KS,ACE,CE,Federal Contract Tower,0,0,6,16,22,0,0,11,2,13,0,0,17,18,35,48,18,66,101
08/30/2022,HUT,KS,ACE,CE,Federal Contract Tower,0,1,5,23,29,0,4,23,5,32,0,5,28,28,61,40,26,66,127
08/31/2022,HUT,KS,ACE,CE,Federal Contract Tower,0,1,7,18,26,0,2,15,0,17,0,3,22,18,43,60,6,66,109
09/01/2022,HUT,KS,ACE,CE,Federal Contract Tower,0,2,2,17,21,0,0,26,1,27,0,2,28,18,48,52,10,62,110
09/02/2022,HUT,KS,ACE,CE,Federal Contract Tower,0,7,6,0,13,0,21,19,0,40,0,28,25,0,53,22,0,22,75
09/03/2022,HUT,KS,ACE,CE,Federal Contract Tower,0,0,3,0,3,0,2,14,0,16,0,2,17,0,19,10,0,10,29
09/04/2022,HUT,KS,ACE,CE,Federal Contract Tower,0,1,2,0,3,0,1,13,0,14,0,2,15,0,17,26,0,26,43
09/05/2022,HUT,KS,ACE,CE,Federal Contract Tower,0,0,8,0,8,0,0,5,0,5,0,0,13,0,13,6,0,6,19
09/06/2022,HUT,KS,ACE,CE,Federal Contract Tower,0,0,2,6,8,0,4,10,0,14,0,4,12,6,22,22,18,40,62
09/07/2022,HUT,KS,ACE,CE,Federal Contract Tower,0,0,10,11,21,0,10,24,5,39,0,10,34,16,60,42,2,44,104
09/08/2022,HUT,KS,ACE,CE,Federal Contract Tower,0,3,5,26,34,0,11,21,2,34,0,14,26,28,68,46,22,68,136
09/09/2022,HUT,KS,ACE,CE,Federal Contract Tower,0,1,6,11,18,0,3,20,2,25,0,4,26,13,43,30,10,40,83
09/10/2022,HUT,KS,ACE,CE,Federal Contract Tower,0,4,6,0,10,0,0,9,0,9,0,4,15,0,19,8,0,8,27
09/11/2022,HUT,KS,ACE,CE,Federal Contract Tower,0,0,7,0,7,0,0,36,0,36,0,0,43,0,43,22,0,22,65
09/12/2022,HUT,KS,ACE,CE,Federal Contract Tower,0,0,4,8,12,0,0,15,0,15,0,0,19,8,27,18,6,24,51
09/13/2022,HUT,KS,ACE,CE,Federal Contract Tower,0,1,2,10,13,0,8,9,2,19,0,9,11,12,32,20,24,44,76
09/14/2022,HUT,KS,ACE,CE,Federal Contract Tower,0,3,4,14,21,0,2,14,0,16,0,5,18,14,37,16,6,22,59
09/15/2022,HUT,KS,ACE,CE,Federal Contract Tower,0,0,9,7,16,0,0,11,11,22,0,0,20,18,38,16,14,30,68
09/16/2022,HUT,KS,ACE,CE,Federal Contract Tower,0,2,0,0,2,0,0,17,0,17,0,2,17,0,19,66,0,66,85
09/17/2022,HUT,KS,ACE,CE,Federal Contract Tower,0,0,4,0,4,0,0,22,0,22,0,0,26,0,26,14,0,14,40
09/18/2022,HUT,KS,ACE,CE,Federal Contract Tower,0,0,1,9,10,0,2,9,6,17,0,2,10,15,27,2,20,22,49
09/19/2022,HUT,KS,ACE,CE,Federal Contract Tower,0,2,7,12,21,0,0,21,0,21,0,2,28,12,42,116,12,128,170
09/20/2022,HUT,KS,ACE,CE,Federal Contract Tower,0,5,9,8,22,0,5,2,0,7,0,10,11,8,29,4,8,12,41
09/21/2022,HUT,KS,ACE,CE,Federal Contract Tower,0,4,16,0,20,0,2,38,8,48,0,6,54,8,68,44,0,44,112
09/22/2022,HUT,KS,ACE,CE,Federal Contract Tower,0,0,13,2,15,0,2,0,0,2,0,2,13,2,17,6,0,6,23
09/23/2022,HUT,KS,ACE,CE,Federal Contract Tower,0,1,12,12,25,0,2,26,2,30,0,3,38,14,55,76,0,76,131
09/24/2022,HUT,KS,ACE,CE,Federal Contract Tower,0,0,0,0,0,0,0,9,0,9,0,0,9,0,9,28,0,28,37
09/25/2022,HUT,KS,ACE,CE,Federal Contract Tower,0,0,1,7,8,0,0,14,9,23,0,0,15,16,31,22,26,48,79
09/26/2022,HUT,KS,ACE,CE,Federal Contract Tower,0,1,1,2,4,0,0,15,0,15,0,1,16,2,19,40,0,40,59
09/27/2022,HUT,KS,ACE,CE,Federal Contract Tower,0,0,0,28,28,0,0,36,0,36,0,0,36,28,64,38,10,48,112
09/28/2022,HUT,KS,ACE,CE,Federal Contract Tower,0,3,11,5,19,0,3,11,3,17,0,6,22,8,36,18,8,26,62
09/29/2022,HUT,KS,ACE,CE,Federal Contract Tower,0,0,3,9,12,0,3,17,0,20,0,3,20,9,32,50,4,54,86
09/30/2022,HUT,KS,ACE,CE,Federal Contract Tower,0,2,1,16,19,0,1,26,0,27,0,3,27,16,46,56,34,90,136
10/01/2022,HUT,KS,ACE,CE,Federal Contract Tower,0,0,5,0,5,0,0,19,0,19,0,0,24,0,24,32,0,32,56
10/02/2022,HUT,KS,ACE,CE,Federal Contract Tower,0,0,6,2,8,0,0,24,2,26,0,0,30,4,34,42,4,46,80
10/03/2022,HUT,KS,ACE,CE,Federal Contract Tower,0,2,1,10,13,0,28,17,2,47,0,30,18,12,60,52,16,68,128
10/04/2022,HUT,KS,ACE,CE,Federal Contract Tower,0,1,2,12,15,0,2,13,2,17,0,3,15,14,32,46,24,70,102
10/05/2022,HUT,KS,ACE,CE,Federal Contract Tower,0,2,16,31,49,0,0,23,3,26,0,2,39,34,75,34,58,92,167
10/06/2022,HUT,KS,ACE,CE,Federal Contract Tower,0,4,11,21,36,0,2,22,1,25,0,6,33,22,61,62,24,86,147
10/07/2022,HUT,KS,ACE,CE,Federal Contract Tower,0,0,15,8,23,0,0,19,0,19,0,0,34,8,42,52,0,52,94
10/08/2022,HUT,KS,ACE,CE,Federal Contract Tower,0,6,0,0,6,0,0,17,0,17,0,6,17,0,23,18,0,18,41
10/09/2022,HUT,KS,ACE,CE,Federal Contract Tower,0,0,6,0,6,0,0,23,0,23,0,0,29,0,29,26,0,26,55
10/10/2022,HUT,KS,ACE,CE,Federal Contract Tower,0,0,3,2,5,0,2,21,2,25,0,2,24,4,30,44,0,44,74
10/11/2022,HUT,KS,ACE,CE,Federal Contract Tower,0,0,9,13,22,0,0,16,1,17,0,0,25,14,39,20,0,20,59
10/12/2022,HUT,KS,ACE,CE,Federal Contract Tower,0,2,9,22,33,0,2,25,0,27,0,4,34,22,60,44,10,54,114
10/13/2022,HUT,KS,ACE,CE,Federal Contract Tower,0,8,8,7,23,0,6,21,0,27,0,14,29,7,50,54,8,62,112
10/14/2022,HUT,KS,ACE,CE,Federal Contract Tower,0,0,10,2,12,0,2,21,6,29,0,2,31,8,41,10,0,10,51
10/15/2022,HUT,KS,ACE,CE,Federal Contract Tower,0,0,4,0,4,0,0,32,0,32,0,0,36,0,36,16,0,16,52
10/16/2022,HUT,KS,ACE,CE,Federal Contract Tower,0,3,3,37,43,0,0,33,0,33,0,3,36,37,76,44,18,62,138
10/17/2022,HUT,KS,ACE,CE,Federal Contract Tower,0,2,7,19,28,0,7,15,1,23,0,9,22,20,51,20,22,42,93
10/18/2022,HUT,KS,ACE,CE,Federal Contract Tower,0,1,11,22,34,0,0,22,6,28,0,1,33,28,62,94,16,110,172
10/19/2022,HUT,KS,ACE,CE,Federal Contract Tower,0,0,13,0,13,0,0,22,0,22,0,0,35,0,35,54,0,54,89
10/20/2022,HUT,KS,ACE,CE,Federal Contract Tower,0,0,13,19,32,0,2,36,1,39,0,2,49,20,71,46,0,46,117
10/21/2022,HUT,KS,ACE,CE,Federal Contract Tower,0,2,5,0,7,0,0,23,0,23,0,2,28,0,30,24,0,24,54
10/22/2022,HUT,KS,ACE,CE,Federal Contract Tower,0,1,2,0,3,0,0,7,0,7,0,1,9,0,10,0,0,0,10
10/23/2022,HUT,KS,ACE,CE,Federal Contract Tower,0,0,5,0,5,0,3,4,0,7,0,3,9,0,12,2,0,2,14
10/24/2022,HUT,KS,ACE,CE,Federal Contract Tower,0,2,3,0,5,0,6,7,0,13,0,8,10,0,18,32,0,32,50
10/25/2022,HUT,KS,ACE,CE,Federal Contract Tower,0,0,12,26,38,0,16,20,6,42,0,16,32,32,80,50,18,68,148
10/26/2022,HUT,KS,ACE,CE,Federal Contract Tower,0,0,18,4,22,0,8,17,0,25,0,8,35,4,47,28,0,28,75
10/27/2022,HUT,KS,ACE,CE,Federal Contract Tower,0,2,2,2,6,0,2,18,2,22,0,4,20,4,28,22,0,22,50
10/28/2022,HUT,KS,ACE,CE,Federal Contract Tower,0,1,4,19,24,0,6,20,0,26,0,7,24,19,50,28,0,28,78
10/29/2022,HUT,KS,ACE,CE,Federal Contract Tower,0,0,12,2,14,0,2,32,0,34,0,2,44,2,48,70,0,70,118
10/30/2022,HUT,KS,ACE,CE,Federal Contract Tower,0,0,3,2,5,0,2,57,0,59,0,2,60,2,64,44,0,44,108
10/31/2022,HUT,KS,ACE,CE,Federal Contract Tower,0,2,3,3,8,0,1,43,1,45,0,3,46,4,53,94,14,108,161
11/01/2022,HUT,KS,ACE,CE,Federal Contract Tower,0,0,6,8,14,0,0,33,0,33,0,0,39,8,47,62,10,72,119
11/02/2022,HUT,KS,ACE,CE,Federal Contract Tower,0,0,2,22,24,0,2,9,2,13,0,2,11,24,37,30,4,34,71
11/03/2022,HUT,KS,ACE,CE,Federal Contract Tower,0,0,6,2,8,0,0,0,2,2,0,0,6,4,10,86,0,86,96
11/04/2022,HUT,KS,ACE,CE,Federal Contract Tower,0,4,5,0,9,0,0,0,0,0,0,4,5,0,9,28,0,28,37
11/05/2022,HUT,KS,ACE,CE,Federal Contract Tower,0,0,3,0,3,0,2,23,0,25,0,2,26,0,28,28,0,28,56
11/06/2022,HUT,KS,ACE,CE,Federal Contract Tower,0,0,8,0,8,0,0,26,0,26,0,0,34,0,34,106,0,106,140
11/07/2022,HUT,KS,ACE,CE,Federal Contract Tower,0,2,8,9,19,0,0,13,1,14,0,2,21,10,33,42,22,64,97
11/08/2022,HUT,KS,ACE,CE,Federal Contract Tower,0,2,16,0,18,0,0,0,0,0,0,2,16,0,18,10,0,10,28
11/09/2022,HUT,KS,ACE,CE,Federal Contract Tower,0,0,6,4,10,0,0,8,0,8,0,0,14,4,18,20,6,26,44
11/10/2022,HUT,KS,ACE,CE,Federal Contract Tower,0,2,19,16,37,0,6,4,7,17,0,8,23,23,54,32,34,66,120
11/11/2022,HUT,KS,ACE,CE,Federal Contract Tower,0,0,11,0,11,0,0,26,0,26,0,0,37,0,37,32,0,32,69
11/12/2022,HUT,KS,ACE,CE,Federal Contract Tower,0,0,7,0,7,0,0,36,0,36,0,0,43,0,43,58,0,58,101
11/13/2022,HUT,KS,ACE,CE,Federal Contract Tower,0,0,1,4,5,0,0,14,0,14,0,0,15,4,19,14,4,18,37
11/14/2022,HUT,KS,ACE,CE,Federal Contract Tower,0,0,13,0,13,0,0,4,0,4,0,0,17,0,17,22,0,22,39
11/15/2022,HUT,KS,ACE,CE,Federal Contract Tower,0,0,7,7,14,0,2,18,1,21,0,2,25,8,35,132,0,132,167
11/16/2022,HUT,KS,ACE,CE,Federal Contract Tower,0,0,15,4,19,0,0,26,0,26,0,0,41,4,45,70,28,98,143
11/17/2022,HUT,KS,ACE,CE,Federal Contract Tower,0,2,7,0,9,0,5,19,2,26,0,7,26,2,35,76,0,76,111
11/18/2022,HUT,KS,ACE,CE,Federal Contract Tower,0,1,5,14,20,0,2,9,0,11,0,3,14,14,31,36,6,42,73
11/19/2022,HUT,KS,ACE,CE,Federal Contract Tower,0,0,6,0,6,0,0,25,0,25,0,0,31,0,31,96,0,96,127
11/20/2022,HUT,KS,ACE,CE,Federal Contract Tower,0,2,9,0,11,0,0,26,0,26,0,2,35,0,37,24,0,24,61
11/21/2022,HUT,KS,ACE,CE,Federal Contract Tower,0,11,7,10,28,0,10,37,4,51,0,21,44,14,79,76,18,94,173
11/22/2022,HUT,KS,ACE,CE,Federal Contract Tower,0,0,6,10,16,0,6,24,6,36,0,6,30,16,52,56,12,68,120
11/23/2022,HUT,KS,ACE,CE,Federal Contract Tower,0,2,4,2,8,0,1,4,0,5,0,3,8,2,13,26,0,26,39
11/24/2022,HUT,KS,ACE,CE,Federal Contract Tower,0,0,0,0,0,0,0,2,0,2,0,0,2,0,2,4,0,4,6
11/25/2022,HUT,KS,ACE,CE,Federal Contract Tower,0,0,0,0,0,0,2,9,0,11,0,2,9,0,11,14,0,14,25
11/26/2022,HUT,KS,ACE,CE,Federal Contract Tower,0,0,2,0,2,0,0,8,0,8,0,0,10,0,10,2,0,2,12
11/27/2022,HUT,KS,ACE,CE,Federal Contract Tower,0,0,6,0,6,0,0,23,0,23,0,0,29,0,29,50,0,50,79
11/28/2022,HUT,KS,ACE,CE,Federal Contract Tower,0,5,9,17,31,0,4,27,5,36,0,9,36,22,67,202,16,218,285
11/29/2022,HUT,KS,ACE,CE,Federal Contract Tower,0,0,5,4,9,0,0,1,0,1,0,0,6,4,10,6,4,10,20
11/30/2022,HUT,KS,ACE,CE,Federal Contract Tower,0,2,8,18,28,0,0,23,8,31,0,2,31,26,59,148,18,166,225
12/01/2022,HUT,KS,ACE,CE,Federal Contract Tower,0,2,4,0,6,0,0,1,4,5,0,2,5,4,11,120,0,120,131
12/02/2022,HUT,KS,ACE,CE,Federal Contract Tower,0,4,3,0,7,0,2,20,0,22,0,6,23,0,29,44,0,44,73
12/03/2022,HUT,KS,ACE,CE,Federal Contract Tower,0,6,14,0,20,0,0,24,0,24,0,6,38,0,44,42,0,42,86
12/04/2022,HUT,KS,ACE,CE,Federal Contract Tower,0,1,4,0,5,0,2,34,0,36,0,3,38,0,41,62,0,62,103
12/05/2022,HUT,KS,ACE,CE,Federal Contract Tower,0,3,9,12,24,0,0,22,2,24,0,3,31,14,48,64,10,74,122
12/06/2022,HUT,KS,ACE,CE,Federal Contract Tower,0,3,10,13,26,0,4,15,1,20,0,7,25,14,46,56,18,74,120
12/07/2022,HUT,KS,ACE,CE,Federal Contract Tower,0,6,13,6,25,0,2,6,4,12,0,8,19,10,37,52,26,78,115
12/08/2022,HUT,KS,ACE,CE,Federal Contract Tower,0,2,7,0,9,0,0,0,1,1,0,2,7,1,10,0,0,0,10
12/09/2022,HUT,KS,ACE,CE,Federal Contract Tower,0,2,8,23,33,0,2,20,4,26,0,4,28,27,59,0,12,12,71
12/10/2022,HUT,KS,ACE,CE,Federal Contract Tower,0,7,6,9,22,0,3,26,2,31,0,10,32,11,53,24,14,38,91
12/11/2022,HUT,KS,ACE,CE,Federal Contract Tower,0,1,5,5,11,0,0,0,0,0,0,1,5,5,11,0,6,6,17
12/12/2022,HUT,KS,ACE,CE,Federal Contract Tower,0,0,1,4,5,0,0,0,0,0,0,0,1,4,5,0,0,0,5
12/13/2022,HUT,KS,ACE,CE,Federal Contract Tower,0,0,3,13,16,0,0,9,3,12,0,0,12,16,28,18,2,20,48
12/14/2022,HUT,KS,ACE,CE,Federal Contract Tower,0,0,3,16,19,0,6,19,0,25,0,6,22,16,44,180,4,184,228
12/15/2022,HUT,KS,ACE,CE,Federal Contract Tower,0,2,19,0,21,0,0,23,2,25,0,2,42,2,46,62,0,62,108
12/16/2022,HUT,KS,ACE,CE,Federal Contract Tower,0,6,10,8,24,0,3,11,4,18,0,9,21,12,42,12,8,20,62
12/17/2022,HUT,KS,ACE,CE,Federal Contract Tower,0,0,6,0,6,0,0,19,0,19,0,0,25,0,25,2,0,2,27
12/18/2022,HUT,KS,ACE,CE,Federal Contract Tower,0,0,4,0,4,0,0,31,0,31,0,0,35,0,35,26,0,26,61
12/19/2022,HUT,KS,ACE,CE,Federal Contract Tower,0,4,11,0,15,0,4,17,0,21,0,8,28,0,36,24,0,24,60
12/20/2022,HUT,KS,ACE,CE,Federal Contract Tower,0,0,7,4,11,0,0,2,0,2,0,0,9,4,13,6,6,12,25
12/21/2022,HUT,KS,ACE,CE,Federal Contract Tower,0,2,2,0,4,0,0,0,0,0,0,2,2,0,4,0,0,0,4
12/22/2022,HUT,KS,ACE,CE,Federal Contract Tower,0,3,0,0,3,0,0,8,0,8,0,3,8,0,11,14,0,14,25
12/23/2022,HUT,KS,ACE,CE,Federal Contract Tower,0,0,2,0,2,0,0,5,0,5,0,0,7,0,7,0,0,0,7
12/24/2022,HUT,KS,ACE,CE,Federal Contract Tower,0,0,0,0,0,0,2,3,0,5,0,2,3,0,5,0,0,0,5
12/25/2022,HUT,KS,ACE,CE,Federal Contract Tower,0,0,0,0,0,0,0,0,0,0,0,0,0,0,0,0,0,0,0
12/26/2022,HUT,KS,ACE,CE,Federal Contract Tower,0,0,1,0,1,0,0,0,0,0,0,0,1,0,1,0,0,0,1
12/27/2022,HUT,KS,ACE,CE,Federal Contract Tower,0,5,7,0,12,0,0,10,0,10,0,5,17,0,22,2,0,2,24
12/28/2022,HUT,KS,ACE,CE,Federal Contract Tower,0,0,4,0,4,0,0,16,0,16,0,0,20,0,20,40,0,40,60
12/29/2022,HUT,KS,ACE,CE,Federal Contract Tower,0,2,8,2,12,0,0,13,0,13,0,2,21,2,25,14,0,14,39
12/30/2022,HUT,KS,ACE,CE,Federal Contract Tower,0,2,9,0,11,0,2,29,0,31,0,4,38,0,42,52,0,52,94
12/31/2022,HUT,KS,ACE,CE,Federal Contract Tower,0,0,5,0,5,0,1,22,0,23,0,1,27,0,28,28,0,28,56
01/01/2023,HUT,KS,ACE,CE,Federal Contract Tower,0,1,8,0,9,0,0,9,0,9,0,1,17,0,18,0,0,0,18
01/02/2023,HUT,KS,ACE,CE,Federal Contract Tower,0,2,3,0,5,0,0,0,0,0,0,2,3,0,5,0,0,0,5
01/03/2023,HUT,KS,ACE,CE,Federal Contract Tower,0,0,2,0,2,0,0,12,6,18,0,0,14,6,20,30,0,30,50
01/04/2023,HUT,KS,ACE,CE,Federal Contract Tower,0,0,13,18,31,0,4,32,6,42,0,4,45,24,73,48,12,60,133
01/05/2023,HUT,KS,ACE,CE,Federal Contract Tower,0,4,5,5,14,0,8,12,3,23,0,12,17,8,37,60,10,70,107
01/06/2023,HUT,KS,ACE,CE,Federal Contract Tower,0,3,2,6,11,0,0,31,8,39,0,3,33,14,50,44,12,56,106
01/07/2023,HUT,KS,ACE,CE,Federal Contract Tower,0,8,5,0,13,0,0,13,2,15,0,8,18,2,28,10,0,10,38
01/08/2023,HUT,KS,ACE,CE,Federal Contract Tower,0,2,11,0,13,0,0,23,0,23,0,2,34,0,36,14,0,14,50
01/09/2023,HUT,KS,ACE,CE,Federal Contract Tower,0,1,8,14,23,0,6,14,0,20,0,7,22,14,43,34,20,54,97
01/10/2023,HUT,KS,ACE,CE,Federal Contract Tower,0,2,3,3,8,0,3,26,2,31,0,5,29,5,39,26,6,32,71
01/11/2023,HUT,KS,ACE,CE,Federal Contract Tower,0,4,8,16,28,0,2,12,4,18,0,6,20,20,46,14,22,36,82
01/12/2023,HUT,KS,ACE,CE,Federal Contract Tower,0,0,0,5,5,0,0,6,3,9,0,0,6,8,14,8,0,8,22
01/13/2023,HUT,KS,ACE,CE,Federal Contract Tower,0,1,10,0,11,0,3,21,0,24,0,4,31,0,35,36,0,36,71
01/14/2023,HUT,KS,ACE,CE,Federal Contract Tower,0,0,2,0,2,0,0,22,0,22,0,0,24,0,24,70,0,70,94
01/15/2023,HUT,KS,ACE,CE,Federal Contract Tower,0,2,2,0,4,0,0,5,0,5,0,2,7,0,9,0,0,0,9
01/16/2023,HUT,KS,ACE,CE,Federal Contract Tower,0,0,5,0,5,0,1,18,0,19,0,1,23,0,24,40,0,40,64
01/17/2023,HUT,KS,ACE,CE,Federal Contract Tower,0,3,3,16,22,0,5,27,0,32,0,8,30,16,54,18,6,24,78
01/18/2023,HUT,KS,ACE,CE,Federal Contract Tower,0,6,4,0,10,0,0,1,0,1,0,6,5,0,11,0,0,0,11
01/19/2023,HUT,KS,ACE,CE,Federal Contract Tower,0,2,10,8,20,0,1,10,0,11,0,3,20,8,31,30,4,34,65
01/20/2023,HUT,KS,ACE,CE,Federal Contract Tower,0,1,6,3,10,0,4,37,2,43,0,5,43,5,53,70,18,88,141
01/21/2023,HUT,KS,ACE,CE,Federal Contract Tower,0,0,0,0,0,0,0,0,0,0,0,0,0,0,0,0,0,0,0
01/22/2023,HUT,KS,ACE,CE,Federal Contract Tower,0,0,14,0,14,0,0,5,0,5,0,0,19,0,19,8,0,8,27
01/23/2023,HUT,KS,ACE,CE,Federal Contract Tower,0,1,5,8,14,0,2,20,0,22,0,3,25,8,36,12,6,18,54
01/24/2023,HUT,KS,ACE,CE,Federal Contract Tower,0,2,0,0,2,0,0,0,0,0,0,2,0,0,2,0,0,0,2
01/25/2023,HUT,KS,ACE,CE,Federal Contract Tower,0,0,10,2,12,0,4,11,2,17,0,4,21,4,29,18,0,18,47
01/26/2023,HUT,KS,ACE,CE,Federal Contract Tower,0,3,15,10,28,0,0,26,0,26,0,3,41,10,54,54,8,62,116
01/27/2023,HUT,KS,ACE,CE,Federal Contract Tower,0,2,7,10,19,0,0,31,8,39,0,2,38,18,58,44,8,52,110
01/28/2023,HUT,KS,ACE,CE,Federal Contract Tower,0,2,1,0,3,0,0,11,0,11,0,2,12,0,14,30,0,30,44
01/29/2023,HUT,KS,ACE,CE,Federal Contract Tower,0,0,5,0,5,0,0,0,0,0,0,0,5,0,5,0,0,0,5
01/30/2023,HUT,KS,ACE,CE,Federal Contract Tower,0,3,10,1,14,0,0,2,1,3,0,3,12,2,17,6,0,6,23
01/31/2023,HUT,KS,ACE,CE,Federal Contract Tower,0,1,3,21,25,0,2,14,5,21,0,3,17,26,46,14,22,36,82
02/01/2023,HUT,KS,ACE,CE,Federal Contract Tower,0,0,9,24,33,0,6,31,2,39,0,6,40,26,72,68,6,74,146
02/02/2023,HUT,KS,ACE,CE,Federal Contract Tower,0,2,1,24,27,0,6,21,8,35,0,8,22,32,62,64,28,92,154
02/03/2023,HUT,KS,ACE,CE,Federal Contract Tower,0,1,9,14,24,0,10,37,0,47,0,11,46,14,71,34,6,40,111
02/04/2023,HUT,KS,ACE,CE,Federal Contract Tower,0,0,2,0,2,0,0,12,2,14,0,0,14,2,16,4,0,4,20
02/05/2023,HUT,KS,ACE,CE,Federal Contract Tower,0,0,5,0,5,0,2,44,0,46,0,2,49,0,51,60,0,60,111
02/06/2023,HUT,KS,ACE,CE,Federal Contract Tower,0,0,10,10,20,0,1,5,2,8,0,1,15,12,28,12,12,24,52
02/07/2023,HUT,KS,ACE,CE,Federal Contract Tower,0,2,5,36,43,0,5,18,0,23,0,7,23,36,66,38,32,70,136
02/08/2023,HUT,KS,ACE,CE,Federal Contract Tower,0,0,2,4,6,0,2,4,0,6,0,2,6,4,12,6,0,6,18
02/09/2023,HUT,KS,ACE,CE,Federal Contract Tower,0,2,0,0,2,0,0,12,0,12,0,2,12,0,14,22,0,22,36
02/10/2023,HUT,KS,ACE,CE,Federal Contract Tower,0,1,6,2,9,0,6,15,6,27,0,7,21,8,36,10,0,10,46
02/11/2023,HUT,KS,ACE,CE,Federal Contract Tower,0,1,1,0,2,0,4,25,0,29,0,5,26,0,31,20,0,20,51
02/12/2023,HUT,KS,ACE,CE,Federal Contract Tower,0,0,3,4,7,0,0,6,0,6,0,0,9,4,13,6,4,10,23
02/13/2023,HUT,KS,ACE,CE,Federal Contract Tower,0,0,3,12,15,0,5,32,4,41,0,5,35,16,56,80,22,102,158
02/14/2023,HUT,KS,ACE,CE,Federal Contract Tower,0,9,11,0,20,0,6,7,0,13,0,15,18,0,33,18,0,18,51
02/15/2023,HUT,KS,ACE,CE,Federal Contract Tower,0,0,8,0,8,0,0,4,4,8,0,0,12,4,16,48,0,48,64
02/16/2023,HUT,KS,ACE,CE,Federal Contract Tower,0,3,3,6,12,0,0,1,0,1,0,3,4,6,13,0,0,0,13
02/17/2023,HUT,KS,ACE,CE,Federal Contract Tower,0,1,5,6,12,0,0,25,0,25,0,1,30,6,37,46,4,50,87
02/18/2023,HUT,KS,ACE,CE,Federal Contract Tower,0,2,1,0,3,0,0,5,0,5,0,2,6,0,8,2,0,2,10
02/19/2023,HUT,KS,ACE,CE,Federal Contract Tower,0,0,6,0,6,0,0,41,0,41,0,0,47,0,47,34,0,34,81
02/20/2023,HUT,KS,ACE,CE,Federal Contract Tower,0,0,8,0,8,0,4,39,6,49,0,4,47,6,57,68,0,68,125
02/21/2023,HUT,KS,ACE,CE,Federal Contract Tower,0,0,12,12,24,0,9,22,0,31,0,9,34,12,55,22,14,36,91
02/22/2023,HUT,KS,ACE,CE,Federal Contract Tower,0,4,0,2,6,0,2,4,6,12,0,6,4,8,18,26,14,40,58
02/23/2023,HUT,KS,ACE,CE,Federal Contract Tower,0,5,4,16,25,0,12,27,14,53,0,17,31,30,78,54,0,54,132
02/24/2023,HUT,KS,ACE,CE,Federal Contract Tower,0,1,8,0,9,0,0,19,0,19,0,1,27,0,28,54,0,54,82
02/25/2023,HUT,KS,ACE,CE,Federal Contract Tower,0,4,1,0,5,0,0,14,0,14,0,4,15,0,19,26,0,26,45
02/26/2023,HUT,KS,ACE,CE,Federal Contract Tower,0,0,0,4,4,0,0,3,0,3,0,0,3,4,7,2,0,2,9
02/27/2023,HUT,KS,ACE,CE,Federal Contract Tower,0,0,5,4,9,0,0,35,6,41,0,0,40,10,50,82,12,94,144
02/28/2023,HUT,KS,ACE,CE,Federal Contract Tower,0,0,5,6,11,0,6,42,0,48,0,6,47,6,59,56,4,60,119
03/01/2023,HUT,KS,ACE,CE,Federal Contract Tower,0,0,6,5,11,0,0,42,1,43,0,0,48,6,54,88,2,90,144
03/02/2023,HUT,KS,ACE,CE,Federal Contract Tower,0,2,3,0,5,0,0,4,0,4,0,2,7,0,9,10,0,10,19
03/03/2023,HUT,KS,ACE,CE,Federal Contract Tower,0,4,1,1,6,0,6,31,3,40,0,10,32,4,46,40,0,40,86
03/04/2023,HUT,KS,ACE,CE,Federal Contract Tower,0,2,2,0,4,0,2,49,0,51,0,4,51,0,55,82,0,82,137
03/05/2023,HUT,KS,ACE,CE,Federal Contract Tower,0,0,2,0,2,0,0,4,0,4,0,0,6,0,6,2,0,2,8
03/06/2023,HUT,KS,ACE,CE,Federal Contract Tower,0,1,7,8,16,0,0,28,4,32,0,1,35,12,48,54,10,64,112
03/07/2023,HUT,KS,ACE,CE,Federal Contract Tower,0,0,10,21,31,0,0,12,3,15,0,0,22,24,46,14,32,46,92
03/08/2023,HUT,KS,ACE,CE,Federal Contract Tower,0,0,1,0,1,0,0,11,0,11,0,0,12,0,12,70,0,70,82
03/09/2023,HUT,KS,ACE,CE,Federal Contract Tower,0,0,8,0,8,0,0,8,0,8,0,0,16,0,16,52,0,52,68
03/10/2023,HUT,KS,ACE,CE,Federal Contract Tower,0,2,7,4,13,0,0,23,2,25,0,2,30,6,38,62,0,62,100
03/11/2023,HUT,KS,ACE,CE,Federal Contract Tower,0,0,4,0,4,0,0,2,0,2,0,0,6,0,6,0,0,0,6
03/12/2023,HUT,KS,ACE,CE,Federal Contract Tower,0,0,3,0,3,0,0,20,0,20,0,0,23,0,23,26,0,26,49
03/13/2023,HUT,KS,ACE,CE,Federal Contract Tower,0,0,6,0,6,0,0,31,0,31,0,0,37,0,37,70,0,70,107
03/14/2023,HUT,KS,ACE,CE,Federal Contract Tower,0,2,6,2,10,0,0,26,0,26,0,2,32,2,36,30,0,30,66
03/15/2023,HUT,KS,ACE,CE,Federal Contract Tower,0,1,9,2,12,0,3,2,0,5,0,4,11,2,17,0,4,4,21
03/16/2023,HUT,KS,ACE,CE,Federal Contract Tower,0,0,2,1,3,0,0,0,0,0,0,0,2,1,3,6,0,6,9
03/17/2023,HUT,KS,ACE,CE,Federal Contract Tower,0,0,11,13,24,0,0,33,0,33,0,0,44,13,57,60,34,94,151
03/18/2023,HUT,KS,ACE,CE,Federal Contract Tower,0,0,7,0,7,0,0,12,0,12,0,0,19,0,19,22,0,22,41
03/19/2023,HUT,KS,ACE,CE,Federal Contract Tower,0,4,13,4,21,0,1,58,0,59,0,5,71,4,80,88,4,92,172
03/20/2023,HUT,KS,ACE,CE,Federal Contract Tower,0,7,1,4,12,0,0,4,2,6,0,7,5,6,18,16,4,20,38
03/21/2023,HUT,KS,ACE,CE,Federal Contract Tower,0,0,7,10,17,0,0,6,0,6,0,0,13,10,23,6,2,8,31
03/22/2023,HUT,KS,ACE,CE,Federal Contract Tower,0,0,16,12,28,0,12,18,6,36,0,12,34,18,64,60,32,92,156
03/23/2023,HUT,KS,ACE,CE,Federal Contract Tower,0,0,6,26,32,0,2,21,5,28,0,2,27,31,60,102,18,120,180
03/24/2023,HUT,KS,ACE,CE,Federal Contract Tower,0,0,11,4,15,0,0,13,0,13,0,0,24,4,28,4,0,4,32
03/25/2023,HUT,KS,ACE,CE,Federal Contract Tower,0,2,2,0,4,0,0,27,0,27,0,2,29,0,31,66,0,66,97
03/26/2023,HUT,KS,ACE,CE,Federal Contract Tower,0,0,4,0,4,0,0,15,0,15,0,0,19,0,19,42,0,42,61
03/27/2023,HUT,KS,ACE,CE,Federal Contract Tower,0,4,6,4,14,0,0,18,0,18,0,4,24,4,32,32,0,32,64
03/28/2023,HUT,KS,ACE,CE,Federal Contract Tower,0,0,4,10,14,0,0,24,0,24,0,0,28,10,38,52,12,64,102
03/29/2023,HUT,KS,ACE,CE,Federal Contract Tower,0,0,3,0,3,0,2,16,0,18,0,2,19,0,21,58,0,58,79
03/30/2023,HUT,KS,ACE,CE,Federal Contract Tower,0,4,1,0,5,0,0,2,0,2,0,4,3,0,7,16,0,16,23
03/31/2023,HUT,KS,ACE,CE,Federal Contract Tower,0,2,11,0,13,0,6,10,0,16,0,8,21,0,29,18,0,18,47
04/01/2023,HUT,KS,ACE,CE,Federal Contract Tower,0,0,2,2,4,0,0,22,6,28,0,0,24,8,32,68,0,68,100
04/02/2023,HUT,KS,ACE,CE,Federal Contract Tower,0,0,0,0,0,0,1,21,0,22,0,1,21,0,22,38,0,38,60
04/03/2023,HUT,KS,ACE,CE,Federal Contract Tower,0,6,5,1,12,0,1,31,3,35,0,7,36,4,47,68,2,70,117
04/04/2023,HUT,KS,ACE,CE,Federal Contract Tower,0,4,0,10,14,0,0,12,0,12,0,4,12,10,26,26,8,34,60
04/05/2023,HUT,KS,ACE,CE,Federal Contract Tower,0,0,7,14,21,0,2,26,0,28,0,2,33,14,49,54,4,58,107
04/06/2023,HUT,KS,ACE,CE,Federal Contract Tower,0,0,3,10,13,0,6,25,2,33,0,6,28,12,46,64,0,64,110
04/07/2023,HUT,KS,ACE,CE,Federal Contract Tower,0,0,7,0,7,0,12,37,1,50,0,12,44,1,57,80,0,80,137
04/08/2023,HUT,KS,ACE,CE,Federal Contract Tower,0,0,2,6,8,0,0,27,0,27,0,0,29,6,35,32,6,38,73
04/09/2023,HUT,KS,ACE,CE,Federal Contract Tower,0,0,2,0,2,0,0,16,0,16,0,0,18,0,18,44,0,44,62
04/10/2023,HUT,KS,ACE,CE,Federal Contract Tower,0,1,4,22,27,0,2,44,0,46,0,3,48,22,73,142,4,146,219
04/11/2023,HUT,KS,ACE,CE,Federal Contract Tower,0,0,3,21,24,0,4,26,1,31,0,4,29,22,55,220,32,252,307
04/12/2023,HUT,KS,ACE,CE,Federal Contract Tower,0,2,8,18,28,0,18,12,16,46,0,20,20,34,74,242,18,260,334
04/13/2023,HUT,KS,ACE,CE,Federal Contract Tower,0,0,7,16,23,0,3,14,9,26,0,3,21,25,49,18,4,22,71
04/14/2023,HUT,KS,ACE,CE,Federal Contract Tower,0,2,8,20,30,0,0,12,0,12,0,2,20,20,42,2,0,2,44
04/15/2023,HUT,KS,ACE,CE,Federal Contract Tower,0,2,4,0,6,0,0,2,0,2,0,2,6,0,8,15,0,15,23
04/16/2023,HUT,KS,ACE,CE,Federal Contract Tower,0,3,4,0,7,0,0,20,0,20,0,3,24,0,27,48,0,48,75
04/17/2023,HUT,KS,ACE,CE,Federal Contract Tower,0,2,10,0,12,0,0,27,0,27,0,2,37,0,39,22,0,22,61
04/18/2023,HUT,KS,ACE,CE,Federal Contract Tower,0,0,6,9,15,0,2,8,1,11,0,2,14,10,26,24,8,32,58
04/19/2023,HUT,KS,ACE,CE,Federal Contract Tower,0,0,8,22,30,0,2,5,0,7,0,2,13,22,37,24,2,26,63
04/20/2023,HUT,KS,ACE,CE,Federal Contract Tower,0,4,6,20,30,0,0,31,2,33,0,4,37,22,63,98,40,138,201
04/21/2023,HUT,KS,ACE,CE,Federal Contract Tower,0,1,9,14,24,0,4,33,1,38,0,5,42,15,62,88,8,96,158
04/22/2023,HUT,KS,ACE,CE,Federal Contract Tower,0,0,10,0,10,0,15,0,0,15,0,15,10,0,25,22,0,22,47
04/23/2023,HUT,KS,ACE,CE,Federal Contract Tower,0,1,7,0,8,0,2,31,0,33,0,3,38,0,41,20,0,20,61
04/24/2023,HUT,KS,ACE,CE,Federal Contract Tower,0,2,3,0,5,0,6,14,0,20,0,8,17,0,25,32,0,32,57
04/25/2023,HUT,KS,ACE,CE,Federal Contract Tower,0,10,3,1,14,0,0,11,1,12,0,10,14,2,26,26,0,26,52
04/26/2023,HUT,KS,ACE,CE,Federal Contract Tower,0,1,13,2,16,0,19,13,0,32,0,20,26,2,48,36,2,38,86
04/27/2023,HUT,KS,ACE,CE,Federal Contract Tower,0,9,16,53,78,0,0,23,2,25,0,9,39,55,103,78,68,146,249
04/28/2023,HUT,KS,ACE,CE,Federal Contract Tower,0,10,6,0,16,0,0,6,0,6,0,10,12,0,22,146,0,146,168
04/29/2023,HUT,KS,ACE,CE,Federal Contract Tower,0,2,7,0,9,0,2,22,0,24,0,4,29,0,33,42,0,42,75
04/30/2023,HUT,KS,ACE,CE,Federal Contract Tower,0,0,2,0,2,0,0,24,0,24,0,0,26,0,26,30,0,30,56
05/01/2023,HUT,KS,ACE,CE,Federal Contract Tower,0,3,6,0,9,0,0,43,0,43,0,3,49,0,52,78,0,78,130
05/02/2023,HUT,KS,ACE,CE,Federal Contract Tower,0,1,10,16,27,0,7,46,0,53,0,8,56,16,80,102,14,116,196
05/03/2023,HUT,KS,ACE,CE,Federal Contract Tower,0,1,9,8,18,0,2,36,0,38,0,3,45,8,56,74,10,84,140
05/04/2023,HUT,KS,ACE,CE,Federal Contract Tower,0,0,9,5,14,0,0,8,0,8,0,0,17,5,22,34,2,36,58
05/05/2023,HUT,KS,ACE,CE,Federal Contract Tower,0,0,19,0,19,0,0,0,0,0,0,0,19,0,19,60,0,60,79
05/06/2023,HUT,KS,ACE,CE,Federal Contract Tower,0,0,7,0,7,0,0,21,0,21,0,0,28,0,28,36,0,36,64
05/07/2023,HUT,KS,ACE,CE,Federal Contract Tower,0,0,6,2,8,0,0,8,2,10,0,0,14,4,18,11,12,23,41
05/08/2023,HUT,KS,ACE,CE,Federal Contract Tower,0,0,7,6,13,0,6,27,0,33,0,6,34,6,46,54,6,60,106
05/09/2023,HUT,KS,ACE,CE,Federal Contract Tower,0,0,10,0,10,0,0,14,0,14,0,0,24,0,24,22,0,22,46
05/10/2023,HUT,KS,ACE,CE,Federal Contract Tower,0,8,6,8,22,0,6,15,4,25,0,14,21,12,47,36,18,54,101
05/11/2023,HUT,KS,ACE,CE,Federal Contract Tower,0,2,8,0,10,0,0,16,0,16,0,2,24,0,26,44,0,44,70
05/12/2023,HUT,KS,ACE,CE,Federal Contract Tower,0,2,7,2,11,0,4,34,0,38,0,6,41,2,49,98,0,98,147
05/13/2023,HUT,KS,ACE,CE,Federal Contract Tower,0,1,5,2,8,0,1,35,0,36,0,2,40,2,44,66,6,72,116
05/14/2023,HUT,KS,ACE,CE,Federal Contract Tower,0,2,0,2,4,0,4,3,0,7,0,6,3,2,11,26,0,26,37
05/15/2023,HUT,KS,ACE,CE,Federal Contract Tower,0,0,3,2,5,0,0,1,0,1,0,0,4,2,6,0,0,0,6
05/16/2023,HUT,KS,ACE,CE,Federal Contract Tower,0,1,28,2,31,0,0,20,0,20,0,1,48,2,51,58,0,58,109
05/17/2023,HUT,KS,ACE,CE,Federal Contract Tower,0,1,9,11,21,0,4,27,1,32,0,5,36,12,53,64,14,78,131
05/18/2023,HUT,KS,ACE,CE,Federal Contract Tower,0,1,1,4,6,0,0,14,1,15,0,1,15,5,21,14,10,24,45
05/19/2023,HUT,KS,ACE,CE,Federal Contract Tower,0,2,3,22,27,0,0,10,9,19,0,2,13,31,46,6,24,30,76
05/20/2023,HUT,KS,ACE,CE,Federal Contract Tower,0,4,4,6,14,0,0,42,0,42,0,4,46,6,56,2,6,8,64
05/21/2023,HUT,KS,ACE,CE,Federal Contract Tower,0,4,5,0,9,0,4,25,0,29,0,8,30,0,38,22,0,22,60
05/22/2023,HUT,KS,ACE,CE,Federal Contract Tower,0,0,6,34,40,0,7,25,12,44,0,7,31,46,84,30,54,84,168
05/23/2023,HUT,KS,ACE,CE,Federal Contract Tower,0,6,11,16,33,0,0,24,8,32,0,6,35,24,65,60,20,80,145
05/24/2023,HUT,KS,ACE,CE,Federal Contract Tower,0,3,3,28,34,0,0,27,2,29,0,3,30,30,63,44,44,88,151
05/25/2023,HUT,KS,ACE,CE,Federal Contract Tower,0,2,4,0,6,0,0,31,0,31,0,2,35,0,37,52,0,52,89
05/26/2023,HUT,KS,ACE,CE,Federal Contract Tower,0,6,9,0,15,0,7,22,0,29,0,13,31,0,44,92,0,92,136
05/27/2023,HUT,KS,ACE,CE,Federal Contract Tower,0,0,7,0,7,0,2,30,0,32,0,2,37,0,39,42,0,42,81
05/28/2023,HUT,KS,ACE,CE,Federal Contract Tower,0,0,3,0,3,0,2,4,0,6,0,2,7,0,9,2,0,2,11
05/29/2023,HUT,KS,ACE,CE,Federal Contract Tower,0,0,6,0,6,0,0,16,0,16,0,0,22,0,22,4,0,4,26
05/30/2023,HUT,KS,ACE,CE,Federal Contract Tower,0,0,10,9,19,0,0,21,1,22,0,0,31,10,41,54,14,68,109
05/31/2023,HUT,KS,ACE,CE,Federal Contract Tower,0,0,7,5,12,0,0,18,1,19,0,0,25,6,31,104,0,104,135
06/01/2023,HUT,KS,ACE,CE,Federal Contract Tower,0,3,6,0,9,0,0,11,0,11,0,3,17,0,20,32,0,32,52
06/02/2023,HUT,KS,ACE,CE,Federal Contract Tower,0,4,6,0,10,0,2,19,0,21,0,6,25,0,31,40,0,40,71
06/03/2023,HUT,KS,ACE,CE,Federal Contract Tower,0,1,1,0,2,0,0,25,0,25,0,1,26,0,27,28,0,28,55
06/04/2023,HUT,KS,ACE,CE,Federal Contract Tower,0,0,5,0,5,0,0,25,0,25,0,0,30,0,30,42,0,42,72
06/05/2023,HUT,KS,ACE,CE,Federal Contract Tower,0,2,6,0,8,0,2,18,0,20,0,4,24,0,28,46,0,46,74
06/06/2023,HUT,KS,ACE,CE,Federal Contract Tower,0,2,5,0,7,0,10,25,0,35,0,12,30,0,42,62,0,62,104
06/07/2023,HUT,KS,ACE,CE,Federal Contract Tower,0,1,15,1,17,0,0,28,1,29,0,1,43,2,46,50,0,50,96
06/08/2023,HUT,KS,ACE,CE,Federal Contract Tower,0,2,6,5,13,0,8,14,2,24,0,10,20,7,37,38,4,42,79
06/09/2023,HUT,KS,ACE,CE,Federal Contract Tower,0,2,4,0,6,0,4,18,0,22,0,6,22,0,28,78,0,78,106
06/10/2023,HUT,KS,ACE,CE,Federal Contract Tower,0,1,2,10,13,0,2,16,4,22,0,3,18,14,35,40,14,54,89
06/11/2023,HUT,KS,ACE,CE,Federal Contract Tower,0,2,7,4,13,0,2,7,0,9,0,4,14,4,22,14,0,14,36
06/12/2023,HUT,KS,ACE,CE,Federal Contract Tower,0,3,14,23,40,0,0,30,5,35,0,3,44,28,75,58,44,102,177
06/13/2023,HUT,KS,ACE,CE,Federal Contract Tower,0,1,3,18,22,0,4,27,14,45,0,5,30,32,67,66,8,74,141
06/14/2023,HUT,KS,ACE,CE,Federal Contract Tower,0,4,6,16,26,0,4,19,0,23,0,8,25,16,49,30,18,48,97
06/15/2023,HUT,KS,ACE,CE,Federal Contract Tower,0,0,8,3,11,0,4,26,4,34,0,4,34,7,45,106,18,124,169
06/16/2023,HUT,KS,ACE,CE,Federal Contract Tower,0,4,8,9,21,0,2,21,1,24,0,6,29,10,45,40,24,64,109
06/17/2023,HUT,KS,ACE,CE,Federal Contract Tower,0,6,0,6,12,0,0,11,2,13,0,6,11,8,25,14,4,18,43
06/18/2023,HUT,KS,ACE,CE,Federal Contract Tower,0,1,3,0,4,0,0,16,0,16,0,1,19,0,20,16,0,16,36
06/19/2023,HUT,KS,ACE,CE,Federal Contract Tower,0,0,3,0,3,0,0,21,0,21,0,0,24,0,24,36,0,36,60
06/20/2023,HUT,KS,ACE,CE,Federal Contract Tower,0,6,15,14,35,0,0,50,2,52,0,6,65,16,87,86,2,88,175
06/21/2023,HUT,KS,ACE,CE,Federal Contract Tower,0,0,4,0,4,0,0,4,0,4,0,0,8,0,8,0,0,0,8
06/22/2023,HUT,KS,ACE,CE,Federal Contract Tower,0,0,3,31,34,0,5,44,0,49,0,5,47,31,83,48,58,106,189
06/23/2023,HUT,KS,ACE,CE,Federal Contract Tower,0,2,11,6,19,0,20,22,0,42,0,22,33,6,61,58,2,60,121
06/24/2023,HUT,KS,ACE,CE,Federal Contract Tower,0,0,2,0,2,0,0,19,0,19,0,0,21,0,21,38,0,38,59
06/25/2023,HUT,KS,ACE,CE,Federal Contract Tower,0,0,1,6,7,0,2,32,0,34,0,2,33,6,41,78,0,78,119
06/26/2023,HUT,KS,ACE,CE,Federal Contract Tower,0,3,9,16,28,0,10,46,0,56,0,13,55,16,84,114,18,132,216
06/27/2023,HUT,KS,ACE,CE,Federal Contract Tower,0,0,4,2,6,0,5,23,0,28,0,5,27,2,34,86,2,88,122
06/28/2023,HUT,KS,ACE,CE,Federal Contract Tower,0,0,1,12,13,0,14,23,2,39,0,14,24,14,52,64,2,66,118
06/29/2023,HUT,KS,ACE,CE,Federal Contract Tower,0,4,9,3,16,0,2,25,1,28,0,6,34,4,44,90,0,90,134
06/30/2023,HUT,KS,ACE,CE,Federal Contract Tower,0,8,5,37,50,0,3,25,4,32,0,11,30,41,82,58,14,72,154
07/01/2023,HUT,KS,ACE,CE,Federal Contract Tower,0,0,1,0,1,0,0,23,0,23,0,0,24,0,24,30,0,30,54
07/02/2023,HUT,KS,ACE,CE,Federal Contract Tower,0,0,7,0,7,0,4,21,0,25,0,4,28,0,32,76,0,76,108
07/03/2023,HUT,KS,ACE,CE,Federal Contract Tower,0,0,4,0,4,0,0,21,0,21,0,0,25,0,25,52,0,52,77
07/04/2023,HUT,KS,ACE,CE,Federal Contract Tower,0,0,0,0,0,0,0,7,0,7,0,0,7,0,7,14,0,14,21
07/05/2023,HUT,KS,ACE,CE,Federal Contract Tower,0,0,4,0,4,0,0,10,0,10,0,0,14,0,14,38,0,38,52
07/06/2023,HUT,KS,ACE,CE,Federal Contract Tower,0,3,8,14,25,0,0,20,0,20,0,3,28,14,45,56,18,74,119
07/07/2023,HUT,KS,ACE,CE,Federal Contract Tower,0,0,9,0,9,0,0,13,0,13,0,0,22,0,22,24,0,24,46
07/08/2023,HUT,KS,ACE,CE,Federal Contract Tower,0,2,2,0,4,0,1,10,0,11,0,3,12,0,15,30,0,30,45
07/09/2023,HUT,KS,ACE,CE,Federal Contract Tower,0,1,3,0,4,0,2,39,0,41,0,3,42,0,45,276,0,276,321
07/10/2023,HUT,KS,ACE,CE,Federal Contract Tower,0,1,3,14,18,0,2,24,6,32,0,3,27,20,50,112,4,116,166
07/11/2023,HUT,KS,ACE,CE,Federal Contract Tower,0,0,8,2,10,0,0,48,7,55,0,0,56,9,65,108,14,122,187
07/12/2023,HUT,KS,ACE,CE,Federal Contract Tower,0,0,9,7,16,0,2,19,3,24,0,2,28,10,40,52,30,82,122
07/13/2023,HUT,KS,ACE,CE,Federal Contract Tower,0,4,7,4,15,0,0,32,7,39,0,4,39,11,54,36,2,38,92
07/14/2023,HUT,KS,ACE,CE,Federal Contract Tower,0,3,5,10,18,0,1,23,2,26,0,4,28,12,44,34,0,34,78
07/15/2023,HUT,KS,ACE,CE,Federal Contract Tower,0,0,2,2,4,0,2,37,0,39,0,2,39,2,43,32,0,32,75
07/16/2023,HUT,KS,ACE,CE,Federal Contract Tower,0,0,8,0,8,0,0,34,0,34,0,0,42,0,42,56,0,56,98
07/17/2023,HUT,KS,ACE,CE,Federal Contract Tower,0,2,3,0,5,0,2,26,8,36,0,4,29,8,41,62,4,66,107
07/18/2023,HUT,KS,ACE,CE,Federal Contract Tower,0,0,6,0,6,0,0,13,0,13,0,0,19,0,19,52,0,52,71
07/19/2023,HUT,KS,ACE,CE,Federal Contract Tower,0,0,20,8,28,0,2,8,0,10,0,2,28,8,38,32,0,32,70
07/20/2023,HUT,KS,ACE,CE,Federal Contract Tower,0,3,6,0,9,0,0,30,2,32,0,3,36,2,41,66,14,80,121
07/21/2023,HUT,KS,ACE,CE,Federal Contract Tower,0,2,5,2,9,0,8,21,1,30,0,10,26,3,39,76,0,76,115
07/22/2023,HUT,KS,ACE,CE,Federal Contract Tower,0,0,3,0,3,0,0,24,0,24,0,0,27,0,27,68,0,68,95
07/23/2023,HUT,KS,ACE,CE,Federal Contract Tower,0,3,11,0,14,0,0,20,0,20,0,3,31,0,34,52,0,52,86
07/24/2023,HUT,KS,ACE,CE,Federal Contract Tower,0,3,5,2,10,0,3,16,0,19,0,6,21,2,29,26,2,28,57
07/25/2023,HUT,KS,ACE,CE,Federal Contract Tower,0,0,3,6,9,0,0,31,0,31,0,0,34,6,40,44,0,44,84
07/26/2023,HUT,KS,ACE,CE,Federal Contract Tower,0,0,3,4,7,0,0,39,4,43,0,0,42,8,50,74,6,80,130
07/27/2023,HUT,KS,ACE,CE,Federal Contract Tower,0,2,3,1,6,0,0,19,0,19,0,2,22,1,25,50,6,56,81
07/28/2023,HUT,KS,ACE,CE,Federal Contract Tower,0,2,11,11,24,0,1,20,1,22,0,3,31,12,46,26,10,36,82
07/29/2023,HUT,KS,ACE,CE,Federal Contract Tower,0,0,3,0,3,0,0,13,0,13,0,0,16,0,16,12,0,12,28
07/30/2023,HUT,KS,ACE,CE,Federal Contract Tower,0,4,6,5,15,0,2,18,0,20,0,6,24,5,35,12,8,20,55
07/31/2023,HUT,KS,ACE,CE,Federal Contract Tower,0,0,4,24,28,0,0,15,4,19,0,0,19,28,47,24,16,40,87
08/01/2023,HUT,KS,ACE,CE,Federal Contract Tower,0,1,6,12,19,0,0,22,6,28,0,1,28,18,47,136,44,180,227
08/02/2023,HUT,KS,ACE,CE,Federal Contract Tower,0,3,5,4,12,0,0,8,0,8,0,3,13,4,20,0,0,0,20
08/03/2023,HUT,KS,ACE,CE,Federal Contract Tower,0,0,14,4,18,0,2,17,0,19,0,2,31,4,37,44,6,50,87
08/04/2023,HUT,KS,ACE,CE,Federal Contract Tower,0,6,6,8,20,0,2,22,0,24,0,8,28,8,44,68,0,68,112
08/05/2023,HUT,KS,ACE,CE,Federal Contract Tower,0,1,0,0,1,0,0,20,0,20,0,1,20,0,21,22,0,22,43
08/06/2023,HUT,KS,ACE,CE,Federal Contract Tower,0,0,1,0,1,0,2,12,0,14,0,2,13,0,15,26,0,26,41
08/07/2023,HUT,KS,ACE,CE,Federal Contract Tower,0,1,6,20,27,0,0,22,4,26,0,1,28,24,53,38,18,56,109
08/08/2023,HUT,KS,ACE,CE,Federal Contract Tower,0,1,6,12,19,0,3,22,2,27,0,4,28,14,46,48,22,70,116
08/09/2023,HUT,KS,ACE,CE,Federal Contract Tower,0,6,11,0,17,0,0,7,0,7,0,6,18,0,24,4,0,4,28
08/10/2023,HUT,KS,ACE,CE,Federal Contract Tower,0,2,10,10,22,0,0,33,0,33,0,2,43,10,55,80,2,82,137
08/11/2023,HUT,KS,ACE,CE,Federal Contract Tower,0,1,1,0,2,0,0,26,0,26,0,1,27,0,28,28,0,28,56
08/12/2023,HUT,KS,ACE,CE,Federal Contract Tower,0,0,3,0,3,0,0,23,0,23,0,0,26,0,26,32,0,32,58
08/13/2023,HUT,KS,ACE,CE,Federal Contract Tower,0,1,8,0,9,0,0,11,0,11,0,1,19,0,20,16,0,16,36
08/14/2023,HUT,KS,ACE,CE,Federal Contract Tower,0,1,8,8,17,0,0,25,0,25,0,1,33,8,42,46,18,64,106
08/15/2023,HUT,KS,ACE,CE,Federal Contract Tower,0,1,14,8,23,0,0,36,6,42,0,1,50,14,65,114,14,128,193
08/16/2023,HUT,KS,ACE,CE,Federal Contract Tower,0,6,4,22,32,0,0,24,4,28,0,6,28,26,60,70,18,88,148
08/17/2023,HUT,KS,ACE,CE,Federal Contract Tower,0,5,8,13,26,0,0,27,6,33,0,5,35,19,59,86,26,112,171
08/18/2023,HUT,KS,ACE,CE,Federal Contract Tower,0,1,4,0,5,0,6,29,0,35,0,7,33,0,40,104,0,104,144
08/19/2023,HUT,KS,ACE,CE,Federal Contract Tower,0,0,1,6,7,0,2,17,4,23,0,2,18,10,30,30,6,36,66
08/20/2023,HUT,KS,ACE,CE,Federal Contract Tower,0,0,4,6,10,0,0,15,0,15,0,0,19,6,25,34,0,34,59
08/21/2023,HUT,KS,ACE,CE,Federal Contract Tower,0,1,8,12,21,0,7,12,4,23,0,8,20,16,44,54,0,54,98
08/22/2023,HUT,KS,ACE,CE,Federal Contract Tower,0,2,4,0,6,0,4,29,0,33,0,6,33,0,39,132,0,132,171
08/23/2023,HUT,KS,ACE,CE,Federal Contract Tower,0,2,14,2,18,0,0,18,0,18,0,2,32,2,36,56,2,58,94
08/24/2023,HUT,KS,ACE,CE,Federal Contract Tower,0,0,8,14,22,0,4,27,0,31,0,4,35,14,53,136,0,136,189
08/25/2023,HUT,KS,ACE,CE,Federal Contract Tower,0,0,9,0,9,0,8,39,0,47,0,8,48,0,56,94,0,94,150
08/26/2023,HUT,KS,ACE,CE,Federal Contract Tower,0,0,16,0,16,0,4,4,6,14,0,4,20,6,30,12,0,12,42
08/27/2023,HUT,KS,ACE,CE,Federal Contract Tower,0,2,4,6,12,0,2,28,0,30,0,4,32,6,42,52,0,52,94
08/28/2023,HUT,KS,ACE,CE,Federal Contract Tower,0,0,9,2,11,0,0,33,0,33,0,0,42,2,44,60,0,60,104
08/29/2023,HUT,KS,ACE,CE,Federal Contract Tower,0,0,3,0,3,0,0,40,0,40,0,0,43,0,43,74,0,74,117
08/30/2023,HUT,KS,ACE,CE,Federal Contract Tower,0,7,6,4,17,0,14,17,12,43,0,21,23,16,60,38,22,60,120
08/31/2023,HUT,KS,ACE,CE,Federal Contract Tower,0,0,10,6,16,0,2,25,2,29,0,2,35,8,45,66,0,66,111
01/01/2020,HUT,KS,ACE,CE,Federal Contract Tower,0,0,1,0,1,0,0,1,0,1,0,0,2,0,2,0,0,0,2
01/02/2020,HUT,KS,ACE,CE,Federal Contract Tower,0,1,4,0,5,0,0,17,0,17,0,1,21,0,22,72,0,72,94
01/03/2020,HUT,KS,ACE,CE,Federal Contract Tower,0,0,1,4,5,0,0,31,0,31,0,0,32,4,36,54,0,54,90
01/04/2020,HUT,KS,ACE,CE,Federal Contract Tower,0,0,7,0,7,0,0,19,0,19,0,0,26,0,26,34,0,34,60
01/05/2020,HUT,KS,ACE,CE,Federal Contract Tower,0,0,2,0,2,0,0,25,0,25,0,0,27,0,27,32,0,32,59
01/06/2020,HUT,KS,ACE,CE,Federal Contract Tower,0,0,6,0,6,0,0,13,0,13,0,0,19,0,19,0,0,0,19
01/07/2020,HUT,KS,ACE,CE,Federal Contract Tower,0,0,4,6,10,0,0,6,0,6,0,0,10,6,16,12,18,30,46
01/08/2020,HUT,KS,ACE,CE,Federal Contract Tower,0,0,4,0,4,0,4,13,0,17,0,4,17,0,21,26,0,26,47
01/09/2020,HUT,KS,ACE,CE,Federal Contract Tower,0,0,5,4,9,0,1,18,4,23,0,1,23,8,32,30,0,30,62
01/10/2020,HUT,KS,ACE,CE,Federal Contract Tower,0,0,4,0,4,0,0,0,0,0,0,0,4,0,4,8,0,8,12
01/11/2020,HUT,KS,ACE,CE,Federal Contract Tower,0,0,0,0,0,0,0,10,0,10,0,0,10,0,10,4,0,4,14
01/12/2020,HUT,KS,ACE,CE,Federal Contract Tower,0,4,0,0,4,0,0,1,0,1,0,4,1,0,5,0,0,0,5
01/13/2020,HUT,KS,ACE,CE,Federal Contract Tower,0,0,4,0,4,0,0,0,0,0,0,0,4,0,4,0,0,0,4
01/14/2020,HUT,KS,ACE,CE,Federal Contract Tower,0,0,11,0,11,0,0,2,0,2,0,0,13,0,13,8,0,8,21
01/15/2020,HUT,KS,ACE,CE,Federal Contract Tower,0,0,9,0,9,0,4,22,0,26,0,4,31,0,35,26,0,26,61
01/16/2020,HUT,KS,ACE,CE,Federal Contract Tower,0,2,6,2,10,0,0,23,0,23,0,2,29,2,33,56,0,56,89
01/17/2020,HUT,KS,ACE,CE,Federal Contract Tower,0,0,2,0,2,0,0,0,0,0,0,0,2,0,2,0,0,0,2
01/18/2020,HUT,KS,ACE,CE,Federal Contract Tower,0,0,5,0,5,0,0,4,0,4,0,0,9,0,9,6,0,6,15
01/19/2020,HUT,KS,ACE,CE,Federal Contract Tower,0,1,9,7,17,0,0,37,8,45,0,1,46,15,62,68,20,88,150
01/20/2020,HUT,KS,ACE,CE,Federal Contract Tower,0,1,4,0,5,0,0,28,0,28,0,1,32,0,33,10,0,10,43
01/21/2020,HUT,KS,ACE,CE,Federal Contract Tower,0,2,3,2,7,0,0,21,0,21,0,2,24,2,28,22,0,22,50
01/22/2020,HUT,KS,ACE,CE,Federal Contract Tower,0,1,2,0,3,0,0,0,0,0,0,1,2,0,3,0,0,0,3
01/23/2020,HUT,KS,ACE,CE,Federal Contract Tower,0,0,5,2,7,0,0,10,0,10,0,0,15,2,17,30,8,38,55
01/24/2020,HUT,KS,ACE,CE,Federal Contract Tower,0,2,11,8,21,0,0,14,0,14,0,2,25,8,35,40,0,40,75
01/25/2020,HUT,KS,ACE,CE,Federal Contract Tower,0,0,3,0,3,0,13,22,0,35,0,13,25,0,38,32,0,32,70
01/26/2020,HUT,KS,ACE,CE,Federal Contract Tower,0,0,5,0,5,0,2,40,0,42,0,2,45,0,47,38,0,38,85
01/27/2020,HUT,KS,ACE,CE,Federal Contract Tower,0,4,6,0,10,0,0,17,0,17,0,4,23,0,27,20,0,20,47
01/28/2020,HUT,KS,ACE,CE,Federal Contract Tower,0,0,0,0,0,0,0,0,0,0,0,0,0,0,0,0,0,0,0
01/29/2020,HUT,KS,ACE,CE,Federal Contract Tower,0,2,8,3,13,0,0,5,1,6,0,2,13,4,19,6,2,8,27
01/30/2020,HUT,KS,ACE,CE,Federal Contract Tower,0,0,2,0,2,0,0,10,0,10,0,0,12,0,12,22,0,22,34
01/31/2020,HUT,KS,ACE,CE,Federal Contract Tower,0,0,6,2,8,0,0,32,0,32,0,0,38,2,40,64,0,64,104
02/01/2020,HUT,KS,ACE,CE,Federal Contract Tower,0,2,9,0,11,0,12,26,0,38,0,14,35,0,49,52,0,52,101
02/02/2020,HUT,KS,ACE,CE,Federal Contract Tower,0,0,6,10,16,0,0,16,2,18,0,0,22,12,34,28,34,62,96
02/03/2020,HUT,KS,ACE,CE,Federal Contract Tower,0,0,11,0,11,0,0,1,0,1,0,0,12,0,12,0,0,0,12
02/04/2020,HUT,KS,ACE,CE,Federal Contract Tower,0,0,2,0,2,0,0,1,2,3,0,0,3,2,5,10,0,10,15
02/05/2020,HUT,KS,ACE,CE,Federal Contract Tower,0,0,9,0,9,0,4,5,0,9,0,4,14,0,18,38,0,38,56
02/06/2020,HUT,KS,ACE,CE,Federal Contract Tower,0,2,6,6,14,0,2,19,0,21,0,4,25,6,35,50,20,70,105
02/07/2020,HUT,KS,ACE,CE,Federal Contract Tower,0,0,6,2,8,0,6,11,0,17,0,6,17,2,25,22,0,22,47
02/08/2020,HUT,KS,ACE,CE,Federal Contract Tower,0,0,5,2,7,0,6,36,0,42,0,6,41,2,49,38,0,38,87
02/09/2020,HUT,KS,ACE,CE,Federal Contract Tower,0,0,5,11,16,0,1,5,4,10,0,1,10,15,26,6,14,20,46
02/10/2020,HUT,KS,ACE,CE,Federal Contract Tower,0,2,15,0,17,0,2,14,0,16,0,4,29,0,33,12,0,12,45
02/11/2020,HUT,KS,ACE,CE,Federal Contract Tower,0,0,5,0,5,0,4,8,0,12,0,4,13,0,17,16,0,16,33
02/12/2020,HUT,KS,ACE,CE,Federal Contract Tower,0,0,0,0,0,0,0,0,0,0,0,0,0,0,0,0,0,0,0
02/13/2020,HUT,KS,ACE,CE,Federal Contract Tower,0,0,6,4,10,0,0,25,0,25,0,0,31,4,35,28,10,38,73
02/14/2020,HUT,KS,ACE,CE,Federal Contract Tower,0,0,7,2,9,0,0,17,0,17,0,0,24,2,26,24,0,24,50
02/15/2020,HUT,KS,ACE,CE,Federal Contract Tower,0,3,7,0,10,0,0,21,0,21,0,3,28,0,31,36,0,36,67
02/16/2020,HUT,KS,ACE,CE,Federal Contract Tower,0,0,1,0,1,0,0,38,0,38,0,0,39,0,39,50,0,50,89
02/17/2020,HUT,KS,ACE,CE,Federal Contract Tower,0,0,5,0,5,0,3,11,0,14,0,3,16,0,19,28,0,28,47
02/18/2020,HUT,KS,ACE,CE,Federal Contract Tower,0,2,8,3,13,0,0,8,1,9,0,2,16,4,22,10,0,10,32
02/19/2020,HUT,KS,ACE,CE,Federal Contract Tower,0,0,13,2,15,0,2,8,0,10,0,2,21,2,25,28,8,36,61
02/20/2020,HUT,KS,ACE,CE,Federal Contract Tower,0,0,6,2,8,0,2,13,0,15,0,2,19,2,23,30,0,30,53
02/21/2020,HUT,KS,ACE,CE,Federal Contract Tower,0,0,4,0,4,0,0,29,2,31,0,0,33,2,35,74,0,74,109
02/22/2020,HUT,KS,ACE,CE,Federal Contract Tower,0,0,7,0,7,0,3,17,0,20,0,3,24,0,27,8,0,8,35
02/23/2020,HUT,KS,ACE,CE,Federal Contract Tower,0,1,3,0,4,0,2,1,0,3,0,3,4,0,7,0,0,0,7
02/24/2020,HUT,KS,ACE,CE,Federal Contract Tower,0,0,3,0,3,0,0,15,0,15,0,0,18,0,18,36,0,36,54
02/25/2020,HUT,KS,ACE,CE,Federal Contract Tower,0,0,0,0,0,0,0,0,0,0,0,0,0,0,0,0,0,0,0
02/26/2020,HUT,KS,ACE,CE,Federal Contract Tower,0,1,11,7,19,0,0,25,3,28,0,1,36,10,47,60,14,74,121
02/27/2020,HUT,KS,ACE,CE,Federal Contract Tower,0,2,6,0,8,0,2,19,0,21,0,4,25,0,29,44,0,44,73
02/28/2020,HUT,KS,ACE,CE,Federal Contract Tower,0,0,3,8,11,0,0,20,0,20,0,0,23,8,31,22,0,22,53
02/29/2020,HUT,KS,ACE,CE,Federal Contract Tower,0,0,2,0,2,0,4,17,0,21,0,4,19,0,23,58,0,58,81
03/01/2020,HUT,KS,ACE,CE,Federal Contract Tower,0,0,0,8,8,0,0,48,8,56,0,0,48,16,64,58,28,86,150
03/02/2020,HUT,KS,ACE,CE,Federal Contract Tower,0,0,3,0,3,0,2,13,8,23,0,2,16,8,26,14,0,14,40
03/03/2020,HUT,KS,ACE,CE,Federal Contract Tower,0,0,3,4,7,0,2,32,2,36,0,2,35,6,43,20,12,32,75
03/04/2020,HUT,KS,ACE,CE,Federal Contract Tower,0,0,3,5,8,0,2,25,11,38,0,2,28,16,46,52,12,64,110
03/05/2020,HUT,KS,ACE,CE,Federal Contract Tower,0,2,6,0,8,0,1,26,0,27,0,3,32,0,35,28,0,28,63
03/06/2020,HUT,KS,ACE,CE,Federal Contract Tower,0,0,7,5,12,0,2,28,0,30,0,2,35,5,42,64,0,64,106
03/07/2020,HUT,KS,ACE,CE,Federal Contract Tower,0,0,0,0,0,0,0,8,0,8,0,0,8,0,8,4,0,4,12
03/08/2020,HUT,KS,ACE,CE,Federal Contract Tower,0,0,2,0,2,0,1,11,0,12,0,1,13,0,14,2,0,2,16
03/09/2020,HUT,KS,ACE,CE,Federal Contract Tower,0,0,12,0,12,0,0,0,0,0,0,0,12,0,12,10,0,10,22
03/10/2020,HUT,KS,ACE,CE,Federal Contract Tower,0,0,3,0,3,0,0,6,0,6,0,0,9,0,9,14,0,14,23
03/11/2020,HUT,KS,ACE,CE,Federal Contract Tower,0,0,7,6,13,0,2,32,0,34,0,2,39,6,47,74,52,126,173
03/12/2020,HUT,KS,ACE,CE,Federal Contract Tower,0,0,10,19,29,0,1,20,1,22,0,1,30,20,51,38,8,46,97
03/13/2020,HUT,KS,ACE,CE,Federal Contract Tower,0,0,5,0,5,0,0,1,0,1,0,0,6,0,6,8,0,8,14
03/14/2020,HUT,KS,ACE,CE,Federal Contract Tower,0,0,1,0,1,0,0,0,0,0,0,0,1,0,1,0,0,0,1
03/15/2020,HUT,KS,ACE,CE,Federal Contract Tower,0,0,4,0,4,0,0,0,0,0,0,0,4,0,4,0,0,0,4
03/16/2020,HUT,KS,ACE,CE,Federal Contract Tower,0,0,2,4,6,0,0,0,0,0,0,0,2,4,6,0,6,6,12
03/17/2020,HUT,KS,ACE,CE,Federal Contract Tower,0,2,5,0,7,0,0,0,0,0,0,2,5,0,7,0,0,0,7
03/18/2020,HUT,KS,ACE,CE,Federal Contract Tower,0,4,1,2,7,0,2,7,0,9,0,6,8,2,16,10,4,14,30
03/19/2020,HUT,KS,ACE,CE,Federal Contract Tower,0,1,7,2,10,0,0,3,0,3,0,1,10,2,13,16,16,32,45
03/20/2020,HUT,KS,ACE,CE,Federal Contract Tower,0,0,8,0,8,0,0,14,0,14,0,0,22,0,22,30,0,30,52
03/21/2020,HUT,KS,ACE,CE,Federal Contract Tower,0,0,10,4,14,0,0,23,0,23,0,0,33,4,37,6,4,10,47
03/22/2020,HUT,KS,ACE,CE,Federal Contract Tower,0,0,0,0,0,0,0,0,0,0,0,0,0,0,0,0,0,0,0
03/23/2020,HUT,KS,ACE,CE,Federal Contract Tower,0,0,4,0,4,0,0,4,0,4,0,0,8,0,8,16,0,16,24
03/24/2020,HUT,KS,ACE,CE,Federal Contract Tower,0,0,9,6,15,0,0,1,0,1,0,0,10,6,16,2,0,2,18
03/25/2020,HUT,KS,ACE,CE,Federal Contract Tower,0,0,5,4,9,0,0,16,0,16,0,0,21,4,25,22,8,30,55
03/26/2020,HUT,KS,ACE,CE,Federal Contract Tower,0,0,4,4,8,0,0,3,2,5,0,0,7,6,13,8,14,22,35
03/27/2020,HUT,KS,ACE,CE,Federal Contract Tower,0,0,2,0,2,0,0,6,4,10,0,0,8,4,12,18,0,18,30
03/28/2020,HUT,KS,ACE,CE,Federal Contract Tower,0,0,1,0,1,0,0,0,0,0,0,0,1,0,1,0,0,0,1
03/29/2020,HUT,KS,ACE,CE,Federal Contract Tower,0,2,2,0,4,0,0,23,0,23,0,2,25,0,27,14,0,14,41
03/30/2020,HUT,KS,ACE,CE,Federal Contract Tower,0,0,2,0,2,0,0,3,0,3,0,0,5,0,5,0,0,0,5
03/31/2020,HUT,KS,ACE,CE,Federal Contract Tower,0,0,2,4,6,0,0,8,0,8,0,0,10,4,14,14,8,22,36
04/01/2020,HUT,KS,ACE,CE,Federal Contract Tower,0,1,5,0,6,0,0,9,0,9,0,1,14,0,15,14,0,14,29
04/02/2020,HUT,KS,ACE,CE,Federal Contract Tower,0,1,2,0,3,0,0,3,0,3,0,1,5,0,6,20,0,20,26
04/03/2020,HUT,KS,ACE,CE,Federal Contract Tower,0,0,2,4,6,0,0,5,0,5,0,0,7,4,11,8,8,16,27
04/04/2020,HUT,KS,ACE,CE,Federal Contract Tower,0,0,2,0,2,0,0,9,0,9,0,0,11,0,11,4,0,4,15
04/05/2020,HUT,KS,ACE,CE,Federal Contract Tower,0,0,0,0,0,0,0,2,0,2,0,0,2,0,2,16,0,16,18
04/06/2020,HUT,KS,ACE,CE,Federal Contract Tower,0,0,3,10,13,0,0,6,0,6,0,0,9,10,19,30,18,48,67
04/07/2020,HUT,KS,ACE,CE,Federal Contract Tower,0,0,6,0,6,0,0,31,0,31,0,0,37,0,37,50,0,50,87
04/08/2020,HUT,KS,ACE,CE,Federal Contract Tower,0,0,5,10,15,0,0,13,4,17,0,0,18,14,32,54,46,100,132
04/09/2020,HUT,KS,ACE,CE,Federal Contract Tower,0,1,3,6,10,0,0,13,0,13,0,1,16,6,23,50,0,50,73
04/10/2020,HUT,KS,ACE,CE,Federal Contract Tower,0,1,4,0,5,0,0,12,0,12,0,1,16,0,17,10,0,10,27
04/11/2020,HUT,KS,ACE,CE,Federal Contract Tower,0,0,4,0,4,0,0,6,0,6,0,0,10,0,10,0,0,0,10
04/12/2020,HUT,KS,ACE,CE,Federal Contract Tower,0,0,1,0,1,0,0,0,0,0,0,0,1,0,1,0,0,0,1
04/13/2020,HUT,KS,ACE,CE,Federal Contract Tower,0,1,5,0,6,0,0,15,0,15,0,1,20,0,21,32,0,32,53
04/14/2020,HUT,KS,ACE,CE,Federal Contract Tower,0,0,1,0,1,0,0,5,0,5,0,0,6,0,6,16,0,16,22
04/15/2020,HUT,KS,ACE,CE,Federal Contract Tower,0,0,5,2,7,0,0,24,0,24,0,0,29,2,31,44,2,46,77
04/16/2020,HUT,KS,ACE,CE,Federal Contract Tower,0,0,2,0,2,0,0,6,0,6,0,0,8,0,8,8,0,8,16
04/17/2020,HUT,KS,ACE,CE,Federal Contract Tower,0,2,8,10,20,0,0,12,0,12,0,2,20,10,32,52,0,52,84
04/18/2020,HUT,KS,ACE,CE,Federal Contract Tower,0,0,1,0,1,0,0,6,0,6,0,0,7,0,7,10,0,10,17
04/19/2020,HUT,KS,ACE,CE,Federal Contract Tower,0,0,3,0,3,0,0,5,0,5,0,0,8,0,8,10,0,10,18
04/20/2020,HUT,KS,ACE,CE,Federal Contract Tower,0,1,1,17,19,0,0,12,3,15,0,1,13,20,34,50,80,130,164
04/21/2020,HUT,KS,ACE,CE,Federal Contract Tower,0,0,9,0,9,0,0,15,0,15,0,0,24,0,24,24,0,24,48
04/22/2020,HUT,KS,ACE,CE,Federal Contract Tower,0,1,3,0,4,0,0,2,0,2,0,1,5,0,6,10,0,10,16
04/23/2020,HUT,KS,ACE,CE,Federal Contract Tower,0,0,4,0,4,0,0,19,0,19,0,0,23,0,23,44,0,44,67
04/24/2020,HUT,KS,ACE,CE,Federal Contract Tower,0,0,2,0,2,0,1,3,0,4,0,1,5,0,6,10,0,10,16
04/25/2020,HUT,KS,ACE,CE,Federal Contract Tower,0,0,2,0,2,0,2,6,0,8,0,2,8,0,10,12,0,12,22
04/26/2020,HUT,KS,ACE,CE,Federal Contract Tower,0,0,1,0,1,0,0,13,0,13,0,0,14,0,14,8,0,8,22
04/27/2020,HUT,KS,ACE,CE,Federal Contract Tower,0,0,3,10,13,0,4,12,2,18,0,4,15,12,31,16,12,28,59
04/28/2020,HUT,KS,ACE,CE,Federal Contract Tower,0,8,9,0,17,0,0,11,0,11,0,8,20,0,28,24,0,24,52
04/29/2020,HUT,KS,ACE,CE,Federal Contract Tower,0,2,4,0,6,0,4,5,0,9,0,6,9,0,15,22,0,22,37
04/30/2020,HUT,KS,ACE,CE,Federal Contract Tower,0,2,13,7,22,0,4,24,3,31,0,6,37,10,53,60,12,72,125
05/01/2020,HUT,KS,ACE,CE,Federal Contract Tower,0,0,5,0,5,0,4,12,0,16,0,4,17,0,21,60,2,62,83
05/02/2020,HUT,KS,ACE,CE,Federal Contract Tower,0,0,2,0,2,0,0,17,2,19,0,0,19,2,21,40,0,40,61
05/03/2020,HUT,KS,ACE,CE,Federal Contract Tower,0,1,5,0,6,0,0,13,0,13,0,1,18,0,19,2,0,2,21
05/04/2020,HUT,KS,ACE,CE,Federal Contract Tower,0,0,13,0,13,0,0,4,0,4,0,0,17,0,17,4,0,4,21
05/05/2020,HUT,KS,ACE,CE,Federal Contract Tower,0,0,3,0,3,0,0,17,0,17,0,0,20,0,20,58,0,58,78
05/06/2020,HUT,KS,ACE,CE,Federal Contract Tower,0,0,5,0,5,0,4,20,0,24,0,4,25,0,29,92,0,92,121
05/07/2020,HUT,KS,ACE,CE,Federal Contract Tower,0,1,4,0,5,0,0,7,0,7,0,1,11,0,12,14,0,14,26
05/08/2020,HUT,KS,ACE,CE,Federal Contract Tower,0,1,1,0,2,0,0,8,0,8,0,1,9,0,10,8,0,8,18
05/09/2020,HUT,KS,ACE,CE,Federal Contract Tower,0,0,4,2,6,0,0,23,0,23,0,0,27,2,29,32,6,38,67
05/10/2020,HUT,KS,ACE,CE,Federal Contract Tower,0,0,2,6,8,0,0,26,0,26,0,0,28,6,34,20,10,30,64
05/11/2020,HUT,KS,ACE,CE,Federal Contract Tower,0,0,4,0,4,0,0,0,0,0,0,0,4,0,4,6,0,6,10
05/12/2020,HUT,KS,ACE,CE,Federal Contract Tower,0,1,8,0,9,0,0,0,0,0,0,1,8,0,9,12,0,12,21
05/13/2020,HUT,KS,ACE,CE,Federal Contract Tower,0,0,2,0,2,0,0,0,0,0,0,0,2,0,2,0,0,0,2
05/14/2020,HUT,KS,ACE,CE,Federal Contract Tower,0,0,2,6,8,0,2,12,4,18,0,2,14,10,26,32,0,32,58
05/15/2020,HUT,KS,ACE,CE,Federal Contract Tower,0,0,1,0,1,0,1,5,0,6,0,1,6,0,7,16,0,16,23
05/16/2020,HUT,KS,ACE,CE,Federal Contract Tower,0,0,3,0,3,0,2,17,0,19,0,2,20,0,22,26,0,26,48
05/17/2020,HUT,KS,ACE,CE,Federal Contract Tower,0,1,2,0,3,0,0,10,0,10,0,1,12,0,13,8,0,8,21
05/18/2020,HUT,KS,ACE,CE,Federal Contract Tower,0,0,5,4,9,0,6,36,2,44,0,6,41,6,53,46,26,72,125
05/19/2020,HUT,KS,ACE,CE,Federal Contract Tower,0,1,8,0,9,0,4,35,0,39,0,5,43,0,48,96,0,96,144
05/20/2020,HUT,KS,ACE,CE,Federal Contract Tower,0,1,9,2,12,0,4,31,4,39,0,5,40,6,51,80,2,82,133
05/21/2020,HUT,KS,ACE,CE,Federal Contract Tower,0,0,5,0,5,0,0,1,0,1,0,0,6,0,6,8,0,8,14
05/22/2020,HUT,KS,ACE,CE,Federal Contract Tower,0,2,12,0,14,0,0,25,0,25,0,2,37,0,39,30,0,30,69
05/23/2020,HUT,KS,ACE,CE,Federal Contract Tower,0,6,3,0,9,0,4,19,0,23,0,10,22,0,32,32,0,32,64
05/24/2020,HUT,KS,ACE,CE,Federal Contract Tower,0,0,2,0,2,0,0,7,0,7,0,0,9,0,9,6,0,6,15
05/25/2020,HUT,KS,ACE,CE,Federal Contract Tower,0,0,2,0,2,0,0,1,0,1,0,0,3,0,3,0,0,0,3
05/26/2020,HUT,KS,ACE,CE,Federal Contract Tower,0,4,12,2,18,0,0,7,0,7,0,4,19,2,25,20,0,20,45
05/27/2020,HUT,KS,ACE,CE,Federal Contract Tower,0,0,20,5,25,0,0,25,0,25,0,0,45,5,50,48,4,52,102
05/28/2020,HUT,KS,ACE,CE,Federal Contract Tower,0,0,5,4,9,0,0,9,0,9,0,0,14,4,18,12,0,12,30
05/29/2020,HUT,KS,ACE,CE,Federal Contract Tower,0,0,23,0,23,0,4,33,0,37,0,4,56,0,60,54,0,54,114
05/30/2020,HUT,KS,ACE,CE,Federal Contract Tower,0,0,6,1,7,0,2,21,3,26,0,2,27,4,33,28,4,32,65
05/31/2020,HUT,KS,ACE,CE,Federal Contract Tower,0,0,11,0,11,0,0,9,0,9,0,0,20,0,20,6,0,6,26
06/01/2020,HUT,KS,ACE,CE,Federal Contract Tower,0,0,6,4,10,0,0,8,0,8,0,0,14,4,18,12,12,24,42
06/02/2020,HUT,KS,ACE,CE,Federal Contract Tower,0,0,10,15,25,0,0,21,2,23,0,0,31,17,48,44,2,46,94
06/03/2020,HUT,KS,ACE,CE,Federal Contract Tower,0,0,10,9,19,0,4,23,1,28,0,4,33,10,47,42,4,46,93
06/04/2020,HUT,KS,ACE,CE,Federal Contract Tower,0,0,3,4,7,0,3,21,0,24,0,3,24,4,31,42,4,46,77
06/05/2020,HUT,KS,ACE,CE,Federal Contract Tower,0,2,6,4,12,0,4,10,0,14,0,6,16,4,26,36,2,38,64
06/06/2020,HUT,KS,ACE,CE,Federal Contract Tower,0,0,4,2,6,0,2,15,2,19,0,2,19,4,25,20,10,30,55
06/07/2020,HUT,KS,ACE,CE,Federal Contract Tower,0,0,4,0,4,0,0,23,0,23,0,0,27,0,27,36,0,36,63
06/08/2020,HUT,KS,ACE,CE,Federal Contract Tower,0,0,2,0,2,0,6,22,2,30,0,6,24,2,32,30,2,32,64
06/09/2020,HUT,KS,ACE,CE,Federal Contract Tower,0,0,3,0,3,0,4,20,0,24,0,4,23,0,27,46,0,46,73
06/10/2020,HUT,KS,ACE,CE,Federal Contract Tower,0,0,6,10,16,0,0,24,0,24,0,0,30,10,40,48,0,48,88
06/11/2020,HUT,KS,ACE,CE,Federal Contract Tower,0,0,10,16,26,0,0,29,0,29,0,0,39,16,55,48,42,90,145
06/12/2020,HUT,KS,ACE,CE,Federal Contract Tower,0,1,7,3,11,0,0,22,0,22,0,1,29,3,33,66,8,74,107
06/13/2020,HUT,KS,ACE,CE,Federal Contract Tower,0,1,9,4,14,0,0,32,0,32,0,1,41,4,46,38,6,44,90
06/14/2020,HUT,KS,ACE,CE,Federal Contract Tower,0,1,0,0,1,0,0,20,0,20,0,1,20,0,21,32,0,32,53
06/15/2020,HUT,KS,ACE,CE,Federal Contract Tower,0,0,5,8,13,0,0,16,2,18,0,0,21,10,31,42,6,48,79
06/16/2020,HUT,KS,ACE,CE,Federal Contract Tower,0,4,8,26,38,0,6,19,0,25,0,10,27,26,63,62,16,78,141
06/17/2020,HUT,KS,ACE,CE,Federal Contract Tower,0,0,8,10,18,0,0,29,0,29,0,0,37,10,47,62,0,62,109
06/18/2020,HUT,KS,ACE,CE,Federal Contract Tower,0,0,13,6,19,0,0,11,0,11,0,0,24,6,30,12,4,16,46
06/19/2020,HUT,KS,ACE,CE,Federal Contract Tower,0,6,7,0,13,0,0,0,0,0,0,6,7,0,13,8,0,8,21
06/20/2020,HUT,KS,ACE,CE,Federal Contract Tower,0,0,7,0,7,0,0,21,0,21,0,0,28,0,28,4,0,4,32
06/21/2020,HUT,KS,ACE,CE,Federal Contract Tower,0,0,10,0,10,0,2,13,0,15,0,2,23,0,25,8,0,8,33
06/22/2020,HUT,KS,ACE,CE,Federal Contract Tower,0,0,2,14,16,0,3,31,10,44,0,3,33,24,60,108,62,170,230
06/23/2020,HUT,KS,ACE,CE,Federal Contract Tower,0,3,2,24,29,0,2,35,0,37,0,5,37,24,66,64,14,78,144
06/24/2020,HUT,KS,ACE,CE,Federal Contract Tower,0,0,3,16,19,0,0,25,0,25,0,0,28,16,44,56,8,64,108
06/25/2020,HUT,KS,ACE,CE,Federal Contract Tower,0,2,7,29,38,0,0,23,2,25,0,2,30,31,63,26,40,66,129
06/26/2020,HUT,KS,ACE,CE,Federal Contract Tower,0,2,8,39,49,0,0,30,1,31,0,2,38,40,80,24,6,30,110
06/27/2020,HUT,KS,ACE,CE,Federal Contract Tower,0,0,1,4,5,0,0,22,0,22,0,0,23,4,27,12,8,20,47
06/28/2020,HUT,KS,ACE,CE,Federal Contract Tower,0,0,4,6,10,0,0,5,0,5,0,0,9,6,15,0,4,4,19
06/29/2020,HUT,KS,ACE,CE,Federal Contract Tower,0,2,17,5,24,0,2,17,1,20,0,4,34,6,44,36,8,44,88
06/30/2020,HUT,KS,ACE,CE,Federal Contract Tower,0,0,6,22,28,0,8,13,0,21,0,8,19,22,49,38,4,42,91
07/01/2020,HUT,KS,ACE,CE,Federal Contract Tower,0,10,16,24,50,0,2,37,0,39,0,12,53,24,89,66,26,92,181
07/02/2020,HUT,KS,ACE,CE,Federal Contract Tower,0,0,13,26,39,0,0,12,0,12,0,0,25,26,51,12,50,62,113
07/03/2020,HUT,KS,ACE,CE,Federal Contract Tower,0,0,6,0,6,0,0,21,0,21,0,0,27,0,27,26,0,26,53
07/04/2020,HUT,KS,ACE,CE,Federal Contract Tower,0,0,2,0,2,0,2,6,0,8,0,2,8,0,10,18,0,18,28
07/05/2020,HUT,KS,ACE,CE,Federal Contract Tower,0,0,4,0,4,0,0,8,0,8,0,0,12,0,12,2,0,2,14
07/06/2020,HUT,KS,ACE,CE,Federal Contract Tower,0,0,3,0,3,0,0,27,0,27,0,0,30,0,30,42,0,42,72
07/07/2020,HUT,KS,ACE,CE,Federal Contract Tower,0,0,6,16,22,0,2,34,0,36,0,2,40,16,58,34,20,54,112
07/08/2020,HUT,KS,ACE,CE,Federal Contract Tower,0,1,8,4,13,0,0,18,0,18,0,1,26,4,31,64,10,74,105
07/09/2020,HUT,KS,ACE,CE,Federal Contract Tower,0,4,11,4,19,0,0,29,0,29,0,4,40,4,48,50,0,50,98
07/10/2020,HUT,KS,ACE,CE,Federal Contract Tower,1,2,10,9,22,0,0,17,0,17,1,2,27,9,39,38,16,54,93
07/11/2020,HUT,KS,ACE,CE,Federal Contract Tower,0,2,6,4,12,0,4,12,2,18,0,6,18,6,30,28,2,30,60
07/12/2020,HUT,KS,ACE,CE,Federal Contract Tower,0,0,4,4,8,0,2,16,4,22,0,2,20,8,30,10,4,14,44
07/13/2020,HUT,KS,ACE,CE,Federal Contract Tower,0,0,6,16,22,0,2,42,0,44,0,2,48,16,66,114,16,130,196
07/14/2020,HUT,KS,ACE,CE,Federal Contract Tower,0,0,8,22,30,0,2,22,2,26,0,2,30,24,56,40,54,94,150
07/15/2020,HUT,KS,ACE,CE,Federal Contract Tower,0,0,23,32,55,0,0,22,0,22,0,0,45,32,77,62,42,104,181
07/16/2020,HUT,KS,ACE,CE,Federal Contract Tower,0,0,16,14,30,0,2,10,0,12,0,2,26,14,42,34,0,34,76
07/17/2020,HUT,KS,ACE,CE,Federal Contract Tower,0,1,7,17,25,0,0,17,4,21,0,1,24,21,46,44,16,60,106
07/18/2020,HUT,KS,ACE,CE,Federal Contract Tower,0,0,2,16,18,0,0,9,0,9,0,0,11,16,27,12,30,42,69
07/19/2020,HUT,KS,ACE,CE,Federal Contract Tower,0,0,5,0,5,0,2,6,0,8,0,2,11,0,13,56,0,56,69
07/20/2020,HUT,KS,ACE,CE,Federal Contract Tower,0,2,10,18,30,0,4,34,6,44,0,6,44,24,74,22,20,42,116
07/21/2020,HUT,KS,ACE,CE,Federal Contract Tower,0,17,6,49,72,0,0,22,5,27,0,17,28,54,99,42,28,70,169
07/22/2020,HUT,KS,ACE,CE,Federal Contract Tower,0,0,11,28,39,0,0,62,1,63,0,0,73,29,102,54,16,70,172
07/23/2020,HUT,KS,ACE,CE,Federal Contract Tower,0,1,11,21,33,0,2,38,5,45,0,3,49,26,78,52,30,82,160
07/24/2020,HUT,KS,ACE,CE,Federal Contract Tower,0,2,5,20,27,0,0,16,3,19,0,2,21,23,46,20,20,40,86
07/25/2020,HUT,KS,ACE,CE,Federal Contract Tower,0,0,1,4,5,0,0,13,0,13,0,0,14,4,18,14,4,18,36
07/26/2020,HUT,KS,ACE,CE,Federal Contract Tower,0,0,6,12,18,0,4,11,5,20,0,4,17,17,38,14,14,28,66
07/27/2020,HUT,KS,ACE,CE,Federal Contract Tower,0,0,16,0,16,0,0,3,0,3,0,0,19,0,19,6,0,6,25
07/28/2020,HUT,KS,ACE,CE,Federal Contract Tower,0,0,14,26,40,0,0,7,4,11,0,0,21,30,51,0,62,62,113
07/29/2020,HUT,KS,ACE,CE,Federal Contract Tower,0,2,13,37,52,0,0,13,0,13,0,2,26,37,65,24,46,70,135
07/30/2020,HUT,KS,ACE,CE,Federal Contract Tower,0,0,15,8,23,0,0,12,0,12,0,0,27,8,35,18,12,30,65
07/31/2020,HUT,KS,ACE,CE,Federal Contract Tower,0,0,14,17,31,0,0,19,1,20,0,0,33,18,51,40,56,96,147
08/01/2020,HUT,KS,ACE,CE,Federal Contract Tower,0,0,6,0,6,0,2,14,0,16,0,2,20,0,22,8,0,8,30
08/02/2020,HUT,KS,ACE,CE,Federal Contract Tower,0,3,4,5,12,0,2,24,1,27,0,5,28,6,39,10,8,18,57
08/03/2020,HUT,KS,ACE,CE,Federal Contract Tower,0,0,5,48,53,0,0,19,8,27,0,0,24,56,80,10,106,116,196
08/04/2020,HUT,KS,ACE,CE,Federal Contract Tower,0,0,13,19,32,0,5,36,3,44,0,5,49,22,76,56,30,86,162
08/05/2020,HUT,KS,ACE,CE,Federal Contract Tower,0,2,16,44,62,0,0,30,8,38,0,2,46,52,100,58,48,106,206
08/06/2020,HUT,KS,ACE,CE,Federal Contract Tower,0,0,18,4,22,0,0,26,0,26,0,0,44,4,48,34,0,34,82
08/07/2020,HUT,KS,ACE,CE,Federal Contract Tower,0,0,4,28,32,0,0,17,8,25,0,0,21,36,57,26,52,78,135
08/08/2020,HUT,KS,ACE,CE,Federal Contract Tower,0,0,1,0,1,0,18,10,0,28,0,18,11,0,29,14,0,14,43
08/09/2020,HUT,KS,ACE,CE,Federal Contract Tower,0,1,8,6,15,0,2,24,5,31,0,3,32,11,46,18,4,22,68
08/10/2020,HUT,KS,ACE,CE,Federal Contract Tower,0,1,7,5,13,0,8,19,1,28,0,9,26,6,41,62,18,80,121
08/11/2020,HUT,KS,ACE,CE,Federal Contract Tower,0,0,5,20,25,0,0,15,5,20,0,0,20,25,45,44,28,72,117
08/12/2020,HUT,KS,ACE,CE,Federal Contract Tower,0,0,4,0,4,0,0,12,2,14,0,0,16,2,18,10,0,10,28
08/13/2020,HUT,KS,ACE,CE,Federal Contract Tower,0,1,4,4,9,0,2,29,4,35,0,3,33,8,44,50,4,54,98
08/14/2020,HUT,KS,ACE,CE,Federal Contract Tower,0,0,15,23,38,0,0,13,2,15,0,0,28,25,53,34,36,70,123
08/15/2020,HUT,KS,ACE,CE,Federal Contract Tower,0,0,3,0,3,0,0,29,2,31,0,0,32,2,34,48,0,48,82
08/16/2020,HUT,KS,ACE,CE,Federal Contract Tower,0,4,7,0,11,0,0,14,0,14,0,4,21,0,25,6,0,6,31
08/17/2020,HUT,KS,ACE,CE,Federal Contract Tower,0,0,14,3,17,0,0,16,7,23,0,0,30,10,40,20,6,26,66
08/18/2020,HUT,KS,ACE,CE,Federal Contract Tower,0,0,6,14,20,0,0,21,6,27,0,0,27,20,47,44,52,96,143
08/19/2020,HUT,KS,ACE,CE,Federal Contract Tower,0,0,6,6,12,0,1,21,4,26,0,1,27,10,38,30,40,70,108
08/20/2020,HUT,KS,ACE,CE,Federal Contract Tower,0,1,11,12,24,0,0,20,0,20,0,1,31,12,44,64,28,92,136
08/21/2020,HUT,KS,ACE,CE,Federal Contract Tower,0,4,10,4,18,0,0,19,0,19,0,4,29,4,37,36,2,38,75
08/22/2020,HUT,KS,ACE,CE,Federal Contract Tower,0,1,7,1,9,0,16,17,0,33,0,17,24,1,42,38,0,38,80
08/23/2020,HUT,KS,ACE,CE,Federal Contract Tower,0,0,14,8,22,0,9,21,0,30,0,9,35,8,52,58,8,66,118
08/24/2020,HUT,KS,ACE,CE,Federal Contract Tower,0,0,5,19,24,0,2,9,3,14,0,2,14,22,38,38,16,54,92
08/25/2020,HUT,KS,ACE,CE,Federal Contract Tower,0,1,8,4,13,0,0,24,0,24,0,1,32,4,37,48,8,56,93
08/26/2020,HUT,KS,ACE,CE,Federal Contract Tower,0,1,11,12,24,0,2,22,2,26,0,3,33,14,50,38,24,62,112
08/27/2020,HUT,KS,ACE,CE,Federal Contract Tower,0,2,9,10,21,0,0,20,5,25,0,2,29,15,46,62,18,80,126
08/28/2020,HUT,KS,ACE,CE,Federal Contract Tower,0,1,10,7,18,0,0,18,5,23,0,1,28,12,41,74,30,104,145
08/29/2020,HUT,KS,ACE,CE,Federal Contract Tower,0,3,9,6,18,0,4,10,2,16,0,7,19,8,34,16,10,26,60
08/30/2020,HUT,KS,ACE,CE,Federal Contract Tower,0,1,4,0,5,0,7,11,0,18,0,8,15,0,23,44,0,44,67
08/31/2020,HUT,KS,ACE,CE,Federal Contract Tower,0,0,5,48,53,0,1,24,8,33,0,1,29,56,86,36,96,132,218
09/01/2020,HUT,KS,ACE,CE,Federal Contract Tower,0,0,7,14,21,0,1,9,0,10,0,1,16,14,31,12,26,38,69
09/02/2020,HUT,KS,ACE,CE,Federal Contract Tower,0,0,10,36,46,0,0,10,4,14,0,0,20,40,60,14,62,76,136
09/03/2020,HUT,KS,ACE,CE,Federal Contract Tower,0,1,11,7,19,0,2,15,0,17,0,3,26,7,36,32,22,54,90
09/04/2020,HUT,KS,ACE,CE,Federal Contract Tower,0,5,9,0,14,0,0,31,0,31,0,5,40,0,45,46,0,46,91
09/05/2020,HUT,KS,ACE,CE,Federal Contract Tower,0,0,8,0,8,0,4,44,0,48,0,4,52,0,56,66,0,66,122
09/06/2020,HUT,KS,ACE,CE,Federal Contract Tower,0,0,3,0,3,0,0,9,0,9,0,0,12,0,12,8,0,8,20
09/07/2020,HUT,KS,ACE,CE,Federal Contract Tower,0,0,8,0,8,0,0,16,0,16,0,0,24,0,24,12,0,12,36
09/08/2020,HUT,KS,ACE,CE,Federal Contract Tower,0,0,18,0,18,0,0,1,0,1,0,0,19,0,19,4,0,4,23
09/09/2020,HUT,KS,ACE,CE,Federal Contract Tower,0,0,13,0,13,0,0,0,0,0,0,0,13,0,13,0,0,0,13
09/10/2020,HUT,KS,ACE,CE,Federal Contract Tower,0,1,3,0,4,0,0,0,0,0,0,1,3,0,4,8,0,8,12
09/11/2020,HUT,KS,ACE,CE,Federal Contract Tower,0,5,13,10,28,0,0,3,0,3,0,5,16,10,31,10,10,20,51
09/12/2020,HUT,KS,ACE,CE,Federal Contract Tower,0,0,6,4,10,0,0,24,0,24,0,0,30,4,34,16,0,16,50
09/13/2020,HUT,KS,ACE,CE,Federal Contract Tower,0,2,5,1,8,0,24,34,0,58,0,26,39,1,66,58,0,58,124
09/14/2020,HUT,KS,ACE,CE,Federal Contract Tower,0,0,11,2,13,0,0,15,6,21,0,0,26,8,34,22,8,30,64
09/15/2020,HUT,KS,ACE,CE,Federal Contract Tower,0,2,11,0,13,0,6,43,0,49,0,8,54,0,62,90,0,90,152
09/16/2020,HUT,KS,ACE,CE,Federal Contract Tower,0,2,11,2,15,0,1,30,4,35,0,3,41,6,50,32,2,34,84
09/17/2020,HUT,KS,ACE,CE,Federal Contract Tower,0,1,8,0,9,0,4,39,0,43,0,5,47,0,52,0,0,0,52
09/18/2020,HUT,KS,ACE,CE,Federal Contract Tower,0,0,9,2,11,0,4,29,0,33,0,4,38,2,44,8,0,8,52
09/19/2020,HUT,KS,ACE,CE,Federal Contract Tower,0,2,4,0,6,0,0,15,0,15,0,2,19,0,21,6,0,6,27
09/20/2020,HUT,KS,ACE,CE,Federal Contract Tower,0,2,6,1,9,0,0,11,1,12,0,2,17,2,21,6,0,6,27
09/21/2020,HUT,KS,ACE,CE,Federal Contract Tower,0,0,7,2,9,0,8,21,10,39,0,8,28,12,48,18,8,26,74
09/22/2020,HUT,KS,ACE,CE,Federal Contract Tower,0,0,16,1,17,0,0,6,1,7,0,0,22,2,24,0,0,0,24
09/23/2020,HUT,KS,ACE,CE,Federal Contract Tower,0,2,16,0,18,0,0,16,6,22,0,2,32,6,40,82,0,82,122
09/24/2020,HUT,KS,ACE,CE,Federal Contract Tower,0,2,4,5,11,0,4,16,3,23,0,6,20,8,34,14,8,22,56
09/25/2020,HUT,KS,ACE,CE,Federal Contract Tower,0,0,4,2,6,0,8,28,0,36,0,8,32,2,42,6,6,12,54
09/26/2020,HUT,KS,ACE,CE,Federal Contract Tower,0,0,7,0,7,0,0,10,0,10,0,0,17,0,17,8,0,8,25
09/27/2020,HUT,KS,ACE,CE,Federal Contract Tower,0,2,3,0,5,0,0,14,0,14,0,2,17,0,19,8,0,8,27
09/28/2020,HUT,KS,ACE,CE,Federal Contract Tower,0,1,9,0,10,0,0,14,0,14,0,1,23,0,24,0,0,0,24
09/29/2020,HUT,KS,ACE,CE,Federal Contract Tower,0,3,5,0,8,0,4,23,14,41,0,7,28,14,49,38,0,38,87
09/30/2020,HUT,KS,ACE,CE,Federal Contract Tower,0,2,0,0,2,0,2,18,0,20,0,4,18,0,22,40,0,40,62
10/01/2020,HUT,KS,ACE,CE,Federal Contract Tower,0,2,6,0,8,0,0,30,0,30,0,2,36,0,38,22,0,22,60
10/02/2020,HUT,KS,ACE,CE,Federal Contract Tower,0,0,6,0,6,0,0,18,0,18,0,0,24,0,24,12,0,12,36
10/03/2020,HUT,KS,ACE,CE,Federal Contract Tower,0,2,3,0,5,0,0,17,0,17,0,2,20,0,22,30,0,30,52
10/04/2020,HUT,KS,ACE,CE,Federal Contract Tower,0,0,7,1,8,0,0,36,4,40,0,0,43,5,48,18,8,26,74
10/05/2020,HUT,KS,ACE,CE,Federal Contract Tower,0,0,13,6,19,0,2,8,2,12,0,2,21,8,31,0,0,0,31
10/06/2020,HUT,KS,ACE,CE,Federal Contract Tower,0,0,8,0,8,0,13,29,0,42,0,13,37,0,50,26,0,26,76
10/07/2020,HUT,KS,ACE,CE,Federal Contract Tower,0,0,15,4,19,0,4,27,0,31,0,4,42,4,50,14,0,14,64
10/08/2020,HUT,KS,ACE,CE,Federal Contract Tower,0,0,4,4,8,0,0,23,0,23,0,0,27,4,31,54,2,56,87
10/09/2020,HUT,KS,ACE,CE,Federal Contract Tower,0,0,7,0,7,0,0,28,0,28,0,0,35,0,35,56,0,56,91
10/10/2020,HUT,KS,ACE,CE,Federal Contract Tower,0,0,6,0,6,0,0,10,0,10,0,0,16,0,16,14,0,14,30
10/11/2020,HUT,KS,ACE,CE,Federal Contract Tower,0,0,1,0,1,0,0,7,0,7,0,0,8,0,8,2,0,2,10
10/12/2020,HUT,KS,ACE,CE,Federal Contract Tower,0,3,16,4,23,0,4,22,0,26,0,7,38,4,49,28,4,32,81
10/13/2020,HUT,KS,ACE,CE,Federal Contract Tower,0,1,10,0,11,0,8,31,0,39,0,9,41,0,50,32,0,32,82
10/14/2020,HUT,KS,ACE,CE,Federal Contract Tower,0,1,12,1,14,0,0,24,3,27,0,1,36,4,41,40,4,44,85
10/16/2020,HUT,KS,ACE,CE,Federal Contract Tower,0,6,7,0,13,0,1,20,2,23,0,7,27,2,36,10,0,10,46
10/17/2020,HUT,KS,ACE,CE,Federal Contract Tower,0,0,4,0,4,0,0,10,0,10,0,0,14,0,14,12,0,12,26
10/18/2020,HUT,KS,ACE,CE,Federal Contract Tower,0,2,10,0,12,0,0,3,0,3,0,2,13,0,15,26,0,26,41
10/19/2020,HUT,KS,ACE,CE,Federal Contract Tower,0,0,2,0,2,0,0,8,0,8,0,0,10,0,10,34,0,34,44
10/20/2020,HUT,KS,ACE,CE,Federal Contract Tower,0,1,8,0,9,0,0,6,0,6,0,1,14,0,15,22,0,22,37
10/21/2020,HUT,KS,ACE,CE,Federal Contract Tower,0,1,5,0,6,0,0,1,0,1,0,1,6,0,7,0,0,0,7
10/22/2020,HUT,KS,ACE,CE,Federal Contract Tower,0,3,2,0,5,0,0,9,0,9,0,3,11,0,14,26,0,26,40
10/23/2020,HUT,KS,ACE,CE,Federal Contract Tower,0,0,3,2,5,0,0,3,0,3,0,0,6,2,8,10,0,10,18
10/24/2020,HUT,KS,ACE,CE,Federal Contract Tower,0,0,4,0,4,0,2,13,0,15,0,2,17,0,19,20,0,20,39
10/25/2020,HUT,KS,ACE,CE,Federal Contract Tower,0,0,6,0,6,0,0,0,0,0,0,0,6,0,6,0,0,0,6
10/26/2020,HUT,KS,ACE,CE,Federal Contract Tower,0,0,2,0,2,0,0,0,0,0,0,0,2,0,2,8,0,8,10
10/27/2020,HUT,KS,ACE,CE,Federal Contract Tower,0,0,0,0,0,0,0,0,0,0,0,0,0,0,0,4,0,4,4
10/28/2020,HUT,KS,ACE,CE,Federal Contract Tower,0,1,5,0,6,0,0,1,0,1,0,1,6,0,7,2,0,2,9
10/29/2020,HUT,KS,ACE,CE,Federal Contract Tower,0,0,9,8,17,0,0,11,4,15,0,0,20,12,32,18,30,48,80
10/30/2020,HUT,KS,ACE,CE,Federal Contract Tower,0,0,10,4,14,0,2,30,0,32,0,2,40,4,46,78,0,78,124
10/31/2020,HUT,KS,ACE,CE,Federal Contract Tower,0,0,2,7,9,0,0,12,0,12,0,0,14,7,21,18,12,30,51
11/01/2020,HUT,KS,ACE,CE,Federal Contract Tower,0,0,2,0,2,0,0,15,0,15,0,0,17,0,17,40,0,40,57
11/02/2020,HUT,KS,ACE,CE,Federal Contract Tower,0,0,3,4,7,0,0,16,0,16,0,0,19,4,23,38,16,54,77
11/03/2020,HUT,KS,ACE,CE,Federal Contract Tower,0,0,6,0,6,0,0,12,0,12,0,0,18,0,18,14,0,14,32
11/04/2020,HUT,KS,ACE,CE,Federal Contract Tower,0,2,13,0,15,0,2,9,0,11,0,4,22,0,26,30,0,30,56
11/05/2020,HUT,KS,ACE,CE,Federal Contract Tower,0,0,13,2,15,0,11,25,1,37,0,11,38,3,52,56,16,72,124
11/06/2020,HUT,KS,ACE,CE,Federal Contract Tower,0,0,10,0,10,0,0,28,2,30,0,0,38,2,40,30,0,30,70
11/07/2020,HUT,KS,ACE,CE,Federal Contract Tower,0,2,7,2,11,0,8,15,0,23,0,10,22,2,34,18,0,18,52
11/08/2020,HUT,KS,ACE,CE,Federal Contract Tower,0,0,7,0,7,0,0,2,8,10,0,0,9,8,17,0,0,0,17
11/09/2020,HUT,KS,ACE,CE,Federal Contract Tower,0,1,4,0,5,0,0,0,0,0,0,1,4,0,5,6,0,6,11
11/10/2020,HUT,KS,ACE,CE,Federal Contract Tower,0,0,4,4,8,0,4,3,0,7,0,4,7,4,15,22,4,26,41
11/11/2020,HUT,KS,ACE,CE,Federal Contract Tower,0,2,6,0,8,0,0,46,0,46,0,2,52,0,54,66,0,66,120
11/12/2020,HUT,KS,ACE,CE,Federal Contract Tower,0,8,6,7,21,0,0,17,0,17,0,8,23,7,38,14,0,14,52
11/13/2020,HUT,KS,ACE,CE,Federal Contract Tower,0,2,10,0,12,0,6,27,2,35,0,8,37,2,47,28,0,28,75
11/14/2020,HUT,KS,ACE,CE,Federal Contract Tower,0,0,0,0,0,0,37,3,0,40,0,37,3,0,40,10,0,10,50
11/15/2020,HUT,KS,ACE,CE,Federal Contract Tower,0,2,4,0,6,0,35,33,4,72,0,37,37,4,78,90,0,90,168
11/16/2020,HUT,KS,ACE,CE,Federal Contract Tower,0,1,4,5,10,0,0,33,1,34,0,1,37,6,44,58,22,80,124
11/17/2020,HUT,KS,ACE,CE,Federal Contract Tower,0,2,8,12,22,0,2,21,0,23,0,4,29,12,45,40,16,56,101
11/18/2020,HUT,KS,ACE,CE,Federal Contract Tower,0,0,6,0,6,0,3,8,0,11,0,3,14,0,17,8,0,8,25
11/19/2020,HUT,KS,ACE,CE,Federal Contract Tower,0,0,6,4,10,0,1,36,3,40,0,1,42,7,50,32,8,40,90
11/20/2020,HUT,KS,ACE,CE,Federal Contract Tower,0,0,15,9,24,0,0,16,2,18,0,0,31,11,42,18,0,18,60
11/21/2020,HUT,KS,ACE,CE,Federal Contract Tower,0,0,1,0,1,0,0,0,0,0,0,0,1,0,1,0,0,0,1
11/22/2020,HUT,KS,ACE,CE,Federal Contract Tower,0,0,4,2,6,0,0,22,1,23,0,0,26,3,29,38,0,38,67
11/23/2020,HUT,KS,ACE,CE,Federal Contract Tower,0,16,7,9,32,0,0,2,1,3,0,16,9,10,35,22,10,32,67
11/24/2020,HUT,KS,ACE,CE,Federal Contract Tower,0,0,6,0,6,0,0,0,0,0,0,0,6,0,6,6,0,6,12
11/26/2020,HUT,KS,ACE,CE,Federal Contract Tower,0,0,2,0,2,0,0,9,0,9,0,0,11,0,11,0,0,0,11
11/27/2020,HUT,KS,ACE,CE,Federal Contract Tower,0,1,3,0,4,0,2,20,0,22,0,3,23,0,26,28,0,28,54
11/28/2020,HUT,KS,ACE,CE,Federal Contract Tower,0,2,1,0,3,0,0,35,0,35,0,2,36,0,38,48,0,48,86
11/29/2020,HUT,KS,ACE,CE,Federal Contract Tower,0,3,3,0,6,0,0,18,0,18,0,3,21,0,24,0,0,0,24
12/01/2020,HUT,KS,ACE,CE,Federal Contract Tower,0,2,11,8,21,0,2,21,1,24,0,4,32,9,45,48,8,56,101
12/02/2020,HUT,KS,ACE,CE,Federal Contract Tower,0,0,2,2,4,0,0,7,2,9,0,0,9,4,13,20,4,24,37
12/03/2020,HUT,KS,ACE,CE,Federal Contract Tower,0,2,3,0,5,0,0,5,0,5,0,2,8,0,10,6,0,6,16
12/04/2020,HUT,KS,ACE,CE,Federal Contract Tower,0,0,5,9,14,0,4,25,2,31,0,4,30,11,45,12,16,28,73
12/05/2020,HUT,KS,ACE,CE,Federal Contract Tower,0,0,0,0,0,0,3,26,0,29,0,3,26,0,29,58,0,58,87
12/06/2020,HUT,KS,ACE,CE,Federal Contract Tower,0,0,4,1,5,0,2,19,1,22,0,2,23,2,27,2,0,2,29
12/07/2020,HUT,KS,ACE,CE,Federal Contract Tower,0,0,4,0,4,0,2,30,0,32,0,2,34,0,36,76,0,76,112
12/08/2020,HUT,KS,ACE,CE,Federal Contract Tower,0,0,4,2,6,0,0,29,0,29,0,0,33,2,35,56,0,56,91
12/09/2020,HUT,KS,ACE,CE,Federal Contract Tower,0,0,3,8,11,0,1,36,0,37,0,1,39,8,48,62,14,76,124
12/10/2020,HUT,KS,ACE,CE,Federal Contract Tower,0,0,14,2,16,0,10,26,3,39,0,10,40,5,55,40,8,48,103
12/11/2020,HUT,KS,ACE,CE,Federal Contract Tower,0,2,10,0,12,0,0,0,0,0,0,2,10,0,12,6,0,6,18
12/12/2020,HUT,KS,ACE,CE,Federal Contract Tower,0,1,11,2,14,0,0,0,0,0,0,1,11,2,14,0,0,0,14
12/13/2020,HUT,KS,ACE,CE,Federal Contract Tower,0,2,2,0,4,0,0,2,0,2,0,2,4,0,6,8,0,8,14
12/14/2020,HUT,KS,ACE,CE,Federal Contract Tower,0,1,11,0,12,0,0,15,0,15,0,1,26,0,27,34,0,34,61
12/15/2020,HUT,KS,ACE,CE,Federal Contract Tower,0,0,3,0,3,0,0,5,0,5,0,0,8,0,8,6,0,6,14
12/16/2020,HUT,KS,ACE,CE,Federal Contract Tower,0,2,6,0,8,0,8,14,0,22,0,10,20,0,30,38,0,38,68
12/17/2020,HUT,KS,ACE,CE,Federal Contract Tower,0,1,9,0,10,0,6,22,0,28,0,7,31,0,38,60,0,60,98
12/18/2020,HUT,KS,ACE,CE,Federal Contract Tower,0,1,6,2,9,0,1,13,0,14,0,2,19,2,23,12,6,18,41
12/19/2020,HUT,KS,ACE,CE,Federal Contract Tower,0,2,3,8,13,0,3,43,2,48,0,5,46,10,61,38,10,48,109
12/20/2020,HUT,KS,ACE,CE,Federal Contract Tower,0,0,13,0,13,0,8,19,0,27,0,8,32,0,40,40,0,40,80
12/21/2020,HUT,KS,ACE,CE,Federal Contract Tower,0,0,7,16,23,0,0,15,2,17,0,0,22,18,40,36,8,44,84
12/22/2020,HUT,KS,ACE,CE,Federal Contract Tower,0,0,8,0,8,0,0,12,4,16,0,0,20,4,24,12,2,14,38
12/23/2020,HUT,KS,ACE,CE,Federal Contract Tower,0,0,5,0,5,0,0,3,0,3,0,0,8,0,8,6,0,6,14
12/24/2020,HUT,KS,ACE,CE,Federal Contract Tower,0,0,2,0,2,0,0,3,0,3,0,0,5,0,5,0,0,0,5
12/25/2020,HUT,KS,ACE,CE,Federal Contract Tower,0,0,0,0,0,0,0,23,0,23,0,0,23,0,23,38,0,38,61
12/26/2020,HUT,KS,ACE,CE,Federal Contract Tower,0,1,0,0,1,0,0,18,0,18,0,1,18,0,19,28,0,28,47
12/27/2020,HUT,KS,ACE,CE,Federal Contract Tower,0,3,7,0,10,0,0,2,0,2,0,3,9,0,12,0,0,0,12
12/28/2020,HUT,KS,ACE,CE,Federal Contract Tower,0,4,3,0,7,0,0,8,0,8,0,4,11,0,15,12,0,12,27
12/29/2020,HUT,KS,ACE,CE,Federal Contract Tower,0,2,0,0,2,0,0,0,0,0,0,2,0,0,2,0,0,0,2
12/30/2020,HUT,KS,ACE,CE,Federal Contract Tower,0,2,7,0,9,0,0,21,2,23,0,2,28,2,32,20,0,20,52
12/31/2020,HUT,KS,ACE,CE,Federal Contract Tower,0,2,6,0,8,0,0,28,0,28,0,2,34,0,36,44,0,44,80
01/01/2021,HUT,KS,ACE,CE,Federal Contract Tower,0,0,0,0,0,0,0,8,0,8,0,0,8,0,8,4,0,4,12
01/02/2021,HUT,KS,ACE,CE,Federal Contract Tower,0,0,2,0,2,0,0,18,0,18,0,0,20,0,20,24,0,24,44
01/03/2021,HUT,KS,ACE,CE,Federal Contract Tower,0,0,5,0,5,0,0,12,0,12,0,0,17,0,17,12,0,12,29
01/04/2021,HUT,KS,ACE,CE,Federal Contract Tower,0,0,7,0,7,0,0,26,0,26,0,0,33,0,33,18,0,18,51
01/05/2021,HUT,KS,ACE,CE,Federal Contract Tower,0,2,10,0,12,0,0,20,0,20,0,2,30,0,32,32,0,32,64
01/06/2021,HUT,KS,ACE,CE,Federal Contract Tower,0,0,2,0,2,0,0,0,0,0,0,0,2,0,2,6,0,6,8
01/07/2021,HUT,KS,ACE,CE,Federal Contract Tower,0,0,8,2,10,0,0,0,0,0,0,0,8,2,10,0,0,0,10
01/08/2021,HUT,KS,ACE,CE,Federal Contract Tower,0,2,11,0,13,0,0,7,0,7,0,2,18,0,20,8,0,8,28
01/09/2021,HUT,KS,ACE,CE,Federal Contract Tower,0,7,8,0,15,0,0,2,0,2,0,7,10,0,17,0,0,0,17
01/10/2021,HUT,KS,ACE,CE,Federal Contract Tower,0,11,8,0,19,0,0,2,0,2,0,11,10,0,21,2,0,2,23
01/11/2021,HUT,KS,ACE,CE,Federal Contract Tower,0,0,4,0,4,0,2,19,0,21,0,2,23,0,25,42,0,42,67
01/12/2021,HUT,KS,ACE,CE,Federal Contract Tower,0,1,10,2,13,0,0,30,6,36,0,1,40,8,49,34,6,40,89
01/13/2021,HUT,KS,ACE,CE,Federal Contract Tower,0,2,14,0,16,0,8,33,0,41,0,10,47,0,57,100,0,100,157
01/14/2021,HUT,KS,ACE,CE,Federal Contract Tower,0,2,7,8,17,0,1,5,0,6,0,3,12,8,23,2,0,2,25
01/15/2021,HUT,KS,ACE,CE,Federal Contract Tower,0,0,1,0,1,0,1,6,0,7,0,1,7,0,8,10,0,10,18
01/16/2021,HUT,KS,ACE,CE,Federal Contract Tower,0,0,6,0,6,0,3,26,0,29,0,3,32,0,35,54,0,54,89
01/17/2021,HUT,KS,ACE,CE,Federal Contract Tower,0,0,3,0,3,0,2,21,6,29,0,2,24,6,32,4,0,4,36
01/18/2021,HUT,KS,ACE,CE,Federal Contract Tower,0,0,6,0,6,0,0,23,0,23,0,0,29,0,29,22,0,22,51
01/19/2021,HUT,KS,ACE,CE,Federal Contract Tower,0,0,5,5,10,0,0,21,0,21,0,0,26,5,31,30,6,36,67
01/20/2021,HUT,KS,ACE,CE,Federal Contract Tower,0,0,9,0,9,0,2,18,0,20,0,2,27,0,29,6,0,6,35
01/21/2021,HUT,KS,ACE,CE,Federal Contract Tower,0,2,10,7,19,0,0,23,1,24,0,2,33,8,43,88,0,88,131
01/22/2021,HUT,KS,ACE,CE,Federal Contract Tower,0,2,2,2,6,0,0,18,0,18,0,2,20,2,24,10,0,10,34
01/23/2021,HUT,KS,ACE,CE,Federal Contract Tower,0,0,1,0,1,0,4,0,0,4,0,4,1,0,5,2,0,2,7
01/24/2021,HUT,KS,ACE,CE,Federal Contract Tower,0,0,7,6,13,0,0,0,0,0,0,0,7,6,13,0,0,0,13
01/25/2021,HUT,KS,ACE,CE,Federal Contract Tower,0,0,0,0,0,0,0,0,0,0,0,0,0,0,0,0,0,0,0
01/26/2021,HUT,KS,ACE,CE,Federal Contract Tower,0,3,2,4,9,0,0,1,0,1,0,3,3,4,10,6,0,6,16
01/27/2021,HUT,KS,ACE,CE,Federal Contract Tower,0,0,7,0,7,0,0,2,0,2,0,0,9,0,9,4,0,4,13
01/28/2021,HUT,KS,ACE,CE,Federal Contract Tower,0,0,23,1,24,0,0,8,2,10,0,0,31,3,34,10,10,20,54
01/29/2021,HUT,KS,ACE,CE,Federal Contract Tower,0,1,7,33,41,0,6,16,1,23,0,7,23,34,64,56,16,72,136
01/30/2021,HUT,KS,ACE,CE,Federal Contract Tower,0,0,0,0,0,0,0,0,0,0,0,0,0,0,0,0,0,0,0
01/31/2021,HUT,KS,ACE,CE,Federal Contract Tower,0,2,4,0,6,0,0,1,0,1,0,2,5,0,7,2,0,2,9
02/01/2021,HUT,KS,ACE,CE,Federal Contract Tower,0,0,6,6,12,0,10,27,0,37,0,10,33,6,49,28,10,38,87
02/02/2021,HUT,KS,ACE,CE,Federal Contract Tower,0,0,9,12,21,0,0,28,6,34,0,0,37,18,55,88,4,92,147
02/03/2021,HUT,KS,ACE,CE,Federal Contract Tower,0,0,6,2,8,0,8,39,8,55,0,8,45,10,63,66,2,68,131
02/04/2021,HUT,KS,ACE,CE,Federal Contract Tower,0,2,4,0,6,0,0,13,0,13,0,2,17,0,19,14,0,14,33
02/05/2021,HUT,KS,ACE,CE,Federal Contract Tower,0,6,3,0,9,0,15,17,0,32,0,21,20,0,41,18,0,18,59
02/06/2021,HUT,KS,ACE,CE,Federal Contract Tower,0,0,0,0,0,0,0,0,0,0,0,0,0,0,0,0,0,0,0
02/07/2021,HUT,KS,ACE,CE,Federal Contract Tower,0,0,1,0,1,0,0,0,0,0,0,0,1,0,1,0,0,0,1
02/08/2021,HUT,KS,ACE,CE,Federal Contract Tower,0,0,2,0,2,0,0,0,0,0,0,0,2,0,2,0,0,0,2
02/09/2021,HUT,KS,ACE,CE,Federal Contract Tower,0,1,2,0,3,0,0,0,0,0,0,1,2,0,3,0,0,0,3
02/10/2021,HUT,KS,ACE,CE,Federal Contract Tower,0,3,2,0,5,0,0,0,0,0,0,3,2,0,5,0,0,0,5
02/11/2021,HUT,KS,ACE,CE,Federal Contract Tower,0,0,1,0,1,0,1,1,0,2,0,1,2,0,3,2,0,2,5
02/12/2021,HUT,KS,ACE,CE,Federal Contract Tower,0,6,0,0,6,0,13,1,0,14,0,19,1,0,20,24,0,24,44
02/13/2021,HUT,KS,ACE,CE,Federal Contract Tower,0,0,1,0,1,0,0,1,0,1,0,0,2,0,2,0,0,0,2
02/14/2021,HUT,KS,ACE,CE,Federal Contract Tower,0,0,0,0,0,0,0,0,0,0,0,0,0,0,0,0,0,0,0
02/15/2021,HUT,KS,ACE,CE,Federal Contract Tower,0,0,5,0,5,0,0,2,0,2,0,0,7,0,7,0,0,0,7
02/16/2021,HUT,KS,ACE,CE,Federal Contract Tower,0,0,3,0,3,0,0,4,0,4,0,0,7,0,7,12,0,12,19
02/17/2021,HUT,KS,ACE,CE,Federal Contract Tower,0,2,4,0,6,0,5,16,0,21,0,7,20,0,27,36,0,36,63
02/18/2021,HUT,KS,ACE,CE,Federal Contract Tower,0,2,5,0,7,0,1,14,0,15,0,3,19,0,22,30,0,30,52
02/19/2021,HUT,KS,ACE,CE,Federal Contract Tower,0,0,9,0,9,0,2,14,0,16,0,2,23,0,25,26,0,26,51
02/20/2021,HUT,KS,ACE,CE,Federal Contract Tower,0,2,2,0,4,0,0,30,0,30,0,2,32,0,34,40,0,40,74
02/21/2021,HUT,KS,ACE,CE,Federal Contract Tower,0,0,1,0,1,0,0,5,0,5,0,0,6,0,6,10,0,10,16
02/22/2021,HUT,KS,ACE,CE,Federal Contract Tower,0,2,9,8,19,0,0,14,4,18,0,2,23,12,37,26,26,52,89
02/23/2021,HUT,KS,ACE,CE,Federal Contract Tower,0,0,6,9,15,0,2,20,0,22,0,2,26,9,37,24,20,44,81
02/24/2021,HUT,KS,ACE,CE,Federal Contract Tower,0,2,4,12,18,0,0,13,2,15,0,2,17,14,33,52,38,90,123
02/25/2021,HUT,KS,ACE,CE,Federal Contract Tower,0,0,7,21,28,0,8,25,0,33,0,8,32,21,61,34,44,78,139
02/26/2021,HUT,KS,ACE,CE,Federal Contract Tower,0,0,4,23,27,0,8,17,5,30,0,8,21,28,57,24,36,60,117
02/27/2021,HUT,KS,ACE,CE,Federal Contract Tower,0,0,1,0,1,0,0,0,0,0,0,0,1,0,1,0,0,0,1
02/28/2021,HUT,KS,ACE,CE,Federal Contract Tower,0,2,5,1,8,0,0,21,1,22,0,2,26,2,30,20,22,42,72
03/01/2021,HUT,KS,ACE,CE,Federal Contract Tower,0,2,6,9,17,0,14,29,2,45,0,16,35,11,62,40,32,72,134
03/02/2021,HUT,KS,ACE,CE,Federal Contract Tower,0,1,1,6,8,0,6,11,0,17,0,7,12,6,25,26,16,42,67
03/03/2021,HUT,KS,ACE,CE,Federal Contract Tower,0,1,7,15,23,0,0,39,3,42,0,1,46,18,65,58,22,80,145
03/04/2021,HUT,KS,ACE,CE,Federal Contract Tower,0,0,3,7,10,0,1,25,3,29,0,1,28,10,39,42,24,66,105
03/05/2021,HUT,KS,ACE,CE,Federal Contract Tower,0,0,10,12,22,0,2,20,0,22,0,2,30,12,44,30,0,30,74
03/06/2021,HUT,KS,ACE,CE,Federal Contract Tower,0,0,3,4,7,0,6,21,0,27,0,6,24,4,34,50,0,50,84
03/07/2021,HUT,KS,ACE,CE,Federal Contract Tower,0,0,3,0,3,0,3,6,0,9,0,3,9,0,12,2,0,2,14
03/08/2021,HUT,KS,ACE,CE,Federal Contract Tower,0,0,2,16,18,0,4,7,6,17,0,4,9,22,35,20,18,38,73
03/09/2021,HUT,KS,ACE,CE,Federal Contract Tower,0,1,2,10,13,0,2,9,0,11,0,3,11,10,24,18,20,38,62
03/10/2021,HUT,KS,ACE,CE,Federal Contract Tower,0,2,6,18,26,0,2,5,4,11,0,4,11,22,37,14,46,60,97
03/11/2021,HUT,KS,ACE,CE,Federal Contract Tower,0,0,11,0,11,0,17,28,0,45,0,17,39,0,56,66,0,66,122
03/12/2021,HUT,KS,ACE,CE,Federal Contract Tower,0,2,11,0,13,0,0,0,0,0,0,2,11,0,13,6,0,6,19
03/13/2021,HUT,KS,ACE,CE,Federal Contract Tower,0,0,2,0,2,0,0,0,0,0,0,0,2,0,2,0,0,0,2
03/14/2021,HUT,KS,ACE,CE,Federal Contract Tower,0,2,9,2,13,0,0,9,0,9,0,2,18,2,22,18,0,18,40
03/15/2021,HUT,KS,ACE,CE,Federal Contract Tower,0,0,8,12,20,0,17,13,2,32,0,17,21,14,52,40,10,50,102
03/16/2021,HUT,KS,ACE,CE,Federal Contract Tower,0,1,19,8,28,0,8,31,2,41,0,9,50,10,69,58,26,84,153
03/17/2021,HUT,KS,ACE,CE,Federal Contract Tower,0,0,3,0,3,0,0,0,0,0,0,0,3,0,3,0,0,0,3
03/18/2021,HUT,KS,ACE,CE,Federal Contract Tower,0,6,6,3,15,0,0,7,5,12,0,6,13,8,27,20,32,52,79
03/19/2021,HUT,KS,ACE,CE,Federal Contract Tower,0,2,13,1,16,0,8,35,3,46,0,10,48,4,62,50,2,52,114
03/20/2021,HUT,KS,ACE,CE,Federal Contract Tower,0,0,10,1,11,0,4,11,0,15,0,4,21,1,26,28,0,28,54
03/21/2021,HUT,KS,ACE,CE,Federal Contract Tower,0,0,7,1,8,0,0,1,3,4,0,0,8,4,12,0,18,18,30
03/22/2021,HUT,KS,ACE,CE,Federal Contract Tower,0,0,5,0,5,0,0,0,0,0,0,0,5,0,5,6,0,6,11
03/23/2021,HUT,KS,ACE,CE,Federal Contract Tower,0,0,11,0,11,0,0,0,0,0,0,0,11,0,11,10,0,10,21
03/24/2021,HUT,KS,ACE,CE,Federal Contract Tower,0,0,8,12,20,0,0,15,2,17,0,0,23,14,37,34,20,54,91
03/25/2021,HUT,KS,ACE,CE,Federal Contract Tower,0,4,14,13,31,0,0,17,0,17,0,4,31,13,48,50,12,62,110
03/26/2021,HUT,KS,ACE,CE,Federal Contract Tower,0,2,12,7,21,0,2,18,4,24,0,4,30,11,45,38,10,48,93
03/27/2021,HUT,KS,ACE,CE,Federal Contract Tower,0,3,6,0,9,0,0,11,5,16,0,3,17,5,25,16,0,16,41
03/28/2021,HUT,KS,ACE,CE,Federal Contract Tower,0,0,4,0,4,0,0,47,0,47,0,0,51,0,51,48,0,48,99
03/29/2021,HUT,KS,ACE,CE,Federal Contract Tower,0,0,6,0,6,0,40,9,0,49,0,40,15,0,55,16,0,16,71
03/30/2021,HUT,KS,ACE,CE,Federal Contract Tower,0,2,4,8,14,0,0,10,0,10,0,2,14,8,24,20,6,26,50
03/31/2021,HUT,KS,ACE,CE,Federal Contract Tower,0,0,11,30,41,0,21,34,11,66,0,21,45,41,107,114,46,160,267
04/01/2021,HUT,KS,ACE,CE,Federal Contract Tower,0,4,5,6,15,0,0,27,6,33,0,4,32,12,48,42,36,78,126
04/02/2021,HUT,KS,ACE,CE,Federal Contract Tower,0,4,1,0,5,0,0,8,4,12,0,4,9,4,17,16,4,20,37
04/03/2021,HUT,KS,ACE,CE,Federal Contract Tower,0,0,6,4,10,0,0,24,0,24,0,0,30,4,34,32,6,38,72
04/04/2021,HUT,KS,ACE,CE,Federal Contract Tower,0,0,0,0,0,0,10,10,0,20,0,10,10,0,20,18,0,18,38
04/05/2021,HUT,KS,ACE,CE,Federal Contract Tower,0,2,4,14,20,0,0,18,2,20,0,2,22,16,40,14,34,48,88
04/06/2021,HUT,KS,ACE,CE,Federal Contract Tower,0,0,20,2,22,0,0,2,0,2,0,0,22,2,24,8,0,8,32
04/07/2021,HUT,KS,ACE,CE,Federal Contract Tower,0,1,7,3,11,0,0,0,1,1,0,1,7,4,12,6,0,6,18
04/08/2021,HUT,KS,ACE,CE,Federal Contract Tower,0,2,9,2,13,0,2,11,2,15,0,4,20,4,28,22,12,34,62
04/09/2021,HUT,KS,ACE,CE,Federal Contract Tower,0,2,3,6,11,0,0,23,0,23,0,2,26,6,34,26,0,26,60
04/10/2021,HUT,KS,ACE,CE,Federal Contract Tower,0,1,4,0,5,0,0,21,0,21,0,1,25,0,26,34,0,34,60
04/11/2021,HUT,KS,ACE,CE,Federal Contract Tower,0,0,3,0,3,0,0,34,0,34,0,0,37,0,37,36,0,36,73
04/12/2021,HUT,KS,ACE,CE,Federal Contract Tower,0,0,4,0,4,0,1,16,0,17,0,1,20,0,21,40,0,40,61
04/13/2021,HUT,KS,ACE,CE,Federal Contract Tower,0,4,15,11,30,0,0,62,1,63,0,4,77,12,93,88,18,106,199
04/14/2021,HUT,KS,ACE,CE,Federal Contract Tower,0,3,5,26,34,0,4,25,8,37,0,7,30,34,71,40,38,78,149
04/15/2021,HUT,KS,ACE,CE,Federal Contract Tower,0,1,9,12,22,0,8,27,1,36,0,9,36,13,58,52,14,66,124
04/16/2021,HUT,KS,ACE,CE,Federal Contract Tower,0,2,8,0,10,0,0,0,0,0,0,2,8,0,10,0,0,0,10
04/17/2021,HUT,KS,ACE,CE,Federal Contract Tower,0,0,15,0,15,0,0,17,0,17,0,0,32,0,32,40,0,40,72
04/18/2021,HUT,KS,ACE,CE,Federal Contract Tower,0,0,7,0,7,0,5,32,0,37,0,5,39,0,44,54,0,54,98
04/19/2021,HUT,KS,ACE,CE,Federal Contract Tower,0,2,9,0,11,0,2,21,0,23,0,4,30,0,34,60,0,60,94
04/20/2021,HUT,KS,ACE,CE,Federal Contract Tower,0,2,5,0,7,0,0,11,0,11,0,2,16,0,18,18,0,18,36
04/21/2021,HUT,KS,ACE,CE,Federal Contract Tower,0,7,8,9,24,0,8,19,1,28,0,15,27,10,52,58,0,58,110
04/22/2021,HUT,KS,ACE,CE,Federal Contract Tower,0,0,10,0,10,0,0,9,0,9,0,0,19,0,19,34,0,34,53
04/23/2021,HUT,KS,ACE,CE,Federal Contract Tower,0,0,6,0,6,0,0,1,0,1,0,0,7,0,7,6,0,6,13
04/24/2021,HUT,KS,ACE,CE,Federal Contract Tower,0,0,5,0,5,0,2,37,0,39,0,2,42,0,44,60,0,60,104
04/25/2021,HUT,KS,ACE,CE,Federal Contract Tower,0,4,3,2,9,0,0,13,0,13,0,4,16,2,22,4,0,4,26
04/26/2021,HUT,KS,ACE,CE,Federal Contract Tower,0,2,3,0,5,0,0,12,0,12,0,2,15,0,17,10,0,10,27
04/27/2021,HUT,KS,ACE,CE,Federal Contract Tower,0,1,10,6,17,0,0,13,0,13,0,1,23,6,30,14,0,14,44
04/28/2021,HUT,KS,ACE,CE,Federal Contract Tower,0,5,10,0,15,0,0,0,0,0,0,5,10,0,15,4,0,4,19
04/29/2021,HUT,KS,ACE,CE,Federal Contract Tower,0,1,6,14,21,0,2,19,10,31,0,3,25,24,52,50,8,58,110
04/30/2021,HUT,KS,ACE,CE,Federal Contract Tower,0,3,7,2,12,0,7,59,3,69,0,10,66,5,81,70,0,70,151
05/01/2021,HUT,KS,ACE,CE,Federal Contract Tower,0,0,9,0,9,0,0,431,1,432,0,0,440,1,441,160,0,160,601
05/02/2021,HUT,KS,ACE,CE,Federal Contract Tower,0,0,11,0,11,0,0,2,0,2,0,0,13,0,13,0,0,0,13
05/03/2021,HUT,KS,ACE,CE,Federal Contract Tower,0,1,8,8,17,0,2,4,0,6,0,3,12,8,23,6,8,14,37
05/04/2021,HUT,KS,ACE,CE,Federal Contract Tower,0,0,8,4,12,0,34,31,0,65,0,34,39,4,77,66,8,74,151
05/05/2021,HUT,KS,ACE,CE,Federal Contract Tower,0,0,10,16,26,0,4,18,2,24,0,4,28,18,50,82,6,88,138
05/06/2021,HUT,KS,ACE,CE,Federal Contract Tower,0,0,10,8,18,0,3,27,2,32,0,3,37,10,50,66,0,66,116
05/07/2021,HUT,KS,ACE,CE,Federal Contract Tower,0,0,8,0,8,0,3,12,0,15,0,3,20,0,23,30,0,30,53
05/08/2021,HUT,KS,ACE,CE,Federal Contract Tower,0,0,4,0,4,0,8,11,0,19,0,8,15,0,23,20,0,20,43
05/09/2021,HUT,KS,ACE,CE,Federal Contract Tower,0,0,23,0,23,0,0,5,0,5,0,0,28,0,28,32,0,32,60
05/10/2021,HUT,KS,ACE,CE,Federal Contract Tower,0,2,5,0,7,0,0,24,0,24,0,2,29,0,31,50,0,50,81
05/11/2021,HUT,KS,ACE,CE,Federal Contract Tower,0,2,16,6,24,0,1,12,0,13,0,3,28,6,37,34,14,48,85
05/12/2021,HUT,KS,ACE,CE,Federal Contract Tower,0,2,13,19,34,0,2,40,19,61,0,4,53,38,95,122,90,212,307
05/13/2021,HUT,KS,ACE,CE,Federal Contract Tower,0,0,9,7,16,0,2,53,0,55,0,2,62,7,71,124,8,132,203
05/14/2021,HUT,KS,ACE,CE,Federal Contract Tower,0,2,8,0,10,0,0,9,0,9,0,2,17,0,19,16,0,16,35
05/15/2021,HUT,KS,ACE,CE,Federal Contract Tower,0,0,5,0,5,0,0,7,0,7,0,0,12,0,12,8,0,8,20
05/16/2021,HUT,KS,ACE,CE,Federal Contract Tower,0,1,12,0,13,0,0,2,3,5,0,1,14,3,18,0,2,2,20
05/17/2021,HUT,KS,ACE,CE,Federal Contract Tower,0,1,3,4,8,0,0,3,0,3,0,1,6,4,11,6,0,6,17
05/18/2021,HUT,KS,ACE,CE,Federal Contract Tower,0,2,8,0,10,0,0,2,0,2,0,2,10,0,12,0,0,0,12
05/19/2021,HUT,KS,ACE,CE,Federal Contract Tower,0,0,11,2,13,0,0,17,0,17,0,0,28,2,30,14,0,14,44
05/20/2021,HUT,KS,ACE,CE,Federal Contract Tower,0,1,13,10,24,0,0,2,1,3,0,1,15,11,27,0,12,12,39
05/21/2021,HUT,KS,ACE,CE,Federal Contract Tower,0,3,18,5,26,0,2,17,4,23,0,5,35,9,49,28,10,38,87
05/22/2021,HUT,KS,ACE,CE,Federal Contract Tower,0,0,3,1,4,0,0,0,1,1,0,0,3,2,5,0,2,2,7
05/23/2021,HUT,KS,ACE,CE,Federal Contract Tower,0,0,4,14,18,0,0,0,5,5,0,0,4,19,23,2,38,40,63
05/24/2021,HUT,KS,ACE,CE,Federal Contract Tower,0,8,9,20,37,0,0,4,8,12,0,8,13,28,49,10,14,24,73
05/25/2021,HUT,KS,ACE,CE,Federal Contract Tower,0,2,3,26,31,0,0,15,16,31,0,2,18,42,62,40,26,66,128
05/26/2021,HUT,KS,ACE,CE,Federal Contract Tower,0,0,8,6,14,0,1,15,0,16,0,1,23,6,30,22,22,44,74
05/27/2021,HUT,KS,ACE,CE,Federal Contract Tower,0,2,7,0,9,0,0,12,0,12,0,2,19,0,21,14,0,14,35
05/28/2021,HUT,KS,ACE,CE,Federal Contract Tower,0,5,8,0,13,0,0,19,0,19,0,5,27,0,32,24,0,24,56
05/29/2021,HUT,KS,ACE,CE,Federal Contract Tower,0,0,8,0,8,0,3,24,0,27,0,3,32,0,35,12,0,12,47
05/30/2021,HUT,KS,ACE,CE,Federal Contract Tower,0,2,5,0,7,0,0,0,0,0,0,2,5,0,7,0,0,0,7
05/31/2021,HUT,KS,ACE,CE,Federal Contract Tower,0,1,2,0,3,0,0,0,0,0,0,1,2,0,3,0,0,0,3
06/01/2021,HUT,KS,ACE,CE,Federal Contract Tower,0,0,13,14,27,0,17,12,18,47,0,17,25,32,74,180,36,216,290
06/02/2021,HUT,KS,ACE,CE,Federal Contract Tower,0,3,2,21,26,0,0,15,5,20,0,3,17,26,46,24,78,102,148
06/03/2021,HUT,KS,ACE,CE,Federal Contract Tower,0,0,8,14,22,0,2,31,1,34,0,2,39,15,56,36,8,44,100
06/04/2021,HUT,KS,ACE,CE,Federal Contract Tower,0,2,5,6,13,0,3,32,4,39,0,5,37,10,52,48,8,56,108
06/05/2021,HUT,KS,ACE,CE,Federal Contract Tower,0,0,2,7,9,0,0,28,2,30,0,0,30,9,39,20,24,44,83
06/06/2021,HUT,KS,ACE,CE,Federal Contract Tower,0,2,7,38,47,0,0,9,3,12,0,2,16,41,59,6,20,26,85
06/07/2021,HUT,KS,ACE,CE,Federal Contract Tower,0,2,8,16,26,0,0,13,5,18,0,2,21,21,44,30,26,56,100
06/08/2021,HUT,KS,ACE,CE,Federal Contract Tower,0,0,7,23,30,0,9,16,0,25,0,9,23,23,55,18,32,50,105
06/09/2021,HUT,KS,ACE,CE,Federal Contract Tower,0,2,2,35,39,0,12,15,5,32,0,14,17,40,71,18,50,68,139
06/10/2021,HUT,KS,ACE,CE,Federal Contract Tower,0,2,9,15,26,0,6,22,4,32,0,8,31,19,58,32,52,84,142
06/11/2021,HUT,KS,ACE,CE,Federal Contract Tower,0,2,14,0,16,0,6,11,0,17,0,8,25,0,33,24,0,24,57
06/12/2021,HUT,KS,ACE,CE,Federal Contract Tower,0,0,11,0,11,0,2,22,0,24,0,2,33,0,35,38,0,38,73
06/13/2021,HUT,KS,ACE,CE,Federal Contract Tower,0,2,5,0,7,0,10,19,0,29,0,12,24,0,36,32,0,32,68
06/14/2021,HUT,KS,ACE,CE,Federal Contract Tower,0,0,10,3,13,0,3,47,0,50,0,3,57,3,63,84,6,90,153
06/15/2021,HUT,KS,ACE,CE,Federal Contract Tower,0,1,6,14,21,0,4,13,2,19,0,5,19,16,40,10,2,12,52
06/16/2021,HUT,KS,ACE,CE,Federal Contract Tower,0,2,9,24,35,0,2,23,2,27,0,4,32,26,62,20,50,70,132
06/17/2021,HUT,KS,ACE,CE,Federal Contract Tower,0,1,3,7,11,0,4,23,5,32,0,5,26,12,43,46,18,64,107
06/18/2021,HUT,KS,ACE,CE,Federal Contract Tower,0,0,4,0,4,0,4,11,0,15,0,4,15,0,19,22,0,22,41
06/19/2021,HUT,KS,ACE,CE,Federal Contract Tower,0,1,1,12,14,0,1,21,4,26,0,2,22,16,40,26,10,36,76
06/20/2021,HUT,KS,ACE,CE,Federal Contract Tower,0,0,2,0,2,0,2,4,9,15,0,2,6,9,17,0,0,0,17
06/21/2021,HUT,KS,ACE,CE,Federal Contract Tower,0,0,3,32,35,0,2,25,10,37,0,2,28,42,72,10,48,58,130
06/22/2021,HUT,KS,ACE,CE,Federal Contract Tower,0,2,4,0,6,0,5,21,0,26,0,7,25,0,32,30,0,30,62
06/23/2021,HUT,KS,ACE,CE,Federal Contract Tower,0,0,0,4,4,0,0,5,0,5,0,0,5,4,9,10,0,10,19
06/24/2021,HUT,KS,ACE,CE,Federal Contract Tower,0,0,8,0,8,0,1,10,0,11,0,1,18,0,19,126,0,126,145
06/25/2021,HUT,KS,ACE,CE,Federal Contract Tower,0,0,9,0,9,0,0,5,0,5,0,0,14,0,14,20,0,20,34
06/26/2021,HUT,KS,ACE,CE,Federal Contract Tower,0,0,10,0,10,0,0,4,0,4,0,0,14,0,14,0,0,0,14
06/27/2021,HUT,KS,ACE,CE,Federal Contract Tower,0,2,5,6,13,0,0,11,0,11,0,2,16,6,24,6,2,8,32
06/28/2021,HUT,KS,ACE,CE,Federal Contract Tower,0,0,6,24,30,0,0,13,0,13,0,0,19,24,43,52,24,76,119
06/29/2021,HUT,KS,ACE,CE,Federal Contract Tower,0,5,6,4,15,0,0,10,0,10,0,5,16,4,25,22,8,30,55
06/30/2021,HUT,KS,ACE,CE,Federal Contract Tower,0,5,13,2,20,0,1,13,0,14,0,6,26,2,34,12,0,12,46
07/01/2021,HUT,KS,ACE,CE,Federal Contract Tower,0,2,7,0,9,0,0,4,0,4,0,2,11,0,13,14,0,14,27
07/02/2021,HUT,KS,ACE,CE,Federal Contract Tower,0,0,6,0,6,0,2,27,0,29,0,2,33,0,35,32,0,32,67
07/03/2021,HUT,KS,ACE,CE,Federal Contract Tower,0,3,2,0,5,0,0,15,0,15,0,3,17,0,20,50,0,50,70
07/04/2021,HUT,KS,ACE,CE,Federal Contract Tower,0,0,0,0,0,0,2,12,0,14,0,2,12,0,14,42,0,42,56
07/05/2021,HUT,KS,ACE,CE,Federal Contract Tower,0,0,4,0,4,0,0,15,0,15,0,0,19,0,19,42,0,42,61
07/06/2021,HUT,KS,ACE,CE,Federal Contract Tower,0,0,6,6,12,0,0,34,3,37,0,0,40,9,49,70,8,78,127
07/07/2021,HUT,KS,ACE,CE,Federal Contract Tower,0,1,6,0,7,0,2,7,0,9,0,3,13,0,16,14,0,14,30
07/08/2021,HUT,KS,ACE,CE,Federal Contract Tower,0,1,3,21,25,0,4,17,1,22,0,5,20,22,47,50,64,114,161
07/09/2021,HUT,KS,ACE,CE,Federal Contract Tower,0,1,11,6,18,0,2,12,3,17,0,3,23,9,35,116,12,128,163
07/10/2021,HUT,KS,ACE,CE,Federal Contract Tower,0,0,3,0,3,0,0,22,0,22,0,0,25,0,25,46,0,46,71
07/11/2021,HUT,KS,ACE,CE,Federal Contract Tower,0,0,7,0,7,0,0,6,0,6,0,0,13,0,13,0,0,0,13
07/12/2021,HUT,KS,ACE,CE,Federal Contract Tower,0,1,5,6,12,0,2,29,0,31,0,3,34,6,43,120,0,120,163
07/13/2021,HUT,KS,ACE,CE,Federal Contract Tower,0,2,2,29,33,0,8,24,2,34,0,10,26,31,67,44,40,84,151
07/14/2021,HUT,KS,ACE,CE,Federal Contract Tower,0,5,7,16,28,0,16,9,2,27,0,21,16,18,55,32,18,50,105
07/15/2021,HUT,KS,ACE,CE,Federal Contract Tower,0,8,10,0,18,0,0,0,0,0,0,8,10,0,18,0,0,0,18
07/16/2021,HUT,KS,ACE,CE,Federal Contract Tower,0,0,14,13,27,0,2,14,0,16,0,2,28,13,43,24,30,54,97
07/17/2021,HUT,KS,ACE,CE,Federal Contract Tower,0,2,1,0,3,0,0,11,0,11,0,2,12,0,14,12,0,12,26
07/18/2021,HUT,KS,ACE,CE,Federal Contract Tower,0,0,15,4,19,0,0,11,0,11,0,0,26,4,30,0,8,8,38
07/19/2021,HUT,KS,ACE,CE,Federal Contract Tower,0,0,6,34,40,0,3,26,1,30,0,3,32,35,70,30,36,66,136
07/20/2021,HUT,KS,ACE,CE,Federal Contract Tower,0,1,14,16,31,0,6,23,3,32,0,7,37,19,63,48,10,58,121
07/21/2021,HUT,KS,ACE,CE,Federal Contract Tower,0,4,12,23,39,0,1,17,4,22,0,5,29,27,61,38,52,90,151
07/22/2021,HUT,KS,ACE,CE,Federal Contract Tower,0,0,14,41,55,0,4,24,6,34,0,4,38,47,89,84,56,140,229
07/23/2021,HUT,KS,ACE,CE,Federal Contract Tower,0,0,14,23,37,0,2,20,2,24,0,2,34,25,61,18,28,46,107
07/24/2021,HUT,KS,ACE,CE,Federal Contract Tower,0,2,10,4,16,0,0,24,0,24,0,2,34,4,40,30,10,40,80
07/25/2021,HUT,KS,ACE,CE,Federal Contract Tower,0,0,5,1,6,0,0,19,0,19,0,0,24,1,25,18,2,20,45
07/26/2021,HUT,KS,ACE,CE,Federal Contract Tower,0,0,11,4,15,0,1,66,0,67,0,1,77,4,82,88,0,88,170
07/28/2021,HUT,KS,ACE,CE,Federal Contract Tower,0,1,10,20,31,0,2,13,0,15,0,3,23,20,46,128,10,138,184
07/29/2021,HUT,KS,ACE,CE,Federal Contract Tower,0,1,11,19,31,0,1,18,1,20,0,2,29,20,51,50,22,72,123
07/30/2021,HUT,KS,ACE,CE,Federal Contract Tower,0,0,6,23,29,0,18,27,5,50,0,18,33,28,79,31,34,65,144
07/31/2021,HUT,KS,ACE,CE,Federal Contract Tower,0,0,1,2,3,0,0,16,0,16,0,0,17,2,19,16,0,16,35
08/01/2021,HUT,KS,ACE,CE,Federal Contract Tower,0,2,7,0,9,0,0,5,0,5,0,2,12,0,14,8,0,8,22
08/02/2021,HUT,KS,ACE,CE,Federal Contract Tower,0,0,7,12,19,0,2,30,2,34,0,2,37,14,53,42,18,60,113
08/03/2021,HUT,KS,ACE,CE,Federal Contract Tower,0,2,5,15,22,0,6,14,5,25,0,8,19,20,47,32,34,66,113
08/04/2021,HUT,KS,ACE,CE,Federal Contract Tower,0,1,5,22,28,0,0,27,2,29,0,1,32,24,57,54,24,78,135
08/05/2021,HUT,KS,ACE,CE,Federal Contract Tower,0,3,6,16,25,0,6,15,4,25,0,9,21,20,50,44,42,86,136
08/06/2021,HUT,KS,ACE,CE,Federal Contract Tower,0,2,6,7,15,0,7,31,0,38,0,9,37,7,53,54,6,60,113
08/07/2021,HUT,KS,ACE,CE,Federal Contract Tower,0,0,4,0,4,0,0,5,8,13,0,0,9,8,17,0,0,0,17
08/08/2021,HUT,KS,ACE,CE,Federal Contract Tower,0,2,3,2,7,0,0,17,0,17,0,2,20,2,24,28,0,28,52
08/09/2021,HUT,KS,ACE,CE,Federal Contract Tower,0,3,6,8,17,0,1,19,4,24,0,4,25,12,41,22,20,42,83
08/10/2021,HUT,KS,ACE,CE,Federal Contract Tower,0,0,3,18,21,0,4,17,1,22,0,4,20,19,43,38,38,76,119
08/11/2021,HUT,KS,ACE,CE,Federal Contract Tower,0,2,9,15,26,0,4,9,1,14,0,6,18,16,40,86,44,130,170
08/12/2021,HUT,KS,ACE,CE,Federal Contract Tower,0,3,4,12,19,0,46,17,2,65,0,49,21,14,84,106,12,118,202
08/13/2021,HUT,KS,ACE,CE,Federal Contract Tower,0,2,7,6,15,0,6,15,0,21,0,8,22,6,36,56,6,62,98
08/14/2021,HUT,KS,ACE,CE,Federal Contract Tower,0,2,6,0,8,0,2,13,0,15,0,4,19,0,23,26,0,26,49
08/15/2021,HUT,KS,ACE,CE,Federal Contract Tower,0,0,5,10,15,0,0,15,0,15,0,0,20,10,30,18,6,24,54
08/16/2021,HUT,KS,ACE,CE,Federal Contract Tower,0,0,5,0,5,0,4,15,0,19,0,4,20,0,24,44,0,44,68
08/17/2021,HUT,KS,ACE,CE,Federal Contract Tower,0,4,4,10,18,0,0,18,0,18,0,4,22,10,36,70,6,76,112
08/18/2021,HUT,KS,ACE,CE,Federal Contract Tower,0,0,8,27,35,0,0,7,1,8,0,0,15,28,43,26,32,58,101
08/19/2021,HUT,KS,ACE,CE,Federal Contract Tower,0,1,7,9,17,0,0,5,0,5,0,1,12,9,22,34,14,48,70
08/20/2021,HUT,KS,ACE,CE,Federal Contract Tower,0,4,15,2,21,0,0,19,0,19,0,4,34,2,40,56,0,56,96
08/21/2021,HUT,KS,ACE,CE,Federal Contract Tower,0,2,5,0,7,0,0,24,0,24,0,2,29,0,31,26,0,26,57
08/22/2021,HUT,KS,ACE,CE,Federal Contract Tower,0,1,6,0,7,0,0,29,0,29,0,1,35,0,36,60,0,60,96
08/23/2021,HUT,KS,ACE,CE,Federal Contract Tower,0,0,7,14,21,0,0,21,4,25,0,0,28,18,46,12,24,36,82
08/24/2021,HUT,KS,ACE,CE,Federal Contract Tower,0,1,6,16,23,0,0,10,0,10,0,1,16,16,33,10,20,30,63
08/25/2021,HUT,KS,ACE,CE,Federal Contract Tower,0,2,5,16,23,0,6,11,2,19,0,8,16,18,42,56,24,80,122
08/26/2021,HUT,KS,ACE,CE,Federal Contract Tower,0,4,7,10,21,0,0,26,1,27,0,4,33,11,48,52,12,64,112
08/27/2021,HUT,KS,ACE,CE,Federal Contract Tower,0,0,5,20,25,0,0,21,10,31,0,0,26,30,56,20,38,58,114
08/28/2021,HUT,KS,ACE,CE,Federal Contract Tower,0,0,3,0,3,0,0,30,0,30,0,0,33,0,33,68,0,68,101
08/29/2021,HUT,KS,ACE,CE,Federal Contract Tower,0,0,3,0,3,0,0,3,0,3,0,0,6,0,6,2,0,2,8
08/30/2021,HUT,KS,ACE,CE,Federal Contract Tower,0,0,5,24,29,0,2,11,18,31,0,2,16,42,60,38,66,104,164
08/31/2021,HUT,KS,ACE,CE,Federal Contract Tower,0,0,7,12,19,0,0,39,0,39,0,0,46,12,58,58,14,72,130
09/01/2021,HUT,KS,ACE,CE,Federal Contract Tower,0,0,8,30,38,0,6,17,4,27,0,6,25,34,65,50,68,118,183
09/02/2021,HUT,KS,ACE,CE,Federal Contract Tower,0,0,11,6,17,0,2,19,5,26,0,2,30,11,43,44,14,58,101
09/03/2021,HUT,KS,ACE,CE,Federal Contract Tower,0,7,13,0,20,0,0,5,0,5,0,7,18,0,25,0,0,0,25
09/04/2021,HUT,KS,ACE,CE,Federal Contract Tower,0,3,5,0,8,0,0,10,0,10,0,3,15,0,18,8,0,8,26
09/05/2021,HUT,KS,ACE,CE,Federal Contract Tower,0,0,3,0,3,0,0,25,0,25,0,0,28,0,28,32,0,32,60
09/06/2021,HUT,KS,ACE,CE,Federal Contract Tower,0,0,3,0,3,0,2,18,0,20,0,2,21,0,23,12,0,12,35
09/07/2021,HUT,KS,ACE,CE,Federal Contract Tower,0,2,7,4,13,0,2,14,0,16,0,4,21,4,29,40,10,50,79
09/08/2021,HUT,KS,ACE,CE,Federal Contract Tower,0,0,3,9,12,0,16,33,5,54,0,16,36,14,66,126,20,146,212
09/09/2021,HUT,KS,ACE,CE,Federal Contract Tower,0,1,8,10,19,0,2,8,2,12,0,3,16,12,31,16,30,46,77
09/10/2021,HUT,KS,ACE,CE,Federal Contract Tower,0,0,5,21,26,0,2,21,2,25,0,2,26,23,51,72,14,86,137
09/11/2021,HUT,KS,ACE,CE,Federal Contract Tower,0,0,4,0,4,0,0,25,0,25,0,0,29,0,29,80,0,80,109
09/12/2021,HUT,KS,ACE,CE,Federal Contract Tower,0,4,4,11,19,0,0,29,0,29,0,4,33,11,48,30,10,40,88
09/13/2021,HUT,KS,ACE,CE,Federal Contract Tower,0,3,6,12,21,0,0,24,0,24,0,3,30,12,45,26,16,42,87
09/14/2021,HUT,KS,ACE,CE,Federal Contract Tower,0,4,7,26,37,0,2,11,6,19,0,6,18,32,56,10,22,32,88
09/15/2021,HUT,KS,ACE,CE,Federal Contract Tower,0,3,13,19,35,0,2,20,1,23,0,5,33,20,58,18,16,34,92
09/16/2021,HUT,KS,ACE,CE,Federal Contract Tower,0,2,10,47,59,0,12,32,2,46,0,14,42,49,105,80,66,146,251
09/17/2021,HUT,KS,ACE,CE,Federal Contract Tower,0,6,13,12,31,0,2,14,2,18,0,8,27,14,49,20,2,22,71
09/18/2021,HUT,KS,ACE,CE,Federal Contract Tower,0,2,5,0,7,0,1,30,0,31,0,3,35,0,38,62,0,62,100
09/19/2021,HUT,KS,ACE,CE,Federal Contract Tower,0,1,1,7,9,0,0,29,1,30,0,1,30,8,39,12,6,18,57
09/20/2021,HUT,KS,ACE,CE,Federal Contract Tower,0,1,3,0,4,0,0,18,0,18,0,1,21,0,22,4,0,4,26
09/21/2021,HUT,KS,ACE,CE,Federal Contract Tower,0,4,4,16,24,0,3,11,0,14,0,7,15,16,38,76,10,86,124
09/22/2021,HUT,KS,ACE,CE,Federal Contract Tower,0,8,9,22,39,0,8,30,2,40,0,16,39,24,79,82,22,104,183
09/23/2021,HUT,KS,ACE,CE,Federal Contract Tower,0,0,4,13,17,0,2,21,3,26,0,2,25,16,43,96,4,100,143
09/24/2021,HUT,KS,ACE,CE,Federal Contract Tower,0,6,6,4,16,0,0,24,0,24,0,6,30,4,40,32,0,32,72
09/25/2021,HUT,KS,ACE,CE,Federal Contract Tower,0,0,5,7,12,0,2,39,1,42,0,2,44,8,54,68,2,70,124
09/26/2021,HUT,KS,ACE,CE,Federal Contract Tower,0,3,5,6,14,0,1,16,0,17,0,4,21,6,31,14,24,38,69
09/27/2021,HUT,KS,ACE,CE,Federal Contract Tower,0,3,12,27,42,0,0,6,9,15,0,3,18,36,57,12,76,88,145
09/28/2021,HUT,KS,ACE,CE,Federal Contract Tower,0,3,3,25,31,0,2,15,1,18,0,5,18,26,49,16,50,66,115
09/29/2021,HUT,KS,ACE,CE,Federal Contract Tower,0,0,4,22,26,0,4,11,2,17,0,4,15,24,43,22,56,78,121
09/30/2021,HUT,KS,ACE,CE,Federal Contract Tower,0,5,3,2,10,0,0,3,0,3,0,5,6,2,13,14,0,14,27
10/01/2021,HUT,KS,ACE,CE,Federal Contract Tower,0,0,17,6,23,0,0,11,0,11,0,0,28,6,34,12,0,12,46
10/02/2021,HUT,KS,ACE,CE,Federal Contract Tower,0,0,7,5,12,0,2,2,3,7,0,2,9,8,19,2,0,2,21
10/03/2021,HUT,KS,ACE,CE,Federal Contract Tower,0,4,10,0,14,0,0,15,0,15,0,4,25,0,29,22,0,22,51
10/04/2021,HUT,KS,ACE,CE,Federal Contract Tower,0,2,4,14,20,0,4,36,2,42,0,6,40,16,62,98,18,116,178
10/05/2021,HUT,KS,ACE,CE,Federal Contract Tower,0,0,7,16,23,0,10,25,0,35,0,10,32,16,58,96,40,136,194
10/06/2021,HUT,KS,ACE,CE,Federal Contract Tower,0,4,16,16,36,0,2,21,0,23,0,6,37,16,59,130,10,140,199
10/07/2021,HUT,KS,ACE,CE,Federal Contract Tower,0,1,25,12,38,0,4,41,3,48,0,5,66,15,86,104,28,132,218
10/08/2021,HUT,KS,ACE,CE,Federal Contract Tower,0,0,6,36,42,0,16,39,7,62,0,16,45,43,104,74,50,124,228
10/09/2021,HUT,KS,ACE,CE,Federal Contract Tower,0,0,2,0,2,0,0,16,0,16,0,0,18,0,18,34,0,34,52
10/10/2021,HUT,KS,ACE,CE,Federal Contract Tower,0,2,5,2,9,0,0,8,2,10,0,2,13,4,19,2,0,2,21
10/11/2021,HUT,KS,ACE,CE,Federal Contract Tower,0,2,5,0,7,0,16,18,0,34,0,18,23,0,41,80,0,80,121
10/12/2021,HUT,KS,ACE,CE,Federal Contract Tower,0,0,3,0,3,0,0,6,2,8,0,0,9,2,11,6,0,6,17
10/13/2021,HUT,KS,ACE,CE,Federal Contract Tower,0,3,3,43,49,0,13,20,15,48,0,16,23,58,97,76,32,108,205
10/14/2021,HUT,KS,ACE,CE,Federal Contract Tower,0,2,16,22,40,0,0,16,5,21,0,2,32,27,61,38,52,90,151
10/15/2021,HUT,KS,ACE,CE,Federal Contract Tower,0,0,11,2,13,0,0,13,4,17,0,0,24,6,30,34,6,40,70
10/16/2021,HUT,KS,ACE,CE,Federal Contract Tower,0,0,10,0,10,0,2,50,4,56,0,2,60,4,66,90,20,110,176
10/17/2021,HUT,KS,ACE,CE,Federal Contract Tower,0,2,4,0,6,0,0,33,0,33,0,2,37,0,39,38,0,38,77
10/18/2021,HUT,KS,ACE,CE,Federal Contract Tower,0,3,10,24,37,0,25,24,4,53,0,28,34,28,90,34,20,54,144
10/19/2021,HUT,KS,ACE,CE,Federal Contract Tower,0,1,4,2,7,0,17,11,2,30,0,18,15,4,37,50,0,50,87
10/20/2021,HUT,KS,ACE,CE,Federal Contract Tower,0,3,17,14,34,0,12,16,4,32,0,15,33,18,66,114,66,180,246
10/21/2021,HUT,KS,ACE,CE,Federal Contract Tower,0,2,7,26,35,0,2,37,4,43,0,4,44,30,78,40,66,106,184
10/22/2021,HUT,KS,ACE,CE,Federal Contract Tower,0,2,5,16,23,0,2,20,4,26,0,4,25,20,49,82,22,104,153
10/23/2021,HUT,KS,ACE,CE,Federal Contract Tower,0,2,8,10,20,0,2,5,0,7,0,4,13,10,27,8,12,20,47
10/24/2021,HUT,KS,ACE,CE,Federal Contract Tower,0,2,5,0,7,0,0,7,4,11,0,2,12,4,18,8,8,16,34
10/25/2021,HUT,KS,ACE,CE,Federal Contract Tower,0,2,14,26,42,0,0,6,0,6,0,2,20,26,48,32,12,44,92
10/26/2021,HUT,KS,ACE,CE,Federal Contract Tower,0,4,22,0,26,0,0,2,0,2,0,4,24,0,28,12,0,12,40
10/27/2021,HUT,KS,ACE,CE,Federal Contract Tower,0,2,2,0,4,0,0,0,0,0,0,2,2,0,4,6,0,6,10
10/28/2021,HUT,KS,ACE,CE,Federal Contract Tower,0,1,7,0,8,0,2,0,0,2,0,3,7,0,10,6,0,6,16
10/29/2021,HUT,KS,ACE,CE,Federal Contract Tower,0,0,7,19,26,0,2,24,1,27,0,2,31,20,53,86,0,86,139
10/30/2021,HUT,KS,ACE,CE,Federal Contract Tower,0,0,14,0,14,0,2,47,0,49,0,2,61,0,63,60,0,60,123
10/31/2021,HUT,KS,ACE,CE,Federal Contract Tower,0,0,5,4,9,0,0,15,0,15,0,0,20,4,24,28,0,28,52
11/01/2021,HUT,KS,ACE,CE,Federal Contract Tower,0,2,6,2,10,0,11,7,0,18,0,13,13,2,28,30,2,32,60
11/02/2021,HUT,KS,ACE,CE,Federal Contract Tower,0,0,3,18,21,0,0,5,0,5,0,0,8,18,26,44,20,64,90
11/03/2021,HUT,KS,ACE,CE,Federal Contract Tower,0,0,8,8,16,0,0,1,0,1,0,0,9,8,17,14,10,24,41
11/04/2021,HUT,KS,ACE,CE,Federal Contract Tower,0,0,8,15,23,0,4,9,0,13,0,4,17,15,36,16,20,36,72
11/05/2021,HUT,KS,ACE,CE,Federal Contract Tower,0,6,13,6,25,0,1,4,0,5,0,7,17,6,30,8,8,16,46
11/06/2021,HUT,KS,ACE,CE,Federal Contract Tower,0,0,0,2,2,0,2,17,0,19,0,2,17,2,21,34,4,38,59
11/07/2021,HUT,KS,ACE,CE,Federal Contract Tower,0,0,1,8,9,0,0,8,0,8,0,0,9,8,17,22,0,22,39
11/08/2021,HUT,KS,ACE,CE,Federal Contract Tower,0,1,0,0,1,0,0,26,0,26,0,1,26,0,27,90,0,90,117
11/09/2021,HUT,KS,ACE,CE,Federal Contract Tower,0,2,11,10,23,0,4,31,6,41,0,6,42,16,64,52,64,116,180
11/10/2021,HUT,KS,ACE,CE,Federal Contract Tower,0,5,3,0,8,0,0,1,3,4,0,5,4,3,12,4,0,4,16
11/11/2021,HUT,KS,ACE,CE,Federal Contract Tower,0,2,5,0,7,0,1,14,3,18,0,3,19,3,25,38,6,44,69
11/12/2021,HUT,KS,ACE,CE,Federal Contract Tower,0,2,3,14,19,0,12,20,0,32,0,14,23,14,51,56,14,70,121
11/13/2021,HUT,KS,ACE,CE,Federal Contract Tower,0,0,7,0,7,0,14,14,0,28,0,14,21,0,35,42,0,42,77
11/14/2021,HUT,KS,ACE,CE,Federal Contract Tower,0,0,5,6,11,0,0,40,12,52,0,0,45,18,63,76,12,88,151
11/15/2021,HUT,KS,ACE,CE,Federal Contract Tower,0,5,8,12,25,0,18,30,6,54,0,23,38,18,79,42,22,64,143
11/16/2021,HUT,KS,ACE,CE,Federal Contract Tower,0,6,5,30,41,0,39,19,6,64,0,45,24,36,105,110,26,136,241
11/17/2021,HUT,KS,ACE,CE,Federal Contract Tower,0,2,14,2,18,0,0,8,6,14,0,2,22,8,32,30,4,34,66
11/18/2021,HUT,KS,ACE,CE,Federal Contract Tower,0,0,2,20,22,0,8,33,0,41,0,8,35,20,63,68,46,114,177
11/19/2021,HUT,KS,ACE,CE,Federal Contract Tower,0,4,9,12,25,0,2,1,0,3,0,6,10,12,28,26,4,30,58
11/20/2021,HUT,KS,ACE,CE,Federal Contract Tower,0,2,7,4,13,0,4,15,6,25,0,6,22,10,38,4,6,10,48
11/21/2021,HUT,KS,ACE,CE,Federal Contract Tower,0,0,8,0,8,0,0,17,2,19,0,0,25,2,27,24,2,26,53
11/22/2021,HUT,KS,ACE,CE,Federal Contract Tower,0,2,4,12,18,0,0,22,2,24,0,2,26,14,42,10,32,42,84
11/23/2021,HUT,KS,ACE,CE,Federal Contract Tower,0,1,8,11,20,0,5,1,3,9,0,6,9,14,29,10,16,26,55
11/24/2021,HUT,KS,ACE,CE,Federal Contract Tower,0,0,5,6,11,0,0,6,2,8,0,0,11,8,19,32,0,32,51
11/25/2021,HUT,KS,ACE,CE,Federal Contract Tower,0,2,0,0,2,0,0,4,0,4,0,2,4,0,6,0,0,0,6
11/26/2021,HUT,KS,ACE,CE,Federal Contract Tower,0,0,0,0,0,0,4,26,0,30,0,4,26,0,30,22,0,22,52
11/27/2021,HUT,KS,ACE,CE,Federal Contract Tower,0,2,7,0,9,0,4,11,0,15,0,6,18,0,24,50,0,50,74
11/28/2021,HUT,KS,ACE,CE,Federal Contract Tower,0,0,5,0,5,0,2,34,0,36,0,2,39,0,41,76,0,76,117
11/29/2021,HUT,KS,ACE,CE,Federal Contract Tower,0,2,8,25,35,0,0,30,1,31,0,2,38,26,66,44,18,62,128
11/30/2021,HUT,KS,ACE,CE,Federal Contract Tower,0,2,11,4,17,0,0,25,2,27,0,2,36,6,44,44,4,48,92
12/01/2021,HUT,KS,ACE,CE,Federal Contract Tower,0,0,4,12,16,0,2,22,0,24,0,2,26,12,40,64,0,64,104
12/02/2021,HUT,KS,ACE,CE,Federal Contract Tower,0,1,10,7,18,0,0,35,1,36,0,1,45,8,54,130,16,146,200
12/03/2021,HUT,KS,ACE,CE,Federal Contract Tower,0,1,0,15,16,0,10,9,3,22,0,11,9,18,38,54,32,86,124
12/04/2021,HUT,KS,ACE,CE,Federal Contract Tower,0,1,2,0,3,0,0,37,0,37,0,1,39,0,40,64,0,64,104
12/05/2021,HUT,KS,ACE,CE,Federal Contract Tower,0,1,4,3,8,0,1,12,1,14,0,2,16,4,22,24,18,42,64
12/06/2021,HUT,KS,ACE,CE,Federal Contract Tower,0,0,7,22,29,0,5,10,2,17,0,5,17,24,46,16,62,78,124
12/07/2021,HUT,KS,ACE,CE,Federal Contract Tower,0,2,8,4,14,0,7,22,0,29,0,9,30,4,43,108,6,114,157
12/08/2021,HUT,KS,ACE,CE,Federal Contract Tower,0,2,5,22,29,0,0,21,0,21,0,2,26,22,50,62,16,78,128
12/09/2021,HUT,KS,ACE,CE,Federal Contract Tower,0,0,9,17,26,0,4,31,1,36,0,4,40,18,62,68,24,92,154
12/10/2021,HUT,KS,ACE,CE,Federal Contract Tower,0,2,3,0,5,0,0,12,0,12,0,2,15,0,17,16,0,16,33
12/11/2021,HUT,KS,ACE,CE,Federal Contract Tower,0,0,6,0,6,0,0,21,0,21,0,0,27,0,27,22,0,22,49
12/12/2021,HUT,KS,ACE,CE,Federal Contract Tower,0,0,1,19,20,0,4,22,1,27,0,4,23,20,47,26,28,54,101
12/13/2021,HUT,KS,ACE,CE,Federal Contract Tower,0,0,2,24,26,0,1,22,2,25,0,1,24,26,51,86,28,114,165
12/14/2021,HUT,KS,ACE,CE,Federal Contract Tower,0,0,6,2,8,0,14,20,4,38,0,14,26,6,46,34,0,34,80
12/15/2021,HUT,KS,ACE,CE,Federal Contract Tower,0,0,0,0,0,0,0,0,0,0,0,0,0,0,0,0,0,0,0
12/16/2021,HUT,KS,ACE,CE,Federal Contract Tower,0,2,3,13,18,0,8,23,2,33,0,10,26,15,51,84,14,98,149
12/17/2021,HUT,KS,ACE,CE,Federal Contract Tower,0,0,11,26,37,0,0,21,3,24,0,0,32,29,61,48,98,146,207
12/18/2021,HUT,KS,ACE,CE,Federal Contract Tower,0,0,3,0,3,0,2,34,0,36,0,2,37,0,39,70,0,70,109
12/19/2021,HUT,KS,ACE,CE,Federal Contract Tower,0,1,9,0,10,0,1,19,0,20,0,2,28,0,30,6,0,6,36
12/20/2021,HUT,KS,ACE,CE,Federal Contract Tower,0,3,4,11,18,0,6,20,1,27,0,9,24,12,45,28,20,48,93
12/21/2021,HUT,KS,ACE,CE,Federal Contract Tower,0,0,3,7,10,0,4,40,1,45,0,4,43,8,55,54,4,58,113
12/22/2021,HUT,KS,ACE,CE,Federal Contract Tower,0,0,3,22,25,0,6,12,2,20,0,6,15,24,45,48,24,72,117
12/23/2021,HUT,KS,ACE,CE,Federal Contract Tower,0,1,9,0,10,0,2,21,0,23,0,3,30,0,33,64,0,64,97
12/24/2021,HUT,KS,ACE,CE,Federal Contract Tower,0,0,3,0,3,0,0,26,0,26,0,0,29,0,29,40,0,40,69
12/25/2021,HUT,KS,ACE,CE,Federal Contract Tower,0,0,0,0,0,0,0,6,0,6,0,0,6,0,6,4,0,4,10
12/26/2021,HUT,KS,ACE,CE,Federal Contract Tower,0,0,1,0,1,0,0,3,0,3,0,0,4,0,4,0,0,0,4
12/27/2021,HUT,KS,ACE,CE,Federal Contract Tower,0,0,8,0,8,0,0,34,0,34,0,0,42,0,42,34,0,34,76
12/28/2021,HUT,KS,ACE,CE,Federal Contract Tower,0,0,3,0,3,0,0,12,0,12,0,0,15,0,15,22,0,22,37
12/29/2021,HUT,KS,ACE,CE,Federal Contract Tower,0,0,4,2,6,0,0,8,0,8,0,0,12,2,14,14,0,14,28
12/30/2021,HUT,KS,ACE,CE,Federal Contract Tower,0,0,7,0,7,0,2,26,0,28,0,2,33,0,35,56,0,56,91
12/31/2021,HUT,KS,ACE,CE,Federal Contract Tower,0,0,6,0,6,0,0,15,0,15,0,0,21,0,21,32,0,32,53
01/01/2022,HUT,KS,ACE,CE,Federal Contract Tower,0,0,0,0,0,0,0,0,0,0,0,0,0,0,0,0,0,0,0
01/02/2022,HUT,KS,ACE,CE,Federal Contract Tower,0,0,2,0,2,0,0,7,0,7,0,0,9,0,9,16,0,16,25
01/03/2022,HUT,KS,ACE,CE,Federal Contract Tower,0,2,5,0,7,0,8,27,0,35,0,10,32,0,42,42,0,42,84
01/04/2022,HUT,KS,ACE,CE,Federal Contract Tower,0,0,7,0,7,0,2,27,0,29,0,2,34,0,36,64,0,64,100
01/05/2022,HUT,KS,ACE,CE,Federal Contract Tower,0,0,2,4,6,0,2,13,0,15,0,2,15,4,21,18,0,18,39
01/06/2022,HUT,KS,ACE,CE,Federal Contract Tower,0,0,1,6,7,0,4,0,0,4,0,4,1,6,11,20,2,22,33
01/07/2022,HUT,KS,ACE,CE,Federal Contract Tower,0,1,6,2,9,0,0,11,0,11,0,1,17,2,20,42,4,46,66
01/08/2022,HUT,KS,ACE,CE,Federal Contract Tower,0,0,4,0,4,0,0,14,0,14,0,0,18,0,18,30,0,30,48
01/09/2022,HUT,KS,ACE,CE,Federal Contract Tower,0,1,15,8,24,0,0,16,2,18,0,1,31,10,42,14,6,20,62
01/10/2022,HUT,KS,ACE,CE,Federal Contract Tower,0,1,1,12,14,0,0,21,2,23,0,1,22,14,37,28,16,44,81
01/11/2022,HUT,KS,ACE,CE,Federal Contract Tower,0,0,1,32,33,0,7,20,2,29,0,7,21,34,62,26,16,42,104
01/12/2022,HUT,KS,ACE,CE,Federal Contract Tower,0,0,2,4,6,0,12,28,0,40,0,12,30,4,46,76,2,78,124
01/13/2022,HUT,KS,ACE,CE,Federal Contract Tower,0,0,3,6,9,0,0,25,0,25,0,0,28,6,34,62,0,62,96
01/14/2022,HUT,KS,ACE,CE,Federal Contract Tower,0,0,0,16,16,0,0,13,1,14,0,0,13,17,30,6,8,14,44
01/15/2022,HUT,KS,ACE,CE,Federal Contract Tower,0,2,5,0,7,0,0,0,0,0,0,2,5,0,7,4,0,4,11
01/16/2022,HUT,KS,ACE,CE,Federal Contract Tower,0,2,7,0,9,0,2,13,0,15,0,4,20,0,24,12,0,12,36
01/17/2022,HUT,KS,ACE,CE,Federal Contract Tower,0,0,4,0,4,0,8,25,0,33,0,8,29,0,37,30,0,30,67
01/18/2022,HUT,KS,ACE,CE,Federal Contract Tower,0,0,1,16,17,0,8,32,2,42,0,8,33,18,59,46,26,72,131
01/19/2022,HUT,KS,ACE,CE,Federal Contract Tower,0,0,5,10,15,0,1,4,0,5,0,1,9,10,20,12,0,12,32
01/20/2022,HUT,KS,ACE,CE,Federal Contract Tower,0,1,3,7,11,0,0,11,1,12,0,1,14,8,23,20,6,26,49
01/21/2022,HUT,KS,ACE,CE,Federal Contract Tower,0,0,7,0,7,0,16,13,2,31,0,16,20,2,38,54,0,54,92
01/22/2022,HUT,KS,ACE,CE,Federal Contract Tower,0,0,11,0,11,0,0,35,0,35,0,0,46,0,46,92,0,92,138
01/23/2022,HUT,KS,ACE,CE,Federal Contract Tower,0,0,1,2,3,0,0,22,0,22,0,0,23,2,25,26,4,30,55
01/24/2022,HUT,KS,ACE,CE,Federal Contract Tower,0,0,1,2,3,0,0,24,0,24,0,0,25,2,27,44,2,46,73
01/25/2022,HUT,KS,ACE,CE,Federal Contract Tower,0,5,3,0,8,0,1,1,0,2,0,6,4,0,10,18,0,18,28
01/26/2022,HUT,KS,ACE,CE,Federal Contract Tower,0,4,6,10,20,0,4,6,2,12,0,8,12,12,32,16,4,20,52
01/27/2022,HUT,KS,ACE,CE,Federal Contract Tower,0,2,2,0,4,0,14,15,0,29,0,16,17,0,33,46,0,46,79
01/28/2022,HUT,KS,ACE,CE,Federal Contract Tower,0,4,5,0,9,0,6,35,0,41,0,10,40,0,50,0,0,0,50
01/29/2022,HUT,KS,ACE,CE,Federal Contract Tower,0,0,1,2,3,0,0,30,0,30,0,0,31,2,33,44,0,44,77
01/30/2022,HUT,KS,ACE,CE,Federal Contract Tower,0,0,9,0,9,0,0,34,0,34,0,0,43,0,43,90,0,90,133
01/31/2022,HUT,KS,ACE,CE,Federal Contract Tower,0,2,4,2,8,0,0,24,14,38,0,2,28,16,46,52,2,54,100
02/01/2022,HUT,KS,ACE,CE,Federal Contract Tower,0,2,10,13,25,0,19,13,1,33,0,21,23,14,58,36,18,54,112
02/02/2022,HUT,KS,ACE,CE,Federal Contract Tower,0,0,0,0,0,0,0,0,0,0,0,0,0,0,0,0,0,0,0
02/03/2022,HUT,KS,ACE,CE,Federal Contract Tower,0,1,3,0,4,0,0,1,0,1,0,1,4,0,5,2,0,2,7
02/04/2022,HUT,KS,ACE,CE,Federal Contract Tower,0,1,6,0,7,0,25,24,0,49,0,26,30,0,56,38,0,38,94
02/05/2022,HUT,KS,ACE,CE,Federal Contract Tower,0,2,4,5,11,0,0,8,2,10,0,2,12,7,21,24,20,44,65
02/06/2022,HUT,KS,ACE,CE,Federal Contract Tower,0,0,3,0,3,0,10,30,0,40,0,10,33,0,43,48,0,48,91
02/07/2022,HUT,KS,ACE,CE,Federal Contract Tower,0,0,6,14,20,0,40,25,0,65,0,40,31,14,85,90,36,126,211
02/08/2022,HUT,KS,ACE,CE,Federal Contract Tower,0,0,11,10,21,0,36,40,0,76,0,36,51,10,97,114,12,126,223
02/09/2022,HUT,KS,ACE,CE,Federal Contract Tower,0,0,2,4,6,0,0,34,0,34,0,0,36,4,40,174,0,174,214
02/10/2022,HUT,KS,ACE,CE,Federal Contract Tower,0,2,7,10,19,0,0,22,0,22,0,2,29,10,41,46,8,54,95
02/11/2022,HUT,KS,ACE,CE,Federal Contract Tower,0,4,6,11,21,0,0,16,1,17,0,4,22,12,38,10,14,24,62
02/12/2022,HUT,KS,ACE,CE,Federal Contract Tower,0,0,7,0,7,0,2,39,0,41,0,2,46,0,48,124,0,124,172
02/13/2022,HUT,KS,ACE,CE,Federal Contract Tower,0,0,2,2,4,0,0,28,0,28,0,0,30,2,32,50,0,50,82
02/14/2022,HUT,KS,ACE,CE,Federal Contract Tower,0,2,4,18,24,0,2,40,4,46,0,4,44,22,70,122,50,172,242
02/15/2022,HUT,KS,ACE,CE,Federal Contract Tower,0,2,1,0,3,0,4,5,0,9,0,6,6,0,12,8,0,8,20
02/16/2022,HUT,KS,ACE,CE,Federal Contract Tower,0,0,8,10,18,0,16,18,4,38,0,16,26,14,56,80,46,126,182
02/17/2022,HUT,KS,ACE,CE,Federal Contract Tower,0,0,0,0,0,0,0,1,0,1,0,0,1,0,1,0,0,0,1
02/18/2022,HUT,KS,ACE,CE,Federal Contract Tower,0,4,9,0,13,0,28,28,0,56,0,32,37,0,69,80,0,80,149
02/19/2022,HUT,KS,ACE,CE,Federal Contract Tower,0,0,6,1,7,0,8,30,1,39,0,8,36,2,46,96,0,96,142
02/20/2022,HUT,KS,ACE,CE,Federal Contract Tower,0,0,8,4,12,0,2,32,0,34,0,2,40,4,46,6,0,6,52
02/21/2022,HUT,KS,ACE,CE,Federal Contract Tower,0,0,8,0,8,0,2,27,0,29,0,2,35,0,37,30,0,30,67
02/22/2022,HUT,KS,ACE,CE,Federal Contract Tower,0,0,1,0,1,0,1,6,0,7,0,1,7,0,8,0,0,0,8
02/23/2022,HUT,KS,ACE,CE,Federal Contract Tower,0,0,4,2,6,0,26,7,0,33,0,26,11,2,39,12,0,12,51
02/24/2022,HUT,KS,ACE,CE,Federal Contract Tower,0,0,5,0,5,0,0,1,0,1,0,0,6,0,6,0,0,0,6
02/25/2022,HUT,KS,ACE,CE,Federal Contract Tower,0,0,8,0,8,0,0,15,2,17,0,0,23,2,25,32,6,38,63
02/26/2022,HUT,KS,ACE,CE,Federal Contract Tower,0,0,2,10,12,0,3,18,2,23,0,3,20,12,35,60,16,76,111
02/27/2022,HUT,KS,ACE,CE,Federal Contract Tower,0,0,7,2,9,0,0,28,0,28,0,0,35,2,37,46,4,50,87
02/28/2022,HUT,KS,ACE,CE,Federal Contract Tower,0,4,5,7,16,0,2,23,1,26,0,6,28,8,42,60,4,64,106
03/01/2022,HUT,KS,ACE,CE,Federal Contract Tower,0,2,6,16,24,0,2,23,2,27,0,4,29,18,51,32,20,52,103
03/02/2022,HUT,KS,ACE,CE,Federal Contract Tower,0,2,3,16,21,0,6,19,4,29,0,8,22,20,50,62,30,92,142
03/03/2022,HUT,KS,ACE,CE,Federal Contract Tower,0,0,0,12,12,0,4,27,6,37,0,4,27,18,49,72,28,100,149
03/04/2022,HUT,KS,ACE,CE,Federal Contract Tower,0,6,6,0,12,0,0,13,0,13,0,6,19,0,25,12,0,12,37
03/05/2022,HUT,KS,ACE,CE,Federal Contract Tower,0,0,0,0,0,0,28,0,0,28,0,28,0,0,28,34,0,34,62
03/06/2022,HUT,KS,ACE,CE,Federal Contract Tower,0,0,0,2,2,0,2,4,5,11,0,2,4,7,13,2,4,6,19
03/07/2022,HUT,KS,ACE,CE,Federal Contract Tower,0,0,5,6,11,0,4,2,2,8,0,4,7,8,19,0,0,0,19
03/08/2022,HUT,KS,ACE,CE,Federal Contract Tower,0,8,7,19,34,0,2,30,1,33,0,10,37,20,67,50,10,60,127
03/09/2022,HUT,KS,ACE,CE,Federal Contract Tower,0,2,16,0,18,0,16,16,0,32,0,18,32,0,50,40,0,40,90
03/10/2022,HUT,KS,ACE,CE,Federal Contract Tower,0,0,6,2,8,0,0,3,0,3,0,0,9,2,11,6,0,6,17
03/11/2022,HUT,KS,ACE,CE,Federal Contract Tower,0,0,8,10,18,0,0,21,2,23,0,0,29,12,41,10,4,14,55
03/12/2022,HUT,KS,ACE,CE,Federal Contract Tower,0,0,2,0,2,0,0,19,0,19,0,0,21,0,21,8,0,8,29
03/13/2022,HUT,KS,ACE,CE,Federal Contract Tower,0,0,5,7,12,0,0,16,4,20,0,0,21,11,32,18,8,26,58
03/14/2022,HUT,KS,ACE,CE,Federal Contract Tower,0,0,6,8,14,0,2,15,0,17,0,2,21,8,31,16,0,16,47
03/15/2022,HUT,KS,ACE,CE,Federal Contract Tower,0,0,10,16,26,0,0,24,1,25,0,0,34,17,51,28,26,54,105
03/16/2022,HUT,KS,ACE,CE,Federal Contract Tower,0,1,11,5,17,0,4,14,3,21,0,5,25,8,38,20,14,34,72
03/17/2022,HUT,KS,ACE,CE,Federal Contract Tower,0,0,1,2,3,0,6,19,0,25,0,6,20,2,28,16,2,18,46
03/18/2022,HUT,KS,ACE,CE,Federal Contract Tower,0,0,9,0,9,0,0,12,0,12,0,0,21,0,21,24,0,24,45
03/19/2022,HUT,KS,ACE,CE,Federal Contract Tower,0,0,5,0,5,0,2,46,6,54,0,2,51,6,59,46,0,46,105
03/20/2022,HUT,KS,ACE,CE,Federal Contract Tower,0,2,3,0,5,0,4,21,0,25,0,6,24,0,30,38,0,38,68
03/21/2022,HUT,KS,ACE,CE,Federal Contract Tower,0,1,0,2,3,0,0,4,0,4,0,1,4,2,7,46,0,46,53
03/22/2022,HUT,KS,ACE,CE,Federal Contract Tower,0,0,0,0,0,0,0,0,0,0,0,0,0,0,0,0,0,0,0
03/23/2022,HUT,KS,ACE,CE,Federal Contract Tower,0,1,3,8,12,0,0,4,0,4,0,1,7,8,16,10,18,28,44
03/24/2022,HUT,KS,ACE,CE,Federal Contract Tower,0,1,13,23,37,0,2,24,2,28,0,3,37,25,65,62,42,104,169
03/25/2022,HUT,KS,ACE,CE,Federal Contract Tower,0,1,4,10,15,0,0,18,1,19,0,1,22,11,34,8,2,10,44
03/26/2022,HUT,KS,ACE,CE,Federal Contract Tower,0,0,2,0,2,0,6,38,0,44,0,6,40,0,46,30,0,30,76
03/27/2022,HUT,KS,ACE,CE,Federal Contract Tower,0,1,4,8,13,0,0,43,3,46,0,1,47,11,59,72,22,94,153
03/28/2022,HUT,KS,ACE,CE,Federal Contract Tower,0,1,9,6,16,0,0,29,0,29,0,1,38,6,45,62,0,62,107
03/29/2022,HUT,KS,ACE,CE,Federal Contract Tower,0,2,1,7,10,0,1,11,1,13,0,3,12,8,23,8,2,10,33
03/30/2022,HUT,KS,ACE,CE,Federal Contract Tower,0,2,0,2,4,0,0,0,2,2,0,2,0,4,6,8,4,12,18
03/31/2022,HUT,KS,ACE,CE,Federal Contract Tower,0,3,6,1,10,0,4,24,1,29,0,7,30,2,39,56,0,56,95
04/01/2022,HUT,KS,ACE,CE,Federal Contract Tower,0,2,13,6,21,0,6,5,0,11,0,8,18,6,32,16,6,22,54
04/02/2022,HUT,KS,ACE,CE,Federal Contract Tower,0,0,4,4,8,0,2,37,2,41,0,2,41,6,49,16,6,22,71
04/03/2022,HUT,KS,ACE,CE,Federal Contract Tower,0,2,2,0,4,0,0,7,0,7,0,2,9,0,11,26,0,26,37
04/04/2022,HUT,KS,ACE,CE,Federal Contract Tower,0,0,5,22,27,0,8,18,0,26,0,8,23,22,53,42,14,56,109
04/05/2022,HUT,KS,ACE,CE,Federal Contract Tower,0,3,2,4,9,0,4,1,0,5,0,7,3,4,14,0,0,0,14
04/06/2022,HUT,KS,ACE,CE,Federal Contract Tower,0,1,8,6,15,0,12,7,2,21,0,13,15,8,36,32,8,40,76
04/07/2022,HUT,KS,ACE,CE,Federal Contract Tower,0,8,2,4,14,0,2,2,0,4,0,10,4,4,18,6,0,6,24
04/08/2022,HUT,KS,ACE,CE,Federal Contract Tower,0,0,4,10,14,0,19,11,3,33,0,19,15,13,47,106,48,154,201
04/09/2022,HUT,KS,ACE,CE,Federal Contract Tower,0,0,4,15,19,0,5,24,4,33,0,5,28,19,52,38,46,84,136
04/10/2022,HUT,KS,ACE,CE,Federal Contract Tower,0,2,8,6,16,0,0,19,0,19,0,2,27,6,35,48,4,52,87
04/11/2022,HUT,KS,ACE,CE,Federal Contract Tower,0,2,4,4,10,0,12,31,2,45,0,14,35,6,55,60,14,74,129
04/12/2022,HUT,KS,ACE,CE,Federal Contract Tower,0,2,6,4,12,0,0,2,0,2,0,2,8,4,14,6,0,6,20
04/13/2022,HUT,KS,ACE,CE,Federal Contract Tower,0,0,1,3,4,0,24,22,3,49,0,24,23,6,53,94,14,108,161
04/14/2022,HUT,KS,ACE,CE,Federal Contract Tower,0,0,4,2,6,0,12,35,0,47,0,12,39,2,53,66,4,70,123
04/15/2022,HUT,KS,ACE,CE,Federal Contract Tower,0,0,4,1,5,0,20,30,1,51,0,20,34,2,56,36,12,48,104
04/16/2022,HUT,KS,ACE,CE,Federal Contract Tower,0,0,3,6,9,0,2,11,0,13,0,2,14,6,22,4,12,16,38
04/17/2022,HUT,KS,ACE,CE,Federal Contract Tower,0,1,0,0,1,0,0,10,0,10,0,1,10,0,11,32,0,32,43
04/18/2022,HUT,KS,ACE,CE,Federal Contract Tower,0,0,5,4,9,0,30,27,0,57,0,30,32,4,66,80,4,84,150
04/19/2022,HUT,KS,ACE,CE,Federal Contract Tower,0,3,6,6,15,0,20,13,4,37,0,23,19,10,52,40,16,56,108
04/20/2022,HUT,KS,ACE,CE,Federal Contract Tower,0,4,9,14,27,0,15,9,0,24,0,19,18,14,51,38,22,60,111
04/21/2022,HUT,KS,ACE,CE,Federal Contract Tower,0,7,24,4,35,0,0,5,0,5,0,7,29,4,40,18,2,20,60
04/22/2022,HUT,KS,ACE,CE,Federal Contract Tower,0,2,6,0,8,0,0,6,0,6,0,2,12,0,14,8,0,8,22
04/23/2022,HUT,KS,ACE,CE,Federal Contract Tower,0,0,1,0,1,0,1,0,0,1,0,1,1,0,2,0,0,0,2
04/24/2022,HUT,KS,ACE,CE,Federal Contract Tower,0,0,3,10,13,0,0,45,0,45,0,0,48,10,58,72,6,78,136
04/25/2022,HUT,KS,ACE,CE,Federal Contract Tower,0,3,10,0,13,0,23,21,0,44,0,26,31,0,57,64,0,64,121
04/26/2022,HUT,KS,ACE,CE,Federal Contract Tower,0,1,8,7,16,0,12,20,1,33,0,13,28,8,49,40,20,60,109
04/27/2022,HUT,KS,ACE,CE,Federal Contract Tower,0,3,6,6,15,0,2,11,0,13,0,5,17,6,28,14,8,22,50
04/28/2022,HUT,KS,ACE,CE,Federal Contract Tower,0,4,3,16,23,0,2,19,0,21,0,6,22,16,44,50,8,58,102
04/29/2022,HUT,KS,ACE,CE,Federal Contract Tower,0,1,9,0,10,0,2,3,2,7,0,3,12,2,17,8,0,8,25
04/30/2022,HUT,KS,ACE,CE,Federal Contract Tower,0,0,6,6,12,0,4,6,0,10,0,4,12,6,22,2,0,2,24
05/01/2022,HUT,KS,ACE,CE,Federal Contract Tower,0,2,4,0,6,0,0,31,0,31,0,2,35,0,37,70,0,70,107
05/02/2022,HUT,KS,ACE,CE,Federal Contract Tower,0,0,6,0,6,0,0,0,0,0,0,0,6,0,6,6,0,6,12
05/03/2022,HUT,KS,ACE,CE,Federal Contract Tower,0,1,16,8,25,0,0,5,0,5,0,1,21,8,30,34,14,48,78
05/04/2022,HUT,KS,ACE,CE,Federal Contract Tower,0,3,7,0,10,0,0,0,0,0,0,3,7,0,10,6,0,6,16
05/05/2022,HUT,KS,ACE,CE,Federal Contract Tower,0,2,5,0,7,0,0,1,0,1,0,2,6,0,8,16,0,16,24
05/06/2022,HUT,KS,ACE,CE,Federal Contract Tower,0,0,17,0,17,0,13,15,0,28,0,13,32,0,45,46,0,46,91
05/07/2022,HUT,KS,ACE,CE,Federal Contract Tower,0,4,2,2,8,0,0,33,0,33,0,4,35,2,41,46,6,52,93
05/08/2022,HUT,KS,ACE,CE,Federal Contract Tower,0,2,5,0,7,0,6,14,0,20,0,8,19,0,27,60,0,60,87
05/09/2022,HUT,KS,ACE,CE,Federal Contract Tower,0,2,8,5,15,0,1,13,1,15,0,3,21,6,30,28,6,34,64
05/10/2022,HUT,KS,ACE,CE,Federal Contract Tower,0,3,6,23,32,0,10,28,1,39,0,13,34,24,71,142,24,166,237
05/11/2022,HUT,KS,ACE,CE,Federal Contract Tower,0,6,3,12,21,0,5,20,2,27,0,11,23,14,48,38,10,48,96
05/12/2022,HUT,KS,ACE,CE,Federal Contract Tower,0,0,6,6,12,0,3,8,0,11,0,3,14,6,23,60,10,70,93
05/13/2022,HUT,KS,ACE,CE,Federal Contract Tower,0,3,4,13,20,0,0,19,1,20,0,3,23,14,40,16,38,54,94
05/14/2022,HUT,KS,ACE,CE,Federal Contract Tower,0,4,2,0,6,0,8,24,14,46,0,12,26,14,52,68,0,68,120
05/15/2022,HUT,KS,ACE,CE,Federal Contract Tower,0,1,7,14,22,0,0,8,7,15,0,1,15,21,37,8,38,46,83
05/16/2022,HUT,KS,ACE,CE,Federal Contract Tower,0,2,9,28,39,0,0,21,4,25,0,2,30,32,64,24,64,88,152
05/17/2022,HUT,KS,ACE,CE,Federal Contract Tower,0,0,1,25,26,0,0,15,1,16,0,0,16,26,42,72,52,124,166
05/18/2022,HUT,KS,ACE,CE,Federal Contract Tower,0,6,6,20,32,0,2,34,4,40,0,8,40,24,72,44,50,94,166
05/19/2022,HUT,KS,ACE,CE,Federal Contract Tower,0,2,6,14,22,0,16,17,5,38,0,18,23,19,60,84,52,136,196
05/20/2022,HUT,KS,ACE,CE,Federal Contract Tower,0,2,7,25,34,0,0,15,3,18,0,2,22,28,52,34,12,46,98
05/21/2022,HUT,KS,ACE,CE,Federal Contract Tower,0,3,3,0,6,0,0,15,0,15,0,3,18,0,21,12,0,12,33
05/22/2022,HUT,KS,ACE,CE,Federal Contract Tower,0,0,5,6,11,0,6,25,0,31,0,6,30,6,42,28,0,28,70
05/23/2022,HUT,KS,ACE,CE,Federal Contract Tower,0,0,6,4,10,0,2,2,0,4,0,2,8,4,14,18,0,18,32
05/24/2022,HUT,KS,ACE,CE,Federal Contract Tower,0,2,5,0,7,0,0,0,0,0,0,2,5,0,7,0,0,0,7
05/25/2022,HUT,KS,ACE,CE,Federal Contract Tower,0,1,6,0,7,0,0,0,0,0,0,1,6,0,7,0,0,0,7
05/26/2022,HUT,KS,ACE,CE,Federal Contract Tower,0,2,5,0,7,0,0,15,0,15,0,2,20,0,22,76,0,76,98
05/27/2022,HUT,KS,ACE,CE,Federal Contract Tower,0,0,7,0,7,0,9,27,0,36,0,9,34,0,43,64,0,64,107
05/28/2022,HUT,KS,ACE,CE,Federal Contract Tower,0,0,3,0,3,2,3,0,0,5,2,3,3,0,8,0,0,0,8
05/29/2022,HUT,KS,ACE,CE,Federal Contract Tower,0,1,3,0,4,0,2,0,0,2,0,3,3,0,6,0,0,0,6
05/30/2022,HUT,KS,ACE,CE,Federal Contract Tower,0,2,4,0,6,0,0,2,0,2,0,2,6,0,8,0,0,0,8
05/31/2022,HUT,KS,ACE,CE,Federal Contract Tower,0,1,6,14,21,0,0,13,6,19,0,1,19,20,40,12,0,12,52
06/01/2022,HUT,KS,ACE,CE,Federal Contract Tower,0,2,3,0,5,0,0,0,0,0,0,2,3,0,5,6,0,6,11
06/02/2022,HUT,KS,ACE,CE,Federal Contract Tower,0,0,8,11,19,0,2,35,3,40,0,2,43,14,59,106,18,124,183
06/03/2022,HUT,KS,ACE,CE,Federal Contract Tower,0,0,12,20,32,0,4,34,0,38,0,4,46,20,70,22,24,46,116
06/04/2022,HUT,KS,ACE,CE,Federal Contract Tower,0,2,7,3,12,0,0,9,2,11,0,2,16,5,23,18,0,18,41
06/05/2022,HUT,KS,ACE,CE,Federal Contract Tower,0,0,2,2,4,0,0,19,0,19,0,0,21,2,23,22,0,22,45
06/06/2022,HUT,KS,ACE,CE,Federal Contract Tower,0,0,17,0,17,0,0,7,2,9,0,0,24,2,26,0,0,0,26
06/07/2022,HUT,KS,ACE,CE,Federal Contract Tower,0,2,1,22,25,0,0,17,0,17,0,2,18,22,42,20,20,40,82
06/08/2022,HUT,KS,ACE,CE,Federal Contract Tower,0,0,6,16,22,0,0,22,2,24,0,0,28,18,46,38,24,62,108
06/09/2022,HUT,KS,ACE,CE,Federal Contract Tower,0,0,2,2,4,0,0,17,0,17,0,0,19,2,21,26,0,26,47
06/10/2022,HUT,KS,ACE,CE,Federal Contract Tower,0,4,3,0,7,0,0,12,0,12,0,4,15,0,19,30,0,30,49
06/11/2022,HUT,KS,ACE,CE,Federal Contract Tower,0,0,7,4,11,0,1,24,0,25,0,1,31,4,36,32,6,38,74
06/12/2022,HUT,KS,ACE,CE,Federal Contract Tower,0,2,5,8,15,0,1,15,0,16,0,3,20,8,31,20,0,20,51
06/13/2022,HUT,KS,ACE,CE,Federal Contract Tower,0,4,1,4,9,0,0,6,0,6,0,4,7,4,15,60,6,66,81
06/14/2022,HUT,KS,ACE,CE,Federal Contract Tower,0,0,3,2,5,0,0,8,0,8,0,0,11,2,13,6,0,6,19
06/15/2022,HUT,KS,ACE,CE,Federal Contract Tower,0,4,12,8,24,0,0,17,0,17,0,4,29,8,41,16,16,32,73
06/16/2022,HUT,KS,ACE,CE,Federal Contract Tower,0,4,10,37,51,0,9,23,1,33,0,13,33,38,84,64,44,108,192
06/17/2022,HUT,KS,ACE,CE,Federal Contract Tower,0,5,7,2,14,0,8,20,8,36,0,13,27,10,50,16,0,16,66
06/18/2022,HUT,KS,ACE,CE,Federal Contract Tower,0,1,0,0,1,0,6,18,0,24,0,7,18,0,25,42,0,42,67
06/19/2022,HUT,KS,ACE,CE,Federal Contract Tower,0,1,1,0,2,0,1,22,0,23,0,2,23,0,25,20,0,20,45
06/20/2022,HUT,KS,ACE,CE,Federal Contract Tower,0,4,6,0,10,0,4,11,0,15,0,8,17,0,25,12,0,12,37
06/21/2022,HUT,KS,ACE,CE,Federal Contract Tower,0,1,8,8,17,0,3,45,2,50,0,4,53,10,67,38,6,44,111
06/22/2022,HUT,KS,ACE,CE,Federal Contract Tower,0,7,8,10,25,0,3,9,0,12,0,10,17,10,37,30,0,30,67
06/23/2022,HUT,KS,ACE,CE,Federal Contract Tower,0,2,9,34,45,0,4,23,2,29,0,6,32,36,74,34,34,68,142
06/24/2022,HUT,KS,ACE,CE,Federal Contract Tower,0,0,3,6,9,0,8,13,0,21,0,8,16,6,30,22,4,26,56
06/25/2022,HUT,KS,ACE,CE,Federal Contract Tower,0,0,1,0,1,0,6,8,0,14,0,6,9,0,15,8,0,8,23
06/26/2022,HUT,KS,ACE,CE,Federal Contract Tower,0,0,11,0,11,0,4,10,0,14,0,4,21,0,25,36,0,36,61
06/27/2022,HUT,KS,ACE,CE,Federal Contract Tower,0,7,10,23,40,0,3,36,5,44,0,10,46,28,84,88,28,116,200
06/28/2022,HUT,KS,ACE,CE,Federal Contract Tower,0,6,6,16,28,0,4,34,0,38,0,10,40,16,66,56,4,60,126
06/29/2022,HUT,KS,ACE,CE,Federal Contract Tower,0,0,8,18,26,0,0,28,6,34,0,0,36,24,60,48,0,48,108
06/30/2022,HUT,KS,ACE,CE,Federal Contract Tower,0,2,8,13,23,0,0,28,0,28,0,2,36,13,51,164,14,178,229
07/01/2022,HUT,KS,ACE,CE,Federal Contract Tower,0,2,3,0,5,0,0,17,0,17,0,2,20,0,22,0,0,0,22
07/02/2022,HUT,KS,ACE,CE,Federal Contract Tower,0,2,6,0,8,0,0,12,0,12,0,2,18,0,20,12,0,12,32
07/03/2022,HUT,KS,ACE,CE,Federal Contract Tower,0,2,0,0,2,0,0,11,0,11,0,2,11,0,13,2,0,2,15
07/04/2022,HUT,KS,ACE,CE,Federal Contract Tower,0,0,0,0,0,0,0,8,0,8,0,0,8,0,8,0,0,0,8
07/05/2022,HUT,KS,ACE,CE,Federal Contract Tower,0,2,1,12,15,0,0,7,2,9,0,2,8,14,24,12,6,18,42
07/06/2022,HUT,KS,ACE,CE,Federal Contract Tower,0,0,3,14,17,0,2,21,2,25,0,2,24,16,42,56,22,78,120
07/07/2022,HUT,KS,ACE,CE,Federal Contract Tower,0,0,4,0,4,0,4,27,0,31,0,4,31,0,35,48,0,48,83
07/08/2022,HUT,KS,ACE,CE,Federal Contract Tower,0,6,7,8,21,0,3,3,0,6,0,9,10,8,27,6,0,6,33
07/09/2022,HUT,KS,ACE,CE,Federal Contract Tower,0,0,3,0,3,0,0,14,0,14,0,0,17,0,17,30,0,30,47
07/10/2022,HUT,KS,ACE,CE,Federal Contract Tower,0,5,3,8,16,0,0,23,4,27,0,5,26,12,43,70,14,84,127
07/11/2022,HUT,KS,ACE,CE,Federal Contract Tower,0,0,0,12,12,0,2,2,0,4,0,2,2,12,16,0,24,24,40
07/12/2022,HUT,KS,ACE,CE,Federal Contract Tower,0,2,4,6,12,0,4,45,0,49,0,6,49,6,61,220,2,222,283
07/13/2022,HUT,KS,ACE,CE,Federal Contract Tower,0,6,5,8,19,0,2,17,6,25,0,8,22,14,44,28,2,30,74
07/14/2022,HUT,KS,ACE,CE,Federal Contract Tower,0,4,3,2,9,0,0,24,0,24,0,4,27,2,33,38,0,38,71
07/15/2022,HUT,KS,ACE,CE,Federal Contract Tower,0,2,1,2,5,0,4,29,2,35,0,6,30,4,40,58,4,62,102
07/16/2022,HUT,KS,ACE,CE,Federal Contract Tower,0,3,2,4,9,0,2,22,0,24,0,5,24,4,33,18,4,22,55
07/17/2022,HUT,KS,ACE,CE,Federal Contract Tower,0,2,3,4,9,0,0,8,0,8,0,2,11,4,17,30,0,30,47
07/18/2022,HUT,KS,ACE,CE,Federal Contract Tower,0,0,8,14,22,0,0,27,0,27,0,0,35,14,49,34,22,56,105
07/19/2022,HUT,KS,ACE,CE,Federal Contract Tower,0,2,8,4,14,0,5,18,0,23,0,7,26,4,37,34,8,42,79
07/20/2022,HUT,KS,ACE,CE,Federal Contract Tower,0,2,11,2,15,0,8,18,2,28,0,10,29,4,43,74,0,74,117
07/21/2022,HUT,KS,ACE,CE,Federal Contract Tower,0,2,8,0,10,0,0,24,0,24,0,2,32,0,34,66,0,66,100
07/22/2022,HUT,KS,ACE,CE,Federal Contract Tower,0,5,1,8,14,0,10,23,0,33,0,15,24,8,47,44,4,48,95
07/23/2022,HUT,KS,ACE,CE,Federal Contract Tower,0,2,3,0,5,0,0,14,0,14,0,2,17,0,19,10,0,10,29
07/24/2022,HUT,KS,ACE,CE,Federal Contract Tower,0,4,4,0,8,0,0,24,0,24,0,4,28,0,32,8,0,8,40
07/25/2022,HUT,KS,ACE,CE,Federal Contract Tower,0,1,13,12,26,0,0,16,2,18,0,1,29,14,44,20,6,26,70
07/26/2022,HUT,KS,ACE,CE,Federal Contract Tower,0,0,6,6,12,0,4,47,0,51,0,4,53,6,63,70,4,74,137
07/27/2022,HUT,KS,ACE,CE,Federal Contract Tower,0,2,5,0,7,0,2,14,0,16,0,4,19,0,23,98,0,98,121
07/28/2022,HUT,KS,ACE,CE,Federal Contract Tower,0,2,7,0,9,0,0,12,0,12,0,2,19,0,21,70,0,70,91
07/29/2022,HUT,KS,ACE,CE,Federal Contract Tower,0,4,2,4,10,0,4,5,0,9,0,8,7,4,19,30,0,30,49
07/30/2022,HUT,KS,ACE,CE,Federal Contract Tower,0,2,2,0,4,0,0,3,0,3,0,2,5,0,7,0,0,0,7
07/31/2022,HUT,KS,ACE,CE,Federal Contract Tower,0,0,7,24,31,0,0,12,0,12,0,0,19,24,43,2,2,4,47
08/01/2022,HUT,KS,ACE,CE,Federal Contract Tower,0,2,7,34,43,0,0,13,4,17,0,2,20,38,60,14,72,86,146
08/02/2022,HUT,KS,ACE,CE,Federal Contract Tower,0,2,2,4,8,0,8,16,0,24,0,10,18,4,32,32,0,32,64
08/03/2022,HUT,KS,ACE,CE,Federal Contract Tower,0,4,3,8,15,0,4,25,0,29,0,8,28,8,44,58,2,60,104
08/04/2022,HUT,KS,ACE,CE,Federal Contract Tower,0,1,6,18,25,0,2,32,0,34,0,3,38,18,59,94,26,120,179
08/05/2022,HUT,KS,ACE,CE,Federal Contract Tower,0,3,5,2,10,0,1,21,0,22,0,4,26,2,32,64,0,64,96
08/06/2022,HUT,KS,ACE,CE,Federal Contract Tower,0,0,5,0,5,0,4,11,0,15,0,4,16,0,20,16,0,16,36
08/07/2022,HUT,KS,ACE,CE,Federal Contract Tower,0,2,6,10,18,0,0,7,4,11,0,2,13,14,29,4,8,12,41
08/08/2022,HUT,KS,ACE,CE,Federal Contract Tower,0,0,7,14,21,0,0,18,0,18,0,0,25,14,39,10,40,50,89
08/09/2022,HUT,KS,ACE,CE,Federal Contract Tower,0,0,7,33,40,0,0,9,4,13,0,0,16,37,53,52,16,68,121
08/10/2022,HUT,KS,ACE,CE,Federal Contract Tower,0,2,11,0,13,0,12,26,0,38,0,14,37,0,51,60,0,60,111
08/11/2022,HUT,KS,ACE,CE,Federal Contract Tower,0,0,15,4,19,0,2,37,0,39,0,2,52,4,58,44,0,44,102
08/12/2022,HUT,KS,ACE,CE,Federal Contract Tower,0,6,9,31,46,0,4,16,1,21,0,10,25,32,67,34,8,42,109
08/13/2022,HUT,KS,ACE,CE,Federal Contract Tower,0,0,3,2,5,0,0,20,2,22,0,0,23,4,27,42,0,42,69
08/14/2022,HUT,KS,ACE,CE,Federal Contract Tower,0,2,3,4,9,0,0,15,0,15,0,2,18,4,24,0,4,4,28
08/15/2022,HUT,KS,ACE,CE,Federal Contract Tower,0,0,2,16,18,0,0,15,0,15,0,0,17,16,33,14,10,24,57
08/16/2022,HUT,KS,ACE,CE,Federal Contract Tower,0,4,13,2,19,0,6,13,0,19,0,10,26,2,38,6,0,6,44
08/17/2022,HUT,KS,ACE,CE,Federal Contract Tower,0,4,26,30,60,0,2,22,6,30,0,6,48,36,90,62,26,88,178
08/18/2022,HUT,KS,ACE,CE,Federal Contract Tower,0,5,5,4,14,0,2,34,6,42,0,7,39,10,56,208,0,208,264
08/19/2022,HUT,KS,ACE,CE,Federal Contract Tower,0,3,5,10,18,0,0,16,0,16,0,3,21,10,34,10,30,40,74
08/20/2022,HUT,KS,ACE,CE,Federal Contract Tower,0,0,3,0,3,0,10,41,0,51,0,10,44,0,54,66,0,66,120
08/21/2022,HUT,KS,ACE,CE,Federal Contract Tower,0,1,4,24,29,0,4,37,4,45,0,5,41,28,74,46,16,62,136
08/22/2022,HUT,KS,ACE,CE,Federal Contract Tower,0,6,7,17,30,0,3,26,17,46,0,9,33,34,76,128,20,148,224
08/23/2022,HUT,KS,ACE,CE,Federal Contract Tower,0,0,4,4,8,0,2,18,2,22,0,2,22,6,30,74,4,78,108
08/24/2022,HUT,KS,ACE,CE,Federal Contract Tower,0,7,5,10,22,0,1,27,4,32,0,8,32,14,54,80,6,86,140
08/25/2022,HUT,KS,ACE,CE,Federal Contract Tower,0,0,7,17,24,0,0,27,3,30,0,0,34,20,54,58,14,72,126
08/26/2022,HUT,KS,ACE,CE,Federal Contract Tower,0,2,6,8,16,0,0,11,0,11,0,2,17,8,27,50,0,50,77
08/27/2022,HUT,KS,ACE,CE,Federal Contract Tower,0,0,4,0,4,0,0,19,0,19,0,0,23,0,23,52,0,52,75
08/28/2022,HUT,KS,ACE,CE,Federal Contract Tower,0,0,0,4,4,0,0,15,0,15,0,0,15,4,19,26,0,26,45
08/29/2022,HUT,KS,ACE,CE,Federal Contract Tower,0,0,6,16,22,0,0,11,2,13,0,0,17,18,35,48,18,66,101
08/30/2022,HUT,KS,ACE,CE,Federal Contract Tower,0,1,5,23,29,0,4,23,5,32,0,5,28,28,61,40,26,66,127
08/31/2022,HUT,KS,ACE,CE,Federal Contract Tower,0,1,7,18,26,0,2,15,0,17,0,3,22,18,43,60,6,66,109
09/01/2022,HUT,KS,ACE,CE,Federal Contract Tower,0,2,2,17,21,0,0,26,1,27,0,2,28,18,48,52,10,62,110
09/02/2022,HUT,KS,ACE,CE,Federal Contract Tower,0,7,6,0,13,0,21,19,0,40,0,28,25,0,53,22,0,22,75
09/03/2022,HUT,KS,ACE,CE,Federal Contract Tower,0,0,3,0,3,0,2,14,0,16,0,2,17,0,19,10,0,10,29
09/04/2022,HUT,KS,ACE,CE,Federal Contract Tower,0,1,2,0,3,0,1,13,0,14,0,2,15,0,17,26,0,26,43
09/05/2022,HUT,KS,ACE,CE,Federal Contract Tower,0,0,8,0,8,0,0,5,0,5,0,0,13,0,13,6,0,6,19
09/06/2022,HUT,KS,ACE,CE,Federal Contract Tower,0,0,2,6,8,0,4,10,0,14,0,4,12,6,22,22,18,40,62
09/07/2022,HUT,KS,ACE,CE,Federal Contract Tower,0,0,10,11,21,0,10,24,5,39,0,10,34,16,60,42,2,44,104
09/08/2022,HUT,KS,ACE,CE,Federal Contract Tower,0,3,5,26,34,0,11,21,2,34,0,14,26,28,68,46,22,68,136
09/09/2022,HUT,KS,ACE,CE,Federal Contract Tower,0,1,6,11,18,0,3,20,2,25,0,4,26,13,43,30,10,40,83
09/10/2022,HUT,KS,ACE,CE,Federal Contract Tower,0,4,6,0,10,0,0,9,0,9,0,4,15,0,19,8,0,8,27
09/11/2022,HUT,KS,ACE,CE,Federal Contract Tower,0,0,7,0,7,0,0,36,0,36,0,0,43,0,43,22,0,22,65
09/12/2022,HUT,KS,ACE,CE,Federal Contract Tower,0,0,4,8,12,0,0,15,0,15,0,0,19,8,27,18,6,24,51
09/13/2022,HUT,KS,ACE,CE,Federal Contract Tower,0,1,2,10,13,0,8,9,2,19,0,9,11,12,32,20,24,44,76
09/14/2022,HUT,KS,ACE,CE,Federal Contract Tower,0,3,4,14,21,0,2,14,0,16,0,5,18,14,37,16,6,22,59
09/15/2022,HUT,KS,ACE,CE,Federal Contract Tower,0,0,9,7,16,0,0,11,11,22,0,0,20,18,38,16,14,30,68
09/16/2022,HUT,KS,ACE,CE,Federal Contract Tower,0,2,0,0,2,0,0,17,0,17,0,2,17,0,19,66,0,66,85
09/17/2022,HUT,KS,ACE,CE,Federal Contract Tower,0,0,4,0,4,0,0,22,0,22,0,0,26,0,26,14,0,14,40
09/18/2022,HUT,KS,ACE,CE,Federal Contract Tower,0,0,1,9,10,0,2,9,6,17,0,2,10,15,27,2,20,22,49
09/19/2022,HUT,KS,ACE,CE,Federal Contract Tower,0,2,7,12,21,0,0,21,0,21,0,2,28,12,42,116,12,128,170
09/20/2022,HUT,KS,ACE,CE,Federal Contract Tower,0,5,9,8,22,0,5,2,0,7,0,10,11,8,29,4,8,12,41
09/21/2022,HUT,KS,ACE,CE,Federal Contract Tower,0,4,16,0,20,0,2,38,8,48,0,6,54,8,68,44,0,44,112
09/22/2022,HUT,KS,ACE,CE,Federal Contract Tower,0,0,13,2,15,0,2,0,0,2,0,2,13,2,17,6,0,6,23
09/23/2022,HUT,KS,ACE,CE,Federal Contract Tower,0,1,12,12,25,0,2,26,2,30,0,3,38,14,55,76,0,76,131
09/24/2022,HUT,KS,ACE,CE,Federal Contract Tower,0,0,0,0,0,0,0,9,0,9,0,0,9,0,9,28,0,28,37
09/25/2022,HUT,KS,ACE,CE,Federal Contract Tower,0,0,1,7,8,0,0,14,9,23,0,0,15,16,31,22,26,48,79
09/26/2022,HUT,KS,ACE,CE,Federal Contract Tower,0,1,1,2,4,0,0,15,0,15,0,1,16,2,19,40,0,40,59
09/27/2022,HUT,KS,ACE,CE,Federal Contract Tower,0,0,0,28,28,0,0,36,0,36,0,0,36,28,64,38,10,48,112
09/28/2022,HUT,KS,ACE,CE,Federal Contract Tower,0,3,11,5,19,0,3,11,3,17,0,6,22,8,36,18,8,26,62
09/29/2022,HUT,KS,ACE,CE,Federal Contract Tower,0,0,3,9,12,0,3,17,0,20,0,3,20,9,32,50,4,54,86
09/30/2022,HUT,KS,ACE,CE,Federal Contract Tower,0,2,1,16,19,0,1,26,0,27,0,3,27,16,46,56,34,90,136
10/01/2022,HUT,KS,ACE,CE,Federal Contract Tower,0,0,5,0,5,0,0,19,0,19,0,0,24,0,24,32,0,32,56
10/02/2022,HUT,KS,ACE,CE,Federal Contract Tower,0,0,6,2,8,0,0,24,2,26,0,0,30,4,34,42,4,46,80
10/03/2022,HUT,KS,ACE,CE,Federal Contract Tower,0,2,1,10,13,0,28,17,2,47,0,30,18,12,60,52,16,68,128
10/04/2022,HUT,KS,ACE,CE,Federal Contract Tower,0,1,2,12,15,0,2,13,2,17,0,3,15,14,32,46,24,70,102
10/05/2022,HUT,KS,ACE,CE,Federal Contract Tower,0,2,16,31,49,0,0,23,3,26,0,2,39,34,75,34,58,92,167
10/06/2022,HUT,KS,ACE,CE,Federal Contract Tower,0,4,11,21,36,0,2,22,1,25,0,6,33,22,61,62,24,86,147
10/07/2022,HUT,KS,ACE,CE,Federal Contract Tower,0,0,15,8,23,0,0,19,0,19,0,0,34,8,42,52,0,52,94
10/08/2022,HUT,KS,ACE,CE,Federal Contract Tower,0,6,0,0,6,0,0,17,0,17,0,6,17,0,23,18,0,18,41
10/09/2022,HUT,KS,ACE,CE,Federal Contract Tower,0,0,6,0,6,0,0,23,0,23,0,0,29,0,29,26,0,26,55
10/10/2022,HUT,KS,ACE,CE,Federal Contract Tower,0,0,3,2,5,0,2,21,2,25,0,2,24,4,30,44,0,44,74
10/11/2022,HUT,KS,ACE,CE,Federal Contract Tower,0,0,9,13,22,0,0,16,1,17,0,0,25,14,39,20,0,20,59
10/12/2022,HUT,KS,ACE,CE,Federal Contract Tower,0,2,9,22,33,0,2,25,0,27,0,4,34,22,60,44,10,54,114
10/13/2022,HUT,KS,ACE,CE,Federal Contract Tower,0,8,8,7,23,0,6,21,0,27,0,14,29,7,50,54,8,62,112
10/14/2022,HUT,KS,ACE,CE,Federal Contract Tower,0,0,10,2,12,0,2,21,6,29,0,2,31,8,41,10,0,10,51
10/15/2022,HUT,KS,ACE,CE,Federal Contract Tower,0,0,4,0,4,0,0,32,0,32,0,0,36,0,36,16,0,16,52
10/16/2022,HUT,KS,ACE,CE,Federal Contract Tower,0,3,3,37,43,0,0,33,0,33,0,3,36,37,76,44,18,62,138
10/17/2022,HUT,KS,ACE,CE,Federal Contract Tower,0,2,7,19,28,0,7,15,1,23,0,9,22,20,51,20,22,42,93
10/18/2022,HUT,KS,ACE,CE,Federal Contract Tower,0,1,11,22,34,0,0,22,6,28,0,1,33,28,62,94,16,110,172
10/19/2022,HUT,KS,ACE,CE,Federal Contract Tower,0,0,13,0,13,0,0,22,0,22,0,0,35,0,35,54,0,54,89
10/20/2022,HUT,KS,ACE,CE,Federal Contract Tower,0,0,13,19,32,0,2,36,1,39,0,2,49,20,71,46,0,46,117
10/21/2022,HUT,KS,ACE,CE,Federal Contract Tower,0,2,5,0,7,0,0,23,0,23,0,2,28,0,30,24,0,24,54
10/22/2022,HUT,KS,ACE,CE,Federal Contract Tower,0,1,2,0,3,0,0,7,0,7,0,1,9,0,10,0,0,0,10
10/23/2022,HUT,KS,ACE,CE,Federal Contract Tower,0,0,5,0,5,0,3,4,0,7,0,3,9,0,12,2,0,2,14
10/24/2022,HUT,KS,ACE,CE,Federal Contract Tower,0,2,3,0,5,0,6,7,0,13,0,8,10,0,18,32,0,32,50
10/25/2022,HUT,KS,ACE,CE,Federal Contract Tower,0,0,12,26,38,0,16,20,6,42,0,16,32,32,80,50,18,68,148
10/26/2022,HUT,KS,ACE,CE,Federal Contract Tower,0,0,18,4,22,0,8,17,0,25,0,8,35,4,47,28,0,28,75
10/27/2022,HUT,KS,ACE,CE,Federal Contract Tower,0,2,2,2,6,0,2,18,2,22,0,4,20,4,28,22,0,22,50
10/28/2022,HUT,KS,ACE,CE,Federal Contract Tower,0,1,4,19,24,0,6,20,0,26,0,7,24,19,50,28,0,28,78
10/29/2022,HUT,KS,ACE,CE,Federal Contract Tower,0,0,12,2,14,0,2,32,0,34,0,2,44,2,48,70,0,70,118
10/30/2022,HUT,KS,ACE,CE,Federal Contract Tower,0,0,3,2,5,0,2,57,0,59,0,2,60,2,64,44,0,44,108
10/31/2022,HUT,KS,ACE,CE,Federal Contract Tower,0,2,3,3,8,0,1,43,1,45,0,3,46,4,53,94,14,108,161
11/01/2022,HUT,KS,ACE,CE,Federal Contract Tower,0,0,6,8,14,0,0,33,0,33,0,0,39,8,47,62,10,72,119
11/02/2022,HUT,KS,ACE,CE,Federal Contract Tower,0,0,2,22,24,0,2,9,2,13,0,2,11,24,37,30,4,34,71
11/03/2022,HUT,KS,ACE,CE,Federal Contract Tower,0,0,6,2,8,0,0,0,2,2,0,0,6,4,10,86,0,86,96
11/04/2022,HUT,KS,ACE,CE,Federal Contract Tower,0,4,5,0,9,0,0,0,0,0,0,4,5,0,9,28,0,28,37
11/05/2022,HUT,KS,ACE,CE,Federal Contract Tower,0,0,3,0,3,0,2,23,0,25,0,2,26,0,28,28,0,28,56
11/06/2022,HUT,KS,ACE,CE,Federal Contract Tower,0,0,8,0,8,0,0,26,0,26,0,0,34,0,34,106,0,106,140
11/07/2022,HUT,KS,ACE,CE,Federal Contract Tower,0,2,8,9,19,0,0,13,1,14,0,2,21,10,33,42,22,64,97
11/08/2022,HUT,KS,ACE,CE,Federal Contract Tower,0,2,16,0,18,0,0,0,0,0,0,2,16,0,18,10,0,10,28
11/09/2022,HUT,KS,ACE,CE,Federal Contract Tower,0,0,6,4,10,0,0,8,0,8,0,0,14,4,18,20,6,26,44
11/10/2022,HUT,KS,ACE,CE,Federal Contract Tower,0,2,19,16,37,0,6,4,7,17,0,8,23,23,54,32,34,66,120
11/11/2022,HUT,KS,ACE,CE,Federal Contract Tower,0,0,11,0,11,0,0,26,0,26,0,0,37,0,37,32,0,32,69
11/12/2022,HUT,KS,ACE,CE,Federal Contract Tower,0,0,7,0,7,0,0,36,0,36,0,0,43,0,43,58,0,58,101
11/13/2022,HUT,KS,ACE,CE,Federal Contract Tower,0,0,1,4,5,0,0,14,0,14,0,0,15,4,19,14,4,18,37
11/14/2022,HUT,KS,ACE,CE,Federal Contract Tower,0,0,13,0,13,0,0,4,0,4,0,0,17,0,17,22,0,22,39
11/15/2022,HUT,KS,ACE,CE,Federal Contract Tower,0,0,7,7,14,0,2,18,1,21,0,2,25,8,35,132,0,132,167
11/16/2022,HUT,KS,ACE,CE,Federal Contract Tower,0,0,15,4,19,0,0,26,0,26,0,0,41,4,45,70,28,98,143
11/17/2022,HUT,KS,ACE,CE,Federal Contract Tower,0,2,7,0,9,0,5,19,2,26,0,7,26,2,35,76,0,76,111
11/18/2022,HUT,KS,ACE,CE,Federal Contract Tower,0,1,5,14,20,0,2,9,0,11,0,3,14,14,31,36,6,42,73
11/19/2022,HUT,KS,ACE,CE,Federal Contract Tower,0,0,6,0,6,0,0,25,0,25,0,0,31,0,31,96,0,96,127
11/20/2022,HUT,KS,ACE,CE,Federal Contract Tower,0,2,9,0,11,0,0,26,0,26,0,2,35,0,37,24,0,24,61
11/21/2022,HUT,KS,ACE,CE,Federal Contract Tower,0,11,7,10,28,0,10,37,4,51,0,21,44,14,79,76,18,94,173
11/22/2022,HUT,KS,ACE,CE,Federal Contract Tower,0,0,6,10,16,0,6,24,6,36,0,6,30,16,52,56,12,68,120
11/23/2022,HUT,KS,ACE,CE,Federal Contract Tower,0,2,4,2,8,0,1,4,0,5,0,3,8,2,13,26,0,26,39
11/24/2022,HUT,KS,ACE,CE,Federal Contract Tower,0,0,0,0,0,0,0,2,0,2,0,0,2,0,2,4,0,4,6
11/25/2022,HUT,KS,ACE,CE,Federal Contract Tower,0,0,0,0,0,0,2,9,0,11,0,2,9,0,11,14,0,14,25
11/26/2022,HUT,KS,ACE,CE,Federal Contract Tower,0,0,2,0,2,0,0,8,0,8,0,0,10,0,10,2,0,2,12
11/27/2022,HUT,KS,ACE,CE,Federal Contract Tower,0,0,6,0,6,0,0,23,0,23,0,0,29,0,29,50,0,50,79
11/28/2022,HUT,KS,ACE,CE,Federal Contract Tower,0,5,9,17,31,0,4,27,5,36,0,9,36,22,67,202,16,218,285
11/29/2022,HUT,KS,ACE,CE,Federal Contract Tower,0,0,5,4,9,0,0,1,0,1,0,0,6,4,10,6,4,10,20
11/30/2022,HUT,KS,ACE,CE,Federal Contract Tower,0,2,8,18,28,0,0,23,8,31,0,2,31,26,59,148,18,166,225
12/01/2022,HUT,KS,ACE,CE,Federal Contract Tower,0,2,4,0,6,0,0,1,4,5,0,2,5,4,11,120,0,120,131
12/02/2022,HUT,KS,ACE,CE,Federal Contract Tower,0,4,3,0,7,0,2,20,0,22,0,6,23,0,29,44,0,44,73
12/03/2022,HUT,KS,ACE,CE,Federal Contract Tower,0,6,14,0,20,0,0,24,0,24,0,6,38,0,44,42,0,42,86
12/04/2022,HUT,KS,ACE,CE,Federal Contract Tower,0,1,4,0,5,0,2,34,0,36,0,3,38,0,41,62,0,62,103
12/05/2022,HUT,KS,ACE,CE,Federal Contract Tower,0,3,9,12,24,0,0,22,2,24,0,3,31,14,48,64,10,74,122
12/06/2022,HUT,KS,ACE,CE,Federal Contract Tower,0,3,10,13,26,0,4,15,1,20,0,7,25,14,46,56,18,74,120
12/07/2022,HUT,KS,ACE,CE,Federal Contract Tower,0,6,13,6,25,0,2,6,4,12,0,8,19,10,37,52,26,78,115
12/08/2022,HUT,KS,ACE,CE,Federal Contract Tower,0,2,7,0,9,0,0,0,1,1,0,2,7,1,10,0,0,0,10
12/09/2022,HUT,KS,ACE,CE,Federal Contract Tower,0,2,8,23,33,0,2,20,4,26,0,4,28,27,59,0,12,12,71
12/10/2022,HUT,KS,ACE,CE,Federal Contract Tower,0,7,6,9,22,0,3,26,2,31,0,10,32,11,53,24,14,38,91
12/11/2022,HUT,KS,ACE,CE,Federal Contract Tower,0,1,5,5,11,0,0,0,0,0,0,1,5,5,11,0,6,6,17
12/12/2022,HUT,KS,ACE,CE,Federal Contract Tower,0,0,1,4,5,0,0,0,0,0,0,0,1,4,5,0,0,0,5
12/13/2022,HUT,KS,ACE,CE,Federal Contract Tower,0,0,3,13,16,0,0,9,3,12,0,0,12,16,28,18,2,20,48
12/14/2022,HUT,KS,ACE,CE,Federal Contract Tower,0,0,3,16,19,0,6,19,0,25,0,6,22,16,44,180,4,184,228
12/15/2022,HUT,KS,ACE,CE,Federal Contract Tower,0,2,19,0,21,0,0,23,2,25,0,2,42,2,46,62,0,62,108
12/16/2022,HUT,KS,ACE,CE,Federal Contract Tower,0,6,10,8,24,0,3,11,4,18,0,9,21,12,42,12,8,20,62
12/17/2022,HUT,KS,ACE,CE,Federal Contract Tower,0,0,6,0,6,0,0,19,0,19,0,0,25,0,25,2,0,2,27
12/18/2022,HUT,KS,ACE,CE,Federal Contract Tower,0,0,4,0,4,0,0,31,0,31,0,0,35,0,35,26,0,26,61
12/19/2022,HUT,KS,ACE,CE,Federal Contract Tower,0,4,11,0,15,0,4,17,0,21,0,8,28,0,36,24,0,24,60
12/20/2022,HUT,KS,ACE,CE,Federal Contract Tower,0,0,7,4,11,0,0,2,0,2,0,0,9,4,13,6,6,12,25
12/21/2022,HUT,KS,ACE,CE,Federal Contract Tower,0,2,2,0,4,0,0,0,0,0,0,2,2,0,4,0,0,0,4
12/22/2022,HUT,KS,ACE,CE,Federal Contract Tower,0,3,0,0,3,0,0,8,0,8,0,3,8,0,11,14,0,14,25
12/23/2022,HUT,KS,ACE,CE,Federal Contract Tower,0,0,2,0,2,0,0,5,0,5,0,0,7,0,7,0,0,0,7
12/24/2022,HUT,KS,ACE,CE,Federal Contract Tower,0,0,0,0,0,0,2,3,0,5,0,2,3,0,5,0,0,0,5
12/25/2022,HUT,KS,ACE,CE,Federal Contract Tower,0,0,0,0,0,0,0,0,0,0,0,0,0,0,0,0,0,0,0
12/26/2022,HUT,KS,ACE,CE,Federal Contract Tower,0,0,1,0,1,0,0,0,0,0,0,0,1,0,1,0,0,0,1
12/27/2022,HUT,KS,ACE,CE,Federal Contract Tower,0,5,7,0,12,0,0,10,0,10,0,5,17,0,22,2,0,2,24
12/28/2022,HUT,KS,ACE,CE,Federal Contract Tower,0,0,4,0,4,0,0,16,0,16,0,0,20,0,20,40,0,40,60
12/29/2022,HUT,KS,ACE,CE,Federal Contract Tower,0,2,8,2,12,0,0,13,0,13,0,2,21,2,25,14,0,14,39
12/30/2022,HUT,KS,ACE,CE,Federal Contract Tower,0,2,9,0,11,0,2,29,0,31,0,4,38,0,42,52,0,52,94
12/31/2022,HUT,KS,ACE,CE,Federal Contract Tower,0,0,5,0,5,0,1,22,0,23,0,1,27,0,28,28,0,28,56
01/01/2023,HUT,KS,ACE,CE,Federal Contract Tower,0,1,8,0,9,0,0,9,0,9,0,1,17,0,18,0,0,0,18
01/02/2023,HUT,KS,ACE,CE,Federal Contract Tower,0,2,3,0,5,0,0,0,0,0,0,2,3,0,5,0,0,0,5
01/03/2023,HUT,KS,ACE,CE,Federal Contract Tower,0,0,2,0,2,0,0,12,6,18,0,0,14,6,20,30,0,30,50
01/04/2023,HUT,KS,ACE,CE,Federal Contract Tower,0,0,13,18,31,0,4,32,6,42,0,4,45,24,73,48,12,60,133
01/05/2023,HUT,KS,ACE,CE,Federal Contract Tower,0,4,5,5,14,0,8,12,3,23,0,12,17,8,37,60,10,70,107
01/06/2023,HUT,KS,ACE,CE,Federal Contract Tower,0,3,2,6,11,0,0,31,8,39,0,3,33,14,50,44,12,56,106
01/07/2023,HUT,KS,ACE,CE,Federal Contract Tower,0,8,5,0,13,0,0,13,2,15,0,8,18,2,28,10,0,10,38
01/08/2023,HUT,KS,ACE,CE,Federal Contract Tower,0,2,11,0,13,0,0,23,0,23,0,2,34,0,36,14,0,14,50
01/09/2023,HUT,KS,ACE,CE,Federal Contract Tower,0,1,8,14,23,0,6,14,0,20,0,7,22,14,43,34,20,54,97
01/10/2023,HUT,KS,ACE,CE,Federal Contract Tower,0,2,3,3,8,0,3,26,2,31,0,5,29,5,39,26,6,32,71
01/11/2023,HUT,KS,ACE,CE,Federal Contract Tower,0,4,8,16,28,0,2,12,4,18,0,6,20,20,46,14,22,36,82
01/12/2023,HUT,KS,ACE,CE,Federal Contract Tower,0,0,0,5,5,0,0,6,3,9,0,0,6,8,14,8,0,8,22
01/13/2023,HUT,KS,ACE,CE,Federal Contract Tower,0,1,10,0,11,0,3,21,0,24,0,4,31,0,35,36,0,36,71
01/14/2023,HUT,KS,ACE,CE,Federal Contract Tower,0,0,2,0,2,0,0,22,0,22,0,0,24,0,24,70,0,70,94
01/15/2023,HUT,KS,ACE,CE,Federal Contract Tower,0,2,2,0,4,0,0,5,0,5,0,2,7,0,9,0,0,0,9
01/16/2023,HUT,KS,ACE,CE,Federal Contract Tower,0,0,5,0,5,0,1,18,0,19,0,1,23,0,24,40,0,40,64
01/17/2023,HUT,KS,ACE,CE,Federal Contract Tower,0,3,3,16,22,0,5,27,0,32,0,8,30,16,54,18,6,24,78
01/18/2023,HUT,KS,ACE,CE,Federal Contract Tower,0,6,4,0,10,0,0,1,0,1,0,6,5,0,11,0,0,0,11
01/19/2023,HUT,KS,ACE,CE,Federal Contract Tower,0,2,10,8,20,0,1,10,0,11,0,3,20,8,31,30,4,34,65
01/20/2023,HUT,KS,ACE,CE,Federal Contract Tower,0,1,6,3,10,0,4,37,2,43,0,5,43,5,53,70,18,88,141
01/21/2023,HUT,KS,ACE,CE,Federal Contract Tower,0,0,0,0,0,0,0,0,0,0,0,0,0,0,0,0,0,0,0
01/22/2023,HUT,KS,ACE,CE,Federal Contract Tower,0,0,14,0,14,0,0,5,0,5,0,0,19,0,19,8,0,8,27
01/23/2023,HUT,KS,ACE,CE,Federal Contract Tower,0,1,5,8,14,0,2,20,0,22,0,3,25,8,36,12,6,18,54
01/24/2023,HUT,KS,ACE,CE,Federal Contract Tower,0,2,0,0,2,0,0,0,0,0,0,2,0,0,2,0,0,0,2
01/25/2023,HUT,KS,ACE,CE,Federal Contract Tower,0,0,10,2,12,0,4,11,2,17,0,4,21,4,29,18,0,18,47
01/26/2023,HUT,KS,ACE,CE,Federal Contract Tower,0,3,15,10,28,0,0,26,0,26,0,3,41,10,54,54,8,62,116
01/27/2023,HUT,KS,ACE,CE,Federal Contract Tower,0,2,7,10,19,0,0,31,8,39,0,2,38,18,58,44,8,52,110
01/28/2023,HUT,KS,ACE,CE,Federal Contract Tower,0,2,1,0,3,0,0,11,0,11,0,2,12,0,14,30,0,30,44
01/29/2023,HUT,KS,ACE,CE,Federal Contract Tower,0,0,5,0,5,0,0,0,0,0,0,0,5,0,5,0,0,0,5
01/30/2023,HUT,KS,ACE,CE,Federal Contract Tower,0,3,10,1,14,0,0,2,1,3,0,3,12,2,17,6,0,6,23
01/31/2023,HUT,KS,ACE,CE,Federal Contract Tower,0,1,3,21,25,0,2,14,5,21,0,3,17,26,46,14,22,36,82
02/01/2023,HUT,KS,ACE,CE,Federal Contract Tower,0,0,9,24,33,0,6,31,2,39,0,6,40,26,72,68,6,74,146
02/02/2023,HUT,KS,ACE,CE,Federal Contract Tower,0,2,1,24,27,0,6,21,8,35,0,8,22,32,62,64,28,92,154
02/03/2023,HUT,KS,ACE,CE,Federal Contract Tower,0,1,9,14,24,0,10,37,0,47,0,11,46,14,71,34,6,40,111
02/04/2023,HUT,KS,ACE,CE,Federal Contract Tower,0,0,2,0,2,0,0,12,2,14,0,0,14,2,16,4,0,4,20
02/05/2023,HUT,KS,ACE,CE,Federal Contract Tower,0,0,5,0,5,0,2,44,0,46,0,2,49,0,51,60,0,60,111
02/06/2023,HUT,KS,ACE,CE,Federal Contract Tower,0,0,10,10,20,0,1,5,2,8,0,1,15,12,28,12,12,24,52
02/07/2023,HUT,KS,ACE,CE,Federal Contract Tower,0,2,5,36,43,0,5,18,0,23,0,7,23,36,66,38,32,70,136
02/08/2023,HUT,KS,ACE,CE,Federal Contract Tower,0,0,2,4,6,0,2,4,0,6,0,2,6,4,12,6,0,6,18
02/09/2023,HUT,KS,ACE,CE,Federal Contract Tower,0,2,0,0,2,0,0,12,0,12,0,2,12,0,14,22,0,22,36
02/10/2023,HUT,KS,ACE,CE,Federal Contract Tower,0,1,6,2,9,0,6,15,6,27,0,7,21,8,36,10,0,10,46
02/11/2023,HUT,KS,ACE,CE,Federal Contract Tower,0,1,1,0,2,0,4,25,0,29,0,5,26,0,31,20,0,20,51
02/12/2023,HUT,KS,ACE,CE,Federal Contract Tower,0,0,3,4,7,0,0,6,0,6,0,0,9,4,13,6,4,10,23
02/13/2023,HUT,KS,ACE,CE,Federal Contract Tower,0,0,3,12,15,0,5,32,4,41,0,5,35,16,56,80,22,102,158
02/14/2023,HUT,KS,ACE,CE,Federal Contract Tower,0,9,11,0,20,0,6,7,0,13,0,15,18,0,33,18,0,18,51
02/15/2023,HUT,KS,ACE,CE,Federal Contract Tower,0,0,8,0,8,0,0,4,4,8,0,0,12,4,16,48,0,48,64
02/16/2023,HUT,KS,ACE,CE,Federal Contract Tower,0,3,3,6,12,0,0,1,0,1,0,3,4,6,13,0,0,0,13
02/17/2023,HUT,KS,ACE,CE,Federal Contract Tower,0,1,5,6,12,0,0,25,0,25,0,1,30,6,37,46,4,50,87
02/18/2023,HUT,KS,ACE,CE,Federal Contract Tower,0,2,1,0,3,0,0,5,0,5,0,2,6,0,8,2,0,2,10
02/19/2023,HUT,KS,ACE,CE,Federal Contract Tower,0,0,6,0,6,0,0,41,0,41,0,0,47,0,47,34,0,34,81
02/20/2023,HUT,KS,ACE,CE,Federal Contract Tower,0,0,8,0,8,0,4,39,6,49,0,4,47,6,57,68,0,68,125
02/21/2023,HUT,KS,ACE,CE,Federal Contract Tower,0,0,12,12,24,0,9,22,0,31,0,9,34,12,55,22,14,36,91
02/22/2023,HUT,KS,ACE,CE,Federal Contract Tower,0,4,0,2,6,0,2,4,6,12,0,6,4,8,18,26,14,40,58
02/23/2023,HUT,KS,ACE,CE,Federal Contract Tower,0,5,4,16,25,0,12,27,14,53,0,17,31,30,78,54,0,54,132
02/24/2023,HUT,KS,ACE,CE,Federal Contract Tower,0,1,8,0,9,0,0,19,0,19,0,1,27,0,28,54,0,54,82
02/25/2023,HUT,KS,ACE,CE,Federal Contract Tower,0,4,1,0,5,0,0,14,0,14,0,4,15,0,19,26,0,26,45
02/26/2023,HUT,KS,ACE,CE,Federal Contract Tower,0,0,0,4,4,0,0,3,0,3,0,0,3,4,7,2,0,2,9
02/27/2023,HUT,KS,ACE,CE,Federal Contract Tower,0,0,5,4,9,0,0,35,6,41,0,0,40,10,50,82,12,94,144
02/28/2023,HUT,KS,ACE,CE,Federal Contract Tower,0,0,5,6,11,0,6,42,0,48,0,6,47,6,59,56,4,60,119
03/01/2023,HUT,KS,ACE,CE,Federal Contract Tower,0,0,6,5,11,0,0,42,1,43,0,0,48,6,54,88,2,90,144
03/02/2023,HUT,KS,ACE,CE,Federal Contract Tower,0,2,3,0,5,0,0,4,0,4,0,2,7,0,9,10,0,10,19
03/03/2023,HUT,KS,ACE,CE,Federal Contract Tower,0,4,1,1,6,0,6,31,3,40,0,10,32,4,46,40,0,40,86
03/04/2023,HUT,KS,ACE,CE,Federal Contract Tower,0,2,2,0,4,0,2,49,0,51,0,4,51,0,55,82,0,82,137
03/05/2023,HUT,KS,ACE,CE,Federal Contract Tower,0,0,2,0,2,0,0,4,0,4,0,0,6,0,6,2,0,2,8
03/06/2023,HUT,KS,ACE,CE,Federal Contract Tower,0,1,7,8,16,0,0,28,4,32,0,1,35,12,48,54,10,64,112
03/07/2023,HUT,KS,ACE,CE,Federal Contract Tower,0,0,10,21,31,0,0,12,3,15,0,0,22,24,46,14,32,46,92
03/08/2023,HUT,KS,ACE,CE,Federal Contract Tower,0,0,1,0,1,0,0,11,0,11,0,0,12,0,12,70,0,70,82
03/09/2023,HUT,KS,ACE,CE,Federal Contract Tower,0,0,8,0,8,0,0,8,0,8,0,0,16,0,16,52,0,52,68
03/10/2023,HUT,KS,ACE,CE,Federal Contract Tower,0,2,7,4,13,0,0,23,2,25,0,2,30,6,38,62,0,62,100
03/11/2023,HUT,KS,ACE,CE,Federal Contract Tower,0,0,4,0,4,0,0,2,0,2,0,0,6,0,6,0,0,0,6
03/12/2023,HUT,KS,ACE,CE,Federal Contract Tower,0,0,3,0,3,0,0,20,0,20,0,0,23,0,23,26,0,26,49
03/13/2023,HUT,KS,ACE,CE,Federal Contract Tower,0,0,6,0,6,0,0,31,0,31,0,0,37,0,37,70,0,70,107
03/14/2023,HUT,KS,ACE,CE,Federal Contract Tower,0,2,6,2,10,0,0,26,0,26,0,2,32,2,36,30,0,30,66
03/15/2023,HUT,KS,ACE,CE,Federal Contract Tower,0,1,9,2,12,0,3,2,0,5,0,4,11,2,17,0,4,4,21
03/16/2023,HUT,KS,ACE,CE,Federal Contract Tower,0,0,2,1,3,0,0,0,0,0,0,0,2,1,3,6,0,6,9
03/17/2023,HUT,KS,ACE,CE,Federal Contract Tower,0,0,11,13,24,0,0,33,0,33,0,0,44,13,57,60,34,94,151
03/18/2023,HUT,KS,ACE,CE,Federal Contract Tower,0,0,7,0,7,0,0,12,0,12,0,0,19,0,19,22,0,22,41
03/19/2023,HUT,KS,ACE,CE,Federal Contract Tower,0,4,13,4,21,0,1,58,0,59,0,5,71,4,80,88,4,92,172
03/20/2023,HUT,KS,ACE,CE,Federal Contract Tower,0,7,1,4,12,0,0,4,2,6,0,7,5,6,18,16,4,20,38
03/21/2023,HUT,KS,ACE,CE,Federal Contract Tower,0,0,7,10,17,0,0,6,0,6,0,0,13,10,23,6,2,8,31
03/22/2023,HUT,KS,ACE,CE,Federal Contract Tower,0,0,16,12,28,0,12,18,6,36,0,12,34,18,64,60,32,92,156
03/23/2023,HUT,KS,ACE,CE,Federal Contract Tower,0,0,6,26,32,0,2,21,5,28,0,2,27,31,60,102,18,120,180
03/24/2023,HUT,KS,ACE,CE,Federal Contract Tower,0,0,11,4,15,0,0,13,0,13,0,0,24,4,28,4,0,4,32
03/25/2023,HUT,KS,ACE,CE,Federal Contract Tower,0,2,2,0,4,0,0,27,0,27,0,2,29,0,31,66,0,66,97
03/26/2023,HUT,KS,ACE,CE,Federal Contract Tower,0,0,4,0,4,0,0,15,0,15,0,0,19,0,19,42,0,42,61
03/27/2023,HUT,KS,ACE,CE,Federal Contract Tower,0,4,6,4,14,0,0,18,0,18,0,4,24,4,32,32,0,32,64
03/28/2023,HUT,KS,ACE,CE,Federal Contract Tower,0,0,4,10,14,0,0,24,0,24,0,0,28,10,38,52,12,64,102
03/29/2023,HUT,KS,ACE,CE,Federal Contract Tower,0,0,3,0,3,0,2,16,0,18,0,2,19,0,21,58,0,58,79
03/30/2023,HUT,KS,ACE,CE,Federal Contract Tower,0,4,1,0,5,0,0,2,0,2,0,4,3,0,7,16,0,16,23
03/31/2023,HUT,KS,ACE,CE,Federal Contract Tower,0,2,11,0,13,0,6,10,0,16,0,8,21,0,29,18,0,18,47
04/01/2023,HUT,KS,ACE,CE,Federal Contract Tower,0,0,2,2,4,0,0,22,6,28,0,0,24,8,32,68,0,68,100
04/02/2023,HUT,KS,ACE,CE,Federal Contract Tower,0,0,0,0,0,0,1,21,0,22,0,1,21,0,22,38,0,38,60
04/03/2023,HUT,KS,ACE,CE,Federal Contract Tower,0,6,5,1,12,0,1,31,3,35,0,7,36,4,47,68,2,70,117
04/04/2023,HUT,KS,ACE,CE,Federal Contract Tower,0,4,0,10,14,0,0,12,0,12,0,4,12,10,26,26,8,34,60
04/05/2023,HUT,KS,ACE,CE,Federal Contract Tower,0,0,7,14,21,0,2,26,0,28,0,2,33,14,49,54,4,58,107
04/06/2023,HUT,KS,ACE,CE,Federal Contract Tower,0,0,3,10,13,0,6,25,2,33,0,6,28,12,46,64,0,64,110
04/07/2023,HUT,KS,ACE,CE,Federal Contract Tower,0,0,7,0,7,0,12,37,1,50,0,12,44,1,57,80,0,80,137
04/08/2023,HUT,KS,ACE,CE,Federal Contract Tower,0,0,2,6,8,0,0,27,0,27,0,0,29,6,35,32,6,38,73
04/09/2023,HUT,KS,ACE,CE,Federal Contract Tower,0,0,2,0,2,0,0,16,0,16,0,0,18,0,18,44,0,44,62
04/10/2023,HUT,KS,ACE,CE,Federal Contract Tower,0,1,4,22,27,0,2,44,0,46,0,3,48,22,73,142,4,146,219
04/11/2023,HUT,KS,ACE,CE,Federal Contract Tower,0,0,3,21,24,0,4,26,1,31,0,4,29,22,55,220,32,252,307
04/12/2023,HUT,KS,ACE,CE,Federal Contract Tower,0,2,8,18,28,0,18,12,16,46,0,20,20,34,74,242,18,260,334
04/13/2023,HUT,KS,ACE,CE,Federal Contract Tower,0,0,7,16,23,0,3,14,9,26,0,3,21,25,49,18,4,22,71
04/14/2023,HUT,KS,ACE,CE,Federal Contract Tower,0,2,8,20,30,0,0,12,0,12,0,2,20,20,42,2,0,2,44
04/15/2023,HUT,KS,ACE,CE,Federal Contract Tower,0,2,4,0,6,0,0,2,0,2,0,2,6,0,8,15,0,15,23
04/16/2023,HUT,KS,ACE,CE,Federal Contract Tower,0,3,4,0,7,0,0,20,0,20,0,3,24,0,27,48,0,48,75
04/17/2023,HUT,KS,ACE,CE,Federal Contract Tower,0,2,10,0,12,0,0,27,0,27,0,2,37,0,39,22,0,22,61
04/18/2023,HUT,KS,ACE,CE,Federal Contract Tower,0,0,6,9,15,0,2,8,1,11,0,2,14,10,26,24,8,32,58
04/19/2023,HUT,KS,ACE,CE,Federal Contract Tower,0,0,8,22,30,0,2,5,0,7,0,2,13,22,37,24,2,26,63
04/20/2023,HUT,KS,ACE,CE,Federal Contract Tower,0,4,6,20,30,0,0,31,2,33,0,4,37,22,63,98,40,138,201
04/21/2023,HUT,KS,ACE,CE,Federal Contract Tower,0,1,9,14,24,0,4,33,1,38,0,5,42,15,62,88,8,96,158
04/22/2023,HUT,KS,ACE,CE,Federal Contract Tower,0,0,10,0,10,0,15,0,0,15,0,15,10,0,25,22,0,22,47
04/23/2023,HUT,KS,ACE,CE,Federal Contract Tower,0,1,7,0,8,0,2,31,0,33,0,3,38,0,41,20,0,20,61
04/24/2023,HUT,KS,ACE,CE,Federal Contract Tower,0,2,3,0,5,0,6,14,0,20,0,8,17,0,25,32,0,32,57
04/25/2023,HUT,KS,ACE,CE,Federal Contract Tower,0,10,3,1,14,0,0,11,1,12,0,10,14,2,26,26,0,26,52
04/26/2023,HUT,KS,ACE,CE,Federal Contract Tower,0,1,13,2,16,0,19,13,0,32,0,20,26,2,48,36,2,38,86
04/27/2023,HUT,KS,ACE,CE,Federal Contract Tower,0,9,16,53,78,0,0,23,2,25,0,9,39,55,103,78,68,146,249
04/28/2023,HUT,KS,ACE,CE,Federal Contract Tower,0,10,6,0,16,0,0,6,0,6,0,10,12,0,22,146,0,146,168
04/29/2023,HUT,KS,ACE,CE,Federal Contract Tower,0,2,7,0,9,0,2,22,0,24,0,4,29,0,33,42,0,42,75
04/30/2023,HUT,KS,ACE,CE,Federal Contract Tower,0,0,2,0,2,0,0,24,0,24,0,0,26,0,26,30,0,30,56
05/01/2023,HUT,KS,ACE,CE,Federal Contract Tower,0,3,6,0,9,0,0,43,0,43,0,3,49,0,52,78,0,78,130
05/02/2023,HUT,KS,ACE,CE,Federal Contract Tower,0,1,10,16,27,0,7,46,0,53,0,8,56,16,80,102,14,116,196
05/03/2023,HUT,KS,ACE,CE,Federal Contract Tower,0,1,9,8,18,0,2,36,0,38,0,3,45,8,56,74,10,84,140
05/04/2023,HUT,KS,ACE,CE,Federal Contract Tower,0,0,9,5,14,0,0,8,0,8,0,0,17,5,22,34,2,36,58
05/05/2023,HUT,KS,ACE,CE,Federal Contract Tower,0,0,19,0,19,0,0,0,0,0,0,0,19,0,19,60,0,60,79
05/06/2023,HUT,KS,ACE,CE,Federal Contract Tower,0,0,7,0,7,0,0,21,0,21,0,0,28,0,28,36,0,36,64
05/07/2023,HUT,KS,ACE,CE,Federal Contract Tower,0,0,6,2,8,0,0,8,2,10,0,0,14,4,18,11,12,23,41
05/08/2023,HUT,KS,ACE,CE,Federal Contract Tower,0,0,7,6,13,0,6,27,0,33,0,6,34,6,46,54,6,60,106
05/09/2023,HUT,KS,ACE,CE,Federal Contract Tower,0,0,10,0,10,0,0,14,0,14,0,0,24,0,24,22,0,22,46
05/10/2023,HUT,KS,ACE,CE,Federal Contract Tower,0,8,6,8,22,0,6,15,4,25,0,14,21,12,47,36,18,54,101
05/11/2023,HUT,KS,ACE,CE,Federal Contract Tower,0,2,8,0,10,0,0,16,0,16,0,2,24,0,26,44,0,44,70
05/12/2023,HUT,KS,ACE,CE,Federal Contract Tower,0,2,7,2,11,0,4,34,0,38,0,6,41,2,49,98,0,98,147
05/13/2023,HUT,KS,ACE,CE,Federal Contract Tower,0,1,5,2,8,0,1,35,0,36,0,2,40,2,44,66,6,72,116
05/14/2023,HUT,KS,ACE,CE,Federal Contract Tower,0,2,0,2,4,0,4,3,0,7,0,6,3,2,11,26,0,26,37
05/15/2023,HUT,KS,ACE,CE,Federal Contract Tower,0,0,3,2,5,0,0,1,0,1,0,0,4,2,6,0,0,0,6
05/16/2023,HUT,KS,ACE,CE,Federal Contract Tower,0,1,28,2,31,0,0,20,0,20,0,1,48,2,51,58,0,58,109
05/17/2023,HUT,KS,ACE,CE,Federal Contract Tower,0,1,9,11,21,0,4,27,1,32,0,5,36,12,53,64,14,78,131
05/18/2023,HUT,KS,ACE,CE,Federal Contract Tower,0,1,1,4,6,0,0,14,1,15,0,1,15,5,21,14,10,24,45
05/19/2023,HUT,KS,ACE,CE,Federal Contract Tower,0,2,3,22,27,0,0,10,9,19,0,2,13,31,46,6,24,30,76
05/20/2023,HUT,KS,ACE,CE,Federal Contract Tower,0,4,4,6,14,0,0,42,0,42,0,4,46,6,56,2,6,8,64
05/21/2023,HUT,KS,ACE,CE,Federal Contract Tower,0,4,5,0,9,0,4,25,0,29,0,8,30,0,38,22,0,22,60
05/22/2023,HUT,KS,ACE,CE,Federal Contract Tower,0,0,6,34,40,0,7,25,12,44,0,7,31,46,84,30,54,84,168
05/23/2023,HUT,KS,ACE,CE,Federal Contract Tower,0,6,11,16,33,0,0,24,8,32,0,6,35,24,65,60,20,80,145
05/24/2023,HUT,KS,ACE,CE,Federal Contract Tower,0,3,3,28,34,0,0,27,2,29,0,3,30,30,63,44,44,88,151
05/25/2023,HUT,KS,ACE,CE,Federal Contract Tower,0,2,4,0,6,0,0,31,0,31,0,2,35,0,37,52,0,52,89
05/26/2023,HUT,KS,ACE,CE,Federal Contract Tower,0,6,9,0,15,0,7,22,0,29,0,13,31,0,44,92,0,92,136
05/27/2023,HUT,KS,ACE,CE,Federal Contract Tower,0,0,7,0,7,0,2,30,0,32,0,2,37,0,39,42,0,42,81
05/28/2023,HUT,KS,ACE,CE,Federal Contract Tower,0,0,3,0,3,0,2,4,0,6,0,2,7,0,9,2,0,2,11
05/29/2023,HUT,KS,ACE,CE,Federal Contract Tower,0,0,6,0,6,0,0,16,0,16,0,0,22,0,22,4,0,4,26
05/30/2023,HUT,KS,ACE,CE,Federal Contract Tower,0,0,10,9,19,0,0,21,1,22,0,0,31,10,41,54,14,68,109
05/31/2023,HUT,KS,ACE,CE,Federal Contract Tower,0,0,7,5,12,0,0,18,1,19,0,0,25,6,31,104,0,104,135
06/01/2023,HUT,KS,ACE,CE,Federal Contract Tower,0,3,6,0,9,0,0,11,0,11,0,3,17,0,20,32,0,32,52
06/02/2023,HUT,KS,ACE,CE,Federal Contract Tower,0,4,6,0,10,0,2,19,0,21,0,6,25,0,31,40,0,40,71
06/03/2023,HUT,KS,ACE,CE,Federal Contract Tower,0,1,1,0,2,0,0,25,0,25,0,1,26,0,27,28,0,28,55
06/04/2023,HUT,KS,ACE,CE,Federal Contract Tower,0,0,5,0,5,0,0,25,0,25,0,0,30,0,30,42,0,42,72
06/05/2023,HUT,KS,ACE,CE,Federal Contract Tower,0,2,6,0,8,0,2,18,0,20,0,4,24,0,28,46,0,46,74
06/06/2023,HUT,KS,ACE,CE,Federal Contract Tower,0,2,5,0,7,0,10,25,0,35,0,12,30,0,42,62,0,62,104
06/07/2023,HUT,KS,ACE,CE,Federal Contract Tower,0,1,15,1,17,0,0,28,1,29,0,1,43,2,46,50,0,50,96
06/08/2023,HUT,KS,ACE,CE,Federal Contract Tower,0,2,6,5,13,0,8,14,2,24,0,10,20,7,37,38,4,42,79
06/09/2023,HUT,KS,ACE,CE,Federal Contract Tower,0,2,4,0,6,0,4,18,0,22,0,6,22,0,28,78,0,78,106
06/10/2023,HUT,KS,ACE,CE,Federal Contract Tower,0,1,2,10,13,0,2,16,4,22,0,3,18,14,35,40,14,54,89
06/11/2023,HUT,KS,ACE,CE,Federal Contract Tower,0,2,7,4,13,0,2,7,0,9,0,4,14,4,22,14,0,14,36
06/12/2023,HUT,KS,ACE,CE,Federal Contract Tower,0,3,14,23,40,0,0,30,5,35,0,3,44,28,75,58,44,102,177
06/13/2023,HUT,KS,ACE,CE,Federal Contract Tower,0,1,3,18,22,0,4,27,14,45,0,5,30,32,67,66,8,74,141
06/14/2023,HUT,KS,ACE,CE,Federal Contract Tower,0,4,6,16,26,0,4,19,0,23,0,8,25,16,49,30,18,48,97
06/15/2023,HUT,KS,ACE,CE,Federal Contract Tower,0,0,8,3,11,0,4,26,4,34,0,4,34,7,45,106,18,124,169
06/16/2023,HUT,KS,ACE,CE,Federal Contract Tower,0,4,8,9,21,0,2,21,1,24,0,6,29,10,45,40,24,64,109
06/17/2023,HUT,KS,ACE,CE,Federal Contract Tower,0,6,0,6,12,0,0,11,2,13,0,6,11,8,25,14,4,18,43
06/18/2023,HUT,KS,ACE,CE,Federal Contract Tower,0,1,3,0,4,0,0,16,0,16,0,1,19,0,20,16,0,16,36
06/19/2023,HUT,KS,ACE,CE,Federal Contract Tower,0,0,3,0,3,0,0,21,0,21,0,0,24,0,24,36,0,36,60
06/20/2023,HUT,KS,ACE,CE,Federal Contract Tower,0,6,15,14,35,0,0,50,2,52,0,6,65,16,87,86,2,88,175
06/21/2023,HUT,KS,ACE,CE,Federal Contract Tower,0,0,4,0,4,0,0,4,0,4,0,0,8,0,8,0,0,0,8
06/22/2023,HUT,KS,ACE,CE,Federal Contract Tower,0,0,3,31,34,0,5,44,0,49,0,5,47,31,83,48,58,106,189
06/23/2023,HUT,KS,ACE,CE,Federal Contract Tower,0,2,11,6,19,0,20,22,0,42,0,22,33,6,61,58,2,60,121
06/24/2023,HUT,KS,ACE,CE,Federal Contract Tower,0,0,2,0,2,0,0,19,0,19,0,0,21,0,21,38,0,38,59
06/25/2023,HUT,KS,ACE,CE,Federal Contract Tower,0,0,1,6,7,0,2,32,0,34,0,2,33,6,41,78,0,78,119
06/26/2023,HUT,KS,ACE,CE,Federal Contract Tower,0,3,9,16,28,0,10,46,0,56,0,13,55,16,84,114,18,132,216
06/27/2023,HUT,KS,ACE,CE,Federal Contract Tower,0,0,4,2,6,0,5,23,0,28,0,5,27,2,34,86,2,88,122
06/28/2023,HUT,KS,ACE,CE,Federal Contract Tower,0,0,1,12,13,0,14,23,2,39,0,14,24,14,52,64,2,66,118
06/29/2023,HUT,KS,ACE,CE,Federal Contract Tower,0,4,9,3,16,0,2,25,1,28,0,6,34,4,44,90,0,90,134
06/30/2023,HUT,KS,ACE,CE,Federal Contract Tower,0,8,5,37,50,0,3,25,4,32,0,11,30,41,82,58,14,72,154
07/01/2023,HUT,KS,ACE,CE,Federal Contract Tower,0,0,1,0,1,0,0,23,0,23,0,0,24,0,24,30,0,30,54
07/02/2023,HUT,KS,ACE,CE,Federal Contract Tower,0,0,7,0,7,0,4,21,0,25,0,4,28,0,32,76,0,76,108
07/03/2023,HUT,KS,ACE,CE,Federal Contract Tower,0,0,4,0,4,0,0,21,0,21,0,0,25,0,25,52,0,52,77
07/04/2023,HUT,KS,ACE,CE,Federal Contract Tower,0,0,0,0,0,0,0,7,0,7,0,0,7,0,7,14,0,14,21
07/05/2023,HUT,KS,ACE,CE,Federal Contract Tower,0,0,4,0,4,0,0,10,0,10,0,0,14,0,14,38,0,38,52
07/06/2023,HUT,KS,ACE,CE,Federal Contract Tower,0,3,8,14,25,0,0,20,0,20,0,3,28,14,45,56,18,74,119
07/07/2023,HUT,KS,ACE,CE,Federal Contract Tower,0,0,9,0,9,0,0,13,0,13,0,0,22,0,22,24,0,24,46
07/08/2023,HUT,KS,ACE,CE,Federal Contract Tower,0,2,2,0,4,0,1,10,0,11,0,3,12,0,15,30,0,30,45
07/09/2023,HUT,KS,ACE,CE,Federal Contract Tower,0,1,3,0,4,0,2,39,0,41,0,3,42,0,45,276,0,276,321
07/10/2023,HUT,KS,ACE,CE,Federal Contract Tower,0,1,3,14,18,0,2,24,6,32,0,3,27,20,50,112,4,116,166
07/11/2023,HUT,KS,ACE,CE,Federal Contract Tower,0,0,8,2,10,0,0,48,7,55,0,0,56,9,65,108,14,122,187
07/12/2023,HUT,KS,ACE,CE,Federal Contract Tower,0,0,9,7,16,0,2,19,3,24,0,2,28,10,40,52,30,82,122
07/13/2023,HUT,KS,ACE,CE,Federal Contract Tower,0,4,7,4,15,0,0,32,7,39,0,4,39,11,54,36,2,38,92
07/14/2023,HUT,KS,ACE,CE,Federal Contract Tower,0,3,5,10,18,0,1,23,2,26,0,4,28,12,44,34,0,34,78
07/15/2023,HUT,KS,ACE,CE,Federal Contract Tower,0,0,2,2,4,0,2,37,0,39,0,2,39,2,43,32,0,32,75
07/16/2023,HUT,KS,ACE,CE,Federal Contract Tower,0,0,8,0,8,0,0,34,0,34,0,0,42,0,42,56,0,56,98
07/17/2023,HUT,KS,ACE,CE,Federal Contract Tower,0,2,3,0,5,0,2,26,8,36,0,4,29,8,41,62,4,66,107
07/18/2023,HUT,KS,ACE,CE,Federal Contract Tower,0,0,6,0,6,0,0,13,0,13,0,0,19,0,19,52,0,52,71
07/19/2023,HUT,KS,ACE,CE,Federal Contract Tower,0,0,20,8,28,0,2,8,0,10,0,2,28,8,38,32,0,32,70
07/20/2023,HUT,KS,ACE,CE,Federal Contract Tower,0,3,6,0,9,0,0,30,2,32,0,3,36,2,41,66,14,80,121
07/21/2023,HUT,KS,ACE,CE,Federal Contract Tower,0,2,5,2,9,0,8,21,1,30,0,10,26,3,39,76,0,76,115
07/22/2023,HUT,KS,ACE,CE,Federal Contract Tower,0,0,3,0,3,0,0,24,0,24,0,0,27,0,27,68,0,68,95
07/23/2023,HUT,KS,ACE,CE,Federal Contract Tower,0,3,11,0,14,0,0,20,0,20,0,3,31,0,34,52,0,52,86
07/24/2023,HUT,KS,ACE,CE,Federal Contract Tower,0,3,5,2,10,0,3,16,0,19,0,6,21,2,29,26,2,28,57
07/25/2023,HUT,KS,ACE,CE,Federal Contract Tower,0,0,3,6,9,0,0,31,0,31,0,0,34,6,40,44,0,44,84
07/26/2023,HUT,KS,ACE,CE,Federal Contract Tower,0,0,3,4,7,0,0,39,4,43,0,0,42,8,50,74,6,80,130
07/27/2023,HUT,KS,ACE,CE,Federal Contract Tower,0,2,3,1,6,0,0,19,0,19,0,2,22,1,25,50,6,56,81
07/28/2023,HUT,KS,ACE,CE,Federal Contract Tower,0,2,11,11,24,0,1,20,1,22,0,3,31,12,46,26,10,36,82
07/29/2023,HUT,KS,ACE,CE,Federal Contract Tower,0,0,3,0,3,0,0,13,0,13,0,0,16,0,16,12,0,12,28
07/30/2023,HUT,KS,ACE,CE,Federal Contract Tower,0,4,6,5,15,0,2,18,0,20,0,6,24,5,35,12,8,20,55
07/31/2023,HUT,KS,ACE,CE,Federal Contract Tower,0,0,4,24,28,0,0,15,4,19,0,0,19,28,47,24,16,40,87
08/01/2023,HUT,KS,ACE,CE,Federal Contract Tower,0,1,6,12,19,0,0,22,6,28,0,1,28,18,47,136,44,180,227
08/02/2023,HUT,KS,ACE,CE,Federal Contract Tower,0,3,5,4,12,0,0,8,0,8,0,3,13,4,20,0,0,0,20
08/03/2023,HUT,KS,ACE,CE,Federal Contract Tower,0,0,14,4,18,0,2,17,0,19,0,2,31,4,37,44,6,50,87
08/04/2023,HUT,KS,ACE,CE,Federal Contract Tower,0,6,6,8,20,0,2,22,0,24,0,8,28,8,44,68,0,68,112
08/05/2023,HUT,KS,ACE,CE,Federal Contract Tower,0,1,0,0,1,0,0,20,0,20,0,1,20,0,21,22,0,22,43
08/06/2023,HUT,KS,ACE,CE,Federal Contract Tower,0,0,1,0,1,0,2,12,0,14,0,2,13,0,15,26,0,26,41
08/07/2023,HUT,KS,ACE,CE,Federal Contract Tower,0,1,6,20,27,0,0,22,4,26,0,1,28,24,53,38,18,56,109
08/08/2023,HUT,KS,ACE,CE,Federal Contract Tower,0,1,6,12,19,0,3,22,2,27,0,4,28,14,46,48,22,70,116
08/09/2023,HUT,KS,ACE,CE,Federal Contract Tower,0,6,11,0,17,0,0,7,0,7,0,6,18,0,24,4,0,4,28
08/10/2023,HUT,KS,ACE,CE,Federal Contract Tower,0,2,10,10,22,0,0,33,0,33,0,2,43,10,55,80,2,82,137
08/11/2023,HUT,KS,ACE,CE,Federal Contract Tower,0,1,1,0,2,0,0,26,0,26,0,1,27,0,28,28,0,28,56
08/12/2023,HUT,KS,ACE,CE,Federal Contract Tower,0,0,3,0,3,0,0,23,0,23,0,0,26,0,26,32,0,32,58
08/13/2023,HUT,KS,ACE,CE,Federal Contract Tower,0,1,8,0,9,0,0,11,0,11,0,1,19,0,20,16,0,16,36
08/14/2023,HUT,KS,ACE,CE,Federal Contract Tower,0,1,8,8,17,0,0,25,0,25,0,1,33,8,42,46,18,64,106
08/15/2023,HUT,KS,ACE,CE,Federal Contract Tower,0,1,14,8,23,0,0,36,6,42,0,1,50,14,65,114,14,128,193
08/16/2023,HUT,KS,ACE,CE,Federal Contract Tower,0,6,4,22,32,0,0,24,4,28,0,6,28,26,60,70,18,88,148
08/17/2023,HUT,KS,ACE,CE,Federal Contract Tower,0,5,8,13,26,0,0,27,6,33,0,5,35,19,59,86,26,112,171
08/18/2023,HUT,KS,ACE,CE,Federal Contract Tower,0,1,4,0,5,0,6,29,0,35,0,7,33,0,40,104,0,104,144
08/19/2023,HUT,KS,ACE,CE,Federal Contract Tower,0,0,1,6,7,0,2,17,4,23,0,2,18,10,30,30,6,36,66
08/20/2023,HUT,KS,ACE,CE,Federal Contract Tower,0,0,4,6,10,0,0,15,0,15,0,0,19,6,25,34,0,34,59
08/21/2023,HUT,KS,ACE,CE,Federal Contract Tower,0,1,8,12,21,0,7,12,4,23,0,8,20,16,44,54,0,54,98
08/22/2023,HUT,KS,ACE,CE,Federal Contract Tower,0,2,4,0,6,0,4,29,0,33,0,6,33,0,39,132,0,132,171
08/23/2023,HUT,KS,ACE,CE,Federal Contract Tower,0,2,14,2,18,0,0,18,0,18,0,2,32,2,36,56,2,58,94
08/24/2023,HUT,KS,ACE,CE,Federal Contract Tower,0,0,8,14,22,0,4,27,0,31,0,4,35,14,53,136,0,136,189
08/25/2023,HUT,KS,ACE,CE,Federal Contract Tower,0,0,9,0,9,0,8,39,0,47,0,8,48,0,56,94,0,94,150
08/26/2023,HUT,KS,ACE,CE,Federal Contract Tower,0,0,16,0,16,0,4,4,6,14,0,4,20,6,30,12,0,12,42
08/27/2023,HUT,KS,ACE,CE,Federal Contract Tower,0,2,4,6,12,0,2,28,0,30,0,4,32,6,42,52,0,52,94
08/28/2023,HUT,KS,ACE,CE,Federal Contract Tower,0,0,9,2,11,0,0,33,0,33,0,0,42,2,44,60,0,60,104
08/29/2023,HUT,KS,ACE,CE,Federal Contract Tower,0,0,3,0,3,0,0,40,0,40,0,0,43,0,43,74,0,74,117
08/30/2023,HUT,KS,ACE,CE,Federal Contract Tower,0,7,6,4,17,0,14,17,12,43,0,21,23,16,60,38,22,60,120
08/31/2023,HUT,KS,ACE,CE,Federal Contract Tower,0,0,10,6,16,0,2,25,2,29,0,2,35,8,45,66,0,66,111
