01/01/2020,HVN,CT,ANE,EN,Federal Contract Tower,2,2,3,0,7,0,0,6,0,6,2,2,9,0,13,20,0,20,33
01/02/2020,HVN,CT,ANE,EN,Federal Contract Tower,3,4,11,0,18,0,4,23,0,27,3,8,34,0,45,24,0,24,69
01/03/2020,HVN,CT,ANE,EN,Federal Contract Tower,3,1,2,0,6,0,0,1,0,1,3,1,3,0,7,0,0,0,7
01/04/2020,HVN,CT,ANE,EN,Federal Contract Tower,8,5,2,0,15,0,0,0,0,0,8,5,2,0,15,0,0,0,15
01/05/2020,HVN,CT,ANE,EN,Federal Contract Tower,3,4,8,0,15,0,0,4,2,6,3,4,12,2,21,66,0,66,87
01/06/2020,HVN,CT,ANE,EN,Federal Contract Tower,4,12,11,0,27,0,3,10,0,13,4,15,21,0,40,18,0,18,58
01/07/2020,HVN,CT,ANE,EN,Federal Contract Tower,1,3,4,0,8,0,3,36,2,41,1,6,40,2,49,90,6,96,145
01/08/2020,HVN,CT,ANE,EN,Federal Contract Tower,2,1,1,0,4,0,0,0,0,0,2,1,1,0,4,0,0,0,4
01/09/2020,HVN,CT,ANE,EN,Federal Contract Tower,4,11,15,0,30,0,2,16,2,20,4,13,31,2,50,6,0,6,56
01/10/2020,HVN,CT,ANE,EN,Federal Contract Tower,3,5,17,0,25,0,0,2,0,2,3,5,19,0,27,22,0,22,49
01/11/2020,HVN,CT,ANE,EN,Federal Contract Tower,3,2,10,2,17,0,0,17,0,17,3,2,27,2,34,60,2,62,96
01/12/2020,HVN,CT,ANE,EN,Federal Contract Tower,3,1,5,0,9,0,0,14,0,14,3,1,19,0,23,4,0,4,27
01/13/2020,HVN,CT,ANE,EN,Federal Contract Tower,4,7,10,0,21,0,2,2,0,4,4,9,12,0,25,20,0,20,45
01/14/2020,HVN,CT,ANE,EN,Federal Contract Tower,2,3,3,0,8,0,2,5,0,7,2,5,8,0,15,10,0,10,25
01/15/2020,HVN,CT,ANE,EN,Federal Contract Tower,1,4,20,0,25,0,2,34,0,36,1,6,54,0,61,64,0,64,125
01/16/2020,HVN,CT,ANE,EN,Federal Contract Tower,3,4,11,0,18,0,1,4,0,5,3,5,15,0,23,0,0,0,23
01/17/2020,HVN,CT,ANE,EN,Federal Contract Tower,3,5,7,2,17,0,2,11,0,13,3,7,18,2,30,6,0,6,36
01/18/2020,HVN,CT,ANE,EN,Federal Contract Tower,3,0,4,0,7,0,0,8,0,8,3,0,12,0,15,106,0,106,121
01/19/2020,HVN,CT,ANE,EN,Federal Contract Tower,3,4,3,0,10,0,0,9,0,9,3,4,12,0,19,32,0,32,51
01/20/2020,HVN,CT,ANE,EN,Federal Contract Tower,3,1,5,0,9,0,0,11,2,13,3,1,16,2,22,22,0,22,44
01/21/2020,HVN,CT,ANE,EN,Federal Contract Tower,1,2,10,0,13,0,0,17,0,17,1,2,27,0,30,16,2,18,48
01/22/2020,HVN,CT,ANE,EN,Federal Contract Tower,2,8,15,0,25,0,1,33,0,34,2,9,48,0,59,46,0,46,105
01/23/2020,HVN,CT,ANE,EN,Federal Contract Tower,4,0,7,0,11,0,1,27,2,30,4,1,34,2,41,16,0,16,57
01/24/2020,HVN,CT,ANE,EN,Federal Contract Tower,3,10,16,0,29,0,2,21,0,23,3,12,37,0,52,28,0,28,80
01/25/2020,HVN,CT,ANE,EN,Federal Contract Tower,3,0,0,0,3,0,0,0,0,0,3,0,0,0,3,0,0,0,3
01/26/2020,HVN,CT,ANE,EN,Federal Contract Tower,4,3,4,0,11,0,0,26,0,26,4,3,30,0,37,66,0,66,103
01/27/2020,HVN,CT,ANE,EN,Federal Contract Tower,3,1,4,0,8,0,1,5,4,10,3,2,9,4,18,6,0,6,24
01/28/2020,HVN,CT,ANE,EN,Federal Contract Tower,1,4,9,0,14,0,0,8,0,8,1,4,17,0,22,16,0,16,38
01/29/2020,HVN,CT,ANE,EN,Federal Contract Tower,1,12,6,0,19,0,0,21,0,21,1,12,27,0,40,30,0,30,70
01/30/2020,HVN,CT,ANE,EN,Federal Contract Tower,4,15,11,0,30,0,0,22,0,22,4,15,33,0,52,16,0,16,68
01/31/2020,HVN,CT,ANE,EN,Federal Contract Tower,3,4,17,0,24,0,0,19,0,19,3,4,36,0,43,22,0,22,65
02/01/2020,HVN,CT,ANE,EN,Federal Contract Tower,7,3,7,0,17,0,0,2,0,2,7,3,9,0,19,0,0,0,19
02/02/2020,HVN,CT,ANE,EN,Federal Contract Tower,4,4,14,0,22,0,0,23,0,23,4,4,37,0,45,80,0,80,125
02/03/2020,HVN,CT,ANE,EN,Federal Contract Tower,3,12,14,0,29,0,4,23,0,27,3,16,37,0,56,6,0,6,62
02/04/2020,HVN,CT,ANE,EN,Federal Contract Tower,1,8,13,2,24,0,1,11,0,12,1,9,24,2,36,48,0,48,84
02/05/2020,HVN,CT,ANE,EN,Federal Contract Tower,2,4,14,0,20,0,6,14,0,20,2,10,28,0,40,20,0,20,60
02/06/2020,HVN,CT,ANE,EN,Federal Contract Tower,3,7,4,0,14,0,0,0,0,0,3,7,4,0,14,0,0,0,14
02/07/2020,HVN,CT,ANE,EN,Federal Contract Tower,3,9,5,0,17,0,0,0,0,0,3,9,5,0,17,0,0,0,17
02/08/2020,HVN,CT,ANE,EN,Federal Contract Tower,3,4,1,0,8,0,3,21,0,24,3,7,22,0,32,104,0,104,136
02/09/2020,HVN,CT,ANE,EN,Federal Contract Tower,4,7,6,0,17,0,0,43,0,43,4,7,49,0,60,138,0,138,198
02/10/2020,HVN,CT,ANE,EN,Federal Contract Tower,3,10,6,0,19,0,0,2,0,2,3,10,8,0,21,10,0,10,31
02/11/2020,HVN,CT,ANE,EN,Federal Contract Tower,2,8,6,0,16,0,0,0,0,0,2,8,6,0,16,0,0,0,16
02/12/2020,HVN,CT,ANE,EN,Federal Contract Tower,3,13,13,0,29,0,5,24,0,29,3,18,37,0,58,56,0,56,114
02/13/2020,HVN,CT,ANE,EN,Federal Contract Tower,3,3,9,0,15,0,0,0,0,0,3,3,9,0,15,0,0,0,15
02/14/2020,HVN,CT,ANE,EN,Federal Contract Tower,3,9,15,0,27,0,1,25,0,26,3,10,40,0,53,68,0,68,121
02/15/2020,HVN,CT,ANE,EN,Federal Contract Tower,3,7,6,0,16,0,2,27,1,30,3,9,33,1,46,22,0,22,68
02/16/2020,HVN,CT,ANE,EN,Federal Contract Tower,4,1,3,0,8,0,3,37,4,44,4,4,40,4,52,192,0,192,244
02/17/2020,HVN,CT,ANE,EN,Federal Contract Tower,5,7,10,0,22,0,1,15,0,16,5,8,25,0,38,36,0,36,74
02/18/2020,HVN,CT,ANE,EN,Federal Contract Tower,3,6,6,0,15,0,0,0,0,0,3,6,6,0,15,0,0,0,15
02/19/2020,HVN,CT,ANE,EN,Federal Contract Tower,3,9,5,0,17,0,0,15,0,15,3,9,20,0,32,2,0,2,34
02/20/2020,HVN,CT,ANE,EN,Federal Contract Tower,3,8,13,0,24,0,3,16,0,19,3,11,29,0,43,16,0,16,59
02/21/2020,HVN,CT,ANE,EN,Federal Contract Tower,3,5,13,0,21,0,0,43,3,46,3,5,56,3,67,54,0,54,121
02/22/2020,HVN,CT,ANE,EN,Federal Contract Tower,7,4,5,0,16,0,3,32,0,35,7,7,37,0,51,82,0,82,133
02/23/2020,HVN,CT,ANE,EN,Federal Contract Tower,3,8,11,0,22,0,2,55,6,63,3,10,66,6,85,162,0,162,247
02/24/2020,HVN,CT,ANE,EN,Federal Contract Tower,0,4,3,4,11,0,0,26,0,26,0,4,29,4,37,20,0,20,57
02/25/2020,HVN,CT,ANE,EN,Federal Contract Tower,3,3,7,0,13,0,0,3,0,3,3,3,10,0,16,2,6,8,24
02/26/2020,HVN,CT,ANE,EN,Federal Contract Tower,3,13,13,2,31,0,0,0,0,0,3,13,13,2,31,0,2,2,33
02/27/2020,HVN,CT,ANE,EN,Federal Contract Tower,2,10,7,0,19,0,0,7,0,7,2,10,14,0,26,0,0,0,26
02/28/2020,HVN,CT,ANE,EN,Federal Contract Tower,5,8,5,0,18,0,0,0,0,0,5,8,5,0,18,0,0,0,18
02/29/2020,HVN,CT,ANE,EN,Federal Contract Tower,6,2,1,0,9,0,0,24,2,26,6,2,25,2,35,88,0,88,123
03/01/2020,HVN,CT,ANE,EN,Federal Contract Tower,3,7,2,0,12,0,0,22,0,22,3,7,24,0,34,112,0,112,146
03/02/2020,HVN,CT,ANE,EN,Federal Contract Tower,4,7,11,3,25,0,0,6,0,6,4,7,17,3,31,4,0,4,35
03/03/2020,HVN,CT,ANE,EN,Federal Contract Tower,4,9,13,0,26,0,0,1,0,1,4,9,14,0,27,2,0,2,29
03/04/2020,HVN,CT,ANE,EN,Federal Contract Tower,2,8,1,0,11,0,0,0,0,0,2,8,1,0,11,0,4,4,15
03/05/2020,HVN,CT,ANE,EN,Federal Contract Tower,3,3,14,2,22,0,0,35,2,37,3,3,49,4,59,38,0,38,97
03/06/2020,HVN,CT,ANE,EN,Federal Contract Tower,5,9,19,0,33,0,0,14,0,14,5,9,33,0,47,0,0,0,47
03/07/2020,HVN,CT,ANE,EN,Federal Contract Tower,6,3,4,0,13,0,0,22,0,22,6,3,26,0,35,62,0,62,97
03/08/2020,HVN,CT,ANE,EN,Federal Contract Tower,2,5,8,0,15,0,0,53,0,53,2,5,61,0,68,158,0,158,226
03/09/2020,HVN,CT,ANE,EN,Federal Contract Tower,4,1,2,0,7,0,2,22,0,24,4,3,24,0,31,42,0,42,73
03/10/2020,HVN,CT,ANE,EN,Federal Contract Tower,3,6,6,0,15,0,0,8,0,8,3,6,14,0,23,48,0,48,71
03/11/2020,HVN,CT,ANE,EN,Federal Contract Tower,3,1,18,0,22,0,1,27,0,28,3,2,45,0,50,32,0,32,82
03/12/2020,HVN,CT,ANE,EN,Federal Contract Tower,3,4,12,0,19,0,0,14,0,14,3,4,26,0,33,12,0,12,45
03/13/2020,HVN,CT,ANE,EN,Federal Contract Tower,5,4,2,0,11,0,2,3,0,5,5,6,5,0,16,2,0,2,18
03/14/2020,HVN,CT,ANE,EN,Federal Contract Tower,6,8,3,0,17,0,2,38,0,40,6,10,41,0,57,46,0,46,103
03/15/2020,HVN,CT,ANE,EN,Federal Contract Tower,3,6,13,0,22,0,2,41,0,43,3,8,54,0,65,96,0,96,161
03/16/2020,HVN,CT,ANE,EN,Federal Contract Tower,4,7,5,0,16,0,0,17,0,17,4,7,22,0,33,44,0,44,77
03/17/2020,HVN,CT,ANE,EN,Federal Contract Tower,5,12,6,0,23,0,0,4,0,4,5,12,10,0,27,0,0,0,27
03/18/2020,HVN,CT,ANE,EN,Federal Contract Tower,3,6,8,0,17,0,0,40,0,40,3,6,48,0,57,64,0,64,121
03/19/2020,HVN,CT,ANE,EN,Federal Contract Tower,3,4,4,0,11,0,0,0,0,0,3,4,4,0,11,0,0,0,11
03/20/2020,HVN,CT,ANE,EN,Federal Contract Tower,3,0,4,0,7,0,0,0,0,0,3,0,4,0,7,0,0,0,7
03/21/2020,HVN,CT,ANE,EN,Federal Contract Tower,6,4,3,0,13,0,0,40,0,40,6,4,43,0,53,78,0,78,131
03/22/2020,HVN,CT,ANE,EN,Federal Contract Tower,1,3,3,0,7,0,1,56,2,59,1,4,59,2,66,68,0,68,134
03/23/2020,HVN,CT,ANE,EN,Federal Contract Tower,2,0,0,0,2,0,0,0,0,0,2,0,0,0,2,0,0,0,2
03/24/2020,HVN,CT,ANE,EN,Federal Contract Tower,1,7,1,0,9,0,1,15,0,16,1,8,16,0,25,6,0,6,31
03/25/2020,HVN,CT,ANE,EN,Federal Contract Tower,1,3,2,0,6,0,0,0,0,0,1,3,2,0,6,0,0,0,6
03/26/2020,HVN,CT,ANE,EN,Federal Contract Tower,0,4,2,0,6,0,0,23,2,25,0,4,25,2,31,32,0,32,63
03/27/2020,HVN,CT,ANE,EN,Federal Contract Tower,3,0,3,0,6,0,0,17,0,17,3,0,20,0,23,18,0,18,41
03/28/2020,HVN,CT,ANE,EN,Federal Contract Tower,0,1,2,0,3,0,0,4,0,4,0,1,6,0,7,6,0,6,13
03/29/2020,HVN,CT,ANE,EN,Federal Contract Tower,2,0,2,0,4,0,0,0,0,0,2,0,2,0,4,0,0,0,4
03/30/2020,HVN,CT,ANE,EN,Federal Contract Tower,2,4,0,0,6,0,0,2,0,2,2,4,2,0,8,82,0,82,90
03/31/2020,HVN,CT,ANE,EN,Federal Contract Tower,4,3,0,0,7,0,0,2,0,2,4,3,2,0,9,0,0,0,9
04/01/2020,HVN,CT,ANE,EN,Federal Contract Tower,4,1,1,0,6,0,0,6,0,6,4,1,7,0,12,8,2,10,22
04/02/2020,HVN,CT,ANE,EN,Federal Contract Tower,2,1,0,0,3,0,0,1,0,1,2,1,1,0,4,0,0,0,4
04/03/2020,HVN,CT,ANE,EN,Federal Contract Tower,2,1,1,0,4,0,0,0,0,0,2,1,1,0,4,0,0,0,4
04/04/2020,HVN,CT,ANE,EN,Federal Contract Tower,1,3,0,0,4,0,2,1,0,3,1,5,1,0,7,4,0,4,11
04/05/2020,HVN,CT,ANE,EN,Federal Contract Tower,1,7,4,0,12,0,2,18,0,20,1,9,22,0,32,12,0,12,44
04/06/2020,HVN,CT,ANE,EN,Federal Contract Tower,1,1,0,0,2,0,0,15,0,15,1,1,15,0,17,34,0,34,51
04/07/2020,HVN,CT,ANE,EN,Federal Contract Tower,5,4,4,0,13,0,0,7,0,7,5,4,11,0,20,8,0,8,28
04/08/2020,HVN,CT,ANE,EN,Federal Contract Tower,4,3,2,2,11,0,0,1,0,1,4,3,3,2,12,0,0,0,12
04/09/2020,HVN,CT,ANE,EN,Federal Contract Tower,2,2,0,0,4,0,0,0,0,0,2,2,0,0,4,0,2,2,6
04/10/2020,HVN,CT,ANE,EN,Federal Contract Tower,2,0,0,0,2,0,0,0,0,0,2,0,0,0,2,0,0,0,2
04/11/2020,HVN,CT,ANE,EN,Federal Contract Tower,4,2,2,0,8,0,2,5,0,7,4,4,7,0,15,2,0,2,17
04/12/2020,HVN,CT,ANE,EN,Federal Contract Tower,1,1,2,0,4,0,0,13,0,13,1,1,15,0,17,28,0,28,45
04/13/2020,HVN,CT,ANE,EN,Federal Contract Tower,0,2,0,0,2,0,0,0,0,0,0,2,0,0,2,0,0,0,2
04/14/2020,HVN,CT,ANE,EN,Federal Contract Tower,2,4,0,0,6,0,4,12,0,16,2,8,12,0,22,32,0,32,54
04/15/2020,HVN,CT,ANE,EN,Federal Contract Tower,1,2,6,0,9,0,0,8,0,8,1,2,14,0,17,14,0,14,31
04/16/2020,HVN,CT,ANE,EN,Federal Contract Tower,3,1,7,0,11,0,0,6,0,6,3,1,13,0,17,0,0,0,17
04/17/2020,HVN,CT,ANE,EN,Federal Contract Tower,1,0,2,0,3,0,0,7,0,7,1,0,9,0,10,18,0,18,28
04/18/2020,HVN,CT,ANE,EN,Federal Contract Tower,4,0,1,0,5,0,0,2,0,2,4,0,3,0,7,6,0,6,13
04/19/2020,HVN,CT,ANE,EN,Federal Contract Tower,3,2,2,0,7,0,0,19,0,19,3,2,21,0,26,46,0,46,72
04/20/2020,HVN,CT,ANE,EN,Federal Contract Tower,1,6,2,0,9,0,0,10,0,10,1,6,12,0,19,36,0,36,55
04/21/2020,HVN,CT,ANE,EN,Federal Contract Tower,3,2,2,0,7,0,0,0,0,0,3,2,2,0,7,0,0,0,7
04/22/2020,HVN,CT,ANE,EN,Federal Contract Tower,1,4,6,0,11,0,0,5,0,5,1,4,11,0,16,2,0,2,18
04/23/2020,HVN,CT,ANE,EN,Federal Contract Tower,2,7,1,0,10,0,0,15,0,15,2,7,16,0,25,26,0,26,51
04/24/2020,HVN,CT,ANE,EN,Federal Contract Tower,2,0,4,0,6,0,0,0,0,0,2,0,4,0,6,0,0,0,6
04/25/2020,HVN,CT,ANE,EN,Federal Contract Tower,3,2,4,0,9,0,0,50,0,50,3,2,54,0,59,110,0,110,169
04/26/2020,HVN,CT,ANE,EN,Federal Contract Tower,1,0,3,0,4,0,0,2,0,2,1,0,5,0,6,0,0,0,6
04/27/2020,HVN,CT,ANE,EN,Federal Contract Tower,1,5,0,0,6,0,0,0,0,0,1,5,0,0,6,0,0,0,6
04/28/2020,HVN,CT,ANE,EN,Federal Contract Tower,1,0,8,0,9,0,0,27,0,27,1,0,35,0,36,58,0,58,94
04/29/2020,HVN,CT,ANE,EN,Federal Contract Tower,1,3,6,0,10,0,0,14,0,14,1,3,20,0,24,42,0,42,66
04/30/2020,HVN,CT,ANE,EN,Federal Contract Tower,3,6,4,0,13,0,0,0,0,0,3,6,4,0,13,0,0,0,13
05/01/2020,HVN,CT,ANE,EN,Federal Contract Tower,1,7,8,0,16,0,0,6,0,6,1,7,14,0,22,60,0,60,82
05/02/2020,HVN,CT,ANE,EN,Federal Contract Tower,3,0,1,0,4,0,0,14,4,18,3,0,15,4,22,32,0,32,54
05/03/2020,HVN,CT,ANE,EN,Federal Contract Tower,4,4,1,0,9,0,0,35,0,35,4,4,36,0,44,58,0,58,102
05/04/2020,HVN,CT,ANE,EN,Federal Contract Tower,2,9,3,0,14,0,0,0,0,0,2,9,3,0,14,2,0,2,16
05/05/2020,HVN,CT,ANE,EN,Federal Contract Tower,0,1,8,0,9,0,0,16,4,20,0,1,24,4,29,52,0,52,81
05/06/2020,HVN,CT,ANE,EN,Federal Contract Tower,0,6,1,0,7,0,0,2,2,4,0,6,3,2,11,20,0,20,31
05/07/2020,HVN,CT,ANE,EN,Federal Contract Tower,3,6,9,0,18,0,0,18,0,18,3,6,27,0,36,68,0,68,104
05/08/2020,HVN,CT,ANE,EN,Federal Contract Tower,3,2,8,0,13,0,0,13,0,13,3,2,21,0,26,30,0,30,56
05/09/2020,HVN,CT,ANE,EN,Federal Contract Tower,0,6,4,0,10,0,0,0,0,0,0,6,4,0,10,0,0,0,10
05/10/2020,HVN,CT,ANE,EN,Federal Contract Tower,3,3,0,0,6,0,0,10,0,10,3,3,10,0,16,74,0,74,90
05/11/2020,HVN,CT,ANE,EN,Federal Contract Tower,4,10,6,0,20,0,2,4,0,6,4,12,10,0,26,6,0,6,32
05/12/2020,HVN,CT,ANE,EN,Federal Contract Tower,0,5,0,0,5,0,0,24,0,24,0,5,24,0,29,22,0,22,51
05/13/2020,HVN,CT,ANE,EN,Federal Contract Tower,3,4,8,0,15,0,0,26,2,28,3,4,34,2,43,34,0,34,77
05/14/2020,HVN,CT,ANE,EN,Federal Contract Tower,3,5,8,0,16,0,2,23,0,25,3,7,31,0,41,36,0,36,77
05/15/2020,HVN,CT,ANE,EN,Federal Contract Tower,3,2,4,0,9,0,0,15,0,15,3,2,19,0,24,10,0,10,34
05/16/2020,HVN,CT,ANE,EN,Federal Contract Tower,0,4,10,0,14,0,0,38,0,38,0,4,48,0,52,52,0,52,104
05/17/2020,HVN,CT,ANE,EN,Federal Contract Tower,5,5,1,0,11,0,2,33,0,35,5,7,34,0,46,56,0,56,102
05/18/2020,HVN,CT,ANE,EN,Federal Contract Tower,3,6,1,0,10,0,1,15,0,16,3,7,16,0,26,6,0,6,32
05/19/2020,HVN,CT,ANE,EN,Federal Contract Tower,0,6,2,0,8,0,0,6,0,6,0,6,8,0,14,20,0,20,34
05/20/2020,HVN,CT,ANE,EN,Federal Contract Tower,3,5,7,0,15,0,0,21,0,21,3,5,28,0,36,2,0,2,38
05/21/2020,HVN,CT,ANE,EN,Federal Contract Tower,2,4,5,0,11,0,0,40,0,40,2,4,45,0,51,66,0,66,117
05/22/2020,HVN,CT,ANE,EN,Federal Contract Tower,3,3,10,0,16,0,0,24,0,24,3,3,34,0,40,18,0,18,58
05/23/2020,HVN,CT,ANE,EN,Federal Contract Tower,0,3,13,0,16,0,0,0,0,0,0,3,13,0,16,0,0,0,16
05/24/2020,HVN,CT,ANE,EN,Federal Contract Tower,3,3,4,0,10,0,0,24,0,24,3,3,28,0,34,12,0,12,46
05/25/2020,HVN,CT,ANE,EN,Federal Contract Tower,2,2,14,0,18,0,0,5,0,5,2,2,19,0,23,24,0,24,47
05/26/2020,HVN,CT,ANE,EN,Federal Contract Tower,0,8,5,4,17,0,0,19,0,19,0,8,24,4,36,34,0,34,70
05/27/2020,HVN,CT,ANE,EN,Federal Contract Tower,9,8,7,2,26,0,0,22,2,24,9,8,29,4,50,70,0,70,120
05/28/2020,HVN,CT,ANE,EN,Federal Contract Tower,3,4,11,0,18,0,0,3,2,5,3,4,14,2,23,0,0,0,23
05/29/2020,HVN,CT,ANE,EN,Federal Contract Tower,3,5,7,0,15,0,0,1,0,1,3,5,8,0,16,0,0,0,16
05/30/2020,HVN,CT,ANE,EN,Federal Contract Tower,0,3,6,0,9,0,0,28,0,28,0,3,34,0,37,102,0,102,139
05/31/2020,HVN,CT,ANE,EN,Federal Contract Tower,3,1,14,0,18,0,0,39,0,39,3,1,53,0,57,38,0,38,95
06/01/2020,HVN,CT,ANE,EN,Federal Contract Tower,3,4,4,0,11,0,0,29,0,29,3,4,33,0,40,52,0,52,92
06/02/2020,HVN,CT,ANE,EN,Federal Contract Tower,0,6,2,0,8,0,0,28,0,28,0,6,30,0,36,114,0,114,150
06/03/2020,HVN,CT,ANE,EN,Federal Contract Tower,3,2,3,0,8,0,0,10,0,10,3,2,13,0,18,6,0,6,24
06/04/2020,HVN,CT,ANE,EN,Federal Contract Tower,2,5,11,0,18,0,0,33,0,33,2,5,44,0,51,88,0,88,139
06/05/2020,HVN,CT,ANE,EN,Federal Contract Tower,3,15,10,1,29,0,1,8,0,9,3,16,18,1,38,62,0,62,100
06/06/2020,HVN,CT,ANE,EN,Federal Contract Tower,0,6,11,2,19,0,0,27,0,27,0,6,38,2,46,52,0,52,98
06/07/2020,HVN,CT,ANE,EN,Federal Contract Tower,3,3,1,0,7,0,0,27,2,29,3,3,28,2,36,24,0,24,60
06/08/2020,HVN,CT,ANE,EN,Federal Contract Tower,3,6,2,0,11,0,1,36,2,39,3,7,38,2,50,100,0,100,150
06/09/2020,HVN,CT,ANE,EN,Federal Contract Tower,0,4,1,0,5,0,0,43,0,43,0,4,44,0,48,112,0,112,160
06/10/2020,HVN,CT,ANE,EN,Federal Contract Tower,3,2,2,0,7,0,1,36,1,38,3,3,38,1,45,132,0,132,177
06/11/2020,HVN,CT,ANE,EN,Federal Contract Tower,6,6,7,0,19,0,0,3,0,3,6,6,10,0,22,0,0,0,22
06/12/2020,HVN,CT,ANE,EN,Federal Contract Tower,3,7,7,0,17,0,1,43,0,44,3,8,50,0,61,186,0,186,247
06/13/2020,HVN,CT,ANE,EN,Federal Contract Tower,0,10,7,0,17,0,1,48,0,49,0,11,55,0,66,102,0,102,168
06/14/2020,HVN,CT,ANE,EN,Federal Contract Tower,2,3,5,0,10,0,0,49,0,49,2,3,54,0,59,54,0,54,113
06/15/2020,HVN,CT,ANE,EN,Federal Contract Tower,3,4,11,0,18,0,0,38,0,38,3,4,49,0,56,108,8,116,172
06/16/2020,HVN,CT,ANE,EN,Federal Contract Tower,0,7,9,0,16,0,1,27,0,28,0,8,36,0,44,70,0,70,114
06/17/2020,HVN,CT,ANE,EN,Federal Contract Tower,3,5,9,0,17,0,0,23,0,23,3,5,32,0,40,92,0,92,132
06/18/2020,HVN,CT,ANE,EN,Federal Contract Tower,2,12,14,0,28,0,0,22,0,22,2,12,36,0,50,54,0,54,104
06/19/2020,HVN,CT,ANE,EN,Federal Contract Tower,3,5,13,0,21,0,1,30,0,31,3,6,43,0,52,58,0,58,110
06/20/2020,HVN,CT,ANE,EN,Federal Contract Tower,0,2,6,0,8,0,1,53,0,54,0,3,59,0,62,122,0,122,184
06/21/2020,HVN,CT,ANE,EN,Federal Contract Tower,3,4,3,0,10,0,0,25,0,25,3,4,28,0,35,22,0,22,57
06/22/2020,HVN,CT,ANE,EN,Federal Contract Tower,3,12,5,0,20,0,0,20,0,20,3,12,25,0,40,40,0,40,80
06/23/2020,HVN,CT,ANE,EN,Federal Contract Tower,0,12,13,0,25,0,4,25,2,31,0,16,38,2,56,82,4,86,142
06/24/2020,HVN,CT,ANE,EN,Federal Contract Tower,3,5,4,0,12,0,1,11,0,12,3,6,15,0,24,50,0,50,74
06/25/2020,HVN,CT,ANE,EN,Federal Contract Tower,1,14,7,0,22,0,4,33,0,37,1,18,40,0,59,46,4,50,109
06/26/2020,HVN,CT,ANE,EN,Federal Contract Tower,3,5,6,0,14,0,7,41,0,48,3,12,47,0,62,46,0,46,108
06/27/2020,HVN,CT,ANE,EN,Federal Contract Tower,0,0,5,0,5,0,1,16,0,17,0,1,21,0,22,62,0,62,84
06/28/2020,HVN,CT,ANE,EN,Federal Contract Tower,3,0,0,0,3,0,0,12,0,12,3,0,12,0,15,14,0,14,29
06/29/2020,HVN,CT,ANE,EN,Federal Contract Tower,2,5,9,0,16,0,2,23,0,25,2,7,32,0,41,64,0,64,105
06/30/2020,HVN,CT,ANE,EN,Federal Contract Tower,0,0,4,0,4,0,0,5,0,5,0,0,9,0,9,60,0,60,69
07/01/2020,HVN,CT,ANE,EN,Federal Contract Tower,3,1,5,0,9,0,3,18,0,21,3,4,23,0,30,90,0,90,120
07/02/2020,HVN,CT,ANE,EN,Federal Contract Tower,2,0,9,0,11,0,2,46,0,48,2,2,55,0,59,156,0,156,215
07/03/2020,HVN,CT,ANE,EN,Federal Contract Tower,3,4,4,0,11,0,1,27,2,30,3,5,31,2,41,96,0,96,137
07/04/2020,HVN,CT,ANE,EN,Federal Contract Tower,1,2,0,0,3,0,1,34,0,35,1,3,34,0,38,145,0,145,183
07/05/2020,HVN,CT,ANE,EN,Federal Contract Tower,3,5,4,0,12,0,10,36,0,46,3,15,40,0,58,32,0,32,90
07/06/2020,HVN,CT,ANE,EN,Federal Contract Tower,2,5,4,0,11,0,4,31,0,35,2,9,35,0,46,110,0,110,156
07/07/2020,HVN,CT,ANE,EN,Federal Contract Tower,4,4,19,0,27,0,0,6,0,6,4,4,25,0,33,42,0,42,75
07/08/2020,HVN,CT,ANE,EN,Federal Contract Tower,4,0,2,0,6,0,1,15,0,16,4,1,17,0,22,38,0,38,60
07/09/2020,HVN,CT,ANE,EN,Federal Contract Tower,4,5,5,1,15,0,3,38,0,41,4,8,43,1,56,46,0,46,102
07/10/2020,HVN,CT,ANE,EN,Federal Contract Tower,4,8,2,2,16,0,0,0,0,0,4,8,2,2,16,0,0,0,16
07/11/2020,HVN,CT,ANE,EN,Federal Contract Tower,4,4,15,5,28,0,1,3,2,6,4,5,18,7,34,6,2,8,42
07/12/2020,HVN,CT,ANE,EN,Federal Contract Tower,4,3,9,0,16,0,3,38,0,41,4,6,47,0,57,32,0,32,89
07/13/2020,HVN,CT,ANE,EN,Federal Contract Tower,4,5,4,0,13,0,3,30,0,33,4,8,34,0,46,52,0,52,98
07/14/2020,HVN,CT,ANE,EN,Federal Contract Tower,4,17,8,2,31,0,2,35,0,37,4,19,43,2,68,82,0,82,150
07/15/2020,HVN,CT,ANE,EN,Federal Contract Tower,4,5,8,2,19,0,3,33,0,36,4,8,41,2,55,22,0,22,77
07/16/2020,HVN,CT,ANE,EN,Federal Contract Tower,4,15,9,0,28,0,4,43,0,47,4,19,52,0,75,58,0,58,133
07/17/2020,HVN,CT,ANE,EN,Federal Contract Tower,4,1,16,0,21,0,5,9,0,14,4,6,25,0,35,40,0,40,75
07/18/2020,HVN,CT,ANE,EN,Federal Contract Tower,4,3,4,0,11,0,1,53,0,54,4,4,57,0,65,106,0,106,171
07/19/2020,HVN,CT,ANE,EN,Federal Contract Tower,4,7,3,0,14,0,2,35,0,37,4,9,38,0,51,32,0,32,83
07/20/2020,HVN,CT,ANE,EN,Federal Contract Tower,3,5,2,0,10,0,0,0,0,0,3,5,2,0,10,30,0,30,40
07/21/2020,HVN,CT,ANE,EN,Federal Contract Tower,4,7,4,0,15,0,0,39,0,39,4,7,43,0,54,52,0,52,106
07/22/2020,HVN,CT,ANE,EN,Federal Contract Tower,4,3,7,0,14,0,3,28,0,31,4,6,35,0,45,30,0,30,75
07/23/2020,HVN,CT,ANE,EN,Federal Contract Tower,4,3,7,0,14,0,4,24,0,28,4,7,31,0,42,60,0,60,102
07/24/2020,HVN,CT,ANE,EN,Federal Contract Tower,4,0,2,0,6,0,1,27,0,28,4,1,29,0,34,38,6,44,78
07/25/2020,HVN,CT,ANE,EN,Federal Contract Tower,1,1,5,0,7,0,3,49,0,52,1,4,54,0,59,60,0,60,119
07/26/2020,HVN,CT,ANE,EN,Federal Contract Tower,4,2,1,0,7,0,0,19,0,19,4,2,20,0,26,20,0,20,46
07/27/2020,HVN,CT,ANE,EN,Federal Contract Tower,2,4,3,0,9,0,3,22,1,26,2,7,25,1,35,54,0,54,89
07/28/2020,HVN,CT,ANE,EN,Federal Contract Tower,2,2,3,0,7,0,6,28,0,34,2,8,31,0,41,58,0,58,99
07/29/2020,HVN,CT,ANE,EN,Federal Contract Tower,2,6,5,0,13,0,8,40,1,49,2,14,45,1,62,88,4,92,154
07/30/2020,HVN,CT,ANE,EN,Federal Contract Tower,2,9,10,0,21,0,6,19,0,25,2,15,29,0,46,40,0,40,86
07/31/2020,HVN,CT,ANE,EN,Federal Contract Tower,2,1,4,0,7,0,0,32,0,32,2,1,36,0,39,80,0,80,119
08/01/2020,HVN,CT,ANE,EN,Federal Contract Tower,2,1,14,0,17,0,0,71,0,71,2,1,85,0,88,68,0,68,156
08/02/2020,HVN,CT,ANE,EN,Federal Contract Tower,2,6,7,0,15,0,2,26,0,28,2,8,33,0,43,20,0,20,63
08/03/2020,HVN,CT,ANE,EN,Federal Contract Tower,1,8,2,0,11,0,0,39,0,39,1,8,41,0,50,50,0,50,100
08/04/2020,HVN,CT,ANE,EN,Federal Contract Tower,2,5,2,0,9,0,0,2,0,2,2,5,4,0,11,2,0,2,13
08/05/2020,HVN,CT,ANE,EN,Federal Contract Tower,2,3,1,3,9,0,7,34,1,42,2,10,35,4,51,66,0,66,117
08/06/2020,HVN,CT,ANE,EN,Federal Contract Tower,3,3,2,0,8,0,0,44,2,46,3,3,46,2,54,66,8,74,128
08/07/2020,HVN,CT,ANE,EN,Federal Contract Tower,1,6,5,0,12,0,2,18,1,21,1,8,23,1,33,32,0,32,65
08/08/2020,HVN,CT,ANE,EN,Federal Contract Tower,2,2,14,0,18,0,4,22,0,26,2,6,36,0,44,34,0,34,78
08/09/2020,HVN,CT,ANE,EN,Federal Contract Tower,2,5,0,4,11,0,4,27,0,31,2,9,27,4,42,22,0,22,64
08/10/2020,HVN,CT,ANE,EN,Federal Contract Tower,2,1,2,0,5,0,0,33,0,33,2,1,35,0,38,64,0,64,102
08/11/2020,HVN,CT,ANE,EN,Federal Contract Tower,1,8,9,0,18,0,2,20,0,22,1,10,29,0,40,86,0,86,126
08/12/2020,HVN,CT,ANE,EN,Federal Contract Tower,2,4,9,0,15,0,5,20,0,25,2,9,29,0,40,30,0,30,70
08/13/2020,HVN,CT,ANE,EN,Federal Contract Tower,2,10,7,0,19,0,4,34,0,38,2,14,41,0,57,70,0,70,127
08/14/2020,HVN,CT,ANE,EN,Federal Contract Tower,2,7,12,0,21,0,1,42,0,43,2,8,54,0,64,46,0,46,110
08/15/2020,HVN,CT,ANE,EN,Federal Contract Tower,2,8,5,0,15,0,0,45,0,45,2,8,50,0,60,130,0,130,190
08/16/2020,HVN,CT,ANE,EN,Federal Contract Tower,2,3,13,0,18,0,1,9,0,10,2,4,22,0,28,42,0,42,70
08/17/2020,HVN,CT,ANE,EN,Federal Contract Tower,2,5,8,0,15,0,1,38,0,39,2,6,46,0,54,44,0,44,98
08/18/2020,HVN,CT,ANE,EN,Federal Contract Tower,2,10,4,0,16,0,3,28,0,31,2,13,32,0,47,114,0,114,161
08/19/2020,HVN,CT,ANE,EN,Federal Contract Tower,2,6,10,0,18,0,4,32,0,36,2,10,42,0,54,50,0,50,104
08/20/2020,HVN,CT,ANE,EN,Federal Contract Tower,2,5,5,0,12,0,3,42,0,45,2,8,47,0,57,120,0,120,177
08/21/2020,HVN,CT,ANE,EN,Federal Contract Tower,2,11,6,0,19,0,0,52,0,52,2,11,58,0,71,60,0,60,131
08/22/2020,HVN,CT,ANE,EN,Federal Contract Tower,2,0,1,0,3,0,1,41,0,42,2,1,42,0,45,84,0,84,129
08/23/2020,HVN,CT,ANE,EN,Federal Contract Tower,2,4,3,0,9,0,0,42,0,42,2,4,45,0,51,46,0,46,97
08/24/2020,HVN,CT,ANE,EN,Federal Contract Tower,2,5,6,0,13,0,1,13,0,14,2,6,19,0,27,14,0,14,41
08/25/2020,HVN,CT,ANE,EN,Federal Contract Tower,2,6,9,0,17,0,1,25,2,28,2,7,34,2,45,44,0,44,89
08/26/2020,HVN,CT,ANE,EN,Federal Contract Tower,2,3,14,2,21,0,1,53,0,54,2,4,67,2,75,118,0,118,193
08/27/2020,HVN,CT,ANE,EN,Federal Contract Tower,2,0,5,0,7,0,0,15,0,15,2,0,20,0,22,42,0,42,64
08/28/2020,HVN,CT,ANE,EN,Federal Contract Tower,2,8,5,0,15,0,2,45,0,47,2,10,50,0,62,48,0,48,110
08/29/2020,HVN,CT,ANE,EN,Federal Contract Tower,2,7,1,0,10,0,1,2,0,3,2,8,3,0,13,0,0,0,13
08/30/2020,HVN,CT,ANE,EN,Federal Contract Tower,2,4,5,0,11,0,3,32,0,35,2,7,37,0,46,40,0,40,86
08/31/2020,HVN,CT,ANE,EN,Federal Contract Tower,2,3,3,0,8,0,8,53,0,61,2,11,56,0,69,76,0,76,145
09/01/2020,HVN,CT,ANE,EN,Federal Contract Tower,2,4,6,0,12,0,0,32,0,32,2,4,38,0,44,78,0,78,122
09/02/2020,HVN,CT,ANE,EN,Federal Contract Tower,2,5,10,0,17,0,1,3,0,4,2,6,13,0,21,22,0,22,43
09/03/2020,HVN,CT,ANE,EN,Federal Contract Tower,2,3,7,0,12,0,6,35,6,47,2,9,42,6,59,38,6,44,103
09/04/2020,HVN,CT,ANE,EN,Federal Contract Tower,2,2,18,0,22,0,3,54,0,57,2,5,72,0,79,34,0,34,113
09/05/2020,HVN,CT,ANE,EN,Federal Contract Tower,2,3,1,0,6,0,0,71,0,71,2,3,72,0,77,102,0,102,179
09/06/2020,HVN,CT,ANE,EN,Federal Contract Tower,1,0,7,0,8,0,6,48,0,54,1,6,55,0,62,136,0,136,198
09/07/2020,HVN,CT,ANE,EN,Federal Contract Tower,2,0,6,0,8,0,6,44,0,50,2,6,50,0,58,104,0,104,162
09/08/2020,HVN,CT,ANE,EN,Federal Contract Tower,2,4,4,0,10,0,1,51,0,52,2,5,55,0,62,80,0,80,142
09/09/2020,HVN,CT,ANE,EN,Federal Contract Tower,2,7,8,0,17,0,1,38,0,39,2,8,46,0,56,88,0,88,144
09/10/2020,HVN,CT,ANE,EN,Federal Contract Tower,2,7,13,0,22,0,0,8,0,8,2,7,21,0,30,26,0,26,56
09/11/2020,HVN,CT,ANE,EN,Federal Contract Tower,2,4,13,0,19,0,0,32,0,32,2,4,45,0,51,48,0,48,99
09/12/2020,HVN,CT,ANE,EN,Federal Contract Tower,3,2,6,2,13,0,2,45,0,47,3,4,51,2,60,102,0,102,162
09/13/2020,HVN,CT,ANE,EN,Federal Contract Tower,2,7,6,0,15,0,4,20,0,24,2,11,26,0,39,46,6,52,91
09/14/2020,HVN,CT,ANE,EN,Federal Contract Tower,2,4,8,3,17,0,4,30,2,36,2,8,38,5,53,116,0,116,169
09/15/2020,HVN,CT,ANE,EN,Federal Contract Tower,2,13,10,0,25,0,2,43,0,45,2,15,53,0,70,60,0,60,130
09/16/2020,HVN,CT,ANE,EN,Federal Contract Tower,2,10,6,0,18,0,0,27,1,28,2,10,33,1,46,74,4,78,124
09/17/2020,HVN,CT,ANE,EN,Federal Contract Tower,2,11,11,2,26,0,0,42,0,42,2,11,53,2,68,62,0,62,130
09/18/2020,HVN,CT,ANE,EN,Federal Contract Tower,1,3,15,0,19,0,0,29,0,29,1,3,44,0,48,10,0,10,58
09/19/2020,HVN,CT,ANE,EN,Federal Contract Tower,2,3,8,2,15,0,0,40,0,40,2,3,48,2,55,62,0,62,117
09/20/2020,HVN,CT,ANE,EN,Federal Contract Tower,2,7,4,0,13,0,0,29,0,29,2,7,33,0,42,70,0,70,112
09/21/2020,HVN,CT,ANE,EN,Federal Contract Tower,2,5,10,0,17,0,1,30,0,31,2,6,40,0,48,74,0,74,122
09/22/2020,HVN,CT,ANE,EN,Federal Contract Tower,2,4,2,0,8,0,0,17,0,17,2,4,19,0,25,22,0,22,47
09/23/2020,HVN,CT,ANE,EN,Federal Contract Tower,2,3,5,0,10,0,1,30,3,34,2,4,35,3,44,60,8,68,112
09/24/2020,HVN,CT,ANE,EN,Federal Contract Tower,2,7,4,0,13,0,2,49,0,51,2,9,53,0,64,60,0,60,124
09/25/2020,HVN,CT,ANE,EN,Federal Contract Tower,2,2,0,0,4,0,0,49,0,49,2,2,49,0,53,42,0,42,95
09/26/2020,HVN,CT,ANE,EN,Federal Contract Tower,2,1,10,0,13,0,0,29,0,29,2,1,39,0,42,22,0,22,64
09/27/2020,HVN,CT,ANE,EN,Federal Contract Tower,2,4,9,0,15,0,0,10,0,10,2,4,19,0,25,50,0,50,75
09/28/2020,HVN,CT,ANE,EN,Federal Contract Tower,2,6,12,0,20,0,2,13,0,15,2,8,25,0,35,18,0,18,53
09/29/2020,HVN,CT,ANE,EN,Federal Contract Tower,2,5,10,0,17,0,0,2,0,2,2,5,12,0,19,28,0,28,47
09/30/2020,HVN,CT,ANE,EN,Federal Contract Tower,2,4,11,0,17,0,0,7,0,7,2,4,18,0,24,24,0,24,48
10/01/2020,HVN,CT,ANE,EN,Federal Contract Tower,2,12,4,0,18,0,9,32,0,41,2,21,36,0,59,120,0,120,179
10/02/2020,HVN,CT,ANE,EN,Federal Contract Tower,2,4,9,0,15,0,0,32,2,34,2,4,41,2,49,38,0,38,87
10/03/2020,HVN,CT,ANE,EN,Federal Contract Tower,2,10,4,0,16,0,0,59,0,59,2,10,63,0,75,136,0,136,211
10/04/2020,HVN,CT,ANE,EN,Federal Contract Tower,2,2,1,0,5,0,0,49,0,49,2,2,50,0,54,38,0,38,92
10/05/2020,HVN,CT,ANE,EN,Federal Contract Tower,2,3,12,0,17,0,2,23,0,25,2,5,35,0,42,86,2,88,130
10/06/2020,HVN,CT,ANE,EN,Federal Contract Tower,1,8,14,0,23,0,0,32,0,32,1,8,46,0,55,92,0,92,147
10/07/2020,HVN,CT,ANE,EN,Federal Contract Tower,0,2,10,2,14,0,1,11,0,12,0,3,21,2,26,10,0,10,36
10/08/2020,HVN,CT,ANE,EN,Federal Contract Tower,0,10,8,0,18,0,3,20,0,23,0,13,28,0,41,20,0,20,61
10/09/2020,HVN,CT,ANE,EN,Federal Contract Tower,0,2,2,0,4,0,2,52,0,54,0,4,54,0,58,110,0,110,168
10/10/2020,HVN,CT,ANE,EN,Federal Contract Tower,0,3,0,0,3,0,2,21,0,23,0,5,21,0,26,28,0,28,54
10/11/2020,HVN,CT,ANE,EN,Federal Contract Tower,0,15,2,0,17,0,1,45,0,46,0,16,47,0,63,108,0,108,171
10/12/2020,HVN,CT,ANE,EN,Federal Contract Tower,0,5,6,0,11,0,4,4,0,8,0,9,10,0,19,26,0,26,45
10/13/2020,HVN,CT,ANE,EN,Federal Contract Tower,0,7,14,0,21,0,0,1,0,1,0,7,15,0,22,0,0,0,22
10/14/2020,HVN,CT,ANE,EN,Federal Contract Tower,0,3,9,0,12,0,3,52,0,55,0,6,61,0,67,68,0,68,135
10/15/2020,HVN,CT,ANE,EN,Federal Contract Tower,0,3,8,0,11,0,1,43,1,45,0,4,51,1,56,64,0,64,120
10/16/2020,HVN,CT,ANE,EN,Federal Contract Tower,0,9,18,0,27,0,0,1,0,1,0,9,19,0,28,0,0,0,28
10/17/2020,HVN,CT,ANE,EN,Federal Contract Tower,0,3,3,0,6,0,0,38,0,38,0,3,41,0,44,120,0,120,164
10/18/2020,HVN,CT,ANE,EN,Federal Contract Tower,0,2,3,0,5,0,0,59,2,61,0,2,62,2,66,116,0,116,182
10/19/2020,HVN,CT,ANE,EN,Federal Contract Tower,0,2,8,0,10,0,3,26,2,31,0,5,34,2,41,32,0,32,73
10/20/2020,HVN,CT,ANE,EN,Federal Contract Tower,0,3,11,0,14,0,0,3,0,3,0,3,14,0,17,30,0,30,47
10/21/2020,HVN,CT,ANE,EN,Federal Contract Tower,0,6,7,0,13,0,1,9,0,10,0,7,16,0,23,16,0,16,39
10/22/2020,HVN,CT,ANE,EN,Federal Contract Tower,0,8,13,0,21,0,0,9,0,9,0,8,22,0,30,8,0,8,38
10/23/2020,HVN,CT,ANE,EN,Federal Contract Tower,0,6,17,2,25,0,0,1,0,1,0,6,18,2,26,0,0,0,26
10/24/2020,HVN,CT,ANE,EN,Federal Contract Tower,0,3,17,0,20,0,1,17,0,18,0,4,34,0,38,34,0,34,72
10/25/2020,HVN,CT,ANE,EN,Federal Contract Tower,0,6,9,0,15,0,0,62,0,62,0,6,71,0,77,140,0,140,217
10/26/2020,HVN,CT,ANE,EN,Federal Contract Tower,0,9,6,0,15,0,0,0,0,0,0,9,6,0,15,0,0,0,15
10/27/2020,HVN,CT,ANE,EN,Federal Contract Tower,0,10,17,2,29,0,4,30,0,34,0,14,47,2,63,106,0,106,169
10/28/2020,HVN,CT,ANE,EN,Federal Contract Tower,0,3,17,0,20,0,0,12,0,12,0,3,29,0,32,4,0,4,36
10/29/2020,HVN,CT,ANE,EN,Federal Contract Tower,0,1,2,0,3,0,0,2,0,2,0,1,4,0,5,38,0,38,43
10/30/2020,HVN,CT,ANE,EN,Federal Contract Tower,0,11,6,0,17,0,0,0,0,0,0,11,6,0,17,0,0,0,17
10/31/2020,HVN,CT,ANE,EN,Federal Contract Tower,0,5,4,2,11,0,0,42,0,42,0,5,46,2,53,124,0,124,177
11/01/2020,HVN,CT,ANE,EN,Federal Contract Tower,0,7,6,0,13,0,0,13,0,13,0,7,19,0,26,56,0,56,82
11/02/2020,HVN,CT,ANE,EN,Federal Contract Tower,0,7,2,0,9,0,0,2,0,2,0,7,4,0,11,0,0,0,11
11/03/2020,HVN,CT,ANE,EN,Federal Contract Tower,0,3,3,0,6,0,0,16,0,16,0,3,19,0,22,48,0,48,70
11/04/2020,HVN,CT,ANE,EN,Federal Contract Tower,0,10,2,0,12,0,0,39,0,39,0,10,41,0,51,122,0,122,173
11/05/2020,HVN,CT,ANE,EN,Federal Contract Tower,0,10,3,0,13,0,1,36,1,38,0,11,39,1,51,70,2,72,123
11/06/2020,HVN,CT,ANE,EN,Federal Contract Tower,0,6,1,0,7,0,0,37,4,41,0,6,38,4,48,110,0,110,158
11/07/2020,HVN,CT,ANE,EN,Federal Contract Tower,0,3,6,0,9,0,0,66,0,66,0,3,72,0,75,164,0,164,239
11/08/2020,HVN,CT,ANE,EN,Federal Contract Tower,0,4,9,0,13,0,1,47,0,48,0,5,56,0,61,110,0,110,171
11/09/2020,HVN,CT,ANE,EN,Federal Contract Tower,0,1,3,0,4,0,0,28,3,31,0,1,31,3,35,58,0,58,93
11/10/2020,HVN,CT,ANE,EN,Federal Contract Tower,0,3,3,0,6,0,0,0,0,0,0,3,3,0,6,108,0,108,114
11/11/2020,HVN,CT,ANE,EN,Federal Contract Tower,0,4,11,0,15,0,0,5,0,5,0,4,16,0,20,22,0,22,42
11/12/2020,HVN,CT,ANE,EN,Federal Contract Tower,0,5,1,0,6,0,0,7,0,7,0,5,8,0,13,46,0,46,59
11/13/2020,HVN,CT,ANE,EN,Federal Contract Tower,0,4,4,0,8,0,0,0,0,0,0,4,4,0,8,0,0,0,8
11/14/2020,HVN,CT,ANE,EN,Federal Contract Tower,0,1,11,0,12,0,0,44,0,44,0,1,55,0,56,84,0,84,140
11/15/2020,HVN,CT,ANE,EN,Federal Contract Tower,0,3,2,0,5,0,0,13,0,13,0,3,15,0,18,112,0,112,130
11/16/2020,HVN,CT,ANE,EN,Federal Contract Tower,0,4,1,0,5,0,0,18,0,18,0,4,19,0,23,74,0,74,97
11/18/2020,HVN,CT,ANE,EN,Federal Contract Tower,0,0,3,0,3,0,0,18,0,18,0,0,21,0,21,64,0,64,85
11/19/2020,HVN,CT,ANE,EN,Federal Contract Tower,0,1,5,0,6,0,0,19,0,19,0,1,24,0,25,136,0,136,161
11/20/2020,HVN,CT,ANE,EN,Federal Contract Tower,0,5,7,0,12,0,0,33,0,33,0,5,40,0,45,48,0,48,93
11/21/2020,HVN,CT,ANE,EN,Federal Contract Tower,0,3,16,0,19,0,0,44,0,44,0,3,60,0,63,100,0,100,163
11/22/2020,HVN,CT,ANE,EN,Federal Contract Tower,0,11,10,0,21,0,0,16,0,16,0,11,26,0,37,54,0,54,91
11/23/2020,HVN,CT,ANE,EN,Federal Contract Tower,0,1,2,0,3,0,1,6,0,7,0,2,8,0,10,46,0,46,56
11/24/2020,HVN,CT,ANE,EN,Federal Contract Tower,0,5,5,0,10,0,0,26,0,26,0,5,31,0,36,36,0,36,72
11/25/2020,HVN,CT,ANE,EN,Federal Contract Tower,0,2,4,0,6,0,0,34,0,34,0,2,38,0,40,78,0,78,118
11/26/2020,HVN,CT,ANE,EN,Federal Contract Tower,0,2,4,0,6,0,0,2,0,2,0,2,6,0,8,40,0,40,48
11/27/2020,HVN,CT,ANE,EN,Federal Contract Tower,0,2,10,0,12,0,0,42,0,42,0,2,52,0,54,114,0,114,168
11/28/2020,HVN,CT,ANE,EN,Federal Contract Tower,0,8,4,0,12,0,0,35,0,35,0,8,39,0,47,54,0,54,101
11/29/2020,HVN,CT,ANE,EN,Federal Contract Tower,0,4,5,0,9,0,0,47,0,47,0,4,52,0,56,136,0,136,192
11/30/2020,HVN,CT,ANE,EN,Federal Contract Tower,0,1,4,0,5,0,0,0,0,0,0,1,4,0,5,0,0,0,5
12/01/2020,HVN,CT,ANE,EN,Federal Contract Tower,0,1,4,0,5,0,0,0,0,0,0,1,4,0,5,0,0,0,5
12/02/2020,HVN,CT,ANE,EN,Federal Contract Tower,0,4,8,0,12,0,0,7,0,7,0,4,15,0,19,16,0,16,35
12/03/2020,HVN,CT,ANE,EN,Federal Contract Tower,0,5,11,0,16,0,0,29,0,29,0,5,40,0,45,62,0,62,107
12/04/2020,HVN,CT,ANE,EN,Federal Contract Tower,0,4,6,0,10,0,0,22,0,22,0,4,28,0,32,72,0,72,104
12/05/2020,HVN,CT,ANE,EN,Federal Contract Tower,0,4,1,0,5,0,0,2,0,2,0,4,3,0,7,16,0,16,23
12/06/2020,HVN,CT,ANE,EN,Federal Contract Tower,0,4,3,0,7,0,0,1,0,1,0,4,4,0,8,2,0,2,10
12/07/2020,HVN,CT,ANE,EN,Federal Contract Tower,0,3,3,0,6,0,0,12,0,12,0,3,15,0,18,24,0,24,42
12/08/2020,HVN,CT,ANE,EN,Federal Contract Tower,0,1,6,0,7,0,0,3,0,3,0,1,9,0,10,22,0,22,32
12/09/2020,HVN,CT,ANE,EN,Federal Contract Tower,0,4,6,0,10,0,4,23,0,27,0,8,29,0,37,108,0,108,145
12/10/2020,HVN,CT,ANE,EN,Federal Contract Tower,0,0,16,0,16,0,0,25,2,27,0,0,41,2,43,98,2,100,143
12/11/2020,HVN,CT,ANE,EN,Federal Contract Tower,0,6,3,0,9,0,0,31,0,31,0,6,34,0,40,118,0,118,158
12/12/2020,HVN,CT,ANE,EN,Federal Contract Tower,0,4,8,0,12,0,0,0,0,0,0,4,8,0,12,0,0,0,12
12/13/2020,HVN,CT,ANE,EN,Federal Contract Tower,0,2,10,0,12,0,0,53,0,53,0,2,63,0,65,96,0,96,161
12/14/2020,HVN,CT,ANE,EN,Federal Contract Tower,0,7,4,0,11,0,0,2,0,2,0,7,6,0,13,0,0,0,13
12/15/2020,HVN,CT,ANE,EN,Federal Contract Tower,0,9,9,2,20,0,0,15,0,15,0,9,24,2,35,20,0,20,55
12/16/2020,HVN,CT,ANE,EN,Federal Contract Tower,0,2,4,0,6,0,0,6,0,6,0,2,10,0,12,46,0,46,58
12/17/2020,HVN,CT,ANE,EN,Federal Contract Tower,0,1,0,0,1,0,0,0,0,0,0,1,0,0,1,0,0,0,1
12/18/2020,HVN,CT,ANE,EN,Federal Contract Tower,0,5,6,0,11,0,0,15,0,15,0,5,21,0,26,16,0,16,42
12/19/2020,HVN,CT,ANE,EN,Federal Contract Tower,0,6,10,0,16,0,0,28,0,28,0,6,38,0,44,94,0,94,138
12/20/2020,HVN,CT,ANE,EN,Federal Contract Tower,0,4,8,0,12,0,0,9,0,9,0,4,17,0,21,50,0,50,71
12/21/2020,HVN,CT,ANE,EN,Federal Contract Tower,0,2,7,0,9,0,0,8,0,8,0,2,15,0,17,78,0,78,95
12/22/2020,HVN,CT,ANE,EN,Federal Contract Tower,0,4,7,2,13,0,0,10,0,10,0,4,17,2,23,84,0,84,107
12/23/2020,HVN,CT,ANE,EN,Federal Contract Tower,0,6,6,0,12,0,0,39,0,39,0,6,45,0,51,172,0,172,223
12/24/2020,HVN,CT,ANE,EN,Federal Contract Tower,0,2,2,0,4,0,0,6,0,6,0,2,8,0,10,4,0,4,14
12/25/2020,HVN,CT,ANE,EN,Federal Contract Tower,0,2,4,0,6,0,0,2,0,2,0,2,6,0,8,8,0,8,16
12/26/2020,HVN,CT,ANE,EN,Federal Contract Tower,0,5,8,0,13,0,0,16,0,16,0,5,24,0,29,18,0,18,47
12/27/2020,HVN,CT,ANE,EN,Federal Contract Tower,0,3,6,0,9,0,0,69,0,69,0,3,75,0,78,170,0,170,248
12/28/2020,HVN,CT,ANE,EN,Federal Contract Tower,0,0,7,0,7,0,0,13,0,13,0,0,20,0,20,36,0,36,56
12/29/2020,HVN,CT,ANE,EN,Federal Contract Tower,0,3,6,0,9,0,2,9,0,11,0,5,15,0,20,28,0,28,48
12/30/2020,HVN,CT,ANE,EN,Federal Contract Tower,0,6,11,0,17,0,0,30,0,30,0,6,41,0,47,62,0,62,109
12/31/2020,HVN,CT,ANE,EN,Federal Contract Tower,0,6,6,0,12,0,0,8,0,8,0,6,14,0,20,6,0,6,26
01/01/2021,HVN,CT,ANE,EN,Federal Contract Tower,0,2,5,0,7,0,0,20,0,20,0,2,25,0,27,38,0,38,65
01/02/2021,HVN,CT,ANE,EN,Federal Contract Tower,0,0,11,0,11,0,0,6,0,6,0,0,17,0,17,4,0,4,21
01/03/2021,HVN,CT,ANE,EN,Federal Contract Tower,0,6,7,0,13,0,0,5,1,6,0,6,12,1,19,8,0,8,27
01/04/2021,HVN,CT,ANE,EN,Federal Contract Tower,0,5,7,0,12,0,0,13,0,13,0,5,20,0,25,42,0,42,67
01/05/2021,HVN,CT,ANE,EN,Federal Contract Tower,2,5,4,0,11,0,0,19,2,21,2,5,23,2,32,56,2,58,90
01/06/2021,HVN,CT,ANE,EN,Federal Contract Tower,2,3,6,0,11,0,2,11,0,13,2,5,17,0,24,18,0,18,42
01/07/2021,HVN,CT,ANE,EN,Federal Contract Tower,0,7,3,0,10,0,0,18,2,20,0,7,21,2,30,24,0,24,54
01/08/2021,HVN,CT,ANE,EN,Federal Contract Tower,2,5,5,0,12,0,0,20,0,20,2,5,25,0,32,96,0,96,128
01/09/2021,HVN,CT,ANE,EN,Federal Contract Tower,2,2,4,0,8,0,0,30,0,30,2,2,34,0,38,30,0,30,68
01/10/2021,HVN,CT,ANE,EN,Federal Contract Tower,2,3,3,0,8,0,0,0,0,0,2,3,3,0,8,74,0,74,82
01/11/2021,HVN,CT,ANE,EN,Federal Contract Tower,2,2,6,0,10,0,0,10,0,10,2,2,16,0,20,100,0,100,120
01/12/2021,HVN,CT,ANE,EN,Federal Contract Tower,2,10,4,0,16,0,3,28,0,31,2,13,32,0,47,72,0,72,119
01/13/2021,HVN,CT,ANE,EN,Federal Contract Tower,2,0,9,0,11,0,0,18,0,18,2,0,27,0,29,34,0,34,63
01/14/2021,HVN,CT,ANE,EN,Federal Contract Tower,2,4,8,0,14,0,1,32,0,33,2,5,40,0,47,118,0,118,165
01/15/2021,HVN,CT,ANE,EN,Federal Contract Tower,2,0,4,0,6,0,3,5,0,8,2,3,9,0,14,2,0,2,16
01/16/2021,HVN,CT,ANE,EN,Federal Contract Tower,2,0,5,0,7,0,0,8,0,8,2,0,13,0,15,8,0,8,23
01/17/2021,HVN,CT,ANE,EN,Federal Contract Tower,2,1,1,0,4,0,0,15,0,15,2,1,16,0,19,4,0,4,23
01/18/2021,HVN,CT,ANE,EN,Federal Contract Tower,2,1,1,0,4,0,0,10,0,10,2,1,11,0,14,24,0,24,38
01/19/2021,HVN,CT,ANE,EN,Federal Contract Tower,2,2,6,0,10,0,0,15,0,15,2,2,21,0,25,40,0,40,65
01/20/2021,HVN,CT,ANE,EN,Federal Contract Tower,2,0,1,0,3,0,0,4,0,4,2,0,5,0,7,18,0,18,25
01/21/2021,HVN,CT,ANE,EN,Federal Contract Tower,2,2,0,0,4,0,0,11,0,11,2,2,11,0,15,44,0,44,59
01/22/2021,HVN,CT,ANE,EN,Federal Contract Tower,2,1,4,0,7,0,0,27,0,27,2,1,31,0,34,46,0,46,80
01/23/2021,HVN,CT,ANE,EN,Federal Contract Tower,2,1,0,0,3,0,0,15,0,15,2,1,15,0,18,10,0,10,28
01/24/2021,HVN,CT,ANE,EN,Federal Contract Tower,2,3,6,0,11,0,0,12,0,12,2,3,18,0,23,96,0,96,119
01/25/2021,HVN,CT,ANE,EN,Federal Contract Tower,2,4,12,0,18,0,0,24,0,24,2,4,36,0,42,106,0,106,148
01/26/2021,HVN,CT,ANE,EN,Federal Contract Tower,2,0,1,0,3,0,0,2,0,2,2,0,3,0,5,4,0,4,9
01/27/2021,HVN,CT,ANE,EN,Federal Contract Tower,2,0,0,0,2,0,0,7,2,9,2,0,7,2,11,46,4,50,61
01/28/2021,HVN,CT,ANE,EN,Federal Contract Tower,2,2,2,0,6,0,0,8,1,9,2,2,10,1,15,4,2,6,21
01/29/2021,HVN,CT,ANE,EN,Federal Contract Tower,2,2,1,0,5,0,0,3,0,3,2,2,4,0,8,2,0,2,10
01/30/2021,HVN,CT,ANE,EN,Federal Contract Tower,2,7,2,0,11,0,0,23,0,23,2,7,25,0,34,56,0,56,90
01/31/2021,HVN,CT,ANE,EN,Federal Contract Tower,2,3,5,0,10,0,0,39,0,39,2,3,44,0,49,166,0,166,215
02/01/2021,HVN,CT,ANE,EN,Federal Contract Tower,0,0,0,0,0,0,0,0,0,0,0,0,0,0,0,0,0,0,0
02/02/2021,HVN,CT,ANE,EN,Federal Contract Tower,0,2,3,0,5,0,0,0,0,0,0,2,3,0,5,0,0,0,5
02/03/2021,HVN,CT,ANE,EN,Federal Contract Tower,2,3,3,0,8,0,0,8,0,8,2,3,11,0,16,10,8,18,34
02/04/2021,HVN,CT,ANE,EN,Federal Contract Tower,2,2,10,4,18,0,2,20,2,24,2,4,30,6,42,50,2,52,94
02/05/2021,HVN,CT,ANE,EN,Federal Contract Tower,2,7,0,0,9,0,4,7,0,11,2,11,7,0,20,26,0,26,46
02/06/2021,HVN,CT,ANE,EN,Federal Contract Tower,2,6,2,0,10,0,0,31,0,31,2,6,33,0,41,102,0,102,143
02/07/2021,HVN,CT,ANE,EN,Federal Contract Tower,0,0,0,0,0,0,0,0,0,0,0,0,0,0,0,0,0,0,0
02/08/2021,HVN,CT,ANE,EN,Federal Contract Tower,2,4,9,0,15,0,2,16,0,18,2,6,25,0,33,20,0,20,53
02/09/2021,HVN,CT,ANE,EN,Federal Contract Tower,2,3,0,0,5,0,0,0,0,0,2,3,0,0,5,0,0,0,5
02/10/2021,HVN,CT,ANE,EN,Federal Contract Tower,2,1,0,2,5,0,0,19,2,21,2,1,19,4,26,54,0,54,80
02/11/2021,HVN,CT,ANE,EN,Federal Contract Tower,2,9,5,4,20,0,1,16,2,19,2,10,21,6,39,18,0,18,57
02/12/2021,HVN,CT,ANE,EN,Federal Contract Tower,2,4,6,0,12,0,0,28,0,28,2,4,34,0,40,94,0,94,134
02/13/2021,HVN,CT,ANE,EN,Federal Contract Tower,2,3,10,0,15,0,0,20,0,20,2,3,30,0,35,76,0,76,111
02/14/2021,HVN,CT,ANE,EN,Federal Contract Tower,2,2,3,0,7,0,0,13,0,13,2,2,16,0,20,42,0,42,62
02/15/2021,HVN,CT,ANE,EN,Federal Contract Tower,2,3,0,0,5,0,0,3,0,3,2,3,3,0,8,54,0,54,62
02/16/2021,HVN,CT,ANE,EN,Federal Contract Tower,0,2,3,0,5,0,0,2,0,2,0,2,5,0,7,22,0,22,29
02/17/2021,HVN,CT,ANE,EN,Federal Contract Tower,0,5,5,1,11,0,1,24,2,27,0,6,29,3,38,106,6,112,150
02/18/2021,HVN,CT,ANE,EN,Federal Contract Tower,0,2,0,0,2,0,0,0,0,0,0,2,0,0,2,0,0,0,2
02/19/2021,HVN,CT,ANE,EN,Federal Contract Tower,2,0,2,1,5,0,0,0,0,0,2,0,2,1,5,0,0,0,5
02/20/2021,HVN,CT,ANE,EN,Federal Contract Tower,2,7,9,0,18,0,0,14,0,14,2,7,23,0,32,86,0,86,118
02/21/2021,HVN,CT,ANE,EN,Federal Contract Tower,2,3,5,0,10,0,0,59,0,59,2,3,64,0,69,124,10,134,203
02/22/2021,HVN,CT,ANE,EN,Federal Contract Tower,2,2,4,0,8,0,0,0,0,0,2,2,4,0,8,0,0,0,8
02/23/2021,HVN,CT,ANE,EN,Federal Contract Tower,0,1,7,0,8,0,0,7,0,7,0,1,14,0,15,14,2,16,31
02/24/2021,HVN,CT,ANE,EN,Federal Contract Tower,0,7,5,0,12,0,0,45,0,45,0,7,50,0,57,92,0,92,149
02/25/2021,HVN,CT,ANE,EN,Federal Contract Tower,2,7,9,0,18,0,0,10,0,10,2,7,19,0,28,20,0,20,48
02/26/2021,HVN,CT,ANE,EN,Federal Contract Tower,2,2,7,0,11,0,0,48,4,52,2,2,55,4,63,208,0,208,271
02/27/2021,HVN,CT,ANE,EN,Federal Contract Tower,2,7,1,0,10,0,0,0,0,0,2,7,1,0,10,0,0,0,10
02/28/2021,HVN,CT,ANE,EN,Federal Contract Tower,2,3,1,0,6,0,0,23,2,25,2,3,24,2,31,104,0,104,135
03/01/2021,HVN,CT,ANE,EN,Federal Contract Tower,2,8,6,0,16,0,0,4,0,4,2,8,10,0,20,26,0,26,46
03/02/2021,HVN,CT,ANE,EN,Federal Contract Tower,0,3,1,0,4,0,0,0,0,0,0,3,1,0,4,14,0,14,18
03/03/2021,HVN,CT,ANE,EN,Federal Contract Tower,0,1,12,0,13,0,0,33,0,33,0,1,45,0,46,82,0,82,128
03/04/2021,HVN,CT,ANE,EN,Federal Contract Tower,2,2,5,0,9,0,2,17,0,19,2,4,22,0,28,12,0,12,40
03/05/2021,HVN,CT,ANE,EN,Federal Contract Tower,2,2,5,0,9,0,0,6,0,6,2,2,11,0,15,0,0,0,15
03/06/2021,HVN,CT,ANE,EN,Federal Contract Tower,2,4,3,0,9,0,0,29,0,29,2,4,32,0,38,104,0,104,142
03/07/2021,HVN,CT,ANE,EN,Federal Contract Tower,2,8,6,0,16,0,0,39,0,39,2,8,45,0,55,132,0,132,187
03/08/2021,HVN,CT,ANE,EN,Federal Contract Tower,2,9,14,0,25,0,0,31,0,31,2,9,45,0,56,100,0,100,156
03/09/2021,HVN,CT,ANE,EN,Federal Contract Tower,0,1,6,0,7,0,0,21,0,21,0,1,27,0,28,104,0,104,132
03/10/2021,HVN,CT,ANE,EN,Federal Contract Tower,0,3,3,0,6,0,0,54,0,54,0,3,57,0,60,138,0,138,198
03/11/2021,HVN,CT,ANE,EN,Federal Contract Tower,2,4,13,2,21,0,0,29,2,31,2,4,42,4,52,86,0,86,138
03/12/2021,HVN,CT,ANE,EN,Federal Contract Tower,2,2,8,0,12,0,4,11,1,16,2,6,19,1,28,50,0,50,78
03/13/2021,HVN,CT,ANE,EN,Federal Contract Tower,2,3,7,0,12,0,0,18,0,18,2,3,25,0,30,94,0,94,124
03/14/2021,HVN,CT,ANE,EN,Federal Contract Tower,2,9,5,0,16,0,0,20,0,20,2,9,25,0,36,26,0,26,62
03/15/2021,HVN,CT,ANE,EN,Federal Contract Tower,2,2,1,0,5,0,0,2,0,2,2,2,3,0,7,12,0,12,19
03/16/2021,HVN,CT,ANE,EN,Federal Contract Tower,2,6,8,0,16,0,0,28,0,28,2,6,36,0,44,62,0,62,106
03/17/2021,HVN,CT,ANE,EN,Federal Contract Tower,0,5,19,0,24,0,0,18,3,21,0,5,37,3,45,92,0,92,137
03/18/2021,HVN,CT,ANE,EN,Federal Contract Tower,2,6,8,0,16,0,0,0,0,0,2,6,8,0,16,0,0,0,16
03/19/2021,HVN,CT,ANE,EN,Federal Contract Tower,2,3,9,2,16,0,1,5,0,6,2,4,14,2,22,42,0,42,64
03/20/2021,HVN,CT,ANE,EN,Federal Contract Tower,2,2,9,0,13,0,0,55,0,55,2,2,64,0,68,196,0,196,264
03/21/2021,HVN,CT,ANE,EN,Federal Contract Tower,2,9,14,0,25,0,1,38,2,41,2,10,52,2,66,240,0,240,306
03/22/2021,HVN,CT,ANE,EN,Federal Contract Tower,2,8,4,0,14,0,0,34,0,34,2,8,38,0,48,100,0,100,148
03/23/2021,HVN,CT,ANE,EN,Federal Contract Tower,2,3,5,4,14,0,0,40,0,40,2,3,45,4,54,86,0,86,140
03/24/2021,HVN,CT,ANE,EN,Federal Contract Tower,0,4,3,0,7,0,0,5,0,5,0,4,8,0,12,32,0,32,44
03/25/2021,HVN,CT,ANE,EN,Federal Contract Tower,2,11,4,2,19,0,0,7,0,7,2,11,11,2,26,20,0,20,46
03/26/2021,HVN,CT,ANE,EN,Federal Contract Tower,2,1,1,4,8,0,0,0,0,0,2,1,1,4,8,0,0,0,8
03/27/2021,HVN,CT,ANE,EN,Federal Contract Tower,2,7,12,0,21,0,0,52,0,52,2,7,64,0,73,130,0,130,203
03/28/2021,HVN,CT,ANE,EN,Federal Contract Tower,0,5,2,0,7,0,0,0,0,0,0,5,2,0,7,0,0,0,7
03/29/2021,HVN,CT,ANE,EN,Federal Contract Tower,2,5,0,0,7,0,0,0,0,0,2,5,0,0,7,0,0,0,7
03/30/2021,HVN,CT,ANE,EN,Federal Contract Tower,0,3,7,0,10,0,0,37,0,37,0,3,44,0,47,64,0,64,111
03/31/2021,HVN,CT,ANE,EN,Federal Contract Tower,0,4,7,0,11,0,0,8,0,8,0,4,15,0,19,36,0,36,55
04/01/2021,HVN,CT,ANE,EN,Federal Contract Tower,2,2,2,0,6,0,0,0,2,2,2,2,2,2,8,6,6,12,20
04/02/2021,HVN,CT,ANE,EN,Federal Contract Tower,2,6,9,0,17,0,0,15,0,15,2,6,24,0,32,58,0,58,90
04/03/2021,HVN,CT,ANE,EN,Federal Contract Tower,2,8,9,0,19,0,0,45,0,45,2,8,54,0,64,126,0,126,190
04/04/2021,HVN,CT,ANE,EN,Federal Contract Tower,2,3,4,0,9,0,0,29,0,29,2,3,33,0,38,218,0,218,256
04/05/2021,HVN,CT,ANE,EN,Federal Contract Tower,2,6,2,0,10,0,1,3,0,4,2,7,5,0,14,14,0,14,28
04/06/2021,HVN,CT,ANE,EN,Federal Contract Tower,0,1,6,1,8,0,0,16,0,16,0,1,22,1,24,38,0,38,62
04/07/2021,HVN,CT,ANE,EN,Federal Contract Tower,0,7,12,1,20,0,0,54,0,54,0,7,66,1,74,96,0,96,170
04/08/2021,HVN,CT,ANE,EN,Federal Contract Tower,2,6,9,0,17,0,0,40,0,40,2,6,49,0,57,94,0,94,151
04/09/2021,HVN,CT,ANE,EN,Federal Contract Tower,2,10,18,0,30,0,0,11,0,11,2,10,29,0,41,50,0,50,91
04/10/2021,HVN,CT,ANE,EN,Federal Contract Tower,2,3,14,0,19,0,0,11,0,11,2,3,25,0,30,96,0,96,126
04/11/2021,HVN,CT,ANE,EN,Federal Contract Tower,2,2,0,0,4,0,0,0,0,0,2,2,0,0,4,0,0,0,4
04/12/2021,HVN,CT,ANE,EN,Federal Contract Tower,2,2,4,0,8,0,2,6,0,8,2,4,10,0,16,54,0,54,70
04/13/2021,HVN,CT,ANE,EN,Federal Contract Tower,0,5,13,0,18,0,0,43,0,43,0,5,56,0,61,130,2,132,193
04/14/2021,HVN,CT,ANE,EN,Federal Contract Tower,0,1,13,0,14,0,0,15,0,15,0,1,28,0,29,88,0,88,117
04/15/2021,HVN,CT,ANE,EN,Federal Contract Tower,2,7,1,0,10,0,0,0,0,0,2,7,1,0,10,0,0,0,10
04/16/2021,HVN,CT,ANE,EN,Federal Contract Tower,2,4,11,0,17,0,0,18,0,18,2,4,29,0,35,76,0,76,111
04/17/2021,HVN,CT,ANE,EN,Federal Contract Tower,2,8,6,0,16,0,0,38,0,38,2,8,44,0,54,128,0,128,182
04/18/2021,HVN,CT,ANE,EN,Federal Contract Tower,2,6,18,0,26,0,2,41,10,53,2,8,59,10,79,90,0,90,169
04/19/2021,HVN,CT,ANE,EN,Federal Contract Tower,2,3,5,0,10,0,1,27,2,30,2,4,32,2,40,104,0,104,144
04/20/2021,HVN,CT,ANE,EN,Federal Contract Tower,0,5,11,2,18,0,0,28,3,31,0,5,39,5,49,66,2,68,117
04/21/2021,HVN,CT,ANE,EN,Federal Contract Tower,0,3,19,0,22,0,0,4,0,4,0,3,23,0,26,26,0,26,52
04/22/2021,HVN,CT,ANE,EN,Federal Contract Tower,4,2,7,0,13,0,0,5,2,7,4,2,12,2,20,8,4,12,32
04/23/2021,HVN,CT,ANE,EN,Federal Contract Tower,2,10,9,1,22,0,5,24,1,30,2,15,33,2,52,78,0,78,130
04/24/2021,HVN,CT,ANE,EN,Federal Contract Tower,2,4,12,0,18,0,0,37,0,37,2,4,49,0,55,208,0,208,263
04/25/2021,HVN,CT,ANE,EN,Federal Contract Tower,2,3,4,0,9,0,0,7,0,7,2,3,11,0,16,46,0,46,62
04/27/2021,HVN,CT,ANE,EN,Federal Contract Tower,0,9,5,0,14,0,0,37,0,37,0,9,42,0,51,136,0,136,187
04/28/2021,HVN,CT,ANE,EN,Federal Contract Tower,0,5,6,0,11,0,0,41,0,41,0,5,47,0,52,246,0,246,298
04/29/2021,HVN,CT,ANE,EN,Federal Contract Tower,2,4,6,0,12,0,0,6,0,6,2,4,12,0,18,28,0,28,46
04/30/2021,HVN,CT,ANE,EN,Federal Contract Tower,4,6,0,0,10,0,0,5,0,5,4,6,5,0,15,16,0,16,31
05/01/2021,HVN,CT,ANE,EN,Federal Contract Tower,2,3,8,0,13,0,0,22,0,22,2,3,30,0,35,80,0,80,115
05/02/2021,HVN,CT,ANE,EN,Federal Contract Tower,2,8,4,0,14,0,2,40,2,44,2,10,44,2,58,102,0,102,160
05/03/2021,HVN,CT,ANE,EN,Federal Contract Tower,2,2,9,0,13,0,0,18,0,18,2,2,27,0,31,66,0,66,97
05/04/2021,HVN,CT,ANE,EN,Federal Contract Tower,0,7,11,0,18,0,0,4,0,4,0,7,15,0,22,64,0,64,86
05/05/2021,HVN,CT,ANE,EN,Federal Contract Tower,0,0,10,0,10,0,0,0,0,0,0,0,10,0,10,0,0,0,10
05/06/2021,HVN,CT,ANE,EN,Federal Contract Tower,2,9,12,1,24,0,1,33,0,34,2,10,45,1,58,80,0,80,138
05/07/2021,HVN,CT,ANE,EN,Federal Contract Tower,2,3,14,0,19,0,2,36,0,38,2,5,50,0,57,98,0,98,155
05/08/2021,HVN,CT,ANE,EN,Federal Contract Tower,2,6,5,0,13,0,0,39,0,39,2,6,44,0,52,172,0,172,224
05/09/2021,HVN,CT,ANE,EN,Federal Contract Tower,2,6,2,2,12,0,0,24,0,24,2,6,26,2,36,146,0,146,182
05/10/2021,HVN,CT,ANE,EN,Federal Contract Tower,2,8,12,0,22,0,0,16,0,16,2,8,28,0,38,8,0,8,46
05/11/2021,HVN,CT,ANE,EN,Federal Contract Tower,0,1,14,2,17,0,0,16,0,16,0,1,30,2,33,40,0,40,73
05/12/2021,HVN,CT,ANE,EN,Federal Contract Tower,0,5,14,0,19,0,0,33,4,37,0,5,47,4,56,14,0,14,70
05/13/2021,HVN,CT,ANE,EN,Federal Contract Tower,2,7,6,0,15,0,0,51,6,57,2,7,57,6,72,68,4,72,144
05/14/2021,HVN,CT,ANE,EN,Federal Contract Tower,2,7,12,0,21,0,0,45,0,45,2,7,57,0,66,70,0,70,136
05/15/2021,HVN,CT,ANE,EN,Federal Contract Tower,2,3,14,0,19,0,2,68,0,70,2,5,82,0,89,110,0,110,199
05/16/2021,HVN,CT,ANE,EN,Federal Contract Tower,2,1,11,0,14,0,6,23,0,29,2,7,34,0,43,130,0,130,173
05/17/2021,HVN,CT,ANE,EN,Federal Contract Tower,2,4,4,0,10,0,2,21,4,27,2,6,25,4,37,26,0,26,63
05/18/2021,HVN,CT,ANE,EN,Federal Contract Tower,0,6,7,0,13,0,1,32,3,36,0,7,39,3,49,40,0,40,89
05/19/2021,HVN,CT,ANE,EN,Federal Contract Tower,0,7,16,0,23,0,0,24,0,24,0,7,40,0,47,24,0,24,71
05/20/2021,HVN,CT,ANE,EN,Federal Contract Tower,2,13,13,0,28,0,2,63,0,65,2,15,76,0,93,104,0,104,197
05/21/2021,HVN,CT,ANE,EN,Federal Contract Tower,2,11,11,0,24,0,0,39,0,39,2,11,50,0,63,88,0,88,151
05/22/2021,HVN,CT,ANE,EN,Federal Contract Tower,2,8,5,0,15,0,6,49,0,55,2,14,54,0,70,90,0,90,160
05/23/2021,HVN,CT,ANE,EN,Federal Contract Tower,2,5,8,0,15,0,1,34,0,35,2,6,42,0,50,28,0,28,78
05/24/2021,HVN,CT,ANE,EN,Federal Contract Tower,2,11,12,0,25,0,0,28,0,28,2,11,40,0,53,82,0,82,135
05/25/2021,HVN,CT,ANE,EN,Federal Contract Tower,2,3,11,0,16,0,0,32,0,32,2,3,43,0,48,108,2,110,158
05/26/2021,HVN,CT,ANE,EN,Federal Contract Tower,2,8,14,0,24,0,0,28,0,28,2,8,42,0,52,32,0,32,84
05/27/2021,HVN,CT,ANE,EN,Federal Contract Tower,2,7,18,1,28,0,5,70,0,75,2,12,88,1,103,122,0,122,225
05/28/2021,HVN,CT,ANE,EN,Federal Contract Tower,2,10,15,0,27,0,0,53,0,53,2,10,68,0,80,54,0,54,134
05/29/2021,HVN,CT,ANE,EN,Federal Contract Tower,0,4,5,0,9,0,0,0,0,0,0,4,5,0,9,0,0,0,9
05/30/2021,HVN,CT,ANE,EN,Federal Contract Tower,0,3,5,0,8,0,0,1,0,1,0,3,6,0,9,0,0,0,9
05/31/2021,HVN,CT,ANE,EN,Federal Contract Tower,2,2,19,0,23,0,0,32,0,32,2,2,51,0,55,42,0,42,97
06/01/2021,HVN,CT,ANE,EN,Federal Contract Tower,0,4,10,0,14,0,0,42,0,42,0,4,52,0,56,70,0,70,126
06/02/2021,HVN,CT,ANE,EN,Federal Contract Tower,0,10,4,0,14,0,2,53,0,55,0,12,57,0,69,60,0,60,129
06/03/2021,HVN,CT,ANE,EN,Federal Contract Tower,3,8,23,0,34,0,0,0,0,0,3,8,23,0,34,0,0,0,34
06/04/2021,HVN,CT,ANE,EN,Federal Contract Tower,2,6,10,0,18,0,0,11,0,11,2,6,21,0,29,50,0,50,79
06/05/2021,HVN,CT,ANE,EN,Federal Contract Tower,2,4,7,0,13,0,0,44,0,44,2,4,51,0,57,56,0,56,113
06/06/2021,HVN,CT,ANE,EN,Federal Contract Tower,2,2,7,0,11,0,0,42,0,42,2,2,49,0,53,36,0,36,89
06/07/2021,HVN,CT,ANE,EN,Federal Contract Tower,2,9,2,0,13,0,0,42,0,42,2,9,44,0,55,20,0,20,75
06/08/2021,HVN,CT,ANE,EN,Federal Contract Tower,2,3,6,0,11,0,1,14,8,23,2,4,20,8,34,32,0,32,66
06/09/2021,HVN,CT,ANE,EN,Federal Contract Tower,2,5,10,0,17,0,1,23,0,24,2,6,33,0,41,34,0,34,75
06/10/2021,HVN,CT,ANE,EN,Federal Contract Tower,2,4,6,0,12,0,2,60,0,62,2,6,66,0,74,56,0,56,130
06/11/2021,HVN,CT,ANE,EN,Federal Contract Tower,2,6,11,0,19,0,0,43,0,43,2,6,54,0,62,46,0,46,108
06/12/2021,HVN,CT,ANE,EN,Federal Contract Tower,2,10,12,0,24,0,0,31,0,31,2,10,43,0,55,62,0,62,117
06/13/2021,HVN,CT,ANE,EN,Federal Contract Tower,2,8,6,0,16,0,4,66,0,70,2,12,72,0,86,148,0,148,234
06/14/2021,HVN,CT,ANE,EN,Federal Contract Tower,2,5,11,0,18,0,4,23,2,29,2,9,34,2,47,30,0,30,77
06/15/2021,HVN,CT,ANE,EN,Federal Contract Tower,2,1,15,0,18,0,11,26,0,37,2,12,41,0,55,70,0,70,125
06/16/2021,HVN,CT,ANE,EN,Federal Contract Tower,4,4,10,0,18,0,2,36,0,38,4,6,46,0,56,10,16,26,82
06/17/2021,HVN,CT,ANE,EN,Federal Contract Tower,2,8,6,0,16,0,5,47,0,52,2,13,53,0,68,50,0,50,118
06/18/2021,HVN,CT,ANE,EN,Federal Contract Tower,2,6,11,0,19,0,21,38,2,61,2,27,49,2,80,84,0,84,164
06/19/2021,HVN,CT,ANE,EN,Federal Contract Tower,1,2,10,0,13,0,2,46,0,48,1,4,56,0,61,90,0,90,151
06/20/2021,HVN,CT,ANE,EN,Federal Contract Tower,2,5,8,0,15,0,8,50,2,60,2,13,58,2,75,46,0,46,121
06/21/2021,HVN,CT,ANE,EN,Federal Contract Tower,2,10,11,0,23,0,4,12,0,16,2,14,23,0,39,70,0,70,109
06/22/2021,HVN,CT,ANE,EN,Federal Contract Tower,2,9,12,0,23,0,4,19,0,23,2,13,31,0,46,18,0,18,64
06/23/2021,HVN,CT,ANE,EN,Federal Contract Tower,1,7,24,0,32,0,10,67,1,78,1,17,91,1,110,152,2,154,264
06/24/2021,HVN,CT,ANE,EN,Federal Contract Tower,2,4,12,0,18,0,11,55,0,66,2,15,67,0,84,74,0,74,158
06/25/2021,HVN,CT,ANE,EN,Federal Contract Tower,2,6,15,0,23,0,0,41,0,41,2,6,56,0,64,74,0,74,138
06/26/2021,HVN,CT,ANE,EN,Federal Contract Tower,2,0,26,0,28,0,1,28,0,29,2,1,54,0,57,2,0,2,59
06/27/2021,HVN,CT,ANE,EN,Federal Contract Tower,2,6,26,0,34,0,14,20,10,44,2,20,46,10,78,18,0,18,96
06/28/2021,HVN,CT,ANE,EN,Federal Contract Tower,2,5,13,0,20,0,8,37,0,45,2,13,50,0,65,52,0,52,117
06/29/2021,HVN,CT,ANE,EN,Federal Contract Tower,2,6,10,3,21,0,2,38,0,40,2,8,48,3,61,106,0,106,167
06/30/2021,HVN,CT,ANE,EN,Federal Contract Tower,2,8,4,0,14,0,3,48,0,51,2,11,52,0,65,30,4,34,99
07/01/2021,HVN,CT,ANE,EN,Federal Contract Tower,2,14,10,0,26,0,5,34,0,39,2,19,44,0,65,62,0,62,127
07/02/2021,HVN,CT,ANE,EN,Federal Contract Tower,2,6,21,0,29,0,0,18,0,18,2,6,39,0,47,0,0,0,47
07/03/2021,HVN,CT,ANE,EN,Federal Contract Tower,2,6,7,0,15,0,0,10,0,10,2,6,17,0,25,24,0,24,49
07/04/2021,HVN,CT,ANE,EN,Federal Contract Tower,2,0,5,0,7,0,6,20,0,26,2,6,25,0,33,56,0,56,89
07/05/2021,HVN,CT,ANE,EN,Federal Contract Tower,2,9,12,0,23,0,7,35,0,42,2,16,47,0,65,76,0,76,141
07/06/2021,HVN,CT,ANE,EN,Federal Contract Tower,1,7,15,0,23,0,7,40,0,47,1,14,55,0,70,72,0,72,142
07/07/2021,HVN,CT,ANE,EN,Federal Contract Tower,1,6,11,0,18,0,5,25,3,33,1,11,36,3,51,26,0,26,77
07/08/2021,HVN,CT,ANE,EN,Federal Contract Tower,2,7,23,4,36,0,0,16,1,17,2,7,39,5,53,50,0,50,103
07/09/2021,HVN,CT,ANE,EN,Federal Contract Tower,2,0,5,0,7,0,9,12,0,21,2,9,17,0,28,18,0,18,46
07/10/2021,HVN,CT,ANE,EN,Federal Contract Tower,2,10,26,0,38,0,6,39,0,45,2,16,65,0,83,68,0,68,151
07/11/2021,HVN,CT,ANE,EN,Federal Contract Tower,2,7,10,0,19,0,5,35,0,40,2,12,45,0,59,42,0,42,101
07/12/2021,HVN,CT,ANE,EN,Federal Contract Tower,1,6,19,0,26,0,2,3,0,5,1,8,22,0,31,54,0,54,85
07/13/2021,HVN,CT,ANE,EN,Federal Contract Tower,0,11,24,0,35,0,2,1,0,3,0,13,25,0,38,0,0,0,38
07/14/2021,HVN,CT,ANE,EN,Federal Contract Tower,1,7,14,0,22,0,0,16,0,16,1,7,30,0,38,24,0,24,62
07/15/2021,HVN,CT,ANE,EN,Federal Contract Tower,2,2,9,0,13,0,8,47,0,55,2,10,56,0,68,104,0,104,172
07/16/2021,HVN,CT,ANE,EN,Federal Contract Tower,2,4,13,0,19,0,12,39,0,51,2,16,52,0,70,72,2,74,144
07/17/2021,HVN,CT,ANE,EN,Federal Contract Tower,2,4,5,0,11,0,5,60,0,65,2,9,65,0,76,74,0,74,150
07/18/2021,HVN,CT,ANE,EN,Federal Contract Tower,1,9,15,0,25,0,6,17,0,23,1,15,32,0,48,26,0,26,74
07/19/2021,HVN,CT,ANE,EN,Federal Contract Tower,2,4,4,0,10,0,12,37,1,50,2,16,41,1,60,72,2,74,134
07/20/2021,HVN,CT,ANE,EN,Federal Contract Tower,1,9,11,0,21,0,0,18,0,18,1,9,29,0,39,0,0,0,39
07/22/2021,HVN,CT,ANE,EN,Federal Contract Tower,2,1,2,0,5,0,0,76,0,76,2,1,78,0,81,110,0,110,191
07/23/2021,HVN,CT,ANE,EN,Federal Contract Tower,2,4,5,0,11,0,5,71,0,76,2,9,76,0,87,24,0,24,111
07/24/2021,HVN,CT,ANE,EN,Federal Contract Tower,2,4,2,0,8,0,5,65,0,70,2,9,67,0,78,90,0,90,168
07/25/2021,HVN,CT,ANE,EN,Federal Contract Tower,2,3,11,0,16,0,3,34,0,37,2,6,45,0,53,50,0,50,103
07/26/2021,HVN,CT,ANE,EN,Federal Contract Tower,2,3,22,0,27,0,13,38,0,51,2,16,60,0,78,88,0,88,166
07/27/2021,HVN,CT,ANE,EN,Federal Contract Tower,1,13,18,1,33,0,11,29,4,44,1,24,47,5,77,34,0,34,111
07/28/2021,HVN,CT,ANE,EN,Federal Contract Tower,1,9,13,0,23,0,0,27,0,27,1,9,40,0,50,30,0,30,80
07/29/2021,HVN,CT,ANE,EN,Federal Contract Tower,2,5,11,0,18,0,0,14,0,14,2,5,25,0,32,16,0,16,48
07/30/2021,HVN,CT,ANE,EN,Federal Contract Tower,2,2,18,0,22,0,4,38,0,42,2,6,56,0,64,26,0,26,90
07/31/2021,HVN,CT,ANE,EN,Federal Contract Tower,2,4,7,0,13,0,4,59,4,67,2,8,66,4,80,44,0,44,124
08/01/2021,HVN,CT,ANE,EN,Federal Contract Tower,2,2,7,0,11,0,3,46,0,49,2,5,53,0,60,64,0,64,124
08/02/2021,HVN,CT,ANE,EN,Federal Contract Tower,1,12,5,0,18,0,11,40,7,58,1,23,45,7,76,6,8,14,90
08/03/2021,HVN,CT,ANE,EN,Federal Contract Tower,0,11,6,2,19,0,5,49,1,55,0,16,55,3,74,118,0,118,192
08/04/2021,HVN,CT,ANE,EN,Federal Contract Tower,1,5,15,0,21,0,0,35,0,35,1,5,50,0,56,80,0,80,136
08/05/2021,HVN,CT,ANE,EN,Federal Contract Tower,2,3,14,0,19,0,1,16,0,17,2,4,30,0,36,72,0,72,108
08/06/2021,HVN,CT,ANE,EN,Federal Contract Tower,2,4,10,1,17,0,5,67,4,76,2,9,77,5,93,164,16,180,273
08/07/2021,HVN,CT,ANE,EN,Federal Contract Tower,2,4,5,0,11,0,2,64,0,66,2,6,69,0,77,104,0,104,181
08/08/2021,HVN,CT,ANE,EN,Federal Contract Tower,2,5,6,0,13,0,1,36,0,37,2,6,42,0,50,26,32,58,108
08/09/2021,HVN,CT,ANE,EN,Federal Contract Tower,2,4,37,0,43,0,6,21,0,27,2,10,58,0,70,42,0,42,112
08/10/2021,HVN,CT,ANE,EN,Federal Contract Tower,1,7,15,1,24,0,1,27,1,29,1,8,42,2,53,68,0,68,121
08/11/2021,HVN,CT,ANE,EN,Federal Contract Tower,1,13,22,0,36,0,0,38,0,38,1,13,60,0,74,78,0,78,152
08/12/2021,HVN,CT,ANE,EN,Federal Contract Tower,2,7,8,0,17,0,11,39,0,50,2,18,47,0,67,92,0,92,159
08/13/2021,HVN,CT,ANE,EN,Federal Contract Tower,2,7,7,0,16,0,12,38,0,50,2,19,45,0,66,32,0,32,98
08/14/2021,HVN,CT,ANE,EN,Federal Contract Tower,2,10,8,0,20,0,4,35,0,39,2,14,43,0,59,82,0,82,141
08/15/2021,HVN,CT,ANE,EN,Federal Contract Tower,2,13,6,0,21,0,0,71,2,73,2,13,77,2,94,82,0,82,176
08/16/2021,HVN,CT,ANE,EN,Federal Contract Tower,2,6,9,0,17,0,11,46,0,57,2,17,55,0,74,106,0,106,180
08/17/2021,HVN,CT,ANE,EN,Federal Contract Tower,1,4,8,0,13,0,11,41,0,52,1,15,49,0,65,144,0,144,209
08/18/2021,HVN,CT,ANE,EN,Federal Contract Tower,0,10,14,2,26,0,7,37,0,44,0,17,51,2,70,114,0,114,184
08/19/2021,HVN,CT,ANE,EN,Federal Contract Tower,1,3,7,0,11,0,1,18,0,19,1,4,25,0,30,0,0,0,30
08/20/2021,HVN,CT,ANE,EN,Federal Contract Tower,2,5,12,0,19,0,5,40,0,45,2,10,52,0,64,76,0,76,140
08/21/2021,HVN,CT,ANE,EN,Federal Contract Tower,1,5,13,0,19,0,14,18,0,32,1,19,31,0,51,110,0,110,161
08/22/2021,HVN,CT,ANE,EN,Federal Contract Tower,1,0,1,0,2,0,0,2,0,2,1,0,3,0,4,0,0,0,4
08/23/2021,HVN,CT,ANE,EN,Federal Contract Tower,2,5,16,0,23,0,0,4,3,7,2,5,20,3,30,20,0,20,50
08/24/2021,HVN,CT,ANE,EN,Federal Contract Tower,1,9,4,0,14,0,3,34,0,37,1,12,38,0,51,100,0,100,151
08/25/2021,HVN,CT,ANE,EN,Federal Contract Tower,0,7,6,0,13,0,2,65,0,67,0,9,71,0,80,186,0,186,266
08/26/2021,HVN,CT,ANE,EN,Federal Contract Tower,1,6,3,1,11,0,0,60,0,60,1,6,63,1,71,32,0,32,103
08/27/2021,HVN,CT,ANE,EN,Federal Contract Tower,2,7,13,0,22,0,66,0,0,66,2,73,13,0,88,102,0,102,190
08/28/2021,HVN,CT,ANE,EN,Federal Contract Tower,2,4,13,0,19,0,0,39,0,39,2,4,52,0,58,130,0,130,188
08/29/2021,HVN,CT,ANE,EN,Federal Contract Tower,2,4,22,0,28,0,0,38,0,38,2,4,60,0,66,52,0,52,118
08/30/2021,HVN,CT,ANE,EN,Federal Contract Tower,2,2,11,0,15,0,4,22,0,26,2,6,33,0,41,64,0,64,105
08/31/2021,HVN,CT,ANE,EN,Federal Contract Tower,1,2,9,0,12,0,3,55,0,58,1,5,64,0,70,110,0,110,180
09/01/2021,HVN,CT,ANE,EN,Federal Contract Tower,0,1,12,0,13,0,0,3,0,3,0,1,15,0,16,26,0,26,42
09/02/2021,HVN,CT,ANE,EN,Federal Contract Tower,1,11,14,0,26,0,2,36,0,38,1,13,50,0,64,18,0,18,82
09/03/2021,HVN,CT,ANE,EN,Federal Contract Tower,2,9,15,0,26,0,13,63,0,76,2,22,78,0,102,172,0,172,274
09/04/2021,HVN,CT,ANE,EN,Federal Contract Tower,2,3,5,0,10,0,4,50,2,56,2,7,55,2,66,132,0,132,198
09/05/2021,HVN,CT,ANE,EN,Federal Contract Tower,2,2,13,2,19,0,3,31,0,34,2,5,44,2,53,136,0,136,189
09/06/2021,HVN,CT,ANE,EN,Federal Contract Tower,2,3,23,0,28,0,9,71,0,80,2,12,94,0,108,110,0,110,218
09/07/2021,HVN,CT,ANE,EN,Federal Contract Tower,1,8,10,0,19,0,5,54,0,59,1,13,64,0,78,116,0,116,194
09/08/2021,HVN,CT,ANE,EN,Federal Contract Tower,0,13,13,0,26,0,3,38,0,41,0,16,51,0,67,278,0,278,345
09/09/2021,HVN,CT,ANE,EN,Federal Contract Tower,2,17,24,4,47,0,2,12,0,14,2,19,36,4,61,70,0,70,131
09/10/2021,HVN,CT,ANE,EN,Federal Contract Tower,2,15,11,2,30,0,1,52,0,53,2,16,63,2,83,132,0,132,215
09/11/2021,HVN,CT,ANE,EN,Federal Contract Tower,2,4,10,0,16,0,0,82,2,84,2,4,92,2,100,232,0,232,332
09/12/2021,HVN,CT,ANE,EN,Federal Contract Tower,2,7,9,0,18,0,3,52,0,55,2,10,61,0,73,94,0,94,167
09/13/2021,HVN,CT,ANE,EN,Federal Contract Tower,2,1,4,0,7,0,5,51,0,56,2,6,55,0,63,148,0,148,211
09/14/2021,HVN,CT,ANE,EN,Federal Contract Tower,0,4,9,0,13,0,3,58,0,61,0,7,67,0,74,184,0,184,258
09/15/2021,HVN,CT,ANE,EN,Federal Contract Tower,0,3,15,0,18,0,3,11,2,16,0,6,26,2,34,130,0,130,164
09/16/2021,HVN,CT,ANE,EN,Federal Contract Tower,2,3,6,0,11,0,2,24,0,26,2,5,30,0,37,22,0,22,59
09/17/2021,HVN,CT,ANE,EN,Federal Contract Tower,2,8,19,0,29,0,4,12,0,16,2,12,31,0,45,96,0,96,141
09/18/2021,HVN,CT,ANE,EN,Federal Contract Tower,2,1,12,0,15,0,52,2,0,54,2,53,14,0,69,172,0,172,241
09/19/2021,HVN,CT,ANE,EN,Federal Contract Tower,2,4,7,0,13,0,0,68,0,68,2,4,75,0,81,46,0,46,127
09/20/2021,HVN,CT,ANE,EN,Federal Contract Tower,2,9,15,0,26,0,2,60,2,64,2,11,75,2,90,166,0,166,256
09/21/2021,HVN,CT,ANE,EN,Federal Contract Tower,0,9,8,0,17,0,5,43,0,48,0,14,51,0,65,144,0,144,209
09/22/2021,HVN,CT,ANE,EN,Federal Contract Tower,0,9,11,0,20,0,0,14,0,14,0,9,25,0,34,50,0,50,84
09/23/2021,HVN,CT,ANE,EN,Federal Contract Tower,0,10,7,0,17,0,0,22,0,22,0,10,29,0,39,32,0,32,71
09/24/2021,HVN,CT,ANE,EN,Federal Contract Tower,2,11,16,2,31,0,0,37,0,37,2,11,53,2,68,40,0,40,108
09/25/2021,HVN,CT,ANE,EN,Federal Contract Tower,2,13,11,0,26,0,5,65,0,70,2,18,76,0,96,94,0,94,190
09/26/2021,HVN,CT,ANE,EN,Federal Contract Tower,2,21,8,0,31,0,5,50,0,55,2,26,58,0,86,162,0,162,248
09/27/2021,HVN,CT,ANE,EN,Federal Contract Tower,2,9,3,0,14,0,0,58,0,58,2,9,61,0,72,120,0,120,192
09/28/2021,HVN,CT,ANE,EN,Federal Contract Tower,0,5,4,0,9,0,1,18,2,21,0,6,22,2,30,104,0,104,134
09/29/2021,HVN,CT,ANE,EN,Federal Contract Tower,0,10,15,2,27,0,0,45,1,46,0,10,60,3,73,162,0,162,235
09/30/2021,HVN,CT,ANE,EN,Federal Contract Tower,2,9,8,0,19,0,0,34,0,34,2,9,42,0,53,164,0,164,217
10/01/2021,HVN,CT,ANE,EN,Federal Contract Tower,0,13,12,0,25,0,2,61,0,63,0,15,73,0,88,158,0,158,246
10/02/2021,HVN,CT,ANE,EN,Federal Contract Tower,0,3,5,0,8,0,0,56,0,56,0,3,61,0,64,174,0,174,238
10/03/2021,HVN,CT,ANE,EN,Federal Contract Tower,0,12,11,0,23,0,9,47,0,56,0,21,58,0,79,116,0,116,195
10/04/2021,HVN,CT,ANE,EN,Federal Contract Tower,0,5,17,0,22,0,0,0,0,0,0,5,17,0,22,0,0,0,22
10/05/2021,HVN,CT,ANE,EN,Federal Contract Tower,0,4,13,5,22,0,2,18,0,20,0,6,31,5,42,60,0,60,102
10/06/2021,HVN,CT,ANE,EN,Federal Contract Tower,0,3,21,0,24,0,1,61,0,62,0,4,82,0,86,152,0,152,238
10/07/2021,HVN,CT,ANE,EN,Federal Contract Tower,0,4,12,3,19,0,3,56,0,59,0,7,68,3,78,130,0,130,208
10/08/2021,HVN,CT,ANE,EN,Federal Contract Tower,0,15,10,0,25,0,13,47,0,60,0,28,57,0,85,100,0,100,185
10/09/2021,HVN,CT,ANE,EN,Federal Contract Tower,0,15,10,0,25,0,2,14,0,16,0,17,24,0,41,100,0,100,141
10/10/2021,HVN,CT,ANE,EN,Federal Contract Tower,0,9,18,0,27,0,6,13,0,19,0,15,31,0,46,106,0,106,152
10/11/2021,HVN,CT,ANE,EN,Federal Contract Tower,0,5,12,0,17,0,5,27,0,32,0,10,39,0,49,100,0,100,149
10/12/2021,HVN,CT,ANE,EN,Federal Contract Tower,0,7,17,0,24,0,4,44,0,48,0,11,61,0,72,104,0,104,176
10/13/2021,HVN,CT,ANE,EN,Federal Contract Tower,0,9,14,0,23,0,1,26,0,27,0,10,40,0,50,88,0,88,138
10/14/2021,HVN,CT,ANE,EN,Federal Contract Tower,0,12,18,2,32,0,1,55,0,56,0,13,73,2,88,128,0,128,216
10/15/2021,HVN,CT,ANE,EN,Federal Contract Tower,0,14,15,0,29,0,5,24,0,29,0,19,39,0,58,48,0,48,106
10/16/2021,HVN,CT,ANE,EN,Federal Contract Tower,0,4,8,0,12,0,4,28,0,32,0,8,36,0,44,104,0,104,148
10/17/2021,HVN,CT,ANE,EN,Federal Contract Tower,0,11,7,0,18,0,5,50,0,55,0,16,57,0,73,136,0,136,209
10/18/2021,HVN,CT,ANE,EN,Federal Contract Tower,0,8,7,0,15,0,4,14,0,18,0,12,21,0,33,52,0,52,85
10/19/2021,HVN,CT,ANE,EN,Federal Contract Tower,0,16,7,0,23,0,4,28,0,32,0,20,35,0,55,72,0,72,127
10/20/2021,HVN,CT,ANE,EN,Federal Contract Tower,0,3,5,0,8,0,1,32,0,33,0,4,37,0,41,122,0,122,163
10/21/2021,HVN,CT,ANE,EN,Federal Contract Tower,0,10,13,1,24,0,1,50,0,51,0,11,63,1,75,74,0,74,149
10/22/2021,HVN,CT,ANE,EN,Federal Contract Tower,0,6,5,0,11,0,1,68,0,69,0,7,73,0,80,48,0,48,128
10/23/2021,HVN,CT,ANE,EN,Federal Contract Tower,0,4,7,0,11,0,5,62,0,67,0,9,69,0,78,106,0,106,184
10/24/2021,HVN,CT,ANE,EN,Federal Contract Tower,0,13,11,0,24,0,3,68,0,71,0,16,79,0,95,238,4,242,337
10/25/2021,HVN,CT,ANE,EN,Federal Contract Tower,0,5,15,0,20,0,9,8,0,17,0,14,23,0,37,26,0,26,63
10/26/2021,HVN,CT,ANE,EN,Federal Contract Tower,1,4,5,0,10,0,0,0,0,0,1,4,5,0,10,0,0,0,10
10/27/2021,HVN,CT,ANE,EN,Federal Contract Tower,0,6,5,0,11,0,1,3,0,4,0,7,8,0,15,0,0,0,15
10/28/2021,HVN,CT,ANE,EN,Federal Contract Tower,0,8,12,2,22,0,2,44,0,46,0,10,56,2,68,64,0,64,132
10/29/2021,HVN,CT,ANE,EN,Federal Contract Tower,0,14,9,0,23,0,0,23,0,23,0,14,32,0,46,22,0,22,68
10/30/2021,HVN,CT,ANE,EN,Federal Contract Tower,0,7,4,0,11,0,0,2,0,2,0,7,6,0,13,0,0,0,13
10/31/2021,HVN,CT,ANE,EN,Federal Contract Tower,0,11,12,0,23,0,7,21,0,28,0,18,33,0,51,42,0,42,93
11/01/2021,HVN,CT,ANE,EN,Federal Contract Tower,0,17,7,0,24,0,5,36,0,41,0,22,43,0,65,30,0,30,95
11/02/2021,HVN,CT,ANE,EN,Federal Contract Tower,1,3,12,0,16,0,0,45,0,45,1,3,57,0,61,108,0,108,169
11/03/2021,HVN,CT,ANE,EN,Federal Contract Tower,2,6,7,0,15,0,0,35,0,35,2,6,42,0,50,62,0,62,112
11/04/2021,HVN,CT,ANE,EN,Federal Contract Tower,2,9,13,0,24,0,0,22,0,22,2,9,35,0,46,90,0,90,136
11/05/2021,HVN,CT,ANE,EN,Federal Contract Tower,4,14,11,2,31,0,3,49,2,54,4,17,60,4,85,70,4,74,159
11/06/2021,HVN,CT,ANE,EN,Federal Contract Tower,4,7,11,0,22,0,2,53,0,55,4,9,64,0,77,58,0,58,135
11/07/2021,HVN,CT,ANE,EN,Federal Contract Tower,4,16,13,0,33,0,5,46,0,51,4,21,59,0,84,42,0,42,126
11/08/2021,HVN,CT,ANE,EN,Federal Contract Tower,6,2,12,0,20,0,4,36,0,40,6,6,48,0,60,108,0,108,168
11/09/2021,HVN,CT,ANE,EN,Federal Contract Tower,0,6,9,2,17,0,0,50,0,50,0,6,59,2,67,84,0,84,151
11/10/2021,HVN,CT,ANE,EN,Federal Contract Tower,0,3,3,0,6,0,2,14,0,16,0,5,17,0,22,10,0,10,32
11/11/2021,HVN,CT,ANE,EN,Federal Contract Tower,6,9,13,0,28,0,4,23,0,27,6,13,36,0,55,12,0,12,67
11/12/2021,HVN,CT,ANE,EN,Federal Contract Tower,6,4,10,0,20,0,0,2,0,2,6,4,12,0,22,0,0,0,22
11/13/2021,HVN,CT,ANE,EN,Federal Contract Tower,6,1,5,1,13,0,0,27,0,27,6,1,32,1,40,6,0,6,46
11/14/2021,HVN,CT,ANE,EN,Federal Contract Tower,6,3,20,0,29,0,0,37,0,37,6,3,57,0,66,10,0,10,76
11/15/2021,HVN,CT,ANE,EN,Federal Contract Tower,5,6,9,2,22,0,0,13,0,13,5,6,22,2,35,8,0,8,43
11/16/2021,HVN,CT,ANE,EN,Federal Contract Tower,0,5,9,0,14,0,1,15,0,16,0,6,24,0,30,32,0,32,62
11/17/2021,HVN,CT,ANE,EN,Federal Contract Tower,0,2,16,0,18,0,0,24,0,24,0,2,40,0,42,42,0,42,84
11/18/2021,HVN,CT,ANE,EN,Federal Contract Tower,6,3,11,0,20,0,0,17,0,17,6,3,28,0,37,52,0,52,89
11/19/2021,HVN,CT,ANE,EN,Federal Contract Tower,7,12,23,0,42,0,0,28,2,30,7,12,51,2,72,52,2,54,126
11/20/2021,HVN,CT,ANE,EN,Federal Contract Tower,6,15,13,0,34,0,0,47,0,47,6,15,60,0,81,6,0,6,87
11/21/2021,HVN,CT,ANE,EN,Federal Contract Tower,6,10,15,0,31,0,0,30,0,30,6,10,45,0,61,28,0,28,89
11/22/2021,HVN,CT,ANE,EN,Federal Contract Tower,6,11,17,0,34,0,0,29,0,29,6,11,46,0,63,66,0,66,129
11/23/2021,HVN,CT,ANE,EN,Federal Contract Tower,6,3,11,0,20,0,2,6,0,8,6,5,17,0,28,20,0,20,48
11/24/2021,HVN,CT,ANE,EN,Federal Contract Tower,6,10,11,0,27,0,2,17,0,19,6,12,28,0,46,18,0,18,64
11/25/2021,HVN,CT,ANE,EN,Federal Contract Tower,6,2,0,0,8,0,4,8,0,12,6,6,8,0,20,16,0,16,36
11/26/2021,HVN,CT,ANE,EN,Federal Contract Tower,6,5,7,0,18,0,0,1,0,1,6,5,8,0,19,16,0,16,35
11/27/2021,HVN,CT,ANE,EN,Federal Contract Tower,6,16,6,0,28,0,0,8,0,8,6,16,14,0,36,0,0,0,36
11/28/2021,HVN,CT,ANE,EN,Federal Contract Tower,6,9,18,0,33,0,2,19,0,21,6,11,37,0,54,58,0,58,112
11/29/2021,HVN,CT,ANE,EN,Federal Contract Tower,6,2,13,0,21,0,0,20,0,20,6,2,33,0,41,20,0,20,61
11/30/2021,HVN,CT,ANE,EN,Federal Contract Tower,6,6,12,0,24,0,0,14,0,14,6,6,26,0,38,10,0,10,48
12/01/2021,HVN,CT,ANE,EN,Federal Contract Tower,0,3,9,0,12,0,3,38,7,48,0,6,47,7,60,76,2,78,138
12/02/2021,HVN,CT,ANE,EN,Federal Contract Tower,6,12,21,0,39,0,0,27,0,27,6,12,48,0,66,18,0,18,84
12/03/2021,HVN,CT,ANE,EN,Federal Contract Tower,6,3,7,0,16,0,0,16,0,16,6,3,23,0,32,0,0,0,32
12/04/2021,HVN,CT,ANE,EN,Federal Contract Tower,6,3,8,0,17,0,0,43,0,43,6,3,51,0,60,86,0,86,146
12/05/2021,HVN,CT,ANE,EN,Federal Contract Tower,6,3,10,0,19,0,0,34,0,34,6,3,44,0,53,24,0,24,77
12/06/2021,HVN,CT,ANE,EN,Federal Contract Tower,6,3,8,0,17,0,0,0,0,0,6,3,8,0,17,0,2,2,19
12/07/2021,HVN,CT,ANE,EN,Federal Contract Tower,0,11,8,0,19,0,0,11,0,11,0,11,19,0,30,60,0,60,90
12/08/2021,HVN,CT,ANE,EN,Federal Contract Tower,0,8,11,0,19,0,0,2,0,2,0,8,13,0,21,0,0,0,21
12/09/2021,HVN,CT,ANE,EN,Federal Contract Tower,6,3,11,0,20,0,0,22,2,24,6,3,33,2,44,34,2,36,80
12/10/2021,HVN,CT,ANE,EN,Federal Contract Tower,6,1,3,0,10,0,0,19,0,19,6,1,22,0,29,28,0,28,57
12/11/2021,HVN,CT,ANE,EN,Federal Contract Tower,5,1,1,0,7,0,0,0,0,0,5,1,1,0,7,0,0,0,7
12/12/2021,HVN,CT,ANE,EN,Federal Contract Tower,6,6,2,0,14,0,0,26,2,28,6,6,28,2,42,62,0,62,104
12/13/2021,HVN,CT,ANE,EN,Federal Contract Tower,6,4,6,0,16,0,2,22,0,24,6,6,28,0,40,12,0,12,52
12/14/2021,HVN,CT,ANE,EN,Federal Contract Tower,1,2,23,0,26,0,0,37,0,37,1,2,60,0,63,44,0,44,107
12/15/2021,HVN,CT,ANE,EN,Federal Contract Tower,0,7,13,2,22,0,0,16,0,16,0,7,29,2,38,28,0,28,66
12/16/2021,HVN,CT,ANE,EN,Federal Contract Tower,10,5,13,2,30,0,0,27,0,27,10,5,40,2,57,36,0,36,93
12/17/2021,HVN,CT,ANE,EN,Federal Contract Tower,9,3,3,0,15,0,0,29,2,31,9,3,32,2,46,4,0,4,50
12/18/2021,HVN,CT,ANE,EN,Federal Contract Tower,9,3,3,0,15,0,0,0,0,0,9,3,3,0,15,0,0,0,15
12/19/2021,HVN,CT,ANE,EN,Federal Contract Tower,10,2,4,0,16,0,0,15,0,15,10,2,19,0,31,18,0,18,49
12/20/2021,HVN,CT,ANE,EN,Federal Contract Tower,9,6,8,0,23,0,0,29,0,29,9,6,37,0,52,84,0,84,136
12/21/2021,HVN,CT,ANE,EN,Federal Contract Tower,8,7,15,0,30,0,0,16,1,17,8,7,31,1,47,32,2,34,81
12/22/2021,HVN,CT,ANE,EN,Federal Contract Tower,10,3,3,1,17,0,0,4,0,4,10,3,7,1,21,8,0,8,29
12/23/2021,HVN,CT,ANE,EN,Federal Contract Tower,10,12,9,1,32,0,0,31,0,31,10,12,40,1,63,12,4,16,79
12/24/2021,HVN,CT,ANE,EN,Federal Contract Tower,9,6,0,0,15,0,0,0,0,0,9,6,0,0,15,0,0,0,15
12/25/2021,HVN,CT,ANE,EN,Federal Contract Tower,9,5,0,0,14,0,0,0,0,0,9,5,0,0,14,0,0,0,14
12/26/2021,HVN,CT,ANE,EN,Federal Contract Tower,8,10,4,0,22,0,1,23,0,24,8,11,27,0,46,10,0,10,56
12/27/2021,HVN,CT,ANE,EN,Federal Contract Tower,9,9,3,0,21,0,1,15,0,16,9,10,18,0,37,46,0,46,83
12/28/2021,HVN,CT,ANE,EN,Federal Contract Tower,8,18,12,0,38,0,0,15,2,17,8,18,27,2,55,36,0,36,91
12/29/2021,HVN,CT,ANE,EN,Federal Contract Tower,10,2,4,0,16,0,0,0,0,0,10,2,4,0,16,0,0,0,16
12/30/2021,HVN,CT,ANE,EN,Federal Contract Tower,10,0,1,0,11,0,0,4,0,4,10,0,5,0,15,2,0,2,17
12/31/2021,HVN,CT,ANE,EN,Federal Contract Tower,10,0,6,0,16,0,0,2,0,2,10,0,8,0,18,20,0,20,38
01/01/2022,HVN,CT,ANE,EN,Federal Contract Tower,6,0,1,0,7,0,0,0,0,0,6,0,1,0,7,0,0,0,7
01/02/2022,HVN,CT,ANE,EN,Federal Contract Tower,10,6,5,0,21,0,0,0,0,0,10,6,5,0,21,0,0,0,21
01/03/2022,HVN,CT,ANE,EN,Federal Contract Tower,10,4,6,0,20,0,0,11,0,11,10,4,17,0,31,14,0,14,45
01/04/2022,HVN,CT,ANE,EN,Federal Contract Tower,8,1,4,0,13,0,2,36,0,38,8,3,40,0,51,44,0,44,95
01/05/2022,HVN,CT,ANE,EN,Federal Contract Tower,10,5,3,0,18,0,0,0,0,0,10,5,3,0,18,0,0,0,18
01/06/2022,HVN,CT,ANE,EN,Federal Contract Tower,8,12,6,1,27,0,0,29,0,29,8,12,35,1,56,28,4,32,88
01/07/2022,HVN,CT,ANE,EN,Federal Contract Tower,8,1,2,0,11,0,0,2,0,2,8,1,4,0,13,0,0,0,13
01/08/2022,HVN,CT,ANE,EN,Federal Contract Tower,8,3,8,0,19,0,0,28,0,28,8,3,36,0,47,46,0,46,93
01/09/2022,HVN,CT,ANE,EN,Federal Contract Tower,8,7,2,0,17,0,0,0,0,0,8,7,2,0,17,4,0,4,21
01/10/2022,HVN,CT,ANE,EN,Federal Contract Tower,11,7,2,0,20,0,0,15,0,15,11,7,17,0,35,8,4,12,47
01/11/2022,HVN,CT,ANE,EN,Federal Contract Tower,0,10,4,3,17,0,0,19,2,21,0,10,23,5,38,18,0,18,56
01/12/2022,HVN,CT,ANE,EN,Federal Contract Tower,0,0,6,0,6,0,0,8,2,10,0,0,14,2,16,2,0,2,18
01/13/2022,HVN,CT,ANE,EN,Federal Contract Tower,10,4,4,0,18,0,0,30,2,32,10,4,34,2,50,90,6,96,146
01/14/2022,HVN,CT,ANE,EN,Federal Contract Tower,9,5,5,0,19,0,1,8,4,13,9,6,13,4,32,8,0,8,40
01/15/2022,HVN,CT,ANE,EN,Federal Contract Tower,10,4,0,0,14,0,0,14,0,14,10,4,14,0,28,16,0,16,44
01/16/2022,HVN,CT,ANE,EN,Federal Contract Tower,8,2,8,0,18,0,0,30,0,30,8,2,38,0,48,52,0,52,100
01/17/2022,HVN,CT,ANE,EN,Federal Contract Tower,9,0,3,0,12,0,0,0,0,0,9,0,3,0,12,0,0,0,12
01/18/2022,HVN,CT,ANE,EN,Federal Contract Tower,3,3,4,0,10,0,1,3,0,4,3,4,7,0,14,2,0,2,16
01/19/2022,HVN,CT,ANE,EN,Federal Contract Tower,4,10,4,0,18,0,0,17,0,17,4,10,21,0,35,26,0,26,61
01/20/2022,HVN,CT,ANE,EN,Federal Contract Tower,9,9,6,0,24,0,2,0,0,2,9,11,6,0,26,4,0,4,30
01/21/2022,HVN,CT,ANE,EN,Federal Contract Tower,10,6,3,0,19,0,0,18,0,18,10,6,21,0,37,32,0,32,69
01/22/2022,HVN,CT,ANE,EN,Federal Contract Tower,10,2,7,0,19,0,0,55,0,55,10,2,62,0,74,106,0,106,180
01/23/2022,HVN,CT,ANE,EN,Federal Contract Tower,9,0,7,0,16,0,0,24,2,26,9,0,31,2,42,50,2,52,94
01/24/2022,HVN,CT,ANE,EN,Federal Contract Tower,11,4,3,0,18,0,0,15,0,15,11,4,18,0,33,4,2,6,39
01/25/2022,HVN,CT,ANE,EN,Federal Contract Tower,4,0,14,0,18,0,0,17,0,17,4,0,31,0,35,38,0,38,73
01/26/2022,HVN,CT,ANE,EN,Federal Contract Tower,4,3,4,0,11,0,0,10,0,10,4,3,14,0,21,12,0,12,33
01/27/2022,HVN,CT,ANE,EN,Federal Contract Tower,10,5,9,0,24,0,0,32,0,32,10,5,41,0,56,18,0,18,74
01/28/2022,HVN,CT,ANE,EN,Federal Contract Tower,9,3,4,0,16,0,0,0,0,0,9,3,4,0,16,0,0,0,16
01/29/2022,HVN,CT,ANE,EN,Federal Contract Tower,0,0,0,0,0,0,0,0,0,0,0,0,0,0,0,0,0,0,0
01/30/2022,HVN,CT,ANE,EN,Federal Contract Tower,7,4,6,0,17,0,0,16,0,16,7,4,22,0,33,12,4,16,49
01/31/2022,HVN,CT,ANE,EN,Federal Contract Tower,11,2,10,0,23,0,0,20,0,20,11,2,30,0,43,44,0,44,87
02/01/2022,HVN,CT,ANE,EN,Federal Contract Tower,4,4,3,0,11,0,0,9,0,9,4,4,12,0,20,10,0,10,30
02/02/2022,HVN,CT,ANE,EN,Federal Contract Tower,4,2,4,2,12,0,0,5,2,7,4,2,9,4,19,0,2,2,21
02/03/2022,HVN,CT,ANE,EN,Federal Contract Tower,13,6,2,0,21,0,0,0,0,0,13,6,2,0,21,0,0,0,21
02/04/2022,HVN,CT,ANE,EN,Federal Contract Tower,12,2,0,0,14,0,0,0,0,0,12,2,0,0,14,0,0,0,14
02/05/2022,HVN,CT,ANE,EN,Federal Contract Tower,9,8,1,0,18,0,0,9,0,9,9,8,10,0,27,0,0,0,27
02/06/2022,HVN,CT,ANE,EN,Federal Contract Tower,9,7,8,0,24,0,0,55,0,55,9,7,63,0,79,58,0,58,137
02/07/2022,HVN,CT,ANE,EN,Federal Contract Tower,9,5,3,0,17,0,0,0,0,0,9,5,3,0,17,0,0,0,17
02/08/2022,HVN,CT,ANE,EN,Federal Contract Tower,4,7,3,1,15,0,0,14,1,15,4,7,17,2,30,24,0,24,54
02/09/2022,HVN,CT,ANE,EN,Federal Contract Tower,4,5,12,0,21,0,0,34,4,38,4,5,46,4,59,70,0,70,129
02/10/2022,HVN,CT,ANE,EN,Federal Contract Tower,10,4,3,0,17,0,2,12,0,14,10,6,15,0,31,0,0,0,31
02/11/2022,HVN,CT,ANE,EN,Federal Contract Tower,10,6,12,0,28,0,0,31,0,31,10,6,43,0,59,62,0,62,121
02/12/2022,HVN,CT,ANE,EN,Federal Contract Tower,10,10,3,0,23,0,0,42,0,42,10,10,45,0,65,60,0,60,125
02/13/2022,HVN,CT,ANE,EN,Federal Contract Tower,8,8,4,0,20,0,0,0,0,0,8,8,4,0,20,0,0,0,20
02/14/2022,HVN,CT,ANE,EN,Federal Contract Tower,10,6,8,0,24,0,1,6,0,7,10,7,14,0,31,0,0,0,31
02/15/2022,HVN,CT,ANE,EN,Federal Contract Tower,4,12,5,2,23,0,0,37,2,39,4,12,42,4,62,40,0,40,102
02/16/2022,HVN,CT,ANE,EN,Federal Contract Tower,4,4,12,0,20,0,0,24,0,24,4,4,36,0,44,6,0,6,50
02/17/2022,HVN,CT,ANE,EN,Federal Contract Tower,10,4,4,0,18,0,0,8,0,8,10,4,12,0,26,20,0,20,46
02/18/2022,HVN,CT,ANE,EN,Federal Contract Tower,10,5,2,0,17,0,0,3,0,3,10,5,5,0,20,0,0,0,20
02/19/2022,HVN,CT,ANE,EN,Federal Contract Tower,10,4,1,0,15,0,0,6,0,6,10,4,7,0,21,8,0,8,29
02/20/2022,HVN,CT,ANE,EN,Federal Contract Tower,9,5,5,0,19,0,1,31,4,36,9,6,36,4,55,54,0,54,109
02/21/2022,HVN,CT,ANE,EN,Federal Contract Tower,10,0,4,0,14,0,0,69,0,69,10,0,73,0,83,60,0,60,143
02/22/2022,HVN,CT,ANE,EN,Federal Contract Tower,8,2,7,0,17,0,0,0,0,0,8,2,7,0,17,0,0,0,17
02/23/2022,HVN,CT,ANE,EN,Federal Contract Tower,6,0,9,0,15,0,0,0,2,2,6,0,9,2,17,6,0,6,23
02/24/2022,HVN,CT,ANE,EN,Federal Contract Tower,9,5,10,0,24,0,0,23,0,23,9,5,33,0,47,26,0,26,73
02/25/2022,HVN,CT,ANE,EN,Federal Contract Tower,8,2,7,0,17,0,0,0,0,0,8,2,7,0,17,0,0,0,17
02/26/2022,HVN,CT,ANE,EN,Federal Contract Tower,10,2,9,0,21,0,0,53,2,55,10,2,62,2,76,30,0,30,106
02/27/2022,HVN,CT,ANE,EN,Federal Contract Tower,9,5,11,0,25,0,0,11,0,11,9,5,22,0,36,14,0,14,50
02/28/2022,HVN,CT,ANE,EN,Federal Contract Tower,10,3,7,0,20,0,0,22,0,22,10,3,29,0,42,22,0,22,64
03/01/2022,HVN,CT,ANE,EN,Federal Contract Tower,8,7,10,1,26,0,0,16,3,19,8,7,26,4,45,4,0,4,49
03/02/2022,HVN,CT,ANE,EN,Federal Contract Tower,6,6,9,0,21,0,0,21,7,28,6,6,30,7,49,110,0,110,159
03/03/2022,HVN,CT,ANE,EN,Federal Contract Tower,10,5,15,0,30,0,0,15,0,15,10,5,30,0,45,4,0,4,49
03/04/2022,HVN,CT,ANE,EN,Federal Contract Tower,10,8,7,0,25,0,0,26,0,26,10,8,33,0,51,66,0,66,117
03/05/2022,HVN,CT,ANE,EN,Federal Contract Tower,10,4,2,0,16,0,0,52,0,52,10,4,54,0,68,60,0,60,128
03/06/2022,HVN,CT,ANE,EN,Federal Contract Tower,9,0,13,0,22,0,0,1,0,1,9,0,14,0,23,0,0,0,23
03/07/2022,HVN,CT,ANE,EN,Federal Contract Tower,10,6,8,0,24,0,0,5,5,10,10,6,13,5,34,6,0,6,40
03/08/2022,HVN,CT,ANE,EN,Federal Contract Tower,7,3,8,0,18,0,0,9,2,11,7,3,17,2,29,4,6,10,39
03/09/2022,HVN,CT,ANE,EN,Federal Contract Tower,6,4,11,0,21,0,0,0,0,0,6,4,11,0,21,0,0,0,21
03/10/2022,HVN,CT,ANE,EN,Federal Contract Tower,10,4,11,0,25,0,0,51,0,51,10,4,62,0,76,40,0,40,116
03/11/2022,HVN,CT,ANE,EN,Federal Contract Tower,8,1,3,0,12,0,0,35,0,35,8,1,38,0,47,72,0,72,119
03/12/2022,HVN,CT,ANE,EN,Federal Contract Tower,10,1,2,0,13,0,0,0,0,0,10,1,2,0,13,0,0,0,13
03/13/2022,HVN,CT,ANE,EN,Federal Contract Tower,10,8,3,0,21,0,0,4,0,4,10,8,7,0,25,48,0,48,73
03/14/2022,HVN,CT,ANE,EN,Federal Contract Tower,10,9,17,0,36,0,0,27,0,27,10,9,44,0,63,30,2,32,95
03/15/2022,HVN,CT,ANE,EN,Federal Contract Tower,8,2,8,0,18,0,0,28,2,30,8,2,36,2,48,26,0,26,74
03/16/2022,HVN,CT,ANE,EN,Federal Contract Tower,6,3,7,0,16,0,0,21,2,23,6,3,28,2,39,32,4,36,75
03/17/2022,HVN,CT,ANE,EN,Federal Contract Tower,10,2,8,0,20,0,0,0,0,0,10,2,8,0,20,0,0,0,20
03/18/2022,HVN,CT,ANE,EN,Federal Contract Tower,10,7,13,0,30,0,0,23,0,23,10,7,36,0,53,44,0,44,97
03/19/2022,HVN,CT,ANE,EN,Federal Contract Tower,10,2,1,0,13,0,0,0,0,0,10,2,1,0,13,0,0,0,13
03/20/2022,HVN,CT,ANE,EN,Federal Contract Tower,9,3,12,0,24,0,0,28,0,28,9,3,40,0,52,84,0,84,136
03/21/2022,HVN,CT,ANE,EN,Federal Contract Tower,10,6,11,0,27,0,0,17,0,17,10,6,28,0,44,10,0,10,54
03/22/2022,HVN,CT,ANE,EN,Federal Contract Tower,8,7,8,0,23,0,1,10,0,11,8,8,18,0,34,4,0,4,38
03/23/2022,HVN,CT,ANE,EN,Federal Contract Tower,6,4,1,2,13,0,3,21,0,24,6,7,22,2,37,36,0,36,73
03/24/2022,HVN,CT,ANE,EN,Federal Contract Tower,9,4,7,0,20,0,0,0,0,0,9,4,7,0,20,0,0,0,20
03/25/2022,HVN,CT,ANE,EN,Federal Contract Tower,10,4,17,0,31,0,0,15,0,15,10,4,32,0,46,62,0,62,108
03/26/2022,HVN,CT,ANE,EN,Federal Contract Tower,10,0,8,0,18,0,0,19,0,19,10,0,27,0,37,68,0,68,105
03/27/2022,HVN,CT,ANE,EN,Federal Contract Tower,10,7,6,0,23,0,0,7,4,11,10,7,13,4,34,2,0,2,36
03/28/2022,HVN,CT,ANE,EN,Federal Contract Tower,10,1,4,0,15,0,0,4,0,4,10,1,8,0,19,4,0,4,23
03/29/2022,HVN,CT,ANE,EN,Federal Contract Tower,8,5,7,0,20,0,2,20,0,22,8,7,27,0,42,2,0,2,44
03/30/2022,HVN,CT,ANE,EN,Federal Contract Tower,6,6,5,0,17,0,0,21,2,23,6,6,26,2,40,34,0,34,74
03/31/2022,HVN,CT,ANE,EN,Federal Contract Tower,9,3,18,0,30,0,0,0,0,0,9,3,18,0,30,0,0,0,30
04/01/2022,HVN,CT,ANE,EN,Federal Contract Tower,10,8,6,0,24,0,0,12,0,12,10,8,18,0,36,0,0,0,36
04/02/2022,HVN,CT,ANE,EN,Federal Contract Tower,8,2,8,0,18,0,0,30,0,30,8,2,38,0,48,82,0,82,130
04/03/2022,HVN,CT,ANE,EN,Federal Contract Tower,10,6,2,0,18,0,0,0,0,0,10,6,2,0,18,2,0,2,20
04/04/2022,HVN,CT,ANE,EN,Federal Contract Tower,8,0,12,0,20,0,0,17,0,17,8,0,29,0,37,46,0,46,83
04/05/2022,HVN,CT,ANE,EN,Federal Contract Tower,6,5,14,0,25,0,2,33,0,35,6,7,47,0,60,24,0,24,84
04/06/2022,HVN,CT,ANE,EN,Federal Contract Tower,5,7,12,0,24,0,0,0,0,0,5,7,12,0,24,0,0,0,24
04/07/2022,HVN,CT,ANE,EN,Federal Contract Tower,9,4,5,0,18,0,0,0,0,0,9,4,5,0,18,0,0,0,18
04/08/2022,HVN,CT,ANE,EN,Federal Contract Tower,12,7,23,0,42,0,0,23,2,25,12,7,46,2,67,84,0,84,151
04/09/2022,HVN,CT,ANE,EN,Federal Contract Tower,10,2,8,0,20,0,0,17,0,17,10,2,25,0,37,12,0,12,49
04/10/2022,HVN,CT,ANE,EN,Federal Contract Tower,9,32,20,0,61,0,2,16,0,18,9,34,36,0,79,30,0,30,109
04/11/2022,HVN,CT,ANE,EN,Federal Contract Tower,10,6,6,0,22,0,2,40,0,42,10,8,46,0,64,60,4,64,128
04/12/2022,HVN,CT,ANE,EN,Federal Contract Tower,8,6,10,1,25,0,2,20,0,22,8,8,30,1,47,28,2,30,77
04/13/2022,HVN,CT,ANE,EN,Federal Contract Tower,8,6,6,0,20,0,0,36,2,38,8,6,42,2,58,74,0,74,132
04/14/2022,HVN,CT,ANE,EN,Federal Contract Tower,10,7,15,1,33,0,3,6,2,11,10,10,21,3,44,12,0,12,56
04/15/2022,HVN,CT,ANE,EN,Federal Contract Tower,12,6,2,0,20,0,0,12,0,12,12,6,14,0,32,92,0,92,124
04/16/2022,HVN,CT,ANE,EN,Federal Contract Tower,11,8,7,0,26,0,1,22,0,23,11,9,29,0,49,16,0,16,65
04/17/2022,HVN,CT,ANE,EN,Federal Contract Tower,10,8,1,0,19,0,0,16,0,16,10,8,17,0,35,18,0,18,53
04/18/2022,HVN,CT,ANE,EN,Federal Contract Tower,9,8,11,0,28,0,0,12,0,12,9,8,23,0,40,14,0,14,54
04/19/2022,HVN,CT,ANE,EN,Federal Contract Tower,8,6,8,0,22,0,0,0,0,0,8,6,8,0,22,0,0,0,22
04/20/2022,HVN,CT,ANE,EN,Federal Contract Tower,5,6,11,0,22,0,0,17,0,17,5,6,28,0,39,0,0,0,39
04/21/2022,HVN,CT,ANE,EN,Federal Contract Tower,9,9,14,0,32,0,3,25,0,28,9,12,39,0,60,52,0,52,112
04/22/2022,HVN,CT,ANE,EN,Federal Contract Tower,12,4,11,0,27,0,0,27,1,28,12,4,38,1,55,14,2,16,71
04/23/2022,HVN,CT,ANE,EN,Federal Contract Tower,10,7,6,0,23,0,1,53,0,54,10,8,59,0,77,116,0,116,193
04/24/2022,HVN,CT,ANE,EN,Federal Contract Tower,10,10,2,0,22,0,0,28,2,30,10,10,30,2,52,52,0,52,104
04/25/2022,HVN,CT,ANE,EN,Federal Contract Tower,10,5,10,0,25,0,0,30,0,30,10,5,40,0,55,50,0,50,105
04/26/2022,HVN,CT,ANE,EN,Federal Contract Tower,2,8,4,2,16,0,0,0,0,0,2,8,4,2,16,0,0,0,16
04/27/2022,HVN,CT,ANE,EN,Federal Contract Tower,5,5,5,0,15,0,2,11,2,15,5,7,16,2,30,2,0,2,32
04/28/2022,HVN,CT,ANE,EN,Federal Contract Tower,12,12,8,1,33,0,0,4,1,5,12,12,12,2,38,0,0,0,38
04/29/2022,HVN,CT,ANE,EN,Federal Contract Tower,10,6,17,2,35,0,0,14,0,14,10,6,31,2,49,12,4,16,65
04/30/2022,HVN,CT,ANE,EN,Federal Contract Tower,10,5,8,0,23,0,0,41,0,41,10,5,49,0,64,92,0,92,156
05/01/2022,HVN,CT,ANE,EN,Federal Contract Tower,10,10,13,0,33,0,0,45,0,45,10,10,58,0,78,108,0,108,186
05/02/2022,HVN,CT,ANE,EN,Federal Contract Tower,10,9,10,0,29,0,0,0,0,0,10,9,10,0,29,2,0,2,31
05/03/2022,HVN,CT,ANE,EN,Federal Contract Tower,2,7,13,0,22,0,0,2,0,2,2,7,15,0,24,2,0,2,26
05/04/2022,HVN,CT,ANE,EN,Federal Contract Tower,5,6,10,0,21,0,0,2,0,2,5,6,12,0,23,0,0,0,23
05/05/2022,HVN,CT,ANE,EN,Federal Contract Tower,16,4,15,0,35,0,0,55,0,55,16,4,70,0,90,54,0,54,144
05/06/2022,HVN,CT,ANE,EN,Federal Contract Tower,14,3,15,0,32,0,0,9,0,9,14,3,24,0,41,74,0,74,115
05/07/2022,HVN,CT,ANE,EN,Federal Contract Tower,16,3,2,0,21,0,0,0,0,0,16,3,2,0,21,0,0,0,21
05/08/2022,HVN,CT,ANE,EN,Federal Contract Tower,14,4,8,0,26,0,0,2,0,2,14,4,10,0,28,0,0,0,28
05/09/2022,HVN,CT,ANE,EN,Federal Contract Tower,15,6,13,0,34,0,0,11,0,11,15,6,24,0,45,8,0,8,53
05/10/2022,HVN,CT,ANE,EN,Federal Contract Tower,11,3,13,0,27,0,0,18,0,18,11,3,31,0,45,10,0,10,55
05/11/2022,HVN,CT,ANE,EN,Federal Contract Tower,7,5,11,0,23,0,0,24,2,26,7,5,35,2,49,86,8,94,143
05/12/2022,HVN,CT,ANE,EN,Federal Contract Tower,16,16,22,0,54,0,0,32,0,32,16,16,54,0,86,56,0,56,142
05/13/2022,HVN,CT,ANE,EN,Federal Contract Tower,14,17,17,0,48,0,0,5,0,5,14,17,22,0,53,8,0,8,61
05/14/2022,HVN,CT,ANE,EN,Federal Contract Tower,17,14,19,1,51,0,0,13,0,13,17,14,32,1,64,30,6,36,100
05/15/2022,HVN,CT,ANE,EN,Federal Contract Tower,15,12,16,0,43,0,0,24,0,24,15,12,40,0,67,4,0,4,71
05/16/2022,HVN,CT,ANE,EN,Federal Contract Tower,14,3,6,0,23,0,0,11,0,11,14,3,17,0,34,26,0,26,60
05/17/2022,HVN,CT,ANE,EN,Federal Contract Tower,12,5,9,0,26,0,3,49,0,52,12,8,58,0,78,12,0,12,90
05/18/2022,HVN,CT,ANE,EN,Federal Contract Tower,8,2,15,0,25,0,0,43,0,43,8,2,58,0,68,28,0,28,96
05/19/2022,HVN,CT,ANE,EN,Federal Contract Tower,14,10,15,1,40,0,0,4,0,4,14,10,19,1,44,0,0,0,44
05/20/2022,HVN,CT,ANE,EN,Federal Contract Tower,13,11,15,0,39,0,0,12,0,12,13,11,27,0,51,0,0,0,51
05/21/2022,HVN,CT,ANE,EN,Federal Contract Tower,19,7,3,0,29,0,0,30,0,30,19,7,33,0,59,88,0,88,147
05/22/2022,HVN,CT,ANE,EN,Federal Contract Tower,16,8,12,2,38,0,2,24,0,26,16,10,36,2,64,56,0,56,120
05/23/2022,HVN,CT,ANE,EN,Federal Contract Tower,16,19,13,0,48,0,7,38,2,47,16,26,51,2,95,8,0,8,103
05/24/2022,HVN,CT,ANE,EN,Federal Contract Tower,11,10,21,0,42,0,0,19,0,19,11,10,40,0,61,22,0,22,83
05/25/2022,HVN,CT,ANE,EN,Federal Contract Tower,8,9,12,1,30,0,0,36,1,37,8,9,48,2,67,108,0,108,175
05/26/2022,HVN,CT,ANE,EN,Federal Contract Tower,22,8,12,0,42,0,6,45,0,51,22,14,57,0,93,40,0,40,133
05/27/2022,HVN,CT,ANE,EN,Federal Contract Tower,24,6,7,0,37,0,0,3,0,3,24,6,10,0,40,0,0,0,40
05/28/2022,HVN,CT,ANE,EN,Federal Contract Tower,19,9,7,0,35,0,0,2,0,2,19,9,9,0,37,4,0,4,41
05/29/2022,HVN,CT,ANE,EN,Federal Contract Tower,18,5,9,0,32,0,0,37,0,37,18,5,46,0,69,40,0,40,109
05/30/2022,HVN,CT,ANE,EN,Federal Contract Tower,18,2,15,0,35,0,16,53,1,70,18,18,68,1,105,46,4,50,155
05/31/2022,HVN,CT,ANE,EN,Federal Contract Tower,16,2,5,0,23,0,2,24,0,26,16,4,29,0,49,2,0,2,51
06/01/2022,HVN,CT,ANE,EN,Federal Contract Tower,10,6,7,0,23,0,1,10,0,11,10,7,17,0,34,0,0,0,34
06/02/2022,HVN,CT,ANE,EN,Federal Contract Tower,23,6,15,0,44,0,0,1,0,1,23,6,16,0,45,0,0,0,45
06/03/2022,HVN,CT,ANE,EN,Federal Contract Tower,18,5,15,0,38,0,0,24,0,24,18,5,39,0,62,14,6,20,82
06/04/2022,HVN,CT,ANE,EN,Federal Contract Tower,19,4,9,0,32,0,2,40,0,42,19,6,49,0,74,16,0,16,90
06/05/2022,HVN,CT,ANE,EN,Federal Contract Tower,21,14,9,0,44,0,0,64,0,64,21,14,73,0,108,20,0,20,128
06/06/2022,HVN,CT,ANE,EN,Federal Contract Tower,20,4,6,0,30,0,6,40,1,47,20,10,46,1,77,8,0,8,85
06/07/2022,HVN,CT,ANE,EN,Federal Contract Tower,10,5,4,0,19,0,4,16,0,20,10,9,20,0,39,14,0,14,53
06/08/2022,HVN,CT,ANE,EN,Federal Contract Tower,9,5,6,0,20,0,0,22,0,22,9,5,28,0,42,16,4,20,62
06/09/2022,HVN,CT,ANE,EN,Federal Contract Tower,21,7,16,0,44,0,1,13,0,14,21,8,29,0,58,4,0,4,62
06/10/2022,HVN,CT,ANE,EN,Federal Contract Tower,22,14,9,0,45,0,8,60,0,68,22,22,69,0,113,4,0,4,117
06/11/2022,HVN,CT,ANE,EN,Federal Contract Tower,17,1,5,0,23,0,3,36,0,39,17,4,41,0,62,8,4,12,74
06/12/2022,HVN,CT,ANE,EN,Federal Contract Tower,19,6,9,0,34,0,8,12,0,20,19,14,21,0,54,2,0,2,56
06/13/2022,HVN,CT,ANE,EN,Federal Contract Tower,20,11,10,0,41,0,5,19,0,24,20,16,29,0,65,22,0,22,87
06/14/2022,HVN,CT,ANE,EN,Federal Contract Tower,11,4,8,0,23,0,2,33,1,36,11,6,41,1,59,44,0,44,103
06/15/2022,HVN,CT,ANE,EN,Federal Contract Tower,9,5,2,4,20,0,2,35,0,37,9,7,37,4,57,16,0,16,73
06/16/2022,HVN,CT,ANE,EN,Federal Contract Tower,22,12,6,0,40,0,3,36,0,39,22,15,42,0,79,0,0,0,79
06/17/2022,HVN,CT,ANE,EN,Federal Contract Tower,24,11,15,0,50,0,0,28,0,28,24,11,43,0,78,4,0,4,82
06/18/2022,HVN,CT,ANE,EN,Federal Contract Tower,24,9,14,1,48,0,0,19,0,19,24,9,33,1,67,10,2,12,79
06/19/2022,HVN,CT,ANE,EN,Federal Contract Tower,23,8,10,0,41,0,5,16,0,21,23,13,26,0,62,28,0,28,90
06/20/2022,HVN,CT,ANE,EN,Federal Contract Tower,26,6,8,0,40,0,5,55,1,61,26,11,63,1,101,56,0,56,157
06/21/2022,HVN,CT,ANE,EN,Federal Contract Tower,13,4,4,0,21,0,0,24,2,26,13,4,28,2,47,40,0,40,87
06/22/2022,HVN,CT,ANE,EN,Federal Contract Tower,14,12,16,0,42,0,0,5,0,5,14,12,21,0,47,0,0,0,47
06/23/2022,HVN,CT,ANE,EN,Federal Contract Tower,26,12,15,2,55,0,0,26,0,26,26,12,41,2,81,20,0,20,101
06/24/2022,HVN,CT,ANE,EN,Federal Contract Tower,22,9,18,0,49,0,0,31,0,31,22,9,49,0,80,8,0,8,88
06/25/2022,HVN,CT,ANE,EN,Federal Contract Tower,25,10,4,0,39,0,0,26,0,26,25,10,30,0,65,2,0,2,67
06/26/2022,HVN,CT,ANE,EN,Federal Contract Tower,24,5,6,0,35,0,4,40,0,44,24,9,46,0,79,8,0,8,87
06/27/2022,HVN,CT,ANE,EN,Federal Contract Tower,25,6,13,0,44,0,2,10,0,12,25,8,23,0,56,0,0,0,56
06/28/2022,HVN,CT,ANE,EN,Federal Contract Tower,12,2,4,0,18,0,6,46,0,52,12,8,50,0,70,26,0,26,96
06/29/2022,HVN,CT,ANE,EN,Federal Contract Tower,15,3,15,0,33,0,1,27,0,28,15,4,42,0,61,60,0,60,121
06/30/2022,HVN,CT,ANE,EN,Federal Contract Tower,26,8,7,0,41,0,4,51,0,55,26,12,58,0,96,56,0,56,152
07/01/2022,HVN,CT,ANE,EN,Federal Contract Tower,26,1,9,0,36,0,0,63,0,63,26,1,72,0,99,100,0,100,199
07/02/2022,HVN,CT,ANE,EN,Federal Contract Tower,23,2,5,0,30,0,0,14,0,14,23,2,19,0,44,4,0,4,48
07/03/2022,HVN,CT,ANE,EN,Federal Contract Tower,21,0,5,0,26,0,0,33,0,33,21,0,38,0,59,14,0,14,73
07/04/2022,HVN,CT,ANE,EN,Federal Contract Tower,24,6,2,0,32,0,5,41,0,46,24,11,43,0,78,22,0,22,100
07/05/2022,HVN,CT,ANE,EN,Federal Contract Tower,26,3,14,0,43,0,1,23,0,24,26,4,37,0,67,72,0,72,139
07/06/2022,HVN,CT,ANE,EN,Federal Contract Tower,12,6,16,0,34,0,5,30,0,35,12,11,46,0,69,26,0,26,95
07/07/2022,HVN,CT,ANE,EN,Federal Contract Tower,28,13,8,0,49,0,3,29,0,32,28,16,37,0,81,26,0,26,107
07/08/2022,HVN,CT,ANE,EN,Federal Contract Tower,26,6,7,0,39,0,0,43,0,43,26,6,50,0,82,20,0,20,102
07/09/2022,HVN,CT,ANE,EN,Federal Contract Tower,22,5,6,0,33,0,3,48,0,51,22,8,54,0,84,24,0,24,108
07/10/2022,HVN,CT,ANE,EN,Federal Contract Tower,26,2,2,0,30,0,3,35,0,38,26,5,37,0,68,6,0,6,74
07/11/2022,HVN,CT,ANE,EN,Federal Contract Tower,27,7,5,0,39,0,1,36,0,37,27,8,41,0,76,4,0,4,80
07/12/2022,HVN,CT,ANE,EN,Federal Contract Tower,7,7,6,0,20,0,1,17,2,20,7,8,23,2,40,28,0,28,68
07/13/2022,HVN,CT,ANE,EN,Federal Contract Tower,12,2,11,0,25,0,6,31,0,37,12,8,42,0,62,38,0,38,100
07/14/2022,HVN,CT,ANE,EN,Federal Contract Tower,28,3,6,2,39,0,14,23,0,37,28,17,29,2,76,32,2,34,110
07/15/2022,HVN,CT,ANE,EN,Federal Contract Tower,25,4,16,0,45,0,7,57,0,64,25,11,73,0,109,34,0,34,143
07/16/2022,HVN,CT,ANE,EN,Federal Contract Tower,24,2,11,2,39,0,1,25,0,26,24,3,36,2,65,44,0,44,109
07/17/2022,HVN,CT,ANE,EN,Federal Contract Tower,29,5,8,0,42,0,5,37,0,42,29,10,45,0,84,6,0,6,90
07/18/2022,HVN,CT,ANE,EN,Federal Contract Tower,25,4,17,0,46,0,0,1,0,1,25,4,18,0,47,0,0,0,47
07/19/2022,HVN,CT,ANE,EN,Federal Contract Tower,7,7,8,0,22,0,4,30,0,34,7,11,38,0,56,40,0,40,96
07/20/2022,HVN,CT,ANE,EN,Federal Contract Tower,12,5,13,3,33,0,6,47,0,53,12,11,60,3,86,8,0,8,94
07/21/2022,HVN,CT,ANE,EN,Federal Contract Tower,28,9,10,1,48,0,14,20,2,36,28,23,30,3,84,22,0,22,106
07/22/2022,HVN,CT,ANE,EN,Federal Contract Tower,26,2,5,0,33,0,3,51,0,54,26,5,56,0,87,54,0,54,141
07/23/2022,HVN,CT,ANE,EN,Federal Contract Tower,25,1,8,0,34,0,7,33,0,40,25,8,41,0,74,28,0,28,102
07/24/2022,HVN,CT,ANE,EN,Federal Contract Tower,27,4,10,0,41,0,3,26,0,29,27,7,36,0,70,18,0,18,88
07/25/2022,HVN,CT,ANE,EN,Federal Contract Tower,25,2,15,0,42,0,5,12,0,17,25,7,27,0,59,6,0,6,65
07/26/2022,HVN,CT,ANE,EN,Federal Contract Tower,6,4,9,0,19,0,0,45,2,47,6,4,54,2,66,2,4,6,72
07/27/2022,HVN,CT,ANE,EN,Federal Contract Tower,11,3,6,0,20,0,13,27,0,40,11,16,33,0,60,2,0,2,62
07/28/2022,HVN,CT,ANE,EN,Federal Contract Tower,27,5,8,0,40,0,0,16,2,18,27,5,24,2,58,20,0,20,78
07/29/2022,HVN,CT,ANE,EN,Federal Contract Tower,26,6,8,0,40,0,5,40,0,45,26,11,48,0,85,14,0,14,99
07/30/2022,HVN,CT,ANE,EN,Federal Contract Tower,25,8,13,0,46,0,6,60,0,66,25,14,73,0,112,10,0,10,122
07/31/2022,HVN,CT,ANE,EN,Federal Contract Tower,28,8,10,0,46,0,5,41,0,46,28,13,51,0,92,52,0,52,144
08/01/2022,HVN,CT,ANE,EN,Federal Contract Tower,24,5,8,0,37,0,10,7,0,17,24,15,15,0,54,4,0,4,58
08/02/2022,HVN,CT,ANE,EN,Federal Contract Tower,5,4,13,4,26,0,6,39,1,46,5,10,52,5,72,22,4,26,98
08/03/2022,HVN,CT,ANE,EN,Federal Contract Tower,11,2,12,0,25,0,3,33,0,36,11,5,45,0,61,4,0,4,65
08/04/2022,HVN,CT,ANE,EN,Federal Contract Tower,24,9,11,2,46,0,0,51,0,51,24,9,62,2,97,2,0,2,99
08/05/2022,HVN,CT,ANE,EN,Federal Contract Tower,23,3,7,0,33,0,6,35,0,41,23,9,42,0,74,18,0,18,92
08/06/2022,HVN,CT,ANE,EN,Federal Contract Tower,22,9,5,0,36,0,0,14,0,14,22,9,19,0,50,14,0,14,64
08/07/2022,HVN,CT,ANE,EN,Federal Contract Tower,25,10,4,2,41,0,0,30,3,33,25,10,34,5,74,0,0,0,74
08/08/2022,HVN,CT,ANE,EN,Federal Contract Tower,27,3,8,0,38,0,5,16,0,21,27,8,24,0,59,2,0,2,61
08/09/2022,HVN,CT,ANE,EN,Federal Contract Tower,8,4,6,0,18,0,6,14,0,20,8,10,20,0,38,2,0,2,40
08/10/2022,HVN,CT,ANE,EN,Federal Contract Tower,13,5,11,0,29,0,8,33,2,43,13,13,44,2,72,10,0,10,82
08/11/2022,HVN,CT,ANE,EN,Federal Contract Tower,25,7,5,0,37,0,0,34,0,34,25,7,39,0,71,8,0,8,79
08/12/2022,HVN,CT,ANE,EN,Federal Contract Tower,26,0,20,0,46,0,13,55,0,68,26,13,75,0,114,22,0,22,136
08/13/2022,HVN,CT,ANE,EN,Federal Contract Tower,23,1,12,0,36,0,0,58,0,58,23,1,70,0,94,22,0,22,116
08/14/2022,HVN,CT,ANE,EN,Federal Contract Tower,28,4,8,0,40,0,7,46,0,53,28,11,54,0,93,26,0,26,119
08/15/2022,HVN,CT,ANE,EN,Federal Contract Tower,27,2,10,0,39,0,5,26,0,31,27,7,36,0,70,16,0,16,86
08/16/2022,HVN,CT,ANE,EN,Federal Contract Tower,6,6,10,0,22,0,8,42,2,52,6,14,52,2,74,22,0,22,96
08/17/2022,HVN,CT,ANE,EN,Federal Contract Tower,13,3,9,0,25,0,0,27,0,27,13,3,36,0,52,8,0,8,60
08/18/2022,HVN,CT,ANE,EN,Federal Contract Tower,28,3,11,0,42,0,6,55,0,61,28,9,66,0,103,24,0,24,127
08/19/2022,HVN,CT,ANE,EN,Federal Contract Tower,26,7,6,0,39,0,8,51,0,59,26,15,57,0,98,28,0,28,126
08/20/2022,HVN,CT,ANE,EN,Federal Contract Tower,24,8,5,0,37,0,4,38,0,42,24,12,43,0,79,2,2,4,83
08/21/2022,HVN,CT,ANE,EN,Federal Contract Tower,28,14,16,0,58,0,10,37,0,47,28,24,53,0,105,8,0,8,113
08/22/2022,HVN,CT,ANE,EN,Federal Contract Tower,26,10,10,0,46,0,2,2,0,4,26,12,12,0,50,0,0,0,50
08/23/2022,HVN,CT,ANE,EN,Federal Contract Tower,6,5,18,3,32,0,6,15,0,21,6,11,33,3,53,0,0,0,53
08/24/2022,HVN,CT,ANE,EN,Federal Contract Tower,12,6,11,0,29,0,6,32,2,40,12,12,43,2,69,0,10,10,79
08/25/2022,HVN,CT,ANE,EN,Federal Contract Tower,28,12,10,0,50,0,4,41,0,45,28,16,51,0,95,56,0,56,151
08/26/2022,HVN,CT,ANE,EN,Federal Contract Tower,25,1,9,0,35,0,7,28,2,37,25,8,37,2,72,10,0,10,82
08/27/2022,HVN,CT,ANE,EN,Federal Contract Tower,17,0,2,0,19,0,3,9,0,12,17,3,11,0,31,10,0,10,41
08/28/2022,HVN,CT,ANE,EN,Federal Contract Tower,30,6,14,0,50,0,8,19,0,27,30,14,33,0,77,14,0,14,91
08/29/2022,HVN,CT,ANE,EN,Federal Contract Tower,25,13,11,0,49,0,0,24,4,28,25,13,35,4,77,28,0,28,105
08/30/2022,HVN,CT,ANE,EN,Federal Contract Tower,5,2,2,1,10,0,4,10,0,14,5,6,12,1,24,0,2,2,26
08/31/2022,HVN,CT,ANE,EN,Federal Contract Tower,12,5,11,0,28,0,0,17,0,17,12,5,28,0,45,2,0,2,47
09/01/2022,HVN,CT,ANE,EN,Federal Contract Tower,27,9,13,0,49,0,3,40,0,43,27,12,53,0,92,20,0,20,112
09/02/2022,HVN,CT,ANE,EN,Federal Contract Tower,28,5,8,0,41,0,9,44,0,53,28,14,52,0,94,12,0,12,106
09/03/2022,HVN,CT,ANE,EN,Federal Contract Tower,20,2,6,0,28,0,3,25,0,28,20,5,31,0,56,28,0,28,84
09/04/2022,HVN,CT,ANE,EN,Federal Contract Tower,26,12,4,0,42,0,1,28,0,29,26,13,32,0,71,6,0,6,77
09/05/2022,HVN,CT,ANE,EN,Federal Contract Tower,27,13,12,0,52,0,7,9,0,16,27,20,21,0,68,0,0,0,68
09/06/2022,HVN,CT,ANE,EN,Federal Contract Tower,23,17,24,0,64,0,0,0,0,0,23,17,24,0,64,0,0,0,64
09/07/2022,HVN,CT,ANE,EN,Federal Contract Tower,10,10,21,0,41,0,5,13,2,20,10,15,34,2,61,0,0,0,61
09/08/2022,HVN,CT,ANE,EN,Federal Contract Tower,23,11,9,0,43,0,2,49,0,51,23,13,58,0,94,2,0,2,96
09/09/2022,HVN,CT,ANE,EN,Federal Contract Tower,23,6,11,0,40,0,0,42,0,42,23,6,53,0,82,0,0,0,82
09/10/2022,HVN,CT,ANE,EN,Federal Contract Tower,20,4,3,0,27,0,1,20,0,21,20,5,23,0,48,0,0,0,48
09/11/2022,HVN,CT,ANE,EN,Federal Contract Tower,25,6,9,0,40,0,10,43,0,53,25,16,52,0,93,2,0,2,95
09/12/2022,HVN,CT,ANE,EN,Federal Contract Tower,29,5,17,0,51,0,0,16,0,16,29,5,33,0,67,2,0,2,69
09/13/2022,HVN,CT,ANE,EN,Federal Contract Tower,2,14,1,0,17,0,0,5,0,5,2,14,6,0,22,0,0,0,22
09/14/2022,HVN,CT,ANE,EN,Federal Contract Tower,8,9,8,0,25,0,0,27,0,27,8,9,35,0,52,0,0,0,52
09/15/2022,HVN,CT,ANE,EN,Federal Contract Tower,25,5,13,2,45,0,5,25,0,30,25,10,38,2,75,10,0,10,85
09/16/2022,HVN,CT,ANE,EN,Federal Contract Tower,24,4,17,0,45,0,4,47,0,51,24,8,64,0,96,12,0,12,108
09/17/2022,HVN,CT,ANE,EN,Federal Contract Tower,18,4,7,0,29,0,8,42,4,54,18,12,49,4,83,8,2,10,93
09/18/2022,HVN,CT,ANE,EN,Federal Contract Tower,19,8,9,0,36,0,6,25,1,32,19,14,34,1,68,2,0,2,70
09/19/2022,HVN,CT,ANE,EN,Federal Contract Tower,25,11,10,0,46,0,12,32,0,44,25,23,42,0,90,6,0,6,96
09/20/2022,HVN,CT,ANE,EN,Federal Contract Tower,5,10,5,0,20,0,4,39,0,43,5,14,44,0,63,4,0,4,67
09/21/2022,HVN,CT,ANE,EN,Federal Contract Tower,7,6,14,0,27,0,0,38,4,42,7,6,52,4,69,0,0,0,69
09/22/2022,HVN,CT,ANE,EN,Federal Contract Tower,23,9,1,0,33,0,0,5,0,5,23,9,6,0,38,0,0,0,38
09/23/2022,HVN,CT,ANE,EN,Federal Contract Tower,25,14,10,0,49,0,5,10,0,15,25,19,20,0,64,0,0,0,64
09/24/2022,HVN,CT,ANE,EN,Federal Contract Tower,20,7,9,0,36,0,4,38,0,42,20,11,47,0,78,6,0,6,84
09/25/2022,HVN,CT,ANE,EN,Federal Contract Tower,25,15,18,0,58,0,3,18,0,21,25,18,36,0,79,8,0,8,87
09/26/2022,HVN,CT,ANE,EN,Federal Contract Tower,30,1,8,0,39,0,4,28,2,34,30,5,36,2,73,6,0,6,79
09/27/2022,HVN,CT,ANE,EN,Federal Contract Tower,3,13,3,1,20,0,1,35,4,40,3,14,38,5,60,0,0,0,60
09/28/2022,HVN,CT,ANE,EN,Federal Contract Tower,7,8,9,0,24,0,0,28,2,30,7,8,37,2,54,0,0,0,54
09/29/2022,HVN,CT,ANE,EN,Federal Contract Tower,11,6,8,0,25,0,5,35,0,40,11,11,43,0,65,0,0,0,65
09/30/2022,HVN,CT,ANE,EN,Federal Contract Tower,18,16,13,0,47,0,4,37,0,41,18,20,50,0,88,0,0,0,88
10/01/2022,HVN,CT,ANE,EN,Federal Contract Tower,16,8,6,2,32,0,0,0,2,2,16,8,6,4,34,0,0,0,34
10/02/2022,HVN,CT,ANE,EN,Federal Contract Tower,28,2,7,0,37,0,4,0,0,4,28,6,7,0,41,0,0,0,41
10/03/2022,HVN,CT,ANE,EN,Federal Contract Tower,26,9,6,0,41,0,4,4,0,8,26,13,10,0,49,0,0,0,49
10/04/2022,HVN,CT,ANE,EN,Federal Contract Tower,2,10,2,0,14,0,0,0,0,0,2,10,2,0,14,0,0,0,14
10/05/2022,HVN,CT,ANE,EN,Federal Contract Tower,8,18,6,0,32,0,0,0,0,0,8,18,6,0,32,0,0,0,32
10/06/2022,HVN,CT,ANE,EN,Federal Contract Tower,24,10,7,0,41,0,9,51,0,60,24,19,58,0,101,12,0,12,113
10/07/2022,HVN,CT,ANE,EN,Federal Contract Tower,26,14,6,0,46,0,3,42,0,45,26,17,48,0,91,2,0,2,93
10/08/2022,HVN,CT,ANE,EN,Federal Contract Tower,25,3,3,0,31,0,2,26,0,28,25,5,29,0,59,0,0,0,59
10/09/2022,HVN,CT,ANE,EN,Federal Contract Tower,27,16,6,0,49,0,2,33,0,35,27,18,39,0,84,2,0,2,86
10/10/2022,HVN,CT,ANE,EN,Federal Contract Tower,26,6,11,0,43,0,3,32,0,35,26,9,43,0,78,10,0,10,88
10/11/2022,HVN,CT,ANE,EN,Federal Contract Tower,6,7,18,0,31,0,3,28,0,31,6,10,46,0,62,0,0,0,62
10/12/2022,HVN,CT,ANE,EN,Federal Contract Tower,16,7,13,0,36,0,6,27,0,33,16,13,40,0,69,0,0,0,69
10/13/2022,HVN,CT,ANE,EN,Federal Contract Tower,21,14,11,0,46,0,0,0,0,0,21,14,11,0,46,2,0,2,48
10/14/2022,HVN,CT,ANE,EN,Federal Contract Tower,31,10,14,0,55,0,5,25,0,30,31,15,39,0,85,2,0,2,87
10/15/2022,HVN,CT,ANE,EN,Federal Contract Tower,24,6,14,0,44,0,0,42,0,42,24,6,56,0,86,4,0,4,90
10/16/2022,HVN,CT,ANE,EN,Federal Contract Tower,23,16,9,0,48,0,6,45,0,51,23,22,54,0,99,10,0,10,109
10/17/2022,HVN,CT,ANE,EN,Federal Contract Tower,32,12,10,0,54,0,0,2,0,2,32,12,12,0,56,0,0,0,56
10/18/2022,HVN,CT,ANE,EN,Federal Contract Tower,7,17,11,0,35,0,2,32,0,34,7,19,43,0,69,0,0,0,69
10/19/2022,HVN,CT,ANE,EN,Federal Contract Tower,16,6,8,0,30,0,1,20,0,21,16,7,28,0,51,0,0,0,51
10/20/2022,HVN,CT,ANE,EN,Federal Contract Tower,22,6,10,0,38,0,0,20,0,20,22,6,30,0,58,0,0,0,58
10/21/2022,HVN,CT,ANE,EN,Federal Contract Tower,26,10,3,0,39,0,4,28,0,32,26,14,31,0,71,2,0,2,73
10/22/2022,HVN,CT,ANE,EN,Federal Contract Tower,26,2,11,0,39,0,3,42,0,45,26,5,53,0,84,6,0,6,90
10/23/2022,HVN,CT,ANE,EN,Federal Contract Tower,24,11,10,0,45,0,0,17,0,17,24,11,27,0,62,2,0,2,64
10/24/2022,HVN,CT,ANE,EN,Federal Contract Tower,28,6,8,0,42,0,0,0,0,0,28,6,8,0,42,0,0,0,42
10/25/2022,HVN,CT,ANE,EN,Federal Contract Tower,6,9,5,0,20,0,0,0,0,0,6,9,5,0,20,0,0,0,20
10/26/2022,HVN,CT,ANE,EN,Federal Contract Tower,17,9,8,0,34,0,0,0,0,0,17,9,8,0,34,0,0,0,34
10/27/2022,HVN,CT,ANE,EN,Federal Contract Tower,22,9,8,0,39,0,1,23,0,24,22,10,31,0,63,0,0,0,63
10/28/2022,HVN,CT,ANE,EN,Federal Contract Tower,24,4,11,0,39,0,4,26,0,30,24,8,37,0,69,4,0,4,73
10/29/2022,HVN,CT,ANE,EN,Federal Contract Tower,22,4,8,0,34,0,0,32,0,32,22,4,40,0,66,2,0,2,68
10/30/2022,HVN,CT,ANE,EN,Federal Contract Tower,23,2,9,0,34,0,2,28,0,30,23,4,37,0,64,2,0,2,66
10/31/2022,HVN,CT,ANE,EN,Federal Contract Tower,23,7,6,0,36,0,0,18,2,20,23,7,24,2,56,4,0,4,60
11/01/2022,HVN,CT,ANE,EN,Federal Contract Tower,4,10,12,0,26,0,0,0,0,0,4,10,12,0,26,0,0,0,26
11/02/2022,HVN,CT,ANE,EN,Federal Contract Tower,13,8,9,0,30,0,0,34,0,34,13,8,43,0,64,0,0,0,64
11/03/2022,HVN,CT,ANE,EN,Federal Contract Tower,20,11,10,0,41,0,1,22,0,23,20,12,32,0,64,0,0,0,64
11/04/2022,HVN,CT,ANE,EN,Federal Contract Tower,25,11,13,0,49,0,1,20,0,21,25,12,33,0,70,0,0,0,70
11/05/2022,HVN,CT,ANE,EN,Federal Contract Tower,24,14,5,0,43,0,5,26,0,31,24,19,31,0,74,0,0,0,74
11/06/2022,HVN,CT,ANE,EN,Federal Contract Tower,27,4,11,0,42,0,0,24,0,24,27,4,35,0,66,12,0,12,78
11/07/2022,HVN,CT,ANE,EN,Federal Contract Tower,26,10,5,0,41,0,2,11,0,13,26,12,16,0,54,0,0,0,54
11/08/2022,HVN,CT,ANE,EN,Federal Contract Tower,5,5,6,0,16,0,1,24,0,25,5,6,30,0,41,0,0,0,41
11/09/2022,HVN,CT,ANE,EN,Federal Contract Tower,9,7,8,0,24,0,0,43,2,45,9,7,51,2,69,2,4,6,75
11/10/2022,HVN,CT,ANE,EN,Federal Contract Tower,22,3,4,0,29,0,4,22,0,26,22,7,26,0,55,2,0,2,57
11/11/2022,HVN,CT,ANE,EN,Federal Contract Tower,26,14,6,0,46,0,0,4,0,4,26,14,10,0,50,0,0,0,50
11/12/2022,HVN,CT,ANE,EN,Federal Contract Tower,18,4,5,0,27,0,1,8,0,9,18,5,13,0,36,0,0,0,36
11/13/2022,HVN,CT,ANE,EN,Federal Contract Tower,27,5,5,0,37,0,1,9,0,10,27,6,14,0,47,0,0,0,47
11/14/2022,HVN,CT,ANE,EN,Federal Contract Tower,24,3,13,0,40,0,1,15,0,16,24,4,28,0,56,6,0,6,62
11/15/2022,HVN,CT,ANE,EN,Federal Contract Tower,14,11,6,0,31,0,0,24,0,24,14,11,30,0,55,8,0,8,63
11/16/2022,HVN,CT,ANE,EN,Federal Contract Tower,10,6,13,0,29,0,0,2,2,4,10,6,15,2,33,0,0,0,33
11/17/2022,HVN,CT,ANE,EN,Federal Contract Tower,22,9,3,0,34,0,2,20,0,22,22,11,23,0,56,0,0,0,56
11/18/2022,HVN,CT,ANE,EN,Federal Contract Tower,24,8,9,0,41,0,1,21,0,22,24,9,30,0,63,2,0,2,65
11/19/2022,HVN,CT,ANE,EN,Federal Contract Tower,22,3,4,0,29,0,0,29,0,29,22,3,33,0,58,8,0,8,66
11/20/2022,HVN,CT,ANE,EN,Federal Contract Tower,25,8,3,0,36,0,2,4,0,6,25,10,7,0,42,0,0,0,42
11/21/2022,HVN,CT,ANE,EN,Federal Contract Tower,24,5,4,0,33,0,4,3,2,9,24,9,7,2,42,0,0,0,42
11/22/2022,HVN,CT,ANE,EN,Federal Contract Tower,18,7,5,0,30,0,0,50,1,51,18,7,55,1,81,0,2,2,83
11/23/2022,HVN,CT,ANE,EN,Federal Contract Tower,22,8,5,0,35,0,1,33,0,34,22,9,38,0,69,22,0,22,91
11/24/2022,HVN,CT,ANE,EN,Federal Contract Tower,23,3,2,0,28,0,1,18,1,20,23,4,20,1,48,0,0,0,48
11/25/2022,HVN,CT,ANE,EN,Federal Contract Tower,19,5,3,0,27,0,0,8,0,8,19,5,11,0,35,4,0,4,39
11/26/2022,HVN,CT,ANE,EN,Federal Contract Tower,21,6,7,0,34,0,1,26,0,27,21,7,33,0,61,0,0,0,61
11/27/2022,HVN,CT,ANE,EN,Federal Contract Tower,29,12,10,0,51,0,1,17,0,18,29,13,27,0,69,4,0,4,73
11/28/2022,HVN,CT,ANE,EN,Federal Contract Tower,30,7,4,0,41,0,2,19,0,21,30,9,23,0,62,2,0,2,64
11/29/2022,HVN,CT,ANE,EN,Federal Contract Tower,4,4,2,2,12,0,1,32,0,33,4,5,34,2,45,26,0,26,71
11/30/2022,HVN,CT,ANE,EN,Federal Contract Tower,8,5,5,0,18,0,0,3,0,3,8,5,8,0,21,0,0,0,21
12/01/2022,HVN,CT,ANE,EN,Federal Contract Tower,16,11,3,0,30,0,0,1,0,1,16,11,4,0,31,0,0,0,31
12/02/2022,HVN,CT,ANE,EN,Federal Contract Tower,16,5,10,0,31,0,0,31,0,31,16,5,41,0,62,30,0,30,92
12/03/2022,HVN,CT,ANE,EN,Federal Contract Tower,10,5,2,0,17,0,0,0,0,0,10,5,2,0,17,0,0,0,17
12/04/2022,HVN,CT,ANE,EN,Federal Contract Tower,18,6,7,1,32,0,3,32,0,35,18,9,39,1,67,40,2,42,109
12/05/2022,HVN,CT,ANE,EN,Federal Contract Tower,14,6,4,0,24,0,0,20,0,20,14,6,24,0,44,10,0,10,54
12/06/2022,HVN,CT,ANE,EN,Federal Contract Tower,4,13,8,0,25,0,1,8,0,9,4,14,16,0,34,18,0,18,52
12/07/2022,HVN,CT,ANE,EN,Federal Contract Tower,6,1,3,0,10,0,0,0,0,0,6,1,3,0,10,0,0,0,10
12/08/2022,HVN,CT,ANE,EN,Federal Contract Tower,20,5,9,0,34,0,2,27,0,29,20,7,36,0,63,10,0,10,73
12/09/2022,HVN,CT,ANE,EN,Federal Contract Tower,14,4,6,0,24,0,4,41,0,45,14,8,47,0,69,32,0,32,101
12/10/2022,HVN,CT,ANE,EN,Federal Contract Tower,10,2,10,0,22,0,3,27,0,30,10,5,37,0,52,8,0,8,60
12/11/2022,HVN,CT,ANE,EN,Federal Contract Tower,16,4,1,0,21,0,0,2,0,2,16,4,3,0,23,4,0,4,27
12/12/2022,HVN,CT,ANE,EN,Federal Contract Tower,15,9,5,0,29,0,0,15,0,15,15,9,20,0,44,4,0,4,48
12/13/2022,HVN,CT,ANE,EN,Federal Contract Tower,5,1,10,1,17,0,0,26,7,33,5,1,36,8,50,28,0,28,78
12/14/2022,HVN,CT,ANE,EN,Federal Contract Tower,5,15,5,0,25,0,0,32,0,32,5,15,37,0,57,0,0,0,57
12/15/2022,HVN,CT,ANE,EN,Federal Contract Tower,22,4,2,0,28,0,0,5,2,7,22,4,7,2,35,0,0,0,35
12/16/2022,HVN,CT,ANE,EN,Federal Contract Tower,16,4,8,0,28,0,0,0,0,0,16,4,8,0,28,0,0,0,28
12/17/2022,HVN,CT,ANE,EN,Federal Contract Tower,19,7,9,0,35,0,2,14,1,17,19,9,23,1,52,0,2,2,54
12/18/2022,HVN,CT,ANE,EN,Federal Contract Tower,25,1,11,0,37,0,0,15,0,15,25,1,26,0,52,28,0,28,80
12/19/2022,HVN,CT,ANE,EN,Federal Contract Tower,21,3,8,2,34,0,0,14,0,14,21,3,22,2,48,32,0,32,80
12/20/2022,HVN,CT,ANE,EN,Federal Contract Tower,16,0,13,0,29,0,2,23,0,25,16,2,36,0,54,46,0,46,100
12/21/2022,HVN,CT,ANE,EN,Federal Contract Tower,23,10,7,0,40,0,0,46,0,46,23,10,53,0,86,30,0,30,116
12/22/2022,HVN,CT,ANE,EN,Federal Contract Tower,22,8,2,0,32,0,0,7,0,7,22,8,9,0,39,0,6,6,45
12/23/2022,HVN,CT,ANE,EN,Federal Contract Tower,35,0,1,0,36,0,0,0,0,0,35,0,1,0,36,0,0,0,36
12/24/2022,HVN,CT,ANE,EN,Federal Contract Tower,20,5,4,0,29,0,0,3,0,3,20,5,7,0,32,0,0,0,32
12/25/2022,HVN,CT,ANE,EN,Federal Contract Tower,22,1,0,0,23,0,0,0,0,0,22,1,0,0,23,0,0,0,23
12/26/2022,HVN,CT,ANE,EN,Federal Contract Tower,22,7,14,0,43,0,0,22,0,22,22,7,36,0,65,24,0,24,89
12/27/2022,HVN,CT,ANE,EN,Federal Contract Tower,17,6,6,0,29,0,1,27,2,30,17,7,33,2,59,8,0,8,67
12/28/2022,HVN,CT,ANE,EN,Federal Contract Tower,22,6,3,0,31,0,0,24,0,24,22,6,27,0,55,20,0,20,75
12/29/2022,HVN,CT,ANE,EN,Federal Contract Tower,25,7,3,0,35,0,0,31,2,33,25,7,34,2,68,6,0,6,74
12/30/2022,HVN,CT,ANE,EN,Federal Contract Tower,27,2,6,0,35,0,2,30,1,33,27,4,36,1,68,20,0,20,88
12/31/2022,HVN,CT,ANE,EN,Federal Contract Tower,5,0,0,0,5,0,0,0,0,0,5,0,0,0,5,0,0,0,5
01/01/2023,HVN,CT,ANE,EN,Federal Contract Tower,25,6,3,0,34,0,2,17,0,19,25,8,20,0,53,6,0,6,59
01/02/2023,HVN,CT,ANE,EN,Federal Contract Tower,23,8,5,0,36,0,0,17,0,17,23,8,22,0,53,20,2,22,75
01/03/2023,HVN,CT,ANE,EN,Federal Contract Tower,11,4,2,0,17,0,0,0,0,0,11,4,2,0,17,0,0,0,17
01/04/2023,HVN,CT,ANE,EN,Federal Contract Tower,21,3,4,0,28,0,0,0,0,0,21,3,4,0,28,0,0,0,28
01/05/2023,HVN,CT,ANE,EN,Federal Contract Tower,25,4,4,2,35,0,0,0,0,0,25,4,4,2,35,0,0,0,35
01/06/2023,HVN,CT,ANE,EN,Federal Contract Tower,24,9,4,0,37,0,0,0,0,0,24,9,4,0,37,0,0,0,37
01/07/2023,HVN,CT,ANE,EN,Federal Contract Tower,20,7,2,0,29,0,0,24,0,24,20,7,26,0,53,20,0,20,73
01/08/2023,HVN,CT,ANE,EN,Federal Contract Tower,26,4,4,0,34,0,1,38,2,41,26,5,42,2,75,48,0,48,123
01/09/2023,HVN,CT,ANE,EN,Federal Contract Tower,19,4,7,0,30,0,2,17,0,19,19,6,24,0,49,24,0,24,73
01/10/2023,HVN,CT,ANE,EN,Federal Contract Tower,7,10,1,0,18,0,0,17,0,17,7,10,18,0,35,26,0,26,61
01/11/2023,HVN,CT,ANE,EN,Federal Contract Tower,8,6,2,0,16,0,0,17,0,17,8,6,19,0,33,36,0,36,69
01/12/2023,HVN,CT,ANE,EN,Federal Contract Tower,23,7,6,0,36,0,0,0,0,0,23,7,6,0,36,0,0,0,36
01/13/2023,HVN,CT,ANE,EN,Federal Contract Tower,20,13,5,0,38,0,0,0,0,0,20,13,5,0,38,0,0,0,38
01/14/2023,HVN,CT,ANE,EN,Federal Contract Tower,16,8,1,0,25,0,0,3,0,3,16,8,4,0,28,6,0,6,34
01/15/2023,HVN,CT,ANE,EN,Federal Contract Tower,21,5,2,0,28,0,0,11,2,13,21,5,13,2,41,22,4,26,67
01/16/2023,HVN,CT,ANE,EN,Federal Contract Tower,15,5,9,0,29,0,1,34,0,35,15,6,43,0,64,40,0,40,104
01/17/2023,HVN,CT,ANE,EN,Federal Contract Tower,7,4,19,0,30,0,3,24,3,30,7,7,43,3,60,36,2,38,98
01/18/2023,HVN,CT,ANE,EN,Federal Contract Tower,9,11,8,0,28,0,0,17,0,17,9,11,25,0,45,12,0,12,57
01/19/2023,HVN,CT,ANE,EN,Federal Contract Tower,22,6,4,4,36,0,0,4,0,4,22,6,8,4,40,8,0,8,48
01/20/2023,HVN,CT,ANE,EN,Federal Contract Tower,20,8,5,0,33,0,0,3,0,3,20,8,8,0,36,2,0,2,38
01/21/2023,HVN,CT,ANE,EN,Federal Contract Tower,17,6,10,0,33,0,0,37,0,37,17,6,47,0,70,42,0,42,112
01/22/2023,HVN,CT,ANE,EN,Federal Contract Tower,22,6,2,0,30,0,0,17,0,17,22,6,19,0,47,28,0,28,75
01/23/2023,HVN,CT,ANE,EN,Federal Contract Tower,19,5,5,0,29,0,0,0,0,0,19,5,5,0,29,0,0,0,29
01/24/2023,HVN,CT,ANE,EN,Federal Contract Tower,7,4,4,0,15,0,0,20,0,20,7,4,24,0,35,14,0,14,49
01/25/2023,HVN,CT,ANE,EN,Federal Contract Tower,8,3,5,0,16,0,0,5,0,5,8,3,10,0,21,2,0,2,23
01/26/2023,HVN,CT,ANE,EN,Federal Contract Tower,27,6,2,0,35,0,0,1,0,1,27,6,3,0,36,0,0,0,36
01/27/2023,HVN,CT,ANE,EN,Federal Contract Tower,23,4,5,0,32,0,2,31,0,33,23,6,36,0,65,40,0,40,105
01/28/2023,HVN,CT,ANE,EN,Federal Contract Tower,16,8,5,0,29,0,0,38,0,38,16,8,43,0,67,76,0,76,143
01/29/2023,HVN,CT,ANE,EN,Federal Contract Tower,22,15,7,0,44,0,0,13,0,13,22,15,20,0,57,44,0,44,101
01/30/2023,HVN,CT,ANE,EN,Federal Contract Tower,19,4,8,0,31,0,0,25,0,25,19,4,33,0,56,38,0,38,94
01/31/2023,HVN,CT,ANE,EN,Federal Contract Tower,6,11,5,2,24,0,2,9,0,11,6,13,14,2,35,16,0,16,51
02/01/2023,HVN,CT,ANE,EN,Federal Contract Tower,8,10,11,0,29,0,2,16,0,18,8,12,27,0,47,64,0,64,111
02/02/2023,HVN,CT,ANE,EN,Federal Contract Tower,21,7,6,0,34,0,0,25,0,25,21,7,31,0,59,16,0,16,75
02/03/2023,HVN,CT,ANE,EN,Federal Contract Tower,19,7,4,0,30,0,0,0,0,0,19,7,4,0,30,0,0,0,30
02/04/2023,HVN,CT,ANE,EN,Federal Contract Tower,15,2,3,0,20,0,1,4,0,5,15,3,7,0,25,2,0,2,27
02/05/2023,HVN,CT,ANE,EN,Federal Contract Tower,21,7,5,0,33,0,2,18,0,20,21,9,23,0,53,12,0,12,65
02/06/2023,HVN,CT,ANE,EN,Federal Contract Tower,18,9,2,0,29,0,0,17,0,17,18,9,19,0,46,2,0,2,48
02/07/2023,HVN,CT,ANE,EN,Federal Contract Tower,6,3,10,0,19,0,0,33,2,35,6,3,43,2,54,56,0,56,110
02/08/2023,HVN,CT,ANE,EN,Federal Contract Tower,9,11,9,0,29,0,4,20,0,24,9,15,29,0,53,22,0,22,75
02/09/2023,HVN,CT,ANE,EN,Federal Contract Tower,22,5,2,0,29,0,2,7,0,9,22,7,9,0,38,66,0,66,104
02/10/2023,HVN,CT,ANE,EN,Federal Contract Tower,17,6,2,0,25,0,0,9,0,9,17,6,11,0,34,0,6,6,40
02/11/2023,HVN,CT,ANE,EN,Federal Contract Tower,16,7,3,0,26,26,0,0,0,26,42,7,3,0,52,44,0,44,96
02/12/2023,HVN,CT,ANE,EN,Federal Contract Tower,23,11,4,0,38,0,0,46,0,46,23,11,50,0,84,56,0,56,140
02/13/2023,HVN,CT,ANE,EN,Federal Contract Tower,18,3,15,0,36,0,0,26,0,26,18,3,41,0,62,54,0,54,116
02/14/2023,HVN,CT,ANE,EN,Federal Contract Tower,7,2,8,0,17,0,2,18,0,20,7,4,26,0,37,34,2,36,73
02/15/2023,HVN,CT,ANE,EN,Federal Contract Tower,8,6,8,0,22,0,0,20,1,21,8,6,28,1,43,48,0,48,91
02/16/2023,HVN,CT,ANE,EN,Federal Contract Tower,24,8,5,0,37,0,0,21,0,21,24,8,26,0,58,24,0,24,82
02/17/2023,HVN,CT,ANE,EN,Federal Contract Tower,22,13,5,0,40,0,0,2,0,2,22,13,7,0,42,0,0,0,42
02/18/2023,HVN,CT,ANE,EN,Federal Contract Tower,20,5,6,0,31,0,0,25,0,25,20,5,31,0,56,62,0,62,118
02/19/2023,HVN,CT,ANE,EN,Federal Contract Tower,28,9,7,0,44,0,0,27,0,27,28,9,34,0,71,54,0,54,125
02/20/2023,HVN,CT,ANE,EN,Federal Contract Tower,22,10,4,0,36,0,0,7,0,7,22,10,11,0,43,8,0,8,51
02/21/2023,HVN,CT,ANE,EN,Federal Contract Tower,16,8,7,0,31,0,0,0,0,0,16,8,7,0,31,0,0,0,31
02/22/2023,HVN,CT,ANE,EN,Federal Contract Tower,16,6,3,0,25,0,1,15,2,18,16,7,18,2,43,50,0,50,93
02/23/2023,HVN,CT,ANE,EN,Federal Contract Tower,24,6,6,0,36,0,0,0,0,0,24,6,6,0,36,0,0,0,36
02/24/2023,HVN,CT,ANE,EN,Federal Contract Tower,21,9,4,0,34,0,0,8,2,10,21,9,12,2,44,6,0,6,50
02/25/2023,HVN,CT,ANE,EN,Federal Contract Tower,19,3,1,0,23,0,0,9,0,9,19,3,10,0,32,8,0,8,40
02/26/2023,HVN,CT,ANE,EN,Federal Contract Tower,24,6,2,0,32,0,0,0,0,0,24,6,2,0,32,8,0,8,40
02/27/2023,HVN,CT,ANE,EN,Federal Contract Tower,21,2,3,0,26,0,0,15,0,15,21,2,18,0,41,32,0,32,73
02/28/2023,HVN,CT,ANE,EN,Federal Contract Tower,20,5,1,0,26,0,0,0,0,0,20,5,1,0,26,0,0,0,26
03/01/2023,HVN,CT,ANE,EN,Federal Contract Tower,17,0,3,0,20,0,0,19,0,19,17,0,22,0,39,48,0,48,87
03/02/2023,HVN,CT,ANE,EN,Federal Contract Tower,22,5,9,2,38,0,0,7,0,7,22,5,16,2,45,12,0,12,57
03/03/2023,HVN,CT,ANE,EN,Federal Contract Tower,23,4,7,0,34,0,0,40,0,40,23,4,47,0,74,56,0,56,130
03/04/2023,HVN,CT,ANE,EN,Federal Contract Tower,22,10,0,0,32,0,0,0,0,0,22,10,0,0,32,0,0,0,32
03/05/2023,HVN,CT,ANE,EN,Federal Contract Tower,25,4,1,0,30,0,0,40,0,40,25,4,41,0,70,30,0,30,100
03/06/2023,HVN,CT,ANE,EN,Federal Contract Tower,25,5,0,0,30,0,0,16,0,16,25,5,16,0,46,20,0,20,66
03/07/2023,HVN,CT,ANE,EN,Federal Contract Tower,15,8,6,0,29,0,2,2,0,4,15,10,8,0,33,28,0,28,61
03/08/2023,HVN,CT,ANE,EN,Federal Contract Tower,20,4,7,0,31,0,0,9,0,9,20,4,16,0,40,4,0,4,44
03/09/2023,HVN,CT,ANE,EN,Federal Contract Tower,25,7,11,0,43,0,3,34,0,37,25,10,45,0,80,32,0,32,112
03/10/2023,HVN,CT,ANE,EN,Federal Contract Tower,24,5,8,0,37,0,0,25,0,25,24,5,33,0,62,68,0,68,130
03/11/2023,HVN,CT,ANE,EN,Federal Contract Tower,21,6,2,0,29,0,0,4,0,4,21,6,6,0,33,6,0,6,39
03/12/2023,HVN,CT,ANE,EN,Federal Contract Tower,20,10,7,0,37,0,0,33,0,33,20,10,40,0,70,106,0,106,176
03/13/2023,HVN,CT,ANE,EN,Federal Contract Tower,23,5,3,0,31,0,0,0,0,0,23,5,3,0,31,0,0,0,31
03/14/2023,HVN,CT,ANE,EN,Federal Contract Tower,16,2,1,0,19,0,0,0,0,0,16,2,1,0,19,0,0,0,19
03/15/2023,HVN,CT,ANE,EN,Federal Contract Tower,19,13,4,0,36,0,0,2,0,2,19,13,6,0,38,0,0,0,38
03/16/2023,HVN,CT,ANE,EN,Federal Contract Tower,26,3,20,0,49,0,5,26,0,31,26,8,46,0,80,36,0,36,116
03/17/2023,HVN,CT,ANE,EN,Federal Contract Tower,25,3,1,0,29,0,0,12,0,12,25,3,13,0,41,84,0,84,125
03/18/2023,HVN,CT,ANE,EN,Federal Contract Tower,21,4,11,0,36,0,0,24,0,24,21,4,35,0,60,10,0,10,70
03/19/2023,HVN,CT,ANE,EN,Federal Contract Tower,25,8,1,0,34,0,1,8,0,9,25,9,9,0,43,0,0,0,43
03/20/2023,HVN,CT,ANE,EN,Federal Contract Tower,26,7,8,0,41,0,0,35,0,35,26,7,43,0,76,38,0,38,114
03/21/2023,HVN,CT,ANE,EN,Federal Contract Tower,18,3,9,2,32,0,0,39,0,39,18,3,48,2,71,98,0,98,169
03/22/2023,HVN,CT,ANE,EN,Federal Contract Tower,20,7,13,0,40,0,2,27,0,29,20,9,40,0,69,116,0,116,185
03/23/2023,HVN,CT,ANE,EN,Federal Contract Tower,25,2,7,0,34,0,0,1,0,1,25,2,8,0,35,0,0,0,35
03/24/2023,HVN,CT,ANE,EN,Federal Contract Tower,27,5,2,0,34,0,0,29,0,29,27,5,31,0,63,56,0,56,119
03/25/2023,HVN,CT,ANE,EN,Federal Contract Tower,21,4,1,0,26,0,0,0,0,0,21,4,1,0,26,0,0,0,26
03/26/2023,HVN,CT,ANE,EN,Federal Contract Tower,25,6,2,0,33,0,1,37,0,38,25,7,39,0,71,22,0,22,93
03/27/2023,HVN,CT,ANE,EN,Federal Contract Tower,26,4,2,0,32,0,2,33,0,35,26,6,35,0,67,50,0,50,117
03/28/2023,HVN,CT,ANE,EN,Federal Contract Tower,16,4,11,0,31,0,3,8,0,11,16,7,19,0,42,18,0,18,60
03/29/2023,HVN,CT,ANE,EN,Federal Contract Tower,20,4,15,0,39,0,13,51,0,64,20,17,66,0,103,96,0,96,199
03/30/2023,HVN,CT,ANE,EN,Federal Contract Tower,26,8,17,0,51,0,6,31,0,37,26,14,48,0,88,14,0,14,102
03/31/2023,HVN,CT,ANE,EN,Federal Contract Tower,26,9,13,0,48,0,0,18,0,18,26,9,31,0,66,50,0,50,116
04/01/2023,HVN,CT,ANE,EN,Federal Contract Tower,17,5,1,0,23,0,0,0,0,0,17,5,1,0,23,0,0,0,23
04/02/2023,HVN,CT,ANE,EN,Federal Contract Tower,25,5,0,0,30,0,0,25,0,25,25,5,25,0,55,6,0,6,61
04/03/2023,HVN,CT,ANE,EN,Federal Contract Tower,26,2,3,0,31,0,1,32,0,33,26,3,35,0,64,10,0,10,74
04/04/2023,HVN,CT,ANE,EN,Federal Contract Tower,18,0,17,0,35,0,3,63,3,69,18,3,80,3,104,88,0,88,192
04/05/2023,HVN,CT,ANE,EN,Federal Contract Tower,17,8,9,0,34,0,0,3,0,3,17,8,12,0,37,0,0,0,37
04/06/2023,HVN,CT,ANE,EN,Federal Contract Tower,26,3,4,0,33,0,2,30,0,32,26,5,34,0,65,24,0,24,89
04/07/2023,HVN,CT,ANE,EN,Federal Contract Tower,26,6,8,0,40,0,0,32,0,32,26,6,40,0,72,22,0,22,94
04/08/2023,HVN,CT,ANE,EN,Federal Contract Tower,20,4,1,0,25,0,0,41,0,41,20,4,42,0,66,70,0,70,136
04/09/2023,HVN,CT,ANE,EN,Federal Contract Tower,23,2,3,0,28,0,0,26,0,26,23,2,29,0,54,12,0,12,66
04/10/2023,HVN,CT,ANE,EN,Federal Contract Tower,26,3,4,0,33,0,1,64,0,65,26,4,68,0,98,42,0,42,140
04/11/2023,HVN,CT,ANE,EN,Federal Contract Tower,17,10,0,0,27,0,3,29,0,32,17,13,29,0,59,28,0,28,87
04/12/2023,HVN,CT,ANE,EN,Federal Contract Tower,18,5,8,2,33,0,0,41,0,41,18,5,49,2,74,26,0,26,100
04/13/2023,HVN,CT,ANE,EN,Federal Contract Tower,24,1,6,1,32,0,0,41,1,42,24,1,47,2,74,30,0,30,104
04/14/2023,HVN,CT,ANE,EN,Federal Contract Tower,26,16,3,0,45,0,4,47,1,52,26,20,50,1,97,58,0,58,155
04/15/2023,HVN,CT,ANE,EN,Federal Contract Tower,17,13,11,0,41,0,0,4,0,4,17,13,15,0,45,0,0,0,45
04/16/2023,HVN,CT,ANE,EN,Federal Contract Tower,26,8,9,0,43,0,0,0,0,0,26,8,9,0,43,0,0,0,43
04/17/2023,HVN,CT,ANE,EN,Federal Contract Tower,31,7,2,0,40,0,0,2,0,2,31,7,4,0,42,12,4,16,58
04/18/2023,HVN,CT,ANE,EN,Federal Contract Tower,18,11,11,0,40,0,0,31,2,33,18,11,42,2,73,6,2,8,81
04/19/2023,HVN,CT,ANE,EN,Federal Contract Tower,9,3,10,0,22,0,4,30,0,34,9,7,40,0,56,8,0,8,64
04/20/2023,HVN,CT,ANE,EN,Federal Contract Tower,16,11,20,0,47,0,0,42,4,46,16,11,62,4,93,54,0,54,147
04/21/2023,HVN,CT,ANE,EN,Federal Contract Tower,14,17,9,0,40,0,0,45,0,45,14,17,54,0,85,28,0,28,113
04/22/2023,HVN,CT,ANE,EN,Federal Contract Tower,14,10,3,0,27,0,0,0,0,0,14,10,3,0,27,0,0,0,27
04/23/2023,HVN,CT,ANE,EN,Federal Contract Tower,17,15,4,0,36,0,0,4,0,4,17,15,8,0,40,10,0,10,50
04/24/2023,HVN,CT,ANE,EN,Federal Contract Tower,17,9,9,0,35,0,5,45,0,50,17,14,54,0,85,26,0,26,111
04/25/2023,HVN,CT,ANE,EN,Federal Contract Tower,5,7,10,0,22,0,1,39,0,40,5,8,49,0,62,28,0,28,90
04/26/2023,HVN,CT,ANE,EN,Federal Contract Tower,9,6,12,0,27,0,0,50,0,50,9,6,62,0,77,50,0,50,127
04/27/2023,HVN,CT,ANE,EN,Federal Contract Tower,16,19,17,0,52,0,0,23,0,23,16,19,40,0,75,0,0,0,75
04/28/2023,HVN,CT,ANE,EN,Federal Contract Tower,15,24,11,0,50,0,0,23,0,23,15,24,34,0,73,50,0,50,123
04/29/2023,HVN,CT,ANE,EN,Federal Contract Tower,13,9,7,0,29,0,0,0,0,0,13,9,7,0,29,0,0,0,29
04/30/2023,HVN,CT,ANE,EN,Federal Contract Tower,16,5,0,0,21,0,0,0,0,0,16,5,0,0,21,0,0,0,21
05/01/2023,HVN,CT,ANE,EN,Federal Contract Tower,21,10,3,0,34,0,0,15,0,15,21,10,18,0,49,14,0,14,63
05/02/2023,HVN,CT,ANE,EN,Federal Contract Tower,9,10,8,0,27,0,0,15,2,17,9,10,23,2,44,10,0,10,54
05/03/2023,HVN,CT,ANE,EN,Federal Contract Tower,6,2,6,1,15,0,3,32,0,35,6,5,38,1,50,16,0,16,66
05/04/2023,HVN,CT,ANE,EN,Federal Contract Tower,20,8,3,0,31,0,0,17,0,17,20,8,20,0,48,14,0,14,62
05/05/2023,HVN,CT,ANE,EN,Federal Contract Tower,18,6,9,0,33,0,0,29,0,29,18,6,38,0,62,42,0,42,104
05/06/2023,HVN,CT,ANE,EN,Federal Contract Tower,15,2,4,0,21,0,0,44,0,44,15,2,48,0,65,80,0,80,145
05/07/2023,HVN,CT,ANE,EN,Federal Contract Tower,20,11,8,0,39,0,0,50,0,50,20,11,58,0,89,50,0,50,139
05/08/2023,HVN,CT,ANE,EN,Federal Contract Tower,20,10,9,0,39,0,14,35,0,49,20,24,44,0,88,14,0,14,102
05/09/2023,HVN,CT,ANE,EN,Federal Contract Tower,8,5,4,0,17,0,0,47,0,47,8,5,51,0,64,40,0,40,104
05/10/2023,HVN,CT,ANE,EN,Federal Contract Tower,7,12,13,0,32,0,0,39,4,43,7,12,52,4,75,10,0,10,85
05/11/2023,HVN,CT,ANE,EN,Federal Contract Tower,22,10,6,0,38,0,1,45,0,46,22,11,51,0,84,50,0,50,134
05/12/2023,HVN,CT,ANE,EN,Federal Contract Tower,18,11,4,0,33,0,0,33,0,33,18,11,37,0,66,48,0,48,114
05/13/2023,HVN,CT,ANE,EN,Federal Contract Tower,12,5,6,0,23,0,1,39,0,40,12,6,45,0,63,16,0,16,79
05/14/2023,HVN,CT,ANE,EN,Federal Contract Tower,19,9,3,0,31,0,0,21,0,21,19,9,24,0,52,36,0,36,88
05/15/2023,HVN,CT,ANE,EN,Federal Contract Tower,20,7,6,0,33,0,5,39,0,44,20,12,45,0,77,46,0,46,123
05/16/2023,HVN,CT,ANE,EN,Federal Contract Tower,10,8,8,0,26,0,0,32,0,32,10,8,40,0,58,36,0,36,94
05/17/2023,HVN,CT,ANE,EN,Federal Contract Tower,8,6,9,0,23,0,7,9,0,16,8,13,18,0,39,10,0,10,49
05/18/2023,HVN,CT,ANE,EN,Federal Contract Tower,20,20,3,0,43,0,6,50,4,60,20,26,53,4,103,72,0,72,175
05/19/2023,HVN,CT,ANE,EN,Federal Contract Tower,20,8,5,0,33,0,0,35,0,35,20,8,40,0,68,86,0,86,154
05/20/2023,HVN,CT,ANE,EN,Federal Contract Tower,14,17,5,0,36,0,0,0,0,0,14,17,5,0,36,0,0,0,36
05/21/2023,HVN,CT,ANE,EN,Federal Contract Tower,20,17,6,0,43,0,0,37,0,37,20,17,43,0,80,84,0,84,164
05/22/2023,HVN,CT,ANE,EN,Federal Contract Tower,22,14,11,2,49,0,7,31,2,40,22,21,42,4,89,20,0,20,109
05/23/2023,HVN,CT,ANE,EN,Federal Contract Tower,10,20,11,0,41,0,0,25,0,25,10,20,36,0,66,42,0,42,108
05/24/2023,HVN,CT,ANE,EN,Federal Contract Tower,8,17,12,0,37,0,0,32,0,32,8,17,44,0,69,26,0,26,95
05/25/2023,HVN,CT,ANE,EN,Federal Contract Tower,18,9,6,0,33,0,5,47,0,52,18,14,53,0,85,56,0,56,141
05/26/2023,HVN,CT,ANE,EN,Federal Contract Tower,19,7,10,0,36,0,4,39,0,43,19,11,49,0,79,36,0,36,115
05/27/2023,HVN,CT,ANE,EN,Federal Contract Tower,13,18,4,0,35,0,0,45,0,45,13,18,49,0,80,86,0,86,166
05/28/2023,HVN,CT,ANE,EN,Federal Contract Tower,19,8,6,0,33,0,0,28,0,28,19,8,34,0,61,30,0,30,91
05/29/2023,HVN,CT,ANE,EN,Federal Contract Tower,22,9,1,0,32,0,6,39,0,45,22,15,40,0,77,26,2,28,105
05/30/2023,HVN,CT,ANE,EN,Federal Contract Tower,16,3,2,0,21,0,1,28,2,31,16,4,30,2,52,32,4,36,88
05/31/2023,HVN,CT,ANE,EN,Federal Contract Tower,11,5,18,0,34,0,4,23,0,27,11,9,41,0,61,28,0,28,89
06/01/2023,HVN,CT,ANE,EN,Federal Contract Tower,20,5,8,0,33,0,11,38,0,49,20,16,46,0,82,72,0,72,154
06/02/2023,HVN,CT,ANE,EN,Federal Contract Tower,19,14,5,0,38,0,0,35,0,35,19,14,40,0,73,8,0,8,81
06/03/2023,HVN,CT,ANE,EN,Federal Contract Tower,17,5,6,0,28,0,0,14,0,14,17,5,20,0,42,0,0,0,42
06/04/2023,HVN,CT,ANE,EN,Federal Contract Tower,20,11,9,0,40,0,2,28,2,32,20,13,37,2,72,40,0,40,112
06/05/2023,HVN,CT,ANE,EN,Federal Contract Tower,21,10,10,0,41,0,4,57,0,61,21,14,67,0,102,52,0,52,154
06/06/2023,HVN,CT,ANE,EN,Federal Contract Tower,9,4,11,0,24,0,0,12,1,13,9,4,23,1,37,16,0,16,53
06/07/2023,HVN,CT,ANE,EN,Federal Contract Tower,8,8,12,0,28,0,0,9,4,13,8,8,21,4,41,10,0,10,51
06/08/2023,HVN,CT,ANE,EN,Federal Contract Tower,17,7,5,1,30,0,0,5,0,5,17,7,10,1,35,4,0,4,39
06/09/2023,HVN,CT,ANE,EN,Federal Contract Tower,15,17,8,0,40,0,1,26,0,27,15,18,34,0,67,112,0,112,179
06/10/2023,HVN,CT,ANE,EN,Federal Contract Tower,15,1,13,0,29,0,0,27,0,27,15,1,40,0,56,28,0,28,84
06/11/2023,HVN,CT,ANE,EN,Federal Contract Tower,20,14,6,0,40,0,3,38,0,41,20,17,44,0,81,76,0,76,157
06/12/2023,HVN,CT,ANE,EN,Federal Contract Tower,26,9,5,1,41,0,6,18,5,29,26,15,23,6,70,22,0,22,92
06/13/2023,HVN,CT,ANE,EN,Federal Contract Tower,10,7,7,0,24,0,1,18,0,19,10,8,25,0,43,14,0,14,57
06/14/2023,HVN,CT,ANE,EN,Federal Contract Tower,10,5,4,0,19,0,0,11,0,11,10,5,15,0,30,36,0,36,66
06/15/2023,HVN,CT,ANE,EN,Federal Contract Tower,18,12,20,0,50,0,3,61,2,66,18,15,81,2,116,122,0,122,238
06/16/2023,HVN,CT,ANE,EN,Federal Contract Tower,20,17,12,0,49,0,0,0,0,0,20,17,12,0,49,100,0,100,149
06/17/2023,HVN,CT,ANE,EN,Federal Contract Tower,15,5,7,0,27,0,0,7,0,7,15,5,14,0,34,0,0,0,34
06/18/2023,HVN,CT,ANE,EN,Federal Contract Tower,19,8,7,0,34,0,5,36,0,41,19,13,43,0,75,22,0,22,97
06/19/2023,HVN,CT,ANE,EN,Federal Contract Tower,24,4,3,0,31,0,2,49,0,51,24,6,52,0,82,30,0,30,112
06/20/2023,HVN,CT,ANE,EN,Federal Contract Tower,9,8,6,2,25,0,2,32,0,34,9,10,38,2,59,24,0,24,83
06/21/2023,HVN,CT,ANE,EN,Federal Contract Tower,9,12,3,0,24,0,2,29,0,31,9,14,32,0,55,60,0,60,115
06/22/2023,HVN,CT,ANE,EN,Federal Contract Tower,21,4,9,0,34,0,0,15,0,15,21,4,24,0,49,0,0,0,49
06/23/2023,HVN,CT,ANE,EN,Federal Contract Tower,20,4,10,0,34,0,0,7,0,7,20,4,17,0,41,10,0,10,51
06/24/2023,HVN,CT,ANE,EN,Federal Contract Tower,26,9,4,0,39,0,1,0,0,1,26,10,4,0,40,0,0,0,40
06/25/2023,HVN,CT,ANE,EN,Federal Contract Tower,25,8,6,0,39,0,3,27,0,30,25,11,33,0,69,54,0,54,123
06/26/2023,HVN,CT,ANE,EN,Federal Contract Tower,25,3,11,0,39,0,5,2,0,7,25,8,13,0,46,0,0,0,46
06/27/2023,HVN,CT,ANE,EN,Federal Contract Tower,8,9,8,0,25,0,1,9,2,12,8,10,17,2,37,26,0,26,63
06/28/2023,HVN,CT,ANE,EN,Federal Contract Tower,8,10,11,0,29,0,3,12,2,17,8,13,23,2,46,30,0,30,76
06/29/2023,HVN,CT,ANE,EN,Federal Contract Tower,25,4,15,2,46,0,2,37,2,41,25,6,52,4,87,30,14,44,131
06/30/2023,HVN,CT,ANE,EN,Federal Contract Tower,24,6,10,0,40,0,5,16,0,21,24,11,26,0,61,18,0,18,79
07/01/2023,HVN,CT,ANE,EN,Federal Contract Tower,18,8,7,0,33,0,1,31,0,32,18,9,38,0,65,38,0,38,103
07/02/2023,HVN,CT,ANE,EN,Federal Contract Tower,26,6,11,0,43,0,0,2,0,2,26,6,13,0,45,2,0,2,47
07/03/2023,HVN,CT,ANE,EN,Federal Contract Tower,25,4,4,0,33,0,3,35,0,38,25,7,39,0,71,66,0,66,137
07/04/2023,HVN,CT,ANE,EN,Federal Contract Tower,8,4,6,0,18,0,0,4,0,4,8,4,10,0,22,0,0,0,22
07/05/2023,HVN,CT,ANE,EN,Federal Contract Tower,8,2,17,0,27,0,1,46,0,47,8,3,63,0,74,50,0,50,124
07/06/2023,HVN,CT,ANE,EN,Federal Contract Tower,26,8,8,0,42,0,8,55,0,63,26,16,63,0,105,128,0,128,233
07/07/2023,HVN,CT,ANE,EN,Federal Contract Tower,25,4,3,0,32,0,4,37,0,41,25,8,40,0,73,28,0,28,101
07/08/2023,HVN,CT,ANE,EN,Federal Contract Tower,18,7,10,0,35,0,0,28,0,28,18,7,38,0,63,34,0,34,97
07/09/2023,HVN,CT,ANE,EN,Federal Contract Tower,26,3,13,0,42,0,6,19,0,25,26,9,32,0,67,38,0,38,105
07/10/2023,HVN,CT,ANE,EN,Federal Contract Tower,24,5,12,0,41,0,6,28,0,34,24,11,40,0,75,18,0,18,93
07/11/2023,HVN,CT,ANE,EN,Federal Contract Tower,8,15,4,0,27,0,5,65,0,70,8,20,69,0,97,52,0,52,149
07/12/2023,HVN,CT,ANE,EN,Federal Contract Tower,9,5,18,0,32,0,0,48,0,48,9,5,66,0,80,86,0,86,166
07/13/2023,HVN,CT,ANE,EN,Federal Contract Tower,25,6,9,0,40,0,0,54,0,54,25,6,63,0,94,122,0,122,216
07/14/2023,HVN,CT,ANE,EN,Federal Contract Tower,24,3,10,0,37,0,1,15,0,16,24,4,25,0,53,26,0,26,79
07/15/2023,HVN,CT,ANE,EN,Federal Contract Tower,20,5,10,0,35,0,1,23,0,24,20,6,33,0,59,44,0,44,103
07/16/2023,HVN,CT,ANE,EN,Federal Contract Tower,12,14,11,0,37,0,0,1,0,1,12,14,12,0,38,0,0,0,38
07/17/2023,HVN,CT,ANE,EN,Federal Contract Tower,24,17,11,0,52,0,0,39,0,39,24,17,50,0,91,62,0,62,153
07/18/2023,HVN,CT,ANE,EN,Federal Contract Tower,8,4,19,0,31,0,3,6,0,9,8,7,25,0,40,0,0,0,40
07/19/2023,HVN,CT,ANE,EN,Federal Contract Tower,8,11,9,0,28,0,3,36,0,39,8,14,45,0,67,84,0,84,151
07/20/2023,HVN,CT,ANE,EN,Federal Contract Tower,25,8,14,0,47,0,12,60,1,73,25,20,74,1,120,106,2,108,228
07/21/2023,HVN,CT,ANE,EN,Federal Contract Tower,27,10,8,0,45,0,4,12,0,16,27,14,20,0,61,26,0,26,87
07/22/2023,HVN,CT,ANE,EN,Federal Contract Tower,16,12,3,0,31,0,3,48,0,51,16,15,51,0,82,50,6,56,138
07/23/2023,HVN,CT,ANE,EN,Federal Contract Tower,25,10,2,0,37,0,2,32,0,34,25,12,34,0,71,30,0,30,101
07/24/2023,HVN,CT,ANE,EN,Federal Contract Tower,26,8,5,2,41,0,2,34,0,36,26,10,39,2,77,20,0,20,97
07/25/2023,HVN,CT,ANE,EN,Federal Contract Tower,8,8,10,0,26,0,1,15,0,16,8,9,25,0,42,78,0,78,120
07/26/2023,HVN,CT,ANE,EN,Federal Contract Tower,8,11,7,0,26,0,10,62,0,72,8,21,69,0,98,82,0,82,180
07/27/2023,HVN,CT,ANE,EN,Federal Contract Tower,25,9,7,0,41,0,4,22,0,26,25,13,29,0,67,14,0,14,81
07/28/2023,HVN,CT,ANE,EN,Federal Contract Tower,25,14,12,0,51,0,0,49,0,49,25,14,61,0,100,52,0,52,152
07/29/2023,HVN,CT,ANE,EN,Federal Contract Tower,17,6,1,0,24,0,0,23,0,23,17,6,24,0,47,58,0,58,105
07/30/2023,HVN,CT,ANE,EN,Federal Contract Tower,21,10,4,0,35,0,3,41,0,44,21,13,45,0,79,46,0,46,125
07/31/2023,HVN,CT,ANE,EN,Federal Contract Tower,25,6,3,0,34,0,4,48,0,52,25,10,51,0,86,66,0,66,152
08/01/2023,HVN,CT,ANE,EN,Federal Contract Tower,8,6,4,0,18,0,3,45,0,48,8,9,49,0,66,90,0,90,156
08/02/2023,HVN,CT,ANE,EN,Federal Contract Tower,8,4,10,0,22,0,5,47,0,52,8,9,57,0,74,72,0,72,146
08/03/2023,HVN,CT,ANE,EN,Federal Contract Tower,26,5,8,0,39,0,2,39,0,41,26,7,47,0,80,46,4,50,130
08/04/2023,HVN,CT,ANE,EN,Federal Contract Tower,25,4,3,0,32,0,0,24,0,24,25,4,27,0,56,20,0,20,76
08/05/2023,HVN,CT,ANE,EN,Federal Contract Tower,18,4,7,0,29,0,0,44,0,44,18,4,51,0,73,18,0,18,91
08/06/2023,HVN,CT,ANE,EN,Federal Contract Tower,26,10,7,0,43,0,5,56,2,63,26,15,63,2,106,28,0,28,134
08/07/2023,HVN,CT,ANE,EN,Federal Contract Tower,25,11,5,0,41,0,4,10,0,14,25,15,15,0,55,0,0,0,55
08/08/2023,HVN,CT,ANE,EN,Federal Contract Tower,8,1,4,0,13,0,0,9,0,9,8,1,13,0,22,22,0,22,44
08/09/2023,HVN,CT,ANE,EN,Federal Contract Tower,10,4,3,2,19,0,4,32,0,36,10,8,35,2,55,8,2,10,65
08/10/2023,HVN,CT,ANE,EN,Federal Contract Tower,25,8,2,12,47,0,3,30,0,33,25,11,32,12,80,34,0,34,114
08/11/2023,HVN,CT,ANE,EN,Federal Contract Tower,25,10,5,0,40,0,8,54,0,62,25,18,59,0,102,66,0,66,168
08/12/2023,HVN,CT,ANE,EN,Federal Contract Tower,17,7,5,0,29,0,0,51,0,51,17,7,56,0,80,22,0,22,102
08/13/2023,HVN,CT,ANE,EN,Federal Contract Tower,26,9,7,0,42,0,2,46,0,48,26,11,53,0,90,56,2,58,148
08/14/2023,HVN,CT,ANE,EN,Federal Contract Tower,27,5,7,2,41,0,3,38,0,41,27,8,45,2,82,20,0,20,102
08/15/2023,HVN,CT,ANE,EN,Federal Contract Tower,8,10,18,0,36,0,0,6,0,6,8,10,24,0,42,0,0,0,42
08/16/2023,HVN,CT,ANE,EN,Federal Contract Tower,8,30,15,0,53,0,0,22,0,22,8,30,37,0,75,26,0,26,101
08/17/2023,HVN,CT,ANE,EN,Federal Contract Tower,20,17,17,0,54,0,0,3,0,3,20,17,20,0,57,10,0,10,67
08/18/2023,HVN,CT,ANE,EN,Federal Contract Tower,25,5,11,0,41,0,0,25,0,25,25,5,36,0,66,26,0,26,92
08/19/2023,HVN,CT,ANE,EN,Federal Contract Tower,21,2,4,0,27,0,1,40,0,41,21,3,44,0,68,8,0,8,76
08/20/2023,HVN,CT,ANE,EN,Federal Contract Tower,26,12,5,0,43,0,7,53,0,60,26,19,58,0,103,72,0,72,175
08/21/2023,HVN,CT,ANE,EN,Federal Contract Tower,26,21,10,0,57,0,3,36,0,39,26,24,46,0,96,44,0,44,140
08/22/2023,HVN,CT,ANE,EN,Federal Contract Tower,8,9,2,0,19,0,10,37,0,47,8,19,39,0,66,8,0,8,74
08/23/2023,HVN,CT,ANE,EN,Federal Contract Tower,8,11,9,0,28,0,1,41,0,42,8,12,50,0,70,28,2,30,100
08/24/2023,HVN,CT,ANE,EN,Federal Contract Tower,26,8,14,0,48,0,10,22,0,32,26,18,36,0,80,4,0,4,84
08/25/2023,HVN,CT,ANE,EN,Federal Contract Tower,24,7,14,0,45,0,1,7,0,8,24,8,21,0,53,0,0,0,53
08/26/2023,HVN,CT,ANE,EN,Federal Contract Tower,18,5,4,0,27,0,7,23,0,30,18,12,27,0,57,16,0,16,73
08/27/2023,HVN,CT,ANE,EN,Federal Contract Tower,28,13,2,0,43,0,3,45,0,48,28,16,47,0,91,36,0,36,127
08/28/2023,HVN,CT,ANE,EN,Federal Contract Tower,25,7,11,0,43,0,2,31,0,33,25,9,42,0,76,48,0,48,124
08/29/2023,HVN,CT,ANE,EN,Federal Contract Tower,6,3,13,0,22,0,1,2,0,3,6,4,15,0,25,0,0,0,25
08/30/2023,HVN,CT,ANE,EN,Federal Contract Tower,8,7,10,0,25,0,0,18,0,18,8,7,28,0,43,36,0,36,79
08/31/2023,HVN,CT,ANE,EN,Federal Contract Tower,26,9,14,0,49,0,1,28,0,29,26,10,42,0,78,2,0,2,80
01/01/2020,HVN,CT,ANE,EN,Federal Contract Tower,2,2,3,0,7,0,0,6,0,6,2,2,9,0,13,20,0,20,33
01/02/2020,HVN,CT,ANE,EN,Federal Contract Tower,3,4,11,0,18,0,4,23,0,27,3,8,34,0,45,24,0,24,69
01/03/2020,HVN,CT,ANE,EN,Federal Contract Tower,3,1,2,0,6,0,0,1,0,1,3,1,3,0,7,0,0,0,7
01/04/2020,HVN,CT,ANE,EN,Federal Contract Tower,8,5,2,0,15,0,0,0,0,0,8,5,2,0,15,0,0,0,15
01/05/2020,HVN,CT,ANE,EN,Federal Contract Tower,3,4,8,0,15,0,0,4,2,6,3,4,12,2,21,66,0,66,87
01/06/2020,HVN,CT,ANE,EN,Federal Contract Tower,4,12,11,0,27,0,3,10,0,13,4,15,21,0,40,18,0,18,58
01/07/2020,HVN,CT,ANE,EN,Federal Contract Tower,1,3,4,0,8,0,3,36,2,41,1,6,40,2,49,90,6,96,145
01/08/2020,HVN,CT,ANE,EN,Federal Contract Tower,2,1,1,0,4,0,0,0,0,0,2,1,1,0,4,0,0,0,4
01/09/2020,HVN,CT,ANE,EN,Federal Contract Tower,4,11,15,0,30,0,2,16,2,20,4,13,31,2,50,6,0,6,56
01/10/2020,HVN,CT,ANE,EN,Federal Contract Tower,3,5,17,0,25,0,0,2,0,2,3,5,19,0,27,22,0,22,49
01/11/2020,HVN,CT,ANE,EN,Federal Contract Tower,3,2,10,2,17,0,0,17,0,17,3,2,27,2,34,60,2,62,96
01/12/2020,HVN,CT,ANE,EN,Federal Contract Tower,3,1,5,0,9,0,0,14,0,14,3,1,19,0,23,4,0,4,27
01/13/2020,HVN,CT,ANE,EN,Federal Contract Tower,4,7,10,0,21,0,2,2,0,4,4,9,12,0,25,20,0,20,45
01/14/2020,HVN,CT,ANE,EN,Federal Contract Tower,2,3,3,0,8,0,2,5,0,7,2,5,8,0,15,10,0,10,25
01/15/2020,HVN,CT,ANE,EN,Federal Contract Tower,1,4,20,0,25,0,2,34,0,36,1,6,54,0,61,64,0,64,125
01/16/2020,HVN,CT,ANE,EN,Federal Contract Tower,3,4,11,0,18,0,1,4,0,5,3,5,15,0,23,0,0,0,23
01/17/2020,HVN,CT,ANE,EN,Federal Contract Tower,3,5,7,2,17,0,2,11,0,13,3,7,18,2,30,6,0,6,36
01/18/2020,HVN,CT,ANE,EN,Federal Contract Tower,3,0,4,0,7,0,0,8,0,8,3,0,12,0,15,106,0,106,121
01/19/2020,HVN,CT,ANE,EN,Federal Contract Tower,3,4,3,0,10,0,0,9,0,9,3,4,12,0,19,32,0,32,51
01/20/2020,HVN,CT,ANE,EN,Federal Contract Tower,3,1,5,0,9,0,0,11,2,13,3,1,16,2,22,22,0,22,44
01/21/2020,HVN,CT,ANE,EN,Federal Contract Tower,1,2,10,0,13,0,0,17,0,17,1,2,27,0,30,16,2,18,48
01/22/2020,HVN,CT,ANE,EN,Federal Contract Tower,2,8,15,0,25,0,1,33,0,34,2,9,48,0,59,46,0,46,105
01/23/2020,HVN,CT,ANE,EN,Federal Contract Tower,4,0,7,0,11,0,1,27,2,30,4,1,34,2,41,16,0,16,57
01/24/2020,HVN,CT,ANE,EN,Federal Contract Tower,3,10,16,0,29,0,2,21,0,23,3,12,37,0,52,28,0,28,80
01/25/2020,HVN,CT,ANE,EN,Federal Contract Tower,3,0,0,0,3,0,0,0,0,0,3,0,0,0,3,0,0,0,3
01/26/2020,HVN,CT,ANE,EN,Federal Contract Tower,4,3,4,0,11,0,0,26,0,26,4,3,30,0,37,66,0,66,103
01/27/2020,HVN,CT,ANE,EN,Federal Contract Tower,3,1,4,0,8,0,1,5,4,10,3,2,9,4,18,6,0,6,24
01/28/2020,HVN,CT,ANE,EN,Federal Contract Tower,1,4,9,0,14,0,0,8,0,8,1,4,17,0,22,16,0,16,38
01/29/2020,HVN,CT,ANE,EN,Federal Contract Tower,1,12,6,0,19,0,0,21,0,21,1,12,27,0,40,30,0,30,70
01/30/2020,HVN,CT,ANE,EN,Federal Contract Tower,4,15,11,0,30,0,0,22,0,22,4,15,33,0,52,16,0,16,68
01/31/2020,HVN,CT,ANE,EN,Federal Contract Tower,3,4,17,0,24,0,0,19,0,19,3,4,36,0,43,22,0,22,65
02/01/2020,HVN,CT,ANE,EN,Federal Contract Tower,7,3,7,0,17,0,0,2,0,2,7,3,9,0,19,0,0,0,19
02/02/2020,HVN,CT,ANE,EN,Federal Contract Tower,4,4,14,0,22,0,0,23,0,23,4,4,37,0,45,80,0,80,125
02/03/2020,HVN,CT,ANE,EN,Federal Contract Tower,3,12,14,0,29,0,4,23,0,27,3,16,37,0,56,6,0,6,62
02/04/2020,HVN,CT,ANE,EN,Federal Contract Tower,1,8,13,2,24,0,1,11,0,12,1,9,24,2,36,48,0,48,84
02/05/2020,HVN,CT,ANE,EN,Federal Contract Tower,2,4,14,0,20,0,6,14,0,20,2,10,28,0,40,20,0,20,60
02/06/2020,HVN,CT,ANE,EN,Federal Contract Tower,3,7,4,0,14,0,0,0,0,0,3,7,4,0,14,0,0,0,14
02/07/2020,HVN,CT,ANE,EN,Federal Contract Tower,3,9,5,0,17,0,0,0,0,0,3,9,5,0,17,0,0,0,17
02/08/2020,HVN,CT,ANE,EN,Federal Contract Tower,3,4,1,0,8,0,3,21,0,24,3,7,22,0,32,104,0,104,136
02/09/2020,HVN,CT,ANE,EN,Federal Contract Tower,4,7,6,0,17,0,0,43,0,43,4,7,49,0,60,138,0,138,198
02/10/2020,HVN,CT,ANE,EN,Federal Contract Tower,3,10,6,0,19,0,0,2,0,2,3,10,8,0,21,10,0,10,31
02/11/2020,HVN,CT,ANE,EN,Federal Contract Tower,2,8,6,0,16,0,0,0,0,0,2,8,6,0,16,0,0,0,16
02/12/2020,HVN,CT,ANE,EN,Federal Contract Tower,3,13,13,0,29,0,5,24,0,29,3,18,37,0,58,56,0,56,114
02/13/2020,HVN,CT,ANE,EN,Federal Contract Tower,3,3,9,0,15,0,0,0,0,0,3,3,9,0,15,0,0,0,15
02/14/2020,HVN,CT,ANE,EN,Federal Contract Tower,3,9,15,0,27,0,1,25,0,26,3,10,40,0,53,68,0,68,121
02/15/2020,HVN,CT,ANE,EN,Federal Contract Tower,3,7,6,0,16,0,2,27,1,30,3,9,33,1,46,22,0,22,68
02/16/2020,HVN,CT,ANE,EN,Federal Contract Tower,4,1,3,0,8,0,3,37,4,44,4,4,40,4,52,192,0,192,244
02/17/2020,HVN,CT,ANE,EN,Federal Contract Tower,5,7,10,0,22,0,1,15,0,16,5,8,25,0,38,36,0,36,74
02/18/2020,HVN,CT,ANE,EN,Federal Contract Tower,3,6,6,0,15,0,0,0,0,0,3,6,6,0,15,0,0,0,15
02/19/2020,HVN,CT,ANE,EN,Federal Contract Tower,3,9,5,0,17,0,0,15,0,15,3,9,20,0,32,2,0,2,34
02/20/2020,HVN,CT,ANE,EN,Federal Contract Tower,3,8,13,0,24,0,3,16,0,19,3,11,29,0,43,16,0,16,59
02/21/2020,HVN,CT,ANE,EN,Federal Contract Tower,3,5,13,0,21,0,0,43,3,46,3,5,56,3,67,54,0,54,121
02/22/2020,HVN,CT,ANE,EN,Federal Contract Tower,7,4,5,0,16,0,3,32,0,35,7,7,37,0,51,82,0,82,133
02/23/2020,HVN,CT,ANE,EN,Federal Contract Tower,3,8,11,0,22,0,2,55,6,63,3,10,66,6,85,162,0,162,247
02/24/2020,HVN,CT,ANE,EN,Federal Contract Tower,0,4,3,4,11,0,0,26,0,26,0,4,29,4,37,20,0,20,57
02/25/2020,HVN,CT,ANE,EN,Federal Contract Tower,3,3,7,0,13,0,0,3,0,3,3,3,10,0,16,2,6,8,24
02/26/2020,HVN,CT,ANE,EN,Federal Contract Tower,3,13,13,2,31,0,0,0,0,0,3,13,13,2,31,0,2,2,33
02/27/2020,HVN,CT,ANE,EN,Federal Contract Tower,2,10,7,0,19,0,0,7,0,7,2,10,14,0,26,0,0,0,26
02/28/2020,HVN,CT,ANE,EN,Federal Contract Tower,5,8,5,0,18,0,0,0,0,0,5,8,5,0,18,0,0,0,18
02/29/2020,HVN,CT,ANE,EN,Federal Contract Tower,6,2,1,0,9,0,0,24,2,26,6,2,25,2,35,88,0,88,123
03/01/2020,HVN,CT,ANE,EN,Federal Contract Tower,3,7,2,0,12,0,0,22,0,22,3,7,24,0,34,112,0,112,146
03/02/2020,HVN,CT,ANE,EN,Federal Contract Tower,4,7,11,3,25,0,0,6,0,6,4,7,17,3,31,4,0,4,35
03/03/2020,HVN,CT,ANE,EN,Federal Contract Tower,4,9,13,0,26,0,0,1,0,1,4,9,14,0,27,2,0,2,29
03/04/2020,HVN,CT,ANE,EN,Federal Contract Tower,2,8,1,0,11,0,0,0,0,0,2,8,1,0,11,0,4,4,15
03/05/2020,HVN,CT,ANE,EN,Federal Contract Tower,3,3,14,2,22,0,0,35,2,37,3,3,49,4,59,38,0,38,97
03/06/2020,HVN,CT,ANE,EN,Federal Contract Tower,5,9,19,0,33,0,0,14,0,14,5,9,33,0,47,0,0,0,47
03/07/2020,HVN,CT,ANE,EN,Federal Contract Tower,6,3,4,0,13,0,0,22,0,22,6,3,26,0,35,62,0,62,97
03/08/2020,HVN,CT,ANE,EN,Federal Contract Tower,2,5,8,0,15,0,0,53,0,53,2,5,61,0,68,158,0,158,226
03/09/2020,HVN,CT,ANE,EN,Federal Contract Tower,4,1,2,0,7,0,2,22,0,24,4,3,24,0,31,42,0,42,73
03/10/2020,HVN,CT,ANE,EN,Federal Contract Tower,3,6,6,0,15,0,0,8,0,8,3,6,14,0,23,48,0,48,71
03/11/2020,HVN,CT,ANE,EN,Federal Contract Tower,3,1,18,0,22,0,1,27,0,28,3,2,45,0,50,32,0,32,82
03/12/2020,HVN,CT,ANE,EN,Federal Contract Tower,3,4,12,0,19,0,0,14,0,14,3,4,26,0,33,12,0,12,45
03/13/2020,HVN,CT,ANE,EN,Federal Contract Tower,5,4,2,0,11,0,2,3,0,5,5,6,5,0,16,2,0,2,18
03/14/2020,HVN,CT,ANE,EN,Federal Contract Tower,6,8,3,0,17,0,2,38,0,40,6,10,41,0,57,46,0,46,103
03/15/2020,HVN,CT,ANE,EN,Federal Contract Tower,3,6,13,0,22,0,2,41,0,43,3,8,54,0,65,96,0,96,161
03/16/2020,HVN,CT,ANE,EN,Federal Contract Tower,4,7,5,0,16,0,0,17,0,17,4,7,22,0,33,44,0,44,77
03/17/2020,HVN,CT,ANE,EN,Federal Contract Tower,5,12,6,0,23,0,0,4,0,4,5,12,10,0,27,0,0,0,27
03/18/2020,HVN,CT,ANE,EN,Federal Contract Tower,3,6,8,0,17,0,0,40,0,40,3,6,48,0,57,64,0,64,121
03/19/2020,HVN,CT,ANE,EN,Federal Contract Tower,3,4,4,0,11,0,0,0,0,0,3,4,4,0,11,0,0,0,11
03/20/2020,HVN,CT,ANE,EN,Federal Contract Tower,3,0,4,0,7,0,0,0,0,0,3,0,4,0,7,0,0,0,7
03/21/2020,HVN,CT,ANE,EN,Federal Contract Tower,6,4,3,0,13,0,0,40,0,40,6,4,43,0,53,78,0,78,131
03/22/2020,HVN,CT,ANE,EN,Federal Contract Tower,1,3,3,0,7,0,1,56,2,59,1,4,59,2,66,68,0,68,134
03/23/2020,HVN,CT,ANE,EN,Federal Contract Tower,2,0,0,0,2,0,0,0,0,0,2,0,0,0,2,0,0,0,2
03/24/2020,HVN,CT,ANE,EN,Federal Contract Tower,1,7,1,0,9,0,1,15,0,16,1,8,16,0,25,6,0,6,31
03/25/2020,HVN,CT,ANE,EN,Federal Contract Tower,1,3,2,0,6,0,0,0,0,0,1,3,2,0,6,0,0,0,6
03/26/2020,HVN,CT,ANE,EN,Federal Contract Tower,0,4,2,0,6,0,0,23,2,25,0,4,25,2,31,32,0,32,63
03/27/2020,HVN,CT,ANE,EN,Federal Contract Tower,3,0,3,0,6,0,0,17,0,17,3,0,20,0,23,18,0,18,41
03/28/2020,HVN,CT,ANE,EN,Federal Contract Tower,0,1,2,0,3,0,0,4,0,4,0,1,6,0,7,6,0,6,13
03/29/2020,HVN,CT,ANE,EN,Federal Contract Tower,2,0,2,0,4,0,0,0,0,0,2,0,2,0,4,0,0,0,4
03/30/2020,HVN,CT,ANE,EN,Federal Contract Tower,2,4,0,0,6,0,0,2,0,2,2,4,2,0,8,82,0,82,90
03/31/2020,HVN,CT,ANE,EN,Federal Contract Tower,4,3,0,0,7,0,0,2,0,2,4,3,2,0,9,0,0,0,9
04/01/2020,HVN,CT,ANE,EN,Federal Contract Tower,4,1,1,0,6,0,0,6,0,6,4,1,7,0,12,8,2,10,22
04/02/2020,HVN,CT,ANE,EN,Federal Contract Tower,2,1,0,0,3,0,0,1,0,1,2,1,1,0,4,0,0,0,4
04/03/2020,HVN,CT,ANE,EN,Federal Contract Tower,2,1,1,0,4,0,0,0,0,0,2,1,1,0,4,0,0,0,4
04/04/2020,HVN,CT,ANE,EN,Federal Contract Tower,1,3,0,0,4,0,2,1,0,3,1,5,1,0,7,4,0,4,11
04/05/2020,HVN,CT,ANE,EN,Federal Contract Tower,1,7,4,0,12,0,2,18,0,20,1,9,22,0,32,12,0,12,44
04/06/2020,HVN,CT,ANE,EN,Federal Contract Tower,1,1,0,0,2,0,0,15,0,15,1,1,15,0,17,34,0,34,51
04/07/2020,HVN,CT,ANE,EN,Federal Contract Tower,5,4,4,0,13,0,0,7,0,7,5,4,11,0,20,8,0,8,28
04/08/2020,HVN,CT,ANE,EN,Federal Contract Tower,4,3,2,2,11,0,0,1,0,1,4,3,3,2,12,0,0,0,12
04/09/2020,HVN,CT,ANE,EN,Federal Contract Tower,2,2,0,0,4,0,0,0,0,0,2,2,0,0,4,0,2,2,6
04/10/2020,HVN,CT,ANE,EN,Federal Contract Tower,2,0,0,0,2,0,0,0,0,0,2,0,0,0,2,0,0,0,2
04/11/2020,HVN,CT,ANE,EN,Federal Contract Tower,4,2,2,0,8,0,2,5,0,7,4,4,7,0,15,2,0,2,17
04/12/2020,HVN,CT,ANE,EN,Federal Contract Tower,1,1,2,0,4,0,0,13,0,13,1,1,15,0,17,28,0,28,45
04/13/2020,HVN,CT,ANE,EN,Federal Contract Tower,0,2,0,0,2,0,0,0,0,0,0,2,0,0,2,0,0,0,2
04/14/2020,HVN,CT,ANE,EN,Federal Contract Tower,2,4,0,0,6,0,4,12,0,16,2,8,12,0,22,32,0,32,54
04/15/2020,HVN,CT,ANE,EN,Federal Contract Tower,1,2,6,0,9,0,0,8,0,8,1,2,14,0,17,14,0,14,31
04/16/2020,HVN,CT,ANE,EN,Federal Contract Tower,3,1,7,0,11,0,0,6,0,6,3,1,13,0,17,0,0,0,17
04/17/2020,HVN,CT,ANE,EN,Federal Contract Tower,1,0,2,0,3,0,0,7,0,7,1,0,9,0,10,18,0,18,28
04/18/2020,HVN,CT,ANE,EN,Federal Contract Tower,4,0,1,0,5,0,0,2,0,2,4,0,3,0,7,6,0,6,13
04/19/2020,HVN,CT,ANE,EN,Federal Contract Tower,3,2,2,0,7,0,0,19,0,19,3,2,21,0,26,46,0,46,72
04/20/2020,HVN,CT,ANE,EN,Federal Contract Tower,1,6,2,0,9,0,0,10,0,10,1,6,12,0,19,36,0,36,55
04/21/2020,HVN,CT,ANE,EN,Federal Contract Tower,3,2,2,0,7,0,0,0,0,0,3,2,2,0,7,0,0,0,7
04/22/2020,HVN,CT,ANE,EN,Federal Contract Tower,1,4,6,0,11,0,0,5,0,5,1,4,11,0,16,2,0,2,18
04/23/2020,HVN,CT,ANE,EN,Federal Contract Tower,2,7,1,0,10,0,0,15,0,15,2,7,16,0,25,26,0,26,51
04/24/2020,HVN,CT,ANE,EN,Federal Contract Tower,2,0,4,0,6,0,0,0,0,0,2,0,4,0,6,0,0,0,6
04/25/2020,HVN,CT,ANE,EN,Federal Contract Tower,3,2,4,0,9,0,0,50,0,50,3,2,54,0,59,110,0,110,169
04/26/2020,HVN,CT,ANE,EN,Federal Contract Tower,1,0,3,0,4,0,0,2,0,2,1,0,5,0,6,0,0,0,6
04/27/2020,HVN,CT,ANE,EN,Federal Contract Tower,1,5,0,0,6,0,0,0,0,0,1,5,0,0,6,0,0,0,6
04/28/2020,HVN,CT,ANE,EN,Federal Contract Tower,1,0,8,0,9,0,0,27,0,27,1,0,35,0,36,58,0,58,94
04/29/2020,HVN,CT,ANE,EN,Federal Contract Tower,1,3,6,0,10,0,0,14,0,14,1,3,20,0,24,42,0,42,66
04/30/2020,HVN,CT,ANE,EN,Federal Contract Tower,3,6,4,0,13,0,0,0,0,0,3,6,4,0,13,0,0,0,13
05/01/2020,HVN,CT,ANE,EN,Federal Contract Tower,1,7,8,0,16,0,0,6,0,6,1,7,14,0,22,60,0,60,82
05/02/2020,HVN,CT,ANE,EN,Federal Contract Tower,3,0,1,0,4,0,0,14,4,18,3,0,15,4,22,32,0,32,54
05/03/2020,HVN,CT,ANE,EN,Federal Contract Tower,4,4,1,0,9,0,0,35,0,35,4,4,36,0,44,58,0,58,102
05/04/2020,HVN,CT,ANE,EN,Federal Contract Tower,2,9,3,0,14,0,0,0,0,0,2,9,3,0,14,2,0,2,16
05/05/2020,HVN,CT,ANE,EN,Federal Contract Tower,0,1,8,0,9,0,0,16,4,20,0,1,24,4,29,52,0,52,81
05/06/2020,HVN,CT,ANE,EN,Federal Contract Tower,0,6,1,0,7,0,0,2,2,4,0,6,3,2,11,20,0,20,31
05/07/2020,HVN,CT,ANE,EN,Federal Contract Tower,3,6,9,0,18,0,0,18,0,18,3,6,27,0,36,68,0,68,104
05/08/2020,HVN,CT,ANE,EN,Federal Contract Tower,3,2,8,0,13,0,0,13,0,13,3,2,21,0,26,30,0,30,56
05/09/2020,HVN,CT,ANE,EN,Federal Contract Tower,0,6,4,0,10,0,0,0,0,0,0,6,4,0,10,0,0,0,10
05/10/2020,HVN,CT,ANE,EN,Federal Contract Tower,3,3,0,0,6,0,0,10,0,10,3,3,10,0,16,74,0,74,90
05/11/2020,HVN,CT,ANE,EN,Federal Contract Tower,4,10,6,0,20,0,2,4,0,6,4,12,10,0,26,6,0,6,32
05/12/2020,HVN,CT,ANE,EN,Federal Contract Tower,0,5,0,0,5,0,0,24,0,24,0,5,24,0,29,22,0,22,51
05/13/2020,HVN,CT,ANE,EN,Federal Contract Tower,3,4,8,0,15,0,0,26,2,28,3,4,34,2,43,34,0,34,77
05/14/2020,HVN,CT,ANE,EN,Federal Contract Tower,3,5,8,0,16,0,2,23,0,25,3,7,31,0,41,36,0,36,77
05/15/2020,HVN,CT,ANE,EN,Federal Contract Tower,3,2,4,0,9,0,0,15,0,15,3,2,19,0,24,10,0,10,34
05/16/2020,HVN,CT,ANE,EN,Federal Contract Tower,0,4,10,0,14,0,0,38,0,38,0,4,48,0,52,52,0,52,104
05/17/2020,HVN,CT,ANE,EN,Federal Contract Tower,5,5,1,0,11,0,2,33,0,35,5,7,34,0,46,56,0,56,102
05/18/2020,HVN,CT,ANE,EN,Federal Contract Tower,3,6,1,0,10,0,1,15,0,16,3,7,16,0,26,6,0,6,32
05/19/2020,HVN,CT,ANE,EN,Federal Contract Tower,0,6,2,0,8,0,0,6,0,6,0,6,8,0,14,20,0,20,34
05/20/2020,HVN,CT,ANE,EN,Federal Contract Tower,3,5,7,0,15,0,0,21,0,21,3,5,28,0,36,2,0,2,38
05/21/2020,HVN,CT,ANE,EN,Federal Contract Tower,2,4,5,0,11,0,0,40,0,40,2,4,45,0,51,66,0,66,117
05/22/2020,HVN,CT,ANE,EN,Federal Contract Tower,3,3,10,0,16,0,0,24,0,24,3,3,34,0,40,18,0,18,58
05/23/2020,HVN,CT,ANE,EN,Federal Contract Tower,0,3,13,0,16,0,0,0,0,0,0,3,13,0,16,0,0,0,16
05/24/2020,HVN,CT,ANE,EN,Federal Contract Tower,3,3,4,0,10,0,0,24,0,24,3,3,28,0,34,12,0,12,46
05/25/2020,HVN,CT,ANE,EN,Federal Contract Tower,2,2,14,0,18,0,0,5,0,5,2,2,19,0,23,24,0,24,47
05/26/2020,HVN,CT,ANE,EN,Federal Contract Tower,0,8,5,4,17,0,0,19,0,19,0,8,24,4,36,34,0,34,70
05/27/2020,HVN,CT,ANE,EN,Federal Contract Tower,9,8,7,2,26,0,0,22,2,24,9,8,29,4,50,70,0,70,120
05/28/2020,HVN,CT,ANE,EN,Federal Contract Tower,3,4,11,0,18,0,0,3,2,5,3,4,14,2,23,0,0,0,23
05/29/2020,HVN,CT,ANE,EN,Federal Contract Tower,3,5,7,0,15,0,0,1,0,1,3,5,8,0,16,0,0,0,16
05/30/2020,HVN,CT,ANE,EN,Federal Contract Tower,0,3,6,0,9,0,0,28,0,28,0,3,34,0,37,102,0,102,139
05/31/2020,HVN,CT,ANE,EN,Federal Contract Tower,3,1,14,0,18,0,0,39,0,39,3,1,53,0,57,38,0,38,95
06/01/2020,HVN,CT,ANE,EN,Federal Contract Tower,3,4,4,0,11,0,0,29,0,29,3,4,33,0,40,52,0,52,92
06/02/2020,HVN,CT,ANE,EN,Federal Contract Tower,0,6,2,0,8,0,0,28,0,28,0,6,30,0,36,114,0,114,150
06/03/2020,HVN,CT,ANE,EN,Federal Contract Tower,3,2,3,0,8,0,0,10,0,10,3,2,13,0,18,6,0,6,24
06/04/2020,HVN,CT,ANE,EN,Federal Contract Tower,2,5,11,0,18,0,0,33,0,33,2,5,44,0,51,88,0,88,139
06/05/2020,HVN,CT,ANE,EN,Federal Contract Tower,3,15,10,1,29,0,1,8,0,9,3,16,18,1,38,62,0,62,100
06/06/2020,HVN,CT,ANE,EN,Federal Contract Tower,0,6,11,2,19,0,0,27,0,27,0,6,38,2,46,52,0,52,98
06/07/2020,HVN,CT,ANE,EN,Federal Contract Tower,3,3,1,0,7,0,0,27,2,29,3,3,28,2,36,24,0,24,60
06/08/2020,HVN,CT,ANE,EN,Federal Contract Tower,3,6,2,0,11,0,1,36,2,39,3,7,38,2,50,100,0,100,150
06/09/2020,HVN,CT,ANE,EN,Federal Contract Tower,0,4,1,0,5,0,0,43,0,43,0,4,44,0,48,112,0,112,160
06/10/2020,HVN,CT,ANE,EN,Federal Contract Tower,3,2,2,0,7,0,1,36,1,38,3,3,38,1,45,132,0,132,177
06/11/2020,HVN,CT,ANE,EN,Federal Contract Tower,6,6,7,0,19,0,0,3,0,3,6,6,10,0,22,0,0,0,22
06/12/2020,HVN,CT,ANE,EN,Federal Contract Tower,3,7,7,0,17,0,1,43,0,44,3,8,50,0,61,186,0,186,247
06/13/2020,HVN,CT,ANE,EN,Federal Contract Tower,0,10,7,0,17,0,1,48,0,49,0,11,55,0,66,102,0,102,168
06/14/2020,HVN,CT,ANE,EN,Federal Contract Tower,2,3,5,0,10,0,0,49,0,49,2,3,54,0,59,54,0,54,113
06/15/2020,HVN,CT,ANE,EN,Federal Contract Tower,3,4,11,0,18,0,0,38,0,38,3,4,49,0,56,108,8,116,172
06/16/2020,HVN,CT,ANE,EN,Federal Contract Tower,0,7,9,0,16,0,1,27,0,28,0,8,36,0,44,70,0,70,114
06/17/2020,HVN,CT,ANE,EN,Federal Contract Tower,3,5,9,0,17,0,0,23,0,23,3,5,32,0,40,92,0,92,132
06/18/2020,HVN,CT,ANE,EN,Federal Contract Tower,2,12,14,0,28,0,0,22,0,22,2,12,36,0,50,54,0,54,104
06/19/2020,HVN,CT,ANE,EN,Federal Contract Tower,3,5,13,0,21,0,1,30,0,31,3,6,43,0,52,58,0,58,110
06/20/2020,HVN,CT,ANE,EN,Federal Contract Tower,0,2,6,0,8,0,1,53,0,54,0,3,59,0,62,122,0,122,184
06/21/2020,HVN,CT,ANE,EN,Federal Contract Tower,3,4,3,0,10,0,0,25,0,25,3,4,28,0,35,22,0,22,57
06/22/2020,HVN,CT,ANE,EN,Federal Contract Tower,3,12,5,0,20,0,0,20,0,20,3,12,25,0,40,40,0,40,80
06/23/2020,HVN,CT,ANE,EN,Federal Contract Tower,0,12,13,0,25,0,4,25,2,31,0,16,38,2,56,82,4,86,142
06/24/2020,HVN,CT,ANE,EN,Federal Contract Tower,3,5,4,0,12,0,1,11,0,12,3,6,15,0,24,50,0,50,74
06/25/2020,HVN,CT,ANE,EN,Federal Contract Tower,1,14,7,0,22,0,4,33,0,37,1,18,40,0,59,46,4,50,109
06/26/2020,HVN,CT,ANE,EN,Federal Contract Tower,3,5,6,0,14,0,7,41,0,48,3,12,47,0,62,46,0,46,108
06/27/2020,HVN,CT,ANE,EN,Federal Contract Tower,0,0,5,0,5,0,1,16,0,17,0,1,21,0,22,62,0,62,84
06/28/2020,HVN,CT,ANE,EN,Federal Contract Tower,3,0,0,0,3,0,0,12,0,12,3,0,12,0,15,14,0,14,29
06/29/2020,HVN,CT,ANE,EN,Federal Contract Tower,2,5,9,0,16,0,2,23,0,25,2,7,32,0,41,64,0,64,105
06/30/2020,HVN,CT,ANE,EN,Federal Contract Tower,0,0,4,0,4,0,0,5,0,5,0,0,9,0,9,60,0,60,69
07/01/2020,HVN,CT,ANE,EN,Federal Contract Tower,3,1,5,0,9,0,3,18,0,21,3,4,23,0,30,90,0,90,120
07/02/2020,HVN,CT,ANE,EN,Federal Contract Tower,2,0,9,0,11,0,2,46,0,48,2,2,55,0,59,156,0,156,215
07/03/2020,HVN,CT,ANE,EN,Federal Contract Tower,3,4,4,0,11,0,1,27,2,30,3,5,31,2,41,96,0,96,137
07/04/2020,HVN,CT,ANE,EN,Federal Contract Tower,1,2,0,0,3,0,1,34,0,35,1,3,34,0,38,145,0,145,183
07/05/2020,HVN,CT,ANE,EN,Federal Contract Tower,3,5,4,0,12,0,10,36,0,46,3,15,40,0,58,32,0,32,90
07/06/2020,HVN,CT,ANE,EN,Federal Contract Tower,2,5,4,0,11,0,4,31,0,35,2,9,35,0,46,110,0,110,156
07/07/2020,HVN,CT,ANE,EN,Federal Contract Tower,4,4,19,0,27,0,0,6,0,6,4,4,25,0,33,42,0,42,75
07/08/2020,HVN,CT,ANE,EN,Federal Contract Tower,4,0,2,0,6,0,1,15,0,16,4,1,17,0,22,38,0,38,60
07/09/2020,HVN,CT,ANE,EN,Federal Contract Tower,4,5,5,1,15,0,3,38,0,41,4,8,43,1,56,46,0,46,102
07/10/2020,HVN,CT,ANE,EN,Federal Contract Tower,4,8,2,2,16,0,0,0,0,0,4,8,2,2,16,0,0,0,16
07/11/2020,HVN,CT,ANE,EN,Federal Contract Tower,4,4,15,5,28,0,1,3,2,6,4,5,18,7,34,6,2,8,42
07/12/2020,HVN,CT,ANE,EN,Federal Contract Tower,4,3,9,0,16,0,3,38,0,41,4,6,47,0,57,32,0,32,89
07/13/2020,HVN,CT,ANE,EN,Federal Contract Tower,4,5,4,0,13,0,3,30,0,33,4,8,34,0,46,52,0,52,98
07/14/2020,HVN,CT,ANE,EN,Federal Contract Tower,4,17,8,2,31,0,2,35,0,37,4,19,43,2,68,82,0,82,150
07/15/2020,HVN,CT,ANE,EN,Federal Contract Tower,4,5,8,2,19,0,3,33,0,36,4,8,41,2,55,22,0,22,77
07/16/2020,HVN,CT,ANE,EN,Federal Contract Tower,4,15,9,0,28,0,4,43,0,47,4,19,52,0,75,58,0,58,133
07/17/2020,HVN,CT,ANE,EN,Federal Contract Tower,4,1,16,0,21,0,5,9,0,14,4,6,25,0,35,40,0,40,75
07/18/2020,HVN,CT,ANE,EN,Federal Contract Tower,4,3,4,0,11,0,1,53,0,54,4,4,57,0,65,106,0,106,171
07/19/2020,HVN,CT,ANE,EN,Federal Contract Tower,4,7,3,0,14,0,2,35,0,37,4,9,38,0,51,32,0,32,83
07/20/2020,HVN,CT,ANE,EN,Federal Contract Tower,3,5,2,0,10,0,0,0,0,0,3,5,2,0,10,30,0,30,40
07/21/2020,HVN,CT,ANE,EN,Federal Contract Tower,4,7,4,0,15,0,0,39,0,39,4,7,43,0,54,52,0,52,106
07/22/2020,HVN,CT,ANE,EN,Federal Contract Tower,4,3,7,0,14,0,3,28,0,31,4,6,35,0,45,30,0,30,75
07/23/2020,HVN,CT,ANE,EN,Federal Contract Tower,4,3,7,0,14,0,4,24,0,28,4,7,31,0,42,60,0,60,102
07/24/2020,HVN,CT,ANE,EN,Federal Contract Tower,4,0,2,0,6,0,1,27,0,28,4,1,29,0,34,38,6,44,78
07/25/2020,HVN,CT,ANE,EN,Federal Contract Tower,1,1,5,0,7,0,3,49,0,52,1,4,54,0,59,60,0,60,119
07/26/2020,HVN,CT,ANE,EN,Federal Contract Tower,4,2,1,0,7,0,0,19,0,19,4,2,20,0,26,20,0,20,46
07/27/2020,HVN,CT,ANE,EN,Federal Contract Tower,2,4,3,0,9,0,3,22,1,26,2,7,25,1,35,54,0,54,89
07/28/2020,HVN,CT,ANE,EN,Federal Contract Tower,2,2,3,0,7,0,6,28,0,34,2,8,31,0,41,58,0,58,99
07/29/2020,HVN,CT,ANE,EN,Federal Contract Tower,2,6,5,0,13,0,8,40,1,49,2,14,45,1,62,88,4,92,154
07/30/2020,HVN,CT,ANE,EN,Federal Contract Tower,2,9,10,0,21,0,6,19,0,25,2,15,29,0,46,40,0,40,86
07/31/2020,HVN,CT,ANE,EN,Federal Contract Tower,2,1,4,0,7,0,0,32,0,32,2,1,36,0,39,80,0,80,119
08/01/2020,HVN,CT,ANE,EN,Federal Contract Tower,2,1,14,0,17,0,0,71,0,71,2,1,85,0,88,68,0,68,156
08/02/2020,HVN,CT,ANE,EN,Federal Contract Tower,2,6,7,0,15,0,2,26,0,28,2,8,33,0,43,20,0,20,63
08/03/2020,HVN,CT,ANE,EN,Federal Contract Tower,1,8,2,0,11,0,0,39,0,39,1,8,41,0,50,50,0,50,100
08/04/2020,HVN,CT,ANE,EN,Federal Contract Tower,2,5,2,0,9,0,0,2,0,2,2,5,4,0,11,2,0,2,13
08/05/2020,HVN,CT,ANE,EN,Federal Contract Tower,2,3,1,3,9,0,7,34,1,42,2,10,35,4,51,66,0,66,117
08/06/2020,HVN,CT,ANE,EN,Federal Contract Tower,3,3,2,0,8,0,0,44,2,46,3,3,46,2,54,66,8,74,128
08/07/2020,HVN,CT,ANE,EN,Federal Contract Tower,1,6,5,0,12,0,2,18,1,21,1,8,23,1,33,32,0,32,65
08/08/2020,HVN,CT,ANE,EN,Federal Contract Tower,2,2,14,0,18,0,4,22,0,26,2,6,36,0,44,34,0,34,78
08/09/2020,HVN,CT,ANE,EN,Federal Contract Tower,2,5,0,4,11,0,4,27,0,31,2,9,27,4,42,22,0,22,64
08/10/2020,HVN,CT,ANE,EN,Federal Contract Tower,2,1,2,0,5,0,0,33,0,33,2,1,35,0,38,64,0,64,102
08/11/2020,HVN,CT,ANE,EN,Federal Contract Tower,1,8,9,0,18,0,2,20,0,22,1,10,29,0,40,86,0,86,126
08/12/2020,HVN,CT,ANE,EN,Federal Contract Tower,2,4,9,0,15,0,5,20,0,25,2,9,29,0,40,30,0,30,70
08/13/2020,HVN,CT,ANE,EN,Federal Contract Tower,2,10,7,0,19,0,4,34,0,38,2,14,41,0,57,70,0,70,127
08/14/2020,HVN,CT,ANE,EN,Federal Contract Tower,2,7,12,0,21,0,1,42,0,43,2,8,54,0,64,46,0,46,110
08/15/2020,HVN,CT,ANE,EN,Federal Contract Tower,2,8,5,0,15,0,0,45,0,45,2,8,50,0,60,130,0,130,190
08/16/2020,HVN,CT,ANE,EN,Federal Contract Tower,2,3,13,0,18,0,1,9,0,10,2,4,22,0,28,42,0,42,70
08/17/2020,HVN,CT,ANE,EN,Federal Contract Tower,2,5,8,0,15,0,1,38,0,39,2,6,46,0,54,44,0,44,98
08/18/2020,HVN,CT,ANE,EN,Federal Contract Tower,2,10,4,0,16,0,3,28,0,31,2,13,32,0,47,114,0,114,161
08/19/2020,HVN,CT,ANE,EN,Federal Contract Tower,2,6,10,0,18,0,4,32,0,36,2,10,42,0,54,50,0,50,104
08/20/2020,HVN,CT,ANE,EN,Federal Contract Tower,2,5,5,0,12,0,3,42,0,45,2,8,47,0,57,120,0,120,177
08/21/2020,HVN,CT,ANE,EN,Federal Contract Tower,2,11,6,0,19,0,0,52,0,52,2,11,58,0,71,60,0,60,131
08/22/2020,HVN,CT,ANE,EN,Federal Contract Tower,2,0,1,0,3,0,1,41,0,42,2,1,42,0,45,84,0,84,129
08/23/2020,HVN,CT,ANE,EN,Federal Contract Tower,2,4,3,0,9,0,0,42,0,42,2,4,45,0,51,46,0,46,97
08/24/2020,HVN,CT,ANE,EN,Federal Contract Tower,2,5,6,0,13,0,1,13,0,14,2,6,19,0,27,14,0,14,41
08/25/2020,HVN,CT,ANE,EN,Federal Contract Tower,2,6,9,0,17,0,1,25,2,28,2,7,34,2,45,44,0,44,89
08/26/2020,HVN,CT,ANE,EN,Federal Contract Tower,2,3,14,2,21,0,1,53,0,54,2,4,67,2,75,118,0,118,193
08/27/2020,HVN,CT,ANE,EN,Federal Contract Tower,2,0,5,0,7,0,0,15,0,15,2,0,20,0,22,42,0,42,64
08/28/2020,HVN,CT,ANE,EN,Federal Contract Tower,2,8,5,0,15,0,2,45,0,47,2,10,50,0,62,48,0,48,110
08/29/2020,HVN,CT,ANE,EN,Federal Contract Tower,2,7,1,0,10,0,1,2,0,3,2,8,3,0,13,0,0,0,13
08/30/2020,HVN,CT,ANE,EN,Federal Contract Tower,2,4,5,0,11,0,3,32,0,35,2,7,37,0,46,40,0,40,86
08/31/2020,HVN,CT,ANE,EN,Federal Contract Tower,2,3,3,0,8,0,8,53,0,61,2,11,56,0,69,76,0,76,145
09/01/2020,HVN,CT,ANE,EN,Federal Contract Tower,2,4,6,0,12,0,0,32,0,32,2,4,38,0,44,78,0,78,122
09/02/2020,HVN,CT,ANE,EN,Federal Contract Tower,2,5,10,0,17,0,1,3,0,4,2,6,13,0,21,22,0,22,43
09/03/2020,HVN,CT,ANE,EN,Federal Contract Tower,2,3,7,0,12,0,6,35,6,47,2,9,42,6,59,38,6,44,103
09/04/2020,HVN,CT,ANE,EN,Federal Contract Tower,2,2,18,0,22,0,3,54,0,57,2,5,72,0,79,34,0,34,113
09/05/2020,HVN,CT,ANE,EN,Federal Contract Tower,2,3,1,0,6,0,0,71,0,71,2,3,72,0,77,102,0,102,179
09/06/2020,HVN,CT,ANE,EN,Federal Contract Tower,1,0,7,0,8,0,6,48,0,54,1,6,55,0,62,136,0,136,198
09/07/2020,HVN,CT,ANE,EN,Federal Contract Tower,2,0,6,0,8,0,6,44,0,50,2,6,50,0,58,104,0,104,162
09/08/2020,HVN,CT,ANE,EN,Federal Contract Tower,2,4,4,0,10,0,1,51,0,52,2,5,55,0,62,80,0,80,142
09/09/2020,HVN,CT,ANE,EN,Federal Contract Tower,2,7,8,0,17,0,1,38,0,39,2,8,46,0,56,88,0,88,144
09/10/2020,HVN,CT,ANE,EN,Federal Contract Tower,2,7,13,0,22,0,0,8,0,8,2,7,21,0,30,26,0,26,56
09/11/2020,HVN,CT,ANE,EN,Federal Contract Tower,2,4,13,0,19,0,0,32,0,32,2,4,45,0,51,48,0,48,99
09/12/2020,HVN,CT,ANE,EN,Federal Contract Tower,3,2,6,2,13,0,2,45,0,47,3,4,51,2,60,102,0,102,162
09/13/2020,HVN,CT,ANE,EN,Federal Contract Tower,2,7,6,0,15,0,4,20,0,24,2,11,26,0,39,46,6,52,91
09/14/2020,HVN,CT,ANE,EN,Federal Contract Tower,2,4,8,3,17,0,4,30,2,36,2,8,38,5,53,116,0,116,169
09/15/2020,HVN,CT,ANE,EN,Federal Contract Tower,2,13,10,0,25,0,2,43,0,45,2,15,53,0,70,60,0,60,130
09/16/2020,HVN,CT,ANE,EN,Federal Contract Tower,2,10,6,0,18,0,0,27,1,28,2,10,33,1,46,74,4,78,124
09/17/2020,HVN,CT,ANE,EN,Federal Contract Tower,2,11,11,2,26,0,0,42,0,42,2,11,53,2,68,62,0,62,130
09/18/2020,HVN,CT,ANE,EN,Federal Contract Tower,1,3,15,0,19,0,0,29,0,29,1,3,44,0,48,10,0,10,58
09/19/2020,HVN,CT,ANE,EN,Federal Contract Tower,2,3,8,2,15,0,0,40,0,40,2,3,48,2,55,62,0,62,117
09/20/2020,HVN,CT,ANE,EN,Federal Contract Tower,2,7,4,0,13,0,0,29,0,29,2,7,33,0,42,70,0,70,112
09/21/2020,HVN,CT,ANE,EN,Federal Contract Tower,2,5,10,0,17,0,1,30,0,31,2,6,40,0,48,74,0,74,122
09/22/2020,HVN,CT,ANE,EN,Federal Contract Tower,2,4,2,0,8,0,0,17,0,17,2,4,19,0,25,22,0,22,47
09/23/2020,HVN,CT,ANE,EN,Federal Contract Tower,2,3,5,0,10,0,1,30,3,34,2,4,35,3,44,60,8,68,112
09/24/2020,HVN,CT,ANE,EN,Federal Contract Tower,2,7,4,0,13,0,2,49,0,51,2,9,53,0,64,60,0,60,124
09/25/2020,HVN,CT,ANE,EN,Federal Contract Tower,2,2,0,0,4,0,0,49,0,49,2,2,49,0,53,42,0,42,95
09/26/2020,HVN,CT,ANE,EN,Federal Contract Tower,2,1,10,0,13,0,0,29,0,29,2,1,39,0,42,22,0,22,64
09/27/2020,HVN,CT,ANE,EN,Federal Contract Tower,2,4,9,0,15,0,0,10,0,10,2,4,19,0,25,50,0,50,75
09/28/2020,HVN,CT,ANE,EN,Federal Contract Tower,2,6,12,0,20,0,2,13,0,15,2,8,25,0,35,18,0,18,53
09/29/2020,HVN,CT,ANE,EN,Federal Contract Tower,2,5,10,0,17,0,0,2,0,2,2,5,12,0,19,28,0,28,47
09/30/2020,HVN,CT,ANE,EN,Federal Contract Tower,2,4,11,0,17,0,0,7,0,7,2,4,18,0,24,24,0,24,48
10/01/2020,HVN,CT,ANE,EN,Federal Contract Tower,2,12,4,0,18,0,9,32,0,41,2,21,36,0,59,120,0,120,179
10/02/2020,HVN,CT,ANE,EN,Federal Contract Tower,2,4,9,0,15,0,0,32,2,34,2,4,41,2,49,38,0,38,87
10/03/2020,HVN,CT,ANE,EN,Federal Contract Tower,2,10,4,0,16,0,0,59,0,59,2,10,63,0,75,136,0,136,211
10/04/2020,HVN,CT,ANE,EN,Federal Contract Tower,2,2,1,0,5,0,0,49,0,49,2,2,50,0,54,38,0,38,92
10/05/2020,HVN,CT,ANE,EN,Federal Contract Tower,2,3,12,0,17,0,2,23,0,25,2,5,35,0,42,86,2,88,130
10/06/2020,HVN,CT,ANE,EN,Federal Contract Tower,1,8,14,0,23,0,0,32,0,32,1,8,46,0,55,92,0,92,147
10/07/2020,HVN,CT,ANE,EN,Federal Contract Tower,0,2,10,2,14,0,1,11,0,12,0,3,21,2,26,10,0,10,36
10/08/2020,HVN,CT,ANE,EN,Federal Contract Tower,0,10,8,0,18,0,3,20,0,23,0,13,28,0,41,20,0,20,61
10/09/2020,HVN,CT,ANE,EN,Federal Contract Tower,0,2,2,0,4,0,2,52,0,54,0,4,54,0,58,110,0,110,168
10/10/2020,HVN,CT,ANE,EN,Federal Contract Tower,0,3,0,0,3,0,2,21,0,23,0,5,21,0,26,28,0,28,54
10/11/2020,HVN,CT,ANE,EN,Federal Contract Tower,0,15,2,0,17,0,1,45,0,46,0,16,47,0,63,108,0,108,171
10/12/2020,HVN,CT,ANE,EN,Federal Contract Tower,0,5,6,0,11,0,4,4,0,8,0,9,10,0,19,26,0,26,45
10/13/2020,HVN,CT,ANE,EN,Federal Contract Tower,0,7,14,0,21,0,0,1,0,1,0,7,15,0,22,0,0,0,22
10/14/2020,HVN,CT,ANE,EN,Federal Contract Tower,0,3,9,0,12,0,3,52,0,55,0,6,61,0,67,68,0,68,135
10/15/2020,HVN,CT,ANE,EN,Federal Contract Tower,0,3,8,0,11,0,1,43,1,45,0,4,51,1,56,64,0,64,120
10/16/2020,HVN,CT,ANE,EN,Federal Contract Tower,0,9,18,0,27,0,0,1,0,1,0,9,19,0,28,0,0,0,28
10/17/2020,HVN,CT,ANE,EN,Federal Contract Tower,0,3,3,0,6,0,0,38,0,38,0,3,41,0,44,120,0,120,164
10/18/2020,HVN,CT,ANE,EN,Federal Contract Tower,0,2,3,0,5,0,0,59,2,61,0,2,62,2,66,116,0,116,182
10/19/2020,HVN,CT,ANE,EN,Federal Contract Tower,0,2,8,0,10,0,3,26,2,31,0,5,34,2,41,32,0,32,73
10/20/2020,HVN,CT,ANE,EN,Federal Contract Tower,0,3,11,0,14,0,0,3,0,3,0,3,14,0,17,30,0,30,47
10/21/2020,HVN,CT,ANE,EN,Federal Contract Tower,0,6,7,0,13,0,1,9,0,10,0,7,16,0,23,16,0,16,39
10/22/2020,HVN,CT,ANE,EN,Federal Contract Tower,0,8,13,0,21,0,0,9,0,9,0,8,22,0,30,8,0,8,38
10/23/2020,HVN,CT,ANE,EN,Federal Contract Tower,0,6,17,2,25,0,0,1,0,1,0,6,18,2,26,0,0,0,26
10/24/2020,HVN,CT,ANE,EN,Federal Contract Tower,0,3,17,0,20,0,1,17,0,18,0,4,34,0,38,34,0,34,72
10/25/2020,HVN,CT,ANE,EN,Federal Contract Tower,0,6,9,0,15,0,0,62,0,62,0,6,71,0,77,140,0,140,217
10/26/2020,HVN,CT,ANE,EN,Federal Contract Tower,0,9,6,0,15,0,0,0,0,0,0,9,6,0,15,0,0,0,15
10/27/2020,HVN,CT,ANE,EN,Federal Contract Tower,0,10,17,2,29,0,4,30,0,34,0,14,47,2,63,106,0,106,169
10/28/2020,HVN,CT,ANE,EN,Federal Contract Tower,0,3,17,0,20,0,0,12,0,12,0,3,29,0,32,4,0,4,36
10/29/2020,HVN,CT,ANE,EN,Federal Contract Tower,0,1,2,0,3,0,0,2,0,2,0,1,4,0,5,38,0,38,43
10/30/2020,HVN,CT,ANE,EN,Federal Contract Tower,0,11,6,0,17,0,0,0,0,0,0,11,6,0,17,0,0,0,17
10/31/2020,HVN,CT,ANE,EN,Federal Contract Tower,0,5,4,2,11,0,0,42,0,42,0,5,46,2,53,124,0,124,177
11/01/2020,HVN,CT,ANE,EN,Federal Contract Tower,0,7,6,0,13,0,0,13,0,13,0,7,19,0,26,56,0,56,82
11/02/2020,HVN,CT,ANE,EN,Federal Contract Tower,0,7,2,0,9,0,0,2,0,2,0,7,4,0,11,0,0,0,11
11/03/2020,HVN,CT,ANE,EN,Federal Contract Tower,0,3,3,0,6,0,0,16,0,16,0,3,19,0,22,48,0,48,70
11/04/2020,HVN,CT,ANE,EN,Federal Contract Tower,0,10,2,0,12,0,0,39,0,39,0,10,41,0,51,122,0,122,173
11/05/2020,HVN,CT,ANE,EN,Federal Contract Tower,0,10,3,0,13,0,1,36,1,38,0,11,39,1,51,70,2,72,123
11/06/2020,HVN,CT,ANE,EN,Federal Contract Tower,0,6,1,0,7,0,0,37,4,41,0,6,38,4,48,110,0,110,158
11/07/2020,HVN,CT,ANE,EN,Federal Contract Tower,0,3,6,0,9,0,0,66,0,66,0,3,72,0,75,164,0,164,239
11/08/2020,HVN,CT,ANE,EN,Federal Contract Tower,0,4,9,0,13,0,1,47,0,48,0,5,56,0,61,110,0,110,171
11/09/2020,HVN,CT,ANE,EN,Federal Contract Tower,0,1,3,0,4,0,0,28,3,31,0,1,31,3,35,58,0,58,93
11/10/2020,HVN,CT,ANE,EN,Federal Contract Tower,0,3,3,0,6,0,0,0,0,0,0,3,3,0,6,108,0,108,114
11/11/2020,HVN,CT,ANE,EN,Federal Contract Tower,0,4,11,0,15,0,0,5,0,5,0,4,16,0,20,22,0,22,42
11/12/2020,HVN,CT,ANE,EN,Federal Contract Tower,0,5,1,0,6,0,0,7,0,7,0,5,8,0,13,46,0,46,59
11/13/2020,HVN,CT,ANE,EN,Federal Contract Tower,0,4,4,0,8,0,0,0,0,0,0,4,4,0,8,0,0,0,8
11/14/2020,HVN,CT,ANE,EN,Federal Contract Tower,0,1,11,0,12,0,0,44,0,44,0,1,55,0,56,84,0,84,140
11/15/2020,HVN,CT,ANE,EN,Federal Contract Tower,0,3,2,0,5,0,0,13,0,13,0,3,15,0,18,112,0,112,130
11/16/2020,HVN,CT,ANE,EN,Federal Contract Tower,0,4,1,0,5,0,0,18,0,18,0,4,19,0,23,74,0,74,97
11/18/2020,HVN,CT,ANE,EN,Federal Contract Tower,0,0,3,0,3,0,0,18,0,18,0,0,21,0,21,64,0,64,85
11/19/2020,HVN,CT,ANE,EN,Federal Contract Tower,0,1,5,0,6,0,0,19,0,19,0,1,24,0,25,136,0,136,161
11/20/2020,HVN,CT,ANE,EN,Federal Contract Tower,0,5,7,0,12,0,0,33,0,33,0,5,40,0,45,48,0,48,93
11/21/2020,HVN,CT,ANE,EN,Federal Contract Tower,0,3,16,0,19,0,0,44,0,44,0,3,60,0,63,100,0,100,163
11/22/2020,HVN,CT,ANE,EN,Federal Contract Tower,0,11,10,0,21,0,0,16,0,16,0,11,26,0,37,54,0,54,91
11/23/2020,HVN,CT,ANE,EN,Federal Contract Tower,0,1,2,0,3,0,1,6,0,7,0,2,8,0,10,46,0,46,56
11/24/2020,HVN,CT,ANE,EN,Federal Contract Tower,0,5,5,0,10,0,0,26,0,26,0,5,31,0,36,36,0,36,72
11/25/2020,HVN,CT,ANE,EN,Federal Contract Tower,0,2,4,0,6,0,0,34,0,34,0,2,38,0,40,78,0,78,118
11/26/2020,HVN,CT,ANE,EN,Federal Contract Tower,0,2,4,0,6,0,0,2,0,2,0,2,6,0,8,40,0,40,48
11/27/2020,HVN,CT,ANE,EN,Federal Contract Tower,0,2,10,0,12,0,0,42,0,42,0,2,52,0,54,114,0,114,168
11/28/2020,HVN,CT,ANE,EN,Federal Contract Tower,0,8,4,0,12,0,0,35,0,35,0,8,39,0,47,54,0,54,101
11/29/2020,HVN,CT,ANE,EN,Federal Contract Tower,0,4,5,0,9,0,0,47,0,47,0,4,52,0,56,136,0,136,192
11/30/2020,HVN,CT,ANE,EN,Federal Contract Tower,0,1,4,0,5,0,0,0,0,0,0,1,4,0,5,0,0,0,5
12/01/2020,HVN,CT,ANE,EN,Federal Contract Tower,0,1,4,0,5,0,0,0,0,0,0,1,4,0,5,0,0,0,5
12/02/2020,HVN,CT,ANE,EN,Federal Contract Tower,0,4,8,0,12,0,0,7,0,7,0,4,15,0,19,16,0,16,35
12/03/2020,HVN,CT,ANE,EN,Federal Contract Tower,0,5,11,0,16,0,0,29,0,29,0,5,40,0,45,62,0,62,107
12/04/2020,HVN,CT,ANE,EN,Federal Contract Tower,0,4,6,0,10,0,0,22,0,22,0,4,28,0,32,72,0,72,104
12/05/2020,HVN,CT,ANE,EN,Federal Contract Tower,0,4,1,0,5,0,0,2,0,2,0,4,3,0,7,16,0,16,23
12/06/2020,HVN,CT,ANE,EN,Federal Contract Tower,0,4,3,0,7,0,0,1,0,1,0,4,4,0,8,2,0,2,10
12/07/2020,HVN,CT,ANE,EN,Federal Contract Tower,0,3,3,0,6,0,0,12,0,12,0,3,15,0,18,24,0,24,42
12/08/2020,HVN,CT,ANE,EN,Federal Contract Tower,0,1,6,0,7,0,0,3,0,3,0,1,9,0,10,22,0,22,32
12/09/2020,HVN,CT,ANE,EN,Federal Contract Tower,0,4,6,0,10,0,4,23,0,27,0,8,29,0,37,108,0,108,145
12/10/2020,HVN,CT,ANE,EN,Federal Contract Tower,0,0,16,0,16,0,0,25,2,27,0,0,41,2,43,98,2,100,143
12/11/2020,HVN,CT,ANE,EN,Federal Contract Tower,0,6,3,0,9,0,0,31,0,31,0,6,34,0,40,118,0,118,158
12/12/2020,HVN,CT,ANE,EN,Federal Contract Tower,0,4,8,0,12,0,0,0,0,0,0,4,8,0,12,0,0,0,12
12/13/2020,HVN,CT,ANE,EN,Federal Contract Tower,0,2,10,0,12,0,0,53,0,53,0,2,63,0,65,96,0,96,161
12/14/2020,HVN,CT,ANE,EN,Federal Contract Tower,0,7,4,0,11,0,0,2,0,2,0,7,6,0,13,0,0,0,13
12/15/2020,HVN,CT,ANE,EN,Federal Contract Tower,0,9,9,2,20,0,0,15,0,15,0,9,24,2,35,20,0,20,55
12/16/2020,HVN,CT,ANE,EN,Federal Contract Tower,0,2,4,0,6,0,0,6,0,6,0,2,10,0,12,46,0,46,58
12/17/2020,HVN,CT,ANE,EN,Federal Contract Tower,0,1,0,0,1,0,0,0,0,0,0,1,0,0,1,0,0,0,1
12/18/2020,HVN,CT,ANE,EN,Federal Contract Tower,0,5,6,0,11,0,0,15,0,15,0,5,21,0,26,16,0,16,42
12/19/2020,HVN,CT,ANE,EN,Federal Contract Tower,0,6,10,0,16,0,0,28,0,28,0,6,38,0,44,94,0,94,138
12/20/2020,HVN,CT,ANE,EN,Federal Contract Tower,0,4,8,0,12,0,0,9,0,9,0,4,17,0,21,50,0,50,71
12/21/2020,HVN,CT,ANE,EN,Federal Contract Tower,0,2,7,0,9,0,0,8,0,8,0,2,15,0,17,78,0,78,95
12/22/2020,HVN,CT,ANE,EN,Federal Contract Tower,0,4,7,2,13,0,0,10,0,10,0,4,17,2,23,84,0,84,107
12/23/2020,HVN,CT,ANE,EN,Federal Contract Tower,0,6,6,0,12,0,0,39,0,39,0,6,45,0,51,172,0,172,223
12/24/2020,HVN,CT,ANE,EN,Federal Contract Tower,0,2,2,0,4,0,0,6,0,6,0,2,8,0,10,4,0,4,14
12/25/2020,HVN,CT,ANE,EN,Federal Contract Tower,0,2,4,0,6,0,0,2,0,2,0,2,6,0,8,8,0,8,16
12/26/2020,HVN,CT,ANE,EN,Federal Contract Tower,0,5,8,0,13,0,0,16,0,16,0,5,24,0,29,18,0,18,47
12/27/2020,HVN,CT,ANE,EN,Federal Contract Tower,0,3,6,0,9,0,0,69,0,69,0,3,75,0,78,170,0,170,248
12/28/2020,HVN,CT,ANE,EN,Federal Contract Tower,0,0,7,0,7,0,0,13,0,13,0,0,20,0,20,36,0,36,56
12/29/2020,HVN,CT,ANE,EN,Federal Contract Tower,0,3,6,0,9,0,2,9,0,11,0,5,15,0,20,28,0,28,48
12/30/2020,HVN,CT,ANE,EN,Federal Contract Tower,0,6,11,0,17,0,0,30,0,30,0,6,41,0,47,62,0,62,109
12/31/2020,HVN,CT,ANE,EN,Federal Contract Tower,0,6,6,0,12,0,0,8,0,8,0,6,14,0,20,6,0,6,26
01/01/2021,HVN,CT,ANE,EN,Federal Contract Tower,0,2,5,0,7,0,0,20,0,20,0,2,25,0,27,38,0,38,65
01/02/2021,HVN,CT,ANE,EN,Federal Contract Tower,0,0,11,0,11,0,0,6,0,6,0,0,17,0,17,4,0,4,21
01/03/2021,HVN,CT,ANE,EN,Federal Contract Tower,0,6,7,0,13,0,0,5,1,6,0,6,12,1,19,8,0,8,27
01/04/2021,HVN,CT,ANE,EN,Federal Contract Tower,0,5,7,0,12,0,0,13,0,13,0,5,20,0,25,42,0,42,67
01/05/2021,HVN,CT,ANE,EN,Federal Contract Tower,2,5,4,0,11,0,0,19,2,21,2,5,23,2,32,56,2,58,90
01/06/2021,HVN,CT,ANE,EN,Federal Contract Tower,2,3,6,0,11,0,2,11,0,13,2,5,17,0,24,18,0,18,42
01/07/2021,HVN,CT,ANE,EN,Federal Contract Tower,0,7,3,0,10,0,0,18,2,20,0,7,21,2,30,24,0,24,54
01/08/2021,HVN,CT,ANE,EN,Federal Contract Tower,2,5,5,0,12,0,0,20,0,20,2,5,25,0,32,96,0,96,128
01/09/2021,HVN,CT,ANE,EN,Federal Contract Tower,2,2,4,0,8,0,0,30,0,30,2,2,34,0,38,30,0,30,68
01/10/2021,HVN,CT,ANE,EN,Federal Contract Tower,2,3,3,0,8,0,0,0,0,0,2,3,3,0,8,74,0,74,82
01/11/2021,HVN,CT,ANE,EN,Federal Contract Tower,2,2,6,0,10,0,0,10,0,10,2,2,16,0,20,100,0,100,120
01/12/2021,HVN,CT,ANE,EN,Federal Contract Tower,2,10,4,0,16,0,3,28,0,31,2,13,32,0,47,72,0,72,119
01/13/2021,HVN,CT,ANE,EN,Federal Contract Tower,2,0,9,0,11,0,0,18,0,18,2,0,27,0,29,34,0,34,63
01/14/2021,HVN,CT,ANE,EN,Federal Contract Tower,2,4,8,0,14,0,1,32,0,33,2,5,40,0,47,118,0,118,165
01/15/2021,HVN,CT,ANE,EN,Federal Contract Tower,2,0,4,0,6,0,3,5,0,8,2,3,9,0,14,2,0,2,16
01/16/2021,HVN,CT,ANE,EN,Federal Contract Tower,2,0,5,0,7,0,0,8,0,8,2,0,13,0,15,8,0,8,23
01/17/2021,HVN,CT,ANE,EN,Federal Contract Tower,2,1,1,0,4,0,0,15,0,15,2,1,16,0,19,4,0,4,23
01/18/2021,HVN,CT,ANE,EN,Federal Contract Tower,2,1,1,0,4,0,0,10,0,10,2,1,11,0,14,24,0,24,38
01/19/2021,HVN,CT,ANE,EN,Federal Contract Tower,2,2,6,0,10,0,0,15,0,15,2,2,21,0,25,40,0,40,65
01/20/2021,HVN,CT,ANE,EN,Federal Contract Tower,2,0,1,0,3,0,0,4,0,4,2,0,5,0,7,18,0,18,25
01/21/2021,HVN,CT,ANE,EN,Federal Contract Tower,2,2,0,0,4,0,0,11,0,11,2,2,11,0,15,44,0,44,59
01/22/2021,HVN,CT,ANE,EN,Federal Contract Tower,2,1,4,0,7,0,0,27,0,27,2,1,31,0,34,46,0,46,80
01/23/2021,HVN,CT,ANE,EN,Federal Contract Tower,2,1,0,0,3,0,0,15,0,15,2,1,15,0,18,10,0,10,28
01/24/2021,HVN,CT,ANE,EN,Federal Contract Tower,2,3,6,0,11,0,0,12,0,12,2,3,18,0,23,96,0,96,119
01/25/2021,HVN,CT,ANE,EN,Federal Contract Tower,2,4,12,0,18,0,0,24,0,24,2,4,36,0,42,106,0,106,148
01/26/2021,HVN,CT,ANE,EN,Federal Contract Tower,2,0,1,0,3,0,0,2,0,2,2,0,3,0,5,4,0,4,9
01/27/2021,HVN,CT,ANE,EN,Federal Contract Tower,2,0,0,0,2,0,0,7,2,9,2,0,7,2,11,46,4,50,61
01/28/2021,HVN,CT,ANE,EN,Federal Contract Tower,2,2,2,0,6,0,0,8,1,9,2,2,10,1,15,4,2,6,21
01/29/2021,HVN,CT,ANE,EN,Federal Contract Tower,2,2,1,0,5,0,0,3,0,3,2,2,4,0,8,2,0,2,10
01/30/2021,HVN,CT,ANE,EN,Federal Contract Tower,2,7,2,0,11,0,0,23,0,23,2,7,25,0,34,56,0,56,90
01/31/2021,HVN,CT,ANE,EN,Federal Contract Tower,2,3,5,0,10,0,0,39,0,39,2,3,44,0,49,166,0,166,215
02/01/2021,HVN,CT,ANE,EN,Federal Contract Tower,0,0,0,0,0,0,0,0,0,0,0,0,0,0,0,0,0,0,0
02/02/2021,HVN,CT,ANE,EN,Federal Contract Tower,0,2,3,0,5,0,0,0,0,0,0,2,3,0,5,0,0,0,5
02/03/2021,HVN,CT,ANE,EN,Federal Contract Tower,2,3,3,0,8,0,0,8,0,8,2,3,11,0,16,10,8,18,34
02/04/2021,HVN,CT,ANE,EN,Federal Contract Tower,2,2,10,4,18,0,2,20,2,24,2,4,30,6,42,50,2,52,94
02/05/2021,HVN,CT,ANE,EN,Federal Contract Tower,2,7,0,0,9,0,4,7,0,11,2,11,7,0,20,26,0,26,46
02/06/2021,HVN,CT,ANE,EN,Federal Contract Tower,2,6,2,0,10,0,0,31,0,31,2,6,33,0,41,102,0,102,143
02/07/2021,HVN,CT,ANE,EN,Federal Contract Tower,0,0,0,0,0,0,0,0,0,0,0,0,0,0,0,0,0,0,0
02/08/2021,HVN,CT,ANE,EN,Federal Contract Tower,2,4,9,0,15,0,2,16,0,18,2,6,25,0,33,20,0,20,53
02/09/2021,HVN,CT,ANE,EN,Federal Contract Tower,2,3,0,0,5,0,0,0,0,0,2,3,0,0,5,0,0,0,5
02/10/2021,HVN,CT,ANE,EN,Federal Contract Tower,2,1,0,2,5,0,0,19,2,21,2,1,19,4,26,54,0,54,80
02/11/2021,HVN,CT,ANE,EN,Federal Contract Tower,2,9,5,4,20,0,1,16,2,19,2,10,21,6,39,18,0,18,57
02/12/2021,HVN,CT,ANE,EN,Federal Contract Tower,2,4,6,0,12,0,0,28,0,28,2,4,34,0,40,94,0,94,134
02/13/2021,HVN,CT,ANE,EN,Federal Contract Tower,2,3,10,0,15,0,0,20,0,20,2,3,30,0,35,76,0,76,111
02/14/2021,HVN,CT,ANE,EN,Federal Contract Tower,2,2,3,0,7,0,0,13,0,13,2,2,16,0,20,42,0,42,62
02/15/2021,HVN,CT,ANE,EN,Federal Contract Tower,2,3,0,0,5,0,0,3,0,3,2,3,3,0,8,54,0,54,62
02/16/2021,HVN,CT,ANE,EN,Federal Contract Tower,0,2,3,0,5,0,0,2,0,2,0,2,5,0,7,22,0,22,29
02/17/2021,HVN,CT,ANE,EN,Federal Contract Tower,0,5,5,1,11,0,1,24,2,27,0,6,29,3,38,106,6,112,150
02/18/2021,HVN,CT,ANE,EN,Federal Contract Tower,0,2,0,0,2,0,0,0,0,0,0,2,0,0,2,0,0,0,2
02/19/2021,HVN,CT,ANE,EN,Federal Contract Tower,2,0,2,1,5,0,0,0,0,0,2,0,2,1,5,0,0,0,5
02/20/2021,HVN,CT,ANE,EN,Federal Contract Tower,2,7,9,0,18,0,0,14,0,14,2,7,23,0,32,86,0,86,118
02/21/2021,HVN,CT,ANE,EN,Federal Contract Tower,2,3,5,0,10,0,0,59,0,59,2,3,64,0,69,124,10,134,203
02/22/2021,HVN,CT,ANE,EN,Federal Contract Tower,2,2,4,0,8,0,0,0,0,0,2,2,4,0,8,0,0,0,8
02/23/2021,HVN,CT,ANE,EN,Federal Contract Tower,0,1,7,0,8,0,0,7,0,7,0,1,14,0,15,14,2,16,31
02/24/2021,HVN,CT,ANE,EN,Federal Contract Tower,0,7,5,0,12,0,0,45,0,45,0,7,50,0,57,92,0,92,149
02/25/2021,HVN,CT,ANE,EN,Federal Contract Tower,2,7,9,0,18,0,0,10,0,10,2,7,19,0,28,20,0,20,48
02/26/2021,HVN,CT,ANE,EN,Federal Contract Tower,2,2,7,0,11,0,0,48,4,52,2,2,55,4,63,208,0,208,271
02/27/2021,HVN,CT,ANE,EN,Federal Contract Tower,2,7,1,0,10,0,0,0,0,0,2,7,1,0,10,0,0,0,10
02/28/2021,HVN,CT,ANE,EN,Federal Contract Tower,2,3,1,0,6,0,0,23,2,25,2,3,24,2,31,104,0,104,135
03/01/2021,HVN,CT,ANE,EN,Federal Contract Tower,2,8,6,0,16,0,0,4,0,4,2,8,10,0,20,26,0,26,46
03/02/2021,HVN,CT,ANE,EN,Federal Contract Tower,0,3,1,0,4,0,0,0,0,0,0,3,1,0,4,14,0,14,18
03/03/2021,HVN,CT,ANE,EN,Federal Contract Tower,0,1,12,0,13,0,0,33,0,33,0,1,45,0,46,82,0,82,128
03/04/2021,HVN,CT,ANE,EN,Federal Contract Tower,2,2,5,0,9,0,2,17,0,19,2,4,22,0,28,12,0,12,40
03/05/2021,HVN,CT,ANE,EN,Federal Contract Tower,2,2,5,0,9,0,0,6,0,6,2,2,11,0,15,0,0,0,15
03/06/2021,HVN,CT,ANE,EN,Federal Contract Tower,2,4,3,0,9,0,0,29,0,29,2,4,32,0,38,104,0,104,142
03/07/2021,HVN,CT,ANE,EN,Federal Contract Tower,2,8,6,0,16,0,0,39,0,39,2,8,45,0,55,132,0,132,187
03/08/2021,HVN,CT,ANE,EN,Federal Contract Tower,2,9,14,0,25,0,0,31,0,31,2,9,45,0,56,100,0,100,156
03/09/2021,HVN,CT,ANE,EN,Federal Contract Tower,0,1,6,0,7,0,0,21,0,21,0,1,27,0,28,104,0,104,132
03/10/2021,HVN,CT,ANE,EN,Federal Contract Tower,0,3,3,0,6,0,0,54,0,54,0,3,57,0,60,138,0,138,198
03/11/2021,HVN,CT,ANE,EN,Federal Contract Tower,2,4,13,2,21,0,0,29,2,31,2,4,42,4,52,86,0,86,138
03/12/2021,HVN,CT,ANE,EN,Federal Contract Tower,2,2,8,0,12,0,4,11,1,16,2,6,19,1,28,50,0,50,78
03/13/2021,HVN,CT,ANE,EN,Federal Contract Tower,2,3,7,0,12,0,0,18,0,18,2,3,25,0,30,94,0,94,124
03/14/2021,HVN,CT,ANE,EN,Federal Contract Tower,2,9,5,0,16,0,0,20,0,20,2,9,25,0,36,26,0,26,62
03/15/2021,HVN,CT,ANE,EN,Federal Contract Tower,2,2,1,0,5,0,0,2,0,2,2,2,3,0,7,12,0,12,19
03/16/2021,HVN,CT,ANE,EN,Federal Contract Tower,2,6,8,0,16,0,0,28,0,28,2,6,36,0,44,62,0,62,106
03/17/2021,HVN,CT,ANE,EN,Federal Contract Tower,0,5,19,0,24,0,0,18,3,21,0,5,37,3,45,92,0,92,137
03/18/2021,HVN,CT,ANE,EN,Federal Contract Tower,2,6,8,0,16,0,0,0,0,0,2,6,8,0,16,0,0,0,16
03/19/2021,HVN,CT,ANE,EN,Federal Contract Tower,2,3,9,2,16,0,1,5,0,6,2,4,14,2,22,42,0,42,64
03/20/2021,HVN,CT,ANE,EN,Federal Contract Tower,2,2,9,0,13,0,0,55,0,55,2,2,64,0,68,196,0,196,264
03/21/2021,HVN,CT,ANE,EN,Federal Contract Tower,2,9,14,0,25,0,1,38,2,41,2,10,52,2,66,240,0,240,306
03/22/2021,HVN,CT,ANE,EN,Federal Contract Tower,2,8,4,0,14,0,0,34,0,34,2,8,38,0,48,100,0,100,148
03/23/2021,HVN,CT,ANE,EN,Federal Contract Tower,2,3,5,4,14,0,0,40,0,40,2,3,45,4,54,86,0,86,140
03/24/2021,HVN,CT,ANE,EN,Federal Contract Tower,0,4,3,0,7,0,0,5,0,5,0,4,8,0,12,32,0,32,44
03/25/2021,HVN,CT,ANE,EN,Federal Contract Tower,2,11,4,2,19,0,0,7,0,7,2,11,11,2,26,20,0,20,46
03/26/2021,HVN,CT,ANE,EN,Federal Contract Tower,2,1,1,4,8,0,0,0,0,0,2,1,1,4,8,0,0,0,8
03/27/2021,HVN,CT,ANE,EN,Federal Contract Tower,2,7,12,0,21,0,0,52,0,52,2,7,64,0,73,130,0,130,203
03/28/2021,HVN,CT,ANE,EN,Federal Contract Tower,0,5,2,0,7,0,0,0,0,0,0,5,2,0,7,0,0,0,7
03/29/2021,HVN,CT,ANE,EN,Federal Contract Tower,2,5,0,0,7,0,0,0,0,0,2,5,0,0,7,0,0,0,7
03/30/2021,HVN,CT,ANE,EN,Federal Contract Tower,0,3,7,0,10,0,0,37,0,37,0,3,44,0,47,64,0,64,111
03/31/2021,HVN,CT,ANE,EN,Federal Contract Tower,0,4,7,0,11,0,0,8,0,8,0,4,15,0,19,36,0,36,55
04/01/2021,HVN,CT,ANE,EN,Federal Contract Tower,2,2,2,0,6,0,0,0,2,2,2,2,2,2,8,6,6,12,20
04/02/2021,HVN,CT,ANE,EN,Federal Contract Tower,2,6,9,0,17,0,0,15,0,15,2,6,24,0,32,58,0,58,90
04/03/2021,HVN,CT,ANE,EN,Federal Contract Tower,2,8,9,0,19,0,0,45,0,45,2,8,54,0,64,126,0,126,190
04/04/2021,HVN,CT,ANE,EN,Federal Contract Tower,2,3,4,0,9,0,0,29,0,29,2,3,33,0,38,218,0,218,256
04/05/2021,HVN,CT,ANE,EN,Federal Contract Tower,2,6,2,0,10,0,1,3,0,4,2,7,5,0,14,14,0,14,28
04/06/2021,HVN,CT,ANE,EN,Federal Contract Tower,0,1,6,1,8,0,0,16,0,16,0,1,22,1,24,38,0,38,62
04/07/2021,HVN,CT,ANE,EN,Federal Contract Tower,0,7,12,1,20,0,0,54,0,54,0,7,66,1,74,96,0,96,170
04/08/2021,HVN,CT,ANE,EN,Federal Contract Tower,2,6,9,0,17,0,0,40,0,40,2,6,49,0,57,94,0,94,151
04/09/2021,HVN,CT,ANE,EN,Federal Contract Tower,2,10,18,0,30,0,0,11,0,11,2,10,29,0,41,50,0,50,91
04/10/2021,HVN,CT,ANE,EN,Federal Contract Tower,2,3,14,0,19,0,0,11,0,11,2,3,25,0,30,96,0,96,126
04/11/2021,HVN,CT,ANE,EN,Federal Contract Tower,2,2,0,0,4,0,0,0,0,0,2,2,0,0,4,0,0,0,4
04/12/2021,HVN,CT,ANE,EN,Federal Contract Tower,2,2,4,0,8,0,2,6,0,8,2,4,10,0,16,54,0,54,70
04/13/2021,HVN,CT,ANE,EN,Federal Contract Tower,0,5,13,0,18,0,0,43,0,43,0,5,56,0,61,130,2,132,193
04/14/2021,HVN,CT,ANE,EN,Federal Contract Tower,0,1,13,0,14,0,0,15,0,15,0,1,28,0,29,88,0,88,117
04/15/2021,HVN,CT,ANE,EN,Federal Contract Tower,2,7,1,0,10,0,0,0,0,0,2,7,1,0,10,0,0,0,10
04/16/2021,HVN,CT,ANE,EN,Federal Contract Tower,2,4,11,0,17,0,0,18,0,18,2,4,29,0,35,76,0,76,111
04/17/2021,HVN,CT,ANE,EN,Federal Contract Tower,2,8,6,0,16,0,0,38,0,38,2,8,44,0,54,128,0,128,182
04/18/2021,HVN,CT,ANE,EN,Federal Contract Tower,2,6,18,0,26,0,2,41,10,53,2,8,59,10,79,90,0,90,169
04/19/2021,HVN,CT,ANE,EN,Federal Contract Tower,2,3,5,0,10,0,1,27,2,30,2,4,32,2,40,104,0,104,144
04/20/2021,HVN,CT,ANE,EN,Federal Contract Tower,0,5,11,2,18,0,0,28,3,31,0,5,39,5,49,66,2,68,117
04/21/2021,HVN,CT,ANE,EN,Federal Contract Tower,0,3,19,0,22,0,0,4,0,4,0,3,23,0,26,26,0,26,52
04/22/2021,HVN,CT,ANE,EN,Federal Contract Tower,4,2,7,0,13,0,0,5,2,7,4,2,12,2,20,8,4,12,32
04/23/2021,HVN,CT,ANE,EN,Federal Contract Tower,2,10,9,1,22,0,5,24,1,30,2,15,33,2,52,78,0,78,130
04/24/2021,HVN,CT,ANE,EN,Federal Contract Tower,2,4,12,0,18,0,0,37,0,37,2,4,49,0,55,208,0,208,263
04/25/2021,HVN,CT,ANE,EN,Federal Contract Tower,2,3,4,0,9,0,0,7,0,7,2,3,11,0,16,46,0,46,62
04/27/2021,HVN,CT,ANE,EN,Federal Contract Tower,0,9,5,0,14,0,0,37,0,37,0,9,42,0,51,136,0,136,187
04/28/2021,HVN,CT,ANE,EN,Federal Contract Tower,0,5,6,0,11,0,0,41,0,41,0,5,47,0,52,246,0,246,298
04/29/2021,HVN,CT,ANE,EN,Federal Contract Tower,2,4,6,0,12,0,0,6,0,6,2,4,12,0,18,28,0,28,46
04/30/2021,HVN,CT,ANE,EN,Federal Contract Tower,4,6,0,0,10,0,0,5,0,5,4,6,5,0,15,16,0,16,31
05/01/2021,HVN,CT,ANE,EN,Federal Contract Tower,2,3,8,0,13,0,0,22,0,22,2,3,30,0,35,80,0,80,115
05/02/2021,HVN,CT,ANE,EN,Federal Contract Tower,2,8,4,0,14,0,2,40,2,44,2,10,44,2,58,102,0,102,160
05/03/2021,HVN,CT,ANE,EN,Federal Contract Tower,2,2,9,0,13,0,0,18,0,18,2,2,27,0,31,66,0,66,97
05/04/2021,HVN,CT,ANE,EN,Federal Contract Tower,0,7,11,0,18,0,0,4,0,4,0,7,15,0,22,64,0,64,86
05/05/2021,HVN,CT,ANE,EN,Federal Contract Tower,0,0,10,0,10,0,0,0,0,0,0,0,10,0,10,0,0,0,10
05/06/2021,HVN,CT,ANE,EN,Federal Contract Tower,2,9,12,1,24,0,1,33,0,34,2,10,45,1,58,80,0,80,138
05/07/2021,HVN,CT,ANE,EN,Federal Contract Tower,2,3,14,0,19,0,2,36,0,38,2,5,50,0,57,98,0,98,155
05/08/2021,HVN,CT,ANE,EN,Federal Contract Tower,2,6,5,0,13,0,0,39,0,39,2,6,44,0,52,172,0,172,224
05/09/2021,HVN,CT,ANE,EN,Federal Contract Tower,2,6,2,2,12,0,0,24,0,24,2,6,26,2,36,146,0,146,182
05/10/2021,HVN,CT,ANE,EN,Federal Contract Tower,2,8,12,0,22,0,0,16,0,16,2,8,28,0,38,8,0,8,46
05/11/2021,HVN,CT,ANE,EN,Federal Contract Tower,0,1,14,2,17,0,0,16,0,16,0,1,30,2,33,40,0,40,73
05/12/2021,HVN,CT,ANE,EN,Federal Contract Tower,0,5,14,0,19,0,0,33,4,37,0,5,47,4,56,14,0,14,70
05/13/2021,HVN,CT,ANE,EN,Federal Contract Tower,2,7,6,0,15,0,0,51,6,57,2,7,57,6,72,68,4,72,144
05/14/2021,HVN,CT,ANE,EN,Federal Contract Tower,2,7,12,0,21,0,0,45,0,45,2,7,57,0,66,70,0,70,136
05/15/2021,HVN,CT,ANE,EN,Federal Contract Tower,2,3,14,0,19,0,2,68,0,70,2,5,82,0,89,110,0,110,199
05/16/2021,HVN,CT,ANE,EN,Federal Contract Tower,2,1,11,0,14,0,6,23,0,29,2,7,34,0,43,130,0,130,173
05/17/2021,HVN,CT,ANE,EN,Federal Contract Tower,2,4,4,0,10,0,2,21,4,27,2,6,25,4,37,26,0,26,63
05/18/2021,HVN,CT,ANE,EN,Federal Contract Tower,0,6,7,0,13,0,1,32,3,36,0,7,39,3,49,40,0,40,89
05/19/2021,HVN,CT,ANE,EN,Federal Contract Tower,0,7,16,0,23,0,0,24,0,24,0,7,40,0,47,24,0,24,71
05/20/2021,HVN,CT,ANE,EN,Federal Contract Tower,2,13,13,0,28,0,2,63,0,65,2,15,76,0,93,104,0,104,197
05/21/2021,HVN,CT,ANE,EN,Federal Contract Tower,2,11,11,0,24,0,0,39,0,39,2,11,50,0,63,88,0,88,151
05/22/2021,HVN,CT,ANE,EN,Federal Contract Tower,2,8,5,0,15,0,6,49,0,55,2,14,54,0,70,90,0,90,160
05/23/2021,HVN,CT,ANE,EN,Federal Contract Tower,2,5,8,0,15,0,1,34,0,35,2,6,42,0,50,28,0,28,78
05/24/2021,HVN,CT,ANE,EN,Federal Contract Tower,2,11,12,0,25,0,0,28,0,28,2,11,40,0,53,82,0,82,135
05/25/2021,HVN,CT,ANE,EN,Federal Contract Tower,2,3,11,0,16,0,0,32,0,32,2,3,43,0,48,108,2,110,158
05/26/2021,HVN,CT,ANE,EN,Federal Contract Tower,2,8,14,0,24,0,0,28,0,28,2,8,42,0,52,32,0,32,84
05/27/2021,HVN,CT,ANE,EN,Federal Contract Tower,2,7,18,1,28,0,5,70,0,75,2,12,88,1,103,122,0,122,225
05/28/2021,HVN,CT,ANE,EN,Federal Contract Tower,2,10,15,0,27,0,0,53,0,53,2,10,68,0,80,54,0,54,134
05/29/2021,HVN,CT,ANE,EN,Federal Contract Tower,0,4,5,0,9,0,0,0,0,0,0,4,5,0,9,0,0,0,9
05/30/2021,HVN,CT,ANE,EN,Federal Contract Tower,0,3,5,0,8,0,0,1,0,1,0,3,6,0,9,0,0,0,9
05/31/2021,HVN,CT,ANE,EN,Federal Contract Tower,2,2,19,0,23,0,0,32,0,32,2,2,51,0,55,42,0,42,97
06/01/2021,HVN,CT,ANE,EN,Federal Contract Tower,0,4,10,0,14,0,0,42,0,42,0,4,52,0,56,70,0,70,126
06/02/2021,HVN,CT,ANE,EN,Federal Contract Tower,0,10,4,0,14,0,2,53,0,55,0,12,57,0,69,60,0,60,129
06/03/2021,HVN,CT,ANE,EN,Federal Contract Tower,3,8,23,0,34,0,0,0,0,0,3,8,23,0,34,0,0,0,34
06/04/2021,HVN,CT,ANE,EN,Federal Contract Tower,2,6,10,0,18,0,0,11,0,11,2,6,21,0,29,50,0,50,79
06/05/2021,HVN,CT,ANE,EN,Federal Contract Tower,2,4,7,0,13,0,0,44,0,44,2,4,51,0,57,56,0,56,113
06/06/2021,HVN,CT,ANE,EN,Federal Contract Tower,2,2,7,0,11,0,0,42,0,42,2,2,49,0,53,36,0,36,89
06/07/2021,HVN,CT,ANE,EN,Federal Contract Tower,2,9,2,0,13,0,0,42,0,42,2,9,44,0,55,20,0,20,75
06/08/2021,HVN,CT,ANE,EN,Federal Contract Tower,2,3,6,0,11,0,1,14,8,23,2,4,20,8,34,32,0,32,66
06/09/2021,HVN,CT,ANE,EN,Federal Contract Tower,2,5,10,0,17,0,1,23,0,24,2,6,33,0,41,34,0,34,75
06/10/2021,HVN,CT,ANE,EN,Federal Contract Tower,2,4,6,0,12,0,2,60,0,62,2,6,66,0,74,56,0,56,130
06/11/2021,HVN,CT,ANE,EN,Federal Contract Tower,2,6,11,0,19,0,0,43,0,43,2,6,54,0,62,46,0,46,108
06/12/2021,HVN,CT,ANE,EN,Federal Contract Tower,2,10,12,0,24,0,0,31,0,31,2,10,43,0,55,62,0,62,117
06/13/2021,HVN,CT,ANE,EN,Federal Contract Tower,2,8,6,0,16,0,4,66,0,70,2,12,72,0,86,148,0,148,234
06/14/2021,HVN,CT,ANE,EN,Federal Contract Tower,2,5,11,0,18,0,4,23,2,29,2,9,34,2,47,30,0,30,77
06/15/2021,HVN,CT,ANE,EN,Federal Contract Tower,2,1,15,0,18,0,11,26,0,37,2,12,41,0,55,70,0,70,125
06/16/2021,HVN,CT,ANE,EN,Federal Contract Tower,4,4,10,0,18,0,2,36,0,38,4,6,46,0,56,10,16,26,82
06/17/2021,HVN,CT,ANE,EN,Federal Contract Tower,2,8,6,0,16,0,5,47,0,52,2,13,53,0,68,50,0,50,118
06/18/2021,HVN,CT,ANE,EN,Federal Contract Tower,2,6,11,0,19,0,21,38,2,61,2,27,49,2,80,84,0,84,164
06/19/2021,HVN,CT,ANE,EN,Federal Contract Tower,1,2,10,0,13,0,2,46,0,48,1,4,56,0,61,90,0,90,151
06/20/2021,HVN,CT,ANE,EN,Federal Contract Tower,2,5,8,0,15,0,8,50,2,60,2,13,58,2,75,46,0,46,121
06/21/2021,HVN,CT,ANE,EN,Federal Contract Tower,2,10,11,0,23,0,4,12,0,16,2,14,23,0,39,70,0,70,109
06/22/2021,HVN,CT,ANE,EN,Federal Contract Tower,2,9,12,0,23,0,4,19,0,23,2,13,31,0,46,18,0,18,64
06/23/2021,HVN,CT,ANE,EN,Federal Contract Tower,1,7,24,0,32,0,10,67,1,78,1,17,91,1,110,152,2,154,264
06/24/2021,HVN,CT,ANE,EN,Federal Contract Tower,2,4,12,0,18,0,11,55,0,66,2,15,67,0,84,74,0,74,158
06/25/2021,HVN,CT,ANE,EN,Federal Contract Tower,2,6,15,0,23,0,0,41,0,41,2,6,56,0,64,74,0,74,138
06/26/2021,HVN,CT,ANE,EN,Federal Contract Tower,2,0,26,0,28,0,1,28,0,29,2,1,54,0,57,2,0,2,59
06/27/2021,HVN,CT,ANE,EN,Federal Contract Tower,2,6,26,0,34,0,14,20,10,44,2,20,46,10,78,18,0,18,96
06/28/2021,HVN,CT,ANE,EN,Federal Contract Tower,2,5,13,0,20,0,8,37,0,45,2,13,50,0,65,52,0,52,117
06/29/2021,HVN,CT,ANE,EN,Federal Contract Tower,2,6,10,3,21,0,2,38,0,40,2,8,48,3,61,106,0,106,167
06/30/2021,HVN,CT,ANE,EN,Federal Contract Tower,2,8,4,0,14,0,3,48,0,51,2,11,52,0,65,30,4,34,99
07/01/2021,HVN,CT,ANE,EN,Federal Contract Tower,2,14,10,0,26,0,5,34,0,39,2,19,44,0,65,62,0,62,127
07/02/2021,HVN,CT,ANE,EN,Federal Contract Tower,2,6,21,0,29,0,0,18,0,18,2,6,39,0,47,0,0,0,47
07/03/2021,HVN,CT,ANE,EN,Federal Contract Tower,2,6,7,0,15,0,0,10,0,10,2,6,17,0,25,24,0,24,49
07/04/2021,HVN,CT,ANE,EN,Federal Contract Tower,2,0,5,0,7,0,6,20,0,26,2,6,25,0,33,56,0,56,89
07/05/2021,HVN,CT,ANE,EN,Federal Contract Tower,2,9,12,0,23,0,7,35,0,42,2,16,47,0,65,76,0,76,141
07/06/2021,HVN,CT,ANE,EN,Federal Contract Tower,1,7,15,0,23,0,7,40,0,47,1,14,55,0,70,72,0,72,142
07/07/2021,HVN,CT,ANE,EN,Federal Contract Tower,1,6,11,0,18,0,5,25,3,33,1,11,36,3,51,26,0,26,77
07/08/2021,HVN,CT,ANE,EN,Federal Contract Tower,2,7,23,4,36,0,0,16,1,17,2,7,39,5,53,50,0,50,103
07/09/2021,HVN,CT,ANE,EN,Federal Contract Tower,2,0,5,0,7,0,9,12,0,21,2,9,17,0,28,18,0,18,46
07/10/2021,HVN,CT,ANE,EN,Federal Contract Tower,2,10,26,0,38,0,6,39,0,45,2,16,65,0,83,68,0,68,151
07/11/2021,HVN,CT,ANE,EN,Federal Contract Tower,2,7,10,0,19,0,5,35,0,40,2,12,45,0,59,42,0,42,101
07/12/2021,HVN,CT,ANE,EN,Federal Contract Tower,1,6,19,0,26,0,2,3,0,5,1,8,22,0,31,54,0,54,85
07/13/2021,HVN,CT,ANE,EN,Federal Contract Tower,0,11,24,0,35,0,2,1,0,3,0,13,25,0,38,0,0,0,38
07/14/2021,HVN,CT,ANE,EN,Federal Contract Tower,1,7,14,0,22,0,0,16,0,16,1,7,30,0,38,24,0,24,62
07/15/2021,HVN,CT,ANE,EN,Federal Contract Tower,2,2,9,0,13,0,8,47,0,55,2,10,56,0,68,104,0,104,172
07/16/2021,HVN,CT,ANE,EN,Federal Contract Tower,2,4,13,0,19,0,12,39,0,51,2,16,52,0,70,72,2,74,144
07/17/2021,HVN,CT,ANE,EN,Federal Contract Tower,2,4,5,0,11,0,5,60,0,65,2,9,65,0,76,74,0,74,150
07/18/2021,HVN,CT,ANE,EN,Federal Contract Tower,1,9,15,0,25,0,6,17,0,23,1,15,32,0,48,26,0,26,74
07/19/2021,HVN,CT,ANE,EN,Federal Contract Tower,2,4,4,0,10,0,12,37,1,50,2,16,41,1,60,72,2,74,134
07/20/2021,HVN,CT,ANE,EN,Federal Contract Tower,1,9,11,0,21,0,0,18,0,18,1,9,29,0,39,0,0,0,39
07/22/2021,HVN,CT,ANE,EN,Federal Contract Tower,2,1,2,0,5,0,0,76,0,76,2,1,78,0,81,110,0,110,191
07/23/2021,HVN,CT,ANE,EN,Federal Contract Tower,2,4,5,0,11,0,5,71,0,76,2,9,76,0,87,24,0,24,111
07/24/2021,HVN,CT,ANE,EN,Federal Contract Tower,2,4,2,0,8,0,5,65,0,70,2,9,67,0,78,90,0,90,168
07/25/2021,HVN,CT,ANE,EN,Federal Contract Tower,2,3,11,0,16,0,3,34,0,37,2,6,45,0,53,50,0,50,103
07/26/2021,HVN,CT,ANE,EN,Federal Contract Tower,2,3,22,0,27,0,13,38,0,51,2,16,60,0,78,88,0,88,166
07/27/2021,HVN,CT,ANE,EN,Federal Contract Tower,1,13,18,1,33,0,11,29,4,44,1,24,47,5,77,34,0,34,111
07/28/2021,HVN,CT,ANE,EN,Federal Contract Tower,1,9,13,0,23,0,0,27,0,27,1,9,40,0,50,30,0,30,80
07/29/2021,HVN,CT,ANE,EN,Federal Contract Tower,2,5,11,0,18,0,0,14,0,14,2,5,25,0,32,16,0,16,48
07/30/2021,HVN,CT,ANE,EN,Federal Contract Tower,2,2,18,0,22,0,4,38,0,42,2,6,56,0,64,26,0,26,90
07/31/2021,HVN,CT,ANE,EN,Federal Contract Tower,2,4,7,0,13,0,4,59,4,67,2,8,66,4,80,44,0,44,124
08/01/2021,HVN,CT,ANE,EN,Federal Contract Tower,2,2,7,0,11,0,3,46,0,49,2,5,53,0,60,64,0,64,124
08/02/2021,HVN,CT,ANE,EN,Federal Contract Tower,1,12,5,0,18,0,11,40,7,58,1,23,45,7,76,6,8,14,90
08/03/2021,HVN,CT,ANE,EN,Federal Contract Tower,0,11,6,2,19,0,5,49,1,55,0,16,55,3,74,118,0,118,192
08/04/2021,HVN,CT,ANE,EN,Federal Contract Tower,1,5,15,0,21,0,0,35,0,35,1,5,50,0,56,80,0,80,136
08/05/2021,HVN,CT,ANE,EN,Federal Contract Tower,2,3,14,0,19,0,1,16,0,17,2,4,30,0,36,72,0,72,108
08/06/2021,HVN,CT,ANE,EN,Federal Contract Tower,2,4,10,1,17,0,5,67,4,76,2,9,77,5,93,164,16,180,273
08/07/2021,HVN,CT,ANE,EN,Federal Contract Tower,2,4,5,0,11,0,2,64,0,66,2,6,69,0,77,104,0,104,181
08/08/2021,HVN,CT,ANE,EN,Federal Contract Tower,2,5,6,0,13,0,1,36,0,37,2,6,42,0,50,26,32,58,108
08/09/2021,HVN,CT,ANE,EN,Federal Contract Tower,2,4,37,0,43,0,6,21,0,27,2,10,58,0,70,42,0,42,112
08/10/2021,HVN,CT,ANE,EN,Federal Contract Tower,1,7,15,1,24,0,1,27,1,29,1,8,42,2,53,68,0,68,121
08/11/2021,HVN,CT,ANE,EN,Federal Contract Tower,1,13,22,0,36,0,0,38,0,38,1,13,60,0,74,78,0,78,152
08/12/2021,HVN,CT,ANE,EN,Federal Contract Tower,2,7,8,0,17,0,11,39,0,50,2,18,47,0,67,92,0,92,159
08/13/2021,HVN,CT,ANE,EN,Federal Contract Tower,2,7,7,0,16,0,12,38,0,50,2,19,45,0,66,32,0,32,98
08/14/2021,HVN,CT,ANE,EN,Federal Contract Tower,2,10,8,0,20,0,4,35,0,39,2,14,43,0,59,82,0,82,141
08/15/2021,HVN,CT,ANE,EN,Federal Contract Tower,2,13,6,0,21,0,0,71,2,73,2,13,77,2,94,82,0,82,176
08/16/2021,HVN,CT,ANE,EN,Federal Contract Tower,2,6,9,0,17,0,11,46,0,57,2,17,55,0,74,106,0,106,180
08/17/2021,HVN,CT,ANE,EN,Federal Contract Tower,1,4,8,0,13,0,11,41,0,52,1,15,49,0,65,144,0,144,209
08/18/2021,HVN,CT,ANE,EN,Federal Contract Tower,0,10,14,2,26,0,7,37,0,44,0,17,51,2,70,114,0,114,184
08/19/2021,HVN,CT,ANE,EN,Federal Contract Tower,1,3,7,0,11,0,1,18,0,19,1,4,25,0,30,0,0,0,30
08/20/2021,HVN,CT,ANE,EN,Federal Contract Tower,2,5,12,0,19,0,5,40,0,45,2,10,52,0,64,76,0,76,140
08/21/2021,HVN,CT,ANE,EN,Federal Contract Tower,1,5,13,0,19,0,14,18,0,32,1,19,31,0,51,110,0,110,161
08/22/2021,HVN,CT,ANE,EN,Federal Contract Tower,1,0,1,0,2,0,0,2,0,2,1,0,3,0,4,0,0,0,4
08/23/2021,HVN,CT,ANE,EN,Federal Contract Tower,2,5,16,0,23,0,0,4,3,7,2,5,20,3,30,20,0,20,50
08/24/2021,HVN,CT,ANE,EN,Federal Contract Tower,1,9,4,0,14,0,3,34,0,37,1,12,38,0,51,100,0,100,151
08/25/2021,HVN,CT,ANE,EN,Federal Contract Tower,0,7,6,0,13,0,2,65,0,67,0,9,71,0,80,186,0,186,266
08/26/2021,HVN,CT,ANE,EN,Federal Contract Tower,1,6,3,1,11,0,0,60,0,60,1,6,63,1,71,32,0,32,103
08/27/2021,HVN,CT,ANE,EN,Federal Contract Tower,2,7,13,0,22,0,66,0,0,66,2,73,13,0,88,102,0,102,190
08/28/2021,HVN,CT,ANE,EN,Federal Contract Tower,2,4,13,0,19,0,0,39,0,39,2,4,52,0,58,130,0,130,188
08/29/2021,HVN,CT,ANE,EN,Federal Contract Tower,2,4,22,0,28,0,0,38,0,38,2,4,60,0,66,52,0,52,118
08/30/2021,HVN,CT,ANE,EN,Federal Contract Tower,2,2,11,0,15,0,4,22,0,26,2,6,33,0,41,64,0,64,105
08/31/2021,HVN,CT,ANE,EN,Federal Contract Tower,1,2,9,0,12,0,3,55,0,58,1,5,64,0,70,110,0,110,180
09/01/2021,HVN,CT,ANE,EN,Federal Contract Tower,0,1,12,0,13,0,0,3,0,3,0,1,15,0,16,26,0,26,42
09/02/2021,HVN,CT,ANE,EN,Federal Contract Tower,1,11,14,0,26,0,2,36,0,38,1,13,50,0,64,18,0,18,82
09/03/2021,HVN,CT,ANE,EN,Federal Contract Tower,2,9,15,0,26,0,13,63,0,76,2,22,78,0,102,172,0,172,274
09/04/2021,HVN,CT,ANE,EN,Federal Contract Tower,2,3,5,0,10,0,4,50,2,56,2,7,55,2,66,132,0,132,198
09/05/2021,HVN,CT,ANE,EN,Federal Contract Tower,2,2,13,2,19,0,3,31,0,34,2,5,44,2,53,136,0,136,189
09/06/2021,HVN,CT,ANE,EN,Federal Contract Tower,2,3,23,0,28,0,9,71,0,80,2,12,94,0,108,110,0,110,218
09/07/2021,HVN,CT,ANE,EN,Federal Contract Tower,1,8,10,0,19,0,5,54,0,59,1,13,64,0,78,116,0,116,194
09/08/2021,HVN,CT,ANE,EN,Federal Contract Tower,0,13,13,0,26,0,3,38,0,41,0,16,51,0,67,278,0,278,345
09/09/2021,HVN,CT,ANE,EN,Federal Contract Tower,2,17,24,4,47,0,2,12,0,14,2,19,36,4,61,70,0,70,131
09/10/2021,HVN,CT,ANE,EN,Federal Contract Tower,2,15,11,2,30,0,1,52,0,53,2,16,63,2,83,132,0,132,215
09/11/2021,HVN,CT,ANE,EN,Federal Contract Tower,2,4,10,0,16,0,0,82,2,84,2,4,92,2,100,232,0,232,332
09/12/2021,HVN,CT,ANE,EN,Federal Contract Tower,2,7,9,0,18,0,3,52,0,55,2,10,61,0,73,94,0,94,167
09/13/2021,HVN,CT,ANE,EN,Federal Contract Tower,2,1,4,0,7,0,5,51,0,56,2,6,55,0,63,148,0,148,211
09/14/2021,HVN,CT,ANE,EN,Federal Contract Tower,0,4,9,0,13,0,3,58,0,61,0,7,67,0,74,184,0,184,258
09/15/2021,HVN,CT,ANE,EN,Federal Contract Tower,0,3,15,0,18,0,3,11,2,16,0,6,26,2,34,130,0,130,164
09/16/2021,HVN,CT,ANE,EN,Federal Contract Tower,2,3,6,0,11,0,2,24,0,26,2,5,30,0,37,22,0,22,59
09/17/2021,HVN,CT,ANE,EN,Federal Contract Tower,2,8,19,0,29,0,4,12,0,16,2,12,31,0,45,96,0,96,141
09/18/2021,HVN,CT,ANE,EN,Federal Contract Tower,2,1,12,0,15,0,52,2,0,54,2,53,14,0,69,172,0,172,241
09/19/2021,HVN,CT,ANE,EN,Federal Contract Tower,2,4,7,0,13,0,0,68,0,68,2,4,75,0,81,46,0,46,127
09/20/2021,HVN,CT,ANE,EN,Federal Contract Tower,2,9,15,0,26,0,2,60,2,64,2,11,75,2,90,166,0,166,256
09/21/2021,HVN,CT,ANE,EN,Federal Contract Tower,0,9,8,0,17,0,5,43,0,48,0,14,51,0,65,144,0,144,209
09/22/2021,HVN,CT,ANE,EN,Federal Contract Tower,0,9,11,0,20,0,0,14,0,14,0,9,25,0,34,50,0,50,84
09/23/2021,HVN,CT,ANE,EN,Federal Contract Tower,0,10,7,0,17,0,0,22,0,22,0,10,29,0,39,32,0,32,71
09/24/2021,HVN,CT,ANE,EN,Federal Contract Tower,2,11,16,2,31,0,0,37,0,37,2,11,53,2,68,40,0,40,108
09/25/2021,HVN,CT,ANE,EN,Federal Contract Tower,2,13,11,0,26,0,5,65,0,70,2,18,76,0,96,94,0,94,190
09/26/2021,HVN,CT,ANE,EN,Federal Contract Tower,2,21,8,0,31,0,5,50,0,55,2,26,58,0,86,162,0,162,248
09/27/2021,HVN,CT,ANE,EN,Federal Contract Tower,2,9,3,0,14,0,0,58,0,58,2,9,61,0,72,120,0,120,192
09/28/2021,HVN,CT,ANE,EN,Federal Contract Tower,0,5,4,0,9,0,1,18,2,21,0,6,22,2,30,104,0,104,134
09/29/2021,HVN,CT,ANE,EN,Federal Contract Tower,0,10,15,2,27,0,0,45,1,46,0,10,60,3,73,162,0,162,235
09/30/2021,HVN,CT,ANE,EN,Federal Contract Tower,2,9,8,0,19,0,0,34,0,34,2,9,42,0,53,164,0,164,217
10/01/2021,HVN,CT,ANE,EN,Federal Contract Tower,0,13,12,0,25,0,2,61,0,63,0,15,73,0,88,158,0,158,246
10/02/2021,HVN,CT,ANE,EN,Federal Contract Tower,0,3,5,0,8,0,0,56,0,56,0,3,61,0,64,174,0,174,238
10/03/2021,HVN,CT,ANE,EN,Federal Contract Tower,0,12,11,0,23,0,9,47,0,56,0,21,58,0,79,116,0,116,195
10/04/2021,HVN,CT,ANE,EN,Federal Contract Tower,0,5,17,0,22,0,0,0,0,0,0,5,17,0,22,0,0,0,22
10/05/2021,HVN,CT,ANE,EN,Federal Contract Tower,0,4,13,5,22,0,2,18,0,20,0,6,31,5,42,60,0,60,102
10/06/2021,HVN,CT,ANE,EN,Federal Contract Tower,0,3,21,0,24,0,1,61,0,62,0,4,82,0,86,152,0,152,238
10/07/2021,HVN,CT,ANE,EN,Federal Contract Tower,0,4,12,3,19,0,3,56,0,59,0,7,68,3,78,130,0,130,208
10/08/2021,HVN,CT,ANE,EN,Federal Contract Tower,0,15,10,0,25,0,13,47,0,60,0,28,57,0,85,100,0,100,185
10/09/2021,HVN,CT,ANE,EN,Federal Contract Tower,0,15,10,0,25,0,2,14,0,16,0,17,24,0,41,100,0,100,141
10/10/2021,HVN,CT,ANE,EN,Federal Contract Tower,0,9,18,0,27,0,6,13,0,19,0,15,31,0,46,106,0,106,152
10/11/2021,HVN,CT,ANE,EN,Federal Contract Tower,0,5,12,0,17,0,5,27,0,32,0,10,39,0,49,100,0,100,149
10/12/2021,HVN,CT,ANE,EN,Federal Contract Tower,0,7,17,0,24,0,4,44,0,48,0,11,61,0,72,104,0,104,176
10/13/2021,HVN,CT,ANE,EN,Federal Contract Tower,0,9,14,0,23,0,1,26,0,27,0,10,40,0,50,88,0,88,138
10/14/2021,HVN,CT,ANE,EN,Federal Contract Tower,0,12,18,2,32,0,1,55,0,56,0,13,73,2,88,128,0,128,216
10/15/2021,HVN,CT,ANE,EN,Federal Contract Tower,0,14,15,0,29,0,5,24,0,29,0,19,39,0,58,48,0,48,106
10/16/2021,HVN,CT,ANE,EN,Federal Contract Tower,0,4,8,0,12,0,4,28,0,32,0,8,36,0,44,104,0,104,148
10/17/2021,HVN,CT,ANE,EN,Federal Contract Tower,0,11,7,0,18,0,5,50,0,55,0,16,57,0,73,136,0,136,209
10/18/2021,HVN,CT,ANE,EN,Federal Contract Tower,0,8,7,0,15,0,4,14,0,18,0,12,21,0,33,52,0,52,85
10/19/2021,HVN,CT,ANE,EN,Federal Contract Tower,0,16,7,0,23,0,4,28,0,32,0,20,35,0,55,72,0,72,127
10/20/2021,HVN,CT,ANE,EN,Federal Contract Tower,0,3,5,0,8,0,1,32,0,33,0,4,37,0,41,122,0,122,163
10/21/2021,HVN,CT,ANE,EN,Federal Contract Tower,0,10,13,1,24,0,1,50,0,51,0,11,63,1,75,74,0,74,149
10/22/2021,HVN,CT,ANE,EN,Federal Contract Tower,0,6,5,0,11,0,1,68,0,69,0,7,73,0,80,48,0,48,128
10/23/2021,HVN,CT,ANE,EN,Federal Contract Tower,0,4,7,0,11,0,5,62,0,67,0,9,69,0,78,106,0,106,184
10/24/2021,HVN,CT,ANE,EN,Federal Contract Tower,0,13,11,0,24,0,3,68,0,71,0,16,79,0,95,238,4,242,337
10/25/2021,HVN,CT,ANE,EN,Federal Contract Tower,0,5,15,0,20,0,9,8,0,17,0,14,23,0,37,26,0,26,63
10/26/2021,HVN,CT,ANE,EN,Federal Contract Tower,1,4,5,0,10,0,0,0,0,0,1,4,5,0,10,0,0,0,10
10/27/2021,HVN,CT,ANE,EN,Federal Contract Tower,0,6,5,0,11,0,1,3,0,4,0,7,8,0,15,0,0,0,15
10/28/2021,HVN,CT,ANE,EN,Federal Contract Tower,0,8,12,2,22,0,2,44,0,46,0,10,56,2,68,64,0,64,132
10/29/2021,HVN,CT,ANE,EN,Federal Contract Tower,0,14,9,0,23,0,0,23,0,23,0,14,32,0,46,22,0,22,68
10/30/2021,HVN,CT,ANE,EN,Federal Contract Tower,0,7,4,0,11,0,0,2,0,2,0,7,6,0,13,0,0,0,13
10/31/2021,HVN,CT,ANE,EN,Federal Contract Tower,0,11,12,0,23,0,7,21,0,28,0,18,33,0,51,42,0,42,93
11/01/2021,HVN,CT,ANE,EN,Federal Contract Tower,0,17,7,0,24,0,5,36,0,41,0,22,43,0,65,30,0,30,95
11/02/2021,HVN,CT,ANE,EN,Federal Contract Tower,1,3,12,0,16,0,0,45,0,45,1,3,57,0,61,108,0,108,169
11/03/2021,HVN,CT,ANE,EN,Federal Contract Tower,2,6,7,0,15,0,0,35,0,35,2,6,42,0,50,62,0,62,112
11/04/2021,HVN,CT,ANE,EN,Federal Contract Tower,2,9,13,0,24,0,0,22,0,22,2,9,35,0,46,90,0,90,136
11/05/2021,HVN,CT,ANE,EN,Federal Contract Tower,4,14,11,2,31,0,3,49,2,54,4,17,60,4,85,70,4,74,159
11/06/2021,HVN,CT,ANE,EN,Federal Contract Tower,4,7,11,0,22,0,2,53,0,55,4,9,64,0,77,58,0,58,135
11/07/2021,HVN,CT,ANE,EN,Federal Contract Tower,4,16,13,0,33,0,5,46,0,51,4,21,59,0,84,42,0,42,126
11/08/2021,HVN,CT,ANE,EN,Federal Contract Tower,6,2,12,0,20,0,4,36,0,40,6,6,48,0,60,108,0,108,168
11/09/2021,HVN,CT,ANE,EN,Federal Contract Tower,0,6,9,2,17,0,0,50,0,50,0,6,59,2,67,84,0,84,151
11/10/2021,HVN,CT,ANE,EN,Federal Contract Tower,0,3,3,0,6,0,2,14,0,16,0,5,17,0,22,10,0,10,32
11/11/2021,HVN,CT,ANE,EN,Federal Contract Tower,6,9,13,0,28,0,4,23,0,27,6,13,36,0,55,12,0,12,67
11/12/2021,HVN,CT,ANE,EN,Federal Contract Tower,6,4,10,0,20,0,0,2,0,2,6,4,12,0,22,0,0,0,22
11/13/2021,HVN,CT,ANE,EN,Federal Contract Tower,6,1,5,1,13,0,0,27,0,27,6,1,32,1,40,6,0,6,46
11/14/2021,HVN,CT,ANE,EN,Federal Contract Tower,6,3,20,0,29,0,0,37,0,37,6,3,57,0,66,10,0,10,76
11/15/2021,HVN,CT,ANE,EN,Federal Contract Tower,5,6,9,2,22,0,0,13,0,13,5,6,22,2,35,8,0,8,43
11/16/2021,HVN,CT,ANE,EN,Federal Contract Tower,0,5,9,0,14,0,1,15,0,16,0,6,24,0,30,32,0,32,62
11/17/2021,HVN,CT,ANE,EN,Federal Contract Tower,0,2,16,0,18,0,0,24,0,24,0,2,40,0,42,42,0,42,84
11/18/2021,HVN,CT,ANE,EN,Federal Contract Tower,6,3,11,0,20,0,0,17,0,17,6,3,28,0,37,52,0,52,89
11/19/2021,HVN,CT,ANE,EN,Federal Contract Tower,7,12,23,0,42,0,0,28,2,30,7,12,51,2,72,52,2,54,126
11/20/2021,HVN,CT,ANE,EN,Federal Contract Tower,6,15,13,0,34,0,0,47,0,47,6,15,60,0,81,6,0,6,87
11/21/2021,HVN,CT,ANE,EN,Federal Contract Tower,6,10,15,0,31,0,0,30,0,30,6,10,45,0,61,28,0,28,89
11/22/2021,HVN,CT,ANE,EN,Federal Contract Tower,6,11,17,0,34,0,0,29,0,29,6,11,46,0,63,66,0,66,129
11/23/2021,HVN,CT,ANE,EN,Federal Contract Tower,6,3,11,0,20,0,2,6,0,8,6,5,17,0,28,20,0,20,48
11/24/2021,HVN,CT,ANE,EN,Federal Contract Tower,6,10,11,0,27,0,2,17,0,19,6,12,28,0,46,18,0,18,64
11/25/2021,HVN,CT,ANE,EN,Federal Contract Tower,6,2,0,0,8,0,4,8,0,12,6,6,8,0,20,16,0,16,36
11/26/2021,HVN,CT,ANE,EN,Federal Contract Tower,6,5,7,0,18,0,0,1,0,1,6,5,8,0,19,16,0,16,35
11/27/2021,HVN,CT,ANE,EN,Federal Contract Tower,6,16,6,0,28,0,0,8,0,8,6,16,14,0,36,0,0,0,36
11/28/2021,HVN,CT,ANE,EN,Federal Contract Tower,6,9,18,0,33,0,2,19,0,21,6,11,37,0,54,58,0,58,112
11/29/2021,HVN,CT,ANE,EN,Federal Contract Tower,6,2,13,0,21,0,0,20,0,20,6,2,33,0,41,20,0,20,61
11/30/2021,HVN,CT,ANE,EN,Federal Contract Tower,6,6,12,0,24,0,0,14,0,14,6,6,26,0,38,10,0,10,48
12/01/2021,HVN,CT,ANE,EN,Federal Contract Tower,0,3,9,0,12,0,3,38,7,48,0,6,47,7,60,76,2,78,138
12/02/2021,HVN,CT,ANE,EN,Federal Contract Tower,6,12,21,0,39,0,0,27,0,27,6,12,48,0,66,18,0,18,84
12/03/2021,HVN,CT,ANE,EN,Federal Contract Tower,6,3,7,0,16,0,0,16,0,16,6,3,23,0,32,0,0,0,32
12/04/2021,HVN,CT,ANE,EN,Federal Contract Tower,6,3,8,0,17,0,0,43,0,43,6,3,51,0,60,86,0,86,146
12/05/2021,HVN,CT,ANE,EN,Federal Contract Tower,6,3,10,0,19,0,0,34,0,34,6,3,44,0,53,24,0,24,77
12/06/2021,HVN,CT,ANE,EN,Federal Contract Tower,6,3,8,0,17,0,0,0,0,0,6,3,8,0,17,0,2,2,19
12/07/2021,HVN,CT,ANE,EN,Federal Contract Tower,0,11,8,0,19,0,0,11,0,11,0,11,19,0,30,60,0,60,90
12/08/2021,HVN,CT,ANE,EN,Federal Contract Tower,0,8,11,0,19,0,0,2,0,2,0,8,13,0,21,0,0,0,21
12/09/2021,HVN,CT,ANE,EN,Federal Contract Tower,6,3,11,0,20,0,0,22,2,24,6,3,33,2,44,34,2,36,80
12/10/2021,HVN,CT,ANE,EN,Federal Contract Tower,6,1,3,0,10,0,0,19,0,19,6,1,22,0,29,28,0,28,57
12/11/2021,HVN,CT,ANE,EN,Federal Contract Tower,5,1,1,0,7,0,0,0,0,0,5,1,1,0,7,0,0,0,7
12/12/2021,HVN,CT,ANE,EN,Federal Contract Tower,6,6,2,0,14,0,0,26,2,28,6,6,28,2,42,62,0,62,104
12/13/2021,HVN,CT,ANE,EN,Federal Contract Tower,6,4,6,0,16,0,2,22,0,24,6,6,28,0,40,12,0,12,52
12/14/2021,HVN,CT,ANE,EN,Federal Contract Tower,1,2,23,0,26,0,0,37,0,37,1,2,60,0,63,44,0,44,107
12/15/2021,HVN,CT,ANE,EN,Federal Contract Tower,0,7,13,2,22,0,0,16,0,16,0,7,29,2,38,28,0,28,66
12/16/2021,HVN,CT,ANE,EN,Federal Contract Tower,10,5,13,2,30,0,0,27,0,27,10,5,40,2,57,36,0,36,93
12/17/2021,HVN,CT,ANE,EN,Federal Contract Tower,9,3,3,0,15,0,0,29,2,31,9,3,32,2,46,4,0,4,50
12/18/2021,HVN,CT,ANE,EN,Federal Contract Tower,9,3,3,0,15,0,0,0,0,0,9,3,3,0,15,0,0,0,15
12/19/2021,HVN,CT,ANE,EN,Federal Contract Tower,10,2,4,0,16,0,0,15,0,15,10,2,19,0,31,18,0,18,49
12/20/2021,HVN,CT,ANE,EN,Federal Contract Tower,9,6,8,0,23,0,0,29,0,29,9,6,37,0,52,84,0,84,136
12/21/2021,HVN,CT,ANE,EN,Federal Contract Tower,8,7,15,0,30,0,0,16,1,17,8,7,31,1,47,32,2,34,81
12/22/2021,HVN,CT,ANE,EN,Federal Contract Tower,10,3,3,1,17,0,0,4,0,4,10,3,7,1,21,8,0,8,29
12/23/2021,HVN,CT,ANE,EN,Federal Contract Tower,10,12,9,1,32,0,0,31,0,31,10,12,40,1,63,12,4,16,79
12/24/2021,HVN,CT,ANE,EN,Federal Contract Tower,9,6,0,0,15,0,0,0,0,0,9,6,0,0,15,0,0,0,15
12/25/2021,HVN,CT,ANE,EN,Federal Contract Tower,9,5,0,0,14,0,0,0,0,0,9,5,0,0,14,0,0,0,14
12/26/2021,HVN,CT,ANE,EN,Federal Contract Tower,8,10,4,0,22,0,1,23,0,24,8,11,27,0,46,10,0,10,56
12/27/2021,HVN,CT,ANE,EN,Federal Contract Tower,9,9,3,0,21,0,1,15,0,16,9,10,18,0,37,46,0,46,83
12/28/2021,HVN,CT,ANE,EN,Federal Contract Tower,8,18,12,0,38,0,0,15,2,17,8,18,27,2,55,36,0,36,91
12/29/2021,HVN,CT,ANE,EN,Federal Contract Tower,10,2,4,0,16,0,0,0,0,0,10,2,4,0,16,0,0,0,16
12/30/2021,HVN,CT,ANE,EN,Federal Contract Tower,10,0,1,0,11,0,0,4,0,4,10,0,5,0,15,2,0,2,17
12/31/2021,HVN,CT,ANE,EN,Federal Contract Tower,10,0,6,0,16,0,0,2,0,2,10,0,8,0,18,20,0,20,38
01/01/2022,HVN,CT,ANE,EN,Federal Contract Tower,6,0,1,0,7,0,0,0,0,0,6,0,1,0,7,0,0,0,7
01/02/2022,HVN,CT,ANE,EN,Federal Contract Tower,10,6,5,0,21,0,0,0,0,0,10,6,5,0,21,0,0,0,21
01/03/2022,HVN,CT,ANE,EN,Federal Contract Tower,10,4,6,0,20,0,0,11,0,11,10,4,17,0,31,14,0,14,45
01/04/2022,HVN,CT,ANE,EN,Federal Contract Tower,8,1,4,0,13,0,2,36,0,38,8,3,40,0,51,44,0,44,95
01/05/2022,HVN,CT,ANE,EN,Federal Contract Tower,10,5,3,0,18,0,0,0,0,0,10,5,3,0,18,0,0,0,18
01/06/2022,HVN,CT,ANE,EN,Federal Contract Tower,8,12,6,1,27,0,0,29,0,29,8,12,35,1,56,28,4,32,88
01/07/2022,HVN,CT,ANE,EN,Federal Contract Tower,8,1,2,0,11,0,0,2,0,2,8,1,4,0,13,0,0,0,13
01/08/2022,HVN,CT,ANE,EN,Federal Contract Tower,8,3,8,0,19,0,0,28,0,28,8,3,36,0,47,46,0,46,93
01/09/2022,HVN,CT,ANE,EN,Federal Contract Tower,8,7,2,0,17,0,0,0,0,0,8,7,2,0,17,4,0,4,21
01/10/2022,HVN,CT,ANE,EN,Federal Contract Tower,11,7,2,0,20,0,0,15,0,15,11,7,17,0,35,8,4,12,47
01/11/2022,HVN,CT,ANE,EN,Federal Contract Tower,0,10,4,3,17,0,0,19,2,21,0,10,23,5,38,18,0,18,56
01/12/2022,HVN,CT,ANE,EN,Federal Contract Tower,0,0,6,0,6,0,0,8,2,10,0,0,14,2,16,2,0,2,18
01/13/2022,HVN,CT,ANE,EN,Federal Contract Tower,10,4,4,0,18,0,0,30,2,32,10,4,34,2,50,90,6,96,146
01/14/2022,HVN,CT,ANE,EN,Federal Contract Tower,9,5,5,0,19,0,1,8,4,13,9,6,13,4,32,8,0,8,40
01/15/2022,HVN,CT,ANE,EN,Federal Contract Tower,10,4,0,0,14,0,0,14,0,14,10,4,14,0,28,16,0,16,44
01/16/2022,HVN,CT,ANE,EN,Federal Contract Tower,8,2,8,0,18,0,0,30,0,30,8,2,38,0,48,52,0,52,100
01/17/2022,HVN,CT,ANE,EN,Federal Contract Tower,9,0,3,0,12,0,0,0,0,0,9,0,3,0,12,0,0,0,12
01/18/2022,HVN,CT,ANE,EN,Federal Contract Tower,3,3,4,0,10,0,1,3,0,4,3,4,7,0,14,2,0,2,16
01/19/2022,HVN,CT,ANE,EN,Federal Contract Tower,4,10,4,0,18,0,0,17,0,17,4,10,21,0,35,26,0,26,61
01/20/2022,HVN,CT,ANE,EN,Federal Contract Tower,9,9,6,0,24,0,2,0,0,2,9,11,6,0,26,4,0,4,30
01/21/2022,HVN,CT,ANE,EN,Federal Contract Tower,10,6,3,0,19,0,0,18,0,18,10,6,21,0,37,32,0,32,69
01/22/2022,HVN,CT,ANE,EN,Federal Contract Tower,10,2,7,0,19,0,0,55,0,55,10,2,62,0,74,106,0,106,180
01/23/2022,HVN,CT,ANE,EN,Federal Contract Tower,9,0,7,0,16,0,0,24,2,26,9,0,31,2,42,50,2,52,94
01/24/2022,HVN,CT,ANE,EN,Federal Contract Tower,11,4,3,0,18,0,0,15,0,15,11,4,18,0,33,4,2,6,39
01/25/2022,HVN,CT,ANE,EN,Federal Contract Tower,4,0,14,0,18,0,0,17,0,17,4,0,31,0,35,38,0,38,73
01/26/2022,HVN,CT,ANE,EN,Federal Contract Tower,4,3,4,0,11,0,0,10,0,10,4,3,14,0,21,12,0,12,33
01/27/2022,HVN,CT,ANE,EN,Federal Contract Tower,10,5,9,0,24,0,0,32,0,32,10,5,41,0,56,18,0,18,74
01/28/2022,HVN,CT,ANE,EN,Federal Contract Tower,9,3,4,0,16,0,0,0,0,0,9,3,4,0,16,0,0,0,16
01/29/2022,HVN,CT,ANE,EN,Federal Contract Tower,0,0,0,0,0,0,0,0,0,0,0,0,0,0,0,0,0,0,0
01/30/2022,HVN,CT,ANE,EN,Federal Contract Tower,7,4,6,0,17,0,0,16,0,16,7,4,22,0,33,12,4,16,49
01/31/2022,HVN,CT,ANE,EN,Federal Contract Tower,11,2,10,0,23,0,0,20,0,20,11,2,30,0,43,44,0,44,87
02/01/2022,HVN,CT,ANE,EN,Federal Contract Tower,4,4,3,0,11,0,0,9,0,9,4,4,12,0,20,10,0,10,30
02/02/2022,HVN,CT,ANE,EN,Federal Contract Tower,4,2,4,2,12,0,0,5,2,7,4,2,9,4,19,0,2,2,21
02/03/2022,HVN,CT,ANE,EN,Federal Contract Tower,13,6,2,0,21,0,0,0,0,0,13,6,2,0,21,0,0,0,21
02/04/2022,HVN,CT,ANE,EN,Federal Contract Tower,12,2,0,0,14,0,0,0,0,0,12,2,0,0,14,0,0,0,14
02/05/2022,HVN,CT,ANE,EN,Federal Contract Tower,9,8,1,0,18,0,0,9,0,9,9,8,10,0,27,0,0,0,27
02/06/2022,HVN,CT,ANE,EN,Federal Contract Tower,9,7,8,0,24,0,0,55,0,55,9,7,63,0,79,58,0,58,137
02/07/2022,HVN,CT,ANE,EN,Federal Contract Tower,9,5,3,0,17,0,0,0,0,0,9,5,3,0,17,0,0,0,17
02/08/2022,HVN,CT,ANE,EN,Federal Contract Tower,4,7,3,1,15,0,0,14,1,15,4,7,17,2,30,24,0,24,54
02/09/2022,HVN,CT,ANE,EN,Federal Contract Tower,4,5,12,0,21,0,0,34,4,38,4,5,46,4,59,70,0,70,129
02/10/2022,HVN,CT,ANE,EN,Federal Contract Tower,10,4,3,0,17,0,2,12,0,14,10,6,15,0,31,0,0,0,31
02/11/2022,HVN,CT,ANE,EN,Federal Contract Tower,10,6,12,0,28,0,0,31,0,31,10,6,43,0,59,62,0,62,121
02/12/2022,HVN,CT,ANE,EN,Federal Contract Tower,10,10,3,0,23,0,0,42,0,42,10,10,45,0,65,60,0,60,125
02/13/2022,HVN,CT,ANE,EN,Federal Contract Tower,8,8,4,0,20,0,0,0,0,0,8,8,4,0,20,0,0,0,20
02/14/2022,HVN,CT,ANE,EN,Federal Contract Tower,10,6,8,0,24,0,1,6,0,7,10,7,14,0,31,0,0,0,31
02/15/2022,HVN,CT,ANE,EN,Federal Contract Tower,4,12,5,2,23,0,0,37,2,39,4,12,42,4,62,40,0,40,102
02/16/2022,HVN,CT,ANE,EN,Federal Contract Tower,4,4,12,0,20,0,0,24,0,24,4,4,36,0,44,6,0,6,50
02/17/2022,HVN,CT,ANE,EN,Federal Contract Tower,10,4,4,0,18,0,0,8,0,8,10,4,12,0,26,20,0,20,46
02/18/2022,HVN,CT,ANE,EN,Federal Contract Tower,10,5,2,0,17,0,0,3,0,3,10,5,5,0,20,0,0,0,20
02/19/2022,HVN,CT,ANE,EN,Federal Contract Tower,10,4,1,0,15,0,0,6,0,6,10,4,7,0,21,8,0,8,29
02/20/2022,HVN,CT,ANE,EN,Federal Contract Tower,9,5,5,0,19,0,1,31,4,36,9,6,36,4,55,54,0,54,109
02/21/2022,HVN,CT,ANE,EN,Federal Contract Tower,10,0,4,0,14,0,0,69,0,69,10,0,73,0,83,60,0,60,143
02/22/2022,HVN,CT,ANE,EN,Federal Contract Tower,8,2,7,0,17,0,0,0,0,0,8,2,7,0,17,0,0,0,17
02/23/2022,HVN,CT,ANE,EN,Federal Contract Tower,6,0,9,0,15,0,0,0,2,2,6,0,9,2,17,6,0,6,23
02/24/2022,HVN,CT,ANE,EN,Federal Contract Tower,9,5,10,0,24,0,0,23,0,23,9,5,33,0,47,26,0,26,73
02/25/2022,HVN,CT,ANE,EN,Federal Contract Tower,8,2,7,0,17,0,0,0,0,0,8,2,7,0,17,0,0,0,17
02/26/2022,HVN,CT,ANE,EN,Federal Contract Tower,10,2,9,0,21,0,0,53,2,55,10,2,62,2,76,30,0,30,106
02/27/2022,HVN,CT,ANE,EN,Federal Contract Tower,9,5,11,0,25,0,0,11,0,11,9,5,22,0,36,14,0,14,50
02/28/2022,HVN,CT,ANE,EN,Federal Contract Tower,10,3,7,0,20,0,0,22,0,22,10,3,29,0,42,22,0,22,64
03/01/2022,HVN,CT,ANE,EN,Federal Contract Tower,8,7,10,1,26,0,0,16,3,19,8,7,26,4,45,4,0,4,49
03/02/2022,HVN,CT,ANE,EN,Federal Contract Tower,6,6,9,0,21,0,0,21,7,28,6,6,30,7,49,110,0,110,159
03/03/2022,HVN,CT,ANE,EN,Federal Contract Tower,10,5,15,0,30,0,0,15,0,15,10,5,30,0,45,4,0,4,49
03/04/2022,HVN,CT,ANE,EN,Federal Contract Tower,10,8,7,0,25,0,0,26,0,26,10,8,33,0,51,66,0,66,117
03/05/2022,HVN,CT,ANE,EN,Federal Contract Tower,10,4,2,0,16,0,0,52,0,52,10,4,54,0,68,60,0,60,128
03/06/2022,HVN,CT,ANE,EN,Federal Contract Tower,9,0,13,0,22,0,0,1,0,1,9,0,14,0,23,0,0,0,23
03/07/2022,HVN,CT,ANE,EN,Federal Contract Tower,10,6,8,0,24,0,0,5,5,10,10,6,13,5,34,6,0,6,40
03/08/2022,HVN,CT,ANE,EN,Federal Contract Tower,7,3,8,0,18,0,0,9,2,11,7,3,17,2,29,4,6,10,39
03/09/2022,HVN,CT,ANE,EN,Federal Contract Tower,6,4,11,0,21,0,0,0,0,0,6,4,11,0,21,0,0,0,21
03/10/2022,HVN,CT,ANE,EN,Federal Contract Tower,10,4,11,0,25,0,0,51,0,51,10,4,62,0,76,40,0,40,116
03/11/2022,HVN,CT,ANE,EN,Federal Contract Tower,8,1,3,0,12,0,0,35,0,35,8,1,38,0,47,72,0,72,119
03/12/2022,HVN,CT,ANE,EN,Federal Contract Tower,10,1,2,0,13,0,0,0,0,0,10,1,2,0,13,0,0,0,13
03/13/2022,HVN,CT,ANE,EN,Federal Contract Tower,10,8,3,0,21,0,0,4,0,4,10,8,7,0,25,48,0,48,73
03/14/2022,HVN,CT,ANE,EN,Federal Contract Tower,10,9,17,0,36,0,0,27,0,27,10,9,44,0,63,30,2,32,95
03/15/2022,HVN,CT,ANE,EN,Federal Contract Tower,8,2,8,0,18,0,0,28,2,30,8,2,36,2,48,26,0,26,74
03/16/2022,HVN,CT,ANE,EN,Federal Contract Tower,6,3,7,0,16,0,0,21,2,23,6,3,28,2,39,32,4,36,75
03/17/2022,HVN,CT,ANE,EN,Federal Contract Tower,10,2,8,0,20,0,0,0,0,0,10,2,8,0,20,0,0,0,20
03/18/2022,HVN,CT,ANE,EN,Federal Contract Tower,10,7,13,0,30,0,0,23,0,23,10,7,36,0,53,44,0,44,97
03/19/2022,HVN,CT,ANE,EN,Federal Contract Tower,10,2,1,0,13,0,0,0,0,0,10,2,1,0,13,0,0,0,13
03/20/2022,HVN,CT,ANE,EN,Federal Contract Tower,9,3,12,0,24,0,0,28,0,28,9,3,40,0,52,84,0,84,136
03/21/2022,HVN,CT,ANE,EN,Federal Contract Tower,10,6,11,0,27,0,0,17,0,17,10,6,28,0,44,10,0,10,54
03/22/2022,HVN,CT,ANE,EN,Federal Contract Tower,8,7,8,0,23,0,1,10,0,11,8,8,18,0,34,4,0,4,38
03/23/2022,HVN,CT,ANE,EN,Federal Contract Tower,6,4,1,2,13,0,3,21,0,24,6,7,22,2,37,36,0,36,73
03/24/2022,HVN,CT,ANE,EN,Federal Contract Tower,9,4,7,0,20,0,0,0,0,0,9,4,7,0,20,0,0,0,20
03/25/2022,HVN,CT,ANE,EN,Federal Contract Tower,10,4,17,0,31,0,0,15,0,15,10,4,32,0,46,62,0,62,108
03/26/2022,HVN,CT,ANE,EN,Federal Contract Tower,10,0,8,0,18,0,0,19,0,19,10,0,27,0,37,68,0,68,105
03/27/2022,HVN,CT,ANE,EN,Federal Contract Tower,10,7,6,0,23,0,0,7,4,11,10,7,13,4,34,2,0,2,36
03/28/2022,HVN,CT,ANE,EN,Federal Contract Tower,10,1,4,0,15,0,0,4,0,4,10,1,8,0,19,4,0,4,23
03/29/2022,HVN,CT,ANE,EN,Federal Contract Tower,8,5,7,0,20,0,2,20,0,22,8,7,27,0,42,2,0,2,44
03/30/2022,HVN,CT,ANE,EN,Federal Contract Tower,6,6,5,0,17,0,0,21,2,23,6,6,26,2,40,34,0,34,74
03/31/2022,HVN,CT,ANE,EN,Federal Contract Tower,9,3,18,0,30,0,0,0,0,0,9,3,18,0,30,0,0,0,30
04/01/2022,HVN,CT,ANE,EN,Federal Contract Tower,10,8,6,0,24,0,0,12,0,12,10,8,18,0,36,0,0,0,36
04/02/2022,HVN,CT,ANE,EN,Federal Contract Tower,8,2,8,0,18,0,0,30,0,30,8,2,38,0,48,82,0,82,130
04/03/2022,HVN,CT,ANE,EN,Federal Contract Tower,10,6,2,0,18,0,0,0,0,0,10,6,2,0,18,2,0,2,20
04/04/2022,HVN,CT,ANE,EN,Federal Contract Tower,8,0,12,0,20,0,0,17,0,17,8,0,29,0,37,46,0,46,83
04/05/2022,HVN,CT,ANE,EN,Federal Contract Tower,6,5,14,0,25,0,2,33,0,35,6,7,47,0,60,24,0,24,84
04/06/2022,HVN,CT,ANE,EN,Federal Contract Tower,5,7,12,0,24,0,0,0,0,0,5,7,12,0,24,0,0,0,24
04/07/2022,HVN,CT,ANE,EN,Federal Contract Tower,9,4,5,0,18,0,0,0,0,0,9,4,5,0,18,0,0,0,18
04/08/2022,HVN,CT,ANE,EN,Federal Contract Tower,12,7,23,0,42,0,0,23,2,25,12,7,46,2,67,84,0,84,151
04/09/2022,HVN,CT,ANE,EN,Federal Contract Tower,10,2,8,0,20,0,0,17,0,17,10,2,25,0,37,12,0,12,49
04/10/2022,HVN,CT,ANE,EN,Federal Contract Tower,9,32,20,0,61,0,2,16,0,18,9,34,36,0,79,30,0,30,109
04/11/2022,HVN,CT,ANE,EN,Federal Contract Tower,10,6,6,0,22,0,2,40,0,42,10,8,46,0,64,60,4,64,128
04/12/2022,HVN,CT,ANE,EN,Federal Contract Tower,8,6,10,1,25,0,2,20,0,22,8,8,30,1,47,28,2,30,77
04/13/2022,HVN,CT,ANE,EN,Federal Contract Tower,8,6,6,0,20,0,0,36,2,38,8,6,42,2,58,74,0,74,132
04/14/2022,HVN,CT,ANE,EN,Federal Contract Tower,10,7,15,1,33,0,3,6,2,11,10,10,21,3,44,12,0,12,56
04/15/2022,HVN,CT,ANE,EN,Federal Contract Tower,12,6,2,0,20,0,0,12,0,12,12,6,14,0,32,92,0,92,124
04/16/2022,HVN,CT,ANE,EN,Federal Contract Tower,11,8,7,0,26,0,1,22,0,23,11,9,29,0,49,16,0,16,65
04/17/2022,HVN,CT,ANE,EN,Federal Contract Tower,10,8,1,0,19,0,0,16,0,16,10,8,17,0,35,18,0,18,53
04/18/2022,HVN,CT,ANE,EN,Federal Contract Tower,9,8,11,0,28,0,0,12,0,12,9,8,23,0,40,14,0,14,54
04/19/2022,HVN,CT,ANE,EN,Federal Contract Tower,8,6,8,0,22,0,0,0,0,0,8,6,8,0,22,0,0,0,22
04/20/2022,HVN,CT,ANE,EN,Federal Contract Tower,5,6,11,0,22,0,0,17,0,17,5,6,28,0,39,0,0,0,39
04/21/2022,HVN,CT,ANE,EN,Federal Contract Tower,9,9,14,0,32,0,3,25,0,28,9,12,39,0,60,52,0,52,112
04/22/2022,HVN,CT,ANE,EN,Federal Contract Tower,12,4,11,0,27,0,0,27,1,28,12,4,38,1,55,14,2,16,71
04/23/2022,HVN,CT,ANE,EN,Federal Contract Tower,10,7,6,0,23,0,1,53,0,54,10,8,59,0,77,116,0,116,193
04/24/2022,HVN,CT,ANE,EN,Federal Contract Tower,10,10,2,0,22,0,0,28,2,30,10,10,30,2,52,52,0,52,104
04/25/2022,HVN,CT,ANE,EN,Federal Contract Tower,10,5,10,0,25,0,0,30,0,30,10,5,40,0,55,50,0,50,105
04/26/2022,HVN,CT,ANE,EN,Federal Contract Tower,2,8,4,2,16,0,0,0,0,0,2,8,4,2,16,0,0,0,16
04/27/2022,HVN,CT,ANE,EN,Federal Contract Tower,5,5,5,0,15,0,2,11,2,15,5,7,16,2,30,2,0,2,32
04/28/2022,HVN,CT,ANE,EN,Federal Contract Tower,12,12,8,1,33,0,0,4,1,5,12,12,12,2,38,0,0,0,38
04/29/2022,HVN,CT,ANE,EN,Federal Contract Tower,10,6,17,2,35,0,0,14,0,14,10,6,31,2,49,12,4,16,65
04/30/2022,HVN,CT,ANE,EN,Federal Contract Tower,10,5,8,0,23,0,0,41,0,41,10,5,49,0,64,92,0,92,156
05/01/2022,HVN,CT,ANE,EN,Federal Contract Tower,10,10,13,0,33,0,0,45,0,45,10,10,58,0,78,108,0,108,186
05/02/2022,HVN,CT,ANE,EN,Federal Contract Tower,10,9,10,0,29,0,0,0,0,0,10,9,10,0,29,2,0,2,31
05/03/2022,HVN,CT,ANE,EN,Federal Contract Tower,2,7,13,0,22,0,0,2,0,2,2,7,15,0,24,2,0,2,26
05/04/2022,HVN,CT,ANE,EN,Federal Contract Tower,5,6,10,0,21,0,0,2,0,2,5,6,12,0,23,0,0,0,23
05/05/2022,HVN,CT,ANE,EN,Federal Contract Tower,16,4,15,0,35,0,0,55,0,55,16,4,70,0,90,54,0,54,144
05/06/2022,HVN,CT,ANE,EN,Federal Contract Tower,14,3,15,0,32,0,0,9,0,9,14,3,24,0,41,74,0,74,115
05/07/2022,HVN,CT,ANE,EN,Federal Contract Tower,16,3,2,0,21,0,0,0,0,0,16,3,2,0,21,0,0,0,21
05/08/2022,HVN,CT,ANE,EN,Federal Contract Tower,14,4,8,0,26,0,0,2,0,2,14,4,10,0,28,0,0,0,28
05/09/2022,HVN,CT,ANE,EN,Federal Contract Tower,15,6,13,0,34,0,0,11,0,11,15,6,24,0,45,8,0,8,53
05/10/2022,HVN,CT,ANE,EN,Federal Contract Tower,11,3,13,0,27,0,0,18,0,18,11,3,31,0,45,10,0,10,55
05/11/2022,HVN,CT,ANE,EN,Federal Contract Tower,7,5,11,0,23,0,0,24,2,26,7,5,35,2,49,86,8,94,143
05/12/2022,HVN,CT,ANE,EN,Federal Contract Tower,16,16,22,0,54,0,0,32,0,32,16,16,54,0,86,56,0,56,142
05/13/2022,HVN,CT,ANE,EN,Federal Contract Tower,14,17,17,0,48,0,0,5,0,5,14,17,22,0,53,8,0,8,61
05/14/2022,HVN,CT,ANE,EN,Federal Contract Tower,17,14,19,1,51,0,0,13,0,13,17,14,32,1,64,30,6,36,100
05/15/2022,HVN,CT,ANE,EN,Federal Contract Tower,15,12,16,0,43,0,0,24,0,24,15,12,40,0,67,4,0,4,71
05/16/2022,HVN,CT,ANE,EN,Federal Contract Tower,14,3,6,0,23,0,0,11,0,11,14,3,17,0,34,26,0,26,60
05/17/2022,HVN,CT,ANE,EN,Federal Contract Tower,12,5,9,0,26,0,3,49,0,52,12,8,58,0,78,12,0,12,90
05/18/2022,HVN,CT,ANE,EN,Federal Contract Tower,8,2,15,0,25,0,0,43,0,43,8,2,58,0,68,28,0,28,96
05/19/2022,HVN,CT,ANE,EN,Federal Contract Tower,14,10,15,1,40,0,0,4,0,4,14,10,19,1,44,0,0,0,44
05/20/2022,HVN,CT,ANE,EN,Federal Contract Tower,13,11,15,0,39,0,0,12,0,12,13,11,27,0,51,0,0,0,51
05/21/2022,HVN,CT,ANE,EN,Federal Contract Tower,19,7,3,0,29,0,0,30,0,30,19,7,33,0,59,88,0,88,147
05/22/2022,HVN,CT,ANE,EN,Federal Contract Tower,16,8,12,2,38,0,2,24,0,26,16,10,36,2,64,56,0,56,120
05/23/2022,HVN,CT,ANE,EN,Federal Contract Tower,16,19,13,0,48,0,7,38,2,47,16,26,51,2,95,8,0,8,103
05/24/2022,HVN,CT,ANE,EN,Federal Contract Tower,11,10,21,0,42,0,0,19,0,19,11,10,40,0,61,22,0,22,83
05/25/2022,HVN,CT,ANE,EN,Federal Contract Tower,8,9,12,1,30,0,0,36,1,37,8,9,48,2,67,108,0,108,175
05/26/2022,HVN,CT,ANE,EN,Federal Contract Tower,22,8,12,0,42,0,6,45,0,51,22,14,57,0,93,40,0,40,133
05/27/2022,HVN,CT,ANE,EN,Federal Contract Tower,24,6,7,0,37,0,0,3,0,3,24,6,10,0,40,0,0,0,40
05/28/2022,HVN,CT,ANE,EN,Federal Contract Tower,19,9,7,0,35,0,0,2,0,2,19,9,9,0,37,4,0,4,41
05/29/2022,HVN,CT,ANE,EN,Federal Contract Tower,18,5,9,0,32,0,0,37,0,37,18,5,46,0,69,40,0,40,109
05/30/2022,HVN,CT,ANE,EN,Federal Contract Tower,18,2,15,0,35,0,16,53,1,70,18,18,68,1,105,46,4,50,155
05/31/2022,HVN,CT,ANE,EN,Federal Contract Tower,16,2,5,0,23,0,2,24,0,26,16,4,29,0,49,2,0,2,51
06/01/2022,HVN,CT,ANE,EN,Federal Contract Tower,10,6,7,0,23,0,1,10,0,11,10,7,17,0,34,0,0,0,34
06/02/2022,HVN,CT,ANE,EN,Federal Contract Tower,23,6,15,0,44,0,0,1,0,1,23,6,16,0,45,0,0,0,45
06/03/2022,HVN,CT,ANE,EN,Federal Contract Tower,18,5,15,0,38,0,0,24,0,24,18,5,39,0,62,14,6,20,82
06/04/2022,HVN,CT,ANE,EN,Federal Contract Tower,19,4,9,0,32,0,2,40,0,42,19,6,49,0,74,16,0,16,90
06/05/2022,HVN,CT,ANE,EN,Federal Contract Tower,21,14,9,0,44,0,0,64,0,64,21,14,73,0,108,20,0,20,128
06/06/2022,HVN,CT,ANE,EN,Federal Contract Tower,20,4,6,0,30,0,6,40,1,47,20,10,46,1,77,8,0,8,85
06/07/2022,HVN,CT,ANE,EN,Federal Contract Tower,10,5,4,0,19,0,4,16,0,20,10,9,20,0,39,14,0,14,53
06/08/2022,HVN,CT,ANE,EN,Federal Contract Tower,9,5,6,0,20,0,0,22,0,22,9,5,28,0,42,16,4,20,62
06/09/2022,HVN,CT,ANE,EN,Federal Contract Tower,21,7,16,0,44,0,1,13,0,14,21,8,29,0,58,4,0,4,62
06/10/2022,HVN,CT,ANE,EN,Federal Contract Tower,22,14,9,0,45,0,8,60,0,68,22,22,69,0,113,4,0,4,117
06/11/2022,HVN,CT,ANE,EN,Federal Contract Tower,17,1,5,0,23,0,3,36,0,39,17,4,41,0,62,8,4,12,74
06/12/2022,HVN,CT,ANE,EN,Federal Contract Tower,19,6,9,0,34,0,8,12,0,20,19,14,21,0,54,2,0,2,56
06/13/2022,HVN,CT,ANE,EN,Federal Contract Tower,20,11,10,0,41,0,5,19,0,24,20,16,29,0,65,22,0,22,87
06/14/2022,HVN,CT,ANE,EN,Federal Contract Tower,11,4,8,0,23,0,2,33,1,36,11,6,41,1,59,44,0,44,103
06/15/2022,HVN,CT,ANE,EN,Federal Contract Tower,9,5,2,4,20,0,2,35,0,37,9,7,37,4,57,16,0,16,73
06/16/2022,HVN,CT,ANE,EN,Federal Contract Tower,22,12,6,0,40,0,3,36,0,39,22,15,42,0,79,0,0,0,79
06/17/2022,HVN,CT,ANE,EN,Federal Contract Tower,24,11,15,0,50,0,0,28,0,28,24,11,43,0,78,4,0,4,82
06/18/2022,HVN,CT,ANE,EN,Federal Contract Tower,24,9,14,1,48,0,0,19,0,19,24,9,33,1,67,10,2,12,79
06/19/2022,HVN,CT,ANE,EN,Federal Contract Tower,23,8,10,0,41,0,5,16,0,21,23,13,26,0,62,28,0,28,90
06/20/2022,HVN,CT,ANE,EN,Federal Contract Tower,26,6,8,0,40,0,5,55,1,61,26,11,63,1,101,56,0,56,157
06/21/2022,HVN,CT,ANE,EN,Federal Contract Tower,13,4,4,0,21,0,0,24,2,26,13,4,28,2,47,40,0,40,87
06/22/2022,HVN,CT,ANE,EN,Federal Contract Tower,14,12,16,0,42,0,0,5,0,5,14,12,21,0,47,0,0,0,47
06/23/2022,HVN,CT,ANE,EN,Federal Contract Tower,26,12,15,2,55,0,0,26,0,26,26,12,41,2,81,20,0,20,101
06/24/2022,HVN,CT,ANE,EN,Federal Contract Tower,22,9,18,0,49,0,0,31,0,31,22,9,49,0,80,8,0,8,88
06/25/2022,HVN,CT,ANE,EN,Federal Contract Tower,25,10,4,0,39,0,0,26,0,26,25,10,30,0,65,2,0,2,67
06/26/2022,HVN,CT,ANE,EN,Federal Contract Tower,24,5,6,0,35,0,4,40,0,44,24,9,46,0,79,8,0,8,87
06/27/2022,HVN,CT,ANE,EN,Federal Contract Tower,25,6,13,0,44,0,2,10,0,12,25,8,23,0,56,0,0,0,56
06/28/2022,HVN,CT,ANE,EN,Federal Contract Tower,12,2,4,0,18,0,6,46,0,52,12,8,50,0,70,26,0,26,96
06/29/2022,HVN,CT,ANE,EN,Federal Contract Tower,15,3,15,0,33,0,1,27,0,28,15,4,42,0,61,60,0,60,121
06/30/2022,HVN,CT,ANE,EN,Federal Contract Tower,26,8,7,0,41,0,4,51,0,55,26,12,58,0,96,56,0,56,152
07/01/2022,HVN,CT,ANE,EN,Federal Contract Tower,26,1,9,0,36,0,0,63,0,63,26,1,72,0,99,100,0,100,199
07/02/2022,HVN,CT,ANE,EN,Federal Contract Tower,23,2,5,0,30,0,0,14,0,14,23,2,19,0,44,4,0,4,48
07/03/2022,HVN,CT,ANE,EN,Federal Contract Tower,21,0,5,0,26,0,0,33,0,33,21,0,38,0,59,14,0,14,73
07/04/2022,HVN,CT,ANE,EN,Federal Contract Tower,24,6,2,0,32,0,5,41,0,46,24,11,43,0,78,22,0,22,100
07/05/2022,HVN,CT,ANE,EN,Federal Contract Tower,26,3,14,0,43,0,1,23,0,24,26,4,37,0,67,72,0,72,139
07/06/2022,HVN,CT,ANE,EN,Federal Contract Tower,12,6,16,0,34,0,5,30,0,35,12,11,46,0,69,26,0,26,95
07/07/2022,HVN,CT,ANE,EN,Federal Contract Tower,28,13,8,0,49,0,3,29,0,32,28,16,37,0,81,26,0,26,107
07/08/2022,HVN,CT,ANE,EN,Federal Contract Tower,26,6,7,0,39,0,0,43,0,43,26,6,50,0,82,20,0,20,102
07/09/2022,HVN,CT,ANE,EN,Federal Contract Tower,22,5,6,0,33,0,3,48,0,51,22,8,54,0,84,24,0,24,108
07/10/2022,HVN,CT,ANE,EN,Federal Contract Tower,26,2,2,0,30,0,3,35,0,38,26,5,37,0,68,6,0,6,74
07/11/2022,HVN,CT,ANE,EN,Federal Contract Tower,27,7,5,0,39,0,1,36,0,37,27,8,41,0,76,4,0,4,80
07/12/2022,HVN,CT,ANE,EN,Federal Contract Tower,7,7,6,0,20,0,1,17,2,20,7,8,23,2,40,28,0,28,68
07/13/2022,HVN,CT,ANE,EN,Federal Contract Tower,12,2,11,0,25,0,6,31,0,37,12,8,42,0,62,38,0,38,100
07/14/2022,HVN,CT,ANE,EN,Federal Contract Tower,28,3,6,2,39,0,14,23,0,37,28,17,29,2,76,32,2,34,110
07/15/2022,HVN,CT,ANE,EN,Federal Contract Tower,25,4,16,0,45,0,7,57,0,64,25,11,73,0,109,34,0,34,143
07/16/2022,HVN,CT,ANE,EN,Federal Contract Tower,24,2,11,2,39,0,1,25,0,26,24,3,36,2,65,44,0,44,109
07/17/2022,HVN,CT,ANE,EN,Federal Contract Tower,29,5,8,0,42,0,5,37,0,42,29,10,45,0,84,6,0,6,90
07/18/2022,HVN,CT,ANE,EN,Federal Contract Tower,25,4,17,0,46,0,0,1,0,1,25,4,18,0,47,0,0,0,47
07/19/2022,HVN,CT,ANE,EN,Federal Contract Tower,7,7,8,0,22,0,4,30,0,34,7,11,38,0,56,40,0,40,96
07/20/2022,HVN,CT,ANE,EN,Federal Contract Tower,12,5,13,3,33,0,6,47,0,53,12,11,60,3,86,8,0,8,94
07/21/2022,HVN,CT,ANE,EN,Federal Contract Tower,28,9,10,1,48,0,14,20,2,36,28,23,30,3,84,22,0,22,106
07/22/2022,HVN,CT,ANE,EN,Federal Contract Tower,26,2,5,0,33,0,3,51,0,54,26,5,56,0,87,54,0,54,141
07/23/2022,HVN,CT,ANE,EN,Federal Contract Tower,25,1,8,0,34,0,7,33,0,40,25,8,41,0,74,28,0,28,102
07/24/2022,HVN,CT,ANE,EN,Federal Contract Tower,27,4,10,0,41,0,3,26,0,29,27,7,36,0,70,18,0,18,88
07/25/2022,HVN,CT,ANE,EN,Federal Contract Tower,25,2,15,0,42,0,5,12,0,17,25,7,27,0,59,6,0,6,65
07/26/2022,HVN,CT,ANE,EN,Federal Contract Tower,6,4,9,0,19,0,0,45,2,47,6,4,54,2,66,2,4,6,72
07/27/2022,HVN,CT,ANE,EN,Federal Contract Tower,11,3,6,0,20,0,13,27,0,40,11,16,33,0,60,2,0,2,62
07/28/2022,HVN,CT,ANE,EN,Federal Contract Tower,27,5,8,0,40,0,0,16,2,18,27,5,24,2,58,20,0,20,78
07/29/2022,HVN,CT,ANE,EN,Federal Contract Tower,26,6,8,0,40,0,5,40,0,45,26,11,48,0,85,14,0,14,99
07/30/2022,HVN,CT,ANE,EN,Federal Contract Tower,25,8,13,0,46,0,6,60,0,66,25,14,73,0,112,10,0,10,122
07/31/2022,HVN,CT,ANE,EN,Federal Contract Tower,28,8,10,0,46,0,5,41,0,46,28,13,51,0,92,52,0,52,144
08/01/2022,HVN,CT,ANE,EN,Federal Contract Tower,24,5,8,0,37,0,10,7,0,17,24,15,15,0,54,4,0,4,58
08/02/2022,HVN,CT,ANE,EN,Federal Contract Tower,5,4,13,4,26,0,6,39,1,46,5,10,52,5,72,22,4,26,98
08/03/2022,HVN,CT,ANE,EN,Federal Contract Tower,11,2,12,0,25,0,3,33,0,36,11,5,45,0,61,4,0,4,65
08/04/2022,HVN,CT,ANE,EN,Federal Contract Tower,24,9,11,2,46,0,0,51,0,51,24,9,62,2,97,2,0,2,99
08/05/2022,HVN,CT,ANE,EN,Federal Contract Tower,23,3,7,0,33,0,6,35,0,41,23,9,42,0,74,18,0,18,92
08/06/2022,HVN,CT,ANE,EN,Federal Contract Tower,22,9,5,0,36,0,0,14,0,14,22,9,19,0,50,14,0,14,64
08/07/2022,HVN,CT,ANE,EN,Federal Contract Tower,25,10,4,2,41,0,0,30,3,33,25,10,34,5,74,0,0,0,74
08/08/2022,HVN,CT,ANE,EN,Federal Contract Tower,27,3,8,0,38,0,5,16,0,21,27,8,24,0,59,2,0,2,61
08/09/2022,HVN,CT,ANE,EN,Federal Contract Tower,8,4,6,0,18,0,6,14,0,20,8,10,20,0,38,2,0,2,40
08/10/2022,HVN,CT,ANE,EN,Federal Contract Tower,13,5,11,0,29,0,8,33,2,43,13,13,44,2,72,10,0,10,82
08/11/2022,HVN,CT,ANE,EN,Federal Contract Tower,25,7,5,0,37,0,0,34,0,34,25,7,39,0,71,8,0,8,79
08/12/2022,HVN,CT,ANE,EN,Federal Contract Tower,26,0,20,0,46,0,13,55,0,68,26,13,75,0,114,22,0,22,136
08/13/2022,HVN,CT,ANE,EN,Federal Contract Tower,23,1,12,0,36,0,0,58,0,58,23,1,70,0,94,22,0,22,116
08/14/2022,HVN,CT,ANE,EN,Federal Contract Tower,28,4,8,0,40,0,7,46,0,53,28,11,54,0,93,26,0,26,119
08/15/2022,HVN,CT,ANE,EN,Federal Contract Tower,27,2,10,0,39,0,5,26,0,31,27,7,36,0,70,16,0,16,86
08/16/2022,HVN,CT,ANE,EN,Federal Contract Tower,6,6,10,0,22,0,8,42,2,52,6,14,52,2,74,22,0,22,96
08/17/2022,HVN,CT,ANE,EN,Federal Contract Tower,13,3,9,0,25,0,0,27,0,27,13,3,36,0,52,8,0,8,60
08/18/2022,HVN,CT,ANE,EN,Federal Contract Tower,28,3,11,0,42,0,6,55,0,61,28,9,66,0,103,24,0,24,127
08/19/2022,HVN,CT,ANE,EN,Federal Contract Tower,26,7,6,0,39,0,8,51,0,59,26,15,57,0,98,28,0,28,126
08/20/2022,HVN,CT,ANE,EN,Federal Contract Tower,24,8,5,0,37,0,4,38,0,42,24,12,43,0,79,2,2,4,83
08/21/2022,HVN,CT,ANE,EN,Federal Contract Tower,28,14,16,0,58,0,10,37,0,47,28,24,53,0,105,8,0,8,113
08/22/2022,HVN,CT,ANE,EN,Federal Contract Tower,26,10,10,0,46,0,2,2,0,4,26,12,12,0,50,0,0,0,50
08/23/2022,HVN,CT,ANE,EN,Federal Contract Tower,6,5,18,3,32,0,6,15,0,21,6,11,33,3,53,0,0,0,53
08/24/2022,HVN,CT,ANE,EN,Federal Contract Tower,12,6,11,0,29,0,6,32,2,40,12,12,43,2,69,0,10,10,79
08/25/2022,HVN,CT,ANE,EN,Federal Contract Tower,28,12,10,0,50,0,4,41,0,45,28,16,51,0,95,56,0,56,151
08/26/2022,HVN,CT,ANE,EN,Federal Contract Tower,25,1,9,0,35,0,7,28,2,37,25,8,37,2,72,10,0,10,82
08/27/2022,HVN,CT,ANE,EN,Federal Contract Tower,17,0,2,0,19,0,3,9,0,12,17,3,11,0,31,10,0,10,41
08/28/2022,HVN,CT,ANE,EN,Federal Contract Tower,30,6,14,0,50,0,8,19,0,27,30,14,33,0,77,14,0,14,91
08/29/2022,HVN,CT,ANE,EN,Federal Contract Tower,25,13,11,0,49,0,0,24,4,28,25,13,35,4,77,28,0,28,105
08/30/2022,HVN,CT,ANE,EN,Federal Contract Tower,5,2,2,1,10,0,4,10,0,14,5,6,12,1,24,0,2,2,26
08/31/2022,HVN,CT,ANE,EN,Federal Contract Tower,12,5,11,0,28,0,0,17,0,17,12,5,28,0,45,2,0,2,47
09/01/2022,HVN,CT,ANE,EN,Federal Contract Tower,27,9,13,0,49,0,3,40,0,43,27,12,53,0,92,20,0,20,112
09/02/2022,HVN,CT,ANE,EN,Federal Contract Tower,28,5,8,0,41,0,9,44,0,53,28,14,52,0,94,12,0,12,106
09/03/2022,HVN,CT,ANE,EN,Federal Contract Tower,20,2,6,0,28,0,3,25,0,28,20,5,31,0,56,28,0,28,84
09/04/2022,HVN,CT,ANE,EN,Federal Contract Tower,26,12,4,0,42,0,1,28,0,29,26,13,32,0,71,6,0,6,77
09/05/2022,HVN,CT,ANE,EN,Federal Contract Tower,27,13,12,0,52,0,7,9,0,16,27,20,21,0,68,0,0,0,68
09/06/2022,HVN,CT,ANE,EN,Federal Contract Tower,23,17,24,0,64,0,0,0,0,0,23,17,24,0,64,0,0,0,64
09/07/2022,HVN,CT,ANE,EN,Federal Contract Tower,10,10,21,0,41,0,5,13,2,20,10,15,34,2,61,0,0,0,61
09/08/2022,HVN,CT,ANE,EN,Federal Contract Tower,23,11,9,0,43,0,2,49,0,51,23,13,58,0,94,2,0,2,96
09/09/2022,HVN,CT,ANE,EN,Federal Contract Tower,23,6,11,0,40,0,0,42,0,42,23,6,53,0,82,0,0,0,82
09/10/2022,HVN,CT,ANE,EN,Federal Contract Tower,20,4,3,0,27,0,1,20,0,21,20,5,23,0,48,0,0,0,48
09/11/2022,HVN,CT,ANE,EN,Federal Contract Tower,25,6,9,0,40,0,10,43,0,53,25,16,52,0,93,2,0,2,95
09/12/2022,HVN,CT,ANE,EN,Federal Contract Tower,29,5,17,0,51,0,0,16,0,16,29,5,33,0,67,2,0,2,69
09/13/2022,HVN,CT,ANE,EN,Federal Contract Tower,2,14,1,0,17,0,0,5,0,5,2,14,6,0,22,0,0,0,22
09/14/2022,HVN,CT,ANE,EN,Federal Contract Tower,8,9,8,0,25,0,0,27,0,27,8,9,35,0,52,0,0,0,52
09/15/2022,HVN,CT,ANE,EN,Federal Contract Tower,25,5,13,2,45,0,5,25,0,30,25,10,38,2,75,10,0,10,85
09/16/2022,HVN,CT,ANE,EN,Federal Contract Tower,24,4,17,0,45,0,4,47,0,51,24,8,64,0,96,12,0,12,108
09/17/2022,HVN,CT,ANE,EN,Federal Contract Tower,18,4,7,0,29,0,8,42,4,54,18,12,49,4,83,8,2,10,93
09/18/2022,HVN,CT,ANE,EN,Federal Contract Tower,19,8,9,0,36,0,6,25,1,32,19,14,34,1,68,2,0,2,70
09/19/2022,HVN,CT,ANE,EN,Federal Contract Tower,25,11,10,0,46,0,12,32,0,44,25,23,42,0,90,6,0,6,96
09/20/2022,HVN,CT,ANE,EN,Federal Contract Tower,5,10,5,0,20,0,4,39,0,43,5,14,44,0,63,4,0,4,67
09/21/2022,HVN,CT,ANE,EN,Federal Contract Tower,7,6,14,0,27,0,0,38,4,42,7,6,52,4,69,0,0,0,69
09/22/2022,HVN,CT,ANE,EN,Federal Contract Tower,23,9,1,0,33,0,0,5,0,5,23,9,6,0,38,0,0,0,38
09/23/2022,HVN,CT,ANE,EN,Federal Contract Tower,25,14,10,0,49,0,5,10,0,15,25,19,20,0,64,0,0,0,64
09/24/2022,HVN,CT,ANE,EN,Federal Contract Tower,20,7,9,0,36,0,4,38,0,42,20,11,47,0,78,6,0,6,84
09/25/2022,HVN,CT,ANE,EN,Federal Contract Tower,25,15,18,0,58,0,3,18,0,21,25,18,36,0,79,8,0,8,87
09/26/2022,HVN,CT,ANE,EN,Federal Contract Tower,30,1,8,0,39,0,4,28,2,34,30,5,36,2,73,6,0,6,79
09/27/2022,HVN,CT,ANE,EN,Federal Contract Tower,3,13,3,1,20,0,1,35,4,40,3,14,38,5,60,0,0,0,60
09/28/2022,HVN,CT,ANE,EN,Federal Contract Tower,7,8,9,0,24,0,0,28,2,30,7,8,37,2,54,0,0,0,54
09/29/2022,HVN,CT,ANE,EN,Federal Contract Tower,11,6,8,0,25,0,5,35,0,40,11,11,43,0,65,0,0,0,65
09/30/2022,HVN,CT,ANE,EN,Federal Contract Tower,18,16,13,0,47,0,4,37,0,41,18,20,50,0,88,0,0,0,88
10/01/2022,HVN,CT,ANE,EN,Federal Contract Tower,16,8,6,2,32,0,0,0,2,2,16,8,6,4,34,0,0,0,34
10/02/2022,HVN,CT,ANE,EN,Federal Contract Tower,28,2,7,0,37,0,4,0,0,4,28,6,7,0,41,0,0,0,41
10/03/2022,HVN,CT,ANE,EN,Federal Contract Tower,26,9,6,0,41,0,4,4,0,8,26,13,10,0,49,0,0,0,49
10/04/2022,HVN,CT,ANE,EN,Federal Contract Tower,2,10,2,0,14,0,0,0,0,0,2,10,2,0,14,0,0,0,14
10/05/2022,HVN,CT,ANE,EN,Federal Contract Tower,8,18,6,0,32,0,0,0,0,0,8,18,6,0,32,0,0,0,32
10/06/2022,HVN,CT,ANE,EN,Federal Contract Tower,24,10,7,0,41,0,9,51,0,60,24,19,58,0,101,12,0,12,113
10/07/2022,HVN,CT,ANE,EN,Federal Contract Tower,26,14,6,0,46,0,3,42,0,45,26,17,48,0,91,2,0,2,93
10/08/2022,HVN,CT,ANE,EN,Federal Contract Tower,25,3,3,0,31,0,2,26,0,28,25,5,29,0,59,0,0,0,59
10/09/2022,HVN,CT,ANE,EN,Federal Contract Tower,27,16,6,0,49,0,2,33,0,35,27,18,39,0,84,2,0,2,86
10/10/2022,HVN,CT,ANE,EN,Federal Contract Tower,26,6,11,0,43,0,3,32,0,35,26,9,43,0,78,10,0,10,88
10/11/2022,HVN,CT,ANE,EN,Federal Contract Tower,6,7,18,0,31,0,3,28,0,31,6,10,46,0,62,0,0,0,62
10/12/2022,HVN,CT,ANE,EN,Federal Contract Tower,16,7,13,0,36,0,6,27,0,33,16,13,40,0,69,0,0,0,69
10/13/2022,HVN,CT,ANE,EN,Federal Contract Tower,21,14,11,0,46,0,0,0,0,0,21,14,11,0,46,2,0,2,48
10/14/2022,HVN,CT,ANE,EN,Federal Contract Tower,31,10,14,0,55,0,5,25,0,30,31,15,39,0,85,2,0,2,87
10/15/2022,HVN,CT,ANE,EN,Federal Contract Tower,24,6,14,0,44,0,0,42,0,42,24,6,56,0,86,4,0,4,90
10/16/2022,HVN,CT,ANE,EN,Federal Contract Tower,23,16,9,0,48,0,6,45,0,51,23,22,54,0,99,10,0,10,109
10/17/2022,HVN,CT,ANE,EN,Federal Contract Tower,32,12,10,0,54,0,0,2,0,2,32,12,12,0,56,0,0,0,56
10/18/2022,HVN,CT,ANE,EN,Federal Contract Tower,7,17,11,0,35,0,2,32,0,34,7,19,43,0,69,0,0,0,69
10/19/2022,HVN,CT,ANE,EN,Federal Contract Tower,16,6,8,0,30,0,1,20,0,21,16,7,28,0,51,0,0,0,51
10/20/2022,HVN,CT,ANE,EN,Federal Contract Tower,22,6,10,0,38,0,0,20,0,20,22,6,30,0,58,0,0,0,58
10/21/2022,HVN,CT,ANE,EN,Federal Contract Tower,26,10,3,0,39,0,4,28,0,32,26,14,31,0,71,2,0,2,73
10/22/2022,HVN,CT,ANE,EN,Federal Contract Tower,26,2,11,0,39,0,3,42,0,45,26,5,53,0,84,6,0,6,90
10/23/2022,HVN,CT,ANE,EN,Federal Contract Tower,24,11,10,0,45,0,0,17,0,17,24,11,27,0,62,2,0,2,64
10/24/2022,HVN,CT,ANE,EN,Federal Contract Tower,28,6,8,0,42,0,0,0,0,0,28,6,8,0,42,0,0,0,42
10/25/2022,HVN,CT,ANE,EN,Federal Contract Tower,6,9,5,0,20,0,0,0,0,0,6,9,5,0,20,0,0,0,20
10/26/2022,HVN,CT,ANE,EN,Federal Contract Tower,17,9,8,0,34,0,0,0,0,0,17,9,8,0,34,0,0,0,34
10/27/2022,HVN,CT,ANE,EN,Federal Contract Tower,22,9,8,0,39,0,1,23,0,24,22,10,31,0,63,0,0,0,63
10/28/2022,HVN,CT,ANE,EN,Federal Contract Tower,24,4,11,0,39,0,4,26,0,30,24,8,37,0,69,4,0,4,73
10/29/2022,HVN,CT,ANE,EN,Federal Contract Tower,22,4,8,0,34,0,0,32,0,32,22,4,40,0,66,2,0,2,68
10/30/2022,HVN,CT,ANE,EN,Federal Contract Tower,23,2,9,0,34,0,2,28,0,30,23,4,37,0,64,2,0,2,66
10/31/2022,HVN,CT,ANE,EN,Federal Contract Tower,23,7,6,0,36,0,0,18,2,20,23,7,24,2,56,4,0,4,60
11/01/2022,HVN,CT,ANE,EN,Federal Contract Tower,4,10,12,0,26,0,0,0,0,0,4,10,12,0,26,0,0,0,26
11/02/2022,HVN,CT,ANE,EN,Federal Contract Tower,13,8,9,0,30,0,0,34,0,34,13,8,43,0,64,0,0,0,64
11/03/2022,HVN,CT,ANE,EN,Federal Contract Tower,20,11,10,0,41,0,1,22,0,23,20,12,32,0,64,0,0,0,64
11/04/2022,HVN,CT,ANE,EN,Federal Contract Tower,25,11,13,0,49,0,1,20,0,21,25,12,33,0,70,0,0,0,70
11/05/2022,HVN,CT,ANE,EN,Federal Contract Tower,24,14,5,0,43,0,5,26,0,31,24,19,31,0,74,0,0,0,74
11/06/2022,HVN,CT,ANE,EN,Federal Contract Tower,27,4,11,0,42,0,0,24,0,24,27,4,35,0,66,12,0,12,78
11/07/2022,HVN,CT,ANE,EN,Federal Contract Tower,26,10,5,0,41,0,2,11,0,13,26,12,16,0,54,0,0,0,54
11/08/2022,HVN,CT,ANE,EN,Federal Contract Tower,5,5,6,0,16,0,1,24,0,25,5,6,30,0,41,0,0,0,41
11/09/2022,HVN,CT,ANE,EN,Federal Contract Tower,9,7,8,0,24,0,0,43,2,45,9,7,51,2,69,2,4,6,75
11/10/2022,HVN,CT,ANE,EN,Federal Contract Tower,22,3,4,0,29,0,4,22,0,26,22,7,26,0,55,2,0,2,57
11/11/2022,HVN,CT,ANE,EN,Federal Contract Tower,26,14,6,0,46,0,0,4,0,4,26,14,10,0,50,0,0,0,50
11/12/2022,HVN,CT,ANE,EN,Federal Contract Tower,18,4,5,0,27,0,1,8,0,9,18,5,13,0,36,0,0,0,36
11/13/2022,HVN,CT,ANE,EN,Federal Contract Tower,27,5,5,0,37,0,1,9,0,10,27,6,14,0,47,0,0,0,47
11/14/2022,HVN,CT,ANE,EN,Federal Contract Tower,24,3,13,0,40,0,1,15,0,16,24,4,28,0,56,6,0,6,62
11/15/2022,HVN,CT,ANE,EN,Federal Contract Tower,14,11,6,0,31,0,0,24,0,24,14,11,30,0,55,8,0,8,63
11/16/2022,HVN,CT,ANE,EN,Federal Contract Tower,10,6,13,0,29,0,0,2,2,4,10,6,15,2,33,0,0,0,33
11/17/2022,HVN,CT,ANE,EN,Federal Contract Tower,22,9,3,0,34,0,2,20,0,22,22,11,23,0,56,0,0,0,56
11/18/2022,HVN,CT,ANE,EN,Federal Contract Tower,24,8,9,0,41,0,1,21,0,22,24,9,30,0,63,2,0,2,65
11/19/2022,HVN,CT,ANE,EN,Federal Contract Tower,22,3,4,0,29,0,0,29,0,29,22,3,33,0,58,8,0,8,66
11/20/2022,HVN,CT,ANE,EN,Federal Contract Tower,25,8,3,0,36,0,2,4,0,6,25,10,7,0,42,0,0,0,42
11/21/2022,HVN,CT,ANE,EN,Federal Contract Tower,24,5,4,0,33,0,4,3,2,9,24,9,7,2,42,0,0,0,42
11/22/2022,HVN,CT,ANE,EN,Federal Contract Tower,18,7,5,0,30,0,0,50,1,51,18,7,55,1,81,0,2,2,83
11/23/2022,HVN,CT,ANE,EN,Federal Contract Tower,22,8,5,0,35,0,1,33,0,34,22,9,38,0,69,22,0,22,91
11/24/2022,HVN,CT,ANE,EN,Federal Contract Tower,23,3,2,0,28,0,1,18,1,20,23,4,20,1,48,0,0,0,48
11/25/2022,HVN,CT,ANE,EN,Federal Contract Tower,19,5,3,0,27,0,0,8,0,8,19,5,11,0,35,4,0,4,39
11/26/2022,HVN,CT,ANE,EN,Federal Contract Tower,21,6,7,0,34,0,1,26,0,27,21,7,33,0,61,0,0,0,61
11/27/2022,HVN,CT,ANE,EN,Federal Contract Tower,29,12,10,0,51,0,1,17,0,18,29,13,27,0,69,4,0,4,73
11/28/2022,HVN,CT,ANE,EN,Federal Contract Tower,30,7,4,0,41,0,2,19,0,21,30,9,23,0,62,2,0,2,64
11/29/2022,HVN,CT,ANE,EN,Federal Contract Tower,4,4,2,2,12,0,1,32,0,33,4,5,34,2,45,26,0,26,71
11/30/2022,HVN,CT,ANE,EN,Federal Contract Tower,8,5,5,0,18,0,0,3,0,3,8,5,8,0,21,0,0,0,21
12/01/2022,HVN,CT,ANE,EN,Federal Contract Tower,16,11,3,0,30,0,0,1,0,1,16,11,4,0,31,0,0,0,31
12/02/2022,HVN,CT,ANE,EN,Federal Contract Tower,16,5,10,0,31,0,0,31,0,31,16,5,41,0,62,30,0,30,92
12/03/2022,HVN,CT,ANE,EN,Federal Contract Tower,10,5,2,0,17,0,0,0,0,0,10,5,2,0,17,0,0,0,17
12/04/2022,HVN,CT,ANE,EN,Federal Contract Tower,18,6,7,1,32,0,3,32,0,35,18,9,39,1,67,40,2,42,109
12/05/2022,HVN,CT,ANE,EN,Federal Contract Tower,14,6,4,0,24,0,0,20,0,20,14,6,24,0,44,10,0,10,54
12/06/2022,HVN,CT,ANE,EN,Federal Contract Tower,4,13,8,0,25,0,1,8,0,9,4,14,16,0,34,18,0,18,52
12/07/2022,HVN,CT,ANE,EN,Federal Contract Tower,6,1,3,0,10,0,0,0,0,0,6,1,3,0,10,0,0,0,10
12/08/2022,HVN,CT,ANE,EN,Federal Contract Tower,20,5,9,0,34,0,2,27,0,29,20,7,36,0,63,10,0,10,73
12/09/2022,HVN,CT,ANE,EN,Federal Contract Tower,14,4,6,0,24,0,4,41,0,45,14,8,47,0,69,32,0,32,101
12/10/2022,HVN,CT,ANE,EN,Federal Contract Tower,10,2,10,0,22,0,3,27,0,30,10,5,37,0,52,8,0,8,60
12/11/2022,HVN,CT,ANE,EN,Federal Contract Tower,16,4,1,0,21,0,0,2,0,2,16,4,3,0,23,4,0,4,27
12/12/2022,HVN,CT,ANE,EN,Federal Contract Tower,15,9,5,0,29,0,0,15,0,15,15,9,20,0,44,4,0,4,48
12/13/2022,HVN,CT,ANE,EN,Federal Contract Tower,5,1,10,1,17,0,0,26,7,33,5,1,36,8,50,28,0,28,78
12/14/2022,HVN,CT,ANE,EN,Federal Contract Tower,5,15,5,0,25,0,0,32,0,32,5,15,37,0,57,0,0,0,57
12/15/2022,HVN,CT,ANE,EN,Federal Contract Tower,22,4,2,0,28,0,0,5,2,7,22,4,7,2,35,0,0,0,35
12/16/2022,HVN,CT,ANE,EN,Federal Contract Tower,16,4,8,0,28,0,0,0,0,0,16,4,8,0,28,0,0,0,28
12/17/2022,HVN,CT,ANE,EN,Federal Contract Tower,19,7,9,0,35,0,2,14,1,17,19,9,23,1,52,0,2,2,54
12/18/2022,HVN,CT,ANE,EN,Federal Contract Tower,25,1,11,0,37,0,0,15,0,15,25,1,26,0,52,28,0,28,80
12/19/2022,HVN,CT,ANE,EN,Federal Contract Tower,21,3,8,2,34,0,0,14,0,14,21,3,22,2,48,32,0,32,80
12/20/2022,HVN,CT,ANE,EN,Federal Contract Tower,16,0,13,0,29,0,2,23,0,25,16,2,36,0,54,46,0,46,100
12/21/2022,HVN,CT,ANE,EN,Federal Contract Tower,23,10,7,0,40,0,0,46,0,46,23,10,53,0,86,30,0,30,116
12/22/2022,HVN,CT,ANE,EN,Federal Contract Tower,22,8,2,0,32,0,0,7,0,7,22,8,9,0,39,0,6,6,45
12/23/2022,HVN,CT,ANE,EN,Federal Contract Tower,35,0,1,0,36,0,0,0,0,0,35,0,1,0,36,0,0,0,36
12/24/2022,HVN,CT,ANE,EN,Federal Contract Tower,20,5,4,0,29,0,0,3,0,3,20,5,7,0,32,0,0,0,32
12/25/2022,HVN,CT,ANE,EN,Federal Contract Tower,22,1,0,0,23,0,0,0,0,0,22,1,0,0,23,0,0,0,23
12/26/2022,HVN,CT,ANE,EN,Federal Contract Tower,22,7,14,0,43,0,0,22,0,22,22,7,36,0,65,24,0,24,89
12/27/2022,HVN,CT,ANE,EN,Federal Contract Tower,17,6,6,0,29,0,1,27,2,30,17,7,33,2,59,8,0,8,67
12/28/2022,HVN,CT,ANE,EN,Federal Contract Tower,22,6,3,0,31,0,0,24,0,24,22,6,27,0,55,20,0,20,75
12/29/2022,HVN,CT,ANE,EN,Federal Contract Tower,25,7,3,0,35,0,0,31,2,33,25,7,34,2,68,6,0,6,74
12/30/2022,HVN,CT,ANE,EN,Federal Contract Tower,27,2,6,0,35,0,2,30,1,33,27,4,36,1,68,20,0,20,88
12/31/2022,HVN,CT,ANE,EN,Federal Contract Tower,5,0,0,0,5,0,0,0,0,0,5,0,0,0,5,0,0,0,5
01/01/2023,HVN,CT,ANE,EN,Federal Contract Tower,25,6,3,0,34,0,2,17,0,19,25,8,20,0,53,6,0,6,59
01/02/2023,HVN,CT,ANE,EN,Federal Contract Tower,23,8,5,0,36,0,0,17,0,17,23,8,22,0,53,20,2,22,75
01/03/2023,HVN,CT,ANE,EN,Federal Contract Tower,11,4,2,0,17,0,0,0,0,0,11,4,2,0,17,0,0,0,17
01/04/2023,HVN,CT,ANE,EN,Federal Contract Tower,21,3,4,0,28,0,0,0,0,0,21,3,4,0,28,0,0,0,28
01/05/2023,HVN,CT,ANE,EN,Federal Contract Tower,25,4,4,2,35,0,0,0,0,0,25,4,4,2,35,0,0,0,35
01/06/2023,HVN,CT,ANE,EN,Federal Contract Tower,24,9,4,0,37,0,0,0,0,0,24,9,4,0,37,0,0,0,37
01/07/2023,HVN,CT,ANE,EN,Federal Contract Tower,20,7,2,0,29,0,0,24,0,24,20,7,26,0,53,20,0,20,73
01/08/2023,HVN,CT,ANE,EN,Federal Contract Tower,26,4,4,0,34,0,1,38,2,41,26,5,42,2,75,48,0,48,123
01/09/2023,HVN,CT,ANE,EN,Federal Contract Tower,19,4,7,0,30,0,2,17,0,19,19,6,24,0,49,24,0,24,73
01/10/2023,HVN,CT,ANE,EN,Federal Contract Tower,7,10,1,0,18,0,0,17,0,17,7,10,18,0,35,26,0,26,61
01/11/2023,HVN,CT,ANE,EN,Federal Contract Tower,8,6,2,0,16,0,0,17,0,17,8,6,19,0,33,36,0,36,69
01/12/2023,HVN,CT,ANE,EN,Federal Contract Tower,23,7,6,0,36,0,0,0,0,0,23,7,6,0,36,0,0,0,36
01/13/2023,HVN,CT,ANE,EN,Federal Contract Tower,20,13,5,0,38,0,0,0,0,0,20,13,5,0,38,0,0,0,38
01/14/2023,HVN,CT,ANE,EN,Federal Contract Tower,16,8,1,0,25,0,0,3,0,3,16,8,4,0,28,6,0,6,34
01/15/2023,HVN,CT,ANE,EN,Federal Contract Tower,21,5,2,0,28,0,0,11,2,13,21,5,13,2,41,22,4,26,67
01/16/2023,HVN,CT,ANE,EN,Federal Contract Tower,15,5,9,0,29,0,1,34,0,35,15,6,43,0,64,40,0,40,104
01/17/2023,HVN,CT,ANE,EN,Federal Contract Tower,7,4,19,0,30,0,3,24,3,30,7,7,43,3,60,36,2,38,98
01/18/2023,HVN,CT,ANE,EN,Federal Contract Tower,9,11,8,0,28,0,0,17,0,17,9,11,25,0,45,12,0,12,57
01/19/2023,HVN,CT,ANE,EN,Federal Contract Tower,22,6,4,4,36,0,0,4,0,4,22,6,8,4,40,8,0,8,48
01/20/2023,HVN,CT,ANE,EN,Federal Contract Tower,20,8,5,0,33,0,0,3,0,3,20,8,8,0,36,2,0,2,38
01/21/2023,HVN,CT,ANE,EN,Federal Contract Tower,17,6,10,0,33,0,0,37,0,37,17,6,47,0,70,42,0,42,112
01/22/2023,HVN,CT,ANE,EN,Federal Contract Tower,22,6,2,0,30,0,0,17,0,17,22,6,19,0,47,28,0,28,75
01/23/2023,HVN,CT,ANE,EN,Federal Contract Tower,19,5,5,0,29,0,0,0,0,0,19,5,5,0,29,0,0,0,29
01/24/2023,HVN,CT,ANE,EN,Federal Contract Tower,7,4,4,0,15,0,0,20,0,20,7,4,24,0,35,14,0,14,49
01/25/2023,HVN,CT,ANE,EN,Federal Contract Tower,8,3,5,0,16,0,0,5,0,5,8,3,10,0,21,2,0,2,23
01/26/2023,HVN,CT,ANE,EN,Federal Contract Tower,27,6,2,0,35,0,0,1,0,1,27,6,3,0,36,0,0,0,36
01/27/2023,HVN,CT,ANE,EN,Federal Contract Tower,23,4,5,0,32,0,2,31,0,33,23,6,36,0,65,40,0,40,105
01/28/2023,HVN,CT,ANE,EN,Federal Contract Tower,16,8,5,0,29,0,0,38,0,38,16,8,43,0,67,76,0,76,143
01/29/2023,HVN,CT,ANE,EN,Federal Contract Tower,22,15,7,0,44,0,0,13,0,13,22,15,20,0,57,44,0,44,101
01/30/2023,HVN,CT,ANE,EN,Federal Contract Tower,19,4,8,0,31,0,0,25,0,25,19,4,33,0,56,38,0,38,94
01/31/2023,HVN,CT,ANE,EN,Federal Contract Tower,6,11,5,2,24,0,2,9,0,11,6,13,14,2,35,16,0,16,51
02/01/2023,HVN,CT,ANE,EN,Federal Contract Tower,8,10,11,0,29,0,2,16,0,18,8,12,27,0,47,64,0,64,111
02/02/2023,HVN,CT,ANE,EN,Federal Contract Tower,21,7,6,0,34,0,0,25,0,25,21,7,31,0,59,16,0,16,75
02/03/2023,HVN,CT,ANE,EN,Federal Contract Tower,19,7,4,0,30,0,0,0,0,0,19,7,4,0,30,0,0,0,30
02/04/2023,HVN,CT,ANE,EN,Federal Contract Tower,15,2,3,0,20,0,1,4,0,5,15,3,7,0,25,2,0,2,27
02/05/2023,HVN,CT,ANE,EN,Federal Contract Tower,21,7,5,0,33,0,2,18,0,20,21,9,23,0,53,12,0,12,65
02/06/2023,HVN,CT,ANE,EN,Federal Contract Tower,18,9,2,0,29,0,0,17,0,17,18,9,19,0,46,2,0,2,48
02/07/2023,HVN,CT,ANE,EN,Federal Contract Tower,6,3,10,0,19,0,0,33,2,35,6,3,43,2,54,56,0,56,110
02/08/2023,HVN,CT,ANE,EN,Federal Contract Tower,9,11,9,0,29,0,4,20,0,24,9,15,29,0,53,22,0,22,75
02/09/2023,HVN,CT,ANE,EN,Federal Contract Tower,22,5,2,0,29,0,2,7,0,9,22,7,9,0,38,66,0,66,104
02/10/2023,HVN,CT,ANE,EN,Federal Contract Tower,17,6,2,0,25,0,0,9,0,9,17,6,11,0,34,0,6,6,40
02/11/2023,HVN,CT,ANE,EN,Federal Contract Tower,16,7,3,0,26,26,0,0,0,26,42,7,3,0,52,44,0,44,96
02/12/2023,HVN,CT,ANE,EN,Federal Contract Tower,23,11,4,0,38,0,0,46,0,46,23,11,50,0,84,56,0,56,140
02/13/2023,HVN,CT,ANE,EN,Federal Contract Tower,18,3,15,0,36,0,0,26,0,26,18,3,41,0,62,54,0,54,116
02/14/2023,HVN,CT,ANE,EN,Federal Contract Tower,7,2,8,0,17,0,2,18,0,20,7,4,26,0,37,34,2,36,73
02/15/2023,HVN,CT,ANE,EN,Federal Contract Tower,8,6,8,0,22,0,0,20,1,21,8,6,28,1,43,48,0,48,91
02/16/2023,HVN,CT,ANE,EN,Federal Contract Tower,24,8,5,0,37,0,0,21,0,21,24,8,26,0,58,24,0,24,82
02/17/2023,HVN,CT,ANE,EN,Federal Contract Tower,22,13,5,0,40,0,0,2,0,2,22,13,7,0,42,0,0,0,42
02/18/2023,HVN,CT,ANE,EN,Federal Contract Tower,20,5,6,0,31,0,0,25,0,25,20,5,31,0,56,62,0,62,118
02/19/2023,HVN,CT,ANE,EN,Federal Contract Tower,28,9,7,0,44,0,0,27,0,27,28,9,34,0,71,54,0,54,125
02/20/2023,HVN,CT,ANE,EN,Federal Contract Tower,22,10,4,0,36,0,0,7,0,7,22,10,11,0,43,8,0,8,51
02/21/2023,HVN,CT,ANE,EN,Federal Contract Tower,16,8,7,0,31,0,0,0,0,0,16,8,7,0,31,0,0,0,31
02/22/2023,HVN,CT,ANE,EN,Federal Contract Tower,16,6,3,0,25,0,1,15,2,18,16,7,18,2,43,50,0,50,93
02/23/2023,HVN,CT,ANE,EN,Federal Contract Tower,24,6,6,0,36,0,0,0,0,0,24,6,6,0,36,0,0,0,36
02/24/2023,HVN,CT,ANE,EN,Federal Contract Tower,21,9,4,0,34,0,0,8,2,10,21,9,12,2,44,6,0,6,50
02/25/2023,HVN,CT,ANE,EN,Federal Contract Tower,19,3,1,0,23,0,0,9,0,9,19,3,10,0,32,8,0,8,40
02/26/2023,HVN,CT,ANE,EN,Federal Contract Tower,24,6,2,0,32,0,0,0,0,0,24,6,2,0,32,8,0,8,40
02/27/2023,HVN,CT,ANE,EN,Federal Contract Tower,21,2,3,0,26,0,0,15,0,15,21,2,18,0,41,32,0,32,73
02/28/2023,HVN,CT,ANE,EN,Federal Contract Tower,20,5,1,0,26,0,0,0,0,0,20,5,1,0,26,0,0,0,26
03/01/2023,HVN,CT,ANE,EN,Federal Contract Tower,17,0,3,0,20,0,0,19,0,19,17,0,22,0,39,48,0,48,87
03/02/2023,HVN,CT,ANE,EN,Federal Contract Tower,22,5,9,2,38,0,0,7,0,7,22,5,16,2,45,12,0,12,57
03/03/2023,HVN,CT,ANE,EN,Federal Contract Tower,23,4,7,0,34,0,0,40,0,40,23,4,47,0,74,56,0,56,130
03/04/2023,HVN,CT,ANE,EN,Federal Contract Tower,22,10,0,0,32,0,0,0,0,0,22,10,0,0,32,0,0,0,32
03/05/2023,HVN,CT,ANE,EN,Federal Contract Tower,25,4,1,0,30,0,0,40,0,40,25,4,41,0,70,30,0,30,100
03/06/2023,HVN,CT,ANE,EN,Federal Contract Tower,25,5,0,0,30,0,0,16,0,16,25,5,16,0,46,20,0,20,66
03/07/2023,HVN,CT,ANE,EN,Federal Contract Tower,15,8,6,0,29,0,2,2,0,4,15,10,8,0,33,28,0,28,61
03/08/2023,HVN,CT,ANE,EN,Federal Contract Tower,20,4,7,0,31,0,0,9,0,9,20,4,16,0,40,4,0,4,44
03/09/2023,HVN,CT,ANE,EN,Federal Contract Tower,25,7,11,0,43,0,3,34,0,37,25,10,45,0,80,32,0,32,112
03/10/2023,HVN,CT,ANE,EN,Federal Contract Tower,24,5,8,0,37,0,0,25,0,25,24,5,33,0,62,68,0,68,130
03/11/2023,HVN,CT,ANE,EN,Federal Contract Tower,21,6,2,0,29,0,0,4,0,4,21,6,6,0,33,6,0,6,39
03/12/2023,HVN,CT,ANE,EN,Federal Contract Tower,20,10,7,0,37,0,0,33,0,33,20,10,40,0,70,106,0,106,176
03/13/2023,HVN,CT,ANE,EN,Federal Contract Tower,23,5,3,0,31,0,0,0,0,0,23,5,3,0,31,0,0,0,31
03/14/2023,HVN,CT,ANE,EN,Federal Contract Tower,16,2,1,0,19,0,0,0,0,0,16,2,1,0,19,0,0,0,19
03/15/2023,HVN,CT,ANE,EN,Federal Contract Tower,19,13,4,0,36,0,0,2,0,2,19,13,6,0,38,0,0,0,38
03/16/2023,HVN,CT,ANE,EN,Federal Contract Tower,26,3,20,0,49,0,5,26,0,31,26,8,46,0,80,36,0,36,116
03/17/2023,HVN,CT,ANE,EN,Federal Contract Tower,25,3,1,0,29,0,0,12,0,12,25,3,13,0,41,84,0,84,125
03/18/2023,HVN,CT,ANE,EN,Federal Contract Tower,21,4,11,0,36,0,0,24,0,24,21,4,35,0,60,10,0,10,70
03/19/2023,HVN,CT,ANE,EN,Federal Contract Tower,25,8,1,0,34,0,1,8,0,9,25,9,9,0,43,0,0,0,43
03/20/2023,HVN,CT,ANE,EN,Federal Contract Tower,26,7,8,0,41,0,0,35,0,35,26,7,43,0,76,38,0,38,114
03/21/2023,HVN,CT,ANE,EN,Federal Contract Tower,18,3,9,2,32,0,0,39,0,39,18,3,48,2,71,98,0,98,169
03/22/2023,HVN,CT,ANE,EN,Federal Contract Tower,20,7,13,0,40,0,2,27,0,29,20,9,40,0,69,116,0,116,185
03/23/2023,HVN,CT,ANE,EN,Federal Contract Tower,25,2,7,0,34,0,0,1,0,1,25,2,8,0,35,0,0,0,35
03/24/2023,HVN,CT,ANE,EN,Federal Contract Tower,27,5,2,0,34,0,0,29,0,29,27,5,31,0,63,56,0,56,119
03/25/2023,HVN,CT,ANE,EN,Federal Contract Tower,21,4,1,0,26,0,0,0,0,0,21,4,1,0,26,0,0,0,26
03/26/2023,HVN,CT,ANE,EN,Federal Contract Tower,25,6,2,0,33,0,1,37,0,38,25,7,39,0,71,22,0,22,93
03/27/2023,HVN,CT,ANE,EN,Federal Contract Tower,26,4,2,0,32,0,2,33,0,35,26,6,35,0,67,50,0,50,117
03/28/2023,HVN,CT,ANE,EN,Federal Contract Tower,16,4,11,0,31,0,3,8,0,11,16,7,19,0,42,18,0,18,60
03/29/2023,HVN,CT,ANE,EN,Federal Contract Tower,20,4,15,0,39,0,13,51,0,64,20,17,66,0,103,96,0,96,199
03/30/2023,HVN,CT,ANE,EN,Federal Contract Tower,26,8,17,0,51,0,6,31,0,37,26,14,48,0,88,14,0,14,102
03/31/2023,HVN,CT,ANE,EN,Federal Contract Tower,26,9,13,0,48,0,0,18,0,18,26,9,31,0,66,50,0,50,116
04/01/2023,HVN,CT,ANE,EN,Federal Contract Tower,17,5,1,0,23,0,0,0,0,0,17,5,1,0,23,0,0,0,23
04/02/2023,HVN,CT,ANE,EN,Federal Contract Tower,25,5,0,0,30,0,0,25,0,25,25,5,25,0,55,6,0,6,61
04/03/2023,HVN,CT,ANE,EN,Federal Contract Tower,26,2,3,0,31,0,1,32,0,33,26,3,35,0,64,10,0,10,74
04/04/2023,HVN,CT,ANE,EN,Federal Contract Tower,18,0,17,0,35,0,3,63,3,69,18,3,80,3,104,88,0,88,192
04/05/2023,HVN,CT,ANE,EN,Federal Contract Tower,17,8,9,0,34,0,0,3,0,3,17,8,12,0,37,0,0,0,37
04/06/2023,HVN,CT,ANE,EN,Federal Contract Tower,26,3,4,0,33,0,2,30,0,32,26,5,34,0,65,24,0,24,89
04/07/2023,HVN,CT,ANE,EN,Federal Contract Tower,26,6,8,0,40,0,0,32,0,32,26,6,40,0,72,22,0,22,94
04/08/2023,HVN,CT,ANE,EN,Federal Contract Tower,20,4,1,0,25,0,0,41,0,41,20,4,42,0,66,70,0,70,136
04/09/2023,HVN,CT,ANE,EN,Federal Contract Tower,23,2,3,0,28,0,0,26,0,26,23,2,29,0,54,12,0,12,66
04/10/2023,HVN,CT,ANE,EN,Federal Contract Tower,26,3,4,0,33,0,1,64,0,65,26,4,68,0,98,42,0,42,140
04/11/2023,HVN,CT,ANE,EN,Federal Contract Tower,17,10,0,0,27,0,3,29,0,32,17,13,29,0,59,28,0,28,87
04/12/2023,HVN,CT,ANE,EN,Federal Contract Tower,18,5,8,2,33,0,0,41,0,41,18,5,49,2,74,26,0,26,100
04/13/2023,HVN,CT,ANE,EN,Federal Contract Tower,24,1,6,1,32,0,0,41,1,42,24,1,47,2,74,30,0,30,104
04/14/2023,HVN,CT,ANE,EN,Federal Contract Tower,26,16,3,0,45,0,4,47,1,52,26,20,50,1,97,58,0,58,155
04/15/2023,HVN,CT,ANE,EN,Federal Contract Tower,17,13,11,0,41,0,0,4,0,4,17,13,15,0,45,0,0,0,45
04/16/2023,HVN,CT,ANE,EN,Federal Contract Tower,26,8,9,0,43,0,0,0,0,0,26,8,9,0,43,0,0,0,43
04/17/2023,HVN,CT,ANE,EN,Federal Contract Tower,31,7,2,0,40,0,0,2,0,2,31,7,4,0,42,12,4,16,58
04/18/2023,HVN,CT,ANE,EN,Federal Contract Tower,18,11,11,0,40,0,0,31,2,33,18,11,42,2,73,6,2,8,81
04/19/2023,HVN,CT,ANE,EN,Federal Contract Tower,9,3,10,0,22,0,4,30,0,34,9,7,40,0,56,8,0,8,64
04/20/2023,HVN,CT,ANE,EN,Federal Contract Tower,16,11,20,0,47,0,0,42,4,46,16,11,62,4,93,54,0,54,147
04/21/2023,HVN,CT,ANE,EN,Federal Contract Tower,14,17,9,0,40,0,0,45,0,45,14,17,54,0,85,28,0,28,113
04/22/2023,HVN,CT,ANE,EN,Federal Contract Tower,14,10,3,0,27,0,0,0,0,0,14,10,3,0,27,0,0,0,27
04/23/2023,HVN,CT,ANE,EN,Federal Contract Tower,17,15,4,0,36,0,0,4,0,4,17,15,8,0,40,10,0,10,50
04/24/2023,HVN,CT,ANE,EN,Federal Contract Tower,17,9,9,0,35,0,5,45,0,50,17,14,54,0,85,26,0,26,111
04/25/2023,HVN,CT,ANE,EN,Federal Contract Tower,5,7,10,0,22,0,1,39,0,40,5,8,49,0,62,28,0,28,90
04/26/2023,HVN,CT,ANE,EN,Federal Contract Tower,9,6,12,0,27,0,0,50,0,50,9,6,62,0,77,50,0,50,127
04/27/2023,HVN,CT,ANE,EN,Federal Contract Tower,16,19,17,0,52,0,0,23,0,23,16,19,40,0,75,0,0,0,75
04/28/2023,HVN,CT,ANE,EN,Federal Contract Tower,15,24,11,0,50,0,0,23,0,23,15,24,34,0,73,50,0,50,123
04/29/2023,HVN,CT,ANE,EN,Federal Contract Tower,13,9,7,0,29,0,0,0,0,0,13,9,7,0,29,0,0,0,29
04/30/2023,HVN,CT,ANE,EN,Federal Contract Tower,16,5,0,0,21,0,0,0,0,0,16,5,0,0,21,0,0,0,21
05/01/2023,HVN,CT,ANE,EN,Federal Contract Tower,21,10,3,0,34,0,0,15,0,15,21,10,18,0,49,14,0,14,63
05/02/2023,HVN,CT,ANE,EN,Federal Contract Tower,9,10,8,0,27,0,0,15,2,17,9,10,23,2,44,10,0,10,54
05/03/2023,HVN,CT,ANE,EN,Federal Contract Tower,6,2,6,1,15,0,3,32,0,35,6,5,38,1,50,16,0,16,66
05/04/2023,HVN,CT,ANE,EN,Federal Contract Tower,20,8,3,0,31,0,0,17,0,17,20,8,20,0,48,14,0,14,62
05/05/2023,HVN,CT,ANE,EN,Federal Contract Tower,18,6,9,0,33,0,0,29,0,29,18,6,38,0,62,42,0,42,104
05/06/2023,HVN,CT,ANE,EN,Federal Contract Tower,15,2,4,0,21,0,0,44,0,44,15,2,48,0,65,80,0,80,145
05/07/2023,HVN,CT,ANE,EN,Federal Contract Tower,20,11,8,0,39,0,0,50,0,50,20,11,58,0,89,50,0,50,139
05/08/2023,HVN,CT,ANE,EN,Federal Contract Tower,20,10,9,0,39,0,14,35,0,49,20,24,44,0,88,14,0,14,102
05/09/2023,HVN,CT,ANE,EN,Federal Contract Tower,8,5,4,0,17,0,0,47,0,47,8,5,51,0,64,40,0,40,104
05/10/2023,HVN,CT,ANE,EN,Federal Contract Tower,7,12,13,0,32,0,0,39,4,43,7,12,52,4,75,10,0,10,85
05/11/2023,HVN,CT,ANE,EN,Federal Contract Tower,22,10,6,0,38,0,1,45,0,46,22,11,51,0,84,50,0,50,134
05/12/2023,HVN,CT,ANE,EN,Federal Contract Tower,18,11,4,0,33,0,0,33,0,33,18,11,37,0,66,48,0,48,114
05/13/2023,HVN,CT,ANE,EN,Federal Contract Tower,12,5,6,0,23,0,1,39,0,40,12,6,45,0,63,16,0,16,79
05/14/2023,HVN,CT,ANE,EN,Federal Contract Tower,19,9,3,0,31,0,0,21,0,21,19,9,24,0,52,36,0,36,88
05/15/2023,HVN,CT,ANE,EN,Federal Contract Tower,20,7,6,0,33,0,5,39,0,44,20,12,45,0,77,46,0,46,123
05/16/2023,HVN,CT,ANE,EN,Federal Contract Tower,10,8,8,0,26,0,0,32,0,32,10,8,40,0,58,36,0,36,94
05/17/2023,HVN,CT,ANE,EN,Federal Contract Tower,8,6,9,0,23,0,7,9,0,16,8,13,18,0,39,10,0,10,49
05/18/2023,HVN,CT,ANE,EN,Federal Contract Tower,20,20,3,0,43,0,6,50,4,60,20,26,53,4,103,72,0,72,175
05/19/2023,HVN,CT,ANE,EN,Federal Contract Tower,20,8,5,0,33,0,0,35,0,35,20,8,40,0,68,86,0,86,154
05/20/2023,HVN,CT,ANE,EN,Federal Contract Tower,14,17,5,0,36,0,0,0,0,0,14,17,5,0,36,0,0,0,36
05/21/2023,HVN,CT,ANE,EN,Federal Contract Tower,20,17,6,0,43,0,0,37,0,37,20,17,43,0,80,84,0,84,164
05/22/2023,HVN,CT,ANE,EN,Federal Contract Tower,22,14,11,2,49,0,7,31,2,40,22,21,42,4,89,20,0,20,109
05/23/2023,HVN,CT,ANE,EN,Federal Contract Tower,10,20,11,0,41,0,0,25,0,25,10,20,36,0,66,42,0,42,108
05/24/2023,HVN,CT,ANE,EN,Federal Contract Tower,8,17,12,0,37,0,0,32,0,32,8,17,44,0,69,26,0,26,95
05/25/2023,HVN,CT,ANE,EN,Federal Contract Tower,18,9,6,0,33,0,5,47,0,52,18,14,53,0,85,56,0,56,141
05/26/2023,HVN,CT,ANE,EN,Federal Contract Tower,19,7,10,0,36,0,4,39,0,43,19,11,49,0,79,36,0,36,115
05/27/2023,HVN,CT,ANE,EN,Federal Contract Tower,13,18,4,0,35,0,0,45,0,45,13,18,49,0,80,86,0,86,166
05/28/2023,HVN,CT,ANE,EN,Federal Contract Tower,19,8,6,0,33,0,0,28,0,28,19,8,34,0,61,30,0,30,91
05/29/2023,HVN,CT,ANE,EN,Federal Contract Tower,22,9,1,0,32,0,6,39,0,45,22,15,40,0,77,26,2,28,105
05/30/2023,HVN,CT,ANE,EN,Federal Contract Tower,16,3,2,0,21,0,1,28,2,31,16,4,30,2,52,32,4,36,88
05/31/2023,HVN,CT,ANE,EN,Federal Contract Tower,11,5,18,0,34,0,4,23,0,27,11,9,41,0,61,28,0,28,89
06/01/2023,HVN,CT,ANE,EN,Federal Contract Tower,20,5,8,0,33,0,11,38,0,49,20,16,46,0,82,72,0,72,154
06/02/2023,HVN,CT,ANE,EN,Federal Contract Tower,19,14,5,0,38,0,0,35,0,35,19,14,40,0,73,8,0,8,81
06/03/2023,HVN,CT,ANE,EN,Federal Contract Tower,17,5,6,0,28,0,0,14,0,14,17,5,20,0,42,0,0,0,42
06/04/2023,HVN,CT,ANE,EN,Federal Contract Tower,20,11,9,0,40,0,2,28,2,32,20,13,37,2,72,40,0,40,112
06/05/2023,HVN,CT,ANE,EN,Federal Contract Tower,21,10,10,0,41,0,4,57,0,61,21,14,67,0,102,52,0,52,154
06/06/2023,HVN,CT,ANE,EN,Federal Contract Tower,9,4,11,0,24,0,0,12,1,13,9,4,23,1,37,16,0,16,53
06/07/2023,HVN,CT,ANE,EN,Federal Contract Tower,8,8,12,0,28,0,0,9,4,13,8,8,21,4,41,10,0,10,51
06/08/2023,HVN,CT,ANE,EN,Federal Contract Tower,17,7,5,1,30,0,0,5,0,5,17,7,10,1,35,4,0,4,39
06/09/2023,HVN,CT,ANE,EN,Federal Contract Tower,15,17,8,0,40,0,1,26,0,27,15,18,34,0,67,112,0,112,179
06/10/2023,HVN,CT,ANE,EN,Federal Contract Tower,15,1,13,0,29,0,0,27,0,27,15,1,40,0,56,28,0,28,84
06/11/2023,HVN,CT,ANE,EN,Federal Contract Tower,20,14,6,0,40,0,3,38,0,41,20,17,44,0,81,76,0,76,157
06/12/2023,HVN,CT,ANE,EN,Federal Contract Tower,26,9,5,1,41,0,6,18,5,29,26,15,23,6,70,22,0,22,92
06/13/2023,HVN,CT,ANE,EN,Federal Contract Tower,10,7,7,0,24,0,1,18,0,19,10,8,25,0,43,14,0,14,57
06/14/2023,HVN,CT,ANE,EN,Federal Contract Tower,10,5,4,0,19,0,0,11,0,11,10,5,15,0,30,36,0,36,66
06/15/2023,HVN,CT,ANE,EN,Federal Contract Tower,18,12,20,0,50,0,3,61,2,66,18,15,81,2,116,122,0,122,238
06/16/2023,HVN,CT,ANE,EN,Federal Contract Tower,20,17,12,0,49,0,0,0,0,0,20,17,12,0,49,100,0,100,149
06/17/2023,HVN,CT,ANE,EN,Federal Contract Tower,15,5,7,0,27,0,0,7,0,7,15,5,14,0,34,0,0,0,34
06/18/2023,HVN,CT,ANE,EN,Federal Contract Tower,19,8,7,0,34,0,5,36,0,41,19,13,43,0,75,22,0,22,97
06/19/2023,HVN,CT,ANE,EN,Federal Contract Tower,24,4,3,0,31,0,2,49,0,51,24,6,52,0,82,30,0,30,112
06/20/2023,HVN,CT,ANE,EN,Federal Contract Tower,9,8,6,2,25,0,2,32,0,34,9,10,38,2,59,24,0,24,83
06/21/2023,HVN,CT,ANE,EN,Federal Contract Tower,9,12,3,0,24,0,2,29,0,31,9,14,32,0,55,60,0,60,115
06/22/2023,HVN,CT,ANE,EN,Federal Contract Tower,21,4,9,0,34,0,0,15,0,15,21,4,24,0,49,0,0,0,49
06/23/2023,HVN,CT,ANE,EN,Federal Contract Tower,20,4,10,0,34,0,0,7,0,7,20,4,17,0,41,10,0,10,51
06/24/2023,HVN,CT,ANE,EN,Federal Contract Tower,26,9,4,0,39,0,1,0,0,1,26,10,4,0,40,0,0,0,40
06/25/2023,HVN,CT,ANE,EN,Federal Contract Tower,25,8,6,0,39,0,3,27,0,30,25,11,33,0,69,54,0,54,123
06/26/2023,HVN,CT,ANE,EN,Federal Contract Tower,25,3,11,0,39,0,5,2,0,7,25,8,13,0,46,0,0,0,46
06/27/2023,HVN,CT,ANE,EN,Federal Contract Tower,8,9,8,0,25,0,1,9,2,12,8,10,17,2,37,26,0,26,63
06/28/2023,HVN,CT,ANE,EN,Federal Contract Tower,8,10,11,0,29,0,3,12,2,17,8,13,23,2,46,30,0,30,76
06/29/2023,HVN,CT,ANE,EN,Federal Contract Tower,25,4,15,2,46,0,2,37,2,41,25,6,52,4,87,30,14,44,131
06/30/2023,HVN,CT,ANE,EN,Federal Contract Tower,24,6,10,0,40,0,5,16,0,21,24,11,26,0,61,18,0,18,79
07/01/2023,HVN,CT,ANE,EN,Federal Contract Tower,18,8,7,0,33,0,1,31,0,32,18,9,38,0,65,38,0,38,103
07/02/2023,HVN,CT,ANE,EN,Federal Contract Tower,26,6,11,0,43,0,0,2,0,2,26,6,13,0,45,2,0,2,47
07/03/2023,HVN,CT,ANE,EN,Federal Contract Tower,25,4,4,0,33,0,3,35,0,38,25,7,39,0,71,66,0,66,137
07/04/2023,HVN,CT,ANE,EN,Federal Contract Tower,8,4,6,0,18,0,0,4,0,4,8,4,10,0,22,0,0,0,22
07/05/2023,HVN,CT,ANE,EN,Federal Contract Tower,8,2,17,0,27,0,1,46,0,47,8,3,63,0,74,50,0,50,124
07/06/2023,HVN,CT,ANE,EN,Federal Contract Tower,26,8,8,0,42,0,8,55,0,63,26,16,63,0,105,128,0,128,233
07/07/2023,HVN,CT,ANE,EN,Federal Contract Tower,25,4,3,0,32,0,4,37,0,41,25,8,40,0,73,28,0,28,101
07/08/2023,HVN,CT,ANE,EN,Federal Contract Tower,18,7,10,0,35,0,0,28,0,28,18,7,38,0,63,34,0,34,97
07/09/2023,HVN,CT,ANE,EN,Federal Contract Tower,26,3,13,0,42,0,6,19,0,25,26,9,32,0,67,38,0,38,105
07/10/2023,HVN,CT,ANE,EN,Federal Contract Tower,24,5,12,0,41,0,6,28,0,34,24,11,40,0,75,18,0,18,93
07/11/2023,HVN,CT,ANE,EN,Federal Contract Tower,8,15,4,0,27,0,5,65,0,70,8,20,69,0,97,52,0,52,149
07/12/2023,HVN,CT,ANE,EN,Federal Contract Tower,9,5,18,0,32,0,0,48,0,48,9,5,66,0,80,86,0,86,166
07/13/2023,HVN,CT,ANE,EN,Federal Contract Tower,25,6,9,0,40,0,0,54,0,54,25,6,63,0,94,122,0,122,216
07/14/2023,HVN,CT,ANE,EN,Federal Contract Tower,24,3,10,0,37,0,1,15,0,16,24,4,25,0,53,26,0,26,79
07/15/2023,HVN,CT,ANE,EN,Federal Contract Tower,20,5,10,0,35,0,1,23,0,24,20,6,33,0,59,44,0,44,103
07/16/2023,HVN,CT,ANE,EN,Federal Contract Tower,12,14,11,0,37,0,0,1,0,1,12,14,12,0,38,0,0,0,38
07/17/2023,HVN,CT,ANE,EN,Federal Contract Tower,24,17,11,0,52,0,0,39,0,39,24,17,50,0,91,62,0,62,153
07/18/2023,HVN,CT,ANE,EN,Federal Contract Tower,8,4,19,0,31,0,3,6,0,9,8,7,25,0,40,0,0,0,40
07/19/2023,HVN,CT,ANE,EN,Federal Contract Tower,8,11,9,0,28,0,3,36,0,39,8,14,45,0,67,84,0,84,151
07/20/2023,HVN,CT,ANE,EN,Federal Contract Tower,25,8,14,0,47,0,12,60,1,73,25,20,74,1,120,106,2,108,228
07/21/2023,HVN,CT,ANE,EN,Federal Contract Tower,27,10,8,0,45,0,4,12,0,16,27,14,20,0,61,26,0,26,87
07/22/2023,HVN,CT,ANE,EN,Federal Contract Tower,16,12,3,0,31,0,3,48,0,51,16,15,51,0,82,50,6,56,138
07/23/2023,HVN,CT,ANE,EN,Federal Contract Tower,25,10,2,0,37,0,2,32,0,34,25,12,34,0,71,30,0,30,101
07/24/2023,HVN,CT,ANE,EN,Federal Contract Tower,26,8,5,2,41,0,2,34,0,36,26,10,39,2,77,20,0,20,97
07/25/2023,HVN,CT,ANE,EN,Federal Contract Tower,8,8,10,0,26,0,1,15,0,16,8,9,25,0,42,78,0,78,120
07/26/2023,HVN,CT,ANE,EN,Federal Contract Tower,8,11,7,0,26,0,10,62,0,72,8,21,69,0,98,82,0,82,180
07/27/2023,HVN,CT,ANE,EN,Federal Contract Tower,25,9,7,0,41,0,4,22,0,26,25,13,29,0,67,14,0,14,81
07/28/2023,HVN,CT,ANE,EN,Federal Contract Tower,25,14,12,0,51,0,0,49,0,49,25,14,61,0,100,52,0,52,152
07/29/2023,HVN,CT,ANE,EN,Federal Contract Tower,17,6,1,0,24,0,0,23,0,23,17,6,24,0,47,58,0,58,105
07/30/2023,HVN,CT,ANE,EN,Federal Contract Tower,21,10,4,0,35,0,3,41,0,44,21,13,45,0,79,46,0,46,125
07/31/2023,HVN,CT,ANE,EN,Federal Contract Tower,25,6,3,0,34,0,4,48,0,52,25,10,51,0,86,66,0,66,152
08/01/2023,HVN,CT,ANE,EN,Federal Contract Tower,8,6,4,0,18,0,3,45,0,48,8,9,49,0,66,90,0,90,156
08/02/2023,HVN,CT,ANE,EN,Federal Contract Tower,8,4,10,0,22,0,5,47,0,52,8,9,57,0,74,72,0,72,146
08/03/2023,HVN,CT,ANE,EN,Federal Contract Tower,26,5,8,0,39,0,2,39,0,41,26,7,47,0,80,46,4,50,130
08/04/2023,HVN,CT,ANE,EN,Federal Contract Tower,25,4,3,0,32,0,0,24,0,24,25,4,27,0,56,20,0,20,76
08/05/2023,HVN,CT,ANE,EN,Federal Contract Tower,18,4,7,0,29,0,0,44,0,44,18,4,51,0,73,18,0,18,91
08/06/2023,HVN,CT,ANE,EN,Federal Contract Tower,26,10,7,0,43,0,5,56,2,63,26,15,63,2,106,28,0,28,134
08/07/2023,HVN,CT,ANE,EN,Federal Contract Tower,25,11,5,0,41,0,4,10,0,14,25,15,15,0,55,0,0,0,55
08/08/2023,HVN,CT,ANE,EN,Federal Contract Tower,8,1,4,0,13,0,0,9,0,9,8,1,13,0,22,22,0,22,44
08/09/2023,HVN,CT,ANE,EN,Federal Contract Tower,10,4,3,2,19,0,4,32,0,36,10,8,35,2,55,8,2,10,65
08/10/2023,HVN,CT,ANE,EN,Federal Contract Tower,25,8,2,12,47,0,3,30,0,33,25,11,32,12,80,34,0,34,114
08/11/2023,HVN,CT,ANE,EN,Federal Contract Tower,25,10,5,0,40,0,8,54,0,62,25,18,59,0,102,66,0,66,168
08/12/2023,HVN,CT,ANE,EN,Federal Contract Tower,17,7,5,0,29,0,0,51,0,51,17,7,56,0,80,22,0,22,102
08/13/2023,HVN,CT,ANE,EN,Federal Contract Tower,26,9,7,0,42,0,2,46,0,48,26,11,53,0,90,56,2,58,148
08/14/2023,HVN,CT,ANE,EN,Federal Contract Tower,27,5,7,2,41,0,3,38,0,41,27,8,45,2,82,20,0,20,102
08/15/2023,HVN,CT,ANE,EN,Federal Contract Tower,8,10,18,0,36,0,0,6,0,6,8,10,24,0,42,0,0,0,42
08/16/2023,HVN,CT,ANE,EN,Federal Contract Tower,8,30,15,0,53,0,0,22,0,22,8,30,37,0,75,26,0,26,101
08/17/2023,HVN,CT,ANE,EN,Federal Contract Tower,20,17,17,0,54,0,0,3,0,3,20,17,20,0,57,10,0,10,67
08/18/2023,HVN,CT,ANE,EN,Federal Contract Tower,25,5,11,0,41,0,0,25,0,25,25,5,36,0,66,26,0,26,92
08/19/2023,HVN,CT,ANE,EN,Federal Contract Tower,21,2,4,0,27,0,1,40,0,41,21,3,44,0,68,8,0,8,76
08/20/2023,HVN,CT,ANE,EN,Federal Contract Tower,26,12,5,0,43,0,7,53,0,60,26,19,58,0,103,72,0,72,175
08/21/2023,HVN,CT,ANE,EN,Federal Contract Tower,26,21,10,0,57,0,3,36,0,39,26,24,46,0,96,44,0,44,140
08/22/2023,HVN,CT,ANE,EN,Federal Contract Tower,8,9,2,0,19,0,10,37,0,47,8,19,39,0,66,8,0,8,74
08/23/2023,HVN,CT,ANE,EN,Federal Contract Tower,8,11,9,0,28,0,1,41,0,42,8,12,50,0,70,28,2,30,100
08/24/2023,HVN,CT,ANE,EN,Federal Contract Tower,26,8,14,0,48,0,10,22,0,32,26,18,36,0,80,4,0,4,84
08/25/2023,HVN,CT,ANE,EN,Federal Contract Tower,24,7,14,0,45,0,1,7,0,8,24,8,21,0,53,0,0,0,53
08/26/2023,HVN,CT,ANE,EN,Federal Contract Tower,18,5,4,0,27,0,7,23,0,30,18,12,27,0,57,16,0,16,73
08/27/2023,HVN,CT,ANE,EN,Federal Contract Tower,28,13,2,0,43,0,3,45,0,48,28,16,47,0,91,36,0,36,127
08/28/2023,HVN,CT,ANE,EN,Federal Contract Tower,25,7,11,0,43,0,2,31,0,33,25,9,42,0,76,48,0,48,124
08/29/2023,HVN,CT,ANE,EN,Federal Contract Tower,6,3,13,0,22,0,1,2,0,3,6,4,15,0,25,0,0,0,25
08/30/2023,HVN,CT,ANE,EN,Federal Contract Tower,8,7,10,0,25,0,0,18,0,18,8,7,28,0,43,36,0,36,79
08/31/2023,HVN,CT,ANE,EN,Federal Contract Tower,26,9,14,0,49,0,1,28,0,29,26,10,42,0,78,2,0,2,80
