01/01/2020,HWD,CA,AWP,WE,Towers with Radar,0,4,19,0,23,0,0,11,0,11,0,4,30,0,34,10,0,10,44
01/02/2020,HWD,CA,AWP,WE,Towers with Radar,0,3,16,0,19,0,1,118,0,119,0,4,134,0,138,151,0,151,289
01/03/2020,HWD,CA,AWP,WE,Towers with Radar,0,7,14,0,21,0,3,102,0,105,0,10,116,0,126,198,0,198,324
01/04/2020,HWD,CA,AWP,WE,Towers with Radar,0,3,25,0,28,0,0,63,0,63,0,3,88,0,91,232,0,232,323
01/05/2020,HWD,CA,AWP,WE,Towers with Radar,0,7,22,0,29,0,2,152,0,154,0,9,174,0,183,193,0,193,376
01/06/2020,HWD,CA,AWP,WE,Towers with Radar,0,3,23,0,26,0,1,107,1,109,0,4,130,1,135,95,0,95,230
01/07/2020,HWD,CA,AWP,WE,Towers with Radar,0,2,15,0,17,0,2,85,0,87,0,4,100,0,104,254,0,254,358
01/08/2020,HWD,CA,AWP,WE,Towers with Radar,0,2,28,0,30,0,0,50,1,51,0,2,78,1,81,228,0,228,309
01/09/2020,HWD,CA,AWP,WE,Towers with Radar,0,2,18,0,20,0,0,32,0,32,0,2,50,0,52,187,0,187,239
01/10/2020,HWD,CA,AWP,WE,Towers with Radar,0,3,15,0,18,0,0,103,0,103,0,3,118,0,121,123,0,123,244
01/11/2020,HWD,CA,AWP,WE,Towers with Radar,0,0,23,0,23,0,0,141,0,141,0,0,164,0,164,195,0,195,359
01/12/2020,HWD,CA,AWP,WE,Towers with Radar,0,3,19,0,22,0,0,118,0,118,0,3,137,0,140,133,0,133,273
01/13/2020,HWD,CA,AWP,WE,Towers with Radar,0,4,18,0,22,0,0,76,0,76,0,4,94,0,98,210,0,210,308
01/14/2020,HWD,CA,AWP,WE,Towers with Radar,0,2,20,0,22,0,0,101,0,101,0,2,121,0,123,165,0,165,288
01/15/2020,HWD,CA,AWP,WE,Towers with Radar,0,2,17,0,19,0,0,112,1,113,0,2,129,1,132,222,0,222,354
01/16/2020,HWD,CA,AWP,WE,Towers with Radar,0,0,14,0,14,0,1,4,0,5,0,1,18,0,19,38,0,38,57
01/17/2020,HWD,CA,AWP,WE,Towers with Radar,0,7,23,0,30,0,1,103,3,107,0,8,126,3,137,131,0,131,268
01/18/2020,HWD,CA,AWP,WE,Towers with Radar,0,1,15,0,16,0,1,112,0,113,0,2,127,0,129,241,0,241,370
01/19/2020,HWD,CA,AWP,WE,Towers with Radar,0,5,18,0,23,0,0,110,0,110,0,5,128,0,133,319,0,319,452
01/20/2020,HWD,CA,AWP,WE,Towers with Radar,0,9,33,0,42,0,5,86,1,92,0,14,119,1,134,227,0,227,361
01/21/2020,HWD,CA,AWP,WE,Towers with Radar,0,5,16,0,21,0,0,29,0,29,0,5,45,0,50,63,0,63,113
01/22/2020,HWD,CA,AWP,WE,Towers with Radar,0,2,26,0,28,0,2,62,0,64,0,4,88,0,92,280,0,280,372
01/23/2020,HWD,CA,AWP,WE,Towers with Radar,1,8,26,0,35,0,0,115,1,116,1,8,141,1,151,301,0,301,452
01/24/2020,HWD,CA,AWP,WE,Towers with Radar,0,8,29,0,37,0,0,88,0,88,0,8,117,0,125,159,0,159,284
01/25/2020,HWD,CA,AWP,WE,Towers with Radar,0,2,21,0,23,0,0,88,0,88,0,2,109,0,111,162,0,162,273
01/26/2020,HWD,CA,AWP,WE,Towers with Radar,0,12,20,0,32,0,1,60,1,62,0,13,80,1,94,313,0,313,407
01/27/2020,HWD,CA,AWP,WE,Towers with Radar,0,4,30,0,34,0,0,48,0,48,0,4,78,0,82,362,0,362,444
01/28/2020,HWD,CA,AWP,WE,Towers with Radar,0,3,19,0,22,0,0,34,0,34,0,3,53,0,56,128,0,128,184
01/29/2020,HWD,CA,AWP,WE,Towers with Radar,0,1,22,0,23,0,1,131,1,133,0,2,153,1,156,268,0,268,424
01/30/2020,HWD,CA,AWP,WE,Towers with Radar,0,3,28,0,31,0,2,42,0,44,0,5,70,0,75,102,0,102,177
01/31/2020,HWD,CA,AWP,WE,Towers with Radar,0,6,25,0,31,0,1,105,0,106,0,7,130,0,137,251,0,251,388
02/01/2020,HWD,CA,AWP,WE,Towers with Radar,0,0,22,0,22,0,0,109,0,109,0,0,131,0,131,246,0,246,377
02/02/2020,HWD,CA,AWP,WE,Towers with Radar,0,4,16,0,20,0,0,26,0,26,0,4,42,0,46,16,0,16,62
02/03/2020,HWD,CA,AWP,WE,Towers with Radar,0,3,19,0,22,0,0,69,2,71,0,3,88,2,93,35,0,35,128
02/04/2020,HWD,CA,AWP,WE,Towers with Radar,0,1,19,0,20,0,0,74,0,74,0,1,93,0,94,108,0,108,202
02/05/2020,HWD,CA,AWP,WE,Towers with Radar,0,3,29,0,32,0,1,109,0,110,0,4,138,0,142,231,0,231,373
02/06/2020,HWD,CA,AWP,WE,Towers with Radar,0,1,23,0,24,0,0,123,0,123,0,1,146,0,147,271,0,271,418
02/07/2020,HWD,CA,AWP,WE,Towers with Radar,0,5,17,0,22,0,0,107,0,107,0,5,124,0,129,264,0,264,393
02/08/2020,HWD,CA,AWP,WE,Towers with Radar,0,3,23,0,26,0,1,135,0,136,0,4,158,0,162,244,0,244,406
02/09/2020,HWD,CA,AWP,WE,Towers with Radar,0,1,1,0,2,0,0,4,0,4,0,1,5,0,6,0,0,0,6
02/10/2020,HWD,CA,AWP,WE,Towers with Radar,0,6,10,0,16,0,1,70,1,72,0,7,80,1,88,166,0,166,254
02/11/2020,HWD,CA,AWP,WE,Towers with Radar,0,4,6,0,10,0,0,129,1,130,0,4,135,1,140,252,0,252,392
02/12/2020,HWD,CA,AWP,WE,Towers with Radar,0,0,22,0,22,0,0,122,1,123,0,0,144,1,145,252,0,252,397
02/13/2020,HWD,CA,AWP,WE,Towers with Radar,0,5,22,0,27,0,0,79,0,79,0,5,101,0,106,273,0,273,379
02/14/2020,HWD,CA,AWP,WE,Towers with Radar,0,5,20,0,25,0,0,118,0,118,0,5,138,0,143,165,0,165,308
02/15/2020,HWD,CA,AWP,WE,Towers with Radar,0,2,18,0,20,0,1,153,0,154,0,3,171,0,174,292,0,292,466
02/16/2020,HWD,CA,AWP,WE,Towers with Radar,0,0,14,0,14,0,0,93,0,93,0,0,107,0,107,173,0,173,280
02/17/2020,HWD,CA,AWP,WE,Towers with Radar,0,0,20,0,20,0,0,107,0,107,0,0,127,0,127,162,0,162,289
02/18/2020,HWD,CA,AWP,WE,Towers with Radar,0,3,17,0,20,0,0,81,0,81,0,3,98,0,101,226,0,226,327
02/19/2020,HWD,CA,AWP,WE,Towers with Radar,0,3,25,1,29,0,0,116,0,116,0,3,141,1,145,297,0,297,442
02/20/2020,HWD,CA,AWP,WE,Towers with Radar,0,1,28,0,29,0,0,125,1,126,0,1,153,1,155,225,0,225,380
02/21/2020,HWD,CA,AWP,WE,Towers with Radar,0,1,19,0,20,0,0,128,2,130,0,1,147,2,150,155,0,155,305
02/22/2020,HWD,CA,AWP,WE,Towers with Radar,0,0,20,0,20,0,0,125,0,125,0,0,145,0,145,214,0,214,359
02/23/2020,HWD,CA,AWP,WE,Towers with Radar,0,5,29,0,34,0,2,78,0,80,0,7,107,0,114,162,0,162,276
02/24/2020,HWD,CA,AWP,WE,Towers with Radar,0,6,14,0,20,0,0,113,0,113,0,6,127,0,133,366,0,366,499
02/25/2020,HWD,CA,AWP,WE,Towers with Radar,0,1,28,0,29,0,0,101,0,101,0,1,129,0,130,186,0,186,316
02/26/2020,HWD,CA,AWP,WE,Towers with Radar,0,4,32,0,36,0,2,120,1,123,0,6,152,1,159,303,0,303,462
02/27/2020,HWD,CA,AWP,WE,Towers with Radar,0,5,20,0,25,0,0,114,4,118,0,5,134,4,143,227,0,227,370
02/28/2020,HWD,CA,AWP,WE,Towers with Radar,0,7,16,0,23,0,1,80,0,81,0,8,96,0,104,264,0,264,368
02/29/2020,HWD,CA,AWP,WE,Towers with Radar,0,4,16,0,20,0,1,65,0,66,0,5,81,0,86,176,0,176,262
03/01/2020,HWD,CA,AWP,WE,Towers with Radar,0,7,21,0,28,0,0,62,0,62,0,7,83,0,90,100,0,100,190
03/02/2020,HWD,CA,AWP,WE,Towers with Radar,0,0,9,0,9,0,0,53,0,53,0,0,62,0,62,94,0,94,156
03/03/2020,HWD,CA,AWP,WE,Towers with Radar,0,1,18,0,19,0,0,109,0,109,0,1,127,0,128,223,0,223,351
03/04/2020,HWD,CA,AWP,WE,Towers with Radar,0,3,21,0,24,0,0,129,0,129,0,3,150,0,153,245,0,245,398
03/05/2020,HWD,CA,AWP,WE,Towers with Radar,0,11,36,0,47,0,1,103,3,107,0,12,139,3,154,156,0,156,310
03/06/2020,HWD,CA,AWP,WE,Towers with Radar,0,5,32,0,37,0,0,80,2,82,0,5,112,2,119,179,0,179,298
03/07/2020,HWD,CA,AWP,WE,Towers with Radar,0,3,21,0,24,0,0,25,0,25,0,3,46,0,49,157,0,157,206
03/08/2020,HWD,CA,AWP,WE,Towers with Radar,0,5,29,0,34,0,0,104,1,105,0,5,133,1,139,244,0,244,383
03/09/2020,HWD,CA,AWP,WE,Towers with Radar,0,0,14,0,14,0,0,111,1,112,0,0,125,1,126,236,0,236,362
03/10/2020,HWD,CA,AWP,WE,Towers with Radar,0,2,19,0,21,0,0,80,0,80,0,2,99,0,101,203,0,203,304
03/11/2020,HWD,CA,AWP,WE,Towers with Radar,0,6,23,0,29,0,1,135,0,136,0,7,158,0,165,234,0,234,399
03/12/2020,HWD,CA,AWP,WE,Towers with Radar,0,2,16,0,18,0,1,103,0,104,0,3,119,0,122,248,0,248,370
03/13/2020,HWD,CA,AWP,WE,Towers with Radar,0,6,19,0,25,0,0,66,3,69,0,6,85,3,94,159,0,159,253
03/14/2020,HWD,CA,AWP,WE,Towers with Radar,0,1,13,0,14,0,0,6,0,6,0,1,19,0,20,20,0,20,40
03/15/2020,HWD,CA,AWP,WE,Towers with Radar,0,2,18,0,20,0,0,46,0,46,0,2,64,0,66,51,0,51,117
03/16/2020,HWD,CA,AWP,WE,Towers with Radar,0,1,14,0,15,0,0,36,0,36,0,1,50,0,51,114,0,114,165
03/17/2020,HWD,CA,AWP,WE,Towers with Radar,0,2,7,0,9,0,0,62,0,62,0,2,69,0,71,92,0,92,163
03/18/2020,HWD,CA,AWP,WE,Towers with Radar,0,1,13,0,14,0,0,41,1,42,0,1,54,1,56,70,0,70,126
03/19/2020,HWD,CA,AWP,WE,Towers with Radar,0,1,11,0,12,0,0,53,0,53,0,1,64,0,65,42,0,42,107
03/20/2020,HWD,CA,AWP,WE,Towers with Radar,0,4,13,0,17,0,0,61,0,61,0,4,74,0,78,110,0,110,188
03/21/2020,HWD,CA,AWP,WE,Towers with Radar,0,3,2,0,5,0,0,30,0,30,0,3,32,0,35,46,0,46,81
03/22/2020,HWD,CA,AWP,WE,Towers with Radar,0,0,2,0,2,0,0,25,0,25,0,0,27,0,27,33,0,33,60
03/23/2020,HWD,CA,AWP,WE,Towers with Radar,0,2,5,0,7,0,0,16,0,16,0,2,21,0,23,55,0,55,78
03/24/2020,HWD,CA,AWP,WE,Towers with Radar,0,3,2,2,7,0,0,5,0,5,0,3,7,2,12,22,0,22,34
03/25/2020,HWD,CA,AWP,WE,Towers with Radar,0,3,4,0,7,0,0,19,1,20,0,3,23,1,27,65,0,65,92
03/26/2020,HWD,CA,AWP,WE,Towers with Radar,0,0,11,0,11,0,0,55,0,55,0,0,66,0,66,121,0,121,187
03/27/2020,HWD,CA,AWP,WE,Towers with Radar,0,2,8,0,10,0,2,37,2,41,0,4,45,2,51,80,0,80,131
03/28/2020,HWD,CA,AWP,WE,Towers with Radar,0,4,9,0,13,0,0,12,0,12,0,4,21,0,25,76,0,76,101
03/29/2020,HWD,CA,AWP,WE,Towers with Radar,0,0,11,0,11,0,0,18,0,18,0,0,29,0,29,4,0,4,33
03/30/2020,HWD,CA,AWP,WE,Towers with Radar,0,0,4,0,4,0,0,42,1,43,0,0,46,1,47,44,0,44,91
03/31/2020,HWD,CA,AWP,WE,Towers with Radar,0,0,11,0,11,0,0,28,0,28,0,0,39,0,39,30,0,30,69
04/01/2020,HWD,CA,AWP,WE,Towers with Radar,0,0,5,2,7,0,0,57,0,57,0,0,62,2,64,40,0,40,104
04/02/2020,HWD,CA,AWP,WE,Towers with Radar,0,0,5,0,5,0,2,53,0,55,0,2,58,0,60,60,0,60,120
04/03/2020,HWD,CA,AWP,WE,Towers with Radar,0,2,9,0,11,0,0,90,2,92,0,2,99,2,103,46,0,46,149
04/04/2020,HWD,CA,AWP,WE,Towers with Radar,0,0,2,0,2,0,0,8,0,8,0,0,10,0,10,10,0,10,20
04/05/2020,HWD,CA,AWP,WE,Towers with Radar,0,0,3,0,3,0,0,0,1,1,0,0,3,1,4,0,0,0,4
04/06/2020,HWD,CA,AWP,WE,Towers with Radar,0,0,1,0,1,0,0,16,0,16,0,0,17,0,17,4,0,4,21
04/07/2020,HWD,CA,AWP,WE,Towers with Radar,0,2,6,0,8,0,1,42,1,44,0,3,48,1,52,52,0,52,104
04/08/2020,HWD,CA,AWP,WE,Towers with Radar,0,1,10,0,11,0,0,48,0,48,0,1,58,0,59,31,0,31,90
04/09/2020,HWD,CA,AWP,WE,Towers with Radar,0,2,9,0,11,0,0,43,0,43,0,2,52,0,54,34,0,34,88
04/10/2020,HWD,CA,AWP,WE,Towers with Radar,0,0,6,0,6,0,0,49,0,49,0,0,55,0,55,56,0,56,111
04/11/2020,HWD,CA,AWP,WE,Towers with Radar,0,0,9,0,9,0,0,21,0,21,0,0,30,0,30,46,0,46,76
04/12/2020,HWD,CA,AWP,WE,Towers with Radar,0,0,8,0,8,0,0,26,0,26,0,0,34,0,34,69,0,69,103
04/13/2020,HWD,CA,AWP,WE,Towers with Radar,0,0,2,0,2,0,0,60,0,60,0,0,62,0,62,92,0,92,154
04/14/2020,HWD,CA,AWP,WE,Towers with Radar,0,0,5,0,5,0,0,83,1,84,0,0,88,1,89,42,0,42,131
04/15/2020,HWD,CA,AWP,WE,Towers with Radar,0,2,13,0,15,0,0,72,0,72,0,2,85,0,87,36,0,36,123
04/16/2020,HWD,CA,AWP,WE,Towers with Radar,0,0,11,0,11,0,0,40,1,41,0,0,51,1,52,18,0,18,70
04/17/2020,HWD,CA,AWP,WE,Towers with Radar,0,0,7,0,7,0,0,35,0,35,0,0,42,0,42,19,0,19,61
04/18/2020,HWD,CA,AWP,WE,Towers with Radar,0,7,11,0,18,0,0,46,0,46,0,7,57,0,64,78,0,78,142
04/19/2020,HWD,CA,AWP,WE,Towers with Radar,0,1,6,0,7,0,0,47,0,47,0,1,53,0,54,124,0,124,178
04/20/2020,HWD,CA,AWP,WE,Towers with Radar,0,0,1,0,1,0,0,34,0,34,0,0,35,0,35,54,0,54,89
04/21/2020,HWD,CA,AWP,WE,Towers with Radar,0,0,16,0,16,0,0,71,0,71,0,0,87,0,87,62,0,62,149
04/22/2020,HWD,CA,AWP,WE,Towers with Radar,0,3,4,0,7,0,0,93,0,93,0,3,97,0,100,130,0,130,230
04/23/2020,HWD,CA,AWP,WE,Towers with Radar,0,3,14,0,17,0,0,49,0,49,0,3,63,0,66,66,0,66,132
04/24/2020,HWD,CA,AWP,WE,Towers with Radar,0,2,8,0,10,0,1,91,0,92,0,3,99,0,102,127,0,127,229
04/25/2020,HWD,CA,AWP,WE,Towers with Radar,0,0,3,0,3,0,0,63,0,63,0,0,66,0,66,136,0,136,202
04/26/2020,HWD,CA,AWP,WE,Towers with Radar,0,0,14,0,14,0,0,86,0,86,0,0,100,0,100,106,0,106,206
04/27/2020,HWD,CA,AWP,WE,Towers with Radar,0,2,3,0,5,0,0,58,2,60,0,2,61,2,65,88,0,88,153
04/28/2020,HWD,CA,AWP,WE,Towers with Radar,0,3,7,0,10,0,0,74,1,75,0,3,81,1,85,35,0,35,120
04/29/2020,HWD,CA,AWP,WE,Towers with Radar,0,1,11,0,12,0,0,29,0,29,0,1,40,0,41,124,0,124,165
04/30/2020,HWD,CA,AWP,WE,Towers with Radar,0,1,13,0,14,0,0,61,0,61,0,1,74,0,75,82,0,82,157
05/01/2020,HWD,CA,AWP,WE,Towers with Radar,0,5,10,0,15,0,1,103,0,104,0,6,113,0,119,118,0,118,237
05/02/2020,HWD,CA,AWP,WE,Towers with Radar,0,1,15,0,16,0,0,46,0,46,0,1,61,0,62,144,0,144,206
05/03/2020,HWD,CA,AWP,WE,Towers with Radar,0,1,13,0,14,0,3,120,1,124,0,4,133,1,138,100,0,100,238
05/04/2020,HWD,CA,AWP,WE,Towers with Radar,0,1,9,0,10,0,0,54,2,56,0,1,63,2,66,138,0,138,204
05/05/2020,HWD,CA,AWP,WE,Towers with Radar,0,0,8,0,8,0,0,64,1,65,0,0,72,1,73,33,0,33,106
05/06/2020,HWD,CA,AWP,WE,Towers with Radar,0,3,10,0,13,0,0,71,0,71,0,3,81,0,84,86,0,86,170
05/07/2020,HWD,CA,AWP,WE,Towers with Radar,0,0,12,0,12,0,0,90,1,91,0,0,102,1,103,156,0,156,259
05/08/2020,HWD,CA,AWP,WE,Towers with Radar,0,1,16,0,17,0,0,83,0,83,0,1,99,0,100,196,0,196,296
05/09/2020,HWD,CA,AWP,WE,Towers with Radar,0,1,23,0,24,0,1,111,0,112,0,2,134,0,136,96,0,96,232
05/10/2020,HWD,CA,AWP,WE,Towers with Radar,0,2,9,0,11,0,0,50,0,50,0,2,59,0,61,122,0,122,183
05/11/2020,HWD,CA,AWP,WE,Towers with Radar,0,0,13,0,13,0,0,33,1,34,0,0,46,1,47,26,0,26,73
05/12/2020,HWD,CA,AWP,WE,Towers with Radar,0,0,12,0,12,0,0,28,0,28,0,0,40,0,40,30,0,30,70
05/13/2020,HWD,CA,AWP,WE,Towers with Radar,0,2,21,0,23,0,0,28,0,28,0,2,49,0,51,96,0,96,147
05/14/2020,HWD,CA,AWP,WE,Towers with Radar,0,2,17,0,19,0,0,62,2,64,0,2,79,2,83,129,0,129,212
05/15/2020,HWD,CA,AWP,WE,Towers with Radar,0,5,19,0,24,0,0,95,1,96,0,5,114,1,120,86,0,86,206
05/16/2020,HWD,CA,AWP,WE,Towers with Radar,0,2,24,0,26,0,0,91,0,91,0,2,115,0,117,114,0,114,231
05/17/2020,HWD,CA,AWP,WE,Towers with Radar,0,5,14,0,19,0,0,12,0,12,0,5,26,0,31,10,0,10,41
05/18/2020,HWD,CA,AWP,WE,Towers with Radar,0,2,14,0,16,0,0,22,0,22,0,2,36,0,38,58,0,58,96
05/19/2020,HWD,CA,AWP,WE,Towers with Radar,0,1,13,0,14,0,3,60,0,63,0,4,73,0,77,37,0,37,114
05/20/2020,HWD,CA,AWP,WE,Towers with Radar,0,5,22,0,27,0,0,88,0,88,0,5,110,0,115,124,0,124,239
05/21/2020,HWD,CA,AWP,WE,Towers with Radar,0,1,12,0,13,0,0,101,0,101,0,1,113,0,114,92,0,92,206
05/22/2020,HWD,CA,AWP,WE,Towers with Radar,0,6,11,0,17,0,0,108,0,108,0,6,119,0,125,138,0,138,263
05/23/2020,HWD,CA,AWP,WE,Towers with Radar,0,2,20,0,22,0,0,120,3,123,0,2,140,3,145,164,0,164,309
05/24/2020,HWD,CA,AWP,WE,Towers with Radar,0,0,20,0,20,0,0,80,0,80,0,0,100,0,100,125,0,125,225
05/25/2020,HWD,CA,AWP,WE,Towers with Radar,0,1,21,0,22,0,0,92,0,92,0,1,113,0,114,159,0,159,273
05/26/2020,HWD,CA,AWP,WE,Towers with Radar,0,1,15,0,16,0,0,80,0,80,0,1,95,0,96,55,0,55,151
05/27/2020,HWD,CA,AWP,WE,Towers with Radar,0,3,27,0,30,0,0,103,0,103,0,3,130,0,133,262,0,262,395
05/28/2020,HWD,CA,AWP,WE,Towers with Radar,0,5,22,0,27,0,0,96,0,96,0,5,118,0,123,160,0,160,283
05/29/2020,HWD,CA,AWP,WE,Towers with Radar,0,3,19,0,22,0,3,109,2,114,0,6,128,2,136,72,0,72,208
05/30/2020,HWD,CA,AWP,WE,Towers with Radar,0,1,16,0,17,0,0,44,0,44,0,1,60,0,61,36,0,36,97
05/31/2020,HWD,CA,AWP,WE,Towers with Radar,0,4,21,0,25,0,0,69,0,69,0,4,90,0,94,111,0,111,205
06/01/2020,HWD,CA,AWP,WE,Towers with Radar,0,1,14,0,15,0,0,74,0,74,0,1,88,0,89,71,0,71,160
06/02/2020,HWD,CA,AWP,WE,Towers with Radar,0,2,10,0,12,0,0,85,0,85,0,2,95,0,97,116,0,116,213
06/03/2020,HWD,CA,AWP,WE,Towers with Radar,0,5,23,0,28,0,0,125,0,125,0,5,148,0,153,156,0,156,309
06/04/2020,HWD,CA,AWP,WE,Towers with Radar,0,7,20,0,27,0,0,95,1,96,0,7,115,1,123,145,0,145,268
06/05/2020,HWD,CA,AWP,WE,Towers with Radar,0,5,20,0,25,0,0,50,2,52,0,5,70,2,77,27,0,27,104
06/06/2020,HWD,CA,AWP,WE,Towers with Radar,0,2,20,0,22,0,0,48,1,49,0,2,68,1,71,41,0,41,112
06/07/2020,HWD,CA,AWP,WE,Towers with Radar,0,3,16,0,19,0,0,68,0,68,0,3,84,0,87,38,0,38,125
06/08/2020,HWD,CA,AWP,WE,Towers with Radar,0,6,10,0,16,0,1,117,1,119,0,7,127,1,135,82,0,82,217
06/09/2020,HWD,CA,AWP,WE,Towers with Radar,0,2,17,0,19,0,0,108,0,108,0,2,125,0,127,124,0,124,251
06/10/2020,HWD,CA,AWP,WE,Towers with Radar,0,4,20,0,24,0,0,121,0,121,0,4,141,0,145,244,0,244,389
06/11/2020,HWD,CA,AWP,WE,Towers with Radar,0,5,13,0,18,0,0,115,0,115,0,5,128,0,133,220,0,220,353
06/12/2020,HWD,CA,AWP,WE,Towers with Radar,0,1,30,0,31,0,2,52,0,54,0,3,82,0,85,20,0,20,105
06/13/2020,HWD,CA,AWP,WE,Towers with Radar,0,1,13,0,14,0,0,106,1,107,0,1,119,1,121,88,0,88,209
06/14/2020,HWD,CA,AWP,WE,Towers with Radar,0,3,28,0,31,0,0,90,0,90,0,3,118,0,121,46,0,46,167
06/15/2020,HWD,CA,AWP,WE,Towers with Radar,0,2,16,0,18,0,0,91,1,92,0,2,107,1,110,97,0,97,207
06/16/2020,HWD,CA,AWP,WE,Towers with Radar,0,3,14,0,17,0,0,101,0,101,0,3,115,0,118,107,0,107,225
06/17/2020,HWD,CA,AWP,WE,Towers with Radar,0,4,20,0,24,0,0,105,1,106,0,4,125,1,130,193,0,193,323
06/18/2020,HWD,CA,AWP,WE,Towers with Radar,0,1,24,2,27,0,0,124,0,124,0,1,148,2,151,189,0,189,340
06/19/2020,HWD,CA,AWP,WE,Towers with Radar,0,2,22,0,24,0,0,121,1,122,0,2,143,1,146,216,0,216,362
06/20/2020,HWD,CA,AWP,WE,Towers with Radar,0,5,31,0,36,0,0,92,0,92,0,5,123,0,128,258,0,258,386
06/21/2020,HWD,CA,AWP,WE,Towers with Radar,0,1,20,0,21,0,2,88,0,90,0,3,108,0,111,86,0,86,197
06/22/2020,HWD,CA,AWP,WE,Towers with Radar,0,2,21,0,23,0,0,87,1,88,0,2,108,1,111,202,0,202,313
06/23/2020,HWD,CA,AWP,WE,Towers with Radar,0,1,22,0,23,0,2,86,0,88,0,3,108,0,111,187,0,187,298
06/24/2020,HWD,CA,AWP,WE,Towers with Radar,0,4,22,0,26,0,0,75,0,75,0,4,97,0,101,213,0,213,314
06/25/2020,HWD,CA,AWP,WE,Towers with Radar,0,0,26,0,26,0,0,106,0,106,0,0,132,0,132,315,0,315,447
06/26/2020,HWD,CA,AWP,WE,Towers with Radar,0,4,14,0,18,0,0,93,0,93,0,4,107,0,111,231,0,231,342
06/27/2020,HWD,CA,AWP,WE,Towers with Radar,1,1,27,0,29,0,0,97,2,99,1,1,124,2,128,126,0,126,254
06/28/2020,HWD,CA,AWP,WE,Towers with Radar,0,3,20,0,23,0,0,76,0,76,0,3,96,0,99,74,0,74,173
06/29/2020,HWD,CA,AWP,WE,Towers with Radar,0,2,20,0,22,0,1,102,0,103,0,3,122,0,125,307,0,307,432
06/30/2020,HWD,CA,AWP,WE,Towers with Radar,0,1,14,0,15,0,2,86,0,88,0,3,100,0,103,324,0,324,427
07/01/2020,HWD,CA,AWP,WE,Towers with Radar,0,2,24,0,26,0,0,111,0,111,0,2,135,0,137,285,0,285,422
07/02/2020,HWD,CA,AWP,WE,Towers with Radar,0,5,19,0,24,0,2,82,0,84,0,7,101,0,108,161,0,161,269
07/03/2020,HWD,CA,AWP,WE,Towers with Radar,0,1,18,0,19,0,1,97,0,98,0,2,115,0,117,250,0,250,367
07/04/2020,HWD,CA,AWP,WE,Towers with Radar,0,0,6,0,6,0,0,84,0,84,0,0,90,0,90,205,0,205,295
07/05/2020,HWD,CA,AWP,WE,Towers with Radar,0,6,18,0,24,0,1,85,0,86,0,7,103,0,110,128,0,128,238
07/06/2020,HWD,CA,AWP,WE,Towers with Radar,0,0,13,0,13,0,1,94,4,99,0,1,107,4,112,92,0,92,204
07/07/2020,HWD,CA,AWP,WE,Towers with Radar,0,2,20,0,22,0,1,96,1,98,0,3,116,1,120,161,0,161,281
07/08/2020,HWD,CA,AWP,WE,Towers with Radar,0,1,13,1,15,0,0,87,0,87,0,1,100,1,102,142,0,142,244
07/09/2020,HWD,CA,AWP,WE,Towers with Radar,0,3,17,0,20,0,0,78,0,78,0,3,95,0,98,197,0,197,295
07/10/2020,HWD,CA,AWP,WE,Towers with Radar,0,9,16,0,25,0,1,86,1,88,0,10,102,1,113,228,0,228,341
07/11/2020,HWD,CA,AWP,WE,Towers with Radar,0,4,15,0,19,0,0,93,0,93,0,4,108,0,112,198,0,198,310
07/12/2020,HWD,CA,AWP,WE,Towers with Radar,0,4,13,0,17,0,1,92,0,93,0,5,105,0,110,267,0,267,377
07/13/2020,HWD,CA,AWP,WE,Towers with Radar,0,7,8,1,16,0,0,62,1,63,0,7,70,2,79,146,0,146,225
07/14/2020,HWD,CA,AWP,WE,Towers with Radar,0,5,11,1,17,0,0,63,1,64,0,5,74,2,81,163,0,163,244
07/15/2020,HWD,CA,AWP,WE,Towers with Radar,0,5,34,0,39,0,0,87,0,87,0,5,121,0,126,203,0,203,329
07/16/2020,HWD,CA,AWP,WE,Towers with Radar,0,2,23,0,25,0,0,82,0,82,0,2,105,0,107,149,0,149,256
07/17/2020,HWD,CA,AWP,WE,Towers with Radar,0,4,23,0,27,0,2,99,2,103,0,6,122,2,130,142,0,142,272
07/18/2020,HWD,CA,AWP,WE,Towers with Radar,0,5,20,0,25,0,0,98,0,98,0,5,118,0,123,322,0,322,445
07/19/2020,HWD,CA,AWP,WE,Towers with Radar,0,5,32,0,37,0,0,94,0,94,0,5,126,0,131,212,0,212,343
07/20/2020,HWD,CA,AWP,WE,Towers with Radar,0,6,25,1,32,0,2,88,1,91,0,8,113,2,123,249,0,249,372
07/21/2020,HWD,CA,AWP,WE,Towers with Radar,0,4,22,0,26,0,2,93,0,95,0,6,115,0,121,233,0,233,354
07/22/2020,HWD,CA,AWP,WE,Towers with Radar,0,6,16,0,22,0,1,84,0,85,0,7,100,0,107,270,0,270,377
07/23/2020,HWD,CA,AWP,WE,Towers with Radar,0,2,33,0,35,0,1,89,0,90,0,3,122,0,125,184,0,184,309
07/24/2020,HWD,CA,AWP,WE,Towers with Radar,0,7,21,0,28,0,0,96,0,96,0,7,117,0,124,189,0,189,313
07/25/2020,HWD,CA,AWP,WE,Towers with Radar,0,7,22,0,29,0,2,116,0,118,0,9,138,0,147,309,0,309,456
07/26/2020,HWD,CA,AWP,WE,Towers with Radar,0,3,26,0,29,0,0,98,0,98,0,3,124,0,127,289,0,289,416
07/27/2020,HWD,CA,AWP,WE,Towers with Radar,0,2,12,0,14,0,1,97,0,98,0,3,109,0,112,311,0,311,423
07/28/2020,HWD,CA,AWP,WE,Towers with Radar,0,5,14,0,19,0,3,98,0,101,0,8,112,0,120,300,0,300,420
07/29/2020,HWD,CA,AWP,WE,Towers with Radar,0,5,23,0,28,0,1,97,0,98,0,6,120,0,126,227,0,227,353
07/30/2020,HWD,CA,AWP,WE,Towers with Radar,0,2,18,0,20,0,1,75,1,77,0,3,93,1,97,194,0,194,291
07/31/2020,HWD,CA,AWP,WE,Towers with Radar,0,4,29,0,33,0,0,91,0,91,0,4,120,0,124,174,0,174,298
08/01/2020,HWD,CA,AWP,WE,Towers with Radar,0,7,24,0,31,0,0,111,0,111,0,7,135,0,142,146,0,146,288
08/02/2020,HWD,CA,AWP,WE,Towers with Radar,0,10,31,0,41,0,0,110,0,110,0,10,141,0,151,202,0,202,353
08/03/2020,HWD,CA,AWP,WE,Towers with Radar,0,2,14,2,18,0,0,84,0,84,0,2,98,2,102,256,0,256,358
08/04/2020,HWD,CA,AWP,WE,Towers with Radar,0,3,18,0,21,0,0,49,0,49,0,3,67,0,70,75,0,75,145
08/05/2020,HWD,CA,AWP,WE,Towers with Radar,0,5,29,0,34,0,0,27,0,27,0,5,56,0,61,57,0,57,118
08/06/2020,HWD,CA,AWP,WE,Towers with Radar,0,3,18,0,21,0,0,78,0,78,0,3,96,0,99,334,0,334,433
08/07/2020,HWD,CA,AWP,WE,Towers with Radar,0,1,14,0,15,0,0,107,2,109,0,1,121,2,124,227,0,227,351
08/08/2020,HWD,CA,AWP,WE,Towers with Radar,0,6,23,0,29,0,0,111,0,111,0,6,134,0,140,201,0,201,341
08/09/2020,HWD,CA,AWP,WE,Towers with Radar,0,5,16,0,21,0,1,106,0,107,0,6,122,0,128,360,0,360,488
08/10/2020,HWD,CA,AWP,WE,Towers with Radar,0,3,18,0,21,0,0,93,2,95,0,3,111,2,116,236,0,236,352
08/11/2020,HWD,CA,AWP,WE,Towers with Radar,0,3,17,0,20,0,2,96,1,99,0,5,113,1,119,292,0,292,411
08/12/2020,HWD,CA,AWP,WE,Towers with Radar,0,6,22,0,28,0,1,74,0,75,0,7,96,0,103,232,0,232,335
08/13/2020,HWD,CA,AWP,WE,Towers with Radar,0,6,15,0,21,0,4,108,0,112,0,10,123,0,133,355,0,355,488
08/14/2020,HWD,CA,AWP,WE,Towers with Radar,0,5,24,0,29,0,0,133,2,135,0,5,157,2,164,242,0,242,406
08/15/2020,HWD,CA,AWP,WE,Towers with Radar,0,6,16,0,22,0,0,115,0,115,0,6,131,0,137,269,0,269,406
08/16/2020,HWD,CA,AWP,WE,Towers with Radar,0,6,21,0,27,0,0,63,0,63,0,6,84,0,90,179,0,179,269
08/17/2020,HWD,CA,AWP,WE,Towers with Radar,0,5,15,0,20,0,1,75,1,77,0,6,90,1,97,264,0,264,361
08/18/2020,HWD,CA,AWP,WE,Towers with Radar,0,3,20,0,23,0,2,93,0,95,0,5,113,0,118,298,0,298,416
08/19/2020,HWD,CA,AWP,WE,Towers with Radar,0,5,33,1,39,0,0,21,1,22,0,5,54,2,61,92,0,92,153
08/20/2020,HWD,CA,AWP,WE,Towers with Radar,0,2,18,0,20,0,0,72,0,72,0,2,90,0,92,264,0,264,356
08/21/2020,HWD,CA,AWP,WE,Towers with Radar,0,0,26,0,26,0,0,50,0,50,0,0,76,0,76,290,0,290,366
08/22/2020,HWD,CA,AWP,WE,Towers with Radar,0,1,25,0,26,0,0,35,0,35,0,1,60,0,61,292,0,292,353
08/23/2020,HWD,CA,AWP,WE,Towers with Radar,0,8,35,0,43,0,0,7,0,7,0,8,42,0,50,8,0,8,58
08/24/2020,HWD,CA,AWP,WE,Towers with Radar,0,2,23,0,25,0,0,28,0,28,0,2,51,0,53,211,0,211,264
08/25/2020,HWD,CA,AWP,WE,Towers with Radar,0,6,14,0,20,0,0,12,1,13,0,6,26,1,33,42,0,42,75
08/26/2020,HWD,CA,AWP,WE,Towers with Radar,0,10,26,0,36,0,0,47,0,47,0,10,73,0,83,166,0,166,249
08/27/2020,HWD,CA,AWP,WE,Towers with Radar,0,3,22,0,25,0,1,114,1,116,0,4,136,1,141,402,0,402,543
08/28/2020,HWD,CA,AWP,WE,Towers with Radar,0,5,34,0,39,0,0,29,1,30,0,5,63,1,69,184,0,184,253
08/29/2020,HWD,CA,AWP,WE,Towers with Radar,0,2,23,0,25,0,0,53,0,53,0,2,76,0,78,165,0,165,243
08/30/2020,HWD,CA,AWP,WE,Towers with Radar,0,11,23,0,34,0,0,61,0,61,0,11,84,0,95,276,0,276,371
08/31/2020,HWD,CA,AWP,WE,Towers with Radar,0,7,17,1,25,0,1,34,0,35,0,8,51,1,60,324,0,324,384
09/01/2020,HWD,CA,AWP,WE,Towers with Radar,0,3,24,0,27,0,0,52,0,52,0,3,76,0,79,265,0,265,344
09/02/2020,HWD,CA,AWP,WE,Towers with Radar,0,6,18,0,24,0,0,58,0,58,0,6,76,0,82,199,0,199,281
09/03/2020,HWD,CA,AWP,WE,Towers with Radar,0,5,32,0,37,0,1,35,0,36,0,6,67,0,73,153,0,153,226
09/04/2020,HWD,CA,AWP,WE,Towers with Radar,0,5,32,0,37,0,3,96,0,99,0,8,128,0,136,243,0,243,379
09/05/2020,HWD,CA,AWP,WE,Towers with Radar,0,4,13,0,17,0,0,92,1,93,0,4,105,1,110,174,0,174,284
09/06/2020,HWD,CA,AWP,WE,Towers with Radar,0,2,22,0,24,0,0,76,0,76,0,2,98,0,100,116,0,116,216
09/07/2020,HWD,CA,AWP,WE,Towers with Radar,0,4,39,0,43,0,0,88,0,88,0,4,127,0,131,334,0,334,465
09/08/2020,HWD,CA,AWP,WE,Towers with Radar,0,4,19,0,23,0,0,24,0,24,0,4,43,0,47,193,0,193,240
09/09/2020,HWD,CA,AWP,WE,Towers with Radar,0,4,20,0,24,0,0,5,2,7,0,4,25,2,31,56,0,56,87
09/10/2020,HWD,CA,AWP,WE,Towers with Radar,0,4,26,0,30,0,0,4,0,4,0,4,30,0,34,0,0,0,34
09/11/2020,HWD,CA,AWP,WE,Towers with Radar,0,2,21,0,23,0,0,0,0,0,0,2,21,0,23,0,0,0,23
09/12/2020,HWD,CA,AWP,WE,Towers with Radar,1,3,16,0,20,0,0,0,0,0,1,3,16,0,20,0,0,0,20
09/13/2020,HWD,CA,AWP,WE,Towers with Radar,0,6,24,0,30,0,0,1,0,1,0,6,25,0,31,0,0,0,31
09/14/2020,HWD,CA,AWP,WE,Towers with Radar,1,7,21,0,29,0,0,0,0,0,1,7,21,0,29,6,0,6,35
09/15/2020,HWD,CA,AWP,WE,Towers with Radar,0,4,15,0,19,0,0,62,1,63,0,4,77,1,82,211,0,211,293
09/16/2020,HWD,CA,AWP,WE,Towers with Radar,0,9,21,0,30,0,0,99,2,101,0,9,120,2,131,324,0,324,455
09/17/2020,HWD,CA,AWP,WE,Towers with Radar,0,6,24,0,30,0,0,69,1,70,0,6,93,1,100,208,0,208,308
09/18/2020,HWD,CA,AWP,WE,Towers with Radar,0,2,16,0,18,0,0,119,0,119,0,2,135,0,137,267,0,267,404
09/19/2020,HWD,CA,AWP,WE,Towers with Radar,0,4,24,0,28,0,1,136,0,137,0,5,160,0,165,192,0,192,357
09/20/2020,HWD,CA,AWP,WE,Towers with Radar,0,4,26,0,30,0,0,113,1,114,0,4,139,1,144,285,0,285,429
09/21/2020,HWD,CA,AWP,WE,Towers with Radar,0,2,17,0,19,0,0,72,0,72,0,2,89,0,91,252,0,252,343
09/22/2020,HWD,CA,AWP,WE,Towers with Radar,0,3,24,0,27,0,0,104,0,104,0,3,128,0,131,220,0,220,351
09/23/2020,HWD,CA,AWP,WE,Towers with Radar,0,3,19,0,22,0,2,124,1,127,0,5,143,1,149,167,0,167,316
09/24/2020,HWD,CA,AWP,WE,Towers with Radar,0,3,19,0,22,0,0,85,2,87,0,3,104,2,109,163,0,163,272
09/25/2020,HWD,CA,AWP,WE,Towers with Radar,0,4,23,0,27,0,0,117,3,120,0,4,140,3,147,214,0,214,361
09/26/2020,HWD,CA,AWP,WE,Towers with Radar,0,7,21,0,28,0,0,127,0,127,0,7,148,0,155,215,0,215,370
09/27/2020,HWD,CA,AWP,WE,Towers with Radar,0,6,36,0,42,0,1,104,0,105,0,7,140,0,147,185,0,185,332
09/28/2020,HWD,CA,AWP,WE,Towers with Radar,0,7,16,0,23,0,3,89,0,92,0,10,105,0,115,184,0,184,299
09/29/2020,HWD,CA,AWP,WE,Towers with Radar,0,4,13,0,17,0,0,96,1,97,0,4,109,1,114,180,0,180,294
09/30/2020,HWD,CA,AWP,WE,Towers with Radar,0,4,31,0,35,0,1,58,2,61,0,5,89,2,96,245,0,245,341
10/01/2020,HWD,CA,AWP,WE,Towers with Radar,0,7,29,0,36,0,0,33,0,33,0,7,62,0,69,195,0,195,264
10/02/2020,HWD,CA,AWP,WE,Towers with Radar,0,6,27,0,33,0,1,8,0,9,0,7,35,0,42,14,0,14,56
10/03/2020,HWD,CA,AWP,WE,Towers with Radar,0,5,18,0,23,0,1,53,0,54,0,6,71,0,77,355,0,355,432
10/04/2020,HWD,CA,AWP,WE,Towers with Radar,0,5,22,0,27,0,4,99,0,103,0,9,121,0,130,273,0,273,403
10/05/2020,HWD,CA,AWP,WE,Towers with Radar,0,6,17,0,23,0,1,81,2,84,0,7,98,2,107,228,0,228,335
10/06/2020,HWD,CA,AWP,WE,Towers with Radar,0,1,15,0,16,0,0,111,0,111,0,1,126,0,127,300,0,300,427
10/07/2020,HWD,CA,AWP,WE,Towers with Radar,0,5,22,1,28,0,0,74,2,76,0,5,96,3,104,220,0,220,324
10/08/2020,HWD,CA,AWP,WE,Towers with Radar,0,7,30,0,37,0,0,68,1,69,0,7,98,1,106,295,0,295,401
10/09/2020,HWD,CA,AWP,WE,Towers with Radar,0,8,27,0,35,0,0,99,1,100,0,8,126,1,135,150,0,150,285
10/10/2020,HWD,CA,AWP,WE,Towers with Radar,0,5,16,0,21,0,0,96,0,96,0,5,112,0,117,337,0,337,454
10/11/2020,HWD,CA,AWP,WE,Towers with Radar,0,1,5,0,6,0,0,146,0,146,0,1,151,0,152,248,0,248,400
10/12/2020,HWD,CA,AWP,WE,Towers with Radar,0,7,14,0,21,0,3,117,1,121,0,10,131,1,142,174,0,174,316
10/13/2020,HWD,CA,AWP,WE,Towers with Radar,0,2,18,0,20,0,1,98,0,99,0,3,116,0,119,203,0,203,322
10/14/2020,HWD,CA,AWP,WE,Towers with Radar,0,6,13,1,20,0,0,130,0,130,0,6,143,1,150,234,0,234,384
10/15/2020,HWD,CA,AWP,WE,Towers with Radar,0,5,28,0,33,0,1,89,2,92,0,6,117,2,125,181,0,181,306
10/16/2020,HWD,CA,AWP,WE,Towers with Radar,0,3,20,0,23,0,2,98,3,103,0,5,118,3,126,220,0,220,346
10/17/2020,HWD,CA,AWP,WE,Towers with Radar,0,6,17,0,23,0,1,181,2,184,0,7,198,2,207,221,0,221,428
10/18/2020,HWD,CA,AWP,WE,Towers with Radar,0,6,20,0,26,0,0,128,1,129,0,6,148,1,155,203,0,203,358
10/19/2020,HWD,CA,AWP,WE,Towers with Radar,0,4,18,0,22,0,1,90,0,91,0,5,108,0,113,138,0,138,251
10/20/2020,HWD,CA,AWP,WE,Towers with Radar,0,4,32,0,36,0,0,106,1,107,0,4,138,1,143,392,0,392,535
10/21/2020,HWD,CA,AWP,WE,Towers with Radar,0,11,23,0,34,0,6,108,2,116,0,17,131,2,150,187,0,187,337
10/22/2020,HWD,CA,AWP,WE,Towers with Radar,0,1,17,0,18,0,0,110,1,111,0,1,127,1,129,292,0,292,421
10/23/2020,HWD,CA,AWP,WE,Towers with Radar,0,4,26,0,30,0,2,119,0,121,0,6,145,0,151,352,0,352,503
10/24/2020,HWD,CA,AWP,WE,Towers with Radar,0,3,21,0,24,0,0,91,0,91,0,3,112,0,115,280,0,280,395
10/25/2020,HWD,CA,AWP,WE,Towers with Radar,0,4,39,0,43,0,2,88,0,90,0,6,127,0,133,315,0,315,448
10/26/2020,HWD,CA,AWP,WE,Towers with Radar,0,1,7,0,8,0,0,48,0,48,0,1,55,0,56,60,0,60,116
10/27/2020,HWD,CA,AWP,WE,Towers with Radar,0,4,14,0,18,0,0,85,0,85,0,4,99,0,103,192,0,192,295
10/28/2020,HWD,CA,AWP,WE,Towers with Radar,0,8,22,0,30,0,0,104,1,105,0,8,126,1,135,316,0,316,451
10/29/2020,HWD,CA,AWP,WE,Towers with Radar,0,3,21,0,24,0,3,116,0,119,0,6,137,0,143,258,0,258,401
10/30/2020,HWD,CA,AWP,WE,Towers with Radar,0,1,24,0,25,0,0,116,0,116,0,1,140,0,141,432,0,432,573
10/31/2020,HWD,CA,AWP,WE,Towers with Radar,0,3,17,0,20,0,0,108,0,108,0,3,125,0,128,290,0,290,418
11/01/2020,HWD,CA,AWP,WE,Towers with Radar,0,6,13,0,19,0,1,159,0,160,0,7,172,0,179,314,0,314,493
11/02/2020,HWD,CA,AWP,WE,Towers with Radar,0,4,10,1,15,0,0,103,1,104,0,4,113,2,119,240,0,240,359
11/03/2020,HWD,CA,AWP,WE,Towers with Radar,0,0,15,0,15,0,0,93,2,95,0,0,108,2,110,289,0,289,399
11/04/2020,HWD,CA,AWP,WE,Towers with Radar,0,3,13,1,17,0,0,87,2,89,0,3,100,3,106,210,0,210,316
11/05/2020,HWD,CA,AWP,WE,Towers with Radar,0,2,22,0,24,0,0,114,2,116,0,2,136,2,140,302,0,302,442
11/06/2020,HWD,CA,AWP,WE,Towers with Radar,0,10,19,0,29,0,2,67,1,70,0,12,86,1,99,116,0,116,215
11/07/2020,HWD,CA,AWP,WE,Towers with Radar,0,4,17,0,21,0,0,126,3,129,0,4,143,3,150,372,0,372,522
11/08/2020,HWD,CA,AWP,WE,Towers with Radar,0,5,8,0,13,0,0,22,0,22,0,5,30,0,35,66,0,66,101
11/09/2020,HWD,CA,AWP,WE,Towers with Radar,0,3,13,0,16,0,0,97,0,97,0,3,110,0,113,344,0,344,457
11/10/2020,HWD,CA,AWP,WE,Towers with Radar,0,3,12,0,15,0,0,87,1,88,0,3,99,1,103,386,0,386,489
11/11/2020,HWD,CA,AWP,WE,Towers with Radar,0,6,30,1,37,0,1,97,0,98,0,7,127,1,135,309,0,309,444
11/12/2020,HWD,CA,AWP,WE,Towers with Radar,0,7,20,0,27,0,1,152,1,154,0,8,172,1,181,310,0,310,491
11/13/2020,HWD,CA,AWP,WE,Towers with Radar,0,1,16,0,17,0,0,60,2,62,0,1,76,2,79,234,0,234,313
11/14/2020,HWD,CA,AWP,WE,Towers with Radar,0,8,27,0,35,0,0,118,0,118,0,8,145,0,153,302,0,302,455
11/15/2020,HWD,CA,AWP,WE,Towers with Radar,0,4,51,0,55,0,0,205,1,206,0,4,256,1,261,307,0,307,568
11/16/2020,HWD,CA,AWP,WE,Towers with Radar,0,3,11,0,14,0,0,96,0,96,0,3,107,0,110,237,0,237,347
11/17/2020,HWD,CA,AWP,WE,Towers with Radar,0,1,19,0,20,0,1,18,0,19,0,2,37,0,39,16,0,16,55
11/18/2020,HWD,CA,AWP,WE,Towers with Radar,0,8,30,0,38,0,1,39,0,40,0,9,69,0,78,255,0,255,333
11/19/2020,HWD,CA,AWP,WE,Towers with Radar,0,4,17,2,23,0,0,97,3,100,0,4,114,5,123,292,0,292,415
11/20/2020,HWD,CA,AWP,WE,Towers with Radar,0,2,15,0,17,0,1,123,0,124,0,3,138,0,141,388,0,388,529
11/21/2020,HWD,CA,AWP,WE,Towers with Radar,0,8,23,0,31,0,0,158,0,158,0,8,181,0,189,234,0,234,423
11/22/2020,HWD,CA,AWP,WE,Towers with Radar,0,4,9,0,13,0,0,154,0,154,0,4,163,0,167,339,0,339,506
11/23/2020,HWD,CA,AWP,WE,Towers with Radar,0,2,23,0,25,0,0,101,2,103,0,2,124,2,128,295,0,295,423
11/24/2020,HWD,CA,AWP,WE,Towers with Radar,0,1,27,0,28,0,1,144,3,148,0,2,171,3,176,254,0,254,430
11/25/2020,HWD,CA,AWP,WE,Towers with Radar,0,4,20,0,24,0,1,99,0,100,0,5,119,0,124,249,0,249,373
11/26/2020,HWD,CA,AWP,WE,Towers with Radar,0,3,6,0,9,0,0,16,0,16,0,3,22,0,25,16,0,16,41
11/27/2020,HWD,CA,AWP,WE,Towers with Radar,0,4,17,0,21,0,0,104,1,105,0,4,121,1,126,236,0,236,362
11/28/2020,HWD,CA,AWP,WE,Towers with Radar,0,3,22,0,25,0,0,110,0,110,0,3,132,0,135,179,0,179,314
11/29/2020,HWD,CA,AWP,WE,Towers with Radar,0,8,32,0,40,0,0,134,0,134,0,8,166,0,174,285,0,285,459
11/30/2020,HWD,CA,AWP,WE,Towers with Radar,0,3,12,0,15,0,0,91,0,91,0,3,103,0,106,156,0,156,262
12/01/2020,HWD,CA,AWP,WE,Towers with Radar,0,9,11,0,20,0,2,87,0,89,0,11,98,0,109,232,0,232,341
12/02/2020,HWD,CA,AWP,WE,Towers with Radar,0,1,13,0,14,0,0,90,2,92,0,1,103,2,106,278,0,278,384
12/03/2020,HWD,CA,AWP,WE,Towers with Radar,0,2,21,1,24,0,2,101,0,103,0,4,122,1,127,288,0,288,415
12/04/2020,HWD,CA,AWP,WE,Towers with Radar,0,0,11,1,12,0,0,117,2,119,0,0,128,3,131,344,0,344,475
12/05/2020,HWD,CA,AWP,WE,Towers with Radar,0,3,21,0,24,0,0,147,0,147,0,3,168,0,171,296,0,296,467
12/06/2020,HWD,CA,AWP,WE,Towers with Radar,0,8,22,0,30,0,0,103,0,103,0,8,125,0,133,108,0,108,241
12/07/2020,HWD,CA,AWP,WE,Towers with Radar,0,3,16,0,19,0,1,55,0,56,0,4,71,0,75,64,0,64,139
12/08/2020,HWD,CA,AWP,WE,Towers with Radar,0,3,7,0,10,0,0,117,1,118,0,3,124,1,128,293,0,293,421
12/09/2020,HWD,CA,AWP,WE,Towers with Radar,0,4,10,0,14,0,1,90,0,91,0,5,100,0,105,196,0,196,301
12/10/2020,HWD,CA,AWP,WE,Towers with Radar,0,2,11,0,13,0,0,120,1,121,0,2,131,1,134,362,0,362,496
12/11/2020,HWD,CA,AWP,WE,Towers with Radar,0,2,27,0,29,0,0,82,0,82,0,2,109,0,111,304,0,304,415
12/12/2020,HWD,CA,AWP,WE,Towers with Radar,0,3,22,0,25,0,0,43,0,43,0,3,65,0,68,146,0,146,214
12/13/2020,HWD,CA,AWP,WE,Towers with Radar,0,3,27,0,30,0,0,3,0,3,0,3,30,0,33,20,0,20,53
12/14/2020,HWD,CA,AWP,WE,Towers with Radar,0,1,12,0,13,0,1,116,3,120,0,2,128,3,133,151,0,151,284
12/15/2020,HWD,CA,AWP,WE,Towers with Radar,0,6,29,0,35,0,2,87,0,89,0,8,116,0,124,190,0,190,314
12/16/2020,HWD,CA,AWP,WE,Towers with Radar,0,2,19,0,21,0,2,92,0,94,0,4,111,0,115,236,0,236,351
12/17/2020,HWD,CA,AWP,WE,Towers with Radar,0,1,11,0,12,0,1,45,3,49,0,2,56,3,61,284,0,284,345
12/18/2020,HWD,CA,AWP,WE,Towers with Radar,0,7,25,0,32,0,0,115,0,115,0,7,140,0,147,210,0,210,357
12/19/2020,HWD,CA,AWP,WE,Towers with Radar,0,6,23,0,29,0,0,129,0,129,0,6,152,0,158,322,0,322,480
12/20/2020,HWD,CA,AWP,WE,Towers with Radar,0,5,19,0,24,0,0,153,0,153,0,5,172,0,177,257,0,257,434
12/21/2020,HWD,CA,AWP,WE,Towers with Radar,0,7,22,0,29,0,0,133,0,133,0,7,155,0,162,258,0,258,420
12/22/2020,HWD,CA,AWP,WE,Towers with Radar,0,3,21,0,24,0,0,107,0,107,0,3,128,0,131,208,0,208,339
12/23/2020,HWD,CA,AWP,WE,Towers with Radar,0,4,27,0,31,0,1,94,0,95,0,5,121,0,126,139,0,139,265
12/24/2020,HWD,CA,AWP,WE,Towers with Radar,0,3,11,0,14,0,2,59,0,61,0,5,70,0,75,219,0,219,294
12/25/2020,HWD,CA,AWP,WE,Towers with Radar,0,1,0,0,1,0,0,6,0,6,0,1,6,0,7,0,0,0,7
12/26/2020,HWD,CA,AWP,WE,Towers with Radar,0,13,23,0,36,0,1,69,0,70,0,14,92,0,106,168,0,168,274
12/27/2020,HWD,CA,AWP,WE,Towers with Radar,0,6,27,0,33,0,0,95,0,95,0,6,122,0,128,206,0,206,334
12/28/2020,HWD,CA,AWP,WE,Towers with Radar,0,8,16,0,24,0,0,66,0,66,0,8,82,0,90,366,0,366,456
12/29/2020,HWD,CA,AWP,WE,Towers with Radar,0,2,22,0,24,0,0,137,0,137,0,2,159,0,161,341,0,341,502
12/30/2020,HWD,CA,AWP,WE,Towers with Radar,0,6,23,0,29,0,0,112,0,112,0,6,135,0,141,268,0,268,409
12/31/2020,HWD,CA,AWP,WE,Towers with Radar,0,3,13,0,16,0,2,114,0,116,0,5,127,0,132,274,0,274,406
01/01/2021,HWD,CA,AWP,WE,Towers with Radar,0,0,3,0,3,0,0,89,0,89,0,0,92,0,92,34,0,34,126
01/02/2021,HWD,CA,AWP,WE,Towers with Radar,0,7,28,0,35,0,0,1,0,1,0,7,29,0,36,12,0,12,48
01/03/2021,HWD,CA,AWP,WE,Towers with Radar,0,7,31,0,38,0,0,1,0,1,0,7,32,0,39,0,0,0,39
01/04/2021,HWD,CA,AWP,WE,Towers with Radar,0,3,11,0,14,0,0,10,2,12,0,3,21,2,26,4,0,4,30
01/05/2021,HWD,CA,AWP,WE,Towers with Radar,0,3,16,0,19,0,0,80,0,80,0,3,96,0,99,174,0,174,273
01/06/2021,HWD,CA,AWP,WE,Towers with Radar,0,7,9,0,16,0,0,59,0,59,0,7,68,0,75,206,0,206,281
01/07/2021,HWD,CA,AWP,WE,Towers with Radar,0,1,12,0,13,0,0,97,0,97,0,1,109,0,110,256,0,256,366
01/08/2021,HWD,CA,AWP,WE,Towers with Radar,0,0,24,0,24,0,0,62,0,62,0,0,86,0,86,212,0,212,298
01/09/2021,HWD,CA,AWP,WE,Towers with Radar,0,4,20,0,24,0,1,186,0,187,0,5,206,0,211,282,0,282,493
01/10/2021,HWD,CA,AWP,WE,Towers with Radar,0,3,27,0,30,0,0,90,0,90,0,3,117,0,120,219,0,219,339
01/11/2021,HWD,CA,AWP,WE,Towers with Radar,0,4,15,0,19,0,0,107,0,107,0,4,122,0,126,167,0,167,293
01/12/2021,HWD,CA,AWP,WE,Towers with Radar,0,3,15,0,18,0,0,80,0,80,0,3,95,0,98,136,0,136,234
01/13/2021,HWD,CA,AWP,WE,Towers with Radar,0,3,31,0,34,0,1,88,0,89,0,4,119,0,123,204,0,204,327
01/14/2021,HWD,CA,AWP,WE,Towers with Radar,0,7,7,0,14,0,0,74,0,74,0,7,81,0,88,160,0,160,248
01/15/2021,HWD,CA,AWP,WE,Towers with Radar,0,4,20,0,24,0,2,114,2,118,0,6,134,2,142,218,0,218,360
01/16/2021,HWD,CA,AWP,WE,Towers with Radar,0,5,16,0,21,0,1,135,1,137,0,6,151,1,158,256,0,256,414
01/17/2021,HWD,CA,AWP,WE,Towers with Radar,0,3,14,0,17,0,0,128,0,128,0,3,142,0,145,238,0,238,383
01/18/2021,HWD,CA,AWP,WE,Towers with Radar,0,15,10,0,25,0,1,49,2,52,0,16,59,2,77,38,0,38,115
01/19/2021,HWD,CA,AWP,WE,Towers with Radar,0,8,13,0,21,0,2,5,0,7,0,10,18,0,28,4,0,4,32
01/20/2021,HWD,CA,AWP,WE,Towers with Radar,0,4,12,0,16,0,0,103,0,103,0,4,115,0,119,180,0,180,299
01/21/2021,HWD,CA,AWP,WE,Towers with Radar,0,5,8,0,13,0,2,110,1,113,0,7,118,1,126,266,0,266,392
01/22/2021,HWD,CA,AWP,WE,Towers with Radar,0,4,9,0,13,0,0,15,0,15,0,4,24,0,28,94,0,94,122
01/23/2021,HWD,CA,AWP,WE,Towers with Radar,0,5,13,0,18,0,0,137,0,137,0,5,150,0,155,285,0,285,440
01/24/2021,HWD,CA,AWP,WE,Towers with Radar,0,3,18,0,21,0,0,21,0,21,0,3,39,0,42,133,0,133,175
01/25/2021,HWD,CA,AWP,WE,Towers with Radar,0,3,19,0,22,0,1,43,0,44,0,4,62,0,66,36,0,36,102
01/26/2021,HWD,CA,AWP,WE,Towers with Radar,0,2,12,0,14,0,0,59,0,59,0,2,71,0,73,158,0,158,231
01/27/2021,HWD,CA,AWP,WE,Towers with Radar,0,2,11,0,13,0,0,8,0,8,0,2,19,0,21,10,0,10,31
01/28/2021,HWD,CA,AWP,WE,Towers with Radar,0,9,14,0,23,0,0,7,0,7,0,9,21,0,30,46,0,46,76
01/29/2021,HWD,CA,AWP,WE,Towers with Radar,0,2,19,0,21,0,0,101,0,101,0,2,120,0,122,391,0,391,513
01/30/2021,HWD,CA,AWP,WE,Towers with Radar,0,3,14,0,17,0,0,118,0,118,0,3,132,0,135,300,0,300,435
01/31/2021,HWD,CA,AWP,WE,Towers with Radar,0,3,17,0,20,0,2,133,0,135,0,5,150,0,155,218,0,218,373
02/01/2021,HWD,CA,AWP,WE,Towers with Radar,0,2,11,0,13,0,0,54,0,54,0,2,65,0,67,123,0,123,190
02/02/2021,HWD,CA,AWP,WE,Towers with Radar,0,7,13,0,20,0,0,27,0,27,0,7,40,0,47,216,0,216,263
02/03/2021,HWD,CA,AWP,WE,Towers with Radar,0,3,24,0,27,0,0,100,0,100,0,3,124,0,127,302,0,302,429
02/04/2021,HWD,CA,AWP,WE,Towers with Radar,0,4,18,0,22,0,1,127,2,130,0,5,145,2,152,181,0,181,333
02/05/2021,HWD,CA,AWP,WE,Towers with Radar,0,4,20,0,24,0,1,143,1,145,0,5,163,1,169,237,0,237,406
02/06/2021,HWD,CA,AWP,WE,Towers with Radar,0,0,15,0,15,0,0,165,0,165,0,0,180,0,180,372,0,372,552
02/07/2021,HWD,CA,AWP,WE,Towers with Radar,0,2,15,0,17,0,0,107,0,107,0,2,122,0,124,217,0,217,341
02/08/2021,HWD,CA,AWP,WE,Towers with Radar,0,6,16,0,22,0,0,84,0,84,0,6,100,0,106,138,0,138,244
02/09/2021,HWD,CA,AWP,WE,Towers with Radar,0,5,15,0,20,0,0,93,1,94,0,5,108,1,114,112,0,112,226
02/10/2021,HWD,CA,AWP,WE,Towers with Radar,0,6,32,0,38,0,2,138,0,140,0,8,170,0,178,231,0,231,409
02/11/2021,HWD,CA,AWP,WE,Towers with Radar,0,2,25,0,27,0,0,34,0,34,0,2,59,0,61,98,0,98,159
02/12/2021,HWD,CA,AWP,WE,Towers with Radar,0,7,20,0,27,0,3,96,0,99,0,10,116,0,126,384,0,384,510
02/13/2021,HWD,CA,AWP,WE,Towers with Radar,0,8,14,0,22,0,1,48,0,49,0,9,62,0,71,188,0,188,259
02/14/2021,HWD,CA,AWP,WE,Towers with Radar,0,4,13,0,17,0,0,126,0,126,0,4,139,0,143,302,0,302,445
02/15/2021,HWD,CA,AWP,WE,Towers with Radar,0,10,25,0,35,0,0,20,0,20,0,10,45,0,55,24,0,24,79
02/16/2021,HWD,CA,AWP,WE,Towers with Radar,0,2,21,0,23,0,0,117,0,117,0,2,138,0,140,174,0,174,314
02/17/2021,HWD,CA,AWP,WE,Towers with Radar,0,6,22,0,28,0,3,119,0,122,0,9,141,0,150,193,0,193,343
02/18/2021,HWD,CA,AWP,WE,Towers with Radar,0,6,23,0,29,0,0,93,0,93,0,6,116,0,122,234,0,234,356
02/19/2021,HWD,CA,AWP,WE,Towers with Radar,0,4,20,0,24,0,0,25,3,28,0,4,45,3,52,284,0,284,336
02/20/2021,HWD,CA,AWP,WE,Towers with Radar,0,5,25,0,30,0,1,120,0,121,0,6,145,0,151,232,0,232,383
02/21/2021,HWD,CA,AWP,WE,Towers with Radar,0,5,32,0,37,0,0,172,0,172,0,5,204,0,209,180,0,180,389
02/22/2021,HWD,CA,AWP,WE,Towers with Radar,0,4,16,1,21,0,2,93,1,96,0,6,109,2,117,200,0,200,317
02/23/2021,HWD,CA,AWP,WE,Towers with Radar,0,2,16,0,18,0,0,84,0,84,0,2,100,0,102,338,0,338,440
02/24/2021,HWD,CA,AWP,WE,Towers with Radar,0,5,19,0,24,0,2,68,0,70,0,7,87,0,94,188,0,188,282
02/25/2021,HWD,CA,AWP,WE,Towers with Radar,0,6,12,0,18,0,2,124,1,127,0,8,136,1,145,450,0,450,595
02/26/2021,HWD,CA,AWP,WE,Towers with Radar,0,3,16,0,19,0,0,116,0,116,0,3,132,0,135,289,0,289,424
02/27/2021,HWD,CA,AWP,WE,Towers with Radar,0,3,17,0,20,0,0,99,0,99,0,3,116,0,119,307,0,307,426
02/28/2021,HWD,CA,AWP,WE,Towers with Radar,0,7,13,0,20,0,0,146,0,146,0,7,159,0,166,277,0,277,443
03/01/2021,HWD,CA,AWP,WE,Towers with Radar,0,2,16,0,18,0,0,99,1,100,0,2,115,1,118,281,0,281,399
03/02/2021,HWD,CA,AWP,WE,Towers with Radar,0,2,19,0,21,0,0,120,0,120,0,2,139,0,141,242,0,242,383
03/03/2021,HWD,CA,AWP,WE,Towers with Radar,0,0,19,0,19,0,0,105,0,105,0,0,124,0,124,187,0,187,311
03/04/2021,HWD,CA,AWP,WE,Towers with Radar,0,5,26,0,31,0,0,113,0,113,0,5,139,0,144,234,0,234,378
03/05/2021,HWD,CA,AWP,WE,Towers with Radar,0,5,26,0,31,0,0,116,0,116,0,5,142,0,147,302,0,302,449
03/06/2021,HWD,CA,AWP,WE,Towers with Radar,0,2,17,0,19,0,2,109,0,111,0,4,126,0,130,192,0,192,322
03/07/2021,HWD,CA,AWP,WE,Towers with Radar,0,6,25,0,31,0,2,155,0,157,0,8,180,0,188,244,0,244,432
03/08/2021,HWD,CA,AWP,WE,Towers with Radar,0,7,13,0,20,0,1,52,1,54,0,8,65,1,74,249,0,249,323
03/09/2021,HWD,CA,AWP,WE,Towers with Radar,0,6,7,0,13,0,0,26,0,26,0,6,33,0,39,190,0,190,229
03/10/2021,HWD,CA,AWP,WE,Towers with Radar,0,6,21,0,27,0,0,21,0,21,0,6,42,0,48,120,0,120,168
03/11/2021,HWD,CA,AWP,WE,Towers with Radar,0,3,23,0,26,0,0,105,0,105,0,3,128,0,131,160,0,160,291
03/12/2021,HWD,CA,AWP,WE,Towers with Radar,0,3,23,0,26,0,1,145,3,149,0,4,168,3,175,334,0,334,509
03/13/2021,HWD,CA,AWP,WE,Towers with Radar,0,6,22,0,28,0,1,118,2,121,0,7,140,2,149,380,0,380,529
03/14/2021,HWD,CA,AWP,WE,Towers with Radar,0,9,26,0,35,0,0,71,0,71,0,9,97,0,106,148,0,148,254
03/15/2021,HWD,CA,AWP,WE,Towers with Radar,0,7,14,0,21,0,0,20,0,20,0,7,34,0,41,6,0,6,47
03/16/2021,HWD,CA,AWP,WE,Towers with Radar,0,3,15,0,18,0,1,134,0,135,0,4,149,0,153,256,0,256,409
03/17/2021,HWD,CA,AWP,WE,Towers with Radar,0,4,23,0,27,0,2,99,0,101,0,6,122,0,128,172,0,172,300
03/18/2021,HWD,CA,AWP,WE,Towers with Radar,0,4,19,0,23,0,0,33,2,35,0,4,52,2,58,108,0,108,166
03/19/2021,HWD,CA,AWP,WE,Towers with Radar,0,6,26,0,32,0,0,72,1,73,0,6,98,1,105,306,0,306,411
03/20/2021,HWD,CA,AWP,WE,Towers with Radar,0,4,21,0,25,0,0,118,0,118,0,4,139,0,143,208,0,208,351
03/21/2021,HWD,CA,AWP,WE,Towers with Radar,0,11,33,0,44,0,0,124,0,124,0,11,157,0,168,176,0,176,344
03/22/2021,HWD,CA,AWP,WE,Towers with Radar,0,2,22,0,24,0,0,95,0,95,0,2,117,0,119,194,0,194,313
03/23/2021,HWD,CA,AWP,WE,Towers with Radar,0,1,9,0,10,0,0,54,0,54,0,1,63,0,64,40,0,40,104
03/24/2021,HWD,CA,AWP,WE,Towers with Radar,0,7,29,0,36,0,2,149,1,152,0,9,178,1,188,287,0,287,475
03/25/2021,HWD,CA,AWP,WE,Towers with Radar,0,2,29,0,31,0,1,96,0,97,0,3,125,0,128,160,0,160,288
03/26/2021,HWD,CA,AWP,WE,Towers with Radar,0,8,29,0,37,0,0,137,0,137,0,8,166,0,174,428,0,428,602
03/27/2021,HWD,CA,AWP,WE,Towers with Radar,0,2,15,0,17,0,0,167,0,167,0,2,182,0,184,166,0,166,350
03/28/2021,HWD,CA,AWP,WE,Towers with Radar,0,7,26,0,33,0,0,126,0,126,0,7,152,0,159,301,0,301,460
03/29/2021,HWD,CA,AWP,WE,Towers with Radar,0,5,18,0,23,0,2,108,0,110,0,7,126,0,133,331,0,331,464
03/30/2021,HWD,CA,AWP,WE,Towers with Radar,0,4,15,0,19,0,1,93,0,94,0,5,108,0,113,148,0,148,261
03/31/2021,HWD,CA,AWP,WE,Towers with Radar,0,1,6,0,7,0,1,138,0,139,0,2,144,0,146,541,0,541,687
04/01/2021,HWD,CA,AWP,WE,Towers with Radar,0,4,23,0,27,0,0,118,0,118,0,4,141,0,145,264,0,264,409
04/02/2021,HWD,CA,AWP,WE,Towers with Radar,0,3,23,0,26,0,0,118,0,118,0,3,141,0,144,344,0,344,488
04/03/2021,HWD,CA,AWP,WE,Towers with Radar,0,3,32,0,35,0,1,128,0,129,0,4,160,0,164,386,0,386,550
04/04/2021,HWD,CA,AWP,WE,Towers with Radar,0,7,20,0,27,0,0,129,0,129,0,7,149,0,156,174,0,174,330
04/05/2021,HWD,CA,AWP,WE,Towers with Radar,0,5,32,0,37,0,1,85,0,86,0,6,117,0,123,263,0,263,386
04/06/2021,HWD,CA,AWP,WE,Towers with Radar,0,7,14,0,21,0,2,89,0,91,0,9,103,0,112,228,0,228,340
04/07/2021,HWD,CA,AWP,WE,Towers with Radar,0,0,26,0,26,0,0,67,1,68,0,0,93,1,94,215,0,215,309
04/08/2021,HWD,CA,AWP,WE,Towers with Radar,0,6,16,0,22,0,0,106,0,106,0,6,122,0,128,232,0,232,360
04/09/2021,HWD,CA,AWP,WE,Towers with Radar,0,8,25,0,33,0,0,92,1,93,0,8,117,1,126,48,0,48,174
04/10/2021,HWD,CA,AWP,WE,Towers with Radar,0,2,17,0,19,0,1,128,0,129,0,3,145,0,148,260,0,260,408
04/11/2021,HWD,CA,AWP,WE,Towers with Radar,0,8,25,0,33,0,1,143,0,144,0,9,168,0,177,348,0,348,525
04/12/2021,HWD,CA,AWP,WE,Towers with Radar,0,4,21,0,25,0,0,103,3,106,0,4,124,3,131,236,0,236,367
04/13/2021,HWD,CA,AWP,WE,Towers with Radar,0,6,20,0,26,0,0,79,1,80,0,6,99,1,106,138,18,156,262
04/14/2021,HWD,CA,AWP,WE,Towers with Radar,0,5,30,0,35,0,2,121,0,123,0,7,151,0,158,298,0,298,456
04/15/2021,HWD,CA,AWP,WE,Towers with Radar,0,4,17,0,21,0,1,104,3,108,0,5,121,3,129,312,0,312,441
04/16/2021,HWD,CA,AWP,WE,Towers with Radar,0,12,28,0,40,0,0,157,0,157,0,12,185,0,197,404,0,404,601
04/17/2021,HWD,CA,AWP,WE,Towers with Radar,0,7,29,1,37,0,0,128,1,129,0,7,157,2,166,160,0,160,326
04/18/2021,HWD,CA,AWP,WE,Towers with Radar,0,10,26,0,36,0,1,137,0,138,0,11,163,0,174,278,0,278,452
04/19/2021,HWD,CA,AWP,WE,Towers with Radar,0,8,24,0,32,0,1,88,1,90,0,9,112,1,122,202,0,202,324
04/20/2021,HWD,CA,AWP,WE,Towers with Radar,0,6,16,0,22,0,1,36,0,37,0,7,52,0,59,58,0,58,117
04/21/2021,HWD,CA,AWP,WE,Towers with Radar,0,0,13,0,13,0,0,85,1,86,0,0,98,1,99,358,0,358,457
04/22/2021,HWD,CA,AWP,WE,Towers with Radar,0,8,21,0,29,0,0,46,0,46,0,8,67,0,75,140,0,140,215
04/23/2021,HWD,CA,AWP,WE,Towers with Radar,0,3,21,0,24,0,0,117,1,118,0,3,138,1,142,286,0,286,428
04/24/2021,HWD,CA,AWP,WE,Towers with Radar,0,6,18,0,24,0,0,100,0,100,0,6,118,0,124,316,0,316,440
04/25/2021,HWD,CA,AWP,WE,Towers with Radar,0,6,20,0,26,0,1,36,0,37,0,7,56,0,63,158,0,158,221
04/26/2021,HWD,CA,AWP,WE,Towers with Radar,0,6,19,0,25,0,0,84,1,85,0,6,103,1,110,146,0,146,256
04/27/2021,HWD,CA,AWP,WE,Towers with Radar,0,1,16,0,17,0,0,104,0,104,0,1,120,0,121,210,0,210,331
04/28/2021,HWD,CA,AWP,WE,Towers with Radar,0,2,26,0,28,0,0,131,0,131,0,2,157,0,159,352,0,352,511
04/29/2021,HWD,CA,AWP,WE,Towers with Radar,0,5,17,0,22,0,0,117,0,117,0,5,134,0,139,270,0,270,409
04/30/2021,HWD,CA,AWP,WE,Towers with Radar,0,5,20,0,25,0,0,93,0,93,0,5,113,0,118,184,0,184,302
05/01/2021,HWD,CA,AWP,WE,Towers with Radar,0,3,43,0,46,0,0,14,0,14,0,3,57,0,60,27,0,27,87
05/02/2021,HWD,CA,AWP,WE,Towers with Radar,0,6,20,0,26,0,0,141,0,141,0,6,161,0,167,266,0,266,433
05/03/2021,HWD,CA,AWP,WE,Towers with Radar,0,6,17,0,23,0,1,107,0,108,0,7,124,0,131,244,0,244,375
05/04/2021,HWD,CA,AWP,WE,Towers with Radar,0,9,20,0,29,0,1,118,2,121,0,10,138,2,150,280,0,280,430
05/05/2021,HWD,CA,AWP,WE,Towers with Radar,0,1,25,0,26,1,0,148,1,150,1,1,173,1,176,306,0,306,482
05/06/2021,HWD,CA,AWP,WE,Towers with Radar,0,9,18,0,27,0,0,95,0,95,0,9,113,0,122,168,0,168,290
05/07/2021,HWD,CA,AWP,WE,Towers with Radar,0,6,21,0,27,0,3,121,1,125,0,9,142,1,152,270,0,270,422
05/08/2021,HWD,CA,AWP,WE,Towers with Radar,0,2,22,0,24,0,2,145,1,148,0,4,167,1,172,370,0,370,542
05/09/2021,HWD,CA,AWP,WE,Towers with Radar,0,10,11,0,21,0,0,116,0,116,0,10,127,0,137,318,0,318,455
05/10/2021,HWD,CA,AWP,WE,Towers with Radar,0,3,17,0,20,0,0,152,1,153,0,3,169,1,173,364,0,364,537
05/11/2021,HWD,CA,AWP,WE,Towers with Radar,0,4,26,0,30,0,0,113,3,116,0,4,139,3,146,235,0,235,381
05/12/2021,HWD,CA,AWP,WE,Towers with Radar,0,5,22,0,27,0,0,101,0,101,0,5,123,0,128,336,0,336,464
05/13/2021,HWD,CA,AWP,WE,Towers with Radar,0,2,25,0,27,0,1,108,1,110,0,3,133,1,137,280,0,280,417
05/14/2021,HWD,CA,AWP,WE,Towers with Radar,0,6,36,0,42,0,0,54,0,54,0,6,90,0,96,186,0,186,282
05/15/2021,HWD,CA,AWP,WE,Towers with Radar,0,4,41,0,45,0,0,77,0,77,0,4,118,0,122,274,0,274,396
05/16/2021,HWD,CA,AWP,WE,Towers with Radar,0,13,29,0,42,0,0,127,0,127,0,13,156,0,169,276,0,276,445
05/17/2021,HWD,CA,AWP,WE,Towers with Radar,0,7,35,0,42,0,1,78,0,79,0,8,113,0,121,204,0,204,325
05/18/2021,HWD,CA,AWP,WE,Towers with Radar,0,7,16,0,23,0,0,122,0,122,0,7,138,0,145,169,0,169,314
05/19/2021,HWD,CA,AWP,WE,Towers with Radar,0,5,25,0,30,0,0,73,1,74,0,5,98,1,104,60,0,60,164
05/20/2021,HWD,CA,AWP,WE,Towers with Radar,0,5,32,0,37,0,0,59,0,59,0,5,91,0,96,54,0,54,150
05/21/2021,HWD,CA,AWP,WE,Towers with Radar,0,9,32,0,41,0,1,114,0,115,0,10,146,0,156,248,0,248,404
05/22/2021,HWD,CA,AWP,WE,Towers with Radar,0,4,24,0,28,0,0,136,0,136,0,4,160,0,164,378,0,378,542
05/23/2021,HWD,CA,AWP,WE,Towers with Radar,0,8,23,0,31,0,1,120,0,121,0,9,143,0,152,268,0,268,420
05/24/2021,HWD,CA,AWP,WE,Towers with Radar,0,2,26,0,28,0,1,146,1,148,0,3,172,1,176,376,0,376,552
05/25/2021,HWD,CA,AWP,WE,Towers with Radar,0,1,22,0,23,0,0,104,1,105,0,1,126,1,128,308,0,308,436
05/26/2021,HWD,CA,AWP,WE,Towers with Radar,0,8,30,0,38,0,0,137,0,137,0,8,167,0,175,434,0,434,609
05/27/2021,HWD,CA,AWP,WE,Towers with Radar,0,14,13,0,27,0,0,111,1,112,0,14,124,1,139,220,0,220,359
05/28/2021,HWD,CA,AWP,WE,Towers with Radar,0,10,36,0,46,0,1,142,3,146,0,11,178,3,192,296,0,296,488
05/29/2021,HWD,CA,AWP,WE,Towers with Radar,0,3,40,0,43,0,0,73,1,74,0,3,113,1,117,287,0,287,404
05/30/2021,HWD,CA,AWP,WE,Towers with Radar,0,2,14,0,16,0,1,131,0,132,0,3,145,0,148,351,0,351,499
05/31/2021,HWD,CA,AWP,WE,Towers with Radar,0,10,26,0,36,0,0,148,0,148,0,10,174,0,184,132,0,132,316
06/01/2021,HWD,CA,AWP,WE,Towers with Radar,0,6,16,0,22,0,1,112,0,113,0,7,128,0,135,212,0,212,347
06/02/2021,HWD,CA,AWP,WE,Towers with Radar,0,4,42,0,46,0,0,107,0,107,0,4,149,0,153,274,0,274,427
06/03/2021,HWD,CA,AWP,WE,Towers with Radar,0,9,22,0,31,0,3,150,1,154,0,12,172,1,185,235,0,235,420
06/04/2021,HWD,CA,AWP,WE,Towers with Radar,0,4,36,0,40,0,1,125,1,127,0,5,161,1,167,230,0,230,397
06/05/2021,HWD,CA,AWP,WE,Towers with Radar,0,7,25,0,32,0,0,135,0,135,0,7,160,0,167,314,0,314,481
06/06/2021,HWD,CA,AWP,WE,Towers with Radar,0,7,25,0,32,0,0,140,0,140,0,7,165,0,172,294,0,294,466
06/07/2021,HWD,CA,AWP,WE,Towers with Radar,0,5,28,0,33,0,1,87,1,89,0,6,115,1,122,95,0,95,217
06/08/2021,HWD,CA,AWP,WE,Towers with Radar,0,7,24,0,31,0,4,90,0,94,0,11,114,0,125,282,0,282,407
06/09/2021,HWD,CA,AWP,WE,Towers with Radar,0,3,18,0,21,0,0,101,0,101,0,3,119,0,122,132,0,132,254
06/10/2021,HWD,CA,AWP,WE,Towers with Radar,0,4,24,0,28,0,0,152,5,157,0,4,176,5,185,218,0,218,403
06/11/2021,HWD,CA,AWP,WE,Towers with Radar,0,8,14,0,22,0,2,172,4,178,0,10,186,4,200,262,0,262,462
06/12/2021,HWD,CA,AWP,WE,Towers with Radar,0,3,25,0,28,0,0,139,0,139,0,3,164,0,167,282,0,282,449
06/13/2021,HWD,CA,AWP,WE,Towers with Radar,0,9,23,0,32,0,1,134,0,135,0,10,157,0,167,291,0,291,458
06/14/2021,HWD,CA,AWP,WE,Towers with Radar,0,3,29,0,32,0,0,114,0,114,0,3,143,0,146,262,0,262,408
06/15/2021,HWD,CA,AWP,WE,Towers with Radar,0,4,23,0,27,0,0,148,2,150,0,4,171,2,177,312,0,312,489
06/16/2021,HWD,CA,AWP,WE,Towers with Radar,0,8,17,0,25,0,0,132,0,132,0,8,149,0,157,240,0,240,397
06/17/2021,HWD,CA,AWP,WE,Towers with Radar,0,14,21,0,35,0,1,94,0,95,0,15,115,0,130,282,0,282,412
06/18/2021,HWD,CA,AWP,WE,Towers with Radar,0,4,30,0,34,0,0,145,6,151,0,4,175,6,185,226,0,226,411
06/19/2021,HWD,CA,AWP,WE,Towers with Radar,0,2,20,0,22,0,0,113,0,113,0,2,133,0,135,307,0,307,442
06/20/2021,HWD,CA,AWP,WE,Towers with Radar,0,7,24,0,31,0,3,109,0,112,0,10,133,0,143,240,0,240,383
06/21/2021,HWD,CA,AWP,WE,Towers with Radar,0,10,31,0,41,0,3,138,0,141,0,13,169,0,182,222,0,222,404
06/22/2021,HWD,CA,AWP,WE,Towers with Radar,0,3,15,0,18,0,1,139,0,140,0,4,154,0,158,264,0,264,422
06/23/2021,HWD,CA,AWP,WE,Towers with Radar,0,2,37,0,39,0,1,123,0,124,0,3,160,0,163,260,0,260,423
06/24/2021,HWD,CA,AWP,WE,Towers with Radar,0,0,21,0,21,0,1,108,2,111,0,1,129,2,132,258,0,258,390
06/25/2021,HWD,CA,AWP,WE,Towers with Radar,0,4,30,0,34,0,1,127,1,129,0,5,157,1,163,286,0,286,449
06/26/2021,HWD,CA,AWP,WE,Towers with Radar,0,6,22,0,28,0,0,144,0,144,0,6,166,0,172,222,0,222,394
06/27/2021,HWD,CA,AWP,WE,Towers with Radar,0,8,32,0,40,0,0,82,0,82,0,8,114,0,122,190,0,190,312
06/28/2021,HWD,CA,AWP,WE,Towers with Radar,0,3,36,0,39,0,0,53,0,53,0,3,89,0,92,144,0,144,236
06/29/2021,HWD,CA,AWP,WE,Towers with Radar,0,7,18,0,25,0,0,91,0,91,0,7,109,0,116,292,0,292,408
06/30/2021,HWD,CA,AWP,WE,Towers with Radar,0,4,30,0,34,0,0,86,0,86,0,4,116,0,120,318,0,318,438
07/01/2021,HWD,CA,AWP,WE,Towers with Radar,0,7,30,0,37,0,2,114,0,116,0,9,144,0,153,330,0,330,483
07/02/2021,HWD,CA,AWP,WE,Towers with Radar,0,8,38,0,46,0,2,134,1,137,0,10,172,1,183,352,0,352,535
07/03/2021,HWD,CA,AWP,WE,Towers with Radar,0,0,18,0,18,0,0,100,0,100,0,0,118,0,118,200,0,200,318
07/04/2021,HWD,CA,AWP,WE,Towers with Radar,0,5,11,0,16,0,0,69,0,69,0,5,80,0,85,142,0,142,227
07/05/2021,HWD,CA,AWP,WE,Towers with Radar,0,5,32,0,37,0,0,110,0,110,0,5,142,0,147,201,0,201,348
07/06/2021,HWD,CA,AWP,WE,Towers with Radar,0,8,26,0,34,0,1,74,0,75,0,9,100,0,109,212,0,212,321
07/07/2021,HWD,CA,AWP,WE,Towers with Radar,0,9,31,1,41,0,0,73,0,73,0,9,104,1,114,192,0,192,306
07/08/2021,HWD,CA,AWP,WE,Towers with Radar,0,7,26,0,33,0,0,138,1,139,0,7,164,1,172,250,0,250,422
07/09/2021,HWD,CA,AWP,WE,Towers with Radar,0,11,10,0,21,0,0,122,3,125,0,11,132,3,146,260,0,260,406
07/10/2021,HWD,CA,AWP,WE,Towers with Radar,0,3,19,0,22,0,1,138,0,139,0,4,157,0,161,114,0,114,275
07/11/2021,HWD,CA,AWP,WE,Towers with Radar,0,6,21,0,27,0,1,97,0,98,0,7,118,0,125,308,0,308,433
07/12/2021,HWD,CA,AWP,WE,Towers with Radar,0,6,25,0,31,0,0,90,0,90,0,6,115,0,121,251,0,251,372
07/13/2021,HWD,CA,AWP,WE,Towers with Radar,0,2,18,0,20,0,0,74,0,74,0,2,92,0,94,102,0,102,196
07/14/2021,HWD,CA,AWP,WE,Towers with Radar,0,8,27,0,35,0,0,105,2,107,0,8,132,2,142,256,0,256,398
07/15/2021,HWD,CA,AWP,WE,Towers with Radar,0,7,20,0,27,0,0,120,3,123,0,7,140,3,150,310,0,310,460
07/16/2021,HWD,CA,AWP,WE,Towers with Radar,0,10,40,0,50,0,0,124,0,124,0,10,164,0,174,398,0,398,572
07/17/2021,HWD,CA,AWP,WE,Towers with Radar,0,9,20,0,29,0,0,103,0,103,0,9,123,0,132,374,0,374,506
07/18/2021,HWD,CA,AWP,WE,Towers with Radar,0,9,21,0,30,0,2,108,0,110,0,11,129,0,140,314,0,314,454
07/19/2021,HWD,CA,AWP,WE,Towers with Radar,0,4,32,0,36,0,0,130,2,132,0,4,162,2,168,385,0,385,553
07/20/2021,HWD,CA,AWP,WE,Towers with Radar,0,4,14,0,18,0,0,87,0,87,0,4,101,0,105,308,0,308,413
07/21/2021,HWD,CA,AWP,WE,Towers with Radar,0,4,26,0,30,0,0,117,0,117,0,4,143,0,147,398,0,398,545
07/22/2021,HWD,CA,AWP,WE,Towers with Radar,0,8,30,0,38,0,0,128,1,129,0,8,158,1,167,388,0,388,555
07/23/2021,HWD,CA,AWP,WE,Towers with Radar,0,6,22,0,28,0,0,134,3,137,0,6,156,3,165,350,0,350,515
07/24/2021,HWD,CA,AWP,WE,Towers with Radar,0,6,32,0,38,0,0,120,0,120,0,6,152,0,158,227,0,227,385
07/25/2021,HWD,CA,AWP,WE,Towers with Radar,0,10,21,0,31,0,0,97,0,97,0,10,118,0,128,306,0,306,434
07/26/2021,HWD,CA,AWP,WE,Towers with Radar,0,4,23,0,27,0,0,108,0,108,0,4,131,0,135,328,0,328,463
07/27/2021,HWD,CA,AWP,WE,Towers with Radar,0,2,13,0,15,0,1,126,0,127,0,3,139,0,142,241,0,241,383
07/28/2021,HWD,CA,AWP,WE,Towers with Radar,0,5,16,0,21,0,0,109,0,109,0,5,125,0,130,288,0,288,418
07/29/2021,HWD,CA,AWP,WE,Towers with Radar,0,4,24,0,28,0,0,112,0,112,0,4,136,0,140,132,0,132,272
07/30/2021,HWD,CA,AWP,WE,Towers with Radar,0,5,25,0,30,0,1,116,0,117,0,6,141,0,147,372,0,372,519
07/31/2021,HWD,CA,AWP,WE,Towers with Radar,0,2,32,0,34,0,0,93,0,93,0,2,125,0,127,280,0,280,407
08/01/2021,HWD,CA,AWP,WE,Towers with Radar,0,11,26,0,37,0,3,95,0,98,0,14,121,0,135,294,0,294,429
08/02/2021,HWD,CA,AWP,WE,Towers with Radar,0,6,20,0,26,0,0,110,2,112,0,6,130,2,138,319,0,319,457
08/03/2021,HWD,CA,AWP,WE,Towers with Radar,0,7,24,0,31,0,0,129,0,129,0,7,153,0,160,358,0,358,518
08/04/2021,HWD,CA,AWP,WE,Towers with Radar,0,2,22,0,24,0,0,92,0,92,0,2,114,0,116,286,0,286,402
08/05/2021,HWD,CA,AWP,WE,Towers with Radar,0,5,24,0,29,0,0,80,2,82,0,5,104,2,111,230,0,230,341
08/06/2021,HWD,CA,AWP,WE,Towers with Radar,0,5,32,0,37,0,0,98,0,98,0,5,130,0,135,392,0,392,527
08/07/2021,HWD,CA,AWP,WE,Towers with Radar,0,4,28,0,32,0,0,105,0,105,0,4,133,0,137,278,0,278,415
08/08/2021,HWD,CA,AWP,WE,Towers with Radar,0,3,26,0,29,0,0,100,0,100,0,3,126,0,129,324,0,324,453
08/09/2021,HWD,CA,AWP,WE,Towers with Radar,0,4,26,0,30,0,1,103,2,106,0,5,129,2,136,158,0,158,294
08/10/2021,HWD,CA,AWP,WE,Towers with Radar,0,6,18,0,24,0,2,96,0,98,0,8,114,0,122,208,0,208,330
08/11/2021,HWD,CA,AWP,WE,Towers with Radar,0,7,24,0,31,0,2,124,0,126,0,9,148,0,157,297,0,297,454
08/12/2021,HWD,CA,AWP,WE,Towers with Radar,0,5,33,0,38,0,0,125,2,127,0,5,158,2,165,255,0,255,420
08/13/2021,HWD,CA,AWP,WE,Towers with Radar,1,4,30,0,35,0,2,139,3,144,1,6,169,3,179,336,0,336,515
08/14/2021,HWD,CA,AWP,WE,Towers with Radar,0,2,23,0,25,0,1,131,0,132,0,3,154,0,157,369,0,369,526
08/15/2021,HWD,CA,AWP,WE,Towers with Radar,0,5,35,0,40,0,0,65,0,65,0,5,100,0,105,220,0,220,325
08/16/2021,HWD,CA,AWP,WE,Towers with Radar,0,2,23,0,25,0,1,105,0,106,0,3,128,0,131,203,0,203,334
08/17/2021,HWD,CA,AWP,WE,Towers with Radar,0,4,16,0,20,0,0,76,2,78,0,4,92,2,98,244,0,244,342
08/18/2021,HWD,CA,AWP,WE,Towers with Radar,0,9,37,0,46,0,0,61,1,62,0,9,98,1,108,302,0,302,410
08/19/2021,HWD,CA,AWP,WE,Towers with Radar,0,1,34,0,35,0,0,78,0,78,0,1,112,0,113,292,0,292,405
08/20/2021,HWD,CA,AWP,WE,Towers with Radar,0,4,29,0,33,0,0,72,3,75,0,4,101,3,108,282,0,282,390
08/21/2021,HWD,CA,AWP,WE,Towers with Radar,0,3,30,0,33,0,0,78,0,78,0,3,108,0,111,192,0,192,303
08/22/2021,HWD,CA,AWP,WE,Towers with Radar,0,6,26,0,32,0,0,114,0,114,0,6,140,0,146,358,0,358,504
08/23/2021,HWD,CA,AWP,WE,Towers with Radar,0,9,21,0,30,0,1,101,0,102,0,10,122,0,132,116,0,116,248
08/24/2021,HWD,CA,AWP,WE,Towers with Radar,0,4,19,0,23,0,0,96,0,96,0,4,115,0,119,197,0,197,316
08/25/2021,HWD,CA,AWP,WE,Towers with Radar,0,5,24,0,29,0,0,116,1,117,0,5,140,1,146,338,0,338,484
08/26/2021,HWD,CA,AWP,WE,Towers with Radar,0,3,18,0,21,0,0,103,0,103,0,3,121,0,124,190,0,190,314
08/27/2021,HWD,CA,AWP,WE,Towers with Radar,0,9,29,0,38,0,2,88,0,90,0,11,117,0,128,368,0,368,496
08/28/2021,HWD,CA,AWP,WE,Towers with Radar,0,5,20,0,25,0,0,77,0,77,0,5,97,0,102,306,0,306,408
08/29/2021,HWD,CA,AWP,WE,Towers with Radar,0,1,22,0,23,0,0,85,0,85,0,1,107,0,108,257,0,257,365
08/30/2021,HWD,CA,AWP,WE,Towers with Radar,0,3,14,0,17,0,0,95,1,96,0,3,109,1,113,160,0,160,273
08/31/2021,HWD,CA,AWP,WE,Towers with Radar,0,6,16,0,22,0,1,90,1,92,0,7,106,1,114,252,0,252,366
09/01/2021,HWD,CA,AWP,WE,Towers with Radar,0,10,25,0,35,0,0,120,4,124,0,10,145,4,159,250,0,250,409
09/02/2021,HWD,CA,AWP,WE,Towers with Radar,0,7,29,0,36,0,0,97,0,97,0,7,126,0,133,260,0,260,393
09/03/2021,HWD,CA,AWP,WE,Towers with Radar,0,9,31,0,40,0,0,84,2,86,0,9,115,2,126,320,0,320,446
09/04/2021,HWD,CA,AWP,WE,Towers with Radar,0,5,21,0,26,0,3,85,0,88,0,8,106,0,114,243,0,243,357
09/05/2021,HWD,CA,AWP,WE,Towers with Radar,0,2,11,0,13,0,0,90,0,90,0,2,101,0,103,268,0,268,371
09/06/2021,HWD,CA,AWP,WE,Towers with Radar,0,6,27,0,33,0,1,121,0,122,0,7,148,0,155,330,0,330,485
09/07/2021,HWD,CA,AWP,WE,Towers with Radar,0,8,23,0,31,0,1,131,2,134,0,9,154,2,165,111,0,111,276
09/08/2021,HWD,CA,AWP,WE,Towers with Radar,0,9,20,0,29,0,0,108,1,109,0,9,128,1,138,162,0,162,300
09/09/2021,HWD,CA,AWP,WE,Towers with Radar,0,8,21,0,29,0,1,140,1,142,0,9,161,1,171,330,0,330,501
09/10/2021,HWD,CA,AWP,WE,Towers with Radar,0,4,23,0,27,0,1,109,1,111,0,5,132,1,138,260,0,260,398
09/11/2021,HWD,CA,AWP,WE,Towers with Radar,0,12,19,0,31,0,1,133,0,134,0,13,152,0,165,300,0,300,465
09/12/2021,HWD,CA,AWP,WE,Towers with Radar,0,3,13,0,16,0,1,136,0,137,0,4,149,0,153,168,0,168,321
09/13/2021,HWD,CA,AWP,WE,Towers with Radar,0,4,21,0,25,0,0,110,2,112,0,4,131,2,137,189,0,189,326
09/14/2021,HWD,CA,AWP,WE,Towers with Radar,0,4,22,0,26,0,2,111,1,114,0,6,133,1,140,235,0,235,375
09/15/2021,HWD,CA,AWP,WE,Towers with Radar,1,6,29,0,36,0,0,116,4,120,1,6,145,4,156,250,0,250,406
09/16/2021,HWD,CA,AWP,WE,Towers with Radar,0,7,33,0,40,0,0,123,1,124,0,7,156,1,164,190,0,190,354
09/17/2021,HWD,CA,AWP,WE,Towers with Radar,0,10,31,0,41,0,1,134,2,137,0,11,165,2,178,376,0,376,554
09/18/2021,HWD,CA,AWP,WE,Towers with Radar,0,5,19,0,24,0,0,88,0,88,0,5,107,0,112,423,0,423,535
09/19/2021,HWD,CA,AWP,WE,Towers with Radar,0,3,31,0,34,0,0,118,0,118,0,3,149,0,152,278,0,278,430
09/20/2021,HWD,CA,AWP,WE,Towers with Radar,0,3,21,0,24,0,2,113,2,117,0,5,134,2,141,258,0,258,399
09/21/2021,HWD,CA,AWP,WE,Towers with Radar,0,3,12,0,15,0,0,109,1,110,0,3,121,1,125,154,0,154,279
09/22/2021,HWD,CA,AWP,WE,Towers with Radar,0,5,23,0,28,0,0,133,6,139,0,5,156,6,167,272,0,272,439
09/23/2021,HWD,CA,AWP,WE,Towers with Radar,0,8,28,0,36,0,0,127,0,127,0,8,155,0,163,354,0,354,517
09/24/2021,HWD,CA,AWP,WE,Towers with Radar,0,7,35,0,42,0,0,151,0,151,0,7,186,0,193,236,0,236,429
09/25/2021,HWD,CA,AWP,WE,Towers with Radar,0,3,23,0,26,0,0,120,0,120,0,3,143,0,146,310,0,310,456
09/26/2021,HWD,CA,AWP,WE,Towers with Radar,0,6,39,0,45,0,1,134,0,135,0,7,173,0,180,291,0,291,471
09/27/2021,HWD,CA,AWP,WE,Towers with Radar,0,6,34,0,40,0,0,79,0,79,0,6,113,0,119,225,0,225,344
09/28/2021,HWD,CA,AWP,WE,Towers with Radar,0,5,25,2,32,0,0,128,0,128,0,5,153,2,160,220,0,220,380
09/29/2021,HWD,CA,AWP,WE,Towers with Radar,0,5,23,0,28,0,0,144,0,144,0,5,167,0,172,275,0,275,447
09/30/2021,HWD,CA,AWP,WE,Towers with Radar,0,10,23,0,33,0,0,169,1,170,0,10,192,1,203,206,0,206,409
10/01/2021,HWD,CA,AWP,WE,Towers with Radar,0,8,29,0,37,0,1,155,0,156,0,9,184,0,193,227,0,227,420
10/02/2021,HWD,CA,AWP,WE,Towers with Radar,0,6,26,0,32,0,1,179,0,180,0,7,205,0,212,198,0,198,410
10/03/2021,HWD,CA,AWP,WE,Towers with Radar,0,12,27,0,39,0,0,137,0,137,0,12,164,0,176,169,0,169,345
10/04/2021,HWD,CA,AWP,WE,Towers with Radar,0,8,19,0,27,0,0,112,1,113,0,8,131,1,140,273,0,273,413
10/05/2021,HWD,CA,AWP,WE,Towers with Radar,0,12,33,0,45,0,0,84,0,84,0,12,117,0,129,140,0,140,269
10/06/2021,HWD,CA,AWP,WE,Towers with Radar,0,10,34,0,44,0,2,106,1,109,0,12,140,1,153,209,0,209,362
10/07/2021,HWD,CA,AWP,WE,Towers with Radar,0,9,42,0,51,0,0,108,1,109,0,9,150,1,160,286,0,286,446
10/08/2021,HWD,CA,AWP,WE,Towers with Radar,0,6,33,0,39,0,0,88,0,88,0,6,121,0,127,151,0,151,278
10/09/2021,HWD,CA,AWP,WE,Towers with Radar,0,1,23,0,24,0,0,121,0,121,0,1,144,0,145,208,0,208,353
10/10/2021,HWD,CA,AWP,WE,Towers with Radar,0,9,19,0,28,0,0,119,0,119,0,9,138,0,147,218,0,218,365
10/11/2021,HWD,CA,AWP,WE,Towers with Radar,0,10,25,0,35,0,0,26,2,28,0,10,51,2,63,44,0,44,107
10/12/2021,HWD,CA,AWP,WE,Towers with Radar,0,5,7,0,12,0,0,85,1,86,0,5,92,1,98,160,0,160,258
10/13/2021,HWD,CA,AWP,WE,Towers with Radar,0,7,30,0,37,0,0,86,0,86,0,7,116,0,123,272,0,272,395
10/14/2021,HWD,CA,AWP,WE,Towers with Radar,0,8,19,0,27,0,1,122,0,123,0,9,141,0,150,372,0,372,522
10/15/2021,HWD,CA,AWP,WE,Towers with Radar,0,5,28,0,33,0,1,135,3,139,0,6,163,3,172,370,0,370,542
10/16/2021,HWD,CA,AWP,WE,Towers with Radar,0,5,18,0,23,0,0,140,0,140,0,5,158,0,163,278,0,278,441
10/17/2021,HWD,CA,AWP,WE,Towers with Radar,0,6,20,0,26,0,0,93,0,93,0,6,113,0,119,238,0,238,357
10/18/2021,HWD,CA,AWP,WE,Towers with Radar,0,4,28,0,32,0,0,111,3,114,0,4,139,3,146,239,0,239,385
10/19/2021,HWD,CA,AWP,WE,Towers with Radar,0,7,31,0,38,0,1,119,0,120,0,8,150,0,158,92,0,92,250
10/20/2021,HWD,CA,AWP,WE,Towers with Radar,0,13,24,0,37,0,0,38,0,38,0,13,62,0,75,88,0,88,163
10/21/2021,HWD,CA,AWP,WE,Towers with Radar,0,8,28,0,36,0,0,56,0,56,0,8,84,0,92,204,0,204,296
10/22/2021,HWD,CA,AWP,WE,Towers with Radar,0,5,29,0,34,0,0,64,0,64,0,5,93,0,98,266,0,266,364
10/23/2021,HWD,CA,AWP,WE,Towers with Radar,0,5,24,0,29,0,0,83,0,83,0,5,107,0,112,420,0,420,532
10/24/2021,HWD,CA,AWP,WE,Towers with Radar,0,2,3,0,5,0,0,0,0,0,0,2,3,0,5,0,0,0,5
10/25/2021,HWD,CA,AWP,WE,Towers with Radar,0,16,21,0,37,0,2,60,0,62,0,18,81,0,99,150,0,150,249
10/26/2021,HWD,CA,AWP,WE,Towers with Radar,0,1,19,0,20,0,0,110,0,110,0,1,129,0,130,358,0,358,488
10/27/2021,HWD,CA,AWP,WE,Towers with Radar,0,8,30,0,38,0,3,143,0,146,0,11,173,0,184,178,0,178,362
10/28/2021,HWD,CA,AWP,WE,Towers with Radar,0,5,28,0,33,0,0,144,1,145,0,5,172,1,178,268,0,268,446
10/29/2021,HWD,CA,AWP,WE,Towers with Radar,0,10,17,0,27,0,0,120,4,124,0,10,137,4,151,194,0,194,345
10/30/2021,HWD,CA,AWP,WE,Towers with Radar,0,3,65,0,68,0,0,56,0,56,0,3,121,0,124,264,0,264,388
10/31/2021,HWD,CA,AWP,WE,Towers with Radar,0,14,45,0,59,0,0,161,0,161,0,14,206,0,220,202,0,202,422
11/01/2021,HWD,CA,AWP,WE,Towers with Radar,0,5,20,0,25,0,0,10,1,11,0,5,30,1,36,46,0,46,82
11/02/2021,HWD,CA,AWP,WE,Towers with Radar,0,4,34,0,38,0,0,57,0,57,0,4,91,0,95,238,0,238,333
11/03/2021,HWD,CA,AWP,WE,Towers with Radar,0,5,14,0,19,0,0,124,0,124,0,5,138,0,143,168,0,168,311
11/04/2021,HWD,CA,AWP,WE,Towers with Radar,0,7,18,0,25,0,0,85,4,89,0,7,103,4,114,350,0,350,464
11/05/2021,HWD,CA,AWP,WE,Towers with Radar,0,5,23,0,28,0,0,140,1,141,0,5,163,1,169,226,0,226,395
11/06/2021,HWD,CA,AWP,WE,Towers with Radar,0,6,20,0,26,0,0,88,0,88,0,6,108,0,114,204,0,204,318
11/07/2021,HWD,CA,AWP,WE,Towers with Radar,0,9,25,0,34,0,0,135,0,135,0,9,160,0,169,285,0,285,454
11/08/2021,HWD,CA,AWP,WE,Towers with Radar,0,3,19,0,22,0,0,88,2,90,0,3,107,2,112,149,0,149,261
11/09/2021,HWD,CA,AWP,WE,Towers with Radar,0,3,18,0,21,0,0,53,0,53,0,3,71,0,74,106,0,106,180
11/10/2021,HWD,CA,AWP,WE,Towers with Radar,0,4,27,0,31,0,1,120,4,125,0,5,147,4,156,176,0,176,332
11/11/2021,HWD,CA,AWP,WE,Towers with Radar,0,9,28,0,37,0,0,139,2,141,0,9,167,2,178,284,0,284,462
11/12/2021,HWD,CA,AWP,WE,Towers with Radar,0,3,16,0,19,0,0,118,0,118,0,3,134,0,137,250,0,250,387
11/13/2021,HWD,CA,AWP,WE,Towers with Radar,0,1,18,0,19,0,0,133,0,133,0,1,151,0,152,252,0,252,404
11/14/2021,HWD,CA,AWP,WE,Towers with Radar,0,6,23,0,29,0,2,131,0,133,0,8,154,0,162,296,0,296,458
11/15/2021,HWD,CA,AWP,WE,Towers with Radar,0,11,24,0,35,0,2,53,0,55,0,13,77,0,90,272,0,272,362
11/16/2021,HWD,CA,AWP,WE,Towers with Radar,0,3,17,0,20,0,1,60,2,63,0,4,77,2,83,286,0,286,369
11/17/2021,HWD,CA,AWP,WE,Towers with Radar,0,8,20,0,28,0,0,130,1,131,0,8,150,1,159,280,0,280,439
11/18/2021,HWD,CA,AWP,WE,Towers with Radar,0,7,24,0,31,0,0,113,2,115,0,7,137,2,146,256,0,256,402
11/19/2021,HWD,CA,AWP,WE,Towers with Radar,0,8,39,0,47,0,0,31,2,33,0,8,70,2,80,110,0,110,190
11/20/2021,HWD,CA,AWP,WE,Towers with Radar,0,2,33,0,35,0,1,139,0,140,0,3,172,0,175,231,0,231,406
11/21/2021,HWD,CA,AWP,WE,Towers with Radar,0,2,24,0,26,0,1,116,0,117,0,3,140,0,143,134,0,134,277
11/22/2021,HWD,CA,AWP,WE,Towers with Radar,0,5,17,0,22,0,2,103,1,106,0,7,120,1,128,130,0,130,258
11/23/2021,HWD,CA,AWP,WE,Towers with Radar,0,8,13,0,21,0,2,121,0,123,0,10,134,0,144,183,0,183,327
11/24/2021,HWD,CA,AWP,WE,Towers with Radar,0,4,20,0,24,0,0,129,3,132,0,4,149,3,156,66,0,66,222
11/25/2021,HWD,CA,AWP,WE,Towers with Radar,0,2,2,0,4,0,0,48,0,48,0,2,50,0,52,110,0,110,162
11/26/2021,HWD,CA,AWP,WE,Towers with Radar,0,1,13,0,14,0,0,93,0,93,0,1,106,0,107,158,0,158,265
11/27/2021,HWD,CA,AWP,WE,Towers with Radar,1,8,32,0,41,0,1,111,0,112,1,9,143,0,153,118,0,118,271
11/28/2021,HWD,CA,AWP,WE,Towers with Radar,0,15,36,0,51,0,1,172,1,174,0,16,208,1,225,159,0,159,384
11/29/2021,HWD,CA,AWP,WE,Towers with Radar,0,5,16,0,21,0,1,107,0,108,0,6,123,0,129,164,0,164,293
11/30/2021,HWD,CA,AWP,WE,Towers with Radar,0,11,28,0,39,0,0,112,3,115,0,11,140,3,154,307,0,307,461
12/01/2021,HWD,CA,AWP,WE,Towers with Radar,0,3,16,0,19,0,0,108,1,109,0,3,124,1,128,150,0,150,278
12/02/2021,HWD,CA,AWP,WE,Towers with Radar,0,3,22,0,25,0,0,89,0,89,0,3,111,0,114,234,0,234,348
12/03/2021,HWD,CA,AWP,WE,Towers with Radar,0,1,35,0,36,0,0,2,0,2,0,1,37,0,38,2,0,2,40
12/04/2021,HWD,CA,AWP,WE,Towers with Radar,0,2,14,0,16,0,0,94,0,94,0,2,108,0,110,367,0,367,477
12/05/2021,HWD,CA,AWP,WE,Towers with Radar,0,4,26,0,30,0,0,89,0,89,0,4,115,0,119,106,0,106,225
12/06/2021,HWD,CA,AWP,WE,Towers with Radar,0,3,22,0,25,0,0,1,0,1,0,3,23,0,26,0,0,0,26
12/07/2021,HWD,CA,AWP,WE,Towers with Radar,0,9,26,0,35,0,2,98,3,103,0,11,124,3,138,334,0,334,472
12/08/2021,HWD,CA,AWP,WE,Towers with Radar,0,3,41,0,44,0,0,12,0,12,0,3,53,0,56,66,0,66,122
12/09/2021,HWD,CA,AWP,WE,Towers with Radar,0,6,25,0,31,0,3,121,2,126,0,9,146,2,157,333,0,333,490
12/10/2021,HWD,CA,AWP,WE,Towers with Radar,0,4,21,0,25,0,2,163,0,165,0,6,184,0,190,276,0,276,466
12/11/2021,HWD,CA,AWP,WE,Towers with Radar,0,5,19,0,24,0,0,184,0,184,0,5,203,0,208,372,0,372,580
12/12/2021,HWD,CA,AWP,WE,Towers with Radar,0,3,21,0,24,0,0,7,0,7,0,3,28,0,31,22,0,22,53
12/13/2021,HWD,CA,AWP,WE,Towers with Radar,0,2,14,0,16,0,0,2,0,2,0,2,16,0,18,0,0,0,18
12/14/2021,HWD,CA,AWP,WE,Towers with Radar,0,4,27,0,31,0,0,61,0,61,0,4,88,0,92,188,0,188,280
12/15/2021,HWD,CA,AWP,WE,Towers with Radar,0,4,28,0,32,0,0,60,0,60,0,4,88,0,92,129,0,129,221
12/16/2021,HWD,CA,AWP,WE,Towers with Radar,0,7,17,0,24,0,0,87,0,87,0,7,104,0,111,294,0,294,405
12/17/2021,HWD,CA,AWP,WE,Towers with Radar,0,13,26,0,39,0,0,156,0,156,0,13,182,0,195,246,0,246,441
12/18/2021,HWD,CA,AWP,WE,Towers with Radar,0,5,28,0,33,0,3,131,0,134,0,8,159,0,167,238,0,238,405
12/19/2021,HWD,CA,AWP,WE,Towers with Radar,0,6,18,0,24,0,0,104,0,104,0,6,122,0,128,258,0,258,386
12/20/2021,HWD,CA,AWP,WE,Towers with Radar,0,5,25,0,30,0,0,102,0,102,0,5,127,0,132,221,0,221,353
12/21/2021,HWD,CA,AWP,WE,Towers with Radar,0,8,15,0,23,0,0,67,0,67,0,8,82,0,90,72,0,72,162
12/22/2021,HWD,CA,AWP,WE,Towers with Radar,0,11,31,0,42,0,0,3,0,3,0,11,34,0,45,105,0,105,150
12/23/2021,HWD,CA,AWP,WE,Towers with Radar,0,6,21,0,27,0,1,16,0,17,0,7,37,0,44,63,0,63,107
12/24/2021,HWD,CA,AWP,WE,Towers with Radar,0,4,14,0,18,0,0,49,0,49,0,4,63,0,67,144,0,144,211
12/25/2021,HWD,CA,AWP,WE,Towers with Radar,0,2,4,0,6,0,1,0,0,1,0,3,4,0,7,0,0,0,7
12/26/2021,HWD,CA,AWP,WE,Towers with Radar,0,9,24,0,33,0,1,20,0,21,0,10,44,0,54,42,0,42,96
12/27/2021,HWD,CA,AWP,WE,Towers with Radar,0,1,19,0,20,0,1,15,2,18,0,2,34,2,38,30,0,30,68
12/28/2021,HWD,CA,AWP,WE,Towers with Radar,0,0,11,0,11,0,0,25,0,25,0,0,36,0,36,165,0,165,201
12/29/2021,HWD,CA,AWP,WE,Towers with Radar,0,5,19,0,24,0,0,21,0,21,0,5,40,0,45,92,0,92,137
12/30/2021,HWD,CA,AWP,WE,Towers with Radar,0,4,27,0,31,0,1,151,0,152,0,5,178,0,183,166,0,166,349
12/31/2021,HWD,CA,AWP,WE,Towers with Radar,0,2,14,0,16,0,1,99,0,100,0,3,113,0,116,146,0,146,262
01/01/2022,HWD,CA,AWP,WE,Towers with Radar,0,6,16,0,22,0,0,99,0,99,0,6,115,0,121,128,0,128,249
01/02/2022,HWD,CA,AWP,WE,Towers with Radar,0,7,39,0,46,0,0,123,0,123,0,7,162,0,169,174,0,174,343
01/03/2022,HWD,CA,AWP,WE,Towers with Radar,0,1,20,0,21,0,1,41,0,42,0,2,61,0,63,84,0,84,147
01/04/2022,HWD,CA,AWP,WE,Towers with Radar,0,3,23,0,26,0,0,39,0,39,0,3,62,0,65,174,0,174,239
01/05/2022,HWD,CA,AWP,WE,Towers with Radar,0,7,21,0,28,0,0,58,0,58,0,7,79,0,86,212,0,212,298
01/06/2022,HWD,CA,AWP,WE,Towers with Radar,0,4,30,0,34,0,0,1,0,1,0,4,31,0,35,10,0,10,45
01/07/2022,HWD,CA,AWP,WE,Towers with Radar,0,0,26,0,26,0,0,31,0,31,0,0,57,0,57,310,0,310,367
01/08/2022,HWD,CA,AWP,WE,Towers with Radar,0,6,25,0,31,0,0,116,0,116,0,6,141,0,147,386,0,386,533
01/09/2022,HWD,CA,AWP,WE,Towers with Radar,0,7,23,0,30,0,0,116,0,116,0,7,139,0,146,161,0,161,307
01/10/2022,HWD,CA,AWP,WE,Towers with Radar,0,3,7,0,10,0,1,113,3,117,0,4,120,3,127,96,0,96,223
01/11/2022,HWD,CA,AWP,WE,Towers with Radar,0,4,39,0,43,0,1,110,1,112,0,5,149,1,155,186,0,186,341
01/12/2022,HWD,CA,AWP,WE,Towers with Radar,0,5,22,0,27,0,0,121,0,121,0,5,143,0,148,295,0,295,443
01/13/2022,HWD,CA,AWP,WE,Towers with Radar,0,10,20,0,30,0,2,106,4,112,0,12,126,4,142,192,0,192,334
01/14/2022,HWD,CA,AWP,WE,Towers with Radar,0,7,19,0,26,0,4,103,2,109,0,11,122,2,135,312,0,312,447
01/15/2022,HWD,CA,AWP,WE,Towers with Radar,0,1,22,0,23,0,0,133,1,134,0,1,155,1,157,390,0,390,547
01/16/2022,HWD,CA,AWP,WE,Towers with Radar,0,6,27,0,33,0,1,129,0,130,0,7,156,0,163,272,0,272,435
01/17/2022,HWD,CA,AWP,WE,Towers with Radar,0,9,31,0,40,0,0,132,2,134,0,9,163,2,174,275,0,275,449
01/18/2022,HWD,CA,AWP,WE,Towers with Radar,0,4,17,0,21,0,0,59,0,59,0,4,76,0,80,114,0,114,194
01/19/2022,HWD,CA,AWP,WE,Towers with Radar,0,7,22,0,29,0,0,66,0,66,0,7,88,0,95,188,0,188,283
01/20/2022,HWD,CA,AWP,WE,Towers with Radar,0,6,20,0,26,0,0,63,0,63,0,6,83,0,89,94,0,94,183
01/21/2022,HWD,CA,AWP,WE,Towers with Radar,0,5,18,0,23,0,0,82,3,85,0,5,100,3,108,166,0,166,274
01/22/2022,HWD,CA,AWP,WE,Towers with Radar,0,4,13,0,17,0,0,81,0,81,0,4,94,0,98,128,0,128,226
01/23/2022,HWD,CA,AWP,WE,Towers with Radar,0,4,25,0,29,0,1,127,0,128,0,5,152,0,157,218,0,218,375
01/24/2022,HWD,CA,AWP,WE,Towers with Radar,0,9,14,0,23,0,2,118,1,121,0,11,132,1,144,342,0,342,486
01/25/2022,HWD,CA,AWP,WE,Towers with Radar,0,2,26,0,28,0,0,70,1,71,0,2,96,1,99,104,0,104,203
01/26/2022,HWD,CA,AWP,WE,Towers with Radar,0,4,24,0,28,0,4,95,0,99,0,8,119,0,127,346,0,346,473
01/27/2022,HWD,CA,AWP,WE,Towers with Radar,0,5,20,0,25,0,0,133,2,135,0,5,153,2,160,282,0,282,442
01/28/2022,HWD,CA,AWP,WE,Towers with Radar,0,5,34,0,39,0,1,117,2,120,0,6,151,2,159,192,0,192,351
01/29/2022,HWD,CA,AWP,WE,Towers with Radar,0,1,18,0,19,0,1,131,0,132,0,2,149,0,151,432,0,432,583
01/30/2022,HWD,CA,AWP,WE,Towers with Radar,0,5,27,0,32,0,0,104,0,104,0,5,131,0,136,252,0,252,388
01/31/2022,HWD,CA,AWP,WE,Towers with Radar,0,7,12,0,19,0,1,116,1,118,0,8,128,1,137,144,0,144,281
02/01/2022,HWD,CA,AWP,WE,Towers with Radar,0,5,13,0,18,0,0,76,3,79,0,5,89,3,97,146,0,146,243
02/02/2022,HWD,CA,AWP,WE,Towers with Radar,0,3,12,0,15,0,0,20,0,20,0,3,32,0,35,22,0,22,57
02/03/2022,HWD,CA,AWP,WE,Towers with Radar,0,10,25,0,35,0,1,134,0,135,0,11,159,0,170,278,0,278,448
02/04/2022,HWD,CA,AWP,WE,Towers with Radar,0,5,35,0,40,0,1,145,3,149,0,6,180,3,189,291,0,291,480
02/05/2022,HWD,CA,AWP,WE,Towers with Radar,0,6,25,0,31,0,1,135,0,136,0,7,160,0,167,320,0,320,487
02/06/2022,HWD,CA,AWP,WE,Towers with Radar,0,11,22,0,33,0,2,132,0,134,0,13,154,0,167,378,0,378,545
02/07/2022,HWD,CA,AWP,WE,Towers with Radar,0,6,13,0,19,0,2,105,2,109,0,8,118,2,128,266,0,266,394
02/08/2022,HWD,CA,AWP,WE,Towers with Radar,0,4,21,0,25,0,0,143,2,145,0,4,164,2,170,340,0,340,510
02/09/2022,HWD,CA,AWP,WE,Towers with Radar,0,5,20,0,25,0,3,109,0,112,0,8,129,0,137,256,0,256,393
02/10/2022,HWD,CA,AWP,WE,Towers with Radar,0,9,14,0,23,15,1,121,4,141,15,10,135,4,164,224,0,224,388
02/11/2022,HWD,CA,AWP,WE,Towers with Radar,0,8,25,0,33,0,0,152,0,152,0,8,177,0,185,316,0,316,501
02/12/2022,HWD,CA,AWP,WE,Towers with Radar,0,4,24,0,28,0,0,169,0,169,0,4,193,0,197,232,0,232,429
02/13/2022,HWD,CA,AWP,WE,Towers with Radar,0,4,20,0,24,0,2,127,0,129,0,6,147,0,153,287,0,287,440
02/14/2022,HWD,CA,AWP,WE,Towers with Radar,0,5,19,0,24,0,1,51,2,54,0,6,70,2,78,56,0,56,134
02/15/2022,HWD,CA,AWP,WE,Towers with Radar,0,4,19,0,23,0,0,79,4,83,0,4,98,4,106,88,0,88,194
02/16/2022,HWD,CA,AWP,WE,Towers with Radar,0,4,28,0,32,0,0,109,2,111,0,4,137,2,143,214,0,214,357
02/17/2022,HWD,CA,AWP,WE,Towers with Radar,0,10,19,0,29,0,2,129,1,132,0,12,148,1,161,222,0,222,383
02/18/2022,HWD,CA,AWP,WE,Towers with Radar,0,11,27,0,38,0,1,145,2,148,0,12,172,2,186,310,0,310,496
02/19/2022,HWD,CA,AWP,WE,Towers with Radar,0,3,19,0,22,0,0,127,0,127,0,3,146,0,149,334,0,334,483
02/20/2022,HWD,CA,AWP,WE,Towers with Radar,0,5,24,0,29,0,0,87,0,87,0,5,111,0,116,210,0,210,326
02/21/2022,HWD,CA,AWP,WE,Towers with Radar,0,0,21,0,21,0,0,80,3,83,0,0,101,3,104,158,0,158,262
02/22/2022,HWD,CA,AWP,WE,Towers with Radar,0,9,12,0,21,0,0,73,0,73,0,9,85,0,94,133,0,133,227
02/23/2022,HWD,CA,AWP,WE,Towers with Radar,0,5,26,0,31,0,2,127,1,130,0,7,153,1,161,336,0,336,497
02/24/2022,HWD,CA,AWP,WE,Towers with Radar,0,6,22,0,28,0,0,127,2,129,0,6,149,2,157,364,0,364,521
02/25/2022,HWD,CA,AWP,WE,Towers with Radar,0,4,19,0,23,0,1,137,3,141,0,5,156,3,164,266,0,266,430
02/26/2022,HWD,CA,AWP,WE,Towers with Radar,0,5,16,0,21,0,2,133,1,136,0,7,149,1,157,346,0,346,503
02/27/2022,HWD,CA,AWP,WE,Towers with Radar,0,4,23,0,27,0,0,127,0,127,0,4,150,0,154,162,0,162,316
02/28/2022,HWD,CA,AWP,WE,Towers with Radar,0,8,16,0,24,0,2,110,0,112,0,10,126,0,136,207,0,207,343
03/01/2022,HWD,CA,AWP,WE,Towers with Radar,0,2,21,0,23,0,0,121,0,121,0,2,142,0,144,328,0,328,472
03/02/2022,HWD,CA,AWP,WE,Towers with Radar,0,6,18,0,24,0,0,113,2,115,0,6,131,2,139,247,0,247,386
03/03/2022,HWD,CA,AWP,WE,Towers with Radar,0,7,23,0,30,0,2,34,3,39,0,9,57,3,69,230,0,230,299
03/04/2022,HWD,CA,AWP,WE,Towers with Radar,0,5,18,0,23,0,0,28,0,28,0,5,46,0,51,100,0,100,151
03/05/2022,HWD,CA,AWP,WE,Towers with Radar,0,3,10,0,13,0,0,107,0,107,0,3,117,0,120,414,0,414,534
03/06/2022,HWD,CA,AWP,WE,Towers with Radar,0,10,15,0,25,0,0,138,0,138,0,10,153,0,163,214,0,214,377
03/07/2022,HWD,CA,AWP,WE,Towers with Radar,0,9,16,0,25,0,2,89,1,92,0,11,105,1,117,100,0,100,217
03/08/2022,HWD,CA,AWP,WE,Towers with Radar,0,8,15,0,23,0,1,110,1,112,0,9,125,1,135,128,0,128,263
03/09/2022,HWD,CA,AWP,WE,Towers with Radar,0,8,19,0,27,0,0,97,4,101,0,8,116,4,128,199,0,199,327
03/10/2022,HWD,CA,AWP,WE,Towers with Radar,0,7,20,0,27,0,0,87,0,87,0,7,107,0,114,120,0,120,234
03/11/2022,HWD,CA,AWP,WE,Towers with Radar,0,9,26,0,35,0,2,164,3,169,0,11,190,3,204,382,0,382,586
03/12/2022,HWD,CA,AWP,WE,Towers with Radar,0,3,13,0,16,0,0,146,0,146,0,3,159,0,162,346,0,346,508
03/13/2022,HWD,CA,AWP,WE,Towers with Radar,0,7,24,0,31,0,1,115,0,116,0,8,139,0,147,298,0,298,445
03/14/2022,HWD,CA,AWP,WE,Towers with Radar,0,5,14,0,19,0,0,120,0,120,0,5,134,0,139,203,0,203,342
03/15/2022,HWD,CA,AWP,WE,Towers with Radar,0,8,25,0,33,0,0,75,1,76,0,8,100,1,109,199,0,199,308
03/16/2022,HWD,CA,AWP,WE,Towers with Radar,0,6,32,0,38,0,2,108,3,113,0,8,140,3,151,309,0,309,460
03/17/2022,HWD,CA,AWP,WE,Towers with Radar,0,8,34,0,42,0,4,104,0,108,0,12,138,0,150,362,0,362,512
03/18/2022,HWD,CA,AWP,WE,Towers with Radar,0,6,28,0,34,0,1,137,2,140,0,7,165,2,174,286,0,286,460
03/19/2022,HWD,CA,AWP,WE,Towers with Radar,0,2,27,0,29,0,1,32,0,33,0,3,59,0,62,282,0,282,344
03/20/2022,HWD,CA,AWP,WE,Towers with Radar,0,11,27,0,38,0,1,145,0,146,0,12,172,0,184,242,0,242,426
03/21/2022,HWD,CA,AWP,WE,Towers with Radar,0,5,15,1,21,0,1,115,5,121,0,6,130,6,142,308,0,308,450
03/22/2022,HWD,CA,AWP,WE,Towers with Radar,0,6,19,0,25,0,0,101,3,104,0,6,120,3,129,304,0,304,433
03/23/2022,HWD,CA,AWP,WE,Towers with Radar,0,7,44,0,51,0,1,98,0,99,0,8,142,0,150,250,0,250,400
03/24/2022,HWD,CA,AWP,WE,Towers with Radar,0,3,23,0,26,0,0,114,2,116,0,3,137,2,142,294,0,294,436
03/25/2022,HWD,CA,AWP,WE,Towers with Radar,0,4,31,0,35,0,1,108,0,109,0,5,139,0,144,146,0,146,290
03/26/2022,HWD,CA,AWP,WE,Towers with Radar,0,2,35,0,37,0,0,142,0,142,0,2,177,0,179,472,0,472,651
03/27/2022,HWD,CA,AWP,WE,Towers with Radar,0,13,35,0,48,0,1,58,0,59,0,14,93,0,107,145,0,145,252
03/28/2022,HWD,CA,AWP,WE,Towers with Radar,0,7,12,0,19,0,0,45,0,45,0,7,57,0,64,193,0,193,257
03/29/2022,HWD,CA,AWP,WE,Towers with Radar,0,6,31,0,37,0,0,36,0,36,0,6,67,0,73,302,0,302,375
03/30/2022,HWD,CA,AWP,WE,Towers with Radar,0,9,27,0,36,0,0,58,4,62,0,9,85,4,98,304,0,304,402
03/31/2022,HWD,CA,AWP,WE,Towers with Radar,0,7,30,0,37,0,0,106,1,107,0,7,136,1,144,200,0,200,344
04/01/2022,HWD,CA,AWP,WE,Towers with Radar,0,6,25,0,31,0,0,138,0,138,0,6,163,0,169,327,0,327,496
04/02/2022,HWD,CA,AWP,WE,Towers with Radar,0,3,17,0,20,0,1,139,0,140,0,4,156,0,160,300,0,300,460
04/03/2022,HWD,CA,AWP,WE,Towers with Radar,0,2,23,0,25,0,0,125,0,125,0,2,148,0,150,126,0,126,276
04/04/2022,HWD,CA,AWP,WE,Towers with Radar,0,2,20,0,22,0,0,67,2,69,0,2,87,2,91,90,0,90,181
04/05/2022,HWD,CA,AWP,WE,Towers with Radar,0,1,15,0,16,0,1,86,4,91,0,2,101,4,107,216,0,216,323
04/06/2022,HWD,CA,AWP,WE,Towers with Radar,0,5,16,0,21,0,1,111,0,112,0,6,127,0,133,262,0,262,395
04/07/2022,HWD,CA,AWP,WE,Towers with Radar,0,6,25,0,31,0,2,102,1,105,0,8,127,1,136,206,0,206,342
04/08/2022,HWD,CA,AWP,WE,Towers with Radar,0,2,18,0,20,0,0,160,2,162,0,2,178,2,182,316,0,316,498
04/09/2022,HWD,CA,AWP,WE,Towers with Radar,0,7,13,0,20,0,1,127,1,129,0,8,140,1,149,285,0,285,434
04/10/2022,HWD,CA,AWP,WE,Towers with Radar,0,6,17,0,23,0,0,106,0,106,0,6,123,0,129,138,0,138,267
04/11/2022,HWD,CA,AWP,WE,Towers with Radar,0,4,12,0,16,0,1,4,1,6,0,5,16,1,22,0,0,0,22
04/12/2022,HWD,CA,AWP,WE,Towers with Radar,0,2,27,0,29,0,0,68,0,68,0,2,95,0,97,124,0,124,221
04/13/2022,HWD,CA,AWP,WE,Towers with Radar,0,8,28,0,36,0,0,109,0,109,0,8,137,0,145,237,0,237,382
04/14/2022,HWD,CA,AWP,WE,Towers with Radar,0,4,26,0,30,0,0,15,0,15,0,4,41,0,45,86,0,86,131
04/15/2022,HWD,CA,AWP,WE,Towers with Radar,0,5,32,0,37,0,0,163,5,168,0,5,195,5,205,280,0,280,485
04/16/2022,HWD,CA,AWP,WE,Towers with Radar,0,4,23,0,27,0,0,38,2,40,0,4,61,2,67,206,0,206,273
04/17/2022,HWD,CA,AWP,WE,Towers with Radar,0,6,16,0,22,0,0,116,0,116,0,6,132,0,138,214,0,214,352
04/18/2022,HWD,CA,AWP,WE,Towers with Radar,0,5,21,0,26,0,1,123,1,125,0,6,144,1,151,243,0,243,394
04/19/2022,HWD,CA,AWP,WE,Towers with Radar,0,6,18,0,24,0,0,87,0,87,0,6,105,0,111,136,0,136,247
04/20/2022,HWD,CA,AWP,WE,Towers with Radar,1,5,26,0,32,0,2,99,0,101,1,7,125,0,133,104,0,104,237
04/21/2022,HWD,CA,AWP,WE,Towers with Radar,0,3,18,0,21,0,1,40,0,41,0,4,58,0,62,168,0,168,230
04/22/2022,HWD,CA,AWP,WE,Towers with Radar,0,12,35,0,47,0,1,113,2,116,0,13,148,2,163,278,0,278,441
04/23/2022,HWD,CA,AWP,WE,Towers with Radar,0,0,16,0,16,0,0,167,0,167,0,0,183,0,183,316,0,316,499
04/24/2022,HWD,CA,AWP,WE,Towers with Radar,0,8,29,0,37,0,0,170,0,170,0,8,199,0,207,406,0,406,613
04/25/2022,HWD,CA,AWP,WE,Towers with Radar,0,6,12,0,18,0,2,106,0,108,0,8,118,0,126,206,0,206,332
04/26/2022,HWD,CA,AWP,WE,Towers with Radar,0,2,23,0,25,0,2,101,0,103,0,4,124,0,128,88,0,88,216
04/27/2022,HWD,CA,AWP,WE,Towers with Radar,0,1,24,0,25,0,0,97,0,97,0,1,121,0,122,285,0,285,407
04/28/2022,HWD,CA,AWP,WE,Towers with Radar,0,7,21,0,28,0,0,61,1,62,0,7,82,1,90,68,0,68,158
04/29/2022,HWD,CA,AWP,WE,Towers with Radar,0,7,26,0,33,0,1,119,0,120,0,8,145,0,153,185,0,185,338
04/30/2022,HWD,CA,AWP,WE,Towers with Radar,0,1,20,0,21,0,2,128,0,130,0,3,148,0,151,298,0,298,449
05/01/2022,HWD,CA,AWP,WE,Towers with Radar,0,6,22,0,28,0,0,129,0,129,0,6,151,0,157,240,0,240,397
05/02/2022,HWD,CA,AWP,WE,Towers with Radar,0,0,18,0,18,0,1,48,2,51,0,1,66,2,69,79,0,79,148
05/03/2022,HWD,CA,AWP,WE,Towers with Radar,0,2,16,0,18,0,3,124,5,132,0,5,140,5,150,266,0,266,416
05/04/2022,HWD,CA,AWP,WE,Towers with Radar,0,5,22,0,27,0,4,123,1,128,0,9,145,1,155,318,0,318,473
05/05/2022,HWD,CA,AWP,WE,Towers with Radar,0,3,26,0,29,0,0,95,3,98,0,3,121,3,127,306,0,306,433
05/06/2022,HWD,CA,AWP,WE,Towers with Radar,0,4,34,0,38,0,1,78,3,82,0,5,112,3,120,144,0,144,264
05/07/2022,HWD,CA,AWP,WE,Towers with Radar,0,2,19,0,21,0,0,110,0,110,0,2,129,0,131,254,0,254,385
05/08/2022,HWD,CA,AWP,WE,Towers with Radar,0,4,18,0,22,0,1,28,0,29,0,5,46,0,51,30,0,30,81
05/09/2022,HWD,CA,AWP,WE,Towers with Radar,1,5,20,0,26,0,0,79,1,80,1,5,99,1,106,260,0,260,366
05/10/2022,HWD,CA,AWP,WE,Towers with Radar,0,6,21,0,27,0,0,95,0,95,0,6,116,0,122,256,0,256,378
05/11/2022,HWD,CA,AWP,WE,Towers with Radar,0,3,26,0,29,0,0,89,1,90,0,3,115,1,119,204,0,204,323
05/12/2022,HWD,CA,AWP,WE,Towers with Radar,0,8,16,0,24,0,0,101,5,106,0,8,117,5,130,138,0,138,268
05/13/2022,HWD,CA,AWP,WE,Towers with Radar,0,1,19,0,20,0,2,152,1,155,0,3,171,1,175,356,0,356,531
05/14/2022,HWD,CA,AWP,WE,Towers with Radar,0,2,17,0,19,0,0,150,1,151,0,2,167,1,170,334,0,334,504
05/15/2022,HWD,CA,AWP,WE,Towers with Radar,0,5,35,0,40,0,0,73,0,73,0,5,108,0,113,132,0,132,245
05/16/2022,HWD,CA,AWP,WE,Towers with Radar,2,3,24,0,29,0,0,64,2,66,2,3,88,2,95,212,0,212,307
05/17/2022,HWD,CA,AWP,WE,Towers with Radar,0,6,20,0,26,0,1,120,3,124,0,7,140,3,150,246,0,246,396
05/18/2022,HWD,CA,AWP,WE,Towers with Radar,0,6,25,0,31,0,1,132,0,133,0,7,157,0,164,326,0,326,490
05/19/2022,HWD,CA,AWP,WE,Towers with Radar,0,0,26,0,26,0,0,113,4,117,0,0,139,4,143,228,0,228,371
05/20/2022,HWD,CA,AWP,WE,Towers with Radar,0,2,22,0,24,0,2,88,3,93,0,4,110,3,117,76,0,76,193
05/21/2022,HWD,CA,AWP,WE,Towers with Radar,0,6,23,0,29,0,0,155,0,155,0,6,178,0,184,326,0,326,510
05/22/2022,HWD,CA,AWP,WE,Towers with Radar,0,3,22,0,25,0,0,121,0,121,0,3,143,0,146,322,0,322,468
05/23/2022,HWD,CA,AWP,WE,Towers with Radar,0,0,12,0,12,0,0,117,4,121,0,0,129,4,133,276,0,276,409
05/24/2022,HWD,CA,AWP,WE,Towers with Radar,0,2,10,0,12,0,1,53,0,54,0,3,63,0,66,134,0,134,200
05/25/2022,HWD,CA,AWP,WE,Towers with Radar,0,4,29,0,33,0,0,120,2,122,0,4,149,2,155,206,0,206,361
05/26/2022,HWD,CA,AWP,WE,Towers with Radar,0,0,13,0,13,0,0,89,3,92,0,0,102,3,105,192,0,192,297
05/27/2022,HWD,CA,AWP,WE,Towers with Radar,0,4,19,0,23,0,0,80,3,83,0,4,99,3,106,156,0,156,262
05/28/2022,HWD,CA,AWP,WE,Towers with Radar,0,2,12,0,14,0,0,96,0,96,0,2,108,0,110,324,0,324,434
05/29/2022,HWD,CA,AWP,WE,Towers with Radar,0,0,11,0,11,0,0,101,0,101,0,0,112,0,112,270,0,270,382
05/30/2022,HWD,CA,AWP,WE,Towers with Radar,0,4,24,0,28,0,1,140,0,141,0,5,164,0,169,310,0,310,479
05/31/2022,HWD,CA,AWP,WE,Towers with Radar,0,8,21,0,29,0,1,116,0,117,0,9,137,0,146,226,0,226,372
06/01/2022,HWD,CA,AWP,WE,Towers with Radar,0,0,26,0,26,0,0,100,0,100,0,0,126,0,126,228,0,228,354
06/02/2022,HWD,CA,AWP,WE,Towers with Radar,0,2,14,0,16,0,0,91,2,93,0,2,105,2,109,130,0,130,239
06/03/2022,HWD,CA,AWP,WE,Towers with Radar,0,7,34,0,41,0,0,60,0,60,0,7,94,0,101,205,0,205,306
06/04/2022,HWD,CA,AWP,WE,Towers with Radar,0,2,28,0,30,0,0,127,0,127,0,2,155,0,157,368,0,368,525
06/05/2022,HWD,CA,AWP,WE,Towers with Radar,0,6,27,0,33,0,0,51,1,52,0,6,78,1,85,172,0,172,257
06/06/2022,HWD,CA,AWP,WE,Towers with Radar,0,2,16,0,18,0,0,108,0,108,0,2,124,0,126,272,0,272,398
06/07/2022,HWD,CA,AWP,WE,Towers with Radar,0,6,18,0,24,0,2,137,1,140,0,8,155,1,164,360,0,360,524
06/08/2022,HWD,CA,AWP,WE,Towers with Radar,0,5,39,0,44,0,0,107,3,110,0,5,146,3,154,250,0,250,404
06/09/2022,HWD,CA,AWP,WE,Towers with Radar,0,13,32,0,45,0,0,150,1,151,0,13,182,1,196,316,0,316,512
06/10/2022,HWD,CA,AWP,WE,Towers with Radar,0,5,32,0,37,0,2,146,1,149,0,7,178,1,186,355,0,355,541
06/11/2022,HWD,CA,AWP,WE,Towers with Radar,0,4,27,0,31,0,1,145,0,146,0,5,172,0,177,244,0,244,421
06/12/2022,HWD,CA,AWP,WE,Towers with Radar,0,2,30,0,32,0,0,69,0,69,0,2,99,0,101,262,0,262,363
06/13/2022,HWD,CA,AWP,WE,Towers with Radar,0,4,21,0,25,0,1,109,2,112,0,5,130,2,137,278,0,278,415
06/14/2022,HWD,CA,AWP,WE,Towers with Radar,1,2,19,0,22,0,1,114,0,115,1,3,133,0,137,360,0,360,497
06/15/2022,HWD,CA,AWP,WE,Towers with Radar,0,3,29,0,32,0,0,124,2,126,0,3,153,2,158,331,0,331,489
06/16/2022,HWD,CA,AWP,WE,Towers with Radar,0,1,19,0,20,0,0,93,4,97,0,1,112,4,117,194,0,194,311
06/17/2022,HWD,CA,AWP,WE,Towers with Radar,0,3,24,0,27,0,0,88,0,88,0,3,112,0,115,262,0,262,377
06/18/2022,HWD,CA,AWP,WE,Towers with Radar,0,1,25,0,26,0,1,104,0,105,0,2,129,0,131,294,0,294,425
06/19/2022,HWD,CA,AWP,WE,Towers with Radar,0,3,24,0,27,0,0,129,0,129,0,3,153,0,156,231,0,231,387
06/20/2022,HWD,CA,AWP,WE,Towers with Radar,0,6,25,0,31,0,1,133,6,140,0,7,158,6,171,316,0,316,487
06/21/2022,HWD,CA,AWP,WE,Towers with Radar,0,4,7,0,11,0,0,97,0,97,0,4,104,0,108,270,0,270,378
06/22/2022,HWD,CA,AWP,WE,Towers with Radar,0,8,17,0,25,0,0,107,0,107,0,8,124,0,132,306,0,306,438
06/23/2022,HWD,CA,AWP,WE,Towers with Radar,0,3,16,0,19,0,1,104,1,106,0,4,120,1,125,305,0,305,430
06/24/2022,HWD,CA,AWP,WE,Towers with Radar,0,6,19,0,25,0,0,130,0,130,0,6,149,0,155,214,0,214,369
06/25/2022,HWD,CA,AWP,WE,Towers with Radar,0,1,13,0,14,0,1,133,0,134,0,2,146,0,148,246,0,246,394
06/26/2022,HWD,CA,AWP,WE,Towers with Radar,0,13,33,0,46,0,1,128,0,129,0,14,161,0,175,172,0,172,347
06/27/2022,HWD,CA,AWP,WE,Towers with Radar,0,6,11,0,17,0,1,90,0,91,0,7,101,0,108,180,0,180,288
06/28/2022,HWD,CA,AWP,WE,Towers with Radar,0,2,14,0,16,0,0,123,2,125,0,2,137,2,141,344,0,344,485
06/29/2022,HWD,CA,AWP,WE,Towers with Radar,0,4,30,0,34,0,1,87,0,88,0,5,117,0,122,254,0,254,376
06/30/2022,HWD,CA,AWP,WE,Towers with Radar,1,6,23,0,30,0,2,88,2,92,1,8,111,2,122,218,0,218,340
07/01/2022,HWD,CA,AWP,WE,Towers with Radar,0,6,37,0,43,0,0,92,0,92,0,6,129,0,135,194,0,194,329
07/02/2022,HWD,CA,AWP,WE,Towers with Radar,0,7,41,0,48,0,0,28,0,28,0,7,69,0,76,90,0,90,166
07/03/2022,HWD,CA,AWP,WE,Towers with Radar,0,6,11,0,17,0,0,58,0,58,0,6,69,0,75,164,0,164,239
07/04/2022,HWD,CA,AWP,WE,Towers with Radar,1,1,17,0,19,0,0,66,0,66,1,1,83,0,85,314,0,314,399
07/05/2022,HWD,CA,AWP,WE,Towers with Radar,0,2,36,0,38,0,0,86,0,86,0,2,122,0,124,280,0,280,404
07/06/2022,HWD,CA,AWP,WE,Towers with Radar,0,3,18,1,22,0,1,87,1,89,0,4,105,2,111,300,0,300,411
07/07/2022,HWD,CA,AWP,WE,Towers with Radar,1,1,27,0,29,0,1,74,0,75,1,2,101,0,104,238,0,238,342
07/08/2022,HWD,CA,AWP,WE,Towers with Radar,1,1,21,0,23,0,2,149,0,151,1,3,170,0,174,450,0,450,624
07/09/2022,HWD,CA,AWP,WE,Towers with Radar,0,3,20,0,23,0,1,127,0,128,0,4,147,0,151,204,0,204,355
07/10/2022,HWD,CA,AWP,WE,Towers with Radar,0,5,25,0,30,0,0,142,0,142,0,5,167,0,172,216,0,216,388
07/11/2022,HWD,CA,AWP,WE,Towers with Radar,0,4,22,0,26,0,0,100,0,100,0,4,122,0,126,200,0,200,326
07/12/2022,HWD,CA,AWP,WE,Towers with Radar,0,4,27,0,31,0,0,112,0,112,0,4,139,0,143,234,0,234,377
07/13/2022,HWD,CA,AWP,WE,Towers with Radar,0,4,25,0,29,0,0,121,0,121,0,4,146,0,150,430,0,430,580
07/14/2022,HWD,CA,AWP,WE,Towers with Radar,1,5,21,0,27,0,0,108,1,109,1,5,129,1,136,260,0,260,396
07/15/2022,HWD,CA,AWP,WE,Towers with Radar,0,5,35,0,40,0,0,124,5,129,0,5,159,5,169,414,0,414,583
07/16/2022,HWD,CA,AWP,WE,Towers with Radar,0,3,12,0,15,0,0,127,1,128,0,3,139,1,143,351,0,351,494
07/17/2022,HWD,CA,AWP,WE,Towers with Radar,0,5,27,0,32,0,0,142,4,146,0,5,169,4,178,224,0,224,402
07/18/2022,HWD,CA,AWP,WE,Towers with Radar,0,2,20,0,22,0,1,89,2,92,0,3,109,2,114,188,0,188,302
07/19/2022,HWD,CA,AWP,WE,Towers with Radar,0,4,17,0,21,0,0,105,0,105,0,4,122,0,126,226,12,238,364
07/20/2022,HWD,CA,AWP,WE,Towers with Radar,0,2,22,0,24,0,0,99,1,100,0,2,121,1,124,318,0,318,442
07/21/2022,HWD,CA,AWP,WE,Towers with Radar,0,5,24,0,29,0,1,94,0,95,0,6,118,0,124,286,0,286,410
07/22/2022,HWD,CA,AWP,WE,Towers with Radar,0,2,20,0,22,0,1,124,0,125,0,3,144,0,147,321,0,321,468
07/23/2022,HWD,CA,AWP,WE,Towers with Radar,0,3,45,0,48,0,0,133,0,133,0,3,178,0,181,270,0,270,451
07/24/2022,HWD,CA,AWP,WE,Towers with Radar,0,5,31,0,36,0,3,97,0,100,0,8,128,0,136,202,0,202,338
07/25/2022,HWD,CA,AWP,WE,Towers with Radar,0,1,13,0,14,0,4,74,2,80,0,5,87,2,94,162,0,162,256
07/26/2022,HWD,CA,AWP,WE,Towers with Radar,1,2,27,0,30,0,0,103,1,104,1,2,130,1,134,170,0,170,304
07/27/2022,HWD,CA,AWP,WE,Towers with Radar,0,3,31,0,34,0,0,108,0,108,0,3,139,0,142,150,0,150,292
07/28/2022,HWD,CA,AWP,WE,Towers with Radar,0,9,32,0,41,0,0,65,2,67,0,9,97,2,108,120,0,120,228
07/29/2022,HWD,CA,AWP,WE,Towers with Radar,0,5,50,0,55,0,2,103,0,105,0,7,153,0,160,194,0,194,354
07/30/2022,HWD,CA,AWP,WE,Towers with Radar,0,2,29,0,31,0,0,95,0,95,0,2,124,0,126,170,0,170,296
07/31/2022,HWD,CA,AWP,WE,Towers with Radar,0,9,29,0,38,0,2,99,2,103,0,11,128,2,141,210,0,210,351
08/01/2022,HWD,CA,AWP,WE,Towers with Radar,0,8,15,0,23,0,4,99,0,103,0,12,114,0,126,238,0,238,364
08/02/2022,HWD,CA,AWP,WE,Towers with Radar,0,6,22,0,28,0,4,118,0,122,0,10,140,0,150,228,0,228,378
08/03/2022,HWD,CA,AWP,WE,Towers with Radar,0,6,29,0,35,0,2,138,0,140,0,8,167,0,175,262,0,262,437
08/04/2022,HWD,CA,AWP,WE,Towers with Radar,0,9,25,0,34,0,0,105,0,105,0,9,130,0,139,256,0,256,395
08/05/2022,HWD,CA,AWP,WE,Towers with Radar,0,5,30,0,35,0,1,109,0,110,0,6,139,0,145,264,0,264,409
08/06/2022,HWD,CA,AWP,WE,Towers with Radar,0,5,34,0,39,0,1,180,0,181,0,6,214,0,220,300,0,300,520
08/07/2022,HWD,CA,AWP,WE,Towers with Radar,0,3,23,0,26,0,1,109,0,110,0,4,132,0,136,286,0,286,422
08/08/2022,HWD,CA,AWP,WE,Towers with Radar,0,5,19,0,24,0,0,89,0,89,0,5,108,0,113,228,0,228,341
08/09/2022,HWD,CA,AWP,WE,Towers with Radar,0,4,19,0,23,0,0,102,0,102,0,4,121,0,125,228,0,228,353
08/10/2022,HWD,CA,AWP,WE,Towers with Radar,0,4,25,0,29,0,0,106,0,106,0,4,131,0,135,264,0,264,399
08/11/2022,HWD,CA,AWP,WE,Towers with Radar,0,2,25,0,27,0,1,100,0,101,0,3,125,0,128,298,0,298,426
08/12/2022,HWD,CA,AWP,WE,Towers with Radar,1,3,19,0,23,0,0,120,1,121,1,3,139,1,144,252,0,252,396
08/13/2022,HWD,CA,AWP,WE,Towers with Radar,0,3,14,0,17,0,4,125,0,129,0,7,139,0,146,360,0,360,506
08/14/2022,HWD,CA,AWP,WE,Towers with Radar,0,5,20,0,25,0,4,133,0,137,0,9,153,0,162,254,0,254,416
08/15/2022,HWD,CA,AWP,WE,Towers with Radar,0,1,17,0,18,0,0,80,0,80,0,1,97,0,98,170,0,170,268
08/16/2022,HWD,CA,AWP,WE,Towers with Radar,0,4,15,0,19,0,0,106,0,106,0,4,121,0,125,172,0,172,297
08/17/2022,HWD,CA,AWP,WE,Towers with Radar,0,5,8,0,13,0,0,128,1,129,0,5,136,1,142,242,0,242,384
08/18/2022,HWD,CA,AWP,WE,Towers with Radar,0,4,21,0,25,0,1,122,1,124,0,5,143,1,149,167,0,167,316
08/19/2022,HWD,CA,AWP,WE,Towers with Radar,0,5,19,0,24,0,2,86,0,88,0,7,105,0,112,282,0,282,394
08/20/2022,HWD,CA,AWP,WE,Towers with Radar,1,2,21,0,24,0,1,136,0,137,1,3,157,0,161,354,0,354,515
08/21/2022,HWD,CA,AWP,WE,Towers with Radar,0,8,11,0,19,0,1,135,0,136,0,9,146,0,155,184,0,184,339
08/22/2022,HWD,CA,AWP,WE,Towers with Radar,0,7,23,0,30,0,0,88,0,88,0,7,111,0,118,220,0,220,338
08/23/2022,HWD,CA,AWP,WE,Towers with Radar,1,3,19,0,23,0,0,119,0,119,1,3,138,0,142,158,0,158,300
08/24/2022,HWD,CA,AWP,WE,Towers with Radar,1,5,33,0,39,0,0,92,0,92,1,5,125,0,131,260,0,260,391
08/25/2022,HWD,CA,AWP,WE,Towers with Radar,0,1,22,0,23,0,0,95,0,95,0,1,117,0,118,210,0,210,328
08/26/2022,HWD,CA,AWP,WE,Towers with Radar,0,1,29,0,30,0,0,110,0,110,0,1,139,0,140,224,0,224,364
08/27/2022,HWD,CA,AWP,WE,Towers with Radar,0,7,16,0,23,0,4,132,0,136,0,11,148,0,159,222,0,222,381
08/28/2022,HWD,CA,AWP,WE,Towers with Radar,0,12,31,0,43,0,0,95,0,95,0,12,126,0,138,290,0,290,428
08/29/2022,HWD,CA,AWP,WE,Towers with Radar,0,3,21,0,24,0,1,108,0,109,0,4,129,0,133,274,0,274,407
08/30/2022,HWD,CA,AWP,WE,Towers with Radar,0,2,26,0,28,0,0,105,0,105,0,2,131,0,133,252,0,252,385
08/31/2022,HWD,CA,AWP,WE,Towers with Radar,0,3,25,0,28,0,1,123,0,124,0,4,148,0,152,318,0,318,470
09/01/2022,HWD,CA,AWP,WE,Towers with Radar,0,4,21,0,25,0,2,102,1,105,0,6,123,1,130,222,0,222,352
09/02/2022,HWD,CA,AWP,WE,Towers with Radar,0,4,31,0,35,0,0,82,0,82,0,4,113,0,117,230,0,230,347
09/03/2022,HWD,CA,AWP,WE,Towers with Radar,0,1,11,0,12,0,0,137,0,137,0,1,148,0,149,300,0,300,449
09/04/2022,HWD,CA,AWP,WE,Towers with Radar,0,3,12,0,15,0,0,113,0,113,0,3,125,0,128,292,0,292,420
09/05/2022,HWD,CA,AWP,WE,Towers with Radar,0,3,19,0,22,0,0,116,0,116,0,3,135,0,138,154,0,154,292
09/06/2022,HWD,CA,AWP,WE,Towers with Radar,0,0,11,0,11,0,1,88,0,89,0,1,99,0,100,112,0,112,212
09/07/2022,HWD,CA,AWP,WE,Towers with Radar,0,2,19,0,21,0,0,79,0,79,0,2,98,0,100,100,0,100,200
09/08/2022,HWD,CA,AWP,WE,Towers with Radar,0,3,22,0,25,0,0,110,0,110,0,3,132,0,135,151,0,151,286
09/09/2022,HWD,CA,AWP,WE,Towers with Radar,0,4,21,0,25,0,0,110,1,111,0,4,131,1,136,198,0,198,334
09/10/2022,HWD,CA,AWP,WE,Towers with Radar,0,2,16,0,18,0,0,128,0,128,0,2,144,0,146,448,0,448,594
09/11/2022,HWD,CA,AWP,WE,Towers with Radar,0,3,15,0,18,0,0,169,0,169,0,3,184,0,187,110,0,110,297
09/12/2022,HWD,CA,AWP,WE,Towers with Radar,0,4,17,0,21,0,0,89,0,89,0,4,106,0,110,240,0,240,350
09/13/2022,HWD,CA,AWP,WE,Towers with Radar,1,3,19,0,23,0,0,76,1,77,1,3,95,1,100,188,0,188,288
09/14/2022,HWD,CA,AWP,WE,Towers with Radar,1,3,32,0,36,0,0,79,1,80,1,3,111,1,116,360,0,360,476
09/15/2022,HWD,CA,AWP,WE,Towers with Radar,0,4,32,0,36,0,1,82,0,83,0,5,114,0,119,332,0,332,451
09/16/2022,HWD,CA,AWP,WE,Towers with Radar,0,3,20,0,23,0,1,135,3,139,0,4,155,3,162,384,0,384,546
09/17/2022,HWD,CA,AWP,WE,Towers with Radar,0,0,19,0,19,0,1,93,0,94,0,1,112,0,113,326,0,326,439
09/18/2022,HWD,CA,AWP,WE,Towers with Radar,0,10,20,0,30,0,0,20,0,20,0,10,40,0,50,42,0,42,92
09/19/2022,HWD,CA,AWP,WE,Towers with Radar,0,0,18,0,18,0,0,52,0,52,0,0,70,0,70,188,0,188,258
09/20/2022,HWD,CA,AWP,WE,Towers with Radar,0,3,22,0,25,0,0,103,0,103,0,3,125,0,128,334,0,334,462
09/21/2022,HWD,CA,AWP,WE,Towers with Radar,0,1,27,0,28,0,1,97,0,98,0,2,124,0,126,276,0,276,402
09/22/2022,HWD,CA,AWP,WE,Towers with Radar,1,5,23,0,29,0,0,113,0,113,1,5,136,0,142,316,0,316,458
09/23/2022,HWD,CA,AWP,WE,Towers with Radar,0,12,34,0,46,0,0,188,0,188,0,12,222,0,234,364,0,364,598
09/24/2022,HWD,CA,AWP,WE,Towers with Radar,0,0,22,0,22,0,1,252,1,254,0,1,274,1,276,232,0,232,508
09/25/2022,HWD,CA,AWP,WE,Towers with Radar,0,14,47,0,61,0,0,174,0,174,0,14,221,0,235,216,0,216,451
09/26/2022,HWD,CA,AWP,WE,Towers with Radar,0,6,21,0,27,0,1,70,0,71,0,7,91,0,98,282,0,282,380
09/27/2022,HWD,CA,AWP,WE,Towers with Radar,0,3,13,0,16,0,1,118,1,120,0,4,131,1,136,298,0,298,434
09/28/2022,HWD,CA,AWP,WE,Towers with Radar,2,2,38,0,42,0,0,101,0,101,2,2,139,0,143,292,0,292,435
09/29/2022,HWD,CA,AWP,WE,Towers with Radar,1,2,21,0,24,0,2,96,0,98,1,4,117,0,122,320,0,320,442
09/30/2022,HWD,CA,AWP,WE,Towers with Radar,0,2,38,0,40,0,5,195,0,200,0,7,233,0,240,208,0,208,448
10/01/2022,HWD,CA,AWP,WE,Towers with Radar,0,0,59,0,59,0,0,127,1,128,0,0,186,1,187,388,0,388,575
10/02/2022,HWD,CA,AWP,WE,Towers with Radar,0,2,39,0,41,0,0,152,0,152,0,2,191,0,193,300,0,300,493
10/03/2022,HWD,CA,AWP,WE,Towers with Radar,0,1,16,1,18,0,0,120,0,120,0,1,136,1,138,308,0,308,446
10/04/2022,HWD,CA,AWP,WE,Towers with Radar,0,1,20,0,21,0,0,90,0,90,0,1,110,0,111,188,0,188,299
10/05/2022,HWD,CA,AWP,WE,Towers with Radar,0,13,29,1,43,0,1,89,0,90,0,14,118,1,133,238,0,238,371
10/06/2022,HWD,CA,AWP,WE,Towers with Radar,0,3,25,0,28,0,1,90,0,91,0,4,115,0,119,270,0,270,389
10/07/2022,HWD,CA,AWP,WE,Towers with Radar,0,1,27,1,29,0,0,135,1,136,0,1,162,2,165,180,0,180,345
10/08/2022,HWD,CA,AWP,WE,Towers with Radar,0,2,24,0,26,0,1,162,0,163,0,3,186,0,189,204,0,204,393
10/09/2022,HWD,CA,AWP,WE,Towers with Radar,1,1,58,0,60,0,1,158,0,159,1,2,216,0,219,142,0,142,361
10/10/2022,HWD,CA,AWP,WE,Towers with Radar,0,5,77,0,82,0,0,109,0,109,0,5,186,0,191,180,0,180,371
10/11/2022,HWD,CA,AWP,WE,Towers with Radar,0,6,34,0,40,0,0,102,4,106,0,6,136,4,146,236,0,236,382
10/12/2022,HWD,CA,AWP,WE,Towers with Radar,0,9,25,0,34,0,0,80,0,80,0,9,105,0,114,172,0,172,286
10/13/2022,HWD,CA,AWP,WE,Towers with Radar,0,4,27,1,32,0,0,77,0,77,0,4,104,1,109,346,0,346,455
10/14/2022,HWD,CA,AWP,WE,Towers with Radar,0,3,23,0,26,0,0,73,0,73,0,3,96,0,99,180,0,180,279
10/15/2022,HWD,CA,AWP,WE,Towers with Radar,0,1,42,0,43,0,0,90,0,90,0,1,132,0,133,316,0,316,449
10/16/2022,HWD,CA,AWP,WE,Towers with Radar,0,5,44,0,49,0,1,120,1,122,0,6,164,1,171,344,0,344,515
10/17/2022,HWD,CA,AWP,WE,Towers with Radar,0,3,17,0,20,0,2,101,1,104,0,5,118,1,124,268,0,268,392
10/18/2022,HWD,CA,AWP,WE,Towers with Radar,0,3,21,0,24,0,0,93,0,93,0,3,114,0,117,330,0,330,447
10/19/2022,HWD,CA,AWP,WE,Towers with Radar,0,5,26,0,31,0,1,78,0,79,0,6,104,0,110,334,0,334,444
10/20/2022,HWD,CA,AWP,WE,Towers with Radar,0,3,24,0,27,0,1,108,0,109,0,4,132,0,136,208,0,208,344
10/21/2022,HWD,CA,AWP,WE,Towers with Radar,0,3,35,0,38,0,0,93,0,93,0,3,128,0,131,166,0,166,297
10/22/2022,HWD,CA,AWP,WE,Towers with Radar,0,8,42,0,50,0,0,151,0,151,0,8,193,0,201,276,0,276,477
10/23/2022,HWD,CA,AWP,WE,Towers with Radar,0,1,27,0,28,0,5,204,1,210,0,6,231,1,238,292,0,292,530
10/24/2022,HWD,CA,AWP,WE,Towers with Radar,0,8,45,0,53,0,1,171,0,172,0,9,216,0,225,306,0,306,531
10/25/2022,HWD,CA,AWP,WE,Towers with Radar,0,4,25,0,29,0,3,124,1,128,0,7,149,1,157,304,0,304,461
10/26/2022,HWD,CA,AWP,WE,Towers with Radar,0,1,23,0,24,0,0,104,0,104,0,1,127,0,128,312,0,312,440
10/27/2022,HWD,CA,AWP,WE,Towers with Radar,0,4,16,0,20,0,0,112,0,112,0,4,128,0,132,214,0,214,346
10/28/2022,HWD,CA,AWP,WE,Towers with Radar,0,5,22,0,27,0,1,126,0,127,0,6,148,0,154,352,0,352,506
10/29/2022,HWD,CA,AWP,WE,Towers with Radar,0,5,19,0,24,0,2,139,0,141,0,7,158,0,165,350,0,350,515
10/30/2022,HWD,CA,AWP,WE,Towers with Radar,0,2,25,0,27,0,0,90,0,90,0,2,115,0,117,168,0,168,285
10/31/2022,HWD,CA,AWP,WE,Towers with Radar,0,0,13,0,13,0,0,66,0,66,0,0,79,0,79,80,0,80,159
11/01/2022,HWD,CA,AWP,WE,Towers with Radar,0,0,22,0,22,0,0,14,0,14,0,0,36,0,36,58,0,58,94
11/02/2022,HWD,CA,AWP,WE,Towers with Radar,0,3,20,0,23,0,1,70,0,71,0,4,90,0,94,268,0,268,362
11/03/2022,HWD,CA,AWP,WE,Towers with Radar,0,0,25,0,25,0,3,89,1,93,0,3,114,1,118,336,0,336,454
11/04/2022,HWD,CA,AWP,WE,Towers with Radar,0,3,17,0,20,0,0,85,0,85,0,3,102,0,105,466,0,466,571
11/05/2022,HWD,CA,AWP,WE,Towers with Radar,0,1,28,0,29,0,0,18,0,18,0,1,46,0,47,146,0,146,193
11/06/2022,HWD,CA,AWP,WE,Towers with Radar,0,6,25,0,31,0,0,113,0,113,0,6,138,0,144,434,0,434,578
11/07/2022,HWD,CA,AWP,WE,Towers with Radar,0,5,14,0,19,0,1,45,0,46,0,6,59,0,65,204,0,204,269
11/08/2022,HWD,CA,AWP,WE,Towers with Radar,0,0,6,0,6,0,0,10,1,11,0,0,16,1,17,6,0,6,23
11/09/2022,HWD,CA,AWP,WE,Towers with Radar,0,1,26,0,27,0,0,75,0,75,0,1,101,0,102,178,0,178,280
11/10/2022,HWD,CA,AWP,WE,Towers with Radar,1,7,15,0,23,0,0,114,0,114,1,7,129,0,137,198,0,198,335
11/11/2022,HWD,CA,AWP,WE,Towers with Radar,0,1,16,0,17,0,1,152,2,155,0,2,168,2,172,250,0,250,422
11/12/2022,HWD,CA,AWP,WE,Towers with Radar,0,1,15,0,16,0,2,130,2,134,0,3,145,2,150,418,0,418,568
11/13/2022,HWD,CA,AWP,WE,Towers with Radar,0,4,26,0,30,0,0,138,0,138,0,4,164,0,168,266,0,266,434
11/14/2022,HWD,CA,AWP,WE,Towers with Radar,0,1,13,0,14,0,0,109,1,110,0,1,122,1,124,158,0,158,282
11/15/2022,HWD,CA,AWP,WE,Towers with Radar,0,6,17,0,23,0,3,114,3,120,0,9,131,3,143,188,0,188,331
11/16/2022,HWD,CA,AWP,WE,Towers with Radar,0,7,17,0,24,0,1,101,0,102,0,8,118,0,126,314,0,314,440
11/17/2022,HWD,CA,AWP,WE,Towers with Radar,0,0,15,0,15,0,0,116,1,117,0,0,131,1,132,283,0,283,415
11/18/2022,HWD,CA,AWP,WE,Towers with Radar,0,3,16,0,19,0,0,111,0,111,0,3,127,0,130,282,0,282,412
11/19/2022,HWD,CA,AWP,WE,Towers with Radar,0,4,20,0,24,0,0,136,0,136,0,4,156,0,160,348,0,348,508
11/20/2022,HWD,CA,AWP,WE,Towers with Radar,0,1,19,0,20,0,0,116,0,116,0,1,135,0,136,350,0,350,486
11/21/2022,HWD,CA,AWP,WE,Towers with Radar,0,2,9,0,11,0,0,90,0,90,0,2,99,0,101,258,0,258,359
11/22/2022,HWD,CA,AWP,WE,Towers with Radar,0,0,17,0,17,0,1,105,1,107,0,1,122,1,124,292,0,292,416
11/23/2022,HWD,CA,AWP,WE,Towers with Radar,0,2,27,0,29,0,1,138,0,139,0,3,165,0,168,358,0,358,526
11/24/2022,HWD,CA,AWP,WE,Towers with Radar,0,3,4,0,7,0,0,71,0,71,0,3,75,0,78,128,0,128,206
11/25/2022,HWD,CA,AWP,WE,Towers with Radar,1,0,12,0,13,0,0,74,0,74,1,0,86,0,87,178,0,178,265
11/26/2022,HWD,CA,AWP,WE,Towers with Radar,0,2,24,0,26,0,0,112,0,112,0,2,136,0,138,222,0,222,360
11/27/2022,HWD,CA,AWP,WE,Towers with Radar,0,1,31,0,32,0,0,120,0,120,0,1,151,0,152,250,0,250,402
11/28/2022,HWD,CA,AWP,WE,Towers with Radar,0,2,21,0,23,0,0,77,0,77,0,2,98,0,100,158,0,158,258
11/29/2022,HWD,CA,AWP,WE,Towers with Radar,0,4,24,0,28,0,0,114,2,116,0,4,138,2,144,346,0,346,490
11/30/2022,HWD,CA,AWP,WE,Towers with Radar,0,6,34,0,40,0,1,111,2,114,0,7,145,2,154,350,0,350,504
12/01/2022,HWD,CA,AWP,WE,Towers with Radar,0,3,20,0,23,0,0,6,2,8,0,3,26,2,31,54,0,54,85
12/02/2022,HWD,CA,AWP,WE,Towers with Radar,0,6,15,0,21,0,0,122,0,122,0,6,137,0,143,312,0,312,455
12/03/2022,HWD,CA,AWP,WE,Towers with Radar,0,4,22,0,26,0,0,0,0,0,0,4,22,0,26,0,0,0,26
12/04/2022,HWD,CA,AWP,WE,Towers with Radar,0,3,19,0,22,0,0,69,0,69,0,3,88,0,91,384,0,384,475
12/05/2022,HWD,CA,AWP,WE,Towers with Radar,0,6,16,0,22,0,1,42,1,44,0,7,58,1,66,234,0,234,300
12/06/2022,HWD,CA,AWP,WE,Towers with Radar,0,4,17,0,21,0,0,66,1,67,0,4,83,1,88,202,0,202,290
12/07/2022,HWD,CA,AWP,WE,Towers with Radar,0,6,21,0,27,0,1,116,0,117,0,7,137,0,144,350,0,350,494
12/08/2022,HWD,CA,AWP,WE,Towers with Radar,0,0,18,2,20,0,0,47,2,49,0,0,65,4,69,176,0,176,245
12/09/2022,HWD,CA,AWP,WE,Towers with Radar,0,3,25,0,28,0,0,87,0,87,0,3,112,0,115,246,0,246,361
12/10/2022,HWD,CA,AWP,WE,Towers with Radar,0,1,7,0,8,0,0,1,0,1,0,1,8,0,9,2,0,2,11
12/11/2022,HWD,CA,AWP,WE,Towers with Radar,0,3,12,0,15,0,0,25,0,25,0,3,37,0,40,163,0,163,203
12/12/2022,HWD,CA,AWP,WE,Towers with Radar,0,1,19,0,20,0,1,96,0,97,0,2,115,0,117,308,0,308,425
12/13/2022,HWD,CA,AWP,WE,Towers with Radar,0,4,15,0,19,0,4,108,0,112,0,8,123,0,131,338,0,338,469
12/14/2022,HWD,CA,AWP,WE,Towers with Radar,0,8,29,0,37,0,2,107,0,109,0,10,136,0,146,216,0,216,362
12/15/2022,HWD,CA,AWP,WE,Towers with Radar,0,6,25,0,31,0,0,115,0,115,0,6,140,0,146,234,0,234,380
12/16/2022,HWD,CA,AWP,WE,Towers with Radar,0,7,31,1,39,0,0,127,0,127,0,7,158,1,166,234,0,234,400
12/17/2022,HWD,CA,AWP,WE,Towers with Radar,0,7,28,0,35,0,0,114,0,114,0,7,142,0,149,306,0,306,455
12/18/2022,HWD,CA,AWP,WE,Towers with Radar,1,6,18,0,25,0,0,91,0,91,1,6,109,0,116,180,0,180,296
12/19/2022,HWD,CA,AWP,WE,Towers with Radar,0,2,24,0,26,0,0,45,0,45,0,2,69,0,71,190,0,190,261
12/20/2022,HWD,CA,AWP,WE,Towers with Radar,0,2,18,0,20,0,1,68,0,69,0,3,86,0,89,204,0,204,293
12/21/2022,HWD,CA,AWP,WE,Towers with Radar,1,6,26,0,33,0,3,97,0,100,1,9,123,0,133,276,0,276,409
12/22/2022,HWD,CA,AWP,WE,Towers with Radar,0,9,25,0,34,0,2,79,0,81,0,11,104,0,115,312,0,312,427
12/23/2022,HWD,CA,AWP,WE,Towers with Radar,0,8,16,0,24,0,0,68,0,68,0,8,84,0,92,246,0,246,338
12/24/2022,HWD,CA,AWP,WE,Towers with Radar,0,2,21,0,23,0,0,52,0,52,0,2,73,0,75,110,0,110,185
12/25/2022,HWD,CA,AWP,WE,Towers with Radar,0,1,3,0,4,0,1,32,0,33,0,2,35,0,37,6,0,6,43
12/26/2022,HWD,CA,AWP,WE,Towers with Radar,0,6,24,0,30,0,1,57,0,58,0,7,81,0,88,310,0,310,398
12/27/2022,HWD,CA,AWP,WE,Towers with Radar,0,2,20,0,22,0,1,3,0,4,0,3,23,0,26,18,0,18,44
12/28/2022,HWD,CA,AWP,WE,Towers with Radar,1,8,38,0,47,0,1,94,0,95,1,9,132,0,142,356,0,356,498
12/29/2022,HWD,CA,AWP,WE,Towers with Radar,0,1,16,0,17,0,0,8,0,8,0,1,24,0,25,28,0,28,53
12/30/2022,HWD,CA,AWP,WE,Towers with Radar,0,4,17,0,21,0,0,0,0,0,0,4,17,0,21,0,0,0,21
12/31/2022,HWD,CA,AWP,WE,Towers with Radar,0,3,5,0,8,0,0,0,0,0,0,3,5,0,8,0,0,0,8
01/01/2023,HWD,CA,AWP,WE,Towers with Radar,0,2,22,0,24,0,0,99,1,100,0,2,121,1,124,156,0,156,280
01/02/2023,HWD,CA,AWP,WE,Towers with Radar,0,10,31,0,41,0,0,19,0,19,0,10,50,0,60,36,0,36,96
01/03/2023,HWD,CA,AWP,WE,Towers with Radar,0,4,21,0,25,0,1,57,0,58,0,5,78,0,83,332,0,332,415
01/04/2023,HWD,CA,AWP,WE,Towers with Radar,0,1,5,0,6,0,0,2,0,2,0,1,7,0,8,0,0,0,8
01/05/2023,HWD,CA,AWP,WE,Towers with Radar,0,1,14,0,15,0,0,4,0,4,0,1,18,0,19,0,0,0,19
01/06/2023,HWD,CA,AWP,WE,Towers with Radar,0,6,18,0,24,0,0,96,2,98,0,6,114,2,122,112,0,112,234
01/07/2023,HWD,CA,AWP,WE,Towers with Radar,0,3,10,0,13,0,0,12,0,12,0,3,22,0,25,56,0,56,81
01/08/2023,HWD,CA,AWP,WE,Towers with Radar,0,2,21,1,24,0,1,57,0,58,0,3,78,1,82,178,0,178,260
01/09/2023,HWD,CA,AWP,WE,Towers with Radar,0,5,16,0,21,0,0,23,0,23,0,5,39,0,44,122,0,122,166
01/10/2023,HWD,CA,AWP,WE,Towers with Radar,0,5,8,0,13,0,2,1,0,3,0,7,9,0,16,4,0,4,20
01/11/2023,HWD,CA,AWP,WE,Towers with Radar,0,0,18,1,19,0,0,2,0,2,0,0,20,1,21,20,0,20,41
01/12/2023,HWD,CA,AWP,WE,Towers with Radar,0,5,25,0,30,0,0,97,0,97,0,5,122,0,127,144,0,144,271
01/13/2023,HWD,CA,AWP,WE,Towers with Radar,0,4,20,0,24,0,0,6,0,6,0,4,26,0,30,0,0,0,30
01/14/2023,HWD,CA,AWP,WE,Towers with Radar,0,2,22,0,24,0,0,7,0,7,0,2,29,0,31,10,0,10,41
01/15/2023,HWD,CA,AWP,WE,Towers with Radar,0,0,8,0,8,0,0,20,0,20,0,0,28,0,28,72,0,72,100
01/16/2023,HWD,CA,AWP,WE,Towers with Radar,0,7,12,0,19,0,0,41,0,41,0,7,53,0,60,78,0,78,138
01/17/2023,HWD,CA,AWP,WE,Towers with Radar,0,0,27,0,27,0,0,108,0,108,0,0,135,0,135,228,0,228,363
01/18/2023,HWD,CA,AWP,WE,Towers with Radar,0,0,23,0,23,0,0,80,0,80,0,0,103,0,103,182,0,182,285
01/19/2023,HWD,CA,AWP,WE,Towers with Radar,0,2,15,0,17,0,1,37,0,38,0,3,52,0,55,40,0,40,95
01/20/2023,HWD,CA,AWP,WE,Towers with Radar,0,7,33,0,40,0,0,137,6,143,0,7,170,6,183,210,0,210,393
01/21/2023,HWD,CA,AWP,WE,Towers with Radar,0,1,15,0,16,0,0,144,0,144,0,1,159,0,160,374,0,374,534
01/22/2023,HWD,CA,AWP,WE,Towers with Radar,0,1,20,0,21,0,2,100,0,102,0,3,120,0,123,170,0,170,293
01/23/2023,HWD,CA,AWP,WE,Towers with Radar,0,2,17,0,19,0,2,83,0,85,0,4,100,0,104,118,0,118,222
01/24/2023,HWD,CA,AWP,WE,Towers with Radar,0,5,23,0,28,0,3,105,0,108,0,8,128,0,136,246,0,246,382
01/25/2023,HWD,CA,AWP,WE,Towers with Radar,0,1,25,0,26,0,8,90,0,98,0,9,115,0,124,146,0,146,270
01/26/2023,HWD,CA,AWP,WE,Towers with Radar,0,7,27,0,34,0,3,100,0,103,0,10,127,0,137,202,0,202,339
01/27/2023,HWD,CA,AWP,WE,Towers with Radar,0,4,17,0,21,0,3,107,0,110,0,7,124,0,131,382,0,382,513
01/28/2023,HWD,CA,AWP,WE,Towers with Radar,0,2,11,0,13,0,0,107,0,107,0,2,118,0,120,240,0,240,360
01/29/2023,HWD,CA,AWP,WE,Towers with Radar,0,2,24,0,26,0,0,61,0,61,0,2,85,0,87,278,0,278,365
01/30/2023,HWD,CA,AWP,WE,Towers with Radar,0,1,12,0,13,0,0,85,0,85,0,1,97,0,98,126,0,126,224
01/31/2023,HWD,CA,AWP,WE,Towers with Radar,0,2,19,0,21,0,0,106,0,106,0,2,125,0,127,188,0,188,315
02/01/2023,HWD,CA,AWP,WE,Towers with Radar,1,1,40,0,42,0,0,71,0,71,1,1,111,0,113,168,0,168,281
02/02/2023,HWD,CA,AWP,WE,Towers with Radar,0,1,14,0,15,0,0,86,1,87,0,1,100,1,102,278,0,278,380
02/03/2023,HWD,CA,AWP,WE,Towers with Radar,0,3,35,0,38,0,1,33,0,34,0,4,68,0,72,118,0,118,190
02/04/2023,HWD,CA,AWP,WE,Towers with Radar,0,1,23,0,24,0,0,33,0,33,0,1,56,0,57,86,0,86,143
02/05/2023,HWD,CA,AWP,WE,Towers with Radar,0,2,17,0,19,0,0,42,0,42,0,2,59,0,61,64,0,64,125
02/06/2023,HWD,CA,AWP,WE,Towers with Radar,0,7,16,0,23,0,2,87,0,89,0,9,103,0,112,254,0,254,366
02/07/2023,HWD,CA,AWP,WE,Towers with Radar,0,2,21,0,23,0,0,90,4,94,0,2,111,4,117,174,0,174,291
02/08/2023,HWD,CA,AWP,WE,Towers with Radar,0,0,27,0,27,0,0,107,2,109,0,0,134,2,136,340,0,340,476
02/09/2023,HWD,CA,AWP,WE,Towers with Radar,0,1,20,0,21,0,0,112,2,114,0,1,132,2,135,298,0,298,433
02/10/2023,HWD,CA,AWP,WE,Towers with Radar,0,0,21,0,21,0,0,77,0,77,0,0,98,0,98,258,0,258,356
02/11/2023,HWD,CA,AWP,WE,Towers with Radar,0,0,17,0,17,0,1,63,0,64,0,1,80,0,81,262,0,262,343
02/12/2023,HWD,CA,AWP,WE,Towers with Radar,0,5,10,0,15,0,0,154,2,156,0,5,164,2,171,288,0,288,459
02/13/2023,HWD,CA,AWP,WE,Towers with Radar,0,4,7,0,11,0,0,72,0,72,0,4,79,0,83,212,0,212,295
02/14/2023,HWD,CA,AWP,WE,Towers with Radar,0,2,10,0,12,0,1,52,0,53,0,3,62,0,65,40,0,40,105
02/15/2023,HWD,CA,AWP,WE,Towers with Radar,0,6,26,0,32,0,0,113,0,113,0,6,139,0,145,278,0,278,423
02/16/2023,HWD,CA,AWP,WE,Towers with Radar,0,3,15,0,18,0,0,98,3,101,0,3,113,3,119,242,0,242,361
02/17/2023,HWD,CA,AWP,WE,Towers with Radar,0,3,21,0,24,0,0,117,0,117,0,3,138,0,141,338,0,338,479
02/18/2023,HWD,CA,AWP,WE,Towers with Radar,0,2,23,0,25,0,0,113,0,113,0,2,136,0,138,322,0,322,460
02/19/2023,HWD,CA,AWP,WE,Towers with Radar,0,1,8,0,9,0,2,121,0,123,0,3,129,0,132,314,0,314,446
02/20/2023,HWD,CA,AWP,WE,Towers with Radar,1,1,16,0,18,0,0,140,0,140,1,1,156,0,158,290,0,290,448
02/21/2023,HWD,CA,AWP,WE,Towers with Radar,0,4,12,0,16,0,2,31,0,33,0,6,43,0,49,42,0,42,91
02/22/2023,HWD,CA,AWP,WE,Towers with Radar,0,5,12,0,17,0,0,24,0,24,0,5,36,0,41,46,0,46,87
02/23/2023,HWD,CA,AWP,WE,Towers with Radar,0,1,16,0,17,0,2,17,0,19,0,3,33,0,36,118,0,118,154
02/24/2023,HWD,CA,AWP,WE,Towers with Radar,0,3,14,0,17,0,0,23,0,23,0,3,37,0,40,339,0,339,379
02/25/2023,HWD,CA,AWP,WE,Towers with Radar,1,4,17,0,22,0,1,61,0,62,1,5,78,0,84,372,0,372,456
02/26/2023,HWD,CA,AWP,WE,Towers with Radar,0,4,26,0,30,0,0,16,0,16,0,4,42,0,46,92,0,92,138
02/27/2023,HWD,CA,AWP,WE,Towers with Radar,0,5,6,0,11,0,0,3,0,3,0,5,9,0,14,0,0,0,14
02/28/2023,HWD,CA,AWP,WE,Towers with Radar,0,4,10,0,14,0,0,6,0,6,0,4,16,0,20,92,0,92,112
03/01/2023,HWD,CA,AWP,WE,Towers with Radar,0,6,23,0,29,0,0,110,0,110,0,6,133,0,139,306,0,306,445
03/02/2023,HWD,CA,AWP,WE,Towers with Radar,0,2,26,0,28,0,0,150,0,150,0,2,176,0,178,320,0,320,498
03/03/2023,HWD,CA,AWP,WE,Towers with Radar,0,2,27,0,29,0,1,95,0,96,0,3,122,0,125,364,0,364,489
03/04/2023,HWD,CA,AWP,WE,Towers with Radar,0,0,9,0,9,0,0,22,0,22,0,0,31,0,31,120,0,120,151
03/05/2023,HWD,CA,AWP,WE,Towers with Radar,0,6,13,0,19,0,1,79,0,80,0,7,92,0,99,254,0,254,353
03/06/2023,HWD,CA,AWP,WE,Towers with Radar,0,3,10,1,14,0,1,66,0,67,0,4,76,1,81,310,0,310,391
03/07/2023,HWD,CA,AWP,WE,Towers with Radar,1,6,26,0,33,0,1,102,0,103,1,7,128,0,136,412,0,412,548
03/08/2023,HWD,CA,AWP,WE,Towers with Radar,0,2,32,0,34,0,0,81,0,81,0,2,113,0,115,294,0,294,409
03/09/2023,HWD,CA,AWP,WE,Towers with Radar,0,2,6,0,8,0,0,12,0,12,0,2,18,0,20,64,0,64,84
03/10/2023,HWD,CA,AWP,WE,Towers with Radar,0,5,10,0,15,0,0,32,0,32,0,5,42,0,47,178,0,178,225
03/11/2023,HWD,CA,AWP,WE,Towers with Radar,0,0,22,0,22,0,0,27,0,27,0,0,49,0,49,210,0,210,259
03/12/2023,HWD,CA,AWP,WE,Towers with Radar,0,3,27,0,30,0,0,11,0,11,0,3,38,0,41,24,0,24,65
03/13/2023,HWD,CA,AWP,WE,Towers with Radar,0,1,6,0,7,0,1,45,1,47,0,2,51,1,54,56,0,56,110
03/14/2023,HWD,CA,AWP,WE,Towers with Radar,0,0,8,0,8,0,0,1,0,1,0,0,9,0,9,0,0,0,9
03/15/2023,HWD,CA,AWP,WE,Towers with Radar,0,4,26,0,30,0,0,115,0,115,0,4,141,0,145,482,0,482,627
03/16/2023,HWD,CA,AWP,WE,Towers with Radar,0,2,27,0,29,0,4,107,2,113,0,6,134,2,142,376,0,376,518
03/17/2023,HWD,CA,AWP,WE,Towers with Radar,0,2,19,0,21,0,0,113,0,113,0,2,132,0,134,354,0,354,488
03/18/2023,HWD,CA,AWP,WE,Towers with Radar,0,1,24,0,25,0,0,150,0,150,0,1,174,0,175,304,0,304,479
03/19/2023,HWD,CA,AWP,WE,Towers with Radar,0,6,28,0,34,0,0,3,0,3,0,6,31,0,37,24,0,24,61
03/20/2023,HWD,CA,AWP,WE,Towers with Radar,0,1,23,0,24,0,0,87,0,87,0,1,110,0,111,244,0,244,355
03/21/2023,HWD,CA,AWP,WE,Towers with Radar,0,1,6,0,7,0,0,0,0,0,0,1,6,0,7,0,0,0,7
03/22/2023,HWD,CA,AWP,WE,Towers with Radar,0,2,13,0,15,0,0,58,0,58,0,2,71,0,73,276,0,276,349
03/23/2023,HWD,CA,AWP,WE,Towers with Radar,0,0,18,0,18,0,0,64,0,64,0,0,82,0,82,180,0,180,262
03/24/2023,HWD,CA,AWP,WE,Towers with Radar,0,2,27,0,29,0,0,97,0,97,0,2,124,0,126,290,0,290,416
03/25/2023,HWD,CA,AWP,WE,Towers with Radar,0,2,14,0,16,0,0,128,0,128,0,2,142,0,144,162,0,162,306
03/26/2023,HWD,CA,AWP,WE,Towers with Radar,0,4,33,0,37,0,0,158,0,158,0,4,191,0,195,254,0,254,449
03/27/2023,HWD,CA,AWP,WE,Towers with Radar,0,0,27,0,27,0,1,105,0,106,0,1,132,0,133,244,0,244,377
03/28/2023,HWD,CA,AWP,WE,Towers with Radar,0,2,10,0,12,0,0,1,0,1,0,2,11,0,13,0,0,0,13
03/29/2023,HWD,CA,AWP,WE,Towers with Radar,0,2,18,0,20,0,0,12,0,12,0,2,30,0,32,32,0,32,64
03/30/2023,HWD,CA,AWP,WE,Towers with Radar,0,1,23,0,24,0,1,127,0,128,0,2,150,0,152,372,0,372,524
03/31/2023,HWD,CA,AWP,WE,Towers with Radar,0,2,35,0,37,0,0,124,0,124,0,2,159,0,161,508,0,508,669
04/01/2023,HWD,CA,AWP,WE,Towers with Radar,0,1,17,0,18,0,0,148,0,148,0,1,165,0,166,330,0,330,496
04/02/2023,HWD,CA,AWP,WE,Towers with Radar,0,2,25,0,27,0,0,84,1,85,0,2,109,1,112,233,0,233,345
04/03/2023,HWD,CA,AWP,WE,Towers with Radar,0,2,4,0,6,0,0,30,0,30,0,2,34,0,36,26,0,26,62
04/04/2023,HWD,CA,AWP,WE,Towers with Radar,0,1,22,0,23,0,0,113,0,113,0,1,135,0,136,164,0,164,300
04/05/2023,HWD,CA,AWP,WE,Towers with Radar,0,2,21,0,23,0,6,115,0,121,0,8,136,0,144,488,0,488,632
04/06/2023,HWD,CA,AWP,WE,Towers with Radar,0,5,19,0,24,0,1,121,0,122,0,6,140,0,146,325,0,325,471
04/07/2023,HWD,CA,AWP,WE,Towers with Radar,0,2,21,0,23,0,3,31,0,34,0,5,52,0,57,194,0,194,251
04/08/2023,HWD,CA,AWP,WE,Towers with Radar,0,2,18,0,20,0,3,98,0,101,0,5,116,0,121,302,0,302,423
04/09/2023,HWD,CA,AWP,WE,Towers with Radar,0,4,17,0,21,0,0,142,0,142,0,4,159,0,163,272,0,272,435
04/10/2023,HWD,CA,AWP,WE,Towers with Radar,0,4,28,0,32,0,0,100,0,100,0,4,128,0,132,222,0,222,354
04/11/2023,HWD,CA,AWP,WE,Towers with Radar,0,5,15,0,20,0,0,73,0,73,0,5,88,0,93,148,0,148,241
04/12/2023,HWD,CA,AWP,WE,Towers with Radar,0,3,14,0,17,0,4,86,1,91,0,7,100,1,108,205,0,205,313
04/13/2023,HWD,CA,AWP,WE,Towers with Radar,0,3,17,0,20,0,1,97,0,98,0,4,114,0,118,176,0,176,294
04/14/2023,HWD,CA,AWP,WE,Towers with Radar,0,3,17,0,20,0,1,108,0,109,0,4,125,0,129,306,0,306,435
04/15/2023,HWD,CA,AWP,WE,Towers with Radar,1,3,27,0,31,0,0,159,1,160,1,3,186,1,191,380,0,380,571
04/16/2023,HWD,CA,AWP,WE,Towers with Radar,1,9,19,0,29,0,0,113,0,113,1,9,132,0,142,266,0,266,408
04/17/2023,HWD,CA,AWP,WE,Towers with Radar,0,5,27,0,32,0,2,61,0,63,0,7,88,0,95,272,0,272,367
04/18/2023,HWD,CA,AWP,WE,Towers with Radar,0,4,25,0,29,0,1,100,0,101,0,5,125,0,130,294,0,294,424
04/19/2023,HWD,CA,AWP,WE,Towers with Radar,0,2,23,0,25,0,2,124,0,126,0,4,147,0,151,316,0,316,467
04/20/2023,HWD,CA,AWP,WE,Towers with Radar,0,2,18,0,20,0,0,111,0,111,0,2,129,0,131,172,0,172,303
04/21/2023,HWD,CA,AWP,WE,Towers with Radar,1,3,21,0,25,0,0,125,2,127,1,3,146,2,152,277,0,277,429
04/22/2023,HWD,CA,AWP,WE,Towers with Radar,0,0,4,0,4,0,1,157,0,158,0,1,161,0,162,276,0,276,438
04/23/2023,HWD,CA,AWP,WE,Towers with Radar,0,5,53,0,58,0,0,77,0,77,0,5,130,0,135,216,0,216,351
04/24/2023,HWD,CA,AWP,WE,Towers with Radar,0,1,22,0,23,0,0,103,0,103,0,1,125,0,126,122,0,122,248
04/25/2023,HWD,CA,AWP,WE,Towers with Radar,0,1,17,0,18,0,0,115,1,116,0,1,132,1,134,198,0,198,332
04/26/2023,HWD,CA,AWP,WE,Towers with Radar,0,1,23,0,24,0,0,126,2,128,0,1,149,2,152,390,0,390,542
04/27/2023,HWD,CA,AWP,WE,Towers with Radar,0,1,22,0,23,0,0,135,3,138,0,1,157,3,161,252,0,252,413
04/28/2023,HWD,CA,AWP,WE,Towers with Radar,0,4,29,0,33,0,0,119,0,119,0,4,148,0,152,410,0,410,562
04/29/2023,HWD,CA,AWP,WE,Towers with Radar,0,2,34,0,36,0,0,117,0,117,0,2,151,0,153,260,0,260,413
04/30/2023,HWD,CA,AWP,WE,Towers with Radar,0,1,42,0,43,0,0,35,0,35,0,1,77,0,78,66,0,66,144
05/01/2023,HWD,CA,AWP,WE,Towers with Radar,0,5,23,0,28,0,0,29,0,29,0,5,52,0,57,44,0,44,101
05/02/2023,HWD,CA,AWP,WE,Towers with Radar,0,2,11,0,13,0,0,26,0,26,0,2,37,0,39,154,0,154,193
05/03/2023,HWD,CA,AWP,WE,Towers with Radar,0,1,24,0,25,0,0,41,0,41,0,1,65,0,66,182,0,182,248
05/04/2023,HWD,CA,AWP,WE,Towers with Radar,0,4,19,0,23,0,2,54,0,56,0,6,73,0,79,533,0,533,612
05/05/2023,HWD,CA,AWP,WE,Towers with Radar,1,8,26,0,35,0,3,121,0,124,1,11,147,0,159,556,0,556,715
05/06/2023,HWD,CA,AWP,WE,Towers with Radar,0,1,21,0,22,0,0,41,0,41,0,1,62,0,63,226,0,226,289
05/07/2023,HWD,CA,AWP,WE,Towers with Radar,0,4,25,0,29,0,1,112,0,113,0,5,137,0,142,288,0,288,430
05/08/2023,HWD,CA,AWP,WE,Towers with Radar,0,7,23,0,30,0,0,76,0,76,0,7,99,0,106,252,0,252,358
05/09/2023,HWD,CA,AWP,WE,Towers with Radar,0,4,18,0,22,0,0,86,1,87,0,4,104,1,109,334,0,334,443
05/10/2023,HWD,CA,AWP,WE,Towers with Radar,0,2,27,0,29,0,0,90,1,91,0,2,117,1,120,388,0,388,508
05/11/2023,HWD,CA,AWP,WE,Towers with Radar,0,9,23,0,32,0,4,116,0,120,0,13,139,0,152,264,0,264,416
05/12/2023,HWD,CA,AWP,WE,Towers with Radar,0,10,33,0,43,0,3,117,1,121,0,13,150,1,164,440,0,440,604
05/13/2023,HWD,CA,AWP,WE,Towers with Radar,0,3,25,0,28,0,0,148,2,150,0,3,173,2,178,294,0,294,472
05/14/2023,HWD,CA,AWP,WE,Towers with Radar,0,5,25,0,30,0,2,133,0,135,0,7,158,0,165,256,0,256,421
05/15/2023,HWD,CA,AWP,WE,Towers with Radar,0,3,16,0,19,0,0,109,0,109,0,3,125,0,128,253,0,253,381
05/16/2023,HWD,CA,AWP,WE,Towers with Radar,0,4,23,0,27,0,0,117,0,117,0,4,140,0,144,230,0,230,374
05/17/2023,HWD,CA,AWP,WE,Towers with Radar,0,2,31,0,33,0,0,78,0,78,0,2,109,0,111,226,0,226,337
05/18/2023,HWD,CA,AWP,WE,Towers with Radar,0,9,19,0,28,0,4,92,1,97,0,13,111,1,125,332,0,332,457
05/19/2023,HWD,CA,AWP,WE,Towers with Radar,0,4,23,0,27,0,0,116,2,118,0,4,139,2,145,290,0,290,435
05/20/2023,HWD,CA,AWP,WE,Towers with Radar,0,3,32,0,35,0,0,83,0,83,0,3,115,0,118,190,0,190,308
05/21/2023,HWD,CA,AWP,WE,Towers with Radar,0,3,23,0,26,0,0,119,0,119,0,3,142,0,145,250,0,250,395
05/22/2023,HWD,CA,AWP,WE,Towers with Radar,0,4,14,0,18,0,0,116,0,116,0,4,130,0,134,206,0,206,340
05/23/2023,HWD,CA,AWP,WE,Towers with Radar,0,8,27,0,35,0,0,122,1,123,0,8,149,1,158,290,0,290,448
05/24/2023,HWD,CA,AWP,WE,Towers with Radar,0,7,24,0,31,0,0,106,0,106,0,7,130,0,137,316,0,316,453
05/25/2023,HWD,CA,AWP,WE,Towers with Radar,0,0,31,0,31,0,2,102,0,104,0,2,133,0,135,196,0,196,331
05/26/2023,HWD,CA,AWP,WE,Towers with Radar,0,3,48,0,51,0,0,116,0,116,0,3,164,0,167,406,0,406,573
05/27/2023,HWD,CA,AWP,WE,Towers with Radar,0,2,18,0,20,0,1,78,0,79,0,3,96,0,99,324,0,324,423
05/28/2023,HWD,CA,AWP,WE,Towers with Radar,0,2,18,0,20,0,0,42,0,42,0,2,60,0,62,206,0,206,268
05/29/2023,HWD,CA,AWP,WE,Towers with Radar,0,5,28,0,33,0,1,99,0,100,0,6,127,0,133,258,0,258,391
05/30/2023,HWD,CA,AWP,WE,Towers with Radar,0,3,15,0,18,0,2,104,0,106,0,5,119,0,124,170,0,170,294
05/31/2023,HWD,CA,AWP,WE,Towers with Radar,0,4,27,0,31,0,2,84,0,86,0,6,111,0,117,272,0,272,389
06/01/2023,HWD,CA,AWP,WE,Towers with Radar,0,0,15,0,15,0,0,114,1,115,0,0,129,1,130,190,0,190,320
06/02/2023,HWD,CA,AWP,WE,Towers with Radar,1,3,22,0,26,0,1,115,0,116,1,4,137,0,142,312,0,312,454
06/03/2023,HWD,CA,AWP,WE,Towers with Radar,0,4,13,0,17,0,0,136,1,137,0,4,149,1,154,312,0,312,466
06/04/2023,HWD,CA,AWP,WE,Towers with Radar,0,3,23,0,26,0,0,127,0,127,0,3,150,0,153,288,0,288,441
06/05/2023,HWD,CA,AWP,WE,Towers with Radar,0,2,17,0,19,0,0,72,0,72,0,2,89,0,91,258,0,258,349
06/06/2023,HWD,CA,AWP,WE,Towers with Radar,0,2,36,0,38,0,0,65,1,66,0,2,101,1,104,204,0,204,308
06/07/2023,HWD,CA,AWP,WE,Towers with Radar,0,2,32,0,34,0,2,105,0,107,0,4,137,0,141,360,0,360,501
06/08/2023,HWD,CA,AWP,WE,Towers with Radar,0,2,23,0,25,0,0,95,2,97,0,2,118,2,122,272,0,272,394
06/09/2023,HWD,CA,AWP,WE,Towers with Radar,1,1,23,0,25,0,1,84,0,85,1,2,107,0,110,380,0,380,490
06/10/2023,HWD,CA,AWP,WE,Towers with Radar,0,1,48,0,49,0,2,73,0,75,0,3,121,0,124,164,0,164,288
06/11/2023,HWD,CA,AWP,WE,Towers with Radar,2,5,28,0,35,0,3,96,0,99,2,8,124,0,134,190,0,190,324
06/12/2023,HWD,CA,AWP,WE,Towers with Radar,0,2,14,0,16,0,0,96,0,96,0,2,110,0,112,186,0,186,298
06/13/2023,HWD,CA,AWP,WE,Towers with Radar,0,4,22,0,26,0,0,94,2,96,0,4,116,2,122,314,0,314,436
06/14/2023,HWD,CA,AWP,WE,Towers with Radar,0,5,32,0,37,0,0,108,0,108,0,5,140,0,145,342,0,342,487
06/15/2023,HWD,CA,AWP,WE,Towers with Radar,0,2,29,0,31,0,1,128,0,129,0,3,157,0,160,426,0,426,586
06/16/2023,HWD,CA,AWP,WE,Towers with Radar,0,6,29,0,35,0,1,114,0,115,0,7,143,0,150,306,0,306,456
06/17/2023,HWD,CA,AWP,WE,Towers with Radar,0,2,25,0,27,0,2,107,0,109,0,4,132,0,136,258,0,258,394
06/18/2023,HWD,CA,AWP,WE,Towers with Radar,0,3,16,0,19,0,0,82,0,82,0,3,98,0,101,224,0,224,325
06/19/2023,HWD,CA,AWP,WE,Towers with Radar,0,7,21,0,28,0,3,37,0,40,0,10,58,0,68,20,0,20,88
06/20/2023,HWD,CA,AWP,WE,Towers with Radar,0,14,17,0,31,0,0,25,0,25,0,14,42,0,56,0,0,0,56
06/21/2023,HWD,CA,AWP,WE,Towers with Radar,0,12,18,0,30,0,6,99,0,105,0,18,117,0,135,216,0,216,351
06/22/2023,HWD,CA,AWP,WE,Towers with Radar,1,7,22,0,30,0,6,102,0,108,1,13,124,0,138,403,0,403,541
06/23/2023,HWD,CA,AWP,WE,Towers with Radar,0,8,18,0,26,0,2,131,0,133,0,10,149,0,159,386,0,386,545
06/24/2023,HWD,CA,AWP,WE,Towers with Radar,1,1,26,0,28,0,5,100,0,105,1,6,126,0,133,236,0,236,369
06/25/2023,HWD,CA,AWP,WE,Towers with Radar,0,3,23,0,26,0,0,58,0,58,0,3,81,0,84,150,0,150,234
06/26/2023,HWD,CA,AWP,WE,Towers with Radar,0,1,17,0,18,0,0,59,0,59,0,1,76,0,77,212,0,212,289
06/27/2023,HWD,CA,AWP,WE,Towers with Radar,0,2,25,0,27,0,2,56,0,58,0,4,81,0,85,328,0,328,413
06/28/2023,HWD,CA,AWP,WE,Towers with Radar,0,2,23,0,25,0,2,75,0,77,0,4,98,0,102,260,0,260,362
06/29/2023,HWD,CA,AWP,WE,Towers with Radar,0,1,17,0,18,0,4,122,0,126,0,5,139,0,144,492,0,492,636
06/30/2023,HWD,CA,AWP,WE,Towers with Radar,0,9,27,0,36,0,0,129,0,129,0,9,156,0,165,444,0,444,609
07/01/2023,HWD,CA,AWP,WE,Towers with Radar,0,6,22,0,28,0,0,118,0,118,0,6,140,0,146,300,0,300,446
07/02/2023,HWD,CA,AWP,WE,Towers with Radar,0,2,12,0,14,0,0,106,0,106,0,2,118,0,120,275,0,275,395
07/03/2023,HWD,CA,AWP,WE,Towers with Radar,0,1,11,0,12,0,0,110,0,110,0,1,121,0,122,284,0,284,406
07/04/2023,HWD,CA,AWP,WE,Towers with Radar,1,3,12,0,16,0,2,91,0,93,1,5,103,0,109,224,0,224,333
07/05/2023,HWD,CA,AWP,WE,Towers with Radar,0,5,24,0,29,0,3,83,2,88,0,8,107,2,117,196,0,196,313
07/06/2023,HWD,CA,AWP,WE,Towers with Radar,0,3,27,0,30,0,2,91,0,93,0,5,118,0,123,314,0,314,437
07/07/2023,HWD,CA,AWP,WE,Towers with Radar,0,2,30,0,32,0,0,62,0,62,0,2,92,0,94,118,0,118,212
07/08/2023,HWD,CA,AWP,WE,Towers with Radar,0,1,26,0,27,0,3,86,0,89,0,4,112,0,116,158,0,158,274
07/09/2023,HWD,CA,AWP,WE,Towers with Radar,0,3,30,0,33,0,0,72,0,72,0,3,102,0,105,198,0,198,303
07/10/2023,HWD,CA,AWP,WE,Towers with Radar,1,3,25,0,29,0,0,64,0,64,1,3,89,0,93,252,0,252,345
07/11/2023,HWD,CA,AWP,WE,Towers with Radar,0,3,14,0,17,0,1,114,0,115,0,4,128,0,132,350,0,350,482
07/12/2023,HWD,CA,AWP,WE,Towers with Radar,0,4,17,0,21,0,3,129,0,132,0,7,146,0,153,374,0,374,527
07/13/2023,HWD,CA,AWP,WE,Towers with Radar,0,4,17,0,21,0,0,118,3,121,0,4,135,3,142,308,0,308,450
07/14/2023,HWD,CA,AWP,WE,Towers with Radar,0,7,29,0,36,0,1,149,0,150,0,8,178,0,186,386,0,386,572
07/15/2023,HWD,CA,AWP,WE,Towers with Radar,1,0,29,0,30,0,1,114,1,116,1,1,143,1,146,370,0,370,516
07/16/2023,HWD,CA,AWP,WE,Towers with Radar,1,9,29,0,39,0,1,116,0,117,1,10,145,0,156,246,0,246,402
07/17/2023,HWD,CA,AWP,WE,Towers with Radar,0,3,11,0,14,0,0,91,0,91,0,3,102,0,105,280,0,280,385
07/18/2023,HWD,CA,AWP,WE,Towers with Radar,1,2,19,0,22,0,0,108,0,108,1,2,127,0,130,238,0,238,368
07/19/2023,HWD,CA,AWP,WE,Towers with Radar,0,3,29,2,34,0,0,117,4,121,0,3,146,6,155,382,0,382,537
07/20/2023,HWD,CA,AWP,WE,Towers with Radar,1,3,22,1,27,0,0,101,1,102,1,3,123,2,129,386,0,386,515
07/21/2023,HWD,CA,AWP,WE,Towers with Radar,2,9,23,0,34,0,1,144,0,145,2,10,167,0,179,392,0,392,571
07/22/2023,HWD,CA,AWP,WE,Towers with Radar,0,0,17,0,17,0,1,122,0,123,0,1,139,0,140,258,0,258,398
07/23/2023,HWD,CA,AWP,WE,Towers with Radar,0,2,20,0,22,0,0,134,0,134,0,2,154,0,156,231,0,231,387
07/24/2023,HWD,CA,AWP,WE,Towers with Radar,0,5,13,0,18,0,0,80,0,80,0,5,93,0,98,144,0,144,242
07/25/2023,HWD,CA,AWP,WE,Towers with Radar,0,6,7,0,13,0,0,108,0,108,0,6,115,0,121,266,0,266,387
07/26/2023,HWD,CA,AWP,WE,Towers with Radar,0,7,29,0,36,0,0,95,0,95,0,7,124,0,131,98,0,98,229
07/27/2023,HWD,CA,AWP,WE,Towers with Radar,0,0,26,0,26,0,1,101,0,102,0,1,127,0,128,166,0,166,294
07/28/2023,HWD,CA,AWP,WE,Towers with Radar,0,1,21,0,22,0,0,115,4,119,0,1,136,4,141,200,0,200,341
07/29/2023,HWD,CA,AWP,WE,Towers with Radar,0,3,25,0,28,0,0,93,0,93,0,3,118,0,121,224,0,224,345
07/30/2023,HWD,CA,AWP,WE,Towers with Radar,0,2,19,0,21,0,4,97,0,101,0,6,116,0,122,158,0,158,280
07/31/2023,HWD,CA,AWP,WE,Towers with Radar,0,8,14,0,22,0,1,98,0,99,0,9,112,0,121,130,0,130,251
08/01/2023,HWD,CA,AWP,WE,Towers with Radar,0,4,18,0,22,0,0,82,0,82,0,4,100,0,104,153,0,153,257
08/02/2023,HWD,CA,AWP,WE,Towers with Radar,1,2,24,0,27,0,5,77,0,82,1,7,101,0,109,336,0,336,445
08/03/2023,HWD,CA,AWP,WE,Towers with Radar,0,2,29,0,31,0,0,50,0,50,0,2,79,0,81,256,0,256,337
08/04/2023,HWD,CA,AWP,WE,Towers with Radar,0,4,27,0,31,0,2,112,1,115,0,6,139,1,146,276,0,276,422
08/05/2023,HWD,CA,AWP,WE,Towers with Radar,0,0,15,0,15,0,1,101,0,102,0,1,116,0,117,340,0,340,457
08/06/2023,HWD,CA,AWP,WE,Towers with Radar,0,5,27,0,32,0,1,111,0,112,0,6,138,0,144,168,0,168,312
08/07/2023,HWD,CA,AWP,WE,Towers with Radar,1,2,14,0,17,0,1,99,0,100,1,3,113,0,117,238,0,238,355
08/08/2023,HWD,CA,AWP,WE,Towers with Radar,0,6,11,0,17,0,0,92,0,92,0,6,103,0,109,196,0,196,305
08/09/2023,HWD,CA,AWP,WE,Towers with Radar,0,2,23,0,25,0,1,94,0,95,0,3,117,0,120,196,0,196,316
08/10/2023,HWD,CA,AWP,WE,Towers with Radar,0,2,14,0,16,0,0,121,0,121,0,2,135,0,137,264,0,264,401
08/11/2023,HWD,CA,AWP,WE,Towers with Radar,0,6,16,0,22,0,0,100,1,101,0,6,116,1,123,250,0,250,373
08/12/2023,HWD,CA,AWP,WE,Towers with Radar,0,1,16,0,17,0,1,130,0,131,0,2,146,0,148,298,0,298,446
08/13/2023,HWD,CA,AWP,WE,Towers with Radar,0,3,14,0,17,0,1,111,0,112,0,4,125,0,129,208,0,208,337
08/14/2023,HWD,CA,AWP,WE,Towers with Radar,0,3,26,0,29,0,0,95,0,95,0,3,121,0,124,208,0,208,332
08/15/2023,HWD,CA,AWP,WE,Towers with Radar,0,3,16,0,19,0,0,110,0,110,0,3,126,0,129,208,0,208,337
08/16/2023,HWD,CA,AWP,WE,Towers with Radar,1,5,40,0,46,0,0,113,0,113,1,5,153,0,159,284,0,284,443
08/17/2023,HWD,CA,AWP,WE,Towers with Radar,0,5,29,0,34,0,1,95,1,97,0,6,124,1,131,182,0,182,313
08/18/2023,HWD,CA,AWP,WE,Towers with Radar,1,14,28,0,43,0,4,108,0,112,1,18,136,0,155,352,0,352,507
08/19/2023,HWD,CA,AWP,WE,Towers with Radar,0,2,14,0,16,0,1,102,0,103,0,3,116,0,119,266,0,266,385
08/20/2023,HWD,CA,AWP,WE,Towers with Radar,0,4,18,0,22,0,2,104,2,108,0,6,122,2,130,278,0,278,408
08/21/2023,HWD,CA,AWP,WE,Towers with Radar,0,4,17,0,21,0,3,51,2,56,0,7,68,2,77,154,0,154,231
08/22/2023,HWD,CA,AWP,WE,Towers with Radar,0,1,20,0,21,0,0,108,0,108,0,1,128,0,129,182,0,182,311
08/23/2023,HWD,CA,AWP,WE,Towers with Radar,0,3,29,0,32,0,4,127,5,136,0,7,156,5,168,280,0,280,448
08/24/2023,HWD,CA,AWP,WE,Towers with Radar,0,4,23,0,27,0,0,86,1,87,0,4,109,1,114,274,0,274,388
08/25/2023,HWD,CA,AWP,WE,Towers with Radar,0,3,23,0,26,0,0,71,0,71,0,3,94,0,97,190,0,190,287
08/26/2023,HWD,CA,AWP,WE,Towers with Radar,0,7,22,0,29,0,3,71,0,74,0,10,93,0,103,238,0,238,341
08/27/2023,HWD,CA,AWP,WE,Towers with Radar,0,3,16,0,19,0,0,106,2,108,0,3,122,2,127,272,0,272,399
08/28/2023,HWD,CA,AWP,WE,Towers with Radar,1,5,21,0,27,0,0,96,0,96,1,5,117,0,123,270,0,270,393
08/29/2023,HWD,CA,AWP,WE,Towers with Radar,0,7,26,0,33,0,0,105,0,105,0,7,131,0,138,174,0,174,312
08/30/2023,HWD,CA,AWP,WE,Towers with Radar,0,1,20,0,21,0,0,122,0,122,0,1,142,0,143,248,0,248,391
08/31/2023,HWD,CA,AWP,WE,Towers with Radar,0,3,18,0,21,0,1,98,0,99,0,4,116,0,120,288,0,288,408
01/01/2020,HWD,CA,AWP,WE,Towers with Radar,0,4,19,0,23,0,0,11,0,11,0,4,30,0,34,10,0,10,44
01/02/2020,HWD,CA,AWP,WE,Towers with Radar,0,3,16,0,19,0,1,118,0,119,0,4,134,0,138,151,0,151,289
01/03/2020,HWD,CA,AWP,WE,Towers with Radar,0,7,14,0,21,0,3,102,0,105,0,10,116,0,126,198,0,198,324
01/04/2020,HWD,CA,AWP,WE,Towers with Radar,0,3,25,0,28,0,0,63,0,63,0,3,88,0,91,232,0,232,323
01/05/2020,HWD,CA,AWP,WE,Towers with Radar,0,7,22,0,29,0,2,152,0,154,0,9,174,0,183,193,0,193,376
01/06/2020,HWD,CA,AWP,WE,Towers with Radar,0,3,23,0,26,0,1,107,1,109,0,4,130,1,135,95,0,95,230
01/07/2020,HWD,CA,AWP,WE,Towers with Radar,0,2,15,0,17,0,2,85,0,87,0,4,100,0,104,254,0,254,358
01/08/2020,HWD,CA,AWP,WE,Towers with Radar,0,2,28,0,30,0,0,50,1,51,0,2,78,1,81,228,0,228,309
01/09/2020,HWD,CA,AWP,WE,Towers with Radar,0,2,18,0,20,0,0,32,0,32,0,2,50,0,52,187,0,187,239
01/10/2020,HWD,CA,AWP,WE,Towers with Radar,0,3,15,0,18,0,0,103,0,103,0,3,118,0,121,123,0,123,244
01/11/2020,HWD,CA,AWP,WE,Towers with Radar,0,0,23,0,23,0,0,141,0,141,0,0,164,0,164,195,0,195,359
01/12/2020,HWD,CA,AWP,WE,Towers with Radar,0,3,19,0,22,0,0,118,0,118,0,3,137,0,140,133,0,133,273
01/13/2020,HWD,CA,AWP,WE,Towers with Radar,0,4,18,0,22,0,0,76,0,76,0,4,94,0,98,210,0,210,308
01/14/2020,HWD,CA,AWP,WE,Towers with Radar,0,2,20,0,22,0,0,101,0,101,0,2,121,0,123,165,0,165,288
01/15/2020,HWD,CA,AWP,WE,Towers with Radar,0,2,17,0,19,0,0,112,1,113,0,2,129,1,132,222,0,222,354
01/16/2020,HWD,CA,AWP,WE,Towers with Radar,0,0,14,0,14,0,1,4,0,5,0,1,18,0,19,38,0,38,57
01/17/2020,HWD,CA,AWP,WE,Towers with Radar,0,7,23,0,30,0,1,103,3,107,0,8,126,3,137,131,0,131,268
01/18/2020,HWD,CA,AWP,WE,Towers with Radar,0,1,15,0,16,0,1,112,0,113,0,2,127,0,129,241,0,241,370
01/19/2020,HWD,CA,AWP,WE,Towers with Radar,0,5,18,0,23,0,0,110,0,110,0,5,128,0,133,319,0,319,452
01/20/2020,HWD,CA,AWP,WE,Towers with Radar,0,9,33,0,42,0,5,86,1,92,0,14,119,1,134,227,0,227,361
01/21/2020,HWD,CA,AWP,WE,Towers with Radar,0,5,16,0,21,0,0,29,0,29,0,5,45,0,50,63,0,63,113
01/22/2020,HWD,CA,AWP,WE,Towers with Radar,0,2,26,0,28,0,2,62,0,64,0,4,88,0,92,280,0,280,372
01/23/2020,HWD,CA,AWP,WE,Towers with Radar,1,8,26,0,35,0,0,115,1,116,1,8,141,1,151,301,0,301,452
01/24/2020,HWD,CA,AWP,WE,Towers with Radar,0,8,29,0,37,0,0,88,0,88,0,8,117,0,125,159,0,159,284
01/25/2020,HWD,CA,AWP,WE,Towers with Radar,0,2,21,0,23,0,0,88,0,88,0,2,109,0,111,162,0,162,273
01/26/2020,HWD,CA,AWP,WE,Towers with Radar,0,12,20,0,32,0,1,60,1,62,0,13,80,1,94,313,0,313,407
01/27/2020,HWD,CA,AWP,WE,Towers with Radar,0,4,30,0,34,0,0,48,0,48,0,4,78,0,82,362,0,362,444
01/28/2020,HWD,CA,AWP,WE,Towers with Radar,0,3,19,0,22,0,0,34,0,34,0,3,53,0,56,128,0,128,184
01/29/2020,HWD,CA,AWP,WE,Towers with Radar,0,1,22,0,23,0,1,131,1,133,0,2,153,1,156,268,0,268,424
01/30/2020,HWD,CA,AWP,WE,Towers with Radar,0,3,28,0,31,0,2,42,0,44,0,5,70,0,75,102,0,102,177
01/31/2020,HWD,CA,AWP,WE,Towers with Radar,0,6,25,0,31,0,1,105,0,106,0,7,130,0,137,251,0,251,388
02/01/2020,HWD,CA,AWP,WE,Towers with Radar,0,0,22,0,22,0,0,109,0,109,0,0,131,0,131,246,0,246,377
02/02/2020,HWD,CA,AWP,WE,Towers with Radar,0,4,16,0,20,0,0,26,0,26,0,4,42,0,46,16,0,16,62
02/03/2020,HWD,CA,AWP,WE,Towers with Radar,0,3,19,0,22,0,0,69,2,71,0,3,88,2,93,35,0,35,128
02/04/2020,HWD,CA,AWP,WE,Towers with Radar,0,1,19,0,20,0,0,74,0,74,0,1,93,0,94,108,0,108,202
02/05/2020,HWD,CA,AWP,WE,Towers with Radar,0,3,29,0,32,0,1,109,0,110,0,4,138,0,142,231,0,231,373
02/06/2020,HWD,CA,AWP,WE,Towers with Radar,0,1,23,0,24,0,0,123,0,123,0,1,146,0,147,271,0,271,418
02/07/2020,HWD,CA,AWP,WE,Towers with Radar,0,5,17,0,22,0,0,107,0,107,0,5,124,0,129,264,0,264,393
02/08/2020,HWD,CA,AWP,WE,Towers with Radar,0,3,23,0,26,0,1,135,0,136,0,4,158,0,162,244,0,244,406
02/09/2020,HWD,CA,AWP,WE,Towers with Radar,0,1,1,0,2,0,0,4,0,4,0,1,5,0,6,0,0,0,6
02/10/2020,HWD,CA,AWP,WE,Towers with Radar,0,6,10,0,16,0,1,70,1,72,0,7,80,1,88,166,0,166,254
02/11/2020,HWD,CA,AWP,WE,Towers with Radar,0,4,6,0,10,0,0,129,1,130,0,4,135,1,140,252,0,252,392
02/12/2020,HWD,CA,AWP,WE,Towers with Radar,0,0,22,0,22,0,0,122,1,123,0,0,144,1,145,252,0,252,397
02/13/2020,HWD,CA,AWP,WE,Towers with Radar,0,5,22,0,27,0,0,79,0,79,0,5,101,0,106,273,0,273,379
02/14/2020,HWD,CA,AWP,WE,Towers with Radar,0,5,20,0,25,0,0,118,0,118,0,5,138,0,143,165,0,165,308
02/15/2020,HWD,CA,AWP,WE,Towers with Radar,0,2,18,0,20,0,1,153,0,154,0,3,171,0,174,292,0,292,466
02/16/2020,HWD,CA,AWP,WE,Towers with Radar,0,0,14,0,14,0,0,93,0,93,0,0,107,0,107,173,0,173,280
02/17/2020,HWD,CA,AWP,WE,Towers with Radar,0,0,20,0,20,0,0,107,0,107,0,0,127,0,127,162,0,162,289
02/18/2020,HWD,CA,AWP,WE,Towers with Radar,0,3,17,0,20,0,0,81,0,81,0,3,98,0,101,226,0,226,327
02/19/2020,HWD,CA,AWP,WE,Towers with Radar,0,3,25,1,29,0,0,116,0,116,0,3,141,1,145,297,0,297,442
02/20/2020,HWD,CA,AWP,WE,Towers with Radar,0,1,28,0,29,0,0,125,1,126,0,1,153,1,155,225,0,225,380
02/21/2020,HWD,CA,AWP,WE,Towers with Radar,0,1,19,0,20,0,0,128,2,130,0,1,147,2,150,155,0,155,305
02/22/2020,HWD,CA,AWP,WE,Towers with Radar,0,0,20,0,20,0,0,125,0,125,0,0,145,0,145,214,0,214,359
02/23/2020,HWD,CA,AWP,WE,Towers with Radar,0,5,29,0,34,0,2,78,0,80,0,7,107,0,114,162,0,162,276
02/24/2020,HWD,CA,AWP,WE,Towers with Radar,0,6,14,0,20,0,0,113,0,113,0,6,127,0,133,366,0,366,499
02/25/2020,HWD,CA,AWP,WE,Towers with Radar,0,1,28,0,29,0,0,101,0,101,0,1,129,0,130,186,0,186,316
02/26/2020,HWD,CA,AWP,WE,Towers with Radar,0,4,32,0,36,0,2,120,1,123,0,6,152,1,159,303,0,303,462
02/27/2020,HWD,CA,AWP,WE,Towers with Radar,0,5,20,0,25,0,0,114,4,118,0,5,134,4,143,227,0,227,370
02/28/2020,HWD,CA,AWP,WE,Towers with Radar,0,7,16,0,23,0,1,80,0,81,0,8,96,0,104,264,0,264,368
02/29/2020,HWD,CA,AWP,WE,Towers with Radar,0,4,16,0,20,0,1,65,0,66,0,5,81,0,86,176,0,176,262
03/01/2020,HWD,CA,AWP,WE,Towers with Radar,0,7,21,0,28,0,0,62,0,62,0,7,83,0,90,100,0,100,190
03/02/2020,HWD,CA,AWP,WE,Towers with Radar,0,0,9,0,9,0,0,53,0,53,0,0,62,0,62,94,0,94,156
03/03/2020,HWD,CA,AWP,WE,Towers with Radar,0,1,18,0,19,0,0,109,0,109,0,1,127,0,128,223,0,223,351
03/04/2020,HWD,CA,AWP,WE,Towers with Radar,0,3,21,0,24,0,0,129,0,129,0,3,150,0,153,245,0,245,398
03/05/2020,HWD,CA,AWP,WE,Towers with Radar,0,11,36,0,47,0,1,103,3,107,0,12,139,3,154,156,0,156,310
03/06/2020,HWD,CA,AWP,WE,Towers with Radar,0,5,32,0,37,0,0,80,2,82,0,5,112,2,119,179,0,179,298
03/07/2020,HWD,CA,AWP,WE,Towers with Radar,0,3,21,0,24,0,0,25,0,25,0,3,46,0,49,157,0,157,206
03/08/2020,HWD,CA,AWP,WE,Towers with Radar,0,5,29,0,34,0,0,104,1,105,0,5,133,1,139,244,0,244,383
03/09/2020,HWD,CA,AWP,WE,Towers with Radar,0,0,14,0,14,0,0,111,1,112,0,0,125,1,126,236,0,236,362
03/10/2020,HWD,CA,AWP,WE,Towers with Radar,0,2,19,0,21,0,0,80,0,80,0,2,99,0,101,203,0,203,304
03/11/2020,HWD,CA,AWP,WE,Towers with Radar,0,6,23,0,29,0,1,135,0,136,0,7,158,0,165,234,0,234,399
03/12/2020,HWD,CA,AWP,WE,Towers with Radar,0,2,16,0,18,0,1,103,0,104,0,3,119,0,122,248,0,248,370
03/13/2020,HWD,CA,AWP,WE,Towers with Radar,0,6,19,0,25,0,0,66,3,69,0,6,85,3,94,159,0,159,253
03/14/2020,HWD,CA,AWP,WE,Towers with Radar,0,1,13,0,14,0,0,6,0,6,0,1,19,0,20,20,0,20,40
03/15/2020,HWD,CA,AWP,WE,Towers with Radar,0,2,18,0,20,0,0,46,0,46,0,2,64,0,66,51,0,51,117
03/16/2020,HWD,CA,AWP,WE,Towers with Radar,0,1,14,0,15,0,0,36,0,36,0,1,50,0,51,114,0,114,165
03/17/2020,HWD,CA,AWP,WE,Towers with Radar,0,2,7,0,9,0,0,62,0,62,0,2,69,0,71,92,0,92,163
03/18/2020,HWD,CA,AWP,WE,Towers with Radar,0,1,13,0,14,0,0,41,1,42,0,1,54,1,56,70,0,70,126
03/19/2020,HWD,CA,AWP,WE,Towers with Radar,0,1,11,0,12,0,0,53,0,53,0,1,64,0,65,42,0,42,107
03/20/2020,HWD,CA,AWP,WE,Towers with Radar,0,4,13,0,17,0,0,61,0,61,0,4,74,0,78,110,0,110,188
03/21/2020,HWD,CA,AWP,WE,Towers with Radar,0,3,2,0,5,0,0,30,0,30,0,3,32,0,35,46,0,46,81
03/22/2020,HWD,CA,AWP,WE,Towers with Radar,0,0,2,0,2,0,0,25,0,25,0,0,27,0,27,33,0,33,60
03/23/2020,HWD,CA,AWP,WE,Towers with Radar,0,2,5,0,7,0,0,16,0,16,0,2,21,0,23,55,0,55,78
03/24/2020,HWD,CA,AWP,WE,Towers with Radar,0,3,2,2,7,0,0,5,0,5,0,3,7,2,12,22,0,22,34
03/25/2020,HWD,CA,AWP,WE,Towers with Radar,0,3,4,0,7,0,0,19,1,20,0,3,23,1,27,65,0,65,92
03/26/2020,HWD,CA,AWP,WE,Towers with Radar,0,0,11,0,11,0,0,55,0,55,0,0,66,0,66,121,0,121,187
03/27/2020,HWD,CA,AWP,WE,Towers with Radar,0,2,8,0,10,0,2,37,2,41,0,4,45,2,51,80,0,80,131
03/28/2020,HWD,CA,AWP,WE,Towers with Radar,0,4,9,0,13,0,0,12,0,12,0,4,21,0,25,76,0,76,101
03/29/2020,HWD,CA,AWP,WE,Towers with Radar,0,0,11,0,11,0,0,18,0,18,0,0,29,0,29,4,0,4,33
03/30/2020,HWD,CA,AWP,WE,Towers with Radar,0,0,4,0,4,0,0,42,1,43,0,0,46,1,47,44,0,44,91
03/31/2020,HWD,CA,AWP,WE,Towers with Radar,0,0,11,0,11,0,0,28,0,28,0,0,39,0,39,30,0,30,69
04/01/2020,HWD,CA,AWP,WE,Towers with Radar,0,0,5,2,7,0,0,57,0,57,0,0,62,2,64,40,0,40,104
04/02/2020,HWD,CA,AWP,WE,Towers with Radar,0,0,5,0,5,0,2,53,0,55,0,2,58,0,60,60,0,60,120
04/03/2020,HWD,CA,AWP,WE,Towers with Radar,0,2,9,0,11,0,0,90,2,92,0,2,99,2,103,46,0,46,149
04/04/2020,HWD,CA,AWP,WE,Towers with Radar,0,0,2,0,2,0,0,8,0,8,0,0,10,0,10,10,0,10,20
04/05/2020,HWD,CA,AWP,WE,Towers with Radar,0,0,3,0,3,0,0,0,1,1,0,0,3,1,4,0,0,0,4
04/06/2020,HWD,CA,AWP,WE,Towers with Radar,0,0,1,0,1,0,0,16,0,16,0,0,17,0,17,4,0,4,21
04/07/2020,HWD,CA,AWP,WE,Towers with Radar,0,2,6,0,8,0,1,42,1,44,0,3,48,1,52,52,0,52,104
04/08/2020,HWD,CA,AWP,WE,Towers with Radar,0,1,10,0,11,0,0,48,0,48,0,1,58,0,59,31,0,31,90
04/09/2020,HWD,CA,AWP,WE,Towers with Radar,0,2,9,0,11,0,0,43,0,43,0,2,52,0,54,34,0,34,88
04/10/2020,HWD,CA,AWP,WE,Towers with Radar,0,0,6,0,6,0,0,49,0,49,0,0,55,0,55,56,0,56,111
04/11/2020,HWD,CA,AWP,WE,Towers with Radar,0,0,9,0,9,0,0,21,0,21,0,0,30,0,30,46,0,46,76
04/12/2020,HWD,CA,AWP,WE,Towers with Radar,0,0,8,0,8,0,0,26,0,26,0,0,34,0,34,69,0,69,103
04/13/2020,HWD,CA,AWP,WE,Towers with Radar,0,0,2,0,2,0,0,60,0,60,0,0,62,0,62,92,0,92,154
04/14/2020,HWD,CA,AWP,WE,Towers with Radar,0,0,5,0,5,0,0,83,1,84,0,0,88,1,89,42,0,42,131
04/15/2020,HWD,CA,AWP,WE,Towers with Radar,0,2,13,0,15,0,0,72,0,72,0,2,85,0,87,36,0,36,123
04/16/2020,HWD,CA,AWP,WE,Towers with Radar,0,0,11,0,11,0,0,40,1,41,0,0,51,1,52,18,0,18,70
04/17/2020,HWD,CA,AWP,WE,Towers with Radar,0,0,7,0,7,0,0,35,0,35,0,0,42,0,42,19,0,19,61
04/18/2020,HWD,CA,AWP,WE,Towers with Radar,0,7,11,0,18,0,0,46,0,46,0,7,57,0,64,78,0,78,142
04/19/2020,HWD,CA,AWP,WE,Towers with Radar,0,1,6,0,7,0,0,47,0,47,0,1,53,0,54,124,0,124,178
04/20/2020,HWD,CA,AWP,WE,Towers with Radar,0,0,1,0,1,0,0,34,0,34,0,0,35,0,35,54,0,54,89
04/21/2020,HWD,CA,AWP,WE,Towers with Radar,0,0,16,0,16,0,0,71,0,71,0,0,87,0,87,62,0,62,149
04/22/2020,HWD,CA,AWP,WE,Towers with Radar,0,3,4,0,7,0,0,93,0,93,0,3,97,0,100,130,0,130,230
04/23/2020,HWD,CA,AWP,WE,Towers with Radar,0,3,14,0,17,0,0,49,0,49,0,3,63,0,66,66,0,66,132
04/24/2020,HWD,CA,AWP,WE,Towers with Radar,0,2,8,0,10,0,1,91,0,92,0,3,99,0,102,127,0,127,229
04/25/2020,HWD,CA,AWP,WE,Towers with Radar,0,0,3,0,3,0,0,63,0,63,0,0,66,0,66,136,0,136,202
04/26/2020,HWD,CA,AWP,WE,Towers with Radar,0,0,14,0,14,0,0,86,0,86,0,0,100,0,100,106,0,106,206
04/27/2020,HWD,CA,AWP,WE,Towers with Radar,0,2,3,0,5,0,0,58,2,60,0,2,61,2,65,88,0,88,153
04/28/2020,HWD,CA,AWP,WE,Towers with Radar,0,3,7,0,10,0,0,74,1,75,0,3,81,1,85,35,0,35,120
04/29/2020,HWD,CA,AWP,WE,Towers with Radar,0,1,11,0,12,0,0,29,0,29,0,1,40,0,41,124,0,124,165
04/30/2020,HWD,CA,AWP,WE,Towers with Radar,0,1,13,0,14,0,0,61,0,61,0,1,74,0,75,82,0,82,157
05/01/2020,HWD,CA,AWP,WE,Towers with Radar,0,5,10,0,15,0,1,103,0,104,0,6,113,0,119,118,0,118,237
05/02/2020,HWD,CA,AWP,WE,Towers with Radar,0,1,15,0,16,0,0,46,0,46,0,1,61,0,62,144,0,144,206
05/03/2020,HWD,CA,AWP,WE,Towers with Radar,0,1,13,0,14,0,3,120,1,124,0,4,133,1,138,100,0,100,238
05/04/2020,HWD,CA,AWP,WE,Towers with Radar,0,1,9,0,10,0,0,54,2,56,0,1,63,2,66,138,0,138,204
05/05/2020,HWD,CA,AWP,WE,Towers with Radar,0,0,8,0,8,0,0,64,1,65,0,0,72,1,73,33,0,33,106
05/06/2020,HWD,CA,AWP,WE,Towers with Radar,0,3,10,0,13,0,0,71,0,71,0,3,81,0,84,86,0,86,170
05/07/2020,HWD,CA,AWP,WE,Towers with Radar,0,0,12,0,12,0,0,90,1,91,0,0,102,1,103,156,0,156,259
05/08/2020,HWD,CA,AWP,WE,Towers with Radar,0,1,16,0,17,0,0,83,0,83,0,1,99,0,100,196,0,196,296
05/09/2020,HWD,CA,AWP,WE,Towers with Radar,0,1,23,0,24,0,1,111,0,112,0,2,134,0,136,96,0,96,232
05/10/2020,HWD,CA,AWP,WE,Towers with Radar,0,2,9,0,11,0,0,50,0,50,0,2,59,0,61,122,0,122,183
05/11/2020,HWD,CA,AWP,WE,Towers with Radar,0,0,13,0,13,0,0,33,1,34,0,0,46,1,47,26,0,26,73
05/12/2020,HWD,CA,AWP,WE,Towers with Radar,0,0,12,0,12,0,0,28,0,28,0,0,40,0,40,30,0,30,70
05/13/2020,HWD,CA,AWP,WE,Towers with Radar,0,2,21,0,23,0,0,28,0,28,0,2,49,0,51,96,0,96,147
05/14/2020,HWD,CA,AWP,WE,Towers with Radar,0,2,17,0,19,0,0,62,2,64,0,2,79,2,83,129,0,129,212
05/15/2020,HWD,CA,AWP,WE,Towers with Radar,0,5,19,0,24,0,0,95,1,96,0,5,114,1,120,86,0,86,206
05/16/2020,HWD,CA,AWP,WE,Towers with Radar,0,2,24,0,26,0,0,91,0,91,0,2,115,0,117,114,0,114,231
05/17/2020,HWD,CA,AWP,WE,Towers with Radar,0,5,14,0,19,0,0,12,0,12,0,5,26,0,31,10,0,10,41
05/18/2020,HWD,CA,AWP,WE,Towers with Radar,0,2,14,0,16,0,0,22,0,22,0,2,36,0,38,58,0,58,96
05/19/2020,HWD,CA,AWP,WE,Towers with Radar,0,1,13,0,14,0,3,60,0,63,0,4,73,0,77,37,0,37,114
05/20/2020,HWD,CA,AWP,WE,Towers with Radar,0,5,22,0,27,0,0,88,0,88,0,5,110,0,115,124,0,124,239
05/21/2020,HWD,CA,AWP,WE,Towers with Radar,0,1,12,0,13,0,0,101,0,101,0,1,113,0,114,92,0,92,206
05/22/2020,HWD,CA,AWP,WE,Towers with Radar,0,6,11,0,17,0,0,108,0,108,0,6,119,0,125,138,0,138,263
05/23/2020,HWD,CA,AWP,WE,Towers with Radar,0,2,20,0,22,0,0,120,3,123,0,2,140,3,145,164,0,164,309
05/24/2020,HWD,CA,AWP,WE,Towers with Radar,0,0,20,0,20,0,0,80,0,80,0,0,100,0,100,125,0,125,225
05/25/2020,HWD,CA,AWP,WE,Towers with Radar,0,1,21,0,22,0,0,92,0,92,0,1,113,0,114,159,0,159,273
05/26/2020,HWD,CA,AWP,WE,Towers with Radar,0,1,15,0,16,0,0,80,0,80,0,1,95,0,96,55,0,55,151
05/27/2020,HWD,CA,AWP,WE,Towers with Radar,0,3,27,0,30,0,0,103,0,103,0,3,130,0,133,262,0,262,395
05/28/2020,HWD,CA,AWP,WE,Towers with Radar,0,5,22,0,27,0,0,96,0,96,0,5,118,0,123,160,0,160,283
05/29/2020,HWD,CA,AWP,WE,Towers with Radar,0,3,19,0,22,0,3,109,2,114,0,6,128,2,136,72,0,72,208
05/30/2020,HWD,CA,AWP,WE,Towers with Radar,0,1,16,0,17,0,0,44,0,44,0,1,60,0,61,36,0,36,97
05/31/2020,HWD,CA,AWP,WE,Towers with Radar,0,4,21,0,25,0,0,69,0,69,0,4,90,0,94,111,0,111,205
06/01/2020,HWD,CA,AWP,WE,Towers with Radar,0,1,14,0,15,0,0,74,0,74,0,1,88,0,89,71,0,71,160
06/02/2020,HWD,CA,AWP,WE,Towers with Radar,0,2,10,0,12,0,0,85,0,85,0,2,95,0,97,116,0,116,213
06/03/2020,HWD,CA,AWP,WE,Towers with Radar,0,5,23,0,28,0,0,125,0,125,0,5,148,0,153,156,0,156,309
06/04/2020,HWD,CA,AWP,WE,Towers with Radar,0,7,20,0,27,0,0,95,1,96,0,7,115,1,123,145,0,145,268
06/05/2020,HWD,CA,AWP,WE,Towers with Radar,0,5,20,0,25,0,0,50,2,52,0,5,70,2,77,27,0,27,104
06/06/2020,HWD,CA,AWP,WE,Towers with Radar,0,2,20,0,22,0,0,48,1,49,0,2,68,1,71,41,0,41,112
06/07/2020,HWD,CA,AWP,WE,Towers with Radar,0,3,16,0,19,0,0,68,0,68,0,3,84,0,87,38,0,38,125
06/08/2020,HWD,CA,AWP,WE,Towers with Radar,0,6,10,0,16,0,1,117,1,119,0,7,127,1,135,82,0,82,217
06/09/2020,HWD,CA,AWP,WE,Towers with Radar,0,2,17,0,19,0,0,108,0,108,0,2,125,0,127,124,0,124,251
06/10/2020,HWD,CA,AWP,WE,Towers with Radar,0,4,20,0,24,0,0,121,0,121,0,4,141,0,145,244,0,244,389
06/11/2020,HWD,CA,AWP,WE,Towers with Radar,0,5,13,0,18,0,0,115,0,115,0,5,128,0,133,220,0,220,353
06/12/2020,HWD,CA,AWP,WE,Towers with Radar,0,1,30,0,31,0,2,52,0,54,0,3,82,0,85,20,0,20,105
06/13/2020,HWD,CA,AWP,WE,Towers with Radar,0,1,13,0,14,0,0,106,1,107,0,1,119,1,121,88,0,88,209
06/14/2020,HWD,CA,AWP,WE,Towers with Radar,0,3,28,0,31,0,0,90,0,90,0,3,118,0,121,46,0,46,167
06/15/2020,HWD,CA,AWP,WE,Towers with Radar,0,2,16,0,18,0,0,91,1,92,0,2,107,1,110,97,0,97,207
06/16/2020,HWD,CA,AWP,WE,Towers with Radar,0,3,14,0,17,0,0,101,0,101,0,3,115,0,118,107,0,107,225
06/17/2020,HWD,CA,AWP,WE,Towers with Radar,0,4,20,0,24,0,0,105,1,106,0,4,125,1,130,193,0,193,323
06/18/2020,HWD,CA,AWP,WE,Towers with Radar,0,1,24,2,27,0,0,124,0,124,0,1,148,2,151,189,0,189,340
06/19/2020,HWD,CA,AWP,WE,Towers with Radar,0,2,22,0,24,0,0,121,1,122,0,2,143,1,146,216,0,216,362
06/20/2020,HWD,CA,AWP,WE,Towers with Radar,0,5,31,0,36,0,0,92,0,92,0,5,123,0,128,258,0,258,386
06/21/2020,HWD,CA,AWP,WE,Towers with Radar,0,1,20,0,21,0,2,88,0,90,0,3,108,0,111,86,0,86,197
06/22/2020,HWD,CA,AWP,WE,Towers with Radar,0,2,21,0,23,0,0,87,1,88,0,2,108,1,111,202,0,202,313
06/23/2020,HWD,CA,AWP,WE,Towers with Radar,0,1,22,0,23,0,2,86,0,88,0,3,108,0,111,187,0,187,298
06/24/2020,HWD,CA,AWP,WE,Towers with Radar,0,4,22,0,26,0,0,75,0,75,0,4,97,0,101,213,0,213,314
06/25/2020,HWD,CA,AWP,WE,Towers with Radar,0,0,26,0,26,0,0,106,0,106,0,0,132,0,132,315,0,315,447
06/26/2020,HWD,CA,AWP,WE,Towers with Radar,0,4,14,0,18,0,0,93,0,93,0,4,107,0,111,231,0,231,342
06/27/2020,HWD,CA,AWP,WE,Towers with Radar,1,1,27,0,29,0,0,97,2,99,1,1,124,2,128,126,0,126,254
06/28/2020,HWD,CA,AWP,WE,Towers with Radar,0,3,20,0,23,0,0,76,0,76,0,3,96,0,99,74,0,74,173
06/29/2020,HWD,CA,AWP,WE,Towers with Radar,0,2,20,0,22,0,1,102,0,103,0,3,122,0,125,307,0,307,432
06/30/2020,HWD,CA,AWP,WE,Towers with Radar,0,1,14,0,15,0,2,86,0,88,0,3,100,0,103,324,0,324,427
07/01/2020,HWD,CA,AWP,WE,Towers with Radar,0,2,24,0,26,0,0,111,0,111,0,2,135,0,137,285,0,285,422
07/02/2020,HWD,CA,AWP,WE,Towers with Radar,0,5,19,0,24,0,2,82,0,84,0,7,101,0,108,161,0,161,269
07/03/2020,HWD,CA,AWP,WE,Towers with Radar,0,1,18,0,19,0,1,97,0,98,0,2,115,0,117,250,0,250,367
07/04/2020,HWD,CA,AWP,WE,Towers with Radar,0,0,6,0,6,0,0,84,0,84,0,0,90,0,90,205,0,205,295
07/05/2020,HWD,CA,AWP,WE,Towers with Radar,0,6,18,0,24,0,1,85,0,86,0,7,103,0,110,128,0,128,238
07/06/2020,HWD,CA,AWP,WE,Towers with Radar,0,0,13,0,13,0,1,94,4,99,0,1,107,4,112,92,0,92,204
07/07/2020,HWD,CA,AWP,WE,Towers with Radar,0,2,20,0,22,0,1,96,1,98,0,3,116,1,120,161,0,161,281
07/08/2020,HWD,CA,AWP,WE,Towers with Radar,0,1,13,1,15,0,0,87,0,87,0,1,100,1,102,142,0,142,244
07/09/2020,HWD,CA,AWP,WE,Towers with Radar,0,3,17,0,20,0,0,78,0,78,0,3,95,0,98,197,0,197,295
07/10/2020,HWD,CA,AWP,WE,Towers with Radar,0,9,16,0,25,0,1,86,1,88,0,10,102,1,113,228,0,228,341
07/11/2020,HWD,CA,AWP,WE,Towers with Radar,0,4,15,0,19,0,0,93,0,93,0,4,108,0,112,198,0,198,310
07/12/2020,HWD,CA,AWP,WE,Towers with Radar,0,4,13,0,17,0,1,92,0,93,0,5,105,0,110,267,0,267,377
07/13/2020,HWD,CA,AWP,WE,Towers with Radar,0,7,8,1,16,0,0,62,1,63,0,7,70,2,79,146,0,146,225
07/14/2020,HWD,CA,AWP,WE,Towers with Radar,0,5,11,1,17,0,0,63,1,64,0,5,74,2,81,163,0,163,244
07/15/2020,HWD,CA,AWP,WE,Towers with Radar,0,5,34,0,39,0,0,87,0,87,0,5,121,0,126,203,0,203,329
07/16/2020,HWD,CA,AWP,WE,Towers with Radar,0,2,23,0,25,0,0,82,0,82,0,2,105,0,107,149,0,149,256
07/17/2020,HWD,CA,AWP,WE,Towers with Radar,0,4,23,0,27,0,2,99,2,103,0,6,122,2,130,142,0,142,272
07/18/2020,HWD,CA,AWP,WE,Towers with Radar,0,5,20,0,25,0,0,98,0,98,0,5,118,0,123,322,0,322,445
07/19/2020,HWD,CA,AWP,WE,Towers with Radar,0,5,32,0,37,0,0,94,0,94,0,5,126,0,131,212,0,212,343
07/20/2020,HWD,CA,AWP,WE,Towers with Radar,0,6,25,1,32,0,2,88,1,91,0,8,113,2,123,249,0,249,372
07/21/2020,HWD,CA,AWP,WE,Towers with Radar,0,4,22,0,26,0,2,93,0,95,0,6,115,0,121,233,0,233,354
07/22/2020,HWD,CA,AWP,WE,Towers with Radar,0,6,16,0,22,0,1,84,0,85,0,7,100,0,107,270,0,270,377
07/23/2020,HWD,CA,AWP,WE,Towers with Radar,0,2,33,0,35,0,1,89,0,90,0,3,122,0,125,184,0,184,309
07/24/2020,HWD,CA,AWP,WE,Towers with Radar,0,7,21,0,28,0,0,96,0,96,0,7,117,0,124,189,0,189,313
07/25/2020,HWD,CA,AWP,WE,Towers with Radar,0,7,22,0,29,0,2,116,0,118,0,9,138,0,147,309,0,309,456
07/26/2020,HWD,CA,AWP,WE,Towers with Radar,0,3,26,0,29,0,0,98,0,98,0,3,124,0,127,289,0,289,416
07/27/2020,HWD,CA,AWP,WE,Towers with Radar,0,2,12,0,14,0,1,97,0,98,0,3,109,0,112,311,0,311,423
07/28/2020,HWD,CA,AWP,WE,Towers with Radar,0,5,14,0,19,0,3,98,0,101,0,8,112,0,120,300,0,300,420
07/29/2020,HWD,CA,AWP,WE,Towers with Radar,0,5,23,0,28,0,1,97,0,98,0,6,120,0,126,227,0,227,353
07/30/2020,HWD,CA,AWP,WE,Towers with Radar,0,2,18,0,20,0,1,75,1,77,0,3,93,1,97,194,0,194,291
07/31/2020,HWD,CA,AWP,WE,Towers with Radar,0,4,29,0,33,0,0,91,0,91,0,4,120,0,124,174,0,174,298
08/01/2020,HWD,CA,AWP,WE,Towers with Radar,0,7,24,0,31,0,0,111,0,111,0,7,135,0,142,146,0,146,288
08/02/2020,HWD,CA,AWP,WE,Towers with Radar,0,10,31,0,41,0,0,110,0,110,0,10,141,0,151,202,0,202,353
08/03/2020,HWD,CA,AWP,WE,Towers with Radar,0,2,14,2,18,0,0,84,0,84,0,2,98,2,102,256,0,256,358
08/04/2020,HWD,CA,AWP,WE,Towers with Radar,0,3,18,0,21,0,0,49,0,49,0,3,67,0,70,75,0,75,145
08/05/2020,HWD,CA,AWP,WE,Towers with Radar,0,5,29,0,34,0,0,27,0,27,0,5,56,0,61,57,0,57,118
08/06/2020,HWD,CA,AWP,WE,Towers with Radar,0,3,18,0,21,0,0,78,0,78,0,3,96,0,99,334,0,334,433
08/07/2020,HWD,CA,AWP,WE,Towers with Radar,0,1,14,0,15,0,0,107,2,109,0,1,121,2,124,227,0,227,351
08/08/2020,HWD,CA,AWP,WE,Towers with Radar,0,6,23,0,29,0,0,111,0,111,0,6,134,0,140,201,0,201,341
08/09/2020,HWD,CA,AWP,WE,Towers with Radar,0,5,16,0,21,0,1,106,0,107,0,6,122,0,128,360,0,360,488
08/10/2020,HWD,CA,AWP,WE,Towers with Radar,0,3,18,0,21,0,0,93,2,95,0,3,111,2,116,236,0,236,352
08/11/2020,HWD,CA,AWP,WE,Towers with Radar,0,3,17,0,20,0,2,96,1,99,0,5,113,1,119,292,0,292,411
08/12/2020,HWD,CA,AWP,WE,Towers with Radar,0,6,22,0,28,0,1,74,0,75,0,7,96,0,103,232,0,232,335
08/13/2020,HWD,CA,AWP,WE,Towers with Radar,0,6,15,0,21,0,4,108,0,112,0,10,123,0,133,355,0,355,488
08/14/2020,HWD,CA,AWP,WE,Towers with Radar,0,5,24,0,29,0,0,133,2,135,0,5,157,2,164,242,0,242,406
08/15/2020,HWD,CA,AWP,WE,Towers with Radar,0,6,16,0,22,0,0,115,0,115,0,6,131,0,137,269,0,269,406
08/16/2020,HWD,CA,AWP,WE,Towers with Radar,0,6,21,0,27,0,0,63,0,63,0,6,84,0,90,179,0,179,269
08/17/2020,HWD,CA,AWP,WE,Towers with Radar,0,5,15,0,20,0,1,75,1,77,0,6,90,1,97,264,0,264,361
08/18/2020,HWD,CA,AWP,WE,Towers with Radar,0,3,20,0,23,0,2,93,0,95,0,5,113,0,118,298,0,298,416
08/19/2020,HWD,CA,AWP,WE,Towers with Radar,0,5,33,1,39,0,0,21,1,22,0,5,54,2,61,92,0,92,153
08/20/2020,HWD,CA,AWP,WE,Towers with Radar,0,2,18,0,20,0,0,72,0,72,0,2,90,0,92,264,0,264,356
08/21/2020,HWD,CA,AWP,WE,Towers with Radar,0,0,26,0,26,0,0,50,0,50,0,0,76,0,76,290,0,290,366
08/22/2020,HWD,CA,AWP,WE,Towers with Radar,0,1,25,0,26,0,0,35,0,35,0,1,60,0,61,292,0,292,353
08/23/2020,HWD,CA,AWP,WE,Towers with Radar,0,8,35,0,43,0,0,7,0,7,0,8,42,0,50,8,0,8,58
08/24/2020,HWD,CA,AWP,WE,Towers with Radar,0,2,23,0,25,0,0,28,0,28,0,2,51,0,53,211,0,211,264
08/25/2020,HWD,CA,AWP,WE,Towers with Radar,0,6,14,0,20,0,0,12,1,13,0,6,26,1,33,42,0,42,75
08/26/2020,HWD,CA,AWP,WE,Towers with Radar,0,10,26,0,36,0,0,47,0,47,0,10,73,0,83,166,0,166,249
08/27/2020,HWD,CA,AWP,WE,Towers with Radar,0,3,22,0,25,0,1,114,1,116,0,4,136,1,141,402,0,402,543
08/28/2020,HWD,CA,AWP,WE,Towers with Radar,0,5,34,0,39,0,0,29,1,30,0,5,63,1,69,184,0,184,253
08/29/2020,HWD,CA,AWP,WE,Towers with Radar,0,2,23,0,25,0,0,53,0,53,0,2,76,0,78,165,0,165,243
08/30/2020,HWD,CA,AWP,WE,Towers with Radar,0,11,23,0,34,0,0,61,0,61,0,11,84,0,95,276,0,276,371
08/31/2020,HWD,CA,AWP,WE,Towers with Radar,0,7,17,1,25,0,1,34,0,35,0,8,51,1,60,324,0,324,384
09/01/2020,HWD,CA,AWP,WE,Towers with Radar,0,3,24,0,27,0,0,52,0,52,0,3,76,0,79,265,0,265,344
09/02/2020,HWD,CA,AWP,WE,Towers with Radar,0,6,18,0,24,0,0,58,0,58,0,6,76,0,82,199,0,199,281
09/03/2020,HWD,CA,AWP,WE,Towers with Radar,0,5,32,0,37,0,1,35,0,36,0,6,67,0,73,153,0,153,226
09/04/2020,HWD,CA,AWP,WE,Towers with Radar,0,5,32,0,37,0,3,96,0,99,0,8,128,0,136,243,0,243,379
09/05/2020,HWD,CA,AWP,WE,Towers with Radar,0,4,13,0,17,0,0,92,1,93,0,4,105,1,110,174,0,174,284
09/06/2020,HWD,CA,AWP,WE,Towers with Radar,0,2,22,0,24,0,0,76,0,76,0,2,98,0,100,116,0,116,216
09/07/2020,HWD,CA,AWP,WE,Towers with Radar,0,4,39,0,43,0,0,88,0,88,0,4,127,0,131,334,0,334,465
09/08/2020,HWD,CA,AWP,WE,Towers with Radar,0,4,19,0,23,0,0,24,0,24,0,4,43,0,47,193,0,193,240
09/09/2020,HWD,CA,AWP,WE,Towers with Radar,0,4,20,0,24,0,0,5,2,7,0,4,25,2,31,56,0,56,87
09/10/2020,HWD,CA,AWP,WE,Towers with Radar,0,4,26,0,30,0,0,4,0,4,0,4,30,0,34,0,0,0,34
09/11/2020,HWD,CA,AWP,WE,Towers with Radar,0,2,21,0,23,0,0,0,0,0,0,2,21,0,23,0,0,0,23
09/12/2020,HWD,CA,AWP,WE,Towers with Radar,1,3,16,0,20,0,0,0,0,0,1,3,16,0,20,0,0,0,20
09/13/2020,HWD,CA,AWP,WE,Towers with Radar,0,6,24,0,30,0,0,1,0,1,0,6,25,0,31,0,0,0,31
09/14/2020,HWD,CA,AWP,WE,Towers with Radar,1,7,21,0,29,0,0,0,0,0,1,7,21,0,29,6,0,6,35
09/15/2020,HWD,CA,AWP,WE,Towers with Radar,0,4,15,0,19,0,0,62,1,63,0,4,77,1,82,211,0,211,293
09/16/2020,HWD,CA,AWP,WE,Towers with Radar,0,9,21,0,30,0,0,99,2,101,0,9,120,2,131,324,0,324,455
09/17/2020,HWD,CA,AWP,WE,Towers with Radar,0,6,24,0,30,0,0,69,1,70,0,6,93,1,100,208,0,208,308
09/18/2020,HWD,CA,AWP,WE,Towers with Radar,0,2,16,0,18,0,0,119,0,119,0,2,135,0,137,267,0,267,404
09/19/2020,HWD,CA,AWP,WE,Towers with Radar,0,4,24,0,28,0,1,136,0,137,0,5,160,0,165,192,0,192,357
09/20/2020,HWD,CA,AWP,WE,Towers with Radar,0,4,26,0,30,0,0,113,1,114,0,4,139,1,144,285,0,285,429
09/21/2020,HWD,CA,AWP,WE,Towers with Radar,0,2,17,0,19,0,0,72,0,72,0,2,89,0,91,252,0,252,343
09/22/2020,HWD,CA,AWP,WE,Towers with Radar,0,3,24,0,27,0,0,104,0,104,0,3,128,0,131,220,0,220,351
09/23/2020,HWD,CA,AWP,WE,Towers with Radar,0,3,19,0,22,0,2,124,1,127,0,5,143,1,149,167,0,167,316
09/24/2020,HWD,CA,AWP,WE,Towers with Radar,0,3,19,0,22,0,0,85,2,87,0,3,104,2,109,163,0,163,272
09/25/2020,HWD,CA,AWP,WE,Towers with Radar,0,4,23,0,27,0,0,117,3,120,0,4,140,3,147,214,0,214,361
09/26/2020,HWD,CA,AWP,WE,Towers with Radar,0,7,21,0,28,0,0,127,0,127,0,7,148,0,155,215,0,215,370
09/27/2020,HWD,CA,AWP,WE,Towers with Radar,0,6,36,0,42,0,1,104,0,105,0,7,140,0,147,185,0,185,332
09/28/2020,HWD,CA,AWP,WE,Towers with Radar,0,7,16,0,23,0,3,89,0,92,0,10,105,0,115,184,0,184,299
09/29/2020,HWD,CA,AWP,WE,Towers with Radar,0,4,13,0,17,0,0,96,1,97,0,4,109,1,114,180,0,180,294
09/30/2020,HWD,CA,AWP,WE,Towers with Radar,0,4,31,0,35,0,1,58,2,61,0,5,89,2,96,245,0,245,341
10/01/2020,HWD,CA,AWP,WE,Towers with Radar,0,7,29,0,36,0,0,33,0,33,0,7,62,0,69,195,0,195,264
10/02/2020,HWD,CA,AWP,WE,Towers with Radar,0,6,27,0,33,0,1,8,0,9,0,7,35,0,42,14,0,14,56
10/03/2020,HWD,CA,AWP,WE,Towers with Radar,0,5,18,0,23,0,1,53,0,54,0,6,71,0,77,355,0,355,432
10/04/2020,HWD,CA,AWP,WE,Towers with Radar,0,5,22,0,27,0,4,99,0,103,0,9,121,0,130,273,0,273,403
10/05/2020,HWD,CA,AWP,WE,Towers with Radar,0,6,17,0,23,0,1,81,2,84,0,7,98,2,107,228,0,228,335
10/06/2020,HWD,CA,AWP,WE,Towers with Radar,0,1,15,0,16,0,0,111,0,111,0,1,126,0,127,300,0,300,427
10/07/2020,HWD,CA,AWP,WE,Towers with Radar,0,5,22,1,28,0,0,74,2,76,0,5,96,3,104,220,0,220,324
10/08/2020,HWD,CA,AWP,WE,Towers with Radar,0,7,30,0,37,0,0,68,1,69,0,7,98,1,106,295,0,295,401
10/09/2020,HWD,CA,AWP,WE,Towers with Radar,0,8,27,0,35,0,0,99,1,100,0,8,126,1,135,150,0,150,285
10/10/2020,HWD,CA,AWP,WE,Towers with Radar,0,5,16,0,21,0,0,96,0,96,0,5,112,0,117,337,0,337,454
10/11/2020,HWD,CA,AWP,WE,Towers with Radar,0,1,5,0,6,0,0,146,0,146,0,1,151,0,152,248,0,248,400
10/12/2020,HWD,CA,AWP,WE,Towers with Radar,0,7,14,0,21,0,3,117,1,121,0,10,131,1,142,174,0,174,316
10/13/2020,HWD,CA,AWP,WE,Towers with Radar,0,2,18,0,20,0,1,98,0,99,0,3,116,0,119,203,0,203,322
10/14/2020,HWD,CA,AWP,WE,Towers with Radar,0,6,13,1,20,0,0,130,0,130,0,6,143,1,150,234,0,234,384
10/15/2020,HWD,CA,AWP,WE,Towers with Radar,0,5,28,0,33,0,1,89,2,92,0,6,117,2,125,181,0,181,306
10/16/2020,HWD,CA,AWP,WE,Towers with Radar,0,3,20,0,23,0,2,98,3,103,0,5,118,3,126,220,0,220,346
10/17/2020,HWD,CA,AWP,WE,Towers with Radar,0,6,17,0,23,0,1,181,2,184,0,7,198,2,207,221,0,221,428
10/18/2020,HWD,CA,AWP,WE,Towers with Radar,0,6,20,0,26,0,0,128,1,129,0,6,148,1,155,203,0,203,358
10/19/2020,HWD,CA,AWP,WE,Towers with Radar,0,4,18,0,22,0,1,90,0,91,0,5,108,0,113,138,0,138,251
10/20/2020,HWD,CA,AWP,WE,Towers with Radar,0,4,32,0,36,0,0,106,1,107,0,4,138,1,143,392,0,392,535
10/21/2020,HWD,CA,AWP,WE,Towers with Radar,0,11,23,0,34,0,6,108,2,116,0,17,131,2,150,187,0,187,337
10/22/2020,HWD,CA,AWP,WE,Towers with Radar,0,1,17,0,18,0,0,110,1,111,0,1,127,1,129,292,0,292,421
10/23/2020,HWD,CA,AWP,WE,Towers with Radar,0,4,26,0,30,0,2,119,0,121,0,6,145,0,151,352,0,352,503
10/24/2020,HWD,CA,AWP,WE,Towers with Radar,0,3,21,0,24,0,0,91,0,91,0,3,112,0,115,280,0,280,395
10/25/2020,HWD,CA,AWP,WE,Towers with Radar,0,4,39,0,43,0,2,88,0,90,0,6,127,0,133,315,0,315,448
10/26/2020,HWD,CA,AWP,WE,Towers with Radar,0,1,7,0,8,0,0,48,0,48,0,1,55,0,56,60,0,60,116
10/27/2020,HWD,CA,AWP,WE,Towers with Radar,0,4,14,0,18,0,0,85,0,85,0,4,99,0,103,192,0,192,295
10/28/2020,HWD,CA,AWP,WE,Towers with Radar,0,8,22,0,30,0,0,104,1,105,0,8,126,1,135,316,0,316,451
10/29/2020,HWD,CA,AWP,WE,Towers with Radar,0,3,21,0,24,0,3,116,0,119,0,6,137,0,143,258,0,258,401
10/30/2020,HWD,CA,AWP,WE,Towers with Radar,0,1,24,0,25,0,0,116,0,116,0,1,140,0,141,432,0,432,573
10/31/2020,HWD,CA,AWP,WE,Towers with Radar,0,3,17,0,20,0,0,108,0,108,0,3,125,0,128,290,0,290,418
11/01/2020,HWD,CA,AWP,WE,Towers with Radar,0,6,13,0,19,0,1,159,0,160,0,7,172,0,179,314,0,314,493
11/02/2020,HWD,CA,AWP,WE,Towers with Radar,0,4,10,1,15,0,0,103,1,104,0,4,113,2,119,240,0,240,359
11/03/2020,HWD,CA,AWP,WE,Towers with Radar,0,0,15,0,15,0,0,93,2,95,0,0,108,2,110,289,0,289,399
11/04/2020,HWD,CA,AWP,WE,Towers with Radar,0,3,13,1,17,0,0,87,2,89,0,3,100,3,106,210,0,210,316
11/05/2020,HWD,CA,AWP,WE,Towers with Radar,0,2,22,0,24,0,0,114,2,116,0,2,136,2,140,302,0,302,442
11/06/2020,HWD,CA,AWP,WE,Towers with Radar,0,10,19,0,29,0,2,67,1,70,0,12,86,1,99,116,0,116,215
11/07/2020,HWD,CA,AWP,WE,Towers with Radar,0,4,17,0,21,0,0,126,3,129,0,4,143,3,150,372,0,372,522
11/08/2020,HWD,CA,AWP,WE,Towers with Radar,0,5,8,0,13,0,0,22,0,22,0,5,30,0,35,66,0,66,101
11/09/2020,HWD,CA,AWP,WE,Towers with Radar,0,3,13,0,16,0,0,97,0,97,0,3,110,0,113,344,0,344,457
11/10/2020,HWD,CA,AWP,WE,Towers with Radar,0,3,12,0,15,0,0,87,1,88,0,3,99,1,103,386,0,386,489
11/11/2020,HWD,CA,AWP,WE,Towers with Radar,0,6,30,1,37,0,1,97,0,98,0,7,127,1,135,309,0,309,444
11/12/2020,HWD,CA,AWP,WE,Towers with Radar,0,7,20,0,27,0,1,152,1,154,0,8,172,1,181,310,0,310,491
11/13/2020,HWD,CA,AWP,WE,Towers with Radar,0,1,16,0,17,0,0,60,2,62,0,1,76,2,79,234,0,234,313
11/14/2020,HWD,CA,AWP,WE,Towers with Radar,0,8,27,0,35,0,0,118,0,118,0,8,145,0,153,302,0,302,455
11/15/2020,HWD,CA,AWP,WE,Towers with Radar,0,4,51,0,55,0,0,205,1,206,0,4,256,1,261,307,0,307,568
11/16/2020,HWD,CA,AWP,WE,Towers with Radar,0,3,11,0,14,0,0,96,0,96,0,3,107,0,110,237,0,237,347
11/17/2020,HWD,CA,AWP,WE,Towers with Radar,0,1,19,0,20,0,1,18,0,19,0,2,37,0,39,16,0,16,55
11/18/2020,HWD,CA,AWP,WE,Towers with Radar,0,8,30,0,38,0,1,39,0,40,0,9,69,0,78,255,0,255,333
11/19/2020,HWD,CA,AWP,WE,Towers with Radar,0,4,17,2,23,0,0,97,3,100,0,4,114,5,123,292,0,292,415
11/20/2020,HWD,CA,AWP,WE,Towers with Radar,0,2,15,0,17,0,1,123,0,124,0,3,138,0,141,388,0,388,529
11/21/2020,HWD,CA,AWP,WE,Towers with Radar,0,8,23,0,31,0,0,158,0,158,0,8,181,0,189,234,0,234,423
11/22/2020,HWD,CA,AWP,WE,Towers with Radar,0,4,9,0,13,0,0,154,0,154,0,4,163,0,167,339,0,339,506
11/23/2020,HWD,CA,AWP,WE,Towers with Radar,0,2,23,0,25,0,0,101,2,103,0,2,124,2,128,295,0,295,423
11/24/2020,HWD,CA,AWP,WE,Towers with Radar,0,1,27,0,28,0,1,144,3,148,0,2,171,3,176,254,0,254,430
11/25/2020,HWD,CA,AWP,WE,Towers with Radar,0,4,20,0,24,0,1,99,0,100,0,5,119,0,124,249,0,249,373
11/26/2020,HWD,CA,AWP,WE,Towers with Radar,0,3,6,0,9,0,0,16,0,16,0,3,22,0,25,16,0,16,41
11/27/2020,HWD,CA,AWP,WE,Towers with Radar,0,4,17,0,21,0,0,104,1,105,0,4,121,1,126,236,0,236,362
11/28/2020,HWD,CA,AWP,WE,Towers with Radar,0,3,22,0,25,0,0,110,0,110,0,3,132,0,135,179,0,179,314
11/29/2020,HWD,CA,AWP,WE,Towers with Radar,0,8,32,0,40,0,0,134,0,134,0,8,166,0,174,285,0,285,459
11/30/2020,HWD,CA,AWP,WE,Towers with Radar,0,3,12,0,15,0,0,91,0,91,0,3,103,0,106,156,0,156,262
12/01/2020,HWD,CA,AWP,WE,Towers with Radar,0,9,11,0,20,0,2,87,0,89,0,11,98,0,109,232,0,232,341
12/02/2020,HWD,CA,AWP,WE,Towers with Radar,0,1,13,0,14,0,0,90,2,92,0,1,103,2,106,278,0,278,384
12/03/2020,HWD,CA,AWP,WE,Towers with Radar,0,2,21,1,24,0,2,101,0,103,0,4,122,1,127,288,0,288,415
12/04/2020,HWD,CA,AWP,WE,Towers with Radar,0,0,11,1,12,0,0,117,2,119,0,0,128,3,131,344,0,344,475
12/05/2020,HWD,CA,AWP,WE,Towers with Radar,0,3,21,0,24,0,0,147,0,147,0,3,168,0,171,296,0,296,467
12/06/2020,HWD,CA,AWP,WE,Towers with Radar,0,8,22,0,30,0,0,103,0,103,0,8,125,0,133,108,0,108,241
12/07/2020,HWD,CA,AWP,WE,Towers with Radar,0,3,16,0,19,0,1,55,0,56,0,4,71,0,75,64,0,64,139
12/08/2020,HWD,CA,AWP,WE,Towers with Radar,0,3,7,0,10,0,0,117,1,118,0,3,124,1,128,293,0,293,421
12/09/2020,HWD,CA,AWP,WE,Towers with Radar,0,4,10,0,14,0,1,90,0,91,0,5,100,0,105,196,0,196,301
12/10/2020,HWD,CA,AWP,WE,Towers with Radar,0,2,11,0,13,0,0,120,1,121,0,2,131,1,134,362,0,362,496
12/11/2020,HWD,CA,AWP,WE,Towers with Radar,0,2,27,0,29,0,0,82,0,82,0,2,109,0,111,304,0,304,415
12/12/2020,HWD,CA,AWP,WE,Towers with Radar,0,3,22,0,25,0,0,43,0,43,0,3,65,0,68,146,0,146,214
12/13/2020,HWD,CA,AWP,WE,Towers with Radar,0,3,27,0,30,0,0,3,0,3,0,3,30,0,33,20,0,20,53
12/14/2020,HWD,CA,AWP,WE,Towers with Radar,0,1,12,0,13,0,1,116,3,120,0,2,128,3,133,151,0,151,284
12/15/2020,HWD,CA,AWP,WE,Towers with Radar,0,6,29,0,35,0,2,87,0,89,0,8,116,0,124,190,0,190,314
12/16/2020,HWD,CA,AWP,WE,Towers with Radar,0,2,19,0,21,0,2,92,0,94,0,4,111,0,115,236,0,236,351
12/17/2020,HWD,CA,AWP,WE,Towers with Radar,0,1,11,0,12,0,1,45,3,49,0,2,56,3,61,284,0,284,345
12/18/2020,HWD,CA,AWP,WE,Towers with Radar,0,7,25,0,32,0,0,115,0,115,0,7,140,0,147,210,0,210,357
12/19/2020,HWD,CA,AWP,WE,Towers with Radar,0,6,23,0,29,0,0,129,0,129,0,6,152,0,158,322,0,322,480
12/20/2020,HWD,CA,AWP,WE,Towers with Radar,0,5,19,0,24,0,0,153,0,153,0,5,172,0,177,257,0,257,434
12/21/2020,HWD,CA,AWP,WE,Towers with Radar,0,7,22,0,29,0,0,133,0,133,0,7,155,0,162,258,0,258,420
12/22/2020,HWD,CA,AWP,WE,Towers with Radar,0,3,21,0,24,0,0,107,0,107,0,3,128,0,131,208,0,208,339
12/23/2020,HWD,CA,AWP,WE,Towers with Radar,0,4,27,0,31,0,1,94,0,95,0,5,121,0,126,139,0,139,265
12/24/2020,HWD,CA,AWP,WE,Towers with Radar,0,3,11,0,14,0,2,59,0,61,0,5,70,0,75,219,0,219,294
12/25/2020,HWD,CA,AWP,WE,Towers with Radar,0,1,0,0,1,0,0,6,0,6,0,1,6,0,7,0,0,0,7
12/26/2020,HWD,CA,AWP,WE,Towers with Radar,0,13,23,0,36,0,1,69,0,70,0,14,92,0,106,168,0,168,274
12/27/2020,HWD,CA,AWP,WE,Towers with Radar,0,6,27,0,33,0,0,95,0,95,0,6,122,0,128,206,0,206,334
12/28/2020,HWD,CA,AWP,WE,Towers with Radar,0,8,16,0,24,0,0,66,0,66,0,8,82,0,90,366,0,366,456
12/29/2020,HWD,CA,AWP,WE,Towers with Radar,0,2,22,0,24,0,0,137,0,137,0,2,159,0,161,341,0,341,502
12/30/2020,HWD,CA,AWP,WE,Towers with Radar,0,6,23,0,29,0,0,112,0,112,0,6,135,0,141,268,0,268,409
12/31/2020,HWD,CA,AWP,WE,Towers with Radar,0,3,13,0,16,0,2,114,0,116,0,5,127,0,132,274,0,274,406
01/01/2021,HWD,CA,AWP,WE,Towers with Radar,0,0,3,0,3,0,0,89,0,89,0,0,92,0,92,34,0,34,126
01/02/2021,HWD,CA,AWP,WE,Towers with Radar,0,7,28,0,35,0,0,1,0,1,0,7,29,0,36,12,0,12,48
01/03/2021,HWD,CA,AWP,WE,Towers with Radar,0,7,31,0,38,0,0,1,0,1,0,7,32,0,39,0,0,0,39
01/04/2021,HWD,CA,AWP,WE,Towers with Radar,0,3,11,0,14,0,0,10,2,12,0,3,21,2,26,4,0,4,30
01/05/2021,HWD,CA,AWP,WE,Towers with Radar,0,3,16,0,19,0,0,80,0,80,0,3,96,0,99,174,0,174,273
01/06/2021,HWD,CA,AWP,WE,Towers with Radar,0,7,9,0,16,0,0,59,0,59,0,7,68,0,75,206,0,206,281
01/07/2021,HWD,CA,AWP,WE,Towers with Radar,0,1,12,0,13,0,0,97,0,97,0,1,109,0,110,256,0,256,366
01/08/2021,HWD,CA,AWP,WE,Towers with Radar,0,0,24,0,24,0,0,62,0,62,0,0,86,0,86,212,0,212,298
01/09/2021,HWD,CA,AWP,WE,Towers with Radar,0,4,20,0,24,0,1,186,0,187,0,5,206,0,211,282,0,282,493
01/10/2021,HWD,CA,AWP,WE,Towers with Radar,0,3,27,0,30,0,0,90,0,90,0,3,117,0,120,219,0,219,339
01/11/2021,HWD,CA,AWP,WE,Towers with Radar,0,4,15,0,19,0,0,107,0,107,0,4,122,0,126,167,0,167,293
01/12/2021,HWD,CA,AWP,WE,Towers with Radar,0,3,15,0,18,0,0,80,0,80,0,3,95,0,98,136,0,136,234
01/13/2021,HWD,CA,AWP,WE,Towers with Radar,0,3,31,0,34,0,1,88,0,89,0,4,119,0,123,204,0,204,327
01/14/2021,HWD,CA,AWP,WE,Towers with Radar,0,7,7,0,14,0,0,74,0,74,0,7,81,0,88,160,0,160,248
01/15/2021,HWD,CA,AWP,WE,Towers with Radar,0,4,20,0,24,0,2,114,2,118,0,6,134,2,142,218,0,218,360
01/16/2021,HWD,CA,AWP,WE,Towers with Radar,0,5,16,0,21,0,1,135,1,137,0,6,151,1,158,256,0,256,414
01/17/2021,HWD,CA,AWP,WE,Towers with Radar,0,3,14,0,17,0,0,128,0,128,0,3,142,0,145,238,0,238,383
01/18/2021,HWD,CA,AWP,WE,Towers with Radar,0,15,10,0,25,0,1,49,2,52,0,16,59,2,77,38,0,38,115
01/19/2021,HWD,CA,AWP,WE,Towers with Radar,0,8,13,0,21,0,2,5,0,7,0,10,18,0,28,4,0,4,32
01/20/2021,HWD,CA,AWP,WE,Towers with Radar,0,4,12,0,16,0,0,103,0,103,0,4,115,0,119,180,0,180,299
01/21/2021,HWD,CA,AWP,WE,Towers with Radar,0,5,8,0,13,0,2,110,1,113,0,7,118,1,126,266,0,266,392
01/22/2021,HWD,CA,AWP,WE,Towers with Radar,0,4,9,0,13,0,0,15,0,15,0,4,24,0,28,94,0,94,122
01/23/2021,HWD,CA,AWP,WE,Towers with Radar,0,5,13,0,18,0,0,137,0,137,0,5,150,0,155,285,0,285,440
01/24/2021,HWD,CA,AWP,WE,Towers with Radar,0,3,18,0,21,0,0,21,0,21,0,3,39,0,42,133,0,133,175
01/25/2021,HWD,CA,AWP,WE,Towers with Radar,0,3,19,0,22,0,1,43,0,44,0,4,62,0,66,36,0,36,102
01/26/2021,HWD,CA,AWP,WE,Towers with Radar,0,2,12,0,14,0,0,59,0,59,0,2,71,0,73,158,0,158,231
01/27/2021,HWD,CA,AWP,WE,Towers with Radar,0,2,11,0,13,0,0,8,0,8,0,2,19,0,21,10,0,10,31
01/28/2021,HWD,CA,AWP,WE,Towers with Radar,0,9,14,0,23,0,0,7,0,7,0,9,21,0,30,46,0,46,76
01/29/2021,HWD,CA,AWP,WE,Towers with Radar,0,2,19,0,21,0,0,101,0,101,0,2,120,0,122,391,0,391,513
01/30/2021,HWD,CA,AWP,WE,Towers with Radar,0,3,14,0,17,0,0,118,0,118,0,3,132,0,135,300,0,300,435
01/31/2021,HWD,CA,AWP,WE,Towers with Radar,0,3,17,0,20,0,2,133,0,135,0,5,150,0,155,218,0,218,373
02/01/2021,HWD,CA,AWP,WE,Towers with Radar,0,2,11,0,13,0,0,54,0,54,0,2,65,0,67,123,0,123,190
02/02/2021,HWD,CA,AWP,WE,Towers with Radar,0,7,13,0,20,0,0,27,0,27,0,7,40,0,47,216,0,216,263
02/03/2021,HWD,CA,AWP,WE,Towers with Radar,0,3,24,0,27,0,0,100,0,100,0,3,124,0,127,302,0,302,429
02/04/2021,HWD,CA,AWP,WE,Towers with Radar,0,4,18,0,22,0,1,127,2,130,0,5,145,2,152,181,0,181,333
02/05/2021,HWD,CA,AWP,WE,Towers with Radar,0,4,20,0,24,0,1,143,1,145,0,5,163,1,169,237,0,237,406
02/06/2021,HWD,CA,AWP,WE,Towers with Radar,0,0,15,0,15,0,0,165,0,165,0,0,180,0,180,372,0,372,552
02/07/2021,HWD,CA,AWP,WE,Towers with Radar,0,2,15,0,17,0,0,107,0,107,0,2,122,0,124,217,0,217,341
02/08/2021,HWD,CA,AWP,WE,Towers with Radar,0,6,16,0,22,0,0,84,0,84,0,6,100,0,106,138,0,138,244
02/09/2021,HWD,CA,AWP,WE,Towers with Radar,0,5,15,0,20,0,0,93,1,94,0,5,108,1,114,112,0,112,226
02/10/2021,HWD,CA,AWP,WE,Towers with Radar,0,6,32,0,38,0,2,138,0,140,0,8,170,0,178,231,0,231,409
02/11/2021,HWD,CA,AWP,WE,Towers with Radar,0,2,25,0,27,0,0,34,0,34,0,2,59,0,61,98,0,98,159
02/12/2021,HWD,CA,AWP,WE,Towers with Radar,0,7,20,0,27,0,3,96,0,99,0,10,116,0,126,384,0,384,510
02/13/2021,HWD,CA,AWP,WE,Towers with Radar,0,8,14,0,22,0,1,48,0,49,0,9,62,0,71,188,0,188,259
02/14/2021,HWD,CA,AWP,WE,Towers with Radar,0,4,13,0,17,0,0,126,0,126,0,4,139,0,143,302,0,302,445
02/15/2021,HWD,CA,AWP,WE,Towers with Radar,0,10,25,0,35,0,0,20,0,20,0,10,45,0,55,24,0,24,79
02/16/2021,HWD,CA,AWP,WE,Towers with Radar,0,2,21,0,23,0,0,117,0,117,0,2,138,0,140,174,0,174,314
02/17/2021,HWD,CA,AWP,WE,Towers with Radar,0,6,22,0,28,0,3,119,0,122,0,9,141,0,150,193,0,193,343
02/18/2021,HWD,CA,AWP,WE,Towers with Radar,0,6,23,0,29,0,0,93,0,93,0,6,116,0,122,234,0,234,356
02/19/2021,HWD,CA,AWP,WE,Towers with Radar,0,4,20,0,24,0,0,25,3,28,0,4,45,3,52,284,0,284,336
02/20/2021,HWD,CA,AWP,WE,Towers with Radar,0,5,25,0,30,0,1,120,0,121,0,6,145,0,151,232,0,232,383
02/21/2021,HWD,CA,AWP,WE,Towers with Radar,0,5,32,0,37,0,0,172,0,172,0,5,204,0,209,180,0,180,389
02/22/2021,HWD,CA,AWP,WE,Towers with Radar,0,4,16,1,21,0,2,93,1,96,0,6,109,2,117,200,0,200,317
02/23/2021,HWD,CA,AWP,WE,Towers with Radar,0,2,16,0,18,0,0,84,0,84,0,2,100,0,102,338,0,338,440
02/24/2021,HWD,CA,AWP,WE,Towers with Radar,0,5,19,0,24,0,2,68,0,70,0,7,87,0,94,188,0,188,282
02/25/2021,HWD,CA,AWP,WE,Towers with Radar,0,6,12,0,18,0,2,124,1,127,0,8,136,1,145,450,0,450,595
02/26/2021,HWD,CA,AWP,WE,Towers with Radar,0,3,16,0,19,0,0,116,0,116,0,3,132,0,135,289,0,289,424
02/27/2021,HWD,CA,AWP,WE,Towers with Radar,0,3,17,0,20,0,0,99,0,99,0,3,116,0,119,307,0,307,426
02/28/2021,HWD,CA,AWP,WE,Towers with Radar,0,7,13,0,20,0,0,146,0,146,0,7,159,0,166,277,0,277,443
03/01/2021,HWD,CA,AWP,WE,Towers with Radar,0,2,16,0,18,0,0,99,1,100,0,2,115,1,118,281,0,281,399
03/02/2021,HWD,CA,AWP,WE,Towers with Radar,0,2,19,0,21,0,0,120,0,120,0,2,139,0,141,242,0,242,383
03/03/2021,HWD,CA,AWP,WE,Towers with Radar,0,0,19,0,19,0,0,105,0,105,0,0,124,0,124,187,0,187,311
03/04/2021,HWD,CA,AWP,WE,Towers with Radar,0,5,26,0,31,0,0,113,0,113,0,5,139,0,144,234,0,234,378
03/05/2021,HWD,CA,AWP,WE,Towers with Radar,0,5,26,0,31,0,0,116,0,116,0,5,142,0,147,302,0,302,449
03/06/2021,HWD,CA,AWP,WE,Towers with Radar,0,2,17,0,19,0,2,109,0,111,0,4,126,0,130,192,0,192,322
03/07/2021,HWD,CA,AWP,WE,Towers with Radar,0,6,25,0,31,0,2,155,0,157,0,8,180,0,188,244,0,244,432
03/08/2021,HWD,CA,AWP,WE,Towers with Radar,0,7,13,0,20,0,1,52,1,54,0,8,65,1,74,249,0,249,323
03/09/2021,HWD,CA,AWP,WE,Towers with Radar,0,6,7,0,13,0,0,26,0,26,0,6,33,0,39,190,0,190,229
03/10/2021,HWD,CA,AWP,WE,Towers with Radar,0,6,21,0,27,0,0,21,0,21,0,6,42,0,48,120,0,120,168
03/11/2021,HWD,CA,AWP,WE,Towers with Radar,0,3,23,0,26,0,0,105,0,105,0,3,128,0,131,160,0,160,291
03/12/2021,HWD,CA,AWP,WE,Towers with Radar,0,3,23,0,26,0,1,145,3,149,0,4,168,3,175,334,0,334,509
03/13/2021,HWD,CA,AWP,WE,Towers with Radar,0,6,22,0,28,0,1,118,2,121,0,7,140,2,149,380,0,380,529
03/14/2021,HWD,CA,AWP,WE,Towers with Radar,0,9,26,0,35,0,0,71,0,71,0,9,97,0,106,148,0,148,254
03/15/2021,HWD,CA,AWP,WE,Towers with Radar,0,7,14,0,21,0,0,20,0,20,0,7,34,0,41,6,0,6,47
03/16/2021,HWD,CA,AWP,WE,Towers with Radar,0,3,15,0,18,0,1,134,0,135,0,4,149,0,153,256,0,256,409
03/17/2021,HWD,CA,AWP,WE,Towers with Radar,0,4,23,0,27,0,2,99,0,101,0,6,122,0,128,172,0,172,300
03/18/2021,HWD,CA,AWP,WE,Towers with Radar,0,4,19,0,23,0,0,33,2,35,0,4,52,2,58,108,0,108,166
03/19/2021,HWD,CA,AWP,WE,Towers with Radar,0,6,26,0,32,0,0,72,1,73,0,6,98,1,105,306,0,306,411
03/20/2021,HWD,CA,AWP,WE,Towers with Radar,0,4,21,0,25,0,0,118,0,118,0,4,139,0,143,208,0,208,351
03/21/2021,HWD,CA,AWP,WE,Towers with Radar,0,11,33,0,44,0,0,124,0,124,0,11,157,0,168,176,0,176,344
03/22/2021,HWD,CA,AWP,WE,Towers with Radar,0,2,22,0,24,0,0,95,0,95,0,2,117,0,119,194,0,194,313
03/23/2021,HWD,CA,AWP,WE,Towers with Radar,0,1,9,0,10,0,0,54,0,54,0,1,63,0,64,40,0,40,104
03/24/2021,HWD,CA,AWP,WE,Towers with Radar,0,7,29,0,36,0,2,149,1,152,0,9,178,1,188,287,0,287,475
03/25/2021,HWD,CA,AWP,WE,Towers with Radar,0,2,29,0,31,0,1,96,0,97,0,3,125,0,128,160,0,160,288
03/26/2021,HWD,CA,AWP,WE,Towers with Radar,0,8,29,0,37,0,0,137,0,137,0,8,166,0,174,428,0,428,602
03/27/2021,HWD,CA,AWP,WE,Towers with Radar,0,2,15,0,17,0,0,167,0,167,0,2,182,0,184,166,0,166,350
03/28/2021,HWD,CA,AWP,WE,Towers with Radar,0,7,26,0,33,0,0,126,0,126,0,7,152,0,159,301,0,301,460
03/29/2021,HWD,CA,AWP,WE,Towers with Radar,0,5,18,0,23,0,2,108,0,110,0,7,126,0,133,331,0,331,464
03/30/2021,HWD,CA,AWP,WE,Towers with Radar,0,4,15,0,19,0,1,93,0,94,0,5,108,0,113,148,0,148,261
03/31/2021,HWD,CA,AWP,WE,Towers with Radar,0,1,6,0,7,0,1,138,0,139,0,2,144,0,146,541,0,541,687
04/01/2021,HWD,CA,AWP,WE,Towers with Radar,0,4,23,0,27,0,0,118,0,118,0,4,141,0,145,264,0,264,409
04/02/2021,HWD,CA,AWP,WE,Towers with Radar,0,3,23,0,26,0,0,118,0,118,0,3,141,0,144,344,0,344,488
04/03/2021,HWD,CA,AWP,WE,Towers with Radar,0,3,32,0,35,0,1,128,0,129,0,4,160,0,164,386,0,386,550
04/04/2021,HWD,CA,AWP,WE,Towers with Radar,0,7,20,0,27,0,0,129,0,129,0,7,149,0,156,174,0,174,330
04/05/2021,HWD,CA,AWP,WE,Towers with Radar,0,5,32,0,37,0,1,85,0,86,0,6,117,0,123,263,0,263,386
04/06/2021,HWD,CA,AWP,WE,Towers with Radar,0,7,14,0,21,0,2,89,0,91,0,9,103,0,112,228,0,228,340
04/07/2021,HWD,CA,AWP,WE,Towers with Radar,0,0,26,0,26,0,0,67,1,68,0,0,93,1,94,215,0,215,309
04/08/2021,HWD,CA,AWP,WE,Towers with Radar,0,6,16,0,22,0,0,106,0,106,0,6,122,0,128,232,0,232,360
04/09/2021,HWD,CA,AWP,WE,Towers with Radar,0,8,25,0,33,0,0,92,1,93,0,8,117,1,126,48,0,48,174
04/10/2021,HWD,CA,AWP,WE,Towers with Radar,0,2,17,0,19,0,1,128,0,129,0,3,145,0,148,260,0,260,408
04/11/2021,HWD,CA,AWP,WE,Towers with Radar,0,8,25,0,33,0,1,143,0,144,0,9,168,0,177,348,0,348,525
04/12/2021,HWD,CA,AWP,WE,Towers with Radar,0,4,21,0,25,0,0,103,3,106,0,4,124,3,131,236,0,236,367
04/13/2021,HWD,CA,AWP,WE,Towers with Radar,0,6,20,0,26,0,0,79,1,80,0,6,99,1,106,138,18,156,262
04/14/2021,HWD,CA,AWP,WE,Towers with Radar,0,5,30,0,35,0,2,121,0,123,0,7,151,0,158,298,0,298,456
04/15/2021,HWD,CA,AWP,WE,Towers with Radar,0,4,17,0,21,0,1,104,3,108,0,5,121,3,129,312,0,312,441
04/16/2021,HWD,CA,AWP,WE,Towers with Radar,0,12,28,0,40,0,0,157,0,157,0,12,185,0,197,404,0,404,601
04/17/2021,HWD,CA,AWP,WE,Towers with Radar,0,7,29,1,37,0,0,128,1,129,0,7,157,2,166,160,0,160,326
04/18/2021,HWD,CA,AWP,WE,Towers with Radar,0,10,26,0,36,0,1,137,0,138,0,11,163,0,174,278,0,278,452
04/19/2021,HWD,CA,AWP,WE,Towers with Radar,0,8,24,0,32,0,1,88,1,90,0,9,112,1,122,202,0,202,324
04/20/2021,HWD,CA,AWP,WE,Towers with Radar,0,6,16,0,22,0,1,36,0,37,0,7,52,0,59,58,0,58,117
04/21/2021,HWD,CA,AWP,WE,Towers with Radar,0,0,13,0,13,0,0,85,1,86,0,0,98,1,99,358,0,358,457
04/22/2021,HWD,CA,AWP,WE,Towers with Radar,0,8,21,0,29,0,0,46,0,46,0,8,67,0,75,140,0,140,215
04/23/2021,HWD,CA,AWP,WE,Towers with Radar,0,3,21,0,24,0,0,117,1,118,0,3,138,1,142,286,0,286,428
04/24/2021,HWD,CA,AWP,WE,Towers with Radar,0,6,18,0,24,0,0,100,0,100,0,6,118,0,124,316,0,316,440
04/25/2021,HWD,CA,AWP,WE,Towers with Radar,0,6,20,0,26,0,1,36,0,37,0,7,56,0,63,158,0,158,221
04/26/2021,HWD,CA,AWP,WE,Towers with Radar,0,6,19,0,25,0,0,84,1,85,0,6,103,1,110,146,0,146,256
04/27/2021,HWD,CA,AWP,WE,Towers with Radar,0,1,16,0,17,0,0,104,0,104,0,1,120,0,121,210,0,210,331
04/28/2021,HWD,CA,AWP,WE,Towers with Radar,0,2,26,0,28,0,0,131,0,131,0,2,157,0,159,352,0,352,511
04/29/2021,HWD,CA,AWP,WE,Towers with Radar,0,5,17,0,22,0,0,117,0,117,0,5,134,0,139,270,0,270,409
04/30/2021,HWD,CA,AWP,WE,Towers with Radar,0,5,20,0,25,0,0,93,0,93,0,5,113,0,118,184,0,184,302
05/01/2021,HWD,CA,AWP,WE,Towers with Radar,0,3,43,0,46,0,0,14,0,14,0,3,57,0,60,27,0,27,87
05/02/2021,HWD,CA,AWP,WE,Towers with Radar,0,6,20,0,26,0,0,141,0,141,0,6,161,0,167,266,0,266,433
05/03/2021,HWD,CA,AWP,WE,Towers with Radar,0,6,17,0,23,0,1,107,0,108,0,7,124,0,131,244,0,244,375
05/04/2021,HWD,CA,AWP,WE,Towers with Radar,0,9,20,0,29,0,1,118,2,121,0,10,138,2,150,280,0,280,430
05/05/2021,HWD,CA,AWP,WE,Towers with Radar,0,1,25,0,26,1,0,148,1,150,1,1,173,1,176,306,0,306,482
05/06/2021,HWD,CA,AWP,WE,Towers with Radar,0,9,18,0,27,0,0,95,0,95,0,9,113,0,122,168,0,168,290
05/07/2021,HWD,CA,AWP,WE,Towers with Radar,0,6,21,0,27,0,3,121,1,125,0,9,142,1,152,270,0,270,422
05/08/2021,HWD,CA,AWP,WE,Towers with Radar,0,2,22,0,24,0,2,145,1,148,0,4,167,1,172,370,0,370,542
05/09/2021,HWD,CA,AWP,WE,Towers with Radar,0,10,11,0,21,0,0,116,0,116,0,10,127,0,137,318,0,318,455
05/10/2021,HWD,CA,AWP,WE,Towers with Radar,0,3,17,0,20,0,0,152,1,153,0,3,169,1,173,364,0,364,537
05/11/2021,HWD,CA,AWP,WE,Towers with Radar,0,4,26,0,30,0,0,113,3,116,0,4,139,3,146,235,0,235,381
05/12/2021,HWD,CA,AWP,WE,Towers with Radar,0,5,22,0,27,0,0,101,0,101,0,5,123,0,128,336,0,336,464
05/13/2021,HWD,CA,AWP,WE,Towers with Radar,0,2,25,0,27,0,1,108,1,110,0,3,133,1,137,280,0,280,417
05/14/2021,HWD,CA,AWP,WE,Towers with Radar,0,6,36,0,42,0,0,54,0,54,0,6,90,0,96,186,0,186,282
05/15/2021,HWD,CA,AWP,WE,Towers with Radar,0,4,41,0,45,0,0,77,0,77,0,4,118,0,122,274,0,274,396
05/16/2021,HWD,CA,AWP,WE,Towers with Radar,0,13,29,0,42,0,0,127,0,127,0,13,156,0,169,276,0,276,445
05/17/2021,HWD,CA,AWP,WE,Towers with Radar,0,7,35,0,42,0,1,78,0,79,0,8,113,0,121,204,0,204,325
05/18/2021,HWD,CA,AWP,WE,Towers with Radar,0,7,16,0,23,0,0,122,0,122,0,7,138,0,145,169,0,169,314
05/19/2021,HWD,CA,AWP,WE,Towers with Radar,0,5,25,0,30,0,0,73,1,74,0,5,98,1,104,60,0,60,164
05/20/2021,HWD,CA,AWP,WE,Towers with Radar,0,5,32,0,37,0,0,59,0,59,0,5,91,0,96,54,0,54,150
05/21/2021,HWD,CA,AWP,WE,Towers with Radar,0,9,32,0,41,0,1,114,0,115,0,10,146,0,156,248,0,248,404
05/22/2021,HWD,CA,AWP,WE,Towers with Radar,0,4,24,0,28,0,0,136,0,136,0,4,160,0,164,378,0,378,542
05/23/2021,HWD,CA,AWP,WE,Towers with Radar,0,8,23,0,31,0,1,120,0,121,0,9,143,0,152,268,0,268,420
05/24/2021,HWD,CA,AWP,WE,Towers with Radar,0,2,26,0,28,0,1,146,1,148,0,3,172,1,176,376,0,376,552
05/25/2021,HWD,CA,AWP,WE,Towers with Radar,0,1,22,0,23,0,0,104,1,105,0,1,126,1,128,308,0,308,436
05/26/2021,HWD,CA,AWP,WE,Towers with Radar,0,8,30,0,38,0,0,137,0,137,0,8,167,0,175,434,0,434,609
05/27/2021,HWD,CA,AWP,WE,Towers with Radar,0,14,13,0,27,0,0,111,1,112,0,14,124,1,139,220,0,220,359
05/28/2021,HWD,CA,AWP,WE,Towers with Radar,0,10,36,0,46,0,1,142,3,146,0,11,178,3,192,296,0,296,488
05/29/2021,HWD,CA,AWP,WE,Towers with Radar,0,3,40,0,43,0,0,73,1,74,0,3,113,1,117,287,0,287,404
05/30/2021,HWD,CA,AWP,WE,Towers with Radar,0,2,14,0,16,0,1,131,0,132,0,3,145,0,148,351,0,351,499
05/31/2021,HWD,CA,AWP,WE,Towers with Radar,0,10,26,0,36,0,0,148,0,148,0,10,174,0,184,132,0,132,316
06/01/2021,HWD,CA,AWP,WE,Towers with Radar,0,6,16,0,22,0,1,112,0,113,0,7,128,0,135,212,0,212,347
06/02/2021,HWD,CA,AWP,WE,Towers with Radar,0,4,42,0,46,0,0,107,0,107,0,4,149,0,153,274,0,274,427
06/03/2021,HWD,CA,AWP,WE,Towers with Radar,0,9,22,0,31,0,3,150,1,154,0,12,172,1,185,235,0,235,420
06/04/2021,HWD,CA,AWP,WE,Towers with Radar,0,4,36,0,40,0,1,125,1,127,0,5,161,1,167,230,0,230,397
06/05/2021,HWD,CA,AWP,WE,Towers with Radar,0,7,25,0,32,0,0,135,0,135,0,7,160,0,167,314,0,314,481
06/06/2021,HWD,CA,AWP,WE,Towers with Radar,0,7,25,0,32,0,0,140,0,140,0,7,165,0,172,294,0,294,466
06/07/2021,HWD,CA,AWP,WE,Towers with Radar,0,5,28,0,33,0,1,87,1,89,0,6,115,1,122,95,0,95,217
06/08/2021,HWD,CA,AWP,WE,Towers with Radar,0,7,24,0,31,0,4,90,0,94,0,11,114,0,125,282,0,282,407
06/09/2021,HWD,CA,AWP,WE,Towers with Radar,0,3,18,0,21,0,0,101,0,101,0,3,119,0,122,132,0,132,254
06/10/2021,HWD,CA,AWP,WE,Towers with Radar,0,4,24,0,28,0,0,152,5,157,0,4,176,5,185,218,0,218,403
06/11/2021,HWD,CA,AWP,WE,Towers with Radar,0,8,14,0,22,0,2,172,4,178,0,10,186,4,200,262,0,262,462
06/12/2021,HWD,CA,AWP,WE,Towers with Radar,0,3,25,0,28,0,0,139,0,139,0,3,164,0,167,282,0,282,449
06/13/2021,HWD,CA,AWP,WE,Towers with Radar,0,9,23,0,32,0,1,134,0,135,0,10,157,0,167,291,0,291,458
06/14/2021,HWD,CA,AWP,WE,Towers with Radar,0,3,29,0,32,0,0,114,0,114,0,3,143,0,146,262,0,262,408
06/15/2021,HWD,CA,AWP,WE,Towers with Radar,0,4,23,0,27,0,0,148,2,150,0,4,171,2,177,312,0,312,489
06/16/2021,HWD,CA,AWP,WE,Towers with Radar,0,8,17,0,25,0,0,132,0,132,0,8,149,0,157,240,0,240,397
06/17/2021,HWD,CA,AWP,WE,Towers with Radar,0,14,21,0,35,0,1,94,0,95,0,15,115,0,130,282,0,282,412
06/18/2021,HWD,CA,AWP,WE,Towers with Radar,0,4,30,0,34,0,0,145,6,151,0,4,175,6,185,226,0,226,411
06/19/2021,HWD,CA,AWP,WE,Towers with Radar,0,2,20,0,22,0,0,113,0,113,0,2,133,0,135,307,0,307,442
06/20/2021,HWD,CA,AWP,WE,Towers with Radar,0,7,24,0,31,0,3,109,0,112,0,10,133,0,143,240,0,240,383
06/21/2021,HWD,CA,AWP,WE,Towers with Radar,0,10,31,0,41,0,3,138,0,141,0,13,169,0,182,222,0,222,404
06/22/2021,HWD,CA,AWP,WE,Towers with Radar,0,3,15,0,18,0,1,139,0,140,0,4,154,0,158,264,0,264,422
06/23/2021,HWD,CA,AWP,WE,Towers with Radar,0,2,37,0,39,0,1,123,0,124,0,3,160,0,163,260,0,260,423
06/24/2021,HWD,CA,AWP,WE,Towers with Radar,0,0,21,0,21,0,1,108,2,111,0,1,129,2,132,258,0,258,390
06/25/2021,HWD,CA,AWP,WE,Towers with Radar,0,4,30,0,34,0,1,127,1,129,0,5,157,1,163,286,0,286,449
06/26/2021,HWD,CA,AWP,WE,Towers with Radar,0,6,22,0,28,0,0,144,0,144,0,6,166,0,172,222,0,222,394
06/27/2021,HWD,CA,AWP,WE,Towers with Radar,0,8,32,0,40,0,0,82,0,82,0,8,114,0,122,190,0,190,312
06/28/2021,HWD,CA,AWP,WE,Towers with Radar,0,3,36,0,39,0,0,53,0,53,0,3,89,0,92,144,0,144,236
06/29/2021,HWD,CA,AWP,WE,Towers with Radar,0,7,18,0,25,0,0,91,0,91,0,7,109,0,116,292,0,292,408
06/30/2021,HWD,CA,AWP,WE,Towers with Radar,0,4,30,0,34,0,0,86,0,86,0,4,116,0,120,318,0,318,438
07/01/2021,HWD,CA,AWP,WE,Towers with Radar,0,7,30,0,37,0,2,114,0,116,0,9,144,0,153,330,0,330,483
07/02/2021,HWD,CA,AWP,WE,Towers with Radar,0,8,38,0,46,0,2,134,1,137,0,10,172,1,183,352,0,352,535
07/03/2021,HWD,CA,AWP,WE,Towers with Radar,0,0,18,0,18,0,0,100,0,100,0,0,118,0,118,200,0,200,318
07/04/2021,HWD,CA,AWP,WE,Towers with Radar,0,5,11,0,16,0,0,69,0,69,0,5,80,0,85,142,0,142,227
07/05/2021,HWD,CA,AWP,WE,Towers with Radar,0,5,32,0,37,0,0,110,0,110,0,5,142,0,147,201,0,201,348
07/06/2021,HWD,CA,AWP,WE,Towers with Radar,0,8,26,0,34,0,1,74,0,75,0,9,100,0,109,212,0,212,321
07/07/2021,HWD,CA,AWP,WE,Towers with Radar,0,9,31,1,41,0,0,73,0,73,0,9,104,1,114,192,0,192,306
07/08/2021,HWD,CA,AWP,WE,Towers with Radar,0,7,26,0,33,0,0,138,1,139,0,7,164,1,172,250,0,250,422
07/09/2021,HWD,CA,AWP,WE,Towers with Radar,0,11,10,0,21,0,0,122,3,125,0,11,132,3,146,260,0,260,406
07/10/2021,HWD,CA,AWP,WE,Towers with Radar,0,3,19,0,22,0,1,138,0,139,0,4,157,0,161,114,0,114,275
07/11/2021,HWD,CA,AWP,WE,Towers with Radar,0,6,21,0,27,0,1,97,0,98,0,7,118,0,125,308,0,308,433
07/12/2021,HWD,CA,AWP,WE,Towers with Radar,0,6,25,0,31,0,0,90,0,90,0,6,115,0,121,251,0,251,372
07/13/2021,HWD,CA,AWP,WE,Towers with Radar,0,2,18,0,20,0,0,74,0,74,0,2,92,0,94,102,0,102,196
07/14/2021,HWD,CA,AWP,WE,Towers with Radar,0,8,27,0,35,0,0,105,2,107,0,8,132,2,142,256,0,256,398
07/15/2021,HWD,CA,AWP,WE,Towers with Radar,0,7,20,0,27,0,0,120,3,123,0,7,140,3,150,310,0,310,460
07/16/2021,HWD,CA,AWP,WE,Towers with Radar,0,10,40,0,50,0,0,124,0,124,0,10,164,0,174,398,0,398,572
07/17/2021,HWD,CA,AWP,WE,Towers with Radar,0,9,20,0,29,0,0,103,0,103,0,9,123,0,132,374,0,374,506
07/18/2021,HWD,CA,AWP,WE,Towers with Radar,0,9,21,0,30,0,2,108,0,110,0,11,129,0,140,314,0,314,454
07/19/2021,HWD,CA,AWP,WE,Towers with Radar,0,4,32,0,36,0,0,130,2,132,0,4,162,2,168,385,0,385,553
07/20/2021,HWD,CA,AWP,WE,Towers with Radar,0,4,14,0,18,0,0,87,0,87,0,4,101,0,105,308,0,308,413
07/21/2021,HWD,CA,AWP,WE,Towers with Radar,0,4,26,0,30,0,0,117,0,117,0,4,143,0,147,398,0,398,545
07/22/2021,HWD,CA,AWP,WE,Towers with Radar,0,8,30,0,38,0,0,128,1,129,0,8,158,1,167,388,0,388,555
07/23/2021,HWD,CA,AWP,WE,Towers with Radar,0,6,22,0,28,0,0,134,3,137,0,6,156,3,165,350,0,350,515
07/24/2021,HWD,CA,AWP,WE,Towers with Radar,0,6,32,0,38,0,0,120,0,120,0,6,152,0,158,227,0,227,385
07/25/2021,HWD,CA,AWP,WE,Towers with Radar,0,10,21,0,31,0,0,97,0,97,0,10,118,0,128,306,0,306,434
07/26/2021,HWD,CA,AWP,WE,Towers with Radar,0,4,23,0,27,0,0,108,0,108,0,4,131,0,135,328,0,328,463
07/27/2021,HWD,CA,AWP,WE,Towers with Radar,0,2,13,0,15,0,1,126,0,127,0,3,139,0,142,241,0,241,383
07/28/2021,HWD,CA,AWP,WE,Towers with Radar,0,5,16,0,21,0,0,109,0,109,0,5,125,0,130,288,0,288,418
07/29/2021,HWD,CA,AWP,WE,Towers with Radar,0,4,24,0,28,0,0,112,0,112,0,4,136,0,140,132,0,132,272
07/30/2021,HWD,CA,AWP,WE,Towers with Radar,0,5,25,0,30,0,1,116,0,117,0,6,141,0,147,372,0,372,519
07/31/2021,HWD,CA,AWP,WE,Towers with Radar,0,2,32,0,34,0,0,93,0,93,0,2,125,0,127,280,0,280,407
08/01/2021,HWD,CA,AWP,WE,Towers with Radar,0,11,26,0,37,0,3,95,0,98,0,14,121,0,135,294,0,294,429
08/02/2021,HWD,CA,AWP,WE,Towers with Radar,0,6,20,0,26,0,0,110,2,112,0,6,130,2,138,319,0,319,457
08/03/2021,HWD,CA,AWP,WE,Towers with Radar,0,7,24,0,31,0,0,129,0,129,0,7,153,0,160,358,0,358,518
08/04/2021,HWD,CA,AWP,WE,Towers with Radar,0,2,22,0,24,0,0,92,0,92,0,2,114,0,116,286,0,286,402
08/05/2021,HWD,CA,AWP,WE,Towers with Radar,0,5,24,0,29,0,0,80,2,82,0,5,104,2,111,230,0,230,341
08/06/2021,HWD,CA,AWP,WE,Towers with Radar,0,5,32,0,37,0,0,98,0,98,0,5,130,0,135,392,0,392,527
08/07/2021,HWD,CA,AWP,WE,Towers with Radar,0,4,28,0,32,0,0,105,0,105,0,4,133,0,137,278,0,278,415
08/08/2021,HWD,CA,AWP,WE,Towers with Radar,0,3,26,0,29,0,0,100,0,100,0,3,126,0,129,324,0,324,453
08/09/2021,HWD,CA,AWP,WE,Towers with Radar,0,4,26,0,30,0,1,103,2,106,0,5,129,2,136,158,0,158,294
08/10/2021,HWD,CA,AWP,WE,Towers with Radar,0,6,18,0,24,0,2,96,0,98,0,8,114,0,122,208,0,208,330
08/11/2021,HWD,CA,AWP,WE,Towers with Radar,0,7,24,0,31,0,2,124,0,126,0,9,148,0,157,297,0,297,454
08/12/2021,HWD,CA,AWP,WE,Towers with Radar,0,5,33,0,38,0,0,125,2,127,0,5,158,2,165,255,0,255,420
08/13/2021,HWD,CA,AWP,WE,Towers with Radar,1,4,30,0,35,0,2,139,3,144,1,6,169,3,179,336,0,336,515
08/14/2021,HWD,CA,AWP,WE,Towers with Radar,0,2,23,0,25,0,1,131,0,132,0,3,154,0,157,369,0,369,526
08/15/2021,HWD,CA,AWP,WE,Towers with Radar,0,5,35,0,40,0,0,65,0,65,0,5,100,0,105,220,0,220,325
08/16/2021,HWD,CA,AWP,WE,Towers with Radar,0,2,23,0,25,0,1,105,0,106,0,3,128,0,131,203,0,203,334
08/17/2021,HWD,CA,AWP,WE,Towers with Radar,0,4,16,0,20,0,0,76,2,78,0,4,92,2,98,244,0,244,342
08/18/2021,HWD,CA,AWP,WE,Towers with Radar,0,9,37,0,46,0,0,61,1,62,0,9,98,1,108,302,0,302,410
08/19/2021,HWD,CA,AWP,WE,Towers with Radar,0,1,34,0,35,0,0,78,0,78,0,1,112,0,113,292,0,292,405
08/20/2021,HWD,CA,AWP,WE,Towers with Radar,0,4,29,0,33,0,0,72,3,75,0,4,101,3,108,282,0,282,390
08/21/2021,HWD,CA,AWP,WE,Towers with Radar,0,3,30,0,33,0,0,78,0,78,0,3,108,0,111,192,0,192,303
08/22/2021,HWD,CA,AWP,WE,Towers with Radar,0,6,26,0,32,0,0,114,0,114,0,6,140,0,146,358,0,358,504
08/23/2021,HWD,CA,AWP,WE,Towers with Radar,0,9,21,0,30,0,1,101,0,102,0,10,122,0,132,116,0,116,248
08/24/2021,HWD,CA,AWP,WE,Towers with Radar,0,4,19,0,23,0,0,96,0,96,0,4,115,0,119,197,0,197,316
08/25/2021,HWD,CA,AWP,WE,Towers with Radar,0,5,24,0,29,0,0,116,1,117,0,5,140,1,146,338,0,338,484
08/26/2021,HWD,CA,AWP,WE,Towers with Radar,0,3,18,0,21,0,0,103,0,103,0,3,121,0,124,190,0,190,314
08/27/2021,HWD,CA,AWP,WE,Towers with Radar,0,9,29,0,38,0,2,88,0,90,0,11,117,0,128,368,0,368,496
08/28/2021,HWD,CA,AWP,WE,Towers with Radar,0,5,20,0,25,0,0,77,0,77,0,5,97,0,102,306,0,306,408
08/29/2021,HWD,CA,AWP,WE,Towers with Radar,0,1,22,0,23,0,0,85,0,85,0,1,107,0,108,257,0,257,365
08/30/2021,HWD,CA,AWP,WE,Towers with Radar,0,3,14,0,17,0,0,95,1,96,0,3,109,1,113,160,0,160,273
08/31/2021,HWD,CA,AWP,WE,Towers with Radar,0,6,16,0,22,0,1,90,1,92,0,7,106,1,114,252,0,252,366
09/01/2021,HWD,CA,AWP,WE,Towers with Radar,0,10,25,0,35,0,0,120,4,124,0,10,145,4,159,250,0,250,409
09/02/2021,HWD,CA,AWP,WE,Towers with Radar,0,7,29,0,36,0,0,97,0,97,0,7,126,0,133,260,0,260,393
09/03/2021,HWD,CA,AWP,WE,Towers with Radar,0,9,31,0,40,0,0,84,2,86,0,9,115,2,126,320,0,320,446
09/04/2021,HWD,CA,AWP,WE,Towers with Radar,0,5,21,0,26,0,3,85,0,88,0,8,106,0,114,243,0,243,357
09/05/2021,HWD,CA,AWP,WE,Towers with Radar,0,2,11,0,13,0,0,90,0,90,0,2,101,0,103,268,0,268,371
09/06/2021,HWD,CA,AWP,WE,Towers with Radar,0,6,27,0,33,0,1,121,0,122,0,7,148,0,155,330,0,330,485
09/07/2021,HWD,CA,AWP,WE,Towers with Radar,0,8,23,0,31,0,1,131,2,134,0,9,154,2,165,111,0,111,276
09/08/2021,HWD,CA,AWP,WE,Towers with Radar,0,9,20,0,29,0,0,108,1,109,0,9,128,1,138,162,0,162,300
09/09/2021,HWD,CA,AWP,WE,Towers with Radar,0,8,21,0,29,0,1,140,1,142,0,9,161,1,171,330,0,330,501
09/10/2021,HWD,CA,AWP,WE,Towers with Radar,0,4,23,0,27,0,1,109,1,111,0,5,132,1,138,260,0,260,398
09/11/2021,HWD,CA,AWP,WE,Towers with Radar,0,12,19,0,31,0,1,133,0,134,0,13,152,0,165,300,0,300,465
09/12/2021,HWD,CA,AWP,WE,Towers with Radar,0,3,13,0,16,0,1,136,0,137,0,4,149,0,153,168,0,168,321
09/13/2021,HWD,CA,AWP,WE,Towers with Radar,0,4,21,0,25,0,0,110,2,112,0,4,131,2,137,189,0,189,326
09/14/2021,HWD,CA,AWP,WE,Towers with Radar,0,4,22,0,26,0,2,111,1,114,0,6,133,1,140,235,0,235,375
09/15/2021,HWD,CA,AWP,WE,Towers with Radar,1,6,29,0,36,0,0,116,4,120,1,6,145,4,156,250,0,250,406
09/16/2021,HWD,CA,AWP,WE,Towers with Radar,0,7,33,0,40,0,0,123,1,124,0,7,156,1,164,190,0,190,354
09/17/2021,HWD,CA,AWP,WE,Towers with Radar,0,10,31,0,41,0,1,134,2,137,0,11,165,2,178,376,0,376,554
09/18/2021,HWD,CA,AWP,WE,Towers with Radar,0,5,19,0,24,0,0,88,0,88,0,5,107,0,112,423,0,423,535
09/19/2021,HWD,CA,AWP,WE,Towers with Radar,0,3,31,0,34,0,0,118,0,118,0,3,149,0,152,278,0,278,430
09/20/2021,HWD,CA,AWP,WE,Towers with Radar,0,3,21,0,24,0,2,113,2,117,0,5,134,2,141,258,0,258,399
09/21/2021,HWD,CA,AWP,WE,Towers with Radar,0,3,12,0,15,0,0,109,1,110,0,3,121,1,125,154,0,154,279
09/22/2021,HWD,CA,AWP,WE,Towers with Radar,0,5,23,0,28,0,0,133,6,139,0,5,156,6,167,272,0,272,439
09/23/2021,HWD,CA,AWP,WE,Towers with Radar,0,8,28,0,36,0,0,127,0,127,0,8,155,0,163,354,0,354,517
09/24/2021,HWD,CA,AWP,WE,Towers with Radar,0,7,35,0,42,0,0,151,0,151,0,7,186,0,193,236,0,236,429
09/25/2021,HWD,CA,AWP,WE,Towers with Radar,0,3,23,0,26,0,0,120,0,120,0,3,143,0,146,310,0,310,456
09/26/2021,HWD,CA,AWP,WE,Towers with Radar,0,6,39,0,45,0,1,134,0,135,0,7,173,0,180,291,0,291,471
09/27/2021,HWD,CA,AWP,WE,Towers with Radar,0,6,34,0,40,0,0,79,0,79,0,6,113,0,119,225,0,225,344
09/28/2021,HWD,CA,AWP,WE,Towers with Radar,0,5,25,2,32,0,0,128,0,128,0,5,153,2,160,220,0,220,380
09/29/2021,HWD,CA,AWP,WE,Towers with Radar,0,5,23,0,28,0,0,144,0,144,0,5,167,0,172,275,0,275,447
09/30/2021,HWD,CA,AWP,WE,Towers with Radar,0,10,23,0,33,0,0,169,1,170,0,10,192,1,203,206,0,206,409
10/01/2021,HWD,CA,AWP,WE,Towers with Radar,0,8,29,0,37,0,1,155,0,156,0,9,184,0,193,227,0,227,420
10/02/2021,HWD,CA,AWP,WE,Towers with Radar,0,6,26,0,32,0,1,179,0,180,0,7,205,0,212,198,0,198,410
10/03/2021,HWD,CA,AWP,WE,Towers with Radar,0,12,27,0,39,0,0,137,0,137,0,12,164,0,176,169,0,169,345
10/04/2021,HWD,CA,AWP,WE,Towers with Radar,0,8,19,0,27,0,0,112,1,113,0,8,131,1,140,273,0,273,413
10/05/2021,HWD,CA,AWP,WE,Towers with Radar,0,12,33,0,45,0,0,84,0,84,0,12,117,0,129,140,0,140,269
10/06/2021,HWD,CA,AWP,WE,Towers with Radar,0,10,34,0,44,0,2,106,1,109,0,12,140,1,153,209,0,209,362
10/07/2021,HWD,CA,AWP,WE,Towers with Radar,0,9,42,0,51,0,0,108,1,109,0,9,150,1,160,286,0,286,446
10/08/2021,HWD,CA,AWP,WE,Towers with Radar,0,6,33,0,39,0,0,88,0,88,0,6,121,0,127,151,0,151,278
10/09/2021,HWD,CA,AWP,WE,Towers with Radar,0,1,23,0,24,0,0,121,0,121,0,1,144,0,145,208,0,208,353
10/10/2021,HWD,CA,AWP,WE,Towers with Radar,0,9,19,0,28,0,0,119,0,119,0,9,138,0,147,218,0,218,365
10/11/2021,HWD,CA,AWP,WE,Towers with Radar,0,10,25,0,35,0,0,26,2,28,0,10,51,2,63,44,0,44,107
10/12/2021,HWD,CA,AWP,WE,Towers with Radar,0,5,7,0,12,0,0,85,1,86,0,5,92,1,98,160,0,160,258
10/13/2021,HWD,CA,AWP,WE,Towers with Radar,0,7,30,0,37,0,0,86,0,86,0,7,116,0,123,272,0,272,395
10/14/2021,HWD,CA,AWP,WE,Towers with Radar,0,8,19,0,27,0,1,122,0,123,0,9,141,0,150,372,0,372,522
10/15/2021,HWD,CA,AWP,WE,Towers with Radar,0,5,28,0,33,0,1,135,3,139,0,6,163,3,172,370,0,370,542
10/16/2021,HWD,CA,AWP,WE,Towers with Radar,0,5,18,0,23,0,0,140,0,140,0,5,158,0,163,278,0,278,441
10/17/2021,HWD,CA,AWP,WE,Towers with Radar,0,6,20,0,26,0,0,93,0,93,0,6,113,0,119,238,0,238,357
10/18/2021,HWD,CA,AWP,WE,Towers with Radar,0,4,28,0,32,0,0,111,3,114,0,4,139,3,146,239,0,239,385
10/19/2021,HWD,CA,AWP,WE,Towers with Radar,0,7,31,0,38,0,1,119,0,120,0,8,150,0,158,92,0,92,250
10/20/2021,HWD,CA,AWP,WE,Towers with Radar,0,13,24,0,37,0,0,38,0,38,0,13,62,0,75,88,0,88,163
10/21/2021,HWD,CA,AWP,WE,Towers with Radar,0,8,28,0,36,0,0,56,0,56,0,8,84,0,92,204,0,204,296
10/22/2021,HWD,CA,AWP,WE,Towers with Radar,0,5,29,0,34,0,0,64,0,64,0,5,93,0,98,266,0,266,364
10/23/2021,HWD,CA,AWP,WE,Towers with Radar,0,5,24,0,29,0,0,83,0,83,0,5,107,0,112,420,0,420,532
10/24/2021,HWD,CA,AWP,WE,Towers with Radar,0,2,3,0,5,0,0,0,0,0,0,2,3,0,5,0,0,0,5
10/25/2021,HWD,CA,AWP,WE,Towers with Radar,0,16,21,0,37,0,2,60,0,62,0,18,81,0,99,150,0,150,249
10/26/2021,HWD,CA,AWP,WE,Towers with Radar,0,1,19,0,20,0,0,110,0,110,0,1,129,0,130,358,0,358,488
10/27/2021,HWD,CA,AWP,WE,Towers with Radar,0,8,30,0,38,0,3,143,0,146,0,11,173,0,184,178,0,178,362
10/28/2021,HWD,CA,AWP,WE,Towers with Radar,0,5,28,0,33,0,0,144,1,145,0,5,172,1,178,268,0,268,446
10/29/2021,HWD,CA,AWP,WE,Towers with Radar,0,10,17,0,27,0,0,120,4,124,0,10,137,4,151,194,0,194,345
10/30/2021,HWD,CA,AWP,WE,Towers with Radar,0,3,65,0,68,0,0,56,0,56,0,3,121,0,124,264,0,264,388
10/31/2021,HWD,CA,AWP,WE,Towers with Radar,0,14,45,0,59,0,0,161,0,161,0,14,206,0,220,202,0,202,422
11/01/2021,HWD,CA,AWP,WE,Towers with Radar,0,5,20,0,25,0,0,10,1,11,0,5,30,1,36,46,0,46,82
11/02/2021,HWD,CA,AWP,WE,Towers with Radar,0,4,34,0,38,0,0,57,0,57,0,4,91,0,95,238,0,238,333
11/03/2021,HWD,CA,AWP,WE,Towers with Radar,0,5,14,0,19,0,0,124,0,124,0,5,138,0,143,168,0,168,311
11/04/2021,HWD,CA,AWP,WE,Towers with Radar,0,7,18,0,25,0,0,85,4,89,0,7,103,4,114,350,0,350,464
11/05/2021,HWD,CA,AWP,WE,Towers with Radar,0,5,23,0,28,0,0,140,1,141,0,5,163,1,169,226,0,226,395
11/06/2021,HWD,CA,AWP,WE,Towers with Radar,0,6,20,0,26,0,0,88,0,88,0,6,108,0,114,204,0,204,318
11/07/2021,HWD,CA,AWP,WE,Towers with Radar,0,9,25,0,34,0,0,135,0,135,0,9,160,0,169,285,0,285,454
11/08/2021,HWD,CA,AWP,WE,Towers with Radar,0,3,19,0,22,0,0,88,2,90,0,3,107,2,112,149,0,149,261
11/09/2021,HWD,CA,AWP,WE,Towers with Radar,0,3,18,0,21,0,0,53,0,53,0,3,71,0,74,106,0,106,180
11/10/2021,HWD,CA,AWP,WE,Towers with Radar,0,4,27,0,31,0,1,120,4,125,0,5,147,4,156,176,0,176,332
11/11/2021,HWD,CA,AWP,WE,Towers with Radar,0,9,28,0,37,0,0,139,2,141,0,9,167,2,178,284,0,284,462
11/12/2021,HWD,CA,AWP,WE,Towers with Radar,0,3,16,0,19,0,0,118,0,118,0,3,134,0,137,250,0,250,387
11/13/2021,HWD,CA,AWP,WE,Towers with Radar,0,1,18,0,19,0,0,133,0,133,0,1,151,0,152,252,0,252,404
11/14/2021,HWD,CA,AWP,WE,Towers with Radar,0,6,23,0,29,0,2,131,0,133,0,8,154,0,162,296,0,296,458
11/15/2021,HWD,CA,AWP,WE,Towers with Radar,0,11,24,0,35,0,2,53,0,55,0,13,77,0,90,272,0,272,362
11/16/2021,HWD,CA,AWP,WE,Towers with Radar,0,3,17,0,20,0,1,60,2,63,0,4,77,2,83,286,0,286,369
11/17/2021,HWD,CA,AWP,WE,Towers with Radar,0,8,20,0,28,0,0,130,1,131,0,8,150,1,159,280,0,280,439
11/18/2021,HWD,CA,AWP,WE,Towers with Radar,0,7,24,0,31,0,0,113,2,115,0,7,137,2,146,256,0,256,402
11/19/2021,HWD,CA,AWP,WE,Towers with Radar,0,8,39,0,47,0,0,31,2,33,0,8,70,2,80,110,0,110,190
11/20/2021,HWD,CA,AWP,WE,Towers with Radar,0,2,33,0,35,0,1,139,0,140,0,3,172,0,175,231,0,231,406
11/21/2021,HWD,CA,AWP,WE,Towers with Radar,0,2,24,0,26,0,1,116,0,117,0,3,140,0,143,134,0,134,277
11/22/2021,HWD,CA,AWP,WE,Towers with Radar,0,5,17,0,22,0,2,103,1,106,0,7,120,1,128,130,0,130,258
11/23/2021,HWD,CA,AWP,WE,Towers with Radar,0,8,13,0,21,0,2,121,0,123,0,10,134,0,144,183,0,183,327
11/24/2021,HWD,CA,AWP,WE,Towers with Radar,0,4,20,0,24,0,0,129,3,132,0,4,149,3,156,66,0,66,222
11/25/2021,HWD,CA,AWP,WE,Towers with Radar,0,2,2,0,4,0,0,48,0,48,0,2,50,0,52,110,0,110,162
11/26/2021,HWD,CA,AWP,WE,Towers with Radar,0,1,13,0,14,0,0,93,0,93,0,1,106,0,107,158,0,158,265
11/27/2021,HWD,CA,AWP,WE,Towers with Radar,1,8,32,0,41,0,1,111,0,112,1,9,143,0,153,118,0,118,271
11/28/2021,HWD,CA,AWP,WE,Towers with Radar,0,15,36,0,51,0,1,172,1,174,0,16,208,1,225,159,0,159,384
11/29/2021,HWD,CA,AWP,WE,Towers with Radar,0,5,16,0,21,0,1,107,0,108,0,6,123,0,129,164,0,164,293
11/30/2021,HWD,CA,AWP,WE,Towers with Radar,0,11,28,0,39,0,0,112,3,115,0,11,140,3,154,307,0,307,461
12/01/2021,HWD,CA,AWP,WE,Towers with Radar,0,3,16,0,19,0,0,108,1,109,0,3,124,1,128,150,0,150,278
12/02/2021,HWD,CA,AWP,WE,Towers with Radar,0,3,22,0,25,0,0,89,0,89,0,3,111,0,114,234,0,234,348
12/03/2021,HWD,CA,AWP,WE,Towers with Radar,0,1,35,0,36,0,0,2,0,2,0,1,37,0,38,2,0,2,40
12/04/2021,HWD,CA,AWP,WE,Towers with Radar,0,2,14,0,16,0,0,94,0,94,0,2,108,0,110,367,0,367,477
12/05/2021,HWD,CA,AWP,WE,Towers with Radar,0,4,26,0,30,0,0,89,0,89,0,4,115,0,119,106,0,106,225
12/06/2021,HWD,CA,AWP,WE,Towers with Radar,0,3,22,0,25,0,0,1,0,1,0,3,23,0,26,0,0,0,26
12/07/2021,HWD,CA,AWP,WE,Towers with Radar,0,9,26,0,35,0,2,98,3,103,0,11,124,3,138,334,0,334,472
12/08/2021,HWD,CA,AWP,WE,Towers with Radar,0,3,41,0,44,0,0,12,0,12,0,3,53,0,56,66,0,66,122
12/09/2021,HWD,CA,AWP,WE,Towers with Radar,0,6,25,0,31,0,3,121,2,126,0,9,146,2,157,333,0,333,490
12/10/2021,HWD,CA,AWP,WE,Towers with Radar,0,4,21,0,25,0,2,163,0,165,0,6,184,0,190,276,0,276,466
12/11/2021,HWD,CA,AWP,WE,Towers with Radar,0,5,19,0,24,0,0,184,0,184,0,5,203,0,208,372,0,372,580
12/12/2021,HWD,CA,AWP,WE,Towers with Radar,0,3,21,0,24,0,0,7,0,7,0,3,28,0,31,22,0,22,53
12/13/2021,HWD,CA,AWP,WE,Towers with Radar,0,2,14,0,16,0,0,2,0,2,0,2,16,0,18,0,0,0,18
12/14/2021,HWD,CA,AWP,WE,Towers with Radar,0,4,27,0,31,0,0,61,0,61,0,4,88,0,92,188,0,188,280
12/15/2021,HWD,CA,AWP,WE,Towers with Radar,0,4,28,0,32,0,0,60,0,60,0,4,88,0,92,129,0,129,221
12/16/2021,HWD,CA,AWP,WE,Towers with Radar,0,7,17,0,24,0,0,87,0,87,0,7,104,0,111,294,0,294,405
12/17/2021,HWD,CA,AWP,WE,Towers with Radar,0,13,26,0,39,0,0,156,0,156,0,13,182,0,195,246,0,246,441
12/18/2021,HWD,CA,AWP,WE,Towers with Radar,0,5,28,0,33,0,3,131,0,134,0,8,159,0,167,238,0,238,405
12/19/2021,HWD,CA,AWP,WE,Towers with Radar,0,6,18,0,24,0,0,104,0,104,0,6,122,0,128,258,0,258,386
12/20/2021,HWD,CA,AWP,WE,Towers with Radar,0,5,25,0,30,0,0,102,0,102,0,5,127,0,132,221,0,221,353
12/21/2021,HWD,CA,AWP,WE,Towers with Radar,0,8,15,0,23,0,0,67,0,67,0,8,82,0,90,72,0,72,162
12/22/2021,HWD,CA,AWP,WE,Towers with Radar,0,11,31,0,42,0,0,3,0,3,0,11,34,0,45,105,0,105,150
12/23/2021,HWD,CA,AWP,WE,Towers with Radar,0,6,21,0,27,0,1,16,0,17,0,7,37,0,44,63,0,63,107
12/24/2021,HWD,CA,AWP,WE,Towers with Radar,0,4,14,0,18,0,0,49,0,49,0,4,63,0,67,144,0,144,211
12/25/2021,HWD,CA,AWP,WE,Towers with Radar,0,2,4,0,6,0,1,0,0,1,0,3,4,0,7,0,0,0,7
12/26/2021,HWD,CA,AWP,WE,Towers with Radar,0,9,24,0,33,0,1,20,0,21,0,10,44,0,54,42,0,42,96
12/27/2021,HWD,CA,AWP,WE,Towers with Radar,0,1,19,0,20,0,1,15,2,18,0,2,34,2,38,30,0,30,68
12/28/2021,HWD,CA,AWP,WE,Towers with Radar,0,0,11,0,11,0,0,25,0,25,0,0,36,0,36,165,0,165,201
12/29/2021,HWD,CA,AWP,WE,Towers with Radar,0,5,19,0,24,0,0,21,0,21,0,5,40,0,45,92,0,92,137
12/30/2021,HWD,CA,AWP,WE,Towers with Radar,0,4,27,0,31,0,1,151,0,152,0,5,178,0,183,166,0,166,349
12/31/2021,HWD,CA,AWP,WE,Towers with Radar,0,2,14,0,16,0,1,99,0,100,0,3,113,0,116,146,0,146,262
01/01/2022,HWD,CA,AWP,WE,Towers with Radar,0,6,16,0,22,0,0,99,0,99,0,6,115,0,121,128,0,128,249
01/02/2022,HWD,CA,AWP,WE,Towers with Radar,0,7,39,0,46,0,0,123,0,123,0,7,162,0,169,174,0,174,343
01/03/2022,HWD,CA,AWP,WE,Towers with Radar,0,1,20,0,21,0,1,41,0,42,0,2,61,0,63,84,0,84,147
01/04/2022,HWD,CA,AWP,WE,Towers with Radar,0,3,23,0,26,0,0,39,0,39,0,3,62,0,65,174,0,174,239
01/05/2022,HWD,CA,AWP,WE,Towers with Radar,0,7,21,0,28,0,0,58,0,58,0,7,79,0,86,212,0,212,298
01/06/2022,HWD,CA,AWP,WE,Towers with Radar,0,4,30,0,34,0,0,1,0,1,0,4,31,0,35,10,0,10,45
01/07/2022,HWD,CA,AWP,WE,Towers with Radar,0,0,26,0,26,0,0,31,0,31,0,0,57,0,57,310,0,310,367
01/08/2022,HWD,CA,AWP,WE,Towers with Radar,0,6,25,0,31,0,0,116,0,116,0,6,141,0,147,386,0,386,533
01/09/2022,HWD,CA,AWP,WE,Towers with Radar,0,7,23,0,30,0,0,116,0,116,0,7,139,0,146,161,0,161,307
01/10/2022,HWD,CA,AWP,WE,Towers with Radar,0,3,7,0,10,0,1,113,3,117,0,4,120,3,127,96,0,96,223
01/11/2022,HWD,CA,AWP,WE,Towers with Radar,0,4,39,0,43,0,1,110,1,112,0,5,149,1,155,186,0,186,341
01/12/2022,HWD,CA,AWP,WE,Towers with Radar,0,5,22,0,27,0,0,121,0,121,0,5,143,0,148,295,0,295,443
01/13/2022,HWD,CA,AWP,WE,Towers with Radar,0,10,20,0,30,0,2,106,4,112,0,12,126,4,142,192,0,192,334
01/14/2022,HWD,CA,AWP,WE,Towers with Radar,0,7,19,0,26,0,4,103,2,109,0,11,122,2,135,312,0,312,447
01/15/2022,HWD,CA,AWP,WE,Towers with Radar,0,1,22,0,23,0,0,133,1,134,0,1,155,1,157,390,0,390,547
01/16/2022,HWD,CA,AWP,WE,Towers with Radar,0,6,27,0,33,0,1,129,0,130,0,7,156,0,163,272,0,272,435
01/17/2022,HWD,CA,AWP,WE,Towers with Radar,0,9,31,0,40,0,0,132,2,134,0,9,163,2,174,275,0,275,449
01/18/2022,HWD,CA,AWP,WE,Towers with Radar,0,4,17,0,21,0,0,59,0,59,0,4,76,0,80,114,0,114,194
01/19/2022,HWD,CA,AWP,WE,Towers with Radar,0,7,22,0,29,0,0,66,0,66,0,7,88,0,95,188,0,188,283
01/20/2022,HWD,CA,AWP,WE,Towers with Radar,0,6,20,0,26,0,0,63,0,63,0,6,83,0,89,94,0,94,183
01/21/2022,HWD,CA,AWP,WE,Towers with Radar,0,5,18,0,23,0,0,82,3,85,0,5,100,3,108,166,0,166,274
01/22/2022,HWD,CA,AWP,WE,Towers with Radar,0,4,13,0,17,0,0,81,0,81,0,4,94,0,98,128,0,128,226
01/23/2022,HWD,CA,AWP,WE,Towers with Radar,0,4,25,0,29,0,1,127,0,128,0,5,152,0,157,218,0,218,375
01/24/2022,HWD,CA,AWP,WE,Towers with Radar,0,9,14,0,23,0,2,118,1,121,0,11,132,1,144,342,0,342,486
01/25/2022,HWD,CA,AWP,WE,Towers with Radar,0,2,26,0,28,0,0,70,1,71,0,2,96,1,99,104,0,104,203
01/26/2022,HWD,CA,AWP,WE,Towers with Radar,0,4,24,0,28,0,4,95,0,99,0,8,119,0,127,346,0,346,473
01/27/2022,HWD,CA,AWP,WE,Towers with Radar,0,5,20,0,25,0,0,133,2,135,0,5,153,2,160,282,0,282,442
01/28/2022,HWD,CA,AWP,WE,Towers with Radar,0,5,34,0,39,0,1,117,2,120,0,6,151,2,159,192,0,192,351
01/29/2022,HWD,CA,AWP,WE,Towers with Radar,0,1,18,0,19,0,1,131,0,132,0,2,149,0,151,432,0,432,583
01/30/2022,HWD,CA,AWP,WE,Towers with Radar,0,5,27,0,32,0,0,104,0,104,0,5,131,0,136,252,0,252,388
01/31/2022,HWD,CA,AWP,WE,Towers with Radar,0,7,12,0,19,0,1,116,1,118,0,8,128,1,137,144,0,144,281
02/01/2022,HWD,CA,AWP,WE,Towers with Radar,0,5,13,0,18,0,0,76,3,79,0,5,89,3,97,146,0,146,243
02/02/2022,HWD,CA,AWP,WE,Towers with Radar,0,3,12,0,15,0,0,20,0,20,0,3,32,0,35,22,0,22,57
02/03/2022,HWD,CA,AWP,WE,Towers with Radar,0,10,25,0,35,0,1,134,0,135,0,11,159,0,170,278,0,278,448
02/04/2022,HWD,CA,AWP,WE,Towers with Radar,0,5,35,0,40,0,1,145,3,149,0,6,180,3,189,291,0,291,480
02/05/2022,HWD,CA,AWP,WE,Towers with Radar,0,6,25,0,31,0,1,135,0,136,0,7,160,0,167,320,0,320,487
02/06/2022,HWD,CA,AWP,WE,Towers with Radar,0,11,22,0,33,0,2,132,0,134,0,13,154,0,167,378,0,378,545
02/07/2022,HWD,CA,AWP,WE,Towers with Radar,0,6,13,0,19,0,2,105,2,109,0,8,118,2,128,266,0,266,394
02/08/2022,HWD,CA,AWP,WE,Towers with Radar,0,4,21,0,25,0,0,143,2,145,0,4,164,2,170,340,0,340,510
02/09/2022,HWD,CA,AWP,WE,Towers with Radar,0,5,20,0,25,0,3,109,0,112,0,8,129,0,137,256,0,256,393
02/10/2022,HWD,CA,AWP,WE,Towers with Radar,0,9,14,0,23,15,1,121,4,141,15,10,135,4,164,224,0,224,388
02/11/2022,HWD,CA,AWP,WE,Towers with Radar,0,8,25,0,33,0,0,152,0,152,0,8,177,0,185,316,0,316,501
02/12/2022,HWD,CA,AWP,WE,Towers with Radar,0,4,24,0,28,0,0,169,0,169,0,4,193,0,197,232,0,232,429
02/13/2022,HWD,CA,AWP,WE,Towers with Radar,0,4,20,0,24,0,2,127,0,129,0,6,147,0,153,287,0,287,440
02/14/2022,HWD,CA,AWP,WE,Towers with Radar,0,5,19,0,24,0,1,51,2,54,0,6,70,2,78,56,0,56,134
02/15/2022,HWD,CA,AWP,WE,Towers with Radar,0,4,19,0,23,0,0,79,4,83,0,4,98,4,106,88,0,88,194
02/16/2022,HWD,CA,AWP,WE,Towers with Radar,0,4,28,0,32,0,0,109,2,111,0,4,137,2,143,214,0,214,357
02/17/2022,HWD,CA,AWP,WE,Towers with Radar,0,10,19,0,29,0,2,129,1,132,0,12,148,1,161,222,0,222,383
02/18/2022,HWD,CA,AWP,WE,Towers with Radar,0,11,27,0,38,0,1,145,2,148,0,12,172,2,186,310,0,310,496
02/19/2022,HWD,CA,AWP,WE,Towers with Radar,0,3,19,0,22,0,0,127,0,127,0,3,146,0,149,334,0,334,483
02/20/2022,HWD,CA,AWP,WE,Towers with Radar,0,5,24,0,29,0,0,87,0,87,0,5,111,0,116,210,0,210,326
02/21/2022,HWD,CA,AWP,WE,Towers with Radar,0,0,21,0,21,0,0,80,3,83,0,0,101,3,104,158,0,158,262
02/22/2022,HWD,CA,AWP,WE,Towers with Radar,0,9,12,0,21,0,0,73,0,73,0,9,85,0,94,133,0,133,227
02/23/2022,HWD,CA,AWP,WE,Towers with Radar,0,5,26,0,31,0,2,127,1,130,0,7,153,1,161,336,0,336,497
02/24/2022,HWD,CA,AWP,WE,Towers with Radar,0,6,22,0,28,0,0,127,2,129,0,6,149,2,157,364,0,364,521
02/25/2022,HWD,CA,AWP,WE,Towers with Radar,0,4,19,0,23,0,1,137,3,141,0,5,156,3,164,266,0,266,430
02/26/2022,HWD,CA,AWP,WE,Towers with Radar,0,5,16,0,21,0,2,133,1,136,0,7,149,1,157,346,0,346,503
02/27/2022,HWD,CA,AWP,WE,Towers with Radar,0,4,23,0,27,0,0,127,0,127,0,4,150,0,154,162,0,162,316
02/28/2022,HWD,CA,AWP,WE,Towers with Radar,0,8,16,0,24,0,2,110,0,112,0,10,126,0,136,207,0,207,343
03/01/2022,HWD,CA,AWP,WE,Towers with Radar,0,2,21,0,23,0,0,121,0,121,0,2,142,0,144,328,0,328,472
03/02/2022,HWD,CA,AWP,WE,Towers with Radar,0,6,18,0,24,0,0,113,2,115,0,6,131,2,139,247,0,247,386
03/03/2022,HWD,CA,AWP,WE,Towers with Radar,0,7,23,0,30,0,2,34,3,39,0,9,57,3,69,230,0,230,299
03/04/2022,HWD,CA,AWP,WE,Towers with Radar,0,5,18,0,23,0,0,28,0,28,0,5,46,0,51,100,0,100,151
03/05/2022,HWD,CA,AWP,WE,Towers with Radar,0,3,10,0,13,0,0,107,0,107,0,3,117,0,120,414,0,414,534
03/06/2022,HWD,CA,AWP,WE,Towers with Radar,0,10,15,0,25,0,0,138,0,138,0,10,153,0,163,214,0,214,377
03/07/2022,HWD,CA,AWP,WE,Towers with Radar,0,9,16,0,25,0,2,89,1,92,0,11,105,1,117,100,0,100,217
03/08/2022,HWD,CA,AWP,WE,Towers with Radar,0,8,15,0,23,0,1,110,1,112,0,9,125,1,135,128,0,128,263
03/09/2022,HWD,CA,AWP,WE,Towers with Radar,0,8,19,0,27,0,0,97,4,101,0,8,116,4,128,199,0,199,327
03/10/2022,HWD,CA,AWP,WE,Towers with Radar,0,7,20,0,27,0,0,87,0,87,0,7,107,0,114,120,0,120,234
03/11/2022,HWD,CA,AWP,WE,Towers with Radar,0,9,26,0,35,0,2,164,3,169,0,11,190,3,204,382,0,382,586
03/12/2022,HWD,CA,AWP,WE,Towers with Radar,0,3,13,0,16,0,0,146,0,146,0,3,159,0,162,346,0,346,508
03/13/2022,HWD,CA,AWP,WE,Towers with Radar,0,7,24,0,31,0,1,115,0,116,0,8,139,0,147,298,0,298,445
03/14/2022,HWD,CA,AWP,WE,Towers with Radar,0,5,14,0,19,0,0,120,0,120,0,5,134,0,139,203,0,203,342
03/15/2022,HWD,CA,AWP,WE,Towers with Radar,0,8,25,0,33,0,0,75,1,76,0,8,100,1,109,199,0,199,308
03/16/2022,HWD,CA,AWP,WE,Towers with Radar,0,6,32,0,38,0,2,108,3,113,0,8,140,3,151,309,0,309,460
03/17/2022,HWD,CA,AWP,WE,Towers with Radar,0,8,34,0,42,0,4,104,0,108,0,12,138,0,150,362,0,362,512
03/18/2022,HWD,CA,AWP,WE,Towers with Radar,0,6,28,0,34,0,1,137,2,140,0,7,165,2,174,286,0,286,460
03/19/2022,HWD,CA,AWP,WE,Towers with Radar,0,2,27,0,29,0,1,32,0,33,0,3,59,0,62,282,0,282,344
03/20/2022,HWD,CA,AWP,WE,Towers with Radar,0,11,27,0,38,0,1,145,0,146,0,12,172,0,184,242,0,242,426
03/21/2022,HWD,CA,AWP,WE,Towers with Radar,0,5,15,1,21,0,1,115,5,121,0,6,130,6,142,308,0,308,450
03/22/2022,HWD,CA,AWP,WE,Towers with Radar,0,6,19,0,25,0,0,101,3,104,0,6,120,3,129,304,0,304,433
03/23/2022,HWD,CA,AWP,WE,Towers with Radar,0,7,44,0,51,0,1,98,0,99,0,8,142,0,150,250,0,250,400
03/24/2022,HWD,CA,AWP,WE,Towers with Radar,0,3,23,0,26,0,0,114,2,116,0,3,137,2,142,294,0,294,436
03/25/2022,HWD,CA,AWP,WE,Towers with Radar,0,4,31,0,35,0,1,108,0,109,0,5,139,0,144,146,0,146,290
03/26/2022,HWD,CA,AWP,WE,Towers with Radar,0,2,35,0,37,0,0,142,0,142,0,2,177,0,179,472,0,472,651
03/27/2022,HWD,CA,AWP,WE,Towers with Radar,0,13,35,0,48,0,1,58,0,59,0,14,93,0,107,145,0,145,252
03/28/2022,HWD,CA,AWP,WE,Towers with Radar,0,7,12,0,19,0,0,45,0,45,0,7,57,0,64,193,0,193,257
03/29/2022,HWD,CA,AWP,WE,Towers with Radar,0,6,31,0,37,0,0,36,0,36,0,6,67,0,73,302,0,302,375
03/30/2022,HWD,CA,AWP,WE,Towers with Radar,0,9,27,0,36,0,0,58,4,62,0,9,85,4,98,304,0,304,402
03/31/2022,HWD,CA,AWP,WE,Towers with Radar,0,7,30,0,37,0,0,106,1,107,0,7,136,1,144,200,0,200,344
04/01/2022,HWD,CA,AWP,WE,Towers with Radar,0,6,25,0,31,0,0,138,0,138,0,6,163,0,169,327,0,327,496
04/02/2022,HWD,CA,AWP,WE,Towers with Radar,0,3,17,0,20,0,1,139,0,140,0,4,156,0,160,300,0,300,460
04/03/2022,HWD,CA,AWP,WE,Towers with Radar,0,2,23,0,25,0,0,125,0,125,0,2,148,0,150,126,0,126,276
04/04/2022,HWD,CA,AWP,WE,Towers with Radar,0,2,20,0,22,0,0,67,2,69,0,2,87,2,91,90,0,90,181
04/05/2022,HWD,CA,AWP,WE,Towers with Radar,0,1,15,0,16,0,1,86,4,91,0,2,101,4,107,216,0,216,323
04/06/2022,HWD,CA,AWP,WE,Towers with Radar,0,5,16,0,21,0,1,111,0,112,0,6,127,0,133,262,0,262,395
04/07/2022,HWD,CA,AWP,WE,Towers with Radar,0,6,25,0,31,0,2,102,1,105,0,8,127,1,136,206,0,206,342
04/08/2022,HWD,CA,AWP,WE,Towers with Radar,0,2,18,0,20,0,0,160,2,162,0,2,178,2,182,316,0,316,498
04/09/2022,HWD,CA,AWP,WE,Towers with Radar,0,7,13,0,20,0,1,127,1,129,0,8,140,1,149,285,0,285,434
04/10/2022,HWD,CA,AWP,WE,Towers with Radar,0,6,17,0,23,0,0,106,0,106,0,6,123,0,129,138,0,138,267
04/11/2022,HWD,CA,AWP,WE,Towers with Radar,0,4,12,0,16,0,1,4,1,6,0,5,16,1,22,0,0,0,22
04/12/2022,HWD,CA,AWP,WE,Towers with Radar,0,2,27,0,29,0,0,68,0,68,0,2,95,0,97,124,0,124,221
04/13/2022,HWD,CA,AWP,WE,Towers with Radar,0,8,28,0,36,0,0,109,0,109,0,8,137,0,145,237,0,237,382
04/14/2022,HWD,CA,AWP,WE,Towers with Radar,0,4,26,0,30,0,0,15,0,15,0,4,41,0,45,86,0,86,131
04/15/2022,HWD,CA,AWP,WE,Towers with Radar,0,5,32,0,37,0,0,163,5,168,0,5,195,5,205,280,0,280,485
04/16/2022,HWD,CA,AWP,WE,Towers with Radar,0,4,23,0,27,0,0,38,2,40,0,4,61,2,67,206,0,206,273
04/17/2022,HWD,CA,AWP,WE,Towers with Radar,0,6,16,0,22,0,0,116,0,116,0,6,132,0,138,214,0,214,352
04/18/2022,HWD,CA,AWP,WE,Towers with Radar,0,5,21,0,26,0,1,123,1,125,0,6,144,1,151,243,0,243,394
04/19/2022,HWD,CA,AWP,WE,Towers with Radar,0,6,18,0,24,0,0,87,0,87,0,6,105,0,111,136,0,136,247
04/20/2022,HWD,CA,AWP,WE,Towers with Radar,1,5,26,0,32,0,2,99,0,101,1,7,125,0,133,104,0,104,237
04/21/2022,HWD,CA,AWP,WE,Towers with Radar,0,3,18,0,21,0,1,40,0,41,0,4,58,0,62,168,0,168,230
04/22/2022,HWD,CA,AWP,WE,Towers with Radar,0,12,35,0,47,0,1,113,2,116,0,13,148,2,163,278,0,278,441
04/23/2022,HWD,CA,AWP,WE,Towers with Radar,0,0,16,0,16,0,0,167,0,167,0,0,183,0,183,316,0,316,499
04/24/2022,HWD,CA,AWP,WE,Towers with Radar,0,8,29,0,37,0,0,170,0,170,0,8,199,0,207,406,0,406,613
04/25/2022,HWD,CA,AWP,WE,Towers with Radar,0,6,12,0,18,0,2,106,0,108,0,8,118,0,126,206,0,206,332
04/26/2022,HWD,CA,AWP,WE,Towers with Radar,0,2,23,0,25,0,2,101,0,103,0,4,124,0,128,88,0,88,216
04/27/2022,HWD,CA,AWP,WE,Towers with Radar,0,1,24,0,25,0,0,97,0,97,0,1,121,0,122,285,0,285,407
04/28/2022,HWD,CA,AWP,WE,Towers with Radar,0,7,21,0,28,0,0,61,1,62,0,7,82,1,90,68,0,68,158
04/29/2022,HWD,CA,AWP,WE,Towers with Radar,0,7,26,0,33,0,1,119,0,120,0,8,145,0,153,185,0,185,338
04/30/2022,HWD,CA,AWP,WE,Towers with Radar,0,1,20,0,21,0,2,128,0,130,0,3,148,0,151,298,0,298,449
05/01/2022,HWD,CA,AWP,WE,Towers with Radar,0,6,22,0,28,0,0,129,0,129,0,6,151,0,157,240,0,240,397
05/02/2022,HWD,CA,AWP,WE,Towers with Radar,0,0,18,0,18,0,1,48,2,51,0,1,66,2,69,79,0,79,148
05/03/2022,HWD,CA,AWP,WE,Towers with Radar,0,2,16,0,18,0,3,124,5,132,0,5,140,5,150,266,0,266,416
05/04/2022,HWD,CA,AWP,WE,Towers with Radar,0,5,22,0,27,0,4,123,1,128,0,9,145,1,155,318,0,318,473
05/05/2022,HWD,CA,AWP,WE,Towers with Radar,0,3,26,0,29,0,0,95,3,98,0,3,121,3,127,306,0,306,433
05/06/2022,HWD,CA,AWP,WE,Towers with Radar,0,4,34,0,38,0,1,78,3,82,0,5,112,3,120,144,0,144,264
05/07/2022,HWD,CA,AWP,WE,Towers with Radar,0,2,19,0,21,0,0,110,0,110,0,2,129,0,131,254,0,254,385
05/08/2022,HWD,CA,AWP,WE,Towers with Radar,0,4,18,0,22,0,1,28,0,29,0,5,46,0,51,30,0,30,81
05/09/2022,HWD,CA,AWP,WE,Towers with Radar,1,5,20,0,26,0,0,79,1,80,1,5,99,1,106,260,0,260,366
05/10/2022,HWD,CA,AWP,WE,Towers with Radar,0,6,21,0,27,0,0,95,0,95,0,6,116,0,122,256,0,256,378
05/11/2022,HWD,CA,AWP,WE,Towers with Radar,0,3,26,0,29,0,0,89,1,90,0,3,115,1,119,204,0,204,323
05/12/2022,HWD,CA,AWP,WE,Towers with Radar,0,8,16,0,24,0,0,101,5,106,0,8,117,5,130,138,0,138,268
05/13/2022,HWD,CA,AWP,WE,Towers with Radar,0,1,19,0,20,0,2,152,1,155,0,3,171,1,175,356,0,356,531
05/14/2022,HWD,CA,AWP,WE,Towers with Radar,0,2,17,0,19,0,0,150,1,151,0,2,167,1,170,334,0,334,504
05/15/2022,HWD,CA,AWP,WE,Towers with Radar,0,5,35,0,40,0,0,73,0,73,0,5,108,0,113,132,0,132,245
05/16/2022,HWD,CA,AWP,WE,Towers with Radar,2,3,24,0,29,0,0,64,2,66,2,3,88,2,95,212,0,212,307
05/17/2022,HWD,CA,AWP,WE,Towers with Radar,0,6,20,0,26,0,1,120,3,124,0,7,140,3,150,246,0,246,396
05/18/2022,HWD,CA,AWP,WE,Towers with Radar,0,6,25,0,31,0,1,132,0,133,0,7,157,0,164,326,0,326,490
05/19/2022,HWD,CA,AWP,WE,Towers with Radar,0,0,26,0,26,0,0,113,4,117,0,0,139,4,143,228,0,228,371
05/20/2022,HWD,CA,AWP,WE,Towers with Radar,0,2,22,0,24,0,2,88,3,93,0,4,110,3,117,76,0,76,193
05/21/2022,HWD,CA,AWP,WE,Towers with Radar,0,6,23,0,29,0,0,155,0,155,0,6,178,0,184,326,0,326,510
05/22/2022,HWD,CA,AWP,WE,Towers with Radar,0,3,22,0,25,0,0,121,0,121,0,3,143,0,146,322,0,322,468
05/23/2022,HWD,CA,AWP,WE,Towers with Radar,0,0,12,0,12,0,0,117,4,121,0,0,129,4,133,276,0,276,409
05/24/2022,HWD,CA,AWP,WE,Towers with Radar,0,2,10,0,12,0,1,53,0,54,0,3,63,0,66,134,0,134,200
05/25/2022,HWD,CA,AWP,WE,Towers with Radar,0,4,29,0,33,0,0,120,2,122,0,4,149,2,155,206,0,206,361
05/26/2022,HWD,CA,AWP,WE,Towers with Radar,0,0,13,0,13,0,0,89,3,92,0,0,102,3,105,192,0,192,297
05/27/2022,HWD,CA,AWP,WE,Towers with Radar,0,4,19,0,23,0,0,80,3,83,0,4,99,3,106,156,0,156,262
05/28/2022,HWD,CA,AWP,WE,Towers with Radar,0,2,12,0,14,0,0,96,0,96,0,2,108,0,110,324,0,324,434
05/29/2022,HWD,CA,AWP,WE,Towers with Radar,0,0,11,0,11,0,0,101,0,101,0,0,112,0,112,270,0,270,382
05/30/2022,HWD,CA,AWP,WE,Towers with Radar,0,4,24,0,28,0,1,140,0,141,0,5,164,0,169,310,0,310,479
05/31/2022,HWD,CA,AWP,WE,Towers with Radar,0,8,21,0,29,0,1,116,0,117,0,9,137,0,146,226,0,226,372
06/01/2022,HWD,CA,AWP,WE,Towers with Radar,0,0,26,0,26,0,0,100,0,100,0,0,126,0,126,228,0,228,354
06/02/2022,HWD,CA,AWP,WE,Towers with Radar,0,2,14,0,16,0,0,91,2,93,0,2,105,2,109,130,0,130,239
06/03/2022,HWD,CA,AWP,WE,Towers with Radar,0,7,34,0,41,0,0,60,0,60,0,7,94,0,101,205,0,205,306
06/04/2022,HWD,CA,AWP,WE,Towers with Radar,0,2,28,0,30,0,0,127,0,127,0,2,155,0,157,368,0,368,525
06/05/2022,HWD,CA,AWP,WE,Towers with Radar,0,6,27,0,33,0,0,51,1,52,0,6,78,1,85,172,0,172,257
06/06/2022,HWD,CA,AWP,WE,Towers with Radar,0,2,16,0,18,0,0,108,0,108,0,2,124,0,126,272,0,272,398
06/07/2022,HWD,CA,AWP,WE,Towers with Radar,0,6,18,0,24,0,2,137,1,140,0,8,155,1,164,360,0,360,524
06/08/2022,HWD,CA,AWP,WE,Towers with Radar,0,5,39,0,44,0,0,107,3,110,0,5,146,3,154,250,0,250,404
06/09/2022,HWD,CA,AWP,WE,Towers with Radar,0,13,32,0,45,0,0,150,1,151,0,13,182,1,196,316,0,316,512
06/10/2022,HWD,CA,AWP,WE,Towers with Radar,0,5,32,0,37,0,2,146,1,149,0,7,178,1,186,355,0,355,541
06/11/2022,HWD,CA,AWP,WE,Towers with Radar,0,4,27,0,31,0,1,145,0,146,0,5,172,0,177,244,0,244,421
06/12/2022,HWD,CA,AWP,WE,Towers with Radar,0,2,30,0,32,0,0,69,0,69,0,2,99,0,101,262,0,262,363
06/13/2022,HWD,CA,AWP,WE,Towers with Radar,0,4,21,0,25,0,1,109,2,112,0,5,130,2,137,278,0,278,415
06/14/2022,HWD,CA,AWP,WE,Towers with Radar,1,2,19,0,22,0,1,114,0,115,1,3,133,0,137,360,0,360,497
06/15/2022,HWD,CA,AWP,WE,Towers with Radar,0,3,29,0,32,0,0,124,2,126,0,3,153,2,158,331,0,331,489
06/16/2022,HWD,CA,AWP,WE,Towers with Radar,0,1,19,0,20,0,0,93,4,97,0,1,112,4,117,194,0,194,311
06/17/2022,HWD,CA,AWP,WE,Towers with Radar,0,3,24,0,27,0,0,88,0,88,0,3,112,0,115,262,0,262,377
06/18/2022,HWD,CA,AWP,WE,Towers with Radar,0,1,25,0,26,0,1,104,0,105,0,2,129,0,131,294,0,294,425
06/19/2022,HWD,CA,AWP,WE,Towers with Radar,0,3,24,0,27,0,0,129,0,129,0,3,153,0,156,231,0,231,387
06/20/2022,HWD,CA,AWP,WE,Towers with Radar,0,6,25,0,31,0,1,133,6,140,0,7,158,6,171,316,0,316,487
06/21/2022,HWD,CA,AWP,WE,Towers with Radar,0,4,7,0,11,0,0,97,0,97,0,4,104,0,108,270,0,270,378
06/22/2022,HWD,CA,AWP,WE,Towers with Radar,0,8,17,0,25,0,0,107,0,107,0,8,124,0,132,306,0,306,438
06/23/2022,HWD,CA,AWP,WE,Towers with Radar,0,3,16,0,19,0,1,104,1,106,0,4,120,1,125,305,0,305,430
06/24/2022,HWD,CA,AWP,WE,Towers with Radar,0,6,19,0,25,0,0,130,0,130,0,6,149,0,155,214,0,214,369
06/25/2022,HWD,CA,AWP,WE,Towers with Radar,0,1,13,0,14,0,1,133,0,134,0,2,146,0,148,246,0,246,394
06/26/2022,HWD,CA,AWP,WE,Towers with Radar,0,13,33,0,46,0,1,128,0,129,0,14,161,0,175,172,0,172,347
06/27/2022,HWD,CA,AWP,WE,Towers with Radar,0,6,11,0,17,0,1,90,0,91,0,7,101,0,108,180,0,180,288
06/28/2022,HWD,CA,AWP,WE,Towers with Radar,0,2,14,0,16,0,0,123,2,125,0,2,137,2,141,344,0,344,485
06/29/2022,HWD,CA,AWP,WE,Towers with Radar,0,4,30,0,34,0,1,87,0,88,0,5,117,0,122,254,0,254,376
06/30/2022,HWD,CA,AWP,WE,Towers with Radar,1,6,23,0,30,0,2,88,2,92,1,8,111,2,122,218,0,218,340
07/01/2022,HWD,CA,AWP,WE,Towers with Radar,0,6,37,0,43,0,0,92,0,92,0,6,129,0,135,194,0,194,329
07/02/2022,HWD,CA,AWP,WE,Towers with Radar,0,7,41,0,48,0,0,28,0,28,0,7,69,0,76,90,0,90,166
07/03/2022,HWD,CA,AWP,WE,Towers with Radar,0,6,11,0,17,0,0,58,0,58,0,6,69,0,75,164,0,164,239
07/04/2022,HWD,CA,AWP,WE,Towers with Radar,1,1,17,0,19,0,0,66,0,66,1,1,83,0,85,314,0,314,399
07/05/2022,HWD,CA,AWP,WE,Towers with Radar,0,2,36,0,38,0,0,86,0,86,0,2,122,0,124,280,0,280,404
07/06/2022,HWD,CA,AWP,WE,Towers with Radar,0,3,18,1,22,0,1,87,1,89,0,4,105,2,111,300,0,300,411
07/07/2022,HWD,CA,AWP,WE,Towers with Radar,1,1,27,0,29,0,1,74,0,75,1,2,101,0,104,238,0,238,342
07/08/2022,HWD,CA,AWP,WE,Towers with Radar,1,1,21,0,23,0,2,149,0,151,1,3,170,0,174,450,0,450,624
07/09/2022,HWD,CA,AWP,WE,Towers with Radar,0,3,20,0,23,0,1,127,0,128,0,4,147,0,151,204,0,204,355
07/10/2022,HWD,CA,AWP,WE,Towers with Radar,0,5,25,0,30,0,0,142,0,142,0,5,167,0,172,216,0,216,388
07/11/2022,HWD,CA,AWP,WE,Towers with Radar,0,4,22,0,26,0,0,100,0,100,0,4,122,0,126,200,0,200,326
07/12/2022,HWD,CA,AWP,WE,Towers with Radar,0,4,27,0,31,0,0,112,0,112,0,4,139,0,143,234,0,234,377
07/13/2022,HWD,CA,AWP,WE,Towers with Radar,0,4,25,0,29,0,0,121,0,121,0,4,146,0,150,430,0,430,580
07/14/2022,HWD,CA,AWP,WE,Towers with Radar,1,5,21,0,27,0,0,108,1,109,1,5,129,1,136,260,0,260,396
07/15/2022,HWD,CA,AWP,WE,Towers with Radar,0,5,35,0,40,0,0,124,5,129,0,5,159,5,169,414,0,414,583
07/16/2022,HWD,CA,AWP,WE,Towers with Radar,0,3,12,0,15,0,0,127,1,128,0,3,139,1,143,351,0,351,494
07/17/2022,HWD,CA,AWP,WE,Towers with Radar,0,5,27,0,32,0,0,142,4,146,0,5,169,4,178,224,0,224,402
07/18/2022,HWD,CA,AWP,WE,Towers with Radar,0,2,20,0,22,0,1,89,2,92,0,3,109,2,114,188,0,188,302
07/19/2022,HWD,CA,AWP,WE,Towers with Radar,0,4,17,0,21,0,0,105,0,105,0,4,122,0,126,226,12,238,364
07/20/2022,HWD,CA,AWP,WE,Towers with Radar,0,2,22,0,24,0,0,99,1,100,0,2,121,1,124,318,0,318,442
07/21/2022,HWD,CA,AWP,WE,Towers with Radar,0,5,24,0,29,0,1,94,0,95,0,6,118,0,124,286,0,286,410
07/22/2022,HWD,CA,AWP,WE,Towers with Radar,0,2,20,0,22,0,1,124,0,125,0,3,144,0,147,321,0,321,468
07/23/2022,HWD,CA,AWP,WE,Towers with Radar,0,3,45,0,48,0,0,133,0,133,0,3,178,0,181,270,0,270,451
07/24/2022,HWD,CA,AWP,WE,Towers with Radar,0,5,31,0,36,0,3,97,0,100,0,8,128,0,136,202,0,202,338
07/25/2022,HWD,CA,AWP,WE,Towers with Radar,0,1,13,0,14,0,4,74,2,80,0,5,87,2,94,162,0,162,256
07/26/2022,HWD,CA,AWP,WE,Towers with Radar,1,2,27,0,30,0,0,103,1,104,1,2,130,1,134,170,0,170,304
07/27/2022,HWD,CA,AWP,WE,Towers with Radar,0,3,31,0,34,0,0,108,0,108,0,3,139,0,142,150,0,150,292
07/28/2022,HWD,CA,AWP,WE,Towers with Radar,0,9,32,0,41,0,0,65,2,67,0,9,97,2,108,120,0,120,228
07/29/2022,HWD,CA,AWP,WE,Towers with Radar,0,5,50,0,55,0,2,103,0,105,0,7,153,0,160,194,0,194,354
07/30/2022,HWD,CA,AWP,WE,Towers with Radar,0,2,29,0,31,0,0,95,0,95,0,2,124,0,126,170,0,170,296
07/31/2022,HWD,CA,AWP,WE,Towers with Radar,0,9,29,0,38,0,2,99,2,103,0,11,128,2,141,210,0,210,351
08/01/2022,HWD,CA,AWP,WE,Towers with Radar,0,8,15,0,23,0,4,99,0,103,0,12,114,0,126,238,0,238,364
08/02/2022,HWD,CA,AWP,WE,Towers with Radar,0,6,22,0,28,0,4,118,0,122,0,10,140,0,150,228,0,228,378
08/03/2022,HWD,CA,AWP,WE,Towers with Radar,0,6,29,0,35,0,2,138,0,140,0,8,167,0,175,262,0,262,437
08/04/2022,HWD,CA,AWP,WE,Towers with Radar,0,9,25,0,34,0,0,105,0,105,0,9,130,0,139,256,0,256,395
08/05/2022,HWD,CA,AWP,WE,Towers with Radar,0,5,30,0,35,0,1,109,0,110,0,6,139,0,145,264,0,264,409
08/06/2022,HWD,CA,AWP,WE,Towers with Radar,0,5,34,0,39,0,1,180,0,181,0,6,214,0,220,300,0,300,520
08/07/2022,HWD,CA,AWP,WE,Towers with Radar,0,3,23,0,26,0,1,109,0,110,0,4,132,0,136,286,0,286,422
08/08/2022,HWD,CA,AWP,WE,Towers with Radar,0,5,19,0,24,0,0,89,0,89,0,5,108,0,113,228,0,228,341
08/09/2022,HWD,CA,AWP,WE,Towers with Radar,0,4,19,0,23,0,0,102,0,102,0,4,121,0,125,228,0,228,353
08/10/2022,HWD,CA,AWP,WE,Towers with Radar,0,4,25,0,29,0,0,106,0,106,0,4,131,0,135,264,0,264,399
08/11/2022,HWD,CA,AWP,WE,Towers with Radar,0,2,25,0,27,0,1,100,0,101,0,3,125,0,128,298,0,298,426
08/12/2022,HWD,CA,AWP,WE,Towers with Radar,1,3,19,0,23,0,0,120,1,121,1,3,139,1,144,252,0,252,396
08/13/2022,HWD,CA,AWP,WE,Towers with Radar,0,3,14,0,17,0,4,125,0,129,0,7,139,0,146,360,0,360,506
08/14/2022,HWD,CA,AWP,WE,Towers with Radar,0,5,20,0,25,0,4,133,0,137,0,9,153,0,162,254,0,254,416
08/15/2022,HWD,CA,AWP,WE,Towers with Radar,0,1,17,0,18,0,0,80,0,80,0,1,97,0,98,170,0,170,268
08/16/2022,HWD,CA,AWP,WE,Towers with Radar,0,4,15,0,19,0,0,106,0,106,0,4,121,0,125,172,0,172,297
08/17/2022,HWD,CA,AWP,WE,Towers with Radar,0,5,8,0,13,0,0,128,1,129,0,5,136,1,142,242,0,242,384
08/18/2022,HWD,CA,AWP,WE,Towers with Radar,0,4,21,0,25,0,1,122,1,124,0,5,143,1,149,167,0,167,316
08/19/2022,HWD,CA,AWP,WE,Towers with Radar,0,5,19,0,24,0,2,86,0,88,0,7,105,0,112,282,0,282,394
08/20/2022,HWD,CA,AWP,WE,Towers with Radar,1,2,21,0,24,0,1,136,0,137,1,3,157,0,161,354,0,354,515
08/21/2022,HWD,CA,AWP,WE,Towers with Radar,0,8,11,0,19,0,1,135,0,136,0,9,146,0,155,184,0,184,339
08/22/2022,HWD,CA,AWP,WE,Towers with Radar,0,7,23,0,30,0,0,88,0,88,0,7,111,0,118,220,0,220,338
08/23/2022,HWD,CA,AWP,WE,Towers with Radar,1,3,19,0,23,0,0,119,0,119,1,3,138,0,142,158,0,158,300
08/24/2022,HWD,CA,AWP,WE,Towers with Radar,1,5,33,0,39,0,0,92,0,92,1,5,125,0,131,260,0,260,391
08/25/2022,HWD,CA,AWP,WE,Towers with Radar,0,1,22,0,23,0,0,95,0,95,0,1,117,0,118,210,0,210,328
08/26/2022,HWD,CA,AWP,WE,Towers with Radar,0,1,29,0,30,0,0,110,0,110,0,1,139,0,140,224,0,224,364
08/27/2022,HWD,CA,AWP,WE,Towers with Radar,0,7,16,0,23,0,4,132,0,136,0,11,148,0,159,222,0,222,381
08/28/2022,HWD,CA,AWP,WE,Towers with Radar,0,12,31,0,43,0,0,95,0,95,0,12,126,0,138,290,0,290,428
08/29/2022,HWD,CA,AWP,WE,Towers with Radar,0,3,21,0,24,0,1,108,0,109,0,4,129,0,133,274,0,274,407
08/30/2022,HWD,CA,AWP,WE,Towers with Radar,0,2,26,0,28,0,0,105,0,105,0,2,131,0,133,252,0,252,385
08/31/2022,HWD,CA,AWP,WE,Towers with Radar,0,3,25,0,28,0,1,123,0,124,0,4,148,0,152,318,0,318,470
09/01/2022,HWD,CA,AWP,WE,Towers with Radar,0,4,21,0,25,0,2,102,1,105,0,6,123,1,130,222,0,222,352
09/02/2022,HWD,CA,AWP,WE,Towers with Radar,0,4,31,0,35,0,0,82,0,82,0,4,113,0,117,230,0,230,347
09/03/2022,HWD,CA,AWP,WE,Towers with Radar,0,1,11,0,12,0,0,137,0,137,0,1,148,0,149,300,0,300,449
09/04/2022,HWD,CA,AWP,WE,Towers with Radar,0,3,12,0,15,0,0,113,0,113,0,3,125,0,128,292,0,292,420
09/05/2022,HWD,CA,AWP,WE,Towers with Radar,0,3,19,0,22,0,0,116,0,116,0,3,135,0,138,154,0,154,292
09/06/2022,HWD,CA,AWP,WE,Towers with Radar,0,0,11,0,11,0,1,88,0,89,0,1,99,0,100,112,0,112,212
09/07/2022,HWD,CA,AWP,WE,Towers with Radar,0,2,19,0,21,0,0,79,0,79,0,2,98,0,100,100,0,100,200
09/08/2022,HWD,CA,AWP,WE,Towers with Radar,0,3,22,0,25,0,0,110,0,110,0,3,132,0,135,151,0,151,286
09/09/2022,HWD,CA,AWP,WE,Towers with Radar,0,4,21,0,25,0,0,110,1,111,0,4,131,1,136,198,0,198,334
09/10/2022,HWD,CA,AWP,WE,Towers with Radar,0,2,16,0,18,0,0,128,0,128,0,2,144,0,146,448,0,448,594
09/11/2022,HWD,CA,AWP,WE,Towers with Radar,0,3,15,0,18,0,0,169,0,169,0,3,184,0,187,110,0,110,297
09/12/2022,HWD,CA,AWP,WE,Towers with Radar,0,4,17,0,21,0,0,89,0,89,0,4,106,0,110,240,0,240,350
09/13/2022,HWD,CA,AWP,WE,Towers with Radar,1,3,19,0,23,0,0,76,1,77,1,3,95,1,100,188,0,188,288
09/14/2022,HWD,CA,AWP,WE,Towers with Radar,1,3,32,0,36,0,0,79,1,80,1,3,111,1,116,360,0,360,476
09/15/2022,HWD,CA,AWP,WE,Towers with Radar,0,4,32,0,36,0,1,82,0,83,0,5,114,0,119,332,0,332,451
09/16/2022,HWD,CA,AWP,WE,Towers with Radar,0,3,20,0,23,0,1,135,3,139,0,4,155,3,162,384,0,384,546
09/17/2022,HWD,CA,AWP,WE,Towers with Radar,0,0,19,0,19,0,1,93,0,94,0,1,112,0,113,326,0,326,439
09/18/2022,HWD,CA,AWP,WE,Towers with Radar,0,10,20,0,30,0,0,20,0,20,0,10,40,0,50,42,0,42,92
09/19/2022,HWD,CA,AWP,WE,Towers with Radar,0,0,18,0,18,0,0,52,0,52,0,0,70,0,70,188,0,188,258
09/20/2022,HWD,CA,AWP,WE,Towers with Radar,0,3,22,0,25,0,0,103,0,103,0,3,125,0,128,334,0,334,462
09/21/2022,HWD,CA,AWP,WE,Towers with Radar,0,1,27,0,28,0,1,97,0,98,0,2,124,0,126,276,0,276,402
09/22/2022,HWD,CA,AWP,WE,Towers with Radar,1,5,23,0,29,0,0,113,0,113,1,5,136,0,142,316,0,316,458
09/23/2022,HWD,CA,AWP,WE,Towers with Radar,0,12,34,0,46,0,0,188,0,188,0,12,222,0,234,364,0,364,598
09/24/2022,HWD,CA,AWP,WE,Towers with Radar,0,0,22,0,22,0,1,252,1,254,0,1,274,1,276,232,0,232,508
09/25/2022,HWD,CA,AWP,WE,Towers with Radar,0,14,47,0,61,0,0,174,0,174,0,14,221,0,235,216,0,216,451
09/26/2022,HWD,CA,AWP,WE,Towers with Radar,0,6,21,0,27,0,1,70,0,71,0,7,91,0,98,282,0,282,380
09/27/2022,HWD,CA,AWP,WE,Towers with Radar,0,3,13,0,16,0,1,118,1,120,0,4,131,1,136,298,0,298,434
09/28/2022,HWD,CA,AWP,WE,Towers with Radar,2,2,38,0,42,0,0,101,0,101,2,2,139,0,143,292,0,292,435
09/29/2022,HWD,CA,AWP,WE,Towers with Radar,1,2,21,0,24,0,2,96,0,98,1,4,117,0,122,320,0,320,442
09/30/2022,HWD,CA,AWP,WE,Towers with Radar,0,2,38,0,40,0,5,195,0,200,0,7,233,0,240,208,0,208,448
10/01/2022,HWD,CA,AWP,WE,Towers with Radar,0,0,59,0,59,0,0,127,1,128,0,0,186,1,187,388,0,388,575
10/02/2022,HWD,CA,AWP,WE,Towers with Radar,0,2,39,0,41,0,0,152,0,152,0,2,191,0,193,300,0,300,493
10/03/2022,HWD,CA,AWP,WE,Towers with Radar,0,1,16,1,18,0,0,120,0,120,0,1,136,1,138,308,0,308,446
10/04/2022,HWD,CA,AWP,WE,Towers with Radar,0,1,20,0,21,0,0,90,0,90,0,1,110,0,111,188,0,188,299
10/05/2022,HWD,CA,AWP,WE,Towers with Radar,0,13,29,1,43,0,1,89,0,90,0,14,118,1,133,238,0,238,371
10/06/2022,HWD,CA,AWP,WE,Towers with Radar,0,3,25,0,28,0,1,90,0,91,0,4,115,0,119,270,0,270,389
10/07/2022,HWD,CA,AWP,WE,Towers with Radar,0,1,27,1,29,0,0,135,1,136,0,1,162,2,165,180,0,180,345
10/08/2022,HWD,CA,AWP,WE,Towers with Radar,0,2,24,0,26,0,1,162,0,163,0,3,186,0,189,204,0,204,393
10/09/2022,HWD,CA,AWP,WE,Towers with Radar,1,1,58,0,60,0,1,158,0,159,1,2,216,0,219,142,0,142,361
10/10/2022,HWD,CA,AWP,WE,Towers with Radar,0,5,77,0,82,0,0,109,0,109,0,5,186,0,191,180,0,180,371
10/11/2022,HWD,CA,AWP,WE,Towers with Radar,0,6,34,0,40,0,0,102,4,106,0,6,136,4,146,236,0,236,382
10/12/2022,HWD,CA,AWP,WE,Towers with Radar,0,9,25,0,34,0,0,80,0,80,0,9,105,0,114,172,0,172,286
10/13/2022,HWD,CA,AWP,WE,Towers with Radar,0,4,27,1,32,0,0,77,0,77,0,4,104,1,109,346,0,346,455
10/14/2022,HWD,CA,AWP,WE,Towers with Radar,0,3,23,0,26,0,0,73,0,73,0,3,96,0,99,180,0,180,279
10/15/2022,HWD,CA,AWP,WE,Towers with Radar,0,1,42,0,43,0,0,90,0,90,0,1,132,0,133,316,0,316,449
10/16/2022,HWD,CA,AWP,WE,Towers with Radar,0,5,44,0,49,0,1,120,1,122,0,6,164,1,171,344,0,344,515
10/17/2022,HWD,CA,AWP,WE,Towers with Radar,0,3,17,0,20,0,2,101,1,104,0,5,118,1,124,268,0,268,392
10/18/2022,HWD,CA,AWP,WE,Towers with Radar,0,3,21,0,24,0,0,93,0,93,0,3,114,0,117,330,0,330,447
10/19/2022,HWD,CA,AWP,WE,Towers with Radar,0,5,26,0,31,0,1,78,0,79,0,6,104,0,110,334,0,334,444
10/20/2022,HWD,CA,AWP,WE,Towers with Radar,0,3,24,0,27,0,1,108,0,109,0,4,132,0,136,208,0,208,344
10/21/2022,HWD,CA,AWP,WE,Towers with Radar,0,3,35,0,38,0,0,93,0,93,0,3,128,0,131,166,0,166,297
10/22/2022,HWD,CA,AWP,WE,Towers with Radar,0,8,42,0,50,0,0,151,0,151,0,8,193,0,201,276,0,276,477
10/23/2022,HWD,CA,AWP,WE,Towers with Radar,0,1,27,0,28,0,5,204,1,210,0,6,231,1,238,292,0,292,530
10/24/2022,HWD,CA,AWP,WE,Towers with Radar,0,8,45,0,53,0,1,171,0,172,0,9,216,0,225,306,0,306,531
10/25/2022,HWD,CA,AWP,WE,Towers with Radar,0,4,25,0,29,0,3,124,1,128,0,7,149,1,157,304,0,304,461
10/26/2022,HWD,CA,AWP,WE,Towers with Radar,0,1,23,0,24,0,0,104,0,104,0,1,127,0,128,312,0,312,440
10/27/2022,HWD,CA,AWP,WE,Towers with Radar,0,4,16,0,20,0,0,112,0,112,0,4,128,0,132,214,0,214,346
10/28/2022,HWD,CA,AWP,WE,Towers with Radar,0,5,22,0,27,0,1,126,0,127,0,6,148,0,154,352,0,352,506
10/29/2022,HWD,CA,AWP,WE,Towers with Radar,0,5,19,0,24,0,2,139,0,141,0,7,158,0,165,350,0,350,515
10/30/2022,HWD,CA,AWP,WE,Towers with Radar,0,2,25,0,27,0,0,90,0,90,0,2,115,0,117,168,0,168,285
10/31/2022,HWD,CA,AWP,WE,Towers with Radar,0,0,13,0,13,0,0,66,0,66,0,0,79,0,79,80,0,80,159
11/01/2022,HWD,CA,AWP,WE,Towers with Radar,0,0,22,0,22,0,0,14,0,14,0,0,36,0,36,58,0,58,94
11/02/2022,HWD,CA,AWP,WE,Towers with Radar,0,3,20,0,23,0,1,70,0,71,0,4,90,0,94,268,0,268,362
11/03/2022,HWD,CA,AWP,WE,Towers with Radar,0,0,25,0,25,0,3,89,1,93,0,3,114,1,118,336,0,336,454
11/04/2022,HWD,CA,AWP,WE,Towers with Radar,0,3,17,0,20,0,0,85,0,85,0,3,102,0,105,466,0,466,571
11/05/2022,HWD,CA,AWP,WE,Towers with Radar,0,1,28,0,29,0,0,18,0,18,0,1,46,0,47,146,0,146,193
11/06/2022,HWD,CA,AWP,WE,Towers with Radar,0,6,25,0,31,0,0,113,0,113,0,6,138,0,144,434,0,434,578
11/07/2022,HWD,CA,AWP,WE,Towers with Radar,0,5,14,0,19,0,1,45,0,46,0,6,59,0,65,204,0,204,269
11/08/2022,HWD,CA,AWP,WE,Towers with Radar,0,0,6,0,6,0,0,10,1,11,0,0,16,1,17,6,0,6,23
11/09/2022,HWD,CA,AWP,WE,Towers with Radar,0,1,26,0,27,0,0,75,0,75,0,1,101,0,102,178,0,178,280
11/10/2022,HWD,CA,AWP,WE,Towers with Radar,1,7,15,0,23,0,0,114,0,114,1,7,129,0,137,198,0,198,335
11/11/2022,HWD,CA,AWP,WE,Towers with Radar,0,1,16,0,17,0,1,152,2,155,0,2,168,2,172,250,0,250,422
11/12/2022,HWD,CA,AWP,WE,Towers with Radar,0,1,15,0,16,0,2,130,2,134,0,3,145,2,150,418,0,418,568
11/13/2022,HWD,CA,AWP,WE,Towers with Radar,0,4,26,0,30,0,0,138,0,138,0,4,164,0,168,266,0,266,434
11/14/2022,HWD,CA,AWP,WE,Towers with Radar,0,1,13,0,14,0,0,109,1,110,0,1,122,1,124,158,0,158,282
11/15/2022,HWD,CA,AWP,WE,Towers with Radar,0,6,17,0,23,0,3,114,3,120,0,9,131,3,143,188,0,188,331
11/16/2022,HWD,CA,AWP,WE,Towers with Radar,0,7,17,0,24,0,1,101,0,102,0,8,118,0,126,314,0,314,440
11/17/2022,HWD,CA,AWP,WE,Towers with Radar,0,0,15,0,15,0,0,116,1,117,0,0,131,1,132,283,0,283,415
11/18/2022,HWD,CA,AWP,WE,Towers with Radar,0,3,16,0,19,0,0,111,0,111,0,3,127,0,130,282,0,282,412
11/19/2022,HWD,CA,AWP,WE,Towers with Radar,0,4,20,0,24,0,0,136,0,136,0,4,156,0,160,348,0,348,508
11/20/2022,HWD,CA,AWP,WE,Towers with Radar,0,1,19,0,20,0,0,116,0,116,0,1,135,0,136,350,0,350,486
11/21/2022,HWD,CA,AWP,WE,Towers with Radar,0,2,9,0,11,0,0,90,0,90,0,2,99,0,101,258,0,258,359
11/22/2022,HWD,CA,AWP,WE,Towers with Radar,0,0,17,0,17,0,1,105,1,107,0,1,122,1,124,292,0,292,416
11/23/2022,HWD,CA,AWP,WE,Towers with Radar,0,2,27,0,29,0,1,138,0,139,0,3,165,0,168,358,0,358,526
11/24/2022,HWD,CA,AWP,WE,Towers with Radar,0,3,4,0,7,0,0,71,0,71,0,3,75,0,78,128,0,128,206
11/25/2022,HWD,CA,AWP,WE,Towers with Radar,1,0,12,0,13,0,0,74,0,74,1,0,86,0,87,178,0,178,265
11/26/2022,HWD,CA,AWP,WE,Towers with Radar,0,2,24,0,26,0,0,112,0,112,0,2,136,0,138,222,0,222,360
11/27/2022,HWD,CA,AWP,WE,Towers with Radar,0,1,31,0,32,0,0,120,0,120,0,1,151,0,152,250,0,250,402
11/28/2022,HWD,CA,AWP,WE,Towers with Radar,0,2,21,0,23,0,0,77,0,77,0,2,98,0,100,158,0,158,258
11/29/2022,HWD,CA,AWP,WE,Towers with Radar,0,4,24,0,28,0,0,114,2,116,0,4,138,2,144,346,0,346,490
11/30/2022,HWD,CA,AWP,WE,Towers with Radar,0,6,34,0,40,0,1,111,2,114,0,7,145,2,154,350,0,350,504
12/01/2022,HWD,CA,AWP,WE,Towers with Radar,0,3,20,0,23,0,0,6,2,8,0,3,26,2,31,54,0,54,85
12/02/2022,HWD,CA,AWP,WE,Towers with Radar,0,6,15,0,21,0,0,122,0,122,0,6,137,0,143,312,0,312,455
12/03/2022,HWD,CA,AWP,WE,Towers with Radar,0,4,22,0,26,0,0,0,0,0,0,4,22,0,26,0,0,0,26
12/04/2022,HWD,CA,AWP,WE,Towers with Radar,0,3,19,0,22,0,0,69,0,69,0,3,88,0,91,384,0,384,475
12/05/2022,HWD,CA,AWP,WE,Towers with Radar,0,6,16,0,22,0,1,42,1,44,0,7,58,1,66,234,0,234,300
12/06/2022,HWD,CA,AWP,WE,Towers with Radar,0,4,17,0,21,0,0,66,1,67,0,4,83,1,88,202,0,202,290
12/07/2022,HWD,CA,AWP,WE,Towers with Radar,0,6,21,0,27,0,1,116,0,117,0,7,137,0,144,350,0,350,494
12/08/2022,HWD,CA,AWP,WE,Towers with Radar,0,0,18,2,20,0,0,47,2,49,0,0,65,4,69,176,0,176,245
12/09/2022,HWD,CA,AWP,WE,Towers with Radar,0,3,25,0,28,0,0,87,0,87,0,3,112,0,115,246,0,246,361
12/10/2022,HWD,CA,AWP,WE,Towers with Radar,0,1,7,0,8,0,0,1,0,1,0,1,8,0,9,2,0,2,11
12/11/2022,HWD,CA,AWP,WE,Towers with Radar,0,3,12,0,15,0,0,25,0,25,0,3,37,0,40,163,0,163,203
12/12/2022,HWD,CA,AWP,WE,Towers with Radar,0,1,19,0,20,0,1,96,0,97,0,2,115,0,117,308,0,308,425
12/13/2022,HWD,CA,AWP,WE,Towers with Radar,0,4,15,0,19,0,4,108,0,112,0,8,123,0,131,338,0,338,469
12/14/2022,HWD,CA,AWP,WE,Towers with Radar,0,8,29,0,37,0,2,107,0,109,0,10,136,0,146,216,0,216,362
12/15/2022,HWD,CA,AWP,WE,Towers with Radar,0,6,25,0,31,0,0,115,0,115,0,6,140,0,146,234,0,234,380
12/16/2022,HWD,CA,AWP,WE,Towers with Radar,0,7,31,1,39,0,0,127,0,127,0,7,158,1,166,234,0,234,400
12/17/2022,HWD,CA,AWP,WE,Towers with Radar,0,7,28,0,35,0,0,114,0,114,0,7,142,0,149,306,0,306,455
12/18/2022,HWD,CA,AWP,WE,Towers with Radar,1,6,18,0,25,0,0,91,0,91,1,6,109,0,116,180,0,180,296
12/19/2022,HWD,CA,AWP,WE,Towers with Radar,0,2,24,0,26,0,0,45,0,45,0,2,69,0,71,190,0,190,261
12/20/2022,HWD,CA,AWP,WE,Towers with Radar,0,2,18,0,20,0,1,68,0,69,0,3,86,0,89,204,0,204,293
12/21/2022,HWD,CA,AWP,WE,Towers with Radar,1,6,26,0,33,0,3,97,0,100,1,9,123,0,133,276,0,276,409
12/22/2022,HWD,CA,AWP,WE,Towers with Radar,0,9,25,0,34,0,2,79,0,81,0,11,104,0,115,312,0,312,427
12/23/2022,HWD,CA,AWP,WE,Towers with Radar,0,8,16,0,24,0,0,68,0,68,0,8,84,0,92,246,0,246,338
12/24/2022,HWD,CA,AWP,WE,Towers with Radar,0,2,21,0,23,0,0,52,0,52,0,2,73,0,75,110,0,110,185
12/25/2022,HWD,CA,AWP,WE,Towers with Radar,0,1,3,0,4,0,1,32,0,33,0,2,35,0,37,6,0,6,43
12/26/2022,HWD,CA,AWP,WE,Towers with Radar,0,6,24,0,30,0,1,57,0,58,0,7,81,0,88,310,0,310,398
12/27/2022,HWD,CA,AWP,WE,Towers with Radar,0,2,20,0,22,0,1,3,0,4,0,3,23,0,26,18,0,18,44
12/28/2022,HWD,CA,AWP,WE,Towers with Radar,1,8,38,0,47,0,1,94,0,95,1,9,132,0,142,356,0,356,498
12/29/2022,HWD,CA,AWP,WE,Towers with Radar,0,1,16,0,17,0,0,8,0,8,0,1,24,0,25,28,0,28,53
12/30/2022,HWD,CA,AWP,WE,Towers with Radar,0,4,17,0,21,0,0,0,0,0,0,4,17,0,21,0,0,0,21
12/31/2022,HWD,CA,AWP,WE,Towers with Radar,0,3,5,0,8,0,0,0,0,0,0,3,5,0,8,0,0,0,8
01/01/2023,HWD,CA,AWP,WE,Towers with Radar,0,2,22,0,24,0,0,99,1,100,0,2,121,1,124,156,0,156,280
01/02/2023,HWD,CA,AWP,WE,Towers with Radar,0,10,31,0,41,0,0,19,0,19,0,10,50,0,60,36,0,36,96
01/03/2023,HWD,CA,AWP,WE,Towers with Radar,0,4,21,0,25,0,1,57,0,58,0,5,78,0,83,332,0,332,415
01/04/2023,HWD,CA,AWP,WE,Towers with Radar,0,1,5,0,6,0,0,2,0,2,0,1,7,0,8,0,0,0,8
01/05/2023,HWD,CA,AWP,WE,Towers with Radar,0,1,14,0,15,0,0,4,0,4,0,1,18,0,19,0,0,0,19
01/06/2023,HWD,CA,AWP,WE,Towers with Radar,0,6,18,0,24,0,0,96,2,98,0,6,114,2,122,112,0,112,234
01/07/2023,HWD,CA,AWP,WE,Towers with Radar,0,3,10,0,13,0,0,12,0,12,0,3,22,0,25,56,0,56,81
01/08/2023,HWD,CA,AWP,WE,Towers with Radar,0,2,21,1,24,0,1,57,0,58,0,3,78,1,82,178,0,178,260
01/09/2023,HWD,CA,AWP,WE,Towers with Radar,0,5,16,0,21,0,0,23,0,23,0,5,39,0,44,122,0,122,166
01/10/2023,HWD,CA,AWP,WE,Towers with Radar,0,5,8,0,13,0,2,1,0,3,0,7,9,0,16,4,0,4,20
01/11/2023,HWD,CA,AWP,WE,Towers with Radar,0,0,18,1,19,0,0,2,0,2,0,0,20,1,21,20,0,20,41
01/12/2023,HWD,CA,AWP,WE,Towers with Radar,0,5,25,0,30,0,0,97,0,97,0,5,122,0,127,144,0,144,271
01/13/2023,HWD,CA,AWP,WE,Towers with Radar,0,4,20,0,24,0,0,6,0,6,0,4,26,0,30,0,0,0,30
01/14/2023,HWD,CA,AWP,WE,Towers with Radar,0,2,22,0,24,0,0,7,0,7,0,2,29,0,31,10,0,10,41
01/15/2023,HWD,CA,AWP,WE,Towers with Radar,0,0,8,0,8,0,0,20,0,20,0,0,28,0,28,72,0,72,100
01/16/2023,HWD,CA,AWP,WE,Towers with Radar,0,7,12,0,19,0,0,41,0,41,0,7,53,0,60,78,0,78,138
01/17/2023,HWD,CA,AWP,WE,Towers with Radar,0,0,27,0,27,0,0,108,0,108,0,0,135,0,135,228,0,228,363
01/18/2023,HWD,CA,AWP,WE,Towers with Radar,0,0,23,0,23,0,0,80,0,80,0,0,103,0,103,182,0,182,285
01/19/2023,HWD,CA,AWP,WE,Towers with Radar,0,2,15,0,17,0,1,37,0,38,0,3,52,0,55,40,0,40,95
01/20/2023,HWD,CA,AWP,WE,Towers with Radar,0,7,33,0,40,0,0,137,6,143,0,7,170,6,183,210,0,210,393
01/21/2023,HWD,CA,AWP,WE,Towers with Radar,0,1,15,0,16,0,0,144,0,144,0,1,159,0,160,374,0,374,534
01/22/2023,HWD,CA,AWP,WE,Towers with Radar,0,1,20,0,21,0,2,100,0,102,0,3,120,0,123,170,0,170,293
01/23/2023,HWD,CA,AWP,WE,Towers with Radar,0,2,17,0,19,0,2,83,0,85,0,4,100,0,104,118,0,118,222
01/24/2023,HWD,CA,AWP,WE,Towers with Radar,0,5,23,0,28,0,3,105,0,108,0,8,128,0,136,246,0,246,382
01/25/2023,HWD,CA,AWP,WE,Towers with Radar,0,1,25,0,26,0,8,90,0,98,0,9,115,0,124,146,0,146,270
01/26/2023,HWD,CA,AWP,WE,Towers with Radar,0,7,27,0,34,0,3,100,0,103,0,10,127,0,137,202,0,202,339
01/27/2023,HWD,CA,AWP,WE,Towers with Radar,0,4,17,0,21,0,3,107,0,110,0,7,124,0,131,382,0,382,513
01/28/2023,HWD,CA,AWP,WE,Towers with Radar,0,2,11,0,13,0,0,107,0,107,0,2,118,0,120,240,0,240,360
01/29/2023,HWD,CA,AWP,WE,Towers with Radar,0,2,24,0,26,0,0,61,0,61,0,2,85,0,87,278,0,278,365
01/30/2023,HWD,CA,AWP,WE,Towers with Radar,0,1,12,0,13,0,0,85,0,85,0,1,97,0,98,126,0,126,224
01/31/2023,HWD,CA,AWP,WE,Towers with Radar,0,2,19,0,21,0,0,106,0,106,0,2,125,0,127,188,0,188,315
02/01/2023,HWD,CA,AWP,WE,Towers with Radar,1,1,40,0,42,0,0,71,0,71,1,1,111,0,113,168,0,168,281
02/02/2023,HWD,CA,AWP,WE,Towers with Radar,0,1,14,0,15,0,0,86,1,87,0,1,100,1,102,278,0,278,380
02/03/2023,HWD,CA,AWP,WE,Towers with Radar,0,3,35,0,38,0,1,33,0,34,0,4,68,0,72,118,0,118,190
02/04/2023,HWD,CA,AWP,WE,Towers with Radar,0,1,23,0,24,0,0,33,0,33,0,1,56,0,57,86,0,86,143
02/05/2023,HWD,CA,AWP,WE,Towers with Radar,0,2,17,0,19,0,0,42,0,42,0,2,59,0,61,64,0,64,125
02/06/2023,HWD,CA,AWP,WE,Towers with Radar,0,7,16,0,23,0,2,87,0,89,0,9,103,0,112,254,0,254,366
02/07/2023,HWD,CA,AWP,WE,Towers with Radar,0,2,21,0,23,0,0,90,4,94,0,2,111,4,117,174,0,174,291
02/08/2023,HWD,CA,AWP,WE,Towers with Radar,0,0,27,0,27,0,0,107,2,109,0,0,134,2,136,340,0,340,476
02/09/2023,HWD,CA,AWP,WE,Towers with Radar,0,1,20,0,21,0,0,112,2,114,0,1,132,2,135,298,0,298,433
02/10/2023,HWD,CA,AWP,WE,Towers with Radar,0,0,21,0,21,0,0,77,0,77,0,0,98,0,98,258,0,258,356
02/11/2023,HWD,CA,AWP,WE,Towers with Radar,0,0,17,0,17,0,1,63,0,64,0,1,80,0,81,262,0,262,343
02/12/2023,HWD,CA,AWP,WE,Towers with Radar,0,5,10,0,15,0,0,154,2,156,0,5,164,2,171,288,0,288,459
02/13/2023,HWD,CA,AWP,WE,Towers with Radar,0,4,7,0,11,0,0,72,0,72,0,4,79,0,83,212,0,212,295
02/14/2023,HWD,CA,AWP,WE,Towers with Radar,0,2,10,0,12,0,1,52,0,53,0,3,62,0,65,40,0,40,105
02/15/2023,HWD,CA,AWP,WE,Towers with Radar,0,6,26,0,32,0,0,113,0,113,0,6,139,0,145,278,0,278,423
02/16/2023,HWD,CA,AWP,WE,Towers with Radar,0,3,15,0,18,0,0,98,3,101,0,3,113,3,119,242,0,242,361
02/17/2023,HWD,CA,AWP,WE,Towers with Radar,0,3,21,0,24,0,0,117,0,117,0,3,138,0,141,338,0,338,479
02/18/2023,HWD,CA,AWP,WE,Towers with Radar,0,2,23,0,25,0,0,113,0,113,0,2,136,0,138,322,0,322,460
02/19/2023,HWD,CA,AWP,WE,Towers with Radar,0,1,8,0,9,0,2,121,0,123,0,3,129,0,132,314,0,314,446
02/20/2023,HWD,CA,AWP,WE,Towers with Radar,1,1,16,0,18,0,0,140,0,140,1,1,156,0,158,290,0,290,448
02/21/2023,HWD,CA,AWP,WE,Towers with Radar,0,4,12,0,16,0,2,31,0,33,0,6,43,0,49,42,0,42,91
02/22/2023,HWD,CA,AWP,WE,Towers with Radar,0,5,12,0,17,0,0,24,0,24,0,5,36,0,41,46,0,46,87
02/23/2023,HWD,CA,AWP,WE,Towers with Radar,0,1,16,0,17,0,2,17,0,19,0,3,33,0,36,118,0,118,154
02/24/2023,HWD,CA,AWP,WE,Towers with Radar,0,3,14,0,17,0,0,23,0,23,0,3,37,0,40,339,0,339,379
02/25/2023,HWD,CA,AWP,WE,Towers with Radar,1,4,17,0,22,0,1,61,0,62,1,5,78,0,84,372,0,372,456
02/26/2023,HWD,CA,AWP,WE,Towers with Radar,0,4,26,0,30,0,0,16,0,16,0,4,42,0,46,92,0,92,138
02/27/2023,HWD,CA,AWP,WE,Towers with Radar,0,5,6,0,11,0,0,3,0,3,0,5,9,0,14,0,0,0,14
02/28/2023,HWD,CA,AWP,WE,Towers with Radar,0,4,10,0,14,0,0,6,0,6,0,4,16,0,20,92,0,92,112
03/01/2023,HWD,CA,AWP,WE,Towers with Radar,0,6,23,0,29,0,0,110,0,110,0,6,133,0,139,306,0,306,445
03/02/2023,HWD,CA,AWP,WE,Towers with Radar,0,2,26,0,28,0,0,150,0,150,0,2,176,0,178,320,0,320,498
03/03/2023,HWD,CA,AWP,WE,Towers with Radar,0,2,27,0,29,0,1,95,0,96,0,3,122,0,125,364,0,364,489
03/04/2023,HWD,CA,AWP,WE,Towers with Radar,0,0,9,0,9,0,0,22,0,22,0,0,31,0,31,120,0,120,151
03/05/2023,HWD,CA,AWP,WE,Towers with Radar,0,6,13,0,19,0,1,79,0,80,0,7,92,0,99,254,0,254,353
03/06/2023,HWD,CA,AWP,WE,Towers with Radar,0,3,10,1,14,0,1,66,0,67,0,4,76,1,81,310,0,310,391
03/07/2023,HWD,CA,AWP,WE,Towers with Radar,1,6,26,0,33,0,1,102,0,103,1,7,128,0,136,412,0,412,548
03/08/2023,HWD,CA,AWP,WE,Towers with Radar,0,2,32,0,34,0,0,81,0,81,0,2,113,0,115,294,0,294,409
03/09/2023,HWD,CA,AWP,WE,Towers with Radar,0,2,6,0,8,0,0,12,0,12,0,2,18,0,20,64,0,64,84
03/10/2023,HWD,CA,AWP,WE,Towers with Radar,0,5,10,0,15,0,0,32,0,32,0,5,42,0,47,178,0,178,225
03/11/2023,HWD,CA,AWP,WE,Towers with Radar,0,0,22,0,22,0,0,27,0,27,0,0,49,0,49,210,0,210,259
03/12/2023,HWD,CA,AWP,WE,Towers with Radar,0,3,27,0,30,0,0,11,0,11,0,3,38,0,41,24,0,24,65
03/13/2023,HWD,CA,AWP,WE,Towers with Radar,0,1,6,0,7,0,1,45,1,47,0,2,51,1,54,56,0,56,110
03/14/2023,HWD,CA,AWP,WE,Towers with Radar,0,0,8,0,8,0,0,1,0,1,0,0,9,0,9,0,0,0,9
03/15/2023,HWD,CA,AWP,WE,Towers with Radar,0,4,26,0,30,0,0,115,0,115,0,4,141,0,145,482,0,482,627
03/16/2023,HWD,CA,AWP,WE,Towers with Radar,0,2,27,0,29,0,4,107,2,113,0,6,134,2,142,376,0,376,518
03/17/2023,HWD,CA,AWP,WE,Towers with Radar,0,2,19,0,21,0,0,113,0,113,0,2,132,0,134,354,0,354,488
03/18/2023,HWD,CA,AWP,WE,Towers with Radar,0,1,24,0,25,0,0,150,0,150,0,1,174,0,175,304,0,304,479
03/19/2023,HWD,CA,AWP,WE,Towers with Radar,0,6,28,0,34,0,0,3,0,3,0,6,31,0,37,24,0,24,61
03/20/2023,HWD,CA,AWP,WE,Towers with Radar,0,1,23,0,24,0,0,87,0,87,0,1,110,0,111,244,0,244,355
03/21/2023,HWD,CA,AWP,WE,Towers with Radar,0,1,6,0,7,0,0,0,0,0,0,1,6,0,7,0,0,0,7
03/22/2023,HWD,CA,AWP,WE,Towers with Radar,0,2,13,0,15,0,0,58,0,58,0,2,71,0,73,276,0,276,349
03/23/2023,HWD,CA,AWP,WE,Towers with Radar,0,0,18,0,18,0,0,64,0,64,0,0,82,0,82,180,0,180,262
03/24/2023,HWD,CA,AWP,WE,Towers with Radar,0,2,27,0,29,0,0,97,0,97,0,2,124,0,126,290,0,290,416
03/25/2023,HWD,CA,AWP,WE,Towers with Radar,0,2,14,0,16,0,0,128,0,128,0,2,142,0,144,162,0,162,306
03/26/2023,HWD,CA,AWP,WE,Towers with Radar,0,4,33,0,37,0,0,158,0,158,0,4,191,0,195,254,0,254,449
03/27/2023,HWD,CA,AWP,WE,Towers with Radar,0,0,27,0,27,0,1,105,0,106,0,1,132,0,133,244,0,244,377
03/28/2023,HWD,CA,AWP,WE,Towers with Radar,0,2,10,0,12,0,0,1,0,1,0,2,11,0,13,0,0,0,13
03/29/2023,HWD,CA,AWP,WE,Towers with Radar,0,2,18,0,20,0,0,12,0,12,0,2,30,0,32,32,0,32,64
03/30/2023,HWD,CA,AWP,WE,Towers with Radar,0,1,23,0,24,0,1,127,0,128,0,2,150,0,152,372,0,372,524
03/31/2023,HWD,CA,AWP,WE,Towers with Radar,0,2,35,0,37,0,0,124,0,124,0,2,159,0,161,508,0,508,669
04/01/2023,HWD,CA,AWP,WE,Towers with Radar,0,1,17,0,18,0,0,148,0,148,0,1,165,0,166,330,0,330,496
04/02/2023,HWD,CA,AWP,WE,Towers with Radar,0,2,25,0,27,0,0,84,1,85,0,2,109,1,112,233,0,233,345
04/03/2023,HWD,CA,AWP,WE,Towers with Radar,0,2,4,0,6,0,0,30,0,30,0,2,34,0,36,26,0,26,62
04/04/2023,HWD,CA,AWP,WE,Towers with Radar,0,1,22,0,23,0,0,113,0,113,0,1,135,0,136,164,0,164,300
04/05/2023,HWD,CA,AWP,WE,Towers with Radar,0,2,21,0,23,0,6,115,0,121,0,8,136,0,144,488,0,488,632
04/06/2023,HWD,CA,AWP,WE,Towers with Radar,0,5,19,0,24,0,1,121,0,122,0,6,140,0,146,325,0,325,471
04/07/2023,HWD,CA,AWP,WE,Towers with Radar,0,2,21,0,23,0,3,31,0,34,0,5,52,0,57,194,0,194,251
04/08/2023,HWD,CA,AWP,WE,Towers with Radar,0,2,18,0,20,0,3,98,0,101,0,5,116,0,121,302,0,302,423
04/09/2023,HWD,CA,AWP,WE,Towers with Radar,0,4,17,0,21,0,0,142,0,142,0,4,159,0,163,272,0,272,435
04/10/2023,HWD,CA,AWP,WE,Towers with Radar,0,4,28,0,32,0,0,100,0,100,0,4,128,0,132,222,0,222,354
04/11/2023,HWD,CA,AWP,WE,Towers with Radar,0,5,15,0,20,0,0,73,0,73,0,5,88,0,93,148,0,148,241
04/12/2023,HWD,CA,AWP,WE,Towers with Radar,0,3,14,0,17,0,4,86,1,91,0,7,100,1,108,205,0,205,313
04/13/2023,HWD,CA,AWP,WE,Towers with Radar,0,3,17,0,20,0,1,97,0,98,0,4,114,0,118,176,0,176,294
04/14/2023,HWD,CA,AWP,WE,Towers with Radar,0,3,17,0,20,0,1,108,0,109,0,4,125,0,129,306,0,306,435
04/15/2023,HWD,CA,AWP,WE,Towers with Radar,1,3,27,0,31,0,0,159,1,160,1,3,186,1,191,380,0,380,571
04/16/2023,HWD,CA,AWP,WE,Towers with Radar,1,9,19,0,29,0,0,113,0,113,1,9,132,0,142,266,0,266,408
04/17/2023,HWD,CA,AWP,WE,Towers with Radar,0,5,27,0,32,0,2,61,0,63,0,7,88,0,95,272,0,272,367
04/18/2023,HWD,CA,AWP,WE,Towers with Radar,0,4,25,0,29,0,1,100,0,101,0,5,125,0,130,294,0,294,424
04/19/2023,HWD,CA,AWP,WE,Towers with Radar,0,2,23,0,25,0,2,124,0,126,0,4,147,0,151,316,0,316,467
04/20/2023,HWD,CA,AWP,WE,Towers with Radar,0,2,18,0,20,0,0,111,0,111,0,2,129,0,131,172,0,172,303
04/21/2023,HWD,CA,AWP,WE,Towers with Radar,1,3,21,0,25,0,0,125,2,127,1,3,146,2,152,277,0,277,429
04/22/2023,HWD,CA,AWP,WE,Towers with Radar,0,0,4,0,4,0,1,157,0,158,0,1,161,0,162,276,0,276,438
04/23/2023,HWD,CA,AWP,WE,Towers with Radar,0,5,53,0,58,0,0,77,0,77,0,5,130,0,135,216,0,216,351
04/24/2023,HWD,CA,AWP,WE,Towers with Radar,0,1,22,0,23,0,0,103,0,103,0,1,125,0,126,122,0,122,248
04/25/2023,HWD,CA,AWP,WE,Towers with Radar,0,1,17,0,18,0,0,115,1,116,0,1,132,1,134,198,0,198,332
04/26/2023,HWD,CA,AWP,WE,Towers with Radar,0,1,23,0,24,0,0,126,2,128,0,1,149,2,152,390,0,390,542
04/27/2023,HWD,CA,AWP,WE,Towers with Radar,0,1,22,0,23,0,0,135,3,138,0,1,157,3,161,252,0,252,413
04/28/2023,HWD,CA,AWP,WE,Towers with Radar,0,4,29,0,33,0,0,119,0,119,0,4,148,0,152,410,0,410,562
04/29/2023,HWD,CA,AWP,WE,Towers with Radar,0,2,34,0,36,0,0,117,0,117,0,2,151,0,153,260,0,260,413
04/30/2023,HWD,CA,AWP,WE,Towers with Radar,0,1,42,0,43,0,0,35,0,35,0,1,77,0,78,66,0,66,144
05/01/2023,HWD,CA,AWP,WE,Towers with Radar,0,5,23,0,28,0,0,29,0,29,0,5,52,0,57,44,0,44,101
05/02/2023,HWD,CA,AWP,WE,Towers with Radar,0,2,11,0,13,0,0,26,0,26,0,2,37,0,39,154,0,154,193
05/03/2023,HWD,CA,AWP,WE,Towers with Radar,0,1,24,0,25,0,0,41,0,41,0,1,65,0,66,182,0,182,248
05/04/2023,HWD,CA,AWP,WE,Towers with Radar,0,4,19,0,23,0,2,54,0,56,0,6,73,0,79,533,0,533,612
05/05/2023,HWD,CA,AWP,WE,Towers with Radar,1,8,26,0,35,0,3,121,0,124,1,11,147,0,159,556,0,556,715
05/06/2023,HWD,CA,AWP,WE,Towers with Radar,0,1,21,0,22,0,0,41,0,41,0,1,62,0,63,226,0,226,289
05/07/2023,HWD,CA,AWP,WE,Towers with Radar,0,4,25,0,29,0,1,112,0,113,0,5,137,0,142,288,0,288,430
05/08/2023,HWD,CA,AWP,WE,Towers with Radar,0,7,23,0,30,0,0,76,0,76,0,7,99,0,106,252,0,252,358
05/09/2023,HWD,CA,AWP,WE,Towers with Radar,0,4,18,0,22,0,0,86,1,87,0,4,104,1,109,334,0,334,443
05/10/2023,HWD,CA,AWP,WE,Towers with Radar,0,2,27,0,29,0,0,90,1,91,0,2,117,1,120,388,0,388,508
05/11/2023,HWD,CA,AWP,WE,Towers with Radar,0,9,23,0,32,0,4,116,0,120,0,13,139,0,152,264,0,264,416
05/12/2023,HWD,CA,AWP,WE,Towers with Radar,0,10,33,0,43,0,3,117,1,121,0,13,150,1,164,440,0,440,604
05/13/2023,HWD,CA,AWP,WE,Towers with Radar,0,3,25,0,28,0,0,148,2,150,0,3,173,2,178,294,0,294,472
05/14/2023,HWD,CA,AWP,WE,Towers with Radar,0,5,25,0,30,0,2,133,0,135,0,7,158,0,165,256,0,256,421
05/15/2023,HWD,CA,AWP,WE,Towers with Radar,0,3,16,0,19,0,0,109,0,109,0,3,125,0,128,253,0,253,381
05/16/2023,HWD,CA,AWP,WE,Towers with Radar,0,4,23,0,27,0,0,117,0,117,0,4,140,0,144,230,0,230,374
05/17/2023,HWD,CA,AWP,WE,Towers with Radar,0,2,31,0,33,0,0,78,0,78,0,2,109,0,111,226,0,226,337
05/18/2023,HWD,CA,AWP,WE,Towers with Radar,0,9,19,0,28,0,4,92,1,97,0,13,111,1,125,332,0,332,457
05/19/2023,HWD,CA,AWP,WE,Towers with Radar,0,4,23,0,27,0,0,116,2,118,0,4,139,2,145,290,0,290,435
05/20/2023,HWD,CA,AWP,WE,Towers with Radar,0,3,32,0,35,0,0,83,0,83,0,3,115,0,118,190,0,190,308
05/21/2023,HWD,CA,AWP,WE,Towers with Radar,0,3,23,0,26,0,0,119,0,119,0,3,142,0,145,250,0,250,395
05/22/2023,HWD,CA,AWP,WE,Towers with Radar,0,4,14,0,18,0,0,116,0,116,0,4,130,0,134,206,0,206,340
05/23/2023,HWD,CA,AWP,WE,Towers with Radar,0,8,27,0,35,0,0,122,1,123,0,8,149,1,158,290,0,290,448
05/24/2023,HWD,CA,AWP,WE,Towers with Radar,0,7,24,0,31,0,0,106,0,106,0,7,130,0,137,316,0,316,453
05/25/2023,HWD,CA,AWP,WE,Towers with Radar,0,0,31,0,31,0,2,102,0,104,0,2,133,0,135,196,0,196,331
05/26/2023,HWD,CA,AWP,WE,Towers with Radar,0,3,48,0,51,0,0,116,0,116,0,3,164,0,167,406,0,406,573
05/27/2023,HWD,CA,AWP,WE,Towers with Radar,0,2,18,0,20,0,1,78,0,79,0,3,96,0,99,324,0,324,423
05/28/2023,HWD,CA,AWP,WE,Towers with Radar,0,2,18,0,20,0,0,42,0,42,0,2,60,0,62,206,0,206,268
05/29/2023,HWD,CA,AWP,WE,Towers with Radar,0,5,28,0,33,0,1,99,0,100,0,6,127,0,133,258,0,258,391
05/30/2023,HWD,CA,AWP,WE,Towers with Radar,0,3,15,0,18,0,2,104,0,106,0,5,119,0,124,170,0,170,294
05/31/2023,HWD,CA,AWP,WE,Towers with Radar,0,4,27,0,31,0,2,84,0,86,0,6,111,0,117,272,0,272,389
06/01/2023,HWD,CA,AWP,WE,Towers with Radar,0,0,15,0,15,0,0,114,1,115,0,0,129,1,130,190,0,190,320
06/02/2023,HWD,CA,AWP,WE,Towers with Radar,1,3,22,0,26,0,1,115,0,116,1,4,137,0,142,312,0,312,454
06/03/2023,HWD,CA,AWP,WE,Towers with Radar,0,4,13,0,17,0,0,136,1,137,0,4,149,1,154,312,0,312,466
06/04/2023,HWD,CA,AWP,WE,Towers with Radar,0,3,23,0,26,0,0,127,0,127,0,3,150,0,153,288,0,288,441
06/05/2023,HWD,CA,AWP,WE,Towers with Radar,0,2,17,0,19,0,0,72,0,72,0,2,89,0,91,258,0,258,349
06/06/2023,HWD,CA,AWP,WE,Towers with Radar,0,2,36,0,38,0,0,65,1,66,0,2,101,1,104,204,0,204,308
06/07/2023,HWD,CA,AWP,WE,Towers with Radar,0,2,32,0,34,0,2,105,0,107,0,4,137,0,141,360,0,360,501
06/08/2023,HWD,CA,AWP,WE,Towers with Radar,0,2,23,0,25,0,0,95,2,97,0,2,118,2,122,272,0,272,394
06/09/2023,HWD,CA,AWP,WE,Towers with Radar,1,1,23,0,25,0,1,84,0,85,1,2,107,0,110,380,0,380,490
06/10/2023,HWD,CA,AWP,WE,Towers with Radar,0,1,48,0,49,0,2,73,0,75,0,3,121,0,124,164,0,164,288
06/11/2023,HWD,CA,AWP,WE,Towers with Radar,2,5,28,0,35,0,3,96,0,99,2,8,124,0,134,190,0,190,324
06/12/2023,HWD,CA,AWP,WE,Towers with Radar,0,2,14,0,16,0,0,96,0,96,0,2,110,0,112,186,0,186,298
06/13/2023,HWD,CA,AWP,WE,Towers with Radar,0,4,22,0,26,0,0,94,2,96,0,4,116,2,122,314,0,314,436
06/14/2023,HWD,CA,AWP,WE,Towers with Radar,0,5,32,0,37,0,0,108,0,108,0,5,140,0,145,342,0,342,487
06/15/2023,HWD,CA,AWP,WE,Towers with Radar,0,2,29,0,31,0,1,128,0,129,0,3,157,0,160,426,0,426,586
06/16/2023,HWD,CA,AWP,WE,Towers with Radar,0,6,29,0,35,0,1,114,0,115,0,7,143,0,150,306,0,306,456
06/17/2023,HWD,CA,AWP,WE,Towers with Radar,0,2,25,0,27,0,2,107,0,109,0,4,132,0,136,258,0,258,394
06/18/2023,HWD,CA,AWP,WE,Towers with Radar,0,3,16,0,19,0,0,82,0,82,0,3,98,0,101,224,0,224,325
06/19/2023,HWD,CA,AWP,WE,Towers with Radar,0,7,21,0,28,0,3,37,0,40,0,10,58,0,68,20,0,20,88
06/20/2023,HWD,CA,AWP,WE,Towers with Radar,0,14,17,0,31,0,0,25,0,25,0,14,42,0,56,0,0,0,56
06/21/2023,HWD,CA,AWP,WE,Towers with Radar,0,12,18,0,30,0,6,99,0,105,0,18,117,0,135,216,0,216,351
06/22/2023,HWD,CA,AWP,WE,Towers with Radar,1,7,22,0,30,0,6,102,0,108,1,13,124,0,138,403,0,403,541
06/23/2023,HWD,CA,AWP,WE,Towers with Radar,0,8,18,0,26,0,2,131,0,133,0,10,149,0,159,386,0,386,545
06/24/2023,HWD,CA,AWP,WE,Towers with Radar,1,1,26,0,28,0,5,100,0,105,1,6,126,0,133,236,0,236,369
06/25/2023,HWD,CA,AWP,WE,Towers with Radar,0,3,23,0,26,0,0,58,0,58,0,3,81,0,84,150,0,150,234
06/26/2023,HWD,CA,AWP,WE,Towers with Radar,0,1,17,0,18,0,0,59,0,59,0,1,76,0,77,212,0,212,289
06/27/2023,HWD,CA,AWP,WE,Towers with Radar,0,2,25,0,27,0,2,56,0,58,0,4,81,0,85,328,0,328,413
06/28/2023,HWD,CA,AWP,WE,Towers with Radar,0,2,23,0,25,0,2,75,0,77,0,4,98,0,102,260,0,260,362
06/29/2023,HWD,CA,AWP,WE,Towers with Radar,0,1,17,0,18,0,4,122,0,126,0,5,139,0,144,492,0,492,636
06/30/2023,HWD,CA,AWP,WE,Towers with Radar,0,9,27,0,36,0,0,129,0,129,0,9,156,0,165,444,0,444,609
07/01/2023,HWD,CA,AWP,WE,Towers with Radar,0,6,22,0,28,0,0,118,0,118,0,6,140,0,146,300,0,300,446
07/02/2023,HWD,CA,AWP,WE,Towers with Radar,0,2,12,0,14,0,0,106,0,106,0,2,118,0,120,275,0,275,395
07/03/2023,HWD,CA,AWP,WE,Towers with Radar,0,1,11,0,12,0,0,110,0,110,0,1,121,0,122,284,0,284,406
07/04/2023,HWD,CA,AWP,WE,Towers with Radar,1,3,12,0,16,0,2,91,0,93,1,5,103,0,109,224,0,224,333
07/05/2023,HWD,CA,AWP,WE,Towers with Radar,0,5,24,0,29,0,3,83,2,88,0,8,107,2,117,196,0,196,313
07/06/2023,HWD,CA,AWP,WE,Towers with Radar,0,3,27,0,30,0,2,91,0,93,0,5,118,0,123,314,0,314,437
07/07/2023,HWD,CA,AWP,WE,Towers with Radar,0,2,30,0,32,0,0,62,0,62,0,2,92,0,94,118,0,118,212
07/08/2023,HWD,CA,AWP,WE,Towers with Radar,0,1,26,0,27,0,3,86,0,89,0,4,112,0,116,158,0,158,274
07/09/2023,HWD,CA,AWP,WE,Towers with Radar,0,3,30,0,33,0,0,72,0,72,0,3,102,0,105,198,0,198,303
07/10/2023,HWD,CA,AWP,WE,Towers with Radar,1,3,25,0,29,0,0,64,0,64,1,3,89,0,93,252,0,252,345
07/11/2023,HWD,CA,AWP,WE,Towers with Radar,0,3,14,0,17,0,1,114,0,115,0,4,128,0,132,350,0,350,482
07/12/2023,HWD,CA,AWP,WE,Towers with Radar,0,4,17,0,21,0,3,129,0,132,0,7,146,0,153,374,0,374,527
07/13/2023,HWD,CA,AWP,WE,Towers with Radar,0,4,17,0,21,0,0,118,3,121,0,4,135,3,142,308,0,308,450
07/14/2023,HWD,CA,AWP,WE,Towers with Radar,0,7,29,0,36,0,1,149,0,150,0,8,178,0,186,386,0,386,572
07/15/2023,HWD,CA,AWP,WE,Towers with Radar,1,0,29,0,30,0,1,114,1,116,1,1,143,1,146,370,0,370,516
07/16/2023,HWD,CA,AWP,WE,Towers with Radar,1,9,29,0,39,0,1,116,0,117,1,10,145,0,156,246,0,246,402
07/17/2023,HWD,CA,AWP,WE,Towers with Radar,0,3,11,0,14,0,0,91,0,91,0,3,102,0,105,280,0,280,385
07/18/2023,HWD,CA,AWP,WE,Towers with Radar,1,2,19,0,22,0,0,108,0,108,1,2,127,0,130,238,0,238,368
07/19/2023,HWD,CA,AWP,WE,Towers with Radar,0,3,29,2,34,0,0,117,4,121,0,3,146,6,155,382,0,382,537
07/20/2023,HWD,CA,AWP,WE,Towers with Radar,1,3,22,1,27,0,0,101,1,102,1,3,123,2,129,386,0,386,515
07/21/2023,HWD,CA,AWP,WE,Towers with Radar,2,9,23,0,34,0,1,144,0,145,2,10,167,0,179,392,0,392,571
07/22/2023,HWD,CA,AWP,WE,Towers with Radar,0,0,17,0,17,0,1,122,0,123,0,1,139,0,140,258,0,258,398
07/23/2023,HWD,CA,AWP,WE,Towers with Radar,0,2,20,0,22,0,0,134,0,134,0,2,154,0,156,231,0,231,387
07/24/2023,HWD,CA,AWP,WE,Towers with Radar,0,5,13,0,18,0,0,80,0,80,0,5,93,0,98,144,0,144,242
07/25/2023,HWD,CA,AWP,WE,Towers with Radar,0,6,7,0,13,0,0,108,0,108,0,6,115,0,121,266,0,266,387
07/26/2023,HWD,CA,AWP,WE,Towers with Radar,0,7,29,0,36,0,0,95,0,95,0,7,124,0,131,98,0,98,229
07/27/2023,HWD,CA,AWP,WE,Towers with Radar,0,0,26,0,26,0,1,101,0,102,0,1,127,0,128,166,0,166,294
07/28/2023,HWD,CA,AWP,WE,Towers with Radar,0,1,21,0,22,0,0,115,4,119,0,1,136,4,141,200,0,200,341
07/29/2023,HWD,CA,AWP,WE,Towers with Radar,0,3,25,0,28,0,0,93,0,93,0,3,118,0,121,224,0,224,345
07/30/2023,HWD,CA,AWP,WE,Towers with Radar,0,2,19,0,21,0,4,97,0,101,0,6,116,0,122,158,0,158,280
07/31/2023,HWD,CA,AWP,WE,Towers with Radar,0,8,14,0,22,0,1,98,0,99,0,9,112,0,121,130,0,130,251
08/01/2023,HWD,CA,AWP,WE,Towers with Radar,0,4,18,0,22,0,0,82,0,82,0,4,100,0,104,153,0,153,257
08/02/2023,HWD,CA,AWP,WE,Towers with Radar,1,2,24,0,27,0,5,77,0,82,1,7,101,0,109,336,0,336,445
08/03/2023,HWD,CA,AWP,WE,Towers with Radar,0,2,29,0,31,0,0,50,0,50,0,2,79,0,81,256,0,256,337
08/04/2023,HWD,CA,AWP,WE,Towers with Radar,0,4,27,0,31,0,2,112,1,115,0,6,139,1,146,276,0,276,422
08/05/2023,HWD,CA,AWP,WE,Towers with Radar,0,0,15,0,15,0,1,101,0,102,0,1,116,0,117,340,0,340,457
08/06/2023,HWD,CA,AWP,WE,Towers with Radar,0,5,27,0,32,0,1,111,0,112,0,6,138,0,144,168,0,168,312
08/07/2023,HWD,CA,AWP,WE,Towers with Radar,1,2,14,0,17,0,1,99,0,100,1,3,113,0,117,238,0,238,355
08/08/2023,HWD,CA,AWP,WE,Towers with Radar,0,6,11,0,17,0,0,92,0,92,0,6,103,0,109,196,0,196,305
08/09/2023,HWD,CA,AWP,WE,Towers with Radar,0,2,23,0,25,0,1,94,0,95,0,3,117,0,120,196,0,196,316
08/10/2023,HWD,CA,AWP,WE,Towers with Radar,0,2,14,0,16,0,0,121,0,121,0,2,135,0,137,264,0,264,401
08/11/2023,HWD,CA,AWP,WE,Towers with Radar,0,6,16,0,22,0,0,100,1,101,0,6,116,1,123,250,0,250,373
08/12/2023,HWD,CA,AWP,WE,Towers with Radar,0,1,16,0,17,0,1,130,0,131,0,2,146,0,148,298,0,298,446
08/13/2023,HWD,CA,AWP,WE,Towers with Radar,0,3,14,0,17,0,1,111,0,112,0,4,125,0,129,208,0,208,337
08/14/2023,HWD,CA,AWP,WE,Towers with Radar,0,3,26,0,29,0,0,95,0,95,0,3,121,0,124,208,0,208,332
08/15/2023,HWD,CA,AWP,WE,Towers with Radar,0,3,16,0,19,0,0,110,0,110,0,3,126,0,129,208,0,208,337
08/16/2023,HWD,CA,AWP,WE,Towers with Radar,1,5,40,0,46,0,0,113,0,113,1,5,153,0,159,284,0,284,443
08/17/2023,HWD,CA,AWP,WE,Towers with Radar,0,5,29,0,34,0,1,95,1,97,0,6,124,1,131,182,0,182,313
08/18/2023,HWD,CA,AWP,WE,Towers with Radar,1,14,28,0,43,0,4,108,0,112,1,18,136,0,155,352,0,352,507
08/19/2023,HWD,CA,AWP,WE,Towers with Radar,0,2,14,0,16,0,1,102,0,103,0,3,116,0,119,266,0,266,385
08/20/2023,HWD,CA,AWP,WE,Towers with Radar,0,4,18,0,22,0,2,104,2,108,0,6,122,2,130,278,0,278,408
08/21/2023,HWD,CA,AWP,WE,Towers with Radar,0,4,17,0,21,0,3,51,2,56,0,7,68,2,77,154,0,154,231
08/22/2023,HWD,CA,AWP,WE,Towers with Radar,0,1,20,0,21,0,0,108,0,108,0,1,128,0,129,182,0,182,311
08/23/2023,HWD,CA,AWP,WE,Towers with Radar,0,3,29,0,32,0,4,127,5,136,0,7,156,5,168,280,0,280,448
08/24/2023,HWD,CA,AWP,WE,Towers with Radar,0,4,23,0,27,0,0,86,1,87,0,4,109,1,114,274,0,274,388
08/25/2023,HWD,CA,AWP,WE,Towers with Radar,0,3,23,0,26,0,0,71,0,71,0,3,94,0,97,190,0,190,287
08/26/2023,HWD,CA,AWP,WE,Towers with Radar,0,7,22,0,29,0,3,71,0,74,0,10,93,0,103,238,0,238,341
08/27/2023,HWD,CA,AWP,WE,Towers with Radar,0,3,16,0,19,0,0,106,2,108,0,3,122,2,127,272,0,272,399
08/28/2023,HWD,CA,AWP,WE,Towers with Radar,1,5,21,0,27,0,0,96,0,96,1,5,117,0,123,270,0,270,393
08/29/2023,HWD,CA,AWP,WE,Towers with Radar,0,7,26,0,33,0,0,105,0,105,0,7,131,0,138,174,0,174,312
08/30/2023,HWD,CA,AWP,WE,Towers with Radar,0,1,20,0,21,0,0,122,0,122,0,1,142,0,143,248,0,248,391
08/31/2023,HWD,CA,AWP,WE,Towers with Radar,0,3,18,0,21,0,1,98,0,99,0,4,116,0,120,288,0,288,408
