01/01/2020,HYA,MA,ANE,EN,Federal Contract Tower,0,19,4,0,23,0,62,21,0,83,0,81,25,0,106,40,0,40,146
01/02/2020,HYA,MA,ANE,EN,Federal Contract Tower,0,16,4,0,20,0,69,47,7,123,0,85,51,7,143,73,0,73,216
01/03/2020,HYA,MA,ANE,EN,Federal Contract Tower,0,25,15,0,40,0,60,48,0,108,0,85,63,0,148,16,0,16,164
01/04/2020,HYA,MA,ANE,EN,Federal Contract Tower,0,18,9,0,27,0,5,3,0,8,0,23,12,0,35,0,0,0,35
01/05/2020,HYA,MA,ANE,EN,Federal Contract Tower,0,6,7,0,13,0,43,46,0,89,0,49,53,0,102,8,0,8,110
01/06/2020,HYA,MA,ANE,EN,Federal Contract Tower,0,13,2,0,15,0,65,69,0,134,0,78,71,0,149,58,0,58,207
01/07/2020,HYA,MA,ANE,EN,Federal Contract Tower,0,11,3,0,14,0,80,73,0,153,0,91,76,0,167,72,6,78,245
01/08/2020,HYA,MA,ANE,EN,Federal Contract Tower,0,8,4,0,12,0,67,35,0,102,0,75,39,0,114,70,0,70,184
01/09/2020,HYA,MA,ANE,EN,Federal Contract Tower,0,11,5,0,16,0,62,58,0,120,0,73,63,0,136,66,0,66,202
01/10/2020,HYA,MA,ANE,EN,Federal Contract Tower,0,12,2,0,14,0,78,65,0,143,0,90,67,0,157,102,0,102,259
01/11/2020,HYA,MA,ANE,EN,Federal Contract Tower,0,9,7,0,16,0,45,28,0,73,0,54,35,0,89,2,0,2,91
01/12/2020,HYA,MA,ANE,EN,Federal Contract Tower,0,4,8,0,12,0,29,34,0,63,0,33,42,0,75,0,0,0,75
01/13/2020,HYA,MA,ANE,EN,Federal Contract Tower,0,27,17,0,44,0,36,34,0,70,0,63,51,0,114,0,0,0,114
01/14/2020,HYA,MA,ANE,EN,Federal Contract Tower,0,46,13,0,59,0,24,16,0,40,0,70,29,0,99,18,0,18,117
01/15/2020,HYA,MA,ANE,EN,Federal Contract Tower,0,21,8,0,29,0,69,65,0,134,0,90,73,0,163,90,0,90,253
01/16/2020,HYA,MA,ANE,EN,Federal Contract Tower,0,11,7,0,18,0,29,26,0,55,0,40,33,0,73,0,0,0,73
01/17/2020,HYA,MA,ANE,EN,Federal Contract Tower,0,6,4,0,10,0,35,43,0,78,0,41,47,0,88,6,0,6,94
01/18/2020,HYA,MA,ANE,EN,Federal Contract Tower,0,4,0,0,4,0,37,27,0,64,0,41,27,0,68,14,0,14,82
01/19/2020,HYA,MA,ANE,EN,Federal Contract Tower,0,7,0,0,7,0,29,30,0,59,0,36,30,0,66,4,0,4,70
01/20/2020,HYA,MA,ANE,EN,Federal Contract Tower,0,18,11,0,29,0,52,51,0,103,0,70,62,0,132,20,0,20,152
01/21/2020,HYA,MA,ANE,EN,Federal Contract Tower,0,10,5,0,15,0,70,58,0,128,0,80,63,0,143,12,0,12,155
01/22/2020,HYA,MA,ANE,EN,Federal Contract Tower,0,27,4,0,31,0,85,74,0,159,0,112,78,0,190,44,0,44,234
01/23/2020,HYA,MA,ANE,EN,Federal Contract Tower,0,5,5,0,10,0,84,52,0,136,0,89,57,0,146,40,0,40,186
01/24/2020,HYA,MA,ANE,EN,Federal Contract Tower,0,8,2,0,10,0,66,68,0,134,0,74,70,0,144,42,0,42,186
01/25/2020,HYA,MA,ANE,EN,Federal Contract Tower,0,25,8,0,33,0,1,0,0,1,0,26,8,0,34,0,0,0,34
01/26/2020,HYA,MA,ANE,EN,Federal Contract Tower,0,10,3,0,13,0,32,47,0,79,0,42,50,0,92,8,0,8,100
01/27/2020,HYA,MA,ANE,EN,Federal Contract Tower,0,50,12,0,62,0,70,74,0,144,0,120,86,0,206,70,0,70,276
01/28/2020,HYA,MA,ANE,EN,Federal Contract Tower,0,0,0,0,0,0,70,74,0,144,0,70,74,0,144,70,0,70,214
01/29/2020,HYA,MA,ANE,EN,Federal Contract Tower,0,7,23,0,30,0,86,58,0,144,0,93,81,0,174,80,0,80,254
01/30/2020,HYA,MA,ANE,EN,Federal Contract Tower,0,12,11,0,23,0,71,50,0,121,0,83,61,0,144,48,0,48,192
01/31/2020,HYA,MA,ANE,EN,Federal Contract Tower,0,13,6,0,19,0,70,69,0,139,0,83,75,0,158,46,0,46,204
02/01/2020,HYA,MA,ANE,EN,Federal Contract Tower,0,18,5,0,23,0,18,15,0,33,0,36,20,0,56,0,0,0,56
02/02/2020,HYA,MA,ANE,EN,Federal Contract Tower,0,0,4,0,4,0,51,59,0,110,0,51,63,0,114,22,0,22,136
02/03/2020,HYA,MA,ANE,EN,Federal Contract Tower,0,5,3,0,8,0,70,74,0,144,0,75,77,0,152,48,0,48,200
02/04/2020,HYA,MA,ANE,EN,Federal Contract Tower,0,14,6,0,20,0,68,44,0,112,0,82,50,0,132,80,0,80,212
02/05/2020,HYA,MA,ANE,EN,Federal Contract Tower,0,12,5,0,17,0,68,47,0,115,0,80,52,0,132,74,0,74,206
02/06/2020,HYA,MA,ANE,EN,Federal Contract Tower,0,30,22,0,52,0,0,0,0,0,0,30,22,0,52,0,0,0,52
02/07/2020,HYA,MA,ANE,EN,Federal Contract Tower,0,8,12,0,20,0,1,1,0,2,0,9,13,0,22,0,0,0,22
02/08/2020,HYA,MA,ANE,EN,Federal Contract Tower,0,13,4,0,17,0,43,36,0,79,0,56,40,0,96,26,2,28,124
02/09/2020,HYA,MA,ANE,EN,Federal Contract Tower,0,0,1,0,1,0,51,58,0,109,0,51,59,0,110,14,0,14,124
02/10/2020,HYA,MA,ANE,EN,Federal Contract Tower,0,46,1,0,47,0,50,54,0,104,0,96,55,0,151,30,0,30,181
02/11/2020,HYA,MA,ANE,EN,Federal Contract Tower,0,29,18,0,47,0,0,0,0,0,0,29,18,0,47,0,0,0,47
02/12/2020,HYA,MA,ANE,EN,Federal Contract Tower,0,44,14,0,58,0,91,86,2,179,0,135,100,2,237,90,0,90,327
02/13/2020,HYA,MA,ANE,EN,Federal Contract Tower,0,61,21,0,82,0,0,0,0,0,0,61,21,0,82,0,0,0,82
02/14/2020,HYA,MA,ANE,EN,Federal Contract Tower,0,26,6,0,32,0,77,57,0,134,0,103,63,0,166,50,0,50,216
02/15/2020,HYA,MA,ANE,EN,Federal Contract Tower,0,12,2,0,14,0,45,64,0,109,0,57,66,0,123,38,0,38,161
02/16/2020,HYA,MA,ANE,EN,Federal Contract Tower,0,2,4,0,6,0,38,54,0,92,0,40,58,0,98,34,0,34,132
02/17/2020,HYA,MA,ANE,EN,Federal Contract Tower,0,8,9,1,18,0,56,84,0,140,0,64,93,1,158,50,0,50,208
02/18/2020,HYA,MA,ANE,EN,Federal Contract Tower,0,27,3,0,30,0,38,36,2,76,0,65,39,2,106,8,12,20,126
02/19/2020,HYA,MA,ANE,EN,Federal Contract Tower,0,23,8,0,31,0,79,52,0,131,0,102,60,0,162,102,12,114,276
02/20/2020,HYA,MA,ANE,EN,Federal Contract Tower,0,28,3,0,31,0,69,66,0,135,0,97,69,0,166,22,0,22,188
02/21/2020,HYA,MA,ANE,EN,Federal Contract Tower,0,29,3,0,32,0,53,61,0,114,0,82,64,0,146,54,0,54,200
02/22/2020,HYA,MA,ANE,EN,Federal Contract Tower,0,2,8,0,10,0,52,65,0,117,0,54,73,0,127,52,0,52,179
02/23/2020,HYA,MA,ANE,EN,Federal Contract Tower,0,5,5,0,10,0,43,65,0,108,0,48,70,0,118,36,0,36,154
02/24/2020,HYA,MA,ANE,EN,Federal Contract Tower,0,18,0,0,18,0,68,76,0,144,0,86,76,0,162,94,0,94,256
02/25/2020,HYA,MA,ANE,EN,Federal Contract Tower,0,64,24,0,88,0,10,5,0,15,0,74,29,0,103,0,0,0,103
02/26/2020,HYA,MA,ANE,EN,Federal Contract Tower,0,56,18,0,74,0,0,0,0,0,0,56,18,0,74,0,0,0,74
02/27/2020,HYA,MA,ANE,EN,Federal Contract Tower,0,15,11,0,26,0,23,24,0,47,0,38,35,0,73,0,0,0,73
02/28/2020,HYA,MA,ANE,EN,Federal Contract Tower,0,21,5,0,26,0,76,58,0,134,0,97,63,0,160,70,0,70,230
02/29/2020,HYA,MA,ANE,EN,Federal Contract Tower,0,3,3,0,6,0,56,65,0,121,0,59,68,0,127,44,0,44,171
03/01/2020,HYA,MA,ANE,EN,Federal Contract Tower,0,3,5,0,8,0,51,72,0,123,0,54,77,0,131,62,0,62,193
03/02/2020,HYA,MA,ANE,EN,Federal Contract Tower,0,4,4,0,8,0,71,75,0,146,0,75,79,0,154,16,0,16,170
03/03/2020,HYA,MA,ANE,EN,Federal Contract Tower,0,12,14,0,26,0,62,56,0,118,0,74,70,0,144,62,0,62,206
03/04/2020,HYA,MA,ANE,EN,Federal Contract Tower,0,20,3,0,23,0,76,39,0,115,0,96,42,0,138,38,0,38,176
03/05/2020,HYA,MA,ANE,EN,Federal Contract Tower,0,11,3,0,14,0,81,56,0,137,0,92,59,0,151,58,0,58,209
03/06/2020,HYA,MA,ANE,EN,Federal Contract Tower,0,17,5,0,22,0,65,52,0,117,0,82,57,0,139,44,24,68,207
03/07/2020,HYA,MA,ANE,EN,Federal Contract Tower,1,2,4,0,7,0,8,2,0,10,1,10,6,0,17,0,0,0,17
03/08/2020,HYA,MA,ANE,EN,Federal Contract Tower,0,2,4,0,6,0,44,64,0,108,0,46,68,0,114,34,0,34,148
03/09/2020,HYA,MA,ANE,EN,Federal Contract Tower,0,2,1,0,3,0,63,72,0,135,0,65,73,0,138,90,0,90,228
03/10/2020,HYA,MA,ANE,EN,Federal Contract Tower,0,15,2,0,17,0,77,56,0,133,0,92,58,0,150,64,0,64,214
03/11/2020,HYA,MA,ANE,EN,Federal Contract Tower,0,15,10,0,25,0,84,67,0,151,0,99,77,0,176,56,6,62,238
03/12/2020,HYA,MA,ANE,EN,Federal Contract Tower,0,21,2,0,23,0,70,62,0,132,0,91,64,0,155,54,0,54,209
03/13/2020,HYA,MA,ANE,EN,Federal Contract Tower,0,30,16,0,46,0,15,8,0,23,0,45,24,0,69,0,0,0,69
03/14/2020,HYA,MA,ANE,EN,Federal Contract Tower,0,4,5,0,9,0,30,29,0,59,0,34,34,0,68,24,0,24,92
03/15/2020,HYA,MA,ANE,EN,Federal Contract Tower,0,3,4,0,7,0,45,56,0,101,0,48,60,0,108,54,0,54,162
03/16/2020,HYA,MA,ANE,EN,Federal Contract Tower,0,4,2,0,6,0,65,63,0,128,0,69,65,0,134,44,0,44,178
03/17/2020,HYA,MA,ANE,EN,Federal Contract Tower,0,66,6,0,72,0,2,1,0,3,0,68,7,0,75,0,0,0,75
03/18/2020,HYA,MA,ANE,EN,Federal Contract Tower,0,23,6,0,29,0,79,70,0,149,0,102,76,0,178,80,0,80,258
03/19/2020,HYA,MA,ANE,EN,Federal Contract Tower,0,46,7,0,53,0,7,7,0,14,0,53,14,0,67,0,0,0,67
03/20/2020,HYA,MA,ANE,EN,Federal Contract Tower,0,21,2,0,23,0,0,0,0,0,0,21,2,0,23,0,0,0,23
03/21/2020,HYA,MA,ANE,EN,Federal Contract Tower,0,18,4,0,22,0,53,33,0,86,0,71,37,0,108,62,0,62,170
03/22/2020,HYA,MA,ANE,EN,Federal Contract Tower,0,12,3,0,15,0,52,48,0,100,0,64,51,0,115,52,0,52,167
03/23/2020,HYA,MA,ANE,EN,Federal Contract Tower,0,29,2,0,31,0,55,28,0,83,0,84,30,0,114,0,0,0,114
03/24/2020,HYA,MA,ANE,EN,Federal Contract Tower,0,41,5,0,46,0,35,21,0,56,0,76,26,0,102,48,0,48,150
03/25/2020,HYA,MA,ANE,EN,Federal Contract Tower,0,21,0,0,21,0,62,15,0,77,0,83,15,0,98,28,0,28,126
03/26/2020,HYA,MA,ANE,EN,Federal Contract Tower,0,37,0,0,37,0,36,27,0,63,0,73,27,0,100,52,0,52,152
03/27/2020,HYA,MA,ANE,EN,Federal Contract Tower,0,6,0,0,6,0,28,33,0,61,0,34,33,0,67,4,0,4,71
03/28/2020,HYA,MA,ANE,EN,Federal Contract Tower,0,7,1,0,8,0,45,56,0,101,0,52,57,0,109,36,0,36,145
03/29/2020,HYA,MA,ANE,EN,Federal Contract Tower,0,8,0,0,8,0,1,0,0,1,0,9,0,0,9,0,0,0,9
03/30/2020,HYA,MA,ANE,EN,Federal Contract Tower,0,49,2,0,51,0,0,0,0,0,0,49,2,0,51,0,0,0,51
03/31/2020,HYA,MA,ANE,EN,Federal Contract Tower,0,29,1,0,30,0,51,13,0,64,0,80,14,0,94,70,0,70,164
04/01/2020,HYA,MA,ANE,EN,Federal Contract Tower,0,29,5,0,34,0,44,22,0,66,0,73,27,0,100,32,0,32,132
04/02/2020,HYA,MA,ANE,EN,Federal Contract Tower,0,46,0,0,46,0,8,5,0,13,0,54,5,0,59,0,0,0,59
04/03/2020,HYA,MA,ANE,EN,Federal Contract Tower,0,1,0,0,1,0,0,0,0,0,0,1,0,0,1,0,0,0,1
04/04/2020,HYA,MA,ANE,EN,Federal Contract Tower,0,43,0,0,43,0,8,5,0,13,0,51,5,0,56,0,0,0,56
04/05/2020,HYA,MA,ANE,EN,Federal Contract Tower,0,12,1,0,13,0,59,34,0,93,0,71,35,0,106,10,0,10,116
04/06/2020,HYA,MA,ANE,EN,Federal Contract Tower,0,6,5,0,11,0,67,35,0,102,0,73,40,0,113,46,0,46,159
04/07/2020,HYA,MA,ANE,EN,Federal Contract Tower,0,28,2,0,30,0,48,39,0,87,0,76,41,0,117,18,0,18,135
04/08/2020,HYA,MA,ANE,EN,Federal Contract Tower,0,23,5,0,28,0,30,16,0,46,0,53,21,0,74,18,0,18,92
04/09/2020,HYA,MA,ANE,EN,Federal Contract Tower,0,20,8,0,28,0,0,2,0,2,0,20,10,0,30,0,0,0,30
04/10/2020,HYA,MA,ANE,EN,Federal Contract Tower,0,9,1,0,10,0,52,19,0,71,0,61,20,0,81,0,0,0,81
04/11/2020,HYA,MA,ANE,EN,Federal Contract Tower,0,2,0,0,2,0,38,16,0,54,0,40,16,0,56,4,0,4,60
04/12/2020,HYA,MA,ANE,EN,Federal Contract Tower,0,4,1,0,5,0,29,51,0,80,0,33,52,0,85,2,0,2,87
04/13/2020,HYA,MA,ANE,EN,Federal Contract Tower,0,11,0,0,11,0,8,0,0,8,0,19,0,0,19,8,0,8,27
04/14/2020,HYA,MA,ANE,EN,Federal Contract Tower,0,6,0,0,6,0,52,42,0,94,0,58,42,0,100,34,0,34,134
04/15/2020,HYA,MA,ANE,EN,Federal Contract Tower,0,21,3,0,24,0,46,26,0,72,0,67,29,0,96,34,0,34,130
04/16/2020,HYA,MA,ANE,EN,Federal Contract Tower,0,8,3,0,11,0,54,24,0,78,0,62,27,0,89,84,0,84,173
04/17/2020,HYA,MA,ANE,EN,Federal Contract Tower,0,7,1,0,8,0,32,10,0,42,0,39,11,0,50,12,0,12,62
04/18/2020,HYA,MA,ANE,EN,Federal Contract Tower,0,11,2,0,13,0,0,0,0,0,0,11,2,0,13,0,0,0,13
04/20/2020,HYA,MA,ANE,EN,Federal Contract Tower,0,11,1,0,12,0,48,14,0,62,0,59,15,0,74,34,0,34,108
04/22/2020,HYA,MA,ANE,EN,Federal Contract Tower,0,30,2,0,32,0,37,8,0,45,0,67,10,0,77,40,0,40,117
04/23/2020,HYA,MA,ANE,EN,Federal Contract Tower,0,15,10,0,25,0,55,37,0,92,0,70,47,0,117,24,0,24,141
04/24/2020,HYA,MA,ANE,EN,Federal Contract Tower,0,35,8,0,43,0,0,0,0,0,0,35,8,0,43,0,0,0,43
04/25/2020,HYA,MA,ANE,EN,Federal Contract Tower,0,14,3,0,17,0,60,69,0,129,0,74,72,0,146,42,0,42,188
04/26/2020,HYA,MA,ANE,EN,Federal Contract Tower,0,5,0,0,5,0,19,10,0,29,0,24,10,0,34,34,0,34,68
04/27/2020,HYA,MA,ANE,EN,Federal Contract Tower,0,22,11,0,33,0,0,0,0,0,0,22,11,0,33,0,0,0,33
04/28/2020,HYA,MA,ANE,EN,Federal Contract Tower,0,50,6,0,56,0,29,33,0,62,0,79,39,0,118,4,0,4,122
04/29/2020,HYA,MA,ANE,EN,Federal Contract Tower,0,20,12,0,32,0,52,59,0,111,0,72,71,0,143,80,0,80,223
04/30/2020,HYA,MA,ANE,EN,Federal Contract Tower,0,44,3,2,49,0,32,20,0,52,0,76,23,2,101,16,30,46,147
05/02/2020,HYA,MA,ANE,EN,Federal Contract Tower,0,5,1,0,6,0,36,33,0,69,0,41,34,0,75,0,23,23,98
05/03/2020,HYA,MA,ANE,EN,Federal Contract Tower,0,4,5,0,9,0,23,30,0,53,0,27,35,0,62,6,12,18,80
05/04/2020,HYA,MA,ANE,EN,Federal Contract Tower,0,11,8,0,19,0,67,46,0,113,0,78,54,0,132,44,0,44,176
05/05/2020,HYA,MA,ANE,EN,Federal Contract Tower,0,10,0,0,10,0,45,44,0,89,0,55,44,0,99,32,0,32,131
05/06/2020,HYA,MA,ANE,EN,Federal Contract Tower,0,25,2,0,27,0,55,37,0,92,0,80,39,0,119,20,0,20,139
05/08/2020,HYA,MA,ANE,EN,Federal Contract Tower,0,14,1,0,15,0,42,25,0,67,0,56,26,0,82,4,0,4,86
05/09/2020,HYA,MA,ANE,EN,Federal Contract Tower,0,6,2,0,8,0,19,2,0,21,0,25,4,0,29,0,0,0,29
05/11/2020,HYA,MA,ANE,EN,Federal Contract Tower,0,9,3,0,12,0,39,27,0,66,0,48,30,0,78,34,2,36,114
05/12/2020,HYA,MA,ANE,EN,Federal Contract Tower,0,8,1,0,9,0,38,27,0,65,0,46,28,0,74,20,0,20,94
05/13/2020,HYA,MA,ANE,EN,Federal Contract Tower,0,19,9,0,28,0,62,37,0,99,0,81,46,0,127,16,2,18,145
05/14/2020,HYA,MA,ANE,EN,Federal Contract Tower,0,11,8,0,19,0,61,56,0,117,0,72,64,0,136,46,0,46,182
05/15/2020,HYA,MA,ANE,EN,Federal Contract Tower,0,20,11,0,31,0,29,15,0,44,0,49,26,0,75,4,0,4,79
05/16/2020,HYA,MA,ANE,EN,Federal Contract Tower,0,16,9,0,25,0,24,21,0,45,0,40,30,0,70,33,2,35,105
05/17/2020,HYA,MA,ANE,EN,Federal Contract Tower,0,7,5,0,12,0,15,41,0,56,0,22,46,0,68,0,0,0,68
05/18/2020,HYA,MA,ANE,EN,Federal Contract Tower,0,9,9,0,18,0,41,48,0,89,0,50,57,0,107,30,0,30,137
05/19/2020,HYA,MA,ANE,EN,Federal Contract Tower,0,36,2,0,38,0,47,30,0,77,0,83,32,0,115,4,0,4,119
05/20/2020,HYA,MA,ANE,EN,Federal Contract Tower,0,20,8,0,28,0,59,38,0,97,0,79,46,0,125,77,0,77,202
05/21/2020,HYA,MA,ANE,EN,Federal Contract Tower,0,41,22,0,63,0,71,58,0,129,0,112,80,0,192,54,0,54,246
05/22/2020,HYA,MA,ANE,EN,Federal Contract Tower,0,24,12,8,44,0,75,56,0,131,0,99,68,8,175,94,0,94,269
05/23/2020,HYA,MA,ANE,EN,Federal Contract Tower,0,30,24,0,54,0,1,0,0,1,0,31,24,0,55,0,0,0,55
05/24/2020,HYA,MA,ANE,EN,Federal Contract Tower,0,18,5,0,23,0,28,37,0,65,0,46,42,0,88,52,0,52,140
05/25/2020,HYA,MA,ANE,EN,Federal Contract Tower,0,61,16,0,77,0,10,10,0,20,0,71,26,0,97,18,0,18,115
05/26/2020,HYA,MA,ANE,EN,Federal Contract Tower,0,80,28,0,108,0,15,16,0,31,0,95,44,0,139,10,0,10,149
05/27/2020,HYA,MA,ANE,EN,Federal Contract Tower,0,71,22,0,93,0,36,23,0,59,0,107,45,0,152,6,0,6,158
05/28/2020,HYA,MA,ANE,EN,Federal Contract Tower,0,38,19,0,57,0,46,33,0,79,0,84,52,0,136,34,0,34,170
05/29/2020,HYA,MA,ANE,EN,Federal Contract Tower,0,68,36,0,104,0,0,0,0,0,0,68,36,0,104,0,0,0,104
05/30/2020,HYA,MA,ANE,EN,Federal Contract Tower,0,28,14,0,42,0,5,9,0,14,0,33,23,0,56,0,2,2,58
05/31/2020,HYA,MA,ANE,EN,Federal Contract Tower,0,10,7,0,17,0,38,50,0,88,0,48,57,0,105,8,0,8,113
06/01/2020,HYA,MA,ANE,EN,Federal Contract Tower,0,14,3,1,18,0,56,63,0,119,0,70,66,1,137,46,0,46,183
06/02/2020,HYA,MA,ANE,EN,Federal Contract Tower,0,24,20,0,44,0,60,64,0,124,0,84,84,0,168,42,0,42,210
06/03/2020,HYA,MA,ANE,EN,Federal Contract Tower,0,40,7,0,47,0,59,38,0,97,0,99,45,0,144,16,0,16,160
06/04/2020,HYA,MA,ANE,EN,Federal Contract Tower,0,17,7,0,24,0,62,61,0,123,0,79,68,0,147,24,0,24,171
06/05/2020,HYA,MA,ANE,EN,Federal Contract Tower,0,44,22,0,66,0,25,19,0,44,0,69,41,0,110,0,0,0,110
06/06/2020,HYA,MA,ANE,EN,Federal Contract Tower,0,38,24,0,62,0,2,7,0,9,0,40,31,0,71,0,0,0,71
06/07/2020,HYA,MA,ANE,EN,Federal Contract Tower,0,24,13,0,37,0,33,38,0,71,0,57,51,0,108,38,0,38,146
06/08/2020,HYA,MA,ANE,EN,Federal Contract Tower,0,15,8,0,23,0,56,63,0,119,0,71,71,0,142,22,0,22,164
06/09/2020,HYA,MA,ANE,EN,Federal Contract Tower,0,18,8,0,26,0,57,56,0,113,0,75,64,0,139,22,0,22,161
06/10/2020,HYA,MA,ANE,EN,Federal Contract Tower,0,47,10,0,57,0,25,19,0,44,0,72,29,0,101,0,0,0,101
06/11/2020,HYA,MA,ANE,EN,Federal Contract Tower,0,33,9,0,42,0,51,22,0,73,0,84,31,0,115,16,0,16,131
06/12/2020,HYA,MA,ANE,EN,Federal Contract Tower,0,42,35,0,77,0,42,45,0,87,0,84,80,0,164,2,6,8,172
06/13/2020,HYA,MA,ANE,EN,Federal Contract Tower,0,21,8,0,29,0,31,45,0,76,0,52,53,0,105,8,0,8,113
06/14/2020,HYA,MA,ANE,EN,Federal Contract Tower,0,18,19,0,37,0,39,53,0,92,0,57,72,0,129,16,0,16,145
06/15/2020,HYA,MA,ANE,EN,Federal Contract Tower,0,45,28,0,73,0,21,35,2,58,0,66,63,2,131,30,0,30,161
06/16/2020,HYA,MA,ANE,EN,Federal Contract Tower,0,18,32,2,52,0,78,68,0,146,0,96,100,2,198,22,0,22,220
06/17/2020,HYA,MA,ANE,EN,Federal Contract Tower,0,27,18,1,46,0,59,64,0,123,0,86,82,1,169,0,0,0,169
06/19/2020,HYA,MA,ANE,EN,Federal Contract Tower,0,45,31,0,76,0,39,31,0,70,0,84,62,0,146,6,0,6,152
06/20/2020,HYA,MA,ANE,EN,Federal Contract Tower,0,27,22,0,49,0,43,43,0,86,0,70,65,0,135,24,0,24,159
06/21/2020,HYA,MA,ANE,EN,Federal Contract Tower,0,34,16,0,50,0,24,32,0,56,0,58,48,0,106,10,0,10,116
06/22/2020,HYA,MA,ANE,EN,Federal Contract Tower,0,60,19,0,79,0,44,26,0,70,0,104,45,0,149,12,0,12,161
06/23/2020,HYA,MA,ANE,EN,Federal Contract Tower,0,48,30,0,78,0,17,27,0,44,0,65,57,0,122,18,0,18,140
06/24/2020,HYA,MA,ANE,EN,Federal Contract Tower,0,84,22,0,106,0,6,0,0,6,0,90,22,0,112,0,0,0,112
06/25/2020,HYA,MA,ANE,EN,Federal Contract Tower,0,17,38,0,55,0,69,52,0,121,0,86,90,0,176,36,0,36,212
06/26/2020,HYA,MA,ANE,EN,Federal Contract Tower,0,45,18,0,63,0,59,40,0,99,0,104,58,0,162,30,0,30,192
06/27/2020,HYA,MA,ANE,EN,Federal Contract Tower,0,36,10,0,46,0,42,27,0,69,0,78,37,0,115,10,0,10,125
06/28/2020,HYA,MA,ANE,EN,Federal Contract Tower,0,38,21,0,59,0,31,43,0,74,0,69,64,0,133,14,0,14,147
06/30/2020,HYA,MA,ANE,EN,Federal Contract Tower,0,71,21,0,92,0,24,25,0,49,0,95,46,0,141,30,0,30,171
07/01/2020,HYA,MA,ANE,EN,Federal Contract Tower,0,74,50,0,124,0,32,14,0,46,0,106,64,0,170,0,0,0,170
07/02/2020,HYA,MA,ANE,EN,Federal Contract Tower,0,55,33,0,88,0,64,65,0,129,0,119,98,0,217,58,0,58,275
07/03/2020,HYA,MA,ANE,EN,Federal Contract Tower,0,73,29,0,102,0,12,9,0,21,0,85,38,0,123,0,0,0,123
07/04/2020,HYA,MA,ANE,EN,Federal Contract Tower,0,35,20,0,55,0,8,11,0,19,0,43,31,0,74,4,0,4,78
07/05/2020,HYA,MA,ANE,EN,Federal Contract Tower,0,65,36,0,101,0,1,1,0,2,0,66,37,0,103,0,0,0,103
07/06/2020,HYA,MA,ANE,EN,Federal Contract Tower,0,89,33,0,122,0,28,22,0,50,0,117,55,0,172,0,0,0,172
07/07/2020,HYA,MA,ANE,EN,Federal Contract Tower,0,61,36,0,97,0,55,61,0,116,0,116,97,0,213,34,0,34,247
07/08/2020,HYA,MA,ANE,EN,Federal Contract Tower,0,63,35,0,98,0,50,31,0,81,0,113,66,0,179,0,0,0,179
07/09/2020,HYA,MA,ANE,EN,Federal Contract Tower,0,57,42,0,99,0,39,44,0,83,0,96,86,0,182,22,0,22,204
07/10/2020,HYA,MA,ANE,EN,Federal Contract Tower,0,71,27,0,98,0,6,0,0,6,0,77,27,0,104,0,0,0,104
07/11/2020,HYA,MA,ANE,EN,Federal Contract Tower,0,86,27,0,113,0,0,0,0,0,0,86,27,0,113,0,0,0,113
07/12/2020,HYA,MA,ANE,EN,Federal Contract Tower,0,26,21,0,47,0,40,45,0,85,0,66,66,0,132,23,0,23,155
07/13/2020,HYA,MA,ANE,EN,Federal Contract Tower,0,64,36,3,103,0,47,48,0,95,0,111,84,3,198,36,0,36,234
07/14/2020,HYA,MA,ANE,EN,Federal Contract Tower,0,70,23,0,93,0,10,12,0,22,0,80,35,0,115,6,0,6,121
07/15/2020,HYA,MA,ANE,EN,Federal Contract Tower,0,61,16,2,79,0,54,39,4,97,0,115,55,6,176,12,0,12,188
07/16/2020,HYA,MA,ANE,EN,Federal Contract Tower,0,46,27,0,73,0,75,68,0,143,0,121,95,0,216,33,0,33,249
07/17/2020,HYA,MA,ANE,EN,Federal Contract Tower,0,74,18,0,92,0,29,13,0,42,0,103,31,0,134,0,0,0,134
07/18/2020,HYA,MA,ANE,EN,Federal Contract Tower,0,61,24,0,85,0,43,67,0,110,0,104,91,0,195,18,0,18,213
07/19/2020,HYA,MA,ANE,EN,Federal Contract Tower,0,54,31,0,85,0,22,29,0,51,0,76,60,0,136,0,0,0,136
07/20/2020,HYA,MA,ANE,EN,Federal Contract Tower,0,69,35,0,104,0,35,33,0,68,0,104,68,0,172,12,0,12,184
07/21/2020,HYA,MA,ANE,EN,Federal Contract Tower,0,23,15,0,38,0,60,53,0,113,0,83,68,0,151,44,2,46,197
07/22/2020,HYA,MA,ANE,EN,Federal Contract Tower,0,42,19,0,61,0,48,52,0,100,0,90,71,0,161,22,0,22,183
07/23/2020,HYA,MA,ANE,EN,Federal Contract Tower,0,41,21,0,62,0,66,43,0,109,0,107,64,0,171,0,0,0,171
07/24/2020,HYA,MA,ANE,EN,Federal Contract Tower,0,45,21,0,66,0,75,71,0,146,0,120,92,0,212,18,0,18,230
07/25/2020,HYA,MA,ANE,EN,Federal Contract Tower,0,43,20,0,63,0,44,60,0,104,0,87,80,0,167,28,0,28,195
07/26/2020,HYA,MA,ANE,EN,Federal Contract Tower,0,49,20,0,69,0,41,42,0,83,0,90,62,0,152,8,0,8,160
07/27/2020,HYA,MA,ANE,EN,Federal Contract Tower,0,21,15,0,36,0,63,66,0,129,0,84,81,0,165,24,0,24,189
07/28/2020,HYA,MA,ANE,EN,Federal Contract Tower,0,31,7,0,38,0,92,60,0,152,0,123,67,0,190,26,0,26,216
07/29/2020,HYA,MA,ANE,EN,Federal Contract Tower,0,32,12,0,44,0,80,74,1,155,0,112,86,1,199,16,0,16,215
07/30/2020,HYA,MA,ANE,EN,Federal Contract Tower,0,66,33,0,99,0,40,49,0,89,0,106,82,0,188,12,0,12,200
07/31/2020,HYA,MA,ANE,EN,Federal Contract Tower,0,50,29,0,79,0,52,54,0,106,0,102,83,0,185,20,0,20,205
08/01/2020,HYA,MA,ANE,EN,Federal Contract Tower,2,40,11,0,53,0,68,67,0,135,2,108,78,0,188,12,0,12,200
08/02/2020,HYA,MA,ANE,EN,Federal Contract Tower,2,30,18,0,50,0,46,53,0,99,2,76,71,0,149,20,0,20,169
08/03/2020,HYA,MA,ANE,EN,Federal Contract Tower,0,38,18,0,56,0,48,45,0,93,0,86,63,0,149,24,0,24,173
08/04/2020,HYA,MA,ANE,EN,Federal Contract Tower,0,54,10,0,64,0,8,6,0,14,0,62,16,0,78,0,0,0,78
08/05/2020,HYA,MA,ANE,EN,Federal Contract Tower,2,45,21,0,68,0,62,40,0,102,2,107,61,0,170,0,0,0,170
08/06/2020,HYA,MA,ANE,EN,Federal Contract Tower,0,30,19,0,49,0,72,73,0,145,0,102,92,0,194,28,0,28,222
08/07/2020,HYA,MA,ANE,EN,Federal Contract Tower,0,58,21,0,79,0,66,56,0,122,0,124,77,0,201,114,0,114,315
08/08/2020,HYA,MA,ANE,EN,Federal Contract Tower,2,75,33,0,110,0,19,22,1,42,2,94,55,1,152,10,0,10,162
08/09/2020,HYA,MA,ANE,EN,Federal Contract Tower,2,34,20,0,56,0,44,63,0,107,2,78,83,0,163,12,0,12,175
08/10/2020,HYA,MA,ANE,EN,Federal Contract Tower,0,55,35,1,91,0,34,49,0,83,0,89,84,1,174,37,6,43,217
08/11/2020,HYA,MA,ANE,EN,Federal Contract Tower,0,50,33,0,83,0,39,36,0,75,0,89,69,0,158,12,0,12,170
08/12/2020,HYA,MA,ANE,EN,Federal Contract Tower,2,62,28,0,92,0,35,18,0,53,2,97,46,0,145,10,0,10,155
08/13/2020,HYA,MA,ANE,EN,Federal Contract Tower,0,75,29,0,104,0,67,58,0,125,0,142,87,0,229,40,0,40,269
08/14/2020,HYA,MA,ANE,EN,Federal Contract Tower,0,39,29,0,68,0,85,85,0,170,0,124,114,0,238,70,0,70,308
08/15/2020,HYA,MA,ANE,EN,Federal Contract Tower,2,62,37,0,101,0,22,12,0,34,2,84,49,0,135,0,0,0,135
08/16/2020,HYA,MA,ANE,EN,Federal Contract Tower,3,53,39,0,95,0,10,10,0,20,3,63,49,0,115,0,0,0,115
08/17/2020,HYA,MA,ANE,EN,Federal Contract Tower,0,55,32,0,87,0,24,29,0,53,0,79,61,0,140,52,0,52,192
08/18/2020,HYA,MA,ANE,EN,Federal Contract Tower,0,33,10,1,44,0,0,0,0,0,0,33,10,1,44,48,0,48,92
08/19/2020,HYA,MA,ANE,EN,Federal Contract Tower,2,40,26,0,68,0,73,61,0,134,2,113,87,0,202,12,0,12,214
08/20/2020,HYA,MA,ANE,EN,Federal Contract Tower,0,28,15,0,43,0,76,73,0,149,0,104,88,0,192,38,12,50,242
08/21/2020,HYA,MA,ANE,EN,Federal Contract Tower,0,28,23,0,51,0,78,63,0,141,0,106,86,0,192,42,0,42,234
08/22/2020,HYA,MA,ANE,EN,Federal Contract Tower,2,47,16,0,65,0,53,52,0,105,2,100,68,0,170,16,0,16,186
08/23/2020,HYA,MA,ANE,EN,Federal Contract Tower,2,40,23,0,65,0,32,41,0,73,2,72,64,0,138,44,0,44,182
08/24/2020,HYA,MA,ANE,EN,Federal Contract Tower,0,68,29,0,97,0,33,44,0,77,0,101,73,0,174,0,0,0,174
08/25/2020,HYA,MA,ANE,EN,Federal Contract Tower,0,38,7,0,45,0,53,47,0,100,0,91,54,0,145,40,0,40,185
08/26/2020,HYA,MA,ANE,EN,Federal Contract Tower,2,20,11,0,33,0,83,72,0,155,2,103,83,0,188,54,0,54,242
08/27/2020,HYA,MA,ANE,EN,Federal Contract Tower,0,54,12,0,66,0,64,48,0,112,0,118,60,0,178,8,0,8,186
08/28/2020,HYA,MA,ANE,EN,Federal Contract Tower,2,53,26,0,81,0,55,66,0,121,2,108,92,0,202,38,0,38,240
08/29/2020,HYA,MA,ANE,EN,Federal Contract Tower,2,53,25,0,80,0,1,0,0,1,2,54,25,0,81,0,0,0,81
08/30/2020,HYA,MA,ANE,EN,Federal Contract Tower,2,24,25,0,51,0,53,46,0,99,2,77,71,0,150,60,0,60,210
08/31/2020,HYA,MA,ANE,EN,Federal Contract Tower,0,14,15,0,29,0,66,64,0,130,0,80,79,0,159,100,2,102,261
09/01/2020,HYA,MA,ANE,EN,Federal Contract Tower,0,24,20,0,44,0,99,62,0,161,0,123,82,0,205,70,0,70,275
09/02/2020,HYA,MA,ANE,EN,Federal Contract Tower,2,82,37,0,121,0,26,27,0,53,2,108,64,0,174,40,0,40,214
09/03/2020,HYA,MA,ANE,EN,Federal Contract Tower,0,107,61,0,168,0,1,3,0,4,0,108,64,0,172,0,0,0,172
09/04/2020,HYA,MA,ANE,EN,Federal Contract Tower,2,42,22,0,66,0,52,65,0,117,2,94,87,0,183,58,0,58,241
09/05/2020,HYA,MA,ANE,EN,Federal Contract Tower,0,26,16,0,42,0,61,60,0,121,0,87,76,0,163,46,0,46,209
09/06/2020,HYA,MA,ANE,EN,Federal Contract Tower,2,10,8,0,20,0,30,56,0,86,2,40,64,0,106,22,0,22,128
09/07/2020,HYA,MA,ANE,EN,Federal Contract Tower,0,36,20,0,56,0,71,63,0,134,0,107,83,0,190,34,0,34,224
09/08/2020,HYA,MA,ANE,EN,Federal Contract Tower,0,75,26,0,101,0,44,33,0,77,0,119,59,0,178,32,0,32,210
09/09/2020,HYA,MA,ANE,EN,Federal Contract Tower,0,76,24,0,100,0,0,0,0,0,0,76,24,0,100,0,0,0,100
09/10/2020,HYA,MA,ANE,EN,Federal Contract Tower,0,58,45,0,103,0,3,1,0,4,0,61,46,0,107,0,0,0,107
09/11/2020,HYA,MA,ANE,EN,Federal Contract Tower,0,49,28,0,77,0,43,44,2,89,0,92,72,2,166,0,16,16,182
09/12/2020,HYA,MA,ANE,EN,Federal Contract Tower,0,27,12,0,39,0,58,60,0,118,0,85,72,0,157,32,0,32,189
09/13/2020,HYA,MA,ANE,EN,Federal Contract Tower,0,28,16,0,44,0,50,41,0,91,0,78,57,0,135,16,0,16,151
09/14/2020,HYA,MA,ANE,EN,Federal Contract Tower,0,24,8,0,32,0,59,58,0,117,0,83,66,0,149,40,0,40,189
09/15/2020,HYA,MA,ANE,EN,Federal Contract Tower,0,34,17,0,51,0,78,75,0,153,0,112,92,0,204,44,0,44,248
09/16/2020,HYA,MA,ANE,EN,Federal Contract Tower,0,37,26,0,63,0,76,97,0,173,0,113,123,0,236,8,0,8,244
09/17/2020,HYA,MA,ANE,EN,Federal Contract Tower,0,30,19,0,49,0,77,65,0,142,0,107,84,0,191,38,0,38,229
09/18/2020,HYA,MA,ANE,EN,Federal Contract Tower,0,59,32,0,91,0,23,17,0,40,0,82,49,0,131,12,0,12,143
09/19/2020,HYA,MA,ANE,EN,Federal Contract Tower,0,16,6,0,22,0,40,35,0,75,0,56,41,0,97,30,0,30,127
09/20/2020,HYA,MA,ANE,EN,Federal Contract Tower,0,18,6,0,24,0,55,35,0,90,0,73,41,0,114,32,0,32,146
09/21/2020,HYA,MA,ANE,EN,Federal Contract Tower,0,10,11,0,21,0,73,60,0,133,0,83,71,0,154,4,0,4,158
09/22/2020,HYA,MA,ANE,EN,Federal Contract Tower,0,18,4,0,22,0,50,26,0,76,0,68,30,0,98,4,0,4,102
09/23/2020,HYA,MA,ANE,EN,Federal Contract Tower,0,22,9,0,31,0,94,31,0,125,0,116,40,0,156,26,0,26,182
09/24/2020,HYA,MA,ANE,EN,Federal Contract Tower,0,14,10,0,24,0,61,75,0,136,0,75,85,0,160,10,0,10,170
09/25/2020,HYA,MA,ANE,EN,Federal Contract Tower,0,64,21,0,85,0,27,40,0,67,0,91,61,0,152,34,0,34,186
09/26/2020,HYA,MA,ANE,EN,Federal Contract Tower,0,56,16,0,72,0,18,21,0,39,0,74,37,0,111,10,0,10,121
09/27/2020,HYA,MA,ANE,EN,Federal Contract Tower,0,34,23,0,57,0,36,26,0,62,0,70,49,0,119,4,0,4,123
09/28/2020,HYA,MA,ANE,EN,Federal Contract Tower,0,97,41,0,138,0,0,0,0,0,0,97,41,0,138,0,0,0,138
09/29/2020,HYA,MA,ANE,EN,Federal Contract Tower,0,49,20,0,69,0,24,23,0,47,0,73,43,0,116,14,0,14,130
09/30/2020,HYA,MA,ANE,EN,Federal Contract Tower,0,42,15,0,57,0,35,14,0,49,0,77,29,0,106,6,0,6,112
10/01/2020,HYA,MA,ANE,EN,Federal Contract Tower,0,36,12,0,48,0,70,44,0,114,0,106,56,0,162,22,0,22,184
10/02/2020,HYA,MA,ANE,EN,Federal Contract Tower,0,42,25,0,67,0,48,33,0,81,0,90,58,0,148,48,0,48,196
10/03/2020,HYA,MA,ANE,EN,Federal Contract Tower,0,14,12,0,26,0,50,79,0,129,0,64,91,0,155,42,0,42,197
10/04/2020,HYA,MA,ANE,EN,Federal Contract Tower,0,19,18,0,37,0,48,54,0,102,0,67,72,0,139,28,0,28,167
10/05/2020,HYA,MA,ANE,EN,Federal Contract Tower,0,38,7,0,45,0,45,25,0,70,0,83,32,0,115,20,0,20,135
10/06/2020,HYA,MA,ANE,EN,Federal Contract Tower,0,36,26,0,62,0,62,37,0,99,0,98,63,0,161,48,0,48,209
10/07/2020,HYA,MA,ANE,EN,Federal Contract Tower,0,34,3,0,37,0,44,28,0,72,0,78,31,0,109,18,0,18,127
10/08/2020,HYA,MA,ANE,EN,Federal Contract Tower,0,28,9,0,37,0,72,40,0,112,0,100,49,0,149,34,0,34,183
10/09/2020,HYA,MA,ANE,EN,Federal Contract Tower,0,24,12,0,36,0,90,60,0,150,0,114,72,0,186,30,0,30,216
10/10/2020,HYA,MA,ANE,EN,Federal Contract Tower,0,14,7,0,21,0,48,22,0,70,0,62,29,0,91,3,0,3,94
10/11/2020,HYA,MA,ANE,EN,Federal Contract Tower,0,21,15,0,36,0,41,33,0,74,0,62,48,0,110,2,0,2,112
10/12/2020,HYA,MA,ANE,EN,Federal Contract Tower,0,28,15,0,43,0,39,22,0,61,0,67,37,0,104,0,0,0,104
10/13/2020,HYA,MA,ANE,EN,Federal Contract Tower,0,62,27,0,89,0,0,0,0,0,0,62,27,0,89,0,0,0,89
10/14/2020,HYA,MA,ANE,EN,Federal Contract Tower,0,31,24,0,55,0,67,63,0,130,0,98,87,0,185,42,0,42,227
10/15/2020,HYA,MA,ANE,EN,Federal Contract Tower,0,25,26,0,51,0,61,52,0,113,0,86,78,0,164,24,0,24,188
10/16/2020,HYA,MA,ANE,EN,Federal Contract Tower,0,42,19,0,61,0,57,37,0,94,0,99,56,0,155,16,22,38,193
10/17/2020,HYA,MA,ANE,EN,Federal Contract Tower,0,34,16,0,50,0,20,21,0,41,0,54,37,0,91,12,0,12,103
10/18/2020,HYA,MA,ANE,EN,Federal Contract Tower,0,20,22,0,42,0,36,78,0,114,0,56,100,0,156,32,0,32,188
10/19/2020,HYA,MA,ANE,EN,Federal Contract Tower,0,19,8,0,27,0,59,55,0,114,0,78,63,0,141,26,2,28,169
10/20/2020,HYA,MA,ANE,EN,Federal Contract Tower,0,57,30,0,87,0,0,2,0,2,0,57,32,0,89,0,0,0,89
10/21/2020,HYA,MA,ANE,EN,Federal Contract Tower,0,63,26,0,89,0,0,0,0,0,0,63,26,0,89,0,0,0,89
10/22/2020,HYA,MA,ANE,EN,Federal Contract Tower,0,39,19,0,58,0,42,36,0,78,0,81,55,0,136,38,4,42,178
10/23/2020,HYA,MA,ANE,EN,Federal Contract Tower,0,37,22,2,61,0,55,46,1,102,0,92,68,3,163,58,8,66,229
10/24/2020,HYA,MA,ANE,EN,Federal Contract Tower,0,24,6,1,31,0,36,41,0,77,0,60,47,1,108,16,0,16,124
10/25/2020,HYA,MA,ANE,EN,Federal Contract Tower,0,9,10,0,19,0,27,45,0,72,0,36,55,0,91,20,0,20,111
10/26/2020,HYA,MA,ANE,EN,Federal Contract Tower,0,68,19,0,87,0,30,8,0,38,0,98,27,0,125,16,0,16,141
10/27/2020,HYA,MA,ANE,EN,Federal Contract Tower,0,47,20,0,67,0,39,37,0,76,0,86,57,0,143,20,0,20,163
10/28/2020,HYA,MA,ANE,EN,Federal Contract Tower,0,64,17,0,81,0,11,9,0,20,0,75,26,0,101,10,0,10,111
10/29/2020,HYA,MA,ANE,EN,Federal Contract Tower,0,71,9,0,80,0,28,16,0,44,0,99,25,0,124,24,0,24,148
10/30/2020,HYA,MA,ANE,EN,Federal Contract Tower,0,37,5,0,42,0,0,1,0,1,0,37,6,0,43,0,0,0,43
10/31/2020,HYA,MA,ANE,EN,Federal Contract Tower,0,19,16,0,35,0,67,51,0,118,0,86,67,0,153,34,0,34,187
11/01/2020,HYA,MA,ANE,EN,Federal Contract Tower,0,15,9,0,24,0,22,29,0,51,0,37,38,0,75,10,8,18,93
11/02/2020,HYA,MA,ANE,EN,Federal Contract Tower,0,16,3,0,19,0,40,17,0,57,0,56,20,0,76,0,0,0,76
11/03/2020,HYA,MA,ANE,EN,Federal Contract Tower,0,11,3,0,14,0,56,37,0,93,0,67,40,0,107,36,0,36,143
11/04/2020,HYA,MA,ANE,EN,Federal Contract Tower,0,45,5,1,51,0,54,53,0,107,0,99,58,1,158,26,32,58,216
11/05/2020,HYA,MA,ANE,EN,Federal Contract Tower,0,29,16,0,45,0,56,39,0,95,0,85,55,0,140,27,0,27,167
11/06/2020,HYA,MA,ANE,EN,Federal Contract Tower,0,26,10,0,36,0,51,40,0,91,0,77,50,0,127,50,0,50,177
11/07/2020,HYA,MA,ANE,EN,Federal Contract Tower,0,10,4,0,14,0,45,52,0,97,0,55,56,0,111,61,0,61,172
11/08/2020,HYA,MA,ANE,EN,Federal Contract Tower,0,6,3,0,9,0,28,45,0,73,0,34,48,0,82,24,0,24,106
11/09/2020,HYA,MA,ANE,EN,Federal Contract Tower,0,13,7,0,20,0,69,52,0,121,0,82,59,0,141,55,0,55,196
11/10/2020,HYA,MA,ANE,EN,Federal Contract Tower,0,28,12,0,40,0,52,34,0,86,0,80,46,0,126,62,0,62,188
11/11/2020,HYA,MA,ANE,EN,Federal Contract Tower,0,61,22,0,83,0,16,17,0,33,0,77,39,0,116,8,0,8,124
11/12/2020,HYA,MA,ANE,EN,Federal Contract Tower,0,53,19,0,72,0,2,0,0,2,0,55,19,0,74,0,0,0,74
11/13/2020,HYA,MA,ANE,EN,Federal Contract Tower,0,38,13,0,51,0,7,6,0,13,0,45,19,0,64,0,0,0,64
11/14/2020,HYA,MA,ANE,EN,Federal Contract Tower,0,6,8,0,14,0,33,39,0,72,0,39,47,0,86,12,0,12,98
11/15/2020,HYA,MA,ANE,EN,Federal Contract Tower,0,4,8,0,12,0,32,40,0,72,0,36,48,0,84,20,0,20,104
11/16/2020,HYA,MA,ANE,EN,Federal Contract Tower,10,3,4,0,17,0,41,30,0,71,10,44,34,0,88,0,0,0,88
11/17/2020,HYA,MA,ANE,EN,Federal Contract Tower,0,9,4,0,13,0,44,29,0,73,0,53,33,0,86,30,0,30,116
11/19/2020,HYA,MA,ANE,EN,Federal Contract Tower,0,12,5,0,17,0,43,37,0,80,0,55,42,0,97,10,0,10,107
11/20/2020,HYA,MA,ANE,EN,Federal Contract Tower,0,10,2,0,12,0,55,32,0,87,0,65,34,0,99,0,0,0,99
11/21/2020,HYA,MA,ANE,EN,Federal Contract Tower,0,15,11,0,26,0,37,61,0,98,0,52,72,0,124,26,0,26,150
11/22/2020,HYA,MA,ANE,EN,Federal Contract Tower,0,8,11,0,19,0,28,35,0,63,0,36,46,0,82,44,0,44,126
11/23/2020,HYA,MA,ANE,EN,Federal Contract Tower,3,47,12,0,62,0,17,5,0,22,3,64,17,0,84,0,0,0,84
11/24/2020,HYA,MA,ANE,EN,Federal Contract Tower,2,16,10,0,28,0,58,55,0,113,2,74,65,0,141,14,0,14,155
11/25/2020,HYA,MA,ANE,EN,Federal Contract Tower,8,14,7,0,29,0,62,35,0,97,8,76,42,0,126,32,0,32,158
11/26/2020,HYA,MA,ANE,EN,Federal Contract Tower,0,8,0,0,8,0,3,0,0,3,0,11,0,0,11,0,0,0,11
11/27/2020,HYA,MA,ANE,EN,Federal Contract Tower,0,19,26,0,45,0,40,23,0,63,0,59,49,0,108,22,0,22,130
11/28/2020,HYA,MA,ANE,EN,Federal Contract Tower,0,16,14,0,30,0,42,34,0,76,0,58,48,0,106,28,0,28,134
11/29/2020,HYA,MA,ANE,EN,Federal Contract Tower,0,13,7,0,20,0,43,71,0,114,0,56,78,0,134,22,0,22,156
11/30/2020,HYA,MA,ANE,EN,Federal Contract Tower,0,15,4,0,19,0,46,13,0,59,0,61,17,0,78,12,0,12,90
12/01/2020,HYA,MA,ANE,EN,Federal Contract Tower,0,59,11,0,70,0,15,9,0,24,0,74,20,0,94,6,0,6,100
12/02/2020,HYA,MA,ANE,EN,Federal Contract Tower,0,24,15,0,39,0,59,46,0,105,0,83,61,0,144,62,0,62,206
12/03/2020,HYA,MA,ANE,EN,Federal Contract Tower,0,17,6,0,23,0,70,40,0,110,0,87,46,0,133,32,0,32,165
12/04/2020,HYA,MA,ANE,EN,Federal Contract Tower,0,18,11,0,29,0,54,43,0,97,0,72,54,0,126,6,0,6,132
12/05/2020,HYA,MA,ANE,EN,Federal Contract Tower,0,13,1,0,14,0,1,0,0,1,0,14,1,0,15,0,0,0,15
12/06/2020,HYA,MA,ANE,EN,Federal Contract Tower,0,13,6,0,19,0,27,12,0,39,0,40,18,0,58,4,0,4,62
12/07/2020,HYA,MA,ANE,EN,Federal Contract Tower,0,18,3,0,21,0,55,33,0,88,0,73,36,0,109,10,0,10,119
12/08/2020,HYA,MA,ANE,EN,Federal Contract Tower,0,34,0,0,34,0,29,24,0,53,0,63,24,0,87,2,12,14,101
12/09/2020,HYA,MA,ANE,EN,Federal Contract Tower,0,25,11,0,36,0,36,33,0,69,0,61,44,0,105,12,0,12,117
12/10/2020,HYA,MA,ANE,EN,Federal Contract Tower,0,15,7,0,22,0,61,41,0,102,0,76,48,0,124,24,0,24,148
12/11/2020,HYA,MA,ANE,EN,Federal Contract Tower,0,11,10,0,21,0,67,62,0,129,0,78,72,0,150,52,0,52,202
12/12/2020,HYA,MA,ANE,EN,Federal Contract Tower,0,29,9,0,38,0,0,0,0,0,0,29,9,0,38,0,0,0,38
12/13/2020,HYA,MA,ANE,EN,Federal Contract Tower,0,7,1,1,9,0,37,55,0,92,0,44,56,1,101,46,0,46,147
12/14/2020,HYA,MA,ANE,EN,Federal Contract Tower,0,31,3,0,34,0,32,16,0,48,0,63,19,0,82,6,0,6,88
12/15/2020,HYA,MA,ANE,EN,Federal Contract Tower,0,17,3,0,20,0,70,51,0,121,0,87,54,0,141,36,0,36,177
12/16/2020,HYA,MA,ANE,EN,Federal Contract Tower,0,11,6,0,17,0,59,38,0,97,0,70,44,0,114,14,0,14,128
12/17/2020,HYA,MA,ANE,EN,Federal Contract Tower,0,2,3,0,5,0,0,0,0,0,0,2,3,0,5,0,0,0,5
12/18/2020,HYA,MA,ANE,EN,Federal Contract Tower,0,23,7,0,30,0,29,12,0,41,0,52,19,0,71,6,0,6,77
12/19/2020,HYA,MA,ANE,EN,Federal Contract Tower,0,19,12,0,31,0,13,16,2,31,0,32,28,2,62,0,10,10,72
12/20/2020,HYA,MA,ANE,EN,Federal Contract Tower,0,10,6,0,16,0,21,25,0,46,0,31,31,0,62,15,0,15,77
12/21/2020,HYA,MA,ANE,EN,Federal Contract Tower,0,33,12,0,45,0,7,4,0,11,0,40,16,0,56,0,0,0,56
12/22/2020,HYA,MA,ANE,EN,Federal Contract Tower,0,13,9,0,22,0,59,54,0,113,0,72,63,0,135,30,0,30,165
12/23/2020,HYA,MA,ANE,EN,Federal Contract Tower,0,10,8,0,18,0,51,38,0,89,0,61,46,0,107,16,12,28,135
12/24/2020,HYA,MA,ANE,EN,Federal Contract Tower,0,4,0,0,4,0,30,10,0,40,0,34,10,0,44,0,0,0,44
12/26/2020,HYA,MA,ANE,EN,Federal Contract Tower,0,4,8,0,12,0,31,18,0,49,0,35,26,0,61,0,0,0,61
12/27/2020,HYA,MA,ANE,EN,Federal Contract Tower,0,6,0,0,6,0,25,34,0,59,0,31,34,0,65,28,0,28,93
12/28/2020,HYA,MA,ANE,EN,Federal Contract Tower,0,20,12,0,32,0,54,35,0,89,0,74,47,0,121,28,0,28,149
12/29/2020,HYA,MA,ANE,EN,Federal Contract Tower,0,12,2,0,14,0,45,31,0,76,0,57,33,0,90,48,8,56,146
12/30/2020,HYA,MA,ANE,EN,Federal Contract Tower,0,21,8,0,29,0,58,64,0,122,0,79,72,0,151,52,0,52,203
12/31/2020,HYA,MA,ANE,EN,Federal Contract Tower,0,18,4,0,22,0,22,11,0,33,0,40,15,0,55,4,0,4,59
01/01/2021,HYA,MA,ANE,EN,Federal Contract Tower,0,7,3,0,10,0,10,15,0,25,0,17,18,0,35,26,0,26,61
01/02/2021,HYA,MA,ANE,EN,Federal Contract Tower,0,16,7,0,23,0,9,5,0,14,0,25,12,0,37,0,0,0,37
01/03/2021,HYA,MA,ANE,EN,Federal Contract Tower,0,12,3,0,15,0,14,9,0,23,0,26,12,0,38,0,0,0,38
01/04/2021,HYA,MA,ANE,EN,Federal Contract Tower,0,34,5,0,39,0,20,6,0,26,0,54,11,0,65,0,0,0,65
01/05/2021,HYA,MA,ANE,EN,Federal Contract Tower,0,25,8,0,33,0,0,0,0,0,0,25,8,0,33,0,0,0,33
01/06/2021,HYA,MA,ANE,EN,Federal Contract Tower,0,24,3,0,27,0,42,31,0,73,0,66,34,0,100,10,0,10,110
01/07/2021,HYA,MA,ANE,EN,Federal Contract Tower,0,8,6,0,14,0,42,33,0,75,0,50,39,0,89,55,0,55,144
01/08/2021,HYA,MA,ANE,EN,Federal Contract Tower,0,7,1,0,8,0,41,46,0,87,0,48,47,0,95,46,0,46,141
01/09/2021,HYA,MA,ANE,EN,Federal Contract Tower,0,18,7,0,25,0,18,5,0,23,0,36,12,0,48,0,0,0,48
01/10/2021,HYA,MA,ANE,EN,Federal Contract Tower,0,7,7,0,14,0,13,43,0,56,0,20,50,0,70,20,0,20,90
01/11/2021,HYA,MA,ANE,EN,Federal Contract Tower,0,8,11,0,19,0,58,35,0,93,0,66,46,0,112,24,0,24,136
01/12/2021,HYA,MA,ANE,EN,Federal Contract Tower,0,4,1,0,5,0,68,47,5,120,0,72,48,5,125,6,0,6,131
01/13/2021,HYA,MA,ANE,EN,Federal Contract Tower,0,5,10,0,15,0,41,33,1,75,0,46,43,1,90,12,0,12,102
01/14/2021,HYA,MA,ANE,EN,Federal Contract Tower,0,7,7,0,14,0,38,33,0,71,0,45,40,0,85,20,0,20,105
01/15/2021,HYA,MA,ANE,EN,Federal Contract Tower,0,14,8,0,22,0,46,43,0,89,0,60,51,0,111,34,0,34,145
01/16/2021,HYA,MA,ANE,EN,Federal Contract Tower,0,20,3,0,23,0,2,1,0,3,0,22,4,0,26,0,0,0,26
01/17/2021,HYA,MA,ANE,EN,Federal Contract Tower,0,8,3,0,11,0,25,14,0,39,0,33,17,0,50,20,0,20,70
01/18/2021,HYA,MA,ANE,EN,Federal Contract Tower,0,7,5,0,12,0,63,31,0,94,0,70,36,0,106,20,0,20,126
01/20/2021,HYA,MA,ANE,EN,Federal Contract Tower,0,14,2,0,16,0,41,20,0,61,0,55,22,0,77,36,0,36,113
01/21/2021,HYA,MA,ANE,EN,Federal Contract Tower,0,21,6,0,27,0,46,31,0,77,0,67,37,0,104,20,0,20,124
01/22/2021,HYA,MA,ANE,EN,Federal Contract Tower,0,20,6,0,26,0,44,49,0,93,0,64,55,0,119,39,0,39,158
01/23/2021,HYA,MA,ANE,EN,Federal Contract Tower,0,3,2,0,5,0,25,16,1,42,0,28,18,1,47,10,2,12,59
01/24/2021,HYA,MA,ANE,EN,Federal Contract Tower,0,3,2,0,5,0,12,11,0,23,0,15,13,0,28,0,0,0,28
01/25/2021,HYA,MA,ANE,EN,Federal Contract Tower,0,7,2,0,9,0,47,26,0,73,0,54,28,0,82,14,0,14,96
01/26/2021,HYA,MA,ANE,EN,Federal Contract Tower,0,15,6,0,21,0,25,32,0,57,0,40,38,0,78,38,0,38,116
01/27/2021,HYA,MA,ANE,EN,Federal Contract Tower,0,46,13,0,59,0,10,4,0,14,0,56,17,0,73,0,0,0,73
01/28/2021,HYA,MA,ANE,EN,Federal Contract Tower,0,48,8,0,56,0,0,0,0,0,0,48,8,0,56,0,0,0,56
01/29/2021,HYA,MA,ANE,EN,Federal Contract Tower,0,31,6,0,37,0,26,11,0,37,0,57,17,0,74,14,0,14,88
01/30/2021,HYA,MA,ANE,EN,Federal Contract Tower,0,11,9,0,20,0,21,20,0,41,0,32,29,0,61,44,0,44,105
01/31/2021,HYA,MA,ANE,EN,Federal Contract Tower,0,16,2,0,18,0,31,27,0,58,0,47,29,0,76,14,0,14,90
02/01/2021,HYA,MA,ANE,EN,Federal Contract Tower,0,13,5,0,18,0,5,3,0,8,0,18,8,0,26,0,0,0,26
02/02/2021,HYA,MA,ANE,EN,Federal Contract Tower,0,28,14,0,42,0,0,0,0,0,0,28,14,0,42,0,0,0,42
02/03/2021,HYA,MA,ANE,EN,Federal Contract Tower,0,35,7,0,42,0,20,12,0,32,0,55,19,0,74,6,0,6,80
02/04/2021,HYA,MA,ANE,EN,Federal Contract Tower,0,28,3,0,31,0,46,43,0,89,0,74,46,0,120,48,0,48,168
02/05/2021,HYA,MA,ANE,EN,Federal Contract Tower,0,21,9,0,30,0,30,18,0,48,0,51,27,0,78,10,0,10,88
02/06/2021,HYA,MA,ANE,EN,Federal Contract Tower,0,13,12,0,25,0,30,22,0,52,0,43,34,0,77,6,0,6,83
02/07/2021,HYA,MA,ANE,EN,Federal Contract Tower,0,0,4,0,4,0,7,1,0,8,0,7,5,0,12,0,0,0,12
02/08/2021,HYA,MA,ANE,EN,Federal Contract Tower,0,6,0,0,6,0,47,32,0,79,0,53,32,0,85,17,0,17,102
02/09/2021,HYA,MA,ANE,EN,Federal Contract Tower,0,13,4,0,17,0,24,15,0,39,0,37,19,0,56,4,4,8,64
02/10/2021,HYA,MA,ANE,EN,Federal Contract Tower,0,28,5,0,33,0,45,26,0,71,0,73,31,0,104,40,18,58,162
02/11/2021,HYA,MA,ANE,EN,Federal Contract Tower,0,24,7,0,31,0,43,32,0,75,0,67,39,0,106,16,0,16,122
02/12/2021,HYA,MA,ANE,EN,Federal Contract Tower,0,15,1,0,16,0,38,38,0,76,0,53,39,0,92,12,0,12,104
02/13/2021,HYA,MA,ANE,EN,Federal Contract Tower,0,14,4,0,18,0,51,35,0,86,0,65,39,0,104,68,0,68,172
02/14/2021,HYA,MA,ANE,EN,Federal Contract Tower,0,16,2,0,18,0,7,3,0,10,0,23,5,0,28,2,0,2,30
02/15/2021,HYA,MA,ANE,EN,Federal Contract Tower,0,20,13,2,35,0,2,2,0,4,0,22,15,2,39,0,0,0,39
02/16/2021,HYA,MA,ANE,EN,Federal Contract Tower,0,14,14,0,28,0,0,0,0,0,0,14,14,0,28,0,0,0,28
02/17/2021,HYA,MA,ANE,EN,Federal Contract Tower,0,16,5,0,21,0,51,34,0,85,0,67,39,0,106,24,0,24,130
02/19/2021,HYA,MA,ANE,EN,Federal Contract Tower,0,30,2,0,32,0,0,0,0,0,0,30,2,0,32,0,0,0,32
02/20/2021,HYA,MA,ANE,EN,Federal Contract Tower,0,13,8,0,21,0,27,17,0,44,0,40,25,0,65,46,0,46,111
02/21/2021,HYA,MA,ANE,EN,Federal Contract Tower,0,13,9,0,22,0,39,40,0,79,0,52,49,0,101,32,0,32,133
02/22/2021,HYA,MA,ANE,EN,Federal Contract Tower,0,11,7,0,18,0,33,25,0,58,0,44,32,0,76,0,0,0,76
02/23/2021,HYA,MA,ANE,EN,Federal Contract Tower,0,9,2,0,11,0,43,40,0,83,0,52,42,0,94,80,0,80,174
02/24/2021,HYA,MA,ANE,EN,Federal Contract Tower,0,19,8,0,27,0,57,52,0,109,0,76,60,0,136,50,0,50,186
02/25/2021,HYA,MA,ANE,EN,Federal Contract Tower,0,21,0,0,21,0,64,33,0,97,0,85,33,0,118,20,0,20,138
02/26/2021,HYA,MA,ANE,EN,Federal Contract Tower,0,32,8,0,40,0,58,53,0,111,0,90,61,0,151,92,0,92,243
02/27/2021,HYA,MA,ANE,EN,Federal Contract Tower,0,29,7,0,36,0,13,0,0,13,0,42,7,0,49,28,0,28,77
02/28/2021,HYA,MA,ANE,EN,Federal Contract Tower,0,9,3,0,12,0,39,44,0,83,0,48,47,0,95,62,0,62,157
03/01/2021,HYA,MA,ANE,EN,Federal Contract Tower,0,69,17,0,86,0,14,6,0,20,0,83,23,0,106,8,0,8,114
03/02/2021,HYA,MA,ANE,EN,Federal Contract Tower,0,2,2,0,4,0,8,20,2,30,0,10,22,2,34,0,12,12,46
03/03/2021,HYA,MA,ANE,EN,Federal Contract Tower,0,11,0,0,11,0,78,42,0,120,0,89,42,0,131,42,0,42,173
03/04/2021,HYA,MA,ANE,EN,Federal Contract Tower,0,9,9,0,18,0,64,37,0,101,0,73,46,0,119,80,0,80,199
03/05/2021,HYA,MA,ANE,EN,Federal Contract Tower,0,12,6,0,18,0,71,45,4,120,0,83,51,4,138,42,0,42,180
03/06/2021,HYA,MA,ANE,EN,Federal Contract Tower,0,8,4,0,12,0,32,41,0,73,0,40,45,0,85,40,0,40,125
03/07/2021,HYA,MA,ANE,EN,Federal Contract Tower,0,4,6,0,10,0,25,39,0,64,0,29,45,0,74,48,0,48,122
03/08/2021,HYA,MA,ANE,EN,Federal Contract Tower,0,5,1,0,6,0,92,47,0,139,0,97,48,0,145,50,0,50,195
03/09/2021,HYA,MA,ANE,EN,Federal Contract Tower,0,6,2,0,8,0,82,43,2,127,0,88,45,2,135,20,26,46,181
03/10/2021,HYA,MA,ANE,EN,Federal Contract Tower,0,7,5,0,12,0,60,50,0,110,0,67,55,0,122,56,0,56,178
03/11/2021,HYA,MA,ANE,EN,Federal Contract Tower,0,9,3,0,12,0,47,22,2,71,0,56,25,2,83,50,0,50,133
03/12/2021,HYA,MA,ANE,EN,Federal Contract Tower,0,25,9,0,34,0,54,56,2,112,0,79,65,2,146,128,0,128,274
03/13/2021,HYA,MA,ANE,EN,Federal Contract Tower,0,16,2,0,18,0,41,25,0,66,0,57,27,0,84,106,0,106,190
03/14/2021,HYA,MA,ANE,EN,Federal Contract Tower,0,10,4,0,14,0,37,25,2,64,0,47,29,2,78,48,0,48,126
03/15/2021,HYA,MA,ANE,EN,Federal Contract Tower,0,3,1,0,4,0,59,20,6,85,0,62,21,6,89,6,0,6,95
03/16/2021,HYA,MA,ANE,EN,Federal Contract Tower,0,12,3,0,15,0,59,52,2,113,0,71,55,2,128,26,0,26,154
03/17/2021,HYA,MA,ANE,EN,Federal Contract Tower,0,13,11,0,24,0,53,50,0,103,0,66,61,0,127,48,8,56,183
03/18/2021,HYA,MA,ANE,EN,Federal Contract Tower,0,57,12,0,69,0,23,17,0,40,0,80,29,0,109,0,0,0,109
03/19/2021,HYA,MA,ANE,EN,Federal Contract Tower,0,10,2,0,12,0,36,13,0,49,0,46,15,0,61,26,0,26,87
03/20/2021,HYA,MA,ANE,EN,Federal Contract Tower,0,7,2,0,9,0,57,65,0,122,0,64,67,0,131,106,2,108,239
03/21/2021,HYA,MA,ANE,EN,Federal Contract Tower,0,4,7,0,11,0,49,88,0,137,0,53,95,0,148,58,0,58,206
03/22/2021,HYA,MA,ANE,EN,Federal Contract Tower,0,8,14,0,22,0,56,71,0,127,0,64,85,0,149,36,0,36,185
03/23/2021,HYA,MA,ANE,EN,Federal Contract Tower,0,18,6,0,24,0,58,46,0,104,0,76,52,0,128,68,0,68,196
03/24/2021,HYA,MA,ANE,EN,Federal Contract Tower,0,25,15,0,40,0,21,21,0,42,0,46,36,0,82,0,0,0,82
03/25/2021,HYA,MA,ANE,EN,Federal Contract Tower,0,56,13,0,69,0,14,12,0,26,0,70,25,0,95,0,0,0,95
03/26/2021,HYA,MA,ANE,EN,Federal Contract Tower,0,4,3,0,7,0,0,0,0,0,0,4,3,0,7,0,0,0,7
03/27/2021,HYA,MA,ANE,EN,Federal Contract Tower,0,12,8,0,20,0,36,60,0,96,0,48,68,0,116,34,0,34,150
03/28/2021,HYA,MA,ANE,EN,Federal Contract Tower,0,25,7,0,32,0,0,0,0,0,0,25,7,0,32,0,0,0,32
03/29/2021,HYA,MA,ANE,EN,Federal Contract Tower,0,13,4,0,17,0,38,22,0,60,0,51,26,0,77,6,0,6,83
03/30/2021,HYA,MA,ANE,EN,Federal Contract Tower,0,7,5,0,12,0,46,57,4,107,0,53,62,4,119,14,0,14,133
03/31/2021,HYA,MA,ANE,EN,Federal Contract Tower,0,6,1,0,7,0,79,32,0,111,0,85,33,0,118,16,0,16,134
04/01/2021,HYA,MA,ANE,EN,Federal Contract Tower,0,48,14,0,62,0,0,0,0,0,0,48,14,0,62,0,0,0,62
04/02/2021,HYA,MA,ANE,EN,Federal Contract Tower,0,8,4,0,12,0,58,43,0,101,0,66,47,0,113,24,2,26,139
04/03/2021,HYA,MA,ANE,EN,Federal Contract Tower,0,3,4,0,7,0,47,63,0,110,0,50,67,0,117,20,0,20,137
04/04/2021,HYA,MA,ANE,EN,Federal Contract Tower,0,2,7,0,9,0,35,35,0,70,0,37,42,0,79,8,0,8,87
04/05/2021,HYA,MA,ANE,EN,Federal Contract Tower,0,20,7,0,27,0,41,33,0,74,0,61,40,0,101,4,0,4,105
04/06/2021,HYA,MA,ANE,EN,Federal Contract Tower,0,25,6,0,31,0,80,40,0,120,0,105,46,0,151,30,0,30,181
04/07/2021,HYA,MA,ANE,EN,Federal Contract Tower,0,28,8,0,36,0,73,48,2,123,0,101,56,2,159,10,0,10,169
04/08/2021,HYA,MA,ANE,EN,Federal Contract Tower,0,43,22,0,65,0,51,34,2,87,0,94,56,2,152,0,2,2,154
04/09/2021,HYA,MA,ANE,EN,Federal Contract Tower,0,20,4,0,24,0,51,48,0,99,0,71,52,0,123,34,0,34,157
04/10/2021,HYA,MA,ANE,EN,Federal Contract Tower,0,23,18,0,41,0,38,27,0,65,0,61,45,0,106,24,0,24,130
04/11/2021,HYA,MA,ANE,EN,Federal Contract Tower,0,21,9,0,30,0,0,0,0,0,0,21,9,0,30,0,0,0,30
04/12/2021,HYA,MA,ANE,EN,Federal Contract Tower,0,44,6,0,50,0,18,14,0,32,0,62,20,0,82,6,0,6,88
04/13/2021,HYA,MA,ANE,EN,Federal Contract Tower,0,41,5,0,46,0,31,39,0,70,0,72,44,0,116,10,0,10,126
04/14/2021,HYA,MA,ANE,EN,Federal Contract Tower,0,19,14,0,33,0,62,78,2,142,0,81,92,2,175,30,0,30,205
04/15/2021,HYA,MA,ANE,EN,Federal Contract Tower,0,16,14,2,32,0,53,36,0,89,0,69,50,2,121,18,0,18,139
04/16/2021,HYA,MA,ANE,EN,Federal Contract Tower,0,33,26,0,59,0,0,6,0,6,0,33,32,0,65,0,0,0,65
04/17/2021,HYA,MA,ANE,EN,Federal Contract Tower,0,25,8,0,33,0,12,11,0,23,0,37,19,0,56,0,0,0,56
04/18/2021,HYA,MA,ANE,EN,Federal Contract Tower,0,7,3,0,10,0,37,45,0,82,0,44,48,0,92,18,0,18,110
04/19/2021,HYA,MA,ANE,EN,Federal Contract Tower,0,5,1,0,6,0,58,70,0,128,0,63,71,0,134,34,0,34,168
04/20/2021,HYA,MA,ANE,EN,Federal Contract Tower,0,5,4,0,9,0,62,59,2,123,0,67,63,2,132,6,0,6,138
04/21/2021,HYA,MA,ANE,EN,Federal Contract Tower,0,28,6,0,34,0,80,49,0,129,0,108,55,0,163,8,0,8,171
04/22/2021,HYA,MA,ANE,EN,Federal Contract Tower,0,10,1,0,11,0,69,14,0,83,0,79,15,0,94,0,0,0,94
04/23/2021,HYA,MA,ANE,EN,Federal Contract Tower,0,18,5,0,23,0,66,46,0,112,0,84,51,0,135,0,0,0,135
04/24/2021,HYA,MA,ANE,EN,Federal Contract Tower,0,15,4,0,19,0,46,50,0,96,0,61,54,0,115,38,0,38,153
04/25/2021,HYA,MA,ANE,EN,Federal Contract Tower,0,31,2,0,33,0,4,0,0,4,0,35,2,0,37,0,0,0,37
04/26/2021,HYA,MA,ANE,EN,Federal Contract Tower,0,14,10,2,26,0,54,41,2,97,0,68,51,4,123,48,0,48,171
04/27/2021,HYA,MA,ANE,EN,Federal Contract Tower,0,7,5,0,12,0,77,46,0,123,0,84,51,0,135,0,0,0,135
04/28/2021,HYA,MA,ANE,EN,Federal Contract Tower,0,23,7,0,30,0,110,73,0,183,0,133,80,0,213,32,0,32,245
04/29/2021,HYA,MA,ANE,EN,Federal Contract Tower,0,71,20,0,91,0,0,0,0,0,0,71,20,0,91,0,0,0,91
04/30/2021,HYA,MA,ANE,EN,Federal Contract Tower,0,37,11,2,50,0,28,19,0,47,0,65,30,2,97,0,0,0,97
05/01/2021,HYA,MA,ANE,EN,Federal Contract Tower,0,21,7,0,28,0,87,54,0,141,0,108,61,0,169,0,0,0,169
05/02/2021,HYA,MA,ANE,EN,Federal Contract Tower,0,13,3,0,16,0,26,19,2,47,0,39,22,2,63,40,20,60,123
05/03/2021,HYA,MA,ANE,EN,Federal Contract Tower,0,12,10,0,22,0,122,75,0,197,0,134,85,0,219,44,0,44,263
05/04/2021,HYA,MA,ANE,EN,Federal Contract Tower,0,49,24,0,73,0,0,0,0,0,0,49,24,0,73,0,0,0,73
05/05/2021,HYA,MA,ANE,EN,Federal Contract Tower,0,71,15,0,86,0,0,0,0,0,0,71,15,0,86,0,0,0,86
05/06/2021,HYA,MA,ANE,EN,Federal Contract Tower,0,24,6,0,30,0,74,68,2,144,0,98,74,2,174,40,2,42,216
05/07/2021,HYA,MA,ANE,EN,Federal Contract Tower,0,30,18,0,48,0,56,77,0,133,0,86,95,0,181,44,0,44,225
05/08/2021,HYA,MA,ANE,EN,Federal Contract Tower,0,8,9,0,17,0,30,34,0,64,0,38,43,0,81,2,0,2,83
05/09/2021,HYA,MA,ANE,EN,Federal Contract Tower,0,15,4,0,19,0,54,55,0,109,0,69,59,0,128,44,0,44,172
05/10/2021,HYA,MA,ANE,EN,Federal Contract Tower,0,44,23,0,67,0,58,36,0,94,0,102,59,0,161,6,16,22,183
05/11/2021,HYA,MA,ANE,EN,Federal Contract Tower,0,12,9,0,21,0,68,61,0,129,0,80,70,0,150,0,0,0,150
05/12/2021,HYA,MA,ANE,EN,Federal Contract Tower,0,12,8,0,20,0,73,54,0,127,0,85,62,0,147,30,12,42,189
05/13/2021,HYA,MA,ANE,EN,Federal Contract Tower,0,18,20,0,38,0,75,66,0,141,0,93,86,0,179,16,12,28,207
05/14/2021,HYA,MA,ANE,EN,Federal Contract Tower,0,18,6,0,24,0,62,58,0,120,0,80,64,0,144,42,0,42,186
05/15/2021,HYA,MA,ANE,EN,Federal Contract Tower,0,25,8,0,33,0,42,34,0,76,0,67,42,0,109,0,0,0,109
05/16/2021,HYA,MA,ANE,EN,Federal Contract Tower,0,15,15,0,30,0,41,49,0,90,0,56,64,0,120,20,0,20,140
05/17/2021,HYA,MA,ANE,EN,Federal Contract Tower,0,10,12,0,22,0,99,72,0,171,0,109,84,0,193,40,0,40,233
05/18/2021,HYA,MA,ANE,EN,Federal Contract Tower,0,31,8,1,40,0,91,84,2,177,0,122,92,3,217,0,4,4,221
05/19/2021,HYA,MA,ANE,EN,Federal Contract Tower,0,35,12,2,49,0,93,77,0,170,0,128,89,2,219,26,40,66,285
05/20/2021,HYA,MA,ANE,EN,Federal Contract Tower,0,44,26,0,70,0,84,74,0,158,0,128,100,0,228,44,28,72,300
05/21/2021,HYA,MA,ANE,EN,Federal Contract Tower,0,51,29,0,80,0,36,53,0,89,0,87,82,0,169,42,0,42,211
05/22/2021,HYA,MA,ANE,EN,Federal Contract Tower,0,50,17,0,67,0,49,48,0,97,0,99,65,0,164,2,0,2,166
05/23/2021,HYA,MA,ANE,EN,Federal Contract Tower,0,26,13,0,39,0,54,52,0,106,0,80,65,0,145,6,0,6,151
05/24/2021,HYA,MA,ANE,EN,Federal Contract Tower,0,12,7,0,19,0,79,75,0,154,0,91,82,0,173,49,0,49,222
05/25/2021,HYA,MA,ANE,EN,Federal Contract Tower,0,15,10,0,25,0,79,62,0,141,0,94,72,0,166,29,0,29,195
05/26/2021,HYA,MA,ANE,EN,Federal Contract Tower,0,64,38,0,102,0,16,17,3,36,0,80,55,3,138,0,24,24,162
05/27/2021,HYA,MA,ANE,EN,Federal Contract Tower,0,39,15,0,54,0,74,79,0,153,0,113,94,0,207,38,0,38,245
05/28/2021,HYA,MA,ANE,EN,Federal Contract Tower,0,25,28,0,53,0,67,77,0,144,0,92,105,0,197,67,0,67,264
05/29/2021,HYA,MA,ANE,EN,Federal Contract Tower,0,58,11,0,69,0,1,3,0,4,0,59,14,0,73,0,0,0,73
05/30/2021,HYA,MA,ANE,EN,Federal Contract Tower,0,42,15,0,57,0,0,0,0,0,0,42,15,0,57,0,0,0,57
05/31/2021,HYA,MA,ANE,EN,Federal Contract Tower,0,69,27,0,96,0,0,0,0,0,0,69,27,0,96,0,0,0,96
06/01/2021,HYA,MA,ANE,EN,Federal Contract Tower,0,26,14,0,40,0,113,93,0,206,0,139,107,0,246,72,0,72,318
06/02/2021,HYA,MA,ANE,EN,Federal Contract Tower,0,46,9,0,55,0,95,79,0,174,0,141,88,0,229,10,0,10,239
06/03/2021,HYA,MA,ANE,EN,Federal Contract Tower,0,73,23,0,96,0,0,0,0,0,0,73,23,0,96,0,0,0,96
06/04/2021,HYA,MA,ANE,EN,Federal Contract Tower,0,92,33,0,125,0,0,0,0,0,0,92,33,0,125,0,0,0,125
06/05/2021,HYA,MA,ANE,EN,Federal Contract Tower,0,40,20,0,60,0,43,61,0,104,0,83,81,0,164,8,0,8,172
06/06/2021,HYA,MA,ANE,EN,Federal Contract Tower,0,26,18,0,44,0,40,59,0,99,0,66,77,0,143,0,0,0,143
06/07/2021,HYA,MA,ANE,EN,Federal Contract Tower,0,33,18,0,51,0,59,45,0,104,0,92,63,0,155,14,0,14,169
06/08/2021,HYA,MA,ANE,EN,Federal Contract Tower,0,58,26,0,84,0,55,71,0,126,0,113,97,0,210,32,0,32,242
06/09/2021,HYA,MA,ANE,EN,Federal Contract Tower,0,54,24,0,78,0,72,55,0,127,0,126,79,0,205,54,0,54,259
06/10/2021,HYA,MA,ANE,EN,Federal Contract Tower,0,28,26,1,55,0,80,57,1,138,0,108,83,2,193,52,0,52,245
06/11/2021,HYA,MA,ANE,EN,Federal Contract Tower,0,24,24,0,48,0,76,84,0,160,0,100,108,0,208,82,2,84,292
06/12/2021,HYA,MA,ANE,EN,Federal Contract Tower,0,56,20,4,80,0,20,22,0,42,0,76,42,4,122,14,0,14,136
06/13/2021,HYA,MA,ANE,EN,Federal Contract Tower,0,25,30,0,55,0,58,44,0,102,0,83,74,0,157,22,0,22,179
06/14/2021,HYA,MA,ANE,EN,Federal Contract Tower,0,30,13,0,43,0,80,39,5,124,0,110,52,5,167,50,0,50,217
06/15/2021,HYA,MA,ANE,EN,Federal Contract Tower,0,70,36,0,106,0,53,26,0,79,0,123,62,0,185,34,0,34,219
06/16/2021,HYA,MA,ANE,EN,Federal Contract Tower,0,20,20,0,40,0,82,82,0,164,0,102,102,0,204,35,0,35,239
06/17/2021,HYA,MA,ANE,EN,Federal Contract Tower,2,41,25,0,68,0,72,88,1,161,2,113,113,1,229,41,0,41,270
06/18/2021,HYA,MA,ANE,EN,Federal Contract Tower,2,17,19,0,38,0,86,101,0,187,2,103,120,0,225,52,0,52,277
06/19/2021,HYA,MA,ANE,EN,Federal Contract Tower,2,21,13,0,36,0,45,55,0,100,2,66,68,0,136,14,12,26,162
06/20/2021,HYA,MA,ANE,EN,Federal Contract Tower,2,22,27,0,51,0,41,85,0,126,2,63,112,0,177,48,0,48,225
06/21/2021,HYA,MA,ANE,EN,Federal Contract Tower,2,102,34,0,138,0,0,0,0,0,2,102,34,0,138,0,0,0,138
06/22/2021,HYA,MA,ANE,EN,Federal Contract Tower,2,49,29,0,80,0,50,25,0,75,2,99,54,0,155,26,0,26,181
06/23/2021,HYA,MA,ANE,EN,Federal Contract Tower,1,36,20,0,57,0,85,111,0,196,1,121,131,0,253,44,0,44,297
06/24/2021,HYA,MA,ANE,EN,Federal Contract Tower,2,40,11,0,53,0,80,70,0,150,2,120,81,0,203,57,0,57,260
06/25/2021,HYA,MA,ANE,EN,Federal Contract Tower,0,105,58,0,163,0,0,1,2,3,0,105,59,2,166,0,0,0,166
06/26/2021,HYA,MA,ANE,EN,Federal Contract Tower,2,96,46,0,144,0,0,8,0,8,2,96,54,0,152,0,0,0,152
06/27/2021,HYA,MA,ANE,EN,Federal Contract Tower,2,84,47,0,133,0,21,15,0,36,2,105,62,0,169,10,0,10,179
06/28/2021,HYA,MA,ANE,EN,Federal Contract Tower,2,51,22,0,75,0,70,57,0,127,2,121,79,0,202,13,0,13,215
06/29/2021,HYA,MA,ANE,EN,Federal Contract Tower,2,36,15,0,53,0,78,81,2,161,2,114,96,2,214,66,0,66,280
06/30/2021,HYA,MA,ANE,EN,Federal Contract Tower,2,28,14,0,44,0,82,79,0,161,2,110,93,0,205,48,0,48,253
07/01/2021,HYA,MA,ANE,EN,Federal Contract Tower,2,67,38,0,107,0,74,61,0,135,2,141,99,0,242,60,0,60,302
07/02/2021,HYA,MA,ANE,EN,Federal Contract Tower,2,108,52,0,162,0,0,0,0,0,2,108,52,0,162,0,0,0,162
07/03/2021,HYA,MA,ANE,EN,Federal Contract Tower,2,91,28,0,121,0,0,0,0,0,2,91,28,0,121,0,0,0,121
07/04/2021,HYA,MA,ANE,EN,Federal Contract Tower,2,37,20,0,59,0,19,28,0,47,2,56,48,0,106,10,0,10,116
07/05/2021,HYA,MA,ANE,EN,Federal Contract Tower,2,40,35,0,77,0,50,73,0,123,2,90,108,0,200,14,0,14,214
07/06/2021,HYA,MA,ANE,EN,Federal Contract Tower,2,40,18,0,60,0,84,70,0,154,2,124,88,0,214,18,0,18,232
07/07/2021,HYA,MA,ANE,EN,Federal Contract Tower,2,44,27,0,73,0,95,106,4,205,2,139,133,4,278,66,0,66,344
07/08/2021,HYA,MA,ANE,EN,Federal Contract Tower,2,116,52,0,170,0,14,11,0,25,2,130,63,0,195,10,0,10,205
07/09/2021,HYA,MA,ANE,EN,Federal Contract Tower,0,23,19,0,42,0,7,9,0,16,0,30,28,0,58,0,0,0,58
07/10/2021,HYA,MA,ANE,EN,Federal Contract Tower,2,77,65,0,144,0,5,5,0,10,2,82,70,0,154,0,0,0,154
07/11/2021,HYA,MA,ANE,EN,Federal Contract Tower,2,50,48,0,100,0,57,52,0,109,2,107,100,0,209,60,0,60,269
07/12/2021,HYA,MA,ANE,EN,Federal Contract Tower,2,118,37,0,157,0,6,2,0,8,2,124,39,0,165,0,0,0,165
07/13/2021,HYA,MA,ANE,EN,Federal Contract Tower,2,85,62,2,151,0,0,0,0,0,2,85,62,2,151,0,0,0,151
07/14/2021,HYA,MA,ANE,EN,Federal Contract Tower,2,94,47,2,145,0,0,0,0,0,2,94,47,2,145,0,0,0,145
07/15/2021,HYA,MA,ANE,EN,Federal Contract Tower,2,80,43,0,125,0,22,31,0,53,2,102,74,0,178,4,0,4,182
07/16/2021,HYA,MA,ANE,EN,Federal Contract Tower,2,102,61,0,165,0,29,54,0,83,2,131,115,0,248,51,0,51,299
07/17/2021,HYA,MA,ANE,EN,Federal Contract Tower,2,80,48,0,130,0,23,23,0,46,2,103,71,0,176,20,0,20,196
07/18/2021,HYA,MA,ANE,EN,Federal Contract Tower,2,96,45,0,143,0,16,17,0,33,2,112,62,0,176,10,0,10,186
07/19/2021,HYA,MA,ANE,EN,Federal Contract Tower,2,66,33,0,101,0,54,27,0,81,2,120,60,0,182,20,0,20,202
07/20/2021,HYA,MA,ANE,EN,Federal Contract Tower,2,40,33,21,96,0,76,78,3,157,2,116,111,24,253,114,0,114,367
07/21/2021,HYA,MA,ANE,EN,Federal Contract Tower,2,55,27,0,84,0,60,49,2,111,2,115,76,2,195,36,0,36,231
07/22/2021,HYA,MA,ANE,EN,Federal Contract Tower,2,38,36,0,76,0,85,81,1,167,2,123,117,1,243,50,3,53,296
07/23/2021,HYA,MA,ANE,EN,Federal Contract Tower,2,43,21,0,66,0,74,92,1,167,2,117,113,1,233,40,1,41,274
07/24/2021,HYA,MA,ANE,EN,Federal Contract Tower,2,38,33,0,73,0,54,67,0,121,2,92,100,0,194,24,0,24,218
07/25/2021,HYA,MA,ANE,EN,Federal Contract Tower,2,60,35,0,97,0,30,28,0,58,2,90,63,0,155,0,0,0,155
07/26/2021,HYA,MA,ANE,EN,Federal Contract Tower,2,65,17,0,84,0,66,70,0,136,2,131,87,0,220,88,0,88,308
07/27/2021,HYA,MA,ANE,EN,Federal Contract Tower,2,42,11,0,55,0,135,102,2,239,2,177,113,2,294,60,0,60,354
07/28/2021,HYA,MA,ANE,EN,Federal Contract Tower,2,68,31,0,101,0,59,50,0,109,2,127,81,0,210,14,0,14,224
07/29/2021,HYA,MA,ANE,EN,Federal Contract Tower,2,62,16,0,80,0,94,58,0,152,2,156,74,0,232,35,0,35,267
07/30/2021,HYA,MA,ANE,EN,Federal Contract Tower,2,42,42,0,86,0,67,53,2,122,2,109,95,2,208,8,0,8,216
07/31/2021,HYA,MA,ANE,EN,Federal Contract Tower,2,36,17,0,55,0,62,75,0,137,2,98,92,0,192,28,0,28,220
08/02/2021,HYA,MA,ANE,EN,Federal Contract Tower,2,41,24,0,67,0,88,81,0,169,2,129,105,0,236,64,14,78,314
08/03/2021,HYA,MA,ANE,EN,Federal Contract Tower,2,30,22,0,54,0,84,84,0,168,2,114,106,0,222,72,0,72,294
08/04/2021,HYA,MA,ANE,EN,Federal Contract Tower,2,53,30,0,85,0,75,58,0,133,2,128,88,0,218,18,0,18,236
08/05/2021,HYA,MA,ANE,EN,Federal Contract Tower,2,101,56,0,159,0,0,3,0,3,2,101,59,0,162,0,0,0,162
08/06/2021,HYA,MA,ANE,EN,Federal Contract Tower,2,58,39,0,99,0,102,98,0,200,2,160,137,0,299,48,34,82,381
08/07/2021,HYA,MA,ANE,EN,Federal Contract Tower,2,44,22,2,70,0,51,64,0,115,2,95,86,2,185,12,0,12,197
08/08/2021,HYA,MA,ANE,EN,Federal Contract Tower,2,60,32,0,94,0,45,66,0,111,2,105,98,0,205,8,0,8,213
08/09/2021,HYA,MA,ANE,EN,Federal Contract Tower,2,108,31,0,141,0,22,11,0,33,2,130,42,0,174,0,0,0,174
08/10/2021,HYA,MA,ANE,EN,Federal Contract Tower,2,119,37,0,158,0,28,22,0,50,2,147,59,0,208,0,0,0,208
08/11/2021,HYA,MA,ANE,EN,Federal Contract Tower,2,77,43,0,122,0,36,33,0,69,2,113,76,0,191,2,0,2,193
08/12/2021,HYA,MA,ANE,EN,Federal Contract Tower,2,70,64,0,136,0,60,68,0,128,2,130,132,0,264,14,0,14,278
08/13/2021,HYA,MA,ANE,EN,Federal Contract Tower,2,36,26,0,64,0,69,75,0,144,2,105,101,0,208,0,0,0,208
08/14/2021,HYA,MA,ANE,EN,Federal Contract Tower,2,53,30,0,85,0,61,46,0,107,2,114,76,0,192,20,0,20,212
08/15/2021,HYA,MA,ANE,EN,Federal Contract Tower,2,54,40,0,96,0,61,96,0,157,2,115,136,0,253,32,0,32,285
08/16/2021,HYA,MA,ANE,EN,Federal Contract Tower,2,31,22,0,55,0,100,74,0,174,2,131,96,0,229,28,0,28,257
08/17/2021,HYA,MA,ANE,EN,Federal Contract Tower,2,18,30,0,50,0,85,85,0,170,2,103,115,0,220,74,0,74,294
08/18/2021,HYA,MA,ANE,EN,Federal Contract Tower,2,50,37,1,90,0,100,98,0,198,2,150,135,1,288,46,0,46,334
08/19/2021,HYA,MA,ANE,EN,Federal Contract Tower,2,109,36,0,147,0,5,5,0,10,2,114,41,0,157,0,0,0,157
08/20/2021,HYA,MA,ANE,EN,Federal Contract Tower,2,61,22,0,85,0,73,56,0,129,2,134,78,0,214,46,0,46,260
08/21/2021,HYA,MA,ANE,EN,Federal Contract Tower,2,95,42,0,139,0,43,44,0,87,2,138,86,0,226,8,0,8,234
08/22/2021,HYA,MA,ANE,EN,Federal Contract Tower,0,6,0,0,6,0,0,0,0,0,0,6,0,0,6,0,0,0,6
08/23/2021,HYA,MA,ANE,EN,Federal Contract Tower,2,67,32,4,105,0,21,17,0,38,2,88,49,4,143,2,0,2,145
08/24/2021,HYA,MA,ANE,EN,Federal Contract Tower,2,75,42,1,120,0,33,35,0,68,2,108,77,1,188,28,0,28,216
08/25/2021,HYA,MA,ANE,EN,Federal Contract Tower,2,31,30,0,63,0,87,93,0,180,2,118,123,0,243,42,0,42,285
08/26/2021,HYA,MA,ANE,EN,Federal Contract Tower,2,42,19,0,63,0,83,78,0,161,2,125,97,0,224,34,0,34,258
08/27/2021,HYA,MA,ANE,EN,Federal Contract Tower,0,2,49,30,81,0,0,0,0,0,0,2,49,30,81,40,0,40,121
08/28/2021,HYA,MA,ANE,EN,Federal Contract Tower,2,32,29,0,63,0,43,55,9,107,2,75,84,9,170,18,0,18,188
08/29/2021,HYA,MA,ANE,EN,Federal Contract Tower,2,56,48,0,106,0,36,32,2,70,2,92,80,2,176,0,0,0,176
08/30/2021,HYA,MA,ANE,EN,Federal Contract Tower,2,48,30,0,80,0,71,36,2,109,2,119,66,2,189,40,0,40,229
08/31/2021,HYA,MA,ANE,EN,Federal Contract Tower,2,41,17,0,60,0,101,78,0,179,2,142,95,0,239,88,0,88,327
09/01/2021,HYA,MA,ANE,EN,Federal Contract Tower,2,49,22,0,73,0,78,45,0,123,2,127,67,0,196,6,0,6,202
09/02/2021,HYA,MA,ANE,EN,Federal Contract Tower,0,42,35,0,77,0,38,18,0,56,0,80,53,0,133,0,0,0,133
09/03/2021,HYA,MA,ANE,EN,Federal Contract Tower,2,30,20,0,52,0,0,0,0,0,2,30,20,0,52,72,0,72,124
09/04/2021,HYA,MA,ANE,EN,Federal Contract Tower,2,22,17,0,41,0,56,57,0,113,2,78,74,0,154,38,0,38,192
09/05/2021,HYA,MA,ANE,EN,Federal Contract Tower,2,31,16,0,49,0,43,27,0,70,2,74,43,0,119,12,0,12,131
09/06/2021,HYA,MA,ANE,EN,Federal Contract Tower,2,70,37,0,109,0,29,32,0,61,2,99,69,0,170,20,0,20,190
09/07/2021,HYA,MA,ANE,EN,Federal Contract Tower,2,36,26,0,64,0,75,74,0,149,2,111,100,0,213,46,0,46,259
09/09/2021,HYA,MA,ANE,EN,Federal Contract Tower,2,78,20,0,100,0,24,7,0,31,2,102,27,0,131,0,0,0,131
09/10/2021,HYA,MA,ANE,EN,Federal Contract Tower,2,28,22,0,52,0,0,0,0,0,2,28,22,0,52,38,2,40,92
09/11/2021,HYA,MA,ANE,EN,Federal Contract Tower,2,23,17,0,42,0,56,61,0,117,2,79,78,0,159,22,0,22,181
09/12/2021,HYA,MA,ANE,EN,Federal Contract Tower,2,29,22,0,53,0,46,45,0,91,2,75,67,0,144,20,0,20,164
09/13/2021,HYA,MA,ANE,EN,Federal Contract Tower,2,39,9,0,50,0,90,35,0,125,2,129,44,0,175,22,0,22,197
09/14/2021,HYA,MA,ANE,EN,Federal Contract Tower,2,27,9,0,38,0,65,77,0,142,2,92,86,0,180,56,4,60,240
09/15/2021,HYA,MA,ANE,EN,Federal Contract Tower,0,74,25,0,99,0,40,30,0,70,0,114,55,0,169,14,0,14,183
09/16/2021,HYA,MA,ANE,EN,Federal Contract Tower,2,56,31,0,89,0,21,19,0,40,2,77,50,0,129,4,0,4,133
09/17/2021,HYA,MA,ANE,EN,Federal Contract Tower,0,2,87,45,134,0,19,5,0,24,0,21,92,45,158,0,0,0,158
09/18/2021,HYA,MA,ANE,EN,Federal Contract Tower,2,70,25,0,97,0,0,0,0,0,2,70,25,0,97,0,0,0,97
09/19/2021,HYA,MA,ANE,EN,Federal Contract Tower,2,31,22,0,55,0,47,39,0,86,2,78,61,0,141,42,0,42,183
09/20/2021,HYA,MA,ANE,EN,Federal Contract Tower,2,15,21,0,38,0,83,84,0,167,2,98,105,0,205,24,0,24,229
09/21/2021,HYA,MA,ANE,EN,Federal Contract Tower,2,24,11,0,37,0,70,58,0,128,2,94,69,0,165,22,0,22,187
09/22/2021,HYA,MA,ANE,EN,Federal Contract Tower,2,15,24,10,51,0,68,56,0,124,2,83,80,10,175,52,0,52,227
09/23/2021,HYA,MA,ANE,EN,Federal Contract Tower,2,23,18,0,43,0,73,58,2,133,2,96,76,2,176,52,0,52,228
09/24/2021,HYA,MA,ANE,EN,Federal Contract Tower,2,39,26,0,67,0,49,20,0,69,2,88,46,0,136,10,0,10,146
09/25/2021,HYA,MA,ANE,EN,Federal Contract Tower,2,40,20,0,62,0,17,9,0,26,2,57,29,0,88,0,0,0,88
09/26/2021,HYA,MA,ANE,EN,Federal Contract Tower,3,40,30,0,73,0,37,41,0,78,3,77,71,0,151,10,0,10,161
09/27/2021,HYA,MA,ANE,EN,Federal Contract Tower,2,19,15,0,36,0,87,55,0,142,2,106,70,0,178,33,0,33,211
09/28/2021,HYA,MA,ANE,EN,Federal Contract Tower,3,29,11,2,45,0,84,41,2,127,3,113,52,4,172,40,0,40,212
09/29/2021,HYA,MA,ANE,EN,Federal Contract Tower,2,35,24,0,61,0,72,66,0,138,2,107,90,0,199,58,0,58,257
09/30/2021,HYA,MA,ANE,EN,Federal Contract Tower,2,21,16,0,39,0,85,52,0,137,2,106,68,0,176,70,0,70,246
10/01/2021,HYA,MA,ANE,EN,Federal Contract Tower,2,16,14,1,33,0,77,60,0,137,2,93,74,1,170,76,0,76,246
10/02/2021,HYA,MA,ANE,EN,Federal Contract Tower,2,24,16,0,42,0,52,44,0,96,2,76,60,0,138,24,0,24,162
10/03/2021,HYA,MA,ANE,EN,Federal Contract Tower,2,30,23,0,55,0,35,41,0,76,2,65,64,0,131,14,0,14,145
10/04/2021,HYA,MA,ANE,EN,Federal Contract Tower,2,77,34,6,119,0,0,0,0,0,2,77,34,6,119,0,0,0,119
10/05/2021,HYA,MA,ANE,EN,Federal Contract Tower,0,76,37,0,113,0,0,0,0,0,0,76,37,0,113,0,0,0,113
10/06/2021,HYA,MA,ANE,EN,Federal Contract Tower,0,27,27,0,54,0,49,53,0,102,0,76,80,0,156,30,0,30,186
10/07/2021,HYA,MA,ANE,EN,Federal Contract Tower,2,21,20,0,43,0,86,55,0,141,2,107,75,0,184,49,0,49,233
10/08/2021,HYA,MA,ANE,EN,Federal Contract Tower,2,44,18,0,64,0,77,71,0,148,2,121,89,0,212,56,0,56,268
10/09/2021,HYA,MA,ANE,EN,Federal Contract Tower,0,33,14,0,47,0,0,0,0,0,0,33,14,0,47,15,0,15,62
10/10/2021,HYA,MA,ANE,EN,Federal Contract Tower,2,22,22,0,46,0,24,25,0,49,2,46,47,0,95,14,0,14,109
10/11/2021,HYA,MA,ANE,EN,Federal Contract Tower,2,29,15,0,46,0,47,30,0,77,2,76,45,0,123,26,0,26,149
10/12/2021,HYA,MA,ANE,EN,Federal Contract Tower,0,28,19,1,48,0,57,53,2,112,0,85,72,3,160,50,14,64,224
10/13/2021,HYA,MA,ANE,EN,Federal Contract Tower,0,27,15,9,51,0,68,65,0,133,0,95,80,9,184,66,18,84,268
10/14/2021,HYA,MA,ANE,EN,Federal Contract Tower,2,57,28,0,87,0,40,35,0,75,2,97,63,0,162,12,0,12,174
10/15/2021,HYA,MA,ANE,EN,Federal Contract Tower,2,71,51,0,124,0,3,3,0,6,2,74,54,0,130,0,0,0,130
10/16/2021,HYA,MA,ANE,EN,Federal Contract Tower,0,22,14,0,36,0,48,33,0,81,0,70,47,0,117,57,0,57,174
10/17/2021,HYA,MA,ANE,EN,Federal Contract Tower,2,16,17,0,35,0,29,33,0,62,2,45,50,0,97,24,0,24,121
10/18/2021,HYA,MA,ANE,EN,Federal Contract Tower,2,18,15,0,35,0,78,47,0,125,2,96,62,0,160,32,0,32,192
10/19/2021,HYA,MA,ANE,EN,Federal Contract Tower,0,14,8,0,22,0,52,48,0,100,0,66,56,0,122,58,0,58,180
10/20/2021,HYA,MA,ANE,EN,Federal Contract Tower,0,35,10,0,45,0,63,69,2,134,0,98,79,2,179,52,0,52,231
10/21/2021,HYA,MA,ANE,EN,Federal Contract Tower,0,16,11,0,27,0,61,59,0,120,0,77,70,0,147,36,0,36,183
10/22/2021,HYA,MA,ANE,EN,Federal Contract Tower,0,12,14,0,26,0,60,47,0,107,0,72,61,0,133,32,0,32,165
10/23/2021,HYA,MA,ANE,EN,Federal Contract Tower,0,20,10,0,30,0,42,49,0,91,0,62,59,0,121,46,0,46,167
10/24/2021,HYA,MA,ANE,EN,Federal Contract Tower,0,9,7,0,16,0,34,47,0,81,0,43,54,0,97,12,0,12,109
10/26/2021,HYA,MA,ANE,EN,Federal Contract Tower,0,20,1,0,21,0,12,12,0,24,0,32,13,0,45,0,0,0,45
10/29/2021,HYA,MA,ANE,EN,Federal Contract Tower,0,21,8,0,29,0,58,34,0,92,0,79,42,0,121,18,0,18,139
10/30/2021,HYA,MA,ANE,EN,Federal Contract Tower,0,50,7,0,57,0,2,1,0,3,0,52,8,0,60,0,0,0,60
10/31/2021,HYA,MA,ANE,EN,Federal Contract Tower,0,24,33,0,57,0,13,19,0,32,0,37,52,0,89,16,0,16,105
11/01/2021,HYA,MA,ANE,EN,Federal Contract Tower,0,14,11,0,25,0,62,33,2,97,0,76,44,2,122,32,0,32,154
11/02/2021,HYA,MA,ANE,EN,Federal Contract Tower,0,16,6,0,22,0,50,42,0,92,0,66,48,0,114,24,0,24,138
11/03/2021,HYA,MA,ANE,EN,Federal Contract Tower,0,10,17,0,27,0,64,47,0,111,0,74,64,0,138,34,0,34,172
11/04/2021,HYA,MA,ANE,EN,Federal Contract Tower,0,12,14,0,26,0,66,46,0,112,0,78,60,0,138,74,0,74,212
11/05/2021,HYA,MA,ANE,EN,Federal Contract Tower,0,11,10,0,21,0,69,52,0,121,0,80,62,0,142,0,0,0,142
11/06/2021,HYA,MA,ANE,EN,Federal Contract Tower,0,3,15,0,18,0,45,85,0,130,0,48,100,0,148,16,0,16,164
11/07/2021,HYA,MA,ANE,EN,Federal Contract Tower,0,7,14,0,21,0,25,33,0,58,0,32,47,0,79,30,0,30,109
11/08/2021,HYA,MA,ANE,EN,Federal Contract Tower,0,9,8,0,17,0,55,29,0,84,0,64,37,0,101,12,0,12,113
11/09/2021,HYA,MA,ANE,EN,Federal Contract Tower,0,18,10,0,28,0,72,49,0,121,0,90,59,0,149,30,0,30,179
11/10/2021,HYA,MA,ANE,EN,Federal Contract Tower,0,10,2,0,12,0,65,51,0,116,0,75,53,0,128,104,0,104,232
11/11/2021,HYA,MA,ANE,EN,Federal Contract Tower,0,14,22,0,36,0,61,53,1,115,0,75,75,1,151,58,10,68,219
11/12/2021,HYA,MA,ANE,EN,Federal Contract Tower,0,36,9,2,47,0,31,11,0,42,0,67,20,2,89,0,0,0,89
11/13/2021,HYA,MA,ANE,EN,Federal Contract Tower,0,18,8,0,26,0,32,33,0,65,0,50,41,0,91,44,0,44,135
11/14/2021,HYA,MA,ANE,EN,Federal Contract Tower,0,9,5,0,14,0,20,38,0,58,0,29,43,0,72,29,2,31,103
11/15/2021,HYA,MA,ANE,EN,Federal Contract Tower,0,17,3,2,22,0,68,27,0,95,0,85,30,2,117,40,0,40,157
11/16/2021,HYA,MA,ANE,EN,Federal Contract Tower,0,8,8,1,17,0,57,44,0,101,0,65,52,1,118,44,10,54,172
11/17/2021,HYA,MA,ANE,EN,Federal Contract Tower,0,12,10,2,24,0,62,48,0,110,0,74,58,2,134,62,0,62,196
11/18/2021,HYA,MA,ANE,EN,Federal Contract Tower,0,22,14,1,37,0,0,62,49,111,0,22,76,50,148,40,0,40,188
11/19/2021,HYA,MA,ANE,EN,Federal Contract Tower,0,12,16,0,28,0,66,53,0,119,0,78,69,0,147,0,14,14,161
11/20/2021,HYA,MA,ANE,EN,Federal Contract Tower,0,13,12,0,25,0,34,31,8,73,0,47,43,8,98,40,0,40,138
11/21/2021,HYA,MA,ANE,EN,Federal Contract Tower,0,26,9,0,35,0,28,24,0,52,0,54,33,0,87,2,0,2,89
11/22/2021,HYA,MA,ANE,EN,Federal Contract Tower,0,45,14,0,59,0,40,20,0,60,0,85,34,0,119,18,0,18,137
11/23/2021,HYA,MA,ANE,EN,Federal Contract Tower,0,32,21,0,53,0,43,28,0,71,0,75,49,0,124,6,0,6,130
11/24/2021,HYA,MA,ANE,EN,Federal Contract Tower,0,58,21,0,79,0,16,20,0,36,0,74,41,0,115,0,0,0,115
11/25/2021,HYA,MA,ANE,EN,Federal Contract Tower,0,41,9,0,50,0,5,4,0,9,0,46,13,0,59,0,0,0,59
11/26/2021,HYA,MA,ANE,EN,Federal Contract Tower,0,41,14,0,55,0,1,0,0,1,0,42,14,0,56,0,0,0,56
11/27/2021,HYA,MA,ANE,EN,Federal Contract Tower,0,44,19,0,63,0,4,5,0,9,0,48,24,0,72,0,0,0,72
11/28/2021,HYA,MA,ANE,EN,Federal Contract Tower,0,44,14,0,58,0,23,22,1,46,0,67,36,1,104,0,0,0,104
11/29/2021,HYA,MA,ANE,EN,Federal Contract Tower,0,18,9,0,27,0,46,22,8,76,0,64,31,8,103,0,0,0,103
11/30/2021,HYA,MA,ANE,EN,Federal Contract Tower,0,22,11,0,33,0,49,47,0,96,0,71,58,0,129,22,6,28,157
12/01/2021,HYA,MA,ANE,EN,Federal Contract Tower,0,11,10,0,21,0,58,55,0,113,0,69,65,0,134,8,0,8,142
12/02/2021,HYA,MA,ANE,EN,Federal Contract Tower,0,11,9,0,20,0,71,50,1,122,0,82,59,1,142,16,0,16,158
12/03/2021,HYA,MA,ANE,EN,Federal Contract Tower,0,13,5,0,18,0,65,42,0,107,0,78,47,0,125,12,0,12,137
12/04/2021,HYA,MA,ANE,EN,Federal Contract Tower,0,8,3,0,11,0,49,26,0,75,0,57,29,0,86,17,0,17,103
12/05/2021,HYA,MA,ANE,EN,Federal Contract Tower,0,7,11,0,18,0,40,58,0,98,0,47,69,0,116,20,0,20,136
12/06/2021,HYA,MA,ANE,EN,Federal Contract Tower,0,40,9,0,49,0,21,12,0,33,0,61,21,0,82,0,0,0,82
12/07/2021,HYA,MA,ANE,EN,Federal Contract Tower,0,15,5,0,20,0,48,38,0,86,0,63,43,0,106,20,0,20,126
12/08/2021,HYA,MA,ANE,EN,Federal Contract Tower,0,24,15,0,39,0,24,26,0,50,0,48,41,0,89,0,0,0,89
12/09/2021,HYA,MA,ANE,EN,Federal Contract Tower,0,15,1,0,16,0,64,50,0,114,0,79,51,0,130,24,0,24,154
12/10/2021,HYA,MA,ANE,EN,Federal Contract Tower,0,11,11,0,22,0,58,41,0,99,0,69,52,0,121,32,0,32,153
12/11/2021,HYA,MA,ANE,EN,Federal Contract Tower,0,11,6,0,17,0,0,0,0,0,0,11,6,0,17,0,0,0,17
12/12/2021,HYA,MA,ANE,EN,Federal Contract Tower,0,9,0,0,9,0,46,23,0,69,0,55,23,0,78,0,0,0,78
12/13/2021,HYA,MA,ANE,EN,Federal Contract Tower,0,8,5,0,13,0,48,58,0,106,0,56,63,0,119,56,0,56,175
12/14/2021,HYA,MA,ANE,EN,Federal Contract Tower,0,23,7,0,30,0,86,72,0,158,0,109,79,0,188,70,0,70,258
12/15/2021,HYA,MA,ANE,EN,Federal Contract Tower,0,30,6,0,36,0,52,45,0,97,0,82,51,0,133,52,0,52,185
12/16/2021,HYA,MA,ANE,EN,Federal Contract Tower,0,36,11,0,47,0,54,30,0,84,0,90,41,0,131,10,0,10,141
12/17/2021,HYA,MA,ANE,EN,Federal Contract Tower,0,15,3,0,18,0,69,62,0,131,0,84,65,0,149,90,0,90,239
12/18/2021,HYA,MA,ANE,EN,Federal Contract Tower,0,9,7,0,16,0,40,16,0,56,0,49,23,0,72,20,0,20,92
12/19/2021,HYA,MA,ANE,EN,Federal Contract Tower,0,23,11,0,34,0,11,2,0,13,0,34,13,0,47,0,0,0,47
12/20/2021,HYA,MA,ANE,EN,Federal Contract Tower,0,12,7,0,19,0,64,55,0,119,0,76,62,0,138,60,0,60,198
12/21/2021,HYA,MA,ANE,EN,Federal Contract Tower,0,15,13,0,28,0,47,59,1,107,0,62,72,1,135,32,2,34,169
12/22/2021,HYA,MA,ANE,EN,Federal Contract Tower,0,43,12,0,55,0,9,11,0,20,0,52,23,0,75,0,0,0,75
12/23/2021,HYA,MA,ANE,EN,Federal Contract Tower,0,9,7,0,16,0,65,43,0,108,0,74,50,0,124,20,0,20,144
12/24/2021,HYA,MA,ANE,EN,Federal Contract Tower,0,19,7,0,26,0,0,0,0,0,0,19,7,0,26,0,0,0,26
12/25/2021,HYA,MA,ANE,EN,Federal Contract Tower,0,17,5,0,22,0,10,0,0,10,0,27,5,0,32,0,0,0,32
12/26/2021,HYA,MA,ANE,EN,Federal Contract Tower,0,20,8,0,28,0,18,9,0,27,0,38,17,0,55,6,0,6,61
12/27/2021,HYA,MA,ANE,EN,Federal Contract Tower,0,31,12,0,43,0,52,42,0,94,0,83,54,0,137,46,0,46,183
12/28/2021,HYA,MA,ANE,EN,Federal Contract Tower,0,39,17,0,56,0,37,19,0,56,0,76,36,0,112,38,0,38,150
12/29/2021,HYA,MA,ANE,EN,Federal Contract Tower,0,14,8,0,22,0,55,33,0,88,0,69,41,0,110,24,0,24,134
12/30/2021,HYA,MA,ANE,EN,Federal Contract Tower,0,33,20,2,55,0,46,21,0,67,0,79,41,2,122,16,0,16,138
12/31/2021,HYA,MA,ANE,EN,Federal Contract Tower,0,35,20,1,56,0,0,0,0,0,0,35,20,1,56,0,0,0,56
01/01/2022,HYA,MA,ANE,EN,Federal Contract Tower,0,13,4,0,17,0,0,0,0,0,0,13,4,0,17,0,0,0,17
01/02/2022,HYA,MA,ANE,EN,Federal Contract Tower,0,25,5,0,30,0,0,0,0,0,0,25,5,0,30,0,0,0,30
01/03/2022,HYA,MA,ANE,EN,Federal Contract Tower,0,11,15,0,26,0,27,13,0,40,0,38,28,0,66,4,0,4,70
01/04/2022,HYA,MA,ANE,EN,Federal Contract Tower,0,10,9,0,19,0,65,47,3,115,0,75,56,3,134,70,0,70,204
01/05/2022,HYA,MA,ANE,EN,Federal Contract Tower,0,13,5,0,18,0,18,17,0,35,0,31,22,0,53,8,0,8,61
01/06/2022,HYA,MA,ANE,EN,Federal Contract Tower,0,33,9,0,42,0,65,43,0,108,0,98,52,0,150,46,0,46,196
01/07/2022,HYA,MA,ANE,EN,Federal Contract Tower,0,3,1,0,4,0,0,2,0,2,0,3,3,0,6,0,0,0,6
01/08/2022,HYA,MA,ANE,EN,Federal Contract Tower,0,15,17,0,32,0,41,26,0,67,0,56,43,0,99,14,0,14,113
01/09/2022,HYA,MA,ANE,EN,Federal Contract Tower,0,7,4,2,13,0,25,10,0,35,0,32,14,2,48,0,0,0,48
01/10/2022,HYA,MA,ANE,EN,Federal Contract Tower,0,6,8,0,14,0,54,33,0,87,0,60,41,0,101,24,0,24,125
01/11/2022,HYA,MA,ANE,EN,Federal Contract Tower,0,44,2,0,46,0,38,19,0,57,0,82,21,0,103,18,0,18,121
01/12/2022,HYA,MA,ANE,EN,Federal Contract Tower,0,20,6,0,26,0,47,31,0,78,0,67,37,0,104,60,0,60,164
01/13/2022,HYA,MA,ANE,EN,Federal Contract Tower,0,10,18,0,28,0,79,61,0,140,0,89,79,0,168,87,0,87,255
01/14/2022,HYA,MA,ANE,EN,Federal Contract Tower,0,19,17,0,36,0,0,0,0,0,0,19,17,0,36,0,0,0,36
01/15/2022,HYA,MA,ANE,EN,Federal Contract Tower,0,7,5,0,12,0,27,11,0,38,0,34,16,0,50,14,0,14,64
01/16/2022,HYA,MA,ANE,EN,Federal Contract Tower,0,4,2,0,6,0,40,40,0,80,0,44,42,0,86,22,0,22,108
01/17/2022,HYA,MA,ANE,EN,Federal Contract Tower,0,12,8,0,20,0,18,14,0,32,0,30,22,0,52,4,0,4,56
01/18/2022,HYA,MA,ANE,EN,Federal Contract Tower,0,12,2,0,14,0,55,30,0,85,0,67,32,0,99,6,0,6,105
01/19/2022,HYA,MA,ANE,EN,Federal Contract Tower,0,9,2,0,11,0,61,36,0,97,0,70,38,0,108,48,0,48,156
01/20/2022,HYA,MA,ANE,EN,Federal Contract Tower,0,41,10,0,51,0,33,14,0,47,0,74,24,0,98,0,10,10,108
01/21/2022,HYA,MA,ANE,EN,Federal Contract Tower,0,38,5,0,43,0,36,12,0,48,0,74,17,0,91,20,0,20,111
01/22/2022,HYA,MA,ANE,EN,Federal Contract Tower,0,26,3,0,29,0,26,6,0,32,0,52,9,0,61,8,0,8,69
01/23/2022,HYA,MA,ANE,EN,Federal Contract Tower,0,2,4,0,6,0,21,27,0,48,0,23,31,0,54,18,0,18,72
01/24/2022,HYA,MA,ANE,EN,Federal Contract Tower,0,11,6,0,17,0,41,38,0,79,0,52,44,0,96,60,0,60,156
01/25/2022,HYA,MA,ANE,EN,Federal Contract Tower,0,22,8,2,32,0,62,30,0,92,0,84,38,2,124,56,0,56,180
01/26/2022,HYA,MA,ANE,EN,Federal Contract Tower,0,13,8,0,21,0,48,41,0,89,0,61,49,0,110,48,0,48,158
01/27/2022,HYA,MA,ANE,EN,Federal Contract Tower,0,10,10,0,20,0,61,50,0,111,0,71,60,0,131,42,0,42,173
01/28/2022,HYA,MA,ANE,EN,Federal Contract Tower,0,9,8,0,17,0,33,24,0,57,0,42,32,0,74,0,0,0,74
01/29/2022,HYA,MA,ANE,EN,Federal Contract Tower,0,0,0,0,0,0,0,0,0,0,0,0,0,0,0,0,0,0,0
01/30/2022,HYA,MA,ANE,EN,Federal Contract Tower,0,0,0,0,0,0,2,0,0,2,0,2,0,0,2,0,0,0,2
01/31/2022,HYA,MA,ANE,EN,Federal Contract Tower,0,6,4,0,10,0,10,11,0,21,0,16,15,0,31,0,0,0,31
02/01/2022,HYA,MA,ANE,EN,Federal Contract Tower,0,13,8,0,21,0,52,23,0,75,0,65,31,0,96,50,0,50,146
02/02/2022,HYA,MA,ANE,EN,Federal Contract Tower,0,42,8,0,50,0,0,4,0,4,0,42,12,0,54,0,0,0,54
02/03/2022,HYA,MA,ANE,EN,Federal Contract Tower,0,8,17,0,25,0,0,0,0,0,0,8,17,0,25,0,0,0,25
02/04/2022,HYA,MA,ANE,EN,Federal Contract Tower,0,3,10,0,13,0,0,0,0,0,0,3,10,0,13,0,0,0,13
02/05/2022,HYA,MA,ANE,EN,Federal Contract Tower,0,10,4,0,14,0,27,15,0,42,0,37,19,0,56,18,0,18,74
02/06/2022,HYA,MA,ANE,EN,Federal Contract Tower,0,6,6,0,12,0,46,45,0,91,0,52,51,0,103,26,0,26,129
02/07/2022,HYA,MA,ANE,EN,Federal Contract Tower,0,13,1,0,14,0,56,33,4,93,0,69,34,4,107,82,0,82,189
02/08/2022,HYA,MA,ANE,EN,Federal Contract Tower,0,68,17,0,85,0,6,0,0,6,0,74,17,0,91,54,0,54,145
02/09/2022,HYA,MA,ANE,EN,Federal Contract Tower,0,33,10,0,43,0,60,61,4,125,0,93,71,4,168,64,2,66,234
02/10/2022,HYA,MA,ANE,EN,Federal Contract Tower,0,15,8,0,23,0,77,44,0,121,0,92,52,0,144,89,0,89,233
02/11/2022,HYA,MA,ANE,EN,Federal Contract Tower,0,7,16,0,23,0,41,44,0,85,0,48,60,0,108,32,0,32,140
02/12/2022,HYA,MA,ANE,EN,Federal Contract Tower,0,11,11,0,22,0,48,26,0,74,0,59,37,0,96,34,0,34,130
02/13/2022,HYA,MA,ANE,EN,Federal Contract Tower,0,10,2,0,12,0,3,0,0,3,0,13,2,0,15,0,4,4,19
02/14/2022,HYA,MA,ANE,EN,Federal Contract Tower,0,14,3,0,17,0,19,12,0,31,0,33,15,0,48,0,0,0,48
02/15/2022,HYA,MA,ANE,EN,Federal Contract Tower,0,9,8,0,17,0,44,37,0,81,0,53,45,0,98,28,0,28,126
02/16/2022,HYA,MA,ANE,EN,Federal Contract Tower,0,22,2,0,24,0,52,39,0,91,0,74,41,0,115,34,0,34,149
02/17/2022,HYA,MA,ANE,EN,Federal Contract Tower,0,28,17,0,45,0,16,11,0,27,0,44,28,0,72,4,0,4,76
02/18/2022,HYA,MA,ANE,EN,Federal Contract Tower,0,9,9,0,18,0,21,20,0,41,0,30,29,0,59,28,0,28,87
02/19/2022,HYA,MA,ANE,EN,Federal Contract Tower,0,4,10,0,14,0,36,15,0,51,0,40,25,0,65,22,12,34,99
02/20/2022,HYA,MA,ANE,EN,Federal Contract Tower,0,3,4,0,7,0,23,47,0,70,0,26,51,0,77,42,0,42,119
02/21/2022,HYA,MA,ANE,EN,Federal Contract Tower,0,8,13,0,21,0,44,60,0,104,0,52,73,0,125,32,0,32,157
02/22/2022,HYA,MA,ANE,EN,Federal Contract Tower,0,35,22,2,59,0,10,4,0,14,0,45,26,2,73,4,0,4,77
02/23/2022,HYA,MA,ANE,EN,Federal Contract Tower,0,41,17,4,62,0,36,23,0,59,0,77,40,4,121,0,0,0,121
02/24/2022,HYA,MA,ANE,EN,Federal Contract Tower,0,17,6,0,23,0,80,31,0,111,0,97,37,0,134,68,0,68,202
02/25/2022,HYA,MA,ANE,EN,Federal Contract Tower,0,0,2,0,2,0,0,0,0,0,0,0,2,0,2,0,0,0,2
02/26/2022,HYA,MA,ANE,EN,Federal Contract Tower,0,3,4,0,7,0,35,17,0,52,0,38,21,0,59,30,0,30,89
02/27/2022,HYA,MA,ANE,EN,Federal Contract Tower,0,7,0,0,7,0,23,14,0,37,0,30,14,0,44,10,0,10,54
02/28/2022,HYA,MA,ANE,EN,Federal Contract Tower,0,11,5,0,16,0,40,40,0,80,0,51,45,0,96,12,12,24,120
03/01/2022,HYA,MA,ANE,EN,Federal Contract Tower,0,12,6,0,18,0,45,39,0,84,0,57,45,0,102,12,0,12,114
03/02/2022,HYA,MA,ANE,EN,Federal Contract Tower,0,13,4,0,17,0,61,61,0,122,0,74,65,0,139,38,0,38,177
03/03/2022,HYA,MA,ANE,EN,Federal Contract Tower,0,16,6,0,22,0,46,35,0,81,0,62,41,0,103,96,0,96,199
03/04/2022,HYA,MA,ANE,EN,Federal Contract Tower,0,22,11,0,33,0,42,38,0,80,0,64,49,0,113,32,0,32,145
03/05/2022,HYA,MA,ANE,EN,Federal Contract Tower,0,6,3,0,9,0,44,70,0,114,0,50,73,0,123,26,0,26,149
03/06/2022,HYA,MA,ANE,EN,Federal Contract Tower,0,12,1,0,13,0,0,0,0,0,0,12,1,0,13,0,0,0,13
03/07/2022,HYA,MA,ANE,EN,Federal Contract Tower,0,27,12,0,39,0,37,13,4,54,0,64,25,4,93,18,0,18,111
03/08/2022,HYA,MA,ANE,EN,Federal Contract Tower,0,7,3,0,10,0,77,61,0,138,0,84,64,0,148,68,0,68,216
03/09/2022,HYA,MA,ANE,EN,Federal Contract Tower,0,44,5,0,49,0,43,11,0,54,0,87,16,0,103,36,0,36,139
03/10/2022,HYA,MA,ANE,EN,Federal Contract Tower,0,22,16,0,38,0,44,35,0,79,0,66,51,0,117,38,0,38,155
03/11/2022,HYA,MA,ANE,EN,Federal Contract Tower,0,18,10,0,28,0,49,73,0,122,0,67,83,0,150,42,0,42,192
03/12/2022,HYA,MA,ANE,EN,Federal Contract Tower,0,11,2,0,13,0,0,0,0,0,0,11,2,0,13,0,0,0,13
03/13/2022,HYA,MA,ANE,EN,Federal Contract Tower,0,14,2,0,16,0,30,19,0,49,0,44,21,0,65,0,0,0,65
03/14/2022,HYA,MA,ANE,EN,Federal Contract Tower,0,9,5,0,14,0,72,52,0,124,0,81,57,0,138,38,0,38,176
03/15/2022,HYA,MA,ANE,EN,Federal Contract Tower,0,19,3,0,22,0,73,42,2,117,0,92,45,2,139,70,0,70,209
03/16/2022,HYA,MA,ANE,EN,Federal Contract Tower,0,40,12,1,53,0,51,46,0,97,0,91,58,1,150,50,4,54,204
03/17/2022,HYA,MA,ANE,EN,Federal Contract Tower,0,61,18,0,79,0,16,7,0,23,0,77,25,0,102,10,0,10,112
03/18/2022,HYA,MA,ANE,EN,Federal Contract Tower,0,50,26,0,76,0,1,0,0,1,0,51,26,0,77,0,0,0,77
03/19/2022,HYA,MA,ANE,EN,Federal Contract Tower,0,22,3,0,25,0,0,0,0,0,0,22,3,0,25,0,0,0,25
03/20/2022,HYA,MA,ANE,EN,Federal Contract Tower,0,18,7,0,25,0,23,13,0,36,0,41,20,0,61,14,0,14,75
03/21/2022,HYA,MA,ANE,EN,Federal Contract Tower,0,3,8,0,11,0,73,33,2,108,0,76,41,2,119,83,0,83,202
03/22/2022,HYA,MA,ANE,EN,Federal Contract Tower,0,8,3,0,11,0,66,44,0,110,0,74,47,0,121,42,0,42,163
03/23/2022,HYA,MA,ANE,EN,Federal Contract Tower,0,6,13,0,19,0,51,48,2,101,0,57,61,2,120,48,0,48,168
03/24/2022,HYA,MA,ANE,EN,Federal Contract Tower,0,37,10,0,47,0,1,3,0,4,0,38,13,0,51,0,0,0,51
03/25/2022,HYA,MA,ANE,EN,Federal Contract Tower,0,35,17,0,52,0,22,23,0,45,0,57,40,0,97,30,0,30,127
03/26/2022,HYA,MA,ANE,EN,Federal Contract Tower,0,3,8,0,11,0,38,31,0,69,0,41,39,0,80,18,0,18,98
03/27/2022,HYA,MA,ANE,EN,Federal Contract Tower,0,4,8,0,12,0,27,55,0,82,0,31,63,0,94,22,0,22,116
03/28/2022,HYA,MA,ANE,EN,Federal Contract Tower,0,17,1,0,18,0,63,30,0,93,0,80,31,0,111,76,0,76,187
03/29/2022,HYA,MA,ANE,EN,Federal Contract Tower,0,17,4,0,21,0,46,36,0,82,0,63,40,0,103,48,0,48,151
03/30/2022,HYA,MA,ANE,EN,Federal Contract Tower,0,18,3,0,21,0,55,56,0,111,0,73,59,0,132,54,0,54,186
03/31/2022,HYA,MA,ANE,EN,Federal Contract Tower,0,57,13,0,70,0,4,2,0,6,0,61,15,0,76,0,0,0,76
04/01/2022,HYA,MA,ANE,EN,Federal Contract Tower,0,29,7,0,36,0,34,26,0,60,0,63,33,0,96,36,0,36,132
04/02/2022,HYA,MA,ANE,EN,Federal Contract Tower,0,7,9,0,16,0,43,38,0,81,0,50,47,0,97,46,0,46,143
04/03/2022,HYA,MA,ANE,EN,Federal Contract Tower,0,6,4,0,10,0,29,31,0,60,0,35,35,0,70,30,0,30,100
04/04/2022,HYA,MA,ANE,EN,Federal Contract Tower,0,13,5,0,18,0,49,42,0,91,0,62,47,0,109,62,14,76,185
04/05/2022,HYA,MA,ANE,EN,Federal Contract Tower,0,14,9,0,23,0,61,49,0,110,0,75,58,0,133,68,0,68,201
04/06/2022,HYA,MA,ANE,EN,Federal Contract Tower,0,70,24,0,94,0,2,2,0,4,0,72,26,0,98,12,0,12,110
04/07/2022,HYA,MA,ANE,EN,Federal Contract Tower,0,18,2,0,20,0,59,28,0,87,0,77,30,0,107,38,0,38,145
04/08/2022,HYA,MA,ANE,EN,Federal Contract Tower,0,30,12,0,42,0,25,15,0,40,0,55,27,0,82,46,0,46,128
04/09/2022,HYA,MA,ANE,EN,Federal Contract Tower,0,12,15,0,27,0,44,29,0,73,0,56,44,0,100,30,0,30,130
04/10/2022,HYA,MA,ANE,EN,Federal Contract Tower,0,5,11,0,16,0,37,37,0,74,0,42,48,0,90,4,0,4,94
04/11/2022,HYA,MA,ANE,EN,Federal Contract Tower,0,6,5,0,11,0,53,60,0,113,0,59,65,0,124,78,0,78,202
04/12/2022,HYA,MA,ANE,EN,Federal Contract Tower,0,28,2,0,30,0,47,37,0,84,0,75,39,0,114,74,0,74,188
04/13/2022,HYA,MA,ANE,EN,Federal Contract Tower,0,33,6,0,39,0,64,61,5,130,0,97,67,5,169,96,0,96,265
04/14/2022,HYA,MA,ANE,EN,Federal Contract Tower,0,74,28,0,102,0,0,0,0,0,0,74,28,0,102,0,0,0,102
04/15/2022,HYA,MA,ANE,EN,Federal Contract Tower,0,28,4,0,32,0,51,47,0,98,0,79,51,0,130,46,0,46,176
04/16/2022,HYA,MA,ANE,EN,Federal Contract Tower,0,13,5,0,18,0,39,14,0,53,0,52,19,0,71,24,0,24,95
04/17/2022,HYA,MA,ANE,EN,Federal Contract Tower,0,20,7,0,27,0,30,16,0,46,0,50,23,0,73,0,6,6,79
04/18/2022,HYA,MA,ANE,EN,Federal Contract Tower,0,15,15,2,32,0,62,47,2,111,0,77,62,4,143,80,0,80,223
04/19/2022,HYA,MA,ANE,EN,Federal Contract Tower,0,26,7,0,33,0,13,7,0,20,0,39,14,0,53,0,0,0,53
04/20/2022,HYA,MA,ANE,EN,Federal Contract Tower,0,13,10,0,23,0,51,29,0,80,0,64,39,0,103,40,0,40,143
04/21/2022,HYA,MA,ANE,EN,Federal Contract Tower,0,33,0,2,35,0,57,48,0,105,0,90,48,2,140,60,2,62,202
04/22/2022,HYA,MA,ANE,EN,Federal Contract Tower,0,17,3,0,20,0,56,45,0,101,0,73,48,0,121,58,0,58,179
04/23/2022,HYA,MA,ANE,EN,Federal Contract Tower,0,3,10,0,13,0,42,34,0,76,0,45,44,0,89,50,0,50,139
04/24/2022,HYA,MA,ANE,EN,Federal Contract Tower,0,11,11,0,22,0,35,41,2,78,0,46,52,2,100,14,0,14,114
04/25/2022,HYA,MA,ANE,EN,Federal Contract Tower,0,9,4,1,14,0,42,37,0,79,0,51,41,1,93,46,0,46,139
04/26/2022,HYA,MA,ANE,EN,Federal Contract Tower,0,31,13,1,45,0,32,31,0,63,0,63,44,1,108,20,0,20,128
04/27/2022,HYA,MA,ANE,EN,Federal Contract Tower,0,26,12,0,38,0,45,33,0,78,0,71,45,0,116,40,0,40,156
04/28/2022,HYA,MA,ANE,EN,Federal Contract Tower,0,15,6,0,21,0,59,41,0,100,0,74,47,0,121,22,0,22,143
04/29/2022,HYA,MA,ANE,EN,Federal Contract Tower,0,17,10,0,27,0,53,50,0,103,0,70,60,0,130,40,0,40,170
04/30/2022,HYA,MA,ANE,EN,Federal Contract Tower,0,9,4,0,13,0,38,25,0,63,0,47,29,0,76,42,0,42,118
05/01/2022,HYA,MA,ANE,EN,Federal Contract Tower,0,9,10,0,19,0,44,62,0,106,0,53,72,0,125,32,0,32,157
05/02/2022,HYA,MA,ANE,EN,Federal Contract Tower,0,10,14,0,24,0,53,39,0,92,0,63,53,0,116,44,0,44,160
05/03/2022,HYA,MA,ANE,EN,Federal Contract Tower,0,50,18,2,70,0,23,22,0,45,0,73,40,2,115,22,0,22,137
05/04/2022,HYA,MA,ANE,EN,Federal Contract Tower,0,64,19,0,83,0,8,9,0,17,0,72,28,0,100,0,0,0,100
05/05/2022,HYA,MA,ANE,EN,Federal Contract Tower,2,33,9,0,44,0,85,63,0,148,2,118,72,0,192,52,6,58,250
05/06/2022,HYA,MA,ANE,EN,Federal Contract Tower,0,10,21,0,31,0,64,64,0,128,0,74,85,0,159,96,0,96,255
05/07/2022,HYA,MA,ANE,EN,Federal Contract Tower,0,58,11,0,69,0,17,3,0,20,0,75,14,0,89,0,0,0,89
05/08/2022,HYA,MA,ANE,EN,Federal Contract Tower,0,13,5,0,18,0,43,29,0,72,0,56,34,0,90,0,0,0,90
05/09/2022,HYA,MA,ANE,EN,Federal Contract Tower,0,8,2,0,10,0,47,41,0,88,0,55,43,0,98,4,4,8,106
05/10/2022,HYA,MA,ANE,EN,Federal Contract Tower,0,19,12,2,33,0,55,35,0,90,0,74,47,2,123,46,0,46,169
05/11/2022,HYA,MA,ANE,EN,Federal Contract Tower,0,59,18,0,77,0,0,0,0,0,0,59,18,0,77,0,0,0,77
05/12/2022,HYA,MA,ANE,EN,Federal Contract Tower,0,85,27,0,112,0,11,5,0,16,0,96,32,0,128,10,0,10,138
05/13/2022,HYA,MA,ANE,EN,Federal Contract Tower,0,45,21,0,66,0,0,0,0,0,0,45,21,0,66,0,0,0,66
05/14/2022,HYA,MA,ANE,EN,Federal Contract Tower,0,20,22,0,42,0,37,26,0,63,0,57,48,0,105,22,0,22,127
05/15/2022,HYA,MA,ANE,EN,Federal Contract Tower,0,33,20,0,53,0,7,7,0,14,0,40,27,0,67,8,0,8,75
05/16/2022,HYA,MA,ANE,EN,Federal Contract Tower,0,35,29,0,64,0,4,2,0,6,0,39,31,0,70,0,0,0,70
05/17/2022,HYA,MA,ANE,EN,Federal Contract Tower,0,13,15,0,28,0,62,67,0,129,0,75,82,0,157,26,0,26,183
05/18/2022,HYA,MA,ANE,EN,Federal Contract Tower,0,22,14,0,36,0,63,81,0,144,0,85,95,0,180,26,0,26,206
05/19/2022,HYA,MA,ANE,EN,Federal Contract Tower,0,63,28,0,91,0,23,19,0,42,0,86,47,0,133,0,0,0,133
05/20/2022,HYA,MA,ANE,EN,Federal Contract Tower,0,48,35,0,83,0,8,11,0,19,0,56,46,0,102,6,0,6,108
05/21/2022,HYA,MA,ANE,EN,Federal Contract Tower,0,33,9,0,42,0,16,20,0,36,0,49,29,0,78,20,6,26,104
05/22/2022,HYA,MA,ANE,EN,Federal Contract Tower,0,17,15,0,32,0,37,48,0,85,0,54,63,0,117,24,0,24,141
05/23/2022,HYA,MA,ANE,EN,Federal Contract Tower,0,16,21,0,37,0,52,39,2,93,0,68,60,2,130,6,10,16,146
05/24/2022,HYA,MA,ANE,EN,Federal Contract Tower,0,17,14,2,33,0,43,69,0,112,0,60,83,2,145,24,0,24,169
05/25/2022,HYA,MA,ANE,EN,Federal Contract Tower,0,17,23,0,40,0,74,81,0,155,0,91,104,0,195,24,0,24,219
05/26/2022,HYA,MA,ANE,EN,Federal Contract Tower,2,33,35,1,71,0,106,55,0,161,2,139,90,1,232,14,0,14,246
05/27/2022,HYA,MA,ANE,EN,Federal Contract Tower,2,64,42,0,108,0,0,0,0,0,2,64,42,0,108,0,0,0,108
05/28/2022,HYA,MA,ANE,EN,Federal Contract Tower,0,58,27,0,85,0,0,0,0,0,0,58,27,0,85,0,0,0,85
05/29/2022,HYA,MA,ANE,EN,Federal Contract Tower,2,11,17,1,31,0,48,87,0,135,2,59,104,1,166,56,0,56,222
05/30/2022,HYA,MA,ANE,EN,Federal Contract Tower,2,30,13,0,45,0,30,81,0,111,2,60,94,0,156,24,0,24,180
05/31/2022,HYA,MA,ANE,EN,Federal Contract Tower,2,28,25,0,55,0,84,74,0,158,2,112,99,0,213,54,6,60,273
06/01/2022,HYA,MA,ANE,EN,Federal Contract Tower,0,33,21,0,54,0,90,53,0,143,0,123,74,0,197,0,0,0,197
06/02/2022,HYA,MA,ANE,EN,Federal Contract Tower,0,87,61,0,148,0,3,4,0,7,0,90,65,0,155,0,0,0,155
06/03/2022,HYA,MA,ANE,EN,Federal Contract Tower,2,69,42,0,113,0,0,0,0,0,2,69,42,0,113,0,0,0,113
06/04/2022,HYA,MA,ANE,EN,Federal Contract Tower,2,44,15,0,61,0,30,31,0,61,2,74,46,0,122,16,4,20,142
06/05/2022,HYA,MA,ANE,EN,Federal Contract Tower,2,16,27,0,45,0,47,74,0,121,2,63,101,0,166,8,24,32,198
06/06/2022,HYA,MA,ANE,EN,Federal Contract Tower,2,8,26,8,44,0,86,110,4,200,2,94,136,12,244,62,0,62,306
06/07/2022,HYA,MA,ANE,EN,Federal Contract Tower,2,20,18,0,40,0,65,59,4,128,2,85,77,4,168,24,0,24,192
06/08/2022,HYA,MA,ANE,EN,Federal Contract Tower,2,48,31,0,81,0,27,11,0,38,2,75,42,0,119,8,0,8,127
06/09/2022,HYA,MA,ANE,EN,Federal Contract Tower,2,54,34,0,90,0,13,9,0,22,2,67,43,0,112,20,0,20,132
06/10/2022,HYA,MA,ANE,EN,Federal Contract Tower,2,25,14,0,41,0,58,77,0,135,2,83,91,0,176,106,0,106,282
06/11/2022,HYA,MA,ANE,EN,Federal Contract Tower,2,17,14,0,33,0,51,55,0,106,2,68,69,0,139,6,0,6,145
06/12/2022,HYA,MA,ANE,EN,Federal Contract Tower,2,24,34,0,60,0,50,55,0,105,2,74,89,0,165,62,0,62,227
06/13/2022,HYA,MA,ANE,EN,Federal Contract Tower,2,61,33,0,96,0,34,32,0,66,2,95,65,0,162,36,2,38,200
06/14/2022,HYA,MA,ANE,EN,Federal Contract Tower,2,22,17,0,41,0,52,72,0,124,2,74,89,0,165,80,2,82,247
06/15/2022,HYA,MA,ANE,EN,Federal Contract Tower,2,41,21,0,64,0,51,66,0,117,2,92,87,0,181,64,2,66,247
06/16/2022,HYA,MA,ANE,EN,Federal Contract Tower,0,31,25,0,56,0,53,52,0,105,0,84,77,0,161,44,0,44,205
06/17/2022,HYA,MA,ANE,EN,Federal Contract Tower,2,68,37,0,107,0,11,8,0,19,2,79,45,0,126,0,0,0,126
06/18/2022,HYA,MA,ANE,EN,Federal Contract Tower,2,28,17,0,47,0,44,53,0,97,2,72,70,0,144,74,0,74,218
06/19/2022,HYA,MA,ANE,EN,Federal Contract Tower,2,25,17,0,44,0,19,18,0,37,2,44,35,0,81,20,0,20,101
06/20/2022,HYA,MA,ANE,EN,Federal Contract Tower,2,46,11,0,59,0,68,89,0,157,2,114,100,0,216,53,0,53,269
06/21/2022,HYA,MA,ANE,EN,Federal Contract Tower,2,35,23,0,60,0,68,74,0,142,2,103,97,0,202,86,0,86,288
06/22/2022,HYA,MA,ANE,EN,Federal Contract Tower,1,52,25,0,78,0,58,61,0,119,1,110,86,0,197,46,0,46,243
06/23/2022,HYA,MA,ANE,EN,Federal Contract Tower,2,68,39,4,113,0,74,77,0,151,2,142,116,4,264,20,6,26,290
06/24/2022,HYA,MA,ANE,EN,Federal Contract Tower,2,56,23,0,81,0,49,68,0,117,2,105,91,0,198,48,0,48,246
06/25/2022,HYA,MA,ANE,EN,Federal Contract Tower,3,37,27,0,67,0,37,77,0,114,3,74,104,0,181,38,0,38,219
06/26/2022,HYA,MA,ANE,EN,Federal Contract Tower,2,37,40,2,81,0,30,79,0,109,2,67,119,2,190,20,2,22,212
06/27/2022,HYA,MA,ANE,EN,Federal Contract Tower,2,44,21,0,67,0,42,39,0,81,2,86,60,0,148,0,0,0,148
06/28/2022,HYA,MA,ANE,EN,Federal Contract Tower,2,38,22,0,62,0,51,74,2,127,2,89,96,2,189,48,0,48,237
06/29/2022,HYA,MA,ANE,EN,Federal Contract Tower,2,77,15,0,94,0,87,99,0,186,2,164,114,0,280,32,0,32,312
06/30/2022,HYA,MA,ANE,EN,Federal Contract Tower,2,57,28,0,87,0,70,101,0,171,2,127,129,0,258,60,0,60,318
07/01/2022,HYA,MA,ANE,EN,Federal Contract Tower,2,62,28,0,92,0,0,42,0,42,2,62,70,0,134,8,0,8,142
07/02/2022,HYA,MA,ANE,EN,Federal Contract Tower,2,66,20,2,90,0,0,0,0,0,2,66,20,2,90,0,0,0,90
07/03/2022,HYA,MA,ANE,EN,Federal Contract Tower,2,32,19,0,53,0,34,54,0,88,2,66,73,0,141,30,0,30,171
07/04/2022,HYA,MA,ANE,EN,Federal Contract Tower,2,30,12,0,44,0,28,49,2,79,2,58,61,2,123,0,0,0,123
07/05/2022,HYA,MA,ANE,EN,Federal Contract Tower,2,48,33,0,83,0,75,103,0,178,2,123,136,0,261,82,0,82,343
07/06/2022,HYA,MA,ANE,EN,Federal Contract Tower,2,69,31,0,102,0,40,60,0,100,2,109,91,0,202,34,0,34,236
07/07/2022,HYA,MA,ANE,EN,Federal Contract Tower,2,51,25,0,78,0,87,71,0,158,2,138,96,0,236,20,0,20,256
07/08/2022,HYA,MA,ANE,EN,Federal Contract Tower,2,58,30,0,90,0,69,80,0,149,2,127,110,0,239,26,0,26,265
07/09/2022,HYA,MA,ANE,EN,Federal Contract Tower,2,34,26,0,62,0,34,87,0,121,2,68,113,0,183,20,0,20,203
07/10/2022,HYA,MA,ANE,EN,Federal Contract Tower,2,34,19,0,55,0,34,64,0,98,2,68,83,0,153,34,0,34,187
07/11/2022,HYA,MA,ANE,EN,Federal Contract Tower,2,43,24,0,69,0,54,64,0,118,2,97,88,0,187,56,0,56,243
07/12/2022,HYA,MA,ANE,EN,Federal Contract Tower,2,49,17,0,68,0,40,54,0,94,2,89,71,0,162,26,0,26,188
07/13/2022,HYA,MA,ANE,EN,Federal Contract Tower,2,53,35,0,90,0,67,64,1,132,2,120,99,1,222,30,0,30,252
07/14/2022,HYA,MA,ANE,EN,Federal Contract Tower,2,69,42,4,117,0,56,81,0,137,2,125,123,4,254,20,0,20,274
07/15/2022,HYA,MA,ANE,EN,Federal Contract Tower,2,63,31,0,96,0,42,111,0,153,2,105,142,0,249,28,0,28,277
07/16/2022,HYA,MA,ANE,EN,Federal Contract Tower,2,55,29,0,86,0,28,85,0,113,2,83,114,0,199,65,0,65,264
07/17/2022,HYA,MA,ANE,EN,Federal Contract Tower,2,56,36,0,94,0,32,54,2,88,2,88,90,2,182,26,0,26,208
07/18/2022,HYA,MA,ANE,EN,Federal Contract Tower,2,78,75,0,155,0,0,0,0,0,2,78,75,0,155,0,0,0,155
07/19/2022,HYA,MA,ANE,EN,Federal Contract Tower,2,44,20,0,66,0,46,83,8,137,2,90,103,8,203,34,0,34,237
07/20/2022,HYA,MA,ANE,EN,Federal Contract Tower,2,61,23,0,86,0,40,79,6,125,2,101,102,6,211,34,0,34,245
07/21/2022,HYA,MA,ANE,EN,Federal Contract Tower,2,89,95,0,186,0,0,0,0,0,2,89,95,0,186,0,0,0,186
07/22/2022,HYA,MA,ANE,EN,Federal Contract Tower,2,48,26,0,76,0,37,72,0,109,2,85,98,0,185,24,0,24,209
07/23/2022,HYA,MA,ANE,EN,Federal Contract Tower,2,48,30,0,80,0,28,72,11,111,2,76,102,11,191,0,0,0,191
07/24/2022,HYA,MA,ANE,EN,Federal Contract Tower,2,65,39,0,106,0,16,28,5,49,2,81,67,5,155,6,0,6,161
07/25/2022,HYA,MA,ANE,EN,Federal Contract Tower,1,70,47,0,118,0,0,0,0,0,1,70,47,0,118,0,0,0,118
07/26/2022,HYA,MA,ANE,EN,Federal Contract Tower,3,45,22,8,78,0,50,81,4,135,3,95,103,12,213,58,0,58,271
07/27/2022,HYA,MA,ANE,EN,Federal Contract Tower,2,38,36,0,76,0,58,87,2,147,2,96,123,2,223,66,0,66,289
07/28/2022,HYA,MA,ANE,EN,Federal Contract Tower,2,59,29,0,90,0,48,71,8,127,2,107,100,8,217,18,0,18,235
07/29/2022,HYA,MA,ANE,EN,Federal Contract Tower,2,54,35,0,91,56,86,0,0,142,58,140,35,0,233,16,0,16,249
07/30/2022,HYA,MA,ANE,EN,Federal Contract Tower,2,49,30,0,81,0,59,72,0,131,2,108,102,0,212,18,0,18,230
07/31/2022,HYA,MA,ANE,EN,Federal Contract Tower,2,54,27,0,83,0,36,88,0,124,2,90,115,0,207,8,0,8,215
08/01/2022,HYA,MA,ANE,EN,Federal Contract Tower,2,65,27,0,94,0,40,35,0,75,2,105,62,0,169,22,0,22,191
08/02/2022,HYA,MA,ANE,EN,Federal Contract Tower,2,69,20,0,91,0,43,68,1,112,2,112,88,1,203,28,8,36,239
08/03/2022,HYA,MA,ANE,EN,Federal Contract Tower,2,54,23,4,83,0,49,98,0,147,2,103,121,4,230,28,0,28,258
08/04/2022,HYA,MA,ANE,EN,Federal Contract Tower,2,81,50,0,133,0,27,40,2,69,2,108,90,2,202,0,0,0,202
08/05/2022,HYA,MA,ANE,EN,Federal Contract Tower,2,66,38,0,106,0,20,50,0,70,2,86,88,0,176,0,0,0,176
08/07/2022,HYA,MA,ANE,EN,Federal Contract Tower,2,56,46,1,105,0,20,41,0,61,2,76,87,1,166,2,0,2,168
08/08/2022,HYA,MA,ANE,EN,Federal Contract Tower,2,41,29,0,72,0,40,58,0,98,2,81,87,0,170,34,0,34,204
08/09/2022,HYA,MA,ANE,EN,Federal Contract Tower,2,43,23,0,68,0,32,54,2,88,2,75,77,2,156,12,0,12,168
08/10/2022,HYA,MA,ANE,EN,Federal Contract Tower,2,83,42,0,127,0,10,10,0,20,2,93,52,0,147,0,0,0,147
08/11/2022,HYA,MA,ANE,EN,Federal Contract Tower,2,75,51,0,128,0,6,6,0,12,2,81,57,0,140,0,0,0,140
08/12/2022,HYA,MA,ANE,EN,Federal Contract Tower,2,74,32,0,108,0,23,41,0,64,2,97,73,0,172,14,0,14,186
08/13/2022,HYA,MA,ANE,EN,Federal Contract Tower,2,45,23,0,70,0,36,68,0,104,2,81,91,0,174,16,0,16,190
08/14/2022,HYA,MA,ANE,EN,Federal Contract Tower,2,44,29,0,75,0,37,62,0,99,2,81,91,0,174,56,0,56,230
08/15/2022,HYA,MA,ANE,EN,Federal Contract Tower,2,55,27,0,84,0,28,77,0,105,2,83,104,0,189,52,0,52,241
08/16/2022,HYA,MA,ANE,EN,Federal Contract Tower,2,54,18,0,74,0,41,60,0,101,2,95,78,0,175,28,0,28,203
08/17/2022,HYA,MA,ANE,EN,Federal Contract Tower,2,78,22,0,102,0,38,50,0,88,2,116,72,0,190,14,0,14,204
08/18/2022,HYA,MA,ANE,EN,Federal Contract Tower,2,44,33,0,79,0,38,64,0,102,2,82,97,0,181,14,0,14,195
08/19/2022,HYA,MA,ANE,EN,Federal Contract Tower,2,51,25,0,78,0,32,106,0,138,2,83,131,0,216,14,0,14,230
08/20/2022,HYA,MA,ANE,EN,Federal Contract Tower,2,42,20,0,64,0,32,61,0,93,2,74,81,0,157,36,0,36,193
08/21/2022,HYA,MA,ANE,EN,Federal Contract Tower,2,50,19,0,71,0,24,37,0,61,2,74,56,0,132,6,0,6,138
08/22/2022,HYA,MA,ANE,EN,Federal Contract Tower,2,59,38,0,99,0,7,10,0,17,2,66,48,0,116,0,0,0,116
08/23/2022,HYA,MA,ANE,EN,Federal Contract Tower,2,63,38,2,105,0,1,7,0,8,2,64,45,2,113,0,0,0,113
08/24/2022,HYA,MA,ANE,EN,Federal Contract Tower,2,46,35,0,83,0,36,66,0,102,2,82,101,0,185,44,0,44,229
08/25/2022,HYA,MA,ANE,EN,Federal Contract Tower,2,56,21,0,79,0,35,89,0,124,2,91,110,0,203,96,0,96,299
08/26/2022,HYA,MA,ANE,EN,Federal Contract Tower,2,55,23,0,80,0,42,62,0,104,2,97,85,0,184,50,0,50,234
08/27/2022,HYA,MA,ANE,EN,Federal Contract Tower,2,48,37,0,87,0,11,7,0,18,2,59,44,0,105,6,0,6,111
08/28/2022,HYA,MA,ANE,EN,Federal Contract Tower,2,31,28,0,61,0,19,67,0,86,2,50,95,0,147,26,0,26,173
08/29/2022,HYA,MA,ANE,EN,Federal Contract Tower,2,29,18,0,49,0,26,45,2,73,2,55,63,2,122,16,30,46,168
08/30/2022,HYA,MA,ANE,EN,Federal Contract Tower,2,41,32,0,75,0,18,34,0,52,2,59,66,0,127,8,0,8,135
08/31/2022,HYA,MA,ANE,EN,Federal Contract Tower,2,49,23,10,84,0,26,49,0,75,2,75,72,10,159,16,0,16,175
09/01/2022,HYA,MA,ANE,EN,Federal Contract Tower,2,55,14,0,71,0,54,68,0,122,2,109,82,0,193,62,0,62,255
09/02/2022,HYA,MA,ANE,EN,Federal Contract Tower,2,50,12,0,64,0,54,87,4,145,2,104,99,4,209,6,0,6,215
09/03/2022,HYA,MA,ANE,EN,Federal Contract Tower,2,21,10,0,33,0,26,62,0,88,2,47,72,0,121,8,0,8,129
09/04/2022,HYA,MA,ANE,EN,Federal Contract Tower,2,22,8,0,32,0,30,40,0,70,2,52,48,0,102,14,0,14,116
09/05/2022,HYA,MA,ANE,EN,Federal Contract Tower,2,44,23,0,69,0,18,33,0,51,2,62,56,0,120,32,26,58,178
09/06/2022,HYA,MA,ANE,EN,Federal Contract Tower,2,52,20,3,77,0,14,20,0,34,2,66,40,3,111,0,0,0,111
09/07/2022,HYA,MA,ANE,EN,Federal Contract Tower,0,50,22,0,72,0,31,25,0,56,0,81,47,0,128,16,0,16,144
09/08/2022,HYA,MA,ANE,EN,Federal Contract Tower,2,37,22,0,61,0,44,45,0,89,2,81,67,0,150,24,0,24,174
09/09/2022,HYA,MA,ANE,EN,Federal Contract Tower,2,40,20,2,64,0,31,45,0,76,2,71,65,2,140,46,0,46,186
09/10/2022,HYA,MA,ANE,EN,Federal Contract Tower,0,21,14,0,35,0,26,44,0,70,0,47,58,0,105,40,0,40,145
09/11/2022,HYA,MA,ANE,EN,Federal Contract Tower,2,20,38,0,60,0,23,35,0,58,2,43,73,0,118,6,0,6,124
09/12/2022,HYA,MA,ANE,EN,Federal Contract Tower,2,54,42,0,98,0,1,4,0,5,2,55,46,0,103,0,0,0,103
09/13/2022,HYA,MA,ANE,EN,Federal Contract Tower,0,68,28,0,96,0,1,2,0,3,0,69,30,0,99,0,0,0,99
09/14/2022,HYA,MA,ANE,EN,Federal Contract Tower,0,43,18,0,61,0,36,58,0,94,0,79,76,0,155,40,0,40,195
09/15/2022,HYA,MA,ANE,EN,Federal Contract Tower,2,54,16,0,72,0,61,70,0,131,2,115,86,0,203,48,6,54,257
09/16/2022,HYA,MA,ANE,EN,Federal Contract Tower,2,47,30,0,79,0,61,83,0,144,2,108,113,0,223,88,0,88,311
09/17/2022,HYA,MA,ANE,EN,Federal Contract Tower,0,20,8,0,28,0,30,56,0,86,0,50,64,0,114,78,0,78,192
09/18/2022,HYA,MA,ANE,EN,Federal Contract Tower,2,32,22,0,56,0,30,27,2,59,2,62,49,2,115,12,0,12,127
09/19/2022,HYA,MA,ANE,EN,Federal Contract Tower,2,68,40,0,110,0,2,1,0,3,2,70,41,0,113,8,0,8,121
09/20/2022,HYA,MA,ANE,EN,Federal Contract Tower,0,84,24,0,108,0,14,27,0,41,0,98,51,0,149,10,0,10,159
09/21/2022,HYA,MA,ANE,EN,Federal Contract Tower,0,65,24,0,89,0,23,35,0,58,0,88,59,0,147,12,0,12,159
09/22/2022,HYA,MA,ANE,EN,Federal Contract Tower,2,48,21,0,71,0,12,13,0,25,2,60,34,0,96,16,0,16,112
09/23/2022,HYA,MA,ANE,EN,Federal Contract Tower,2,55,20,0,77,0,38,45,0,83,2,93,65,0,160,64,0,64,224
09/24/2022,HYA,MA,ANE,EN,Federal Contract Tower,0,19,9,0,28,0,29,45,0,74,0,48,54,0,102,20,0,20,122
09/25/2022,HYA,MA,ANE,EN,Federal Contract Tower,2,22,17,0,41,0,15,25,0,40,2,37,42,0,81,36,0,36,117
09/26/2022,HYA,MA,ANE,EN,Federal Contract Tower,2,25,10,0,37,0,28,37,0,65,2,53,47,0,102,30,0,30,132
09/27/2022,HYA,MA,ANE,EN,Federal Contract Tower,0,28,5,0,33,0,33,39,0,72,0,61,44,0,105,46,2,48,153
09/28/2022,HYA,MA,ANE,EN,Federal Contract Tower,0,36,16,0,52,0,32,65,0,97,0,68,81,0,149,42,2,44,193
09/29/2022,HYA,MA,ANE,EN,Federal Contract Tower,2,34,15,0,51,0,50,57,0,107,2,84,72,0,158,58,0,58,216
09/30/2022,HYA,MA,ANE,EN,Federal Contract Tower,2,27,19,0,48,0,43,73,0,116,2,70,92,0,164,50,0,50,214
10/01/2022,HYA,MA,ANE,EN,Federal Contract Tower,0,39,26,0,65,6,0,0,0,6,6,39,26,0,71,4,0,4,75
10/02/2022,HYA,MA,ANE,EN,Federal Contract Tower,2,33,9,0,44,0,8,1,0,9,2,41,10,0,53,0,0,0,53
10/03/2022,HYA,MA,ANE,EN,Federal Contract Tower,2,33,7,0,42,0,40,56,0,96,2,73,63,0,138,48,0,48,186
10/04/2022,HYA,MA,ANE,EN,Federal Contract Tower,0,51,17,2,70,0,0,8,0,8,0,51,25,2,78,0,0,0,78
10/05/2022,HYA,MA,ANE,EN,Federal Contract Tower,0,21,15,0,36,0,0,0,0,0,0,21,15,0,36,0,0,0,36
10/06/2022,HYA,MA,ANE,EN,Federal Contract Tower,2,56,36,0,94,0,8,23,0,31,2,64,59,0,125,2,0,2,127
10/07/2022,HYA,MA,ANE,EN,Federal Contract Tower,2,30,13,0,45,0,44,53,0,97,2,74,66,0,142,50,0,50,192
10/08/2022,HYA,MA,ANE,EN,Federal Contract Tower,0,24,7,0,31,0,20,35,0,55,0,44,42,0,86,70,0,70,156
10/09/2022,HYA,MA,ANE,EN,Federal Contract Tower,2,13,11,0,26,0,27,48,0,75,2,40,59,0,101,20,0,20,121
10/10/2022,HYA,MA,ANE,EN,Federal Contract Tower,2,19,12,0,33,0,37,51,0,88,2,56,63,0,121,90,0,90,211
10/11/2022,HYA,MA,ANE,EN,Federal Contract Tower,0,21,11,0,32,0,28,68,0,96,0,49,79,0,128,68,0,68,196
10/12/2022,HYA,MA,ANE,EN,Federal Contract Tower,0,26,9,0,35,0,38,48,0,86,0,64,57,0,121,36,0,36,157
10/13/2022,HYA,MA,ANE,EN,Federal Contract Tower,0,39,14,0,53,0,47,53,0,100,0,86,67,0,153,28,0,28,181
10/14/2022,HYA,MA,ANE,EN,Federal Contract Tower,0,37,37,0,74,0,0,8,0,8,0,37,45,0,82,0,0,0,82
10/15/2022,HYA,MA,ANE,EN,Federal Contract Tower,0,24,17,0,41,0,18,34,0,52,0,42,51,0,93,34,0,34,127
10/16/2022,HYA,MA,ANE,EN,Federal Contract Tower,0,15,11,0,26,0,36,41,0,77,0,51,52,0,103,44,0,44,147
10/17/2022,HYA,MA,ANE,EN,Federal Contract Tower,0,20,23,0,43,0,34,35,0,69,0,54,58,0,112,58,0,58,170
10/18/2022,HYA,MA,ANE,EN,Federal Contract Tower,0,39,26,0,65,0,15,14,0,29,0,54,40,0,94,36,0,36,130
10/19/2022,HYA,MA,ANE,EN,Federal Contract Tower,0,22,8,0,30,0,49,66,0,115,0,71,74,0,145,48,0,48,193
10/20/2022,HYA,MA,ANE,EN,Federal Contract Tower,0,26,13,0,39,0,58,52,2,112,0,84,65,2,151,30,0,30,181
10/21/2022,HYA,MA,ANE,EN,Federal Contract Tower,0,24,20,0,44,0,36,68,0,104,0,60,88,0,148,22,0,22,170
10/22/2022,HYA,MA,ANE,EN,Federal Contract Tower,0,17,12,0,29,0,23,46,0,69,0,40,58,0,98,20,0,20,118
10/23/2022,HYA,MA,ANE,EN,Federal Contract Tower,0,25,12,0,37,0,12,8,0,20,0,37,20,0,57,34,0,34,91
10/24/2022,HYA,MA,ANE,EN,Federal Contract Tower,0,37,25,0,62,0,0,0,0,0,0,37,25,0,62,0,0,0,62
10/25/2022,HYA,MA,ANE,EN,Federal Contract Tower,0,49,14,0,63,0,0,0,0,0,0,49,14,0,63,0,0,0,63
10/26/2022,HYA,MA,ANE,EN,Federal Contract Tower,0,36,34,0,70,0,0,0,0,0,0,36,34,0,70,0,0,0,70
10/27/2022,HYA,MA,ANE,EN,Federal Contract Tower,0,35,19,0,54,0,82,59,4,145,0,117,78,4,199,164,0,164,363
10/28/2022,HYA,MA,ANE,EN,Federal Contract Tower,0,28,12,0,40,0,53,52,0,105,0,81,64,0,145,44,0,44,189
10/29/2022,HYA,MA,ANE,EN,Federal Contract Tower,0,20,12,0,32,0,56,36,0,92,0,76,48,0,124,62,0,62,186
10/30/2022,HYA,MA,ANE,EN,Federal Contract Tower,0,14,15,0,29,0,18,25,0,43,0,32,40,0,72,26,0,26,98
10/31/2022,HYA,MA,ANE,EN,Federal Contract Tower,0,62,27,1,90,0,20,26,0,46,0,82,53,1,136,46,0,46,182
11/01/2022,HYA,MA,ANE,EN,Federal Contract Tower,0,52,30,0,82,0,0,0,0,0,0,52,30,0,82,0,0,0,82
11/02/2022,HYA,MA,ANE,EN,Federal Contract Tower,0,29,8,10,47,0,49,59,0,108,0,78,67,10,155,54,12,66,221
11/03/2022,HYA,MA,ANE,EN,Federal Contract Tower,0,25,11,0,36,0,52,47,0,99,0,77,58,0,135,22,14,36,171
11/04/2022,HYA,MA,ANE,EN,Federal Contract Tower,0,20,8,0,28,0,48,50,0,98,0,68,58,0,126,30,0,30,156
11/05/2022,HYA,MA,ANE,EN,Federal Contract Tower,0,6,9,0,15,0,36,94,0,130,0,42,103,0,145,38,0,38,183
11/06/2022,HYA,MA,ANE,EN,Federal Contract Tower,0,15,11,0,26,0,16,15,0,31,0,31,26,0,57,20,0,20,77
11/07/2022,HYA,MA,ANE,EN,Federal Contract Tower,0,11,9,0,20,0,23,37,0,60,0,34,46,0,80,70,6,76,156
11/08/2022,HYA,MA,ANE,EN,Federal Contract Tower,0,15,9,0,24,0,24,30,0,54,0,39,39,0,78,16,0,16,94
11/09/2022,HYA,MA,ANE,EN,Federal Contract Tower,0,20,12,0,32,0,44,58,0,102,0,64,70,0,134,44,0,44,178
11/10/2022,HYA,MA,ANE,EN,Federal Contract Tower,0,17,6,0,23,0,53,42,0,95,0,70,48,0,118,98,0,98,216
11/11/2022,HYA,MA,ANE,EN,Federal Contract Tower,0,10,9,0,19,0,43,59,0,102,0,53,68,0,121,38,0,38,159
11/12/2022,HYA,MA,ANE,EN,Federal Contract Tower,0,7,3,0,10,0,21,4,0,25,0,28,7,0,35,0,0,0,35
11/13/2022,HYA,MA,ANE,EN,Federal Contract Tower,0,15,11,0,26,0,3,0,0,3,0,18,11,0,29,0,0,0,29
11/14/2022,HYA,MA,ANE,EN,Federal Contract Tower,0,15,8,0,23,0,25,43,0,68,0,40,51,0,91,14,0,14,105
11/15/2022,HYA,MA,ANE,EN,Federal Contract Tower,0,14,4,0,18,0,29,60,0,89,0,43,64,0,107,14,0,14,121
11/16/2022,HYA,MA,ANE,EN,Federal Contract Tower,0,34,16,0,50,0,0,10,0,10,0,34,26,0,60,0,0,0,60
11/17/2022,HYA,MA,ANE,EN,Federal Contract Tower,0,23,4,0,27,0,53,63,0,116,0,76,67,0,143,96,0,96,239
11/18/2022,HYA,MA,ANE,EN,Federal Contract Tower,0,18,4,0,22,0,47,62,0,109,0,65,66,0,131,52,0,52,183
11/19/2022,HYA,MA,ANE,EN,Federal Contract Tower,0,16,9,2,27,0,37,39,0,76,0,53,48,2,103,36,0,36,139
11/20/2022,HYA,MA,ANE,EN,Federal Contract Tower,0,16,12,0,28,0,15,10,0,25,0,31,22,0,53,2,0,2,55
11/21/2022,HYA,MA,ANE,EN,Federal Contract Tower,0,23,5,0,28,0,45,38,0,83,0,68,43,0,111,42,0,42,153
11/22/2022,HYA,MA,ANE,EN,Federal Contract Tower,0,45,18,0,63,0,38,51,0,89,0,83,69,0,152,64,0,64,216
11/23/2022,HYA,MA,ANE,EN,Federal Contract Tower,0,43,14,0,57,0,24,14,0,38,0,67,28,0,95,0,0,0,95
11/24/2022,HYA,MA,ANE,EN,Federal Contract Tower,0,17,7,0,24,0,1,4,0,5,0,18,11,0,29,0,0,0,29
11/25/2022,HYA,MA,ANE,EN,Federal Contract Tower,0,27,13,0,40,0,0,0,0,0,0,27,13,0,40,0,0,0,40
11/26/2022,HYA,MA,ANE,EN,Federal Contract Tower,0,30,16,0,46,0,9,5,0,14,0,39,21,0,60,0,0,0,60
11/27/2022,HYA,MA,ANE,EN,Federal Contract Tower,0,35,10,0,45,0,9,5,0,14,0,44,15,0,59,0,0,0,59
11/28/2022,HYA,MA,ANE,EN,Federal Contract Tower,0,28,14,0,42,0,43,26,2,71,0,71,40,2,113,58,0,58,171
11/29/2022,HYA,MA,ANE,EN,Federal Contract Tower,0,20,6,0,26,0,28,38,1,67,0,48,44,1,93,70,0,70,163
11/30/2022,HYA,MA,ANE,EN,Federal Contract Tower,0,15,3,0,18,0,33,27,0,60,0,48,30,0,78,22,0,22,100
12/01/2022,HYA,MA,ANE,EN,Federal Contract Tower,0,15,3,0,18,0,58,30,0,88,0,73,33,0,106,28,0,28,134
12/02/2022,HYA,MA,ANE,EN,Federal Contract Tower,0,24,5,0,29,0,40,46,0,86,0,64,51,0,115,24,0,24,139
12/03/2022,HYA,MA,ANE,EN,Federal Contract Tower,0,14,1,0,15,0,16,6,0,22,0,30,7,0,37,4,0,4,41
12/04/2022,HYA,MA,ANE,EN,Federal Contract Tower,0,10,10,0,20,0,32,24,0,56,0,42,34,0,76,26,0,26,102
12/05/2022,HYA,MA,ANE,EN,Federal Contract Tower,0,13,4,0,17,0,33,54,0,87,0,46,58,0,104,60,0,60,164
12/06/2022,HYA,MA,ANE,EN,Federal Contract Tower,0,13,7,0,20,0,20,31,0,51,0,33,38,0,71,16,0,16,87
12/07/2022,HYA,MA,ANE,EN,Federal Contract Tower,0,32,19,0,51,0,0,0,0,0,0,32,19,0,51,0,0,0,51
12/08/2022,HYA,MA,ANE,EN,Federal Contract Tower,0,18,6,0,24,0,45,39,1,85,0,63,45,1,109,14,0,14,123
12/09/2022,HYA,MA,ANE,EN,Federal Contract Tower,0,11,1,0,12,0,30,40,0,70,0,41,41,0,82,4,6,10,92
12/10/2022,HYA,MA,ANE,EN,Federal Contract Tower,0,17,4,0,21,0,7,3,0,10,0,24,7,0,31,0,0,0,31
12/11/2022,HYA,MA,ANE,EN,Federal Contract Tower,0,8,1,0,9,0,3,0,0,3,0,11,1,0,12,0,0,0,12
12/12/2022,HYA,MA,ANE,EN,Federal Contract Tower,0,10,2,0,12,0,13,25,0,38,0,23,27,0,50,0,0,0,50
12/13/2022,HYA,MA,ANE,EN,Federal Contract Tower,0,13,0,0,13,0,35,61,0,96,0,48,61,0,109,48,0,48,157
12/14/2022,HYA,MA,ANE,EN,Federal Contract Tower,0,15,2,0,17,0,46,28,0,74,0,61,30,0,91,18,6,24,115
12/15/2022,HYA,MA,ANE,EN,Federal Contract Tower,0,32,9,0,41,0,30,29,2,61,0,62,38,2,102,0,12,12,114
12/16/2022,HYA,MA,ANE,EN,Federal Contract Tower,0,22,8,0,30,0,0,0,0,0,0,22,8,0,30,0,0,0,30
12/17/2022,HYA,MA,ANE,EN,Federal Contract Tower,0,23,8,0,31,0,10,6,0,16,0,33,14,0,47,26,0,26,73
12/18/2022,HYA,MA,ANE,EN,Federal Contract Tower,0,11,0,0,11,0,14,20,0,34,0,25,20,0,45,30,0,30,75
12/19/2022,HYA,MA,ANE,EN,Federal Contract Tower,0,12,7,0,19,0,36,24,0,60,0,48,31,0,79,54,0,54,133
12/20/2022,HYA,MA,ANE,EN,Federal Contract Tower,0,14,11,0,25,0,31,36,0,67,0,45,47,0,92,60,0,60,152
12/21/2022,HYA,MA,ANE,EN,Federal Contract Tower,0,14,7,0,21,0,33,43,0,76,0,47,50,0,97,4,0,4,101
12/22/2022,HYA,MA,ANE,EN,Federal Contract Tower,0,36,14,0,50,0,44,42,0,86,0,80,56,0,136,44,0,44,180
12/23/2022,HYA,MA,ANE,EN,Federal Contract Tower,0,1,0,0,1,0,0,0,0,0,0,1,0,0,1,0,0,0,1
12/24/2022,HYA,MA,ANE,EN,Federal Contract Tower,0,16,9,0,25,0,5,1,0,6,0,21,10,0,31,0,0,0,31
12/25/2022,HYA,MA,ANE,EN,Federal Contract Tower,0,7,5,0,12,0,4,0,0,4,0,11,5,0,16,0,0,0,16
12/26/2022,HYA,MA,ANE,EN,Federal Contract Tower,0,17,10,0,27,0,23,14,0,37,0,40,24,0,64,16,0,16,80
12/27/2022,HYA,MA,ANE,EN,Federal Contract Tower,0,18,6,0,24,0,28,42,0,70,0,46,48,0,94,38,0,38,132
12/28/2022,HYA,MA,ANE,EN,Federal Contract Tower,0,17,5,2,24,0,39,51,0,90,0,56,56,2,114,72,0,72,186
12/29/2022,HYA,MA,ANE,EN,Federal Contract Tower,0,22,12,0,34,0,46,40,0,86,0,68,52,0,120,20,0,20,140
12/30/2022,HYA,MA,ANE,EN,Federal Contract Tower,0,15,7,0,22,0,34,36,0,70,0,49,43,0,92,54,2,56,148
12/31/2022,HYA,MA,ANE,EN,Federal Contract Tower,0,34,4,0,38,0,0,0,0,0,0,34,4,0,38,0,0,0,38
01/01/2023,HYA,MA,ANE,EN,Federal Contract Tower,0,7,1,0,8,0,12,14,0,26,0,19,15,0,34,6,0,6,40
01/02/2023,HYA,MA,ANE,EN,Federal Contract Tower,0,12,8,0,20,0,12,35,0,47,0,24,43,0,67,54,0,54,121
01/03/2023,HYA,MA,ANE,EN,Federal Contract Tower,0,20,15,0,35,0,13,14,0,27,0,33,29,0,62,4,0,4,66
01/04/2023,HYA,MA,ANE,EN,Federal Contract Tower,0,24,15,0,39,0,0,0,0,0,0,24,15,0,39,0,0,0,39
01/05/2023,HYA,MA,ANE,EN,Federal Contract Tower,0,55,15,0,70,0,0,0,0,0,0,55,15,0,70,0,0,0,70
01/06/2023,HYA,MA,ANE,EN,Federal Contract Tower,0,31,17,0,48,0,0,0,0,0,0,31,17,0,48,0,0,0,48
01/07/2023,HYA,MA,ANE,EN,Federal Contract Tower,0,16,7,0,23,0,6,21,0,27,0,22,28,0,50,24,0,24,74
01/08/2023,HYA,MA,ANE,EN,Federal Contract Tower,0,11,10,2,23,0,14,23,0,37,0,25,33,2,60,46,0,46,106
01/09/2023,HYA,MA,ANE,EN,Federal Contract Tower,0,9,4,0,13,0,29,22,0,51,0,38,26,0,64,18,0,18,82
01/10/2023,HYA,MA,ANE,EN,Federal Contract Tower,0,8,8,0,16,0,31,38,1,70,0,39,46,1,86,48,2,50,136
01/11/2023,HYA,MA,ANE,EN,Federal Contract Tower,0,21,13,0,34,0,31,35,0,66,0,52,48,0,100,40,12,52,152
01/12/2023,HYA,MA,ANE,EN,Federal Contract Tower,0,23,6,0,29,0,39,14,0,53,0,62,20,0,82,44,0,44,126
01/13/2023,HYA,MA,ANE,EN,Federal Contract Tower,0,33,15,0,48,0,7,0,0,7,0,40,15,0,55,0,0,0,55
01/14/2023,HYA,MA,ANE,EN,Federal Contract Tower,0,11,7,0,18,0,0,0,0,0,0,11,7,0,18,0,0,0,18
01/15/2023,HYA,MA,ANE,EN,Federal Contract Tower,0,6,0,0,6,0,0,0,0,0,0,6,0,0,6,0,0,0,6
01/16/2023,HYA,MA,ANE,EN,Federal Contract Tower,0,15,14,0,29,0,0,16,0,16,0,15,30,0,45,0,0,0,45
01/17/2023,HYA,MA,ANE,EN,Federal Contract Tower,0,17,10,0,27,0,40,36,0,76,0,57,46,0,103,72,0,72,175
01/18/2023,HYA,MA,ANE,EN,Federal Contract Tower,0,27,9,0,36,0,40,42,0,82,0,67,51,0,118,44,0,44,162
01/19/2023,HYA,MA,ANE,EN,Federal Contract Tower,0,27,7,0,34,0,50,23,0,73,0,77,30,0,107,28,2,30,137
01/20/2023,HYA,MA,ANE,EN,Federal Contract Tower,0,40,24,0,64,0,0,1,0,1,0,40,25,0,65,0,0,0,65
01/21/2023,HYA,MA,ANE,EN,Federal Contract Tower,0,28,4,0,32,0,8,6,0,14,0,36,10,0,46,8,0,8,54
01/22/2023,HYA,MA,ANE,EN,Federal Contract Tower,0,23,10,0,33,0,13,18,0,31,0,36,28,0,64,36,0,36,100
01/23/2023,HYA,MA,ANE,EN,Federal Contract Tower,0,22,25,0,47,0,0,0,0,0,0,22,25,0,47,0,0,0,47
01/24/2023,HYA,MA,ANE,EN,Federal Contract Tower,0,10,12,0,22,0,47,47,0,94,0,57,59,0,116,24,0,24,140
01/25/2023,HYA,MA,ANE,EN,Federal Contract Tower,0,13,4,0,17,0,48,36,0,84,0,61,40,0,101,74,0,74,175
01/26/2023,HYA,MA,ANE,EN,Federal Contract Tower,0,18,8,0,26,0,26,5,0,31,0,44,13,0,57,20,0,20,77
01/27/2023,HYA,MA,ANE,EN,Federal Contract Tower,0,17,8,0,25,0,46,53,0,99,0,63,61,0,124,38,0,38,162
01/28/2023,HYA,MA,ANE,EN,Federal Contract Tower,0,7,6,0,13,0,33,26,0,59,0,40,32,0,72,50,0,50,122
01/29/2023,HYA,MA,ANE,EN,Federal Contract Tower,0,9,1,0,10,0,24,25,0,49,0,33,26,0,59,40,0,40,99
01/30/2023,HYA,MA,ANE,EN,Federal Contract Tower,0,5,0,0,5,0,38,44,0,82,0,43,44,0,87,38,0,38,125
01/31/2023,HYA,MA,ANE,EN,Federal Contract Tower,0,26,8,0,34,0,18,12,0,30,0,44,20,0,64,4,0,4,68
02/01/2023,HYA,MA,ANE,EN,Federal Contract Tower,0,16,15,0,31,0,30,21,0,51,0,46,36,0,82,24,0,24,106
02/02/2023,HYA,MA,ANE,EN,Federal Contract Tower,0,11,0,0,11,0,50,36,1,87,0,61,36,1,98,56,20,76,174
02/03/2023,HYA,MA,ANE,EN,Federal Contract Tower,0,15,1,0,16,0,23,21,0,44,0,38,22,0,60,0,0,0,60
02/04/2023,HYA,MA,ANE,EN,Federal Contract Tower,0,1,2,0,3,0,7,2,0,9,0,8,4,0,12,0,0,0,12
02/05/2023,HYA,MA,ANE,EN,Federal Contract Tower,0,7,1,0,8,0,20,7,0,27,0,27,8,0,35,10,0,10,45
02/06/2023,HYA,MA,ANE,EN,Federal Contract Tower,0,12,5,0,17,0,23,25,0,48,0,35,30,0,65,22,0,22,87
02/07/2023,HYA,MA,ANE,EN,Federal Contract Tower,0,16,1,0,17,0,27,31,0,58,0,43,32,0,75,20,0,20,95
02/08/2023,HYA,MA,ANE,EN,Federal Contract Tower,0,25,4,0,29,0,33,28,0,61,0,58,32,0,90,22,0,22,112
02/09/2023,HYA,MA,ANE,EN,Federal Contract Tower,0,26,1,0,27,0,42,25,0,67,0,68,26,0,94,8,0,8,102
02/10/2023,HYA,MA,ANE,EN,Federal Contract Tower,0,24,14,0,38,0,13,17,0,30,0,37,31,0,68,8,0,8,76
02/11/2023,HYA,MA,ANE,EN,Federal Contract Tower,0,10,3,0,13,0,15,26,0,41,0,25,29,0,54,8,0,8,62
02/12/2023,HYA,MA,ANE,EN,Federal Contract Tower,0,9,9,0,18,0,18,39,0,57,0,27,48,0,75,22,0,22,97
02/13/2023,HYA,MA,ANE,EN,Federal Contract Tower,0,26,16,0,42,0,3,8,0,11,0,29,24,0,53,0,0,0,53
02/14/2023,HYA,MA,ANE,EN,Federal Contract Tower,0,12,9,0,21,0,26,33,0,59,0,38,42,0,80,6,0,6,86
02/15/2023,HYA,MA,ANE,EN,Federal Contract Tower,0,32,4,0,36,0,28,28,0,56,0,60,32,0,92,8,0,8,100
02/16/2023,HYA,MA,ANE,EN,Federal Contract Tower,0,17,16,0,33,0,39,37,0,76,0,56,53,0,109,20,32,52,161
02/17/2023,HYA,MA,ANE,EN,Federal Contract Tower,0,17,15,0,32,0,0,0,0,0,0,17,15,0,32,0,0,0,32
02/18/2023,HYA,MA,ANE,EN,Federal Contract Tower,0,11,3,0,14,0,29,34,0,63,0,40,37,0,77,36,6,42,119
02/19/2023,HYA,MA,ANE,EN,Federal Contract Tower,0,3,2,0,5,0,16,29,0,45,0,19,31,0,50,20,8,28,78
02/20/2023,HYA,MA,ANE,EN,Federal Contract Tower,0,31,20,0,51,0,17,19,0,36,0,48,39,0,87,30,0,30,117
02/21/2023,HYA,MA,ANE,EN,Federal Contract Tower,0,23,4,2,29,0,9,8,0,17,0,32,12,2,46,12,0,12,58
02/22/2023,HYA,MA,ANE,EN,Federal Contract Tower,0,19,1,0,20,0,33,37,0,70,0,52,38,0,90,40,0,40,130
02/23/2023,HYA,MA,ANE,EN,Federal Contract Tower,0,32,15,0,47,0,0,0,0,0,0,32,15,0,47,0,0,0,47
02/24/2023,HYA,MA,ANE,EN,Federal Contract Tower,0,11,3,0,14,0,25,20,1,46,0,36,23,1,60,2,0,2,62
02/25/2023,HYA,MA,ANE,EN,Federal Contract Tower,0,11,8,0,19,0,21,19,2,42,0,32,27,2,61,10,0,10,71
02/26/2023,HYA,MA,ANE,EN,Federal Contract Tower,0,11,2,0,13,0,13,15,0,28,0,24,17,0,41,5,0,5,46
02/27/2023,HYA,MA,ANE,EN,Federal Contract Tower,0,9,0,0,9,0,26,36,0,62,0,35,36,0,71,54,0,54,125
02/28/2023,HYA,MA,ANE,EN,Federal Contract Tower,19,7,0,0,26,0,0,0,0,0,19,7,0,0,26,0,0,0,26
03/01/2023,HYA,MA,ANE,EN,Federal Contract Tower,0,21,7,0,28,0,38,41,0,79,0,59,48,0,107,24,12,36,143
03/02/2023,HYA,MA,ANE,EN,Federal Contract Tower,0,31,14,1,46,0,20,11,0,31,0,51,25,1,77,4,16,20,97
03/03/2023,HYA,MA,ANE,EN,Federal Contract Tower,0,17,1,0,18,0,47,47,0,94,0,64,48,0,112,76,0,76,188
03/04/2023,HYA,MA,ANE,EN,Federal Contract Tower,0,6,2,0,8,0,0,0,0,0,0,6,2,0,8,0,0,0,8
03/05/2023,HYA,MA,ANE,EN,Federal Contract Tower,0,9,5,0,14,0,22,27,0,49,0,31,32,0,63,44,0,44,107
03/06/2023,HYA,MA,ANE,EN,Federal Contract Tower,0,5,4,0,9,0,28,28,0,56,0,33,32,0,65,6,0,6,71
03/07/2023,HYA,MA,ANE,EN,Federal Contract Tower,0,12,3,0,15,0,30,35,0,65,0,42,38,0,80,14,0,14,94
03/08/2023,HYA,MA,ANE,EN,Federal Contract Tower,0,18,5,0,23,0,8,12,0,20,0,26,17,0,43,0,0,0,43
03/09/2023,HYA,MA,ANE,EN,Federal Contract Tower,0,16,3,0,19,0,41,31,0,72,0,57,34,0,91,28,0,28,119
03/10/2023,HYA,MA,ANE,EN,Federal Contract Tower,0,14,16,0,30,0,40,55,0,95,0,54,71,0,125,114,0,114,239
03/11/2023,HYA,MA,ANE,EN,Federal Contract Tower,0,23,7,0,30,0,5,2,0,7,0,28,9,0,37,8,0,8,45
03/12/2023,HYA,MA,ANE,EN,Federal Contract Tower,0,14,5,0,19,0,18,4,0,22,0,32,9,0,41,0,0,0,41
03/13/2023,HYA,MA,ANE,EN,Federal Contract Tower,0,17,1,0,18,0,21,32,0,53,0,38,33,0,71,60,6,66,137
03/14/2023,HYA,MA,ANE,EN,Federal Contract Tower,0,6,3,0,9,0,1,1,0,2,0,7,4,0,11,0,4,4,15
03/15/2023,HYA,MA,ANE,EN,Federal Contract Tower,0,16,2,0,18,0,35,26,0,61,0,51,28,0,79,6,6,12,91
03/16/2023,HYA,MA,ANE,EN,Federal Contract Tower,0,48,3,0,51,0,53,38,0,91,0,101,41,0,142,48,0,48,190
03/17/2023,HYA,MA,ANE,EN,Federal Contract Tower,0,14,5,0,19,0,37,48,0,85,0,51,53,0,104,32,2,34,138
03/18/2023,HYA,MA,ANE,EN,Federal Contract Tower,0,21,5,0,26,0,12,12,0,24,0,33,17,0,50,14,2,16,66
03/19/2023,HYA,MA,ANE,EN,Federal Contract Tower,0,8,10,0,18,0,19,16,0,35,0,27,26,0,53,6,0,6,59
03/20/2023,HYA,MA,ANE,EN,Federal Contract Tower,0,10,0,0,10,0,30,40,0,70,0,40,40,0,80,50,0,50,130
03/21/2023,HYA,MA,ANE,EN,Federal Contract Tower,0,14,5,0,19,0,33,51,0,84,0,47,56,0,103,20,0,20,123
03/22/2023,HYA,MA,ANE,EN,Federal Contract Tower,0,16,3,0,19,0,38,60,0,98,0,54,63,0,117,50,0,50,167
03/23/2023,HYA,MA,ANE,EN,Federal Contract Tower,0,38,15,0,53,0,8,8,0,16,0,46,23,0,69,0,0,0,69
03/24/2023,HYA,MA,ANE,EN,Federal Contract Tower,0,16,4,0,20,0,37,46,0,83,0,53,50,0,103,34,0,34,137
03/25/2023,HYA,MA,ANE,EN,Federal Contract Tower,0,12,6,0,18,0,24,17,0,41,0,36,23,0,59,28,0,28,87
03/26/2023,HYA,MA,ANE,EN,Federal Contract Tower,0,12,7,0,19,0,12,22,0,34,0,24,29,0,53,10,0,10,63
03/27/2023,HYA,MA,ANE,EN,Federal Contract Tower,0,9,2,0,11,0,21,43,4,68,0,30,45,4,79,18,0,18,97
03/28/2023,HYA,MA,ANE,EN,Federal Contract Tower,0,38,0,0,38,0,10,22,0,32,0,48,22,0,70,10,0,10,80
03/29/2023,HYA,MA,ANE,EN,Federal Contract Tower,0,15,21,0,36,0,45,56,2,103,0,60,77,2,139,16,0,16,155
03/30/2023,HYA,MA,ANE,EN,Federal Contract Tower,0,34,3,0,37,0,32,26,0,58,0,66,29,0,95,8,0,8,103
03/31/2023,HYA,MA,ANE,EN,Federal Contract Tower,0,11,5,0,16,0,34,43,2,79,0,45,48,2,95,58,20,78,173
04/01/2023,HYA,MA,ANE,EN,Federal Contract Tower,0,26,0,0,26,0,0,0,0,0,0,26,0,0,26,0,0,0,26
04/02/2023,HYA,MA,ANE,EN,Federal Contract Tower,0,12,1,0,13,0,18,20,0,38,0,30,21,0,51,10,0,10,61
04/03/2023,HYA,MA,ANE,EN,Federal Contract Tower,0,5,7,0,12,0,38,49,0,87,0,43,56,0,99,16,0,16,115
04/04/2023,HYA,MA,ANE,EN,Federal Contract Tower,0,22,12,0,34,0,17,19,0,36,0,39,31,0,70,4,0,4,74
04/05/2023,HYA,MA,ANE,EN,Federal Contract Tower,0,47,24,0,71,0,6,11,0,17,0,53,35,0,88,0,0,0,88
04/06/2023,HYA,MA,ANE,EN,Federal Contract Tower,0,35,14,0,49,0,12,5,0,17,0,47,19,0,66,0,0,0,66
04/07/2023,HYA,MA,ANE,EN,Federal Contract Tower,0,10,5,0,15,0,28,45,0,73,0,38,50,0,88,16,0,16,104
04/08/2023,HYA,MA,ANE,EN,Federal Contract Tower,0,9,12,0,21,0,27,40,0,67,0,36,52,0,88,32,0,32,120
04/09/2023,HYA,MA,ANE,EN,Federal Contract Tower,0,7,3,0,10,0,19,27,0,46,0,26,30,0,56,2,0,2,58
04/10/2023,HYA,MA,ANE,EN,Federal Contract Tower,0,11,7,0,18,0,30,47,0,77,0,41,54,0,95,16,0,16,111
04/11/2023,HYA,MA,ANE,EN,Federal Contract Tower,0,9,3,0,12,0,33,47,0,80,0,42,50,0,92,12,0,12,104
04/12/2023,HYA,MA,ANE,EN,Federal Contract Tower,0,6,4,0,10,0,43,47,0,90,0,49,51,0,100,38,0,38,138
04/13/2023,HYA,MA,ANE,EN,Federal Contract Tower,0,33,5,0,38,0,70,46,0,116,0,103,51,0,154,38,0,38,192
04/14/2023,HYA,MA,ANE,EN,Federal Contract Tower,0,19,7,0,26,0,29,43,0,72,0,48,50,0,98,38,0,38,136
04/15/2023,HYA,MA,ANE,EN,Federal Contract Tower,0,33,13,0,46,0,0,2,0,2,0,33,15,0,48,0,0,0,48
04/16/2023,HYA,MA,ANE,EN,Federal Contract Tower,0,33,8,0,41,0,0,0,0,0,0,33,8,0,41,6,0,6,47
04/17/2023,HYA,MA,ANE,EN,Federal Contract Tower,0,28,20,0,48,0,0,0,0,0,0,28,20,0,48,0,0,0,48
04/18/2023,HYA,MA,ANE,EN,Federal Contract Tower,0,12,4,0,16,0,27,34,0,61,0,39,38,0,77,2,0,2,79
04/19/2023,HYA,MA,ANE,EN,Federal Contract Tower,0,33,6,0,39,0,53,39,0,92,0,86,45,0,131,22,0,22,153
04/20/2023,HYA,MA,ANE,EN,Federal Contract Tower,0,40,11,0,51,0,53,38,0,91,0,93,49,0,142,16,0,16,158
04/21/2023,HYA,MA,ANE,EN,Federal Contract Tower,0,30,8,0,38,0,44,47,0,91,0,74,55,0,129,90,0,90,219
04/22/2023,HYA,MA,ANE,EN,Federal Contract Tower,0,41,15,0,56,0,26,30,0,56,0,67,45,0,112,46,0,46,158
04/23/2023,HYA,MA,ANE,EN,Federal Contract Tower,0,15,3,0,18,0,13,3,0,16,0,28,6,0,34,18,0,18,52
04/24/2023,HYA,MA,ANE,EN,Federal Contract Tower,0,32,17,0,49,0,20,19,0,39,0,52,36,0,88,40,0,40,128
04/25/2023,HYA,MA,ANE,EN,Federal Contract Tower,0,28,5,0,33,0,15,19,0,34,0,43,24,0,67,26,0,26,93
04/26/2023,HYA,MA,ANE,EN,Federal Contract Tower,0,41,8,0,49,0,21,29,0,50,0,62,37,0,99,14,0,14,113
04/27/2023,HYA,MA,ANE,EN,Federal Contract Tower,0,40,8,0,48,0,35,42,0,77,0,75,50,0,125,24,8,32,157
04/28/2023,HYA,MA,ANE,EN,Federal Contract Tower,0,45,27,0,72,0,31,36,0,67,0,76,63,0,139,26,0,26,165
04/29/2023,HYA,MA,ANE,EN,Federal Contract Tower,0,15,7,0,22,0,32,16,0,48,0,47,23,0,70,26,0,26,96
04/30/2023,HYA,MA,ANE,EN,Federal Contract Tower,0,26,4,0,30,0,0,0,0,0,0,26,4,0,30,0,0,0,30
05/01/2023,HYA,MA,ANE,EN,Federal Contract Tower,0,23,13,0,36,0,20,19,0,39,0,43,32,0,75,12,0,12,87
05/02/2023,HYA,MA,ANE,EN,Federal Contract Tower,0,34,1,0,35,0,41,24,2,67,0,75,25,2,102,16,0,16,118
05/03/2023,HYA,MA,ANE,EN,Federal Contract Tower,0,16,22,0,38,0,33,51,0,84,0,49,73,0,122,16,0,16,138
05/04/2023,HYA,MA,ANE,EN,Federal Contract Tower,0,49,29,0,78,0,17,9,0,26,0,66,38,0,104,14,0,14,118
05/05/2023,HYA,MA,ANE,EN,Federal Contract Tower,0,31,23,0,54,0,17,22,0,39,0,48,45,0,93,24,0,24,117
05/06/2023,HYA,MA,ANE,EN,Federal Contract Tower,0,15,7,0,22,0,29,34,0,63,0,44,41,0,85,38,0,38,123
05/07/2023,HYA,MA,ANE,EN,Federal Contract Tower,0,10,12,0,22,0,21,35,0,56,0,31,47,0,78,28,0,28,106
05/08/2023,HYA,MA,ANE,EN,Federal Contract Tower,0,18,14,0,32,0,25,48,0,73,0,43,62,0,105,14,0,14,119
05/09/2023,HYA,MA,ANE,EN,Federal Contract Tower,0,29,10,0,39,0,32,33,0,65,0,61,43,0,104,32,0,32,136
05/10/2023,HYA,MA,ANE,EN,Federal Contract Tower,0,9,6,0,15,0,59,32,0,91,0,68,38,0,106,2,0,2,108
05/11/2023,HYA,MA,ANE,EN,Federal Contract Tower,0,18,3,0,21,0,42,39,0,81,0,60,42,0,102,14,0,14,116
05/12/2023,HYA,MA,ANE,EN,Federal Contract Tower,0,15,9,0,24,0,29,50,0,79,0,44,59,0,103,46,0,46,149
05/13/2023,HYA,MA,ANE,EN,Federal Contract Tower,0,9,9,0,18,0,35,35,2,72,0,44,44,2,90,48,0,48,138
05/14/2023,HYA,MA,ANE,EN,Federal Contract Tower,0,6,6,0,12,0,14,22,0,36,0,20,28,0,48,8,0,8,56
05/15/2023,HYA,MA,ANE,EN,Federal Contract Tower,0,26,7,0,33,0,33,47,0,80,0,59,54,0,113,34,0,34,147
05/16/2023,HYA,MA,ANE,EN,Federal Contract Tower,0,22,9,0,31,0,27,30,0,57,0,49,39,0,88,4,0,4,92
05/17/2023,HYA,MA,ANE,EN,Federal Contract Tower,0,22,5,0,27,0,44,30,0,74,0,66,35,0,101,12,0,12,113
05/18/2023,HYA,MA,ANE,EN,Federal Contract Tower,0,25,7,0,32,0,51,52,0,103,0,76,59,0,135,28,0,28,163
05/19/2023,HYA,MA,ANE,EN,Federal Contract Tower,0,29,4,0,33,0,38,45,0,83,0,67,49,0,116,38,0,38,154
05/20/2023,HYA,MA,ANE,EN,Federal Contract Tower,0,32,10,0,42,0,16,5,0,21,0,48,15,0,63,0,0,0,63
05/21/2023,HYA,MA,ANE,EN,Federal Contract Tower,0,25,9,0,34,0,16,38,0,54,0,41,47,0,88,8,0,8,96
05/22/2023,HYA,MA,ANE,EN,Federal Contract Tower,0,19,12,0,31,0,36,39,0,75,0,55,51,0,106,8,0,8,114
05/23/2023,HYA,MA,ANE,EN,Federal Contract Tower,0,13,6,0,19,0,35,49,2,86,0,48,55,2,105,48,2,50,155
05/24/2023,HYA,MA,ANE,EN,Federal Contract Tower,0,59,31,0,90,0,22,24,0,46,0,81,55,0,136,6,0,6,142
05/25/2023,HYA,MA,ANE,EN,Federal Contract Tower,4,61,34,3,102,0,50,48,1,99,4,111,82,4,201,44,32,76,277
05/26/2023,HYA,MA,ANE,EN,Federal Contract Tower,4,35,20,0,59,0,34,69,0,103,4,69,89,0,162,30,0,30,192
05/27/2023,HYA,MA,ANE,EN,Federal Contract Tower,4,21,9,0,34,0,29,46,0,75,4,50,55,0,109,2,0,2,111
05/28/2023,HYA,MA,ANE,EN,Federal Contract Tower,4,18,11,0,33,0,20,27,0,47,4,38,38,0,80,6,0,6,86
05/29/2023,HYA,MA,ANE,EN,Federal Contract Tower,4,10,17,0,31,0,23,38,0,61,4,33,55,0,92,0,0,0,92
05/30/2023,HYA,MA,ANE,EN,Federal Contract Tower,4,27,4,0,35,0,34,55,1,90,4,61,59,1,125,64,0,64,189
05/31/2023,HYA,MA,ANE,EN,Federal Contract Tower,3,38,16,0,57,0,41,43,1,85,3,79,59,1,142,28,14,42,184
06/01/2023,HYA,MA,ANE,EN,Federal Contract Tower,5,50,18,0,73,0,48,46,0,94,5,98,64,0,167,38,4,42,209
06/02/2023,HYA,MA,ANE,EN,Federal Contract Tower,4,40,16,0,60,0,32,42,2,76,4,72,58,2,136,36,0,36,172
06/03/2023,HYA,MA,ANE,EN,Federal Contract Tower,4,37,9,0,50,0,1,0,0,1,4,38,9,0,51,0,0,0,51
06/04/2023,HYA,MA,ANE,EN,Federal Contract Tower,4,33,20,2,59,0,2,1,0,3,4,35,21,2,62,0,0,0,62
06/05/2023,HYA,MA,ANE,EN,Federal Contract Tower,4,50,38,0,92,0,13,20,0,33,4,63,58,0,125,8,0,8,133
06/06/2023,HYA,MA,ANE,EN,Federal Contract Tower,4,30,10,0,44,0,0,0,0,0,4,30,10,0,44,38,4,42,86
06/07/2023,HYA,MA,ANE,EN,Federal Contract Tower,4,50,15,0,69,0,49,39,0,88,4,99,54,0,157,22,16,38,195
06/08/2023,HYA,MA,ANE,EN,Federal Contract Tower,4,24,19,3,50,0,41,50,3,94,4,65,69,6,144,68,12,80,224
06/09/2023,HYA,MA,ANE,EN,Federal Contract Tower,4,64,16,0,84,0,33,32,1,66,4,97,48,1,150,36,0,36,186
06/10/2023,HYA,MA,ANE,EN,Federal Contract Tower,4,43,28,0,75,0,16,14,0,30,4,59,42,0,105,8,0,8,113
06/11/2023,HYA,MA,ANE,EN,Federal Contract Tower,4,20,16,0,40,0,27,46,0,73,4,47,62,0,113,58,0,58,171
06/12/2023,HYA,MA,ANE,EN,Federal Contract Tower,4,36,16,0,56,0,25,31,0,56,4,61,47,0,112,4,0,4,116
06/13/2023,HYA,MA,ANE,EN,Federal Contract Tower,9,68,33,0,110,0,14,17,0,31,9,82,50,0,141,8,0,8,149
06/14/2023,HYA,MA,ANE,EN,Federal Contract Tower,2,52,24,0,78,0,51,40,1,92,2,103,64,1,170,18,0,18,188
06/15/2023,HYA,MA,ANE,EN,Federal Contract Tower,4,59,25,0,88,0,55,51,0,106,4,114,76,0,194,4,0,4,198
06/16/2023,HYA,MA,ANE,EN,Federal Contract Tower,4,33,21,0,58,0,53,77,0,130,4,86,98,0,188,14,0,14,202
06/17/2023,HYA,MA,ANE,EN,Federal Contract Tower,2,39,25,0,66,0,6,3,0,9,2,45,28,0,75,0,0,0,75
06/18/2023,HYA,MA,ANE,EN,Federal Contract Tower,4,27,17,0,48,0,14,19,0,33,4,41,36,0,81,14,0,14,95
06/19/2023,HYA,MA,ANE,EN,Federal Contract Tower,4,33,14,0,51,0,48,60,0,108,4,81,74,0,159,42,0,42,201
06/20/2023,HYA,MA,ANE,EN,Federal Contract Tower,4,33,11,0,48,0,63,54,4,121,4,96,65,4,169,18,0,18,187
06/21/2023,HYA,MA,ANE,EN,Federal Contract Tower,5,48,21,0,74,0,53,71,0,124,5,101,92,0,198,40,0,40,238
06/22/2023,HYA,MA,ANE,EN,Federal Contract Tower,5,57,20,0,82,0,32,37,0,69,5,89,57,0,151,2,0,2,153
06/23/2023,HYA,MA,ANE,EN,Federal Contract Tower,4,78,28,0,110,0,6,13,0,19,4,84,41,0,129,4,0,4,133
06/24/2023,HYA,MA,ANE,EN,Federal Contract Tower,4,44,25,0,73,0,3,6,0,9,4,47,31,0,82,0,0,0,82
06/25/2023,HYA,MA,ANE,EN,Federal Contract Tower,2,62,28,0,92,0,2,10,0,12,2,64,38,0,104,0,0,0,104
06/26/2023,HYA,MA,ANE,EN,Federal Contract Tower,2,86,22,0,110,0,4,2,0,6,2,90,24,0,116,0,0,0,116
06/27/2023,HYA,MA,ANE,EN,Federal Contract Tower,0,83,17,0,100,0,19,10,0,29,0,102,27,0,129,24,0,24,153
06/28/2023,HYA,MA,ANE,EN,Federal Contract Tower,4,77,29,0,110,0,14,12,0,26,4,91,41,0,136,2,0,2,138
06/29/2023,HYA,MA,ANE,EN,Federal Contract Tower,4,111,41,0,156,0,32,17,0,49,4,143,58,0,205,0,0,0,205
06/30/2023,HYA,MA,ANE,EN,Federal Contract Tower,4,71,30,0,105,0,60,64,0,124,4,131,94,0,229,38,0,38,267
07/01/2023,HYA,MA,ANE,EN,Federal Contract Tower,4,63,45,0,112,0,5,28,0,33,4,68,73,0,145,2,0,2,147
07/02/2023,HYA,MA,ANE,EN,Federal Contract Tower,2,52,24,0,78,0,1,1,0,2,2,53,25,0,80,0,0,0,80
07/03/2023,HYA,MA,ANE,EN,Federal Contract Tower,4,38,20,0,62,0,19,18,0,37,4,57,38,0,99,20,0,20,119
07/04/2023,HYA,MA,ANE,EN,Federal Contract Tower,4,66,11,0,81,0,3,3,0,6,4,69,14,0,87,0,0,0,87
07/05/2023,HYA,MA,ANE,EN,Federal Contract Tower,4,83,49,0,136,0,14,26,0,40,4,97,75,0,176,34,0,34,210
07/06/2023,HYA,MA,ANE,EN,Federal Contract Tower,4,79,43,0,126,0,25,26,0,51,4,104,69,0,177,24,0,24,201
07/07/2023,HYA,MA,ANE,EN,Federal Contract Tower,0,2,66,59,127,0,4,8,0,12,0,6,74,59,139,4,2,6,145
07/08/2023,HYA,MA,ANE,EN,Federal Contract Tower,4,54,36,0,94,0,10,15,0,25,4,64,51,0,119,6,2,8,127
07/09/2023,HYA,MA,ANE,EN,Federal Contract Tower,2,59,31,0,92,0,0,2,0,2,2,59,33,0,94,0,0,0,94
07/10/2023,HYA,MA,ANE,EN,Federal Contract Tower,5,68,40,0,113,0,0,0,0,0,5,68,40,0,113,0,0,0,113
07/11/2023,HYA,MA,ANE,EN,Federal Contract Tower,4,36,12,0,52,0,69,66,0,135,4,105,78,0,187,52,0,52,239
07/12/2023,HYA,MA,ANE,EN,Federal Contract Tower,3,49,13,0,65,0,72,89,0,161,3,121,102,0,226,64,0,64,290
07/13/2023,HYA,MA,ANE,EN,Federal Contract Tower,5,65,25,0,95,0,62,71,0,133,5,127,96,0,228,42,0,42,270
07/14/2023,HYA,MA,ANE,EN,Federal Contract Tower,4,62,25,0,91,0,17,29,0,46,4,79,54,0,137,32,0,32,169
07/15/2023,HYA,MA,ANE,EN,Federal Contract Tower,3,58,31,0,92,0,15,19,0,34,3,73,50,0,126,6,0,6,132
07/16/2023,HYA,MA,ANE,EN,Federal Contract Tower,0,74,24,0,98,0,0,4,0,4,0,74,28,0,102,0,0,0,102
07/17/2023,HYA,MA,ANE,EN,Federal Contract Tower,4,59,27,0,90,0,44,62,0,106,4,103,89,0,196,92,0,92,288
07/18/2023,HYA,MA,ANE,EN,Federal Contract Tower,2,78,20,0,100,0,20,26,0,46,2,98,46,0,146,8,0,8,154
07/19/2023,HYA,MA,ANE,EN,Federal Contract Tower,4,70,30,0,104,0,31,41,0,72,4,101,71,0,176,54,0,54,230
07/20/2023,HYA,MA,ANE,EN,Federal Contract Tower,4,50,24,2,80,0,66,65,0,131,4,116,89,2,211,32,2,34,245
07/21/2023,HYA,MA,ANE,EN,Federal Contract Tower,4,109,47,1,161,0,9,7,0,16,4,118,54,1,177,0,0,0,177
07/22/2023,HYA,MA,ANE,EN,Federal Contract Tower,4,71,37,1,113,0,7,15,0,22,4,78,52,1,135,0,0,0,135
07/23/2023,HYA,MA,ANE,EN,Federal Contract Tower,4,71,18,0,93,0,34,51,0,85,4,105,69,0,178,28,0,28,206
07/24/2023,HYA,MA,ANE,EN,Federal Contract Tower,4,44,22,0,70,0,42,46,0,88,4,86,68,0,158,56,0,56,214
07/25/2023,HYA,MA,ANE,EN,Federal Contract Tower,4,37,19,0,60,0,64,47,0,111,4,101,66,0,171,66,0,66,237
07/26/2023,HYA,MA,ANE,EN,Federal Contract Tower,4,66,29,0,99,0,59,62,0,121,4,125,91,0,220,36,0,36,256
07/27/2023,HYA,MA,ANE,EN,Federal Contract Tower,2,64,24,2,92,0,33,29,0,62,2,97,53,2,154,6,0,6,160
07/28/2023,HYA,MA,ANE,EN,Federal Contract Tower,4,42,21,0,67,0,59,51,0,110,4,101,72,0,177,4,0,4,181
07/29/2023,HYA,MA,ANE,EN,Federal Contract Tower,2,72,21,0,95,0,26,26,0,52,2,98,47,0,147,2,0,2,149
07/30/2023,HYA,MA,ANE,EN,Federal Contract Tower,4,64,36,0,104,0,34,45,0,79,4,98,81,0,183,12,16,28,211
07/31/2023,HYA,MA,ANE,EN,Federal Contract Tower,4,50,15,0,69,0,33,56,0,89,4,83,71,0,158,0,28,28,186
08/01/2023,HYA,MA,ANE,EN,Federal Contract Tower,4,45,13,0,62,0,56,66,0,122,4,101,79,0,184,34,0,34,218
08/02/2023,HYA,MA,ANE,EN,Federal Contract Tower,4,54,23,1,82,0,55,66,4,125,4,109,89,5,207,12,2,14,221
08/03/2023,HYA,MA,ANE,EN,Federal Contract Tower,4,41,18,0,63,0,66,63,1,130,4,107,81,1,193,32,0,32,225
08/04/2023,HYA,MA,ANE,EN,Federal Contract Tower,4,54,19,0,77,0,47,54,0,101,4,101,73,0,178,26,0,26,204
08/05/2023,HYA,MA,ANE,EN,Federal Contract Tower,4,48,20,0,72,0,33,37,3,73,4,81,57,3,145,8,0,8,153
08/06/2023,HYA,MA,ANE,EN,Federal Contract Tower,4,47,19,0,70,0,38,49,0,87,4,85,68,0,157,18,0,18,175
08/07/2023,HYA,MA,ANE,EN,Federal Contract Tower,4,61,19,0,84,0,42,28,0,70,4,103,47,0,154,50,0,50,204
08/08/2023,HYA,MA,ANE,EN,Federal Contract Tower,4,76,22,0,102,0,15,12,0,27,4,91,34,0,129,2,0,2,131
08/09/2023,HYA,MA,ANE,EN,Federal Contract Tower,4,55,10,0,69,0,60,74,0,134,4,115,84,0,203,36,0,36,239
08/10/2023,HYA,MA,ANE,EN,Federal Contract Tower,4,58,29,0,91,0,55,53,0,108,4,113,82,0,199,16,0,16,215
08/11/2023,HYA,MA,ANE,EN,Federal Contract Tower,4,67,23,0,94,0,0,0,0,0,4,67,23,0,94,20,0,20,114
08/12/2023,HYA,MA,ANE,EN,Federal Contract Tower,6,60,12,0,78,0,0,0,0,0,6,60,12,0,78,40,0,40,118
08/13/2023,HYA,MA,ANE,EN,Federal Contract Tower,4,50,23,0,77,0,17,25,0,42,4,67,48,0,119,14,0,14,133
08/14/2023,HYA,MA,ANE,EN,Federal Contract Tower,4,43,19,0,66,0,39,57,2,98,4,82,76,2,164,25,0,25,189
08/15/2023,HYA,MA,ANE,EN,Federal Contract Tower,4,67,29,0,100,0,6,3,0,9,4,73,32,0,109,0,0,0,109
08/16/2023,HYA,MA,ANE,EN,Federal Contract Tower,4,96,45,0,145,0,4,3,0,7,4,100,48,0,152,0,0,0,152
08/17/2023,HYA,MA,ANE,EN,Federal Contract Tower,4,72,48,0,124,0,0,0,0,0,4,72,48,0,124,0,0,0,124
08/18/2023,HYA,MA,ANE,EN,Federal Contract Tower,4,57,34,1,96,0,5,2,0,7,4,62,36,1,103,4,0,4,107
08/19/2023,HYA,MA,ANE,EN,Federal Contract Tower,4,34,14,0,52,0,44,59,0,103,4,78,73,0,155,16,0,16,171
08/20/2023,HYA,MA,ANE,EN,Federal Contract Tower,4,36,22,0,62,0,29,53,0,82,4,65,75,0,144,0,0,0,144
08/21/2023,HYA,MA,ANE,EN,Federal Contract Tower,4,42,23,0,69,0,41,48,0,89,4,83,71,0,158,24,0,24,182
08/22/2023,HYA,MA,ANE,EN,Federal Contract Tower,4,29,24,2,59,0,50,50,0,100,4,79,74,2,159,24,0,24,183
08/23/2023,HYA,MA,ANE,EN,Federal Contract Tower,4,42,11,4,61,0,44,60,0,104,4,86,71,4,165,26,0,26,191
08/24/2023,HYA,MA,ANE,EN,Federal Contract Tower,4,58,25,0,87,0,54,58,0,112,4,112,83,0,199,10,0,10,209
08/25/2023,HYA,MA,ANE,EN,Federal Contract Tower,4,62,20,0,86,0,10,12,0,22,4,72,32,0,108,12,0,12,120
08/26/2023,HYA,MA,ANE,EN,Federal Contract Tower,4,66,28,0,98,0,5,5,0,10,4,71,33,0,108,0,0,0,108
08/27/2023,HYA,MA,ANE,EN,Federal Contract Tower,4,63,44,0,111,0,2,4,0,6,4,65,48,0,117,0,0,0,117
08/28/2023,HYA,MA,ANE,EN,Federal Contract Tower,4,58,21,0,83,0,23,24,0,47,4,81,45,0,130,34,0,34,164
08/29/2023,HYA,MA,ANE,EN,Federal Contract Tower,4,58,27,0,89,0,2,2,0,4,4,60,29,0,93,0,0,0,93
08/30/2023,HYA,MA,ANE,EN,Federal Contract Tower,4,70,21,0,95,0,9,13,0,22,4,79,34,0,117,2,0,2,119
08/31/2023,HYA,MA,ANE,EN,Federal Contract Tower,4,37,26,0,67,0,58,66,0,124,4,95,92,0,191,36,0,36,227
01/01/2020,HYA,MA,ANE,EN,Federal Contract Tower,0,19,4,0,23,0,62,21,0,83,0,81,25,0,106,40,0,40,146
01/02/2020,HYA,MA,ANE,EN,Federal Contract Tower,0,16,4,0,20,0,69,47,7,123,0,85,51,7,143,73,0,73,216
01/03/2020,HYA,MA,ANE,EN,Federal Contract Tower,0,25,15,0,40,0,60,48,0,108,0,85,63,0,148,16,0,16,164
01/04/2020,HYA,MA,ANE,EN,Federal Contract Tower,0,18,9,0,27,0,5,3,0,8,0,23,12,0,35,0,0,0,35
01/05/2020,HYA,MA,ANE,EN,Federal Contract Tower,0,6,7,0,13,0,43,46,0,89,0,49,53,0,102,8,0,8,110
01/06/2020,HYA,MA,ANE,EN,Federal Contract Tower,0,13,2,0,15,0,65,69,0,134,0,78,71,0,149,58,0,58,207
01/07/2020,HYA,MA,ANE,EN,Federal Contract Tower,0,11,3,0,14,0,80,73,0,153,0,91,76,0,167,72,6,78,245
01/08/2020,HYA,MA,ANE,EN,Federal Contract Tower,0,8,4,0,12,0,67,35,0,102,0,75,39,0,114,70,0,70,184
01/09/2020,HYA,MA,ANE,EN,Federal Contract Tower,0,11,5,0,16,0,62,58,0,120,0,73,63,0,136,66,0,66,202
01/10/2020,HYA,MA,ANE,EN,Federal Contract Tower,0,12,2,0,14,0,78,65,0,143,0,90,67,0,157,102,0,102,259
01/11/2020,HYA,MA,ANE,EN,Federal Contract Tower,0,9,7,0,16,0,45,28,0,73,0,54,35,0,89,2,0,2,91
01/12/2020,HYA,MA,ANE,EN,Federal Contract Tower,0,4,8,0,12,0,29,34,0,63,0,33,42,0,75,0,0,0,75
01/13/2020,HYA,MA,ANE,EN,Federal Contract Tower,0,27,17,0,44,0,36,34,0,70,0,63,51,0,114,0,0,0,114
01/14/2020,HYA,MA,ANE,EN,Federal Contract Tower,0,46,13,0,59,0,24,16,0,40,0,70,29,0,99,18,0,18,117
01/15/2020,HYA,MA,ANE,EN,Federal Contract Tower,0,21,8,0,29,0,69,65,0,134,0,90,73,0,163,90,0,90,253
01/16/2020,HYA,MA,ANE,EN,Federal Contract Tower,0,11,7,0,18,0,29,26,0,55,0,40,33,0,73,0,0,0,73
01/17/2020,HYA,MA,ANE,EN,Federal Contract Tower,0,6,4,0,10,0,35,43,0,78,0,41,47,0,88,6,0,6,94
01/18/2020,HYA,MA,ANE,EN,Federal Contract Tower,0,4,0,0,4,0,37,27,0,64,0,41,27,0,68,14,0,14,82
01/19/2020,HYA,MA,ANE,EN,Federal Contract Tower,0,7,0,0,7,0,29,30,0,59,0,36,30,0,66,4,0,4,70
01/20/2020,HYA,MA,ANE,EN,Federal Contract Tower,0,18,11,0,29,0,52,51,0,103,0,70,62,0,132,20,0,20,152
01/21/2020,HYA,MA,ANE,EN,Federal Contract Tower,0,10,5,0,15,0,70,58,0,128,0,80,63,0,143,12,0,12,155
01/22/2020,HYA,MA,ANE,EN,Federal Contract Tower,0,27,4,0,31,0,85,74,0,159,0,112,78,0,190,44,0,44,234
01/23/2020,HYA,MA,ANE,EN,Federal Contract Tower,0,5,5,0,10,0,84,52,0,136,0,89,57,0,146,40,0,40,186
01/24/2020,HYA,MA,ANE,EN,Federal Contract Tower,0,8,2,0,10,0,66,68,0,134,0,74,70,0,144,42,0,42,186
01/25/2020,HYA,MA,ANE,EN,Federal Contract Tower,0,25,8,0,33,0,1,0,0,1,0,26,8,0,34,0,0,0,34
01/26/2020,HYA,MA,ANE,EN,Federal Contract Tower,0,10,3,0,13,0,32,47,0,79,0,42,50,0,92,8,0,8,100
01/27/2020,HYA,MA,ANE,EN,Federal Contract Tower,0,50,12,0,62,0,70,74,0,144,0,120,86,0,206,70,0,70,276
01/28/2020,HYA,MA,ANE,EN,Federal Contract Tower,0,0,0,0,0,0,70,74,0,144,0,70,74,0,144,70,0,70,214
01/29/2020,HYA,MA,ANE,EN,Federal Contract Tower,0,7,23,0,30,0,86,58,0,144,0,93,81,0,174,80,0,80,254
01/30/2020,HYA,MA,ANE,EN,Federal Contract Tower,0,12,11,0,23,0,71,50,0,121,0,83,61,0,144,48,0,48,192
01/31/2020,HYA,MA,ANE,EN,Federal Contract Tower,0,13,6,0,19,0,70,69,0,139,0,83,75,0,158,46,0,46,204
02/01/2020,HYA,MA,ANE,EN,Federal Contract Tower,0,18,5,0,23,0,18,15,0,33,0,36,20,0,56,0,0,0,56
02/02/2020,HYA,MA,ANE,EN,Federal Contract Tower,0,0,4,0,4,0,51,59,0,110,0,51,63,0,114,22,0,22,136
02/03/2020,HYA,MA,ANE,EN,Federal Contract Tower,0,5,3,0,8,0,70,74,0,144,0,75,77,0,152,48,0,48,200
02/04/2020,HYA,MA,ANE,EN,Federal Contract Tower,0,14,6,0,20,0,68,44,0,112,0,82,50,0,132,80,0,80,212
02/05/2020,HYA,MA,ANE,EN,Federal Contract Tower,0,12,5,0,17,0,68,47,0,115,0,80,52,0,132,74,0,74,206
02/06/2020,HYA,MA,ANE,EN,Federal Contract Tower,0,30,22,0,52,0,0,0,0,0,0,30,22,0,52,0,0,0,52
02/07/2020,HYA,MA,ANE,EN,Federal Contract Tower,0,8,12,0,20,0,1,1,0,2,0,9,13,0,22,0,0,0,22
02/08/2020,HYA,MA,ANE,EN,Federal Contract Tower,0,13,4,0,17,0,43,36,0,79,0,56,40,0,96,26,2,28,124
02/09/2020,HYA,MA,ANE,EN,Federal Contract Tower,0,0,1,0,1,0,51,58,0,109,0,51,59,0,110,14,0,14,124
02/10/2020,HYA,MA,ANE,EN,Federal Contract Tower,0,46,1,0,47,0,50,54,0,104,0,96,55,0,151,30,0,30,181
02/11/2020,HYA,MA,ANE,EN,Federal Contract Tower,0,29,18,0,47,0,0,0,0,0,0,29,18,0,47,0,0,0,47
02/12/2020,HYA,MA,ANE,EN,Federal Contract Tower,0,44,14,0,58,0,91,86,2,179,0,135,100,2,237,90,0,90,327
02/13/2020,HYA,MA,ANE,EN,Federal Contract Tower,0,61,21,0,82,0,0,0,0,0,0,61,21,0,82,0,0,0,82
02/14/2020,HYA,MA,ANE,EN,Federal Contract Tower,0,26,6,0,32,0,77,57,0,134,0,103,63,0,166,50,0,50,216
02/15/2020,HYA,MA,ANE,EN,Federal Contract Tower,0,12,2,0,14,0,45,64,0,109,0,57,66,0,123,38,0,38,161
02/16/2020,HYA,MA,ANE,EN,Federal Contract Tower,0,2,4,0,6,0,38,54,0,92,0,40,58,0,98,34,0,34,132
02/17/2020,HYA,MA,ANE,EN,Federal Contract Tower,0,8,9,1,18,0,56,84,0,140,0,64,93,1,158,50,0,50,208
02/18/2020,HYA,MA,ANE,EN,Federal Contract Tower,0,27,3,0,30,0,38,36,2,76,0,65,39,2,106,8,12,20,126
02/19/2020,HYA,MA,ANE,EN,Federal Contract Tower,0,23,8,0,31,0,79,52,0,131,0,102,60,0,162,102,12,114,276
02/20/2020,HYA,MA,ANE,EN,Federal Contract Tower,0,28,3,0,31,0,69,66,0,135,0,97,69,0,166,22,0,22,188
02/21/2020,HYA,MA,ANE,EN,Federal Contract Tower,0,29,3,0,32,0,53,61,0,114,0,82,64,0,146,54,0,54,200
02/22/2020,HYA,MA,ANE,EN,Federal Contract Tower,0,2,8,0,10,0,52,65,0,117,0,54,73,0,127,52,0,52,179
02/23/2020,HYA,MA,ANE,EN,Federal Contract Tower,0,5,5,0,10,0,43,65,0,108,0,48,70,0,118,36,0,36,154
02/24/2020,HYA,MA,ANE,EN,Federal Contract Tower,0,18,0,0,18,0,68,76,0,144,0,86,76,0,162,94,0,94,256
02/25/2020,HYA,MA,ANE,EN,Federal Contract Tower,0,64,24,0,88,0,10,5,0,15,0,74,29,0,103,0,0,0,103
02/26/2020,HYA,MA,ANE,EN,Federal Contract Tower,0,56,18,0,74,0,0,0,0,0,0,56,18,0,74,0,0,0,74
02/27/2020,HYA,MA,ANE,EN,Federal Contract Tower,0,15,11,0,26,0,23,24,0,47,0,38,35,0,73,0,0,0,73
02/28/2020,HYA,MA,ANE,EN,Federal Contract Tower,0,21,5,0,26,0,76,58,0,134,0,97,63,0,160,70,0,70,230
02/29/2020,HYA,MA,ANE,EN,Federal Contract Tower,0,3,3,0,6,0,56,65,0,121,0,59,68,0,127,44,0,44,171
03/01/2020,HYA,MA,ANE,EN,Federal Contract Tower,0,3,5,0,8,0,51,72,0,123,0,54,77,0,131,62,0,62,193
03/02/2020,HYA,MA,ANE,EN,Federal Contract Tower,0,4,4,0,8,0,71,75,0,146,0,75,79,0,154,16,0,16,170
03/03/2020,HYA,MA,ANE,EN,Federal Contract Tower,0,12,14,0,26,0,62,56,0,118,0,74,70,0,144,62,0,62,206
03/04/2020,HYA,MA,ANE,EN,Federal Contract Tower,0,20,3,0,23,0,76,39,0,115,0,96,42,0,138,38,0,38,176
03/05/2020,HYA,MA,ANE,EN,Federal Contract Tower,0,11,3,0,14,0,81,56,0,137,0,92,59,0,151,58,0,58,209
03/06/2020,HYA,MA,ANE,EN,Federal Contract Tower,0,17,5,0,22,0,65,52,0,117,0,82,57,0,139,44,24,68,207
03/07/2020,HYA,MA,ANE,EN,Federal Contract Tower,1,2,4,0,7,0,8,2,0,10,1,10,6,0,17,0,0,0,17
03/08/2020,HYA,MA,ANE,EN,Federal Contract Tower,0,2,4,0,6,0,44,64,0,108,0,46,68,0,114,34,0,34,148
03/09/2020,HYA,MA,ANE,EN,Federal Contract Tower,0,2,1,0,3,0,63,72,0,135,0,65,73,0,138,90,0,90,228
03/10/2020,HYA,MA,ANE,EN,Federal Contract Tower,0,15,2,0,17,0,77,56,0,133,0,92,58,0,150,64,0,64,214
03/11/2020,HYA,MA,ANE,EN,Federal Contract Tower,0,15,10,0,25,0,84,67,0,151,0,99,77,0,176,56,6,62,238
03/12/2020,HYA,MA,ANE,EN,Federal Contract Tower,0,21,2,0,23,0,70,62,0,132,0,91,64,0,155,54,0,54,209
03/13/2020,HYA,MA,ANE,EN,Federal Contract Tower,0,30,16,0,46,0,15,8,0,23,0,45,24,0,69,0,0,0,69
03/14/2020,HYA,MA,ANE,EN,Federal Contract Tower,0,4,5,0,9,0,30,29,0,59,0,34,34,0,68,24,0,24,92
03/15/2020,HYA,MA,ANE,EN,Federal Contract Tower,0,3,4,0,7,0,45,56,0,101,0,48,60,0,108,54,0,54,162
03/16/2020,HYA,MA,ANE,EN,Federal Contract Tower,0,4,2,0,6,0,65,63,0,128,0,69,65,0,134,44,0,44,178
03/17/2020,HYA,MA,ANE,EN,Federal Contract Tower,0,66,6,0,72,0,2,1,0,3,0,68,7,0,75,0,0,0,75
03/18/2020,HYA,MA,ANE,EN,Federal Contract Tower,0,23,6,0,29,0,79,70,0,149,0,102,76,0,178,80,0,80,258
03/19/2020,HYA,MA,ANE,EN,Federal Contract Tower,0,46,7,0,53,0,7,7,0,14,0,53,14,0,67,0,0,0,67
03/20/2020,HYA,MA,ANE,EN,Federal Contract Tower,0,21,2,0,23,0,0,0,0,0,0,21,2,0,23,0,0,0,23
03/21/2020,HYA,MA,ANE,EN,Federal Contract Tower,0,18,4,0,22,0,53,33,0,86,0,71,37,0,108,62,0,62,170
03/22/2020,HYA,MA,ANE,EN,Federal Contract Tower,0,12,3,0,15,0,52,48,0,100,0,64,51,0,115,52,0,52,167
03/23/2020,HYA,MA,ANE,EN,Federal Contract Tower,0,29,2,0,31,0,55,28,0,83,0,84,30,0,114,0,0,0,114
03/24/2020,HYA,MA,ANE,EN,Federal Contract Tower,0,41,5,0,46,0,35,21,0,56,0,76,26,0,102,48,0,48,150
03/25/2020,HYA,MA,ANE,EN,Federal Contract Tower,0,21,0,0,21,0,62,15,0,77,0,83,15,0,98,28,0,28,126
03/26/2020,HYA,MA,ANE,EN,Federal Contract Tower,0,37,0,0,37,0,36,27,0,63,0,73,27,0,100,52,0,52,152
03/27/2020,HYA,MA,ANE,EN,Federal Contract Tower,0,6,0,0,6,0,28,33,0,61,0,34,33,0,67,4,0,4,71
03/28/2020,HYA,MA,ANE,EN,Federal Contract Tower,0,7,1,0,8,0,45,56,0,101,0,52,57,0,109,36,0,36,145
03/29/2020,HYA,MA,ANE,EN,Federal Contract Tower,0,8,0,0,8,0,1,0,0,1,0,9,0,0,9,0,0,0,9
03/30/2020,HYA,MA,ANE,EN,Federal Contract Tower,0,49,2,0,51,0,0,0,0,0,0,49,2,0,51,0,0,0,51
03/31/2020,HYA,MA,ANE,EN,Federal Contract Tower,0,29,1,0,30,0,51,13,0,64,0,80,14,0,94,70,0,70,164
04/01/2020,HYA,MA,ANE,EN,Federal Contract Tower,0,29,5,0,34,0,44,22,0,66,0,73,27,0,100,32,0,32,132
04/02/2020,HYA,MA,ANE,EN,Federal Contract Tower,0,46,0,0,46,0,8,5,0,13,0,54,5,0,59,0,0,0,59
04/03/2020,HYA,MA,ANE,EN,Federal Contract Tower,0,1,0,0,1,0,0,0,0,0,0,1,0,0,1,0,0,0,1
04/04/2020,HYA,MA,ANE,EN,Federal Contract Tower,0,43,0,0,43,0,8,5,0,13,0,51,5,0,56,0,0,0,56
04/05/2020,HYA,MA,ANE,EN,Federal Contract Tower,0,12,1,0,13,0,59,34,0,93,0,71,35,0,106,10,0,10,116
04/06/2020,HYA,MA,ANE,EN,Federal Contract Tower,0,6,5,0,11,0,67,35,0,102,0,73,40,0,113,46,0,46,159
04/07/2020,HYA,MA,ANE,EN,Federal Contract Tower,0,28,2,0,30,0,48,39,0,87,0,76,41,0,117,18,0,18,135
04/08/2020,HYA,MA,ANE,EN,Federal Contract Tower,0,23,5,0,28,0,30,16,0,46,0,53,21,0,74,18,0,18,92
04/09/2020,HYA,MA,ANE,EN,Federal Contract Tower,0,20,8,0,28,0,0,2,0,2,0,20,10,0,30,0,0,0,30
04/10/2020,HYA,MA,ANE,EN,Federal Contract Tower,0,9,1,0,10,0,52,19,0,71,0,61,20,0,81,0,0,0,81
04/11/2020,HYA,MA,ANE,EN,Federal Contract Tower,0,2,0,0,2,0,38,16,0,54,0,40,16,0,56,4,0,4,60
04/12/2020,HYA,MA,ANE,EN,Federal Contract Tower,0,4,1,0,5,0,29,51,0,80,0,33,52,0,85,2,0,2,87
04/13/2020,HYA,MA,ANE,EN,Federal Contract Tower,0,11,0,0,11,0,8,0,0,8,0,19,0,0,19,8,0,8,27
04/14/2020,HYA,MA,ANE,EN,Federal Contract Tower,0,6,0,0,6,0,52,42,0,94,0,58,42,0,100,34,0,34,134
04/15/2020,HYA,MA,ANE,EN,Federal Contract Tower,0,21,3,0,24,0,46,26,0,72,0,67,29,0,96,34,0,34,130
04/16/2020,HYA,MA,ANE,EN,Federal Contract Tower,0,8,3,0,11,0,54,24,0,78,0,62,27,0,89,84,0,84,173
04/17/2020,HYA,MA,ANE,EN,Federal Contract Tower,0,7,1,0,8,0,32,10,0,42,0,39,11,0,50,12,0,12,62
04/18/2020,HYA,MA,ANE,EN,Federal Contract Tower,0,11,2,0,13,0,0,0,0,0,0,11,2,0,13,0,0,0,13
04/20/2020,HYA,MA,ANE,EN,Federal Contract Tower,0,11,1,0,12,0,48,14,0,62,0,59,15,0,74,34,0,34,108
04/22/2020,HYA,MA,ANE,EN,Federal Contract Tower,0,30,2,0,32,0,37,8,0,45,0,67,10,0,77,40,0,40,117
04/23/2020,HYA,MA,ANE,EN,Federal Contract Tower,0,15,10,0,25,0,55,37,0,92,0,70,47,0,117,24,0,24,141
04/24/2020,HYA,MA,ANE,EN,Federal Contract Tower,0,35,8,0,43,0,0,0,0,0,0,35,8,0,43,0,0,0,43
04/25/2020,HYA,MA,ANE,EN,Federal Contract Tower,0,14,3,0,17,0,60,69,0,129,0,74,72,0,146,42,0,42,188
04/26/2020,HYA,MA,ANE,EN,Federal Contract Tower,0,5,0,0,5,0,19,10,0,29,0,24,10,0,34,34,0,34,68
04/27/2020,HYA,MA,ANE,EN,Federal Contract Tower,0,22,11,0,33,0,0,0,0,0,0,22,11,0,33,0,0,0,33
04/28/2020,HYA,MA,ANE,EN,Federal Contract Tower,0,50,6,0,56,0,29,33,0,62,0,79,39,0,118,4,0,4,122
04/29/2020,HYA,MA,ANE,EN,Federal Contract Tower,0,20,12,0,32,0,52,59,0,111,0,72,71,0,143,80,0,80,223
04/30/2020,HYA,MA,ANE,EN,Federal Contract Tower,0,44,3,2,49,0,32,20,0,52,0,76,23,2,101,16,30,46,147
05/02/2020,HYA,MA,ANE,EN,Federal Contract Tower,0,5,1,0,6,0,36,33,0,69,0,41,34,0,75,0,23,23,98
05/03/2020,HYA,MA,ANE,EN,Federal Contract Tower,0,4,5,0,9,0,23,30,0,53,0,27,35,0,62,6,12,18,80
05/04/2020,HYA,MA,ANE,EN,Federal Contract Tower,0,11,8,0,19,0,67,46,0,113,0,78,54,0,132,44,0,44,176
05/05/2020,HYA,MA,ANE,EN,Federal Contract Tower,0,10,0,0,10,0,45,44,0,89,0,55,44,0,99,32,0,32,131
05/06/2020,HYA,MA,ANE,EN,Federal Contract Tower,0,25,2,0,27,0,55,37,0,92,0,80,39,0,119,20,0,20,139
05/08/2020,HYA,MA,ANE,EN,Federal Contract Tower,0,14,1,0,15,0,42,25,0,67,0,56,26,0,82,4,0,4,86
05/09/2020,HYA,MA,ANE,EN,Federal Contract Tower,0,6,2,0,8,0,19,2,0,21,0,25,4,0,29,0,0,0,29
05/11/2020,HYA,MA,ANE,EN,Federal Contract Tower,0,9,3,0,12,0,39,27,0,66,0,48,30,0,78,34,2,36,114
05/12/2020,HYA,MA,ANE,EN,Federal Contract Tower,0,8,1,0,9,0,38,27,0,65,0,46,28,0,74,20,0,20,94
05/13/2020,HYA,MA,ANE,EN,Federal Contract Tower,0,19,9,0,28,0,62,37,0,99,0,81,46,0,127,16,2,18,145
05/14/2020,HYA,MA,ANE,EN,Federal Contract Tower,0,11,8,0,19,0,61,56,0,117,0,72,64,0,136,46,0,46,182
05/15/2020,HYA,MA,ANE,EN,Federal Contract Tower,0,20,11,0,31,0,29,15,0,44,0,49,26,0,75,4,0,4,79
05/16/2020,HYA,MA,ANE,EN,Federal Contract Tower,0,16,9,0,25,0,24,21,0,45,0,40,30,0,70,33,2,35,105
05/17/2020,HYA,MA,ANE,EN,Federal Contract Tower,0,7,5,0,12,0,15,41,0,56,0,22,46,0,68,0,0,0,68
05/18/2020,HYA,MA,ANE,EN,Federal Contract Tower,0,9,9,0,18,0,41,48,0,89,0,50,57,0,107,30,0,30,137
05/19/2020,HYA,MA,ANE,EN,Federal Contract Tower,0,36,2,0,38,0,47,30,0,77,0,83,32,0,115,4,0,4,119
05/20/2020,HYA,MA,ANE,EN,Federal Contract Tower,0,20,8,0,28,0,59,38,0,97,0,79,46,0,125,77,0,77,202
05/21/2020,HYA,MA,ANE,EN,Federal Contract Tower,0,41,22,0,63,0,71,58,0,129,0,112,80,0,192,54,0,54,246
05/22/2020,HYA,MA,ANE,EN,Federal Contract Tower,0,24,12,8,44,0,75,56,0,131,0,99,68,8,175,94,0,94,269
05/23/2020,HYA,MA,ANE,EN,Federal Contract Tower,0,30,24,0,54,0,1,0,0,1,0,31,24,0,55,0,0,0,55
05/24/2020,HYA,MA,ANE,EN,Federal Contract Tower,0,18,5,0,23,0,28,37,0,65,0,46,42,0,88,52,0,52,140
05/25/2020,HYA,MA,ANE,EN,Federal Contract Tower,0,61,16,0,77,0,10,10,0,20,0,71,26,0,97,18,0,18,115
05/26/2020,HYA,MA,ANE,EN,Federal Contract Tower,0,80,28,0,108,0,15,16,0,31,0,95,44,0,139,10,0,10,149
05/27/2020,HYA,MA,ANE,EN,Federal Contract Tower,0,71,22,0,93,0,36,23,0,59,0,107,45,0,152,6,0,6,158
05/28/2020,HYA,MA,ANE,EN,Federal Contract Tower,0,38,19,0,57,0,46,33,0,79,0,84,52,0,136,34,0,34,170
05/29/2020,HYA,MA,ANE,EN,Federal Contract Tower,0,68,36,0,104,0,0,0,0,0,0,68,36,0,104,0,0,0,104
05/30/2020,HYA,MA,ANE,EN,Federal Contract Tower,0,28,14,0,42,0,5,9,0,14,0,33,23,0,56,0,2,2,58
05/31/2020,HYA,MA,ANE,EN,Federal Contract Tower,0,10,7,0,17,0,38,50,0,88,0,48,57,0,105,8,0,8,113
06/01/2020,HYA,MA,ANE,EN,Federal Contract Tower,0,14,3,1,18,0,56,63,0,119,0,70,66,1,137,46,0,46,183
06/02/2020,HYA,MA,ANE,EN,Federal Contract Tower,0,24,20,0,44,0,60,64,0,124,0,84,84,0,168,42,0,42,210
06/03/2020,HYA,MA,ANE,EN,Federal Contract Tower,0,40,7,0,47,0,59,38,0,97,0,99,45,0,144,16,0,16,160
06/04/2020,HYA,MA,ANE,EN,Federal Contract Tower,0,17,7,0,24,0,62,61,0,123,0,79,68,0,147,24,0,24,171
06/05/2020,HYA,MA,ANE,EN,Federal Contract Tower,0,44,22,0,66,0,25,19,0,44,0,69,41,0,110,0,0,0,110
06/06/2020,HYA,MA,ANE,EN,Federal Contract Tower,0,38,24,0,62,0,2,7,0,9,0,40,31,0,71,0,0,0,71
06/07/2020,HYA,MA,ANE,EN,Federal Contract Tower,0,24,13,0,37,0,33,38,0,71,0,57,51,0,108,38,0,38,146
06/08/2020,HYA,MA,ANE,EN,Federal Contract Tower,0,15,8,0,23,0,56,63,0,119,0,71,71,0,142,22,0,22,164
06/09/2020,HYA,MA,ANE,EN,Federal Contract Tower,0,18,8,0,26,0,57,56,0,113,0,75,64,0,139,22,0,22,161
06/10/2020,HYA,MA,ANE,EN,Federal Contract Tower,0,47,10,0,57,0,25,19,0,44,0,72,29,0,101,0,0,0,101
06/11/2020,HYA,MA,ANE,EN,Federal Contract Tower,0,33,9,0,42,0,51,22,0,73,0,84,31,0,115,16,0,16,131
06/12/2020,HYA,MA,ANE,EN,Federal Contract Tower,0,42,35,0,77,0,42,45,0,87,0,84,80,0,164,2,6,8,172
06/13/2020,HYA,MA,ANE,EN,Federal Contract Tower,0,21,8,0,29,0,31,45,0,76,0,52,53,0,105,8,0,8,113
06/14/2020,HYA,MA,ANE,EN,Federal Contract Tower,0,18,19,0,37,0,39,53,0,92,0,57,72,0,129,16,0,16,145
06/15/2020,HYA,MA,ANE,EN,Federal Contract Tower,0,45,28,0,73,0,21,35,2,58,0,66,63,2,131,30,0,30,161
06/16/2020,HYA,MA,ANE,EN,Federal Contract Tower,0,18,32,2,52,0,78,68,0,146,0,96,100,2,198,22,0,22,220
06/17/2020,HYA,MA,ANE,EN,Federal Contract Tower,0,27,18,1,46,0,59,64,0,123,0,86,82,1,169,0,0,0,169
06/19/2020,HYA,MA,ANE,EN,Federal Contract Tower,0,45,31,0,76,0,39,31,0,70,0,84,62,0,146,6,0,6,152
06/20/2020,HYA,MA,ANE,EN,Federal Contract Tower,0,27,22,0,49,0,43,43,0,86,0,70,65,0,135,24,0,24,159
06/21/2020,HYA,MA,ANE,EN,Federal Contract Tower,0,34,16,0,50,0,24,32,0,56,0,58,48,0,106,10,0,10,116
06/22/2020,HYA,MA,ANE,EN,Federal Contract Tower,0,60,19,0,79,0,44,26,0,70,0,104,45,0,149,12,0,12,161
06/23/2020,HYA,MA,ANE,EN,Federal Contract Tower,0,48,30,0,78,0,17,27,0,44,0,65,57,0,122,18,0,18,140
06/24/2020,HYA,MA,ANE,EN,Federal Contract Tower,0,84,22,0,106,0,6,0,0,6,0,90,22,0,112,0,0,0,112
06/25/2020,HYA,MA,ANE,EN,Federal Contract Tower,0,17,38,0,55,0,69,52,0,121,0,86,90,0,176,36,0,36,212
06/26/2020,HYA,MA,ANE,EN,Federal Contract Tower,0,45,18,0,63,0,59,40,0,99,0,104,58,0,162,30,0,30,192
06/27/2020,HYA,MA,ANE,EN,Federal Contract Tower,0,36,10,0,46,0,42,27,0,69,0,78,37,0,115,10,0,10,125
06/28/2020,HYA,MA,ANE,EN,Federal Contract Tower,0,38,21,0,59,0,31,43,0,74,0,69,64,0,133,14,0,14,147
06/30/2020,HYA,MA,ANE,EN,Federal Contract Tower,0,71,21,0,92,0,24,25,0,49,0,95,46,0,141,30,0,30,171
07/01/2020,HYA,MA,ANE,EN,Federal Contract Tower,0,74,50,0,124,0,32,14,0,46,0,106,64,0,170,0,0,0,170
07/02/2020,HYA,MA,ANE,EN,Federal Contract Tower,0,55,33,0,88,0,64,65,0,129,0,119,98,0,217,58,0,58,275
07/03/2020,HYA,MA,ANE,EN,Federal Contract Tower,0,73,29,0,102,0,12,9,0,21,0,85,38,0,123,0,0,0,123
07/04/2020,HYA,MA,ANE,EN,Federal Contract Tower,0,35,20,0,55,0,8,11,0,19,0,43,31,0,74,4,0,4,78
07/05/2020,HYA,MA,ANE,EN,Federal Contract Tower,0,65,36,0,101,0,1,1,0,2,0,66,37,0,103,0,0,0,103
07/06/2020,HYA,MA,ANE,EN,Federal Contract Tower,0,89,33,0,122,0,28,22,0,50,0,117,55,0,172,0,0,0,172
07/07/2020,HYA,MA,ANE,EN,Federal Contract Tower,0,61,36,0,97,0,55,61,0,116,0,116,97,0,213,34,0,34,247
07/08/2020,HYA,MA,ANE,EN,Federal Contract Tower,0,63,35,0,98,0,50,31,0,81,0,113,66,0,179,0,0,0,179
07/09/2020,HYA,MA,ANE,EN,Federal Contract Tower,0,57,42,0,99,0,39,44,0,83,0,96,86,0,182,22,0,22,204
07/10/2020,HYA,MA,ANE,EN,Federal Contract Tower,0,71,27,0,98,0,6,0,0,6,0,77,27,0,104,0,0,0,104
07/11/2020,HYA,MA,ANE,EN,Federal Contract Tower,0,86,27,0,113,0,0,0,0,0,0,86,27,0,113,0,0,0,113
07/12/2020,HYA,MA,ANE,EN,Federal Contract Tower,0,26,21,0,47,0,40,45,0,85,0,66,66,0,132,23,0,23,155
07/13/2020,HYA,MA,ANE,EN,Federal Contract Tower,0,64,36,3,103,0,47,48,0,95,0,111,84,3,198,36,0,36,234
07/14/2020,HYA,MA,ANE,EN,Federal Contract Tower,0,70,23,0,93,0,10,12,0,22,0,80,35,0,115,6,0,6,121
07/15/2020,HYA,MA,ANE,EN,Federal Contract Tower,0,61,16,2,79,0,54,39,4,97,0,115,55,6,176,12,0,12,188
07/16/2020,HYA,MA,ANE,EN,Federal Contract Tower,0,46,27,0,73,0,75,68,0,143,0,121,95,0,216,33,0,33,249
07/17/2020,HYA,MA,ANE,EN,Federal Contract Tower,0,74,18,0,92,0,29,13,0,42,0,103,31,0,134,0,0,0,134
07/18/2020,HYA,MA,ANE,EN,Federal Contract Tower,0,61,24,0,85,0,43,67,0,110,0,104,91,0,195,18,0,18,213
07/19/2020,HYA,MA,ANE,EN,Federal Contract Tower,0,54,31,0,85,0,22,29,0,51,0,76,60,0,136,0,0,0,136
07/20/2020,HYA,MA,ANE,EN,Federal Contract Tower,0,69,35,0,104,0,35,33,0,68,0,104,68,0,172,12,0,12,184
07/21/2020,HYA,MA,ANE,EN,Federal Contract Tower,0,23,15,0,38,0,60,53,0,113,0,83,68,0,151,44,2,46,197
07/22/2020,HYA,MA,ANE,EN,Federal Contract Tower,0,42,19,0,61,0,48,52,0,100,0,90,71,0,161,22,0,22,183
07/23/2020,HYA,MA,ANE,EN,Federal Contract Tower,0,41,21,0,62,0,66,43,0,109,0,107,64,0,171,0,0,0,171
07/24/2020,HYA,MA,ANE,EN,Federal Contract Tower,0,45,21,0,66,0,75,71,0,146,0,120,92,0,212,18,0,18,230
07/25/2020,HYA,MA,ANE,EN,Federal Contract Tower,0,43,20,0,63,0,44,60,0,104,0,87,80,0,167,28,0,28,195
07/26/2020,HYA,MA,ANE,EN,Federal Contract Tower,0,49,20,0,69,0,41,42,0,83,0,90,62,0,152,8,0,8,160
07/27/2020,HYA,MA,ANE,EN,Federal Contract Tower,0,21,15,0,36,0,63,66,0,129,0,84,81,0,165,24,0,24,189
07/28/2020,HYA,MA,ANE,EN,Federal Contract Tower,0,31,7,0,38,0,92,60,0,152,0,123,67,0,190,26,0,26,216
07/29/2020,HYA,MA,ANE,EN,Federal Contract Tower,0,32,12,0,44,0,80,74,1,155,0,112,86,1,199,16,0,16,215
07/30/2020,HYA,MA,ANE,EN,Federal Contract Tower,0,66,33,0,99,0,40,49,0,89,0,106,82,0,188,12,0,12,200
07/31/2020,HYA,MA,ANE,EN,Federal Contract Tower,0,50,29,0,79,0,52,54,0,106,0,102,83,0,185,20,0,20,205
08/01/2020,HYA,MA,ANE,EN,Federal Contract Tower,2,40,11,0,53,0,68,67,0,135,2,108,78,0,188,12,0,12,200
08/02/2020,HYA,MA,ANE,EN,Federal Contract Tower,2,30,18,0,50,0,46,53,0,99,2,76,71,0,149,20,0,20,169
08/03/2020,HYA,MA,ANE,EN,Federal Contract Tower,0,38,18,0,56,0,48,45,0,93,0,86,63,0,149,24,0,24,173
08/04/2020,HYA,MA,ANE,EN,Federal Contract Tower,0,54,10,0,64,0,8,6,0,14,0,62,16,0,78,0,0,0,78
08/05/2020,HYA,MA,ANE,EN,Federal Contract Tower,2,45,21,0,68,0,62,40,0,102,2,107,61,0,170,0,0,0,170
08/06/2020,HYA,MA,ANE,EN,Federal Contract Tower,0,30,19,0,49,0,72,73,0,145,0,102,92,0,194,28,0,28,222
08/07/2020,HYA,MA,ANE,EN,Federal Contract Tower,0,58,21,0,79,0,66,56,0,122,0,124,77,0,201,114,0,114,315
08/08/2020,HYA,MA,ANE,EN,Federal Contract Tower,2,75,33,0,110,0,19,22,1,42,2,94,55,1,152,10,0,10,162
08/09/2020,HYA,MA,ANE,EN,Federal Contract Tower,2,34,20,0,56,0,44,63,0,107,2,78,83,0,163,12,0,12,175
08/10/2020,HYA,MA,ANE,EN,Federal Contract Tower,0,55,35,1,91,0,34,49,0,83,0,89,84,1,174,37,6,43,217
08/11/2020,HYA,MA,ANE,EN,Federal Contract Tower,0,50,33,0,83,0,39,36,0,75,0,89,69,0,158,12,0,12,170
08/12/2020,HYA,MA,ANE,EN,Federal Contract Tower,2,62,28,0,92,0,35,18,0,53,2,97,46,0,145,10,0,10,155
08/13/2020,HYA,MA,ANE,EN,Federal Contract Tower,0,75,29,0,104,0,67,58,0,125,0,142,87,0,229,40,0,40,269
08/14/2020,HYA,MA,ANE,EN,Federal Contract Tower,0,39,29,0,68,0,85,85,0,170,0,124,114,0,238,70,0,70,308
08/15/2020,HYA,MA,ANE,EN,Federal Contract Tower,2,62,37,0,101,0,22,12,0,34,2,84,49,0,135,0,0,0,135
08/16/2020,HYA,MA,ANE,EN,Federal Contract Tower,3,53,39,0,95,0,10,10,0,20,3,63,49,0,115,0,0,0,115
08/17/2020,HYA,MA,ANE,EN,Federal Contract Tower,0,55,32,0,87,0,24,29,0,53,0,79,61,0,140,52,0,52,192
08/18/2020,HYA,MA,ANE,EN,Federal Contract Tower,0,33,10,1,44,0,0,0,0,0,0,33,10,1,44,48,0,48,92
08/19/2020,HYA,MA,ANE,EN,Federal Contract Tower,2,40,26,0,68,0,73,61,0,134,2,113,87,0,202,12,0,12,214
08/20/2020,HYA,MA,ANE,EN,Federal Contract Tower,0,28,15,0,43,0,76,73,0,149,0,104,88,0,192,38,12,50,242
08/21/2020,HYA,MA,ANE,EN,Federal Contract Tower,0,28,23,0,51,0,78,63,0,141,0,106,86,0,192,42,0,42,234
08/22/2020,HYA,MA,ANE,EN,Federal Contract Tower,2,47,16,0,65,0,53,52,0,105,2,100,68,0,170,16,0,16,186
08/23/2020,HYA,MA,ANE,EN,Federal Contract Tower,2,40,23,0,65,0,32,41,0,73,2,72,64,0,138,44,0,44,182
08/24/2020,HYA,MA,ANE,EN,Federal Contract Tower,0,68,29,0,97,0,33,44,0,77,0,101,73,0,174,0,0,0,174
08/25/2020,HYA,MA,ANE,EN,Federal Contract Tower,0,38,7,0,45,0,53,47,0,100,0,91,54,0,145,40,0,40,185
08/26/2020,HYA,MA,ANE,EN,Federal Contract Tower,2,20,11,0,33,0,83,72,0,155,2,103,83,0,188,54,0,54,242
08/27/2020,HYA,MA,ANE,EN,Federal Contract Tower,0,54,12,0,66,0,64,48,0,112,0,118,60,0,178,8,0,8,186
08/28/2020,HYA,MA,ANE,EN,Federal Contract Tower,2,53,26,0,81,0,55,66,0,121,2,108,92,0,202,38,0,38,240
08/29/2020,HYA,MA,ANE,EN,Federal Contract Tower,2,53,25,0,80,0,1,0,0,1,2,54,25,0,81,0,0,0,81
08/30/2020,HYA,MA,ANE,EN,Federal Contract Tower,2,24,25,0,51,0,53,46,0,99,2,77,71,0,150,60,0,60,210
08/31/2020,HYA,MA,ANE,EN,Federal Contract Tower,0,14,15,0,29,0,66,64,0,130,0,80,79,0,159,100,2,102,261
09/01/2020,HYA,MA,ANE,EN,Federal Contract Tower,0,24,20,0,44,0,99,62,0,161,0,123,82,0,205,70,0,70,275
09/02/2020,HYA,MA,ANE,EN,Federal Contract Tower,2,82,37,0,121,0,26,27,0,53,2,108,64,0,174,40,0,40,214
09/03/2020,HYA,MA,ANE,EN,Federal Contract Tower,0,107,61,0,168,0,1,3,0,4,0,108,64,0,172,0,0,0,172
09/04/2020,HYA,MA,ANE,EN,Federal Contract Tower,2,42,22,0,66,0,52,65,0,117,2,94,87,0,183,58,0,58,241
09/05/2020,HYA,MA,ANE,EN,Federal Contract Tower,0,26,16,0,42,0,61,60,0,121,0,87,76,0,163,46,0,46,209
09/06/2020,HYA,MA,ANE,EN,Federal Contract Tower,2,10,8,0,20,0,30,56,0,86,2,40,64,0,106,22,0,22,128
09/07/2020,HYA,MA,ANE,EN,Federal Contract Tower,0,36,20,0,56,0,71,63,0,134,0,107,83,0,190,34,0,34,224
09/08/2020,HYA,MA,ANE,EN,Federal Contract Tower,0,75,26,0,101,0,44,33,0,77,0,119,59,0,178,32,0,32,210
09/09/2020,HYA,MA,ANE,EN,Federal Contract Tower,0,76,24,0,100,0,0,0,0,0,0,76,24,0,100,0,0,0,100
09/10/2020,HYA,MA,ANE,EN,Federal Contract Tower,0,58,45,0,103,0,3,1,0,4,0,61,46,0,107,0,0,0,107
09/11/2020,HYA,MA,ANE,EN,Federal Contract Tower,0,49,28,0,77,0,43,44,2,89,0,92,72,2,166,0,16,16,182
09/12/2020,HYA,MA,ANE,EN,Federal Contract Tower,0,27,12,0,39,0,58,60,0,118,0,85,72,0,157,32,0,32,189
09/13/2020,HYA,MA,ANE,EN,Federal Contract Tower,0,28,16,0,44,0,50,41,0,91,0,78,57,0,135,16,0,16,151
09/14/2020,HYA,MA,ANE,EN,Federal Contract Tower,0,24,8,0,32,0,59,58,0,117,0,83,66,0,149,40,0,40,189
09/15/2020,HYA,MA,ANE,EN,Federal Contract Tower,0,34,17,0,51,0,78,75,0,153,0,112,92,0,204,44,0,44,248
09/16/2020,HYA,MA,ANE,EN,Federal Contract Tower,0,37,26,0,63,0,76,97,0,173,0,113,123,0,236,8,0,8,244
09/17/2020,HYA,MA,ANE,EN,Federal Contract Tower,0,30,19,0,49,0,77,65,0,142,0,107,84,0,191,38,0,38,229
09/18/2020,HYA,MA,ANE,EN,Federal Contract Tower,0,59,32,0,91,0,23,17,0,40,0,82,49,0,131,12,0,12,143
09/19/2020,HYA,MA,ANE,EN,Federal Contract Tower,0,16,6,0,22,0,40,35,0,75,0,56,41,0,97,30,0,30,127
09/20/2020,HYA,MA,ANE,EN,Federal Contract Tower,0,18,6,0,24,0,55,35,0,90,0,73,41,0,114,32,0,32,146
09/21/2020,HYA,MA,ANE,EN,Federal Contract Tower,0,10,11,0,21,0,73,60,0,133,0,83,71,0,154,4,0,4,158
09/22/2020,HYA,MA,ANE,EN,Federal Contract Tower,0,18,4,0,22,0,50,26,0,76,0,68,30,0,98,4,0,4,102
09/23/2020,HYA,MA,ANE,EN,Federal Contract Tower,0,22,9,0,31,0,94,31,0,125,0,116,40,0,156,26,0,26,182
09/24/2020,HYA,MA,ANE,EN,Federal Contract Tower,0,14,10,0,24,0,61,75,0,136,0,75,85,0,160,10,0,10,170
09/25/2020,HYA,MA,ANE,EN,Federal Contract Tower,0,64,21,0,85,0,27,40,0,67,0,91,61,0,152,34,0,34,186
09/26/2020,HYA,MA,ANE,EN,Federal Contract Tower,0,56,16,0,72,0,18,21,0,39,0,74,37,0,111,10,0,10,121
09/27/2020,HYA,MA,ANE,EN,Federal Contract Tower,0,34,23,0,57,0,36,26,0,62,0,70,49,0,119,4,0,4,123
09/28/2020,HYA,MA,ANE,EN,Federal Contract Tower,0,97,41,0,138,0,0,0,0,0,0,97,41,0,138,0,0,0,138
09/29/2020,HYA,MA,ANE,EN,Federal Contract Tower,0,49,20,0,69,0,24,23,0,47,0,73,43,0,116,14,0,14,130
09/30/2020,HYA,MA,ANE,EN,Federal Contract Tower,0,42,15,0,57,0,35,14,0,49,0,77,29,0,106,6,0,6,112
10/01/2020,HYA,MA,ANE,EN,Federal Contract Tower,0,36,12,0,48,0,70,44,0,114,0,106,56,0,162,22,0,22,184
10/02/2020,HYA,MA,ANE,EN,Federal Contract Tower,0,42,25,0,67,0,48,33,0,81,0,90,58,0,148,48,0,48,196
10/03/2020,HYA,MA,ANE,EN,Federal Contract Tower,0,14,12,0,26,0,50,79,0,129,0,64,91,0,155,42,0,42,197
10/04/2020,HYA,MA,ANE,EN,Federal Contract Tower,0,19,18,0,37,0,48,54,0,102,0,67,72,0,139,28,0,28,167
10/05/2020,HYA,MA,ANE,EN,Federal Contract Tower,0,38,7,0,45,0,45,25,0,70,0,83,32,0,115,20,0,20,135
10/06/2020,HYA,MA,ANE,EN,Federal Contract Tower,0,36,26,0,62,0,62,37,0,99,0,98,63,0,161,48,0,48,209
10/07/2020,HYA,MA,ANE,EN,Federal Contract Tower,0,34,3,0,37,0,44,28,0,72,0,78,31,0,109,18,0,18,127
10/08/2020,HYA,MA,ANE,EN,Federal Contract Tower,0,28,9,0,37,0,72,40,0,112,0,100,49,0,149,34,0,34,183
10/09/2020,HYA,MA,ANE,EN,Federal Contract Tower,0,24,12,0,36,0,90,60,0,150,0,114,72,0,186,30,0,30,216
10/10/2020,HYA,MA,ANE,EN,Federal Contract Tower,0,14,7,0,21,0,48,22,0,70,0,62,29,0,91,3,0,3,94
10/11/2020,HYA,MA,ANE,EN,Federal Contract Tower,0,21,15,0,36,0,41,33,0,74,0,62,48,0,110,2,0,2,112
10/12/2020,HYA,MA,ANE,EN,Federal Contract Tower,0,28,15,0,43,0,39,22,0,61,0,67,37,0,104,0,0,0,104
10/13/2020,HYA,MA,ANE,EN,Federal Contract Tower,0,62,27,0,89,0,0,0,0,0,0,62,27,0,89,0,0,0,89
10/14/2020,HYA,MA,ANE,EN,Federal Contract Tower,0,31,24,0,55,0,67,63,0,130,0,98,87,0,185,42,0,42,227
10/15/2020,HYA,MA,ANE,EN,Federal Contract Tower,0,25,26,0,51,0,61,52,0,113,0,86,78,0,164,24,0,24,188
10/16/2020,HYA,MA,ANE,EN,Federal Contract Tower,0,42,19,0,61,0,57,37,0,94,0,99,56,0,155,16,22,38,193
10/17/2020,HYA,MA,ANE,EN,Federal Contract Tower,0,34,16,0,50,0,20,21,0,41,0,54,37,0,91,12,0,12,103
10/18/2020,HYA,MA,ANE,EN,Federal Contract Tower,0,20,22,0,42,0,36,78,0,114,0,56,100,0,156,32,0,32,188
10/19/2020,HYA,MA,ANE,EN,Federal Contract Tower,0,19,8,0,27,0,59,55,0,114,0,78,63,0,141,26,2,28,169
10/20/2020,HYA,MA,ANE,EN,Federal Contract Tower,0,57,30,0,87,0,0,2,0,2,0,57,32,0,89,0,0,0,89
10/21/2020,HYA,MA,ANE,EN,Federal Contract Tower,0,63,26,0,89,0,0,0,0,0,0,63,26,0,89,0,0,0,89
10/22/2020,HYA,MA,ANE,EN,Federal Contract Tower,0,39,19,0,58,0,42,36,0,78,0,81,55,0,136,38,4,42,178
10/23/2020,HYA,MA,ANE,EN,Federal Contract Tower,0,37,22,2,61,0,55,46,1,102,0,92,68,3,163,58,8,66,229
10/24/2020,HYA,MA,ANE,EN,Federal Contract Tower,0,24,6,1,31,0,36,41,0,77,0,60,47,1,108,16,0,16,124
10/25/2020,HYA,MA,ANE,EN,Federal Contract Tower,0,9,10,0,19,0,27,45,0,72,0,36,55,0,91,20,0,20,111
10/26/2020,HYA,MA,ANE,EN,Federal Contract Tower,0,68,19,0,87,0,30,8,0,38,0,98,27,0,125,16,0,16,141
10/27/2020,HYA,MA,ANE,EN,Federal Contract Tower,0,47,20,0,67,0,39,37,0,76,0,86,57,0,143,20,0,20,163
10/28/2020,HYA,MA,ANE,EN,Federal Contract Tower,0,64,17,0,81,0,11,9,0,20,0,75,26,0,101,10,0,10,111
10/29/2020,HYA,MA,ANE,EN,Federal Contract Tower,0,71,9,0,80,0,28,16,0,44,0,99,25,0,124,24,0,24,148
10/30/2020,HYA,MA,ANE,EN,Federal Contract Tower,0,37,5,0,42,0,0,1,0,1,0,37,6,0,43,0,0,0,43
10/31/2020,HYA,MA,ANE,EN,Federal Contract Tower,0,19,16,0,35,0,67,51,0,118,0,86,67,0,153,34,0,34,187
11/01/2020,HYA,MA,ANE,EN,Federal Contract Tower,0,15,9,0,24,0,22,29,0,51,0,37,38,0,75,10,8,18,93
11/02/2020,HYA,MA,ANE,EN,Federal Contract Tower,0,16,3,0,19,0,40,17,0,57,0,56,20,0,76,0,0,0,76
11/03/2020,HYA,MA,ANE,EN,Federal Contract Tower,0,11,3,0,14,0,56,37,0,93,0,67,40,0,107,36,0,36,143
11/04/2020,HYA,MA,ANE,EN,Federal Contract Tower,0,45,5,1,51,0,54,53,0,107,0,99,58,1,158,26,32,58,216
11/05/2020,HYA,MA,ANE,EN,Federal Contract Tower,0,29,16,0,45,0,56,39,0,95,0,85,55,0,140,27,0,27,167
11/06/2020,HYA,MA,ANE,EN,Federal Contract Tower,0,26,10,0,36,0,51,40,0,91,0,77,50,0,127,50,0,50,177
11/07/2020,HYA,MA,ANE,EN,Federal Contract Tower,0,10,4,0,14,0,45,52,0,97,0,55,56,0,111,61,0,61,172
11/08/2020,HYA,MA,ANE,EN,Federal Contract Tower,0,6,3,0,9,0,28,45,0,73,0,34,48,0,82,24,0,24,106
11/09/2020,HYA,MA,ANE,EN,Federal Contract Tower,0,13,7,0,20,0,69,52,0,121,0,82,59,0,141,55,0,55,196
11/10/2020,HYA,MA,ANE,EN,Federal Contract Tower,0,28,12,0,40,0,52,34,0,86,0,80,46,0,126,62,0,62,188
11/11/2020,HYA,MA,ANE,EN,Federal Contract Tower,0,61,22,0,83,0,16,17,0,33,0,77,39,0,116,8,0,8,124
11/12/2020,HYA,MA,ANE,EN,Federal Contract Tower,0,53,19,0,72,0,2,0,0,2,0,55,19,0,74,0,0,0,74
11/13/2020,HYA,MA,ANE,EN,Federal Contract Tower,0,38,13,0,51,0,7,6,0,13,0,45,19,0,64,0,0,0,64
11/14/2020,HYA,MA,ANE,EN,Federal Contract Tower,0,6,8,0,14,0,33,39,0,72,0,39,47,0,86,12,0,12,98
11/15/2020,HYA,MA,ANE,EN,Federal Contract Tower,0,4,8,0,12,0,32,40,0,72,0,36,48,0,84,20,0,20,104
11/16/2020,HYA,MA,ANE,EN,Federal Contract Tower,10,3,4,0,17,0,41,30,0,71,10,44,34,0,88,0,0,0,88
11/17/2020,HYA,MA,ANE,EN,Federal Contract Tower,0,9,4,0,13,0,44,29,0,73,0,53,33,0,86,30,0,30,116
11/19/2020,HYA,MA,ANE,EN,Federal Contract Tower,0,12,5,0,17,0,43,37,0,80,0,55,42,0,97,10,0,10,107
11/20/2020,HYA,MA,ANE,EN,Federal Contract Tower,0,10,2,0,12,0,55,32,0,87,0,65,34,0,99,0,0,0,99
11/21/2020,HYA,MA,ANE,EN,Federal Contract Tower,0,15,11,0,26,0,37,61,0,98,0,52,72,0,124,26,0,26,150
11/22/2020,HYA,MA,ANE,EN,Federal Contract Tower,0,8,11,0,19,0,28,35,0,63,0,36,46,0,82,44,0,44,126
11/23/2020,HYA,MA,ANE,EN,Federal Contract Tower,3,47,12,0,62,0,17,5,0,22,3,64,17,0,84,0,0,0,84
11/24/2020,HYA,MA,ANE,EN,Federal Contract Tower,2,16,10,0,28,0,58,55,0,113,2,74,65,0,141,14,0,14,155
11/25/2020,HYA,MA,ANE,EN,Federal Contract Tower,8,14,7,0,29,0,62,35,0,97,8,76,42,0,126,32,0,32,158
11/26/2020,HYA,MA,ANE,EN,Federal Contract Tower,0,8,0,0,8,0,3,0,0,3,0,11,0,0,11,0,0,0,11
11/27/2020,HYA,MA,ANE,EN,Federal Contract Tower,0,19,26,0,45,0,40,23,0,63,0,59,49,0,108,22,0,22,130
11/28/2020,HYA,MA,ANE,EN,Federal Contract Tower,0,16,14,0,30,0,42,34,0,76,0,58,48,0,106,28,0,28,134
11/29/2020,HYA,MA,ANE,EN,Federal Contract Tower,0,13,7,0,20,0,43,71,0,114,0,56,78,0,134,22,0,22,156
11/30/2020,HYA,MA,ANE,EN,Federal Contract Tower,0,15,4,0,19,0,46,13,0,59,0,61,17,0,78,12,0,12,90
12/01/2020,HYA,MA,ANE,EN,Federal Contract Tower,0,59,11,0,70,0,15,9,0,24,0,74,20,0,94,6,0,6,100
12/02/2020,HYA,MA,ANE,EN,Federal Contract Tower,0,24,15,0,39,0,59,46,0,105,0,83,61,0,144,62,0,62,206
12/03/2020,HYA,MA,ANE,EN,Federal Contract Tower,0,17,6,0,23,0,70,40,0,110,0,87,46,0,133,32,0,32,165
12/04/2020,HYA,MA,ANE,EN,Federal Contract Tower,0,18,11,0,29,0,54,43,0,97,0,72,54,0,126,6,0,6,132
12/05/2020,HYA,MA,ANE,EN,Federal Contract Tower,0,13,1,0,14,0,1,0,0,1,0,14,1,0,15,0,0,0,15
12/06/2020,HYA,MA,ANE,EN,Federal Contract Tower,0,13,6,0,19,0,27,12,0,39,0,40,18,0,58,4,0,4,62
12/07/2020,HYA,MA,ANE,EN,Federal Contract Tower,0,18,3,0,21,0,55,33,0,88,0,73,36,0,109,10,0,10,119
12/08/2020,HYA,MA,ANE,EN,Federal Contract Tower,0,34,0,0,34,0,29,24,0,53,0,63,24,0,87,2,12,14,101
12/09/2020,HYA,MA,ANE,EN,Federal Contract Tower,0,25,11,0,36,0,36,33,0,69,0,61,44,0,105,12,0,12,117
12/10/2020,HYA,MA,ANE,EN,Federal Contract Tower,0,15,7,0,22,0,61,41,0,102,0,76,48,0,124,24,0,24,148
12/11/2020,HYA,MA,ANE,EN,Federal Contract Tower,0,11,10,0,21,0,67,62,0,129,0,78,72,0,150,52,0,52,202
12/12/2020,HYA,MA,ANE,EN,Federal Contract Tower,0,29,9,0,38,0,0,0,0,0,0,29,9,0,38,0,0,0,38
12/13/2020,HYA,MA,ANE,EN,Federal Contract Tower,0,7,1,1,9,0,37,55,0,92,0,44,56,1,101,46,0,46,147
12/14/2020,HYA,MA,ANE,EN,Federal Contract Tower,0,31,3,0,34,0,32,16,0,48,0,63,19,0,82,6,0,6,88
12/15/2020,HYA,MA,ANE,EN,Federal Contract Tower,0,17,3,0,20,0,70,51,0,121,0,87,54,0,141,36,0,36,177
12/16/2020,HYA,MA,ANE,EN,Federal Contract Tower,0,11,6,0,17,0,59,38,0,97,0,70,44,0,114,14,0,14,128
12/17/2020,HYA,MA,ANE,EN,Federal Contract Tower,0,2,3,0,5,0,0,0,0,0,0,2,3,0,5,0,0,0,5
12/18/2020,HYA,MA,ANE,EN,Federal Contract Tower,0,23,7,0,30,0,29,12,0,41,0,52,19,0,71,6,0,6,77
12/19/2020,HYA,MA,ANE,EN,Federal Contract Tower,0,19,12,0,31,0,13,16,2,31,0,32,28,2,62,0,10,10,72
12/20/2020,HYA,MA,ANE,EN,Federal Contract Tower,0,10,6,0,16,0,21,25,0,46,0,31,31,0,62,15,0,15,77
12/21/2020,HYA,MA,ANE,EN,Federal Contract Tower,0,33,12,0,45,0,7,4,0,11,0,40,16,0,56,0,0,0,56
12/22/2020,HYA,MA,ANE,EN,Federal Contract Tower,0,13,9,0,22,0,59,54,0,113,0,72,63,0,135,30,0,30,165
12/23/2020,HYA,MA,ANE,EN,Federal Contract Tower,0,10,8,0,18,0,51,38,0,89,0,61,46,0,107,16,12,28,135
12/24/2020,HYA,MA,ANE,EN,Federal Contract Tower,0,4,0,0,4,0,30,10,0,40,0,34,10,0,44,0,0,0,44
12/26/2020,HYA,MA,ANE,EN,Federal Contract Tower,0,4,8,0,12,0,31,18,0,49,0,35,26,0,61,0,0,0,61
12/27/2020,HYA,MA,ANE,EN,Federal Contract Tower,0,6,0,0,6,0,25,34,0,59,0,31,34,0,65,28,0,28,93
12/28/2020,HYA,MA,ANE,EN,Federal Contract Tower,0,20,12,0,32,0,54,35,0,89,0,74,47,0,121,28,0,28,149
12/29/2020,HYA,MA,ANE,EN,Federal Contract Tower,0,12,2,0,14,0,45,31,0,76,0,57,33,0,90,48,8,56,146
12/30/2020,HYA,MA,ANE,EN,Federal Contract Tower,0,21,8,0,29,0,58,64,0,122,0,79,72,0,151,52,0,52,203
12/31/2020,HYA,MA,ANE,EN,Federal Contract Tower,0,18,4,0,22,0,22,11,0,33,0,40,15,0,55,4,0,4,59
01/01/2021,HYA,MA,ANE,EN,Federal Contract Tower,0,7,3,0,10,0,10,15,0,25,0,17,18,0,35,26,0,26,61
01/02/2021,HYA,MA,ANE,EN,Federal Contract Tower,0,16,7,0,23,0,9,5,0,14,0,25,12,0,37,0,0,0,37
01/03/2021,HYA,MA,ANE,EN,Federal Contract Tower,0,12,3,0,15,0,14,9,0,23,0,26,12,0,38,0,0,0,38
01/04/2021,HYA,MA,ANE,EN,Federal Contract Tower,0,34,5,0,39,0,20,6,0,26,0,54,11,0,65,0,0,0,65
01/05/2021,HYA,MA,ANE,EN,Federal Contract Tower,0,25,8,0,33,0,0,0,0,0,0,25,8,0,33,0,0,0,33
01/06/2021,HYA,MA,ANE,EN,Federal Contract Tower,0,24,3,0,27,0,42,31,0,73,0,66,34,0,100,10,0,10,110
01/07/2021,HYA,MA,ANE,EN,Federal Contract Tower,0,8,6,0,14,0,42,33,0,75,0,50,39,0,89,55,0,55,144
01/08/2021,HYA,MA,ANE,EN,Federal Contract Tower,0,7,1,0,8,0,41,46,0,87,0,48,47,0,95,46,0,46,141
01/09/2021,HYA,MA,ANE,EN,Federal Contract Tower,0,18,7,0,25,0,18,5,0,23,0,36,12,0,48,0,0,0,48
01/10/2021,HYA,MA,ANE,EN,Federal Contract Tower,0,7,7,0,14,0,13,43,0,56,0,20,50,0,70,20,0,20,90
01/11/2021,HYA,MA,ANE,EN,Federal Contract Tower,0,8,11,0,19,0,58,35,0,93,0,66,46,0,112,24,0,24,136
01/12/2021,HYA,MA,ANE,EN,Federal Contract Tower,0,4,1,0,5,0,68,47,5,120,0,72,48,5,125,6,0,6,131
01/13/2021,HYA,MA,ANE,EN,Federal Contract Tower,0,5,10,0,15,0,41,33,1,75,0,46,43,1,90,12,0,12,102
01/14/2021,HYA,MA,ANE,EN,Federal Contract Tower,0,7,7,0,14,0,38,33,0,71,0,45,40,0,85,20,0,20,105
01/15/2021,HYA,MA,ANE,EN,Federal Contract Tower,0,14,8,0,22,0,46,43,0,89,0,60,51,0,111,34,0,34,145
01/16/2021,HYA,MA,ANE,EN,Federal Contract Tower,0,20,3,0,23,0,2,1,0,3,0,22,4,0,26,0,0,0,26
01/17/2021,HYA,MA,ANE,EN,Federal Contract Tower,0,8,3,0,11,0,25,14,0,39,0,33,17,0,50,20,0,20,70
01/18/2021,HYA,MA,ANE,EN,Federal Contract Tower,0,7,5,0,12,0,63,31,0,94,0,70,36,0,106,20,0,20,126
01/20/2021,HYA,MA,ANE,EN,Federal Contract Tower,0,14,2,0,16,0,41,20,0,61,0,55,22,0,77,36,0,36,113
01/21/2021,HYA,MA,ANE,EN,Federal Contract Tower,0,21,6,0,27,0,46,31,0,77,0,67,37,0,104,20,0,20,124
01/22/2021,HYA,MA,ANE,EN,Federal Contract Tower,0,20,6,0,26,0,44,49,0,93,0,64,55,0,119,39,0,39,158
01/23/2021,HYA,MA,ANE,EN,Federal Contract Tower,0,3,2,0,5,0,25,16,1,42,0,28,18,1,47,10,2,12,59
01/24/2021,HYA,MA,ANE,EN,Federal Contract Tower,0,3,2,0,5,0,12,11,0,23,0,15,13,0,28,0,0,0,28
01/25/2021,HYA,MA,ANE,EN,Federal Contract Tower,0,7,2,0,9,0,47,26,0,73,0,54,28,0,82,14,0,14,96
01/26/2021,HYA,MA,ANE,EN,Federal Contract Tower,0,15,6,0,21,0,25,32,0,57,0,40,38,0,78,38,0,38,116
01/27/2021,HYA,MA,ANE,EN,Federal Contract Tower,0,46,13,0,59,0,10,4,0,14,0,56,17,0,73,0,0,0,73
01/28/2021,HYA,MA,ANE,EN,Federal Contract Tower,0,48,8,0,56,0,0,0,0,0,0,48,8,0,56,0,0,0,56
01/29/2021,HYA,MA,ANE,EN,Federal Contract Tower,0,31,6,0,37,0,26,11,0,37,0,57,17,0,74,14,0,14,88
01/30/2021,HYA,MA,ANE,EN,Federal Contract Tower,0,11,9,0,20,0,21,20,0,41,0,32,29,0,61,44,0,44,105
01/31/2021,HYA,MA,ANE,EN,Federal Contract Tower,0,16,2,0,18,0,31,27,0,58,0,47,29,0,76,14,0,14,90
02/01/2021,HYA,MA,ANE,EN,Federal Contract Tower,0,13,5,0,18,0,5,3,0,8,0,18,8,0,26,0,0,0,26
02/02/2021,HYA,MA,ANE,EN,Federal Contract Tower,0,28,14,0,42,0,0,0,0,0,0,28,14,0,42,0,0,0,42
02/03/2021,HYA,MA,ANE,EN,Federal Contract Tower,0,35,7,0,42,0,20,12,0,32,0,55,19,0,74,6,0,6,80
02/04/2021,HYA,MA,ANE,EN,Federal Contract Tower,0,28,3,0,31,0,46,43,0,89,0,74,46,0,120,48,0,48,168
02/05/2021,HYA,MA,ANE,EN,Federal Contract Tower,0,21,9,0,30,0,30,18,0,48,0,51,27,0,78,10,0,10,88
02/06/2021,HYA,MA,ANE,EN,Federal Contract Tower,0,13,12,0,25,0,30,22,0,52,0,43,34,0,77,6,0,6,83
02/07/2021,HYA,MA,ANE,EN,Federal Contract Tower,0,0,4,0,4,0,7,1,0,8,0,7,5,0,12,0,0,0,12
02/08/2021,HYA,MA,ANE,EN,Federal Contract Tower,0,6,0,0,6,0,47,32,0,79,0,53,32,0,85,17,0,17,102
02/09/2021,HYA,MA,ANE,EN,Federal Contract Tower,0,13,4,0,17,0,24,15,0,39,0,37,19,0,56,4,4,8,64
02/10/2021,HYA,MA,ANE,EN,Federal Contract Tower,0,28,5,0,33,0,45,26,0,71,0,73,31,0,104,40,18,58,162
02/11/2021,HYA,MA,ANE,EN,Federal Contract Tower,0,24,7,0,31,0,43,32,0,75,0,67,39,0,106,16,0,16,122
02/12/2021,HYA,MA,ANE,EN,Federal Contract Tower,0,15,1,0,16,0,38,38,0,76,0,53,39,0,92,12,0,12,104
02/13/2021,HYA,MA,ANE,EN,Federal Contract Tower,0,14,4,0,18,0,51,35,0,86,0,65,39,0,104,68,0,68,172
02/14/2021,HYA,MA,ANE,EN,Federal Contract Tower,0,16,2,0,18,0,7,3,0,10,0,23,5,0,28,2,0,2,30
02/15/2021,HYA,MA,ANE,EN,Federal Contract Tower,0,20,13,2,35,0,2,2,0,4,0,22,15,2,39,0,0,0,39
02/16/2021,HYA,MA,ANE,EN,Federal Contract Tower,0,14,14,0,28,0,0,0,0,0,0,14,14,0,28,0,0,0,28
02/17/2021,HYA,MA,ANE,EN,Federal Contract Tower,0,16,5,0,21,0,51,34,0,85,0,67,39,0,106,24,0,24,130
02/19/2021,HYA,MA,ANE,EN,Federal Contract Tower,0,30,2,0,32,0,0,0,0,0,0,30,2,0,32,0,0,0,32
02/20/2021,HYA,MA,ANE,EN,Federal Contract Tower,0,13,8,0,21,0,27,17,0,44,0,40,25,0,65,46,0,46,111
02/21/2021,HYA,MA,ANE,EN,Federal Contract Tower,0,13,9,0,22,0,39,40,0,79,0,52,49,0,101,32,0,32,133
02/22/2021,HYA,MA,ANE,EN,Federal Contract Tower,0,11,7,0,18,0,33,25,0,58,0,44,32,0,76,0,0,0,76
02/23/2021,HYA,MA,ANE,EN,Federal Contract Tower,0,9,2,0,11,0,43,40,0,83,0,52,42,0,94,80,0,80,174
02/24/2021,HYA,MA,ANE,EN,Federal Contract Tower,0,19,8,0,27,0,57,52,0,109,0,76,60,0,136,50,0,50,186
02/25/2021,HYA,MA,ANE,EN,Federal Contract Tower,0,21,0,0,21,0,64,33,0,97,0,85,33,0,118,20,0,20,138
02/26/2021,HYA,MA,ANE,EN,Federal Contract Tower,0,32,8,0,40,0,58,53,0,111,0,90,61,0,151,92,0,92,243
02/27/2021,HYA,MA,ANE,EN,Federal Contract Tower,0,29,7,0,36,0,13,0,0,13,0,42,7,0,49,28,0,28,77
02/28/2021,HYA,MA,ANE,EN,Federal Contract Tower,0,9,3,0,12,0,39,44,0,83,0,48,47,0,95,62,0,62,157
03/01/2021,HYA,MA,ANE,EN,Federal Contract Tower,0,69,17,0,86,0,14,6,0,20,0,83,23,0,106,8,0,8,114
03/02/2021,HYA,MA,ANE,EN,Federal Contract Tower,0,2,2,0,4,0,8,20,2,30,0,10,22,2,34,0,12,12,46
03/03/2021,HYA,MA,ANE,EN,Federal Contract Tower,0,11,0,0,11,0,78,42,0,120,0,89,42,0,131,42,0,42,173
03/04/2021,HYA,MA,ANE,EN,Federal Contract Tower,0,9,9,0,18,0,64,37,0,101,0,73,46,0,119,80,0,80,199
03/05/2021,HYA,MA,ANE,EN,Federal Contract Tower,0,12,6,0,18,0,71,45,4,120,0,83,51,4,138,42,0,42,180
03/06/2021,HYA,MA,ANE,EN,Federal Contract Tower,0,8,4,0,12,0,32,41,0,73,0,40,45,0,85,40,0,40,125
03/07/2021,HYA,MA,ANE,EN,Federal Contract Tower,0,4,6,0,10,0,25,39,0,64,0,29,45,0,74,48,0,48,122
03/08/2021,HYA,MA,ANE,EN,Federal Contract Tower,0,5,1,0,6,0,92,47,0,139,0,97,48,0,145,50,0,50,195
03/09/2021,HYA,MA,ANE,EN,Federal Contract Tower,0,6,2,0,8,0,82,43,2,127,0,88,45,2,135,20,26,46,181
03/10/2021,HYA,MA,ANE,EN,Federal Contract Tower,0,7,5,0,12,0,60,50,0,110,0,67,55,0,122,56,0,56,178
03/11/2021,HYA,MA,ANE,EN,Federal Contract Tower,0,9,3,0,12,0,47,22,2,71,0,56,25,2,83,50,0,50,133
03/12/2021,HYA,MA,ANE,EN,Federal Contract Tower,0,25,9,0,34,0,54,56,2,112,0,79,65,2,146,128,0,128,274
03/13/2021,HYA,MA,ANE,EN,Federal Contract Tower,0,16,2,0,18,0,41,25,0,66,0,57,27,0,84,106,0,106,190
03/14/2021,HYA,MA,ANE,EN,Federal Contract Tower,0,10,4,0,14,0,37,25,2,64,0,47,29,2,78,48,0,48,126
03/15/2021,HYA,MA,ANE,EN,Federal Contract Tower,0,3,1,0,4,0,59,20,6,85,0,62,21,6,89,6,0,6,95
03/16/2021,HYA,MA,ANE,EN,Federal Contract Tower,0,12,3,0,15,0,59,52,2,113,0,71,55,2,128,26,0,26,154
03/17/2021,HYA,MA,ANE,EN,Federal Contract Tower,0,13,11,0,24,0,53,50,0,103,0,66,61,0,127,48,8,56,183
03/18/2021,HYA,MA,ANE,EN,Federal Contract Tower,0,57,12,0,69,0,23,17,0,40,0,80,29,0,109,0,0,0,109
03/19/2021,HYA,MA,ANE,EN,Federal Contract Tower,0,10,2,0,12,0,36,13,0,49,0,46,15,0,61,26,0,26,87
03/20/2021,HYA,MA,ANE,EN,Federal Contract Tower,0,7,2,0,9,0,57,65,0,122,0,64,67,0,131,106,2,108,239
03/21/2021,HYA,MA,ANE,EN,Federal Contract Tower,0,4,7,0,11,0,49,88,0,137,0,53,95,0,148,58,0,58,206
03/22/2021,HYA,MA,ANE,EN,Federal Contract Tower,0,8,14,0,22,0,56,71,0,127,0,64,85,0,149,36,0,36,185
03/23/2021,HYA,MA,ANE,EN,Federal Contract Tower,0,18,6,0,24,0,58,46,0,104,0,76,52,0,128,68,0,68,196
03/24/2021,HYA,MA,ANE,EN,Federal Contract Tower,0,25,15,0,40,0,21,21,0,42,0,46,36,0,82,0,0,0,82
03/25/2021,HYA,MA,ANE,EN,Federal Contract Tower,0,56,13,0,69,0,14,12,0,26,0,70,25,0,95,0,0,0,95
03/26/2021,HYA,MA,ANE,EN,Federal Contract Tower,0,4,3,0,7,0,0,0,0,0,0,4,3,0,7,0,0,0,7
03/27/2021,HYA,MA,ANE,EN,Federal Contract Tower,0,12,8,0,20,0,36,60,0,96,0,48,68,0,116,34,0,34,150
03/28/2021,HYA,MA,ANE,EN,Federal Contract Tower,0,25,7,0,32,0,0,0,0,0,0,25,7,0,32,0,0,0,32
03/29/2021,HYA,MA,ANE,EN,Federal Contract Tower,0,13,4,0,17,0,38,22,0,60,0,51,26,0,77,6,0,6,83
03/30/2021,HYA,MA,ANE,EN,Federal Contract Tower,0,7,5,0,12,0,46,57,4,107,0,53,62,4,119,14,0,14,133
03/31/2021,HYA,MA,ANE,EN,Federal Contract Tower,0,6,1,0,7,0,79,32,0,111,0,85,33,0,118,16,0,16,134
04/01/2021,HYA,MA,ANE,EN,Federal Contract Tower,0,48,14,0,62,0,0,0,0,0,0,48,14,0,62,0,0,0,62
04/02/2021,HYA,MA,ANE,EN,Federal Contract Tower,0,8,4,0,12,0,58,43,0,101,0,66,47,0,113,24,2,26,139
04/03/2021,HYA,MA,ANE,EN,Federal Contract Tower,0,3,4,0,7,0,47,63,0,110,0,50,67,0,117,20,0,20,137
04/04/2021,HYA,MA,ANE,EN,Federal Contract Tower,0,2,7,0,9,0,35,35,0,70,0,37,42,0,79,8,0,8,87
04/05/2021,HYA,MA,ANE,EN,Federal Contract Tower,0,20,7,0,27,0,41,33,0,74,0,61,40,0,101,4,0,4,105
04/06/2021,HYA,MA,ANE,EN,Federal Contract Tower,0,25,6,0,31,0,80,40,0,120,0,105,46,0,151,30,0,30,181
04/07/2021,HYA,MA,ANE,EN,Federal Contract Tower,0,28,8,0,36,0,73,48,2,123,0,101,56,2,159,10,0,10,169
04/08/2021,HYA,MA,ANE,EN,Federal Contract Tower,0,43,22,0,65,0,51,34,2,87,0,94,56,2,152,0,2,2,154
04/09/2021,HYA,MA,ANE,EN,Federal Contract Tower,0,20,4,0,24,0,51,48,0,99,0,71,52,0,123,34,0,34,157
04/10/2021,HYA,MA,ANE,EN,Federal Contract Tower,0,23,18,0,41,0,38,27,0,65,0,61,45,0,106,24,0,24,130
04/11/2021,HYA,MA,ANE,EN,Federal Contract Tower,0,21,9,0,30,0,0,0,0,0,0,21,9,0,30,0,0,0,30
04/12/2021,HYA,MA,ANE,EN,Federal Contract Tower,0,44,6,0,50,0,18,14,0,32,0,62,20,0,82,6,0,6,88
04/13/2021,HYA,MA,ANE,EN,Federal Contract Tower,0,41,5,0,46,0,31,39,0,70,0,72,44,0,116,10,0,10,126
04/14/2021,HYA,MA,ANE,EN,Federal Contract Tower,0,19,14,0,33,0,62,78,2,142,0,81,92,2,175,30,0,30,205
04/15/2021,HYA,MA,ANE,EN,Federal Contract Tower,0,16,14,2,32,0,53,36,0,89,0,69,50,2,121,18,0,18,139
04/16/2021,HYA,MA,ANE,EN,Federal Contract Tower,0,33,26,0,59,0,0,6,0,6,0,33,32,0,65,0,0,0,65
04/17/2021,HYA,MA,ANE,EN,Federal Contract Tower,0,25,8,0,33,0,12,11,0,23,0,37,19,0,56,0,0,0,56
04/18/2021,HYA,MA,ANE,EN,Federal Contract Tower,0,7,3,0,10,0,37,45,0,82,0,44,48,0,92,18,0,18,110
04/19/2021,HYA,MA,ANE,EN,Federal Contract Tower,0,5,1,0,6,0,58,70,0,128,0,63,71,0,134,34,0,34,168
04/20/2021,HYA,MA,ANE,EN,Federal Contract Tower,0,5,4,0,9,0,62,59,2,123,0,67,63,2,132,6,0,6,138
04/21/2021,HYA,MA,ANE,EN,Federal Contract Tower,0,28,6,0,34,0,80,49,0,129,0,108,55,0,163,8,0,8,171
04/22/2021,HYA,MA,ANE,EN,Federal Contract Tower,0,10,1,0,11,0,69,14,0,83,0,79,15,0,94,0,0,0,94
04/23/2021,HYA,MA,ANE,EN,Federal Contract Tower,0,18,5,0,23,0,66,46,0,112,0,84,51,0,135,0,0,0,135
04/24/2021,HYA,MA,ANE,EN,Federal Contract Tower,0,15,4,0,19,0,46,50,0,96,0,61,54,0,115,38,0,38,153
04/25/2021,HYA,MA,ANE,EN,Federal Contract Tower,0,31,2,0,33,0,4,0,0,4,0,35,2,0,37,0,0,0,37
04/26/2021,HYA,MA,ANE,EN,Federal Contract Tower,0,14,10,2,26,0,54,41,2,97,0,68,51,4,123,48,0,48,171
04/27/2021,HYA,MA,ANE,EN,Federal Contract Tower,0,7,5,0,12,0,77,46,0,123,0,84,51,0,135,0,0,0,135
04/28/2021,HYA,MA,ANE,EN,Federal Contract Tower,0,23,7,0,30,0,110,73,0,183,0,133,80,0,213,32,0,32,245
04/29/2021,HYA,MA,ANE,EN,Federal Contract Tower,0,71,20,0,91,0,0,0,0,0,0,71,20,0,91,0,0,0,91
04/30/2021,HYA,MA,ANE,EN,Federal Contract Tower,0,37,11,2,50,0,28,19,0,47,0,65,30,2,97,0,0,0,97
05/01/2021,HYA,MA,ANE,EN,Federal Contract Tower,0,21,7,0,28,0,87,54,0,141,0,108,61,0,169,0,0,0,169
05/02/2021,HYA,MA,ANE,EN,Federal Contract Tower,0,13,3,0,16,0,26,19,2,47,0,39,22,2,63,40,20,60,123
05/03/2021,HYA,MA,ANE,EN,Federal Contract Tower,0,12,10,0,22,0,122,75,0,197,0,134,85,0,219,44,0,44,263
05/04/2021,HYA,MA,ANE,EN,Federal Contract Tower,0,49,24,0,73,0,0,0,0,0,0,49,24,0,73,0,0,0,73
05/05/2021,HYA,MA,ANE,EN,Federal Contract Tower,0,71,15,0,86,0,0,0,0,0,0,71,15,0,86,0,0,0,86
05/06/2021,HYA,MA,ANE,EN,Federal Contract Tower,0,24,6,0,30,0,74,68,2,144,0,98,74,2,174,40,2,42,216
05/07/2021,HYA,MA,ANE,EN,Federal Contract Tower,0,30,18,0,48,0,56,77,0,133,0,86,95,0,181,44,0,44,225
05/08/2021,HYA,MA,ANE,EN,Federal Contract Tower,0,8,9,0,17,0,30,34,0,64,0,38,43,0,81,2,0,2,83
05/09/2021,HYA,MA,ANE,EN,Federal Contract Tower,0,15,4,0,19,0,54,55,0,109,0,69,59,0,128,44,0,44,172
05/10/2021,HYA,MA,ANE,EN,Federal Contract Tower,0,44,23,0,67,0,58,36,0,94,0,102,59,0,161,6,16,22,183
05/11/2021,HYA,MA,ANE,EN,Federal Contract Tower,0,12,9,0,21,0,68,61,0,129,0,80,70,0,150,0,0,0,150
05/12/2021,HYA,MA,ANE,EN,Federal Contract Tower,0,12,8,0,20,0,73,54,0,127,0,85,62,0,147,30,12,42,189
05/13/2021,HYA,MA,ANE,EN,Federal Contract Tower,0,18,20,0,38,0,75,66,0,141,0,93,86,0,179,16,12,28,207
05/14/2021,HYA,MA,ANE,EN,Federal Contract Tower,0,18,6,0,24,0,62,58,0,120,0,80,64,0,144,42,0,42,186
05/15/2021,HYA,MA,ANE,EN,Federal Contract Tower,0,25,8,0,33,0,42,34,0,76,0,67,42,0,109,0,0,0,109
05/16/2021,HYA,MA,ANE,EN,Federal Contract Tower,0,15,15,0,30,0,41,49,0,90,0,56,64,0,120,20,0,20,140
05/17/2021,HYA,MA,ANE,EN,Federal Contract Tower,0,10,12,0,22,0,99,72,0,171,0,109,84,0,193,40,0,40,233
05/18/2021,HYA,MA,ANE,EN,Federal Contract Tower,0,31,8,1,40,0,91,84,2,177,0,122,92,3,217,0,4,4,221
05/19/2021,HYA,MA,ANE,EN,Federal Contract Tower,0,35,12,2,49,0,93,77,0,170,0,128,89,2,219,26,40,66,285
05/20/2021,HYA,MA,ANE,EN,Federal Contract Tower,0,44,26,0,70,0,84,74,0,158,0,128,100,0,228,44,28,72,300
05/21/2021,HYA,MA,ANE,EN,Federal Contract Tower,0,51,29,0,80,0,36,53,0,89,0,87,82,0,169,42,0,42,211
05/22/2021,HYA,MA,ANE,EN,Federal Contract Tower,0,50,17,0,67,0,49,48,0,97,0,99,65,0,164,2,0,2,166
05/23/2021,HYA,MA,ANE,EN,Federal Contract Tower,0,26,13,0,39,0,54,52,0,106,0,80,65,0,145,6,0,6,151
05/24/2021,HYA,MA,ANE,EN,Federal Contract Tower,0,12,7,0,19,0,79,75,0,154,0,91,82,0,173,49,0,49,222
05/25/2021,HYA,MA,ANE,EN,Federal Contract Tower,0,15,10,0,25,0,79,62,0,141,0,94,72,0,166,29,0,29,195
05/26/2021,HYA,MA,ANE,EN,Federal Contract Tower,0,64,38,0,102,0,16,17,3,36,0,80,55,3,138,0,24,24,162
05/27/2021,HYA,MA,ANE,EN,Federal Contract Tower,0,39,15,0,54,0,74,79,0,153,0,113,94,0,207,38,0,38,245
05/28/2021,HYA,MA,ANE,EN,Federal Contract Tower,0,25,28,0,53,0,67,77,0,144,0,92,105,0,197,67,0,67,264
05/29/2021,HYA,MA,ANE,EN,Federal Contract Tower,0,58,11,0,69,0,1,3,0,4,0,59,14,0,73,0,0,0,73
05/30/2021,HYA,MA,ANE,EN,Federal Contract Tower,0,42,15,0,57,0,0,0,0,0,0,42,15,0,57,0,0,0,57
05/31/2021,HYA,MA,ANE,EN,Federal Contract Tower,0,69,27,0,96,0,0,0,0,0,0,69,27,0,96,0,0,0,96
06/01/2021,HYA,MA,ANE,EN,Federal Contract Tower,0,26,14,0,40,0,113,93,0,206,0,139,107,0,246,72,0,72,318
06/02/2021,HYA,MA,ANE,EN,Federal Contract Tower,0,46,9,0,55,0,95,79,0,174,0,141,88,0,229,10,0,10,239
06/03/2021,HYA,MA,ANE,EN,Federal Contract Tower,0,73,23,0,96,0,0,0,0,0,0,73,23,0,96,0,0,0,96
06/04/2021,HYA,MA,ANE,EN,Federal Contract Tower,0,92,33,0,125,0,0,0,0,0,0,92,33,0,125,0,0,0,125
06/05/2021,HYA,MA,ANE,EN,Federal Contract Tower,0,40,20,0,60,0,43,61,0,104,0,83,81,0,164,8,0,8,172
06/06/2021,HYA,MA,ANE,EN,Federal Contract Tower,0,26,18,0,44,0,40,59,0,99,0,66,77,0,143,0,0,0,143
06/07/2021,HYA,MA,ANE,EN,Federal Contract Tower,0,33,18,0,51,0,59,45,0,104,0,92,63,0,155,14,0,14,169
06/08/2021,HYA,MA,ANE,EN,Federal Contract Tower,0,58,26,0,84,0,55,71,0,126,0,113,97,0,210,32,0,32,242
06/09/2021,HYA,MA,ANE,EN,Federal Contract Tower,0,54,24,0,78,0,72,55,0,127,0,126,79,0,205,54,0,54,259
06/10/2021,HYA,MA,ANE,EN,Federal Contract Tower,0,28,26,1,55,0,80,57,1,138,0,108,83,2,193,52,0,52,245
06/11/2021,HYA,MA,ANE,EN,Federal Contract Tower,0,24,24,0,48,0,76,84,0,160,0,100,108,0,208,82,2,84,292
06/12/2021,HYA,MA,ANE,EN,Federal Contract Tower,0,56,20,4,80,0,20,22,0,42,0,76,42,4,122,14,0,14,136
06/13/2021,HYA,MA,ANE,EN,Federal Contract Tower,0,25,30,0,55,0,58,44,0,102,0,83,74,0,157,22,0,22,179
06/14/2021,HYA,MA,ANE,EN,Federal Contract Tower,0,30,13,0,43,0,80,39,5,124,0,110,52,5,167,50,0,50,217
06/15/2021,HYA,MA,ANE,EN,Federal Contract Tower,0,70,36,0,106,0,53,26,0,79,0,123,62,0,185,34,0,34,219
06/16/2021,HYA,MA,ANE,EN,Federal Contract Tower,0,20,20,0,40,0,82,82,0,164,0,102,102,0,204,35,0,35,239
06/17/2021,HYA,MA,ANE,EN,Federal Contract Tower,2,41,25,0,68,0,72,88,1,161,2,113,113,1,229,41,0,41,270
06/18/2021,HYA,MA,ANE,EN,Federal Contract Tower,2,17,19,0,38,0,86,101,0,187,2,103,120,0,225,52,0,52,277
06/19/2021,HYA,MA,ANE,EN,Federal Contract Tower,2,21,13,0,36,0,45,55,0,100,2,66,68,0,136,14,12,26,162
06/20/2021,HYA,MA,ANE,EN,Federal Contract Tower,2,22,27,0,51,0,41,85,0,126,2,63,112,0,177,48,0,48,225
06/21/2021,HYA,MA,ANE,EN,Federal Contract Tower,2,102,34,0,138,0,0,0,0,0,2,102,34,0,138,0,0,0,138
06/22/2021,HYA,MA,ANE,EN,Federal Contract Tower,2,49,29,0,80,0,50,25,0,75,2,99,54,0,155,26,0,26,181
06/23/2021,HYA,MA,ANE,EN,Federal Contract Tower,1,36,20,0,57,0,85,111,0,196,1,121,131,0,253,44,0,44,297
06/24/2021,HYA,MA,ANE,EN,Federal Contract Tower,2,40,11,0,53,0,80,70,0,150,2,120,81,0,203,57,0,57,260
06/25/2021,HYA,MA,ANE,EN,Federal Contract Tower,0,105,58,0,163,0,0,1,2,3,0,105,59,2,166,0,0,0,166
06/26/2021,HYA,MA,ANE,EN,Federal Contract Tower,2,96,46,0,144,0,0,8,0,8,2,96,54,0,152,0,0,0,152
06/27/2021,HYA,MA,ANE,EN,Federal Contract Tower,2,84,47,0,133,0,21,15,0,36,2,105,62,0,169,10,0,10,179
06/28/2021,HYA,MA,ANE,EN,Federal Contract Tower,2,51,22,0,75,0,70,57,0,127,2,121,79,0,202,13,0,13,215
06/29/2021,HYA,MA,ANE,EN,Federal Contract Tower,2,36,15,0,53,0,78,81,2,161,2,114,96,2,214,66,0,66,280
06/30/2021,HYA,MA,ANE,EN,Federal Contract Tower,2,28,14,0,44,0,82,79,0,161,2,110,93,0,205,48,0,48,253
07/01/2021,HYA,MA,ANE,EN,Federal Contract Tower,2,67,38,0,107,0,74,61,0,135,2,141,99,0,242,60,0,60,302
07/02/2021,HYA,MA,ANE,EN,Federal Contract Tower,2,108,52,0,162,0,0,0,0,0,2,108,52,0,162,0,0,0,162
07/03/2021,HYA,MA,ANE,EN,Federal Contract Tower,2,91,28,0,121,0,0,0,0,0,2,91,28,0,121,0,0,0,121
07/04/2021,HYA,MA,ANE,EN,Federal Contract Tower,2,37,20,0,59,0,19,28,0,47,2,56,48,0,106,10,0,10,116
07/05/2021,HYA,MA,ANE,EN,Federal Contract Tower,2,40,35,0,77,0,50,73,0,123,2,90,108,0,200,14,0,14,214
07/06/2021,HYA,MA,ANE,EN,Federal Contract Tower,2,40,18,0,60,0,84,70,0,154,2,124,88,0,214,18,0,18,232
07/07/2021,HYA,MA,ANE,EN,Federal Contract Tower,2,44,27,0,73,0,95,106,4,205,2,139,133,4,278,66,0,66,344
07/08/2021,HYA,MA,ANE,EN,Federal Contract Tower,2,116,52,0,170,0,14,11,0,25,2,130,63,0,195,10,0,10,205
07/09/2021,HYA,MA,ANE,EN,Federal Contract Tower,0,23,19,0,42,0,7,9,0,16,0,30,28,0,58,0,0,0,58
07/10/2021,HYA,MA,ANE,EN,Federal Contract Tower,2,77,65,0,144,0,5,5,0,10,2,82,70,0,154,0,0,0,154
07/11/2021,HYA,MA,ANE,EN,Federal Contract Tower,2,50,48,0,100,0,57,52,0,109,2,107,100,0,209,60,0,60,269
07/12/2021,HYA,MA,ANE,EN,Federal Contract Tower,2,118,37,0,157,0,6,2,0,8,2,124,39,0,165,0,0,0,165
07/13/2021,HYA,MA,ANE,EN,Federal Contract Tower,2,85,62,2,151,0,0,0,0,0,2,85,62,2,151,0,0,0,151
07/14/2021,HYA,MA,ANE,EN,Federal Contract Tower,2,94,47,2,145,0,0,0,0,0,2,94,47,2,145,0,0,0,145
07/15/2021,HYA,MA,ANE,EN,Federal Contract Tower,2,80,43,0,125,0,22,31,0,53,2,102,74,0,178,4,0,4,182
07/16/2021,HYA,MA,ANE,EN,Federal Contract Tower,2,102,61,0,165,0,29,54,0,83,2,131,115,0,248,51,0,51,299
07/17/2021,HYA,MA,ANE,EN,Federal Contract Tower,2,80,48,0,130,0,23,23,0,46,2,103,71,0,176,20,0,20,196
07/18/2021,HYA,MA,ANE,EN,Federal Contract Tower,2,96,45,0,143,0,16,17,0,33,2,112,62,0,176,10,0,10,186
07/19/2021,HYA,MA,ANE,EN,Federal Contract Tower,2,66,33,0,101,0,54,27,0,81,2,120,60,0,182,20,0,20,202
07/20/2021,HYA,MA,ANE,EN,Federal Contract Tower,2,40,33,21,96,0,76,78,3,157,2,116,111,24,253,114,0,114,367
07/21/2021,HYA,MA,ANE,EN,Federal Contract Tower,2,55,27,0,84,0,60,49,2,111,2,115,76,2,195,36,0,36,231
07/22/2021,HYA,MA,ANE,EN,Federal Contract Tower,2,38,36,0,76,0,85,81,1,167,2,123,117,1,243,50,3,53,296
07/23/2021,HYA,MA,ANE,EN,Federal Contract Tower,2,43,21,0,66,0,74,92,1,167,2,117,113,1,233,40,1,41,274
07/24/2021,HYA,MA,ANE,EN,Federal Contract Tower,2,38,33,0,73,0,54,67,0,121,2,92,100,0,194,24,0,24,218
07/25/2021,HYA,MA,ANE,EN,Federal Contract Tower,2,60,35,0,97,0,30,28,0,58,2,90,63,0,155,0,0,0,155
07/26/2021,HYA,MA,ANE,EN,Federal Contract Tower,2,65,17,0,84,0,66,70,0,136,2,131,87,0,220,88,0,88,308
07/27/2021,HYA,MA,ANE,EN,Federal Contract Tower,2,42,11,0,55,0,135,102,2,239,2,177,113,2,294,60,0,60,354
07/28/2021,HYA,MA,ANE,EN,Federal Contract Tower,2,68,31,0,101,0,59,50,0,109,2,127,81,0,210,14,0,14,224
07/29/2021,HYA,MA,ANE,EN,Federal Contract Tower,2,62,16,0,80,0,94,58,0,152,2,156,74,0,232,35,0,35,267
07/30/2021,HYA,MA,ANE,EN,Federal Contract Tower,2,42,42,0,86,0,67,53,2,122,2,109,95,2,208,8,0,8,216
07/31/2021,HYA,MA,ANE,EN,Federal Contract Tower,2,36,17,0,55,0,62,75,0,137,2,98,92,0,192,28,0,28,220
08/02/2021,HYA,MA,ANE,EN,Federal Contract Tower,2,41,24,0,67,0,88,81,0,169,2,129,105,0,236,64,14,78,314
08/03/2021,HYA,MA,ANE,EN,Federal Contract Tower,2,30,22,0,54,0,84,84,0,168,2,114,106,0,222,72,0,72,294
08/04/2021,HYA,MA,ANE,EN,Federal Contract Tower,2,53,30,0,85,0,75,58,0,133,2,128,88,0,218,18,0,18,236
08/05/2021,HYA,MA,ANE,EN,Federal Contract Tower,2,101,56,0,159,0,0,3,0,3,2,101,59,0,162,0,0,0,162
08/06/2021,HYA,MA,ANE,EN,Federal Contract Tower,2,58,39,0,99,0,102,98,0,200,2,160,137,0,299,48,34,82,381
08/07/2021,HYA,MA,ANE,EN,Federal Contract Tower,2,44,22,2,70,0,51,64,0,115,2,95,86,2,185,12,0,12,197
08/08/2021,HYA,MA,ANE,EN,Federal Contract Tower,2,60,32,0,94,0,45,66,0,111,2,105,98,0,205,8,0,8,213
08/09/2021,HYA,MA,ANE,EN,Federal Contract Tower,2,108,31,0,141,0,22,11,0,33,2,130,42,0,174,0,0,0,174
08/10/2021,HYA,MA,ANE,EN,Federal Contract Tower,2,119,37,0,158,0,28,22,0,50,2,147,59,0,208,0,0,0,208
08/11/2021,HYA,MA,ANE,EN,Federal Contract Tower,2,77,43,0,122,0,36,33,0,69,2,113,76,0,191,2,0,2,193
08/12/2021,HYA,MA,ANE,EN,Federal Contract Tower,2,70,64,0,136,0,60,68,0,128,2,130,132,0,264,14,0,14,278
08/13/2021,HYA,MA,ANE,EN,Federal Contract Tower,2,36,26,0,64,0,69,75,0,144,2,105,101,0,208,0,0,0,208
08/14/2021,HYA,MA,ANE,EN,Federal Contract Tower,2,53,30,0,85,0,61,46,0,107,2,114,76,0,192,20,0,20,212
08/15/2021,HYA,MA,ANE,EN,Federal Contract Tower,2,54,40,0,96,0,61,96,0,157,2,115,136,0,253,32,0,32,285
08/16/2021,HYA,MA,ANE,EN,Federal Contract Tower,2,31,22,0,55,0,100,74,0,174,2,131,96,0,229,28,0,28,257
08/17/2021,HYA,MA,ANE,EN,Federal Contract Tower,2,18,30,0,50,0,85,85,0,170,2,103,115,0,220,74,0,74,294
08/18/2021,HYA,MA,ANE,EN,Federal Contract Tower,2,50,37,1,90,0,100,98,0,198,2,150,135,1,288,46,0,46,334
08/19/2021,HYA,MA,ANE,EN,Federal Contract Tower,2,109,36,0,147,0,5,5,0,10,2,114,41,0,157,0,0,0,157
08/20/2021,HYA,MA,ANE,EN,Federal Contract Tower,2,61,22,0,85,0,73,56,0,129,2,134,78,0,214,46,0,46,260
08/21/2021,HYA,MA,ANE,EN,Federal Contract Tower,2,95,42,0,139,0,43,44,0,87,2,138,86,0,226,8,0,8,234
08/22/2021,HYA,MA,ANE,EN,Federal Contract Tower,0,6,0,0,6,0,0,0,0,0,0,6,0,0,6,0,0,0,6
08/23/2021,HYA,MA,ANE,EN,Federal Contract Tower,2,67,32,4,105,0,21,17,0,38,2,88,49,4,143,2,0,2,145
08/24/2021,HYA,MA,ANE,EN,Federal Contract Tower,2,75,42,1,120,0,33,35,0,68,2,108,77,1,188,28,0,28,216
08/25/2021,HYA,MA,ANE,EN,Federal Contract Tower,2,31,30,0,63,0,87,93,0,180,2,118,123,0,243,42,0,42,285
08/26/2021,HYA,MA,ANE,EN,Federal Contract Tower,2,42,19,0,63,0,83,78,0,161,2,125,97,0,224,34,0,34,258
08/27/2021,HYA,MA,ANE,EN,Federal Contract Tower,0,2,49,30,81,0,0,0,0,0,0,2,49,30,81,40,0,40,121
08/28/2021,HYA,MA,ANE,EN,Federal Contract Tower,2,32,29,0,63,0,43,55,9,107,2,75,84,9,170,18,0,18,188
08/29/2021,HYA,MA,ANE,EN,Federal Contract Tower,2,56,48,0,106,0,36,32,2,70,2,92,80,2,176,0,0,0,176
08/30/2021,HYA,MA,ANE,EN,Federal Contract Tower,2,48,30,0,80,0,71,36,2,109,2,119,66,2,189,40,0,40,229
08/31/2021,HYA,MA,ANE,EN,Federal Contract Tower,2,41,17,0,60,0,101,78,0,179,2,142,95,0,239,88,0,88,327
09/01/2021,HYA,MA,ANE,EN,Federal Contract Tower,2,49,22,0,73,0,78,45,0,123,2,127,67,0,196,6,0,6,202
09/02/2021,HYA,MA,ANE,EN,Federal Contract Tower,0,42,35,0,77,0,38,18,0,56,0,80,53,0,133,0,0,0,133
09/03/2021,HYA,MA,ANE,EN,Federal Contract Tower,2,30,20,0,52,0,0,0,0,0,2,30,20,0,52,72,0,72,124
09/04/2021,HYA,MA,ANE,EN,Federal Contract Tower,2,22,17,0,41,0,56,57,0,113,2,78,74,0,154,38,0,38,192
09/05/2021,HYA,MA,ANE,EN,Federal Contract Tower,2,31,16,0,49,0,43,27,0,70,2,74,43,0,119,12,0,12,131
09/06/2021,HYA,MA,ANE,EN,Federal Contract Tower,2,70,37,0,109,0,29,32,0,61,2,99,69,0,170,20,0,20,190
09/07/2021,HYA,MA,ANE,EN,Federal Contract Tower,2,36,26,0,64,0,75,74,0,149,2,111,100,0,213,46,0,46,259
09/09/2021,HYA,MA,ANE,EN,Federal Contract Tower,2,78,20,0,100,0,24,7,0,31,2,102,27,0,131,0,0,0,131
09/10/2021,HYA,MA,ANE,EN,Federal Contract Tower,2,28,22,0,52,0,0,0,0,0,2,28,22,0,52,38,2,40,92
09/11/2021,HYA,MA,ANE,EN,Federal Contract Tower,2,23,17,0,42,0,56,61,0,117,2,79,78,0,159,22,0,22,181
09/12/2021,HYA,MA,ANE,EN,Federal Contract Tower,2,29,22,0,53,0,46,45,0,91,2,75,67,0,144,20,0,20,164
09/13/2021,HYA,MA,ANE,EN,Federal Contract Tower,2,39,9,0,50,0,90,35,0,125,2,129,44,0,175,22,0,22,197
09/14/2021,HYA,MA,ANE,EN,Federal Contract Tower,2,27,9,0,38,0,65,77,0,142,2,92,86,0,180,56,4,60,240
09/15/2021,HYA,MA,ANE,EN,Federal Contract Tower,0,74,25,0,99,0,40,30,0,70,0,114,55,0,169,14,0,14,183
09/16/2021,HYA,MA,ANE,EN,Federal Contract Tower,2,56,31,0,89,0,21,19,0,40,2,77,50,0,129,4,0,4,133
09/17/2021,HYA,MA,ANE,EN,Federal Contract Tower,0,2,87,45,134,0,19,5,0,24,0,21,92,45,158,0,0,0,158
09/18/2021,HYA,MA,ANE,EN,Federal Contract Tower,2,70,25,0,97,0,0,0,0,0,2,70,25,0,97,0,0,0,97
09/19/2021,HYA,MA,ANE,EN,Federal Contract Tower,2,31,22,0,55,0,47,39,0,86,2,78,61,0,141,42,0,42,183
09/20/2021,HYA,MA,ANE,EN,Federal Contract Tower,2,15,21,0,38,0,83,84,0,167,2,98,105,0,205,24,0,24,229
09/21/2021,HYA,MA,ANE,EN,Federal Contract Tower,2,24,11,0,37,0,70,58,0,128,2,94,69,0,165,22,0,22,187
09/22/2021,HYA,MA,ANE,EN,Federal Contract Tower,2,15,24,10,51,0,68,56,0,124,2,83,80,10,175,52,0,52,227
09/23/2021,HYA,MA,ANE,EN,Federal Contract Tower,2,23,18,0,43,0,73,58,2,133,2,96,76,2,176,52,0,52,228
09/24/2021,HYA,MA,ANE,EN,Federal Contract Tower,2,39,26,0,67,0,49,20,0,69,2,88,46,0,136,10,0,10,146
09/25/2021,HYA,MA,ANE,EN,Federal Contract Tower,2,40,20,0,62,0,17,9,0,26,2,57,29,0,88,0,0,0,88
09/26/2021,HYA,MA,ANE,EN,Federal Contract Tower,3,40,30,0,73,0,37,41,0,78,3,77,71,0,151,10,0,10,161
09/27/2021,HYA,MA,ANE,EN,Federal Contract Tower,2,19,15,0,36,0,87,55,0,142,2,106,70,0,178,33,0,33,211
09/28/2021,HYA,MA,ANE,EN,Federal Contract Tower,3,29,11,2,45,0,84,41,2,127,3,113,52,4,172,40,0,40,212
09/29/2021,HYA,MA,ANE,EN,Federal Contract Tower,2,35,24,0,61,0,72,66,0,138,2,107,90,0,199,58,0,58,257
09/30/2021,HYA,MA,ANE,EN,Federal Contract Tower,2,21,16,0,39,0,85,52,0,137,2,106,68,0,176,70,0,70,246
10/01/2021,HYA,MA,ANE,EN,Federal Contract Tower,2,16,14,1,33,0,77,60,0,137,2,93,74,1,170,76,0,76,246
10/02/2021,HYA,MA,ANE,EN,Federal Contract Tower,2,24,16,0,42,0,52,44,0,96,2,76,60,0,138,24,0,24,162
10/03/2021,HYA,MA,ANE,EN,Federal Contract Tower,2,30,23,0,55,0,35,41,0,76,2,65,64,0,131,14,0,14,145
10/04/2021,HYA,MA,ANE,EN,Federal Contract Tower,2,77,34,6,119,0,0,0,0,0,2,77,34,6,119,0,0,0,119
10/05/2021,HYA,MA,ANE,EN,Federal Contract Tower,0,76,37,0,113,0,0,0,0,0,0,76,37,0,113,0,0,0,113
10/06/2021,HYA,MA,ANE,EN,Federal Contract Tower,0,27,27,0,54,0,49,53,0,102,0,76,80,0,156,30,0,30,186
10/07/2021,HYA,MA,ANE,EN,Federal Contract Tower,2,21,20,0,43,0,86,55,0,141,2,107,75,0,184,49,0,49,233
10/08/2021,HYA,MA,ANE,EN,Federal Contract Tower,2,44,18,0,64,0,77,71,0,148,2,121,89,0,212,56,0,56,268
10/09/2021,HYA,MA,ANE,EN,Federal Contract Tower,0,33,14,0,47,0,0,0,0,0,0,33,14,0,47,15,0,15,62
10/10/2021,HYA,MA,ANE,EN,Federal Contract Tower,2,22,22,0,46,0,24,25,0,49,2,46,47,0,95,14,0,14,109
10/11/2021,HYA,MA,ANE,EN,Federal Contract Tower,2,29,15,0,46,0,47,30,0,77,2,76,45,0,123,26,0,26,149
10/12/2021,HYA,MA,ANE,EN,Federal Contract Tower,0,28,19,1,48,0,57,53,2,112,0,85,72,3,160,50,14,64,224
10/13/2021,HYA,MA,ANE,EN,Federal Contract Tower,0,27,15,9,51,0,68,65,0,133,0,95,80,9,184,66,18,84,268
10/14/2021,HYA,MA,ANE,EN,Federal Contract Tower,2,57,28,0,87,0,40,35,0,75,2,97,63,0,162,12,0,12,174
10/15/2021,HYA,MA,ANE,EN,Federal Contract Tower,2,71,51,0,124,0,3,3,0,6,2,74,54,0,130,0,0,0,130
10/16/2021,HYA,MA,ANE,EN,Federal Contract Tower,0,22,14,0,36,0,48,33,0,81,0,70,47,0,117,57,0,57,174
10/17/2021,HYA,MA,ANE,EN,Federal Contract Tower,2,16,17,0,35,0,29,33,0,62,2,45,50,0,97,24,0,24,121
10/18/2021,HYA,MA,ANE,EN,Federal Contract Tower,2,18,15,0,35,0,78,47,0,125,2,96,62,0,160,32,0,32,192
10/19/2021,HYA,MA,ANE,EN,Federal Contract Tower,0,14,8,0,22,0,52,48,0,100,0,66,56,0,122,58,0,58,180
10/20/2021,HYA,MA,ANE,EN,Federal Contract Tower,0,35,10,0,45,0,63,69,2,134,0,98,79,2,179,52,0,52,231
10/21/2021,HYA,MA,ANE,EN,Federal Contract Tower,0,16,11,0,27,0,61,59,0,120,0,77,70,0,147,36,0,36,183
10/22/2021,HYA,MA,ANE,EN,Federal Contract Tower,0,12,14,0,26,0,60,47,0,107,0,72,61,0,133,32,0,32,165
10/23/2021,HYA,MA,ANE,EN,Federal Contract Tower,0,20,10,0,30,0,42,49,0,91,0,62,59,0,121,46,0,46,167
10/24/2021,HYA,MA,ANE,EN,Federal Contract Tower,0,9,7,0,16,0,34,47,0,81,0,43,54,0,97,12,0,12,109
10/26/2021,HYA,MA,ANE,EN,Federal Contract Tower,0,20,1,0,21,0,12,12,0,24,0,32,13,0,45,0,0,0,45
10/29/2021,HYA,MA,ANE,EN,Federal Contract Tower,0,21,8,0,29,0,58,34,0,92,0,79,42,0,121,18,0,18,139
10/30/2021,HYA,MA,ANE,EN,Federal Contract Tower,0,50,7,0,57,0,2,1,0,3,0,52,8,0,60,0,0,0,60
10/31/2021,HYA,MA,ANE,EN,Federal Contract Tower,0,24,33,0,57,0,13,19,0,32,0,37,52,0,89,16,0,16,105
11/01/2021,HYA,MA,ANE,EN,Federal Contract Tower,0,14,11,0,25,0,62,33,2,97,0,76,44,2,122,32,0,32,154
11/02/2021,HYA,MA,ANE,EN,Federal Contract Tower,0,16,6,0,22,0,50,42,0,92,0,66,48,0,114,24,0,24,138
11/03/2021,HYA,MA,ANE,EN,Federal Contract Tower,0,10,17,0,27,0,64,47,0,111,0,74,64,0,138,34,0,34,172
11/04/2021,HYA,MA,ANE,EN,Federal Contract Tower,0,12,14,0,26,0,66,46,0,112,0,78,60,0,138,74,0,74,212
11/05/2021,HYA,MA,ANE,EN,Federal Contract Tower,0,11,10,0,21,0,69,52,0,121,0,80,62,0,142,0,0,0,142
11/06/2021,HYA,MA,ANE,EN,Federal Contract Tower,0,3,15,0,18,0,45,85,0,130,0,48,100,0,148,16,0,16,164
11/07/2021,HYA,MA,ANE,EN,Federal Contract Tower,0,7,14,0,21,0,25,33,0,58,0,32,47,0,79,30,0,30,109
11/08/2021,HYA,MA,ANE,EN,Federal Contract Tower,0,9,8,0,17,0,55,29,0,84,0,64,37,0,101,12,0,12,113
11/09/2021,HYA,MA,ANE,EN,Federal Contract Tower,0,18,10,0,28,0,72,49,0,121,0,90,59,0,149,30,0,30,179
11/10/2021,HYA,MA,ANE,EN,Federal Contract Tower,0,10,2,0,12,0,65,51,0,116,0,75,53,0,128,104,0,104,232
11/11/2021,HYA,MA,ANE,EN,Federal Contract Tower,0,14,22,0,36,0,61,53,1,115,0,75,75,1,151,58,10,68,219
11/12/2021,HYA,MA,ANE,EN,Federal Contract Tower,0,36,9,2,47,0,31,11,0,42,0,67,20,2,89,0,0,0,89
11/13/2021,HYA,MA,ANE,EN,Federal Contract Tower,0,18,8,0,26,0,32,33,0,65,0,50,41,0,91,44,0,44,135
11/14/2021,HYA,MA,ANE,EN,Federal Contract Tower,0,9,5,0,14,0,20,38,0,58,0,29,43,0,72,29,2,31,103
11/15/2021,HYA,MA,ANE,EN,Federal Contract Tower,0,17,3,2,22,0,68,27,0,95,0,85,30,2,117,40,0,40,157
11/16/2021,HYA,MA,ANE,EN,Federal Contract Tower,0,8,8,1,17,0,57,44,0,101,0,65,52,1,118,44,10,54,172
11/17/2021,HYA,MA,ANE,EN,Federal Contract Tower,0,12,10,2,24,0,62,48,0,110,0,74,58,2,134,62,0,62,196
11/18/2021,HYA,MA,ANE,EN,Federal Contract Tower,0,22,14,1,37,0,0,62,49,111,0,22,76,50,148,40,0,40,188
11/19/2021,HYA,MA,ANE,EN,Federal Contract Tower,0,12,16,0,28,0,66,53,0,119,0,78,69,0,147,0,14,14,161
11/20/2021,HYA,MA,ANE,EN,Federal Contract Tower,0,13,12,0,25,0,34,31,8,73,0,47,43,8,98,40,0,40,138
11/21/2021,HYA,MA,ANE,EN,Federal Contract Tower,0,26,9,0,35,0,28,24,0,52,0,54,33,0,87,2,0,2,89
11/22/2021,HYA,MA,ANE,EN,Federal Contract Tower,0,45,14,0,59,0,40,20,0,60,0,85,34,0,119,18,0,18,137
11/23/2021,HYA,MA,ANE,EN,Federal Contract Tower,0,32,21,0,53,0,43,28,0,71,0,75,49,0,124,6,0,6,130
11/24/2021,HYA,MA,ANE,EN,Federal Contract Tower,0,58,21,0,79,0,16,20,0,36,0,74,41,0,115,0,0,0,115
11/25/2021,HYA,MA,ANE,EN,Federal Contract Tower,0,41,9,0,50,0,5,4,0,9,0,46,13,0,59,0,0,0,59
11/26/2021,HYA,MA,ANE,EN,Federal Contract Tower,0,41,14,0,55,0,1,0,0,1,0,42,14,0,56,0,0,0,56
11/27/2021,HYA,MA,ANE,EN,Federal Contract Tower,0,44,19,0,63,0,4,5,0,9,0,48,24,0,72,0,0,0,72
11/28/2021,HYA,MA,ANE,EN,Federal Contract Tower,0,44,14,0,58,0,23,22,1,46,0,67,36,1,104,0,0,0,104
11/29/2021,HYA,MA,ANE,EN,Federal Contract Tower,0,18,9,0,27,0,46,22,8,76,0,64,31,8,103,0,0,0,103
11/30/2021,HYA,MA,ANE,EN,Federal Contract Tower,0,22,11,0,33,0,49,47,0,96,0,71,58,0,129,22,6,28,157
12/01/2021,HYA,MA,ANE,EN,Federal Contract Tower,0,11,10,0,21,0,58,55,0,113,0,69,65,0,134,8,0,8,142
12/02/2021,HYA,MA,ANE,EN,Federal Contract Tower,0,11,9,0,20,0,71,50,1,122,0,82,59,1,142,16,0,16,158
12/03/2021,HYA,MA,ANE,EN,Federal Contract Tower,0,13,5,0,18,0,65,42,0,107,0,78,47,0,125,12,0,12,137
12/04/2021,HYA,MA,ANE,EN,Federal Contract Tower,0,8,3,0,11,0,49,26,0,75,0,57,29,0,86,17,0,17,103
12/05/2021,HYA,MA,ANE,EN,Federal Contract Tower,0,7,11,0,18,0,40,58,0,98,0,47,69,0,116,20,0,20,136
12/06/2021,HYA,MA,ANE,EN,Federal Contract Tower,0,40,9,0,49,0,21,12,0,33,0,61,21,0,82,0,0,0,82
12/07/2021,HYA,MA,ANE,EN,Federal Contract Tower,0,15,5,0,20,0,48,38,0,86,0,63,43,0,106,20,0,20,126
12/08/2021,HYA,MA,ANE,EN,Federal Contract Tower,0,24,15,0,39,0,24,26,0,50,0,48,41,0,89,0,0,0,89
12/09/2021,HYA,MA,ANE,EN,Federal Contract Tower,0,15,1,0,16,0,64,50,0,114,0,79,51,0,130,24,0,24,154
12/10/2021,HYA,MA,ANE,EN,Federal Contract Tower,0,11,11,0,22,0,58,41,0,99,0,69,52,0,121,32,0,32,153
12/11/2021,HYA,MA,ANE,EN,Federal Contract Tower,0,11,6,0,17,0,0,0,0,0,0,11,6,0,17,0,0,0,17
12/12/2021,HYA,MA,ANE,EN,Federal Contract Tower,0,9,0,0,9,0,46,23,0,69,0,55,23,0,78,0,0,0,78
12/13/2021,HYA,MA,ANE,EN,Federal Contract Tower,0,8,5,0,13,0,48,58,0,106,0,56,63,0,119,56,0,56,175
12/14/2021,HYA,MA,ANE,EN,Federal Contract Tower,0,23,7,0,30,0,86,72,0,158,0,109,79,0,188,70,0,70,258
12/15/2021,HYA,MA,ANE,EN,Federal Contract Tower,0,30,6,0,36,0,52,45,0,97,0,82,51,0,133,52,0,52,185
12/16/2021,HYA,MA,ANE,EN,Federal Contract Tower,0,36,11,0,47,0,54,30,0,84,0,90,41,0,131,10,0,10,141
12/17/2021,HYA,MA,ANE,EN,Federal Contract Tower,0,15,3,0,18,0,69,62,0,131,0,84,65,0,149,90,0,90,239
12/18/2021,HYA,MA,ANE,EN,Federal Contract Tower,0,9,7,0,16,0,40,16,0,56,0,49,23,0,72,20,0,20,92
12/19/2021,HYA,MA,ANE,EN,Federal Contract Tower,0,23,11,0,34,0,11,2,0,13,0,34,13,0,47,0,0,0,47
12/20/2021,HYA,MA,ANE,EN,Federal Contract Tower,0,12,7,0,19,0,64,55,0,119,0,76,62,0,138,60,0,60,198
12/21/2021,HYA,MA,ANE,EN,Federal Contract Tower,0,15,13,0,28,0,47,59,1,107,0,62,72,1,135,32,2,34,169
12/22/2021,HYA,MA,ANE,EN,Federal Contract Tower,0,43,12,0,55,0,9,11,0,20,0,52,23,0,75,0,0,0,75
12/23/2021,HYA,MA,ANE,EN,Federal Contract Tower,0,9,7,0,16,0,65,43,0,108,0,74,50,0,124,20,0,20,144
12/24/2021,HYA,MA,ANE,EN,Federal Contract Tower,0,19,7,0,26,0,0,0,0,0,0,19,7,0,26,0,0,0,26
12/25/2021,HYA,MA,ANE,EN,Federal Contract Tower,0,17,5,0,22,0,10,0,0,10,0,27,5,0,32,0,0,0,32
12/26/2021,HYA,MA,ANE,EN,Federal Contract Tower,0,20,8,0,28,0,18,9,0,27,0,38,17,0,55,6,0,6,61
12/27/2021,HYA,MA,ANE,EN,Federal Contract Tower,0,31,12,0,43,0,52,42,0,94,0,83,54,0,137,46,0,46,183
12/28/2021,HYA,MA,ANE,EN,Federal Contract Tower,0,39,17,0,56,0,37,19,0,56,0,76,36,0,112,38,0,38,150
12/29/2021,HYA,MA,ANE,EN,Federal Contract Tower,0,14,8,0,22,0,55,33,0,88,0,69,41,0,110,24,0,24,134
12/30/2021,HYA,MA,ANE,EN,Federal Contract Tower,0,33,20,2,55,0,46,21,0,67,0,79,41,2,122,16,0,16,138
12/31/2021,HYA,MA,ANE,EN,Federal Contract Tower,0,35,20,1,56,0,0,0,0,0,0,35,20,1,56,0,0,0,56
01/01/2022,HYA,MA,ANE,EN,Federal Contract Tower,0,13,4,0,17,0,0,0,0,0,0,13,4,0,17,0,0,0,17
01/02/2022,HYA,MA,ANE,EN,Federal Contract Tower,0,25,5,0,30,0,0,0,0,0,0,25,5,0,30,0,0,0,30
01/03/2022,HYA,MA,ANE,EN,Federal Contract Tower,0,11,15,0,26,0,27,13,0,40,0,38,28,0,66,4,0,4,70
01/04/2022,HYA,MA,ANE,EN,Federal Contract Tower,0,10,9,0,19,0,65,47,3,115,0,75,56,3,134,70,0,70,204
01/05/2022,HYA,MA,ANE,EN,Federal Contract Tower,0,13,5,0,18,0,18,17,0,35,0,31,22,0,53,8,0,8,61
01/06/2022,HYA,MA,ANE,EN,Federal Contract Tower,0,33,9,0,42,0,65,43,0,108,0,98,52,0,150,46,0,46,196
01/07/2022,HYA,MA,ANE,EN,Federal Contract Tower,0,3,1,0,4,0,0,2,0,2,0,3,3,0,6,0,0,0,6
01/08/2022,HYA,MA,ANE,EN,Federal Contract Tower,0,15,17,0,32,0,41,26,0,67,0,56,43,0,99,14,0,14,113
01/09/2022,HYA,MA,ANE,EN,Federal Contract Tower,0,7,4,2,13,0,25,10,0,35,0,32,14,2,48,0,0,0,48
01/10/2022,HYA,MA,ANE,EN,Federal Contract Tower,0,6,8,0,14,0,54,33,0,87,0,60,41,0,101,24,0,24,125
01/11/2022,HYA,MA,ANE,EN,Federal Contract Tower,0,44,2,0,46,0,38,19,0,57,0,82,21,0,103,18,0,18,121
01/12/2022,HYA,MA,ANE,EN,Federal Contract Tower,0,20,6,0,26,0,47,31,0,78,0,67,37,0,104,60,0,60,164
01/13/2022,HYA,MA,ANE,EN,Federal Contract Tower,0,10,18,0,28,0,79,61,0,140,0,89,79,0,168,87,0,87,255
01/14/2022,HYA,MA,ANE,EN,Federal Contract Tower,0,19,17,0,36,0,0,0,0,0,0,19,17,0,36,0,0,0,36
01/15/2022,HYA,MA,ANE,EN,Federal Contract Tower,0,7,5,0,12,0,27,11,0,38,0,34,16,0,50,14,0,14,64
01/16/2022,HYA,MA,ANE,EN,Federal Contract Tower,0,4,2,0,6,0,40,40,0,80,0,44,42,0,86,22,0,22,108
01/17/2022,HYA,MA,ANE,EN,Federal Contract Tower,0,12,8,0,20,0,18,14,0,32,0,30,22,0,52,4,0,4,56
01/18/2022,HYA,MA,ANE,EN,Federal Contract Tower,0,12,2,0,14,0,55,30,0,85,0,67,32,0,99,6,0,6,105
01/19/2022,HYA,MA,ANE,EN,Federal Contract Tower,0,9,2,0,11,0,61,36,0,97,0,70,38,0,108,48,0,48,156
01/20/2022,HYA,MA,ANE,EN,Federal Contract Tower,0,41,10,0,51,0,33,14,0,47,0,74,24,0,98,0,10,10,108
01/21/2022,HYA,MA,ANE,EN,Federal Contract Tower,0,38,5,0,43,0,36,12,0,48,0,74,17,0,91,20,0,20,111
01/22/2022,HYA,MA,ANE,EN,Federal Contract Tower,0,26,3,0,29,0,26,6,0,32,0,52,9,0,61,8,0,8,69
01/23/2022,HYA,MA,ANE,EN,Federal Contract Tower,0,2,4,0,6,0,21,27,0,48,0,23,31,0,54,18,0,18,72
01/24/2022,HYA,MA,ANE,EN,Federal Contract Tower,0,11,6,0,17,0,41,38,0,79,0,52,44,0,96,60,0,60,156
01/25/2022,HYA,MA,ANE,EN,Federal Contract Tower,0,22,8,2,32,0,62,30,0,92,0,84,38,2,124,56,0,56,180
01/26/2022,HYA,MA,ANE,EN,Federal Contract Tower,0,13,8,0,21,0,48,41,0,89,0,61,49,0,110,48,0,48,158
01/27/2022,HYA,MA,ANE,EN,Federal Contract Tower,0,10,10,0,20,0,61,50,0,111,0,71,60,0,131,42,0,42,173
01/28/2022,HYA,MA,ANE,EN,Federal Contract Tower,0,9,8,0,17,0,33,24,0,57,0,42,32,0,74,0,0,0,74
01/29/2022,HYA,MA,ANE,EN,Federal Contract Tower,0,0,0,0,0,0,0,0,0,0,0,0,0,0,0,0,0,0,0
01/30/2022,HYA,MA,ANE,EN,Federal Contract Tower,0,0,0,0,0,0,2,0,0,2,0,2,0,0,2,0,0,0,2
01/31/2022,HYA,MA,ANE,EN,Federal Contract Tower,0,6,4,0,10,0,10,11,0,21,0,16,15,0,31,0,0,0,31
02/01/2022,HYA,MA,ANE,EN,Federal Contract Tower,0,13,8,0,21,0,52,23,0,75,0,65,31,0,96,50,0,50,146
02/02/2022,HYA,MA,ANE,EN,Federal Contract Tower,0,42,8,0,50,0,0,4,0,4,0,42,12,0,54,0,0,0,54
02/03/2022,HYA,MA,ANE,EN,Federal Contract Tower,0,8,17,0,25,0,0,0,0,0,0,8,17,0,25,0,0,0,25
02/04/2022,HYA,MA,ANE,EN,Federal Contract Tower,0,3,10,0,13,0,0,0,0,0,0,3,10,0,13,0,0,0,13
02/05/2022,HYA,MA,ANE,EN,Federal Contract Tower,0,10,4,0,14,0,27,15,0,42,0,37,19,0,56,18,0,18,74
02/06/2022,HYA,MA,ANE,EN,Federal Contract Tower,0,6,6,0,12,0,46,45,0,91,0,52,51,0,103,26,0,26,129
02/07/2022,HYA,MA,ANE,EN,Federal Contract Tower,0,13,1,0,14,0,56,33,4,93,0,69,34,4,107,82,0,82,189
02/08/2022,HYA,MA,ANE,EN,Federal Contract Tower,0,68,17,0,85,0,6,0,0,6,0,74,17,0,91,54,0,54,145
02/09/2022,HYA,MA,ANE,EN,Federal Contract Tower,0,33,10,0,43,0,60,61,4,125,0,93,71,4,168,64,2,66,234
02/10/2022,HYA,MA,ANE,EN,Federal Contract Tower,0,15,8,0,23,0,77,44,0,121,0,92,52,0,144,89,0,89,233
02/11/2022,HYA,MA,ANE,EN,Federal Contract Tower,0,7,16,0,23,0,41,44,0,85,0,48,60,0,108,32,0,32,140
02/12/2022,HYA,MA,ANE,EN,Federal Contract Tower,0,11,11,0,22,0,48,26,0,74,0,59,37,0,96,34,0,34,130
02/13/2022,HYA,MA,ANE,EN,Federal Contract Tower,0,10,2,0,12,0,3,0,0,3,0,13,2,0,15,0,4,4,19
02/14/2022,HYA,MA,ANE,EN,Federal Contract Tower,0,14,3,0,17,0,19,12,0,31,0,33,15,0,48,0,0,0,48
02/15/2022,HYA,MA,ANE,EN,Federal Contract Tower,0,9,8,0,17,0,44,37,0,81,0,53,45,0,98,28,0,28,126
02/16/2022,HYA,MA,ANE,EN,Federal Contract Tower,0,22,2,0,24,0,52,39,0,91,0,74,41,0,115,34,0,34,149
02/17/2022,HYA,MA,ANE,EN,Federal Contract Tower,0,28,17,0,45,0,16,11,0,27,0,44,28,0,72,4,0,4,76
02/18/2022,HYA,MA,ANE,EN,Federal Contract Tower,0,9,9,0,18,0,21,20,0,41,0,30,29,0,59,28,0,28,87
02/19/2022,HYA,MA,ANE,EN,Federal Contract Tower,0,4,10,0,14,0,36,15,0,51,0,40,25,0,65,22,12,34,99
02/20/2022,HYA,MA,ANE,EN,Federal Contract Tower,0,3,4,0,7,0,23,47,0,70,0,26,51,0,77,42,0,42,119
02/21/2022,HYA,MA,ANE,EN,Federal Contract Tower,0,8,13,0,21,0,44,60,0,104,0,52,73,0,125,32,0,32,157
02/22/2022,HYA,MA,ANE,EN,Federal Contract Tower,0,35,22,2,59,0,10,4,0,14,0,45,26,2,73,4,0,4,77
02/23/2022,HYA,MA,ANE,EN,Federal Contract Tower,0,41,17,4,62,0,36,23,0,59,0,77,40,4,121,0,0,0,121
02/24/2022,HYA,MA,ANE,EN,Federal Contract Tower,0,17,6,0,23,0,80,31,0,111,0,97,37,0,134,68,0,68,202
02/25/2022,HYA,MA,ANE,EN,Federal Contract Tower,0,0,2,0,2,0,0,0,0,0,0,0,2,0,2,0,0,0,2
02/26/2022,HYA,MA,ANE,EN,Federal Contract Tower,0,3,4,0,7,0,35,17,0,52,0,38,21,0,59,30,0,30,89
02/27/2022,HYA,MA,ANE,EN,Federal Contract Tower,0,7,0,0,7,0,23,14,0,37,0,30,14,0,44,10,0,10,54
02/28/2022,HYA,MA,ANE,EN,Federal Contract Tower,0,11,5,0,16,0,40,40,0,80,0,51,45,0,96,12,12,24,120
03/01/2022,HYA,MA,ANE,EN,Federal Contract Tower,0,12,6,0,18,0,45,39,0,84,0,57,45,0,102,12,0,12,114
03/02/2022,HYA,MA,ANE,EN,Federal Contract Tower,0,13,4,0,17,0,61,61,0,122,0,74,65,0,139,38,0,38,177
03/03/2022,HYA,MA,ANE,EN,Federal Contract Tower,0,16,6,0,22,0,46,35,0,81,0,62,41,0,103,96,0,96,199
03/04/2022,HYA,MA,ANE,EN,Federal Contract Tower,0,22,11,0,33,0,42,38,0,80,0,64,49,0,113,32,0,32,145
03/05/2022,HYA,MA,ANE,EN,Federal Contract Tower,0,6,3,0,9,0,44,70,0,114,0,50,73,0,123,26,0,26,149
03/06/2022,HYA,MA,ANE,EN,Federal Contract Tower,0,12,1,0,13,0,0,0,0,0,0,12,1,0,13,0,0,0,13
03/07/2022,HYA,MA,ANE,EN,Federal Contract Tower,0,27,12,0,39,0,37,13,4,54,0,64,25,4,93,18,0,18,111
03/08/2022,HYA,MA,ANE,EN,Federal Contract Tower,0,7,3,0,10,0,77,61,0,138,0,84,64,0,148,68,0,68,216
03/09/2022,HYA,MA,ANE,EN,Federal Contract Tower,0,44,5,0,49,0,43,11,0,54,0,87,16,0,103,36,0,36,139
03/10/2022,HYA,MA,ANE,EN,Federal Contract Tower,0,22,16,0,38,0,44,35,0,79,0,66,51,0,117,38,0,38,155
03/11/2022,HYA,MA,ANE,EN,Federal Contract Tower,0,18,10,0,28,0,49,73,0,122,0,67,83,0,150,42,0,42,192
03/12/2022,HYA,MA,ANE,EN,Federal Contract Tower,0,11,2,0,13,0,0,0,0,0,0,11,2,0,13,0,0,0,13
03/13/2022,HYA,MA,ANE,EN,Federal Contract Tower,0,14,2,0,16,0,30,19,0,49,0,44,21,0,65,0,0,0,65
03/14/2022,HYA,MA,ANE,EN,Federal Contract Tower,0,9,5,0,14,0,72,52,0,124,0,81,57,0,138,38,0,38,176
03/15/2022,HYA,MA,ANE,EN,Federal Contract Tower,0,19,3,0,22,0,73,42,2,117,0,92,45,2,139,70,0,70,209
03/16/2022,HYA,MA,ANE,EN,Federal Contract Tower,0,40,12,1,53,0,51,46,0,97,0,91,58,1,150,50,4,54,204
03/17/2022,HYA,MA,ANE,EN,Federal Contract Tower,0,61,18,0,79,0,16,7,0,23,0,77,25,0,102,10,0,10,112
03/18/2022,HYA,MA,ANE,EN,Federal Contract Tower,0,50,26,0,76,0,1,0,0,1,0,51,26,0,77,0,0,0,77
03/19/2022,HYA,MA,ANE,EN,Federal Contract Tower,0,22,3,0,25,0,0,0,0,0,0,22,3,0,25,0,0,0,25
03/20/2022,HYA,MA,ANE,EN,Federal Contract Tower,0,18,7,0,25,0,23,13,0,36,0,41,20,0,61,14,0,14,75
03/21/2022,HYA,MA,ANE,EN,Federal Contract Tower,0,3,8,0,11,0,73,33,2,108,0,76,41,2,119,83,0,83,202
03/22/2022,HYA,MA,ANE,EN,Federal Contract Tower,0,8,3,0,11,0,66,44,0,110,0,74,47,0,121,42,0,42,163
03/23/2022,HYA,MA,ANE,EN,Federal Contract Tower,0,6,13,0,19,0,51,48,2,101,0,57,61,2,120,48,0,48,168
03/24/2022,HYA,MA,ANE,EN,Federal Contract Tower,0,37,10,0,47,0,1,3,0,4,0,38,13,0,51,0,0,0,51
03/25/2022,HYA,MA,ANE,EN,Federal Contract Tower,0,35,17,0,52,0,22,23,0,45,0,57,40,0,97,30,0,30,127
03/26/2022,HYA,MA,ANE,EN,Federal Contract Tower,0,3,8,0,11,0,38,31,0,69,0,41,39,0,80,18,0,18,98
03/27/2022,HYA,MA,ANE,EN,Federal Contract Tower,0,4,8,0,12,0,27,55,0,82,0,31,63,0,94,22,0,22,116
03/28/2022,HYA,MA,ANE,EN,Federal Contract Tower,0,17,1,0,18,0,63,30,0,93,0,80,31,0,111,76,0,76,187
03/29/2022,HYA,MA,ANE,EN,Federal Contract Tower,0,17,4,0,21,0,46,36,0,82,0,63,40,0,103,48,0,48,151
03/30/2022,HYA,MA,ANE,EN,Federal Contract Tower,0,18,3,0,21,0,55,56,0,111,0,73,59,0,132,54,0,54,186
03/31/2022,HYA,MA,ANE,EN,Federal Contract Tower,0,57,13,0,70,0,4,2,0,6,0,61,15,0,76,0,0,0,76
04/01/2022,HYA,MA,ANE,EN,Federal Contract Tower,0,29,7,0,36,0,34,26,0,60,0,63,33,0,96,36,0,36,132
04/02/2022,HYA,MA,ANE,EN,Federal Contract Tower,0,7,9,0,16,0,43,38,0,81,0,50,47,0,97,46,0,46,143
04/03/2022,HYA,MA,ANE,EN,Federal Contract Tower,0,6,4,0,10,0,29,31,0,60,0,35,35,0,70,30,0,30,100
04/04/2022,HYA,MA,ANE,EN,Federal Contract Tower,0,13,5,0,18,0,49,42,0,91,0,62,47,0,109,62,14,76,185
04/05/2022,HYA,MA,ANE,EN,Federal Contract Tower,0,14,9,0,23,0,61,49,0,110,0,75,58,0,133,68,0,68,201
04/06/2022,HYA,MA,ANE,EN,Federal Contract Tower,0,70,24,0,94,0,2,2,0,4,0,72,26,0,98,12,0,12,110
04/07/2022,HYA,MA,ANE,EN,Federal Contract Tower,0,18,2,0,20,0,59,28,0,87,0,77,30,0,107,38,0,38,145
04/08/2022,HYA,MA,ANE,EN,Federal Contract Tower,0,30,12,0,42,0,25,15,0,40,0,55,27,0,82,46,0,46,128
04/09/2022,HYA,MA,ANE,EN,Federal Contract Tower,0,12,15,0,27,0,44,29,0,73,0,56,44,0,100,30,0,30,130
04/10/2022,HYA,MA,ANE,EN,Federal Contract Tower,0,5,11,0,16,0,37,37,0,74,0,42,48,0,90,4,0,4,94
04/11/2022,HYA,MA,ANE,EN,Federal Contract Tower,0,6,5,0,11,0,53,60,0,113,0,59,65,0,124,78,0,78,202
04/12/2022,HYA,MA,ANE,EN,Federal Contract Tower,0,28,2,0,30,0,47,37,0,84,0,75,39,0,114,74,0,74,188
04/13/2022,HYA,MA,ANE,EN,Federal Contract Tower,0,33,6,0,39,0,64,61,5,130,0,97,67,5,169,96,0,96,265
04/14/2022,HYA,MA,ANE,EN,Federal Contract Tower,0,74,28,0,102,0,0,0,0,0,0,74,28,0,102,0,0,0,102
04/15/2022,HYA,MA,ANE,EN,Federal Contract Tower,0,28,4,0,32,0,51,47,0,98,0,79,51,0,130,46,0,46,176
04/16/2022,HYA,MA,ANE,EN,Federal Contract Tower,0,13,5,0,18,0,39,14,0,53,0,52,19,0,71,24,0,24,95
04/17/2022,HYA,MA,ANE,EN,Federal Contract Tower,0,20,7,0,27,0,30,16,0,46,0,50,23,0,73,0,6,6,79
04/18/2022,HYA,MA,ANE,EN,Federal Contract Tower,0,15,15,2,32,0,62,47,2,111,0,77,62,4,143,80,0,80,223
04/19/2022,HYA,MA,ANE,EN,Federal Contract Tower,0,26,7,0,33,0,13,7,0,20,0,39,14,0,53,0,0,0,53
04/20/2022,HYA,MA,ANE,EN,Federal Contract Tower,0,13,10,0,23,0,51,29,0,80,0,64,39,0,103,40,0,40,143
04/21/2022,HYA,MA,ANE,EN,Federal Contract Tower,0,33,0,2,35,0,57,48,0,105,0,90,48,2,140,60,2,62,202
04/22/2022,HYA,MA,ANE,EN,Federal Contract Tower,0,17,3,0,20,0,56,45,0,101,0,73,48,0,121,58,0,58,179
04/23/2022,HYA,MA,ANE,EN,Federal Contract Tower,0,3,10,0,13,0,42,34,0,76,0,45,44,0,89,50,0,50,139
04/24/2022,HYA,MA,ANE,EN,Federal Contract Tower,0,11,11,0,22,0,35,41,2,78,0,46,52,2,100,14,0,14,114
04/25/2022,HYA,MA,ANE,EN,Federal Contract Tower,0,9,4,1,14,0,42,37,0,79,0,51,41,1,93,46,0,46,139
04/26/2022,HYA,MA,ANE,EN,Federal Contract Tower,0,31,13,1,45,0,32,31,0,63,0,63,44,1,108,20,0,20,128
04/27/2022,HYA,MA,ANE,EN,Federal Contract Tower,0,26,12,0,38,0,45,33,0,78,0,71,45,0,116,40,0,40,156
04/28/2022,HYA,MA,ANE,EN,Federal Contract Tower,0,15,6,0,21,0,59,41,0,100,0,74,47,0,121,22,0,22,143
04/29/2022,HYA,MA,ANE,EN,Federal Contract Tower,0,17,10,0,27,0,53,50,0,103,0,70,60,0,130,40,0,40,170
04/30/2022,HYA,MA,ANE,EN,Federal Contract Tower,0,9,4,0,13,0,38,25,0,63,0,47,29,0,76,42,0,42,118
05/01/2022,HYA,MA,ANE,EN,Federal Contract Tower,0,9,10,0,19,0,44,62,0,106,0,53,72,0,125,32,0,32,157
05/02/2022,HYA,MA,ANE,EN,Federal Contract Tower,0,10,14,0,24,0,53,39,0,92,0,63,53,0,116,44,0,44,160
05/03/2022,HYA,MA,ANE,EN,Federal Contract Tower,0,50,18,2,70,0,23,22,0,45,0,73,40,2,115,22,0,22,137
05/04/2022,HYA,MA,ANE,EN,Federal Contract Tower,0,64,19,0,83,0,8,9,0,17,0,72,28,0,100,0,0,0,100
05/05/2022,HYA,MA,ANE,EN,Federal Contract Tower,2,33,9,0,44,0,85,63,0,148,2,118,72,0,192,52,6,58,250
05/06/2022,HYA,MA,ANE,EN,Federal Contract Tower,0,10,21,0,31,0,64,64,0,128,0,74,85,0,159,96,0,96,255
05/07/2022,HYA,MA,ANE,EN,Federal Contract Tower,0,58,11,0,69,0,17,3,0,20,0,75,14,0,89,0,0,0,89
05/08/2022,HYA,MA,ANE,EN,Federal Contract Tower,0,13,5,0,18,0,43,29,0,72,0,56,34,0,90,0,0,0,90
05/09/2022,HYA,MA,ANE,EN,Federal Contract Tower,0,8,2,0,10,0,47,41,0,88,0,55,43,0,98,4,4,8,106
05/10/2022,HYA,MA,ANE,EN,Federal Contract Tower,0,19,12,2,33,0,55,35,0,90,0,74,47,2,123,46,0,46,169
05/11/2022,HYA,MA,ANE,EN,Federal Contract Tower,0,59,18,0,77,0,0,0,0,0,0,59,18,0,77,0,0,0,77
05/12/2022,HYA,MA,ANE,EN,Federal Contract Tower,0,85,27,0,112,0,11,5,0,16,0,96,32,0,128,10,0,10,138
05/13/2022,HYA,MA,ANE,EN,Federal Contract Tower,0,45,21,0,66,0,0,0,0,0,0,45,21,0,66,0,0,0,66
05/14/2022,HYA,MA,ANE,EN,Federal Contract Tower,0,20,22,0,42,0,37,26,0,63,0,57,48,0,105,22,0,22,127
05/15/2022,HYA,MA,ANE,EN,Federal Contract Tower,0,33,20,0,53,0,7,7,0,14,0,40,27,0,67,8,0,8,75
05/16/2022,HYA,MA,ANE,EN,Federal Contract Tower,0,35,29,0,64,0,4,2,0,6,0,39,31,0,70,0,0,0,70
05/17/2022,HYA,MA,ANE,EN,Federal Contract Tower,0,13,15,0,28,0,62,67,0,129,0,75,82,0,157,26,0,26,183
05/18/2022,HYA,MA,ANE,EN,Federal Contract Tower,0,22,14,0,36,0,63,81,0,144,0,85,95,0,180,26,0,26,206
05/19/2022,HYA,MA,ANE,EN,Federal Contract Tower,0,63,28,0,91,0,23,19,0,42,0,86,47,0,133,0,0,0,133
05/20/2022,HYA,MA,ANE,EN,Federal Contract Tower,0,48,35,0,83,0,8,11,0,19,0,56,46,0,102,6,0,6,108
05/21/2022,HYA,MA,ANE,EN,Federal Contract Tower,0,33,9,0,42,0,16,20,0,36,0,49,29,0,78,20,6,26,104
05/22/2022,HYA,MA,ANE,EN,Federal Contract Tower,0,17,15,0,32,0,37,48,0,85,0,54,63,0,117,24,0,24,141
05/23/2022,HYA,MA,ANE,EN,Federal Contract Tower,0,16,21,0,37,0,52,39,2,93,0,68,60,2,130,6,10,16,146
05/24/2022,HYA,MA,ANE,EN,Federal Contract Tower,0,17,14,2,33,0,43,69,0,112,0,60,83,2,145,24,0,24,169
05/25/2022,HYA,MA,ANE,EN,Federal Contract Tower,0,17,23,0,40,0,74,81,0,155,0,91,104,0,195,24,0,24,219
05/26/2022,HYA,MA,ANE,EN,Federal Contract Tower,2,33,35,1,71,0,106,55,0,161,2,139,90,1,232,14,0,14,246
05/27/2022,HYA,MA,ANE,EN,Federal Contract Tower,2,64,42,0,108,0,0,0,0,0,2,64,42,0,108,0,0,0,108
05/28/2022,HYA,MA,ANE,EN,Federal Contract Tower,0,58,27,0,85,0,0,0,0,0,0,58,27,0,85,0,0,0,85
05/29/2022,HYA,MA,ANE,EN,Federal Contract Tower,2,11,17,1,31,0,48,87,0,135,2,59,104,1,166,56,0,56,222
05/30/2022,HYA,MA,ANE,EN,Federal Contract Tower,2,30,13,0,45,0,30,81,0,111,2,60,94,0,156,24,0,24,180
05/31/2022,HYA,MA,ANE,EN,Federal Contract Tower,2,28,25,0,55,0,84,74,0,158,2,112,99,0,213,54,6,60,273
06/01/2022,HYA,MA,ANE,EN,Federal Contract Tower,0,33,21,0,54,0,90,53,0,143,0,123,74,0,197,0,0,0,197
06/02/2022,HYA,MA,ANE,EN,Federal Contract Tower,0,87,61,0,148,0,3,4,0,7,0,90,65,0,155,0,0,0,155
06/03/2022,HYA,MA,ANE,EN,Federal Contract Tower,2,69,42,0,113,0,0,0,0,0,2,69,42,0,113,0,0,0,113
06/04/2022,HYA,MA,ANE,EN,Federal Contract Tower,2,44,15,0,61,0,30,31,0,61,2,74,46,0,122,16,4,20,142
06/05/2022,HYA,MA,ANE,EN,Federal Contract Tower,2,16,27,0,45,0,47,74,0,121,2,63,101,0,166,8,24,32,198
06/06/2022,HYA,MA,ANE,EN,Federal Contract Tower,2,8,26,8,44,0,86,110,4,200,2,94,136,12,244,62,0,62,306
06/07/2022,HYA,MA,ANE,EN,Federal Contract Tower,2,20,18,0,40,0,65,59,4,128,2,85,77,4,168,24,0,24,192
06/08/2022,HYA,MA,ANE,EN,Federal Contract Tower,2,48,31,0,81,0,27,11,0,38,2,75,42,0,119,8,0,8,127
06/09/2022,HYA,MA,ANE,EN,Federal Contract Tower,2,54,34,0,90,0,13,9,0,22,2,67,43,0,112,20,0,20,132
06/10/2022,HYA,MA,ANE,EN,Federal Contract Tower,2,25,14,0,41,0,58,77,0,135,2,83,91,0,176,106,0,106,282
06/11/2022,HYA,MA,ANE,EN,Federal Contract Tower,2,17,14,0,33,0,51,55,0,106,2,68,69,0,139,6,0,6,145
06/12/2022,HYA,MA,ANE,EN,Federal Contract Tower,2,24,34,0,60,0,50,55,0,105,2,74,89,0,165,62,0,62,227
06/13/2022,HYA,MA,ANE,EN,Federal Contract Tower,2,61,33,0,96,0,34,32,0,66,2,95,65,0,162,36,2,38,200
06/14/2022,HYA,MA,ANE,EN,Federal Contract Tower,2,22,17,0,41,0,52,72,0,124,2,74,89,0,165,80,2,82,247
06/15/2022,HYA,MA,ANE,EN,Federal Contract Tower,2,41,21,0,64,0,51,66,0,117,2,92,87,0,181,64,2,66,247
06/16/2022,HYA,MA,ANE,EN,Federal Contract Tower,0,31,25,0,56,0,53,52,0,105,0,84,77,0,161,44,0,44,205
06/17/2022,HYA,MA,ANE,EN,Federal Contract Tower,2,68,37,0,107,0,11,8,0,19,2,79,45,0,126,0,0,0,126
06/18/2022,HYA,MA,ANE,EN,Federal Contract Tower,2,28,17,0,47,0,44,53,0,97,2,72,70,0,144,74,0,74,218
06/19/2022,HYA,MA,ANE,EN,Federal Contract Tower,2,25,17,0,44,0,19,18,0,37,2,44,35,0,81,20,0,20,101
06/20/2022,HYA,MA,ANE,EN,Federal Contract Tower,2,46,11,0,59,0,68,89,0,157,2,114,100,0,216,53,0,53,269
06/21/2022,HYA,MA,ANE,EN,Federal Contract Tower,2,35,23,0,60,0,68,74,0,142,2,103,97,0,202,86,0,86,288
06/22/2022,HYA,MA,ANE,EN,Federal Contract Tower,1,52,25,0,78,0,58,61,0,119,1,110,86,0,197,46,0,46,243
06/23/2022,HYA,MA,ANE,EN,Federal Contract Tower,2,68,39,4,113,0,74,77,0,151,2,142,116,4,264,20,6,26,290
06/24/2022,HYA,MA,ANE,EN,Federal Contract Tower,2,56,23,0,81,0,49,68,0,117,2,105,91,0,198,48,0,48,246
06/25/2022,HYA,MA,ANE,EN,Federal Contract Tower,3,37,27,0,67,0,37,77,0,114,3,74,104,0,181,38,0,38,219
06/26/2022,HYA,MA,ANE,EN,Federal Contract Tower,2,37,40,2,81,0,30,79,0,109,2,67,119,2,190,20,2,22,212
06/27/2022,HYA,MA,ANE,EN,Federal Contract Tower,2,44,21,0,67,0,42,39,0,81,2,86,60,0,148,0,0,0,148
06/28/2022,HYA,MA,ANE,EN,Federal Contract Tower,2,38,22,0,62,0,51,74,2,127,2,89,96,2,189,48,0,48,237
06/29/2022,HYA,MA,ANE,EN,Federal Contract Tower,2,77,15,0,94,0,87,99,0,186,2,164,114,0,280,32,0,32,312
06/30/2022,HYA,MA,ANE,EN,Federal Contract Tower,2,57,28,0,87,0,70,101,0,171,2,127,129,0,258,60,0,60,318
07/01/2022,HYA,MA,ANE,EN,Federal Contract Tower,2,62,28,0,92,0,0,42,0,42,2,62,70,0,134,8,0,8,142
07/02/2022,HYA,MA,ANE,EN,Federal Contract Tower,2,66,20,2,90,0,0,0,0,0,2,66,20,2,90,0,0,0,90
07/03/2022,HYA,MA,ANE,EN,Federal Contract Tower,2,32,19,0,53,0,34,54,0,88,2,66,73,0,141,30,0,30,171
07/04/2022,HYA,MA,ANE,EN,Federal Contract Tower,2,30,12,0,44,0,28,49,2,79,2,58,61,2,123,0,0,0,123
07/05/2022,HYA,MA,ANE,EN,Federal Contract Tower,2,48,33,0,83,0,75,103,0,178,2,123,136,0,261,82,0,82,343
07/06/2022,HYA,MA,ANE,EN,Federal Contract Tower,2,69,31,0,102,0,40,60,0,100,2,109,91,0,202,34,0,34,236
07/07/2022,HYA,MA,ANE,EN,Federal Contract Tower,2,51,25,0,78,0,87,71,0,158,2,138,96,0,236,20,0,20,256
07/08/2022,HYA,MA,ANE,EN,Federal Contract Tower,2,58,30,0,90,0,69,80,0,149,2,127,110,0,239,26,0,26,265
07/09/2022,HYA,MA,ANE,EN,Federal Contract Tower,2,34,26,0,62,0,34,87,0,121,2,68,113,0,183,20,0,20,203
07/10/2022,HYA,MA,ANE,EN,Federal Contract Tower,2,34,19,0,55,0,34,64,0,98,2,68,83,0,153,34,0,34,187
07/11/2022,HYA,MA,ANE,EN,Federal Contract Tower,2,43,24,0,69,0,54,64,0,118,2,97,88,0,187,56,0,56,243
07/12/2022,HYA,MA,ANE,EN,Federal Contract Tower,2,49,17,0,68,0,40,54,0,94,2,89,71,0,162,26,0,26,188
07/13/2022,HYA,MA,ANE,EN,Federal Contract Tower,2,53,35,0,90,0,67,64,1,132,2,120,99,1,222,30,0,30,252
07/14/2022,HYA,MA,ANE,EN,Federal Contract Tower,2,69,42,4,117,0,56,81,0,137,2,125,123,4,254,20,0,20,274
07/15/2022,HYA,MA,ANE,EN,Federal Contract Tower,2,63,31,0,96,0,42,111,0,153,2,105,142,0,249,28,0,28,277
07/16/2022,HYA,MA,ANE,EN,Federal Contract Tower,2,55,29,0,86,0,28,85,0,113,2,83,114,0,199,65,0,65,264
07/17/2022,HYA,MA,ANE,EN,Federal Contract Tower,2,56,36,0,94,0,32,54,2,88,2,88,90,2,182,26,0,26,208
07/18/2022,HYA,MA,ANE,EN,Federal Contract Tower,2,78,75,0,155,0,0,0,0,0,2,78,75,0,155,0,0,0,155
07/19/2022,HYA,MA,ANE,EN,Federal Contract Tower,2,44,20,0,66,0,46,83,8,137,2,90,103,8,203,34,0,34,237
07/20/2022,HYA,MA,ANE,EN,Federal Contract Tower,2,61,23,0,86,0,40,79,6,125,2,101,102,6,211,34,0,34,245
07/21/2022,HYA,MA,ANE,EN,Federal Contract Tower,2,89,95,0,186,0,0,0,0,0,2,89,95,0,186,0,0,0,186
07/22/2022,HYA,MA,ANE,EN,Federal Contract Tower,2,48,26,0,76,0,37,72,0,109,2,85,98,0,185,24,0,24,209
07/23/2022,HYA,MA,ANE,EN,Federal Contract Tower,2,48,30,0,80,0,28,72,11,111,2,76,102,11,191,0,0,0,191
07/24/2022,HYA,MA,ANE,EN,Federal Contract Tower,2,65,39,0,106,0,16,28,5,49,2,81,67,5,155,6,0,6,161
07/25/2022,HYA,MA,ANE,EN,Federal Contract Tower,1,70,47,0,118,0,0,0,0,0,1,70,47,0,118,0,0,0,118
07/26/2022,HYA,MA,ANE,EN,Federal Contract Tower,3,45,22,8,78,0,50,81,4,135,3,95,103,12,213,58,0,58,271
07/27/2022,HYA,MA,ANE,EN,Federal Contract Tower,2,38,36,0,76,0,58,87,2,147,2,96,123,2,223,66,0,66,289
07/28/2022,HYA,MA,ANE,EN,Federal Contract Tower,2,59,29,0,90,0,48,71,8,127,2,107,100,8,217,18,0,18,235
07/29/2022,HYA,MA,ANE,EN,Federal Contract Tower,2,54,35,0,91,56,86,0,0,142,58,140,35,0,233,16,0,16,249
07/30/2022,HYA,MA,ANE,EN,Federal Contract Tower,2,49,30,0,81,0,59,72,0,131,2,108,102,0,212,18,0,18,230
07/31/2022,HYA,MA,ANE,EN,Federal Contract Tower,2,54,27,0,83,0,36,88,0,124,2,90,115,0,207,8,0,8,215
08/01/2022,HYA,MA,ANE,EN,Federal Contract Tower,2,65,27,0,94,0,40,35,0,75,2,105,62,0,169,22,0,22,191
08/02/2022,HYA,MA,ANE,EN,Federal Contract Tower,2,69,20,0,91,0,43,68,1,112,2,112,88,1,203,28,8,36,239
08/03/2022,HYA,MA,ANE,EN,Federal Contract Tower,2,54,23,4,83,0,49,98,0,147,2,103,121,4,230,28,0,28,258
08/04/2022,HYA,MA,ANE,EN,Federal Contract Tower,2,81,50,0,133,0,27,40,2,69,2,108,90,2,202,0,0,0,202
08/05/2022,HYA,MA,ANE,EN,Federal Contract Tower,2,66,38,0,106,0,20,50,0,70,2,86,88,0,176,0,0,0,176
08/07/2022,HYA,MA,ANE,EN,Federal Contract Tower,2,56,46,1,105,0,20,41,0,61,2,76,87,1,166,2,0,2,168
08/08/2022,HYA,MA,ANE,EN,Federal Contract Tower,2,41,29,0,72,0,40,58,0,98,2,81,87,0,170,34,0,34,204
08/09/2022,HYA,MA,ANE,EN,Federal Contract Tower,2,43,23,0,68,0,32,54,2,88,2,75,77,2,156,12,0,12,168
08/10/2022,HYA,MA,ANE,EN,Federal Contract Tower,2,83,42,0,127,0,10,10,0,20,2,93,52,0,147,0,0,0,147
08/11/2022,HYA,MA,ANE,EN,Federal Contract Tower,2,75,51,0,128,0,6,6,0,12,2,81,57,0,140,0,0,0,140
08/12/2022,HYA,MA,ANE,EN,Federal Contract Tower,2,74,32,0,108,0,23,41,0,64,2,97,73,0,172,14,0,14,186
08/13/2022,HYA,MA,ANE,EN,Federal Contract Tower,2,45,23,0,70,0,36,68,0,104,2,81,91,0,174,16,0,16,190
08/14/2022,HYA,MA,ANE,EN,Federal Contract Tower,2,44,29,0,75,0,37,62,0,99,2,81,91,0,174,56,0,56,230
08/15/2022,HYA,MA,ANE,EN,Federal Contract Tower,2,55,27,0,84,0,28,77,0,105,2,83,104,0,189,52,0,52,241
08/16/2022,HYA,MA,ANE,EN,Federal Contract Tower,2,54,18,0,74,0,41,60,0,101,2,95,78,0,175,28,0,28,203
08/17/2022,HYA,MA,ANE,EN,Federal Contract Tower,2,78,22,0,102,0,38,50,0,88,2,116,72,0,190,14,0,14,204
08/18/2022,HYA,MA,ANE,EN,Federal Contract Tower,2,44,33,0,79,0,38,64,0,102,2,82,97,0,181,14,0,14,195
08/19/2022,HYA,MA,ANE,EN,Federal Contract Tower,2,51,25,0,78,0,32,106,0,138,2,83,131,0,216,14,0,14,230
08/20/2022,HYA,MA,ANE,EN,Federal Contract Tower,2,42,20,0,64,0,32,61,0,93,2,74,81,0,157,36,0,36,193
08/21/2022,HYA,MA,ANE,EN,Federal Contract Tower,2,50,19,0,71,0,24,37,0,61,2,74,56,0,132,6,0,6,138
08/22/2022,HYA,MA,ANE,EN,Federal Contract Tower,2,59,38,0,99,0,7,10,0,17,2,66,48,0,116,0,0,0,116
08/23/2022,HYA,MA,ANE,EN,Federal Contract Tower,2,63,38,2,105,0,1,7,0,8,2,64,45,2,113,0,0,0,113
08/24/2022,HYA,MA,ANE,EN,Federal Contract Tower,2,46,35,0,83,0,36,66,0,102,2,82,101,0,185,44,0,44,229
08/25/2022,HYA,MA,ANE,EN,Federal Contract Tower,2,56,21,0,79,0,35,89,0,124,2,91,110,0,203,96,0,96,299
08/26/2022,HYA,MA,ANE,EN,Federal Contract Tower,2,55,23,0,80,0,42,62,0,104,2,97,85,0,184,50,0,50,234
08/27/2022,HYA,MA,ANE,EN,Federal Contract Tower,2,48,37,0,87,0,11,7,0,18,2,59,44,0,105,6,0,6,111
08/28/2022,HYA,MA,ANE,EN,Federal Contract Tower,2,31,28,0,61,0,19,67,0,86,2,50,95,0,147,26,0,26,173
08/29/2022,HYA,MA,ANE,EN,Federal Contract Tower,2,29,18,0,49,0,26,45,2,73,2,55,63,2,122,16,30,46,168
08/30/2022,HYA,MA,ANE,EN,Federal Contract Tower,2,41,32,0,75,0,18,34,0,52,2,59,66,0,127,8,0,8,135
08/31/2022,HYA,MA,ANE,EN,Federal Contract Tower,2,49,23,10,84,0,26,49,0,75,2,75,72,10,159,16,0,16,175
09/01/2022,HYA,MA,ANE,EN,Federal Contract Tower,2,55,14,0,71,0,54,68,0,122,2,109,82,0,193,62,0,62,255
09/02/2022,HYA,MA,ANE,EN,Federal Contract Tower,2,50,12,0,64,0,54,87,4,145,2,104,99,4,209,6,0,6,215
09/03/2022,HYA,MA,ANE,EN,Federal Contract Tower,2,21,10,0,33,0,26,62,0,88,2,47,72,0,121,8,0,8,129
09/04/2022,HYA,MA,ANE,EN,Federal Contract Tower,2,22,8,0,32,0,30,40,0,70,2,52,48,0,102,14,0,14,116
09/05/2022,HYA,MA,ANE,EN,Federal Contract Tower,2,44,23,0,69,0,18,33,0,51,2,62,56,0,120,32,26,58,178
09/06/2022,HYA,MA,ANE,EN,Federal Contract Tower,2,52,20,3,77,0,14,20,0,34,2,66,40,3,111,0,0,0,111
09/07/2022,HYA,MA,ANE,EN,Federal Contract Tower,0,50,22,0,72,0,31,25,0,56,0,81,47,0,128,16,0,16,144
09/08/2022,HYA,MA,ANE,EN,Federal Contract Tower,2,37,22,0,61,0,44,45,0,89,2,81,67,0,150,24,0,24,174
09/09/2022,HYA,MA,ANE,EN,Federal Contract Tower,2,40,20,2,64,0,31,45,0,76,2,71,65,2,140,46,0,46,186
09/10/2022,HYA,MA,ANE,EN,Federal Contract Tower,0,21,14,0,35,0,26,44,0,70,0,47,58,0,105,40,0,40,145
09/11/2022,HYA,MA,ANE,EN,Federal Contract Tower,2,20,38,0,60,0,23,35,0,58,2,43,73,0,118,6,0,6,124
09/12/2022,HYA,MA,ANE,EN,Federal Contract Tower,2,54,42,0,98,0,1,4,0,5,2,55,46,0,103,0,0,0,103
09/13/2022,HYA,MA,ANE,EN,Federal Contract Tower,0,68,28,0,96,0,1,2,0,3,0,69,30,0,99,0,0,0,99
09/14/2022,HYA,MA,ANE,EN,Federal Contract Tower,0,43,18,0,61,0,36,58,0,94,0,79,76,0,155,40,0,40,195
09/15/2022,HYA,MA,ANE,EN,Federal Contract Tower,2,54,16,0,72,0,61,70,0,131,2,115,86,0,203,48,6,54,257
09/16/2022,HYA,MA,ANE,EN,Federal Contract Tower,2,47,30,0,79,0,61,83,0,144,2,108,113,0,223,88,0,88,311
09/17/2022,HYA,MA,ANE,EN,Federal Contract Tower,0,20,8,0,28,0,30,56,0,86,0,50,64,0,114,78,0,78,192
09/18/2022,HYA,MA,ANE,EN,Federal Contract Tower,2,32,22,0,56,0,30,27,2,59,2,62,49,2,115,12,0,12,127
09/19/2022,HYA,MA,ANE,EN,Federal Contract Tower,2,68,40,0,110,0,2,1,0,3,2,70,41,0,113,8,0,8,121
09/20/2022,HYA,MA,ANE,EN,Federal Contract Tower,0,84,24,0,108,0,14,27,0,41,0,98,51,0,149,10,0,10,159
09/21/2022,HYA,MA,ANE,EN,Federal Contract Tower,0,65,24,0,89,0,23,35,0,58,0,88,59,0,147,12,0,12,159
09/22/2022,HYA,MA,ANE,EN,Federal Contract Tower,2,48,21,0,71,0,12,13,0,25,2,60,34,0,96,16,0,16,112
09/23/2022,HYA,MA,ANE,EN,Federal Contract Tower,2,55,20,0,77,0,38,45,0,83,2,93,65,0,160,64,0,64,224
09/24/2022,HYA,MA,ANE,EN,Federal Contract Tower,0,19,9,0,28,0,29,45,0,74,0,48,54,0,102,20,0,20,122
09/25/2022,HYA,MA,ANE,EN,Federal Contract Tower,2,22,17,0,41,0,15,25,0,40,2,37,42,0,81,36,0,36,117
09/26/2022,HYA,MA,ANE,EN,Federal Contract Tower,2,25,10,0,37,0,28,37,0,65,2,53,47,0,102,30,0,30,132
09/27/2022,HYA,MA,ANE,EN,Federal Contract Tower,0,28,5,0,33,0,33,39,0,72,0,61,44,0,105,46,2,48,153
09/28/2022,HYA,MA,ANE,EN,Federal Contract Tower,0,36,16,0,52,0,32,65,0,97,0,68,81,0,149,42,2,44,193
09/29/2022,HYA,MA,ANE,EN,Federal Contract Tower,2,34,15,0,51,0,50,57,0,107,2,84,72,0,158,58,0,58,216
09/30/2022,HYA,MA,ANE,EN,Federal Contract Tower,2,27,19,0,48,0,43,73,0,116,2,70,92,0,164,50,0,50,214
10/01/2022,HYA,MA,ANE,EN,Federal Contract Tower,0,39,26,0,65,6,0,0,0,6,6,39,26,0,71,4,0,4,75
10/02/2022,HYA,MA,ANE,EN,Federal Contract Tower,2,33,9,0,44,0,8,1,0,9,2,41,10,0,53,0,0,0,53
10/03/2022,HYA,MA,ANE,EN,Federal Contract Tower,2,33,7,0,42,0,40,56,0,96,2,73,63,0,138,48,0,48,186
10/04/2022,HYA,MA,ANE,EN,Federal Contract Tower,0,51,17,2,70,0,0,8,0,8,0,51,25,2,78,0,0,0,78
10/05/2022,HYA,MA,ANE,EN,Federal Contract Tower,0,21,15,0,36,0,0,0,0,0,0,21,15,0,36,0,0,0,36
10/06/2022,HYA,MA,ANE,EN,Federal Contract Tower,2,56,36,0,94,0,8,23,0,31,2,64,59,0,125,2,0,2,127
10/07/2022,HYA,MA,ANE,EN,Federal Contract Tower,2,30,13,0,45,0,44,53,0,97,2,74,66,0,142,50,0,50,192
10/08/2022,HYA,MA,ANE,EN,Federal Contract Tower,0,24,7,0,31,0,20,35,0,55,0,44,42,0,86,70,0,70,156
10/09/2022,HYA,MA,ANE,EN,Federal Contract Tower,2,13,11,0,26,0,27,48,0,75,2,40,59,0,101,20,0,20,121
10/10/2022,HYA,MA,ANE,EN,Federal Contract Tower,2,19,12,0,33,0,37,51,0,88,2,56,63,0,121,90,0,90,211
10/11/2022,HYA,MA,ANE,EN,Federal Contract Tower,0,21,11,0,32,0,28,68,0,96,0,49,79,0,128,68,0,68,196
10/12/2022,HYA,MA,ANE,EN,Federal Contract Tower,0,26,9,0,35,0,38,48,0,86,0,64,57,0,121,36,0,36,157
10/13/2022,HYA,MA,ANE,EN,Federal Contract Tower,0,39,14,0,53,0,47,53,0,100,0,86,67,0,153,28,0,28,181
10/14/2022,HYA,MA,ANE,EN,Federal Contract Tower,0,37,37,0,74,0,0,8,0,8,0,37,45,0,82,0,0,0,82
10/15/2022,HYA,MA,ANE,EN,Federal Contract Tower,0,24,17,0,41,0,18,34,0,52,0,42,51,0,93,34,0,34,127
10/16/2022,HYA,MA,ANE,EN,Federal Contract Tower,0,15,11,0,26,0,36,41,0,77,0,51,52,0,103,44,0,44,147
10/17/2022,HYA,MA,ANE,EN,Federal Contract Tower,0,20,23,0,43,0,34,35,0,69,0,54,58,0,112,58,0,58,170
10/18/2022,HYA,MA,ANE,EN,Federal Contract Tower,0,39,26,0,65,0,15,14,0,29,0,54,40,0,94,36,0,36,130
10/19/2022,HYA,MA,ANE,EN,Federal Contract Tower,0,22,8,0,30,0,49,66,0,115,0,71,74,0,145,48,0,48,193
10/20/2022,HYA,MA,ANE,EN,Federal Contract Tower,0,26,13,0,39,0,58,52,2,112,0,84,65,2,151,30,0,30,181
10/21/2022,HYA,MA,ANE,EN,Federal Contract Tower,0,24,20,0,44,0,36,68,0,104,0,60,88,0,148,22,0,22,170
10/22/2022,HYA,MA,ANE,EN,Federal Contract Tower,0,17,12,0,29,0,23,46,0,69,0,40,58,0,98,20,0,20,118
10/23/2022,HYA,MA,ANE,EN,Federal Contract Tower,0,25,12,0,37,0,12,8,0,20,0,37,20,0,57,34,0,34,91
10/24/2022,HYA,MA,ANE,EN,Federal Contract Tower,0,37,25,0,62,0,0,0,0,0,0,37,25,0,62,0,0,0,62
10/25/2022,HYA,MA,ANE,EN,Federal Contract Tower,0,49,14,0,63,0,0,0,0,0,0,49,14,0,63,0,0,0,63
10/26/2022,HYA,MA,ANE,EN,Federal Contract Tower,0,36,34,0,70,0,0,0,0,0,0,36,34,0,70,0,0,0,70
10/27/2022,HYA,MA,ANE,EN,Federal Contract Tower,0,35,19,0,54,0,82,59,4,145,0,117,78,4,199,164,0,164,363
10/28/2022,HYA,MA,ANE,EN,Federal Contract Tower,0,28,12,0,40,0,53,52,0,105,0,81,64,0,145,44,0,44,189
10/29/2022,HYA,MA,ANE,EN,Federal Contract Tower,0,20,12,0,32,0,56,36,0,92,0,76,48,0,124,62,0,62,186
10/30/2022,HYA,MA,ANE,EN,Federal Contract Tower,0,14,15,0,29,0,18,25,0,43,0,32,40,0,72,26,0,26,98
10/31/2022,HYA,MA,ANE,EN,Federal Contract Tower,0,62,27,1,90,0,20,26,0,46,0,82,53,1,136,46,0,46,182
11/01/2022,HYA,MA,ANE,EN,Federal Contract Tower,0,52,30,0,82,0,0,0,0,0,0,52,30,0,82,0,0,0,82
11/02/2022,HYA,MA,ANE,EN,Federal Contract Tower,0,29,8,10,47,0,49,59,0,108,0,78,67,10,155,54,12,66,221
11/03/2022,HYA,MA,ANE,EN,Federal Contract Tower,0,25,11,0,36,0,52,47,0,99,0,77,58,0,135,22,14,36,171
11/04/2022,HYA,MA,ANE,EN,Federal Contract Tower,0,20,8,0,28,0,48,50,0,98,0,68,58,0,126,30,0,30,156
11/05/2022,HYA,MA,ANE,EN,Federal Contract Tower,0,6,9,0,15,0,36,94,0,130,0,42,103,0,145,38,0,38,183
11/06/2022,HYA,MA,ANE,EN,Federal Contract Tower,0,15,11,0,26,0,16,15,0,31,0,31,26,0,57,20,0,20,77
11/07/2022,HYA,MA,ANE,EN,Federal Contract Tower,0,11,9,0,20,0,23,37,0,60,0,34,46,0,80,70,6,76,156
11/08/2022,HYA,MA,ANE,EN,Federal Contract Tower,0,15,9,0,24,0,24,30,0,54,0,39,39,0,78,16,0,16,94
11/09/2022,HYA,MA,ANE,EN,Federal Contract Tower,0,20,12,0,32,0,44,58,0,102,0,64,70,0,134,44,0,44,178
11/10/2022,HYA,MA,ANE,EN,Federal Contract Tower,0,17,6,0,23,0,53,42,0,95,0,70,48,0,118,98,0,98,216
11/11/2022,HYA,MA,ANE,EN,Federal Contract Tower,0,10,9,0,19,0,43,59,0,102,0,53,68,0,121,38,0,38,159
11/12/2022,HYA,MA,ANE,EN,Federal Contract Tower,0,7,3,0,10,0,21,4,0,25,0,28,7,0,35,0,0,0,35
11/13/2022,HYA,MA,ANE,EN,Federal Contract Tower,0,15,11,0,26,0,3,0,0,3,0,18,11,0,29,0,0,0,29
11/14/2022,HYA,MA,ANE,EN,Federal Contract Tower,0,15,8,0,23,0,25,43,0,68,0,40,51,0,91,14,0,14,105
11/15/2022,HYA,MA,ANE,EN,Federal Contract Tower,0,14,4,0,18,0,29,60,0,89,0,43,64,0,107,14,0,14,121
11/16/2022,HYA,MA,ANE,EN,Federal Contract Tower,0,34,16,0,50,0,0,10,0,10,0,34,26,0,60,0,0,0,60
11/17/2022,HYA,MA,ANE,EN,Federal Contract Tower,0,23,4,0,27,0,53,63,0,116,0,76,67,0,143,96,0,96,239
11/18/2022,HYA,MA,ANE,EN,Federal Contract Tower,0,18,4,0,22,0,47,62,0,109,0,65,66,0,131,52,0,52,183
11/19/2022,HYA,MA,ANE,EN,Federal Contract Tower,0,16,9,2,27,0,37,39,0,76,0,53,48,2,103,36,0,36,139
11/20/2022,HYA,MA,ANE,EN,Federal Contract Tower,0,16,12,0,28,0,15,10,0,25,0,31,22,0,53,2,0,2,55
11/21/2022,HYA,MA,ANE,EN,Federal Contract Tower,0,23,5,0,28,0,45,38,0,83,0,68,43,0,111,42,0,42,153
11/22/2022,HYA,MA,ANE,EN,Federal Contract Tower,0,45,18,0,63,0,38,51,0,89,0,83,69,0,152,64,0,64,216
11/23/2022,HYA,MA,ANE,EN,Federal Contract Tower,0,43,14,0,57,0,24,14,0,38,0,67,28,0,95,0,0,0,95
11/24/2022,HYA,MA,ANE,EN,Federal Contract Tower,0,17,7,0,24,0,1,4,0,5,0,18,11,0,29,0,0,0,29
11/25/2022,HYA,MA,ANE,EN,Federal Contract Tower,0,27,13,0,40,0,0,0,0,0,0,27,13,0,40,0,0,0,40
11/26/2022,HYA,MA,ANE,EN,Federal Contract Tower,0,30,16,0,46,0,9,5,0,14,0,39,21,0,60,0,0,0,60
11/27/2022,HYA,MA,ANE,EN,Federal Contract Tower,0,35,10,0,45,0,9,5,0,14,0,44,15,0,59,0,0,0,59
11/28/2022,HYA,MA,ANE,EN,Federal Contract Tower,0,28,14,0,42,0,43,26,2,71,0,71,40,2,113,58,0,58,171
11/29/2022,HYA,MA,ANE,EN,Federal Contract Tower,0,20,6,0,26,0,28,38,1,67,0,48,44,1,93,70,0,70,163
11/30/2022,HYA,MA,ANE,EN,Federal Contract Tower,0,15,3,0,18,0,33,27,0,60,0,48,30,0,78,22,0,22,100
12/01/2022,HYA,MA,ANE,EN,Federal Contract Tower,0,15,3,0,18,0,58,30,0,88,0,73,33,0,106,28,0,28,134
12/02/2022,HYA,MA,ANE,EN,Federal Contract Tower,0,24,5,0,29,0,40,46,0,86,0,64,51,0,115,24,0,24,139
12/03/2022,HYA,MA,ANE,EN,Federal Contract Tower,0,14,1,0,15,0,16,6,0,22,0,30,7,0,37,4,0,4,41
12/04/2022,HYA,MA,ANE,EN,Federal Contract Tower,0,10,10,0,20,0,32,24,0,56,0,42,34,0,76,26,0,26,102
12/05/2022,HYA,MA,ANE,EN,Federal Contract Tower,0,13,4,0,17,0,33,54,0,87,0,46,58,0,104,60,0,60,164
12/06/2022,HYA,MA,ANE,EN,Federal Contract Tower,0,13,7,0,20,0,20,31,0,51,0,33,38,0,71,16,0,16,87
12/07/2022,HYA,MA,ANE,EN,Federal Contract Tower,0,32,19,0,51,0,0,0,0,0,0,32,19,0,51,0,0,0,51
12/08/2022,HYA,MA,ANE,EN,Federal Contract Tower,0,18,6,0,24,0,45,39,1,85,0,63,45,1,109,14,0,14,123
12/09/2022,HYA,MA,ANE,EN,Federal Contract Tower,0,11,1,0,12,0,30,40,0,70,0,41,41,0,82,4,6,10,92
12/10/2022,HYA,MA,ANE,EN,Federal Contract Tower,0,17,4,0,21,0,7,3,0,10,0,24,7,0,31,0,0,0,31
12/11/2022,HYA,MA,ANE,EN,Federal Contract Tower,0,8,1,0,9,0,3,0,0,3,0,11,1,0,12,0,0,0,12
12/12/2022,HYA,MA,ANE,EN,Federal Contract Tower,0,10,2,0,12,0,13,25,0,38,0,23,27,0,50,0,0,0,50
12/13/2022,HYA,MA,ANE,EN,Federal Contract Tower,0,13,0,0,13,0,35,61,0,96,0,48,61,0,109,48,0,48,157
12/14/2022,HYA,MA,ANE,EN,Federal Contract Tower,0,15,2,0,17,0,46,28,0,74,0,61,30,0,91,18,6,24,115
12/15/2022,HYA,MA,ANE,EN,Federal Contract Tower,0,32,9,0,41,0,30,29,2,61,0,62,38,2,102,0,12,12,114
12/16/2022,HYA,MA,ANE,EN,Federal Contract Tower,0,22,8,0,30,0,0,0,0,0,0,22,8,0,30,0,0,0,30
12/17/2022,HYA,MA,ANE,EN,Federal Contract Tower,0,23,8,0,31,0,10,6,0,16,0,33,14,0,47,26,0,26,73
12/18/2022,HYA,MA,ANE,EN,Federal Contract Tower,0,11,0,0,11,0,14,20,0,34,0,25,20,0,45,30,0,30,75
12/19/2022,HYA,MA,ANE,EN,Federal Contract Tower,0,12,7,0,19,0,36,24,0,60,0,48,31,0,79,54,0,54,133
12/20/2022,HYA,MA,ANE,EN,Federal Contract Tower,0,14,11,0,25,0,31,36,0,67,0,45,47,0,92,60,0,60,152
12/21/2022,HYA,MA,ANE,EN,Federal Contract Tower,0,14,7,0,21,0,33,43,0,76,0,47,50,0,97,4,0,4,101
12/22/2022,HYA,MA,ANE,EN,Federal Contract Tower,0,36,14,0,50,0,44,42,0,86,0,80,56,0,136,44,0,44,180
12/23/2022,HYA,MA,ANE,EN,Federal Contract Tower,0,1,0,0,1,0,0,0,0,0,0,1,0,0,1,0,0,0,1
12/24/2022,HYA,MA,ANE,EN,Federal Contract Tower,0,16,9,0,25,0,5,1,0,6,0,21,10,0,31,0,0,0,31
12/25/2022,HYA,MA,ANE,EN,Federal Contract Tower,0,7,5,0,12,0,4,0,0,4,0,11,5,0,16,0,0,0,16
12/26/2022,HYA,MA,ANE,EN,Federal Contract Tower,0,17,10,0,27,0,23,14,0,37,0,40,24,0,64,16,0,16,80
12/27/2022,HYA,MA,ANE,EN,Federal Contract Tower,0,18,6,0,24,0,28,42,0,70,0,46,48,0,94,38,0,38,132
12/28/2022,HYA,MA,ANE,EN,Federal Contract Tower,0,17,5,2,24,0,39,51,0,90,0,56,56,2,114,72,0,72,186
12/29/2022,HYA,MA,ANE,EN,Federal Contract Tower,0,22,12,0,34,0,46,40,0,86,0,68,52,0,120,20,0,20,140
12/30/2022,HYA,MA,ANE,EN,Federal Contract Tower,0,15,7,0,22,0,34,36,0,70,0,49,43,0,92,54,2,56,148
12/31/2022,HYA,MA,ANE,EN,Federal Contract Tower,0,34,4,0,38,0,0,0,0,0,0,34,4,0,38,0,0,0,38
01/01/2023,HYA,MA,ANE,EN,Federal Contract Tower,0,7,1,0,8,0,12,14,0,26,0,19,15,0,34,6,0,6,40
01/02/2023,HYA,MA,ANE,EN,Federal Contract Tower,0,12,8,0,20,0,12,35,0,47,0,24,43,0,67,54,0,54,121
01/03/2023,HYA,MA,ANE,EN,Federal Contract Tower,0,20,15,0,35,0,13,14,0,27,0,33,29,0,62,4,0,4,66
01/04/2023,HYA,MA,ANE,EN,Federal Contract Tower,0,24,15,0,39,0,0,0,0,0,0,24,15,0,39,0,0,0,39
01/05/2023,HYA,MA,ANE,EN,Federal Contract Tower,0,55,15,0,70,0,0,0,0,0,0,55,15,0,70,0,0,0,70
01/06/2023,HYA,MA,ANE,EN,Federal Contract Tower,0,31,17,0,48,0,0,0,0,0,0,31,17,0,48,0,0,0,48
01/07/2023,HYA,MA,ANE,EN,Federal Contract Tower,0,16,7,0,23,0,6,21,0,27,0,22,28,0,50,24,0,24,74
01/08/2023,HYA,MA,ANE,EN,Federal Contract Tower,0,11,10,2,23,0,14,23,0,37,0,25,33,2,60,46,0,46,106
01/09/2023,HYA,MA,ANE,EN,Federal Contract Tower,0,9,4,0,13,0,29,22,0,51,0,38,26,0,64,18,0,18,82
01/10/2023,HYA,MA,ANE,EN,Federal Contract Tower,0,8,8,0,16,0,31,38,1,70,0,39,46,1,86,48,2,50,136
01/11/2023,HYA,MA,ANE,EN,Federal Contract Tower,0,21,13,0,34,0,31,35,0,66,0,52,48,0,100,40,12,52,152
01/12/2023,HYA,MA,ANE,EN,Federal Contract Tower,0,23,6,0,29,0,39,14,0,53,0,62,20,0,82,44,0,44,126
01/13/2023,HYA,MA,ANE,EN,Federal Contract Tower,0,33,15,0,48,0,7,0,0,7,0,40,15,0,55,0,0,0,55
01/14/2023,HYA,MA,ANE,EN,Federal Contract Tower,0,11,7,0,18,0,0,0,0,0,0,11,7,0,18,0,0,0,18
01/15/2023,HYA,MA,ANE,EN,Federal Contract Tower,0,6,0,0,6,0,0,0,0,0,0,6,0,0,6,0,0,0,6
01/16/2023,HYA,MA,ANE,EN,Federal Contract Tower,0,15,14,0,29,0,0,16,0,16,0,15,30,0,45,0,0,0,45
01/17/2023,HYA,MA,ANE,EN,Federal Contract Tower,0,17,10,0,27,0,40,36,0,76,0,57,46,0,103,72,0,72,175
01/18/2023,HYA,MA,ANE,EN,Federal Contract Tower,0,27,9,0,36,0,40,42,0,82,0,67,51,0,118,44,0,44,162
01/19/2023,HYA,MA,ANE,EN,Federal Contract Tower,0,27,7,0,34,0,50,23,0,73,0,77,30,0,107,28,2,30,137
01/20/2023,HYA,MA,ANE,EN,Federal Contract Tower,0,40,24,0,64,0,0,1,0,1,0,40,25,0,65,0,0,0,65
01/21/2023,HYA,MA,ANE,EN,Federal Contract Tower,0,28,4,0,32,0,8,6,0,14,0,36,10,0,46,8,0,8,54
01/22/2023,HYA,MA,ANE,EN,Federal Contract Tower,0,23,10,0,33,0,13,18,0,31,0,36,28,0,64,36,0,36,100
01/23/2023,HYA,MA,ANE,EN,Federal Contract Tower,0,22,25,0,47,0,0,0,0,0,0,22,25,0,47,0,0,0,47
01/24/2023,HYA,MA,ANE,EN,Federal Contract Tower,0,10,12,0,22,0,47,47,0,94,0,57,59,0,116,24,0,24,140
01/25/2023,HYA,MA,ANE,EN,Federal Contract Tower,0,13,4,0,17,0,48,36,0,84,0,61,40,0,101,74,0,74,175
01/26/2023,HYA,MA,ANE,EN,Federal Contract Tower,0,18,8,0,26,0,26,5,0,31,0,44,13,0,57,20,0,20,77
01/27/2023,HYA,MA,ANE,EN,Federal Contract Tower,0,17,8,0,25,0,46,53,0,99,0,63,61,0,124,38,0,38,162
01/28/2023,HYA,MA,ANE,EN,Federal Contract Tower,0,7,6,0,13,0,33,26,0,59,0,40,32,0,72,50,0,50,122
01/29/2023,HYA,MA,ANE,EN,Federal Contract Tower,0,9,1,0,10,0,24,25,0,49,0,33,26,0,59,40,0,40,99
01/30/2023,HYA,MA,ANE,EN,Federal Contract Tower,0,5,0,0,5,0,38,44,0,82,0,43,44,0,87,38,0,38,125
01/31/2023,HYA,MA,ANE,EN,Federal Contract Tower,0,26,8,0,34,0,18,12,0,30,0,44,20,0,64,4,0,4,68
02/01/2023,HYA,MA,ANE,EN,Federal Contract Tower,0,16,15,0,31,0,30,21,0,51,0,46,36,0,82,24,0,24,106
02/02/2023,HYA,MA,ANE,EN,Federal Contract Tower,0,11,0,0,11,0,50,36,1,87,0,61,36,1,98,56,20,76,174
02/03/2023,HYA,MA,ANE,EN,Federal Contract Tower,0,15,1,0,16,0,23,21,0,44,0,38,22,0,60,0,0,0,60
02/04/2023,HYA,MA,ANE,EN,Federal Contract Tower,0,1,2,0,3,0,7,2,0,9,0,8,4,0,12,0,0,0,12
02/05/2023,HYA,MA,ANE,EN,Federal Contract Tower,0,7,1,0,8,0,20,7,0,27,0,27,8,0,35,10,0,10,45
02/06/2023,HYA,MA,ANE,EN,Federal Contract Tower,0,12,5,0,17,0,23,25,0,48,0,35,30,0,65,22,0,22,87
02/07/2023,HYA,MA,ANE,EN,Federal Contract Tower,0,16,1,0,17,0,27,31,0,58,0,43,32,0,75,20,0,20,95
02/08/2023,HYA,MA,ANE,EN,Federal Contract Tower,0,25,4,0,29,0,33,28,0,61,0,58,32,0,90,22,0,22,112
02/09/2023,HYA,MA,ANE,EN,Federal Contract Tower,0,26,1,0,27,0,42,25,0,67,0,68,26,0,94,8,0,8,102
02/10/2023,HYA,MA,ANE,EN,Federal Contract Tower,0,24,14,0,38,0,13,17,0,30,0,37,31,0,68,8,0,8,76
02/11/2023,HYA,MA,ANE,EN,Federal Contract Tower,0,10,3,0,13,0,15,26,0,41,0,25,29,0,54,8,0,8,62
02/12/2023,HYA,MA,ANE,EN,Federal Contract Tower,0,9,9,0,18,0,18,39,0,57,0,27,48,0,75,22,0,22,97
02/13/2023,HYA,MA,ANE,EN,Federal Contract Tower,0,26,16,0,42,0,3,8,0,11,0,29,24,0,53,0,0,0,53
02/14/2023,HYA,MA,ANE,EN,Federal Contract Tower,0,12,9,0,21,0,26,33,0,59,0,38,42,0,80,6,0,6,86
02/15/2023,HYA,MA,ANE,EN,Federal Contract Tower,0,32,4,0,36,0,28,28,0,56,0,60,32,0,92,8,0,8,100
02/16/2023,HYA,MA,ANE,EN,Federal Contract Tower,0,17,16,0,33,0,39,37,0,76,0,56,53,0,109,20,32,52,161
02/17/2023,HYA,MA,ANE,EN,Federal Contract Tower,0,17,15,0,32,0,0,0,0,0,0,17,15,0,32,0,0,0,32
02/18/2023,HYA,MA,ANE,EN,Federal Contract Tower,0,11,3,0,14,0,29,34,0,63,0,40,37,0,77,36,6,42,119
02/19/2023,HYA,MA,ANE,EN,Federal Contract Tower,0,3,2,0,5,0,16,29,0,45,0,19,31,0,50,20,8,28,78
02/20/2023,HYA,MA,ANE,EN,Federal Contract Tower,0,31,20,0,51,0,17,19,0,36,0,48,39,0,87,30,0,30,117
02/21/2023,HYA,MA,ANE,EN,Federal Contract Tower,0,23,4,2,29,0,9,8,0,17,0,32,12,2,46,12,0,12,58
02/22/2023,HYA,MA,ANE,EN,Federal Contract Tower,0,19,1,0,20,0,33,37,0,70,0,52,38,0,90,40,0,40,130
02/23/2023,HYA,MA,ANE,EN,Federal Contract Tower,0,32,15,0,47,0,0,0,0,0,0,32,15,0,47,0,0,0,47
02/24/2023,HYA,MA,ANE,EN,Federal Contract Tower,0,11,3,0,14,0,25,20,1,46,0,36,23,1,60,2,0,2,62
02/25/2023,HYA,MA,ANE,EN,Federal Contract Tower,0,11,8,0,19,0,21,19,2,42,0,32,27,2,61,10,0,10,71
02/26/2023,HYA,MA,ANE,EN,Federal Contract Tower,0,11,2,0,13,0,13,15,0,28,0,24,17,0,41,5,0,5,46
02/27/2023,HYA,MA,ANE,EN,Federal Contract Tower,0,9,0,0,9,0,26,36,0,62,0,35,36,0,71,54,0,54,125
02/28/2023,HYA,MA,ANE,EN,Federal Contract Tower,19,7,0,0,26,0,0,0,0,0,19,7,0,0,26,0,0,0,26
03/01/2023,HYA,MA,ANE,EN,Federal Contract Tower,0,21,7,0,28,0,38,41,0,79,0,59,48,0,107,24,12,36,143
03/02/2023,HYA,MA,ANE,EN,Federal Contract Tower,0,31,14,1,46,0,20,11,0,31,0,51,25,1,77,4,16,20,97
03/03/2023,HYA,MA,ANE,EN,Federal Contract Tower,0,17,1,0,18,0,47,47,0,94,0,64,48,0,112,76,0,76,188
03/04/2023,HYA,MA,ANE,EN,Federal Contract Tower,0,6,2,0,8,0,0,0,0,0,0,6,2,0,8,0,0,0,8
03/05/2023,HYA,MA,ANE,EN,Federal Contract Tower,0,9,5,0,14,0,22,27,0,49,0,31,32,0,63,44,0,44,107
03/06/2023,HYA,MA,ANE,EN,Federal Contract Tower,0,5,4,0,9,0,28,28,0,56,0,33,32,0,65,6,0,6,71
03/07/2023,HYA,MA,ANE,EN,Federal Contract Tower,0,12,3,0,15,0,30,35,0,65,0,42,38,0,80,14,0,14,94
03/08/2023,HYA,MA,ANE,EN,Federal Contract Tower,0,18,5,0,23,0,8,12,0,20,0,26,17,0,43,0,0,0,43
03/09/2023,HYA,MA,ANE,EN,Federal Contract Tower,0,16,3,0,19,0,41,31,0,72,0,57,34,0,91,28,0,28,119
03/10/2023,HYA,MA,ANE,EN,Federal Contract Tower,0,14,16,0,30,0,40,55,0,95,0,54,71,0,125,114,0,114,239
03/11/2023,HYA,MA,ANE,EN,Federal Contract Tower,0,23,7,0,30,0,5,2,0,7,0,28,9,0,37,8,0,8,45
03/12/2023,HYA,MA,ANE,EN,Federal Contract Tower,0,14,5,0,19,0,18,4,0,22,0,32,9,0,41,0,0,0,41
03/13/2023,HYA,MA,ANE,EN,Federal Contract Tower,0,17,1,0,18,0,21,32,0,53,0,38,33,0,71,60,6,66,137
03/14/2023,HYA,MA,ANE,EN,Federal Contract Tower,0,6,3,0,9,0,1,1,0,2,0,7,4,0,11,0,4,4,15
03/15/2023,HYA,MA,ANE,EN,Federal Contract Tower,0,16,2,0,18,0,35,26,0,61,0,51,28,0,79,6,6,12,91
03/16/2023,HYA,MA,ANE,EN,Federal Contract Tower,0,48,3,0,51,0,53,38,0,91,0,101,41,0,142,48,0,48,190
03/17/2023,HYA,MA,ANE,EN,Federal Contract Tower,0,14,5,0,19,0,37,48,0,85,0,51,53,0,104,32,2,34,138
03/18/2023,HYA,MA,ANE,EN,Federal Contract Tower,0,21,5,0,26,0,12,12,0,24,0,33,17,0,50,14,2,16,66
03/19/2023,HYA,MA,ANE,EN,Federal Contract Tower,0,8,10,0,18,0,19,16,0,35,0,27,26,0,53,6,0,6,59
03/20/2023,HYA,MA,ANE,EN,Federal Contract Tower,0,10,0,0,10,0,30,40,0,70,0,40,40,0,80,50,0,50,130
03/21/2023,HYA,MA,ANE,EN,Federal Contract Tower,0,14,5,0,19,0,33,51,0,84,0,47,56,0,103,20,0,20,123
03/22/2023,HYA,MA,ANE,EN,Federal Contract Tower,0,16,3,0,19,0,38,60,0,98,0,54,63,0,117,50,0,50,167
03/23/2023,HYA,MA,ANE,EN,Federal Contract Tower,0,38,15,0,53,0,8,8,0,16,0,46,23,0,69,0,0,0,69
03/24/2023,HYA,MA,ANE,EN,Federal Contract Tower,0,16,4,0,20,0,37,46,0,83,0,53,50,0,103,34,0,34,137
03/25/2023,HYA,MA,ANE,EN,Federal Contract Tower,0,12,6,0,18,0,24,17,0,41,0,36,23,0,59,28,0,28,87
03/26/2023,HYA,MA,ANE,EN,Federal Contract Tower,0,12,7,0,19,0,12,22,0,34,0,24,29,0,53,10,0,10,63
03/27/2023,HYA,MA,ANE,EN,Federal Contract Tower,0,9,2,0,11,0,21,43,4,68,0,30,45,4,79,18,0,18,97
03/28/2023,HYA,MA,ANE,EN,Federal Contract Tower,0,38,0,0,38,0,10,22,0,32,0,48,22,0,70,10,0,10,80
03/29/2023,HYA,MA,ANE,EN,Federal Contract Tower,0,15,21,0,36,0,45,56,2,103,0,60,77,2,139,16,0,16,155
03/30/2023,HYA,MA,ANE,EN,Federal Contract Tower,0,34,3,0,37,0,32,26,0,58,0,66,29,0,95,8,0,8,103
03/31/2023,HYA,MA,ANE,EN,Federal Contract Tower,0,11,5,0,16,0,34,43,2,79,0,45,48,2,95,58,20,78,173
04/01/2023,HYA,MA,ANE,EN,Federal Contract Tower,0,26,0,0,26,0,0,0,0,0,0,26,0,0,26,0,0,0,26
04/02/2023,HYA,MA,ANE,EN,Federal Contract Tower,0,12,1,0,13,0,18,20,0,38,0,30,21,0,51,10,0,10,61
04/03/2023,HYA,MA,ANE,EN,Federal Contract Tower,0,5,7,0,12,0,38,49,0,87,0,43,56,0,99,16,0,16,115
04/04/2023,HYA,MA,ANE,EN,Federal Contract Tower,0,22,12,0,34,0,17,19,0,36,0,39,31,0,70,4,0,4,74
04/05/2023,HYA,MA,ANE,EN,Federal Contract Tower,0,47,24,0,71,0,6,11,0,17,0,53,35,0,88,0,0,0,88
04/06/2023,HYA,MA,ANE,EN,Federal Contract Tower,0,35,14,0,49,0,12,5,0,17,0,47,19,0,66,0,0,0,66
04/07/2023,HYA,MA,ANE,EN,Federal Contract Tower,0,10,5,0,15,0,28,45,0,73,0,38,50,0,88,16,0,16,104
04/08/2023,HYA,MA,ANE,EN,Federal Contract Tower,0,9,12,0,21,0,27,40,0,67,0,36,52,0,88,32,0,32,120
04/09/2023,HYA,MA,ANE,EN,Federal Contract Tower,0,7,3,0,10,0,19,27,0,46,0,26,30,0,56,2,0,2,58
04/10/2023,HYA,MA,ANE,EN,Federal Contract Tower,0,11,7,0,18,0,30,47,0,77,0,41,54,0,95,16,0,16,111
04/11/2023,HYA,MA,ANE,EN,Federal Contract Tower,0,9,3,0,12,0,33,47,0,80,0,42,50,0,92,12,0,12,104
04/12/2023,HYA,MA,ANE,EN,Federal Contract Tower,0,6,4,0,10,0,43,47,0,90,0,49,51,0,100,38,0,38,138
04/13/2023,HYA,MA,ANE,EN,Federal Contract Tower,0,33,5,0,38,0,70,46,0,116,0,103,51,0,154,38,0,38,192
04/14/2023,HYA,MA,ANE,EN,Federal Contract Tower,0,19,7,0,26,0,29,43,0,72,0,48,50,0,98,38,0,38,136
04/15/2023,HYA,MA,ANE,EN,Federal Contract Tower,0,33,13,0,46,0,0,2,0,2,0,33,15,0,48,0,0,0,48
04/16/2023,HYA,MA,ANE,EN,Federal Contract Tower,0,33,8,0,41,0,0,0,0,0,0,33,8,0,41,6,0,6,47
04/17/2023,HYA,MA,ANE,EN,Federal Contract Tower,0,28,20,0,48,0,0,0,0,0,0,28,20,0,48,0,0,0,48
04/18/2023,HYA,MA,ANE,EN,Federal Contract Tower,0,12,4,0,16,0,27,34,0,61,0,39,38,0,77,2,0,2,79
04/19/2023,HYA,MA,ANE,EN,Federal Contract Tower,0,33,6,0,39,0,53,39,0,92,0,86,45,0,131,22,0,22,153
04/20/2023,HYA,MA,ANE,EN,Federal Contract Tower,0,40,11,0,51,0,53,38,0,91,0,93,49,0,142,16,0,16,158
04/21/2023,HYA,MA,ANE,EN,Federal Contract Tower,0,30,8,0,38,0,44,47,0,91,0,74,55,0,129,90,0,90,219
04/22/2023,HYA,MA,ANE,EN,Federal Contract Tower,0,41,15,0,56,0,26,30,0,56,0,67,45,0,112,46,0,46,158
04/23/2023,HYA,MA,ANE,EN,Federal Contract Tower,0,15,3,0,18,0,13,3,0,16,0,28,6,0,34,18,0,18,52
04/24/2023,HYA,MA,ANE,EN,Federal Contract Tower,0,32,17,0,49,0,20,19,0,39,0,52,36,0,88,40,0,40,128
04/25/2023,HYA,MA,ANE,EN,Federal Contract Tower,0,28,5,0,33,0,15,19,0,34,0,43,24,0,67,26,0,26,93
04/26/2023,HYA,MA,ANE,EN,Federal Contract Tower,0,41,8,0,49,0,21,29,0,50,0,62,37,0,99,14,0,14,113
04/27/2023,HYA,MA,ANE,EN,Federal Contract Tower,0,40,8,0,48,0,35,42,0,77,0,75,50,0,125,24,8,32,157
04/28/2023,HYA,MA,ANE,EN,Federal Contract Tower,0,45,27,0,72,0,31,36,0,67,0,76,63,0,139,26,0,26,165
04/29/2023,HYA,MA,ANE,EN,Federal Contract Tower,0,15,7,0,22,0,32,16,0,48,0,47,23,0,70,26,0,26,96
04/30/2023,HYA,MA,ANE,EN,Federal Contract Tower,0,26,4,0,30,0,0,0,0,0,0,26,4,0,30,0,0,0,30
05/01/2023,HYA,MA,ANE,EN,Federal Contract Tower,0,23,13,0,36,0,20,19,0,39,0,43,32,0,75,12,0,12,87
05/02/2023,HYA,MA,ANE,EN,Federal Contract Tower,0,34,1,0,35,0,41,24,2,67,0,75,25,2,102,16,0,16,118
05/03/2023,HYA,MA,ANE,EN,Federal Contract Tower,0,16,22,0,38,0,33,51,0,84,0,49,73,0,122,16,0,16,138
05/04/2023,HYA,MA,ANE,EN,Federal Contract Tower,0,49,29,0,78,0,17,9,0,26,0,66,38,0,104,14,0,14,118
05/05/2023,HYA,MA,ANE,EN,Federal Contract Tower,0,31,23,0,54,0,17,22,0,39,0,48,45,0,93,24,0,24,117
05/06/2023,HYA,MA,ANE,EN,Federal Contract Tower,0,15,7,0,22,0,29,34,0,63,0,44,41,0,85,38,0,38,123
05/07/2023,HYA,MA,ANE,EN,Federal Contract Tower,0,10,12,0,22,0,21,35,0,56,0,31,47,0,78,28,0,28,106
05/08/2023,HYA,MA,ANE,EN,Federal Contract Tower,0,18,14,0,32,0,25,48,0,73,0,43,62,0,105,14,0,14,119
05/09/2023,HYA,MA,ANE,EN,Federal Contract Tower,0,29,10,0,39,0,32,33,0,65,0,61,43,0,104,32,0,32,136
05/10/2023,HYA,MA,ANE,EN,Federal Contract Tower,0,9,6,0,15,0,59,32,0,91,0,68,38,0,106,2,0,2,108
05/11/2023,HYA,MA,ANE,EN,Federal Contract Tower,0,18,3,0,21,0,42,39,0,81,0,60,42,0,102,14,0,14,116
05/12/2023,HYA,MA,ANE,EN,Federal Contract Tower,0,15,9,0,24,0,29,50,0,79,0,44,59,0,103,46,0,46,149
05/13/2023,HYA,MA,ANE,EN,Federal Contract Tower,0,9,9,0,18,0,35,35,2,72,0,44,44,2,90,48,0,48,138
05/14/2023,HYA,MA,ANE,EN,Federal Contract Tower,0,6,6,0,12,0,14,22,0,36,0,20,28,0,48,8,0,8,56
05/15/2023,HYA,MA,ANE,EN,Federal Contract Tower,0,26,7,0,33,0,33,47,0,80,0,59,54,0,113,34,0,34,147
05/16/2023,HYA,MA,ANE,EN,Federal Contract Tower,0,22,9,0,31,0,27,30,0,57,0,49,39,0,88,4,0,4,92
05/17/2023,HYA,MA,ANE,EN,Federal Contract Tower,0,22,5,0,27,0,44,30,0,74,0,66,35,0,101,12,0,12,113
05/18/2023,HYA,MA,ANE,EN,Federal Contract Tower,0,25,7,0,32,0,51,52,0,103,0,76,59,0,135,28,0,28,163
05/19/2023,HYA,MA,ANE,EN,Federal Contract Tower,0,29,4,0,33,0,38,45,0,83,0,67,49,0,116,38,0,38,154
05/20/2023,HYA,MA,ANE,EN,Federal Contract Tower,0,32,10,0,42,0,16,5,0,21,0,48,15,0,63,0,0,0,63
05/21/2023,HYA,MA,ANE,EN,Federal Contract Tower,0,25,9,0,34,0,16,38,0,54,0,41,47,0,88,8,0,8,96
05/22/2023,HYA,MA,ANE,EN,Federal Contract Tower,0,19,12,0,31,0,36,39,0,75,0,55,51,0,106,8,0,8,114
05/23/2023,HYA,MA,ANE,EN,Federal Contract Tower,0,13,6,0,19,0,35,49,2,86,0,48,55,2,105,48,2,50,155
05/24/2023,HYA,MA,ANE,EN,Federal Contract Tower,0,59,31,0,90,0,22,24,0,46,0,81,55,0,136,6,0,6,142
05/25/2023,HYA,MA,ANE,EN,Federal Contract Tower,4,61,34,3,102,0,50,48,1,99,4,111,82,4,201,44,32,76,277
05/26/2023,HYA,MA,ANE,EN,Federal Contract Tower,4,35,20,0,59,0,34,69,0,103,4,69,89,0,162,30,0,30,192
05/27/2023,HYA,MA,ANE,EN,Federal Contract Tower,4,21,9,0,34,0,29,46,0,75,4,50,55,0,109,2,0,2,111
05/28/2023,HYA,MA,ANE,EN,Federal Contract Tower,4,18,11,0,33,0,20,27,0,47,4,38,38,0,80,6,0,6,86
05/29/2023,HYA,MA,ANE,EN,Federal Contract Tower,4,10,17,0,31,0,23,38,0,61,4,33,55,0,92,0,0,0,92
05/30/2023,HYA,MA,ANE,EN,Federal Contract Tower,4,27,4,0,35,0,34,55,1,90,4,61,59,1,125,64,0,64,189
05/31/2023,HYA,MA,ANE,EN,Federal Contract Tower,3,38,16,0,57,0,41,43,1,85,3,79,59,1,142,28,14,42,184
06/01/2023,HYA,MA,ANE,EN,Federal Contract Tower,5,50,18,0,73,0,48,46,0,94,5,98,64,0,167,38,4,42,209
06/02/2023,HYA,MA,ANE,EN,Federal Contract Tower,4,40,16,0,60,0,32,42,2,76,4,72,58,2,136,36,0,36,172
06/03/2023,HYA,MA,ANE,EN,Federal Contract Tower,4,37,9,0,50,0,1,0,0,1,4,38,9,0,51,0,0,0,51
06/04/2023,HYA,MA,ANE,EN,Federal Contract Tower,4,33,20,2,59,0,2,1,0,3,4,35,21,2,62,0,0,0,62
06/05/2023,HYA,MA,ANE,EN,Federal Contract Tower,4,50,38,0,92,0,13,20,0,33,4,63,58,0,125,8,0,8,133
06/06/2023,HYA,MA,ANE,EN,Federal Contract Tower,4,30,10,0,44,0,0,0,0,0,4,30,10,0,44,38,4,42,86
06/07/2023,HYA,MA,ANE,EN,Federal Contract Tower,4,50,15,0,69,0,49,39,0,88,4,99,54,0,157,22,16,38,195
06/08/2023,HYA,MA,ANE,EN,Federal Contract Tower,4,24,19,3,50,0,41,50,3,94,4,65,69,6,144,68,12,80,224
06/09/2023,HYA,MA,ANE,EN,Federal Contract Tower,4,64,16,0,84,0,33,32,1,66,4,97,48,1,150,36,0,36,186
06/10/2023,HYA,MA,ANE,EN,Federal Contract Tower,4,43,28,0,75,0,16,14,0,30,4,59,42,0,105,8,0,8,113
06/11/2023,HYA,MA,ANE,EN,Federal Contract Tower,4,20,16,0,40,0,27,46,0,73,4,47,62,0,113,58,0,58,171
06/12/2023,HYA,MA,ANE,EN,Federal Contract Tower,4,36,16,0,56,0,25,31,0,56,4,61,47,0,112,4,0,4,116
06/13/2023,HYA,MA,ANE,EN,Federal Contract Tower,9,68,33,0,110,0,14,17,0,31,9,82,50,0,141,8,0,8,149
06/14/2023,HYA,MA,ANE,EN,Federal Contract Tower,2,52,24,0,78,0,51,40,1,92,2,103,64,1,170,18,0,18,188
06/15/2023,HYA,MA,ANE,EN,Federal Contract Tower,4,59,25,0,88,0,55,51,0,106,4,114,76,0,194,4,0,4,198
06/16/2023,HYA,MA,ANE,EN,Federal Contract Tower,4,33,21,0,58,0,53,77,0,130,4,86,98,0,188,14,0,14,202
06/17/2023,HYA,MA,ANE,EN,Federal Contract Tower,2,39,25,0,66,0,6,3,0,9,2,45,28,0,75,0,0,0,75
06/18/2023,HYA,MA,ANE,EN,Federal Contract Tower,4,27,17,0,48,0,14,19,0,33,4,41,36,0,81,14,0,14,95
06/19/2023,HYA,MA,ANE,EN,Federal Contract Tower,4,33,14,0,51,0,48,60,0,108,4,81,74,0,159,42,0,42,201
06/20/2023,HYA,MA,ANE,EN,Federal Contract Tower,4,33,11,0,48,0,63,54,4,121,4,96,65,4,169,18,0,18,187
06/21/2023,HYA,MA,ANE,EN,Federal Contract Tower,5,48,21,0,74,0,53,71,0,124,5,101,92,0,198,40,0,40,238
06/22/2023,HYA,MA,ANE,EN,Federal Contract Tower,5,57,20,0,82,0,32,37,0,69,5,89,57,0,151,2,0,2,153
06/23/2023,HYA,MA,ANE,EN,Federal Contract Tower,4,78,28,0,110,0,6,13,0,19,4,84,41,0,129,4,0,4,133
06/24/2023,HYA,MA,ANE,EN,Federal Contract Tower,4,44,25,0,73,0,3,6,0,9,4,47,31,0,82,0,0,0,82
06/25/2023,HYA,MA,ANE,EN,Federal Contract Tower,2,62,28,0,92,0,2,10,0,12,2,64,38,0,104,0,0,0,104
06/26/2023,HYA,MA,ANE,EN,Federal Contract Tower,2,86,22,0,110,0,4,2,0,6,2,90,24,0,116,0,0,0,116
06/27/2023,HYA,MA,ANE,EN,Federal Contract Tower,0,83,17,0,100,0,19,10,0,29,0,102,27,0,129,24,0,24,153
06/28/2023,HYA,MA,ANE,EN,Federal Contract Tower,4,77,29,0,110,0,14,12,0,26,4,91,41,0,136,2,0,2,138
06/29/2023,HYA,MA,ANE,EN,Federal Contract Tower,4,111,41,0,156,0,32,17,0,49,4,143,58,0,205,0,0,0,205
06/30/2023,HYA,MA,ANE,EN,Federal Contract Tower,4,71,30,0,105,0,60,64,0,124,4,131,94,0,229,38,0,38,267
07/01/2023,HYA,MA,ANE,EN,Federal Contract Tower,4,63,45,0,112,0,5,28,0,33,4,68,73,0,145,2,0,2,147
07/02/2023,HYA,MA,ANE,EN,Federal Contract Tower,2,52,24,0,78,0,1,1,0,2,2,53,25,0,80,0,0,0,80
07/03/2023,HYA,MA,ANE,EN,Federal Contract Tower,4,38,20,0,62,0,19,18,0,37,4,57,38,0,99,20,0,20,119
07/04/2023,HYA,MA,ANE,EN,Federal Contract Tower,4,66,11,0,81,0,3,3,0,6,4,69,14,0,87,0,0,0,87
07/05/2023,HYA,MA,ANE,EN,Federal Contract Tower,4,83,49,0,136,0,14,26,0,40,4,97,75,0,176,34,0,34,210
07/06/2023,HYA,MA,ANE,EN,Federal Contract Tower,4,79,43,0,126,0,25,26,0,51,4,104,69,0,177,24,0,24,201
07/07/2023,HYA,MA,ANE,EN,Federal Contract Tower,0,2,66,59,127,0,4,8,0,12,0,6,74,59,139,4,2,6,145
07/08/2023,HYA,MA,ANE,EN,Federal Contract Tower,4,54,36,0,94,0,10,15,0,25,4,64,51,0,119,6,2,8,127
07/09/2023,HYA,MA,ANE,EN,Federal Contract Tower,2,59,31,0,92,0,0,2,0,2,2,59,33,0,94,0,0,0,94
07/10/2023,HYA,MA,ANE,EN,Federal Contract Tower,5,68,40,0,113,0,0,0,0,0,5,68,40,0,113,0,0,0,113
07/11/2023,HYA,MA,ANE,EN,Federal Contract Tower,4,36,12,0,52,0,69,66,0,135,4,105,78,0,187,52,0,52,239
07/12/2023,HYA,MA,ANE,EN,Federal Contract Tower,3,49,13,0,65,0,72,89,0,161,3,121,102,0,226,64,0,64,290
07/13/2023,HYA,MA,ANE,EN,Federal Contract Tower,5,65,25,0,95,0,62,71,0,133,5,127,96,0,228,42,0,42,270
07/14/2023,HYA,MA,ANE,EN,Federal Contract Tower,4,62,25,0,91,0,17,29,0,46,4,79,54,0,137,32,0,32,169
07/15/2023,HYA,MA,ANE,EN,Federal Contract Tower,3,58,31,0,92,0,15,19,0,34,3,73,50,0,126,6,0,6,132
07/16/2023,HYA,MA,ANE,EN,Federal Contract Tower,0,74,24,0,98,0,0,4,0,4,0,74,28,0,102,0,0,0,102
07/17/2023,HYA,MA,ANE,EN,Federal Contract Tower,4,59,27,0,90,0,44,62,0,106,4,103,89,0,196,92,0,92,288
07/18/2023,HYA,MA,ANE,EN,Federal Contract Tower,2,78,20,0,100,0,20,26,0,46,2,98,46,0,146,8,0,8,154
07/19/2023,HYA,MA,ANE,EN,Federal Contract Tower,4,70,30,0,104,0,31,41,0,72,4,101,71,0,176,54,0,54,230
07/20/2023,HYA,MA,ANE,EN,Federal Contract Tower,4,50,24,2,80,0,66,65,0,131,4,116,89,2,211,32,2,34,245
07/21/2023,HYA,MA,ANE,EN,Federal Contract Tower,4,109,47,1,161,0,9,7,0,16,4,118,54,1,177,0,0,0,177
07/22/2023,HYA,MA,ANE,EN,Federal Contract Tower,4,71,37,1,113,0,7,15,0,22,4,78,52,1,135,0,0,0,135
07/23/2023,HYA,MA,ANE,EN,Federal Contract Tower,4,71,18,0,93,0,34,51,0,85,4,105,69,0,178,28,0,28,206
07/24/2023,HYA,MA,ANE,EN,Federal Contract Tower,4,44,22,0,70,0,42,46,0,88,4,86,68,0,158,56,0,56,214
07/25/2023,HYA,MA,ANE,EN,Federal Contract Tower,4,37,19,0,60,0,64,47,0,111,4,101,66,0,171,66,0,66,237
07/26/2023,HYA,MA,ANE,EN,Federal Contract Tower,4,66,29,0,99,0,59,62,0,121,4,125,91,0,220,36,0,36,256
07/27/2023,HYA,MA,ANE,EN,Federal Contract Tower,2,64,24,2,92,0,33,29,0,62,2,97,53,2,154,6,0,6,160
07/28/2023,HYA,MA,ANE,EN,Federal Contract Tower,4,42,21,0,67,0,59,51,0,110,4,101,72,0,177,4,0,4,181
07/29/2023,HYA,MA,ANE,EN,Federal Contract Tower,2,72,21,0,95,0,26,26,0,52,2,98,47,0,147,2,0,2,149
07/30/2023,HYA,MA,ANE,EN,Federal Contract Tower,4,64,36,0,104,0,34,45,0,79,4,98,81,0,183,12,16,28,211
07/31/2023,HYA,MA,ANE,EN,Federal Contract Tower,4,50,15,0,69,0,33,56,0,89,4,83,71,0,158,0,28,28,186
08/01/2023,HYA,MA,ANE,EN,Federal Contract Tower,4,45,13,0,62,0,56,66,0,122,4,101,79,0,184,34,0,34,218
08/02/2023,HYA,MA,ANE,EN,Federal Contract Tower,4,54,23,1,82,0,55,66,4,125,4,109,89,5,207,12,2,14,221
08/03/2023,HYA,MA,ANE,EN,Federal Contract Tower,4,41,18,0,63,0,66,63,1,130,4,107,81,1,193,32,0,32,225
08/04/2023,HYA,MA,ANE,EN,Federal Contract Tower,4,54,19,0,77,0,47,54,0,101,4,101,73,0,178,26,0,26,204
08/05/2023,HYA,MA,ANE,EN,Federal Contract Tower,4,48,20,0,72,0,33,37,3,73,4,81,57,3,145,8,0,8,153
08/06/2023,HYA,MA,ANE,EN,Federal Contract Tower,4,47,19,0,70,0,38,49,0,87,4,85,68,0,157,18,0,18,175
08/07/2023,HYA,MA,ANE,EN,Federal Contract Tower,4,61,19,0,84,0,42,28,0,70,4,103,47,0,154,50,0,50,204
08/08/2023,HYA,MA,ANE,EN,Federal Contract Tower,4,76,22,0,102,0,15,12,0,27,4,91,34,0,129,2,0,2,131
08/09/2023,HYA,MA,ANE,EN,Federal Contract Tower,4,55,10,0,69,0,60,74,0,134,4,115,84,0,203,36,0,36,239
08/10/2023,HYA,MA,ANE,EN,Federal Contract Tower,4,58,29,0,91,0,55,53,0,108,4,113,82,0,199,16,0,16,215
08/11/2023,HYA,MA,ANE,EN,Federal Contract Tower,4,67,23,0,94,0,0,0,0,0,4,67,23,0,94,20,0,20,114
08/12/2023,HYA,MA,ANE,EN,Federal Contract Tower,6,60,12,0,78,0,0,0,0,0,6,60,12,0,78,40,0,40,118
08/13/2023,HYA,MA,ANE,EN,Federal Contract Tower,4,50,23,0,77,0,17,25,0,42,4,67,48,0,119,14,0,14,133
08/14/2023,HYA,MA,ANE,EN,Federal Contract Tower,4,43,19,0,66,0,39,57,2,98,4,82,76,2,164,25,0,25,189
08/15/2023,HYA,MA,ANE,EN,Federal Contract Tower,4,67,29,0,100,0,6,3,0,9,4,73,32,0,109,0,0,0,109
08/16/2023,HYA,MA,ANE,EN,Federal Contract Tower,4,96,45,0,145,0,4,3,0,7,4,100,48,0,152,0,0,0,152
08/17/2023,HYA,MA,ANE,EN,Federal Contract Tower,4,72,48,0,124,0,0,0,0,0,4,72,48,0,124,0,0,0,124
08/18/2023,HYA,MA,ANE,EN,Federal Contract Tower,4,57,34,1,96,0,5,2,0,7,4,62,36,1,103,4,0,4,107
08/19/2023,HYA,MA,ANE,EN,Federal Contract Tower,4,34,14,0,52,0,44,59,0,103,4,78,73,0,155,16,0,16,171
08/20/2023,HYA,MA,ANE,EN,Federal Contract Tower,4,36,22,0,62,0,29,53,0,82,4,65,75,0,144,0,0,0,144
08/21/2023,HYA,MA,ANE,EN,Federal Contract Tower,4,42,23,0,69,0,41,48,0,89,4,83,71,0,158,24,0,24,182
08/22/2023,HYA,MA,ANE,EN,Federal Contract Tower,4,29,24,2,59,0,50,50,0,100,4,79,74,2,159,24,0,24,183
08/23/2023,HYA,MA,ANE,EN,Federal Contract Tower,4,42,11,4,61,0,44,60,0,104,4,86,71,4,165,26,0,26,191
08/24/2023,HYA,MA,ANE,EN,Federal Contract Tower,4,58,25,0,87,0,54,58,0,112,4,112,83,0,199,10,0,10,209
08/25/2023,HYA,MA,ANE,EN,Federal Contract Tower,4,62,20,0,86,0,10,12,0,22,4,72,32,0,108,12,0,12,120
08/26/2023,HYA,MA,ANE,EN,Federal Contract Tower,4,66,28,0,98,0,5,5,0,10,4,71,33,0,108,0,0,0,108
08/27/2023,HYA,MA,ANE,EN,Federal Contract Tower,4,63,44,0,111,0,2,4,0,6,4,65,48,0,117,0,0,0,117
08/28/2023,HYA,MA,ANE,EN,Federal Contract Tower,4,58,21,0,83,0,23,24,0,47,4,81,45,0,130,34,0,34,164
08/29/2023,HYA,MA,ANE,EN,Federal Contract Tower,4,58,27,0,89,0,2,2,0,4,4,60,29,0,93,0,0,0,93
08/30/2023,HYA,MA,ANE,EN,Federal Contract Tower,4,70,21,0,95,0,9,13,0,22,4,79,34,0,117,2,0,2,119
08/31/2023,HYA,MA,ANE,EN,Federal Contract Tower,4,37,26,0,67,0,58,66,0,124,4,95,92,0,191,36,0,36,227
