01/01/2020,IAH,TX,ASW,CE,Towers with Radar,1036,199,6,0,1241,0,2,2,0,4,1036,201,8,0,1245,0,0,0,1245
01/02/2020,IAH,TX,ASW,CE,Towers with Radar,1126,237,18,0,1381,0,0,0,0,0,1126,237,18,0,1381,0,0,0,1381
01/03/2020,IAH,TX,ASW,CE,Towers with Radar,1147,245,17,0,1409,0,2,0,0,2,1147,247,17,0,1411,0,0,0,1411
01/04/2020,IAH,TX,ASW,CE,Towers with Radar,1096,215,12,0,1323,0,2,2,0,4,1096,217,14,0,1327,0,0,0,1327
01/05/2020,IAH,TX,ASW,CE,Towers with Radar,1124,231,12,0,1367,0,0,2,0,2,1124,231,14,0,1369,0,0,0,1369
01/06/2020,IAH,TX,ASW,CE,Towers with Radar,1083,229,27,0,1339,0,1,4,0,5,1083,230,31,0,1344,0,0,0,1344
01/07/2020,IAH,TX,ASW,CE,Towers with Radar,1064,218,27,0,1309,0,0,3,0,3,1064,218,30,0,1312,0,0,0,1312
01/08/2020,IAH,TX,ASW,CE,Towers with Radar,1050,222,14,0,1286,0,1,6,0,7,1050,223,20,0,1293,0,0,0,1293
01/09/2020,IAH,TX,ASW,CE,Towers with Radar,1078,236,24,0,1338,0,2,2,0,4,1078,238,26,0,1342,0,0,0,1342
01/10/2020,IAH,TX,ASW,CE,Towers with Radar,1053,227,18,0,1298,0,0,0,0,0,1053,227,18,0,1298,0,0,0,1298
01/11/2020,IAH,TX,ASW,CE,Towers with Radar,887,186,8,0,1081,0,0,0,0,0,887,186,8,0,1081,0,0,0,1081
01/12/2020,IAH,TX,ASW,CE,Towers with Radar,1037,248,19,0,1304,0,1,0,0,1,1037,249,19,0,1305,0,0,0,1305
01/13/2020,IAH,TX,ASW,CE,Towers with Radar,1058,219,25,0,1302,0,0,0,0,0,1058,219,25,0,1302,0,0,0,1302
01/14/2020,IAH,TX,ASW,CE,Towers with Radar,1043,224,33,0,1300,0,0,1,0,1,1043,224,34,0,1301,0,0,0,1301
01/15/2020,IAH,TX,ASW,CE,Towers with Radar,1046,223,28,0,1297,0,0,0,0,0,1046,223,28,0,1297,0,0,0,1297
01/16/2020,IAH,TX,ASW,CE,Towers with Radar,1074,238,23,0,1335,0,0,0,0,0,1074,238,23,0,1335,0,0,0,1335
01/17/2020,IAH,TX,ASW,CE,Towers with Radar,1055,226,21,0,1302,0,0,0,0,0,1055,226,21,0,1302,0,0,0,1302
01/18/2020,IAH,TX,ASW,CE,Towers with Radar,857,162,12,0,1031,1,0,1,2,4,858,162,13,2,1035,0,0,0,1035
01/19/2020,IAH,TX,ASW,CE,Towers with Radar,992,200,19,0,1211,0,0,3,0,3,992,200,22,0,1214,0,0,0,1214
01/20/2020,IAH,TX,ASW,CE,Towers with Radar,1045,233,12,0,1290,0,0,5,0,5,1045,233,17,0,1295,0,0,0,1295
01/21/2020,IAH,TX,ASW,CE,Towers with Radar,1040,225,19,0,1284,0,0,4,0,4,1040,225,23,0,1288,0,0,0,1288
01/22/2020,IAH,TX,ASW,CE,Towers with Radar,1044,226,24,0,1294,0,0,0,0,0,1044,226,24,0,1294,0,0,0,1294
01/23/2020,IAH,TX,ASW,CE,Towers with Radar,1071,242,28,0,1341,0,0,0,0,0,1071,242,28,0,1341,0,0,0,1341
01/24/2020,IAH,TX,ASW,CE,Towers with Radar,1070,232,20,2,1324,0,1,1,0,2,1070,233,21,2,1326,0,0,0,1326
01/25/2020,IAH,TX,ASW,CE,Towers with Radar,893,171,10,0,1074,0,4,0,0,4,893,175,10,0,1078,0,0,0,1078
01/26/2020,IAH,TX,ASW,CE,Towers with Radar,1020,243,14,0,1277,0,0,3,2,5,1020,243,17,2,1282,0,0,0,1282
01/27/2020,IAH,TX,ASW,CE,Towers with Radar,1055,226,22,0,1303,0,0,0,0,0,1055,226,22,0,1303,0,0,0,1303
01/28/2020,IAH,TX,ASW,CE,Towers with Radar,1038,227,32,0,1297,0,0,2,0,2,1038,227,34,0,1299,0,0,0,1299
01/29/2020,IAH,TX,ASW,CE,Towers with Radar,1065,227,25,0,1317,0,2,4,1,7,1065,229,29,1,1324,0,0,0,1324
01/30/2020,IAH,TX,ASW,CE,Towers with Radar,1077,234,26,0,1337,0,3,5,0,8,1077,237,31,0,1345,0,0,0,1345
01/31/2020,IAH,TX,ASW,CE,Towers with Radar,1062,242,11,0,1315,0,2,2,0,4,1062,244,13,0,1319,0,0,0,1319
02/01/2020,IAH,TX,ASW,CE,Towers with Radar,880,174,3,0,1057,0,0,0,0,0,880,174,3,0,1057,0,0,0,1057
02/02/2020,IAH,TX,ASW,CE,Towers with Radar,1012,241,7,0,1260,0,3,0,0,3,1012,244,7,0,1263,0,0,0,1263
02/03/2020,IAH,TX,ASW,CE,Towers with Radar,1056,246,17,0,1319,0,1,4,0,5,1056,247,21,0,1324,0,0,0,1324
02/04/2020,IAH,TX,ASW,CE,Towers with Radar,1051,224,38,0,1313,0,0,0,0,0,1051,224,38,0,1313,0,0,0,1313
02/05/2020,IAH,TX,ASW,CE,Towers with Radar,1037,230,25,0,1292,0,0,1,0,1,1037,230,26,0,1293,0,0,0,1293
02/06/2020,IAH,TX,ASW,CE,Towers with Radar,1066,240,25,0,1331,0,2,0,2,4,1066,242,25,2,1335,0,0,0,1335
02/07/2020,IAH,TX,ASW,CE,Towers with Radar,1058,237,31,0,1326,0,0,0,0,0,1058,237,31,0,1326,0,0,0,1326
02/08/2020,IAH,TX,ASW,CE,Towers with Radar,901,171,9,0,1081,0,4,3,0,7,901,175,12,0,1088,0,0,0,1088
02/09/2020,IAH,TX,ASW,CE,Towers with Radar,1022,234,15,0,1271,0,0,0,0,0,1022,234,15,0,1271,0,0,0,1271
02/10/2020,IAH,TX,ASW,CE,Towers with Radar,1067,234,26,0,1327,0,0,0,0,0,1067,234,26,0,1327,0,0,0,1327
02/11/2020,IAH,TX,ASW,CE,Towers with Radar,1049,224,17,0,1290,0,0,0,0,0,1049,224,17,0,1290,0,0,0,1290
02/12/2020,IAH,TX,ASW,CE,Towers with Radar,1054,235,30,0,1319,0,0,0,0,0,1054,235,30,0,1319,0,0,0,1319
02/13/2020,IAH,TX,ASW,CE,Towers with Radar,1043,309,28,0,1380,0,2,4,0,6,1043,311,32,0,1386,0,0,0,1386
02/14/2020,IAH,TX,ASW,CE,Towers with Radar,1046,324,20,1,1391,0,0,9,1,10,1046,324,29,2,1401,0,0,0,1401
02/15/2020,IAH,TX,ASW,CE,Towers with Radar,893,223,13,0,1129,0,2,0,0,2,893,225,13,0,1131,0,0,0,1131
02/16/2020,IAH,TX,ASW,CE,Towers with Radar,989,300,21,0,1310,0,1,9,0,10,989,301,30,0,1320,0,0,0,1320
02/17/2020,IAH,TX,ASW,CE,Towers with Radar,1030,338,21,1,1390,0,2,0,0,2,1030,340,21,1,1392,0,0,0,1392
02/18/2020,IAH,TX,ASW,CE,Towers with Radar,1047,330,29,0,1406,0,0,0,0,0,1047,330,29,0,1406,0,0,0,1406
02/19/2020,IAH,TX,ASW,CE,Towers with Radar,1039,331,30,0,1400,0,0,0,0,0,1039,331,30,0,1400,0,0,0,1400
02/20/2020,IAH,TX,ASW,CE,Towers with Radar,1057,333,25,0,1415,0,0,2,0,2,1057,333,27,0,1417,0,0,0,1417
02/21/2020,IAH,TX,ASW,CE,Towers with Radar,1051,341,23,1,1416,0,2,2,0,4,1051,343,25,1,1420,0,0,0,1420
02/22/2020,IAH,TX,ASW,CE,Towers with Radar,900,235,10,1,1146,0,0,2,0,2,900,235,12,1,1148,0,0,0,1148
02/23/2020,IAH,TX,ASW,CE,Towers with Radar,1004,320,17,2,1343,0,4,2,0,6,1004,324,19,2,1349,0,0,0,1349
02/24/2020,IAH,TX,ASW,CE,Towers with Radar,1038,331,26,0,1395,0,4,0,0,4,1038,335,26,0,1399,0,0,0,1399
02/25/2020,IAH,TX,ASW,CE,Towers with Radar,1030,338,29,0,1397,0,3,5,0,8,1030,341,34,0,1405,0,0,0,1405
02/26/2020,IAH,TX,ASW,CE,Towers with Radar,1045,328,14,0,1387,0,0,0,0,0,1045,328,14,0,1387,0,0,0,1387
02/27/2020,IAH,TX,ASW,CE,Towers with Radar,1042,339,26,0,1407,0,2,2,0,4,1042,341,28,0,1411,0,0,0,1411
02/28/2020,IAH,TX,ASW,CE,Towers with Radar,1053,329,26,0,1408,0,0,0,1,1,1053,329,26,1,1409,0,0,0,1409
02/29/2020,IAH,TX,ASW,CE,Towers with Radar,894,228,6,0,1128,0,2,2,0,4,894,230,8,0,1132,0,0,0,1132
03/01/2020,IAH,TX,ASW,CE,Towers with Radar,1007,317,16,0,1340,0,0,0,0,0,1007,317,16,0,1340,0,0,0,1340
03/02/2020,IAH,TX,ASW,CE,Towers with Radar,1034,319,28,1,1382,1,0,0,0,1,1035,319,28,1,1383,0,0,0,1383
03/03/2020,IAH,TX,ASW,CE,Towers with Radar,1045,326,38,0,1409,0,2,2,0,4,1045,328,40,0,1413,0,0,0,1413
03/04/2020,IAH,TX,ASW,CE,Towers with Radar,1034,329,33,1,1397,0,0,0,0,0,1034,329,33,1,1397,0,0,0,1397
03/05/2020,IAH,TX,ASW,CE,Towers with Radar,1064,313,32,0,1409,0,2,3,0,5,1064,315,35,0,1414,0,0,0,1414
03/06/2020,IAH,TX,ASW,CE,Towers with Radar,1065,298,23,0,1386,0,2,9,0,11,1065,300,32,0,1397,0,0,0,1397
03/07/2020,IAH,TX,ASW,CE,Towers with Radar,1006,254,10,0,1270,0,0,2,0,2,1006,254,12,0,1272,0,0,0,1272
03/08/2020,IAH,TX,ASW,CE,Towers with Radar,1052,277,17,0,1346,0,2,1,0,3,1052,279,18,0,1349,0,0,0,1349
03/09/2020,IAH,TX,ASW,CE,Towers with Radar,1067,304,11,1,1383,0,0,2,0,2,1067,304,13,1,1385,0,0,0,1385
03/10/2020,IAH,TX,ASW,CE,Towers with Radar,1068,286,27,1,1382,0,2,4,3,9,1068,288,31,4,1391,0,0,0,1391
03/11/2020,IAH,TX,ASW,CE,Towers with Radar,1071,297,20,1,1389,0,0,0,0,0,1071,297,20,1,1389,0,0,0,1389
03/12/2020,IAH,TX,ASW,CE,Towers with Radar,1071,309,18,0,1398,0,2,0,0,2,1071,311,18,0,1400,0,0,0,1400
03/13/2020,IAH,TX,ASW,CE,Towers with Radar,1052,294,15,1,1362,0,1,1,0,2,1052,295,16,1,1364,0,0,0,1364
03/14/2020,IAH,TX,ASW,CE,Towers with Radar,1002,246,18,0,1266,0,1,0,0,1,1002,247,18,0,1267,0,0,0,1267
03/15/2020,IAH,TX,ASW,CE,Towers with Radar,1041,283,14,0,1338,0,1,0,0,1,1041,284,14,0,1339,0,0,0,1339
03/16/2020,IAH,TX,ASW,CE,Towers with Radar,1037,300,14,0,1351,0,0,1,0,1,1037,300,15,0,1352,0,0,0,1352
03/17/2020,IAH,TX,ASW,CE,Towers with Radar,1028,280,9,0,1317,0,2,2,0,4,1028,282,11,0,1321,0,0,0,1321
03/18/2020,IAH,TX,ASW,CE,Towers with Radar,958,283,5,0,1246,0,0,2,0,2,958,283,7,0,1248,0,0,0,1248
03/19/2020,IAH,TX,ASW,CE,Towers with Radar,918,298,9,0,1225,0,0,0,0,0,918,298,9,0,1225,0,0,0,1225
03/20/2020,IAH,TX,ASW,CE,Towers with Radar,867,295,11,0,1173,0,0,0,0,0,867,295,11,0,1173,0,0,0,1173
03/21/2020,IAH,TX,ASW,CE,Towers with Radar,668,159,5,0,832,0,0,0,0,0,668,159,5,0,832,0,0,0,832
03/22/2020,IAH,TX,ASW,CE,Towers with Radar,652,204,6,0,862,0,2,0,0,2,652,206,6,0,864,0,0,0,864
03/23/2020,IAH,TX,ASW,CE,Towers with Radar,606,205,5,0,816,0,0,0,0,0,606,205,5,0,816,0,0,0,816
03/24/2020,IAH,TX,ASW,CE,Towers with Radar,613,185,1,0,799,0,3,0,0,3,613,188,1,0,802,0,0,0,802
03/25/2020,IAH,TX,ASW,CE,Towers with Radar,546,190,6,2,744,0,5,1,0,6,546,195,7,2,750,0,0,0,750
03/26/2020,IAH,TX,ASW,CE,Towers with Radar,424,126,6,1,557,0,2,6,0,8,424,128,12,1,565,0,0,0,565
03/27/2020,IAH,TX,ASW,CE,Towers with Radar,375,111,7,0,493,0,0,7,0,7,375,111,14,0,500,0,0,0,500
03/28/2020,IAH,TX,ASW,CE,Towers with Radar,383,101,5,0,489,0,0,0,0,0,383,101,5,0,489,0,0,0,489
03/29/2020,IAH,TX,ASW,CE,Towers with Radar,429,129,2,0,560,0,0,6,0,6,429,129,8,0,566,0,0,0,566
03/30/2020,IAH,TX,ASW,CE,Towers with Radar,389,77,3,0,469,0,0,4,0,4,389,77,7,0,473,0,0,0,473
03/31/2020,IAH,TX,ASW,CE,Towers with Radar,455,94,8,0,557,0,2,0,1,3,455,96,8,1,560,0,0,0,560
04/01/2020,IAH,TX,ASW,CE,Towers with Radar,370,73,3,0,446,0,0,0,1,1,370,73,3,1,447,0,0,0,447
04/02/2020,IAH,TX,ASW,CE,Towers with Radar,340,65,1,0,406,0,0,1,0,1,340,65,2,0,407,0,0,0,407
04/03/2020,IAH,TX,ASW,CE,Towers with Radar,346,68,4,0,418,0,2,5,0,7,346,70,9,0,425,0,0,0,425
04/04/2020,IAH,TX,ASW,CE,Towers with Radar,283,54,3,0,340,0,0,0,0,0,283,54,3,0,340,0,0,0,340
04/05/2020,IAH,TX,ASW,CE,Towers with Radar,299,56,1,0,356,0,2,0,0,2,299,58,1,0,358,0,0,0,358
04/06/2020,IAH,TX,ASW,CE,Towers with Radar,357,62,11,0,430,0,1,1,0,2,357,63,12,0,432,0,0,0,432
04/07/2020,IAH,TX,ASW,CE,Towers with Radar,340,70,3,0,413,0,0,1,0,1,340,70,4,0,414,0,0,0,414
04/08/2020,IAH,TX,ASW,CE,Towers with Radar,359,53,11,0,423,0,0,0,0,0,359,53,11,0,423,0,0,0,423
04/09/2020,IAH,TX,ASW,CE,Towers with Radar,332,51,3,0,386,0,0,7,0,7,332,51,10,0,393,0,0,0,393
04/10/2020,IAH,TX,ASW,CE,Towers with Radar,313,64,3,0,380,0,0,11,2,13,313,64,14,2,393,0,0,0,393
04/11/2020,IAH,TX,ASW,CE,Towers with Radar,280,61,1,0,342,0,2,3,0,5,280,63,4,0,347,0,0,0,347
04/12/2020,IAH,TX,ASW,CE,Towers with Radar,279,55,0,0,334,0,2,0,0,2,279,57,0,0,336,0,0,0,336
04/13/2020,IAH,TX,ASW,CE,Towers with Radar,288,55,8,2,353,0,0,12,0,12,288,55,20,2,365,0,0,0,365
04/14/2020,IAH,TX,ASW,CE,Towers with Radar,293,58,4,0,355,0,1,12,0,13,293,59,16,0,368,0,0,0,368
04/15/2020,IAH,TX,ASW,CE,Towers with Radar,248,60,5,8,321,0,0,16,0,16,248,60,21,8,337,0,0,0,337
04/16/2020,IAH,TX,ASW,CE,Towers with Radar,216,54,21,2,293,0,2,23,0,25,216,56,44,2,318,0,0,0,318
04/17/2020,IAH,TX,ASW,CE,Towers with Radar,212,58,8,1,279,0,0,6,0,6,212,58,14,1,285,0,0,0,285
04/18/2020,IAH,TX,ASW,CE,Towers with Radar,200,50,3,0,253,0,0,0,2,2,200,50,3,2,255,0,0,0,255
04/19/2020,IAH,TX,ASW,CE,Towers with Radar,205,53,3,0,261,0,1,9,0,10,205,54,12,0,271,0,0,0,271
04/20/2020,IAH,TX,ASW,CE,Towers with Radar,204,53,8,0,265,0,1,13,0,14,204,54,21,0,279,0,0,0,279
04/21/2020,IAH,TX,ASW,CE,Towers with Radar,202,50,17,0,269,0,2,14,0,16,202,52,31,0,285,0,0,0,285
04/22/2020,IAH,TX,ASW,CE,Towers with Radar,210,60,8,0,278,0,4,0,0,4,210,64,8,0,282,0,0,0,282
04/23/2020,IAH,TX,ASW,CE,Towers with Radar,214,56,9,0,279,0,0,38,0,38,214,56,47,0,317,0,0,0,317
04/24/2020,IAH,TX,ASW,CE,Towers with Radar,219,50,15,0,284,0,0,27,0,27,219,50,42,0,311,0,0,0,311
04/25/2020,IAH,TX,ASW,CE,Towers with Radar,200,50,6,0,256,0,2,12,0,14,200,52,18,0,270,0,0,0,270
04/26/2020,IAH,TX,ASW,CE,Towers with Radar,201,51,4,0,256,0,0,19,0,19,201,51,23,0,275,0,0,0,275
04/27/2020,IAH,TX,ASW,CE,Towers with Radar,201,54,9,0,264,0,0,11,0,11,201,54,20,0,275,0,0,0,275
04/28/2020,IAH,TX,ASW,CE,Towers with Radar,226,58,4,0,288,0,0,0,0,0,226,58,4,0,288,0,0,0,288
04/29/2020,IAH,TX,ASW,CE,Towers with Radar,224,57,4,0,285,0,4,5,0,9,224,61,9,0,294,0,0,0,294
04/30/2020,IAH,TX,ASW,CE,Towers with Radar,246,56,8,0,310,0,4,47,2,53,246,60,55,2,363,0,0,0,363
05/01/2020,IAH,TX,ASW,CE,Towers with Radar,252,55,8,0,315,0,6,2,2,10,252,61,10,2,325,0,0,0,325
05/02/2020,IAH,TX,ASW,CE,Towers with Radar,216,56,4,2,278,0,4,31,0,35,216,60,35,2,313,0,0,0,313
05/03/2020,IAH,TX,ASW,CE,Towers with Radar,235,56,4,0,295,0,6,11,0,17,235,62,15,0,312,0,0,0,312
05/04/2020,IAH,TX,ASW,CE,Towers with Radar,227,79,20,0,326,0,4,11,0,15,227,83,31,0,341,0,0,0,341
05/05/2020,IAH,TX,ASW,CE,Towers with Radar,240,79,8,0,327,0,0,7,0,7,240,79,15,0,334,0,0,0,334
05/06/2020,IAH,TX,ASW,CE,Towers with Radar,245,81,11,0,337,0,0,6,0,6,245,81,17,0,343,0,0,0,343
05/07/2020,IAH,TX,ASW,CE,Towers with Radar,250,85,11,0,346,0,5,4,0,9,250,90,15,0,355,0,0,0,355
05/08/2020,IAH,TX,ASW,CE,Towers with Radar,251,82,6,2,341,0,4,4,0,8,251,86,10,2,349,0,0,0,349
05/09/2020,IAH,TX,ASW,CE,Towers with Radar,222,70,7,0,299,0,0,10,0,10,222,70,17,0,309,0,0,0,309
05/10/2020,IAH,TX,ASW,CE,Towers with Radar,219,67,2,0,288,0,0,8,0,8,219,67,10,0,296,0,0,0,296
05/11/2020,IAH,TX,ASW,CE,Towers with Radar,240,81,5,0,326,0,0,9,0,9,240,81,14,0,335,0,0,0,335
05/12/2020,IAH,TX,ASW,CE,Towers with Radar,240,75,2,2,319,0,2,5,2,9,240,77,7,4,328,0,0,0,328
05/13/2020,IAH,TX,ASW,CE,Towers with Radar,238,72,13,2,325,0,2,9,0,11,238,74,22,2,336,0,0,0,336
05/14/2020,IAH,TX,ASW,CE,Towers with Radar,258,81,8,0,347,0,2,10,0,12,258,83,18,0,359,0,0,0,359
05/15/2020,IAH,TX,ASW,CE,Towers with Radar,260,79,8,0,347,0,0,0,0,0,260,79,8,0,347,0,0,0,347
05/16/2020,IAH,TX,ASW,CE,Towers with Radar,213,66,3,0,282,0,0,0,0,0,213,66,3,0,282,0,0,0,282
05/17/2020,IAH,TX,ASW,CE,Towers with Radar,223,71,6,0,300,0,0,11,0,11,223,71,17,0,311,0,0,0,311
05/18/2020,IAH,TX,ASW,CE,Towers with Radar,229,77,16,2,324,0,0,17,2,19,229,77,33,4,343,0,0,0,343
05/19/2020,IAH,TX,ASW,CE,Towers with Radar,228,84,13,0,325,0,2,3,1,6,228,86,16,1,331,0,0,0,331
05/20/2020,IAH,TX,ASW,CE,Towers with Radar,244,84,23,0,351,0,2,11,4,17,244,86,34,4,368,0,0,0,368
05/21/2020,IAH,TX,ASW,CE,Towers with Radar,267,86,14,0,367,0,2,7,2,11,267,88,21,2,378,0,0,0,378
05/22/2020,IAH,TX,ASW,CE,Towers with Radar,258,90,7,0,355,0,2,1,0,3,258,92,8,0,358,0,0,0,358
05/23/2020,IAH,TX,ASW,CE,Towers with Radar,220,75,6,2,303,0,0,4,0,4,220,75,10,2,307,0,0,0,307
05/24/2020,IAH,TX,ASW,CE,Towers with Radar,227,75,7,0,309,0,0,1,0,1,227,75,8,0,310,0,0,0,310
05/25/2020,IAH,TX,ASW,CE,Towers with Radar,245,85,2,0,332,0,0,6,0,6,245,85,8,0,338,0,0,0,338
05/26/2020,IAH,TX,ASW,CE,Towers with Radar,217,89,9,0,315,0,0,0,6,6,217,89,9,6,321,0,0,0,321
05/27/2020,IAH,TX,ASW,CE,Towers with Radar,263,81,18,0,362,0,0,0,0,0,263,81,18,0,362,0,0,0,362
05/28/2020,IAH,TX,ASW,CE,Towers with Radar,285,94,16,0,395,0,0,8,0,8,285,94,24,0,403,0,0,0,403
05/29/2020,IAH,TX,ASW,CE,Towers with Radar,253,89,17,0,359,0,2,5,0,7,253,91,22,0,366,0,0,0,366
05/30/2020,IAH,TX,ASW,CE,Towers with Radar,222,74,11,0,307,0,1,6,0,7,222,75,17,0,314,0,0,0,314
05/31/2020,IAH,TX,ASW,CE,Towers with Radar,246,83,12,0,341,0,0,0,0,0,246,83,12,0,341,0,0,0,341
06/01/2020,IAH,TX,ASW,CE,Towers with Radar,252,91,16,0,359,0,0,19,0,19,252,91,35,0,378,0,0,0,378
06/02/2020,IAH,TX,ASW,CE,Towers with Radar,233,83,15,0,331,0,2,4,0,6,233,85,19,0,337,0,0,0,337
06/03/2020,IAH,TX,ASW,CE,Towers with Radar,262,83,5,0,350,0,0,0,2,2,262,83,5,2,352,0,0,0,352
06/04/2020,IAH,TX,ASW,CE,Towers with Radar,304,101,25,0,430,0,0,12,0,12,304,101,37,0,442,0,0,0,442
06/05/2020,IAH,TX,ASW,CE,Towers with Radar,272,104,6,0,382,0,6,3,2,11,272,110,9,2,393,0,0,0,393
06/06/2020,IAH,TX,ASW,CE,Towers with Radar,244,61,1,0,306,0,0,4,0,4,244,61,5,0,310,0,0,0,310
06/07/2020,IAH,TX,ASW,CE,Towers with Radar,253,65,4,0,322,0,2,32,0,34,253,67,36,0,356,0,0,0,356
06/08/2020,IAH,TX,ASW,CE,Towers with Radar,266,103,12,0,381,0,6,10,2,18,266,109,22,2,399,0,0,0,399
06/09/2020,IAH,TX,ASW,CE,Towers with Radar,260,69,6,0,335,0,0,3,0,3,260,69,9,0,338,0,0,0,338
06/10/2020,IAH,TX,ASW,CE,Towers with Radar,278,85,17,0,380,0,2,8,0,10,278,87,25,0,390,0,0,0,390
06/11/2020,IAH,TX,ASW,CE,Towers with Radar,293,104,12,0,409,0,3,9,1,13,293,107,21,1,422,0,0,0,422
06/12/2020,IAH,TX,ASW,CE,Towers with Radar,295,101,11,0,407,0,0,6,0,6,295,101,17,0,413,0,0,0,413
06/13/2020,IAH,TX,ASW,CE,Towers with Radar,250,58,5,0,313,0,2,3,0,5,250,60,8,0,318,0,0,0,318
06/14/2020,IAH,TX,ASW,CE,Towers with Radar,257,58,2,0,317,0,0,5,0,5,257,58,7,0,322,0,0,0,322
06/15/2020,IAH,TX,ASW,CE,Towers with Radar,275,95,17,0,387,0,0,6,3,9,275,95,23,3,396,0,0,0,396
06/16/2020,IAH,TX,ASW,CE,Towers with Radar,273,56,19,3,351,0,0,9,0,9,273,56,28,3,360,0,0,0,360
06/17/2020,IAH,TX,ASW,CE,Towers with Radar,281,82,13,0,376,0,0,10,0,10,281,82,23,0,386,0,0,0,386
06/18/2020,IAH,TX,ASW,CE,Towers with Radar,297,102,22,0,421,0,2,10,0,12,297,104,32,0,433,0,0,0,433
06/19/2020,IAH,TX,ASW,CE,Towers with Radar,296,107,9,0,412,0,2,2,0,4,296,109,11,0,416,0,0,0,416
06/20/2020,IAH,TX,ASW,CE,Towers with Radar,259,59,3,0,321,0,6,0,0,6,259,65,3,0,327,0,0,0,327
06/21/2020,IAH,TX,ASW,CE,Towers with Radar,263,56,4,0,323,0,0,0,0,0,263,56,4,0,323,0,0,0,323
06/22/2020,IAH,TX,ASW,CE,Towers with Radar,277,96,17,0,390,0,2,1,0,3,277,98,18,0,393,0,0,0,393
06/23/2020,IAH,TX,ASW,CE,Towers with Radar,276,59,9,0,344,0,0,0,0,0,276,59,9,0,344,0,0,0,344
06/24/2020,IAH,TX,ASW,CE,Towers with Radar,292,84,12,0,388,0,0,2,0,2,292,84,14,0,390,0,0,0,390
06/25/2020,IAH,TX,ASW,CE,Towers with Radar,305,97,19,0,421,0,0,0,0,0,305,97,19,0,421,0,0,0,421
06/26/2020,IAH,TX,ASW,CE,Towers with Radar,300,98,10,0,408,0,1,0,0,1,300,99,10,0,409,0,0,0,409
06/27/2020,IAH,TX,ASW,CE,Towers with Radar,266,57,4,3,330,0,1,1,0,2,266,58,5,3,332,0,0,0,332
06/28/2020,IAH,TX,ASW,CE,Towers with Radar,275,59,11,0,345,0,2,3,0,5,275,61,14,0,350,0,0,0,350
06/29/2020,IAH,TX,ASW,CE,Towers with Radar,284,95,12,0,391,0,0,2,0,2,284,95,14,0,393,0,0,0,393
06/30/2020,IAH,TX,ASW,CE,Towers with Radar,280,68,11,0,359,0,2,2,0,4,280,70,13,0,363,0,0,0,363
07/01/2020,IAH,TX,ASW,CE,Towers with Radar,326,99,12,0,437,0,2,2,0,4,326,101,14,0,441,0,0,0,441
07/02/2020,IAH,TX,ASW,CE,Towers with Radar,347,106,7,0,460,0,2,6,0,8,347,108,13,0,468,0,0,0,468
07/03/2020,IAH,TX,ASW,CE,Towers with Radar,335,111,3,0,449,0,2,4,0,6,335,113,7,0,455,0,0,0,455
07/04/2020,IAH,TX,ASW,CE,Towers with Radar,272,62,2,0,336,0,0,2,0,2,272,62,4,0,338,0,0,0,338
07/05/2020,IAH,TX,ASW,CE,Towers with Radar,319,74,11,0,404,0,0,5,0,5,319,74,16,0,409,0,0,0,409
07/06/2020,IAH,TX,ASW,CE,Towers with Radar,421,123,16,0,560,0,0,4,2,6,421,123,20,2,566,0,0,0,566
07/07/2020,IAH,TX,ASW,CE,Towers with Radar,444,108,10,0,562,0,0,4,0,4,444,108,14,0,566,0,0,0,566
07/08/2020,IAH,TX,ASW,CE,Towers with Radar,457,125,13,0,595,0,0,0,0,0,457,125,13,0,595,0,0,0,595
07/09/2020,IAH,TX,ASW,CE,Towers with Radar,471,119,16,0,606,0,0,4,2,6,471,119,20,2,612,0,0,0,612
07/10/2020,IAH,TX,ASW,CE,Towers with Radar,491,133,13,0,637,0,2,4,0,6,491,135,17,0,643,0,0,0,643
07/11/2020,IAH,TX,ASW,CE,Towers with Radar,444,81,13,0,538,0,1,4,0,5,444,82,17,0,543,0,0,0,543
07/12/2020,IAH,TX,ASW,CE,Towers with Radar,434,101,14,0,549,0,0,1,0,1,434,101,15,0,550,0,0,0,550
07/13/2020,IAH,TX,ASW,CE,Towers with Radar,460,129,17,0,606,0,2,0,0,2,460,131,17,0,608,0,0,0,608
07/14/2020,IAH,TX,ASW,CE,Towers with Radar,439,110,9,0,558,0,0,4,0,4,439,110,13,0,562,0,0,0,562
07/15/2020,IAH,TX,ASW,CE,Towers with Radar,460,115,8,0,583,0,4,3,2,9,460,119,11,2,592,0,0,0,592
07/16/2020,IAH,TX,ASW,CE,Towers with Radar,474,121,15,0,610,0,0,6,0,6,474,121,21,0,616,0,0,0,616
07/17/2020,IAH,TX,ASW,CE,Towers with Radar,481,126,22,0,629,0,0,6,0,6,481,126,28,0,635,0,0,0,635
07/18/2020,IAH,TX,ASW,CE,Towers with Radar,438,78,2,0,518,0,3,2,0,5,438,81,4,0,523,0,0,0,523
07/19/2020,IAH,TX,ASW,CE,Towers with Radar,436,98,10,2,546,0,0,2,0,2,436,98,12,2,548,0,0,0,548
07/20/2020,IAH,TX,ASW,CE,Towers with Radar,461,125,17,0,603,0,2,2,2,6,461,127,19,2,609,0,0,0,609
07/21/2020,IAH,TX,ASW,CE,Towers with Radar,442,100,6,0,548,0,0,2,0,2,442,100,8,0,550,0,0,0,550
07/22/2020,IAH,TX,ASW,CE,Towers with Radar,445,115,14,0,574,0,2,2,0,4,445,117,16,0,578,0,0,0,578
07/23/2020,IAH,TX,ASW,CE,Towers with Radar,463,115,31,2,611,0,2,5,0,7,463,117,36,2,618,0,0,0,618
07/24/2020,IAH,TX,ASW,CE,Towers with Radar,476,117,9,0,602,0,3,0,0,3,476,120,9,0,605,0,0,0,605
07/25/2020,IAH,TX,ASW,CE,Towers with Radar,432,69,8,0,509,0,2,2,0,4,432,71,10,0,513,0,0,0,513
07/26/2020,IAH,TX,ASW,CE,Towers with Radar,428,91,7,0,526,0,0,0,0,0,428,91,7,0,526,0,0,0,526
07/27/2020,IAH,TX,ASW,CE,Towers with Radar,458,115,11,0,584,0,0,3,0,3,458,115,14,0,587,0,0,0,587
07/28/2020,IAH,TX,ASW,CE,Towers with Radar,428,105,16,0,549,0,0,4,0,4,428,105,20,0,553,0,0,0,553
07/29/2020,IAH,TX,ASW,CE,Towers with Radar,450,125,15,0,590,0,0,0,0,0,450,125,15,0,590,0,0,0,590
07/30/2020,IAH,TX,ASW,CE,Towers with Radar,436,121,19,0,576,0,0,6,0,6,436,121,25,0,582,0,0,0,582
07/31/2020,IAH,TX,ASW,CE,Towers with Radar,464,126,11,0,601,0,0,2,0,2,464,126,13,0,603,0,0,0,603
08/01/2020,IAH,TX,ASW,CE,Towers with Radar,435,81,5,0,521,0,0,14,0,14,435,81,19,0,535,0,0,0,535
08/02/2020,IAH,TX,ASW,CE,Towers with Radar,439,98,16,0,553,0,0,2,0,2,439,98,18,0,555,0,0,0,555
08/03/2020,IAH,TX,ASW,CE,Towers with Radar,504,128,11,0,643,0,6,6,0,12,504,134,17,0,655,0,0,0,655
08/04/2020,IAH,TX,ASW,CE,Towers with Radar,497,119,12,0,628,0,1,10,0,11,497,120,22,0,639,0,0,0,639
08/05/2020,IAH,TX,ASW,CE,Towers with Radar,487,134,21,0,642,0,2,2,0,4,487,136,23,0,646,0,0,0,646
08/06/2020,IAH,TX,ASW,CE,Towers with Radar,519,125,11,0,655,0,0,2,0,2,519,125,13,0,657,0,0,0,657
08/07/2020,IAH,TX,ASW,CE,Towers with Radar,514,137,9,2,662,0,2,10,2,14,514,139,19,4,676,0,0,0,676
08/08/2020,IAH,TX,ASW,CE,Towers with Radar,474,117,11,0,602,0,0,2,0,2,474,117,13,0,604,0,0,0,604
08/09/2020,IAH,TX,ASW,CE,Towers with Radar,506,120,9,0,635,0,2,4,0,6,506,122,13,0,641,0,0,0,641
08/10/2020,IAH,TX,ASW,CE,Towers with Radar,491,133,14,1,639,0,0,2,0,2,491,133,16,1,641,0,0,0,641
08/11/2020,IAH,TX,ASW,CE,Towers with Radar,473,110,13,0,596,0,5,2,0,7,473,115,15,0,603,0,0,0,603
08/12/2020,IAH,TX,ASW,CE,Towers with Radar,495,134,16,1,646,0,4,7,0,11,495,138,23,1,657,0,0,0,657
08/13/2020,IAH,TX,ASW,CE,Towers with Radar,511,127,15,1,654,0,0,3,2,5,511,127,18,3,659,0,0,0,659
08/14/2020,IAH,TX,ASW,CE,Towers with Radar,506,130,11,0,647,0,0,3,0,3,506,130,14,0,650,0,0,0,650
08/15/2020,IAH,TX,ASW,CE,Towers with Radar,479,112,10,0,601,0,0,4,0,4,479,112,14,0,605,0,0,0,605
08/16/2020,IAH,TX,ASW,CE,Towers with Radar,525,115,11,0,651,0,4,5,0,9,525,119,16,0,660,0,0,0,660
08/17/2020,IAH,TX,ASW,CE,Towers with Radar,510,124,18,0,652,0,0,7,0,7,510,124,25,0,659,0,0,0,659
08/18/2020,IAH,TX,ASW,CE,Towers with Radar,471,111,18,0,600,0,0,6,0,6,471,111,24,0,606,0,0,0,606
08/19/2020,IAH,TX,ASW,CE,Towers with Radar,494,132,23,0,649,0,4,8,1,13,494,136,31,1,662,0,0,0,662
08/20/2020,IAH,TX,ASW,CE,Towers with Radar,520,125,30,0,675,0,0,16,0,16,520,125,46,0,691,0,0,0,691
08/21/2020,IAH,TX,ASW,CE,Towers with Radar,521,126,10,2,659,0,2,3,0,5,521,128,13,2,664,0,0,0,664
08/22/2020,IAH,TX,ASW,CE,Towers with Radar,480,110,3,1,594,0,4,0,0,4,480,114,3,1,598,0,0,0,598
08/23/2020,IAH,TX,ASW,CE,Towers with Radar,505,120,11,0,636,0,2,5,0,7,505,122,16,0,643,0,0,0,643
08/24/2020,IAH,TX,ASW,CE,Towers with Radar,505,124,9,0,638,0,3,1,0,4,505,127,10,0,642,0,0,0,642
08/25/2020,IAH,TX,ASW,CE,Towers with Radar,490,108,15,0,613,0,0,0,2,2,490,108,15,2,615,0,0,0,615
08/26/2020,IAH,TX,ASW,CE,Towers with Radar,185,11,29,0,225,0,0,0,0,0,185,11,29,0,225,0,0,0,225
08/27/2020,IAH,TX,ASW,CE,Towers with Radar,380,52,19,0,451,0,0,12,0,12,380,52,31,0,463,0,0,0,463
08/28/2020,IAH,TX,ASW,CE,Towers with Radar,526,127,13,1,667,0,1,6,2,9,526,128,19,3,676,0,0,0,676
08/29/2020,IAH,TX,ASW,CE,Towers with Radar,485,107,7,1,600,0,4,8,0,12,485,111,15,1,612,0,0,0,612
08/30/2020,IAH,TX,ASW,CE,Towers with Radar,499,115,8,0,622,0,0,1,0,1,499,115,9,0,623,0,0,0,623
08/31/2020,IAH,TX,ASW,CE,Towers with Radar,504,124,17,0,645,0,0,0,0,0,504,124,17,0,645,0,0,0,645
09/01/2020,IAH,TX,ASW,CE,Towers with Radar,475,117,9,0,601,0,3,1,0,4,475,120,10,0,605,0,0,0,605
09/02/2020,IAH,TX,ASW,CE,Towers with Radar,482,149,17,0,648,0,4,0,0,4,482,153,17,0,652,0,0,0,652
09/03/2020,IAH,TX,ASW,CE,Towers with Radar,501,164,17,0,682,0,0,5,0,5,501,164,22,0,687,0,0,0,687
09/04/2020,IAH,TX,ASW,CE,Towers with Radar,497,154,20,0,671,0,2,2,0,4,497,156,22,0,675,0,0,0,675
09/05/2020,IAH,TX,ASW,CE,Towers with Radar,348,95,4,0,447,0,6,0,2,8,348,101,4,2,455,0,0,0,455
09/06/2020,IAH,TX,ASW,CE,Towers with Radar,381,93,6,0,480,0,0,0,0,0,381,93,6,0,480,0,0,0,480
09/07/2020,IAH,TX,ASW,CE,Towers with Radar,468,161,12,0,641,0,2,5,0,7,468,163,17,0,648,0,0,0,648
09/08/2020,IAH,TX,ASW,CE,Towers with Radar,436,142,23,0,601,0,2,2,0,4,436,144,25,0,605,0,0,0,605
09/09/2020,IAH,TX,ASW,CE,Towers with Radar,479,163,7,0,649,0,0,0,2,2,479,163,7,2,651,0,0,0,651
09/10/2020,IAH,TX,ASW,CE,Towers with Radar,491,150,24,0,665,1,2,0,0,3,492,152,24,0,668,0,0,0,668
09/11/2020,IAH,TX,ASW,CE,Towers with Radar,492,149,13,0,654,0,0,6,2,8,492,149,19,2,662,0,0,0,662
09/12/2020,IAH,TX,ASW,CE,Towers with Radar,435,116,12,0,563,0,0,0,2,2,435,116,12,2,565,0,0,0,565
09/13/2020,IAH,TX,ASW,CE,Towers with Radar,475,140,9,0,624,0,0,0,0,0,475,140,9,0,624,0,0,0,624
09/14/2020,IAH,TX,ASW,CE,Towers with Radar,471,147,13,0,631,0,2,4,0,6,471,149,17,0,637,0,0,0,637
09/15/2020,IAH,TX,ASW,CE,Towers with Radar,433,127,12,0,572,0,0,0,0,0,433,127,12,0,572,0,0,0,572
09/16/2020,IAH,TX,ASW,CE,Towers with Radar,450,145,21,1,617,0,0,8,2,10,450,145,29,3,627,0,0,0,627
09/17/2020,IAH,TX,ASW,CE,Towers with Radar,479,142,27,1,649,0,1,0,0,1,479,143,27,1,650,0,0,0,650
09/18/2020,IAH,TX,ASW,CE,Towers with Radar,488,148,10,0,646,0,2,7,0,9,488,150,17,0,655,0,0,0,655
09/19/2020,IAH,TX,ASW,CE,Towers with Radar,437,124,5,0,566,0,0,0,2,2,437,124,5,2,568,0,0,0,568
09/20/2020,IAH,TX,ASW,CE,Towers with Radar,478,140,13,0,631,0,2,0,0,2,478,142,13,0,633,0,0,0,633
09/21/2020,IAH,TX,ASW,CE,Towers with Radar,470,158,15,0,643,0,0,0,0,0,470,158,15,0,643,0,0,0,643
09/22/2020,IAH,TX,ASW,CE,Towers with Radar,447,138,15,0,600,0,0,0,0,0,447,138,15,0,600,0,0,0,600
09/23/2020,IAH,TX,ASW,CE,Towers with Radar,464,164,26,0,654,0,0,0,0,0,464,164,26,0,654,0,0,0,654
09/24/2020,IAH,TX,ASW,CE,Towers with Radar,491,154,32,2,679,0,0,2,0,2,491,154,34,2,681,0,0,0,681
09/25/2020,IAH,TX,ASW,CE,Towers with Radar,502,150,23,1,676,0,0,10,0,10,502,150,33,1,686,0,0,0,686
09/26/2020,IAH,TX,ASW,CE,Towers with Radar,452,127,10,0,589,0,3,12,0,15,452,130,22,0,604,0,0,0,604
09/27/2020,IAH,TX,ASW,CE,Towers with Radar,478,136,6,0,620,0,0,1,0,1,478,136,7,0,621,0,0,0,621
09/28/2020,IAH,TX,ASW,CE,Towers with Radar,479,159,19,0,657,0,0,0,5,5,479,159,19,5,662,0,0,0,662
09/29/2020,IAH,TX,ASW,CE,Towers with Radar,444,155,16,0,615,0,0,0,0,0,444,155,16,0,615,0,0,0,615
09/30/2020,IAH,TX,ASW,CE,Towers with Radar,474,139,22,0,635,0,4,2,4,10,474,143,24,4,645,0,0,0,645
10/01/2020,IAH,TX,ASW,CE,Towers with Radar,527,126,35,0,688,0,0,5,2,7,527,126,40,2,695,0,0,0,695
10/02/2020,IAH,TX,ASW,CE,Towers with Radar,536,147,15,0,698,0,2,2,0,4,536,149,17,0,702,0,0,0,702
10/03/2020,IAH,TX,ASW,CE,Towers with Radar,485,139,4,0,628,0,2,0,2,4,485,141,4,2,632,0,0,0,632
10/04/2020,IAH,TX,ASW,CE,Towers with Radar,538,134,17,0,689,0,3,5,0,8,538,137,22,0,697,0,0,0,697
10/05/2020,IAH,TX,ASW,CE,Towers with Radar,510,139,12,0,661,0,0,2,3,5,510,139,14,3,666,0,0,0,666
10/06/2020,IAH,TX,ASW,CE,Towers with Radar,476,118,16,0,610,0,0,0,0,0,476,118,16,0,610,0,0,0,610
10/07/2020,IAH,TX,ASW,CE,Towers with Radar,482,141,26,0,649,0,0,0,0,0,482,141,26,0,649,0,0,0,649
10/08/2020,IAH,TX,ASW,CE,Towers with Radar,542,155,25,0,722,0,2,5,2,9,542,157,30,2,731,0,0,0,731
10/09/2020,IAH,TX,ASW,CE,Towers with Radar,552,127,12,0,691,0,0,0,0,0,552,127,12,0,691,0,0,0,691
10/10/2020,IAH,TX,ASW,CE,Towers with Radar,509,136,10,0,655,0,0,2,0,2,509,136,12,0,657,0,0,0,657
10/11/2020,IAH,TX,ASW,CE,Towers with Radar,536,132,5,0,673,0,0,4,0,4,536,132,9,0,677,0,0,0,677
10/12/2020,IAH,TX,ASW,CE,Towers with Radar,526,138,12,0,676,0,0,3,0,3,526,138,15,0,679,0,0,0,679
10/13/2020,IAH,TX,ASW,CE,Towers with Radar,476,113,14,0,603,0,2,2,0,4,476,115,16,0,607,0,0,0,607
10/14/2020,IAH,TX,ASW,CE,Towers with Radar,490,136,24,0,650,0,0,2,0,2,490,136,26,0,652,0,0,0,652
10/15/2020,IAH,TX,ASW,CE,Towers with Radar,547,141,25,0,713,0,4,4,0,8,547,145,29,0,721,0,0,0,721
10/16/2020,IAH,TX,ASW,CE,Towers with Radar,552,146,8,0,706,0,0,0,0,0,552,146,8,0,706,0,0,0,706
10/17/2020,IAH,TX,ASW,CE,Towers with Radar,487,134,9,0,630,0,2,0,0,2,487,136,9,0,632,0,0,0,632
10/18/2020,IAH,TX,ASW,CE,Towers with Radar,535,140,14,0,689,0,2,4,0,6,535,142,18,0,695,0,0,0,695
10/19/2020,IAH,TX,ASW,CE,Towers with Radar,527,140,7,0,674,0,4,6,0,10,527,144,13,0,684,0,0,0,684
10/20/2020,IAH,TX,ASW,CE,Towers with Radar,479,116,13,0,608,0,0,0,0,0,479,116,13,0,608,0,0,0,608
10/21/2020,IAH,TX,ASW,CE,Towers with Radar,496,140,28,0,664,0,2,6,0,8,496,142,34,0,672,0,0,0,672
10/22/2020,IAH,TX,ASW,CE,Towers with Radar,545,155,21,2,723,0,0,4,0,4,545,155,25,2,727,0,0,0,727
10/23/2020,IAH,TX,ASW,CE,Towers with Radar,552,147,12,0,711,0,2,1,0,3,552,149,13,0,714,0,0,0,714
10/24/2020,IAH,TX,ASW,CE,Towers with Radar,487,134,8,0,629,0,0,2,0,2,487,134,10,0,631,0,0,0,631
10/25/2020,IAH,TX,ASW,CE,Towers with Radar,516,153,12,0,681,0,2,3,0,5,516,155,15,0,686,0,0,0,686
10/26/2020,IAH,TX,ASW,CE,Towers with Radar,531,140,6,2,679,0,0,0,0,0,531,140,6,2,679,0,0,0,679
10/27/2020,IAH,TX,ASW,CE,Towers with Radar,482,115,8,0,605,0,2,0,0,2,482,117,8,0,607,0,0,0,607
10/28/2020,IAH,TX,ASW,CE,Towers with Radar,499,140,19,0,658,0,0,0,0,0,499,140,19,0,658,0,0,0,658
10/29/2020,IAH,TX,ASW,CE,Towers with Radar,548,155,14,0,717,0,0,2,2,4,548,155,16,2,721,0,0,0,721
10/30/2020,IAH,TX,ASW,CE,Towers with Radar,556,145,9,0,710,0,0,4,0,4,556,145,13,0,714,0,0,0,714
10/31/2020,IAH,TX,ASW,CE,Towers with Radar,466,144,2,0,612,0,0,4,0,4,466,144,6,0,616,0,0,0,616
11/01/2020,IAH,TX,ASW,CE,Towers with Radar,580,151,13,1,745,0,2,7,0,9,580,153,20,1,754,0,0,0,754
11/02/2020,IAH,TX,ASW,CE,Towers with Radar,591,162,19,0,772,0,0,14,0,14,591,162,33,0,786,0,0,0,786
11/03/2020,IAH,TX,ASW,CE,Towers with Radar,510,139,12,0,661,0,7,2,0,9,510,146,14,0,670,0,0,0,670
11/04/2020,IAH,TX,ASW,CE,Towers with Radar,543,145,25,0,713,0,0,3,0,3,543,145,28,0,716,0,0,0,716
11/05/2020,IAH,TX,ASW,CE,Towers with Radar,598,165,19,0,782,0,1,5,2,8,598,166,24,2,790,0,0,0,790
11/06/2020,IAH,TX,ASW,CE,Towers with Radar,611,169,10,2,792,0,0,0,2,2,611,169,10,4,794,0,0,0,794
11/07/2020,IAH,TX,ASW,CE,Towers with Radar,570,146,13,1,730,0,0,10,0,10,570,146,23,1,740,0,0,0,740
11/08/2020,IAH,TX,ASW,CE,Towers with Radar,589,162,8,0,759,0,0,0,0,0,589,162,8,0,759,0,0,0,759
11/09/2020,IAH,TX,ASW,CE,Towers with Radar,591,163,21,0,775,0,0,3,0,3,591,163,24,0,778,0,0,0,778
11/10/2020,IAH,TX,ASW,CE,Towers with Radar,528,136,21,0,685,0,0,0,0,0,528,136,21,0,685,0,0,0,685
11/11/2020,IAH,TX,ASW,CE,Towers with Radar,539,141,22,0,702,0,2,4,2,8,539,143,26,2,710,0,0,0,710
11/12/2020,IAH,TX,ASW,CE,Towers with Radar,602,159,22,0,783,0,0,5,0,5,602,159,27,0,788,0,0,0,788
11/13/2020,IAH,TX,ASW,CE,Towers with Radar,614,179,21,0,814,0,2,2,0,4,614,181,23,0,818,0,0,0,818
11/14/2020,IAH,TX,ASW,CE,Towers with Radar,563,144,7,0,714,0,0,2,0,2,563,144,9,0,716,0,0,0,716
11/15/2020,IAH,TX,ASW,CE,Towers with Radar,596,163,8,0,767,0,0,1,0,1,596,163,9,0,768,0,0,0,768
11/16/2020,IAH,TX,ASW,CE,Towers with Radar,587,169,13,0,769,0,0,3,0,3,587,169,16,0,772,0,0,0,772
11/17/2020,IAH,TX,ASW,CE,Towers with Radar,526,130,12,0,668,0,5,5,0,10,526,135,17,0,678,0,0,0,678
11/18/2020,IAH,TX,ASW,CE,Towers with Radar,545,150,17,0,712,0,1,6,0,7,545,151,23,0,719,0,0,0,719
11/19/2020,IAH,TX,ASW,CE,Towers with Radar,606,170,27,0,803,0,2,3,0,5,606,172,30,0,808,0,0,0,808
11/20/2020,IAH,TX,ASW,CE,Towers with Radar,619,170,9,0,798,0,4,4,0,8,619,174,13,0,806,0,0,0,806
11/21/2020,IAH,TX,ASW,CE,Towers with Radar,584,142,9,0,735,0,0,2,0,2,584,142,11,0,737,0,0,0,737
11/22/2020,IAH,TX,ASW,CE,Towers with Radar,612,156,11,0,779,0,2,0,0,2,612,158,11,0,781,0,0,0,781
11/23/2020,IAH,TX,ASW,CE,Towers with Radar,535,163,8,0,706,0,2,4,0,6,535,165,12,0,712,0,0,0,712
11/24/2020,IAH,TX,ASW,CE,Towers with Radar,576,161,19,0,756,0,2,2,0,4,576,163,21,0,760,0,0,0,760
11/25/2020,IAH,TX,ASW,CE,Towers with Radar,570,157,14,0,741,0,0,1,0,1,570,157,15,0,742,0,0,0,742
11/26/2020,IAH,TX,ASW,CE,Towers with Radar,358,92,6,0,456,0,0,0,0,0,358,92,6,0,456,0,0,0,456
11/27/2020,IAH,TX,ASW,CE,Towers with Radar,547,156,2,0,705,0,0,0,0,0,547,156,2,0,705,0,0,0,705
11/28/2020,IAH,TX,ASW,CE,Towers with Radar,708,203,10,0,921,0,0,0,0,0,708,203,10,0,921,0,0,0,921
11/29/2020,IAH,TX,ASW,CE,Towers with Radar,728,196,16,0,940,0,0,2,2,4,728,196,18,2,944,0,0,0,944
11/30/2020,IAH,TX,ASW,CE,Towers with Radar,607,168,23,0,798,0,2,0,0,2,607,170,23,0,800,0,0,0,800
12/01/2020,IAH,TX,ASW,CE,Towers with Radar,562,130,25,0,717,0,1,8,2,11,562,131,33,2,728,0,0,0,728
12/02/2020,IAH,TX,ASW,CE,Towers with Radar,560,155,21,0,736,0,0,0,0,0,560,155,21,0,736,0,0,0,736
12/03/2020,IAH,TX,ASW,CE,Towers with Radar,631,157,16,0,804,0,2,2,2,6,631,159,18,2,810,0,0,0,810
12/04/2020,IAH,TX,ASW,CE,Towers with Radar,629,162,23,0,814,0,3,0,2,5,629,165,23,2,819,0,0,0,819
12/05/2020,IAH,TX,ASW,CE,Towers with Radar,563,132,8,1,704,0,4,4,0,8,563,136,12,1,712,0,0,0,712
12/06/2020,IAH,TX,ASW,CE,Towers with Radar,610,149,10,0,769,0,7,0,0,7,610,156,10,0,776,0,0,0,776
12/07/2020,IAH,TX,ASW,CE,Towers with Radar,613,154,13,0,780,0,2,8,0,10,613,156,21,0,790,0,0,0,790
12/08/2020,IAH,TX,ASW,CE,Towers with Radar,535,134,19,1,689,0,2,2,0,4,535,136,21,1,693,0,0,0,693
12/09/2020,IAH,TX,ASW,CE,Towers with Radar,555,154,29,0,738,0,4,8,0,12,555,158,37,0,750,0,0,0,750
12/10/2020,IAH,TX,ASW,CE,Towers with Radar,639,159,22,0,820,0,4,3,2,9,639,163,25,2,829,0,0,0,829
12/11/2020,IAH,TX,ASW,CE,Towers with Radar,636,156,11,0,803,0,0,0,0,0,636,156,11,0,803,0,0,0,803
12/12/2020,IAH,TX,ASW,CE,Towers with Radar,571,122,15,0,708,0,0,2,0,2,571,122,17,0,710,0,0,0,710
12/13/2020,IAH,TX,ASW,CE,Towers with Radar,615,153,21,1,790,0,0,0,0,0,615,153,21,1,790,0,0,0,790
12/14/2020,IAH,TX,ASW,CE,Towers with Radar,617,149,16,2,784,0,0,0,0,0,617,149,16,2,784,0,0,0,784
12/15/2020,IAH,TX,ASW,CE,Towers with Radar,540,127,14,1,682,0,0,0,0,0,540,127,14,1,682,0,0,0,682
12/16/2020,IAH,TX,ASW,CE,Towers with Radar,568,145,16,0,729,0,5,3,0,8,568,150,19,0,737,0,0,0,737
12/17/2020,IAH,TX,ASW,CE,Towers with Radar,677,171,21,0,869,0,0,5,0,5,677,171,26,0,874,0,0,0,874
12/18/2020,IAH,TX,ASW,CE,Towers with Radar,719,175,11,0,905,0,5,2,2,9,719,180,13,2,914,0,0,0,914
12/19/2020,IAH,TX,ASW,CE,Towers with Radar,691,159,16,0,866,0,2,1,0,3,691,161,17,0,869,0,0,0,869
12/20/2020,IAH,TX,ASW,CE,Towers with Radar,709,168,8,0,885,0,4,2,0,6,709,172,10,0,891,0,0,0,891
12/21/2020,IAH,TX,ASW,CE,Towers with Radar,688,172,20,0,880,0,2,1,0,3,688,174,21,0,883,0,0,0,883
12/22/2020,IAH,TX,ASW,CE,Towers with Radar,704,180,13,0,897,0,0,3,0,3,704,180,16,0,900,0,0,0,900
12/23/2020,IAH,TX,ASW,CE,Towers with Radar,692,178,21,0,891,0,0,3,0,3,692,178,24,0,894,0,0,0,894
12/24/2020,IAH,TX,ASW,CE,Towers with Radar,563,135,0,0,698,0,6,1,0,7,563,141,1,0,705,0,0,0,705
12/25/2020,IAH,TX,ASW,CE,Towers with Radar,573,128,4,0,705,0,0,3,0,3,573,128,7,0,708,0,0,0,708
12/26/2020,IAH,TX,ASW,CE,Towers with Radar,643,167,6,0,816,0,0,0,0,0,643,167,6,0,816,0,0,0,816
12/27/2020,IAH,TX,ASW,CE,Towers with Radar,678,162,5,0,845,0,0,0,0,0,678,162,5,0,845,0,0,0,845
12/28/2020,IAH,TX,ASW,CE,Towers with Radar,675,174,6,0,855,0,0,4,0,4,675,174,10,0,859,0,0,0,859
12/29/2020,IAH,TX,ASW,CE,Towers with Radar,687,178,6,0,871,0,6,2,0,8,687,184,8,0,879,0,0,0,879
12/30/2020,IAH,TX,ASW,CE,Towers with Radar,703,167,12,0,882,0,0,0,4,4,703,167,12,4,886,0,0,0,886
12/31/2020,IAH,TX,ASW,CE,Towers with Radar,599,125,6,0,730,0,0,0,0,0,599,125,6,0,730,0,0,0,730
01/01/2021,IAH,TX,ASW,CE,Towers with Radar,572,134,4,0,710,0,0,4,0,4,572,134,8,0,714,0,0,0,714
01/02/2021,IAH,TX,ASW,CE,Towers with Radar,644,169,11,0,824,0,0,0,0,0,644,169,11,0,824,0,0,0,824
01/03/2021,IAH,TX,ASW,CE,Towers with Radar,682,173,14,0,869,0,0,0,0,0,682,173,14,0,869,0,0,0,869
01/04/2021,IAH,TX,ASW,CE,Towers with Radar,676,173,11,0,860,0,2,6,0,8,676,175,17,0,868,0,0,0,868
01/05/2021,IAH,TX,ASW,CE,Towers with Radar,628,164,7,0,799,0,2,2,0,4,628,166,9,0,803,0,0,0,803
01/06/2021,IAH,TX,ASW,CE,Towers with Radar,615,161,11,0,787,0,0,0,0,0,615,161,11,0,787,0,0,0,787
01/07/2021,IAH,TX,ASW,CE,Towers with Radar,648,155,26,0,829,0,3,13,0,16,648,158,39,0,845,0,0,0,845
01/08/2021,IAH,TX,ASW,CE,Towers with Radar,647,165,12,0,824,0,1,1,0,2,647,166,13,0,826,0,0,0,826
01/09/2021,IAH,TX,ASW,CE,Towers with Radar,586,142,10,0,738,0,3,4,0,7,586,145,14,0,745,0,0,0,745
01/10/2021,IAH,TX,ASW,CE,Towers with Radar,626,143,14,0,783,0,0,0,0,0,626,143,14,0,783,0,0,0,783
01/11/2021,IAH,TX,ASW,CE,Towers with Radar,623,151,11,0,785,0,0,0,0,0,623,151,11,0,785,0,0,0,785
01/12/2021,IAH,TX,ASW,CE,Towers with Radar,591,158,19,0,768,0,0,4,0,4,591,158,23,0,772,0,0,0,772
01/13/2021,IAH,TX,ASW,CE,Towers with Radar,590,155,25,0,770,0,0,4,2,6,590,155,29,2,776,0,0,0,776
01/14/2021,IAH,TX,ASW,CE,Towers with Radar,630,154,24,0,808,0,2,4,1,7,630,156,28,1,815,0,0,0,815
01/15/2021,IAH,TX,ASW,CE,Towers with Radar,648,157,12,0,817,0,2,16,0,18,648,159,28,0,835,0,0,0,835
01/16/2021,IAH,TX,ASW,CE,Towers with Radar,576,137,12,0,725,0,0,2,0,2,576,137,14,0,727,0,0,0,727
01/17/2021,IAH,TX,ASW,CE,Towers with Radar,618,154,7,0,779,0,0,0,2,2,618,154,7,2,781,0,0,0,781
01/18/2021,IAH,TX,ASW,CE,Towers with Radar,616,165,15,0,796,0,0,4,0,4,616,165,19,0,800,0,0,0,800
01/19/2021,IAH,TX,ASW,CE,Towers with Radar,583,146,17,0,746,0,2,3,0,5,583,148,20,0,751,0,0,0,751
01/20/2021,IAH,TX,ASW,CE,Towers with Radar,598,156,15,0,769,0,0,0,0,0,598,156,15,0,769,0,0,0,769
01/21/2021,IAH,TX,ASW,CE,Towers with Radar,642,157,24,0,823,0,0,0,0,0,642,157,24,0,823,0,0,0,823
01/22/2021,IAH,TX,ASW,CE,Towers with Radar,644,149,14,0,807,0,0,0,1,1,644,149,14,1,808,0,0,0,808
01/23/2021,IAH,TX,ASW,CE,Towers with Radar,579,139,6,0,724,0,0,0,0,0,579,139,6,0,724,0,0,0,724
01/24/2021,IAH,TX,ASW,CE,Towers with Radar,632,150,9,0,791,0,0,0,0,0,632,150,9,0,791,0,0,0,791
01/25/2021,IAH,TX,ASW,CE,Towers with Radar,606,152,15,0,773,0,0,0,0,0,606,152,15,0,773,0,0,0,773
01/26/2021,IAH,TX,ASW,CE,Towers with Radar,578,140,20,0,738,0,3,9,0,12,578,143,29,0,750,0,0,0,750
01/27/2021,IAH,TX,ASW,CE,Towers with Radar,591,153,15,0,759,0,2,2,0,4,591,155,17,0,763,0,0,0,763
01/28/2021,IAH,TX,ASW,CE,Towers with Radar,632,154,14,0,800,0,0,8,0,8,632,154,22,0,808,0,0,0,808
01/29/2021,IAH,TX,ASW,CE,Towers with Radar,645,163,14,0,822,0,0,8,0,8,645,163,22,0,830,0,0,0,830
01/30/2021,IAH,TX,ASW,CE,Towers with Radar,575,131,2,0,708,0,2,0,0,2,575,133,2,0,710,0,0,0,710
01/31/2021,IAH,TX,ASW,CE,Towers with Radar,619,156,15,0,790,0,2,5,0,7,619,158,20,0,797,0,0,0,797
02/01/2021,IAH,TX,ASW,CE,Towers with Radar,584,147,12,0,743,0,2,4,0,6,584,149,16,0,749,0,0,0,749
02/02/2021,IAH,TX,ASW,CE,Towers with Radar,580,134,19,0,733,0,4,4,0,8,580,138,23,0,741,0,0,0,741
02/03/2021,IAH,TX,ASW,CE,Towers with Radar,605,149,13,0,767,0,0,2,1,3,605,149,15,1,770,0,0,0,770
02/04/2021,IAH,TX,ASW,CE,Towers with Radar,644,158,14,0,816,0,2,8,0,10,644,160,22,0,826,0,0,0,826
02/05/2021,IAH,TX,ASW,CE,Towers with Radar,656,161,9,0,826,0,4,5,1,10,656,165,14,1,836,0,0,0,836
02/06/2021,IAH,TX,ASW,CE,Towers with Radar,580,148,6,0,734,0,0,0,0,0,580,148,6,0,734,0,0,0,734
02/07/2021,IAH,TX,ASW,CE,Towers with Radar,616,151,10,0,777,0,0,6,0,6,616,151,16,0,783,0,0,0,783
02/08/2021,IAH,TX,ASW,CE,Towers with Radar,611,157,21,0,789,0,0,4,0,4,611,157,25,0,793,0,0,0,793
02/09/2021,IAH,TX,ASW,CE,Towers with Radar,583,156,28,0,767,0,0,0,0,0,583,156,28,0,767,0,0,0,767
02/10/2021,IAH,TX,ASW,CE,Towers with Radar,602,164,25,0,791,0,0,0,0,0,602,164,25,0,791,0,0,0,791
02/11/2021,IAH,TX,ASW,CE,Towers with Radar,680,198,31,1,910,0,0,0,0,0,680,198,31,1,910,0,0,0,910
02/12/2021,IAH,TX,ASW,CE,Towers with Radar,686,209,13,1,909,0,0,0,0,0,686,209,13,1,909,0,0,0,909
02/13/2021,IAH,TX,ASW,CE,Towers with Radar,641,191,6,0,838,0,0,0,0,0,641,191,6,0,838,0,0,0,838
02/14/2021,IAH,TX,ASW,CE,Towers with Radar,462,125,12,0,599,0,0,0,0,0,462,125,12,0,599,0,0,0,599
02/15/2021,IAH,TX,ASW,CE,Towers with Radar,1,0,0,0,1,0,0,0,0,0,1,0,0,0,1,0,0,0,1
02/16/2021,IAH,TX,ASW,CE,Towers with Radar,1,0,2,0,3,0,0,0,0,0,1,0,2,0,3,0,0,0,3
02/17/2021,IAH,TX,ASW,CE,Towers with Radar,192,20,5,0,217,0,0,0,0,0,192,20,5,0,217,0,0,0,217
02/18/2021,IAH,TX,ASW,CE,Towers with Radar,378,43,14,0,435,0,0,0,0,0,378,43,14,0,435,0,0,0,435
02/19/2021,IAH,TX,ASW,CE,Towers with Radar,625,128,11,0,764,0,2,1,2,5,625,130,12,2,769,0,0,0,769
02/20/2021,IAH,TX,ASW,CE,Towers with Radar,628,184,2,0,814,0,2,6,0,8,628,186,8,0,822,0,0,0,822
02/21/2021,IAH,TX,ASW,CE,Towers with Radar,677,215,12,0,904,0,0,4,0,4,677,215,16,0,908,0,0,0,908
02/22/2021,IAH,TX,ASW,CE,Towers with Radar,661,212,14,2,889,0,4,0,0,4,661,216,14,2,893,0,0,0,893
02/23/2021,IAH,TX,ASW,CE,Towers with Radar,630,195,13,2,840,0,0,2,0,2,630,195,15,2,842,0,0,0,842
02/24/2021,IAH,TX,ASW,CE,Towers with Radar,639,207,13,0,859,0,0,5,0,5,639,207,18,0,864,0,0,0,864
02/25/2021,IAH,TX,ASW,CE,Towers with Radar,694,218,24,0,936,0,0,0,0,0,694,218,24,0,936,0,0,0,936
02/26/2021,IAH,TX,ASW,CE,Towers with Radar,685,235,17,0,937,0,0,0,0,0,685,235,17,0,937,0,0,0,937
02/27/2021,IAH,TX,ASW,CE,Towers with Radar,644,193,6,0,843,0,0,0,0,0,644,193,6,0,843,0,0,0,843
02/28/2021,IAH,TX,ASW,CE,Towers with Radar,695,218,11,1,925,0,0,0,0,0,695,218,11,1,925,0,0,0,925
03/01/2021,IAH,TX,ASW,CE,Towers with Radar,655,214,10,0,879,0,0,0,0,0,655,214,10,0,879,0,0,0,879
03/02/2021,IAH,TX,ASW,CE,Towers with Radar,635,194,23,0,852,0,0,0,0,0,635,194,23,0,852,0,0,0,852
03/03/2021,IAH,TX,ASW,CE,Towers with Radar,640,212,18,0,870,0,2,6,0,8,640,214,24,0,878,0,0,0,878
03/04/2021,IAH,TX,ASW,CE,Towers with Radar,721,217,18,0,956,0,0,0,0,0,721,217,18,0,956,0,0,0,956
03/05/2021,IAH,TX,ASW,CE,Towers with Radar,731,227,15,0,973,0,5,0,0,5,731,232,15,0,978,0,0,0,978
03/06/2021,IAH,TX,ASW,CE,Towers with Radar,701,206,6,0,913,0,0,0,0,0,701,206,6,0,913,0,0,0,913
03/07/2021,IAH,TX,ASW,CE,Towers with Radar,714,221,8,0,943,0,0,3,0,3,714,221,11,0,946,0,0,0,946
03/08/2021,IAH,TX,ASW,CE,Towers with Radar,697,222,20,0,939,0,0,0,0,0,697,222,20,0,939,0,0,0,939
03/09/2021,IAH,TX,ASW,CE,Towers with Radar,719,164,14,0,897,0,0,3,0,3,719,164,17,0,900,0,0,0,900
03/10/2021,IAH,TX,ASW,CE,Towers with Radar,731,177,14,0,922,0,0,0,0,0,731,177,14,0,922,0,0,0,922
03/11/2021,IAH,TX,ASW,CE,Towers with Radar,775,187,45,0,1007,0,0,5,0,5,775,187,50,0,1012,0,0,0,1012
03/12/2021,IAH,TX,ASW,CE,Towers with Radar,786,191,25,0,1002,0,0,0,0,0,786,191,25,0,1002,0,0,0,1002
03/13/2021,IAH,TX,ASW,CE,Towers with Radar,746,183,15,0,944,0,4,1,0,5,746,187,16,0,949,0,0,0,949
03/14/2021,IAH,TX,ASW,CE,Towers with Radar,739,192,6,0,937,0,0,0,0,0,739,192,6,0,937,0,0,0,937
03/15/2021,IAH,TX,ASW,CE,Towers with Radar,722,194,21,0,937,0,2,3,0,5,722,196,24,0,942,0,0,0,942
03/16/2021,IAH,TX,ASW,CE,Towers with Radar,750,166,16,0,932,0,0,1,3,4,750,166,17,3,936,0,0,0,936
03/17/2021,IAH,TX,ASW,CE,Towers with Radar,739,173,14,0,926,0,0,2,1,3,739,173,16,1,929,0,0,0,929
03/18/2021,IAH,TX,ASW,CE,Towers with Radar,782,201,18,0,1001,0,2,1,0,3,782,203,19,0,1004,0,0,0,1004
03/19/2021,IAH,TX,ASW,CE,Towers with Radar,808,194,19,2,1023,0,0,6,0,6,808,194,25,2,1029,0,0,0,1029
03/20/2021,IAH,TX,ASW,CE,Towers with Radar,769,185,14,1,969,0,0,2,0,2,769,185,16,1,971,0,0,0,971
03/21/2021,IAH,TX,ASW,CE,Towers with Radar,783,194,8,0,985,0,0,4,0,4,783,194,12,0,989,0,0,0,989
03/22/2021,IAH,TX,ASW,CE,Towers with Radar,766,196,12,0,974,0,0,2,0,2,766,196,14,0,976,0,0,0,976
03/23/2021,IAH,TX,ASW,CE,Towers with Radar,748,158,21,0,927,0,2,3,0,5,748,160,24,0,932,0,0,0,932
03/24/2021,IAH,TX,ASW,CE,Towers with Radar,750,175,33,0,958,0,2,0,0,2,750,177,33,0,960,0,0,0,960
03/25/2021,IAH,TX,ASW,CE,Towers with Radar,805,198,23,0,1026,0,2,1,0,3,805,200,24,0,1029,0,0,0,1029
03/26/2021,IAH,TX,ASW,CE,Towers with Radar,790,195,17,0,1002,0,0,2,1,3,790,195,19,1,1005,0,0,0,1005
03/27/2021,IAH,TX,ASW,CE,Towers with Radar,769,183,3,0,955,0,0,2,0,2,769,183,5,0,957,0,0,0,957
03/28/2021,IAH,TX,ASW,CE,Towers with Radar,787,189,5,0,981,0,2,4,0,6,787,191,9,0,987,0,0,0,987
03/29/2021,IAH,TX,ASW,CE,Towers with Radar,776,188,23,2,989,0,0,0,0,0,776,188,23,2,989,0,0,0,989
03/30/2021,IAH,TX,ASW,CE,Towers with Radar,763,171,20,2,956,0,0,0,0,0,763,171,20,2,956,0,0,0,956
03/31/2021,IAH,TX,ASW,CE,Towers with Radar,778,185,22,2,987,0,0,0,0,0,778,185,22,2,987,0,0,0,987
04/01/2021,IAH,TX,ASW,CE,Towers with Radar,799,191,22,0,1012,0,0,5,0,5,799,191,27,0,1017,0,0,0,1017
04/02/2021,IAH,TX,ASW,CE,Towers with Radar,802,196,13,0,1011,0,2,0,0,2,802,198,13,0,1013,0,0,0,1013
04/03/2021,IAH,TX,ASW,CE,Towers with Radar,758,179,3,0,940,0,2,0,0,2,758,181,3,0,942,0,0,0,942
04/04/2021,IAH,TX,ASW,CE,Towers with Radar,782,187,10,0,979,0,2,3,2,7,782,189,13,2,986,0,0,0,986
04/05/2021,IAH,TX,ASW,CE,Towers with Radar,773,196,16,0,985,0,0,8,0,8,773,196,24,0,993,0,0,0,993
04/06/2021,IAH,TX,ASW,CE,Towers with Radar,767,182,20,0,969,0,2,4,0,6,767,184,24,0,975,0,0,0,975
04/07/2021,IAH,TX,ASW,CE,Towers with Radar,765,188,22,0,975,0,0,0,0,0,765,188,22,0,975,0,0,0,975
04/08/2021,IAH,TX,ASW,CE,Towers with Radar,807,193,18,0,1018,0,0,6,0,6,807,193,24,0,1024,0,0,0,1024
04/09/2021,IAH,TX,ASW,CE,Towers with Radar,795,192,24,0,1011,0,0,0,1,1,795,192,24,1,1012,0,0,0,1012
04/10/2021,IAH,TX,ASW,CE,Towers with Radar,753,191,7,0,951,0,3,3,0,6,753,194,10,0,957,0,0,0,957
04/11/2021,IAH,TX,ASW,CE,Towers with Radar,759,198,22,0,979,0,2,5,2,9,759,200,27,2,988,0,0,0,988
04/12/2021,IAH,TX,ASW,CE,Towers with Radar,808,189,17,0,1014,0,0,1,0,1,808,189,18,0,1015,0,0,0,1015
04/13/2021,IAH,TX,ASW,CE,Towers with Radar,807,176,18,0,1001,0,0,0,0,0,807,176,18,0,1001,0,0,0,1001
04/14/2021,IAH,TX,ASW,CE,Towers with Radar,794,185,21,0,1000,0,2,0,0,2,794,187,21,0,1002,0,0,0,1002
04/15/2021,IAH,TX,ASW,CE,Towers with Radar,829,191,23,0,1043,0,0,0,0,0,829,191,23,0,1043,0,0,0,1043
04/16/2021,IAH,TX,ASW,CE,Towers with Radar,849,190,11,0,1050,0,0,0,0,0,849,190,11,0,1050,0,0,0,1050
04/17/2021,IAH,TX,ASW,CE,Towers with Radar,773,181,11,0,965,0,0,0,0,0,773,181,11,0,965,0,0,0,965
04/18/2021,IAH,TX,ASW,CE,Towers with Radar,812,197,22,2,1033,0,0,0,2,2,812,197,22,4,1035,0,0,0,1035
04/19/2021,IAH,TX,ASW,CE,Towers with Radar,809,184,13,2,1008,0,2,0,0,2,809,186,13,2,1010,0,0,0,1010
04/20/2021,IAH,TX,ASW,CE,Towers with Radar,788,182,10,0,980,0,2,10,0,12,788,184,20,0,992,0,0,0,992
04/21/2021,IAH,TX,ASW,CE,Towers with Radar,785,182,29,0,996,0,2,3,0,5,785,184,32,0,1001,0,0,0,1001
04/22/2021,IAH,TX,ASW,CE,Towers with Radar,834,193,26,0,1053,0,0,2,0,2,834,193,28,0,1055,0,0,0,1055
04/23/2021,IAH,TX,ASW,CE,Towers with Radar,828,191,16,0,1035,0,0,0,0,0,828,191,16,0,1035,0,0,0,1035
04/24/2021,IAH,TX,ASW,CE,Towers with Radar,774,192,8,0,974,0,0,0,0,0,774,192,8,0,974,0,0,0,974
04/25/2021,IAH,TX,ASW,CE,Towers with Radar,811,190,10,0,1011,0,0,0,0,0,811,190,10,0,1011,0,0,0,1011
04/26/2021,IAH,TX,ASW,CE,Towers with Radar,807,193,15,0,1015,0,0,5,4,9,807,193,20,4,1024,0,0,0,1024
04/27/2021,IAH,TX,ASW,CE,Towers with Radar,797,179,21,0,997,0,0,0,0,0,797,179,21,0,997,0,0,0,997
04/28/2021,IAH,TX,ASW,CE,Towers with Radar,798,179,28,0,1005,0,0,6,0,6,798,179,34,0,1011,0,0,0,1011
04/29/2021,IAH,TX,ASW,CE,Towers with Radar,833,197,29,0,1059,0,0,0,0,0,833,197,29,0,1059,0,0,0,1059
04/30/2021,IAH,TX,ASW,CE,Towers with Radar,840,202,13,0,1055,0,0,0,0,0,840,202,13,0,1055,0,0,0,1055
05/01/2021,IAH,TX,ASW,CE,Towers with Radar,771,194,3,0,968,0,0,0,0,0,771,194,3,0,968,0,0,0,968
05/02/2021,IAH,TX,ASW,CE,Towers with Radar,818,197,11,0,1026,0,4,4,0,8,818,201,15,0,1034,0,0,0,1034
05/03/2021,IAH,TX,ASW,CE,Towers with Radar,803,190,14,0,1007,0,2,5,0,7,803,192,19,0,1014,0,0,0,1014
05/04/2021,IAH,TX,ASW,CE,Towers with Radar,784,182,13,0,979,0,0,2,0,2,784,182,15,0,981,0,0,0,981
05/05/2021,IAH,TX,ASW,CE,Towers with Radar,799,197,24,0,1020,1,0,3,0,4,800,197,27,0,1024,0,0,0,1024
05/06/2021,IAH,TX,ASW,CE,Towers with Radar,850,195,20,1,1066,0,2,3,1,6,850,197,23,2,1072,0,0,0,1072
05/07/2021,IAH,TX,ASW,CE,Towers with Radar,856,192,18,0,1066,0,0,0,0,0,856,192,18,0,1066,0,0,0,1066
05/08/2021,IAH,TX,ASW,CE,Towers with Radar,790,185,8,0,983,0,0,0,0,0,790,185,8,0,983,0,0,0,983
05/09/2021,IAH,TX,ASW,CE,Towers with Radar,828,195,8,0,1031,0,0,0,0,0,828,195,8,0,1031,0,0,0,1031
05/10/2021,IAH,TX,ASW,CE,Towers with Radar,855,189,14,0,1058,0,0,1,0,1,855,189,15,0,1059,0,0,0,1059
05/11/2021,IAH,TX,ASW,CE,Towers with Radar,853,166,25,0,1044,0,1,0,0,1,853,167,25,0,1045,0,0,0,1045
05/12/2021,IAH,TX,ASW,CE,Towers with Radar,840,167,31,0,1038,0,0,0,0,0,840,167,31,0,1038,0,0,0,1038
05/13/2021,IAH,TX,ASW,CE,Towers with Radar,857,217,34,0,1108,0,2,0,0,2,857,219,34,0,1110,0,0,0,1110
05/14/2021,IAH,TX,ASW,CE,Towers with Radar,859,200,22,0,1081,0,0,3,0,3,859,200,25,0,1084,0,0,0,1084
05/15/2021,IAH,TX,ASW,CE,Towers with Radar,804,186,4,0,994,0,0,0,0,0,804,186,4,0,994,0,0,0,994
05/16/2021,IAH,TX,ASW,CE,Towers with Radar,824,197,18,0,1039,0,0,0,0,0,824,197,18,0,1039,0,0,0,1039
05/17/2021,IAH,TX,ASW,CE,Towers with Radar,806,151,7,0,964,0,0,0,2,2,806,151,7,2,966,0,0,0,966
05/18/2021,IAH,TX,ASW,CE,Towers with Radar,832,179,15,0,1026,0,3,1,0,4,832,182,16,0,1030,0,0,0,1030
05/19/2021,IAH,TX,ASW,CE,Towers with Radar,842,171,24,0,1037,0,0,1,0,1,842,171,25,0,1038,0,0,0,1038
05/20/2021,IAH,TX,ASW,CE,Towers with Radar,862,191,29,0,1082,0,7,6,0,13,862,198,35,0,1095,0,0,0,1095
05/21/2021,IAH,TX,ASW,CE,Towers with Radar,848,198,18,0,1064,0,0,0,0,0,848,198,18,0,1064,0,0,0,1064
05/22/2021,IAH,TX,ASW,CE,Towers with Radar,792,170,3,0,965,0,0,0,0,0,792,170,3,0,965,0,0,0,965
05/23/2021,IAH,TX,ASW,CE,Towers with Radar,840,196,10,0,1046,0,0,0,0,0,840,196,10,0,1046,0,0,0,1046
05/24/2021,IAH,TX,ASW,CE,Towers with Radar,785,159,15,0,959,0,0,0,0,0,785,159,15,0,959,0,0,0,959
05/25/2021,IAH,TX,ASW,CE,Towers with Radar,856,175,24,0,1055,0,2,0,0,2,856,177,24,0,1057,0,0,0,1057
05/26/2021,IAH,TX,ASW,CE,Towers with Radar,828,182,12,0,1022,0,1,4,2,7,828,183,16,2,1029,0,0,0,1029
05/27/2021,IAH,TX,ASW,CE,Towers with Radar,869,207,23,0,1099,0,0,0,0,0,869,207,23,0,1099,0,0,0,1099
05/28/2021,IAH,TX,ASW,CE,Towers with Radar,861,202,13,1,1077,0,0,0,0,0,861,202,13,1,1077,0,0,0,1077
05/29/2021,IAH,TX,ASW,CE,Towers with Radar,796,187,2,1,986,0,1,0,0,1,796,188,2,1,987,0,0,0,987
05/30/2021,IAH,TX,ASW,CE,Towers with Radar,836,206,5,1,1048,0,2,0,0,2,836,208,5,1,1050,0,0,0,1050
05/31/2021,IAH,TX,ASW,CE,Towers with Radar,818,201,16,0,1035,0,2,1,0,3,818,203,17,0,1038,0,0,0,1038
06/01/2021,IAH,TX,ASW,CE,Towers with Radar,822,182,23,0,1027,0,2,0,0,2,822,184,23,0,1029,0,0,0,1029
06/02/2021,IAH,TX,ASW,CE,Towers with Radar,830,173,24,0,1027,0,4,0,0,4,830,177,24,0,1031,0,0,0,1031
06/03/2021,IAH,TX,ASW,CE,Towers with Radar,942,197,26,0,1165,0,0,0,0,0,942,197,26,0,1165,0,0,0,1165
06/04/2021,IAH,TX,ASW,CE,Towers with Radar,950,224,21,0,1195,0,0,0,0,0,950,224,21,0,1195,0,0,0,1195
06/05/2021,IAH,TX,ASW,CE,Towers with Radar,895,195,4,0,1094,0,0,0,0,0,895,195,4,0,1094,0,0,0,1094
06/06/2021,IAH,TX,ASW,CE,Towers with Radar,939,201,17,0,1157,0,1,0,2,3,939,202,17,2,1160,0,0,0,1160
06/07/2021,IAH,TX,ASW,CE,Towers with Radar,921,213,13,0,1147,0,2,2,0,4,921,215,15,0,1151,0,0,0,1151
06/08/2021,IAH,TX,ASW,CE,Towers with Radar,953,203,34,0,1190,0,0,1,0,1,953,203,35,0,1191,0,0,0,1191
06/09/2021,IAH,TX,ASW,CE,Towers with Radar,946,201,34,0,1181,0,0,1,0,1,946,201,35,0,1182,0,0,0,1182
06/10/2021,IAH,TX,ASW,CE,Towers with Radar,970,224,31,0,1225,0,2,2,0,4,970,226,33,0,1229,0,0,0,1229
06/11/2021,IAH,TX,ASW,CE,Towers with Radar,960,224,15,0,1199,0,0,3,0,3,960,224,18,0,1202,0,0,0,1202
06/12/2021,IAH,TX,ASW,CE,Towers with Radar,901,195,9,0,1105,0,2,3,0,5,901,197,12,0,1110,0,0,0,1110
06/13/2021,IAH,TX,ASW,CE,Towers with Radar,943,208,24,0,1175,0,0,3,0,3,943,208,27,0,1178,0,0,0,1178
06/14/2021,IAH,TX,ASW,CE,Towers with Radar,946,216,18,0,1180,0,4,3,0,7,946,220,21,0,1187,0,0,0,1187
06/15/2021,IAH,TX,ASW,CE,Towers with Radar,926,198,22,0,1146,0,0,5,0,5,926,198,27,0,1151,0,0,0,1151
06/16/2021,IAH,TX,ASW,CE,Towers with Radar,962,205,27,0,1194,0,1,4,0,5,962,206,31,0,1199,0,0,0,1199
06/17/2021,IAH,TX,ASW,CE,Towers with Radar,970,222,27,2,1221,0,8,9,0,17,970,230,36,2,1238,0,0,0,1238
06/18/2021,IAH,TX,ASW,CE,Towers with Radar,972,215,8,0,1195,0,1,0,0,1,972,216,8,0,1196,0,0,0,1196
06/19/2021,IAH,TX,ASW,CE,Towers with Radar,891,193,13,0,1097,0,0,0,0,0,891,193,13,0,1097,0,0,0,1097
06/20/2021,IAH,TX,ASW,CE,Towers with Radar,956,207,6,0,1169,0,2,1,0,3,956,209,7,0,1172,0,0,0,1172
06/21/2021,IAH,TX,ASW,CE,Towers with Radar,929,215,26,0,1170,0,4,2,0,6,929,219,28,0,1176,0,0,0,1176
06/22/2021,IAH,TX,ASW,CE,Towers with Radar,948,198,15,0,1161,0,3,6,0,9,948,201,21,0,1170,0,0,0,1170
06/23/2021,IAH,TX,ASW,CE,Towers with Radar,949,202,28,0,1179,0,1,1,0,2,949,203,29,0,1181,0,0,0,1181
06/24/2021,IAH,TX,ASW,CE,Towers with Radar,947,227,27,0,1201,0,2,3,0,5,947,229,30,0,1206,0,0,0,1206
06/25/2021,IAH,TX,ASW,CE,Towers with Radar,963,213,15,0,1191,0,2,1,0,3,963,215,16,0,1194,0,0,0,1194
06/26/2021,IAH,TX,ASW,CE,Towers with Radar,916,195,10,0,1121,0,2,0,0,2,916,197,10,0,1123,0,0,0,1123
06/27/2021,IAH,TX,ASW,CE,Towers with Radar,937,212,22,0,1171,0,2,2,0,4,937,214,24,0,1175,0,0,0,1175
06/28/2021,IAH,TX,ASW,CE,Towers with Radar,933,214,27,0,1174,0,0,0,0,0,933,214,27,0,1174,0,0,0,1174
06/29/2021,IAH,TX,ASW,CE,Towers with Radar,933,196,22,0,1151,0,0,2,0,2,933,196,24,0,1153,0,0,0,1153
06/30/2021,IAH,TX,ASW,CE,Towers with Radar,955,208,28,0,1191,0,0,0,0,0,955,208,28,0,1191,0,0,0,1191
07/01/2021,IAH,TX,ASW,CE,Towers with Radar,1026,234,18,0,1278,0,2,2,0,4,1026,236,20,0,1282,0,0,0,1282
07/02/2021,IAH,TX,ASW,CE,Towers with Radar,1028,219,13,0,1260,0,2,2,1,5,1028,221,15,1,1265,0,0,0,1265
07/03/2021,IAH,TX,ASW,CE,Towers with Radar,949,190,7,0,1146,0,0,0,0,0,949,190,7,0,1146,0,0,0,1146
07/04/2021,IAH,TX,ASW,CE,Towers with Radar,921,192,9,0,1122,0,0,0,0,0,921,192,9,0,1122,0,0,0,1122
07/05/2021,IAH,TX,ASW,CE,Towers with Radar,966,205,13,0,1184,0,0,0,0,0,966,205,13,0,1184,0,0,0,1184
07/06/2021,IAH,TX,ASW,CE,Towers with Radar,967,181,7,2,1157,0,0,0,0,0,967,181,7,2,1157,0,0,0,1157
07/07/2021,IAH,TX,ASW,CE,Towers with Radar,1020,204,19,0,1243,0,1,2,0,3,1020,205,21,0,1246,0,0,0,1246
07/08/2021,IAH,TX,ASW,CE,Towers with Radar,1034,225,12,1,1272,0,5,0,0,5,1034,230,12,1,1277,0,0,0,1277
07/09/2021,IAH,TX,ASW,CE,Towers with Radar,1037,229,7,0,1273,0,2,2,0,4,1037,231,9,0,1277,0,0,0,1277
07/10/2021,IAH,TX,ASW,CE,Towers with Radar,988,202,8,0,1198,0,0,1,2,3,988,202,9,2,1201,0,0,0,1201
07/11/2021,IAH,TX,ASW,CE,Towers with Radar,1015,220,25,0,1260,0,4,0,0,4,1015,224,25,0,1264,0,0,0,1264
07/12/2021,IAH,TX,ASW,CE,Towers with Radar,1010,207,21,0,1238,0,0,2,0,2,1010,207,23,0,1240,0,0,0,1240
07/13/2021,IAH,TX,ASW,CE,Towers with Radar,1006,194,28,0,1228,0,0,0,0,0,1006,194,28,0,1228,0,0,0,1228
07/14/2021,IAH,TX,ASW,CE,Towers with Radar,1009,196,25,0,1230,0,2,2,0,4,1009,198,27,0,1234,0,0,0,1234
07/15/2021,IAH,TX,ASW,CE,Towers with Radar,1037,217,32,0,1286,0,0,0,0,0,1037,217,32,0,1286,0,0,0,1286
07/16/2021,IAH,TX,ASW,CE,Towers with Radar,1050,232,18,1,1301,0,2,3,0,5,1050,234,21,1,1306,0,0,0,1306
07/17/2021,IAH,TX,ASW,CE,Towers with Radar,968,206,6,0,1180,0,0,0,0,0,968,206,6,0,1180,0,0,0,1180
07/18/2021,IAH,TX,ASW,CE,Towers with Radar,1013,225,18,0,1256,0,5,6,0,11,1013,230,24,0,1267,0,0,0,1267
07/19/2021,IAH,TX,ASW,CE,Towers with Radar,1007,207,29,0,1243,0,0,0,0,0,1007,207,29,0,1243,0,0,0,1243
07/20/2021,IAH,TX,ASW,CE,Towers with Radar,1012,199,25,0,1236,0,0,0,0,0,1012,199,25,0,1236,0,0,0,1236
07/21/2021,IAH,TX,ASW,CE,Towers with Radar,1036,206,27,0,1269,0,2,3,0,5,1036,208,30,0,1274,0,0,0,1274
07/22/2021,IAH,TX,ASW,CE,Towers with Radar,1056,225,23,0,1304,0,2,0,2,4,1056,227,23,2,1308,0,0,0,1308
07/23/2021,IAH,TX,ASW,CE,Towers with Radar,1049,227,19,0,1295,0,2,0,1,3,1049,229,19,1,1298,0,0,0,1298
07/24/2021,IAH,TX,ASW,CE,Towers with Radar,996,197,17,1,1211,0,0,2,0,2,996,197,19,1,1213,0,0,0,1213
07/25/2021,IAH,TX,ASW,CE,Towers with Radar,1017,213,17,0,1247,0,0,0,0,0,1017,213,17,0,1247,0,0,0,1247
07/26/2021,IAH,TX,ASW,CE,Towers with Radar,1032,218,22,0,1272,0,6,0,0,6,1032,224,22,0,1278,0,0,0,1278
07/27/2021,IAH,TX,ASW,CE,Towers with Radar,1025,186,20,0,1231,0,2,3,0,5,1025,188,23,0,1236,0,0,0,1236
07/28/2021,IAH,TX,ASW,CE,Towers with Radar,1033,201,26,0,1260,0,4,2,0,6,1033,205,28,0,1266,0,0,0,1266
07/29/2021,IAH,TX,ASW,CE,Towers with Radar,1039,236,27,0,1302,0,0,2,0,2,1039,236,29,0,1304,0,0,0,1304
07/30/2021,IAH,TX,ASW,CE,Towers with Radar,1050,220,18,0,1288,0,0,6,0,6,1050,220,24,0,1294,0,0,0,1294
07/31/2021,IAH,TX,ASW,CE,Towers with Radar,979,194,9,0,1182,0,2,0,0,2,979,196,9,0,1184,0,0,0,1184
08/01/2021,IAH,TX,ASW,CE,Towers with Radar,1020,229,15,0,1264,0,1,2,0,3,1020,230,17,0,1267,0,0,0,1267
08/02/2021,IAH,TX,ASW,CE,Towers with Radar,979,230,10,0,1219,0,2,0,0,2,979,232,10,0,1221,0,0,0,1221
08/03/2021,IAH,TX,ASW,CE,Towers with Radar,979,218,20,0,1217,0,2,0,0,2,979,220,20,0,1219,0,0,0,1219
08/04/2021,IAH,TX,ASW,CE,Towers with Radar,1036,217,13,0,1266,0,2,4,0,6,1036,219,17,0,1272,0,0,0,1272
08/05/2021,IAH,TX,ASW,CE,Towers with Radar,1016,235,24,0,1275,0,4,2,0,6,1016,239,26,0,1281,0,0,0,1281
08/06/2021,IAH,TX,ASW,CE,Towers with Radar,1031,227,12,0,1270,0,0,2,0,2,1031,227,14,0,1272,0,0,0,1272
08/07/2021,IAH,TX,ASW,CE,Towers with Radar,979,217,9,0,1205,0,2,0,2,4,979,219,9,2,1209,0,0,0,1209
08/08/2021,IAH,TX,ASW,CE,Towers with Radar,1026,231,18,0,1275,0,2,0,0,2,1026,233,18,0,1277,0,0,0,1277
08/09/2021,IAH,TX,ASW,CE,Towers with Radar,1018,231,18,0,1267,0,0,4,0,4,1018,231,22,0,1271,0,0,0,1271
08/10/2021,IAH,TX,ASW,CE,Towers with Radar,1019,204,22,0,1245,0,0,2,0,2,1019,204,24,0,1247,0,0,0,1247
08/11/2021,IAH,TX,ASW,CE,Towers with Radar,1051,215,33,0,1299,0,6,3,0,9,1051,221,36,0,1308,0,0,0,1308
08/12/2021,IAH,TX,ASW,CE,Towers with Radar,1044,233,20,2,1299,0,0,2,0,2,1044,233,22,2,1301,0,0,0,1301
08/13/2021,IAH,TX,ASW,CE,Towers with Radar,1044,233,11,0,1288,0,0,1,0,1,1044,233,12,0,1289,0,0,0,1289
08/14/2021,IAH,TX,ASW,CE,Towers with Radar,985,205,7,0,1197,0,3,2,0,5,985,208,9,0,1202,0,0,0,1202
08/15/2021,IAH,TX,ASW,CE,Towers with Radar,1024,216,20,0,1260,0,2,1,0,3,1024,218,21,0,1263,0,0,0,1263
08/16/2021,IAH,TX,ASW,CE,Towers with Radar,1016,212,15,2,1245,0,0,0,0,0,1016,212,15,2,1245,0,0,0,1245
08/17/2021,IAH,TX,ASW,CE,Towers with Radar,1027,211,23,0,1261,0,2,0,0,2,1027,213,23,0,1263,0,0,0,1263
08/18/2021,IAH,TX,ASW,CE,Towers with Radar,992,189,28,0,1209,0,0,1,0,1,992,189,29,0,1210,0,0,0,1210
08/19/2021,IAH,TX,ASW,CE,Towers with Radar,1062,234,27,0,1323,0,0,0,0,0,1062,234,27,0,1323,0,0,0,1323
08/20/2021,IAH,TX,ASW,CE,Towers with Radar,1046,232,15,0,1293,0,0,0,0,0,1046,232,15,0,1293,0,0,0,1293
08/21/2021,IAH,TX,ASW,CE,Towers with Radar,969,210,4,0,1183,0,0,0,0,0,969,210,4,0,1183,0,0,0,1183
08/22/2021,IAH,TX,ASW,CE,Towers with Radar,1009,224,22,2,1257,0,2,2,0,4,1009,226,24,2,1261,0,0,0,1261
08/23/2021,IAH,TX,ASW,CE,Towers with Radar,1037,217,27,0,1281,0,0,3,0,3,1037,217,30,0,1284,0,0,0,1284
08/24/2021,IAH,TX,ASW,CE,Towers with Radar,1019,208,30,0,1257,0,0,2,0,2,1019,208,32,0,1259,0,0,0,1259
08/25/2021,IAH,TX,ASW,CE,Towers with Radar,1019,225,21,0,1265,0,8,0,0,8,1019,233,21,0,1273,0,0,0,1273
08/26/2021,IAH,TX,ASW,CE,Towers with Radar,1050,219,29,0,1298,0,2,10,0,12,1050,221,39,0,1310,0,0,0,1310
08/27/2021,IAH,TX,ASW,CE,Towers with Radar,1044,224,19,0,1287,0,0,1,0,1,1044,224,20,0,1288,0,0,0,1288
08/28/2021,IAH,TX,ASW,CE,Towers with Radar,969,200,10,0,1179,0,0,2,0,2,969,200,12,0,1181,0,0,0,1181
08/29/2021,IAH,TX,ASW,CE,Towers with Radar,979,182,14,0,1175,0,0,2,0,2,979,182,16,0,1177,0,0,0,1177
08/30/2021,IAH,TX,ASW,CE,Towers with Radar,987,174,28,1,1190,0,4,0,3,7,987,178,28,4,1197,0,0,0,1197
08/31/2021,IAH,TX,ASW,CE,Towers with Radar,989,196,25,0,1210,0,0,2,0,2,989,196,27,0,1212,0,0,0,1212
09/01/2021,IAH,TX,ASW,CE,Towers with Radar,994,205,32,0,1231,0,0,1,0,1,994,205,33,0,1232,0,0,0,1232
09/02/2021,IAH,TX,ASW,CE,Towers with Radar,1041,225,30,0,1296,0,2,4,0,6,1041,227,34,0,1302,0,0,0,1302
09/03/2021,IAH,TX,ASW,CE,Towers with Radar,1018,224,11,0,1253,0,1,3,1,5,1018,225,14,1,1258,0,0,0,1258
09/04/2021,IAH,TX,ASW,CE,Towers with Radar,954,187,7,0,1148,0,0,0,0,0,954,187,7,0,1148,0,0,0,1148
09/05/2021,IAH,TX,ASW,CE,Towers with Radar,924,184,2,0,1110,0,2,2,0,4,924,186,4,0,1114,0,0,0,1114
09/06/2021,IAH,TX,ASW,CE,Towers with Radar,993,212,13,0,1218,0,0,2,0,2,993,212,15,0,1220,0,0,0,1220
09/07/2021,IAH,TX,ASW,CE,Towers with Radar,958,206,18,2,1184,0,7,2,0,9,958,213,20,2,1193,0,0,0,1193
09/08/2021,IAH,TX,ASW,CE,Towers with Radar,988,220,29,0,1237,0,0,4,0,4,988,220,33,0,1241,0,0,0,1241
09/09/2021,IAH,TX,ASW,CE,Towers with Radar,1033,253,28,0,1314,0,0,0,0,0,1033,253,28,0,1314,0,0,0,1314
09/10/2021,IAH,TX,ASW,CE,Towers with Radar,1043,240,22,1,1306,0,0,0,0,0,1043,240,22,1,1306,0,0,0,1306
09/11/2021,IAH,TX,ASW,CE,Towers with Radar,980,206,16,1,1203,0,0,12,0,12,980,206,28,1,1215,0,0,0,1215
09/12/2021,IAH,TX,ASW,CE,Towers with Radar,1031,238,12,0,1281,0,0,0,0,0,1031,238,12,0,1281,0,0,0,1281
09/13/2021,IAH,TX,ASW,CE,Towers with Radar,958,210,27,0,1195,0,0,0,0,0,958,210,27,0,1195,0,0,0,1195
09/14/2021,IAH,TX,ASW,CE,Towers with Radar,846,153,10,0,1009,0,0,2,0,2,846,153,12,0,1011,0,0,0,1011
09/15/2021,IAH,TX,ASW,CE,Towers with Radar,959,217,23,0,1199,0,0,0,0,0,959,217,23,0,1199,0,0,0,1199
09/16/2021,IAH,TX,ASW,CE,Towers with Radar,1020,238,21,1,1280,0,1,2,0,3,1020,239,23,1,1283,0,0,0,1283
09/17/2021,IAH,TX,ASW,CE,Towers with Radar,1018,237,17,1,1273,0,0,4,0,4,1018,237,21,1,1277,0,0,0,1277
09/18/2021,IAH,TX,ASW,CE,Towers with Radar,956,200,11,0,1167,0,0,2,0,2,956,200,13,0,1169,0,0,0,1169
09/19/2021,IAH,TX,ASW,CE,Towers with Radar,1011,224,14,0,1249,0,0,2,0,2,1011,224,16,0,1251,0,0,0,1251
09/20/2021,IAH,TX,ASW,CE,Towers with Radar,992,225,17,0,1234,0,2,12,2,16,992,227,29,2,1250,0,0,0,1250
09/21/2021,IAH,TX,ASW,CE,Towers with Radar,939,196,22,0,1157,0,2,0,0,2,939,198,22,0,1159,0,0,0,1159
09/22/2021,IAH,TX,ASW,CE,Towers with Radar,959,212,26,0,1197,0,0,4,2,6,959,212,30,2,1203,0,0,0,1203
09/23/2021,IAH,TX,ASW,CE,Towers with Radar,999,231,31,0,1261,0,2,8,0,10,999,233,39,0,1271,0,0,0,1271
09/24/2021,IAH,TX,ASW,CE,Towers with Radar,1028,242,24,0,1294,0,6,2,0,8,1028,248,26,0,1302,0,0,0,1302
09/25/2021,IAH,TX,ASW,CE,Towers with Radar,958,200,9,0,1167,0,0,0,0,0,958,200,9,0,1167,0,0,0,1167
09/26/2021,IAH,TX,ASW,CE,Towers with Radar,992,224,14,2,1232,0,1,2,0,3,992,225,16,2,1235,0,0,0,1235
09/27/2021,IAH,TX,ASW,CE,Towers with Radar,992,230,20,0,1242,0,4,5,0,9,992,234,25,0,1251,0,0,0,1251
09/28/2021,IAH,TX,ASW,CE,Towers with Radar,926,208,28,0,1162,0,4,0,0,4,926,212,28,0,1166,0,0,0,1166
09/29/2021,IAH,TX,ASW,CE,Towers with Radar,967,209,26,2,1204,0,0,0,0,0,967,209,26,2,1204,0,0,0,1204
09/30/2021,IAH,TX,ASW,CE,Towers with Radar,1019,244,39,1,1303,0,0,0,0,0,1019,244,39,1,1303,0,0,0,1303
10/01/2021,IAH,TX,ASW,CE,Towers with Radar,996,205,20,1,1222,0,1,0,0,1,996,206,20,1,1223,0,0,0,1223
10/02/2021,IAH,TX,ASW,CE,Towers with Radar,960,200,14,2,1176,0,1,1,0,2,960,201,15,2,1178,0,0,0,1178
10/03/2021,IAH,TX,ASW,CE,Towers with Radar,1002,218,22,0,1242,0,0,6,0,6,1002,218,28,0,1248,0,0,0,1248
10/04/2021,IAH,TX,ASW,CE,Towers with Radar,1006,223,42,2,1273,0,2,0,0,2,1006,225,42,2,1275,0,0,0,1275
10/05/2021,IAH,TX,ASW,CE,Towers with Radar,966,188,26,4,1184,0,0,11,0,11,966,188,37,4,1195,0,0,0,1195
10/06/2021,IAH,TX,ASW,CE,Towers with Radar,996,216,24,0,1236,0,0,6,0,6,996,216,30,0,1242,0,0,0,1242
10/07/2021,IAH,TX,ASW,CE,Towers with Radar,1043,231,34,0,1308,0,0,4,0,4,1043,231,38,0,1312,0,0,0,1312
10/08/2021,IAH,TX,ASW,CE,Towers with Radar,1041,214,21,0,1276,0,4,1,0,5,1041,218,22,0,1281,0,0,0,1281
10/09/2021,IAH,TX,ASW,CE,Towers with Radar,972,196,3,0,1171,0,0,3,0,3,972,196,6,0,1174,0,0,0,1174
10/10/2021,IAH,TX,ASW,CE,Towers with Radar,996,217,25,1,1239,0,0,2,0,2,996,217,27,1,1241,0,0,0,1241
10/11/2021,IAH,TX,ASW,CE,Towers with Radar,1010,209,31,0,1250,0,0,3,0,3,1010,209,34,0,1253,0,0,0,1253
10/12/2021,IAH,TX,ASW,CE,Towers with Radar,962,195,22,0,1179,0,2,0,0,2,962,197,22,0,1181,0,0,0,1181
10/13/2021,IAH,TX,ASW,CE,Towers with Radar,985,195,32,0,1212,0,2,7,0,9,985,197,39,0,1221,0,0,0,1221
10/14/2021,IAH,TX,ASW,CE,Towers with Radar,1062,222,36,0,1320,0,0,0,0,0,1062,222,36,0,1320,0,0,0,1320
10/15/2021,IAH,TX,ASW,CE,Towers with Radar,1033,225,28,0,1286,0,2,0,0,2,1033,227,28,0,1288,0,0,0,1288
10/16/2021,IAH,TX,ASW,CE,Towers with Radar,959,208,12,0,1179,0,0,0,0,0,959,208,12,0,1179,0,0,0,1179
10/17/2021,IAH,TX,ASW,CE,Towers with Radar,1005,212,14,0,1231,0,2,0,0,2,1005,214,14,0,1233,0,0,0,1233
10/18/2021,IAH,TX,ASW,CE,Towers with Radar,1003,226,20,0,1249,0,3,3,0,6,1003,229,23,0,1255,0,0,0,1255
10/19/2021,IAH,TX,ASW,CE,Towers with Radar,957,201,26,0,1184,0,1,4,0,5,957,202,30,0,1189,0,0,0,1189
10/20/2021,IAH,TX,ASW,CE,Towers with Radar,980,212,27,0,1219,0,0,2,0,2,980,212,29,0,1221,0,0,0,1221
10/21/2021,IAH,TX,ASW,CE,Towers with Radar,990,208,27,0,1225,0,2,2,0,4,990,210,29,0,1229,0,0,0,1229
10/22/2021,IAH,TX,ASW,CE,Towers with Radar,1000,214,20,0,1234,0,2,1,0,3,1000,216,21,0,1237,0,0,0,1237
10/23/2021,IAH,TX,ASW,CE,Towers with Radar,954,185,8,2,1149,0,0,1,0,1,954,185,9,2,1150,0,0,0,1150
10/24/2021,IAH,TX,ASW,CE,Towers with Radar,992,217,18,1,1228,0,0,4,0,4,992,217,22,1,1232,0,0,0,1232
10/25/2021,IAH,TX,ASW,CE,Towers with Radar,991,219,18,0,1228,0,6,0,0,6,991,225,18,0,1234,0,0,0,1234
10/26/2021,IAH,TX,ASW,CE,Towers with Radar,964,202,31,0,1197,0,0,2,0,2,964,202,33,0,1199,0,0,0,1199
10/27/2021,IAH,TX,ASW,CE,Towers with Radar,964,194,24,2,1184,0,0,2,0,2,964,194,26,2,1186,0,0,0,1186
10/28/2021,IAH,TX,ASW,CE,Towers with Radar,1053,258,35,0,1346,0,0,0,0,0,1053,258,35,0,1346,0,0,0,1346
10/29/2021,IAH,TX,ASW,CE,Towers with Radar,1020,228,15,0,1263,0,0,4,2,6,1020,228,19,2,1269,0,0,0,1269
10/30/2021,IAH,TX,ASW,CE,Towers with Radar,947,183,7,0,1137,0,1,2,0,3,947,184,9,0,1140,0,0,0,1140
10/31/2021,IAH,TX,ASW,CE,Towers with Radar,878,213,17,0,1108,0,0,2,0,2,878,213,19,0,1110,0,0,0,1110
11/01/2021,IAH,TX,ASW,CE,Towers with Radar,935,225,26,2,1188,0,0,3,0,3,935,225,29,2,1191,0,0,0,1191
11/02/2021,IAH,TX,ASW,CE,Towers with Radar,921,227,29,0,1177,0,0,1,0,1,921,227,30,0,1178,0,0,0,1178
11/03/2021,IAH,TX,ASW,CE,Towers with Radar,965,218,35,0,1218,0,0,0,0,0,965,218,35,0,1218,0,0,0,1218
11/04/2021,IAH,TX,ASW,CE,Towers with Radar,970,223,29,0,1222,0,0,0,0,0,970,223,29,0,1222,0,0,0,1222
11/05/2021,IAH,TX,ASW,CE,Towers with Radar,978,223,19,0,1220,0,5,4,0,9,978,228,23,0,1229,0,0,0,1229
11/06/2021,IAH,TX,ASW,CE,Towers with Radar,894,201,10,0,1105,0,0,1,0,1,894,201,11,0,1106,0,0,0,1106
11/07/2021,IAH,TX,ASW,CE,Towers with Radar,949,216,22,0,1187,0,0,6,0,6,949,216,28,0,1193,0,0,0,1193
11/08/2021,IAH,TX,ASW,CE,Towers with Radar,959,228,30,0,1217,0,0,4,2,6,959,228,34,2,1223,0,0,0,1223
11/09/2021,IAH,TX,ASW,CE,Towers with Radar,943,221,22,0,1186,0,2,0,0,2,943,223,22,0,1188,0,0,0,1188
11/10/2021,IAH,TX,ASW,CE,Towers with Radar,978,237,29,0,1244,0,0,0,0,0,978,237,29,0,1244,0,0,0,1244
11/11/2021,IAH,TX,ASW,CE,Towers with Radar,979,231,17,0,1227,0,0,0,0,0,979,231,17,0,1227,0,0,0,1227
11/12/2021,IAH,TX,ASW,CE,Towers with Radar,972,228,18,0,1218,0,0,0,0,0,972,228,18,0,1218,0,0,0,1218
11/13/2021,IAH,TX,ASW,CE,Towers with Radar,897,192,7,0,1096,0,0,0,0,0,897,192,7,0,1096,0,0,0,1096
11/14/2021,IAH,TX,ASW,CE,Towers with Radar,939,223,14,0,1176,0,0,5,0,5,939,223,19,0,1181,0,0,0,1181
11/15/2021,IAH,TX,ASW,CE,Towers with Radar,956,234,23,0,1213,0,2,2,0,4,956,236,25,0,1217,0,0,0,1217
11/16/2021,IAH,TX,ASW,CE,Towers with Radar,928,228,14,0,1170,0,2,1,1,4,928,230,15,1,1174,0,0,0,1174
11/17/2021,IAH,TX,ASW,CE,Towers with Radar,979,227,23,0,1229,0,0,3,0,3,979,227,26,0,1232,0,0,0,1232
11/18/2021,IAH,TX,ASW,CE,Towers with Radar,983,221,21,0,1225,0,0,0,0,0,983,221,21,0,1225,0,0,0,1225
11/19/2021,IAH,TX,ASW,CE,Towers with Radar,985,235,19,0,1239,0,0,5,0,5,985,235,24,0,1244,0,0,0,1244
11/20/2021,IAH,TX,ASW,CE,Towers with Radar,933,201,10,0,1144,0,0,4,0,4,933,201,14,0,1148,0,0,0,1148
11/21/2021,IAH,TX,ASW,CE,Towers with Radar,958,230,21,0,1209,0,0,1,0,1,958,230,22,0,1210,0,0,0,1210
11/22/2021,IAH,TX,ASW,CE,Towers with Radar,962,226,10,0,1198,0,1,1,0,2,962,227,11,0,1200,0,0,0,1200
11/23/2021,IAH,TX,ASW,CE,Towers with Radar,987,217,23,0,1227,0,0,2,0,2,987,217,25,0,1229,0,0,0,1229
11/24/2021,IAH,TX,ASW,CE,Towers with Radar,976,227,8,0,1211,0,2,0,0,2,976,229,8,0,1213,0,0,0,1213
11/25/2021,IAH,TX,ASW,CE,Towers with Radar,771,163,2,0,936,0,0,0,0,0,771,163,2,0,936,0,0,0,936
11/26/2021,IAH,TX,ASW,CE,Towers with Radar,899,210,5,0,1114,0,0,3,0,3,899,210,8,0,1117,0,0,0,1117
11/27/2021,IAH,TX,ASW,CE,Towers with Radar,956,239,13,0,1208,0,4,0,0,4,956,243,13,0,1212,0,0,0,1212
11/28/2021,IAH,TX,ASW,CE,Towers with Radar,1015,244,18,0,1277,0,0,0,0,0,1015,244,18,0,1277,0,0,0,1277
11/29/2021,IAH,TX,ASW,CE,Towers with Radar,1011,224,15,0,1250,0,4,0,0,4,1011,228,15,0,1254,0,0,0,1254
11/30/2021,IAH,TX,ASW,CE,Towers with Radar,975,222,28,0,1225,0,0,0,0,0,975,222,28,0,1225,0,0,0,1225
12/01/2021,IAH,TX,ASW,CE,Towers with Radar,975,229,34,0,1238,0,0,1,0,1,975,229,35,0,1239,0,0,0,1239
12/02/2021,IAH,TX,ASW,CE,Towers with Radar,989,234,38,0,1261,0,2,0,2,4,989,236,38,2,1265,0,0,0,1265
12/03/2021,IAH,TX,ASW,CE,Towers with Radar,980,222,23,0,1225,0,1,0,0,1,980,223,23,0,1226,0,0,0,1226
12/04/2021,IAH,TX,ASW,CE,Towers with Radar,913,173,14,0,1100,0,0,0,0,0,913,173,14,0,1100,0,0,0,1100
12/05/2021,IAH,TX,ASW,CE,Towers with Radar,936,199,21,0,1156,0,2,0,0,2,936,201,21,0,1158,0,0,0,1158
12/06/2021,IAH,TX,ASW,CE,Towers with Radar,938,206,28,0,1172,0,2,2,0,4,938,208,30,0,1176,0,0,0,1176
12/07/2021,IAH,TX,ASW,CE,Towers with Radar,958,202,36,0,1196,0,5,2,0,7,958,207,38,0,1203,0,0,0,1203
12/08/2021,IAH,TX,ASW,CE,Towers with Radar,943,211,27,1,1182,0,0,0,0,0,943,211,27,1,1182,0,0,0,1182
12/09/2021,IAH,TX,ASW,CE,Towers with Radar,947,210,33,1,1191,0,0,0,0,0,947,210,33,1,1191,0,0,0,1191
12/10/2021,IAH,TX,ASW,CE,Towers with Radar,975,198,31,0,1204,0,4,2,0,6,975,202,33,0,1210,0,0,0,1210
12/11/2021,IAH,TX,ASW,CE,Towers with Radar,914,183,10,0,1107,0,0,4,0,4,914,183,14,0,1111,0,0,0,1111
12/12/2021,IAH,TX,ASW,CE,Towers with Radar,940,194,16,0,1150,0,0,1,1,2,940,194,17,1,1152,0,0,0,1152
12/13/2021,IAH,TX,ASW,CE,Towers with Radar,942,217,22,2,1183,0,2,0,2,4,942,219,22,4,1187,0,0,0,1187
12/14/2021,IAH,TX,ASW,CE,Towers with Radar,942,200,27,0,1169,0,2,0,0,2,942,202,27,0,1171,0,0,0,1171
12/15/2021,IAH,TX,ASW,CE,Towers with Radar,938,211,27,0,1176,0,0,5,0,5,938,211,32,0,1181,0,0,0,1181
12/16/2021,IAH,TX,ASW,CE,Towers with Radar,998,207,22,0,1227,0,2,2,0,4,998,209,24,0,1231,0,0,0,1231
12/17/2021,IAH,TX,ASW,CE,Towers with Radar,1035,214,30,0,1279,0,0,1,0,1,1035,214,31,0,1280,0,0,0,1280
12/18/2021,IAH,TX,ASW,CE,Towers with Radar,903,152,12,0,1067,0,0,0,0,0,903,152,12,0,1067,0,0,0,1067
12/19/2021,IAH,TX,ASW,CE,Towers with Radar,971,210,21,0,1202,0,0,2,0,2,971,210,23,0,1204,0,0,0,1204
12/20/2021,IAH,TX,ASW,CE,Towers with Radar,1002,211,16,0,1229,0,2,0,0,2,1002,213,16,0,1231,0,0,0,1231
12/21/2021,IAH,TX,ASW,CE,Towers with Radar,1023,203,14,0,1240,0,2,2,0,4,1023,205,16,0,1244,0,0,0,1244
12/22/2021,IAH,TX,ASW,CE,Towers with Radar,1026,217,21,0,1264,0,0,0,0,0,1026,217,21,0,1264,0,0,0,1264
12/23/2021,IAH,TX,ASW,CE,Towers with Radar,997,211,11,0,1219,0,2,0,0,2,997,213,11,0,1221,0,0,0,1221
12/24/2021,IAH,TX,ASW,CE,Towers with Radar,797,159,7,0,963,0,4,2,0,6,797,163,9,0,969,0,0,0,969
12/25/2021,IAH,TX,ASW,CE,Towers with Radar,769,180,2,0,951,0,0,0,4,4,769,180,2,4,955,0,0,0,955
12/26/2021,IAH,TX,ASW,CE,Towers with Radar,891,204,21,0,1116,0,0,0,0,0,891,204,21,0,1116,0,0,0,1116
12/27/2021,IAH,TX,ASW,CE,Towers with Radar,939,210,19,0,1168,0,2,3,2,7,939,212,22,2,1175,0,0,0,1175
12/28/2021,IAH,TX,ASW,CE,Towers with Radar,967,196,8,0,1171,0,0,0,0,0,967,196,8,0,1171,0,0,0,1171
12/29/2021,IAH,TX,ASW,CE,Towers with Radar,965,205,19,0,1189,0,2,4,0,6,965,207,23,0,1195,0,0,0,1195
12/30/2021,IAH,TX,ASW,CE,Towers with Radar,930,188,12,0,1130,0,0,1,1,2,930,188,13,1,1132,0,0,0,1132
12/31/2021,IAH,TX,ASW,CE,Towers with Radar,764,123,9,0,896,0,2,0,0,2,764,125,9,0,898,0,0,0,898
01/01/2022,IAH,TX,ASW,CE,Towers with Radar,804,137,5,0,946,0,0,0,0,0,804,137,5,0,946,0,0,0,946
01/02/2022,IAH,TX,ASW,CE,Towers with Radar,894,146,17,0,1057,0,0,0,0,0,894,146,17,0,1057,0,0,0,1057
01/03/2022,IAH,TX,ASW,CE,Towers with Radar,892,174,21,0,1087,0,2,0,0,2,892,176,21,0,1089,0,0,0,1089
01/04/2022,IAH,TX,ASW,CE,Towers with Radar,910,167,7,0,1084,0,1,2,0,3,910,168,9,0,1087,0,0,0,1087
01/05/2022,IAH,TX,ASW,CE,Towers with Radar,877,181,10,0,1068,0,0,0,0,0,877,181,10,0,1068,0,0,0,1068
01/06/2022,IAH,TX,ASW,CE,Towers with Radar,850,193,26,0,1069,0,0,2,0,2,850,193,28,0,1071,0,0,0,1071
01/07/2022,IAH,TX,ASW,CE,Towers with Radar,863,182,20,0,1065,0,2,2,0,4,863,184,22,0,1069,0,0,0,1069
01/08/2022,IAH,TX,ASW,CE,Towers with Radar,778,144,9,0,931,0,0,0,0,0,778,144,9,0,931,0,0,0,931
01/09/2022,IAH,TX,ASW,CE,Towers with Radar,842,160,9,0,1011,0,0,2,0,2,842,160,11,0,1013,0,0,0,1013
01/10/2022,IAH,TX,ASW,CE,Towers with Radar,889,166,17,0,1072,0,0,4,0,4,889,166,21,0,1076,0,0,0,1076
01/11/2022,IAH,TX,ASW,CE,Towers with Radar,835,163,17,0,1015,0,0,2,0,2,835,163,19,0,1017,0,0,0,1017
01/12/2022,IAH,TX,ASW,CE,Towers with Radar,854,169,15,0,1038,0,2,5,0,7,854,171,20,0,1045,0,0,0,1045
01/13/2022,IAH,TX,ASW,CE,Towers with Radar,849,173,14,0,1036,0,0,2,0,2,849,173,16,0,1038,0,0,0,1038
01/14/2022,IAH,TX,ASW,CE,Towers with Radar,886,166,9,0,1061,0,0,0,0,0,886,166,9,0,1061,0,0,0,1061
01/15/2022,IAH,TX,ASW,CE,Towers with Radar,802,151,13,0,966,0,0,0,0,0,802,151,13,0,966,0,0,0,966
01/16/2022,IAH,TX,ASW,CE,Towers with Radar,776,155,7,0,938,0,0,0,0,0,776,155,7,0,938,0,0,0,938
01/17/2022,IAH,TX,ASW,CE,Towers with Radar,842,164,13,0,1019,0,0,2,0,2,842,164,15,0,1021,0,0,0,1021
01/18/2022,IAH,TX,ASW,CE,Towers with Radar,831,165,21,0,1017,0,1,0,0,1,831,166,21,0,1018,0,0,0,1018
01/19/2022,IAH,TX,ASW,CE,Towers with Radar,809,164,22,0,995,0,0,1,0,1,809,164,23,0,996,0,0,0,996
01/20/2022,IAH,TX,ASW,CE,Towers with Radar,854,163,28,0,1045,0,0,0,0,0,854,163,28,0,1045,0,0,0,1045
01/21/2022,IAH,TX,ASW,CE,Towers with Radar,871,166,16,0,1053,0,0,3,2,5,871,166,19,2,1058,0,0,0,1058
01/22/2022,IAH,TX,ASW,CE,Towers with Radar,762,146,7,0,915,0,0,1,0,1,762,146,8,0,916,0,0,0,916
01/23/2022,IAH,TX,ASW,CE,Towers with Radar,829,165,14,0,1008,0,0,4,0,4,829,165,18,0,1012,0,0,0,1012
01/24/2022,IAH,TX,ASW,CE,Towers with Radar,862,175,16,0,1053,0,0,0,0,0,862,175,16,0,1053,0,0,0,1053
01/25/2022,IAH,TX,ASW,CE,Towers with Radar,858,168,20,0,1046,0,0,0,0,0,858,168,20,0,1046,0,0,0,1046
01/26/2022,IAH,TX,ASW,CE,Towers with Radar,853,172,19,2,1046,0,2,6,0,8,853,174,25,2,1054,0,0,0,1054
01/27/2022,IAH,TX,ASW,CE,Towers with Radar,881,179,20,0,1080,0,2,5,0,7,881,181,25,0,1087,0,0,0,1087
01/28/2022,IAH,TX,ASW,CE,Towers with Radar,862,172,20,0,1054,0,0,6,0,6,862,172,26,0,1060,0,0,0,1060
01/29/2022,IAH,TX,ASW,CE,Towers with Radar,742,148,3,0,893,0,2,1,0,3,742,150,4,0,896,0,0,0,896
01/30/2022,IAH,TX,ASW,CE,Towers with Radar,830,170,12,0,1012,0,0,3,0,3,830,170,15,0,1015,0,0,0,1015
01/31/2022,IAH,TX,ASW,CE,Towers with Radar,854,169,18,0,1041,0,0,0,0,0,854,169,18,0,1041,0,0,0,1041
02/01/2022,IAH,TX,ASW,CE,Towers with Radar,872,173,22,0,1067,0,2,0,0,2,872,175,22,0,1069,0,0,0,1069
02/02/2022,IAH,TX,ASW,CE,Towers with Radar,826,151,9,0,986,0,0,0,0,0,826,151,9,0,986,0,0,0,986
02/03/2022,IAH,TX,ASW,CE,Towers with Radar,791,129,16,0,936,0,0,0,0,0,791,129,16,0,936,0,0,0,936
02/04/2022,IAH,TX,ASW,CE,Towers with Radar,835,171,20,0,1026,0,2,0,0,2,835,173,20,0,1028,0,0,0,1028
02/05/2022,IAH,TX,ASW,CE,Towers with Radar,802,149,6,0,957,0,0,3,0,3,802,149,9,0,960,0,0,0,960
02/06/2022,IAH,TX,ASW,CE,Towers with Radar,848,175,14,0,1037,0,4,2,0,6,848,179,16,0,1043,0,0,0,1043
02/07/2022,IAH,TX,ASW,CE,Towers with Radar,879,158,21,0,1058,0,0,2,5,7,879,158,23,5,1065,0,0,0,1065
02/08/2022,IAH,TX,ASW,CE,Towers with Radar,873,147,27,0,1047,0,2,0,2,4,873,149,27,2,1051,0,0,0,1051
02/09/2022,IAH,TX,ASW,CE,Towers with Radar,888,160,29,0,1077,0,0,11,2,13,888,160,40,2,1090,0,0,0,1090
02/10/2022,IAH,TX,ASW,CE,Towers with Radar,906,158,27,0,1091,0,0,0,0,0,906,158,27,0,1091,0,0,0,1091
02/11/2022,IAH,TX,ASW,CE,Towers with Radar,927,181,16,0,1124,0,1,2,0,3,927,182,18,0,1127,0,0,0,1127
02/12/2022,IAH,TX,ASW,CE,Towers with Radar,870,157,17,0,1044,0,2,0,0,2,870,159,17,0,1046,0,0,0,1046
02/13/2022,IAH,TX,ASW,CE,Towers with Radar,892,160,10,0,1062,0,0,4,0,4,892,160,14,0,1066,0,0,0,1066
02/14/2022,IAH,TX,ASW,CE,Towers with Radar,902,167,19,0,1088,0,0,1,0,1,902,167,20,0,1089,0,0,0,1089
02/15/2022,IAH,TX,ASW,CE,Towers with Radar,891,182,29,0,1102,0,1,2,0,3,891,183,31,0,1105,0,0,0,1105
02/16/2022,IAH,TX,ASW,CE,Towers with Radar,902,186,24,0,1112,0,0,0,1,1,902,186,24,1,1113,0,0,0,1113
02/17/2022,IAH,TX,ASW,CE,Towers with Radar,892,190,21,0,1103,0,0,2,0,2,892,190,23,0,1105,0,0,0,1105
02/18/2022,IAH,TX,ASW,CE,Towers with Radar,937,200,30,0,1167,0,2,8,2,12,937,202,38,2,1179,0,0,0,1179
02/19/2022,IAH,TX,ASW,CE,Towers with Radar,880,168,13,0,1061,0,2,6,0,8,880,170,19,0,1069,0,0,0,1069
02/20/2022,IAH,TX,ASW,CE,Towers with Radar,886,175,15,0,1076,0,2,0,0,2,886,177,15,0,1078,0,0,0,1078
02/21/2022,IAH,TX,ASW,CE,Towers with Radar,913,202,35,0,1150,0,0,0,0,0,913,202,35,0,1150,0,0,0,1150
02/22/2022,IAH,TX,ASW,CE,Towers with Radar,893,185,25,0,1103,0,2,1,0,3,893,187,26,0,1106,0,0,0,1106
02/23/2022,IAH,TX,ASW,CE,Towers with Radar,868,185,31,2,1086,0,0,0,0,0,868,185,31,2,1086,0,0,0,1086
02/24/2022,IAH,TX,ASW,CE,Towers with Radar,880,175,15,0,1070,0,0,0,0,0,880,175,15,0,1070,0,0,0,1070
02/25/2022,IAH,TX,ASW,CE,Towers with Radar,918,184,28,0,1130,0,0,0,0,0,918,184,28,0,1130,0,0,0,1130
02/26/2022,IAH,TX,ASW,CE,Towers with Radar,889,158,9,0,1056,0,0,0,0,0,889,158,9,0,1056,0,0,0,1056
02/27/2022,IAH,TX,ASW,CE,Towers with Radar,902,172,18,0,1092,0,0,1,0,1,902,172,19,0,1093,0,0,0,1093
02/28/2022,IAH,TX,ASW,CE,Towers with Radar,920,193,19,0,1132,0,2,4,0,6,920,195,23,0,1138,0,0,0,1138
03/01/2022,IAH,TX,ASW,CE,Towers with Radar,890,200,23,0,1113,0,0,1,0,1,890,200,24,0,1114,0,0,0,1114
03/02/2022,IAH,TX,ASW,CE,Towers with Radar,900,207,29,0,1136,0,3,0,0,3,900,210,29,0,1139,0,0,0,1139
03/03/2022,IAH,TX,ASW,CE,Towers with Radar,922,204,34,0,1160,0,0,1,0,1,922,204,35,0,1161,0,0,0,1161
03/04/2022,IAH,TX,ASW,CE,Towers with Radar,933,199,14,0,1146,0,3,0,0,3,933,202,14,0,1149,0,0,0,1149
03/05/2022,IAH,TX,ASW,CE,Towers with Radar,895,189,7,0,1091,0,0,0,1,1,895,189,7,1,1092,0,0,0,1092
03/06/2022,IAH,TX,ASW,CE,Towers with Radar,910,200,20,0,1130,0,3,2,1,6,910,203,22,1,1136,0,0,0,1136
03/07/2022,IAH,TX,ASW,CE,Towers with Radar,918,210,30,0,1158,0,0,4,0,4,918,210,34,0,1162,0,0,0,1162
03/08/2022,IAH,TX,ASW,CE,Towers with Radar,891,198,23,0,1112,0,0,0,0,0,891,198,23,0,1112,0,0,0,1112
03/09/2022,IAH,TX,ASW,CE,Towers with Radar,886,217,40,0,1143,0,0,3,0,3,886,217,43,0,1146,0,0,0,1146
03/10/2022,IAH,TX,ASW,CE,Towers with Radar,927,206,24,0,1157,0,0,0,0,0,927,206,24,0,1157,0,0,0,1157
03/11/2022,IAH,TX,ASW,CE,Towers with Radar,939,211,19,0,1169,0,2,2,0,4,939,213,21,0,1173,0,0,0,1173
03/12/2022,IAH,TX,ASW,CE,Towers with Radar,879,189,19,0,1087,0,0,4,2,6,879,189,23,2,1093,0,0,0,1093
03/13/2022,IAH,TX,ASW,CE,Towers with Radar,913,194,24,0,1131,0,2,2,0,4,913,196,26,0,1135,0,0,0,1135
03/14/2022,IAH,TX,ASW,CE,Towers with Radar,906,198,23,0,1127,0,0,2,0,2,906,198,25,0,1129,0,0,0,1129
03/15/2022,IAH,TX,ASW,CE,Towers with Radar,903,196,23,0,1122,0,1,0,0,1,903,197,23,0,1123,0,0,0,1123
03/16/2022,IAH,TX,ASW,CE,Towers with Radar,897,197,19,0,1113,0,2,6,4,12,897,199,25,4,1125,0,0,0,1125
03/17/2022,IAH,TX,ASW,CE,Towers with Radar,910,211,25,0,1146,0,0,0,0,0,910,211,25,0,1146,0,0,0,1146
03/18/2022,IAH,TX,ASW,CE,Towers with Radar,924,199,17,0,1140,0,4,0,0,4,924,203,17,0,1144,0,0,0,1144
03/19/2022,IAH,TX,ASW,CE,Towers with Radar,898,182,7,0,1087,0,5,2,0,7,898,187,9,0,1094,0,0,0,1094
03/20/2022,IAH,TX,ASW,CE,Towers with Radar,925,203,13,0,1141,0,0,7,0,7,925,203,20,0,1148,0,0,0,1148
03/21/2022,IAH,TX,ASW,CE,Towers with Radar,918,198,22,0,1138,0,0,0,0,0,918,198,22,0,1138,0,0,0,1138
03/22/2022,IAH,TX,ASW,CE,Towers with Radar,898,182,24,0,1104,0,2,7,0,9,898,184,31,0,1113,0,0,0,1113
03/23/2022,IAH,TX,ASW,CE,Towers with Radar,918,211,31,0,1160,0,0,3,0,3,918,211,34,0,1163,0,0,0,1163
03/24/2022,IAH,TX,ASW,CE,Towers with Radar,921,204,29,0,1154,0,0,3,0,3,921,204,32,0,1157,0,0,0,1157
03/25/2022,IAH,TX,ASW,CE,Towers with Radar,934,194,16,0,1144,0,0,6,0,6,934,194,22,0,1150,0,0,0,1150
03/26/2022,IAH,TX,ASW,CE,Towers with Radar,876,187,8,0,1071,0,0,2,0,2,876,187,10,0,1073,0,0,0,1073
03/27/2022,IAH,TX,ASW,CE,Towers with Radar,901,170,13,1,1085,0,2,1,0,3,901,172,14,1,1088,0,0,0,1088
03/28/2022,IAH,TX,ASW,CE,Towers with Radar,892,173,18,0,1083,0,0,4,2,6,892,173,22,2,1089,0,0,0,1089
03/29/2022,IAH,TX,ASW,CE,Towers with Radar,878,168,26,0,1072,0,0,0,0,0,878,168,26,0,1072,0,0,0,1072
03/30/2022,IAH,TX,ASW,CE,Towers with Radar,858,145,38,0,1041,0,0,1,0,1,858,145,39,0,1042,0,0,0,1042
03/31/2022,IAH,TX,ASW,CE,Towers with Radar,899,177,30,0,1106,0,2,9,0,11,899,179,39,0,1117,0,0,0,1117
04/01/2022,IAH,TX,ASW,CE,Towers with Radar,922,187,26,0,1135,0,0,6,3,9,922,187,32,3,1144,0,0,0,1144
04/02/2022,IAH,TX,ASW,CE,Towers with Radar,856,158,11,0,1025,0,2,0,1,3,856,160,11,1,1028,0,0,0,1028
04/03/2022,IAH,TX,ASW,CE,Towers with Radar,879,178,19,0,1076,0,2,0,0,2,879,180,19,0,1078,0,0,0,1078
04/04/2022,IAH,TX,ASW,CE,Towers with Radar,867,174,18,1,1060,0,0,2,0,2,867,174,20,1,1062,0,0,0,1062
04/05/2022,IAH,TX,ASW,CE,Towers with Radar,866,165,25,0,1056,0,0,1,0,1,866,165,26,0,1057,0,0,0,1057
04/06/2022,IAH,TX,ASW,CE,Towers with Radar,907,174,27,0,1108,0,5,0,2,7,907,179,27,2,1115,0,0,0,1115
04/07/2022,IAH,TX,ASW,CE,Towers with Radar,900,187,32,0,1119,0,0,2,0,2,900,187,34,0,1121,0,0,0,1121
04/08/2022,IAH,TX,ASW,CE,Towers with Radar,918,183,29,1,1131,0,2,1,0,3,918,185,30,1,1134,0,0,0,1134
04/09/2022,IAH,TX,ASW,CE,Towers with Radar,859,182,10,1,1052,0,0,4,0,4,859,182,14,1,1056,0,0,0,1056
04/10/2022,IAH,TX,ASW,CE,Towers with Radar,881,173,16,2,1072,0,0,0,0,0,881,173,16,2,1072,0,0,0,1072
04/11/2022,IAH,TX,ASW,CE,Towers with Radar,901,179,24,0,1104,0,3,0,0,3,901,182,24,0,1107,0,0,0,1107
04/12/2022,IAH,TX,ASW,CE,Towers with Radar,896,180,21,0,1097,0,1,0,0,1,896,181,21,0,1098,0,0,0,1098
04/13/2022,IAH,TX,ASW,CE,Towers with Radar,900,181,36,0,1117,0,0,2,0,2,900,181,38,0,1119,0,0,0,1119
04/14/2022,IAH,TX,ASW,CE,Towers with Radar,923,185,20,2,1130,0,2,4,0,6,923,187,24,2,1136,0,0,0,1136
04/15/2022,IAH,TX,ASW,CE,Towers with Radar,937,174,16,0,1127,0,3,0,0,3,937,177,16,0,1130,0,0,0,1130
04/16/2022,IAH,TX,ASW,CE,Towers with Radar,872,170,5,0,1047,0,0,2,0,2,872,170,7,0,1049,0,0,0,1049
04/17/2022,IAH,TX,ASW,CE,Towers with Radar,899,172,8,0,1079,0,1,2,1,4,899,173,10,1,1083,0,0,0,1083
04/18/2022,IAH,TX,ASW,CE,Towers with Radar,906,184,16,0,1106,0,4,2,1,7,906,188,18,1,1113,0,0,0,1113
04/19/2022,IAH,TX,ASW,CE,Towers with Radar,892,185,26,0,1103,0,1,1,0,2,892,186,27,0,1105,0,0,0,1105
04/20/2022,IAH,TX,ASW,CE,Towers with Radar,907,176,19,2,1104,0,0,0,0,0,907,176,19,2,1104,0,0,0,1104
04/21/2022,IAH,TX,ASW,CE,Towers with Radar,914,180,29,0,1123,0,0,0,0,0,914,180,29,0,1123,0,0,0,1123
04/22/2022,IAH,TX,ASW,CE,Towers with Radar,932,174,20,0,1126,0,2,4,0,6,932,176,24,0,1132,0,0,0,1132
04/23/2022,IAH,TX,ASW,CE,Towers with Radar,876,178,10,0,1064,0,2,0,0,2,876,180,10,0,1066,0,0,0,1066
04/24/2022,IAH,TX,ASW,CE,Towers with Radar,935,178,12,0,1125,0,2,2,0,4,935,180,14,0,1129,0,0,0,1129
04/25/2022,IAH,TX,ASW,CE,Towers with Radar,751,101,18,0,870,0,0,0,0,0,751,101,18,0,870,0,0,0,870
04/26/2022,IAH,TX,ASW,CE,Towers with Radar,904,177,30,0,1111,0,0,4,2,6,904,177,34,2,1117,0,0,0,1117
04/27/2022,IAH,TX,ASW,CE,Towers with Radar,899,182,30,0,1111,0,2,2,0,4,899,184,32,0,1115,0,0,0,1115
04/28/2022,IAH,TX,ASW,CE,Towers with Radar,921,179,34,0,1134,0,4,2,2,8,921,183,36,2,1142,0,0,0,1142
04/29/2022,IAH,TX,ASW,CE,Towers with Radar,942,188,19,0,1149,0,2,0,0,2,942,190,19,0,1151,0,0,0,1151
04/30/2022,IAH,TX,ASW,CE,Towers with Radar,869,169,9,0,1047,0,2,0,0,2,869,171,9,0,1049,0,0,0,1049
05/01/2022,IAH,TX,ASW,CE,Towers with Radar,904,171,12,0,1087,0,0,1,0,1,904,171,13,0,1088,0,0,0,1088
05/02/2022,IAH,TX,ASW,CE,Towers with Radar,912,181,29,0,1122,0,0,0,0,0,912,181,29,0,1122,0,0,0,1122
05/03/2022,IAH,TX,ASW,CE,Towers with Radar,893,179,22,0,1094,0,0,6,0,6,893,179,28,0,1100,0,0,0,1100
05/04/2022,IAH,TX,ASW,CE,Towers with Radar,896,172,36,0,1104,0,0,17,0,17,896,172,53,0,1121,0,0,0,1121
05/05/2022,IAH,TX,ASW,CE,Towers with Radar,900,161,19,0,1080,0,0,2,0,2,900,161,21,0,1082,0,0,0,1082
05/06/2022,IAH,TX,ASW,CE,Towers with Radar,994,168,27,0,1189,0,0,2,0,2,994,168,29,0,1191,0,0,0,1191
05/07/2022,IAH,TX,ASW,CE,Towers with Radar,881,156,7,0,1044,0,4,0,0,4,881,160,7,0,1048,0,0,0,1048
05/08/2022,IAH,TX,ASW,CE,Towers with Radar,936,173,23,0,1132,0,3,3,0,6,936,176,26,0,1138,0,0,0,1138
05/09/2022,IAH,TX,ASW,CE,Towers with Radar,958,178,39,0,1175,0,0,4,0,4,958,178,43,0,1179,0,0,0,1179
05/10/2022,IAH,TX,ASW,CE,Towers with Radar,950,178,20,0,1148,0,4,2,0,6,950,182,22,0,1154,0,0,0,1154
05/11/2022,IAH,TX,ASW,CE,Towers with Radar,947,180,24,0,1151,0,4,2,1,7,947,184,26,1,1158,0,0,0,1158
05/12/2022,IAH,TX,ASW,CE,Towers with Radar,977,167,27,1,1172,0,1,2,0,3,977,168,29,1,1175,0,0,0,1175
05/13/2022,IAH,TX,ASW,CE,Towers with Radar,987,168,8,0,1163,0,0,0,0,0,987,168,8,0,1163,0,0,0,1163
05/14/2022,IAH,TX,ASW,CE,Towers with Radar,904,154,12,0,1070,0,2,1,0,3,904,156,13,0,1073,0,0,0,1073
05/15/2022,IAH,TX,ASW,CE,Towers with Radar,943,165,12,0,1120,0,0,1,0,1,943,165,13,0,1121,0,0,0,1121
05/16/2022,IAH,TX,ASW,CE,Towers with Radar,940,174,22,1,1137,0,6,4,0,10,940,180,26,1,1147,0,0,0,1147
05/17/2022,IAH,TX,ASW,CE,Towers with Radar,961,167,23,0,1151,0,0,2,1,3,961,167,25,1,1154,0,0,0,1154
05/18/2022,IAH,TX,ASW,CE,Towers with Radar,967,178,29,1,1175,0,0,3,0,3,967,178,32,1,1178,0,0,0,1178
05/19/2022,IAH,TX,ASW,CE,Towers with Radar,974,168,21,0,1163,0,0,2,0,2,974,168,23,0,1165,0,0,0,1165
05/20/2022,IAH,TX,ASW,CE,Towers with Radar,956,163,16,0,1135,0,2,0,0,2,956,165,16,0,1137,0,0,0,1137
05/21/2022,IAH,TX,ASW,CE,Towers with Radar,894,163,5,0,1062,0,1,0,0,1,894,164,5,0,1063,0,0,0,1063
05/22/2022,IAH,TX,ASW,CE,Towers with Radar,942,166,11,0,1119,0,1,0,0,1,942,167,11,0,1120,0,0,0,1120
05/23/2022,IAH,TX,ASW,CE,Towers with Radar,949,169,19,0,1137,0,0,0,0,0,949,169,19,0,1137,0,0,0,1137
05/24/2022,IAH,TX,ASW,CE,Towers with Radar,915,152,28,0,1095,0,0,0,2,2,915,152,28,2,1097,0,0,0,1097
05/25/2022,IAH,TX,ASW,CE,Towers with Radar,975,167,18,0,1160,0,0,2,0,2,975,167,20,0,1162,0,0,0,1162
05/26/2022,IAH,TX,ASW,CE,Towers with Radar,981,180,23,0,1184,0,0,1,1,2,981,180,24,1,1186,0,0,0,1186
05/27/2022,IAH,TX,ASW,CE,Towers with Radar,979,169,26,0,1174,0,0,3,0,3,979,169,29,0,1177,0,0,0,1177
05/28/2022,IAH,TX,ASW,CE,Towers with Radar,906,159,5,0,1070,0,2,1,0,3,906,161,6,0,1073,0,0,0,1073
05/29/2022,IAH,TX,ASW,CE,Towers with Radar,941,158,3,0,1102,0,0,1,0,1,941,158,4,0,1103,0,0,0,1103
05/30/2022,IAH,TX,ASW,CE,Towers with Radar,945,157,8,0,1110,0,0,0,0,0,945,157,8,0,1110,0,0,0,1110
05/31/2022,IAH,TX,ASW,CE,Towers with Radar,937,159,14,0,1110,0,3,2,0,5,937,162,16,0,1115,0,0,0,1115
06/01/2022,IAH,TX,ASW,CE,Towers with Radar,950,165,24,0,1139,0,0,0,0,0,950,165,24,0,1139,0,0,0,1139
06/02/2022,IAH,TX,ASW,CE,Towers with Radar,938,162,31,0,1131,0,0,8,0,8,938,162,39,0,1139,0,0,0,1139
06/03/2022,IAH,TX,ASW,CE,Towers with Radar,922,195,18,0,1135,0,2,2,0,4,922,197,20,0,1139,0,0,0,1139
06/04/2022,IAH,TX,ASW,CE,Towers with Radar,859,167,10,0,1036,0,0,0,0,0,859,167,10,0,1036,0,0,0,1036
06/05/2022,IAH,TX,ASW,CE,Towers with Radar,925,181,10,0,1116,0,0,0,0,0,925,181,10,0,1116,0,0,0,1116
06/06/2022,IAH,TX,ASW,CE,Towers with Radar,907,200,12,0,1119,0,0,4,1,5,907,200,16,1,1124,0,0,0,1124
06/07/2022,IAH,TX,ASW,CE,Towers with Radar,922,198,29,0,1149,0,0,0,0,0,922,198,29,0,1149,0,0,0,1149
06/08/2022,IAH,TX,ASW,CE,Towers with Radar,932,185,30,0,1147,0,0,0,0,0,932,185,30,0,1147,0,0,0,1147
06/09/2022,IAH,TX,ASW,CE,Towers with Radar,927,196,28,0,1151,0,4,11,0,15,927,200,39,0,1166,0,0,0,1166
06/10/2022,IAH,TX,ASW,CE,Towers with Radar,944,189,18,1,1152,0,0,1,0,1,944,189,19,1,1153,0,0,0,1153
06/11/2022,IAH,TX,ASW,CE,Towers with Radar,884,174,10,1,1069,0,1,5,0,6,884,175,15,1,1075,0,0,0,1075
06/12/2022,IAH,TX,ASW,CE,Towers with Radar,900,187,7,0,1094,0,0,2,1,3,900,187,9,1,1097,0,0,0,1097
06/13/2022,IAH,TX,ASW,CE,Towers with Radar,907,181,16,0,1104,0,4,0,2,6,907,185,16,2,1110,0,0,0,1110
06/14/2022,IAH,TX,ASW,CE,Towers with Radar,917,190,38,0,1145,0,0,8,0,8,917,190,46,0,1153,0,0,0,1153
06/15/2022,IAH,TX,ASW,CE,Towers with Radar,932,192,22,0,1146,0,0,6,0,6,932,192,28,0,1152,0,0,0,1152
06/16/2022,IAH,TX,ASW,CE,Towers with Radar,896,184,33,0,1113,0,0,2,0,2,896,184,35,0,1115,0,0,0,1115
06/17/2022,IAH,TX,ASW,CE,Towers with Radar,951,182,25,0,1158,0,0,2,1,3,951,182,27,1,1161,0,0,0,1161
06/18/2022,IAH,TX,ASW,CE,Towers with Radar,884,172,13,1,1070,0,2,4,0,6,884,174,17,1,1076,0,0,0,1076
06/19/2022,IAH,TX,ASW,CE,Towers with Radar,884,184,12,0,1080,0,0,1,0,1,884,184,13,0,1081,0,0,0,1081
06/20/2022,IAH,TX,ASW,CE,Towers with Radar,914,192,18,0,1124,0,0,0,0,0,914,192,18,0,1124,0,0,0,1124
06/21/2022,IAH,TX,ASW,CE,Towers with Radar,915,185,17,0,1117,0,0,6,0,6,915,185,23,0,1123,0,0,0,1123
06/22/2022,IAH,TX,ASW,CE,Towers with Radar,915,193,27,2,1137,0,0,34,0,34,915,193,61,2,1171,0,0,0,1171
06/23/2022,IAH,TX,ASW,CE,Towers with Radar,925,197,21,0,1143,0,0,2,0,2,925,197,23,0,1145,0,0,0,1145
06/24/2022,IAH,TX,ASW,CE,Towers with Radar,910,167,14,0,1091,0,0,0,0,0,910,167,14,0,1091,0,0,0,1091
06/25/2022,IAH,TX,ASW,CE,Towers with Radar,838,152,9,0,999,0,2,0,0,2,838,154,9,0,1001,0,0,0,1001
06/26/2022,IAH,TX,ASW,CE,Towers with Radar,868,159,19,0,1046,0,6,3,0,9,868,165,22,0,1055,0,0,0,1055
06/27/2022,IAH,TX,ASW,CE,Towers with Radar,878,161,23,0,1062,0,2,4,0,6,878,163,27,0,1068,0,0,0,1068
06/28/2022,IAH,TX,ASW,CE,Towers with Radar,904,163,21,0,1088,0,0,2,0,2,904,163,23,0,1090,0,0,0,1090
06/29/2022,IAH,TX,ASW,CE,Towers with Radar,897,172,27,0,1096,0,9,0,0,9,897,181,27,0,1105,0,0,0,1105
06/30/2022,IAH,TX,ASW,CE,Towers with Radar,911,176,24,0,1111,0,0,0,0,0,911,176,24,0,1111,0,0,0,1111
07/01/2022,IAH,TX,ASW,CE,Towers with Radar,943,170,19,0,1132,0,2,1,0,3,943,172,20,0,1135,0,0,0,1135
07/02/2022,IAH,TX,ASW,CE,Towers with Radar,860,173,16,0,1049,0,2,4,0,6,860,175,20,0,1055,0,0,0,1055
07/03/2022,IAH,TX,ASW,CE,Towers with Radar,896,162,4,0,1062,0,0,1,2,3,896,162,5,2,1065,0,0,0,1065
07/04/2022,IAH,TX,ASW,CE,Towers with Radar,892,167,4,0,1063,0,0,4,0,4,892,167,8,0,1067,0,0,0,1067
07/05/2022,IAH,TX,ASW,CE,Towers with Radar,891,163,24,0,1078,0,2,3,0,5,891,165,27,0,1083,0,0,0,1083
07/06/2022,IAH,TX,ASW,CE,Towers with Radar,935,167,23,0,1125,0,4,2,6,12,935,171,25,6,1137,0,0,0,1137
07/07/2022,IAH,TX,ASW,CE,Towers with Radar,931,183,16,0,1130,0,0,4,0,4,931,183,20,0,1134,0,0,0,1134
07/08/2022,IAH,TX,ASW,CE,Towers with Radar,941,178,10,0,1129,0,0,6,0,6,941,178,16,0,1135,0,0,0,1135
07/09/2022,IAH,TX,ASW,CE,Towers with Radar,862,163,8,0,1033,0,4,2,2,8,862,167,10,2,1041,0,0,0,1041
07/10/2022,IAH,TX,ASW,CE,Towers with Radar,913,168,14,0,1095,0,5,0,0,5,913,173,14,0,1100,0,0,0,1100
07/11/2022,IAH,TX,ASW,CE,Towers with Radar,931,166,36,4,1137,0,0,0,0,0,931,166,36,4,1137,0,0,0,1137
07/12/2022,IAH,TX,ASW,CE,Towers with Radar,935,169,26,0,1130,0,2,0,0,2,935,171,26,0,1132,0,0,0,1132
07/13/2022,IAH,TX,ASW,CE,Towers with Radar,937,170,43,0,1150,0,2,7,0,9,937,172,50,0,1159,0,0,0,1159
07/14/2022,IAH,TX,ASW,CE,Towers with Radar,954,176,25,0,1155,0,0,5,0,5,954,176,30,0,1160,0,0,0,1160
07/15/2022,IAH,TX,ASW,CE,Towers with Radar,954,172,26,0,1152,0,3,0,2,5,954,175,26,2,1157,0,0,0,1157
07/16/2022,IAH,TX,ASW,CE,Towers with Radar,875,163,2,0,1040,0,0,8,2,10,875,163,10,2,1050,0,0,0,1050
07/17/2022,IAH,TX,ASW,CE,Towers with Radar,891,177,19,0,1087,0,0,3,0,3,891,177,22,0,1090,0,0,0,1090
07/18/2022,IAH,TX,ASW,CE,Towers with Radar,911,168,29,0,1108,0,0,7,0,7,911,168,36,0,1115,0,0,0,1115
07/19/2022,IAH,TX,ASW,CE,Towers with Radar,939,172,21,0,1132,0,3,12,0,15,939,175,33,0,1147,0,0,0,1147
07/20/2022,IAH,TX,ASW,CE,Towers with Radar,941,183,23,0,1147,0,0,3,0,3,941,183,26,0,1150,0,0,0,1150
07/21/2022,IAH,TX,ASW,CE,Towers with Radar,937,173,24,0,1134,0,2,2,0,4,937,175,26,0,1138,0,0,0,1138
07/22/2022,IAH,TX,ASW,CE,Towers with Radar,954,176,18,0,1148,0,3,10,0,13,954,179,28,0,1161,0,0,0,1161
07/23/2022,IAH,TX,ASW,CE,Towers with Radar,849,159,10,0,1018,0,5,2,0,7,849,164,12,0,1025,0,0,0,1025
07/24/2022,IAH,TX,ASW,CE,Towers with Radar,896,159,22,0,1077,0,0,1,0,1,896,159,23,0,1078,0,0,0,1078
07/25/2022,IAH,TX,ASW,CE,Towers with Radar,898,173,38,0,1109,0,0,8,1,9,898,173,46,1,1118,0,0,0,1118
07/26/2022,IAH,TX,ASW,CE,Towers with Radar,929,164,30,0,1123,0,0,0,0,0,929,164,30,0,1123,0,0,0,1123
07/27/2022,IAH,TX,ASW,CE,Towers with Radar,943,177,32,0,1152,0,2,1,0,3,943,179,33,0,1155,0,0,0,1155
07/28/2022,IAH,TX,ASW,CE,Towers with Radar,942,171,16,0,1129,0,0,1,0,1,942,171,17,0,1130,0,0,0,1130
07/29/2022,IAH,TX,ASW,CE,Towers with Radar,948,171,19,0,1138,0,0,0,0,0,948,171,19,0,1138,0,0,0,1138
07/30/2022,IAH,TX,ASW,CE,Towers with Radar,877,168,5,0,1050,0,2,2,0,4,877,170,7,0,1054,0,0,0,1054
07/31/2022,IAH,TX,ASW,CE,Towers with Radar,917,167,8,0,1092,0,0,0,0,0,917,167,8,0,1092,0,0,0,1092
08/01/2022,IAH,TX,ASW,CE,Towers with Radar,926,177,27,0,1130,0,5,1,0,6,926,182,28,0,1136,0,0,0,1136
08/02/2022,IAH,TX,ASW,CE,Towers with Radar,914,176,17,0,1107,0,1,2,0,3,914,177,19,0,1110,0,0,0,1110
08/03/2022,IAH,TX,ASW,CE,Towers with Radar,931,177,18,0,1126,0,2,3,0,5,931,179,21,0,1131,0,0,0,1131
08/04/2022,IAH,TX,ASW,CE,Towers with Radar,911,189,20,0,1120,0,0,0,0,0,911,189,20,0,1120,0,0,0,1120
08/05/2022,IAH,TX,ASW,CE,Towers with Radar,909,172,10,0,1091,0,0,4,0,4,909,172,14,0,1095,0,0,0,1095
08/06/2022,IAH,TX,ASW,CE,Towers with Radar,857,177,18,0,1052,0,0,2,0,2,857,177,20,0,1054,0,0,0,1054
08/07/2022,IAH,TX,ASW,CE,Towers with Radar,902,170,10,0,1082,0,0,2,0,2,902,170,12,0,1084,0,0,0,1084
08/08/2022,IAH,TX,ASW,CE,Towers with Radar,912,177,22,0,1111,0,5,0,0,5,912,182,22,0,1116,0,0,0,1116
08/09/2022,IAH,TX,ASW,CE,Towers with Radar,924,167,23,0,1114,0,0,0,0,0,924,167,23,0,1114,0,0,0,1114
08/10/2022,IAH,TX,ASW,CE,Towers with Radar,829,164,25,0,1018,0,0,0,2,2,829,164,25,2,1020,0,0,0,1020
08/11/2022,IAH,TX,ASW,CE,Towers with Radar,936,183,31,0,1150,0,2,2,1,5,936,185,33,1,1155,0,0,0,1155
08/12/2022,IAH,TX,ASW,CE,Towers with Radar,942,175,16,0,1133,0,0,0,0,0,942,175,16,0,1133,0,0,0,1133
08/13/2022,IAH,TX,ASW,CE,Towers with Radar,854,174,10,0,1038,0,0,4,0,4,854,174,14,0,1042,0,0,0,1042
08/14/2022,IAH,TX,ASW,CE,Towers with Radar,904,181,19,0,1104,0,2,4,0,6,904,183,23,0,1110,0,0,0,1110
08/15/2022,IAH,TX,ASW,CE,Towers with Radar,905,176,15,0,1096,0,0,0,0,0,905,176,15,0,1096,0,0,0,1096
08/16/2022,IAH,TX,ASW,CE,Towers with Radar,912,169,21,0,1102,0,2,5,0,7,912,171,26,0,1109,0,0,0,1109
08/17/2022,IAH,TX,ASW,CE,Towers with Radar,913,176,27,0,1116,0,0,12,0,12,913,176,39,0,1128,0,0,0,1128
08/18/2022,IAH,TX,ASW,CE,Towers with Radar,814,121,25,0,960,0,1,9,0,10,814,122,34,0,970,0,0,0,970
08/19/2022,IAH,TX,ASW,CE,Towers with Radar,914,178,23,0,1115,0,1,4,0,5,914,179,27,0,1120,0,0,0,1120
08/20/2022,IAH,TX,ASW,CE,Towers with Radar,856,171,12,0,1039,0,2,2,0,4,856,173,14,0,1043,0,0,0,1043
08/21/2022,IAH,TX,ASW,CE,Towers with Radar,889,162,11,0,1062,0,0,0,0,0,889,162,11,0,1062,0,0,0,1062
08/22/2022,IAH,TX,ASW,CE,Towers with Radar,819,152,30,0,1001,0,0,0,0,0,819,152,30,0,1001,0,0,0,1001
08/23/2022,IAH,TX,ASW,CE,Towers with Radar,863,174,16,0,1053,0,0,12,6,18,863,174,28,6,1071,0,0,0,1071
08/24/2022,IAH,TX,ASW,CE,Towers with Radar,895,163,17,0,1075,0,2,0,1,3,895,165,17,1,1078,0,0,0,1078
08/25/2022,IAH,TX,ASW,CE,Towers with Radar,912,181,35,0,1128,0,2,0,0,2,912,183,35,0,1130,0,0,0,1130
08/26/2022,IAH,TX,ASW,CE,Towers with Radar,925,174,22,0,1121,0,0,12,0,12,925,174,34,0,1133,0,0,0,1133
08/27/2022,IAH,TX,ASW,CE,Towers with Radar,844,166,9,0,1019,0,0,0,0,0,844,166,9,0,1019,0,0,0,1019
08/28/2022,IAH,TX,ASW,CE,Towers with Radar,890,163,19,0,1072,0,3,0,0,3,890,166,19,0,1075,0,0,0,1075
08/29/2022,IAH,TX,ASW,CE,Towers with Radar,894,176,21,0,1091,0,1,0,0,1,894,177,21,0,1092,0,0,0,1092
08/30/2022,IAH,TX,ASW,CE,Towers with Radar,880,172,26,0,1078,0,0,5,0,5,880,172,31,0,1083,0,0,0,1083
08/31/2022,IAH,TX,ASW,CE,Towers with Radar,908,180,18,2,1108,0,0,4,0,4,908,180,22,2,1112,0,0,0,1112
09/01/2022,IAH,TX,ASW,CE,Towers with Radar,903,184,33,0,1120,0,0,3,0,3,903,184,36,0,1123,0,0,0,1123
09/02/2022,IAH,TX,ASW,CE,Towers with Radar,895,171,10,0,1076,0,0,6,1,7,895,171,16,1,1083,0,0,0,1083
09/03/2022,IAH,TX,ASW,CE,Towers with Radar,801,162,7,0,970,0,0,0,0,0,801,162,7,0,970,0,0,0,970
09/04/2022,IAH,TX,ASW,CE,Towers with Radar,841,161,11,0,1013,0,0,1,0,1,841,161,12,0,1014,0,0,0,1014
09/05/2022,IAH,TX,ASW,CE,Towers with Radar,865,175,10,0,1050,0,3,2,0,5,865,178,12,0,1055,0,0,0,1055
09/06/2022,IAH,TX,ASW,CE,Towers with Radar,870,184,15,0,1069,0,0,9,1,10,870,184,24,1,1079,0,0,0,1079
09/07/2022,IAH,TX,ASW,CE,Towers with Radar,904,182,30,0,1116,0,0,0,0,0,904,182,30,0,1116,0,0,0,1116
09/08/2022,IAH,TX,ASW,CE,Towers with Radar,919,202,31,0,1152,0,0,18,2,20,919,202,49,2,1172,0,0,0,1172
09/09/2022,IAH,TX,ASW,CE,Towers with Radar,920,185,27,0,1132,0,0,0,0,0,920,185,27,0,1132,0,0,0,1132
09/10/2022,IAH,TX,ASW,CE,Towers with Radar,853,183,11,0,1047,0,0,0,1,1,853,183,11,1,1048,0,0,0,1048
09/11/2022,IAH,TX,ASW,CE,Towers with Radar,888,185,13,0,1086,0,0,2,0,2,888,185,15,0,1088,0,0,0,1088
09/12/2022,IAH,TX,ASW,CE,Towers with Radar,900,187,31,0,1118,0,0,1,0,1,900,187,32,0,1119,0,0,0,1119
09/13/2022,IAH,TX,ASW,CE,Towers with Radar,888,190,24,0,1102,0,0,2,0,2,888,190,26,0,1104,0,0,0,1104
09/14/2022,IAH,TX,ASW,CE,Towers with Radar,900,180,34,0,1114,0,4,1,0,5,900,184,35,0,1119,0,0,0,1119
09/15/2022,IAH,TX,ASW,CE,Towers with Radar,928,189,53,0,1170,0,3,2,0,5,928,192,55,0,1175,0,0,0,1175
09/16/2022,IAH,TX,ASW,CE,Towers with Radar,919,181,25,0,1125,0,0,5,0,5,919,181,30,0,1130,0,0,0,1130
09/17/2022,IAH,TX,ASW,CE,Towers with Radar,846,177,13,0,1036,0,0,0,0,0,846,177,13,0,1036,0,0,0,1036
09/18/2022,IAH,TX,ASW,CE,Towers with Radar,888,183,17,0,1088,0,0,5,0,5,888,183,22,0,1093,0,0,0,1093
09/19/2022,IAH,TX,ASW,CE,Towers with Radar,897,181,30,0,1108,0,0,0,8,8,897,181,30,8,1116,0,0,0,1116
09/20/2022,IAH,TX,ASW,CE,Towers with Radar,893,182,36,0,1111,0,0,5,6,11,893,182,41,6,1122,0,0,0,1122
09/21/2022,IAH,TX,ASW,CE,Towers with Radar,903,181,37,2,1123,0,2,10,5,17,903,183,47,7,1140,0,0,0,1140
09/22/2022,IAH,TX,ASW,CE,Towers with Radar,916,197,33,2,1148,0,2,4,2,8,916,199,37,4,1156,0,0,0,1156
09/23/2022,IAH,TX,ASW,CE,Towers with Radar,929,184,27,0,1140,0,1,1,0,2,929,185,28,0,1142,0,0,0,1142
09/24/2022,IAH,TX,ASW,CE,Towers with Radar,861,184,9,0,1054,0,0,4,0,4,861,184,13,0,1058,0,0,0,1058
09/25/2022,IAH,TX,ASW,CE,Towers with Radar,891,176,13,0,1080,0,0,2,0,2,891,176,15,0,1082,0,0,0,1082
09/26/2022,IAH,TX,ASW,CE,Towers with Radar,898,184,26,0,1108,0,4,9,0,13,898,188,35,0,1121,0,0,0,1121
09/27/2022,IAH,TX,ASW,CE,Towers with Radar,897,185,24,0,1106,0,0,1,0,1,897,185,25,0,1107,0,0,0,1107
09/28/2022,IAH,TX,ASW,CE,Towers with Radar,865,187,43,0,1095,0,2,3,0,5,865,189,46,0,1100,0,0,0,1100
09/29/2022,IAH,TX,ASW,CE,Towers with Radar,889,175,27,2,1093,0,2,2,0,4,889,177,29,2,1097,0,0,0,1097
09/30/2022,IAH,TX,ASW,CE,Towers with Radar,935,171,16,0,1122,0,0,4,0,4,935,171,20,0,1126,0,0,0,1126
10/01/2022,IAH,TX,ASW,CE,Towers with Radar,855,174,14,0,1043,0,0,0,2,2,855,174,14,2,1045,0,0,0,1045
10/02/2022,IAH,TX,ASW,CE,Towers with Radar,890,178,33,0,1101,0,2,2,0,4,890,180,35,0,1105,0,0,0,1105
10/03/2022,IAH,TX,ASW,CE,Towers with Radar,908,180,24,0,1112,0,0,7,0,7,908,180,31,0,1119,0,0,0,1119
10/04/2022,IAH,TX,ASW,CE,Towers with Radar,894,183,24,0,1101,0,2,14,0,16,894,185,38,0,1117,0,0,0,1117
10/05/2022,IAH,TX,ASW,CE,Towers with Radar,922,182,23,2,1129,0,0,4,0,4,922,182,27,2,1133,0,0,0,1133
10/06/2022,IAH,TX,ASW,CE,Towers with Radar,948,195,26,0,1169,0,0,3,2,5,948,195,29,2,1174,0,0,0,1174
10/07/2022,IAH,TX,ASW,CE,Towers with Radar,945,191,20,0,1156,0,0,1,0,1,945,191,21,0,1157,0,0,0,1157
10/08/2022,IAH,TX,ASW,CE,Towers with Radar,861,175,13,0,1049,0,0,4,0,4,861,175,17,0,1053,0,0,0,1053
10/09/2022,IAH,TX,ASW,CE,Towers with Radar,921,184,12,0,1117,0,0,4,0,4,921,184,16,0,1121,0,0,0,1121
10/10/2022,IAH,TX,ASW,CE,Towers with Radar,922,189,22,0,1133,0,4,1,0,5,922,193,23,0,1138,0,0,0,1138
10/11/2022,IAH,TX,ASW,CE,Towers with Radar,915,186,25,0,1126,0,2,4,0,6,915,188,29,0,1132,0,0,0,1132
10/12/2022,IAH,TX,ASW,CE,Towers with Radar,926,184,41,0,1151,0,0,7,0,7,926,184,48,0,1158,0,0,0,1158
10/13/2022,IAH,TX,ASW,CE,Towers with Radar,935,193,38,0,1166,0,0,0,0,0,935,193,38,0,1166,0,0,0,1166
10/14/2022,IAH,TX,ASW,CE,Towers with Radar,960,188,17,0,1165,0,2,2,0,4,960,190,19,0,1169,0,0,0,1169
10/15/2022,IAH,TX,ASW,CE,Towers with Radar,874,177,21,0,1072,0,0,4,0,4,874,177,25,0,1076,0,0,0,1076
10/16/2022,IAH,TX,ASW,CE,Towers with Radar,919,188,12,0,1119,0,2,4,0,6,919,190,16,0,1125,0,0,0,1125
10/17/2022,IAH,TX,ASW,CE,Towers with Radar,918,189,33,0,1140,0,0,2,0,2,918,189,35,0,1142,0,0,0,1142
10/18/2022,IAH,TX,ASW,CE,Towers with Radar,910,185,35,0,1130,0,2,8,0,10,910,187,43,0,1140,0,0,0,1140
10/19/2022,IAH,TX,ASW,CE,Towers with Radar,932,193,36,0,1161,0,0,0,2,2,932,193,36,2,1163,0,0,0,1163
10/20/2022,IAH,TX,ASW,CE,Towers with Radar,934,192,26,0,1152,0,4,0,0,4,934,196,26,0,1156,0,0,0,1156
10/21/2022,IAH,TX,ASW,CE,Towers with Radar,953,175,16,0,1144,0,5,4,0,9,953,180,20,0,1153,0,0,0,1153
10/22/2022,IAH,TX,ASW,CE,Towers with Radar,875,180,12,0,1067,0,0,2,1,3,875,180,14,1,1070,0,0,0,1070
10/23/2022,IAH,TX,ASW,CE,Towers with Radar,917,184,19,0,1120,0,0,0,0,0,917,184,19,0,1120,0,0,0,1120
10/24/2022,IAH,TX,ASW,CE,Towers with Radar,970,176,22,0,1168,0,0,3,0,3,970,176,25,0,1171,0,0,0,1171
10/25/2022,IAH,TX,ASW,CE,Towers with Radar,921,186,24,0,1131,0,0,1,0,1,921,186,25,0,1132,0,0,0,1132
10/26/2022,IAH,TX,ASW,CE,Towers with Radar,931,182,37,0,1150,0,0,2,0,2,931,182,39,0,1152,0,0,0,1152
10/27/2022,IAH,TX,ASW,CE,Towers with Radar,935,190,45,0,1170,0,2,2,0,4,935,192,47,0,1174,0,0,0,1174
10/28/2022,IAH,TX,ASW,CE,Towers with Radar,924,184,18,0,1126,0,0,0,0,0,924,184,18,0,1126,0,0,0,1126
10/29/2022,IAH,TX,ASW,CE,Towers with Radar,880,180,18,0,1078,0,0,0,0,0,880,180,18,0,1078,0,0,0,1078
10/30/2022,IAH,TX,ASW,CE,Towers with Radar,880,160,15,0,1055,0,4,7,0,11,880,164,22,0,1066,0,0,0,1066
10/31/2022,IAH,TX,ASW,CE,Towers with Radar,882,165,27,0,1074,0,0,3,2,5,882,165,30,2,1079,0,0,0,1079
11/01/2022,IAH,TX,ASW,CE,Towers with Radar,915,169,28,0,1112,0,0,0,0,0,915,169,28,0,1112,0,0,0,1112
11/02/2022,IAH,TX,ASW,CE,Towers with Radar,938,187,27,0,1152,0,3,2,0,5,938,190,29,0,1157,0,0,0,1157
11/03/2022,IAH,TX,ASW,CE,Towers with Radar,921,184,32,0,1137,0,0,4,1,5,921,184,36,1,1142,0,0,0,1142
11/04/2022,IAH,TX,ASW,CE,Towers with Radar,937,162,19,0,1118,0,0,5,0,5,937,162,24,0,1123,0,0,0,1123
11/05/2022,IAH,TX,ASW,CE,Towers with Radar,879,154,12,0,1045,0,2,1,0,3,879,156,13,0,1048,0,0,0,1048
11/06/2022,IAH,TX,ASW,CE,Towers with Radar,907,159,21,0,1087,0,0,6,0,6,907,159,27,0,1093,0,0,0,1093
11/07/2022,IAH,TX,ASW,CE,Towers with Radar,911,164,35,0,1110,0,2,1,0,3,911,166,36,0,1113,0,0,0,1113
11/08/2022,IAH,TX,ASW,CE,Towers with Radar,909,170,34,0,1113,0,2,0,0,2,909,172,34,0,1115,0,0,0,1115
11/09/2022,IAH,TX,ASW,CE,Towers with Radar,911,172,30,0,1113,0,2,0,0,2,911,174,30,0,1115,0,0,0,1115
11/10/2022,IAH,TX,ASW,CE,Towers with Radar,906,182,38,0,1126,0,0,11,0,11,906,182,49,0,1137,0,0,0,1137
11/11/2022,IAH,TX,ASW,CE,Towers with Radar,931,173,27,0,1131,0,0,0,0,0,931,173,27,0,1131,0,0,0,1131
11/12/2022,IAH,TX,ASW,CE,Towers with Radar,905,159,13,0,1077,0,0,5,0,5,905,159,18,0,1082,0,0,0,1082
11/13/2022,IAH,TX,ASW,CE,Towers with Radar,922,159,21,0,1102,0,2,8,0,10,922,161,29,0,1112,0,0,0,1112
11/14/2022,IAH,TX,ASW,CE,Towers with Radar,915,165,30,0,1110,0,0,1,0,1,915,165,31,0,1111,0,0,0,1111
11/15/2022,IAH,TX,ASW,CE,Towers with Radar,936,169,33,0,1138,0,2,0,0,2,936,171,33,0,1140,0,0,0,1140
11/16/2022,IAH,TX,ASW,CE,Towers with Radar,933,176,33,0,1142,0,6,2,0,8,933,182,35,0,1150,0,0,0,1150
11/17/2022,IAH,TX,ASW,CE,Towers with Radar,919,191,28,0,1138,0,4,3,0,7,919,195,31,0,1145,0,0,0,1145
11/18/2022,IAH,TX,ASW,CE,Towers with Radar,946,184,21,0,1151,0,1,2,0,3,946,185,23,0,1154,0,0,0,1154
11/19/2022,IAH,TX,ASW,CE,Towers with Radar,911,175,11,0,1097,0,0,2,0,2,911,175,13,0,1099,0,0,0,1099
11/20/2022,IAH,TX,ASW,CE,Towers with Radar,932,163,10,0,1105,0,0,0,0,0,932,163,10,0,1105,0,0,0,1105
11/21/2022,IAH,TX,ASW,CE,Towers with Radar,920,162,12,0,1094,0,0,0,0,0,920,162,12,0,1094,0,0,0,1094
11/22/2022,IAH,TX,ASW,CE,Towers with Radar,954,172,13,0,1139,0,2,4,1,7,954,174,17,1,1146,0,0,0,1146
11/23/2022,IAH,TX,ASW,CE,Towers with Radar,955,169,14,0,1138,0,2,0,0,2,955,171,14,0,1140,0,0,0,1140
11/24/2022,IAH,TX,ASW,CE,Towers with Radar,724,123,0,0,847,0,2,0,0,2,724,125,0,0,849,0,0,0,849
11/25/2022,IAH,TX,ASW,CE,Towers with Radar,844,156,4,0,1004,0,4,0,0,4,844,160,4,0,1008,0,0,0,1008
11/26/2022,IAH,TX,ASW,CE,Towers with Radar,949,165,6,0,1120,0,0,0,0,0,949,165,6,0,1120,0,0,0,1120
11/27/2022,IAH,TX,ASW,CE,Towers with Radar,969,168,14,0,1151,0,2,5,0,7,969,170,19,0,1158,0,0,0,1158
11/28/2022,IAH,TX,ASW,CE,Towers with Radar,960,177,33,0,1170,0,0,0,0,0,960,177,33,0,1170,0,0,0,1170
11/29/2022,IAH,TX,ASW,CE,Towers with Radar,922,167,18,0,1107,0,0,6,0,6,922,167,24,0,1113,0,0,0,1113
11/30/2022,IAH,TX,ASW,CE,Towers with Radar,920,153,30,2,1105,0,0,2,2,4,920,153,32,4,1109,0,0,0,1109
12/01/2022,IAH,TX,ASW,CE,Towers with Radar,938,151,32,0,1121,0,0,0,0,0,938,151,32,0,1121,0,0,0,1121
12/02/2022,IAH,TX,ASW,CE,Towers with Radar,947,132,23,0,1102,0,0,0,0,0,947,132,23,0,1102,0,0,0,1102
12/03/2022,IAH,TX,ASW,CE,Towers with Radar,888,138,8,0,1034,0,0,0,0,0,888,138,8,0,1034,0,0,0,1034
12/04/2022,IAH,TX,ASW,CE,Towers with Radar,915,142,17,0,1074,0,0,0,0,0,915,142,17,0,1074,0,0,0,1074
12/05/2022,IAH,TX,ASW,CE,Towers with Radar,935,139,30,1,1105,0,2,3,0,5,935,141,33,1,1110,0,0,0,1110
12/06/2022,IAH,TX,ASW,CE,Towers with Radar,942,147,22,0,1111,0,2,0,0,2,942,149,22,0,1113,0,0,0,1113
12/07/2022,IAH,TX,ASW,CE,Towers with Radar,938,146,23,1,1108,0,0,0,0,0,938,146,23,1,1108,0,0,0,1108
12/08/2022,IAH,TX,ASW,CE,Towers with Radar,949,144,44,0,1137,0,0,2,0,2,949,144,46,0,1139,0,0,0,1139
12/09/2022,IAH,TX,ASW,CE,Towers with Radar,944,141,44,0,1129,0,0,4,2,6,944,141,48,2,1135,0,0,0,1135
12/10/2022,IAH,TX,ASW,CE,Towers with Radar,888,138,14,0,1040,0,2,2,0,4,888,140,16,0,1044,0,0,0,1044
12/11/2022,IAH,TX,ASW,CE,Towers with Radar,913,133,19,0,1065,0,0,0,0,0,913,133,19,0,1065,0,0,0,1065
12/12/2022,IAH,TX,ASW,CE,Towers with Radar,927,145,37,0,1109,0,0,0,0,0,927,145,37,0,1109,0,0,0,1109
12/13/2022,IAH,TX,ASW,CE,Towers with Radar,914,147,26,0,1087,0,7,0,0,7,914,154,26,0,1094,0,0,0,1094
12/14/2022,IAH,TX,ASW,CE,Towers with Radar,945,147,36,0,1128,0,2,2,0,4,945,149,38,0,1132,0,0,0,1132
12/15/2022,IAH,TX,ASW,CE,Towers with Radar,952,164,39,0,1155,0,0,15,0,15,952,164,54,0,1170,0,0,0,1170
12/16/2022,IAH,TX,ASW,CE,Towers with Radar,978,166,27,0,1171,0,2,14,0,16,978,168,41,0,1187,0,0,0,1187
12/17/2022,IAH,TX,ASW,CE,Towers with Radar,951,158,9,0,1118,0,2,2,0,4,951,160,11,0,1122,0,0,0,1122
12/18/2022,IAH,TX,ASW,CE,Towers with Radar,945,144,10,0,1099,0,0,1,0,1,945,144,11,0,1100,0,0,0,1100
12/19/2022,IAH,TX,ASW,CE,Towers with Radar,959,160,19,0,1138,0,0,0,0,0,959,160,19,0,1138,0,0,0,1138
12/20/2022,IAH,TX,ASW,CE,Towers with Radar,967,154,16,0,1137,0,0,1,0,1,967,154,17,0,1138,0,0,0,1138
12/21/2022,IAH,TX,ASW,CE,Towers with Radar,980,158,16,0,1154,0,2,1,0,3,980,160,17,0,1157,0,0,0,1157
12/22/2022,IAH,TX,ASW,CE,Towers with Radar,954,161,17,0,1132,0,4,0,0,4,954,165,17,0,1136,0,0,0,1136
12/23/2022,IAH,TX,ASW,CE,Towers with Radar,847,151,10,0,1008,0,2,0,0,2,847,153,10,0,1010,0,0,0,1010
12/24/2022,IAH,TX,ASW,CE,Towers with Radar,712,131,9,0,852,0,0,3,0,3,712,131,12,0,855,0,0,0,855
12/25/2022,IAH,TX,ASW,CE,Towers with Radar,733,130,4,0,867,0,3,0,0,3,733,133,4,0,870,0,0,0,870
12/26/2022,IAH,TX,ASW,CE,Towers with Radar,822,153,23,0,998,0,0,1,0,1,822,153,24,0,999,0,0,0,999
12/27/2022,IAH,TX,ASW,CE,Towers with Radar,881,157,11,0,1049,0,0,0,1,1,881,157,11,1,1050,0,0,0,1050
12/28/2022,IAH,TX,ASW,CE,Towers with Radar,913,163,3,0,1079,0,0,2,0,2,913,163,5,0,1081,0,0,0,1081
12/29/2022,IAH,TX,ASW,CE,Towers with Radar,905,156,6,0,1067,0,0,0,0,0,905,156,6,0,1067,0,0,0,1067
12/30/2022,IAH,TX,ASW,CE,Towers with Radar,943,161,12,0,1116,0,0,0,0,0,943,161,12,0,1116,0,0,0,1116
12/31/2022,IAH,TX,ASW,CE,Towers with Radar,783,115,9,0,907,0,0,6,0,6,783,115,15,0,913,0,0,0,913
01/01/2023,IAH,TX,ASW,CE,Towers with Radar,827,129,13,0,969,0,0,0,0,0,827,129,13,0,969,0,0,0,969
01/02/2023,IAH,TX,ASW,CE,Towers with Radar,890,148,15,0,1053,0,0,0,0,0,890,148,15,0,1053,0,0,0,1053
01/03/2023,IAH,TX,ASW,CE,Towers with Radar,925,163,19,0,1107,0,0,0,0,0,925,163,19,0,1107,0,0,0,1107
01/04/2023,IAH,TX,ASW,CE,Towers with Radar,914,159,20,0,1093,0,0,12,2,14,914,159,32,2,1107,0,0,0,1107
01/05/2023,IAH,TX,ASW,CE,Towers with Radar,900,152,30,0,1082,0,0,7,2,9,900,152,37,2,1091,0,0,0,1091
01/06/2023,IAH,TX,ASW,CE,Towers with Radar,896,155,17,0,1068,0,0,0,3,3,896,155,17,3,1071,0,0,0,1071
01/07/2023,IAH,TX,ASW,CE,Towers with Radar,860,140,5,0,1005,0,0,2,0,2,860,140,7,0,1007,0,0,0,1007
01/08/2023,IAH,TX,ASW,CE,Towers with Radar,904,146,12,0,1062,0,0,2,2,4,904,146,14,2,1066,0,0,0,1066
01/09/2023,IAH,TX,ASW,CE,Towers with Radar,918,151,25,0,1094,0,6,0,0,6,918,157,25,0,1100,0,0,0,1100
01/10/2023,IAH,TX,ASW,CE,Towers with Radar,916,150,18,0,1084,0,0,0,0,0,916,150,18,0,1084,0,0,0,1084
01/11/2023,IAH,TX,ASW,CE,Towers with Radar,876,141,27,0,1044,0,2,0,0,2,876,143,27,0,1046,0,0,0,1046
01/12/2023,IAH,TX,ASW,CE,Towers with Radar,939,161,36,0,1136,0,0,2,0,2,939,161,38,0,1138,0,0,0,1138
01/13/2023,IAH,TX,ASW,CE,Towers with Radar,948,154,22,0,1124,0,0,15,0,15,948,154,37,0,1139,0,0,0,1139
01/14/2023,IAH,TX,ASW,CE,Towers with Radar,867,149,11,0,1027,0,2,0,0,2,867,151,11,0,1029,0,0,0,1029
01/15/2023,IAH,TX,ASW,CE,Towers with Radar,879,156,16,0,1051,0,0,0,0,0,879,156,16,0,1051,0,0,0,1051
01/16/2023,IAH,TX,ASW,CE,Towers with Radar,916,148,24,0,1088,0,0,1,0,1,916,148,25,0,1089,0,0,0,1089
01/17/2023,IAH,TX,ASW,CE,Towers with Radar,915,152,27,0,1094,0,0,2,0,2,915,152,29,0,1096,0,0,0,1096
01/18/2023,IAH,TX,ASW,CE,Towers with Radar,911,162,15,0,1088,0,0,2,0,2,911,162,17,0,1090,0,0,0,1090
01/19/2023,IAH,TX,ASW,CE,Towers with Radar,923,154,38,0,1115,0,2,1,1,4,923,156,39,1,1119,0,0,0,1119
01/20/2023,IAH,TX,ASW,CE,Towers with Radar,936,154,15,0,1105,0,0,3,1,4,936,154,18,1,1109,0,0,0,1109
01/21/2023,IAH,TX,ASW,CE,Towers with Radar,865,144,14,0,1023,0,0,0,0,0,865,144,14,0,1023,0,0,0,1023
01/22/2023,IAH,TX,ASW,CE,Towers with Radar,897,150,15,0,1062,0,2,2,0,4,897,152,17,0,1066,0,0,0,1066
01/23/2023,IAH,TX,ASW,CE,Towers with Radar,912,161,24,2,1099,0,5,0,0,5,912,166,24,2,1104,0,0,0,1104
01/24/2023,IAH,TX,ASW,CE,Towers with Radar,833,73,16,1,923,0,2,2,0,4,833,75,18,1,927,0,0,0,927
01/25/2023,IAH,TX,ASW,CE,Towers with Radar,910,138,15,0,1063,0,4,0,0,4,910,142,15,0,1067,0,0,0,1067
01/26/2023,IAH,TX,ASW,CE,Towers with Radar,923,166,21,0,1110,0,4,4,0,8,923,170,25,0,1118,0,0,0,1118
01/27/2023,IAH,TX,ASW,CE,Towers with Radar,937,162,28,3,1130,0,2,0,0,2,937,164,28,3,1132,0,0,0,1132
01/28/2023,IAH,TX,ASW,CE,Towers with Radar,876,145,15,0,1036,0,0,0,0,0,876,145,15,0,1036,0,0,0,1036
01/29/2023,IAH,TX,ASW,CE,Towers with Radar,895,148,24,0,1067,0,0,0,0,0,895,148,24,0,1067,0,0,0,1067
01/30/2023,IAH,TX,ASW,CE,Towers with Radar,898,158,22,0,1078,0,0,0,0,0,898,158,22,0,1078,0,0,0,1078
01/31/2023,IAH,TX,ASW,CE,Towers with Radar,860,149,21,0,1030,0,0,0,0,0,860,149,21,0,1030,0,0,0,1030
02/01/2023,IAH,TX,ASW,CE,Towers with Radar,855,154,24,0,1033,0,0,0,0,0,855,154,24,0,1033,0,0,0,1033
02/02/2023,IAH,TX,ASW,CE,Towers with Radar,901,155,28,2,1086,0,0,0,0,0,901,155,28,2,1086,0,0,0,1086
02/03/2023,IAH,TX,ASW,CE,Towers with Radar,945,151,14,0,1110,0,0,3,1,4,945,151,17,1,1114,0,0,0,1114
02/04/2023,IAH,TX,ASW,CE,Towers with Radar,877,151,9,1,1038,0,2,3,0,5,877,153,12,1,1043,0,0,0,1043
02/05/2023,IAH,TX,ASW,CE,Towers with Radar,905,145,16,0,1066,0,2,11,1,14,905,147,27,1,1080,0,0,0,1080
02/06/2023,IAH,TX,ASW,CE,Towers with Radar,921,153,22,0,1096,0,5,6,0,11,921,158,28,0,1107,0,0,0,1107
02/07/2023,IAH,TX,ASW,CE,Towers with Radar,925,148,32,0,1105,0,2,4,0,6,925,150,36,0,1111,0,0,0,1111
02/08/2023,IAH,TX,ASW,CE,Towers with Radar,910,147,32,0,1089,0,0,0,0,0,910,147,32,0,1089,0,0,0,1089
02/09/2023,IAH,TX,ASW,CE,Towers with Radar,921,158,25,0,1104,0,0,0,0,0,921,158,25,0,1104,0,0,0,1104
02/10/2023,IAH,TX,ASW,CE,Towers with Radar,973,163,30,0,1166,0,6,2,0,8,973,169,32,0,1174,0,0,0,1174
02/11/2023,IAH,TX,ASW,CE,Towers with Radar,918,160,4,0,1082,0,0,0,0,0,918,160,4,0,1082,0,0,0,1082
02/12/2023,IAH,TX,ASW,CE,Towers with Radar,916,153,16,0,1085,0,0,0,0,0,916,153,16,0,1085,0,0,0,1085
02/13/2023,IAH,TX,ASW,CE,Towers with Radar,942,156,26,0,1124,0,4,2,0,6,942,160,28,0,1130,0,0,0,1130
02/14/2023,IAH,TX,ASW,CE,Towers with Radar,937,153,32,0,1122,0,2,7,0,9,937,155,39,0,1131,0,0,0,1131
02/15/2023,IAH,TX,ASW,CE,Towers with Radar,955,163,35,0,1153,0,3,0,0,3,955,166,35,0,1156,0,0,0,1156
02/16/2023,IAH,TX,ASW,CE,Towers with Radar,953,151,24,0,1128,0,2,16,0,18,953,153,40,0,1146,0,0,0,1146
02/17/2023,IAH,TX,ASW,CE,Towers with Radar,983,159,23,2,1167,0,2,5,2,9,983,161,28,4,1176,0,0,0,1176
02/18/2023,IAH,TX,ASW,CE,Towers with Radar,913,151,8,0,1072,0,0,1,0,1,913,151,9,0,1073,0,0,0,1073
02/19/2023,IAH,TX,ASW,CE,Towers with Radar,921,159,15,0,1095,0,2,5,1,8,921,161,20,1,1103,0,0,0,1103
02/20/2023,IAH,TX,ASW,CE,Towers with Radar,953,163,19,0,1135,0,0,0,0,0,953,163,19,0,1135,0,0,0,1135
02/21/2023,IAH,TX,ASW,CE,Towers with Radar,951,162,26,0,1139,0,0,3,0,3,951,162,29,0,1142,0,0,0,1142
02/22/2023,IAH,TX,ASW,CE,Towers with Radar,937,160,26,0,1123,0,0,0,0,0,937,160,26,0,1123,0,0,0,1123
02/23/2023,IAH,TX,ASW,CE,Towers with Radar,957,165,30,0,1152,0,5,0,0,5,957,170,30,0,1157,0,0,0,1157
02/24/2023,IAH,TX,ASW,CE,Towers with Radar,979,168,29,0,1176,0,2,0,0,2,979,170,29,0,1178,0,0,0,1178
02/25/2023,IAH,TX,ASW,CE,Towers with Radar,911,153,12,0,1076,0,0,0,0,0,911,153,12,0,1076,0,0,0,1076
02/26/2023,IAH,TX,ASW,CE,Towers with Radar,921,145,11,0,1077,0,2,1,0,3,921,147,12,0,1080,0,0,0,1080
02/27/2023,IAH,TX,ASW,CE,Towers with Radar,952,169,35,0,1156,0,2,5,0,7,952,171,40,0,1163,0,0,0,1163
02/28/2023,IAH,TX,ASW,CE,Towers with Radar,952,158,24,0,1134,0,0,1,0,1,952,158,25,0,1135,0,0,0,1135
03/01/2023,IAH,TX,ASW,CE,Towers with Radar,954,163,23,1,1141,0,0,2,0,2,954,163,25,1,1143,0,0,0,1143
03/02/2023,IAH,TX,ASW,CE,Towers with Radar,975,158,31,1,1165,0,2,0,0,2,975,160,31,1,1167,0,0,0,1167
03/03/2023,IAH,TX,ASW,CE,Towers with Radar,1029,143,14,0,1186,0,0,0,0,0,1029,143,14,0,1186,0,0,0,1186
03/04/2023,IAH,TX,ASW,CE,Towers with Radar,929,132,4,0,1065,0,0,3,0,3,929,132,7,0,1068,0,0,0,1068
03/05/2023,IAH,TX,ASW,CE,Towers with Radar,958,142,14,0,1114,0,0,0,0,0,958,142,14,0,1114,0,0,0,1114
03/06/2023,IAH,TX,ASW,CE,Towers with Radar,1003,146,19,2,1170,0,0,2,0,2,1003,146,21,2,1172,0,0,0,1172
03/07/2023,IAH,TX,ASW,CE,Towers with Radar,986,147,33,0,1166,0,2,1,0,3,986,149,34,0,1169,0,0,0,1169
03/08/2023,IAH,TX,ASW,CE,Towers with Radar,1004,138,33,0,1175,0,0,1,0,1,1004,138,34,0,1176,0,0,0,1176
03/09/2023,IAH,TX,ASW,CE,Towers with Radar,1021,136,27,0,1184,0,2,5,2,9,1021,138,32,2,1193,0,0,0,1193
03/10/2023,IAH,TX,ASW,CE,Towers with Radar,1031,140,21,0,1192,0,0,1,0,1,1031,140,22,0,1193,0,0,0,1193
03/11/2023,IAH,TX,ASW,CE,Towers with Radar,982,134,9,0,1125,0,0,2,0,2,982,134,11,0,1127,0,0,0,1127
03/12/2023,IAH,TX,ASW,CE,Towers with Radar,1001,141,19,1,1162,0,0,4,0,4,1001,141,23,1,1166,0,0,0,1166
03/13/2023,IAH,TX,ASW,CE,Towers with Radar,1019,129,16,1,1165,0,6,1,0,7,1019,135,17,1,1172,0,0,0,1172
03/14/2023,IAH,TX,ASW,CE,Towers with Radar,1002,129,9,0,1140,0,2,4,0,6,1002,131,13,0,1146,0,0,0,1146
03/15/2023,IAH,TX,ASW,CE,Towers with Radar,1012,142,15,0,1169,0,2,2,0,4,1012,144,17,0,1173,0,0,0,1173
03/16/2023,IAH,TX,ASW,CE,Towers with Radar,1031,148,24,0,1203,0,2,2,0,4,1031,150,26,0,1207,0,0,0,1207
03/17/2023,IAH,TX,ASW,CE,Towers with Radar,1054,138,14,0,1206,0,4,0,0,4,1054,142,14,0,1210,0,0,0,1210
03/18/2023,IAH,TX,ASW,CE,Towers with Radar,978,133,23,0,1134,0,2,0,0,2,978,135,23,0,1136,0,0,0,1136
03/19/2023,IAH,TX,ASW,CE,Towers with Radar,1010,134,17,0,1161,0,2,0,0,2,1010,136,17,0,1163,0,0,0,1163
03/20/2023,IAH,TX,ASW,CE,Towers with Radar,1016,146,23,0,1185,0,4,6,0,10,1016,150,29,0,1195,0,0,0,1195
03/21/2023,IAH,TX,ASW,CE,Towers with Radar,1021,140,42,0,1203,0,2,0,0,2,1021,142,42,0,1205,0,0,0,1205
03/22/2023,IAH,TX,ASW,CE,Towers with Radar,998,142,41,0,1181,0,0,2,0,2,998,142,43,0,1183,0,0,0,1183
03/23/2023,IAH,TX,ASW,CE,Towers with Radar,1031,144,28,0,1203,0,0,1,0,1,1031,144,29,0,1204,0,0,0,1204
03/24/2023,IAH,TX,ASW,CE,Towers with Radar,1036,141,6,0,1183,0,0,0,0,0,1036,141,6,0,1183,0,0,0,1183
03/25/2023,IAH,TX,ASW,CE,Towers with Radar,956,137,21,0,1114,0,0,0,0,0,956,137,21,0,1114,0,0,0,1114
03/26/2023,IAH,TX,ASW,CE,Towers with Radar,937,131,14,0,1082,0,0,1,0,1,937,131,15,0,1083,0,0,0,1083
03/27/2023,IAH,TX,ASW,CE,Towers with Radar,983,120,40,0,1143,0,0,1,0,1,983,120,41,0,1144,0,0,0,1144
03/28/2023,IAH,TX,ASW,CE,Towers with Radar,983,124,37,0,1144,0,1,8,0,9,983,125,45,0,1153,0,0,0,1153
03/29/2023,IAH,TX,ASW,CE,Towers with Radar,985,138,34,0,1157,0,2,2,1,5,985,140,36,1,1162,0,0,0,1162
03/30/2023,IAH,TX,ASW,CE,Towers with Radar,978,130,43,0,1151,0,0,0,2,2,978,130,43,2,1153,0,0,0,1153
03/31/2023,IAH,TX,ASW,CE,Towers with Radar,1006,122,18,0,1146,0,1,2,0,3,1006,123,20,0,1149,0,0,0,1149
04/01/2023,IAH,TX,ASW,CE,Towers with Radar,923,134,11,0,1068,0,0,4,0,4,923,134,15,0,1072,0,0,0,1072
04/02/2023,IAH,TX,ASW,CE,Towers with Radar,952,135,14,0,1101,0,2,0,3,5,952,137,14,3,1106,0,0,0,1106
04/03/2023,IAH,TX,ASW,CE,Towers with Radar,986,138,18,0,1142,0,2,1,0,3,986,140,19,0,1145,0,0,0,1145
04/04/2023,IAH,TX,ASW,CE,Towers with Radar,979,134,35,2,1150,0,0,0,0,0,979,134,35,2,1150,0,0,0,1150
04/05/2023,IAH,TX,ASW,CE,Towers with Radar,852,93,22,0,967,0,0,0,0,0,852,93,22,0,967,0,0,0,967
04/06/2023,IAH,TX,ASW,CE,Towers with Radar,949,122,20,0,1091,1,0,0,0,1,950,122,20,0,1092,0,0,0,1092
04/07/2023,IAH,TX,ASW,CE,Towers with Radar,999,135,12,0,1146,0,0,0,0,0,999,135,12,0,1146,0,0,0,1146
04/08/2023,IAH,TX,ASW,CE,Towers with Radar,930,137,3,0,1070,0,0,2,2,4,930,137,5,2,1074,0,0,0,1074
04/09/2023,IAH,TX,ASW,CE,Towers with Radar,934,142,2,0,1078,0,1,3,0,4,934,143,5,0,1082,0,0,0,1082
04/10/2023,IAH,TX,ASW,CE,Towers with Radar,974,137,26,0,1137,0,4,0,0,4,974,141,26,0,1141,0,0,0,1141
04/11/2023,IAH,TX,ASW,CE,Towers with Radar,968,132,36,0,1136,0,2,0,0,2,968,134,36,0,1138,0,0,0,1138
04/12/2023,IAH,TX,ASW,CE,Towers with Radar,971,143,32,0,1146,0,0,0,0,0,971,143,32,0,1146,0,0,0,1146
04/13/2023,IAH,TX,ASW,CE,Towers with Radar,974,140,27,0,1141,0,0,1,0,1,974,140,28,0,1142,0,0,0,1142
04/14/2023,IAH,TX,ASW,CE,Towers with Radar,994,137,18,0,1149,0,7,0,4,11,994,144,18,4,1160,0,0,0,1160
04/15/2023,IAH,TX,ASW,CE,Towers with Radar,907,127,10,1,1045,0,0,2,1,3,907,127,12,2,1048,0,0,0,1048
04/16/2023,IAH,TX,ASW,CE,Towers with Radar,946,136,21,0,1103,0,2,1,0,3,946,138,22,0,1106,0,0,0,1106
04/17/2023,IAH,TX,ASW,CE,Towers with Radar,982,141,23,0,1146,0,0,4,0,4,982,141,27,0,1150,0,0,0,1150
04/18/2023,IAH,TX,ASW,CE,Towers with Radar,980,134,27,0,1141,0,0,4,0,4,980,134,31,0,1145,0,0,0,1145
04/19/2023,IAH,TX,ASW,CE,Towers with Radar,978,138,20,0,1136,0,0,8,0,8,978,138,28,0,1144,0,0,0,1144
04/20/2023,IAH,TX,ASW,CE,Towers with Radar,957,134,30,0,1121,0,0,0,0,0,957,134,30,0,1121,0,0,0,1121
04/21/2023,IAH,TX,ASW,CE,Towers with Radar,1014,143,17,0,1174,0,0,0,0,0,1014,143,17,0,1174,0,0,0,1174
04/22/2023,IAH,TX,ASW,CE,Towers with Radar,922,131,15,0,1068,0,2,2,0,4,922,133,17,0,1072,0,0,0,1072
04/23/2023,IAH,TX,ASW,CE,Towers with Radar,963,134,20,0,1117,0,0,0,0,0,963,134,20,0,1117,0,0,0,1117
04/24/2023,IAH,TX,ASW,CE,Towers with Radar,998,142,25,0,1165,0,1,5,0,6,998,143,30,0,1171,0,0,0,1171
04/25/2023,IAH,TX,ASW,CE,Towers with Radar,969,134,20,0,1123,0,0,1,0,1,969,134,21,0,1124,0,0,0,1124
04/26/2023,IAH,TX,ASW,CE,Towers with Radar,981,139,29,0,1149,0,0,0,1,1,981,139,29,1,1150,0,0,0,1150
04/27/2023,IAH,TX,ASW,CE,Towers with Radar,1002,149,41,0,1192,0,0,0,2,2,1002,149,41,2,1194,0,0,0,1194
04/28/2023,IAH,TX,ASW,CE,Towers with Radar,1004,143,23,0,1170,0,0,2,0,2,1004,143,25,0,1172,0,0,0,1172
04/29/2023,IAH,TX,ASW,CE,Towers with Radar,961,137,9,0,1107,0,0,0,0,0,961,137,9,0,1107,0,0,0,1107
04/30/2023,IAH,TX,ASW,CE,Towers with Radar,946,136,23,0,1105,0,0,0,2,2,946,136,23,2,1107,0,0,0,1107
05/01/2023,IAH,TX,ASW,CE,Towers with Radar,998,141,23,0,1162,0,2,7,1,10,998,143,30,1,1172,0,0,0,1172
05/02/2023,IAH,TX,ASW,CE,Towers with Radar,981,135,27,1,1144,0,0,2,0,2,981,135,29,1,1146,0,0,0,1146
05/03/2023,IAH,TX,ASW,CE,Towers with Radar,980,145,28,0,1153,0,0,0,0,0,980,145,28,0,1153,0,0,0,1153
05/04/2023,IAH,TX,ASW,CE,Towers with Radar,999,137,27,1,1164,0,0,3,0,3,999,137,30,1,1167,0,0,0,1167
05/05/2023,IAH,TX,ASW,CE,Towers with Radar,1022,120,20,0,1162,0,2,0,0,2,1022,122,20,0,1164,0,0,0,1164
05/06/2023,IAH,TX,ASW,CE,Towers with Radar,980,121,7,0,1108,0,0,0,1,1,980,121,7,1,1109,0,0,0,1109
05/07/2023,IAH,TX,ASW,CE,Towers with Radar,1005,132,12,0,1149,0,2,0,0,2,1005,134,12,0,1151,0,0,0,1151
05/08/2023,IAH,TX,ASW,CE,Towers with Radar,963,117,29,0,1109,0,2,1,0,3,963,119,30,0,1112,0,0,0,1112
05/09/2023,IAH,TX,ASW,CE,Towers with Radar,976,112,23,0,1111,0,0,0,0,0,976,112,23,0,1111,0,0,0,1111
05/10/2023,IAH,TX,ASW,CE,Towers with Radar,990,148,40,0,1178,0,0,0,0,0,990,148,40,0,1178,0,0,0,1178
05/11/2023,IAH,TX,ASW,CE,Towers with Radar,1038,134,40,0,1212,0,0,12,0,12,1038,134,52,0,1224,0,0,0,1224
05/12/2023,IAH,TX,ASW,CE,Towers with Radar,1021,129,20,0,1170,0,0,0,0,0,1021,129,20,0,1170,0,0,0,1170
05/13/2023,IAH,TX,ASW,CE,Towers with Radar,932,130,6,0,1068,0,0,0,0,0,932,130,6,0,1068,0,0,0,1068
05/14/2023,IAH,TX,ASW,CE,Towers with Radar,784,67,14,0,865,0,0,2,0,2,784,67,16,0,867,0,0,0,867
05/15/2023,IAH,TX,ASW,CE,Towers with Radar,1013,113,21,1,1148,0,2,0,0,2,1013,115,21,1,1150,0,0,0,1150
05/16/2023,IAH,TX,ASW,CE,Towers with Radar,1018,131,31,0,1180,0,2,4,0,6,1018,133,35,0,1186,0,0,0,1186
05/17/2023,IAH,TX,ASW,CE,Towers with Radar,1027,140,23,0,1190,0,5,3,0,8,1027,145,26,0,1198,0,0,0,1198
05/18/2023,IAH,TX,ASW,CE,Towers with Radar,1046,140,26,0,1212,0,0,0,0,0,1046,140,26,0,1212,0,0,0,1212
05/19/2023,IAH,TX,ASW,CE,Towers with Radar,1060,131,19,0,1210,1,0,0,0,1,1061,131,19,0,1211,0,0,0,1211
05/20/2023,IAH,TX,ASW,CE,Towers with Radar,953,127,6,0,1086,0,0,2,0,2,953,127,8,0,1088,0,0,0,1088
05/21/2023,IAH,TX,ASW,CE,Towers with Radar,996,129,12,5,1142,0,0,0,0,0,996,129,12,5,1142,0,0,0,1142
05/22/2023,IAH,TX,ASW,CE,Towers with Radar,1032,133,32,0,1197,0,0,4,1,5,1032,133,36,1,1202,0,0,0,1202
05/23/2023,IAH,TX,ASW,CE,Towers with Radar,1021,140,18,0,1179,0,0,0,0,0,1021,140,18,0,1179,0,0,0,1179
05/24/2023,IAH,TX,ASW,CE,Towers with Radar,1034,142,31,0,1207,0,2,3,0,5,1034,144,34,0,1212,0,0,0,1212
05/25/2023,IAH,TX,ASW,CE,Towers with Radar,1046,141,37,0,1224,0,0,4,0,4,1046,141,41,0,1228,0,0,0,1228
05/26/2023,IAH,TX,ASW,CE,Towers with Radar,1034,140,22,0,1196,0,0,6,0,6,1034,140,28,0,1202,0,0,0,1202
05/27/2023,IAH,TX,ASW,CE,Towers with Radar,939,127,4,0,1070,0,0,0,0,0,939,127,4,0,1070,0,0,0,1070
05/28/2023,IAH,TX,ASW,CE,Towers with Radar,984,118,8,0,1110,0,2,0,0,2,984,120,8,0,1112,0,0,0,1112
05/29/2023,IAH,TX,ASW,CE,Towers with Radar,1018,132,12,0,1162,0,2,0,0,2,1018,134,12,0,1164,0,0,0,1164
05/30/2023,IAH,TX,ASW,CE,Towers with Radar,1003,130,14,0,1147,0,0,0,0,0,1003,130,14,0,1147,0,0,0,1147
05/31/2023,IAH,TX,ASW,CE,Towers with Radar,1035,130,18,0,1183,0,0,5,0,5,1035,130,23,0,1188,0,0,0,1188
06/01/2023,IAH,TX,ASW,CE,Towers with Radar,1047,127,23,0,1197,0,0,2,0,2,1047,127,25,0,1199,0,0,0,1199
06/02/2023,IAH,TX,ASW,CE,Towers with Radar,1058,121,9,0,1188,0,0,0,0,0,1058,121,9,0,1188,0,0,0,1188
06/03/2023,IAH,TX,ASW,CE,Towers with Radar,979,142,13,0,1134,0,0,0,2,2,979,142,13,2,1136,0,0,0,1136
06/04/2023,IAH,TX,ASW,CE,Towers with Radar,1022,146,7,0,1175,0,0,0,0,0,1022,146,7,0,1175,0,0,0,1175
06/05/2023,IAH,TX,ASW,CE,Towers with Radar,1049,161,25,0,1235,0,2,0,2,4,1049,163,25,2,1239,0,0,0,1239
06/06/2023,IAH,TX,ASW,CE,Towers with Radar,1040,157,34,0,1231,0,0,0,0,0,1040,157,34,0,1231,0,0,0,1231
06/07/2023,IAH,TX,ASW,CE,Towers with Radar,1050,153,32,0,1235,0,0,0,0,0,1050,153,32,0,1235,0,0,0,1235
06/08/2023,IAH,TX,ASW,CE,Towers with Radar,1053,144,36,0,1233,0,0,2,0,2,1053,144,38,0,1235,0,0,0,1235
06/09/2023,IAH,TX,ASW,CE,Towers with Radar,1071,151,16,0,1238,0,0,4,0,4,1071,151,20,0,1242,0,0,0,1242
06/10/2023,IAH,TX,ASW,CE,Towers with Radar,959,138,12,0,1109,0,0,0,0,0,959,138,12,0,1109,0,0,0,1109
06/11/2023,IAH,TX,ASW,CE,Towers with Radar,1026,146,14,0,1186,0,0,0,0,0,1026,146,14,0,1186,0,0,0,1186
06/12/2023,IAH,TX,ASW,CE,Towers with Radar,1063,145,18,0,1226,0,2,0,1,3,1063,147,18,1,1229,0,0,0,1229
06/13/2023,IAH,TX,ASW,CE,Towers with Radar,1052,148,33,0,1233,0,2,4,0,6,1052,150,37,0,1239,0,0,0,1239
06/14/2023,IAH,TX,ASW,CE,Towers with Radar,1044,144,21,2,1211,0,0,2,0,2,1044,144,23,2,1213,0,0,0,1213
06/15/2023,IAH,TX,ASW,CE,Towers with Radar,1056,144,38,0,1238,0,0,2,0,2,1056,144,40,0,1240,0,0,0,1240
06/16/2023,IAH,TX,ASW,CE,Towers with Radar,1066,144,12,0,1222,0,2,2,0,4,1066,146,14,0,1226,0,0,0,1226
06/17/2023,IAH,TX,ASW,CE,Towers with Radar,981,142,11,0,1134,0,0,3,0,3,981,142,14,0,1137,0,0,0,1137
06/18/2023,IAH,TX,ASW,CE,Towers with Radar,1029,141,12,0,1182,0,2,0,0,2,1029,143,12,0,1184,0,0,0,1184
06/19/2023,IAH,TX,ASW,CE,Towers with Radar,1047,152,27,0,1226,0,4,2,0,6,1047,156,29,0,1232,0,0,0,1232
06/20/2023,IAH,TX,ASW,CE,Towers with Radar,1041,153,37,0,1231,0,0,0,0,0,1041,153,37,0,1231,0,0,0,1231
06/21/2023,IAH,TX,ASW,CE,Towers with Radar,983,150,30,0,1163,0,0,1,0,1,983,150,31,0,1164,0,0,0,1164
06/22/2023,IAH,TX,ASW,CE,Towers with Radar,1064,153,23,0,1240,0,0,0,0,0,1064,153,23,0,1240,0,0,0,1240
06/23/2023,IAH,TX,ASW,CE,Towers with Radar,1073,152,13,0,1238,0,1,2,1,4,1073,153,15,1,1242,0,0,0,1242
06/24/2023,IAH,TX,ASW,CE,Towers with Radar,989,144,11,0,1144,0,0,3,0,3,989,144,14,0,1147,0,0,0,1147
06/25/2023,IAH,TX,ASW,CE,Towers with Radar,970,156,17,0,1143,0,2,2,1,5,970,158,19,1,1148,0,0,0,1148
06/26/2023,IAH,TX,ASW,CE,Towers with Radar,978,140,26,0,1144,0,1,0,0,1,978,141,26,0,1145,0,0,0,1145
06/27/2023,IAH,TX,ASW,CE,Towers with Radar,923,148,26,0,1097,0,0,0,0,0,923,148,26,0,1097,0,0,0,1097
06/28/2023,IAH,TX,ASW,CE,Towers with Radar,924,151,35,0,1110,0,0,4,0,4,924,151,39,0,1114,0,0,0,1114
06/29/2023,IAH,TX,ASW,CE,Towers with Radar,984,151,29,0,1164,0,0,6,0,6,984,151,35,0,1170,0,0,0,1170
06/30/2023,IAH,TX,ASW,CE,Towers with Radar,1037,150,15,0,1202,0,0,0,0,0,1037,150,15,0,1202,0,0,0,1202
07/01/2023,IAH,TX,ASW,CE,Towers with Radar,986,144,13,0,1143,0,2,2,0,4,986,146,15,0,1147,0,0,0,1147
07/02/2023,IAH,TX,ASW,CE,Towers with Radar,966,137,5,0,1108,0,0,0,0,0,966,137,5,0,1108,0,0,0,1108
07/03/2023,IAH,TX,ASW,CE,Towers with Radar,974,135,7,0,1116,0,0,0,1,1,974,135,7,1,1117,0,0,0,1117
07/04/2023,IAH,TX,ASW,CE,Towers with Radar,896,120,5,0,1021,0,2,0,0,2,896,122,5,0,1023,0,0,0,1023
07/05/2023,IAH,TX,ASW,CE,Towers with Radar,998,153,9,0,1160,0,2,0,0,2,998,155,9,0,1162,0,0,0,1162
07/06/2023,IAH,TX,ASW,CE,Towers with Radar,998,144,32,0,1174,0,0,1,1,2,998,144,33,1,1176,0,0,0,1176
07/07/2023,IAH,TX,ASW,CE,Towers with Radar,1058,146,21,0,1225,0,0,1,0,1,1058,146,22,0,1226,0,0,0,1226
07/08/2023,IAH,TX,ASW,CE,Towers with Radar,986,148,12,0,1146,0,4,0,0,4,986,152,12,0,1150,0,0,0,1150
07/09/2023,IAH,TX,ASW,CE,Towers with Radar,989,136,20,0,1145,0,0,0,0,0,989,136,20,0,1145,0,0,0,1145
07/10/2023,IAH,TX,ASW,CE,Towers with Radar,1042,143,35,0,1220,0,0,3,1,4,1042,143,38,1,1224,0,0,0,1224
07/11/2023,IAH,TX,ASW,CE,Towers with Radar,1032,146,28,0,1206,0,1,0,0,1,1032,147,28,0,1207,0,0,0,1207
07/12/2023,IAH,TX,ASW,CE,Towers with Radar,1050,159,22,0,1231,0,2,1,0,3,1050,161,23,0,1234,0,0,0,1234
07/13/2023,IAH,TX,ASW,CE,Towers with Radar,1076,148,24,0,1248,0,0,1,0,1,1076,148,25,0,1249,0,0,0,1249
07/14/2023,IAH,TX,ASW,CE,Towers with Radar,1051,148,13,0,1212,0,4,1,0,5,1051,152,14,0,1217,0,0,0,1217
07/15/2023,IAH,TX,ASW,CE,Towers with Radar,976,141,14,0,1131,0,2,4,2,8,976,143,18,2,1139,0,0,0,1139
07/16/2023,IAH,TX,ASW,CE,Towers with Radar,1005,141,16,0,1162,0,3,2,0,5,1005,144,18,0,1167,0,0,0,1167
07/17/2023,IAH,TX,ASW,CE,Towers with Radar,1048,141,31,0,1220,0,3,5,0,8,1048,144,36,0,1228,0,0,0,1228
07/18/2023,IAH,TX,ASW,CE,Towers with Radar,1021,144,38,0,1203,0,0,8,0,8,1021,144,46,0,1211,0,0,0,1211
07/19/2023,IAH,TX,ASW,CE,Towers with Radar,1058,149,21,2,1230,0,0,1,0,1,1058,149,22,2,1231,0,0,0,1231
07/20/2023,IAH,TX,ASW,CE,Towers with Radar,1056,145,30,0,1231,0,0,2,0,2,1056,145,32,0,1233,0,0,0,1233
07/21/2023,IAH,TX,ASW,CE,Towers with Radar,1047,147,18,0,1212,0,2,3,1,6,1047,149,21,1,1218,0,0,0,1218
07/22/2023,IAH,TX,ASW,CE,Towers with Radar,1002,136,10,0,1148,0,2,0,1,3,1002,138,10,1,1151,0,0,0,1151
07/23/2023,IAH,TX,ASW,CE,Towers with Radar,1023,145,17,0,1185,0,2,2,1,5,1023,147,19,1,1190,0,0,0,1190
07/24/2023,IAH,TX,ASW,CE,Towers with Radar,1062,148,29,0,1239,0,0,3,0,3,1062,148,32,0,1242,0,0,0,1242
07/25/2023,IAH,TX,ASW,CE,Towers with Radar,1020,149,47,0,1216,0,0,0,1,1,1020,149,47,1,1217,0,0,0,1217
07/26/2023,IAH,TX,ASW,CE,Towers with Radar,1040,156,18,0,1214,0,0,0,0,0,1040,156,18,0,1214,0,0,0,1214
07/27/2023,IAH,TX,ASW,CE,Towers with Radar,1074,157,30,0,1261,0,0,3,0,3,1074,157,33,0,1264,0,0,0,1264
07/28/2023,IAH,TX,ASW,CE,Towers with Radar,1056,145,21,0,1222,0,2,10,0,12,1056,147,31,0,1234,0,0,0,1234
07/29/2023,IAH,TX,ASW,CE,Towers with Radar,975,140,4,0,1119,0,0,4,0,4,975,140,8,0,1123,0,0,0,1123
07/30/2023,IAH,TX,ASW,CE,Towers with Radar,1008,146,13,1,1168,0,0,2,0,2,1008,146,15,1,1170,0,0,0,1170
07/31/2023,IAH,TX,ASW,CE,Towers with Radar,1042,145,15,0,1202,0,4,3,0,7,1042,149,18,0,1209,0,0,0,1209
08/01/2023,IAH,TX,ASW,CE,Towers with Radar,1062,123,17,0,1202,0,0,2,0,2,1062,123,19,0,1204,0,0,0,1204
08/02/2023,IAH,TX,ASW,CE,Towers with Radar,1058,134,15,0,1207,0,2,1,0,3,1058,136,16,0,1210,0,0,0,1210
08/03/2023,IAH,TX,ASW,CE,Towers with Radar,1067,140,25,0,1232,0,0,4,2,6,1067,140,29,2,1238,0,0,0,1238
08/04/2023,IAH,TX,ASW,CE,Towers with Radar,1070,132,16,0,1218,0,0,0,0,0,1070,132,16,0,1218,0,0,0,1218
08/05/2023,IAH,TX,ASW,CE,Towers with Radar,984,128,7,0,1119,0,1,1,0,2,984,129,8,0,1121,0,0,0,1121
08/06/2023,IAH,TX,ASW,CE,Towers with Radar,1024,123,16,0,1163,0,0,1,2,3,1024,123,17,2,1166,0,0,0,1166
08/07/2023,IAH,TX,ASW,CE,Towers with Radar,1042,134,13,0,1189,0,0,0,0,0,1042,134,13,0,1189,0,0,0,1189
08/08/2023,IAH,TX,ASW,CE,Towers with Radar,1050,131,19,0,1200,0,0,0,0,0,1050,131,19,0,1200,0,0,0,1200
08/09/2023,IAH,TX,ASW,CE,Towers with Radar,1056,139,25,0,1220,0,0,2,0,2,1056,139,27,0,1222,0,0,0,1222
08/10/2023,IAH,TX,ASW,CE,Towers with Radar,1068,140,21,0,1229,0,0,4,2,6,1068,140,25,2,1235,0,0,0,1235
08/11/2023,IAH,TX,ASW,CE,Towers with Radar,1063,133,10,0,1206,0,0,2,0,2,1063,133,12,0,1208,0,0,0,1208
08/12/2023,IAH,TX,ASW,CE,Towers with Radar,996,125,4,0,1125,0,0,5,0,5,996,125,9,0,1130,0,0,0,1130
08/13/2023,IAH,TX,ASW,CE,Towers with Radar,1021,129,11,0,1161,0,0,0,0,0,1021,129,11,0,1161,0,0,0,1161
08/14/2023,IAH,TX,ASW,CE,Towers with Radar,1031,127,31,0,1189,0,0,4,1,5,1031,127,35,1,1194,0,0,0,1194
08/15/2023,IAH,TX,ASW,CE,Towers with Radar,1054,124,22,0,1200,0,0,0,0,0,1054,124,22,0,1200,0,0,0,1200
08/16/2023,IAH,TX,ASW,CE,Towers with Radar,1045,126,15,0,1186,0,6,1,4,11,1045,132,16,4,1197,0,0,0,1197
08/17/2023,IAH,TX,ASW,CE,Towers with Radar,1046,134,23,0,1203,0,0,5,0,5,1046,134,28,0,1208,0,0,0,1208
08/18/2023,IAH,TX,ASW,CE,Towers with Radar,1018,139,21,0,1178,0,0,1,1,2,1018,139,22,1,1180,0,0,0,1180
08/19/2023,IAH,TX,ASW,CE,Towers with Radar,987,127,12,0,1126,0,0,1,0,1,987,127,13,0,1127,0,0,0,1127
08/20/2023,IAH,TX,ASW,CE,Towers with Radar,1019,122,9,0,1150,0,0,0,0,0,1019,122,9,0,1150,0,0,0,1150
08/21/2023,IAH,TX,ASW,CE,Towers with Radar,1028,128,19,0,1175,0,0,2,0,2,1028,128,21,0,1177,0,0,0,1177
08/22/2023,IAH,TX,ASW,CE,Towers with Radar,1037,117,23,0,1177,0,2,8,0,10,1037,119,31,0,1187,0,0,0,1187
08/23/2023,IAH,TX,ASW,CE,Towers with Radar,1042,136,22,2,1202,0,2,7,1,10,1042,138,29,3,1212,0,0,0,1212
08/24/2023,IAH,TX,ASW,CE,Towers with Radar,1052,153,41,2,1248,0,0,6,0,6,1052,153,47,2,1254,0,0,0,1254
08/25/2023,IAH,TX,ASW,CE,Towers with Radar,1042,141,18,1,1202,0,0,1,0,1,1042,141,19,1,1203,0,0,0,1203
08/26/2023,IAH,TX,ASW,CE,Towers with Radar,972,121,9,0,1102,0,2,0,0,2,972,123,9,0,1104,0,0,0,1104
08/27/2023,IAH,TX,ASW,CE,Towers with Radar,1020,128,11,1,1160,0,2,1,0,3,1020,130,12,1,1163,0,0,0,1163
08/28/2023,IAH,TX,ASW,CE,Towers with Radar,1052,124,23,2,1201,0,1,0,0,1,1052,125,23,2,1202,0,0,0,1202
08/29/2023,IAH,TX,ASW,CE,Towers with Radar,1039,119,18,0,1176,0,3,4,0,7,1039,122,22,0,1183,0,0,0,1183
08/30/2023,IAH,TX,ASW,CE,Towers with Radar,1023,132,17,0,1172,0,0,4,0,4,1023,132,21,0,1176,0,0,0,1176
08/31/2023,IAH,TX,ASW,CE,Towers with Radar,1055,138,29,0,1222,0,4,3,0,7,1055,142,32,0,1229,0,0,0,1229
01/01/2020,IAH,TX,ASW,CE,Towers with Radar,1036,199,6,0,1241,0,2,2,0,4,1036,201,8,0,1245,0,0,0,1245
01/02/2020,IAH,TX,ASW,CE,Towers with Radar,1126,237,18,0,1381,0,0,0,0,0,1126,237,18,0,1381,0,0,0,1381
01/03/2020,IAH,TX,ASW,CE,Towers with Radar,1147,245,17,0,1409,0,2,0,0,2,1147,247,17,0,1411,0,0,0,1411
01/04/2020,IAH,TX,ASW,CE,Towers with Radar,1096,215,12,0,1323,0,2,2,0,4,1096,217,14,0,1327,0,0,0,1327
01/05/2020,IAH,TX,ASW,CE,Towers with Radar,1124,231,12,0,1367,0,0,2,0,2,1124,231,14,0,1369,0,0,0,1369
01/06/2020,IAH,TX,ASW,CE,Towers with Radar,1083,229,27,0,1339,0,1,4,0,5,1083,230,31,0,1344,0,0,0,1344
01/07/2020,IAH,TX,ASW,CE,Towers with Radar,1064,218,27,0,1309,0,0,3,0,3,1064,218,30,0,1312,0,0,0,1312
01/08/2020,IAH,TX,ASW,CE,Towers with Radar,1050,222,14,0,1286,0,1,6,0,7,1050,223,20,0,1293,0,0,0,1293
01/09/2020,IAH,TX,ASW,CE,Towers with Radar,1078,236,24,0,1338,0,2,2,0,4,1078,238,26,0,1342,0,0,0,1342
01/10/2020,IAH,TX,ASW,CE,Towers with Radar,1053,227,18,0,1298,0,0,0,0,0,1053,227,18,0,1298,0,0,0,1298
01/11/2020,IAH,TX,ASW,CE,Towers with Radar,887,186,8,0,1081,0,0,0,0,0,887,186,8,0,1081,0,0,0,1081
01/12/2020,IAH,TX,ASW,CE,Towers with Radar,1037,248,19,0,1304,0,1,0,0,1,1037,249,19,0,1305,0,0,0,1305
01/13/2020,IAH,TX,ASW,CE,Towers with Radar,1058,219,25,0,1302,0,0,0,0,0,1058,219,25,0,1302,0,0,0,1302
01/14/2020,IAH,TX,ASW,CE,Towers with Radar,1043,224,33,0,1300,0,0,1,0,1,1043,224,34,0,1301,0,0,0,1301
01/15/2020,IAH,TX,ASW,CE,Towers with Radar,1046,223,28,0,1297,0,0,0,0,0,1046,223,28,0,1297,0,0,0,1297
01/16/2020,IAH,TX,ASW,CE,Towers with Radar,1074,238,23,0,1335,0,0,0,0,0,1074,238,23,0,1335,0,0,0,1335
01/17/2020,IAH,TX,ASW,CE,Towers with Radar,1055,226,21,0,1302,0,0,0,0,0,1055,226,21,0,1302,0,0,0,1302
01/18/2020,IAH,TX,ASW,CE,Towers with Radar,857,162,12,0,1031,1,0,1,2,4,858,162,13,2,1035,0,0,0,1035
01/19/2020,IAH,TX,ASW,CE,Towers with Radar,992,200,19,0,1211,0,0,3,0,3,992,200,22,0,1214,0,0,0,1214
01/20/2020,IAH,TX,ASW,CE,Towers with Radar,1045,233,12,0,1290,0,0,5,0,5,1045,233,17,0,1295,0,0,0,1295
01/21/2020,IAH,TX,ASW,CE,Towers with Radar,1040,225,19,0,1284,0,0,4,0,4,1040,225,23,0,1288,0,0,0,1288
01/22/2020,IAH,TX,ASW,CE,Towers with Radar,1044,226,24,0,1294,0,0,0,0,0,1044,226,24,0,1294,0,0,0,1294
01/23/2020,IAH,TX,ASW,CE,Towers with Radar,1071,242,28,0,1341,0,0,0,0,0,1071,242,28,0,1341,0,0,0,1341
01/24/2020,IAH,TX,ASW,CE,Towers with Radar,1070,232,20,2,1324,0,1,1,0,2,1070,233,21,2,1326,0,0,0,1326
01/25/2020,IAH,TX,ASW,CE,Towers with Radar,893,171,10,0,1074,0,4,0,0,4,893,175,10,0,1078,0,0,0,1078
01/26/2020,IAH,TX,ASW,CE,Towers with Radar,1020,243,14,0,1277,0,0,3,2,5,1020,243,17,2,1282,0,0,0,1282
01/27/2020,IAH,TX,ASW,CE,Towers with Radar,1055,226,22,0,1303,0,0,0,0,0,1055,226,22,0,1303,0,0,0,1303
01/28/2020,IAH,TX,ASW,CE,Towers with Radar,1038,227,32,0,1297,0,0,2,0,2,1038,227,34,0,1299,0,0,0,1299
01/29/2020,IAH,TX,ASW,CE,Towers with Radar,1065,227,25,0,1317,0,2,4,1,7,1065,229,29,1,1324,0,0,0,1324
01/30/2020,IAH,TX,ASW,CE,Towers with Radar,1077,234,26,0,1337,0,3,5,0,8,1077,237,31,0,1345,0,0,0,1345
01/31/2020,IAH,TX,ASW,CE,Towers with Radar,1062,242,11,0,1315,0,2,2,0,4,1062,244,13,0,1319,0,0,0,1319
02/01/2020,IAH,TX,ASW,CE,Towers with Radar,880,174,3,0,1057,0,0,0,0,0,880,174,3,0,1057,0,0,0,1057
02/02/2020,IAH,TX,ASW,CE,Towers with Radar,1012,241,7,0,1260,0,3,0,0,3,1012,244,7,0,1263,0,0,0,1263
02/03/2020,IAH,TX,ASW,CE,Towers with Radar,1056,246,17,0,1319,0,1,4,0,5,1056,247,21,0,1324,0,0,0,1324
02/04/2020,IAH,TX,ASW,CE,Towers with Radar,1051,224,38,0,1313,0,0,0,0,0,1051,224,38,0,1313,0,0,0,1313
02/05/2020,IAH,TX,ASW,CE,Towers with Radar,1037,230,25,0,1292,0,0,1,0,1,1037,230,26,0,1293,0,0,0,1293
02/06/2020,IAH,TX,ASW,CE,Towers with Radar,1066,240,25,0,1331,0,2,0,2,4,1066,242,25,2,1335,0,0,0,1335
02/07/2020,IAH,TX,ASW,CE,Towers with Radar,1058,237,31,0,1326,0,0,0,0,0,1058,237,31,0,1326,0,0,0,1326
02/08/2020,IAH,TX,ASW,CE,Towers with Radar,901,171,9,0,1081,0,4,3,0,7,901,175,12,0,1088,0,0,0,1088
02/09/2020,IAH,TX,ASW,CE,Towers with Radar,1022,234,15,0,1271,0,0,0,0,0,1022,234,15,0,1271,0,0,0,1271
02/10/2020,IAH,TX,ASW,CE,Towers with Radar,1067,234,26,0,1327,0,0,0,0,0,1067,234,26,0,1327,0,0,0,1327
02/11/2020,IAH,TX,ASW,CE,Towers with Radar,1049,224,17,0,1290,0,0,0,0,0,1049,224,17,0,1290,0,0,0,1290
02/12/2020,IAH,TX,ASW,CE,Towers with Radar,1054,235,30,0,1319,0,0,0,0,0,1054,235,30,0,1319,0,0,0,1319
02/13/2020,IAH,TX,ASW,CE,Towers with Radar,1043,309,28,0,1380,0,2,4,0,6,1043,311,32,0,1386,0,0,0,1386
02/14/2020,IAH,TX,ASW,CE,Towers with Radar,1046,324,20,1,1391,0,0,9,1,10,1046,324,29,2,1401,0,0,0,1401
02/15/2020,IAH,TX,ASW,CE,Towers with Radar,893,223,13,0,1129,0,2,0,0,2,893,225,13,0,1131,0,0,0,1131
02/16/2020,IAH,TX,ASW,CE,Towers with Radar,989,300,21,0,1310,0,1,9,0,10,989,301,30,0,1320,0,0,0,1320
02/17/2020,IAH,TX,ASW,CE,Towers with Radar,1030,338,21,1,1390,0,2,0,0,2,1030,340,21,1,1392,0,0,0,1392
02/18/2020,IAH,TX,ASW,CE,Towers with Radar,1047,330,29,0,1406,0,0,0,0,0,1047,330,29,0,1406,0,0,0,1406
02/19/2020,IAH,TX,ASW,CE,Towers with Radar,1039,331,30,0,1400,0,0,0,0,0,1039,331,30,0,1400,0,0,0,1400
02/20/2020,IAH,TX,ASW,CE,Towers with Radar,1057,333,25,0,1415,0,0,2,0,2,1057,333,27,0,1417,0,0,0,1417
02/21/2020,IAH,TX,ASW,CE,Towers with Radar,1051,341,23,1,1416,0,2,2,0,4,1051,343,25,1,1420,0,0,0,1420
02/22/2020,IAH,TX,ASW,CE,Towers with Radar,900,235,10,1,1146,0,0,2,0,2,900,235,12,1,1148,0,0,0,1148
02/23/2020,IAH,TX,ASW,CE,Towers with Radar,1004,320,17,2,1343,0,4,2,0,6,1004,324,19,2,1349,0,0,0,1349
02/24/2020,IAH,TX,ASW,CE,Towers with Radar,1038,331,26,0,1395,0,4,0,0,4,1038,335,26,0,1399,0,0,0,1399
02/25/2020,IAH,TX,ASW,CE,Towers with Radar,1030,338,29,0,1397,0,3,5,0,8,1030,341,34,0,1405,0,0,0,1405
02/26/2020,IAH,TX,ASW,CE,Towers with Radar,1045,328,14,0,1387,0,0,0,0,0,1045,328,14,0,1387,0,0,0,1387
02/27/2020,IAH,TX,ASW,CE,Towers with Radar,1042,339,26,0,1407,0,2,2,0,4,1042,341,28,0,1411,0,0,0,1411
02/28/2020,IAH,TX,ASW,CE,Towers with Radar,1053,329,26,0,1408,0,0,0,1,1,1053,329,26,1,1409,0,0,0,1409
02/29/2020,IAH,TX,ASW,CE,Towers with Radar,894,228,6,0,1128,0,2,2,0,4,894,230,8,0,1132,0,0,0,1132
03/01/2020,IAH,TX,ASW,CE,Towers with Radar,1007,317,16,0,1340,0,0,0,0,0,1007,317,16,0,1340,0,0,0,1340
03/02/2020,IAH,TX,ASW,CE,Towers with Radar,1034,319,28,1,1382,1,0,0,0,1,1035,319,28,1,1383,0,0,0,1383
03/03/2020,IAH,TX,ASW,CE,Towers with Radar,1045,326,38,0,1409,0,2,2,0,4,1045,328,40,0,1413,0,0,0,1413
03/04/2020,IAH,TX,ASW,CE,Towers with Radar,1034,329,33,1,1397,0,0,0,0,0,1034,329,33,1,1397,0,0,0,1397
03/05/2020,IAH,TX,ASW,CE,Towers with Radar,1064,313,32,0,1409,0,2,3,0,5,1064,315,35,0,1414,0,0,0,1414
03/06/2020,IAH,TX,ASW,CE,Towers with Radar,1065,298,23,0,1386,0,2,9,0,11,1065,300,32,0,1397,0,0,0,1397
03/07/2020,IAH,TX,ASW,CE,Towers with Radar,1006,254,10,0,1270,0,0,2,0,2,1006,254,12,0,1272,0,0,0,1272
03/08/2020,IAH,TX,ASW,CE,Towers with Radar,1052,277,17,0,1346,0,2,1,0,3,1052,279,18,0,1349,0,0,0,1349
03/09/2020,IAH,TX,ASW,CE,Towers with Radar,1067,304,11,1,1383,0,0,2,0,2,1067,304,13,1,1385,0,0,0,1385
03/10/2020,IAH,TX,ASW,CE,Towers with Radar,1068,286,27,1,1382,0,2,4,3,9,1068,288,31,4,1391,0,0,0,1391
03/11/2020,IAH,TX,ASW,CE,Towers with Radar,1071,297,20,1,1389,0,0,0,0,0,1071,297,20,1,1389,0,0,0,1389
03/12/2020,IAH,TX,ASW,CE,Towers with Radar,1071,309,18,0,1398,0,2,0,0,2,1071,311,18,0,1400,0,0,0,1400
03/13/2020,IAH,TX,ASW,CE,Towers with Radar,1052,294,15,1,1362,0,1,1,0,2,1052,295,16,1,1364,0,0,0,1364
03/14/2020,IAH,TX,ASW,CE,Towers with Radar,1002,246,18,0,1266,0,1,0,0,1,1002,247,18,0,1267,0,0,0,1267
03/15/2020,IAH,TX,ASW,CE,Towers with Radar,1041,283,14,0,1338,0,1,0,0,1,1041,284,14,0,1339,0,0,0,1339
03/16/2020,IAH,TX,ASW,CE,Towers with Radar,1037,300,14,0,1351,0,0,1,0,1,1037,300,15,0,1352,0,0,0,1352
03/17/2020,IAH,TX,ASW,CE,Towers with Radar,1028,280,9,0,1317,0,2,2,0,4,1028,282,11,0,1321,0,0,0,1321
03/18/2020,IAH,TX,ASW,CE,Towers with Radar,958,283,5,0,1246,0,0,2,0,2,958,283,7,0,1248,0,0,0,1248
03/19/2020,IAH,TX,ASW,CE,Towers with Radar,918,298,9,0,1225,0,0,0,0,0,918,298,9,0,1225,0,0,0,1225
03/20/2020,IAH,TX,ASW,CE,Towers with Radar,867,295,11,0,1173,0,0,0,0,0,867,295,11,0,1173,0,0,0,1173
03/21/2020,IAH,TX,ASW,CE,Towers with Radar,668,159,5,0,832,0,0,0,0,0,668,159,5,0,832,0,0,0,832
03/22/2020,IAH,TX,ASW,CE,Towers with Radar,652,204,6,0,862,0,2,0,0,2,652,206,6,0,864,0,0,0,864
03/23/2020,IAH,TX,ASW,CE,Towers with Radar,606,205,5,0,816,0,0,0,0,0,606,205,5,0,816,0,0,0,816
03/24/2020,IAH,TX,ASW,CE,Towers with Radar,613,185,1,0,799,0,3,0,0,3,613,188,1,0,802,0,0,0,802
03/25/2020,IAH,TX,ASW,CE,Towers with Radar,546,190,6,2,744,0,5,1,0,6,546,195,7,2,750,0,0,0,750
03/26/2020,IAH,TX,ASW,CE,Towers with Radar,424,126,6,1,557,0,2,6,0,8,424,128,12,1,565,0,0,0,565
03/27/2020,IAH,TX,ASW,CE,Towers with Radar,375,111,7,0,493,0,0,7,0,7,375,111,14,0,500,0,0,0,500
03/28/2020,IAH,TX,ASW,CE,Towers with Radar,383,101,5,0,489,0,0,0,0,0,383,101,5,0,489,0,0,0,489
03/29/2020,IAH,TX,ASW,CE,Towers with Radar,429,129,2,0,560,0,0,6,0,6,429,129,8,0,566,0,0,0,566
03/30/2020,IAH,TX,ASW,CE,Towers with Radar,389,77,3,0,469,0,0,4,0,4,389,77,7,0,473,0,0,0,473
03/31/2020,IAH,TX,ASW,CE,Towers with Radar,455,94,8,0,557,0,2,0,1,3,455,96,8,1,560,0,0,0,560
04/01/2020,IAH,TX,ASW,CE,Towers with Radar,370,73,3,0,446,0,0,0,1,1,370,73,3,1,447,0,0,0,447
04/02/2020,IAH,TX,ASW,CE,Towers with Radar,340,65,1,0,406,0,0,1,0,1,340,65,2,0,407,0,0,0,407
04/03/2020,IAH,TX,ASW,CE,Towers with Radar,346,68,4,0,418,0,2,5,0,7,346,70,9,0,425,0,0,0,425
04/04/2020,IAH,TX,ASW,CE,Towers with Radar,283,54,3,0,340,0,0,0,0,0,283,54,3,0,340,0,0,0,340
04/05/2020,IAH,TX,ASW,CE,Towers with Radar,299,56,1,0,356,0,2,0,0,2,299,58,1,0,358,0,0,0,358
04/06/2020,IAH,TX,ASW,CE,Towers with Radar,357,62,11,0,430,0,1,1,0,2,357,63,12,0,432,0,0,0,432
04/07/2020,IAH,TX,ASW,CE,Towers with Radar,340,70,3,0,413,0,0,1,0,1,340,70,4,0,414,0,0,0,414
04/08/2020,IAH,TX,ASW,CE,Towers with Radar,359,53,11,0,423,0,0,0,0,0,359,53,11,0,423,0,0,0,423
04/09/2020,IAH,TX,ASW,CE,Towers with Radar,332,51,3,0,386,0,0,7,0,7,332,51,10,0,393,0,0,0,393
04/10/2020,IAH,TX,ASW,CE,Towers with Radar,313,64,3,0,380,0,0,11,2,13,313,64,14,2,393,0,0,0,393
04/11/2020,IAH,TX,ASW,CE,Towers with Radar,280,61,1,0,342,0,2,3,0,5,280,63,4,0,347,0,0,0,347
04/12/2020,IAH,TX,ASW,CE,Towers with Radar,279,55,0,0,334,0,2,0,0,2,279,57,0,0,336,0,0,0,336
04/13/2020,IAH,TX,ASW,CE,Towers with Radar,288,55,8,2,353,0,0,12,0,12,288,55,20,2,365,0,0,0,365
04/14/2020,IAH,TX,ASW,CE,Towers with Radar,293,58,4,0,355,0,1,12,0,13,293,59,16,0,368,0,0,0,368
04/15/2020,IAH,TX,ASW,CE,Towers with Radar,248,60,5,8,321,0,0,16,0,16,248,60,21,8,337,0,0,0,337
04/16/2020,IAH,TX,ASW,CE,Towers with Radar,216,54,21,2,293,0,2,23,0,25,216,56,44,2,318,0,0,0,318
04/17/2020,IAH,TX,ASW,CE,Towers with Radar,212,58,8,1,279,0,0,6,0,6,212,58,14,1,285,0,0,0,285
04/18/2020,IAH,TX,ASW,CE,Towers with Radar,200,50,3,0,253,0,0,0,2,2,200,50,3,2,255,0,0,0,255
04/19/2020,IAH,TX,ASW,CE,Towers with Radar,205,53,3,0,261,0,1,9,0,10,205,54,12,0,271,0,0,0,271
04/20/2020,IAH,TX,ASW,CE,Towers with Radar,204,53,8,0,265,0,1,13,0,14,204,54,21,0,279,0,0,0,279
04/21/2020,IAH,TX,ASW,CE,Towers with Radar,202,50,17,0,269,0,2,14,0,16,202,52,31,0,285,0,0,0,285
04/22/2020,IAH,TX,ASW,CE,Towers with Radar,210,60,8,0,278,0,4,0,0,4,210,64,8,0,282,0,0,0,282
04/23/2020,IAH,TX,ASW,CE,Towers with Radar,214,56,9,0,279,0,0,38,0,38,214,56,47,0,317,0,0,0,317
04/24/2020,IAH,TX,ASW,CE,Towers with Radar,219,50,15,0,284,0,0,27,0,27,219,50,42,0,311,0,0,0,311
04/25/2020,IAH,TX,ASW,CE,Towers with Radar,200,50,6,0,256,0,2,12,0,14,200,52,18,0,270,0,0,0,270
04/26/2020,IAH,TX,ASW,CE,Towers with Radar,201,51,4,0,256,0,0,19,0,19,201,51,23,0,275,0,0,0,275
04/27/2020,IAH,TX,ASW,CE,Towers with Radar,201,54,9,0,264,0,0,11,0,11,201,54,20,0,275,0,0,0,275
04/28/2020,IAH,TX,ASW,CE,Towers with Radar,226,58,4,0,288,0,0,0,0,0,226,58,4,0,288,0,0,0,288
04/29/2020,IAH,TX,ASW,CE,Towers with Radar,224,57,4,0,285,0,4,5,0,9,224,61,9,0,294,0,0,0,294
04/30/2020,IAH,TX,ASW,CE,Towers with Radar,246,56,8,0,310,0,4,47,2,53,246,60,55,2,363,0,0,0,363
05/01/2020,IAH,TX,ASW,CE,Towers with Radar,252,55,8,0,315,0,6,2,2,10,252,61,10,2,325,0,0,0,325
05/02/2020,IAH,TX,ASW,CE,Towers with Radar,216,56,4,2,278,0,4,31,0,35,216,60,35,2,313,0,0,0,313
05/03/2020,IAH,TX,ASW,CE,Towers with Radar,235,56,4,0,295,0,6,11,0,17,235,62,15,0,312,0,0,0,312
05/04/2020,IAH,TX,ASW,CE,Towers with Radar,227,79,20,0,326,0,4,11,0,15,227,83,31,0,341,0,0,0,341
05/05/2020,IAH,TX,ASW,CE,Towers with Radar,240,79,8,0,327,0,0,7,0,7,240,79,15,0,334,0,0,0,334
05/06/2020,IAH,TX,ASW,CE,Towers with Radar,245,81,11,0,337,0,0,6,0,6,245,81,17,0,343,0,0,0,343
05/07/2020,IAH,TX,ASW,CE,Towers with Radar,250,85,11,0,346,0,5,4,0,9,250,90,15,0,355,0,0,0,355
05/08/2020,IAH,TX,ASW,CE,Towers with Radar,251,82,6,2,341,0,4,4,0,8,251,86,10,2,349,0,0,0,349
05/09/2020,IAH,TX,ASW,CE,Towers with Radar,222,70,7,0,299,0,0,10,0,10,222,70,17,0,309,0,0,0,309
05/10/2020,IAH,TX,ASW,CE,Towers with Radar,219,67,2,0,288,0,0,8,0,8,219,67,10,0,296,0,0,0,296
05/11/2020,IAH,TX,ASW,CE,Towers with Radar,240,81,5,0,326,0,0,9,0,9,240,81,14,0,335,0,0,0,335
05/12/2020,IAH,TX,ASW,CE,Towers with Radar,240,75,2,2,319,0,2,5,2,9,240,77,7,4,328,0,0,0,328
05/13/2020,IAH,TX,ASW,CE,Towers with Radar,238,72,13,2,325,0,2,9,0,11,238,74,22,2,336,0,0,0,336
05/14/2020,IAH,TX,ASW,CE,Towers with Radar,258,81,8,0,347,0,2,10,0,12,258,83,18,0,359,0,0,0,359
05/15/2020,IAH,TX,ASW,CE,Towers with Radar,260,79,8,0,347,0,0,0,0,0,260,79,8,0,347,0,0,0,347
05/16/2020,IAH,TX,ASW,CE,Towers with Radar,213,66,3,0,282,0,0,0,0,0,213,66,3,0,282,0,0,0,282
05/17/2020,IAH,TX,ASW,CE,Towers with Radar,223,71,6,0,300,0,0,11,0,11,223,71,17,0,311,0,0,0,311
05/18/2020,IAH,TX,ASW,CE,Towers with Radar,229,77,16,2,324,0,0,17,2,19,229,77,33,4,343,0,0,0,343
05/19/2020,IAH,TX,ASW,CE,Towers with Radar,228,84,13,0,325,0,2,3,1,6,228,86,16,1,331,0,0,0,331
05/20/2020,IAH,TX,ASW,CE,Towers with Radar,244,84,23,0,351,0,2,11,4,17,244,86,34,4,368,0,0,0,368
05/21/2020,IAH,TX,ASW,CE,Towers with Radar,267,86,14,0,367,0,2,7,2,11,267,88,21,2,378,0,0,0,378
05/22/2020,IAH,TX,ASW,CE,Towers with Radar,258,90,7,0,355,0,2,1,0,3,258,92,8,0,358,0,0,0,358
05/23/2020,IAH,TX,ASW,CE,Towers with Radar,220,75,6,2,303,0,0,4,0,4,220,75,10,2,307,0,0,0,307
05/24/2020,IAH,TX,ASW,CE,Towers with Radar,227,75,7,0,309,0,0,1,0,1,227,75,8,0,310,0,0,0,310
05/25/2020,IAH,TX,ASW,CE,Towers with Radar,245,85,2,0,332,0,0,6,0,6,245,85,8,0,338,0,0,0,338
05/26/2020,IAH,TX,ASW,CE,Towers with Radar,217,89,9,0,315,0,0,0,6,6,217,89,9,6,321,0,0,0,321
05/27/2020,IAH,TX,ASW,CE,Towers with Radar,263,81,18,0,362,0,0,0,0,0,263,81,18,0,362,0,0,0,362
05/28/2020,IAH,TX,ASW,CE,Towers with Radar,285,94,16,0,395,0,0,8,0,8,285,94,24,0,403,0,0,0,403
05/29/2020,IAH,TX,ASW,CE,Towers with Radar,253,89,17,0,359,0,2,5,0,7,253,91,22,0,366,0,0,0,366
05/30/2020,IAH,TX,ASW,CE,Towers with Radar,222,74,11,0,307,0,1,6,0,7,222,75,17,0,314,0,0,0,314
05/31/2020,IAH,TX,ASW,CE,Towers with Radar,246,83,12,0,341,0,0,0,0,0,246,83,12,0,341,0,0,0,341
06/01/2020,IAH,TX,ASW,CE,Towers with Radar,252,91,16,0,359,0,0,19,0,19,252,91,35,0,378,0,0,0,378
06/02/2020,IAH,TX,ASW,CE,Towers with Radar,233,83,15,0,331,0,2,4,0,6,233,85,19,0,337,0,0,0,337
06/03/2020,IAH,TX,ASW,CE,Towers with Radar,262,83,5,0,350,0,0,0,2,2,262,83,5,2,352,0,0,0,352
06/04/2020,IAH,TX,ASW,CE,Towers with Radar,304,101,25,0,430,0,0,12,0,12,304,101,37,0,442,0,0,0,442
06/05/2020,IAH,TX,ASW,CE,Towers with Radar,272,104,6,0,382,0,6,3,2,11,272,110,9,2,393,0,0,0,393
06/06/2020,IAH,TX,ASW,CE,Towers with Radar,244,61,1,0,306,0,0,4,0,4,244,61,5,0,310,0,0,0,310
06/07/2020,IAH,TX,ASW,CE,Towers with Radar,253,65,4,0,322,0,2,32,0,34,253,67,36,0,356,0,0,0,356
06/08/2020,IAH,TX,ASW,CE,Towers with Radar,266,103,12,0,381,0,6,10,2,18,266,109,22,2,399,0,0,0,399
06/09/2020,IAH,TX,ASW,CE,Towers with Radar,260,69,6,0,335,0,0,3,0,3,260,69,9,0,338,0,0,0,338
06/10/2020,IAH,TX,ASW,CE,Towers with Radar,278,85,17,0,380,0,2,8,0,10,278,87,25,0,390,0,0,0,390
06/11/2020,IAH,TX,ASW,CE,Towers with Radar,293,104,12,0,409,0,3,9,1,13,293,107,21,1,422,0,0,0,422
06/12/2020,IAH,TX,ASW,CE,Towers with Radar,295,101,11,0,407,0,0,6,0,6,295,101,17,0,413,0,0,0,413
06/13/2020,IAH,TX,ASW,CE,Towers with Radar,250,58,5,0,313,0,2,3,0,5,250,60,8,0,318,0,0,0,318
06/14/2020,IAH,TX,ASW,CE,Towers with Radar,257,58,2,0,317,0,0,5,0,5,257,58,7,0,322,0,0,0,322
06/15/2020,IAH,TX,ASW,CE,Towers with Radar,275,95,17,0,387,0,0,6,3,9,275,95,23,3,396,0,0,0,396
06/16/2020,IAH,TX,ASW,CE,Towers with Radar,273,56,19,3,351,0,0,9,0,9,273,56,28,3,360,0,0,0,360
06/17/2020,IAH,TX,ASW,CE,Towers with Radar,281,82,13,0,376,0,0,10,0,10,281,82,23,0,386,0,0,0,386
06/18/2020,IAH,TX,ASW,CE,Towers with Radar,297,102,22,0,421,0,2,10,0,12,297,104,32,0,433,0,0,0,433
06/19/2020,IAH,TX,ASW,CE,Towers with Radar,296,107,9,0,412,0,2,2,0,4,296,109,11,0,416,0,0,0,416
06/20/2020,IAH,TX,ASW,CE,Towers with Radar,259,59,3,0,321,0,6,0,0,6,259,65,3,0,327,0,0,0,327
06/21/2020,IAH,TX,ASW,CE,Towers with Radar,263,56,4,0,323,0,0,0,0,0,263,56,4,0,323,0,0,0,323
06/22/2020,IAH,TX,ASW,CE,Towers with Radar,277,96,17,0,390,0,2,1,0,3,277,98,18,0,393,0,0,0,393
06/23/2020,IAH,TX,ASW,CE,Towers with Radar,276,59,9,0,344,0,0,0,0,0,276,59,9,0,344,0,0,0,344
06/24/2020,IAH,TX,ASW,CE,Towers with Radar,292,84,12,0,388,0,0,2,0,2,292,84,14,0,390,0,0,0,390
06/25/2020,IAH,TX,ASW,CE,Towers with Radar,305,97,19,0,421,0,0,0,0,0,305,97,19,0,421,0,0,0,421
06/26/2020,IAH,TX,ASW,CE,Towers with Radar,300,98,10,0,408,0,1,0,0,1,300,99,10,0,409,0,0,0,409
06/27/2020,IAH,TX,ASW,CE,Towers with Radar,266,57,4,3,330,0,1,1,0,2,266,58,5,3,332,0,0,0,332
06/28/2020,IAH,TX,ASW,CE,Towers with Radar,275,59,11,0,345,0,2,3,0,5,275,61,14,0,350,0,0,0,350
06/29/2020,IAH,TX,ASW,CE,Towers with Radar,284,95,12,0,391,0,0,2,0,2,284,95,14,0,393,0,0,0,393
06/30/2020,IAH,TX,ASW,CE,Towers with Radar,280,68,11,0,359,0,2,2,0,4,280,70,13,0,363,0,0,0,363
07/01/2020,IAH,TX,ASW,CE,Towers with Radar,326,99,12,0,437,0,2,2,0,4,326,101,14,0,441,0,0,0,441
07/02/2020,IAH,TX,ASW,CE,Towers with Radar,347,106,7,0,460,0,2,6,0,8,347,108,13,0,468,0,0,0,468
07/03/2020,IAH,TX,ASW,CE,Towers with Radar,335,111,3,0,449,0,2,4,0,6,335,113,7,0,455,0,0,0,455
07/04/2020,IAH,TX,ASW,CE,Towers with Radar,272,62,2,0,336,0,0,2,0,2,272,62,4,0,338,0,0,0,338
07/05/2020,IAH,TX,ASW,CE,Towers with Radar,319,74,11,0,404,0,0,5,0,5,319,74,16,0,409,0,0,0,409
07/06/2020,IAH,TX,ASW,CE,Towers with Radar,421,123,16,0,560,0,0,4,2,6,421,123,20,2,566,0,0,0,566
07/07/2020,IAH,TX,ASW,CE,Towers with Radar,444,108,10,0,562,0,0,4,0,4,444,108,14,0,566,0,0,0,566
07/08/2020,IAH,TX,ASW,CE,Towers with Radar,457,125,13,0,595,0,0,0,0,0,457,125,13,0,595,0,0,0,595
07/09/2020,IAH,TX,ASW,CE,Towers with Radar,471,119,16,0,606,0,0,4,2,6,471,119,20,2,612,0,0,0,612
07/10/2020,IAH,TX,ASW,CE,Towers with Radar,491,133,13,0,637,0,2,4,0,6,491,135,17,0,643,0,0,0,643
07/11/2020,IAH,TX,ASW,CE,Towers with Radar,444,81,13,0,538,0,1,4,0,5,444,82,17,0,543,0,0,0,543
07/12/2020,IAH,TX,ASW,CE,Towers with Radar,434,101,14,0,549,0,0,1,0,1,434,101,15,0,550,0,0,0,550
07/13/2020,IAH,TX,ASW,CE,Towers with Radar,460,129,17,0,606,0,2,0,0,2,460,131,17,0,608,0,0,0,608
07/14/2020,IAH,TX,ASW,CE,Towers with Radar,439,110,9,0,558,0,0,4,0,4,439,110,13,0,562,0,0,0,562
07/15/2020,IAH,TX,ASW,CE,Towers with Radar,460,115,8,0,583,0,4,3,2,9,460,119,11,2,592,0,0,0,592
07/16/2020,IAH,TX,ASW,CE,Towers with Radar,474,121,15,0,610,0,0,6,0,6,474,121,21,0,616,0,0,0,616
07/17/2020,IAH,TX,ASW,CE,Towers with Radar,481,126,22,0,629,0,0,6,0,6,481,126,28,0,635,0,0,0,635
07/18/2020,IAH,TX,ASW,CE,Towers with Radar,438,78,2,0,518,0,3,2,0,5,438,81,4,0,523,0,0,0,523
07/19/2020,IAH,TX,ASW,CE,Towers with Radar,436,98,10,2,546,0,0,2,0,2,436,98,12,2,548,0,0,0,548
07/20/2020,IAH,TX,ASW,CE,Towers with Radar,461,125,17,0,603,0,2,2,2,6,461,127,19,2,609,0,0,0,609
07/21/2020,IAH,TX,ASW,CE,Towers with Radar,442,100,6,0,548,0,0,2,0,2,442,100,8,0,550,0,0,0,550
07/22/2020,IAH,TX,ASW,CE,Towers with Radar,445,115,14,0,574,0,2,2,0,4,445,117,16,0,578,0,0,0,578
07/23/2020,IAH,TX,ASW,CE,Towers with Radar,463,115,31,2,611,0,2,5,0,7,463,117,36,2,618,0,0,0,618
07/24/2020,IAH,TX,ASW,CE,Towers with Radar,476,117,9,0,602,0,3,0,0,3,476,120,9,0,605,0,0,0,605
07/25/2020,IAH,TX,ASW,CE,Towers with Radar,432,69,8,0,509,0,2,2,0,4,432,71,10,0,513,0,0,0,513
07/26/2020,IAH,TX,ASW,CE,Towers with Radar,428,91,7,0,526,0,0,0,0,0,428,91,7,0,526,0,0,0,526
07/27/2020,IAH,TX,ASW,CE,Towers with Radar,458,115,11,0,584,0,0,3,0,3,458,115,14,0,587,0,0,0,587
07/28/2020,IAH,TX,ASW,CE,Towers with Radar,428,105,16,0,549,0,0,4,0,4,428,105,20,0,553,0,0,0,553
07/29/2020,IAH,TX,ASW,CE,Towers with Radar,450,125,15,0,590,0,0,0,0,0,450,125,15,0,590,0,0,0,590
07/30/2020,IAH,TX,ASW,CE,Towers with Radar,436,121,19,0,576,0,0,6,0,6,436,121,25,0,582,0,0,0,582
07/31/2020,IAH,TX,ASW,CE,Towers with Radar,464,126,11,0,601,0,0,2,0,2,464,126,13,0,603,0,0,0,603
08/01/2020,IAH,TX,ASW,CE,Towers with Radar,435,81,5,0,521,0,0,14,0,14,435,81,19,0,535,0,0,0,535
08/02/2020,IAH,TX,ASW,CE,Towers with Radar,439,98,16,0,553,0,0,2,0,2,439,98,18,0,555,0,0,0,555
08/03/2020,IAH,TX,ASW,CE,Towers with Radar,504,128,11,0,643,0,6,6,0,12,504,134,17,0,655,0,0,0,655
08/04/2020,IAH,TX,ASW,CE,Towers with Radar,497,119,12,0,628,0,1,10,0,11,497,120,22,0,639,0,0,0,639
08/05/2020,IAH,TX,ASW,CE,Towers with Radar,487,134,21,0,642,0,2,2,0,4,487,136,23,0,646,0,0,0,646
08/06/2020,IAH,TX,ASW,CE,Towers with Radar,519,125,11,0,655,0,0,2,0,2,519,125,13,0,657,0,0,0,657
08/07/2020,IAH,TX,ASW,CE,Towers with Radar,514,137,9,2,662,0,2,10,2,14,514,139,19,4,676,0,0,0,676
08/08/2020,IAH,TX,ASW,CE,Towers with Radar,474,117,11,0,602,0,0,2,0,2,474,117,13,0,604,0,0,0,604
08/09/2020,IAH,TX,ASW,CE,Towers with Radar,506,120,9,0,635,0,2,4,0,6,506,122,13,0,641,0,0,0,641
08/10/2020,IAH,TX,ASW,CE,Towers with Radar,491,133,14,1,639,0,0,2,0,2,491,133,16,1,641,0,0,0,641
08/11/2020,IAH,TX,ASW,CE,Towers with Radar,473,110,13,0,596,0,5,2,0,7,473,115,15,0,603,0,0,0,603
08/12/2020,IAH,TX,ASW,CE,Towers with Radar,495,134,16,1,646,0,4,7,0,11,495,138,23,1,657,0,0,0,657
08/13/2020,IAH,TX,ASW,CE,Towers with Radar,511,127,15,1,654,0,0,3,2,5,511,127,18,3,659,0,0,0,659
08/14/2020,IAH,TX,ASW,CE,Towers with Radar,506,130,11,0,647,0,0,3,0,3,506,130,14,0,650,0,0,0,650
08/15/2020,IAH,TX,ASW,CE,Towers with Radar,479,112,10,0,601,0,0,4,0,4,479,112,14,0,605,0,0,0,605
08/16/2020,IAH,TX,ASW,CE,Towers with Radar,525,115,11,0,651,0,4,5,0,9,525,119,16,0,660,0,0,0,660
08/17/2020,IAH,TX,ASW,CE,Towers with Radar,510,124,18,0,652,0,0,7,0,7,510,124,25,0,659,0,0,0,659
08/18/2020,IAH,TX,ASW,CE,Towers with Radar,471,111,18,0,600,0,0,6,0,6,471,111,24,0,606,0,0,0,606
08/19/2020,IAH,TX,ASW,CE,Towers with Radar,494,132,23,0,649,0,4,8,1,13,494,136,31,1,662,0,0,0,662
08/20/2020,IAH,TX,ASW,CE,Towers with Radar,520,125,30,0,675,0,0,16,0,16,520,125,46,0,691,0,0,0,691
08/21/2020,IAH,TX,ASW,CE,Towers with Radar,521,126,10,2,659,0,2,3,0,5,521,128,13,2,664,0,0,0,664
08/22/2020,IAH,TX,ASW,CE,Towers with Radar,480,110,3,1,594,0,4,0,0,4,480,114,3,1,598,0,0,0,598
08/23/2020,IAH,TX,ASW,CE,Towers with Radar,505,120,11,0,636,0,2,5,0,7,505,122,16,0,643,0,0,0,643
08/24/2020,IAH,TX,ASW,CE,Towers with Radar,505,124,9,0,638,0,3,1,0,4,505,127,10,0,642,0,0,0,642
08/25/2020,IAH,TX,ASW,CE,Towers with Radar,490,108,15,0,613,0,0,0,2,2,490,108,15,2,615,0,0,0,615
08/26/2020,IAH,TX,ASW,CE,Towers with Radar,185,11,29,0,225,0,0,0,0,0,185,11,29,0,225,0,0,0,225
08/27/2020,IAH,TX,ASW,CE,Towers with Radar,380,52,19,0,451,0,0,12,0,12,380,52,31,0,463,0,0,0,463
08/28/2020,IAH,TX,ASW,CE,Towers with Radar,526,127,13,1,667,0,1,6,2,9,526,128,19,3,676,0,0,0,676
08/29/2020,IAH,TX,ASW,CE,Towers with Radar,485,107,7,1,600,0,4,8,0,12,485,111,15,1,612,0,0,0,612
08/30/2020,IAH,TX,ASW,CE,Towers with Radar,499,115,8,0,622,0,0,1,0,1,499,115,9,0,623,0,0,0,623
08/31/2020,IAH,TX,ASW,CE,Towers with Radar,504,124,17,0,645,0,0,0,0,0,504,124,17,0,645,0,0,0,645
09/01/2020,IAH,TX,ASW,CE,Towers with Radar,475,117,9,0,601,0,3,1,0,4,475,120,10,0,605,0,0,0,605
09/02/2020,IAH,TX,ASW,CE,Towers with Radar,482,149,17,0,648,0,4,0,0,4,482,153,17,0,652,0,0,0,652
09/03/2020,IAH,TX,ASW,CE,Towers with Radar,501,164,17,0,682,0,0,5,0,5,501,164,22,0,687,0,0,0,687
09/04/2020,IAH,TX,ASW,CE,Towers with Radar,497,154,20,0,671,0,2,2,0,4,497,156,22,0,675,0,0,0,675
09/05/2020,IAH,TX,ASW,CE,Towers with Radar,348,95,4,0,447,0,6,0,2,8,348,101,4,2,455,0,0,0,455
09/06/2020,IAH,TX,ASW,CE,Towers with Radar,381,93,6,0,480,0,0,0,0,0,381,93,6,0,480,0,0,0,480
09/07/2020,IAH,TX,ASW,CE,Towers with Radar,468,161,12,0,641,0,2,5,0,7,468,163,17,0,648,0,0,0,648
09/08/2020,IAH,TX,ASW,CE,Towers with Radar,436,142,23,0,601,0,2,2,0,4,436,144,25,0,605,0,0,0,605
09/09/2020,IAH,TX,ASW,CE,Towers with Radar,479,163,7,0,649,0,0,0,2,2,479,163,7,2,651,0,0,0,651
09/10/2020,IAH,TX,ASW,CE,Towers with Radar,491,150,24,0,665,1,2,0,0,3,492,152,24,0,668,0,0,0,668
09/11/2020,IAH,TX,ASW,CE,Towers with Radar,492,149,13,0,654,0,0,6,2,8,492,149,19,2,662,0,0,0,662
09/12/2020,IAH,TX,ASW,CE,Towers with Radar,435,116,12,0,563,0,0,0,2,2,435,116,12,2,565,0,0,0,565
09/13/2020,IAH,TX,ASW,CE,Towers with Radar,475,140,9,0,624,0,0,0,0,0,475,140,9,0,624,0,0,0,624
09/14/2020,IAH,TX,ASW,CE,Towers with Radar,471,147,13,0,631,0,2,4,0,6,471,149,17,0,637,0,0,0,637
09/15/2020,IAH,TX,ASW,CE,Towers with Radar,433,127,12,0,572,0,0,0,0,0,433,127,12,0,572,0,0,0,572
09/16/2020,IAH,TX,ASW,CE,Towers with Radar,450,145,21,1,617,0,0,8,2,10,450,145,29,3,627,0,0,0,627
09/17/2020,IAH,TX,ASW,CE,Towers with Radar,479,142,27,1,649,0,1,0,0,1,479,143,27,1,650,0,0,0,650
09/18/2020,IAH,TX,ASW,CE,Towers with Radar,488,148,10,0,646,0,2,7,0,9,488,150,17,0,655,0,0,0,655
09/19/2020,IAH,TX,ASW,CE,Towers with Radar,437,124,5,0,566,0,0,0,2,2,437,124,5,2,568,0,0,0,568
09/20/2020,IAH,TX,ASW,CE,Towers with Radar,478,140,13,0,631,0,2,0,0,2,478,142,13,0,633,0,0,0,633
09/21/2020,IAH,TX,ASW,CE,Towers with Radar,470,158,15,0,643,0,0,0,0,0,470,158,15,0,643,0,0,0,643
09/22/2020,IAH,TX,ASW,CE,Towers with Radar,447,138,15,0,600,0,0,0,0,0,447,138,15,0,600,0,0,0,600
09/23/2020,IAH,TX,ASW,CE,Towers with Radar,464,164,26,0,654,0,0,0,0,0,464,164,26,0,654,0,0,0,654
09/24/2020,IAH,TX,ASW,CE,Towers with Radar,491,154,32,2,679,0,0,2,0,2,491,154,34,2,681,0,0,0,681
09/25/2020,IAH,TX,ASW,CE,Towers with Radar,502,150,23,1,676,0,0,10,0,10,502,150,33,1,686,0,0,0,686
09/26/2020,IAH,TX,ASW,CE,Towers with Radar,452,127,10,0,589,0,3,12,0,15,452,130,22,0,604,0,0,0,604
09/27/2020,IAH,TX,ASW,CE,Towers with Radar,478,136,6,0,620,0,0,1,0,1,478,136,7,0,621,0,0,0,621
09/28/2020,IAH,TX,ASW,CE,Towers with Radar,479,159,19,0,657,0,0,0,5,5,479,159,19,5,662,0,0,0,662
09/29/2020,IAH,TX,ASW,CE,Towers with Radar,444,155,16,0,615,0,0,0,0,0,444,155,16,0,615,0,0,0,615
09/30/2020,IAH,TX,ASW,CE,Towers with Radar,474,139,22,0,635,0,4,2,4,10,474,143,24,4,645,0,0,0,645
10/01/2020,IAH,TX,ASW,CE,Towers with Radar,527,126,35,0,688,0,0,5,2,7,527,126,40,2,695,0,0,0,695
10/02/2020,IAH,TX,ASW,CE,Towers with Radar,536,147,15,0,698,0,2,2,0,4,536,149,17,0,702,0,0,0,702
10/03/2020,IAH,TX,ASW,CE,Towers with Radar,485,139,4,0,628,0,2,0,2,4,485,141,4,2,632,0,0,0,632
10/04/2020,IAH,TX,ASW,CE,Towers with Radar,538,134,17,0,689,0,3,5,0,8,538,137,22,0,697,0,0,0,697
10/05/2020,IAH,TX,ASW,CE,Towers with Radar,510,139,12,0,661,0,0,2,3,5,510,139,14,3,666,0,0,0,666
10/06/2020,IAH,TX,ASW,CE,Towers with Radar,476,118,16,0,610,0,0,0,0,0,476,118,16,0,610,0,0,0,610
10/07/2020,IAH,TX,ASW,CE,Towers with Radar,482,141,26,0,649,0,0,0,0,0,482,141,26,0,649,0,0,0,649
10/08/2020,IAH,TX,ASW,CE,Towers with Radar,542,155,25,0,722,0,2,5,2,9,542,157,30,2,731,0,0,0,731
10/09/2020,IAH,TX,ASW,CE,Towers with Radar,552,127,12,0,691,0,0,0,0,0,552,127,12,0,691,0,0,0,691
10/10/2020,IAH,TX,ASW,CE,Towers with Radar,509,136,10,0,655,0,0,2,0,2,509,136,12,0,657,0,0,0,657
10/11/2020,IAH,TX,ASW,CE,Towers with Radar,536,132,5,0,673,0,0,4,0,4,536,132,9,0,677,0,0,0,677
10/12/2020,IAH,TX,ASW,CE,Towers with Radar,526,138,12,0,676,0,0,3,0,3,526,138,15,0,679,0,0,0,679
10/13/2020,IAH,TX,ASW,CE,Towers with Radar,476,113,14,0,603,0,2,2,0,4,476,115,16,0,607,0,0,0,607
10/14/2020,IAH,TX,ASW,CE,Towers with Radar,490,136,24,0,650,0,0,2,0,2,490,136,26,0,652,0,0,0,652
10/15/2020,IAH,TX,ASW,CE,Towers with Radar,547,141,25,0,713,0,4,4,0,8,547,145,29,0,721,0,0,0,721
10/16/2020,IAH,TX,ASW,CE,Towers with Radar,552,146,8,0,706,0,0,0,0,0,552,146,8,0,706,0,0,0,706
10/17/2020,IAH,TX,ASW,CE,Towers with Radar,487,134,9,0,630,0,2,0,0,2,487,136,9,0,632,0,0,0,632
10/18/2020,IAH,TX,ASW,CE,Towers with Radar,535,140,14,0,689,0,2,4,0,6,535,142,18,0,695,0,0,0,695
10/19/2020,IAH,TX,ASW,CE,Towers with Radar,527,140,7,0,674,0,4,6,0,10,527,144,13,0,684,0,0,0,684
10/20/2020,IAH,TX,ASW,CE,Towers with Radar,479,116,13,0,608,0,0,0,0,0,479,116,13,0,608,0,0,0,608
10/21/2020,IAH,TX,ASW,CE,Towers with Radar,496,140,28,0,664,0,2,6,0,8,496,142,34,0,672,0,0,0,672
10/22/2020,IAH,TX,ASW,CE,Towers with Radar,545,155,21,2,723,0,0,4,0,4,545,155,25,2,727,0,0,0,727
10/23/2020,IAH,TX,ASW,CE,Towers with Radar,552,147,12,0,711,0,2,1,0,3,552,149,13,0,714,0,0,0,714
10/24/2020,IAH,TX,ASW,CE,Towers with Radar,487,134,8,0,629,0,0,2,0,2,487,134,10,0,631,0,0,0,631
10/25/2020,IAH,TX,ASW,CE,Towers with Radar,516,153,12,0,681,0,2,3,0,5,516,155,15,0,686,0,0,0,686
10/26/2020,IAH,TX,ASW,CE,Towers with Radar,531,140,6,2,679,0,0,0,0,0,531,140,6,2,679,0,0,0,679
10/27/2020,IAH,TX,ASW,CE,Towers with Radar,482,115,8,0,605,0,2,0,0,2,482,117,8,0,607,0,0,0,607
10/28/2020,IAH,TX,ASW,CE,Towers with Radar,499,140,19,0,658,0,0,0,0,0,499,140,19,0,658,0,0,0,658
10/29/2020,IAH,TX,ASW,CE,Towers with Radar,548,155,14,0,717,0,0,2,2,4,548,155,16,2,721,0,0,0,721
10/30/2020,IAH,TX,ASW,CE,Towers with Radar,556,145,9,0,710,0,0,4,0,4,556,145,13,0,714,0,0,0,714
10/31/2020,IAH,TX,ASW,CE,Towers with Radar,466,144,2,0,612,0,0,4,0,4,466,144,6,0,616,0,0,0,616
11/01/2020,IAH,TX,ASW,CE,Towers with Radar,580,151,13,1,745,0,2,7,0,9,580,153,20,1,754,0,0,0,754
11/02/2020,IAH,TX,ASW,CE,Towers with Radar,591,162,19,0,772,0,0,14,0,14,591,162,33,0,786,0,0,0,786
11/03/2020,IAH,TX,ASW,CE,Towers with Radar,510,139,12,0,661,0,7,2,0,9,510,146,14,0,670,0,0,0,670
11/04/2020,IAH,TX,ASW,CE,Towers with Radar,543,145,25,0,713,0,0,3,0,3,543,145,28,0,716,0,0,0,716
11/05/2020,IAH,TX,ASW,CE,Towers with Radar,598,165,19,0,782,0,1,5,2,8,598,166,24,2,790,0,0,0,790
11/06/2020,IAH,TX,ASW,CE,Towers with Radar,611,169,10,2,792,0,0,0,2,2,611,169,10,4,794,0,0,0,794
11/07/2020,IAH,TX,ASW,CE,Towers with Radar,570,146,13,1,730,0,0,10,0,10,570,146,23,1,740,0,0,0,740
11/08/2020,IAH,TX,ASW,CE,Towers with Radar,589,162,8,0,759,0,0,0,0,0,589,162,8,0,759,0,0,0,759
11/09/2020,IAH,TX,ASW,CE,Towers with Radar,591,163,21,0,775,0,0,3,0,3,591,163,24,0,778,0,0,0,778
11/10/2020,IAH,TX,ASW,CE,Towers with Radar,528,136,21,0,685,0,0,0,0,0,528,136,21,0,685,0,0,0,685
11/11/2020,IAH,TX,ASW,CE,Towers with Radar,539,141,22,0,702,0,2,4,2,8,539,143,26,2,710,0,0,0,710
11/12/2020,IAH,TX,ASW,CE,Towers with Radar,602,159,22,0,783,0,0,5,0,5,602,159,27,0,788,0,0,0,788
11/13/2020,IAH,TX,ASW,CE,Towers with Radar,614,179,21,0,814,0,2,2,0,4,614,181,23,0,818,0,0,0,818
11/14/2020,IAH,TX,ASW,CE,Towers with Radar,563,144,7,0,714,0,0,2,0,2,563,144,9,0,716,0,0,0,716
11/15/2020,IAH,TX,ASW,CE,Towers with Radar,596,163,8,0,767,0,0,1,0,1,596,163,9,0,768,0,0,0,768
11/16/2020,IAH,TX,ASW,CE,Towers with Radar,587,169,13,0,769,0,0,3,0,3,587,169,16,0,772,0,0,0,772
11/17/2020,IAH,TX,ASW,CE,Towers with Radar,526,130,12,0,668,0,5,5,0,10,526,135,17,0,678,0,0,0,678
11/18/2020,IAH,TX,ASW,CE,Towers with Radar,545,150,17,0,712,0,1,6,0,7,545,151,23,0,719,0,0,0,719
11/19/2020,IAH,TX,ASW,CE,Towers with Radar,606,170,27,0,803,0,2,3,0,5,606,172,30,0,808,0,0,0,808
11/20/2020,IAH,TX,ASW,CE,Towers with Radar,619,170,9,0,798,0,4,4,0,8,619,174,13,0,806,0,0,0,806
11/21/2020,IAH,TX,ASW,CE,Towers with Radar,584,142,9,0,735,0,0,2,0,2,584,142,11,0,737,0,0,0,737
11/22/2020,IAH,TX,ASW,CE,Towers with Radar,612,156,11,0,779,0,2,0,0,2,612,158,11,0,781,0,0,0,781
11/23/2020,IAH,TX,ASW,CE,Towers with Radar,535,163,8,0,706,0,2,4,0,6,535,165,12,0,712,0,0,0,712
11/24/2020,IAH,TX,ASW,CE,Towers with Radar,576,161,19,0,756,0,2,2,0,4,576,163,21,0,760,0,0,0,760
11/25/2020,IAH,TX,ASW,CE,Towers with Radar,570,157,14,0,741,0,0,1,0,1,570,157,15,0,742,0,0,0,742
11/26/2020,IAH,TX,ASW,CE,Towers with Radar,358,92,6,0,456,0,0,0,0,0,358,92,6,0,456,0,0,0,456
11/27/2020,IAH,TX,ASW,CE,Towers with Radar,547,156,2,0,705,0,0,0,0,0,547,156,2,0,705,0,0,0,705
11/28/2020,IAH,TX,ASW,CE,Towers with Radar,708,203,10,0,921,0,0,0,0,0,708,203,10,0,921,0,0,0,921
11/29/2020,IAH,TX,ASW,CE,Towers with Radar,728,196,16,0,940,0,0,2,2,4,728,196,18,2,944,0,0,0,944
11/30/2020,IAH,TX,ASW,CE,Towers with Radar,607,168,23,0,798,0,2,0,0,2,607,170,23,0,800,0,0,0,800
12/01/2020,IAH,TX,ASW,CE,Towers with Radar,562,130,25,0,717,0,1,8,2,11,562,131,33,2,728,0,0,0,728
12/02/2020,IAH,TX,ASW,CE,Towers with Radar,560,155,21,0,736,0,0,0,0,0,560,155,21,0,736,0,0,0,736
12/03/2020,IAH,TX,ASW,CE,Towers with Radar,631,157,16,0,804,0,2,2,2,6,631,159,18,2,810,0,0,0,810
12/04/2020,IAH,TX,ASW,CE,Towers with Radar,629,162,23,0,814,0,3,0,2,5,629,165,23,2,819,0,0,0,819
12/05/2020,IAH,TX,ASW,CE,Towers with Radar,563,132,8,1,704,0,4,4,0,8,563,136,12,1,712,0,0,0,712
12/06/2020,IAH,TX,ASW,CE,Towers with Radar,610,149,10,0,769,0,7,0,0,7,610,156,10,0,776,0,0,0,776
12/07/2020,IAH,TX,ASW,CE,Towers with Radar,613,154,13,0,780,0,2,8,0,10,613,156,21,0,790,0,0,0,790
12/08/2020,IAH,TX,ASW,CE,Towers with Radar,535,134,19,1,689,0,2,2,0,4,535,136,21,1,693,0,0,0,693
12/09/2020,IAH,TX,ASW,CE,Towers with Radar,555,154,29,0,738,0,4,8,0,12,555,158,37,0,750,0,0,0,750
12/10/2020,IAH,TX,ASW,CE,Towers with Radar,639,159,22,0,820,0,4,3,2,9,639,163,25,2,829,0,0,0,829
12/11/2020,IAH,TX,ASW,CE,Towers with Radar,636,156,11,0,803,0,0,0,0,0,636,156,11,0,803,0,0,0,803
12/12/2020,IAH,TX,ASW,CE,Towers with Radar,571,122,15,0,708,0,0,2,0,2,571,122,17,0,710,0,0,0,710
12/13/2020,IAH,TX,ASW,CE,Towers with Radar,615,153,21,1,790,0,0,0,0,0,615,153,21,1,790,0,0,0,790
12/14/2020,IAH,TX,ASW,CE,Towers with Radar,617,149,16,2,784,0,0,0,0,0,617,149,16,2,784,0,0,0,784
12/15/2020,IAH,TX,ASW,CE,Towers with Radar,540,127,14,1,682,0,0,0,0,0,540,127,14,1,682,0,0,0,682
12/16/2020,IAH,TX,ASW,CE,Towers with Radar,568,145,16,0,729,0,5,3,0,8,568,150,19,0,737,0,0,0,737
12/17/2020,IAH,TX,ASW,CE,Towers with Radar,677,171,21,0,869,0,0,5,0,5,677,171,26,0,874,0,0,0,874
12/18/2020,IAH,TX,ASW,CE,Towers with Radar,719,175,11,0,905,0,5,2,2,9,719,180,13,2,914,0,0,0,914
12/19/2020,IAH,TX,ASW,CE,Towers with Radar,691,159,16,0,866,0,2,1,0,3,691,161,17,0,869,0,0,0,869
12/20/2020,IAH,TX,ASW,CE,Towers with Radar,709,168,8,0,885,0,4,2,0,6,709,172,10,0,891,0,0,0,891
12/21/2020,IAH,TX,ASW,CE,Towers with Radar,688,172,20,0,880,0,2,1,0,3,688,174,21,0,883,0,0,0,883
12/22/2020,IAH,TX,ASW,CE,Towers with Radar,704,180,13,0,897,0,0,3,0,3,704,180,16,0,900,0,0,0,900
12/23/2020,IAH,TX,ASW,CE,Towers with Radar,692,178,21,0,891,0,0,3,0,3,692,178,24,0,894,0,0,0,894
12/24/2020,IAH,TX,ASW,CE,Towers with Radar,563,135,0,0,698,0,6,1,0,7,563,141,1,0,705,0,0,0,705
12/25/2020,IAH,TX,ASW,CE,Towers with Radar,573,128,4,0,705,0,0,3,0,3,573,128,7,0,708,0,0,0,708
12/26/2020,IAH,TX,ASW,CE,Towers with Radar,643,167,6,0,816,0,0,0,0,0,643,167,6,0,816,0,0,0,816
12/27/2020,IAH,TX,ASW,CE,Towers with Radar,678,162,5,0,845,0,0,0,0,0,678,162,5,0,845,0,0,0,845
12/28/2020,IAH,TX,ASW,CE,Towers with Radar,675,174,6,0,855,0,0,4,0,4,675,174,10,0,859,0,0,0,859
12/29/2020,IAH,TX,ASW,CE,Towers with Radar,687,178,6,0,871,0,6,2,0,8,687,184,8,0,879,0,0,0,879
12/30/2020,IAH,TX,ASW,CE,Towers with Radar,703,167,12,0,882,0,0,0,4,4,703,167,12,4,886,0,0,0,886
12/31/2020,IAH,TX,ASW,CE,Towers with Radar,599,125,6,0,730,0,0,0,0,0,599,125,6,0,730,0,0,0,730
01/01/2021,IAH,TX,ASW,CE,Towers with Radar,572,134,4,0,710,0,0,4,0,4,572,134,8,0,714,0,0,0,714
01/02/2021,IAH,TX,ASW,CE,Towers with Radar,644,169,11,0,824,0,0,0,0,0,644,169,11,0,824,0,0,0,824
01/03/2021,IAH,TX,ASW,CE,Towers with Radar,682,173,14,0,869,0,0,0,0,0,682,173,14,0,869,0,0,0,869
01/04/2021,IAH,TX,ASW,CE,Towers with Radar,676,173,11,0,860,0,2,6,0,8,676,175,17,0,868,0,0,0,868
01/05/2021,IAH,TX,ASW,CE,Towers with Radar,628,164,7,0,799,0,2,2,0,4,628,166,9,0,803,0,0,0,803
01/06/2021,IAH,TX,ASW,CE,Towers with Radar,615,161,11,0,787,0,0,0,0,0,615,161,11,0,787,0,0,0,787
01/07/2021,IAH,TX,ASW,CE,Towers with Radar,648,155,26,0,829,0,3,13,0,16,648,158,39,0,845,0,0,0,845
01/08/2021,IAH,TX,ASW,CE,Towers with Radar,647,165,12,0,824,0,1,1,0,2,647,166,13,0,826,0,0,0,826
01/09/2021,IAH,TX,ASW,CE,Towers with Radar,586,142,10,0,738,0,3,4,0,7,586,145,14,0,745,0,0,0,745
01/10/2021,IAH,TX,ASW,CE,Towers with Radar,626,143,14,0,783,0,0,0,0,0,626,143,14,0,783,0,0,0,783
01/11/2021,IAH,TX,ASW,CE,Towers with Radar,623,151,11,0,785,0,0,0,0,0,623,151,11,0,785,0,0,0,785
01/12/2021,IAH,TX,ASW,CE,Towers with Radar,591,158,19,0,768,0,0,4,0,4,591,158,23,0,772,0,0,0,772
01/13/2021,IAH,TX,ASW,CE,Towers with Radar,590,155,25,0,770,0,0,4,2,6,590,155,29,2,776,0,0,0,776
01/14/2021,IAH,TX,ASW,CE,Towers with Radar,630,154,24,0,808,0,2,4,1,7,630,156,28,1,815,0,0,0,815
01/15/2021,IAH,TX,ASW,CE,Towers with Radar,648,157,12,0,817,0,2,16,0,18,648,159,28,0,835,0,0,0,835
01/16/2021,IAH,TX,ASW,CE,Towers with Radar,576,137,12,0,725,0,0,2,0,2,576,137,14,0,727,0,0,0,727
01/17/2021,IAH,TX,ASW,CE,Towers with Radar,618,154,7,0,779,0,0,0,2,2,618,154,7,2,781,0,0,0,781
01/18/2021,IAH,TX,ASW,CE,Towers with Radar,616,165,15,0,796,0,0,4,0,4,616,165,19,0,800,0,0,0,800
01/19/2021,IAH,TX,ASW,CE,Towers with Radar,583,146,17,0,746,0,2,3,0,5,583,148,20,0,751,0,0,0,751
01/20/2021,IAH,TX,ASW,CE,Towers with Radar,598,156,15,0,769,0,0,0,0,0,598,156,15,0,769,0,0,0,769
01/21/2021,IAH,TX,ASW,CE,Towers with Radar,642,157,24,0,823,0,0,0,0,0,642,157,24,0,823,0,0,0,823
01/22/2021,IAH,TX,ASW,CE,Towers with Radar,644,149,14,0,807,0,0,0,1,1,644,149,14,1,808,0,0,0,808
01/23/2021,IAH,TX,ASW,CE,Towers with Radar,579,139,6,0,724,0,0,0,0,0,579,139,6,0,724,0,0,0,724
01/24/2021,IAH,TX,ASW,CE,Towers with Radar,632,150,9,0,791,0,0,0,0,0,632,150,9,0,791,0,0,0,791
01/25/2021,IAH,TX,ASW,CE,Towers with Radar,606,152,15,0,773,0,0,0,0,0,606,152,15,0,773,0,0,0,773
01/26/2021,IAH,TX,ASW,CE,Towers with Radar,578,140,20,0,738,0,3,9,0,12,578,143,29,0,750,0,0,0,750
01/27/2021,IAH,TX,ASW,CE,Towers with Radar,591,153,15,0,759,0,2,2,0,4,591,155,17,0,763,0,0,0,763
01/28/2021,IAH,TX,ASW,CE,Towers with Radar,632,154,14,0,800,0,0,8,0,8,632,154,22,0,808,0,0,0,808
01/29/2021,IAH,TX,ASW,CE,Towers with Radar,645,163,14,0,822,0,0,8,0,8,645,163,22,0,830,0,0,0,830
01/30/2021,IAH,TX,ASW,CE,Towers with Radar,575,131,2,0,708,0,2,0,0,2,575,133,2,0,710,0,0,0,710
01/31/2021,IAH,TX,ASW,CE,Towers with Radar,619,156,15,0,790,0,2,5,0,7,619,158,20,0,797,0,0,0,797
02/01/2021,IAH,TX,ASW,CE,Towers with Radar,584,147,12,0,743,0,2,4,0,6,584,149,16,0,749,0,0,0,749
02/02/2021,IAH,TX,ASW,CE,Towers with Radar,580,134,19,0,733,0,4,4,0,8,580,138,23,0,741,0,0,0,741
02/03/2021,IAH,TX,ASW,CE,Towers with Radar,605,149,13,0,767,0,0,2,1,3,605,149,15,1,770,0,0,0,770
02/04/2021,IAH,TX,ASW,CE,Towers with Radar,644,158,14,0,816,0,2,8,0,10,644,160,22,0,826,0,0,0,826
02/05/2021,IAH,TX,ASW,CE,Towers with Radar,656,161,9,0,826,0,4,5,1,10,656,165,14,1,836,0,0,0,836
02/06/2021,IAH,TX,ASW,CE,Towers with Radar,580,148,6,0,734,0,0,0,0,0,580,148,6,0,734,0,0,0,734
02/07/2021,IAH,TX,ASW,CE,Towers with Radar,616,151,10,0,777,0,0,6,0,6,616,151,16,0,783,0,0,0,783
02/08/2021,IAH,TX,ASW,CE,Towers with Radar,611,157,21,0,789,0,0,4,0,4,611,157,25,0,793,0,0,0,793
02/09/2021,IAH,TX,ASW,CE,Towers with Radar,583,156,28,0,767,0,0,0,0,0,583,156,28,0,767,0,0,0,767
02/10/2021,IAH,TX,ASW,CE,Towers with Radar,602,164,25,0,791,0,0,0,0,0,602,164,25,0,791,0,0,0,791
02/11/2021,IAH,TX,ASW,CE,Towers with Radar,680,198,31,1,910,0,0,0,0,0,680,198,31,1,910,0,0,0,910
02/12/2021,IAH,TX,ASW,CE,Towers with Radar,686,209,13,1,909,0,0,0,0,0,686,209,13,1,909,0,0,0,909
02/13/2021,IAH,TX,ASW,CE,Towers with Radar,641,191,6,0,838,0,0,0,0,0,641,191,6,0,838,0,0,0,838
02/14/2021,IAH,TX,ASW,CE,Towers with Radar,462,125,12,0,599,0,0,0,0,0,462,125,12,0,599,0,0,0,599
02/15/2021,IAH,TX,ASW,CE,Towers with Radar,1,0,0,0,1,0,0,0,0,0,1,0,0,0,1,0,0,0,1
02/16/2021,IAH,TX,ASW,CE,Towers with Radar,1,0,2,0,3,0,0,0,0,0,1,0,2,0,3,0,0,0,3
02/17/2021,IAH,TX,ASW,CE,Towers with Radar,192,20,5,0,217,0,0,0,0,0,192,20,5,0,217,0,0,0,217
02/18/2021,IAH,TX,ASW,CE,Towers with Radar,378,43,14,0,435,0,0,0,0,0,378,43,14,0,435,0,0,0,435
02/19/2021,IAH,TX,ASW,CE,Towers with Radar,625,128,11,0,764,0,2,1,2,5,625,130,12,2,769,0,0,0,769
02/20/2021,IAH,TX,ASW,CE,Towers with Radar,628,184,2,0,814,0,2,6,0,8,628,186,8,0,822,0,0,0,822
02/21/2021,IAH,TX,ASW,CE,Towers with Radar,677,215,12,0,904,0,0,4,0,4,677,215,16,0,908,0,0,0,908
02/22/2021,IAH,TX,ASW,CE,Towers with Radar,661,212,14,2,889,0,4,0,0,4,661,216,14,2,893,0,0,0,893
02/23/2021,IAH,TX,ASW,CE,Towers with Radar,630,195,13,2,840,0,0,2,0,2,630,195,15,2,842,0,0,0,842
02/24/2021,IAH,TX,ASW,CE,Towers with Radar,639,207,13,0,859,0,0,5,0,5,639,207,18,0,864,0,0,0,864
02/25/2021,IAH,TX,ASW,CE,Towers with Radar,694,218,24,0,936,0,0,0,0,0,694,218,24,0,936,0,0,0,936
02/26/2021,IAH,TX,ASW,CE,Towers with Radar,685,235,17,0,937,0,0,0,0,0,685,235,17,0,937,0,0,0,937
02/27/2021,IAH,TX,ASW,CE,Towers with Radar,644,193,6,0,843,0,0,0,0,0,644,193,6,0,843,0,0,0,843
02/28/2021,IAH,TX,ASW,CE,Towers with Radar,695,218,11,1,925,0,0,0,0,0,695,218,11,1,925,0,0,0,925
03/01/2021,IAH,TX,ASW,CE,Towers with Radar,655,214,10,0,879,0,0,0,0,0,655,214,10,0,879,0,0,0,879
03/02/2021,IAH,TX,ASW,CE,Towers with Radar,635,194,23,0,852,0,0,0,0,0,635,194,23,0,852,0,0,0,852
03/03/2021,IAH,TX,ASW,CE,Towers with Radar,640,212,18,0,870,0,2,6,0,8,640,214,24,0,878,0,0,0,878
03/04/2021,IAH,TX,ASW,CE,Towers with Radar,721,217,18,0,956,0,0,0,0,0,721,217,18,0,956,0,0,0,956
03/05/2021,IAH,TX,ASW,CE,Towers with Radar,731,227,15,0,973,0,5,0,0,5,731,232,15,0,978,0,0,0,978
03/06/2021,IAH,TX,ASW,CE,Towers with Radar,701,206,6,0,913,0,0,0,0,0,701,206,6,0,913,0,0,0,913
03/07/2021,IAH,TX,ASW,CE,Towers with Radar,714,221,8,0,943,0,0,3,0,3,714,221,11,0,946,0,0,0,946
03/08/2021,IAH,TX,ASW,CE,Towers with Radar,697,222,20,0,939,0,0,0,0,0,697,222,20,0,939,0,0,0,939
03/09/2021,IAH,TX,ASW,CE,Towers with Radar,719,164,14,0,897,0,0,3,0,3,719,164,17,0,900,0,0,0,900
03/10/2021,IAH,TX,ASW,CE,Towers with Radar,731,177,14,0,922,0,0,0,0,0,731,177,14,0,922,0,0,0,922
03/11/2021,IAH,TX,ASW,CE,Towers with Radar,775,187,45,0,1007,0,0,5,0,5,775,187,50,0,1012,0,0,0,1012
03/12/2021,IAH,TX,ASW,CE,Towers with Radar,786,191,25,0,1002,0,0,0,0,0,786,191,25,0,1002,0,0,0,1002
03/13/2021,IAH,TX,ASW,CE,Towers with Radar,746,183,15,0,944,0,4,1,0,5,746,187,16,0,949,0,0,0,949
03/14/2021,IAH,TX,ASW,CE,Towers with Radar,739,192,6,0,937,0,0,0,0,0,739,192,6,0,937,0,0,0,937
03/15/2021,IAH,TX,ASW,CE,Towers with Radar,722,194,21,0,937,0,2,3,0,5,722,196,24,0,942,0,0,0,942
03/16/2021,IAH,TX,ASW,CE,Towers with Radar,750,166,16,0,932,0,0,1,3,4,750,166,17,3,936,0,0,0,936
03/17/2021,IAH,TX,ASW,CE,Towers with Radar,739,173,14,0,926,0,0,2,1,3,739,173,16,1,929,0,0,0,929
03/18/2021,IAH,TX,ASW,CE,Towers with Radar,782,201,18,0,1001,0,2,1,0,3,782,203,19,0,1004,0,0,0,1004
03/19/2021,IAH,TX,ASW,CE,Towers with Radar,808,194,19,2,1023,0,0,6,0,6,808,194,25,2,1029,0,0,0,1029
03/20/2021,IAH,TX,ASW,CE,Towers with Radar,769,185,14,1,969,0,0,2,0,2,769,185,16,1,971,0,0,0,971
03/21/2021,IAH,TX,ASW,CE,Towers with Radar,783,194,8,0,985,0,0,4,0,4,783,194,12,0,989,0,0,0,989
03/22/2021,IAH,TX,ASW,CE,Towers with Radar,766,196,12,0,974,0,0,2,0,2,766,196,14,0,976,0,0,0,976
03/23/2021,IAH,TX,ASW,CE,Towers with Radar,748,158,21,0,927,0,2,3,0,5,748,160,24,0,932,0,0,0,932
03/24/2021,IAH,TX,ASW,CE,Towers with Radar,750,175,33,0,958,0,2,0,0,2,750,177,33,0,960,0,0,0,960
03/25/2021,IAH,TX,ASW,CE,Towers with Radar,805,198,23,0,1026,0,2,1,0,3,805,200,24,0,1029,0,0,0,1029
03/26/2021,IAH,TX,ASW,CE,Towers with Radar,790,195,17,0,1002,0,0,2,1,3,790,195,19,1,1005,0,0,0,1005
03/27/2021,IAH,TX,ASW,CE,Towers with Radar,769,183,3,0,955,0,0,2,0,2,769,183,5,0,957,0,0,0,957
03/28/2021,IAH,TX,ASW,CE,Towers with Radar,787,189,5,0,981,0,2,4,0,6,787,191,9,0,987,0,0,0,987
03/29/2021,IAH,TX,ASW,CE,Towers with Radar,776,188,23,2,989,0,0,0,0,0,776,188,23,2,989,0,0,0,989
03/30/2021,IAH,TX,ASW,CE,Towers with Radar,763,171,20,2,956,0,0,0,0,0,763,171,20,2,956,0,0,0,956
03/31/2021,IAH,TX,ASW,CE,Towers with Radar,778,185,22,2,987,0,0,0,0,0,778,185,22,2,987,0,0,0,987
04/01/2021,IAH,TX,ASW,CE,Towers with Radar,799,191,22,0,1012,0,0,5,0,5,799,191,27,0,1017,0,0,0,1017
04/02/2021,IAH,TX,ASW,CE,Towers with Radar,802,196,13,0,1011,0,2,0,0,2,802,198,13,0,1013,0,0,0,1013
04/03/2021,IAH,TX,ASW,CE,Towers with Radar,758,179,3,0,940,0,2,0,0,2,758,181,3,0,942,0,0,0,942
04/04/2021,IAH,TX,ASW,CE,Towers with Radar,782,187,10,0,979,0,2,3,2,7,782,189,13,2,986,0,0,0,986
04/05/2021,IAH,TX,ASW,CE,Towers with Radar,773,196,16,0,985,0,0,8,0,8,773,196,24,0,993,0,0,0,993
04/06/2021,IAH,TX,ASW,CE,Towers with Radar,767,182,20,0,969,0,2,4,0,6,767,184,24,0,975,0,0,0,975
04/07/2021,IAH,TX,ASW,CE,Towers with Radar,765,188,22,0,975,0,0,0,0,0,765,188,22,0,975,0,0,0,975
04/08/2021,IAH,TX,ASW,CE,Towers with Radar,807,193,18,0,1018,0,0,6,0,6,807,193,24,0,1024,0,0,0,1024
04/09/2021,IAH,TX,ASW,CE,Towers with Radar,795,192,24,0,1011,0,0,0,1,1,795,192,24,1,1012,0,0,0,1012
04/10/2021,IAH,TX,ASW,CE,Towers with Radar,753,191,7,0,951,0,3,3,0,6,753,194,10,0,957,0,0,0,957
04/11/2021,IAH,TX,ASW,CE,Towers with Radar,759,198,22,0,979,0,2,5,2,9,759,200,27,2,988,0,0,0,988
04/12/2021,IAH,TX,ASW,CE,Towers with Radar,808,189,17,0,1014,0,0,1,0,1,808,189,18,0,1015,0,0,0,1015
04/13/2021,IAH,TX,ASW,CE,Towers with Radar,807,176,18,0,1001,0,0,0,0,0,807,176,18,0,1001,0,0,0,1001
04/14/2021,IAH,TX,ASW,CE,Towers with Radar,794,185,21,0,1000,0,2,0,0,2,794,187,21,0,1002,0,0,0,1002
04/15/2021,IAH,TX,ASW,CE,Towers with Radar,829,191,23,0,1043,0,0,0,0,0,829,191,23,0,1043,0,0,0,1043
04/16/2021,IAH,TX,ASW,CE,Towers with Radar,849,190,11,0,1050,0,0,0,0,0,849,190,11,0,1050,0,0,0,1050
04/17/2021,IAH,TX,ASW,CE,Towers with Radar,773,181,11,0,965,0,0,0,0,0,773,181,11,0,965,0,0,0,965
04/18/2021,IAH,TX,ASW,CE,Towers with Radar,812,197,22,2,1033,0,0,0,2,2,812,197,22,4,1035,0,0,0,1035
04/19/2021,IAH,TX,ASW,CE,Towers with Radar,809,184,13,2,1008,0,2,0,0,2,809,186,13,2,1010,0,0,0,1010
04/20/2021,IAH,TX,ASW,CE,Towers with Radar,788,182,10,0,980,0,2,10,0,12,788,184,20,0,992,0,0,0,992
04/21/2021,IAH,TX,ASW,CE,Towers with Radar,785,182,29,0,996,0,2,3,0,5,785,184,32,0,1001,0,0,0,1001
04/22/2021,IAH,TX,ASW,CE,Towers with Radar,834,193,26,0,1053,0,0,2,0,2,834,193,28,0,1055,0,0,0,1055
04/23/2021,IAH,TX,ASW,CE,Towers with Radar,828,191,16,0,1035,0,0,0,0,0,828,191,16,0,1035,0,0,0,1035
04/24/2021,IAH,TX,ASW,CE,Towers with Radar,774,192,8,0,974,0,0,0,0,0,774,192,8,0,974,0,0,0,974
04/25/2021,IAH,TX,ASW,CE,Towers with Radar,811,190,10,0,1011,0,0,0,0,0,811,190,10,0,1011,0,0,0,1011
04/26/2021,IAH,TX,ASW,CE,Towers with Radar,807,193,15,0,1015,0,0,5,4,9,807,193,20,4,1024,0,0,0,1024
04/27/2021,IAH,TX,ASW,CE,Towers with Radar,797,179,21,0,997,0,0,0,0,0,797,179,21,0,997,0,0,0,997
04/28/2021,IAH,TX,ASW,CE,Towers with Radar,798,179,28,0,1005,0,0,6,0,6,798,179,34,0,1011,0,0,0,1011
04/29/2021,IAH,TX,ASW,CE,Towers with Radar,833,197,29,0,1059,0,0,0,0,0,833,197,29,0,1059,0,0,0,1059
04/30/2021,IAH,TX,ASW,CE,Towers with Radar,840,202,13,0,1055,0,0,0,0,0,840,202,13,0,1055,0,0,0,1055
05/01/2021,IAH,TX,ASW,CE,Towers with Radar,771,194,3,0,968,0,0,0,0,0,771,194,3,0,968,0,0,0,968
05/02/2021,IAH,TX,ASW,CE,Towers with Radar,818,197,11,0,1026,0,4,4,0,8,818,201,15,0,1034,0,0,0,1034
05/03/2021,IAH,TX,ASW,CE,Towers with Radar,803,190,14,0,1007,0,2,5,0,7,803,192,19,0,1014,0,0,0,1014
05/04/2021,IAH,TX,ASW,CE,Towers with Radar,784,182,13,0,979,0,0,2,0,2,784,182,15,0,981,0,0,0,981
05/05/2021,IAH,TX,ASW,CE,Towers with Radar,799,197,24,0,1020,1,0,3,0,4,800,197,27,0,1024,0,0,0,1024
05/06/2021,IAH,TX,ASW,CE,Towers with Radar,850,195,20,1,1066,0,2,3,1,6,850,197,23,2,1072,0,0,0,1072
05/07/2021,IAH,TX,ASW,CE,Towers with Radar,856,192,18,0,1066,0,0,0,0,0,856,192,18,0,1066,0,0,0,1066
05/08/2021,IAH,TX,ASW,CE,Towers with Radar,790,185,8,0,983,0,0,0,0,0,790,185,8,0,983,0,0,0,983
05/09/2021,IAH,TX,ASW,CE,Towers with Radar,828,195,8,0,1031,0,0,0,0,0,828,195,8,0,1031,0,0,0,1031
05/10/2021,IAH,TX,ASW,CE,Towers with Radar,855,189,14,0,1058,0,0,1,0,1,855,189,15,0,1059,0,0,0,1059
05/11/2021,IAH,TX,ASW,CE,Towers with Radar,853,166,25,0,1044,0,1,0,0,1,853,167,25,0,1045,0,0,0,1045
05/12/2021,IAH,TX,ASW,CE,Towers with Radar,840,167,31,0,1038,0,0,0,0,0,840,167,31,0,1038,0,0,0,1038
05/13/2021,IAH,TX,ASW,CE,Towers with Radar,857,217,34,0,1108,0,2,0,0,2,857,219,34,0,1110,0,0,0,1110
05/14/2021,IAH,TX,ASW,CE,Towers with Radar,859,200,22,0,1081,0,0,3,0,3,859,200,25,0,1084,0,0,0,1084
05/15/2021,IAH,TX,ASW,CE,Towers with Radar,804,186,4,0,994,0,0,0,0,0,804,186,4,0,994,0,0,0,994
05/16/2021,IAH,TX,ASW,CE,Towers with Radar,824,197,18,0,1039,0,0,0,0,0,824,197,18,0,1039,0,0,0,1039
05/17/2021,IAH,TX,ASW,CE,Towers with Radar,806,151,7,0,964,0,0,0,2,2,806,151,7,2,966,0,0,0,966
05/18/2021,IAH,TX,ASW,CE,Towers with Radar,832,179,15,0,1026,0,3,1,0,4,832,182,16,0,1030,0,0,0,1030
05/19/2021,IAH,TX,ASW,CE,Towers with Radar,842,171,24,0,1037,0,0,1,0,1,842,171,25,0,1038,0,0,0,1038
05/20/2021,IAH,TX,ASW,CE,Towers with Radar,862,191,29,0,1082,0,7,6,0,13,862,198,35,0,1095,0,0,0,1095
05/21/2021,IAH,TX,ASW,CE,Towers with Radar,848,198,18,0,1064,0,0,0,0,0,848,198,18,0,1064,0,0,0,1064
05/22/2021,IAH,TX,ASW,CE,Towers with Radar,792,170,3,0,965,0,0,0,0,0,792,170,3,0,965,0,0,0,965
05/23/2021,IAH,TX,ASW,CE,Towers with Radar,840,196,10,0,1046,0,0,0,0,0,840,196,10,0,1046,0,0,0,1046
05/24/2021,IAH,TX,ASW,CE,Towers with Radar,785,159,15,0,959,0,0,0,0,0,785,159,15,0,959,0,0,0,959
05/25/2021,IAH,TX,ASW,CE,Towers with Radar,856,175,24,0,1055,0,2,0,0,2,856,177,24,0,1057,0,0,0,1057
05/26/2021,IAH,TX,ASW,CE,Towers with Radar,828,182,12,0,1022,0,1,4,2,7,828,183,16,2,1029,0,0,0,1029
05/27/2021,IAH,TX,ASW,CE,Towers with Radar,869,207,23,0,1099,0,0,0,0,0,869,207,23,0,1099,0,0,0,1099
05/28/2021,IAH,TX,ASW,CE,Towers with Radar,861,202,13,1,1077,0,0,0,0,0,861,202,13,1,1077,0,0,0,1077
05/29/2021,IAH,TX,ASW,CE,Towers with Radar,796,187,2,1,986,0,1,0,0,1,796,188,2,1,987,0,0,0,987
05/30/2021,IAH,TX,ASW,CE,Towers with Radar,836,206,5,1,1048,0,2,0,0,2,836,208,5,1,1050,0,0,0,1050
05/31/2021,IAH,TX,ASW,CE,Towers with Radar,818,201,16,0,1035,0,2,1,0,3,818,203,17,0,1038,0,0,0,1038
06/01/2021,IAH,TX,ASW,CE,Towers with Radar,822,182,23,0,1027,0,2,0,0,2,822,184,23,0,1029,0,0,0,1029
06/02/2021,IAH,TX,ASW,CE,Towers with Radar,830,173,24,0,1027,0,4,0,0,4,830,177,24,0,1031,0,0,0,1031
06/03/2021,IAH,TX,ASW,CE,Towers with Radar,942,197,26,0,1165,0,0,0,0,0,942,197,26,0,1165,0,0,0,1165
06/04/2021,IAH,TX,ASW,CE,Towers with Radar,950,224,21,0,1195,0,0,0,0,0,950,224,21,0,1195,0,0,0,1195
06/05/2021,IAH,TX,ASW,CE,Towers with Radar,895,195,4,0,1094,0,0,0,0,0,895,195,4,0,1094,0,0,0,1094
06/06/2021,IAH,TX,ASW,CE,Towers with Radar,939,201,17,0,1157,0,1,0,2,3,939,202,17,2,1160,0,0,0,1160
06/07/2021,IAH,TX,ASW,CE,Towers with Radar,921,213,13,0,1147,0,2,2,0,4,921,215,15,0,1151,0,0,0,1151
06/08/2021,IAH,TX,ASW,CE,Towers with Radar,953,203,34,0,1190,0,0,1,0,1,953,203,35,0,1191,0,0,0,1191
06/09/2021,IAH,TX,ASW,CE,Towers with Radar,946,201,34,0,1181,0,0,1,0,1,946,201,35,0,1182,0,0,0,1182
06/10/2021,IAH,TX,ASW,CE,Towers with Radar,970,224,31,0,1225,0,2,2,0,4,970,226,33,0,1229,0,0,0,1229
06/11/2021,IAH,TX,ASW,CE,Towers with Radar,960,224,15,0,1199,0,0,3,0,3,960,224,18,0,1202,0,0,0,1202
06/12/2021,IAH,TX,ASW,CE,Towers with Radar,901,195,9,0,1105,0,2,3,0,5,901,197,12,0,1110,0,0,0,1110
06/13/2021,IAH,TX,ASW,CE,Towers with Radar,943,208,24,0,1175,0,0,3,0,3,943,208,27,0,1178,0,0,0,1178
06/14/2021,IAH,TX,ASW,CE,Towers with Radar,946,216,18,0,1180,0,4,3,0,7,946,220,21,0,1187,0,0,0,1187
06/15/2021,IAH,TX,ASW,CE,Towers with Radar,926,198,22,0,1146,0,0,5,0,5,926,198,27,0,1151,0,0,0,1151
06/16/2021,IAH,TX,ASW,CE,Towers with Radar,962,205,27,0,1194,0,1,4,0,5,962,206,31,0,1199,0,0,0,1199
06/17/2021,IAH,TX,ASW,CE,Towers with Radar,970,222,27,2,1221,0,8,9,0,17,970,230,36,2,1238,0,0,0,1238
06/18/2021,IAH,TX,ASW,CE,Towers with Radar,972,215,8,0,1195,0,1,0,0,1,972,216,8,0,1196,0,0,0,1196
06/19/2021,IAH,TX,ASW,CE,Towers with Radar,891,193,13,0,1097,0,0,0,0,0,891,193,13,0,1097,0,0,0,1097
06/20/2021,IAH,TX,ASW,CE,Towers with Radar,956,207,6,0,1169,0,2,1,0,3,956,209,7,0,1172,0,0,0,1172
06/21/2021,IAH,TX,ASW,CE,Towers with Radar,929,215,26,0,1170,0,4,2,0,6,929,219,28,0,1176,0,0,0,1176
06/22/2021,IAH,TX,ASW,CE,Towers with Radar,948,198,15,0,1161,0,3,6,0,9,948,201,21,0,1170,0,0,0,1170
06/23/2021,IAH,TX,ASW,CE,Towers with Radar,949,202,28,0,1179,0,1,1,0,2,949,203,29,0,1181,0,0,0,1181
06/24/2021,IAH,TX,ASW,CE,Towers with Radar,947,227,27,0,1201,0,2,3,0,5,947,229,30,0,1206,0,0,0,1206
06/25/2021,IAH,TX,ASW,CE,Towers with Radar,963,213,15,0,1191,0,2,1,0,3,963,215,16,0,1194,0,0,0,1194
06/26/2021,IAH,TX,ASW,CE,Towers with Radar,916,195,10,0,1121,0,2,0,0,2,916,197,10,0,1123,0,0,0,1123
06/27/2021,IAH,TX,ASW,CE,Towers with Radar,937,212,22,0,1171,0,2,2,0,4,937,214,24,0,1175,0,0,0,1175
06/28/2021,IAH,TX,ASW,CE,Towers with Radar,933,214,27,0,1174,0,0,0,0,0,933,214,27,0,1174,0,0,0,1174
06/29/2021,IAH,TX,ASW,CE,Towers with Radar,933,196,22,0,1151,0,0,2,0,2,933,196,24,0,1153,0,0,0,1153
06/30/2021,IAH,TX,ASW,CE,Towers with Radar,955,208,28,0,1191,0,0,0,0,0,955,208,28,0,1191,0,0,0,1191
07/01/2021,IAH,TX,ASW,CE,Towers with Radar,1026,234,18,0,1278,0,2,2,0,4,1026,236,20,0,1282,0,0,0,1282
07/02/2021,IAH,TX,ASW,CE,Towers with Radar,1028,219,13,0,1260,0,2,2,1,5,1028,221,15,1,1265,0,0,0,1265
07/03/2021,IAH,TX,ASW,CE,Towers with Radar,949,190,7,0,1146,0,0,0,0,0,949,190,7,0,1146,0,0,0,1146
07/04/2021,IAH,TX,ASW,CE,Towers with Radar,921,192,9,0,1122,0,0,0,0,0,921,192,9,0,1122,0,0,0,1122
07/05/2021,IAH,TX,ASW,CE,Towers with Radar,966,205,13,0,1184,0,0,0,0,0,966,205,13,0,1184,0,0,0,1184
07/06/2021,IAH,TX,ASW,CE,Towers with Radar,967,181,7,2,1157,0,0,0,0,0,967,181,7,2,1157,0,0,0,1157
07/07/2021,IAH,TX,ASW,CE,Towers with Radar,1020,204,19,0,1243,0,1,2,0,3,1020,205,21,0,1246,0,0,0,1246
07/08/2021,IAH,TX,ASW,CE,Towers with Radar,1034,225,12,1,1272,0,5,0,0,5,1034,230,12,1,1277,0,0,0,1277
07/09/2021,IAH,TX,ASW,CE,Towers with Radar,1037,229,7,0,1273,0,2,2,0,4,1037,231,9,0,1277,0,0,0,1277
07/10/2021,IAH,TX,ASW,CE,Towers with Radar,988,202,8,0,1198,0,0,1,2,3,988,202,9,2,1201,0,0,0,1201
07/11/2021,IAH,TX,ASW,CE,Towers with Radar,1015,220,25,0,1260,0,4,0,0,4,1015,224,25,0,1264,0,0,0,1264
07/12/2021,IAH,TX,ASW,CE,Towers with Radar,1010,207,21,0,1238,0,0,2,0,2,1010,207,23,0,1240,0,0,0,1240
07/13/2021,IAH,TX,ASW,CE,Towers with Radar,1006,194,28,0,1228,0,0,0,0,0,1006,194,28,0,1228,0,0,0,1228
07/14/2021,IAH,TX,ASW,CE,Towers with Radar,1009,196,25,0,1230,0,2,2,0,4,1009,198,27,0,1234,0,0,0,1234
07/15/2021,IAH,TX,ASW,CE,Towers with Radar,1037,217,32,0,1286,0,0,0,0,0,1037,217,32,0,1286,0,0,0,1286
07/16/2021,IAH,TX,ASW,CE,Towers with Radar,1050,232,18,1,1301,0,2,3,0,5,1050,234,21,1,1306,0,0,0,1306
07/17/2021,IAH,TX,ASW,CE,Towers with Radar,968,206,6,0,1180,0,0,0,0,0,968,206,6,0,1180,0,0,0,1180
07/18/2021,IAH,TX,ASW,CE,Towers with Radar,1013,225,18,0,1256,0,5,6,0,11,1013,230,24,0,1267,0,0,0,1267
07/19/2021,IAH,TX,ASW,CE,Towers with Radar,1007,207,29,0,1243,0,0,0,0,0,1007,207,29,0,1243,0,0,0,1243
07/20/2021,IAH,TX,ASW,CE,Towers with Radar,1012,199,25,0,1236,0,0,0,0,0,1012,199,25,0,1236,0,0,0,1236
07/21/2021,IAH,TX,ASW,CE,Towers with Radar,1036,206,27,0,1269,0,2,3,0,5,1036,208,30,0,1274,0,0,0,1274
07/22/2021,IAH,TX,ASW,CE,Towers with Radar,1056,225,23,0,1304,0,2,0,2,4,1056,227,23,2,1308,0,0,0,1308
07/23/2021,IAH,TX,ASW,CE,Towers with Radar,1049,227,19,0,1295,0,2,0,1,3,1049,229,19,1,1298,0,0,0,1298
07/24/2021,IAH,TX,ASW,CE,Towers with Radar,996,197,17,1,1211,0,0,2,0,2,996,197,19,1,1213,0,0,0,1213
07/25/2021,IAH,TX,ASW,CE,Towers with Radar,1017,213,17,0,1247,0,0,0,0,0,1017,213,17,0,1247,0,0,0,1247
07/26/2021,IAH,TX,ASW,CE,Towers with Radar,1032,218,22,0,1272,0,6,0,0,6,1032,224,22,0,1278,0,0,0,1278
07/27/2021,IAH,TX,ASW,CE,Towers with Radar,1025,186,20,0,1231,0,2,3,0,5,1025,188,23,0,1236,0,0,0,1236
07/28/2021,IAH,TX,ASW,CE,Towers with Radar,1033,201,26,0,1260,0,4,2,0,6,1033,205,28,0,1266,0,0,0,1266
07/29/2021,IAH,TX,ASW,CE,Towers with Radar,1039,236,27,0,1302,0,0,2,0,2,1039,236,29,0,1304,0,0,0,1304
07/30/2021,IAH,TX,ASW,CE,Towers with Radar,1050,220,18,0,1288,0,0,6,0,6,1050,220,24,0,1294,0,0,0,1294
07/31/2021,IAH,TX,ASW,CE,Towers with Radar,979,194,9,0,1182,0,2,0,0,2,979,196,9,0,1184,0,0,0,1184
08/01/2021,IAH,TX,ASW,CE,Towers with Radar,1020,229,15,0,1264,0,1,2,0,3,1020,230,17,0,1267,0,0,0,1267
08/02/2021,IAH,TX,ASW,CE,Towers with Radar,979,230,10,0,1219,0,2,0,0,2,979,232,10,0,1221,0,0,0,1221
08/03/2021,IAH,TX,ASW,CE,Towers with Radar,979,218,20,0,1217,0,2,0,0,2,979,220,20,0,1219,0,0,0,1219
08/04/2021,IAH,TX,ASW,CE,Towers with Radar,1036,217,13,0,1266,0,2,4,0,6,1036,219,17,0,1272,0,0,0,1272
08/05/2021,IAH,TX,ASW,CE,Towers with Radar,1016,235,24,0,1275,0,4,2,0,6,1016,239,26,0,1281,0,0,0,1281
08/06/2021,IAH,TX,ASW,CE,Towers with Radar,1031,227,12,0,1270,0,0,2,0,2,1031,227,14,0,1272,0,0,0,1272
08/07/2021,IAH,TX,ASW,CE,Towers with Radar,979,217,9,0,1205,0,2,0,2,4,979,219,9,2,1209,0,0,0,1209
08/08/2021,IAH,TX,ASW,CE,Towers with Radar,1026,231,18,0,1275,0,2,0,0,2,1026,233,18,0,1277,0,0,0,1277
08/09/2021,IAH,TX,ASW,CE,Towers with Radar,1018,231,18,0,1267,0,0,4,0,4,1018,231,22,0,1271,0,0,0,1271
08/10/2021,IAH,TX,ASW,CE,Towers with Radar,1019,204,22,0,1245,0,0,2,0,2,1019,204,24,0,1247,0,0,0,1247
08/11/2021,IAH,TX,ASW,CE,Towers with Radar,1051,215,33,0,1299,0,6,3,0,9,1051,221,36,0,1308,0,0,0,1308
08/12/2021,IAH,TX,ASW,CE,Towers with Radar,1044,233,20,2,1299,0,0,2,0,2,1044,233,22,2,1301,0,0,0,1301
08/13/2021,IAH,TX,ASW,CE,Towers with Radar,1044,233,11,0,1288,0,0,1,0,1,1044,233,12,0,1289,0,0,0,1289
08/14/2021,IAH,TX,ASW,CE,Towers with Radar,985,205,7,0,1197,0,3,2,0,5,985,208,9,0,1202,0,0,0,1202
08/15/2021,IAH,TX,ASW,CE,Towers with Radar,1024,216,20,0,1260,0,2,1,0,3,1024,218,21,0,1263,0,0,0,1263
08/16/2021,IAH,TX,ASW,CE,Towers with Radar,1016,212,15,2,1245,0,0,0,0,0,1016,212,15,2,1245,0,0,0,1245
08/17/2021,IAH,TX,ASW,CE,Towers with Radar,1027,211,23,0,1261,0,2,0,0,2,1027,213,23,0,1263,0,0,0,1263
08/18/2021,IAH,TX,ASW,CE,Towers with Radar,992,189,28,0,1209,0,0,1,0,1,992,189,29,0,1210,0,0,0,1210
08/19/2021,IAH,TX,ASW,CE,Towers with Radar,1062,234,27,0,1323,0,0,0,0,0,1062,234,27,0,1323,0,0,0,1323
08/20/2021,IAH,TX,ASW,CE,Towers with Radar,1046,232,15,0,1293,0,0,0,0,0,1046,232,15,0,1293,0,0,0,1293
08/21/2021,IAH,TX,ASW,CE,Towers with Radar,969,210,4,0,1183,0,0,0,0,0,969,210,4,0,1183,0,0,0,1183
08/22/2021,IAH,TX,ASW,CE,Towers with Radar,1009,224,22,2,1257,0,2,2,0,4,1009,226,24,2,1261,0,0,0,1261
08/23/2021,IAH,TX,ASW,CE,Towers with Radar,1037,217,27,0,1281,0,0,3,0,3,1037,217,30,0,1284,0,0,0,1284
08/24/2021,IAH,TX,ASW,CE,Towers with Radar,1019,208,30,0,1257,0,0,2,0,2,1019,208,32,0,1259,0,0,0,1259
08/25/2021,IAH,TX,ASW,CE,Towers with Radar,1019,225,21,0,1265,0,8,0,0,8,1019,233,21,0,1273,0,0,0,1273
08/26/2021,IAH,TX,ASW,CE,Towers with Radar,1050,219,29,0,1298,0,2,10,0,12,1050,221,39,0,1310,0,0,0,1310
08/27/2021,IAH,TX,ASW,CE,Towers with Radar,1044,224,19,0,1287,0,0,1,0,1,1044,224,20,0,1288,0,0,0,1288
08/28/2021,IAH,TX,ASW,CE,Towers with Radar,969,200,10,0,1179,0,0,2,0,2,969,200,12,0,1181,0,0,0,1181
08/29/2021,IAH,TX,ASW,CE,Towers with Radar,979,182,14,0,1175,0,0,2,0,2,979,182,16,0,1177,0,0,0,1177
08/30/2021,IAH,TX,ASW,CE,Towers with Radar,987,174,28,1,1190,0,4,0,3,7,987,178,28,4,1197,0,0,0,1197
08/31/2021,IAH,TX,ASW,CE,Towers with Radar,989,196,25,0,1210,0,0,2,0,2,989,196,27,0,1212,0,0,0,1212
09/01/2021,IAH,TX,ASW,CE,Towers with Radar,994,205,32,0,1231,0,0,1,0,1,994,205,33,0,1232,0,0,0,1232
09/02/2021,IAH,TX,ASW,CE,Towers with Radar,1041,225,30,0,1296,0,2,4,0,6,1041,227,34,0,1302,0,0,0,1302
09/03/2021,IAH,TX,ASW,CE,Towers with Radar,1018,224,11,0,1253,0,1,3,1,5,1018,225,14,1,1258,0,0,0,1258
09/04/2021,IAH,TX,ASW,CE,Towers with Radar,954,187,7,0,1148,0,0,0,0,0,954,187,7,0,1148,0,0,0,1148
09/05/2021,IAH,TX,ASW,CE,Towers with Radar,924,184,2,0,1110,0,2,2,0,4,924,186,4,0,1114,0,0,0,1114
09/06/2021,IAH,TX,ASW,CE,Towers with Radar,993,212,13,0,1218,0,0,2,0,2,993,212,15,0,1220,0,0,0,1220
09/07/2021,IAH,TX,ASW,CE,Towers with Radar,958,206,18,2,1184,0,7,2,0,9,958,213,20,2,1193,0,0,0,1193
09/08/2021,IAH,TX,ASW,CE,Towers with Radar,988,220,29,0,1237,0,0,4,0,4,988,220,33,0,1241,0,0,0,1241
09/09/2021,IAH,TX,ASW,CE,Towers with Radar,1033,253,28,0,1314,0,0,0,0,0,1033,253,28,0,1314,0,0,0,1314
09/10/2021,IAH,TX,ASW,CE,Towers with Radar,1043,240,22,1,1306,0,0,0,0,0,1043,240,22,1,1306,0,0,0,1306
09/11/2021,IAH,TX,ASW,CE,Towers with Radar,980,206,16,1,1203,0,0,12,0,12,980,206,28,1,1215,0,0,0,1215
09/12/2021,IAH,TX,ASW,CE,Towers with Radar,1031,238,12,0,1281,0,0,0,0,0,1031,238,12,0,1281,0,0,0,1281
09/13/2021,IAH,TX,ASW,CE,Towers with Radar,958,210,27,0,1195,0,0,0,0,0,958,210,27,0,1195,0,0,0,1195
09/14/2021,IAH,TX,ASW,CE,Towers with Radar,846,153,10,0,1009,0,0,2,0,2,846,153,12,0,1011,0,0,0,1011
09/15/2021,IAH,TX,ASW,CE,Towers with Radar,959,217,23,0,1199,0,0,0,0,0,959,217,23,0,1199,0,0,0,1199
09/16/2021,IAH,TX,ASW,CE,Towers with Radar,1020,238,21,1,1280,0,1,2,0,3,1020,239,23,1,1283,0,0,0,1283
09/17/2021,IAH,TX,ASW,CE,Towers with Radar,1018,237,17,1,1273,0,0,4,0,4,1018,237,21,1,1277,0,0,0,1277
09/18/2021,IAH,TX,ASW,CE,Towers with Radar,956,200,11,0,1167,0,0,2,0,2,956,200,13,0,1169,0,0,0,1169
09/19/2021,IAH,TX,ASW,CE,Towers with Radar,1011,224,14,0,1249,0,0,2,0,2,1011,224,16,0,1251,0,0,0,1251
09/20/2021,IAH,TX,ASW,CE,Towers with Radar,992,225,17,0,1234,0,2,12,2,16,992,227,29,2,1250,0,0,0,1250
09/21/2021,IAH,TX,ASW,CE,Towers with Radar,939,196,22,0,1157,0,2,0,0,2,939,198,22,0,1159,0,0,0,1159
09/22/2021,IAH,TX,ASW,CE,Towers with Radar,959,212,26,0,1197,0,0,4,2,6,959,212,30,2,1203,0,0,0,1203
09/23/2021,IAH,TX,ASW,CE,Towers with Radar,999,231,31,0,1261,0,2,8,0,10,999,233,39,0,1271,0,0,0,1271
09/24/2021,IAH,TX,ASW,CE,Towers with Radar,1028,242,24,0,1294,0,6,2,0,8,1028,248,26,0,1302,0,0,0,1302
09/25/2021,IAH,TX,ASW,CE,Towers with Radar,958,200,9,0,1167,0,0,0,0,0,958,200,9,0,1167,0,0,0,1167
09/26/2021,IAH,TX,ASW,CE,Towers with Radar,992,224,14,2,1232,0,1,2,0,3,992,225,16,2,1235,0,0,0,1235
09/27/2021,IAH,TX,ASW,CE,Towers with Radar,992,230,20,0,1242,0,4,5,0,9,992,234,25,0,1251,0,0,0,1251
09/28/2021,IAH,TX,ASW,CE,Towers with Radar,926,208,28,0,1162,0,4,0,0,4,926,212,28,0,1166,0,0,0,1166
09/29/2021,IAH,TX,ASW,CE,Towers with Radar,967,209,26,2,1204,0,0,0,0,0,967,209,26,2,1204,0,0,0,1204
09/30/2021,IAH,TX,ASW,CE,Towers with Radar,1019,244,39,1,1303,0,0,0,0,0,1019,244,39,1,1303,0,0,0,1303
10/01/2021,IAH,TX,ASW,CE,Towers with Radar,996,205,20,1,1222,0,1,0,0,1,996,206,20,1,1223,0,0,0,1223
10/02/2021,IAH,TX,ASW,CE,Towers with Radar,960,200,14,2,1176,0,1,1,0,2,960,201,15,2,1178,0,0,0,1178
10/03/2021,IAH,TX,ASW,CE,Towers with Radar,1002,218,22,0,1242,0,0,6,0,6,1002,218,28,0,1248,0,0,0,1248
10/04/2021,IAH,TX,ASW,CE,Towers with Radar,1006,223,42,2,1273,0,2,0,0,2,1006,225,42,2,1275,0,0,0,1275
10/05/2021,IAH,TX,ASW,CE,Towers with Radar,966,188,26,4,1184,0,0,11,0,11,966,188,37,4,1195,0,0,0,1195
10/06/2021,IAH,TX,ASW,CE,Towers with Radar,996,216,24,0,1236,0,0,6,0,6,996,216,30,0,1242,0,0,0,1242
10/07/2021,IAH,TX,ASW,CE,Towers with Radar,1043,231,34,0,1308,0,0,4,0,4,1043,231,38,0,1312,0,0,0,1312
10/08/2021,IAH,TX,ASW,CE,Towers with Radar,1041,214,21,0,1276,0,4,1,0,5,1041,218,22,0,1281,0,0,0,1281
10/09/2021,IAH,TX,ASW,CE,Towers with Radar,972,196,3,0,1171,0,0,3,0,3,972,196,6,0,1174,0,0,0,1174
10/10/2021,IAH,TX,ASW,CE,Towers with Radar,996,217,25,1,1239,0,0,2,0,2,996,217,27,1,1241,0,0,0,1241
10/11/2021,IAH,TX,ASW,CE,Towers with Radar,1010,209,31,0,1250,0,0,3,0,3,1010,209,34,0,1253,0,0,0,1253
10/12/2021,IAH,TX,ASW,CE,Towers with Radar,962,195,22,0,1179,0,2,0,0,2,962,197,22,0,1181,0,0,0,1181
10/13/2021,IAH,TX,ASW,CE,Towers with Radar,985,195,32,0,1212,0,2,7,0,9,985,197,39,0,1221,0,0,0,1221
10/14/2021,IAH,TX,ASW,CE,Towers with Radar,1062,222,36,0,1320,0,0,0,0,0,1062,222,36,0,1320,0,0,0,1320
10/15/2021,IAH,TX,ASW,CE,Towers with Radar,1033,225,28,0,1286,0,2,0,0,2,1033,227,28,0,1288,0,0,0,1288
10/16/2021,IAH,TX,ASW,CE,Towers with Radar,959,208,12,0,1179,0,0,0,0,0,959,208,12,0,1179,0,0,0,1179
10/17/2021,IAH,TX,ASW,CE,Towers with Radar,1005,212,14,0,1231,0,2,0,0,2,1005,214,14,0,1233,0,0,0,1233
10/18/2021,IAH,TX,ASW,CE,Towers with Radar,1003,226,20,0,1249,0,3,3,0,6,1003,229,23,0,1255,0,0,0,1255
10/19/2021,IAH,TX,ASW,CE,Towers with Radar,957,201,26,0,1184,0,1,4,0,5,957,202,30,0,1189,0,0,0,1189
10/20/2021,IAH,TX,ASW,CE,Towers with Radar,980,212,27,0,1219,0,0,2,0,2,980,212,29,0,1221,0,0,0,1221
10/21/2021,IAH,TX,ASW,CE,Towers with Radar,990,208,27,0,1225,0,2,2,0,4,990,210,29,0,1229,0,0,0,1229
10/22/2021,IAH,TX,ASW,CE,Towers with Radar,1000,214,20,0,1234,0,2,1,0,3,1000,216,21,0,1237,0,0,0,1237
10/23/2021,IAH,TX,ASW,CE,Towers with Radar,954,185,8,2,1149,0,0,1,0,1,954,185,9,2,1150,0,0,0,1150
10/24/2021,IAH,TX,ASW,CE,Towers with Radar,992,217,18,1,1228,0,0,4,0,4,992,217,22,1,1232,0,0,0,1232
10/25/2021,IAH,TX,ASW,CE,Towers with Radar,991,219,18,0,1228,0,6,0,0,6,991,225,18,0,1234,0,0,0,1234
10/26/2021,IAH,TX,ASW,CE,Towers with Radar,964,202,31,0,1197,0,0,2,0,2,964,202,33,0,1199,0,0,0,1199
10/27/2021,IAH,TX,ASW,CE,Towers with Radar,964,194,24,2,1184,0,0,2,0,2,964,194,26,2,1186,0,0,0,1186
10/28/2021,IAH,TX,ASW,CE,Towers with Radar,1053,258,35,0,1346,0,0,0,0,0,1053,258,35,0,1346,0,0,0,1346
10/29/2021,IAH,TX,ASW,CE,Towers with Radar,1020,228,15,0,1263,0,0,4,2,6,1020,228,19,2,1269,0,0,0,1269
10/30/2021,IAH,TX,ASW,CE,Towers with Radar,947,183,7,0,1137,0,1,2,0,3,947,184,9,0,1140,0,0,0,1140
10/31/2021,IAH,TX,ASW,CE,Towers with Radar,878,213,17,0,1108,0,0,2,0,2,878,213,19,0,1110,0,0,0,1110
11/01/2021,IAH,TX,ASW,CE,Towers with Radar,935,225,26,2,1188,0,0,3,0,3,935,225,29,2,1191,0,0,0,1191
11/02/2021,IAH,TX,ASW,CE,Towers with Radar,921,227,29,0,1177,0,0,1,0,1,921,227,30,0,1178,0,0,0,1178
11/03/2021,IAH,TX,ASW,CE,Towers with Radar,965,218,35,0,1218,0,0,0,0,0,965,218,35,0,1218,0,0,0,1218
11/04/2021,IAH,TX,ASW,CE,Towers with Radar,970,223,29,0,1222,0,0,0,0,0,970,223,29,0,1222,0,0,0,1222
11/05/2021,IAH,TX,ASW,CE,Towers with Radar,978,223,19,0,1220,0,5,4,0,9,978,228,23,0,1229,0,0,0,1229
11/06/2021,IAH,TX,ASW,CE,Towers with Radar,894,201,10,0,1105,0,0,1,0,1,894,201,11,0,1106,0,0,0,1106
11/07/2021,IAH,TX,ASW,CE,Towers with Radar,949,216,22,0,1187,0,0,6,0,6,949,216,28,0,1193,0,0,0,1193
11/08/2021,IAH,TX,ASW,CE,Towers with Radar,959,228,30,0,1217,0,0,4,2,6,959,228,34,2,1223,0,0,0,1223
11/09/2021,IAH,TX,ASW,CE,Towers with Radar,943,221,22,0,1186,0,2,0,0,2,943,223,22,0,1188,0,0,0,1188
11/10/2021,IAH,TX,ASW,CE,Towers with Radar,978,237,29,0,1244,0,0,0,0,0,978,237,29,0,1244,0,0,0,1244
11/11/2021,IAH,TX,ASW,CE,Towers with Radar,979,231,17,0,1227,0,0,0,0,0,979,231,17,0,1227,0,0,0,1227
11/12/2021,IAH,TX,ASW,CE,Towers with Radar,972,228,18,0,1218,0,0,0,0,0,972,228,18,0,1218,0,0,0,1218
11/13/2021,IAH,TX,ASW,CE,Towers with Radar,897,192,7,0,1096,0,0,0,0,0,897,192,7,0,1096,0,0,0,1096
11/14/2021,IAH,TX,ASW,CE,Towers with Radar,939,223,14,0,1176,0,0,5,0,5,939,223,19,0,1181,0,0,0,1181
11/15/2021,IAH,TX,ASW,CE,Towers with Radar,956,234,23,0,1213,0,2,2,0,4,956,236,25,0,1217,0,0,0,1217
11/16/2021,IAH,TX,ASW,CE,Towers with Radar,928,228,14,0,1170,0,2,1,1,4,928,230,15,1,1174,0,0,0,1174
11/17/2021,IAH,TX,ASW,CE,Towers with Radar,979,227,23,0,1229,0,0,3,0,3,979,227,26,0,1232,0,0,0,1232
11/18/2021,IAH,TX,ASW,CE,Towers with Radar,983,221,21,0,1225,0,0,0,0,0,983,221,21,0,1225,0,0,0,1225
11/19/2021,IAH,TX,ASW,CE,Towers with Radar,985,235,19,0,1239,0,0,5,0,5,985,235,24,0,1244,0,0,0,1244
11/20/2021,IAH,TX,ASW,CE,Towers with Radar,933,201,10,0,1144,0,0,4,0,4,933,201,14,0,1148,0,0,0,1148
11/21/2021,IAH,TX,ASW,CE,Towers with Radar,958,230,21,0,1209,0,0,1,0,1,958,230,22,0,1210,0,0,0,1210
11/22/2021,IAH,TX,ASW,CE,Towers with Radar,962,226,10,0,1198,0,1,1,0,2,962,227,11,0,1200,0,0,0,1200
11/23/2021,IAH,TX,ASW,CE,Towers with Radar,987,217,23,0,1227,0,0,2,0,2,987,217,25,0,1229,0,0,0,1229
11/24/2021,IAH,TX,ASW,CE,Towers with Radar,976,227,8,0,1211,0,2,0,0,2,976,229,8,0,1213,0,0,0,1213
11/25/2021,IAH,TX,ASW,CE,Towers with Radar,771,163,2,0,936,0,0,0,0,0,771,163,2,0,936,0,0,0,936
11/26/2021,IAH,TX,ASW,CE,Towers with Radar,899,210,5,0,1114,0,0,3,0,3,899,210,8,0,1117,0,0,0,1117
11/27/2021,IAH,TX,ASW,CE,Towers with Radar,956,239,13,0,1208,0,4,0,0,4,956,243,13,0,1212,0,0,0,1212
11/28/2021,IAH,TX,ASW,CE,Towers with Radar,1015,244,18,0,1277,0,0,0,0,0,1015,244,18,0,1277,0,0,0,1277
11/29/2021,IAH,TX,ASW,CE,Towers with Radar,1011,224,15,0,1250,0,4,0,0,4,1011,228,15,0,1254,0,0,0,1254
11/30/2021,IAH,TX,ASW,CE,Towers with Radar,975,222,28,0,1225,0,0,0,0,0,975,222,28,0,1225,0,0,0,1225
12/01/2021,IAH,TX,ASW,CE,Towers with Radar,975,229,34,0,1238,0,0,1,0,1,975,229,35,0,1239,0,0,0,1239
12/02/2021,IAH,TX,ASW,CE,Towers with Radar,989,234,38,0,1261,0,2,0,2,4,989,236,38,2,1265,0,0,0,1265
12/03/2021,IAH,TX,ASW,CE,Towers with Radar,980,222,23,0,1225,0,1,0,0,1,980,223,23,0,1226,0,0,0,1226
12/04/2021,IAH,TX,ASW,CE,Towers with Radar,913,173,14,0,1100,0,0,0,0,0,913,173,14,0,1100,0,0,0,1100
12/05/2021,IAH,TX,ASW,CE,Towers with Radar,936,199,21,0,1156,0,2,0,0,2,936,201,21,0,1158,0,0,0,1158
12/06/2021,IAH,TX,ASW,CE,Towers with Radar,938,206,28,0,1172,0,2,2,0,4,938,208,30,0,1176,0,0,0,1176
12/07/2021,IAH,TX,ASW,CE,Towers with Radar,958,202,36,0,1196,0,5,2,0,7,958,207,38,0,1203,0,0,0,1203
12/08/2021,IAH,TX,ASW,CE,Towers with Radar,943,211,27,1,1182,0,0,0,0,0,943,211,27,1,1182,0,0,0,1182
12/09/2021,IAH,TX,ASW,CE,Towers with Radar,947,210,33,1,1191,0,0,0,0,0,947,210,33,1,1191,0,0,0,1191
12/10/2021,IAH,TX,ASW,CE,Towers with Radar,975,198,31,0,1204,0,4,2,0,6,975,202,33,0,1210,0,0,0,1210
12/11/2021,IAH,TX,ASW,CE,Towers with Radar,914,183,10,0,1107,0,0,4,0,4,914,183,14,0,1111,0,0,0,1111
12/12/2021,IAH,TX,ASW,CE,Towers with Radar,940,194,16,0,1150,0,0,1,1,2,940,194,17,1,1152,0,0,0,1152
12/13/2021,IAH,TX,ASW,CE,Towers with Radar,942,217,22,2,1183,0,2,0,2,4,942,219,22,4,1187,0,0,0,1187
12/14/2021,IAH,TX,ASW,CE,Towers with Radar,942,200,27,0,1169,0,2,0,0,2,942,202,27,0,1171,0,0,0,1171
12/15/2021,IAH,TX,ASW,CE,Towers with Radar,938,211,27,0,1176,0,0,5,0,5,938,211,32,0,1181,0,0,0,1181
12/16/2021,IAH,TX,ASW,CE,Towers with Radar,998,207,22,0,1227,0,2,2,0,4,998,209,24,0,1231,0,0,0,1231
12/17/2021,IAH,TX,ASW,CE,Towers with Radar,1035,214,30,0,1279,0,0,1,0,1,1035,214,31,0,1280,0,0,0,1280
12/18/2021,IAH,TX,ASW,CE,Towers with Radar,903,152,12,0,1067,0,0,0,0,0,903,152,12,0,1067,0,0,0,1067
12/19/2021,IAH,TX,ASW,CE,Towers with Radar,971,210,21,0,1202,0,0,2,0,2,971,210,23,0,1204,0,0,0,1204
12/20/2021,IAH,TX,ASW,CE,Towers with Radar,1002,211,16,0,1229,0,2,0,0,2,1002,213,16,0,1231,0,0,0,1231
12/21/2021,IAH,TX,ASW,CE,Towers with Radar,1023,203,14,0,1240,0,2,2,0,4,1023,205,16,0,1244,0,0,0,1244
12/22/2021,IAH,TX,ASW,CE,Towers with Radar,1026,217,21,0,1264,0,0,0,0,0,1026,217,21,0,1264,0,0,0,1264
12/23/2021,IAH,TX,ASW,CE,Towers with Radar,997,211,11,0,1219,0,2,0,0,2,997,213,11,0,1221,0,0,0,1221
12/24/2021,IAH,TX,ASW,CE,Towers with Radar,797,159,7,0,963,0,4,2,0,6,797,163,9,0,969,0,0,0,969
12/25/2021,IAH,TX,ASW,CE,Towers with Radar,769,180,2,0,951,0,0,0,4,4,769,180,2,4,955,0,0,0,955
12/26/2021,IAH,TX,ASW,CE,Towers with Radar,891,204,21,0,1116,0,0,0,0,0,891,204,21,0,1116,0,0,0,1116
12/27/2021,IAH,TX,ASW,CE,Towers with Radar,939,210,19,0,1168,0,2,3,2,7,939,212,22,2,1175,0,0,0,1175
12/28/2021,IAH,TX,ASW,CE,Towers with Radar,967,196,8,0,1171,0,0,0,0,0,967,196,8,0,1171,0,0,0,1171
12/29/2021,IAH,TX,ASW,CE,Towers with Radar,965,205,19,0,1189,0,2,4,0,6,965,207,23,0,1195,0,0,0,1195
12/30/2021,IAH,TX,ASW,CE,Towers with Radar,930,188,12,0,1130,0,0,1,1,2,930,188,13,1,1132,0,0,0,1132
12/31/2021,IAH,TX,ASW,CE,Towers with Radar,764,123,9,0,896,0,2,0,0,2,764,125,9,0,898,0,0,0,898
01/01/2022,IAH,TX,ASW,CE,Towers with Radar,804,137,5,0,946,0,0,0,0,0,804,137,5,0,946,0,0,0,946
01/02/2022,IAH,TX,ASW,CE,Towers with Radar,894,146,17,0,1057,0,0,0,0,0,894,146,17,0,1057,0,0,0,1057
01/03/2022,IAH,TX,ASW,CE,Towers with Radar,892,174,21,0,1087,0,2,0,0,2,892,176,21,0,1089,0,0,0,1089
01/04/2022,IAH,TX,ASW,CE,Towers with Radar,910,167,7,0,1084,0,1,2,0,3,910,168,9,0,1087,0,0,0,1087
01/05/2022,IAH,TX,ASW,CE,Towers with Radar,877,181,10,0,1068,0,0,0,0,0,877,181,10,0,1068,0,0,0,1068
01/06/2022,IAH,TX,ASW,CE,Towers with Radar,850,193,26,0,1069,0,0,2,0,2,850,193,28,0,1071,0,0,0,1071
01/07/2022,IAH,TX,ASW,CE,Towers with Radar,863,182,20,0,1065,0,2,2,0,4,863,184,22,0,1069,0,0,0,1069
01/08/2022,IAH,TX,ASW,CE,Towers with Radar,778,144,9,0,931,0,0,0,0,0,778,144,9,0,931,0,0,0,931
01/09/2022,IAH,TX,ASW,CE,Towers with Radar,842,160,9,0,1011,0,0,2,0,2,842,160,11,0,1013,0,0,0,1013
01/10/2022,IAH,TX,ASW,CE,Towers with Radar,889,166,17,0,1072,0,0,4,0,4,889,166,21,0,1076,0,0,0,1076
01/11/2022,IAH,TX,ASW,CE,Towers with Radar,835,163,17,0,1015,0,0,2,0,2,835,163,19,0,1017,0,0,0,1017
01/12/2022,IAH,TX,ASW,CE,Towers with Radar,854,169,15,0,1038,0,2,5,0,7,854,171,20,0,1045,0,0,0,1045
01/13/2022,IAH,TX,ASW,CE,Towers with Radar,849,173,14,0,1036,0,0,2,0,2,849,173,16,0,1038,0,0,0,1038
01/14/2022,IAH,TX,ASW,CE,Towers with Radar,886,166,9,0,1061,0,0,0,0,0,886,166,9,0,1061,0,0,0,1061
01/15/2022,IAH,TX,ASW,CE,Towers with Radar,802,151,13,0,966,0,0,0,0,0,802,151,13,0,966,0,0,0,966
01/16/2022,IAH,TX,ASW,CE,Towers with Radar,776,155,7,0,938,0,0,0,0,0,776,155,7,0,938,0,0,0,938
01/17/2022,IAH,TX,ASW,CE,Towers with Radar,842,164,13,0,1019,0,0,2,0,2,842,164,15,0,1021,0,0,0,1021
01/18/2022,IAH,TX,ASW,CE,Towers with Radar,831,165,21,0,1017,0,1,0,0,1,831,166,21,0,1018,0,0,0,1018
01/19/2022,IAH,TX,ASW,CE,Towers with Radar,809,164,22,0,995,0,0,1,0,1,809,164,23,0,996,0,0,0,996
01/20/2022,IAH,TX,ASW,CE,Towers with Radar,854,163,28,0,1045,0,0,0,0,0,854,163,28,0,1045,0,0,0,1045
01/21/2022,IAH,TX,ASW,CE,Towers with Radar,871,166,16,0,1053,0,0,3,2,5,871,166,19,2,1058,0,0,0,1058
01/22/2022,IAH,TX,ASW,CE,Towers with Radar,762,146,7,0,915,0,0,1,0,1,762,146,8,0,916,0,0,0,916
01/23/2022,IAH,TX,ASW,CE,Towers with Radar,829,165,14,0,1008,0,0,4,0,4,829,165,18,0,1012,0,0,0,1012
01/24/2022,IAH,TX,ASW,CE,Towers with Radar,862,175,16,0,1053,0,0,0,0,0,862,175,16,0,1053,0,0,0,1053
01/25/2022,IAH,TX,ASW,CE,Towers with Radar,858,168,20,0,1046,0,0,0,0,0,858,168,20,0,1046,0,0,0,1046
01/26/2022,IAH,TX,ASW,CE,Towers with Radar,853,172,19,2,1046,0,2,6,0,8,853,174,25,2,1054,0,0,0,1054
01/27/2022,IAH,TX,ASW,CE,Towers with Radar,881,179,20,0,1080,0,2,5,0,7,881,181,25,0,1087,0,0,0,1087
01/28/2022,IAH,TX,ASW,CE,Towers with Radar,862,172,20,0,1054,0,0,6,0,6,862,172,26,0,1060,0,0,0,1060
01/29/2022,IAH,TX,ASW,CE,Towers with Radar,742,148,3,0,893,0,2,1,0,3,742,150,4,0,896,0,0,0,896
01/30/2022,IAH,TX,ASW,CE,Towers with Radar,830,170,12,0,1012,0,0,3,0,3,830,170,15,0,1015,0,0,0,1015
01/31/2022,IAH,TX,ASW,CE,Towers with Radar,854,169,18,0,1041,0,0,0,0,0,854,169,18,0,1041,0,0,0,1041
02/01/2022,IAH,TX,ASW,CE,Towers with Radar,872,173,22,0,1067,0,2,0,0,2,872,175,22,0,1069,0,0,0,1069
02/02/2022,IAH,TX,ASW,CE,Towers with Radar,826,151,9,0,986,0,0,0,0,0,826,151,9,0,986,0,0,0,986
02/03/2022,IAH,TX,ASW,CE,Towers with Radar,791,129,16,0,936,0,0,0,0,0,791,129,16,0,936,0,0,0,936
02/04/2022,IAH,TX,ASW,CE,Towers with Radar,835,171,20,0,1026,0,2,0,0,2,835,173,20,0,1028,0,0,0,1028
02/05/2022,IAH,TX,ASW,CE,Towers with Radar,802,149,6,0,957,0,0,3,0,3,802,149,9,0,960,0,0,0,960
02/06/2022,IAH,TX,ASW,CE,Towers with Radar,848,175,14,0,1037,0,4,2,0,6,848,179,16,0,1043,0,0,0,1043
02/07/2022,IAH,TX,ASW,CE,Towers with Radar,879,158,21,0,1058,0,0,2,5,7,879,158,23,5,1065,0,0,0,1065
02/08/2022,IAH,TX,ASW,CE,Towers with Radar,873,147,27,0,1047,0,2,0,2,4,873,149,27,2,1051,0,0,0,1051
02/09/2022,IAH,TX,ASW,CE,Towers with Radar,888,160,29,0,1077,0,0,11,2,13,888,160,40,2,1090,0,0,0,1090
02/10/2022,IAH,TX,ASW,CE,Towers with Radar,906,158,27,0,1091,0,0,0,0,0,906,158,27,0,1091,0,0,0,1091
02/11/2022,IAH,TX,ASW,CE,Towers with Radar,927,181,16,0,1124,0,1,2,0,3,927,182,18,0,1127,0,0,0,1127
02/12/2022,IAH,TX,ASW,CE,Towers with Radar,870,157,17,0,1044,0,2,0,0,2,870,159,17,0,1046,0,0,0,1046
02/13/2022,IAH,TX,ASW,CE,Towers with Radar,892,160,10,0,1062,0,0,4,0,4,892,160,14,0,1066,0,0,0,1066
02/14/2022,IAH,TX,ASW,CE,Towers with Radar,902,167,19,0,1088,0,0,1,0,1,902,167,20,0,1089,0,0,0,1089
02/15/2022,IAH,TX,ASW,CE,Towers with Radar,891,182,29,0,1102,0,1,2,0,3,891,183,31,0,1105,0,0,0,1105
02/16/2022,IAH,TX,ASW,CE,Towers with Radar,902,186,24,0,1112,0,0,0,1,1,902,186,24,1,1113,0,0,0,1113
02/17/2022,IAH,TX,ASW,CE,Towers with Radar,892,190,21,0,1103,0,0,2,0,2,892,190,23,0,1105,0,0,0,1105
02/18/2022,IAH,TX,ASW,CE,Towers with Radar,937,200,30,0,1167,0,2,8,2,12,937,202,38,2,1179,0,0,0,1179
02/19/2022,IAH,TX,ASW,CE,Towers with Radar,880,168,13,0,1061,0,2,6,0,8,880,170,19,0,1069,0,0,0,1069
02/20/2022,IAH,TX,ASW,CE,Towers with Radar,886,175,15,0,1076,0,2,0,0,2,886,177,15,0,1078,0,0,0,1078
02/21/2022,IAH,TX,ASW,CE,Towers with Radar,913,202,35,0,1150,0,0,0,0,0,913,202,35,0,1150,0,0,0,1150
02/22/2022,IAH,TX,ASW,CE,Towers with Radar,893,185,25,0,1103,0,2,1,0,3,893,187,26,0,1106,0,0,0,1106
02/23/2022,IAH,TX,ASW,CE,Towers with Radar,868,185,31,2,1086,0,0,0,0,0,868,185,31,2,1086,0,0,0,1086
02/24/2022,IAH,TX,ASW,CE,Towers with Radar,880,175,15,0,1070,0,0,0,0,0,880,175,15,0,1070,0,0,0,1070
02/25/2022,IAH,TX,ASW,CE,Towers with Radar,918,184,28,0,1130,0,0,0,0,0,918,184,28,0,1130,0,0,0,1130
02/26/2022,IAH,TX,ASW,CE,Towers with Radar,889,158,9,0,1056,0,0,0,0,0,889,158,9,0,1056,0,0,0,1056
02/27/2022,IAH,TX,ASW,CE,Towers with Radar,902,172,18,0,1092,0,0,1,0,1,902,172,19,0,1093,0,0,0,1093
02/28/2022,IAH,TX,ASW,CE,Towers with Radar,920,193,19,0,1132,0,2,4,0,6,920,195,23,0,1138,0,0,0,1138
03/01/2022,IAH,TX,ASW,CE,Towers with Radar,890,200,23,0,1113,0,0,1,0,1,890,200,24,0,1114,0,0,0,1114
03/02/2022,IAH,TX,ASW,CE,Towers with Radar,900,207,29,0,1136,0,3,0,0,3,900,210,29,0,1139,0,0,0,1139
03/03/2022,IAH,TX,ASW,CE,Towers with Radar,922,204,34,0,1160,0,0,1,0,1,922,204,35,0,1161,0,0,0,1161
03/04/2022,IAH,TX,ASW,CE,Towers with Radar,933,199,14,0,1146,0,3,0,0,3,933,202,14,0,1149,0,0,0,1149
03/05/2022,IAH,TX,ASW,CE,Towers with Radar,895,189,7,0,1091,0,0,0,1,1,895,189,7,1,1092,0,0,0,1092
03/06/2022,IAH,TX,ASW,CE,Towers with Radar,910,200,20,0,1130,0,3,2,1,6,910,203,22,1,1136,0,0,0,1136
03/07/2022,IAH,TX,ASW,CE,Towers with Radar,918,210,30,0,1158,0,0,4,0,4,918,210,34,0,1162,0,0,0,1162
03/08/2022,IAH,TX,ASW,CE,Towers with Radar,891,198,23,0,1112,0,0,0,0,0,891,198,23,0,1112,0,0,0,1112
03/09/2022,IAH,TX,ASW,CE,Towers with Radar,886,217,40,0,1143,0,0,3,0,3,886,217,43,0,1146,0,0,0,1146
03/10/2022,IAH,TX,ASW,CE,Towers with Radar,927,206,24,0,1157,0,0,0,0,0,927,206,24,0,1157,0,0,0,1157
03/11/2022,IAH,TX,ASW,CE,Towers with Radar,939,211,19,0,1169,0,2,2,0,4,939,213,21,0,1173,0,0,0,1173
03/12/2022,IAH,TX,ASW,CE,Towers with Radar,879,189,19,0,1087,0,0,4,2,6,879,189,23,2,1093,0,0,0,1093
03/13/2022,IAH,TX,ASW,CE,Towers with Radar,913,194,24,0,1131,0,2,2,0,4,913,196,26,0,1135,0,0,0,1135
03/14/2022,IAH,TX,ASW,CE,Towers with Radar,906,198,23,0,1127,0,0,2,0,2,906,198,25,0,1129,0,0,0,1129
03/15/2022,IAH,TX,ASW,CE,Towers with Radar,903,196,23,0,1122,0,1,0,0,1,903,197,23,0,1123,0,0,0,1123
03/16/2022,IAH,TX,ASW,CE,Towers with Radar,897,197,19,0,1113,0,2,6,4,12,897,199,25,4,1125,0,0,0,1125
03/17/2022,IAH,TX,ASW,CE,Towers with Radar,910,211,25,0,1146,0,0,0,0,0,910,211,25,0,1146,0,0,0,1146
03/18/2022,IAH,TX,ASW,CE,Towers with Radar,924,199,17,0,1140,0,4,0,0,4,924,203,17,0,1144,0,0,0,1144
03/19/2022,IAH,TX,ASW,CE,Towers with Radar,898,182,7,0,1087,0,5,2,0,7,898,187,9,0,1094,0,0,0,1094
03/20/2022,IAH,TX,ASW,CE,Towers with Radar,925,203,13,0,1141,0,0,7,0,7,925,203,20,0,1148,0,0,0,1148
03/21/2022,IAH,TX,ASW,CE,Towers with Radar,918,198,22,0,1138,0,0,0,0,0,918,198,22,0,1138,0,0,0,1138
03/22/2022,IAH,TX,ASW,CE,Towers with Radar,898,182,24,0,1104,0,2,7,0,9,898,184,31,0,1113,0,0,0,1113
03/23/2022,IAH,TX,ASW,CE,Towers with Radar,918,211,31,0,1160,0,0,3,0,3,918,211,34,0,1163,0,0,0,1163
03/24/2022,IAH,TX,ASW,CE,Towers with Radar,921,204,29,0,1154,0,0,3,0,3,921,204,32,0,1157,0,0,0,1157
03/25/2022,IAH,TX,ASW,CE,Towers with Radar,934,194,16,0,1144,0,0,6,0,6,934,194,22,0,1150,0,0,0,1150
03/26/2022,IAH,TX,ASW,CE,Towers with Radar,876,187,8,0,1071,0,0,2,0,2,876,187,10,0,1073,0,0,0,1073
03/27/2022,IAH,TX,ASW,CE,Towers with Radar,901,170,13,1,1085,0,2,1,0,3,901,172,14,1,1088,0,0,0,1088
03/28/2022,IAH,TX,ASW,CE,Towers with Radar,892,173,18,0,1083,0,0,4,2,6,892,173,22,2,1089,0,0,0,1089
03/29/2022,IAH,TX,ASW,CE,Towers with Radar,878,168,26,0,1072,0,0,0,0,0,878,168,26,0,1072,0,0,0,1072
03/30/2022,IAH,TX,ASW,CE,Towers with Radar,858,145,38,0,1041,0,0,1,0,1,858,145,39,0,1042,0,0,0,1042
03/31/2022,IAH,TX,ASW,CE,Towers with Radar,899,177,30,0,1106,0,2,9,0,11,899,179,39,0,1117,0,0,0,1117
04/01/2022,IAH,TX,ASW,CE,Towers with Radar,922,187,26,0,1135,0,0,6,3,9,922,187,32,3,1144,0,0,0,1144
04/02/2022,IAH,TX,ASW,CE,Towers with Radar,856,158,11,0,1025,0,2,0,1,3,856,160,11,1,1028,0,0,0,1028
04/03/2022,IAH,TX,ASW,CE,Towers with Radar,879,178,19,0,1076,0,2,0,0,2,879,180,19,0,1078,0,0,0,1078
04/04/2022,IAH,TX,ASW,CE,Towers with Radar,867,174,18,1,1060,0,0,2,0,2,867,174,20,1,1062,0,0,0,1062
04/05/2022,IAH,TX,ASW,CE,Towers with Radar,866,165,25,0,1056,0,0,1,0,1,866,165,26,0,1057,0,0,0,1057
04/06/2022,IAH,TX,ASW,CE,Towers with Radar,907,174,27,0,1108,0,5,0,2,7,907,179,27,2,1115,0,0,0,1115
04/07/2022,IAH,TX,ASW,CE,Towers with Radar,900,187,32,0,1119,0,0,2,0,2,900,187,34,0,1121,0,0,0,1121
04/08/2022,IAH,TX,ASW,CE,Towers with Radar,918,183,29,1,1131,0,2,1,0,3,918,185,30,1,1134,0,0,0,1134
04/09/2022,IAH,TX,ASW,CE,Towers with Radar,859,182,10,1,1052,0,0,4,0,4,859,182,14,1,1056,0,0,0,1056
04/10/2022,IAH,TX,ASW,CE,Towers with Radar,881,173,16,2,1072,0,0,0,0,0,881,173,16,2,1072,0,0,0,1072
04/11/2022,IAH,TX,ASW,CE,Towers with Radar,901,179,24,0,1104,0,3,0,0,3,901,182,24,0,1107,0,0,0,1107
04/12/2022,IAH,TX,ASW,CE,Towers with Radar,896,180,21,0,1097,0,1,0,0,1,896,181,21,0,1098,0,0,0,1098
04/13/2022,IAH,TX,ASW,CE,Towers with Radar,900,181,36,0,1117,0,0,2,0,2,900,181,38,0,1119,0,0,0,1119
04/14/2022,IAH,TX,ASW,CE,Towers with Radar,923,185,20,2,1130,0,2,4,0,6,923,187,24,2,1136,0,0,0,1136
04/15/2022,IAH,TX,ASW,CE,Towers with Radar,937,174,16,0,1127,0,3,0,0,3,937,177,16,0,1130,0,0,0,1130
04/16/2022,IAH,TX,ASW,CE,Towers with Radar,872,170,5,0,1047,0,0,2,0,2,872,170,7,0,1049,0,0,0,1049
04/17/2022,IAH,TX,ASW,CE,Towers with Radar,899,172,8,0,1079,0,1,2,1,4,899,173,10,1,1083,0,0,0,1083
04/18/2022,IAH,TX,ASW,CE,Towers with Radar,906,184,16,0,1106,0,4,2,1,7,906,188,18,1,1113,0,0,0,1113
04/19/2022,IAH,TX,ASW,CE,Towers with Radar,892,185,26,0,1103,0,1,1,0,2,892,186,27,0,1105,0,0,0,1105
04/20/2022,IAH,TX,ASW,CE,Towers with Radar,907,176,19,2,1104,0,0,0,0,0,907,176,19,2,1104,0,0,0,1104
04/21/2022,IAH,TX,ASW,CE,Towers with Radar,914,180,29,0,1123,0,0,0,0,0,914,180,29,0,1123,0,0,0,1123
04/22/2022,IAH,TX,ASW,CE,Towers with Radar,932,174,20,0,1126,0,2,4,0,6,932,176,24,0,1132,0,0,0,1132
04/23/2022,IAH,TX,ASW,CE,Towers with Radar,876,178,10,0,1064,0,2,0,0,2,876,180,10,0,1066,0,0,0,1066
04/24/2022,IAH,TX,ASW,CE,Towers with Radar,935,178,12,0,1125,0,2,2,0,4,935,180,14,0,1129,0,0,0,1129
04/25/2022,IAH,TX,ASW,CE,Towers with Radar,751,101,18,0,870,0,0,0,0,0,751,101,18,0,870,0,0,0,870
04/26/2022,IAH,TX,ASW,CE,Towers with Radar,904,177,30,0,1111,0,0,4,2,6,904,177,34,2,1117,0,0,0,1117
04/27/2022,IAH,TX,ASW,CE,Towers with Radar,899,182,30,0,1111,0,2,2,0,4,899,184,32,0,1115,0,0,0,1115
04/28/2022,IAH,TX,ASW,CE,Towers with Radar,921,179,34,0,1134,0,4,2,2,8,921,183,36,2,1142,0,0,0,1142
04/29/2022,IAH,TX,ASW,CE,Towers with Radar,942,188,19,0,1149,0,2,0,0,2,942,190,19,0,1151,0,0,0,1151
04/30/2022,IAH,TX,ASW,CE,Towers with Radar,869,169,9,0,1047,0,2,0,0,2,869,171,9,0,1049,0,0,0,1049
05/01/2022,IAH,TX,ASW,CE,Towers with Radar,904,171,12,0,1087,0,0,1,0,1,904,171,13,0,1088,0,0,0,1088
05/02/2022,IAH,TX,ASW,CE,Towers with Radar,912,181,29,0,1122,0,0,0,0,0,912,181,29,0,1122,0,0,0,1122
05/03/2022,IAH,TX,ASW,CE,Towers with Radar,893,179,22,0,1094,0,0,6,0,6,893,179,28,0,1100,0,0,0,1100
05/04/2022,IAH,TX,ASW,CE,Towers with Radar,896,172,36,0,1104,0,0,17,0,17,896,172,53,0,1121,0,0,0,1121
05/05/2022,IAH,TX,ASW,CE,Towers with Radar,900,161,19,0,1080,0,0,2,0,2,900,161,21,0,1082,0,0,0,1082
05/06/2022,IAH,TX,ASW,CE,Towers with Radar,994,168,27,0,1189,0,0,2,0,2,994,168,29,0,1191,0,0,0,1191
05/07/2022,IAH,TX,ASW,CE,Towers with Radar,881,156,7,0,1044,0,4,0,0,4,881,160,7,0,1048,0,0,0,1048
05/08/2022,IAH,TX,ASW,CE,Towers with Radar,936,173,23,0,1132,0,3,3,0,6,936,176,26,0,1138,0,0,0,1138
05/09/2022,IAH,TX,ASW,CE,Towers with Radar,958,178,39,0,1175,0,0,4,0,4,958,178,43,0,1179,0,0,0,1179
05/10/2022,IAH,TX,ASW,CE,Towers with Radar,950,178,20,0,1148,0,4,2,0,6,950,182,22,0,1154,0,0,0,1154
05/11/2022,IAH,TX,ASW,CE,Towers with Radar,947,180,24,0,1151,0,4,2,1,7,947,184,26,1,1158,0,0,0,1158
05/12/2022,IAH,TX,ASW,CE,Towers with Radar,977,167,27,1,1172,0,1,2,0,3,977,168,29,1,1175,0,0,0,1175
05/13/2022,IAH,TX,ASW,CE,Towers with Radar,987,168,8,0,1163,0,0,0,0,0,987,168,8,0,1163,0,0,0,1163
05/14/2022,IAH,TX,ASW,CE,Towers with Radar,904,154,12,0,1070,0,2,1,0,3,904,156,13,0,1073,0,0,0,1073
05/15/2022,IAH,TX,ASW,CE,Towers with Radar,943,165,12,0,1120,0,0,1,0,1,943,165,13,0,1121,0,0,0,1121
05/16/2022,IAH,TX,ASW,CE,Towers with Radar,940,174,22,1,1137,0,6,4,0,10,940,180,26,1,1147,0,0,0,1147
05/17/2022,IAH,TX,ASW,CE,Towers with Radar,961,167,23,0,1151,0,0,2,1,3,961,167,25,1,1154,0,0,0,1154
05/18/2022,IAH,TX,ASW,CE,Towers with Radar,967,178,29,1,1175,0,0,3,0,3,967,178,32,1,1178,0,0,0,1178
05/19/2022,IAH,TX,ASW,CE,Towers with Radar,974,168,21,0,1163,0,0,2,0,2,974,168,23,0,1165,0,0,0,1165
05/20/2022,IAH,TX,ASW,CE,Towers with Radar,956,163,16,0,1135,0,2,0,0,2,956,165,16,0,1137,0,0,0,1137
05/21/2022,IAH,TX,ASW,CE,Towers with Radar,894,163,5,0,1062,0,1,0,0,1,894,164,5,0,1063,0,0,0,1063
05/22/2022,IAH,TX,ASW,CE,Towers with Radar,942,166,11,0,1119,0,1,0,0,1,942,167,11,0,1120,0,0,0,1120
05/23/2022,IAH,TX,ASW,CE,Towers with Radar,949,169,19,0,1137,0,0,0,0,0,949,169,19,0,1137,0,0,0,1137
05/24/2022,IAH,TX,ASW,CE,Towers with Radar,915,152,28,0,1095,0,0,0,2,2,915,152,28,2,1097,0,0,0,1097
05/25/2022,IAH,TX,ASW,CE,Towers with Radar,975,167,18,0,1160,0,0,2,0,2,975,167,20,0,1162,0,0,0,1162
05/26/2022,IAH,TX,ASW,CE,Towers with Radar,981,180,23,0,1184,0,0,1,1,2,981,180,24,1,1186,0,0,0,1186
05/27/2022,IAH,TX,ASW,CE,Towers with Radar,979,169,26,0,1174,0,0,3,0,3,979,169,29,0,1177,0,0,0,1177
05/28/2022,IAH,TX,ASW,CE,Towers with Radar,906,159,5,0,1070,0,2,1,0,3,906,161,6,0,1073,0,0,0,1073
05/29/2022,IAH,TX,ASW,CE,Towers with Radar,941,158,3,0,1102,0,0,1,0,1,941,158,4,0,1103,0,0,0,1103
05/30/2022,IAH,TX,ASW,CE,Towers with Radar,945,157,8,0,1110,0,0,0,0,0,945,157,8,0,1110,0,0,0,1110
05/31/2022,IAH,TX,ASW,CE,Towers with Radar,937,159,14,0,1110,0,3,2,0,5,937,162,16,0,1115,0,0,0,1115
06/01/2022,IAH,TX,ASW,CE,Towers with Radar,950,165,24,0,1139,0,0,0,0,0,950,165,24,0,1139,0,0,0,1139
06/02/2022,IAH,TX,ASW,CE,Towers with Radar,938,162,31,0,1131,0,0,8,0,8,938,162,39,0,1139,0,0,0,1139
06/03/2022,IAH,TX,ASW,CE,Towers with Radar,922,195,18,0,1135,0,2,2,0,4,922,197,20,0,1139,0,0,0,1139
06/04/2022,IAH,TX,ASW,CE,Towers with Radar,859,167,10,0,1036,0,0,0,0,0,859,167,10,0,1036,0,0,0,1036
06/05/2022,IAH,TX,ASW,CE,Towers with Radar,925,181,10,0,1116,0,0,0,0,0,925,181,10,0,1116,0,0,0,1116
06/06/2022,IAH,TX,ASW,CE,Towers with Radar,907,200,12,0,1119,0,0,4,1,5,907,200,16,1,1124,0,0,0,1124
06/07/2022,IAH,TX,ASW,CE,Towers with Radar,922,198,29,0,1149,0,0,0,0,0,922,198,29,0,1149,0,0,0,1149
06/08/2022,IAH,TX,ASW,CE,Towers with Radar,932,185,30,0,1147,0,0,0,0,0,932,185,30,0,1147,0,0,0,1147
06/09/2022,IAH,TX,ASW,CE,Towers with Radar,927,196,28,0,1151,0,4,11,0,15,927,200,39,0,1166,0,0,0,1166
06/10/2022,IAH,TX,ASW,CE,Towers with Radar,944,189,18,1,1152,0,0,1,0,1,944,189,19,1,1153,0,0,0,1153
06/11/2022,IAH,TX,ASW,CE,Towers with Radar,884,174,10,1,1069,0,1,5,0,6,884,175,15,1,1075,0,0,0,1075
06/12/2022,IAH,TX,ASW,CE,Towers with Radar,900,187,7,0,1094,0,0,2,1,3,900,187,9,1,1097,0,0,0,1097
06/13/2022,IAH,TX,ASW,CE,Towers with Radar,907,181,16,0,1104,0,4,0,2,6,907,185,16,2,1110,0,0,0,1110
06/14/2022,IAH,TX,ASW,CE,Towers with Radar,917,190,38,0,1145,0,0,8,0,8,917,190,46,0,1153,0,0,0,1153
06/15/2022,IAH,TX,ASW,CE,Towers with Radar,932,192,22,0,1146,0,0,6,0,6,932,192,28,0,1152,0,0,0,1152
06/16/2022,IAH,TX,ASW,CE,Towers with Radar,896,184,33,0,1113,0,0,2,0,2,896,184,35,0,1115,0,0,0,1115
06/17/2022,IAH,TX,ASW,CE,Towers with Radar,951,182,25,0,1158,0,0,2,1,3,951,182,27,1,1161,0,0,0,1161
06/18/2022,IAH,TX,ASW,CE,Towers with Radar,884,172,13,1,1070,0,2,4,0,6,884,174,17,1,1076,0,0,0,1076
06/19/2022,IAH,TX,ASW,CE,Towers with Radar,884,184,12,0,1080,0,0,1,0,1,884,184,13,0,1081,0,0,0,1081
06/20/2022,IAH,TX,ASW,CE,Towers with Radar,914,192,18,0,1124,0,0,0,0,0,914,192,18,0,1124,0,0,0,1124
06/21/2022,IAH,TX,ASW,CE,Towers with Radar,915,185,17,0,1117,0,0,6,0,6,915,185,23,0,1123,0,0,0,1123
06/22/2022,IAH,TX,ASW,CE,Towers with Radar,915,193,27,2,1137,0,0,34,0,34,915,193,61,2,1171,0,0,0,1171
06/23/2022,IAH,TX,ASW,CE,Towers with Radar,925,197,21,0,1143,0,0,2,0,2,925,197,23,0,1145,0,0,0,1145
06/24/2022,IAH,TX,ASW,CE,Towers with Radar,910,167,14,0,1091,0,0,0,0,0,910,167,14,0,1091,0,0,0,1091
06/25/2022,IAH,TX,ASW,CE,Towers with Radar,838,152,9,0,999,0,2,0,0,2,838,154,9,0,1001,0,0,0,1001
06/26/2022,IAH,TX,ASW,CE,Towers with Radar,868,159,19,0,1046,0,6,3,0,9,868,165,22,0,1055,0,0,0,1055
06/27/2022,IAH,TX,ASW,CE,Towers with Radar,878,161,23,0,1062,0,2,4,0,6,878,163,27,0,1068,0,0,0,1068
06/28/2022,IAH,TX,ASW,CE,Towers with Radar,904,163,21,0,1088,0,0,2,0,2,904,163,23,0,1090,0,0,0,1090
06/29/2022,IAH,TX,ASW,CE,Towers with Radar,897,172,27,0,1096,0,9,0,0,9,897,181,27,0,1105,0,0,0,1105
06/30/2022,IAH,TX,ASW,CE,Towers with Radar,911,176,24,0,1111,0,0,0,0,0,911,176,24,0,1111,0,0,0,1111
07/01/2022,IAH,TX,ASW,CE,Towers with Radar,943,170,19,0,1132,0,2,1,0,3,943,172,20,0,1135,0,0,0,1135
07/02/2022,IAH,TX,ASW,CE,Towers with Radar,860,173,16,0,1049,0,2,4,0,6,860,175,20,0,1055,0,0,0,1055
07/03/2022,IAH,TX,ASW,CE,Towers with Radar,896,162,4,0,1062,0,0,1,2,3,896,162,5,2,1065,0,0,0,1065
07/04/2022,IAH,TX,ASW,CE,Towers with Radar,892,167,4,0,1063,0,0,4,0,4,892,167,8,0,1067,0,0,0,1067
07/05/2022,IAH,TX,ASW,CE,Towers with Radar,891,163,24,0,1078,0,2,3,0,5,891,165,27,0,1083,0,0,0,1083
07/06/2022,IAH,TX,ASW,CE,Towers with Radar,935,167,23,0,1125,0,4,2,6,12,935,171,25,6,1137,0,0,0,1137
07/07/2022,IAH,TX,ASW,CE,Towers with Radar,931,183,16,0,1130,0,0,4,0,4,931,183,20,0,1134,0,0,0,1134
07/08/2022,IAH,TX,ASW,CE,Towers with Radar,941,178,10,0,1129,0,0,6,0,6,941,178,16,0,1135,0,0,0,1135
07/09/2022,IAH,TX,ASW,CE,Towers with Radar,862,163,8,0,1033,0,4,2,2,8,862,167,10,2,1041,0,0,0,1041
07/10/2022,IAH,TX,ASW,CE,Towers with Radar,913,168,14,0,1095,0,5,0,0,5,913,173,14,0,1100,0,0,0,1100
07/11/2022,IAH,TX,ASW,CE,Towers with Radar,931,166,36,4,1137,0,0,0,0,0,931,166,36,4,1137,0,0,0,1137
07/12/2022,IAH,TX,ASW,CE,Towers with Radar,935,169,26,0,1130,0,2,0,0,2,935,171,26,0,1132,0,0,0,1132
07/13/2022,IAH,TX,ASW,CE,Towers with Radar,937,170,43,0,1150,0,2,7,0,9,937,172,50,0,1159,0,0,0,1159
07/14/2022,IAH,TX,ASW,CE,Towers with Radar,954,176,25,0,1155,0,0,5,0,5,954,176,30,0,1160,0,0,0,1160
07/15/2022,IAH,TX,ASW,CE,Towers with Radar,954,172,26,0,1152,0,3,0,2,5,954,175,26,2,1157,0,0,0,1157
07/16/2022,IAH,TX,ASW,CE,Towers with Radar,875,163,2,0,1040,0,0,8,2,10,875,163,10,2,1050,0,0,0,1050
07/17/2022,IAH,TX,ASW,CE,Towers with Radar,891,177,19,0,1087,0,0,3,0,3,891,177,22,0,1090,0,0,0,1090
07/18/2022,IAH,TX,ASW,CE,Towers with Radar,911,168,29,0,1108,0,0,7,0,7,911,168,36,0,1115,0,0,0,1115
07/19/2022,IAH,TX,ASW,CE,Towers with Radar,939,172,21,0,1132,0,3,12,0,15,939,175,33,0,1147,0,0,0,1147
07/20/2022,IAH,TX,ASW,CE,Towers with Radar,941,183,23,0,1147,0,0,3,0,3,941,183,26,0,1150,0,0,0,1150
07/21/2022,IAH,TX,ASW,CE,Towers with Radar,937,173,24,0,1134,0,2,2,0,4,937,175,26,0,1138,0,0,0,1138
07/22/2022,IAH,TX,ASW,CE,Towers with Radar,954,176,18,0,1148,0,3,10,0,13,954,179,28,0,1161,0,0,0,1161
07/23/2022,IAH,TX,ASW,CE,Towers with Radar,849,159,10,0,1018,0,5,2,0,7,849,164,12,0,1025,0,0,0,1025
07/24/2022,IAH,TX,ASW,CE,Towers with Radar,896,159,22,0,1077,0,0,1,0,1,896,159,23,0,1078,0,0,0,1078
07/25/2022,IAH,TX,ASW,CE,Towers with Radar,898,173,38,0,1109,0,0,8,1,9,898,173,46,1,1118,0,0,0,1118
07/26/2022,IAH,TX,ASW,CE,Towers with Radar,929,164,30,0,1123,0,0,0,0,0,929,164,30,0,1123,0,0,0,1123
07/27/2022,IAH,TX,ASW,CE,Towers with Radar,943,177,32,0,1152,0,2,1,0,3,943,179,33,0,1155,0,0,0,1155
07/28/2022,IAH,TX,ASW,CE,Towers with Radar,942,171,16,0,1129,0,0,1,0,1,942,171,17,0,1130,0,0,0,1130
07/29/2022,IAH,TX,ASW,CE,Towers with Radar,948,171,19,0,1138,0,0,0,0,0,948,171,19,0,1138,0,0,0,1138
07/30/2022,IAH,TX,ASW,CE,Towers with Radar,877,168,5,0,1050,0,2,2,0,4,877,170,7,0,1054,0,0,0,1054
07/31/2022,IAH,TX,ASW,CE,Towers with Radar,917,167,8,0,1092,0,0,0,0,0,917,167,8,0,1092,0,0,0,1092
08/01/2022,IAH,TX,ASW,CE,Towers with Radar,926,177,27,0,1130,0,5,1,0,6,926,182,28,0,1136,0,0,0,1136
08/02/2022,IAH,TX,ASW,CE,Towers with Radar,914,176,17,0,1107,0,1,2,0,3,914,177,19,0,1110,0,0,0,1110
08/03/2022,IAH,TX,ASW,CE,Towers with Radar,931,177,18,0,1126,0,2,3,0,5,931,179,21,0,1131,0,0,0,1131
08/04/2022,IAH,TX,ASW,CE,Towers with Radar,911,189,20,0,1120,0,0,0,0,0,911,189,20,0,1120,0,0,0,1120
08/05/2022,IAH,TX,ASW,CE,Towers with Radar,909,172,10,0,1091,0,0,4,0,4,909,172,14,0,1095,0,0,0,1095
08/06/2022,IAH,TX,ASW,CE,Towers with Radar,857,177,18,0,1052,0,0,2,0,2,857,177,20,0,1054,0,0,0,1054
08/07/2022,IAH,TX,ASW,CE,Towers with Radar,902,170,10,0,1082,0,0,2,0,2,902,170,12,0,1084,0,0,0,1084
08/08/2022,IAH,TX,ASW,CE,Towers with Radar,912,177,22,0,1111,0,5,0,0,5,912,182,22,0,1116,0,0,0,1116
08/09/2022,IAH,TX,ASW,CE,Towers with Radar,924,167,23,0,1114,0,0,0,0,0,924,167,23,0,1114,0,0,0,1114
08/10/2022,IAH,TX,ASW,CE,Towers with Radar,829,164,25,0,1018,0,0,0,2,2,829,164,25,2,1020,0,0,0,1020
08/11/2022,IAH,TX,ASW,CE,Towers with Radar,936,183,31,0,1150,0,2,2,1,5,936,185,33,1,1155,0,0,0,1155
08/12/2022,IAH,TX,ASW,CE,Towers with Radar,942,175,16,0,1133,0,0,0,0,0,942,175,16,0,1133,0,0,0,1133
08/13/2022,IAH,TX,ASW,CE,Towers with Radar,854,174,10,0,1038,0,0,4,0,4,854,174,14,0,1042,0,0,0,1042
08/14/2022,IAH,TX,ASW,CE,Towers with Radar,904,181,19,0,1104,0,2,4,0,6,904,183,23,0,1110,0,0,0,1110
08/15/2022,IAH,TX,ASW,CE,Towers with Radar,905,176,15,0,1096,0,0,0,0,0,905,176,15,0,1096,0,0,0,1096
08/16/2022,IAH,TX,ASW,CE,Towers with Radar,912,169,21,0,1102,0,2,5,0,7,912,171,26,0,1109,0,0,0,1109
08/17/2022,IAH,TX,ASW,CE,Towers with Radar,913,176,27,0,1116,0,0,12,0,12,913,176,39,0,1128,0,0,0,1128
08/18/2022,IAH,TX,ASW,CE,Towers with Radar,814,121,25,0,960,0,1,9,0,10,814,122,34,0,970,0,0,0,970
08/19/2022,IAH,TX,ASW,CE,Towers with Radar,914,178,23,0,1115,0,1,4,0,5,914,179,27,0,1120,0,0,0,1120
08/20/2022,IAH,TX,ASW,CE,Towers with Radar,856,171,12,0,1039,0,2,2,0,4,856,173,14,0,1043,0,0,0,1043
08/21/2022,IAH,TX,ASW,CE,Towers with Radar,889,162,11,0,1062,0,0,0,0,0,889,162,11,0,1062,0,0,0,1062
08/22/2022,IAH,TX,ASW,CE,Towers with Radar,819,152,30,0,1001,0,0,0,0,0,819,152,30,0,1001,0,0,0,1001
08/23/2022,IAH,TX,ASW,CE,Towers with Radar,863,174,16,0,1053,0,0,12,6,18,863,174,28,6,1071,0,0,0,1071
08/24/2022,IAH,TX,ASW,CE,Towers with Radar,895,163,17,0,1075,0,2,0,1,3,895,165,17,1,1078,0,0,0,1078
08/25/2022,IAH,TX,ASW,CE,Towers with Radar,912,181,35,0,1128,0,2,0,0,2,912,183,35,0,1130,0,0,0,1130
08/26/2022,IAH,TX,ASW,CE,Towers with Radar,925,174,22,0,1121,0,0,12,0,12,925,174,34,0,1133,0,0,0,1133
08/27/2022,IAH,TX,ASW,CE,Towers with Radar,844,166,9,0,1019,0,0,0,0,0,844,166,9,0,1019,0,0,0,1019
08/28/2022,IAH,TX,ASW,CE,Towers with Radar,890,163,19,0,1072,0,3,0,0,3,890,166,19,0,1075,0,0,0,1075
08/29/2022,IAH,TX,ASW,CE,Towers with Radar,894,176,21,0,1091,0,1,0,0,1,894,177,21,0,1092,0,0,0,1092
08/30/2022,IAH,TX,ASW,CE,Towers with Radar,880,172,26,0,1078,0,0,5,0,5,880,172,31,0,1083,0,0,0,1083
08/31/2022,IAH,TX,ASW,CE,Towers with Radar,908,180,18,2,1108,0,0,4,0,4,908,180,22,2,1112,0,0,0,1112
09/01/2022,IAH,TX,ASW,CE,Towers with Radar,903,184,33,0,1120,0,0,3,0,3,903,184,36,0,1123,0,0,0,1123
09/02/2022,IAH,TX,ASW,CE,Towers with Radar,895,171,10,0,1076,0,0,6,1,7,895,171,16,1,1083,0,0,0,1083
09/03/2022,IAH,TX,ASW,CE,Towers with Radar,801,162,7,0,970,0,0,0,0,0,801,162,7,0,970,0,0,0,970
09/04/2022,IAH,TX,ASW,CE,Towers with Radar,841,161,11,0,1013,0,0,1,0,1,841,161,12,0,1014,0,0,0,1014
09/05/2022,IAH,TX,ASW,CE,Towers with Radar,865,175,10,0,1050,0,3,2,0,5,865,178,12,0,1055,0,0,0,1055
09/06/2022,IAH,TX,ASW,CE,Towers with Radar,870,184,15,0,1069,0,0,9,1,10,870,184,24,1,1079,0,0,0,1079
09/07/2022,IAH,TX,ASW,CE,Towers with Radar,904,182,30,0,1116,0,0,0,0,0,904,182,30,0,1116,0,0,0,1116
09/08/2022,IAH,TX,ASW,CE,Towers with Radar,919,202,31,0,1152,0,0,18,2,20,919,202,49,2,1172,0,0,0,1172
09/09/2022,IAH,TX,ASW,CE,Towers with Radar,920,185,27,0,1132,0,0,0,0,0,920,185,27,0,1132,0,0,0,1132
09/10/2022,IAH,TX,ASW,CE,Towers with Radar,853,183,11,0,1047,0,0,0,1,1,853,183,11,1,1048,0,0,0,1048
09/11/2022,IAH,TX,ASW,CE,Towers with Radar,888,185,13,0,1086,0,0,2,0,2,888,185,15,0,1088,0,0,0,1088
09/12/2022,IAH,TX,ASW,CE,Towers with Radar,900,187,31,0,1118,0,0,1,0,1,900,187,32,0,1119,0,0,0,1119
09/13/2022,IAH,TX,ASW,CE,Towers with Radar,888,190,24,0,1102,0,0,2,0,2,888,190,26,0,1104,0,0,0,1104
09/14/2022,IAH,TX,ASW,CE,Towers with Radar,900,180,34,0,1114,0,4,1,0,5,900,184,35,0,1119,0,0,0,1119
09/15/2022,IAH,TX,ASW,CE,Towers with Radar,928,189,53,0,1170,0,3,2,0,5,928,192,55,0,1175,0,0,0,1175
09/16/2022,IAH,TX,ASW,CE,Towers with Radar,919,181,25,0,1125,0,0,5,0,5,919,181,30,0,1130,0,0,0,1130
09/17/2022,IAH,TX,ASW,CE,Towers with Radar,846,177,13,0,1036,0,0,0,0,0,846,177,13,0,1036,0,0,0,1036
09/18/2022,IAH,TX,ASW,CE,Towers with Radar,888,183,17,0,1088,0,0,5,0,5,888,183,22,0,1093,0,0,0,1093
09/19/2022,IAH,TX,ASW,CE,Towers with Radar,897,181,30,0,1108,0,0,0,8,8,897,181,30,8,1116,0,0,0,1116
09/20/2022,IAH,TX,ASW,CE,Towers with Radar,893,182,36,0,1111,0,0,5,6,11,893,182,41,6,1122,0,0,0,1122
09/21/2022,IAH,TX,ASW,CE,Towers with Radar,903,181,37,2,1123,0,2,10,5,17,903,183,47,7,1140,0,0,0,1140
09/22/2022,IAH,TX,ASW,CE,Towers with Radar,916,197,33,2,1148,0,2,4,2,8,916,199,37,4,1156,0,0,0,1156
09/23/2022,IAH,TX,ASW,CE,Towers with Radar,929,184,27,0,1140,0,1,1,0,2,929,185,28,0,1142,0,0,0,1142
09/24/2022,IAH,TX,ASW,CE,Towers with Radar,861,184,9,0,1054,0,0,4,0,4,861,184,13,0,1058,0,0,0,1058
09/25/2022,IAH,TX,ASW,CE,Towers with Radar,891,176,13,0,1080,0,0,2,0,2,891,176,15,0,1082,0,0,0,1082
09/26/2022,IAH,TX,ASW,CE,Towers with Radar,898,184,26,0,1108,0,4,9,0,13,898,188,35,0,1121,0,0,0,1121
09/27/2022,IAH,TX,ASW,CE,Towers with Radar,897,185,24,0,1106,0,0,1,0,1,897,185,25,0,1107,0,0,0,1107
09/28/2022,IAH,TX,ASW,CE,Towers with Radar,865,187,43,0,1095,0,2,3,0,5,865,189,46,0,1100,0,0,0,1100
09/29/2022,IAH,TX,ASW,CE,Towers with Radar,889,175,27,2,1093,0,2,2,0,4,889,177,29,2,1097,0,0,0,1097
09/30/2022,IAH,TX,ASW,CE,Towers with Radar,935,171,16,0,1122,0,0,4,0,4,935,171,20,0,1126,0,0,0,1126
10/01/2022,IAH,TX,ASW,CE,Towers with Radar,855,174,14,0,1043,0,0,0,2,2,855,174,14,2,1045,0,0,0,1045
10/02/2022,IAH,TX,ASW,CE,Towers with Radar,890,178,33,0,1101,0,2,2,0,4,890,180,35,0,1105,0,0,0,1105
10/03/2022,IAH,TX,ASW,CE,Towers with Radar,908,180,24,0,1112,0,0,7,0,7,908,180,31,0,1119,0,0,0,1119
10/04/2022,IAH,TX,ASW,CE,Towers with Radar,894,183,24,0,1101,0,2,14,0,16,894,185,38,0,1117,0,0,0,1117
10/05/2022,IAH,TX,ASW,CE,Towers with Radar,922,182,23,2,1129,0,0,4,0,4,922,182,27,2,1133,0,0,0,1133
10/06/2022,IAH,TX,ASW,CE,Towers with Radar,948,195,26,0,1169,0,0,3,2,5,948,195,29,2,1174,0,0,0,1174
10/07/2022,IAH,TX,ASW,CE,Towers with Radar,945,191,20,0,1156,0,0,1,0,1,945,191,21,0,1157,0,0,0,1157
10/08/2022,IAH,TX,ASW,CE,Towers with Radar,861,175,13,0,1049,0,0,4,0,4,861,175,17,0,1053,0,0,0,1053
10/09/2022,IAH,TX,ASW,CE,Towers with Radar,921,184,12,0,1117,0,0,4,0,4,921,184,16,0,1121,0,0,0,1121
10/10/2022,IAH,TX,ASW,CE,Towers with Radar,922,189,22,0,1133,0,4,1,0,5,922,193,23,0,1138,0,0,0,1138
10/11/2022,IAH,TX,ASW,CE,Towers with Radar,915,186,25,0,1126,0,2,4,0,6,915,188,29,0,1132,0,0,0,1132
10/12/2022,IAH,TX,ASW,CE,Towers with Radar,926,184,41,0,1151,0,0,7,0,7,926,184,48,0,1158,0,0,0,1158
10/13/2022,IAH,TX,ASW,CE,Towers with Radar,935,193,38,0,1166,0,0,0,0,0,935,193,38,0,1166,0,0,0,1166
10/14/2022,IAH,TX,ASW,CE,Towers with Radar,960,188,17,0,1165,0,2,2,0,4,960,190,19,0,1169,0,0,0,1169
10/15/2022,IAH,TX,ASW,CE,Towers with Radar,874,177,21,0,1072,0,0,4,0,4,874,177,25,0,1076,0,0,0,1076
10/16/2022,IAH,TX,ASW,CE,Towers with Radar,919,188,12,0,1119,0,2,4,0,6,919,190,16,0,1125,0,0,0,1125
10/17/2022,IAH,TX,ASW,CE,Towers with Radar,918,189,33,0,1140,0,0,2,0,2,918,189,35,0,1142,0,0,0,1142
10/18/2022,IAH,TX,ASW,CE,Towers with Radar,910,185,35,0,1130,0,2,8,0,10,910,187,43,0,1140,0,0,0,1140
10/19/2022,IAH,TX,ASW,CE,Towers with Radar,932,193,36,0,1161,0,0,0,2,2,932,193,36,2,1163,0,0,0,1163
10/20/2022,IAH,TX,ASW,CE,Towers with Radar,934,192,26,0,1152,0,4,0,0,4,934,196,26,0,1156,0,0,0,1156
10/21/2022,IAH,TX,ASW,CE,Towers with Radar,953,175,16,0,1144,0,5,4,0,9,953,180,20,0,1153,0,0,0,1153
10/22/2022,IAH,TX,ASW,CE,Towers with Radar,875,180,12,0,1067,0,0,2,1,3,875,180,14,1,1070,0,0,0,1070
10/23/2022,IAH,TX,ASW,CE,Towers with Radar,917,184,19,0,1120,0,0,0,0,0,917,184,19,0,1120,0,0,0,1120
10/24/2022,IAH,TX,ASW,CE,Towers with Radar,970,176,22,0,1168,0,0,3,0,3,970,176,25,0,1171,0,0,0,1171
10/25/2022,IAH,TX,ASW,CE,Towers with Radar,921,186,24,0,1131,0,0,1,0,1,921,186,25,0,1132,0,0,0,1132
10/26/2022,IAH,TX,ASW,CE,Towers with Radar,931,182,37,0,1150,0,0,2,0,2,931,182,39,0,1152,0,0,0,1152
10/27/2022,IAH,TX,ASW,CE,Towers with Radar,935,190,45,0,1170,0,2,2,0,4,935,192,47,0,1174,0,0,0,1174
10/28/2022,IAH,TX,ASW,CE,Towers with Radar,924,184,18,0,1126,0,0,0,0,0,924,184,18,0,1126,0,0,0,1126
10/29/2022,IAH,TX,ASW,CE,Towers with Radar,880,180,18,0,1078,0,0,0,0,0,880,180,18,0,1078,0,0,0,1078
10/30/2022,IAH,TX,ASW,CE,Towers with Radar,880,160,15,0,1055,0,4,7,0,11,880,164,22,0,1066,0,0,0,1066
10/31/2022,IAH,TX,ASW,CE,Towers with Radar,882,165,27,0,1074,0,0,3,2,5,882,165,30,2,1079,0,0,0,1079
11/01/2022,IAH,TX,ASW,CE,Towers with Radar,915,169,28,0,1112,0,0,0,0,0,915,169,28,0,1112,0,0,0,1112
11/02/2022,IAH,TX,ASW,CE,Towers with Radar,938,187,27,0,1152,0,3,2,0,5,938,190,29,0,1157,0,0,0,1157
11/03/2022,IAH,TX,ASW,CE,Towers with Radar,921,184,32,0,1137,0,0,4,1,5,921,184,36,1,1142,0,0,0,1142
11/04/2022,IAH,TX,ASW,CE,Towers with Radar,937,162,19,0,1118,0,0,5,0,5,937,162,24,0,1123,0,0,0,1123
11/05/2022,IAH,TX,ASW,CE,Towers with Radar,879,154,12,0,1045,0,2,1,0,3,879,156,13,0,1048,0,0,0,1048
11/06/2022,IAH,TX,ASW,CE,Towers with Radar,907,159,21,0,1087,0,0,6,0,6,907,159,27,0,1093,0,0,0,1093
11/07/2022,IAH,TX,ASW,CE,Towers with Radar,911,164,35,0,1110,0,2,1,0,3,911,166,36,0,1113,0,0,0,1113
11/08/2022,IAH,TX,ASW,CE,Towers with Radar,909,170,34,0,1113,0,2,0,0,2,909,172,34,0,1115,0,0,0,1115
11/09/2022,IAH,TX,ASW,CE,Towers with Radar,911,172,30,0,1113,0,2,0,0,2,911,174,30,0,1115,0,0,0,1115
11/10/2022,IAH,TX,ASW,CE,Towers with Radar,906,182,38,0,1126,0,0,11,0,11,906,182,49,0,1137,0,0,0,1137
11/11/2022,IAH,TX,ASW,CE,Towers with Radar,931,173,27,0,1131,0,0,0,0,0,931,173,27,0,1131,0,0,0,1131
11/12/2022,IAH,TX,ASW,CE,Towers with Radar,905,159,13,0,1077,0,0,5,0,5,905,159,18,0,1082,0,0,0,1082
11/13/2022,IAH,TX,ASW,CE,Towers with Radar,922,159,21,0,1102,0,2,8,0,10,922,161,29,0,1112,0,0,0,1112
11/14/2022,IAH,TX,ASW,CE,Towers with Radar,915,165,30,0,1110,0,0,1,0,1,915,165,31,0,1111,0,0,0,1111
11/15/2022,IAH,TX,ASW,CE,Towers with Radar,936,169,33,0,1138,0,2,0,0,2,936,171,33,0,1140,0,0,0,1140
11/16/2022,IAH,TX,ASW,CE,Towers with Radar,933,176,33,0,1142,0,6,2,0,8,933,182,35,0,1150,0,0,0,1150
11/17/2022,IAH,TX,ASW,CE,Towers with Radar,919,191,28,0,1138,0,4,3,0,7,919,195,31,0,1145,0,0,0,1145
11/18/2022,IAH,TX,ASW,CE,Towers with Radar,946,184,21,0,1151,0,1,2,0,3,946,185,23,0,1154,0,0,0,1154
11/19/2022,IAH,TX,ASW,CE,Towers with Radar,911,175,11,0,1097,0,0,2,0,2,911,175,13,0,1099,0,0,0,1099
11/20/2022,IAH,TX,ASW,CE,Towers with Radar,932,163,10,0,1105,0,0,0,0,0,932,163,10,0,1105,0,0,0,1105
11/21/2022,IAH,TX,ASW,CE,Towers with Radar,920,162,12,0,1094,0,0,0,0,0,920,162,12,0,1094,0,0,0,1094
11/22/2022,IAH,TX,ASW,CE,Towers with Radar,954,172,13,0,1139,0,2,4,1,7,954,174,17,1,1146,0,0,0,1146
11/23/2022,IAH,TX,ASW,CE,Towers with Radar,955,169,14,0,1138,0,2,0,0,2,955,171,14,0,1140,0,0,0,1140
11/24/2022,IAH,TX,ASW,CE,Towers with Radar,724,123,0,0,847,0,2,0,0,2,724,125,0,0,849,0,0,0,849
11/25/2022,IAH,TX,ASW,CE,Towers with Radar,844,156,4,0,1004,0,4,0,0,4,844,160,4,0,1008,0,0,0,1008
11/26/2022,IAH,TX,ASW,CE,Towers with Radar,949,165,6,0,1120,0,0,0,0,0,949,165,6,0,1120,0,0,0,1120
11/27/2022,IAH,TX,ASW,CE,Towers with Radar,969,168,14,0,1151,0,2,5,0,7,969,170,19,0,1158,0,0,0,1158
11/28/2022,IAH,TX,ASW,CE,Towers with Radar,960,177,33,0,1170,0,0,0,0,0,960,177,33,0,1170,0,0,0,1170
11/29/2022,IAH,TX,ASW,CE,Towers with Radar,922,167,18,0,1107,0,0,6,0,6,922,167,24,0,1113,0,0,0,1113
11/30/2022,IAH,TX,ASW,CE,Towers with Radar,920,153,30,2,1105,0,0,2,2,4,920,153,32,4,1109,0,0,0,1109
12/01/2022,IAH,TX,ASW,CE,Towers with Radar,938,151,32,0,1121,0,0,0,0,0,938,151,32,0,1121,0,0,0,1121
12/02/2022,IAH,TX,ASW,CE,Towers with Radar,947,132,23,0,1102,0,0,0,0,0,947,132,23,0,1102,0,0,0,1102
12/03/2022,IAH,TX,ASW,CE,Towers with Radar,888,138,8,0,1034,0,0,0,0,0,888,138,8,0,1034,0,0,0,1034
12/04/2022,IAH,TX,ASW,CE,Towers with Radar,915,142,17,0,1074,0,0,0,0,0,915,142,17,0,1074,0,0,0,1074
12/05/2022,IAH,TX,ASW,CE,Towers with Radar,935,139,30,1,1105,0,2,3,0,5,935,141,33,1,1110,0,0,0,1110
12/06/2022,IAH,TX,ASW,CE,Towers with Radar,942,147,22,0,1111,0,2,0,0,2,942,149,22,0,1113,0,0,0,1113
12/07/2022,IAH,TX,ASW,CE,Towers with Radar,938,146,23,1,1108,0,0,0,0,0,938,146,23,1,1108,0,0,0,1108
12/08/2022,IAH,TX,ASW,CE,Towers with Radar,949,144,44,0,1137,0,0,2,0,2,949,144,46,0,1139,0,0,0,1139
12/09/2022,IAH,TX,ASW,CE,Towers with Radar,944,141,44,0,1129,0,0,4,2,6,944,141,48,2,1135,0,0,0,1135
12/10/2022,IAH,TX,ASW,CE,Towers with Radar,888,138,14,0,1040,0,2,2,0,4,888,140,16,0,1044,0,0,0,1044
12/11/2022,IAH,TX,ASW,CE,Towers with Radar,913,133,19,0,1065,0,0,0,0,0,913,133,19,0,1065,0,0,0,1065
12/12/2022,IAH,TX,ASW,CE,Towers with Radar,927,145,37,0,1109,0,0,0,0,0,927,145,37,0,1109,0,0,0,1109
12/13/2022,IAH,TX,ASW,CE,Towers with Radar,914,147,26,0,1087,0,7,0,0,7,914,154,26,0,1094,0,0,0,1094
12/14/2022,IAH,TX,ASW,CE,Towers with Radar,945,147,36,0,1128,0,2,2,0,4,945,149,38,0,1132,0,0,0,1132
12/15/2022,IAH,TX,ASW,CE,Towers with Radar,952,164,39,0,1155,0,0,15,0,15,952,164,54,0,1170,0,0,0,1170
12/16/2022,IAH,TX,ASW,CE,Towers with Radar,978,166,27,0,1171,0,2,14,0,16,978,168,41,0,1187,0,0,0,1187
12/17/2022,IAH,TX,ASW,CE,Towers with Radar,951,158,9,0,1118,0,2,2,0,4,951,160,11,0,1122,0,0,0,1122
12/18/2022,IAH,TX,ASW,CE,Towers with Radar,945,144,10,0,1099,0,0,1,0,1,945,144,11,0,1100,0,0,0,1100
12/19/2022,IAH,TX,ASW,CE,Towers with Radar,959,160,19,0,1138,0,0,0,0,0,959,160,19,0,1138,0,0,0,1138
12/20/2022,IAH,TX,ASW,CE,Towers with Radar,967,154,16,0,1137,0,0,1,0,1,967,154,17,0,1138,0,0,0,1138
12/21/2022,IAH,TX,ASW,CE,Towers with Radar,980,158,16,0,1154,0,2,1,0,3,980,160,17,0,1157,0,0,0,1157
12/22/2022,IAH,TX,ASW,CE,Towers with Radar,954,161,17,0,1132,0,4,0,0,4,954,165,17,0,1136,0,0,0,1136
12/23/2022,IAH,TX,ASW,CE,Towers with Radar,847,151,10,0,1008,0,2,0,0,2,847,153,10,0,1010,0,0,0,1010
12/24/2022,IAH,TX,ASW,CE,Towers with Radar,712,131,9,0,852,0,0,3,0,3,712,131,12,0,855,0,0,0,855
12/25/2022,IAH,TX,ASW,CE,Towers with Radar,733,130,4,0,867,0,3,0,0,3,733,133,4,0,870,0,0,0,870
12/26/2022,IAH,TX,ASW,CE,Towers with Radar,822,153,23,0,998,0,0,1,0,1,822,153,24,0,999,0,0,0,999
12/27/2022,IAH,TX,ASW,CE,Towers with Radar,881,157,11,0,1049,0,0,0,1,1,881,157,11,1,1050,0,0,0,1050
12/28/2022,IAH,TX,ASW,CE,Towers with Radar,913,163,3,0,1079,0,0,2,0,2,913,163,5,0,1081,0,0,0,1081
12/29/2022,IAH,TX,ASW,CE,Towers with Radar,905,156,6,0,1067,0,0,0,0,0,905,156,6,0,1067,0,0,0,1067
12/30/2022,IAH,TX,ASW,CE,Towers with Radar,943,161,12,0,1116,0,0,0,0,0,943,161,12,0,1116,0,0,0,1116
12/31/2022,IAH,TX,ASW,CE,Towers with Radar,783,115,9,0,907,0,0,6,0,6,783,115,15,0,913,0,0,0,913
01/01/2023,IAH,TX,ASW,CE,Towers with Radar,827,129,13,0,969,0,0,0,0,0,827,129,13,0,969,0,0,0,969
01/02/2023,IAH,TX,ASW,CE,Towers with Radar,890,148,15,0,1053,0,0,0,0,0,890,148,15,0,1053,0,0,0,1053
01/03/2023,IAH,TX,ASW,CE,Towers with Radar,925,163,19,0,1107,0,0,0,0,0,925,163,19,0,1107,0,0,0,1107
01/04/2023,IAH,TX,ASW,CE,Towers with Radar,914,159,20,0,1093,0,0,12,2,14,914,159,32,2,1107,0,0,0,1107
01/05/2023,IAH,TX,ASW,CE,Towers with Radar,900,152,30,0,1082,0,0,7,2,9,900,152,37,2,1091,0,0,0,1091
01/06/2023,IAH,TX,ASW,CE,Towers with Radar,896,155,17,0,1068,0,0,0,3,3,896,155,17,3,1071,0,0,0,1071
01/07/2023,IAH,TX,ASW,CE,Towers with Radar,860,140,5,0,1005,0,0,2,0,2,860,140,7,0,1007,0,0,0,1007
01/08/2023,IAH,TX,ASW,CE,Towers with Radar,904,146,12,0,1062,0,0,2,2,4,904,146,14,2,1066,0,0,0,1066
01/09/2023,IAH,TX,ASW,CE,Towers with Radar,918,151,25,0,1094,0,6,0,0,6,918,157,25,0,1100,0,0,0,1100
01/10/2023,IAH,TX,ASW,CE,Towers with Radar,916,150,18,0,1084,0,0,0,0,0,916,150,18,0,1084,0,0,0,1084
01/11/2023,IAH,TX,ASW,CE,Towers with Radar,876,141,27,0,1044,0,2,0,0,2,876,143,27,0,1046,0,0,0,1046
01/12/2023,IAH,TX,ASW,CE,Towers with Radar,939,161,36,0,1136,0,0,2,0,2,939,161,38,0,1138,0,0,0,1138
01/13/2023,IAH,TX,ASW,CE,Towers with Radar,948,154,22,0,1124,0,0,15,0,15,948,154,37,0,1139,0,0,0,1139
01/14/2023,IAH,TX,ASW,CE,Towers with Radar,867,149,11,0,1027,0,2,0,0,2,867,151,11,0,1029,0,0,0,1029
01/15/2023,IAH,TX,ASW,CE,Towers with Radar,879,156,16,0,1051,0,0,0,0,0,879,156,16,0,1051,0,0,0,1051
01/16/2023,IAH,TX,ASW,CE,Towers with Radar,916,148,24,0,1088,0,0,1,0,1,916,148,25,0,1089,0,0,0,1089
01/17/2023,IAH,TX,ASW,CE,Towers with Radar,915,152,27,0,1094,0,0,2,0,2,915,152,29,0,1096,0,0,0,1096
01/18/2023,IAH,TX,ASW,CE,Towers with Radar,911,162,15,0,1088,0,0,2,0,2,911,162,17,0,1090,0,0,0,1090
01/19/2023,IAH,TX,ASW,CE,Towers with Radar,923,154,38,0,1115,0,2,1,1,4,923,156,39,1,1119,0,0,0,1119
01/20/2023,IAH,TX,ASW,CE,Towers with Radar,936,154,15,0,1105,0,0,3,1,4,936,154,18,1,1109,0,0,0,1109
01/21/2023,IAH,TX,ASW,CE,Towers with Radar,865,144,14,0,1023,0,0,0,0,0,865,144,14,0,1023,0,0,0,1023
01/22/2023,IAH,TX,ASW,CE,Towers with Radar,897,150,15,0,1062,0,2,2,0,4,897,152,17,0,1066,0,0,0,1066
01/23/2023,IAH,TX,ASW,CE,Towers with Radar,912,161,24,2,1099,0,5,0,0,5,912,166,24,2,1104,0,0,0,1104
01/24/2023,IAH,TX,ASW,CE,Towers with Radar,833,73,16,1,923,0,2,2,0,4,833,75,18,1,927,0,0,0,927
01/25/2023,IAH,TX,ASW,CE,Towers with Radar,910,138,15,0,1063,0,4,0,0,4,910,142,15,0,1067,0,0,0,1067
01/26/2023,IAH,TX,ASW,CE,Towers with Radar,923,166,21,0,1110,0,4,4,0,8,923,170,25,0,1118,0,0,0,1118
01/27/2023,IAH,TX,ASW,CE,Towers with Radar,937,162,28,3,1130,0,2,0,0,2,937,164,28,3,1132,0,0,0,1132
01/28/2023,IAH,TX,ASW,CE,Towers with Radar,876,145,15,0,1036,0,0,0,0,0,876,145,15,0,1036,0,0,0,1036
01/29/2023,IAH,TX,ASW,CE,Towers with Radar,895,148,24,0,1067,0,0,0,0,0,895,148,24,0,1067,0,0,0,1067
01/30/2023,IAH,TX,ASW,CE,Towers with Radar,898,158,22,0,1078,0,0,0,0,0,898,158,22,0,1078,0,0,0,1078
01/31/2023,IAH,TX,ASW,CE,Towers with Radar,860,149,21,0,1030,0,0,0,0,0,860,149,21,0,1030,0,0,0,1030
02/01/2023,IAH,TX,ASW,CE,Towers with Radar,855,154,24,0,1033,0,0,0,0,0,855,154,24,0,1033,0,0,0,1033
02/02/2023,IAH,TX,ASW,CE,Towers with Radar,901,155,28,2,1086,0,0,0,0,0,901,155,28,2,1086,0,0,0,1086
02/03/2023,IAH,TX,ASW,CE,Towers with Radar,945,151,14,0,1110,0,0,3,1,4,945,151,17,1,1114,0,0,0,1114
02/04/2023,IAH,TX,ASW,CE,Towers with Radar,877,151,9,1,1038,0,2,3,0,5,877,153,12,1,1043,0,0,0,1043
02/05/2023,IAH,TX,ASW,CE,Towers with Radar,905,145,16,0,1066,0,2,11,1,14,905,147,27,1,1080,0,0,0,1080
02/06/2023,IAH,TX,ASW,CE,Towers with Radar,921,153,22,0,1096,0,5,6,0,11,921,158,28,0,1107,0,0,0,1107
02/07/2023,IAH,TX,ASW,CE,Towers with Radar,925,148,32,0,1105,0,2,4,0,6,925,150,36,0,1111,0,0,0,1111
02/08/2023,IAH,TX,ASW,CE,Towers with Radar,910,147,32,0,1089,0,0,0,0,0,910,147,32,0,1089,0,0,0,1089
02/09/2023,IAH,TX,ASW,CE,Towers with Radar,921,158,25,0,1104,0,0,0,0,0,921,158,25,0,1104,0,0,0,1104
02/10/2023,IAH,TX,ASW,CE,Towers with Radar,973,163,30,0,1166,0,6,2,0,8,973,169,32,0,1174,0,0,0,1174
02/11/2023,IAH,TX,ASW,CE,Towers with Radar,918,160,4,0,1082,0,0,0,0,0,918,160,4,0,1082,0,0,0,1082
02/12/2023,IAH,TX,ASW,CE,Towers with Radar,916,153,16,0,1085,0,0,0,0,0,916,153,16,0,1085,0,0,0,1085
02/13/2023,IAH,TX,ASW,CE,Towers with Radar,942,156,26,0,1124,0,4,2,0,6,942,160,28,0,1130,0,0,0,1130
02/14/2023,IAH,TX,ASW,CE,Towers with Radar,937,153,32,0,1122,0,2,7,0,9,937,155,39,0,1131,0,0,0,1131
02/15/2023,IAH,TX,ASW,CE,Towers with Radar,955,163,35,0,1153,0,3,0,0,3,955,166,35,0,1156,0,0,0,1156
02/16/2023,IAH,TX,ASW,CE,Towers with Radar,953,151,24,0,1128,0,2,16,0,18,953,153,40,0,1146,0,0,0,1146
02/17/2023,IAH,TX,ASW,CE,Towers with Radar,983,159,23,2,1167,0,2,5,2,9,983,161,28,4,1176,0,0,0,1176
02/18/2023,IAH,TX,ASW,CE,Towers with Radar,913,151,8,0,1072,0,0,1,0,1,913,151,9,0,1073,0,0,0,1073
02/19/2023,IAH,TX,ASW,CE,Towers with Radar,921,159,15,0,1095,0,2,5,1,8,921,161,20,1,1103,0,0,0,1103
02/20/2023,IAH,TX,ASW,CE,Towers with Radar,953,163,19,0,1135,0,0,0,0,0,953,163,19,0,1135,0,0,0,1135
02/21/2023,IAH,TX,ASW,CE,Towers with Radar,951,162,26,0,1139,0,0,3,0,3,951,162,29,0,1142,0,0,0,1142
02/22/2023,IAH,TX,ASW,CE,Towers with Radar,937,160,26,0,1123,0,0,0,0,0,937,160,26,0,1123,0,0,0,1123
02/23/2023,IAH,TX,ASW,CE,Towers with Radar,957,165,30,0,1152,0,5,0,0,5,957,170,30,0,1157,0,0,0,1157
02/24/2023,IAH,TX,ASW,CE,Towers with Radar,979,168,29,0,1176,0,2,0,0,2,979,170,29,0,1178,0,0,0,1178
02/25/2023,IAH,TX,ASW,CE,Towers with Radar,911,153,12,0,1076,0,0,0,0,0,911,153,12,0,1076,0,0,0,1076
02/26/2023,IAH,TX,ASW,CE,Towers with Radar,921,145,11,0,1077,0,2,1,0,3,921,147,12,0,1080,0,0,0,1080
02/27/2023,IAH,TX,ASW,CE,Towers with Radar,952,169,35,0,1156,0,2,5,0,7,952,171,40,0,1163,0,0,0,1163
02/28/2023,IAH,TX,ASW,CE,Towers with Radar,952,158,24,0,1134,0,0,1,0,1,952,158,25,0,1135,0,0,0,1135
03/01/2023,IAH,TX,ASW,CE,Towers with Radar,954,163,23,1,1141,0,0,2,0,2,954,163,25,1,1143,0,0,0,1143
03/02/2023,IAH,TX,ASW,CE,Towers with Radar,975,158,31,1,1165,0,2,0,0,2,975,160,31,1,1167,0,0,0,1167
03/03/2023,IAH,TX,ASW,CE,Towers with Radar,1029,143,14,0,1186,0,0,0,0,0,1029,143,14,0,1186,0,0,0,1186
03/04/2023,IAH,TX,ASW,CE,Towers with Radar,929,132,4,0,1065,0,0,3,0,3,929,132,7,0,1068,0,0,0,1068
03/05/2023,IAH,TX,ASW,CE,Towers with Radar,958,142,14,0,1114,0,0,0,0,0,958,142,14,0,1114,0,0,0,1114
03/06/2023,IAH,TX,ASW,CE,Towers with Radar,1003,146,19,2,1170,0,0,2,0,2,1003,146,21,2,1172,0,0,0,1172
03/07/2023,IAH,TX,ASW,CE,Towers with Radar,986,147,33,0,1166,0,2,1,0,3,986,149,34,0,1169,0,0,0,1169
03/08/2023,IAH,TX,ASW,CE,Towers with Radar,1004,138,33,0,1175,0,0,1,0,1,1004,138,34,0,1176,0,0,0,1176
03/09/2023,IAH,TX,ASW,CE,Towers with Radar,1021,136,27,0,1184,0,2,5,2,9,1021,138,32,2,1193,0,0,0,1193
03/10/2023,IAH,TX,ASW,CE,Towers with Radar,1031,140,21,0,1192,0,0,1,0,1,1031,140,22,0,1193,0,0,0,1193
03/11/2023,IAH,TX,ASW,CE,Towers with Radar,982,134,9,0,1125,0,0,2,0,2,982,134,11,0,1127,0,0,0,1127
03/12/2023,IAH,TX,ASW,CE,Towers with Radar,1001,141,19,1,1162,0,0,4,0,4,1001,141,23,1,1166,0,0,0,1166
03/13/2023,IAH,TX,ASW,CE,Towers with Radar,1019,129,16,1,1165,0,6,1,0,7,1019,135,17,1,1172,0,0,0,1172
03/14/2023,IAH,TX,ASW,CE,Towers with Radar,1002,129,9,0,1140,0,2,4,0,6,1002,131,13,0,1146,0,0,0,1146
03/15/2023,IAH,TX,ASW,CE,Towers with Radar,1012,142,15,0,1169,0,2,2,0,4,1012,144,17,0,1173,0,0,0,1173
03/16/2023,IAH,TX,ASW,CE,Towers with Radar,1031,148,24,0,1203,0,2,2,0,4,1031,150,26,0,1207,0,0,0,1207
03/17/2023,IAH,TX,ASW,CE,Towers with Radar,1054,138,14,0,1206,0,4,0,0,4,1054,142,14,0,1210,0,0,0,1210
03/18/2023,IAH,TX,ASW,CE,Towers with Radar,978,133,23,0,1134,0,2,0,0,2,978,135,23,0,1136,0,0,0,1136
03/19/2023,IAH,TX,ASW,CE,Towers with Radar,1010,134,17,0,1161,0,2,0,0,2,1010,136,17,0,1163,0,0,0,1163
03/20/2023,IAH,TX,ASW,CE,Towers with Radar,1016,146,23,0,1185,0,4,6,0,10,1016,150,29,0,1195,0,0,0,1195
03/21/2023,IAH,TX,ASW,CE,Towers with Radar,1021,140,42,0,1203,0,2,0,0,2,1021,142,42,0,1205,0,0,0,1205
03/22/2023,IAH,TX,ASW,CE,Towers with Radar,998,142,41,0,1181,0,0,2,0,2,998,142,43,0,1183,0,0,0,1183
03/23/2023,IAH,TX,ASW,CE,Towers with Radar,1031,144,28,0,1203,0,0,1,0,1,1031,144,29,0,1204,0,0,0,1204
03/24/2023,IAH,TX,ASW,CE,Towers with Radar,1036,141,6,0,1183,0,0,0,0,0,1036,141,6,0,1183,0,0,0,1183
03/25/2023,IAH,TX,ASW,CE,Towers with Radar,956,137,21,0,1114,0,0,0,0,0,956,137,21,0,1114,0,0,0,1114
03/26/2023,IAH,TX,ASW,CE,Towers with Radar,937,131,14,0,1082,0,0,1,0,1,937,131,15,0,1083,0,0,0,1083
03/27/2023,IAH,TX,ASW,CE,Towers with Radar,983,120,40,0,1143,0,0,1,0,1,983,120,41,0,1144,0,0,0,1144
03/28/2023,IAH,TX,ASW,CE,Towers with Radar,983,124,37,0,1144,0,1,8,0,9,983,125,45,0,1153,0,0,0,1153
03/29/2023,IAH,TX,ASW,CE,Towers with Radar,985,138,34,0,1157,0,2,2,1,5,985,140,36,1,1162,0,0,0,1162
03/30/2023,IAH,TX,ASW,CE,Towers with Radar,978,130,43,0,1151,0,0,0,2,2,978,130,43,2,1153,0,0,0,1153
03/31/2023,IAH,TX,ASW,CE,Towers with Radar,1006,122,18,0,1146,0,1,2,0,3,1006,123,20,0,1149,0,0,0,1149
04/01/2023,IAH,TX,ASW,CE,Towers with Radar,923,134,11,0,1068,0,0,4,0,4,923,134,15,0,1072,0,0,0,1072
04/02/2023,IAH,TX,ASW,CE,Towers with Radar,952,135,14,0,1101,0,2,0,3,5,952,137,14,3,1106,0,0,0,1106
04/03/2023,IAH,TX,ASW,CE,Towers with Radar,986,138,18,0,1142,0,2,1,0,3,986,140,19,0,1145,0,0,0,1145
04/04/2023,IAH,TX,ASW,CE,Towers with Radar,979,134,35,2,1150,0,0,0,0,0,979,134,35,2,1150,0,0,0,1150
04/05/2023,IAH,TX,ASW,CE,Towers with Radar,852,93,22,0,967,0,0,0,0,0,852,93,22,0,967,0,0,0,967
04/06/2023,IAH,TX,ASW,CE,Towers with Radar,949,122,20,0,1091,1,0,0,0,1,950,122,20,0,1092,0,0,0,1092
04/07/2023,IAH,TX,ASW,CE,Towers with Radar,999,135,12,0,1146,0,0,0,0,0,999,135,12,0,1146,0,0,0,1146
04/08/2023,IAH,TX,ASW,CE,Towers with Radar,930,137,3,0,1070,0,0,2,2,4,930,137,5,2,1074,0,0,0,1074
04/09/2023,IAH,TX,ASW,CE,Towers with Radar,934,142,2,0,1078,0,1,3,0,4,934,143,5,0,1082,0,0,0,1082
04/10/2023,IAH,TX,ASW,CE,Towers with Radar,974,137,26,0,1137,0,4,0,0,4,974,141,26,0,1141,0,0,0,1141
04/11/2023,IAH,TX,ASW,CE,Towers with Radar,968,132,36,0,1136,0,2,0,0,2,968,134,36,0,1138,0,0,0,1138
04/12/2023,IAH,TX,ASW,CE,Towers with Radar,971,143,32,0,1146,0,0,0,0,0,971,143,32,0,1146,0,0,0,1146
04/13/2023,IAH,TX,ASW,CE,Towers with Radar,974,140,27,0,1141,0,0,1,0,1,974,140,28,0,1142,0,0,0,1142
04/14/2023,IAH,TX,ASW,CE,Towers with Radar,994,137,18,0,1149,0,7,0,4,11,994,144,18,4,1160,0,0,0,1160
04/15/2023,IAH,TX,ASW,CE,Towers with Radar,907,127,10,1,1045,0,0,2,1,3,907,127,12,2,1048,0,0,0,1048
04/16/2023,IAH,TX,ASW,CE,Towers with Radar,946,136,21,0,1103,0,2,1,0,3,946,138,22,0,1106,0,0,0,1106
04/17/2023,IAH,TX,ASW,CE,Towers with Radar,982,141,23,0,1146,0,0,4,0,4,982,141,27,0,1150,0,0,0,1150
04/18/2023,IAH,TX,ASW,CE,Towers with Radar,980,134,27,0,1141,0,0,4,0,4,980,134,31,0,1145,0,0,0,1145
04/19/2023,IAH,TX,ASW,CE,Towers with Radar,978,138,20,0,1136,0,0,8,0,8,978,138,28,0,1144,0,0,0,1144
04/20/2023,IAH,TX,ASW,CE,Towers with Radar,957,134,30,0,1121,0,0,0,0,0,957,134,30,0,1121,0,0,0,1121
04/21/2023,IAH,TX,ASW,CE,Towers with Radar,1014,143,17,0,1174,0,0,0,0,0,1014,143,17,0,1174,0,0,0,1174
04/22/2023,IAH,TX,ASW,CE,Towers with Radar,922,131,15,0,1068,0,2,2,0,4,922,133,17,0,1072,0,0,0,1072
04/23/2023,IAH,TX,ASW,CE,Towers with Radar,963,134,20,0,1117,0,0,0,0,0,963,134,20,0,1117,0,0,0,1117
04/24/2023,IAH,TX,ASW,CE,Towers with Radar,998,142,25,0,1165,0,1,5,0,6,998,143,30,0,1171,0,0,0,1171
04/25/2023,IAH,TX,ASW,CE,Towers with Radar,969,134,20,0,1123,0,0,1,0,1,969,134,21,0,1124,0,0,0,1124
04/26/2023,IAH,TX,ASW,CE,Towers with Radar,981,139,29,0,1149,0,0,0,1,1,981,139,29,1,1150,0,0,0,1150
04/27/2023,IAH,TX,ASW,CE,Towers with Radar,1002,149,41,0,1192,0,0,0,2,2,1002,149,41,2,1194,0,0,0,1194
04/28/2023,IAH,TX,ASW,CE,Towers with Radar,1004,143,23,0,1170,0,0,2,0,2,1004,143,25,0,1172,0,0,0,1172
04/29/2023,IAH,TX,ASW,CE,Towers with Radar,961,137,9,0,1107,0,0,0,0,0,961,137,9,0,1107,0,0,0,1107
04/30/2023,IAH,TX,ASW,CE,Towers with Radar,946,136,23,0,1105,0,0,0,2,2,946,136,23,2,1107,0,0,0,1107
05/01/2023,IAH,TX,ASW,CE,Towers with Radar,998,141,23,0,1162,0,2,7,1,10,998,143,30,1,1172,0,0,0,1172
05/02/2023,IAH,TX,ASW,CE,Towers with Radar,981,135,27,1,1144,0,0,2,0,2,981,135,29,1,1146,0,0,0,1146
05/03/2023,IAH,TX,ASW,CE,Towers with Radar,980,145,28,0,1153,0,0,0,0,0,980,145,28,0,1153,0,0,0,1153
05/04/2023,IAH,TX,ASW,CE,Towers with Radar,999,137,27,1,1164,0,0,3,0,3,999,137,30,1,1167,0,0,0,1167
05/05/2023,IAH,TX,ASW,CE,Towers with Radar,1022,120,20,0,1162,0,2,0,0,2,1022,122,20,0,1164,0,0,0,1164
05/06/2023,IAH,TX,ASW,CE,Towers with Radar,980,121,7,0,1108,0,0,0,1,1,980,121,7,1,1109,0,0,0,1109
05/07/2023,IAH,TX,ASW,CE,Towers with Radar,1005,132,12,0,1149,0,2,0,0,2,1005,134,12,0,1151,0,0,0,1151
05/08/2023,IAH,TX,ASW,CE,Towers with Radar,963,117,29,0,1109,0,2,1,0,3,963,119,30,0,1112,0,0,0,1112
05/09/2023,IAH,TX,ASW,CE,Towers with Radar,976,112,23,0,1111,0,0,0,0,0,976,112,23,0,1111,0,0,0,1111
05/10/2023,IAH,TX,ASW,CE,Towers with Radar,990,148,40,0,1178,0,0,0,0,0,990,148,40,0,1178,0,0,0,1178
05/11/2023,IAH,TX,ASW,CE,Towers with Radar,1038,134,40,0,1212,0,0,12,0,12,1038,134,52,0,1224,0,0,0,1224
05/12/2023,IAH,TX,ASW,CE,Towers with Radar,1021,129,20,0,1170,0,0,0,0,0,1021,129,20,0,1170,0,0,0,1170
05/13/2023,IAH,TX,ASW,CE,Towers with Radar,932,130,6,0,1068,0,0,0,0,0,932,130,6,0,1068,0,0,0,1068
05/14/2023,IAH,TX,ASW,CE,Towers with Radar,784,67,14,0,865,0,0,2,0,2,784,67,16,0,867,0,0,0,867
05/15/2023,IAH,TX,ASW,CE,Towers with Radar,1013,113,21,1,1148,0,2,0,0,2,1013,115,21,1,1150,0,0,0,1150
05/16/2023,IAH,TX,ASW,CE,Towers with Radar,1018,131,31,0,1180,0,2,4,0,6,1018,133,35,0,1186,0,0,0,1186
05/17/2023,IAH,TX,ASW,CE,Towers with Radar,1027,140,23,0,1190,0,5,3,0,8,1027,145,26,0,1198,0,0,0,1198
05/18/2023,IAH,TX,ASW,CE,Towers with Radar,1046,140,26,0,1212,0,0,0,0,0,1046,140,26,0,1212,0,0,0,1212
05/19/2023,IAH,TX,ASW,CE,Towers with Radar,1060,131,19,0,1210,1,0,0,0,1,1061,131,19,0,1211,0,0,0,1211
05/20/2023,IAH,TX,ASW,CE,Towers with Radar,953,127,6,0,1086,0,0,2,0,2,953,127,8,0,1088,0,0,0,1088
05/21/2023,IAH,TX,ASW,CE,Towers with Radar,996,129,12,5,1142,0,0,0,0,0,996,129,12,5,1142,0,0,0,1142
05/22/2023,IAH,TX,ASW,CE,Towers with Radar,1032,133,32,0,1197,0,0,4,1,5,1032,133,36,1,1202,0,0,0,1202
05/23/2023,IAH,TX,ASW,CE,Towers with Radar,1021,140,18,0,1179,0,0,0,0,0,1021,140,18,0,1179,0,0,0,1179
05/24/2023,IAH,TX,ASW,CE,Towers with Radar,1034,142,31,0,1207,0,2,3,0,5,1034,144,34,0,1212,0,0,0,1212
05/25/2023,IAH,TX,ASW,CE,Towers with Radar,1046,141,37,0,1224,0,0,4,0,4,1046,141,41,0,1228,0,0,0,1228
05/26/2023,IAH,TX,ASW,CE,Towers with Radar,1034,140,22,0,1196,0,0,6,0,6,1034,140,28,0,1202,0,0,0,1202
05/27/2023,IAH,TX,ASW,CE,Towers with Radar,939,127,4,0,1070,0,0,0,0,0,939,127,4,0,1070,0,0,0,1070
05/28/2023,IAH,TX,ASW,CE,Towers with Radar,984,118,8,0,1110,0,2,0,0,2,984,120,8,0,1112,0,0,0,1112
05/29/2023,IAH,TX,ASW,CE,Towers with Radar,1018,132,12,0,1162,0,2,0,0,2,1018,134,12,0,1164,0,0,0,1164
05/30/2023,IAH,TX,ASW,CE,Towers with Radar,1003,130,14,0,1147,0,0,0,0,0,1003,130,14,0,1147,0,0,0,1147
05/31/2023,IAH,TX,ASW,CE,Towers with Radar,1035,130,18,0,1183,0,0,5,0,5,1035,130,23,0,1188,0,0,0,1188
06/01/2023,IAH,TX,ASW,CE,Towers with Radar,1047,127,23,0,1197,0,0,2,0,2,1047,127,25,0,1199,0,0,0,1199
06/02/2023,IAH,TX,ASW,CE,Towers with Radar,1058,121,9,0,1188,0,0,0,0,0,1058,121,9,0,1188,0,0,0,1188
06/03/2023,IAH,TX,ASW,CE,Towers with Radar,979,142,13,0,1134,0,0,0,2,2,979,142,13,2,1136,0,0,0,1136
06/04/2023,IAH,TX,ASW,CE,Towers with Radar,1022,146,7,0,1175,0,0,0,0,0,1022,146,7,0,1175,0,0,0,1175
06/05/2023,IAH,TX,ASW,CE,Towers with Radar,1049,161,25,0,1235,0,2,0,2,4,1049,163,25,2,1239,0,0,0,1239
06/06/2023,IAH,TX,ASW,CE,Towers with Radar,1040,157,34,0,1231,0,0,0,0,0,1040,157,34,0,1231,0,0,0,1231
06/07/2023,IAH,TX,ASW,CE,Towers with Radar,1050,153,32,0,1235,0,0,0,0,0,1050,153,32,0,1235,0,0,0,1235
06/08/2023,IAH,TX,ASW,CE,Towers with Radar,1053,144,36,0,1233,0,0,2,0,2,1053,144,38,0,1235,0,0,0,1235
06/09/2023,IAH,TX,ASW,CE,Towers with Radar,1071,151,16,0,1238,0,0,4,0,4,1071,151,20,0,1242,0,0,0,1242
06/10/2023,IAH,TX,ASW,CE,Towers with Radar,959,138,12,0,1109,0,0,0,0,0,959,138,12,0,1109,0,0,0,1109
06/11/2023,IAH,TX,ASW,CE,Towers with Radar,1026,146,14,0,1186,0,0,0,0,0,1026,146,14,0,1186,0,0,0,1186
06/12/2023,IAH,TX,ASW,CE,Towers with Radar,1063,145,18,0,1226,0,2,0,1,3,1063,147,18,1,1229,0,0,0,1229
06/13/2023,IAH,TX,ASW,CE,Towers with Radar,1052,148,33,0,1233,0,2,4,0,6,1052,150,37,0,1239,0,0,0,1239
06/14/2023,IAH,TX,ASW,CE,Towers with Radar,1044,144,21,2,1211,0,0,2,0,2,1044,144,23,2,1213,0,0,0,1213
06/15/2023,IAH,TX,ASW,CE,Towers with Radar,1056,144,38,0,1238,0,0,2,0,2,1056,144,40,0,1240,0,0,0,1240
06/16/2023,IAH,TX,ASW,CE,Towers with Radar,1066,144,12,0,1222,0,2,2,0,4,1066,146,14,0,1226,0,0,0,1226
06/17/2023,IAH,TX,ASW,CE,Towers with Radar,981,142,11,0,1134,0,0,3,0,3,981,142,14,0,1137,0,0,0,1137
06/18/2023,IAH,TX,ASW,CE,Towers with Radar,1029,141,12,0,1182,0,2,0,0,2,1029,143,12,0,1184,0,0,0,1184
06/19/2023,IAH,TX,ASW,CE,Towers with Radar,1047,152,27,0,1226,0,4,2,0,6,1047,156,29,0,1232,0,0,0,1232
06/20/2023,IAH,TX,ASW,CE,Towers with Radar,1041,153,37,0,1231,0,0,0,0,0,1041,153,37,0,1231,0,0,0,1231
06/21/2023,IAH,TX,ASW,CE,Towers with Radar,983,150,30,0,1163,0,0,1,0,1,983,150,31,0,1164,0,0,0,1164
06/22/2023,IAH,TX,ASW,CE,Towers with Radar,1064,153,23,0,1240,0,0,0,0,0,1064,153,23,0,1240,0,0,0,1240
06/23/2023,IAH,TX,ASW,CE,Towers with Radar,1073,152,13,0,1238,0,1,2,1,4,1073,153,15,1,1242,0,0,0,1242
06/24/2023,IAH,TX,ASW,CE,Towers with Radar,989,144,11,0,1144,0,0,3,0,3,989,144,14,0,1147,0,0,0,1147
06/25/2023,IAH,TX,ASW,CE,Towers with Radar,970,156,17,0,1143,0,2,2,1,5,970,158,19,1,1148,0,0,0,1148
06/26/2023,IAH,TX,ASW,CE,Towers with Radar,978,140,26,0,1144,0,1,0,0,1,978,141,26,0,1145,0,0,0,1145
06/27/2023,IAH,TX,ASW,CE,Towers with Radar,923,148,26,0,1097,0,0,0,0,0,923,148,26,0,1097,0,0,0,1097
06/28/2023,IAH,TX,ASW,CE,Towers with Radar,924,151,35,0,1110,0,0,4,0,4,924,151,39,0,1114,0,0,0,1114
06/29/2023,IAH,TX,ASW,CE,Towers with Radar,984,151,29,0,1164,0,0,6,0,6,984,151,35,0,1170,0,0,0,1170
06/30/2023,IAH,TX,ASW,CE,Towers with Radar,1037,150,15,0,1202,0,0,0,0,0,1037,150,15,0,1202,0,0,0,1202
07/01/2023,IAH,TX,ASW,CE,Towers with Radar,986,144,13,0,1143,0,2,2,0,4,986,146,15,0,1147,0,0,0,1147
07/02/2023,IAH,TX,ASW,CE,Towers with Radar,966,137,5,0,1108,0,0,0,0,0,966,137,5,0,1108,0,0,0,1108
07/03/2023,IAH,TX,ASW,CE,Towers with Radar,974,135,7,0,1116,0,0,0,1,1,974,135,7,1,1117,0,0,0,1117
07/04/2023,IAH,TX,ASW,CE,Towers with Radar,896,120,5,0,1021,0,2,0,0,2,896,122,5,0,1023,0,0,0,1023
07/05/2023,IAH,TX,ASW,CE,Towers with Radar,998,153,9,0,1160,0,2,0,0,2,998,155,9,0,1162,0,0,0,1162
07/06/2023,IAH,TX,ASW,CE,Towers with Radar,998,144,32,0,1174,0,0,1,1,2,998,144,33,1,1176,0,0,0,1176
07/07/2023,IAH,TX,ASW,CE,Towers with Radar,1058,146,21,0,1225,0,0,1,0,1,1058,146,22,0,1226,0,0,0,1226
07/08/2023,IAH,TX,ASW,CE,Towers with Radar,986,148,12,0,1146,0,4,0,0,4,986,152,12,0,1150,0,0,0,1150
07/09/2023,IAH,TX,ASW,CE,Towers with Radar,989,136,20,0,1145,0,0,0,0,0,989,136,20,0,1145,0,0,0,1145
07/10/2023,IAH,TX,ASW,CE,Towers with Radar,1042,143,35,0,1220,0,0,3,1,4,1042,143,38,1,1224,0,0,0,1224
07/11/2023,IAH,TX,ASW,CE,Towers with Radar,1032,146,28,0,1206,0,1,0,0,1,1032,147,28,0,1207,0,0,0,1207
07/12/2023,IAH,TX,ASW,CE,Towers with Radar,1050,159,22,0,1231,0,2,1,0,3,1050,161,23,0,1234,0,0,0,1234
07/13/2023,IAH,TX,ASW,CE,Towers with Radar,1076,148,24,0,1248,0,0,1,0,1,1076,148,25,0,1249,0,0,0,1249
07/14/2023,IAH,TX,ASW,CE,Towers with Radar,1051,148,13,0,1212,0,4,1,0,5,1051,152,14,0,1217,0,0,0,1217
07/15/2023,IAH,TX,ASW,CE,Towers with Radar,976,141,14,0,1131,0,2,4,2,8,976,143,18,2,1139,0,0,0,1139
07/16/2023,IAH,TX,ASW,CE,Towers with Radar,1005,141,16,0,1162,0,3,2,0,5,1005,144,18,0,1167,0,0,0,1167
07/17/2023,IAH,TX,ASW,CE,Towers with Radar,1048,141,31,0,1220,0,3,5,0,8,1048,144,36,0,1228,0,0,0,1228
07/18/2023,IAH,TX,ASW,CE,Towers with Radar,1021,144,38,0,1203,0,0,8,0,8,1021,144,46,0,1211,0,0,0,1211
07/19/2023,IAH,TX,ASW,CE,Towers with Radar,1058,149,21,2,1230,0,0,1,0,1,1058,149,22,2,1231,0,0,0,1231
07/20/2023,IAH,TX,ASW,CE,Towers with Radar,1056,145,30,0,1231,0,0,2,0,2,1056,145,32,0,1233,0,0,0,1233
07/21/2023,IAH,TX,ASW,CE,Towers with Radar,1047,147,18,0,1212,0,2,3,1,6,1047,149,21,1,1218,0,0,0,1218
07/22/2023,IAH,TX,ASW,CE,Towers with Radar,1002,136,10,0,1148,0,2,0,1,3,1002,138,10,1,1151,0,0,0,1151
07/23/2023,IAH,TX,ASW,CE,Towers with Radar,1023,145,17,0,1185,0,2,2,1,5,1023,147,19,1,1190,0,0,0,1190
07/24/2023,IAH,TX,ASW,CE,Towers with Radar,1062,148,29,0,1239,0,0,3,0,3,1062,148,32,0,1242,0,0,0,1242
07/25/2023,IAH,TX,ASW,CE,Towers with Radar,1020,149,47,0,1216,0,0,0,1,1,1020,149,47,1,1217,0,0,0,1217
07/26/2023,IAH,TX,ASW,CE,Towers with Radar,1040,156,18,0,1214,0,0,0,0,0,1040,156,18,0,1214,0,0,0,1214
07/27/2023,IAH,TX,ASW,CE,Towers with Radar,1074,157,30,0,1261,0,0,3,0,3,1074,157,33,0,1264,0,0,0,1264
07/28/2023,IAH,TX,ASW,CE,Towers with Radar,1056,145,21,0,1222,0,2,10,0,12,1056,147,31,0,1234,0,0,0,1234
07/29/2023,IAH,TX,ASW,CE,Towers with Radar,975,140,4,0,1119,0,0,4,0,4,975,140,8,0,1123,0,0,0,1123
07/30/2023,IAH,TX,ASW,CE,Towers with Radar,1008,146,13,1,1168,0,0,2,0,2,1008,146,15,1,1170,0,0,0,1170
07/31/2023,IAH,TX,ASW,CE,Towers with Radar,1042,145,15,0,1202,0,4,3,0,7,1042,149,18,0,1209,0,0,0,1209
08/01/2023,IAH,TX,ASW,CE,Towers with Radar,1062,123,17,0,1202,0,0,2,0,2,1062,123,19,0,1204,0,0,0,1204
08/02/2023,IAH,TX,ASW,CE,Towers with Radar,1058,134,15,0,1207,0,2,1,0,3,1058,136,16,0,1210,0,0,0,1210
08/03/2023,IAH,TX,ASW,CE,Towers with Radar,1067,140,25,0,1232,0,0,4,2,6,1067,140,29,2,1238,0,0,0,1238
08/04/2023,IAH,TX,ASW,CE,Towers with Radar,1070,132,16,0,1218,0,0,0,0,0,1070,132,16,0,1218,0,0,0,1218
08/05/2023,IAH,TX,ASW,CE,Towers with Radar,984,128,7,0,1119,0,1,1,0,2,984,129,8,0,1121,0,0,0,1121
08/06/2023,IAH,TX,ASW,CE,Towers with Radar,1024,123,16,0,1163,0,0,1,2,3,1024,123,17,2,1166,0,0,0,1166
08/07/2023,IAH,TX,ASW,CE,Towers with Radar,1042,134,13,0,1189,0,0,0,0,0,1042,134,13,0,1189,0,0,0,1189
08/08/2023,IAH,TX,ASW,CE,Towers with Radar,1050,131,19,0,1200,0,0,0,0,0,1050,131,19,0,1200,0,0,0,1200
08/09/2023,IAH,TX,ASW,CE,Towers with Radar,1056,139,25,0,1220,0,0,2,0,2,1056,139,27,0,1222,0,0,0,1222
08/10/2023,IAH,TX,ASW,CE,Towers with Radar,1068,140,21,0,1229,0,0,4,2,6,1068,140,25,2,1235,0,0,0,1235
08/11/2023,IAH,TX,ASW,CE,Towers with Radar,1063,133,10,0,1206,0,0,2,0,2,1063,133,12,0,1208,0,0,0,1208
08/12/2023,IAH,TX,ASW,CE,Towers with Radar,996,125,4,0,1125,0,0,5,0,5,996,125,9,0,1130,0,0,0,1130
08/13/2023,IAH,TX,ASW,CE,Towers with Radar,1021,129,11,0,1161,0,0,0,0,0,1021,129,11,0,1161,0,0,0,1161
08/14/2023,IAH,TX,ASW,CE,Towers with Radar,1031,127,31,0,1189,0,0,4,1,5,1031,127,35,1,1194,0,0,0,1194
08/15/2023,IAH,TX,ASW,CE,Towers with Radar,1054,124,22,0,1200,0,0,0,0,0,1054,124,22,0,1200,0,0,0,1200
08/16/2023,IAH,TX,ASW,CE,Towers with Radar,1045,126,15,0,1186,0,6,1,4,11,1045,132,16,4,1197,0,0,0,1197
08/17/2023,IAH,TX,ASW,CE,Towers with Radar,1046,134,23,0,1203,0,0,5,0,5,1046,134,28,0,1208,0,0,0,1208
08/18/2023,IAH,TX,ASW,CE,Towers with Radar,1018,139,21,0,1178,0,0,1,1,2,1018,139,22,1,1180,0,0,0,1180
08/19/2023,IAH,TX,ASW,CE,Towers with Radar,987,127,12,0,1126,0,0,1,0,1,987,127,13,0,1127,0,0,0,1127
08/20/2023,IAH,TX,ASW,CE,Towers with Radar,1019,122,9,0,1150,0,0,0,0,0,1019,122,9,0,1150,0,0,0,1150
08/21/2023,IAH,TX,ASW,CE,Towers with Radar,1028,128,19,0,1175,0,0,2,0,2,1028,128,21,0,1177,0,0,0,1177
08/22/2023,IAH,TX,ASW,CE,Towers with Radar,1037,117,23,0,1177,0,2,8,0,10,1037,119,31,0,1187,0,0,0,1187
08/23/2023,IAH,TX,ASW,CE,Towers with Radar,1042,136,22,2,1202,0,2,7,1,10,1042,138,29,3,1212,0,0,0,1212
08/24/2023,IAH,TX,ASW,CE,Towers with Radar,1052,153,41,2,1248,0,0,6,0,6,1052,153,47,2,1254,0,0,0,1254
08/25/2023,IAH,TX,ASW,CE,Towers with Radar,1042,141,18,1,1202,0,0,1,0,1,1042,141,19,1,1203,0,0,0,1203
08/26/2023,IAH,TX,ASW,CE,Towers with Radar,972,121,9,0,1102,0,2,0,0,2,972,123,9,0,1104,0,0,0,1104
08/27/2023,IAH,TX,ASW,CE,Towers with Radar,1020,128,11,1,1160,0,2,1,0,3,1020,130,12,1,1163,0,0,0,1163
08/28/2023,IAH,TX,ASW,CE,Towers with Radar,1052,124,23,2,1201,0,1,0,0,1,1052,125,23,2,1202,0,0,0,1202
08/29/2023,IAH,TX,ASW,CE,Towers with Radar,1039,119,18,0,1176,0,3,4,0,7,1039,122,22,0,1183,0,0,0,1183
08/30/2023,IAH,TX,ASW,CE,Towers with Radar,1023,132,17,0,1172,0,0,4,0,4,1023,132,21,0,1176,0,0,0,1176
08/31/2023,IAH,TX,ASW,CE,Towers with Radar,1055,138,29,0,1222,0,4,3,0,7,1055,142,32,0,1229,0,0,0,1229
