01/01/2020,ICT,KS,ACE,CE,Combined TRACON& Tower with Radar,41,33,23,0,97,0,2,18,0,20,41,35,41,0,117,0,0,0,117
01/02/2020,ICT,KS,ACE,CE,Combined TRACON& Tower with Radar,43,45,50,0,138,0,0,19,0,19,43,45,69,0,157,2,0,2,159
01/03/2020,ICT,KS,ACE,CE,Combined TRACON& Tower with Radar,54,64,37,16,171,0,1,28,1,30,54,65,65,17,201,52,20,72,273
01/04/2020,ICT,KS,ACE,CE,Combined TRACON& Tower with Radar,46,39,56,2,143,0,3,37,0,40,46,42,93,2,183,22,0,22,205
01/05/2020,ICT,KS,ACE,CE,Combined TRACON& Tower with Radar,41,44,27,0,112,0,2,17,0,19,41,46,44,0,131,12,0,12,143
01/06/2020,ICT,KS,ACE,CE,Combined TRACON& Tower with Radar,55,43,61,57,216,0,4,36,0,40,55,47,97,57,256,8,38,46,302
01/07/2020,ICT,KS,ACE,CE,Combined TRACON& Tower with Radar,54,42,70,69,235,0,3,49,0,52,54,45,119,69,287,36,40,76,363
01/08/2020,ICT,KS,ACE,CE,Combined TRACON& Tower with Radar,58,50,51,68,227,0,4,25,1,30,58,54,76,69,257,2,28,30,287
01/09/2020,ICT,KS,ACE,CE,Combined TRACON& Tower with Radar,58,46,68,104,276,0,6,37,2,45,58,52,105,106,321,26,108,134,455
01/10/2020,ICT,KS,ACE,CE,Combined TRACON& Tower with Radar,58,47,35,0,140,0,0,0,0,0,58,47,35,0,140,0,0,0,140
01/11/2020,ICT,KS,ACE,CE,Combined TRACON& Tower with Radar,37,28,38,0,103,0,4,12,1,17,37,32,50,1,120,32,0,32,152
01/12/2020,ICT,KS,ACE,CE,Combined TRACON& Tower with Radar,44,43,47,0,134,0,0,4,1,5,44,43,51,1,139,0,0,0,139
01/13/2020,ICT,KS,ACE,CE,Combined TRACON& Tower with Radar,56,46,70,25,197,0,0,0,0,0,56,46,70,25,197,0,0,0,197
01/14/2020,ICT,KS,ACE,CE,Combined TRACON& Tower with Radar,54,55,77,51,237,0,0,6,3,9,54,55,83,54,246,24,0,24,270
01/15/2020,ICT,KS,ACE,CE,Combined TRACON& Tower with Radar,57,62,59,83,261,0,4,23,1,28,57,66,82,84,289,18,8,26,315
01/16/2020,ICT,KS,ACE,CE,Combined TRACON& Tower with Radar,60,52,74,68,254,0,4,24,4,32,60,56,98,72,286,8,60,68,354
01/17/2020,ICT,KS,ACE,CE,Combined TRACON& Tower with Radar,60,37,38,2,137,0,0,0,0,0,60,37,38,2,137,0,0,0,137
01/18/2020,ICT,KS,ACE,CE,Combined TRACON& Tower with Radar,37,38,34,2,111,0,5,13,3,21,37,43,47,5,132,8,0,8,140
01/19/2020,ICT,KS,ACE,CE,Combined TRACON& Tower with Radar,39,35,31,50,155,0,1,26,3,30,39,36,57,53,185,18,30,48,233
01/20/2020,ICT,KS,ACE,CE,Combined TRACON& Tower with Radar,57,39,50,6,152,0,3,34,6,43,57,42,84,12,195,22,0,22,217
01/21/2020,ICT,KS,ACE,CE,Combined TRACON& Tower with Radar,54,48,67,43,212,0,3,40,1,44,54,51,107,44,256,54,0,54,310
01/22/2020,ICT,KS,ACE,CE,Combined TRACON& Tower with Radar,55,49,46,0,150,0,0,0,0,0,55,49,46,0,150,0,0,0,150
01/23/2020,ICT,KS,ACE,CE,Combined TRACON& Tower with Radar,60,45,61,16,182,2,0,11,2,15,62,45,72,18,197,52,0,52,249
01/24/2020,ICT,KS,ACE,CE,Combined TRACON& Tower with Radar,66,50,60,27,203,0,0,5,1,6,66,50,65,28,209,26,26,52,261
01/25/2020,ICT,KS,ACE,CE,Combined TRACON& Tower with Radar,36,38,47,3,124,0,2,38,2,42,36,40,85,5,166,28,0,28,194
01/26/2020,ICT,KS,ACE,CE,Combined TRACON& Tower with Radar,45,41,57,22,165,0,4,29,5,38,45,45,86,27,203,18,18,36,239
01/27/2020,ICT,KS,ACE,CE,Combined TRACON& Tower with Radar,57,44,87,43,231,0,2,52,6,60,57,46,139,49,291,62,130,192,483
01/28/2020,ICT,KS,ACE,CE,Combined TRACON& Tower with Radar,57,34,33,0,124,0,0,0,0,0,57,34,33,0,124,0,0,0,124
01/29/2020,ICT,KS,ACE,CE,Combined TRACON& Tower with Radar,58,43,74,34,209,0,0,5,0,5,58,43,79,34,214,78,54,132,346
01/30/2020,ICT,KS,ACE,CE,Combined TRACON& Tower with Radar,59,62,77,43,241,0,0,0,0,0,59,62,77,43,241,0,0,0,241
01/31/2020,ICT,KS,ACE,CE,Combined TRACON& Tower with Radar,62,54,90,34,240,0,2,52,4,58,62,56,142,38,298,26,38,64,362
02/01/2020,ICT,KS,ACE,CE,Combined TRACON& Tower with Radar,34,34,56,3,127,0,4,41,3,48,34,38,97,6,175,40,30,70,245
02/02/2020,ICT,KS,ACE,CE,Combined TRACON& Tower with Radar,40,34,32,19,125,0,2,25,3,30,40,36,57,22,155,0,0,0,155
02/03/2020,ICT,KS,ACE,CE,Combined TRACON& Tower with Radar,58,36,74,47,215,0,4,14,0,18,58,40,88,47,233,4,0,4,237
02/04/2020,ICT,KS,ACE,CE,Combined TRACON& Tower with Radar,54,56,55,0,165,0,0,2,0,2,54,56,57,0,167,10,0,10,177
02/05/2020,ICT,KS,ACE,CE,Combined TRACON& Tower with Radar,56,44,48,25,173,0,0,16,3,19,56,44,64,28,192,24,34,58,250
02/06/2020,ICT,KS,ACE,CE,Combined TRACON& Tower with Radar,58,62,68,64,252,0,3,61,2,66,58,65,129,66,318,94,48,142,460
02/07/2020,ICT,KS,ACE,CE,Combined TRACON& Tower with Radar,65,50,61,44,220,0,1,48,3,52,65,51,109,47,272,16,36,52,324
02/08/2020,ICT,KS,ACE,CE,Combined TRACON& Tower with Radar,39,35,30,4,108,0,2,33,2,37,39,37,63,6,145,0,0,0,145
02/09/2020,ICT,KS,ACE,CE,Combined TRACON& Tower with Radar,45,34,41,16,136,0,0,11,0,11,45,34,52,16,147,0,12,12,159
02/10/2020,ICT,KS,ACE,CE,Combined TRACON& Tower with Radar,56,58,69,81,264,0,0,17,0,17,56,58,86,81,281,76,36,112,393
02/11/2020,ICT,KS,ACE,CE,Combined TRACON& Tower with Radar,57,50,82,89,278,0,3,26,2,31,57,53,108,91,309,0,122,122,431
02/12/2020,ICT,KS,ACE,CE,Combined TRACON& Tower with Radar,56,43,36,0,135,0,0,0,0,0,56,43,36,0,135,0,0,0,135
02/13/2020,ICT,KS,ACE,CE,Combined TRACON& Tower with Radar,56,56,95,33,240,0,1,27,0,28,56,57,122,33,268,2,86,88,356
02/14/2020,ICT,KS,ACE,CE,Combined TRACON& Tower with Radar,57,56,73,47,233,0,7,24,4,35,57,63,97,51,268,68,200,268,536
02/15/2020,ICT,KS,ACE,CE,Combined TRACON& Tower with Radar,40,35,27,2,104,0,2,23,5,30,40,37,50,7,134,6,0,6,140
02/16/2020,ICT,KS,ACE,CE,Combined TRACON& Tower with Radar,41,36,33,0,110,0,5,26,2,33,41,41,59,2,143,28,0,28,171
02/17/2020,ICT,KS,ACE,CE,Combined TRACON& Tower with Radar,50,57,97,2,206,0,10,35,4,49,50,67,132,6,255,100,8,108,363
02/18/2020,ICT,KS,ACE,CE,Combined TRACON& Tower with Radar,49,62,73,78,262,0,1,28,5,34,49,63,101,83,296,28,38,66,362
02/19/2020,ICT,KS,ACE,CE,Combined TRACON& Tower with Radar,56,45,88,40,229,1,4,20,11,36,57,49,108,51,265,34,6,40,305
02/20/2020,ICT,KS,ACE,CE,Combined TRACON& Tower with Radar,54,52,90,33,229,2,2,23,1,28,56,54,113,34,257,2,0,2,259
02/21/2020,ICT,KS,ACE,CE,Combined TRACON& Tower with Radar,56,60,64,64,244,0,4,39,11,54,56,64,103,75,298,10,106,116,414
02/22/2020,ICT,KS,ACE,CE,Combined TRACON& Tower with Radar,39,40,35,13,127,0,3,40,5,48,39,43,75,18,175,20,0,20,195
02/23/2020,ICT,KS,ACE,CE,Combined TRACON& Tower with Radar,50,37,39,7,133,0,0,4,2,6,50,37,43,9,139,0,0,0,139
02/24/2020,ICT,KS,ACE,CE,Combined TRACON& Tower with Radar,43,54,74,29,200,0,0,6,1,7,43,54,80,30,207,0,52,52,259
02/25/2020,ICT,KS,ACE,CE,Combined TRACON& Tower with Radar,53,51,64,4,172,0,0,0,1,1,53,51,64,5,173,12,0,12,185
02/26/2020,ICT,KS,ACE,CE,Combined TRACON& Tower with Radar,55,84,74,55,268,0,6,39,3,48,55,90,113,58,316,20,52,72,388
02/27/2020,ICT,KS,ACE,CE,Combined TRACON& Tower with Radar,55,66,90,66,277,0,4,46,7,57,55,70,136,73,334,14,40,54,388
02/28/2020,ICT,KS,ACE,CE,Combined TRACON& Tower with Radar,54,58,61,63,236,0,12,50,7,69,54,70,111,70,305,14,98,112,417
02/29/2020,ICT,KS,ACE,CE,Combined TRACON& Tower with Radar,39,40,43,8,130,0,0,33,2,35,39,40,76,10,165,10,0,10,175
03/01/2020,ICT,KS,ACE,CE,Combined TRACON& Tower with Radar,48,48,49,5,150,0,5,37,0,42,48,53,86,5,192,36,0,36,228
03/02/2020,ICT,KS,ACE,CE,Combined TRACON& Tower with Radar,47,68,61,89,265,0,4,28,0,32,47,72,89,89,297,18,94,112,409
03/03/2020,ICT,KS,ACE,CE,Combined TRACON& Tower with Radar,48,61,89,28,226,0,0,56,2,58,48,61,145,30,284,42,12,54,338
03/04/2020,ICT,KS,ACE,CE,Combined TRACON& Tower with Radar,55,58,93,35,241,0,0,59,6,65,55,58,152,41,306,33,48,81,387
03/05/2020,ICT,KS,ACE,CE,Combined TRACON& Tower with Radar,60,54,79,45,238,0,4,37,5,46,60,58,116,50,284,22,6,28,312
03/06/2020,ICT,KS,ACE,CE,Combined TRACON& Tower with Radar,61,44,85,33,223,0,2,55,8,65,61,46,140,41,288,0,0,0,288
03/07/2020,ICT,KS,ACE,CE,Combined TRACON& Tower with Radar,41,30,39,0,110,0,2,11,4,17,41,32,50,4,127,20,0,20,147
03/08/2020,ICT,KS,ACE,CE,Combined TRACON& Tower with Radar,52,48,26,0,126,0,2,15,0,17,52,50,41,0,143,0,0,0,143
03/09/2020,ICT,KS,ACE,CE,Combined TRACON& Tower with Radar,53,66,43,12,174,0,0,4,0,4,53,66,47,12,178,10,0,10,188
03/10/2020,ICT,KS,ACE,CE,Combined TRACON& Tower with Radar,52,60,104,7,223,0,0,23,2,25,52,60,127,9,248,0,0,0,248
03/11/2020,ICT,KS,ACE,CE,Combined TRACON& Tower with Radar,52,55,68,69,244,0,4,46,7,57,52,59,114,76,301,14,34,48,349
03/12/2020,ICT,KS,ACE,CE,Combined TRACON& Tower with Radar,57,53,93,60,263,0,2,40,1,43,57,55,133,61,306,12,0,12,318
03/13/2020,ICT,KS,ACE,CE,Combined TRACON& Tower with Radar,65,55,70,2,192,0,4,16,2,22,65,59,86,4,214,14,0,14,228
03/14/2020,ICT,KS,ACE,CE,Combined TRACON& Tower with Radar,43,34,32,0,109,0,0,0,2,2,43,34,32,2,111,0,0,0,111
03/15/2020,ICT,KS,ACE,CE,Combined TRACON& Tower with Radar,53,40,37,0,130,0,0,3,0,3,53,40,40,0,133,0,0,0,133
03/16/2020,ICT,KS,ACE,CE,Combined TRACON& Tower with Radar,56,48,39,9,152,0,0,0,0,0,56,48,39,9,152,0,0,0,152
03/17/2020,ICT,KS,ACE,CE,Combined TRACON& Tower with Radar,56,62,32,6,156,0,0,2,0,2,56,62,34,6,158,0,0,0,158
03/18/2020,ICT,KS,ACE,CE,Combined TRACON& Tower with Radar,53,51,54,28,186,0,2,7,1,10,53,53,61,29,196,0,14,14,210
03/19/2020,ICT,KS,ACE,CE,Combined TRACON& Tower with Radar,58,41,49,52,200,0,3,9,5,17,58,44,58,57,217,2,16,18,235
03/20/2020,ICT,KS,ACE,CE,Combined TRACON& Tower with Radar,52,45,42,72,211,0,1,26,7,34,52,46,68,79,245,0,144,144,389
03/21/2020,ICT,KS,ACE,CE,Combined TRACON& Tower with Radar,39,32,39,16,126,0,0,46,5,51,39,32,85,21,177,12,0,12,189
03/22/2020,ICT,KS,ACE,CE,Combined TRACON& Tower with Radar,35,30,30,0,95,0,0,1,0,1,35,30,31,0,96,0,0,0,96
03/23/2020,ICT,KS,ACE,CE,Combined TRACON& Tower with Radar,32,33,50,3,118,0,0,12,6,18,32,33,62,9,136,6,54,60,196
03/24/2020,ICT,KS,ACE,CE,Combined TRACON& Tower with Radar,36,36,25,21,118,0,2,6,4,12,36,38,31,25,130,6,0,6,136
03/25/2020,ICT,KS,ACE,CE,Combined TRACON& Tower with Radar,31,29,33,44,137,0,1,24,3,28,31,30,57,47,165,24,6,30,195
03/26/2020,ICT,KS,ACE,CE,Combined TRACON& Tower with Radar,30,32,48,42,152,0,4,20,1,25,30,36,68,43,177,0,0,0,177
03/27/2020,ICT,KS,ACE,CE,Combined TRACON& Tower with Radar,34,31,36,10,111,0,8,7,0,15,34,39,43,10,126,0,0,0,126
03/28/2020,ICT,KS,ACE,CE,Combined TRACON& Tower with Radar,24,18,14,0,56,0,0,7,4,11,24,18,21,4,67,0,0,0,67
03/29/2020,ICT,KS,ACE,CE,Combined TRACON& Tower with Radar,22,20,35,0,77,0,0,20,4,24,22,20,55,4,101,22,0,22,123
03/30/2020,ICT,KS,ACE,CE,Combined TRACON& Tower with Radar,25,31,30,0,86,0,2,11,1,14,25,33,41,1,100,0,0,0,100
03/31/2020,ICT,KS,ACE,CE,Combined TRACON& Tower with Radar,30,33,38,33,134,0,2,21,1,24,30,35,59,34,158,0,0,0,158
04/01/2020,ICT,KS,ACE,CE,Combined TRACON& Tower with Radar,29,23,31,16,99,0,1,26,1,28,29,24,57,17,127,0,0,0,127
04/02/2020,ICT,KS,ACE,CE,Combined TRACON& Tower with Radar,27,44,30,11,112,0,3,12,0,15,27,47,42,11,127,0,0,0,127
04/03/2020,ICT,KS,ACE,CE,Combined TRACON& Tower with Radar,27,28,24,32,111,0,2,7,0,9,27,30,31,32,120,0,0,0,120
04/04/2020,ICT,KS,ACE,CE,Combined TRACON& Tower with Radar,20,19,16,2,57,0,0,2,0,2,20,19,18,2,59,24,0,24,83
04/05/2020,ICT,KS,ACE,CE,Combined TRACON& Tower with Radar,25,20,18,0,63,0,0,4,0,4,25,20,22,0,67,0,0,0,67
04/06/2020,ICT,KS,ACE,CE,Combined TRACON& Tower with Radar,23,26,33,18,100,0,2,2,0,4,23,28,35,18,104,0,0,0,104
04/07/2020,ICT,KS,ACE,CE,Combined TRACON& Tower with Radar,24,27,39,13,103,0,0,18,0,18,24,27,57,13,121,20,0,20,141
04/08/2020,ICT,KS,ACE,CE,Combined TRACON& Tower with Radar,30,22,26,12,90,0,0,54,7,61,30,22,80,19,151,12,4,16,167
04/09/2020,ICT,KS,ACE,CE,Combined TRACON& Tower with Radar,28,23,39,0,90,0,1,25,0,26,28,24,64,0,116,0,0,0,116
04/10/2020,ICT,KS,ACE,CE,Combined TRACON& Tower with Radar,29,38,44,0,111,0,4,21,2,27,29,42,65,2,138,0,0,0,138
04/11/2020,ICT,KS,ACE,CE,Combined TRACON& Tower with Radar,18,21,11,18,68,0,1,1,0,2,18,22,12,18,70,4,0,4,74
04/12/2020,ICT,KS,ACE,CE,Combined TRACON& Tower with Radar,20,17,4,0,41,0,0,0,0,0,20,17,4,0,41,0,0,0,41
04/13/2020,ICT,KS,ACE,CE,Combined TRACON& Tower with Radar,18,35,24,6,83,0,1,8,5,14,18,36,32,11,97,6,0,6,103
04/14/2020,ICT,KS,ACE,CE,Combined TRACON& Tower with Radar,20,21,29,11,81,0,3,24,4,31,20,24,53,15,112,14,0,14,126
04/15/2020,ICT,KS,ACE,CE,Combined TRACON& Tower with Radar,23,27,17,4,71,0,2,25,3,30,23,29,42,7,101,4,6,10,111
04/16/2020,ICT,KS,ACE,CE,Combined TRACON& Tower with Radar,19,27,27,0,73,0,3,5,0,8,19,30,32,0,81,0,0,0,81
04/17/2020,ICT,KS,ACE,CE,Combined TRACON& Tower with Radar,20,28,26,36,110,0,2,14,0,16,20,30,40,36,126,22,0,22,148
04/18/2020,ICT,KS,ACE,CE,Combined TRACON& Tower with Radar,15,12,10,8,45,0,2,10,2,14,15,14,20,10,59,26,0,26,85
04/19/2020,ICT,KS,ACE,CE,Combined TRACON& Tower with Radar,12,15,19,0,46,0,2,5,0,7,12,17,24,0,53,0,0,0,53
04/20/2020,ICT,KS,ACE,CE,Combined TRACON& Tower with Radar,12,21,41,32,106,0,0,20,0,20,12,21,61,32,126,56,0,56,182
04/21/2020,ICT,KS,ACE,CE,Combined TRACON& Tower with Radar,17,38,39,10,104,0,1,37,0,38,17,39,76,10,142,38,0,38,180
04/22/2020,ICT,KS,ACE,CE,Combined TRACON& Tower with Radar,19,24,15,6,64,0,0,2,0,2,19,24,17,6,66,0,0,0,66
04/23/2020,ICT,KS,ACE,CE,Combined TRACON& Tower with Radar,19,29,44,24,116,0,0,36,2,38,19,29,80,26,154,0,0,0,154
04/24/2020,ICT,KS,ACE,CE,Combined TRACON& Tower with Radar,17,25,22,24,88,0,0,5,0,5,17,25,27,24,93,0,0,0,93
04/25/2020,ICT,KS,ACE,CE,Combined TRACON& Tower with Radar,14,16,18,22,70,0,0,29,0,29,14,16,47,22,99,0,0,0,99
04/26/2020,ICT,KS,ACE,CE,Combined TRACON& Tower with Radar,14,24,21,0,59,0,0,27,2,29,14,24,48,2,88,20,0,20,108
04/27/2020,ICT,KS,ACE,CE,Combined TRACON& Tower with Radar,13,35,34,21,103,0,0,26,1,27,13,35,60,22,130,12,0,12,142
04/28/2020,ICT,KS,ACE,CE,Combined TRACON& Tower with Radar,19,29,28,9,85,0,1,16,1,18,19,30,44,10,103,4,0,4,107
04/29/2020,ICT,KS,ACE,CE,Combined TRACON& Tower with Radar,18,24,35,10,87,0,3,14,0,17,18,27,49,10,104,16,0,16,120
04/30/2020,ICT,KS,ACE,CE,Combined TRACON& Tower with Radar,20,20,41,8,89,0,0,50,0,50,20,20,91,8,139,22,0,22,161
05/01/2020,ICT,KS,ACE,CE,Combined TRACON& Tower with Radar,19,24,36,18,97,0,1,24,3,28,19,25,60,21,125,24,0,24,149
05/02/2020,ICT,KS,ACE,CE,Combined TRACON& Tower with Radar,18,18,24,8,68,0,1,22,0,23,18,19,46,8,91,20,0,20,111
05/03/2020,ICT,KS,ACE,CE,Combined TRACON& Tower with Radar,19,17,30,6,72,0,6,11,2,19,19,23,41,8,91,28,0,28,119
05/04/2020,ICT,KS,ACE,CE,Combined TRACON& Tower with Radar,21,27,59,9,116,0,0,7,0,7,21,27,66,9,123,0,0,0,123
05/05/2020,ICT,KS,ACE,CE,Combined TRACON& Tower with Radar,29,28,22,20,99,0,4,41,0,45,29,32,63,20,144,10,0,10,154
05/06/2020,ICT,KS,ACE,CE,Combined TRACON& Tower with Radar,29,32,48,22,131,0,4,45,3,52,29,36,93,25,183,0,0,0,183
05/07/2020,ICT,KS,ACE,CE,Combined TRACON& Tower with Radar,31,23,29,0,83,0,0,5,0,5,31,23,34,0,88,0,0,0,88
05/08/2020,ICT,KS,ACE,CE,Combined TRACON& Tower with Radar,32,39,48,32,151,0,2,35,7,44,32,41,83,39,195,10,12,22,217
05/09/2020,ICT,KS,ACE,CE,Combined TRACON& Tower with Radar,26,24,19,16,85,0,2,29,0,31,26,26,48,16,116,14,14,28,144
05/10/2020,ICT,KS,ACE,CE,Combined TRACON& Tower with Radar,21,19,25,0,65,0,0,21,0,21,21,19,46,0,86,12,0,12,98
05/11/2020,ICT,KS,ACE,CE,Combined TRACON& Tower with Radar,25,20,50,12,107,0,0,0,0,0,25,20,50,12,107,0,0,0,107
05/12/2020,ICT,KS,ACE,CE,Combined TRACON& Tower with Radar,29,27,43,14,113,0,0,2,0,2,29,27,45,14,115,0,0,0,115
05/13/2020,ICT,KS,ACE,CE,Combined TRACON& Tower with Radar,30,43,28,26,127,0,0,0,0,0,30,43,28,26,127,0,0,0,127
05/14/2020,ICT,KS,ACE,CE,Combined TRACON& Tower with Radar,33,36,47,61,177,0,1,35,5,41,33,37,82,66,218,12,42,54,272
05/15/2020,ICT,KS,ACE,CE,Combined TRACON& Tower with Radar,34,28,21,7,90,0,2,9,0,11,34,30,30,7,101,2,0,2,103
05/16/2020,ICT,KS,ACE,CE,Combined TRACON& Tower with Radar,31,16,26,0,73,0,3,7,0,10,31,19,33,0,83,4,0,4,87
05/17/2020,ICT,KS,ACE,CE,Combined TRACON& Tower with Radar,25,12,33,22,92,0,2,39,0,41,25,14,72,22,133,28,66,94,227
05/18/2020,ICT,KS,ACE,CE,Combined TRACON& Tower with Radar,24,19,51,26,120,0,0,41,2,43,24,19,92,28,163,18,6,24,187
05/19/2020,ICT,KS,ACE,CE,Combined TRACON& Tower with Radar,30,30,55,40,155,0,2,58,3,63,30,32,113,43,218,28,10,38,256
05/20/2020,ICT,KS,ACE,CE,Combined TRACON& Tower with Radar,32,30,63,21,146,0,2,47,3,52,32,32,110,24,198,42,0,42,240
05/21/2020,ICT,KS,ACE,CE,Combined TRACON& Tower with Radar,33,31,45,12,121,0,10,7,0,17,33,41,52,12,138,12,10,22,160
05/22/2020,ICT,KS,ACE,CE,Combined TRACON& Tower with Radar,36,26,24,1,87,0,4,27,3,34,36,30,51,4,121,30,0,30,151
05/23/2020,ICT,KS,ACE,CE,Combined TRACON& Tower with Radar,26,21,35,0,82,0,2,15,0,17,26,23,50,0,99,0,0,0,99
05/24/2020,ICT,KS,ACE,CE,Combined TRACON& Tower with Radar,23,14,17,0,54,0,5,11,1,17,23,19,28,1,71,0,0,0,71
05/25/2020,ICT,KS,ACE,CE,Combined TRACON& Tower with Radar,24,15,18,0,57,0,1,0,0,1,24,16,18,0,58,0,0,0,58
05/26/2020,ICT,KS,ACE,CE,Combined TRACON& Tower with Radar,25,28,55,38,146,0,0,23,0,23,25,28,78,38,169,12,0,12,181
05/27/2020,ICT,KS,ACE,CE,Combined TRACON& Tower with Radar,30,39,53,22,144,0,2,40,0,42,30,41,93,22,186,16,42,58,244
05/28/2020,ICT,KS,ACE,CE,Combined TRACON& Tower with Radar,36,33,58,65,192,0,1,34,1,36,36,34,92,66,228,102,54,156,384
05/29/2020,ICT,KS,ACE,CE,Combined TRACON& Tower with Radar,35,37,58,17,147,0,6,48,2,56,35,43,106,19,203,38,8,46,249
05/30/2020,ICT,KS,ACE,CE,Combined TRACON& Tower with Radar,30,23,35,18,106,0,3,42,1,46,30,26,77,19,152,0,0,0,152
05/31/2020,ICT,KS,ACE,CE,Combined TRACON& Tower with Radar,25,19,30,2,76,0,0,12,2,14,25,19,42,4,90,4,0,4,94
06/01/2020,ICT,KS,ACE,CE,Combined TRACON& Tower with Radar,25,27,48,68,168,0,2,39,3,44,25,29,87,71,212,44,6,50,262
06/02/2020,ICT,KS,ACE,CE,Combined TRACON& Tower with Radar,26,37,56,64,183,0,1,38,3,42,26,38,94,67,225,34,6,40,265
06/03/2020,ICT,KS,ACE,CE,Combined TRACON& Tower with Radar,33,45,48,46,172,0,2,41,0,43,33,47,89,46,215,24,18,42,257
06/04/2020,ICT,KS,ACE,CE,Combined TRACON& Tower with Radar,31,32,77,42,182,0,6,46,3,55,31,38,123,45,237,56,4,60,297
06/05/2020,ICT,KS,ACE,CE,Combined TRACON& Tower with Radar,33,29,55,69,186,0,0,46,4,50,33,29,101,73,236,0,26,26,262
06/06/2020,ICT,KS,ACE,CE,Combined TRACON& Tower with Radar,32,26,29,19,106,0,3,43,4,50,32,29,72,23,156,6,0,6,162
06/07/2020,ICT,KS,ACE,CE,Combined TRACON& Tower with Radar,22,22,44,0,88,0,4,29,0,33,22,26,73,0,121,12,0,12,133
06/08/2020,ICT,KS,ACE,CE,Combined TRACON& Tower with Radar,23,27,44,25,119,0,2,25,4,31,23,29,69,29,150,16,0,16,166
06/09/2020,ICT,KS,ACE,CE,Combined TRACON& Tower with Radar,28,28,46,7,109,0,3,28,0,31,28,31,74,7,140,34,0,34,174
06/10/2020,ICT,KS,ACE,CE,Combined TRACON& Tower with Radar,34,44,53,28,159,0,5,28,1,34,34,49,81,29,193,44,0,44,237
06/11/2020,ICT,KS,ACE,CE,Combined TRACON& Tower with Radar,30,43,63,39,175,0,1,55,5,61,30,44,118,44,236,76,4,80,316
06/12/2020,ICT,KS,ACE,CE,Combined TRACON& Tower with Radar,32,39,67,25,163,0,2,54,8,64,32,41,121,33,227,50,12,62,289
06/13/2020,ICT,KS,ACE,CE,Combined TRACON& Tower with Radar,28,42,40,1,111,0,3,43,0,46,28,45,83,1,157,52,0,52,209
06/14/2020,ICT,KS,ACE,CE,Combined TRACON& Tower with Radar,21,34,28,0,83,0,8,29,0,37,21,42,57,0,120,28,0,28,148
06/15/2020,ICT,KS,ACE,CE,Combined TRACON& Tower with Radar,22,32,56,27,137,0,4,43,3,50,22,36,99,30,187,44,8,52,239
06/16/2020,ICT,KS,ACE,CE,Combined TRACON& Tower with Radar,27,37,51,35,150,0,0,51,8,59,27,37,102,43,209,48,10,58,267
06/17/2020,ICT,KS,ACE,CE,Combined TRACON& Tower with Radar,34,32,48,48,162,0,7,45,4,56,34,39,93,52,218,40,0,40,258
06/18/2020,ICT,KS,ACE,CE,Combined TRACON& Tower with Radar,34,54,61,69,218,1,1,44,2,48,35,55,105,71,266,56,0,56,322
06/19/2020,ICT,KS,ACE,CE,Combined TRACON& Tower with Radar,33,30,38,0,101,0,0,2,1,3,33,30,40,1,104,34,0,34,138
06/20/2020,ICT,KS,ACE,CE,Combined TRACON& Tower with Radar,20,24,24,0,68,0,1,21,0,22,20,25,45,0,90,12,0,12,102
06/21/2020,ICT,KS,ACE,CE,Combined TRACON& Tower with Radar,23,15,35,0,73,0,4,30,2,36,23,19,65,2,109,66,0,66,175
06/22/2020,ICT,KS,ACE,CE,Combined TRACON& Tower with Radar,24,34,50,81,189,0,0,62,4,66,24,34,112,85,255,30,12,42,297
06/23/2020,ICT,KS,ACE,CE,Combined TRACON& Tower with Radar,28,53,53,47,181,0,1,51,7,59,28,54,104,54,240,52,0,52,292
06/24/2020,ICT,KS,ACE,CE,Combined TRACON& Tower with Radar,34,47,77,52,210,0,1,64,9,74,34,48,141,61,284,96,8,104,388
06/25/2020,ICT,KS,ACE,CE,Combined TRACON& Tower with Radar,32,40,70,47,189,0,2,55,8,65,32,42,125,55,254,28,0,28,282
06/26/2020,ICT,KS,ACE,CE,Combined TRACON& Tower with Radar,33,38,56,31,158,0,1,31,5,37,33,39,87,36,195,22,0,22,217
06/27/2020,ICT,KS,ACE,CE,Combined TRACON& Tower with Radar,29,22,36,4,91,0,0,24,0,24,29,22,60,4,115,16,0,16,131
06/28/2020,ICT,KS,ACE,CE,Combined TRACON& Tower with Radar,25,28,33,16,102,0,0,2,0,2,25,28,35,16,104,0,0,0,104
06/29/2020,ICT,KS,ACE,CE,Combined TRACON& Tower with Radar,28,22,76,48,174,0,3,19,1,23,28,25,95,49,197,6,0,6,203
06/30/2020,ICT,KS,ACE,CE,Combined TRACON& Tower with Radar,28,42,62,32,164,0,7,25,2,34,28,49,87,34,198,4,12,16,214
07/01/2020,ICT,KS,ACE,CE,Combined TRACON& Tower with Radar,40,44,85,80,249,0,3,34,6,43,40,47,119,86,292,90,0,90,382
07/02/2020,ICT,KS,ACE,CE,Combined TRACON& Tower with Radar,32,38,45,7,122,1,7,29,6,43,33,45,74,13,165,48,0,48,213
07/03/2020,ICT,KS,ACE,CE,Combined TRACON& Tower with Radar,31,32,24,0,87,0,1,21,0,22,31,33,45,0,109,18,0,18,127
07/04/2020,ICT,KS,ACE,CE,Combined TRACON& Tower with Radar,28,21,11,0,60,0,4,27,0,31,28,25,38,0,91,8,0,8,99
07/05/2020,ICT,KS,ACE,CE,Combined TRACON& Tower with Radar,26,34,31,2,93,0,0,14,0,14,26,34,45,2,107,0,0,0,107
07/06/2020,ICT,KS,ACE,CE,Combined TRACON& Tower with Radar,24,41,56,1,122,0,1,26,0,27,24,42,82,1,149,30,0,30,179
07/07/2020,ICT,KS,ACE,CE,Combined TRACON& Tower with Radar,32,37,56,45,170,0,5,45,6,56,32,42,101,51,226,48,52,100,326
07/08/2020,ICT,KS,ACE,CE,Combined TRACON& Tower with Radar,40,49,49,46,184,0,4,43,9,56,40,53,92,55,240,28,20,48,288
07/09/2020,ICT,KS,ACE,CE,Combined TRACON& Tower with Radar,42,41,60,32,175,0,0,41,8,49,42,41,101,40,224,58,0,58,282
07/10/2020,ICT,KS,ACE,CE,Combined TRACON& Tower with Radar,40,39,46,16,141,1,4,43,4,52,41,43,89,20,193,12,10,22,215
07/11/2020,ICT,KS,ACE,CE,Combined TRACON& Tower with Radar,43,23,25,11,102,0,4,31,2,37,43,27,56,13,139,8,0,8,147
07/12/2020,ICT,KS,ACE,CE,Combined TRACON& Tower with Radar,36,16,47,19,118,0,2,40,0,42,36,18,87,19,160,8,0,8,168
07/13/2020,ICT,KS,ACE,CE,Combined TRACON& Tower with Radar,34,26,43,61,164,0,6,43,2,51,34,32,86,63,215,4,20,24,239
07/14/2020,ICT,KS,ACE,CE,Combined TRACON& Tower with Radar,36,27,60,61,184,0,9,34,1,44,36,36,94,62,228,12,12,24,252
07/15/2020,ICT,KS,ACE,CE,Combined TRACON& Tower with Radar,42,32,61,107,242,0,4,45,6,55,42,36,106,113,297,34,40,74,371
07/16/2020,ICT,KS,ACE,CE,Combined TRACON& Tower with Radar,42,32,52,45,171,0,2,38,2,42,42,34,90,47,213,36,6,42,255
07/17/2020,ICT,KS,ACE,CE,Combined TRACON& Tower with Radar,41,41,35,24,141,0,3,31,2,36,41,44,66,26,177,20,0,20,197
07/18/2020,ICT,KS,ACE,CE,Combined TRACON& Tower with Radar,38,30,43,30,141,0,2,38,0,40,38,32,81,30,181,22,84,106,287
07/19/2020,ICT,KS,ACE,CE,Combined TRACON& Tower with Radar,35,21,36,0,92,2,5,39,0,46,37,26,75,0,138,16,0,16,154
07/20/2020,ICT,KS,ACE,CE,Combined TRACON& Tower with Radar,34,39,40,23,136,0,4,36,8,48,34,43,76,31,184,18,0,18,202
07/21/2020,ICT,KS,ACE,CE,Combined TRACON& Tower with Radar,32,32,62,109,235,0,4,33,5,42,32,36,95,114,277,40,22,62,339
07/22/2020,ICT,KS,ACE,CE,Combined TRACON& Tower with Radar,42,37,52,62,193,0,13,52,7,72,42,50,104,69,265,60,0,60,325
07/23/2020,ICT,KS,ACE,CE,Combined TRACON& Tower with Radar,42,36,54,58,190,0,5,38,5,48,42,41,92,63,238,62,20,82,320
07/24/2020,ICT,KS,ACE,CE,Combined TRACON& Tower with Radar,39,33,49,31,152,0,2,39,0,41,39,35,88,31,193,32,0,32,225
07/25/2020,ICT,KS,ACE,CE,Combined TRACON& Tower with Radar,40,21,38,0,99,0,0,32,2,34,40,21,70,2,133,12,0,12,145
07/26/2020,ICT,KS,ACE,CE,Combined TRACON& Tower with Radar,37,25,30,10,102,0,4,25,0,29,37,29,55,10,131,8,0,8,139
07/27/2020,ICT,KS,ACE,CE,Combined TRACON& Tower with Radar,34,26,53,17,130,0,0,14,2,16,34,26,67,19,146,10,48,58,204
07/28/2020,ICT,KS,ACE,CE,Combined TRACON& Tower with Radar,32,25,61,52,170,0,0,10,0,10,32,25,71,52,180,34,22,56,236
07/29/2020,ICT,KS,ACE,CE,Combined TRACON& Tower with Radar,42,37,40,36,155,0,0,14,0,14,42,37,54,36,169,0,16,16,185
07/30/2020,ICT,KS,ACE,CE,Combined TRACON& Tower with Radar,44,31,61,62,198,0,2,17,2,21,44,33,78,64,219,18,74,92,311
07/31/2020,ICT,KS,ACE,CE,Combined TRACON& Tower with Radar,40,36,53,51,180,0,9,53,6,68,40,45,106,57,248,34,42,76,324
08/01/2020,ICT,KS,ACE,CE,Combined TRACON& Tower with Radar,44,12,41,13,110,0,2,26,9,37,44,14,67,22,147,26,4,30,177
08/02/2020,ICT,KS,ACE,CE,Combined TRACON& Tower with Radar,39,17,35,7,98,0,5,28,3,36,39,22,63,10,134,18,0,18,152
08/03/2020,ICT,KS,ACE,CE,Combined TRACON& Tower with Radar,40,29,51,60,180,0,6,43,7,56,40,35,94,67,236,60,28,88,324
08/04/2020,ICT,KS,ACE,CE,Combined TRACON& Tower with Radar,40,29,51,55,175,0,6,57,8,71,40,35,108,63,246,56,24,80,326
08/05/2020,ICT,KS,ACE,CE,Combined TRACON& Tower with Radar,52,28,65,52,197,0,12,37,9,58,52,40,102,61,255,102,46,148,403
08/06/2020,ICT,KS,ACE,CE,Combined TRACON& Tower with Radar,50,40,68,6,164,0,0,11,2,13,50,40,79,8,177,0,16,16,193
08/07/2020,ICT,KS,ACE,CE,Combined TRACON& Tower with Radar,46,40,38,68,192,0,3,27,4,34,46,43,65,72,226,2,42,44,270
08/08/2020,ICT,KS,ACE,CE,Combined TRACON& Tower with Radar,45,24,21,4,94,0,3,30,2,35,45,27,51,6,129,6,0,6,135
08/09/2020,ICT,KS,ACE,CE,Combined TRACON& Tower with Radar,41,20,46,2,109,0,2,22,3,27,41,22,68,5,136,16,0,16,152
08/10/2020,ICT,KS,ACE,CE,Combined TRACON& Tower with Radar,43,40,33,8,124,0,2,24,3,29,43,42,57,11,153,0,0,0,153
08/11/2020,ICT,KS,ACE,CE,Combined TRACON& Tower with Radar,43,33,45,48,169,0,4,49,4,57,43,37,94,52,226,90,12,102,328
08/12/2020,ICT,KS,ACE,CE,Combined TRACON& Tower with Radar,50,26,56,10,142,0,2,15,2,19,50,28,71,12,161,10,0,10,171
08/13/2020,ICT,KS,ACE,CE,Combined TRACON& Tower with Radar,50,35,67,34,186,0,3,57,0,60,50,38,124,34,246,68,0,68,314
08/14/2020,ICT,KS,ACE,CE,Combined TRACON& Tower with Radar,49,32,76,44,201,0,5,50,7,62,49,37,126,51,263,42,90,132,395
08/15/2020,ICT,KS,ACE,CE,Combined TRACON& Tower with Radar,44,25,35,25,129,0,8,41,8,57,44,33,76,33,186,0,0,0,186
08/16/2020,ICT,KS,ACE,CE,Combined TRACON& Tower with Radar,41,20,25,2,88,0,3,30,3,36,41,23,55,5,124,0,0,0,124
08/17/2020,ICT,KS,ACE,CE,Combined TRACON& Tower with Radar,42,26,54,58,180,0,2,37,3,42,42,28,91,61,222,52,42,94,316
08/18/2020,ICT,KS,ACE,CE,Combined TRACON& Tower with Radar,42,38,44,44,168,0,2,35,3,40,42,40,79,47,208,36,58,94,302
08/19/2020,ICT,KS,ACE,CE,Combined TRACON& Tower with Radar,44,38,71,36,189,0,6,50,3,59,44,44,121,39,248,70,28,98,346
08/20/2020,ICT,KS,ACE,CE,Combined TRACON& Tower with Radar,50,32,49,52,183,0,6,64,13,83,50,38,113,65,266,18,128,146,412
08/21/2020,ICT,KS,ACE,CE,Combined TRACON& Tower with Radar,51,44,54,46,195,0,2,29,10,41,51,46,83,56,236,22,28,50,286
08/22/2020,ICT,KS,ACE,CE,Combined TRACON& Tower with Radar,38,20,44,3,105,0,0,50,4,54,38,20,94,7,159,22,0,22,181
08/23/2020,ICT,KS,ACE,CE,Combined TRACON& Tower with Radar,43,25,29,0,97,0,2,27,0,29,43,27,56,0,126,20,0,20,146
08/24/2020,ICT,KS,ACE,CE,Combined TRACON& Tower with Radar,44,40,62,52,198,0,2,42,4,48,44,42,104,56,246,24,6,30,276
08/25/2020,ICT,KS,ACE,CE,Combined TRACON& Tower with Radar,42,38,60,62,202,0,10,47,5,62,42,48,107,67,264,14,48,62,326
08/26/2020,ICT,KS,ACE,CE,Combined TRACON& Tower with Radar,45,47,56,44,192,0,7,50,2,59,45,54,106,46,251,34,0,34,285
08/27/2020,ICT,KS,ACE,CE,Combined TRACON& Tower with Radar,51,48,76,30,205,0,4,45,0,49,51,52,121,30,254,46,18,64,318
08/28/2020,ICT,KS,ACE,CE,Combined TRACON& Tower with Radar,53,35,49,35,172,0,11,28,8,47,53,46,77,43,219,38,10,48,267
08/29/2020,ICT,KS,ACE,CE,Combined TRACON& Tower with Radar,40,28,40,0,108,0,2,13,0,15,40,30,53,0,123,62,0,62,185
08/30/2020,ICT,KS,ACE,CE,Combined TRACON& Tower with Radar,41,24,41,2,108,0,2,17,3,22,41,26,58,5,130,20,0,20,150
08/31/2020,ICT,KS,ACE,CE,Combined TRACON& Tower with Radar,48,39,49,58,194,0,2,14,0,16,48,41,63,58,210,26,16,42,252
09/01/2020,ICT,KS,ACE,CE,Combined TRACON& Tower with Radar,40,37,47,59,183,0,4,16,2,22,40,41,63,61,205,42,8,50,255
09/02/2020,ICT,KS,ACE,CE,Combined TRACON& Tower with Radar,46,37,64,28,175,0,5,30,6,41,46,42,94,34,216,48,14,62,278
09/03/2020,ICT,KS,ACE,CE,Combined TRACON& Tower with Radar,44,49,72,16,181,0,2,46,11,59,44,51,118,27,240,20,2,22,262
09/04/2020,ICT,KS,ACE,CE,Combined TRACON& Tower with Radar,53,54,58,4,169,0,9,55,3,67,53,63,113,7,236,64,0,64,300
09/05/2020,ICT,KS,ACE,CE,Combined TRACON& Tower with Radar,31,17,44,4,96,0,8,36,4,48,31,25,80,8,144,10,0,10,154
09/06/2020,ICT,KS,ACE,CE,Combined TRACON& Tower with Radar,30,20,15,1,66,0,9,14,0,23,30,29,29,1,89,14,0,14,103
09/07/2020,ICT,KS,ACE,CE,Combined TRACON& Tower with Radar,38,33,30,1,102,0,1,25,0,26,38,34,55,1,128,8,0,8,136
09/08/2020,ICT,KS,ACE,CE,Combined TRACON& Tower with Radar,31,35,62,1,129,0,2,5,0,7,31,37,67,1,136,0,0,0,136
09/09/2020,ICT,KS,ACE,CE,Combined TRACON& Tower with Radar,44,33,65,0,142,0,0,0,0,0,44,33,65,0,142,0,0,0,142
09/10/2020,ICT,KS,ACE,CE,Combined TRACON& Tower with Radar,45,42,65,73,225,1,2,4,0,7,46,44,69,73,232,0,0,0,232
09/11/2020,ICT,KS,ACE,CE,Combined TRACON& Tower with Radar,47,38,92,42,219,0,13,3,2,18,47,51,95,44,237,0,0,0,237
09/12/2020,ICT,KS,ACE,CE,Combined TRACON& Tower with Radar,34,30,54,11,129,0,1,32,2,35,34,31,86,13,164,16,0,16,180
09/13/2020,ICT,KS,ACE,CE,Combined TRACON& Tower with Radar,37,22,45,2,106,0,4,31,2,37,37,26,76,4,143,26,0,26,169
09/14/2020,ICT,KS,ACE,CE,Combined TRACON& Tower with Radar,38,40,66,38,182,0,7,48,9,64,38,47,114,47,246,22,0,22,268
09/15/2020,ICT,KS,ACE,CE,Combined TRACON& Tower with Radar,38,34,50,79,201,0,8,40,8,56,38,42,90,87,257,48,6,54,311
09/16/2020,ICT,KS,ACE,CE,Combined TRACON& Tower with Radar,44,33,98,92,267,0,4,47,14,65,44,37,145,106,332,40,4,44,376
09/17/2020,ICT,KS,ACE,CE,Combined TRACON& Tower with Radar,45,56,57,52,210,0,6,40,5,51,45,62,97,57,261,0,0,0,261
09/18/2020,ICT,KS,ACE,CE,Combined TRACON& Tower with Radar,48,43,76,68,235,0,3,46,8,57,48,46,122,76,292,18,12,30,322
09/19/2020,ICT,KS,ACE,CE,Combined TRACON& Tower with Radar,34,40,35,14,123,0,6,42,1,49,34,46,77,15,172,70,4,74,246
09/20/2020,ICT,KS,ACE,CE,Combined TRACON& Tower with Radar,37,33,47,9,126,0,4,26,3,33,37,37,73,12,159,29,21,50,209
09/21/2020,ICT,KS,ACE,CE,Combined TRACON& Tower with Radar,41,40,78,110,269,0,3,42,8,53,41,43,120,118,322,26,42,68,390
09/22/2020,ICT,KS,ACE,CE,Combined TRACON& Tower with Radar,41,40,85,64,230,0,0,8,0,8,41,40,93,64,238,0,0,0,238
09/23/2020,ICT,KS,ACE,CE,Combined TRACON& Tower with Radar,44,43,100,87,274,0,0,22,0,22,44,43,122,87,296,6,36,42,338
09/24/2020,ICT,KS,ACE,CE,Combined TRACON& Tower with Radar,44,54,45,81,224,0,5,27,10,42,44,59,72,91,266,28,0,28,294
09/25/2020,ICT,KS,ACE,CE,Combined TRACON& Tower with Radar,47,40,68,43,198,0,6,48,5,59,47,46,116,48,257,6,26,32,289
09/26/2020,ICT,KS,ACE,CE,Combined TRACON& Tower with Radar,34,31,40,10,115,0,2,25,9,36,34,33,65,19,151,6,20,26,177
09/27/2020,ICT,KS,ACE,CE,Combined TRACON& Tower with Radar,37,29,43,0,109,0,2,5,0,7,37,31,48,0,116,0,0,0,116
09/28/2020,ICT,KS,ACE,CE,Combined TRACON& Tower with Radar,40,27,78,80,225,0,2,46,10,58,40,29,124,90,283,34,14,48,331
09/29/2020,ICT,KS,ACE,CE,Combined TRACON& Tower with Radar,38,50,71,73,232,0,1,47,12,60,38,51,118,85,292,28,4,32,324
09/30/2020,ICT,KS,ACE,CE,Combined TRACON& Tower with Radar,44,37,67,46,194,0,3,55,15,73,44,40,122,61,267,48,22,70,337
10/01/2020,ICT,KS,ACE,CE,Combined TRACON& Tower with Radar,46,52,65,57,220,0,6,51,3,60,46,58,116,60,280,0,0,0,280
10/02/2020,ICT,KS,ACE,CE,Combined TRACON& Tower with Radar,47,51,84,44,226,0,2,54,4,60,47,53,138,48,286,24,38,62,348
10/03/2020,ICT,KS,ACE,CE,Combined TRACON& Tower with Radar,36,28,30,7,101,0,1,20,0,21,36,29,50,7,122,8,0,8,130
10/04/2020,ICT,KS,ACE,CE,Combined TRACON& Tower with Radar,39,33,36,4,112,0,0,37,1,38,39,33,73,5,150,6,0,6,156
10/05/2020,ICT,KS,ACE,CE,Combined TRACON& Tower with Radar,40,36,65,65,206,0,3,37,8,48,40,39,102,73,254,20,26,46,300
10/06/2020,ICT,KS,ACE,CE,Combined TRACON& Tower with Radar,38,52,74,79,243,0,5,59,5,69,38,57,133,84,312,147,18,165,477
10/07/2020,ICT,KS,ACE,CE,Combined TRACON& Tower with Radar,38,51,84,77,250,0,5,43,5,53,38,56,127,82,303,78,76,154,457
10/08/2020,ICT,KS,ACE,CE,Combined TRACON& Tower with Radar,47,39,58,62,206,0,10,43,3,56,47,49,101,65,262,28,54,82,344
10/09/2020,ICT,KS,ACE,CE,Combined TRACON& Tower with Radar,48,35,50,26,159,0,6,24,4,34,48,41,74,30,193,0,0,0,193
10/10/2020,ICT,KS,ACE,CE,Combined TRACON& Tower with Radar,37,42,37,17,133,0,5,18,2,25,37,47,55,19,158,28,0,28,186
10/11/2020,ICT,KS,ACE,CE,Combined TRACON& Tower with Radar,41,29,41,14,125,0,3,20,2,25,41,32,61,16,150,8,0,8,158
10/12/2020,ICT,KS,ACE,CE,Combined TRACON& Tower with Radar,41,35,50,20,146,0,3,35,4,42,41,38,85,24,188,20,28,48,236
10/13/2020,ICT,KS,ACE,CE,Combined TRACON& Tower with Radar,41,39,59,81,220,0,7,36,5,48,41,46,95,86,268,24,88,112,380
10/14/2020,ICT,KS,ACE,CE,Combined TRACON& Tower with Radar,44,45,63,103,255,0,1,36,8,45,44,46,99,111,300,26,38,64,364
10/15/2020,ICT,KS,ACE,CE,Combined TRACON& Tower with Radar,46,41,53,68,208,0,2,41,8,51,46,43,94,76,259,10,18,28,287
10/16/2020,ICT,KS,ACE,CE,Combined TRACON& Tower with Radar,49,52,60,61,222,0,9,33,4,46,49,61,93,65,268,50,14,64,332
10/17/2020,ICT,KS,ACE,CE,Combined TRACON& Tower with Radar,37,37,27,3,104,0,5,23,3,31,37,42,50,6,135,0,0,0,135
10/18/2020,ICT,KS,ACE,CE,Combined TRACON& Tower with Radar,41,33,32,12,118,0,2,6,2,10,41,35,38,14,128,0,0,0,128
10/19/2020,ICT,KS,ACE,CE,Combined TRACON& Tower with Radar,40,26,75,105,246,0,4,21,0,25,40,30,96,105,271,38,72,110,381
10/20/2020,ICT,KS,ACE,CE,Combined TRACON& Tower with Radar,40,55,91,49,235,0,0,3,2,5,40,55,94,51,240,0,0,0,240
10/21/2020,ICT,KS,ACE,CE,Combined TRACON& Tower with Radar,39,38,69,16,162,0,0,0,0,0,39,38,69,16,162,0,0,0,162
10/22/2020,ICT,KS,ACE,CE,Combined TRACON& Tower with Radar,44,45,50,50,189,0,4,25,9,38,44,49,75,59,227,52,0,52,279
10/23/2020,ICT,KS,ACE,CE,Combined TRACON& Tower with Radar,47,42,57,20,166,0,7,13,2,22,47,49,70,22,188,0,0,0,188
10/24/2020,ICT,KS,ACE,CE,Combined TRACON& Tower with Radar,35,31,36,1,103,0,5,22,3,30,35,36,58,4,133,38,0,38,171
10/25/2020,ICT,KS,ACE,CE,Combined TRACON& Tower with Radar,39,17,41,2,99,0,0,0,0,0,39,17,41,2,99,0,0,0,99
10/26/2020,ICT,KS,ACE,CE,Combined TRACON& Tower with Radar,38,27,17,0,82,0,0,0,0,0,38,27,17,0,82,18,0,18,100
10/27/2020,ICT,KS,ACE,CE,Combined TRACON& Tower with Radar,30,23,29,0,82,0,0,0,0,0,30,23,29,0,82,0,0,0,82
10/28/2020,ICT,KS,ACE,CE,Combined TRACON& Tower with Radar,37,51,52,0,140,0,0,2,0,2,37,51,54,0,142,0,0,0,142
10/29/2020,ICT,KS,ACE,CE,Combined TRACON& Tower with Radar,44,46,85,104,279,1,3,39,2,45,45,49,124,106,324,22,18,40,364
10/30/2020,ICT,KS,ACE,CE,Combined TRACON& Tower with Radar,45,44,76,90,255,0,12,60,3,75,45,56,136,93,330,74,46,120,450
10/31/2020,ICT,KS,ACE,CE,Combined TRACON& Tower with Radar,27,33,43,8,111,0,5,39,3,47,27,38,82,11,158,16,0,16,174
11/01/2020,ICT,KS,ACE,CE,Combined TRACON& Tower with Radar,35,27,44,22,128,0,4,32,3,39,35,31,76,25,167,16,8,24,191
11/02/2020,ICT,KS,ACE,CE,Combined TRACON& Tower with Radar,37,38,75,91,241,0,6,56,2,64,37,44,131,93,305,28,80,108,413
11/03/2020,ICT,KS,ACE,CE,Combined TRACON& Tower with Radar,36,46,68,101,251,0,16,40,6,62,36,62,108,107,313,34,24,58,371
11/04/2020,ICT,KS,ACE,CE,Combined TRACON& Tower with Radar,33,54,65,100,252,0,11,43,8,62,33,65,108,108,314,84,184,268,582
11/05/2020,ICT,KS,ACE,CE,Combined TRACON& Tower with Radar,41,49,66,60,216,0,10,63,1,74,41,59,129,61,290,14,20,34,324
11/06/2020,ICT,KS,ACE,CE,Combined TRACON& Tower with Radar,50,53,60,31,194,0,5,38,4,47,50,58,98,35,241,36,24,60,301
11/07/2020,ICT,KS,ACE,CE,Combined TRACON& Tower with Radar,35,40,24,21,120,0,3,23,5,31,35,43,47,26,151,4,0,4,155
11/08/2020,ICT,KS,ACE,CE,Combined TRACON& Tower with Radar,38,36,41,17,132,0,4,10,0,14,38,40,51,17,146,0,0,0,146
11/09/2020,ICT,KS,ACE,CE,Combined TRACON& Tower with Radar,36,46,53,28,163,0,0,9,0,9,36,46,62,28,172,0,0,0,172
11/10/2020,ICT,KS,ACE,CE,Combined TRACON& Tower with Radar,34,45,49,14,142,0,7,18,0,25,34,52,67,14,167,54,0,54,221
11/11/2020,ICT,KS,ACE,CE,Combined TRACON& Tower with Radar,34,58,64,6,162,0,10,41,6,57,34,68,105,12,219,60,0,60,279
11/12/2020,ICT,KS,ACE,CE,Combined TRACON& Tower with Radar,42,54,51,55,202,0,2,27,4,33,42,56,78,59,235,24,58,82,317
11/13/2020,ICT,KS,ACE,CE,Combined TRACON& Tower with Radar,43,40,67,49,199,0,3,34,6,43,43,43,101,55,242,52,116,168,410
11/14/2020,ICT,KS,ACE,CE,Combined TRACON& Tower with Radar,36,33,27,0,96,0,2,10,0,12,36,35,37,0,108,18,0,18,126
11/15/2020,ICT,KS,ACE,CE,Combined TRACON& Tower with Radar,38,33,32,1,104,0,1,32,4,37,38,34,64,5,141,26,0,26,167
11/16/2020,ICT,KS,ACE,CE,Combined TRACON& Tower with Radar,35,41,72,60,208,0,3,41,4,48,35,44,113,64,256,12,6,18,274
11/17/2020,ICT,KS,ACE,CE,Combined TRACON& Tower with Radar,34,42,66,79,221,0,9,65,10,84,34,51,131,89,305,118,56,174,479
11/18/2020,ICT,KS,ACE,CE,Combined TRACON& Tower with Radar,34,66,62,42,204,0,4,26,6,36,34,70,88,48,240,0,10,10,250
11/19/2020,ICT,KS,ACE,CE,Combined TRACON& Tower with Radar,43,58,83,43,227,0,5,51,2,58,43,63,134,45,285,66,44,110,395
11/20/2020,ICT,KS,ACE,CE,Combined TRACON& Tower with Radar,45,55,87,12,199,0,5,20,4,29,45,60,107,16,228,18,0,18,246
11/21/2020,ICT,KS,ACE,CE,Combined TRACON& Tower with Radar,40,41,53,0,134,0,0,0,0,0,40,41,53,0,134,0,0,0,134
11/22/2020,ICT,KS,ACE,CE,Combined TRACON& Tower with Radar,39,33,45,8,125,0,1,29,4,34,39,34,74,12,159,10,0,10,169
11/23/2020,ICT,KS,ACE,CE,Combined TRACON& Tower with Radar,43,32,48,21,144,0,2,14,4,20,43,34,62,25,164,18,32,50,214
11/24/2020,ICT,KS,ACE,CE,Combined TRACON& Tower with Radar,53,62,52,0,167,0,0,1,0,1,53,62,53,0,168,0,0,0,168
11/25/2020,ICT,KS,ACE,CE,Combined TRACON& Tower with Radar,52,44,46,56,198,0,7,55,6,68,52,51,101,62,266,70,34,104,370
11/26/2020,ICT,KS,ACE,CE,Combined TRACON& Tower with Radar,20,16,15,0,51,0,1,8,0,9,20,17,23,0,60,0,0,0,60
11/27/2020,ICT,KS,ACE,CE,Combined TRACON& Tower with Radar,37,32,23,3,95,0,3,29,5,37,37,35,52,8,132,0,0,0,132
11/28/2020,ICT,KS,ACE,CE,Combined TRACON& Tower with Radar,42,36,35,2,115,0,5,30,2,37,42,41,65,4,152,0,0,0,152
11/29/2020,ICT,KS,ACE,CE,Combined TRACON& Tower with Radar,45,27,45,1,118,0,1,5,1,7,45,28,50,2,125,18,0,18,143
11/30/2020,ICT,KS,ACE,CE,Combined TRACON& Tower with Radar,42,29,57,53,181,0,5,33,6,44,42,34,90,59,225,26,50,76,301
12/01/2020,ICT,KS,ACE,CE,Combined TRACON& Tower with Radar,39,50,71,78,238,0,8,55,12,75,39,58,126,90,313,42,80,122,435
12/02/2020,ICT,KS,ACE,CE,Combined TRACON& Tower with Radar,36,44,49,25,154,0,1,5,0,6,36,45,54,25,160,0,30,30,190
12/03/2020,ICT,KS,ACE,CE,Combined TRACON& Tower with Radar,41,49,39,54,183,0,2,12,1,15,41,51,51,55,198,6,28,34,232
12/04/2020,ICT,KS,ACE,CE,Combined TRACON& Tower with Radar,41,50,60,28,179,0,4,55,10,69,41,54,115,38,248,6,134,140,388
12/05/2020,ICT,KS,ACE,CE,Combined TRACON& Tower with Radar,36,34,40,1,111,0,3,62,5,70,36,37,102,6,181,0,0,0,181
12/06/2020,ICT,KS,ACE,CE,Combined TRACON& Tower with Radar,33,30,44,10,117,0,2,54,5,61,33,32,98,15,178,42,0,42,220
12/07/2020,ICT,KS,ACE,CE,Combined TRACON& Tower with Radar,34,36,77,22,169,0,2,51,4,57,34,38,128,26,226,16,64,80,306
12/08/2020,ICT,KS,ACE,CE,Combined TRACON& Tower with Radar,38,51,63,28,180,0,6,53,8,67,38,57,116,36,247,66,68,134,381
12/09/2020,ICT,KS,ACE,CE,Combined TRACON& Tower with Radar,39,48,86,30,203,0,5,88,8,101,39,53,174,38,304,62,44,106,410
12/10/2020,ICT,KS,ACE,CE,Combined TRACON& Tower with Radar,44,63,92,66,265,0,5,52,11,68,44,68,144,77,333,48,68,116,449
12/11/2020,ICT,KS,ACE,CE,Combined TRACON& Tower with Radar,45,56,79,14,194,0,2,7,0,9,45,58,86,14,203,0,0,0,203
12/12/2020,ICT,KS,ACE,CE,Combined TRACON& Tower with Radar,35,33,35,0,103,0,0,7,0,7,35,33,42,0,110,18,0,18,128
12/13/2020,ICT,KS,ACE,CE,Combined TRACON& Tower with Radar,32,30,33,0,95,0,3,11,1,15,32,33,44,1,110,0,0,0,110
12/14/2020,ICT,KS,ACE,CE,Combined TRACON& Tower with Radar,36,40,71,8,155,0,5,31,5,41,36,45,102,13,196,46,12,58,254
12/15/2020,ICT,KS,ACE,CE,Combined TRACON& Tower with Radar,38,43,65,1,147,0,2,4,0,6,38,45,69,1,153,0,0,0,153
12/16/2020,ICT,KS,ACE,CE,Combined TRACON& Tower with Radar,38,53,91,3,185,0,8,22,7,37,38,61,113,10,222,22,0,22,244
12/17/2020,ICT,KS,ACE,CE,Combined TRACON& Tower with Radar,42,57,103,33,235,0,5,69,20,94,42,62,172,53,329,48,82,130,459
12/18/2020,ICT,KS,ACE,CE,Combined TRACON& Tower with Radar,40,52,95,34,221,0,4,38,7,49,40,56,133,41,270,0,0,0,270
12/19/2020,ICT,KS,ACE,CE,Combined TRACON& Tower with Radar,46,38,59,13,156,0,5,61,5,71,46,43,120,18,227,8,16,24,251
12/20/2020,ICT,KS,ACE,CE,Combined TRACON& Tower with Radar,38,24,34,9,105,0,5,48,8,61,38,29,82,17,166,20,0,20,186
12/21/2020,ICT,KS,ACE,CE,Combined TRACON& Tower with Radar,33,39,68,32,172,0,7,44,9,60,33,46,112,41,232,54,30,84,316
12/22/2020,ICT,KS,ACE,CE,Combined TRACON& Tower with Radar,40,56,85,69,250,0,7,22,7,36,40,63,107,76,286,28,48,76,362
12/23/2020,ICT,KS,ACE,CE,Combined TRACON& Tower with Radar,48,71,66,0,185,0,4,15,2,21,48,75,81,2,206,44,0,44,250
12/24/2020,ICT,KS,ACE,CE,Combined TRACON& Tower with Radar,33,39,27,0,99,0,4,15,0,19,33,43,42,0,118,52,0,52,170
12/25/2020,ICT,KS,ACE,CE,Combined TRACON& Tower with Radar,17,30,11,0,58,0,5,17,3,25,17,35,28,3,83,0,0,0,83
12/26/2020,ICT,KS,ACE,CE,Combined TRACON& Tower with Radar,41,36,37,0,114,0,5,49,2,56,41,41,86,2,170,16,0,16,186
12/27/2020,ICT,KS,ACE,CE,Combined TRACON& Tower with Radar,36,22,47,0,105,0,5,15,1,21,36,27,62,1,126,0,0,0,126
12/28/2020,ICT,KS,ACE,CE,Combined TRACON& Tower with Radar,33,37,57,4,131,0,0,38,0,38,33,37,95,4,169,36,0,36,205
12/29/2020,ICT,KS,ACE,CE,Combined TRACON& Tower with Radar,39,45,44,0,128,0,0,0,0,0,39,45,44,0,128,0,0,0,128
12/30/2020,ICT,KS,ACE,CE,Combined TRACON& Tower with Radar,43,50,53,7,153,0,3,29,5,37,43,53,82,12,190,0,0,0,190
12/31/2020,ICT,KS,ACE,CE,Combined TRACON& Tower with Radar,28,41,39,0,108,0,3,23,0,26,28,44,62,0,134,0,0,0,134
01/01/2021,ICT,KS,ACE,CE,Combined TRACON& Tower with Radar,20,23,13,0,56,0,1,1,1,3,20,24,14,1,59,0,0,0,59
01/02/2021,ICT,KS,ACE,CE,Combined TRACON& Tower with Radar,39,31,32,0,102,0,1,23,0,24,39,32,55,0,126,6,0,6,132
01/03/2021,ICT,KS,ACE,CE,Combined TRACON& Tower with Radar,39,33,57,0,129,0,0,15,0,15,39,33,72,0,144,6,12,18,162
01/04/2021,ICT,KS,ACE,CE,Combined TRACON& Tower with Radar,30,43,43,0,116,0,4,31,1,36,30,47,74,1,152,8,0,8,160
01/05/2021,ICT,KS,ACE,CE,Combined TRACON& Tower with Radar,32,43,57,41,173,0,1,38,2,41,32,44,95,43,214,0,18,18,232
01/06/2021,ICT,KS,ACE,CE,Combined TRACON& Tower with Radar,31,59,50,98,238,0,6,14,7,27,31,65,64,105,265,8,130,138,403
01/07/2021,ICT,KS,ACE,CE,Combined TRACON& Tower with Radar,31,49,54,0,134,0,0,1,0,1,31,49,55,0,135,0,0,0,135
01/08/2021,ICT,KS,ACE,CE,Combined TRACON& Tower with Radar,33,46,42,5,126,0,3,8,1,12,33,49,50,6,138,0,0,0,138
01/09/2021,ICT,KS,ACE,CE,Combined TRACON& Tower with Radar,27,51,43,0,121,0,2,33,2,37,27,53,76,2,158,80,0,80,238
01/10/2021,ICT,KS,ACE,CE,Combined TRACON& Tower with Radar,25,39,39,0,103,0,1,17,2,20,25,40,56,2,123,24,0,24,147
01/11/2021,ICT,KS,ACE,CE,Combined TRACON& Tower with Radar,26,37,25,57,145,0,6,32,2,40,26,43,57,59,185,20,104,124,309
01/12/2021,ICT,KS,ACE,CE,Combined TRACON& Tower with Radar,29,48,60,53,190,0,6,70,4,80,29,54,130,57,270,30,42,72,342
01/13/2021,ICT,KS,ACE,CE,Combined TRACON& Tower with Radar,28,60,69,64,221,0,3,35,4,42,28,63,104,68,263,20,94,114,377
01/14/2021,ICT,KS,ACE,CE,Combined TRACON& Tower with Radar,31,54,51,8,144,0,4,14,0,18,31,58,65,8,162,0,0,0,162
01/15/2021,ICT,KS,ACE,CE,Combined TRACON& Tower with Radar,35,40,44,0,119,0,0,4,0,4,35,40,48,0,123,6,0,6,129
01/16/2021,ICT,KS,ACE,CE,Combined TRACON& Tower with Radar,28,32,29,0,89,0,4,59,1,64,28,36,88,1,153,70,0,70,223
01/17/2021,ICT,KS,ACE,CE,Combined TRACON& Tower with Radar,23,40,35,0,98,0,2,31,2,35,23,42,66,2,133,26,0,26,159
01/18/2021,ICT,KS,ACE,CE,Combined TRACON& Tower with Radar,26,35,25,0,86,0,2,30,0,32,26,37,55,0,118,0,0,0,118
01/19/2021,ICT,KS,ACE,CE,Combined TRACON& Tower with Radar,29,46,48,44,167,0,10,41,7,58,29,56,89,51,225,12,28,40,265
01/20/2021,ICT,KS,ACE,CE,Combined TRACON& Tower with Radar,30,39,63,68,200,0,5,42,3,50,30,44,105,71,250,40,98,138,388
01/21/2021,ICT,KS,ACE,CE,Combined TRACON& Tower with Radar,31,54,58,60,203,0,6,63,12,81,31,60,121,72,284,54,20,74,358
01/22/2021,ICT,KS,ACE,CE,Combined TRACON& Tower with Radar,33,47,55,49,184,0,11,42,6,59,33,58,97,55,243,14,72,86,329
01/23/2021,ICT,KS,ACE,CE,Combined TRACON& Tower with Radar,22,29,37,7,95,0,4,13,2,19,22,33,50,9,114,6,0,6,120
01/24/2021,ICT,KS,ACE,CE,Combined TRACON& Tower with Radar,28,56,31,25,140,0,0,0,0,0,28,56,31,25,140,0,0,0,140
01/25/2021,ICT,KS,ACE,CE,Combined TRACON& Tower with Radar,25,35,38,0,98,0,0,0,0,0,25,35,38,0,98,0,0,0,98
01/26/2021,ICT,KS,ACE,CE,Combined TRACON& Tower with Radar,31,62,62,11,166,0,0,10,0,10,31,62,72,11,176,0,0,0,176
01/27/2021,ICT,KS,ACE,CE,Combined TRACON& Tower with Radar,29,49,52,23,153,0,2,5,0,7,29,51,57,23,160,26,0,26,186
01/28/2021,ICT,KS,ACE,CE,Combined TRACON& Tower with Radar,31,53,66,14,164,0,2,30,3,35,31,55,96,17,199,42,38,80,279
01/29/2021,ICT,KS,ACE,CE,Combined TRACON& Tower with Radar,34,56,52,7,149,0,0,45,6,51,34,56,97,13,200,44,8,52,252
01/30/2021,ICT,KS,ACE,CE,Combined TRACON& Tower with Radar,26,30,24,0,80,0,0,1,0,1,26,30,25,0,81,0,0,0,81
01/31/2021,ICT,KS,ACE,CE,Combined TRACON& Tower with Radar,27,27,30,2,86,0,0,8,2,10,27,27,38,4,96,38,0,38,134
02/01/2021,ICT,KS,ACE,CE,Combined TRACON& Tower with Radar,26,43,41,28,138,0,7,57,4,68,26,50,98,32,206,16,76,92,298
02/02/2021,ICT,KS,ACE,CE,Combined TRACON& Tower with Radar,32,53,46,68,199,0,10,49,2,61,32,63,95,70,260,58,22,80,340
02/03/2021,ICT,KS,ACE,CE,Combined TRACON& Tower with Radar,29,64,49,33,175,0,6,55,7,68,29,70,104,40,243,22,102,124,367
02/04/2021,ICT,KS,ACE,CE,Combined TRACON& Tower with Radar,31,48,45,1,125,0,3,13,3,19,31,51,58,4,144,12,0,12,156
02/05/2021,ICT,KS,ACE,CE,Combined TRACON& Tower with Radar,33,55,62,16,166,0,10,61,9,80,33,65,123,25,246,56,78,134,380
02/06/2021,ICT,KS,ACE,CE,Combined TRACON& Tower with Radar,29,36,20,0,85,0,0,3,0,3,29,36,23,0,88,0,0,0,88
02/07/2021,ICT,KS,ACE,CE,Combined TRACON& Tower with Radar,27,21,17,0,65,0,0,0,0,0,27,21,17,0,65,0,0,0,65
02/08/2021,ICT,KS,ACE,CE,Combined TRACON& Tower with Radar,27,31,34,1,93,0,0,0,0,0,27,31,34,1,93,0,0,0,93
02/09/2021,ICT,KS,ACE,CE,Combined TRACON& Tower with Radar,28,42,51,4,125,0,0,2,0,2,28,42,53,4,127,6,0,6,133
02/10/2021,ICT,KS,ACE,CE,Combined TRACON& Tower with Radar,29,61,42,0,132,0,0,4,0,4,29,61,46,0,136,0,0,0,136
02/11/2021,ICT,KS,ACE,CE,Combined TRACON& Tower with Radar,33,60,33,3,129,0,0,2,0,2,33,60,35,3,131,0,0,0,131
02/12/2021,ICT,KS,ACE,CE,Combined TRACON& Tower with Radar,40,45,49,7,141,0,0,25,1,26,40,45,74,8,167,2,0,2,169
02/13/2021,ICT,KS,ACE,CE,Combined TRACON& Tower with Radar,30,37,45,0,112,0,3,9,0,12,30,40,54,0,124,0,0,0,124
02/14/2021,ICT,KS,ACE,CE,Combined TRACON& Tower with Radar,16,27,13,0,56,0,0,0,0,0,16,27,13,0,56,0,0,0,56
02/15/2021,ICT,KS,ACE,CE,Combined TRACON& Tower with Radar,17,28,33,0,78,0,1,4,1,6,17,29,37,1,84,4,0,4,88
02/16/2021,ICT,KS,ACE,CE,Combined TRACON& Tower with Radar,24,44,30,2,100,0,2,3,1,6,24,46,33,3,106,10,0,10,116
02/17/2021,ICT,KS,ACE,CE,Combined TRACON& Tower with Radar,24,55,49,4,132,0,6,11,2,19,24,61,60,6,151,24,4,28,179
02/18/2021,ICT,KS,ACE,CE,Combined TRACON& Tower with Radar,33,54,57,6,150,1,6,29,7,43,34,60,86,13,193,26,22,48,241
02/19/2021,ICT,KS,ACE,CE,Combined TRACON& Tower with Radar,29,60,45,8,142,0,11,44,1,56,29,71,89,9,198,22,0,22,220
02/20/2021,ICT,KS,ACE,CE,Combined TRACON& Tower with Radar,29,45,34,12,120,0,4,44,1,49,29,49,78,13,169,38,0,38,207
02/21/2021,ICT,KS,ACE,CE,Combined TRACON& Tower with Radar,30,39,46,3,118,0,3,15,0,18,30,42,61,3,136,8,0,8,144
02/22/2021,ICT,KS,ACE,CE,Combined TRACON& Tower with Radar,30,45,63,80,218,0,4,51,5,60,30,49,114,85,278,30,64,94,372
02/23/2021,ICT,KS,ACE,CE,Combined TRACON& Tower with Radar,30,58,57,50,195,0,4,59,1,64,30,62,116,51,259,80,52,132,391
02/24/2021,ICT,KS,ACE,CE,Combined TRACON& Tower with Radar,30,56,68,30,184,0,4,59,9,72,30,60,127,39,256,40,12,52,308
02/25/2021,ICT,KS,ACE,CE,Combined TRACON& Tower with Radar,35,62,76,55,228,0,6,53,10,69,35,68,129,65,297,72,6,78,375
02/26/2021,ICT,KS,ACE,CE,Combined TRACON& Tower with Radar,38,53,70,39,200,0,8,49,1,58,38,61,119,40,258,44,110,154,412
02/27/2021,ICT,KS,ACE,CE,Combined TRACON& Tower with Radar,30,50,20,0,100,0,0,11,0,11,30,50,31,0,111,4,0,4,115
02/28/2021,ICT,KS,ACE,CE,Combined TRACON& Tower with Radar,28,25,42,20,115,0,4,54,1,59,28,29,96,21,174,32,10,42,216
03/01/2021,ICT,KS,ACE,CE,Combined TRACON& Tower with Radar,33,47,63,27,170,3,2,77,0,82,36,49,140,27,252,36,4,40,292
03/02/2021,ICT,KS,ACE,CE,Combined TRACON& Tower with Radar,32,58,68,14,172,0,6,58,9,73,32,64,126,23,245,58,34,92,337
03/03/2021,ICT,KS,ACE,CE,Combined TRACON& Tower with Radar,36,61,75,28,200,0,6,59,3,68,36,67,134,31,268,18,0,18,286
03/04/2021,ICT,KS,ACE,CE,Combined TRACON& Tower with Radar,45,57,81,47,230,0,6,41,6,53,45,63,122,53,283,4,0,4,287
03/05/2021,ICT,KS,ACE,CE,Combined TRACON& Tower with Radar,46,40,51,6,143,0,3,35,0,38,46,43,86,6,181,22,6,28,209
03/06/2021,ICT,KS,ACE,CE,Combined TRACON& Tower with Radar,36,34,37,21,128,0,2,60,6,68,36,36,97,27,196,86,0,86,282
03/07/2021,ICT,KS,ACE,CE,Combined TRACON& Tower with Radar,42,26,36,9,113,0,6,21,3,30,42,32,57,12,143,33,0,33,176
03/08/2021,ICT,KS,ACE,CE,Combined TRACON& Tower with Radar,45,45,73,44,207,0,2,44,3,49,45,47,117,47,256,14,8,22,278
03/09/2021,ICT,KS,ACE,CE,Combined TRACON& Tower with Radar,38,42,75,49,204,0,2,31,2,35,38,44,106,51,239,4,18,22,261
03/10/2021,ICT,KS,ACE,CE,Combined TRACON& Tower with Radar,40,49,72,56,217,0,2,17,2,21,40,51,89,58,238,16,14,30,268
03/11/2021,ICT,KS,ACE,CE,Combined TRACON& Tower with Radar,44,54,66,4,168,0,7,73,6,86,44,61,139,10,254,10,0,10,264
03/12/2021,ICT,KS,ACE,CE,Combined TRACON& Tower with Radar,50,39,68,0,157,0,0,0,0,0,50,39,68,0,157,0,0,0,157
03/13/2021,ICT,KS,ACE,CE,Combined TRACON& Tower with Radar,31,27,29,0,87,0,0,1,0,1,31,27,30,0,88,0,0,0,88
03/14/2021,ICT,KS,ACE,CE,Combined TRACON& Tower with Radar,40,32,36,1,109,0,2,18,4,24,40,34,54,5,133,8,0,8,141
03/15/2021,ICT,KS,ACE,CE,Combined TRACON& Tower with Radar,39,47,70,35,191,0,1,49,2,52,39,48,119,37,243,6,18,24,267
03/16/2021,ICT,KS,ACE,CE,Combined TRACON& Tower with Radar,37,52,101,5,195,0,3,71,8,82,37,55,172,13,277,4,0,4,281
03/17/2021,ICT,KS,ACE,CE,Combined TRACON& Tower with Radar,36,40,37,0,113,0,0,2,0,2,36,40,39,0,115,0,0,0,115
03/18/2021,ICT,KS,ACE,CE,Combined TRACON& Tower with Radar,50,54,68,6,178,0,4,12,0,16,50,58,80,6,194,8,0,8,202
03/19/2021,ICT,KS,ACE,CE,Combined TRACON& Tower with Radar,52,45,76,25,198,0,2,98,10,110,52,47,174,35,308,38,0,38,346
03/20/2021,ICT,KS,ACE,CE,Combined TRACON& Tower with Radar,35,28,40,11,114,0,9,67,4,80,35,37,107,15,194,70,0,70,264
03/21/2021,ICT,KS,ACE,CE,Combined TRACON& Tower with Radar,39,27,31,2,99,0,7,11,3,21,39,34,42,5,120,8,0,8,128
03/22/2021,ICT,KS,ACE,CE,Combined TRACON& Tower with Radar,39,43,55,0,137,0,0,5,0,5,39,43,60,0,142,0,0,0,142
03/23/2021,ICT,KS,ACE,CE,Combined TRACON& Tower with Radar,41,47,71,2,161,0,0,4,0,4,41,47,75,2,165,0,0,0,165
03/24/2021,ICT,KS,ACE,CE,Combined TRACON& Tower with Radar,42,44,112,23,221,0,1,13,2,16,42,45,125,25,237,0,0,0,237
03/25/2021,ICT,KS,ACE,CE,Combined TRACON& Tower with Radar,43,52,95,31,221,0,2,24,0,26,43,54,119,31,247,30,0,30,277
03/26/2021,ICT,KS,ACE,CE,Combined TRACON& Tower with Radar,53,42,56,23,174,1,0,66,8,75,54,42,122,31,249,26,4,30,279
03/27/2021,ICT,KS,ACE,CE,Combined TRACON& Tower with Radar,34,30,55,9,128,0,3,42,2,47,34,33,97,11,175,20,10,30,205
03/28/2021,ICT,KS,ACE,CE,Combined TRACON& Tower with Radar,41,44,44,9,138,0,5,72,8,85,41,49,116,17,223,28,0,28,251
03/29/2021,ICT,KS,ACE,CE,Combined TRACON& Tower with Radar,45,41,52,7,145,0,2,21,0,23,45,43,73,7,168,0,0,0,168
03/30/2021,ICT,KS,ACE,CE,Combined TRACON& Tower with Radar,46,54,79,22,201,0,5,40,4,49,46,59,119,26,250,18,0,18,268
03/31/2021,ICT,KS,ACE,CE,Combined TRACON& Tower with Radar,46,46,64,36,192,0,10,60,1,71,46,56,124,37,263,100,0,100,363
04/01/2021,ICT,KS,ACE,CE,Combined TRACON& Tower with Radar,48,47,92,13,200,0,4,73,3,80,48,51,165,16,280,54,0,54,334
04/02/2021,ICT,KS,ACE,CE,Combined TRACON& Tower with Radar,51,54,39,4,148,0,4,34,2,40,51,58,73,6,188,0,0,0,188
04/03/2021,ICT,KS,ACE,CE,Combined TRACON& Tower with Radar,33,29,21,6,89,0,4,47,0,51,33,33,68,6,140,25,0,25,165
04/04/2021,ICT,KS,ACE,CE,Combined TRACON& Tower with Radar,41,23,19,2,85,0,6,12,0,18,41,29,31,2,103,14,0,14,117
04/05/2021,ICT,KS,ACE,CE,Combined TRACON& Tower with Radar,45,32,59,13,149,0,9,37,4,50,45,41,96,17,199,12,8,20,219
04/06/2021,ICT,KS,ACE,CE,Combined TRACON& Tower with Radar,43,46,53,14,156,0,0,9,0,9,43,46,62,14,165,30,0,30,195
04/07/2021,ICT,KS,ACE,CE,Combined TRACON& Tower with Radar,41,50,72,2,165,0,0,0,0,0,41,50,72,2,165,6,0,6,171
04/08/2021,ICT,KS,ACE,CE,Combined TRACON& Tower with Radar,50,63,73,23,209,0,11,60,5,76,50,74,133,28,285,36,42,78,363
04/09/2021,ICT,KS,ACE,CE,Combined TRACON& Tower with Radar,52,43,78,30,203,0,2,42,3,47,52,45,120,33,250,30,6,36,286
04/10/2021,ICT,KS,ACE,CE,Combined TRACON& Tower with Radar,38,36,35,0,109,0,4,30,3,37,38,40,65,3,146,0,0,0,146
04/11/2021,ICT,KS,ACE,CE,Combined TRACON& Tower with Radar,41,27,51,16,135,0,9,72,4,85,41,36,123,20,220,92,0,92,312
04/12/2021,ICT,KS,ACE,CE,Combined TRACON& Tower with Radar,43,38,69,6,156,0,2,36,1,39,43,40,105,7,195,16,0,16,211
04/13/2021,ICT,KS,ACE,CE,Combined TRACON& Tower with Radar,42,46,77,30,195,0,5,59,3,67,42,51,136,33,262,46,12,58,320
04/14/2021,ICT,KS,ACE,CE,Combined TRACON& Tower with Radar,40,45,85,33,203,0,7,60,3,70,40,52,145,36,273,10,54,64,337
04/15/2021,ICT,KS,ACE,CE,Combined TRACON& Tower with Radar,47,39,90,32,208,0,3,47,2,52,47,42,137,34,260,38,120,158,418
04/16/2021,ICT,KS,ACE,CE,Combined TRACON& Tower with Radar,50,48,71,1,170,0,0,0,0,0,50,48,71,1,170,0,0,0,170
04/17/2021,ICT,KS,ACE,CE,Combined TRACON& Tower with Radar,37,39,35,0,111,0,3,20,0,23,37,42,55,0,134,60,0,60,194
04/18/2021,ICT,KS,ACE,CE,Combined TRACON& Tower with Radar,39,22,38,0,99,0,0,58,2,60,39,22,96,2,159,58,0,58,217
04/19/2021,ICT,KS,ACE,CE,Combined TRACON& Tower with Radar,45,33,57,13,148,0,1,42,6,49,45,34,99,19,197,2,0,2,199
04/20/2021,ICT,KS,ACE,CE,Combined TRACON& Tower with Radar,44,43,57,6,150,0,4,27,4,35,44,47,84,10,185,24,0,24,209
04/21/2021,ICT,KS,ACE,CE,Combined TRACON& Tower with Radar,40,52,81,9,182,0,5,72,7,84,40,57,153,16,266,34,0,34,300
04/22/2021,ICT,KS,ACE,CE,Combined TRACON& Tower with Radar,48,54,76,0,178,0,6,23,4,33,48,60,99,4,211,22,0,22,233
04/23/2021,ICT,KS,ACE,CE,Combined TRACON& Tower with Radar,51,37,53,2,143,0,2,5,0,7,51,39,58,2,150,10,0,10,160
04/24/2021,ICT,KS,ACE,CE,Combined TRACON& Tower with Radar,37,39,56,2,134,0,3,60,5,68,37,42,116,7,202,74,0,74,276
04/25/2021,ICT,KS,ACE,CE,Combined TRACON& Tower with Radar,39,30,35,3,107,0,6,13,2,21,39,36,48,5,128,10,0,10,138
04/26/2021,ICT,KS,ACE,CE,Combined TRACON& Tower with Radar,45,46,63,26,180,0,8,22,1,31,45,54,85,27,211,18,12,30,241
04/27/2021,ICT,KS,ACE,CE,Combined TRACON& Tower with Radar,40,54,61,15,170,0,7,28,4,39,40,61,89,19,209,38,10,48,257
04/28/2021,ICT,KS,ACE,CE,Combined TRACON& Tower with Radar,44,39,60,24,167,0,2,3,2,7,44,41,63,26,174,0,10,10,184
04/29/2021,ICT,KS,ACE,CE,Combined TRACON& Tower with Radar,46,48,80,16,190,0,10,64,14,88,46,58,144,30,278,32,0,32,310
04/30/2021,ICT,KS,ACE,CE,Combined TRACON& Tower with Radar,49,60,70,22,201,0,10,114,2,126,49,70,184,24,327,127,10,137,464
05/01/2021,ICT,KS,ACE,CE,Combined TRACON& Tower with Radar,37,27,37,10,111,0,2,75,0,77,37,29,112,10,188,24,14,38,226
05/02/2021,ICT,KS,ACE,CE,Combined TRACON& Tower with Radar,39,42,50,0,131,0,2,7,1,10,39,44,57,1,141,0,0,0,141
05/03/2021,ICT,KS,ACE,CE,Combined TRACON& Tower with Radar,40,53,93,34,220,0,3,26,0,29,40,56,119,34,249,22,0,22,271
05/04/2021,ICT,KS,ACE,CE,Combined TRACON& Tower with Radar,42,62,77,27,208,0,9,44,7,60,42,71,121,34,268,64,8,72,340
05/05/2021,ICT,KS,ACE,CE,Combined TRACON& Tower with Radar,40,58,83,4,185,0,5,48,1,54,40,63,131,5,239,38,0,38,277
05/06/2021,ICT,KS,ACE,CE,Combined TRACON& Tower with Radar,56,53,90,2,201,0,4,53,3,60,56,57,143,5,261,24,4,28,289
05/07/2021,ICT,KS,ACE,CE,Combined TRACON& Tower with Radar,56,43,73,10,182,0,2,31,0,33,56,45,104,10,215,24,0,24,239
05/08/2021,ICT,KS,ACE,CE,Combined TRACON& Tower with Radar,43,34,24,0,101,0,4,31,2,37,43,38,55,2,138,24,0,24,162
05/09/2021,ICT,KS,ACE,CE,Combined TRACON& Tower with Radar,42,33,34,0,109,0,2,4,0,6,42,35,38,0,115,2,0,2,117
05/10/2021,ICT,KS,ACE,CE,Combined TRACON& Tower with Radar,49,43,67,2,161,0,4,23,2,29,49,47,90,4,190,22,0,22,212
05/11/2021,ICT,KS,ACE,CE,Combined TRACON& Tower with Radar,53,59,61,15,188,0,2,28,4,34,53,61,89,19,222,6,60,66,288
05/12/2021,ICT,KS,ACE,CE,Combined TRACON& Tower with Radar,47,46,75,27,195,0,6,80,6,92,47,52,155,33,287,22,28,50,337
05/13/2021,ICT,KS,ACE,CE,Combined TRACON& Tower with Radar,55,68,91,11,225,0,12,66,5,83,55,80,157,16,308,0,0,0,308
05/14/2021,ICT,KS,ACE,CE,Combined TRACON& Tower with Radar,56,44,57,6,163,0,4,29,1,34,56,48,86,7,197,18,0,18,215
05/15/2021,ICT,KS,ACE,CE,Combined TRACON& Tower with Radar,42,22,34,0,98,0,2,11,2,15,42,24,45,2,113,12,0,12,125
05/16/2021,ICT,KS,ACE,CE,Combined TRACON& Tower with Radar,39,39,32,2,112,0,2,4,4,10,39,41,36,6,122,0,0,0,122
05/17/2021,ICT,KS,ACE,CE,Combined TRACON& Tower with Radar,50,39,83,29,201,0,2,17,0,19,50,41,100,29,220,12,14,26,246
05/18/2021,ICT,KS,ACE,CE,Combined TRACON& Tower with Radar,46,36,67,10,159,0,0,9,0,9,46,36,76,10,168,0,0,0,168
05/19/2021,ICT,KS,ACE,CE,Combined TRACON& Tower with Radar,49,44,95,0,188,1,1,7,2,11,50,45,102,2,199,18,0,18,217
05/20/2021,ICT,KS,ACE,CE,Combined TRACON& Tower with Radar,51,47,93,15,206,0,2,20,1,23,51,49,113,16,229,12,10,22,251
05/21/2021,ICT,KS,ACE,CE,Combined TRACON& Tower with Radar,57,52,115,22,246,0,8,34,2,44,57,60,149,24,290,6,12,18,308
05/22/2021,ICT,KS,ACE,CE,Combined TRACON& Tower with Radar,43,33,44,5,125,0,0,1,0,1,43,33,45,5,126,0,0,0,126
05/23/2021,ICT,KS,ACE,CE,Combined TRACON& Tower with Radar,42,42,65,7,156,0,0,1,0,1,42,42,66,7,157,0,0,0,157
05/24/2021,ICT,KS,ACE,CE,Combined TRACON& Tower with Radar,45,56,81,6,188,0,0,2,0,2,45,56,83,6,190,4,8,12,202
05/25/2021,ICT,KS,ACE,CE,Combined TRACON& Tower with Radar,49,39,72,23,183,0,0,25,3,28,49,39,97,26,211,28,14,42,253
05/26/2021,ICT,KS,ACE,CE,Combined TRACON& Tower with Radar,53,50,79,9,191,0,4,72,3,79,53,54,151,12,270,34,0,34,304
05/27/2021,ICT,KS,ACE,CE,Combined TRACON& Tower with Radar,46,40,71,0,157,0,1,15,3,19,46,41,86,3,176,6,0,6,182
05/28/2021,ICT,KS,ACE,CE,Combined TRACON& Tower with Radar,55,51,60,0,166,0,3,53,1,57,55,54,113,1,223,42,0,42,265
05/29/2021,ICT,KS,ACE,CE,Combined TRACON& Tower with Radar,49,28,43,0,120,0,8,35,3,46,49,36,78,3,166,4,0,4,170
05/30/2021,ICT,KS,ACE,CE,Combined TRACON& Tower with Radar,38,24,15,0,77,0,2,5,0,7,38,26,20,0,84,8,0,8,92
05/31/2021,ICT,KS,ACE,CE,Combined TRACON& Tower with Radar,35,38,29,0,102,0,0,0,0,0,35,38,29,0,102,0,0,0,102
06/01/2021,ICT,KS,ACE,CE,Combined TRACON& Tower with Radar,42,38,101,11,192,0,12,32,1,45,42,50,133,12,237,12,20,32,269
06/02/2021,ICT,KS,ACE,CE,Combined TRACON& Tower with Radar,54,53,70,4,181,0,5,36,4,45,54,58,106,8,226,34,0,34,260
06/03/2021,ICT,KS,ACE,CE,Combined TRACON& Tower with Radar,50,71,58,22,201,1,0,70,6,77,51,71,128,28,278,24,42,66,344
06/04/2021,ICT,KS,ACE,CE,Combined TRACON& Tower with Radar,53,44,83,40,220,1,2,58,8,69,54,46,141,48,289,36,54,90,379
06/05/2021,ICT,KS,ACE,CE,Combined TRACON& Tower with Radar,51,47,57,27,182,0,3,61,6,70,51,50,118,33,252,6,12,18,270
06/06/2021,ICT,KS,ACE,CE,Combined TRACON& Tower with Radar,42,29,56,13,140,0,5,16,2,23,42,34,72,15,163,24,0,24,187
06/07/2021,ICT,KS,ACE,CE,Combined TRACON& Tower with Radar,42,46,87,42,217,0,4,35,7,46,42,50,122,49,263,26,0,26,289
06/08/2021,ICT,KS,ACE,CE,Combined TRACON& Tower with Radar,51,57,92,20,220,0,4,42,1,47,51,61,134,21,267,16,26,42,309
06/09/2021,ICT,KS,ACE,CE,Combined TRACON& Tower with Radar,57,74,88,8,227,0,10,71,5,86,57,84,159,13,313,48,0,48,361
06/10/2021,ICT,KS,ACE,CE,Combined TRACON& Tower with Radar,54,54,95,12,215,0,4,40,4,48,54,58,135,16,263,40,0,40,303
06/11/2021,ICT,KS,ACE,CE,Combined TRACON& Tower with Radar,60,46,80,6,192,0,3,37,1,41,60,49,117,7,233,38,0,38,271
06/12/2021,ICT,KS,ACE,CE,Combined TRACON& Tower with Radar,44,30,50,12,136,0,1,51,2,54,44,31,101,14,190,30,0,30,220
06/13/2021,ICT,KS,ACE,CE,Combined TRACON& Tower with Radar,47,32,56,0,135,0,2,36,1,39,47,34,92,1,174,20,0,20,194
06/14/2021,ICT,KS,ACE,CE,Combined TRACON& Tower with Radar,49,49,91,38,227,0,1,51,4,56,49,50,142,42,283,21,20,41,324
06/15/2021,ICT,KS,ACE,CE,Combined TRACON& Tower with Radar,51,48,66,16,181,1,11,56,7,75,52,59,122,23,256,30,6,36,292
06/16/2021,ICT,KS,ACE,CE,Combined TRACON& Tower with Radar,52,58,83,6,199,0,2,69,5,76,52,60,152,11,275,16,18,34,309
06/17/2021,ICT,KS,ACE,CE,Combined TRACON& Tower with Radar,56,63,107,12,238,2,2,67,3,74,58,65,174,15,312,18,0,18,330
06/18/2021,ICT,KS,ACE,CE,Combined TRACON& Tower with Radar,57,41,71,4,173,0,3,51,5,59,57,44,122,9,232,24,0,24,256
06/19/2021,ICT,KS,ACE,CE,Combined TRACON& Tower with Radar,45,40,42,0,127,0,5,48,1,54,45,45,90,1,181,58,0,58,239
06/20/2021,ICT,KS,ACE,CE,Combined TRACON& Tower with Radar,48,31,52,7,138,0,1,18,6,25,48,32,70,13,163,12,0,12,175
06/21/2021,ICT,KS,ACE,CE,Combined TRACON& Tower with Radar,41,44,96,26,207,0,4,41,1,46,41,48,137,27,253,26,0,26,279
06/22/2021,ICT,KS,ACE,CE,Combined TRACON& Tower with Radar,49,55,94,20,218,0,6,67,2,75,49,61,161,22,293,18,0,18,311
06/23/2021,ICT,KS,ACE,CE,Combined TRACON& Tower with Radar,58,55,80,34,227,0,6,50,1,57,58,61,130,35,284,22,0,22,306
06/24/2021,ICT,KS,ACE,CE,Combined TRACON& Tower with Radar,72,62,93,36,263,0,3,32,5,40,72,65,125,41,303,10,8,18,321
06/25/2021,ICT,KS,ACE,CE,Combined TRACON& Tower with Radar,56,53,68,12,189,0,1,60,0,61,56,54,128,12,250,10,14,24,274
06/26/2021,ICT,KS,ACE,CE,Combined TRACON& Tower with Radar,41,41,60,3,145,0,1,24,1,26,41,42,84,4,171,54,0,54,225
06/27/2021,ICT,KS,ACE,CE,Combined TRACON& Tower with Radar,52,51,40,6,149,0,2,26,0,28,52,53,66,6,177,26,0,26,203
06/28/2021,ICT,KS,ACE,CE,Combined TRACON& Tower with Radar,41,38,73,11,163,0,0,19,1,20,41,38,92,12,183,18,0,18,201
06/29/2021,ICT,KS,ACE,CE,Combined TRACON& Tower with Radar,47,46,80,1,174,0,0,3,1,4,47,46,83,2,178,0,0,0,178
06/30/2021,ICT,KS,ACE,CE,Combined TRACON& Tower with Radar,56,68,110,0,234,0,1,12,0,13,56,69,122,0,247,12,0,12,259
07/01/2021,ICT,KS,ACE,CE,Combined TRACON& Tower with Radar,61,54,81,10,206,0,2,27,2,31,61,56,108,12,237,36,0,36,273
07/02/2021,ICT,KS,ACE,CE,Combined TRACON& Tower with Radar,49,64,82,4,199,1,4,50,2,57,50,68,132,6,256,36,0,36,292
07/03/2021,ICT,KS,ACE,CE,Combined TRACON& Tower with Radar,48,49,23,0,120,0,12,34,1,47,48,61,57,1,167,48,0,48,215
07/04/2021,ICT,KS,ACE,CE,Combined TRACON& Tower with Radar,48,33,9,0,90,0,9,28,1,38,48,42,37,1,128,0,0,0,128
07/05/2021,ICT,KS,ACE,CE,Combined TRACON& Tower with Radar,39,36,37,3,115,0,3,22,0,25,39,39,59,3,140,24,0,24,164
07/06/2021,ICT,KS,ACE,CE,Combined TRACON& Tower with Radar,47,48,67,21,183,0,6,70,6,82,47,54,137,27,265,98,0,98,363
07/07/2021,ICT,KS,ACE,CE,Combined TRACON& Tower with Radar,51,55,75,0,181,0,9,35,3,47,51,64,110,3,228,22,0,22,250
07/08/2021,ICT,KS,ACE,CE,Combined TRACON& Tower with Radar,52,53,97,13,215,1,6,70,1,78,53,59,167,14,293,68,0,68,361
07/09/2021,ICT,KS,ACE,CE,Combined TRACON& Tower with Radar,49,59,70,13,191,0,4,63,2,69,49,63,133,15,260,34,14,48,308
07/10/2021,ICT,KS,ACE,CE,Combined TRACON& Tower with Radar,43,29,33,2,107,0,0,24,2,26,43,29,57,4,133,58,0,58,191
07/11/2021,ICT,KS,ACE,CE,Combined TRACON& Tower with Radar,43,39,49,0,131,0,0,17,0,17,43,39,66,0,148,54,0,54,202
07/12/2021,ICT,KS,ACE,CE,Combined TRACON& Tower with Radar,40,52,57,13,162,0,4,68,3,75,40,56,125,16,237,106,44,150,387
07/13/2021,ICT,KS,ACE,CE,Combined TRACON& Tower with Radar,48,68,72,30,218,0,8,62,4,74,48,76,134,34,292,38,26,64,356
07/14/2021,ICT,KS,ACE,CE,Combined TRACON& Tower with Radar,57,67,71,28,223,0,9,46,3,58,57,76,117,31,281,28,24,52,333
07/15/2021,ICT,KS,ACE,CE,Combined TRACON& Tower with Radar,55,49,68,4,176,0,0,23,1,24,55,49,91,5,200,28,0,28,228
07/16/2021,ICT,KS,ACE,CE,Combined TRACON& Tower with Radar,50,55,73,16,194,0,4,39,4,47,50,59,112,20,241,60,57,117,358
07/17/2021,ICT,KS,ACE,CE,Combined TRACON& Tower with Radar,48,42,27,0,117,0,8,29,1,38,48,50,56,1,155,34,0,34,189
07/18/2021,ICT,KS,ACE,CE,Combined TRACON& Tower with Radar,47,56,55,4,162,0,0,26,1,27,47,56,81,5,189,50,0,50,239
07/19/2021,ICT,KS,ACE,CE,Combined TRACON& Tower with Radar,39,52,66,99,256,0,6,55,5,66,39,58,121,104,322,24,94,118,440
07/20/2021,ICT,KS,ACE,CE,Combined TRACON& Tower with Radar,54,59,63,33,209,1,5,50,3,59,55,64,113,36,268,48,20,68,336
07/21/2021,ICT,KS,ACE,CE,Combined TRACON& Tower with Radar,52,59,75,38,224,1,9,72,6,88,53,68,147,44,312,42,12,54,366
07/22/2021,ICT,KS,ACE,CE,Combined TRACON& Tower with Radar,69,57,96,29,251,0,6,60,5,71,69,63,156,34,322,22,20,42,364
07/23/2021,ICT,KS,ACE,CE,Combined TRACON& Tower with Radar,51,56,95,43,245,0,2,58,1,61,51,58,153,44,306,2,0,2,308
07/24/2021,ICT,KS,ACE,CE,Combined TRACON& Tower with Radar,41,39,39,21,140,0,7,67,5,79,41,46,106,26,219,28,34,62,281
07/25/2021,ICT,KS,ACE,CE,Combined TRACON& Tower with Radar,46,37,47,6,136,0,1,14,0,15,46,38,61,6,151,20,0,20,171
07/26/2021,ICT,KS,ACE,CE,Combined TRACON& Tower with Radar,41,51,74,0,166,0,3,28,0,31,41,54,102,0,197,16,0,16,213
07/27/2021,ICT,KS,ACE,CE,Combined TRACON& Tower with Radar,55,64,80,10,209,0,10,43,2,55,55,74,123,12,264,6,0,6,270
07/28/2021,ICT,KS,ACE,CE,Combined TRACON& Tower with Radar,52,61,65,26,204,0,12,41,5,58,52,73,106,31,262,50,28,78,340
07/29/2021,ICT,KS,ACE,CE,Combined TRACON& Tower with Radar,59,54,84,3,200,0,4,47,4,55,59,58,131,7,255,40,0,40,295
07/30/2021,ICT,KS,ACE,CE,Combined TRACON& Tower with Radar,55,57,56,29,197,0,5,54,6,65,55,62,110,35,262,30,18,48,310
07/31/2021,ICT,KS,ACE,CE,Combined TRACON& Tower with Radar,44,35,34,3,116,0,2,49,1,52,44,37,83,4,168,10,0,10,178
08/01/2021,ICT,KS,ACE,CE,Combined TRACON& Tower with Radar,44,45,67,10,166,0,3,17,0,20,44,48,84,10,186,26,2,28,214
08/02/2021,ICT,KS,ACE,CE,Combined TRACON& Tower with Radar,38,48,68,30,184,2,4,44,3,53,40,52,112,33,237,12,64,76,313
08/03/2021,ICT,KS,ACE,CE,Combined TRACON& Tower with Radar,48,74,93,17,232,0,10,47,3,60,48,84,140,20,292,0,0,0,292
08/04/2021,ICT,KS,ACE,CE,Combined TRACON& Tower with Radar,54,68,73,33,228,0,12,43,5,60,54,80,116,38,288,6,0,6,294
08/05/2021,ICT,KS,ACE,CE,Combined TRACON& Tower with Radar,57,57,81,34,229,1,2,42,1,46,58,59,123,35,275,8,14,22,297
08/06/2021,ICT,KS,ACE,CE,Combined TRACON& Tower with Radar,53,57,86,28,224,1,6,68,0,75,54,63,154,28,299,30,6,36,335
08/07/2021,ICT,KS,ACE,CE,Combined TRACON& Tower with Radar,43,37,36,2,118,0,5,27,3,35,43,42,63,5,153,32,0,32,185
08/08/2021,ICT,KS,ACE,CE,Combined TRACON& Tower with Radar,44,35,48,30,157,0,8,22,1,31,44,43,70,31,188,50,0,50,238
08/09/2021,ICT,KS,ACE,CE,Combined TRACON& Tower with Radar,37,46,73,58,214,0,2,30,1,33,37,48,103,59,247,26,14,40,287
08/10/2021,ICT,KS,ACE,CE,Combined TRACON& Tower with Radar,49,45,83,63,240,0,0,30,3,33,49,45,113,66,273,50,28,78,351
08/11/2021,ICT,KS,ACE,CE,Combined TRACON& Tower with Radar,54,54,71,79,258,0,9,38,4,51,54,63,109,83,309,12,34,46,355
08/12/2021,ICT,KS,ACE,CE,Combined TRACON& Tower with Radar,67,66,82,33,248,0,10,40,2,52,67,76,122,35,300,22,62,84,384
08/13/2021,ICT,KS,ACE,CE,Combined TRACON& Tower with Radar,51,40,70,36,197,0,1,47,0,48,51,41,117,36,245,38,0,38,283
08/14/2021,ICT,KS,ACE,CE,Combined TRACON& Tower with Radar,37,45,25,16,123,0,6,29,0,35,37,51,54,16,158,8,34,42,200
08/15/2021,ICT,KS,ACE,CE,Combined TRACON& Tower with Radar,42,36,39,10,127,0,6,29,0,35,42,42,68,10,162,50,0,50,212
08/16/2021,ICT,KS,ACE,CE,Combined TRACON& Tower with Radar,43,52,87,8,190,2,6,38,5,51,45,58,125,13,241,0,36,36,277
08/17/2021,ICT,KS,ACE,CE,Combined TRACON& Tower with Radar,49,53,69,54,225,0,4,57,6,67,49,57,126,60,292,34,100,134,426
08/18/2021,ICT,KS,ACE,CE,Combined TRACON& Tower with Radar,46,66,98,49,259,0,4,31,1,36,46,70,129,50,295,4,56,60,355
08/19/2021,ICT,KS,ACE,CE,Combined TRACON& Tower with Radar,63,56,97,22,238,0,3,21,0,24,63,59,118,22,262,42,0,42,304
08/20/2021,ICT,KS,ACE,CE,Combined TRACON& Tower with Radar,60,59,73,52,244,0,2,40,3,45,60,61,113,55,289,18,6,24,313
08/21/2021,ICT,KS,ACE,CE,Combined TRACON& Tower with Radar,39,60,52,3,154,0,3,36,1,40,39,63,88,4,194,6,0,6,200
08/22/2021,ICT,KS,ACE,CE,Combined TRACON& Tower with Radar,44,37,46,0,127,0,4,35,0,39,44,41,81,0,166,12,0,12,178
08/23/2021,ICT,KS,ACE,CE,Combined TRACON& Tower with Radar,45,48,71,71,235,0,3,42,4,49,45,51,113,75,284,12,70,82,366
08/24/2021,ICT,KS,ACE,CE,Combined TRACON& Tower with Radar,43,60,79,11,193,0,5,58,3,66,43,65,137,14,259,0,0,0,259
08/25/2021,ICT,KS,ACE,CE,Combined TRACON& Tower with Radar,41,57,78,12,188,0,4,53,6,63,41,61,131,18,251,0,0,0,251
08/26/2021,ICT,KS,ACE,CE,Combined TRACON& Tower with Radar,52,67,79,18,216,0,6,40,5,51,52,73,119,23,267,18,34,52,319
08/27/2021,ICT,KS,ACE,CE,Combined TRACON& Tower with Radar,57,51,78,34,220,0,7,55,1,63,57,58,133,35,283,2,12,14,297
08/28/2021,ICT,KS,ACE,CE,Combined TRACON& Tower with Radar,36,54,46,8,144,0,7,36,3,46,36,61,82,11,190,14,0,14,204
08/29/2021,ICT,KS,ACE,CE,Combined TRACON& Tower with Radar,41,33,62,6,142,0,2,17,1,20,41,35,79,7,162,34,0,34,196
08/30/2021,ICT,KS,ACE,CE,Combined TRACON& Tower with Radar,42,60,71,42,215,0,5,62,0,67,42,65,133,42,282,66,16,82,364
08/31/2021,ICT,KS,ACE,CE,Combined TRACON& Tower with Radar,51,52,65,39,207,0,4,71,7,82,51,56,136,46,289,24,0,24,313
09/01/2021,ICT,KS,ACE,CE,Combined TRACON& Tower with Radar,47,50,71,43,211,0,5,61,3,69,47,55,132,46,280,10,10,20,300
09/02/2021,ICT,KS,ACE,CE,Combined TRACON& Tower with Radar,52,53,89,44,238,0,3,42,4,49,52,56,131,48,287,0,66,66,353
09/03/2021,ICT,KS,ACE,CE,Combined TRACON& Tower with Radar,58,40,82,0,180,0,0,13,1,14,58,40,95,1,194,22,0,22,216
09/04/2021,ICT,KS,ACE,CE,Combined TRACON& Tower with Radar,42,22,34,0,98,0,0,7,0,7,42,22,41,0,105,10,0,10,115
09/05/2021,ICT,KS,ACE,CE,Combined TRACON& Tower with Radar,35,27,22,0,84,0,1,50,4,55,35,28,72,4,139,74,0,74,213
09/06/2021,ICT,KS,ACE,CE,Combined TRACON& Tower with Radar,41,33,36,1,111,0,9,35,1,45,41,42,71,2,156,12,0,12,168
09/07/2021,ICT,KS,ACE,CE,Combined TRACON& Tower with Radar,38,38,81,16,173,0,3,45,1,49,38,41,126,17,222,8,0,8,230
09/08/2021,ICT,KS,ACE,CE,Combined TRACON& Tower with Radar,56,48,91,47,242,0,3,91,7,101,56,51,182,54,343,52,22,74,417
09/09/2021,ICT,KS,ACE,CE,Combined TRACON& Tower with Radar,51,59,47,49,206,0,10,68,6,84,51,69,115,55,290,12,0,12,302
09/10/2021,ICT,KS,ACE,CE,Combined TRACON& Tower with Radar,57,57,71,54,239,0,1,57,2,60,57,58,128,56,299,58,0,58,357
09/11/2021,ICT,KS,ACE,CE,Combined TRACON& Tower with Radar,40,33,30,0,103,0,2,41,1,44,40,35,71,1,147,6,0,6,153
09/12/2021,ICT,KS,ACE,CE,Combined TRACON& Tower with Radar,41,42,43,19,145,0,1,33,2,36,41,43,76,21,181,12,0,12,193
09/13/2021,ICT,KS,ACE,CE,Combined TRACON& Tower with Radar,44,49,83,40,216,0,2,41,3,46,44,51,124,43,262,10,0,10,272
09/14/2021,ICT,KS,ACE,CE,Combined TRACON& Tower with Radar,50,51,75,31,207,0,3,53,3,59,50,54,128,34,266,96,22,118,384
09/15/2021,ICT,KS,ACE,CE,Combined TRACON& Tower with Radar,47,64,65,30,206,0,2,37,1,40,47,66,102,31,246,42,10,52,298
09/16/2021,ICT,KS,ACE,CE,Combined TRACON& Tower with Radar,51,62,71,67,251,0,8,69,0,77,51,70,140,67,328,106,8,114,442
09/17/2021,ICT,KS,ACE,CE,Combined TRACON& Tower with Radar,55,59,75,30,219,0,2,53,13,68,55,61,128,43,287,32,28,60,347
09/18/2021,ICT,KS,ACE,CE,Combined TRACON& Tower with Radar,39,38,53,0,130,0,5,40,2,47,39,43,93,2,177,6,0,6,183
09/19/2021,ICT,KS,ACE,CE,Combined TRACON& Tower with Radar,38,43,54,4,139,0,6,34,1,41,38,49,88,5,180,40,4,44,224
09/20/2021,ICT,KS,ACE,CE,Combined TRACON& Tower with Radar,47,46,67,37,197,0,5,18,2,25,47,51,85,39,222,18,30,48,270
09/21/2021,ICT,KS,ACE,CE,Combined TRACON& Tower with Radar,50,58,80,63,251,0,6,53,12,71,50,64,133,75,322,40,20,60,382
09/22/2021,ICT,KS,ACE,CE,Combined TRACON& Tower with Radar,46,59,95,39,239,0,6,44,5,55,46,65,139,44,294,16,32,48,342
09/23/2021,ICT,KS,ACE,CE,Combined TRACON& Tower with Radar,53,52,103,51,259,0,12,64,13,89,53,64,167,64,348,32,54,86,434
09/24/2021,ICT,KS,ACE,CE,Combined TRACON& Tower with Radar,56,60,62,8,186,0,6,48,2,56,56,66,110,10,242,50,0,50,292
09/25/2021,ICT,KS,ACE,CE,Combined TRACON& Tower with Radar,39,39,45,11,134,0,7,69,4,80,39,46,114,15,214,40,6,46,260
09/26/2021,ICT,KS,ACE,CE,Combined TRACON& Tower with Radar,38,39,47,7,131,0,6,21,1,28,38,45,68,8,159,12,0,12,171
09/27/2021,ICT,KS,ACE,CE,Combined TRACON& Tower with Radar,46,47,89,54,236,0,8,67,0,75,46,55,156,54,311,10,6,16,327
09/28/2021,ICT,KS,ACE,CE,Combined TRACON& Tower with Radar,54,64,88,86,292,0,3,29,2,34,54,67,117,88,326,28,74,102,428
09/29/2021,ICT,KS,ACE,CE,Combined TRACON& Tower with Radar,48,58,92,65,263,0,7,28,6,41,48,65,120,71,304,46,68,114,418
09/30/2021,ICT,KS,ACE,CE,Combined TRACON& Tower with Radar,54,66,89,44,253,0,0,9,1,10,54,66,98,45,263,28,66,94,357
10/01/2021,ICT,KS,ACE,CE,Combined TRACON& Tower with Radar,57,52,81,44,234,0,4,20,1,25,57,56,101,45,259,6,20,26,285
10/02/2021,ICT,KS,ACE,CE,Combined TRACON& Tower with Radar,40,40,36,0,116,0,0,6,2,8,40,40,42,2,124,0,0,0,124
10/03/2021,ICT,KS,ACE,CE,Combined TRACON& Tower with Radar,39,38,52,2,131,0,3,48,2,53,39,41,100,4,184,44,0,44,228
10/04/2021,ICT,KS,ACE,CE,Combined TRACON& Tower with Radar,45,43,58,30,176,0,12,49,4,65,45,55,107,34,241,24,0,24,265
10/05/2021,ICT,KS,ACE,CE,Combined TRACON& Tower with Radar,50,50,69,51,220,0,6,64,1,71,50,56,133,52,291,32,20,52,343
10/06/2021,ICT,KS,ACE,CE,Combined TRACON& Tower with Radar,47,58,89,68,262,0,2,47,4,53,47,60,136,72,315,34,20,54,369
10/07/2021,ICT,KS,ACE,CE,Combined TRACON& Tower with Radar,48,48,91,67,254,0,5,51,1,57,48,53,142,68,311,12,66,78,389
10/08/2021,ICT,KS,ACE,CE,Combined TRACON& Tower with Radar,52,54,64,36,206,0,7,74,1,82,52,61,138,37,288,28,10,38,326
10/09/2021,ICT,KS,ACE,CE,Combined TRACON& Tower with Radar,35,43,40,14,132,0,5,24,2,31,35,48,64,16,163,14,0,14,177
10/10/2021,ICT,KS,ACE,CE,Combined TRACON& Tower with Radar,35,38,39,0,112,0,5,11,1,17,35,43,50,1,129,18,0,18,147
10/11/2021,ICT,KS,ACE,CE,Combined TRACON& Tower with Radar,44,44,64,6,158,0,5,31,2,38,44,49,95,8,196,34,0,34,230
10/12/2021,ICT,KS,ACE,CE,Combined TRACON& Tower with Radar,47,50,66,17,180,0,1,20,1,22,47,51,86,18,202,8,2,10,212
10/13/2021,ICT,KS,ACE,CE,Combined TRACON& Tower with Radar,48,47,67,43,205,0,3,28,1,32,48,50,95,44,237,8,4,12,249
10/14/2021,ICT,KS,ACE,CE,Combined TRACON& Tower with Radar,52,63,95,70,280,0,6,43,9,58,52,69,138,79,338,0,30,30,368
10/15/2021,ICT,KS,ACE,CE,Combined TRACON& Tower with Radar,53,50,81,40,224,0,8,55,4,67,53,58,136,44,291,20,0,20,311
10/16/2021,ICT,KS,ACE,CE,Combined TRACON& Tower with Radar,35,31,55,16,137,0,8,48,2,58,35,39,103,18,195,2,6,8,203
10/17/2021,ICT,KS,ACE,CE,Combined TRACON& Tower with Radar,36,47,35,0,118,0,4,45,3,52,36,51,80,3,170,48,0,48,218
10/18/2021,ICT,KS,ACE,CE,Combined TRACON& Tower with Radar,44,34,63,36,177,0,8,45,8,61,44,42,108,44,238,2,8,10,248
10/19/2021,ICT,KS,ACE,CE,Combined TRACON& Tower with Radar,48,53,68,30,199,1,5,52,5,63,49,58,120,35,262,4,48,52,314
10/20/2021,ICT,KS,ACE,CE,Combined TRACON& Tower with Radar,49,58,93,49,249,0,3,36,2,41,49,61,129,51,290,4,46,50,340
10/21/2021,ICT,KS,ACE,CE,Combined TRACON& Tower with Radar,50,56,72,39,217,0,8,64,1,73,50,64,136,40,290,72,28,100,390
10/22/2021,ICT,KS,ACE,CE,Combined TRACON& Tower with Radar,55,51,62,69,237,0,5,53,4,62,55,56,115,73,299,80,16,96,395
10/23/2021,ICT,KS,ACE,CE,Combined TRACON& Tower with Radar,36,33,50,8,127,0,3,38,7,48,36,36,88,15,175,42,10,52,227
10/24/2021,ICT,KS,ACE,CE,Combined TRACON& Tower with Radar,41,54,65,10,170,0,2,17,3,22,41,56,82,13,192,8,0,8,200
10/25/2021,ICT,KS,ACE,CE,Combined TRACON& Tower with Radar,39,51,107,42,239,0,2,28,0,30,39,53,135,42,269,24,0,24,293
10/26/2021,ICT,KS,ACE,CE,Combined TRACON& Tower with Radar,46,57,75,5,183,0,3,7,0,10,46,60,82,5,193,4,0,4,197
10/27/2021,ICT,KS,ACE,CE,Combined TRACON& Tower with Radar,44,55,93,0,192,0,0,0,0,0,44,55,93,0,192,0,0,0,192
10/28/2021,ICT,KS,ACE,CE,Combined TRACON& Tower with Radar,51,53,56,0,160,0,1,8,2,11,51,54,64,2,171,24,0,24,195
10/29/2021,ICT,KS,ACE,CE,Combined TRACON& Tower with Radar,54,57,89,8,208,0,14,56,5,75,54,71,145,13,283,8,0,8,291
10/30/2021,ICT,KS,ACE,CE,Combined TRACON& Tower with Radar,36,41,46,0,123,0,6,79,3,88,36,47,125,3,211,34,0,34,245
10/31/2021,ICT,KS,ACE,CE,Combined TRACON& Tower with Radar,32,33,32,6,103,0,9,30,2,41,32,42,62,8,144,28,6,34,178
11/01/2021,ICT,KS,ACE,CE,Combined TRACON& Tower with Radar,40,47,82,27,196,0,10,42,8,60,40,57,124,35,256,42,10,52,308
11/02/2021,ICT,KS,ACE,CE,Combined TRACON& Tower with Radar,44,68,81,4,197,0,0,17,0,17,44,68,98,4,214,0,0,0,214
11/03/2021,ICT,KS,ACE,CE,Combined TRACON& Tower with Radar,43,65,86,81,275,0,0,25,1,26,43,65,111,82,301,56,70,126,427
11/04/2021,ICT,KS,ACE,CE,Combined TRACON& Tower with Radar,51,73,109,36,269,0,5,13,2,20,51,78,122,38,289,16,0,16,305
11/05/2021,ICT,KS,ACE,CE,Combined TRACON& Tower with Radar,54,76,84,30,244,0,9,32,5,46,54,85,116,35,290,92,18,110,400
11/06/2021,ICT,KS,ACE,CE,Combined TRACON& Tower with Radar,36,46,38,4,124,0,4,56,4,64,36,50,94,8,188,74,0,74,262
11/07/2021,ICT,KS,ACE,CE,Combined TRACON& Tower with Radar,44,56,49,1,150,0,8,22,0,30,44,64,71,1,180,22,0,22,202
11/08/2021,ICT,KS,ACE,CE,Combined TRACON& Tower with Radar,43,61,73,37,214,0,7,59,3,69,43,68,132,40,283,48,26,74,357
11/09/2021,ICT,KS,ACE,CE,Combined TRACON& Tower with Radar,47,60,85,60,252,0,16,46,4,66,47,76,131,64,318,82,54,136,454
11/10/2021,ICT,KS,ACE,CE,Combined TRACON& Tower with Radar,46,58,81,3,188,0,0,6,0,6,46,58,87,3,194,0,0,0,194
11/11/2021,ICT,KS,ACE,CE,Combined TRACON& Tower with Radar,50,54,89,2,195,0,11,37,5,53,50,65,126,7,248,30,0,30,278
11/12/2021,ICT,KS,ACE,CE,Combined TRACON& Tower with Radar,57,48,65,27,197,0,11,44,3,58,57,59,109,30,255,10,0,10,265
11/13/2021,ICT,KS,ACE,CE,Combined TRACON& Tower with Radar,36,44,64,2,146,0,2,53,0,55,36,46,117,2,201,22,0,22,223
11/14/2021,ICT,KS,ACE,CE,Combined TRACON& Tower with Radar,40,39,43,20,142,0,6,42,2,50,40,45,85,22,192,26,18,44,236
11/15/2021,ICT,KS,ACE,CE,Combined TRACON& Tower with Radar,43,45,96,22,206,0,16,53,3,72,43,61,149,25,278,34,40,74,352
11/16/2021,ICT,KS,ACE,CE,Combined TRACON& Tower with Radar,47,69,91,70,277,0,8,61,6,75,47,77,152,76,352,70,52,122,474
11/17/2021,ICT,KS,ACE,CE,Combined TRACON& Tower with Radar,51,54,115,79,299,0,8,30,7,45,51,62,145,86,344,14,52,66,410
11/18/2021,ICT,KS,ACE,CE,Combined TRACON& Tower with Radar,56,51,105,49,261,0,6,50,11,67,56,57,155,60,328,52,104,156,484
11/19/2021,ICT,KS,ACE,CE,Combined TRACON& Tower with Radar,55,68,77,53,253,0,6,57,5,68,55,74,134,58,321,28,60,88,409
11/20/2021,ICT,KS,ACE,CE,Combined TRACON& Tower with Radar,39,36,38,11,124,0,7,48,0,55,39,43,86,11,179,40,0,40,219
11/21/2021,ICT,KS,ACE,CE,Combined TRACON& Tower with Radar,47,37,36,0,120,0,7,22,0,29,47,44,58,0,149,68,0,68,217
11/22/2021,ICT,KS,ACE,CE,Combined TRACON& Tower with Radar,50,44,70,26,190,0,5,50,1,56,50,49,120,27,246,34,12,46,292
11/23/2021,ICT,KS,ACE,CE,Combined TRACON& Tower with Radar,52,58,68,27,205,0,7,51,3,61,52,65,119,30,266,22,60,82,348
11/24/2021,ICT,KS,ACE,CE,Combined TRACON& Tower with Radar,56,56,64,50,226,0,5,38,1,44,56,61,102,51,270,6,36,42,312
11/25/2021,ICT,KS,ACE,CE,Combined TRACON& Tower with Radar,21,23,8,0,52,0,3,11,0,14,21,26,19,0,66,22,0,22,88
11/26/2021,ICT,KS,ACE,CE,Combined TRACON& Tower with Radar,38,42,30,2,112,0,4,45,0,49,38,46,75,2,161,46,0,46,207
11/27/2021,ICT,KS,ACE,CE,Combined TRACON& Tower with Radar,49,33,35,0,117,0,10,29,1,40,49,43,64,1,157,22,0,22,179
11/28/2021,ICT,KS,ACE,CE,Combined TRACON& Tower with Radar,47,53,37,0,137,0,9,35,0,44,47,62,72,0,181,8,0,8,189
11/29/2021,ICT,KS,ACE,CE,Combined TRACON& Tower with Radar,51,55,59,52,217,0,8,52,3,63,51,63,111,55,280,54,34,88,368
11/30/2021,ICT,KS,ACE,CE,Combined TRACON& Tower with Radar,46,63,69,33,211,1,6,39,4,50,47,69,108,37,261,22,0,22,283
12/01/2021,ICT,KS,ACE,CE,Combined TRACON& Tower with Radar,50,61,89,46,246,0,1,75,8,84,50,62,164,54,330,78,66,144,474
12/02/2021,ICT,KS,ACE,CE,Combined TRACON& Tower with Radar,57,52,92,60,261,0,7,63,3,73,57,59,155,63,334,36,22,58,392
12/03/2021,ICT,KS,ACE,CE,Combined TRACON& Tower with Radar,69,57,68,45,239,0,6,87,5,98,69,63,155,50,337,86,104,190,527
12/04/2021,ICT,KS,ACE,CE,Combined TRACON& Tower with Radar,38,41,49,19,147,0,6,47,5,58,38,47,96,24,205,56,6,62,267
12/05/2021,ICT,KS,ACE,CE,Combined TRACON& Tower with Radar,47,46,56,5,154,0,5,22,2,29,47,51,78,7,183,46,4,50,233
12/06/2021,ICT,KS,ACE,CE,Combined TRACON& Tower with Radar,52,62,76,52,242,0,5,43,0,48,52,67,119,52,290,60,24,84,374
12/07/2021,ICT,KS,ACE,CE,Combined TRACON& Tower with Radar,49,71,94,47,261,0,5,47,4,56,49,76,141,51,317,76,8,84,401
12/08/2021,ICT,KS,ACE,CE,Combined TRACON& Tower with Radar,52,63,101,19,235,0,5,72,2,79,52,68,173,21,314,130,12,142,456
12/09/2021,ICT,KS,ACE,CE,Combined TRACON& Tower with Radar,53,70,82,49,254,0,6,49,3,58,53,76,131,52,312,58,0,58,370
12/10/2021,ICT,KS,ACE,CE,Combined TRACON& Tower with Radar,57,51,81,9,198,0,3,24,1,28,57,54,105,10,226,12,0,12,238
12/11/2021,ICT,KS,ACE,CE,Combined TRACON& Tower with Radar,35,35,49,0,119,0,5,62,0,67,35,40,111,0,186,84,0,84,270
12/12/2021,ICT,KS,ACE,CE,Combined TRACON& Tower with Radar,47,24,51,6,128,1,3,29,3,36,48,27,80,9,164,50,0,50,214
12/13/2021,ICT,KS,ACE,CE,Combined TRACON& Tower with Radar,47,41,81,84,253,0,4,77,4,85,47,45,158,88,338,28,60,88,426
12/14/2021,ICT,KS,ACE,CE,Combined TRACON& Tower with Radar,45,58,125,6,234,0,1,28,5,34,45,59,153,11,268,34,4,38,306
12/15/2021,ICT,KS,ACE,CE,Combined TRACON& Tower with Radar,50,44,60,0,154,0,0,2,0,2,50,44,62,0,156,0,0,0,156
12/16/2021,ICT,KS,ACE,CE,Combined TRACON& Tower with Radar,50,77,101,58,286,0,3,67,8,78,50,80,168,66,364,64,18,82,446
12/17/2021,ICT,KS,ACE,CE,Combined TRACON& Tower with Radar,54,57,102,84,297,0,4,51,5,60,54,61,153,89,357,78,104,182,539
12/18/2021,ICT,KS,ACE,CE,Combined TRACON& Tower with Radar,36,49,57,18,160,0,3,29,0,32,36,52,86,18,192,30,0,30,222
12/19/2021,ICT,KS,ACE,CE,Combined TRACON& Tower with Radar,42,40,51,1,134,0,3,23,0,26,42,43,74,1,160,54,0,54,214
12/20/2021,ICT,KS,ACE,CE,Combined TRACON& Tower with Radar,42,51,70,43,206,0,3,44,5,52,42,54,114,48,258,14,12,26,284
12/21/2021,ICT,KS,ACE,CE,Combined TRACON& Tower with Radar,45,57,93,47,242,0,3,56,8,67,45,60,149,55,309,58,28,86,395
12/22/2021,ICT,KS,ACE,CE,Combined TRACON& Tower with Radar,47,57,91,59,254,0,6,66,4,76,47,63,157,63,330,10,48,58,388
12/23/2021,ICT,KS,ACE,CE,Combined TRACON& Tower with Radar,53,50,48,4,155,0,5,30,0,35,53,55,78,4,190,10,0,10,200
12/24/2021,ICT,KS,ACE,CE,Combined TRACON& Tower with Radar,40,45,21,0,106,0,3,22,0,25,40,48,43,0,131,16,0,16,147
12/25/2021,ICT,KS,ACE,CE,Combined TRACON& Tower with Radar,24,26,11,0,61,0,2,12,0,14,24,28,23,0,75,0,0,0,75
12/26/2021,ICT,KS,ACE,CE,Combined TRACON& Tower with Radar,40,41,61,0,142,0,3,14,1,18,40,44,75,1,160,0,0,0,160
12/27/2021,ICT,KS,ACE,CE,Combined TRACON& Tower with Radar,38,58,46,0,142,0,1,30,0,31,38,59,76,0,173,32,0,32,205
12/28/2021,ICT,KS,ACE,CE,Combined TRACON& Tower with Radar,52,62,52,4,170,0,6,38,2,46,52,68,90,6,216,52,0,52,268
12/29/2021,ICT,KS,ACE,CE,Combined TRACON& Tower with Radar,51,55,55,10,171,0,4,23,0,27,51,59,78,10,198,46,0,46,244
12/30/2021,ICT,KS,ACE,CE,Combined TRACON& Tower with Radar,49,53,43,0,145,0,2,31,0,33,49,55,74,0,178,8,0,8,186
12/31/2021,ICT,KS,ACE,CE,Combined TRACON& Tower with Radar,45,33,32,0,110,0,4,23,0,27,45,37,55,0,137,42,0,42,179
01/01/2022,ICT,KS,ACE,CE,Combined TRACON& Tower with Radar,23,34,7,0,64,0,0,0,0,0,23,34,7,0,64,0,0,0,64
01/02/2022,ICT,KS,ACE,CE,Combined TRACON& Tower with Radar,39,49,41,0,129,0,5,17,0,22,39,54,58,0,151,0,0,0,151
01/03/2022,ICT,KS,ACE,CE,Combined TRACON& Tower with Radar,42,46,70,3,161,0,14,36,1,51,42,60,106,4,212,24,0,24,236
01/04/2022,ICT,KS,ACE,CE,Combined TRACON& Tower with Radar,35,47,40,0,122,2,4,41,4,51,37,51,81,4,173,70,0,70,243
01/05/2022,ICT,KS,ACE,CE,Combined TRACON& Tower with Radar,43,43,67,33,186,0,2,32,4,38,43,45,99,37,224,46,48,94,318
01/06/2022,ICT,KS,ACE,CE,Combined TRACON& Tower with Radar,39,61,47,8,155,0,2,11,2,15,39,63,58,10,170,0,6,6,176
01/07/2022,ICT,KS,ACE,CE,Combined TRACON& Tower with Radar,50,43,49,22,164,0,0,47,6,53,50,43,96,28,217,38,0,38,255
01/08/2022,ICT,KS,ACE,CE,Combined TRACON& Tower with Radar,30,47,48,16,141,0,0,10,1,11,30,47,58,17,152,0,0,0,152
01/09/2022,ICT,KS,ACE,CE,Combined TRACON& Tower with Radar,41,37,36,10,124,0,1,32,0,33,41,38,68,10,157,34,0,34,191
01/10/2022,ICT,KS,ACE,CE,Combined TRACON& Tower with Radar,39,57,42,44,182,0,1,30,6,37,39,58,72,50,219,16,10,26,245
01/11/2022,ICT,KS,ACE,CE,Combined TRACON& Tower with Radar,40,59,49,61,209,0,2,43,4,49,40,61,92,65,258,62,30,92,350
01/12/2022,ICT,KS,ACE,CE,Combined TRACON& Tower with Radar,43,55,60,22,180,0,4,79,2,85,43,59,139,24,265,24,0,24,289
01/13/2022,ICT,KS,ACE,CE,Combined TRACON& Tower with Radar,50,53,65,44,212,1,2,61,3,67,51,55,126,47,279,32,10,42,321
01/14/2022,ICT,KS,ACE,CE,Combined TRACON& Tower with Radar,48,54,70,18,190,0,1,26,2,29,48,55,96,20,219,28,0,28,247
01/15/2022,ICT,KS,ACE,CE,Combined TRACON& Tower with Radar,31,33,21,0,85,0,0,1,2,3,31,33,22,2,88,2,0,2,90
01/16/2022,ICT,KS,ACE,CE,Combined TRACON& Tower with Radar,37,46,39,0,122,0,3,35,0,38,37,49,74,0,160,20,0,20,180
01/17/2022,ICT,KS,ACE,CE,Combined TRACON& Tower with Radar,40,50,47,11,148,0,4,49,4,57,40,54,96,15,205,30,0,30,235
01/18/2022,ICT,KS,ACE,CE,Combined TRACON& Tower with Radar,42,50,77,60,229,0,2,49,4,55,42,52,126,64,284,54,56,110,394
01/19/2022,ICT,KS,ACE,CE,Combined TRACON& Tower with Radar,43,59,62,64,228,0,0,19,2,21,43,59,81,66,249,46,40,86,335
01/20/2022,ICT,KS,ACE,CE,Combined TRACON& Tower with Radar,49,64,64,59,236,0,0,38,4,42,49,64,102,63,278,22,50,72,350
01/21/2022,ICT,KS,ACE,CE,Combined TRACON& Tower with Radar,48,50,51,12,161,0,7,61,4,72,48,57,112,16,233,20,44,64,297
01/22/2022,ICT,KS,ACE,CE,Combined TRACON& Tower with Radar,32,36,40,14,122,0,1,41,5,47,32,37,81,19,169,40,0,40,209
01/23/2022,ICT,KS,ACE,CE,Combined TRACON& Tower with Radar,39,38,39,5,121,0,2,42,7,51,39,40,81,12,172,58,8,66,238
01/24/2022,ICT,KS,ACE,CE,Combined TRACON& Tower with Radar,43,43,63,95,244,0,7,45,8,60,43,50,108,103,304,44,80,124,428
01/25/2022,ICT,KS,ACE,CE,Combined TRACON& Tower with Radar,41,52,71,14,178,0,0,17,3,20,41,52,88,17,198,28,0,28,226
01/26/2022,ICT,KS,ACE,CE,Combined TRACON& Tower with Radar,45,57,71,7,180,1,4,30,2,37,46,61,101,9,217,12,12,24,241
01/27/2022,ICT,KS,ACE,CE,Combined TRACON& Tower with Radar,47,57,82,60,246,0,3,38,3,44,47,60,120,63,290,50,44,94,384
01/28/2022,ICT,KS,ACE,CE,Combined TRACON& Tower with Radar,50,44,54,44,192,0,5,45,5,55,50,49,99,49,247,54,56,110,357
01/29/2022,ICT,KS,ACE,CE,Combined TRACON& Tower with Radar,29,37,42,8,116,0,0,67,9,76,29,37,109,17,192,60,8,68,260
01/30/2022,ICT,KS,ACE,CE,Combined TRACON& Tower with Radar,39,40,38,0,117,0,2,43,5,50,39,42,81,5,167,50,0,50,217
01/31/2022,ICT,KS,ACE,CE,Combined TRACON& Tower with Radar,38,58,81,36,213,0,4,45,8,57,38,62,126,44,270,46,4,50,320
02/01/2022,ICT,KS,ACE,CE,Combined TRACON& Tower with Radar,32,45,64,21,162,0,0,6,1,7,32,45,70,22,169,0,4,4,173
02/02/2022,ICT,KS,ACE,CE,Combined TRACON& Tower with Radar,15,9,17,0,41,0,0,0,0,0,15,9,17,0,41,0,0,0,41
02/03/2022,ICT,KS,ACE,CE,Combined TRACON& Tower with Radar,34,37,52,0,123,0,1,9,4,14,34,38,61,4,137,0,0,0,137
02/04/2022,ICT,KS,ACE,CE,Combined TRACON& Tower with Radar,36,44,57,8,145,0,3,35,12,50,36,47,92,20,195,20,0,20,215
02/05/2022,ICT,KS,ACE,CE,Combined TRACON& Tower with Radar,24,37,56,4,121,0,0,48,9,57,24,37,104,13,178,74,0,74,252
02/06/2022,ICT,KS,ACE,CE,Combined TRACON& Tower with Radar,32,43,33,13,121,0,3,40,6,49,32,46,73,19,170,24,8,32,202
02/07/2022,ICT,KS,ACE,CE,Combined TRACON& Tower with Radar,37,46,77,37,197,0,5,56,6,67,37,51,133,43,264,74,56,130,394
02/08/2022,ICT,KS,ACE,CE,Combined TRACON& Tower with Radar,40,47,72,22,181,0,4,56,7,67,40,51,128,29,248,90,38,128,376
02/09/2022,ICT,KS,ACE,CE,Combined TRACON& Tower with Radar,45,53,66,23,187,0,9,55,8,72,45,62,121,31,259,86,96,182,441
02/10/2022,ICT,KS,ACE,CE,Combined TRACON& Tower with Radar,49,58,71,48,226,0,3,59,2,64,49,61,130,50,290,42,66,108,398
02/11/2022,ICT,KS,ACE,CE,Combined TRACON& Tower with Radar,43,62,62,55,222,0,5,31,11,47,43,67,93,66,269,14,12,26,295
02/12/2022,ICT,KS,ACE,CE,Combined TRACON& Tower with Radar,30,39,33,12,114,0,2,44,2,48,30,41,77,14,162,52,0,52,214
02/13/2022,ICT,KS,ACE,CE,Combined TRACON& Tower with Radar,35,28,33,11,107,0,4,35,5,44,35,32,68,16,151,36,20,56,207
02/14/2022,ICT,KS,ACE,CE,Combined TRACON& Tower with Radar,38,40,72,80,230,0,4,46,4,54,38,44,118,84,284,78,60,138,422
02/15/2022,ICT,KS,ACE,CE,Combined TRACON& Tower with Radar,38,56,79,27,200,0,2,29,8,39,38,58,108,35,239,30,10,40,279
02/16/2022,ICT,KS,ACE,CE,Combined TRACON& Tower with Radar,40,67,68,67,242,0,0,24,8,32,40,67,92,75,274,44,62,106,380
02/17/2022,ICT,KS,ACE,CE,Combined TRACON& Tower with Radar,23,21,13,0,57,0,0,1,0,1,23,21,14,0,58,0,0,0,58
02/18/2022,ICT,KS,ACE,CE,Combined TRACON& Tower with Radar,50,59,67,10,186,0,6,23,5,34,50,65,90,15,220,16,0,16,236
02/19/2022,ICT,KS,ACE,CE,Combined TRACON& Tower with Radar,34,34,47,4,119,0,0,37,2,39,34,34,84,6,158,56,0,56,214
02/20/2022,ICT,KS,ACE,CE,Combined TRACON& Tower with Radar,34,39,48,0,121,0,1,39,1,41,34,40,87,1,162,124,0,124,286
02/21/2022,ICT,KS,ACE,CE,Combined TRACON& Tower with Radar,30,65,72,1,168,0,4,51,8,63,30,69,123,9,231,108,0,108,339
02/22/2022,ICT,KS,ACE,CE,Combined TRACON& Tower with Radar,38,49,81,2,170,0,3,18,3,24,38,52,99,5,194,16,0,16,210
02/23/2022,ICT,KS,ACE,CE,Combined TRACON& Tower with Radar,42,73,73,0,188,0,4,24,11,39,42,77,97,11,227,40,0,40,267
02/24/2022,ICT,KS,ACE,CE,Combined TRACON& Tower with Radar,37,55,65,0,157,0,0,2,0,2,37,55,67,0,159,0,0,0,159
02/25/2022,ICT,KS,ACE,CE,Combined TRACON& Tower with Radar,43,51,91,39,224,0,6,41,5,52,43,57,132,44,276,96,12,108,384
02/26/2022,ICT,KS,ACE,CE,Combined TRACON& Tower with Radar,32,43,44,14,133,0,6,46,8,60,32,49,90,22,193,50,6,56,249
02/27/2022,ICT,KS,ACE,CE,Combined TRACON& Tower with Radar,35,38,51,48,172,0,1,38,8,47,35,39,89,56,219,12,42,54,273
02/28/2022,ICT,KS,ACE,CE,Combined TRACON& Tower with Radar,37,41,80,36,194,0,9,72,5,86,37,50,152,41,280,104,42,146,426
03/01/2022,ICT,KS,ACE,CE,Combined TRACON& Tower with Radar,37,45,74,97,253,0,6,56,1,63,37,51,130,98,316,49,96,145,461
03/02/2022,ICT,KS,ACE,CE,Combined TRACON& Tower with Radar,41,56,104,27,228,0,7,69,7,83,41,63,173,34,311,153,28,181,492
03/03/2022,ICT,KS,ACE,CE,Combined TRACON& Tower with Radar,45,52,83,30,210,0,8,63,13,84,45,60,146,43,294,122,0,122,416
03/04/2022,ICT,KS,ACE,CE,Combined TRACON& Tower with Radar,43,45,54,13,155,0,2,40,5,47,43,47,94,18,202,26,8,34,236
03/05/2022,ICT,KS,ACE,CE,Combined TRACON& Tower with Radar,27,44,39,7,117,0,1,16,3,20,27,45,55,10,137,6,0,6,143
03/06/2022,ICT,KS,ACE,CE,Combined TRACON& Tower with Radar,31,32,40,25,128,0,0,15,2,17,31,32,55,27,145,24,0,24,169
03/07/2022,ICT,KS,ACE,CE,Combined TRACON& Tower with Radar,42,51,80,59,232,3,4,49,15,71,45,55,129,74,303,20,66,86,389
03/08/2022,ICT,KS,ACE,CE,Combined TRACON& Tower with Radar,38,64,66,44,212,0,0,67,9,76,38,64,133,53,288,60,0,60,348
03/09/2022,ICT,KS,ACE,CE,Combined TRACON& Tower with Radar,45,63,84,6,198,0,0,34,1,35,45,63,118,7,233,72,0,72,305
03/10/2022,ICT,KS,ACE,CE,Combined TRACON& Tower with Radar,46,52,71,3,172,0,0,3,0,3,46,52,74,3,175,0,0,0,175
03/11/2022,ICT,KS,ACE,CE,Combined TRACON& Tower with Radar,54,54,65,34,207,0,7,45,5,57,54,61,110,39,264,88,52,140,404
03/12/2022,ICT,KS,ACE,CE,Combined TRACON& Tower with Radar,28,48,61,0,137,0,1,41,2,44,28,49,102,2,181,38,0,38,219
03/13/2022,ICT,KS,ACE,CE,Combined TRACON& Tower with Radar,44,43,45,21,153,0,3,24,4,31,44,46,69,25,184,32,20,52,236
03/14/2022,ICT,KS,ACE,CE,Combined TRACON& Tower with Radar,34,41,68,62,205,0,7,38,0,45,34,48,106,62,250,18,24,42,292
03/15/2022,ICT,KS,ACE,CE,Combined TRACON& Tower with Radar,40,70,65,69,244,0,7,71,2,80,40,77,136,71,324,68,82,150,474
03/16/2022,ICT,KS,ACE,CE,Combined TRACON& Tower with Radar,45,40,45,37,167,0,0,45,5,50,45,40,90,42,217,42,54,96,313
03/17/2022,ICT,KS,ACE,CE,Combined TRACON& Tower with Radar,50,54,66,45,215,0,4,36,13,53,50,58,102,58,268,34,56,90,358
03/18/2022,ICT,KS,ACE,CE,Combined TRACON& Tower with Radar,44,47,45,0,136,0,2,13,4,19,44,49,58,4,155,14,0,14,169
03/19/2022,ICT,KS,ACE,CE,Combined TRACON& Tower with Radar,33,46,45,6,130,0,6,66,4,76,33,52,111,10,206,50,0,50,256
03/20/2022,ICT,KS,ACE,CE,Combined TRACON& Tower with Radar,40,43,47,10,140,0,3,39,1,43,40,46,86,11,183,66,16,82,265
03/21/2022,ICT,KS,ACE,CE,Combined TRACON& Tower with Radar,37,51,45,0,133,0,0,5,0,5,37,51,50,0,138,0,0,0,138
03/22/2022,ICT,KS,ACE,CE,Combined TRACON& Tower with Radar,43,54,49,8,154,0,0,0,0,0,43,54,49,8,154,0,0,0,154
03/23/2022,ICT,KS,ACE,CE,Combined TRACON& Tower with Radar,44,54,81,32,211,0,0,15,4,19,44,54,96,36,230,18,66,84,314
03/24/2022,ICT,KS,ACE,CE,Combined TRACON& Tower with Radar,55,55,104,25,239,0,0,62,8,70,55,55,166,33,309,52,10,62,371
03/25/2022,ICT,KS,ACE,CE,Combined TRACON& Tower with Radar,48,61,95,14,218,0,2,67,4,73,48,63,162,18,291,52,0,52,343
03/26/2022,ICT,KS,ACE,CE,Combined TRACON& Tower with Radar,26,60,51,18,155,0,4,77,2,83,26,64,128,20,238,44,6,50,288
03/27/2022,ICT,KS,ACE,CE,Combined TRACON& Tower with Radar,41,34,56,12,143,0,3,53,2,58,41,37,109,14,201,24,10,34,235
03/28/2022,ICT,KS,ACE,CE,Combined TRACON& Tower with Radar,37,71,81,36,225,0,10,59,9,78,37,81,140,45,303,62,10,72,375
03/29/2022,ICT,KS,ACE,CE,Combined TRACON& Tower with Radar,44,60,83,41,228,1,1,25,10,37,45,61,108,51,265,40,66,106,371
03/30/2022,ICT,KS,ACE,CE,Combined TRACON& Tower with Radar,48,61,101,36,246,0,3,9,3,15,48,64,110,39,261,2,30,32,293
03/31/2022,ICT,KS,ACE,CE,Combined TRACON& Tower with Radar,47,66,109,10,232,0,5,52,2,59,47,71,161,12,291,76,36,112,403
04/01/2022,ICT,KS,ACE,CE,Combined TRACON& Tower with Radar,43,55,75,38,211,0,3,56,1,60,43,58,131,39,271,26,14,40,311
04/02/2022,ICT,KS,ACE,CE,Combined TRACON& Tower with Radar,24,45,40,9,118,0,6,49,3,58,24,51,89,12,176,88,6,94,270
04/03/2022,ICT,KS,ACE,CE,Combined TRACON& Tower with Radar,38,34,57,1,130,0,2,25,3,30,38,36,82,4,160,18,0,18,178
04/04/2022,ICT,KS,ACE,CE,Combined TRACON& Tower with Radar,38,50,72,124,284,0,5,45,11,61,38,55,117,135,345,100,56,156,501
04/05/2022,ICT,KS,ACE,CE,Combined TRACON& Tower with Radar,42,62,89,38,231,0,2,21,1,24,42,64,110,39,255,22,10,32,287
04/06/2022,ICT,KS,ACE,CE,Combined TRACON& Tower with Radar,45,62,69,4,180,0,3,26,1,30,45,65,95,5,210,48,0,48,258
04/07/2022,ICT,KS,ACE,CE,Combined TRACON& Tower with Radar,54,51,85,10,200,0,0,14,4,18,54,51,99,14,218,8,6,14,232
04/08/2022,ICT,KS,ACE,CE,Combined TRACON& Tower with Radar,44,47,49,27,167,0,4,34,3,41,44,51,83,30,208,36,8,44,252
04/09/2022,ICT,KS,ACE,CE,Combined TRACON& Tower with Radar,26,40,45,16,127,0,0,56,5,61,26,40,101,21,188,42,0,42,230
04/10/2022,ICT,KS,ACE,CE,Combined TRACON& Tower with Radar,41,49,36,15,141,0,3,42,1,46,41,52,78,16,187,42,0,42,229
04/11/2022,ICT,KS,ACE,CE,Combined TRACON& Tower with Radar,38,55,105,54,252,0,8,69,3,80,38,63,174,57,332,122,18,140,472
04/12/2022,ICT,KS,ACE,CE,Combined TRACON& Tower with Radar,40,59,62,12,173,0,0,5,1,6,40,59,67,13,179,0,0,0,179
04/13/2022,ICT,KS,ACE,CE,Combined TRACON& Tower with Radar,42,58,72,9,181,0,7,37,1,45,42,65,109,10,226,82,10,92,318
04/14/2022,ICT,KS,ACE,CE,Combined TRACON& Tower with Radar,50,60,94,47,251,1,9,78,5,93,51,69,172,52,344,96,42,138,482
04/15/2022,ICT,KS,ACE,CE,Combined TRACON& Tower with Radar,45,54,47,14,160,0,6,59,2,67,45,60,106,16,227,46,6,52,279
04/16/2022,ICT,KS,ACE,CE,Combined TRACON& Tower with Radar,28,37,36,4,105,0,6,23,1,30,28,43,59,5,135,18,0,18,153
04/17/2022,ICT,KS,ACE,CE,Combined TRACON& Tower with Radar,39,47,26,0,112,0,1,16,1,18,39,48,42,1,130,60,0,60,190
04/18/2022,ICT,KS,ACE,CE,Combined TRACON& Tower with Radar,36,48,78,71,233,0,8,63,6,77,36,56,141,77,310,92,64,156,466
04/19/2022,ICT,KS,ACE,CE,Combined TRACON& Tower with Radar,43,58,95,32,228,0,2,32,5,39,43,60,127,37,267,26,16,42,309
04/20/2022,ICT,KS,ACE,CE,Combined TRACON& Tower with Radar,47,54,83,75,259,0,4,24,2,30,47,58,107,77,289,54,40,94,383
04/21/2022,ICT,KS,ACE,CE,Combined TRACON& Tower with Radar,51,51,74,10,186,0,2,10,1,13,51,53,84,11,199,20,0,20,219
04/22/2022,ICT,KS,ACE,CE,Combined TRACON& Tower with Radar,45,56,67,13,181,0,0,9,0,9,45,56,76,13,190,14,0,14,204
04/23/2022,ICT,KS,ACE,CE,Combined TRACON& Tower with Radar,40,36,31,6,113,0,2,3,0,5,40,38,34,6,118,2,0,2,120
04/24/2022,ICT,KS,ACE,CE,Combined TRACON& Tower with Radar,37,46,49,21,153,0,3,62,1,66,37,49,111,22,219,76,4,80,299
04/25/2022,ICT,KS,ACE,CE,Combined TRACON& Tower with Radar,36,56,75,56,223,0,9,46,9,64,36,65,121,65,287,76,18,94,381
04/26/2022,ICT,KS,ACE,CE,Combined TRACON& Tower with Radar,45,54,94,51,244,0,11,87,6,104,45,65,181,57,348,176,48,224,572
04/27/2022,ICT,KS,ACE,CE,Combined TRACON& Tower with Radar,44,56,68,27,195,0,2,33,3,38,44,58,101,30,233,18,10,28,261
04/28/2022,ICT,KS,ACE,CE,Combined TRACON& Tower with Radar,48,71,119,75,313,0,2,37,3,42,48,73,156,78,355,18,62,80,435
04/29/2022,ICT,KS,ACE,CE,Combined TRACON& Tower with Radar,44,59,74,4,181,0,0,14,4,18,44,59,88,8,199,4,0,4,203
04/30/2022,ICT,KS,ACE,CE,Combined TRACON& Tower with Radar,31,52,37,1,121,0,3,36,2,41,31,55,73,3,162,0,0,0,162
05/01/2022,ICT,KS,ACE,CE,Combined TRACON& Tower with Radar,40,29,57,0,126,0,1,63,5,69,40,30,120,5,195,108,0,108,303
05/02/2022,ICT,KS,ACE,CE,Combined TRACON& Tower with Radar,37,37,48,0,122,0,0,2,0,2,37,37,50,0,124,16,0,16,140
05/03/2022,ICT,KS,ACE,CE,Combined TRACON& Tower with Radar,43,51,86,25,205,0,1,28,0,29,43,52,114,25,234,46,4,50,284
05/04/2022,ICT,KS,ACE,CE,Combined TRACON& Tower with Radar,46,47,45,8,146,0,1,0,0,1,46,48,45,8,147,0,0,0,147
05/05/2022,ICT,KS,ACE,CE,Combined TRACON& Tower with Radar,50,52,61,8,171,0,0,0,0,0,50,52,61,8,171,0,0,0,171
05/06/2022,ICT,KS,ACE,CE,Combined TRACON& Tower with Radar,47,64,111,16,238,0,2,53,5,60,47,66,164,21,298,40,2,42,340
05/07/2022,ICT,KS,ACE,CE,Combined TRACON& Tower with Radar,35,44,62,4,145,0,4,46,3,53,35,48,108,7,198,22,0,22,220
05/08/2022,ICT,KS,ACE,CE,Combined TRACON& Tower with Radar,41,58,90,0,189,0,1,13,0,14,41,59,103,0,203,64,0,64,267
05/09/2022,ICT,KS,ACE,CE,Combined TRACON& Tower with Radar,44,66,91,56,257,0,5,46,0,51,44,71,137,56,308,14,40,54,362
05/10/2022,ICT,KS,ACE,CE,Combined TRACON& Tower with Radar,44,58,84,74,260,0,9,56,3,68,44,67,140,77,328,12,76,88,416
05/11/2022,ICT,KS,ACE,CE,Combined TRACON& Tower with Radar,47,57,96,24,224,0,8,72,4,84,47,65,168,28,308,54,8,62,370
05/12/2022,ICT,KS,ACE,CE,Combined TRACON& Tower with Radar,56,58,89,33,236,0,5,52,6,63,56,63,141,39,299,10,40,50,349
05/13/2022,ICT,KS,ACE,CE,Combined TRACON& Tower with Radar,54,59,79,62,254,0,0,47,8,55,54,59,126,70,309,26,58,84,393
05/14/2022,ICT,KS,ACE,CE,Combined TRACON& Tower with Radar,33,34,42,0,109,0,4,48,3,55,33,38,90,3,164,48,0,48,212
05/15/2022,ICT,KS,ACE,CE,Combined TRACON& Tower with Radar,42,46,53,15,156,0,3,29,6,38,42,49,82,21,194,80,0,80,274
05/16/2022,ICT,KS,ACE,CE,Combined TRACON& Tower with Radar,42,61,75,103,281,0,3,80,6,89,42,64,155,109,370,26,6,32,402
05/17/2022,ICT,KS,ACE,CE,Combined TRACON& Tower with Radar,46,60,77,30,213,0,1,30,1,32,46,61,107,31,245,22,8,30,275
05/18/2022,ICT,KS,ACE,CE,Combined TRACON& Tower with Radar,50,70,75,30,225,0,2,57,5,64,50,72,132,35,289,52,40,92,381
05/19/2022,ICT,KS,ACE,CE,Combined TRACON& Tower with Radar,52,53,97,80,282,0,9,41,3,53,52,62,138,83,335,104,18,122,457
05/20/2022,ICT,KS,ACE,CE,Combined TRACON& Tower with Radar,48,67,79,35,229,0,8,55,4,67,48,75,134,39,296,34,12,46,342
05/21/2022,ICT,KS,ACE,CE,Combined TRACON& Tower with Radar,36,61,67,4,168,0,8,28,0,36,36,69,95,4,204,36,0,36,240
05/22/2022,ICT,KS,ACE,CE,Combined TRACON& Tower with Radar,38,57,61,30,186,0,6,46,2,54,38,63,107,32,240,52,8,60,300
05/23/2022,ICT,KS,ACE,CE,Combined TRACON& Tower with Radar,40,59,98,23,220,0,2,35,2,39,40,61,133,25,259,66,24,90,349
05/24/2022,ICT,KS,ACE,CE,Combined TRACON& Tower with Radar,44,56,50,0,150,0,0,0,0,0,44,56,50,0,150,0,0,0,150
05/25/2022,ICT,KS,ACE,CE,Combined TRACON& Tower with Radar,55,51,96,0,202,0,0,0,0,0,55,51,96,0,202,0,0,0,202
05/26/2022,ICT,KS,ACE,CE,Combined TRACON& Tower with Radar,48,52,101,26,227,0,2,26,0,28,48,54,127,26,255,30,12,42,297
05/27/2022,ICT,KS,ACE,CE,Combined TRACON& Tower with Radar,49,39,67,0,155,0,9,87,3,99,49,48,154,3,254,42,0,42,296
05/28/2022,ICT,KS,ACE,CE,Combined TRACON& Tower with Radar,40,35,33,0,108,0,5,16,6,27,40,40,49,6,135,0,4,4,139
05/29/2022,ICT,KS,ACE,CE,Combined TRACON& Tower with Radar,38,40,11,0,89,0,2,16,2,20,38,42,27,2,109,0,0,0,109
05/30/2022,ICT,KS,ACE,CE,Combined TRACON& Tower with Radar,38,40,21,2,101,0,3,4,1,8,38,43,25,3,109,0,2,2,111
05/31/2022,ICT,KS,ACE,CE,Combined TRACON& Tower with Radar,39,54,87,9,189,0,0,7,0,7,39,54,94,9,196,4,0,4,200
06/01/2022,ICT,KS,ACE,CE,Combined TRACON& Tower with Radar,55,51,58,0,164,0,2,8,0,10,55,53,66,0,174,36,0,36,210
06/02/2022,ICT,KS,ACE,CE,Combined TRACON& Tower with Radar,53,53,79,84,269,0,8,107,10,125,53,61,186,94,394,62,68,130,524
06/03/2022,ICT,KS,ACE,CE,Combined TRACON& Tower with Radar,50,61,70,21,202,0,6,83,9,98,50,67,153,30,300,56,32,88,388
06/04/2022,ICT,KS,ACE,CE,Combined TRACON& Tower with Radar,41,35,22,10,108,0,2,22,3,27,41,37,44,13,135,88,0,88,223
06/05/2022,ICT,KS,ACE,CE,Combined TRACON& Tower with Radar,44,31,42,8,125,0,1,28,3,32,44,32,70,11,157,8,0,8,165
06/06/2022,ICT,KS,ACE,CE,Combined TRACON& Tower with Radar,57,44,74,33,208,0,3,35,8,46,57,47,109,41,254,62,14,76,330
06/07/2022,ICT,KS,ACE,CE,Combined TRACON& Tower with Radar,53,47,94,55,249,0,5,55,4,64,53,52,149,59,313,84,48,132,445
06/08/2022,ICT,KS,ACE,CE,Combined TRACON& Tower with Radar,62,56,86,35,239,0,8,49,10,67,62,64,135,45,306,66,20,86,392
06/09/2022,ICT,KS,ACE,CE,Combined TRACON& Tower with Radar,51,51,101,1,204,0,0,45,4,49,51,51,146,5,253,66,0,66,319
06/10/2022,ICT,KS,ACE,CE,Combined TRACON& Tower with Radar,47,57,66,86,256,0,5,66,7,78,47,62,132,93,334,80,34,114,448
06/11/2022,ICT,KS,ACE,CE,Combined TRACON& Tower with Radar,53,36,22,2,113,0,2,55,4,61,53,38,77,6,174,56,0,56,230
06/12/2022,ICT,KS,ACE,CE,Combined TRACON& Tower with Radar,45,34,48,40,167,0,7,21,4,32,45,41,69,44,199,4,22,26,225
06/13/2022,ICT,KS,ACE,CE,Combined TRACON& Tower with Radar,47,30,66,20,163,0,10,46,9,65,47,40,112,29,228,10,8,18,246
06/14/2022,ICT,KS,ACE,CE,Combined TRACON& Tower with Radar,51,62,60,46,219,0,4,32,5,41,51,66,92,51,260,0,6,6,266
06/15/2022,ICT,KS,ACE,CE,Combined TRACON& Tower with Radar,62,60,88,56,266,0,3,42,14,59,62,63,130,70,325,60,104,164,489
06/16/2022,ICT,KS,ACE,CE,Combined TRACON& Tower with Radar,54,43,73,105,275,0,4,70,13,87,54,47,143,118,362,16,16,32,394
06/17/2022,ICT,KS,ACE,CE,Combined TRACON& Tower with Radar,58,50,79,49,236,0,7,67,14,88,58,57,146,63,324,123,28,151,475
06/18/2022,ICT,KS,ACE,CE,Combined TRACON& Tower with Radar,45,41,38,1,125,0,5,55,4,64,45,46,93,5,189,12,0,12,201
06/19/2022,ICT,KS,ACE,CE,Combined TRACON& Tower with Radar,50,37,28,1,116,0,5,36,3,44,50,42,64,4,160,32,0,32,192
06/20/2022,ICT,KS,ACE,CE,Combined TRACON& Tower with Radar,48,50,70,0,168,0,2,57,3,62,48,52,127,3,230,38,0,38,268
06/21/2022,ICT,KS,ACE,CE,Combined TRACON& Tower with Radar,50,56,84,65,255,0,1,53,7,61,50,57,137,72,316,30,36,66,382
06/22/2022,ICT,KS,ACE,CE,Combined TRACON& Tower with Radar,65,64,55,36,220,0,2,38,9,49,65,66,93,45,269,16,12,28,297
06/23/2022,ICT,KS,ACE,CE,Combined TRACON& Tower with Radar,54,51,87,37,229,0,4,55,7,66,54,55,142,44,295,68,26,94,389
06/24/2022,ICT,KS,ACE,CE,Combined TRACON& Tower with Radar,53,63,71,41,228,1,3,53,8,65,54,66,124,49,293,28,32,60,353
06/25/2022,ICT,KS,ACE,CE,Combined TRACON& Tower with Radar,47,40,42,5,134,0,5,45,7,57,47,45,87,12,191,14,0,14,205
06/26/2022,ICT,KS,ACE,CE,Combined TRACON& Tower with Radar,36,43,59,0,138,0,0,28,2,30,36,43,87,2,168,0,0,0,168
06/27/2022,ICT,KS,ACE,CE,Combined TRACON& Tower with Radar,43,53,70,25,191,0,4,39,10,53,43,57,109,35,244,42,16,58,302
06/28/2022,ICT,KS,ACE,CE,Combined TRACON& Tower with Radar,45,60,68,95,268,0,8,101,9,118,45,68,169,104,386,122,36,158,544
06/29/2022,ICT,KS,ACE,CE,Combined TRACON& Tower with Radar,55,67,79,80,281,0,10,78,10,98,55,77,157,90,379,78,34,112,491
06/30/2022,ICT,KS,ACE,CE,Combined TRACON& Tower with Radar,50,56,91,65,262,1,7,80,3,91,51,63,171,68,353,40,46,86,439
07/01/2022,ICT,KS,ACE,CE,Combined TRACON& Tower with Radar,51,59,76,1,187,0,4,73,2,79,51,63,149,3,266,74,0,74,340
07/02/2022,ICT,KS,ACE,CE,Combined TRACON& Tower with Radar,47,33,38,0,118,0,2,24,1,27,47,35,62,1,145,76,0,76,221
07/03/2022,ICT,KS,ACE,CE,Combined TRACON& Tower with Radar,44,25,32,0,101,0,3,36,2,41,44,28,68,2,142,38,0,38,180
07/04/2022,ICT,KS,ACE,CE,Combined TRACON& Tower with Radar,41,32,16,2,91,0,8,32,1,41,41,40,48,3,132,28,0,28,160
07/05/2022,ICT,KS,ACE,CE,Combined TRACON& Tower with Radar,48,48,72,44,212,0,8,32,4,44,48,56,104,48,256,50,36,86,342
07/06/2022,ICT,KS,ACE,CE,Combined TRACON& Tower with Radar,62,73,53,89,277,0,10,57,2,69,62,83,110,91,346,116,88,204,550
07/07/2022,ICT,KS,ACE,CE,Combined TRACON& Tower with Radar,59,47,85,36,227,0,8,59,9,76,59,55,144,45,303,40,6,46,349
07/08/2022,ICT,KS,ACE,CE,Combined TRACON& Tower with Radar,57,49,59,88,253,0,13,54,7,74,57,62,113,95,327,86,76,162,489
07/09/2022,ICT,KS,ACE,CE,Combined TRACON& Tower with Radar,46,40,26,3,115,0,11,52,0,63,46,51,78,3,178,52,0,52,230
07/10/2022,ICT,KS,ACE,CE,Combined TRACON& Tower with Radar,51,40,32,23,146,0,4,61,4,69,51,44,93,27,215,48,12,60,275
07/11/2022,ICT,KS,ACE,CE,Combined TRACON& Tower with Radar,47,50,73,38,208,0,5,52,4,61,47,55,125,42,269,50,0,50,319
07/12/2022,ICT,KS,ACE,CE,Combined TRACON& Tower with Radar,49,48,69,48,214,0,6,67,3,76,49,54,136,51,290,86,14,100,390
07/13/2022,ICT,KS,ACE,CE,Combined TRACON& Tower with Radar,58,51,57,51,217,0,2,57,3,62,58,53,114,54,279,125,32,157,436
07/14/2022,ICT,KS,ACE,CE,Combined TRACON& Tower with Radar,53,50,87,28,218,1,8,66,8,83,54,58,153,36,301,80,6,86,387
07/15/2022,ICT,KS,ACE,CE,Combined TRACON& Tower with Radar,55,48,73,29,205,0,6,65,1,72,55,54,138,30,277,50,2,52,329
07/16/2022,ICT,KS,ACE,CE,Combined TRACON& Tower with Radar,51,50,37,22,160,0,3,41,2,46,51,53,78,24,206,82,12,94,300
07/17/2022,ICT,KS,ACE,CE,Combined TRACON& Tower with Radar,47,42,45,26,160,0,4,29,9,42,47,46,74,35,202,30,2,32,234
07/18/2022,ICT,KS,ACE,CE,Combined TRACON& Tower with Radar,44,54,76,64,238,0,1,52,6,59,44,55,128,70,297,56,50,106,403
07/19/2022,ICT,KS,ACE,CE,Combined TRACON& Tower with Radar,51,52,62,45,210,0,8,80,5,93,51,60,142,50,303,66,6,72,375
07/20/2022,ICT,KS,ACE,CE,Combined TRACON& Tower with Radar,68,55,71,89,283,0,12,76,18,106,68,67,147,107,389,108,22,130,519
07/21/2022,ICT,KS,ACE,CE,Combined TRACON& Tower with Radar,61,62,94,53,270,1,4,54,10,69,62,66,148,63,339,24,40,64,403
07/22/2022,ICT,KS,ACE,CE,Combined TRACON& Tower with Radar,54,50,61,42,207,0,14,60,11,85,54,64,121,53,292,64,12,76,368
07/23/2022,ICT,KS,ACE,CE,Combined TRACON& Tower with Radar,48,44,40,18,150,0,2,37,0,39,48,46,77,18,189,28,0,28,217
07/24/2022,ICT,KS,ACE,CE,Combined TRACON& Tower with Radar,43,33,47,4,127,0,4,31,0,35,43,37,78,4,162,42,0,42,204
07/25/2022,ICT,KS,ACE,CE,Combined TRACON& Tower with Radar,45,43,57,20,165,0,8,32,16,56,45,51,89,36,221,44,10,54,275
07/26/2022,ICT,KS,ACE,CE,Combined TRACON& Tower with Radar,46,44,67,55,212,0,4,57,10,71,46,48,124,65,283,76,26,102,385
07/27/2022,ICT,KS,ACE,CE,Combined TRACON& Tower with Radar,59,56,71,5,191,0,2,59,12,73,59,58,130,17,264,84,0,84,348
07/28/2022,ICT,KS,ACE,CE,Combined TRACON& Tower with Radar,57,39,74,32,202,0,2,32,12,46,57,41,106,44,248,28,18,46,294
07/29/2022,ICT,KS,ACE,CE,Combined TRACON& Tower with Radar,48,45,58,27,178,0,2,37,8,47,48,47,95,35,225,50,36,86,311
07/30/2022,ICT,KS,ACE,CE,Combined TRACON& Tower with Radar,45,36,35,0,116,0,2,4,0,6,45,38,39,0,122,14,0,14,136
07/31/2022,ICT,KS,ACE,CE,Combined TRACON& Tower with Radar,44,38,57,35,174,0,4,34,2,40,44,42,91,37,214,60,16,76,290
08/01/2022,ICT,KS,ACE,CE,Combined TRACON& Tower with Radar,43,51,76,50,220,0,4,66,9,79,43,55,142,59,299,58,22,80,379
08/02/2022,ICT,KS,ACE,CE,Combined TRACON& Tower with Radar,46,53,81,26,206,0,3,54,10,67,46,56,135,36,273,32,12,44,317
08/03/2022,ICT,KS,ACE,CE,Combined TRACON& Tower with Radar,56,46,80,9,191,0,11,56,13,80,56,57,136,22,271,88,24,112,383
08/04/2022,ICT,KS,ACE,CE,Combined TRACON& Tower with Radar,52,53,64,35,204,0,7,67,17,91,52,60,131,52,295,38,44,82,377
08/05/2022,ICT,KS,ACE,CE,Combined TRACON& Tower with Radar,49,53,62,44,208,0,4,75,12,91,49,57,137,56,299,72,12,84,383
08/06/2022,ICT,KS,ACE,CE,Combined TRACON& Tower with Radar,46,37,49,5,137,0,4,36,3,43,46,41,85,8,180,54,0,54,234
08/07/2022,ICT,KS,ACE,CE,Combined TRACON& Tower with Radar,40,33,54,40,167,0,2,34,2,38,40,35,88,42,205,14,10,24,229
08/08/2022,ICT,KS,ACE,CE,Combined TRACON& Tower with Radar,44,48,88,47,227,0,3,43,14,60,44,51,131,61,287,24,44,68,355
08/09/2022,ICT,KS,ACE,CE,Combined TRACON& Tower with Radar,48,49,86,55,238,0,5,47,8,60,48,54,133,63,298,48,82,130,428
08/10/2022,ICT,KS,ACE,CE,Combined TRACON& Tower with Radar,66,47,77,70,260,2,5,69,17,93,68,52,146,87,353,92,14,106,459
08/11/2022,ICT,KS,ACE,CE,Combined TRACON& Tower with Radar,50,63,71,51,235,0,8,58,29,95,50,71,129,80,330,94,12,106,436
08/12/2022,ICT,KS,ACE,CE,Combined TRACON& Tower with Radar,55,53,70,56,234,0,11,69,7,87,55,64,139,63,321,38,4,42,363
08/13/2022,ICT,KS,ACE,CE,Combined TRACON& Tower with Radar,45,46,31,11,133,0,4,61,3,68,45,50,92,14,201,44,0,44,245
08/14/2022,ICT,KS,ACE,CE,Combined TRACON& Tower with Radar,42,63,53,30,188,0,6,50,0,56,42,69,103,30,244,30,0,30,274
08/15/2022,ICT,KS,ACE,CE,Combined TRACON& Tower with Radar,44,60,79,43,226,0,5,63,6,74,44,65,142,49,300,66,6,72,372
08/16/2022,ICT,KS,ACE,CE,Combined TRACON& Tower with Radar,50,53,93,58,254,1,2,54,2,59,51,55,147,60,313,50,28,78,391
08/17/2022,ICT,KS,ACE,CE,Combined TRACON& Tower with Radar,49,59,100,88,296,0,4,27,5,36,49,63,127,93,332,96,20,116,448
08/18/2022,ICT,KS,ACE,CE,Combined TRACON& Tower with Radar,45,45,99,56,245,0,1,82,5,88,45,46,181,61,333,92,110,202,535
08/19/2022,ICT,KS,ACE,CE,Combined TRACON& Tower with Radar,55,61,75,35,226,0,1,54,6,61,55,62,129,41,287,84,20,104,391
08/20/2022,ICT,KS,ACE,CE,Combined TRACON& Tower with Radar,41,41,55,19,156,0,6,25,1,32,41,47,80,20,188,38,8,46,234
08/21/2022,ICT,KS,ACE,CE,Combined TRACON& Tower with Radar,32,35,34,35,136,0,6,38,3,47,32,41,72,38,183,24,0,24,207
08/22/2022,ICT,KS,ACE,CE,Combined TRACON& Tower with Radar,42,48,63,50,203,0,2,70,7,79,42,50,133,57,282,72,22,94,376
08/23/2022,ICT,KS,ACE,CE,Combined TRACON& Tower with Radar,53,61,66,95,275,0,11,74,9,94,53,72,140,104,369,108,48,156,525
08/24/2022,ICT,KS,ACE,CE,Combined TRACON& Tower with Radar,52,56,84,51,243,0,3,76,12,91,52,59,160,63,334,128,12,140,474
08/25/2022,ICT,KS,ACE,CE,Combined TRACON& Tower with Radar,49,51,94,60,254,0,4,72,6,82,49,55,166,66,336,176,68,244,580
08/26/2022,ICT,KS,ACE,CE,Combined TRACON& Tower with Radar,52,48,85,49,234,0,10,49,6,65,52,58,134,55,299,82,42,124,423
08/27/2022,ICT,KS,ACE,CE,Combined TRACON& Tower with Radar,38,38,31,2,109,0,5,25,5,35,38,43,56,7,144,28,0,28,172
08/28/2022,ICT,KS,ACE,CE,Combined TRACON& Tower with Radar,40,40,55,28,163,0,2,27,1,30,40,42,82,29,193,32,0,32,225
08/29/2022,ICT,KS,ACE,CE,Combined TRACON& Tower with Radar,53,55,75,58,241,0,3,43,2,48,53,58,118,60,289,36,66,102,391
08/30/2022,ICT,KS,ACE,CE,Combined TRACON& Tower with Radar,50,62,83,56,251,0,15,77,2,94,50,77,160,58,345,76,68,144,489
08/31/2022,ICT,KS,ACE,CE,Combined TRACON& Tower with Radar,55,57,89,49,250,0,5,85,2,92,55,62,174,51,342,88,64,152,494
09/01/2022,ICT,KS,ACE,CE,Combined TRACON& Tower with Radar,45,51,82,51,229,0,2,50,6,58,45,53,132,57,287,54,34,88,375
09/02/2022,ICT,KS,ACE,CE,Combined TRACON& Tower with Radar,58,53,70,3,184,0,2,30,3,35,58,55,100,6,219,48,0,48,267
09/03/2022,ICT,KS,ACE,CE,Combined TRACON& Tower with Radar,39,37,31,0,107,0,7,49,8,64,39,44,80,8,171,96,0,96,267
09/04/2022,ICT,KS,ACE,CE,Combined TRACON& Tower with Radar,33,45,19,0,97,0,7,22,1,30,33,52,41,1,127,26,0,26,153
09/05/2022,ICT,KS,ACE,CE,Combined TRACON& Tower with Radar,43,37,27,0,107,0,5,41,2,48,43,42,68,2,155,60,0,60,215
09/06/2022,ICT,KS,ACE,CE,Combined TRACON& Tower with Radar,47,78,62,82,269,1,11,61,4,77,48,89,123,86,346,50,16,66,412
09/07/2022,ICT,KS,ACE,CE,Combined TRACON& Tower with Radar,51,66,87,73,277,0,16,73,9,98,51,82,160,82,375,82,48,130,505
09/08/2022,ICT,KS,ACE,CE,Combined TRACON& Tower with Radar,49,67,83,69,268,0,8,67,6,81,49,75,150,75,349,94,4,98,447
09/09/2022,ICT,KS,ACE,CE,Combined TRACON& Tower with Radar,54,63,54,31,202,0,7,68,4,79,54,70,122,35,281,96,12,108,389
09/10/2022,ICT,KS,ACE,CE,Combined TRACON& Tower with Radar,36,36,38,0,110,0,0,21,2,23,36,36,59,2,133,22,0,22,155
09/11/2022,ICT,KS,ACE,CE,Combined TRACON& Tower with Radar,43,50,45,3,141,0,9,59,1,69,43,59,104,4,210,38,0,38,248
09/12/2022,ICT,KS,ACE,CE,Combined TRACON& Tower with Radar,46,51,65,39,201,0,4,58,4,66,46,55,123,43,267,46,20,66,333
09/13/2022,ICT,KS,ACE,CE,Combined TRACON& Tower with Radar,46,43,77,68,234,1,3,59,2,65,47,46,136,70,299,36,46,82,381
09/14/2022,ICT,KS,ACE,CE,Combined TRACON& Tower with Radar,48,59,70,32,209,0,2,49,2,53,48,61,119,34,262,42,28,70,332
09/15/2022,ICT,KS,ACE,CE,Combined TRACON& Tower with Radar,50,60,66,10,186,0,8,51,8,67,50,68,117,18,253,44,0,44,297
09/16/2022,ICT,KS,ACE,CE,Combined TRACON& Tower with Radar,52,56,60,34,202,0,5,49,2,56,52,61,109,36,258,66,16,82,340
09/17/2022,ICT,KS,ACE,CE,Combined TRACON& Tower with Radar,38,42,34,0,114,0,6,20,4,30,38,48,54,4,144,44,0,44,188
09/18/2022,ICT,KS,ACE,CE,Combined TRACON& Tower with Radar,44,36,35,4,119,0,14,19,0,33,44,50,54,4,152,12,6,18,170
09/19/2022,ICT,KS,ACE,CE,Combined TRACON& Tower with Radar,50,59,51,26,186,0,1,44,4,49,50,60,95,30,235,16,14,30,265
09/20/2022,ICT,KS,ACE,CE,Combined TRACON& Tower with Radar,47,57,65,63,232,0,14,63,2,79,47,71,128,65,311,78,40,118,429
09/21/2022,ICT,KS,ACE,CE,Combined TRACON& Tower with Radar,52,62,80,43,237,0,8,45,8,61,52,70,125,51,298,12,52,64,362
09/22/2022,ICT,KS,ACE,CE,Combined TRACON& Tower with Radar,53,52,81,12,198,0,1,12,0,13,53,53,93,12,211,10,0,10,221
09/23/2022,ICT,KS,ACE,CE,Combined TRACON& Tower with Radar,55,57,91,2,205,0,13,64,7,84,55,70,155,9,289,112,0,112,401
09/24/2022,ICT,KS,ACE,CE,Combined TRACON& Tower with Radar,39,47,23,11,120,0,5,38,5,48,39,52,61,16,168,62,28,90,258
09/25/2022,ICT,KS,ACE,CE,Combined TRACON& Tower with Radar,41,42,61,25,169,0,7,44,4,55,41,49,105,29,224,20,0,20,244
09/26/2022,ICT,KS,ACE,CE,Combined TRACON& Tower with Radar,49,52,75,42,218,0,6,65,2,73,49,58,140,44,291,74,2,76,367
09/27/2022,ICT,KS,ACE,CE,Combined TRACON& Tower with Radar,46,55,75,27,203,0,6,91,2,99,46,61,166,29,302,24,2,26,328
09/28/2022,ICT,KS,ACE,CE,Combined TRACON& Tower with Radar,48,50,76,26,200,0,6,63,4,73,48,56,139,30,273,78,0,78,351
09/29/2022,ICT,KS,ACE,CE,Combined TRACON& Tower with Radar,55,60,66,17,198,0,1,73,6,80,55,61,139,23,278,104,0,104,382
09/30/2022,ICT,KS,ACE,CE,Combined TRACON& Tower with Radar,57,54,63,17,191,0,4,72,2,78,57,58,135,19,269,80,14,94,363
10/01/2022,ICT,KS,ACE,CE,Combined TRACON& Tower with Radar,38,35,51,2,126,0,2,42,2,46,38,37,93,4,172,44,0,44,216
10/02/2022,ICT,KS,ACE,CE,Combined TRACON& Tower with Radar,44,33,50,14,141,0,3,61,4,68,44,36,111,18,209,54,0,54,263
10/03/2022,ICT,KS,ACE,CE,Combined TRACON& Tower with Radar,49,59,78,41,227,0,3,69,5,77,49,62,147,46,304,52,40,92,396
10/04/2022,ICT,KS,ACE,CE,Combined TRACON& Tower with Radar,51,55,83,49,238,0,2,54,2,58,51,57,137,51,296,94,42,136,432
10/05/2022,ICT,KS,ACE,CE,Combined TRACON& Tower with Radar,52,56,90,46,244,0,6,56,6,68,52,62,146,52,312,50,14,64,376
10/06/2022,ICT,KS,ACE,CE,Combined TRACON& Tower with Radar,53,58,76,30,217,0,2,59,8,69,53,60,135,38,286,120,26,146,432
10/07/2022,ICT,KS,ACE,CE,Combined TRACON& Tower with Radar,56,55,97,29,237,0,0,56,9,65,56,55,153,38,302,26,46,72,374
10/08/2022,ICT,KS,ACE,CE,Combined TRACON& Tower with Radar,37,38,35,2,112,0,5,38,3,46,37,43,73,5,158,112,0,112,270
10/09/2022,ICT,KS,ACE,CE,Combined TRACON& Tower with Radar,45,27,47,0,119,0,3,37,1,41,45,30,84,1,160,82,0,82,242
10/10/2022,ICT,KS,ACE,CE,Combined TRACON& Tower with Radar,47,47,56,2,152,0,3,61,3,67,47,50,117,5,219,64,0,64,283
10/11/2022,ICT,KS,ACE,CE,Combined TRACON& Tower with Radar,48,58,83,62,251,0,9,27,0,36,48,67,110,62,287,44,50,94,381
10/12/2022,ICT,KS,ACE,CE,Combined TRACON& Tower with Radar,54,53,80,46,233,0,2,43,6,51,54,55,123,52,284,78,4,82,366
10/13/2022,ICT,KS,ACE,CE,Combined TRACON& Tower with Radar,53,58,58,22,191,0,4,57,11,72,53,62,115,33,263,60,0,60,323
10/14/2022,ICT,KS,ACE,CE,Combined TRACON& Tower with Radar,57,47,58,40,202,0,7,57,9,73,57,54,115,49,275,48,22,70,345
10/15/2022,ICT,KS,ACE,CE,Combined TRACON& Tower with Radar,39,35,44,2,120,0,6,67,3,76,39,41,111,5,196,44,0,44,240
10/16/2022,ICT,KS,ACE,CE,Combined TRACON& Tower with Radar,45,39,54,15,153,0,15,46,6,67,45,54,100,21,220,56,0,56,276
10/17/2022,ICT,KS,ACE,CE,Combined TRACON& Tower with Radar,51,45,60,80,236,0,6,55,6,67,51,51,115,86,303,32,30,62,365
10/18/2022,ICT,KS,ACE,CE,Combined TRACON& Tower with Radar,47,67,62,78,254,0,4,43,5,52,47,71,105,83,306,38,84,122,428
10/19/2022,ICT,KS,ACE,CE,Combined TRACON& Tower with Radar,54,56,59,69,238,0,5,76,3,84,54,61,135,72,322,106,32,138,460
10/20/2022,ICT,KS,ACE,CE,Combined TRACON& Tower with Radar,53,59,65,54,231,0,5,63,6,74,53,64,128,60,305,122,58,180,485
10/21/2022,ICT,KS,ACE,CE,Combined TRACON& Tower with Radar,55,55,67,28,205,0,4,61,10,75,55,59,128,38,280,144,22,166,446
10/22/2022,ICT,KS,ACE,CE,Combined TRACON& Tower with Radar,38,35,25,0,98,0,3,24,2,29,38,38,49,2,127,22,0,22,149
10/23/2022,ICT,KS,ACE,CE,Combined TRACON& Tower with Radar,48,31,25,4,108,0,0,3,0,3,48,31,28,4,111,0,0,0,111
10/24/2022,ICT,KS,ACE,CE,Combined TRACON& Tower with Radar,63,40,59,2,164,0,0,3,0,3,63,40,62,2,167,10,0,10,177
10/25/2022,ICT,KS,ACE,CE,Combined TRACON& Tower with Radar,48,61,84,97,290,0,8,58,4,70,48,69,142,101,360,24,34,58,418
10/26/2022,ICT,KS,ACE,CE,Combined TRACON& Tower with Radar,56,45,98,35,234,0,7,73,6,86,56,52,171,41,320,132,0,132,452
10/27/2022,ICT,KS,ACE,CE,Combined TRACON& Tower with Radar,60,52,81,34,227,0,1,34,2,37,60,53,115,36,264,36,8,44,308
10/28/2022,ICT,KS,ACE,CE,Combined TRACON& Tower with Radar,51,64,65,58,238,0,4,79,3,86,51,68,144,61,324,140,20,160,484
10/29/2022,ICT,KS,ACE,CE,Combined TRACON& Tower with Radar,36,44,36,0,116,0,5,52,1,58,36,49,88,1,174,64,0,64,238
10/30/2022,ICT,KS,ACE,CE,Combined TRACON& Tower with Radar,43,47,50,16,156,0,4,50,4,58,43,51,100,20,214,30,0,30,244
10/31/2022,ICT,KS,ACE,CE,Combined TRACON& Tower with Radar,47,34,65,58,204,1,9,66,4,80,48,43,131,62,284,220,28,248,532
11/01/2022,ICT,KS,ACE,CE,Combined TRACON& Tower with Radar,52,52,82,50,236,0,5,97,10,112,52,57,179,60,348,80,4,84,432
11/02/2022,ICT,KS,ACE,CE,Combined TRACON& Tower with Radar,52,52,53,74,231,0,0,38,12,50,52,52,91,86,281,12,38,50,331
11/03/2022,ICT,KS,ACE,CE,Combined TRACON& Tower with Radar,52,51,88,21,212,0,0,2,4,6,52,51,90,25,218,6,6,12,230
11/04/2022,ICT,KS,ACE,CE,Combined TRACON& Tower with Radar,54,37,24,0,115,0,0,0,0,0,54,37,24,0,115,0,0,0,115
11/05/2022,ICT,KS,ACE,CE,Combined TRACON& Tower with Radar,38,46,36,8,128,0,6,40,10,56,38,52,76,18,184,52,0,52,236
11/06/2022,ICT,KS,ACE,CE,Combined TRACON& Tower with Radar,40,38,48,1,127,0,5,52,0,57,40,43,100,1,184,90,0,90,274
11/07/2022,ICT,KS,ACE,CE,Combined TRACON& Tower with Radar,44,45,71,49,209,2,6,50,4,62,46,51,121,53,271,50,84,134,405
11/08/2022,ICT,KS,ACE,CE,Combined TRACON& Tower with Radar,48,56,73,5,182,0,0,0,0,0,48,56,73,5,182,0,0,0,182
11/09/2022,ICT,KS,ACE,CE,Combined TRACON& Tower with Radar,58,49,84,41,232,0,7,12,2,21,58,56,96,43,253,26,6,32,285
11/10/2022,ICT,KS,ACE,CE,Combined TRACON& Tower with Radar,48,52,90,8,198,0,8,17,1,26,48,60,107,9,224,52,12,64,288
11/11/2022,ICT,KS,ACE,CE,Combined TRACON& Tower with Radar,49,51,51,15,166,0,6,58,11,75,49,57,109,26,241,82,0,82,323
11/12/2022,ICT,KS,ACE,CE,Combined TRACON& Tower with Radar,41,41,42,1,125,0,7,64,2,73,41,48,106,3,198,60,0,60,258
11/13/2022,ICT,KS,ACE,CE,Combined TRACON& Tower with Radar,42,29,56,5,132,0,6,49,1,56,42,35,105,6,188,52,0,52,240
11/14/2022,ICT,KS,ACE,CE,Combined TRACON& Tower with Radar,44,38,55,1,138,0,2,20,1,23,44,40,75,2,161,48,2,50,211
11/15/2022,ICT,KS,ACE,CE,Combined TRACON& Tower with Radar,55,54,74,71,254,0,8,89,7,104,55,62,163,78,358,140,0,140,498
11/16/2022,ICT,KS,ACE,CE,Combined TRACON& Tower with Radar,52,47,96,40,235,0,10,80,7,97,52,57,176,47,332,100,29,129,461
11/17/2022,ICT,KS,ACE,CE,Combined TRACON& Tower with Radar,52,41,53,15,161,0,4,70,8,82,52,45,123,23,243,174,0,174,417
11/18/2022,ICT,KS,ACE,CE,Combined TRACON& Tower with Radar,56,51,75,57,239,0,0,62,0,62,56,51,137,57,301,20,34,54,355
11/19/2022,ICT,KS,ACE,CE,Combined TRACON& Tower with Radar,47,34,30,0,111,0,2,52,1,55,47,36,82,1,166,56,0,56,222
11/20/2022,ICT,KS,ACE,CE,Combined TRACON& Tower with Radar,46,34,34,4,118,0,4,46,0,50,46,38,80,4,168,24,6,30,198
11/21/2022,ICT,KS,ACE,CE,Combined TRACON& Tower with Radar,46,44,51,37,178,0,6,71,4,81,46,50,122,41,259,74,30,104,363
11/22/2022,ICT,KS,ACE,CE,Combined TRACON& Tower with Radar,52,43,61,22,178,0,4,73,1,78,52,47,134,23,256,66,4,70,326
11/23/2022,ICT,KS,ACE,CE,Combined TRACON& Tower with Radar,56,45,68,21,190,0,0,2,1,3,56,45,70,22,193,0,0,0,193
11/24/2022,ICT,KS,ACE,CE,Combined TRACON& Tower with Radar,26,12,9,0,47,0,2,5,0,7,26,14,14,0,54,0,0,0,54
11/25/2022,ICT,KS,ACE,CE,Combined TRACON& Tower with Radar,43,31,41,0,115,0,4,42,3,49,43,35,83,3,164,46,0,46,210
11/26/2022,ICT,KS,ACE,CE,Combined TRACON& Tower with Radar,47,34,41,0,122,0,2,10,0,12,47,36,51,0,134,20,0,20,154
11/27/2022,ICT,KS,ACE,CE,Combined TRACON& Tower with Radar,45,35,48,0,128,0,5,42,0,47,45,40,90,0,175,86,0,86,261
11/28/2022,ICT,KS,ACE,CE,Combined TRACON& Tower with Radar,49,41,84,32,206,0,9,59,5,73,49,50,143,37,279,36,16,52,331
11/29/2022,ICT,KS,ACE,CE,Combined TRACON& Tower with Radar,48,46,81,20,195,0,0,10,0,10,48,46,91,20,205,22,0,22,227
11/30/2022,ICT,KS,ACE,CE,Combined TRACON& Tower with Radar,51,54,99,51,255,0,12,100,4,116,51,66,199,55,371,228,32,260,631
12/01/2022,ICT,KS,ACE,CE,Combined TRACON& Tower with Radar,56,57,81,11,205,0,1,30,5,36,56,58,111,16,241,18,0,18,259
12/02/2022,ICT,KS,ACE,CE,Combined TRACON& Tower with Radar,55,47,64,40,206,0,0,19,4,23,55,47,83,44,229,8,28,36,265
12/03/2022,ICT,KS,ACE,CE,Combined TRACON& Tower with Radar,39,44,56,0,139,0,5,56,3,64,39,49,112,3,203,56,0,56,259
12/04/2022,ICT,KS,ACE,CE,Combined TRACON& Tower with Radar,41,38,55,4,138,0,5,44,4,53,41,43,99,8,191,64,0,64,255
12/05/2022,ICT,KS,ACE,CE,Combined TRACON& Tower with Radar,49,59,82,24,214,0,0,6,0,6,49,59,88,24,220,0,0,0,220
12/06/2022,ICT,KS,ACE,CE,Combined TRACON& Tower with Radar,49,51,90,40,230,0,5,14,1,20,49,56,104,41,250,56,22,78,328
12/07/2022,ICT,KS,ACE,CE,Combined TRACON& Tower with Radar,56,50,71,36,213,0,3,4,0,7,56,53,75,36,220,0,0,0,220
12/08/2022,ICT,KS,ACE,CE,Combined TRACON& Tower with Radar,55,52,90,4,201,0,0,1,0,1,55,52,91,4,202,10,0,10,212
12/09/2022,ICT,KS,ACE,CE,Combined TRACON& Tower with Radar,57,72,64,48,241,0,8,83,8,99,57,80,147,56,340,156,26,182,522
12/10/2022,ICT,KS,ACE,CE,Combined TRACON& Tower with Radar,41,40,40,31,152,0,1,24,0,25,41,41,64,31,177,52,14,66,243
12/11/2022,ICT,KS,ACE,CE,Combined TRACON& Tower with Radar,42,29,42,26,139,0,0,0,0,0,42,29,42,26,139,0,0,0,139
12/12/2022,ICT,KS,ACE,CE,Combined TRACON& Tower with Radar,47,56,72,8,183,0,0,1,0,1,47,56,73,8,184,0,0,0,184
12/13/2022,ICT,KS,ACE,CE,Combined TRACON& Tower with Radar,40,47,81,56,224,0,1,33,4,38,40,48,114,60,262,20,34,54,316
12/14/2022,ICT,KS,ACE,CE,Combined TRACON& Tower with Radar,47,44,87,25,203,0,4,39,6,49,47,48,126,31,252,20,8,28,280
12/15/2022,ICT,KS,ACE,CE,Combined TRACON& Tower with Radar,53,45,57,9,164,0,3,39,0,42,53,48,96,9,206,6,0,6,212
12/16/2022,ICT,KS,ACE,CE,Combined TRACON& Tower with Radar,58,48,82,14,202,0,4,34,2,40,58,52,116,16,242,38,0,38,280
12/17/2022,ICT,KS,ACE,CE,Combined TRACON& Tower with Radar,49,34,41,1,125,0,5,67,2,74,49,39,108,3,199,14,0,14,213
12/18/2022,ICT,KS,ACE,CE,Combined TRACON& Tower with Radar,49,36,39,0,124,0,3,53,3,59,49,39,92,3,183,50,0,50,233
12/19/2022,ICT,KS,ACE,CE,Combined TRACON& Tower with Radar,49,40,66,2,157,0,1,51,2,54,49,41,117,4,211,44,0,44,255
12/20/2022,ICT,KS,ACE,CE,Combined TRACON& Tower with Radar,53,52,63,15,183,0,0,8,0,8,53,52,71,15,191,26,0,26,217
12/21/2022,ICT,KS,ACE,CE,Combined TRACON& Tower with Radar,58,51,54,0,163,0,0,0,0,0,58,51,54,0,163,0,0,0,163
12/22/2022,ICT,KS,ACE,CE,Combined TRACON& Tower with Radar,26,18,27,0,71,0,1,3,2,6,26,19,30,2,77,4,0,4,81
12/23/2022,ICT,KS,ACE,CE,Combined TRACON& Tower with Radar,42,39,62,3,146,0,8,19,5,32,42,47,81,8,178,16,0,16,194
12/24/2022,ICT,KS,ACE,CE,Combined TRACON& Tower with Radar,39,23,15,1,78,0,9,17,2,28,39,32,32,3,106,6,0,6,112
12/25/2022,ICT,KS,ACE,CE,Combined TRACON& Tower with Radar,30,19,7,0,56,0,6,5,0,11,30,25,12,0,67,0,0,0,67
12/26/2022,ICT,KS,ACE,CE,Combined TRACON& Tower with Radar,41,30,39,0,110,2,2,6,0,10,43,32,45,0,120,0,0,0,120
12/27/2022,ICT,KS,ACE,CE,Combined TRACON& Tower with Radar,43,34,53,1,131,0,6,21,4,31,43,40,74,5,162,6,0,6,168
12/28/2022,ICT,KS,ACE,CE,Combined TRACON& Tower with Radar,56,37,52,2,147,0,6,27,2,35,56,43,79,4,182,34,0,34,216
12/29/2022,ICT,KS,ACE,CE,Combined TRACON& Tower with Radar,54,39,50,0,143,0,1,24,1,26,54,40,74,1,169,18,0,18,187
12/30/2022,ICT,KS,ACE,CE,Combined TRACON& Tower with Radar,61,47,65,4,177,0,6,47,2,55,61,53,112,6,232,68,0,68,300
12/31/2022,ICT,KS,ACE,CE,Combined TRACON& Tower with Radar,44,23,26,0,93,0,5,32,2,39,44,28,58,2,132,16,0,16,148
01/01/2023,ICT,KS,ACE,CE,Combined TRACON& Tower with Radar,39,25,24,0,88,0,0,12,0,12,39,25,36,0,100,14,0,14,114
01/02/2023,ICT,KS,ACE,CE,Combined TRACON& Tower with Radar,45,24,26,0,95,0,0,0,0,0,45,24,26,0,95,0,0,0,95
01/03/2023,ICT,KS,ACE,CE,Combined TRACON& Tower with Radar,53,42,55,12,162,0,0,27,0,27,53,42,82,12,189,58,0,58,247
01/04/2023,ICT,KS,ACE,CE,Combined TRACON& Tower with Radar,55,42,41,11,149,0,7,63,1,71,55,49,104,12,220,70,0,70,290
01/05/2023,ICT,KS,ACE,CE,Combined TRACON& Tower with Radar,50,38,64,56,208,0,7,68,4,79,50,45,132,60,287,76,74,150,437
01/06/2023,ICT,KS,ACE,CE,Combined TRACON& Tower with Radar,49,37,48,68,202,2,5,71,4,82,51,42,119,72,284,64,28,92,376
01/07/2023,ICT,KS,ACE,CE,Combined TRACON& Tower with Radar,40,50,39,2,131,0,3,60,7,70,40,53,99,9,201,71,0,71,272
01/08/2023,ICT,KS,ACE,CE,Combined TRACON& Tower with Radar,46,24,42,16,128,0,4,54,0,58,46,28,96,16,186,80,16,96,282
01/09/2023,ICT,KS,ACE,CE,Combined TRACON& Tower with Radar,47,31,53,58,189,0,2,58,8,68,47,33,111,66,257,32,34,66,323
01/10/2023,ICT,KS,ACE,CE,Combined TRACON& Tower with Radar,43,52,71,62,228,0,5,89,4,98,43,57,160,66,326,82,8,90,416
01/11/2023,ICT,KS,ACE,CE,Combined TRACON& Tower with Radar,39,51,57,38,185,0,4,60,7,71,39,55,117,45,256,72,30,102,358
01/12/2023,ICT,KS,ACE,CE,Combined TRACON& Tower with Radar,45,55,61,69,230,0,4,28,2,34,45,59,89,71,264,20,24,44,308
01/13/2023,ICT,KS,ACE,CE,Combined TRACON& Tower with Radar,50,42,79,23,194,0,7,66,2,75,50,49,145,25,269,150,2,152,421
01/14/2023,ICT,KS,ACE,CE,Combined TRACON& Tower with Radar,28,31,35,0,94,0,5,33,0,38,28,36,68,0,132,26,0,26,158
01/15/2023,ICT,KS,ACE,CE,Combined TRACON& Tower with Radar,35,31,19,0,85,0,5,6,0,11,35,36,25,0,96,14,0,14,110
01/16/2023,ICT,KS,ACE,CE,Combined TRACON& Tower with Radar,41,29,37,0,107,0,4,42,0,46,41,33,79,0,153,32,0,32,185
01/17/2023,ICT,KS,ACE,CE,Combined TRACON& Tower with Radar,45,45,59,50,199,0,4,66,2,72,45,49,125,52,271,48,60,108,379
01/18/2023,ICT,KS,ACE,CE,Combined TRACON& Tower with Radar,50,52,55,12,169,0,0,16,4,20,50,52,71,16,189,34,0,34,223
01/19/2023,ICT,KS,ACE,CE,Combined TRACON& Tower with Radar,47,44,59,18,168,0,6,46,0,52,47,50,105,18,220,60,12,72,292
01/20/2023,ICT,KS,ACE,CE,Combined TRACON& Tower with Radar,51,46,49,68,214,0,15,79,2,96,51,61,128,70,310,177,26,203,513
01/21/2023,ICT,KS,ACE,CE,Combined TRACON& Tower with Radar,34,26,13,0,73,0,0,0,0,0,34,26,13,0,73,6,0,6,79
01/22/2023,ICT,KS,ACE,CE,Combined TRACON& Tower with Radar,45,37,25,4,111,0,2,9,0,11,45,39,34,4,122,50,0,50,172
01/23/2023,ICT,KS,ACE,CE,Combined TRACON& Tower with Radar,43,39,35,52,169,0,14,32,1,47,43,53,67,53,216,66,10,76,292
01/24/2023,ICT,KS,ACE,CE,Combined TRACON& Tower with Radar,45,51,34,0,130,0,0,8,0,8,45,51,42,0,138,2,0,2,140
01/25/2023,ICT,KS,ACE,CE,Combined TRACON& Tower with Radar,46,55,53,45,199,0,6,29,4,39,46,61,82,49,238,76,10,86,324
01/26/2023,ICT,KS,ACE,CE,Combined TRACON& Tower with Radar,51,41,62,25,179,0,12,59,3,74,51,53,121,28,253,84,14,98,351
01/27/2023,ICT,KS,ACE,CE,Combined TRACON& Tower with Radar,51,35,75,52,213,0,12,79,7,98,51,47,154,59,311,109,6,115,426
01/28/2023,ICT,KS,ACE,CE,Combined TRACON& Tower with Radar,35,49,45,0,129,0,3,38,3,44,35,52,83,3,173,72,0,72,245
01/29/2023,ICT,KS,ACE,CE,Combined TRACON& Tower with Radar,38,39,24,10,111,0,0,0,0,0,38,39,24,10,111,12,0,12,123
01/30/2023,ICT,KS,ACE,CE,Combined TRACON& Tower with Radar,53,38,75,31,197,0,2,16,0,18,53,40,91,31,215,44,26,70,285
01/31/2023,ICT,KS,ACE,CE,Combined TRACON& Tower with Radar,36,37,54,86,213,0,7,22,12,41,36,44,76,98,254,34,10,44,298
02/01/2023,ICT,KS,ACE,CE,Combined TRACON& Tower with Radar,37,42,60,141,280,0,9,60,12,81,37,51,120,153,361,70,32,102,463
02/02/2023,ICT,KS,ACE,CE,Combined TRACON& Tower with Radar,39,53,73,74,239,0,2,68,7,77,39,55,141,81,316,76,42,118,434
02/03/2023,ICT,KS,ACE,CE,Combined TRACON& Tower with Radar,54,39,75,14,182,0,0,59,4,63,54,39,134,18,245,84,0,84,329
02/04/2023,ICT,KS,ACE,CE,Combined TRACON& Tower with Radar,40,33,24,3,100,0,3,19,3,25,40,36,43,6,125,46,0,46,171
02/05/2023,ICT,KS,ACE,CE,Combined TRACON& Tower with Radar,47,37,43,13,140,0,7,52,1,60,47,44,95,14,200,54,10,64,264
02/06/2023,ICT,KS,ACE,CE,Combined TRACON& Tower with Radar,48,39,51,17,155,0,4,33,3,40,48,43,84,20,195,36,4,40,235
02/07/2023,ICT,KS,ACE,CE,Combined TRACON& Tower with Radar,45,41,62,129,277,0,3,57,2,62,45,44,119,131,339,14,18,32,371
02/08/2023,ICT,KS,ACE,CE,Combined TRACON& Tower with Radar,49,40,61,42,192,0,0,22,2,24,49,40,83,44,216,74,14,88,304
02/09/2023,ICT,KS,ACE,CE,Combined TRACON& Tower with Radar,52,50,55,9,166,0,2,23,2,27,52,52,78,11,193,6,0,6,199
02/10/2023,ICT,KS,ACE,CE,Combined TRACON& Tower with Radar,53,47,66,77,243,0,8,48,7,63,53,55,114,84,306,54,6,60,366
02/11/2023,ICT,KS,ACE,CE,Combined TRACON& Tower with Radar,35,38,43,0,116,0,5,57,2,64,35,43,100,2,180,60,0,60,240
02/12/2023,ICT,KS,ACE,CE,Combined TRACON& Tower with Radar,43,36,17,4,100,0,1,30,1,32,43,37,47,5,132,32,0,32,164
02/13/2023,ICT,KS,ACE,CE,Combined TRACON& Tower with Radar,45,38,56,48,187,0,6,76,8,90,45,44,132,56,277,24,12,36,313
02/14/2023,ICT,KS,ACE,CE,Combined TRACON& Tower with Radar,47,44,37,21,149,0,3,2,2,7,47,47,39,23,156,14,18,32,188
02/15/2023,ICT,KS,ACE,CE,Combined TRACON& Tower with Radar,48,43,57,8,156,0,1,8,1,10,48,44,65,9,166,56,0,56,222
02/16/2023,ICT,KS,ACE,CE,Combined TRACON& Tower with Radar,50,47,63,11,171,0,0,7,4,11,50,47,70,15,182,34,2,36,218
02/17/2023,ICT,KS,ACE,CE,Combined TRACON& Tower with Radar,54,33,91,30,208,0,8,77,13,98,54,41,168,43,306,130,32,162,468
02/18/2023,ICT,KS,ACE,CE,Combined TRACON& Tower with Radar,38,31,22,1,92,0,3,20,3,26,38,34,42,4,118,2,0,2,120
02/19/2023,ICT,KS,ACE,CE,Combined TRACON& Tower with Radar,41,31,36,0,108,0,6,49,3,58,41,37,85,3,166,80,0,80,246
02/20/2023,ICT,KS,ACE,CE,Combined TRACON& Tower with Radar,46,40,72,1,159,0,5,79,1,85,46,45,151,2,244,32,0,32,276
02/21/2023,ICT,KS,ACE,CE,Combined TRACON& Tower with Radar,50,51,73,52,226,0,9,53,5,67,50,60,126,57,293,20,2,22,315
02/22/2023,ICT,KS,ACE,CE,Combined TRACON& Tower with Radar,51,63,61,63,238,0,0,25,1,26,51,63,86,64,264,0,16,16,280
02/23/2023,ICT,KS,ACE,CE,Combined TRACON& Tower with Radar,57,53,82,91,283,0,4,57,9,70,57,57,139,100,353,76,2,78,431
02/24/2023,ICT,KS,ACE,CE,Combined TRACON& Tower with Radar,51,38,59,10,158,0,0,39,1,40,51,38,98,11,198,22,4,26,224
02/25/2023,ICT,KS,ACE,CE,Combined TRACON& Tower with Radar,42,45,60,9,156,0,1,36,3,40,42,46,96,12,196,122,0,122,318
02/26/2023,ICT,KS,ACE,CE,Combined TRACON& Tower with Radar,45,34,32,8,119,0,1,2,0,3,45,35,34,8,122,0,0,0,122
02/27/2023,ICT,KS,ACE,CE,Combined TRACON& Tower with Radar,52,51,82,43,228,0,3,37,10,50,52,54,119,53,278,82,22,104,382
02/28/2023,ICT,KS,ACE,CE,Combined TRACON& Tower with Radar,50,42,93,59,244,0,4,79,4,87,50,46,172,63,331,29,22,51,382
03/01/2023,ICT,KS,ACE,CE,Combined TRACON& Tower with Radar,45,46,138,42,271,0,2,70,8,80,45,48,208,50,351,70,26,96,447
03/02/2023,ICT,KS,ACE,CE,Combined TRACON& Tower with Radar,43,60,74,33,210,0,8,19,5,32,43,68,93,38,242,40,10,50,292
03/03/2023,ICT,KS,ACE,CE,Combined TRACON& Tower with Radar,52,55,83,27,217,0,3,63,7,73,52,58,146,34,290,78,14,92,382
03/04/2023,ICT,KS,ACE,CE,Combined TRACON& Tower with Radar,38,32,36,4,110,0,6,66,9,81,38,38,102,13,191,68,0,68,259
03/05/2023,ICT,KS,ACE,CE,Combined TRACON& Tower with Radar,42,43,64,1,150,0,6,30,4,40,42,49,94,5,190,34,4,38,228
03/06/2023,ICT,KS,ACE,CE,Combined TRACON& Tower with Radar,42,47,58,34,181,0,6,44,7,57,42,53,102,41,238,30,40,70,308
03/07/2023,ICT,KS,ACE,CE,Combined TRACON& Tower with Radar,44,52,80,49,225,0,3,14,8,25,44,55,94,57,250,38,8,46,296
03/08/2023,ICT,KS,ACE,CE,Combined TRACON& Tower with Radar,40,51,64,11,166,0,0,0,0,0,40,51,64,11,166,0,0,0,166
03/09/2023,ICT,KS,ACE,CE,Combined TRACON& Tower with Radar,45,67,98,50,260,0,2,9,1,12,45,69,107,51,272,2,10,12,284
03/10/2023,ICT,KS,ACE,CE,Combined TRACON& Tower with Radar,51,54,97,15,217,0,2,44,8,54,51,56,141,23,271,72,0,72,343
03/11/2023,ICT,KS,ACE,CE,Combined TRACON& Tower with Radar,38,37,55,2,132,0,0,1,0,1,38,37,56,2,133,0,0,0,133
03/12/2023,ICT,KS,ACE,CE,Combined TRACON& Tower with Radar,45,40,59,4,148,0,0,34,1,35,45,40,93,5,183,56,0,56,239
03/13/2023,ICT,KS,ACE,CE,Combined TRACON& Tower with Radar,41,45,98,41,225,0,6,73,7,86,41,51,171,48,311,58,30,88,399
03/14/2023,ICT,KS,ACE,CE,Combined TRACON& Tower with Radar,43,50,66,92,251,0,1,84,9,94,43,51,150,101,345,52,90,142,487
03/15/2023,ICT,KS,ACE,CE,Combined TRACON& Tower with Radar,40,43,70,16,169,0,5,25,8,38,40,48,95,24,207,2,16,18,225
03/16/2023,ICT,KS,ACE,CE,Combined TRACON& Tower with Radar,46,62,67,6,181,0,0,2,0,2,46,62,69,6,183,0,2,2,185
03/17/2023,ICT,KS,ACE,CE,Combined TRACON& Tower with Radar,49,59,84,46,238,0,4,74,7,85,49,63,158,53,323,70,54,124,447
03/18/2023,ICT,KS,ACE,CE,Combined TRACON& Tower with Radar,35,34,50,0,119,0,4,62,4,70,35,38,112,4,189,42,0,42,231
03/19/2023,ICT,KS,ACE,CE,Combined TRACON& Tower with Radar,44,34,42,0,120,0,3,52,2,57,44,37,94,2,177,88,0,88,265
03/20/2023,ICT,KS,ACE,CE,Combined TRACON& Tower with Radar,41,40,66,33,180,0,8,21,2,31,41,48,87,35,211,8,8,16,227
03/21/2023,ICT,KS,ACE,CE,Combined TRACON& Tower with Radar,42,69,82,41,234,0,2,9,1,12,42,71,91,42,246,18,0,18,264
03/22/2023,ICT,KS,ACE,CE,Combined TRACON& Tower with Radar,40,67,83,72,262,0,0,69,3,72,40,67,152,75,334,100,14,114,448
03/23/2023,ICT,KS,ACE,CE,Combined TRACON& Tower with Radar,47,61,84,80,272,0,3,50,6,59,47,64,134,86,331,72,0,72,403
03/24/2023,ICT,KS,ACE,CE,Combined TRACON& Tower with Radar,50,73,75,26,224,0,0,7,0,7,50,73,82,26,231,50,0,50,281
03/25/2023,ICT,KS,ACE,CE,Combined TRACON& Tower with Radar,35,26,41,18,120,0,9,43,3,55,35,35,84,21,175,54,4,58,233
03/26/2023,ICT,KS,ACE,CE,Combined TRACON& Tower with Radar,43,35,42,0,120,0,5,38,3,46,43,40,80,3,166,0,0,0,166
03/27/2023,ICT,KS,ACE,CE,Combined TRACON& Tower with Radar,46,43,73,39,201,0,2,69,8,79,46,45,142,47,280,154,26,180,460
03/28/2023,ICT,KS,ACE,CE,Combined TRACON& Tower with Radar,46,53,57,37,193,1,9,89,11,110,47,62,146,48,303,154,80,234,537
03/29/2023,ICT,KS,ACE,CE,Combined TRACON& Tower with Radar,42,54,81,44,221,0,5,76,10,91,42,59,157,54,312,74,18,92,404
03/30/2023,ICT,KS,ACE,CE,Combined TRACON& Tower with Radar,54,61,95,46,256,0,1,19,1,21,54,62,114,47,277,10,4,14,291
03/31/2023,ICT,KS,ACE,CE,Combined TRACON& Tower with Radar,48,53,53,0,154,0,2,9,0,11,48,55,62,0,165,0,0,0,165
04/01/2023,ICT,KS,ACE,CE,Combined TRACON& Tower with Radar,39,35,52,2,128,0,9,54,3,66,39,44,106,5,194,72,0,72,266
04/02/2023,ICT,KS,ACE,CE,Combined TRACON& Tower with Radar,45,32,63,12,152,0,3,26,1,30,45,35,89,13,182,0,0,0,182
04/03/2023,ICT,KS,ACE,CE,Combined TRACON& Tower with Radar,47,48,101,60,256,0,11,64,5,80,47,59,165,65,336,101,30,131,467
04/04/2023,ICT,KS,ACE,CE,Combined TRACON& Tower with Radar,46,56,71,16,189,0,4,37,4,45,46,60,108,20,234,12,32,44,278
04/05/2023,ICT,KS,ACE,CE,Combined TRACON& Tower with Radar,44,45,67,68,224,0,4,53,0,57,44,49,120,68,281,106,0,106,387
04/06/2023,ICT,KS,ACE,CE,Combined TRACON& Tower with Radar,50,54,77,47,228,0,10,84,11,105,50,64,161,58,333,138,22,160,493
04/07/2023,ICT,KS,ACE,CE,Combined TRACON& Tower with Radar,50,38,57,36,181,0,15,90,4,109,50,53,147,40,290,238,40,278,568
04/08/2023,ICT,KS,ACE,CE,Combined TRACON& Tower with Radar,42,38,50,11,141,1,6,71,1,79,43,44,121,12,220,92,8,100,320
04/09/2023,ICT,KS,ACE,CE,Combined TRACON& Tower with Radar,41,25,34,12,112,0,0,14,1,15,41,25,48,13,127,0,0,0,127
04/10/2023,ICT,KS,ACE,CE,Combined TRACON& Tower with Radar,43,44,74,41,202,0,9,60,1,70,43,53,134,42,272,70,58,128,400
04/11/2023,ICT,KS,ACE,CE,Combined TRACON& Tower with Radar,45,50,65,45,205,0,5,70,15,90,45,55,135,60,295,166,76,242,537
04/12/2023,ICT,KS,ACE,CE,Combined TRACON& Tower with Radar,47,43,80,67,237,0,5,79,6,90,47,48,159,73,327,53,24,77,404
04/13/2023,ICT,KS,ACE,CE,Combined TRACON& Tower with Radar,55,36,74,37,202,0,8,52,8,68,55,44,126,45,270,44,0,44,314
04/14/2023,ICT,KS,ACE,CE,Combined TRACON& Tower with Radar,50,46,50,0,146,0,4,52,4,60,50,50,102,4,206,32,0,32,238
04/15/2023,ICT,KS,ACE,CE,Combined TRACON& Tower with Radar,37,44,27,0,108,0,1,3,0,4,37,45,30,0,112,0,0,0,112
04/16/2023,ICT,KS,ACE,CE,Combined TRACON& Tower with Radar,43,28,31,6,108,0,4,29,0,33,43,32,60,6,141,4,0,4,145
04/17/2023,ICT,KS,ACE,CE,Combined TRACON& Tower with Radar,48,51,96,25,220,0,6,79,9,94,48,57,175,34,314,66,22,88,402
04/18/2023,ICT,KS,ACE,CE,Combined TRACON& Tower with Radar,47,62,55,12,176,3,0,36,3,42,50,62,91,15,218,28,0,28,246
04/19/2023,ICT,KS,ACE,CE,Combined TRACON& Tower with Radar,65,51,71,26,213,0,4,27,4,35,65,55,98,30,248,34,4,38,286
04/20/2023,ICT,KS,ACE,CE,Combined TRACON& Tower with Radar,52,61,64,37,214,0,10,60,6,76,52,71,124,43,290,32,8,40,330
04/21/2023,ICT,KS,ACE,CE,Combined TRACON& Tower with Radar,47,52,82,37,218,0,6,113,7,126,47,58,195,44,344,112,8,120,464
04/22/2023,ICT,KS,ACE,CE,Combined TRACON& Tower with Radar,38,33,35,1,107,0,4,47,2,53,38,37,82,3,160,46,0,46,206
04/23/2023,ICT,KS,ACE,CE,Combined TRACON& Tower with Radar,46,33,39,1,119,0,1,62,2,65,46,34,101,3,184,118,2,120,304
04/24/2023,ICT,KS,ACE,CE,Combined TRACON& Tower with Radar,45,56,77,8,186,0,1,56,7,64,45,57,133,15,250,94,0,94,344
04/25/2023,ICT,KS,ACE,CE,Combined TRACON& Tower with Radar,52,46,63,0,161,0,2,10,0,12,52,48,73,0,173,0,0,0,173
04/26/2023,ICT,KS,ACE,CE,Combined TRACON& Tower with Radar,48,44,102,3,197,0,0,22,1,23,48,44,124,4,220,34,0,34,254
04/27/2023,ICT,KS,ACE,CE,Combined TRACON& Tower with Radar,54,64,129,42,289,0,0,51,4,55,54,64,180,46,344,156,20,176,520
04/28/2023,ICT,KS,ACE,CE,Combined TRACON& Tower with Radar,46,47,108,2,203,0,2,5,0,7,46,49,113,2,210,0,0,0,210
04/29/2023,ICT,KS,ACE,CE,Combined TRACON& Tower with Radar,39,43,54,12,148,0,7,92,5,104,39,50,146,17,252,106,0,106,358
04/30/2023,ICT,KS,ACE,CE,Combined TRACON& Tower with Radar,44,37,51,7,139,0,5,35,1,41,44,42,86,8,180,36,0,36,216
05/01/2023,ICT,KS,ACE,CE,Combined TRACON& Tower with Radar,47,50,70,15,182,0,10,74,1,85,47,60,144,16,267,84,0,84,351
05/02/2023,ICT,KS,ACE,CE,Combined TRACON& Tower with Radar,46,54,70,30,200,0,7,82,11,100,46,61,152,41,300,74,0,74,374
05/03/2023,ICT,KS,ACE,CE,Combined TRACON& Tower with Radar,49,49,80,4,182,0,3,81,6,90,49,52,161,10,272,102,0,102,374
05/04/2023,ICT,KS,ACE,CE,Combined TRACON& Tower with Radar,63,36,66,45,210,0,1,32,10,43,63,37,98,55,253,56,72,128,381
05/05/2023,ICT,KS,ACE,CE,Combined TRACON& Tower with Radar,53,40,65,22,180,1,3,12,1,17,54,43,77,23,197,24,6,30,227
05/06/2023,ICT,KS,ACE,CE,Combined TRACON& Tower with Radar,38,23,49,4,114,0,5,66,4,75,38,28,115,8,189,76,6,82,271
05/07/2023,ICT,KS,ACE,CE,Combined TRACON& Tower with Radar,48,47,27,3,125,0,0,38,2,40,48,47,65,5,165,6,0,6,171
05/08/2023,ICT,KS,ACE,CE,Combined TRACON& Tower with Radar,50,41,64,27,182,0,2,55,8,65,50,43,119,35,247,48,12,60,307
05/09/2023,ICT,KS,ACE,CE,Combined TRACON& Tower with Radar,47,29,78,8,162,0,0,8,0,8,47,29,86,8,170,10,10,20,190
05/10/2023,ICT,KS,ACE,CE,Combined TRACON& Tower with Radar,48,40,83,23,194,0,2,45,5,52,48,42,128,28,246,82,0,82,328
05/11/2023,ICT,KS,ACE,CE,Combined TRACON& Tower with Radar,56,40,95,33,224,0,1,21,0,22,56,41,116,33,246,14,0,14,260
05/12/2023,ICT,KS,ACE,CE,Combined TRACON& Tower with Radar,55,53,56,50,214,0,7,45,7,59,55,60,101,57,273,38,24,62,335
05/13/2023,ICT,KS,ACE,CE,Combined TRACON& Tower with Radar,44,21,31,26,122,0,2,46,8,56,44,23,77,34,178,74,52,126,304
05/14/2023,ICT,KS,ACE,CE,Combined TRACON& Tower with Radar,48,23,36,18,125,0,0,10,0,10,48,23,46,18,135,22,0,22,157
05/15/2023,ICT,KS,ACE,CE,Combined TRACON& Tower with Radar,48,39,74,35,196,0,0,1,0,1,48,39,75,35,197,0,0,0,197
05/16/2023,ICT,KS,ACE,CE,Combined TRACON& Tower with Radar,53,40,143,39,275,0,2,17,2,21,53,42,160,41,296,32,8,40,336
05/17/2023,ICT,KS,ACE,CE,Combined TRACON& Tower with Radar,55,51,59,72,237,0,4,110,6,120,55,55,169,78,357,98,36,134,491
05/18/2023,ICT,KS,ACE,CE,Combined TRACON& Tower with Radar,55,39,71,35,200,0,4,80,10,94,55,43,151,45,294,82,26,108,402
05/19/2023,ICT,KS,ACE,CE,Combined TRACON& Tower with Radar,52,36,56,47,191,0,4,15,2,21,52,40,71,49,212,20,32,52,264
05/20/2023,ICT,KS,ACE,CE,Combined TRACON& Tower with Radar,47,33,50,9,139,0,4,64,11,79,47,37,114,20,218,128,2,130,348
05/21/2023,ICT,KS,ACE,CE,Combined TRACON& Tower with Radar,50,37,47,4,138,0,1,57,2,60,50,38,104,6,198,78,0,78,276
05/22/2023,ICT,KS,ACE,CE,Combined TRACON& Tower with Radar,47,40,70,40,197,0,3,64,1,68,47,43,134,41,265,106,0,106,371
05/23/2023,ICT,KS,ACE,CE,Combined TRACON& Tower with Radar,50,45,86,45,226,0,2,41,2,45,50,47,127,47,271,62,42,104,375
05/24/2023,ICT,KS,ACE,CE,Combined TRACON& Tower with Radar,53,46,78,66,243,0,0,54,11,65,53,46,132,77,308,98,34,132,440
05/25/2023,ICT,KS,ACE,CE,Combined TRACON& Tower with Radar,60,37,89,17,203,1,0,69,5,75,61,37,158,22,278,128,0,128,406
05/26/2023,ICT,KS,ACE,CE,Combined TRACON& Tower with Radar,54,43,79,0,176,0,8,77,3,88,54,51,156,3,264,86,0,86,350
05/27/2023,ICT,KS,ACE,CE,Combined TRACON& Tower with Radar,50,37,36,2,125,0,6,50,4,60,50,43,86,6,185,144,0,144,329
05/28/2023,ICT,KS,ACE,CE,Combined TRACON& Tower with Radar,44,23,41,0,108,0,3,39,0,42,44,26,80,0,150,46,0,46,196
05/29/2023,ICT,KS,ACE,CE,Combined TRACON& Tower with Radar,44,36,35,0,115,0,2,28,0,30,44,38,63,0,145,66,0,66,211
05/30/2023,ICT,KS,ACE,CE,Combined TRACON& Tower with Radar,45,44,86,47,222,0,3,57,2,62,45,47,143,49,284,76,0,76,360
05/31/2023,ICT,KS,ACE,CE,Combined TRACON& Tower with Radar,59,43,79,37,218,0,7,77,3,87,59,50,156,40,305,157,50,207,512
06/01/2023,ICT,KS,ACE,CE,Combined TRACON& Tower with Radar,57,36,62,12,167,0,2,16,1,19,57,38,78,13,186,32,0,32,218
06/02/2023,ICT,KS,ACE,CE,Combined TRACON& Tower with Radar,55,26,57,8,146,0,0,40,2,42,55,26,97,10,188,0,0,0,188
06/03/2023,ICT,KS,ACE,CE,Combined TRACON& Tower with Radar,59,21,46,2,128,1,0,27,7,35,60,21,73,9,163,20,26,46,209
06/04/2023,ICT,KS,ACE,CE,Combined TRACON& Tower with Radar,54,28,55,22,159,0,10,34,2,46,54,38,89,24,205,62,0,62,267
06/05/2023,ICT,KS,ACE,CE,Combined TRACON& Tower with Radar,58,35,56,36,185,0,3,40,2,45,58,38,96,38,230,18,8,26,256
06/06/2023,ICT,KS,ACE,CE,Combined TRACON& Tower with Radar,55,49,74,19,197,0,5,63,4,72,55,54,137,23,269,96,0,96,365
06/07/2023,ICT,KS,ACE,CE,Combined TRACON& Tower with Radar,66,46,64,36,212,0,4,103,8,115,66,50,167,44,327,56,2,58,385
06/08/2023,ICT,KS,ACE,CE,Combined TRACON& Tower with Radar,62,38,79,86,265,0,5,62,16,83,62,43,141,102,348,76,46,122,470
06/09/2023,ICT,KS,ACE,CE,Combined TRACON& Tower with Radar,61,38,56,22,177,0,4,40,10,54,61,42,96,32,231,54,44,98,329
06/10/2023,ICT,KS,ACE,CE,Combined TRACON& Tower with Radar,60,33,48,12,153,0,2,36,7,45,60,35,84,19,198,64,4,68,266
06/11/2023,ICT,KS,ACE,CE,Combined TRACON& Tower with Radar,59,28,48,9,144,0,7,21,0,28,59,35,69,9,172,0,0,0,172
06/12/2023,ICT,KS,ACE,CE,Combined TRACON& Tower with Radar,51,28,77,95,251,0,10,81,6,97,51,38,158,101,348,102,24,126,474
06/13/2023,ICT,KS,ACE,CE,Combined TRACON& Tower with Radar,57,49,84,34,224,0,2,91,24,117,57,51,175,58,341,74,44,118,459
06/14/2023,ICT,KS,ACE,CE,Combined TRACON& Tower with Radar,66,39,96,16,217,0,3,69,3,75,66,42,165,19,292,72,10,82,374
06/15/2023,ICT,KS,ACE,CE,Combined TRACON& Tower with Radar,59,41,96,12,208,0,2,114,4,120,59,43,210,16,328,104,16,120,448
06/16/2023,ICT,KS,ACE,CE,Combined TRACON& Tower with Radar,64,45,82,19,210,0,12,75,9,96,64,57,157,28,306,136,22,158,464
06/17/2023,ICT,KS,ACE,CE,Combined TRACON& Tower with Radar,55,27,53,0,135,0,0,54,2,56,55,27,107,2,191,68,0,68,259
06/18/2023,ICT,KS,ACE,CE,Combined TRACON& Tower with Radar,63,36,28,5,132,0,6,31,4,41,63,42,59,9,173,22,0,22,195
06/19/2023,ICT,KS,ACE,CE,Combined TRACON& Tower with Radar,51,46,70,3,170,0,10,82,5,97,51,56,152,8,267,92,0,92,359
06/20/2023,ICT,KS,ACE,CE,Combined TRACON& Tower with Radar,56,42,83,52,233,0,2,53,7,62,56,44,136,59,295,72,42,114,409
06/21/2023,ICT,KS,ACE,CE,Combined TRACON& Tower with Radar,64,31,85,2,182,0,6,60,0,66,64,37,145,2,248,92,0,92,340
06/22/2023,ICT,KS,ACE,CE,Combined TRACON& Tower with Radar,63,36,77,33,209,0,2,106,10,118,63,38,183,43,327,130,72,202,529
06/23/2023,ICT,KS,ACE,CE,Combined TRACON& Tower with Radar,57,22,69,72,220,0,4,84,6,94,57,26,153,78,314,122,40,162,476
06/24/2023,ICT,KS,ACE,CE,Combined TRACON& Tower with Radar,65,43,38,4,150,0,13,58,5,76,65,56,96,9,226,88,4,92,318
06/25/2023,ICT,KS,ACE,CE,Combined TRACON& Tower with Radar,52,23,49,16,140,0,3,42,6,51,52,26,91,22,191,40,6,46,237
06/26/2023,ICT,KS,ACE,CE,Combined TRACON& Tower with Radar,56,35,61,72,224,0,4,77,8,89,56,39,138,80,313,90,0,90,403
06/27/2023,ICT,KS,ACE,CE,Combined TRACON& Tower with Radar,58,28,84,14,184,0,2,49,6,57,58,30,133,20,241,22,0,22,263
06/28/2023,ICT,KS,ACE,CE,Combined TRACON& Tower with Radar,65,41,93,68,267,0,8,91,4,103,65,49,184,72,370,72,34,106,476
06/29/2023,ICT,KS,ACE,CE,Combined TRACON& Tower with Radar,61,44,94,31,230,0,14,73,3,90,61,58,167,34,320,68,0,68,388
06/30/2023,ICT,KS,ACE,CE,Combined TRACON& Tower with Radar,61,53,83,43,240,0,4,62,5,71,61,57,145,48,311,108,60,168,479
07/01/2023,ICT,KS,ACE,CE,Combined TRACON& Tower with Radar,61,35,41,0,137,0,6,30,5,41,61,41,71,5,178,38,0,38,216
07/02/2023,ICT,KS,ACE,CE,Combined TRACON& Tower with Radar,51,29,31,0,111,0,5,40,0,45,51,34,71,0,156,22,0,22,178
07/03/2023,ICT,KS,ACE,CE,Combined TRACON& Tower with Radar,44,22,24,0,90,0,2,54,2,58,44,24,78,2,148,30,0,30,178
07/04/2023,ICT,KS,ACE,CE,Combined TRACON& Tower with Radar,42,21,21,0,84,0,3,30,0,33,42,24,51,0,117,106,0,106,223
07/05/2023,ICT,KS,ACE,CE,Combined TRACON& Tower with Radar,62,30,38,0,130,0,0,14,0,14,62,30,52,0,144,52,0,52,196
07/06/2023,ICT,KS,ACE,CE,Combined TRACON& Tower with Radar,61,39,83,36,219,0,10,49,3,62,61,49,132,39,281,126,48,174,455
07/07/2023,ICT,KS,ACE,CE,Combined TRACON& Tower with Radar,65,27,42,0,134,0,4,24,0,28,65,31,66,0,162,0,0,0,162
07/08/2023,ICT,KS,ACE,CE,Combined TRACON& Tower with Radar,60,32,32,13,137,0,6,43,3,52,60,38,75,16,189,18,10,28,217
07/09/2023,ICT,KS,ACE,CE,Combined TRACON& Tower with Radar,52,29,44,9,134,0,12,66,3,81,52,41,110,12,215,50,0,50,265
07/10/2023,ICT,KS,ACE,CE,Combined TRACON& Tower with Radar,57,29,62,57,205,0,8,88,2,98,57,37,150,59,303,120,18,138,441
07/11/2023,ICT,KS,ACE,CE,Combined TRACON& Tower with Radar,59,40,85,44,228,0,2,61,1,64,59,42,146,45,292,118,18,136,428
07/12/2023,ICT,KS,ACE,CE,Combined TRACON& Tower with Radar,63,38,80,39,220,0,4,57,3,64,63,42,137,42,284,114,42,156,440
07/13/2023,ICT,KS,ACE,CE,Combined TRACON& Tower with Radar,64,44,81,54,243,0,4,59,1,64,64,48,140,55,307,66,12,78,385
07/14/2023,ICT,KS,ACE,CE,Combined TRACON& Tower with Radar,55,37,58,54,204,0,2,41,3,46,55,39,99,57,250,96,8,104,354
07/15/2023,ICT,KS,ACE,CE,Combined TRACON& Tower with Radar,62,31,48,8,149,0,8,71,0,79,62,39,119,8,228,130,0,130,358
07/16/2023,ICT,KS,ACE,CE,Combined TRACON& Tower with Radar,55,28,34,46,163,0,4,64,1,69,55,32,98,47,232,76,0,76,308
07/17/2023,ICT,KS,ACE,CE,Combined TRACON& Tower with Radar,55,46,82,63,246,0,0,91,3,94,55,46,173,66,340,60,20,80,420
07/18/2023,ICT,KS,ACE,CE,Combined TRACON& Tower with Radar,60,48,60,83,251,0,0,65,6,71,60,48,125,89,322,138,64,202,524
07/19/2023,ICT,KS,ACE,CE,Combined TRACON& Tower with Radar,67,47,124,50,288,0,1,27,3,31,67,48,151,53,319,24,0,24,343
07/20/2023,ICT,KS,ACE,CE,Combined TRACON& Tower with Radar,60,43,81,23,207,0,4,54,1,59,60,47,135,24,266,48,64,112,378
07/21/2023,ICT,KS,ACE,CE,Combined TRACON& Tower with Radar,64,32,65,32,193,0,0,63,2,65,64,32,128,34,258,104,30,134,392
07/22/2023,ICT,KS,ACE,CE,Combined TRACON& Tower with Radar,60,25,39,0,124,0,2,48,1,51,60,27,87,1,175,112,0,112,287
07/23/2023,ICT,KS,ACE,CE,Combined TRACON& Tower with Radar,59,24,43,0,126,0,3,58,0,61,59,27,101,0,187,120,0,120,307
07/24/2023,ICT,KS,ACE,CE,Combined TRACON& Tower with Radar,51,35,55,9,150,0,13,55,4,72,51,48,110,13,222,98,8,106,328
07/25/2023,ICT,KS,ACE,CE,Combined TRACON& Tower with Radar,65,35,56,23,179,0,4,49,3,56,65,39,105,26,235,34,40,74,309
07/26/2023,ICT,KS,ACE,CE,Combined TRACON& Tower with Radar,62,46,56,10,174,0,6,58,2,66,62,52,114,12,240,84,0,84,324
07/27/2023,ICT,KS,ACE,CE,Combined TRACON& Tower with Radar,61,42,49,41,193,0,5,68,8,81,61,47,117,49,274,42,8,50,324
07/28/2023,ICT,KS,ACE,CE,Combined TRACON& Tower with Radar,56,42,62,22,182,0,5,47,3,55,56,47,109,25,237,58,28,86,323
07/29/2023,ICT,KS,ACE,CE,Combined TRACON& Tower with Radar,65,30,25,2,122,0,10,36,0,46,65,40,61,2,168,46,0,46,214
07/30/2023,ICT,KS,ACE,CE,Combined TRACON& Tower with Radar,58,25,29,30,142,0,3,38,5,46,58,28,67,35,188,42,22,64,252
07/31/2023,ICT,KS,ACE,CE,Combined TRACON& Tower with Radar,51,37,90,49,227,0,7,55,7,69,51,44,145,56,296,64,22,86,382
08/01/2023,ICT,KS,ACE,CE,Combined TRACON& Tower with Radar,58,28,63,34,183,0,1,61,1,63,58,29,124,35,246,52,26,78,324
08/02/2023,ICT,KS,ACE,CE,Combined TRACON& Tower with Radar,64,51,78,36,229,0,6,55,3,64,64,57,133,39,293,58,46,104,397
08/03/2023,ICT,KS,ACE,CE,Combined TRACON& Tower with Radar,60,40,66,32,198,0,2,58,3,63,60,42,124,35,261,68,38,106,367
08/04/2023,ICT,KS,ACE,CE,Combined TRACON& Tower with Radar,57,39,56,20,172,0,5,60,0,65,57,44,116,20,237,62,0,62,299
08/05/2023,ICT,KS,ACE,CE,Combined TRACON& Tower with Radar,60,19,24,0,103,0,2,19,3,24,60,21,43,3,127,42,0,42,169
08/06/2023,ICT,KS,ACE,CE,Combined TRACON& Tower with Radar,57,33,42,6,138,0,7,40,1,48,57,40,82,7,186,52,0,52,238
08/07/2023,ICT,KS,ACE,CE,Combined TRACON& Tower with Radar,49,36,63,59,207,0,6,61,6,73,49,42,124,65,280,42,74,116,396
08/08/2023,ICT,KS,ACE,CE,Combined TRACON& Tower with Radar,54,36,66,40,196,0,6,40,3,49,54,42,106,43,245,74,8,82,327
08/09/2023,ICT,KS,ACE,CE,Combined TRACON& Tower with Radar,61,42,81,53,237,0,6,38,3,47,61,48,119,56,284,54,18,72,356
08/10/2023,ICT,KS,ACE,CE,Combined TRACON& Tower with Radar,57,51,61,75,244,0,3,60,1,64,57,54,121,76,308,40,12,52,360
08/11/2023,ICT,KS,ACE,CE,Combined TRACON& Tower with Radar,58,42,48,5,153,0,1,66,0,67,58,43,114,5,220,16,16,32,252
08/12/2023,ICT,KS,ACE,CE,Combined TRACON& Tower with Radar,65,34,38,0,137,0,0,44,2,46,65,34,82,2,183,40,0,40,223
08/13/2023,ICT,KS,ACE,CE,Combined TRACON& Tower with Radar,54,30,53,9,146,0,0,41,2,43,54,30,94,11,189,54,6,60,249
08/14/2023,ICT,KS,ACE,CE,Combined TRACON& Tower with Radar,51,38,86,82,257,0,6,73,4,83,51,44,159,86,340,38,10,48,388
08/15/2023,ICT,KS,ACE,CE,Combined TRACON& Tower with Radar,60,36,67,73,236,0,1,81,3,85,60,37,148,76,321,172,14,186,507
08/16/2023,ICT,KS,ACE,CE,Combined TRACON& Tower with Radar,59,47,85,57,248,0,6,83,5,94,59,53,168,62,342,60,34,94,436
08/17/2023,ICT,KS,ACE,CE,Combined TRACON& Tower with Radar,61,38,79,64,242,0,5,83,7,95,61,43,162,71,337,80,4,84,421
08/18/2023,ICT,KS,ACE,CE,Combined TRACON& Tower with Radar,65,33,61,82,241,0,9,72,9,90,65,42,133,91,331,90,74,164,495
08/19/2023,ICT,KS,ACE,CE,Combined TRACON& Tower with Radar,53,29,48,3,133,0,5,41,1,47,53,34,89,4,180,26,0,26,206
08/20/2023,ICT,KS,ACE,CE,Combined TRACON& Tower with Radar,58,24,47,1,130,0,3,34,3,40,58,27,81,4,170,42,0,42,212
08/21/2023,ICT,KS,ACE,CE,Combined TRACON& Tower with Radar,54,43,76,36,209,0,4,39,2,45,54,47,115,38,254,38,0,38,292
08/22/2023,ICT,KS,ACE,CE,Combined TRACON& Tower with Radar,60,49,95,31,235,0,3,74,10,87,60,52,169,41,322,96,0,96,418
08/23/2023,ICT,KS,ACE,CE,Combined TRACON& Tower with Radar,58,33,84,66,241,0,4,77,8,89,58,37,161,74,330,78,0,78,408
08/24/2023,ICT,KS,ACE,CE,Combined TRACON& Tower with Radar,62,35,76,66,239,0,10,67,12,89,62,45,143,78,328,66,26,92,420
08/25/2023,ICT,KS,ACE,CE,Combined TRACON& Tower with Radar,61,41,63,63,228,0,3,62,7,72,61,44,125,70,300,32,2,34,334
08/26/2023,ICT,KS,ACE,CE,Combined TRACON& Tower with Radar,50,33,40,17,140,0,7,35,1,43,50,40,75,18,183,32,10,42,225
08/27/2023,ICT,KS,ACE,CE,Combined TRACON& Tower with Radar,55,34,54,8,151,0,3,50,2,55,55,37,104,10,206,48,0,48,254
08/28/2023,ICT,KS,ACE,CE,Combined TRACON& Tower with Radar,57,33,86,31,207,0,8,88,11,107,57,41,174,42,314,84,0,84,398
08/29/2023,ICT,KS,ACE,CE,Combined TRACON& Tower with Radar,57,38,81,18,194,0,3,66,9,78,57,41,147,27,272,84,8,92,364
08/30/2023,ICT,KS,ACE,CE,Combined TRACON& Tower with Radar,57,42,73,42,214,0,9,82,4,95,57,51,155,46,309,126,42,168,477
08/31/2023,ICT,KS,ACE,CE,Combined TRACON& Tower with Radar,66,51,92,68,277,0,2,76,6,84,66,53,168,74,361,106,32,138,499
01/01/2020,ICT,KS,ACE,CE,Combined TRACON& Tower with Radar,41,33,23,0,97,0,2,18,0,20,41,35,41,0,117,0,0,0,117
01/02/2020,ICT,KS,ACE,CE,Combined TRACON& Tower with Radar,43,45,50,0,138,0,0,19,0,19,43,45,69,0,157,2,0,2,159
01/03/2020,ICT,KS,ACE,CE,Combined TRACON& Tower with Radar,54,64,37,16,171,0,1,28,1,30,54,65,65,17,201,52,20,72,273
01/04/2020,ICT,KS,ACE,CE,Combined TRACON& Tower with Radar,46,39,56,2,143,0,3,37,0,40,46,42,93,2,183,22,0,22,205
01/05/2020,ICT,KS,ACE,CE,Combined TRACON& Tower with Radar,41,44,27,0,112,0,2,17,0,19,41,46,44,0,131,12,0,12,143
01/06/2020,ICT,KS,ACE,CE,Combined TRACON& Tower with Radar,55,43,61,57,216,0,4,36,0,40,55,47,97,57,256,8,38,46,302
01/07/2020,ICT,KS,ACE,CE,Combined TRACON& Tower with Radar,54,42,70,69,235,0,3,49,0,52,54,45,119,69,287,36,40,76,363
01/08/2020,ICT,KS,ACE,CE,Combined TRACON& Tower with Radar,58,50,51,68,227,0,4,25,1,30,58,54,76,69,257,2,28,30,287
01/09/2020,ICT,KS,ACE,CE,Combined TRACON& Tower with Radar,58,46,68,104,276,0,6,37,2,45,58,52,105,106,321,26,108,134,455
01/10/2020,ICT,KS,ACE,CE,Combined TRACON& Tower with Radar,58,47,35,0,140,0,0,0,0,0,58,47,35,0,140,0,0,0,140
01/11/2020,ICT,KS,ACE,CE,Combined TRACON& Tower with Radar,37,28,38,0,103,0,4,12,1,17,37,32,50,1,120,32,0,32,152
01/12/2020,ICT,KS,ACE,CE,Combined TRACON& Tower with Radar,44,43,47,0,134,0,0,4,1,5,44,43,51,1,139,0,0,0,139
01/13/2020,ICT,KS,ACE,CE,Combined TRACON& Tower with Radar,56,46,70,25,197,0,0,0,0,0,56,46,70,25,197,0,0,0,197
01/14/2020,ICT,KS,ACE,CE,Combined TRACON& Tower with Radar,54,55,77,51,237,0,0,6,3,9,54,55,83,54,246,24,0,24,270
01/15/2020,ICT,KS,ACE,CE,Combined TRACON& Tower with Radar,57,62,59,83,261,0,4,23,1,28,57,66,82,84,289,18,8,26,315
01/16/2020,ICT,KS,ACE,CE,Combined TRACON& Tower with Radar,60,52,74,68,254,0,4,24,4,32,60,56,98,72,286,8,60,68,354
01/17/2020,ICT,KS,ACE,CE,Combined TRACON& Tower with Radar,60,37,38,2,137,0,0,0,0,0,60,37,38,2,137,0,0,0,137
01/18/2020,ICT,KS,ACE,CE,Combined TRACON& Tower with Radar,37,38,34,2,111,0,5,13,3,21,37,43,47,5,132,8,0,8,140
01/19/2020,ICT,KS,ACE,CE,Combined TRACON& Tower with Radar,39,35,31,50,155,0,1,26,3,30,39,36,57,53,185,18,30,48,233
01/20/2020,ICT,KS,ACE,CE,Combined TRACON& Tower with Radar,57,39,50,6,152,0,3,34,6,43,57,42,84,12,195,22,0,22,217
01/21/2020,ICT,KS,ACE,CE,Combined TRACON& Tower with Radar,54,48,67,43,212,0,3,40,1,44,54,51,107,44,256,54,0,54,310
01/22/2020,ICT,KS,ACE,CE,Combined TRACON& Tower with Radar,55,49,46,0,150,0,0,0,0,0,55,49,46,0,150,0,0,0,150
01/23/2020,ICT,KS,ACE,CE,Combined TRACON& Tower with Radar,60,45,61,16,182,2,0,11,2,15,62,45,72,18,197,52,0,52,249
01/24/2020,ICT,KS,ACE,CE,Combined TRACON& Tower with Radar,66,50,60,27,203,0,0,5,1,6,66,50,65,28,209,26,26,52,261
01/25/2020,ICT,KS,ACE,CE,Combined TRACON& Tower with Radar,36,38,47,3,124,0,2,38,2,42,36,40,85,5,166,28,0,28,194
01/26/2020,ICT,KS,ACE,CE,Combined TRACON& Tower with Radar,45,41,57,22,165,0,4,29,5,38,45,45,86,27,203,18,18,36,239
01/27/2020,ICT,KS,ACE,CE,Combined TRACON& Tower with Radar,57,44,87,43,231,0,2,52,6,60,57,46,139,49,291,62,130,192,483
01/28/2020,ICT,KS,ACE,CE,Combined TRACON& Tower with Radar,57,34,33,0,124,0,0,0,0,0,57,34,33,0,124,0,0,0,124
01/29/2020,ICT,KS,ACE,CE,Combined TRACON& Tower with Radar,58,43,74,34,209,0,0,5,0,5,58,43,79,34,214,78,54,132,346
01/30/2020,ICT,KS,ACE,CE,Combined TRACON& Tower with Radar,59,62,77,43,241,0,0,0,0,0,59,62,77,43,241,0,0,0,241
01/31/2020,ICT,KS,ACE,CE,Combined TRACON& Tower with Radar,62,54,90,34,240,0,2,52,4,58,62,56,142,38,298,26,38,64,362
02/01/2020,ICT,KS,ACE,CE,Combined TRACON& Tower with Radar,34,34,56,3,127,0,4,41,3,48,34,38,97,6,175,40,30,70,245
02/02/2020,ICT,KS,ACE,CE,Combined TRACON& Tower with Radar,40,34,32,19,125,0,2,25,3,30,40,36,57,22,155,0,0,0,155
02/03/2020,ICT,KS,ACE,CE,Combined TRACON& Tower with Radar,58,36,74,47,215,0,4,14,0,18,58,40,88,47,233,4,0,4,237
02/04/2020,ICT,KS,ACE,CE,Combined TRACON& Tower with Radar,54,56,55,0,165,0,0,2,0,2,54,56,57,0,167,10,0,10,177
02/05/2020,ICT,KS,ACE,CE,Combined TRACON& Tower with Radar,56,44,48,25,173,0,0,16,3,19,56,44,64,28,192,24,34,58,250
02/06/2020,ICT,KS,ACE,CE,Combined TRACON& Tower with Radar,58,62,68,64,252,0,3,61,2,66,58,65,129,66,318,94,48,142,460
02/07/2020,ICT,KS,ACE,CE,Combined TRACON& Tower with Radar,65,50,61,44,220,0,1,48,3,52,65,51,109,47,272,16,36,52,324
02/08/2020,ICT,KS,ACE,CE,Combined TRACON& Tower with Radar,39,35,30,4,108,0,2,33,2,37,39,37,63,6,145,0,0,0,145
02/09/2020,ICT,KS,ACE,CE,Combined TRACON& Tower with Radar,45,34,41,16,136,0,0,11,0,11,45,34,52,16,147,0,12,12,159
02/10/2020,ICT,KS,ACE,CE,Combined TRACON& Tower with Radar,56,58,69,81,264,0,0,17,0,17,56,58,86,81,281,76,36,112,393
02/11/2020,ICT,KS,ACE,CE,Combined TRACON& Tower with Radar,57,50,82,89,278,0,3,26,2,31,57,53,108,91,309,0,122,122,431
02/12/2020,ICT,KS,ACE,CE,Combined TRACON& Tower with Radar,56,43,36,0,135,0,0,0,0,0,56,43,36,0,135,0,0,0,135
02/13/2020,ICT,KS,ACE,CE,Combined TRACON& Tower with Radar,56,56,95,33,240,0,1,27,0,28,56,57,122,33,268,2,86,88,356
02/14/2020,ICT,KS,ACE,CE,Combined TRACON& Tower with Radar,57,56,73,47,233,0,7,24,4,35,57,63,97,51,268,68,200,268,536
02/15/2020,ICT,KS,ACE,CE,Combined TRACON& Tower with Radar,40,35,27,2,104,0,2,23,5,30,40,37,50,7,134,6,0,6,140
02/16/2020,ICT,KS,ACE,CE,Combined TRACON& Tower with Radar,41,36,33,0,110,0,5,26,2,33,41,41,59,2,143,28,0,28,171
02/17/2020,ICT,KS,ACE,CE,Combined TRACON& Tower with Radar,50,57,97,2,206,0,10,35,4,49,50,67,132,6,255,100,8,108,363
02/18/2020,ICT,KS,ACE,CE,Combined TRACON& Tower with Radar,49,62,73,78,262,0,1,28,5,34,49,63,101,83,296,28,38,66,362
02/19/2020,ICT,KS,ACE,CE,Combined TRACON& Tower with Radar,56,45,88,40,229,1,4,20,11,36,57,49,108,51,265,34,6,40,305
02/20/2020,ICT,KS,ACE,CE,Combined TRACON& Tower with Radar,54,52,90,33,229,2,2,23,1,28,56,54,113,34,257,2,0,2,259
02/21/2020,ICT,KS,ACE,CE,Combined TRACON& Tower with Radar,56,60,64,64,244,0,4,39,11,54,56,64,103,75,298,10,106,116,414
02/22/2020,ICT,KS,ACE,CE,Combined TRACON& Tower with Radar,39,40,35,13,127,0,3,40,5,48,39,43,75,18,175,20,0,20,195
02/23/2020,ICT,KS,ACE,CE,Combined TRACON& Tower with Radar,50,37,39,7,133,0,0,4,2,6,50,37,43,9,139,0,0,0,139
02/24/2020,ICT,KS,ACE,CE,Combined TRACON& Tower with Radar,43,54,74,29,200,0,0,6,1,7,43,54,80,30,207,0,52,52,259
02/25/2020,ICT,KS,ACE,CE,Combined TRACON& Tower with Radar,53,51,64,4,172,0,0,0,1,1,53,51,64,5,173,12,0,12,185
02/26/2020,ICT,KS,ACE,CE,Combined TRACON& Tower with Radar,55,84,74,55,268,0,6,39,3,48,55,90,113,58,316,20,52,72,388
02/27/2020,ICT,KS,ACE,CE,Combined TRACON& Tower with Radar,55,66,90,66,277,0,4,46,7,57,55,70,136,73,334,14,40,54,388
02/28/2020,ICT,KS,ACE,CE,Combined TRACON& Tower with Radar,54,58,61,63,236,0,12,50,7,69,54,70,111,70,305,14,98,112,417
02/29/2020,ICT,KS,ACE,CE,Combined TRACON& Tower with Radar,39,40,43,8,130,0,0,33,2,35,39,40,76,10,165,10,0,10,175
03/01/2020,ICT,KS,ACE,CE,Combined TRACON& Tower with Radar,48,48,49,5,150,0,5,37,0,42,48,53,86,5,192,36,0,36,228
03/02/2020,ICT,KS,ACE,CE,Combined TRACON& Tower with Radar,47,68,61,89,265,0,4,28,0,32,47,72,89,89,297,18,94,112,409
03/03/2020,ICT,KS,ACE,CE,Combined TRACON& Tower with Radar,48,61,89,28,226,0,0,56,2,58,48,61,145,30,284,42,12,54,338
03/04/2020,ICT,KS,ACE,CE,Combined TRACON& Tower with Radar,55,58,93,35,241,0,0,59,6,65,55,58,152,41,306,33,48,81,387
03/05/2020,ICT,KS,ACE,CE,Combined TRACON& Tower with Radar,60,54,79,45,238,0,4,37,5,46,60,58,116,50,284,22,6,28,312
03/06/2020,ICT,KS,ACE,CE,Combined TRACON& Tower with Radar,61,44,85,33,223,0,2,55,8,65,61,46,140,41,288,0,0,0,288
03/07/2020,ICT,KS,ACE,CE,Combined TRACON& Tower with Radar,41,30,39,0,110,0,2,11,4,17,41,32,50,4,127,20,0,20,147
03/08/2020,ICT,KS,ACE,CE,Combined TRACON& Tower with Radar,52,48,26,0,126,0,2,15,0,17,52,50,41,0,143,0,0,0,143
03/09/2020,ICT,KS,ACE,CE,Combined TRACON& Tower with Radar,53,66,43,12,174,0,0,4,0,4,53,66,47,12,178,10,0,10,188
03/10/2020,ICT,KS,ACE,CE,Combined TRACON& Tower with Radar,52,60,104,7,223,0,0,23,2,25,52,60,127,9,248,0,0,0,248
03/11/2020,ICT,KS,ACE,CE,Combined TRACON& Tower with Radar,52,55,68,69,244,0,4,46,7,57,52,59,114,76,301,14,34,48,349
03/12/2020,ICT,KS,ACE,CE,Combined TRACON& Tower with Radar,57,53,93,60,263,0,2,40,1,43,57,55,133,61,306,12,0,12,318
03/13/2020,ICT,KS,ACE,CE,Combined TRACON& Tower with Radar,65,55,70,2,192,0,4,16,2,22,65,59,86,4,214,14,0,14,228
03/14/2020,ICT,KS,ACE,CE,Combined TRACON& Tower with Radar,43,34,32,0,109,0,0,0,2,2,43,34,32,2,111,0,0,0,111
03/15/2020,ICT,KS,ACE,CE,Combined TRACON& Tower with Radar,53,40,37,0,130,0,0,3,0,3,53,40,40,0,133,0,0,0,133
03/16/2020,ICT,KS,ACE,CE,Combined TRACON& Tower with Radar,56,48,39,9,152,0,0,0,0,0,56,48,39,9,152,0,0,0,152
03/17/2020,ICT,KS,ACE,CE,Combined TRACON& Tower with Radar,56,62,32,6,156,0,0,2,0,2,56,62,34,6,158,0,0,0,158
03/18/2020,ICT,KS,ACE,CE,Combined TRACON& Tower with Radar,53,51,54,28,186,0,2,7,1,10,53,53,61,29,196,0,14,14,210
03/19/2020,ICT,KS,ACE,CE,Combined TRACON& Tower with Radar,58,41,49,52,200,0,3,9,5,17,58,44,58,57,217,2,16,18,235
03/20/2020,ICT,KS,ACE,CE,Combined TRACON& Tower with Radar,52,45,42,72,211,0,1,26,7,34,52,46,68,79,245,0,144,144,389
03/21/2020,ICT,KS,ACE,CE,Combined TRACON& Tower with Radar,39,32,39,16,126,0,0,46,5,51,39,32,85,21,177,12,0,12,189
03/22/2020,ICT,KS,ACE,CE,Combined TRACON& Tower with Radar,35,30,30,0,95,0,0,1,0,1,35,30,31,0,96,0,0,0,96
03/23/2020,ICT,KS,ACE,CE,Combined TRACON& Tower with Radar,32,33,50,3,118,0,0,12,6,18,32,33,62,9,136,6,54,60,196
03/24/2020,ICT,KS,ACE,CE,Combined TRACON& Tower with Radar,36,36,25,21,118,0,2,6,4,12,36,38,31,25,130,6,0,6,136
03/25/2020,ICT,KS,ACE,CE,Combined TRACON& Tower with Radar,31,29,33,44,137,0,1,24,3,28,31,30,57,47,165,24,6,30,195
03/26/2020,ICT,KS,ACE,CE,Combined TRACON& Tower with Radar,30,32,48,42,152,0,4,20,1,25,30,36,68,43,177,0,0,0,177
03/27/2020,ICT,KS,ACE,CE,Combined TRACON& Tower with Radar,34,31,36,10,111,0,8,7,0,15,34,39,43,10,126,0,0,0,126
03/28/2020,ICT,KS,ACE,CE,Combined TRACON& Tower with Radar,24,18,14,0,56,0,0,7,4,11,24,18,21,4,67,0,0,0,67
03/29/2020,ICT,KS,ACE,CE,Combined TRACON& Tower with Radar,22,20,35,0,77,0,0,20,4,24,22,20,55,4,101,22,0,22,123
03/30/2020,ICT,KS,ACE,CE,Combined TRACON& Tower with Radar,25,31,30,0,86,0,2,11,1,14,25,33,41,1,100,0,0,0,100
03/31/2020,ICT,KS,ACE,CE,Combined TRACON& Tower with Radar,30,33,38,33,134,0,2,21,1,24,30,35,59,34,158,0,0,0,158
04/01/2020,ICT,KS,ACE,CE,Combined TRACON& Tower with Radar,29,23,31,16,99,0,1,26,1,28,29,24,57,17,127,0,0,0,127
04/02/2020,ICT,KS,ACE,CE,Combined TRACON& Tower with Radar,27,44,30,11,112,0,3,12,0,15,27,47,42,11,127,0,0,0,127
04/03/2020,ICT,KS,ACE,CE,Combined TRACON& Tower with Radar,27,28,24,32,111,0,2,7,0,9,27,30,31,32,120,0,0,0,120
04/04/2020,ICT,KS,ACE,CE,Combined TRACON& Tower with Radar,20,19,16,2,57,0,0,2,0,2,20,19,18,2,59,24,0,24,83
04/05/2020,ICT,KS,ACE,CE,Combined TRACON& Tower with Radar,25,20,18,0,63,0,0,4,0,4,25,20,22,0,67,0,0,0,67
04/06/2020,ICT,KS,ACE,CE,Combined TRACON& Tower with Radar,23,26,33,18,100,0,2,2,0,4,23,28,35,18,104,0,0,0,104
04/07/2020,ICT,KS,ACE,CE,Combined TRACON& Tower with Radar,24,27,39,13,103,0,0,18,0,18,24,27,57,13,121,20,0,20,141
04/08/2020,ICT,KS,ACE,CE,Combined TRACON& Tower with Radar,30,22,26,12,90,0,0,54,7,61,30,22,80,19,151,12,4,16,167
04/09/2020,ICT,KS,ACE,CE,Combined TRACON& Tower with Radar,28,23,39,0,90,0,1,25,0,26,28,24,64,0,116,0,0,0,116
04/10/2020,ICT,KS,ACE,CE,Combined TRACON& Tower with Radar,29,38,44,0,111,0,4,21,2,27,29,42,65,2,138,0,0,0,138
04/11/2020,ICT,KS,ACE,CE,Combined TRACON& Tower with Radar,18,21,11,18,68,0,1,1,0,2,18,22,12,18,70,4,0,4,74
04/12/2020,ICT,KS,ACE,CE,Combined TRACON& Tower with Radar,20,17,4,0,41,0,0,0,0,0,20,17,4,0,41,0,0,0,41
04/13/2020,ICT,KS,ACE,CE,Combined TRACON& Tower with Radar,18,35,24,6,83,0,1,8,5,14,18,36,32,11,97,6,0,6,103
04/14/2020,ICT,KS,ACE,CE,Combined TRACON& Tower with Radar,20,21,29,11,81,0,3,24,4,31,20,24,53,15,112,14,0,14,126
04/15/2020,ICT,KS,ACE,CE,Combined TRACON& Tower with Radar,23,27,17,4,71,0,2,25,3,30,23,29,42,7,101,4,6,10,111
04/16/2020,ICT,KS,ACE,CE,Combined TRACON& Tower with Radar,19,27,27,0,73,0,3,5,0,8,19,30,32,0,81,0,0,0,81
04/17/2020,ICT,KS,ACE,CE,Combined TRACON& Tower with Radar,20,28,26,36,110,0,2,14,0,16,20,30,40,36,126,22,0,22,148
04/18/2020,ICT,KS,ACE,CE,Combined TRACON& Tower with Radar,15,12,10,8,45,0,2,10,2,14,15,14,20,10,59,26,0,26,85
04/19/2020,ICT,KS,ACE,CE,Combined TRACON& Tower with Radar,12,15,19,0,46,0,2,5,0,7,12,17,24,0,53,0,0,0,53
04/20/2020,ICT,KS,ACE,CE,Combined TRACON& Tower with Radar,12,21,41,32,106,0,0,20,0,20,12,21,61,32,126,56,0,56,182
04/21/2020,ICT,KS,ACE,CE,Combined TRACON& Tower with Radar,17,38,39,10,104,0,1,37,0,38,17,39,76,10,142,38,0,38,180
04/22/2020,ICT,KS,ACE,CE,Combined TRACON& Tower with Radar,19,24,15,6,64,0,0,2,0,2,19,24,17,6,66,0,0,0,66
04/23/2020,ICT,KS,ACE,CE,Combined TRACON& Tower with Radar,19,29,44,24,116,0,0,36,2,38,19,29,80,26,154,0,0,0,154
04/24/2020,ICT,KS,ACE,CE,Combined TRACON& Tower with Radar,17,25,22,24,88,0,0,5,0,5,17,25,27,24,93,0,0,0,93
04/25/2020,ICT,KS,ACE,CE,Combined TRACON& Tower with Radar,14,16,18,22,70,0,0,29,0,29,14,16,47,22,99,0,0,0,99
04/26/2020,ICT,KS,ACE,CE,Combined TRACON& Tower with Radar,14,24,21,0,59,0,0,27,2,29,14,24,48,2,88,20,0,20,108
04/27/2020,ICT,KS,ACE,CE,Combined TRACON& Tower with Radar,13,35,34,21,103,0,0,26,1,27,13,35,60,22,130,12,0,12,142
04/28/2020,ICT,KS,ACE,CE,Combined TRACON& Tower with Radar,19,29,28,9,85,0,1,16,1,18,19,30,44,10,103,4,0,4,107
04/29/2020,ICT,KS,ACE,CE,Combined TRACON& Tower with Radar,18,24,35,10,87,0,3,14,0,17,18,27,49,10,104,16,0,16,120
04/30/2020,ICT,KS,ACE,CE,Combined TRACON& Tower with Radar,20,20,41,8,89,0,0,50,0,50,20,20,91,8,139,22,0,22,161
05/01/2020,ICT,KS,ACE,CE,Combined TRACON& Tower with Radar,19,24,36,18,97,0,1,24,3,28,19,25,60,21,125,24,0,24,149
05/02/2020,ICT,KS,ACE,CE,Combined TRACON& Tower with Radar,18,18,24,8,68,0,1,22,0,23,18,19,46,8,91,20,0,20,111
05/03/2020,ICT,KS,ACE,CE,Combined TRACON& Tower with Radar,19,17,30,6,72,0,6,11,2,19,19,23,41,8,91,28,0,28,119
05/04/2020,ICT,KS,ACE,CE,Combined TRACON& Tower with Radar,21,27,59,9,116,0,0,7,0,7,21,27,66,9,123,0,0,0,123
05/05/2020,ICT,KS,ACE,CE,Combined TRACON& Tower with Radar,29,28,22,20,99,0,4,41,0,45,29,32,63,20,144,10,0,10,154
05/06/2020,ICT,KS,ACE,CE,Combined TRACON& Tower with Radar,29,32,48,22,131,0,4,45,3,52,29,36,93,25,183,0,0,0,183
05/07/2020,ICT,KS,ACE,CE,Combined TRACON& Tower with Radar,31,23,29,0,83,0,0,5,0,5,31,23,34,0,88,0,0,0,88
05/08/2020,ICT,KS,ACE,CE,Combined TRACON& Tower with Radar,32,39,48,32,151,0,2,35,7,44,32,41,83,39,195,10,12,22,217
05/09/2020,ICT,KS,ACE,CE,Combined TRACON& Tower with Radar,26,24,19,16,85,0,2,29,0,31,26,26,48,16,116,14,14,28,144
05/10/2020,ICT,KS,ACE,CE,Combined TRACON& Tower with Radar,21,19,25,0,65,0,0,21,0,21,21,19,46,0,86,12,0,12,98
05/11/2020,ICT,KS,ACE,CE,Combined TRACON& Tower with Radar,25,20,50,12,107,0,0,0,0,0,25,20,50,12,107,0,0,0,107
05/12/2020,ICT,KS,ACE,CE,Combined TRACON& Tower with Radar,29,27,43,14,113,0,0,2,0,2,29,27,45,14,115,0,0,0,115
05/13/2020,ICT,KS,ACE,CE,Combined TRACON& Tower with Radar,30,43,28,26,127,0,0,0,0,0,30,43,28,26,127,0,0,0,127
05/14/2020,ICT,KS,ACE,CE,Combined TRACON& Tower with Radar,33,36,47,61,177,0,1,35,5,41,33,37,82,66,218,12,42,54,272
05/15/2020,ICT,KS,ACE,CE,Combined TRACON& Tower with Radar,34,28,21,7,90,0,2,9,0,11,34,30,30,7,101,2,0,2,103
05/16/2020,ICT,KS,ACE,CE,Combined TRACON& Tower with Radar,31,16,26,0,73,0,3,7,0,10,31,19,33,0,83,4,0,4,87
05/17/2020,ICT,KS,ACE,CE,Combined TRACON& Tower with Radar,25,12,33,22,92,0,2,39,0,41,25,14,72,22,133,28,66,94,227
05/18/2020,ICT,KS,ACE,CE,Combined TRACON& Tower with Radar,24,19,51,26,120,0,0,41,2,43,24,19,92,28,163,18,6,24,187
05/19/2020,ICT,KS,ACE,CE,Combined TRACON& Tower with Radar,30,30,55,40,155,0,2,58,3,63,30,32,113,43,218,28,10,38,256
05/20/2020,ICT,KS,ACE,CE,Combined TRACON& Tower with Radar,32,30,63,21,146,0,2,47,3,52,32,32,110,24,198,42,0,42,240
05/21/2020,ICT,KS,ACE,CE,Combined TRACON& Tower with Radar,33,31,45,12,121,0,10,7,0,17,33,41,52,12,138,12,10,22,160
05/22/2020,ICT,KS,ACE,CE,Combined TRACON& Tower with Radar,36,26,24,1,87,0,4,27,3,34,36,30,51,4,121,30,0,30,151
05/23/2020,ICT,KS,ACE,CE,Combined TRACON& Tower with Radar,26,21,35,0,82,0,2,15,0,17,26,23,50,0,99,0,0,0,99
05/24/2020,ICT,KS,ACE,CE,Combined TRACON& Tower with Radar,23,14,17,0,54,0,5,11,1,17,23,19,28,1,71,0,0,0,71
05/25/2020,ICT,KS,ACE,CE,Combined TRACON& Tower with Radar,24,15,18,0,57,0,1,0,0,1,24,16,18,0,58,0,0,0,58
05/26/2020,ICT,KS,ACE,CE,Combined TRACON& Tower with Radar,25,28,55,38,146,0,0,23,0,23,25,28,78,38,169,12,0,12,181
05/27/2020,ICT,KS,ACE,CE,Combined TRACON& Tower with Radar,30,39,53,22,144,0,2,40,0,42,30,41,93,22,186,16,42,58,244
05/28/2020,ICT,KS,ACE,CE,Combined TRACON& Tower with Radar,36,33,58,65,192,0,1,34,1,36,36,34,92,66,228,102,54,156,384
05/29/2020,ICT,KS,ACE,CE,Combined TRACON& Tower with Radar,35,37,58,17,147,0,6,48,2,56,35,43,106,19,203,38,8,46,249
05/30/2020,ICT,KS,ACE,CE,Combined TRACON& Tower with Radar,30,23,35,18,106,0,3,42,1,46,30,26,77,19,152,0,0,0,152
05/31/2020,ICT,KS,ACE,CE,Combined TRACON& Tower with Radar,25,19,30,2,76,0,0,12,2,14,25,19,42,4,90,4,0,4,94
06/01/2020,ICT,KS,ACE,CE,Combined TRACON& Tower with Radar,25,27,48,68,168,0,2,39,3,44,25,29,87,71,212,44,6,50,262
06/02/2020,ICT,KS,ACE,CE,Combined TRACON& Tower with Radar,26,37,56,64,183,0,1,38,3,42,26,38,94,67,225,34,6,40,265
06/03/2020,ICT,KS,ACE,CE,Combined TRACON& Tower with Radar,33,45,48,46,172,0,2,41,0,43,33,47,89,46,215,24,18,42,257
06/04/2020,ICT,KS,ACE,CE,Combined TRACON& Tower with Radar,31,32,77,42,182,0,6,46,3,55,31,38,123,45,237,56,4,60,297
06/05/2020,ICT,KS,ACE,CE,Combined TRACON& Tower with Radar,33,29,55,69,186,0,0,46,4,50,33,29,101,73,236,0,26,26,262
06/06/2020,ICT,KS,ACE,CE,Combined TRACON& Tower with Radar,32,26,29,19,106,0,3,43,4,50,32,29,72,23,156,6,0,6,162
06/07/2020,ICT,KS,ACE,CE,Combined TRACON& Tower with Radar,22,22,44,0,88,0,4,29,0,33,22,26,73,0,121,12,0,12,133
06/08/2020,ICT,KS,ACE,CE,Combined TRACON& Tower with Radar,23,27,44,25,119,0,2,25,4,31,23,29,69,29,150,16,0,16,166
06/09/2020,ICT,KS,ACE,CE,Combined TRACON& Tower with Radar,28,28,46,7,109,0,3,28,0,31,28,31,74,7,140,34,0,34,174
06/10/2020,ICT,KS,ACE,CE,Combined TRACON& Tower with Radar,34,44,53,28,159,0,5,28,1,34,34,49,81,29,193,44,0,44,237
06/11/2020,ICT,KS,ACE,CE,Combined TRACON& Tower with Radar,30,43,63,39,175,0,1,55,5,61,30,44,118,44,236,76,4,80,316
06/12/2020,ICT,KS,ACE,CE,Combined TRACON& Tower with Radar,32,39,67,25,163,0,2,54,8,64,32,41,121,33,227,50,12,62,289
06/13/2020,ICT,KS,ACE,CE,Combined TRACON& Tower with Radar,28,42,40,1,111,0,3,43,0,46,28,45,83,1,157,52,0,52,209
06/14/2020,ICT,KS,ACE,CE,Combined TRACON& Tower with Radar,21,34,28,0,83,0,8,29,0,37,21,42,57,0,120,28,0,28,148
06/15/2020,ICT,KS,ACE,CE,Combined TRACON& Tower with Radar,22,32,56,27,137,0,4,43,3,50,22,36,99,30,187,44,8,52,239
06/16/2020,ICT,KS,ACE,CE,Combined TRACON& Tower with Radar,27,37,51,35,150,0,0,51,8,59,27,37,102,43,209,48,10,58,267
06/17/2020,ICT,KS,ACE,CE,Combined TRACON& Tower with Radar,34,32,48,48,162,0,7,45,4,56,34,39,93,52,218,40,0,40,258
06/18/2020,ICT,KS,ACE,CE,Combined TRACON& Tower with Radar,34,54,61,69,218,1,1,44,2,48,35,55,105,71,266,56,0,56,322
06/19/2020,ICT,KS,ACE,CE,Combined TRACON& Tower with Radar,33,30,38,0,101,0,0,2,1,3,33,30,40,1,104,34,0,34,138
06/20/2020,ICT,KS,ACE,CE,Combined TRACON& Tower with Radar,20,24,24,0,68,0,1,21,0,22,20,25,45,0,90,12,0,12,102
06/21/2020,ICT,KS,ACE,CE,Combined TRACON& Tower with Radar,23,15,35,0,73,0,4,30,2,36,23,19,65,2,109,66,0,66,175
06/22/2020,ICT,KS,ACE,CE,Combined TRACON& Tower with Radar,24,34,50,81,189,0,0,62,4,66,24,34,112,85,255,30,12,42,297
06/23/2020,ICT,KS,ACE,CE,Combined TRACON& Tower with Radar,28,53,53,47,181,0,1,51,7,59,28,54,104,54,240,52,0,52,292
06/24/2020,ICT,KS,ACE,CE,Combined TRACON& Tower with Radar,34,47,77,52,210,0,1,64,9,74,34,48,141,61,284,96,8,104,388
06/25/2020,ICT,KS,ACE,CE,Combined TRACON& Tower with Radar,32,40,70,47,189,0,2,55,8,65,32,42,125,55,254,28,0,28,282
06/26/2020,ICT,KS,ACE,CE,Combined TRACON& Tower with Radar,33,38,56,31,158,0,1,31,5,37,33,39,87,36,195,22,0,22,217
06/27/2020,ICT,KS,ACE,CE,Combined TRACON& Tower with Radar,29,22,36,4,91,0,0,24,0,24,29,22,60,4,115,16,0,16,131
06/28/2020,ICT,KS,ACE,CE,Combined TRACON& Tower with Radar,25,28,33,16,102,0,0,2,0,2,25,28,35,16,104,0,0,0,104
06/29/2020,ICT,KS,ACE,CE,Combined TRACON& Tower with Radar,28,22,76,48,174,0,3,19,1,23,28,25,95,49,197,6,0,6,203
06/30/2020,ICT,KS,ACE,CE,Combined TRACON& Tower with Radar,28,42,62,32,164,0,7,25,2,34,28,49,87,34,198,4,12,16,214
07/01/2020,ICT,KS,ACE,CE,Combined TRACON& Tower with Radar,40,44,85,80,249,0,3,34,6,43,40,47,119,86,292,90,0,90,382
07/02/2020,ICT,KS,ACE,CE,Combined TRACON& Tower with Radar,32,38,45,7,122,1,7,29,6,43,33,45,74,13,165,48,0,48,213
07/03/2020,ICT,KS,ACE,CE,Combined TRACON& Tower with Radar,31,32,24,0,87,0,1,21,0,22,31,33,45,0,109,18,0,18,127
07/04/2020,ICT,KS,ACE,CE,Combined TRACON& Tower with Radar,28,21,11,0,60,0,4,27,0,31,28,25,38,0,91,8,0,8,99
07/05/2020,ICT,KS,ACE,CE,Combined TRACON& Tower with Radar,26,34,31,2,93,0,0,14,0,14,26,34,45,2,107,0,0,0,107
07/06/2020,ICT,KS,ACE,CE,Combined TRACON& Tower with Radar,24,41,56,1,122,0,1,26,0,27,24,42,82,1,149,30,0,30,179
07/07/2020,ICT,KS,ACE,CE,Combined TRACON& Tower with Radar,32,37,56,45,170,0,5,45,6,56,32,42,101,51,226,48,52,100,326
07/08/2020,ICT,KS,ACE,CE,Combined TRACON& Tower with Radar,40,49,49,46,184,0,4,43,9,56,40,53,92,55,240,28,20,48,288
07/09/2020,ICT,KS,ACE,CE,Combined TRACON& Tower with Radar,42,41,60,32,175,0,0,41,8,49,42,41,101,40,224,58,0,58,282
07/10/2020,ICT,KS,ACE,CE,Combined TRACON& Tower with Radar,40,39,46,16,141,1,4,43,4,52,41,43,89,20,193,12,10,22,215
07/11/2020,ICT,KS,ACE,CE,Combined TRACON& Tower with Radar,43,23,25,11,102,0,4,31,2,37,43,27,56,13,139,8,0,8,147
07/12/2020,ICT,KS,ACE,CE,Combined TRACON& Tower with Radar,36,16,47,19,118,0,2,40,0,42,36,18,87,19,160,8,0,8,168
07/13/2020,ICT,KS,ACE,CE,Combined TRACON& Tower with Radar,34,26,43,61,164,0,6,43,2,51,34,32,86,63,215,4,20,24,239
07/14/2020,ICT,KS,ACE,CE,Combined TRACON& Tower with Radar,36,27,60,61,184,0,9,34,1,44,36,36,94,62,228,12,12,24,252
07/15/2020,ICT,KS,ACE,CE,Combined TRACON& Tower with Radar,42,32,61,107,242,0,4,45,6,55,42,36,106,113,297,34,40,74,371
07/16/2020,ICT,KS,ACE,CE,Combined TRACON& Tower with Radar,42,32,52,45,171,0,2,38,2,42,42,34,90,47,213,36,6,42,255
07/17/2020,ICT,KS,ACE,CE,Combined TRACON& Tower with Radar,41,41,35,24,141,0,3,31,2,36,41,44,66,26,177,20,0,20,197
07/18/2020,ICT,KS,ACE,CE,Combined TRACON& Tower with Radar,38,30,43,30,141,0,2,38,0,40,38,32,81,30,181,22,84,106,287
07/19/2020,ICT,KS,ACE,CE,Combined TRACON& Tower with Radar,35,21,36,0,92,2,5,39,0,46,37,26,75,0,138,16,0,16,154
07/20/2020,ICT,KS,ACE,CE,Combined TRACON& Tower with Radar,34,39,40,23,136,0,4,36,8,48,34,43,76,31,184,18,0,18,202
07/21/2020,ICT,KS,ACE,CE,Combined TRACON& Tower with Radar,32,32,62,109,235,0,4,33,5,42,32,36,95,114,277,40,22,62,339
07/22/2020,ICT,KS,ACE,CE,Combined TRACON& Tower with Radar,42,37,52,62,193,0,13,52,7,72,42,50,104,69,265,60,0,60,325
07/23/2020,ICT,KS,ACE,CE,Combined TRACON& Tower with Radar,42,36,54,58,190,0,5,38,5,48,42,41,92,63,238,62,20,82,320
07/24/2020,ICT,KS,ACE,CE,Combined TRACON& Tower with Radar,39,33,49,31,152,0,2,39,0,41,39,35,88,31,193,32,0,32,225
07/25/2020,ICT,KS,ACE,CE,Combined TRACON& Tower with Radar,40,21,38,0,99,0,0,32,2,34,40,21,70,2,133,12,0,12,145
07/26/2020,ICT,KS,ACE,CE,Combined TRACON& Tower with Radar,37,25,30,10,102,0,4,25,0,29,37,29,55,10,131,8,0,8,139
07/27/2020,ICT,KS,ACE,CE,Combined TRACON& Tower with Radar,34,26,53,17,130,0,0,14,2,16,34,26,67,19,146,10,48,58,204
07/28/2020,ICT,KS,ACE,CE,Combined TRACON& Tower with Radar,32,25,61,52,170,0,0,10,0,10,32,25,71,52,180,34,22,56,236
07/29/2020,ICT,KS,ACE,CE,Combined TRACON& Tower with Radar,42,37,40,36,155,0,0,14,0,14,42,37,54,36,169,0,16,16,185
07/30/2020,ICT,KS,ACE,CE,Combined TRACON& Tower with Radar,44,31,61,62,198,0,2,17,2,21,44,33,78,64,219,18,74,92,311
07/31/2020,ICT,KS,ACE,CE,Combined TRACON& Tower with Radar,40,36,53,51,180,0,9,53,6,68,40,45,106,57,248,34,42,76,324
08/01/2020,ICT,KS,ACE,CE,Combined TRACON& Tower with Radar,44,12,41,13,110,0,2,26,9,37,44,14,67,22,147,26,4,30,177
08/02/2020,ICT,KS,ACE,CE,Combined TRACON& Tower with Radar,39,17,35,7,98,0,5,28,3,36,39,22,63,10,134,18,0,18,152
08/03/2020,ICT,KS,ACE,CE,Combined TRACON& Tower with Radar,40,29,51,60,180,0,6,43,7,56,40,35,94,67,236,60,28,88,324
08/04/2020,ICT,KS,ACE,CE,Combined TRACON& Tower with Radar,40,29,51,55,175,0,6,57,8,71,40,35,108,63,246,56,24,80,326
08/05/2020,ICT,KS,ACE,CE,Combined TRACON& Tower with Radar,52,28,65,52,197,0,12,37,9,58,52,40,102,61,255,102,46,148,403
08/06/2020,ICT,KS,ACE,CE,Combined TRACON& Tower with Radar,50,40,68,6,164,0,0,11,2,13,50,40,79,8,177,0,16,16,193
08/07/2020,ICT,KS,ACE,CE,Combined TRACON& Tower with Radar,46,40,38,68,192,0,3,27,4,34,46,43,65,72,226,2,42,44,270
08/08/2020,ICT,KS,ACE,CE,Combined TRACON& Tower with Radar,45,24,21,4,94,0,3,30,2,35,45,27,51,6,129,6,0,6,135
08/09/2020,ICT,KS,ACE,CE,Combined TRACON& Tower with Radar,41,20,46,2,109,0,2,22,3,27,41,22,68,5,136,16,0,16,152
08/10/2020,ICT,KS,ACE,CE,Combined TRACON& Tower with Radar,43,40,33,8,124,0,2,24,3,29,43,42,57,11,153,0,0,0,153
08/11/2020,ICT,KS,ACE,CE,Combined TRACON& Tower with Radar,43,33,45,48,169,0,4,49,4,57,43,37,94,52,226,90,12,102,328
08/12/2020,ICT,KS,ACE,CE,Combined TRACON& Tower with Radar,50,26,56,10,142,0,2,15,2,19,50,28,71,12,161,10,0,10,171
08/13/2020,ICT,KS,ACE,CE,Combined TRACON& Tower with Radar,50,35,67,34,186,0,3,57,0,60,50,38,124,34,246,68,0,68,314
08/14/2020,ICT,KS,ACE,CE,Combined TRACON& Tower with Radar,49,32,76,44,201,0,5,50,7,62,49,37,126,51,263,42,90,132,395
08/15/2020,ICT,KS,ACE,CE,Combined TRACON& Tower with Radar,44,25,35,25,129,0,8,41,8,57,44,33,76,33,186,0,0,0,186
08/16/2020,ICT,KS,ACE,CE,Combined TRACON& Tower with Radar,41,20,25,2,88,0,3,30,3,36,41,23,55,5,124,0,0,0,124
08/17/2020,ICT,KS,ACE,CE,Combined TRACON& Tower with Radar,42,26,54,58,180,0,2,37,3,42,42,28,91,61,222,52,42,94,316
08/18/2020,ICT,KS,ACE,CE,Combined TRACON& Tower with Radar,42,38,44,44,168,0,2,35,3,40,42,40,79,47,208,36,58,94,302
08/19/2020,ICT,KS,ACE,CE,Combined TRACON& Tower with Radar,44,38,71,36,189,0,6,50,3,59,44,44,121,39,248,70,28,98,346
08/20/2020,ICT,KS,ACE,CE,Combined TRACON& Tower with Radar,50,32,49,52,183,0,6,64,13,83,50,38,113,65,266,18,128,146,412
08/21/2020,ICT,KS,ACE,CE,Combined TRACON& Tower with Radar,51,44,54,46,195,0,2,29,10,41,51,46,83,56,236,22,28,50,286
08/22/2020,ICT,KS,ACE,CE,Combined TRACON& Tower with Radar,38,20,44,3,105,0,0,50,4,54,38,20,94,7,159,22,0,22,181
08/23/2020,ICT,KS,ACE,CE,Combined TRACON& Tower with Radar,43,25,29,0,97,0,2,27,0,29,43,27,56,0,126,20,0,20,146
08/24/2020,ICT,KS,ACE,CE,Combined TRACON& Tower with Radar,44,40,62,52,198,0,2,42,4,48,44,42,104,56,246,24,6,30,276
08/25/2020,ICT,KS,ACE,CE,Combined TRACON& Tower with Radar,42,38,60,62,202,0,10,47,5,62,42,48,107,67,264,14,48,62,326
08/26/2020,ICT,KS,ACE,CE,Combined TRACON& Tower with Radar,45,47,56,44,192,0,7,50,2,59,45,54,106,46,251,34,0,34,285
08/27/2020,ICT,KS,ACE,CE,Combined TRACON& Tower with Radar,51,48,76,30,205,0,4,45,0,49,51,52,121,30,254,46,18,64,318
08/28/2020,ICT,KS,ACE,CE,Combined TRACON& Tower with Radar,53,35,49,35,172,0,11,28,8,47,53,46,77,43,219,38,10,48,267
08/29/2020,ICT,KS,ACE,CE,Combined TRACON& Tower with Radar,40,28,40,0,108,0,2,13,0,15,40,30,53,0,123,62,0,62,185
08/30/2020,ICT,KS,ACE,CE,Combined TRACON& Tower with Radar,41,24,41,2,108,0,2,17,3,22,41,26,58,5,130,20,0,20,150
08/31/2020,ICT,KS,ACE,CE,Combined TRACON& Tower with Radar,48,39,49,58,194,0,2,14,0,16,48,41,63,58,210,26,16,42,252
09/01/2020,ICT,KS,ACE,CE,Combined TRACON& Tower with Radar,40,37,47,59,183,0,4,16,2,22,40,41,63,61,205,42,8,50,255
09/02/2020,ICT,KS,ACE,CE,Combined TRACON& Tower with Radar,46,37,64,28,175,0,5,30,6,41,46,42,94,34,216,48,14,62,278
09/03/2020,ICT,KS,ACE,CE,Combined TRACON& Tower with Radar,44,49,72,16,181,0,2,46,11,59,44,51,118,27,240,20,2,22,262
09/04/2020,ICT,KS,ACE,CE,Combined TRACON& Tower with Radar,53,54,58,4,169,0,9,55,3,67,53,63,113,7,236,64,0,64,300
09/05/2020,ICT,KS,ACE,CE,Combined TRACON& Tower with Radar,31,17,44,4,96,0,8,36,4,48,31,25,80,8,144,10,0,10,154
09/06/2020,ICT,KS,ACE,CE,Combined TRACON& Tower with Radar,30,20,15,1,66,0,9,14,0,23,30,29,29,1,89,14,0,14,103
09/07/2020,ICT,KS,ACE,CE,Combined TRACON& Tower with Radar,38,33,30,1,102,0,1,25,0,26,38,34,55,1,128,8,0,8,136
09/08/2020,ICT,KS,ACE,CE,Combined TRACON& Tower with Radar,31,35,62,1,129,0,2,5,0,7,31,37,67,1,136,0,0,0,136
09/09/2020,ICT,KS,ACE,CE,Combined TRACON& Tower with Radar,44,33,65,0,142,0,0,0,0,0,44,33,65,0,142,0,0,0,142
09/10/2020,ICT,KS,ACE,CE,Combined TRACON& Tower with Radar,45,42,65,73,225,1,2,4,0,7,46,44,69,73,232,0,0,0,232
09/11/2020,ICT,KS,ACE,CE,Combined TRACON& Tower with Radar,47,38,92,42,219,0,13,3,2,18,47,51,95,44,237,0,0,0,237
09/12/2020,ICT,KS,ACE,CE,Combined TRACON& Tower with Radar,34,30,54,11,129,0,1,32,2,35,34,31,86,13,164,16,0,16,180
09/13/2020,ICT,KS,ACE,CE,Combined TRACON& Tower with Radar,37,22,45,2,106,0,4,31,2,37,37,26,76,4,143,26,0,26,169
09/14/2020,ICT,KS,ACE,CE,Combined TRACON& Tower with Radar,38,40,66,38,182,0,7,48,9,64,38,47,114,47,246,22,0,22,268
09/15/2020,ICT,KS,ACE,CE,Combined TRACON& Tower with Radar,38,34,50,79,201,0,8,40,8,56,38,42,90,87,257,48,6,54,311
09/16/2020,ICT,KS,ACE,CE,Combined TRACON& Tower with Radar,44,33,98,92,267,0,4,47,14,65,44,37,145,106,332,40,4,44,376
09/17/2020,ICT,KS,ACE,CE,Combined TRACON& Tower with Radar,45,56,57,52,210,0,6,40,5,51,45,62,97,57,261,0,0,0,261
09/18/2020,ICT,KS,ACE,CE,Combined TRACON& Tower with Radar,48,43,76,68,235,0,3,46,8,57,48,46,122,76,292,18,12,30,322
09/19/2020,ICT,KS,ACE,CE,Combined TRACON& Tower with Radar,34,40,35,14,123,0,6,42,1,49,34,46,77,15,172,70,4,74,246
09/20/2020,ICT,KS,ACE,CE,Combined TRACON& Tower with Radar,37,33,47,9,126,0,4,26,3,33,37,37,73,12,159,29,21,50,209
09/21/2020,ICT,KS,ACE,CE,Combined TRACON& Tower with Radar,41,40,78,110,269,0,3,42,8,53,41,43,120,118,322,26,42,68,390
09/22/2020,ICT,KS,ACE,CE,Combined TRACON& Tower with Radar,41,40,85,64,230,0,0,8,0,8,41,40,93,64,238,0,0,0,238
09/23/2020,ICT,KS,ACE,CE,Combined TRACON& Tower with Radar,44,43,100,87,274,0,0,22,0,22,44,43,122,87,296,6,36,42,338
09/24/2020,ICT,KS,ACE,CE,Combined TRACON& Tower with Radar,44,54,45,81,224,0,5,27,10,42,44,59,72,91,266,28,0,28,294
09/25/2020,ICT,KS,ACE,CE,Combined TRACON& Tower with Radar,47,40,68,43,198,0,6,48,5,59,47,46,116,48,257,6,26,32,289
09/26/2020,ICT,KS,ACE,CE,Combined TRACON& Tower with Radar,34,31,40,10,115,0,2,25,9,36,34,33,65,19,151,6,20,26,177
09/27/2020,ICT,KS,ACE,CE,Combined TRACON& Tower with Radar,37,29,43,0,109,0,2,5,0,7,37,31,48,0,116,0,0,0,116
09/28/2020,ICT,KS,ACE,CE,Combined TRACON& Tower with Radar,40,27,78,80,225,0,2,46,10,58,40,29,124,90,283,34,14,48,331
09/29/2020,ICT,KS,ACE,CE,Combined TRACON& Tower with Radar,38,50,71,73,232,0,1,47,12,60,38,51,118,85,292,28,4,32,324
09/30/2020,ICT,KS,ACE,CE,Combined TRACON& Tower with Radar,44,37,67,46,194,0,3,55,15,73,44,40,122,61,267,48,22,70,337
10/01/2020,ICT,KS,ACE,CE,Combined TRACON& Tower with Radar,46,52,65,57,220,0,6,51,3,60,46,58,116,60,280,0,0,0,280
10/02/2020,ICT,KS,ACE,CE,Combined TRACON& Tower with Radar,47,51,84,44,226,0,2,54,4,60,47,53,138,48,286,24,38,62,348
10/03/2020,ICT,KS,ACE,CE,Combined TRACON& Tower with Radar,36,28,30,7,101,0,1,20,0,21,36,29,50,7,122,8,0,8,130
10/04/2020,ICT,KS,ACE,CE,Combined TRACON& Tower with Radar,39,33,36,4,112,0,0,37,1,38,39,33,73,5,150,6,0,6,156
10/05/2020,ICT,KS,ACE,CE,Combined TRACON& Tower with Radar,40,36,65,65,206,0,3,37,8,48,40,39,102,73,254,20,26,46,300
10/06/2020,ICT,KS,ACE,CE,Combined TRACON& Tower with Radar,38,52,74,79,243,0,5,59,5,69,38,57,133,84,312,147,18,165,477
10/07/2020,ICT,KS,ACE,CE,Combined TRACON& Tower with Radar,38,51,84,77,250,0,5,43,5,53,38,56,127,82,303,78,76,154,457
10/08/2020,ICT,KS,ACE,CE,Combined TRACON& Tower with Radar,47,39,58,62,206,0,10,43,3,56,47,49,101,65,262,28,54,82,344
10/09/2020,ICT,KS,ACE,CE,Combined TRACON& Tower with Radar,48,35,50,26,159,0,6,24,4,34,48,41,74,30,193,0,0,0,193
10/10/2020,ICT,KS,ACE,CE,Combined TRACON& Tower with Radar,37,42,37,17,133,0,5,18,2,25,37,47,55,19,158,28,0,28,186
10/11/2020,ICT,KS,ACE,CE,Combined TRACON& Tower with Radar,41,29,41,14,125,0,3,20,2,25,41,32,61,16,150,8,0,8,158
10/12/2020,ICT,KS,ACE,CE,Combined TRACON& Tower with Radar,41,35,50,20,146,0,3,35,4,42,41,38,85,24,188,20,28,48,236
10/13/2020,ICT,KS,ACE,CE,Combined TRACON& Tower with Radar,41,39,59,81,220,0,7,36,5,48,41,46,95,86,268,24,88,112,380
10/14/2020,ICT,KS,ACE,CE,Combined TRACON& Tower with Radar,44,45,63,103,255,0,1,36,8,45,44,46,99,111,300,26,38,64,364
10/15/2020,ICT,KS,ACE,CE,Combined TRACON& Tower with Radar,46,41,53,68,208,0,2,41,8,51,46,43,94,76,259,10,18,28,287
10/16/2020,ICT,KS,ACE,CE,Combined TRACON& Tower with Radar,49,52,60,61,222,0,9,33,4,46,49,61,93,65,268,50,14,64,332
10/17/2020,ICT,KS,ACE,CE,Combined TRACON& Tower with Radar,37,37,27,3,104,0,5,23,3,31,37,42,50,6,135,0,0,0,135
10/18/2020,ICT,KS,ACE,CE,Combined TRACON& Tower with Radar,41,33,32,12,118,0,2,6,2,10,41,35,38,14,128,0,0,0,128
10/19/2020,ICT,KS,ACE,CE,Combined TRACON& Tower with Radar,40,26,75,105,246,0,4,21,0,25,40,30,96,105,271,38,72,110,381
10/20/2020,ICT,KS,ACE,CE,Combined TRACON& Tower with Radar,40,55,91,49,235,0,0,3,2,5,40,55,94,51,240,0,0,0,240
10/21/2020,ICT,KS,ACE,CE,Combined TRACON& Tower with Radar,39,38,69,16,162,0,0,0,0,0,39,38,69,16,162,0,0,0,162
10/22/2020,ICT,KS,ACE,CE,Combined TRACON& Tower with Radar,44,45,50,50,189,0,4,25,9,38,44,49,75,59,227,52,0,52,279
10/23/2020,ICT,KS,ACE,CE,Combined TRACON& Tower with Radar,47,42,57,20,166,0,7,13,2,22,47,49,70,22,188,0,0,0,188
10/24/2020,ICT,KS,ACE,CE,Combined TRACON& Tower with Radar,35,31,36,1,103,0,5,22,3,30,35,36,58,4,133,38,0,38,171
10/25/2020,ICT,KS,ACE,CE,Combined TRACON& Tower with Radar,39,17,41,2,99,0,0,0,0,0,39,17,41,2,99,0,0,0,99
10/26/2020,ICT,KS,ACE,CE,Combined TRACON& Tower with Radar,38,27,17,0,82,0,0,0,0,0,38,27,17,0,82,18,0,18,100
10/27/2020,ICT,KS,ACE,CE,Combined TRACON& Tower with Radar,30,23,29,0,82,0,0,0,0,0,30,23,29,0,82,0,0,0,82
10/28/2020,ICT,KS,ACE,CE,Combined TRACON& Tower with Radar,37,51,52,0,140,0,0,2,0,2,37,51,54,0,142,0,0,0,142
10/29/2020,ICT,KS,ACE,CE,Combined TRACON& Tower with Radar,44,46,85,104,279,1,3,39,2,45,45,49,124,106,324,22,18,40,364
10/30/2020,ICT,KS,ACE,CE,Combined TRACON& Tower with Radar,45,44,76,90,255,0,12,60,3,75,45,56,136,93,330,74,46,120,450
10/31/2020,ICT,KS,ACE,CE,Combined TRACON& Tower with Radar,27,33,43,8,111,0,5,39,3,47,27,38,82,11,158,16,0,16,174
11/01/2020,ICT,KS,ACE,CE,Combined TRACON& Tower with Radar,35,27,44,22,128,0,4,32,3,39,35,31,76,25,167,16,8,24,191
11/02/2020,ICT,KS,ACE,CE,Combined TRACON& Tower with Radar,37,38,75,91,241,0,6,56,2,64,37,44,131,93,305,28,80,108,413
11/03/2020,ICT,KS,ACE,CE,Combined TRACON& Tower with Radar,36,46,68,101,251,0,16,40,6,62,36,62,108,107,313,34,24,58,371
11/04/2020,ICT,KS,ACE,CE,Combined TRACON& Tower with Radar,33,54,65,100,252,0,11,43,8,62,33,65,108,108,314,84,184,268,582
11/05/2020,ICT,KS,ACE,CE,Combined TRACON& Tower with Radar,41,49,66,60,216,0,10,63,1,74,41,59,129,61,290,14,20,34,324
11/06/2020,ICT,KS,ACE,CE,Combined TRACON& Tower with Radar,50,53,60,31,194,0,5,38,4,47,50,58,98,35,241,36,24,60,301
11/07/2020,ICT,KS,ACE,CE,Combined TRACON& Tower with Radar,35,40,24,21,120,0,3,23,5,31,35,43,47,26,151,4,0,4,155
11/08/2020,ICT,KS,ACE,CE,Combined TRACON& Tower with Radar,38,36,41,17,132,0,4,10,0,14,38,40,51,17,146,0,0,0,146
11/09/2020,ICT,KS,ACE,CE,Combined TRACON& Tower with Radar,36,46,53,28,163,0,0,9,0,9,36,46,62,28,172,0,0,0,172
11/10/2020,ICT,KS,ACE,CE,Combined TRACON& Tower with Radar,34,45,49,14,142,0,7,18,0,25,34,52,67,14,167,54,0,54,221
11/11/2020,ICT,KS,ACE,CE,Combined TRACON& Tower with Radar,34,58,64,6,162,0,10,41,6,57,34,68,105,12,219,60,0,60,279
11/12/2020,ICT,KS,ACE,CE,Combined TRACON& Tower with Radar,42,54,51,55,202,0,2,27,4,33,42,56,78,59,235,24,58,82,317
11/13/2020,ICT,KS,ACE,CE,Combined TRACON& Tower with Radar,43,40,67,49,199,0,3,34,6,43,43,43,101,55,242,52,116,168,410
11/14/2020,ICT,KS,ACE,CE,Combined TRACON& Tower with Radar,36,33,27,0,96,0,2,10,0,12,36,35,37,0,108,18,0,18,126
11/15/2020,ICT,KS,ACE,CE,Combined TRACON& Tower with Radar,38,33,32,1,104,0,1,32,4,37,38,34,64,5,141,26,0,26,167
11/16/2020,ICT,KS,ACE,CE,Combined TRACON& Tower with Radar,35,41,72,60,208,0,3,41,4,48,35,44,113,64,256,12,6,18,274
11/17/2020,ICT,KS,ACE,CE,Combined TRACON& Tower with Radar,34,42,66,79,221,0,9,65,10,84,34,51,131,89,305,118,56,174,479
11/18/2020,ICT,KS,ACE,CE,Combined TRACON& Tower with Radar,34,66,62,42,204,0,4,26,6,36,34,70,88,48,240,0,10,10,250
11/19/2020,ICT,KS,ACE,CE,Combined TRACON& Tower with Radar,43,58,83,43,227,0,5,51,2,58,43,63,134,45,285,66,44,110,395
11/20/2020,ICT,KS,ACE,CE,Combined TRACON& Tower with Radar,45,55,87,12,199,0,5,20,4,29,45,60,107,16,228,18,0,18,246
11/21/2020,ICT,KS,ACE,CE,Combined TRACON& Tower with Radar,40,41,53,0,134,0,0,0,0,0,40,41,53,0,134,0,0,0,134
11/22/2020,ICT,KS,ACE,CE,Combined TRACON& Tower with Radar,39,33,45,8,125,0,1,29,4,34,39,34,74,12,159,10,0,10,169
11/23/2020,ICT,KS,ACE,CE,Combined TRACON& Tower with Radar,43,32,48,21,144,0,2,14,4,20,43,34,62,25,164,18,32,50,214
11/24/2020,ICT,KS,ACE,CE,Combined TRACON& Tower with Radar,53,62,52,0,167,0,0,1,0,1,53,62,53,0,168,0,0,0,168
11/25/2020,ICT,KS,ACE,CE,Combined TRACON& Tower with Radar,52,44,46,56,198,0,7,55,6,68,52,51,101,62,266,70,34,104,370
11/26/2020,ICT,KS,ACE,CE,Combined TRACON& Tower with Radar,20,16,15,0,51,0,1,8,0,9,20,17,23,0,60,0,0,0,60
11/27/2020,ICT,KS,ACE,CE,Combined TRACON& Tower with Radar,37,32,23,3,95,0,3,29,5,37,37,35,52,8,132,0,0,0,132
11/28/2020,ICT,KS,ACE,CE,Combined TRACON& Tower with Radar,42,36,35,2,115,0,5,30,2,37,42,41,65,4,152,0,0,0,152
11/29/2020,ICT,KS,ACE,CE,Combined TRACON& Tower with Radar,45,27,45,1,118,0,1,5,1,7,45,28,50,2,125,18,0,18,143
11/30/2020,ICT,KS,ACE,CE,Combined TRACON& Tower with Radar,42,29,57,53,181,0,5,33,6,44,42,34,90,59,225,26,50,76,301
12/01/2020,ICT,KS,ACE,CE,Combined TRACON& Tower with Radar,39,50,71,78,238,0,8,55,12,75,39,58,126,90,313,42,80,122,435
12/02/2020,ICT,KS,ACE,CE,Combined TRACON& Tower with Radar,36,44,49,25,154,0,1,5,0,6,36,45,54,25,160,0,30,30,190
12/03/2020,ICT,KS,ACE,CE,Combined TRACON& Tower with Radar,41,49,39,54,183,0,2,12,1,15,41,51,51,55,198,6,28,34,232
12/04/2020,ICT,KS,ACE,CE,Combined TRACON& Tower with Radar,41,50,60,28,179,0,4,55,10,69,41,54,115,38,248,6,134,140,388
12/05/2020,ICT,KS,ACE,CE,Combined TRACON& Tower with Radar,36,34,40,1,111,0,3,62,5,70,36,37,102,6,181,0,0,0,181
12/06/2020,ICT,KS,ACE,CE,Combined TRACON& Tower with Radar,33,30,44,10,117,0,2,54,5,61,33,32,98,15,178,42,0,42,220
12/07/2020,ICT,KS,ACE,CE,Combined TRACON& Tower with Radar,34,36,77,22,169,0,2,51,4,57,34,38,128,26,226,16,64,80,306
12/08/2020,ICT,KS,ACE,CE,Combined TRACON& Tower with Radar,38,51,63,28,180,0,6,53,8,67,38,57,116,36,247,66,68,134,381
12/09/2020,ICT,KS,ACE,CE,Combined TRACON& Tower with Radar,39,48,86,30,203,0,5,88,8,101,39,53,174,38,304,62,44,106,410
12/10/2020,ICT,KS,ACE,CE,Combined TRACON& Tower with Radar,44,63,92,66,265,0,5,52,11,68,44,68,144,77,333,48,68,116,449
12/11/2020,ICT,KS,ACE,CE,Combined TRACON& Tower with Radar,45,56,79,14,194,0,2,7,0,9,45,58,86,14,203,0,0,0,203
12/12/2020,ICT,KS,ACE,CE,Combined TRACON& Tower with Radar,35,33,35,0,103,0,0,7,0,7,35,33,42,0,110,18,0,18,128
12/13/2020,ICT,KS,ACE,CE,Combined TRACON& Tower with Radar,32,30,33,0,95,0,3,11,1,15,32,33,44,1,110,0,0,0,110
12/14/2020,ICT,KS,ACE,CE,Combined TRACON& Tower with Radar,36,40,71,8,155,0,5,31,5,41,36,45,102,13,196,46,12,58,254
12/15/2020,ICT,KS,ACE,CE,Combined TRACON& Tower with Radar,38,43,65,1,147,0,2,4,0,6,38,45,69,1,153,0,0,0,153
12/16/2020,ICT,KS,ACE,CE,Combined TRACON& Tower with Radar,38,53,91,3,185,0,8,22,7,37,38,61,113,10,222,22,0,22,244
12/17/2020,ICT,KS,ACE,CE,Combined TRACON& Tower with Radar,42,57,103,33,235,0,5,69,20,94,42,62,172,53,329,48,82,130,459
12/18/2020,ICT,KS,ACE,CE,Combined TRACON& Tower with Radar,40,52,95,34,221,0,4,38,7,49,40,56,133,41,270,0,0,0,270
12/19/2020,ICT,KS,ACE,CE,Combined TRACON& Tower with Radar,46,38,59,13,156,0,5,61,5,71,46,43,120,18,227,8,16,24,251
12/20/2020,ICT,KS,ACE,CE,Combined TRACON& Tower with Radar,38,24,34,9,105,0,5,48,8,61,38,29,82,17,166,20,0,20,186
12/21/2020,ICT,KS,ACE,CE,Combined TRACON& Tower with Radar,33,39,68,32,172,0,7,44,9,60,33,46,112,41,232,54,30,84,316
12/22/2020,ICT,KS,ACE,CE,Combined TRACON& Tower with Radar,40,56,85,69,250,0,7,22,7,36,40,63,107,76,286,28,48,76,362
12/23/2020,ICT,KS,ACE,CE,Combined TRACON& Tower with Radar,48,71,66,0,185,0,4,15,2,21,48,75,81,2,206,44,0,44,250
12/24/2020,ICT,KS,ACE,CE,Combined TRACON& Tower with Radar,33,39,27,0,99,0,4,15,0,19,33,43,42,0,118,52,0,52,170
12/25/2020,ICT,KS,ACE,CE,Combined TRACON& Tower with Radar,17,30,11,0,58,0,5,17,3,25,17,35,28,3,83,0,0,0,83
12/26/2020,ICT,KS,ACE,CE,Combined TRACON& Tower with Radar,41,36,37,0,114,0,5,49,2,56,41,41,86,2,170,16,0,16,186
12/27/2020,ICT,KS,ACE,CE,Combined TRACON& Tower with Radar,36,22,47,0,105,0,5,15,1,21,36,27,62,1,126,0,0,0,126
12/28/2020,ICT,KS,ACE,CE,Combined TRACON& Tower with Radar,33,37,57,4,131,0,0,38,0,38,33,37,95,4,169,36,0,36,205
12/29/2020,ICT,KS,ACE,CE,Combined TRACON& Tower with Radar,39,45,44,0,128,0,0,0,0,0,39,45,44,0,128,0,0,0,128
12/30/2020,ICT,KS,ACE,CE,Combined TRACON& Tower with Radar,43,50,53,7,153,0,3,29,5,37,43,53,82,12,190,0,0,0,190
12/31/2020,ICT,KS,ACE,CE,Combined TRACON& Tower with Radar,28,41,39,0,108,0,3,23,0,26,28,44,62,0,134,0,0,0,134
01/01/2021,ICT,KS,ACE,CE,Combined TRACON& Tower with Radar,20,23,13,0,56,0,1,1,1,3,20,24,14,1,59,0,0,0,59
01/02/2021,ICT,KS,ACE,CE,Combined TRACON& Tower with Radar,39,31,32,0,102,0,1,23,0,24,39,32,55,0,126,6,0,6,132
01/03/2021,ICT,KS,ACE,CE,Combined TRACON& Tower with Radar,39,33,57,0,129,0,0,15,0,15,39,33,72,0,144,6,12,18,162
01/04/2021,ICT,KS,ACE,CE,Combined TRACON& Tower with Radar,30,43,43,0,116,0,4,31,1,36,30,47,74,1,152,8,0,8,160
01/05/2021,ICT,KS,ACE,CE,Combined TRACON& Tower with Radar,32,43,57,41,173,0,1,38,2,41,32,44,95,43,214,0,18,18,232
01/06/2021,ICT,KS,ACE,CE,Combined TRACON& Tower with Radar,31,59,50,98,238,0,6,14,7,27,31,65,64,105,265,8,130,138,403
01/07/2021,ICT,KS,ACE,CE,Combined TRACON& Tower with Radar,31,49,54,0,134,0,0,1,0,1,31,49,55,0,135,0,0,0,135
01/08/2021,ICT,KS,ACE,CE,Combined TRACON& Tower with Radar,33,46,42,5,126,0,3,8,1,12,33,49,50,6,138,0,0,0,138
01/09/2021,ICT,KS,ACE,CE,Combined TRACON& Tower with Radar,27,51,43,0,121,0,2,33,2,37,27,53,76,2,158,80,0,80,238
01/10/2021,ICT,KS,ACE,CE,Combined TRACON& Tower with Radar,25,39,39,0,103,0,1,17,2,20,25,40,56,2,123,24,0,24,147
01/11/2021,ICT,KS,ACE,CE,Combined TRACON& Tower with Radar,26,37,25,57,145,0,6,32,2,40,26,43,57,59,185,20,104,124,309
01/12/2021,ICT,KS,ACE,CE,Combined TRACON& Tower with Radar,29,48,60,53,190,0,6,70,4,80,29,54,130,57,270,30,42,72,342
01/13/2021,ICT,KS,ACE,CE,Combined TRACON& Tower with Radar,28,60,69,64,221,0,3,35,4,42,28,63,104,68,263,20,94,114,377
01/14/2021,ICT,KS,ACE,CE,Combined TRACON& Tower with Radar,31,54,51,8,144,0,4,14,0,18,31,58,65,8,162,0,0,0,162
01/15/2021,ICT,KS,ACE,CE,Combined TRACON& Tower with Radar,35,40,44,0,119,0,0,4,0,4,35,40,48,0,123,6,0,6,129
01/16/2021,ICT,KS,ACE,CE,Combined TRACON& Tower with Radar,28,32,29,0,89,0,4,59,1,64,28,36,88,1,153,70,0,70,223
01/17/2021,ICT,KS,ACE,CE,Combined TRACON& Tower with Radar,23,40,35,0,98,0,2,31,2,35,23,42,66,2,133,26,0,26,159
01/18/2021,ICT,KS,ACE,CE,Combined TRACON& Tower with Radar,26,35,25,0,86,0,2,30,0,32,26,37,55,0,118,0,0,0,118
01/19/2021,ICT,KS,ACE,CE,Combined TRACON& Tower with Radar,29,46,48,44,167,0,10,41,7,58,29,56,89,51,225,12,28,40,265
01/20/2021,ICT,KS,ACE,CE,Combined TRACON& Tower with Radar,30,39,63,68,200,0,5,42,3,50,30,44,105,71,250,40,98,138,388
01/21/2021,ICT,KS,ACE,CE,Combined TRACON& Tower with Radar,31,54,58,60,203,0,6,63,12,81,31,60,121,72,284,54,20,74,358
01/22/2021,ICT,KS,ACE,CE,Combined TRACON& Tower with Radar,33,47,55,49,184,0,11,42,6,59,33,58,97,55,243,14,72,86,329
01/23/2021,ICT,KS,ACE,CE,Combined TRACON& Tower with Radar,22,29,37,7,95,0,4,13,2,19,22,33,50,9,114,6,0,6,120
01/24/2021,ICT,KS,ACE,CE,Combined TRACON& Tower with Radar,28,56,31,25,140,0,0,0,0,0,28,56,31,25,140,0,0,0,140
01/25/2021,ICT,KS,ACE,CE,Combined TRACON& Tower with Radar,25,35,38,0,98,0,0,0,0,0,25,35,38,0,98,0,0,0,98
01/26/2021,ICT,KS,ACE,CE,Combined TRACON& Tower with Radar,31,62,62,11,166,0,0,10,0,10,31,62,72,11,176,0,0,0,176
01/27/2021,ICT,KS,ACE,CE,Combined TRACON& Tower with Radar,29,49,52,23,153,0,2,5,0,7,29,51,57,23,160,26,0,26,186
01/28/2021,ICT,KS,ACE,CE,Combined TRACON& Tower with Radar,31,53,66,14,164,0,2,30,3,35,31,55,96,17,199,42,38,80,279
01/29/2021,ICT,KS,ACE,CE,Combined TRACON& Tower with Radar,34,56,52,7,149,0,0,45,6,51,34,56,97,13,200,44,8,52,252
01/30/2021,ICT,KS,ACE,CE,Combined TRACON& Tower with Radar,26,30,24,0,80,0,0,1,0,1,26,30,25,0,81,0,0,0,81
01/31/2021,ICT,KS,ACE,CE,Combined TRACON& Tower with Radar,27,27,30,2,86,0,0,8,2,10,27,27,38,4,96,38,0,38,134
02/01/2021,ICT,KS,ACE,CE,Combined TRACON& Tower with Radar,26,43,41,28,138,0,7,57,4,68,26,50,98,32,206,16,76,92,298
02/02/2021,ICT,KS,ACE,CE,Combined TRACON& Tower with Radar,32,53,46,68,199,0,10,49,2,61,32,63,95,70,260,58,22,80,340
02/03/2021,ICT,KS,ACE,CE,Combined TRACON& Tower with Radar,29,64,49,33,175,0,6,55,7,68,29,70,104,40,243,22,102,124,367
02/04/2021,ICT,KS,ACE,CE,Combined TRACON& Tower with Radar,31,48,45,1,125,0,3,13,3,19,31,51,58,4,144,12,0,12,156
02/05/2021,ICT,KS,ACE,CE,Combined TRACON& Tower with Radar,33,55,62,16,166,0,10,61,9,80,33,65,123,25,246,56,78,134,380
02/06/2021,ICT,KS,ACE,CE,Combined TRACON& Tower with Radar,29,36,20,0,85,0,0,3,0,3,29,36,23,0,88,0,0,0,88
02/07/2021,ICT,KS,ACE,CE,Combined TRACON& Tower with Radar,27,21,17,0,65,0,0,0,0,0,27,21,17,0,65,0,0,0,65
02/08/2021,ICT,KS,ACE,CE,Combined TRACON& Tower with Radar,27,31,34,1,93,0,0,0,0,0,27,31,34,1,93,0,0,0,93
02/09/2021,ICT,KS,ACE,CE,Combined TRACON& Tower with Radar,28,42,51,4,125,0,0,2,0,2,28,42,53,4,127,6,0,6,133
02/10/2021,ICT,KS,ACE,CE,Combined TRACON& Tower with Radar,29,61,42,0,132,0,0,4,0,4,29,61,46,0,136,0,0,0,136
02/11/2021,ICT,KS,ACE,CE,Combined TRACON& Tower with Radar,33,60,33,3,129,0,0,2,0,2,33,60,35,3,131,0,0,0,131
02/12/2021,ICT,KS,ACE,CE,Combined TRACON& Tower with Radar,40,45,49,7,141,0,0,25,1,26,40,45,74,8,167,2,0,2,169
02/13/2021,ICT,KS,ACE,CE,Combined TRACON& Tower with Radar,30,37,45,0,112,0,3,9,0,12,30,40,54,0,124,0,0,0,124
02/14/2021,ICT,KS,ACE,CE,Combined TRACON& Tower with Radar,16,27,13,0,56,0,0,0,0,0,16,27,13,0,56,0,0,0,56
02/15/2021,ICT,KS,ACE,CE,Combined TRACON& Tower with Radar,17,28,33,0,78,0,1,4,1,6,17,29,37,1,84,4,0,4,88
02/16/2021,ICT,KS,ACE,CE,Combined TRACON& Tower with Radar,24,44,30,2,100,0,2,3,1,6,24,46,33,3,106,10,0,10,116
02/17/2021,ICT,KS,ACE,CE,Combined TRACON& Tower with Radar,24,55,49,4,132,0,6,11,2,19,24,61,60,6,151,24,4,28,179
02/18/2021,ICT,KS,ACE,CE,Combined TRACON& Tower with Radar,33,54,57,6,150,1,6,29,7,43,34,60,86,13,193,26,22,48,241
02/19/2021,ICT,KS,ACE,CE,Combined TRACON& Tower with Radar,29,60,45,8,142,0,11,44,1,56,29,71,89,9,198,22,0,22,220
02/20/2021,ICT,KS,ACE,CE,Combined TRACON& Tower with Radar,29,45,34,12,120,0,4,44,1,49,29,49,78,13,169,38,0,38,207
02/21/2021,ICT,KS,ACE,CE,Combined TRACON& Tower with Radar,30,39,46,3,118,0,3,15,0,18,30,42,61,3,136,8,0,8,144
02/22/2021,ICT,KS,ACE,CE,Combined TRACON& Tower with Radar,30,45,63,80,218,0,4,51,5,60,30,49,114,85,278,30,64,94,372
02/23/2021,ICT,KS,ACE,CE,Combined TRACON& Tower with Radar,30,58,57,50,195,0,4,59,1,64,30,62,116,51,259,80,52,132,391
02/24/2021,ICT,KS,ACE,CE,Combined TRACON& Tower with Radar,30,56,68,30,184,0,4,59,9,72,30,60,127,39,256,40,12,52,308
02/25/2021,ICT,KS,ACE,CE,Combined TRACON& Tower with Radar,35,62,76,55,228,0,6,53,10,69,35,68,129,65,297,72,6,78,375
02/26/2021,ICT,KS,ACE,CE,Combined TRACON& Tower with Radar,38,53,70,39,200,0,8,49,1,58,38,61,119,40,258,44,110,154,412
02/27/2021,ICT,KS,ACE,CE,Combined TRACON& Tower with Radar,30,50,20,0,100,0,0,11,0,11,30,50,31,0,111,4,0,4,115
02/28/2021,ICT,KS,ACE,CE,Combined TRACON& Tower with Radar,28,25,42,20,115,0,4,54,1,59,28,29,96,21,174,32,10,42,216
03/01/2021,ICT,KS,ACE,CE,Combined TRACON& Tower with Radar,33,47,63,27,170,3,2,77,0,82,36,49,140,27,252,36,4,40,292
03/02/2021,ICT,KS,ACE,CE,Combined TRACON& Tower with Radar,32,58,68,14,172,0,6,58,9,73,32,64,126,23,245,58,34,92,337
03/03/2021,ICT,KS,ACE,CE,Combined TRACON& Tower with Radar,36,61,75,28,200,0,6,59,3,68,36,67,134,31,268,18,0,18,286
03/04/2021,ICT,KS,ACE,CE,Combined TRACON& Tower with Radar,45,57,81,47,230,0,6,41,6,53,45,63,122,53,283,4,0,4,287
03/05/2021,ICT,KS,ACE,CE,Combined TRACON& Tower with Radar,46,40,51,6,143,0,3,35,0,38,46,43,86,6,181,22,6,28,209
03/06/2021,ICT,KS,ACE,CE,Combined TRACON& Tower with Radar,36,34,37,21,128,0,2,60,6,68,36,36,97,27,196,86,0,86,282
03/07/2021,ICT,KS,ACE,CE,Combined TRACON& Tower with Radar,42,26,36,9,113,0,6,21,3,30,42,32,57,12,143,33,0,33,176
03/08/2021,ICT,KS,ACE,CE,Combined TRACON& Tower with Radar,45,45,73,44,207,0,2,44,3,49,45,47,117,47,256,14,8,22,278
03/09/2021,ICT,KS,ACE,CE,Combined TRACON& Tower with Radar,38,42,75,49,204,0,2,31,2,35,38,44,106,51,239,4,18,22,261
03/10/2021,ICT,KS,ACE,CE,Combined TRACON& Tower with Radar,40,49,72,56,217,0,2,17,2,21,40,51,89,58,238,16,14,30,268
03/11/2021,ICT,KS,ACE,CE,Combined TRACON& Tower with Radar,44,54,66,4,168,0,7,73,6,86,44,61,139,10,254,10,0,10,264
03/12/2021,ICT,KS,ACE,CE,Combined TRACON& Tower with Radar,50,39,68,0,157,0,0,0,0,0,50,39,68,0,157,0,0,0,157
03/13/2021,ICT,KS,ACE,CE,Combined TRACON& Tower with Radar,31,27,29,0,87,0,0,1,0,1,31,27,30,0,88,0,0,0,88
03/14/2021,ICT,KS,ACE,CE,Combined TRACON& Tower with Radar,40,32,36,1,109,0,2,18,4,24,40,34,54,5,133,8,0,8,141
03/15/2021,ICT,KS,ACE,CE,Combined TRACON& Tower with Radar,39,47,70,35,191,0,1,49,2,52,39,48,119,37,243,6,18,24,267
03/16/2021,ICT,KS,ACE,CE,Combined TRACON& Tower with Radar,37,52,101,5,195,0,3,71,8,82,37,55,172,13,277,4,0,4,281
03/17/2021,ICT,KS,ACE,CE,Combined TRACON& Tower with Radar,36,40,37,0,113,0,0,2,0,2,36,40,39,0,115,0,0,0,115
03/18/2021,ICT,KS,ACE,CE,Combined TRACON& Tower with Radar,50,54,68,6,178,0,4,12,0,16,50,58,80,6,194,8,0,8,202
03/19/2021,ICT,KS,ACE,CE,Combined TRACON& Tower with Radar,52,45,76,25,198,0,2,98,10,110,52,47,174,35,308,38,0,38,346
03/20/2021,ICT,KS,ACE,CE,Combined TRACON& Tower with Radar,35,28,40,11,114,0,9,67,4,80,35,37,107,15,194,70,0,70,264
03/21/2021,ICT,KS,ACE,CE,Combined TRACON& Tower with Radar,39,27,31,2,99,0,7,11,3,21,39,34,42,5,120,8,0,8,128
03/22/2021,ICT,KS,ACE,CE,Combined TRACON& Tower with Radar,39,43,55,0,137,0,0,5,0,5,39,43,60,0,142,0,0,0,142
03/23/2021,ICT,KS,ACE,CE,Combined TRACON& Tower with Radar,41,47,71,2,161,0,0,4,0,4,41,47,75,2,165,0,0,0,165
03/24/2021,ICT,KS,ACE,CE,Combined TRACON& Tower with Radar,42,44,112,23,221,0,1,13,2,16,42,45,125,25,237,0,0,0,237
03/25/2021,ICT,KS,ACE,CE,Combined TRACON& Tower with Radar,43,52,95,31,221,0,2,24,0,26,43,54,119,31,247,30,0,30,277
03/26/2021,ICT,KS,ACE,CE,Combined TRACON& Tower with Radar,53,42,56,23,174,1,0,66,8,75,54,42,122,31,249,26,4,30,279
03/27/2021,ICT,KS,ACE,CE,Combined TRACON& Tower with Radar,34,30,55,9,128,0,3,42,2,47,34,33,97,11,175,20,10,30,205
03/28/2021,ICT,KS,ACE,CE,Combined TRACON& Tower with Radar,41,44,44,9,138,0,5,72,8,85,41,49,116,17,223,28,0,28,251
03/29/2021,ICT,KS,ACE,CE,Combined TRACON& Tower with Radar,45,41,52,7,145,0,2,21,0,23,45,43,73,7,168,0,0,0,168
03/30/2021,ICT,KS,ACE,CE,Combined TRACON& Tower with Radar,46,54,79,22,201,0,5,40,4,49,46,59,119,26,250,18,0,18,268
03/31/2021,ICT,KS,ACE,CE,Combined TRACON& Tower with Radar,46,46,64,36,192,0,10,60,1,71,46,56,124,37,263,100,0,100,363
04/01/2021,ICT,KS,ACE,CE,Combined TRACON& Tower with Radar,48,47,92,13,200,0,4,73,3,80,48,51,165,16,280,54,0,54,334
04/02/2021,ICT,KS,ACE,CE,Combined TRACON& Tower with Radar,51,54,39,4,148,0,4,34,2,40,51,58,73,6,188,0,0,0,188
04/03/2021,ICT,KS,ACE,CE,Combined TRACON& Tower with Radar,33,29,21,6,89,0,4,47,0,51,33,33,68,6,140,25,0,25,165
04/04/2021,ICT,KS,ACE,CE,Combined TRACON& Tower with Radar,41,23,19,2,85,0,6,12,0,18,41,29,31,2,103,14,0,14,117
04/05/2021,ICT,KS,ACE,CE,Combined TRACON& Tower with Radar,45,32,59,13,149,0,9,37,4,50,45,41,96,17,199,12,8,20,219
04/06/2021,ICT,KS,ACE,CE,Combined TRACON& Tower with Radar,43,46,53,14,156,0,0,9,0,9,43,46,62,14,165,30,0,30,195
04/07/2021,ICT,KS,ACE,CE,Combined TRACON& Tower with Radar,41,50,72,2,165,0,0,0,0,0,41,50,72,2,165,6,0,6,171
04/08/2021,ICT,KS,ACE,CE,Combined TRACON& Tower with Radar,50,63,73,23,209,0,11,60,5,76,50,74,133,28,285,36,42,78,363
04/09/2021,ICT,KS,ACE,CE,Combined TRACON& Tower with Radar,52,43,78,30,203,0,2,42,3,47,52,45,120,33,250,30,6,36,286
04/10/2021,ICT,KS,ACE,CE,Combined TRACON& Tower with Radar,38,36,35,0,109,0,4,30,3,37,38,40,65,3,146,0,0,0,146
04/11/2021,ICT,KS,ACE,CE,Combined TRACON& Tower with Radar,41,27,51,16,135,0,9,72,4,85,41,36,123,20,220,92,0,92,312
04/12/2021,ICT,KS,ACE,CE,Combined TRACON& Tower with Radar,43,38,69,6,156,0,2,36,1,39,43,40,105,7,195,16,0,16,211
04/13/2021,ICT,KS,ACE,CE,Combined TRACON& Tower with Radar,42,46,77,30,195,0,5,59,3,67,42,51,136,33,262,46,12,58,320
04/14/2021,ICT,KS,ACE,CE,Combined TRACON& Tower with Radar,40,45,85,33,203,0,7,60,3,70,40,52,145,36,273,10,54,64,337
04/15/2021,ICT,KS,ACE,CE,Combined TRACON& Tower with Radar,47,39,90,32,208,0,3,47,2,52,47,42,137,34,260,38,120,158,418
04/16/2021,ICT,KS,ACE,CE,Combined TRACON& Tower with Radar,50,48,71,1,170,0,0,0,0,0,50,48,71,1,170,0,0,0,170
04/17/2021,ICT,KS,ACE,CE,Combined TRACON& Tower with Radar,37,39,35,0,111,0,3,20,0,23,37,42,55,0,134,60,0,60,194
04/18/2021,ICT,KS,ACE,CE,Combined TRACON& Tower with Radar,39,22,38,0,99,0,0,58,2,60,39,22,96,2,159,58,0,58,217
04/19/2021,ICT,KS,ACE,CE,Combined TRACON& Tower with Radar,45,33,57,13,148,0,1,42,6,49,45,34,99,19,197,2,0,2,199
04/20/2021,ICT,KS,ACE,CE,Combined TRACON& Tower with Radar,44,43,57,6,150,0,4,27,4,35,44,47,84,10,185,24,0,24,209
04/21/2021,ICT,KS,ACE,CE,Combined TRACON& Tower with Radar,40,52,81,9,182,0,5,72,7,84,40,57,153,16,266,34,0,34,300
04/22/2021,ICT,KS,ACE,CE,Combined TRACON& Tower with Radar,48,54,76,0,178,0,6,23,4,33,48,60,99,4,211,22,0,22,233
04/23/2021,ICT,KS,ACE,CE,Combined TRACON& Tower with Radar,51,37,53,2,143,0,2,5,0,7,51,39,58,2,150,10,0,10,160
04/24/2021,ICT,KS,ACE,CE,Combined TRACON& Tower with Radar,37,39,56,2,134,0,3,60,5,68,37,42,116,7,202,74,0,74,276
04/25/2021,ICT,KS,ACE,CE,Combined TRACON& Tower with Radar,39,30,35,3,107,0,6,13,2,21,39,36,48,5,128,10,0,10,138
04/26/2021,ICT,KS,ACE,CE,Combined TRACON& Tower with Radar,45,46,63,26,180,0,8,22,1,31,45,54,85,27,211,18,12,30,241
04/27/2021,ICT,KS,ACE,CE,Combined TRACON& Tower with Radar,40,54,61,15,170,0,7,28,4,39,40,61,89,19,209,38,10,48,257
04/28/2021,ICT,KS,ACE,CE,Combined TRACON& Tower with Radar,44,39,60,24,167,0,2,3,2,7,44,41,63,26,174,0,10,10,184
04/29/2021,ICT,KS,ACE,CE,Combined TRACON& Tower with Radar,46,48,80,16,190,0,10,64,14,88,46,58,144,30,278,32,0,32,310
04/30/2021,ICT,KS,ACE,CE,Combined TRACON& Tower with Radar,49,60,70,22,201,0,10,114,2,126,49,70,184,24,327,127,10,137,464
05/01/2021,ICT,KS,ACE,CE,Combined TRACON& Tower with Radar,37,27,37,10,111,0,2,75,0,77,37,29,112,10,188,24,14,38,226
05/02/2021,ICT,KS,ACE,CE,Combined TRACON& Tower with Radar,39,42,50,0,131,0,2,7,1,10,39,44,57,1,141,0,0,0,141
05/03/2021,ICT,KS,ACE,CE,Combined TRACON& Tower with Radar,40,53,93,34,220,0,3,26,0,29,40,56,119,34,249,22,0,22,271
05/04/2021,ICT,KS,ACE,CE,Combined TRACON& Tower with Radar,42,62,77,27,208,0,9,44,7,60,42,71,121,34,268,64,8,72,340
05/05/2021,ICT,KS,ACE,CE,Combined TRACON& Tower with Radar,40,58,83,4,185,0,5,48,1,54,40,63,131,5,239,38,0,38,277
05/06/2021,ICT,KS,ACE,CE,Combined TRACON& Tower with Radar,56,53,90,2,201,0,4,53,3,60,56,57,143,5,261,24,4,28,289
05/07/2021,ICT,KS,ACE,CE,Combined TRACON& Tower with Radar,56,43,73,10,182,0,2,31,0,33,56,45,104,10,215,24,0,24,239
05/08/2021,ICT,KS,ACE,CE,Combined TRACON& Tower with Radar,43,34,24,0,101,0,4,31,2,37,43,38,55,2,138,24,0,24,162
05/09/2021,ICT,KS,ACE,CE,Combined TRACON& Tower with Radar,42,33,34,0,109,0,2,4,0,6,42,35,38,0,115,2,0,2,117
05/10/2021,ICT,KS,ACE,CE,Combined TRACON& Tower with Radar,49,43,67,2,161,0,4,23,2,29,49,47,90,4,190,22,0,22,212
05/11/2021,ICT,KS,ACE,CE,Combined TRACON& Tower with Radar,53,59,61,15,188,0,2,28,4,34,53,61,89,19,222,6,60,66,288
05/12/2021,ICT,KS,ACE,CE,Combined TRACON& Tower with Radar,47,46,75,27,195,0,6,80,6,92,47,52,155,33,287,22,28,50,337
05/13/2021,ICT,KS,ACE,CE,Combined TRACON& Tower with Radar,55,68,91,11,225,0,12,66,5,83,55,80,157,16,308,0,0,0,308
05/14/2021,ICT,KS,ACE,CE,Combined TRACON& Tower with Radar,56,44,57,6,163,0,4,29,1,34,56,48,86,7,197,18,0,18,215
05/15/2021,ICT,KS,ACE,CE,Combined TRACON& Tower with Radar,42,22,34,0,98,0,2,11,2,15,42,24,45,2,113,12,0,12,125
05/16/2021,ICT,KS,ACE,CE,Combined TRACON& Tower with Radar,39,39,32,2,112,0,2,4,4,10,39,41,36,6,122,0,0,0,122
05/17/2021,ICT,KS,ACE,CE,Combined TRACON& Tower with Radar,50,39,83,29,201,0,2,17,0,19,50,41,100,29,220,12,14,26,246
05/18/2021,ICT,KS,ACE,CE,Combined TRACON& Tower with Radar,46,36,67,10,159,0,0,9,0,9,46,36,76,10,168,0,0,0,168
05/19/2021,ICT,KS,ACE,CE,Combined TRACON& Tower with Radar,49,44,95,0,188,1,1,7,2,11,50,45,102,2,199,18,0,18,217
05/20/2021,ICT,KS,ACE,CE,Combined TRACON& Tower with Radar,51,47,93,15,206,0,2,20,1,23,51,49,113,16,229,12,10,22,251
05/21/2021,ICT,KS,ACE,CE,Combined TRACON& Tower with Radar,57,52,115,22,246,0,8,34,2,44,57,60,149,24,290,6,12,18,308
05/22/2021,ICT,KS,ACE,CE,Combined TRACON& Tower with Radar,43,33,44,5,125,0,0,1,0,1,43,33,45,5,126,0,0,0,126
05/23/2021,ICT,KS,ACE,CE,Combined TRACON& Tower with Radar,42,42,65,7,156,0,0,1,0,1,42,42,66,7,157,0,0,0,157
05/24/2021,ICT,KS,ACE,CE,Combined TRACON& Tower with Radar,45,56,81,6,188,0,0,2,0,2,45,56,83,6,190,4,8,12,202
05/25/2021,ICT,KS,ACE,CE,Combined TRACON& Tower with Radar,49,39,72,23,183,0,0,25,3,28,49,39,97,26,211,28,14,42,253
05/26/2021,ICT,KS,ACE,CE,Combined TRACON& Tower with Radar,53,50,79,9,191,0,4,72,3,79,53,54,151,12,270,34,0,34,304
05/27/2021,ICT,KS,ACE,CE,Combined TRACON& Tower with Radar,46,40,71,0,157,0,1,15,3,19,46,41,86,3,176,6,0,6,182
05/28/2021,ICT,KS,ACE,CE,Combined TRACON& Tower with Radar,55,51,60,0,166,0,3,53,1,57,55,54,113,1,223,42,0,42,265
05/29/2021,ICT,KS,ACE,CE,Combined TRACON& Tower with Radar,49,28,43,0,120,0,8,35,3,46,49,36,78,3,166,4,0,4,170
05/30/2021,ICT,KS,ACE,CE,Combined TRACON& Tower with Radar,38,24,15,0,77,0,2,5,0,7,38,26,20,0,84,8,0,8,92
05/31/2021,ICT,KS,ACE,CE,Combined TRACON& Tower with Radar,35,38,29,0,102,0,0,0,0,0,35,38,29,0,102,0,0,0,102
06/01/2021,ICT,KS,ACE,CE,Combined TRACON& Tower with Radar,42,38,101,11,192,0,12,32,1,45,42,50,133,12,237,12,20,32,269
06/02/2021,ICT,KS,ACE,CE,Combined TRACON& Tower with Radar,54,53,70,4,181,0,5,36,4,45,54,58,106,8,226,34,0,34,260
06/03/2021,ICT,KS,ACE,CE,Combined TRACON& Tower with Radar,50,71,58,22,201,1,0,70,6,77,51,71,128,28,278,24,42,66,344
06/04/2021,ICT,KS,ACE,CE,Combined TRACON& Tower with Radar,53,44,83,40,220,1,2,58,8,69,54,46,141,48,289,36,54,90,379
06/05/2021,ICT,KS,ACE,CE,Combined TRACON& Tower with Radar,51,47,57,27,182,0,3,61,6,70,51,50,118,33,252,6,12,18,270
06/06/2021,ICT,KS,ACE,CE,Combined TRACON& Tower with Radar,42,29,56,13,140,0,5,16,2,23,42,34,72,15,163,24,0,24,187
06/07/2021,ICT,KS,ACE,CE,Combined TRACON& Tower with Radar,42,46,87,42,217,0,4,35,7,46,42,50,122,49,263,26,0,26,289
06/08/2021,ICT,KS,ACE,CE,Combined TRACON& Tower with Radar,51,57,92,20,220,0,4,42,1,47,51,61,134,21,267,16,26,42,309
06/09/2021,ICT,KS,ACE,CE,Combined TRACON& Tower with Radar,57,74,88,8,227,0,10,71,5,86,57,84,159,13,313,48,0,48,361
06/10/2021,ICT,KS,ACE,CE,Combined TRACON& Tower with Radar,54,54,95,12,215,0,4,40,4,48,54,58,135,16,263,40,0,40,303
06/11/2021,ICT,KS,ACE,CE,Combined TRACON& Tower with Radar,60,46,80,6,192,0,3,37,1,41,60,49,117,7,233,38,0,38,271
06/12/2021,ICT,KS,ACE,CE,Combined TRACON& Tower with Radar,44,30,50,12,136,0,1,51,2,54,44,31,101,14,190,30,0,30,220
06/13/2021,ICT,KS,ACE,CE,Combined TRACON& Tower with Radar,47,32,56,0,135,0,2,36,1,39,47,34,92,1,174,20,0,20,194
06/14/2021,ICT,KS,ACE,CE,Combined TRACON& Tower with Radar,49,49,91,38,227,0,1,51,4,56,49,50,142,42,283,21,20,41,324
06/15/2021,ICT,KS,ACE,CE,Combined TRACON& Tower with Radar,51,48,66,16,181,1,11,56,7,75,52,59,122,23,256,30,6,36,292
06/16/2021,ICT,KS,ACE,CE,Combined TRACON& Tower with Radar,52,58,83,6,199,0,2,69,5,76,52,60,152,11,275,16,18,34,309
06/17/2021,ICT,KS,ACE,CE,Combined TRACON& Tower with Radar,56,63,107,12,238,2,2,67,3,74,58,65,174,15,312,18,0,18,330
06/18/2021,ICT,KS,ACE,CE,Combined TRACON& Tower with Radar,57,41,71,4,173,0,3,51,5,59,57,44,122,9,232,24,0,24,256
06/19/2021,ICT,KS,ACE,CE,Combined TRACON& Tower with Radar,45,40,42,0,127,0,5,48,1,54,45,45,90,1,181,58,0,58,239
06/20/2021,ICT,KS,ACE,CE,Combined TRACON& Tower with Radar,48,31,52,7,138,0,1,18,6,25,48,32,70,13,163,12,0,12,175
06/21/2021,ICT,KS,ACE,CE,Combined TRACON& Tower with Radar,41,44,96,26,207,0,4,41,1,46,41,48,137,27,253,26,0,26,279
06/22/2021,ICT,KS,ACE,CE,Combined TRACON& Tower with Radar,49,55,94,20,218,0,6,67,2,75,49,61,161,22,293,18,0,18,311
06/23/2021,ICT,KS,ACE,CE,Combined TRACON& Tower with Radar,58,55,80,34,227,0,6,50,1,57,58,61,130,35,284,22,0,22,306
06/24/2021,ICT,KS,ACE,CE,Combined TRACON& Tower with Radar,72,62,93,36,263,0,3,32,5,40,72,65,125,41,303,10,8,18,321
06/25/2021,ICT,KS,ACE,CE,Combined TRACON& Tower with Radar,56,53,68,12,189,0,1,60,0,61,56,54,128,12,250,10,14,24,274
06/26/2021,ICT,KS,ACE,CE,Combined TRACON& Tower with Radar,41,41,60,3,145,0,1,24,1,26,41,42,84,4,171,54,0,54,225
06/27/2021,ICT,KS,ACE,CE,Combined TRACON& Tower with Radar,52,51,40,6,149,0,2,26,0,28,52,53,66,6,177,26,0,26,203
06/28/2021,ICT,KS,ACE,CE,Combined TRACON& Tower with Radar,41,38,73,11,163,0,0,19,1,20,41,38,92,12,183,18,0,18,201
06/29/2021,ICT,KS,ACE,CE,Combined TRACON& Tower with Radar,47,46,80,1,174,0,0,3,1,4,47,46,83,2,178,0,0,0,178
06/30/2021,ICT,KS,ACE,CE,Combined TRACON& Tower with Radar,56,68,110,0,234,0,1,12,0,13,56,69,122,0,247,12,0,12,259
07/01/2021,ICT,KS,ACE,CE,Combined TRACON& Tower with Radar,61,54,81,10,206,0,2,27,2,31,61,56,108,12,237,36,0,36,273
07/02/2021,ICT,KS,ACE,CE,Combined TRACON& Tower with Radar,49,64,82,4,199,1,4,50,2,57,50,68,132,6,256,36,0,36,292
07/03/2021,ICT,KS,ACE,CE,Combined TRACON& Tower with Radar,48,49,23,0,120,0,12,34,1,47,48,61,57,1,167,48,0,48,215
07/04/2021,ICT,KS,ACE,CE,Combined TRACON& Tower with Radar,48,33,9,0,90,0,9,28,1,38,48,42,37,1,128,0,0,0,128
07/05/2021,ICT,KS,ACE,CE,Combined TRACON& Tower with Radar,39,36,37,3,115,0,3,22,0,25,39,39,59,3,140,24,0,24,164
07/06/2021,ICT,KS,ACE,CE,Combined TRACON& Tower with Radar,47,48,67,21,183,0,6,70,6,82,47,54,137,27,265,98,0,98,363
07/07/2021,ICT,KS,ACE,CE,Combined TRACON& Tower with Radar,51,55,75,0,181,0,9,35,3,47,51,64,110,3,228,22,0,22,250
07/08/2021,ICT,KS,ACE,CE,Combined TRACON& Tower with Radar,52,53,97,13,215,1,6,70,1,78,53,59,167,14,293,68,0,68,361
07/09/2021,ICT,KS,ACE,CE,Combined TRACON& Tower with Radar,49,59,70,13,191,0,4,63,2,69,49,63,133,15,260,34,14,48,308
07/10/2021,ICT,KS,ACE,CE,Combined TRACON& Tower with Radar,43,29,33,2,107,0,0,24,2,26,43,29,57,4,133,58,0,58,191
07/11/2021,ICT,KS,ACE,CE,Combined TRACON& Tower with Radar,43,39,49,0,131,0,0,17,0,17,43,39,66,0,148,54,0,54,202
07/12/2021,ICT,KS,ACE,CE,Combined TRACON& Tower with Radar,40,52,57,13,162,0,4,68,3,75,40,56,125,16,237,106,44,150,387
07/13/2021,ICT,KS,ACE,CE,Combined TRACON& Tower with Radar,48,68,72,30,218,0,8,62,4,74,48,76,134,34,292,38,26,64,356
07/14/2021,ICT,KS,ACE,CE,Combined TRACON& Tower with Radar,57,67,71,28,223,0,9,46,3,58,57,76,117,31,281,28,24,52,333
07/15/2021,ICT,KS,ACE,CE,Combined TRACON& Tower with Radar,55,49,68,4,176,0,0,23,1,24,55,49,91,5,200,28,0,28,228
07/16/2021,ICT,KS,ACE,CE,Combined TRACON& Tower with Radar,50,55,73,16,194,0,4,39,4,47,50,59,112,20,241,60,57,117,358
07/17/2021,ICT,KS,ACE,CE,Combined TRACON& Tower with Radar,48,42,27,0,117,0,8,29,1,38,48,50,56,1,155,34,0,34,189
07/18/2021,ICT,KS,ACE,CE,Combined TRACON& Tower with Radar,47,56,55,4,162,0,0,26,1,27,47,56,81,5,189,50,0,50,239
07/19/2021,ICT,KS,ACE,CE,Combined TRACON& Tower with Radar,39,52,66,99,256,0,6,55,5,66,39,58,121,104,322,24,94,118,440
07/20/2021,ICT,KS,ACE,CE,Combined TRACON& Tower with Radar,54,59,63,33,209,1,5,50,3,59,55,64,113,36,268,48,20,68,336
07/21/2021,ICT,KS,ACE,CE,Combined TRACON& Tower with Radar,52,59,75,38,224,1,9,72,6,88,53,68,147,44,312,42,12,54,366
07/22/2021,ICT,KS,ACE,CE,Combined TRACON& Tower with Radar,69,57,96,29,251,0,6,60,5,71,69,63,156,34,322,22,20,42,364
07/23/2021,ICT,KS,ACE,CE,Combined TRACON& Tower with Radar,51,56,95,43,245,0,2,58,1,61,51,58,153,44,306,2,0,2,308
07/24/2021,ICT,KS,ACE,CE,Combined TRACON& Tower with Radar,41,39,39,21,140,0,7,67,5,79,41,46,106,26,219,28,34,62,281
07/25/2021,ICT,KS,ACE,CE,Combined TRACON& Tower with Radar,46,37,47,6,136,0,1,14,0,15,46,38,61,6,151,20,0,20,171
07/26/2021,ICT,KS,ACE,CE,Combined TRACON& Tower with Radar,41,51,74,0,166,0,3,28,0,31,41,54,102,0,197,16,0,16,213
07/27/2021,ICT,KS,ACE,CE,Combined TRACON& Tower with Radar,55,64,80,10,209,0,10,43,2,55,55,74,123,12,264,6,0,6,270
07/28/2021,ICT,KS,ACE,CE,Combined TRACON& Tower with Radar,52,61,65,26,204,0,12,41,5,58,52,73,106,31,262,50,28,78,340
07/29/2021,ICT,KS,ACE,CE,Combined TRACON& Tower with Radar,59,54,84,3,200,0,4,47,4,55,59,58,131,7,255,40,0,40,295
07/30/2021,ICT,KS,ACE,CE,Combined TRACON& Tower with Radar,55,57,56,29,197,0,5,54,6,65,55,62,110,35,262,30,18,48,310
07/31/2021,ICT,KS,ACE,CE,Combined TRACON& Tower with Radar,44,35,34,3,116,0,2,49,1,52,44,37,83,4,168,10,0,10,178
08/01/2021,ICT,KS,ACE,CE,Combined TRACON& Tower with Radar,44,45,67,10,166,0,3,17,0,20,44,48,84,10,186,26,2,28,214
08/02/2021,ICT,KS,ACE,CE,Combined TRACON& Tower with Radar,38,48,68,30,184,2,4,44,3,53,40,52,112,33,237,12,64,76,313
08/03/2021,ICT,KS,ACE,CE,Combined TRACON& Tower with Radar,48,74,93,17,232,0,10,47,3,60,48,84,140,20,292,0,0,0,292
08/04/2021,ICT,KS,ACE,CE,Combined TRACON& Tower with Radar,54,68,73,33,228,0,12,43,5,60,54,80,116,38,288,6,0,6,294
08/05/2021,ICT,KS,ACE,CE,Combined TRACON& Tower with Radar,57,57,81,34,229,1,2,42,1,46,58,59,123,35,275,8,14,22,297
08/06/2021,ICT,KS,ACE,CE,Combined TRACON& Tower with Radar,53,57,86,28,224,1,6,68,0,75,54,63,154,28,299,30,6,36,335
08/07/2021,ICT,KS,ACE,CE,Combined TRACON& Tower with Radar,43,37,36,2,118,0,5,27,3,35,43,42,63,5,153,32,0,32,185
08/08/2021,ICT,KS,ACE,CE,Combined TRACON& Tower with Radar,44,35,48,30,157,0,8,22,1,31,44,43,70,31,188,50,0,50,238
08/09/2021,ICT,KS,ACE,CE,Combined TRACON& Tower with Radar,37,46,73,58,214,0,2,30,1,33,37,48,103,59,247,26,14,40,287
08/10/2021,ICT,KS,ACE,CE,Combined TRACON& Tower with Radar,49,45,83,63,240,0,0,30,3,33,49,45,113,66,273,50,28,78,351
08/11/2021,ICT,KS,ACE,CE,Combined TRACON& Tower with Radar,54,54,71,79,258,0,9,38,4,51,54,63,109,83,309,12,34,46,355
08/12/2021,ICT,KS,ACE,CE,Combined TRACON& Tower with Radar,67,66,82,33,248,0,10,40,2,52,67,76,122,35,300,22,62,84,384
08/13/2021,ICT,KS,ACE,CE,Combined TRACON& Tower with Radar,51,40,70,36,197,0,1,47,0,48,51,41,117,36,245,38,0,38,283
08/14/2021,ICT,KS,ACE,CE,Combined TRACON& Tower with Radar,37,45,25,16,123,0,6,29,0,35,37,51,54,16,158,8,34,42,200
08/15/2021,ICT,KS,ACE,CE,Combined TRACON& Tower with Radar,42,36,39,10,127,0,6,29,0,35,42,42,68,10,162,50,0,50,212
08/16/2021,ICT,KS,ACE,CE,Combined TRACON& Tower with Radar,43,52,87,8,190,2,6,38,5,51,45,58,125,13,241,0,36,36,277
08/17/2021,ICT,KS,ACE,CE,Combined TRACON& Tower with Radar,49,53,69,54,225,0,4,57,6,67,49,57,126,60,292,34,100,134,426
08/18/2021,ICT,KS,ACE,CE,Combined TRACON& Tower with Radar,46,66,98,49,259,0,4,31,1,36,46,70,129,50,295,4,56,60,355
08/19/2021,ICT,KS,ACE,CE,Combined TRACON& Tower with Radar,63,56,97,22,238,0,3,21,0,24,63,59,118,22,262,42,0,42,304
08/20/2021,ICT,KS,ACE,CE,Combined TRACON& Tower with Radar,60,59,73,52,244,0,2,40,3,45,60,61,113,55,289,18,6,24,313
08/21/2021,ICT,KS,ACE,CE,Combined TRACON& Tower with Radar,39,60,52,3,154,0,3,36,1,40,39,63,88,4,194,6,0,6,200
08/22/2021,ICT,KS,ACE,CE,Combined TRACON& Tower with Radar,44,37,46,0,127,0,4,35,0,39,44,41,81,0,166,12,0,12,178
08/23/2021,ICT,KS,ACE,CE,Combined TRACON& Tower with Radar,45,48,71,71,235,0,3,42,4,49,45,51,113,75,284,12,70,82,366
08/24/2021,ICT,KS,ACE,CE,Combined TRACON& Tower with Radar,43,60,79,11,193,0,5,58,3,66,43,65,137,14,259,0,0,0,259
08/25/2021,ICT,KS,ACE,CE,Combined TRACON& Tower with Radar,41,57,78,12,188,0,4,53,6,63,41,61,131,18,251,0,0,0,251
08/26/2021,ICT,KS,ACE,CE,Combined TRACON& Tower with Radar,52,67,79,18,216,0,6,40,5,51,52,73,119,23,267,18,34,52,319
08/27/2021,ICT,KS,ACE,CE,Combined TRACON& Tower with Radar,57,51,78,34,220,0,7,55,1,63,57,58,133,35,283,2,12,14,297
08/28/2021,ICT,KS,ACE,CE,Combined TRACON& Tower with Radar,36,54,46,8,144,0,7,36,3,46,36,61,82,11,190,14,0,14,204
08/29/2021,ICT,KS,ACE,CE,Combined TRACON& Tower with Radar,41,33,62,6,142,0,2,17,1,20,41,35,79,7,162,34,0,34,196
08/30/2021,ICT,KS,ACE,CE,Combined TRACON& Tower with Radar,42,60,71,42,215,0,5,62,0,67,42,65,133,42,282,66,16,82,364
08/31/2021,ICT,KS,ACE,CE,Combined TRACON& Tower with Radar,51,52,65,39,207,0,4,71,7,82,51,56,136,46,289,24,0,24,313
09/01/2021,ICT,KS,ACE,CE,Combined TRACON& Tower with Radar,47,50,71,43,211,0,5,61,3,69,47,55,132,46,280,10,10,20,300
09/02/2021,ICT,KS,ACE,CE,Combined TRACON& Tower with Radar,52,53,89,44,238,0,3,42,4,49,52,56,131,48,287,0,66,66,353
09/03/2021,ICT,KS,ACE,CE,Combined TRACON& Tower with Radar,58,40,82,0,180,0,0,13,1,14,58,40,95,1,194,22,0,22,216
09/04/2021,ICT,KS,ACE,CE,Combined TRACON& Tower with Radar,42,22,34,0,98,0,0,7,0,7,42,22,41,0,105,10,0,10,115
09/05/2021,ICT,KS,ACE,CE,Combined TRACON& Tower with Radar,35,27,22,0,84,0,1,50,4,55,35,28,72,4,139,74,0,74,213
09/06/2021,ICT,KS,ACE,CE,Combined TRACON& Tower with Radar,41,33,36,1,111,0,9,35,1,45,41,42,71,2,156,12,0,12,168
09/07/2021,ICT,KS,ACE,CE,Combined TRACON& Tower with Radar,38,38,81,16,173,0,3,45,1,49,38,41,126,17,222,8,0,8,230
09/08/2021,ICT,KS,ACE,CE,Combined TRACON& Tower with Radar,56,48,91,47,242,0,3,91,7,101,56,51,182,54,343,52,22,74,417
09/09/2021,ICT,KS,ACE,CE,Combined TRACON& Tower with Radar,51,59,47,49,206,0,10,68,6,84,51,69,115,55,290,12,0,12,302
09/10/2021,ICT,KS,ACE,CE,Combined TRACON& Tower with Radar,57,57,71,54,239,0,1,57,2,60,57,58,128,56,299,58,0,58,357
09/11/2021,ICT,KS,ACE,CE,Combined TRACON& Tower with Radar,40,33,30,0,103,0,2,41,1,44,40,35,71,1,147,6,0,6,153
09/12/2021,ICT,KS,ACE,CE,Combined TRACON& Tower with Radar,41,42,43,19,145,0,1,33,2,36,41,43,76,21,181,12,0,12,193
09/13/2021,ICT,KS,ACE,CE,Combined TRACON& Tower with Radar,44,49,83,40,216,0,2,41,3,46,44,51,124,43,262,10,0,10,272
09/14/2021,ICT,KS,ACE,CE,Combined TRACON& Tower with Radar,50,51,75,31,207,0,3,53,3,59,50,54,128,34,266,96,22,118,384
09/15/2021,ICT,KS,ACE,CE,Combined TRACON& Tower with Radar,47,64,65,30,206,0,2,37,1,40,47,66,102,31,246,42,10,52,298
09/16/2021,ICT,KS,ACE,CE,Combined TRACON& Tower with Radar,51,62,71,67,251,0,8,69,0,77,51,70,140,67,328,106,8,114,442
09/17/2021,ICT,KS,ACE,CE,Combined TRACON& Tower with Radar,55,59,75,30,219,0,2,53,13,68,55,61,128,43,287,32,28,60,347
09/18/2021,ICT,KS,ACE,CE,Combined TRACON& Tower with Radar,39,38,53,0,130,0,5,40,2,47,39,43,93,2,177,6,0,6,183
09/19/2021,ICT,KS,ACE,CE,Combined TRACON& Tower with Radar,38,43,54,4,139,0,6,34,1,41,38,49,88,5,180,40,4,44,224
09/20/2021,ICT,KS,ACE,CE,Combined TRACON& Tower with Radar,47,46,67,37,197,0,5,18,2,25,47,51,85,39,222,18,30,48,270
09/21/2021,ICT,KS,ACE,CE,Combined TRACON& Tower with Radar,50,58,80,63,251,0,6,53,12,71,50,64,133,75,322,40,20,60,382
09/22/2021,ICT,KS,ACE,CE,Combined TRACON& Tower with Radar,46,59,95,39,239,0,6,44,5,55,46,65,139,44,294,16,32,48,342
09/23/2021,ICT,KS,ACE,CE,Combined TRACON& Tower with Radar,53,52,103,51,259,0,12,64,13,89,53,64,167,64,348,32,54,86,434
09/24/2021,ICT,KS,ACE,CE,Combined TRACON& Tower with Radar,56,60,62,8,186,0,6,48,2,56,56,66,110,10,242,50,0,50,292
09/25/2021,ICT,KS,ACE,CE,Combined TRACON& Tower with Radar,39,39,45,11,134,0,7,69,4,80,39,46,114,15,214,40,6,46,260
09/26/2021,ICT,KS,ACE,CE,Combined TRACON& Tower with Radar,38,39,47,7,131,0,6,21,1,28,38,45,68,8,159,12,0,12,171
09/27/2021,ICT,KS,ACE,CE,Combined TRACON& Tower with Radar,46,47,89,54,236,0,8,67,0,75,46,55,156,54,311,10,6,16,327
09/28/2021,ICT,KS,ACE,CE,Combined TRACON& Tower with Radar,54,64,88,86,292,0,3,29,2,34,54,67,117,88,326,28,74,102,428
09/29/2021,ICT,KS,ACE,CE,Combined TRACON& Tower with Radar,48,58,92,65,263,0,7,28,6,41,48,65,120,71,304,46,68,114,418
09/30/2021,ICT,KS,ACE,CE,Combined TRACON& Tower with Radar,54,66,89,44,253,0,0,9,1,10,54,66,98,45,263,28,66,94,357
10/01/2021,ICT,KS,ACE,CE,Combined TRACON& Tower with Radar,57,52,81,44,234,0,4,20,1,25,57,56,101,45,259,6,20,26,285
10/02/2021,ICT,KS,ACE,CE,Combined TRACON& Tower with Radar,40,40,36,0,116,0,0,6,2,8,40,40,42,2,124,0,0,0,124
10/03/2021,ICT,KS,ACE,CE,Combined TRACON& Tower with Radar,39,38,52,2,131,0,3,48,2,53,39,41,100,4,184,44,0,44,228
10/04/2021,ICT,KS,ACE,CE,Combined TRACON& Tower with Radar,45,43,58,30,176,0,12,49,4,65,45,55,107,34,241,24,0,24,265
10/05/2021,ICT,KS,ACE,CE,Combined TRACON& Tower with Radar,50,50,69,51,220,0,6,64,1,71,50,56,133,52,291,32,20,52,343
10/06/2021,ICT,KS,ACE,CE,Combined TRACON& Tower with Radar,47,58,89,68,262,0,2,47,4,53,47,60,136,72,315,34,20,54,369
10/07/2021,ICT,KS,ACE,CE,Combined TRACON& Tower with Radar,48,48,91,67,254,0,5,51,1,57,48,53,142,68,311,12,66,78,389
10/08/2021,ICT,KS,ACE,CE,Combined TRACON& Tower with Radar,52,54,64,36,206,0,7,74,1,82,52,61,138,37,288,28,10,38,326
10/09/2021,ICT,KS,ACE,CE,Combined TRACON& Tower with Radar,35,43,40,14,132,0,5,24,2,31,35,48,64,16,163,14,0,14,177
10/10/2021,ICT,KS,ACE,CE,Combined TRACON& Tower with Radar,35,38,39,0,112,0,5,11,1,17,35,43,50,1,129,18,0,18,147
10/11/2021,ICT,KS,ACE,CE,Combined TRACON& Tower with Radar,44,44,64,6,158,0,5,31,2,38,44,49,95,8,196,34,0,34,230
10/12/2021,ICT,KS,ACE,CE,Combined TRACON& Tower with Radar,47,50,66,17,180,0,1,20,1,22,47,51,86,18,202,8,2,10,212
10/13/2021,ICT,KS,ACE,CE,Combined TRACON& Tower with Radar,48,47,67,43,205,0,3,28,1,32,48,50,95,44,237,8,4,12,249
10/14/2021,ICT,KS,ACE,CE,Combined TRACON& Tower with Radar,52,63,95,70,280,0,6,43,9,58,52,69,138,79,338,0,30,30,368
10/15/2021,ICT,KS,ACE,CE,Combined TRACON& Tower with Radar,53,50,81,40,224,0,8,55,4,67,53,58,136,44,291,20,0,20,311
10/16/2021,ICT,KS,ACE,CE,Combined TRACON& Tower with Radar,35,31,55,16,137,0,8,48,2,58,35,39,103,18,195,2,6,8,203
10/17/2021,ICT,KS,ACE,CE,Combined TRACON& Tower with Radar,36,47,35,0,118,0,4,45,3,52,36,51,80,3,170,48,0,48,218
10/18/2021,ICT,KS,ACE,CE,Combined TRACON& Tower with Radar,44,34,63,36,177,0,8,45,8,61,44,42,108,44,238,2,8,10,248
10/19/2021,ICT,KS,ACE,CE,Combined TRACON& Tower with Radar,48,53,68,30,199,1,5,52,5,63,49,58,120,35,262,4,48,52,314
10/20/2021,ICT,KS,ACE,CE,Combined TRACON& Tower with Radar,49,58,93,49,249,0,3,36,2,41,49,61,129,51,290,4,46,50,340
10/21/2021,ICT,KS,ACE,CE,Combined TRACON& Tower with Radar,50,56,72,39,217,0,8,64,1,73,50,64,136,40,290,72,28,100,390
10/22/2021,ICT,KS,ACE,CE,Combined TRACON& Tower with Radar,55,51,62,69,237,0,5,53,4,62,55,56,115,73,299,80,16,96,395
10/23/2021,ICT,KS,ACE,CE,Combined TRACON& Tower with Radar,36,33,50,8,127,0,3,38,7,48,36,36,88,15,175,42,10,52,227
10/24/2021,ICT,KS,ACE,CE,Combined TRACON& Tower with Radar,41,54,65,10,170,0,2,17,3,22,41,56,82,13,192,8,0,8,200
10/25/2021,ICT,KS,ACE,CE,Combined TRACON& Tower with Radar,39,51,107,42,239,0,2,28,0,30,39,53,135,42,269,24,0,24,293
10/26/2021,ICT,KS,ACE,CE,Combined TRACON& Tower with Radar,46,57,75,5,183,0,3,7,0,10,46,60,82,5,193,4,0,4,197
10/27/2021,ICT,KS,ACE,CE,Combined TRACON& Tower with Radar,44,55,93,0,192,0,0,0,0,0,44,55,93,0,192,0,0,0,192
10/28/2021,ICT,KS,ACE,CE,Combined TRACON& Tower with Radar,51,53,56,0,160,0,1,8,2,11,51,54,64,2,171,24,0,24,195
10/29/2021,ICT,KS,ACE,CE,Combined TRACON& Tower with Radar,54,57,89,8,208,0,14,56,5,75,54,71,145,13,283,8,0,8,291
10/30/2021,ICT,KS,ACE,CE,Combined TRACON& Tower with Radar,36,41,46,0,123,0,6,79,3,88,36,47,125,3,211,34,0,34,245
10/31/2021,ICT,KS,ACE,CE,Combined TRACON& Tower with Radar,32,33,32,6,103,0,9,30,2,41,32,42,62,8,144,28,6,34,178
11/01/2021,ICT,KS,ACE,CE,Combined TRACON& Tower with Radar,40,47,82,27,196,0,10,42,8,60,40,57,124,35,256,42,10,52,308
11/02/2021,ICT,KS,ACE,CE,Combined TRACON& Tower with Radar,44,68,81,4,197,0,0,17,0,17,44,68,98,4,214,0,0,0,214
11/03/2021,ICT,KS,ACE,CE,Combined TRACON& Tower with Radar,43,65,86,81,275,0,0,25,1,26,43,65,111,82,301,56,70,126,427
11/04/2021,ICT,KS,ACE,CE,Combined TRACON& Tower with Radar,51,73,109,36,269,0,5,13,2,20,51,78,122,38,289,16,0,16,305
11/05/2021,ICT,KS,ACE,CE,Combined TRACON& Tower with Radar,54,76,84,30,244,0,9,32,5,46,54,85,116,35,290,92,18,110,400
11/06/2021,ICT,KS,ACE,CE,Combined TRACON& Tower with Radar,36,46,38,4,124,0,4,56,4,64,36,50,94,8,188,74,0,74,262
11/07/2021,ICT,KS,ACE,CE,Combined TRACON& Tower with Radar,44,56,49,1,150,0,8,22,0,30,44,64,71,1,180,22,0,22,202
11/08/2021,ICT,KS,ACE,CE,Combined TRACON& Tower with Radar,43,61,73,37,214,0,7,59,3,69,43,68,132,40,283,48,26,74,357
11/09/2021,ICT,KS,ACE,CE,Combined TRACON& Tower with Radar,47,60,85,60,252,0,16,46,4,66,47,76,131,64,318,82,54,136,454
11/10/2021,ICT,KS,ACE,CE,Combined TRACON& Tower with Radar,46,58,81,3,188,0,0,6,0,6,46,58,87,3,194,0,0,0,194
11/11/2021,ICT,KS,ACE,CE,Combined TRACON& Tower with Radar,50,54,89,2,195,0,11,37,5,53,50,65,126,7,248,30,0,30,278
11/12/2021,ICT,KS,ACE,CE,Combined TRACON& Tower with Radar,57,48,65,27,197,0,11,44,3,58,57,59,109,30,255,10,0,10,265
11/13/2021,ICT,KS,ACE,CE,Combined TRACON& Tower with Radar,36,44,64,2,146,0,2,53,0,55,36,46,117,2,201,22,0,22,223
11/14/2021,ICT,KS,ACE,CE,Combined TRACON& Tower with Radar,40,39,43,20,142,0,6,42,2,50,40,45,85,22,192,26,18,44,236
11/15/2021,ICT,KS,ACE,CE,Combined TRACON& Tower with Radar,43,45,96,22,206,0,16,53,3,72,43,61,149,25,278,34,40,74,352
11/16/2021,ICT,KS,ACE,CE,Combined TRACON& Tower with Radar,47,69,91,70,277,0,8,61,6,75,47,77,152,76,352,70,52,122,474
11/17/2021,ICT,KS,ACE,CE,Combined TRACON& Tower with Radar,51,54,115,79,299,0,8,30,7,45,51,62,145,86,344,14,52,66,410
11/18/2021,ICT,KS,ACE,CE,Combined TRACON& Tower with Radar,56,51,105,49,261,0,6,50,11,67,56,57,155,60,328,52,104,156,484
11/19/2021,ICT,KS,ACE,CE,Combined TRACON& Tower with Radar,55,68,77,53,253,0,6,57,5,68,55,74,134,58,321,28,60,88,409
11/20/2021,ICT,KS,ACE,CE,Combined TRACON& Tower with Radar,39,36,38,11,124,0,7,48,0,55,39,43,86,11,179,40,0,40,219
11/21/2021,ICT,KS,ACE,CE,Combined TRACON& Tower with Radar,47,37,36,0,120,0,7,22,0,29,47,44,58,0,149,68,0,68,217
11/22/2021,ICT,KS,ACE,CE,Combined TRACON& Tower with Radar,50,44,70,26,190,0,5,50,1,56,50,49,120,27,246,34,12,46,292
11/23/2021,ICT,KS,ACE,CE,Combined TRACON& Tower with Radar,52,58,68,27,205,0,7,51,3,61,52,65,119,30,266,22,60,82,348
11/24/2021,ICT,KS,ACE,CE,Combined TRACON& Tower with Radar,56,56,64,50,226,0,5,38,1,44,56,61,102,51,270,6,36,42,312
11/25/2021,ICT,KS,ACE,CE,Combined TRACON& Tower with Radar,21,23,8,0,52,0,3,11,0,14,21,26,19,0,66,22,0,22,88
11/26/2021,ICT,KS,ACE,CE,Combined TRACON& Tower with Radar,38,42,30,2,112,0,4,45,0,49,38,46,75,2,161,46,0,46,207
11/27/2021,ICT,KS,ACE,CE,Combined TRACON& Tower with Radar,49,33,35,0,117,0,10,29,1,40,49,43,64,1,157,22,0,22,179
11/28/2021,ICT,KS,ACE,CE,Combined TRACON& Tower with Radar,47,53,37,0,137,0,9,35,0,44,47,62,72,0,181,8,0,8,189
11/29/2021,ICT,KS,ACE,CE,Combined TRACON& Tower with Radar,51,55,59,52,217,0,8,52,3,63,51,63,111,55,280,54,34,88,368
11/30/2021,ICT,KS,ACE,CE,Combined TRACON& Tower with Radar,46,63,69,33,211,1,6,39,4,50,47,69,108,37,261,22,0,22,283
12/01/2021,ICT,KS,ACE,CE,Combined TRACON& Tower with Radar,50,61,89,46,246,0,1,75,8,84,50,62,164,54,330,78,66,144,474
12/02/2021,ICT,KS,ACE,CE,Combined TRACON& Tower with Radar,57,52,92,60,261,0,7,63,3,73,57,59,155,63,334,36,22,58,392
12/03/2021,ICT,KS,ACE,CE,Combined TRACON& Tower with Radar,69,57,68,45,239,0,6,87,5,98,69,63,155,50,337,86,104,190,527
12/04/2021,ICT,KS,ACE,CE,Combined TRACON& Tower with Radar,38,41,49,19,147,0,6,47,5,58,38,47,96,24,205,56,6,62,267
12/05/2021,ICT,KS,ACE,CE,Combined TRACON& Tower with Radar,47,46,56,5,154,0,5,22,2,29,47,51,78,7,183,46,4,50,233
12/06/2021,ICT,KS,ACE,CE,Combined TRACON& Tower with Radar,52,62,76,52,242,0,5,43,0,48,52,67,119,52,290,60,24,84,374
12/07/2021,ICT,KS,ACE,CE,Combined TRACON& Tower with Radar,49,71,94,47,261,0,5,47,4,56,49,76,141,51,317,76,8,84,401
12/08/2021,ICT,KS,ACE,CE,Combined TRACON& Tower with Radar,52,63,101,19,235,0,5,72,2,79,52,68,173,21,314,130,12,142,456
12/09/2021,ICT,KS,ACE,CE,Combined TRACON& Tower with Radar,53,70,82,49,254,0,6,49,3,58,53,76,131,52,312,58,0,58,370
12/10/2021,ICT,KS,ACE,CE,Combined TRACON& Tower with Radar,57,51,81,9,198,0,3,24,1,28,57,54,105,10,226,12,0,12,238
12/11/2021,ICT,KS,ACE,CE,Combined TRACON& Tower with Radar,35,35,49,0,119,0,5,62,0,67,35,40,111,0,186,84,0,84,270
12/12/2021,ICT,KS,ACE,CE,Combined TRACON& Tower with Radar,47,24,51,6,128,1,3,29,3,36,48,27,80,9,164,50,0,50,214
12/13/2021,ICT,KS,ACE,CE,Combined TRACON& Tower with Radar,47,41,81,84,253,0,4,77,4,85,47,45,158,88,338,28,60,88,426
12/14/2021,ICT,KS,ACE,CE,Combined TRACON& Tower with Radar,45,58,125,6,234,0,1,28,5,34,45,59,153,11,268,34,4,38,306
12/15/2021,ICT,KS,ACE,CE,Combined TRACON& Tower with Radar,50,44,60,0,154,0,0,2,0,2,50,44,62,0,156,0,0,0,156
12/16/2021,ICT,KS,ACE,CE,Combined TRACON& Tower with Radar,50,77,101,58,286,0,3,67,8,78,50,80,168,66,364,64,18,82,446
12/17/2021,ICT,KS,ACE,CE,Combined TRACON& Tower with Radar,54,57,102,84,297,0,4,51,5,60,54,61,153,89,357,78,104,182,539
12/18/2021,ICT,KS,ACE,CE,Combined TRACON& Tower with Radar,36,49,57,18,160,0,3,29,0,32,36,52,86,18,192,30,0,30,222
12/19/2021,ICT,KS,ACE,CE,Combined TRACON& Tower with Radar,42,40,51,1,134,0,3,23,0,26,42,43,74,1,160,54,0,54,214
12/20/2021,ICT,KS,ACE,CE,Combined TRACON& Tower with Radar,42,51,70,43,206,0,3,44,5,52,42,54,114,48,258,14,12,26,284
12/21/2021,ICT,KS,ACE,CE,Combined TRACON& Tower with Radar,45,57,93,47,242,0,3,56,8,67,45,60,149,55,309,58,28,86,395
12/22/2021,ICT,KS,ACE,CE,Combined TRACON& Tower with Radar,47,57,91,59,254,0,6,66,4,76,47,63,157,63,330,10,48,58,388
12/23/2021,ICT,KS,ACE,CE,Combined TRACON& Tower with Radar,53,50,48,4,155,0,5,30,0,35,53,55,78,4,190,10,0,10,200
12/24/2021,ICT,KS,ACE,CE,Combined TRACON& Tower with Radar,40,45,21,0,106,0,3,22,0,25,40,48,43,0,131,16,0,16,147
12/25/2021,ICT,KS,ACE,CE,Combined TRACON& Tower with Radar,24,26,11,0,61,0,2,12,0,14,24,28,23,0,75,0,0,0,75
12/26/2021,ICT,KS,ACE,CE,Combined TRACON& Tower with Radar,40,41,61,0,142,0,3,14,1,18,40,44,75,1,160,0,0,0,160
12/27/2021,ICT,KS,ACE,CE,Combined TRACON& Tower with Radar,38,58,46,0,142,0,1,30,0,31,38,59,76,0,173,32,0,32,205
12/28/2021,ICT,KS,ACE,CE,Combined TRACON& Tower with Radar,52,62,52,4,170,0,6,38,2,46,52,68,90,6,216,52,0,52,268
12/29/2021,ICT,KS,ACE,CE,Combined TRACON& Tower with Radar,51,55,55,10,171,0,4,23,0,27,51,59,78,10,198,46,0,46,244
12/30/2021,ICT,KS,ACE,CE,Combined TRACON& Tower with Radar,49,53,43,0,145,0,2,31,0,33,49,55,74,0,178,8,0,8,186
12/31/2021,ICT,KS,ACE,CE,Combined TRACON& Tower with Radar,45,33,32,0,110,0,4,23,0,27,45,37,55,0,137,42,0,42,179
01/01/2022,ICT,KS,ACE,CE,Combined TRACON& Tower with Radar,23,34,7,0,64,0,0,0,0,0,23,34,7,0,64,0,0,0,64
01/02/2022,ICT,KS,ACE,CE,Combined TRACON& Tower with Radar,39,49,41,0,129,0,5,17,0,22,39,54,58,0,151,0,0,0,151
01/03/2022,ICT,KS,ACE,CE,Combined TRACON& Tower with Radar,42,46,70,3,161,0,14,36,1,51,42,60,106,4,212,24,0,24,236
01/04/2022,ICT,KS,ACE,CE,Combined TRACON& Tower with Radar,35,47,40,0,122,2,4,41,4,51,37,51,81,4,173,70,0,70,243
01/05/2022,ICT,KS,ACE,CE,Combined TRACON& Tower with Radar,43,43,67,33,186,0,2,32,4,38,43,45,99,37,224,46,48,94,318
01/06/2022,ICT,KS,ACE,CE,Combined TRACON& Tower with Radar,39,61,47,8,155,0,2,11,2,15,39,63,58,10,170,0,6,6,176
01/07/2022,ICT,KS,ACE,CE,Combined TRACON& Tower with Radar,50,43,49,22,164,0,0,47,6,53,50,43,96,28,217,38,0,38,255
01/08/2022,ICT,KS,ACE,CE,Combined TRACON& Tower with Radar,30,47,48,16,141,0,0,10,1,11,30,47,58,17,152,0,0,0,152
01/09/2022,ICT,KS,ACE,CE,Combined TRACON& Tower with Radar,41,37,36,10,124,0,1,32,0,33,41,38,68,10,157,34,0,34,191
01/10/2022,ICT,KS,ACE,CE,Combined TRACON& Tower with Radar,39,57,42,44,182,0,1,30,6,37,39,58,72,50,219,16,10,26,245
01/11/2022,ICT,KS,ACE,CE,Combined TRACON& Tower with Radar,40,59,49,61,209,0,2,43,4,49,40,61,92,65,258,62,30,92,350
01/12/2022,ICT,KS,ACE,CE,Combined TRACON& Tower with Radar,43,55,60,22,180,0,4,79,2,85,43,59,139,24,265,24,0,24,289
01/13/2022,ICT,KS,ACE,CE,Combined TRACON& Tower with Radar,50,53,65,44,212,1,2,61,3,67,51,55,126,47,279,32,10,42,321
01/14/2022,ICT,KS,ACE,CE,Combined TRACON& Tower with Radar,48,54,70,18,190,0,1,26,2,29,48,55,96,20,219,28,0,28,247
01/15/2022,ICT,KS,ACE,CE,Combined TRACON& Tower with Radar,31,33,21,0,85,0,0,1,2,3,31,33,22,2,88,2,0,2,90
01/16/2022,ICT,KS,ACE,CE,Combined TRACON& Tower with Radar,37,46,39,0,122,0,3,35,0,38,37,49,74,0,160,20,0,20,180
01/17/2022,ICT,KS,ACE,CE,Combined TRACON& Tower with Radar,40,50,47,11,148,0,4,49,4,57,40,54,96,15,205,30,0,30,235
01/18/2022,ICT,KS,ACE,CE,Combined TRACON& Tower with Radar,42,50,77,60,229,0,2,49,4,55,42,52,126,64,284,54,56,110,394
01/19/2022,ICT,KS,ACE,CE,Combined TRACON& Tower with Radar,43,59,62,64,228,0,0,19,2,21,43,59,81,66,249,46,40,86,335
01/20/2022,ICT,KS,ACE,CE,Combined TRACON& Tower with Radar,49,64,64,59,236,0,0,38,4,42,49,64,102,63,278,22,50,72,350
01/21/2022,ICT,KS,ACE,CE,Combined TRACON& Tower with Radar,48,50,51,12,161,0,7,61,4,72,48,57,112,16,233,20,44,64,297
01/22/2022,ICT,KS,ACE,CE,Combined TRACON& Tower with Radar,32,36,40,14,122,0,1,41,5,47,32,37,81,19,169,40,0,40,209
01/23/2022,ICT,KS,ACE,CE,Combined TRACON& Tower with Radar,39,38,39,5,121,0,2,42,7,51,39,40,81,12,172,58,8,66,238
01/24/2022,ICT,KS,ACE,CE,Combined TRACON& Tower with Radar,43,43,63,95,244,0,7,45,8,60,43,50,108,103,304,44,80,124,428
01/25/2022,ICT,KS,ACE,CE,Combined TRACON& Tower with Radar,41,52,71,14,178,0,0,17,3,20,41,52,88,17,198,28,0,28,226
01/26/2022,ICT,KS,ACE,CE,Combined TRACON& Tower with Radar,45,57,71,7,180,1,4,30,2,37,46,61,101,9,217,12,12,24,241
01/27/2022,ICT,KS,ACE,CE,Combined TRACON& Tower with Radar,47,57,82,60,246,0,3,38,3,44,47,60,120,63,290,50,44,94,384
01/28/2022,ICT,KS,ACE,CE,Combined TRACON& Tower with Radar,50,44,54,44,192,0,5,45,5,55,50,49,99,49,247,54,56,110,357
01/29/2022,ICT,KS,ACE,CE,Combined TRACON& Tower with Radar,29,37,42,8,116,0,0,67,9,76,29,37,109,17,192,60,8,68,260
01/30/2022,ICT,KS,ACE,CE,Combined TRACON& Tower with Radar,39,40,38,0,117,0,2,43,5,50,39,42,81,5,167,50,0,50,217
01/31/2022,ICT,KS,ACE,CE,Combined TRACON& Tower with Radar,38,58,81,36,213,0,4,45,8,57,38,62,126,44,270,46,4,50,320
02/01/2022,ICT,KS,ACE,CE,Combined TRACON& Tower with Radar,32,45,64,21,162,0,0,6,1,7,32,45,70,22,169,0,4,4,173
02/02/2022,ICT,KS,ACE,CE,Combined TRACON& Tower with Radar,15,9,17,0,41,0,0,0,0,0,15,9,17,0,41,0,0,0,41
02/03/2022,ICT,KS,ACE,CE,Combined TRACON& Tower with Radar,34,37,52,0,123,0,1,9,4,14,34,38,61,4,137,0,0,0,137
02/04/2022,ICT,KS,ACE,CE,Combined TRACON& Tower with Radar,36,44,57,8,145,0,3,35,12,50,36,47,92,20,195,20,0,20,215
02/05/2022,ICT,KS,ACE,CE,Combined TRACON& Tower with Radar,24,37,56,4,121,0,0,48,9,57,24,37,104,13,178,74,0,74,252
02/06/2022,ICT,KS,ACE,CE,Combined TRACON& Tower with Radar,32,43,33,13,121,0,3,40,6,49,32,46,73,19,170,24,8,32,202
02/07/2022,ICT,KS,ACE,CE,Combined TRACON& Tower with Radar,37,46,77,37,197,0,5,56,6,67,37,51,133,43,264,74,56,130,394
02/08/2022,ICT,KS,ACE,CE,Combined TRACON& Tower with Radar,40,47,72,22,181,0,4,56,7,67,40,51,128,29,248,90,38,128,376
02/09/2022,ICT,KS,ACE,CE,Combined TRACON& Tower with Radar,45,53,66,23,187,0,9,55,8,72,45,62,121,31,259,86,96,182,441
02/10/2022,ICT,KS,ACE,CE,Combined TRACON& Tower with Radar,49,58,71,48,226,0,3,59,2,64,49,61,130,50,290,42,66,108,398
02/11/2022,ICT,KS,ACE,CE,Combined TRACON& Tower with Radar,43,62,62,55,222,0,5,31,11,47,43,67,93,66,269,14,12,26,295
02/12/2022,ICT,KS,ACE,CE,Combined TRACON& Tower with Radar,30,39,33,12,114,0,2,44,2,48,30,41,77,14,162,52,0,52,214
02/13/2022,ICT,KS,ACE,CE,Combined TRACON& Tower with Radar,35,28,33,11,107,0,4,35,5,44,35,32,68,16,151,36,20,56,207
02/14/2022,ICT,KS,ACE,CE,Combined TRACON& Tower with Radar,38,40,72,80,230,0,4,46,4,54,38,44,118,84,284,78,60,138,422
02/15/2022,ICT,KS,ACE,CE,Combined TRACON& Tower with Radar,38,56,79,27,200,0,2,29,8,39,38,58,108,35,239,30,10,40,279
02/16/2022,ICT,KS,ACE,CE,Combined TRACON& Tower with Radar,40,67,68,67,242,0,0,24,8,32,40,67,92,75,274,44,62,106,380
02/17/2022,ICT,KS,ACE,CE,Combined TRACON& Tower with Radar,23,21,13,0,57,0,0,1,0,1,23,21,14,0,58,0,0,0,58
02/18/2022,ICT,KS,ACE,CE,Combined TRACON& Tower with Radar,50,59,67,10,186,0,6,23,5,34,50,65,90,15,220,16,0,16,236
02/19/2022,ICT,KS,ACE,CE,Combined TRACON& Tower with Radar,34,34,47,4,119,0,0,37,2,39,34,34,84,6,158,56,0,56,214
02/20/2022,ICT,KS,ACE,CE,Combined TRACON& Tower with Radar,34,39,48,0,121,0,1,39,1,41,34,40,87,1,162,124,0,124,286
02/21/2022,ICT,KS,ACE,CE,Combined TRACON& Tower with Radar,30,65,72,1,168,0,4,51,8,63,30,69,123,9,231,108,0,108,339
02/22/2022,ICT,KS,ACE,CE,Combined TRACON& Tower with Radar,38,49,81,2,170,0,3,18,3,24,38,52,99,5,194,16,0,16,210
02/23/2022,ICT,KS,ACE,CE,Combined TRACON& Tower with Radar,42,73,73,0,188,0,4,24,11,39,42,77,97,11,227,40,0,40,267
02/24/2022,ICT,KS,ACE,CE,Combined TRACON& Tower with Radar,37,55,65,0,157,0,0,2,0,2,37,55,67,0,159,0,0,0,159
02/25/2022,ICT,KS,ACE,CE,Combined TRACON& Tower with Radar,43,51,91,39,224,0,6,41,5,52,43,57,132,44,276,96,12,108,384
02/26/2022,ICT,KS,ACE,CE,Combined TRACON& Tower with Radar,32,43,44,14,133,0,6,46,8,60,32,49,90,22,193,50,6,56,249
02/27/2022,ICT,KS,ACE,CE,Combined TRACON& Tower with Radar,35,38,51,48,172,0,1,38,8,47,35,39,89,56,219,12,42,54,273
02/28/2022,ICT,KS,ACE,CE,Combined TRACON& Tower with Radar,37,41,80,36,194,0,9,72,5,86,37,50,152,41,280,104,42,146,426
03/01/2022,ICT,KS,ACE,CE,Combined TRACON& Tower with Radar,37,45,74,97,253,0,6,56,1,63,37,51,130,98,316,49,96,145,461
03/02/2022,ICT,KS,ACE,CE,Combined TRACON& Tower with Radar,41,56,104,27,228,0,7,69,7,83,41,63,173,34,311,153,28,181,492
03/03/2022,ICT,KS,ACE,CE,Combined TRACON& Tower with Radar,45,52,83,30,210,0,8,63,13,84,45,60,146,43,294,122,0,122,416
03/04/2022,ICT,KS,ACE,CE,Combined TRACON& Tower with Radar,43,45,54,13,155,0,2,40,5,47,43,47,94,18,202,26,8,34,236
03/05/2022,ICT,KS,ACE,CE,Combined TRACON& Tower with Radar,27,44,39,7,117,0,1,16,3,20,27,45,55,10,137,6,0,6,143
03/06/2022,ICT,KS,ACE,CE,Combined TRACON& Tower with Radar,31,32,40,25,128,0,0,15,2,17,31,32,55,27,145,24,0,24,169
03/07/2022,ICT,KS,ACE,CE,Combined TRACON& Tower with Radar,42,51,80,59,232,3,4,49,15,71,45,55,129,74,303,20,66,86,389
03/08/2022,ICT,KS,ACE,CE,Combined TRACON& Tower with Radar,38,64,66,44,212,0,0,67,9,76,38,64,133,53,288,60,0,60,348
03/09/2022,ICT,KS,ACE,CE,Combined TRACON& Tower with Radar,45,63,84,6,198,0,0,34,1,35,45,63,118,7,233,72,0,72,305
03/10/2022,ICT,KS,ACE,CE,Combined TRACON& Tower with Radar,46,52,71,3,172,0,0,3,0,3,46,52,74,3,175,0,0,0,175
03/11/2022,ICT,KS,ACE,CE,Combined TRACON& Tower with Radar,54,54,65,34,207,0,7,45,5,57,54,61,110,39,264,88,52,140,404
03/12/2022,ICT,KS,ACE,CE,Combined TRACON& Tower with Radar,28,48,61,0,137,0,1,41,2,44,28,49,102,2,181,38,0,38,219
03/13/2022,ICT,KS,ACE,CE,Combined TRACON& Tower with Radar,44,43,45,21,153,0,3,24,4,31,44,46,69,25,184,32,20,52,236
03/14/2022,ICT,KS,ACE,CE,Combined TRACON& Tower with Radar,34,41,68,62,205,0,7,38,0,45,34,48,106,62,250,18,24,42,292
03/15/2022,ICT,KS,ACE,CE,Combined TRACON& Tower with Radar,40,70,65,69,244,0,7,71,2,80,40,77,136,71,324,68,82,150,474
03/16/2022,ICT,KS,ACE,CE,Combined TRACON& Tower with Radar,45,40,45,37,167,0,0,45,5,50,45,40,90,42,217,42,54,96,313
03/17/2022,ICT,KS,ACE,CE,Combined TRACON& Tower with Radar,50,54,66,45,215,0,4,36,13,53,50,58,102,58,268,34,56,90,358
03/18/2022,ICT,KS,ACE,CE,Combined TRACON& Tower with Radar,44,47,45,0,136,0,2,13,4,19,44,49,58,4,155,14,0,14,169
03/19/2022,ICT,KS,ACE,CE,Combined TRACON& Tower with Radar,33,46,45,6,130,0,6,66,4,76,33,52,111,10,206,50,0,50,256
03/20/2022,ICT,KS,ACE,CE,Combined TRACON& Tower with Radar,40,43,47,10,140,0,3,39,1,43,40,46,86,11,183,66,16,82,265
03/21/2022,ICT,KS,ACE,CE,Combined TRACON& Tower with Radar,37,51,45,0,133,0,0,5,0,5,37,51,50,0,138,0,0,0,138
03/22/2022,ICT,KS,ACE,CE,Combined TRACON& Tower with Radar,43,54,49,8,154,0,0,0,0,0,43,54,49,8,154,0,0,0,154
03/23/2022,ICT,KS,ACE,CE,Combined TRACON& Tower with Radar,44,54,81,32,211,0,0,15,4,19,44,54,96,36,230,18,66,84,314
03/24/2022,ICT,KS,ACE,CE,Combined TRACON& Tower with Radar,55,55,104,25,239,0,0,62,8,70,55,55,166,33,309,52,10,62,371
03/25/2022,ICT,KS,ACE,CE,Combined TRACON& Tower with Radar,48,61,95,14,218,0,2,67,4,73,48,63,162,18,291,52,0,52,343
03/26/2022,ICT,KS,ACE,CE,Combined TRACON& Tower with Radar,26,60,51,18,155,0,4,77,2,83,26,64,128,20,238,44,6,50,288
03/27/2022,ICT,KS,ACE,CE,Combined TRACON& Tower with Radar,41,34,56,12,143,0,3,53,2,58,41,37,109,14,201,24,10,34,235
03/28/2022,ICT,KS,ACE,CE,Combined TRACON& Tower with Radar,37,71,81,36,225,0,10,59,9,78,37,81,140,45,303,62,10,72,375
03/29/2022,ICT,KS,ACE,CE,Combined TRACON& Tower with Radar,44,60,83,41,228,1,1,25,10,37,45,61,108,51,265,40,66,106,371
03/30/2022,ICT,KS,ACE,CE,Combined TRACON& Tower with Radar,48,61,101,36,246,0,3,9,3,15,48,64,110,39,261,2,30,32,293
03/31/2022,ICT,KS,ACE,CE,Combined TRACON& Tower with Radar,47,66,109,10,232,0,5,52,2,59,47,71,161,12,291,76,36,112,403
04/01/2022,ICT,KS,ACE,CE,Combined TRACON& Tower with Radar,43,55,75,38,211,0,3,56,1,60,43,58,131,39,271,26,14,40,311
04/02/2022,ICT,KS,ACE,CE,Combined TRACON& Tower with Radar,24,45,40,9,118,0,6,49,3,58,24,51,89,12,176,88,6,94,270
04/03/2022,ICT,KS,ACE,CE,Combined TRACON& Tower with Radar,38,34,57,1,130,0,2,25,3,30,38,36,82,4,160,18,0,18,178
04/04/2022,ICT,KS,ACE,CE,Combined TRACON& Tower with Radar,38,50,72,124,284,0,5,45,11,61,38,55,117,135,345,100,56,156,501
04/05/2022,ICT,KS,ACE,CE,Combined TRACON& Tower with Radar,42,62,89,38,231,0,2,21,1,24,42,64,110,39,255,22,10,32,287
04/06/2022,ICT,KS,ACE,CE,Combined TRACON& Tower with Radar,45,62,69,4,180,0,3,26,1,30,45,65,95,5,210,48,0,48,258
04/07/2022,ICT,KS,ACE,CE,Combined TRACON& Tower with Radar,54,51,85,10,200,0,0,14,4,18,54,51,99,14,218,8,6,14,232
04/08/2022,ICT,KS,ACE,CE,Combined TRACON& Tower with Radar,44,47,49,27,167,0,4,34,3,41,44,51,83,30,208,36,8,44,252
04/09/2022,ICT,KS,ACE,CE,Combined TRACON& Tower with Radar,26,40,45,16,127,0,0,56,5,61,26,40,101,21,188,42,0,42,230
04/10/2022,ICT,KS,ACE,CE,Combined TRACON& Tower with Radar,41,49,36,15,141,0,3,42,1,46,41,52,78,16,187,42,0,42,229
04/11/2022,ICT,KS,ACE,CE,Combined TRACON& Tower with Radar,38,55,105,54,252,0,8,69,3,80,38,63,174,57,332,122,18,140,472
04/12/2022,ICT,KS,ACE,CE,Combined TRACON& Tower with Radar,40,59,62,12,173,0,0,5,1,6,40,59,67,13,179,0,0,0,179
04/13/2022,ICT,KS,ACE,CE,Combined TRACON& Tower with Radar,42,58,72,9,181,0,7,37,1,45,42,65,109,10,226,82,10,92,318
04/14/2022,ICT,KS,ACE,CE,Combined TRACON& Tower with Radar,50,60,94,47,251,1,9,78,5,93,51,69,172,52,344,96,42,138,482
04/15/2022,ICT,KS,ACE,CE,Combined TRACON& Tower with Radar,45,54,47,14,160,0,6,59,2,67,45,60,106,16,227,46,6,52,279
04/16/2022,ICT,KS,ACE,CE,Combined TRACON& Tower with Radar,28,37,36,4,105,0,6,23,1,30,28,43,59,5,135,18,0,18,153
04/17/2022,ICT,KS,ACE,CE,Combined TRACON& Tower with Radar,39,47,26,0,112,0,1,16,1,18,39,48,42,1,130,60,0,60,190
04/18/2022,ICT,KS,ACE,CE,Combined TRACON& Tower with Radar,36,48,78,71,233,0,8,63,6,77,36,56,141,77,310,92,64,156,466
04/19/2022,ICT,KS,ACE,CE,Combined TRACON& Tower with Radar,43,58,95,32,228,0,2,32,5,39,43,60,127,37,267,26,16,42,309
04/20/2022,ICT,KS,ACE,CE,Combined TRACON& Tower with Radar,47,54,83,75,259,0,4,24,2,30,47,58,107,77,289,54,40,94,383
04/21/2022,ICT,KS,ACE,CE,Combined TRACON& Tower with Radar,51,51,74,10,186,0,2,10,1,13,51,53,84,11,199,20,0,20,219
04/22/2022,ICT,KS,ACE,CE,Combined TRACON& Tower with Radar,45,56,67,13,181,0,0,9,0,9,45,56,76,13,190,14,0,14,204
04/23/2022,ICT,KS,ACE,CE,Combined TRACON& Tower with Radar,40,36,31,6,113,0,2,3,0,5,40,38,34,6,118,2,0,2,120
04/24/2022,ICT,KS,ACE,CE,Combined TRACON& Tower with Radar,37,46,49,21,153,0,3,62,1,66,37,49,111,22,219,76,4,80,299
04/25/2022,ICT,KS,ACE,CE,Combined TRACON& Tower with Radar,36,56,75,56,223,0,9,46,9,64,36,65,121,65,287,76,18,94,381
04/26/2022,ICT,KS,ACE,CE,Combined TRACON& Tower with Radar,45,54,94,51,244,0,11,87,6,104,45,65,181,57,348,176,48,224,572
04/27/2022,ICT,KS,ACE,CE,Combined TRACON& Tower with Radar,44,56,68,27,195,0,2,33,3,38,44,58,101,30,233,18,10,28,261
04/28/2022,ICT,KS,ACE,CE,Combined TRACON& Tower with Radar,48,71,119,75,313,0,2,37,3,42,48,73,156,78,355,18,62,80,435
04/29/2022,ICT,KS,ACE,CE,Combined TRACON& Tower with Radar,44,59,74,4,181,0,0,14,4,18,44,59,88,8,199,4,0,4,203
04/30/2022,ICT,KS,ACE,CE,Combined TRACON& Tower with Radar,31,52,37,1,121,0,3,36,2,41,31,55,73,3,162,0,0,0,162
05/01/2022,ICT,KS,ACE,CE,Combined TRACON& Tower with Radar,40,29,57,0,126,0,1,63,5,69,40,30,120,5,195,108,0,108,303
05/02/2022,ICT,KS,ACE,CE,Combined TRACON& Tower with Radar,37,37,48,0,122,0,0,2,0,2,37,37,50,0,124,16,0,16,140
05/03/2022,ICT,KS,ACE,CE,Combined TRACON& Tower with Radar,43,51,86,25,205,0,1,28,0,29,43,52,114,25,234,46,4,50,284
05/04/2022,ICT,KS,ACE,CE,Combined TRACON& Tower with Radar,46,47,45,8,146,0,1,0,0,1,46,48,45,8,147,0,0,0,147
05/05/2022,ICT,KS,ACE,CE,Combined TRACON& Tower with Radar,50,52,61,8,171,0,0,0,0,0,50,52,61,8,171,0,0,0,171
05/06/2022,ICT,KS,ACE,CE,Combined TRACON& Tower with Radar,47,64,111,16,238,0,2,53,5,60,47,66,164,21,298,40,2,42,340
05/07/2022,ICT,KS,ACE,CE,Combined TRACON& Tower with Radar,35,44,62,4,145,0,4,46,3,53,35,48,108,7,198,22,0,22,220
05/08/2022,ICT,KS,ACE,CE,Combined TRACON& Tower with Radar,41,58,90,0,189,0,1,13,0,14,41,59,103,0,203,64,0,64,267
05/09/2022,ICT,KS,ACE,CE,Combined TRACON& Tower with Radar,44,66,91,56,257,0,5,46,0,51,44,71,137,56,308,14,40,54,362
05/10/2022,ICT,KS,ACE,CE,Combined TRACON& Tower with Radar,44,58,84,74,260,0,9,56,3,68,44,67,140,77,328,12,76,88,416
05/11/2022,ICT,KS,ACE,CE,Combined TRACON& Tower with Radar,47,57,96,24,224,0,8,72,4,84,47,65,168,28,308,54,8,62,370
05/12/2022,ICT,KS,ACE,CE,Combined TRACON& Tower with Radar,56,58,89,33,236,0,5,52,6,63,56,63,141,39,299,10,40,50,349
05/13/2022,ICT,KS,ACE,CE,Combined TRACON& Tower with Radar,54,59,79,62,254,0,0,47,8,55,54,59,126,70,309,26,58,84,393
05/14/2022,ICT,KS,ACE,CE,Combined TRACON& Tower with Radar,33,34,42,0,109,0,4,48,3,55,33,38,90,3,164,48,0,48,212
05/15/2022,ICT,KS,ACE,CE,Combined TRACON& Tower with Radar,42,46,53,15,156,0,3,29,6,38,42,49,82,21,194,80,0,80,274
05/16/2022,ICT,KS,ACE,CE,Combined TRACON& Tower with Radar,42,61,75,103,281,0,3,80,6,89,42,64,155,109,370,26,6,32,402
05/17/2022,ICT,KS,ACE,CE,Combined TRACON& Tower with Radar,46,60,77,30,213,0,1,30,1,32,46,61,107,31,245,22,8,30,275
05/18/2022,ICT,KS,ACE,CE,Combined TRACON& Tower with Radar,50,70,75,30,225,0,2,57,5,64,50,72,132,35,289,52,40,92,381
05/19/2022,ICT,KS,ACE,CE,Combined TRACON& Tower with Radar,52,53,97,80,282,0,9,41,3,53,52,62,138,83,335,104,18,122,457
05/20/2022,ICT,KS,ACE,CE,Combined TRACON& Tower with Radar,48,67,79,35,229,0,8,55,4,67,48,75,134,39,296,34,12,46,342
05/21/2022,ICT,KS,ACE,CE,Combined TRACON& Tower with Radar,36,61,67,4,168,0,8,28,0,36,36,69,95,4,204,36,0,36,240
05/22/2022,ICT,KS,ACE,CE,Combined TRACON& Tower with Radar,38,57,61,30,186,0,6,46,2,54,38,63,107,32,240,52,8,60,300
05/23/2022,ICT,KS,ACE,CE,Combined TRACON& Tower with Radar,40,59,98,23,220,0,2,35,2,39,40,61,133,25,259,66,24,90,349
05/24/2022,ICT,KS,ACE,CE,Combined TRACON& Tower with Radar,44,56,50,0,150,0,0,0,0,0,44,56,50,0,150,0,0,0,150
05/25/2022,ICT,KS,ACE,CE,Combined TRACON& Tower with Radar,55,51,96,0,202,0,0,0,0,0,55,51,96,0,202,0,0,0,202
05/26/2022,ICT,KS,ACE,CE,Combined TRACON& Tower with Radar,48,52,101,26,227,0,2,26,0,28,48,54,127,26,255,30,12,42,297
05/27/2022,ICT,KS,ACE,CE,Combined TRACON& Tower with Radar,49,39,67,0,155,0,9,87,3,99,49,48,154,3,254,42,0,42,296
05/28/2022,ICT,KS,ACE,CE,Combined TRACON& Tower with Radar,40,35,33,0,108,0,5,16,6,27,40,40,49,6,135,0,4,4,139
05/29/2022,ICT,KS,ACE,CE,Combined TRACON& Tower with Radar,38,40,11,0,89,0,2,16,2,20,38,42,27,2,109,0,0,0,109
05/30/2022,ICT,KS,ACE,CE,Combined TRACON& Tower with Radar,38,40,21,2,101,0,3,4,1,8,38,43,25,3,109,0,2,2,111
05/31/2022,ICT,KS,ACE,CE,Combined TRACON& Tower with Radar,39,54,87,9,189,0,0,7,0,7,39,54,94,9,196,4,0,4,200
06/01/2022,ICT,KS,ACE,CE,Combined TRACON& Tower with Radar,55,51,58,0,164,0,2,8,0,10,55,53,66,0,174,36,0,36,210
06/02/2022,ICT,KS,ACE,CE,Combined TRACON& Tower with Radar,53,53,79,84,269,0,8,107,10,125,53,61,186,94,394,62,68,130,524
06/03/2022,ICT,KS,ACE,CE,Combined TRACON& Tower with Radar,50,61,70,21,202,0,6,83,9,98,50,67,153,30,300,56,32,88,388
06/04/2022,ICT,KS,ACE,CE,Combined TRACON& Tower with Radar,41,35,22,10,108,0,2,22,3,27,41,37,44,13,135,88,0,88,223
06/05/2022,ICT,KS,ACE,CE,Combined TRACON& Tower with Radar,44,31,42,8,125,0,1,28,3,32,44,32,70,11,157,8,0,8,165
06/06/2022,ICT,KS,ACE,CE,Combined TRACON& Tower with Radar,57,44,74,33,208,0,3,35,8,46,57,47,109,41,254,62,14,76,330
06/07/2022,ICT,KS,ACE,CE,Combined TRACON& Tower with Radar,53,47,94,55,249,0,5,55,4,64,53,52,149,59,313,84,48,132,445
06/08/2022,ICT,KS,ACE,CE,Combined TRACON& Tower with Radar,62,56,86,35,239,0,8,49,10,67,62,64,135,45,306,66,20,86,392
06/09/2022,ICT,KS,ACE,CE,Combined TRACON& Tower with Radar,51,51,101,1,204,0,0,45,4,49,51,51,146,5,253,66,0,66,319
06/10/2022,ICT,KS,ACE,CE,Combined TRACON& Tower with Radar,47,57,66,86,256,0,5,66,7,78,47,62,132,93,334,80,34,114,448
06/11/2022,ICT,KS,ACE,CE,Combined TRACON& Tower with Radar,53,36,22,2,113,0,2,55,4,61,53,38,77,6,174,56,0,56,230
06/12/2022,ICT,KS,ACE,CE,Combined TRACON& Tower with Radar,45,34,48,40,167,0,7,21,4,32,45,41,69,44,199,4,22,26,225
06/13/2022,ICT,KS,ACE,CE,Combined TRACON& Tower with Radar,47,30,66,20,163,0,10,46,9,65,47,40,112,29,228,10,8,18,246
06/14/2022,ICT,KS,ACE,CE,Combined TRACON& Tower with Radar,51,62,60,46,219,0,4,32,5,41,51,66,92,51,260,0,6,6,266
06/15/2022,ICT,KS,ACE,CE,Combined TRACON& Tower with Radar,62,60,88,56,266,0,3,42,14,59,62,63,130,70,325,60,104,164,489
06/16/2022,ICT,KS,ACE,CE,Combined TRACON& Tower with Radar,54,43,73,105,275,0,4,70,13,87,54,47,143,118,362,16,16,32,394
06/17/2022,ICT,KS,ACE,CE,Combined TRACON& Tower with Radar,58,50,79,49,236,0,7,67,14,88,58,57,146,63,324,123,28,151,475
06/18/2022,ICT,KS,ACE,CE,Combined TRACON& Tower with Radar,45,41,38,1,125,0,5,55,4,64,45,46,93,5,189,12,0,12,201
06/19/2022,ICT,KS,ACE,CE,Combined TRACON& Tower with Radar,50,37,28,1,116,0,5,36,3,44,50,42,64,4,160,32,0,32,192
06/20/2022,ICT,KS,ACE,CE,Combined TRACON& Tower with Radar,48,50,70,0,168,0,2,57,3,62,48,52,127,3,230,38,0,38,268
06/21/2022,ICT,KS,ACE,CE,Combined TRACON& Tower with Radar,50,56,84,65,255,0,1,53,7,61,50,57,137,72,316,30,36,66,382
06/22/2022,ICT,KS,ACE,CE,Combined TRACON& Tower with Radar,65,64,55,36,220,0,2,38,9,49,65,66,93,45,269,16,12,28,297
06/23/2022,ICT,KS,ACE,CE,Combined TRACON& Tower with Radar,54,51,87,37,229,0,4,55,7,66,54,55,142,44,295,68,26,94,389
06/24/2022,ICT,KS,ACE,CE,Combined TRACON& Tower with Radar,53,63,71,41,228,1,3,53,8,65,54,66,124,49,293,28,32,60,353
06/25/2022,ICT,KS,ACE,CE,Combined TRACON& Tower with Radar,47,40,42,5,134,0,5,45,7,57,47,45,87,12,191,14,0,14,205
06/26/2022,ICT,KS,ACE,CE,Combined TRACON& Tower with Radar,36,43,59,0,138,0,0,28,2,30,36,43,87,2,168,0,0,0,168
06/27/2022,ICT,KS,ACE,CE,Combined TRACON& Tower with Radar,43,53,70,25,191,0,4,39,10,53,43,57,109,35,244,42,16,58,302
06/28/2022,ICT,KS,ACE,CE,Combined TRACON& Tower with Radar,45,60,68,95,268,0,8,101,9,118,45,68,169,104,386,122,36,158,544
06/29/2022,ICT,KS,ACE,CE,Combined TRACON& Tower with Radar,55,67,79,80,281,0,10,78,10,98,55,77,157,90,379,78,34,112,491
06/30/2022,ICT,KS,ACE,CE,Combined TRACON& Tower with Radar,50,56,91,65,262,1,7,80,3,91,51,63,171,68,353,40,46,86,439
07/01/2022,ICT,KS,ACE,CE,Combined TRACON& Tower with Radar,51,59,76,1,187,0,4,73,2,79,51,63,149,3,266,74,0,74,340
07/02/2022,ICT,KS,ACE,CE,Combined TRACON& Tower with Radar,47,33,38,0,118,0,2,24,1,27,47,35,62,1,145,76,0,76,221
07/03/2022,ICT,KS,ACE,CE,Combined TRACON& Tower with Radar,44,25,32,0,101,0,3,36,2,41,44,28,68,2,142,38,0,38,180
07/04/2022,ICT,KS,ACE,CE,Combined TRACON& Tower with Radar,41,32,16,2,91,0,8,32,1,41,41,40,48,3,132,28,0,28,160
07/05/2022,ICT,KS,ACE,CE,Combined TRACON& Tower with Radar,48,48,72,44,212,0,8,32,4,44,48,56,104,48,256,50,36,86,342
07/06/2022,ICT,KS,ACE,CE,Combined TRACON& Tower with Radar,62,73,53,89,277,0,10,57,2,69,62,83,110,91,346,116,88,204,550
07/07/2022,ICT,KS,ACE,CE,Combined TRACON& Tower with Radar,59,47,85,36,227,0,8,59,9,76,59,55,144,45,303,40,6,46,349
07/08/2022,ICT,KS,ACE,CE,Combined TRACON& Tower with Radar,57,49,59,88,253,0,13,54,7,74,57,62,113,95,327,86,76,162,489
07/09/2022,ICT,KS,ACE,CE,Combined TRACON& Tower with Radar,46,40,26,3,115,0,11,52,0,63,46,51,78,3,178,52,0,52,230
07/10/2022,ICT,KS,ACE,CE,Combined TRACON& Tower with Radar,51,40,32,23,146,0,4,61,4,69,51,44,93,27,215,48,12,60,275
07/11/2022,ICT,KS,ACE,CE,Combined TRACON& Tower with Radar,47,50,73,38,208,0,5,52,4,61,47,55,125,42,269,50,0,50,319
07/12/2022,ICT,KS,ACE,CE,Combined TRACON& Tower with Radar,49,48,69,48,214,0,6,67,3,76,49,54,136,51,290,86,14,100,390
07/13/2022,ICT,KS,ACE,CE,Combined TRACON& Tower with Radar,58,51,57,51,217,0,2,57,3,62,58,53,114,54,279,125,32,157,436
07/14/2022,ICT,KS,ACE,CE,Combined TRACON& Tower with Radar,53,50,87,28,218,1,8,66,8,83,54,58,153,36,301,80,6,86,387
07/15/2022,ICT,KS,ACE,CE,Combined TRACON& Tower with Radar,55,48,73,29,205,0,6,65,1,72,55,54,138,30,277,50,2,52,329
07/16/2022,ICT,KS,ACE,CE,Combined TRACON& Tower with Radar,51,50,37,22,160,0,3,41,2,46,51,53,78,24,206,82,12,94,300
07/17/2022,ICT,KS,ACE,CE,Combined TRACON& Tower with Radar,47,42,45,26,160,0,4,29,9,42,47,46,74,35,202,30,2,32,234
07/18/2022,ICT,KS,ACE,CE,Combined TRACON& Tower with Radar,44,54,76,64,238,0,1,52,6,59,44,55,128,70,297,56,50,106,403
07/19/2022,ICT,KS,ACE,CE,Combined TRACON& Tower with Radar,51,52,62,45,210,0,8,80,5,93,51,60,142,50,303,66,6,72,375
07/20/2022,ICT,KS,ACE,CE,Combined TRACON& Tower with Radar,68,55,71,89,283,0,12,76,18,106,68,67,147,107,389,108,22,130,519
07/21/2022,ICT,KS,ACE,CE,Combined TRACON& Tower with Radar,61,62,94,53,270,1,4,54,10,69,62,66,148,63,339,24,40,64,403
07/22/2022,ICT,KS,ACE,CE,Combined TRACON& Tower with Radar,54,50,61,42,207,0,14,60,11,85,54,64,121,53,292,64,12,76,368
07/23/2022,ICT,KS,ACE,CE,Combined TRACON& Tower with Radar,48,44,40,18,150,0,2,37,0,39,48,46,77,18,189,28,0,28,217
07/24/2022,ICT,KS,ACE,CE,Combined TRACON& Tower with Radar,43,33,47,4,127,0,4,31,0,35,43,37,78,4,162,42,0,42,204
07/25/2022,ICT,KS,ACE,CE,Combined TRACON& Tower with Radar,45,43,57,20,165,0,8,32,16,56,45,51,89,36,221,44,10,54,275
07/26/2022,ICT,KS,ACE,CE,Combined TRACON& Tower with Radar,46,44,67,55,212,0,4,57,10,71,46,48,124,65,283,76,26,102,385
07/27/2022,ICT,KS,ACE,CE,Combined TRACON& Tower with Radar,59,56,71,5,191,0,2,59,12,73,59,58,130,17,264,84,0,84,348
07/28/2022,ICT,KS,ACE,CE,Combined TRACON& Tower with Radar,57,39,74,32,202,0,2,32,12,46,57,41,106,44,248,28,18,46,294
07/29/2022,ICT,KS,ACE,CE,Combined TRACON& Tower with Radar,48,45,58,27,178,0,2,37,8,47,48,47,95,35,225,50,36,86,311
07/30/2022,ICT,KS,ACE,CE,Combined TRACON& Tower with Radar,45,36,35,0,116,0,2,4,0,6,45,38,39,0,122,14,0,14,136
07/31/2022,ICT,KS,ACE,CE,Combined TRACON& Tower with Radar,44,38,57,35,174,0,4,34,2,40,44,42,91,37,214,60,16,76,290
08/01/2022,ICT,KS,ACE,CE,Combined TRACON& Tower with Radar,43,51,76,50,220,0,4,66,9,79,43,55,142,59,299,58,22,80,379
08/02/2022,ICT,KS,ACE,CE,Combined TRACON& Tower with Radar,46,53,81,26,206,0,3,54,10,67,46,56,135,36,273,32,12,44,317
08/03/2022,ICT,KS,ACE,CE,Combined TRACON& Tower with Radar,56,46,80,9,191,0,11,56,13,80,56,57,136,22,271,88,24,112,383
08/04/2022,ICT,KS,ACE,CE,Combined TRACON& Tower with Radar,52,53,64,35,204,0,7,67,17,91,52,60,131,52,295,38,44,82,377
08/05/2022,ICT,KS,ACE,CE,Combined TRACON& Tower with Radar,49,53,62,44,208,0,4,75,12,91,49,57,137,56,299,72,12,84,383
08/06/2022,ICT,KS,ACE,CE,Combined TRACON& Tower with Radar,46,37,49,5,137,0,4,36,3,43,46,41,85,8,180,54,0,54,234
08/07/2022,ICT,KS,ACE,CE,Combined TRACON& Tower with Radar,40,33,54,40,167,0,2,34,2,38,40,35,88,42,205,14,10,24,229
08/08/2022,ICT,KS,ACE,CE,Combined TRACON& Tower with Radar,44,48,88,47,227,0,3,43,14,60,44,51,131,61,287,24,44,68,355
08/09/2022,ICT,KS,ACE,CE,Combined TRACON& Tower with Radar,48,49,86,55,238,0,5,47,8,60,48,54,133,63,298,48,82,130,428
08/10/2022,ICT,KS,ACE,CE,Combined TRACON& Tower with Radar,66,47,77,70,260,2,5,69,17,93,68,52,146,87,353,92,14,106,459
08/11/2022,ICT,KS,ACE,CE,Combined TRACON& Tower with Radar,50,63,71,51,235,0,8,58,29,95,50,71,129,80,330,94,12,106,436
08/12/2022,ICT,KS,ACE,CE,Combined TRACON& Tower with Radar,55,53,70,56,234,0,11,69,7,87,55,64,139,63,321,38,4,42,363
08/13/2022,ICT,KS,ACE,CE,Combined TRACON& Tower with Radar,45,46,31,11,133,0,4,61,3,68,45,50,92,14,201,44,0,44,245
08/14/2022,ICT,KS,ACE,CE,Combined TRACON& Tower with Radar,42,63,53,30,188,0,6,50,0,56,42,69,103,30,244,30,0,30,274
08/15/2022,ICT,KS,ACE,CE,Combined TRACON& Tower with Radar,44,60,79,43,226,0,5,63,6,74,44,65,142,49,300,66,6,72,372
08/16/2022,ICT,KS,ACE,CE,Combined TRACON& Tower with Radar,50,53,93,58,254,1,2,54,2,59,51,55,147,60,313,50,28,78,391
08/17/2022,ICT,KS,ACE,CE,Combined TRACON& Tower with Radar,49,59,100,88,296,0,4,27,5,36,49,63,127,93,332,96,20,116,448
08/18/2022,ICT,KS,ACE,CE,Combined TRACON& Tower with Radar,45,45,99,56,245,0,1,82,5,88,45,46,181,61,333,92,110,202,535
08/19/2022,ICT,KS,ACE,CE,Combined TRACON& Tower with Radar,55,61,75,35,226,0,1,54,6,61,55,62,129,41,287,84,20,104,391
08/20/2022,ICT,KS,ACE,CE,Combined TRACON& Tower with Radar,41,41,55,19,156,0,6,25,1,32,41,47,80,20,188,38,8,46,234
08/21/2022,ICT,KS,ACE,CE,Combined TRACON& Tower with Radar,32,35,34,35,136,0,6,38,3,47,32,41,72,38,183,24,0,24,207
08/22/2022,ICT,KS,ACE,CE,Combined TRACON& Tower with Radar,42,48,63,50,203,0,2,70,7,79,42,50,133,57,282,72,22,94,376
08/23/2022,ICT,KS,ACE,CE,Combined TRACON& Tower with Radar,53,61,66,95,275,0,11,74,9,94,53,72,140,104,369,108,48,156,525
08/24/2022,ICT,KS,ACE,CE,Combined TRACON& Tower with Radar,52,56,84,51,243,0,3,76,12,91,52,59,160,63,334,128,12,140,474
08/25/2022,ICT,KS,ACE,CE,Combined TRACON& Tower with Radar,49,51,94,60,254,0,4,72,6,82,49,55,166,66,336,176,68,244,580
08/26/2022,ICT,KS,ACE,CE,Combined TRACON& Tower with Radar,52,48,85,49,234,0,10,49,6,65,52,58,134,55,299,82,42,124,423
08/27/2022,ICT,KS,ACE,CE,Combined TRACON& Tower with Radar,38,38,31,2,109,0,5,25,5,35,38,43,56,7,144,28,0,28,172
08/28/2022,ICT,KS,ACE,CE,Combined TRACON& Tower with Radar,40,40,55,28,163,0,2,27,1,30,40,42,82,29,193,32,0,32,225
08/29/2022,ICT,KS,ACE,CE,Combined TRACON& Tower with Radar,53,55,75,58,241,0,3,43,2,48,53,58,118,60,289,36,66,102,391
08/30/2022,ICT,KS,ACE,CE,Combined TRACON& Tower with Radar,50,62,83,56,251,0,15,77,2,94,50,77,160,58,345,76,68,144,489
08/31/2022,ICT,KS,ACE,CE,Combined TRACON& Tower with Radar,55,57,89,49,250,0,5,85,2,92,55,62,174,51,342,88,64,152,494
09/01/2022,ICT,KS,ACE,CE,Combined TRACON& Tower with Radar,45,51,82,51,229,0,2,50,6,58,45,53,132,57,287,54,34,88,375
09/02/2022,ICT,KS,ACE,CE,Combined TRACON& Tower with Radar,58,53,70,3,184,0,2,30,3,35,58,55,100,6,219,48,0,48,267
09/03/2022,ICT,KS,ACE,CE,Combined TRACON& Tower with Radar,39,37,31,0,107,0,7,49,8,64,39,44,80,8,171,96,0,96,267
09/04/2022,ICT,KS,ACE,CE,Combined TRACON& Tower with Radar,33,45,19,0,97,0,7,22,1,30,33,52,41,1,127,26,0,26,153
09/05/2022,ICT,KS,ACE,CE,Combined TRACON& Tower with Radar,43,37,27,0,107,0,5,41,2,48,43,42,68,2,155,60,0,60,215
09/06/2022,ICT,KS,ACE,CE,Combined TRACON& Tower with Radar,47,78,62,82,269,1,11,61,4,77,48,89,123,86,346,50,16,66,412
09/07/2022,ICT,KS,ACE,CE,Combined TRACON& Tower with Radar,51,66,87,73,277,0,16,73,9,98,51,82,160,82,375,82,48,130,505
09/08/2022,ICT,KS,ACE,CE,Combined TRACON& Tower with Radar,49,67,83,69,268,0,8,67,6,81,49,75,150,75,349,94,4,98,447
09/09/2022,ICT,KS,ACE,CE,Combined TRACON& Tower with Radar,54,63,54,31,202,0,7,68,4,79,54,70,122,35,281,96,12,108,389
09/10/2022,ICT,KS,ACE,CE,Combined TRACON& Tower with Radar,36,36,38,0,110,0,0,21,2,23,36,36,59,2,133,22,0,22,155
09/11/2022,ICT,KS,ACE,CE,Combined TRACON& Tower with Radar,43,50,45,3,141,0,9,59,1,69,43,59,104,4,210,38,0,38,248
09/12/2022,ICT,KS,ACE,CE,Combined TRACON& Tower with Radar,46,51,65,39,201,0,4,58,4,66,46,55,123,43,267,46,20,66,333
09/13/2022,ICT,KS,ACE,CE,Combined TRACON& Tower with Radar,46,43,77,68,234,1,3,59,2,65,47,46,136,70,299,36,46,82,381
09/14/2022,ICT,KS,ACE,CE,Combined TRACON& Tower with Radar,48,59,70,32,209,0,2,49,2,53,48,61,119,34,262,42,28,70,332
09/15/2022,ICT,KS,ACE,CE,Combined TRACON& Tower with Radar,50,60,66,10,186,0,8,51,8,67,50,68,117,18,253,44,0,44,297
09/16/2022,ICT,KS,ACE,CE,Combined TRACON& Tower with Radar,52,56,60,34,202,0,5,49,2,56,52,61,109,36,258,66,16,82,340
09/17/2022,ICT,KS,ACE,CE,Combined TRACON& Tower with Radar,38,42,34,0,114,0,6,20,4,30,38,48,54,4,144,44,0,44,188
09/18/2022,ICT,KS,ACE,CE,Combined TRACON& Tower with Radar,44,36,35,4,119,0,14,19,0,33,44,50,54,4,152,12,6,18,170
09/19/2022,ICT,KS,ACE,CE,Combined TRACON& Tower with Radar,50,59,51,26,186,0,1,44,4,49,50,60,95,30,235,16,14,30,265
09/20/2022,ICT,KS,ACE,CE,Combined TRACON& Tower with Radar,47,57,65,63,232,0,14,63,2,79,47,71,128,65,311,78,40,118,429
09/21/2022,ICT,KS,ACE,CE,Combined TRACON& Tower with Radar,52,62,80,43,237,0,8,45,8,61,52,70,125,51,298,12,52,64,362
09/22/2022,ICT,KS,ACE,CE,Combined TRACON& Tower with Radar,53,52,81,12,198,0,1,12,0,13,53,53,93,12,211,10,0,10,221
09/23/2022,ICT,KS,ACE,CE,Combined TRACON& Tower with Radar,55,57,91,2,205,0,13,64,7,84,55,70,155,9,289,112,0,112,401
09/24/2022,ICT,KS,ACE,CE,Combined TRACON& Tower with Radar,39,47,23,11,120,0,5,38,5,48,39,52,61,16,168,62,28,90,258
09/25/2022,ICT,KS,ACE,CE,Combined TRACON& Tower with Radar,41,42,61,25,169,0,7,44,4,55,41,49,105,29,224,20,0,20,244
09/26/2022,ICT,KS,ACE,CE,Combined TRACON& Tower with Radar,49,52,75,42,218,0,6,65,2,73,49,58,140,44,291,74,2,76,367
09/27/2022,ICT,KS,ACE,CE,Combined TRACON& Tower with Radar,46,55,75,27,203,0,6,91,2,99,46,61,166,29,302,24,2,26,328
09/28/2022,ICT,KS,ACE,CE,Combined TRACON& Tower with Radar,48,50,76,26,200,0,6,63,4,73,48,56,139,30,273,78,0,78,351
09/29/2022,ICT,KS,ACE,CE,Combined TRACON& Tower with Radar,55,60,66,17,198,0,1,73,6,80,55,61,139,23,278,104,0,104,382
09/30/2022,ICT,KS,ACE,CE,Combined TRACON& Tower with Radar,57,54,63,17,191,0,4,72,2,78,57,58,135,19,269,80,14,94,363
10/01/2022,ICT,KS,ACE,CE,Combined TRACON& Tower with Radar,38,35,51,2,126,0,2,42,2,46,38,37,93,4,172,44,0,44,216
10/02/2022,ICT,KS,ACE,CE,Combined TRACON& Tower with Radar,44,33,50,14,141,0,3,61,4,68,44,36,111,18,209,54,0,54,263
10/03/2022,ICT,KS,ACE,CE,Combined TRACON& Tower with Radar,49,59,78,41,227,0,3,69,5,77,49,62,147,46,304,52,40,92,396
10/04/2022,ICT,KS,ACE,CE,Combined TRACON& Tower with Radar,51,55,83,49,238,0,2,54,2,58,51,57,137,51,296,94,42,136,432
10/05/2022,ICT,KS,ACE,CE,Combined TRACON& Tower with Radar,52,56,90,46,244,0,6,56,6,68,52,62,146,52,312,50,14,64,376
10/06/2022,ICT,KS,ACE,CE,Combined TRACON& Tower with Radar,53,58,76,30,217,0,2,59,8,69,53,60,135,38,286,120,26,146,432
10/07/2022,ICT,KS,ACE,CE,Combined TRACON& Tower with Radar,56,55,97,29,237,0,0,56,9,65,56,55,153,38,302,26,46,72,374
10/08/2022,ICT,KS,ACE,CE,Combined TRACON& Tower with Radar,37,38,35,2,112,0,5,38,3,46,37,43,73,5,158,112,0,112,270
10/09/2022,ICT,KS,ACE,CE,Combined TRACON& Tower with Radar,45,27,47,0,119,0,3,37,1,41,45,30,84,1,160,82,0,82,242
10/10/2022,ICT,KS,ACE,CE,Combined TRACON& Tower with Radar,47,47,56,2,152,0,3,61,3,67,47,50,117,5,219,64,0,64,283
10/11/2022,ICT,KS,ACE,CE,Combined TRACON& Tower with Radar,48,58,83,62,251,0,9,27,0,36,48,67,110,62,287,44,50,94,381
10/12/2022,ICT,KS,ACE,CE,Combined TRACON& Tower with Radar,54,53,80,46,233,0,2,43,6,51,54,55,123,52,284,78,4,82,366
10/13/2022,ICT,KS,ACE,CE,Combined TRACON& Tower with Radar,53,58,58,22,191,0,4,57,11,72,53,62,115,33,263,60,0,60,323
10/14/2022,ICT,KS,ACE,CE,Combined TRACON& Tower with Radar,57,47,58,40,202,0,7,57,9,73,57,54,115,49,275,48,22,70,345
10/15/2022,ICT,KS,ACE,CE,Combined TRACON& Tower with Radar,39,35,44,2,120,0,6,67,3,76,39,41,111,5,196,44,0,44,240
10/16/2022,ICT,KS,ACE,CE,Combined TRACON& Tower with Radar,45,39,54,15,153,0,15,46,6,67,45,54,100,21,220,56,0,56,276
10/17/2022,ICT,KS,ACE,CE,Combined TRACON& Tower with Radar,51,45,60,80,236,0,6,55,6,67,51,51,115,86,303,32,30,62,365
10/18/2022,ICT,KS,ACE,CE,Combined TRACON& Tower with Radar,47,67,62,78,254,0,4,43,5,52,47,71,105,83,306,38,84,122,428
10/19/2022,ICT,KS,ACE,CE,Combined TRACON& Tower with Radar,54,56,59,69,238,0,5,76,3,84,54,61,135,72,322,106,32,138,460
10/20/2022,ICT,KS,ACE,CE,Combined TRACON& Tower with Radar,53,59,65,54,231,0,5,63,6,74,53,64,128,60,305,122,58,180,485
10/21/2022,ICT,KS,ACE,CE,Combined TRACON& Tower with Radar,55,55,67,28,205,0,4,61,10,75,55,59,128,38,280,144,22,166,446
10/22/2022,ICT,KS,ACE,CE,Combined TRACON& Tower with Radar,38,35,25,0,98,0,3,24,2,29,38,38,49,2,127,22,0,22,149
10/23/2022,ICT,KS,ACE,CE,Combined TRACON& Tower with Radar,48,31,25,4,108,0,0,3,0,3,48,31,28,4,111,0,0,0,111
10/24/2022,ICT,KS,ACE,CE,Combined TRACON& Tower with Radar,63,40,59,2,164,0,0,3,0,3,63,40,62,2,167,10,0,10,177
10/25/2022,ICT,KS,ACE,CE,Combined TRACON& Tower with Radar,48,61,84,97,290,0,8,58,4,70,48,69,142,101,360,24,34,58,418
10/26/2022,ICT,KS,ACE,CE,Combined TRACON& Tower with Radar,56,45,98,35,234,0,7,73,6,86,56,52,171,41,320,132,0,132,452
10/27/2022,ICT,KS,ACE,CE,Combined TRACON& Tower with Radar,60,52,81,34,227,0,1,34,2,37,60,53,115,36,264,36,8,44,308
10/28/2022,ICT,KS,ACE,CE,Combined TRACON& Tower with Radar,51,64,65,58,238,0,4,79,3,86,51,68,144,61,324,140,20,160,484
10/29/2022,ICT,KS,ACE,CE,Combined TRACON& Tower with Radar,36,44,36,0,116,0,5,52,1,58,36,49,88,1,174,64,0,64,238
10/30/2022,ICT,KS,ACE,CE,Combined TRACON& Tower with Radar,43,47,50,16,156,0,4,50,4,58,43,51,100,20,214,30,0,30,244
10/31/2022,ICT,KS,ACE,CE,Combined TRACON& Tower with Radar,47,34,65,58,204,1,9,66,4,80,48,43,131,62,284,220,28,248,532
11/01/2022,ICT,KS,ACE,CE,Combined TRACON& Tower with Radar,52,52,82,50,236,0,5,97,10,112,52,57,179,60,348,80,4,84,432
11/02/2022,ICT,KS,ACE,CE,Combined TRACON& Tower with Radar,52,52,53,74,231,0,0,38,12,50,52,52,91,86,281,12,38,50,331
11/03/2022,ICT,KS,ACE,CE,Combined TRACON& Tower with Radar,52,51,88,21,212,0,0,2,4,6,52,51,90,25,218,6,6,12,230
11/04/2022,ICT,KS,ACE,CE,Combined TRACON& Tower with Radar,54,37,24,0,115,0,0,0,0,0,54,37,24,0,115,0,0,0,115
11/05/2022,ICT,KS,ACE,CE,Combined TRACON& Tower with Radar,38,46,36,8,128,0,6,40,10,56,38,52,76,18,184,52,0,52,236
11/06/2022,ICT,KS,ACE,CE,Combined TRACON& Tower with Radar,40,38,48,1,127,0,5,52,0,57,40,43,100,1,184,90,0,90,274
11/07/2022,ICT,KS,ACE,CE,Combined TRACON& Tower with Radar,44,45,71,49,209,2,6,50,4,62,46,51,121,53,271,50,84,134,405
11/08/2022,ICT,KS,ACE,CE,Combined TRACON& Tower with Radar,48,56,73,5,182,0,0,0,0,0,48,56,73,5,182,0,0,0,182
11/09/2022,ICT,KS,ACE,CE,Combined TRACON& Tower with Radar,58,49,84,41,232,0,7,12,2,21,58,56,96,43,253,26,6,32,285
11/10/2022,ICT,KS,ACE,CE,Combined TRACON& Tower with Radar,48,52,90,8,198,0,8,17,1,26,48,60,107,9,224,52,12,64,288
11/11/2022,ICT,KS,ACE,CE,Combined TRACON& Tower with Radar,49,51,51,15,166,0,6,58,11,75,49,57,109,26,241,82,0,82,323
11/12/2022,ICT,KS,ACE,CE,Combined TRACON& Tower with Radar,41,41,42,1,125,0,7,64,2,73,41,48,106,3,198,60,0,60,258
11/13/2022,ICT,KS,ACE,CE,Combined TRACON& Tower with Radar,42,29,56,5,132,0,6,49,1,56,42,35,105,6,188,52,0,52,240
11/14/2022,ICT,KS,ACE,CE,Combined TRACON& Tower with Radar,44,38,55,1,138,0,2,20,1,23,44,40,75,2,161,48,2,50,211
11/15/2022,ICT,KS,ACE,CE,Combined TRACON& Tower with Radar,55,54,74,71,254,0,8,89,7,104,55,62,163,78,358,140,0,140,498
11/16/2022,ICT,KS,ACE,CE,Combined TRACON& Tower with Radar,52,47,96,40,235,0,10,80,7,97,52,57,176,47,332,100,29,129,461
11/17/2022,ICT,KS,ACE,CE,Combined TRACON& Tower with Radar,52,41,53,15,161,0,4,70,8,82,52,45,123,23,243,174,0,174,417
11/18/2022,ICT,KS,ACE,CE,Combined TRACON& Tower with Radar,56,51,75,57,239,0,0,62,0,62,56,51,137,57,301,20,34,54,355
11/19/2022,ICT,KS,ACE,CE,Combined TRACON& Tower with Radar,47,34,30,0,111,0,2,52,1,55,47,36,82,1,166,56,0,56,222
11/20/2022,ICT,KS,ACE,CE,Combined TRACON& Tower with Radar,46,34,34,4,118,0,4,46,0,50,46,38,80,4,168,24,6,30,198
11/21/2022,ICT,KS,ACE,CE,Combined TRACON& Tower with Radar,46,44,51,37,178,0,6,71,4,81,46,50,122,41,259,74,30,104,363
11/22/2022,ICT,KS,ACE,CE,Combined TRACON& Tower with Radar,52,43,61,22,178,0,4,73,1,78,52,47,134,23,256,66,4,70,326
11/23/2022,ICT,KS,ACE,CE,Combined TRACON& Tower with Radar,56,45,68,21,190,0,0,2,1,3,56,45,70,22,193,0,0,0,193
11/24/2022,ICT,KS,ACE,CE,Combined TRACON& Tower with Radar,26,12,9,0,47,0,2,5,0,7,26,14,14,0,54,0,0,0,54
11/25/2022,ICT,KS,ACE,CE,Combined TRACON& Tower with Radar,43,31,41,0,115,0,4,42,3,49,43,35,83,3,164,46,0,46,210
11/26/2022,ICT,KS,ACE,CE,Combined TRACON& Tower with Radar,47,34,41,0,122,0,2,10,0,12,47,36,51,0,134,20,0,20,154
11/27/2022,ICT,KS,ACE,CE,Combined TRACON& Tower with Radar,45,35,48,0,128,0,5,42,0,47,45,40,90,0,175,86,0,86,261
11/28/2022,ICT,KS,ACE,CE,Combined TRACON& Tower with Radar,49,41,84,32,206,0,9,59,5,73,49,50,143,37,279,36,16,52,331
11/29/2022,ICT,KS,ACE,CE,Combined TRACON& Tower with Radar,48,46,81,20,195,0,0,10,0,10,48,46,91,20,205,22,0,22,227
11/30/2022,ICT,KS,ACE,CE,Combined TRACON& Tower with Radar,51,54,99,51,255,0,12,100,4,116,51,66,199,55,371,228,32,260,631
12/01/2022,ICT,KS,ACE,CE,Combined TRACON& Tower with Radar,56,57,81,11,205,0,1,30,5,36,56,58,111,16,241,18,0,18,259
12/02/2022,ICT,KS,ACE,CE,Combined TRACON& Tower with Radar,55,47,64,40,206,0,0,19,4,23,55,47,83,44,229,8,28,36,265
12/03/2022,ICT,KS,ACE,CE,Combined TRACON& Tower with Radar,39,44,56,0,139,0,5,56,3,64,39,49,112,3,203,56,0,56,259
12/04/2022,ICT,KS,ACE,CE,Combined TRACON& Tower with Radar,41,38,55,4,138,0,5,44,4,53,41,43,99,8,191,64,0,64,255
12/05/2022,ICT,KS,ACE,CE,Combined TRACON& Tower with Radar,49,59,82,24,214,0,0,6,0,6,49,59,88,24,220,0,0,0,220
12/06/2022,ICT,KS,ACE,CE,Combined TRACON& Tower with Radar,49,51,90,40,230,0,5,14,1,20,49,56,104,41,250,56,22,78,328
12/07/2022,ICT,KS,ACE,CE,Combined TRACON& Tower with Radar,56,50,71,36,213,0,3,4,0,7,56,53,75,36,220,0,0,0,220
12/08/2022,ICT,KS,ACE,CE,Combined TRACON& Tower with Radar,55,52,90,4,201,0,0,1,0,1,55,52,91,4,202,10,0,10,212
12/09/2022,ICT,KS,ACE,CE,Combined TRACON& Tower with Radar,57,72,64,48,241,0,8,83,8,99,57,80,147,56,340,156,26,182,522
12/10/2022,ICT,KS,ACE,CE,Combined TRACON& Tower with Radar,41,40,40,31,152,0,1,24,0,25,41,41,64,31,177,52,14,66,243
12/11/2022,ICT,KS,ACE,CE,Combined TRACON& Tower with Radar,42,29,42,26,139,0,0,0,0,0,42,29,42,26,139,0,0,0,139
12/12/2022,ICT,KS,ACE,CE,Combined TRACON& Tower with Radar,47,56,72,8,183,0,0,1,0,1,47,56,73,8,184,0,0,0,184
12/13/2022,ICT,KS,ACE,CE,Combined TRACON& Tower with Radar,40,47,81,56,224,0,1,33,4,38,40,48,114,60,262,20,34,54,316
12/14/2022,ICT,KS,ACE,CE,Combined TRACON& Tower with Radar,47,44,87,25,203,0,4,39,6,49,47,48,126,31,252,20,8,28,280
12/15/2022,ICT,KS,ACE,CE,Combined TRACON& Tower with Radar,53,45,57,9,164,0,3,39,0,42,53,48,96,9,206,6,0,6,212
12/16/2022,ICT,KS,ACE,CE,Combined TRACON& Tower with Radar,58,48,82,14,202,0,4,34,2,40,58,52,116,16,242,38,0,38,280
12/17/2022,ICT,KS,ACE,CE,Combined TRACON& Tower with Radar,49,34,41,1,125,0,5,67,2,74,49,39,108,3,199,14,0,14,213
12/18/2022,ICT,KS,ACE,CE,Combined TRACON& Tower with Radar,49,36,39,0,124,0,3,53,3,59,49,39,92,3,183,50,0,50,233
12/19/2022,ICT,KS,ACE,CE,Combined TRACON& Tower with Radar,49,40,66,2,157,0,1,51,2,54,49,41,117,4,211,44,0,44,255
12/20/2022,ICT,KS,ACE,CE,Combined TRACON& Tower with Radar,53,52,63,15,183,0,0,8,0,8,53,52,71,15,191,26,0,26,217
12/21/2022,ICT,KS,ACE,CE,Combined TRACON& Tower with Radar,58,51,54,0,163,0,0,0,0,0,58,51,54,0,163,0,0,0,163
12/22/2022,ICT,KS,ACE,CE,Combined TRACON& Tower with Radar,26,18,27,0,71,0,1,3,2,6,26,19,30,2,77,4,0,4,81
12/23/2022,ICT,KS,ACE,CE,Combined TRACON& Tower with Radar,42,39,62,3,146,0,8,19,5,32,42,47,81,8,178,16,0,16,194
12/24/2022,ICT,KS,ACE,CE,Combined TRACON& Tower with Radar,39,23,15,1,78,0,9,17,2,28,39,32,32,3,106,6,0,6,112
12/25/2022,ICT,KS,ACE,CE,Combined TRACON& Tower with Radar,30,19,7,0,56,0,6,5,0,11,30,25,12,0,67,0,0,0,67
12/26/2022,ICT,KS,ACE,CE,Combined TRACON& Tower with Radar,41,30,39,0,110,2,2,6,0,10,43,32,45,0,120,0,0,0,120
12/27/2022,ICT,KS,ACE,CE,Combined TRACON& Tower with Radar,43,34,53,1,131,0,6,21,4,31,43,40,74,5,162,6,0,6,168
12/28/2022,ICT,KS,ACE,CE,Combined TRACON& Tower with Radar,56,37,52,2,147,0,6,27,2,35,56,43,79,4,182,34,0,34,216
12/29/2022,ICT,KS,ACE,CE,Combined TRACON& Tower with Radar,54,39,50,0,143,0,1,24,1,26,54,40,74,1,169,18,0,18,187
12/30/2022,ICT,KS,ACE,CE,Combined TRACON& Tower with Radar,61,47,65,4,177,0,6,47,2,55,61,53,112,6,232,68,0,68,300
12/31/2022,ICT,KS,ACE,CE,Combined TRACON& Tower with Radar,44,23,26,0,93,0,5,32,2,39,44,28,58,2,132,16,0,16,148
01/01/2023,ICT,KS,ACE,CE,Combined TRACON& Tower with Radar,39,25,24,0,88,0,0,12,0,12,39,25,36,0,100,14,0,14,114
01/02/2023,ICT,KS,ACE,CE,Combined TRACON& Tower with Radar,45,24,26,0,95,0,0,0,0,0,45,24,26,0,95,0,0,0,95
01/03/2023,ICT,KS,ACE,CE,Combined TRACON& Tower with Radar,53,42,55,12,162,0,0,27,0,27,53,42,82,12,189,58,0,58,247
01/04/2023,ICT,KS,ACE,CE,Combined TRACON& Tower with Radar,55,42,41,11,149,0,7,63,1,71,55,49,104,12,220,70,0,70,290
01/05/2023,ICT,KS,ACE,CE,Combined TRACON& Tower with Radar,50,38,64,56,208,0,7,68,4,79,50,45,132,60,287,76,74,150,437
01/06/2023,ICT,KS,ACE,CE,Combined TRACON& Tower with Radar,49,37,48,68,202,2,5,71,4,82,51,42,119,72,284,64,28,92,376
01/07/2023,ICT,KS,ACE,CE,Combined TRACON& Tower with Radar,40,50,39,2,131,0,3,60,7,70,40,53,99,9,201,71,0,71,272
01/08/2023,ICT,KS,ACE,CE,Combined TRACON& Tower with Radar,46,24,42,16,128,0,4,54,0,58,46,28,96,16,186,80,16,96,282
01/09/2023,ICT,KS,ACE,CE,Combined TRACON& Tower with Radar,47,31,53,58,189,0,2,58,8,68,47,33,111,66,257,32,34,66,323
01/10/2023,ICT,KS,ACE,CE,Combined TRACON& Tower with Radar,43,52,71,62,228,0,5,89,4,98,43,57,160,66,326,82,8,90,416
01/11/2023,ICT,KS,ACE,CE,Combined TRACON& Tower with Radar,39,51,57,38,185,0,4,60,7,71,39,55,117,45,256,72,30,102,358
01/12/2023,ICT,KS,ACE,CE,Combined TRACON& Tower with Radar,45,55,61,69,230,0,4,28,2,34,45,59,89,71,264,20,24,44,308
01/13/2023,ICT,KS,ACE,CE,Combined TRACON& Tower with Radar,50,42,79,23,194,0,7,66,2,75,50,49,145,25,269,150,2,152,421
01/14/2023,ICT,KS,ACE,CE,Combined TRACON& Tower with Radar,28,31,35,0,94,0,5,33,0,38,28,36,68,0,132,26,0,26,158
01/15/2023,ICT,KS,ACE,CE,Combined TRACON& Tower with Radar,35,31,19,0,85,0,5,6,0,11,35,36,25,0,96,14,0,14,110
01/16/2023,ICT,KS,ACE,CE,Combined TRACON& Tower with Radar,41,29,37,0,107,0,4,42,0,46,41,33,79,0,153,32,0,32,185
01/17/2023,ICT,KS,ACE,CE,Combined TRACON& Tower with Radar,45,45,59,50,199,0,4,66,2,72,45,49,125,52,271,48,60,108,379
01/18/2023,ICT,KS,ACE,CE,Combined TRACON& Tower with Radar,50,52,55,12,169,0,0,16,4,20,50,52,71,16,189,34,0,34,223
01/19/2023,ICT,KS,ACE,CE,Combined TRACON& Tower with Radar,47,44,59,18,168,0,6,46,0,52,47,50,105,18,220,60,12,72,292
01/20/2023,ICT,KS,ACE,CE,Combined TRACON& Tower with Radar,51,46,49,68,214,0,15,79,2,96,51,61,128,70,310,177,26,203,513
01/21/2023,ICT,KS,ACE,CE,Combined TRACON& Tower with Radar,34,26,13,0,73,0,0,0,0,0,34,26,13,0,73,6,0,6,79
01/22/2023,ICT,KS,ACE,CE,Combined TRACON& Tower with Radar,45,37,25,4,111,0,2,9,0,11,45,39,34,4,122,50,0,50,172
01/23/2023,ICT,KS,ACE,CE,Combined TRACON& Tower with Radar,43,39,35,52,169,0,14,32,1,47,43,53,67,53,216,66,10,76,292
01/24/2023,ICT,KS,ACE,CE,Combined TRACON& Tower with Radar,45,51,34,0,130,0,0,8,0,8,45,51,42,0,138,2,0,2,140
01/25/2023,ICT,KS,ACE,CE,Combined TRACON& Tower with Radar,46,55,53,45,199,0,6,29,4,39,46,61,82,49,238,76,10,86,324
01/26/2023,ICT,KS,ACE,CE,Combined TRACON& Tower with Radar,51,41,62,25,179,0,12,59,3,74,51,53,121,28,253,84,14,98,351
01/27/2023,ICT,KS,ACE,CE,Combined TRACON& Tower with Radar,51,35,75,52,213,0,12,79,7,98,51,47,154,59,311,109,6,115,426
01/28/2023,ICT,KS,ACE,CE,Combined TRACON& Tower with Radar,35,49,45,0,129,0,3,38,3,44,35,52,83,3,173,72,0,72,245
01/29/2023,ICT,KS,ACE,CE,Combined TRACON& Tower with Radar,38,39,24,10,111,0,0,0,0,0,38,39,24,10,111,12,0,12,123
01/30/2023,ICT,KS,ACE,CE,Combined TRACON& Tower with Radar,53,38,75,31,197,0,2,16,0,18,53,40,91,31,215,44,26,70,285
01/31/2023,ICT,KS,ACE,CE,Combined TRACON& Tower with Radar,36,37,54,86,213,0,7,22,12,41,36,44,76,98,254,34,10,44,298
02/01/2023,ICT,KS,ACE,CE,Combined TRACON& Tower with Radar,37,42,60,141,280,0,9,60,12,81,37,51,120,153,361,70,32,102,463
02/02/2023,ICT,KS,ACE,CE,Combined TRACON& Tower with Radar,39,53,73,74,239,0,2,68,7,77,39,55,141,81,316,76,42,118,434
02/03/2023,ICT,KS,ACE,CE,Combined TRACON& Tower with Radar,54,39,75,14,182,0,0,59,4,63,54,39,134,18,245,84,0,84,329
02/04/2023,ICT,KS,ACE,CE,Combined TRACON& Tower with Radar,40,33,24,3,100,0,3,19,3,25,40,36,43,6,125,46,0,46,171
02/05/2023,ICT,KS,ACE,CE,Combined TRACON& Tower with Radar,47,37,43,13,140,0,7,52,1,60,47,44,95,14,200,54,10,64,264
02/06/2023,ICT,KS,ACE,CE,Combined TRACON& Tower with Radar,48,39,51,17,155,0,4,33,3,40,48,43,84,20,195,36,4,40,235
02/07/2023,ICT,KS,ACE,CE,Combined TRACON& Tower with Radar,45,41,62,129,277,0,3,57,2,62,45,44,119,131,339,14,18,32,371
02/08/2023,ICT,KS,ACE,CE,Combined TRACON& Tower with Radar,49,40,61,42,192,0,0,22,2,24,49,40,83,44,216,74,14,88,304
02/09/2023,ICT,KS,ACE,CE,Combined TRACON& Tower with Radar,52,50,55,9,166,0,2,23,2,27,52,52,78,11,193,6,0,6,199
02/10/2023,ICT,KS,ACE,CE,Combined TRACON& Tower with Radar,53,47,66,77,243,0,8,48,7,63,53,55,114,84,306,54,6,60,366
02/11/2023,ICT,KS,ACE,CE,Combined TRACON& Tower with Radar,35,38,43,0,116,0,5,57,2,64,35,43,100,2,180,60,0,60,240
02/12/2023,ICT,KS,ACE,CE,Combined TRACON& Tower with Radar,43,36,17,4,100,0,1,30,1,32,43,37,47,5,132,32,0,32,164
02/13/2023,ICT,KS,ACE,CE,Combined TRACON& Tower with Radar,45,38,56,48,187,0,6,76,8,90,45,44,132,56,277,24,12,36,313
02/14/2023,ICT,KS,ACE,CE,Combined TRACON& Tower with Radar,47,44,37,21,149,0,3,2,2,7,47,47,39,23,156,14,18,32,188
02/15/2023,ICT,KS,ACE,CE,Combined TRACON& Tower with Radar,48,43,57,8,156,0,1,8,1,10,48,44,65,9,166,56,0,56,222
02/16/2023,ICT,KS,ACE,CE,Combined TRACON& Tower with Radar,50,47,63,11,171,0,0,7,4,11,50,47,70,15,182,34,2,36,218
02/17/2023,ICT,KS,ACE,CE,Combined TRACON& Tower with Radar,54,33,91,30,208,0,8,77,13,98,54,41,168,43,306,130,32,162,468
02/18/2023,ICT,KS,ACE,CE,Combined TRACON& Tower with Radar,38,31,22,1,92,0,3,20,3,26,38,34,42,4,118,2,0,2,120
02/19/2023,ICT,KS,ACE,CE,Combined TRACON& Tower with Radar,41,31,36,0,108,0,6,49,3,58,41,37,85,3,166,80,0,80,246
02/20/2023,ICT,KS,ACE,CE,Combined TRACON& Tower with Radar,46,40,72,1,159,0,5,79,1,85,46,45,151,2,244,32,0,32,276
02/21/2023,ICT,KS,ACE,CE,Combined TRACON& Tower with Radar,50,51,73,52,226,0,9,53,5,67,50,60,126,57,293,20,2,22,315
02/22/2023,ICT,KS,ACE,CE,Combined TRACON& Tower with Radar,51,63,61,63,238,0,0,25,1,26,51,63,86,64,264,0,16,16,280
02/23/2023,ICT,KS,ACE,CE,Combined TRACON& Tower with Radar,57,53,82,91,283,0,4,57,9,70,57,57,139,100,353,76,2,78,431
02/24/2023,ICT,KS,ACE,CE,Combined TRACON& Tower with Radar,51,38,59,10,158,0,0,39,1,40,51,38,98,11,198,22,4,26,224
02/25/2023,ICT,KS,ACE,CE,Combined TRACON& Tower with Radar,42,45,60,9,156,0,1,36,3,40,42,46,96,12,196,122,0,122,318
02/26/2023,ICT,KS,ACE,CE,Combined TRACON& Tower with Radar,45,34,32,8,119,0,1,2,0,3,45,35,34,8,122,0,0,0,122
02/27/2023,ICT,KS,ACE,CE,Combined TRACON& Tower with Radar,52,51,82,43,228,0,3,37,10,50,52,54,119,53,278,82,22,104,382
02/28/2023,ICT,KS,ACE,CE,Combined TRACON& Tower with Radar,50,42,93,59,244,0,4,79,4,87,50,46,172,63,331,29,22,51,382
03/01/2023,ICT,KS,ACE,CE,Combined TRACON& Tower with Radar,45,46,138,42,271,0,2,70,8,80,45,48,208,50,351,70,26,96,447
03/02/2023,ICT,KS,ACE,CE,Combined TRACON& Tower with Radar,43,60,74,33,210,0,8,19,5,32,43,68,93,38,242,40,10,50,292
03/03/2023,ICT,KS,ACE,CE,Combined TRACON& Tower with Radar,52,55,83,27,217,0,3,63,7,73,52,58,146,34,290,78,14,92,382
03/04/2023,ICT,KS,ACE,CE,Combined TRACON& Tower with Radar,38,32,36,4,110,0,6,66,9,81,38,38,102,13,191,68,0,68,259
03/05/2023,ICT,KS,ACE,CE,Combined TRACON& Tower with Radar,42,43,64,1,150,0,6,30,4,40,42,49,94,5,190,34,4,38,228
03/06/2023,ICT,KS,ACE,CE,Combined TRACON& Tower with Radar,42,47,58,34,181,0,6,44,7,57,42,53,102,41,238,30,40,70,308
03/07/2023,ICT,KS,ACE,CE,Combined TRACON& Tower with Radar,44,52,80,49,225,0,3,14,8,25,44,55,94,57,250,38,8,46,296
03/08/2023,ICT,KS,ACE,CE,Combined TRACON& Tower with Radar,40,51,64,11,166,0,0,0,0,0,40,51,64,11,166,0,0,0,166
03/09/2023,ICT,KS,ACE,CE,Combined TRACON& Tower with Radar,45,67,98,50,260,0,2,9,1,12,45,69,107,51,272,2,10,12,284
03/10/2023,ICT,KS,ACE,CE,Combined TRACON& Tower with Radar,51,54,97,15,217,0,2,44,8,54,51,56,141,23,271,72,0,72,343
03/11/2023,ICT,KS,ACE,CE,Combined TRACON& Tower with Radar,38,37,55,2,132,0,0,1,0,1,38,37,56,2,133,0,0,0,133
03/12/2023,ICT,KS,ACE,CE,Combined TRACON& Tower with Radar,45,40,59,4,148,0,0,34,1,35,45,40,93,5,183,56,0,56,239
03/13/2023,ICT,KS,ACE,CE,Combined TRACON& Tower with Radar,41,45,98,41,225,0,6,73,7,86,41,51,171,48,311,58,30,88,399
03/14/2023,ICT,KS,ACE,CE,Combined TRACON& Tower with Radar,43,50,66,92,251,0,1,84,9,94,43,51,150,101,345,52,90,142,487
03/15/2023,ICT,KS,ACE,CE,Combined TRACON& Tower with Radar,40,43,70,16,169,0,5,25,8,38,40,48,95,24,207,2,16,18,225
03/16/2023,ICT,KS,ACE,CE,Combined TRACON& Tower with Radar,46,62,67,6,181,0,0,2,0,2,46,62,69,6,183,0,2,2,185
03/17/2023,ICT,KS,ACE,CE,Combined TRACON& Tower with Radar,49,59,84,46,238,0,4,74,7,85,49,63,158,53,323,70,54,124,447
03/18/2023,ICT,KS,ACE,CE,Combined TRACON& Tower with Radar,35,34,50,0,119,0,4,62,4,70,35,38,112,4,189,42,0,42,231
03/19/2023,ICT,KS,ACE,CE,Combined TRACON& Tower with Radar,44,34,42,0,120,0,3,52,2,57,44,37,94,2,177,88,0,88,265
03/20/2023,ICT,KS,ACE,CE,Combined TRACON& Tower with Radar,41,40,66,33,180,0,8,21,2,31,41,48,87,35,211,8,8,16,227
03/21/2023,ICT,KS,ACE,CE,Combined TRACON& Tower with Radar,42,69,82,41,234,0,2,9,1,12,42,71,91,42,246,18,0,18,264
03/22/2023,ICT,KS,ACE,CE,Combined TRACON& Tower with Radar,40,67,83,72,262,0,0,69,3,72,40,67,152,75,334,100,14,114,448
03/23/2023,ICT,KS,ACE,CE,Combined TRACON& Tower with Radar,47,61,84,80,272,0,3,50,6,59,47,64,134,86,331,72,0,72,403
03/24/2023,ICT,KS,ACE,CE,Combined TRACON& Tower with Radar,50,73,75,26,224,0,0,7,0,7,50,73,82,26,231,50,0,50,281
03/25/2023,ICT,KS,ACE,CE,Combined TRACON& Tower with Radar,35,26,41,18,120,0,9,43,3,55,35,35,84,21,175,54,4,58,233
03/26/2023,ICT,KS,ACE,CE,Combined TRACON& Tower with Radar,43,35,42,0,120,0,5,38,3,46,43,40,80,3,166,0,0,0,166
03/27/2023,ICT,KS,ACE,CE,Combined TRACON& Tower with Radar,46,43,73,39,201,0,2,69,8,79,46,45,142,47,280,154,26,180,460
03/28/2023,ICT,KS,ACE,CE,Combined TRACON& Tower with Radar,46,53,57,37,193,1,9,89,11,110,47,62,146,48,303,154,80,234,537
03/29/2023,ICT,KS,ACE,CE,Combined TRACON& Tower with Radar,42,54,81,44,221,0,5,76,10,91,42,59,157,54,312,74,18,92,404
03/30/2023,ICT,KS,ACE,CE,Combined TRACON& Tower with Radar,54,61,95,46,256,0,1,19,1,21,54,62,114,47,277,10,4,14,291
03/31/2023,ICT,KS,ACE,CE,Combined TRACON& Tower with Radar,48,53,53,0,154,0,2,9,0,11,48,55,62,0,165,0,0,0,165
04/01/2023,ICT,KS,ACE,CE,Combined TRACON& Tower with Radar,39,35,52,2,128,0,9,54,3,66,39,44,106,5,194,72,0,72,266
04/02/2023,ICT,KS,ACE,CE,Combined TRACON& Tower with Radar,45,32,63,12,152,0,3,26,1,30,45,35,89,13,182,0,0,0,182
04/03/2023,ICT,KS,ACE,CE,Combined TRACON& Tower with Radar,47,48,101,60,256,0,11,64,5,80,47,59,165,65,336,101,30,131,467
04/04/2023,ICT,KS,ACE,CE,Combined TRACON& Tower with Radar,46,56,71,16,189,0,4,37,4,45,46,60,108,20,234,12,32,44,278
04/05/2023,ICT,KS,ACE,CE,Combined TRACON& Tower with Radar,44,45,67,68,224,0,4,53,0,57,44,49,120,68,281,106,0,106,387
04/06/2023,ICT,KS,ACE,CE,Combined TRACON& Tower with Radar,50,54,77,47,228,0,10,84,11,105,50,64,161,58,333,138,22,160,493
04/07/2023,ICT,KS,ACE,CE,Combined TRACON& Tower with Radar,50,38,57,36,181,0,15,90,4,109,50,53,147,40,290,238,40,278,568
04/08/2023,ICT,KS,ACE,CE,Combined TRACON& Tower with Radar,42,38,50,11,141,1,6,71,1,79,43,44,121,12,220,92,8,100,320
04/09/2023,ICT,KS,ACE,CE,Combined TRACON& Tower with Radar,41,25,34,12,112,0,0,14,1,15,41,25,48,13,127,0,0,0,127
04/10/2023,ICT,KS,ACE,CE,Combined TRACON& Tower with Radar,43,44,74,41,202,0,9,60,1,70,43,53,134,42,272,70,58,128,400
04/11/2023,ICT,KS,ACE,CE,Combined TRACON& Tower with Radar,45,50,65,45,205,0,5,70,15,90,45,55,135,60,295,166,76,242,537
04/12/2023,ICT,KS,ACE,CE,Combined TRACON& Tower with Radar,47,43,80,67,237,0,5,79,6,90,47,48,159,73,327,53,24,77,404
04/13/2023,ICT,KS,ACE,CE,Combined TRACON& Tower with Radar,55,36,74,37,202,0,8,52,8,68,55,44,126,45,270,44,0,44,314
04/14/2023,ICT,KS,ACE,CE,Combined TRACON& Tower with Radar,50,46,50,0,146,0,4,52,4,60,50,50,102,4,206,32,0,32,238
04/15/2023,ICT,KS,ACE,CE,Combined TRACON& Tower with Radar,37,44,27,0,108,0,1,3,0,4,37,45,30,0,112,0,0,0,112
04/16/2023,ICT,KS,ACE,CE,Combined TRACON& Tower with Radar,43,28,31,6,108,0,4,29,0,33,43,32,60,6,141,4,0,4,145
04/17/2023,ICT,KS,ACE,CE,Combined TRACON& Tower with Radar,48,51,96,25,220,0,6,79,9,94,48,57,175,34,314,66,22,88,402
04/18/2023,ICT,KS,ACE,CE,Combined TRACON& Tower with Radar,47,62,55,12,176,3,0,36,3,42,50,62,91,15,218,28,0,28,246
04/19/2023,ICT,KS,ACE,CE,Combined TRACON& Tower with Radar,65,51,71,26,213,0,4,27,4,35,65,55,98,30,248,34,4,38,286
04/20/2023,ICT,KS,ACE,CE,Combined TRACON& Tower with Radar,52,61,64,37,214,0,10,60,6,76,52,71,124,43,290,32,8,40,330
04/21/2023,ICT,KS,ACE,CE,Combined TRACON& Tower with Radar,47,52,82,37,218,0,6,113,7,126,47,58,195,44,344,112,8,120,464
04/22/2023,ICT,KS,ACE,CE,Combined TRACON& Tower with Radar,38,33,35,1,107,0,4,47,2,53,38,37,82,3,160,46,0,46,206
04/23/2023,ICT,KS,ACE,CE,Combined TRACON& Tower with Radar,46,33,39,1,119,0,1,62,2,65,46,34,101,3,184,118,2,120,304
04/24/2023,ICT,KS,ACE,CE,Combined TRACON& Tower with Radar,45,56,77,8,186,0,1,56,7,64,45,57,133,15,250,94,0,94,344
04/25/2023,ICT,KS,ACE,CE,Combined TRACON& Tower with Radar,52,46,63,0,161,0,2,10,0,12,52,48,73,0,173,0,0,0,173
04/26/2023,ICT,KS,ACE,CE,Combined TRACON& Tower with Radar,48,44,102,3,197,0,0,22,1,23,48,44,124,4,220,34,0,34,254
04/27/2023,ICT,KS,ACE,CE,Combined TRACON& Tower with Radar,54,64,129,42,289,0,0,51,4,55,54,64,180,46,344,156,20,176,520
04/28/2023,ICT,KS,ACE,CE,Combined TRACON& Tower with Radar,46,47,108,2,203,0,2,5,0,7,46,49,113,2,210,0,0,0,210
04/29/2023,ICT,KS,ACE,CE,Combined TRACON& Tower with Radar,39,43,54,12,148,0,7,92,5,104,39,50,146,17,252,106,0,106,358
04/30/2023,ICT,KS,ACE,CE,Combined TRACON& Tower with Radar,44,37,51,7,139,0,5,35,1,41,44,42,86,8,180,36,0,36,216
05/01/2023,ICT,KS,ACE,CE,Combined TRACON& Tower with Radar,47,50,70,15,182,0,10,74,1,85,47,60,144,16,267,84,0,84,351
05/02/2023,ICT,KS,ACE,CE,Combined TRACON& Tower with Radar,46,54,70,30,200,0,7,82,11,100,46,61,152,41,300,74,0,74,374
05/03/2023,ICT,KS,ACE,CE,Combined TRACON& Tower with Radar,49,49,80,4,182,0,3,81,6,90,49,52,161,10,272,102,0,102,374
05/04/2023,ICT,KS,ACE,CE,Combined TRACON& Tower with Radar,63,36,66,45,210,0,1,32,10,43,63,37,98,55,253,56,72,128,381
05/05/2023,ICT,KS,ACE,CE,Combined TRACON& Tower with Radar,53,40,65,22,180,1,3,12,1,17,54,43,77,23,197,24,6,30,227
05/06/2023,ICT,KS,ACE,CE,Combined TRACON& Tower with Radar,38,23,49,4,114,0,5,66,4,75,38,28,115,8,189,76,6,82,271
05/07/2023,ICT,KS,ACE,CE,Combined TRACON& Tower with Radar,48,47,27,3,125,0,0,38,2,40,48,47,65,5,165,6,0,6,171
05/08/2023,ICT,KS,ACE,CE,Combined TRACON& Tower with Radar,50,41,64,27,182,0,2,55,8,65,50,43,119,35,247,48,12,60,307
05/09/2023,ICT,KS,ACE,CE,Combined TRACON& Tower with Radar,47,29,78,8,162,0,0,8,0,8,47,29,86,8,170,10,10,20,190
05/10/2023,ICT,KS,ACE,CE,Combined TRACON& Tower with Radar,48,40,83,23,194,0,2,45,5,52,48,42,128,28,246,82,0,82,328
05/11/2023,ICT,KS,ACE,CE,Combined TRACON& Tower with Radar,56,40,95,33,224,0,1,21,0,22,56,41,116,33,246,14,0,14,260
05/12/2023,ICT,KS,ACE,CE,Combined TRACON& Tower with Radar,55,53,56,50,214,0,7,45,7,59,55,60,101,57,273,38,24,62,335
05/13/2023,ICT,KS,ACE,CE,Combined TRACON& Tower with Radar,44,21,31,26,122,0,2,46,8,56,44,23,77,34,178,74,52,126,304
05/14/2023,ICT,KS,ACE,CE,Combined TRACON& Tower with Radar,48,23,36,18,125,0,0,10,0,10,48,23,46,18,135,22,0,22,157
05/15/2023,ICT,KS,ACE,CE,Combined TRACON& Tower with Radar,48,39,74,35,196,0,0,1,0,1,48,39,75,35,197,0,0,0,197
05/16/2023,ICT,KS,ACE,CE,Combined TRACON& Tower with Radar,53,40,143,39,275,0,2,17,2,21,53,42,160,41,296,32,8,40,336
05/17/2023,ICT,KS,ACE,CE,Combined TRACON& Tower with Radar,55,51,59,72,237,0,4,110,6,120,55,55,169,78,357,98,36,134,491
05/18/2023,ICT,KS,ACE,CE,Combined TRACON& Tower with Radar,55,39,71,35,200,0,4,80,10,94,55,43,151,45,294,82,26,108,402
05/19/2023,ICT,KS,ACE,CE,Combined TRACON& Tower with Radar,52,36,56,47,191,0,4,15,2,21,52,40,71,49,212,20,32,52,264
05/20/2023,ICT,KS,ACE,CE,Combined TRACON& Tower with Radar,47,33,50,9,139,0,4,64,11,79,47,37,114,20,218,128,2,130,348
05/21/2023,ICT,KS,ACE,CE,Combined TRACON& Tower with Radar,50,37,47,4,138,0,1,57,2,60,50,38,104,6,198,78,0,78,276
05/22/2023,ICT,KS,ACE,CE,Combined TRACON& Tower with Radar,47,40,70,40,197,0,3,64,1,68,47,43,134,41,265,106,0,106,371
05/23/2023,ICT,KS,ACE,CE,Combined TRACON& Tower with Radar,50,45,86,45,226,0,2,41,2,45,50,47,127,47,271,62,42,104,375
05/24/2023,ICT,KS,ACE,CE,Combined TRACON& Tower with Radar,53,46,78,66,243,0,0,54,11,65,53,46,132,77,308,98,34,132,440
05/25/2023,ICT,KS,ACE,CE,Combined TRACON& Tower with Radar,60,37,89,17,203,1,0,69,5,75,61,37,158,22,278,128,0,128,406
05/26/2023,ICT,KS,ACE,CE,Combined TRACON& Tower with Radar,54,43,79,0,176,0,8,77,3,88,54,51,156,3,264,86,0,86,350
05/27/2023,ICT,KS,ACE,CE,Combined TRACON& Tower with Radar,50,37,36,2,125,0,6,50,4,60,50,43,86,6,185,144,0,144,329
05/28/2023,ICT,KS,ACE,CE,Combined TRACON& Tower with Radar,44,23,41,0,108,0,3,39,0,42,44,26,80,0,150,46,0,46,196
05/29/2023,ICT,KS,ACE,CE,Combined TRACON& Tower with Radar,44,36,35,0,115,0,2,28,0,30,44,38,63,0,145,66,0,66,211
05/30/2023,ICT,KS,ACE,CE,Combined TRACON& Tower with Radar,45,44,86,47,222,0,3,57,2,62,45,47,143,49,284,76,0,76,360
05/31/2023,ICT,KS,ACE,CE,Combined TRACON& Tower with Radar,59,43,79,37,218,0,7,77,3,87,59,50,156,40,305,157,50,207,512
06/01/2023,ICT,KS,ACE,CE,Combined TRACON& Tower with Radar,57,36,62,12,167,0,2,16,1,19,57,38,78,13,186,32,0,32,218
06/02/2023,ICT,KS,ACE,CE,Combined TRACON& Tower with Radar,55,26,57,8,146,0,0,40,2,42,55,26,97,10,188,0,0,0,188
06/03/2023,ICT,KS,ACE,CE,Combined TRACON& Tower with Radar,59,21,46,2,128,1,0,27,7,35,60,21,73,9,163,20,26,46,209
06/04/2023,ICT,KS,ACE,CE,Combined TRACON& Tower with Radar,54,28,55,22,159,0,10,34,2,46,54,38,89,24,205,62,0,62,267
06/05/2023,ICT,KS,ACE,CE,Combined TRACON& Tower with Radar,58,35,56,36,185,0,3,40,2,45,58,38,96,38,230,18,8,26,256
06/06/2023,ICT,KS,ACE,CE,Combined TRACON& Tower with Radar,55,49,74,19,197,0,5,63,4,72,55,54,137,23,269,96,0,96,365
06/07/2023,ICT,KS,ACE,CE,Combined TRACON& Tower with Radar,66,46,64,36,212,0,4,103,8,115,66,50,167,44,327,56,2,58,385
06/08/2023,ICT,KS,ACE,CE,Combined TRACON& Tower with Radar,62,38,79,86,265,0,5,62,16,83,62,43,141,102,348,76,46,122,470
06/09/2023,ICT,KS,ACE,CE,Combined TRACON& Tower with Radar,61,38,56,22,177,0,4,40,10,54,61,42,96,32,231,54,44,98,329
06/10/2023,ICT,KS,ACE,CE,Combined TRACON& Tower with Radar,60,33,48,12,153,0,2,36,7,45,60,35,84,19,198,64,4,68,266
06/11/2023,ICT,KS,ACE,CE,Combined TRACON& Tower with Radar,59,28,48,9,144,0,7,21,0,28,59,35,69,9,172,0,0,0,172
06/12/2023,ICT,KS,ACE,CE,Combined TRACON& Tower with Radar,51,28,77,95,251,0,10,81,6,97,51,38,158,101,348,102,24,126,474
06/13/2023,ICT,KS,ACE,CE,Combined TRACON& Tower with Radar,57,49,84,34,224,0,2,91,24,117,57,51,175,58,341,74,44,118,459
06/14/2023,ICT,KS,ACE,CE,Combined TRACON& Tower with Radar,66,39,96,16,217,0,3,69,3,75,66,42,165,19,292,72,10,82,374
06/15/2023,ICT,KS,ACE,CE,Combined TRACON& Tower with Radar,59,41,96,12,208,0,2,114,4,120,59,43,210,16,328,104,16,120,448
06/16/2023,ICT,KS,ACE,CE,Combined TRACON& Tower with Radar,64,45,82,19,210,0,12,75,9,96,64,57,157,28,306,136,22,158,464
06/17/2023,ICT,KS,ACE,CE,Combined TRACON& Tower with Radar,55,27,53,0,135,0,0,54,2,56,55,27,107,2,191,68,0,68,259
06/18/2023,ICT,KS,ACE,CE,Combined TRACON& Tower with Radar,63,36,28,5,132,0,6,31,4,41,63,42,59,9,173,22,0,22,195
06/19/2023,ICT,KS,ACE,CE,Combined TRACON& Tower with Radar,51,46,70,3,170,0,10,82,5,97,51,56,152,8,267,92,0,92,359
06/20/2023,ICT,KS,ACE,CE,Combined TRACON& Tower with Radar,56,42,83,52,233,0,2,53,7,62,56,44,136,59,295,72,42,114,409
06/21/2023,ICT,KS,ACE,CE,Combined TRACON& Tower with Radar,64,31,85,2,182,0,6,60,0,66,64,37,145,2,248,92,0,92,340
06/22/2023,ICT,KS,ACE,CE,Combined TRACON& Tower with Radar,63,36,77,33,209,0,2,106,10,118,63,38,183,43,327,130,72,202,529
06/23/2023,ICT,KS,ACE,CE,Combined TRACON& Tower with Radar,57,22,69,72,220,0,4,84,6,94,57,26,153,78,314,122,40,162,476
06/24/2023,ICT,KS,ACE,CE,Combined TRACON& Tower with Radar,65,43,38,4,150,0,13,58,5,76,65,56,96,9,226,88,4,92,318
06/25/2023,ICT,KS,ACE,CE,Combined TRACON& Tower with Radar,52,23,49,16,140,0,3,42,6,51,52,26,91,22,191,40,6,46,237
06/26/2023,ICT,KS,ACE,CE,Combined TRACON& Tower with Radar,56,35,61,72,224,0,4,77,8,89,56,39,138,80,313,90,0,90,403
06/27/2023,ICT,KS,ACE,CE,Combined TRACON& Tower with Radar,58,28,84,14,184,0,2,49,6,57,58,30,133,20,241,22,0,22,263
06/28/2023,ICT,KS,ACE,CE,Combined TRACON& Tower with Radar,65,41,93,68,267,0,8,91,4,103,65,49,184,72,370,72,34,106,476
06/29/2023,ICT,KS,ACE,CE,Combined TRACON& Tower with Radar,61,44,94,31,230,0,14,73,3,90,61,58,167,34,320,68,0,68,388
06/30/2023,ICT,KS,ACE,CE,Combined TRACON& Tower with Radar,61,53,83,43,240,0,4,62,5,71,61,57,145,48,311,108,60,168,479
07/01/2023,ICT,KS,ACE,CE,Combined TRACON& Tower with Radar,61,35,41,0,137,0,6,30,5,41,61,41,71,5,178,38,0,38,216
07/02/2023,ICT,KS,ACE,CE,Combined TRACON& Tower with Radar,51,29,31,0,111,0,5,40,0,45,51,34,71,0,156,22,0,22,178
07/03/2023,ICT,KS,ACE,CE,Combined TRACON& Tower with Radar,44,22,24,0,90,0,2,54,2,58,44,24,78,2,148,30,0,30,178
07/04/2023,ICT,KS,ACE,CE,Combined TRACON& Tower with Radar,42,21,21,0,84,0,3,30,0,33,42,24,51,0,117,106,0,106,223
07/05/2023,ICT,KS,ACE,CE,Combined TRACON& Tower with Radar,62,30,38,0,130,0,0,14,0,14,62,30,52,0,144,52,0,52,196
07/06/2023,ICT,KS,ACE,CE,Combined TRACON& Tower with Radar,61,39,83,36,219,0,10,49,3,62,61,49,132,39,281,126,48,174,455
07/07/2023,ICT,KS,ACE,CE,Combined TRACON& Tower with Radar,65,27,42,0,134,0,4,24,0,28,65,31,66,0,162,0,0,0,162
07/08/2023,ICT,KS,ACE,CE,Combined TRACON& Tower with Radar,60,32,32,13,137,0,6,43,3,52,60,38,75,16,189,18,10,28,217
07/09/2023,ICT,KS,ACE,CE,Combined TRACON& Tower with Radar,52,29,44,9,134,0,12,66,3,81,52,41,110,12,215,50,0,50,265
07/10/2023,ICT,KS,ACE,CE,Combined TRACON& Tower with Radar,57,29,62,57,205,0,8,88,2,98,57,37,150,59,303,120,18,138,441
07/11/2023,ICT,KS,ACE,CE,Combined TRACON& Tower with Radar,59,40,85,44,228,0,2,61,1,64,59,42,146,45,292,118,18,136,428
07/12/2023,ICT,KS,ACE,CE,Combined TRACON& Tower with Radar,63,38,80,39,220,0,4,57,3,64,63,42,137,42,284,114,42,156,440
07/13/2023,ICT,KS,ACE,CE,Combined TRACON& Tower with Radar,64,44,81,54,243,0,4,59,1,64,64,48,140,55,307,66,12,78,385
07/14/2023,ICT,KS,ACE,CE,Combined TRACON& Tower with Radar,55,37,58,54,204,0,2,41,3,46,55,39,99,57,250,96,8,104,354
07/15/2023,ICT,KS,ACE,CE,Combined TRACON& Tower with Radar,62,31,48,8,149,0,8,71,0,79,62,39,119,8,228,130,0,130,358
07/16/2023,ICT,KS,ACE,CE,Combined TRACON& Tower with Radar,55,28,34,46,163,0,4,64,1,69,55,32,98,47,232,76,0,76,308
07/17/2023,ICT,KS,ACE,CE,Combined TRACON& Tower with Radar,55,46,82,63,246,0,0,91,3,94,55,46,173,66,340,60,20,80,420
07/18/2023,ICT,KS,ACE,CE,Combined TRACON& Tower with Radar,60,48,60,83,251,0,0,65,6,71,60,48,125,89,322,138,64,202,524
07/19/2023,ICT,KS,ACE,CE,Combined TRACON& Tower with Radar,67,47,124,50,288,0,1,27,3,31,67,48,151,53,319,24,0,24,343
07/20/2023,ICT,KS,ACE,CE,Combined TRACON& Tower with Radar,60,43,81,23,207,0,4,54,1,59,60,47,135,24,266,48,64,112,378
07/21/2023,ICT,KS,ACE,CE,Combined TRACON& Tower with Radar,64,32,65,32,193,0,0,63,2,65,64,32,128,34,258,104,30,134,392
07/22/2023,ICT,KS,ACE,CE,Combined TRACON& Tower with Radar,60,25,39,0,124,0,2,48,1,51,60,27,87,1,175,112,0,112,287
07/23/2023,ICT,KS,ACE,CE,Combined TRACON& Tower with Radar,59,24,43,0,126,0,3,58,0,61,59,27,101,0,187,120,0,120,307
07/24/2023,ICT,KS,ACE,CE,Combined TRACON& Tower with Radar,51,35,55,9,150,0,13,55,4,72,51,48,110,13,222,98,8,106,328
07/25/2023,ICT,KS,ACE,CE,Combined TRACON& Tower with Radar,65,35,56,23,179,0,4,49,3,56,65,39,105,26,235,34,40,74,309
07/26/2023,ICT,KS,ACE,CE,Combined TRACON& Tower with Radar,62,46,56,10,174,0,6,58,2,66,62,52,114,12,240,84,0,84,324
07/27/2023,ICT,KS,ACE,CE,Combined TRACON& Tower with Radar,61,42,49,41,193,0,5,68,8,81,61,47,117,49,274,42,8,50,324
07/28/2023,ICT,KS,ACE,CE,Combined TRACON& Tower with Radar,56,42,62,22,182,0,5,47,3,55,56,47,109,25,237,58,28,86,323
07/29/2023,ICT,KS,ACE,CE,Combined TRACON& Tower with Radar,65,30,25,2,122,0,10,36,0,46,65,40,61,2,168,46,0,46,214
07/30/2023,ICT,KS,ACE,CE,Combined TRACON& Tower with Radar,58,25,29,30,142,0,3,38,5,46,58,28,67,35,188,42,22,64,252
07/31/2023,ICT,KS,ACE,CE,Combined TRACON& Tower with Radar,51,37,90,49,227,0,7,55,7,69,51,44,145,56,296,64,22,86,382
08/01/2023,ICT,KS,ACE,CE,Combined TRACON& Tower with Radar,58,28,63,34,183,0,1,61,1,63,58,29,124,35,246,52,26,78,324
08/02/2023,ICT,KS,ACE,CE,Combined TRACON& Tower with Radar,64,51,78,36,229,0,6,55,3,64,64,57,133,39,293,58,46,104,397
08/03/2023,ICT,KS,ACE,CE,Combined TRACON& Tower with Radar,60,40,66,32,198,0,2,58,3,63,60,42,124,35,261,68,38,106,367
08/04/2023,ICT,KS,ACE,CE,Combined TRACON& Tower with Radar,57,39,56,20,172,0,5,60,0,65,57,44,116,20,237,62,0,62,299
08/05/2023,ICT,KS,ACE,CE,Combined TRACON& Tower with Radar,60,19,24,0,103,0,2,19,3,24,60,21,43,3,127,42,0,42,169
08/06/2023,ICT,KS,ACE,CE,Combined TRACON& Tower with Radar,57,33,42,6,138,0,7,40,1,48,57,40,82,7,186,52,0,52,238
08/07/2023,ICT,KS,ACE,CE,Combined TRACON& Tower with Radar,49,36,63,59,207,0,6,61,6,73,49,42,124,65,280,42,74,116,396
08/08/2023,ICT,KS,ACE,CE,Combined TRACON& Tower with Radar,54,36,66,40,196,0,6,40,3,49,54,42,106,43,245,74,8,82,327
08/09/2023,ICT,KS,ACE,CE,Combined TRACON& Tower with Radar,61,42,81,53,237,0,6,38,3,47,61,48,119,56,284,54,18,72,356
08/10/2023,ICT,KS,ACE,CE,Combined TRACON& Tower with Radar,57,51,61,75,244,0,3,60,1,64,57,54,121,76,308,40,12,52,360
08/11/2023,ICT,KS,ACE,CE,Combined TRACON& Tower with Radar,58,42,48,5,153,0,1,66,0,67,58,43,114,5,220,16,16,32,252
08/12/2023,ICT,KS,ACE,CE,Combined TRACON& Tower with Radar,65,34,38,0,137,0,0,44,2,46,65,34,82,2,183,40,0,40,223
08/13/2023,ICT,KS,ACE,CE,Combined TRACON& Tower with Radar,54,30,53,9,146,0,0,41,2,43,54,30,94,11,189,54,6,60,249
08/14/2023,ICT,KS,ACE,CE,Combined TRACON& Tower with Radar,51,38,86,82,257,0,6,73,4,83,51,44,159,86,340,38,10,48,388
08/15/2023,ICT,KS,ACE,CE,Combined TRACON& Tower with Radar,60,36,67,73,236,0,1,81,3,85,60,37,148,76,321,172,14,186,507
08/16/2023,ICT,KS,ACE,CE,Combined TRACON& Tower with Radar,59,47,85,57,248,0,6,83,5,94,59,53,168,62,342,60,34,94,436
08/17/2023,ICT,KS,ACE,CE,Combined TRACON& Tower with Radar,61,38,79,64,242,0,5,83,7,95,61,43,162,71,337,80,4,84,421
08/18/2023,ICT,KS,ACE,CE,Combined TRACON& Tower with Radar,65,33,61,82,241,0,9,72,9,90,65,42,133,91,331,90,74,164,495
08/19/2023,ICT,KS,ACE,CE,Combined TRACON& Tower with Radar,53,29,48,3,133,0,5,41,1,47,53,34,89,4,180,26,0,26,206
08/20/2023,ICT,KS,ACE,CE,Combined TRACON& Tower with Radar,58,24,47,1,130,0,3,34,3,40,58,27,81,4,170,42,0,42,212
08/21/2023,ICT,KS,ACE,CE,Combined TRACON& Tower with Radar,54,43,76,36,209,0,4,39,2,45,54,47,115,38,254,38,0,38,292
08/22/2023,ICT,KS,ACE,CE,Combined TRACON& Tower with Radar,60,49,95,31,235,0,3,74,10,87,60,52,169,41,322,96,0,96,418
08/23/2023,ICT,KS,ACE,CE,Combined TRACON& Tower with Radar,58,33,84,66,241,0,4,77,8,89,58,37,161,74,330,78,0,78,408
08/24/2023,ICT,KS,ACE,CE,Combined TRACON& Tower with Radar,62,35,76,66,239,0,10,67,12,89,62,45,143,78,328,66,26,92,420
08/25/2023,ICT,KS,ACE,CE,Combined TRACON& Tower with Radar,61,41,63,63,228,0,3,62,7,72,61,44,125,70,300,32,2,34,334
08/26/2023,ICT,KS,ACE,CE,Combined TRACON& Tower with Radar,50,33,40,17,140,0,7,35,1,43,50,40,75,18,183,32,10,42,225
08/27/2023,ICT,KS,ACE,CE,Combined TRACON& Tower with Radar,55,34,54,8,151,0,3,50,2,55,55,37,104,10,206,48,0,48,254
08/28/2023,ICT,KS,ACE,CE,Combined TRACON& Tower with Radar,57,33,86,31,207,0,8,88,11,107,57,41,174,42,314,84,0,84,398
08/29/2023,ICT,KS,ACE,CE,Combined TRACON& Tower with Radar,57,38,81,18,194,0,3,66,9,78,57,41,147,27,272,84,8,92,364
08/30/2023,ICT,KS,ACE,CE,Combined TRACON& Tower with Radar,57,42,73,42,214,0,9,82,4,95,57,51,155,46,309,126,42,168,477
08/31/2023,ICT,KS,ACE,CE,Combined TRACON& Tower with Radar,66,51,92,68,277,0,2,76,6,84,66,53,168,74,361,106,32,138,499
