01/01/2020,IFP,AZ,AWP,WE,Federal Contract Tower,4,0,0,0,4,0,5,13,0,18,4,5,13,0,22,0,0,0,22
01/02/2020,IFP,AZ,AWP,WE,Federal Contract Tower,4,0,0,0,4,0,0,23,0,23,4,0,23,0,27,2,0,2,29
01/03/2020,IFP,AZ,AWP,WE,Federal Contract Tower,3,0,4,0,7,0,3,10,2,15,3,3,14,2,22,0,0,0,22
01/04/2020,IFP,AZ,AWP,WE,Federal Contract Tower,4,0,2,0,6,0,4,32,0,36,4,4,34,0,42,0,0,0,42
01/05/2020,IFP,AZ,AWP,WE,Federal Contract Tower,3,0,0,0,3,0,2,24,0,26,3,2,24,0,29,0,0,0,29
01/06/2020,IFP,AZ,AWP,WE,Federal Contract Tower,3,0,1,0,4,0,3,7,0,10,3,3,8,0,14,0,0,0,14
01/07/2020,IFP,AZ,AWP,WE,Federal Contract Tower,1,0,2,0,3,0,15,13,0,28,1,15,15,0,31,0,0,0,31
01/08/2020,IFP,AZ,AWP,WE,Federal Contract Tower,3,0,2,1,6,0,9,22,1,32,3,9,24,2,38,0,0,0,38
01/09/2020,IFP,AZ,AWP,WE,Federal Contract Tower,7,0,2,0,9,0,10,15,1,26,7,10,17,1,35,10,0,10,45
01/10/2020,IFP,AZ,AWP,WE,Federal Contract Tower,6,0,0,0,6,0,15,16,4,35,6,15,16,4,41,0,4,4,45
01/11/2020,IFP,AZ,AWP,WE,Federal Contract Tower,3,0,6,0,9,0,3,19,0,22,3,3,25,0,31,0,0,0,31
01/12/2020,IFP,AZ,AWP,WE,Federal Contract Tower,6,0,0,0,6,0,0,8,35,43,6,0,8,35,49,10,0,10,59
01/13/2020,IFP,AZ,AWP,WE,Federal Contract Tower,5,0,0,0,5,0,3,19,0,22,5,3,19,0,27,0,0,0,27
01/14/2020,IFP,AZ,AWP,WE,Federal Contract Tower,1,0,0,0,1,0,11,22,1,34,1,11,22,1,35,0,0,0,35
01/15/2020,IFP,AZ,AWP,WE,Federal Contract Tower,3,0,0,0,3,0,3,14,1,18,3,3,14,1,21,0,0,0,21
01/16/2020,IFP,AZ,AWP,WE,Federal Contract Tower,6,0,0,0,6,0,5,14,0,19,6,5,14,0,25,8,0,8,33
01/17/2020,IFP,AZ,AWP,WE,Federal Contract Tower,4,0,1,3,8,0,11,19,7,37,4,11,20,10,45,4,8,12,57
01/18/2020,IFP,AZ,AWP,WE,Federal Contract Tower,1,0,2,0,3,0,7,16,0,23,1,7,18,0,26,0,0,0,26
01/19/2020,IFP,AZ,AWP,WE,Federal Contract Tower,5,0,1,0,6,0,2,3,0,5,5,2,4,0,11,0,0,0,11
01/20/2020,IFP,AZ,AWP,WE,Federal Contract Tower,4,0,2,0,6,0,2,22,0,24,4,2,24,0,30,6,0,6,36
01/21/2020,IFP,AZ,AWP,WE,Federal Contract Tower,4,0,1,0,5,0,5,20,4,29,4,5,21,4,34,0,14,14,48
01/22/2020,IFP,AZ,AWP,WE,Federal Contract Tower,4,0,3,0,7,0,6,21,0,27,4,6,24,0,34,4,0,4,38
01/23/2020,IFP,AZ,AWP,WE,Federal Contract Tower,4,0,0,0,4,0,16,16,0,32,4,16,16,0,36,0,0,0,36
01/24/2020,IFP,AZ,AWP,WE,Federal Contract Tower,5,0,3,1,9,0,8,22,3,33,5,8,25,4,42,8,0,8,50
01/25/2020,IFP,AZ,AWP,WE,Federal Contract Tower,4,0,0,0,4,0,0,10,29,39,4,0,10,29,43,0,0,0,43
01/26/2020,IFP,AZ,AWP,WE,Federal Contract Tower,3,0,0,4,7,0,2,37,0,39,3,2,37,4,46,0,0,0,46
01/27/2020,IFP,AZ,AWP,WE,Federal Contract Tower,5,0,0,0,5,0,4,29,0,33,5,4,29,0,38,6,0,6,44
01/28/2020,IFP,AZ,AWP,WE,Federal Contract Tower,3,0,0,0,3,0,8,13,1,22,3,8,13,1,25,0,0,0,25
01/29/2020,IFP,AZ,AWP,WE,Federal Contract Tower,4,0,0,0,4,0,2,6,0,8,4,2,6,0,12,0,0,0,12
01/30/2020,IFP,AZ,AWP,WE,Federal Contract Tower,3,0,1,0,4,0,3,12,0,15,3,3,13,0,19,0,0,0,19
01/31/2020,IFP,AZ,AWP,WE,Federal Contract Tower,5,0,0,0,5,0,12,14,3,29,5,12,14,3,34,4,0,4,38
02/01/2020,IFP,AZ,AWP,WE,Federal Contract Tower,4,0,3,0,7,0,11,26,0,37,4,11,29,0,44,0,0,0,44
02/02/2020,IFP,AZ,AWP,WE,Federal Contract Tower,5,0,2,0,7,0,8,22,9,39,5,8,24,9,46,0,0,0,46
02/03/2020,IFP,AZ,AWP,WE,Federal Contract Tower,6,0,0,0,6,0,7,12,0,19,6,7,12,0,25,2,0,2,27
02/04/2020,IFP,AZ,AWP,WE,Federal Contract Tower,1,0,1,0,2,0,6,2,4,12,1,6,3,4,14,0,0,0,14
02/05/2020,IFP,AZ,AWP,WE,Federal Contract Tower,4,0,1,0,5,0,14,13,0,27,4,14,14,0,32,0,0,0,32
02/06/2020,IFP,AZ,AWP,WE,Federal Contract Tower,4,0,0,0,4,0,6,23,0,29,4,6,23,0,33,4,0,4,37
02/07/2020,IFP,AZ,AWP,WE,Federal Contract Tower,6,0,1,0,7,0,3,19,0,22,6,3,20,0,29,2,0,2,31
02/08/2020,IFP,AZ,AWP,WE,Federal Contract Tower,4,0,0,2,6,0,3,17,0,20,4,3,17,2,26,0,0,0,26
02/09/2020,IFP,AZ,AWP,WE,Federal Contract Tower,4,0,1,0,5,0,5,5,0,10,4,5,6,0,15,0,0,0,15
02/10/2020,IFP,AZ,AWP,WE,Federal Contract Tower,4,0,1,0,5,0,5,5,0,10,4,5,6,0,15,0,0,0,15
02/11/2020,IFP,AZ,AWP,WE,Federal Contract Tower,2,0,0,0,2,0,4,6,0,10,2,4,6,0,12,0,0,0,12
02/12/2020,IFP,AZ,AWP,WE,Federal Contract Tower,4,0,0,1,5,0,11,23,0,34,4,11,23,1,39,0,0,0,39
02/13/2020,IFP,AZ,AWP,WE,Federal Contract Tower,5,0,1,0,6,0,6,24,3,33,5,6,25,3,39,0,0,0,39
02/14/2020,IFP,AZ,AWP,WE,Federal Contract Tower,5,0,1,0,6,0,0,15,5,20,5,0,16,5,26,0,0,0,26
02/15/2020,IFP,AZ,AWP,WE,Federal Contract Tower,3,0,4,0,7,0,7,32,2,41,3,7,36,2,48,6,0,6,54
02/16/2020,IFP,AZ,AWP,WE,Federal Contract Tower,6,0,2,1,9,0,5,19,0,24,6,5,21,1,33,0,0,0,33
02/17/2020,IFP,AZ,AWP,WE,Federal Contract Tower,4,0,1,0,5,1,5,17,0,23,5,5,18,0,28,0,0,0,28
02/18/2020,IFP,AZ,AWP,WE,Federal Contract Tower,2,0,0,0,2,0,5,8,0,13,2,5,8,0,15,4,0,4,19
02/19/2020,IFP,AZ,AWP,WE,Federal Contract Tower,3,0,3,0,6,0,6,19,2,27,3,6,22,2,33,0,0,0,33
02/20/2020,IFP,AZ,AWP,WE,Federal Contract Tower,5,2,4,0,11,0,2,15,0,17,5,4,19,0,28,0,0,0,28
02/21/2020,IFP,AZ,AWP,WE,Federal Contract Tower,5,4,10,2,21,0,10,33,2,45,5,14,43,4,66,6,0,6,72
02/22/2020,IFP,AZ,AWP,WE,Federal Contract Tower,6,0,4,2,12,0,2,46,0,48,6,2,50,2,60,0,0,0,60
02/23/2020,IFP,AZ,AWP,WE,Federal Contract Tower,5,2,1,1,9,0,5,91,1,97,5,7,92,2,106,0,0,0,106
02/24/2020,IFP,AZ,AWP,WE,Federal Contract Tower,3,0,0,0,3,0,7,22,0,29,3,7,22,0,32,10,0,10,42
02/25/2020,IFP,AZ,AWP,WE,Federal Contract Tower,3,0,0,1,4,1,14,12,0,27,4,14,12,1,31,0,0,0,31
02/26/2020,IFP,AZ,AWP,WE,Federal Contract Tower,5,0,1,0,6,0,5,30,0,35,5,5,31,0,41,20,0,20,61
02/27/2020,IFP,AZ,AWP,WE,Federal Contract Tower,5,0,2,0,7,0,17,21,0,38,5,17,23,0,45,0,0,0,45
02/28/2020,IFP,AZ,AWP,WE,Federal Contract Tower,4,0,4,0,8,0,2,12,0,14,4,2,16,0,22,0,0,0,22
02/29/2020,IFP,AZ,AWP,WE,Federal Contract Tower,4,1,2,0,7,0,6,47,0,53,4,7,49,0,60,16,0,16,76
03/01/2020,IFP,AZ,AWP,WE,Federal Contract Tower,5,0,2,0,7,0,10,12,0,22,5,10,14,0,29,0,0,0,29
03/02/2020,IFP,AZ,AWP,WE,Federal Contract Tower,5,0,3,1,9,0,7,7,1,15,5,7,10,2,24,0,6,6,30
03/03/2020,IFP,AZ,AWP,WE,Federal Contract Tower,2,0,0,0,2,0,0,13,0,13,2,0,13,0,15,0,0,0,15
03/04/2020,IFP,AZ,AWP,WE,Federal Contract Tower,5,0,1,0,6,0,2,16,0,18,5,2,17,0,24,0,0,0,24
03/05/2020,IFP,AZ,AWP,WE,Federal Contract Tower,4,0,1,1,6,0,0,26,2,28,4,0,27,3,34,0,0,0,34
03/06/2020,IFP,AZ,AWP,WE,Federal Contract Tower,3,0,4,0,7,0,14,23,0,37,3,14,27,0,44,0,0,0,44
03/07/2020,IFP,AZ,AWP,WE,Federal Contract Tower,5,0,2,0,7,0,4,16,0,20,5,4,18,0,27,0,0,0,27
03/08/2020,IFP,AZ,AWP,WE,Federal Contract Tower,6,0,2,0,8,0,4,23,0,27,6,4,25,0,35,0,0,0,35
03/09/2020,IFP,AZ,AWP,WE,Federal Contract Tower,5,0,7,0,12,0,4,19,0,23,5,4,26,0,35,0,0,0,35
03/10/2020,IFP,AZ,AWP,WE,Federal Contract Tower,1,2,2,0,5,0,2,8,0,10,1,4,10,0,15,0,0,0,15
03/11/2020,IFP,AZ,AWP,WE,Federal Contract Tower,5,0,2,0,7,0,2,7,0,9,5,2,9,0,16,0,0,0,16
03/12/2020,IFP,AZ,AWP,WE,Federal Contract Tower,6,2,0,0,8,0,0,10,0,10,6,2,10,0,18,0,0,0,18
03/13/2020,IFP,AZ,AWP,WE,Federal Contract Tower,5,0,3,0,8,0,7,11,0,18,5,7,14,0,26,0,0,0,26
03/14/2020,IFP,AZ,AWP,WE,Federal Contract Tower,3,1,4,0,8,0,11,0,0,11,3,12,4,0,19,4,0,4,23
03/15/2020,IFP,AZ,AWP,WE,Federal Contract Tower,7,0,2,0,9,0,0,19,0,19,7,0,21,0,28,12,0,12,40
03/16/2020,IFP,AZ,AWP,WE,Federal Contract Tower,4,0,0,0,4,0,3,9,0,12,4,3,9,0,16,0,0,0,16
03/17/2020,IFP,AZ,AWP,WE,Federal Contract Tower,4,0,3,2,9,0,5,13,0,18,4,5,16,2,27,0,2,2,29
03/18/2020,IFP,AZ,AWP,WE,Federal Contract Tower,8,0,2,0,10,0,4,1,0,5,8,4,3,0,15,0,0,0,15
03/19/2020,IFP,AZ,AWP,WE,Federal Contract Tower,3,0,0,0,3,0,4,7,0,11,3,4,7,0,14,0,0,0,14
03/20/2020,IFP,AZ,AWP,WE,Federal Contract Tower,5,0,0,0,5,1,0,6,0,7,6,0,6,0,12,0,0,0,12
03/21/2020,IFP,AZ,AWP,WE,Federal Contract Tower,0,0,4,0,4,0,0,11,0,11,0,0,15,0,15,0,0,0,15
03/22/2020,IFP,AZ,AWP,WE,Federal Contract Tower,0,0,0,0,0,0,9,9,0,18,0,9,9,0,18,0,0,0,18
03/23/2020,IFP,AZ,AWP,WE,Federal Contract Tower,1,0,0,0,1,0,1,8,2,11,1,1,8,2,12,0,0,0,12
03/24/2020,IFP,AZ,AWP,WE,Federal Contract Tower,0,0,1,1,2,0,3,10,0,13,0,3,11,1,15,0,0,0,15
03/25/2020,IFP,AZ,AWP,WE,Federal Contract Tower,0,0,1,0,1,0,0,10,0,10,0,0,11,0,11,0,0,0,11
03/26/2020,IFP,AZ,AWP,WE,Federal Contract Tower,1,0,0,0,1,0,5,13,0,18,1,5,13,0,19,0,0,0,19
03/27/2020,IFP,AZ,AWP,WE,Federal Contract Tower,0,0,0,0,0,0,11,11,0,22,0,11,11,0,22,2,0,2,24
03/28/2020,IFP,AZ,AWP,WE,Federal Contract Tower,0,0,2,0,2,0,6,9,0,15,0,6,11,0,17,4,0,4,21
03/29/2020,IFP,AZ,AWP,WE,Federal Contract Tower,0,0,0,0,0,0,2,17,0,19,0,2,17,0,19,0,0,0,19
03/30/2020,IFP,AZ,AWP,WE,Federal Contract Tower,0,0,0,0,0,0,4,21,0,25,0,4,21,0,25,10,0,10,35
03/31/2020,IFP,AZ,AWP,WE,Federal Contract Tower,0,0,1,0,1,0,3,14,0,17,0,3,15,0,18,0,0,0,18
04/01/2020,IFP,AZ,AWP,WE,Federal Contract Tower,0,0,0,0,0,0,0,9,0,9,0,0,9,0,9,8,0,8,17
04/02/2020,IFP,AZ,AWP,WE,Federal Contract Tower,0,0,2,0,2,0,9,17,0,26,0,9,19,0,28,4,0,4,32
04/03/2020,IFP,AZ,AWP,WE,Federal Contract Tower,0,0,0,0,0,0,4,13,0,17,0,4,13,0,17,2,0,2,19
04/04/2020,IFP,AZ,AWP,WE,Federal Contract Tower,0,0,4,0,4,0,1,5,0,6,0,1,9,0,10,0,0,0,10
04/05/2020,IFP,AZ,AWP,WE,Federal Contract Tower,0,0,0,0,0,0,0,8,0,8,0,0,8,0,8,0,0,0,8
04/06/2020,IFP,AZ,AWP,WE,Federal Contract Tower,0,0,2,0,2,0,1,8,0,9,0,1,10,0,11,0,0,0,11
04/07/2020,IFP,AZ,AWP,WE,Federal Contract Tower,0,0,0,0,0,0,6,6,0,12,0,6,6,0,12,0,0,0,12
04/08/2020,IFP,AZ,AWP,WE,Federal Contract Tower,0,0,0,0,0,0,3,6,0,9,0,3,6,0,9,84,0,84,93
04/09/2020,IFP,AZ,AWP,WE,Federal Contract Tower,0,0,0,2,2,0,2,6,0,8,0,2,6,2,10,10,0,10,20
04/10/2020,IFP,AZ,AWP,WE,Federal Contract Tower,0,0,3,0,3,0,10,12,5,27,0,10,15,5,30,20,12,32,62
04/11/2020,IFP,AZ,AWP,WE,Federal Contract Tower,0,0,0,0,0,0,0,21,0,21,0,0,21,0,21,0,0,0,21
04/12/2020,IFP,AZ,AWP,WE,Federal Contract Tower,0,0,0,0,0,0,0,12,0,12,0,0,12,0,12,0,0,0,12
04/13/2020,IFP,AZ,AWP,WE,Federal Contract Tower,0,0,1,1,2,0,14,7,1,22,0,14,8,2,24,2,4,6,30
04/14/2020,IFP,AZ,AWP,WE,Federal Contract Tower,0,0,0,0,0,0,0,9,0,9,0,0,9,0,9,0,0,0,9
04/15/2020,IFP,AZ,AWP,WE,Federal Contract Tower,4,0,0,0,4,0,5,12,0,17,4,5,12,0,21,20,0,20,41
04/16/2020,IFP,AZ,AWP,WE,Federal Contract Tower,0,0,0,0,0,0,0,13,0,13,0,0,13,0,13,16,0,16,29
04/17/2020,IFP,AZ,AWP,WE,Federal Contract Tower,0,0,0,1,1,0,1,6,1,8,0,1,6,2,9,0,8,8,17
04/18/2020,IFP,AZ,AWP,WE,Federal Contract Tower,0,0,0,0,0,0,3,5,0,8,0,3,5,0,8,0,0,0,8
04/19/2020,IFP,AZ,AWP,WE,Federal Contract Tower,0,0,0,0,0,0,0,12,2,14,0,0,12,2,14,0,0,0,14
04/20/2020,IFP,AZ,AWP,WE,Federal Contract Tower,0,0,1,0,1,0,2,26,2,30,0,2,27,2,31,24,0,24,55
04/21/2020,IFP,AZ,AWP,WE,Federal Contract Tower,0,0,0,0,0,0,3,13,0,16,0,3,13,0,16,0,0,0,16
04/22/2020,IFP,AZ,AWP,WE,Federal Contract Tower,0,0,0,0,0,0,5,10,2,17,0,5,10,2,17,0,0,0,17
04/23/2020,IFP,AZ,AWP,WE,Federal Contract Tower,0,0,0,0,0,0,0,18,0,18,0,0,18,0,18,0,0,0,18
04/24/2020,IFP,AZ,AWP,WE,Federal Contract Tower,0,0,0,4,4,0,6,5,0,11,0,6,5,4,15,14,24,38,53
04/25/2020,IFP,AZ,AWP,WE,Federal Contract Tower,0,0,2,1,3,0,4,16,1,21,0,4,18,2,24,0,4,4,28
04/26/2020,IFP,AZ,AWP,WE,Federal Contract Tower,0,0,0,0,0,0,3,1,0,4,0,3,1,0,4,0,0,0,4
04/27/2020,IFP,AZ,AWP,WE,Federal Contract Tower,0,0,0,0,0,0,15,17,0,32,0,15,17,0,32,0,0,0,32
04/28/2020,IFP,AZ,AWP,WE,Federal Contract Tower,0,0,3,4,7,0,15,28,0,43,0,15,31,4,50,0,4,4,54
04/29/2020,IFP,AZ,AWP,WE,Federal Contract Tower,0,0,0,0,0,0,0,10,2,12,0,0,10,2,12,4,0,4,16
04/30/2020,IFP,AZ,AWP,WE,Federal Contract Tower,0,1,1,2,4,0,3,11,0,14,0,4,12,2,18,4,0,4,22
05/01/2020,IFP,AZ,AWP,WE,Federal Contract Tower,0,3,0,3,6,0,4,9,1,14,0,7,9,4,20,0,4,4,24
05/02/2020,IFP,AZ,AWP,WE,Federal Contract Tower,0,0,2,0,2,0,1,11,0,12,0,1,13,0,14,0,0,0,14
05/03/2020,IFP,AZ,AWP,WE,Federal Contract Tower,0,0,0,0,0,0,0,2,0,2,0,0,2,0,2,0,0,0,2
05/04/2020,IFP,AZ,AWP,WE,Federal Contract Tower,0,0,2,0,2,0,2,5,0,7,0,2,7,0,9,0,0,0,9
05/05/2020,IFP,AZ,AWP,WE,Federal Contract Tower,0,0,0,0,0,0,3,13,0,16,0,3,13,0,16,8,0,8,24
05/06/2020,IFP,AZ,AWP,WE,Federal Contract Tower,0,0,1,0,1,0,6,9,2,17,0,6,10,2,18,0,0,0,18
05/07/2020,IFP,AZ,AWP,WE,Federal Contract Tower,0,0,0,0,0,0,13,8,4,25,0,13,8,4,25,4,0,4,29
05/08/2020,IFP,AZ,AWP,WE,Federal Contract Tower,0,2,0,0,2,0,3,10,1,14,0,5,10,1,16,4,0,4,20
05/09/2020,IFP,AZ,AWP,WE,Federal Contract Tower,0,0,0,0,0,0,3,13,2,18,0,3,13,2,18,10,0,10,28
05/10/2020,IFP,AZ,AWP,WE,Federal Contract Tower,0,0,0,0,0,0,2,5,0,7,0,2,5,0,7,0,0,0,7
05/11/2020,IFP,AZ,AWP,WE,Federal Contract Tower,0,0,0,0,0,0,1,9,2,12,0,1,9,2,12,0,4,4,16
05/12/2020,IFP,AZ,AWP,WE,Federal Contract Tower,0,0,0,0,0,0,3,7,0,10,0,3,7,0,10,0,0,0,10
05/13/2020,IFP,AZ,AWP,WE,Federal Contract Tower,0,0,0,1,1,0,3,7,3,13,0,3,7,4,14,0,4,4,18
05/14/2020,IFP,AZ,AWP,WE,Federal Contract Tower,0,0,2,4,6,0,0,10,2,12,0,0,12,6,18,0,8,8,26
05/15/2020,IFP,AZ,AWP,WE,Federal Contract Tower,0,0,2,0,2,0,5,18,0,23,0,5,20,0,25,0,0,0,25
05/16/2020,IFP,AZ,AWP,WE,Federal Contract Tower,0,0,2,0,2,0,0,19,0,19,0,0,21,0,21,36,0,36,57
05/17/2020,IFP,AZ,AWP,WE,Federal Contract Tower,0,0,0,0,0,0,6,12,0,18,0,6,12,0,18,0,0,0,18
05/18/2020,IFP,AZ,AWP,WE,Federal Contract Tower,0,0,0,1,1,0,15,1,1,17,0,15,1,2,18,0,14,14,32
05/19/2020,IFP,AZ,AWP,WE,Federal Contract Tower,0,0,0,0,0,0,3,4,0,7,0,3,4,0,7,0,0,0,7
05/20/2020,IFP,AZ,AWP,WE,Federal Contract Tower,0,0,2,0,2,0,11,15,0,26,0,11,17,0,28,2,0,2,30
05/21/2020,IFP,AZ,AWP,WE,Federal Contract Tower,0,0,2,0,2,0,2,8,0,10,0,2,10,0,12,6,0,6,18
05/22/2020,IFP,AZ,AWP,WE,Federal Contract Tower,0,0,0,0,0,0,3,7,0,10,0,3,7,0,10,0,0,0,10
05/23/2020,IFP,AZ,AWP,WE,Federal Contract Tower,0,0,1,0,1,0,9,17,0,26,0,9,18,0,27,8,0,8,35
05/24/2020,IFP,AZ,AWP,WE,Federal Contract Tower,0,0,3,0,3,0,6,6,0,12,0,6,9,0,15,0,0,0,15
05/25/2020,IFP,AZ,AWP,WE,Federal Contract Tower,0,0,2,0,2,0,0,11,0,11,0,0,13,0,13,0,0,0,13
05/26/2020,IFP,AZ,AWP,WE,Federal Contract Tower,0,0,3,0,3,0,5,9,0,14,0,5,12,0,17,0,0,0,17
05/27/2020,IFP,AZ,AWP,WE,Federal Contract Tower,0,0,2,0,2,0,3,14,0,17,0,3,16,0,19,12,0,12,31
05/28/2020,IFP,AZ,AWP,WE,Federal Contract Tower,0,0,0,0,0,0,1,21,0,22,0,1,21,0,22,6,0,6,28
05/29/2020,IFP,AZ,AWP,WE,Federal Contract Tower,0,0,0,0,0,0,8,8,2,18,0,8,8,2,18,0,0,0,18
05/30/2020,IFP,AZ,AWP,WE,Federal Contract Tower,0,0,0,0,0,0,12,11,0,23,0,12,11,0,23,12,0,12,35
05/31/2020,IFP,AZ,AWP,WE,Federal Contract Tower,0,0,0,0,0,0,5,10,0,15,0,5,10,0,15,0,0,0,15
06/01/2020,IFP,AZ,AWP,WE,Federal Contract Tower,0,0,1,0,1,0,2,14,0,16,0,2,15,0,17,0,0,0,17
06/02/2020,IFP,AZ,AWP,WE,Federal Contract Tower,0,0,0,0,0,0,0,11,2,13,0,0,11,2,13,4,0,4,17
06/03/2020,IFP,AZ,AWP,WE,Federal Contract Tower,1,0,1,0,2,0,5,11,0,16,1,5,12,0,18,0,0,0,18
06/04/2020,IFP,AZ,AWP,WE,Federal Contract Tower,1,0,3,0,4,0,10,25,2,37,1,10,28,2,41,2,0,2,43
06/05/2020,IFP,AZ,AWP,WE,Federal Contract Tower,3,0,0,0,3,0,4,13,0,17,3,4,13,0,20,4,0,4,24
06/06/2020,IFP,AZ,AWP,WE,Federal Contract Tower,3,0,0,0,3,0,5,8,0,13,3,5,8,0,16,0,0,0,16
06/07/2020,IFP,AZ,AWP,WE,Federal Contract Tower,3,0,0,0,3,0,2,3,0,5,3,2,3,0,8,0,0,0,8
06/08/2020,IFP,AZ,AWP,WE,Federal Contract Tower,4,0,1,0,5,0,2,9,0,11,4,2,10,0,16,0,0,0,16
06/09/2020,IFP,AZ,AWP,WE,Federal Contract Tower,1,0,1,0,2,0,4,4,0,8,1,4,5,0,10,0,0,0,10
06/10/2020,IFP,AZ,AWP,WE,Federal Contract Tower,3,0,1,0,4,0,10,9,2,21,3,10,10,2,25,0,0,0,25
06/11/2020,IFP,AZ,AWP,WE,Federal Contract Tower,3,0,0,0,3,0,5,23,2,30,3,5,23,2,33,28,0,28,61
06/12/2020,IFP,AZ,AWP,WE,Federal Contract Tower,2,0,0,1,3,0,6,15,2,23,2,6,15,3,26,0,12,12,38
06/13/2020,IFP,AZ,AWP,WE,Federal Contract Tower,1,1,1,0,3,0,5,17,0,22,1,6,18,0,25,0,0,0,25
06/14/2020,IFP,AZ,AWP,WE,Federal Contract Tower,4,0,0,0,4,0,2,16,0,18,4,2,16,0,22,0,0,0,22
06/15/2020,IFP,AZ,AWP,WE,Federal Contract Tower,2,0,0,0,2,0,3,9,0,12,2,3,9,0,14,0,0,0,14
06/16/2020,IFP,AZ,AWP,WE,Federal Contract Tower,2,2,1,0,5,0,3,11,1,15,2,5,12,1,20,0,0,0,20
06/17/2020,IFP,AZ,AWP,WE,Federal Contract Tower,3,0,0,0,3,0,5,14,1,20,3,5,14,1,23,4,0,4,27
06/18/2020,IFP,AZ,AWP,WE,Federal Contract Tower,4,0,0,0,4,0,1,11,0,12,4,1,11,0,16,0,0,0,16
06/19/2020,IFP,AZ,AWP,WE,Federal Contract Tower,4,0,0,0,4,0,1,26,0,27,4,1,26,0,31,0,0,0,31
06/20/2020,IFP,AZ,AWP,WE,Federal Contract Tower,3,0,2,0,5,0,3,24,0,27,3,3,26,0,32,34,0,34,66
06/21/2020,IFP,AZ,AWP,WE,Federal Contract Tower,5,0,0,0,5,0,1,16,0,17,5,1,16,0,22,0,0,0,22
06/22/2020,IFP,AZ,AWP,WE,Federal Contract Tower,2,0,0,0,2,0,6,5,0,11,2,6,5,0,13,10,0,10,23
06/23/2020,IFP,AZ,AWP,WE,Federal Contract Tower,4,0,1,2,7,0,1,16,2,19,4,1,17,4,26,2,12,14,40
06/24/2020,IFP,AZ,AWP,WE,Federal Contract Tower,1,0,0,1,2,0,2,7,2,11,1,2,7,3,13,0,14,14,27
06/25/2020,IFP,AZ,AWP,WE,Federal Contract Tower,5,0,1,0,6,0,9,6,2,17,5,9,7,2,23,0,8,8,31
06/26/2020,IFP,AZ,AWP,WE,Federal Contract Tower,2,0,0,1,3,0,7,14,3,24,2,7,14,4,27,6,8,14,41
06/27/2020,IFP,AZ,AWP,WE,Federal Contract Tower,4,0,2,0,6,0,0,4,2,6,4,0,6,2,12,0,4,4,16
06/28/2020,IFP,AZ,AWP,WE,Federal Contract Tower,2,0,2,0,4,0,5,5,0,10,2,5,7,0,14,0,0,0,14
06/29/2020,IFP,AZ,AWP,WE,Federal Contract Tower,3,0,0,0,3,0,4,17,0,21,3,4,17,0,24,0,0,0,24
06/30/2020,IFP,AZ,AWP,WE,Federal Contract Tower,1,0,1,0,2,0,5,24,2,31,1,5,25,2,33,24,0,24,57
07/01/2020,IFP,AZ,AWP,WE,Federal Contract Tower,2,0,2,0,4,0,3,4,0,7,2,3,6,0,11,0,0,0,11
07/02/2020,IFP,AZ,AWP,WE,Federal Contract Tower,3,0,3,0,6,0,5,13,0,18,3,5,16,0,24,12,0,12,36
07/03/2020,IFP,AZ,AWP,WE,Federal Contract Tower,4,0,0,0,4,0,6,15,0,21,4,6,15,0,25,0,0,0,25
07/04/2020,IFP,AZ,AWP,WE,Federal Contract Tower,1,0,0,0,1,0,9,11,0,20,1,9,11,0,21,6,0,6,27
07/05/2020,IFP,AZ,AWP,WE,Federal Contract Tower,3,0,0,0,3,0,11,8,0,19,3,11,8,0,22,0,0,0,22
07/06/2020,IFP,AZ,AWP,WE,Federal Contract Tower,3,0,1,0,4,0,4,11,0,15,3,4,12,0,19,0,0,0,19
07/07/2020,IFP,AZ,AWP,WE,Federal Contract Tower,2,0,1,0,3,0,7,11,0,18,2,7,12,0,21,0,0,0,21
07/08/2020,IFP,AZ,AWP,WE,Federal Contract Tower,1,2,2,0,5,0,4,16,0,20,1,6,18,0,25,16,0,16,41
07/09/2020,IFP,AZ,AWP,WE,Federal Contract Tower,3,0,0,0,3,0,4,7,0,11,3,4,7,0,14,0,0,0,14
07/10/2020,IFP,AZ,AWP,WE,Federal Contract Tower,3,0,0,2,5,0,2,13,2,17,3,2,13,4,22,2,8,10,32
07/11/2020,IFP,AZ,AWP,WE,Federal Contract Tower,1,0,0,0,1,0,7,13,2,22,1,7,13,2,23,6,4,10,33
07/12/2020,IFP,AZ,AWP,WE,Federal Contract Tower,1,1,0,0,2,0,9,10,0,19,1,10,10,0,21,0,0,0,21
07/13/2020,IFP,AZ,AWP,WE,Federal Contract Tower,5,1,0,0,6,0,1,8,0,9,5,2,8,0,15,0,0,0,15
07/14/2020,IFP,AZ,AWP,WE,Federal Contract Tower,3,0,0,0,3,0,2,2,0,4,3,2,2,0,7,0,0,0,7
07/15/2020,IFP,AZ,AWP,WE,Federal Contract Tower,2,1,1,0,4,0,5,11,0,16,2,6,12,0,20,14,0,14,34
07/16/2020,IFP,AZ,AWP,WE,Federal Contract Tower,2,2,2,0,6,0,3,12,0,15,2,5,14,0,21,0,0,0,21
07/17/2020,IFP,AZ,AWP,WE,Federal Contract Tower,3,1,1,1,6,0,6,9,10,25,3,7,10,11,31,2,12,14,45
07/18/2020,IFP,AZ,AWP,WE,Federal Contract Tower,1,0,0,0,1,0,6,14,0,20,1,6,14,0,21,0,0,0,21
07/19/2020,IFP,AZ,AWP,WE,Federal Contract Tower,3,0,0,0,3,0,5,12,4,21,3,5,12,4,24,8,0,8,32
07/20/2020,IFP,AZ,AWP,WE,Federal Contract Tower,1,0,0,0,1,0,7,8,0,15,1,7,8,0,16,0,0,0,16
07/21/2020,IFP,AZ,AWP,WE,Federal Contract Tower,2,0,0,1,3,0,8,7,0,15,2,8,7,1,18,0,0,0,18
07/22/2020,IFP,AZ,AWP,WE,Federal Contract Tower,4,0,0,0,4,0,5,10,0,15,4,5,10,0,19,2,0,2,21
07/23/2020,IFP,AZ,AWP,WE,Federal Contract Tower,2,0,0,0,2,0,8,7,0,15,2,8,7,0,17,0,0,0,17
07/24/2020,IFP,AZ,AWP,WE,Federal Contract Tower,1,0,0,0,1,0,7,11,0,18,1,7,11,0,19,0,0,0,19
07/25/2020,IFP,AZ,AWP,WE,Federal Contract Tower,3,0,4,0,7,0,10,2,0,12,3,10,6,0,19,0,0,0,19
07/26/2020,IFP,AZ,AWP,WE,Federal Contract Tower,4,0,0,0,4,0,2,19,0,21,4,2,19,0,25,8,0,8,33
07/27/2020,IFP,AZ,AWP,WE,Federal Contract Tower,2,0,0,0,2,0,10,8,0,18,2,10,8,0,20,10,0,10,30
07/28/2020,IFP,AZ,AWP,WE,Federal Contract Tower,4,0,2,0,6,0,5,9,0,14,4,5,11,0,20,0,0,0,20
07/29/2020,IFP,AZ,AWP,WE,Federal Contract Tower,1,0,0,0,1,0,3,12,0,15,1,3,12,0,16,4,0,4,20
07/30/2020,IFP,AZ,AWP,WE,Federal Contract Tower,3,0,2,0,5,0,1,8,0,9,3,1,10,0,14,0,0,0,14
07/31/2020,IFP,AZ,AWP,WE,Federal Contract Tower,4,0,1,2,7,0,0,10,0,10,4,0,11,2,17,2,0,2,19
08/01/2020,IFP,AZ,AWP,WE,Federal Contract Tower,1,0,2,0,3,0,2,18,0,20,1,2,20,0,23,0,0,0,23
08/02/2020,IFP,AZ,AWP,WE,Federal Contract Tower,3,0,0,0,3,0,8,17,0,25,3,8,17,0,28,0,0,0,28
08/03/2020,IFP,AZ,AWP,WE,Federal Contract Tower,1,0,0,0,1,0,0,10,0,10,1,0,10,0,11,0,0,0,11
08/04/2020,IFP,AZ,AWP,WE,Federal Contract Tower,4,0,2,0,6,0,3,3,3,9,4,3,5,3,15,0,0,0,15
08/05/2020,IFP,AZ,AWP,WE,Federal Contract Tower,3,0,0,0,3,0,6,8,5,19,3,6,8,5,22,0,0,0,22
08/06/2020,IFP,AZ,AWP,WE,Federal Contract Tower,3,0,2,0,5,0,4,12,2,18,3,4,14,2,23,0,0,0,23
08/07/2020,IFP,AZ,AWP,WE,Federal Contract Tower,3,0,1,0,4,0,4,4,1,9,3,4,5,1,13,0,0,0,13
08/08/2020,IFP,AZ,AWP,WE,Federal Contract Tower,3,0,3,0,6,0,0,4,0,4,3,0,7,0,10,0,0,0,10
08/09/2020,IFP,AZ,AWP,WE,Federal Contract Tower,3,0,2,0,5,0,5,20,0,25,3,5,22,0,30,0,0,0,30
08/10/2020,IFP,AZ,AWP,WE,Federal Contract Tower,3,0,1,0,4,0,7,13,0,20,3,7,14,0,24,8,0,8,32
08/11/2020,IFP,AZ,AWP,WE,Federal Contract Tower,4,0,0,1,5,0,0,6,1,7,4,0,6,2,12,0,6,6,18
08/12/2020,IFP,AZ,AWP,WE,Federal Contract Tower,2,0,0,0,2,0,4,7,0,11,2,4,7,0,13,0,0,0,13
08/13/2020,IFP,AZ,AWP,WE,Federal Contract Tower,3,0,2,0,5,0,10,14,0,24,3,10,16,0,29,0,0,0,29
08/14/2020,IFP,AZ,AWP,WE,Federal Contract Tower,4,0,0,0,4,0,0,10,0,10,4,0,10,0,14,2,0,2,16
08/15/2020,IFP,AZ,AWP,WE,Federal Contract Tower,4,0,0,0,4,0,4,14,0,18,4,4,14,0,22,8,0,8,30
08/16/2020,IFP,AZ,AWP,WE,Federal Contract Tower,5,0,0,0,5,0,6,8,0,14,5,6,8,0,19,6,0,6,25
08/17/2020,IFP,AZ,AWP,WE,Federal Contract Tower,3,1,2,0,6,0,0,22,0,22,3,1,24,0,28,12,0,12,40
08/18/2020,IFP,AZ,AWP,WE,Federal Contract Tower,1,0,0,0,1,0,13,4,0,17,1,13,4,0,18,0,0,0,18
08/19/2020,IFP,AZ,AWP,WE,Federal Contract Tower,4,0,0,0,4,0,6,6,0,12,4,6,6,0,16,2,0,2,18
08/20/2020,IFP,AZ,AWP,WE,Federal Contract Tower,3,0,0,0,3,0,2,12,0,14,3,2,12,0,17,0,0,0,17
08/21/2020,IFP,AZ,AWP,WE,Federal Contract Tower,3,0,2,2,7,0,5,5,2,12,3,5,7,4,19,2,0,2,21
08/22/2020,IFP,AZ,AWP,WE,Federal Contract Tower,1,0,0,0,1,0,7,8,0,15,1,7,8,0,16,4,0,4,20
08/23/2020,IFP,AZ,AWP,WE,Federal Contract Tower,5,0,0,0,5,0,2,4,0,6,5,2,4,0,11,0,0,0,11
08/24/2020,IFP,AZ,AWP,WE,Federal Contract Tower,3,0,2,0,5,0,2,8,0,10,3,2,10,0,15,0,0,0,15
08/25/2020,IFP,AZ,AWP,WE,Federal Contract Tower,0,0,0,0,0,0,9,3,0,12,0,9,3,0,12,0,0,0,12
08/26/2020,IFP,AZ,AWP,WE,Federal Contract Tower,2,2,0,0,4,0,3,7,0,10,2,5,7,0,14,0,0,0,14
08/27/2020,IFP,AZ,AWP,WE,Federal Contract Tower,4,0,0,0,4,0,4,8,0,12,4,4,8,0,16,0,0,0,16
08/28/2020,IFP,AZ,AWP,WE,Federal Contract Tower,3,2,0,0,5,0,5,12,0,17,3,7,12,0,22,10,0,10,32
08/29/2020,IFP,AZ,AWP,WE,Federal Contract Tower,1,1,0,0,2,0,5,7,0,12,1,6,7,0,14,0,0,0,14
08/30/2020,IFP,AZ,AWP,WE,Federal Contract Tower,2,1,0,0,3,0,5,15,0,20,2,6,15,0,23,0,0,0,23
08/31/2020,IFP,AZ,AWP,WE,Federal Contract Tower,3,0,3,0,6,0,3,13,0,16,3,3,16,0,22,0,0,0,22
09/01/2020,IFP,AZ,AWP,WE,Federal Contract Tower,3,0,2,1,6,0,4,27,2,33,3,4,29,3,39,0,0,0,39
09/02/2020,IFP,AZ,AWP,WE,Federal Contract Tower,1,0,0,0,1,0,3,9,0,12,1,3,9,0,13,0,0,0,13
09/03/2020,IFP,AZ,AWP,WE,Federal Contract Tower,4,0,2,2,8,0,0,14,0,14,4,0,16,2,22,0,0,0,22
09/04/2020,IFP,AZ,AWP,WE,Federal Contract Tower,2,0,0,0,2,1,1,9,2,13,3,1,9,2,15,0,0,0,15
09/05/2020,IFP,AZ,AWP,WE,Federal Contract Tower,5,0,0,0,5,0,7,30,6,43,5,7,30,6,48,2,0,2,50
09/06/2020,IFP,AZ,AWP,WE,Federal Contract Tower,3,0,0,0,3,0,5,6,2,13,3,5,6,2,16,0,0,0,16
09/07/2020,IFP,AZ,AWP,WE,Federal Contract Tower,4,0,0,2,6,0,0,5,0,5,4,0,5,2,11,0,0,0,11
09/08/2020,IFP,AZ,AWP,WE,Federal Contract Tower,2,0,2,1,5,0,0,3,0,3,2,0,5,1,8,0,0,0,8
09/09/2020,IFP,AZ,AWP,WE,Federal Contract Tower,3,0,0,0,3,0,6,7,0,13,3,6,7,0,16,0,0,0,16
09/10/2020,IFP,AZ,AWP,WE,Federal Contract Tower,3,0,3,0,6,0,1,11,0,12,3,1,14,0,18,0,0,0,18
09/11/2020,IFP,AZ,AWP,WE,Federal Contract Tower,4,0,1,5,10,0,4,8,1,13,4,4,9,6,23,8,12,20,43
09/12/2020,IFP,AZ,AWP,WE,Federal Contract Tower,2,0,1,0,3,0,0,38,6,44,2,0,39,6,47,12,0,12,59
09/13/2020,IFP,AZ,AWP,WE,Federal Contract Tower,3,7,1,0,11,0,4,16,1,21,3,11,17,1,32,8,10,18,50
09/14/2020,IFP,AZ,AWP,WE,Federal Contract Tower,2,0,1,2,5,0,18,10,0,28,2,18,11,2,33,0,0,0,33
09/15/2020,IFP,AZ,AWP,WE,Federal Contract Tower,1,0,0,0,1,0,11,15,0,26,1,11,15,0,27,0,0,0,27
09/16/2020,IFP,AZ,AWP,WE,Federal Contract Tower,1,0,0,0,1,0,5,14,0,19,1,5,14,0,20,2,0,2,22
09/17/2020,IFP,AZ,AWP,WE,Federal Contract Tower,3,0,0,1,4,0,6,7,1,14,3,6,7,2,18,0,6,6,24
09/18/2020,IFP,AZ,AWP,WE,Federal Contract Tower,3,0,1,0,4,0,2,10,0,12,3,2,11,0,16,0,0,0,16
09/19/2020,IFP,AZ,AWP,WE,Federal Contract Tower,3,0,2,0,5,0,5,30,0,35,3,5,32,0,40,30,0,30,70
09/20/2020,IFP,AZ,AWP,WE,Federal Contract Tower,2,0,0,0,2,0,0,18,0,18,2,0,18,0,20,2,0,2,22
09/21/2020,IFP,AZ,AWP,WE,Federal Contract Tower,3,0,0,0,3,0,3,15,0,18,3,3,15,0,21,0,0,0,21
09/22/2020,IFP,AZ,AWP,WE,Federal Contract Tower,1,0,3,0,4,0,4,10,0,14,1,4,13,0,18,8,0,8,26
09/23/2020,IFP,AZ,AWP,WE,Federal Contract Tower,2,0,2,2,6,0,6,9,0,15,2,6,11,2,21,0,0,0,21
09/24/2020,IFP,AZ,AWP,WE,Federal Contract Tower,2,0,2,1,5,0,0,10,1,11,2,0,12,2,16,0,6,6,22
09/25/2020,IFP,AZ,AWP,WE,Federal Contract Tower,3,0,0,1,4,0,2,16,0,18,3,2,16,1,22,0,0,0,22
09/26/2020,IFP,AZ,AWP,WE,Federal Contract Tower,2,0,0,0,2,0,0,18,0,18,2,0,18,0,20,0,0,0,20
09/27/2020,IFP,AZ,AWP,WE,Federal Contract Tower,1,0,1,0,2,0,5,20,0,25,1,5,21,0,27,6,0,6,33
09/28/2020,IFP,AZ,AWP,WE,Federal Contract Tower,2,0,0,2,4,0,8,7,4,19,2,8,7,6,23,0,0,0,23
09/29/2020,IFP,AZ,AWP,WE,Federal Contract Tower,3,0,0,0,3,0,2,14,0,16,3,2,14,0,19,4,0,4,23
09/30/2020,IFP,AZ,AWP,WE,Federal Contract Tower,2,0,0,2,4,0,5,13,1,19,2,5,13,3,23,2,0,2,25
10/01/2020,IFP,AZ,AWP,WE,Federal Contract Tower,1,0,1,0,2,0,2,13,1,16,1,2,14,1,18,8,0,8,26
10/02/2020,IFP,AZ,AWP,WE,Federal Contract Tower,5,0,2,0,7,0,2,12,0,14,5,2,14,0,21,6,0,6,27
10/03/2020,IFP,AZ,AWP,WE,Federal Contract Tower,4,0,2,0,6,0,1,20,0,21,4,1,22,0,27,10,0,10,37
10/04/2020,IFP,AZ,AWP,WE,Federal Contract Tower,5,0,0,0,5,0,3,21,0,24,5,3,21,0,29,0,0,0,29
10/05/2020,IFP,AZ,AWP,WE,Federal Contract Tower,4,0,0,2,6,0,0,20,0,20,4,0,20,2,26,0,0,0,26
10/06/2020,IFP,AZ,AWP,WE,Federal Contract Tower,1,0,1,0,2,0,7,13,0,20,1,7,14,0,22,0,0,0,22
10/07/2020,IFP,AZ,AWP,WE,Federal Contract Tower,5,0,0,0,5,0,6,20,1,27,5,6,20,1,32,4,0,4,36
10/08/2020,IFP,AZ,AWP,WE,Federal Contract Tower,4,0,1,0,5,0,7,8,1,16,4,7,9,1,21,0,0,0,21
10/09/2020,IFP,AZ,AWP,WE,Federal Contract Tower,3,0,2,0,5,0,7,20,0,27,3,7,22,0,32,8,0,8,40
10/10/2020,IFP,AZ,AWP,WE,Federal Contract Tower,3,0,1,0,4,0,0,9,0,9,3,0,10,0,13,2,0,2,15
10/11/2020,IFP,AZ,AWP,WE,Federal Contract Tower,3,0,0,0,3,0,0,11,0,11,3,0,11,0,14,0,0,0,14
10/12/2020,IFP,AZ,AWP,WE,Federal Contract Tower,3,0,0,0,3,0,0,12,2,14,3,0,12,2,17,4,0,4,21
10/13/2020,IFP,AZ,AWP,WE,Federal Contract Tower,3,0,2,0,5,0,2,15,0,17,3,2,17,0,22,8,0,8,30
10/14/2020,IFP,AZ,AWP,WE,Federal Contract Tower,3,0,1,0,4,0,7,21,2,30,3,7,22,2,34,0,0,0,34
10/15/2020,IFP,AZ,AWP,WE,Federal Contract Tower,4,0,0,0,4,0,1,6,2,9,4,1,6,2,13,6,0,6,19
10/16/2020,IFP,AZ,AWP,WE,Federal Contract Tower,5,0,1,1,7,0,0,5,1,6,5,0,6,2,13,0,0,0,13
10/17/2020,IFP,AZ,AWP,WE,Federal Contract Tower,5,1,2,0,8,0,2,21,2,25,5,3,23,2,33,4,12,16,49
10/18/2020,IFP,AZ,AWP,WE,Federal Contract Tower,3,1,6,0,10,0,8,33,0,41,3,9,39,0,51,18,0,18,69
10/19/2020,IFP,AZ,AWP,WE,Federal Contract Tower,4,0,0,0,4,0,0,12,0,12,4,0,12,0,16,0,0,0,16
10/20/2020,IFP,AZ,AWP,WE,Federal Contract Tower,2,0,1,0,3,0,9,13,0,22,2,9,14,0,25,4,0,4,29
10/21/2020,IFP,AZ,AWP,WE,Federal Contract Tower,5,0,0,0,5,0,8,16,0,24,5,8,16,0,29,16,0,16,45
10/22/2020,IFP,AZ,AWP,WE,Federal Contract Tower,6,0,3,2,11,0,8,23,0,31,6,8,26,2,42,0,0,0,42
10/23/2020,IFP,AZ,AWP,WE,Federal Contract Tower,4,0,3,2,9,0,2,15,0,17,4,2,18,2,26,0,0,0,26
10/24/2020,IFP,AZ,AWP,WE,Federal Contract Tower,4,0,2,1,7,0,2,35,1,38,4,2,37,2,45,16,12,28,73
10/25/2020,IFP,AZ,AWP,WE,Federal Contract Tower,5,0,5,0,10,0,12,8,0,20,5,12,13,0,30,2,0,2,32
10/26/2020,IFP,AZ,AWP,WE,Federal Contract Tower,7,1,0,0,8,0,1,1,5,7,7,2,1,5,15,0,2,2,17
10/27/2020,IFP,AZ,AWP,WE,Federal Contract Tower,2,0,2,2,6,0,1,5,0,6,2,1,7,2,12,0,0,0,12
10/28/2020,IFP,AZ,AWP,WE,Federal Contract Tower,6,1,2,4,13,0,4,60,2,66,6,5,62,6,79,0,0,0,79
10/29/2020,IFP,AZ,AWP,WE,Federal Contract Tower,6,0,4,0,10,0,3,35,0,38,6,3,39,0,48,2,0,2,50
10/30/2020,IFP,AZ,AWP,WE,Federal Contract Tower,5,0,2,0,7,0,1,30,0,31,5,1,32,0,38,2,0,2,40
10/31/2020,IFP,AZ,AWP,WE,Federal Contract Tower,4,0,1,0,5,0,7,17,0,24,4,7,18,0,29,0,0,0,29
11/01/2020,IFP,AZ,AWP,WE,Federal Contract Tower,5,0,3,0,8,0,4,14,0,18,5,4,17,0,26,4,0,4,30
11/02/2020,IFP,AZ,AWP,WE,Federal Contract Tower,5,0,3,0,8,0,11,16,0,27,5,11,19,0,35,6,0,6,41
11/03/2020,IFP,AZ,AWP,WE,Federal Contract Tower,3,0,0,0,3,0,14,7,0,21,3,14,7,0,24,0,0,0,24
11/04/2020,IFP,AZ,AWP,WE,Federal Contract Tower,4,0,3,0,7,0,4,11,0,15,4,4,14,0,22,0,0,0,22
11/05/2020,IFP,AZ,AWP,WE,Federal Contract Tower,4,0,1,0,5,0,2,5,0,7,4,2,6,0,12,0,0,0,12
11/06/2020,IFP,AZ,AWP,WE,Federal Contract Tower,6,0,0,0,6,0,4,9,0,13,6,4,9,0,19,2,0,2,21
11/07/2020,IFP,AZ,AWP,WE,Federal Contract Tower,3,0,1,0,4,0,0,7,0,7,3,0,8,0,11,0,0,0,11
11/08/2020,IFP,AZ,AWP,WE,Federal Contract Tower,4,0,1,0,5,0,6,2,0,8,4,6,3,0,13,0,0,0,13
11/09/2020,IFP,AZ,AWP,WE,Federal Contract Tower,5,0,2,0,7,0,9,15,0,24,5,9,17,0,31,0,0,0,31
11/10/2020,IFP,AZ,AWP,WE,Federal Contract Tower,2,0,3,0,5,0,6,23,0,29,2,6,26,0,34,2,0,2,36
11/11/2020,IFP,AZ,AWP,WE,Federal Contract Tower,3,0,0,0,3,0,2,17,0,19,3,2,17,0,22,0,0,0,22
11/12/2020,IFP,AZ,AWP,WE,Federal Contract Tower,4,0,0,0,4,0,2,18,0,20,4,2,18,0,24,14,0,14,38
11/13/2020,IFP,AZ,AWP,WE,Federal Contract Tower,5,0,0,0,5,0,7,18,0,25,5,7,18,0,30,0,0,0,30
11/14/2020,IFP,AZ,AWP,WE,Federal Contract Tower,5,0,2,0,7,0,1,14,0,15,5,1,16,0,22,0,0,0,22
11/15/2020,IFP,AZ,AWP,WE,Federal Contract Tower,3,0,0,0,3,0,4,6,0,10,3,4,6,0,13,0,0,0,13
11/16/2020,IFP,AZ,AWP,WE,Federal Contract Tower,4,2,1,0,7,0,6,8,0,14,4,8,9,0,21,0,0,0,21
11/17/2020,IFP,AZ,AWP,WE,Federal Contract Tower,2,0,0,1,3,0,8,9,3,20,2,8,9,4,23,0,4,4,27
11/18/2020,IFP,AZ,AWP,WE,Federal Contract Tower,4,0,3,1,8,0,8,7,1,16,4,8,10,2,24,0,0,0,24
11/19/2020,IFP,AZ,AWP,WE,Federal Contract Tower,4,0,0,0,4,0,7,5,1,13,4,7,5,1,17,4,2,6,23
11/20/2020,IFP,AZ,AWP,WE,Federal Contract Tower,5,0,2,0,7,0,0,9,0,9,5,0,11,0,16,0,0,0,16
11/21/2020,IFP,AZ,AWP,WE,Federal Contract Tower,7,2,0,0,9,0,6,8,0,14,7,8,8,0,23,0,0,0,23
11/22/2020,IFP,AZ,AWP,WE,Federal Contract Tower,3,0,1,0,4,0,4,16,0,20,3,4,17,0,24,0,0,0,24
11/23/2020,IFP,AZ,AWP,WE,Federal Contract Tower,5,0,0,0,5,0,10,11,0,21,5,10,11,0,26,6,0,6,32
11/24/2020,IFP,AZ,AWP,WE,Federal Contract Tower,2,0,0,0,2,0,2,7,0,9,2,2,7,0,11,0,0,0,11
11/25/2020,IFP,AZ,AWP,WE,Federal Contract Tower,4,0,0,0,4,0,6,23,0,29,4,6,23,0,33,0,0,0,33
11/26/2020,IFP,AZ,AWP,WE,Federal Contract Tower,6,0,0,0,6,0,11,10,0,21,6,11,10,0,27,0,0,0,27
11/27/2020,IFP,AZ,AWP,WE,Federal Contract Tower,3,0,2,0,5,0,0,13,0,13,3,0,15,0,18,0,0,0,18
11/28/2020,IFP,AZ,AWP,WE,Federal Contract Tower,5,0,4,0,9,0,2,25,0,27,5,2,29,0,36,8,0,8,44
11/29/2020,IFP,AZ,AWP,WE,Federal Contract Tower,4,0,2,0,6,0,2,26,0,28,4,2,28,0,34,0,0,0,34
11/30/2020,IFP,AZ,AWP,WE,Federal Contract Tower,5,0,2,0,7,0,0,10,0,10,5,0,12,0,17,0,0,0,17
12/01/2020,IFP,AZ,AWP,WE,Federal Contract Tower,1,1,1,1,4,0,13,4,2,19,1,14,5,3,23,4,0,4,27
12/02/2020,IFP,AZ,AWP,WE,Federal Contract Tower,5,0,2,0,7,0,8,11,2,21,5,8,13,2,28,2,0,2,30
12/03/2020,IFP,AZ,AWP,WE,Federal Contract Tower,5,0,0,2,7,0,0,7,0,7,5,0,7,2,14,0,0,0,14
12/04/2020,IFP,AZ,AWP,WE,Federal Contract Tower,5,0,1,2,8,0,8,19,0,27,5,8,20,2,35,2,0,2,37
12/05/2020,IFP,AZ,AWP,WE,Federal Contract Tower,2,0,4,1,7,0,0,16,1,17,2,0,20,2,24,0,0,0,24
12/06/2020,IFP,AZ,AWP,WE,Federal Contract Tower,6,0,2,0,8,0,1,24,0,25,6,1,26,0,33,0,0,0,33
12/07/2020,IFP,AZ,AWP,WE,Federal Contract Tower,4,0,5,0,9,0,0,8,0,8,4,0,13,0,17,0,0,0,17
12/08/2020,IFP,AZ,AWP,WE,Federal Contract Tower,2,0,2,0,4,0,4,4,0,8,2,4,6,0,12,0,0,0,12
12/09/2020,IFP,AZ,AWP,WE,Federal Contract Tower,3,0,4,2,9,0,0,21,0,21,3,0,25,2,30,6,0,6,36
12/10/2020,IFP,AZ,AWP,WE,Federal Contract Tower,6,0,2,0,8,0,2,4,0,6,6,2,6,0,14,6,0,6,20
12/11/2020,IFP,AZ,AWP,WE,Federal Contract Tower,5,0,2,0,7,0,4,15,2,21,5,4,17,2,28,0,6,6,34
12/12/2020,IFP,AZ,AWP,WE,Federal Contract Tower,5,0,0,0,5,0,2,18,0,20,5,2,18,0,25,2,0,2,27
12/13/2020,IFP,AZ,AWP,WE,Federal Contract Tower,3,0,0,0,3,0,1,16,0,17,3,1,16,0,20,0,0,0,20
12/14/2020,IFP,AZ,AWP,WE,Federal Contract Tower,5,0,0,0,5,0,4,23,2,29,5,4,23,2,34,0,8,8,42
12/15/2020,IFP,AZ,AWP,WE,Federal Contract Tower,3,0,2,2,7,0,0,18,0,18,3,0,20,2,25,0,0,0,25
12/16/2020,IFP,AZ,AWP,WE,Federal Contract Tower,3,0,1,0,4,2,9,7,0,18,5,9,8,0,22,0,0,0,22
12/17/2020,IFP,AZ,AWP,WE,Federal Contract Tower,1,0,2,1,4,0,1,19,3,23,1,1,21,4,27,4,0,4,31
12/18/2020,IFP,AZ,AWP,WE,Federal Contract Tower,0,2,0,0,2,0,2,10,0,12,0,4,10,0,14,0,0,0,14
12/19/2020,IFP,AZ,AWP,WE,Federal Contract Tower,0,2,0,0,2,0,2,9,0,11,0,4,9,0,13,0,0,0,13
12/20/2020,IFP,AZ,AWP,WE,Federal Contract Tower,0,0,2,0,2,0,0,19,0,19,0,0,21,0,21,0,0,0,21
12/21/2020,IFP,AZ,AWP,WE,Federal Contract Tower,0,0,0,1,1,0,2,13,1,16,0,2,13,2,17,10,16,26,43
12/22/2020,IFP,AZ,AWP,WE,Federal Contract Tower,0,0,3,0,3,0,6,18,0,24,0,6,21,0,27,4,0,4,31
12/23/2020,IFP,AZ,AWP,WE,Federal Contract Tower,0,0,2,0,2,0,0,2,0,2,0,0,4,0,4,0,0,0,4
12/24/2020,IFP,AZ,AWP,WE,Federal Contract Tower,0,0,0,0,0,0,6,1,0,7,0,6,1,0,7,2,0,2,9
12/25/2020,IFP,AZ,AWP,WE,Federal Contract Tower,0,0,0,0,0,0,2,4,0,6,0,2,4,0,6,0,0,0,6
12/26/2020,IFP,AZ,AWP,WE,Federal Contract Tower,1,0,0,0,1,0,2,10,0,12,1,2,10,0,13,8,0,8,21
12/27/2020,IFP,AZ,AWP,WE,Federal Contract Tower,0,0,3,0,3,0,2,12,0,14,0,2,15,0,17,4,0,4,21
12/28/2020,IFP,AZ,AWP,WE,Federal Contract Tower,1,0,0,0,1,0,0,4,0,4,1,0,4,0,5,0,0,0,5
12/29/2020,IFP,AZ,AWP,WE,Federal Contract Tower,1,0,1,0,2,0,0,20,0,20,1,0,21,0,22,4,0,4,26
12/30/2020,IFP,AZ,AWP,WE,Federal Contract Tower,3,1,0,0,4,0,2,14,0,16,3,3,14,0,20,2,0,2,22
12/31/2020,IFP,AZ,AWP,WE,Federal Contract Tower,4,0,1,0,5,0,7,16,0,23,4,7,17,0,28,18,0,18,46
01/01/2021,IFP,AZ,AWP,WE,Federal Contract Tower,1,1,0,0,2,0,0,5,0,5,1,1,5,0,7,0,0,0,7
01/02/2021,IFP,AZ,AWP,WE,Federal Contract Tower,4,0,0,0,4,0,4,19,0,23,4,4,19,0,27,8,0,8,35
01/03/2021,IFP,AZ,AWP,WE,Federal Contract Tower,3,0,1,0,4,0,6,33,0,39,3,6,34,0,43,34,0,34,77
01/04/2021,IFP,AZ,AWP,WE,Federal Contract Tower,1,0,0,0,1,0,0,24,0,24,1,0,24,0,25,0,0,0,25
01/05/2021,IFP,AZ,AWP,WE,Federal Contract Tower,1,0,1,0,2,0,4,12,2,18,1,4,13,2,20,2,0,2,22
01/06/2021,IFP,AZ,AWP,WE,Federal Contract Tower,3,0,0,0,3,0,3,5,4,12,3,3,5,4,15,0,6,6,21
01/07/2021,IFP,AZ,AWP,WE,Federal Contract Tower,1,0,0,0,1,0,2,11,0,13,1,2,11,0,14,0,0,0,14
01/08/2021,IFP,AZ,AWP,WE,Federal Contract Tower,2,0,3,0,5,0,4,8,0,12,2,4,11,0,17,0,0,0,17
01/09/2021,IFP,AZ,AWP,WE,Federal Contract Tower,3,0,1,0,4,0,6,6,0,12,3,6,7,0,16,0,0,0,16
01/10/2021,IFP,AZ,AWP,WE,Federal Contract Tower,3,0,2,0,5,0,0,5,11,16,3,0,7,11,21,0,0,0,21
01/11/2021,IFP,AZ,AWP,WE,Federal Contract Tower,1,1,0,0,2,2,10,21,2,35,3,11,21,2,37,6,2,8,45
01/12/2021,IFP,AZ,AWP,WE,Federal Contract Tower,1,1,6,0,8,0,1,10,0,11,1,2,16,0,19,4,0,4,23
01/13/2021,IFP,AZ,AWP,WE,Federal Contract Tower,3,0,1,0,4,0,6,9,0,15,3,6,10,0,19,6,0,6,25
01/14/2021,IFP,AZ,AWP,WE,Federal Contract Tower,2,2,5,0,9,0,10,9,4,23,2,12,14,4,32,0,0,0,32
01/15/2021,IFP,AZ,AWP,WE,Federal Contract Tower,2,0,1,1,4,0,5,12,1,18,2,5,13,2,22,6,8,14,36
01/16/2021,IFP,AZ,AWP,WE,Federal Contract Tower,1,0,0,0,1,0,8,12,3,23,1,8,12,3,24,0,10,10,34
01/17/2021,IFP,AZ,AWP,WE,Federal Contract Tower,3,1,2,0,6,0,0,14,0,14,3,1,16,0,20,0,0,0,20
01/18/2021,IFP,AZ,AWP,WE,Federal Contract Tower,5,0,0,0,5,0,11,21,0,32,5,11,21,0,37,0,0,0,37
01/19/2021,IFP,AZ,AWP,WE,Federal Contract Tower,3,0,1,0,4,0,6,2,0,8,3,6,3,0,12,0,0,0,12
01/20/2021,IFP,AZ,AWP,WE,Federal Contract Tower,2,0,1,0,3,0,8,13,2,23,2,8,14,2,26,0,0,0,26
01/21/2021,IFP,AZ,AWP,WE,Federal Contract Tower,2,0,2,2,6,0,9,23,2,34,2,9,25,4,40,0,0,0,40
01/22/2021,IFP,AZ,AWP,WE,Federal Contract Tower,1,1,1,2,5,0,5,3,0,8,1,6,4,2,13,0,0,0,13
01/23/2021,IFP,AZ,AWP,WE,Federal Contract Tower,2,0,2,0,4,0,4,20,2,26,2,4,22,2,30,10,0,10,40
01/24/2021,IFP,AZ,AWP,WE,Federal Contract Tower,2,0,0,0,2,0,0,9,0,9,2,0,9,0,11,8,0,8,19
01/25/2021,IFP,AZ,AWP,WE,Federal Contract Tower,1,0,0,0,1,0,0,2,0,2,1,0,2,0,3,0,0,0,3
01/26/2021,IFP,AZ,AWP,WE,Federal Contract Tower,3,0,5,0,8,0,3,3,0,6,3,3,8,0,14,6,0,6,20
01/27/2021,IFP,AZ,AWP,WE,Federal Contract Tower,2,3,2,0,7,0,1,11,0,12,2,4,13,0,19,2,0,2,21
01/28/2021,IFP,AZ,AWP,WE,Federal Contract Tower,3,0,2,3,8,0,0,23,1,24,3,0,25,4,32,6,0,6,38
01/29/2021,IFP,AZ,AWP,WE,Federal Contract Tower,1,0,3,0,4,0,3,1,0,4,1,3,4,0,8,0,0,0,8
01/30/2021,IFP,AZ,AWP,WE,Federal Contract Tower,2,0,0,0,2,0,0,20,0,20,2,0,20,0,22,0,0,0,22
01/31/2021,IFP,AZ,AWP,WE,Federal Contract Tower,3,0,0,0,3,0,6,16,0,22,3,6,16,0,25,4,0,4,29
02/01/2021,IFP,AZ,AWP,WE,Federal Contract Tower,4,0,1,0,5,0,2,16,0,18,4,2,17,0,23,0,0,0,23
02/02/2021,IFP,AZ,AWP,WE,Federal Contract Tower,1,0,2,1,4,0,15,18,1,34,1,15,20,2,38,0,2,2,40
02/03/2021,IFP,AZ,AWP,WE,Federal Contract Tower,3,0,2,2,7,0,7,12,2,21,3,7,14,4,28,8,0,8,36
02/04/2021,IFP,AZ,AWP,WE,Federal Contract Tower,2,0,1,0,3,0,12,9,0,21,2,12,10,0,24,0,0,0,24
02/05/2021,IFP,AZ,AWP,WE,Federal Contract Tower,4,0,2,0,6,0,5,18,2,25,4,5,20,2,31,10,0,10,41
02/06/2021,IFP,AZ,AWP,WE,Federal Contract Tower,1,0,0,0,1,0,4,24,0,28,1,4,24,0,29,0,0,0,29
02/07/2021,IFP,AZ,AWP,WE,Federal Contract Tower,1,0,2,0,3,2,4,21,0,27,3,4,23,0,30,0,0,0,30
02/08/2021,IFP,AZ,AWP,WE,Federal Contract Tower,2,0,0,0,2,2,6,12,0,20,4,6,12,0,22,0,0,0,22
02/09/2021,IFP,AZ,AWP,WE,Federal Contract Tower,3,0,4,0,7,0,14,6,2,22,3,14,10,2,29,0,0,0,29
02/10/2021,IFP,AZ,AWP,WE,Federal Contract Tower,1,0,3,0,4,0,16,9,0,25,1,16,12,0,29,0,0,0,29
02/11/2021,IFP,AZ,AWP,WE,Federal Contract Tower,2,0,1,0,3,0,4,21,0,25,2,4,22,0,28,0,0,0,28
02/12/2021,IFP,AZ,AWP,WE,Federal Contract Tower,1,0,4,0,5,0,8,15,0,23,1,8,19,0,28,2,0,2,30
02/13/2021,IFP,AZ,AWP,WE,Federal Contract Tower,4,0,0,0,4,0,7,6,0,13,4,7,6,0,17,0,0,0,17
02/14/2021,IFP,AZ,AWP,WE,Federal Contract Tower,2,1,2,2,7,0,4,10,0,14,2,5,12,2,21,2,6,8,29
02/15/2021,IFP,AZ,AWP,WE,Federal Contract Tower,2,2,1,0,5,0,6,20,0,26,2,8,21,0,31,0,0,0,31
02/16/2021,IFP,AZ,AWP,WE,Federal Contract Tower,1,0,0,0,1,0,7,11,0,18,1,7,11,0,19,0,0,0,19
02/17/2021,IFP,AZ,AWP,WE,Federal Contract Tower,2,0,4,0,6,0,12,17,2,31,2,12,21,2,37,0,0,0,37
02/18/2021,IFP,AZ,AWP,WE,Federal Contract Tower,0,0,0,0,0,0,0,22,0,22,0,0,22,0,22,0,0,0,22
02/19/2021,IFP,AZ,AWP,WE,Federal Contract Tower,1,0,0,0,1,0,0,38,0,38,1,0,38,0,39,0,0,0,39
02/20/2021,IFP,AZ,AWP,WE,Federal Contract Tower,2,3,2,0,7,0,6,13,0,19,2,9,15,0,26,0,0,0,26
02/21/2021,IFP,AZ,AWP,WE,Federal Contract Tower,1,5,1,0,7,0,0,11,0,11,1,5,12,0,18,0,0,0,18
02/22/2021,IFP,AZ,AWP,WE,Federal Contract Tower,0,1,2,0,3,0,4,10,0,14,0,5,12,0,17,0,0,0,17
02/23/2021,IFP,AZ,AWP,WE,Federal Contract Tower,1,0,0,1,2,0,8,21,3,32,1,8,21,4,34,18,0,18,52
02/24/2021,IFP,AZ,AWP,WE,Federal Contract Tower,1,0,0,2,3,0,1,16,0,17,1,1,16,2,20,6,0,6,26
02/25/2021,IFP,AZ,AWP,WE,Federal Contract Tower,2,1,2,0,5,0,5,4,0,9,2,6,6,0,14,0,0,0,14
02/26/2021,IFP,AZ,AWP,WE,Federal Contract Tower,2,0,2,0,4,0,5,24,0,29,2,5,26,0,33,14,0,14,47
02/27/2021,IFP,AZ,AWP,WE,Federal Contract Tower,3,0,0,0,3,0,9,14,0,23,3,9,14,0,26,0,0,0,26
02/28/2021,IFP,AZ,AWP,WE,Federal Contract Tower,2,0,1,0,3,0,1,3,0,4,2,1,4,0,7,0,0,0,7
03/01/2021,IFP,AZ,AWP,WE,Federal Contract Tower,2,0,0,1,3,0,16,17,0,33,2,16,17,1,36,0,4,4,40
03/02/2021,IFP,AZ,AWP,WE,Federal Contract Tower,2,0,0,0,2,0,5,10,2,17,2,5,10,2,19,0,0,0,19
03/03/2021,IFP,AZ,AWP,WE,Federal Contract Tower,3,2,0,0,5,0,11,2,0,13,3,13,2,0,18,0,0,0,18
03/04/2021,IFP,AZ,AWP,WE,Federal Contract Tower,2,0,1,0,3,0,13,17,0,30,2,13,18,0,33,14,0,14,47
03/05/2021,IFP,AZ,AWP,WE,Federal Contract Tower,1,0,1,2,4,0,7,14,2,23,1,7,15,4,27,0,0,0,27
03/06/2021,IFP,AZ,AWP,WE,Federal Contract Tower,1,0,2,0,3,0,8,21,0,29,1,8,23,0,32,0,0,0,32
03/07/2021,IFP,AZ,AWP,WE,Federal Contract Tower,3,0,1,0,4,0,7,28,0,35,3,7,29,0,39,6,0,6,45
03/08/2021,IFP,AZ,AWP,WE,Federal Contract Tower,1,0,0,0,1,0,10,7,0,17,1,10,7,0,18,0,0,0,18
03/09/2021,IFP,AZ,AWP,WE,Federal Contract Tower,3,0,2,0,5,0,1,2,0,3,3,1,4,0,8,0,0,0,8
03/10/2021,IFP,AZ,AWP,WE,Federal Contract Tower,3,0,0,0,3,0,7,7,0,14,3,7,7,0,17,6,0,6,23
03/11/2021,IFP,AZ,AWP,WE,Federal Contract Tower,3,0,1,0,4,0,4,8,0,12,3,4,9,0,16,0,0,0,16
03/12/2021,IFP,AZ,AWP,WE,Federal Contract Tower,1,3,1,0,5,0,4,7,0,11,1,7,8,0,16,0,0,0,16
03/13/2021,IFP,AZ,AWP,WE,Federal Contract Tower,2,0,8,0,10,0,6,19,0,25,2,6,27,0,35,24,0,24,59
03/14/2021,IFP,AZ,AWP,WE,Federal Contract Tower,1,0,1,0,2,0,2,14,0,16,1,2,15,0,18,14,0,14,32
03/15/2021,IFP,AZ,AWP,WE,Federal Contract Tower,3,0,0,0,3,0,4,3,0,7,3,4,3,0,10,0,0,0,10
03/16/2021,IFP,AZ,AWP,WE,Federal Contract Tower,2,0,1,0,3,0,10,13,1,24,2,10,14,1,27,0,0,0,27
03/17/2021,IFP,AZ,AWP,WE,Federal Contract Tower,2,1,0,2,5,0,6,28,4,38,2,7,28,6,43,10,0,10,53
03/18/2021,IFP,AZ,AWP,WE,Federal Contract Tower,1,0,2,1,4,0,8,23,0,31,1,8,25,1,35,6,0,6,41
03/19/2021,IFP,AZ,AWP,WE,Federal Contract Tower,2,0,6,0,8,0,5,20,3,28,2,5,26,3,36,16,2,18,54
03/20/2021,IFP,AZ,AWP,WE,Federal Contract Tower,1,0,1,0,2,0,2,16,0,18,1,2,17,0,20,12,0,12,32
03/21/2021,IFP,AZ,AWP,WE,Federal Contract Tower,1,0,2,0,3,0,3,13,0,16,1,3,15,0,19,2,0,2,21
03/22/2021,IFP,AZ,AWP,WE,Federal Contract Tower,3,0,2,0,5,0,4,16,6,26,3,4,18,6,31,2,2,4,35
03/23/2021,IFP,AZ,AWP,WE,Federal Contract Tower,1,0,4,3,8,0,7,10,0,17,1,7,14,3,25,0,0,0,25
03/24/2021,IFP,AZ,AWP,WE,Federal Contract Tower,2,0,2,2,6,0,2,7,2,11,2,2,9,4,17,0,0,0,17
03/25/2021,IFP,AZ,AWP,WE,Federal Contract Tower,3,0,1,2,6,0,0,8,0,8,3,0,9,2,14,0,0,0,14
03/26/2021,IFP,AZ,AWP,WE,Federal Contract Tower,1,0,2,1,4,0,4,12,2,18,1,4,14,3,22,0,6,6,28
03/27/2021,IFP,AZ,AWP,WE,Federal Contract Tower,2,0,0,1,3,0,11,17,3,31,2,11,17,4,34,4,0,4,38
03/28/2021,IFP,AZ,AWP,WE,Federal Contract Tower,3,0,6,0,9,0,5,20,0,25,3,5,26,0,34,6,0,6,40
03/29/2021,IFP,AZ,AWP,WE,Federal Contract Tower,2,0,0,0,2,0,5,8,0,13,2,5,8,0,15,0,0,0,15
03/30/2021,IFP,AZ,AWP,WE,Federal Contract Tower,2,0,2,0,4,0,0,7,0,7,2,0,9,0,11,0,0,0,11
03/31/2021,IFP,AZ,AWP,WE,Federal Contract Tower,3,1,2,0,6,0,7,2,0,9,3,8,4,0,15,4,0,4,19
04/01/2021,IFP,AZ,AWP,WE,Federal Contract Tower,2,0,1,0,3,0,2,15,0,17,2,2,16,0,20,0,0,0,20
04/02/2021,IFP,AZ,AWP,WE,Federal Contract Tower,2,0,5,0,7,0,5,16,0,21,2,5,21,0,28,4,0,4,32
04/03/2021,IFP,AZ,AWP,WE,Federal Contract Tower,1,0,1,2,4,0,0,14,0,14,1,0,15,2,18,8,0,8,26
04/04/2021,IFP,AZ,AWP,WE,Federal Contract Tower,1,0,3,0,4,0,6,18,0,24,1,6,21,0,28,12,0,12,40
04/05/2021,IFP,AZ,AWP,WE,Federal Contract Tower,1,0,1,0,2,0,0,10,0,10,1,0,11,0,12,0,0,0,12
04/06/2021,IFP,AZ,AWP,WE,Federal Contract Tower,2,0,0,0,2,0,4,12,0,16,2,4,12,0,18,4,0,4,22
04/07/2021,IFP,AZ,AWP,WE,Federal Contract Tower,2,0,1,2,5,0,9,10,0,19,2,9,11,2,24,4,0,4,28
04/08/2021,IFP,AZ,AWP,WE,Federal Contract Tower,2,0,1,1,4,0,0,21,1,22,2,0,22,2,26,0,6,6,32
04/09/2021,IFP,AZ,AWP,WE,Federal Contract Tower,3,0,0,0,3,0,13,14,1,28,3,13,14,1,31,18,0,18,49
04/10/2021,IFP,AZ,AWP,WE,Federal Contract Tower,2,0,4,0,6,0,2,17,3,22,2,2,21,3,28,12,0,12,40
04/11/2021,IFP,AZ,AWP,WE,Federal Contract Tower,1,0,1,0,2,0,4,22,2,28,1,4,23,2,30,4,0,4,34
04/12/2021,IFP,AZ,AWP,WE,Federal Contract Tower,6,2,1,0,9,0,3,24,0,27,6,5,25,0,36,26,0,26,62
04/13/2021,IFP,AZ,AWP,WE,Federal Contract Tower,2,0,0,0,2,0,4,3,0,7,2,4,3,0,9,0,0,0,9
04/14/2021,IFP,AZ,AWP,WE,Federal Contract Tower,1,0,3,0,4,0,8,7,2,17,1,8,10,2,21,2,0,2,23
04/15/2021,IFP,AZ,AWP,WE,Federal Contract Tower,1,0,7,0,8,0,15,11,2,28,1,15,18,2,36,2,0,2,38
04/16/2021,IFP,AZ,AWP,WE,Federal Contract Tower,3,0,0,0,3,0,4,12,0,16,3,4,12,0,19,0,0,0,19
04/17/2021,IFP,AZ,AWP,WE,Federal Contract Tower,1,0,0,0,1,0,5,15,0,20,1,5,15,0,21,0,0,0,21
04/18/2021,IFP,AZ,AWP,WE,Federal Contract Tower,1,0,3,0,4,0,1,11,0,12,1,1,14,0,16,0,0,0,16
04/19/2021,IFP,AZ,AWP,WE,Federal Contract Tower,3,0,1,0,4,0,7,10,0,17,3,7,11,0,21,4,0,4,25
04/20/2021,IFP,AZ,AWP,WE,Federal Contract Tower,2,0,2,0,4,0,9,21,1,31,2,9,23,1,35,0,0,0,35
04/21/2021,IFP,AZ,AWP,WE,Federal Contract Tower,2,0,0,2,4,0,4,10,2,16,2,4,10,4,20,6,2,8,28
04/22/2021,IFP,AZ,AWP,WE,Federal Contract Tower,1,0,1,0,2,0,9,22,0,31,1,9,23,0,33,12,0,12,45
04/23/2021,IFP,AZ,AWP,WE,Federal Contract Tower,2,2,2,1,7,0,1,9,1,11,2,3,11,2,18,6,12,18,36
04/24/2021,IFP,AZ,AWP,WE,Federal Contract Tower,1,2,2,0,5,0,3,1,0,4,1,5,3,0,9,0,0,0,9
04/25/2021,IFP,AZ,AWP,WE,Federal Contract Tower,1,0,2,0,3,0,5,11,0,16,1,5,13,0,19,2,0,2,21
04/26/2021,IFP,AZ,AWP,WE,Federal Contract Tower,2,0,0,0,2,0,15,3,3,21,2,15,3,3,23,0,12,12,35
04/27/2021,IFP,AZ,AWP,WE,Federal Contract Tower,2,0,0,0,2,0,7,11,0,18,2,7,11,0,20,0,0,0,20
04/28/2021,IFP,AZ,AWP,WE,Federal Contract Tower,5,0,2,0,7,0,12,15,0,27,5,12,17,0,34,0,0,0,34
04/29/2021,IFP,AZ,AWP,WE,Federal Contract Tower,1,0,0,0,1,0,7,18,0,25,1,7,18,0,26,4,0,4,30
04/30/2021,IFP,AZ,AWP,WE,Federal Contract Tower,3,0,1,0,4,0,12,17,2,31,3,12,18,2,35,0,0,0,35
05/01/2021,IFP,AZ,AWP,WE,Federal Contract Tower,1,0,2,0,3,0,2,17,0,19,1,2,19,0,22,2,0,2,24
05/02/2021,IFP,AZ,AWP,WE,Federal Contract Tower,2,0,1,0,3,0,2,24,0,26,2,2,25,0,29,16,0,16,45
05/03/2021,IFP,AZ,AWP,WE,Federal Contract Tower,1,1,1,0,3,0,16,21,0,37,1,17,22,0,40,0,0,0,40
05/04/2021,IFP,AZ,AWP,WE,Federal Contract Tower,3,0,0,1,4,0,0,18,1,19,3,0,18,2,23,0,0,0,23
05/05/2021,IFP,AZ,AWP,WE,Federal Contract Tower,2,0,2,0,4,0,0,19,0,19,2,0,21,0,23,8,0,8,31
05/06/2021,IFP,AZ,AWP,WE,Federal Contract Tower,3,0,1,0,4,0,5,16,4,25,3,5,17,4,29,0,10,10,39
05/07/2021,IFP,AZ,AWP,WE,Federal Contract Tower,1,0,0,0,1,0,6,15,2,23,1,6,15,2,24,0,0,0,24
05/08/2021,IFP,AZ,AWP,WE,Federal Contract Tower,3,1,0,0,4,0,3,15,0,18,3,4,15,0,22,4,0,4,26
05/09/2021,IFP,AZ,AWP,WE,Federal Contract Tower,1,0,0,0,1,0,5,12,0,17,1,5,12,0,18,2,0,2,20
05/10/2021,IFP,AZ,AWP,WE,Federal Contract Tower,2,0,2,0,4,0,0,16,0,16,2,0,18,0,20,0,0,0,20
05/11/2021,IFP,AZ,AWP,WE,Federal Contract Tower,2,0,1,0,3,0,1,7,4,12,2,1,8,4,15,0,14,14,29
05/12/2021,IFP,AZ,AWP,WE,Federal Contract Tower,0,0,0,0,0,0,2,15,0,17,0,2,15,0,17,4,0,4,21
05/13/2021,IFP,AZ,AWP,WE,Federal Contract Tower,2,0,0,0,2,0,5,18,0,23,2,5,18,0,25,0,0,0,25
05/14/2021,IFP,AZ,AWP,WE,Federal Contract Tower,3,0,2,2,7,0,5,21,0,26,3,5,23,2,33,0,0,0,33
05/15/2021,IFP,AZ,AWP,WE,Federal Contract Tower,3,0,1,0,4,0,3,18,0,21,3,3,19,0,25,0,0,0,25
05/16/2021,IFP,AZ,AWP,WE,Federal Contract Tower,1,1,3,0,5,0,0,14,0,14,1,1,17,0,19,0,0,0,19
05/17/2021,IFP,AZ,AWP,WE,Federal Contract Tower,2,0,0,0,2,0,15,17,0,32,2,15,17,0,34,0,0,0,34
05/18/2021,IFP,AZ,AWP,WE,Federal Contract Tower,3,2,2,0,7,0,7,22,1,30,3,9,24,1,37,0,0,0,37
05/19/2021,IFP,AZ,AWP,WE,Federal Contract Tower,1,0,0,0,1,0,3,24,0,27,1,3,24,0,28,10,0,10,38
05/20/2021,IFP,AZ,AWP,WE,Federal Contract Tower,1,0,2,2,5,0,10,14,2,26,1,10,16,4,31,0,0,0,31
05/21/2021,IFP,AZ,AWP,WE,Federal Contract Tower,1,1,4,1,7,0,2,13,2,17,1,3,17,3,24,10,0,10,34
05/22/2021,IFP,AZ,AWP,WE,Federal Contract Tower,2,1,3,0,6,0,9,15,0,24,2,10,18,0,30,0,0,0,30
05/23/2021,IFP,AZ,AWP,WE,Federal Contract Tower,0,0,5,0,5,0,4,14,0,18,0,4,19,0,23,0,0,0,23
05/24/2021,IFP,AZ,AWP,WE,Federal Contract Tower,1,0,2,0,3,0,2,9,2,13,1,2,11,2,16,6,0,6,22
05/25/2021,IFP,AZ,AWP,WE,Federal Contract Tower,1,0,3,0,4,0,4,21,2,27,1,4,24,2,31,4,0,4,35
05/26/2021,IFP,AZ,AWP,WE,Federal Contract Tower,3,2,1,0,6,0,3,14,9,26,3,5,15,9,32,0,2,2,34
05/27/2021,IFP,AZ,AWP,WE,Federal Contract Tower,1,0,1,0,2,0,5,14,0,19,1,5,15,0,21,14,0,14,35
05/28/2021,IFP,AZ,AWP,WE,Federal Contract Tower,2,1,0,0,3,0,1,15,0,16,2,2,15,0,19,0,0,0,19
05/29/2021,IFP,AZ,AWP,WE,Federal Contract Tower,1,0,0,0,1,0,7,7,0,14,1,7,7,0,15,2,0,2,17
05/30/2021,IFP,AZ,AWP,WE,Federal Contract Tower,2,0,0,0,2,0,3,15,0,18,2,3,15,0,20,0,0,0,20
05/31/2021,IFP,AZ,AWP,WE,Federal Contract Tower,2,0,5,0,7,0,15,20,0,35,2,15,25,0,42,0,0,0,42
06/01/2021,IFP,AZ,AWP,WE,Federal Contract Tower,1,0,2,1,4,0,10,14,1,25,1,10,16,2,29,0,0,0,29
06/02/2021,IFP,AZ,AWP,WE,Federal Contract Tower,3,0,0,1,4,0,10,6,3,19,3,10,6,4,23,0,0,0,23
06/03/2021,IFP,AZ,AWP,WE,Federal Contract Tower,3,0,0,0,3,0,0,10,0,10,3,0,10,0,13,0,0,0,13
06/04/2021,IFP,AZ,AWP,WE,Federal Contract Tower,2,0,2,2,6,0,5,15,0,20,2,5,17,2,26,2,0,2,28
06/05/2021,IFP,AZ,AWP,WE,Federal Contract Tower,0,0,0,0,0,0,10,17,0,27,0,10,17,0,27,8,0,8,35
06/06/2021,IFP,AZ,AWP,WE,Federal Contract Tower,3,2,0,0,5,0,3,10,0,13,3,5,10,0,18,0,0,0,18
06/07/2021,IFP,AZ,AWP,WE,Federal Contract Tower,2,0,2,0,4,0,17,9,0,26,2,17,11,0,30,0,0,0,30
06/08/2021,IFP,AZ,AWP,WE,Federal Contract Tower,2,1,0,2,5,0,1,5,2,8,2,2,5,4,13,0,6,6,19
06/09/2021,IFP,AZ,AWP,WE,Federal Contract Tower,1,0,0,0,1,0,9,6,0,15,1,9,6,0,16,2,0,2,18
06/10/2021,IFP,AZ,AWP,WE,Federal Contract Tower,4,0,1,0,5,0,15,19,2,36,4,15,20,2,41,18,0,18,59
06/11/2021,IFP,AZ,AWP,WE,Federal Contract Tower,1,0,0,5,6,0,2,22,0,24,1,2,22,5,30,0,0,0,30
06/12/2021,IFP,AZ,AWP,WE,Federal Contract Tower,2,0,2,0,4,0,3,16,3,22,2,3,18,3,26,0,0,0,26
06/13/2021,IFP,AZ,AWP,WE,Federal Contract Tower,2,0,1,0,3,0,5,23,0,28,2,5,24,0,31,12,0,12,43
06/14/2021,IFP,AZ,AWP,WE,Federal Contract Tower,1,0,0,1,2,0,2,17,2,21,1,2,17,3,23,4,8,12,35
06/15/2021,IFP,AZ,AWP,WE,Federal Contract Tower,1,1,2,0,4,0,0,14,2,16,1,1,16,2,20,0,0,0,20
06/16/2021,IFP,AZ,AWP,WE,Federal Contract Tower,2,0,0,0,2,0,4,3,0,7,2,4,3,0,9,0,0,0,9
06/17/2021,IFP,AZ,AWP,WE,Federal Contract Tower,1,0,2,0,3,0,2,8,1,11,1,2,10,1,14,6,0,6,20
06/18/2021,IFP,AZ,AWP,WE,Federal Contract Tower,2,0,0,0,2,0,0,13,3,16,2,0,13,3,18,0,0,0,18
06/19/2021,IFP,AZ,AWP,WE,Federal Contract Tower,3,0,4,0,7,0,6,9,0,15,3,6,13,0,22,12,0,12,34
06/20/2021,IFP,AZ,AWP,WE,Federal Contract Tower,0,0,0,0,0,0,4,6,0,10,0,4,6,0,10,0,0,0,10
06/21/2021,IFP,AZ,AWP,WE,Federal Contract Tower,3,0,0,0,3,0,2,6,0,8,3,2,6,0,11,14,0,14,25
06/22/2021,IFP,AZ,AWP,WE,Federal Contract Tower,2,0,0,0,2,0,5,10,0,15,2,5,10,0,17,0,0,0,17
06/23/2021,IFP,AZ,AWP,WE,Federal Contract Tower,1,0,0,0,1,0,5,9,0,14,1,5,9,0,15,10,0,10,25
06/24/2021,IFP,AZ,AWP,WE,Federal Contract Tower,2,0,1,0,3,0,6,1,2,9,2,6,2,2,12,0,0,0,12
06/25/2021,IFP,AZ,AWP,WE,Federal Contract Tower,3,0,1,0,4,0,4,28,0,32,3,4,29,0,36,32,0,32,68
06/26/2021,IFP,AZ,AWP,WE,Federal Contract Tower,2,0,0,0,2,0,5,8,0,13,2,5,8,0,15,0,0,0,15
06/27/2021,IFP,AZ,AWP,WE,Federal Contract Tower,1,0,2,0,3,0,12,11,0,23,1,12,13,0,26,0,0,0,26
06/28/2021,IFP,AZ,AWP,WE,Federal Contract Tower,3,0,3,0,6,0,6,8,0,14,3,6,11,0,20,0,0,0,20
06/29/2021,IFP,AZ,AWP,WE,Federal Contract Tower,2,0,0,0,2,0,6,11,0,17,2,6,11,0,19,2,0,2,21
06/30/2021,IFP,AZ,AWP,WE,Federal Contract Tower,3,0,5,0,8,0,2,2,0,4,3,2,7,0,12,0,0,0,12
07/01/2021,IFP,AZ,AWP,WE,Federal Contract Tower,2,0,1,0,3,0,18,9,0,27,2,18,10,0,30,0,0,0,30
07/02/2021,IFP,AZ,AWP,WE,Federal Contract Tower,2,0,0,0,2,0,9,18,0,27,2,9,18,0,29,6,0,6,35
07/03/2021,IFP,AZ,AWP,WE,Federal Contract Tower,3,0,0,0,3,0,10,12,0,22,3,10,12,0,25,8,0,8,33
07/04/2021,IFP,AZ,AWP,WE,Federal Contract Tower,2,0,0,0,2,0,5,1,0,6,2,5,1,0,8,0,0,0,8
07/05/2021,IFP,AZ,AWP,WE,Federal Contract Tower,1,0,0,0,1,0,3,14,0,17,1,3,14,0,18,2,0,2,20
07/06/2021,IFP,AZ,AWP,WE,Federal Contract Tower,2,0,0,0,2,0,10,4,0,14,2,10,4,0,16,0,0,0,16
07/07/2021,IFP,AZ,AWP,WE,Federal Contract Tower,2,0,0,0,2,0,7,4,2,13,2,7,4,2,15,0,2,2,17
07/08/2021,IFP,AZ,AWP,WE,Federal Contract Tower,2,2,1,0,5,0,12,4,0,16,2,14,5,0,21,0,0,0,21
07/09/2021,IFP,AZ,AWP,WE,Federal Contract Tower,2,1,0,1,4,0,11,6,0,17,2,12,6,1,21,0,0,0,21
07/10/2021,IFP,AZ,AWP,WE,Federal Contract Tower,2,0,0,0,2,0,22,4,0,26,2,22,4,0,28,0,0,0,28
07/11/2021,IFP,AZ,AWP,WE,Federal Contract Tower,2,1,0,1,4,0,1,10,0,11,2,2,10,1,15,2,0,2,17
07/12/2021,IFP,AZ,AWP,WE,Federal Contract Tower,2,2,1,0,5,0,5,3,0,8,2,7,4,0,13,0,0,0,13
07/13/2021,IFP,AZ,AWP,WE,Federal Contract Tower,2,0,0,0,2,0,11,10,0,21,2,11,10,0,23,0,0,0,23
07/14/2021,IFP,AZ,AWP,WE,Federal Contract Tower,2,2,1,0,5,0,3,5,0,8,2,5,6,0,13,0,0,0,13
07/15/2021,IFP,AZ,AWP,WE,Federal Contract Tower,2,0,0,0,2,0,15,8,0,23,2,15,8,0,25,0,0,0,25
07/16/2021,IFP,AZ,AWP,WE,Federal Contract Tower,2,0,1,0,3,0,8,20,0,28,2,8,21,0,31,6,0,6,37
07/17/2021,IFP,AZ,AWP,WE,Federal Contract Tower,0,0,0,0,0,0,8,2,0,10,0,8,2,0,10,0,0,0,10
07/18/2021,IFP,AZ,AWP,WE,Federal Contract Tower,2,1,1,0,4,0,2,8,0,10,2,3,9,0,14,0,0,0,14
07/19/2021,IFP,AZ,AWP,WE,Federal Contract Tower,3,0,3,0,6,0,1,4,0,5,3,1,7,0,11,0,0,0,11
07/20/2021,IFP,AZ,AWP,WE,Federal Contract Tower,2,2,2,2,8,0,11,11,0,22,2,13,13,2,30,0,0,0,30
07/21/2021,IFP,AZ,AWP,WE,Federal Contract Tower,2,2,2,0,6,0,5,9,0,14,2,7,11,0,20,0,0,0,20
07/22/2021,IFP,AZ,AWP,WE,Federal Contract Tower,4,0,0,0,4,0,4,7,0,11,4,4,7,0,15,2,0,2,17
07/23/2021,IFP,AZ,AWP,WE,Federal Contract Tower,1,0,1,0,2,0,6,14,0,20,1,6,15,0,22,0,0,0,22
07/24/2021,IFP,AZ,AWP,WE,Federal Contract Tower,2,0,1,0,3,0,5,4,0,9,2,5,5,0,12,0,0,0,12
07/25/2021,IFP,AZ,AWP,WE,Federal Contract Tower,1,2,0,0,3,0,4,13,0,17,1,6,13,0,20,0,0,0,20
07/26/2021,IFP,AZ,AWP,WE,Federal Contract Tower,2,0,0,0,2,0,3,3,0,6,2,3,3,0,8,0,0,0,8
07/27/2021,IFP,AZ,AWP,WE,Federal Contract Tower,1,0,2,0,3,0,7,12,0,19,1,7,14,0,22,4,0,4,26
07/28/2021,IFP,AZ,AWP,WE,Federal Contract Tower,3,0,0,0,3,0,3,15,0,18,3,3,15,0,21,0,0,0,21
07/29/2021,IFP,AZ,AWP,WE,Federal Contract Tower,1,0,0,0,1,0,6,15,0,21,1,6,15,0,22,0,0,0,22
07/30/2021,IFP,AZ,AWP,WE,Federal Contract Tower,4,0,4,0,8,0,3,14,0,17,4,3,18,0,25,0,0,0,25
07/31/2021,IFP,AZ,AWP,WE,Federal Contract Tower,2,0,0,0,2,0,20,1,0,21,2,20,1,0,23,0,0,0,23
08/01/2021,IFP,AZ,AWP,WE,Federal Contract Tower,3,2,0,0,5,0,6,10,0,16,3,8,10,0,21,0,0,0,21
08/02/2021,IFP,AZ,AWP,WE,Federal Contract Tower,1,0,1,0,2,0,2,16,0,18,1,2,17,0,20,0,0,0,20
08/03/2021,IFP,AZ,AWP,WE,Federal Contract Tower,3,0,0,0,3,0,6,9,0,15,3,6,9,0,18,2,0,2,20
08/04/2021,IFP,AZ,AWP,WE,Federal Contract Tower,1,0,3,4,8,0,2,17,0,19,1,2,20,4,27,0,0,0,27
08/05/2021,IFP,AZ,AWP,WE,Federal Contract Tower,3,0,0,0,3,0,7,8,0,15,3,7,8,0,18,0,0,0,18
08/06/2021,IFP,AZ,AWP,WE,Federal Contract Tower,2,0,2,0,4,0,6,18,2,26,2,6,20,2,30,10,4,14,44
08/07/2021,IFP,AZ,AWP,WE,Federal Contract Tower,1,0,1,0,2,0,1,11,6,18,1,1,12,6,20,0,0,0,20
08/08/2021,IFP,AZ,AWP,WE,Federal Contract Tower,1,0,0,0,1,0,7,12,0,19,1,7,12,0,20,0,0,0,20
08/09/2021,IFP,AZ,AWP,WE,Federal Contract Tower,2,0,2,0,4,0,4,7,0,11,2,4,9,0,15,0,0,0,15
08/10/2021,IFP,AZ,AWP,WE,Federal Contract Tower,0,0,2,0,2,0,15,5,0,20,0,15,7,0,22,0,0,0,22
08/11/2021,IFP,AZ,AWP,WE,Federal Contract Tower,2,0,3,0,5,0,6,9,0,15,2,6,12,0,20,0,0,0,20
08/12/2021,IFP,AZ,AWP,WE,Federal Contract Tower,3,0,0,0,3,0,6,9,0,15,3,6,9,0,18,2,0,2,20
08/13/2021,IFP,AZ,AWP,WE,Federal Contract Tower,1,1,2,0,4,0,15,16,0,31,1,16,18,0,35,0,0,0,35
08/14/2021,IFP,AZ,AWP,WE,Federal Contract Tower,2,0,1,0,3,0,14,6,0,20,2,14,7,0,23,0,0,0,23
08/15/2021,IFP,AZ,AWP,WE,Federal Contract Tower,1,0,0,0,1,0,1,10,0,11,1,1,10,0,12,0,0,0,12
08/16/2021,IFP,AZ,AWP,WE,Federal Contract Tower,0,0,1,1,2,0,6,5,1,12,0,6,6,2,14,0,6,6,20
08/17/2021,IFP,AZ,AWP,WE,Federal Contract Tower,2,0,3,0,5,0,6,2,0,8,2,6,5,0,13,0,0,0,13
08/18/2021,IFP,AZ,AWP,WE,Federal Contract Tower,2,0,0,0,2,0,10,19,0,29,2,10,19,0,31,0,0,0,31
08/19/2021,IFP,AZ,AWP,WE,Federal Contract Tower,1,0,1,0,2,0,10,14,2,26,1,10,15,2,28,0,0,0,28
08/20/2021,IFP,AZ,AWP,WE,Federal Contract Tower,0,0,0,0,0,0,5,22,0,27,0,5,22,0,27,0,0,0,27
08/21/2021,IFP,AZ,AWP,WE,Federal Contract Tower,3,0,2,0,5,0,12,3,0,15,3,12,5,0,20,0,0,0,20
08/22/2021,IFP,AZ,AWP,WE,Federal Contract Tower,1,0,0,0,1,0,2,10,0,12,1,2,10,0,13,6,0,6,19
08/23/2021,IFP,AZ,AWP,WE,Federal Contract Tower,4,0,2,0,6,0,12,25,0,37,4,12,27,0,43,0,0,0,43
08/24/2021,IFP,AZ,AWP,WE,Federal Contract Tower,2,0,2,0,4,0,6,5,0,11,2,6,7,0,15,2,0,2,17
08/25/2021,IFP,AZ,AWP,WE,Federal Contract Tower,4,2,0,0,6,0,3,11,2,16,4,5,11,2,22,2,0,2,24
08/26/2021,IFP,AZ,AWP,WE,Federal Contract Tower,2,0,4,0,6,0,7,18,0,25,2,7,22,0,31,2,0,2,33
08/27/2021,IFP,AZ,AWP,WE,Federal Contract Tower,4,1,0,1,6,0,5,8,2,15,4,6,8,3,21,6,0,6,27
08/28/2021,IFP,AZ,AWP,WE,Federal Contract Tower,1,0,1,0,2,0,0,7,1,8,1,0,8,1,10,12,2,14,24
08/29/2021,IFP,AZ,AWP,WE,Federal Contract Tower,3,0,1,1,5,0,10,9,0,19,3,10,10,1,24,10,0,10,34
08/30/2021,IFP,AZ,AWP,WE,Federal Contract Tower,2,0,5,2,9,0,4,8,0,12,2,4,13,2,21,0,6,6,27
08/31/2021,IFP,AZ,AWP,WE,Federal Contract Tower,3,0,1,0,4,0,1,7,0,8,3,1,8,0,12,6,0,6,18
09/01/2021,IFP,AZ,AWP,WE,Federal Contract Tower,0,0,0,0,0,0,6,7,0,13,0,6,7,0,13,0,0,0,13
09/02/2021,IFP,AZ,AWP,WE,Federal Contract Tower,3,5,1,0,9,0,12,15,0,27,3,17,16,0,36,6,0,6,42
09/03/2021,IFP,AZ,AWP,WE,Federal Contract Tower,1,0,0,0,1,0,17,18,2,37,1,17,18,2,38,0,0,0,38
09/04/2021,IFP,AZ,AWP,WE,Federal Contract Tower,4,0,1,0,5,0,17,24,0,41,4,17,25,0,46,8,0,8,54
09/05/2021,IFP,AZ,AWP,WE,Federal Contract Tower,3,0,3,0,6,0,5,13,0,18,3,5,16,0,24,6,0,6,30
09/06/2021,IFP,AZ,AWP,WE,Federal Contract Tower,0,0,1,0,1,0,10,17,0,27,0,10,18,0,28,10,0,10,38
09/07/2021,IFP,AZ,AWP,WE,Federal Contract Tower,0,0,1,0,1,0,4,11,0,15,0,4,12,0,16,0,0,0,16
09/08/2021,IFP,AZ,AWP,WE,Federal Contract Tower,2,0,0,0,2,0,1,7,2,10,2,1,7,2,12,28,0,28,40
09/09/2021,IFP,AZ,AWP,WE,Federal Contract Tower,3,0,2,0,5,0,6,6,0,12,3,6,8,0,17,0,0,0,17
09/10/2021,IFP,AZ,AWP,WE,Federal Contract Tower,2,2,1,1,6,0,6,27,1,34,2,8,28,2,40,0,24,24,64
09/11/2021,IFP,AZ,AWP,WE,Federal Contract Tower,1,2,0,0,3,0,11,42,0,53,1,13,42,0,56,0,0,0,56
09/12/2021,IFP,AZ,AWP,WE,Federal Contract Tower,1,1,0,0,2,0,4,15,0,19,1,5,15,0,21,8,0,8,29
09/13/2021,IFP,AZ,AWP,WE,Federal Contract Tower,1,0,0,0,1,0,5,6,2,13,1,5,6,2,14,0,16,16,30
09/14/2021,IFP,AZ,AWP,WE,Federal Contract Tower,3,0,1,0,4,0,8,19,0,27,3,8,20,0,31,2,0,2,33
09/15/2021,IFP,AZ,AWP,WE,Federal Contract Tower,2,0,0,0,2,0,1,7,0,8,2,1,7,0,10,0,0,0,10
09/16/2021,IFP,AZ,AWP,WE,Federal Contract Tower,3,2,1,0,6,0,4,12,2,18,3,6,13,2,24,0,0,0,24
09/17/2021,IFP,AZ,AWP,WE,Federal Contract Tower,4,1,0,0,5,0,12,19,0,31,4,13,19,0,36,10,0,10,46
09/18/2021,IFP,AZ,AWP,WE,Federal Contract Tower,0,0,3,0,3,0,2,28,0,30,0,2,31,0,33,0,0,0,33
09/19/2021,IFP,AZ,AWP,WE,Federal Contract Tower,0,0,0,0,0,0,3,14,0,17,0,3,14,0,17,0,0,0,17
09/20/2021,IFP,AZ,AWP,WE,Federal Contract Tower,2,0,2,0,4,0,4,16,0,20,2,4,18,0,24,0,0,0,24
09/21/2021,IFP,AZ,AWP,WE,Federal Contract Tower,2,0,0,0,2,0,6,10,0,16,2,6,10,0,18,0,0,0,18
09/22/2021,IFP,AZ,AWP,WE,Federal Contract Tower,2,0,0,0,2,0,11,20,2,33,2,11,20,2,35,8,0,8,43
09/23/2021,IFP,AZ,AWP,WE,Federal Contract Tower,2,2,0,0,4,0,5,18,0,23,2,7,18,0,27,0,0,0,27
09/24/2021,IFP,AZ,AWP,WE,Federal Contract Tower,4,0,4,0,8,0,9,20,0,29,4,9,24,0,37,0,0,0,37
09/25/2021,IFP,AZ,AWP,WE,Federal Contract Tower,3,0,1,0,4,0,5,34,0,39,3,5,35,0,43,0,0,0,43
09/26/2021,IFP,AZ,AWP,WE,Federal Contract Tower,3,3,9,0,15,0,11,43,4,58,3,14,52,4,73,2,12,14,87
09/27/2021,IFP,AZ,AWP,WE,Federal Contract Tower,2,0,2,0,4,0,3,17,0,20,2,3,19,0,24,6,0,6,30
09/28/2021,IFP,AZ,AWP,WE,Federal Contract Tower,3,0,1,1,5,0,6,12,1,19,3,6,13,2,24,0,0,0,24
09/29/2021,IFP,AZ,AWP,WE,Federal Contract Tower,1,0,0,0,1,0,7,13,0,20,1,7,13,0,21,0,0,0,21
09/30/2021,IFP,AZ,AWP,WE,Federal Contract Tower,1,0,0,0,1,0,5,12,0,17,1,5,12,0,18,8,0,8,26
10/01/2021,IFP,AZ,AWP,WE,Federal Contract Tower,2,0,1,0,3,0,10,15,0,25,2,10,16,0,28,0,0,0,28
10/02/2021,IFP,AZ,AWP,WE,Federal Contract Tower,3,1,1,0,5,0,1,16,0,17,3,2,17,0,22,10,0,10,32
10/03/2021,IFP,AZ,AWP,WE,Federal Contract Tower,2,0,2,0,4,0,0,16,0,16,2,0,18,0,20,0,0,0,20
10/04/2021,IFP,AZ,AWP,WE,Federal Contract Tower,2,1,0,2,5,0,4,15,8,27,2,5,15,10,32,0,20,20,52
10/05/2021,IFP,AZ,AWP,WE,Federal Contract Tower,1,0,2,0,3,0,7,8,0,15,1,7,10,0,18,0,0,0,18
10/06/2021,IFP,AZ,AWP,WE,Federal Contract Tower,2,0,4,0,6,0,11,35,0,46,2,11,39,0,52,7,0,7,59
10/07/2021,IFP,AZ,AWP,WE,Federal Contract Tower,2,0,7,1,10,0,0,19,1,20,2,0,26,2,30,4,0,4,34
10/08/2021,IFP,AZ,AWP,WE,Federal Contract Tower,2,0,3,0,5,0,1,10,0,11,2,1,13,0,16,0,0,0,16
10/09/2021,IFP,AZ,AWP,WE,Federal Contract Tower,0,0,2,2,4,0,7,29,0,36,0,7,31,2,40,0,0,0,40
10/10/2021,IFP,AZ,AWP,WE,Federal Contract Tower,3,0,2,1,6,0,5,27,2,34,3,5,29,3,40,6,2,8,48
10/11/2021,IFP,AZ,AWP,WE,Federal Contract Tower,4,1,0,0,5,0,7,8,1,16,4,8,8,1,21,2,0,2,23
10/12/2021,IFP,AZ,AWP,WE,Federal Contract Tower,3,0,1,1,5,0,6,19,3,28,3,6,20,4,33,0,2,2,35
10/13/2021,IFP,AZ,AWP,WE,Federal Contract Tower,1,0,2,2,5,0,3,17,0,20,1,3,19,2,25,12,0,12,37
10/14/2021,IFP,AZ,AWP,WE,Federal Contract Tower,2,0,1,0,3,0,13,14,0,27,2,13,15,0,30,16,0,16,46
10/15/2021,IFP,AZ,AWP,WE,Federal Contract Tower,5,2,6,0,13,0,2,18,0,20,5,4,24,0,33,0,0,0,33
10/16/2021,IFP,AZ,AWP,WE,Federal Contract Tower,2,0,7,0,9,0,10,21,1,32,2,10,28,1,41,0,0,0,41
10/17/2021,IFP,AZ,AWP,WE,Federal Contract Tower,3,1,9,0,13,0,12,30,2,44,3,13,39,2,57,8,0,8,65
10/18/2021,IFP,AZ,AWP,WE,Federal Contract Tower,2,1,0,0,3,0,5,10,1,16,2,6,10,1,19,0,0,0,19
10/19/2021,IFP,AZ,AWP,WE,Federal Contract Tower,2,0,0,0,2,0,6,10,0,16,2,6,10,0,18,0,0,0,18
10/20/2021,IFP,AZ,AWP,WE,Federal Contract Tower,2,0,1,0,3,0,1,26,0,27,2,1,27,0,30,30,0,30,60
10/21/2021,IFP,AZ,AWP,WE,Federal Contract Tower,4,0,4,2,10,0,15,19,4,38,4,15,23,6,48,14,0,14,62
10/22/2021,IFP,AZ,AWP,WE,Federal Contract Tower,3,0,1,0,4,0,15,30,0,45,3,15,31,0,49,14,0,14,63
10/23/2021,IFP,AZ,AWP,WE,Federal Contract Tower,2,0,1,0,3,0,4,28,0,32,2,4,29,0,35,10,0,10,45
10/24/2021,IFP,AZ,AWP,WE,Federal Contract Tower,6,0,0,0,6,0,7,21,0,28,6,7,21,0,34,2,0,2,36
10/25/2021,IFP,AZ,AWP,WE,Federal Contract Tower,5,0,2,0,7,0,11,7,2,20,5,11,9,2,27,0,0,0,27
10/26/2021,IFP,AZ,AWP,WE,Federal Contract Tower,3,0,3,0,6,0,11,17,0,28,3,11,20,0,34,0,0,0,34
10/27/2021,IFP,AZ,AWP,WE,Federal Contract Tower,0,0,3,0,3,0,1,25,0,26,0,1,28,0,29,0,0,0,29
10/28/2021,IFP,AZ,AWP,WE,Federal Contract Tower,5,3,0,0,8,0,3,13,0,16,5,6,13,0,24,0,0,0,24
10/29/2021,IFP,AZ,AWP,WE,Federal Contract Tower,4,0,2,0,6,0,6,16,2,24,4,6,18,2,30,0,0,0,30
10/30/2021,IFP,AZ,AWP,WE,Federal Contract Tower,0,0,2,0,2,0,5,20,0,25,0,5,22,0,27,0,0,0,27
10/31/2021,IFP,AZ,AWP,WE,Federal Contract Tower,3,0,0,0,3,0,11,39,0,50,3,11,39,0,53,12,0,12,65
11/01/2021,IFP,AZ,AWP,WE,Federal Contract Tower,5,0,3,0,8,0,18,10,0,28,5,18,13,0,36,6,0,6,42
11/02/2021,IFP,AZ,AWP,WE,Federal Contract Tower,2,0,1,0,3,0,11,39,0,50,2,11,40,0,53,0,0,0,53
11/03/2021,IFP,AZ,AWP,WE,Federal Contract Tower,0,0,2,0,2,0,8,13,0,21,0,8,15,0,23,0,0,0,23
11/04/2021,IFP,AZ,AWP,WE,Federal Contract Tower,5,0,1,1,7,0,11,19,1,31,5,11,20,2,38,10,18,28,66
11/05/2021,IFP,AZ,AWP,WE,Federal Contract Tower,7,0,2,0,9,0,1,36,2,39,7,1,38,2,48,4,0,4,52
11/06/2021,IFP,AZ,AWP,WE,Federal Contract Tower,3,2,4,0,9,0,10,27,0,37,3,12,31,0,46,0,0,0,46
11/07/2021,IFP,AZ,AWP,WE,Federal Contract Tower,1,1,0,0,2,0,1,21,0,22,1,2,21,0,24,0,0,0,24
11/08/2021,IFP,AZ,AWP,WE,Federal Contract Tower,6,0,3,0,9,0,8,18,0,26,6,8,21,0,35,0,0,0,35
11/09/2021,IFP,AZ,AWP,WE,Federal Contract Tower,2,0,1,0,3,0,5,11,2,18,2,5,12,2,21,2,0,2,23
11/10/2021,IFP,AZ,AWP,WE,Federal Contract Tower,1,0,1,0,2,0,2,10,0,12,1,2,11,0,14,0,0,0,14
11/11/2021,IFP,AZ,AWP,WE,Federal Contract Tower,2,0,1,1,4,0,8,12,0,20,2,8,13,1,24,0,0,0,24
11/12/2021,IFP,AZ,AWP,WE,Federal Contract Tower,5,3,1,0,9,0,7,10,0,17,5,10,11,0,26,0,0,0,26
11/13/2021,IFP,AZ,AWP,WE,Federal Contract Tower,2,0,0,1,3,0,6,17,0,23,2,6,17,1,26,0,0,0,26
11/14/2021,IFP,AZ,AWP,WE,Federal Contract Tower,5,0,2,0,7,0,8,18,0,26,5,8,20,0,33,2,0,2,35
11/15/2021,IFP,AZ,AWP,WE,Federal Contract Tower,4,0,0,1,5,0,11,26,0,37,4,11,26,1,42,0,0,0,42
11/16/2021,IFP,AZ,AWP,WE,Federal Contract Tower,1,0,0,0,1,0,2,13,0,15,1,2,13,0,16,0,0,0,16
11/17/2021,IFP,AZ,AWP,WE,Federal Contract Tower,2,0,2,0,4,0,7,15,0,22,2,7,17,0,26,0,0,0,26
11/18/2021,IFP,AZ,AWP,WE,Federal Contract Tower,2,0,3,0,5,0,4,8,1,13,2,4,11,1,18,0,0,0,18
11/19/2021,IFP,AZ,AWP,WE,Federal Contract Tower,4,0,3,0,7,0,7,23,2,32,4,7,26,2,39,14,0,14,53
11/20/2021,IFP,AZ,AWP,WE,Federal Contract Tower,3,0,1,0,4,0,12,74,2,88,3,12,75,2,92,2,2,4,96
11/21/2021,IFP,AZ,AWP,WE,Federal Contract Tower,4,0,1,1,6,0,2,8,0,10,4,2,9,1,16,0,0,0,16
11/22/2021,IFP,AZ,AWP,WE,Federal Contract Tower,4,0,0,3,7,0,5,15,1,21,4,5,15,4,28,0,4,4,32
11/23/2021,IFP,AZ,AWP,WE,Federal Contract Tower,2,0,0,0,2,0,8,8,2,18,2,8,8,2,20,0,6,6,26
11/24/2021,IFP,AZ,AWP,WE,Federal Contract Tower,0,0,2,0,2,0,0,9,0,9,0,0,11,0,11,0,0,0,11
11/25/2021,IFP,AZ,AWP,WE,Federal Contract Tower,5,1,1,0,7,0,5,0,0,5,5,6,1,0,12,6,0,6,18
11/26/2021,IFP,AZ,AWP,WE,Federal Contract Tower,2,0,0,0,2,0,11,9,0,20,2,11,9,0,22,0,0,0,22
11/27/2021,IFP,AZ,AWP,WE,Federal Contract Tower,2,1,2,0,5,0,11,15,0,26,2,12,17,0,31,2,0,2,33
11/28/2021,IFP,AZ,AWP,WE,Federal Contract Tower,5,0,2,0,7,0,7,15,0,22,5,7,17,0,29,0,0,0,29
11/29/2021,IFP,AZ,AWP,WE,Federal Contract Tower,4,2,3,1,10,0,9,15,3,27,4,11,18,4,37,0,0,0,37
11/30/2021,IFP,AZ,AWP,WE,Federal Contract Tower,2,0,1,0,3,0,5,0,2,7,2,5,1,2,10,0,4,4,14
12/01/2021,IFP,AZ,AWP,WE,Federal Contract Tower,1,0,2,0,3,0,7,12,0,19,1,7,14,0,22,0,0,0,22
12/02/2021,IFP,AZ,AWP,WE,Federal Contract Tower,5,0,6,0,11,0,7,19,2,28,5,7,25,2,39,18,0,18,57
12/03/2021,IFP,AZ,AWP,WE,Federal Contract Tower,4,0,1,1,6,0,2,26,1,29,4,2,27,2,35,8,20,28,63
12/04/2021,IFP,AZ,AWP,WE,Federal Contract Tower,0,0,1,1,2,0,9,15,2,26,0,9,16,3,28,0,0,0,28
12/05/2021,IFP,AZ,AWP,WE,Federal Contract Tower,4,0,2,0,6,0,2,32,0,34,4,2,34,0,40,8,0,8,48
12/06/2021,IFP,AZ,AWP,WE,Federal Contract Tower,6,0,1,0,7,0,6,5,0,11,6,6,6,0,18,0,0,0,18
12/07/2021,IFP,AZ,AWP,WE,Federal Contract Tower,2,0,3,1,6,0,5,12,0,17,2,5,15,1,23,2,0,2,25
12/08/2021,IFP,AZ,AWP,WE,Federal Contract Tower,1,0,4,0,5,0,9,12,0,21,1,9,16,0,26,8,0,8,34
12/09/2021,IFP,AZ,AWP,WE,Federal Contract Tower,4,0,0,0,4,0,0,2,0,2,4,0,2,0,6,0,0,0,6
12/10/2021,IFP,AZ,AWP,WE,Federal Contract Tower,5,1,4,1,11,0,24,19,0,43,5,25,23,1,54,0,0,0,54
12/11/2021,IFP,AZ,AWP,WE,Federal Contract Tower,2,0,1,0,3,0,14,46,0,60,2,14,47,0,63,0,0,0,63
12/12/2021,IFP,AZ,AWP,WE,Federal Contract Tower,3,0,9,0,12,0,2,38,0,40,3,2,47,0,52,2,0,2,54
12/13/2021,IFP,AZ,AWP,WE,Federal Contract Tower,3,0,1,0,4,0,15,18,0,33,3,15,19,0,37,14,0,14,51
12/14/2021,IFP,AZ,AWP,WE,Federal Contract Tower,1,2,3,1,7,0,0,2,0,2,1,2,5,1,9,0,0,0,9
12/15/2021,IFP,AZ,AWP,WE,Federal Contract Tower,0,0,4,2,6,0,15,19,2,36,0,15,23,4,42,0,6,6,48
12/16/2021,IFP,AZ,AWP,WE,Federal Contract Tower,2,0,1,1,4,0,0,6,1,7,2,0,7,2,11,20,0,20,31
12/17/2021,IFP,AZ,AWP,WE,Federal Contract Tower,2,2,1,0,5,0,4,6,0,10,2,6,7,0,15,0,0,0,15
12/18/2021,IFP,AZ,AWP,WE,Federal Contract Tower,0,1,2,0,3,0,6,14,0,20,0,7,16,0,23,0,0,0,23
12/19/2021,IFP,AZ,AWP,WE,Federal Contract Tower,3,0,1,0,4,0,6,19,0,25,3,6,20,0,29,16,0,16,45
12/20/2021,IFP,AZ,AWP,WE,Federal Contract Tower,1,0,3,0,4,0,3,19,0,22,1,3,22,0,26,2,0,2,28
12/21/2021,IFP,AZ,AWP,WE,Federal Contract Tower,1,0,1,2,4,0,8,10,3,21,1,8,11,5,25,4,0,4,29
12/22/2021,IFP,AZ,AWP,WE,Federal Contract Tower,0,0,2,0,2,0,9,17,2,28,0,9,19,2,30,14,0,14,44
12/23/2021,IFP,AZ,AWP,WE,Federal Contract Tower,0,0,0,0,0,0,12,5,0,17,0,12,5,0,17,4,0,4,21
12/24/2021,IFP,AZ,AWP,WE,Federal Contract Tower,0,0,1,0,1,0,1,0,0,1,0,1,1,0,2,0,0,0,2
12/25/2021,IFP,AZ,AWP,WE,Federal Contract Tower,0,0,0,0,0,0,2,2,0,4,0,2,2,0,4,0,0,0,4
12/26/2021,IFP,AZ,AWP,WE,Federal Contract Tower,1,0,1,0,2,0,10,5,0,15,1,10,6,0,17,0,0,0,17
12/27/2021,IFP,AZ,AWP,WE,Federal Contract Tower,0,0,2,0,2,0,1,11,0,12,0,1,13,0,14,0,0,0,14
12/28/2021,IFP,AZ,AWP,WE,Federal Contract Tower,1,0,1,1,3,0,5,6,1,12,1,5,7,2,15,8,0,8,23
12/29/2021,IFP,AZ,AWP,WE,Federal Contract Tower,1,0,2,0,3,0,12,8,4,24,1,12,10,4,27,4,8,12,39
12/30/2021,IFP,AZ,AWP,WE,Federal Contract Tower,3,0,0,0,3,0,4,1,0,5,3,4,1,0,8,0,0,0,8
12/31/2021,IFP,AZ,AWP,WE,Federal Contract Tower,2,0,1,0,3,0,4,9,0,13,2,4,10,0,16,0,0,0,16
01/01/2022,IFP,AZ,AWP,WE,Federal Contract Tower,1,0,0,0,1,0,9,4,0,13,1,9,4,0,14,0,0,0,14
01/02/2022,IFP,AZ,AWP,WE,Federal Contract Tower,4,0,4,0,8,0,2,22,0,24,4,2,26,0,32,0,0,0,32
01/03/2022,IFP,AZ,AWP,WE,Federal Contract Tower,3,0,3,0,6,0,4,20,0,24,3,4,23,0,30,12,0,12,42
01/04/2022,IFP,AZ,AWP,WE,Federal Contract Tower,1,0,2,0,3,0,6,3,0,9,1,6,5,0,12,6,0,6,18
01/05/2022,IFP,AZ,AWP,WE,Federal Contract Tower,1,1,1,7,10,0,0,16,5,21,1,1,17,12,31,4,0,4,35
01/06/2022,IFP,AZ,AWP,WE,Federal Contract Tower,3,0,0,0,3,0,1,16,1,18,3,1,16,1,21,0,0,0,21
01/07/2022,IFP,AZ,AWP,WE,Federal Contract Tower,3,0,3,0,6,1,7,10,0,18,4,7,13,0,24,0,0,0,24
01/08/2022,IFP,AZ,AWP,WE,Federal Contract Tower,0,0,4,0,4,0,4,8,2,14,0,4,12,2,18,0,0,0,18
01/09/2022,IFP,AZ,AWP,WE,Federal Contract Tower,4,0,0,0,4,0,6,10,0,16,4,6,10,0,20,0,0,0,20
01/10/2022,IFP,AZ,AWP,WE,Federal Contract Tower,1,0,4,0,5,0,5,6,0,11,1,5,10,0,16,0,0,0,16
01/11/2022,IFP,AZ,AWP,WE,Federal Contract Tower,0,0,0,0,0,0,1,20,0,21,0,1,20,0,21,6,0,6,27
01/12/2022,IFP,AZ,AWP,WE,Federal Contract Tower,1,0,1,0,2,0,4,15,0,19,1,4,16,0,21,0,0,0,21
01/13/2022,IFP,AZ,AWP,WE,Federal Contract Tower,4,0,3,2,9,0,13,18,0,31,4,13,21,2,40,16,0,16,56
01/14/2022,IFP,AZ,AWP,WE,Federal Contract Tower,4,1,2,2,9,0,0,13,18,31,4,1,15,20,40,16,0,16,56
01/15/2022,IFP,AZ,AWP,WE,Federal Contract Tower,3,2,0,0,5,0,5,16,0,21,3,7,16,0,26,6,0,6,32
01/16/2022,IFP,AZ,AWP,WE,Federal Contract Tower,4,0,0,0,4,0,2,17,0,19,4,2,17,0,23,0,0,0,23
01/17/2022,IFP,AZ,AWP,WE,Federal Contract Tower,3,0,1,0,4,0,0,19,4,23,3,0,20,4,27,10,6,16,43
01/18/2022,IFP,AZ,AWP,WE,Federal Contract Tower,3,3,0,0,6,0,8,9,0,17,3,11,9,0,23,0,0,0,23
01/19/2022,IFP,AZ,AWP,WE,Federal Contract Tower,3,0,1,0,4,0,0,17,0,17,3,0,18,0,21,0,0,0,21
01/20/2022,IFP,AZ,AWP,WE,Federal Contract Tower,3,0,1,2,6,0,8,12,0,20,3,8,13,2,26,6,16,22,48
01/21/2022,IFP,AZ,AWP,WE,Federal Contract Tower,5,1,2,0,8,0,1,13,5,19,5,2,15,5,27,0,14,14,41
01/22/2022,IFP,AZ,AWP,WE,Federal Contract Tower,3,0,1,0,4,0,1,10,0,11,3,1,11,0,15,0,0,0,15
01/23/2022,IFP,AZ,AWP,WE,Federal Contract Tower,3,1,0,0,4,0,1,5,0,6,3,2,5,0,10,0,0,0,10
01/24/2022,IFP,AZ,AWP,WE,Federal Contract Tower,6,0,0,1,7,0,0,33,1,34,6,0,33,2,41,0,0,0,41
01/25/2022,IFP,AZ,AWP,WE,Federal Contract Tower,2,1,2,0,5,0,5,18,2,25,2,6,20,2,30,10,0,10,40
01/26/2022,IFP,AZ,AWP,WE,Federal Contract Tower,3,0,4,0,7,0,5,20,0,25,3,5,24,0,32,10,0,10,42
01/27/2022,IFP,AZ,AWP,WE,Federal Contract Tower,4,1,2,0,7,0,2,15,2,19,4,3,17,2,26,6,0,6,32
01/28/2022,IFP,AZ,AWP,WE,Federal Contract Tower,5,2,0,0,7,0,9,10,0,19,5,11,10,0,26,6,0,6,32
01/29/2022,IFP,AZ,AWP,WE,Federal Contract Tower,3,0,0,0,3,0,13,16,0,29,3,13,16,0,32,4,0,4,36
01/30/2022,IFP,AZ,AWP,WE,Federal Contract Tower,4,0,5,0,9,0,8,13,0,21,4,8,18,0,30,6,0,6,36
01/31/2022,IFP,AZ,AWP,WE,Federal Contract Tower,5,0,1,1,7,0,5,17,1,23,5,5,18,2,30,0,0,0,30
02/01/2022,IFP,AZ,AWP,WE,Federal Contract Tower,2,0,0,0,2,0,7,20,0,27,2,7,20,0,29,26,0,26,55
02/02/2022,IFP,AZ,AWP,WE,Federal Contract Tower,1,0,0,1,2,0,1,3,1,5,1,1,3,2,7,0,0,0,7
02/03/2022,IFP,AZ,AWP,WE,Federal Contract Tower,2,0,0,1,3,0,8,8,1,17,2,8,8,2,20,0,0,0,20
02/04/2022,IFP,AZ,AWP,WE,Federal Contract Tower,3,0,1,0,4,0,4,18,0,22,3,4,19,0,26,8,0,8,34
02/05/2022,IFP,AZ,AWP,WE,Federal Contract Tower,2,0,2,0,4,0,4,21,0,25,2,4,23,0,29,0,0,0,29
02/06/2022,IFP,AZ,AWP,WE,Federal Contract Tower,4,0,0,0,4,0,7,15,2,24,4,7,15,2,28,0,0,0,28
02/07/2022,IFP,AZ,AWP,WE,Federal Contract Tower,3,3,2,0,8,0,7,17,0,24,3,10,19,0,32,2,0,2,34
02/08/2022,IFP,AZ,AWP,WE,Federal Contract Tower,3,0,3,0,6,0,6,22,2,30,3,6,25,2,36,0,0,0,36
02/09/2022,IFP,AZ,AWP,WE,Federal Contract Tower,1,0,2,0,3,0,3,10,0,13,1,3,12,0,16,0,0,0,16
02/10/2022,IFP,AZ,AWP,WE,Federal Contract Tower,4,0,1,0,5,0,7,12,0,19,4,7,13,0,24,0,0,0,24
02/11/2022,IFP,AZ,AWP,WE,Federal Contract Tower,4,0,3,0,7,0,10,7,0,17,4,10,10,0,24,0,0,0,24
02/12/2022,IFP,AZ,AWP,WE,Federal Contract Tower,1,1,2,0,4,0,10,7,0,17,1,11,9,0,21,0,0,0,21
02/13/2022,IFP,AZ,AWP,WE,Federal Contract Tower,6,0,0,0,6,0,2,19,0,21,6,2,19,0,27,0,0,0,27
02/14/2022,IFP,AZ,AWP,WE,Federal Contract Tower,3,0,3,0,6,0,5,17,0,22,3,5,20,0,28,4,0,4,32
02/15/2022,IFP,AZ,AWP,WE,Federal Contract Tower,1,0,2,0,3,0,8,6,0,14,1,8,8,0,17,2,0,2,19
02/16/2022,IFP,AZ,AWP,WE,Federal Contract Tower,2,0,4,2,8,0,2,13,2,17,2,2,17,4,25,20,0,20,45
02/17/2022,IFP,AZ,AWP,WE,Federal Contract Tower,3,0,2,0,5,0,1,11,0,12,3,1,13,0,17,0,0,0,17
02/18/2022,IFP,AZ,AWP,WE,Federal Contract Tower,4,1,3,0,8,0,0,21,2,23,4,1,24,2,31,0,8,8,39
02/19/2022,IFP,AZ,AWP,WE,Federal Contract Tower,2,3,3,0,8,0,2,45,0,47,2,5,48,0,55,0,0,0,55
02/20/2022,IFP,AZ,AWP,WE,Federal Contract Tower,4,0,1,0,5,0,6,35,1,42,4,6,36,1,47,6,0,6,53
02/21/2022,IFP,AZ,AWP,WE,Federal Contract Tower,4,2,1,0,7,0,0,4,0,4,4,2,5,0,11,0,0,0,11
02/22/2022,IFP,AZ,AWP,WE,Federal Contract Tower,1,0,3,0,4,0,1,4,0,5,1,1,7,0,9,0,0,0,9
02/23/2022,IFP,AZ,AWP,WE,Federal Contract Tower,2,0,0,0,2,0,3,6,0,9,2,3,6,0,11,6,0,6,17
02/24/2022,IFP,AZ,AWP,WE,Federal Contract Tower,5,2,3,1,11,0,7,16,2,25,5,9,19,3,36,4,4,8,44
02/25/2022,IFP,AZ,AWP,WE,Federal Contract Tower,2,0,0,2,4,0,9,16,0,25,2,9,16,2,29,0,8,8,37
02/26/2022,IFP,AZ,AWP,WE,Federal Contract Tower,2,0,1,0,3,0,0,20,0,20,2,0,21,0,23,0,0,0,23
02/27/2022,IFP,AZ,AWP,WE,Federal Contract Tower,2,0,1,0,3,1,7,21,4,33,3,7,22,4,36,0,0,0,36
02/28/2022,IFP,AZ,AWP,WE,Federal Contract Tower,6,0,1,0,7,0,5,6,0,11,6,5,7,0,18,0,0,0,18
03/01/2022,IFP,AZ,AWP,WE,Federal Contract Tower,4,0,0,0,4,0,0,3,1,4,4,0,3,1,8,0,0,0,8
03/02/2022,IFP,AZ,AWP,WE,Federal Contract Tower,3,0,0,3,6,0,7,14,4,25,3,7,14,7,31,0,18,18,49
03/03/2022,IFP,AZ,AWP,WE,Federal Contract Tower,3,1,3,0,7,0,5,14,0,19,3,6,17,0,26,0,0,0,26
03/04/2022,IFP,AZ,AWP,WE,Federal Contract Tower,5,0,2,0,7,0,10,9,0,19,5,10,11,0,26,0,0,0,26
03/05/2022,IFP,AZ,AWP,WE,Federal Contract Tower,1,0,1,0,2,0,6,8,0,14,1,6,9,0,16,8,0,8,24
03/06/2022,IFP,AZ,AWP,WE,Federal Contract Tower,6,0,1,0,7,0,3,23,2,28,6,3,24,2,35,10,0,10,45
03/07/2022,IFP,AZ,AWP,WE,Federal Contract Tower,2,1,3,0,6,0,4,11,0,15,2,5,14,0,21,0,0,0,21
03/08/2022,IFP,AZ,AWP,WE,Federal Contract Tower,1,0,2,0,3,0,2,11,0,13,1,2,13,0,16,6,0,6,22
03/09/2022,IFP,AZ,AWP,WE,Federal Contract Tower,1,1,6,0,8,0,1,29,0,30,1,2,35,0,38,24,0,24,62
03/10/2022,IFP,AZ,AWP,WE,Federal Contract Tower,3,2,0,0,5,0,3,8,0,11,3,5,8,0,16,0,0,0,16
03/11/2022,IFP,AZ,AWP,WE,Federal Contract Tower,3,0,0,0,3,0,6,9,0,15,3,6,9,0,18,0,0,0,18
03/12/2022,IFP,AZ,AWP,WE,Federal Contract Tower,1,0,0,0,1,0,2,32,0,34,1,2,32,0,35,18,0,18,53
03/13/2022,IFP,AZ,AWP,WE,Federal Contract Tower,5,0,4,0,9,0,3,35,0,38,5,3,39,0,47,10,0,10,57
03/14/2022,IFP,AZ,AWP,WE,Federal Contract Tower,4,1,1,0,6,0,6,30,0,36,4,7,31,0,42,8,0,8,50
03/15/2022,IFP,AZ,AWP,WE,Federal Contract Tower,1,0,2,0,3,0,12,23,0,35,1,12,25,0,38,0,0,0,38
03/16/2022,IFP,AZ,AWP,WE,Federal Contract Tower,1,0,1,2,4,0,4,17,0,21,1,4,18,2,25,0,0,0,25
03/17/2022,IFP,AZ,AWP,WE,Federal Contract Tower,5,0,1,0,6,0,17,13,0,30,5,17,14,0,36,4,0,4,40
03/18/2022,IFP,AZ,AWP,WE,Federal Contract Tower,3,0,4,0,7,0,7,26,0,33,3,7,30,0,40,24,0,24,64
03/19/2022,IFP,AZ,AWP,WE,Federal Contract Tower,1,0,0,2,3,0,9,44,0,53,1,9,44,2,56,0,4,4,60
03/20/2022,IFP,AZ,AWP,WE,Federal Contract Tower,2,2,2,0,6,0,5,24,0,29,2,7,26,0,35,0,0,0,35
03/21/2022,IFP,AZ,AWP,WE,Federal Contract Tower,4,0,1,2,7,0,4,4,0,8,4,4,5,2,15,16,0,16,31
03/22/2022,IFP,AZ,AWP,WE,Federal Contract Tower,1,0,0,0,1,0,6,7,0,13,1,6,7,0,14,0,0,0,14
03/23/2022,IFP,AZ,AWP,WE,Federal Contract Tower,0,0,1,0,1,0,7,28,0,35,0,7,29,0,36,16,0,16,52
03/24/2022,IFP,AZ,AWP,WE,Federal Contract Tower,2,0,4,1,7,1,7,33,0,41,3,7,37,1,48,0,0,0,48
03/25/2022,IFP,AZ,AWP,WE,Federal Contract Tower,3,0,0,0,3,0,8,26,4,38,3,8,26,4,41,20,0,20,61
03/26/2022,IFP,AZ,AWP,WE,Federal Contract Tower,0,0,4,0,4,0,4,46,2,52,0,4,50,2,56,12,0,12,68
03/27/2022,IFP,AZ,AWP,WE,Federal Contract Tower,3,0,1,1,5,0,2,25,0,27,3,2,26,1,32,0,0,0,32
03/28/2022,IFP,AZ,AWP,WE,Federal Contract Tower,3,0,2,2,7,0,2,14,0,16,3,2,16,2,23,4,0,4,27
03/29/2022,IFP,AZ,AWP,WE,Federal Contract Tower,0,2,0,0,2,0,8,18,0,26,0,10,18,0,28,0,0,0,28
03/30/2022,IFP,AZ,AWP,WE,Federal Contract Tower,1,2,1,0,4,0,4,23,2,29,1,6,24,2,33,0,0,0,33
03/31/2022,IFP,AZ,AWP,WE,Federal Contract Tower,3,2,3,0,8,0,11,23,0,34,3,13,26,0,42,20,0,20,62
04/01/2022,IFP,AZ,AWP,WE,Federal Contract Tower,3,0,3,2,8,0,5,30,6,41,3,5,33,8,49,4,4,8,57
04/02/2022,IFP,AZ,AWP,WE,Federal Contract Tower,0,0,3,1,4,0,0,73,1,74,0,0,76,2,78,46,0,46,124
04/03/2022,IFP,AZ,AWP,WE,Federal Contract Tower,3,2,0,0,5,0,3,29,0,32,3,5,29,0,37,0,0,0,37
04/04/2022,IFP,AZ,AWP,WE,Federal Contract Tower,2,0,3,0,5,1,4,30,0,35,3,4,33,0,40,18,0,18,58
04/05/2022,IFP,AZ,AWP,WE,Federal Contract Tower,0,1,1,1,3,0,9,17,1,27,0,10,18,2,30,2,0,2,32
04/06/2022,IFP,AZ,AWP,WE,Federal Contract Tower,1,1,4,0,6,0,1,3,0,4,1,2,7,0,10,0,0,0,10
04/07/2022,IFP,AZ,AWP,WE,Federal Contract Tower,2,0,1,0,3,0,8,23,0,31,2,8,24,0,34,4,0,4,38
04/08/2022,IFP,AZ,AWP,WE,Federal Contract Tower,1,0,3,0,4,0,5,0,0,5,1,5,3,0,9,0,0,0,9
04/09/2022,IFP,AZ,AWP,WE,Federal Contract Tower,2,0,2,0,4,0,1,22,0,23,2,1,24,0,27,6,0,6,33
04/10/2022,IFP,AZ,AWP,WE,Federal Contract Tower,3,1,2,1,7,0,6,14,1,21,3,7,16,2,28,0,0,0,28
04/11/2022,IFP,AZ,AWP,WE,Federal Contract Tower,2,0,1,0,3,0,2,6,2,10,2,2,7,2,13,0,0,0,13
04/12/2022,IFP,AZ,AWP,WE,Federal Contract Tower,2,0,1,0,3,0,9,8,0,17,2,9,9,0,20,0,0,0,20
04/13/2022,IFP,AZ,AWP,WE,Federal Contract Tower,1,0,2,1,4,0,2,25,0,27,1,2,27,1,31,12,0,12,43
04/14/2022,IFP,AZ,AWP,WE,Federal Contract Tower,2,0,3,2,7,0,0,31,0,31,2,0,34,2,38,4,0,4,42
04/15/2022,IFP,AZ,AWP,WE,Federal Contract Tower,3,0,1,2,6,0,0,25,1,26,3,0,26,3,32,22,6,28,60
04/16/2022,IFP,AZ,AWP,WE,Federal Contract Tower,1,0,1,2,4,0,6,13,0,19,1,6,14,2,23,0,0,0,23
04/17/2022,IFP,AZ,AWP,WE,Federal Contract Tower,1,0,6,1,8,0,0,5,25,30,1,0,11,26,38,0,0,0,38
04/18/2022,IFP,AZ,AWP,WE,Federal Contract Tower,3,0,1,1,5,0,5,18,3,26,3,5,19,4,31,10,0,10,41
04/19/2022,IFP,AZ,AWP,WE,Federal Contract Tower,3,0,1,1,5,0,1,14,3,18,3,1,15,4,23,2,0,2,25
04/20/2022,IFP,AZ,AWP,WE,Federal Contract Tower,0,0,3,0,3,0,10,23,0,33,0,10,26,0,36,0,0,0,36
04/21/2022,IFP,AZ,AWP,WE,Federal Contract Tower,3,1,2,1,7,0,2,17,4,23,3,3,19,5,30,2,8,10,40
04/22/2022,IFP,AZ,AWP,WE,Federal Contract Tower,3,0,0,0,3,0,6,7,3,16,3,6,7,3,19,10,0,10,29
04/23/2022,IFP,AZ,AWP,WE,Federal Contract Tower,0,0,2,1,3,0,7,12,1,20,0,7,14,2,23,0,0,0,23
04/24/2022,IFP,AZ,AWP,WE,Federal Contract Tower,3,0,2,0,5,0,12,9,2,23,3,12,11,2,28,4,16,20,48
04/25/2022,IFP,AZ,AWP,WE,Federal Contract Tower,3,0,0,1,4,0,2,16,1,19,3,2,16,2,23,6,0,6,29
04/26/2022,IFP,AZ,AWP,WE,Federal Contract Tower,1,0,2,2,5,0,4,25,2,31,1,4,27,4,36,4,0,4,40
04/27/2022,IFP,AZ,AWP,WE,Federal Contract Tower,1,1,0,2,4,0,0,16,4,20,1,1,16,6,24,4,4,8,32
04/28/2022,IFP,AZ,AWP,WE,Federal Contract Tower,4,0,4,0,8,0,2,3,0,5,4,2,7,0,13,0,0,0,13
04/29/2022,IFP,AZ,AWP,WE,Federal Contract Tower,3,0,0,8,11,0,7,23,0,30,3,7,23,8,41,0,0,0,41
04/30/2022,IFP,AZ,AWP,WE,Federal Contract Tower,1,0,1,0,2,0,7,26,0,33,1,7,27,0,35,2,0,2,37
05/01/2022,IFP,AZ,AWP,WE,Federal Contract Tower,2,0,2,0,4,0,4,16,0,20,2,4,18,0,24,0,0,0,24
05/02/2022,IFP,AZ,AWP,WE,Federal Contract Tower,4,0,2,0,6,0,8,16,0,24,4,8,18,0,30,0,2,2,32
05/03/2022,IFP,AZ,AWP,WE,Federal Contract Tower,2,0,1,0,3,0,7,10,2,19,2,7,11,2,22,0,0,0,22
05/04/2022,IFP,AZ,AWP,WE,Federal Contract Tower,1,0,4,0,5,0,13,18,0,31,1,13,22,0,36,18,0,18,54
05/05/2022,IFP,AZ,AWP,WE,Federal Contract Tower,0,0,1,0,1,0,17,20,0,37,0,17,21,0,38,0,0,0,38
05/06/2022,IFP,AZ,AWP,WE,Federal Contract Tower,1,0,3,1,5,0,7,19,1,27,1,7,22,2,32,0,0,0,32
05/07/2022,IFP,AZ,AWP,WE,Federal Contract Tower,1,0,5,2,8,0,13,15,0,28,1,13,20,2,36,0,0,0,36
05/08/2022,IFP,AZ,AWP,WE,Federal Contract Tower,1,2,1,0,4,0,0,3,0,3,1,2,4,0,7,0,0,0,7
05/09/2022,IFP,AZ,AWP,WE,Federal Contract Tower,0,0,3,0,3,0,3,25,1,29,0,3,28,1,32,4,0,4,36
05/10/2022,IFP,AZ,AWP,WE,Federal Contract Tower,0,0,2,0,2,0,1,27,0,28,0,1,29,0,30,6,0,6,36
05/11/2022,IFP,AZ,AWP,WE,Federal Contract Tower,1,0,3,0,4,0,10,5,3,18,1,10,8,3,22,0,0,0,22
05/12/2022,IFP,AZ,AWP,WE,Federal Contract Tower,1,0,2,1,4,0,1,20,1,22,1,1,22,2,26,2,0,2,28
05/13/2022,IFP,AZ,AWP,WE,Federal Contract Tower,0,0,3,4,7,0,2,27,3,32,0,2,30,7,39,10,8,18,57
05/14/2022,IFP,AZ,AWP,WE,Federal Contract Tower,1,0,0,0,1,0,6,22,2,30,1,6,22,2,31,0,0,0,31
05/15/2022,IFP,AZ,AWP,WE,Federal Contract Tower,0,1,3,0,4,0,0,13,3,16,0,1,16,3,20,0,0,0,20
05/16/2022,IFP,AZ,AWP,WE,Federal Contract Tower,0,0,0,0,0,0,6,11,0,17,0,6,11,0,17,2,0,2,19
05/17/2022,IFP,AZ,AWP,WE,Federal Contract Tower,1,0,0,4,5,0,6,13,0,19,1,6,13,4,24,0,0,0,24
05/18/2022,IFP,AZ,AWP,WE,Federal Contract Tower,1,0,4,1,6,0,0,24,1,25,1,0,28,2,31,10,6,16,47
05/19/2022,IFP,AZ,AWP,WE,Federal Contract Tower,0,1,2,0,3,0,3,28,5,36,0,4,30,5,39,10,0,10,49
05/20/2022,IFP,AZ,AWP,WE,Federal Contract Tower,0,0,2,0,2,0,2,15,0,17,0,2,17,0,19,0,0,0,19
05/21/2022,IFP,AZ,AWP,WE,Federal Contract Tower,2,0,4,0,6,0,5,31,0,36,2,5,35,0,42,10,0,10,52
05/22/2022,IFP,AZ,AWP,WE,Federal Contract Tower,2,0,0,0,2,0,0,14,0,14,2,0,14,0,16,0,0,0,16
05/23/2022,IFP,AZ,AWP,WE,Federal Contract Tower,1,0,5,0,6,0,1,19,0,20,1,1,24,0,26,4,0,4,30
05/24/2022,IFP,AZ,AWP,WE,Federal Contract Tower,2,0,0,0,2,0,7,15,0,22,2,7,15,0,24,0,0,0,24
05/25/2022,IFP,AZ,AWP,WE,Federal Contract Tower,2,2,6,0,10,0,4,20,3,27,2,6,26,3,37,0,0,0,37
05/26/2022,IFP,AZ,AWP,WE,Federal Contract Tower,1,0,2,0,3,0,7,18,0,25,1,7,20,0,28,0,0,0,28
05/27/2022,IFP,AZ,AWP,WE,Federal Contract Tower,0,0,0,0,0,0,0,15,0,15,0,0,15,0,15,0,0,0,15
05/28/2022,IFP,AZ,AWP,WE,Federal Contract Tower,1,0,1,0,2,0,0,8,0,8,1,0,9,0,10,0,0,0,10
05/29/2022,IFP,AZ,AWP,WE,Federal Contract Tower,2,0,0,0,2,0,7,5,0,12,2,7,5,0,14,0,0,0,14
05/30/2022,IFP,AZ,AWP,WE,Federal Contract Tower,1,0,1,0,2,0,17,28,0,45,1,17,29,0,47,0,0,0,47
05/31/2022,IFP,AZ,AWP,WE,Federal Contract Tower,1,0,3,0,4,0,3,19,2,24,1,3,22,2,28,8,0,8,36
06/01/2022,IFP,AZ,AWP,WE,Federal Contract Tower,1,0,3,0,4,0,2,11,2,15,1,2,14,2,19,0,0,0,19
06/02/2022,IFP,AZ,AWP,WE,Federal Contract Tower,1,0,0,0,1,0,2,15,8,25,1,2,15,8,26,6,8,14,40
06/03/2022,IFP,AZ,AWP,WE,Federal Contract Tower,1,1,3,0,5,0,10,15,0,25,1,11,18,0,30,0,0,0,30
06/04/2022,IFP,AZ,AWP,WE,Federal Contract Tower,1,0,0,0,1,0,13,24,0,37,1,13,24,0,38,16,0,16,54
06/05/2022,IFP,AZ,AWP,WE,Federal Contract Tower,1,0,0,0,1,0,6,31,0,37,1,6,31,0,38,0,0,0,38
06/06/2022,IFP,AZ,AWP,WE,Federal Contract Tower,1,0,1,0,2,0,15,28,0,43,1,15,29,0,45,0,0,0,45
06/07/2022,IFP,AZ,AWP,WE,Federal Contract Tower,1,0,2,0,3,0,0,14,3,17,1,0,16,3,20,6,0,6,26
06/08/2022,IFP,AZ,AWP,WE,Federal Contract Tower,0,0,6,0,6,0,7,9,0,16,0,7,15,0,22,0,0,0,22
06/09/2022,IFP,AZ,AWP,WE,Federal Contract Tower,1,0,3,0,4,0,3,12,0,15,1,3,15,0,19,0,0,0,19
06/10/2022,IFP,AZ,AWP,WE,Federal Contract Tower,1,0,3,0,4,0,0,14,0,14,1,0,17,0,18,6,0,6,24
06/11/2022,IFP,AZ,AWP,WE,Federal Contract Tower,1,0,2,0,3,0,8,20,0,28,1,8,22,0,31,0,0,0,31
06/12/2022,IFP,AZ,AWP,WE,Federal Contract Tower,0,1,0,0,1,0,0,10,0,10,0,1,10,0,11,0,0,0,11
06/13/2022,IFP,AZ,AWP,WE,Federal Contract Tower,1,0,2,0,3,0,4,12,0,16,1,4,14,0,19,2,0,2,21
06/14/2022,IFP,AZ,AWP,WE,Federal Contract Tower,1,0,2,0,3,0,9,16,4,29,1,9,18,4,32,14,0,14,46
06/15/2022,IFP,AZ,AWP,WE,Federal Contract Tower,0,0,1,0,1,0,4,7,0,11,0,4,8,0,12,0,0,0,12
06/16/2022,IFP,AZ,AWP,WE,Federal Contract Tower,0,0,4,0,4,0,6,22,4,32,0,6,26,4,36,0,0,0,36
06/17/2022,IFP,AZ,AWP,WE,Federal Contract Tower,1,0,0,0,1,0,11,6,0,17,1,11,6,0,18,8,0,8,26
06/18/2022,IFP,AZ,AWP,WE,Federal Contract Tower,1,0,3,0,4,0,12,4,0,16,1,12,7,0,20,14,0,14,34
06/19/2022,IFP,AZ,AWP,WE,Federal Contract Tower,0,0,1,0,1,0,6,9,0,15,0,6,10,0,16,0,0,0,16
06/20/2022,IFP,AZ,AWP,WE,Federal Contract Tower,1,2,2,0,5,0,5,15,0,20,1,7,17,0,25,0,0,0,25
06/21/2022,IFP,AZ,AWP,WE,Federal Contract Tower,2,0,2,0,4,0,3,15,0,18,2,3,17,0,22,0,0,0,22
06/22/2022,IFP,AZ,AWP,WE,Federal Contract Tower,1,0,2,0,3,0,1,17,2,20,1,1,19,2,23,0,0,0,23
06/23/2022,IFP,AZ,AWP,WE,Federal Contract Tower,0,1,3,2,6,0,4,12,0,16,0,5,15,2,22,0,0,0,22
06/24/2022,IFP,AZ,AWP,WE,Federal Contract Tower,1,0,3,0,4,0,11,15,1,27,1,11,18,1,31,0,0,0,31
06/25/2022,IFP,AZ,AWP,WE,Federal Contract Tower,1,0,1,0,2,0,5,16,1,22,1,5,17,1,24,4,0,4,28
06/26/2022,IFP,AZ,AWP,WE,Federal Contract Tower,2,2,2,0,6,0,3,6,0,9,2,5,8,0,15,0,0,0,15
06/27/2022,IFP,AZ,AWP,WE,Federal Contract Tower,0,0,1,0,1,0,2,3,0,5,0,2,4,0,6,0,0,0,6
06/28/2022,IFP,AZ,AWP,WE,Federal Contract Tower,2,0,0,0,2,0,5,9,0,14,2,5,9,0,16,0,0,0,16
06/29/2022,IFP,AZ,AWP,WE,Federal Contract Tower,1,0,3,1,5,0,0,17,0,17,1,0,20,1,22,0,0,0,22
06/30/2022,IFP,AZ,AWP,WE,Federal Contract Tower,2,2,3,0,7,0,0,21,0,21,2,2,24,0,28,12,0,12,40
07/01/2022,IFP,AZ,AWP,WE,Federal Contract Tower,1,0,1,0,2,0,3,11,0,14,1,3,12,0,16,0,0,0,16
07/02/2022,IFP,AZ,AWP,WE,Federal Contract Tower,1,0,2,0,3,0,6,12,1,19,1,6,14,1,22,0,0,0,22
07/03/2022,IFP,AZ,AWP,WE,Federal Contract Tower,1,0,0,0,1,0,9,6,1,16,1,9,6,1,17,0,0,0,17
07/04/2022,IFP,AZ,AWP,WE,Federal Contract Tower,1,0,1,0,2,0,18,12,0,30,1,18,13,0,32,4,0,4,36
07/05/2022,IFP,AZ,AWP,WE,Federal Contract Tower,1,1,2,0,4,0,7,10,0,17,1,8,12,0,21,6,0,6,27
07/06/2022,IFP,AZ,AWP,WE,Federal Contract Tower,2,3,4,0,9,0,3,8,0,11,2,6,12,0,20,0,0,0,20
07/07/2022,IFP,AZ,AWP,WE,Federal Contract Tower,1,0,0,0,1,0,3,19,0,22,1,3,19,0,23,4,0,4,27
07/08/2022,IFP,AZ,AWP,WE,Federal Contract Tower,1,0,2,0,3,0,0,21,0,21,1,0,23,0,24,6,0,6,30
07/09/2022,IFP,AZ,AWP,WE,Federal Contract Tower,1,0,0,0,1,0,0,12,0,12,1,0,12,0,13,0,0,0,13
07/10/2022,IFP,AZ,AWP,WE,Federal Contract Tower,1,0,0,0,1,0,0,13,2,15,1,0,13,2,16,10,0,10,26
07/11/2022,IFP,AZ,AWP,WE,Federal Contract Tower,1,0,2,0,3,0,0,14,0,14,1,0,16,0,17,0,0,0,17
07/12/2022,IFP,AZ,AWP,WE,Federal Contract Tower,1,0,1,1,3,0,10,7,1,18,1,10,8,2,21,0,0,0,21
07/13/2022,IFP,AZ,AWP,WE,Federal Contract Tower,1,1,0,0,2,0,4,13,0,17,1,5,13,0,19,0,0,0,19
07/14/2022,IFP,AZ,AWP,WE,Federal Contract Tower,2,0,1,0,3,0,2,8,0,10,2,2,9,0,13,0,0,0,13
07/15/2022,IFP,AZ,AWP,WE,Federal Contract Tower,2,0,1,0,3,0,9,4,0,13,2,9,5,0,16,0,0,0,16
07/16/2022,IFP,AZ,AWP,WE,Federal Contract Tower,2,0,1,0,3,0,7,13,0,20,2,7,14,0,23,0,0,0,23
07/17/2022,IFP,AZ,AWP,WE,Federal Contract Tower,1,0,2,1,4,0,10,2,1,13,1,10,4,2,17,0,0,0,17
07/18/2022,IFP,AZ,AWP,WE,Federal Contract Tower,0,0,1,1,2,0,13,2,1,16,0,13,3,2,18,0,4,4,22
07/19/2022,IFP,AZ,AWP,WE,Federal Contract Tower,0,0,1,0,1,0,1,13,0,14,0,1,14,0,15,0,0,0,15
07/20/2022,IFP,AZ,AWP,WE,Federal Contract Tower,2,0,7,0,9,0,0,19,0,19,2,0,26,0,28,0,0,0,28
07/21/2022,IFP,AZ,AWP,WE,Federal Contract Tower,2,0,7,0,9,0,6,17,0,23,2,6,24,0,32,10,0,10,42
07/22/2022,IFP,AZ,AWP,WE,Federal Contract Tower,0,0,0,1,1,0,1,18,2,21,0,1,18,3,22,0,0,0,22
07/23/2022,IFP,AZ,AWP,WE,Federal Contract Tower,1,0,1,1,3,0,2,11,0,13,1,2,12,1,16,0,0,0,16
07/24/2022,IFP,AZ,AWP,WE,Federal Contract Tower,0,0,1,2,3,0,2,13,2,17,0,2,14,4,20,4,0,4,24
07/25/2022,IFP,AZ,AWP,WE,Federal Contract Tower,2,0,2,1,5,0,0,22,2,24,2,0,24,3,29,10,0,10,39
07/26/2022,IFP,AZ,AWP,WE,Federal Contract Tower,1,0,1,2,4,0,5,10,0,15,1,5,11,2,19,2,0,2,21
07/27/2022,IFP,AZ,AWP,WE,Federal Contract Tower,0,1,4,0,5,0,3,12,0,15,0,4,16,0,20,4,0,4,24
07/28/2022,IFP,AZ,AWP,WE,Federal Contract Tower,1,0,1,0,2,0,4,7,0,11,1,4,8,0,13,18,0,18,31
07/29/2022,IFP,AZ,AWP,WE,Federal Contract Tower,2,0,4,0,6,0,12,11,0,23,2,12,15,0,29,14,0,14,43
07/30/2022,IFP,AZ,AWP,WE,Federal Contract Tower,1,1,3,0,5,0,9,4,0,13,1,10,7,0,18,0,0,0,18
07/31/2022,IFP,AZ,AWP,WE,Federal Contract Tower,1,0,0,0,1,0,6,15,1,22,1,6,15,1,23,14,0,14,37
08/01/2022,IFP,AZ,AWP,WE,Federal Contract Tower,1,2,2,0,5,0,1,11,1,13,1,3,13,1,18,2,0,2,20
08/02/2022,IFP,AZ,AWP,WE,Federal Contract Tower,2,0,2,0,4,0,3,18,2,23,2,3,20,2,27,2,0,2,29
08/03/2022,IFP,AZ,AWP,WE,Federal Contract Tower,2,2,2,0,6,0,0,26,0,26,2,2,28,0,32,10,0,10,42
08/04/2022,IFP,AZ,AWP,WE,Federal Contract Tower,1,0,1,0,2,0,3,9,0,12,1,3,10,0,14,4,0,4,18
08/05/2022,IFP,AZ,AWP,WE,Federal Contract Tower,0,0,2,0,2,0,10,16,0,26,0,10,18,0,28,0,0,0,28
08/06/2022,IFP,AZ,AWP,WE,Federal Contract Tower,1,0,1,0,2,0,1,11,0,12,1,1,12,0,14,0,0,0,14
08/07/2022,IFP,AZ,AWP,WE,Federal Contract Tower,2,0,0,0,2,0,8,12,0,20,2,8,12,0,22,12,0,12,34
08/08/2022,IFP,AZ,AWP,WE,Federal Contract Tower,1,2,6,0,9,0,9,10,0,19,1,11,16,0,28,16,0,16,44
08/09/2022,IFP,AZ,AWP,WE,Federal Contract Tower,1,0,1,0,2,0,3,11,0,14,1,3,12,0,16,0,0,0,16
08/10/2022,IFP,AZ,AWP,WE,Federal Contract Tower,0,0,1,0,1,0,2,3,4,9,0,2,4,4,10,0,0,0,10
08/11/2022,IFP,AZ,AWP,WE,Federal Contract Tower,1,0,3,0,4,0,9,14,0,23,1,9,17,0,27,12,0,12,39
08/12/2022,IFP,AZ,AWP,WE,Federal Contract Tower,1,0,1,0,2,0,7,16,0,23,1,7,17,0,25,12,0,12,37
08/13/2022,IFP,AZ,AWP,WE,Federal Contract Tower,0,0,2,0,2,0,4,10,0,14,0,4,12,0,16,2,0,2,18
08/14/2022,IFP,AZ,AWP,WE,Federal Contract Tower,2,0,1,0,3,0,0,3,0,3,2,0,4,0,6,0,0,0,6
08/15/2022,IFP,AZ,AWP,WE,Federal Contract Tower,1,0,0,0,1,0,0,18,0,18,1,0,18,0,19,22,0,22,41
08/16/2022,IFP,AZ,AWP,WE,Federal Contract Tower,1,0,1,0,2,0,9,22,0,31,1,9,23,0,33,6,0,6,39
08/17/2022,IFP,AZ,AWP,WE,Federal Contract Tower,3,0,4,0,7,0,3,6,0,9,3,3,10,0,16,0,0,0,16
08/18/2022,IFP,AZ,AWP,WE,Federal Contract Tower,1,0,1,0,2,0,1,14,0,15,1,1,15,0,17,0,0,0,17
08/19/2022,IFP,AZ,AWP,WE,Federal Contract Tower,0,0,2,0,2,0,6,18,4,28,0,6,20,4,30,4,14,18,48
08/20/2022,IFP,AZ,AWP,WE,Federal Contract Tower,0,0,0,0,0,0,0,14,2,16,0,0,14,2,16,20,0,20,36
08/21/2022,IFP,AZ,AWP,WE,Federal Contract Tower,4,0,2,0,6,0,0,10,0,10,4,0,12,0,16,0,0,0,16
08/22/2022,IFP,AZ,AWP,WE,Federal Contract Tower,2,0,0,0,2,0,0,18,0,18,2,0,18,0,20,38,0,38,58
08/23/2022,IFP,AZ,AWP,WE,Federal Contract Tower,1,0,1,0,2,0,2,13,0,15,1,2,14,0,17,18,0,18,35
08/24/2022,IFP,AZ,AWP,WE,Federal Contract Tower,1,0,2,1,4,0,10,4,1,15,1,10,6,2,19,2,0,2,21
08/25/2022,IFP,AZ,AWP,WE,Federal Contract Tower,0,0,0,2,2,0,1,8,2,11,0,1,8,4,13,8,10,18,31
08/26/2022,IFP,AZ,AWP,WE,Federal Contract Tower,1,0,0,0,1,0,0,9,0,9,1,0,9,0,10,0,0,0,10
08/27/2022,IFP,AZ,AWP,WE,Federal Contract Tower,1,0,1,0,2,0,5,36,5,46,1,5,37,5,48,18,0,18,66
08/28/2022,IFP,AZ,AWP,WE,Federal Contract Tower,1,0,0,0,1,0,6,19,5,30,1,6,19,5,31,10,0,10,41
08/29/2022,IFP,AZ,AWP,WE,Federal Contract Tower,1,0,0,0,1,0,8,2,2,12,1,8,2,2,13,0,0,0,13
08/30/2022,IFP,AZ,AWP,WE,Federal Contract Tower,1,0,5,0,6,0,4,10,0,14,1,4,15,0,20,6,0,6,26
08/31/2022,IFP,AZ,AWP,WE,Federal Contract Tower,1,0,2,0,3,0,10,12,0,22,1,10,14,0,25,14,0,14,39
09/01/2022,IFP,AZ,AWP,WE,Federal Contract Tower,1,0,1,0,2,0,2,10,0,12,1,2,11,0,14,0,0,0,14
09/02/2022,IFP,AZ,AWP,WE,Federal Contract Tower,1,0,0,0,1,0,11,10,0,21,1,11,10,0,22,0,0,0,22
09/03/2022,IFP,AZ,AWP,WE,Federal Contract Tower,1,0,1,0,2,0,4,4,0,8,1,4,5,0,10,18,0,18,28
09/04/2022,IFP,AZ,AWP,WE,Federal Contract Tower,1,0,0,0,1,0,7,11,0,18,1,7,11,0,19,0,0,0,19
09/05/2022,IFP,AZ,AWP,WE,Federal Contract Tower,1,0,2,0,3,0,7,15,0,22,1,7,17,0,25,0,0,0,25
09/06/2022,IFP,AZ,AWP,WE,Federal Contract Tower,2,0,0,0,2,0,8,16,0,24,2,8,16,0,26,20,0,20,46
09/07/2022,IFP,AZ,AWP,WE,Federal Contract Tower,1,0,1,0,2,0,10,11,0,21,1,10,12,0,23,0,0,0,23
09/08/2022,IFP,AZ,AWP,WE,Federal Contract Tower,1,0,1,0,2,0,8,22,0,30,1,8,23,0,32,0,0,0,32
09/09/2022,IFP,AZ,AWP,WE,Federal Contract Tower,1,0,5,0,6,0,7,12,0,19,1,7,17,0,25,0,0,0,25
09/10/2022,IFP,AZ,AWP,WE,Federal Contract Tower,1,2,0,0,3,0,8,5,0,13,1,10,5,0,16,0,0,0,16
09/11/2022,IFP,AZ,AWP,WE,Federal Contract Tower,1,0,2,0,3,0,0,11,0,11,1,0,13,0,14,0,0,0,14
09/12/2022,IFP,AZ,AWP,WE,Federal Contract Tower,1,0,3,0,4,0,8,4,0,12,1,8,7,0,16,0,0,0,16
09/13/2022,IFP,AZ,AWP,WE,Federal Contract Tower,0,0,4,2,6,0,17,13,0,30,0,17,17,2,36,4,0,4,40
09/14/2022,IFP,AZ,AWP,WE,Federal Contract Tower,3,1,2,0,6,0,4,21,0,25,3,5,23,0,31,2,0,2,33
09/15/2022,IFP,AZ,AWP,WE,Federal Contract Tower,2,0,8,0,10,0,3,13,0,16,2,3,21,0,26,6,0,6,32
09/16/2022,IFP,AZ,AWP,WE,Federal Contract Tower,1,0,0,0,1,0,13,20,0,33,1,13,20,0,34,0,0,0,34
09/17/2022,IFP,AZ,AWP,WE,Federal Contract Tower,0,0,0,0,0,0,13,24,0,37,0,13,24,0,37,12,0,12,49
09/18/2022,IFP,AZ,AWP,WE,Federal Contract Tower,2,0,3,0,5,0,8,18,0,26,2,8,21,0,31,4,0,4,35
09/19/2022,IFP,AZ,AWP,WE,Federal Contract Tower,2,2,1,0,5,0,6,11,0,17,2,8,12,0,22,0,0,0,22
09/20/2022,IFP,AZ,AWP,WE,Federal Contract Tower,0,0,2,0,2,0,3,12,0,15,0,3,14,0,17,0,0,0,17
09/21/2022,IFP,AZ,AWP,WE,Federal Contract Tower,1,0,0,0,1,0,8,8,3,19,1,8,8,3,20,0,0,0,20
09/22/2022,IFP,AZ,AWP,WE,Federal Contract Tower,2,2,1,0,5,0,3,17,2,22,2,5,18,2,27,0,0,0,27
09/23/2022,IFP,AZ,AWP,WE,Federal Contract Tower,2,0,1,0,3,0,10,26,0,36,2,10,27,0,39,2,0,2,41
09/24/2022,IFP,AZ,AWP,WE,Federal Contract Tower,1,0,1,0,2,0,5,20,0,25,1,5,21,0,27,4,0,4,31
09/25/2022,IFP,AZ,AWP,WE,Federal Contract Tower,1,0,0,0,1,0,8,26,0,34,1,8,26,0,35,0,0,0,35
09/26/2022,IFP,AZ,AWP,WE,Federal Contract Tower,1,1,1,1,4,0,12,15,2,29,1,13,16,3,33,0,4,4,37
09/27/2022,IFP,AZ,AWP,WE,Federal Contract Tower,3,0,1,0,4,0,4,13,0,17,3,4,14,0,21,4,0,4,25
09/28/2022,IFP,AZ,AWP,WE,Federal Contract Tower,1,0,2,0,3,0,0,21,0,21,1,0,23,0,24,14,0,14,38
09/29/2022,IFP,AZ,AWP,WE,Federal Contract Tower,2,1,2,0,5,0,4,23,2,29,2,5,25,2,34,12,0,12,46
09/30/2022,IFP,AZ,AWP,WE,Federal Contract Tower,3,1,0,0,4,0,5,25,0,30,3,6,25,0,34,0,0,0,34
10/01/2022,IFP,AZ,AWP,WE,Federal Contract Tower,2,0,2,0,4,0,6,20,0,26,2,6,22,0,30,0,0,0,30
10/02/2022,IFP,AZ,AWP,WE,Federal Contract Tower,1,1,0,0,2,0,5,10,1,16,1,6,10,1,18,0,0,0,18
10/03/2022,IFP,AZ,AWP,WE,Federal Contract Tower,2,0,0,0,2,0,2,9,3,14,2,2,9,3,16,0,0,0,16
10/04/2022,IFP,AZ,AWP,WE,Federal Contract Tower,2,0,1,0,3,0,0,11,0,11,2,0,12,0,14,2,0,2,16
10/05/2022,IFP,AZ,AWP,WE,Federal Contract Tower,1,1,4,0,6,0,10,16,0,26,1,11,20,0,32,30,0,30,62
10/06/2022,IFP,AZ,AWP,WE,Federal Contract Tower,1,0,4,0,5,0,5,18,0,23,1,5,22,0,28,14,0,14,42
10/07/2022,IFP,AZ,AWP,WE,Federal Contract Tower,2,0,4,0,6,0,7,19,0,26,2,7,23,0,32,0,0,0,32
10/08/2022,IFP,AZ,AWP,WE,Federal Contract Tower,2,2,5,0,9,0,12,37,0,49,2,14,42,0,58,10,0,10,68
10/09/2022,IFP,AZ,AWP,WE,Federal Contract Tower,1,2,2,0,5,0,11,34,0,45,1,13,36,0,50,10,0,10,60
10/10/2022,IFP,AZ,AWP,WE,Federal Contract Tower,1,0,4,0,5,0,8,11,0,19,1,8,15,0,24,8,0,8,32
10/11/2022,IFP,AZ,AWP,WE,Federal Contract Tower,2,0,0,0,2,0,4,22,0,26,2,4,22,0,28,12,0,12,40
10/12/2022,IFP,AZ,AWP,WE,Federal Contract Tower,1,0,3,1,5,0,4,10,1,15,1,4,13,2,20,14,0,14,34
10/13/2022,IFP,AZ,AWP,WE,Federal Contract Tower,1,0,0,0,1,0,5,13,2,20,1,5,13,2,21,0,0,0,21
10/14/2022,IFP,AZ,AWP,WE,Federal Contract Tower,1,0,0,2,3,0,5,24,5,34,1,5,24,7,37,0,4,4,41
10/15/2022,IFP,AZ,AWP,WE,Federal Contract Tower,3,0,0,1,4,0,0,4,0,4,3,0,4,1,8,0,0,0,8
10/16/2022,IFP,AZ,AWP,WE,Federal Contract Tower,1,0,0,1,2,0,5,11,0,16,1,5,11,1,18,8,0,8,26
10/17/2022,IFP,AZ,AWP,WE,Federal Contract Tower,2,0,3,0,5,0,9,10,0,19,2,9,13,0,24,0,0,0,24
10/18/2022,IFP,AZ,AWP,WE,Federal Contract Tower,1,0,2,0,3,0,0,12,3,15,1,0,14,3,18,2,0,2,20
10/19/2022,IFP,AZ,AWP,WE,Federal Contract Tower,2,0,11,0,13,0,15,20,0,35,2,15,31,0,48,8,0,8,56
10/20/2022,IFP,AZ,AWP,WE,Federal Contract Tower,2,0,1,0,3,0,5,22,0,27,2,5,23,0,30,12,0,12,42
10/21/2022,IFP,AZ,AWP,WE,Federal Contract Tower,2,0,1,1,4,0,12,30,0,42,2,12,31,1,46,4,0,4,50
10/22/2022,IFP,AZ,AWP,WE,Federal Contract Tower,3,0,6,0,9,0,5,19,0,24,3,5,25,0,33,26,0,26,59
10/23/2022,IFP,AZ,AWP,WE,Federal Contract Tower,4,2,7,0,13,0,0,23,2,25,4,2,30,2,38,18,0,18,56
10/24/2022,IFP,AZ,AWP,WE,Federal Contract Tower,2,0,0,1,3,0,2,13,0,15,2,2,13,1,18,4,0,4,22
10/25/2022,IFP,AZ,AWP,WE,Federal Contract Tower,1,0,2,0,3,0,3,26,2,31,1,3,28,2,34,14,0,14,48
10/26/2022,IFP,AZ,AWP,WE,Federal Contract Tower,1,0,0,0,1,0,2,24,0,26,1,2,24,0,27,0,0,0,27
10/27/2022,IFP,AZ,AWP,WE,Federal Contract Tower,3,0,2,1,6,0,17,8,0,25,3,17,10,1,31,0,0,0,31
10/28/2022,IFP,AZ,AWP,WE,Federal Contract Tower,2,0,8,0,10,0,7,18,0,25,2,7,26,0,35,10,0,10,45
10/29/2022,IFP,AZ,AWP,WE,Federal Contract Tower,1,1,1,0,3,0,1,17,0,18,1,2,18,0,21,0,0,0,21
10/30/2022,IFP,AZ,AWP,WE,Federal Contract Tower,1,1,3,0,5,0,4,8,0,12,1,5,11,0,17,0,0,0,17
10/31/2022,IFP,AZ,AWP,WE,Federal Contract Tower,2,0,2,0,4,0,0,9,0,9,2,0,11,0,13,0,0,0,13
11/01/2022,IFP,AZ,AWP,WE,Federal Contract Tower,2,4,0,3,9,0,5,9,2,16,2,9,9,5,25,0,8,8,33
11/02/2022,IFP,AZ,AWP,WE,Federal Contract Tower,1,1,2,0,4,0,2,7,0,9,1,3,9,0,13,0,0,0,13
11/03/2022,IFP,AZ,AWP,WE,Federal Contract Tower,1,0,3,0,4,0,13,4,0,17,1,13,7,0,21,0,0,0,21
11/04/2022,IFP,AZ,AWP,WE,Federal Contract Tower,4,1,3,1,9,0,12,12,0,24,4,13,15,1,33,0,0,0,33
11/05/2022,IFP,AZ,AWP,WE,Federal Contract Tower,2,0,4,0,6,0,0,25,0,25,2,0,29,0,31,14,0,14,45
11/06/2022,IFP,AZ,AWP,WE,Federal Contract Tower,3,1,1,0,5,0,10,16,4,30,3,11,17,4,35,2,2,4,39
11/07/2022,IFP,AZ,AWP,WE,Federal Contract Tower,3,0,1,0,4,0,5,5,2,12,3,5,6,2,16,0,0,0,16
11/08/2022,IFP,AZ,AWP,WE,Federal Contract Tower,3,0,1,1,5,0,7,3,3,13,3,7,4,4,18,0,0,0,18
11/09/2022,IFP,AZ,AWP,WE,Federal Contract Tower,1,0,1,0,2,0,9,13,0,22,1,9,14,0,24,6,0,6,30
11/10/2022,IFP,AZ,AWP,WE,Federal Contract Tower,5,0,1,0,6,0,8,29,0,37,5,8,30,0,43,16,0,16,59
11/11/2022,IFP,AZ,AWP,WE,Federal Contract Tower,0,2,1,1,4,0,11,23,0,34,0,13,24,1,38,0,0,0,38
11/12/2022,IFP,AZ,AWP,WE,Federal Contract Tower,6,0,2,0,8,0,0,29,2,31,6,0,31,2,39,10,0,10,49
11/13/2022,IFP,AZ,AWP,WE,Federal Contract Tower,4,0,2,0,6,0,6,9,0,15,4,6,11,0,21,0,0,0,21
11/14/2022,IFP,AZ,AWP,WE,Federal Contract Tower,3,0,3,0,6,0,4,11,1,16,3,4,14,1,22,0,0,0,22
11/15/2022,IFP,AZ,AWP,WE,Federal Contract Tower,1,0,0,0,1,0,8,11,4,23,1,8,11,4,24,10,0,10,34
11/16/2022,IFP,AZ,AWP,WE,Federal Contract Tower,5,0,0,0,5,0,6,7,0,13,5,6,7,0,18,0,0,0,18
11/17/2022,IFP,AZ,AWP,WE,Federal Contract Tower,3,0,0,2,5,0,2,3,0,5,3,2,3,2,10,0,0,0,10
11/18/2022,IFP,AZ,AWP,WE,Federal Contract Tower,3,0,2,0,5,0,7,24,0,31,3,7,26,0,36,8,0,8,44
11/19/2022,IFP,AZ,AWP,WE,Federal Contract Tower,1,0,3,0,4,0,2,8,2,12,1,2,11,2,16,0,0,0,16
11/20/2022,IFP,AZ,AWP,WE,Federal Contract Tower,5,0,2,0,7,0,15,13,0,28,5,15,15,0,35,0,0,0,35
11/21/2022,IFP,AZ,AWP,WE,Federal Contract Tower,3,1,0,0,4,0,3,16,2,21,3,4,16,2,25,2,0,2,27
11/22/2022,IFP,AZ,AWP,WE,Federal Contract Tower,1,1,4,0,6,0,8,8,0,16,1,9,12,0,22,4,0,4,26
11/23/2022,IFP,AZ,AWP,WE,Federal Contract Tower,1,0,0,0,1,0,8,18,0,26,1,8,18,0,27,0,0,0,27
11/24/2022,IFP,AZ,AWP,WE,Federal Contract Tower,2,0,0,0,2,0,6,1,0,7,2,6,1,0,9,0,0,0,9
11/25/2022,IFP,AZ,AWP,WE,Federal Contract Tower,3,0,0,0,3,0,4,13,0,17,3,4,13,0,20,0,0,0,20
11/26/2022,IFP,AZ,AWP,WE,Federal Contract Tower,1,0,1,0,2,0,6,38,0,44,1,6,39,0,46,10,0,10,56
11/27/2022,IFP,AZ,AWP,WE,Federal Contract Tower,3,0,0,0,3,0,9,19,0,28,3,9,19,0,31,2,0,2,33
11/28/2022,IFP,AZ,AWP,WE,Federal Contract Tower,4,0,5,0,9,0,9,16,2,27,4,9,21,2,36,0,0,0,36
11/29/2022,IFP,AZ,AWP,WE,Federal Contract Tower,2,0,5,1,8,0,10,25,1,36,2,10,30,2,44,8,0,8,52
11/30/2022,IFP,AZ,AWP,WE,Federal Contract Tower,1,2,1,0,4,0,12,20,1,33,1,14,21,1,37,2,0,2,39
12/01/2022,IFP,AZ,AWP,WE,Federal Contract Tower,3,0,2,0,5,0,10,25,0,35,3,10,27,0,40,0,0,0,40
12/02/2022,IFP,AZ,AWP,WE,Federal Contract Tower,3,0,0,0,3,0,7,30,0,37,3,7,30,0,40,8,0,8,48
12/03/2022,IFP,AZ,AWP,WE,Federal Contract Tower,1,0,0,0,1,0,8,59,0,67,1,8,59,0,68,6,0,6,74
12/04/2022,IFP,AZ,AWP,WE,Federal Contract Tower,3,0,3,0,6,0,14,12,0,26,3,14,15,0,32,8,0,8,40
12/05/2022,IFP,AZ,AWP,WE,Federal Contract Tower,3,1,3,0,7,0,16,24,0,40,3,17,27,0,47,0,0,0,47
12/06/2022,IFP,AZ,AWP,WE,Federal Contract Tower,1,0,0,0,1,0,8,17,1,26,1,8,17,1,27,8,0,8,35
12/07/2022,IFP,AZ,AWP,WE,Federal Contract Tower,2,0,1,0,3,0,3,28,1,32,2,3,29,1,35,12,0,12,47
12/08/2022,IFP,AZ,AWP,WE,Federal Contract Tower,3,0,1,0,4,0,5,12,4,21,3,5,13,4,25,0,0,0,25
12/09/2022,IFP,AZ,AWP,WE,Federal Contract Tower,3,0,0,2,5,0,8,27,0,35,3,8,27,2,40,6,0,6,46
12/10/2022,IFP,AZ,AWP,WE,Federal Contract Tower,1,0,6,0,7,0,10,38,0,48,1,10,44,0,55,14,0,14,69
12/11/2022,IFP,AZ,AWP,WE,Federal Contract Tower,2,0,3,0,5,0,4,10,1,15,2,4,13,1,20,0,0,0,20
12/12/2022,IFP,AZ,AWP,WE,Federal Contract Tower,2,0,0,0,2,0,6,14,3,23,2,6,14,3,25,0,6,6,31
12/13/2022,IFP,AZ,AWP,WE,Federal Contract Tower,0,0,1,1,2,0,12,20,1,33,0,12,21,2,35,12,0,12,47
12/14/2022,IFP,AZ,AWP,WE,Federal Contract Tower,2,0,0,0,2,0,5,22,1,28,2,5,22,1,30,4,0,4,34
12/15/2022,IFP,AZ,AWP,WE,Federal Contract Tower,1,0,2,0,3,0,7,22,1,30,1,7,24,1,33,6,0,6,39
12/16/2022,IFP,AZ,AWP,WE,Federal Contract Tower,3,1,1,0,5,0,3,18,0,21,3,4,19,0,26,24,0,24,50
12/17/2022,IFP,AZ,AWP,WE,Federal Contract Tower,0,0,2,0,2,0,5,19,0,24,0,5,21,0,26,10,0,10,36
12/18/2022,IFP,AZ,AWP,WE,Federal Contract Tower,0,0,0,0,0,0,6,16,0,22,0,6,16,0,22,4,0,4,26
12/19/2022,IFP,AZ,AWP,WE,Federal Contract Tower,2,0,2,0,4,0,7,16,0,23,2,7,18,0,27,4,0,4,31
12/20/2022,IFP,AZ,AWP,WE,Federal Contract Tower,0,0,3,0,3,0,7,16,0,23,0,7,19,0,26,2,0,2,28
12/21/2022,IFP,AZ,AWP,WE,Federal Contract Tower,0,0,2,1,3,0,8,22,1,31,0,8,24,2,34,6,6,12,46
12/22/2022,IFP,AZ,AWP,WE,Federal Contract Tower,0,0,3,0,3,0,14,18,0,32,0,14,21,0,35,4,0,4,39
12/23/2022,IFP,AZ,AWP,WE,Federal Contract Tower,0,0,3,0,3,0,8,8,0,16,0,8,11,0,19,0,0,0,19
12/24/2022,IFP,AZ,AWP,WE,Federal Contract Tower,0,0,0,0,0,0,3,13,0,16,0,3,13,0,16,4,0,4,20
12/25/2022,IFP,AZ,AWP,WE,Federal Contract Tower,0,0,0,0,0,0,6,0,0,6,0,6,0,0,6,0,0,0,6
12/26/2022,IFP,AZ,AWP,WE,Federal Contract Tower,0,0,1,0,1,0,1,8,0,9,0,1,9,0,10,0,0,0,10
12/27/2022,IFP,AZ,AWP,WE,Federal Contract Tower,0,1,0,0,1,0,5,7,0,12,0,6,7,0,13,0,0,0,13
12/28/2022,IFP,AZ,AWP,WE,Federal Contract Tower,0,0,3,0,3,0,15,26,0,41,0,15,29,0,44,4,0,4,48
12/29/2022,IFP,AZ,AWP,WE,Federal Contract Tower,2,0,2,0,4,0,0,3,0,3,2,0,5,0,7,0,0,0,7
12/30/2022,IFP,AZ,AWP,WE,Federal Contract Tower,1,1,3,0,5,0,6,6,0,12,1,7,9,0,17,0,0,0,17
12/31/2022,IFP,AZ,AWP,WE,Federal Contract Tower,2,1,2,0,5,0,9,2,0,11,2,10,4,0,16,0,0,0,16
01/01/2023,IFP,AZ,AWP,WE,Federal Contract Tower,0,0,0,0,0,0,0,0,0,0,0,0,0,0,0,0,0,0,0
01/02/2023,IFP,AZ,AWP,WE,Federal Contract Tower,2,0,2,0,4,0,0,16,0,16,2,0,18,0,20,0,0,0,20
01/03/2023,IFP,AZ,AWP,WE,Federal Contract Tower,2,0,1,0,3,0,10,11,2,23,2,10,12,2,26,2,0,2,28
01/04/2023,IFP,AZ,AWP,WE,Federal Contract Tower,1,0,7,0,8,0,11,27,0,38,1,11,34,0,46,18,0,18,64
01/05/2023,IFP,AZ,AWP,WE,Federal Contract Tower,0,1,0,0,1,0,11,17,0,28,0,12,17,0,29,6,0,6,35
01/06/2023,IFP,AZ,AWP,WE,Federal Contract Tower,1,0,1,0,2,0,6,28,3,37,1,6,29,3,39,18,4,22,61
01/07/2023,IFP,AZ,AWP,WE,Federal Contract Tower,0,0,2,0,2,0,4,16,0,20,0,4,18,0,22,6,0,6,28
01/08/2023,IFP,AZ,AWP,WE,Federal Contract Tower,0,0,1,0,1,0,7,14,0,21,0,7,15,0,22,0,0,0,22
01/09/2023,IFP,AZ,AWP,WE,Federal Contract Tower,1,1,1,0,3,0,15,17,3,35,1,16,18,3,38,0,12,12,50
01/10/2023,IFP,AZ,AWP,WE,Federal Contract Tower,1,0,4,0,5,0,6,6,0,12,1,6,10,0,17,0,0,0,17
01/11/2023,IFP,AZ,AWP,WE,Federal Contract Tower,2,0,5,0,7,0,7,30,0,37,2,7,35,0,44,18,0,18,62
01/12/2023,IFP,AZ,AWP,WE,Federal Contract Tower,3,0,6,0,9,0,4,8,0,12,3,4,14,0,21,8,0,8,29
01/13/2023,IFP,AZ,AWP,WE,Federal Contract Tower,1,2,2,2,7,0,1,29,0,30,1,3,31,2,37,6,0,6,43
01/14/2023,IFP,AZ,AWP,WE,Federal Contract Tower,1,1,2,0,4,0,0,11,0,11,1,1,13,0,15,0,0,0,15
01/15/2023,IFP,AZ,AWP,WE,Federal Contract Tower,3,0,1,0,4,0,2,4,0,6,3,2,5,0,10,6,0,6,16
01/16/2023,IFP,AZ,AWP,WE,Federal Contract Tower,2,0,5,0,7,0,2,0,0,2,2,2,5,0,9,0,0,0,9
01/17/2023,IFP,AZ,AWP,WE,Federal Contract Tower,0,3,2,0,5,0,7,25,0,32,0,10,27,0,37,18,0,18,55
01/18/2023,IFP,AZ,AWP,WE,Federal Contract Tower,1,1,0,0,2,0,3,32,0,35,1,4,32,0,37,0,0,0,37
01/19/2023,IFP,AZ,AWP,WE,Federal Contract Tower,4,0,2,0,6,0,4,21,0,25,4,4,23,0,31,2,0,2,33
01/20/2023,IFP,AZ,AWP,WE,Federal Contract Tower,3,0,2,0,5,0,2,18,1,21,3,2,20,1,26,0,0,0,26
01/21/2023,IFP,AZ,AWP,WE,Federal Contract Tower,1,0,1,0,2,0,6,20,1,27,1,6,21,1,29,10,0,10,39
01/22/2023,IFP,AZ,AWP,WE,Federal Contract Tower,1,0,0,0,1,0,9,24,0,33,1,9,24,0,34,0,6,6,40
01/23/2023,IFP,AZ,AWP,WE,Federal Contract Tower,4,0,2,0,6,0,5,3,0,8,4,5,5,0,14,4,0,4,18
01/24/2023,IFP,AZ,AWP,WE,Federal Contract Tower,1,0,1,0,2,0,9,9,0,18,1,9,10,0,20,6,0,6,26
01/25/2023,IFP,AZ,AWP,WE,Federal Contract Tower,1,0,0,2,3,0,0,13,0,13,1,0,13,2,16,30,0,30,46
01/26/2023,IFP,AZ,AWP,WE,Federal Contract Tower,3,0,3,4,10,0,6,8,0,14,3,6,11,4,24,18,0,18,42
01/27/2023,IFP,AZ,AWP,WE,Federal Contract Tower,3,0,4,1,8,0,14,29,3,46,3,14,33,4,54,6,8,14,68
01/28/2023,IFP,AZ,AWP,WE,Federal Contract Tower,1,0,4,0,5,0,5,30,5,40,1,5,34,5,45,16,0,16,61
01/29/2023,IFP,AZ,AWP,WE,Federal Contract Tower,3,2,0,2,7,0,7,16,1,24,3,9,16,3,31,4,0,4,35
01/30/2023,IFP,AZ,AWP,WE,Federal Contract Tower,3,0,4,2,9,0,13,8,0,21,3,13,12,2,30,0,0,0,30
01/31/2023,IFP,AZ,AWP,WE,Federal Contract Tower,1,0,2,0,3,0,3,12,0,15,1,3,14,0,18,0,0,0,18
02/01/2023,IFP,AZ,AWP,WE,Federal Contract Tower,1,0,2,0,3,0,13,16,2,31,1,13,18,2,34,28,0,28,62
02/02/2023,IFP,AZ,AWP,WE,Federal Contract Tower,3,0,3,0,6,0,3,15,0,18,3,3,18,0,24,0,0,0,24
02/03/2023,IFP,AZ,AWP,WE,Federal Contract Tower,3,0,1,1,5,0,1,26,0,27,3,1,27,1,32,10,0,10,42
02/04/2023,IFP,AZ,AWP,WE,Federal Contract Tower,1,0,2,0,3,0,0,24,8,32,1,0,26,8,35,10,30,40,75
02/05/2023,IFP,AZ,AWP,WE,Federal Contract Tower,3,0,0,0,3,0,8,17,3,28,3,8,17,3,31,16,0,16,47
02/06/2023,IFP,AZ,AWP,WE,Federal Contract Tower,4,0,1,1,6,0,4,9,4,17,4,4,10,5,23,0,6,6,29
02/07/2023,IFP,AZ,AWP,WE,Federal Contract Tower,2,0,0,1,3,0,3,16,2,21,2,3,16,3,24,2,0,2,26
02/08/2023,IFP,AZ,AWP,WE,Federal Contract Tower,2,0,2,0,4,0,3,28,1,32,2,3,30,1,36,8,0,8,44
02/09/2023,IFP,AZ,AWP,WE,Federal Contract Tower,3,1,2,1,7,0,1,10,2,13,3,2,12,3,20,0,0,0,20
02/10/2023,IFP,AZ,AWP,WE,Federal Contract Tower,5,0,0,0,5,0,6,8,0,14,5,6,8,0,19,0,0,0,19
02/11/2023,IFP,AZ,AWP,WE,Federal Contract Tower,3,0,3,0,6,0,7,11,9,27,3,7,14,9,33,2,14,16,49
02/12/2023,IFP,AZ,AWP,WE,Federal Contract Tower,3,2,0,0,5,1,4,10,2,17,4,6,10,2,22,8,0,8,30
02/13/2023,IFP,AZ,AWP,WE,Federal Contract Tower,3,0,2,0,5,0,0,9,2,11,3,0,11,2,16,6,2,8,24
02/14/2023,IFP,AZ,AWP,WE,Federal Contract Tower,2,1,0,0,3,0,4,1,2,7,2,5,1,2,10,0,0,0,10
02/15/2023,IFP,AZ,AWP,WE,Federal Contract Tower,1,0,0,0,1,0,6,11,2,19,1,6,11,2,20,6,0,6,26
02/16/2023,IFP,AZ,AWP,WE,Federal Contract Tower,2,0,0,0,2,0,6,12,1,19,2,6,12,1,21,0,0,0,21
02/17/2023,IFP,AZ,AWP,WE,Federal Contract Tower,4,0,0,0,4,0,13,11,1,25,4,13,11,1,29,0,0,0,29
02/18/2023,IFP,AZ,AWP,WE,Federal Contract Tower,3,0,2,0,5,0,6,14,0,20,3,6,16,0,25,6,0,6,31
02/19/2023,IFP,AZ,AWP,WE,Federal Contract Tower,3,0,2,0,5,0,1,25,4,30,3,1,27,4,35,0,0,0,35
02/20/2023,IFP,AZ,AWP,WE,Federal Contract Tower,1,0,1,0,2,0,6,21,2,29,1,6,22,2,31,26,0,26,57
02/21/2023,IFP,AZ,AWP,WE,Federal Contract Tower,1,0,0,0,1,0,3,19,0,22,1,3,19,0,23,12,0,12,35
02/22/2023,IFP,AZ,AWP,WE,Federal Contract Tower,4,0,2,0,6,0,3,2,0,5,4,3,4,0,11,2,0,2,13
02/23/2023,IFP,AZ,AWP,WE,Federal Contract Tower,2,2,0,0,4,0,2,2,0,4,2,4,2,0,8,0,0,0,8
02/24/2023,IFP,AZ,AWP,WE,Federal Contract Tower,5,0,0,0,5,0,10,17,0,27,5,10,17,0,32,12,0,12,44
02/25/2023,IFP,AZ,AWP,WE,Federal Contract Tower,1,0,0,0,1,0,7,6,0,13,1,7,6,0,14,6,0,6,20
02/26/2023,IFP,AZ,AWP,WE,Federal Contract Tower,3,3,1,0,7,0,4,23,0,27,3,7,24,0,34,22,0,22,56
02/27/2023,IFP,AZ,AWP,WE,Federal Contract Tower,2,0,3,0,5,0,5,20,0,25,2,5,23,0,30,8,0,8,38
02/28/2023,IFP,AZ,AWP,WE,Federal Contract Tower,1,0,1,1,3,0,5,20,5,30,1,5,21,6,33,12,0,12,45
03/01/2023,IFP,AZ,AWP,WE,Federal Contract Tower,1,2,2,0,5,0,1,0,0,1,1,3,2,0,6,0,0,0,6
03/02/2023,IFP,AZ,AWP,WE,Federal Contract Tower,4,0,0,0,4,0,1,15,0,16,4,1,15,0,20,0,0,0,20
03/03/2023,IFP,AZ,AWP,WE,Federal Contract Tower,3,0,1,0,4,0,3,32,0,35,3,3,33,0,39,4,0,4,43
03/04/2023,IFP,AZ,AWP,WE,Federal Contract Tower,1,0,0,0,1,0,7,15,4,26,1,7,15,4,27,4,0,4,31
03/05/2023,IFP,AZ,AWP,WE,Federal Contract Tower,4,0,0,0,4,0,2,6,0,8,4,2,6,0,12,0,0,0,12
03/06/2023,IFP,AZ,AWP,WE,Federal Contract Tower,3,1,1,0,5,0,2,16,0,18,3,3,17,0,23,18,0,18,41
03/07/2023,IFP,AZ,AWP,WE,Federal Contract Tower,1,0,0,0,1,0,4,17,0,21,1,4,17,0,22,16,0,16,38
03/08/2023,IFP,AZ,AWP,WE,Federal Contract Tower,1,0,1,1,3,0,2,6,1,9,1,2,7,2,12,0,0,0,12
03/09/2023,IFP,AZ,AWP,WE,Federal Contract Tower,4,0,1,0,5,0,3,29,0,32,4,3,30,0,37,4,0,4,41
03/10/2023,IFP,AZ,AWP,WE,Federal Contract Tower,3,0,1,1,5,0,6,5,0,11,3,6,6,1,16,0,0,0,16
03/11/2023,IFP,AZ,AWP,WE,Federal Contract Tower,0,0,6,0,6,0,0,12,0,12,0,0,18,0,18,28,0,28,46
03/12/2023,IFP,AZ,AWP,WE,Federal Contract Tower,2,0,5,0,7,0,7,26,0,33,2,7,31,0,40,2,0,2,42
03/13/2023,IFP,AZ,AWP,WE,Federal Contract Tower,4,0,4,1,9,0,8,23,0,31,4,8,27,1,40,22,0,22,62
03/14/2023,IFP,AZ,AWP,WE,Federal Contract Tower,2,2,2,1,7,0,6,20,2,28,2,8,22,3,35,8,0,8,43
03/15/2023,IFP,AZ,AWP,WE,Federal Contract Tower,2,1,8,0,11,0,0,0,0,0,2,1,8,0,11,0,0,0,11
03/16/2023,IFP,AZ,AWP,WE,Federal Contract Tower,3,0,4,0,7,1,5,12,2,20,4,5,16,2,27,0,0,0,27
03/17/2023,IFP,AZ,AWP,WE,Federal Contract Tower,5,3,0,0,8,0,6,31,1,38,5,9,31,1,46,4,0,4,50
03/18/2023,IFP,AZ,AWP,WE,Federal Contract Tower,1,1,1,0,3,0,2,11,1,14,1,3,12,1,17,4,0,4,21
03/19/2023,IFP,AZ,AWP,WE,Federal Contract Tower,4,0,3,0,7,0,5,24,0,29,4,5,27,0,36,6,0,6,42
03/20/2023,IFP,AZ,AWP,WE,Federal Contract Tower,4,0,0,1,5,0,7,15,1,23,4,7,15,2,28,0,0,0,28
03/21/2023,IFP,AZ,AWP,WE,Federal Contract Tower,3,0,3,1,7,0,3,7,1,11,3,3,10,2,18,8,20,28,46
03/22/2023,IFP,AZ,AWP,WE,Federal Contract Tower,2,1,0,0,3,0,3,10,1,14,2,4,10,1,17,6,0,6,23
03/23/2023,IFP,AZ,AWP,WE,Federal Contract Tower,3,0,5,0,8,0,1,28,1,30,3,1,33,1,38,14,0,14,52
03/24/2023,IFP,AZ,AWP,WE,Federal Contract Tower,3,2,5,0,10,0,15,32,3,50,3,17,37,3,60,14,38,52,112
03/25/2023,IFP,AZ,AWP,WE,Federal Contract Tower,1,0,1,0,2,0,5,13,0,18,1,5,14,0,20,0,0,0,20
03/26/2023,IFP,AZ,AWP,WE,Federal Contract Tower,3,1,0,0,4,0,9,36,0,45,3,10,36,0,49,2,0,2,51
03/27/2023,IFP,AZ,AWP,WE,Federal Contract Tower,3,2,1,0,6,0,8,10,0,18,3,10,11,0,24,0,0,0,24
03/28/2023,IFP,AZ,AWP,WE,Federal Contract Tower,1,0,0,0,1,0,13,13,1,27,1,13,13,1,28,0,6,6,34
03/29/2023,IFP,AZ,AWP,WE,Federal Contract Tower,1,0,1,0,2,0,1,3,0,4,1,1,4,0,6,0,0,0,6
03/30/2023,IFP,AZ,AWP,WE,Federal Contract Tower,3,2,3,1,9,0,5,17,1,23,3,7,20,2,32,6,2,8,40
03/31/2023,IFP,AZ,AWP,WE,Federal Contract Tower,2,1,3,1,7,0,6,37,5,48,2,7,40,6,55,4,0,4,59
04/01/2023,IFP,AZ,AWP,WE,Federal Contract Tower,0,2,0,0,2,0,4,54,0,58,0,6,54,0,60,0,0,0,60
04/02/2023,IFP,AZ,AWP,WE,Federal Contract Tower,4,0,5,1,10,0,10,32,2,44,4,10,37,3,54,10,0,10,64
04/03/2023,IFP,AZ,AWP,WE,Federal Contract Tower,4,0,0,1,5,0,2,2,1,5,4,2,2,2,10,0,0,0,10
04/04/2023,IFP,AZ,AWP,WE,Federal Contract Tower,2,0,0,0,2,0,15,21,0,36,2,15,21,0,38,0,0,0,38
04/05/2023,IFP,AZ,AWP,WE,Federal Contract Tower,0,0,2,0,2,0,9,19,0,28,0,9,21,0,30,12,0,12,42
04/06/2023,IFP,AZ,AWP,WE,Federal Contract Tower,3,1,2,0,6,0,5,16,0,21,3,6,18,0,27,0,0,0,27
04/07/2023,IFP,AZ,AWP,WE,Federal Contract Tower,4,1,0,0,5,0,8,9,4,21,4,9,9,4,26,6,4,10,36
04/08/2023,IFP,AZ,AWP,WE,Federal Contract Tower,1,1,0,0,2,0,6,17,0,23,1,7,17,0,25,8,0,8,33
04/09/2023,IFP,AZ,AWP,WE,Federal Contract Tower,2,0,2,0,4,0,6,18,0,24,2,6,20,0,28,8,0,8,36
04/10/2023,IFP,AZ,AWP,WE,Federal Contract Tower,3,0,1,0,4,0,5,28,1,34,3,5,29,1,38,6,0,6,44
04/11/2023,IFP,AZ,AWP,WE,Federal Contract Tower,2,0,0,0,2,0,1,30,4,35,2,1,30,4,37,16,0,16,53
04/12/2023,IFP,AZ,AWP,WE,Federal Contract Tower,1,0,0,0,1,0,9,22,2,33,1,9,22,2,34,8,0,8,42
04/13/2023,IFP,AZ,AWP,WE,Federal Contract Tower,4,0,0,0,4,0,1,23,3,27,4,1,23,3,31,0,10,10,41
04/14/2023,IFP,AZ,AWP,WE,Federal Contract Tower,3,0,2,0,5,0,6,23,0,29,3,6,25,0,34,24,0,24,58
04/15/2023,IFP,AZ,AWP,WE,Federal Contract Tower,1,0,4,0,5,0,16,60,0,76,1,16,64,0,81,26,0,26,107
04/16/2023,IFP,AZ,AWP,WE,Federal Contract Tower,3,0,3,0,6,0,8,23,0,31,3,8,26,0,37,0,0,0,37
04/17/2023,IFP,AZ,AWP,WE,Federal Contract Tower,3,0,0,0,3,0,8,9,0,17,3,8,9,0,20,2,0,2,22
04/18/2023,IFP,AZ,AWP,WE,Federal Contract Tower,2,0,2,0,4,0,2,4,4,10,2,2,6,4,14,0,0,0,14
04/19/2023,IFP,AZ,AWP,WE,Federal Contract Tower,2,0,0,0,2,0,8,5,0,13,2,8,5,0,15,0,0,0,15
04/20/2023,IFP,AZ,AWP,WE,Federal Contract Tower,3,0,1,0,4,0,3,7,0,10,3,3,8,0,14,0,0,0,14
04/21/2023,IFP,AZ,AWP,WE,Federal Contract Tower,2,0,1,0,3,0,2,20,0,22,2,2,21,0,25,8,0,8,33
04/22/2023,IFP,AZ,AWP,WE,Federal Contract Tower,3,0,2,0,5,0,2,18,0,20,3,2,20,0,25,0,0,0,25
04/23/2023,IFP,AZ,AWP,WE,Federal Contract Tower,4,0,1,0,5,0,7,35,0,42,4,7,36,0,47,0,0,0,47
04/24/2023,IFP,AZ,AWP,WE,Federal Contract Tower,3,0,0,0,3,0,0,9,0,9,3,0,9,0,12,6,0,6,18
04/25/2023,IFP,AZ,AWP,WE,Federal Contract Tower,1,0,1,1,3,0,1,14,1,16,1,1,15,2,19,0,0,0,19
04/26/2023,IFP,AZ,AWP,WE,Federal Contract Tower,2,0,1,0,3,0,0,18,0,18,2,0,19,0,21,0,0,0,21
04/27/2023,IFP,AZ,AWP,WE,Federal Contract Tower,4,0,0,2,6,0,8,23,2,33,4,8,23,4,39,2,0,2,41
04/28/2023,IFP,AZ,AWP,WE,Federal Contract Tower,3,1,2,0,6,0,13,27,4,44,3,14,29,4,50,0,0,0,50
04/29/2023,IFP,AZ,AWP,WE,Federal Contract Tower,1,0,2,0,3,0,4,24,0,28,1,4,26,0,31,6,0,6,37
04/30/2023,IFP,AZ,AWP,WE,Federal Contract Tower,6,0,1,0,7,0,7,22,0,29,6,7,23,0,36,2,0,2,38
05/01/2023,IFP,AZ,AWP,WE,Federal Contract Tower,3,0,1,0,4,0,8,2,2,12,3,8,3,2,16,0,0,0,16
05/02/2023,IFP,AZ,AWP,WE,Federal Contract Tower,1,2,1,1,5,0,6,7,3,16,1,8,8,4,21,0,4,4,25
05/03/2023,IFP,AZ,AWP,WE,Federal Contract Tower,1,0,1,0,2,0,4,11,0,15,1,4,12,0,17,12,0,12,29
05/04/2023,IFP,AZ,AWP,WE,Federal Contract Tower,4,2,3,1,10,0,6,16,2,24,4,8,19,3,34,4,0,4,38
05/05/2023,IFP,AZ,AWP,WE,Federal Contract Tower,2,0,5,1,8,0,0,23,1,24,2,0,28,2,32,14,16,30,62
05/06/2023,IFP,AZ,AWP,WE,Federal Contract Tower,1,0,2,0,3,0,6,17,0,23,1,6,19,0,26,12,0,12,38
05/07/2023,IFP,AZ,AWP,WE,Federal Contract Tower,2,0,3,0,5,0,3,21,4,28,2,3,24,4,33,0,0,0,33
05/08/2023,IFP,AZ,AWP,WE,Federal Contract Tower,1,0,2,0,3,0,7,20,0,27,1,7,22,0,30,0,0,0,30
05/09/2023,IFP,AZ,AWP,WE,Federal Contract Tower,1,0,2,2,5,0,0,16,0,16,1,0,18,2,21,0,0,0,21
05/10/2023,IFP,AZ,AWP,WE,Federal Contract Tower,1,0,2,0,3,0,4,17,0,21,1,4,19,0,24,0,0,0,24
05/11/2023,IFP,AZ,AWP,WE,Federal Contract Tower,1,0,4,0,5,0,11,25,1,37,1,11,29,1,42,12,0,12,54
05/12/2023,IFP,AZ,AWP,WE,Federal Contract Tower,1,0,3,1,5,0,1,39,2,42,1,1,42,3,47,12,12,24,71
05/13/2023,IFP,AZ,AWP,WE,Federal Contract Tower,2,0,1,0,3,0,0,20,0,20,2,0,21,0,23,4,0,4,27
05/14/2023,IFP,AZ,AWP,WE,Federal Contract Tower,1,2,0,0,3,0,6,25,2,33,1,8,25,2,36,6,0,6,42
05/15/2023,IFP,AZ,AWP,WE,Federal Contract Tower,2,0,1,0,3,0,2,29,0,31,2,2,30,0,34,22,0,22,56
05/16/2023,IFP,AZ,AWP,WE,Federal Contract Tower,3,0,1,0,4,0,8,17,0,25,3,8,18,0,29,6,0,6,35
05/17/2023,IFP,AZ,AWP,WE,Federal Contract Tower,2,2,2,0,6,0,0,23,0,23,2,2,25,0,29,4,0,4,33
05/18/2023,IFP,AZ,AWP,WE,Federal Contract Tower,1,0,1,1,3,0,4,32,1,37,1,4,33,2,40,16,0,16,56
05/19/2023,IFP,AZ,AWP,WE,Federal Contract Tower,2,0,3,0,5,0,2,17,0,19,2,2,20,0,24,10,0,10,34
05/20/2023,IFP,AZ,AWP,WE,Federal Contract Tower,2,1,2,0,5,0,11,16,0,27,2,12,18,0,32,14,0,14,46
05/21/2023,IFP,AZ,AWP,WE,Federal Contract Tower,1,1,0,0,2,0,6,15,0,21,1,7,15,0,23,6,0,6,29
05/22/2023,IFP,AZ,AWP,WE,Federal Contract Tower,1,0,0,0,1,0,6,10,0,16,1,6,10,0,17,0,0,0,17
05/23/2023,IFP,AZ,AWP,WE,Federal Contract Tower,2,2,4,0,8,0,3,12,0,15,2,5,16,0,23,0,0,0,23
05/24/2023,IFP,AZ,AWP,WE,Federal Contract Tower,4,1,1,0,6,0,4,31,0,35,4,5,32,0,41,2,0,2,43
05/25/2023,IFP,AZ,AWP,WE,Federal Contract Tower,2,0,1,0,3,0,14,18,0,32,2,14,19,0,35,2,0,2,37
05/26/2023,IFP,AZ,AWP,WE,Federal Contract Tower,1,0,0,0,1,0,10,30,0,40,1,10,30,0,41,0,0,0,41
05/27/2023,IFP,AZ,AWP,WE,Federal Contract Tower,3,0,4,0,7,0,7,46,0,53,3,7,50,0,60,4,0,4,64
05/28/2023,IFP,AZ,AWP,WE,Federal Contract Tower,1,0,2,0,3,0,6,11,0,17,1,6,13,0,20,2,0,2,22
05/29/2023,IFP,AZ,AWP,WE,Federal Contract Tower,2,0,1,0,3,0,0,15,0,15,2,0,16,0,18,0,0,0,18
05/30/2023,IFP,AZ,AWP,WE,Federal Contract Tower,1,4,2,0,7,0,6,20,0,26,1,10,22,0,33,14,0,14,47
05/31/2023,IFP,AZ,AWP,WE,Federal Contract Tower,3,0,0,0,3,0,7,31,0,38,3,7,31,0,41,16,0,16,57
06/01/2023,IFP,AZ,AWP,WE,Federal Contract Tower,1,0,1,2,4,0,2,7,0,9,1,2,8,2,13,0,0,0,13
06/02/2023,IFP,AZ,AWP,WE,Federal Contract Tower,2,0,5,2,9,0,5,25,0,30,2,5,30,2,39,10,0,10,49
06/03/2023,IFP,AZ,AWP,WE,Federal Contract Tower,1,0,0,0,1,0,2,22,0,24,1,2,22,0,25,10,0,10,35
06/04/2023,IFP,AZ,AWP,WE,Federal Contract Tower,2,0,0,0,2,0,2,26,0,28,2,2,26,0,30,12,0,12,42
06/05/2023,IFP,AZ,AWP,WE,Federal Contract Tower,1,0,1,0,2,0,5,20,0,25,1,5,21,0,27,4,0,4,31
06/06/2023,IFP,AZ,AWP,WE,Federal Contract Tower,1,2,2,0,5,0,1,9,0,10,1,3,11,0,15,4,0,4,19
06/07/2023,IFP,AZ,AWP,WE,Federal Contract Tower,1,0,3,4,8,0,1,20,0,21,1,1,23,4,29,6,0,6,35
06/08/2023,IFP,AZ,AWP,WE,Federal Contract Tower,2,0,0,1,3,0,5,13,2,20,2,5,13,3,23,20,0,20,43
06/09/2023,IFP,AZ,AWP,WE,Federal Contract Tower,2,2,1,2,7,0,6,26,0,32,2,8,27,2,39,12,0,12,51
06/10/2023,IFP,AZ,AWP,WE,Federal Contract Tower,1,0,1,5,7,0,6,24,1,31,1,6,25,6,38,0,2,2,40
06/11/2023,IFP,AZ,AWP,WE,Federal Contract Tower,1,0,0,0,1,0,1,21,2,24,1,1,21,2,25,18,0,18,43
06/12/2023,IFP,AZ,AWP,WE,Federal Contract Tower,3,0,1,0,4,0,7,24,0,31,3,7,25,0,35,8,0,8,43
06/13/2023,IFP,AZ,AWP,WE,Federal Contract Tower,1,0,1,0,2,0,5,25,0,30,1,5,26,0,32,18,0,18,50
06/14/2023,IFP,AZ,AWP,WE,Federal Contract Tower,1,0,2,0,3,0,2,23,0,25,1,2,25,0,28,0,0,0,28
06/15/2023,IFP,AZ,AWP,WE,Federal Contract Tower,1,1,3,0,5,0,5,9,0,14,1,6,12,0,19,0,0,0,19
06/16/2023,IFP,AZ,AWP,WE,Federal Contract Tower,2,0,1,0,3,0,5,7,0,12,2,5,8,0,15,0,0,0,15
06/17/2023,IFP,AZ,AWP,WE,Federal Contract Tower,1,1,1,0,3,0,11,11,0,22,1,12,12,0,25,6,0,6,31
06/19/2023,IFP,AZ,AWP,WE,Federal Contract Tower,1,0,2,0,3,0,14,6,0,20,1,14,8,0,23,0,0,0,23
06/20/2023,IFP,AZ,AWP,WE,Federal Contract Tower,3,1,0,0,4,0,1,19,0,20,3,2,19,0,24,2,0,2,26
06/21/2023,IFP,AZ,AWP,WE,Federal Contract Tower,1,0,2,0,3,0,12,15,0,27,1,12,17,0,30,2,0,2,32
06/22/2023,IFP,AZ,AWP,WE,Federal Contract Tower,1,0,1,0,2,0,2,13,0,15,1,2,14,0,17,18,0,18,35
06/23/2023,IFP,AZ,AWP,WE,Federal Contract Tower,2,0,1,6,9,0,9,21,5,35,2,9,22,11,44,16,0,16,60
06/24/2023,IFP,AZ,AWP,WE,Federal Contract Tower,4,0,1,0,5,0,0,13,0,13,4,0,14,0,18,6,0,6,24
06/25/2023,IFP,AZ,AWP,WE,Federal Contract Tower,1,0,3,0,4,0,3,16,0,19,1,3,19,0,23,4,0,4,27
06/26/2023,IFP,AZ,AWP,WE,Federal Contract Tower,1,0,1,0,2,0,7,7,6,20,1,7,8,6,22,0,0,0,22
06/27/2023,IFP,AZ,AWP,WE,Federal Contract Tower,2,0,2,0,4,0,0,18,0,18,2,0,20,0,22,12,0,12,34
06/28/2023,IFP,AZ,AWP,WE,Federal Contract Tower,2,0,1,0,3,0,6,9,0,15,2,6,10,0,18,0,0,0,18
06/29/2023,IFP,AZ,AWP,WE,Federal Contract Tower,1,1,2,0,4,0,0,31,0,31,1,1,33,0,35,10,0,10,45
06/30/2023,IFP,AZ,AWP,WE,Federal Contract Tower,3,0,3,0,6,0,7,11,0,18,3,7,14,0,24,0,0,0,24
07/01/2023,IFP,AZ,AWP,WE,Federal Contract Tower,1,0,0,0,1,0,9,12,0,21,1,9,12,0,22,0,0,0,22
07/02/2023,IFP,AZ,AWP,WE,Federal Contract Tower,1,0,2,0,3,0,8,14,0,22,1,8,16,0,25,2,0,2,27
07/03/2023,IFP,AZ,AWP,WE,Federal Contract Tower,3,0,0,0,3,0,2,4,0,6,3,2,4,0,9,0,0,0,9
07/04/2023,IFP,AZ,AWP,WE,Federal Contract Tower,1,0,0,0,1,0,2,4,0,6,1,2,4,0,7,0,0,0,7
07/05/2023,IFP,AZ,AWP,WE,Federal Contract Tower,2,0,3,0,5,0,4,9,0,13,2,4,12,0,18,0,0,0,18
07/06/2023,IFP,AZ,AWP,WE,Federal Contract Tower,1,0,2,0,3,0,9,13,2,24,1,9,15,2,27,4,0,4,31
07/07/2023,IFP,AZ,AWP,WE,Federal Contract Tower,2,0,1,0,3,0,9,14,0,23,2,9,15,0,26,10,0,10,36
07/08/2023,IFP,AZ,AWP,WE,Federal Contract Tower,1,0,3,0,4,0,1,12,0,13,1,1,15,0,17,4,0,4,21
07/09/2023,IFP,AZ,AWP,WE,Federal Contract Tower,1,0,0,0,1,0,8,6,0,14,1,8,6,0,15,4,0,4,19
07/10/2023,IFP,AZ,AWP,WE,Federal Contract Tower,1,0,0,0,1,0,0,14,0,14,1,0,14,0,15,0,0,0,15
07/11/2023,IFP,AZ,AWP,WE,Federal Contract Tower,2,0,2,0,4,0,2,18,0,20,2,2,20,0,24,10,0,10,34
07/12/2023,IFP,AZ,AWP,WE,Federal Contract Tower,1,0,2,0,3,0,4,4,0,8,1,4,6,0,11,0,0,0,11
07/13/2023,IFP,AZ,AWP,WE,Federal Contract Tower,3,0,1,0,4,0,0,12,0,12,3,0,13,0,16,0,0,0,16
07/14/2023,IFP,AZ,AWP,WE,Federal Contract Tower,1,0,2,0,3,0,2,17,0,19,1,2,19,0,22,10,0,10,32
07/15/2023,IFP,AZ,AWP,WE,Federal Contract Tower,0,0,0,0,0,0,4,6,0,10,0,4,6,0,10,0,0,0,10
07/16/2023,IFP,AZ,AWP,WE,Federal Contract Tower,2,0,2,0,4,0,10,6,0,16,2,10,8,0,20,0,0,0,20
07/17/2023,IFP,AZ,AWP,WE,Federal Contract Tower,2,0,2,0,4,0,4,8,0,12,2,4,10,0,16,6,0,6,22
07/18/2023,IFP,AZ,AWP,WE,Federal Contract Tower,0,0,2,0,2,0,11,12,0,23,0,11,14,0,25,2,0,2,27
07/19/2023,IFP,AZ,AWP,WE,Federal Contract Tower,2,0,0,0,2,0,2,8,0,10,2,2,8,0,12,0,0,0,12
07/20/2023,IFP,AZ,AWP,WE,Federal Contract Tower,1,0,1,0,2,0,0,9,0,9,1,0,10,0,11,0,0,0,11
07/21/2023,IFP,AZ,AWP,WE,Federal Contract Tower,2,0,4,0,6,0,4,11,0,15,2,4,15,0,21,0,0,0,21
07/22/2023,IFP,AZ,AWP,WE,Federal Contract Tower,1,0,0,0,1,0,0,7,0,7,1,0,7,0,8,0,0,0,8
07/23/2023,IFP,AZ,AWP,WE,Federal Contract Tower,1,0,1,0,2,0,1,17,0,18,1,1,18,0,20,0,0,0,20
07/24/2023,IFP,AZ,AWP,WE,Federal Contract Tower,1,0,1,0,2,0,3,7,0,10,1,3,8,0,12,0,0,0,12
07/25/2023,IFP,AZ,AWP,WE,Federal Contract Tower,3,0,1,0,4,0,6,8,0,14,3,6,9,0,18,0,0,0,18
07/26/2023,IFP,AZ,AWP,WE,Federal Contract Tower,1,0,0,0,1,0,6,10,2,18,1,6,10,2,19,2,0,2,21
07/27/2023,IFP,AZ,AWP,WE,Federal Contract Tower,1,0,1,0,2,0,1,13,0,14,1,1,14,0,16,0,0,0,16
07/28/2023,IFP,AZ,AWP,WE,Federal Contract Tower,3,0,1,0,4,0,6,12,0,18,3,6,13,0,22,8,0,8,30
07/29/2023,IFP,AZ,AWP,WE,Federal Contract Tower,2,0,1,0,3,0,4,8,0,12,2,4,9,0,15,0,0,0,15
07/30/2023,IFP,AZ,AWP,WE,Federal Contract Tower,1,0,3,0,4,0,2,6,0,8,1,2,9,0,12,0,0,0,12
07/31/2023,IFP,AZ,AWP,WE,Federal Contract Tower,1,0,0,0,1,0,3,11,0,14,1,3,11,0,15,16,0,16,31
08/01/2023,IFP,AZ,AWP,WE,Federal Contract Tower,1,0,0,0,1,0,8,10,0,18,1,8,10,0,19,6,0,6,25
08/02/2023,IFP,AZ,AWP,WE,Federal Contract Tower,1,1,3,0,5,0,0,16,0,16,1,1,19,0,21,0,0,0,21
08/03/2023,IFP,AZ,AWP,WE,Federal Contract Tower,1,0,2,0,3,0,8,4,0,12,1,8,6,0,15,0,0,0,15
08/04/2023,IFP,AZ,AWP,WE,Federal Contract Tower,2,0,2,0,4,0,0,21,3,24,2,0,23,3,28,2,16,18,46
08/05/2023,IFP,AZ,AWP,WE,Federal Contract Tower,3,0,0,0,3,0,3,8,4,15,3,3,8,4,18,8,0,8,26
08/06/2023,IFP,AZ,AWP,WE,Federal Contract Tower,1,0,2,0,3,0,6,10,0,16,1,6,12,0,19,0,0,0,19
08/07/2023,IFP,AZ,AWP,WE,Federal Contract Tower,1,0,2,0,3,0,0,8,0,8,1,0,10,0,11,0,0,0,11
08/08/2023,IFP,AZ,AWP,WE,Federal Contract Tower,1,0,1,0,2,0,0,10,0,10,1,0,11,0,12,0,0,0,12
08/09/2023,IFP,AZ,AWP,WE,Federal Contract Tower,2,0,1,0,3,0,2,9,0,11,2,2,10,0,14,12,0,12,26
08/10/2023,IFP,AZ,AWP,WE,Federal Contract Tower,1,2,0,0,3,0,5,16,0,21,1,7,16,0,24,8,0,8,32
08/11/2023,IFP,AZ,AWP,WE,Federal Contract Tower,1,0,4,0,5,0,0,24,0,24,1,0,28,0,29,4,0,4,33
08/12/2023,IFP,AZ,AWP,WE,Federal Contract Tower,2,0,0,0,2,0,4,13,2,19,2,4,13,2,21,16,0,16,37
08/13/2023,IFP,AZ,AWP,WE,Federal Contract Tower,2,2,1,0,5,0,2,11,0,13,2,4,12,0,18,0,0,0,18
08/14/2023,IFP,AZ,AWP,WE,Federal Contract Tower,1,0,1,0,2,0,4,22,0,26,1,4,23,0,28,12,0,12,40
08/15/2023,IFP,AZ,AWP,WE,Federal Contract Tower,1,0,1,0,2,0,2,13,0,15,1,2,14,0,17,10,0,10,27
08/16/2023,IFP,AZ,AWP,WE,Federal Contract Tower,2,0,1,0,3,0,2,12,0,14,2,2,13,0,17,0,0,0,17
08/17/2023,IFP,AZ,AWP,WE,Federal Contract Tower,1,0,1,0,2,0,8,15,0,23,1,8,16,0,25,6,0,6,31
08/18/2023,IFP,AZ,AWP,WE,Federal Contract Tower,1,0,0,0,1,0,5,5,0,10,1,5,5,0,11,2,0,2,13
08/19/2023,IFP,AZ,AWP,WE,Federal Contract Tower,0,0,0,0,0,0,0,2,0,2,0,0,2,0,2,0,0,0,2
08/20/2023,IFP,AZ,AWP,WE,Federal Contract Tower,1,0,0,0,1,0,0,0,0,0,1,0,0,0,1,0,0,0,1
08/21/2023,IFP,AZ,AWP,WE,Federal Contract Tower,0,0,2,0,2,0,3,3,0,6,0,3,5,0,8,0,0,0,8
08/22/2023,IFP,AZ,AWP,WE,Federal Contract Tower,1,0,3,0,4,0,2,26,0,28,1,2,29,0,32,6,0,6,38
08/23/2023,IFP,AZ,AWP,WE,Federal Contract Tower,2,0,1,1,4,0,10,23,0,33,2,10,24,1,37,12,0,12,49
08/24/2023,IFP,AZ,AWP,WE,Federal Contract Tower,1,1,1,0,3,0,0,15,0,15,1,1,16,0,18,12,0,12,30
08/25/2023,IFP,AZ,AWP,WE,Federal Contract Tower,2,2,3,0,7,0,5,21,0,26,2,7,24,0,33,8,0,8,41
08/26/2023,IFP,AZ,AWP,WE,Federal Contract Tower,2,0,3,0,5,0,0,25,0,25,2,0,28,0,30,24,0,24,54
08/27/2023,IFP,AZ,AWP,WE,Federal Contract Tower,1,0,0,0,1,0,5,12,4,21,1,5,12,4,22,10,0,10,32
08/28/2023,IFP,AZ,AWP,WE,Federal Contract Tower,1,0,3,0,4,0,3,15,2,20,1,3,18,2,24,12,18,30,54
08/29/2023,IFP,AZ,AWP,WE,Federal Contract Tower,2,0,3,0,5,0,6,10,0,16,2,6,13,0,21,14,0,14,35
08/30/2023,IFP,AZ,AWP,WE,Federal Contract Tower,1,1,3,0,5,0,2,10,2,14,1,3,13,2,19,0,0,0,19
08/31/2023,IFP,AZ,AWP,WE,Federal Contract Tower,1,0,2,0,3,0,2,10,0,12,1,2,12,0,15,0,0,0,15
01/01/2020,IFP,AZ,AWP,WE,Federal Contract Tower,4,0,0,0,4,0,5,13,0,18,4,5,13,0,22,0,0,0,22
01/02/2020,IFP,AZ,AWP,WE,Federal Contract Tower,4,0,0,0,4,0,0,23,0,23,4,0,23,0,27,2,0,2,29
01/03/2020,IFP,AZ,AWP,WE,Federal Contract Tower,3,0,4,0,7,0,3,10,2,15,3,3,14,2,22,0,0,0,22
01/04/2020,IFP,AZ,AWP,WE,Federal Contract Tower,4,0,2,0,6,0,4,32,0,36,4,4,34,0,42,0,0,0,42
01/05/2020,IFP,AZ,AWP,WE,Federal Contract Tower,3,0,0,0,3,0,2,24,0,26,3,2,24,0,29,0,0,0,29
01/06/2020,IFP,AZ,AWP,WE,Federal Contract Tower,3,0,1,0,4,0,3,7,0,10,3,3,8,0,14,0,0,0,14
01/07/2020,IFP,AZ,AWP,WE,Federal Contract Tower,1,0,2,0,3,0,15,13,0,28,1,15,15,0,31,0,0,0,31
01/08/2020,IFP,AZ,AWP,WE,Federal Contract Tower,3,0,2,1,6,0,9,22,1,32,3,9,24,2,38,0,0,0,38
01/09/2020,IFP,AZ,AWP,WE,Federal Contract Tower,7,0,2,0,9,0,10,15,1,26,7,10,17,1,35,10,0,10,45
01/10/2020,IFP,AZ,AWP,WE,Federal Contract Tower,6,0,0,0,6,0,15,16,4,35,6,15,16,4,41,0,4,4,45
01/11/2020,IFP,AZ,AWP,WE,Federal Contract Tower,3,0,6,0,9,0,3,19,0,22,3,3,25,0,31,0,0,0,31
01/12/2020,IFP,AZ,AWP,WE,Federal Contract Tower,6,0,0,0,6,0,0,8,35,43,6,0,8,35,49,10,0,10,59
01/13/2020,IFP,AZ,AWP,WE,Federal Contract Tower,5,0,0,0,5,0,3,19,0,22,5,3,19,0,27,0,0,0,27
01/14/2020,IFP,AZ,AWP,WE,Federal Contract Tower,1,0,0,0,1,0,11,22,1,34,1,11,22,1,35,0,0,0,35
01/15/2020,IFP,AZ,AWP,WE,Federal Contract Tower,3,0,0,0,3,0,3,14,1,18,3,3,14,1,21,0,0,0,21
01/16/2020,IFP,AZ,AWP,WE,Federal Contract Tower,6,0,0,0,6,0,5,14,0,19,6,5,14,0,25,8,0,8,33
01/17/2020,IFP,AZ,AWP,WE,Federal Contract Tower,4,0,1,3,8,0,11,19,7,37,4,11,20,10,45,4,8,12,57
01/18/2020,IFP,AZ,AWP,WE,Federal Contract Tower,1,0,2,0,3,0,7,16,0,23,1,7,18,0,26,0,0,0,26
01/19/2020,IFP,AZ,AWP,WE,Federal Contract Tower,5,0,1,0,6,0,2,3,0,5,5,2,4,0,11,0,0,0,11
01/20/2020,IFP,AZ,AWP,WE,Federal Contract Tower,4,0,2,0,6,0,2,22,0,24,4,2,24,0,30,6,0,6,36
01/21/2020,IFP,AZ,AWP,WE,Federal Contract Tower,4,0,1,0,5,0,5,20,4,29,4,5,21,4,34,0,14,14,48
01/22/2020,IFP,AZ,AWP,WE,Federal Contract Tower,4,0,3,0,7,0,6,21,0,27,4,6,24,0,34,4,0,4,38
01/23/2020,IFP,AZ,AWP,WE,Federal Contract Tower,4,0,0,0,4,0,16,16,0,32,4,16,16,0,36,0,0,0,36
01/24/2020,IFP,AZ,AWP,WE,Federal Contract Tower,5,0,3,1,9,0,8,22,3,33,5,8,25,4,42,8,0,8,50
01/25/2020,IFP,AZ,AWP,WE,Federal Contract Tower,4,0,0,0,4,0,0,10,29,39,4,0,10,29,43,0,0,0,43
01/26/2020,IFP,AZ,AWP,WE,Federal Contract Tower,3,0,0,4,7,0,2,37,0,39,3,2,37,4,46,0,0,0,46
01/27/2020,IFP,AZ,AWP,WE,Federal Contract Tower,5,0,0,0,5,0,4,29,0,33,5,4,29,0,38,6,0,6,44
01/28/2020,IFP,AZ,AWP,WE,Federal Contract Tower,3,0,0,0,3,0,8,13,1,22,3,8,13,1,25,0,0,0,25
01/29/2020,IFP,AZ,AWP,WE,Federal Contract Tower,4,0,0,0,4,0,2,6,0,8,4,2,6,0,12,0,0,0,12
01/30/2020,IFP,AZ,AWP,WE,Federal Contract Tower,3,0,1,0,4,0,3,12,0,15,3,3,13,0,19,0,0,0,19
01/31/2020,IFP,AZ,AWP,WE,Federal Contract Tower,5,0,0,0,5,0,12,14,3,29,5,12,14,3,34,4,0,4,38
02/01/2020,IFP,AZ,AWP,WE,Federal Contract Tower,4,0,3,0,7,0,11,26,0,37,4,11,29,0,44,0,0,0,44
02/02/2020,IFP,AZ,AWP,WE,Federal Contract Tower,5,0,2,0,7,0,8,22,9,39,5,8,24,9,46,0,0,0,46
02/03/2020,IFP,AZ,AWP,WE,Federal Contract Tower,6,0,0,0,6,0,7,12,0,19,6,7,12,0,25,2,0,2,27
02/04/2020,IFP,AZ,AWP,WE,Federal Contract Tower,1,0,1,0,2,0,6,2,4,12,1,6,3,4,14,0,0,0,14
02/05/2020,IFP,AZ,AWP,WE,Federal Contract Tower,4,0,1,0,5,0,14,13,0,27,4,14,14,0,32,0,0,0,32
02/06/2020,IFP,AZ,AWP,WE,Federal Contract Tower,4,0,0,0,4,0,6,23,0,29,4,6,23,0,33,4,0,4,37
02/07/2020,IFP,AZ,AWP,WE,Federal Contract Tower,6,0,1,0,7,0,3,19,0,22,6,3,20,0,29,2,0,2,31
02/08/2020,IFP,AZ,AWP,WE,Federal Contract Tower,4,0,0,2,6,0,3,17,0,20,4,3,17,2,26,0,0,0,26
02/09/2020,IFP,AZ,AWP,WE,Federal Contract Tower,4,0,1,0,5,0,5,5,0,10,4,5,6,0,15,0,0,0,15
02/10/2020,IFP,AZ,AWP,WE,Federal Contract Tower,4,0,1,0,5,0,5,5,0,10,4,5,6,0,15,0,0,0,15
02/11/2020,IFP,AZ,AWP,WE,Federal Contract Tower,2,0,0,0,2,0,4,6,0,10,2,4,6,0,12,0,0,0,12
02/12/2020,IFP,AZ,AWP,WE,Federal Contract Tower,4,0,0,1,5,0,11,23,0,34,4,11,23,1,39,0,0,0,39
02/13/2020,IFP,AZ,AWP,WE,Federal Contract Tower,5,0,1,0,6,0,6,24,3,33,5,6,25,3,39,0,0,0,39
02/14/2020,IFP,AZ,AWP,WE,Federal Contract Tower,5,0,1,0,6,0,0,15,5,20,5,0,16,5,26,0,0,0,26
02/15/2020,IFP,AZ,AWP,WE,Federal Contract Tower,3,0,4,0,7,0,7,32,2,41,3,7,36,2,48,6,0,6,54
02/16/2020,IFP,AZ,AWP,WE,Federal Contract Tower,6,0,2,1,9,0,5,19,0,24,6,5,21,1,33,0,0,0,33
02/17/2020,IFP,AZ,AWP,WE,Federal Contract Tower,4,0,1,0,5,1,5,17,0,23,5,5,18,0,28,0,0,0,28
02/18/2020,IFP,AZ,AWP,WE,Federal Contract Tower,2,0,0,0,2,0,5,8,0,13,2,5,8,0,15,4,0,4,19
02/19/2020,IFP,AZ,AWP,WE,Federal Contract Tower,3,0,3,0,6,0,6,19,2,27,3,6,22,2,33,0,0,0,33
02/20/2020,IFP,AZ,AWP,WE,Federal Contract Tower,5,2,4,0,11,0,2,15,0,17,5,4,19,0,28,0,0,0,28
02/21/2020,IFP,AZ,AWP,WE,Federal Contract Tower,5,4,10,2,21,0,10,33,2,45,5,14,43,4,66,6,0,6,72
02/22/2020,IFP,AZ,AWP,WE,Federal Contract Tower,6,0,4,2,12,0,2,46,0,48,6,2,50,2,60,0,0,0,60
02/23/2020,IFP,AZ,AWP,WE,Federal Contract Tower,5,2,1,1,9,0,5,91,1,97,5,7,92,2,106,0,0,0,106
02/24/2020,IFP,AZ,AWP,WE,Federal Contract Tower,3,0,0,0,3,0,7,22,0,29,3,7,22,0,32,10,0,10,42
02/25/2020,IFP,AZ,AWP,WE,Federal Contract Tower,3,0,0,1,4,1,14,12,0,27,4,14,12,1,31,0,0,0,31
02/26/2020,IFP,AZ,AWP,WE,Federal Contract Tower,5,0,1,0,6,0,5,30,0,35,5,5,31,0,41,20,0,20,61
02/27/2020,IFP,AZ,AWP,WE,Federal Contract Tower,5,0,2,0,7,0,17,21,0,38,5,17,23,0,45,0,0,0,45
02/28/2020,IFP,AZ,AWP,WE,Federal Contract Tower,4,0,4,0,8,0,2,12,0,14,4,2,16,0,22,0,0,0,22
02/29/2020,IFP,AZ,AWP,WE,Federal Contract Tower,4,1,2,0,7,0,6,47,0,53,4,7,49,0,60,16,0,16,76
03/01/2020,IFP,AZ,AWP,WE,Federal Contract Tower,5,0,2,0,7,0,10,12,0,22,5,10,14,0,29,0,0,0,29
03/02/2020,IFP,AZ,AWP,WE,Federal Contract Tower,5,0,3,1,9,0,7,7,1,15,5,7,10,2,24,0,6,6,30
03/03/2020,IFP,AZ,AWP,WE,Federal Contract Tower,2,0,0,0,2,0,0,13,0,13,2,0,13,0,15,0,0,0,15
03/04/2020,IFP,AZ,AWP,WE,Federal Contract Tower,5,0,1,0,6,0,2,16,0,18,5,2,17,0,24,0,0,0,24
03/05/2020,IFP,AZ,AWP,WE,Federal Contract Tower,4,0,1,1,6,0,0,26,2,28,4,0,27,3,34,0,0,0,34
03/06/2020,IFP,AZ,AWP,WE,Federal Contract Tower,3,0,4,0,7,0,14,23,0,37,3,14,27,0,44,0,0,0,44
03/07/2020,IFP,AZ,AWP,WE,Federal Contract Tower,5,0,2,0,7,0,4,16,0,20,5,4,18,0,27,0,0,0,27
03/08/2020,IFP,AZ,AWP,WE,Federal Contract Tower,6,0,2,0,8,0,4,23,0,27,6,4,25,0,35,0,0,0,35
03/09/2020,IFP,AZ,AWP,WE,Federal Contract Tower,5,0,7,0,12,0,4,19,0,23,5,4,26,0,35,0,0,0,35
03/10/2020,IFP,AZ,AWP,WE,Federal Contract Tower,1,2,2,0,5,0,2,8,0,10,1,4,10,0,15,0,0,0,15
03/11/2020,IFP,AZ,AWP,WE,Federal Contract Tower,5,0,2,0,7,0,2,7,0,9,5,2,9,0,16,0,0,0,16
03/12/2020,IFP,AZ,AWP,WE,Federal Contract Tower,6,2,0,0,8,0,0,10,0,10,6,2,10,0,18,0,0,0,18
03/13/2020,IFP,AZ,AWP,WE,Federal Contract Tower,5,0,3,0,8,0,7,11,0,18,5,7,14,0,26,0,0,0,26
03/14/2020,IFP,AZ,AWP,WE,Federal Contract Tower,3,1,4,0,8,0,11,0,0,11,3,12,4,0,19,4,0,4,23
03/15/2020,IFP,AZ,AWP,WE,Federal Contract Tower,7,0,2,0,9,0,0,19,0,19,7,0,21,0,28,12,0,12,40
03/16/2020,IFP,AZ,AWP,WE,Federal Contract Tower,4,0,0,0,4,0,3,9,0,12,4,3,9,0,16,0,0,0,16
03/17/2020,IFP,AZ,AWP,WE,Federal Contract Tower,4,0,3,2,9,0,5,13,0,18,4,5,16,2,27,0,2,2,29
03/18/2020,IFP,AZ,AWP,WE,Federal Contract Tower,8,0,2,0,10,0,4,1,0,5,8,4,3,0,15,0,0,0,15
03/19/2020,IFP,AZ,AWP,WE,Federal Contract Tower,3,0,0,0,3,0,4,7,0,11,3,4,7,0,14,0,0,0,14
03/20/2020,IFP,AZ,AWP,WE,Federal Contract Tower,5,0,0,0,5,1,0,6,0,7,6,0,6,0,12,0,0,0,12
03/21/2020,IFP,AZ,AWP,WE,Federal Contract Tower,0,0,4,0,4,0,0,11,0,11,0,0,15,0,15,0,0,0,15
03/22/2020,IFP,AZ,AWP,WE,Federal Contract Tower,0,0,0,0,0,0,9,9,0,18,0,9,9,0,18,0,0,0,18
03/23/2020,IFP,AZ,AWP,WE,Federal Contract Tower,1,0,0,0,1,0,1,8,2,11,1,1,8,2,12,0,0,0,12
03/24/2020,IFP,AZ,AWP,WE,Federal Contract Tower,0,0,1,1,2,0,3,10,0,13,0,3,11,1,15,0,0,0,15
03/25/2020,IFP,AZ,AWP,WE,Federal Contract Tower,0,0,1,0,1,0,0,10,0,10,0,0,11,0,11,0,0,0,11
03/26/2020,IFP,AZ,AWP,WE,Federal Contract Tower,1,0,0,0,1,0,5,13,0,18,1,5,13,0,19,0,0,0,19
03/27/2020,IFP,AZ,AWP,WE,Federal Contract Tower,0,0,0,0,0,0,11,11,0,22,0,11,11,0,22,2,0,2,24
03/28/2020,IFP,AZ,AWP,WE,Federal Contract Tower,0,0,2,0,2,0,6,9,0,15,0,6,11,0,17,4,0,4,21
03/29/2020,IFP,AZ,AWP,WE,Federal Contract Tower,0,0,0,0,0,0,2,17,0,19,0,2,17,0,19,0,0,0,19
03/30/2020,IFP,AZ,AWP,WE,Federal Contract Tower,0,0,0,0,0,0,4,21,0,25,0,4,21,0,25,10,0,10,35
03/31/2020,IFP,AZ,AWP,WE,Federal Contract Tower,0,0,1,0,1,0,3,14,0,17,0,3,15,0,18,0,0,0,18
04/01/2020,IFP,AZ,AWP,WE,Federal Contract Tower,0,0,0,0,0,0,0,9,0,9,0,0,9,0,9,8,0,8,17
04/02/2020,IFP,AZ,AWP,WE,Federal Contract Tower,0,0,2,0,2,0,9,17,0,26,0,9,19,0,28,4,0,4,32
04/03/2020,IFP,AZ,AWP,WE,Federal Contract Tower,0,0,0,0,0,0,4,13,0,17,0,4,13,0,17,2,0,2,19
04/04/2020,IFP,AZ,AWP,WE,Federal Contract Tower,0,0,4,0,4,0,1,5,0,6,0,1,9,0,10,0,0,0,10
04/05/2020,IFP,AZ,AWP,WE,Federal Contract Tower,0,0,0,0,0,0,0,8,0,8,0,0,8,0,8,0,0,0,8
04/06/2020,IFP,AZ,AWP,WE,Federal Contract Tower,0,0,2,0,2,0,1,8,0,9,0,1,10,0,11,0,0,0,11
04/07/2020,IFP,AZ,AWP,WE,Federal Contract Tower,0,0,0,0,0,0,6,6,0,12,0,6,6,0,12,0,0,0,12
04/08/2020,IFP,AZ,AWP,WE,Federal Contract Tower,0,0,0,0,0,0,3,6,0,9,0,3,6,0,9,84,0,84,93
04/09/2020,IFP,AZ,AWP,WE,Federal Contract Tower,0,0,0,2,2,0,2,6,0,8,0,2,6,2,10,10,0,10,20
04/10/2020,IFP,AZ,AWP,WE,Federal Contract Tower,0,0,3,0,3,0,10,12,5,27,0,10,15,5,30,20,12,32,62
04/11/2020,IFP,AZ,AWP,WE,Federal Contract Tower,0,0,0,0,0,0,0,21,0,21,0,0,21,0,21,0,0,0,21
04/12/2020,IFP,AZ,AWP,WE,Federal Contract Tower,0,0,0,0,0,0,0,12,0,12,0,0,12,0,12,0,0,0,12
04/13/2020,IFP,AZ,AWP,WE,Federal Contract Tower,0,0,1,1,2,0,14,7,1,22,0,14,8,2,24,2,4,6,30
04/14/2020,IFP,AZ,AWP,WE,Federal Contract Tower,0,0,0,0,0,0,0,9,0,9,0,0,9,0,9,0,0,0,9
04/15/2020,IFP,AZ,AWP,WE,Federal Contract Tower,4,0,0,0,4,0,5,12,0,17,4,5,12,0,21,20,0,20,41
04/16/2020,IFP,AZ,AWP,WE,Federal Contract Tower,0,0,0,0,0,0,0,13,0,13,0,0,13,0,13,16,0,16,29
04/17/2020,IFP,AZ,AWP,WE,Federal Contract Tower,0,0,0,1,1,0,1,6,1,8,0,1,6,2,9,0,8,8,17
04/18/2020,IFP,AZ,AWP,WE,Federal Contract Tower,0,0,0,0,0,0,3,5,0,8,0,3,5,0,8,0,0,0,8
04/19/2020,IFP,AZ,AWP,WE,Federal Contract Tower,0,0,0,0,0,0,0,12,2,14,0,0,12,2,14,0,0,0,14
04/20/2020,IFP,AZ,AWP,WE,Federal Contract Tower,0,0,1,0,1,0,2,26,2,30,0,2,27,2,31,24,0,24,55
04/21/2020,IFP,AZ,AWP,WE,Federal Contract Tower,0,0,0,0,0,0,3,13,0,16,0,3,13,0,16,0,0,0,16
04/22/2020,IFP,AZ,AWP,WE,Federal Contract Tower,0,0,0,0,0,0,5,10,2,17,0,5,10,2,17,0,0,0,17
04/23/2020,IFP,AZ,AWP,WE,Federal Contract Tower,0,0,0,0,0,0,0,18,0,18,0,0,18,0,18,0,0,0,18
04/24/2020,IFP,AZ,AWP,WE,Federal Contract Tower,0,0,0,4,4,0,6,5,0,11,0,6,5,4,15,14,24,38,53
04/25/2020,IFP,AZ,AWP,WE,Federal Contract Tower,0,0,2,1,3,0,4,16,1,21,0,4,18,2,24,0,4,4,28
04/26/2020,IFP,AZ,AWP,WE,Federal Contract Tower,0,0,0,0,0,0,3,1,0,4,0,3,1,0,4,0,0,0,4
04/27/2020,IFP,AZ,AWP,WE,Federal Contract Tower,0,0,0,0,0,0,15,17,0,32,0,15,17,0,32,0,0,0,32
04/28/2020,IFP,AZ,AWP,WE,Federal Contract Tower,0,0,3,4,7,0,15,28,0,43,0,15,31,4,50,0,4,4,54
04/29/2020,IFP,AZ,AWP,WE,Federal Contract Tower,0,0,0,0,0,0,0,10,2,12,0,0,10,2,12,4,0,4,16
04/30/2020,IFP,AZ,AWP,WE,Federal Contract Tower,0,1,1,2,4,0,3,11,0,14,0,4,12,2,18,4,0,4,22
05/01/2020,IFP,AZ,AWP,WE,Federal Contract Tower,0,3,0,3,6,0,4,9,1,14,0,7,9,4,20,0,4,4,24
05/02/2020,IFP,AZ,AWP,WE,Federal Contract Tower,0,0,2,0,2,0,1,11,0,12,0,1,13,0,14,0,0,0,14
05/03/2020,IFP,AZ,AWP,WE,Federal Contract Tower,0,0,0,0,0,0,0,2,0,2,0,0,2,0,2,0,0,0,2
05/04/2020,IFP,AZ,AWP,WE,Federal Contract Tower,0,0,2,0,2,0,2,5,0,7,0,2,7,0,9,0,0,0,9
05/05/2020,IFP,AZ,AWP,WE,Federal Contract Tower,0,0,0,0,0,0,3,13,0,16,0,3,13,0,16,8,0,8,24
05/06/2020,IFP,AZ,AWP,WE,Federal Contract Tower,0,0,1,0,1,0,6,9,2,17,0,6,10,2,18,0,0,0,18
05/07/2020,IFP,AZ,AWP,WE,Federal Contract Tower,0,0,0,0,0,0,13,8,4,25,0,13,8,4,25,4,0,4,29
05/08/2020,IFP,AZ,AWP,WE,Federal Contract Tower,0,2,0,0,2,0,3,10,1,14,0,5,10,1,16,4,0,4,20
05/09/2020,IFP,AZ,AWP,WE,Federal Contract Tower,0,0,0,0,0,0,3,13,2,18,0,3,13,2,18,10,0,10,28
05/10/2020,IFP,AZ,AWP,WE,Federal Contract Tower,0,0,0,0,0,0,2,5,0,7,0,2,5,0,7,0,0,0,7
05/11/2020,IFP,AZ,AWP,WE,Federal Contract Tower,0,0,0,0,0,0,1,9,2,12,0,1,9,2,12,0,4,4,16
05/12/2020,IFP,AZ,AWP,WE,Federal Contract Tower,0,0,0,0,0,0,3,7,0,10,0,3,7,0,10,0,0,0,10
05/13/2020,IFP,AZ,AWP,WE,Federal Contract Tower,0,0,0,1,1,0,3,7,3,13,0,3,7,4,14,0,4,4,18
05/14/2020,IFP,AZ,AWP,WE,Federal Contract Tower,0,0,2,4,6,0,0,10,2,12,0,0,12,6,18,0,8,8,26
05/15/2020,IFP,AZ,AWP,WE,Federal Contract Tower,0,0,2,0,2,0,5,18,0,23,0,5,20,0,25,0,0,0,25
05/16/2020,IFP,AZ,AWP,WE,Federal Contract Tower,0,0,2,0,2,0,0,19,0,19,0,0,21,0,21,36,0,36,57
05/17/2020,IFP,AZ,AWP,WE,Federal Contract Tower,0,0,0,0,0,0,6,12,0,18,0,6,12,0,18,0,0,0,18
05/18/2020,IFP,AZ,AWP,WE,Federal Contract Tower,0,0,0,1,1,0,15,1,1,17,0,15,1,2,18,0,14,14,32
05/19/2020,IFP,AZ,AWP,WE,Federal Contract Tower,0,0,0,0,0,0,3,4,0,7,0,3,4,0,7,0,0,0,7
05/20/2020,IFP,AZ,AWP,WE,Federal Contract Tower,0,0,2,0,2,0,11,15,0,26,0,11,17,0,28,2,0,2,30
05/21/2020,IFP,AZ,AWP,WE,Federal Contract Tower,0,0,2,0,2,0,2,8,0,10,0,2,10,0,12,6,0,6,18
05/22/2020,IFP,AZ,AWP,WE,Federal Contract Tower,0,0,0,0,0,0,3,7,0,10,0,3,7,0,10,0,0,0,10
05/23/2020,IFP,AZ,AWP,WE,Federal Contract Tower,0,0,1,0,1,0,9,17,0,26,0,9,18,0,27,8,0,8,35
05/24/2020,IFP,AZ,AWP,WE,Federal Contract Tower,0,0,3,0,3,0,6,6,0,12,0,6,9,0,15,0,0,0,15
05/25/2020,IFP,AZ,AWP,WE,Federal Contract Tower,0,0,2,0,2,0,0,11,0,11,0,0,13,0,13,0,0,0,13
05/26/2020,IFP,AZ,AWP,WE,Federal Contract Tower,0,0,3,0,3,0,5,9,0,14,0,5,12,0,17,0,0,0,17
05/27/2020,IFP,AZ,AWP,WE,Federal Contract Tower,0,0,2,0,2,0,3,14,0,17,0,3,16,0,19,12,0,12,31
05/28/2020,IFP,AZ,AWP,WE,Federal Contract Tower,0,0,0,0,0,0,1,21,0,22,0,1,21,0,22,6,0,6,28
05/29/2020,IFP,AZ,AWP,WE,Federal Contract Tower,0,0,0,0,0,0,8,8,2,18,0,8,8,2,18,0,0,0,18
05/30/2020,IFP,AZ,AWP,WE,Federal Contract Tower,0,0,0,0,0,0,12,11,0,23,0,12,11,0,23,12,0,12,35
05/31/2020,IFP,AZ,AWP,WE,Federal Contract Tower,0,0,0,0,0,0,5,10,0,15,0,5,10,0,15,0,0,0,15
06/01/2020,IFP,AZ,AWP,WE,Federal Contract Tower,0,0,1,0,1,0,2,14,0,16,0,2,15,0,17,0,0,0,17
06/02/2020,IFP,AZ,AWP,WE,Federal Contract Tower,0,0,0,0,0,0,0,11,2,13,0,0,11,2,13,4,0,4,17
06/03/2020,IFP,AZ,AWP,WE,Federal Contract Tower,1,0,1,0,2,0,5,11,0,16,1,5,12,0,18,0,0,0,18
06/04/2020,IFP,AZ,AWP,WE,Federal Contract Tower,1,0,3,0,4,0,10,25,2,37,1,10,28,2,41,2,0,2,43
06/05/2020,IFP,AZ,AWP,WE,Federal Contract Tower,3,0,0,0,3,0,4,13,0,17,3,4,13,0,20,4,0,4,24
06/06/2020,IFP,AZ,AWP,WE,Federal Contract Tower,3,0,0,0,3,0,5,8,0,13,3,5,8,0,16,0,0,0,16
06/07/2020,IFP,AZ,AWP,WE,Federal Contract Tower,3,0,0,0,3,0,2,3,0,5,3,2,3,0,8,0,0,0,8
06/08/2020,IFP,AZ,AWP,WE,Federal Contract Tower,4,0,1,0,5,0,2,9,0,11,4,2,10,0,16,0,0,0,16
06/09/2020,IFP,AZ,AWP,WE,Federal Contract Tower,1,0,1,0,2,0,4,4,0,8,1,4,5,0,10,0,0,0,10
06/10/2020,IFP,AZ,AWP,WE,Federal Contract Tower,3,0,1,0,4,0,10,9,2,21,3,10,10,2,25,0,0,0,25
06/11/2020,IFP,AZ,AWP,WE,Federal Contract Tower,3,0,0,0,3,0,5,23,2,30,3,5,23,2,33,28,0,28,61
06/12/2020,IFP,AZ,AWP,WE,Federal Contract Tower,2,0,0,1,3,0,6,15,2,23,2,6,15,3,26,0,12,12,38
06/13/2020,IFP,AZ,AWP,WE,Federal Contract Tower,1,1,1,0,3,0,5,17,0,22,1,6,18,0,25,0,0,0,25
06/14/2020,IFP,AZ,AWP,WE,Federal Contract Tower,4,0,0,0,4,0,2,16,0,18,4,2,16,0,22,0,0,0,22
06/15/2020,IFP,AZ,AWP,WE,Federal Contract Tower,2,0,0,0,2,0,3,9,0,12,2,3,9,0,14,0,0,0,14
06/16/2020,IFP,AZ,AWP,WE,Federal Contract Tower,2,2,1,0,5,0,3,11,1,15,2,5,12,1,20,0,0,0,20
06/17/2020,IFP,AZ,AWP,WE,Federal Contract Tower,3,0,0,0,3,0,5,14,1,20,3,5,14,1,23,4,0,4,27
06/18/2020,IFP,AZ,AWP,WE,Federal Contract Tower,4,0,0,0,4,0,1,11,0,12,4,1,11,0,16,0,0,0,16
06/19/2020,IFP,AZ,AWP,WE,Federal Contract Tower,4,0,0,0,4,0,1,26,0,27,4,1,26,0,31,0,0,0,31
06/20/2020,IFP,AZ,AWP,WE,Federal Contract Tower,3,0,2,0,5,0,3,24,0,27,3,3,26,0,32,34,0,34,66
06/21/2020,IFP,AZ,AWP,WE,Federal Contract Tower,5,0,0,0,5,0,1,16,0,17,5,1,16,0,22,0,0,0,22
06/22/2020,IFP,AZ,AWP,WE,Federal Contract Tower,2,0,0,0,2,0,6,5,0,11,2,6,5,0,13,10,0,10,23
06/23/2020,IFP,AZ,AWP,WE,Federal Contract Tower,4,0,1,2,7,0,1,16,2,19,4,1,17,4,26,2,12,14,40
06/24/2020,IFP,AZ,AWP,WE,Federal Contract Tower,1,0,0,1,2,0,2,7,2,11,1,2,7,3,13,0,14,14,27
06/25/2020,IFP,AZ,AWP,WE,Federal Contract Tower,5,0,1,0,6,0,9,6,2,17,5,9,7,2,23,0,8,8,31
06/26/2020,IFP,AZ,AWP,WE,Federal Contract Tower,2,0,0,1,3,0,7,14,3,24,2,7,14,4,27,6,8,14,41
06/27/2020,IFP,AZ,AWP,WE,Federal Contract Tower,4,0,2,0,6,0,0,4,2,6,4,0,6,2,12,0,4,4,16
06/28/2020,IFP,AZ,AWP,WE,Federal Contract Tower,2,0,2,0,4,0,5,5,0,10,2,5,7,0,14,0,0,0,14
06/29/2020,IFP,AZ,AWP,WE,Federal Contract Tower,3,0,0,0,3,0,4,17,0,21,3,4,17,0,24,0,0,0,24
06/30/2020,IFP,AZ,AWP,WE,Federal Contract Tower,1,0,1,0,2,0,5,24,2,31,1,5,25,2,33,24,0,24,57
07/01/2020,IFP,AZ,AWP,WE,Federal Contract Tower,2,0,2,0,4,0,3,4,0,7,2,3,6,0,11,0,0,0,11
07/02/2020,IFP,AZ,AWP,WE,Federal Contract Tower,3,0,3,0,6,0,5,13,0,18,3,5,16,0,24,12,0,12,36
07/03/2020,IFP,AZ,AWP,WE,Federal Contract Tower,4,0,0,0,4,0,6,15,0,21,4,6,15,0,25,0,0,0,25
07/04/2020,IFP,AZ,AWP,WE,Federal Contract Tower,1,0,0,0,1,0,9,11,0,20,1,9,11,0,21,6,0,6,27
07/05/2020,IFP,AZ,AWP,WE,Federal Contract Tower,3,0,0,0,3,0,11,8,0,19,3,11,8,0,22,0,0,0,22
07/06/2020,IFP,AZ,AWP,WE,Federal Contract Tower,3,0,1,0,4,0,4,11,0,15,3,4,12,0,19,0,0,0,19
07/07/2020,IFP,AZ,AWP,WE,Federal Contract Tower,2,0,1,0,3,0,7,11,0,18,2,7,12,0,21,0,0,0,21
07/08/2020,IFP,AZ,AWP,WE,Federal Contract Tower,1,2,2,0,5,0,4,16,0,20,1,6,18,0,25,16,0,16,41
07/09/2020,IFP,AZ,AWP,WE,Federal Contract Tower,3,0,0,0,3,0,4,7,0,11,3,4,7,0,14,0,0,0,14
07/10/2020,IFP,AZ,AWP,WE,Federal Contract Tower,3,0,0,2,5,0,2,13,2,17,3,2,13,4,22,2,8,10,32
07/11/2020,IFP,AZ,AWP,WE,Federal Contract Tower,1,0,0,0,1,0,7,13,2,22,1,7,13,2,23,6,4,10,33
07/12/2020,IFP,AZ,AWP,WE,Federal Contract Tower,1,1,0,0,2,0,9,10,0,19,1,10,10,0,21,0,0,0,21
07/13/2020,IFP,AZ,AWP,WE,Federal Contract Tower,5,1,0,0,6,0,1,8,0,9,5,2,8,0,15,0,0,0,15
07/14/2020,IFP,AZ,AWP,WE,Federal Contract Tower,3,0,0,0,3,0,2,2,0,4,3,2,2,0,7,0,0,0,7
07/15/2020,IFP,AZ,AWP,WE,Federal Contract Tower,2,1,1,0,4,0,5,11,0,16,2,6,12,0,20,14,0,14,34
07/16/2020,IFP,AZ,AWP,WE,Federal Contract Tower,2,2,2,0,6,0,3,12,0,15,2,5,14,0,21,0,0,0,21
07/17/2020,IFP,AZ,AWP,WE,Federal Contract Tower,3,1,1,1,6,0,6,9,10,25,3,7,10,11,31,2,12,14,45
07/18/2020,IFP,AZ,AWP,WE,Federal Contract Tower,1,0,0,0,1,0,6,14,0,20,1,6,14,0,21,0,0,0,21
07/19/2020,IFP,AZ,AWP,WE,Federal Contract Tower,3,0,0,0,3,0,5,12,4,21,3,5,12,4,24,8,0,8,32
07/20/2020,IFP,AZ,AWP,WE,Federal Contract Tower,1,0,0,0,1,0,7,8,0,15,1,7,8,0,16,0,0,0,16
07/21/2020,IFP,AZ,AWP,WE,Federal Contract Tower,2,0,0,1,3,0,8,7,0,15,2,8,7,1,18,0,0,0,18
07/22/2020,IFP,AZ,AWP,WE,Federal Contract Tower,4,0,0,0,4,0,5,10,0,15,4,5,10,0,19,2,0,2,21
07/23/2020,IFP,AZ,AWP,WE,Federal Contract Tower,2,0,0,0,2,0,8,7,0,15,2,8,7,0,17,0,0,0,17
07/24/2020,IFP,AZ,AWP,WE,Federal Contract Tower,1,0,0,0,1,0,7,11,0,18,1,7,11,0,19,0,0,0,19
07/25/2020,IFP,AZ,AWP,WE,Federal Contract Tower,3,0,4,0,7,0,10,2,0,12,3,10,6,0,19,0,0,0,19
07/26/2020,IFP,AZ,AWP,WE,Federal Contract Tower,4,0,0,0,4,0,2,19,0,21,4,2,19,0,25,8,0,8,33
07/27/2020,IFP,AZ,AWP,WE,Federal Contract Tower,2,0,0,0,2,0,10,8,0,18,2,10,8,0,20,10,0,10,30
07/28/2020,IFP,AZ,AWP,WE,Federal Contract Tower,4,0,2,0,6,0,5,9,0,14,4,5,11,0,20,0,0,0,20
07/29/2020,IFP,AZ,AWP,WE,Federal Contract Tower,1,0,0,0,1,0,3,12,0,15,1,3,12,0,16,4,0,4,20
07/30/2020,IFP,AZ,AWP,WE,Federal Contract Tower,3,0,2,0,5,0,1,8,0,9,3,1,10,0,14,0,0,0,14
07/31/2020,IFP,AZ,AWP,WE,Federal Contract Tower,4,0,1,2,7,0,0,10,0,10,4,0,11,2,17,2,0,2,19
08/01/2020,IFP,AZ,AWP,WE,Federal Contract Tower,1,0,2,0,3,0,2,18,0,20,1,2,20,0,23,0,0,0,23
08/02/2020,IFP,AZ,AWP,WE,Federal Contract Tower,3,0,0,0,3,0,8,17,0,25,3,8,17,0,28,0,0,0,28
08/03/2020,IFP,AZ,AWP,WE,Federal Contract Tower,1,0,0,0,1,0,0,10,0,10,1,0,10,0,11,0,0,0,11
08/04/2020,IFP,AZ,AWP,WE,Federal Contract Tower,4,0,2,0,6,0,3,3,3,9,4,3,5,3,15,0,0,0,15
08/05/2020,IFP,AZ,AWP,WE,Federal Contract Tower,3,0,0,0,3,0,6,8,5,19,3,6,8,5,22,0,0,0,22
08/06/2020,IFP,AZ,AWP,WE,Federal Contract Tower,3,0,2,0,5,0,4,12,2,18,3,4,14,2,23,0,0,0,23
08/07/2020,IFP,AZ,AWP,WE,Federal Contract Tower,3,0,1,0,4,0,4,4,1,9,3,4,5,1,13,0,0,0,13
08/08/2020,IFP,AZ,AWP,WE,Federal Contract Tower,3,0,3,0,6,0,0,4,0,4,3,0,7,0,10,0,0,0,10
08/09/2020,IFP,AZ,AWP,WE,Federal Contract Tower,3,0,2,0,5,0,5,20,0,25,3,5,22,0,30,0,0,0,30
08/10/2020,IFP,AZ,AWP,WE,Federal Contract Tower,3,0,1,0,4,0,7,13,0,20,3,7,14,0,24,8,0,8,32
08/11/2020,IFP,AZ,AWP,WE,Federal Contract Tower,4,0,0,1,5,0,0,6,1,7,4,0,6,2,12,0,6,6,18
08/12/2020,IFP,AZ,AWP,WE,Federal Contract Tower,2,0,0,0,2,0,4,7,0,11,2,4,7,0,13,0,0,0,13
08/13/2020,IFP,AZ,AWP,WE,Federal Contract Tower,3,0,2,0,5,0,10,14,0,24,3,10,16,0,29,0,0,0,29
08/14/2020,IFP,AZ,AWP,WE,Federal Contract Tower,4,0,0,0,4,0,0,10,0,10,4,0,10,0,14,2,0,2,16
08/15/2020,IFP,AZ,AWP,WE,Federal Contract Tower,4,0,0,0,4,0,4,14,0,18,4,4,14,0,22,8,0,8,30
08/16/2020,IFP,AZ,AWP,WE,Federal Contract Tower,5,0,0,0,5,0,6,8,0,14,5,6,8,0,19,6,0,6,25
08/17/2020,IFP,AZ,AWP,WE,Federal Contract Tower,3,1,2,0,6,0,0,22,0,22,3,1,24,0,28,12,0,12,40
08/18/2020,IFP,AZ,AWP,WE,Federal Contract Tower,1,0,0,0,1,0,13,4,0,17,1,13,4,0,18,0,0,0,18
08/19/2020,IFP,AZ,AWP,WE,Federal Contract Tower,4,0,0,0,4,0,6,6,0,12,4,6,6,0,16,2,0,2,18
08/20/2020,IFP,AZ,AWP,WE,Federal Contract Tower,3,0,0,0,3,0,2,12,0,14,3,2,12,0,17,0,0,0,17
08/21/2020,IFP,AZ,AWP,WE,Federal Contract Tower,3,0,2,2,7,0,5,5,2,12,3,5,7,4,19,2,0,2,21
08/22/2020,IFP,AZ,AWP,WE,Federal Contract Tower,1,0,0,0,1,0,7,8,0,15,1,7,8,0,16,4,0,4,20
08/23/2020,IFP,AZ,AWP,WE,Federal Contract Tower,5,0,0,0,5,0,2,4,0,6,5,2,4,0,11,0,0,0,11
08/24/2020,IFP,AZ,AWP,WE,Federal Contract Tower,3,0,2,0,5,0,2,8,0,10,3,2,10,0,15,0,0,0,15
08/25/2020,IFP,AZ,AWP,WE,Federal Contract Tower,0,0,0,0,0,0,9,3,0,12,0,9,3,0,12,0,0,0,12
08/26/2020,IFP,AZ,AWP,WE,Federal Contract Tower,2,2,0,0,4,0,3,7,0,10,2,5,7,0,14,0,0,0,14
08/27/2020,IFP,AZ,AWP,WE,Federal Contract Tower,4,0,0,0,4,0,4,8,0,12,4,4,8,0,16,0,0,0,16
08/28/2020,IFP,AZ,AWP,WE,Federal Contract Tower,3,2,0,0,5,0,5,12,0,17,3,7,12,0,22,10,0,10,32
08/29/2020,IFP,AZ,AWP,WE,Federal Contract Tower,1,1,0,0,2,0,5,7,0,12,1,6,7,0,14,0,0,0,14
08/30/2020,IFP,AZ,AWP,WE,Federal Contract Tower,2,1,0,0,3,0,5,15,0,20,2,6,15,0,23,0,0,0,23
08/31/2020,IFP,AZ,AWP,WE,Federal Contract Tower,3,0,3,0,6,0,3,13,0,16,3,3,16,0,22,0,0,0,22
09/01/2020,IFP,AZ,AWP,WE,Federal Contract Tower,3,0,2,1,6,0,4,27,2,33,3,4,29,3,39,0,0,0,39
09/02/2020,IFP,AZ,AWP,WE,Federal Contract Tower,1,0,0,0,1,0,3,9,0,12,1,3,9,0,13,0,0,0,13
09/03/2020,IFP,AZ,AWP,WE,Federal Contract Tower,4,0,2,2,8,0,0,14,0,14,4,0,16,2,22,0,0,0,22
09/04/2020,IFP,AZ,AWP,WE,Federal Contract Tower,2,0,0,0,2,1,1,9,2,13,3,1,9,2,15,0,0,0,15
09/05/2020,IFP,AZ,AWP,WE,Federal Contract Tower,5,0,0,0,5,0,7,30,6,43,5,7,30,6,48,2,0,2,50
09/06/2020,IFP,AZ,AWP,WE,Federal Contract Tower,3,0,0,0,3,0,5,6,2,13,3,5,6,2,16,0,0,0,16
09/07/2020,IFP,AZ,AWP,WE,Federal Contract Tower,4,0,0,2,6,0,0,5,0,5,4,0,5,2,11,0,0,0,11
09/08/2020,IFP,AZ,AWP,WE,Federal Contract Tower,2,0,2,1,5,0,0,3,0,3,2,0,5,1,8,0,0,0,8
09/09/2020,IFP,AZ,AWP,WE,Federal Contract Tower,3,0,0,0,3,0,6,7,0,13,3,6,7,0,16,0,0,0,16
09/10/2020,IFP,AZ,AWP,WE,Federal Contract Tower,3,0,3,0,6,0,1,11,0,12,3,1,14,0,18,0,0,0,18
09/11/2020,IFP,AZ,AWP,WE,Federal Contract Tower,4,0,1,5,10,0,4,8,1,13,4,4,9,6,23,8,12,20,43
09/12/2020,IFP,AZ,AWP,WE,Federal Contract Tower,2,0,1,0,3,0,0,38,6,44,2,0,39,6,47,12,0,12,59
09/13/2020,IFP,AZ,AWP,WE,Federal Contract Tower,3,7,1,0,11,0,4,16,1,21,3,11,17,1,32,8,10,18,50
09/14/2020,IFP,AZ,AWP,WE,Federal Contract Tower,2,0,1,2,5,0,18,10,0,28,2,18,11,2,33,0,0,0,33
09/15/2020,IFP,AZ,AWP,WE,Federal Contract Tower,1,0,0,0,1,0,11,15,0,26,1,11,15,0,27,0,0,0,27
09/16/2020,IFP,AZ,AWP,WE,Federal Contract Tower,1,0,0,0,1,0,5,14,0,19,1,5,14,0,20,2,0,2,22
09/17/2020,IFP,AZ,AWP,WE,Federal Contract Tower,3,0,0,1,4,0,6,7,1,14,3,6,7,2,18,0,6,6,24
09/18/2020,IFP,AZ,AWP,WE,Federal Contract Tower,3,0,1,0,4,0,2,10,0,12,3,2,11,0,16,0,0,0,16
09/19/2020,IFP,AZ,AWP,WE,Federal Contract Tower,3,0,2,0,5,0,5,30,0,35,3,5,32,0,40,30,0,30,70
09/20/2020,IFP,AZ,AWP,WE,Federal Contract Tower,2,0,0,0,2,0,0,18,0,18,2,0,18,0,20,2,0,2,22
09/21/2020,IFP,AZ,AWP,WE,Federal Contract Tower,3,0,0,0,3,0,3,15,0,18,3,3,15,0,21,0,0,0,21
09/22/2020,IFP,AZ,AWP,WE,Federal Contract Tower,1,0,3,0,4,0,4,10,0,14,1,4,13,0,18,8,0,8,26
09/23/2020,IFP,AZ,AWP,WE,Federal Contract Tower,2,0,2,2,6,0,6,9,0,15,2,6,11,2,21,0,0,0,21
09/24/2020,IFP,AZ,AWP,WE,Federal Contract Tower,2,0,2,1,5,0,0,10,1,11,2,0,12,2,16,0,6,6,22
09/25/2020,IFP,AZ,AWP,WE,Federal Contract Tower,3,0,0,1,4,0,2,16,0,18,3,2,16,1,22,0,0,0,22
09/26/2020,IFP,AZ,AWP,WE,Federal Contract Tower,2,0,0,0,2,0,0,18,0,18,2,0,18,0,20,0,0,0,20
09/27/2020,IFP,AZ,AWP,WE,Federal Contract Tower,1,0,1,0,2,0,5,20,0,25,1,5,21,0,27,6,0,6,33
09/28/2020,IFP,AZ,AWP,WE,Federal Contract Tower,2,0,0,2,4,0,8,7,4,19,2,8,7,6,23,0,0,0,23
09/29/2020,IFP,AZ,AWP,WE,Federal Contract Tower,3,0,0,0,3,0,2,14,0,16,3,2,14,0,19,4,0,4,23
09/30/2020,IFP,AZ,AWP,WE,Federal Contract Tower,2,0,0,2,4,0,5,13,1,19,2,5,13,3,23,2,0,2,25
10/01/2020,IFP,AZ,AWP,WE,Federal Contract Tower,1,0,1,0,2,0,2,13,1,16,1,2,14,1,18,8,0,8,26
10/02/2020,IFP,AZ,AWP,WE,Federal Contract Tower,5,0,2,0,7,0,2,12,0,14,5,2,14,0,21,6,0,6,27
10/03/2020,IFP,AZ,AWP,WE,Federal Contract Tower,4,0,2,0,6,0,1,20,0,21,4,1,22,0,27,10,0,10,37
10/04/2020,IFP,AZ,AWP,WE,Federal Contract Tower,5,0,0,0,5,0,3,21,0,24,5,3,21,0,29,0,0,0,29
10/05/2020,IFP,AZ,AWP,WE,Federal Contract Tower,4,0,0,2,6,0,0,20,0,20,4,0,20,2,26,0,0,0,26
10/06/2020,IFP,AZ,AWP,WE,Federal Contract Tower,1,0,1,0,2,0,7,13,0,20,1,7,14,0,22,0,0,0,22
10/07/2020,IFP,AZ,AWP,WE,Federal Contract Tower,5,0,0,0,5,0,6,20,1,27,5,6,20,1,32,4,0,4,36
10/08/2020,IFP,AZ,AWP,WE,Federal Contract Tower,4,0,1,0,5,0,7,8,1,16,4,7,9,1,21,0,0,0,21
10/09/2020,IFP,AZ,AWP,WE,Federal Contract Tower,3,0,2,0,5,0,7,20,0,27,3,7,22,0,32,8,0,8,40
10/10/2020,IFP,AZ,AWP,WE,Federal Contract Tower,3,0,1,0,4,0,0,9,0,9,3,0,10,0,13,2,0,2,15
10/11/2020,IFP,AZ,AWP,WE,Federal Contract Tower,3,0,0,0,3,0,0,11,0,11,3,0,11,0,14,0,0,0,14
10/12/2020,IFP,AZ,AWP,WE,Federal Contract Tower,3,0,0,0,3,0,0,12,2,14,3,0,12,2,17,4,0,4,21
10/13/2020,IFP,AZ,AWP,WE,Federal Contract Tower,3,0,2,0,5,0,2,15,0,17,3,2,17,0,22,8,0,8,30
10/14/2020,IFP,AZ,AWP,WE,Federal Contract Tower,3,0,1,0,4,0,7,21,2,30,3,7,22,2,34,0,0,0,34
10/15/2020,IFP,AZ,AWP,WE,Federal Contract Tower,4,0,0,0,4,0,1,6,2,9,4,1,6,2,13,6,0,6,19
10/16/2020,IFP,AZ,AWP,WE,Federal Contract Tower,5,0,1,1,7,0,0,5,1,6,5,0,6,2,13,0,0,0,13
10/17/2020,IFP,AZ,AWP,WE,Federal Contract Tower,5,1,2,0,8,0,2,21,2,25,5,3,23,2,33,4,12,16,49
10/18/2020,IFP,AZ,AWP,WE,Federal Contract Tower,3,1,6,0,10,0,8,33,0,41,3,9,39,0,51,18,0,18,69
10/19/2020,IFP,AZ,AWP,WE,Federal Contract Tower,4,0,0,0,4,0,0,12,0,12,4,0,12,0,16,0,0,0,16
10/20/2020,IFP,AZ,AWP,WE,Federal Contract Tower,2,0,1,0,3,0,9,13,0,22,2,9,14,0,25,4,0,4,29
10/21/2020,IFP,AZ,AWP,WE,Federal Contract Tower,5,0,0,0,5,0,8,16,0,24,5,8,16,0,29,16,0,16,45
10/22/2020,IFP,AZ,AWP,WE,Federal Contract Tower,6,0,3,2,11,0,8,23,0,31,6,8,26,2,42,0,0,0,42
10/23/2020,IFP,AZ,AWP,WE,Federal Contract Tower,4,0,3,2,9,0,2,15,0,17,4,2,18,2,26,0,0,0,26
10/24/2020,IFP,AZ,AWP,WE,Federal Contract Tower,4,0,2,1,7,0,2,35,1,38,4,2,37,2,45,16,12,28,73
10/25/2020,IFP,AZ,AWP,WE,Federal Contract Tower,5,0,5,0,10,0,12,8,0,20,5,12,13,0,30,2,0,2,32
10/26/2020,IFP,AZ,AWP,WE,Federal Contract Tower,7,1,0,0,8,0,1,1,5,7,7,2,1,5,15,0,2,2,17
10/27/2020,IFP,AZ,AWP,WE,Federal Contract Tower,2,0,2,2,6,0,1,5,0,6,2,1,7,2,12,0,0,0,12
10/28/2020,IFP,AZ,AWP,WE,Federal Contract Tower,6,1,2,4,13,0,4,60,2,66,6,5,62,6,79,0,0,0,79
10/29/2020,IFP,AZ,AWP,WE,Federal Contract Tower,6,0,4,0,10,0,3,35,0,38,6,3,39,0,48,2,0,2,50
10/30/2020,IFP,AZ,AWP,WE,Federal Contract Tower,5,0,2,0,7,0,1,30,0,31,5,1,32,0,38,2,0,2,40
10/31/2020,IFP,AZ,AWP,WE,Federal Contract Tower,4,0,1,0,5,0,7,17,0,24,4,7,18,0,29,0,0,0,29
11/01/2020,IFP,AZ,AWP,WE,Federal Contract Tower,5,0,3,0,8,0,4,14,0,18,5,4,17,0,26,4,0,4,30
11/02/2020,IFP,AZ,AWP,WE,Federal Contract Tower,5,0,3,0,8,0,11,16,0,27,5,11,19,0,35,6,0,6,41
11/03/2020,IFP,AZ,AWP,WE,Federal Contract Tower,3,0,0,0,3,0,14,7,0,21,3,14,7,0,24,0,0,0,24
11/04/2020,IFP,AZ,AWP,WE,Federal Contract Tower,4,0,3,0,7,0,4,11,0,15,4,4,14,0,22,0,0,0,22
11/05/2020,IFP,AZ,AWP,WE,Federal Contract Tower,4,0,1,0,5,0,2,5,0,7,4,2,6,0,12,0,0,0,12
11/06/2020,IFP,AZ,AWP,WE,Federal Contract Tower,6,0,0,0,6,0,4,9,0,13,6,4,9,0,19,2,0,2,21
11/07/2020,IFP,AZ,AWP,WE,Federal Contract Tower,3,0,1,0,4,0,0,7,0,7,3,0,8,0,11,0,0,0,11
11/08/2020,IFP,AZ,AWP,WE,Federal Contract Tower,4,0,1,0,5,0,6,2,0,8,4,6,3,0,13,0,0,0,13
11/09/2020,IFP,AZ,AWP,WE,Federal Contract Tower,5,0,2,0,7,0,9,15,0,24,5,9,17,0,31,0,0,0,31
11/10/2020,IFP,AZ,AWP,WE,Federal Contract Tower,2,0,3,0,5,0,6,23,0,29,2,6,26,0,34,2,0,2,36
11/11/2020,IFP,AZ,AWP,WE,Federal Contract Tower,3,0,0,0,3,0,2,17,0,19,3,2,17,0,22,0,0,0,22
11/12/2020,IFP,AZ,AWP,WE,Federal Contract Tower,4,0,0,0,4,0,2,18,0,20,4,2,18,0,24,14,0,14,38
11/13/2020,IFP,AZ,AWP,WE,Federal Contract Tower,5,0,0,0,5,0,7,18,0,25,5,7,18,0,30,0,0,0,30
11/14/2020,IFP,AZ,AWP,WE,Federal Contract Tower,5,0,2,0,7,0,1,14,0,15,5,1,16,0,22,0,0,0,22
11/15/2020,IFP,AZ,AWP,WE,Federal Contract Tower,3,0,0,0,3,0,4,6,0,10,3,4,6,0,13,0,0,0,13
11/16/2020,IFP,AZ,AWP,WE,Federal Contract Tower,4,2,1,0,7,0,6,8,0,14,4,8,9,0,21,0,0,0,21
11/17/2020,IFP,AZ,AWP,WE,Federal Contract Tower,2,0,0,1,3,0,8,9,3,20,2,8,9,4,23,0,4,4,27
11/18/2020,IFP,AZ,AWP,WE,Federal Contract Tower,4,0,3,1,8,0,8,7,1,16,4,8,10,2,24,0,0,0,24
11/19/2020,IFP,AZ,AWP,WE,Federal Contract Tower,4,0,0,0,4,0,7,5,1,13,4,7,5,1,17,4,2,6,23
11/20/2020,IFP,AZ,AWP,WE,Federal Contract Tower,5,0,2,0,7,0,0,9,0,9,5,0,11,0,16,0,0,0,16
11/21/2020,IFP,AZ,AWP,WE,Federal Contract Tower,7,2,0,0,9,0,6,8,0,14,7,8,8,0,23,0,0,0,23
11/22/2020,IFP,AZ,AWP,WE,Federal Contract Tower,3,0,1,0,4,0,4,16,0,20,3,4,17,0,24,0,0,0,24
11/23/2020,IFP,AZ,AWP,WE,Federal Contract Tower,5,0,0,0,5,0,10,11,0,21,5,10,11,0,26,6,0,6,32
11/24/2020,IFP,AZ,AWP,WE,Federal Contract Tower,2,0,0,0,2,0,2,7,0,9,2,2,7,0,11,0,0,0,11
11/25/2020,IFP,AZ,AWP,WE,Federal Contract Tower,4,0,0,0,4,0,6,23,0,29,4,6,23,0,33,0,0,0,33
11/26/2020,IFP,AZ,AWP,WE,Federal Contract Tower,6,0,0,0,6,0,11,10,0,21,6,11,10,0,27,0,0,0,27
11/27/2020,IFP,AZ,AWP,WE,Federal Contract Tower,3,0,2,0,5,0,0,13,0,13,3,0,15,0,18,0,0,0,18
11/28/2020,IFP,AZ,AWP,WE,Federal Contract Tower,5,0,4,0,9,0,2,25,0,27,5,2,29,0,36,8,0,8,44
11/29/2020,IFP,AZ,AWP,WE,Federal Contract Tower,4,0,2,0,6,0,2,26,0,28,4,2,28,0,34,0,0,0,34
11/30/2020,IFP,AZ,AWP,WE,Federal Contract Tower,5,0,2,0,7,0,0,10,0,10,5,0,12,0,17,0,0,0,17
12/01/2020,IFP,AZ,AWP,WE,Federal Contract Tower,1,1,1,1,4,0,13,4,2,19,1,14,5,3,23,4,0,4,27
12/02/2020,IFP,AZ,AWP,WE,Federal Contract Tower,5,0,2,0,7,0,8,11,2,21,5,8,13,2,28,2,0,2,30
12/03/2020,IFP,AZ,AWP,WE,Federal Contract Tower,5,0,0,2,7,0,0,7,0,7,5,0,7,2,14,0,0,0,14
12/04/2020,IFP,AZ,AWP,WE,Federal Contract Tower,5,0,1,2,8,0,8,19,0,27,5,8,20,2,35,2,0,2,37
12/05/2020,IFP,AZ,AWP,WE,Federal Contract Tower,2,0,4,1,7,0,0,16,1,17,2,0,20,2,24,0,0,0,24
12/06/2020,IFP,AZ,AWP,WE,Federal Contract Tower,6,0,2,0,8,0,1,24,0,25,6,1,26,0,33,0,0,0,33
12/07/2020,IFP,AZ,AWP,WE,Federal Contract Tower,4,0,5,0,9,0,0,8,0,8,4,0,13,0,17,0,0,0,17
12/08/2020,IFP,AZ,AWP,WE,Federal Contract Tower,2,0,2,0,4,0,4,4,0,8,2,4,6,0,12,0,0,0,12
12/09/2020,IFP,AZ,AWP,WE,Federal Contract Tower,3,0,4,2,9,0,0,21,0,21,3,0,25,2,30,6,0,6,36
12/10/2020,IFP,AZ,AWP,WE,Federal Contract Tower,6,0,2,0,8,0,2,4,0,6,6,2,6,0,14,6,0,6,20
12/11/2020,IFP,AZ,AWP,WE,Federal Contract Tower,5,0,2,0,7,0,4,15,2,21,5,4,17,2,28,0,6,6,34
12/12/2020,IFP,AZ,AWP,WE,Federal Contract Tower,5,0,0,0,5,0,2,18,0,20,5,2,18,0,25,2,0,2,27
12/13/2020,IFP,AZ,AWP,WE,Federal Contract Tower,3,0,0,0,3,0,1,16,0,17,3,1,16,0,20,0,0,0,20
12/14/2020,IFP,AZ,AWP,WE,Federal Contract Tower,5,0,0,0,5,0,4,23,2,29,5,4,23,2,34,0,8,8,42
12/15/2020,IFP,AZ,AWP,WE,Federal Contract Tower,3,0,2,2,7,0,0,18,0,18,3,0,20,2,25,0,0,0,25
12/16/2020,IFP,AZ,AWP,WE,Federal Contract Tower,3,0,1,0,4,2,9,7,0,18,5,9,8,0,22,0,0,0,22
12/17/2020,IFP,AZ,AWP,WE,Federal Contract Tower,1,0,2,1,4,0,1,19,3,23,1,1,21,4,27,4,0,4,31
12/18/2020,IFP,AZ,AWP,WE,Federal Contract Tower,0,2,0,0,2,0,2,10,0,12,0,4,10,0,14,0,0,0,14
12/19/2020,IFP,AZ,AWP,WE,Federal Contract Tower,0,2,0,0,2,0,2,9,0,11,0,4,9,0,13,0,0,0,13
12/20/2020,IFP,AZ,AWP,WE,Federal Contract Tower,0,0,2,0,2,0,0,19,0,19,0,0,21,0,21,0,0,0,21
12/21/2020,IFP,AZ,AWP,WE,Federal Contract Tower,0,0,0,1,1,0,2,13,1,16,0,2,13,2,17,10,16,26,43
12/22/2020,IFP,AZ,AWP,WE,Federal Contract Tower,0,0,3,0,3,0,6,18,0,24,0,6,21,0,27,4,0,4,31
12/23/2020,IFP,AZ,AWP,WE,Federal Contract Tower,0,0,2,0,2,0,0,2,0,2,0,0,4,0,4,0,0,0,4
12/24/2020,IFP,AZ,AWP,WE,Federal Contract Tower,0,0,0,0,0,0,6,1,0,7,0,6,1,0,7,2,0,2,9
12/25/2020,IFP,AZ,AWP,WE,Federal Contract Tower,0,0,0,0,0,0,2,4,0,6,0,2,4,0,6,0,0,0,6
12/26/2020,IFP,AZ,AWP,WE,Federal Contract Tower,1,0,0,0,1,0,2,10,0,12,1,2,10,0,13,8,0,8,21
12/27/2020,IFP,AZ,AWP,WE,Federal Contract Tower,0,0,3,0,3,0,2,12,0,14,0,2,15,0,17,4,0,4,21
12/28/2020,IFP,AZ,AWP,WE,Federal Contract Tower,1,0,0,0,1,0,0,4,0,4,1,0,4,0,5,0,0,0,5
12/29/2020,IFP,AZ,AWP,WE,Federal Contract Tower,1,0,1,0,2,0,0,20,0,20,1,0,21,0,22,4,0,4,26
12/30/2020,IFP,AZ,AWP,WE,Federal Contract Tower,3,1,0,0,4,0,2,14,0,16,3,3,14,0,20,2,0,2,22
12/31/2020,IFP,AZ,AWP,WE,Federal Contract Tower,4,0,1,0,5,0,7,16,0,23,4,7,17,0,28,18,0,18,46
01/01/2021,IFP,AZ,AWP,WE,Federal Contract Tower,1,1,0,0,2,0,0,5,0,5,1,1,5,0,7,0,0,0,7
01/02/2021,IFP,AZ,AWP,WE,Federal Contract Tower,4,0,0,0,4,0,4,19,0,23,4,4,19,0,27,8,0,8,35
01/03/2021,IFP,AZ,AWP,WE,Federal Contract Tower,3,0,1,0,4,0,6,33,0,39,3,6,34,0,43,34,0,34,77
01/04/2021,IFP,AZ,AWP,WE,Federal Contract Tower,1,0,0,0,1,0,0,24,0,24,1,0,24,0,25,0,0,0,25
01/05/2021,IFP,AZ,AWP,WE,Federal Contract Tower,1,0,1,0,2,0,4,12,2,18,1,4,13,2,20,2,0,2,22
01/06/2021,IFP,AZ,AWP,WE,Federal Contract Tower,3,0,0,0,3,0,3,5,4,12,3,3,5,4,15,0,6,6,21
01/07/2021,IFP,AZ,AWP,WE,Federal Contract Tower,1,0,0,0,1,0,2,11,0,13,1,2,11,0,14,0,0,0,14
01/08/2021,IFP,AZ,AWP,WE,Federal Contract Tower,2,0,3,0,5,0,4,8,0,12,2,4,11,0,17,0,0,0,17
01/09/2021,IFP,AZ,AWP,WE,Federal Contract Tower,3,0,1,0,4,0,6,6,0,12,3,6,7,0,16,0,0,0,16
01/10/2021,IFP,AZ,AWP,WE,Federal Contract Tower,3,0,2,0,5,0,0,5,11,16,3,0,7,11,21,0,0,0,21
01/11/2021,IFP,AZ,AWP,WE,Federal Contract Tower,1,1,0,0,2,2,10,21,2,35,3,11,21,2,37,6,2,8,45
01/12/2021,IFP,AZ,AWP,WE,Federal Contract Tower,1,1,6,0,8,0,1,10,0,11,1,2,16,0,19,4,0,4,23
01/13/2021,IFP,AZ,AWP,WE,Federal Contract Tower,3,0,1,0,4,0,6,9,0,15,3,6,10,0,19,6,0,6,25
01/14/2021,IFP,AZ,AWP,WE,Federal Contract Tower,2,2,5,0,9,0,10,9,4,23,2,12,14,4,32,0,0,0,32
01/15/2021,IFP,AZ,AWP,WE,Federal Contract Tower,2,0,1,1,4,0,5,12,1,18,2,5,13,2,22,6,8,14,36
01/16/2021,IFP,AZ,AWP,WE,Federal Contract Tower,1,0,0,0,1,0,8,12,3,23,1,8,12,3,24,0,10,10,34
01/17/2021,IFP,AZ,AWP,WE,Federal Contract Tower,3,1,2,0,6,0,0,14,0,14,3,1,16,0,20,0,0,0,20
01/18/2021,IFP,AZ,AWP,WE,Federal Contract Tower,5,0,0,0,5,0,11,21,0,32,5,11,21,0,37,0,0,0,37
01/19/2021,IFP,AZ,AWP,WE,Federal Contract Tower,3,0,1,0,4,0,6,2,0,8,3,6,3,0,12,0,0,0,12
01/20/2021,IFP,AZ,AWP,WE,Federal Contract Tower,2,0,1,0,3,0,8,13,2,23,2,8,14,2,26,0,0,0,26
01/21/2021,IFP,AZ,AWP,WE,Federal Contract Tower,2,0,2,2,6,0,9,23,2,34,2,9,25,4,40,0,0,0,40
01/22/2021,IFP,AZ,AWP,WE,Federal Contract Tower,1,1,1,2,5,0,5,3,0,8,1,6,4,2,13,0,0,0,13
01/23/2021,IFP,AZ,AWP,WE,Federal Contract Tower,2,0,2,0,4,0,4,20,2,26,2,4,22,2,30,10,0,10,40
01/24/2021,IFP,AZ,AWP,WE,Federal Contract Tower,2,0,0,0,2,0,0,9,0,9,2,0,9,0,11,8,0,8,19
01/25/2021,IFP,AZ,AWP,WE,Federal Contract Tower,1,0,0,0,1,0,0,2,0,2,1,0,2,0,3,0,0,0,3
01/26/2021,IFP,AZ,AWP,WE,Federal Contract Tower,3,0,5,0,8,0,3,3,0,6,3,3,8,0,14,6,0,6,20
01/27/2021,IFP,AZ,AWP,WE,Federal Contract Tower,2,3,2,0,7,0,1,11,0,12,2,4,13,0,19,2,0,2,21
01/28/2021,IFP,AZ,AWP,WE,Federal Contract Tower,3,0,2,3,8,0,0,23,1,24,3,0,25,4,32,6,0,6,38
01/29/2021,IFP,AZ,AWP,WE,Federal Contract Tower,1,0,3,0,4,0,3,1,0,4,1,3,4,0,8,0,0,0,8
01/30/2021,IFP,AZ,AWP,WE,Federal Contract Tower,2,0,0,0,2,0,0,20,0,20,2,0,20,0,22,0,0,0,22
01/31/2021,IFP,AZ,AWP,WE,Federal Contract Tower,3,0,0,0,3,0,6,16,0,22,3,6,16,0,25,4,0,4,29
02/01/2021,IFP,AZ,AWP,WE,Federal Contract Tower,4,0,1,0,5,0,2,16,0,18,4,2,17,0,23,0,0,0,23
02/02/2021,IFP,AZ,AWP,WE,Federal Contract Tower,1,0,2,1,4,0,15,18,1,34,1,15,20,2,38,0,2,2,40
02/03/2021,IFP,AZ,AWP,WE,Federal Contract Tower,3,0,2,2,7,0,7,12,2,21,3,7,14,4,28,8,0,8,36
02/04/2021,IFP,AZ,AWP,WE,Federal Contract Tower,2,0,1,0,3,0,12,9,0,21,2,12,10,0,24,0,0,0,24
02/05/2021,IFP,AZ,AWP,WE,Federal Contract Tower,4,0,2,0,6,0,5,18,2,25,4,5,20,2,31,10,0,10,41
02/06/2021,IFP,AZ,AWP,WE,Federal Contract Tower,1,0,0,0,1,0,4,24,0,28,1,4,24,0,29,0,0,0,29
02/07/2021,IFP,AZ,AWP,WE,Federal Contract Tower,1,0,2,0,3,2,4,21,0,27,3,4,23,0,30,0,0,0,30
02/08/2021,IFP,AZ,AWP,WE,Federal Contract Tower,2,0,0,0,2,2,6,12,0,20,4,6,12,0,22,0,0,0,22
02/09/2021,IFP,AZ,AWP,WE,Federal Contract Tower,3,0,4,0,7,0,14,6,2,22,3,14,10,2,29,0,0,0,29
02/10/2021,IFP,AZ,AWP,WE,Federal Contract Tower,1,0,3,0,4,0,16,9,0,25,1,16,12,0,29,0,0,0,29
02/11/2021,IFP,AZ,AWP,WE,Federal Contract Tower,2,0,1,0,3,0,4,21,0,25,2,4,22,0,28,0,0,0,28
02/12/2021,IFP,AZ,AWP,WE,Federal Contract Tower,1,0,4,0,5,0,8,15,0,23,1,8,19,0,28,2,0,2,30
02/13/2021,IFP,AZ,AWP,WE,Federal Contract Tower,4,0,0,0,4,0,7,6,0,13,4,7,6,0,17,0,0,0,17
02/14/2021,IFP,AZ,AWP,WE,Federal Contract Tower,2,1,2,2,7,0,4,10,0,14,2,5,12,2,21,2,6,8,29
02/15/2021,IFP,AZ,AWP,WE,Federal Contract Tower,2,2,1,0,5,0,6,20,0,26,2,8,21,0,31,0,0,0,31
02/16/2021,IFP,AZ,AWP,WE,Federal Contract Tower,1,0,0,0,1,0,7,11,0,18,1,7,11,0,19,0,0,0,19
02/17/2021,IFP,AZ,AWP,WE,Federal Contract Tower,2,0,4,0,6,0,12,17,2,31,2,12,21,2,37,0,0,0,37
02/18/2021,IFP,AZ,AWP,WE,Federal Contract Tower,0,0,0,0,0,0,0,22,0,22,0,0,22,0,22,0,0,0,22
02/19/2021,IFP,AZ,AWP,WE,Federal Contract Tower,1,0,0,0,1,0,0,38,0,38,1,0,38,0,39,0,0,0,39
02/20/2021,IFP,AZ,AWP,WE,Federal Contract Tower,2,3,2,0,7,0,6,13,0,19,2,9,15,0,26,0,0,0,26
02/21/2021,IFP,AZ,AWP,WE,Federal Contract Tower,1,5,1,0,7,0,0,11,0,11,1,5,12,0,18,0,0,0,18
02/22/2021,IFP,AZ,AWP,WE,Federal Contract Tower,0,1,2,0,3,0,4,10,0,14,0,5,12,0,17,0,0,0,17
02/23/2021,IFP,AZ,AWP,WE,Federal Contract Tower,1,0,0,1,2,0,8,21,3,32,1,8,21,4,34,18,0,18,52
02/24/2021,IFP,AZ,AWP,WE,Federal Contract Tower,1,0,0,2,3,0,1,16,0,17,1,1,16,2,20,6,0,6,26
02/25/2021,IFP,AZ,AWP,WE,Federal Contract Tower,2,1,2,0,5,0,5,4,0,9,2,6,6,0,14,0,0,0,14
02/26/2021,IFP,AZ,AWP,WE,Federal Contract Tower,2,0,2,0,4,0,5,24,0,29,2,5,26,0,33,14,0,14,47
02/27/2021,IFP,AZ,AWP,WE,Federal Contract Tower,3,0,0,0,3,0,9,14,0,23,3,9,14,0,26,0,0,0,26
02/28/2021,IFP,AZ,AWP,WE,Federal Contract Tower,2,0,1,0,3,0,1,3,0,4,2,1,4,0,7,0,0,0,7
03/01/2021,IFP,AZ,AWP,WE,Federal Contract Tower,2,0,0,1,3,0,16,17,0,33,2,16,17,1,36,0,4,4,40
03/02/2021,IFP,AZ,AWP,WE,Federal Contract Tower,2,0,0,0,2,0,5,10,2,17,2,5,10,2,19,0,0,0,19
03/03/2021,IFP,AZ,AWP,WE,Federal Contract Tower,3,2,0,0,5,0,11,2,0,13,3,13,2,0,18,0,0,0,18
03/04/2021,IFP,AZ,AWP,WE,Federal Contract Tower,2,0,1,0,3,0,13,17,0,30,2,13,18,0,33,14,0,14,47
03/05/2021,IFP,AZ,AWP,WE,Federal Contract Tower,1,0,1,2,4,0,7,14,2,23,1,7,15,4,27,0,0,0,27
03/06/2021,IFP,AZ,AWP,WE,Federal Contract Tower,1,0,2,0,3,0,8,21,0,29,1,8,23,0,32,0,0,0,32
03/07/2021,IFP,AZ,AWP,WE,Federal Contract Tower,3,0,1,0,4,0,7,28,0,35,3,7,29,0,39,6,0,6,45
03/08/2021,IFP,AZ,AWP,WE,Federal Contract Tower,1,0,0,0,1,0,10,7,0,17,1,10,7,0,18,0,0,0,18
03/09/2021,IFP,AZ,AWP,WE,Federal Contract Tower,3,0,2,0,5,0,1,2,0,3,3,1,4,0,8,0,0,0,8
03/10/2021,IFP,AZ,AWP,WE,Federal Contract Tower,3,0,0,0,3,0,7,7,0,14,3,7,7,0,17,6,0,6,23
03/11/2021,IFP,AZ,AWP,WE,Federal Contract Tower,3,0,1,0,4,0,4,8,0,12,3,4,9,0,16,0,0,0,16
03/12/2021,IFP,AZ,AWP,WE,Federal Contract Tower,1,3,1,0,5,0,4,7,0,11,1,7,8,0,16,0,0,0,16
03/13/2021,IFP,AZ,AWP,WE,Federal Contract Tower,2,0,8,0,10,0,6,19,0,25,2,6,27,0,35,24,0,24,59
03/14/2021,IFP,AZ,AWP,WE,Federal Contract Tower,1,0,1,0,2,0,2,14,0,16,1,2,15,0,18,14,0,14,32
03/15/2021,IFP,AZ,AWP,WE,Federal Contract Tower,3,0,0,0,3,0,4,3,0,7,3,4,3,0,10,0,0,0,10
03/16/2021,IFP,AZ,AWP,WE,Federal Contract Tower,2,0,1,0,3,0,10,13,1,24,2,10,14,1,27,0,0,0,27
03/17/2021,IFP,AZ,AWP,WE,Federal Contract Tower,2,1,0,2,5,0,6,28,4,38,2,7,28,6,43,10,0,10,53
03/18/2021,IFP,AZ,AWP,WE,Federal Contract Tower,1,0,2,1,4,0,8,23,0,31,1,8,25,1,35,6,0,6,41
03/19/2021,IFP,AZ,AWP,WE,Federal Contract Tower,2,0,6,0,8,0,5,20,3,28,2,5,26,3,36,16,2,18,54
03/20/2021,IFP,AZ,AWP,WE,Federal Contract Tower,1,0,1,0,2,0,2,16,0,18,1,2,17,0,20,12,0,12,32
03/21/2021,IFP,AZ,AWP,WE,Federal Contract Tower,1,0,2,0,3,0,3,13,0,16,1,3,15,0,19,2,0,2,21
03/22/2021,IFP,AZ,AWP,WE,Federal Contract Tower,3,0,2,0,5,0,4,16,6,26,3,4,18,6,31,2,2,4,35
03/23/2021,IFP,AZ,AWP,WE,Federal Contract Tower,1,0,4,3,8,0,7,10,0,17,1,7,14,3,25,0,0,0,25
03/24/2021,IFP,AZ,AWP,WE,Federal Contract Tower,2,0,2,2,6,0,2,7,2,11,2,2,9,4,17,0,0,0,17
03/25/2021,IFP,AZ,AWP,WE,Federal Contract Tower,3,0,1,2,6,0,0,8,0,8,3,0,9,2,14,0,0,0,14
03/26/2021,IFP,AZ,AWP,WE,Federal Contract Tower,1,0,2,1,4,0,4,12,2,18,1,4,14,3,22,0,6,6,28
03/27/2021,IFP,AZ,AWP,WE,Federal Contract Tower,2,0,0,1,3,0,11,17,3,31,2,11,17,4,34,4,0,4,38
03/28/2021,IFP,AZ,AWP,WE,Federal Contract Tower,3,0,6,0,9,0,5,20,0,25,3,5,26,0,34,6,0,6,40
03/29/2021,IFP,AZ,AWP,WE,Federal Contract Tower,2,0,0,0,2,0,5,8,0,13,2,5,8,0,15,0,0,0,15
03/30/2021,IFP,AZ,AWP,WE,Federal Contract Tower,2,0,2,0,4,0,0,7,0,7,2,0,9,0,11,0,0,0,11
03/31/2021,IFP,AZ,AWP,WE,Federal Contract Tower,3,1,2,0,6,0,7,2,0,9,3,8,4,0,15,4,0,4,19
04/01/2021,IFP,AZ,AWP,WE,Federal Contract Tower,2,0,1,0,3,0,2,15,0,17,2,2,16,0,20,0,0,0,20
04/02/2021,IFP,AZ,AWP,WE,Federal Contract Tower,2,0,5,0,7,0,5,16,0,21,2,5,21,0,28,4,0,4,32
04/03/2021,IFP,AZ,AWP,WE,Federal Contract Tower,1,0,1,2,4,0,0,14,0,14,1,0,15,2,18,8,0,8,26
04/04/2021,IFP,AZ,AWP,WE,Federal Contract Tower,1,0,3,0,4,0,6,18,0,24,1,6,21,0,28,12,0,12,40
04/05/2021,IFP,AZ,AWP,WE,Federal Contract Tower,1,0,1,0,2,0,0,10,0,10,1,0,11,0,12,0,0,0,12
04/06/2021,IFP,AZ,AWP,WE,Federal Contract Tower,2,0,0,0,2,0,4,12,0,16,2,4,12,0,18,4,0,4,22
04/07/2021,IFP,AZ,AWP,WE,Federal Contract Tower,2,0,1,2,5,0,9,10,0,19,2,9,11,2,24,4,0,4,28
04/08/2021,IFP,AZ,AWP,WE,Federal Contract Tower,2,0,1,1,4,0,0,21,1,22,2,0,22,2,26,0,6,6,32
04/09/2021,IFP,AZ,AWP,WE,Federal Contract Tower,3,0,0,0,3,0,13,14,1,28,3,13,14,1,31,18,0,18,49
04/10/2021,IFP,AZ,AWP,WE,Federal Contract Tower,2,0,4,0,6,0,2,17,3,22,2,2,21,3,28,12,0,12,40
04/11/2021,IFP,AZ,AWP,WE,Federal Contract Tower,1,0,1,0,2,0,4,22,2,28,1,4,23,2,30,4,0,4,34
04/12/2021,IFP,AZ,AWP,WE,Federal Contract Tower,6,2,1,0,9,0,3,24,0,27,6,5,25,0,36,26,0,26,62
04/13/2021,IFP,AZ,AWP,WE,Federal Contract Tower,2,0,0,0,2,0,4,3,0,7,2,4,3,0,9,0,0,0,9
04/14/2021,IFP,AZ,AWP,WE,Federal Contract Tower,1,0,3,0,4,0,8,7,2,17,1,8,10,2,21,2,0,2,23
04/15/2021,IFP,AZ,AWP,WE,Federal Contract Tower,1,0,7,0,8,0,15,11,2,28,1,15,18,2,36,2,0,2,38
04/16/2021,IFP,AZ,AWP,WE,Federal Contract Tower,3,0,0,0,3,0,4,12,0,16,3,4,12,0,19,0,0,0,19
04/17/2021,IFP,AZ,AWP,WE,Federal Contract Tower,1,0,0,0,1,0,5,15,0,20,1,5,15,0,21,0,0,0,21
04/18/2021,IFP,AZ,AWP,WE,Federal Contract Tower,1,0,3,0,4,0,1,11,0,12,1,1,14,0,16,0,0,0,16
04/19/2021,IFP,AZ,AWP,WE,Federal Contract Tower,3,0,1,0,4,0,7,10,0,17,3,7,11,0,21,4,0,4,25
04/20/2021,IFP,AZ,AWP,WE,Federal Contract Tower,2,0,2,0,4,0,9,21,1,31,2,9,23,1,35,0,0,0,35
04/21/2021,IFP,AZ,AWP,WE,Federal Contract Tower,2,0,0,2,4,0,4,10,2,16,2,4,10,4,20,6,2,8,28
04/22/2021,IFP,AZ,AWP,WE,Federal Contract Tower,1,0,1,0,2,0,9,22,0,31,1,9,23,0,33,12,0,12,45
04/23/2021,IFP,AZ,AWP,WE,Federal Contract Tower,2,2,2,1,7,0,1,9,1,11,2,3,11,2,18,6,12,18,36
04/24/2021,IFP,AZ,AWP,WE,Federal Contract Tower,1,2,2,0,5,0,3,1,0,4,1,5,3,0,9,0,0,0,9
04/25/2021,IFP,AZ,AWP,WE,Federal Contract Tower,1,0,2,0,3,0,5,11,0,16,1,5,13,0,19,2,0,2,21
04/26/2021,IFP,AZ,AWP,WE,Federal Contract Tower,2,0,0,0,2,0,15,3,3,21,2,15,3,3,23,0,12,12,35
04/27/2021,IFP,AZ,AWP,WE,Federal Contract Tower,2,0,0,0,2,0,7,11,0,18,2,7,11,0,20,0,0,0,20
04/28/2021,IFP,AZ,AWP,WE,Federal Contract Tower,5,0,2,0,7,0,12,15,0,27,5,12,17,0,34,0,0,0,34
04/29/2021,IFP,AZ,AWP,WE,Federal Contract Tower,1,0,0,0,1,0,7,18,0,25,1,7,18,0,26,4,0,4,30
04/30/2021,IFP,AZ,AWP,WE,Federal Contract Tower,3,0,1,0,4,0,12,17,2,31,3,12,18,2,35,0,0,0,35
05/01/2021,IFP,AZ,AWP,WE,Federal Contract Tower,1,0,2,0,3,0,2,17,0,19,1,2,19,0,22,2,0,2,24
05/02/2021,IFP,AZ,AWP,WE,Federal Contract Tower,2,0,1,0,3,0,2,24,0,26,2,2,25,0,29,16,0,16,45
05/03/2021,IFP,AZ,AWP,WE,Federal Contract Tower,1,1,1,0,3,0,16,21,0,37,1,17,22,0,40,0,0,0,40
05/04/2021,IFP,AZ,AWP,WE,Federal Contract Tower,3,0,0,1,4,0,0,18,1,19,3,0,18,2,23,0,0,0,23
05/05/2021,IFP,AZ,AWP,WE,Federal Contract Tower,2,0,2,0,4,0,0,19,0,19,2,0,21,0,23,8,0,8,31
05/06/2021,IFP,AZ,AWP,WE,Federal Contract Tower,3,0,1,0,4,0,5,16,4,25,3,5,17,4,29,0,10,10,39
05/07/2021,IFP,AZ,AWP,WE,Federal Contract Tower,1,0,0,0,1,0,6,15,2,23,1,6,15,2,24,0,0,0,24
05/08/2021,IFP,AZ,AWP,WE,Federal Contract Tower,3,1,0,0,4,0,3,15,0,18,3,4,15,0,22,4,0,4,26
05/09/2021,IFP,AZ,AWP,WE,Federal Contract Tower,1,0,0,0,1,0,5,12,0,17,1,5,12,0,18,2,0,2,20
05/10/2021,IFP,AZ,AWP,WE,Federal Contract Tower,2,0,2,0,4,0,0,16,0,16,2,0,18,0,20,0,0,0,20
05/11/2021,IFP,AZ,AWP,WE,Federal Contract Tower,2,0,1,0,3,0,1,7,4,12,2,1,8,4,15,0,14,14,29
05/12/2021,IFP,AZ,AWP,WE,Federal Contract Tower,0,0,0,0,0,0,2,15,0,17,0,2,15,0,17,4,0,4,21
05/13/2021,IFP,AZ,AWP,WE,Federal Contract Tower,2,0,0,0,2,0,5,18,0,23,2,5,18,0,25,0,0,0,25
05/14/2021,IFP,AZ,AWP,WE,Federal Contract Tower,3,0,2,2,7,0,5,21,0,26,3,5,23,2,33,0,0,0,33
05/15/2021,IFP,AZ,AWP,WE,Federal Contract Tower,3,0,1,0,4,0,3,18,0,21,3,3,19,0,25,0,0,0,25
05/16/2021,IFP,AZ,AWP,WE,Federal Contract Tower,1,1,3,0,5,0,0,14,0,14,1,1,17,0,19,0,0,0,19
05/17/2021,IFP,AZ,AWP,WE,Federal Contract Tower,2,0,0,0,2,0,15,17,0,32,2,15,17,0,34,0,0,0,34
05/18/2021,IFP,AZ,AWP,WE,Federal Contract Tower,3,2,2,0,7,0,7,22,1,30,3,9,24,1,37,0,0,0,37
05/19/2021,IFP,AZ,AWP,WE,Federal Contract Tower,1,0,0,0,1,0,3,24,0,27,1,3,24,0,28,10,0,10,38
05/20/2021,IFP,AZ,AWP,WE,Federal Contract Tower,1,0,2,2,5,0,10,14,2,26,1,10,16,4,31,0,0,0,31
05/21/2021,IFP,AZ,AWP,WE,Federal Contract Tower,1,1,4,1,7,0,2,13,2,17,1,3,17,3,24,10,0,10,34
05/22/2021,IFP,AZ,AWP,WE,Federal Contract Tower,2,1,3,0,6,0,9,15,0,24,2,10,18,0,30,0,0,0,30
05/23/2021,IFP,AZ,AWP,WE,Federal Contract Tower,0,0,5,0,5,0,4,14,0,18,0,4,19,0,23,0,0,0,23
05/24/2021,IFP,AZ,AWP,WE,Federal Contract Tower,1,0,2,0,3,0,2,9,2,13,1,2,11,2,16,6,0,6,22
05/25/2021,IFP,AZ,AWP,WE,Federal Contract Tower,1,0,3,0,4,0,4,21,2,27,1,4,24,2,31,4,0,4,35
05/26/2021,IFP,AZ,AWP,WE,Federal Contract Tower,3,2,1,0,6,0,3,14,9,26,3,5,15,9,32,0,2,2,34
05/27/2021,IFP,AZ,AWP,WE,Federal Contract Tower,1,0,1,0,2,0,5,14,0,19,1,5,15,0,21,14,0,14,35
05/28/2021,IFP,AZ,AWP,WE,Federal Contract Tower,2,1,0,0,3,0,1,15,0,16,2,2,15,0,19,0,0,0,19
05/29/2021,IFP,AZ,AWP,WE,Federal Contract Tower,1,0,0,0,1,0,7,7,0,14,1,7,7,0,15,2,0,2,17
05/30/2021,IFP,AZ,AWP,WE,Federal Contract Tower,2,0,0,0,2,0,3,15,0,18,2,3,15,0,20,0,0,0,20
05/31/2021,IFP,AZ,AWP,WE,Federal Contract Tower,2,0,5,0,7,0,15,20,0,35,2,15,25,0,42,0,0,0,42
06/01/2021,IFP,AZ,AWP,WE,Federal Contract Tower,1,0,2,1,4,0,10,14,1,25,1,10,16,2,29,0,0,0,29
06/02/2021,IFP,AZ,AWP,WE,Federal Contract Tower,3,0,0,1,4,0,10,6,3,19,3,10,6,4,23,0,0,0,23
06/03/2021,IFP,AZ,AWP,WE,Federal Contract Tower,3,0,0,0,3,0,0,10,0,10,3,0,10,0,13,0,0,0,13
06/04/2021,IFP,AZ,AWP,WE,Federal Contract Tower,2,0,2,2,6,0,5,15,0,20,2,5,17,2,26,2,0,2,28
06/05/2021,IFP,AZ,AWP,WE,Federal Contract Tower,0,0,0,0,0,0,10,17,0,27,0,10,17,0,27,8,0,8,35
06/06/2021,IFP,AZ,AWP,WE,Federal Contract Tower,3,2,0,0,5,0,3,10,0,13,3,5,10,0,18,0,0,0,18
06/07/2021,IFP,AZ,AWP,WE,Federal Contract Tower,2,0,2,0,4,0,17,9,0,26,2,17,11,0,30,0,0,0,30
06/08/2021,IFP,AZ,AWP,WE,Federal Contract Tower,2,1,0,2,5,0,1,5,2,8,2,2,5,4,13,0,6,6,19
06/09/2021,IFP,AZ,AWP,WE,Federal Contract Tower,1,0,0,0,1,0,9,6,0,15,1,9,6,0,16,2,0,2,18
06/10/2021,IFP,AZ,AWP,WE,Federal Contract Tower,4,0,1,0,5,0,15,19,2,36,4,15,20,2,41,18,0,18,59
06/11/2021,IFP,AZ,AWP,WE,Federal Contract Tower,1,0,0,5,6,0,2,22,0,24,1,2,22,5,30,0,0,0,30
06/12/2021,IFP,AZ,AWP,WE,Federal Contract Tower,2,0,2,0,4,0,3,16,3,22,2,3,18,3,26,0,0,0,26
06/13/2021,IFP,AZ,AWP,WE,Federal Contract Tower,2,0,1,0,3,0,5,23,0,28,2,5,24,0,31,12,0,12,43
06/14/2021,IFP,AZ,AWP,WE,Federal Contract Tower,1,0,0,1,2,0,2,17,2,21,1,2,17,3,23,4,8,12,35
06/15/2021,IFP,AZ,AWP,WE,Federal Contract Tower,1,1,2,0,4,0,0,14,2,16,1,1,16,2,20,0,0,0,20
06/16/2021,IFP,AZ,AWP,WE,Federal Contract Tower,2,0,0,0,2,0,4,3,0,7,2,4,3,0,9,0,0,0,9
06/17/2021,IFP,AZ,AWP,WE,Federal Contract Tower,1,0,2,0,3,0,2,8,1,11,1,2,10,1,14,6,0,6,20
06/18/2021,IFP,AZ,AWP,WE,Federal Contract Tower,2,0,0,0,2,0,0,13,3,16,2,0,13,3,18,0,0,0,18
06/19/2021,IFP,AZ,AWP,WE,Federal Contract Tower,3,0,4,0,7,0,6,9,0,15,3,6,13,0,22,12,0,12,34
06/20/2021,IFP,AZ,AWP,WE,Federal Contract Tower,0,0,0,0,0,0,4,6,0,10,0,4,6,0,10,0,0,0,10
06/21/2021,IFP,AZ,AWP,WE,Federal Contract Tower,3,0,0,0,3,0,2,6,0,8,3,2,6,0,11,14,0,14,25
06/22/2021,IFP,AZ,AWP,WE,Federal Contract Tower,2,0,0,0,2,0,5,10,0,15,2,5,10,0,17,0,0,0,17
06/23/2021,IFP,AZ,AWP,WE,Federal Contract Tower,1,0,0,0,1,0,5,9,0,14,1,5,9,0,15,10,0,10,25
06/24/2021,IFP,AZ,AWP,WE,Federal Contract Tower,2,0,1,0,3,0,6,1,2,9,2,6,2,2,12,0,0,0,12
06/25/2021,IFP,AZ,AWP,WE,Federal Contract Tower,3,0,1,0,4,0,4,28,0,32,3,4,29,0,36,32,0,32,68
06/26/2021,IFP,AZ,AWP,WE,Federal Contract Tower,2,0,0,0,2,0,5,8,0,13,2,5,8,0,15,0,0,0,15
06/27/2021,IFP,AZ,AWP,WE,Federal Contract Tower,1,0,2,0,3,0,12,11,0,23,1,12,13,0,26,0,0,0,26
06/28/2021,IFP,AZ,AWP,WE,Federal Contract Tower,3,0,3,0,6,0,6,8,0,14,3,6,11,0,20,0,0,0,20
06/29/2021,IFP,AZ,AWP,WE,Federal Contract Tower,2,0,0,0,2,0,6,11,0,17,2,6,11,0,19,2,0,2,21
06/30/2021,IFP,AZ,AWP,WE,Federal Contract Tower,3,0,5,0,8,0,2,2,0,4,3,2,7,0,12,0,0,0,12
07/01/2021,IFP,AZ,AWP,WE,Federal Contract Tower,2,0,1,0,3,0,18,9,0,27,2,18,10,0,30,0,0,0,30
07/02/2021,IFP,AZ,AWP,WE,Federal Contract Tower,2,0,0,0,2,0,9,18,0,27,2,9,18,0,29,6,0,6,35
07/03/2021,IFP,AZ,AWP,WE,Federal Contract Tower,3,0,0,0,3,0,10,12,0,22,3,10,12,0,25,8,0,8,33
07/04/2021,IFP,AZ,AWP,WE,Federal Contract Tower,2,0,0,0,2,0,5,1,0,6,2,5,1,0,8,0,0,0,8
07/05/2021,IFP,AZ,AWP,WE,Federal Contract Tower,1,0,0,0,1,0,3,14,0,17,1,3,14,0,18,2,0,2,20
07/06/2021,IFP,AZ,AWP,WE,Federal Contract Tower,2,0,0,0,2,0,10,4,0,14,2,10,4,0,16,0,0,0,16
07/07/2021,IFP,AZ,AWP,WE,Federal Contract Tower,2,0,0,0,2,0,7,4,2,13,2,7,4,2,15,0,2,2,17
07/08/2021,IFP,AZ,AWP,WE,Federal Contract Tower,2,2,1,0,5,0,12,4,0,16,2,14,5,0,21,0,0,0,21
07/09/2021,IFP,AZ,AWP,WE,Federal Contract Tower,2,1,0,1,4,0,11,6,0,17,2,12,6,1,21,0,0,0,21
07/10/2021,IFP,AZ,AWP,WE,Federal Contract Tower,2,0,0,0,2,0,22,4,0,26,2,22,4,0,28,0,0,0,28
07/11/2021,IFP,AZ,AWP,WE,Federal Contract Tower,2,1,0,1,4,0,1,10,0,11,2,2,10,1,15,2,0,2,17
07/12/2021,IFP,AZ,AWP,WE,Federal Contract Tower,2,2,1,0,5,0,5,3,0,8,2,7,4,0,13,0,0,0,13
07/13/2021,IFP,AZ,AWP,WE,Federal Contract Tower,2,0,0,0,2,0,11,10,0,21,2,11,10,0,23,0,0,0,23
07/14/2021,IFP,AZ,AWP,WE,Federal Contract Tower,2,2,1,0,5,0,3,5,0,8,2,5,6,0,13,0,0,0,13
07/15/2021,IFP,AZ,AWP,WE,Federal Contract Tower,2,0,0,0,2,0,15,8,0,23,2,15,8,0,25,0,0,0,25
07/16/2021,IFP,AZ,AWP,WE,Federal Contract Tower,2,0,1,0,3,0,8,20,0,28,2,8,21,0,31,6,0,6,37
07/17/2021,IFP,AZ,AWP,WE,Federal Contract Tower,0,0,0,0,0,0,8,2,0,10,0,8,2,0,10,0,0,0,10
07/18/2021,IFP,AZ,AWP,WE,Federal Contract Tower,2,1,1,0,4,0,2,8,0,10,2,3,9,0,14,0,0,0,14
07/19/2021,IFP,AZ,AWP,WE,Federal Contract Tower,3,0,3,0,6,0,1,4,0,5,3,1,7,0,11,0,0,0,11
07/20/2021,IFP,AZ,AWP,WE,Federal Contract Tower,2,2,2,2,8,0,11,11,0,22,2,13,13,2,30,0,0,0,30
07/21/2021,IFP,AZ,AWP,WE,Federal Contract Tower,2,2,2,0,6,0,5,9,0,14,2,7,11,0,20,0,0,0,20
07/22/2021,IFP,AZ,AWP,WE,Federal Contract Tower,4,0,0,0,4,0,4,7,0,11,4,4,7,0,15,2,0,2,17
07/23/2021,IFP,AZ,AWP,WE,Federal Contract Tower,1,0,1,0,2,0,6,14,0,20,1,6,15,0,22,0,0,0,22
07/24/2021,IFP,AZ,AWP,WE,Federal Contract Tower,2,0,1,0,3,0,5,4,0,9,2,5,5,0,12,0,0,0,12
07/25/2021,IFP,AZ,AWP,WE,Federal Contract Tower,1,2,0,0,3,0,4,13,0,17,1,6,13,0,20,0,0,0,20
07/26/2021,IFP,AZ,AWP,WE,Federal Contract Tower,2,0,0,0,2,0,3,3,0,6,2,3,3,0,8,0,0,0,8
07/27/2021,IFP,AZ,AWP,WE,Federal Contract Tower,1,0,2,0,3,0,7,12,0,19,1,7,14,0,22,4,0,4,26
07/28/2021,IFP,AZ,AWP,WE,Federal Contract Tower,3,0,0,0,3,0,3,15,0,18,3,3,15,0,21,0,0,0,21
07/29/2021,IFP,AZ,AWP,WE,Federal Contract Tower,1,0,0,0,1,0,6,15,0,21,1,6,15,0,22,0,0,0,22
07/30/2021,IFP,AZ,AWP,WE,Federal Contract Tower,4,0,4,0,8,0,3,14,0,17,4,3,18,0,25,0,0,0,25
07/31/2021,IFP,AZ,AWP,WE,Federal Contract Tower,2,0,0,0,2,0,20,1,0,21,2,20,1,0,23,0,0,0,23
08/01/2021,IFP,AZ,AWP,WE,Federal Contract Tower,3,2,0,0,5,0,6,10,0,16,3,8,10,0,21,0,0,0,21
08/02/2021,IFP,AZ,AWP,WE,Federal Contract Tower,1,0,1,0,2,0,2,16,0,18,1,2,17,0,20,0,0,0,20
08/03/2021,IFP,AZ,AWP,WE,Federal Contract Tower,3,0,0,0,3,0,6,9,0,15,3,6,9,0,18,2,0,2,20
08/04/2021,IFP,AZ,AWP,WE,Federal Contract Tower,1,0,3,4,8,0,2,17,0,19,1,2,20,4,27,0,0,0,27
08/05/2021,IFP,AZ,AWP,WE,Federal Contract Tower,3,0,0,0,3,0,7,8,0,15,3,7,8,0,18,0,0,0,18
08/06/2021,IFP,AZ,AWP,WE,Federal Contract Tower,2,0,2,0,4,0,6,18,2,26,2,6,20,2,30,10,4,14,44
08/07/2021,IFP,AZ,AWP,WE,Federal Contract Tower,1,0,1,0,2,0,1,11,6,18,1,1,12,6,20,0,0,0,20
08/08/2021,IFP,AZ,AWP,WE,Federal Contract Tower,1,0,0,0,1,0,7,12,0,19,1,7,12,0,20,0,0,0,20
08/09/2021,IFP,AZ,AWP,WE,Federal Contract Tower,2,0,2,0,4,0,4,7,0,11,2,4,9,0,15,0,0,0,15
08/10/2021,IFP,AZ,AWP,WE,Federal Contract Tower,0,0,2,0,2,0,15,5,0,20,0,15,7,0,22,0,0,0,22
08/11/2021,IFP,AZ,AWP,WE,Federal Contract Tower,2,0,3,0,5,0,6,9,0,15,2,6,12,0,20,0,0,0,20
08/12/2021,IFP,AZ,AWP,WE,Federal Contract Tower,3,0,0,0,3,0,6,9,0,15,3,6,9,0,18,2,0,2,20
08/13/2021,IFP,AZ,AWP,WE,Federal Contract Tower,1,1,2,0,4,0,15,16,0,31,1,16,18,0,35,0,0,0,35
08/14/2021,IFP,AZ,AWP,WE,Federal Contract Tower,2,0,1,0,3,0,14,6,0,20,2,14,7,0,23,0,0,0,23
08/15/2021,IFP,AZ,AWP,WE,Federal Contract Tower,1,0,0,0,1,0,1,10,0,11,1,1,10,0,12,0,0,0,12
08/16/2021,IFP,AZ,AWP,WE,Federal Contract Tower,0,0,1,1,2,0,6,5,1,12,0,6,6,2,14,0,6,6,20
08/17/2021,IFP,AZ,AWP,WE,Federal Contract Tower,2,0,3,0,5,0,6,2,0,8,2,6,5,0,13,0,0,0,13
08/18/2021,IFP,AZ,AWP,WE,Federal Contract Tower,2,0,0,0,2,0,10,19,0,29,2,10,19,0,31,0,0,0,31
08/19/2021,IFP,AZ,AWP,WE,Federal Contract Tower,1,0,1,0,2,0,10,14,2,26,1,10,15,2,28,0,0,0,28
08/20/2021,IFP,AZ,AWP,WE,Federal Contract Tower,0,0,0,0,0,0,5,22,0,27,0,5,22,0,27,0,0,0,27
08/21/2021,IFP,AZ,AWP,WE,Federal Contract Tower,3,0,2,0,5,0,12,3,0,15,3,12,5,0,20,0,0,0,20
08/22/2021,IFP,AZ,AWP,WE,Federal Contract Tower,1,0,0,0,1,0,2,10,0,12,1,2,10,0,13,6,0,6,19
08/23/2021,IFP,AZ,AWP,WE,Federal Contract Tower,4,0,2,0,6,0,12,25,0,37,4,12,27,0,43,0,0,0,43
08/24/2021,IFP,AZ,AWP,WE,Federal Contract Tower,2,0,2,0,4,0,6,5,0,11,2,6,7,0,15,2,0,2,17
08/25/2021,IFP,AZ,AWP,WE,Federal Contract Tower,4,2,0,0,6,0,3,11,2,16,4,5,11,2,22,2,0,2,24
08/26/2021,IFP,AZ,AWP,WE,Federal Contract Tower,2,0,4,0,6,0,7,18,0,25,2,7,22,0,31,2,0,2,33
08/27/2021,IFP,AZ,AWP,WE,Federal Contract Tower,4,1,0,1,6,0,5,8,2,15,4,6,8,3,21,6,0,6,27
08/28/2021,IFP,AZ,AWP,WE,Federal Contract Tower,1,0,1,0,2,0,0,7,1,8,1,0,8,1,10,12,2,14,24
08/29/2021,IFP,AZ,AWP,WE,Federal Contract Tower,3,0,1,1,5,0,10,9,0,19,3,10,10,1,24,10,0,10,34
08/30/2021,IFP,AZ,AWP,WE,Federal Contract Tower,2,0,5,2,9,0,4,8,0,12,2,4,13,2,21,0,6,6,27
08/31/2021,IFP,AZ,AWP,WE,Federal Contract Tower,3,0,1,0,4,0,1,7,0,8,3,1,8,0,12,6,0,6,18
09/01/2021,IFP,AZ,AWP,WE,Federal Contract Tower,0,0,0,0,0,0,6,7,0,13,0,6,7,0,13,0,0,0,13
09/02/2021,IFP,AZ,AWP,WE,Federal Contract Tower,3,5,1,0,9,0,12,15,0,27,3,17,16,0,36,6,0,6,42
09/03/2021,IFP,AZ,AWP,WE,Federal Contract Tower,1,0,0,0,1,0,17,18,2,37,1,17,18,2,38,0,0,0,38
09/04/2021,IFP,AZ,AWP,WE,Federal Contract Tower,4,0,1,0,5,0,17,24,0,41,4,17,25,0,46,8,0,8,54
09/05/2021,IFP,AZ,AWP,WE,Federal Contract Tower,3,0,3,0,6,0,5,13,0,18,3,5,16,0,24,6,0,6,30
09/06/2021,IFP,AZ,AWP,WE,Federal Contract Tower,0,0,1,0,1,0,10,17,0,27,0,10,18,0,28,10,0,10,38
09/07/2021,IFP,AZ,AWP,WE,Federal Contract Tower,0,0,1,0,1,0,4,11,0,15,0,4,12,0,16,0,0,0,16
09/08/2021,IFP,AZ,AWP,WE,Federal Contract Tower,2,0,0,0,2,0,1,7,2,10,2,1,7,2,12,28,0,28,40
09/09/2021,IFP,AZ,AWP,WE,Federal Contract Tower,3,0,2,0,5,0,6,6,0,12,3,6,8,0,17,0,0,0,17
09/10/2021,IFP,AZ,AWP,WE,Federal Contract Tower,2,2,1,1,6,0,6,27,1,34,2,8,28,2,40,0,24,24,64
09/11/2021,IFP,AZ,AWP,WE,Federal Contract Tower,1,2,0,0,3,0,11,42,0,53,1,13,42,0,56,0,0,0,56
09/12/2021,IFP,AZ,AWP,WE,Federal Contract Tower,1,1,0,0,2,0,4,15,0,19,1,5,15,0,21,8,0,8,29
09/13/2021,IFP,AZ,AWP,WE,Federal Contract Tower,1,0,0,0,1,0,5,6,2,13,1,5,6,2,14,0,16,16,30
09/14/2021,IFP,AZ,AWP,WE,Federal Contract Tower,3,0,1,0,4,0,8,19,0,27,3,8,20,0,31,2,0,2,33
09/15/2021,IFP,AZ,AWP,WE,Federal Contract Tower,2,0,0,0,2,0,1,7,0,8,2,1,7,0,10,0,0,0,10
09/16/2021,IFP,AZ,AWP,WE,Federal Contract Tower,3,2,1,0,6,0,4,12,2,18,3,6,13,2,24,0,0,0,24
09/17/2021,IFP,AZ,AWP,WE,Federal Contract Tower,4,1,0,0,5,0,12,19,0,31,4,13,19,0,36,10,0,10,46
09/18/2021,IFP,AZ,AWP,WE,Federal Contract Tower,0,0,3,0,3,0,2,28,0,30,0,2,31,0,33,0,0,0,33
09/19/2021,IFP,AZ,AWP,WE,Federal Contract Tower,0,0,0,0,0,0,3,14,0,17,0,3,14,0,17,0,0,0,17
09/20/2021,IFP,AZ,AWP,WE,Federal Contract Tower,2,0,2,0,4,0,4,16,0,20,2,4,18,0,24,0,0,0,24
09/21/2021,IFP,AZ,AWP,WE,Federal Contract Tower,2,0,0,0,2,0,6,10,0,16,2,6,10,0,18,0,0,0,18
09/22/2021,IFP,AZ,AWP,WE,Federal Contract Tower,2,0,0,0,2,0,11,20,2,33,2,11,20,2,35,8,0,8,43
09/23/2021,IFP,AZ,AWP,WE,Federal Contract Tower,2,2,0,0,4,0,5,18,0,23,2,7,18,0,27,0,0,0,27
09/24/2021,IFP,AZ,AWP,WE,Federal Contract Tower,4,0,4,0,8,0,9,20,0,29,4,9,24,0,37,0,0,0,37
09/25/2021,IFP,AZ,AWP,WE,Federal Contract Tower,3,0,1,0,4,0,5,34,0,39,3,5,35,0,43,0,0,0,43
09/26/2021,IFP,AZ,AWP,WE,Federal Contract Tower,3,3,9,0,15,0,11,43,4,58,3,14,52,4,73,2,12,14,87
09/27/2021,IFP,AZ,AWP,WE,Federal Contract Tower,2,0,2,0,4,0,3,17,0,20,2,3,19,0,24,6,0,6,30
09/28/2021,IFP,AZ,AWP,WE,Federal Contract Tower,3,0,1,1,5,0,6,12,1,19,3,6,13,2,24,0,0,0,24
09/29/2021,IFP,AZ,AWP,WE,Federal Contract Tower,1,0,0,0,1,0,7,13,0,20,1,7,13,0,21,0,0,0,21
09/30/2021,IFP,AZ,AWP,WE,Federal Contract Tower,1,0,0,0,1,0,5,12,0,17,1,5,12,0,18,8,0,8,26
10/01/2021,IFP,AZ,AWP,WE,Federal Contract Tower,2,0,1,0,3,0,10,15,0,25,2,10,16,0,28,0,0,0,28
10/02/2021,IFP,AZ,AWP,WE,Federal Contract Tower,3,1,1,0,5,0,1,16,0,17,3,2,17,0,22,10,0,10,32
10/03/2021,IFP,AZ,AWP,WE,Federal Contract Tower,2,0,2,0,4,0,0,16,0,16,2,0,18,0,20,0,0,0,20
10/04/2021,IFP,AZ,AWP,WE,Federal Contract Tower,2,1,0,2,5,0,4,15,8,27,2,5,15,10,32,0,20,20,52
10/05/2021,IFP,AZ,AWP,WE,Federal Contract Tower,1,0,2,0,3,0,7,8,0,15,1,7,10,0,18,0,0,0,18
10/06/2021,IFP,AZ,AWP,WE,Federal Contract Tower,2,0,4,0,6,0,11,35,0,46,2,11,39,0,52,7,0,7,59
10/07/2021,IFP,AZ,AWP,WE,Federal Contract Tower,2,0,7,1,10,0,0,19,1,20,2,0,26,2,30,4,0,4,34
10/08/2021,IFP,AZ,AWP,WE,Federal Contract Tower,2,0,3,0,5,0,1,10,0,11,2,1,13,0,16,0,0,0,16
10/09/2021,IFP,AZ,AWP,WE,Federal Contract Tower,0,0,2,2,4,0,7,29,0,36,0,7,31,2,40,0,0,0,40
10/10/2021,IFP,AZ,AWP,WE,Federal Contract Tower,3,0,2,1,6,0,5,27,2,34,3,5,29,3,40,6,2,8,48
10/11/2021,IFP,AZ,AWP,WE,Federal Contract Tower,4,1,0,0,5,0,7,8,1,16,4,8,8,1,21,2,0,2,23
10/12/2021,IFP,AZ,AWP,WE,Federal Contract Tower,3,0,1,1,5,0,6,19,3,28,3,6,20,4,33,0,2,2,35
10/13/2021,IFP,AZ,AWP,WE,Federal Contract Tower,1,0,2,2,5,0,3,17,0,20,1,3,19,2,25,12,0,12,37
10/14/2021,IFP,AZ,AWP,WE,Federal Contract Tower,2,0,1,0,3,0,13,14,0,27,2,13,15,0,30,16,0,16,46
10/15/2021,IFP,AZ,AWP,WE,Federal Contract Tower,5,2,6,0,13,0,2,18,0,20,5,4,24,0,33,0,0,0,33
10/16/2021,IFP,AZ,AWP,WE,Federal Contract Tower,2,0,7,0,9,0,10,21,1,32,2,10,28,1,41,0,0,0,41
10/17/2021,IFP,AZ,AWP,WE,Federal Contract Tower,3,1,9,0,13,0,12,30,2,44,3,13,39,2,57,8,0,8,65
10/18/2021,IFP,AZ,AWP,WE,Federal Contract Tower,2,1,0,0,3,0,5,10,1,16,2,6,10,1,19,0,0,0,19
10/19/2021,IFP,AZ,AWP,WE,Federal Contract Tower,2,0,0,0,2,0,6,10,0,16,2,6,10,0,18,0,0,0,18
10/20/2021,IFP,AZ,AWP,WE,Federal Contract Tower,2,0,1,0,3,0,1,26,0,27,2,1,27,0,30,30,0,30,60
10/21/2021,IFP,AZ,AWP,WE,Federal Contract Tower,4,0,4,2,10,0,15,19,4,38,4,15,23,6,48,14,0,14,62
10/22/2021,IFP,AZ,AWP,WE,Federal Contract Tower,3,0,1,0,4,0,15,30,0,45,3,15,31,0,49,14,0,14,63
10/23/2021,IFP,AZ,AWP,WE,Federal Contract Tower,2,0,1,0,3,0,4,28,0,32,2,4,29,0,35,10,0,10,45
10/24/2021,IFP,AZ,AWP,WE,Federal Contract Tower,6,0,0,0,6,0,7,21,0,28,6,7,21,0,34,2,0,2,36
10/25/2021,IFP,AZ,AWP,WE,Federal Contract Tower,5,0,2,0,7,0,11,7,2,20,5,11,9,2,27,0,0,0,27
10/26/2021,IFP,AZ,AWP,WE,Federal Contract Tower,3,0,3,0,6,0,11,17,0,28,3,11,20,0,34,0,0,0,34
10/27/2021,IFP,AZ,AWP,WE,Federal Contract Tower,0,0,3,0,3,0,1,25,0,26,0,1,28,0,29,0,0,0,29
10/28/2021,IFP,AZ,AWP,WE,Federal Contract Tower,5,3,0,0,8,0,3,13,0,16,5,6,13,0,24,0,0,0,24
10/29/2021,IFP,AZ,AWP,WE,Federal Contract Tower,4,0,2,0,6,0,6,16,2,24,4,6,18,2,30,0,0,0,30
10/30/2021,IFP,AZ,AWP,WE,Federal Contract Tower,0,0,2,0,2,0,5,20,0,25,0,5,22,0,27,0,0,0,27
10/31/2021,IFP,AZ,AWP,WE,Federal Contract Tower,3,0,0,0,3,0,11,39,0,50,3,11,39,0,53,12,0,12,65
11/01/2021,IFP,AZ,AWP,WE,Federal Contract Tower,5,0,3,0,8,0,18,10,0,28,5,18,13,0,36,6,0,6,42
11/02/2021,IFP,AZ,AWP,WE,Federal Contract Tower,2,0,1,0,3,0,11,39,0,50,2,11,40,0,53,0,0,0,53
11/03/2021,IFP,AZ,AWP,WE,Federal Contract Tower,0,0,2,0,2,0,8,13,0,21,0,8,15,0,23,0,0,0,23
11/04/2021,IFP,AZ,AWP,WE,Federal Contract Tower,5,0,1,1,7,0,11,19,1,31,5,11,20,2,38,10,18,28,66
11/05/2021,IFP,AZ,AWP,WE,Federal Contract Tower,7,0,2,0,9,0,1,36,2,39,7,1,38,2,48,4,0,4,52
11/06/2021,IFP,AZ,AWP,WE,Federal Contract Tower,3,2,4,0,9,0,10,27,0,37,3,12,31,0,46,0,0,0,46
11/07/2021,IFP,AZ,AWP,WE,Federal Contract Tower,1,1,0,0,2,0,1,21,0,22,1,2,21,0,24,0,0,0,24
11/08/2021,IFP,AZ,AWP,WE,Federal Contract Tower,6,0,3,0,9,0,8,18,0,26,6,8,21,0,35,0,0,0,35
11/09/2021,IFP,AZ,AWP,WE,Federal Contract Tower,2,0,1,0,3,0,5,11,2,18,2,5,12,2,21,2,0,2,23
11/10/2021,IFP,AZ,AWP,WE,Federal Contract Tower,1,0,1,0,2,0,2,10,0,12,1,2,11,0,14,0,0,0,14
11/11/2021,IFP,AZ,AWP,WE,Federal Contract Tower,2,0,1,1,4,0,8,12,0,20,2,8,13,1,24,0,0,0,24
11/12/2021,IFP,AZ,AWP,WE,Federal Contract Tower,5,3,1,0,9,0,7,10,0,17,5,10,11,0,26,0,0,0,26
11/13/2021,IFP,AZ,AWP,WE,Federal Contract Tower,2,0,0,1,3,0,6,17,0,23,2,6,17,1,26,0,0,0,26
11/14/2021,IFP,AZ,AWP,WE,Federal Contract Tower,5,0,2,0,7,0,8,18,0,26,5,8,20,0,33,2,0,2,35
11/15/2021,IFP,AZ,AWP,WE,Federal Contract Tower,4,0,0,1,5,0,11,26,0,37,4,11,26,1,42,0,0,0,42
11/16/2021,IFP,AZ,AWP,WE,Federal Contract Tower,1,0,0,0,1,0,2,13,0,15,1,2,13,0,16,0,0,0,16
11/17/2021,IFP,AZ,AWP,WE,Federal Contract Tower,2,0,2,0,4,0,7,15,0,22,2,7,17,0,26,0,0,0,26
11/18/2021,IFP,AZ,AWP,WE,Federal Contract Tower,2,0,3,0,5,0,4,8,1,13,2,4,11,1,18,0,0,0,18
11/19/2021,IFP,AZ,AWP,WE,Federal Contract Tower,4,0,3,0,7,0,7,23,2,32,4,7,26,2,39,14,0,14,53
11/20/2021,IFP,AZ,AWP,WE,Federal Contract Tower,3,0,1,0,4,0,12,74,2,88,3,12,75,2,92,2,2,4,96
11/21/2021,IFP,AZ,AWP,WE,Federal Contract Tower,4,0,1,1,6,0,2,8,0,10,4,2,9,1,16,0,0,0,16
11/22/2021,IFP,AZ,AWP,WE,Federal Contract Tower,4,0,0,3,7,0,5,15,1,21,4,5,15,4,28,0,4,4,32
11/23/2021,IFP,AZ,AWP,WE,Federal Contract Tower,2,0,0,0,2,0,8,8,2,18,2,8,8,2,20,0,6,6,26
11/24/2021,IFP,AZ,AWP,WE,Federal Contract Tower,0,0,2,0,2,0,0,9,0,9,0,0,11,0,11,0,0,0,11
11/25/2021,IFP,AZ,AWP,WE,Federal Contract Tower,5,1,1,0,7,0,5,0,0,5,5,6,1,0,12,6,0,6,18
11/26/2021,IFP,AZ,AWP,WE,Federal Contract Tower,2,0,0,0,2,0,11,9,0,20,2,11,9,0,22,0,0,0,22
11/27/2021,IFP,AZ,AWP,WE,Federal Contract Tower,2,1,2,0,5,0,11,15,0,26,2,12,17,0,31,2,0,2,33
11/28/2021,IFP,AZ,AWP,WE,Federal Contract Tower,5,0,2,0,7,0,7,15,0,22,5,7,17,0,29,0,0,0,29
11/29/2021,IFP,AZ,AWP,WE,Federal Contract Tower,4,2,3,1,10,0,9,15,3,27,4,11,18,4,37,0,0,0,37
11/30/2021,IFP,AZ,AWP,WE,Federal Contract Tower,2,0,1,0,3,0,5,0,2,7,2,5,1,2,10,0,4,4,14
12/01/2021,IFP,AZ,AWP,WE,Federal Contract Tower,1,0,2,0,3,0,7,12,0,19,1,7,14,0,22,0,0,0,22
12/02/2021,IFP,AZ,AWP,WE,Federal Contract Tower,5,0,6,0,11,0,7,19,2,28,5,7,25,2,39,18,0,18,57
12/03/2021,IFP,AZ,AWP,WE,Federal Contract Tower,4,0,1,1,6,0,2,26,1,29,4,2,27,2,35,8,20,28,63
12/04/2021,IFP,AZ,AWP,WE,Federal Contract Tower,0,0,1,1,2,0,9,15,2,26,0,9,16,3,28,0,0,0,28
12/05/2021,IFP,AZ,AWP,WE,Federal Contract Tower,4,0,2,0,6,0,2,32,0,34,4,2,34,0,40,8,0,8,48
12/06/2021,IFP,AZ,AWP,WE,Federal Contract Tower,6,0,1,0,7,0,6,5,0,11,6,6,6,0,18,0,0,0,18
12/07/2021,IFP,AZ,AWP,WE,Federal Contract Tower,2,0,3,1,6,0,5,12,0,17,2,5,15,1,23,2,0,2,25
12/08/2021,IFP,AZ,AWP,WE,Federal Contract Tower,1,0,4,0,5,0,9,12,0,21,1,9,16,0,26,8,0,8,34
12/09/2021,IFP,AZ,AWP,WE,Federal Contract Tower,4,0,0,0,4,0,0,2,0,2,4,0,2,0,6,0,0,0,6
12/10/2021,IFP,AZ,AWP,WE,Federal Contract Tower,5,1,4,1,11,0,24,19,0,43,5,25,23,1,54,0,0,0,54
12/11/2021,IFP,AZ,AWP,WE,Federal Contract Tower,2,0,1,0,3,0,14,46,0,60,2,14,47,0,63,0,0,0,63
12/12/2021,IFP,AZ,AWP,WE,Federal Contract Tower,3,0,9,0,12,0,2,38,0,40,3,2,47,0,52,2,0,2,54
12/13/2021,IFP,AZ,AWP,WE,Federal Contract Tower,3,0,1,0,4,0,15,18,0,33,3,15,19,0,37,14,0,14,51
12/14/2021,IFP,AZ,AWP,WE,Federal Contract Tower,1,2,3,1,7,0,0,2,0,2,1,2,5,1,9,0,0,0,9
12/15/2021,IFP,AZ,AWP,WE,Federal Contract Tower,0,0,4,2,6,0,15,19,2,36,0,15,23,4,42,0,6,6,48
12/16/2021,IFP,AZ,AWP,WE,Federal Contract Tower,2,0,1,1,4,0,0,6,1,7,2,0,7,2,11,20,0,20,31
12/17/2021,IFP,AZ,AWP,WE,Federal Contract Tower,2,2,1,0,5,0,4,6,0,10,2,6,7,0,15,0,0,0,15
12/18/2021,IFP,AZ,AWP,WE,Federal Contract Tower,0,1,2,0,3,0,6,14,0,20,0,7,16,0,23,0,0,0,23
12/19/2021,IFP,AZ,AWP,WE,Federal Contract Tower,3,0,1,0,4,0,6,19,0,25,3,6,20,0,29,16,0,16,45
12/20/2021,IFP,AZ,AWP,WE,Federal Contract Tower,1,0,3,0,4,0,3,19,0,22,1,3,22,0,26,2,0,2,28
12/21/2021,IFP,AZ,AWP,WE,Federal Contract Tower,1,0,1,2,4,0,8,10,3,21,1,8,11,5,25,4,0,4,29
12/22/2021,IFP,AZ,AWP,WE,Federal Contract Tower,0,0,2,0,2,0,9,17,2,28,0,9,19,2,30,14,0,14,44
12/23/2021,IFP,AZ,AWP,WE,Federal Contract Tower,0,0,0,0,0,0,12,5,0,17,0,12,5,0,17,4,0,4,21
12/24/2021,IFP,AZ,AWP,WE,Federal Contract Tower,0,0,1,0,1,0,1,0,0,1,0,1,1,0,2,0,0,0,2
12/25/2021,IFP,AZ,AWP,WE,Federal Contract Tower,0,0,0,0,0,0,2,2,0,4,0,2,2,0,4,0,0,0,4
12/26/2021,IFP,AZ,AWP,WE,Federal Contract Tower,1,0,1,0,2,0,10,5,0,15,1,10,6,0,17,0,0,0,17
12/27/2021,IFP,AZ,AWP,WE,Federal Contract Tower,0,0,2,0,2,0,1,11,0,12,0,1,13,0,14,0,0,0,14
12/28/2021,IFP,AZ,AWP,WE,Federal Contract Tower,1,0,1,1,3,0,5,6,1,12,1,5,7,2,15,8,0,8,23
12/29/2021,IFP,AZ,AWP,WE,Federal Contract Tower,1,0,2,0,3,0,12,8,4,24,1,12,10,4,27,4,8,12,39
12/30/2021,IFP,AZ,AWP,WE,Federal Contract Tower,3,0,0,0,3,0,4,1,0,5,3,4,1,0,8,0,0,0,8
12/31/2021,IFP,AZ,AWP,WE,Federal Contract Tower,2,0,1,0,3,0,4,9,0,13,2,4,10,0,16,0,0,0,16
01/01/2022,IFP,AZ,AWP,WE,Federal Contract Tower,1,0,0,0,1,0,9,4,0,13,1,9,4,0,14,0,0,0,14
01/02/2022,IFP,AZ,AWP,WE,Federal Contract Tower,4,0,4,0,8,0,2,22,0,24,4,2,26,0,32,0,0,0,32
01/03/2022,IFP,AZ,AWP,WE,Federal Contract Tower,3,0,3,0,6,0,4,20,0,24,3,4,23,0,30,12,0,12,42
01/04/2022,IFP,AZ,AWP,WE,Federal Contract Tower,1,0,2,0,3,0,6,3,0,9,1,6,5,0,12,6,0,6,18
01/05/2022,IFP,AZ,AWP,WE,Federal Contract Tower,1,1,1,7,10,0,0,16,5,21,1,1,17,12,31,4,0,4,35
01/06/2022,IFP,AZ,AWP,WE,Federal Contract Tower,3,0,0,0,3,0,1,16,1,18,3,1,16,1,21,0,0,0,21
01/07/2022,IFP,AZ,AWP,WE,Federal Contract Tower,3,0,3,0,6,1,7,10,0,18,4,7,13,0,24,0,0,0,24
01/08/2022,IFP,AZ,AWP,WE,Federal Contract Tower,0,0,4,0,4,0,4,8,2,14,0,4,12,2,18,0,0,0,18
01/09/2022,IFP,AZ,AWP,WE,Federal Contract Tower,4,0,0,0,4,0,6,10,0,16,4,6,10,0,20,0,0,0,20
01/10/2022,IFP,AZ,AWP,WE,Federal Contract Tower,1,0,4,0,5,0,5,6,0,11,1,5,10,0,16,0,0,0,16
01/11/2022,IFP,AZ,AWP,WE,Federal Contract Tower,0,0,0,0,0,0,1,20,0,21,0,1,20,0,21,6,0,6,27
01/12/2022,IFP,AZ,AWP,WE,Federal Contract Tower,1,0,1,0,2,0,4,15,0,19,1,4,16,0,21,0,0,0,21
01/13/2022,IFP,AZ,AWP,WE,Federal Contract Tower,4,0,3,2,9,0,13,18,0,31,4,13,21,2,40,16,0,16,56
01/14/2022,IFP,AZ,AWP,WE,Federal Contract Tower,4,1,2,2,9,0,0,13,18,31,4,1,15,20,40,16,0,16,56
01/15/2022,IFP,AZ,AWP,WE,Federal Contract Tower,3,2,0,0,5,0,5,16,0,21,3,7,16,0,26,6,0,6,32
01/16/2022,IFP,AZ,AWP,WE,Federal Contract Tower,4,0,0,0,4,0,2,17,0,19,4,2,17,0,23,0,0,0,23
01/17/2022,IFP,AZ,AWP,WE,Federal Contract Tower,3,0,1,0,4,0,0,19,4,23,3,0,20,4,27,10,6,16,43
01/18/2022,IFP,AZ,AWP,WE,Federal Contract Tower,3,3,0,0,6,0,8,9,0,17,3,11,9,0,23,0,0,0,23
01/19/2022,IFP,AZ,AWP,WE,Federal Contract Tower,3,0,1,0,4,0,0,17,0,17,3,0,18,0,21,0,0,0,21
01/20/2022,IFP,AZ,AWP,WE,Federal Contract Tower,3,0,1,2,6,0,8,12,0,20,3,8,13,2,26,6,16,22,48
01/21/2022,IFP,AZ,AWP,WE,Federal Contract Tower,5,1,2,0,8,0,1,13,5,19,5,2,15,5,27,0,14,14,41
01/22/2022,IFP,AZ,AWP,WE,Federal Contract Tower,3,0,1,0,4,0,1,10,0,11,3,1,11,0,15,0,0,0,15
01/23/2022,IFP,AZ,AWP,WE,Federal Contract Tower,3,1,0,0,4,0,1,5,0,6,3,2,5,0,10,0,0,0,10
01/24/2022,IFP,AZ,AWP,WE,Federal Contract Tower,6,0,0,1,7,0,0,33,1,34,6,0,33,2,41,0,0,0,41
01/25/2022,IFP,AZ,AWP,WE,Federal Contract Tower,2,1,2,0,5,0,5,18,2,25,2,6,20,2,30,10,0,10,40
01/26/2022,IFP,AZ,AWP,WE,Federal Contract Tower,3,0,4,0,7,0,5,20,0,25,3,5,24,0,32,10,0,10,42
01/27/2022,IFP,AZ,AWP,WE,Federal Contract Tower,4,1,2,0,7,0,2,15,2,19,4,3,17,2,26,6,0,6,32
01/28/2022,IFP,AZ,AWP,WE,Federal Contract Tower,5,2,0,0,7,0,9,10,0,19,5,11,10,0,26,6,0,6,32
01/29/2022,IFP,AZ,AWP,WE,Federal Contract Tower,3,0,0,0,3,0,13,16,0,29,3,13,16,0,32,4,0,4,36
01/30/2022,IFP,AZ,AWP,WE,Federal Contract Tower,4,0,5,0,9,0,8,13,0,21,4,8,18,0,30,6,0,6,36
01/31/2022,IFP,AZ,AWP,WE,Federal Contract Tower,5,0,1,1,7,0,5,17,1,23,5,5,18,2,30,0,0,0,30
02/01/2022,IFP,AZ,AWP,WE,Federal Contract Tower,2,0,0,0,2,0,7,20,0,27,2,7,20,0,29,26,0,26,55
02/02/2022,IFP,AZ,AWP,WE,Federal Contract Tower,1,0,0,1,2,0,1,3,1,5,1,1,3,2,7,0,0,0,7
02/03/2022,IFP,AZ,AWP,WE,Federal Contract Tower,2,0,0,1,3,0,8,8,1,17,2,8,8,2,20,0,0,0,20
02/04/2022,IFP,AZ,AWP,WE,Federal Contract Tower,3,0,1,0,4,0,4,18,0,22,3,4,19,0,26,8,0,8,34
02/05/2022,IFP,AZ,AWP,WE,Federal Contract Tower,2,0,2,0,4,0,4,21,0,25,2,4,23,0,29,0,0,0,29
02/06/2022,IFP,AZ,AWP,WE,Federal Contract Tower,4,0,0,0,4,0,7,15,2,24,4,7,15,2,28,0,0,0,28
02/07/2022,IFP,AZ,AWP,WE,Federal Contract Tower,3,3,2,0,8,0,7,17,0,24,3,10,19,0,32,2,0,2,34
02/08/2022,IFP,AZ,AWP,WE,Federal Contract Tower,3,0,3,0,6,0,6,22,2,30,3,6,25,2,36,0,0,0,36
02/09/2022,IFP,AZ,AWP,WE,Federal Contract Tower,1,0,2,0,3,0,3,10,0,13,1,3,12,0,16,0,0,0,16
02/10/2022,IFP,AZ,AWP,WE,Federal Contract Tower,4,0,1,0,5,0,7,12,0,19,4,7,13,0,24,0,0,0,24
02/11/2022,IFP,AZ,AWP,WE,Federal Contract Tower,4,0,3,0,7,0,10,7,0,17,4,10,10,0,24,0,0,0,24
02/12/2022,IFP,AZ,AWP,WE,Federal Contract Tower,1,1,2,0,4,0,10,7,0,17,1,11,9,0,21,0,0,0,21
02/13/2022,IFP,AZ,AWP,WE,Federal Contract Tower,6,0,0,0,6,0,2,19,0,21,6,2,19,0,27,0,0,0,27
02/14/2022,IFP,AZ,AWP,WE,Federal Contract Tower,3,0,3,0,6,0,5,17,0,22,3,5,20,0,28,4,0,4,32
02/15/2022,IFP,AZ,AWP,WE,Federal Contract Tower,1,0,2,0,3,0,8,6,0,14,1,8,8,0,17,2,0,2,19
02/16/2022,IFP,AZ,AWP,WE,Federal Contract Tower,2,0,4,2,8,0,2,13,2,17,2,2,17,4,25,20,0,20,45
02/17/2022,IFP,AZ,AWP,WE,Federal Contract Tower,3,0,2,0,5,0,1,11,0,12,3,1,13,0,17,0,0,0,17
02/18/2022,IFP,AZ,AWP,WE,Federal Contract Tower,4,1,3,0,8,0,0,21,2,23,4,1,24,2,31,0,8,8,39
02/19/2022,IFP,AZ,AWP,WE,Federal Contract Tower,2,3,3,0,8,0,2,45,0,47,2,5,48,0,55,0,0,0,55
02/20/2022,IFP,AZ,AWP,WE,Federal Contract Tower,4,0,1,0,5,0,6,35,1,42,4,6,36,1,47,6,0,6,53
02/21/2022,IFP,AZ,AWP,WE,Federal Contract Tower,4,2,1,0,7,0,0,4,0,4,4,2,5,0,11,0,0,0,11
02/22/2022,IFP,AZ,AWP,WE,Federal Contract Tower,1,0,3,0,4,0,1,4,0,5,1,1,7,0,9,0,0,0,9
02/23/2022,IFP,AZ,AWP,WE,Federal Contract Tower,2,0,0,0,2,0,3,6,0,9,2,3,6,0,11,6,0,6,17
02/24/2022,IFP,AZ,AWP,WE,Federal Contract Tower,5,2,3,1,11,0,7,16,2,25,5,9,19,3,36,4,4,8,44
02/25/2022,IFP,AZ,AWP,WE,Federal Contract Tower,2,0,0,2,4,0,9,16,0,25,2,9,16,2,29,0,8,8,37
02/26/2022,IFP,AZ,AWP,WE,Federal Contract Tower,2,0,1,0,3,0,0,20,0,20,2,0,21,0,23,0,0,0,23
02/27/2022,IFP,AZ,AWP,WE,Federal Contract Tower,2,0,1,0,3,1,7,21,4,33,3,7,22,4,36,0,0,0,36
02/28/2022,IFP,AZ,AWP,WE,Federal Contract Tower,6,0,1,0,7,0,5,6,0,11,6,5,7,0,18,0,0,0,18
03/01/2022,IFP,AZ,AWP,WE,Federal Contract Tower,4,0,0,0,4,0,0,3,1,4,4,0,3,1,8,0,0,0,8
03/02/2022,IFP,AZ,AWP,WE,Federal Contract Tower,3,0,0,3,6,0,7,14,4,25,3,7,14,7,31,0,18,18,49
03/03/2022,IFP,AZ,AWP,WE,Federal Contract Tower,3,1,3,0,7,0,5,14,0,19,3,6,17,0,26,0,0,0,26
03/04/2022,IFP,AZ,AWP,WE,Federal Contract Tower,5,0,2,0,7,0,10,9,0,19,5,10,11,0,26,0,0,0,26
03/05/2022,IFP,AZ,AWP,WE,Federal Contract Tower,1,0,1,0,2,0,6,8,0,14,1,6,9,0,16,8,0,8,24
03/06/2022,IFP,AZ,AWP,WE,Federal Contract Tower,6,0,1,0,7,0,3,23,2,28,6,3,24,2,35,10,0,10,45
03/07/2022,IFP,AZ,AWP,WE,Federal Contract Tower,2,1,3,0,6,0,4,11,0,15,2,5,14,0,21,0,0,0,21
03/08/2022,IFP,AZ,AWP,WE,Federal Contract Tower,1,0,2,0,3,0,2,11,0,13,1,2,13,0,16,6,0,6,22
03/09/2022,IFP,AZ,AWP,WE,Federal Contract Tower,1,1,6,0,8,0,1,29,0,30,1,2,35,0,38,24,0,24,62
03/10/2022,IFP,AZ,AWP,WE,Federal Contract Tower,3,2,0,0,5,0,3,8,0,11,3,5,8,0,16,0,0,0,16
03/11/2022,IFP,AZ,AWP,WE,Federal Contract Tower,3,0,0,0,3,0,6,9,0,15,3,6,9,0,18,0,0,0,18
03/12/2022,IFP,AZ,AWP,WE,Federal Contract Tower,1,0,0,0,1,0,2,32,0,34,1,2,32,0,35,18,0,18,53
03/13/2022,IFP,AZ,AWP,WE,Federal Contract Tower,5,0,4,0,9,0,3,35,0,38,5,3,39,0,47,10,0,10,57
03/14/2022,IFP,AZ,AWP,WE,Federal Contract Tower,4,1,1,0,6,0,6,30,0,36,4,7,31,0,42,8,0,8,50
03/15/2022,IFP,AZ,AWP,WE,Federal Contract Tower,1,0,2,0,3,0,12,23,0,35,1,12,25,0,38,0,0,0,38
03/16/2022,IFP,AZ,AWP,WE,Federal Contract Tower,1,0,1,2,4,0,4,17,0,21,1,4,18,2,25,0,0,0,25
03/17/2022,IFP,AZ,AWP,WE,Federal Contract Tower,5,0,1,0,6,0,17,13,0,30,5,17,14,0,36,4,0,4,40
03/18/2022,IFP,AZ,AWP,WE,Federal Contract Tower,3,0,4,0,7,0,7,26,0,33,3,7,30,0,40,24,0,24,64
03/19/2022,IFP,AZ,AWP,WE,Federal Contract Tower,1,0,0,2,3,0,9,44,0,53,1,9,44,2,56,0,4,4,60
03/20/2022,IFP,AZ,AWP,WE,Federal Contract Tower,2,2,2,0,6,0,5,24,0,29,2,7,26,0,35,0,0,0,35
03/21/2022,IFP,AZ,AWP,WE,Federal Contract Tower,4,0,1,2,7,0,4,4,0,8,4,4,5,2,15,16,0,16,31
03/22/2022,IFP,AZ,AWP,WE,Federal Contract Tower,1,0,0,0,1,0,6,7,0,13,1,6,7,0,14,0,0,0,14
03/23/2022,IFP,AZ,AWP,WE,Federal Contract Tower,0,0,1,0,1,0,7,28,0,35,0,7,29,0,36,16,0,16,52
03/24/2022,IFP,AZ,AWP,WE,Federal Contract Tower,2,0,4,1,7,1,7,33,0,41,3,7,37,1,48,0,0,0,48
03/25/2022,IFP,AZ,AWP,WE,Federal Contract Tower,3,0,0,0,3,0,8,26,4,38,3,8,26,4,41,20,0,20,61
03/26/2022,IFP,AZ,AWP,WE,Federal Contract Tower,0,0,4,0,4,0,4,46,2,52,0,4,50,2,56,12,0,12,68
03/27/2022,IFP,AZ,AWP,WE,Federal Contract Tower,3,0,1,1,5,0,2,25,0,27,3,2,26,1,32,0,0,0,32
03/28/2022,IFP,AZ,AWP,WE,Federal Contract Tower,3,0,2,2,7,0,2,14,0,16,3,2,16,2,23,4,0,4,27
03/29/2022,IFP,AZ,AWP,WE,Federal Contract Tower,0,2,0,0,2,0,8,18,0,26,0,10,18,0,28,0,0,0,28
03/30/2022,IFP,AZ,AWP,WE,Federal Contract Tower,1,2,1,0,4,0,4,23,2,29,1,6,24,2,33,0,0,0,33
03/31/2022,IFP,AZ,AWP,WE,Federal Contract Tower,3,2,3,0,8,0,11,23,0,34,3,13,26,0,42,20,0,20,62
04/01/2022,IFP,AZ,AWP,WE,Federal Contract Tower,3,0,3,2,8,0,5,30,6,41,3,5,33,8,49,4,4,8,57
04/02/2022,IFP,AZ,AWP,WE,Federal Contract Tower,0,0,3,1,4,0,0,73,1,74,0,0,76,2,78,46,0,46,124
04/03/2022,IFP,AZ,AWP,WE,Federal Contract Tower,3,2,0,0,5,0,3,29,0,32,3,5,29,0,37,0,0,0,37
04/04/2022,IFP,AZ,AWP,WE,Federal Contract Tower,2,0,3,0,5,1,4,30,0,35,3,4,33,0,40,18,0,18,58
04/05/2022,IFP,AZ,AWP,WE,Federal Contract Tower,0,1,1,1,3,0,9,17,1,27,0,10,18,2,30,2,0,2,32
04/06/2022,IFP,AZ,AWP,WE,Federal Contract Tower,1,1,4,0,6,0,1,3,0,4,1,2,7,0,10,0,0,0,10
04/07/2022,IFP,AZ,AWP,WE,Federal Contract Tower,2,0,1,0,3,0,8,23,0,31,2,8,24,0,34,4,0,4,38
04/08/2022,IFP,AZ,AWP,WE,Federal Contract Tower,1,0,3,0,4,0,5,0,0,5,1,5,3,0,9,0,0,0,9
04/09/2022,IFP,AZ,AWP,WE,Federal Contract Tower,2,0,2,0,4,0,1,22,0,23,2,1,24,0,27,6,0,6,33
04/10/2022,IFP,AZ,AWP,WE,Federal Contract Tower,3,1,2,1,7,0,6,14,1,21,3,7,16,2,28,0,0,0,28
04/11/2022,IFP,AZ,AWP,WE,Federal Contract Tower,2,0,1,0,3,0,2,6,2,10,2,2,7,2,13,0,0,0,13
04/12/2022,IFP,AZ,AWP,WE,Federal Contract Tower,2,0,1,0,3,0,9,8,0,17,2,9,9,0,20,0,0,0,20
04/13/2022,IFP,AZ,AWP,WE,Federal Contract Tower,1,0,2,1,4,0,2,25,0,27,1,2,27,1,31,12,0,12,43
04/14/2022,IFP,AZ,AWP,WE,Federal Contract Tower,2,0,3,2,7,0,0,31,0,31,2,0,34,2,38,4,0,4,42
04/15/2022,IFP,AZ,AWP,WE,Federal Contract Tower,3,0,1,2,6,0,0,25,1,26,3,0,26,3,32,22,6,28,60
04/16/2022,IFP,AZ,AWP,WE,Federal Contract Tower,1,0,1,2,4,0,6,13,0,19,1,6,14,2,23,0,0,0,23
04/17/2022,IFP,AZ,AWP,WE,Federal Contract Tower,1,0,6,1,8,0,0,5,25,30,1,0,11,26,38,0,0,0,38
04/18/2022,IFP,AZ,AWP,WE,Federal Contract Tower,3,0,1,1,5,0,5,18,3,26,3,5,19,4,31,10,0,10,41
04/19/2022,IFP,AZ,AWP,WE,Federal Contract Tower,3,0,1,1,5,0,1,14,3,18,3,1,15,4,23,2,0,2,25
04/20/2022,IFP,AZ,AWP,WE,Federal Contract Tower,0,0,3,0,3,0,10,23,0,33,0,10,26,0,36,0,0,0,36
04/21/2022,IFP,AZ,AWP,WE,Federal Contract Tower,3,1,2,1,7,0,2,17,4,23,3,3,19,5,30,2,8,10,40
04/22/2022,IFP,AZ,AWP,WE,Federal Contract Tower,3,0,0,0,3,0,6,7,3,16,3,6,7,3,19,10,0,10,29
04/23/2022,IFP,AZ,AWP,WE,Federal Contract Tower,0,0,2,1,3,0,7,12,1,20,0,7,14,2,23,0,0,0,23
04/24/2022,IFP,AZ,AWP,WE,Federal Contract Tower,3,0,2,0,5,0,12,9,2,23,3,12,11,2,28,4,16,20,48
04/25/2022,IFP,AZ,AWP,WE,Federal Contract Tower,3,0,0,1,4,0,2,16,1,19,3,2,16,2,23,6,0,6,29
04/26/2022,IFP,AZ,AWP,WE,Federal Contract Tower,1,0,2,2,5,0,4,25,2,31,1,4,27,4,36,4,0,4,40
04/27/2022,IFP,AZ,AWP,WE,Federal Contract Tower,1,1,0,2,4,0,0,16,4,20,1,1,16,6,24,4,4,8,32
04/28/2022,IFP,AZ,AWP,WE,Federal Contract Tower,4,0,4,0,8,0,2,3,0,5,4,2,7,0,13,0,0,0,13
04/29/2022,IFP,AZ,AWP,WE,Federal Contract Tower,3,0,0,8,11,0,7,23,0,30,3,7,23,8,41,0,0,0,41
04/30/2022,IFP,AZ,AWP,WE,Federal Contract Tower,1,0,1,0,2,0,7,26,0,33,1,7,27,0,35,2,0,2,37
05/01/2022,IFP,AZ,AWP,WE,Federal Contract Tower,2,0,2,0,4,0,4,16,0,20,2,4,18,0,24,0,0,0,24
05/02/2022,IFP,AZ,AWP,WE,Federal Contract Tower,4,0,2,0,6,0,8,16,0,24,4,8,18,0,30,0,2,2,32
05/03/2022,IFP,AZ,AWP,WE,Federal Contract Tower,2,0,1,0,3,0,7,10,2,19,2,7,11,2,22,0,0,0,22
05/04/2022,IFP,AZ,AWP,WE,Federal Contract Tower,1,0,4,0,5,0,13,18,0,31,1,13,22,0,36,18,0,18,54
05/05/2022,IFP,AZ,AWP,WE,Federal Contract Tower,0,0,1,0,1,0,17,20,0,37,0,17,21,0,38,0,0,0,38
05/06/2022,IFP,AZ,AWP,WE,Federal Contract Tower,1,0,3,1,5,0,7,19,1,27,1,7,22,2,32,0,0,0,32
05/07/2022,IFP,AZ,AWP,WE,Federal Contract Tower,1,0,5,2,8,0,13,15,0,28,1,13,20,2,36,0,0,0,36
05/08/2022,IFP,AZ,AWP,WE,Federal Contract Tower,1,2,1,0,4,0,0,3,0,3,1,2,4,0,7,0,0,0,7
05/09/2022,IFP,AZ,AWP,WE,Federal Contract Tower,0,0,3,0,3,0,3,25,1,29,0,3,28,1,32,4,0,4,36
05/10/2022,IFP,AZ,AWP,WE,Federal Contract Tower,0,0,2,0,2,0,1,27,0,28,0,1,29,0,30,6,0,6,36
05/11/2022,IFP,AZ,AWP,WE,Federal Contract Tower,1,0,3,0,4,0,10,5,3,18,1,10,8,3,22,0,0,0,22
05/12/2022,IFP,AZ,AWP,WE,Federal Contract Tower,1,0,2,1,4,0,1,20,1,22,1,1,22,2,26,2,0,2,28
05/13/2022,IFP,AZ,AWP,WE,Federal Contract Tower,0,0,3,4,7,0,2,27,3,32,0,2,30,7,39,10,8,18,57
05/14/2022,IFP,AZ,AWP,WE,Federal Contract Tower,1,0,0,0,1,0,6,22,2,30,1,6,22,2,31,0,0,0,31
05/15/2022,IFP,AZ,AWP,WE,Federal Contract Tower,0,1,3,0,4,0,0,13,3,16,0,1,16,3,20,0,0,0,20
05/16/2022,IFP,AZ,AWP,WE,Federal Contract Tower,0,0,0,0,0,0,6,11,0,17,0,6,11,0,17,2,0,2,19
05/17/2022,IFP,AZ,AWP,WE,Federal Contract Tower,1,0,0,4,5,0,6,13,0,19,1,6,13,4,24,0,0,0,24
05/18/2022,IFP,AZ,AWP,WE,Federal Contract Tower,1,0,4,1,6,0,0,24,1,25,1,0,28,2,31,10,6,16,47
05/19/2022,IFP,AZ,AWP,WE,Federal Contract Tower,0,1,2,0,3,0,3,28,5,36,0,4,30,5,39,10,0,10,49
05/20/2022,IFP,AZ,AWP,WE,Federal Contract Tower,0,0,2,0,2,0,2,15,0,17,0,2,17,0,19,0,0,0,19
05/21/2022,IFP,AZ,AWP,WE,Federal Contract Tower,2,0,4,0,6,0,5,31,0,36,2,5,35,0,42,10,0,10,52
05/22/2022,IFP,AZ,AWP,WE,Federal Contract Tower,2,0,0,0,2,0,0,14,0,14,2,0,14,0,16,0,0,0,16
05/23/2022,IFP,AZ,AWP,WE,Federal Contract Tower,1,0,5,0,6,0,1,19,0,20,1,1,24,0,26,4,0,4,30
05/24/2022,IFP,AZ,AWP,WE,Federal Contract Tower,2,0,0,0,2,0,7,15,0,22,2,7,15,0,24,0,0,0,24
05/25/2022,IFP,AZ,AWP,WE,Federal Contract Tower,2,2,6,0,10,0,4,20,3,27,2,6,26,3,37,0,0,0,37
05/26/2022,IFP,AZ,AWP,WE,Federal Contract Tower,1,0,2,0,3,0,7,18,0,25,1,7,20,0,28,0,0,0,28
05/27/2022,IFP,AZ,AWP,WE,Federal Contract Tower,0,0,0,0,0,0,0,15,0,15,0,0,15,0,15,0,0,0,15
05/28/2022,IFP,AZ,AWP,WE,Federal Contract Tower,1,0,1,0,2,0,0,8,0,8,1,0,9,0,10,0,0,0,10
05/29/2022,IFP,AZ,AWP,WE,Federal Contract Tower,2,0,0,0,2,0,7,5,0,12,2,7,5,0,14,0,0,0,14
05/30/2022,IFP,AZ,AWP,WE,Federal Contract Tower,1,0,1,0,2,0,17,28,0,45,1,17,29,0,47,0,0,0,47
05/31/2022,IFP,AZ,AWP,WE,Federal Contract Tower,1,0,3,0,4,0,3,19,2,24,1,3,22,2,28,8,0,8,36
06/01/2022,IFP,AZ,AWP,WE,Federal Contract Tower,1,0,3,0,4,0,2,11,2,15,1,2,14,2,19,0,0,0,19
06/02/2022,IFP,AZ,AWP,WE,Federal Contract Tower,1,0,0,0,1,0,2,15,8,25,1,2,15,8,26,6,8,14,40
06/03/2022,IFP,AZ,AWP,WE,Federal Contract Tower,1,1,3,0,5,0,10,15,0,25,1,11,18,0,30,0,0,0,30
06/04/2022,IFP,AZ,AWP,WE,Federal Contract Tower,1,0,0,0,1,0,13,24,0,37,1,13,24,0,38,16,0,16,54
06/05/2022,IFP,AZ,AWP,WE,Federal Contract Tower,1,0,0,0,1,0,6,31,0,37,1,6,31,0,38,0,0,0,38
06/06/2022,IFP,AZ,AWP,WE,Federal Contract Tower,1,0,1,0,2,0,15,28,0,43,1,15,29,0,45,0,0,0,45
06/07/2022,IFP,AZ,AWP,WE,Federal Contract Tower,1,0,2,0,3,0,0,14,3,17,1,0,16,3,20,6,0,6,26
06/08/2022,IFP,AZ,AWP,WE,Federal Contract Tower,0,0,6,0,6,0,7,9,0,16,0,7,15,0,22,0,0,0,22
06/09/2022,IFP,AZ,AWP,WE,Federal Contract Tower,1,0,3,0,4,0,3,12,0,15,1,3,15,0,19,0,0,0,19
06/10/2022,IFP,AZ,AWP,WE,Federal Contract Tower,1,0,3,0,4,0,0,14,0,14,1,0,17,0,18,6,0,6,24
06/11/2022,IFP,AZ,AWP,WE,Federal Contract Tower,1,0,2,0,3,0,8,20,0,28,1,8,22,0,31,0,0,0,31
06/12/2022,IFP,AZ,AWP,WE,Federal Contract Tower,0,1,0,0,1,0,0,10,0,10,0,1,10,0,11,0,0,0,11
06/13/2022,IFP,AZ,AWP,WE,Federal Contract Tower,1,0,2,0,3,0,4,12,0,16,1,4,14,0,19,2,0,2,21
06/14/2022,IFP,AZ,AWP,WE,Federal Contract Tower,1,0,2,0,3,0,9,16,4,29,1,9,18,4,32,14,0,14,46
06/15/2022,IFP,AZ,AWP,WE,Federal Contract Tower,0,0,1,0,1,0,4,7,0,11,0,4,8,0,12,0,0,0,12
06/16/2022,IFP,AZ,AWP,WE,Federal Contract Tower,0,0,4,0,4,0,6,22,4,32,0,6,26,4,36,0,0,0,36
06/17/2022,IFP,AZ,AWP,WE,Federal Contract Tower,1,0,0,0,1,0,11,6,0,17,1,11,6,0,18,8,0,8,26
06/18/2022,IFP,AZ,AWP,WE,Federal Contract Tower,1,0,3,0,4,0,12,4,0,16,1,12,7,0,20,14,0,14,34
06/19/2022,IFP,AZ,AWP,WE,Federal Contract Tower,0,0,1,0,1,0,6,9,0,15,0,6,10,0,16,0,0,0,16
06/20/2022,IFP,AZ,AWP,WE,Federal Contract Tower,1,2,2,0,5,0,5,15,0,20,1,7,17,0,25,0,0,0,25
06/21/2022,IFP,AZ,AWP,WE,Federal Contract Tower,2,0,2,0,4,0,3,15,0,18,2,3,17,0,22,0,0,0,22
06/22/2022,IFP,AZ,AWP,WE,Federal Contract Tower,1,0,2,0,3,0,1,17,2,20,1,1,19,2,23,0,0,0,23
06/23/2022,IFP,AZ,AWP,WE,Federal Contract Tower,0,1,3,2,6,0,4,12,0,16,0,5,15,2,22,0,0,0,22
06/24/2022,IFP,AZ,AWP,WE,Federal Contract Tower,1,0,3,0,4,0,11,15,1,27,1,11,18,1,31,0,0,0,31
06/25/2022,IFP,AZ,AWP,WE,Federal Contract Tower,1,0,1,0,2,0,5,16,1,22,1,5,17,1,24,4,0,4,28
06/26/2022,IFP,AZ,AWP,WE,Federal Contract Tower,2,2,2,0,6,0,3,6,0,9,2,5,8,0,15,0,0,0,15
06/27/2022,IFP,AZ,AWP,WE,Federal Contract Tower,0,0,1,0,1,0,2,3,0,5,0,2,4,0,6,0,0,0,6
06/28/2022,IFP,AZ,AWP,WE,Federal Contract Tower,2,0,0,0,2,0,5,9,0,14,2,5,9,0,16,0,0,0,16
06/29/2022,IFP,AZ,AWP,WE,Federal Contract Tower,1,0,3,1,5,0,0,17,0,17,1,0,20,1,22,0,0,0,22
06/30/2022,IFP,AZ,AWP,WE,Federal Contract Tower,2,2,3,0,7,0,0,21,0,21,2,2,24,0,28,12,0,12,40
07/01/2022,IFP,AZ,AWP,WE,Federal Contract Tower,1,0,1,0,2,0,3,11,0,14,1,3,12,0,16,0,0,0,16
07/02/2022,IFP,AZ,AWP,WE,Federal Contract Tower,1,0,2,0,3,0,6,12,1,19,1,6,14,1,22,0,0,0,22
07/03/2022,IFP,AZ,AWP,WE,Federal Contract Tower,1,0,0,0,1,0,9,6,1,16,1,9,6,1,17,0,0,0,17
07/04/2022,IFP,AZ,AWP,WE,Federal Contract Tower,1,0,1,0,2,0,18,12,0,30,1,18,13,0,32,4,0,4,36
07/05/2022,IFP,AZ,AWP,WE,Federal Contract Tower,1,1,2,0,4,0,7,10,0,17,1,8,12,0,21,6,0,6,27
07/06/2022,IFP,AZ,AWP,WE,Federal Contract Tower,2,3,4,0,9,0,3,8,0,11,2,6,12,0,20,0,0,0,20
07/07/2022,IFP,AZ,AWP,WE,Federal Contract Tower,1,0,0,0,1,0,3,19,0,22,1,3,19,0,23,4,0,4,27
07/08/2022,IFP,AZ,AWP,WE,Federal Contract Tower,1,0,2,0,3,0,0,21,0,21,1,0,23,0,24,6,0,6,30
07/09/2022,IFP,AZ,AWP,WE,Federal Contract Tower,1,0,0,0,1,0,0,12,0,12,1,0,12,0,13,0,0,0,13
07/10/2022,IFP,AZ,AWP,WE,Federal Contract Tower,1,0,0,0,1,0,0,13,2,15,1,0,13,2,16,10,0,10,26
07/11/2022,IFP,AZ,AWP,WE,Federal Contract Tower,1,0,2,0,3,0,0,14,0,14,1,0,16,0,17,0,0,0,17
07/12/2022,IFP,AZ,AWP,WE,Federal Contract Tower,1,0,1,1,3,0,10,7,1,18,1,10,8,2,21,0,0,0,21
07/13/2022,IFP,AZ,AWP,WE,Federal Contract Tower,1,1,0,0,2,0,4,13,0,17,1,5,13,0,19,0,0,0,19
07/14/2022,IFP,AZ,AWP,WE,Federal Contract Tower,2,0,1,0,3,0,2,8,0,10,2,2,9,0,13,0,0,0,13
07/15/2022,IFP,AZ,AWP,WE,Federal Contract Tower,2,0,1,0,3,0,9,4,0,13,2,9,5,0,16,0,0,0,16
07/16/2022,IFP,AZ,AWP,WE,Federal Contract Tower,2,0,1,0,3,0,7,13,0,20,2,7,14,0,23,0,0,0,23
07/17/2022,IFP,AZ,AWP,WE,Federal Contract Tower,1,0,2,1,4,0,10,2,1,13,1,10,4,2,17,0,0,0,17
07/18/2022,IFP,AZ,AWP,WE,Federal Contract Tower,0,0,1,1,2,0,13,2,1,16,0,13,3,2,18,0,4,4,22
07/19/2022,IFP,AZ,AWP,WE,Federal Contract Tower,0,0,1,0,1,0,1,13,0,14,0,1,14,0,15,0,0,0,15
07/20/2022,IFP,AZ,AWP,WE,Federal Contract Tower,2,0,7,0,9,0,0,19,0,19,2,0,26,0,28,0,0,0,28
07/21/2022,IFP,AZ,AWP,WE,Federal Contract Tower,2,0,7,0,9,0,6,17,0,23,2,6,24,0,32,10,0,10,42
07/22/2022,IFP,AZ,AWP,WE,Federal Contract Tower,0,0,0,1,1,0,1,18,2,21,0,1,18,3,22,0,0,0,22
07/23/2022,IFP,AZ,AWP,WE,Federal Contract Tower,1,0,1,1,3,0,2,11,0,13,1,2,12,1,16,0,0,0,16
07/24/2022,IFP,AZ,AWP,WE,Federal Contract Tower,0,0,1,2,3,0,2,13,2,17,0,2,14,4,20,4,0,4,24
07/25/2022,IFP,AZ,AWP,WE,Federal Contract Tower,2,0,2,1,5,0,0,22,2,24,2,0,24,3,29,10,0,10,39
07/26/2022,IFP,AZ,AWP,WE,Federal Contract Tower,1,0,1,2,4,0,5,10,0,15,1,5,11,2,19,2,0,2,21
07/27/2022,IFP,AZ,AWP,WE,Federal Contract Tower,0,1,4,0,5,0,3,12,0,15,0,4,16,0,20,4,0,4,24
07/28/2022,IFP,AZ,AWP,WE,Federal Contract Tower,1,0,1,0,2,0,4,7,0,11,1,4,8,0,13,18,0,18,31
07/29/2022,IFP,AZ,AWP,WE,Federal Contract Tower,2,0,4,0,6,0,12,11,0,23,2,12,15,0,29,14,0,14,43
07/30/2022,IFP,AZ,AWP,WE,Federal Contract Tower,1,1,3,0,5,0,9,4,0,13,1,10,7,0,18,0,0,0,18
07/31/2022,IFP,AZ,AWP,WE,Federal Contract Tower,1,0,0,0,1,0,6,15,1,22,1,6,15,1,23,14,0,14,37
08/01/2022,IFP,AZ,AWP,WE,Federal Contract Tower,1,2,2,0,5,0,1,11,1,13,1,3,13,1,18,2,0,2,20
08/02/2022,IFP,AZ,AWP,WE,Federal Contract Tower,2,0,2,0,4,0,3,18,2,23,2,3,20,2,27,2,0,2,29
08/03/2022,IFP,AZ,AWP,WE,Federal Contract Tower,2,2,2,0,6,0,0,26,0,26,2,2,28,0,32,10,0,10,42
08/04/2022,IFP,AZ,AWP,WE,Federal Contract Tower,1,0,1,0,2,0,3,9,0,12,1,3,10,0,14,4,0,4,18
08/05/2022,IFP,AZ,AWP,WE,Federal Contract Tower,0,0,2,0,2,0,10,16,0,26,0,10,18,0,28,0,0,0,28
08/06/2022,IFP,AZ,AWP,WE,Federal Contract Tower,1,0,1,0,2,0,1,11,0,12,1,1,12,0,14,0,0,0,14
08/07/2022,IFP,AZ,AWP,WE,Federal Contract Tower,2,0,0,0,2,0,8,12,0,20,2,8,12,0,22,12,0,12,34
08/08/2022,IFP,AZ,AWP,WE,Federal Contract Tower,1,2,6,0,9,0,9,10,0,19,1,11,16,0,28,16,0,16,44
08/09/2022,IFP,AZ,AWP,WE,Federal Contract Tower,1,0,1,0,2,0,3,11,0,14,1,3,12,0,16,0,0,0,16
08/10/2022,IFP,AZ,AWP,WE,Federal Contract Tower,0,0,1,0,1,0,2,3,4,9,0,2,4,4,10,0,0,0,10
08/11/2022,IFP,AZ,AWP,WE,Federal Contract Tower,1,0,3,0,4,0,9,14,0,23,1,9,17,0,27,12,0,12,39
08/12/2022,IFP,AZ,AWP,WE,Federal Contract Tower,1,0,1,0,2,0,7,16,0,23,1,7,17,0,25,12,0,12,37
08/13/2022,IFP,AZ,AWP,WE,Federal Contract Tower,0,0,2,0,2,0,4,10,0,14,0,4,12,0,16,2,0,2,18
08/14/2022,IFP,AZ,AWP,WE,Federal Contract Tower,2,0,1,0,3,0,0,3,0,3,2,0,4,0,6,0,0,0,6
08/15/2022,IFP,AZ,AWP,WE,Federal Contract Tower,1,0,0,0,1,0,0,18,0,18,1,0,18,0,19,22,0,22,41
08/16/2022,IFP,AZ,AWP,WE,Federal Contract Tower,1,0,1,0,2,0,9,22,0,31,1,9,23,0,33,6,0,6,39
08/17/2022,IFP,AZ,AWP,WE,Federal Contract Tower,3,0,4,0,7,0,3,6,0,9,3,3,10,0,16,0,0,0,16
08/18/2022,IFP,AZ,AWP,WE,Federal Contract Tower,1,0,1,0,2,0,1,14,0,15,1,1,15,0,17,0,0,0,17
08/19/2022,IFP,AZ,AWP,WE,Federal Contract Tower,0,0,2,0,2,0,6,18,4,28,0,6,20,4,30,4,14,18,48
08/20/2022,IFP,AZ,AWP,WE,Federal Contract Tower,0,0,0,0,0,0,0,14,2,16,0,0,14,2,16,20,0,20,36
08/21/2022,IFP,AZ,AWP,WE,Federal Contract Tower,4,0,2,0,6,0,0,10,0,10,4,0,12,0,16,0,0,0,16
08/22/2022,IFP,AZ,AWP,WE,Federal Contract Tower,2,0,0,0,2,0,0,18,0,18,2,0,18,0,20,38,0,38,58
08/23/2022,IFP,AZ,AWP,WE,Federal Contract Tower,1,0,1,0,2,0,2,13,0,15,1,2,14,0,17,18,0,18,35
08/24/2022,IFP,AZ,AWP,WE,Federal Contract Tower,1,0,2,1,4,0,10,4,1,15,1,10,6,2,19,2,0,2,21
08/25/2022,IFP,AZ,AWP,WE,Federal Contract Tower,0,0,0,2,2,0,1,8,2,11,0,1,8,4,13,8,10,18,31
08/26/2022,IFP,AZ,AWP,WE,Federal Contract Tower,1,0,0,0,1,0,0,9,0,9,1,0,9,0,10,0,0,0,10
08/27/2022,IFP,AZ,AWP,WE,Federal Contract Tower,1,0,1,0,2,0,5,36,5,46,1,5,37,5,48,18,0,18,66
08/28/2022,IFP,AZ,AWP,WE,Federal Contract Tower,1,0,0,0,1,0,6,19,5,30,1,6,19,5,31,10,0,10,41
08/29/2022,IFP,AZ,AWP,WE,Federal Contract Tower,1,0,0,0,1,0,8,2,2,12,1,8,2,2,13,0,0,0,13
08/30/2022,IFP,AZ,AWP,WE,Federal Contract Tower,1,0,5,0,6,0,4,10,0,14,1,4,15,0,20,6,0,6,26
08/31/2022,IFP,AZ,AWP,WE,Federal Contract Tower,1,0,2,0,3,0,10,12,0,22,1,10,14,0,25,14,0,14,39
09/01/2022,IFP,AZ,AWP,WE,Federal Contract Tower,1,0,1,0,2,0,2,10,0,12,1,2,11,0,14,0,0,0,14
09/02/2022,IFP,AZ,AWP,WE,Federal Contract Tower,1,0,0,0,1,0,11,10,0,21,1,11,10,0,22,0,0,0,22
09/03/2022,IFP,AZ,AWP,WE,Federal Contract Tower,1,0,1,0,2,0,4,4,0,8,1,4,5,0,10,18,0,18,28
09/04/2022,IFP,AZ,AWP,WE,Federal Contract Tower,1,0,0,0,1,0,7,11,0,18,1,7,11,0,19,0,0,0,19
09/05/2022,IFP,AZ,AWP,WE,Federal Contract Tower,1,0,2,0,3,0,7,15,0,22,1,7,17,0,25,0,0,0,25
09/06/2022,IFP,AZ,AWP,WE,Federal Contract Tower,2,0,0,0,2,0,8,16,0,24,2,8,16,0,26,20,0,20,46
09/07/2022,IFP,AZ,AWP,WE,Federal Contract Tower,1,0,1,0,2,0,10,11,0,21,1,10,12,0,23,0,0,0,23
09/08/2022,IFP,AZ,AWP,WE,Federal Contract Tower,1,0,1,0,2,0,8,22,0,30,1,8,23,0,32,0,0,0,32
09/09/2022,IFP,AZ,AWP,WE,Federal Contract Tower,1,0,5,0,6,0,7,12,0,19,1,7,17,0,25,0,0,0,25
09/10/2022,IFP,AZ,AWP,WE,Federal Contract Tower,1,2,0,0,3,0,8,5,0,13,1,10,5,0,16,0,0,0,16
09/11/2022,IFP,AZ,AWP,WE,Federal Contract Tower,1,0,2,0,3,0,0,11,0,11,1,0,13,0,14,0,0,0,14
09/12/2022,IFP,AZ,AWP,WE,Federal Contract Tower,1,0,3,0,4,0,8,4,0,12,1,8,7,0,16,0,0,0,16
09/13/2022,IFP,AZ,AWP,WE,Federal Contract Tower,0,0,4,2,6,0,17,13,0,30,0,17,17,2,36,4,0,4,40
09/14/2022,IFP,AZ,AWP,WE,Federal Contract Tower,3,1,2,0,6,0,4,21,0,25,3,5,23,0,31,2,0,2,33
09/15/2022,IFP,AZ,AWP,WE,Federal Contract Tower,2,0,8,0,10,0,3,13,0,16,2,3,21,0,26,6,0,6,32
09/16/2022,IFP,AZ,AWP,WE,Federal Contract Tower,1,0,0,0,1,0,13,20,0,33,1,13,20,0,34,0,0,0,34
09/17/2022,IFP,AZ,AWP,WE,Federal Contract Tower,0,0,0,0,0,0,13,24,0,37,0,13,24,0,37,12,0,12,49
09/18/2022,IFP,AZ,AWP,WE,Federal Contract Tower,2,0,3,0,5,0,8,18,0,26,2,8,21,0,31,4,0,4,35
09/19/2022,IFP,AZ,AWP,WE,Federal Contract Tower,2,2,1,0,5,0,6,11,0,17,2,8,12,0,22,0,0,0,22
09/20/2022,IFP,AZ,AWP,WE,Federal Contract Tower,0,0,2,0,2,0,3,12,0,15,0,3,14,0,17,0,0,0,17
09/21/2022,IFP,AZ,AWP,WE,Federal Contract Tower,1,0,0,0,1,0,8,8,3,19,1,8,8,3,20,0,0,0,20
09/22/2022,IFP,AZ,AWP,WE,Federal Contract Tower,2,2,1,0,5,0,3,17,2,22,2,5,18,2,27,0,0,0,27
09/23/2022,IFP,AZ,AWP,WE,Federal Contract Tower,2,0,1,0,3,0,10,26,0,36,2,10,27,0,39,2,0,2,41
09/24/2022,IFP,AZ,AWP,WE,Federal Contract Tower,1,0,1,0,2,0,5,20,0,25,1,5,21,0,27,4,0,4,31
09/25/2022,IFP,AZ,AWP,WE,Federal Contract Tower,1,0,0,0,1,0,8,26,0,34,1,8,26,0,35,0,0,0,35
09/26/2022,IFP,AZ,AWP,WE,Federal Contract Tower,1,1,1,1,4,0,12,15,2,29,1,13,16,3,33,0,4,4,37
09/27/2022,IFP,AZ,AWP,WE,Federal Contract Tower,3,0,1,0,4,0,4,13,0,17,3,4,14,0,21,4,0,4,25
09/28/2022,IFP,AZ,AWP,WE,Federal Contract Tower,1,0,2,0,3,0,0,21,0,21,1,0,23,0,24,14,0,14,38
09/29/2022,IFP,AZ,AWP,WE,Federal Contract Tower,2,1,2,0,5,0,4,23,2,29,2,5,25,2,34,12,0,12,46
09/30/2022,IFP,AZ,AWP,WE,Federal Contract Tower,3,1,0,0,4,0,5,25,0,30,3,6,25,0,34,0,0,0,34
10/01/2022,IFP,AZ,AWP,WE,Federal Contract Tower,2,0,2,0,4,0,6,20,0,26,2,6,22,0,30,0,0,0,30
10/02/2022,IFP,AZ,AWP,WE,Federal Contract Tower,1,1,0,0,2,0,5,10,1,16,1,6,10,1,18,0,0,0,18
10/03/2022,IFP,AZ,AWP,WE,Federal Contract Tower,2,0,0,0,2,0,2,9,3,14,2,2,9,3,16,0,0,0,16
10/04/2022,IFP,AZ,AWP,WE,Federal Contract Tower,2,0,1,0,3,0,0,11,0,11,2,0,12,0,14,2,0,2,16
10/05/2022,IFP,AZ,AWP,WE,Federal Contract Tower,1,1,4,0,6,0,10,16,0,26,1,11,20,0,32,30,0,30,62
10/06/2022,IFP,AZ,AWP,WE,Federal Contract Tower,1,0,4,0,5,0,5,18,0,23,1,5,22,0,28,14,0,14,42
10/07/2022,IFP,AZ,AWP,WE,Federal Contract Tower,2,0,4,0,6,0,7,19,0,26,2,7,23,0,32,0,0,0,32
10/08/2022,IFP,AZ,AWP,WE,Federal Contract Tower,2,2,5,0,9,0,12,37,0,49,2,14,42,0,58,10,0,10,68
10/09/2022,IFP,AZ,AWP,WE,Federal Contract Tower,1,2,2,0,5,0,11,34,0,45,1,13,36,0,50,10,0,10,60
10/10/2022,IFP,AZ,AWP,WE,Federal Contract Tower,1,0,4,0,5,0,8,11,0,19,1,8,15,0,24,8,0,8,32
10/11/2022,IFP,AZ,AWP,WE,Federal Contract Tower,2,0,0,0,2,0,4,22,0,26,2,4,22,0,28,12,0,12,40
10/12/2022,IFP,AZ,AWP,WE,Federal Contract Tower,1,0,3,1,5,0,4,10,1,15,1,4,13,2,20,14,0,14,34
10/13/2022,IFP,AZ,AWP,WE,Federal Contract Tower,1,0,0,0,1,0,5,13,2,20,1,5,13,2,21,0,0,0,21
10/14/2022,IFP,AZ,AWP,WE,Federal Contract Tower,1,0,0,2,3,0,5,24,5,34,1,5,24,7,37,0,4,4,41
10/15/2022,IFP,AZ,AWP,WE,Federal Contract Tower,3,0,0,1,4,0,0,4,0,4,3,0,4,1,8,0,0,0,8
10/16/2022,IFP,AZ,AWP,WE,Federal Contract Tower,1,0,0,1,2,0,5,11,0,16,1,5,11,1,18,8,0,8,26
10/17/2022,IFP,AZ,AWP,WE,Federal Contract Tower,2,0,3,0,5,0,9,10,0,19,2,9,13,0,24,0,0,0,24
10/18/2022,IFP,AZ,AWP,WE,Federal Contract Tower,1,0,2,0,3,0,0,12,3,15,1,0,14,3,18,2,0,2,20
10/19/2022,IFP,AZ,AWP,WE,Federal Contract Tower,2,0,11,0,13,0,15,20,0,35,2,15,31,0,48,8,0,8,56
10/20/2022,IFP,AZ,AWP,WE,Federal Contract Tower,2,0,1,0,3,0,5,22,0,27,2,5,23,0,30,12,0,12,42
10/21/2022,IFP,AZ,AWP,WE,Federal Contract Tower,2,0,1,1,4,0,12,30,0,42,2,12,31,1,46,4,0,4,50
10/22/2022,IFP,AZ,AWP,WE,Federal Contract Tower,3,0,6,0,9,0,5,19,0,24,3,5,25,0,33,26,0,26,59
10/23/2022,IFP,AZ,AWP,WE,Federal Contract Tower,4,2,7,0,13,0,0,23,2,25,4,2,30,2,38,18,0,18,56
10/24/2022,IFP,AZ,AWP,WE,Federal Contract Tower,2,0,0,1,3,0,2,13,0,15,2,2,13,1,18,4,0,4,22
10/25/2022,IFP,AZ,AWP,WE,Federal Contract Tower,1,0,2,0,3,0,3,26,2,31,1,3,28,2,34,14,0,14,48
10/26/2022,IFP,AZ,AWP,WE,Federal Contract Tower,1,0,0,0,1,0,2,24,0,26,1,2,24,0,27,0,0,0,27
10/27/2022,IFP,AZ,AWP,WE,Federal Contract Tower,3,0,2,1,6,0,17,8,0,25,3,17,10,1,31,0,0,0,31
10/28/2022,IFP,AZ,AWP,WE,Federal Contract Tower,2,0,8,0,10,0,7,18,0,25,2,7,26,0,35,10,0,10,45
10/29/2022,IFP,AZ,AWP,WE,Federal Contract Tower,1,1,1,0,3,0,1,17,0,18,1,2,18,0,21,0,0,0,21
10/30/2022,IFP,AZ,AWP,WE,Federal Contract Tower,1,1,3,0,5,0,4,8,0,12,1,5,11,0,17,0,0,0,17
10/31/2022,IFP,AZ,AWP,WE,Federal Contract Tower,2,0,2,0,4,0,0,9,0,9,2,0,11,0,13,0,0,0,13
11/01/2022,IFP,AZ,AWP,WE,Federal Contract Tower,2,4,0,3,9,0,5,9,2,16,2,9,9,5,25,0,8,8,33
11/02/2022,IFP,AZ,AWP,WE,Federal Contract Tower,1,1,2,0,4,0,2,7,0,9,1,3,9,0,13,0,0,0,13
11/03/2022,IFP,AZ,AWP,WE,Federal Contract Tower,1,0,3,0,4,0,13,4,0,17,1,13,7,0,21,0,0,0,21
11/04/2022,IFP,AZ,AWP,WE,Federal Contract Tower,4,1,3,1,9,0,12,12,0,24,4,13,15,1,33,0,0,0,33
11/05/2022,IFP,AZ,AWP,WE,Federal Contract Tower,2,0,4,0,6,0,0,25,0,25,2,0,29,0,31,14,0,14,45
11/06/2022,IFP,AZ,AWP,WE,Federal Contract Tower,3,1,1,0,5,0,10,16,4,30,3,11,17,4,35,2,2,4,39
11/07/2022,IFP,AZ,AWP,WE,Federal Contract Tower,3,0,1,0,4,0,5,5,2,12,3,5,6,2,16,0,0,0,16
11/08/2022,IFP,AZ,AWP,WE,Federal Contract Tower,3,0,1,1,5,0,7,3,3,13,3,7,4,4,18,0,0,0,18
11/09/2022,IFP,AZ,AWP,WE,Federal Contract Tower,1,0,1,0,2,0,9,13,0,22,1,9,14,0,24,6,0,6,30
11/10/2022,IFP,AZ,AWP,WE,Federal Contract Tower,5,0,1,0,6,0,8,29,0,37,5,8,30,0,43,16,0,16,59
11/11/2022,IFP,AZ,AWP,WE,Federal Contract Tower,0,2,1,1,4,0,11,23,0,34,0,13,24,1,38,0,0,0,38
11/12/2022,IFP,AZ,AWP,WE,Federal Contract Tower,6,0,2,0,8,0,0,29,2,31,6,0,31,2,39,10,0,10,49
11/13/2022,IFP,AZ,AWP,WE,Federal Contract Tower,4,0,2,0,6,0,6,9,0,15,4,6,11,0,21,0,0,0,21
11/14/2022,IFP,AZ,AWP,WE,Federal Contract Tower,3,0,3,0,6,0,4,11,1,16,3,4,14,1,22,0,0,0,22
11/15/2022,IFP,AZ,AWP,WE,Federal Contract Tower,1,0,0,0,1,0,8,11,4,23,1,8,11,4,24,10,0,10,34
11/16/2022,IFP,AZ,AWP,WE,Federal Contract Tower,5,0,0,0,5,0,6,7,0,13,5,6,7,0,18,0,0,0,18
11/17/2022,IFP,AZ,AWP,WE,Federal Contract Tower,3,0,0,2,5,0,2,3,0,5,3,2,3,2,10,0,0,0,10
11/18/2022,IFP,AZ,AWP,WE,Federal Contract Tower,3,0,2,0,5,0,7,24,0,31,3,7,26,0,36,8,0,8,44
11/19/2022,IFP,AZ,AWP,WE,Federal Contract Tower,1,0,3,0,4,0,2,8,2,12,1,2,11,2,16,0,0,0,16
11/20/2022,IFP,AZ,AWP,WE,Federal Contract Tower,5,0,2,0,7,0,15,13,0,28,5,15,15,0,35,0,0,0,35
11/21/2022,IFP,AZ,AWP,WE,Federal Contract Tower,3,1,0,0,4,0,3,16,2,21,3,4,16,2,25,2,0,2,27
11/22/2022,IFP,AZ,AWP,WE,Federal Contract Tower,1,1,4,0,6,0,8,8,0,16,1,9,12,0,22,4,0,4,26
11/23/2022,IFP,AZ,AWP,WE,Federal Contract Tower,1,0,0,0,1,0,8,18,0,26,1,8,18,0,27,0,0,0,27
11/24/2022,IFP,AZ,AWP,WE,Federal Contract Tower,2,0,0,0,2,0,6,1,0,7,2,6,1,0,9,0,0,0,9
11/25/2022,IFP,AZ,AWP,WE,Federal Contract Tower,3,0,0,0,3,0,4,13,0,17,3,4,13,0,20,0,0,0,20
11/26/2022,IFP,AZ,AWP,WE,Federal Contract Tower,1,0,1,0,2,0,6,38,0,44,1,6,39,0,46,10,0,10,56
11/27/2022,IFP,AZ,AWP,WE,Federal Contract Tower,3,0,0,0,3,0,9,19,0,28,3,9,19,0,31,2,0,2,33
11/28/2022,IFP,AZ,AWP,WE,Federal Contract Tower,4,0,5,0,9,0,9,16,2,27,4,9,21,2,36,0,0,0,36
11/29/2022,IFP,AZ,AWP,WE,Federal Contract Tower,2,0,5,1,8,0,10,25,1,36,2,10,30,2,44,8,0,8,52
11/30/2022,IFP,AZ,AWP,WE,Federal Contract Tower,1,2,1,0,4,0,12,20,1,33,1,14,21,1,37,2,0,2,39
12/01/2022,IFP,AZ,AWP,WE,Federal Contract Tower,3,0,2,0,5,0,10,25,0,35,3,10,27,0,40,0,0,0,40
12/02/2022,IFP,AZ,AWP,WE,Federal Contract Tower,3,0,0,0,3,0,7,30,0,37,3,7,30,0,40,8,0,8,48
12/03/2022,IFP,AZ,AWP,WE,Federal Contract Tower,1,0,0,0,1,0,8,59,0,67,1,8,59,0,68,6,0,6,74
12/04/2022,IFP,AZ,AWP,WE,Federal Contract Tower,3,0,3,0,6,0,14,12,0,26,3,14,15,0,32,8,0,8,40
12/05/2022,IFP,AZ,AWP,WE,Federal Contract Tower,3,1,3,0,7,0,16,24,0,40,3,17,27,0,47,0,0,0,47
12/06/2022,IFP,AZ,AWP,WE,Federal Contract Tower,1,0,0,0,1,0,8,17,1,26,1,8,17,1,27,8,0,8,35
12/07/2022,IFP,AZ,AWP,WE,Federal Contract Tower,2,0,1,0,3,0,3,28,1,32,2,3,29,1,35,12,0,12,47
12/08/2022,IFP,AZ,AWP,WE,Federal Contract Tower,3,0,1,0,4,0,5,12,4,21,3,5,13,4,25,0,0,0,25
12/09/2022,IFP,AZ,AWP,WE,Federal Contract Tower,3,0,0,2,5,0,8,27,0,35,3,8,27,2,40,6,0,6,46
12/10/2022,IFP,AZ,AWP,WE,Federal Contract Tower,1,0,6,0,7,0,10,38,0,48,1,10,44,0,55,14,0,14,69
12/11/2022,IFP,AZ,AWP,WE,Federal Contract Tower,2,0,3,0,5,0,4,10,1,15,2,4,13,1,20,0,0,0,20
12/12/2022,IFP,AZ,AWP,WE,Federal Contract Tower,2,0,0,0,2,0,6,14,3,23,2,6,14,3,25,0,6,6,31
12/13/2022,IFP,AZ,AWP,WE,Federal Contract Tower,0,0,1,1,2,0,12,20,1,33,0,12,21,2,35,12,0,12,47
12/14/2022,IFP,AZ,AWP,WE,Federal Contract Tower,2,0,0,0,2,0,5,22,1,28,2,5,22,1,30,4,0,4,34
12/15/2022,IFP,AZ,AWP,WE,Federal Contract Tower,1,0,2,0,3,0,7,22,1,30,1,7,24,1,33,6,0,6,39
12/16/2022,IFP,AZ,AWP,WE,Federal Contract Tower,3,1,1,0,5,0,3,18,0,21,3,4,19,0,26,24,0,24,50
12/17/2022,IFP,AZ,AWP,WE,Federal Contract Tower,0,0,2,0,2,0,5,19,0,24,0,5,21,0,26,10,0,10,36
12/18/2022,IFP,AZ,AWP,WE,Federal Contract Tower,0,0,0,0,0,0,6,16,0,22,0,6,16,0,22,4,0,4,26
12/19/2022,IFP,AZ,AWP,WE,Federal Contract Tower,2,0,2,0,4,0,7,16,0,23,2,7,18,0,27,4,0,4,31
12/20/2022,IFP,AZ,AWP,WE,Federal Contract Tower,0,0,3,0,3,0,7,16,0,23,0,7,19,0,26,2,0,2,28
12/21/2022,IFP,AZ,AWP,WE,Federal Contract Tower,0,0,2,1,3,0,8,22,1,31,0,8,24,2,34,6,6,12,46
12/22/2022,IFP,AZ,AWP,WE,Federal Contract Tower,0,0,3,0,3,0,14,18,0,32,0,14,21,0,35,4,0,4,39
12/23/2022,IFP,AZ,AWP,WE,Federal Contract Tower,0,0,3,0,3,0,8,8,0,16,0,8,11,0,19,0,0,0,19
12/24/2022,IFP,AZ,AWP,WE,Federal Contract Tower,0,0,0,0,0,0,3,13,0,16,0,3,13,0,16,4,0,4,20
12/25/2022,IFP,AZ,AWP,WE,Federal Contract Tower,0,0,0,0,0,0,6,0,0,6,0,6,0,0,6,0,0,0,6
12/26/2022,IFP,AZ,AWP,WE,Federal Contract Tower,0,0,1,0,1,0,1,8,0,9,0,1,9,0,10,0,0,0,10
12/27/2022,IFP,AZ,AWP,WE,Federal Contract Tower,0,1,0,0,1,0,5,7,0,12,0,6,7,0,13,0,0,0,13
12/28/2022,IFP,AZ,AWP,WE,Federal Contract Tower,0,0,3,0,3,0,15,26,0,41,0,15,29,0,44,4,0,4,48
12/29/2022,IFP,AZ,AWP,WE,Federal Contract Tower,2,0,2,0,4,0,0,3,0,3,2,0,5,0,7,0,0,0,7
12/30/2022,IFP,AZ,AWP,WE,Federal Contract Tower,1,1,3,0,5,0,6,6,0,12,1,7,9,0,17,0,0,0,17
12/31/2022,IFP,AZ,AWP,WE,Federal Contract Tower,2,1,2,0,5,0,9,2,0,11,2,10,4,0,16,0,0,0,16
01/01/2023,IFP,AZ,AWP,WE,Federal Contract Tower,0,0,0,0,0,0,0,0,0,0,0,0,0,0,0,0,0,0,0
01/02/2023,IFP,AZ,AWP,WE,Federal Contract Tower,2,0,2,0,4,0,0,16,0,16,2,0,18,0,20,0,0,0,20
01/03/2023,IFP,AZ,AWP,WE,Federal Contract Tower,2,0,1,0,3,0,10,11,2,23,2,10,12,2,26,2,0,2,28
01/04/2023,IFP,AZ,AWP,WE,Federal Contract Tower,1,0,7,0,8,0,11,27,0,38,1,11,34,0,46,18,0,18,64
01/05/2023,IFP,AZ,AWP,WE,Federal Contract Tower,0,1,0,0,1,0,11,17,0,28,0,12,17,0,29,6,0,6,35
01/06/2023,IFP,AZ,AWP,WE,Federal Contract Tower,1,0,1,0,2,0,6,28,3,37,1,6,29,3,39,18,4,22,61
01/07/2023,IFP,AZ,AWP,WE,Federal Contract Tower,0,0,2,0,2,0,4,16,0,20,0,4,18,0,22,6,0,6,28
01/08/2023,IFP,AZ,AWP,WE,Federal Contract Tower,0,0,1,0,1,0,7,14,0,21,0,7,15,0,22,0,0,0,22
01/09/2023,IFP,AZ,AWP,WE,Federal Contract Tower,1,1,1,0,3,0,15,17,3,35,1,16,18,3,38,0,12,12,50
01/10/2023,IFP,AZ,AWP,WE,Federal Contract Tower,1,0,4,0,5,0,6,6,0,12,1,6,10,0,17,0,0,0,17
01/11/2023,IFP,AZ,AWP,WE,Federal Contract Tower,2,0,5,0,7,0,7,30,0,37,2,7,35,0,44,18,0,18,62
01/12/2023,IFP,AZ,AWP,WE,Federal Contract Tower,3,0,6,0,9,0,4,8,0,12,3,4,14,0,21,8,0,8,29
01/13/2023,IFP,AZ,AWP,WE,Federal Contract Tower,1,2,2,2,7,0,1,29,0,30,1,3,31,2,37,6,0,6,43
01/14/2023,IFP,AZ,AWP,WE,Federal Contract Tower,1,1,2,0,4,0,0,11,0,11,1,1,13,0,15,0,0,0,15
01/15/2023,IFP,AZ,AWP,WE,Federal Contract Tower,3,0,1,0,4,0,2,4,0,6,3,2,5,0,10,6,0,6,16
01/16/2023,IFP,AZ,AWP,WE,Federal Contract Tower,2,0,5,0,7,0,2,0,0,2,2,2,5,0,9,0,0,0,9
01/17/2023,IFP,AZ,AWP,WE,Federal Contract Tower,0,3,2,0,5,0,7,25,0,32,0,10,27,0,37,18,0,18,55
01/18/2023,IFP,AZ,AWP,WE,Federal Contract Tower,1,1,0,0,2,0,3,32,0,35,1,4,32,0,37,0,0,0,37
01/19/2023,IFP,AZ,AWP,WE,Federal Contract Tower,4,0,2,0,6,0,4,21,0,25,4,4,23,0,31,2,0,2,33
01/20/2023,IFP,AZ,AWP,WE,Federal Contract Tower,3,0,2,0,5,0,2,18,1,21,3,2,20,1,26,0,0,0,26
01/21/2023,IFP,AZ,AWP,WE,Federal Contract Tower,1,0,1,0,2,0,6,20,1,27,1,6,21,1,29,10,0,10,39
01/22/2023,IFP,AZ,AWP,WE,Federal Contract Tower,1,0,0,0,1,0,9,24,0,33,1,9,24,0,34,0,6,6,40
01/23/2023,IFP,AZ,AWP,WE,Federal Contract Tower,4,0,2,0,6,0,5,3,0,8,4,5,5,0,14,4,0,4,18
01/24/2023,IFP,AZ,AWP,WE,Federal Contract Tower,1,0,1,0,2,0,9,9,0,18,1,9,10,0,20,6,0,6,26
01/25/2023,IFP,AZ,AWP,WE,Federal Contract Tower,1,0,0,2,3,0,0,13,0,13,1,0,13,2,16,30,0,30,46
01/26/2023,IFP,AZ,AWP,WE,Federal Contract Tower,3,0,3,4,10,0,6,8,0,14,3,6,11,4,24,18,0,18,42
01/27/2023,IFP,AZ,AWP,WE,Federal Contract Tower,3,0,4,1,8,0,14,29,3,46,3,14,33,4,54,6,8,14,68
01/28/2023,IFP,AZ,AWP,WE,Federal Contract Tower,1,0,4,0,5,0,5,30,5,40,1,5,34,5,45,16,0,16,61
01/29/2023,IFP,AZ,AWP,WE,Federal Contract Tower,3,2,0,2,7,0,7,16,1,24,3,9,16,3,31,4,0,4,35
01/30/2023,IFP,AZ,AWP,WE,Federal Contract Tower,3,0,4,2,9,0,13,8,0,21,3,13,12,2,30,0,0,0,30
01/31/2023,IFP,AZ,AWP,WE,Federal Contract Tower,1,0,2,0,3,0,3,12,0,15,1,3,14,0,18,0,0,0,18
02/01/2023,IFP,AZ,AWP,WE,Federal Contract Tower,1,0,2,0,3,0,13,16,2,31,1,13,18,2,34,28,0,28,62
02/02/2023,IFP,AZ,AWP,WE,Federal Contract Tower,3,0,3,0,6,0,3,15,0,18,3,3,18,0,24,0,0,0,24
02/03/2023,IFP,AZ,AWP,WE,Federal Contract Tower,3,0,1,1,5,0,1,26,0,27,3,1,27,1,32,10,0,10,42
02/04/2023,IFP,AZ,AWP,WE,Federal Contract Tower,1,0,2,0,3,0,0,24,8,32,1,0,26,8,35,10,30,40,75
02/05/2023,IFP,AZ,AWP,WE,Federal Contract Tower,3,0,0,0,3,0,8,17,3,28,3,8,17,3,31,16,0,16,47
02/06/2023,IFP,AZ,AWP,WE,Federal Contract Tower,4,0,1,1,6,0,4,9,4,17,4,4,10,5,23,0,6,6,29
02/07/2023,IFP,AZ,AWP,WE,Federal Contract Tower,2,0,0,1,3,0,3,16,2,21,2,3,16,3,24,2,0,2,26
02/08/2023,IFP,AZ,AWP,WE,Federal Contract Tower,2,0,2,0,4,0,3,28,1,32,2,3,30,1,36,8,0,8,44
02/09/2023,IFP,AZ,AWP,WE,Federal Contract Tower,3,1,2,1,7,0,1,10,2,13,3,2,12,3,20,0,0,0,20
02/10/2023,IFP,AZ,AWP,WE,Federal Contract Tower,5,0,0,0,5,0,6,8,0,14,5,6,8,0,19,0,0,0,19
02/11/2023,IFP,AZ,AWP,WE,Federal Contract Tower,3,0,3,0,6,0,7,11,9,27,3,7,14,9,33,2,14,16,49
02/12/2023,IFP,AZ,AWP,WE,Federal Contract Tower,3,2,0,0,5,1,4,10,2,17,4,6,10,2,22,8,0,8,30
02/13/2023,IFP,AZ,AWP,WE,Federal Contract Tower,3,0,2,0,5,0,0,9,2,11,3,0,11,2,16,6,2,8,24
02/14/2023,IFP,AZ,AWP,WE,Federal Contract Tower,2,1,0,0,3,0,4,1,2,7,2,5,1,2,10,0,0,0,10
02/15/2023,IFP,AZ,AWP,WE,Federal Contract Tower,1,0,0,0,1,0,6,11,2,19,1,6,11,2,20,6,0,6,26
02/16/2023,IFP,AZ,AWP,WE,Federal Contract Tower,2,0,0,0,2,0,6,12,1,19,2,6,12,1,21,0,0,0,21
02/17/2023,IFP,AZ,AWP,WE,Federal Contract Tower,4,0,0,0,4,0,13,11,1,25,4,13,11,1,29,0,0,0,29
02/18/2023,IFP,AZ,AWP,WE,Federal Contract Tower,3,0,2,0,5,0,6,14,0,20,3,6,16,0,25,6,0,6,31
02/19/2023,IFP,AZ,AWP,WE,Federal Contract Tower,3,0,2,0,5,0,1,25,4,30,3,1,27,4,35,0,0,0,35
02/20/2023,IFP,AZ,AWP,WE,Federal Contract Tower,1,0,1,0,2,0,6,21,2,29,1,6,22,2,31,26,0,26,57
02/21/2023,IFP,AZ,AWP,WE,Federal Contract Tower,1,0,0,0,1,0,3,19,0,22,1,3,19,0,23,12,0,12,35
02/22/2023,IFP,AZ,AWP,WE,Federal Contract Tower,4,0,2,0,6,0,3,2,0,5,4,3,4,0,11,2,0,2,13
02/23/2023,IFP,AZ,AWP,WE,Federal Contract Tower,2,2,0,0,4,0,2,2,0,4,2,4,2,0,8,0,0,0,8
02/24/2023,IFP,AZ,AWP,WE,Federal Contract Tower,5,0,0,0,5,0,10,17,0,27,5,10,17,0,32,12,0,12,44
02/25/2023,IFP,AZ,AWP,WE,Federal Contract Tower,1,0,0,0,1,0,7,6,0,13,1,7,6,0,14,6,0,6,20
02/26/2023,IFP,AZ,AWP,WE,Federal Contract Tower,3,3,1,0,7,0,4,23,0,27,3,7,24,0,34,22,0,22,56
02/27/2023,IFP,AZ,AWP,WE,Federal Contract Tower,2,0,3,0,5,0,5,20,0,25,2,5,23,0,30,8,0,8,38
02/28/2023,IFP,AZ,AWP,WE,Federal Contract Tower,1,0,1,1,3,0,5,20,5,30,1,5,21,6,33,12,0,12,45
03/01/2023,IFP,AZ,AWP,WE,Federal Contract Tower,1,2,2,0,5,0,1,0,0,1,1,3,2,0,6,0,0,0,6
03/02/2023,IFP,AZ,AWP,WE,Federal Contract Tower,4,0,0,0,4,0,1,15,0,16,4,1,15,0,20,0,0,0,20
03/03/2023,IFP,AZ,AWP,WE,Federal Contract Tower,3,0,1,0,4,0,3,32,0,35,3,3,33,0,39,4,0,4,43
03/04/2023,IFP,AZ,AWP,WE,Federal Contract Tower,1,0,0,0,1,0,7,15,4,26,1,7,15,4,27,4,0,4,31
03/05/2023,IFP,AZ,AWP,WE,Federal Contract Tower,4,0,0,0,4,0,2,6,0,8,4,2,6,0,12,0,0,0,12
03/06/2023,IFP,AZ,AWP,WE,Federal Contract Tower,3,1,1,0,5,0,2,16,0,18,3,3,17,0,23,18,0,18,41
03/07/2023,IFP,AZ,AWP,WE,Federal Contract Tower,1,0,0,0,1,0,4,17,0,21,1,4,17,0,22,16,0,16,38
03/08/2023,IFP,AZ,AWP,WE,Federal Contract Tower,1,0,1,1,3,0,2,6,1,9,1,2,7,2,12,0,0,0,12
03/09/2023,IFP,AZ,AWP,WE,Federal Contract Tower,4,0,1,0,5,0,3,29,0,32,4,3,30,0,37,4,0,4,41
03/10/2023,IFP,AZ,AWP,WE,Federal Contract Tower,3,0,1,1,5,0,6,5,0,11,3,6,6,1,16,0,0,0,16
03/11/2023,IFP,AZ,AWP,WE,Federal Contract Tower,0,0,6,0,6,0,0,12,0,12,0,0,18,0,18,28,0,28,46
03/12/2023,IFP,AZ,AWP,WE,Federal Contract Tower,2,0,5,0,7,0,7,26,0,33,2,7,31,0,40,2,0,2,42
03/13/2023,IFP,AZ,AWP,WE,Federal Contract Tower,4,0,4,1,9,0,8,23,0,31,4,8,27,1,40,22,0,22,62
03/14/2023,IFP,AZ,AWP,WE,Federal Contract Tower,2,2,2,1,7,0,6,20,2,28,2,8,22,3,35,8,0,8,43
03/15/2023,IFP,AZ,AWP,WE,Federal Contract Tower,2,1,8,0,11,0,0,0,0,0,2,1,8,0,11,0,0,0,11
03/16/2023,IFP,AZ,AWP,WE,Federal Contract Tower,3,0,4,0,7,1,5,12,2,20,4,5,16,2,27,0,0,0,27
03/17/2023,IFP,AZ,AWP,WE,Federal Contract Tower,5,3,0,0,8,0,6,31,1,38,5,9,31,1,46,4,0,4,50
03/18/2023,IFP,AZ,AWP,WE,Federal Contract Tower,1,1,1,0,3,0,2,11,1,14,1,3,12,1,17,4,0,4,21
03/19/2023,IFP,AZ,AWP,WE,Federal Contract Tower,4,0,3,0,7,0,5,24,0,29,4,5,27,0,36,6,0,6,42
03/20/2023,IFP,AZ,AWP,WE,Federal Contract Tower,4,0,0,1,5,0,7,15,1,23,4,7,15,2,28,0,0,0,28
03/21/2023,IFP,AZ,AWP,WE,Federal Contract Tower,3,0,3,1,7,0,3,7,1,11,3,3,10,2,18,8,20,28,46
03/22/2023,IFP,AZ,AWP,WE,Federal Contract Tower,2,1,0,0,3,0,3,10,1,14,2,4,10,1,17,6,0,6,23
03/23/2023,IFP,AZ,AWP,WE,Federal Contract Tower,3,0,5,0,8,0,1,28,1,30,3,1,33,1,38,14,0,14,52
03/24/2023,IFP,AZ,AWP,WE,Federal Contract Tower,3,2,5,0,10,0,15,32,3,50,3,17,37,3,60,14,38,52,112
03/25/2023,IFP,AZ,AWP,WE,Federal Contract Tower,1,0,1,0,2,0,5,13,0,18,1,5,14,0,20,0,0,0,20
03/26/2023,IFP,AZ,AWP,WE,Federal Contract Tower,3,1,0,0,4,0,9,36,0,45,3,10,36,0,49,2,0,2,51
03/27/2023,IFP,AZ,AWP,WE,Federal Contract Tower,3,2,1,0,6,0,8,10,0,18,3,10,11,0,24,0,0,0,24
03/28/2023,IFP,AZ,AWP,WE,Federal Contract Tower,1,0,0,0,1,0,13,13,1,27,1,13,13,1,28,0,6,6,34
03/29/2023,IFP,AZ,AWP,WE,Federal Contract Tower,1,0,1,0,2,0,1,3,0,4,1,1,4,0,6,0,0,0,6
03/30/2023,IFP,AZ,AWP,WE,Federal Contract Tower,3,2,3,1,9,0,5,17,1,23,3,7,20,2,32,6,2,8,40
03/31/2023,IFP,AZ,AWP,WE,Federal Contract Tower,2,1,3,1,7,0,6,37,5,48,2,7,40,6,55,4,0,4,59
04/01/2023,IFP,AZ,AWP,WE,Federal Contract Tower,0,2,0,0,2,0,4,54,0,58,0,6,54,0,60,0,0,0,60
04/02/2023,IFP,AZ,AWP,WE,Federal Contract Tower,4,0,5,1,10,0,10,32,2,44,4,10,37,3,54,10,0,10,64
04/03/2023,IFP,AZ,AWP,WE,Federal Contract Tower,4,0,0,1,5,0,2,2,1,5,4,2,2,2,10,0,0,0,10
04/04/2023,IFP,AZ,AWP,WE,Federal Contract Tower,2,0,0,0,2,0,15,21,0,36,2,15,21,0,38,0,0,0,38
04/05/2023,IFP,AZ,AWP,WE,Federal Contract Tower,0,0,2,0,2,0,9,19,0,28,0,9,21,0,30,12,0,12,42
04/06/2023,IFP,AZ,AWP,WE,Federal Contract Tower,3,1,2,0,6,0,5,16,0,21,3,6,18,0,27,0,0,0,27
04/07/2023,IFP,AZ,AWP,WE,Federal Contract Tower,4,1,0,0,5,0,8,9,4,21,4,9,9,4,26,6,4,10,36
04/08/2023,IFP,AZ,AWP,WE,Federal Contract Tower,1,1,0,0,2,0,6,17,0,23,1,7,17,0,25,8,0,8,33
04/09/2023,IFP,AZ,AWP,WE,Federal Contract Tower,2,0,2,0,4,0,6,18,0,24,2,6,20,0,28,8,0,8,36
04/10/2023,IFP,AZ,AWP,WE,Federal Contract Tower,3,0,1,0,4,0,5,28,1,34,3,5,29,1,38,6,0,6,44
04/11/2023,IFP,AZ,AWP,WE,Federal Contract Tower,2,0,0,0,2,0,1,30,4,35,2,1,30,4,37,16,0,16,53
04/12/2023,IFP,AZ,AWP,WE,Federal Contract Tower,1,0,0,0,1,0,9,22,2,33,1,9,22,2,34,8,0,8,42
04/13/2023,IFP,AZ,AWP,WE,Federal Contract Tower,4,0,0,0,4,0,1,23,3,27,4,1,23,3,31,0,10,10,41
04/14/2023,IFP,AZ,AWP,WE,Federal Contract Tower,3,0,2,0,5,0,6,23,0,29,3,6,25,0,34,24,0,24,58
04/15/2023,IFP,AZ,AWP,WE,Federal Contract Tower,1,0,4,0,5,0,16,60,0,76,1,16,64,0,81,26,0,26,107
04/16/2023,IFP,AZ,AWP,WE,Federal Contract Tower,3,0,3,0,6,0,8,23,0,31,3,8,26,0,37,0,0,0,37
04/17/2023,IFP,AZ,AWP,WE,Federal Contract Tower,3,0,0,0,3,0,8,9,0,17,3,8,9,0,20,2,0,2,22
04/18/2023,IFP,AZ,AWP,WE,Federal Contract Tower,2,0,2,0,4,0,2,4,4,10,2,2,6,4,14,0,0,0,14
04/19/2023,IFP,AZ,AWP,WE,Federal Contract Tower,2,0,0,0,2,0,8,5,0,13,2,8,5,0,15,0,0,0,15
04/20/2023,IFP,AZ,AWP,WE,Federal Contract Tower,3,0,1,0,4,0,3,7,0,10,3,3,8,0,14,0,0,0,14
04/21/2023,IFP,AZ,AWP,WE,Federal Contract Tower,2,0,1,0,3,0,2,20,0,22,2,2,21,0,25,8,0,8,33
04/22/2023,IFP,AZ,AWP,WE,Federal Contract Tower,3,0,2,0,5,0,2,18,0,20,3,2,20,0,25,0,0,0,25
04/23/2023,IFP,AZ,AWP,WE,Federal Contract Tower,4,0,1,0,5,0,7,35,0,42,4,7,36,0,47,0,0,0,47
04/24/2023,IFP,AZ,AWP,WE,Federal Contract Tower,3,0,0,0,3,0,0,9,0,9,3,0,9,0,12,6,0,6,18
04/25/2023,IFP,AZ,AWP,WE,Federal Contract Tower,1,0,1,1,3,0,1,14,1,16,1,1,15,2,19,0,0,0,19
04/26/2023,IFP,AZ,AWP,WE,Federal Contract Tower,2,0,1,0,3,0,0,18,0,18,2,0,19,0,21,0,0,0,21
04/27/2023,IFP,AZ,AWP,WE,Federal Contract Tower,4,0,0,2,6,0,8,23,2,33,4,8,23,4,39,2,0,2,41
04/28/2023,IFP,AZ,AWP,WE,Federal Contract Tower,3,1,2,0,6,0,13,27,4,44,3,14,29,4,50,0,0,0,50
04/29/2023,IFP,AZ,AWP,WE,Federal Contract Tower,1,0,2,0,3,0,4,24,0,28,1,4,26,0,31,6,0,6,37
04/30/2023,IFP,AZ,AWP,WE,Federal Contract Tower,6,0,1,0,7,0,7,22,0,29,6,7,23,0,36,2,0,2,38
05/01/2023,IFP,AZ,AWP,WE,Federal Contract Tower,3,0,1,0,4,0,8,2,2,12,3,8,3,2,16,0,0,0,16
05/02/2023,IFP,AZ,AWP,WE,Federal Contract Tower,1,2,1,1,5,0,6,7,3,16,1,8,8,4,21,0,4,4,25
05/03/2023,IFP,AZ,AWP,WE,Federal Contract Tower,1,0,1,0,2,0,4,11,0,15,1,4,12,0,17,12,0,12,29
05/04/2023,IFP,AZ,AWP,WE,Federal Contract Tower,4,2,3,1,10,0,6,16,2,24,4,8,19,3,34,4,0,4,38
05/05/2023,IFP,AZ,AWP,WE,Federal Contract Tower,2,0,5,1,8,0,0,23,1,24,2,0,28,2,32,14,16,30,62
05/06/2023,IFP,AZ,AWP,WE,Federal Contract Tower,1,0,2,0,3,0,6,17,0,23,1,6,19,0,26,12,0,12,38
05/07/2023,IFP,AZ,AWP,WE,Federal Contract Tower,2,0,3,0,5,0,3,21,4,28,2,3,24,4,33,0,0,0,33
05/08/2023,IFP,AZ,AWP,WE,Federal Contract Tower,1,0,2,0,3,0,7,20,0,27,1,7,22,0,30,0,0,0,30
05/09/2023,IFP,AZ,AWP,WE,Federal Contract Tower,1,0,2,2,5,0,0,16,0,16,1,0,18,2,21,0,0,0,21
05/10/2023,IFP,AZ,AWP,WE,Federal Contract Tower,1,0,2,0,3,0,4,17,0,21,1,4,19,0,24,0,0,0,24
05/11/2023,IFP,AZ,AWP,WE,Federal Contract Tower,1,0,4,0,5,0,11,25,1,37,1,11,29,1,42,12,0,12,54
05/12/2023,IFP,AZ,AWP,WE,Federal Contract Tower,1,0,3,1,5,0,1,39,2,42,1,1,42,3,47,12,12,24,71
05/13/2023,IFP,AZ,AWP,WE,Federal Contract Tower,2,0,1,0,3,0,0,20,0,20,2,0,21,0,23,4,0,4,27
05/14/2023,IFP,AZ,AWP,WE,Federal Contract Tower,1,2,0,0,3,0,6,25,2,33,1,8,25,2,36,6,0,6,42
05/15/2023,IFP,AZ,AWP,WE,Federal Contract Tower,2,0,1,0,3,0,2,29,0,31,2,2,30,0,34,22,0,22,56
05/16/2023,IFP,AZ,AWP,WE,Federal Contract Tower,3,0,1,0,4,0,8,17,0,25,3,8,18,0,29,6,0,6,35
05/17/2023,IFP,AZ,AWP,WE,Federal Contract Tower,2,2,2,0,6,0,0,23,0,23,2,2,25,0,29,4,0,4,33
05/18/2023,IFP,AZ,AWP,WE,Federal Contract Tower,1,0,1,1,3,0,4,32,1,37,1,4,33,2,40,16,0,16,56
05/19/2023,IFP,AZ,AWP,WE,Federal Contract Tower,2,0,3,0,5,0,2,17,0,19,2,2,20,0,24,10,0,10,34
05/20/2023,IFP,AZ,AWP,WE,Federal Contract Tower,2,1,2,0,5,0,11,16,0,27,2,12,18,0,32,14,0,14,46
05/21/2023,IFP,AZ,AWP,WE,Federal Contract Tower,1,1,0,0,2,0,6,15,0,21,1,7,15,0,23,6,0,6,29
05/22/2023,IFP,AZ,AWP,WE,Federal Contract Tower,1,0,0,0,1,0,6,10,0,16,1,6,10,0,17,0,0,0,17
05/23/2023,IFP,AZ,AWP,WE,Federal Contract Tower,2,2,4,0,8,0,3,12,0,15,2,5,16,0,23,0,0,0,23
05/24/2023,IFP,AZ,AWP,WE,Federal Contract Tower,4,1,1,0,6,0,4,31,0,35,4,5,32,0,41,2,0,2,43
05/25/2023,IFP,AZ,AWP,WE,Federal Contract Tower,2,0,1,0,3,0,14,18,0,32,2,14,19,0,35,2,0,2,37
05/26/2023,IFP,AZ,AWP,WE,Federal Contract Tower,1,0,0,0,1,0,10,30,0,40,1,10,30,0,41,0,0,0,41
05/27/2023,IFP,AZ,AWP,WE,Federal Contract Tower,3,0,4,0,7,0,7,46,0,53,3,7,50,0,60,4,0,4,64
05/28/2023,IFP,AZ,AWP,WE,Federal Contract Tower,1,0,2,0,3,0,6,11,0,17,1,6,13,0,20,2,0,2,22
05/29/2023,IFP,AZ,AWP,WE,Federal Contract Tower,2,0,1,0,3,0,0,15,0,15,2,0,16,0,18,0,0,0,18
05/30/2023,IFP,AZ,AWP,WE,Federal Contract Tower,1,4,2,0,7,0,6,20,0,26,1,10,22,0,33,14,0,14,47
05/31/2023,IFP,AZ,AWP,WE,Federal Contract Tower,3,0,0,0,3,0,7,31,0,38,3,7,31,0,41,16,0,16,57
06/01/2023,IFP,AZ,AWP,WE,Federal Contract Tower,1,0,1,2,4,0,2,7,0,9,1,2,8,2,13,0,0,0,13
06/02/2023,IFP,AZ,AWP,WE,Federal Contract Tower,2,0,5,2,9,0,5,25,0,30,2,5,30,2,39,10,0,10,49
06/03/2023,IFP,AZ,AWP,WE,Federal Contract Tower,1,0,0,0,1,0,2,22,0,24,1,2,22,0,25,10,0,10,35
06/04/2023,IFP,AZ,AWP,WE,Federal Contract Tower,2,0,0,0,2,0,2,26,0,28,2,2,26,0,30,12,0,12,42
06/05/2023,IFP,AZ,AWP,WE,Federal Contract Tower,1,0,1,0,2,0,5,20,0,25,1,5,21,0,27,4,0,4,31
06/06/2023,IFP,AZ,AWP,WE,Federal Contract Tower,1,2,2,0,5,0,1,9,0,10,1,3,11,0,15,4,0,4,19
06/07/2023,IFP,AZ,AWP,WE,Federal Contract Tower,1,0,3,4,8,0,1,20,0,21,1,1,23,4,29,6,0,6,35
06/08/2023,IFP,AZ,AWP,WE,Federal Contract Tower,2,0,0,1,3,0,5,13,2,20,2,5,13,3,23,20,0,20,43
06/09/2023,IFP,AZ,AWP,WE,Federal Contract Tower,2,2,1,2,7,0,6,26,0,32,2,8,27,2,39,12,0,12,51
06/10/2023,IFP,AZ,AWP,WE,Federal Contract Tower,1,0,1,5,7,0,6,24,1,31,1,6,25,6,38,0,2,2,40
06/11/2023,IFP,AZ,AWP,WE,Federal Contract Tower,1,0,0,0,1,0,1,21,2,24,1,1,21,2,25,18,0,18,43
06/12/2023,IFP,AZ,AWP,WE,Federal Contract Tower,3,0,1,0,4,0,7,24,0,31,3,7,25,0,35,8,0,8,43
06/13/2023,IFP,AZ,AWP,WE,Federal Contract Tower,1,0,1,0,2,0,5,25,0,30,1,5,26,0,32,18,0,18,50
06/14/2023,IFP,AZ,AWP,WE,Federal Contract Tower,1,0,2,0,3,0,2,23,0,25,1,2,25,0,28,0,0,0,28
06/15/2023,IFP,AZ,AWP,WE,Federal Contract Tower,1,1,3,0,5,0,5,9,0,14,1,6,12,0,19,0,0,0,19
06/16/2023,IFP,AZ,AWP,WE,Federal Contract Tower,2,0,1,0,3,0,5,7,0,12,2,5,8,0,15,0,0,0,15
06/17/2023,IFP,AZ,AWP,WE,Federal Contract Tower,1,1,1,0,3,0,11,11,0,22,1,12,12,0,25,6,0,6,31
06/19/2023,IFP,AZ,AWP,WE,Federal Contract Tower,1,0,2,0,3,0,14,6,0,20,1,14,8,0,23,0,0,0,23
06/20/2023,IFP,AZ,AWP,WE,Federal Contract Tower,3,1,0,0,4,0,1,19,0,20,3,2,19,0,24,2,0,2,26
06/21/2023,IFP,AZ,AWP,WE,Federal Contract Tower,1,0,2,0,3,0,12,15,0,27,1,12,17,0,30,2,0,2,32
06/22/2023,IFP,AZ,AWP,WE,Federal Contract Tower,1,0,1,0,2,0,2,13,0,15,1,2,14,0,17,18,0,18,35
06/23/2023,IFP,AZ,AWP,WE,Federal Contract Tower,2,0,1,6,9,0,9,21,5,35,2,9,22,11,44,16,0,16,60
06/24/2023,IFP,AZ,AWP,WE,Federal Contract Tower,4,0,1,0,5,0,0,13,0,13,4,0,14,0,18,6,0,6,24
06/25/2023,IFP,AZ,AWP,WE,Federal Contract Tower,1,0,3,0,4,0,3,16,0,19,1,3,19,0,23,4,0,4,27
06/26/2023,IFP,AZ,AWP,WE,Federal Contract Tower,1,0,1,0,2,0,7,7,6,20,1,7,8,6,22,0,0,0,22
06/27/2023,IFP,AZ,AWP,WE,Federal Contract Tower,2,0,2,0,4,0,0,18,0,18,2,0,20,0,22,12,0,12,34
06/28/2023,IFP,AZ,AWP,WE,Federal Contract Tower,2,0,1,0,3,0,6,9,0,15,2,6,10,0,18,0,0,0,18
06/29/2023,IFP,AZ,AWP,WE,Federal Contract Tower,1,1,2,0,4,0,0,31,0,31,1,1,33,0,35,10,0,10,45
06/30/2023,IFP,AZ,AWP,WE,Federal Contract Tower,3,0,3,0,6,0,7,11,0,18,3,7,14,0,24,0,0,0,24
07/01/2023,IFP,AZ,AWP,WE,Federal Contract Tower,1,0,0,0,1,0,9,12,0,21,1,9,12,0,22,0,0,0,22
07/02/2023,IFP,AZ,AWP,WE,Federal Contract Tower,1,0,2,0,3,0,8,14,0,22,1,8,16,0,25,2,0,2,27
07/03/2023,IFP,AZ,AWP,WE,Federal Contract Tower,3,0,0,0,3,0,2,4,0,6,3,2,4,0,9,0,0,0,9
07/04/2023,IFP,AZ,AWP,WE,Federal Contract Tower,1,0,0,0,1,0,2,4,0,6,1,2,4,0,7,0,0,0,7
07/05/2023,IFP,AZ,AWP,WE,Federal Contract Tower,2,0,3,0,5,0,4,9,0,13,2,4,12,0,18,0,0,0,18
07/06/2023,IFP,AZ,AWP,WE,Federal Contract Tower,1,0,2,0,3,0,9,13,2,24,1,9,15,2,27,4,0,4,31
07/07/2023,IFP,AZ,AWP,WE,Federal Contract Tower,2,0,1,0,3,0,9,14,0,23,2,9,15,0,26,10,0,10,36
07/08/2023,IFP,AZ,AWP,WE,Federal Contract Tower,1,0,3,0,4,0,1,12,0,13,1,1,15,0,17,4,0,4,21
07/09/2023,IFP,AZ,AWP,WE,Federal Contract Tower,1,0,0,0,1,0,8,6,0,14,1,8,6,0,15,4,0,4,19
07/10/2023,IFP,AZ,AWP,WE,Federal Contract Tower,1,0,0,0,1,0,0,14,0,14,1,0,14,0,15,0,0,0,15
07/11/2023,IFP,AZ,AWP,WE,Federal Contract Tower,2,0,2,0,4,0,2,18,0,20,2,2,20,0,24,10,0,10,34
07/12/2023,IFP,AZ,AWP,WE,Federal Contract Tower,1,0,2,0,3,0,4,4,0,8,1,4,6,0,11,0,0,0,11
07/13/2023,IFP,AZ,AWP,WE,Federal Contract Tower,3,0,1,0,4,0,0,12,0,12,3,0,13,0,16,0,0,0,16
07/14/2023,IFP,AZ,AWP,WE,Federal Contract Tower,1,0,2,0,3,0,2,17,0,19,1,2,19,0,22,10,0,10,32
07/15/2023,IFP,AZ,AWP,WE,Federal Contract Tower,0,0,0,0,0,0,4,6,0,10,0,4,6,0,10,0,0,0,10
07/16/2023,IFP,AZ,AWP,WE,Federal Contract Tower,2,0,2,0,4,0,10,6,0,16,2,10,8,0,20,0,0,0,20
07/17/2023,IFP,AZ,AWP,WE,Federal Contract Tower,2,0,2,0,4,0,4,8,0,12,2,4,10,0,16,6,0,6,22
07/18/2023,IFP,AZ,AWP,WE,Federal Contract Tower,0,0,2,0,2,0,11,12,0,23,0,11,14,0,25,2,0,2,27
07/19/2023,IFP,AZ,AWP,WE,Federal Contract Tower,2,0,0,0,2,0,2,8,0,10,2,2,8,0,12,0,0,0,12
07/20/2023,IFP,AZ,AWP,WE,Federal Contract Tower,1,0,1,0,2,0,0,9,0,9,1,0,10,0,11,0,0,0,11
07/21/2023,IFP,AZ,AWP,WE,Federal Contract Tower,2,0,4,0,6,0,4,11,0,15,2,4,15,0,21,0,0,0,21
07/22/2023,IFP,AZ,AWP,WE,Federal Contract Tower,1,0,0,0,1,0,0,7,0,7,1,0,7,0,8,0,0,0,8
07/23/2023,IFP,AZ,AWP,WE,Federal Contract Tower,1,0,1,0,2,0,1,17,0,18,1,1,18,0,20,0,0,0,20
07/24/2023,IFP,AZ,AWP,WE,Federal Contract Tower,1,0,1,0,2,0,3,7,0,10,1,3,8,0,12,0,0,0,12
07/25/2023,IFP,AZ,AWP,WE,Federal Contract Tower,3,0,1,0,4,0,6,8,0,14,3,6,9,0,18,0,0,0,18
07/26/2023,IFP,AZ,AWP,WE,Federal Contract Tower,1,0,0,0,1,0,6,10,2,18,1,6,10,2,19,2,0,2,21
07/27/2023,IFP,AZ,AWP,WE,Federal Contract Tower,1,0,1,0,2,0,1,13,0,14,1,1,14,0,16,0,0,0,16
07/28/2023,IFP,AZ,AWP,WE,Federal Contract Tower,3,0,1,0,4,0,6,12,0,18,3,6,13,0,22,8,0,8,30
07/29/2023,IFP,AZ,AWP,WE,Federal Contract Tower,2,0,1,0,3,0,4,8,0,12,2,4,9,0,15,0,0,0,15
07/30/2023,IFP,AZ,AWP,WE,Federal Contract Tower,1,0,3,0,4,0,2,6,0,8,1,2,9,0,12,0,0,0,12
07/31/2023,IFP,AZ,AWP,WE,Federal Contract Tower,1,0,0,0,1,0,3,11,0,14,1,3,11,0,15,16,0,16,31
08/01/2023,IFP,AZ,AWP,WE,Federal Contract Tower,1,0,0,0,1,0,8,10,0,18,1,8,10,0,19,6,0,6,25
08/02/2023,IFP,AZ,AWP,WE,Federal Contract Tower,1,1,3,0,5,0,0,16,0,16,1,1,19,0,21,0,0,0,21
08/03/2023,IFP,AZ,AWP,WE,Federal Contract Tower,1,0,2,0,3,0,8,4,0,12,1,8,6,0,15,0,0,0,15
08/04/2023,IFP,AZ,AWP,WE,Federal Contract Tower,2,0,2,0,4,0,0,21,3,24,2,0,23,3,28,2,16,18,46
08/05/2023,IFP,AZ,AWP,WE,Federal Contract Tower,3,0,0,0,3,0,3,8,4,15,3,3,8,4,18,8,0,8,26
08/06/2023,IFP,AZ,AWP,WE,Federal Contract Tower,1,0,2,0,3,0,6,10,0,16,1,6,12,0,19,0,0,0,19
08/07/2023,IFP,AZ,AWP,WE,Federal Contract Tower,1,0,2,0,3,0,0,8,0,8,1,0,10,0,11,0,0,0,11
08/08/2023,IFP,AZ,AWP,WE,Federal Contract Tower,1,0,1,0,2,0,0,10,0,10,1,0,11,0,12,0,0,0,12
08/09/2023,IFP,AZ,AWP,WE,Federal Contract Tower,2,0,1,0,3,0,2,9,0,11,2,2,10,0,14,12,0,12,26
08/10/2023,IFP,AZ,AWP,WE,Federal Contract Tower,1,2,0,0,3,0,5,16,0,21,1,7,16,0,24,8,0,8,32
08/11/2023,IFP,AZ,AWP,WE,Federal Contract Tower,1,0,4,0,5,0,0,24,0,24,1,0,28,0,29,4,0,4,33
08/12/2023,IFP,AZ,AWP,WE,Federal Contract Tower,2,0,0,0,2,0,4,13,2,19,2,4,13,2,21,16,0,16,37
08/13/2023,IFP,AZ,AWP,WE,Federal Contract Tower,2,2,1,0,5,0,2,11,0,13,2,4,12,0,18,0,0,0,18
08/14/2023,IFP,AZ,AWP,WE,Federal Contract Tower,1,0,1,0,2,0,4,22,0,26,1,4,23,0,28,12,0,12,40
08/15/2023,IFP,AZ,AWP,WE,Federal Contract Tower,1,0,1,0,2,0,2,13,0,15,1,2,14,0,17,10,0,10,27
08/16/2023,IFP,AZ,AWP,WE,Federal Contract Tower,2,0,1,0,3,0,2,12,0,14,2,2,13,0,17,0,0,0,17
08/17/2023,IFP,AZ,AWP,WE,Federal Contract Tower,1,0,1,0,2,0,8,15,0,23,1,8,16,0,25,6,0,6,31
08/18/2023,IFP,AZ,AWP,WE,Federal Contract Tower,1,0,0,0,1,0,5,5,0,10,1,5,5,0,11,2,0,2,13
08/19/2023,IFP,AZ,AWP,WE,Federal Contract Tower,0,0,0,0,0,0,0,2,0,2,0,0,2,0,2,0,0,0,2
08/20/2023,IFP,AZ,AWP,WE,Federal Contract Tower,1,0,0,0,1,0,0,0,0,0,1,0,0,0,1,0,0,0,1
08/21/2023,IFP,AZ,AWP,WE,Federal Contract Tower,0,0,2,0,2,0,3,3,0,6,0,3,5,0,8,0,0,0,8
08/22/2023,IFP,AZ,AWP,WE,Federal Contract Tower,1,0,3,0,4,0,2,26,0,28,1,2,29,0,32,6,0,6,38
08/23/2023,IFP,AZ,AWP,WE,Federal Contract Tower,2,0,1,1,4,0,10,23,0,33,2,10,24,1,37,12,0,12,49
08/24/2023,IFP,AZ,AWP,WE,Federal Contract Tower,1,1,1,0,3,0,0,15,0,15,1,1,16,0,18,12,0,12,30
08/25/2023,IFP,AZ,AWP,WE,Federal Contract Tower,2,2,3,0,7,0,5,21,0,26,2,7,24,0,33,8,0,8,41
08/26/2023,IFP,AZ,AWP,WE,Federal Contract Tower,2,0,3,0,5,0,0,25,0,25,2,0,28,0,30,24,0,24,54
08/27/2023,IFP,AZ,AWP,WE,Federal Contract Tower,1,0,0,0,1,0,5,12,4,21,1,5,12,4,22,10,0,10,32
08/28/2023,IFP,AZ,AWP,WE,Federal Contract Tower,1,0,3,0,4,0,3,15,2,20,1,3,18,2,24,12,18,30,54
08/29/2023,IFP,AZ,AWP,WE,Federal Contract Tower,2,0,3,0,5,0,6,10,0,16,2,6,13,0,21,14,0,14,35
08/30/2023,IFP,AZ,AWP,WE,Federal Contract Tower,1,1,3,0,5,0,2,10,2,14,1,3,13,2,19,0,0,0,19
08/31/2023,IFP,AZ,AWP,WE,Federal Contract Tower,1,0,2,0,3,0,2,10,0,12,1,2,12,0,15,0,0,0,15
