01/01/2020,ILG,DE,AEA,EN,Towers with Radar,0,6,9,0,15,0,0,13,0,13,0,6,22,0,28,76,0,76,104
01/02/2020,ILG,DE,AEA,EN,Towers with Radar,0,12,40,4,56,0,2,56,9,67,0,14,96,13,123,18,0,18,141
01/03/2020,ILG,DE,AEA,EN,Towers with Radar,0,12,22,0,34,0,0,0,0,0,0,12,22,0,34,0,0,0,34
01/04/2020,ILG,DE,AEA,EN,Towers with Radar,0,17,23,0,40,0,0,0,0,0,0,17,23,0,40,0,0,0,40
01/05/2020,ILG,DE,AEA,EN,Towers with Radar,0,16,19,0,35,0,0,11,0,11,0,16,30,0,46,15,0,15,61
01/06/2020,ILG,DE,AEA,EN,Towers with Radar,0,9,24,1,34,0,0,45,1,46,0,9,69,2,80,14,6,20,100
01/07/2020,ILG,DE,AEA,EN,Towers with Radar,0,12,25,0,37,0,6,16,8,30,0,18,41,8,67,10,0,10,77
01/08/2020,ILG,DE,AEA,EN,Towers with Radar,0,11,16,4,31,0,0,7,12,19,0,11,23,16,50,3,5,8,58
01/09/2020,ILG,DE,AEA,EN,Towers with Radar,0,4,27,7,38,0,1,44,26,71,0,5,71,33,109,93,14,107,216
01/10/2020,ILG,DE,AEA,EN,Towers with Radar,0,5,21,0,26,0,0,13,4,17,0,5,34,4,43,41,6,47,90
01/11/2020,ILG,DE,AEA,EN,Towers with Radar,0,1,12,0,13,0,0,17,0,17,0,1,29,0,30,16,0,16,46
01/12/2020,ILG,DE,AEA,EN,Towers with Radar,0,2,11,1,14,0,0,19,1,20,0,2,30,2,34,0,0,0,34
01/13/2020,ILG,DE,AEA,EN,Towers with Radar,0,19,37,0,56,0,0,12,1,13,0,19,49,1,69,50,0,50,119
01/14/2020,ILG,DE,AEA,EN,Towers with Radar,0,8,28,8,44,0,0,0,0,0,0,8,28,8,44,0,0,0,44
01/15/2020,ILG,DE,AEA,EN,Towers with Radar,0,10,37,6,53,0,0,80,10,90,0,10,117,16,143,77,6,83,226
01/16/2020,ILG,DE,AEA,EN,Towers with Radar,0,14,30,4,48,0,14,9,14,37,0,28,39,18,85,2,11,13,98
01/17/2020,ILG,DE,AEA,EN,Towers with Radar,0,15,28,1,44,0,0,18,3,21,0,15,46,4,65,56,0,56,121
01/18/2020,ILG,DE,AEA,EN,Towers with Radar,0,5,3,0,8,0,0,4,0,4,0,5,7,0,12,32,0,32,44
01/19/2020,ILG,DE,AEA,EN,Towers with Radar,0,3,17,0,20,0,4,15,0,19,0,7,32,0,39,23,0,23,62
01/20/2020,ILG,DE,AEA,EN,Towers with Radar,0,11,33,0,44,0,2,30,0,32,0,13,63,0,76,38,0,38,114
01/21/2020,ILG,DE,AEA,EN,Towers with Radar,0,6,23,3,32,0,1,31,14,46,0,7,54,17,78,20,6,26,104
01/22/2020,ILG,DE,AEA,EN,Towers with Radar,0,10,35,16,61,0,2,40,19,61,0,12,75,35,122,35,25,60,182
01/23/2020,ILG,DE,AEA,EN,Towers with Radar,0,4,22,5,31,0,0,31,18,49,0,4,53,23,80,19,6,25,105
01/24/2020,ILG,DE,AEA,EN,Towers with Radar,0,8,24,2,34,0,0,43,11,54,0,8,67,13,88,28,6,34,122
01/25/2020,ILG,DE,AEA,EN,Towers with Radar,0,8,13,0,21,0,0,0,0,0,0,8,13,0,21,0,0,0,21
01/26/2020,ILG,DE,AEA,EN,Towers with Radar,0,13,14,1,28,0,1,43,0,44,0,14,57,1,72,35,0,35,107
01/27/2020,ILG,DE,AEA,EN,Towers with Radar,0,8,18,0,26,0,0,23,0,23,0,8,41,0,49,4,0,4,53
01/28/2020,ILG,DE,AEA,EN,Towers with Radar,0,23,15,0,38,0,8,21,18,47,0,31,36,18,85,22,4,26,111
01/29/2020,ILG,DE,AEA,EN,Towers with Radar,0,12,25,8,45,0,0,39,15,54,0,12,64,23,99,20,5,25,124
01/30/2020,ILG,DE,AEA,EN,Towers with Radar,0,16,23,7,46,0,3,28,7,38,0,19,51,14,84,21,26,47,131
01/31/2020,ILG,DE,AEA,EN,Towers with Radar,0,9,31,2,42,0,2,40,5,47,0,11,71,7,89,39,4,43,132
02/01/2020,ILG,DE,AEA,EN,Towers with Radar,0,2,7,0,9,0,0,0,0,0,0,2,7,0,9,10,0,10,19
02/02/2020,ILG,DE,AEA,EN,Towers with Radar,0,4,15,0,19,0,0,26,0,26,0,4,41,0,45,36,0,36,81
02/03/2020,ILG,DE,AEA,EN,Towers with Radar,0,9,31,6,46,0,1,44,3,48,0,10,75,9,94,10,2,12,106
02/04/2020,ILG,DE,AEA,EN,Towers with Radar,0,8,21,4,33,0,0,24,13,37,0,8,45,17,70,44,24,68,138
02/05/2020,ILG,DE,AEA,EN,Towers with Radar,0,9,16,5,30,0,1,8,21,30,0,10,24,26,60,7,54,61,121
02/06/2020,ILG,DE,AEA,EN,Towers with Radar,0,11,25,0,36,0,0,0,0,0,0,11,25,0,36,0,0,0,36
02/07/2020,ILG,DE,AEA,EN,Towers with Radar,0,6,23,0,29,0,0,4,0,4,0,6,27,0,33,0,0,0,33
02/08/2020,ILG,DE,AEA,EN,Towers with Radar,0,9,14,0,23,0,4,27,6,37,0,13,41,6,60,28,6,34,94
02/09/2020,ILG,DE,AEA,EN,Towers with Radar,0,7,19,1,27,0,0,48,1,49,0,7,67,2,76,34,0,34,110
02/10/2020,ILG,DE,AEA,EN,Towers with Radar,0,15,15,0,30,0,0,4,0,4,0,15,19,0,34,9,0,9,43
02/11/2020,ILG,DE,AEA,EN,Towers with Radar,0,17,32,8,57,0,0,6,15,21,0,17,38,23,78,0,10,10,88
02/12/2020,ILG,DE,AEA,EN,Towers with Radar,0,21,32,5,58,0,2,45,20,67,0,23,77,25,125,2,4,6,131
02/13/2020,ILG,DE,AEA,EN,Towers with Radar,0,11,24,7,42,0,0,6,4,10,0,11,30,11,52,3,4,7,59
02/14/2020,ILG,DE,AEA,EN,Towers with Radar,0,21,20,0,41,0,0,17,4,21,0,21,37,4,62,0,0,0,62
02/15/2020,ILG,DE,AEA,EN,Towers with Radar,0,8,18,0,26,0,0,51,0,51,0,8,69,0,77,24,0,24,101
02/16/2020,ILG,DE,AEA,EN,Towers with Radar,0,9,23,0,32,0,0,53,0,53,0,9,76,0,85,101,0,101,186
02/17/2020,ILG,DE,AEA,EN,Towers with Radar,0,10,21,0,31,0,1,39,0,40,0,11,60,0,71,34,0,34,105
02/18/2020,ILG,DE,AEA,EN,Towers with Radar,0,14,30,9,53,0,1,14,9,24,0,15,44,18,77,18,4,22,99
02/19/2020,ILG,DE,AEA,EN,Towers with Radar,0,5,23,8,36,0,2,30,15,47,0,7,53,23,83,10,35,45,128
02/20/2020,ILG,DE,AEA,EN,Towers with Radar,0,5,18,6,29,0,1,32,21,54,0,6,50,27,83,24,13,37,120
02/21/2020,ILG,DE,AEA,EN,Towers with Radar,0,7,28,3,38,0,0,33,7,40,0,7,61,10,78,16,0,16,94
02/22/2020,ILG,DE,AEA,EN,Towers with Radar,0,6,23,0,29,0,0,5,0,5,0,6,28,0,34,0,0,0,34
02/23/2020,ILG,DE,AEA,EN,Towers with Radar,0,9,19,0,28,0,0,54,0,54,0,9,73,0,82,98,0,98,180
02/24/2020,ILG,DE,AEA,EN,Towers with Radar,0,4,28,1,33,0,1,56,0,57,0,5,84,1,90,34,0,34,124
02/25/2020,ILG,DE,AEA,EN,Towers with Radar,0,13,26,5,44,0,0,0,0,0,0,13,26,5,44,0,0,0,44
02/26/2020,ILG,DE,AEA,EN,Towers with Radar,0,5,29,3,37,0,0,0,0,0,0,5,29,3,37,0,0,0,37
02/27/2020,ILG,DE,AEA,EN,Towers with Radar,0,8,12,6,26,0,0,2,8,10,0,8,14,14,36,0,2,2,38
02/28/2020,ILG,DE,AEA,EN,Towers with Radar,0,8,30,5,43,0,0,36,4,40,0,8,66,9,83,2,0,2,85
02/29/2020,ILG,DE,AEA,EN,Towers with Radar,0,6,7,1,14,0,0,14,3,17,0,6,21,4,31,0,9,9,40
03/01/2020,ILG,DE,AEA,EN,Towers with Radar,0,4,21,0,25,0,0,72,0,72,0,4,93,0,97,36,0,36,133
03/02/2020,ILG,DE,AEA,EN,Towers with Radar,0,9,24,3,36,0,0,27,3,30,0,9,51,6,66,28,16,44,110
03/03/2020,ILG,DE,AEA,EN,Towers with Radar,0,16,25,8,49,0,0,12,10,22,0,16,37,18,71,32,6,38,109
03/04/2020,ILG,DE,AEA,EN,Towers with Radar,0,10,23,7,40,0,6,48,20,74,0,16,71,27,114,22,18,40,154
03/05/2020,ILG,DE,AEA,EN,Towers with Radar,0,10,30,12,52,0,3,66,10,79,0,13,96,22,131,50,1,51,182
03/06/2020,ILG,DE,AEA,EN,Towers with Radar,0,9,16,0,25,0,0,5,6,11,0,9,21,6,36,8,0,8,44
03/07/2020,ILG,DE,AEA,EN,Towers with Radar,0,4,13,0,17,0,0,13,0,13,0,4,26,0,30,10,0,10,40
03/08/2020,ILG,DE,AEA,EN,Towers with Radar,0,4,19,1,24,0,2,50,4,56,0,6,69,5,80,80,11,91,171
03/09/2020,ILG,DE,AEA,EN,Towers with Radar,0,9,21,0,30,0,0,48,0,48,0,9,69,0,78,24,0,24,102
03/10/2020,ILG,DE,AEA,EN,Towers with Radar,0,7,17,3,27,0,4,17,16,37,0,11,34,19,64,4,9,13,77
03/11/2020,ILG,DE,AEA,EN,Towers with Radar,0,5,18,0,23,0,2,52,12,66,0,7,70,12,89,56,4,60,149
03/12/2020,ILG,DE,AEA,EN,Towers with Radar,0,3,22,7,32,0,0,38,4,42,0,3,60,11,74,20,0,20,94
03/13/2020,ILG,DE,AEA,EN,Towers with Radar,0,8,21,2,31,0,0,5,0,5,0,8,26,2,36,0,0,0,36
03/14/2020,ILG,DE,AEA,EN,Towers with Radar,0,13,16,0,29,0,8,45,0,53,0,21,61,0,82,34,0,34,116
03/15/2020,ILG,DE,AEA,EN,Towers with Radar,0,13,21,0,34,0,0,45,0,45,0,13,66,0,79,67,0,67,146
03/16/2020,ILG,DE,AEA,EN,Towers with Radar,0,14,19,0,33,0,0,22,1,23,0,14,41,1,56,20,0,20,76
03/17/2020,ILG,DE,AEA,EN,Towers with Radar,0,8,10,2,20,0,0,13,11,24,0,8,23,13,44,18,0,18,62
03/18/2020,ILG,DE,AEA,EN,Towers with Radar,0,5,35,3,43,0,1,71,9,81,0,6,106,12,124,60,32,92,216
03/19/2020,ILG,DE,AEA,EN,Towers with Radar,0,8,25,0,33,0,0,0,5,5,0,8,25,5,38,0,58,58,96
03/20/2020,ILG,DE,AEA,EN,Towers with Radar,0,12,4,1,17,0,2,15,3,20,0,14,19,4,37,0,8,8,45
03/21/2020,ILG,DE,AEA,EN,Towers with Radar,0,5,14,0,19,0,0,35,0,35,0,5,49,0,54,36,2,38,92
03/22/2020,ILG,DE,AEA,EN,Towers with Radar,0,9,13,0,22,0,1,44,0,45,0,10,57,0,67,24,0,24,91
03/23/2020,ILG,DE,AEA,EN,Towers with Radar,0,4,5,0,9,0,0,0,0,0,0,4,5,0,9,0,0,0,9
03/24/2020,ILG,DE,AEA,EN,Towers with Radar,0,4,12,8,24,0,0,40,2,42,0,4,52,10,66,102,6,108,174
03/25/2020,ILG,DE,AEA,EN,Towers with Radar,0,5,4,0,9,0,1,0,0,1,0,6,4,0,10,0,0,0,10
03/26/2020,ILG,DE,AEA,EN,Towers with Radar,0,6,18,0,24,0,1,49,10,60,0,7,67,10,84,68,38,106,190
03/27/2020,ILG,DE,AEA,EN,Towers with Radar,0,3,10,0,13,0,0,26,0,26,0,3,36,0,39,13,0,13,52
03/28/2020,ILG,DE,AEA,EN,Towers with Radar,0,2,12,0,14,0,0,0,0,0,0,2,12,0,14,0,0,0,14
03/29/2020,ILG,DE,AEA,EN,Towers with Radar,0,0,8,0,8,0,0,0,0,0,0,0,8,0,8,0,0,0,8
03/30/2020,ILG,DE,AEA,EN,Towers with Radar,0,4,10,0,14,0,0,12,0,12,0,4,22,0,26,18,0,18,44
03/31/2020,ILG,DE,AEA,EN,Towers with Radar,0,4,7,4,15,0,0,4,6,10,0,4,11,10,25,4,0,4,29
04/01/2020,ILG,DE,AEA,EN,Towers with Radar,0,0,5,5,10,0,0,23,9,32,0,0,28,14,42,22,4,26,68
04/02/2020,ILG,DE,AEA,EN,Towers with Radar,0,6,9,2,17,0,0,4,1,5,0,6,13,3,22,0,2,2,24
04/03/2020,ILG,DE,AEA,EN,Towers with Radar,0,3,9,3,15,0,1,3,6,10,0,4,12,9,25,2,3,5,30
04/04/2020,ILG,DE,AEA,EN,Towers with Radar,0,0,19,0,19,0,1,7,0,8,0,1,26,0,27,37,0,37,64
04/05/2020,ILG,DE,AEA,EN,Towers with Radar,0,3,15,0,18,0,0,52,0,52,0,3,67,0,70,10,0,10,80
04/06/2020,ILG,DE,AEA,EN,Towers with Radar,0,0,18,0,18,0,2,40,0,42,0,2,58,0,60,32,0,32,92
04/07/2020,ILG,DE,AEA,EN,Towers with Radar,0,2,12,2,16,0,2,20,8,30,0,4,32,10,46,5,0,5,51
04/08/2020,ILG,DE,AEA,EN,Towers with Radar,0,0,8,9,17,0,1,33,8,42,0,1,41,17,59,28,12,40,99
04/09/2020,ILG,DE,AEA,EN,Towers with Radar,0,0,5,1,6,0,0,5,0,5,0,0,10,1,11,2,0,2,13
04/10/2020,ILG,DE,AEA,EN,Towers with Radar,0,1,5,0,6,0,0,5,0,5,0,1,10,0,11,0,0,0,11
04/11/2020,ILG,DE,AEA,EN,Towers with Radar,0,2,10,2,14,0,0,35,0,35,0,2,45,2,49,7,0,7,56
04/12/2020,ILG,DE,AEA,EN,Towers with Radar,0,0,9,0,9,0,0,31,0,31,0,0,40,0,40,40,0,40,80
04/13/2020,ILG,DE,AEA,EN,Towers with Radar,0,2,2,2,6,0,0,0,0,0,0,2,2,2,6,4,0,4,10
04/14/2020,ILG,DE,AEA,EN,Towers with Radar,0,3,12,3,18,0,0,30,8,38,0,3,42,11,56,39,0,39,95
04/15/2020,ILG,DE,AEA,EN,Towers with Radar,0,2,5,2,9,0,0,9,13,22,0,2,14,15,31,12,10,22,53
04/16/2020,ILG,DE,AEA,EN,Towers with Radar,0,0,5,2,7,0,1,20,4,25,0,1,25,6,32,0,0,0,32
04/17/2020,ILG,DE,AEA,EN,Towers with Radar,0,1,5,2,8,0,1,26,1,28,0,2,31,3,36,12,0,12,48
04/18/2020,ILG,DE,AEA,EN,Towers with Radar,0,3,11,0,14,0,2,13,0,15,0,5,24,0,29,8,0,8,37
04/19/2020,ILG,DE,AEA,EN,Towers with Radar,0,1,14,0,15,0,0,60,0,60,0,1,74,0,75,10,0,10,85
04/20/2020,ILG,DE,AEA,EN,Towers with Radar,0,4,10,2,16,0,0,24,0,24,0,4,34,2,40,46,0,46,86
04/21/2020,ILG,DE,AEA,EN,Towers with Radar,0,1,7,3,11,0,1,9,8,18,0,2,16,11,29,0,14,14,43
04/22/2020,ILG,DE,AEA,EN,Towers with Radar,0,0,15,5,20,0,0,28,10,38,0,0,43,15,58,4,10,14,72
04/23/2020,ILG,DE,AEA,EN,Towers with Radar,0,2,5,8,15,0,4,28,6,38,0,6,33,14,53,36,4,40,93
04/24/2020,ILG,DE,AEA,EN,Towers with Radar,0,2,11,4,17,0,0,0,0,0,0,2,11,4,17,0,0,0,17
04/25/2020,ILG,DE,AEA,EN,Towers with Radar,0,2,21,0,23,0,2,63,0,65,0,4,84,0,88,51,0,51,139
04/26/2020,ILG,DE,AEA,EN,Towers with Radar,0,3,8,2,13,0,0,0,0,0,0,3,8,2,13,0,0,0,13
04/27/2020,ILG,DE,AEA,EN,Towers with Radar,0,0,6,7,13,0,0,7,0,7,0,0,13,7,20,8,0,8,28
04/28/2020,ILG,DE,AEA,EN,Towers with Radar,0,2,10,6,18,0,0,58,11,69,0,2,68,17,87,30,54,84,171
04/29/2020,ILG,DE,AEA,EN,Towers with Radar,0,2,13,7,22,0,0,15,10,25,0,2,28,17,47,0,28,28,75
04/30/2020,ILG,DE,AEA,EN,Towers with Radar,0,3,2,0,5,0,1,2,0,3,0,4,4,0,8,0,0,0,8
05/01/2020,ILG,DE,AEA,EN,Towers with Radar,0,1,4,0,5,0,0,13,0,13,0,1,17,0,18,14,0,14,32
05/02/2020,ILG,DE,AEA,EN,Towers with Radar,0,2,11,0,13,0,1,59,0,60,0,3,70,0,73,46,0,46,119
05/03/2020,ILG,DE,AEA,EN,Towers with Radar,0,0,12,0,12,0,0,20,0,20,0,0,32,0,32,12,0,12,44
05/04/2020,ILG,DE,AEA,EN,Towers with Radar,0,2,7,0,9,0,1,10,0,11,0,3,17,0,20,6,0,6,26
05/05/2020,ILG,DE,AEA,EN,Towers with Radar,0,3,18,3,24,0,0,50,11,61,0,3,68,14,85,49,24,73,158
05/06/2020,ILG,DE,AEA,EN,Towers with Radar,0,7,12,4,23,0,0,9,6,15,0,7,21,10,38,37,18,55,93
05/07/2020,ILG,DE,AEA,EN,Towers with Radar,0,5,22,4,31,0,3,40,26,69,0,8,62,30,100,60,20,80,180
05/08/2020,ILG,DE,AEA,EN,Towers with Radar,0,2,17,0,19,0,1,17,0,18,0,3,34,0,37,49,0,49,86
05/09/2020,ILG,DE,AEA,EN,Towers with Radar,0,3,3,0,6,0,0,5,0,5,0,3,8,0,11,4,0,4,15
05/10/2020,ILG,DE,AEA,EN,Towers with Radar,0,2,11,0,13,0,0,21,0,21,0,2,32,0,34,6,0,6,40
05/11/2020,ILG,DE,AEA,EN,Towers with Radar,0,4,11,3,18,0,0,13,2,15,0,4,24,5,33,0,0,0,33
05/12/2020,ILG,DE,AEA,EN,Towers with Radar,0,9,19,3,31,0,0,25,13,38,0,9,44,16,69,57,14,71,140
05/13/2020,ILG,DE,AEA,EN,Towers with Radar,0,8,23,3,34,0,0,94,17,111,0,8,117,20,145,62,11,73,218
05/14/2020,ILG,DE,AEA,EN,Towers with Radar,0,5,14,7,26,0,0,49,31,80,0,5,63,38,106,78,42,120,226
05/15/2020,ILG,DE,AEA,EN,Towers with Radar,0,2,9,0,11,0,0,32,0,32,0,2,41,0,43,12,0,12,55
05/16/2020,ILG,DE,AEA,EN,Towers with Radar,0,2,11,7,20,0,1,46,3,50,0,3,57,10,70,14,24,38,108
05/17/2020,ILG,DE,AEA,EN,Towers with Radar,0,1,16,0,17,0,1,25,0,26,0,2,41,0,43,6,0,6,49
05/18/2020,ILG,DE,AEA,EN,Towers with Radar,0,0,20,4,24,0,0,11,5,16,0,0,31,9,40,16,16,32,72
05/19/2020,ILG,DE,AEA,EN,Towers with Radar,0,3,15,12,30,0,0,19,17,36,0,3,34,29,66,2,11,13,79
05/20/2020,ILG,DE,AEA,EN,Towers with Radar,0,4,15,5,24,0,0,15,15,30,0,4,30,20,54,23,8,31,85
05/21/2020,ILG,DE,AEA,EN,Towers with Radar,0,6,32,11,49,0,0,57,18,75,0,6,89,29,124,100,17,117,241
05/22/2020,ILG,DE,AEA,EN,Towers with Radar,0,3,39,0,42,0,0,1,0,1,0,3,40,0,43,0,0,0,43
05/23/2020,ILG,DE,AEA,EN,Towers with Radar,0,7,7,0,14,0,0,10,0,10,0,7,17,0,24,33,0,33,57
05/24/2020,ILG,DE,AEA,EN,Towers with Radar,0,3,12,0,15,0,2,10,0,12,0,5,22,0,27,17,0,17,44
05/25/2020,ILG,DE,AEA,EN,Towers with Radar,0,5,22,0,27,0,0,16,2,18,0,5,38,2,45,3,0,3,48
05/26/2020,ILG,DE,AEA,EN,Towers with Radar,0,7,23,4,34,0,1,36,15,52,0,8,59,19,86,76,7,83,169
05/27/2020,ILG,DE,AEA,EN,Towers with Radar,0,7,7,7,21,0,3,25,15,43,0,10,32,22,64,5,16,21,85
05/28/2020,ILG,DE,AEA,EN,Towers with Radar,0,7,23,8,38,0,0,1,16,17,0,7,24,24,55,0,56,56,111
05/29/2020,ILG,DE,AEA,EN,Towers with Radar,0,5,32,1,38,0,0,6,0,6,0,5,38,1,44,30,0,30,74
05/30/2020,ILG,DE,AEA,EN,Towers with Radar,0,2,8,0,10,0,0,45,0,45,0,2,53,0,55,26,0,26,81
05/31/2020,ILG,DE,AEA,EN,Towers with Radar,0,4,20,0,24,0,0,50,0,50,0,4,70,0,74,22,0,22,96
06/01/2020,ILG,DE,AEA,EN,Towers with Radar,0,12,17,3,32,0,0,19,0,19,0,12,36,3,51,8,0,8,59
06/02/2020,ILG,DE,AEA,EN,Towers with Radar,0,4,26,12,42,0,0,24,14,38,0,4,50,26,80,4,34,38,118
06/03/2020,ILG,DE,AEA,EN,Towers with Radar,0,8,17,6,31,0,2,25,10,37,0,10,42,16,68,7,19,26,94
06/04/2020,ILG,DE,AEA,EN,Towers with Radar,0,3,18,6,27,0,0,38,11,49,0,3,56,17,76,37,12,49,125
06/05/2020,ILG,DE,AEA,EN,Towers with Radar,0,8,17,2,27,0,0,19,10,29,0,8,36,12,56,16,0,16,72
06/06/2020,ILG,DE,AEA,EN,Towers with Radar,0,9,20,3,32,0,0,18,18,36,0,9,38,21,68,24,10,34,102
06/07/2020,ILG,DE,AEA,EN,Towers with Radar,0,2,12,0,14,0,0,38,0,38,0,2,50,0,52,32,0,32,84
06/08/2020,ILG,DE,AEA,EN,Towers with Radar,0,9,21,4,34,0,1,16,1,18,0,10,37,5,52,30,6,36,88
06/09/2020,ILG,DE,AEA,EN,Towers with Radar,0,9,25,6,40,0,0,44,9,53,0,9,69,15,93,39,13,52,145
06/10/2020,ILG,DE,AEA,EN,Towers with Radar,0,6,20,6,32,0,0,31,15,46,0,6,51,21,78,9,58,67,145
06/11/2020,ILG,DE,AEA,EN,Towers with Radar,0,15,37,5,57,0,0,9,2,11,0,15,46,7,68,0,4,4,72
06/12/2020,ILG,DE,AEA,EN,Towers with Radar,0,11,27,2,40,0,0,36,3,39,0,11,63,5,79,11,3,14,93
06/13/2020,ILG,DE,AEA,EN,Towers with Radar,0,3,15,0,18,0,0,34,14,48,0,3,49,14,66,16,5,21,87
06/14/2020,ILG,DE,AEA,EN,Towers with Radar,0,7,15,0,22,0,0,32,0,32,0,7,47,0,54,20,0,20,74
06/15/2020,ILG,DE,AEA,EN,Towers with Radar,0,7,21,1,29,0,0,41,0,41,0,7,62,1,70,30,0,30,100
06/16/2020,ILG,DE,AEA,EN,Towers with Radar,0,8,13,6,27,0,2,25,27,54,0,10,38,33,81,22,34,56,137
06/17/2020,ILG,DE,AEA,EN,Towers with Radar,0,6,29,10,45,0,2,20,2,24,0,8,49,12,69,22,46,68,137
06/18/2020,ILG,DE,AEA,EN,Towers with Radar,0,8,26,6,40,0,0,20,2,22,0,8,46,8,62,30,14,44,106
06/19/2020,ILG,DE,AEA,EN,Towers with Radar,0,7,13,0,20,0,0,32,0,32,0,7,45,0,52,18,0,18,70
06/20/2020,ILG,DE,AEA,EN,Towers with Radar,0,1,22,0,23,0,0,16,0,16,0,1,38,0,39,32,0,32,71
06/21/2020,ILG,DE,AEA,EN,Towers with Radar,0,7,20,0,27,0,0,14,1,15,0,7,34,1,42,2,0,2,44
06/22/2020,ILG,DE,AEA,EN,Towers with Radar,0,7,25,2,34,0,0,16,0,16,0,7,41,2,50,9,0,9,59
06/23/2020,ILG,DE,AEA,EN,Towers with Radar,0,7,16,9,32,0,0,30,9,39,0,7,46,18,71,65,30,95,166
06/24/2020,ILG,DE,AEA,EN,Towers with Radar,0,4,10,6,20,0,0,23,10,33,0,4,33,16,53,42,14,56,109
06/25/2020,ILG,DE,AEA,EN,Towers with Radar,0,9,22,5,36,0,0,46,22,68,0,9,68,27,104,46,43,89,193
06/26/2020,ILG,DE,AEA,EN,Towers with Radar,0,2,16,0,18,0,0,45,6,51,0,2,61,6,69,39,9,48,117
06/27/2020,ILG,DE,AEA,EN,Towers with Radar,0,5,13,0,18,0,0,16,7,23,0,5,29,7,41,44,0,44,85
06/28/2020,ILG,DE,AEA,EN,Towers with Radar,0,1,17,0,18,0,0,34,0,34,0,1,51,0,52,16,0,16,68
06/29/2020,ILG,DE,AEA,EN,Towers with Radar,0,7,13,0,20,0,1,18,0,19,0,8,31,0,39,44,0,44,83
06/30/2020,ILG,DE,AEA,EN,Towers with Radar,0,14,32,9,55,0,1,52,20,73,0,15,84,29,128,52,25,77,205
07/01/2020,ILG,DE,AEA,EN,Towers with Radar,0,11,22,5,38,0,0,16,6,22,0,11,38,11,60,22,12,34,94
07/02/2020,ILG,DE,AEA,EN,Towers with Radar,0,14,16,2,32,0,0,48,11,59,0,14,64,13,91,43,4,47,138
07/03/2020,ILG,DE,AEA,EN,Towers with Radar,0,3,23,0,26,0,0,28,0,28,0,3,51,0,54,34,0,34,88
07/04/2020,ILG,DE,AEA,EN,Towers with Radar,0,1,7,0,8,0,0,12,0,12,0,1,19,0,20,31,0,31,51
07/05/2020,ILG,DE,AEA,EN,Towers with Radar,0,4,21,1,26,0,0,31,0,31,0,4,52,1,57,22,0,22,79
07/06/2020,ILG,DE,AEA,EN,Towers with Radar,0,7,25,0,32,0,0,16,4,20,0,7,41,4,52,12,6,18,70
07/07/2020,ILG,DE,AEA,EN,Towers with Radar,0,5,18,6,29,0,0,34,15,49,0,5,52,21,78,17,30,47,125
07/08/2020,ILG,DE,AEA,EN,Towers with Radar,0,11,28,6,45,0,0,26,17,43,0,11,54,23,88,31,37,68,156
07/09/2020,ILG,DE,AEA,EN,Towers with Radar,0,13,30,9,52,0,2,30,11,43,0,15,60,20,95,25,29,54,149
07/10/2020,ILG,DE,AEA,EN,Towers with Radar,0,10,7,0,17,0,0,0,0,0,0,10,7,0,17,0,0,0,17
07/11/2020,ILG,DE,AEA,EN,Towers with Radar,0,7,20,2,29,0,0,28,14,42,0,7,48,16,71,29,10,39,110
07/12/2020,ILG,DE,AEA,EN,Towers with Radar,0,5,20,2,27,0,0,32,18,50,0,5,52,20,77,12,10,22,99
07/13/2020,ILG,DE,AEA,EN,Towers with Radar,0,4,19,1,24,0,0,10,0,10,0,4,29,1,34,8,0,8,42
07/14/2020,ILG,DE,AEA,EN,Towers with Radar,0,13,24,0,37,0,0,47,16,63,0,13,71,16,100,52,13,65,165
07/15/2020,ILG,DE,AEA,EN,Towers with Radar,0,5,27,9,41,0,0,45,16,61,0,5,72,25,102,18,41,59,161
07/16/2020,ILG,DE,AEA,EN,Towers with Radar,0,10,13,5,28,0,0,28,16,44,0,10,41,21,72,72,20,92,164
07/17/2020,ILG,DE,AEA,EN,Towers with Radar,0,9,22,6,37,0,1,3,5,9,0,10,25,11,46,10,0,10,56
07/18/2020,ILG,DE,AEA,EN,Towers with Radar,0,3,15,0,18,0,0,42,2,44,0,3,57,2,62,49,0,49,111
07/19/2020,ILG,DE,AEA,EN,Towers with Radar,0,4,19,0,23,0,0,35,0,35,0,4,54,0,58,24,0,24,82
07/20/2020,ILG,DE,AEA,EN,Towers with Radar,0,4,23,3,30,0,0,26,1,27,0,4,49,4,57,8,0,8,65
07/21/2020,ILG,DE,AEA,EN,Towers with Radar,0,7,26,6,39,0,1,23,9,33,0,8,49,15,72,19,0,19,91
07/22/2020,ILG,DE,AEA,EN,Towers with Radar,0,2,21,2,25,0,0,23,2,25,0,2,44,4,50,44,0,44,94
07/23/2020,ILG,DE,AEA,EN,Towers with Radar,0,8,32,8,48,0,1,21,26,48,0,9,53,34,96,51,26,77,173
07/24/2020,ILG,DE,AEA,EN,Towers with Radar,0,3,20,0,23,0,0,7,1,8,0,3,27,1,31,4,0,4,35
07/25/2020,ILG,DE,AEA,EN,Towers with Radar,0,3,5,3,11,0,0,26,8,34,0,3,31,11,45,39,0,39,84
07/26/2020,ILG,DE,AEA,EN,Towers with Radar,0,4,9,0,13,0,5,20,6,31,0,9,29,6,44,30,2,32,76
07/27/2020,ILG,DE,AEA,EN,Towers with Radar,0,3,18,0,21,0,0,29,1,30,0,3,47,1,51,31,0,31,82
07/28/2020,ILG,DE,AEA,EN,Towers with Radar,0,7,21,9,37,0,0,34,19,53,0,7,55,28,90,43,18,61,151
07/29/2020,ILG,DE,AEA,EN,Towers with Radar,0,10,22,4,36,0,0,53,13,66,0,10,75,17,102,53,12,65,167
07/30/2020,ILG,DE,AEA,EN,Towers with Radar,0,11,23,8,42,0,1,31,18,50,0,12,54,26,92,19,34,53,145
07/31/2020,ILG,DE,AEA,EN,Towers with Radar,0,4,20,0,24,0,0,3,0,3,0,4,23,0,27,0,0,0,27
08/01/2020,ILG,DE,AEA,EN,Towers with Radar,0,1,23,0,24,0,0,52,2,54,0,1,75,2,78,42,0,42,120
08/02/2020,ILG,DE,AEA,EN,Towers with Radar,0,2,11,0,13,0,0,5,0,5,0,2,16,0,18,10,0,10,28
08/03/2020,ILG,DE,AEA,EN,Towers with Radar,0,3,25,5,33,0,0,20,0,20,0,3,45,5,53,42,0,42,95
08/04/2020,ILG,DE,AEA,EN,Towers with Radar,0,1,5,0,6,0,1,4,0,5,0,2,9,0,11,0,0,0,11
08/05/2020,ILG,DE,AEA,EN,Towers with Radar,0,2,32,7,41,0,0,44,7,51,0,2,76,14,92,41,0,41,133
08/06/2020,ILG,DE,AEA,EN,Towers with Radar,0,6,18,10,34,0,0,8,7,15,0,6,26,17,49,10,25,35,84
08/07/2020,ILG,DE,AEA,EN,Towers with Radar,0,5,17,3,25,0,0,10,0,10,0,5,27,3,35,22,0,22,57
08/08/2020,ILG,DE,AEA,EN,Towers with Radar,0,5,31,3,39,0,0,24,2,26,0,5,55,5,65,19,7,26,91
08/09/2020,ILG,DE,AEA,EN,Towers with Radar,0,7,28,0,35,0,0,24,2,26,0,7,52,2,61,46,4,50,111
08/10/2020,ILG,DE,AEA,EN,Towers with Radar,0,5,16,2,23,0,0,11,0,11,0,5,27,2,34,12,0,12,46
08/11/2020,ILG,DE,AEA,EN,Towers with Radar,0,14,31,8,53,0,4,34,23,61,0,18,65,31,114,13,32,45,159
08/12/2020,ILG,DE,AEA,EN,Towers with Radar,0,6,17,2,25,0,0,17,9,26,0,6,34,11,51,8,24,32,83
08/13/2020,ILG,DE,AEA,EN,Towers with Radar,0,8,13,9,30,0,0,8,18,26,0,8,21,27,56,8,44,52,108
08/14/2020,ILG,DE,AEA,EN,Towers with Radar,0,11,29,4,44,0,0,9,1,10,0,11,38,5,54,19,0,19,73
08/15/2020,ILG,DE,AEA,EN,Towers with Radar,0,7,23,0,30,0,0,29,3,32,0,7,52,3,62,40,0,40,102
08/16/2020,ILG,DE,AEA,EN,Towers with Radar,0,7,15,0,22,0,0,1,0,1,0,7,16,0,23,0,0,0,23
08/17/2020,ILG,DE,AEA,EN,Towers with Radar,0,6,25,0,31,0,0,33,0,33,0,6,58,0,64,52,0,52,116
08/18/2020,ILG,DE,AEA,EN,Towers with Radar,0,8,19,7,34,0,0,65,25,90,0,8,84,32,124,53,32,85,209
08/19/2020,ILG,DE,AEA,EN,Towers with Radar,0,8,26,5,39,0,3,17,18,38,0,11,43,23,77,36,24,60,137
08/20/2020,ILG,DE,AEA,EN,Towers with Radar,0,6,37,9,52,0,0,46,19,65,0,6,83,28,117,44,19,63,180
08/21/2020,ILG,DE,AEA,EN,Towers with Radar,0,10,39,3,52,0,3,37,5,45,0,13,76,8,97,8,0,8,105
08/22/2020,ILG,DE,AEA,EN,Towers with Radar,0,14,11,0,25,0,0,20,8,28,0,14,31,8,53,25,12,37,90
08/23/2020,ILG,DE,AEA,EN,Towers with Radar,0,5,30,0,35,0,0,4,0,4,0,5,34,0,39,4,0,4,43
08/24/2020,ILG,DE,AEA,EN,Towers with Radar,0,4,12,0,16,0,3,25,2,30,0,7,37,2,46,57,0,57,103
08/25/2020,ILG,DE,AEA,EN,Towers with Radar,0,9,22,8,39,0,0,24,7,31,0,9,46,15,70,49,6,55,125
08/26/2020,ILG,DE,AEA,EN,Towers with Radar,0,7,32,4,43,0,0,51,12,63,0,7,83,16,106,58,20,78,184
08/27/2020,ILG,DE,AEA,EN,Towers with Radar,0,6,23,2,31,0,2,38,4,44,0,8,61,6,75,14,0,14,89
08/28/2020,ILG,DE,AEA,EN,Towers with Radar,0,5,22,2,29,0,0,27,1,28,0,5,49,3,57,46,0,46,103
08/29/2020,ILG,DE,AEA,EN,Towers with Radar,0,3,8,0,11,0,0,0,0,0,0,3,8,0,11,0,0,0,11
08/30/2020,ILG,DE,AEA,EN,Towers with Radar,0,11,19,1,31,0,2,32,0,34,0,13,51,1,65,53,0,53,118
08/31/2020,ILG,DE,AEA,EN,Towers with Radar,0,13,21,0,34,0,2,22,0,24,0,15,43,0,58,81,0,81,139
09/01/2020,ILG,DE,AEA,EN,Towers with Radar,0,8,31,9,48,0,0,17,4,21,0,8,48,13,69,38,12,50,119
09/02/2020,ILG,DE,AEA,EN,Towers with Radar,0,14,22,8,44,0,0,10,7,17,0,14,32,15,61,17,35,52,113
09/03/2020,ILG,DE,AEA,EN,Towers with Radar,0,10,24,1,35,0,2,39,2,43,0,12,63,3,78,61,8,69,147
09/04/2020,ILG,DE,AEA,EN,Towers with Radar,0,3,27,0,30,0,0,55,0,55,0,3,82,0,85,42,0,42,127
09/05/2020,ILG,DE,AEA,EN,Towers with Radar,0,9,15,0,24,0,4,36,0,40,0,13,51,0,64,4,0,4,68
09/06/2020,ILG,DE,AEA,EN,Towers with Radar,0,5,11,0,16,0,1,39,1,41,0,6,50,1,57,14,0,14,71
09/07/2020,ILG,DE,AEA,EN,Towers with Radar,0,7,16,0,23,0,3,32,0,35,0,10,48,0,58,10,0,10,68
09/08/2020,ILG,DE,AEA,EN,Towers with Radar,0,9,37,4,50,0,0,36,10,46,0,9,73,14,96,29,18,47,143
09/09/2020,ILG,DE,AEA,EN,Towers with Radar,0,9,23,11,43,0,0,8,7,15,0,9,31,18,58,12,21,33,91
09/10/2020,ILG,DE,AEA,EN,Towers with Radar,1,4,16,5,26,0,0,0,0,0,1,4,16,5,26,0,0,0,26
09/11/2020,ILG,DE,AEA,EN,Towers with Radar,2,8,34,2,46,0,0,22,6,28,2,8,56,8,74,0,4,4,78
09/12/2020,ILG,DE,AEA,EN,Towers with Radar,0,7,16,2,25,0,0,35,19,54,0,7,51,21,79,25,25,50,129
09/13/2020,ILG,DE,AEA,EN,Towers with Radar,1,4,15,1,21,0,0,24,5,29,1,4,39,6,50,37,0,37,87
09/14/2020,ILG,DE,AEA,EN,Towers with Radar,0,8,22,0,30,0,0,24,2,26,0,8,46,2,56,27,0,27,83
09/15/2020,ILG,DE,AEA,EN,Towers with Radar,0,17,32,12,61,0,3,29,9,41,0,20,61,21,102,2,11,13,115
09/16/2020,ILG,DE,AEA,EN,Towers with Radar,0,9,28,4,41,0,1,40,12,53,0,10,68,16,94,100,4,104,198
09/17/2020,ILG,DE,AEA,EN,Towers with Radar,0,2,27,4,33,0,0,47,7,54,0,2,74,11,87,60,0,60,147
09/18/2020,ILG,DE,AEA,EN,Towers with Radar,0,9,23,3,35,0,1,21,3,25,0,10,44,6,60,2,2,4,64
09/19/2020,ILG,DE,AEA,EN,Towers with Radar,0,6,8,0,14,0,3,41,2,46,0,9,49,2,60,46,0,46,106
09/20/2020,ILG,DE,AEA,EN,Towers with Radar,0,8,17,0,25,0,2,34,0,36,0,10,51,0,61,6,0,6,67
09/21/2020,ILG,DE,AEA,EN,Towers with Radar,0,8,28,0,36,0,3,26,0,29,0,11,54,0,65,21,0,21,86
09/22/2020,ILG,DE,AEA,EN,Towers with Radar,1,8,30,4,43,0,1,52,16,69,1,9,82,20,112,33,6,39,151
09/23/2020,ILG,DE,AEA,EN,Towers with Radar,3,13,25,5,46,0,0,77,8,85,3,13,102,13,131,75,16,91,222
09/24/2020,ILG,DE,AEA,EN,Towers with Radar,0,20,27,6,53,0,3,43,6,52,0,23,70,12,105,83,4,87,192
09/25/2020,ILG,DE,AEA,EN,Towers with Radar,0,7,34,2,43,0,3,18,0,21,0,10,52,2,64,12,0,12,76
09/26/2020,ILG,DE,AEA,EN,Towers with Radar,0,7,24,0,31,0,0,0,0,0,0,7,24,0,31,0,0,0,31
09/27/2020,ILG,DE,AEA,EN,Towers with Radar,0,3,38,0,41,0,0,1,0,1,0,3,39,0,42,2,0,2,44
09/28/2020,ILG,DE,AEA,EN,Towers with Radar,1,7,39,0,47,0,3,15,0,18,1,10,54,0,65,0,0,0,65
09/29/2020,ILG,DE,AEA,EN,Towers with Radar,1,10,23,3,37,0,0,0,1,1,1,10,23,4,38,0,0,0,38
09/30/2020,ILG,DE,AEA,EN,Towers with Radar,1,14,20,1,36,0,0,41,5,46,1,14,61,6,82,25,83,108,190
10/01/2020,ILG,DE,AEA,EN,Towers with Radar,0,11,26,3,40,0,4,47,3,54,0,15,73,6,94,19,24,43,137
10/02/2020,ILG,DE,AEA,EN,Towers with Radar,2,5,26,0,33,0,1,17,0,18,2,6,43,0,51,4,0,4,55
10/03/2020,ILG,DE,AEA,EN,Towers with Radar,1,7,23,0,31,0,2,36,0,38,1,9,59,0,69,43,0,43,112
10/04/2020,ILG,DE,AEA,EN,Towers with Radar,1,10,15,0,26,0,2,43,0,45,1,12,58,0,71,21,0,21,92
10/05/2020,ILG,DE,AEA,EN,Towers with Radar,1,12,18,1,32,0,1,24,1,26,1,13,42,2,58,8,0,8,66
10/06/2020,ILG,DE,AEA,EN,Towers with Radar,2,16,24,3,45,0,3,51,12,66,2,19,75,15,111,50,58,108,219
10/07/2020,ILG,DE,AEA,EN,Towers with Radar,1,5,20,6,32,0,3,25,10,38,1,8,45,16,70,14,10,24,94
10/08/2020,ILG,DE,AEA,EN,Towers with Radar,1,10,39,5,55,0,0,27,24,51,1,10,66,29,106,66,29,95,201
10/09/2020,ILG,DE,AEA,EN,Towers with Radar,0,12,33,0,45,0,2,54,0,56,0,14,87,0,101,18,0,18,119
10/10/2020,ILG,DE,AEA,EN,Towers with Radar,0,7,21,0,28,0,0,64,0,64,0,7,85,0,92,24,0,24,116
10/11/2020,ILG,DE,AEA,EN,Towers with Radar,0,12,27,0,39,0,1,5,0,6,0,13,32,0,45,26,0,26,71
10/12/2020,ILG,DE,AEA,EN,Towers with Radar,0,9,21,0,30,0,0,0,0,0,0,9,21,0,30,0,0,0,30
10/13/2020,ILG,DE,AEA,EN,Towers with Radar,0,8,29,13,50,0,0,8,7,15,0,8,37,20,65,12,16,28,93
10/14/2020,ILG,DE,AEA,EN,Towers with Radar,0,10,25,5,40,0,0,64,5,69,0,10,89,10,109,54,19,73,182
10/15/2020,ILG,DE,AEA,EN,Towers with Radar,0,12,30,9,51,0,2,21,6,29,0,14,51,15,80,0,8,8,88
10/16/2020,ILG,DE,AEA,EN,Towers with Radar,0,17,30,3,50,0,0,1,0,1,0,17,31,3,51,0,0,0,51
10/17/2020,ILG,DE,AEA,EN,Towers with Radar,0,4,17,0,21,0,5,37,6,48,0,9,54,6,69,37,0,37,106
10/18/2020,ILG,DE,AEA,EN,Towers with Radar,0,15,28,2,45,0,7,40,4,51,0,22,68,6,96,28,4,32,128
10/19/2020,ILG,DE,AEA,EN,Towers with Radar,0,10,25,0,35,0,4,9,0,13,0,14,34,0,48,27,0,27,75
10/20/2020,ILG,DE,AEA,EN,Towers with Radar,0,16,25,10,51,0,1,11,11,23,0,17,36,21,74,30,26,56,130
10/21/2020,ILG,DE,AEA,EN,Towers with Radar,0,12,29,8,49,0,0,9,16,25,0,12,38,24,74,10,39,49,123
10/22/2020,ILG,DE,AEA,EN,Towers with Radar,0,12,24,5,41,0,0,20,16,36,0,12,44,21,77,32,10,42,119
10/23/2020,ILG,DE,AEA,EN,Towers with Radar,0,5,38,0,43,0,0,1,0,1,0,5,39,0,44,6,0,6,50
10/24/2020,ILG,DE,AEA,EN,Towers with Radar,1,8,25,0,34,0,1,16,0,17,1,9,41,0,51,44,0,44,95
10/25/2020,ILG,DE,AEA,EN,Towers with Radar,0,5,15,0,20,0,2,7,0,9,0,7,22,0,29,44,0,44,73
10/26/2020,ILG,DE,AEA,EN,Towers with Radar,0,11,20,2,33,0,0,0,0,0,0,11,20,2,33,0,0,0,33
10/27/2020,ILG,DE,AEA,EN,Towers with Radar,0,25,77,2,104,0,3,43,17,63,0,28,120,19,167,60,12,72,239
10/28/2020,ILG,DE,AEA,EN,Towers with Radar,0,10,30,12,52,0,0,14,9,23,0,10,44,21,75,16,6,22,97
10/29/2020,ILG,DE,AEA,EN,Towers with Radar,0,10,18,0,28,0,0,0,0,0,0,10,18,0,28,0,0,0,28
10/30/2020,ILG,DE,AEA,EN,Towers with Radar,0,9,20,0,29,0,0,12,0,12,0,9,32,0,41,6,0,6,47
10/31/2020,ILG,DE,AEA,EN,Towers with Radar,0,25,37,0,62,0,2,82,0,84,0,27,119,0,146,95,0,95,241
11/01/2020,ILG,DE,AEA,EN,Towers with Radar,0,5,23,0,28,0,0,2,0,2,0,5,25,0,30,20,0,20,50
11/02/2020,ILG,DE,AEA,EN,Towers with Radar,0,13,24,0,37,0,1,6,0,7,0,14,30,0,44,0,0,0,44
11/03/2020,ILG,DE,AEA,EN,Towers with Radar,0,13,21,1,35,0,0,18,11,29,0,13,39,12,64,14,10,24,88
11/04/2020,ILG,DE,AEA,EN,Towers with Radar,1,19,22,2,44,0,2,54,13,69,1,21,76,15,113,25,0,25,138
11/05/2020,ILG,DE,AEA,EN,Towers with Radar,0,8,31,5,44,0,2,27,0,29,0,10,58,5,73,23,0,23,96
11/06/2020,ILG,DE,AEA,EN,Towers with Radar,0,5,18,0,23,0,2,31,6,39,0,7,49,6,62,4,6,10,72
11/07/2020,ILG,DE,AEA,EN,Towers with Radar,0,13,24,2,39,0,2,54,6,62,0,15,78,8,101,29,0,29,130
11/08/2020,ILG,DE,AEA,EN,Towers with Radar,0,13,28,0,41,0,1,51,9,61,0,14,79,9,102,32,0,32,134
11/09/2020,ILG,DE,AEA,EN,Towers with Radar,0,7,21,14,42,0,0,44,2,46,0,7,65,16,88,12,16,28,116
11/10/2020,ILG,DE,AEA,EN,Towers with Radar,0,12,43,2,57,0,5,55,9,69,0,17,98,11,126,27,10,37,163
11/11/2020,ILG,DE,AEA,EN,Towers with Radar,0,3,25,1,29,0,0,0,1,1,0,3,25,2,30,0,0,0,30
11/12/2020,ILG,DE,AEA,EN,Towers with Radar,0,8,17,4,29,0,0,2,0,2,0,8,19,4,31,4,0,4,35
11/13/2020,ILG,DE,AEA,EN,Towers with Radar,0,5,25,1,31,0,0,10,0,10,0,5,35,1,41,16,0,16,57
11/14/2020,ILG,DE,AEA,EN,Towers with Radar,0,8,17,3,28,0,2,64,3,69,0,10,81,6,97,49,0,49,146
11/15/2020,ILG,DE,AEA,EN,Towers with Radar,0,3,15,0,18,0,1,12,2,15,0,4,27,2,33,16,0,16,49
11/16/2020,ILG,DE,AEA,EN,Towers with Radar,0,6,29,2,37,0,1,20,2,23,0,7,49,4,60,12,8,20,80
11/17/2020,ILG,DE,AEA,EN,Towers with Radar,0,6,10,0,16,0,0,15,4,19,0,6,25,4,35,8,0,8,43
11/18/2020,ILG,DE,AEA,EN,Towers with Radar,0,10,30,0,40,0,2,23,8,33,0,12,53,8,73,12,0,12,85
11/19/2020,ILG,DE,AEA,EN,Towers with Radar,0,9,22,0,31,0,6,31,1,38,0,15,53,1,69,48,0,48,117
11/20/2020,ILG,DE,AEA,EN,Towers with Radar,0,10,33,0,43,0,5,55,2,62,0,15,88,2,105,56,0,56,161
11/21/2020,ILG,DE,AEA,EN,Towers with Radar,0,9,24,0,33,0,7,56,1,64,0,16,80,1,97,70,0,70,167
11/22/2020,ILG,DE,AEA,EN,Towers with Radar,0,17,21,0,38,0,2,26,0,28,0,19,47,0,66,79,0,79,145
11/23/2020,ILG,DE,AEA,EN,Towers with Radar,0,11,27,8,46,0,0,16,13,29,0,11,43,21,75,18,10,28,103
11/24/2020,ILG,DE,AEA,EN,Towers with Radar,0,7,24,0,31,0,0,47,15,62,0,7,71,15,93,36,40,76,169
11/25/2020,ILG,DE,AEA,EN,Towers with Radar,0,6,32,0,38,0,1,34,0,35,0,7,66,0,73,39,0,39,112
11/26/2020,ILG,DE,AEA,EN,Towers with Radar,0,2,9,0,11,0,0,5,0,5,0,2,14,0,16,0,0,0,16
11/27/2020,ILG,DE,AEA,EN,Towers with Radar,0,7,23,0,30,0,3,56,1,60,0,10,79,1,90,16,0,16,106
11/28/2020,ILG,DE,AEA,EN,Towers with Radar,0,2,15,0,17,0,0,46,0,46,0,2,61,0,63,18,0,18,81
11/29/2020,ILG,DE,AEA,EN,Towers with Radar,0,6,35,0,41,0,2,66,0,68,0,8,101,0,109,18,0,18,127
11/30/2020,ILG,DE,AEA,EN,Towers with Radar,0,6,16,3,25,0,0,0,2,2,0,6,16,5,27,0,0,0,27
12/01/2020,ILG,DE,AEA,EN,Towers with Radar,0,6,16,3,25,0,0,15,10,25,0,6,31,13,50,16,52,68,118
12/02/2020,ILG,DE,AEA,EN,Towers with Radar,0,9,21,0,30,0,3,36,12,51,0,12,57,12,81,11,24,35,116
12/03/2020,ILG,DE,AEA,EN,Towers with Radar,0,5,26,2,33,0,1,43,2,46,0,6,69,4,79,29,15,44,123
12/04/2020,ILG,DE,AEA,EN,Towers with Radar,0,5,15,2,22,0,0,6,2,8,0,5,21,4,30,34,4,38,68
12/05/2020,ILG,DE,AEA,EN,Towers with Radar,0,5,3,0,8,0,0,6,0,6,0,5,9,0,14,9,0,9,23
12/06/2020,ILG,DE,AEA,EN,Towers with Radar,0,9,18,0,27,0,0,45,0,45,0,9,63,0,72,35,0,35,107
12/07/2020,ILG,DE,AEA,EN,Towers with Radar,0,3,24,3,30,0,0,57,13,70,0,3,81,16,100,52,22,74,174
12/08/2020,ILG,DE,AEA,EN,Towers with Radar,0,6,37,4,47,0,0,28,18,46,0,6,65,22,93,32,26,58,151
12/09/2020,ILG,DE,AEA,EN,Towers with Radar,0,5,18,5,28,0,0,32,11,43,0,5,50,16,71,46,18,64,135
12/10/2020,ILG,DE,AEA,EN,Towers with Radar,0,5,26,2,33,0,2,64,15,81,0,7,90,17,114,22,24,46,160
12/11/2020,ILG,DE,AEA,EN,Towers with Radar,0,10,30,1,41,0,4,54,8,66,0,14,84,9,107,78,11,89,196
12/12/2020,ILG,DE,AEA,EN,Towers with Radar,0,7,13,0,20,0,0,23,0,23,0,7,36,0,43,8,0,8,51
12/13/2020,ILG,DE,AEA,EN,Towers with Radar,1,4,16,0,21,0,3,63,2,68,1,7,79,2,89,34,0,34,123
12/14/2020,ILG,DE,AEA,EN,Towers with Radar,0,9,15,2,26,0,0,6,0,6,0,9,21,2,32,8,0,8,40
12/15/2020,ILG,DE,AEA,EN,Towers with Radar,3,12,36,4,55,0,6,46,9,61,3,18,82,13,116,40,0,40,156
12/16/2020,ILG,DE,AEA,EN,Towers with Radar,0,2,9,0,11,0,1,10,0,11,0,3,19,0,22,8,0,8,30
12/17/2020,ILG,DE,AEA,EN,Towers with Radar,0,2,15,0,17,0,1,11,0,12,0,3,26,0,29,14,0,14,43
12/18/2020,ILG,DE,AEA,EN,Towers with Radar,0,8,32,0,40,0,1,35,0,36,0,9,67,0,76,16,0,16,92
12/19/2020,ILG,DE,AEA,EN,Towers with Radar,0,9,21,0,30,0,0,44,0,44,0,9,65,0,74,46,0,46,120
12/20/2020,ILG,DE,AEA,EN,Towers with Radar,0,22,26,0,48,0,0,4,0,4,0,22,30,0,52,23,0,23,75
12/21/2020,ILG,DE,AEA,EN,Towers with Radar,0,15,12,0,27,0,0,0,0,0,0,15,12,0,27,0,0,0,27
12/22/2020,ILG,DE,AEA,EN,Towers with Radar,0,11,27,3,41,0,1,26,1,28,0,12,53,4,69,16,4,20,89
12/23/2020,ILG,DE,AEA,EN,Towers with Radar,0,10,31,0,41,0,1,88,0,89,0,11,119,0,130,27,0,27,157
12/24/2020,ILG,DE,AEA,EN,Towers with Radar,0,16,7,0,23,0,1,3,0,4,0,17,10,0,27,0,0,0,27
12/25/2020,ILG,DE,AEA,EN,Towers with Radar,0,5,8,0,13,0,0,4,0,4,0,5,12,0,17,0,0,0,17
12/26/2020,ILG,DE,AEA,EN,Towers with Radar,0,16,11,0,27,0,0,24,0,24,0,16,35,0,51,57,0,57,108
12/27/2020,ILG,DE,AEA,EN,Towers with Radar,0,15,29,0,44,0,3,65,0,68,0,18,94,0,112,23,0,23,135
12/28/2020,ILG,DE,AEA,EN,Towers with Radar,0,17,11,0,28,0,0,35,0,35,0,17,46,0,63,75,0,75,138
12/29/2020,ILG,DE,AEA,EN,Towers with Radar,0,12,22,2,36,0,0,38,0,38,0,12,60,2,74,8,0,8,82
12/30/2020,ILG,DE,AEA,EN,Towers with Radar,0,3,22,0,25,0,0,76,3,79,0,3,98,3,104,42,0,42,146
12/31/2020,ILG,DE,AEA,EN,Towers with Radar,0,7,12,0,19,0,0,16,0,16,0,7,28,0,35,6,0,6,41
01/01/2021,ILG,DE,AEA,EN,Towers with Radar,0,4,9,0,13,0,1,12,0,13,0,5,21,0,26,4,0,4,30
01/02/2021,ILG,DE,AEA,EN,Towers with Radar,0,9,27,0,36,0,0,43,0,43,0,9,70,0,79,10,0,10,89
01/03/2021,ILG,DE,AEA,EN,Towers with Radar,0,15,26,0,41,0,0,0,0,0,0,15,26,0,41,0,0,0,41
01/04/2021,ILG,DE,AEA,EN,Towers with Radar,0,16,18,0,34,0,1,8,0,9,0,17,26,0,43,18,0,18,61
01/05/2021,ILG,DE,AEA,EN,Towers with Radar,0,12,12,0,24,0,2,16,0,18,0,14,28,0,42,24,0,24,66
01/06/2021,ILG,DE,AEA,EN,Towers with Radar,0,4,14,4,22,0,0,18,0,18,0,4,32,4,40,20,0,20,60
01/07/2021,ILG,DE,AEA,EN,Towers with Radar,0,11,32,2,45,0,0,48,16,64,0,11,80,18,109,74,41,115,224
01/08/2021,ILG,DE,AEA,EN,Towers with Radar,0,7,18,0,25,0,0,45,4,49,0,7,63,4,74,83,0,83,157
01/09/2021,ILG,DE,AEA,EN,Towers with Radar,0,3,13,0,16,0,3,48,0,51,0,6,61,0,67,39,0,39,106
01/10/2021,ILG,DE,AEA,EN,Towers with Radar,0,12,43,0,55,0,1,79,0,80,0,13,122,0,135,76,0,76,211
01/11/2021,ILG,DE,AEA,EN,Towers with Radar,0,8,26,0,34,0,0,31,2,33,0,8,57,2,67,43,0,43,110
01/12/2021,ILG,DE,AEA,EN,Towers with Radar,0,7,15,4,26,0,0,46,12,58,0,7,61,16,84,82,19,101,185
01/13/2021,ILG,DE,AEA,EN,Towers with Radar,0,6,19,4,29,0,0,47,9,56,0,6,66,13,85,70,0,70,155
01/14/2021,ILG,DE,AEA,EN,Towers with Radar,0,5,36,2,43,0,0,50,13,63,0,5,86,15,106,78,40,118,224
01/15/2021,ILG,DE,AEA,EN,Towers with Radar,0,4,19,0,23,0,0,14,3,17,0,4,33,3,40,38,0,38,78
01/16/2021,ILG,DE,AEA,EN,Towers with Radar,0,5,13,0,18,0,0,35,0,35,0,5,48,0,53,68,0,68,121
01/17/2021,ILG,DE,AEA,EN,Towers with Radar,3,3,11,8,25,0,0,24,0,24,3,3,35,8,49,6,0,6,55
01/18/2021,ILG,DE,AEA,EN,Towers with Radar,1,8,26,0,35,0,2,31,0,33,1,10,57,0,68,31,0,31,99
01/19/2021,ILG,DE,AEA,EN,Towers with Radar,6,10,23,0,39,0,2,19,10,31,6,12,42,10,70,0,0,0,70
01/20/2021,ILG,DE,AEA,EN,Towers with Radar,2,10,9,5,26,0,2,18,8,28,2,12,27,13,54,13,6,19,73
01/21/2021,ILG,DE,AEA,EN,Towers with Radar,2,2,18,2,24,0,2,38,10,50,2,4,56,12,74,86,40,126,200
01/22/2021,ILG,DE,AEA,EN,Towers with Radar,0,7,26,1,34,0,1,40,1,42,0,8,66,2,76,9,0,9,85
01/23/2021,ILG,DE,AEA,EN,Towers with Radar,0,2,12,0,14,0,0,8,0,8,0,2,20,0,22,0,0,0,22
01/24/2021,ILG,DE,AEA,EN,Towers with Radar,0,13,19,4,36,0,0,59,0,59,0,13,78,4,95,37,0,37,132
01/25/2021,ILG,DE,AEA,EN,Towers with Radar,0,4,19,2,25,0,0,43,4,47,0,4,62,6,72,50,0,50,122
01/26/2021,ILG,DE,AEA,EN,Towers with Radar,0,7,8,0,15,0,0,0,0,0,0,7,8,0,15,0,0,0,15
01/27/2021,ILG,DE,AEA,EN,Towers with Radar,0,13,24,8,45,0,2,37,15,54,0,15,61,23,99,20,26,46,145
01/28/2021,ILG,DE,AEA,EN,Towers with Radar,0,4,20,3,27,0,1,17,16,34,0,5,37,19,61,0,4,4,65
01/29/2021,ILG,DE,AEA,EN,Towers with Radar,0,9,15,0,24,0,0,0,3,3,0,9,15,3,27,0,29,29,56
01/30/2021,ILG,DE,AEA,EN,Towers with Radar,0,5,16,0,21,0,1,83,0,84,0,6,99,0,105,55,6,61,166
01/31/2021,ILG,DE,AEA,EN,Towers with Radar,0,9,22,0,31,0,0,4,0,4,0,9,26,0,35,26,0,26,61
02/01/2021,ILG,DE,AEA,EN,Towers with Radar,0,4,2,0,6,0,0,0,0,0,0,4,2,0,6,0,0,0,6
02/02/2021,ILG,DE,AEA,EN,Towers with Radar,0,4,7,0,11,0,1,0,0,1,0,5,7,0,12,0,0,0,12
02/03/2021,ILG,DE,AEA,EN,Towers with Radar,0,13,13,2,28,0,2,11,16,29,0,15,24,18,57,6,10,16,73
02/04/2021,ILG,DE,AEA,EN,Towers with Radar,0,3,22,5,30,0,9,55,16,80,0,12,77,21,110,38,0,38,148
02/05/2021,ILG,DE,AEA,EN,Towers with Radar,0,2,13,3,18,0,1,21,2,24,0,3,34,5,42,29,0,29,71
02/06/2021,ILG,DE,AEA,EN,Towers with Radar,0,1,3,1,5,0,0,0,2,2,0,1,3,3,7,0,0,0,7
02/07/2021,ILG,DE,AEA,EN,Towers with Radar,0,1,0,0,1,0,0,0,0,0,0,1,0,0,1,0,0,0,1
02/08/2021,ILG,DE,AEA,EN,Towers with Radar,0,7,21,1,29,0,2,23,10,35,0,9,44,11,64,23,0,23,87
02/09/2021,ILG,DE,AEA,EN,Towers with Radar,0,10,13,5,28,0,2,15,2,19,0,12,28,7,47,0,39,39,86
02/10/2021,ILG,DE,AEA,EN,Towers with Radar,0,2,25,1,28,0,0,51,13,64,0,2,76,14,92,52,25,77,169
02/11/2021,ILG,DE,AEA,EN,Towers with Radar,2,15,25,2,44,0,0,4,3,7,2,15,29,5,51,41,26,67,118
02/12/2021,ILG,DE,AEA,EN,Towers with Radar,0,3,18,3,24,0,1,30,4,35,0,4,48,7,59,33,7,40,99
02/13/2021,ILG,DE,AEA,EN,Towers with Radar,0,1,8,0,9,0,1,10,0,11,0,2,18,0,20,4,0,4,24
02/14/2021,ILG,DE,AEA,EN,Towers with Radar,2,3,22,1,28,0,1,4,0,5,2,4,26,1,33,0,0,0,33
02/15/2021,ILG,DE,AEA,EN,Towers with Radar,0,8,17,0,25,0,2,2,0,4,0,10,19,0,29,0,0,0,29
02/16/2021,ILG,DE,AEA,EN,Towers with Radar,2,6,11,0,19,0,1,12,22,35,2,7,23,22,54,12,18,30,84
02/17/2021,ILG,DE,AEA,EN,Towers with Radar,0,13,31,3,47,0,3,74,12,89,0,16,105,15,136,122,30,152,288
02/18/2021,ILG,DE,AEA,EN,Towers with Radar,3,5,4,0,12,0,0,0,0,0,3,5,4,0,12,0,0,0,12
02/19/2021,ILG,DE,AEA,EN,Towers with Radar,0,10,14,0,24,0,0,0,0,0,0,10,14,0,24,0,0,0,24
02/20/2021,ILG,DE,AEA,EN,Towers with Radar,0,8,39,0,47,0,0,25,0,25,0,8,64,0,72,22,0,22,94
02/21/2021,ILG,DE,AEA,EN,Towers with Radar,4,16,53,0,73,0,0,57,0,57,4,16,110,0,130,73,0,73,203
02/22/2021,ILG,DE,AEA,EN,Towers with Radar,0,0,22,0,22,0,1,0,0,1,0,1,22,0,23,0,0,0,23
02/23/2021,ILG,DE,AEA,EN,Towers with Radar,2,7,18,0,27,0,0,20,12,32,2,7,38,12,59,85,0,85,144
02/24/2021,ILG,DE,AEA,EN,Towers with Radar,0,9,14,5,28,0,0,53,9,62,0,9,67,14,90,60,4,64,154
02/25/2021,ILG,DE,AEA,EN,Towers with Radar,2,8,31,4,45,0,0,55,23,78,2,8,86,27,123,18,14,32,155
02/26/2021,ILG,DE,AEA,EN,Towers with Radar,0,10,21,7,38,0,0,57,7,64,0,10,78,14,102,77,2,79,181
02/27/2021,ILG,DE,AEA,EN,Towers with Radar,0,3,10,3,16,0,2,2,1,5,0,5,12,4,21,0,0,0,21
02/28/2021,ILG,DE,AEA,EN,Towers with Radar,2,2,5,0,9,0,0,0,0,0,2,2,5,0,9,0,0,0,9
03/01/2021,ILG,DE,AEA,EN,Towers with Radar,0,8,12,5,25,0,0,3,6,9,0,8,15,11,34,0,8,8,42
03/02/2021,ILG,DE,AEA,EN,Towers with Radar,2,5,18,8,33,0,0,26,15,41,2,5,44,23,74,44,56,100,174
03/03/2021,ILG,DE,AEA,EN,Towers with Radar,0,7,16,1,24,0,0,93,14,107,0,7,109,15,131,86,10,96,227
03/04/2021,ILG,DE,AEA,EN,Towers with Radar,2,14,24,6,46,0,1,35,10,46,2,15,59,16,92,48,0,48,140
03/05/2021,ILG,DE,AEA,EN,Towers with Radar,0,6,19,2,27,0,1,16,15,32,0,7,35,17,59,2,6,8,67
03/06/2021,ILG,DE,AEA,EN,Towers with Radar,0,8,11,5,24,0,1,19,9,29,0,9,30,14,53,18,6,24,77
03/07/2021,ILG,DE,AEA,EN,Towers with Radar,2,4,25,2,33,0,0,67,13,80,2,4,92,15,113,50,2,52,165
03/08/2021,ILG,DE,AEA,EN,Towers with Radar,0,3,17,0,20,0,1,48,0,49,0,4,65,0,69,82,0,82,151
03/09/2021,ILG,DE,AEA,EN,Towers with Radar,2,5,17,3,27,0,2,56,13,71,2,7,73,16,98,45,2,47,145
03/10/2021,ILG,DE,AEA,EN,Towers with Radar,0,7,33,2,42,0,0,71,6,77,0,7,104,8,119,40,0,40,159
03/11/2021,ILG,DE,AEA,EN,Towers with Radar,2,10,22,4,38,0,4,66,30,100,2,14,88,34,138,47,20,67,205
03/12/2021,ILG,DE,AEA,EN,Towers with Radar,0,10,22,1,33,0,0,28,7,35,0,10,50,8,68,24,18,42,110
03/13/2021,ILG,DE,AEA,EN,Towers with Radar,0,3,3,0,6,0,0,2,5,7,0,3,5,5,13,0,0,0,13
03/14/2021,ILG,DE,AEA,EN,Towers with Radar,2,6,7,0,15,0,1,0,8,9,2,7,7,8,24,0,0,0,24
03/15/2021,ILG,DE,AEA,EN,Towers with Radar,0,9,15,1,25,0,1,51,11,63,0,10,66,12,88,22,0,22,110
03/16/2021,ILG,DE,AEA,EN,Towers with Radar,2,9,23,1,35,0,6,10,9,25,2,15,33,10,60,18,0,18,78
03/17/2021,ILG,DE,AEA,EN,Towers with Radar,0,14,19,16,49,0,0,1,1,2,0,14,20,17,51,0,0,0,51
03/18/2021,ILG,DE,AEA,EN,Towers with Radar,2,13,11,0,26,0,0,0,0,0,2,13,11,0,26,0,0,0,26
03/19/2021,ILG,DE,AEA,EN,Towers with Radar,0,10,20,1,31,0,0,20,5,25,0,10,40,6,56,0,6,6,62
03/20/2021,ILG,DE,AEA,EN,Towers with Radar,0,8,23,0,31,0,0,89,1,90,0,8,112,1,121,115,0,115,236
03/21/2021,ILG,DE,AEA,EN,Towers with Radar,2,17,23,0,42,0,0,79,0,79,2,17,102,0,121,89,0,89,210
03/22/2021,ILG,DE,AEA,EN,Towers with Radar,0,12,15,1,28,0,0,60,5,65,0,12,75,6,93,46,0,46,139
03/23/2021,ILG,DE,AEA,EN,Towers with Radar,0,9,23,6,38,0,1,41,13,55,0,10,64,19,93,74,3,77,170
03/24/2021,ILG,DE,AEA,EN,Towers with Radar,0,10,30,2,42,0,0,0,0,0,0,10,30,2,42,0,0,0,42
03/25/2021,ILG,DE,AEA,EN,Towers with Radar,2,4,23,23,52,0,1,2,1,4,2,5,25,24,56,0,0,0,56
03/26/2021,ILG,DE,AEA,EN,Towers with Radar,0,6,17,4,27,0,0,13,4,17,0,6,30,8,44,6,0,6,50
03/27/2021,ILG,DE,AEA,EN,Towers with Radar,0,2,2,1,5,0,0,1,0,1,0,2,3,1,6,0,0,0,6
03/28/2021,ILG,DE,AEA,EN,Towers with Radar,2,9,4,4,19,0,0,0,1,1,2,9,4,5,20,0,0,0,20
03/29/2021,ILG,DE,AEA,EN,Towers with Radar,0,13,28,1,42,0,2,24,21,47,0,15,52,22,89,8,13,21,110
03/30/2021,ILG,DE,AEA,EN,Towers with Radar,2,8,23,4,37,0,0,68,17,85,2,8,91,21,122,84,35,119,241
03/31/2021,ILG,DE,AEA,EN,Towers with Radar,0,24,57,0,81,0,0,7,0,7,0,24,64,0,88,2,0,2,90
04/01/2021,ILG,DE,AEA,EN,Towers with Radar,2,20,32,8,62,0,0,12,2,14,2,20,44,10,76,10,4,14,90
04/02/2021,ILG,DE,AEA,EN,Towers with Radar,0,8,26,0,34,0,0,23,0,23,0,8,49,0,57,26,0,26,83
04/03/2021,ILG,DE,AEA,EN,Towers with Radar,0,13,15,0,28,0,0,51,0,51,0,13,66,0,79,65,0,65,144
04/04/2021,ILG,DE,AEA,EN,Towers with Radar,2,19,25,0,46,0,0,41,0,41,2,19,66,0,87,30,0,30,117
04/05/2021,ILG,DE,AEA,EN,Towers with Radar,0,11,20,1,32,0,1,41,4,46,0,12,61,5,78,51,2,53,131
04/06/2021,ILG,DE,AEA,EN,Towers with Radar,2,15,24,3,44,0,2,57,18,77,2,17,81,21,121,52,13,65,186
04/07/2021,ILG,DE,AEA,EN,Towers with Radar,0,7,30,1,38,0,0,67,21,88,0,7,97,22,126,78,8,86,212
04/08/2021,ILG,DE,AEA,EN,Towers with Radar,2,6,15,3,26,0,0,64,3,67,2,6,79,6,93,71,21,92,185
04/09/2021,ILG,DE,AEA,EN,Towers with Radar,0,4,24,1,29,0,0,19,0,19,0,4,43,1,48,32,0,32,80
04/10/2021,ILG,DE,AEA,EN,Towers with Radar,2,11,28,9,50,0,0,17,0,17,2,11,45,9,67,30,0,30,97
04/11/2021,ILG,DE,AEA,EN,Towers with Radar,2,19,10,5,36,0,0,16,0,16,2,19,26,5,52,4,0,4,56
04/12/2021,ILG,DE,AEA,EN,Towers with Radar,0,11,37,4,52,0,0,4,2,6,0,11,41,6,58,0,0,0,58
04/13/2021,ILG,DE,AEA,EN,Towers with Radar,2,8,26,4,40,0,0,44,19,63,2,8,70,23,103,68,15,83,186
04/14/2021,ILG,DE,AEA,EN,Towers with Radar,0,8,31,4,43,0,3,37,3,43,0,11,68,7,86,54,8,62,148
04/15/2021,ILG,DE,AEA,EN,Towers with Radar,2,6,21,4,33,0,2,13,10,25,2,8,34,14,58,2,6,8,66
04/16/2021,ILG,DE,AEA,EN,Towers with Radar,2,9,22,2,35,0,2,32,9,43,2,11,54,11,78,9,6,15,93
04/17/2021,ILG,DE,AEA,EN,Towers with Radar,0,4,3,0,7,0,0,1,0,1,0,4,4,0,8,0,0,0,8
04/18/2021,ILG,DE,AEA,EN,Towers with Radar,2,5,7,2,16,0,2,3,3,8,2,7,10,5,24,0,0,0,24
04/19/2021,ILG,DE,AEA,EN,Towers with Radar,0,18,50,16,84,0,0,40,7,47,0,18,90,23,131,48,0,48,179
04/20/2021,ILG,DE,AEA,EN,Towers with Radar,3,13,34,7,57,0,0,56,11,67,3,13,90,18,124,34,8,42,166
04/21/2021,ILG,DE,AEA,EN,Towers with Radar,0,33,24,1,58,0,0,29,11,40,0,33,53,12,98,30,10,40,138
04/22/2021,ILG,DE,AEA,EN,Towers with Radar,4,33,31,15,83,0,1,14,24,39,4,34,45,39,122,18,34,52,174
04/23/2021,ILG,DE,AEA,EN,Towers with Radar,0,10,23,1,34,0,0,46,1,47,0,10,69,2,81,64,14,78,159
04/24/2021,ILG,DE,AEA,EN,Towers with Radar,0,2,3,1,6,0,0,14,5,19,0,2,17,6,25,2,0,2,27
04/25/2021,ILG,DE,AEA,EN,Towers with Radar,2,9,10,0,21,0,0,5,4,9,2,9,15,4,30,0,0,0,30
04/26/2021,ILG,DE,AEA,EN,Towers with Radar,0,4,24,5,33,0,0,45,6,51,0,4,69,11,84,54,0,54,138
04/27/2021,ILG,DE,AEA,EN,Towers with Radar,2,9,21,3,35,0,3,83,15,101,2,12,104,18,136,144,16,160,296
04/28/2021,ILG,DE,AEA,EN,Towers with Radar,0,10,29,7,46,0,4,65,13,82,0,14,94,20,128,78,20,98,226
04/29/2021,ILG,DE,AEA,EN,Towers with Radar,2,17,26,3,48,0,0,33,18,51,2,17,59,21,99,44,24,68,167
04/30/2021,ILG,DE,AEA,EN,Towers with Radar,2,13,11,1,27,0,2,13,6,21,2,15,24,7,48,2,0,2,50
05/01/2021,ILG,DE,AEA,EN,Towers with Radar,0,3,1,1,5,0,0,3,7,10,0,3,4,8,15,0,0,0,15
05/02/2021,ILG,DE,AEA,EN,Towers with Radar,4,4,22,2,32,0,2,1,11,14,4,6,23,13,46,2,2,4,50
05/03/2021,ILG,DE,AEA,EN,Towers with Radar,0,9,29,6,44,0,0,38,4,42,0,9,67,10,86,10,0,10,96
05/04/2021,ILG,DE,AEA,EN,Towers with Radar,2,3,29,5,39,0,4,40,5,49,2,7,69,10,88,74,2,76,164
05/05/2021,ILG,DE,AEA,EN,Towers with Radar,0,12,25,1,38,0,0,4,8,12,0,12,29,9,50,10,14,24,74
05/06/2021,ILG,DE,AEA,EN,Towers with Radar,4,15,47,2,68,0,5,69,19,93,4,20,116,21,161,53,24,77,238
05/07/2021,ILG,DE,AEA,EN,Towers with Radar,0,8,18,2,28,0,1,70,0,71,0,9,88,2,99,79,4,83,182
05/08/2021,ILG,DE,AEA,EN,Towers with Radar,2,5,13,0,20,0,0,17,0,17,2,5,30,0,37,26,0,26,63
05/09/2021,ILG,DE,AEA,EN,Towers with Radar,2,13,19,0,34,0,1,26,0,27,2,14,45,0,61,14,0,14,75
05/10/2021,ILG,DE,AEA,EN,Towers with Radar,0,14,31,5,50,0,0,34,2,36,0,14,65,7,86,139,4,143,229
05/11/2021,ILG,DE,AEA,EN,Towers with Radar,2,11,27,0,40,0,0,42,13,55,2,11,69,13,95,52,10,62,157
05/12/2021,ILG,DE,AEA,EN,Towers with Radar,0,3,38,7,48,0,2,38,5,45,0,5,76,12,93,64,4,68,161
05/13/2021,ILG,DE,AEA,EN,Towers with Radar,2,8,31,3,44,0,2,83,15,100,2,10,114,18,144,135,7,142,286
05/14/2021,ILG,DE,AEA,EN,Towers with Radar,0,12,26,2,40,0,3,61,2,66,0,15,87,4,106,59,0,59,165
05/15/2021,ILG,DE,AEA,EN,Towers with Radar,0,3,12,1,16,0,0,4,1,5,0,3,16,2,21,0,0,0,21
05/16/2021,ILG,DE,AEA,EN,Towers with Radar,2,2,7,0,11,0,0,0,0,0,2,2,7,0,11,0,0,0,11
05/17/2021,ILG,DE,AEA,EN,Towers with Radar,0,9,36,1,46,0,0,59,9,68,0,9,95,10,114,33,0,33,147
05/18/2021,ILG,DE,AEA,EN,Towers with Radar,2,13,32,8,55,0,0,74,18,92,2,13,106,26,147,48,21,69,216
05/19/2021,ILG,DE,AEA,EN,Towers with Radar,0,21,66,7,94,0,1,67,23,91,0,22,133,30,185,86,44,130,315
05/20/2021,ILG,DE,AEA,EN,Towers with Radar,2,10,20,5,37,0,2,66,10,78,2,12,86,15,115,112,33,145,260
05/21/2021,ILG,DE,AEA,EN,Towers with Radar,0,7,31,1,39,0,0,68,6,74,0,7,99,7,113,67,23,90,203
05/22/2021,ILG,DE,AEA,EN,Towers with Radar,0,6,11,0,17,0,2,58,0,60,0,8,69,0,77,41,0,41,118
05/23/2021,ILG,DE,AEA,EN,Towers with Radar,2,12,24,0,38,0,2,46,0,48,2,14,70,0,86,2,0,2,88
05/24/2021,ILG,DE,AEA,EN,Towers with Radar,0,10,17,1,28,0,1,19,1,21,0,11,36,2,49,54,13,67,116
05/25/2021,ILG,DE,AEA,EN,Towers with Radar,2,14,18,7,41,0,3,35,10,48,2,17,53,17,89,74,8,82,171
05/26/2021,ILG,DE,AEA,EN,Towers with Radar,0,5,30,0,35,0,1,45,4,50,0,6,75,4,85,103,4,107,192
05/27/2021,ILG,DE,AEA,EN,Towers with Radar,2,5,36,2,45,0,4,89,19,112,2,9,125,21,157,151,17,168,325
05/28/2021,ILG,DE,AEA,EN,Towers with Radar,0,4,18,2,24,0,0,27,0,27,0,4,45,2,51,52,0,52,103
05/29/2021,ILG,DE,AEA,EN,Towers with Radar,0,3,6,1,10,0,0,1,0,1,0,3,7,1,11,0,0,0,11
05/30/2021,ILG,DE,AEA,EN,Towers with Radar,0,0,2,0,2,0,0,0,0,0,0,0,2,0,2,0,0,0,2
05/31/2021,ILG,DE,AEA,EN,Towers with Radar,0,4,17,1,22,0,3,43,8,54,0,7,60,9,76,48,2,50,126
06/01/2021,ILG,DE,AEA,EN,Towers with Radar,2,10,31,1,44,0,1,53,14,68,2,11,84,15,112,104,22,126,238
06/02/2021,ILG,DE,AEA,EN,Towers with Radar,0,31,60,1,92,0,0,57,14,71,0,31,117,15,163,129,24,153,316
06/03/2021,ILG,DE,AEA,EN,Towers with Radar,2,9,27,6,44,0,0,15,4,19,2,9,42,10,63,31,8,39,102
06/04/2021,ILG,DE,AEA,EN,Towers with Radar,0,9,22,0,31,0,0,14,16,30,0,9,36,16,61,40,0,40,101
06/05/2021,ILG,DE,AEA,EN,Towers with Radar,0,9,21,0,30,0,1,62,19,82,0,10,83,19,112,36,4,40,152
06/06/2021,ILG,DE,AEA,EN,Towers with Radar,0,7,23,3,33,0,0,57,5,62,0,7,80,8,95,47,12,59,154
06/07/2021,ILG,DE,AEA,EN,Towers with Radar,0,12,25,0,37,0,0,57,15,72,0,12,82,15,109,35,0,35,144
06/08/2021,ILG,DE,AEA,EN,Towers with Radar,2,7,33,1,43,0,0,36,21,57,2,7,69,22,100,32,2,34,134
06/09/2021,ILG,DE,AEA,EN,Towers with Radar,0,0,21,5,26,0,0,27,4,31,0,0,48,9,57,89,8,97,154
06/10/2021,ILG,DE,AEA,EN,Towers with Radar,2,11,23,7,43,0,2,19,20,41,2,13,42,27,84,48,26,74,158
06/11/2021,ILG,DE,AEA,EN,Towers with Radar,0,8,40,2,50,0,0,2,0,2,0,8,42,2,52,0,0,0,52
06/12/2021,ILG,DE,AEA,EN,Towers with Radar,0,22,19,2,43,0,0,60,0,60,0,22,79,2,103,88,0,88,191
06/13/2021,ILG,DE,AEA,EN,Towers with Radar,2,14,22,0,38,0,0,55,0,55,2,14,77,0,93,20,0,20,113
06/14/2021,ILG,DE,AEA,EN,Towers with Radar,0,19,54,0,73,0,1,34,11,46,0,20,88,11,119,28,0,28,147
06/15/2021,ILG,DE,AEA,EN,Towers with Radar,2,10,33,4,49,0,2,49,29,80,2,12,82,33,129,31,33,64,193
06/16/2021,ILG,DE,AEA,EN,Towers with Radar,0,34,44,4,82,0,2,52,28,82,0,36,96,32,164,98,10,108,272
06/17/2021,ILG,DE,AEA,EN,Towers with Radar,2,20,41,2,65,0,0,94,30,124,2,20,135,32,189,86,14,100,289
06/18/2021,ILG,DE,AEA,EN,Towers with Radar,0,5,23,0,28,0,1,68,4,73,0,6,91,4,101,36,0,36,137
06/19/2021,ILG,DE,AEA,EN,Towers with Radar,0,3,0,0,3,0,0,0,0,0,0,3,0,0,3,0,0,0,3
06/20/2021,ILG,DE,AEA,EN,Towers with Radar,2,7,5,1,15,0,0,3,7,10,2,7,8,8,25,0,0,0,25
06/21/2021,ILG,DE,AEA,EN,Towers with Radar,0,6,31,7,44,0,0,28,3,31,0,6,59,10,75,78,0,78,153
06/22/2021,ILG,DE,AEA,EN,Towers with Radar,2,6,17,4,29,0,0,13,4,17,2,6,30,8,46,6,0,6,52
06/23/2021,ILG,DE,AEA,EN,Towers with Radar,0,19,52,0,71,0,0,85,10,95,0,19,137,10,166,111,0,111,277
06/24/2021,ILG,DE,AEA,EN,Towers with Radar,2,18,22,3,45,0,0,66,0,66,2,18,88,3,111,107,0,107,218
06/25/2021,ILG,DE,AEA,EN,Towers with Radar,0,14,31,0,45,0,0,59,0,59,0,14,90,0,104,88,0,88,192
06/26/2021,ILG,DE,AEA,EN,Towers with Radar,0,3,25,1,29,0,1,12,0,13,0,4,37,1,42,28,0,28,70
06/27/2021,ILG,DE,AEA,EN,Towers with Radar,2,12,22,0,36,0,0,33,0,33,2,12,55,0,69,25,0,25,94
06/28/2021,ILG,DE,AEA,EN,Towers with Radar,0,9,34,0,43,0,0,43,4,47,0,9,77,4,90,40,0,40,130
06/29/2021,ILG,DE,AEA,EN,Towers with Radar,2,7,26,0,35,0,0,55,12,67,2,7,81,12,102,75,0,75,177
06/30/2021,ILG,DE,AEA,EN,Towers with Radar,0,14,32,3,49,0,0,55,10,65,0,14,87,13,114,74,0,74,188
07/01/2021,ILG,DE,AEA,EN,Towers with Radar,2,17,31,4,54,0,1,27,0,28,2,18,58,4,82,36,7,43,125
07/02/2021,ILG,DE,AEA,EN,Towers with Radar,0,3,27,5,35,0,0,16,4,20,0,3,43,9,55,11,0,11,66
07/03/2021,ILG,DE,AEA,EN,Towers with Radar,0,0,29,8,37,0,0,15,0,15,0,0,44,8,52,2,0,2,54
07/04/2021,ILG,DE,AEA,EN,Towers with Radar,2,1,8,1,12,0,0,16,1,17,2,1,24,2,29,23,0,23,52
07/05/2021,ILG,DE,AEA,EN,Towers with Radar,0,16,29,1,46,0,2,76,2,80,0,18,105,3,126,40,0,40,166
07/06/2021,ILG,DE,AEA,EN,Towers with Radar,2,9,27,0,38,0,0,65,4,69,2,9,92,4,107,52,0,52,159
07/07/2021,ILG,DE,AEA,EN,Towers with Radar,0,7,17,3,27,0,0,33,7,40,0,7,50,10,67,29,9,38,105
07/08/2021,ILG,DE,AEA,EN,Towers with Radar,2,3,18,3,26,0,0,19,15,34,2,3,37,18,60,24,0,24,84
07/09/2021,ILG,DE,AEA,EN,Towers with Radar,0,10,18,3,31,0,0,18,1,19,0,10,36,4,50,10,16,26,76
07/10/2021,ILG,DE,AEA,EN,Towers with Radar,0,6,13,0,19,0,0,0,9,9,0,6,13,9,28,0,0,0,28
07/11/2021,ILG,DE,AEA,EN,Towers with Radar,2,10,10,1,23,0,2,4,6,12,2,12,14,7,35,0,0,0,35
07/12/2021,ILG,DE,AEA,EN,Towers with Radar,0,10,26,0,36,0,1,29,13,43,0,11,55,13,79,49,2,51,130
07/13/2021,ILG,DE,AEA,EN,Towers with Radar,2,19,28,3,52,0,1,22,6,29,2,20,50,9,81,43,0,43,124
07/14/2021,ILG,DE,AEA,EN,Towers with Radar,0,14,29,2,45,0,0,52,10,62,0,14,81,12,107,92,0,92,199
07/15/2021,ILG,DE,AEA,EN,Towers with Radar,2,7,24,2,35,0,0,95,4,99,2,7,119,6,134,92,4,96,230
07/16/2021,ILG,DE,AEA,EN,Towers with Radar,0,5,13,2,20,0,0,67,2,69,0,5,80,4,89,76,0,76,165
07/17/2021,ILG,DE,AEA,EN,Towers with Radar,0,12,11,0,23,0,2,38,0,40,0,14,49,0,63,64,0,64,127
07/18/2021,ILG,DE,AEA,EN,Towers with Radar,2,4,32,0,38,0,0,29,0,29,2,4,61,0,67,27,0,27,94
07/19/2021,ILG,DE,AEA,EN,Towers with Radar,0,11,22,4,37,0,0,48,4,52,0,11,70,8,89,69,4,73,162
07/20/2021,ILG,DE,AEA,EN,Towers with Radar,2,10,34,4,50,0,0,38,5,43,2,10,72,9,93,59,4,63,156
07/21/2021,ILG,DE,AEA,EN,Towers with Radar,0,10,54,8,72,0,3,25,2,30,0,13,79,10,102,19,0,19,121
07/22/2021,ILG,DE,AEA,EN,Towers with Radar,2,12,27,3,44,0,0,83,10,93,2,12,110,13,137,22,0,22,159
07/23/2021,ILG,DE,AEA,EN,Towers with Radar,0,11,28,2,41,0,0,61,12,73,0,11,89,14,114,42,0,42,156
07/24/2021,ILG,DE,AEA,EN,Towers with Radar,0,3,7,2,12,0,0,0,4,4,0,3,7,6,16,0,0,0,16
07/25/2021,ILG,DE,AEA,EN,Towers with Radar,3,2,10,3,18,0,0,2,11,13,3,2,12,14,31,0,0,0,31
07/26/2021,ILG,DE,AEA,EN,Towers with Radar,0,10,31,0,41,0,0,56,9,65,0,10,87,9,106,33,6,39,145
07/27/2021,ILG,DE,AEA,EN,Towers with Radar,2,13,23,4,42,0,0,41,4,45,2,13,64,8,87,82,2,84,171
07/28/2021,ILG,DE,AEA,EN,Towers with Radar,0,15,52,4,71,0,0,45,11,56,0,15,97,15,127,25,0,25,152
07/29/2021,ILG,DE,AEA,EN,Towers with Radar,0,9,36,2,47,0,0,11,0,11,0,9,47,2,58,0,0,0,58
07/30/2021,ILG,DE,AEA,EN,Towers with Radar,0,8,35,1,44,0,0,65,2,67,0,8,100,3,111,40,0,40,151
07/31/2021,ILG,DE,AEA,EN,Towers with Radar,0,9,25,0,34,0,1,85,0,86,0,10,110,0,120,41,0,41,161
08/01/2021,ILG,DE,AEA,EN,Towers with Radar,2,9,30,0,41,0,0,5,0,5,2,9,35,0,46,9,0,9,55
08/02/2021,ILG,DE,AEA,EN,Towers with Radar,0,7,36,0,43,0,0,44,6,50,0,7,80,6,93,50,6,56,149
08/03/2021,ILG,DE,AEA,EN,Towers with Radar,2,13,30,4,49,0,2,52,14,68,2,15,82,18,117,49,6,55,172
08/04/2021,ILG,DE,AEA,EN,Towers with Radar,0,9,24,5,38,0,0,34,8,42,0,9,58,13,80,69,0,69,149
08/05/2021,ILG,DE,AEA,EN,Towers with Radar,2,7,30,5,44,0,0,51,13,64,2,7,81,18,108,45,0,45,153
08/06/2021,ILG,DE,AEA,EN,Towers with Radar,0,4,21,0,25,0,0,28,11,39,0,4,49,11,64,10,0,10,74
08/07/2021,ILG,DE,AEA,EN,Towers with Radar,0,1,7,4,12,0,0,1,14,15,0,1,8,18,27,0,0,0,27
08/08/2021,ILG,DE,AEA,EN,Towers with Radar,2,1,5,0,8,0,0,1,6,7,2,1,6,6,15,0,0,0,15
08/09/2021,ILG,DE,AEA,EN,Towers with Radar,0,4,11,0,15,0,0,0,0,0,0,4,11,0,15,0,0,0,15
08/10/2021,ILG,DE,AEA,EN,Towers with Radar,2,2,12,4,20,0,0,18,13,31,2,2,30,17,51,10,2,12,63
08/11/2021,ILG,DE,AEA,EN,Towers with Radar,0,10,32,0,42,0,0,44,12,56,0,10,76,12,98,25,0,25,123
08/12/2021,ILG,DE,AEA,EN,Towers with Radar,0,3,21,5,29,0,0,18,4,22,0,3,39,9,51,18,0,18,69
08/13/2021,ILG,DE,AEA,EN,Towers with Radar,0,2,9,4,15,0,1,14,4,19,0,3,23,8,34,6,0,6,40
08/14/2021,ILG,DE,AEA,EN,Towers with Radar,0,10,10,0,20,0,0,32,0,32,0,10,42,0,52,24,0,24,76
08/15/2021,ILG,DE,AEA,EN,Towers with Radar,2,7,30,0,39,0,0,47,0,47,2,7,77,0,86,15,0,15,101
08/16/2021,ILG,DE,AEA,EN,Towers with Radar,0,15,26,2,43,0,0,16,4,20,0,15,42,6,63,18,4,22,85
08/17/2021,ILG,DE,AEA,EN,Towers with Radar,2,10,16,9,37,0,0,1,4,5,2,10,17,13,42,0,24,24,66
08/18/2021,ILG,DE,AEA,EN,Towers with Radar,0,4,18,3,25,0,1,3,0,4,0,5,21,3,29,0,5,5,34
08/19/2021,ILG,DE,AEA,EN,Towers with Radar,2,1,15,2,20,0,0,21,4,25,2,1,36,6,45,44,3,47,92
08/20/2021,ILG,DE,AEA,EN,Towers with Radar,0,4,5,0,9,0,0,9,0,9,0,4,14,0,18,6,0,6,24
08/21/2021,ILG,DE,AEA,EN,Towers with Radar,0,5,4,1,10,0,0,14,1,15,0,5,18,2,25,11,0,11,36
08/22/2021,ILG,DE,AEA,EN,Towers with Radar,0,2,5,7,14,0,0,5,1,6,0,2,10,8,20,16,0,16,36
08/23/2021,ILG,DE,AEA,EN,Towers with Radar,0,15,29,0,44,0,0,29,5,34,0,15,58,5,78,41,9,50,128
08/24/2021,ILG,DE,AEA,EN,Towers with Radar,2,8,17,4,31,0,0,51,9,60,2,8,68,13,91,26,12,38,129
08/25/2021,ILG,DE,AEA,EN,Towers with Radar,0,1,31,2,34,0,0,66,9,75,0,1,97,11,109,27,29,56,165
08/26/2021,ILG,DE,AEA,EN,Towers with Radar,2,7,32,2,43,0,2,43,0,45,2,9,75,2,88,27,0,27,115
08/27/2021,ILG,DE,AEA,EN,Towers with Radar,0,8,23,0,31,0,0,46,0,46,0,8,69,0,77,26,0,26,103
08/28/2021,ILG,DE,AEA,EN,Towers with Radar,0,3,20,0,23,0,0,3,0,3,0,3,23,0,26,12,0,12,38
08/29/2021,ILG,DE,AEA,EN,Towers with Radar,0,6,8,0,14,0,0,22,0,22,0,6,30,0,36,14,0,14,50
08/30/2021,ILG,DE,AEA,EN,Towers with Radar,0,6,18,3,27,0,1,20,2,23,0,7,38,5,50,16,0,16,66
08/31/2021,ILG,DE,AEA,EN,Towers with Radar,2,16,32,5,55,0,1,40,15,56,2,17,72,20,111,53,4,57,168
09/01/2021,ILG,DE,AEA,EN,Towers with Radar,2,8,24,0,34,0,0,5,0,5,2,8,29,0,39,13,0,13,52
09/02/2021,ILG,DE,AEA,EN,Towers with Radar,2,8,22,5,37,0,5,54,11,70,2,13,76,16,107,21,0,21,128
09/03/2021,ILG,DE,AEA,EN,Towers with Radar,0,8,32,1,41,0,0,46,7,53,0,8,78,8,94,22,2,24,118
09/04/2021,ILG,DE,AEA,EN,Towers with Radar,0,0,3,0,3,0,0,7,0,7,0,0,10,0,10,0,0,0,10
09/05/2021,ILG,DE,AEA,EN,Towers with Radar,2,4,5,0,11,0,0,3,0,3,2,4,8,0,14,0,0,0,14
09/06/2021,ILG,DE,AEA,EN,Towers with Radar,0,1,12,0,13,0,0,4,8,12,0,1,16,8,25,0,0,0,25
09/07/2021,ILG,DE,AEA,EN,Towers with Radar,2,8,34,3,47,0,0,59,19,78,2,8,93,22,125,56,11,67,192
09/08/2021,ILG,DE,AEA,EN,Towers with Radar,0,15,25,3,43,0,0,22,15,37,0,15,47,18,80,45,0,45,125
09/09/2021,ILG,DE,AEA,EN,Towers with Radar,0,8,32,0,40,0,0,25,4,29,0,8,57,4,69,16,0,16,85
09/10/2021,ILG,DE,AEA,EN,Towers with Radar,0,9,24,7,40,0,0,53,8,61,0,9,77,15,101,62,3,65,166
09/11/2021,ILG,DE,AEA,EN,Towers with Radar,0,9,11,5,25,0,0,62,12,74,0,9,73,17,99,48,0,48,147
09/12/2021,ILG,DE,AEA,EN,Towers with Radar,0,3,5,2,10,0,0,6,6,12,0,3,11,8,22,0,2,2,24
09/13/2021,ILG,DE,AEA,EN,Towers with Radar,0,8,25,2,35,0,0,35,26,61,0,8,60,28,96,37,6,43,139
09/14/2021,ILG,DE,AEA,EN,Towers with Radar,0,14,18,6,38,0,0,42,8,50,0,14,60,14,88,22,0,22,110
09/15/2021,ILG,DE,AEA,EN,Towers with Radar,0,16,53,6,75,0,4,38,7,49,0,20,91,13,124,37,24,61,185
09/16/2021,ILG,DE,AEA,EN,Towers with Radar,2,8,27,2,39,0,0,22,1,23,2,8,49,3,62,6,26,32,94
09/17/2021,ILG,DE,AEA,EN,Towers with Radar,0,10,25,0,35,0,0,12,0,12,0,10,37,0,47,0,0,0,47
09/18/2021,ILG,DE,AEA,EN,Towers with Radar,0,11,20,0,31,0,0,32,0,32,0,11,52,0,63,40,0,40,103
09/19/2021,ILG,DE,AEA,EN,Towers with Radar,2,15,39,0,56,0,0,75,0,75,2,15,114,0,131,76,0,76,207
09/20/2021,ILG,DE,AEA,EN,Towers with Radar,0,9,27,1,37,0,0,33,6,39,0,9,60,7,76,35,0,35,111
09/21/2021,ILG,DE,AEA,EN,Towers with Radar,0,8,18,1,27,0,2,41,9,52,0,10,59,10,79,60,2,62,141
09/22/2021,ILG,DE,AEA,EN,Towers with Radar,0,17,39,7,63,0,0,19,6,25,0,17,58,13,88,48,8,56,144
09/23/2021,ILG,DE,AEA,EN,Towers with Radar,2,6,13,0,21,0,0,5,0,5,2,6,18,0,26,4,0,4,30
09/24/2021,ILG,DE,AEA,EN,Towers with Radar,0,14,37,1,52,0,0,70,0,70,0,14,107,1,122,49,0,49,171
09/25/2021,ILG,DE,AEA,EN,Towers with Radar,0,10,17,0,27,0,1,63,1,65,0,11,80,1,92,40,0,40,132
09/26/2021,ILG,DE,AEA,EN,Towers with Radar,2,13,21,0,36,0,0,45,0,45,2,13,66,0,81,42,0,42,123
09/27/2021,ILG,DE,AEA,EN,Towers with Radar,0,10,37,0,47,0,0,77,0,77,0,10,114,0,124,59,0,59,183
09/28/2021,ILG,DE,AEA,EN,Towers with Radar,0,13,19,1,33,0,0,24,0,24,0,13,43,1,57,23,0,23,80
09/29/2021,ILG,DE,AEA,EN,Towers with Radar,0,39,61,0,100,0,0,48,7,55,0,39,109,7,155,26,4,30,185
09/30/2021,ILG,DE,AEA,EN,Towers with Radar,2,4,35,3,44,0,0,54,4,58,2,4,89,7,102,50,0,50,152
10/01/2021,ILG,DE,AEA,EN,Towers with Radar,0,8,33,2,43,0,0,53,7,60,0,8,86,9,103,36,0,36,139
10/02/2021,ILG,DE,AEA,EN,Towers with Radar,0,0,4,0,4,0,0,4,7,11,0,0,8,7,15,0,0,0,15
10/03/2021,ILG,DE,AEA,EN,Towers with Radar,2,1,4,2,9,0,0,3,3,6,2,1,7,5,15,0,0,0,15
10/04/2021,ILG,DE,AEA,EN,Towers with Radar,0,7,17,1,25,0,0,36,15,51,0,7,53,16,76,95,4,99,175
10/05/2021,ILG,DE,AEA,EN,Towers with Radar,0,14,35,0,49,0,0,0,0,0,0,14,35,0,49,0,0,0,49
10/06/2021,ILG,DE,AEA,EN,Towers with Radar,0,8,31,1,40,0,1,13,7,21,0,9,44,8,61,84,4,88,149
10/07/2021,ILG,DE,AEA,EN,Towers with Radar,2,8,50,5,65,0,1,41,20,62,2,9,91,25,127,75,10,85,212
10/08/2021,ILG,DE,AEA,EN,Towers with Radar,0,8,39,0,47,0,1,48,3,52,0,9,87,3,99,81,0,81,180
10/09/2021,ILG,DE,AEA,EN,Towers with Radar,0,10,4,0,14,0,0,1,0,1,0,10,5,0,15,0,0,0,15
10/10/2021,ILG,DE,AEA,EN,Towers with Radar,2,1,8,0,11,0,0,1,0,1,2,1,9,0,12,0,0,0,12
10/11/2021,ILG,DE,AEA,EN,Towers with Radar,0,3,6,0,9,0,2,2,7,11,0,5,8,7,20,0,0,0,20
10/12/2021,ILG,DE,AEA,EN,Towers with Radar,2,11,34,12,59,0,0,7,4,11,2,11,41,16,70,14,0,14,84
10/13/2021,ILG,DE,AEA,EN,Towers with Radar,0,21,109,6,136,0,0,18,7,25,0,21,127,13,161,21,7,28,189
10/14/2021,ILG,DE,AEA,EN,Towers with Radar,2,11,26,2,41,0,1,46,7,54,2,12,72,9,95,74,17,91,186
10/15/2021,ILG,DE,AEA,EN,Towers with Radar,0,12,31,0,43,0,0,57,10,67,0,12,88,10,110,74,0,74,184
10/16/2021,ILG,DE,AEA,EN,Towers with Radar,0,1,18,1,20,0,0,23,12,35,0,1,41,13,55,0,0,0,55
10/17/2021,ILG,DE,AEA,EN,Towers with Radar,2,7,26,0,35,0,0,33,7,40,2,7,59,7,75,8,6,14,89
10/18/2021,ILG,DE,AEA,EN,Towers with Radar,0,10,24,0,34,0,1,33,0,34,0,11,57,0,68,26,0,26,94
10/19/2021,ILG,DE,AEA,EN,Towers with Radar,2,12,13,6,33,0,0,40,17,57,2,12,53,23,90,24,25,49,139
10/20/2021,ILG,DE,AEA,EN,Towers with Radar,0,16,80,12,108,0,0,69,24,93,0,16,149,36,201,56,5,61,262
10/21/2021,ILG,DE,AEA,EN,Towers with Radar,2,12,33,2,49,0,1,59,9,69,2,13,92,11,118,45,14,59,177
10/22/2021,ILG,DE,AEA,EN,Towers with Radar,0,11,16,2,29,0,1,56,9,66,0,12,72,11,95,44,0,44,139
10/23/2021,ILG,DE,AEA,EN,Towers with Radar,0,0,3,0,3,0,0,3,0,3,0,0,6,0,6,0,0,0,6
10/24/2021,ILG,DE,AEA,EN,Towers with Radar,2,6,13,4,25,0,0,6,0,6,2,6,19,4,31,0,0,0,31
10/25/2021,ILG,DE,AEA,EN,Towers with Radar,0,7,22,4,33,0,0,40,7,47,0,7,62,11,80,23,2,25,105
10/26/2021,ILG,DE,AEA,EN,Towers with Radar,0,9,24,8,41,0,0,1,18,19,0,9,25,26,60,0,18,18,78
10/27/2021,ILG,DE,AEA,EN,Towers with Radar,0,28,50,8,86,0,0,32,16,48,0,28,82,24,134,16,19,35,169
10/28/2021,ILG,DE,AEA,EN,Towers with Radar,2,8,32,6,48,0,1,81,5,87,2,9,113,11,135,43,4,47,182
10/29/2021,ILG,DE,AEA,EN,Towers with Radar,1,8,25,1,35,0,0,5,0,5,1,8,30,1,40,9,0,9,49
10/30/2021,ILG,DE,AEA,EN,Towers with Radar,1,1,18,0,20,0,0,13,0,13,1,1,31,0,33,29,0,29,62
10/31/2021,ILG,DE,AEA,EN,Towers with Radar,2,11,27,0,40,0,0,24,0,24,2,11,51,0,64,4,0,4,68
11/01/2021,ILG,DE,AEA,EN,Towers with Radar,0,6,31,0,37,0,0,48,0,48,0,6,79,0,85,23,0,23,108
11/02/2021,ILG,DE,AEA,EN,Towers with Radar,0,12,24,2,38,0,0,24,13,37,0,12,48,15,75,26,55,81,156
11/03/2021,ILG,DE,AEA,EN,Towers with Radar,0,12,25,6,43,0,0,46,23,69,0,12,71,29,112,25,9,34,146
11/04/2021,ILG,DE,AEA,EN,Towers with Radar,2,8,32,0,42,0,0,66,7,73,2,8,98,7,115,38,0,38,153
11/05/2021,ILG,DE,AEA,EN,Towers with Radar,0,13,28,1,42,0,0,38,8,46,0,13,66,9,88,32,0,32,120
11/06/2021,ILG,DE,AEA,EN,Towers with Radar,0,9,19,3,31,0,0,50,17,67,0,9,69,20,98,34,0,34,132
11/07/2021,ILG,DE,AEA,EN,Towers with Radar,0,11,38,3,52,0,0,57,13,70,0,11,95,16,122,33,0,33,155
11/08/2021,ILG,DE,AEA,EN,Towers with Radar,2,14,40,8,64,0,0,37,7,44,2,14,77,15,108,43,2,45,153
11/09/2021,ILG,DE,AEA,EN,Towers with Radar,0,13,42,7,62,0,0,53,19,72,0,13,95,26,134,57,6,63,197
11/10/2021,ILG,DE,AEA,EN,Towers with Radar,0,13,59,0,72,0,2,38,18,58,0,15,97,18,130,36,12,48,178
11/11/2021,ILG,DE,AEA,EN,Towers with Radar,0,11,31,0,42,0,0,38,0,38,0,11,69,0,80,10,0,10,90
11/12/2021,ILG,DE,AEA,EN,Towers with Radar,2,13,30,0,45,0,0,14,0,14,2,13,44,0,59,0,0,0,59
11/13/2021,ILG,DE,AEA,EN,Towers with Radar,0,10,19,0,29,0,0,13,0,13,0,10,32,0,42,14,0,14,56
11/14/2021,ILG,DE,AEA,EN,Towers with Radar,0,16,35,0,51,0,0,30,0,30,0,16,65,0,81,43,0,43,124
11/15/2021,ILG,DE,AEA,EN,Towers with Radar,2,8,28,0,38,0,0,17,7,24,2,8,45,7,62,4,10,14,76
11/16/2021,ILG,DE,AEA,EN,Towers with Radar,0,14,32,6,52,0,1,57,16,74,0,15,89,22,126,46,22,68,194
11/17/2021,ILG,DE,AEA,EN,Towers with Radar,0,22,55,8,85,0,0,42,13,55,0,22,97,21,140,44,24,68,208
11/18/2021,ILG,DE,AEA,EN,Towers with Radar,0,3,16,7,26,0,1,40,6,47,0,4,56,13,73,36,0,36,109
11/19/2021,ILG,DE,AEA,EN,Towers with Radar,2,2,22,0,26,0,0,33,5,38,2,2,55,5,64,2,0,2,66
11/20/2021,ILG,DE,AEA,EN,Towers with Radar,0,5,6,0,11,0,0,2,0,2,0,5,8,0,13,0,0,0,13
11/21/2021,ILG,DE,AEA,EN,Towers with Radar,0,5,6,1,12,0,0,15,18,33,0,5,21,19,45,6,0,6,51
11/22/2021,ILG,DE,AEA,EN,Towers with Radar,2,18,22,5,47,0,0,41,14,55,2,18,63,19,102,63,1,64,166
11/23/2021,ILG,DE,AEA,EN,Towers with Radar,0,9,35,2,46,0,2,39,11,52,0,11,74,13,98,20,0,20,118
11/24/2021,ILG,DE,AEA,EN,Towers with Radar,0,8,35,0,43,0,0,65,4,69,0,8,100,4,112,52,0,52,164
11/25/2021,ILG,DE,AEA,EN,Towers with Radar,0,2,7,0,9,0,0,23,0,23,0,2,30,0,32,0,0,0,32
11/26/2021,ILG,DE,AEA,EN,Towers with Radar,2,8,13,0,23,0,0,9,0,9,2,8,22,0,32,0,0,0,32
11/27/2021,ILG,DE,AEA,EN,Towers with Radar,0,8,16,0,24,0,0,15,0,15,0,8,31,0,39,2,0,2,41
11/28/2021,ILG,DE,AEA,EN,Towers with Radar,0,17,35,0,52,0,2,63,0,65,0,19,98,0,117,28,0,28,145
11/29/2021,ILG,DE,AEA,EN,Towers with Radar,2,10,28,2,42,0,1,36,1,38,2,11,64,3,80,22,6,28,108
11/30/2021,ILG,DE,AEA,EN,Towers with Radar,0,3,42,1,46,0,2,30,18,50,0,5,72,19,96,24,14,38,134
12/01/2021,ILG,DE,AEA,EN,Towers with Radar,0,18,35,5,58,0,0,65,13,78,0,18,100,18,136,76,13,89,225
12/02/2021,ILG,DE,AEA,EN,Towers with Radar,0,3,17,9,29,0,0,30,2,32,0,3,47,11,61,33,6,39,100
12/03/2021,ILG,DE,AEA,EN,Towers with Radar,2,7,18,2,29,0,0,25,6,31,2,7,43,8,60,33,0,33,93
12/04/2021,ILG,DE,AEA,EN,Towers with Radar,0,5,14,3,22,0,4,48,3,55,0,9,62,6,77,33,0,33,110
12/05/2021,ILG,DE,AEA,EN,Towers with Radar,0,16,23,0,39,0,1,53,1,55,0,17,76,1,94,74,10,84,178
12/06/2021,ILG,DE,AEA,EN,Towers with Radar,2,7,12,5,26,0,0,10,15,25,2,7,22,20,51,13,13,26,77
12/07/2021,ILG,DE,AEA,EN,Towers with Radar,0,9,16,4,29,0,0,47,14,61,0,9,63,18,90,33,6,39,129
12/08/2021,ILG,DE,AEA,EN,Towers with Radar,0,31,39,3,73,0,0,25,12,37,0,31,64,15,110,30,14,44,154
12/09/2021,ILG,DE,AEA,EN,Towers with Radar,0,28,43,7,78,0,0,45,12,57,0,28,88,19,135,35,5,40,175
12/10/2021,ILG,DE,AEA,EN,Towers with Radar,2,4,27,1,34,0,3,36,3,42,2,7,63,4,76,39,4,43,119
12/11/2021,ILG,DE,AEA,EN,Towers with Radar,0,2,2,0,4,0,1,0,0,1,0,3,2,0,5,0,0,0,5
12/12/2021,ILG,DE,AEA,EN,Towers with Radar,0,2,7,1,10,0,0,5,9,14,0,2,12,10,24,0,0,0,24
12/13/2021,ILG,DE,AEA,EN,Towers with Radar,4,10,59,2,75,0,1,50,13,64,4,11,109,15,139,69,6,75,214
12/14/2021,ILG,DE,AEA,EN,Towers with Radar,0,2,34,3,39,0,4,43,16,63,0,6,77,19,102,14,4,18,120
12/15/2021,ILG,DE,AEA,EN,Towers with Radar,0,4,33,4,41,0,0,30,8,38,0,4,63,12,79,42,37,79,158
12/16/2021,ILG,DE,AEA,EN,Towers with Radar,0,10,31,3,44,0,0,59,11,70,0,10,90,14,114,87,22,109,223
12/17/2021,ILG,DE,AEA,EN,Towers with Radar,2,1,18,0,21,0,0,31,7,38,2,1,49,7,59,51,0,51,110
12/18/2021,ILG,DE,AEA,EN,Towers with Radar,0,2,14,0,16,0,0,0,0,0,0,2,14,0,16,0,0,0,16
12/19/2021,ILG,DE,AEA,EN,Towers with Radar,0,3,3,0,6,0,0,0,0,0,0,3,3,0,6,0,0,0,6
12/20/2021,ILG,DE,AEA,EN,Towers with Radar,2,17,25,3,47,0,2,42,23,67,2,19,67,26,114,12,22,34,148
12/21/2021,ILG,DE,AEA,EN,Towers with Radar,0,13,22,4,39,0,0,63,12,75,0,13,85,16,114,22,2,24,138
12/22/2021,ILG,DE,AEA,EN,Towers with Radar,0,14,24,4,42,0,0,20,3,23,0,14,44,7,65,14,2,16,81
12/23/2021,ILG,DE,AEA,EN,Towers with Radar,0,7,29,0,36,0,1,58,0,59,0,8,87,0,95,34,0,34,129
12/24/2021,ILG,DE,AEA,EN,Towers with Radar,2,4,8,0,14,0,0,35,0,35,2,4,43,0,49,4,0,4,53
12/25/2021,ILG,DE,AEA,EN,Towers with Radar,0,2,5,0,7,0,3,9,0,12,0,5,14,0,19,4,0,4,23
12/26/2021,ILG,DE,AEA,EN,Towers with Radar,0,5,20,0,25,0,0,13,3,16,0,5,33,3,41,20,6,26,67
12/27/2021,ILG,DE,AEA,EN,Towers with Radar,0,13,29,2,44,0,1,10,0,11,0,14,39,2,55,27,0,27,82
12/28/2021,ILG,DE,AEA,EN,Towers with Radar,0,5,31,1,37,0,0,43,1,44,0,5,74,2,81,29,0,29,110
12/29/2021,ILG,DE,AEA,EN,Towers with Radar,0,8,31,1,40,0,2,11,12,25,0,10,42,13,65,25,6,31,96
12/30/2021,ILG,DE,AEA,EN,Towers with Radar,0,1,13,3,17,0,0,0,0,0,0,1,13,3,17,0,0,0,17
12/31/2021,ILG,DE,AEA,EN,Towers with Radar,2,0,6,0,8,0,0,0,0,0,2,0,6,0,8,0,0,0,8
01/01/2022,ILG,DE,AEA,EN,Towers with Radar,0,3,2,0,5,0,0,0,0,0,0,3,2,0,5,0,0,0,5
01/02/2022,ILG,DE,AEA,EN,Towers with Radar,0,3,8,0,11,0,3,3,0,6,0,6,11,0,17,0,2,2,19
01/03/2022,ILG,DE,AEA,EN,Towers with Radar,2,1,10,2,15,0,1,0,3,4,2,2,10,5,19,0,0,0,19
01/04/2022,ILG,DE,AEA,EN,Towers with Radar,0,5,27,6,38,0,1,38,4,43,0,6,65,10,81,38,13,51,132
01/05/2022,ILG,DE,AEA,EN,Towers with Radar,0,13,33,11,57,0,2,10,17,29,0,15,43,28,86,0,12,12,98
01/06/2022,ILG,DE,AEA,EN,Towers with Radar,0,5,26,3,34,0,0,49,11,60,0,5,75,14,94,26,7,33,127
01/07/2022,ILG,DE,AEA,EN,Towers with Radar,2,5,10,0,17,0,4,6,6,16,2,9,16,6,33,18,0,18,51
01/08/2022,ILG,DE,AEA,EN,Towers with Radar,0,8,35,7,50,0,2,42,6,50,0,10,77,13,100,38,18,56,156
01/09/2022,ILG,DE,AEA,EN,Towers with Radar,0,3,15,0,18,0,0,6,0,6,0,3,21,0,24,40,0,40,64
01/10/2022,ILG,DE,AEA,EN,Towers with Radar,2,3,23,0,28,0,0,31,0,31,2,3,54,0,59,31,0,31,90
01/11/2022,ILG,DE,AEA,EN,Towers with Radar,0,7,18,5,30,0,0,31,14,45,0,7,49,19,75,8,1,9,84
01/12/2022,ILG,DE,AEA,EN,Towers with Radar,0,13,63,2,78,0,3,55,22,80,0,16,118,24,158,58,11,69,227
01/13/2022,ILG,DE,AEA,EN,Towers with Radar,0,5,24,4,33,0,0,55,3,58,0,5,79,7,91,58,0,58,149
01/14/2022,ILG,DE,AEA,EN,Towers with Radar,2,16,11,2,31,0,0,15,13,28,2,16,26,15,59,17,20,37,96
01/15/2022,ILG,DE,AEA,EN,Towers with Radar,0,1,8,0,9,0,0,5,1,6,0,1,13,1,15,0,0,0,15
01/16/2022,ILG,DE,AEA,EN,Towers with Radar,0,3,3,1,7,0,0,3,1,4,0,3,6,2,11,0,0,0,11
01/17/2022,ILG,DE,AEA,EN,Towers with Radar,2,3,2,2,9,0,0,1,0,1,2,3,3,2,10,0,0,0,10
01/18/2022,ILG,DE,AEA,EN,Towers with Radar,0,1,21,4,26,0,0,24,37,61,0,1,45,41,87,11,20,31,118
01/19/2022,ILG,DE,AEA,EN,Towers with Radar,0,4,26,6,36,0,0,53,14,67,0,4,79,20,103,109,0,109,212
01/20/2022,ILG,DE,AEA,EN,Towers with Radar,0,4,25,6,35,0,1,1,5,7,0,5,26,11,42,0,8,8,50
01/21/2022,ILG,DE,AEA,EN,Towers with Radar,2,4,23,0,29,0,0,49,9,58,2,4,72,9,87,88,7,95,182
01/22/2022,ILG,DE,AEA,EN,Towers with Radar,0,4,22,0,26,0,0,36,0,36,0,4,58,0,62,57,0,57,119
01/23/2022,ILG,DE,AEA,EN,Towers with Radar,0,3,23,0,26,0,1,46,1,48,0,4,69,1,74,86,0,86,160
01/24/2022,ILG,DE,AEA,EN,Towers with Radar,2,6,23,2,33,0,0,47,12,59,2,6,70,14,92,76,4,80,172
01/25/2022,ILG,DE,AEA,EN,Towers with Radar,0,10,29,6,45,0,0,51,17,68,0,10,80,23,113,6,6,12,125
01/26/2022,ILG,DE,AEA,EN,Towers with Radar,0,5,17,8,30,0,3,52,10,65,0,8,69,18,95,44,12,56,151
01/27/2022,ILG,DE,AEA,EN,Towers with Radar,0,4,41,4,49,0,0,55,3,58,0,4,96,7,107,76,0,76,183
01/28/2022,ILG,DE,AEA,EN,Towers with Radar,0,10,19,0,29,0,0,9,0,9,0,10,28,0,38,18,0,18,56
01/29/2022,ILG,DE,AEA,EN,Towers with Radar,0,0,1,0,1,0,1,0,0,1,0,1,1,0,2,0,0,0,2
01/30/2022,ILG,DE,AEA,EN,Towers with Radar,0,15,19,0,34,0,0,14,0,14,0,15,33,0,48,25,0,25,73
01/31/2022,ILG,DE,AEA,EN,Towers with Radar,2,5,31,0,38,0,0,25,0,25,2,5,56,0,63,43,0,43,106
02/01/2022,ILG,DE,AEA,EN,Towers with Radar,0,4,17,4,25,0,0,47,12,59,0,4,64,16,84,115,0,115,199
02/02/2022,ILG,DE,AEA,EN,Towers with Radar,0,7,27,4,38,0,0,6,0,6,0,7,33,4,44,0,0,0,44
02/03/2022,ILG,DE,AEA,EN,Towers with Radar,0,3,17,2,22,0,0,0,0,0,0,3,17,2,22,0,0,0,22
02/04/2022,ILG,DE,AEA,EN,Towers with Radar,2,1,19,11,33,0,0,0,0,0,2,1,19,11,33,0,0,0,33
02/05/2022,ILG,DE,AEA,EN,Towers with Radar,0,0,7,3,10,0,0,2,3,5,0,0,9,6,15,0,0,0,15
02/06/2022,ILG,DE,AEA,EN,Towers with Radar,0,3,16,0,19,0,0,11,13,24,0,3,27,13,43,8,5,13,56
02/07/2022,ILG,DE,AEA,EN,Towers with Radar,2,2,27,1,32,0,0,1,0,1,2,2,28,1,33,2,0,2,35
02/08/2022,ILG,DE,AEA,EN,Towers with Radar,0,8,30,7,45,0,0,47,10,57,0,8,77,17,102,32,8,40,142
02/09/2022,ILG,DE,AEA,EN,Towers with Radar,0,11,14,6,31,0,0,98,16,114,0,11,112,22,145,89,14,103,248
02/10/2022,ILG,DE,AEA,EN,Towers with Radar,0,12,25,5,42,0,0,45,5,50,0,12,70,10,92,104,8,112,204
02/11/2022,ILG,DE,AEA,EN,Towers with Radar,2,8,22,2,34,0,2,52,11,65,2,10,74,13,99,35,0,35,134
02/12/2022,ILG,DE,AEA,EN,Towers with Radar,0,7,24,1,32,0,1,60,3,64,0,8,84,4,96,44,0,44,140
02/13/2022,ILG,DE,AEA,EN,Towers with Radar,0,4,9,0,13,0,0,0,0,0,0,4,9,0,13,0,0,0,13
02/14/2022,ILG,DE,AEA,EN,Towers with Radar,2,1,29,1,33,0,0,25,3,28,2,1,54,4,61,49,2,51,112
02/15/2022,ILG,DE,AEA,EN,Towers with Radar,0,7,29,14,50,0,0,63,17,80,0,7,92,31,130,48,30,78,208
02/16/2022,ILG,DE,AEA,EN,Towers with Radar,0,12,31,6,49,0,0,58,15,73,0,12,89,21,122,81,22,103,225
02/17/2022,ILG,DE,AEA,EN,Towers with Radar,0,10,26,3,39,0,0,17,6,23,0,10,43,9,62,8,0,8,70
02/18/2022,ILG,DE,AEA,EN,Towers with Radar,2,8,24,0,34,0,0,6,0,6,2,8,30,0,40,0,0,0,40
02/19/2022,ILG,DE,AEA,EN,Towers with Radar,0,8,15,1,24,0,0,15,0,15,0,8,30,1,39,22,0,22,61
02/20/2022,ILG,DE,AEA,EN,Towers with Radar,0,11,33,3,47,0,0,71,0,71,0,11,104,3,118,20,0,20,138
02/21/2022,ILG,DE,AEA,EN,Towers with Radar,2,15,37,2,56,0,1,86,0,87,2,16,123,2,143,55,0,55,198
02/22/2022,ILG,DE,AEA,EN,Towers with Radar,0,5,20,5,30,0,0,7,12,19,0,5,27,17,49,16,4,20,69
02/23/2022,ILG,DE,AEA,EN,Towers with Radar,0,12,28,3,43,0,0,44,4,48,0,12,72,7,91,28,22,50,141
02/24/2022,ILG,DE,AEA,EN,Towers with Radar,0,22,24,2,48,0,0,28,7,35,0,22,52,9,83,27,0,27,110
02/25/2022,ILG,DE,AEA,EN,Towers with Radar,2,3,21,1,27,0,0,2,10,12,2,3,23,11,39,10,0,10,49
02/26/2022,ILG,DE,AEA,EN,Towers with Radar,0,4,5,1,10,0,1,3,0,4,0,5,8,1,14,0,2,2,16
02/27/2022,ILG,DE,AEA,EN,Towers with Radar,0,1,10,0,11,0,0,1,0,1,0,1,11,0,12,0,0,0,12
02/28/2022,ILG,DE,AEA,EN,Towers with Radar,2,4,29,6,41,0,0,49,34,83,2,4,78,40,124,51,3,54,178
03/01/2022,ILG,DE,AEA,EN,Towers with Radar,0,10,19,7,36,0,0,47,16,63,0,10,66,23,99,80,12,92,191
03/02/2022,ILG,DE,AEA,EN,Towers with Radar,2,9,39,3,53,0,2,85,20,107,2,11,124,23,160,97,21,118,278
03/03/2022,ILG,DE,AEA,EN,Towers with Radar,0,1,37,2,40,0,0,50,12,62,0,1,87,14,102,60,7,67,169
03/04/2022,ILG,DE,AEA,EN,Towers with Radar,2,4,23,2,31,0,0,63,19,82,2,4,86,21,113,79,0,79,192
03/05/2022,ILG,DE,AEA,EN,Towers with Radar,0,5,7,6,18,0,2,5,2,9,0,7,12,8,27,0,0,0,27
03/06/2022,ILG,DE,AEA,EN,Towers with Radar,0,4,7,1,12,0,0,3,8,11,0,4,10,9,23,0,0,0,23
03/07/2022,ILG,DE,AEA,EN,Towers with Radar,2,3,21,0,26,0,1,20,2,23,2,4,41,2,49,2,2,4,53
03/08/2022,ILG,DE,AEA,EN,Towers with Radar,0,8,23,7,38,0,0,36,13,49,0,8,59,20,87,44,13,57,144
03/09/2022,ILG,DE,AEA,EN,Towers with Radar,0,14,40,8,62,0,0,0,0,0,0,14,40,8,62,0,0,0,62
03/10/2022,ILG,DE,AEA,EN,Towers with Radar,0,13,28,4,45,0,0,62,7,69,0,13,90,11,114,37,2,39,153
03/11/2022,ILG,DE,AEA,EN,Towers with Radar,2,14,28,1,45,0,0,47,4,51,2,14,75,5,96,14,0,14,110
03/12/2022,ILG,DE,AEA,EN,Towers with Radar,0,4,10,1,15,0,0,0,0,0,0,4,10,1,15,0,0,0,15
03/13/2022,ILG,DE,AEA,EN,Towers with Radar,0,6,21,0,27,0,3,17,0,20,0,9,38,0,47,2,0,2,49
03/14/2022,ILG,DE,AEA,EN,Towers with Radar,0,11,26,2,39,0,0,52,12,64,0,11,78,14,103,39,2,41,144
03/15/2022,ILG,DE,AEA,EN,Towers with Radar,0,5,25,2,32,0,0,87,11,98,0,5,112,13,130,50,6,56,186
03/16/2022,ILG,DE,AEA,EN,Towers with Radar,0,2,21,4,27,0,2,68,20,90,0,4,89,24,117,28,6,34,151
03/17/2022,ILG,DE,AEA,EN,Towers with Radar,1,10,35,5,51,0,0,0,0,0,1,10,35,5,51,0,0,0,51
03/18/2022,ILG,DE,AEA,EN,Towers with Radar,2,5,28,0,35,0,1,43,4,48,2,6,71,4,83,36,8,44,127
03/19/2022,ILG,DE,AEA,EN,Towers with Radar,0,8,19,0,27,0,0,24,0,24,0,8,43,0,51,28,0,28,79
03/20/2022,ILG,DE,AEA,EN,Towers with Radar,0,10,28,0,38,0,0,18,0,18,0,10,46,0,56,41,0,41,97
03/21/2022,ILG,DE,AEA,EN,Towers with Radar,2,15,23,0,40,0,5,53,11,69,2,20,76,11,109,45,4,49,158
03/22/2022,ILG,DE,AEA,EN,Towers with Radar,0,6,20,7,33,0,2,93,24,119,0,8,113,31,152,55,16,71,223
03/23/2022,ILG,DE,AEA,EN,Towers with Radar,0,5,35,5,45,0,0,27,12,39,0,5,62,17,84,45,13,58,142
03/24/2022,ILG,DE,AEA,EN,Towers with Radar,0,9,32,3,44,0,0,0,0,0,0,9,32,3,44,0,0,0,44
03/25/2022,ILG,DE,AEA,EN,Towers with Radar,2,10,37,0,49,0,0,50,0,50,2,10,87,0,99,53,0,53,152
03/26/2022,ILG,DE,AEA,EN,Towers with Radar,0,6,24,0,30,0,0,28,0,28,0,6,52,0,58,39,0,39,97
03/27/2022,ILG,DE,AEA,EN,Towers with Radar,0,10,16,1,27,0,1,17,2,20,0,11,33,3,47,16,0,16,63
03/28/2022,ILG,DE,AEA,EN,Towers with Radar,2,9,19,5,35,0,0,14,6,20,2,9,33,11,55,10,4,14,69
03/29/2022,ILG,DE,AEA,EN,Towers with Radar,0,8,39,2,49,0,0,59,20,79,0,8,98,22,128,33,4,37,165
03/30/2022,ILG,DE,AEA,EN,Towers with Radar,0,5,18,2,25,0,1,54,13,68,0,6,72,15,93,13,12,25,118
03/31/2022,ILG,DE,AEA,EN,Towers with Radar,0,12,19,7,38,0,4,0,3,7,0,16,19,10,45,0,0,0,45
04/01/2022,ILG,DE,AEA,EN,Towers with Radar,2,6,20,2,30,0,0,18,16,34,2,6,38,18,64,16,0,16,80
04/02/2022,ILG,DE,AEA,EN,Towers with Radar,0,2,7,5,14,0,0,5,22,27,0,2,12,27,41,0,0,0,41
04/03/2022,ILG,DE,AEA,EN,Towers with Radar,0,2,9,3,14,0,1,6,7,14,0,3,15,10,28,0,0,0,28
04/04/2022,ILG,DE,AEA,EN,Towers with Radar,0,6,26,1,33,0,0,58,13,71,0,6,84,14,104,80,0,80,184
04/05/2022,ILG,DE,AEA,EN,Towers with Radar,0,6,59,6,71,0,0,41,14,55,0,6,100,20,126,62,3,65,191
04/06/2022,ILG,DE,AEA,EN,Towers with Radar,0,2,43,4,49,0,0,1,4,5,0,2,44,8,54,6,6,12,66
04/07/2022,ILG,DE,AEA,EN,Towers with Radar,0,7,25,0,32,0,0,0,0,0,0,7,25,0,32,0,0,0,32
04/08/2022,ILG,DE,AEA,EN,Towers with Radar,2,12,31,4,49,0,0,52,12,64,2,12,83,16,113,79,6,85,198
04/09/2022,ILG,DE,AEA,EN,Towers with Radar,0,1,10,0,11,0,0,16,5,21,0,1,26,5,32,34,0,34,66
04/10/2022,ILG,DE,AEA,EN,Towers with Radar,2,6,6,1,15,0,0,1,2,3,2,6,7,3,18,0,0,0,18
04/11/2022,ILG,DE,AEA,EN,Towers with Radar,2,5,22,4,33,0,0,50,28,78,2,5,72,32,111,34,40,74,185
04/12/2022,ILG,DE,AEA,EN,Towers with Radar,0,8,48,15,71,0,0,56,20,76,0,8,104,35,147,63,19,82,229
04/13/2022,ILG,DE,AEA,EN,Towers with Radar,2,5,48,3,58,0,0,67,16,83,2,5,115,19,141,38,22,60,201
04/14/2022,ILG,DE,AEA,EN,Towers with Radar,0,7,29,4,40,0,0,35,7,42,0,7,64,11,82,48,6,54,136
04/15/2022,ILG,DE,AEA,EN,Towers with Radar,2,6,30,3,41,0,0,80,2,82,2,6,110,5,123,85,2,87,210
04/16/2022,ILG,DE,AEA,EN,Towers with Radar,0,4,12,0,16,0,0,50,0,50,0,4,62,0,66,6,0,6,72
04/17/2022,ILG,DE,AEA,EN,Towers with Radar,2,8,28,0,38,0,0,26,0,26,2,8,54,0,64,9,0,9,73
04/18/2022,ILG,DE,AEA,EN,Towers with Radar,2,8,44,0,54,0,0,13,5,18,2,8,57,5,72,4,3,7,79
04/19/2022,ILG,DE,AEA,EN,Towers with Radar,0,14,25,2,41,0,0,2,18,20,0,14,27,20,61,28,26,54,115
04/20/2022,ILG,DE,AEA,EN,Towers with Radar,2,9,23,4,38,0,1,60,18,79,2,10,83,22,117,50,19,69,186
04/21/2022,ILG,DE,AEA,EN,Towers with Radar,0,8,35,2,45,0,1,73,12,86,0,9,108,14,131,77,20,97,228
04/22/2022,ILG,DE,AEA,EN,Towers with Radar,2,4,28,0,34,0,0,61,10,71,2,4,89,10,105,87,0,87,192
04/23/2022,ILG,DE,AEA,EN,Towers with Radar,0,2,4,0,6,0,0,5,7,12,0,2,9,7,18,0,0,0,18
04/24/2022,ILG,DE,AEA,EN,Towers with Radar,0,2,6,0,8,0,0,0,0,0,0,2,6,0,8,0,0,0,8
04/25/2022,ILG,DE,AEA,EN,Towers with Radar,2,6,16,11,35,0,0,17,9,26,2,6,33,20,61,29,10,39,100
04/26/2022,ILG,DE,AEA,EN,Towers with Radar,0,12,37,7,56,0,0,8,12,20,0,12,45,19,76,109,0,109,185
04/27/2022,ILG,DE,AEA,EN,Towers with Radar,0,8,30,4,42,0,0,13,18,31,0,8,43,22,73,0,19,19,92
04/28/2022,ILG,DE,AEA,EN,Towers with Radar,0,9,24,1,34,0,1,23,9,33,0,10,47,10,67,4,8,12,79
04/29/2022,ILG,DE,AEA,EN,Towers with Radar,2,20,23,4,49,0,0,35,0,35,2,20,58,4,84,17,0,17,101
04/30/2022,ILG,DE,AEA,EN,Towers with Radar,0,7,19,0,26,0,0,105,0,105,0,7,124,0,131,111,0,111,242
05/01/2022,ILG,DE,AEA,EN,Towers with Radar,0,10,24,0,34,0,0,27,0,27,0,10,51,0,61,30,0,30,91
05/02/2022,ILG,DE,AEA,EN,Towers with Radar,2,19,27,4,52,0,0,24,6,30,2,19,51,10,82,55,4,59,141
05/03/2022,ILG,DE,AEA,EN,Towers with Radar,0,14,23,4,41,0,0,36,8,44,0,14,59,12,85,24,27,51,136
05/04/2022,ILG,DE,AEA,EN,Towers with Radar,0,14,79,14,107,0,0,14,10,24,0,14,93,24,131,38,12,50,181
05/05/2022,ILG,DE,AEA,EN,Towers with Radar,0,15,36,3,54,0,0,73,20,93,0,15,109,23,147,92,4,96,243
05/06/2022,ILG,DE,AEA,EN,Towers with Radar,0,5,36,6,47,0,1,5,0,6,0,6,41,6,53,0,3,3,56
05/07/2022,ILG,DE,AEA,EN,Towers with Radar,0,0,3,1,4,0,0,0,0,0,0,0,3,1,4,0,0,0,4
05/08/2022,ILG,DE,AEA,EN,Towers with Radar,0,8,21,0,29,0,0,3,0,3,0,8,24,0,32,0,0,0,32
05/09/2022,ILG,DE,AEA,EN,Towers with Radar,2,11,21,10,44,0,1,34,18,53,2,12,55,28,97,11,2,13,110
05/10/2022,ILG,DE,AEA,EN,Towers with Radar,0,9,37,10,56,0,0,52,10,62,0,9,89,20,118,44,10,54,172
05/11/2022,ILG,DE,AEA,EN,Towers with Radar,0,12,35,3,50,0,0,50,14,64,0,12,85,17,114,61,2,63,177
05/12/2022,ILG,DE,AEA,EN,Towers with Radar,0,28,45,24,97,0,0,19,5,24,0,28,64,29,121,19,24,43,164
05/13/2022,ILG,DE,AEA,EN,Towers with Radar,2,6,15,4,27,0,0,1,0,1,2,6,16,4,28,0,0,0,28
05/14/2022,ILG,DE,AEA,EN,Towers with Radar,0,3,6,0,9,0,0,0,0,0,0,3,6,0,9,0,0,0,9
05/15/2022,ILG,DE,AEA,EN,Towers with Radar,0,10,34,16,60,0,0,23,12,35,0,10,57,28,95,6,0,6,101
05/16/2022,ILG,DE,AEA,EN,Towers with Radar,2,16,10,3,31,0,0,3,2,5,2,16,13,5,36,35,0,35,71
05/17/2022,ILG,DE,AEA,EN,Towers with Radar,0,12,25,3,40,0,4,46,16,66,0,16,71,19,106,62,14,76,182
05/18/2022,ILG,DE,AEA,EN,Towers with Radar,0,13,33,3,49,0,2,98,10,110,0,15,131,13,159,82,0,82,241
05/19/2022,ILG,DE,AEA,EN,Towers with Radar,0,18,40,3,61,0,4,35,8,47,0,22,75,11,108,50,26,76,184
05/20/2022,ILG,DE,AEA,EN,Towers with Radar,0,13,21,2,36,0,0,41,3,44,0,13,62,5,80,78,6,84,164
05/21/2022,ILG,DE,AEA,EN,Towers with Radar,0,8,27,0,35,0,4,47,0,51,0,12,74,0,86,29,0,29,115
05/22/2022,ILG,DE,AEA,EN,Towers with Radar,0,8,27,1,36,0,4,39,1,44,0,12,66,2,80,20,0,20,100
05/23/2022,ILG,DE,AEA,EN,Towers with Radar,2,5,26,4,37,0,3,61,4,68,2,8,87,8,105,31,0,31,136
05/24/2022,ILG,DE,AEA,EN,Towers with Radar,0,2,25,8,35,0,2,38,17,57,0,4,63,25,92,53,25,78,170
05/25/2022,ILG,DE,AEA,EN,Towers with Radar,0,5,33,3,41,0,2,88,12,102,0,7,121,15,143,83,6,89,232
05/26/2022,ILG,DE,AEA,EN,Towers with Radar,0,8,53,6,67,0,1,26,7,34,0,9,79,13,101,108,3,111,212
05/27/2022,ILG,DE,AEA,EN,Towers with Radar,0,5,7,4,16,0,0,1,0,1,0,5,8,4,17,0,0,0,17
05/28/2022,ILG,DE,AEA,EN,Towers with Radar,0,3,5,1,9,0,2,1,1,4,0,5,6,2,13,0,0,0,13
05/29/2022,ILG,DE,AEA,EN,Towers with Radar,0,1,8,2,11,0,0,27,1,28,0,1,35,3,39,8,3,11,50
05/30/2022,ILG,DE,AEA,EN,Towers with Radar,2,5,21,1,29,0,0,49,5,54,2,5,70,6,83,67,0,67,150
05/31/2022,ILG,DE,AEA,EN,Towers with Radar,0,4,28,6,38,0,1,44,26,71,0,5,72,32,109,85,24,109,218
06/01/2022,ILG,DE,AEA,EN,Towers with Radar,0,7,38,7,52,0,0,64,12,76,0,7,102,19,128,64,16,80,208
06/02/2022,ILG,DE,AEA,EN,Towers with Radar,0,18,44,0,62,0,1,15,4,20,0,19,59,4,82,81,13,94,176
06/03/2022,ILG,DE,AEA,EN,Towers with Radar,0,13,39,0,52,0,17,56,2,75,0,30,95,2,127,93,0,93,220
06/04/2022,ILG,DE,AEA,EN,Towers with Radar,0,9,13,2,24,0,1,65,13,79,0,10,78,15,103,87,16,103,206
06/05/2022,ILG,DE,AEA,EN,Towers with Radar,0,4,48,2,54,0,4,70,9,83,0,8,118,11,137,37,12,49,186
06/06/2022,ILG,DE,AEA,EN,Towers with Radar,2,7,38,2,49,0,2,71,8,81,2,9,109,10,130,72,0,72,202
06/07/2022,ILG,DE,AEA,EN,Towers with Radar,0,6,27,4,37,0,0,36,27,63,0,6,63,31,100,43,15,58,158
06/08/2022,ILG,DE,AEA,EN,Towers with Radar,0,5,26,1,32,0,1,38,26,65,0,6,64,27,97,47,15,62,159
06/09/2022,ILG,DE,AEA,EN,Towers with Radar,0,10,24,3,37,0,3,37,6,46,0,13,61,9,83,48,36,84,167
06/10/2022,ILG,DE,AEA,EN,Towers with Radar,0,22,44,6,72,0,0,77,32,109,0,22,121,38,181,68,2,70,251
06/11/2022,ILG,DE,AEA,EN,Towers with Radar,0,9,11,2,22,0,0,17,0,17,0,9,28,2,39,0,0,0,39
06/12/2022,ILG,DE,AEA,EN,Towers with Radar,0,20,14,2,36,0,0,2,0,2,0,20,16,2,38,0,0,0,38
06/13/2022,ILG,DE,AEA,EN,Towers with Radar,0,7,45,13,65,0,0,35,31,66,0,7,80,44,131,56,18,74,205
06/14/2022,ILG,DE,AEA,EN,Towers with Radar,0,15,29,3,47,0,2,21,12,35,0,17,50,15,82,58,0,58,140
06/15/2022,ILG,DE,AEA,EN,Towers with Radar,0,14,28,5,47,0,1,87,30,118,0,15,115,35,165,40,4,44,209
06/16/2022,ILG,DE,AEA,EN,Towers with Radar,0,9,21,1,31,0,0,22,0,22,0,9,43,1,53,44,0,44,97
06/17/2022,ILG,DE,AEA,EN,Towers with Radar,0,9,40,0,49,0,0,56,4,60,0,9,96,4,109,12,0,12,121
06/18/2022,ILG,DE,AEA,EN,Towers with Radar,0,5,22,4,31,0,0,12,2,14,0,5,34,6,45,0,0,0,45
06/19/2022,ILG,DE,AEA,EN,Towers with Radar,0,2,17,1,20,0,0,20,0,20,0,2,37,1,40,20,0,20,60
06/20/2022,ILG,DE,AEA,EN,Towers with Radar,0,1,26,2,29,0,0,77,0,77,0,1,103,2,106,56,0,56,162
06/21/2022,ILG,DE,AEA,EN,Towers with Radar,0,3,62,3,68,0,2,60,9,71,0,5,122,12,139,96,16,112,251
06/22/2022,ILG,DE,AEA,EN,Towers with Radar,0,3,17,8,28,0,0,27,1,28,0,3,44,9,56,51,2,53,109
06/23/2022,ILG,DE,AEA,EN,Towers with Radar,0,8,39,3,50,0,0,18,2,20,0,8,57,5,70,4,7,11,81
06/24/2022,ILG,DE,AEA,EN,Towers with Radar,0,10,46,2,58,0,0,54,0,54,0,10,100,2,112,33,0,33,145
06/25/2022,ILG,DE,AEA,EN,Towers with Radar,0,8,20,4,32,0,0,47,0,47,0,8,67,4,79,24,2,26,105
06/26/2022,ILG,DE,AEA,EN,Towers with Radar,0,24,40,0,64,0,0,45,0,45,0,24,85,0,109,45,0,45,154
06/27/2022,ILG,DE,AEA,EN,Towers with Radar,0,6,19,2,27,0,0,15,12,27,0,6,34,14,54,56,24,80,134
06/28/2022,ILG,DE,AEA,EN,Towers with Radar,0,15,47,7,69,0,0,88,23,111,0,15,135,30,180,84,10,94,274
06/29/2022,ILG,DE,AEA,EN,Towers with Radar,0,12,44,10,66,0,0,79,9,88,0,12,123,19,154,78,2,80,234
06/30/2022,ILG,DE,AEA,EN,Towers with Radar,0,10,30,2,42,0,2,68,10,80,0,12,98,12,122,66,28,94,216
07/01/2022,ILG,DE,AEA,EN,Towers with Radar,0,8,23,0,31,0,0,37,0,37,0,8,60,0,68,40,0,40,108
07/02/2022,ILG,DE,AEA,EN,Towers with Radar,0,5,25,0,30,0,0,14,0,14,0,5,39,0,44,9,0,9,53
07/03/2022,ILG,DE,AEA,EN,Towers with Radar,0,4,13,1,18,0,2,14,0,16,0,6,27,1,34,57,0,57,91
07/04/2022,ILG,DE,AEA,EN,Towers with Radar,0,4,22,0,26,0,0,63,0,63,0,4,85,0,89,34,0,34,123
07/05/2022,ILG,DE,AEA,EN,Towers with Radar,0,6,24,9,39,0,2,43,7,52,0,8,67,16,91,37,9,46,137
07/06/2022,ILG,DE,AEA,EN,Towers with Radar,0,7,23,11,41,0,0,45,22,67,0,7,68,33,108,23,23,46,154
07/07/2022,ILG,DE,AEA,EN,Towers with Radar,0,4,34,19,57,0,0,19,1,20,0,4,53,20,77,38,0,38,115
07/08/2022,ILG,DE,AEA,EN,Towers with Radar,0,5,27,4,36,0,1,33,0,34,0,6,60,4,70,63,0,63,133
07/09/2022,ILG,DE,AEA,EN,Towers with Radar,0,2,24,0,26,0,0,14,0,14,0,2,38,0,40,0,0,0,40
07/10/2022,ILG,DE,AEA,EN,Towers with Radar,0,24,59,4,87,0,2,57,1,60,0,26,116,5,147,46,0,46,193
07/11/2022,ILG,DE,AEA,EN,Towers with Radar,0,17,61,8,86,0,0,48,14,62,0,17,109,22,148,51,0,51,199
07/12/2022,ILG,DE,AEA,EN,Towers with Radar,0,4,30,1,35,0,0,35,14,49,0,4,65,15,84,59,18,77,161
07/13/2022,ILG,DE,AEA,EN,Towers with Radar,0,15,60,7,82,0,0,80,18,98,0,15,140,25,180,104,2,106,286
07/14/2022,ILG,DE,AEA,EN,Towers with Radar,0,8,29,3,40,0,0,44,6,50,0,8,73,9,90,53,2,55,145
07/15/2022,ILG,DE,AEA,EN,Towers with Radar,0,7,34,0,41,0,1,62,2,65,0,8,96,2,106,51,0,51,157
07/16/2022,ILG,DE,AEA,EN,Towers with Radar,0,8,15,7,30,0,0,21,0,21,0,8,36,7,51,16,0,16,67
07/17/2022,ILG,DE,AEA,EN,Towers with Radar,0,19,44,2,65,0,0,25,0,25,0,19,69,2,90,18,0,18,108
07/18/2022,ILG,DE,AEA,EN,Towers with Radar,0,5,27,5,37,0,0,26,6,32,0,5,53,11,69,25,0,25,94
07/19/2022,ILG,DE,AEA,EN,Towers with Radar,0,4,26,4,34,0,0,52,18,70,0,4,78,22,104,76,8,84,188
07/20/2022,ILG,DE,AEA,EN,Towers with Radar,0,2,45,7,54,0,2,65,27,94,0,4,110,34,148,57,26,83,231
07/21/2022,ILG,DE,AEA,EN,Towers with Radar,0,2,35,7,44,0,3,54,8,65,0,5,89,15,109,43,16,59,168
07/22/2022,ILG,DE,AEA,EN,Towers with Radar,0,4,32,0,36,0,0,41,8,49,0,4,73,8,85,12,0,12,97
07/23/2022,ILG,DE,AEA,EN,Towers with Radar,0,9,31,0,40,0,4,37,2,43,0,13,68,2,83,17,0,17,100
07/24/2022,ILG,DE,AEA,EN,Towers with Radar,0,12,24,2,38,0,0,23,0,23,0,12,47,2,61,8,0,8,69
07/25/2022,ILG,DE,AEA,EN,Towers with Radar,0,14,43,8,65,0,0,46,3,49,0,14,89,11,114,57,4,61,175
07/26/2022,ILG,DE,AEA,EN,Towers with Radar,0,3,37,9,49,0,0,56,15,71,0,3,93,24,120,127,20,147,267
07/27/2022,ILG,DE,AEA,EN,Towers with Radar,0,29,50,12,91,0,0,52,16,68,0,29,102,28,159,79,18,97,256
07/28/2022,ILG,DE,AEA,EN,Towers with Radar,0,13,27,5,45,0,2,45,11,58,0,15,72,16,103,51,8,59,162
07/29/2022,ILG,DE,AEA,EN,Towers with Radar,0,9,31,0,40,0,1,36,0,37,0,10,67,0,77,46,0,46,123
07/30/2022,ILG,DE,AEA,EN,Towers with Radar,0,3,7,1,11,0,3,45,9,57,0,6,52,10,68,16,0,16,84
07/31/2022,ILG,DE,AEA,EN,Towers with Radar,0,16,21,0,37,0,0,27,5,32,0,16,48,5,69,2,0,2,71
08/01/2022,ILG,DE,AEA,EN,Towers with Radar,0,6,33,6,45,0,1,15,10,26,0,7,48,16,71,4,19,23,94
08/02/2022,ILG,DE,AEA,EN,Towers with Radar,0,5,35,7,47,0,1,53,11,65,0,6,88,18,112,64,10,74,186
08/03/2022,ILG,DE,AEA,EN,Towers with Radar,0,10,43,18,71,0,0,70,13,83,0,10,113,31,154,46,9,55,209
08/04/2022,ILG,DE,AEA,EN,Towers with Radar,0,13,36,0,49,0,0,38,3,41,0,13,74,3,90,8,0,8,98
08/05/2022,ILG,DE,AEA,EN,Towers with Radar,0,2,25,0,27,0,0,23,1,24,0,2,48,1,51,73,2,75,126
08/06/2022,ILG,DE,AEA,EN,Towers with Radar,0,5,20,3,28,0,0,23,15,38,0,5,43,18,66,39,8,47,113
08/07/2022,ILG,DE,AEA,EN,Towers with Radar,0,8,57,4,69,0,0,20,16,36,0,8,77,20,105,2,17,19,124
08/08/2022,ILG,DE,AEA,EN,Towers with Radar,0,15,41,0,56,0,0,54,0,54,0,15,95,0,110,54,0,54,164
08/09/2022,ILG,DE,AEA,EN,Towers with Radar,0,5,15,0,20,0,7,45,4,56,0,12,60,4,76,47,0,47,123
08/10/2022,ILG,DE,AEA,EN,Towers with Radar,0,11,24,2,37,0,1,56,11,68,0,12,80,13,105,73,2,75,180
08/11/2022,ILG,DE,AEA,EN,Towers with Radar,0,9,29,7,45,0,0,51,0,51,0,9,80,7,96,58,0,58,154
08/12/2022,ILG,DE,AEA,EN,Towers with Radar,0,2,23,0,25,0,2,76,0,78,0,4,99,0,103,68,0,68,171
08/13/2022,ILG,DE,AEA,EN,Towers with Radar,0,6,18,0,24,0,0,59,0,59,0,6,77,0,83,60,0,60,143
08/14/2022,ILG,DE,AEA,EN,Towers with Radar,0,48,64,0,112,0,0,53,2,55,0,48,117,2,167,25,0,25,192
08/15/2022,ILG,DE,AEA,EN,Towers with Radar,0,38,67,10,115,0,0,39,32,71,0,38,106,42,186,45,12,57,243
08/16/2022,ILG,DE,AEA,EN,Towers with Radar,0,6,27,12,45,0,0,21,18,39,0,6,48,30,84,46,0,46,130
08/17/2022,ILG,DE,AEA,EN,Towers with Radar,0,2,10,4,16,0,0,1,10,11,0,2,11,14,27,0,0,0,27
08/18/2022,ILG,DE,AEA,EN,Towers with Radar,0,3,17,2,22,0,0,10,5,15,0,3,27,7,37,0,0,0,37
08/19/2022,ILG,DE,AEA,EN,Towers with Radar,0,13,9,0,22,0,0,11,4,15,0,13,20,4,37,0,0,0,37
08/20/2022,ILG,DE,AEA,EN,Towers with Radar,0,1,4,3,8,0,0,11,7,18,0,1,15,10,26,0,0,0,26
08/21/2022,ILG,DE,AEA,EN,Towers with Radar,0,68,56,2,126,0,3,49,0,52,0,71,105,2,178,20,0,20,198
08/22/2022,ILG,DE,AEA,EN,Towers with Radar,0,16,32,2,50,0,0,25,18,43,0,16,57,20,93,72,19,91,184
08/23/2022,ILG,DE,AEA,EN,Towers with Radar,0,13,25,30,68,0,2,33,17,52,0,15,58,47,120,57,23,80,200
08/24/2022,ILG,DE,AEA,EN,Towers with Radar,0,5,30,3,38,0,2,69,17,88,0,7,99,20,126,125,13,138,264
08/25/2022,ILG,DE,AEA,EN,Towers with Radar,0,6,29,1,36,0,6,63,9,78,0,12,92,10,114,60,12,72,186
08/26/2022,ILG,DE,AEA,EN,Towers with Radar,0,11,60,4,75,0,2,40,4,46,0,13,100,8,121,44,0,44,165
08/27/2022,ILG,DE,AEA,EN,Towers with Radar,0,2,1,0,3,0,0,4,8,12,0,2,5,8,15,0,0,0,15
08/28/2022,ILG,DE,AEA,EN,Towers with Radar,0,2,13,0,15,0,1,4,5,10,0,3,17,5,25,0,5,5,30
08/29/2022,ILG,DE,AEA,EN,Towers with Radar,0,4,21,2,27,0,0,37,5,42,0,4,58,7,69,21,13,34,103
08/30/2022,ILG,DE,AEA,EN,Towers with Radar,0,16,55,12,83,0,0,29,9,38,0,16,84,21,121,52,13,65,186
08/31/2022,ILG,DE,AEA,EN,Towers with Radar,0,15,56,3,74,0,0,74,18,92,0,15,130,21,166,70,14,84,250
09/01/2022,ILG,DE,AEA,EN,Towers with Radar,0,1,18,4,23,0,0,76,2,78,0,1,94,6,101,58,16,74,175
09/02/2022,ILG,DE,AEA,EN,Towers with Radar,0,4,20,0,24,0,6,67,0,73,0,10,87,0,97,109,0,109,206
09/03/2022,ILG,DE,AEA,EN,Towers with Radar,0,3,14,0,17,0,0,55,0,55,0,3,69,0,72,42,0,42,114
09/04/2022,ILG,DE,AEA,EN,Towers with Radar,0,6,26,0,32,0,1,36,1,38,0,7,62,1,70,14,0,14,84
09/05/2022,ILG,DE,AEA,EN,Towers with Radar,0,3,12,0,15,0,3,18,0,21,0,6,30,0,36,63,0,63,99
09/06/2022,ILG,DE,AEA,EN,Towers with Radar,0,12,17,6,35,0,0,1,0,1,0,12,18,6,36,0,2,2,38
09/07/2022,ILG,DE,AEA,EN,Towers with Radar,0,21,84,31,136,0,0,0,0,0,0,21,84,31,136,0,4,4,140
09/08/2022,ILG,DE,AEA,EN,Towers with Radar,0,12,26,0,38,0,10,74,16,100,0,22,100,16,138,90,18,108,246
09/09/2022,ILG,DE,AEA,EN,Towers with Radar,0,7,20,4,31,0,0,38,11,49,0,7,58,15,80,22,6,28,108
09/10/2022,ILG,DE,AEA,EN,Towers with Radar,0,0,11,4,15,0,5,8,10,23,0,5,19,14,38,0,0,0,38
09/11/2022,ILG,DE,AEA,EN,Towers with Radar,0,12,57,20,89,0,2,3,0,5,0,14,60,20,94,0,0,0,94
09/12/2022,ILG,DE,AEA,EN,Towers with Radar,0,3,17,0,20,0,0,11,0,11,0,3,28,0,31,8,0,8,39
09/13/2022,ILG,DE,AEA,EN,Towers with Radar,0,9,52,20,81,0,1,43,4,48,0,10,95,24,129,108,2,110,239
09/14/2022,ILG,DE,AEA,EN,Towers with Radar,0,10,38,2,50,0,2,81,8,91,0,12,119,10,141,95,6,101,242
09/15/2022,ILG,DE,AEA,EN,Towers with Radar,0,8,36,4,48,0,0,60,3,63,0,8,96,7,111,44,2,46,157
09/16/2022,ILG,DE,AEA,EN,Towers with Radar,2,9,37,0,48,0,2,60,1,63,2,11,97,1,111,101,0,101,212
09/17/2022,ILG,DE,AEA,EN,Towers with Radar,2,4,19,0,25,0,2,44,5,51,2,6,63,5,76,56,4,60,136
09/18/2022,ILG,DE,AEA,EN,Towers with Radar,0,15,46,1,62,0,3,44,9,56,0,18,90,10,118,6,28,34,152
09/19/2022,ILG,DE,AEA,EN,Towers with Radar,0,10,35,5,50,0,1,52,17,70,0,11,87,22,120,99,25,124,244
09/20/2022,ILG,DE,AEA,EN,Towers with Radar,0,11,23,6,40,0,2,44,26,72,0,13,67,32,112,68,8,76,188
09/21/2022,ILG,DE,AEA,EN,Towers with Radar,0,11,50,6,67,0,1,81,12,94,0,12,131,18,161,94,6,100,261
09/22/2022,ILG,DE,AEA,EN,Towers with Radar,0,7,31,11,49,0,0,22,1,23,0,7,53,12,72,37,8,45,117
09/23/2022,ILG,DE,AEA,EN,Towers with Radar,0,11,16,3,30,0,2,49,19,70,0,13,65,22,100,74,0,74,174
09/24/2022,ILG,DE,AEA,EN,Towers with Radar,0,1,7,1,9,0,2,13,10,25,0,3,20,11,34,0,0,0,34
09/25/2022,ILG,DE,AEA,EN,Towers with Radar,0,0,15,0,15,0,0,1,3,4,0,0,16,3,19,0,0,0,19
09/26/2022,ILG,DE,AEA,EN,Towers with Radar,0,14,45,3,62,0,6,43,14,63,0,20,88,17,125,33,4,37,162
09/27/2022,ILG,DE,AEA,EN,Towers with Radar,0,18,45,2,65,0,0,56,8,64,0,18,101,10,129,133,0,133,262
09/28/2022,ILG,DE,AEA,EN,Towers with Radar,0,18,24,0,42,0,0,71,1,72,0,18,95,1,114,130,0,130,244
09/29/2022,ILG,DE,AEA,EN,Towers with Radar,0,8,31,2,41,0,0,49,1,50,0,8,80,3,91,100,0,100,191
09/30/2022,ILG,DE,AEA,EN,Towers with Radar,0,11,22,0,33,0,1,40,0,41,0,12,62,0,74,56,0,56,130
10/01/2022,ILG,DE,AEA,EN,Towers with Radar,0,8,7,0,15,0,0,0,0,0,0,8,7,0,15,0,0,0,15
10/02/2022,ILG,DE,AEA,EN,Towers with Radar,0,18,30,0,48,0,0,0,0,0,0,18,30,0,48,0,0,0,48
10/03/2022,ILG,DE,AEA,EN,Towers with Radar,0,3,36,0,39,0,0,3,0,3,0,3,39,0,42,2,0,2,44
10/04/2022,ILG,DE,AEA,EN,Towers with Radar,0,14,52,0,66,0,0,0,0,0,0,14,52,0,66,0,0,0,66
10/05/2022,ILG,DE,AEA,EN,Towers with Radar,0,18,47,3,68,0,4,7,9,20,0,22,54,12,88,2,3,5,93
10/06/2022,ILG,DE,AEA,EN,Towers with Radar,0,12,39,3,54,0,1,81,18,100,0,13,120,21,154,137,0,137,291
10/07/2022,ILG,DE,AEA,EN,Towers with Radar,0,9,15,2,26,0,0,48,9,57,0,9,63,11,83,47,0,47,130
10/08/2022,ILG,DE,AEA,EN,Towers with Radar,0,2,3,3,8,0,8,8,1,17,0,10,11,4,25,0,0,0,25
10/09/2022,ILG,DE,AEA,EN,Towers with Radar,0,0,8,0,8,0,10,2,4,16,0,10,10,4,24,0,0,0,24
10/10/2022,ILG,DE,AEA,EN,Towers with Radar,0,16,30,2,48,0,5,37,10,52,0,21,67,12,100,56,0,56,156
10/11/2022,ILG,DE,AEA,EN,Towers with Radar,0,10,23,4,37,0,0,89,6,95,0,10,112,10,132,181,2,183,315
10/12/2022,ILG,DE,AEA,EN,Towers with Radar,0,11,36,3,50,0,0,55,8,63,0,11,91,11,113,101,4,105,218
10/13/2022,ILG,DE,AEA,EN,Towers with Radar,0,9,38,1,48,0,0,2,3,5,0,9,40,4,53,0,2,2,55
10/14/2022,ILG,DE,AEA,EN,Towers with Radar,0,8,19,2,29,0,7,65,15,87,0,15,84,17,116,99,0,99,215
10/15/2022,ILG,DE,AEA,EN,Towers with Radar,0,12,27,4,43,0,0,41,24,65,0,12,68,28,108,82,13,95,203
10/16/2022,ILG,DE,AEA,EN,Towers with Radar,0,0,28,1,29,0,0,4,11,15,0,0,32,12,44,0,0,0,44
10/17/2022,ILG,DE,AEA,EN,Towers with Radar,0,15,19,4,38,0,2,13,5,20,0,17,32,9,58,0,0,0,58
10/18/2022,ILG,DE,AEA,EN,Towers with Radar,0,6,27,3,36,0,0,56,14,70,0,6,83,17,106,77,10,87,193
10/19/2022,ILG,DE,AEA,EN,Towers with Radar,0,20,39,3,62,0,2,31,24,57,0,22,70,27,119,121,7,128,247
10/20/2022,ILG,DE,AEA,EN,Towers with Radar,1,8,49,0,58,0,0,40,6,46,1,8,89,6,104,54,11,65,169
10/21/2022,ILG,DE,AEA,EN,Towers with Radar,0,8,21,1,30,0,0,34,4,38,0,8,55,5,68,144,0,144,212
10/22/2022,ILG,DE,AEA,EN,Towers with Radar,0,4,32,0,36,0,2,58,0,60,0,6,90,0,96,91,0,91,187
10/23/2022,ILG,DE,AEA,EN,Towers with Radar,0,18,58,0,76,0,0,18,1,19,0,18,76,1,95,38,0,38,133
10/24/2022,ILG,DE,AEA,EN,Towers with Radar,0,14,72,0,86,0,0,0,0,0,0,14,72,0,86,0,0,0,86
10/25/2022,ILG,DE,AEA,EN,Towers with Radar,0,25,84,0,109,0,0,2,0,2,0,25,86,0,111,0,0,0,111
10/26/2022,ILG,DE,AEA,EN,Towers with Radar,0,16,40,17,73,0,0,8,9,17,0,16,48,26,90,24,4,28,118
10/27/2022,ILG,DE,AEA,EN,Towers with Radar,0,7,35,7,49,0,0,57,23,80,0,7,92,30,129,78,0,78,207
10/28/2022,ILG,DE,AEA,EN,Towers with Radar,0,4,9,2,15,0,0,3,7,10,0,4,12,9,25,0,0,0,25
10/29/2022,ILG,DE,AEA,EN,Towers with Radar,0,2,12,3,17,0,0,6,4,10,0,2,18,7,27,0,0,0,27
10/30/2022,ILG,DE,AEA,EN,Towers with Radar,0,3,6,0,9,0,0,1,0,1,0,3,7,0,10,0,0,0,10
10/31/2022,ILG,DE,AEA,EN,Towers with Radar,0,10,34,5,49,0,0,20,4,24,0,10,54,9,73,22,0,22,95
11/01/2022,ILG,DE,AEA,EN,Towers with Radar,2,7,21,2,32,0,0,22,8,30,2,7,43,10,62,22,4,26,88
11/02/2022,ILG,DE,AEA,EN,Towers with Radar,0,16,24,6,46,0,0,89,11,100,0,16,113,17,146,143,0,143,289
11/03/2022,ILG,DE,AEA,EN,Towers with Radar,0,18,26,4,48,0,4,66,6,76,0,22,92,10,124,62,2,64,188
11/04/2022,ILG,DE,AEA,EN,Towers with Radar,2,12,28,3,45,0,1,27,8,36,2,13,55,11,81,2,0,2,83
11/05/2022,ILG,DE,AEA,EN,Towers with Radar,0,4,9,2,15,0,4,18,26,48,0,8,27,28,63,17,8,25,88
11/06/2022,ILG,DE,AEA,EN,Towers with Radar,7,10,25,4,46,0,0,11,22,33,7,10,36,26,79,1,0,1,80
11/07/2022,ILG,DE,AEA,EN,Towers with Radar,0,11,24,0,35,0,0,42,1,43,0,11,66,1,78,97,0,97,175
11/08/2022,ILG,DE,AEA,EN,Towers with Radar,0,12,26,0,38,0,1,49,10,60,0,13,75,10,98,43,0,43,141
11/09/2022,ILG,DE,AEA,EN,Towers with Radar,0,12,33,1,46,0,0,62,13,75,0,12,95,14,121,141,0,141,262
11/10/2022,ILG,DE,AEA,EN,Towers with Radar,0,4,31,0,35,0,2,79,6,87,0,6,110,6,122,129,4,133,255
11/11/2022,ILG,DE,AEA,EN,Towers with Radar,0,14,23,0,37,0,0,1,0,1,0,14,24,0,38,0,0,0,38
11/12/2022,ILG,DE,AEA,EN,Towers with Radar,0,8,15,0,23,0,2,39,2,43,0,10,54,2,66,4,0,4,70
11/13/2022,ILG,DE,AEA,EN,Towers with Radar,0,9,38,0,47,0,0,17,0,17,0,9,55,0,64,8,0,8,72
11/14/2022,ILG,DE,AEA,EN,Towers with Radar,0,10,66,0,76,0,0,48,0,48,0,10,114,0,124,43,0,43,167
11/15/2022,ILG,DE,AEA,EN,Towers with Radar,0,14,38,6,58,0,0,34,9,43,0,14,72,15,101,16,4,20,121
11/16/2022,ILG,DE,AEA,EN,Towers with Radar,0,18,18,10,46,0,0,6,16,22,0,18,24,26,68,2,18,20,88
11/17/2022,ILG,DE,AEA,EN,Towers with Radar,0,9,37,4,50,0,2,29,10,41,0,11,66,14,91,8,0,8,99
11/18/2022,ILG,DE,AEA,EN,Towers with Radar,0,5,32,0,37,0,0,37,4,41,0,5,69,4,78,12,4,16,94
11/19/2022,ILG,DE,AEA,EN,Towers with Radar,0,13,20,0,33,0,3,36,0,39,0,16,56,0,72,72,0,72,144
11/20/2022,ILG,DE,AEA,EN,Towers with Radar,0,13,33,0,46,0,0,10,0,10,0,13,43,0,56,0,0,0,56
11/21/2022,ILG,DE,AEA,EN,Towers with Radar,0,16,43,2,61,0,0,53,9,62,0,16,96,11,123,93,0,93,216
11/22/2022,ILG,DE,AEA,EN,Towers with Radar,0,18,67,0,85,0,0,59,8,67,0,18,126,8,152,62,0,62,214
11/23/2022,ILG,DE,AEA,EN,Towers with Radar,0,22,57,0,79,0,1,82,1,84,0,23,139,1,163,40,0,40,203
11/24/2022,ILG,DE,AEA,EN,Towers with Radar,0,3,13,0,16,0,0,15,0,15,0,3,28,0,31,3,0,3,34
11/25/2022,ILG,DE,AEA,EN,Towers with Radar,0,3,8,0,11,0,1,20,0,21,0,4,28,0,32,28,0,28,60
11/26/2022,ILG,DE,AEA,EN,Towers with Radar,0,5,20,0,25,0,0,46,0,46,0,5,66,0,71,30,0,30,101
11/27/2022,ILG,DE,AEA,EN,Towers with Radar,0,13,64,3,80,0,0,6,0,6,0,13,70,3,86,0,0,0,86
11/28/2022,ILG,DE,AEA,EN,Towers with Radar,0,10,24,0,34,0,1,33,0,34,0,11,57,0,68,4,0,4,72
11/29/2022,ILG,DE,AEA,EN,Towers with Radar,0,16,27,3,46,0,0,82,14,96,0,16,109,17,142,75,4,79,221
11/30/2022,ILG,DE,AEA,EN,Towers with Radar,0,11,24,2,37,0,0,4,0,4,0,11,28,2,41,0,0,0,41
12/01/2022,ILG,DE,AEA,EN,Towers with Radar,0,6,33,2,41,0,1,43,17,61,0,7,76,19,102,18,6,24,126
12/02/2022,ILG,DE,AEA,EN,Towers with Radar,2,14,32,0,48,0,4,63,4,71,2,18,95,4,119,54,0,54,173
12/03/2022,ILG,DE,AEA,EN,Towers with Radar,0,8,6,0,14,0,0,14,0,14,0,8,20,0,28,30,0,30,58
12/04/2022,ILG,DE,AEA,EN,Towers with Radar,0,11,51,2,64,0,0,78,2,80,0,11,129,4,144,8,2,10,154
12/05/2022,ILG,DE,AEA,EN,Towers with Radar,0,8,24,1,33,0,1,60,0,61,0,9,84,1,94,18,0,18,112
12/06/2022,ILG,DE,AEA,EN,Towers with Radar,0,7,18,0,25,0,0,0,0,0,0,7,18,0,25,0,0,0,25
12/07/2022,ILG,DE,AEA,EN,Towers with Radar,0,15,16,0,31,0,0,0,0,0,0,15,16,0,31,0,0,0,31
12/08/2022,ILG,DE,AEA,EN,Towers with Radar,0,15,67,3,85,0,0,38,21,59,0,15,105,24,144,35,16,51,195
12/09/2022,ILG,DE,AEA,EN,Towers with Radar,0,9,43,0,52,0,1,86,4,91,0,10,129,4,143,40,0,40,183
12/10/2022,ILG,DE,AEA,EN,Towers with Radar,0,12,15,0,27,0,1,34,0,35,0,13,49,0,62,56,0,56,118
12/11/2022,ILG,DE,AEA,EN,Towers with Radar,0,4,23,0,27,0,0,3,0,3,0,4,26,0,30,0,0,0,30
12/12/2022,ILG,DE,AEA,EN,Towers with Radar,0,11,31,2,44,0,1,44,8,53,0,12,75,10,97,26,23,49,146
12/13/2022,ILG,DE,AEA,EN,Towers with Radar,0,7,59,12,78,0,1,73,24,98,0,8,132,36,176,65,17,82,258
12/14/2022,ILG,DE,AEA,EN,Towers with Radar,0,5,39,6,50,0,6,71,17,94,0,11,110,23,144,46,4,50,194
12/15/2022,ILG,DE,AEA,EN,Towers with Radar,0,6,20,1,27,0,0,0,0,0,0,6,20,1,27,0,0,0,27
12/16/2022,ILG,DE,AEA,EN,Towers with Radar,0,8,30,3,41,0,0,3,8,11,0,8,33,11,52,0,0,0,52
12/17/2022,ILG,DE,AEA,EN,Towers with Radar,0,2,7,1,10,0,0,2,4,6,0,2,9,5,16,0,0,0,16
12/18/2022,ILG,DE,AEA,EN,Towers with Radar,0,6,13,1,20,0,0,4,1,5,0,6,17,2,25,0,0,0,25
12/19/2022,ILG,DE,AEA,EN,Towers with Radar,0,5,27,2,34,0,1,35,22,58,0,6,62,24,92,13,7,20,112
12/20/2022,ILG,DE,AEA,EN,Towers with Radar,0,6,28,2,36,0,6,55,13,74,0,12,83,15,110,44,8,52,162
12/21/2022,ILG,DE,AEA,EN,Towers with Radar,0,13,64,3,80,0,0,58,28,86,0,13,122,31,166,41,4,45,211
12/22/2022,ILG,DE,AEA,EN,Towers with Radar,0,10,14,0,24,0,0,3,2,5,0,10,17,2,29,0,0,0,29
12/23/2022,ILG,DE,AEA,EN,Towers with Radar,0,4,8,1,13,0,1,0,0,1,0,5,8,1,14,0,0,0,14
12/24/2022,ILG,DE,AEA,EN,Towers with Radar,0,12,10,0,22,0,0,7,0,7,0,12,17,0,29,10,0,10,39
12/25/2022,ILG,DE,AEA,EN,Towers with Radar,0,4,6,0,10,0,0,0,0,0,0,4,6,0,10,0,0,0,10
12/26/2022,ILG,DE,AEA,EN,Towers with Radar,0,26,50,0,76,0,0,61,0,61,0,26,111,0,137,37,0,37,174
12/27/2022,ILG,DE,AEA,EN,Towers with Radar,0,26,70,3,99,0,0,30,5,35,0,26,100,8,134,39,0,39,173
12/28/2022,ILG,DE,AEA,EN,Towers with Radar,0,15,24,0,39,0,0,67,3,70,0,15,91,3,109,27,6,33,142
12/29/2022,ILG,DE,AEA,EN,Towers with Radar,0,8,18,0,26,0,0,68,4,72,0,8,86,4,98,40,8,48,146
12/30/2022,ILG,DE,AEA,EN,Towers with Radar,0,4,17,1,22,0,0,75,2,77,0,4,92,3,99,52,0,52,151
12/31/2022,ILG,DE,AEA,EN,Towers with Radar,0,7,2,0,9,0,0,0,0,0,0,7,2,0,9,0,0,0,9
01/01/2023,ILG,DE,AEA,EN,Towers with Radar,0,10,24,0,34,0,0,11,0,11,0,10,35,0,45,0,0,0,45
01/02/2023,ILG,DE,AEA,EN,Towers with Radar,0,11,34,0,45,0,0,61,0,61,0,11,95,0,106,66,0,66,172
01/03/2023,ILG,DE,AEA,EN,Towers with Radar,0,7,27,3,37,0,0,2,7,9,0,7,29,10,46,6,0,6,52
01/04/2023,ILG,DE,AEA,EN,Towers with Radar,0,6,17,2,25,0,0,16,2,18,0,6,33,4,43,48,0,48,91
01/05/2023,ILG,DE,AEA,EN,Towers with Radar,0,7,32,4,43,0,0,34,18,52,0,7,66,22,95,55,22,77,172
01/06/2023,ILG,DE,AEA,EN,Towers with Radar,0,13,32,4,49,0,0,26,11,37,0,13,58,15,86,16,0,16,102
01/07/2023,ILG,DE,AEA,EN,Towers with Radar,0,6,10,0,16,0,1,3,2,6,0,7,13,2,22,0,0,0,22
01/08/2023,ILG,DE,AEA,EN,Towers with Radar,0,4,25,2,31,0,1,24,14,39,0,5,49,16,70,43,0,43,113
01/09/2023,ILG,DE,AEA,EN,Towers with Radar,0,5,18,2,25,0,0,35,0,35,0,5,53,2,60,48,0,48,108
01/10/2023,ILG,DE,AEA,EN,Towers with Radar,0,7,28,6,41,0,0,67,10,77,0,7,95,16,118,22,12,34,152
01/11/2023,ILG,DE,AEA,EN,Towers with Radar,0,8,32,7,47,0,0,63,24,87,0,8,95,31,134,59,8,67,201
01/12/2023,ILG,DE,AEA,EN,Towers with Radar,0,13,24,4,41,0,1,9,11,21,0,14,33,15,62,20,20,40,102
01/13/2023,ILG,DE,AEA,EN,Towers with Radar,0,6,46,10,62,0,0,16,3,19,0,6,62,13,81,12,0,12,93
01/14/2023,ILG,DE,AEA,EN,Towers with Radar,0,2,14,0,16,0,0,1,2,3,0,2,15,2,19,0,0,0,19
01/15/2023,ILG,DE,AEA,EN,Towers with Radar,0,2,6,4,12,0,0,8,0,8,0,2,14,4,20,6,0,6,26
01/16/2023,ILG,DE,AEA,EN,Towers with Radar,0,3,22,1,26,0,0,22,12,34,0,3,44,13,60,36,0,36,96
01/17/2023,ILG,DE,AEA,EN,Towers with Radar,0,5,39,11,55,0,0,32,19,51,0,5,71,30,106,60,2,62,168
01/18/2023,ILG,DE,AEA,EN,Towers with Radar,0,7,25,7,39,0,1,39,20,60,0,8,64,27,99,25,16,41,140
01/19/2023,ILG,DE,AEA,EN,Towers with Radar,0,8,26,2,36,0,0,2,3,5,0,8,28,5,41,0,14,14,55
01/20/2023,ILG,DE,AEA,EN,Towers with Radar,0,7,41,0,48,0,2,43,0,45,0,9,84,0,93,61,0,61,154
01/21/2023,ILG,DE,AEA,EN,Towers with Radar,0,2,27,0,29,0,0,69,0,69,0,2,96,0,98,80,0,80,178
01/22/2023,ILG,DE,AEA,EN,Towers with Radar,0,11,34,0,45,0,1,27,0,28,0,12,61,0,73,6,0,6,79
01/23/2023,ILG,DE,AEA,EN,Towers with Radar,0,2,11,2,15,0,0,3,2,5,0,2,14,4,20,26,12,38,58
01/24/2023,ILG,DE,AEA,EN,Towers with Radar,0,17,53,4,74,0,0,57,9,66,0,17,110,13,140,106,10,116,256
01/25/2023,ILG,DE,AEA,EN,Towers with Radar,0,8,9,4,21,0,0,8,4,12,0,8,17,8,33,66,0,66,99
01/26/2023,ILG,DE,AEA,EN,Towers with Radar,0,13,25,4,42,0,0,23,14,37,0,13,48,18,79,30,19,49,128
01/27/2023,ILG,DE,AEA,EN,Towers with Radar,0,8,55,0,63,0,1,86,2,89,0,9,141,2,152,117,0,117,269
01/28/2023,ILG,DE,AEA,EN,Towers with Radar,0,12,30,0,42,0,0,57,8,65,0,12,87,8,107,34,0,34,141
01/29/2023,ILG,DE,AEA,EN,Towers with Radar,0,1,7,1,9,0,1,14,7,22,0,2,21,8,31,4,0,4,35
01/30/2023,ILG,DE,AEA,EN,Towers with Radar,1,1,32,2,36,0,0,30,12,42,1,1,62,14,78,28,4,32,110
01/31/2023,ILG,DE,AEA,EN,Towers with Radar,0,9,9,4,22,0,0,6,0,6,0,9,15,4,28,8,46,54,82
02/01/2023,ILG,DE,AEA,EN,Towers with Radar,2,10,18,3,33,0,0,42,12,54,2,10,60,15,87,40,7,47,134
02/02/2023,ILG,DE,AEA,EN,Towers with Radar,4,4,19,9,36,0,0,51,30,81,4,4,70,39,117,85,12,97,214
02/03/2023,ILG,DE,AEA,EN,Towers with Radar,7,23,27,6,63,0,0,9,8,17,7,23,36,14,80,21,2,23,103
02/04/2023,ILG,DE,AEA,EN,Towers with Radar,6,10,23,11,50,0,1,27,6,34,6,11,50,17,84,31,8,39,123
02/05/2023,ILG,DE,AEA,EN,Towers with Radar,4,3,20,1,28,0,0,16,12,28,4,3,36,13,56,12,0,12,68
02/06/2023,ILG,DE,AEA,EN,Towers with Radar,4,3,22,0,29,0,0,40,0,40,4,3,62,0,69,42,0,42,111
02/07/2023,ILG,DE,AEA,EN,Towers with Radar,1,6,37,3,47,0,0,61,15,76,1,6,98,18,123,88,14,102,225
02/08/2023,ILG,DE,AEA,EN,Towers with Radar,3,7,33,3,46,0,0,54,11,65,3,7,87,14,111,128,9,137,248
02/09/2023,ILG,DE,AEA,EN,Towers with Radar,5,9,33,5,52,0,0,31,11,42,5,9,64,16,94,23,5,28,122
02/10/2023,ILG,DE,AEA,EN,Towers with Radar,7,29,44,0,80,0,0,30,8,38,7,29,74,8,118,21,0,21,139
02/11/2023,ILG,DE,AEA,EN,Towers with Radar,8,20,49,0,77,0,1,58,4,63,8,21,107,4,140,90,0,90,230
02/12/2023,ILG,DE,AEA,EN,Towers with Radar,4,8,16,0,28,0,0,22,0,22,4,8,38,0,50,20,0,20,70
02/13/2023,ILG,DE,AEA,EN,Towers with Radar,6,12,27,2,47,0,0,31,3,34,6,12,58,5,81,59,16,75,156
02/14/2023,ILG,DE,AEA,EN,Towers with Radar,2,20,35,5,62,0,0,64,14,78,2,20,99,19,140,33,14,47,187
02/15/2023,ILG,DE,AEA,EN,Towers with Radar,2,13,12,3,30,0,1,47,11,59,2,14,59,14,89,20,7,27,116
02/16/2023,ILG,DE,AEA,EN,Towers with Radar,4,14,35,19,72,0,0,15,3,18,4,14,50,22,90,20,3,23,113
02/17/2023,ILG,DE,AEA,EN,Towers with Radar,7,13,39,0,59,0,0,3,0,3,7,13,42,0,62,0,0,0,62
02/18/2023,ILG,DE,AEA,EN,Towers with Radar,7,10,18,2,37,0,0,55,4,59,7,10,73,6,96,37,0,37,133
02/19/2023,ILG,DE,AEA,EN,Towers with Radar,4,7,16,0,27,0,0,24,0,24,4,7,40,0,51,8,0,8,59
02/20/2023,ILG,DE,AEA,EN,Towers with Radar,4,16,37,0,57,0,0,73,0,73,4,16,110,0,130,126,0,126,256
02/21/2023,ILG,DE,AEA,EN,Towers with Radar,0,13,27,2,42,0,0,16,6,22,0,13,43,8,64,26,2,28,92
02/22/2023,ILG,DE,AEA,EN,Towers with Radar,2,9,17,6,34,0,1,35,4,40,2,10,52,10,74,71,16,87,161
02/23/2023,ILG,DE,AEA,EN,Towers with Radar,4,10,30,1,45,0,2,42,8,52,4,12,72,9,97,44,12,56,153
02/24/2023,ILG,DE,AEA,EN,Towers with Radar,8,10,18,0,36,0,0,18,14,32,8,10,36,14,68,2,0,2,70
02/25/2023,ILG,DE,AEA,EN,Towers with Radar,7,10,10,0,27,0,1,2,8,11,7,11,12,8,38,0,0,0,38
02/26/2023,ILG,DE,AEA,EN,Towers with Radar,5,1,6,0,12,0,2,4,4,10,5,3,10,4,22,0,0,0,22
02/27/2023,ILG,DE,AEA,EN,Towers with Radar,7,11,23,4,45,0,2,29,11,42,7,13,52,15,87,66,4,70,157
02/28/2023,ILG,DE,AEA,EN,Towers with Radar,0,10,24,5,39,0,0,12,12,24,0,10,36,17,63,2,6,8,71
03/01/2023,ILG,DE,AEA,EN,Towers with Radar,4,18,41,1,64,0,8,61,21,90,4,26,102,22,154,53,1,54,208
03/02/2023,ILG,DE,AEA,EN,Towers with Radar,3,15,33,2,53,0,0,31,15,46,3,15,64,17,99,20,4,24,123
03/03/2023,ILG,DE,AEA,EN,Towers with Radar,7,15,19,4,45,0,0,25,2,27,7,15,44,6,72,53,0,53,125
03/04/2023,ILG,DE,AEA,EN,Towers with Radar,4,1,6,0,11,0,0,3,13,16,4,1,9,13,27,0,0,0,27
03/05/2023,ILG,DE,AEA,EN,Towers with Radar,5,9,15,6,35,0,2,19,20,41,5,11,34,26,76,24,2,26,102
03/06/2023,ILG,DE,AEA,EN,Towers with Radar,4,10,28,2,44,0,0,66,4,70,4,10,94,6,114,73,0,73,187
03/07/2023,ILG,DE,AEA,EN,Towers with Radar,0,16,23,1,40,0,0,18,8,26,0,16,41,9,66,4,11,15,81
03/08/2023,ILG,DE,AEA,EN,Towers with Radar,3,11,28,3,45,0,2,43,22,67,3,13,71,25,112,4,14,18,130
03/09/2023,ILG,DE,AEA,EN,Towers with Radar,4,10,36,5,55,0,2,45,16,63,4,12,81,21,118,25,4,29,147
03/10/2023,ILG,DE,AEA,EN,Towers with Radar,4,6,17,4,31,0,0,13,6,19,4,6,30,10,50,64,8,72,122
03/11/2023,ILG,DE,AEA,EN,Towers with Radar,8,2,4,0,14,0,0,1,0,1,8,2,5,0,15,0,0,0,15
03/12/2023,ILG,DE,AEA,EN,Towers with Radar,5,1,8,3,17,0,0,2,3,5,5,1,10,6,22,0,0,0,22
03/13/2023,ILG,DE,AEA,EN,Towers with Radar,4,13,21,4,42,0,0,2,1,3,4,13,23,5,45,0,10,10,55
03/14/2023,ILG,DE,AEA,EN,Towers with Radar,0,13,10,0,23,0,0,6,5,11,0,13,16,5,34,0,0,0,34
03/15/2023,ILG,DE,AEA,EN,Towers with Radar,4,10,7,5,26,0,1,4,9,14,4,11,11,14,40,8,2,10,50
03/16/2023,ILG,DE,AEA,EN,Towers with Radar,4,6,41,2,53,0,0,86,12,98,4,6,127,14,151,57,15,72,223
03/17/2023,ILG,DE,AEA,EN,Towers with Radar,8,17,36,4,65,0,1,61,15,77,8,18,97,19,142,100,0,100,242
03/18/2023,ILG,DE,AEA,EN,Towers with Radar,8,12,2,0,22,0,2,1,3,6,8,14,3,3,28,0,0,0,28
03/19/2023,ILG,DE,AEA,EN,Towers with Radar,4,4,9,0,17,0,1,7,8,16,4,5,16,8,33,0,0,0,33
03/20/2023,ILG,DE,AEA,EN,Towers with Radar,4,6,17,1,28,0,0,66,9,75,4,6,83,10,103,119,14,133,236
03/21/2023,ILG,DE,AEA,EN,Towers with Radar,0,6,35,2,43,0,0,86,14,100,0,6,121,16,143,114,16,130,273
03/22/2023,ILG,DE,AEA,EN,Towers with Radar,3,8,45,0,56,0,1,55,16,72,3,9,100,16,128,62,25,87,215
03/23/2023,ILG,DE,AEA,EN,Towers with Radar,4,5,15,2,26,0,0,11,16,27,4,5,26,18,53,0,2,2,55
03/24/2023,ILG,DE,AEA,EN,Towers with Radar,4,14,24,1,43,0,0,9,3,12,4,14,33,4,55,16,16,32,87
03/25/2023,ILG,DE,AEA,EN,Towers with Radar,4,1,7,0,12,0,0,0,0,0,4,1,7,0,12,0,0,0,12
03/26/2023,ILG,DE,AEA,EN,Towers with Radar,6,1,8,0,15,0,2,1,20,23,6,3,9,20,38,0,0,0,38
03/27/2023,ILG,DE,AEA,EN,Towers with Radar,4,8,26,2,40,0,1,44,0,45,4,9,70,2,85,72,0,72,157
03/28/2023,ILG,DE,AEA,EN,Towers with Radar,0,15,26,2,43,0,0,31,25,56,0,15,57,27,99,42,21,63,162
03/29/2023,ILG,DE,AEA,EN,Towers with Radar,6,14,18,5,43,0,5,45,27,77,6,19,63,32,120,73,13,86,206
03/30/2023,ILG,DE,AEA,EN,Towers with Radar,4,9,46,7,66,0,3,55,16,74,4,12,101,23,140,35,12,47,187
03/31/2023,ILG,DE,AEA,EN,Towers with Radar,8,7,30,0,45,0,1,29,22,52,8,8,59,22,97,72,0,72,169
04/01/2023,ILG,DE,AEA,EN,Towers with Radar,24,6,6,0,36,0,1,0,2,3,24,7,6,2,39,0,0,0,39
04/02/2023,ILG,DE,AEA,EN,Towers with Radar,4,2,9,4,19,0,0,2,22,24,4,2,11,26,43,0,0,0,43
04/03/2023,ILG,DE,AEA,EN,Towers with Radar,6,8,15,2,31,0,0,35,5,40,6,8,50,7,71,47,0,47,118
04/04/2023,ILG,DE,AEA,EN,Towers with Radar,1,8,28,7,44,0,2,64,20,86,1,10,92,27,130,71,29,100,230
04/05/2023,ILG,DE,AEA,EN,Towers with Radar,4,19,36,3,62,0,0,42,14,56,4,19,78,17,118,46,10,56,174
04/06/2023,ILG,DE,AEA,EN,Towers with Radar,4,13,30,1,48,0,0,38,12,50,4,13,68,13,98,77,0,77,175
04/07/2023,ILG,DE,AEA,EN,Towers with Radar,7,8,17,0,32,0,2,48,6,56,7,10,65,6,88,110,4,114,202
04/08/2023,ILG,DE,AEA,EN,Towers with Radar,8,14,26,0,48,0,2,63,0,65,8,16,89,0,113,57,0,57,170
04/09/2023,ILG,DE,AEA,EN,Towers with Radar,4,7,13,0,24,0,10,30,0,40,4,17,43,0,64,74,0,74,138
04/10/2023,ILG,DE,AEA,EN,Towers with Radar,4,15,33,4,56,0,0,55,0,55,4,15,88,4,111,84,0,84,195
04/11/2023,ILG,DE,AEA,EN,Towers with Radar,0,13,25,0,38,0,0,65,21,86,0,13,90,21,124,125,17,142,266
04/12/2023,ILG,DE,AEA,EN,Towers with Radar,3,9,20,1,33,0,0,60,18,78,3,9,80,19,111,57,9,66,177
04/13/2023,ILG,DE,AEA,EN,Towers with Radar,1,9,16,7,33,0,2,53,17,72,1,11,69,24,105,98,28,126,231
04/14/2023,ILG,DE,AEA,EN,Towers with Radar,8,12,34,2,56,0,0,59,9,68,8,12,93,11,124,64,0,64,188
04/15/2023,ILG,DE,AEA,EN,Towers with Radar,16,4,15,0,35,0,0,2,0,2,16,4,17,0,37,0,0,0,37
04/16/2023,ILG,DE,AEA,EN,Towers with Radar,8,6,21,2,37,0,0,24,0,24,8,6,45,2,61,6,0,6,67
04/17/2023,ILG,DE,AEA,EN,Towers with Radar,12,8,25,0,45,0,0,29,2,31,12,8,54,2,76,44,0,44,120
04/18/2023,ILG,DE,AEA,EN,Towers with Radar,0,9,23,1,33,0,2,42,19,63,0,11,65,20,96,36,16,52,148
04/19/2023,ILG,DE,AEA,EN,Towers with Radar,3,17,50,7,77,0,0,45,14,59,3,17,95,21,136,44,9,53,189
04/20/2023,ILG,DE,AEA,EN,Towers with Radar,4,14,35,5,58,0,1,88,9,98,4,15,123,14,156,65,0,65,221
04/21/2023,ILG,DE,AEA,EN,Towers with Radar,4,16,37,1,58,0,0,61,5,66,4,16,98,6,124,105,0,105,229
04/22/2023,ILG,DE,AEA,EN,Towers with Radar,7,10,33,0,50,0,0,27,0,27,7,10,60,0,77,21,0,21,98
04/23/2023,ILG,DE,AEA,EN,Towers with Radar,4,17,18,0,39,0,0,32,2,34,4,17,50,2,73,24,0,24,97
04/24/2023,ILG,DE,AEA,EN,Towers with Radar,4,10,25,0,39,0,0,51,0,51,4,10,76,0,90,65,0,65,155
04/25/2023,ILG,DE,AEA,EN,Towers with Radar,0,15,28,4,47,0,0,75,15,90,0,15,103,19,137,66,6,72,209
04/26/2023,ILG,DE,AEA,EN,Towers with Radar,2,8,23,2,35,0,0,25,9,34,2,8,48,11,69,2,20,22,91
04/27/2023,ILG,DE,AEA,EN,Towers with Radar,4,17,51,0,72,0,0,22,8,30,4,17,73,8,102,37,12,49,151
04/28/2023,ILG,DE,AEA,EN,Towers with Radar,7,31,43,2,83,0,1,0,0,1,7,32,43,2,84,0,0,0,84
04/29/2023,ILG,DE,AEA,EN,Towers with Radar,2,11,23,2,38,0,0,3,0,3,2,11,26,2,41,12,0,12,53
04/30/2023,ILG,DE,AEA,EN,Towers with Radar,4,8,19,1,32,0,0,0,0,0,4,8,19,1,32,0,0,0,32
05/01/2023,ILG,DE,AEA,EN,Towers with Radar,4,11,25,3,43,0,0,27,3,30,4,11,52,6,73,55,10,65,138
05/02/2023,ILG,DE,AEA,EN,Towers with Radar,0,10,14,3,27,0,0,44,5,49,0,10,58,8,76,92,12,104,180
05/03/2023,ILG,DE,AEA,EN,Towers with Radar,5,6,18,6,35,0,1,36,2,39,5,7,54,8,74,22,10,32,106
05/04/2023,ILG,DE,AEA,EN,Towers with Radar,5,16,36,3,60,0,2,82,2,86,5,18,118,5,146,73,0,73,219
05/05/2023,ILG,DE,AEA,EN,Towers with Radar,7,12,21,0,40,0,3,51,0,54,7,15,72,0,94,52,0,52,146
05/06/2023,ILG,DE,AEA,EN,Towers with Radar,8,4,30,3,45,0,3,65,10,78,8,7,95,13,123,16,15,31,154
05/07/2023,ILG,DE,AEA,EN,Towers with Radar,4,7,8,2,21,0,3,28,2,33,4,10,36,4,54,14,14,28,82
05/08/2023,ILG,DE,AEA,EN,Towers with Radar,5,8,35,2,50,0,0,54,1,55,5,8,89,3,105,35,0,35,140
05/09/2023,ILG,DE,AEA,EN,Towers with Radar,0,17,16,7,40,0,2,40,18,60,0,19,56,25,100,36,27,63,163
05/10/2023,ILG,DE,AEA,EN,Towers with Radar,5,8,31,6,50,0,0,78,12,90,5,8,109,18,140,82,22,104,244
05/11/2023,ILG,DE,AEA,EN,Towers with Radar,5,9,29,7,50,0,1,65,19,85,5,10,94,26,135,64,12,76,211
05/12/2023,ILG,DE,AEA,EN,Towers with Radar,4,7,19,0,30,0,0,61,6,67,4,7,80,6,97,20,0,20,117
05/13/2023,ILG,DE,AEA,EN,Towers with Radar,4,1,15,0,20,0,3,25,0,28,4,4,40,0,48,12,0,12,60
05/14/2023,ILG,DE,AEA,EN,Towers with Radar,4,9,7,0,20,0,0,22,0,22,4,9,29,0,42,0,0,0,42
05/15/2023,ILG,DE,AEA,EN,Towers with Radar,5,16,32,1,54,0,0,64,2,66,5,16,96,3,120,8,0,8,128
05/16/2023,ILG,DE,AEA,EN,Towers with Radar,0,15,15,2,32,0,5,74,15,94,0,20,89,17,126,37,2,39,165
05/17/2023,ILG,DE,AEA,EN,Towers with Radar,5,7,33,1,46,0,3,51,9,63,5,10,84,10,109,46,26,72,181
05/18/2023,ILG,DE,AEA,EN,Towers with Radar,5,11,25,0,41,0,3,61,27,91,5,14,86,27,132,65,2,67,199
05/19/2023,ILG,DE,AEA,EN,Towers with Radar,5,6,33,1,45,0,0,59,3,62,5,6,92,4,107,62,14,76,183
05/20/2023,ILG,DE,AEA,EN,Towers with Radar,4,2,12,0,18,0,0,3,0,3,4,2,15,0,21,0,0,0,21
05/21/2023,ILG,DE,AEA,EN,Towers with Radar,5,7,18,0,30,0,0,28,1,29,5,7,46,1,59,26,0,26,85
05/22/2023,ILG,DE,AEA,EN,Towers with Radar,4,8,22,1,35,0,0,63,6,69,4,8,85,7,104,154,5,159,263
05/23/2023,ILG,DE,AEA,EN,Towers with Radar,0,2,25,6,33,0,0,76,13,89,0,2,101,19,122,112,4,116,238
05/24/2023,ILG,DE,AEA,EN,Towers with Radar,4,5,17,3,29,0,5,77,17,99,4,10,94,20,128,116,10,126,254
05/25/2023,ILG,DE,AEA,EN,Towers with Radar,5,14,31,3,53,0,3,56,6,65,5,17,87,9,118,82,0,82,200
05/26/2023,ILG,DE,AEA,EN,Towers with Radar,4,9,21,1,35,0,2,69,0,71,4,11,90,1,106,6,0,6,112
05/27/2023,ILG,DE,AEA,EN,Towers with Radar,6,29,22,0,57,0,0,46,7,53,6,29,68,7,110,4,0,4,114
05/28/2023,ILG,DE,AEA,EN,Towers with Radar,4,8,19,2,33,0,0,6,1,7,4,8,25,3,40,0,0,0,40
05/29/2023,ILG,DE,AEA,EN,Towers with Radar,5,5,9,2,21,0,0,4,2,6,5,5,13,4,27,0,0,0,27
05/30/2023,ILG,DE,AEA,EN,Towers with Radar,0,10,23,9,42,0,0,31,21,52,0,10,54,30,94,84,0,84,178
05/31/2023,ILG,DE,AEA,EN,Towers with Radar,8,6,33,8,55,0,0,62,18,80,8,6,95,26,135,133,10,143,278
06/01/2023,ILG,DE,AEA,EN,Towers with Radar,5,9,31,2,47,0,1,45,18,64,5,10,76,20,111,74,36,110,221
06/02/2023,ILG,DE,AEA,EN,Towers with Radar,5,12,22,0,39,0,0,45,1,46,5,12,67,1,85,92,0,92,177
06/03/2023,ILG,DE,AEA,EN,Towers with Radar,7,21,29,0,57,0,0,27,12,39,7,21,56,12,96,26,0,26,122
06/04/2023,ILG,DE,AEA,EN,Towers with Radar,11,22,43,14,90,0,2,58,22,82,11,24,101,36,172,8,2,10,182
06/05/2023,ILG,DE,AEA,EN,Towers with Radar,9,10,31,0,50,0,0,51,2,53,9,10,82,2,103,84,0,84,187
06/06/2023,ILG,DE,AEA,EN,Towers with Radar,1,12,22,8,43,0,2,29,20,51,1,14,51,28,94,98,20,118,212
06/07/2023,ILG,DE,AEA,EN,Towers with Radar,6,20,38,6,70,0,0,6,0,6,6,20,44,6,76,0,0,0,76
06/08/2023,ILG,DE,AEA,EN,Towers with Radar,4,9,49,0,62,0,0,9,1,10,4,9,58,1,72,21,10,31,103
06/09/2023,ILG,DE,AEA,EN,Towers with Radar,7,37,36,2,82,0,1,61,9,71,7,38,97,11,153,40,0,40,193
06/10/2023,ILG,DE,AEA,EN,Towers with Radar,5,22,39,0,66,0,2,41,0,43,5,24,80,0,109,53,0,53,162
06/11/2023,ILG,DE,AEA,EN,Towers with Radar,8,26,32,0,66,0,2,29,0,31,8,28,61,0,97,40,0,40,137
06/12/2023,ILG,DE,AEA,EN,Towers with Radar,3,5,11,0,19,0,0,3,0,3,3,5,14,0,22,0,0,0,22
06/13/2023,ILG,DE,AEA,EN,Towers with Radar,0,12,17,1,30,0,0,66,19,85,0,12,83,20,115,38,6,44,159
06/14/2023,ILG,DE,AEA,EN,Towers with Radar,5,10,32,1,48,0,1,26,32,59,5,11,58,33,107,45,12,57,164
06/15/2023,ILG,DE,AEA,EN,Towers with Radar,4,22,25,2,53,0,2,51,23,76,4,24,76,25,129,78,11,89,218
06/16/2023,ILG,DE,AEA,EN,Towers with Radar,4,10,18,0,32,0,2,12,4,18,4,12,30,4,50,46,4,50,100
06/17/2023,ILG,DE,AEA,EN,Towers with Radar,4,7,20,0,31,0,3,13,0,16,4,10,33,0,47,18,0,18,65
06/18/2023,ILG,DE,AEA,EN,Towers with Radar,8,23,38,0,69,0,2,43,1,46,8,25,81,1,115,22,0,22,137
06/19/2023,ILG,DE,AEA,EN,Towers with Radar,4,10,25,0,39,0,2,60,0,62,4,12,85,0,101,106,0,106,207
06/20/2023,ILG,DE,AEA,EN,Towers with Radar,2,9,43,6,60,0,0,59,14,73,2,9,102,20,133,80,6,86,219
06/21/2023,ILG,DE,AEA,EN,Towers with Radar,5,9,27,6,47,0,0,9,0,9,5,9,36,6,56,0,34,34,90
06/22/2023,ILG,DE,AEA,EN,Towers with Radar,11,7,35,4,57,0,0,1,0,1,11,7,36,4,58,0,22,22,80
06/23/2023,ILG,DE,AEA,EN,Towers with Radar,21,19,46,0,86,0,0,0,0,0,21,19,46,0,86,0,0,0,86
06/24/2023,ILG,DE,AEA,EN,Towers with Radar,10,26,20,0,56,0,0,2,0,2,10,26,22,0,58,6,0,6,64
06/25/2023,ILG,DE,AEA,EN,Towers with Radar,24,34,37,0,95,0,0,29,0,29,24,34,66,0,124,16,0,16,140
06/26/2023,ILG,DE,AEA,EN,Towers with Radar,10,9,22,1,42,0,0,16,6,22,10,9,38,7,64,38,64,102,166
06/27/2023,ILG,DE,AEA,EN,Towers with Radar,3,11,29,6,49,0,0,19,8,27,3,11,48,14,76,51,0,51,127
06/28/2023,ILG,DE,AEA,EN,Towers with Radar,6,12,71,3,92,0,0,57,22,79,6,12,128,25,171,131,20,151,322
06/29/2023,ILG,DE,AEA,EN,Towers with Radar,9,17,82,2,110,0,0,1,0,1,9,17,83,2,111,0,0,0,111
06/30/2023,ILG,DE,AEA,EN,Towers with Radar,12,12,37,2,63,0,0,24,5,29,12,12,61,7,92,8,0,8,100
07/01/2023,ILG,DE,AEA,EN,Towers with Radar,13,15,31,2,61,0,0,23,0,23,13,15,54,2,84,18,0,18,102
07/02/2023,ILG,DE,AEA,EN,Towers with Radar,12,3,11,0,26,0,0,12,0,12,12,3,23,0,38,2,0,2,40
07/03/2023,ILG,DE,AEA,EN,Towers with Radar,12,4,23,0,39,0,0,34,0,34,12,4,57,0,73,48,0,48,121
07/04/2023,ILG,DE,AEA,EN,Towers with Radar,2,3,8,0,13,0,0,9,0,9,2,3,17,0,22,0,0,0,22
07/05/2023,ILG,DE,AEA,EN,Towers with Radar,6,14,12,5,37,0,1,68,16,85,6,15,80,21,122,57,2,59,181
07/06/2023,ILG,DE,AEA,EN,Towers with Radar,13,11,13,7,44,0,0,54,17,71,13,11,67,24,115,94,20,114,229
07/07/2023,ILG,DE,AEA,EN,Towers with Radar,10,7,29,6,52,0,0,35,3,38,10,7,64,9,90,65,10,75,165
07/08/2023,ILG,DE,AEA,EN,Towers with Radar,12,21,22,0,55,0,3,34,2,39,12,24,56,2,94,88,0,88,182
07/09/2023,ILG,DE,AEA,EN,Towers with Radar,24,15,36,2,77,0,0,3,0,3,24,15,39,2,80,0,0,0,80
07/10/2023,ILG,DE,AEA,EN,Towers with Radar,12,8,24,5,49,0,0,66,2,68,12,8,90,7,117,91,0,91,208
07/11/2023,ILG,DE,AEA,EN,Towers with Radar,2,5,31,3,41,0,2,86,22,110,2,7,117,25,151,102,14,116,267
07/12/2023,ILG,DE,AEA,EN,Towers with Radar,6,14,23,5,48,2,0,86,17,105,8,14,109,22,153,68,38,106,259
07/13/2023,ILG,DE,AEA,EN,Towers with Radar,12,5,23,2,42,0,1,64,21,86,12,6,87,23,128,86,4,90,218
07/14/2023,ILG,DE,AEA,EN,Towers with Radar,10,9,22,0,41,0,0,27,1,28,10,9,49,1,69,16,0,16,85
07/15/2023,ILG,DE,AEA,EN,Towers with Radar,4,9,13,0,26,0,0,41,0,41,4,9,54,0,67,36,0,36,103
07/16/2023,ILG,DE,AEA,EN,Towers with Radar,22,12,39,0,73,0,0,4,0,4,22,12,43,0,77,14,0,14,91
07/17/2023,ILG,DE,AEA,EN,Towers with Radar,10,8,29,1,48,0,0,44,3,47,10,8,73,4,95,31,12,43,138
07/18/2023,ILG,DE,AEA,EN,Towers with Radar,2,12,24,2,40,0,0,41,16,57,2,12,65,18,97,124,14,138,235
07/19/2023,ILG,DE,AEA,EN,Towers with Radar,4,18,49,7,78,0,3,12,18,33,4,21,61,25,111,20,24,44,155
07/20/2023,ILG,DE,AEA,EN,Towers with Radar,12,19,44,3,78,0,0,28,18,46,12,19,72,21,124,38,24,62,186
07/21/2023,ILG,DE,AEA,EN,Towers with Radar,10,11,26,3,50,0,0,51,5,56,10,11,77,8,106,64,2,66,172
07/22/2023,ILG,DE,AEA,EN,Towers with Radar,6,12,11,0,29,0,0,47,0,47,6,12,58,0,76,30,0,30,106
07/23/2023,ILG,DE,AEA,EN,Towers with Radar,12,11,22,0,45,0,3,58,0,61,12,14,80,0,106,43,0,43,149
07/24/2023,ILG,DE,AEA,EN,Towers with Radar,10,14,17,5,46,0,0,34,1,35,10,14,51,6,81,110,0,110,191
07/25/2023,ILG,DE,AEA,EN,Towers with Radar,2,11,17,6,36,0,0,20,11,31,2,11,37,17,67,71,34,105,172
07/26/2023,ILG,DE,AEA,EN,Towers with Radar,4,15,19,5,43,0,0,67,11,78,4,15,86,16,121,150,35,185,306
07/27/2023,ILG,DE,AEA,EN,Towers with Radar,12,10,22,1,45,0,0,38,14,52,12,10,60,15,97,115,10,125,222
07/28/2023,ILG,DE,AEA,EN,Towers with Radar,20,26,43,0,89,0,0,49,3,52,20,26,92,3,141,56,4,60,201
07/29/2023,ILG,DE,AEA,EN,Towers with Radar,10,16,32,0,58,0,0,36,0,36,10,16,68,0,94,39,0,39,133
07/30/2023,ILG,DE,AEA,EN,Towers with Radar,23,20,36,0,79,0,0,31,0,31,23,20,67,0,110,88,0,88,198
07/31/2023,ILG,DE,AEA,EN,Towers with Radar,10,16,31,2,59,0,0,54,6,60,10,16,85,8,119,158,8,166,285
08/01/2023,ILG,DE,AEA,EN,Towers with Radar,2,16,20,3,41,0,1,48,8,57,2,17,68,11,98,91,44,135,233
08/02/2023,ILG,DE,AEA,EN,Towers with Radar,3,5,29,4,41,0,1,67,17,85,3,6,96,21,126,112,10,122,248
08/03/2023,ILG,DE,AEA,EN,Towers with Radar,12,10,30,2,54,0,1,44,18,63,12,11,74,20,117,44,10,54,171
08/04/2023,ILG,DE,AEA,EN,Towers with Radar,14,6,25,6,51,0,0,7,2,9,14,6,32,8,60,0,0,0,60
08/05/2023,ILG,DE,AEA,EN,Towers with Radar,12,8,10,5,35,0,0,6,16,22,12,8,16,21,57,0,0,0,57
08/06/2023,ILG,DE,AEA,EN,Towers with Radar,12,4,1,4,21,0,0,5,4,9,12,4,6,8,30,0,0,0,30
08/07/2023,ILG,DE,AEA,EN,Towers with Radar,10,17,25,8,60,0,0,20,3,23,10,17,45,11,83,24,8,32,115
08/08/2023,ILG,DE,AEA,EN,Towers with Radar,2,11,31,1,45,0,1,39,6,46,2,12,70,7,91,52,4,56,147
08/09/2023,ILG,DE,AEA,EN,Towers with Radar,7,11,47,2,67,0,4,80,9,93,7,15,127,11,160,60,6,66,226
08/10/2023,ILG,DE,AEA,EN,Towers with Radar,12,11,25,0,48,0,1,19,4,24,12,12,44,4,72,30,0,30,102
08/11/2023,ILG,DE,AEA,EN,Towers with Radar,15,7,43,0,65,0,0,77,8,85,15,7,120,8,150,153,0,153,303
08/12/2023,ILG,DE,AEA,EN,Towers with Radar,12,30,12,0,54,0,0,50,0,50,12,30,62,0,104,42,0,42,146
08/13/2023,ILG,DE,AEA,EN,Towers with Radar,23,21,38,0,82,0,0,29,0,29,23,21,67,0,111,20,0,20,131
08/14/2023,ILG,DE,AEA,EN,Towers with Radar,10,8,24,4,46,0,2,45,6,53,10,10,69,10,99,40,16,56,155
08/15/2023,ILG,DE,AEA,EN,Towers with Radar,2,16,26,4,48,0,0,28,13,41,2,16,54,17,89,42,20,62,151
08/16/2023,ILG,DE,AEA,EN,Towers with Radar,4,11,56,6,77,0,0,64,10,74,4,11,120,16,151,140,0,140,291
08/17/2023,ILG,DE,AEA,EN,Towers with Radar,12,11,36,5,64,0,0,59,6,65,12,11,95,11,129,132,8,140,269
08/18/2023,ILG,DE,AEA,EN,Towers with Radar,20,37,42,1,100,0,3,41,7,51,20,40,83,8,151,32,0,32,183
08/19/2023,ILG,DE,AEA,EN,Towers with Radar,12,4,17,2,35,0,0,43,5,48,12,4,60,7,83,44,2,46,129
08/20/2023,ILG,DE,AEA,EN,Towers with Radar,22,12,31,4,69,0,2,25,3,30,22,14,56,7,99,6,2,8,107
08/21/2023,ILG,DE,AEA,EN,Towers with Radar,10,11,32,3,56,0,0,45,1,46,10,11,77,4,102,48,0,48,150
08/22/2023,ILG,DE,AEA,EN,Towers with Radar,2,6,22,1,31,0,0,61,9,70,2,6,83,10,101,36,6,42,143
08/23/2023,ILG,DE,AEA,EN,Towers with Radar,4,3,31,3,41,0,2,67,15,84,4,5,98,18,125,56,8,64,189
08/24/2023,ILG,DE,AEA,EN,Towers with Radar,12,14,27,5,58,0,0,31,8,39,12,14,58,13,97,48,20,68,165
08/25/2023,ILG,DE,AEA,EN,Towers with Radar,22,18,31,0,71,0,0,25,2,27,22,18,56,2,98,66,0,66,164
08/26/2023,ILG,DE,AEA,EN,Towers with Radar,12,18,20,0,50,0,1,35,0,36,12,19,55,0,86,47,0,47,133
08/27/2023,ILG,DE,AEA,EN,Towers with Radar,12,12,13,0,37,0,0,44,0,44,12,12,57,0,81,12,0,12,93
08/28/2023,ILG,DE,AEA,EN,Towers with Radar,10,6,35,4,55,0,0,28,6,34,10,6,63,10,89,68,4,72,161
08/29/2023,ILG,DE,AEA,EN,Towers with Radar,0,12,25,11,48,0,0,11,9,20,0,12,36,20,68,48,6,54,122
08/30/2023,ILG,DE,AEA,EN,Towers with Radar,3,13,31,6,53,0,1,25,14,40,3,14,56,20,93,28,10,38,131
08/31/2023,ILG,DE,AEA,EN,Towers with Radar,12,13,26,0,51,0,4,58,8,70,12,17,84,8,121,62,18,80,201
01/01/2020,ILG,DE,AEA,EN,Towers with Radar,0,6,9,0,15,0,0,13,0,13,0,6,22,0,28,76,0,76,104
01/02/2020,ILG,DE,AEA,EN,Towers with Radar,0,12,40,4,56,0,2,56,9,67,0,14,96,13,123,18,0,18,141
01/03/2020,ILG,DE,AEA,EN,Towers with Radar,0,12,22,0,34,0,0,0,0,0,0,12,22,0,34,0,0,0,34
01/04/2020,ILG,DE,AEA,EN,Towers with Radar,0,17,23,0,40,0,0,0,0,0,0,17,23,0,40,0,0,0,40
01/05/2020,ILG,DE,AEA,EN,Towers with Radar,0,16,19,0,35,0,0,11,0,11,0,16,30,0,46,15,0,15,61
01/06/2020,ILG,DE,AEA,EN,Towers with Radar,0,9,24,1,34,0,0,45,1,46,0,9,69,2,80,14,6,20,100
01/07/2020,ILG,DE,AEA,EN,Towers with Radar,0,12,25,0,37,0,6,16,8,30,0,18,41,8,67,10,0,10,77
01/08/2020,ILG,DE,AEA,EN,Towers with Radar,0,11,16,4,31,0,0,7,12,19,0,11,23,16,50,3,5,8,58
01/09/2020,ILG,DE,AEA,EN,Towers with Radar,0,4,27,7,38,0,1,44,26,71,0,5,71,33,109,93,14,107,216
01/10/2020,ILG,DE,AEA,EN,Towers with Radar,0,5,21,0,26,0,0,13,4,17,0,5,34,4,43,41,6,47,90
01/11/2020,ILG,DE,AEA,EN,Towers with Radar,0,1,12,0,13,0,0,17,0,17,0,1,29,0,30,16,0,16,46
01/12/2020,ILG,DE,AEA,EN,Towers with Radar,0,2,11,1,14,0,0,19,1,20,0,2,30,2,34,0,0,0,34
01/13/2020,ILG,DE,AEA,EN,Towers with Radar,0,19,37,0,56,0,0,12,1,13,0,19,49,1,69,50,0,50,119
01/14/2020,ILG,DE,AEA,EN,Towers with Radar,0,8,28,8,44,0,0,0,0,0,0,8,28,8,44,0,0,0,44
01/15/2020,ILG,DE,AEA,EN,Towers with Radar,0,10,37,6,53,0,0,80,10,90,0,10,117,16,143,77,6,83,226
01/16/2020,ILG,DE,AEA,EN,Towers with Radar,0,14,30,4,48,0,14,9,14,37,0,28,39,18,85,2,11,13,98
01/17/2020,ILG,DE,AEA,EN,Towers with Radar,0,15,28,1,44,0,0,18,3,21,0,15,46,4,65,56,0,56,121
01/18/2020,ILG,DE,AEA,EN,Towers with Radar,0,5,3,0,8,0,0,4,0,4,0,5,7,0,12,32,0,32,44
01/19/2020,ILG,DE,AEA,EN,Towers with Radar,0,3,17,0,20,0,4,15,0,19,0,7,32,0,39,23,0,23,62
01/20/2020,ILG,DE,AEA,EN,Towers with Radar,0,11,33,0,44,0,2,30,0,32,0,13,63,0,76,38,0,38,114
01/21/2020,ILG,DE,AEA,EN,Towers with Radar,0,6,23,3,32,0,1,31,14,46,0,7,54,17,78,20,6,26,104
01/22/2020,ILG,DE,AEA,EN,Towers with Radar,0,10,35,16,61,0,2,40,19,61,0,12,75,35,122,35,25,60,182
01/23/2020,ILG,DE,AEA,EN,Towers with Radar,0,4,22,5,31,0,0,31,18,49,0,4,53,23,80,19,6,25,105
01/24/2020,ILG,DE,AEA,EN,Towers with Radar,0,8,24,2,34,0,0,43,11,54,0,8,67,13,88,28,6,34,122
01/25/2020,ILG,DE,AEA,EN,Towers with Radar,0,8,13,0,21,0,0,0,0,0,0,8,13,0,21,0,0,0,21
01/26/2020,ILG,DE,AEA,EN,Towers with Radar,0,13,14,1,28,0,1,43,0,44,0,14,57,1,72,35,0,35,107
01/27/2020,ILG,DE,AEA,EN,Towers with Radar,0,8,18,0,26,0,0,23,0,23,0,8,41,0,49,4,0,4,53
01/28/2020,ILG,DE,AEA,EN,Towers with Radar,0,23,15,0,38,0,8,21,18,47,0,31,36,18,85,22,4,26,111
01/29/2020,ILG,DE,AEA,EN,Towers with Radar,0,12,25,8,45,0,0,39,15,54,0,12,64,23,99,20,5,25,124
01/30/2020,ILG,DE,AEA,EN,Towers with Radar,0,16,23,7,46,0,3,28,7,38,0,19,51,14,84,21,26,47,131
01/31/2020,ILG,DE,AEA,EN,Towers with Radar,0,9,31,2,42,0,2,40,5,47,0,11,71,7,89,39,4,43,132
02/01/2020,ILG,DE,AEA,EN,Towers with Radar,0,2,7,0,9,0,0,0,0,0,0,2,7,0,9,10,0,10,19
02/02/2020,ILG,DE,AEA,EN,Towers with Radar,0,4,15,0,19,0,0,26,0,26,0,4,41,0,45,36,0,36,81
02/03/2020,ILG,DE,AEA,EN,Towers with Radar,0,9,31,6,46,0,1,44,3,48,0,10,75,9,94,10,2,12,106
02/04/2020,ILG,DE,AEA,EN,Towers with Radar,0,8,21,4,33,0,0,24,13,37,0,8,45,17,70,44,24,68,138
02/05/2020,ILG,DE,AEA,EN,Towers with Radar,0,9,16,5,30,0,1,8,21,30,0,10,24,26,60,7,54,61,121
02/06/2020,ILG,DE,AEA,EN,Towers with Radar,0,11,25,0,36,0,0,0,0,0,0,11,25,0,36,0,0,0,36
02/07/2020,ILG,DE,AEA,EN,Towers with Radar,0,6,23,0,29,0,0,4,0,4,0,6,27,0,33,0,0,0,33
02/08/2020,ILG,DE,AEA,EN,Towers with Radar,0,9,14,0,23,0,4,27,6,37,0,13,41,6,60,28,6,34,94
02/09/2020,ILG,DE,AEA,EN,Towers with Radar,0,7,19,1,27,0,0,48,1,49,0,7,67,2,76,34,0,34,110
02/10/2020,ILG,DE,AEA,EN,Towers with Radar,0,15,15,0,30,0,0,4,0,4,0,15,19,0,34,9,0,9,43
02/11/2020,ILG,DE,AEA,EN,Towers with Radar,0,17,32,8,57,0,0,6,15,21,0,17,38,23,78,0,10,10,88
02/12/2020,ILG,DE,AEA,EN,Towers with Radar,0,21,32,5,58,0,2,45,20,67,0,23,77,25,125,2,4,6,131
02/13/2020,ILG,DE,AEA,EN,Towers with Radar,0,11,24,7,42,0,0,6,4,10,0,11,30,11,52,3,4,7,59
02/14/2020,ILG,DE,AEA,EN,Towers with Radar,0,21,20,0,41,0,0,17,4,21,0,21,37,4,62,0,0,0,62
02/15/2020,ILG,DE,AEA,EN,Towers with Radar,0,8,18,0,26,0,0,51,0,51,0,8,69,0,77,24,0,24,101
02/16/2020,ILG,DE,AEA,EN,Towers with Radar,0,9,23,0,32,0,0,53,0,53,0,9,76,0,85,101,0,101,186
02/17/2020,ILG,DE,AEA,EN,Towers with Radar,0,10,21,0,31,0,1,39,0,40,0,11,60,0,71,34,0,34,105
02/18/2020,ILG,DE,AEA,EN,Towers with Radar,0,14,30,9,53,0,1,14,9,24,0,15,44,18,77,18,4,22,99
02/19/2020,ILG,DE,AEA,EN,Towers with Radar,0,5,23,8,36,0,2,30,15,47,0,7,53,23,83,10,35,45,128
02/20/2020,ILG,DE,AEA,EN,Towers with Radar,0,5,18,6,29,0,1,32,21,54,0,6,50,27,83,24,13,37,120
02/21/2020,ILG,DE,AEA,EN,Towers with Radar,0,7,28,3,38,0,0,33,7,40,0,7,61,10,78,16,0,16,94
02/22/2020,ILG,DE,AEA,EN,Towers with Radar,0,6,23,0,29,0,0,5,0,5,0,6,28,0,34,0,0,0,34
02/23/2020,ILG,DE,AEA,EN,Towers with Radar,0,9,19,0,28,0,0,54,0,54,0,9,73,0,82,98,0,98,180
02/24/2020,ILG,DE,AEA,EN,Towers with Radar,0,4,28,1,33,0,1,56,0,57,0,5,84,1,90,34,0,34,124
02/25/2020,ILG,DE,AEA,EN,Towers with Radar,0,13,26,5,44,0,0,0,0,0,0,13,26,5,44,0,0,0,44
02/26/2020,ILG,DE,AEA,EN,Towers with Radar,0,5,29,3,37,0,0,0,0,0,0,5,29,3,37,0,0,0,37
02/27/2020,ILG,DE,AEA,EN,Towers with Radar,0,8,12,6,26,0,0,2,8,10,0,8,14,14,36,0,2,2,38
02/28/2020,ILG,DE,AEA,EN,Towers with Radar,0,8,30,5,43,0,0,36,4,40,0,8,66,9,83,2,0,2,85
02/29/2020,ILG,DE,AEA,EN,Towers with Radar,0,6,7,1,14,0,0,14,3,17,0,6,21,4,31,0,9,9,40
03/01/2020,ILG,DE,AEA,EN,Towers with Radar,0,4,21,0,25,0,0,72,0,72,0,4,93,0,97,36,0,36,133
03/02/2020,ILG,DE,AEA,EN,Towers with Radar,0,9,24,3,36,0,0,27,3,30,0,9,51,6,66,28,16,44,110
03/03/2020,ILG,DE,AEA,EN,Towers with Radar,0,16,25,8,49,0,0,12,10,22,0,16,37,18,71,32,6,38,109
03/04/2020,ILG,DE,AEA,EN,Towers with Radar,0,10,23,7,40,0,6,48,20,74,0,16,71,27,114,22,18,40,154
03/05/2020,ILG,DE,AEA,EN,Towers with Radar,0,10,30,12,52,0,3,66,10,79,0,13,96,22,131,50,1,51,182
03/06/2020,ILG,DE,AEA,EN,Towers with Radar,0,9,16,0,25,0,0,5,6,11,0,9,21,6,36,8,0,8,44
03/07/2020,ILG,DE,AEA,EN,Towers with Radar,0,4,13,0,17,0,0,13,0,13,0,4,26,0,30,10,0,10,40
03/08/2020,ILG,DE,AEA,EN,Towers with Radar,0,4,19,1,24,0,2,50,4,56,0,6,69,5,80,80,11,91,171
03/09/2020,ILG,DE,AEA,EN,Towers with Radar,0,9,21,0,30,0,0,48,0,48,0,9,69,0,78,24,0,24,102
03/10/2020,ILG,DE,AEA,EN,Towers with Radar,0,7,17,3,27,0,4,17,16,37,0,11,34,19,64,4,9,13,77
03/11/2020,ILG,DE,AEA,EN,Towers with Radar,0,5,18,0,23,0,2,52,12,66,0,7,70,12,89,56,4,60,149
03/12/2020,ILG,DE,AEA,EN,Towers with Radar,0,3,22,7,32,0,0,38,4,42,0,3,60,11,74,20,0,20,94
03/13/2020,ILG,DE,AEA,EN,Towers with Radar,0,8,21,2,31,0,0,5,0,5,0,8,26,2,36,0,0,0,36
03/14/2020,ILG,DE,AEA,EN,Towers with Radar,0,13,16,0,29,0,8,45,0,53,0,21,61,0,82,34,0,34,116
03/15/2020,ILG,DE,AEA,EN,Towers with Radar,0,13,21,0,34,0,0,45,0,45,0,13,66,0,79,67,0,67,146
03/16/2020,ILG,DE,AEA,EN,Towers with Radar,0,14,19,0,33,0,0,22,1,23,0,14,41,1,56,20,0,20,76
03/17/2020,ILG,DE,AEA,EN,Towers with Radar,0,8,10,2,20,0,0,13,11,24,0,8,23,13,44,18,0,18,62
03/18/2020,ILG,DE,AEA,EN,Towers with Radar,0,5,35,3,43,0,1,71,9,81,0,6,106,12,124,60,32,92,216
03/19/2020,ILG,DE,AEA,EN,Towers with Radar,0,8,25,0,33,0,0,0,5,5,0,8,25,5,38,0,58,58,96
03/20/2020,ILG,DE,AEA,EN,Towers with Radar,0,12,4,1,17,0,2,15,3,20,0,14,19,4,37,0,8,8,45
03/21/2020,ILG,DE,AEA,EN,Towers with Radar,0,5,14,0,19,0,0,35,0,35,0,5,49,0,54,36,2,38,92
03/22/2020,ILG,DE,AEA,EN,Towers with Radar,0,9,13,0,22,0,1,44,0,45,0,10,57,0,67,24,0,24,91
03/23/2020,ILG,DE,AEA,EN,Towers with Radar,0,4,5,0,9,0,0,0,0,0,0,4,5,0,9,0,0,0,9
03/24/2020,ILG,DE,AEA,EN,Towers with Radar,0,4,12,8,24,0,0,40,2,42,0,4,52,10,66,102,6,108,174
03/25/2020,ILG,DE,AEA,EN,Towers with Radar,0,5,4,0,9,0,1,0,0,1,0,6,4,0,10,0,0,0,10
03/26/2020,ILG,DE,AEA,EN,Towers with Radar,0,6,18,0,24,0,1,49,10,60,0,7,67,10,84,68,38,106,190
03/27/2020,ILG,DE,AEA,EN,Towers with Radar,0,3,10,0,13,0,0,26,0,26,0,3,36,0,39,13,0,13,52
03/28/2020,ILG,DE,AEA,EN,Towers with Radar,0,2,12,0,14,0,0,0,0,0,0,2,12,0,14,0,0,0,14
03/29/2020,ILG,DE,AEA,EN,Towers with Radar,0,0,8,0,8,0,0,0,0,0,0,0,8,0,8,0,0,0,8
03/30/2020,ILG,DE,AEA,EN,Towers with Radar,0,4,10,0,14,0,0,12,0,12,0,4,22,0,26,18,0,18,44
03/31/2020,ILG,DE,AEA,EN,Towers with Radar,0,4,7,4,15,0,0,4,6,10,0,4,11,10,25,4,0,4,29
04/01/2020,ILG,DE,AEA,EN,Towers with Radar,0,0,5,5,10,0,0,23,9,32,0,0,28,14,42,22,4,26,68
04/02/2020,ILG,DE,AEA,EN,Towers with Radar,0,6,9,2,17,0,0,4,1,5,0,6,13,3,22,0,2,2,24
04/03/2020,ILG,DE,AEA,EN,Towers with Radar,0,3,9,3,15,0,1,3,6,10,0,4,12,9,25,2,3,5,30
04/04/2020,ILG,DE,AEA,EN,Towers with Radar,0,0,19,0,19,0,1,7,0,8,0,1,26,0,27,37,0,37,64
04/05/2020,ILG,DE,AEA,EN,Towers with Radar,0,3,15,0,18,0,0,52,0,52,0,3,67,0,70,10,0,10,80
04/06/2020,ILG,DE,AEA,EN,Towers with Radar,0,0,18,0,18,0,2,40,0,42,0,2,58,0,60,32,0,32,92
04/07/2020,ILG,DE,AEA,EN,Towers with Radar,0,2,12,2,16,0,2,20,8,30,0,4,32,10,46,5,0,5,51
04/08/2020,ILG,DE,AEA,EN,Towers with Radar,0,0,8,9,17,0,1,33,8,42,0,1,41,17,59,28,12,40,99
04/09/2020,ILG,DE,AEA,EN,Towers with Radar,0,0,5,1,6,0,0,5,0,5,0,0,10,1,11,2,0,2,13
04/10/2020,ILG,DE,AEA,EN,Towers with Radar,0,1,5,0,6,0,0,5,0,5,0,1,10,0,11,0,0,0,11
04/11/2020,ILG,DE,AEA,EN,Towers with Radar,0,2,10,2,14,0,0,35,0,35,0,2,45,2,49,7,0,7,56
04/12/2020,ILG,DE,AEA,EN,Towers with Radar,0,0,9,0,9,0,0,31,0,31,0,0,40,0,40,40,0,40,80
04/13/2020,ILG,DE,AEA,EN,Towers with Radar,0,2,2,2,6,0,0,0,0,0,0,2,2,2,6,4,0,4,10
04/14/2020,ILG,DE,AEA,EN,Towers with Radar,0,3,12,3,18,0,0,30,8,38,0,3,42,11,56,39,0,39,95
04/15/2020,ILG,DE,AEA,EN,Towers with Radar,0,2,5,2,9,0,0,9,13,22,0,2,14,15,31,12,10,22,53
04/16/2020,ILG,DE,AEA,EN,Towers with Radar,0,0,5,2,7,0,1,20,4,25,0,1,25,6,32,0,0,0,32
04/17/2020,ILG,DE,AEA,EN,Towers with Radar,0,1,5,2,8,0,1,26,1,28,0,2,31,3,36,12,0,12,48
04/18/2020,ILG,DE,AEA,EN,Towers with Radar,0,3,11,0,14,0,2,13,0,15,0,5,24,0,29,8,0,8,37
04/19/2020,ILG,DE,AEA,EN,Towers with Radar,0,1,14,0,15,0,0,60,0,60,0,1,74,0,75,10,0,10,85
04/20/2020,ILG,DE,AEA,EN,Towers with Radar,0,4,10,2,16,0,0,24,0,24,0,4,34,2,40,46,0,46,86
04/21/2020,ILG,DE,AEA,EN,Towers with Radar,0,1,7,3,11,0,1,9,8,18,0,2,16,11,29,0,14,14,43
04/22/2020,ILG,DE,AEA,EN,Towers with Radar,0,0,15,5,20,0,0,28,10,38,0,0,43,15,58,4,10,14,72
04/23/2020,ILG,DE,AEA,EN,Towers with Radar,0,2,5,8,15,0,4,28,6,38,0,6,33,14,53,36,4,40,93
04/24/2020,ILG,DE,AEA,EN,Towers with Radar,0,2,11,4,17,0,0,0,0,0,0,2,11,4,17,0,0,0,17
04/25/2020,ILG,DE,AEA,EN,Towers with Radar,0,2,21,0,23,0,2,63,0,65,0,4,84,0,88,51,0,51,139
04/26/2020,ILG,DE,AEA,EN,Towers with Radar,0,3,8,2,13,0,0,0,0,0,0,3,8,2,13,0,0,0,13
04/27/2020,ILG,DE,AEA,EN,Towers with Radar,0,0,6,7,13,0,0,7,0,7,0,0,13,7,20,8,0,8,28
04/28/2020,ILG,DE,AEA,EN,Towers with Radar,0,2,10,6,18,0,0,58,11,69,0,2,68,17,87,30,54,84,171
04/29/2020,ILG,DE,AEA,EN,Towers with Radar,0,2,13,7,22,0,0,15,10,25,0,2,28,17,47,0,28,28,75
04/30/2020,ILG,DE,AEA,EN,Towers with Radar,0,3,2,0,5,0,1,2,0,3,0,4,4,0,8,0,0,0,8
05/01/2020,ILG,DE,AEA,EN,Towers with Radar,0,1,4,0,5,0,0,13,0,13,0,1,17,0,18,14,0,14,32
05/02/2020,ILG,DE,AEA,EN,Towers with Radar,0,2,11,0,13,0,1,59,0,60,0,3,70,0,73,46,0,46,119
05/03/2020,ILG,DE,AEA,EN,Towers with Radar,0,0,12,0,12,0,0,20,0,20,0,0,32,0,32,12,0,12,44
05/04/2020,ILG,DE,AEA,EN,Towers with Radar,0,2,7,0,9,0,1,10,0,11,0,3,17,0,20,6,0,6,26
05/05/2020,ILG,DE,AEA,EN,Towers with Radar,0,3,18,3,24,0,0,50,11,61,0,3,68,14,85,49,24,73,158
05/06/2020,ILG,DE,AEA,EN,Towers with Radar,0,7,12,4,23,0,0,9,6,15,0,7,21,10,38,37,18,55,93
05/07/2020,ILG,DE,AEA,EN,Towers with Radar,0,5,22,4,31,0,3,40,26,69,0,8,62,30,100,60,20,80,180
05/08/2020,ILG,DE,AEA,EN,Towers with Radar,0,2,17,0,19,0,1,17,0,18,0,3,34,0,37,49,0,49,86
05/09/2020,ILG,DE,AEA,EN,Towers with Radar,0,3,3,0,6,0,0,5,0,5,0,3,8,0,11,4,0,4,15
05/10/2020,ILG,DE,AEA,EN,Towers with Radar,0,2,11,0,13,0,0,21,0,21,0,2,32,0,34,6,0,6,40
05/11/2020,ILG,DE,AEA,EN,Towers with Radar,0,4,11,3,18,0,0,13,2,15,0,4,24,5,33,0,0,0,33
05/12/2020,ILG,DE,AEA,EN,Towers with Radar,0,9,19,3,31,0,0,25,13,38,0,9,44,16,69,57,14,71,140
05/13/2020,ILG,DE,AEA,EN,Towers with Radar,0,8,23,3,34,0,0,94,17,111,0,8,117,20,145,62,11,73,218
05/14/2020,ILG,DE,AEA,EN,Towers with Radar,0,5,14,7,26,0,0,49,31,80,0,5,63,38,106,78,42,120,226
05/15/2020,ILG,DE,AEA,EN,Towers with Radar,0,2,9,0,11,0,0,32,0,32,0,2,41,0,43,12,0,12,55
05/16/2020,ILG,DE,AEA,EN,Towers with Radar,0,2,11,7,20,0,1,46,3,50,0,3,57,10,70,14,24,38,108
05/17/2020,ILG,DE,AEA,EN,Towers with Radar,0,1,16,0,17,0,1,25,0,26,0,2,41,0,43,6,0,6,49
05/18/2020,ILG,DE,AEA,EN,Towers with Radar,0,0,20,4,24,0,0,11,5,16,0,0,31,9,40,16,16,32,72
05/19/2020,ILG,DE,AEA,EN,Towers with Radar,0,3,15,12,30,0,0,19,17,36,0,3,34,29,66,2,11,13,79
05/20/2020,ILG,DE,AEA,EN,Towers with Radar,0,4,15,5,24,0,0,15,15,30,0,4,30,20,54,23,8,31,85
05/21/2020,ILG,DE,AEA,EN,Towers with Radar,0,6,32,11,49,0,0,57,18,75,0,6,89,29,124,100,17,117,241
05/22/2020,ILG,DE,AEA,EN,Towers with Radar,0,3,39,0,42,0,0,1,0,1,0,3,40,0,43,0,0,0,43
05/23/2020,ILG,DE,AEA,EN,Towers with Radar,0,7,7,0,14,0,0,10,0,10,0,7,17,0,24,33,0,33,57
05/24/2020,ILG,DE,AEA,EN,Towers with Radar,0,3,12,0,15,0,2,10,0,12,0,5,22,0,27,17,0,17,44
05/25/2020,ILG,DE,AEA,EN,Towers with Radar,0,5,22,0,27,0,0,16,2,18,0,5,38,2,45,3,0,3,48
05/26/2020,ILG,DE,AEA,EN,Towers with Radar,0,7,23,4,34,0,1,36,15,52,0,8,59,19,86,76,7,83,169
05/27/2020,ILG,DE,AEA,EN,Towers with Radar,0,7,7,7,21,0,3,25,15,43,0,10,32,22,64,5,16,21,85
05/28/2020,ILG,DE,AEA,EN,Towers with Radar,0,7,23,8,38,0,0,1,16,17,0,7,24,24,55,0,56,56,111
05/29/2020,ILG,DE,AEA,EN,Towers with Radar,0,5,32,1,38,0,0,6,0,6,0,5,38,1,44,30,0,30,74
05/30/2020,ILG,DE,AEA,EN,Towers with Radar,0,2,8,0,10,0,0,45,0,45,0,2,53,0,55,26,0,26,81
05/31/2020,ILG,DE,AEA,EN,Towers with Radar,0,4,20,0,24,0,0,50,0,50,0,4,70,0,74,22,0,22,96
06/01/2020,ILG,DE,AEA,EN,Towers with Radar,0,12,17,3,32,0,0,19,0,19,0,12,36,3,51,8,0,8,59
06/02/2020,ILG,DE,AEA,EN,Towers with Radar,0,4,26,12,42,0,0,24,14,38,0,4,50,26,80,4,34,38,118
06/03/2020,ILG,DE,AEA,EN,Towers with Radar,0,8,17,6,31,0,2,25,10,37,0,10,42,16,68,7,19,26,94
06/04/2020,ILG,DE,AEA,EN,Towers with Radar,0,3,18,6,27,0,0,38,11,49,0,3,56,17,76,37,12,49,125
06/05/2020,ILG,DE,AEA,EN,Towers with Radar,0,8,17,2,27,0,0,19,10,29,0,8,36,12,56,16,0,16,72
06/06/2020,ILG,DE,AEA,EN,Towers with Radar,0,9,20,3,32,0,0,18,18,36,0,9,38,21,68,24,10,34,102
06/07/2020,ILG,DE,AEA,EN,Towers with Radar,0,2,12,0,14,0,0,38,0,38,0,2,50,0,52,32,0,32,84
06/08/2020,ILG,DE,AEA,EN,Towers with Radar,0,9,21,4,34,0,1,16,1,18,0,10,37,5,52,30,6,36,88
06/09/2020,ILG,DE,AEA,EN,Towers with Radar,0,9,25,6,40,0,0,44,9,53,0,9,69,15,93,39,13,52,145
06/10/2020,ILG,DE,AEA,EN,Towers with Radar,0,6,20,6,32,0,0,31,15,46,0,6,51,21,78,9,58,67,145
06/11/2020,ILG,DE,AEA,EN,Towers with Radar,0,15,37,5,57,0,0,9,2,11,0,15,46,7,68,0,4,4,72
06/12/2020,ILG,DE,AEA,EN,Towers with Radar,0,11,27,2,40,0,0,36,3,39,0,11,63,5,79,11,3,14,93
06/13/2020,ILG,DE,AEA,EN,Towers with Radar,0,3,15,0,18,0,0,34,14,48,0,3,49,14,66,16,5,21,87
06/14/2020,ILG,DE,AEA,EN,Towers with Radar,0,7,15,0,22,0,0,32,0,32,0,7,47,0,54,20,0,20,74
06/15/2020,ILG,DE,AEA,EN,Towers with Radar,0,7,21,1,29,0,0,41,0,41,0,7,62,1,70,30,0,30,100
06/16/2020,ILG,DE,AEA,EN,Towers with Radar,0,8,13,6,27,0,2,25,27,54,0,10,38,33,81,22,34,56,137
06/17/2020,ILG,DE,AEA,EN,Towers with Radar,0,6,29,10,45,0,2,20,2,24,0,8,49,12,69,22,46,68,137
06/18/2020,ILG,DE,AEA,EN,Towers with Radar,0,8,26,6,40,0,0,20,2,22,0,8,46,8,62,30,14,44,106
06/19/2020,ILG,DE,AEA,EN,Towers with Radar,0,7,13,0,20,0,0,32,0,32,0,7,45,0,52,18,0,18,70
06/20/2020,ILG,DE,AEA,EN,Towers with Radar,0,1,22,0,23,0,0,16,0,16,0,1,38,0,39,32,0,32,71
06/21/2020,ILG,DE,AEA,EN,Towers with Radar,0,7,20,0,27,0,0,14,1,15,0,7,34,1,42,2,0,2,44
06/22/2020,ILG,DE,AEA,EN,Towers with Radar,0,7,25,2,34,0,0,16,0,16,0,7,41,2,50,9,0,9,59
06/23/2020,ILG,DE,AEA,EN,Towers with Radar,0,7,16,9,32,0,0,30,9,39,0,7,46,18,71,65,30,95,166
06/24/2020,ILG,DE,AEA,EN,Towers with Radar,0,4,10,6,20,0,0,23,10,33,0,4,33,16,53,42,14,56,109
06/25/2020,ILG,DE,AEA,EN,Towers with Radar,0,9,22,5,36,0,0,46,22,68,0,9,68,27,104,46,43,89,193
06/26/2020,ILG,DE,AEA,EN,Towers with Radar,0,2,16,0,18,0,0,45,6,51,0,2,61,6,69,39,9,48,117
06/27/2020,ILG,DE,AEA,EN,Towers with Radar,0,5,13,0,18,0,0,16,7,23,0,5,29,7,41,44,0,44,85
06/28/2020,ILG,DE,AEA,EN,Towers with Radar,0,1,17,0,18,0,0,34,0,34,0,1,51,0,52,16,0,16,68
06/29/2020,ILG,DE,AEA,EN,Towers with Radar,0,7,13,0,20,0,1,18,0,19,0,8,31,0,39,44,0,44,83
06/30/2020,ILG,DE,AEA,EN,Towers with Radar,0,14,32,9,55,0,1,52,20,73,0,15,84,29,128,52,25,77,205
07/01/2020,ILG,DE,AEA,EN,Towers with Radar,0,11,22,5,38,0,0,16,6,22,0,11,38,11,60,22,12,34,94
07/02/2020,ILG,DE,AEA,EN,Towers with Radar,0,14,16,2,32,0,0,48,11,59,0,14,64,13,91,43,4,47,138
07/03/2020,ILG,DE,AEA,EN,Towers with Radar,0,3,23,0,26,0,0,28,0,28,0,3,51,0,54,34,0,34,88
07/04/2020,ILG,DE,AEA,EN,Towers with Radar,0,1,7,0,8,0,0,12,0,12,0,1,19,0,20,31,0,31,51
07/05/2020,ILG,DE,AEA,EN,Towers with Radar,0,4,21,1,26,0,0,31,0,31,0,4,52,1,57,22,0,22,79
07/06/2020,ILG,DE,AEA,EN,Towers with Radar,0,7,25,0,32,0,0,16,4,20,0,7,41,4,52,12,6,18,70
07/07/2020,ILG,DE,AEA,EN,Towers with Radar,0,5,18,6,29,0,0,34,15,49,0,5,52,21,78,17,30,47,125
07/08/2020,ILG,DE,AEA,EN,Towers with Radar,0,11,28,6,45,0,0,26,17,43,0,11,54,23,88,31,37,68,156
07/09/2020,ILG,DE,AEA,EN,Towers with Radar,0,13,30,9,52,0,2,30,11,43,0,15,60,20,95,25,29,54,149
07/10/2020,ILG,DE,AEA,EN,Towers with Radar,0,10,7,0,17,0,0,0,0,0,0,10,7,0,17,0,0,0,17
07/11/2020,ILG,DE,AEA,EN,Towers with Radar,0,7,20,2,29,0,0,28,14,42,0,7,48,16,71,29,10,39,110
07/12/2020,ILG,DE,AEA,EN,Towers with Radar,0,5,20,2,27,0,0,32,18,50,0,5,52,20,77,12,10,22,99
07/13/2020,ILG,DE,AEA,EN,Towers with Radar,0,4,19,1,24,0,0,10,0,10,0,4,29,1,34,8,0,8,42
07/14/2020,ILG,DE,AEA,EN,Towers with Radar,0,13,24,0,37,0,0,47,16,63,0,13,71,16,100,52,13,65,165
07/15/2020,ILG,DE,AEA,EN,Towers with Radar,0,5,27,9,41,0,0,45,16,61,0,5,72,25,102,18,41,59,161
07/16/2020,ILG,DE,AEA,EN,Towers with Radar,0,10,13,5,28,0,0,28,16,44,0,10,41,21,72,72,20,92,164
07/17/2020,ILG,DE,AEA,EN,Towers with Radar,0,9,22,6,37,0,1,3,5,9,0,10,25,11,46,10,0,10,56
07/18/2020,ILG,DE,AEA,EN,Towers with Radar,0,3,15,0,18,0,0,42,2,44,0,3,57,2,62,49,0,49,111
07/19/2020,ILG,DE,AEA,EN,Towers with Radar,0,4,19,0,23,0,0,35,0,35,0,4,54,0,58,24,0,24,82
07/20/2020,ILG,DE,AEA,EN,Towers with Radar,0,4,23,3,30,0,0,26,1,27,0,4,49,4,57,8,0,8,65
07/21/2020,ILG,DE,AEA,EN,Towers with Radar,0,7,26,6,39,0,1,23,9,33,0,8,49,15,72,19,0,19,91
07/22/2020,ILG,DE,AEA,EN,Towers with Radar,0,2,21,2,25,0,0,23,2,25,0,2,44,4,50,44,0,44,94
07/23/2020,ILG,DE,AEA,EN,Towers with Radar,0,8,32,8,48,0,1,21,26,48,0,9,53,34,96,51,26,77,173
07/24/2020,ILG,DE,AEA,EN,Towers with Radar,0,3,20,0,23,0,0,7,1,8,0,3,27,1,31,4,0,4,35
07/25/2020,ILG,DE,AEA,EN,Towers with Radar,0,3,5,3,11,0,0,26,8,34,0,3,31,11,45,39,0,39,84
07/26/2020,ILG,DE,AEA,EN,Towers with Radar,0,4,9,0,13,0,5,20,6,31,0,9,29,6,44,30,2,32,76
07/27/2020,ILG,DE,AEA,EN,Towers with Radar,0,3,18,0,21,0,0,29,1,30,0,3,47,1,51,31,0,31,82
07/28/2020,ILG,DE,AEA,EN,Towers with Radar,0,7,21,9,37,0,0,34,19,53,0,7,55,28,90,43,18,61,151
07/29/2020,ILG,DE,AEA,EN,Towers with Radar,0,10,22,4,36,0,0,53,13,66,0,10,75,17,102,53,12,65,167
07/30/2020,ILG,DE,AEA,EN,Towers with Radar,0,11,23,8,42,0,1,31,18,50,0,12,54,26,92,19,34,53,145
07/31/2020,ILG,DE,AEA,EN,Towers with Radar,0,4,20,0,24,0,0,3,0,3,0,4,23,0,27,0,0,0,27
08/01/2020,ILG,DE,AEA,EN,Towers with Radar,0,1,23,0,24,0,0,52,2,54,0,1,75,2,78,42,0,42,120
08/02/2020,ILG,DE,AEA,EN,Towers with Radar,0,2,11,0,13,0,0,5,0,5,0,2,16,0,18,10,0,10,28
08/03/2020,ILG,DE,AEA,EN,Towers with Radar,0,3,25,5,33,0,0,20,0,20,0,3,45,5,53,42,0,42,95
08/04/2020,ILG,DE,AEA,EN,Towers with Radar,0,1,5,0,6,0,1,4,0,5,0,2,9,0,11,0,0,0,11
08/05/2020,ILG,DE,AEA,EN,Towers with Radar,0,2,32,7,41,0,0,44,7,51,0,2,76,14,92,41,0,41,133
08/06/2020,ILG,DE,AEA,EN,Towers with Radar,0,6,18,10,34,0,0,8,7,15,0,6,26,17,49,10,25,35,84
08/07/2020,ILG,DE,AEA,EN,Towers with Radar,0,5,17,3,25,0,0,10,0,10,0,5,27,3,35,22,0,22,57
08/08/2020,ILG,DE,AEA,EN,Towers with Radar,0,5,31,3,39,0,0,24,2,26,0,5,55,5,65,19,7,26,91
08/09/2020,ILG,DE,AEA,EN,Towers with Radar,0,7,28,0,35,0,0,24,2,26,0,7,52,2,61,46,4,50,111
08/10/2020,ILG,DE,AEA,EN,Towers with Radar,0,5,16,2,23,0,0,11,0,11,0,5,27,2,34,12,0,12,46
08/11/2020,ILG,DE,AEA,EN,Towers with Radar,0,14,31,8,53,0,4,34,23,61,0,18,65,31,114,13,32,45,159
08/12/2020,ILG,DE,AEA,EN,Towers with Radar,0,6,17,2,25,0,0,17,9,26,0,6,34,11,51,8,24,32,83
08/13/2020,ILG,DE,AEA,EN,Towers with Radar,0,8,13,9,30,0,0,8,18,26,0,8,21,27,56,8,44,52,108
08/14/2020,ILG,DE,AEA,EN,Towers with Radar,0,11,29,4,44,0,0,9,1,10,0,11,38,5,54,19,0,19,73
08/15/2020,ILG,DE,AEA,EN,Towers with Radar,0,7,23,0,30,0,0,29,3,32,0,7,52,3,62,40,0,40,102
08/16/2020,ILG,DE,AEA,EN,Towers with Radar,0,7,15,0,22,0,0,1,0,1,0,7,16,0,23,0,0,0,23
08/17/2020,ILG,DE,AEA,EN,Towers with Radar,0,6,25,0,31,0,0,33,0,33,0,6,58,0,64,52,0,52,116
08/18/2020,ILG,DE,AEA,EN,Towers with Radar,0,8,19,7,34,0,0,65,25,90,0,8,84,32,124,53,32,85,209
08/19/2020,ILG,DE,AEA,EN,Towers with Radar,0,8,26,5,39,0,3,17,18,38,0,11,43,23,77,36,24,60,137
08/20/2020,ILG,DE,AEA,EN,Towers with Radar,0,6,37,9,52,0,0,46,19,65,0,6,83,28,117,44,19,63,180
08/21/2020,ILG,DE,AEA,EN,Towers with Radar,0,10,39,3,52,0,3,37,5,45,0,13,76,8,97,8,0,8,105
08/22/2020,ILG,DE,AEA,EN,Towers with Radar,0,14,11,0,25,0,0,20,8,28,0,14,31,8,53,25,12,37,90
08/23/2020,ILG,DE,AEA,EN,Towers with Radar,0,5,30,0,35,0,0,4,0,4,0,5,34,0,39,4,0,4,43
08/24/2020,ILG,DE,AEA,EN,Towers with Radar,0,4,12,0,16,0,3,25,2,30,0,7,37,2,46,57,0,57,103
08/25/2020,ILG,DE,AEA,EN,Towers with Radar,0,9,22,8,39,0,0,24,7,31,0,9,46,15,70,49,6,55,125
08/26/2020,ILG,DE,AEA,EN,Towers with Radar,0,7,32,4,43,0,0,51,12,63,0,7,83,16,106,58,20,78,184
08/27/2020,ILG,DE,AEA,EN,Towers with Radar,0,6,23,2,31,0,2,38,4,44,0,8,61,6,75,14,0,14,89
08/28/2020,ILG,DE,AEA,EN,Towers with Radar,0,5,22,2,29,0,0,27,1,28,0,5,49,3,57,46,0,46,103
08/29/2020,ILG,DE,AEA,EN,Towers with Radar,0,3,8,0,11,0,0,0,0,0,0,3,8,0,11,0,0,0,11
08/30/2020,ILG,DE,AEA,EN,Towers with Radar,0,11,19,1,31,0,2,32,0,34,0,13,51,1,65,53,0,53,118
08/31/2020,ILG,DE,AEA,EN,Towers with Radar,0,13,21,0,34,0,2,22,0,24,0,15,43,0,58,81,0,81,139
09/01/2020,ILG,DE,AEA,EN,Towers with Radar,0,8,31,9,48,0,0,17,4,21,0,8,48,13,69,38,12,50,119
09/02/2020,ILG,DE,AEA,EN,Towers with Radar,0,14,22,8,44,0,0,10,7,17,0,14,32,15,61,17,35,52,113
09/03/2020,ILG,DE,AEA,EN,Towers with Radar,0,10,24,1,35,0,2,39,2,43,0,12,63,3,78,61,8,69,147
09/04/2020,ILG,DE,AEA,EN,Towers with Radar,0,3,27,0,30,0,0,55,0,55,0,3,82,0,85,42,0,42,127
09/05/2020,ILG,DE,AEA,EN,Towers with Radar,0,9,15,0,24,0,4,36,0,40,0,13,51,0,64,4,0,4,68
09/06/2020,ILG,DE,AEA,EN,Towers with Radar,0,5,11,0,16,0,1,39,1,41,0,6,50,1,57,14,0,14,71
09/07/2020,ILG,DE,AEA,EN,Towers with Radar,0,7,16,0,23,0,3,32,0,35,0,10,48,0,58,10,0,10,68
09/08/2020,ILG,DE,AEA,EN,Towers with Radar,0,9,37,4,50,0,0,36,10,46,0,9,73,14,96,29,18,47,143
09/09/2020,ILG,DE,AEA,EN,Towers with Radar,0,9,23,11,43,0,0,8,7,15,0,9,31,18,58,12,21,33,91
09/10/2020,ILG,DE,AEA,EN,Towers with Radar,1,4,16,5,26,0,0,0,0,0,1,4,16,5,26,0,0,0,26
09/11/2020,ILG,DE,AEA,EN,Towers with Radar,2,8,34,2,46,0,0,22,6,28,2,8,56,8,74,0,4,4,78
09/12/2020,ILG,DE,AEA,EN,Towers with Radar,0,7,16,2,25,0,0,35,19,54,0,7,51,21,79,25,25,50,129
09/13/2020,ILG,DE,AEA,EN,Towers with Radar,1,4,15,1,21,0,0,24,5,29,1,4,39,6,50,37,0,37,87
09/14/2020,ILG,DE,AEA,EN,Towers with Radar,0,8,22,0,30,0,0,24,2,26,0,8,46,2,56,27,0,27,83
09/15/2020,ILG,DE,AEA,EN,Towers with Radar,0,17,32,12,61,0,3,29,9,41,0,20,61,21,102,2,11,13,115
09/16/2020,ILG,DE,AEA,EN,Towers with Radar,0,9,28,4,41,0,1,40,12,53,0,10,68,16,94,100,4,104,198
09/17/2020,ILG,DE,AEA,EN,Towers with Radar,0,2,27,4,33,0,0,47,7,54,0,2,74,11,87,60,0,60,147
09/18/2020,ILG,DE,AEA,EN,Towers with Radar,0,9,23,3,35,0,1,21,3,25,0,10,44,6,60,2,2,4,64
09/19/2020,ILG,DE,AEA,EN,Towers with Radar,0,6,8,0,14,0,3,41,2,46,0,9,49,2,60,46,0,46,106
09/20/2020,ILG,DE,AEA,EN,Towers with Radar,0,8,17,0,25,0,2,34,0,36,0,10,51,0,61,6,0,6,67
09/21/2020,ILG,DE,AEA,EN,Towers with Radar,0,8,28,0,36,0,3,26,0,29,0,11,54,0,65,21,0,21,86
09/22/2020,ILG,DE,AEA,EN,Towers with Radar,1,8,30,4,43,0,1,52,16,69,1,9,82,20,112,33,6,39,151
09/23/2020,ILG,DE,AEA,EN,Towers with Radar,3,13,25,5,46,0,0,77,8,85,3,13,102,13,131,75,16,91,222
09/24/2020,ILG,DE,AEA,EN,Towers with Radar,0,20,27,6,53,0,3,43,6,52,0,23,70,12,105,83,4,87,192
09/25/2020,ILG,DE,AEA,EN,Towers with Radar,0,7,34,2,43,0,3,18,0,21,0,10,52,2,64,12,0,12,76
09/26/2020,ILG,DE,AEA,EN,Towers with Radar,0,7,24,0,31,0,0,0,0,0,0,7,24,0,31,0,0,0,31
09/27/2020,ILG,DE,AEA,EN,Towers with Radar,0,3,38,0,41,0,0,1,0,1,0,3,39,0,42,2,0,2,44
09/28/2020,ILG,DE,AEA,EN,Towers with Radar,1,7,39,0,47,0,3,15,0,18,1,10,54,0,65,0,0,0,65
09/29/2020,ILG,DE,AEA,EN,Towers with Radar,1,10,23,3,37,0,0,0,1,1,1,10,23,4,38,0,0,0,38
09/30/2020,ILG,DE,AEA,EN,Towers with Radar,1,14,20,1,36,0,0,41,5,46,1,14,61,6,82,25,83,108,190
10/01/2020,ILG,DE,AEA,EN,Towers with Radar,0,11,26,3,40,0,4,47,3,54,0,15,73,6,94,19,24,43,137
10/02/2020,ILG,DE,AEA,EN,Towers with Radar,2,5,26,0,33,0,1,17,0,18,2,6,43,0,51,4,0,4,55
10/03/2020,ILG,DE,AEA,EN,Towers with Radar,1,7,23,0,31,0,2,36,0,38,1,9,59,0,69,43,0,43,112
10/04/2020,ILG,DE,AEA,EN,Towers with Radar,1,10,15,0,26,0,2,43,0,45,1,12,58,0,71,21,0,21,92
10/05/2020,ILG,DE,AEA,EN,Towers with Radar,1,12,18,1,32,0,1,24,1,26,1,13,42,2,58,8,0,8,66
10/06/2020,ILG,DE,AEA,EN,Towers with Radar,2,16,24,3,45,0,3,51,12,66,2,19,75,15,111,50,58,108,219
10/07/2020,ILG,DE,AEA,EN,Towers with Radar,1,5,20,6,32,0,3,25,10,38,1,8,45,16,70,14,10,24,94
10/08/2020,ILG,DE,AEA,EN,Towers with Radar,1,10,39,5,55,0,0,27,24,51,1,10,66,29,106,66,29,95,201
10/09/2020,ILG,DE,AEA,EN,Towers with Radar,0,12,33,0,45,0,2,54,0,56,0,14,87,0,101,18,0,18,119
10/10/2020,ILG,DE,AEA,EN,Towers with Radar,0,7,21,0,28,0,0,64,0,64,0,7,85,0,92,24,0,24,116
10/11/2020,ILG,DE,AEA,EN,Towers with Radar,0,12,27,0,39,0,1,5,0,6,0,13,32,0,45,26,0,26,71
10/12/2020,ILG,DE,AEA,EN,Towers with Radar,0,9,21,0,30,0,0,0,0,0,0,9,21,0,30,0,0,0,30
10/13/2020,ILG,DE,AEA,EN,Towers with Radar,0,8,29,13,50,0,0,8,7,15,0,8,37,20,65,12,16,28,93
10/14/2020,ILG,DE,AEA,EN,Towers with Radar,0,10,25,5,40,0,0,64,5,69,0,10,89,10,109,54,19,73,182
10/15/2020,ILG,DE,AEA,EN,Towers with Radar,0,12,30,9,51,0,2,21,6,29,0,14,51,15,80,0,8,8,88
10/16/2020,ILG,DE,AEA,EN,Towers with Radar,0,17,30,3,50,0,0,1,0,1,0,17,31,3,51,0,0,0,51
10/17/2020,ILG,DE,AEA,EN,Towers with Radar,0,4,17,0,21,0,5,37,6,48,0,9,54,6,69,37,0,37,106
10/18/2020,ILG,DE,AEA,EN,Towers with Radar,0,15,28,2,45,0,7,40,4,51,0,22,68,6,96,28,4,32,128
10/19/2020,ILG,DE,AEA,EN,Towers with Radar,0,10,25,0,35,0,4,9,0,13,0,14,34,0,48,27,0,27,75
10/20/2020,ILG,DE,AEA,EN,Towers with Radar,0,16,25,10,51,0,1,11,11,23,0,17,36,21,74,30,26,56,130
10/21/2020,ILG,DE,AEA,EN,Towers with Radar,0,12,29,8,49,0,0,9,16,25,0,12,38,24,74,10,39,49,123
10/22/2020,ILG,DE,AEA,EN,Towers with Radar,0,12,24,5,41,0,0,20,16,36,0,12,44,21,77,32,10,42,119
10/23/2020,ILG,DE,AEA,EN,Towers with Radar,0,5,38,0,43,0,0,1,0,1,0,5,39,0,44,6,0,6,50
10/24/2020,ILG,DE,AEA,EN,Towers with Radar,1,8,25,0,34,0,1,16,0,17,1,9,41,0,51,44,0,44,95
10/25/2020,ILG,DE,AEA,EN,Towers with Radar,0,5,15,0,20,0,2,7,0,9,0,7,22,0,29,44,0,44,73
10/26/2020,ILG,DE,AEA,EN,Towers with Radar,0,11,20,2,33,0,0,0,0,0,0,11,20,2,33,0,0,0,33
10/27/2020,ILG,DE,AEA,EN,Towers with Radar,0,25,77,2,104,0,3,43,17,63,0,28,120,19,167,60,12,72,239
10/28/2020,ILG,DE,AEA,EN,Towers with Radar,0,10,30,12,52,0,0,14,9,23,0,10,44,21,75,16,6,22,97
10/29/2020,ILG,DE,AEA,EN,Towers with Radar,0,10,18,0,28,0,0,0,0,0,0,10,18,0,28,0,0,0,28
10/30/2020,ILG,DE,AEA,EN,Towers with Radar,0,9,20,0,29,0,0,12,0,12,0,9,32,0,41,6,0,6,47
10/31/2020,ILG,DE,AEA,EN,Towers with Radar,0,25,37,0,62,0,2,82,0,84,0,27,119,0,146,95,0,95,241
11/01/2020,ILG,DE,AEA,EN,Towers with Radar,0,5,23,0,28,0,0,2,0,2,0,5,25,0,30,20,0,20,50
11/02/2020,ILG,DE,AEA,EN,Towers with Radar,0,13,24,0,37,0,1,6,0,7,0,14,30,0,44,0,0,0,44
11/03/2020,ILG,DE,AEA,EN,Towers with Radar,0,13,21,1,35,0,0,18,11,29,0,13,39,12,64,14,10,24,88
11/04/2020,ILG,DE,AEA,EN,Towers with Radar,1,19,22,2,44,0,2,54,13,69,1,21,76,15,113,25,0,25,138
11/05/2020,ILG,DE,AEA,EN,Towers with Radar,0,8,31,5,44,0,2,27,0,29,0,10,58,5,73,23,0,23,96
11/06/2020,ILG,DE,AEA,EN,Towers with Radar,0,5,18,0,23,0,2,31,6,39,0,7,49,6,62,4,6,10,72
11/07/2020,ILG,DE,AEA,EN,Towers with Radar,0,13,24,2,39,0,2,54,6,62,0,15,78,8,101,29,0,29,130
11/08/2020,ILG,DE,AEA,EN,Towers with Radar,0,13,28,0,41,0,1,51,9,61,0,14,79,9,102,32,0,32,134
11/09/2020,ILG,DE,AEA,EN,Towers with Radar,0,7,21,14,42,0,0,44,2,46,0,7,65,16,88,12,16,28,116
11/10/2020,ILG,DE,AEA,EN,Towers with Radar,0,12,43,2,57,0,5,55,9,69,0,17,98,11,126,27,10,37,163
11/11/2020,ILG,DE,AEA,EN,Towers with Radar,0,3,25,1,29,0,0,0,1,1,0,3,25,2,30,0,0,0,30
11/12/2020,ILG,DE,AEA,EN,Towers with Radar,0,8,17,4,29,0,0,2,0,2,0,8,19,4,31,4,0,4,35
11/13/2020,ILG,DE,AEA,EN,Towers with Radar,0,5,25,1,31,0,0,10,0,10,0,5,35,1,41,16,0,16,57
11/14/2020,ILG,DE,AEA,EN,Towers with Radar,0,8,17,3,28,0,2,64,3,69,0,10,81,6,97,49,0,49,146
11/15/2020,ILG,DE,AEA,EN,Towers with Radar,0,3,15,0,18,0,1,12,2,15,0,4,27,2,33,16,0,16,49
11/16/2020,ILG,DE,AEA,EN,Towers with Radar,0,6,29,2,37,0,1,20,2,23,0,7,49,4,60,12,8,20,80
11/17/2020,ILG,DE,AEA,EN,Towers with Radar,0,6,10,0,16,0,0,15,4,19,0,6,25,4,35,8,0,8,43
11/18/2020,ILG,DE,AEA,EN,Towers with Radar,0,10,30,0,40,0,2,23,8,33,0,12,53,8,73,12,0,12,85
11/19/2020,ILG,DE,AEA,EN,Towers with Radar,0,9,22,0,31,0,6,31,1,38,0,15,53,1,69,48,0,48,117
11/20/2020,ILG,DE,AEA,EN,Towers with Radar,0,10,33,0,43,0,5,55,2,62,0,15,88,2,105,56,0,56,161
11/21/2020,ILG,DE,AEA,EN,Towers with Radar,0,9,24,0,33,0,7,56,1,64,0,16,80,1,97,70,0,70,167
11/22/2020,ILG,DE,AEA,EN,Towers with Radar,0,17,21,0,38,0,2,26,0,28,0,19,47,0,66,79,0,79,145
11/23/2020,ILG,DE,AEA,EN,Towers with Radar,0,11,27,8,46,0,0,16,13,29,0,11,43,21,75,18,10,28,103
11/24/2020,ILG,DE,AEA,EN,Towers with Radar,0,7,24,0,31,0,0,47,15,62,0,7,71,15,93,36,40,76,169
11/25/2020,ILG,DE,AEA,EN,Towers with Radar,0,6,32,0,38,0,1,34,0,35,0,7,66,0,73,39,0,39,112
11/26/2020,ILG,DE,AEA,EN,Towers with Radar,0,2,9,0,11,0,0,5,0,5,0,2,14,0,16,0,0,0,16
11/27/2020,ILG,DE,AEA,EN,Towers with Radar,0,7,23,0,30,0,3,56,1,60,0,10,79,1,90,16,0,16,106
11/28/2020,ILG,DE,AEA,EN,Towers with Radar,0,2,15,0,17,0,0,46,0,46,0,2,61,0,63,18,0,18,81
11/29/2020,ILG,DE,AEA,EN,Towers with Radar,0,6,35,0,41,0,2,66,0,68,0,8,101,0,109,18,0,18,127
11/30/2020,ILG,DE,AEA,EN,Towers with Radar,0,6,16,3,25,0,0,0,2,2,0,6,16,5,27,0,0,0,27
12/01/2020,ILG,DE,AEA,EN,Towers with Radar,0,6,16,3,25,0,0,15,10,25,0,6,31,13,50,16,52,68,118
12/02/2020,ILG,DE,AEA,EN,Towers with Radar,0,9,21,0,30,0,3,36,12,51,0,12,57,12,81,11,24,35,116
12/03/2020,ILG,DE,AEA,EN,Towers with Radar,0,5,26,2,33,0,1,43,2,46,0,6,69,4,79,29,15,44,123
12/04/2020,ILG,DE,AEA,EN,Towers with Radar,0,5,15,2,22,0,0,6,2,8,0,5,21,4,30,34,4,38,68
12/05/2020,ILG,DE,AEA,EN,Towers with Radar,0,5,3,0,8,0,0,6,0,6,0,5,9,0,14,9,0,9,23
12/06/2020,ILG,DE,AEA,EN,Towers with Radar,0,9,18,0,27,0,0,45,0,45,0,9,63,0,72,35,0,35,107
12/07/2020,ILG,DE,AEA,EN,Towers with Radar,0,3,24,3,30,0,0,57,13,70,0,3,81,16,100,52,22,74,174
12/08/2020,ILG,DE,AEA,EN,Towers with Radar,0,6,37,4,47,0,0,28,18,46,0,6,65,22,93,32,26,58,151
12/09/2020,ILG,DE,AEA,EN,Towers with Radar,0,5,18,5,28,0,0,32,11,43,0,5,50,16,71,46,18,64,135
12/10/2020,ILG,DE,AEA,EN,Towers with Radar,0,5,26,2,33,0,2,64,15,81,0,7,90,17,114,22,24,46,160
12/11/2020,ILG,DE,AEA,EN,Towers with Radar,0,10,30,1,41,0,4,54,8,66,0,14,84,9,107,78,11,89,196
12/12/2020,ILG,DE,AEA,EN,Towers with Radar,0,7,13,0,20,0,0,23,0,23,0,7,36,0,43,8,0,8,51
12/13/2020,ILG,DE,AEA,EN,Towers with Radar,1,4,16,0,21,0,3,63,2,68,1,7,79,2,89,34,0,34,123
12/14/2020,ILG,DE,AEA,EN,Towers with Radar,0,9,15,2,26,0,0,6,0,6,0,9,21,2,32,8,0,8,40
12/15/2020,ILG,DE,AEA,EN,Towers with Radar,3,12,36,4,55,0,6,46,9,61,3,18,82,13,116,40,0,40,156
12/16/2020,ILG,DE,AEA,EN,Towers with Radar,0,2,9,0,11,0,1,10,0,11,0,3,19,0,22,8,0,8,30
12/17/2020,ILG,DE,AEA,EN,Towers with Radar,0,2,15,0,17,0,1,11,0,12,0,3,26,0,29,14,0,14,43
12/18/2020,ILG,DE,AEA,EN,Towers with Radar,0,8,32,0,40,0,1,35,0,36,0,9,67,0,76,16,0,16,92
12/19/2020,ILG,DE,AEA,EN,Towers with Radar,0,9,21,0,30,0,0,44,0,44,0,9,65,0,74,46,0,46,120
12/20/2020,ILG,DE,AEA,EN,Towers with Radar,0,22,26,0,48,0,0,4,0,4,0,22,30,0,52,23,0,23,75
12/21/2020,ILG,DE,AEA,EN,Towers with Radar,0,15,12,0,27,0,0,0,0,0,0,15,12,0,27,0,0,0,27
12/22/2020,ILG,DE,AEA,EN,Towers with Radar,0,11,27,3,41,0,1,26,1,28,0,12,53,4,69,16,4,20,89
12/23/2020,ILG,DE,AEA,EN,Towers with Radar,0,10,31,0,41,0,1,88,0,89,0,11,119,0,130,27,0,27,157
12/24/2020,ILG,DE,AEA,EN,Towers with Radar,0,16,7,0,23,0,1,3,0,4,0,17,10,0,27,0,0,0,27
12/25/2020,ILG,DE,AEA,EN,Towers with Radar,0,5,8,0,13,0,0,4,0,4,0,5,12,0,17,0,0,0,17
12/26/2020,ILG,DE,AEA,EN,Towers with Radar,0,16,11,0,27,0,0,24,0,24,0,16,35,0,51,57,0,57,108
12/27/2020,ILG,DE,AEA,EN,Towers with Radar,0,15,29,0,44,0,3,65,0,68,0,18,94,0,112,23,0,23,135
12/28/2020,ILG,DE,AEA,EN,Towers with Radar,0,17,11,0,28,0,0,35,0,35,0,17,46,0,63,75,0,75,138
12/29/2020,ILG,DE,AEA,EN,Towers with Radar,0,12,22,2,36,0,0,38,0,38,0,12,60,2,74,8,0,8,82
12/30/2020,ILG,DE,AEA,EN,Towers with Radar,0,3,22,0,25,0,0,76,3,79,0,3,98,3,104,42,0,42,146
12/31/2020,ILG,DE,AEA,EN,Towers with Radar,0,7,12,0,19,0,0,16,0,16,0,7,28,0,35,6,0,6,41
01/01/2021,ILG,DE,AEA,EN,Towers with Radar,0,4,9,0,13,0,1,12,0,13,0,5,21,0,26,4,0,4,30
01/02/2021,ILG,DE,AEA,EN,Towers with Radar,0,9,27,0,36,0,0,43,0,43,0,9,70,0,79,10,0,10,89
01/03/2021,ILG,DE,AEA,EN,Towers with Radar,0,15,26,0,41,0,0,0,0,0,0,15,26,0,41,0,0,0,41
01/04/2021,ILG,DE,AEA,EN,Towers with Radar,0,16,18,0,34,0,1,8,0,9,0,17,26,0,43,18,0,18,61
01/05/2021,ILG,DE,AEA,EN,Towers with Radar,0,12,12,0,24,0,2,16,0,18,0,14,28,0,42,24,0,24,66
01/06/2021,ILG,DE,AEA,EN,Towers with Radar,0,4,14,4,22,0,0,18,0,18,0,4,32,4,40,20,0,20,60
01/07/2021,ILG,DE,AEA,EN,Towers with Radar,0,11,32,2,45,0,0,48,16,64,0,11,80,18,109,74,41,115,224
01/08/2021,ILG,DE,AEA,EN,Towers with Radar,0,7,18,0,25,0,0,45,4,49,0,7,63,4,74,83,0,83,157
01/09/2021,ILG,DE,AEA,EN,Towers with Radar,0,3,13,0,16,0,3,48,0,51,0,6,61,0,67,39,0,39,106
01/10/2021,ILG,DE,AEA,EN,Towers with Radar,0,12,43,0,55,0,1,79,0,80,0,13,122,0,135,76,0,76,211
01/11/2021,ILG,DE,AEA,EN,Towers with Radar,0,8,26,0,34,0,0,31,2,33,0,8,57,2,67,43,0,43,110
01/12/2021,ILG,DE,AEA,EN,Towers with Radar,0,7,15,4,26,0,0,46,12,58,0,7,61,16,84,82,19,101,185
01/13/2021,ILG,DE,AEA,EN,Towers with Radar,0,6,19,4,29,0,0,47,9,56,0,6,66,13,85,70,0,70,155
01/14/2021,ILG,DE,AEA,EN,Towers with Radar,0,5,36,2,43,0,0,50,13,63,0,5,86,15,106,78,40,118,224
01/15/2021,ILG,DE,AEA,EN,Towers with Radar,0,4,19,0,23,0,0,14,3,17,0,4,33,3,40,38,0,38,78
01/16/2021,ILG,DE,AEA,EN,Towers with Radar,0,5,13,0,18,0,0,35,0,35,0,5,48,0,53,68,0,68,121
01/17/2021,ILG,DE,AEA,EN,Towers with Radar,3,3,11,8,25,0,0,24,0,24,3,3,35,8,49,6,0,6,55
01/18/2021,ILG,DE,AEA,EN,Towers with Radar,1,8,26,0,35,0,2,31,0,33,1,10,57,0,68,31,0,31,99
01/19/2021,ILG,DE,AEA,EN,Towers with Radar,6,10,23,0,39,0,2,19,10,31,6,12,42,10,70,0,0,0,70
01/20/2021,ILG,DE,AEA,EN,Towers with Radar,2,10,9,5,26,0,2,18,8,28,2,12,27,13,54,13,6,19,73
01/21/2021,ILG,DE,AEA,EN,Towers with Radar,2,2,18,2,24,0,2,38,10,50,2,4,56,12,74,86,40,126,200
01/22/2021,ILG,DE,AEA,EN,Towers with Radar,0,7,26,1,34,0,1,40,1,42,0,8,66,2,76,9,0,9,85
01/23/2021,ILG,DE,AEA,EN,Towers with Radar,0,2,12,0,14,0,0,8,0,8,0,2,20,0,22,0,0,0,22
01/24/2021,ILG,DE,AEA,EN,Towers with Radar,0,13,19,4,36,0,0,59,0,59,0,13,78,4,95,37,0,37,132
01/25/2021,ILG,DE,AEA,EN,Towers with Radar,0,4,19,2,25,0,0,43,4,47,0,4,62,6,72,50,0,50,122
01/26/2021,ILG,DE,AEA,EN,Towers with Radar,0,7,8,0,15,0,0,0,0,0,0,7,8,0,15,0,0,0,15
01/27/2021,ILG,DE,AEA,EN,Towers with Radar,0,13,24,8,45,0,2,37,15,54,0,15,61,23,99,20,26,46,145
01/28/2021,ILG,DE,AEA,EN,Towers with Radar,0,4,20,3,27,0,1,17,16,34,0,5,37,19,61,0,4,4,65
01/29/2021,ILG,DE,AEA,EN,Towers with Radar,0,9,15,0,24,0,0,0,3,3,0,9,15,3,27,0,29,29,56
01/30/2021,ILG,DE,AEA,EN,Towers with Radar,0,5,16,0,21,0,1,83,0,84,0,6,99,0,105,55,6,61,166
01/31/2021,ILG,DE,AEA,EN,Towers with Radar,0,9,22,0,31,0,0,4,0,4,0,9,26,0,35,26,0,26,61
02/01/2021,ILG,DE,AEA,EN,Towers with Radar,0,4,2,0,6,0,0,0,0,0,0,4,2,0,6,0,0,0,6
02/02/2021,ILG,DE,AEA,EN,Towers with Radar,0,4,7,0,11,0,1,0,0,1,0,5,7,0,12,0,0,0,12
02/03/2021,ILG,DE,AEA,EN,Towers with Radar,0,13,13,2,28,0,2,11,16,29,0,15,24,18,57,6,10,16,73
02/04/2021,ILG,DE,AEA,EN,Towers with Radar,0,3,22,5,30,0,9,55,16,80,0,12,77,21,110,38,0,38,148
02/05/2021,ILG,DE,AEA,EN,Towers with Radar,0,2,13,3,18,0,1,21,2,24,0,3,34,5,42,29,0,29,71
02/06/2021,ILG,DE,AEA,EN,Towers with Radar,0,1,3,1,5,0,0,0,2,2,0,1,3,3,7,0,0,0,7
02/07/2021,ILG,DE,AEA,EN,Towers with Radar,0,1,0,0,1,0,0,0,0,0,0,1,0,0,1,0,0,0,1
02/08/2021,ILG,DE,AEA,EN,Towers with Radar,0,7,21,1,29,0,2,23,10,35,0,9,44,11,64,23,0,23,87
02/09/2021,ILG,DE,AEA,EN,Towers with Radar,0,10,13,5,28,0,2,15,2,19,0,12,28,7,47,0,39,39,86
02/10/2021,ILG,DE,AEA,EN,Towers with Radar,0,2,25,1,28,0,0,51,13,64,0,2,76,14,92,52,25,77,169
02/11/2021,ILG,DE,AEA,EN,Towers with Radar,2,15,25,2,44,0,0,4,3,7,2,15,29,5,51,41,26,67,118
02/12/2021,ILG,DE,AEA,EN,Towers with Radar,0,3,18,3,24,0,1,30,4,35,0,4,48,7,59,33,7,40,99
02/13/2021,ILG,DE,AEA,EN,Towers with Radar,0,1,8,0,9,0,1,10,0,11,0,2,18,0,20,4,0,4,24
02/14/2021,ILG,DE,AEA,EN,Towers with Radar,2,3,22,1,28,0,1,4,0,5,2,4,26,1,33,0,0,0,33
02/15/2021,ILG,DE,AEA,EN,Towers with Radar,0,8,17,0,25,0,2,2,0,4,0,10,19,0,29,0,0,0,29
02/16/2021,ILG,DE,AEA,EN,Towers with Radar,2,6,11,0,19,0,1,12,22,35,2,7,23,22,54,12,18,30,84
02/17/2021,ILG,DE,AEA,EN,Towers with Radar,0,13,31,3,47,0,3,74,12,89,0,16,105,15,136,122,30,152,288
02/18/2021,ILG,DE,AEA,EN,Towers with Radar,3,5,4,0,12,0,0,0,0,0,3,5,4,0,12,0,0,0,12
02/19/2021,ILG,DE,AEA,EN,Towers with Radar,0,10,14,0,24,0,0,0,0,0,0,10,14,0,24,0,0,0,24
02/20/2021,ILG,DE,AEA,EN,Towers with Radar,0,8,39,0,47,0,0,25,0,25,0,8,64,0,72,22,0,22,94
02/21/2021,ILG,DE,AEA,EN,Towers with Radar,4,16,53,0,73,0,0,57,0,57,4,16,110,0,130,73,0,73,203
02/22/2021,ILG,DE,AEA,EN,Towers with Radar,0,0,22,0,22,0,1,0,0,1,0,1,22,0,23,0,0,0,23
02/23/2021,ILG,DE,AEA,EN,Towers with Radar,2,7,18,0,27,0,0,20,12,32,2,7,38,12,59,85,0,85,144
02/24/2021,ILG,DE,AEA,EN,Towers with Radar,0,9,14,5,28,0,0,53,9,62,0,9,67,14,90,60,4,64,154
02/25/2021,ILG,DE,AEA,EN,Towers with Radar,2,8,31,4,45,0,0,55,23,78,2,8,86,27,123,18,14,32,155
02/26/2021,ILG,DE,AEA,EN,Towers with Radar,0,10,21,7,38,0,0,57,7,64,0,10,78,14,102,77,2,79,181
02/27/2021,ILG,DE,AEA,EN,Towers with Radar,0,3,10,3,16,0,2,2,1,5,0,5,12,4,21,0,0,0,21
02/28/2021,ILG,DE,AEA,EN,Towers with Radar,2,2,5,0,9,0,0,0,0,0,2,2,5,0,9,0,0,0,9
03/01/2021,ILG,DE,AEA,EN,Towers with Radar,0,8,12,5,25,0,0,3,6,9,0,8,15,11,34,0,8,8,42
03/02/2021,ILG,DE,AEA,EN,Towers with Radar,2,5,18,8,33,0,0,26,15,41,2,5,44,23,74,44,56,100,174
03/03/2021,ILG,DE,AEA,EN,Towers with Radar,0,7,16,1,24,0,0,93,14,107,0,7,109,15,131,86,10,96,227
03/04/2021,ILG,DE,AEA,EN,Towers with Radar,2,14,24,6,46,0,1,35,10,46,2,15,59,16,92,48,0,48,140
03/05/2021,ILG,DE,AEA,EN,Towers with Radar,0,6,19,2,27,0,1,16,15,32,0,7,35,17,59,2,6,8,67
03/06/2021,ILG,DE,AEA,EN,Towers with Radar,0,8,11,5,24,0,1,19,9,29,0,9,30,14,53,18,6,24,77
03/07/2021,ILG,DE,AEA,EN,Towers with Radar,2,4,25,2,33,0,0,67,13,80,2,4,92,15,113,50,2,52,165
03/08/2021,ILG,DE,AEA,EN,Towers with Radar,0,3,17,0,20,0,1,48,0,49,0,4,65,0,69,82,0,82,151
03/09/2021,ILG,DE,AEA,EN,Towers with Radar,2,5,17,3,27,0,2,56,13,71,2,7,73,16,98,45,2,47,145
03/10/2021,ILG,DE,AEA,EN,Towers with Radar,0,7,33,2,42,0,0,71,6,77,0,7,104,8,119,40,0,40,159
03/11/2021,ILG,DE,AEA,EN,Towers with Radar,2,10,22,4,38,0,4,66,30,100,2,14,88,34,138,47,20,67,205
03/12/2021,ILG,DE,AEA,EN,Towers with Radar,0,10,22,1,33,0,0,28,7,35,0,10,50,8,68,24,18,42,110
03/13/2021,ILG,DE,AEA,EN,Towers with Radar,0,3,3,0,6,0,0,2,5,7,0,3,5,5,13,0,0,0,13
03/14/2021,ILG,DE,AEA,EN,Towers with Radar,2,6,7,0,15,0,1,0,8,9,2,7,7,8,24,0,0,0,24
03/15/2021,ILG,DE,AEA,EN,Towers with Radar,0,9,15,1,25,0,1,51,11,63,0,10,66,12,88,22,0,22,110
03/16/2021,ILG,DE,AEA,EN,Towers with Radar,2,9,23,1,35,0,6,10,9,25,2,15,33,10,60,18,0,18,78
03/17/2021,ILG,DE,AEA,EN,Towers with Radar,0,14,19,16,49,0,0,1,1,2,0,14,20,17,51,0,0,0,51
03/18/2021,ILG,DE,AEA,EN,Towers with Radar,2,13,11,0,26,0,0,0,0,0,2,13,11,0,26,0,0,0,26
03/19/2021,ILG,DE,AEA,EN,Towers with Radar,0,10,20,1,31,0,0,20,5,25,0,10,40,6,56,0,6,6,62
03/20/2021,ILG,DE,AEA,EN,Towers with Radar,0,8,23,0,31,0,0,89,1,90,0,8,112,1,121,115,0,115,236
03/21/2021,ILG,DE,AEA,EN,Towers with Radar,2,17,23,0,42,0,0,79,0,79,2,17,102,0,121,89,0,89,210
03/22/2021,ILG,DE,AEA,EN,Towers with Radar,0,12,15,1,28,0,0,60,5,65,0,12,75,6,93,46,0,46,139
03/23/2021,ILG,DE,AEA,EN,Towers with Radar,0,9,23,6,38,0,1,41,13,55,0,10,64,19,93,74,3,77,170
03/24/2021,ILG,DE,AEA,EN,Towers with Radar,0,10,30,2,42,0,0,0,0,0,0,10,30,2,42,0,0,0,42
03/25/2021,ILG,DE,AEA,EN,Towers with Radar,2,4,23,23,52,0,1,2,1,4,2,5,25,24,56,0,0,0,56
03/26/2021,ILG,DE,AEA,EN,Towers with Radar,0,6,17,4,27,0,0,13,4,17,0,6,30,8,44,6,0,6,50
03/27/2021,ILG,DE,AEA,EN,Towers with Radar,0,2,2,1,5,0,0,1,0,1,0,2,3,1,6,0,0,0,6
03/28/2021,ILG,DE,AEA,EN,Towers with Radar,2,9,4,4,19,0,0,0,1,1,2,9,4,5,20,0,0,0,20
03/29/2021,ILG,DE,AEA,EN,Towers with Radar,0,13,28,1,42,0,2,24,21,47,0,15,52,22,89,8,13,21,110
03/30/2021,ILG,DE,AEA,EN,Towers with Radar,2,8,23,4,37,0,0,68,17,85,2,8,91,21,122,84,35,119,241
03/31/2021,ILG,DE,AEA,EN,Towers with Radar,0,24,57,0,81,0,0,7,0,7,0,24,64,0,88,2,0,2,90
04/01/2021,ILG,DE,AEA,EN,Towers with Radar,2,20,32,8,62,0,0,12,2,14,2,20,44,10,76,10,4,14,90
04/02/2021,ILG,DE,AEA,EN,Towers with Radar,0,8,26,0,34,0,0,23,0,23,0,8,49,0,57,26,0,26,83
04/03/2021,ILG,DE,AEA,EN,Towers with Radar,0,13,15,0,28,0,0,51,0,51,0,13,66,0,79,65,0,65,144
04/04/2021,ILG,DE,AEA,EN,Towers with Radar,2,19,25,0,46,0,0,41,0,41,2,19,66,0,87,30,0,30,117
04/05/2021,ILG,DE,AEA,EN,Towers with Radar,0,11,20,1,32,0,1,41,4,46,0,12,61,5,78,51,2,53,131
04/06/2021,ILG,DE,AEA,EN,Towers with Radar,2,15,24,3,44,0,2,57,18,77,2,17,81,21,121,52,13,65,186
04/07/2021,ILG,DE,AEA,EN,Towers with Radar,0,7,30,1,38,0,0,67,21,88,0,7,97,22,126,78,8,86,212
04/08/2021,ILG,DE,AEA,EN,Towers with Radar,2,6,15,3,26,0,0,64,3,67,2,6,79,6,93,71,21,92,185
04/09/2021,ILG,DE,AEA,EN,Towers with Radar,0,4,24,1,29,0,0,19,0,19,0,4,43,1,48,32,0,32,80
04/10/2021,ILG,DE,AEA,EN,Towers with Radar,2,11,28,9,50,0,0,17,0,17,2,11,45,9,67,30,0,30,97
04/11/2021,ILG,DE,AEA,EN,Towers with Radar,2,19,10,5,36,0,0,16,0,16,2,19,26,5,52,4,0,4,56
04/12/2021,ILG,DE,AEA,EN,Towers with Radar,0,11,37,4,52,0,0,4,2,6,0,11,41,6,58,0,0,0,58
04/13/2021,ILG,DE,AEA,EN,Towers with Radar,2,8,26,4,40,0,0,44,19,63,2,8,70,23,103,68,15,83,186
04/14/2021,ILG,DE,AEA,EN,Towers with Radar,0,8,31,4,43,0,3,37,3,43,0,11,68,7,86,54,8,62,148
04/15/2021,ILG,DE,AEA,EN,Towers with Radar,2,6,21,4,33,0,2,13,10,25,2,8,34,14,58,2,6,8,66
04/16/2021,ILG,DE,AEA,EN,Towers with Radar,2,9,22,2,35,0,2,32,9,43,2,11,54,11,78,9,6,15,93
04/17/2021,ILG,DE,AEA,EN,Towers with Radar,0,4,3,0,7,0,0,1,0,1,0,4,4,0,8,0,0,0,8
04/18/2021,ILG,DE,AEA,EN,Towers with Radar,2,5,7,2,16,0,2,3,3,8,2,7,10,5,24,0,0,0,24
04/19/2021,ILG,DE,AEA,EN,Towers with Radar,0,18,50,16,84,0,0,40,7,47,0,18,90,23,131,48,0,48,179
04/20/2021,ILG,DE,AEA,EN,Towers with Radar,3,13,34,7,57,0,0,56,11,67,3,13,90,18,124,34,8,42,166
04/21/2021,ILG,DE,AEA,EN,Towers with Radar,0,33,24,1,58,0,0,29,11,40,0,33,53,12,98,30,10,40,138
04/22/2021,ILG,DE,AEA,EN,Towers with Radar,4,33,31,15,83,0,1,14,24,39,4,34,45,39,122,18,34,52,174
04/23/2021,ILG,DE,AEA,EN,Towers with Radar,0,10,23,1,34,0,0,46,1,47,0,10,69,2,81,64,14,78,159
04/24/2021,ILG,DE,AEA,EN,Towers with Radar,0,2,3,1,6,0,0,14,5,19,0,2,17,6,25,2,0,2,27
04/25/2021,ILG,DE,AEA,EN,Towers with Radar,2,9,10,0,21,0,0,5,4,9,2,9,15,4,30,0,0,0,30
04/26/2021,ILG,DE,AEA,EN,Towers with Radar,0,4,24,5,33,0,0,45,6,51,0,4,69,11,84,54,0,54,138
04/27/2021,ILG,DE,AEA,EN,Towers with Radar,2,9,21,3,35,0,3,83,15,101,2,12,104,18,136,144,16,160,296
04/28/2021,ILG,DE,AEA,EN,Towers with Radar,0,10,29,7,46,0,4,65,13,82,0,14,94,20,128,78,20,98,226
04/29/2021,ILG,DE,AEA,EN,Towers with Radar,2,17,26,3,48,0,0,33,18,51,2,17,59,21,99,44,24,68,167
04/30/2021,ILG,DE,AEA,EN,Towers with Radar,2,13,11,1,27,0,2,13,6,21,2,15,24,7,48,2,0,2,50
05/01/2021,ILG,DE,AEA,EN,Towers with Radar,0,3,1,1,5,0,0,3,7,10,0,3,4,8,15,0,0,0,15
05/02/2021,ILG,DE,AEA,EN,Towers with Radar,4,4,22,2,32,0,2,1,11,14,4,6,23,13,46,2,2,4,50
05/03/2021,ILG,DE,AEA,EN,Towers with Radar,0,9,29,6,44,0,0,38,4,42,0,9,67,10,86,10,0,10,96
05/04/2021,ILG,DE,AEA,EN,Towers with Radar,2,3,29,5,39,0,4,40,5,49,2,7,69,10,88,74,2,76,164
05/05/2021,ILG,DE,AEA,EN,Towers with Radar,0,12,25,1,38,0,0,4,8,12,0,12,29,9,50,10,14,24,74
05/06/2021,ILG,DE,AEA,EN,Towers with Radar,4,15,47,2,68,0,5,69,19,93,4,20,116,21,161,53,24,77,238
05/07/2021,ILG,DE,AEA,EN,Towers with Radar,0,8,18,2,28,0,1,70,0,71,0,9,88,2,99,79,4,83,182
05/08/2021,ILG,DE,AEA,EN,Towers with Radar,2,5,13,0,20,0,0,17,0,17,2,5,30,0,37,26,0,26,63
05/09/2021,ILG,DE,AEA,EN,Towers with Radar,2,13,19,0,34,0,1,26,0,27,2,14,45,0,61,14,0,14,75
05/10/2021,ILG,DE,AEA,EN,Towers with Radar,0,14,31,5,50,0,0,34,2,36,0,14,65,7,86,139,4,143,229
05/11/2021,ILG,DE,AEA,EN,Towers with Radar,2,11,27,0,40,0,0,42,13,55,2,11,69,13,95,52,10,62,157
05/12/2021,ILG,DE,AEA,EN,Towers with Radar,0,3,38,7,48,0,2,38,5,45,0,5,76,12,93,64,4,68,161
05/13/2021,ILG,DE,AEA,EN,Towers with Radar,2,8,31,3,44,0,2,83,15,100,2,10,114,18,144,135,7,142,286
05/14/2021,ILG,DE,AEA,EN,Towers with Radar,0,12,26,2,40,0,3,61,2,66,0,15,87,4,106,59,0,59,165
05/15/2021,ILG,DE,AEA,EN,Towers with Radar,0,3,12,1,16,0,0,4,1,5,0,3,16,2,21,0,0,0,21
05/16/2021,ILG,DE,AEA,EN,Towers with Radar,2,2,7,0,11,0,0,0,0,0,2,2,7,0,11,0,0,0,11
05/17/2021,ILG,DE,AEA,EN,Towers with Radar,0,9,36,1,46,0,0,59,9,68,0,9,95,10,114,33,0,33,147
05/18/2021,ILG,DE,AEA,EN,Towers with Radar,2,13,32,8,55,0,0,74,18,92,2,13,106,26,147,48,21,69,216
05/19/2021,ILG,DE,AEA,EN,Towers with Radar,0,21,66,7,94,0,1,67,23,91,0,22,133,30,185,86,44,130,315
05/20/2021,ILG,DE,AEA,EN,Towers with Radar,2,10,20,5,37,0,2,66,10,78,2,12,86,15,115,112,33,145,260
05/21/2021,ILG,DE,AEA,EN,Towers with Radar,0,7,31,1,39,0,0,68,6,74,0,7,99,7,113,67,23,90,203
05/22/2021,ILG,DE,AEA,EN,Towers with Radar,0,6,11,0,17,0,2,58,0,60,0,8,69,0,77,41,0,41,118
05/23/2021,ILG,DE,AEA,EN,Towers with Radar,2,12,24,0,38,0,2,46,0,48,2,14,70,0,86,2,0,2,88
05/24/2021,ILG,DE,AEA,EN,Towers with Radar,0,10,17,1,28,0,1,19,1,21,0,11,36,2,49,54,13,67,116
05/25/2021,ILG,DE,AEA,EN,Towers with Radar,2,14,18,7,41,0,3,35,10,48,2,17,53,17,89,74,8,82,171
05/26/2021,ILG,DE,AEA,EN,Towers with Radar,0,5,30,0,35,0,1,45,4,50,0,6,75,4,85,103,4,107,192
05/27/2021,ILG,DE,AEA,EN,Towers with Radar,2,5,36,2,45,0,4,89,19,112,2,9,125,21,157,151,17,168,325
05/28/2021,ILG,DE,AEA,EN,Towers with Radar,0,4,18,2,24,0,0,27,0,27,0,4,45,2,51,52,0,52,103
05/29/2021,ILG,DE,AEA,EN,Towers with Radar,0,3,6,1,10,0,0,1,0,1,0,3,7,1,11,0,0,0,11
05/30/2021,ILG,DE,AEA,EN,Towers with Radar,0,0,2,0,2,0,0,0,0,0,0,0,2,0,2,0,0,0,2
05/31/2021,ILG,DE,AEA,EN,Towers with Radar,0,4,17,1,22,0,3,43,8,54,0,7,60,9,76,48,2,50,126
06/01/2021,ILG,DE,AEA,EN,Towers with Radar,2,10,31,1,44,0,1,53,14,68,2,11,84,15,112,104,22,126,238
06/02/2021,ILG,DE,AEA,EN,Towers with Radar,0,31,60,1,92,0,0,57,14,71,0,31,117,15,163,129,24,153,316
06/03/2021,ILG,DE,AEA,EN,Towers with Radar,2,9,27,6,44,0,0,15,4,19,2,9,42,10,63,31,8,39,102
06/04/2021,ILG,DE,AEA,EN,Towers with Radar,0,9,22,0,31,0,0,14,16,30,0,9,36,16,61,40,0,40,101
06/05/2021,ILG,DE,AEA,EN,Towers with Radar,0,9,21,0,30,0,1,62,19,82,0,10,83,19,112,36,4,40,152
06/06/2021,ILG,DE,AEA,EN,Towers with Radar,0,7,23,3,33,0,0,57,5,62,0,7,80,8,95,47,12,59,154
06/07/2021,ILG,DE,AEA,EN,Towers with Radar,0,12,25,0,37,0,0,57,15,72,0,12,82,15,109,35,0,35,144
06/08/2021,ILG,DE,AEA,EN,Towers with Radar,2,7,33,1,43,0,0,36,21,57,2,7,69,22,100,32,2,34,134
06/09/2021,ILG,DE,AEA,EN,Towers with Radar,0,0,21,5,26,0,0,27,4,31,0,0,48,9,57,89,8,97,154
06/10/2021,ILG,DE,AEA,EN,Towers with Radar,2,11,23,7,43,0,2,19,20,41,2,13,42,27,84,48,26,74,158
06/11/2021,ILG,DE,AEA,EN,Towers with Radar,0,8,40,2,50,0,0,2,0,2,0,8,42,2,52,0,0,0,52
06/12/2021,ILG,DE,AEA,EN,Towers with Radar,0,22,19,2,43,0,0,60,0,60,0,22,79,2,103,88,0,88,191
06/13/2021,ILG,DE,AEA,EN,Towers with Radar,2,14,22,0,38,0,0,55,0,55,2,14,77,0,93,20,0,20,113
06/14/2021,ILG,DE,AEA,EN,Towers with Radar,0,19,54,0,73,0,1,34,11,46,0,20,88,11,119,28,0,28,147
06/15/2021,ILG,DE,AEA,EN,Towers with Radar,2,10,33,4,49,0,2,49,29,80,2,12,82,33,129,31,33,64,193
06/16/2021,ILG,DE,AEA,EN,Towers with Radar,0,34,44,4,82,0,2,52,28,82,0,36,96,32,164,98,10,108,272
06/17/2021,ILG,DE,AEA,EN,Towers with Radar,2,20,41,2,65,0,0,94,30,124,2,20,135,32,189,86,14,100,289
06/18/2021,ILG,DE,AEA,EN,Towers with Radar,0,5,23,0,28,0,1,68,4,73,0,6,91,4,101,36,0,36,137
06/19/2021,ILG,DE,AEA,EN,Towers with Radar,0,3,0,0,3,0,0,0,0,0,0,3,0,0,3,0,0,0,3
06/20/2021,ILG,DE,AEA,EN,Towers with Radar,2,7,5,1,15,0,0,3,7,10,2,7,8,8,25,0,0,0,25
06/21/2021,ILG,DE,AEA,EN,Towers with Radar,0,6,31,7,44,0,0,28,3,31,0,6,59,10,75,78,0,78,153
06/22/2021,ILG,DE,AEA,EN,Towers with Radar,2,6,17,4,29,0,0,13,4,17,2,6,30,8,46,6,0,6,52
06/23/2021,ILG,DE,AEA,EN,Towers with Radar,0,19,52,0,71,0,0,85,10,95,0,19,137,10,166,111,0,111,277
06/24/2021,ILG,DE,AEA,EN,Towers with Radar,2,18,22,3,45,0,0,66,0,66,2,18,88,3,111,107,0,107,218
06/25/2021,ILG,DE,AEA,EN,Towers with Radar,0,14,31,0,45,0,0,59,0,59,0,14,90,0,104,88,0,88,192
06/26/2021,ILG,DE,AEA,EN,Towers with Radar,0,3,25,1,29,0,1,12,0,13,0,4,37,1,42,28,0,28,70
06/27/2021,ILG,DE,AEA,EN,Towers with Radar,2,12,22,0,36,0,0,33,0,33,2,12,55,0,69,25,0,25,94
06/28/2021,ILG,DE,AEA,EN,Towers with Radar,0,9,34,0,43,0,0,43,4,47,0,9,77,4,90,40,0,40,130
06/29/2021,ILG,DE,AEA,EN,Towers with Radar,2,7,26,0,35,0,0,55,12,67,2,7,81,12,102,75,0,75,177
06/30/2021,ILG,DE,AEA,EN,Towers with Radar,0,14,32,3,49,0,0,55,10,65,0,14,87,13,114,74,0,74,188
07/01/2021,ILG,DE,AEA,EN,Towers with Radar,2,17,31,4,54,0,1,27,0,28,2,18,58,4,82,36,7,43,125
07/02/2021,ILG,DE,AEA,EN,Towers with Radar,0,3,27,5,35,0,0,16,4,20,0,3,43,9,55,11,0,11,66
07/03/2021,ILG,DE,AEA,EN,Towers with Radar,0,0,29,8,37,0,0,15,0,15,0,0,44,8,52,2,0,2,54
07/04/2021,ILG,DE,AEA,EN,Towers with Radar,2,1,8,1,12,0,0,16,1,17,2,1,24,2,29,23,0,23,52
07/05/2021,ILG,DE,AEA,EN,Towers with Radar,0,16,29,1,46,0,2,76,2,80,0,18,105,3,126,40,0,40,166
07/06/2021,ILG,DE,AEA,EN,Towers with Radar,2,9,27,0,38,0,0,65,4,69,2,9,92,4,107,52,0,52,159
07/07/2021,ILG,DE,AEA,EN,Towers with Radar,0,7,17,3,27,0,0,33,7,40,0,7,50,10,67,29,9,38,105
07/08/2021,ILG,DE,AEA,EN,Towers with Radar,2,3,18,3,26,0,0,19,15,34,2,3,37,18,60,24,0,24,84
07/09/2021,ILG,DE,AEA,EN,Towers with Radar,0,10,18,3,31,0,0,18,1,19,0,10,36,4,50,10,16,26,76
07/10/2021,ILG,DE,AEA,EN,Towers with Radar,0,6,13,0,19,0,0,0,9,9,0,6,13,9,28,0,0,0,28
07/11/2021,ILG,DE,AEA,EN,Towers with Radar,2,10,10,1,23,0,2,4,6,12,2,12,14,7,35,0,0,0,35
07/12/2021,ILG,DE,AEA,EN,Towers with Radar,0,10,26,0,36,0,1,29,13,43,0,11,55,13,79,49,2,51,130
07/13/2021,ILG,DE,AEA,EN,Towers with Radar,2,19,28,3,52,0,1,22,6,29,2,20,50,9,81,43,0,43,124
07/14/2021,ILG,DE,AEA,EN,Towers with Radar,0,14,29,2,45,0,0,52,10,62,0,14,81,12,107,92,0,92,199
07/15/2021,ILG,DE,AEA,EN,Towers with Radar,2,7,24,2,35,0,0,95,4,99,2,7,119,6,134,92,4,96,230
07/16/2021,ILG,DE,AEA,EN,Towers with Radar,0,5,13,2,20,0,0,67,2,69,0,5,80,4,89,76,0,76,165
07/17/2021,ILG,DE,AEA,EN,Towers with Radar,0,12,11,0,23,0,2,38,0,40,0,14,49,0,63,64,0,64,127
07/18/2021,ILG,DE,AEA,EN,Towers with Radar,2,4,32,0,38,0,0,29,0,29,2,4,61,0,67,27,0,27,94
07/19/2021,ILG,DE,AEA,EN,Towers with Radar,0,11,22,4,37,0,0,48,4,52,0,11,70,8,89,69,4,73,162
07/20/2021,ILG,DE,AEA,EN,Towers with Radar,2,10,34,4,50,0,0,38,5,43,2,10,72,9,93,59,4,63,156
07/21/2021,ILG,DE,AEA,EN,Towers with Radar,0,10,54,8,72,0,3,25,2,30,0,13,79,10,102,19,0,19,121
07/22/2021,ILG,DE,AEA,EN,Towers with Radar,2,12,27,3,44,0,0,83,10,93,2,12,110,13,137,22,0,22,159
07/23/2021,ILG,DE,AEA,EN,Towers with Radar,0,11,28,2,41,0,0,61,12,73,0,11,89,14,114,42,0,42,156
07/24/2021,ILG,DE,AEA,EN,Towers with Radar,0,3,7,2,12,0,0,0,4,4,0,3,7,6,16,0,0,0,16
07/25/2021,ILG,DE,AEA,EN,Towers with Radar,3,2,10,3,18,0,0,2,11,13,3,2,12,14,31,0,0,0,31
07/26/2021,ILG,DE,AEA,EN,Towers with Radar,0,10,31,0,41,0,0,56,9,65,0,10,87,9,106,33,6,39,145
07/27/2021,ILG,DE,AEA,EN,Towers with Radar,2,13,23,4,42,0,0,41,4,45,2,13,64,8,87,82,2,84,171
07/28/2021,ILG,DE,AEA,EN,Towers with Radar,0,15,52,4,71,0,0,45,11,56,0,15,97,15,127,25,0,25,152
07/29/2021,ILG,DE,AEA,EN,Towers with Radar,0,9,36,2,47,0,0,11,0,11,0,9,47,2,58,0,0,0,58
07/30/2021,ILG,DE,AEA,EN,Towers with Radar,0,8,35,1,44,0,0,65,2,67,0,8,100,3,111,40,0,40,151
07/31/2021,ILG,DE,AEA,EN,Towers with Radar,0,9,25,0,34,0,1,85,0,86,0,10,110,0,120,41,0,41,161
08/01/2021,ILG,DE,AEA,EN,Towers with Radar,2,9,30,0,41,0,0,5,0,5,2,9,35,0,46,9,0,9,55
08/02/2021,ILG,DE,AEA,EN,Towers with Radar,0,7,36,0,43,0,0,44,6,50,0,7,80,6,93,50,6,56,149
08/03/2021,ILG,DE,AEA,EN,Towers with Radar,2,13,30,4,49,0,2,52,14,68,2,15,82,18,117,49,6,55,172
08/04/2021,ILG,DE,AEA,EN,Towers with Radar,0,9,24,5,38,0,0,34,8,42,0,9,58,13,80,69,0,69,149
08/05/2021,ILG,DE,AEA,EN,Towers with Radar,2,7,30,5,44,0,0,51,13,64,2,7,81,18,108,45,0,45,153
08/06/2021,ILG,DE,AEA,EN,Towers with Radar,0,4,21,0,25,0,0,28,11,39,0,4,49,11,64,10,0,10,74
08/07/2021,ILG,DE,AEA,EN,Towers with Radar,0,1,7,4,12,0,0,1,14,15,0,1,8,18,27,0,0,0,27
08/08/2021,ILG,DE,AEA,EN,Towers with Radar,2,1,5,0,8,0,0,1,6,7,2,1,6,6,15,0,0,0,15
08/09/2021,ILG,DE,AEA,EN,Towers with Radar,0,4,11,0,15,0,0,0,0,0,0,4,11,0,15,0,0,0,15
08/10/2021,ILG,DE,AEA,EN,Towers with Radar,2,2,12,4,20,0,0,18,13,31,2,2,30,17,51,10,2,12,63
08/11/2021,ILG,DE,AEA,EN,Towers with Radar,0,10,32,0,42,0,0,44,12,56,0,10,76,12,98,25,0,25,123
08/12/2021,ILG,DE,AEA,EN,Towers with Radar,0,3,21,5,29,0,0,18,4,22,0,3,39,9,51,18,0,18,69
08/13/2021,ILG,DE,AEA,EN,Towers with Radar,0,2,9,4,15,0,1,14,4,19,0,3,23,8,34,6,0,6,40
08/14/2021,ILG,DE,AEA,EN,Towers with Radar,0,10,10,0,20,0,0,32,0,32,0,10,42,0,52,24,0,24,76
08/15/2021,ILG,DE,AEA,EN,Towers with Radar,2,7,30,0,39,0,0,47,0,47,2,7,77,0,86,15,0,15,101
08/16/2021,ILG,DE,AEA,EN,Towers with Radar,0,15,26,2,43,0,0,16,4,20,0,15,42,6,63,18,4,22,85
08/17/2021,ILG,DE,AEA,EN,Towers with Radar,2,10,16,9,37,0,0,1,4,5,2,10,17,13,42,0,24,24,66
08/18/2021,ILG,DE,AEA,EN,Towers with Radar,0,4,18,3,25,0,1,3,0,4,0,5,21,3,29,0,5,5,34
08/19/2021,ILG,DE,AEA,EN,Towers with Radar,2,1,15,2,20,0,0,21,4,25,2,1,36,6,45,44,3,47,92
08/20/2021,ILG,DE,AEA,EN,Towers with Radar,0,4,5,0,9,0,0,9,0,9,0,4,14,0,18,6,0,6,24
08/21/2021,ILG,DE,AEA,EN,Towers with Radar,0,5,4,1,10,0,0,14,1,15,0,5,18,2,25,11,0,11,36
08/22/2021,ILG,DE,AEA,EN,Towers with Radar,0,2,5,7,14,0,0,5,1,6,0,2,10,8,20,16,0,16,36
08/23/2021,ILG,DE,AEA,EN,Towers with Radar,0,15,29,0,44,0,0,29,5,34,0,15,58,5,78,41,9,50,128
08/24/2021,ILG,DE,AEA,EN,Towers with Radar,2,8,17,4,31,0,0,51,9,60,2,8,68,13,91,26,12,38,129
08/25/2021,ILG,DE,AEA,EN,Towers with Radar,0,1,31,2,34,0,0,66,9,75,0,1,97,11,109,27,29,56,165
08/26/2021,ILG,DE,AEA,EN,Towers with Radar,2,7,32,2,43,0,2,43,0,45,2,9,75,2,88,27,0,27,115
08/27/2021,ILG,DE,AEA,EN,Towers with Radar,0,8,23,0,31,0,0,46,0,46,0,8,69,0,77,26,0,26,103
08/28/2021,ILG,DE,AEA,EN,Towers with Radar,0,3,20,0,23,0,0,3,0,3,0,3,23,0,26,12,0,12,38
08/29/2021,ILG,DE,AEA,EN,Towers with Radar,0,6,8,0,14,0,0,22,0,22,0,6,30,0,36,14,0,14,50
08/30/2021,ILG,DE,AEA,EN,Towers with Radar,0,6,18,3,27,0,1,20,2,23,0,7,38,5,50,16,0,16,66
08/31/2021,ILG,DE,AEA,EN,Towers with Radar,2,16,32,5,55,0,1,40,15,56,2,17,72,20,111,53,4,57,168
09/01/2021,ILG,DE,AEA,EN,Towers with Radar,2,8,24,0,34,0,0,5,0,5,2,8,29,0,39,13,0,13,52
09/02/2021,ILG,DE,AEA,EN,Towers with Radar,2,8,22,5,37,0,5,54,11,70,2,13,76,16,107,21,0,21,128
09/03/2021,ILG,DE,AEA,EN,Towers with Radar,0,8,32,1,41,0,0,46,7,53,0,8,78,8,94,22,2,24,118
09/04/2021,ILG,DE,AEA,EN,Towers with Radar,0,0,3,0,3,0,0,7,0,7,0,0,10,0,10,0,0,0,10
09/05/2021,ILG,DE,AEA,EN,Towers with Radar,2,4,5,0,11,0,0,3,0,3,2,4,8,0,14,0,0,0,14
09/06/2021,ILG,DE,AEA,EN,Towers with Radar,0,1,12,0,13,0,0,4,8,12,0,1,16,8,25,0,0,0,25
09/07/2021,ILG,DE,AEA,EN,Towers with Radar,2,8,34,3,47,0,0,59,19,78,2,8,93,22,125,56,11,67,192
09/08/2021,ILG,DE,AEA,EN,Towers with Radar,0,15,25,3,43,0,0,22,15,37,0,15,47,18,80,45,0,45,125
09/09/2021,ILG,DE,AEA,EN,Towers with Radar,0,8,32,0,40,0,0,25,4,29,0,8,57,4,69,16,0,16,85
09/10/2021,ILG,DE,AEA,EN,Towers with Radar,0,9,24,7,40,0,0,53,8,61,0,9,77,15,101,62,3,65,166
09/11/2021,ILG,DE,AEA,EN,Towers with Radar,0,9,11,5,25,0,0,62,12,74,0,9,73,17,99,48,0,48,147
09/12/2021,ILG,DE,AEA,EN,Towers with Radar,0,3,5,2,10,0,0,6,6,12,0,3,11,8,22,0,2,2,24
09/13/2021,ILG,DE,AEA,EN,Towers with Radar,0,8,25,2,35,0,0,35,26,61,0,8,60,28,96,37,6,43,139
09/14/2021,ILG,DE,AEA,EN,Towers with Radar,0,14,18,6,38,0,0,42,8,50,0,14,60,14,88,22,0,22,110
09/15/2021,ILG,DE,AEA,EN,Towers with Radar,0,16,53,6,75,0,4,38,7,49,0,20,91,13,124,37,24,61,185
09/16/2021,ILG,DE,AEA,EN,Towers with Radar,2,8,27,2,39,0,0,22,1,23,2,8,49,3,62,6,26,32,94
09/17/2021,ILG,DE,AEA,EN,Towers with Radar,0,10,25,0,35,0,0,12,0,12,0,10,37,0,47,0,0,0,47
09/18/2021,ILG,DE,AEA,EN,Towers with Radar,0,11,20,0,31,0,0,32,0,32,0,11,52,0,63,40,0,40,103
09/19/2021,ILG,DE,AEA,EN,Towers with Radar,2,15,39,0,56,0,0,75,0,75,2,15,114,0,131,76,0,76,207
09/20/2021,ILG,DE,AEA,EN,Towers with Radar,0,9,27,1,37,0,0,33,6,39,0,9,60,7,76,35,0,35,111
09/21/2021,ILG,DE,AEA,EN,Towers with Radar,0,8,18,1,27,0,2,41,9,52,0,10,59,10,79,60,2,62,141
09/22/2021,ILG,DE,AEA,EN,Towers with Radar,0,17,39,7,63,0,0,19,6,25,0,17,58,13,88,48,8,56,144
09/23/2021,ILG,DE,AEA,EN,Towers with Radar,2,6,13,0,21,0,0,5,0,5,2,6,18,0,26,4,0,4,30
09/24/2021,ILG,DE,AEA,EN,Towers with Radar,0,14,37,1,52,0,0,70,0,70,0,14,107,1,122,49,0,49,171
09/25/2021,ILG,DE,AEA,EN,Towers with Radar,0,10,17,0,27,0,1,63,1,65,0,11,80,1,92,40,0,40,132
09/26/2021,ILG,DE,AEA,EN,Towers with Radar,2,13,21,0,36,0,0,45,0,45,2,13,66,0,81,42,0,42,123
09/27/2021,ILG,DE,AEA,EN,Towers with Radar,0,10,37,0,47,0,0,77,0,77,0,10,114,0,124,59,0,59,183
09/28/2021,ILG,DE,AEA,EN,Towers with Radar,0,13,19,1,33,0,0,24,0,24,0,13,43,1,57,23,0,23,80
09/29/2021,ILG,DE,AEA,EN,Towers with Radar,0,39,61,0,100,0,0,48,7,55,0,39,109,7,155,26,4,30,185
09/30/2021,ILG,DE,AEA,EN,Towers with Radar,2,4,35,3,44,0,0,54,4,58,2,4,89,7,102,50,0,50,152
10/01/2021,ILG,DE,AEA,EN,Towers with Radar,0,8,33,2,43,0,0,53,7,60,0,8,86,9,103,36,0,36,139
10/02/2021,ILG,DE,AEA,EN,Towers with Radar,0,0,4,0,4,0,0,4,7,11,0,0,8,7,15,0,0,0,15
10/03/2021,ILG,DE,AEA,EN,Towers with Radar,2,1,4,2,9,0,0,3,3,6,2,1,7,5,15,0,0,0,15
10/04/2021,ILG,DE,AEA,EN,Towers with Radar,0,7,17,1,25,0,0,36,15,51,0,7,53,16,76,95,4,99,175
10/05/2021,ILG,DE,AEA,EN,Towers with Radar,0,14,35,0,49,0,0,0,0,0,0,14,35,0,49,0,0,0,49
10/06/2021,ILG,DE,AEA,EN,Towers with Radar,0,8,31,1,40,0,1,13,7,21,0,9,44,8,61,84,4,88,149
10/07/2021,ILG,DE,AEA,EN,Towers with Radar,2,8,50,5,65,0,1,41,20,62,2,9,91,25,127,75,10,85,212
10/08/2021,ILG,DE,AEA,EN,Towers with Radar,0,8,39,0,47,0,1,48,3,52,0,9,87,3,99,81,0,81,180
10/09/2021,ILG,DE,AEA,EN,Towers with Radar,0,10,4,0,14,0,0,1,0,1,0,10,5,0,15,0,0,0,15
10/10/2021,ILG,DE,AEA,EN,Towers with Radar,2,1,8,0,11,0,0,1,0,1,2,1,9,0,12,0,0,0,12
10/11/2021,ILG,DE,AEA,EN,Towers with Radar,0,3,6,0,9,0,2,2,7,11,0,5,8,7,20,0,0,0,20
10/12/2021,ILG,DE,AEA,EN,Towers with Radar,2,11,34,12,59,0,0,7,4,11,2,11,41,16,70,14,0,14,84
10/13/2021,ILG,DE,AEA,EN,Towers with Radar,0,21,109,6,136,0,0,18,7,25,0,21,127,13,161,21,7,28,189
10/14/2021,ILG,DE,AEA,EN,Towers with Radar,2,11,26,2,41,0,1,46,7,54,2,12,72,9,95,74,17,91,186
10/15/2021,ILG,DE,AEA,EN,Towers with Radar,0,12,31,0,43,0,0,57,10,67,0,12,88,10,110,74,0,74,184
10/16/2021,ILG,DE,AEA,EN,Towers with Radar,0,1,18,1,20,0,0,23,12,35,0,1,41,13,55,0,0,0,55
10/17/2021,ILG,DE,AEA,EN,Towers with Radar,2,7,26,0,35,0,0,33,7,40,2,7,59,7,75,8,6,14,89
10/18/2021,ILG,DE,AEA,EN,Towers with Radar,0,10,24,0,34,0,1,33,0,34,0,11,57,0,68,26,0,26,94
10/19/2021,ILG,DE,AEA,EN,Towers with Radar,2,12,13,6,33,0,0,40,17,57,2,12,53,23,90,24,25,49,139
10/20/2021,ILG,DE,AEA,EN,Towers with Radar,0,16,80,12,108,0,0,69,24,93,0,16,149,36,201,56,5,61,262
10/21/2021,ILG,DE,AEA,EN,Towers with Radar,2,12,33,2,49,0,1,59,9,69,2,13,92,11,118,45,14,59,177
10/22/2021,ILG,DE,AEA,EN,Towers with Radar,0,11,16,2,29,0,1,56,9,66,0,12,72,11,95,44,0,44,139
10/23/2021,ILG,DE,AEA,EN,Towers with Radar,0,0,3,0,3,0,0,3,0,3,0,0,6,0,6,0,0,0,6
10/24/2021,ILG,DE,AEA,EN,Towers with Radar,2,6,13,4,25,0,0,6,0,6,2,6,19,4,31,0,0,0,31
10/25/2021,ILG,DE,AEA,EN,Towers with Radar,0,7,22,4,33,0,0,40,7,47,0,7,62,11,80,23,2,25,105
10/26/2021,ILG,DE,AEA,EN,Towers with Radar,0,9,24,8,41,0,0,1,18,19,0,9,25,26,60,0,18,18,78
10/27/2021,ILG,DE,AEA,EN,Towers with Radar,0,28,50,8,86,0,0,32,16,48,0,28,82,24,134,16,19,35,169
10/28/2021,ILG,DE,AEA,EN,Towers with Radar,2,8,32,6,48,0,1,81,5,87,2,9,113,11,135,43,4,47,182
10/29/2021,ILG,DE,AEA,EN,Towers with Radar,1,8,25,1,35,0,0,5,0,5,1,8,30,1,40,9,0,9,49
10/30/2021,ILG,DE,AEA,EN,Towers with Radar,1,1,18,0,20,0,0,13,0,13,1,1,31,0,33,29,0,29,62
10/31/2021,ILG,DE,AEA,EN,Towers with Radar,2,11,27,0,40,0,0,24,0,24,2,11,51,0,64,4,0,4,68
11/01/2021,ILG,DE,AEA,EN,Towers with Radar,0,6,31,0,37,0,0,48,0,48,0,6,79,0,85,23,0,23,108
11/02/2021,ILG,DE,AEA,EN,Towers with Radar,0,12,24,2,38,0,0,24,13,37,0,12,48,15,75,26,55,81,156
11/03/2021,ILG,DE,AEA,EN,Towers with Radar,0,12,25,6,43,0,0,46,23,69,0,12,71,29,112,25,9,34,146
11/04/2021,ILG,DE,AEA,EN,Towers with Radar,2,8,32,0,42,0,0,66,7,73,2,8,98,7,115,38,0,38,153
11/05/2021,ILG,DE,AEA,EN,Towers with Radar,0,13,28,1,42,0,0,38,8,46,0,13,66,9,88,32,0,32,120
11/06/2021,ILG,DE,AEA,EN,Towers with Radar,0,9,19,3,31,0,0,50,17,67,0,9,69,20,98,34,0,34,132
11/07/2021,ILG,DE,AEA,EN,Towers with Radar,0,11,38,3,52,0,0,57,13,70,0,11,95,16,122,33,0,33,155
11/08/2021,ILG,DE,AEA,EN,Towers with Radar,2,14,40,8,64,0,0,37,7,44,2,14,77,15,108,43,2,45,153
11/09/2021,ILG,DE,AEA,EN,Towers with Radar,0,13,42,7,62,0,0,53,19,72,0,13,95,26,134,57,6,63,197
11/10/2021,ILG,DE,AEA,EN,Towers with Radar,0,13,59,0,72,0,2,38,18,58,0,15,97,18,130,36,12,48,178
11/11/2021,ILG,DE,AEA,EN,Towers with Radar,0,11,31,0,42,0,0,38,0,38,0,11,69,0,80,10,0,10,90
11/12/2021,ILG,DE,AEA,EN,Towers with Radar,2,13,30,0,45,0,0,14,0,14,2,13,44,0,59,0,0,0,59
11/13/2021,ILG,DE,AEA,EN,Towers with Radar,0,10,19,0,29,0,0,13,0,13,0,10,32,0,42,14,0,14,56
11/14/2021,ILG,DE,AEA,EN,Towers with Radar,0,16,35,0,51,0,0,30,0,30,0,16,65,0,81,43,0,43,124
11/15/2021,ILG,DE,AEA,EN,Towers with Radar,2,8,28,0,38,0,0,17,7,24,2,8,45,7,62,4,10,14,76
11/16/2021,ILG,DE,AEA,EN,Towers with Radar,0,14,32,6,52,0,1,57,16,74,0,15,89,22,126,46,22,68,194
11/17/2021,ILG,DE,AEA,EN,Towers with Radar,0,22,55,8,85,0,0,42,13,55,0,22,97,21,140,44,24,68,208
11/18/2021,ILG,DE,AEA,EN,Towers with Radar,0,3,16,7,26,0,1,40,6,47,0,4,56,13,73,36,0,36,109
11/19/2021,ILG,DE,AEA,EN,Towers with Radar,2,2,22,0,26,0,0,33,5,38,2,2,55,5,64,2,0,2,66
11/20/2021,ILG,DE,AEA,EN,Towers with Radar,0,5,6,0,11,0,0,2,0,2,0,5,8,0,13,0,0,0,13
11/21/2021,ILG,DE,AEA,EN,Towers with Radar,0,5,6,1,12,0,0,15,18,33,0,5,21,19,45,6,0,6,51
11/22/2021,ILG,DE,AEA,EN,Towers with Radar,2,18,22,5,47,0,0,41,14,55,2,18,63,19,102,63,1,64,166
11/23/2021,ILG,DE,AEA,EN,Towers with Radar,0,9,35,2,46,0,2,39,11,52,0,11,74,13,98,20,0,20,118
11/24/2021,ILG,DE,AEA,EN,Towers with Radar,0,8,35,0,43,0,0,65,4,69,0,8,100,4,112,52,0,52,164
11/25/2021,ILG,DE,AEA,EN,Towers with Radar,0,2,7,0,9,0,0,23,0,23,0,2,30,0,32,0,0,0,32
11/26/2021,ILG,DE,AEA,EN,Towers with Radar,2,8,13,0,23,0,0,9,0,9,2,8,22,0,32,0,0,0,32
11/27/2021,ILG,DE,AEA,EN,Towers with Radar,0,8,16,0,24,0,0,15,0,15,0,8,31,0,39,2,0,2,41
11/28/2021,ILG,DE,AEA,EN,Towers with Radar,0,17,35,0,52,0,2,63,0,65,0,19,98,0,117,28,0,28,145
11/29/2021,ILG,DE,AEA,EN,Towers with Radar,2,10,28,2,42,0,1,36,1,38,2,11,64,3,80,22,6,28,108
11/30/2021,ILG,DE,AEA,EN,Towers with Radar,0,3,42,1,46,0,2,30,18,50,0,5,72,19,96,24,14,38,134
12/01/2021,ILG,DE,AEA,EN,Towers with Radar,0,18,35,5,58,0,0,65,13,78,0,18,100,18,136,76,13,89,225
12/02/2021,ILG,DE,AEA,EN,Towers with Radar,0,3,17,9,29,0,0,30,2,32,0,3,47,11,61,33,6,39,100
12/03/2021,ILG,DE,AEA,EN,Towers with Radar,2,7,18,2,29,0,0,25,6,31,2,7,43,8,60,33,0,33,93
12/04/2021,ILG,DE,AEA,EN,Towers with Radar,0,5,14,3,22,0,4,48,3,55,0,9,62,6,77,33,0,33,110
12/05/2021,ILG,DE,AEA,EN,Towers with Radar,0,16,23,0,39,0,1,53,1,55,0,17,76,1,94,74,10,84,178
12/06/2021,ILG,DE,AEA,EN,Towers with Radar,2,7,12,5,26,0,0,10,15,25,2,7,22,20,51,13,13,26,77
12/07/2021,ILG,DE,AEA,EN,Towers with Radar,0,9,16,4,29,0,0,47,14,61,0,9,63,18,90,33,6,39,129
12/08/2021,ILG,DE,AEA,EN,Towers with Radar,0,31,39,3,73,0,0,25,12,37,0,31,64,15,110,30,14,44,154
12/09/2021,ILG,DE,AEA,EN,Towers with Radar,0,28,43,7,78,0,0,45,12,57,0,28,88,19,135,35,5,40,175
12/10/2021,ILG,DE,AEA,EN,Towers with Radar,2,4,27,1,34,0,3,36,3,42,2,7,63,4,76,39,4,43,119
12/11/2021,ILG,DE,AEA,EN,Towers with Radar,0,2,2,0,4,0,1,0,0,1,0,3,2,0,5,0,0,0,5
12/12/2021,ILG,DE,AEA,EN,Towers with Radar,0,2,7,1,10,0,0,5,9,14,0,2,12,10,24,0,0,0,24
12/13/2021,ILG,DE,AEA,EN,Towers with Radar,4,10,59,2,75,0,1,50,13,64,4,11,109,15,139,69,6,75,214
12/14/2021,ILG,DE,AEA,EN,Towers with Radar,0,2,34,3,39,0,4,43,16,63,0,6,77,19,102,14,4,18,120
12/15/2021,ILG,DE,AEA,EN,Towers with Radar,0,4,33,4,41,0,0,30,8,38,0,4,63,12,79,42,37,79,158
12/16/2021,ILG,DE,AEA,EN,Towers with Radar,0,10,31,3,44,0,0,59,11,70,0,10,90,14,114,87,22,109,223
12/17/2021,ILG,DE,AEA,EN,Towers with Radar,2,1,18,0,21,0,0,31,7,38,2,1,49,7,59,51,0,51,110
12/18/2021,ILG,DE,AEA,EN,Towers with Radar,0,2,14,0,16,0,0,0,0,0,0,2,14,0,16,0,0,0,16
12/19/2021,ILG,DE,AEA,EN,Towers with Radar,0,3,3,0,6,0,0,0,0,0,0,3,3,0,6,0,0,0,6
12/20/2021,ILG,DE,AEA,EN,Towers with Radar,2,17,25,3,47,0,2,42,23,67,2,19,67,26,114,12,22,34,148
12/21/2021,ILG,DE,AEA,EN,Towers with Radar,0,13,22,4,39,0,0,63,12,75,0,13,85,16,114,22,2,24,138
12/22/2021,ILG,DE,AEA,EN,Towers with Radar,0,14,24,4,42,0,0,20,3,23,0,14,44,7,65,14,2,16,81
12/23/2021,ILG,DE,AEA,EN,Towers with Radar,0,7,29,0,36,0,1,58,0,59,0,8,87,0,95,34,0,34,129
12/24/2021,ILG,DE,AEA,EN,Towers with Radar,2,4,8,0,14,0,0,35,0,35,2,4,43,0,49,4,0,4,53
12/25/2021,ILG,DE,AEA,EN,Towers with Radar,0,2,5,0,7,0,3,9,0,12,0,5,14,0,19,4,0,4,23
12/26/2021,ILG,DE,AEA,EN,Towers with Radar,0,5,20,0,25,0,0,13,3,16,0,5,33,3,41,20,6,26,67
12/27/2021,ILG,DE,AEA,EN,Towers with Radar,0,13,29,2,44,0,1,10,0,11,0,14,39,2,55,27,0,27,82
12/28/2021,ILG,DE,AEA,EN,Towers with Radar,0,5,31,1,37,0,0,43,1,44,0,5,74,2,81,29,0,29,110
12/29/2021,ILG,DE,AEA,EN,Towers with Radar,0,8,31,1,40,0,2,11,12,25,0,10,42,13,65,25,6,31,96
12/30/2021,ILG,DE,AEA,EN,Towers with Radar,0,1,13,3,17,0,0,0,0,0,0,1,13,3,17,0,0,0,17
12/31/2021,ILG,DE,AEA,EN,Towers with Radar,2,0,6,0,8,0,0,0,0,0,2,0,6,0,8,0,0,0,8
01/01/2022,ILG,DE,AEA,EN,Towers with Radar,0,3,2,0,5,0,0,0,0,0,0,3,2,0,5,0,0,0,5
01/02/2022,ILG,DE,AEA,EN,Towers with Radar,0,3,8,0,11,0,3,3,0,6,0,6,11,0,17,0,2,2,19
01/03/2022,ILG,DE,AEA,EN,Towers with Radar,2,1,10,2,15,0,1,0,3,4,2,2,10,5,19,0,0,0,19
01/04/2022,ILG,DE,AEA,EN,Towers with Radar,0,5,27,6,38,0,1,38,4,43,0,6,65,10,81,38,13,51,132
01/05/2022,ILG,DE,AEA,EN,Towers with Radar,0,13,33,11,57,0,2,10,17,29,0,15,43,28,86,0,12,12,98
01/06/2022,ILG,DE,AEA,EN,Towers with Radar,0,5,26,3,34,0,0,49,11,60,0,5,75,14,94,26,7,33,127
01/07/2022,ILG,DE,AEA,EN,Towers with Radar,2,5,10,0,17,0,4,6,6,16,2,9,16,6,33,18,0,18,51
01/08/2022,ILG,DE,AEA,EN,Towers with Radar,0,8,35,7,50,0,2,42,6,50,0,10,77,13,100,38,18,56,156
01/09/2022,ILG,DE,AEA,EN,Towers with Radar,0,3,15,0,18,0,0,6,0,6,0,3,21,0,24,40,0,40,64
01/10/2022,ILG,DE,AEA,EN,Towers with Radar,2,3,23,0,28,0,0,31,0,31,2,3,54,0,59,31,0,31,90
01/11/2022,ILG,DE,AEA,EN,Towers with Radar,0,7,18,5,30,0,0,31,14,45,0,7,49,19,75,8,1,9,84
01/12/2022,ILG,DE,AEA,EN,Towers with Radar,0,13,63,2,78,0,3,55,22,80,0,16,118,24,158,58,11,69,227
01/13/2022,ILG,DE,AEA,EN,Towers with Radar,0,5,24,4,33,0,0,55,3,58,0,5,79,7,91,58,0,58,149
01/14/2022,ILG,DE,AEA,EN,Towers with Radar,2,16,11,2,31,0,0,15,13,28,2,16,26,15,59,17,20,37,96
01/15/2022,ILG,DE,AEA,EN,Towers with Radar,0,1,8,0,9,0,0,5,1,6,0,1,13,1,15,0,0,0,15
01/16/2022,ILG,DE,AEA,EN,Towers with Radar,0,3,3,1,7,0,0,3,1,4,0,3,6,2,11,0,0,0,11
01/17/2022,ILG,DE,AEA,EN,Towers with Radar,2,3,2,2,9,0,0,1,0,1,2,3,3,2,10,0,0,0,10
01/18/2022,ILG,DE,AEA,EN,Towers with Radar,0,1,21,4,26,0,0,24,37,61,0,1,45,41,87,11,20,31,118
01/19/2022,ILG,DE,AEA,EN,Towers with Radar,0,4,26,6,36,0,0,53,14,67,0,4,79,20,103,109,0,109,212
01/20/2022,ILG,DE,AEA,EN,Towers with Radar,0,4,25,6,35,0,1,1,5,7,0,5,26,11,42,0,8,8,50
01/21/2022,ILG,DE,AEA,EN,Towers with Radar,2,4,23,0,29,0,0,49,9,58,2,4,72,9,87,88,7,95,182
01/22/2022,ILG,DE,AEA,EN,Towers with Radar,0,4,22,0,26,0,0,36,0,36,0,4,58,0,62,57,0,57,119
01/23/2022,ILG,DE,AEA,EN,Towers with Radar,0,3,23,0,26,0,1,46,1,48,0,4,69,1,74,86,0,86,160
01/24/2022,ILG,DE,AEA,EN,Towers with Radar,2,6,23,2,33,0,0,47,12,59,2,6,70,14,92,76,4,80,172
01/25/2022,ILG,DE,AEA,EN,Towers with Radar,0,10,29,6,45,0,0,51,17,68,0,10,80,23,113,6,6,12,125
01/26/2022,ILG,DE,AEA,EN,Towers with Radar,0,5,17,8,30,0,3,52,10,65,0,8,69,18,95,44,12,56,151
01/27/2022,ILG,DE,AEA,EN,Towers with Radar,0,4,41,4,49,0,0,55,3,58,0,4,96,7,107,76,0,76,183
01/28/2022,ILG,DE,AEA,EN,Towers with Radar,0,10,19,0,29,0,0,9,0,9,0,10,28,0,38,18,0,18,56
01/29/2022,ILG,DE,AEA,EN,Towers with Radar,0,0,1,0,1,0,1,0,0,1,0,1,1,0,2,0,0,0,2
01/30/2022,ILG,DE,AEA,EN,Towers with Radar,0,15,19,0,34,0,0,14,0,14,0,15,33,0,48,25,0,25,73
01/31/2022,ILG,DE,AEA,EN,Towers with Radar,2,5,31,0,38,0,0,25,0,25,2,5,56,0,63,43,0,43,106
02/01/2022,ILG,DE,AEA,EN,Towers with Radar,0,4,17,4,25,0,0,47,12,59,0,4,64,16,84,115,0,115,199
02/02/2022,ILG,DE,AEA,EN,Towers with Radar,0,7,27,4,38,0,0,6,0,6,0,7,33,4,44,0,0,0,44
02/03/2022,ILG,DE,AEA,EN,Towers with Radar,0,3,17,2,22,0,0,0,0,0,0,3,17,2,22,0,0,0,22
02/04/2022,ILG,DE,AEA,EN,Towers with Radar,2,1,19,11,33,0,0,0,0,0,2,1,19,11,33,0,0,0,33
02/05/2022,ILG,DE,AEA,EN,Towers with Radar,0,0,7,3,10,0,0,2,3,5,0,0,9,6,15,0,0,0,15
02/06/2022,ILG,DE,AEA,EN,Towers with Radar,0,3,16,0,19,0,0,11,13,24,0,3,27,13,43,8,5,13,56
02/07/2022,ILG,DE,AEA,EN,Towers with Radar,2,2,27,1,32,0,0,1,0,1,2,2,28,1,33,2,0,2,35
02/08/2022,ILG,DE,AEA,EN,Towers with Radar,0,8,30,7,45,0,0,47,10,57,0,8,77,17,102,32,8,40,142
02/09/2022,ILG,DE,AEA,EN,Towers with Radar,0,11,14,6,31,0,0,98,16,114,0,11,112,22,145,89,14,103,248
02/10/2022,ILG,DE,AEA,EN,Towers with Radar,0,12,25,5,42,0,0,45,5,50,0,12,70,10,92,104,8,112,204
02/11/2022,ILG,DE,AEA,EN,Towers with Radar,2,8,22,2,34,0,2,52,11,65,2,10,74,13,99,35,0,35,134
02/12/2022,ILG,DE,AEA,EN,Towers with Radar,0,7,24,1,32,0,1,60,3,64,0,8,84,4,96,44,0,44,140
02/13/2022,ILG,DE,AEA,EN,Towers with Radar,0,4,9,0,13,0,0,0,0,0,0,4,9,0,13,0,0,0,13
02/14/2022,ILG,DE,AEA,EN,Towers with Radar,2,1,29,1,33,0,0,25,3,28,2,1,54,4,61,49,2,51,112
02/15/2022,ILG,DE,AEA,EN,Towers with Radar,0,7,29,14,50,0,0,63,17,80,0,7,92,31,130,48,30,78,208
02/16/2022,ILG,DE,AEA,EN,Towers with Radar,0,12,31,6,49,0,0,58,15,73,0,12,89,21,122,81,22,103,225
02/17/2022,ILG,DE,AEA,EN,Towers with Radar,0,10,26,3,39,0,0,17,6,23,0,10,43,9,62,8,0,8,70
02/18/2022,ILG,DE,AEA,EN,Towers with Radar,2,8,24,0,34,0,0,6,0,6,2,8,30,0,40,0,0,0,40
02/19/2022,ILG,DE,AEA,EN,Towers with Radar,0,8,15,1,24,0,0,15,0,15,0,8,30,1,39,22,0,22,61
02/20/2022,ILG,DE,AEA,EN,Towers with Radar,0,11,33,3,47,0,0,71,0,71,0,11,104,3,118,20,0,20,138
02/21/2022,ILG,DE,AEA,EN,Towers with Radar,2,15,37,2,56,0,1,86,0,87,2,16,123,2,143,55,0,55,198
02/22/2022,ILG,DE,AEA,EN,Towers with Radar,0,5,20,5,30,0,0,7,12,19,0,5,27,17,49,16,4,20,69
02/23/2022,ILG,DE,AEA,EN,Towers with Radar,0,12,28,3,43,0,0,44,4,48,0,12,72,7,91,28,22,50,141
02/24/2022,ILG,DE,AEA,EN,Towers with Radar,0,22,24,2,48,0,0,28,7,35,0,22,52,9,83,27,0,27,110
02/25/2022,ILG,DE,AEA,EN,Towers with Radar,2,3,21,1,27,0,0,2,10,12,2,3,23,11,39,10,0,10,49
02/26/2022,ILG,DE,AEA,EN,Towers with Radar,0,4,5,1,10,0,1,3,0,4,0,5,8,1,14,0,2,2,16
02/27/2022,ILG,DE,AEA,EN,Towers with Radar,0,1,10,0,11,0,0,1,0,1,0,1,11,0,12,0,0,0,12
02/28/2022,ILG,DE,AEA,EN,Towers with Radar,2,4,29,6,41,0,0,49,34,83,2,4,78,40,124,51,3,54,178
03/01/2022,ILG,DE,AEA,EN,Towers with Radar,0,10,19,7,36,0,0,47,16,63,0,10,66,23,99,80,12,92,191
03/02/2022,ILG,DE,AEA,EN,Towers with Radar,2,9,39,3,53,0,2,85,20,107,2,11,124,23,160,97,21,118,278
03/03/2022,ILG,DE,AEA,EN,Towers with Radar,0,1,37,2,40,0,0,50,12,62,0,1,87,14,102,60,7,67,169
03/04/2022,ILG,DE,AEA,EN,Towers with Radar,2,4,23,2,31,0,0,63,19,82,2,4,86,21,113,79,0,79,192
03/05/2022,ILG,DE,AEA,EN,Towers with Radar,0,5,7,6,18,0,2,5,2,9,0,7,12,8,27,0,0,0,27
03/06/2022,ILG,DE,AEA,EN,Towers with Radar,0,4,7,1,12,0,0,3,8,11,0,4,10,9,23,0,0,0,23
03/07/2022,ILG,DE,AEA,EN,Towers with Radar,2,3,21,0,26,0,1,20,2,23,2,4,41,2,49,2,2,4,53
03/08/2022,ILG,DE,AEA,EN,Towers with Radar,0,8,23,7,38,0,0,36,13,49,0,8,59,20,87,44,13,57,144
03/09/2022,ILG,DE,AEA,EN,Towers with Radar,0,14,40,8,62,0,0,0,0,0,0,14,40,8,62,0,0,0,62
03/10/2022,ILG,DE,AEA,EN,Towers with Radar,0,13,28,4,45,0,0,62,7,69,0,13,90,11,114,37,2,39,153
03/11/2022,ILG,DE,AEA,EN,Towers with Radar,2,14,28,1,45,0,0,47,4,51,2,14,75,5,96,14,0,14,110
03/12/2022,ILG,DE,AEA,EN,Towers with Radar,0,4,10,1,15,0,0,0,0,0,0,4,10,1,15,0,0,0,15
03/13/2022,ILG,DE,AEA,EN,Towers with Radar,0,6,21,0,27,0,3,17,0,20,0,9,38,0,47,2,0,2,49
03/14/2022,ILG,DE,AEA,EN,Towers with Radar,0,11,26,2,39,0,0,52,12,64,0,11,78,14,103,39,2,41,144
03/15/2022,ILG,DE,AEA,EN,Towers with Radar,0,5,25,2,32,0,0,87,11,98,0,5,112,13,130,50,6,56,186
03/16/2022,ILG,DE,AEA,EN,Towers with Radar,0,2,21,4,27,0,2,68,20,90,0,4,89,24,117,28,6,34,151
03/17/2022,ILG,DE,AEA,EN,Towers with Radar,1,10,35,5,51,0,0,0,0,0,1,10,35,5,51,0,0,0,51
03/18/2022,ILG,DE,AEA,EN,Towers with Radar,2,5,28,0,35,0,1,43,4,48,2,6,71,4,83,36,8,44,127
03/19/2022,ILG,DE,AEA,EN,Towers with Radar,0,8,19,0,27,0,0,24,0,24,0,8,43,0,51,28,0,28,79
03/20/2022,ILG,DE,AEA,EN,Towers with Radar,0,10,28,0,38,0,0,18,0,18,0,10,46,0,56,41,0,41,97
03/21/2022,ILG,DE,AEA,EN,Towers with Radar,2,15,23,0,40,0,5,53,11,69,2,20,76,11,109,45,4,49,158
03/22/2022,ILG,DE,AEA,EN,Towers with Radar,0,6,20,7,33,0,2,93,24,119,0,8,113,31,152,55,16,71,223
03/23/2022,ILG,DE,AEA,EN,Towers with Radar,0,5,35,5,45,0,0,27,12,39,0,5,62,17,84,45,13,58,142
03/24/2022,ILG,DE,AEA,EN,Towers with Radar,0,9,32,3,44,0,0,0,0,0,0,9,32,3,44,0,0,0,44
03/25/2022,ILG,DE,AEA,EN,Towers with Radar,2,10,37,0,49,0,0,50,0,50,2,10,87,0,99,53,0,53,152
03/26/2022,ILG,DE,AEA,EN,Towers with Radar,0,6,24,0,30,0,0,28,0,28,0,6,52,0,58,39,0,39,97
03/27/2022,ILG,DE,AEA,EN,Towers with Radar,0,10,16,1,27,0,1,17,2,20,0,11,33,3,47,16,0,16,63
03/28/2022,ILG,DE,AEA,EN,Towers with Radar,2,9,19,5,35,0,0,14,6,20,2,9,33,11,55,10,4,14,69
03/29/2022,ILG,DE,AEA,EN,Towers with Radar,0,8,39,2,49,0,0,59,20,79,0,8,98,22,128,33,4,37,165
03/30/2022,ILG,DE,AEA,EN,Towers with Radar,0,5,18,2,25,0,1,54,13,68,0,6,72,15,93,13,12,25,118
03/31/2022,ILG,DE,AEA,EN,Towers with Radar,0,12,19,7,38,0,4,0,3,7,0,16,19,10,45,0,0,0,45
04/01/2022,ILG,DE,AEA,EN,Towers with Radar,2,6,20,2,30,0,0,18,16,34,2,6,38,18,64,16,0,16,80
04/02/2022,ILG,DE,AEA,EN,Towers with Radar,0,2,7,5,14,0,0,5,22,27,0,2,12,27,41,0,0,0,41
04/03/2022,ILG,DE,AEA,EN,Towers with Radar,0,2,9,3,14,0,1,6,7,14,0,3,15,10,28,0,0,0,28
04/04/2022,ILG,DE,AEA,EN,Towers with Radar,0,6,26,1,33,0,0,58,13,71,0,6,84,14,104,80,0,80,184
04/05/2022,ILG,DE,AEA,EN,Towers with Radar,0,6,59,6,71,0,0,41,14,55,0,6,100,20,126,62,3,65,191
04/06/2022,ILG,DE,AEA,EN,Towers with Radar,0,2,43,4,49,0,0,1,4,5,0,2,44,8,54,6,6,12,66
04/07/2022,ILG,DE,AEA,EN,Towers with Radar,0,7,25,0,32,0,0,0,0,0,0,7,25,0,32,0,0,0,32
04/08/2022,ILG,DE,AEA,EN,Towers with Radar,2,12,31,4,49,0,0,52,12,64,2,12,83,16,113,79,6,85,198
04/09/2022,ILG,DE,AEA,EN,Towers with Radar,0,1,10,0,11,0,0,16,5,21,0,1,26,5,32,34,0,34,66
04/10/2022,ILG,DE,AEA,EN,Towers with Radar,2,6,6,1,15,0,0,1,2,3,2,6,7,3,18,0,0,0,18
04/11/2022,ILG,DE,AEA,EN,Towers with Radar,2,5,22,4,33,0,0,50,28,78,2,5,72,32,111,34,40,74,185
04/12/2022,ILG,DE,AEA,EN,Towers with Radar,0,8,48,15,71,0,0,56,20,76,0,8,104,35,147,63,19,82,229
04/13/2022,ILG,DE,AEA,EN,Towers with Radar,2,5,48,3,58,0,0,67,16,83,2,5,115,19,141,38,22,60,201
04/14/2022,ILG,DE,AEA,EN,Towers with Radar,0,7,29,4,40,0,0,35,7,42,0,7,64,11,82,48,6,54,136
04/15/2022,ILG,DE,AEA,EN,Towers with Radar,2,6,30,3,41,0,0,80,2,82,2,6,110,5,123,85,2,87,210
04/16/2022,ILG,DE,AEA,EN,Towers with Radar,0,4,12,0,16,0,0,50,0,50,0,4,62,0,66,6,0,6,72
04/17/2022,ILG,DE,AEA,EN,Towers with Radar,2,8,28,0,38,0,0,26,0,26,2,8,54,0,64,9,0,9,73
04/18/2022,ILG,DE,AEA,EN,Towers with Radar,2,8,44,0,54,0,0,13,5,18,2,8,57,5,72,4,3,7,79
04/19/2022,ILG,DE,AEA,EN,Towers with Radar,0,14,25,2,41,0,0,2,18,20,0,14,27,20,61,28,26,54,115
04/20/2022,ILG,DE,AEA,EN,Towers with Radar,2,9,23,4,38,0,1,60,18,79,2,10,83,22,117,50,19,69,186
04/21/2022,ILG,DE,AEA,EN,Towers with Radar,0,8,35,2,45,0,1,73,12,86,0,9,108,14,131,77,20,97,228
04/22/2022,ILG,DE,AEA,EN,Towers with Radar,2,4,28,0,34,0,0,61,10,71,2,4,89,10,105,87,0,87,192
04/23/2022,ILG,DE,AEA,EN,Towers with Radar,0,2,4,0,6,0,0,5,7,12,0,2,9,7,18,0,0,0,18
04/24/2022,ILG,DE,AEA,EN,Towers with Radar,0,2,6,0,8,0,0,0,0,0,0,2,6,0,8,0,0,0,8
04/25/2022,ILG,DE,AEA,EN,Towers with Radar,2,6,16,11,35,0,0,17,9,26,2,6,33,20,61,29,10,39,100
04/26/2022,ILG,DE,AEA,EN,Towers with Radar,0,12,37,7,56,0,0,8,12,20,0,12,45,19,76,109,0,109,185
04/27/2022,ILG,DE,AEA,EN,Towers with Radar,0,8,30,4,42,0,0,13,18,31,0,8,43,22,73,0,19,19,92
04/28/2022,ILG,DE,AEA,EN,Towers with Radar,0,9,24,1,34,0,1,23,9,33,0,10,47,10,67,4,8,12,79
04/29/2022,ILG,DE,AEA,EN,Towers with Radar,2,20,23,4,49,0,0,35,0,35,2,20,58,4,84,17,0,17,101
04/30/2022,ILG,DE,AEA,EN,Towers with Radar,0,7,19,0,26,0,0,105,0,105,0,7,124,0,131,111,0,111,242
05/01/2022,ILG,DE,AEA,EN,Towers with Radar,0,10,24,0,34,0,0,27,0,27,0,10,51,0,61,30,0,30,91
05/02/2022,ILG,DE,AEA,EN,Towers with Radar,2,19,27,4,52,0,0,24,6,30,2,19,51,10,82,55,4,59,141
05/03/2022,ILG,DE,AEA,EN,Towers with Radar,0,14,23,4,41,0,0,36,8,44,0,14,59,12,85,24,27,51,136
05/04/2022,ILG,DE,AEA,EN,Towers with Radar,0,14,79,14,107,0,0,14,10,24,0,14,93,24,131,38,12,50,181
05/05/2022,ILG,DE,AEA,EN,Towers with Radar,0,15,36,3,54,0,0,73,20,93,0,15,109,23,147,92,4,96,243
05/06/2022,ILG,DE,AEA,EN,Towers with Radar,0,5,36,6,47,0,1,5,0,6,0,6,41,6,53,0,3,3,56
05/07/2022,ILG,DE,AEA,EN,Towers with Radar,0,0,3,1,4,0,0,0,0,0,0,0,3,1,4,0,0,0,4
05/08/2022,ILG,DE,AEA,EN,Towers with Radar,0,8,21,0,29,0,0,3,0,3,0,8,24,0,32,0,0,0,32
05/09/2022,ILG,DE,AEA,EN,Towers with Radar,2,11,21,10,44,0,1,34,18,53,2,12,55,28,97,11,2,13,110
05/10/2022,ILG,DE,AEA,EN,Towers with Radar,0,9,37,10,56,0,0,52,10,62,0,9,89,20,118,44,10,54,172
05/11/2022,ILG,DE,AEA,EN,Towers with Radar,0,12,35,3,50,0,0,50,14,64,0,12,85,17,114,61,2,63,177
05/12/2022,ILG,DE,AEA,EN,Towers with Radar,0,28,45,24,97,0,0,19,5,24,0,28,64,29,121,19,24,43,164
05/13/2022,ILG,DE,AEA,EN,Towers with Radar,2,6,15,4,27,0,0,1,0,1,2,6,16,4,28,0,0,0,28
05/14/2022,ILG,DE,AEA,EN,Towers with Radar,0,3,6,0,9,0,0,0,0,0,0,3,6,0,9,0,0,0,9
05/15/2022,ILG,DE,AEA,EN,Towers with Radar,0,10,34,16,60,0,0,23,12,35,0,10,57,28,95,6,0,6,101
05/16/2022,ILG,DE,AEA,EN,Towers with Radar,2,16,10,3,31,0,0,3,2,5,2,16,13,5,36,35,0,35,71
05/17/2022,ILG,DE,AEA,EN,Towers with Radar,0,12,25,3,40,0,4,46,16,66,0,16,71,19,106,62,14,76,182
05/18/2022,ILG,DE,AEA,EN,Towers with Radar,0,13,33,3,49,0,2,98,10,110,0,15,131,13,159,82,0,82,241
05/19/2022,ILG,DE,AEA,EN,Towers with Radar,0,18,40,3,61,0,4,35,8,47,0,22,75,11,108,50,26,76,184
05/20/2022,ILG,DE,AEA,EN,Towers with Radar,0,13,21,2,36,0,0,41,3,44,0,13,62,5,80,78,6,84,164
05/21/2022,ILG,DE,AEA,EN,Towers with Radar,0,8,27,0,35,0,4,47,0,51,0,12,74,0,86,29,0,29,115
05/22/2022,ILG,DE,AEA,EN,Towers with Radar,0,8,27,1,36,0,4,39,1,44,0,12,66,2,80,20,0,20,100
05/23/2022,ILG,DE,AEA,EN,Towers with Radar,2,5,26,4,37,0,3,61,4,68,2,8,87,8,105,31,0,31,136
05/24/2022,ILG,DE,AEA,EN,Towers with Radar,0,2,25,8,35,0,2,38,17,57,0,4,63,25,92,53,25,78,170
05/25/2022,ILG,DE,AEA,EN,Towers with Radar,0,5,33,3,41,0,2,88,12,102,0,7,121,15,143,83,6,89,232
05/26/2022,ILG,DE,AEA,EN,Towers with Radar,0,8,53,6,67,0,1,26,7,34,0,9,79,13,101,108,3,111,212
05/27/2022,ILG,DE,AEA,EN,Towers with Radar,0,5,7,4,16,0,0,1,0,1,0,5,8,4,17,0,0,0,17
05/28/2022,ILG,DE,AEA,EN,Towers with Radar,0,3,5,1,9,0,2,1,1,4,0,5,6,2,13,0,0,0,13
05/29/2022,ILG,DE,AEA,EN,Towers with Radar,0,1,8,2,11,0,0,27,1,28,0,1,35,3,39,8,3,11,50
05/30/2022,ILG,DE,AEA,EN,Towers with Radar,2,5,21,1,29,0,0,49,5,54,2,5,70,6,83,67,0,67,150
05/31/2022,ILG,DE,AEA,EN,Towers with Radar,0,4,28,6,38,0,1,44,26,71,0,5,72,32,109,85,24,109,218
06/01/2022,ILG,DE,AEA,EN,Towers with Radar,0,7,38,7,52,0,0,64,12,76,0,7,102,19,128,64,16,80,208
06/02/2022,ILG,DE,AEA,EN,Towers with Radar,0,18,44,0,62,0,1,15,4,20,0,19,59,4,82,81,13,94,176
06/03/2022,ILG,DE,AEA,EN,Towers with Radar,0,13,39,0,52,0,17,56,2,75,0,30,95,2,127,93,0,93,220
06/04/2022,ILG,DE,AEA,EN,Towers with Radar,0,9,13,2,24,0,1,65,13,79,0,10,78,15,103,87,16,103,206
06/05/2022,ILG,DE,AEA,EN,Towers with Radar,0,4,48,2,54,0,4,70,9,83,0,8,118,11,137,37,12,49,186
06/06/2022,ILG,DE,AEA,EN,Towers with Radar,2,7,38,2,49,0,2,71,8,81,2,9,109,10,130,72,0,72,202
06/07/2022,ILG,DE,AEA,EN,Towers with Radar,0,6,27,4,37,0,0,36,27,63,0,6,63,31,100,43,15,58,158
06/08/2022,ILG,DE,AEA,EN,Towers with Radar,0,5,26,1,32,0,1,38,26,65,0,6,64,27,97,47,15,62,159
06/09/2022,ILG,DE,AEA,EN,Towers with Radar,0,10,24,3,37,0,3,37,6,46,0,13,61,9,83,48,36,84,167
06/10/2022,ILG,DE,AEA,EN,Towers with Radar,0,22,44,6,72,0,0,77,32,109,0,22,121,38,181,68,2,70,251
06/11/2022,ILG,DE,AEA,EN,Towers with Radar,0,9,11,2,22,0,0,17,0,17,0,9,28,2,39,0,0,0,39
06/12/2022,ILG,DE,AEA,EN,Towers with Radar,0,20,14,2,36,0,0,2,0,2,0,20,16,2,38,0,0,0,38
06/13/2022,ILG,DE,AEA,EN,Towers with Radar,0,7,45,13,65,0,0,35,31,66,0,7,80,44,131,56,18,74,205
06/14/2022,ILG,DE,AEA,EN,Towers with Radar,0,15,29,3,47,0,2,21,12,35,0,17,50,15,82,58,0,58,140
06/15/2022,ILG,DE,AEA,EN,Towers with Radar,0,14,28,5,47,0,1,87,30,118,0,15,115,35,165,40,4,44,209
06/16/2022,ILG,DE,AEA,EN,Towers with Radar,0,9,21,1,31,0,0,22,0,22,0,9,43,1,53,44,0,44,97
06/17/2022,ILG,DE,AEA,EN,Towers with Radar,0,9,40,0,49,0,0,56,4,60,0,9,96,4,109,12,0,12,121
06/18/2022,ILG,DE,AEA,EN,Towers with Radar,0,5,22,4,31,0,0,12,2,14,0,5,34,6,45,0,0,0,45
06/19/2022,ILG,DE,AEA,EN,Towers with Radar,0,2,17,1,20,0,0,20,0,20,0,2,37,1,40,20,0,20,60
06/20/2022,ILG,DE,AEA,EN,Towers with Radar,0,1,26,2,29,0,0,77,0,77,0,1,103,2,106,56,0,56,162
06/21/2022,ILG,DE,AEA,EN,Towers with Radar,0,3,62,3,68,0,2,60,9,71,0,5,122,12,139,96,16,112,251
06/22/2022,ILG,DE,AEA,EN,Towers with Radar,0,3,17,8,28,0,0,27,1,28,0,3,44,9,56,51,2,53,109
06/23/2022,ILG,DE,AEA,EN,Towers with Radar,0,8,39,3,50,0,0,18,2,20,0,8,57,5,70,4,7,11,81
06/24/2022,ILG,DE,AEA,EN,Towers with Radar,0,10,46,2,58,0,0,54,0,54,0,10,100,2,112,33,0,33,145
06/25/2022,ILG,DE,AEA,EN,Towers with Radar,0,8,20,4,32,0,0,47,0,47,0,8,67,4,79,24,2,26,105
06/26/2022,ILG,DE,AEA,EN,Towers with Radar,0,24,40,0,64,0,0,45,0,45,0,24,85,0,109,45,0,45,154
06/27/2022,ILG,DE,AEA,EN,Towers with Radar,0,6,19,2,27,0,0,15,12,27,0,6,34,14,54,56,24,80,134
06/28/2022,ILG,DE,AEA,EN,Towers with Radar,0,15,47,7,69,0,0,88,23,111,0,15,135,30,180,84,10,94,274
06/29/2022,ILG,DE,AEA,EN,Towers with Radar,0,12,44,10,66,0,0,79,9,88,0,12,123,19,154,78,2,80,234
06/30/2022,ILG,DE,AEA,EN,Towers with Radar,0,10,30,2,42,0,2,68,10,80,0,12,98,12,122,66,28,94,216
07/01/2022,ILG,DE,AEA,EN,Towers with Radar,0,8,23,0,31,0,0,37,0,37,0,8,60,0,68,40,0,40,108
07/02/2022,ILG,DE,AEA,EN,Towers with Radar,0,5,25,0,30,0,0,14,0,14,0,5,39,0,44,9,0,9,53
07/03/2022,ILG,DE,AEA,EN,Towers with Radar,0,4,13,1,18,0,2,14,0,16,0,6,27,1,34,57,0,57,91
07/04/2022,ILG,DE,AEA,EN,Towers with Radar,0,4,22,0,26,0,0,63,0,63,0,4,85,0,89,34,0,34,123
07/05/2022,ILG,DE,AEA,EN,Towers with Radar,0,6,24,9,39,0,2,43,7,52,0,8,67,16,91,37,9,46,137
07/06/2022,ILG,DE,AEA,EN,Towers with Radar,0,7,23,11,41,0,0,45,22,67,0,7,68,33,108,23,23,46,154
07/07/2022,ILG,DE,AEA,EN,Towers with Radar,0,4,34,19,57,0,0,19,1,20,0,4,53,20,77,38,0,38,115
07/08/2022,ILG,DE,AEA,EN,Towers with Radar,0,5,27,4,36,0,1,33,0,34,0,6,60,4,70,63,0,63,133
07/09/2022,ILG,DE,AEA,EN,Towers with Radar,0,2,24,0,26,0,0,14,0,14,0,2,38,0,40,0,0,0,40
07/10/2022,ILG,DE,AEA,EN,Towers with Radar,0,24,59,4,87,0,2,57,1,60,0,26,116,5,147,46,0,46,193
07/11/2022,ILG,DE,AEA,EN,Towers with Radar,0,17,61,8,86,0,0,48,14,62,0,17,109,22,148,51,0,51,199
07/12/2022,ILG,DE,AEA,EN,Towers with Radar,0,4,30,1,35,0,0,35,14,49,0,4,65,15,84,59,18,77,161
07/13/2022,ILG,DE,AEA,EN,Towers with Radar,0,15,60,7,82,0,0,80,18,98,0,15,140,25,180,104,2,106,286
07/14/2022,ILG,DE,AEA,EN,Towers with Radar,0,8,29,3,40,0,0,44,6,50,0,8,73,9,90,53,2,55,145
07/15/2022,ILG,DE,AEA,EN,Towers with Radar,0,7,34,0,41,0,1,62,2,65,0,8,96,2,106,51,0,51,157
07/16/2022,ILG,DE,AEA,EN,Towers with Radar,0,8,15,7,30,0,0,21,0,21,0,8,36,7,51,16,0,16,67
07/17/2022,ILG,DE,AEA,EN,Towers with Radar,0,19,44,2,65,0,0,25,0,25,0,19,69,2,90,18,0,18,108
07/18/2022,ILG,DE,AEA,EN,Towers with Radar,0,5,27,5,37,0,0,26,6,32,0,5,53,11,69,25,0,25,94
07/19/2022,ILG,DE,AEA,EN,Towers with Radar,0,4,26,4,34,0,0,52,18,70,0,4,78,22,104,76,8,84,188
07/20/2022,ILG,DE,AEA,EN,Towers with Radar,0,2,45,7,54,0,2,65,27,94,0,4,110,34,148,57,26,83,231
07/21/2022,ILG,DE,AEA,EN,Towers with Radar,0,2,35,7,44,0,3,54,8,65,0,5,89,15,109,43,16,59,168
07/22/2022,ILG,DE,AEA,EN,Towers with Radar,0,4,32,0,36,0,0,41,8,49,0,4,73,8,85,12,0,12,97
07/23/2022,ILG,DE,AEA,EN,Towers with Radar,0,9,31,0,40,0,4,37,2,43,0,13,68,2,83,17,0,17,100
07/24/2022,ILG,DE,AEA,EN,Towers with Radar,0,12,24,2,38,0,0,23,0,23,0,12,47,2,61,8,0,8,69
07/25/2022,ILG,DE,AEA,EN,Towers with Radar,0,14,43,8,65,0,0,46,3,49,0,14,89,11,114,57,4,61,175
07/26/2022,ILG,DE,AEA,EN,Towers with Radar,0,3,37,9,49,0,0,56,15,71,0,3,93,24,120,127,20,147,267
07/27/2022,ILG,DE,AEA,EN,Towers with Radar,0,29,50,12,91,0,0,52,16,68,0,29,102,28,159,79,18,97,256
07/28/2022,ILG,DE,AEA,EN,Towers with Radar,0,13,27,5,45,0,2,45,11,58,0,15,72,16,103,51,8,59,162
07/29/2022,ILG,DE,AEA,EN,Towers with Radar,0,9,31,0,40,0,1,36,0,37,0,10,67,0,77,46,0,46,123
07/30/2022,ILG,DE,AEA,EN,Towers with Radar,0,3,7,1,11,0,3,45,9,57,0,6,52,10,68,16,0,16,84
07/31/2022,ILG,DE,AEA,EN,Towers with Radar,0,16,21,0,37,0,0,27,5,32,0,16,48,5,69,2,0,2,71
08/01/2022,ILG,DE,AEA,EN,Towers with Radar,0,6,33,6,45,0,1,15,10,26,0,7,48,16,71,4,19,23,94
08/02/2022,ILG,DE,AEA,EN,Towers with Radar,0,5,35,7,47,0,1,53,11,65,0,6,88,18,112,64,10,74,186
08/03/2022,ILG,DE,AEA,EN,Towers with Radar,0,10,43,18,71,0,0,70,13,83,0,10,113,31,154,46,9,55,209
08/04/2022,ILG,DE,AEA,EN,Towers with Radar,0,13,36,0,49,0,0,38,3,41,0,13,74,3,90,8,0,8,98
08/05/2022,ILG,DE,AEA,EN,Towers with Radar,0,2,25,0,27,0,0,23,1,24,0,2,48,1,51,73,2,75,126
08/06/2022,ILG,DE,AEA,EN,Towers with Radar,0,5,20,3,28,0,0,23,15,38,0,5,43,18,66,39,8,47,113
08/07/2022,ILG,DE,AEA,EN,Towers with Radar,0,8,57,4,69,0,0,20,16,36,0,8,77,20,105,2,17,19,124
08/08/2022,ILG,DE,AEA,EN,Towers with Radar,0,15,41,0,56,0,0,54,0,54,0,15,95,0,110,54,0,54,164
08/09/2022,ILG,DE,AEA,EN,Towers with Radar,0,5,15,0,20,0,7,45,4,56,0,12,60,4,76,47,0,47,123
08/10/2022,ILG,DE,AEA,EN,Towers with Radar,0,11,24,2,37,0,1,56,11,68,0,12,80,13,105,73,2,75,180
08/11/2022,ILG,DE,AEA,EN,Towers with Radar,0,9,29,7,45,0,0,51,0,51,0,9,80,7,96,58,0,58,154
08/12/2022,ILG,DE,AEA,EN,Towers with Radar,0,2,23,0,25,0,2,76,0,78,0,4,99,0,103,68,0,68,171
08/13/2022,ILG,DE,AEA,EN,Towers with Radar,0,6,18,0,24,0,0,59,0,59,0,6,77,0,83,60,0,60,143
08/14/2022,ILG,DE,AEA,EN,Towers with Radar,0,48,64,0,112,0,0,53,2,55,0,48,117,2,167,25,0,25,192
08/15/2022,ILG,DE,AEA,EN,Towers with Radar,0,38,67,10,115,0,0,39,32,71,0,38,106,42,186,45,12,57,243
08/16/2022,ILG,DE,AEA,EN,Towers with Radar,0,6,27,12,45,0,0,21,18,39,0,6,48,30,84,46,0,46,130
08/17/2022,ILG,DE,AEA,EN,Towers with Radar,0,2,10,4,16,0,0,1,10,11,0,2,11,14,27,0,0,0,27
08/18/2022,ILG,DE,AEA,EN,Towers with Radar,0,3,17,2,22,0,0,10,5,15,0,3,27,7,37,0,0,0,37
08/19/2022,ILG,DE,AEA,EN,Towers with Radar,0,13,9,0,22,0,0,11,4,15,0,13,20,4,37,0,0,0,37
08/20/2022,ILG,DE,AEA,EN,Towers with Radar,0,1,4,3,8,0,0,11,7,18,0,1,15,10,26,0,0,0,26
08/21/2022,ILG,DE,AEA,EN,Towers with Radar,0,68,56,2,126,0,3,49,0,52,0,71,105,2,178,20,0,20,198
08/22/2022,ILG,DE,AEA,EN,Towers with Radar,0,16,32,2,50,0,0,25,18,43,0,16,57,20,93,72,19,91,184
08/23/2022,ILG,DE,AEA,EN,Towers with Radar,0,13,25,30,68,0,2,33,17,52,0,15,58,47,120,57,23,80,200
08/24/2022,ILG,DE,AEA,EN,Towers with Radar,0,5,30,3,38,0,2,69,17,88,0,7,99,20,126,125,13,138,264
08/25/2022,ILG,DE,AEA,EN,Towers with Radar,0,6,29,1,36,0,6,63,9,78,0,12,92,10,114,60,12,72,186
08/26/2022,ILG,DE,AEA,EN,Towers with Radar,0,11,60,4,75,0,2,40,4,46,0,13,100,8,121,44,0,44,165
08/27/2022,ILG,DE,AEA,EN,Towers with Radar,0,2,1,0,3,0,0,4,8,12,0,2,5,8,15,0,0,0,15
08/28/2022,ILG,DE,AEA,EN,Towers with Radar,0,2,13,0,15,0,1,4,5,10,0,3,17,5,25,0,5,5,30
08/29/2022,ILG,DE,AEA,EN,Towers with Radar,0,4,21,2,27,0,0,37,5,42,0,4,58,7,69,21,13,34,103
08/30/2022,ILG,DE,AEA,EN,Towers with Radar,0,16,55,12,83,0,0,29,9,38,0,16,84,21,121,52,13,65,186
08/31/2022,ILG,DE,AEA,EN,Towers with Radar,0,15,56,3,74,0,0,74,18,92,0,15,130,21,166,70,14,84,250
09/01/2022,ILG,DE,AEA,EN,Towers with Radar,0,1,18,4,23,0,0,76,2,78,0,1,94,6,101,58,16,74,175
09/02/2022,ILG,DE,AEA,EN,Towers with Radar,0,4,20,0,24,0,6,67,0,73,0,10,87,0,97,109,0,109,206
09/03/2022,ILG,DE,AEA,EN,Towers with Radar,0,3,14,0,17,0,0,55,0,55,0,3,69,0,72,42,0,42,114
09/04/2022,ILG,DE,AEA,EN,Towers with Radar,0,6,26,0,32,0,1,36,1,38,0,7,62,1,70,14,0,14,84
09/05/2022,ILG,DE,AEA,EN,Towers with Radar,0,3,12,0,15,0,3,18,0,21,0,6,30,0,36,63,0,63,99
09/06/2022,ILG,DE,AEA,EN,Towers with Radar,0,12,17,6,35,0,0,1,0,1,0,12,18,6,36,0,2,2,38
09/07/2022,ILG,DE,AEA,EN,Towers with Radar,0,21,84,31,136,0,0,0,0,0,0,21,84,31,136,0,4,4,140
09/08/2022,ILG,DE,AEA,EN,Towers with Radar,0,12,26,0,38,0,10,74,16,100,0,22,100,16,138,90,18,108,246
09/09/2022,ILG,DE,AEA,EN,Towers with Radar,0,7,20,4,31,0,0,38,11,49,0,7,58,15,80,22,6,28,108
09/10/2022,ILG,DE,AEA,EN,Towers with Radar,0,0,11,4,15,0,5,8,10,23,0,5,19,14,38,0,0,0,38
09/11/2022,ILG,DE,AEA,EN,Towers with Radar,0,12,57,20,89,0,2,3,0,5,0,14,60,20,94,0,0,0,94
09/12/2022,ILG,DE,AEA,EN,Towers with Radar,0,3,17,0,20,0,0,11,0,11,0,3,28,0,31,8,0,8,39
09/13/2022,ILG,DE,AEA,EN,Towers with Radar,0,9,52,20,81,0,1,43,4,48,0,10,95,24,129,108,2,110,239
09/14/2022,ILG,DE,AEA,EN,Towers with Radar,0,10,38,2,50,0,2,81,8,91,0,12,119,10,141,95,6,101,242
09/15/2022,ILG,DE,AEA,EN,Towers with Radar,0,8,36,4,48,0,0,60,3,63,0,8,96,7,111,44,2,46,157
09/16/2022,ILG,DE,AEA,EN,Towers with Radar,2,9,37,0,48,0,2,60,1,63,2,11,97,1,111,101,0,101,212
09/17/2022,ILG,DE,AEA,EN,Towers with Radar,2,4,19,0,25,0,2,44,5,51,2,6,63,5,76,56,4,60,136
09/18/2022,ILG,DE,AEA,EN,Towers with Radar,0,15,46,1,62,0,3,44,9,56,0,18,90,10,118,6,28,34,152
09/19/2022,ILG,DE,AEA,EN,Towers with Radar,0,10,35,5,50,0,1,52,17,70,0,11,87,22,120,99,25,124,244
09/20/2022,ILG,DE,AEA,EN,Towers with Radar,0,11,23,6,40,0,2,44,26,72,0,13,67,32,112,68,8,76,188
09/21/2022,ILG,DE,AEA,EN,Towers with Radar,0,11,50,6,67,0,1,81,12,94,0,12,131,18,161,94,6,100,261
09/22/2022,ILG,DE,AEA,EN,Towers with Radar,0,7,31,11,49,0,0,22,1,23,0,7,53,12,72,37,8,45,117
09/23/2022,ILG,DE,AEA,EN,Towers with Radar,0,11,16,3,30,0,2,49,19,70,0,13,65,22,100,74,0,74,174
09/24/2022,ILG,DE,AEA,EN,Towers with Radar,0,1,7,1,9,0,2,13,10,25,0,3,20,11,34,0,0,0,34
09/25/2022,ILG,DE,AEA,EN,Towers with Radar,0,0,15,0,15,0,0,1,3,4,0,0,16,3,19,0,0,0,19
09/26/2022,ILG,DE,AEA,EN,Towers with Radar,0,14,45,3,62,0,6,43,14,63,0,20,88,17,125,33,4,37,162
09/27/2022,ILG,DE,AEA,EN,Towers with Radar,0,18,45,2,65,0,0,56,8,64,0,18,101,10,129,133,0,133,262
09/28/2022,ILG,DE,AEA,EN,Towers with Radar,0,18,24,0,42,0,0,71,1,72,0,18,95,1,114,130,0,130,244
09/29/2022,ILG,DE,AEA,EN,Towers with Radar,0,8,31,2,41,0,0,49,1,50,0,8,80,3,91,100,0,100,191
09/30/2022,ILG,DE,AEA,EN,Towers with Radar,0,11,22,0,33,0,1,40,0,41,0,12,62,0,74,56,0,56,130
10/01/2022,ILG,DE,AEA,EN,Towers with Radar,0,8,7,0,15,0,0,0,0,0,0,8,7,0,15,0,0,0,15
10/02/2022,ILG,DE,AEA,EN,Towers with Radar,0,18,30,0,48,0,0,0,0,0,0,18,30,0,48,0,0,0,48
10/03/2022,ILG,DE,AEA,EN,Towers with Radar,0,3,36,0,39,0,0,3,0,3,0,3,39,0,42,2,0,2,44
10/04/2022,ILG,DE,AEA,EN,Towers with Radar,0,14,52,0,66,0,0,0,0,0,0,14,52,0,66,0,0,0,66
10/05/2022,ILG,DE,AEA,EN,Towers with Radar,0,18,47,3,68,0,4,7,9,20,0,22,54,12,88,2,3,5,93
10/06/2022,ILG,DE,AEA,EN,Towers with Radar,0,12,39,3,54,0,1,81,18,100,0,13,120,21,154,137,0,137,291
10/07/2022,ILG,DE,AEA,EN,Towers with Radar,0,9,15,2,26,0,0,48,9,57,0,9,63,11,83,47,0,47,130
10/08/2022,ILG,DE,AEA,EN,Towers with Radar,0,2,3,3,8,0,8,8,1,17,0,10,11,4,25,0,0,0,25
10/09/2022,ILG,DE,AEA,EN,Towers with Radar,0,0,8,0,8,0,10,2,4,16,0,10,10,4,24,0,0,0,24
10/10/2022,ILG,DE,AEA,EN,Towers with Radar,0,16,30,2,48,0,5,37,10,52,0,21,67,12,100,56,0,56,156
10/11/2022,ILG,DE,AEA,EN,Towers with Radar,0,10,23,4,37,0,0,89,6,95,0,10,112,10,132,181,2,183,315
10/12/2022,ILG,DE,AEA,EN,Towers with Radar,0,11,36,3,50,0,0,55,8,63,0,11,91,11,113,101,4,105,218
10/13/2022,ILG,DE,AEA,EN,Towers with Radar,0,9,38,1,48,0,0,2,3,5,0,9,40,4,53,0,2,2,55
10/14/2022,ILG,DE,AEA,EN,Towers with Radar,0,8,19,2,29,0,7,65,15,87,0,15,84,17,116,99,0,99,215
10/15/2022,ILG,DE,AEA,EN,Towers with Radar,0,12,27,4,43,0,0,41,24,65,0,12,68,28,108,82,13,95,203
10/16/2022,ILG,DE,AEA,EN,Towers with Radar,0,0,28,1,29,0,0,4,11,15,0,0,32,12,44,0,0,0,44
10/17/2022,ILG,DE,AEA,EN,Towers with Radar,0,15,19,4,38,0,2,13,5,20,0,17,32,9,58,0,0,0,58
10/18/2022,ILG,DE,AEA,EN,Towers with Radar,0,6,27,3,36,0,0,56,14,70,0,6,83,17,106,77,10,87,193
10/19/2022,ILG,DE,AEA,EN,Towers with Radar,0,20,39,3,62,0,2,31,24,57,0,22,70,27,119,121,7,128,247
10/20/2022,ILG,DE,AEA,EN,Towers with Radar,1,8,49,0,58,0,0,40,6,46,1,8,89,6,104,54,11,65,169
10/21/2022,ILG,DE,AEA,EN,Towers with Radar,0,8,21,1,30,0,0,34,4,38,0,8,55,5,68,144,0,144,212
10/22/2022,ILG,DE,AEA,EN,Towers with Radar,0,4,32,0,36,0,2,58,0,60,0,6,90,0,96,91,0,91,187
10/23/2022,ILG,DE,AEA,EN,Towers with Radar,0,18,58,0,76,0,0,18,1,19,0,18,76,1,95,38,0,38,133
10/24/2022,ILG,DE,AEA,EN,Towers with Radar,0,14,72,0,86,0,0,0,0,0,0,14,72,0,86,0,0,0,86
10/25/2022,ILG,DE,AEA,EN,Towers with Radar,0,25,84,0,109,0,0,2,0,2,0,25,86,0,111,0,0,0,111
10/26/2022,ILG,DE,AEA,EN,Towers with Radar,0,16,40,17,73,0,0,8,9,17,0,16,48,26,90,24,4,28,118
10/27/2022,ILG,DE,AEA,EN,Towers with Radar,0,7,35,7,49,0,0,57,23,80,0,7,92,30,129,78,0,78,207
10/28/2022,ILG,DE,AEA,EN,Towers with Radar,0,4,9,2,15,0,0,3,7,10,0,4,12,9,25,0,0,0,25
10/29/2022,ILG,DE,AEA,EN,Towers with Radar,0,2,12,3,17,0,0,6,4,10,0,2,18,7,27,0,0,0,27
10/30/2022,ILG,DE,AEA,EN,Towers with Radar,0,3,6,0,9,0,0,1,0,1,0,3,7,0,10,0,0,0,10
10/31/2022,ILG,DE,AEA,EN,Towers with Radar,0,10,34,5,49,0,0,20,4,24,0,10,54,9,73,22,0,22,95
11/01/2022,ILG,DE,AEA,EN,Towers with Radar,2,7,21,2,32,0,0,22,8,30,2,7,43,10,62,22,4,26,88
11/02/2022,ILG,DE,AEA,EN,Towers with Radar,0,16,24,6,46,0,0,89,11,100,0,16,113,17,146,143,0,143,289
11/03/2022,ILG,DE,AEA,EN,Towers with Radar,0,18,26,4,48,0,4,66,6,76,0,22,92,10,124,62,2,64,188
11/04/2022,ILG,DE,AEA,EN,Towers with Radar,2,12,28,3,45,0,1,27,8,36,2,13,55,11,81,2,0,2,83
11/05/2022,ILG,DE,AEA,EN,Towers with Radar,0,4,9,2,15,0,4,18,26,48,0,8,27,28,63,17,8,25,88
11/06/2022,ILG,DE,AEA,EN,Towers with Radar,7,10,25,4,46,0,0,11,22,33,7,10,36,26,79,1,0,1,80
11/07/2022,ILG,DE,AEA,EN,Towers with Radar,0,11,24,0,35,0,0,42,1,43,0,11,66,1,78,97,0,97,175
11/08/2022,ILG,DE,AEA,EN,Towers with Radar,0,12,26,0,38,0,1,49,10,60,0,13,75,10,98,43,0,43,141
11/09/2022,ILG,DE,AEA,EN,Towers with Radar,0,12,33,1,46,0,0,62,13,75,0,12,95,14,121,141,0,141,262
11/10/2022,ILG,DE,AEA,EN,Towers with Radar,0,4,31,0,35,0,2,79,6,87,0,6,110,6,122,129,4,133,255
11/11/2022,ILG,DE,AEA,EN,Towers with Radar,0,14,23,0,37,0,0,1,0,1,0,14,24,0,38,0,0,0,38
11/12/2022,ILG,DE,AEA,EN,Towers with Radar,0,8,15,0,23,0,2,39,2,43,0,10,54,2,66,4,0,4,70
11/13/2022,ILG,DE,AEA,EN,Towers with Radar,0,9,38,0,47,0,0,17,0,17,0,9,55,0,64,8,0,8,72
11/14/2022,ILG,DE,AEA,EN,Towers with Radar,0,10,66,0,76,0,0,48,0,48,0,10,114,0,124,43,0,43,167
11/15/2022,ILG,DE,AEA,EN,Towers with Radar,0,14,38,6,58,0,0,34,9,43,0,14,72,15,101,16,4,20,121
11/16/2022,ILG,DE,AEA,EN,Towers with Radar,0,18,18,10,46,0,0,6,16,22,0,18,24,26,68,2,18,20,88
11/17/2022,ILG,DE,AEA,EN,Towers with Radar,0,9,37,4,50,0,2,29,10,41,0,11,66,14,91,8,0,8,99
11/18/2022,ILG,DE,AEA,EN,Towers with Radar,0,5,32,0,37,0,0,37,4,41,0,5,69,4,78,12,4,16,94
11/19/2022,ILG,DE,AEA,EN,Towers with Radar,0,13,20,0,33,0,3,36,0,39,0,16,56,0,72,72,0,72,144
11/20/2022,ILG,DE,AEA,EN,Towers with Radar,0,13,33,0,46,0,0,10,0,10,0,13,43,0,56,0,0,0,56
11/21/2022,ILG,DE,AEA,EN,Towers with Radar,0,16,43,2,61,0,0,53,9,62,0,16,96,11,123,93,0,93,216
11/22/2022,ILG,DE,AEA,EN,Towers with Radar,0,18,67,0,85,0,0,59,8,67,0,18,126,8,152,62,0,62,214
11/23/2022,ILG,DE,AEA,EN,Towers with Radar,0,22,57,0,79,0,1,82,1,84,0,23,139,1,163,40,0,40,203
11/24/2022,ILG,DE,AEA,EN,Towers with Radar,0,3,13,0,16,0,0,15,0,15,0,3,28,0,31,3,0,3,34
11/25/2022,ILG,DE,AEA,EN,Towers with Radar,0,3,8,0,11,0,1,20,0,21,0,4,28,0,32,28,0,28,60
11/26/2022,ILG,DE,AEA,EN,Towers with Radar,0,5,20,0,25,0,0,46,0,46,0,5,66,0,71,30,0,30,101
11/27/2022,ILG,DE,AEA,EN,Towers with Radar,0,13,64,3,80,0,0,6,0,6,0,13,70,3,86,0,0,0,86
11/28/2022,ILG,DE,AEA,EN,Towers with Radar,0,10,24,0,34,0,1,33,0,34,0,11,57,0,68,4,0,4,72
11/29/2022,ILG,DE,AEA,EN,Towers with Radar,0,16,27,3,46,0,0,82,14,96,0,16,109,17,142,75,4,79,221
11/30/2022,ILG,DE,AEA,EN,Towers with Radar,0,11,24,2,37,0,0,4,0,4,0,11,28,2,41,0,0,0,41
12/01/2022,ILG,DE,AEA,EN,Towers with Radar,0,6,33,2,41,0,1,43,17,61,0,7,76,19,102,18,6,24,126
12/02/2022,ILG,DE,AEA,EN,Towers with Radar,2,14,32,0,48,0,4,63,4,71,2,18,95,4,119,54,0,54,173
12/03/2022,ILG,DE,AEA,EN,Towers with Radar,0,8,6,0,14,0,0,14,0,14,0,8,20,0,28,30,0,30,58
12/04/2022,ILG,DE,AEA,EN,Towers with Radar,0,11,51,2,64,0,0,78,2,80,0,11,129,4,144,8,2,10,154
12/05/2022,ILG,DE,AEA,EN,Towers with Radar,0,8,24,1,33,0,1,60,0,61,0,9,84,1,94,18,0,18,112
12/06/2022,ILG,DE,AEA,EN,Towers with Radar,0,7,18,0,25,0,0,0,0,0,0,7,18,0,25,0,0,0,25
12/07/2022,ILG,DE,AEA,EN,Towers with Radar,0,15,16,0,31,0,0,0,0,0,0,15,16,0,31,0,0,0,31
12/08/2022,ILG,DE,AEA,EN,Towers with Radar,0,15,67,3,85,0,0,38,21,59,0,15,105,24,144,35,16,51,195
12/09/2022,ILG,DE,AEA,EN,Towers with Radar,0,9,43,0,52,0,1,86,4,91,0,10,129,4,143,40,0,40,183
12/10/2022,ILG,DE,AEA,EN,Towers with Radar,0,12,15,0,27,0,1,34,0,35,0,13,49,0,62,56,0,56,118
12/11/2022,ILG,DE,AEA,EN,Towers with Radar,0,4,23,0,27,0,0,3,0,3,0,4,26,0,30,0,0,0,30
12/12/2022,ILG,DE,AEA,EN,Towers with Radar,0,11,31,2,44,0,1,44,8,53,0,12,75,10,97,26,23,49,146
12/13/2022,ILG,DE,AEA,EN,Towers with Radar,0,7,59,12,78,0,1,73,24,98,0,8,132,36,176,65,17,82,258
12/14/2022,ILG,DE,AEA,EN,Towers with Radar,0,5,39,6,50,0,6,71,17,94,0,11,110,23,144,46,4,50,194
12/15/2022,ILG,DE,AEA,EN,Towers with Radar,0,6,20,1,27,0,0,0,0,0,0,6,20,1,27,0,0,0,27
12/16/2022,ILG,DE,AEA,EN,Towers with Radar,0,8,30,3,41,0,0,3,8,11,0,8,33,11,52,0,0,0,52
12/17/2022,ILG,DE,AEA,EN,Towers with Radar,0,2,7,1,10,0,0,2,4,6,0,2,9,5,16,0,0,0,16
12/18/2022,ILG,DE,AEA,EN,Towers with Radar,0,6,13,1,20,0,0,4,1,5,0,6,17,2,25,0,0,0,25
12/19/2022,ILG,DE,AEA,EN,Towers with Radar,0,5,27,2,34,0,1,35,22,58,0,6,62,24,92,13,7,20,112
12/20/2022,ILG,DE,AEA,EN,Towers with Radar,0,6,28,2,36,0,6,55,13,74,0,12,83,15,110,44,8,52,162
12/21/2022,ILG,DE,AEA,EN,Towers with Radar,0,13,64,3,80,0,0,58,28,86,0,13,122,31,166,41,4,45,211
12/22/2022,ILG,DE,AEA,EN,Towers with Radar,0,10,14,0,24,0,0,3,2,5,0,10,17,2,29,0,0,0,29
12/23/2022,ILG,DE,AEA,EN,Towers with Radar,0,4,8,1,13,0,1,0,0,1,0,5,8,1,14,0,0,0,14
12/24/2022,ILG,DE,AEA,EN,Towers with Radar,0,12,10,0,22,0,0,7,0,7,0,12,17,0,29,10,0,10,39
12/25/2022,ILG,DE,AEA,EN,Towers with Radar,0,4,6,0,10,0,0,0,0,0,0,4,6,0,10,0,0,0,10
12/26/2022,ILG,DE,AEA,EN,Towers with Radar,0,26,50,0,76,0,0,61,0,61,0,26,111,0,137,37,0,37,174
12/27/2022,ILG,DE,AEA,EN,Towers with Radar,0,26,70,3,99,0,0,30,5,35,0,26,100,8,134,39,0,39,173
12/28/2022,ILG,DE,AEA,EN,Towers with Radar,0,15,24,0,39,0,0,67,3,70,0,15,91,3,109,27,6,33,142
12/29/2022,ILG,DE,AEA,EN,Towers with Radar,0,8,18,0,26,0,0,68,4,72,0,8,86,4,98,40,8,48,146
12/30/2022,ILG,DE,AEA,EN,Towers with Radar,0,4,17,1,22,0,0,75,2,77,0,4,92,3,99,52,0,52,151
12/31/2022,ILG,DE,AEA,EN,Towers with Radar,0,7,2,0,9,0,0,0,0,0,0,7,2,0,9,0,0,0,9
01/01/2023,ILG,DE,AEA,EN,Towers with Radar,0,10,24,0,34,0,0,11,0,11,0,10,35,0,45,0,0,0,45
01/02/2023,ILG,DE,AEA,EN,Towers with Radar,0,11,34,0,45,0,0,61,0,61,0,11,95,0,106,66,0,66,172
01/03/2023,ILG,DE,AEA,EN,Towers with Radar,0,7,27,3,37,0,0,2,7,9,0,7,29,10,46,6,0,6,52
01/04/2023,ILG,DE,AEA,EN,Towers with Radar,0,6,17,2,25,0,0,16,2,18,0,6,33,4,43,48,0,48,91
01/05/2023,ILG,DE,AEA,EN,Towers with Radar,0,7,32,4,43,0,0,34,18,52,0,7,66,22,95,55,22,77,172
01/06/2023,ILG,DE,AEA,EN,Towers with Radar,0,13,32,4,49,0,0,26,11,37,0,13,58,15,86,16,0,16,102
01/07/2023,ILG,DE,AEA,EN,Towers with Radar,0,6,10,0,16,0,1,3,2,6,0,7,13,2,22,0,0,0,22
01/08/2023,ILG,DE,AEA,EN,Towers with Radar,0,4,25,2,31,0,1,24,14,39,0,5,49,16,70,43,0,43,113
01/09/2023,ILG,DE,AEA,EN,Towers with Radar,0,5,18,2,25,0,0,35,0,35,0,5,53,2,60,48,0,48,108
01/10/2023,ILG,DE,AEA,EN,Towers with Radar,0,7,28,6,41,0,0,67,10,77,0,7,95,16,118,22,12,34,152
01/11/2023,ILG,DE,AEA,EN,Towers with Radar,0,8,32,7,47,0,0,63,24,87,0,8,95,31,134,59,8,67,201
01/12/2023,ILG,DE,AEA,EN,Towers with Radar,0,13,24,4,41,0,1,9,11,21,0,14,33,15,62,20,20,40,102
01/13/2023,ILG,DE,AEA,EN,Towers with Radar,0,6,46,10,62,0,0,16,3,19,0,6,62,13,81,12,0,12,93
01/14/2023,ILG,DE,AEA,EN,Towers with Radar,0,2,14,0,16,0,0,1,2,3,0,2,15,2,19,0,0,0,19
01/15/2023,ILG,DE,AEA,EN,Towers with Radar,0,2,6,4,12,0,0,8,0,8,0,2,14,4,20,6,0,6,26
01/16/2023,ILG,DE,AEA,EN,Towers with Radar,0,3,22,1,26,0,0,22,12,34,0,3,44,13,60,36,0,36,96
01/17/2023,ILG,DE,AEA,EN,Towers with Radar,0,5,39,11,55,0,0,32,19,51,0,5,71,30,106,60,2,62,168
01/18/2023,ILG,DE,AEA,EN,Towers with Radar,0,7,25,7,39,0,1,39,20,60,0,8,64,27,99,25,16,41,140
01/19/2023,ILG,DE,AEA,EN,Towers with Radar,0,8,26,2,36,0,0,2,3,5,0,8,28,5,41,0,14,14,55
01/20/2023,ILG,DE,AEA,EN,Towers with Radar,0,7,41,0,48,0,2,43,0,45,0,9,84,0,93,61,0,61,154
01/21/2023,ILG,DE,AEA,EN,Towers with Radar,0,2,27,0,29,0,0,69,0,69,0,2,96,0,98,80,0,80,178
01/22/2023,ILG,DE,AEA,EN,Towers with Radar,0,11,34,0,45,0,1,27,0,28,0,12,61,0,73,6,0,6,79
01/23/2023,ILG,DE,AEA,EN,Towers with Radar,0,2,11,2,15,0,0,3,2,5,0,2,14,4,20,26,12,38,58
01/24/2023,ILG,DE,AEA,EN,Towers with Radar,0,17,53,4,74,0,0,57,9,66,0,17,110,13,140,106,10,116,256
01/25/2023,ILG,DE,AEA,EN,Towers with Radar,0,8,9,4,21,0,0,8,4,12,0,8,17,8,33,66,0,66,99
01/26/2023,ILG,DE,AEA,EN,Towers with Radar,0,13,25,4,42,0,0,23,14,37,0,13,48,18,79,30,19,49,128
01/27/2023,ILG,DE,AEA,EN,Towers with Radar,0,8,55,0,63,0,1,86,2,89,0,9,141,2,152,117,0,117,269
01/28/2023,ILG,DE,AEA,EN,Towers with Radar,0,12,30,0,42,0,0,57,8,65,0,12,87,8,107,34,0,34,141
01/29/2023,ILG,DE,AEA,EN,Towers with Radar,0,1,7,1,9,0,1,14,7,22,0,2,21,8,31,4,0,4,35
01/30/2023,ILG,DE,AEA,EN,Towers with Radar,1,1,32,2,36,0,0,30,12,42,1,1,62,14,78,28,4,32,110
01/31/2023,ILG,DE,AEA,EN,Towers with Radar,0,9,9,4,22,0,0,6,0,6,0,9,15,4,28,8,46,54,82
02/01/2023,ILG,DE,AEA,EN,Towers with Radar,2,10,18,3,33,0,0,42,12,54,2,10,60,15,87,40,7,47,134
02/02/2023,ILG,DE,AEA,EN,Towers with Radar,4,4,19,9,36,0,0,51,30,81,4,4,70,39,117,85,12,97,214
02/03/2023,ILG,DE,AEA,EN,Towers with Radar,7,23,27,6,63,0,0,9,8,17,7,23,36,14,80,21,2,23,103
02/04/2023,ILG,DE,AEA,EN,Towers with Radar,6,10,23,11,50,0,1,27,6,34,6,11,50,17,84,31,8,39,123
02/05/2023,ILG,DE,AEA,EN,Towers with Radar,4,3,20,1,28,0,0,16,12,28,4,3,36,13,56,12,0,12,68
02/06/2023,ILG,DE,AEA,EN,Towers with Radar,4,3,22,0,29,0,0,40,0,40,4,3,62,0,69,42,0,42,111
02/07/2023,ILG,DE,AEA,EN,Towers with Radar,1,6,37,3,47,0,0,61,15,76,1,6,98,18,123,88,14,102,225
02/08/2023,ILG,DE,AEA,EN,Towers with Radar,3,7,33,3,46,0,0,54,11,65,3,7,87,14,111,128,9,137,248
02/09/2023,ILG,DE,AEA,EN,Towers with Radar,5,9,33,5,52,0,0,31,11,42,5,9,64,16,94,23,5,28,122
02/10/2023,ILG,DE,AEA,EN,Towers with Radar,7,29,44,0,80,0,0,30,8,38,7,29,74,8,118,21,0,21,139
02/11/2023,ILG,DE,AEA,EN,Towers with Radar,8,20,49,0,77,0,1,58,4,63,8,21,107,4,140,90,0,90,230
02/12/2023,ILG,DE,AEA,EN,Towers with Radar,4,8,16,0,28,0,0,22,0,22,4,8,38,0,50,20,0,20,70
02/13/2023,ILG,DE,AEA,EN,Towers with Radar,6,12,27,2,47,0,0,31,3,34,6,12,58,5,81,59,16,75,156
02/14/2023,ILG,DE,AEA,EN,Towers with Radar,2,20,35,5,62,0,0,64,14,78,2,20,99,19,140,33,14,47,187
02/15/2023,ILG,DE,AEA,EN,Towers with Radar,2,13,12,3,30,0,1,47,11,59,2,14,59,14,89,20,7,27,116
02/16/2023,ILG,DE,AEA,EN,Towers with Radar,4,14,35,19,72,0,0,15,3,18,4,14,50,22,90,20,3,23,113
02/17/2023,ILG,DE,AEA,EN,Towers with Radar,7,13,39,0,59,0,0,3,0,3,7,13,42,0,62,0,0,0,62
02/18/2023,ILG,DE,AEA,EN,Towers with Radar,7,10,18,2,37,0,0,55,4,59,7,10,73,6,96,37,0,37,133
02/19/2023,ILG,DE,AEA,EN,Towers with Radar,4,7,16,0,27,0,0,24,0,24,4,7,40,0,51,8,0,8,59
02/20/2023,ILG,DE,AEA,EN,Towers with Radar,4,16,37,0,57,0,0,73,0,73,4,16,110,0,130,126,0,126,256
02/21/2023,ILG,DE,AEA,EN,Towers with Radar,0,13,27,2,42,0,0,16,6,22,0,13,43,8,64,26,2,28,92
02/22/2023,ILG,DE,AEA,EN,Towers with Radar,2,9,17,6,34,0,1,35,4,40,2,10,52,10,74,71,16,87,161
02/23/2023,ILG,DE,AEA,EN,Towers with Radar,4,10,30,1,45,0,2,42,8,52,4,12,72,9,97,44,12,56,153
02/24/2023,ILG,DE,AEA,EN,Towers with Radar,8,10,18,0,36,0,0,18,14,32,8,10,36,14,68,2,0,2,70
02/25/2023,ILG,DE,AEA,EN,Towers with Radar,7,10,10,0,27,0,1,2,8,11,7,11,12,8,38,0,0,0,38
02/26/2023,ILG,DE,AEA,EN,Towers with Radar,5,1,6,0,12,0,2,4,4,10,5,3,10,4,22,0,0,0,22
02/27/2023,ILG,DE,AEA,EN,Towers with Radar,7,11,23,4,45,0,2,29,11,42,7,13,52,15,87,66,4,70,157
02/28/2023,ILG,DE,AEA,EN,Towers with Radar,0,10,24,5,39,0,0,12,12,24,0,10,36,17,63,2,6,8,71
03/01/2023,ILG,DE,AEA,EN,Towers with Radar,4,18,41,1,64,0,8,61,21,90,4,26,102,22,154,53,1,54,208
03/02/2023,ILG,DE,AEA,EN,Towers with Radar,3,15,33,2,53,0,0,31,15,46,3,15,64,17,99,20,4,24,123
03/03/2023,ILG,DE,AEA,EN,Towers with Radar,7,15,19,4,45,0,0,25,2,27,7,15,44,6,72,53,0,53,125
03/04/2023,ILG,DE,AEA,EN,Towers with Radar,4,1,6,0,11,0,0,3,13,16,4,1,9,13,27,0,0,0,27
03/05/2023,ILG,DE,AEA,EN,Towers with Radar,5,9,15,6,35,0,2,19,20,41,5,11,34,26,76,24,2,26,102
03/06/2023,ILG,DE,AEA,EN,Towers with Radar,4,10,28,2,44,0,0,66,4,70,4,10,94,6,114,73,0,73,187
03/07/2023,ILG,DE,AEA,EN,Towers with Radar,0,16,23,1,40,0,0,18,8,26,0,16,41,9,66,4,11,15,81
03/08/2023,ILG,DE,AEA,EN,Towers with Radar,3,11,28,3,45,0,2,43,22,67,3,13,71,25,112,4,14,18,130
03/09/2023,ILG,DE,AEA,EN,Towers with Radar,4,10,36,5,55,0,2,45,16,63,4,12,81,21,118,25,4,29,147
03/10/2023,ILG,DE,AEA,EN,Towers with Radar,4,6,17,4,31,0,0,13,6,19,4,6,30,10,50,64,8,72,122
03/11/2023,ILG,DE,AEA,EN,Towers with Radar,8,2,4,0,14,0,0,1,0,1,8,2,5,0,15,0,0,0,15
03/12/2023,ILG,DE,AEA,EN,Towers with Radar,5,1,8,3,17,0,0,2,3,5,5,1,10,6,22,0,0,0,22
03/13/2023,ILG,DE,AEA,EN,Towers with Radar,4,13,21,4,42,0,0,2,1,3,4,13,23,5,45,0,10,10,55
03/14/2023,ILG,DE,AEA,EN,Towers with Radar,0,13,10,0,23,0,0,6,5,11,0,13,16,5,34,0,0,0,34
03/15/2023,ILG,DE,AEA,EN,Towers with Radar,4,10,7,5,26,0,1,4,9,14,4,11,11,14,40,8,2,10,50
03/16/2023,ILG,DE,AEA,EN,Towers with Radar,4,6,41,2,53,0,0,86,12,98,4,6,127,14,151,57,15,72,223
03/17/2023,ILG,DE,AEA,EN,Towers with Radar,8,17,36,4,65,0,1,61,15,77,8,18,97,19,142,100,0,100,242
03/18/2023,ILG,DE,AEA,EN,Towers with Radar,8,12,2,0,22,0,2,1,3,6,8,14,3,3,28,0,0,0,28
03/19/2023,ILG,DE,AEA,EN,Towers with Radar,4,4,9,0,17,0,1,7,8,16,4,5,16,8,33,0,0,0,33
03/20/2023,ILG,DE,AEA,EN,Towers with Radar,4,6,17,1,28,0,0,66,9,75,4,6,83,10,103,119,14,133,236
03/21/2023,ILG,DE,AEA,EN,Towers with Radar,0,6,35,2,43,0,0,86,14,100,0,6,121,16,143,114,16,130,273
03/22/2023,ILG,DE,AEA,EN,Towers with Radar,3,8,45,0,56,0,1,55,16,72,3,9,100,16,128,62,25,87,215
03/23/2023,ILG,DE,AEA,EN,Towers with Radar,4,5,15,2,26,0,0,11,16,27,4,5,26,18,53,0,2,2,55
03/24/2023,ILG,DE,AEA,EN,Towers with Radar,4,14,24,1,43,0,0,9,3,12,4,14,33,4,55,16,16,32,87
03/25/2023,ILG,DE,AEA,EN,Towers with Radar,4,1,7,0,12,0,0,0,0,0,4,1,7,0,12,0,0,0,12
03/26/2023,ILG,DE,AEA,EN,Towers with Radar,6,1,8,0,15,0,2,1,20,23,6,3,9,20,38,0,0,0,38
03/27/2023,ILG,DE,AEA,EN,Towers with Radar,4,8,26,2,40,0,1,44,0,45,4,9,70,2,85,72,0,72,157
03/28/2023,ILG,DE,AEA,EN,Towers with Radar,0,15,26,2,43,0,0,31,25,56,0,15,57,27,99,42,21,63,162
03/29/2023,ILG,DE,AEA,EN,Towers with Radar,6,14,18,5,43,0,5,45,27,77,6,19,63,32,120,73,13,86,206
03/30/2023,ILG,DE,AEA,EN,Towers with Radar,4,9,46,7,66,0,3,55,16,74,4,12,101,23,140,35,12,47,187
03/31/2023,ILG,DE,AEA,EN,Towers with Radar,8,7,30,0,45,0,1,29,22,52,8,8,59,22,97,72,0,72,169
04/01/2023,ILG,DE,AEA,EN,Towers with Radar,24,6,6,0,36,0,1,0,2,3,24,7,6,2,39,0,0,0,39
04/02/2023,ILG,DE,AEA,EN,Towers with Radar,4,2,9,4,19,0,0,2,22,24,4,2,11,26,43,0,0,0,43
04/03/2023,ILG,DE,AEA,EN,Towers with Radar,6,8,15,2,31,0,0,35,5,40,6,8,50,7,71,47,0,47,118
04/04/2023,ILG,DE,AEA,EN,Towers with Radar,1,8,28,7,44,0,2,64,20,86,1,10,92,27,130,71,29,100,230
04/05/2023,ILG,DE,AEA,EN,Towers with Radar,4,19,36,3,62,0,0,42,14,56,4,19,78,17,118,46,10,56,174
04/06/2023,ILG,DE,AEA,EN,Towers with Radar,4,13,30,1,48,0,0,38,12,50,4,13,68,13,98,77,0,77,175
04/07/2023,ILG,DE,AEA,EN,Towers with Radar,7,8,17,0,32,0,2,48,6,56,7,10,65,6,88,110,4,114,202
04/08/2023,ILG,DE,AEA,EN,Towers with Radar,8,14,26,0,48,0,2,63,0,65,8,16,89,0,113,57,0,57,170
04/09/2023,ILG,DE,AEA,EN,Towers with Radar,4,7,13,0,24,0,10,30,0,40,4,17,43,0,64,74,0,74,138
04/10/2023,ILG,DE,AEA,EN,Towers with Radar,4,15,33,4,56,0,0,55,0,55,4,15,88,4,111,84,0,84,195
04/11/2023,ILG,DE,AEA,EN,Towers with Radar,0,13,25,0,38,0,0,65,21,86,0,13,90,21,124,125,17,142,266
04/12/2023,ILG,DE,AEA,EN,Towers with Radar,3,9,20,1,33,0,0,60,18,78,3,9,80,19,111,57,9,66,177
04/13/2023,ILG,DE,AEA,EN,Towers with Radar,1,9,16,7,33,0,2,53,17,72,1,11,69,24,105,98,28,126,231
04/14/2023,ILG,DE,AEA,EN,Towers with Radar,8,12,34,2,56,0,0,59,9,68,8,12,93,11,124,64,0,64,188
04/15/2023,ILG,DE,AEA,EN,Towers with Radar,16,4,15,0,35,0,0,2,0,2,16,4,17,0,37,0,0,0,37
04/16/2023,ILG,DE,AEA,EN,Towers with Radar,8,6,21,2,37,0,0,24,0,24,8,6,45,2,61,6,0,6,67
04/17/2023,ILG,DE,AEA,EN,Towers with Radar,12,8,25,0,45,0,0,29,2,31,12,8,54,2,76,44,0,44,120
04/18/2023,ILG,DE,AEA,EN,Towers with Radar,0,9,23,1,33,0,2,42,19,63,0,11,65,20,96,36,16,52,148
04/19/2023,ILG,DE,AEA,EN,Towers with Radar,3,17,50,7,77,0,0,45,14,59,3,17,95,21,136,44,9,53,189
04/20/2023,ILG,DE,AEA,EN,Towers with Radar,4,14,35,5,58,0,1,88,9,98,4,15,123,14,156,65,0,65,221
04/21/2023,ILG,DE,AEA,EN,Towers with Radar,4,16,37,1,58,0,0,61,5,66,4,16,98,6,124,105,0,105,229
04/22/2023,ILG,DE,AEA,EN,Towers with Radar,7,10,33,0,50,0,0,27,0,27,7,10,60,0,77,21,0,21,98
04/23/2023,ILG,DE,AEA,EN,Towers with Radar,4,17,18,0,39,0,0,32,2,34,4,17,50,2,73,24,0,24,97
04/24/2023,ILG,DE,AEA,EN,Towers with Radar,4,10,25,0,39,0,0,51,0,51,4,10,76,0,90,65,0,65,155
04/25/2023,ILG,DE,AEA,EN,Towers with Radar,0,15,28,4,47,0,0,75,15,90,0,15,103,19,137,66,6,72,209
04/26/2023,ILG,DE,AEA,EN,Towers with Radar,2,8,23,2,35,0,0,25,9,34,2,8,48,11,69,2,20,22,91
04/27/2023,ILG,DE,AEA,EN,Towers with Radar,4,17,51,0,72,0,0,22,8,30,4,17,73,8,102,37,12,49,151
04/28/2023,ILG,DE,AEA,EN,Towers with Radar,7,31,43,2,83,0,1,0,0,1,7,32,43,2,84,0,0,0,84
04/29/2023,ILG,DE,AEA,EN,Towers with Radar,2,11,23,2,38,0,0,3,0,3,2,11,26,2,41,12,0,12,53
04/30/2023,ILG,DE,AEA,EN,Towers with Radar,4,8,19,1,32,0,0,0,0,0,4,8,19,1,32,0,0,0,32
05/01/2023,ILG,DE,AEA,EN,Towers with Radar,4,11,25,3,43,0,0,27,3,30,4,11,52,6,73,55,10,65,138
05/02/2023,ILG,DE,AEA,EN,Towers with Radar,0,10,14,3,27,0,0,44,5,49,0,10,58,8,76,92,12,104,180
05/03/2023,ILG,DE,AEA,EN,Towers with Radar,5,6,18,6,35,0,1,36,2,39,5,7,54,8,74,22,10,32,106
05/04/2023,ILG,DE,AEA,EN,Towers with Radar,5,16,36,3,60,0,2,82,2,86,5,18,118,5,146,73,0,73,219
05/05/2023,ILG,DE,AEA,EN,Towers with Radar,7,12,21,0,40,0,3,51,0,54,7,15,72,0,94,52,0,52,146
05/06/2023,ILG,DE,AEA,EN,Towers with Radar,8,4,30,3,45,0,3,65,10,78,8,7,95,13,123,16,15,31,154
05/07/2023,ILG,DE,AEA,EN,Towers with Radar,4,7,8,2,21,0,3,28,2,33,4,10,36,4,54,14,14,28,82
05/08/2023,ILG,DE,AEA,EN,Towers with Radar,5,8,35,2,50,0,0,54,1,55,5,8,89,3,105,35,0,35,140
05/09/2023,ILG,DE,AEA,EN,Towers with Radar,0,17,16,7,40,0,2,40,18,60,0,19,56,25,100,36,27,63,163
05/10/2023,ILG,DE,AEA,EN,Towers with Radar,5,8,31,6,50,0,0,78,12,90,5,8,109,18,140,82,22,104,244
05/11/2023,ILG,DE,AEA,EN,Towers with Radar,5,9,29,7,50,0,1,65,19,85,5,10,94,26,135,64,12,76,211
05/12/2023,ILG,DE,AEA,EN,Towers with Radar,4,7,19,0,30,0,0,61,6,67,4,7,80,6,97,20,0,20,117
05/13/2023,ILG,DE,AEA,EN,Towers with Radar,4,1,15,0,20,0,3,25,0,28,4,4,40,0,48,12,0,12,60
05/14/2023,ILG,DE,AEA,EN,Towers with Radar,4,9,7,0,20,0,0,22,0,22,4,9,29,0,42,0,0,0,42
05/15/2023,ILG,DE,AEA,EN,Towers with Radar,5,16,32,1,54,0,0,64,2,66,5,16,96,3,120,8,0,8,128
05/16/2023,ILG,DE,AEA,EN,Towers with Radar,0,15,15,2,32,0,5,74,15,94,0,20,89,17,126,37,2,39,165
05/17/2023,ILG,DE,AEA,EN,Towers with Radar,5,7,33,1,46,0,3,51,9,63,5,10,84,10,109,46,26,72,181
05/18/2023,ILG,DE,AEA,EN,Towers with Radar,5,11,25,0,41,0,3,61,27,91,5,14,86,27,132,65,2,67,199
05/19/2023,ILG,DE,AEA,EN,Towers with Radar,5,6,33,1,45,0,0,59,3,62,5,6,92,4,107,62,14,76,183
05/20/2023,ILG,DE,AEA,EN,Towers with Radar,4,2,12,0,18,0,0,3,0,3,4,2,15,0,21,0,0,0,21
05/21/2023,ILG,DE,AEA,EN,Towers with Radar,5,7,18,0,30,0,0,28,1,29,5,7,46,1,59,26,0,26,85
05/22/2023,ILG,DE,AEA,EN,Towers with Radar,4,8,22,1,35,0,0,63,6,69,4,8,85,7,104,154,5,159,263
05/23/2023,ILG,DE,AEA,EN,Towers with Radar,0,2,25,6,33,0,0,76,13,89,0,2,101,19,122,112,4,116,238
05/24/2023,ILG,DE,AEA,EN,Towers with Radar,4,5,17,3,29,0,5,77,17,99,4,10,94,20,128,116,10,126,254
05/25/2023,ILG,DE,AEA,EN,Towers with Radar,5,14,31,3,53,0,3,56,6,65,5,17,87,9,118,82,0,82,200
05/26/2023,ILG,DE,AEA,EN,Towers with Radar,4,9,21,1,35,0,2,69,0,71,4,11,90,1,106,6,0,6,112
05/27/2023,ILG,DE,AEA,EN,Towers with Radar,6,29,22,0,57,0,0,46,7,53,6,29,68,7,110,4,0,4,114
05/28/2023,ILG,DE,AEA,EN,Towers with Radar,4,8,19,2,33,0,0,6,1,7,4,8,25,3,40,0,0,0,40
05/29/2023,ILG,DE,AEA,EN,Towers with Radar,5,5,9,2,21,0,0,4,2,6,5,5,13,4,27,0,0,0,27
05/30/2023,ILG,DE,AEA,EN,Towers with Radar,0,10,23,9,42,0,0,31,21,52,0,10,54,30,94,84,0,84,178
05/31/2023,ILG,DE,AEA,EN,Towers with Radar,8,6,33,8,55,0,0,62,18,80,8,6,95,26,135,133,10,143,278
06/01/2023,ILG,DE,AEA,EN,Towers with Radar,5,9,31,2,47,0,1,45,18,64,5,10,76,20,111,74,36,110,221
06/02/2023,ILG,DE,AEA,EN,Towers with Radar,5,12,22,0,39,0,0,45,1,46,5,12,67,1,85,92,0,92,177
06/03/2023,ILG,DE,AEA,EN,Towers with Radar,7,21,29,0,57,0,0,27,12,39,7,21,56,12,96,26,0,26,122
06/04/2023,ILG,DE,AEA,EN,Towers with Radar,11,22,43,14,90,0,2,58,22,82,11,24,101,36,172,8,2,10,182
06/05/2023,ILG,DE,AEA,EN,Towers with Radar,9,10,31,0,50,0,0,51,2,53,9,10,82,2,103,84,0,84,187
06/06/2023,ILG,DE,AEA,EN,Towers with Radar,1,12,22,8,43,0,2,29,20,51,1,14,51,28,94,98,20,118,212
06/07/2023,ILG,DE,AEA,EN,Towers with Radar,6,20,38,6,70,0,0,6,0,6,6,20,44,6,76,0,0,0,76
06/08/2023,ILG,DE,AEA,EN,Towers with Radar,4,9,49,0,62,0,0,9,1,10,4,9,58,1,72,21,10,31,103
06/09/2023,ILG,DE,AEA,EN,Towers with Radar,7,37,36,2,82,0,1,61,9,71,7,38,97,11,153,40,0,40,193
06/10/2023,ILG,DE,AEA,EN,Towers with Radar,5,22,39,0,66,0,2,41,0,43,5,24,80,0,109,53,0,53,162
06/11/2023,ILG,DE,AEA,EN,Towers with Radar,8,26,32,0,66,0,2,29,0,31,8,28,61,0,97,40,0,40,137
06/12/2023,ILG,DE,AEA,EN,Towers with Radar,3,5,11,0,19,0,0,3,0,3,3,5,14,0,22,0,0,0,22
06/13/2023,ILG,DE,AEA,EN,Towers with Radar,0,12,17,1,30,0,0,66,19,85,0,12,83,20,115,38,6,44,159
06/14/2023,ILG,DE,AEA,EN,Towers with Radar,5,10,32,1,48,0,1,26,32,59,5,11,58,33,107,45,12,57,164
06/15/2023,ILG,DE,AEA,EN,Towers with Radar,4,22,25,2,53,0,2,51,23,76,4,24,76,25,129,78,11,89,218
06/16/2023,ILG,DE,AEA,EN,Towers with Radar,4,10,18,0,32,0,2,12,4,18,4,12,30,4,50,46,4,50,100
06/17/2023,ILG,DE,AEA,EN,Towers with Radar,4,7,20,0,31,0,3,13,0,16,4,10,33,0,47,18,0,18,65
06/18/2023,ILG,DE,AEA,EN,Towers with Radar,8,23,38,0,69,0,2,43,1,46,8,25,81,1,115,22,0,22,137
06/19/2023,ILG,DE,AEA,EN,Towers with Radar,4,10,25,0,39,0,2,60,0,62,4,12,85,0,101,106,0,106,207
06/20/2023,ILG,DE,AEA,EN,Towers with Radar,2,9,43,6,60,0,0,59,14,73,2,9,102,20,133,80,6,86,219
06/21/2023,ILG,DE,AEA,EN,Towers with Radar,5,9,27,6,47,0,0,9,0,9,5,9,36,6,56,0,34,34,90
06/22/2023,ILG,DE,AEA,EN,Towers with Radar,11,7,35,4,57,0,0,1,0,1,11,7,36,4,58,0,22,22,80
06/23/2023,ILG,DE,AEA,EN,Towers with Radar,21,19,46,0,86,0,0,0,0,0,21,19,46,0,86,0,0,0,86
06/24/2023,ILG,DE,AEA,EN,Towers with Radar,10,26,20,0,56,0,0,2,0,2,10,26,22,0,58,6,0,6,64
06/25/2023,ILG,DE,AEA,EN,Towers with Radar,24,34,37,0,95,0,0,29,0,29,24,34,66,0,124,16,0,16,140
06/26/2023,ILG,DE,AEA,EN,Towers with Radar,10,9,22,1,42,0,0,16,6,22,10,9,38,7,64,38,64,102,166
06/27/2023,ILG,DE,AEA,EN,Towers with Radar,3,11,29,6,49,0,0,19,8,27,3,11,48,14,76,51,0,51,127
06/28/2023,ILG,DE,AEA,EN,Towers with Radar,6,12,71,3,92,0,0,57,22,79,6,12,128,25,171,131,20,151,322
06/29/2023,ILG,DE,AEA,EN,Towers with Radar,9,17,82,2,110,0,0,1,0,1,9,17,83,2,111,0,0,0,111
06/30/2023,ILG,DE,AEA,EN,Towers with Radar,12,12,37,2,63,0,0,24,5,29,12,12,61,7,92,8,0,8,100
07/01/2023,ILG,DE,AEA,EN,Towers with Radar,13,15,31,2,61,0,0,23,0,23,13,15,54,2,84,18,0,18,102
07/02/2023,ILG,DE,AEA,EN,Towers with Radar,12,3,11,0,26,0,0,12,0,12,12,3,23,0,38,2,0,2,40
07/03/2023,ILG,DE,AEA,EN,Towers with Radar,12,4,23,0,39,0,0,34,0,34,12,4,57,0,73,48,0,48,121
07/04/2023,ILG,DE,AEA,EN,Towers with Radar,2,3,8,0,13,0,0,9,0,9,2,3,17,0,22,0,0,0,22
07/05/2023,ILG,DE,AEA,EN,Towers with Radar,6,14,12,5,37,0,1,68,16,85,6,15,80,21,122,57,2,59,181
07/06/2023,ILG,DE,AEA,EN,Towers with Radar,13,11,13,7,44,0,0,54,17,71,13,11,67,24,115,94,20,114,229
07/07/2023,ILG,DE,AEA,EN,Towers with Radar,10,7,29,6,52,0,0,35,3,38,10,7,64,9,90,65,10,75,165
07/08/2023,ILG,DE,AEA,EN,Towers with Radar,12,21,22,0,55,0,3,34,2,39,12,24,56,2,94,88,0,88,182
07/09/2023,ILG,DE,AEA,EN,Towers with Radar,24,15,36,2,77,0,0,3,0,3,24,15,39,2,80,0,0,0,80
07/10/2023,ILG,DE,AEA,EN,Towers with Radar,12,8,24,5,49,0,0,66,2,68,12,8,90,7,117,91,0,91,208
07/11/2023,ILG,DE,AEA,EN,Towers with Radar,2,5,31,3,41,0,2,86,22,110,2,7,117,25,151,102,14,116,267
07/12/2023,ILG,DE,AEA,EN,Towers with Radar,6,14,23,5,48,2,0,86,17,105,8,14,109,22,153,68,38,106,259
07/13/2023,ILG,DE,AEA,EN,Towers with Radar,12,5,23,2,42,0,1,64,21,86,12,6,87,23,128,86,4,90,218
07/14/2023,ILG,DE,AEA,EN,Towers with Radar,10,9,22,0,41,0,0,27,1,28,10,9,49,1,69,16,0,16,85
07/15/2023,ILG,DE,AEA,EN,Towers with Radar,4,9,13,0,26,0,0,41,0,41,4,9,54,0,67,36,0,36,103
07/16/2023,ILG,DE,AEA,EN,Towers with Radar,22,12,39,0,73,0,0,4,0,4,22,12,43,0,77,14,0,14,91
07/17/2023,ILG,DE,AEA,EN,Towers with Radar,10,8,29,1,48,0,0,44,3,47,10,8,73,4,95,31,12,43,138
07/18/2023,ILG,DE,AEA,EN,Towers with Radar,2,12,24,2,40,0,0,41,16,57,2,12,65,18,97,124,14,138,235
07/19/2023,ILG,DE,AEA,EN,Towers with Radar,4,18,49,7,78,0,3,12,18,33,4,21,61,25,111,20,24,44,155
07/20/2023,ILG,DE,AEA,EN,Towers with Radar,12,19,44,3,78,0,0,28,18,46,12,19,72,21,124,38,24,62,186
07/21/2023,ILG,DE,AEA,EN,Towers with Radar,10,11,26,3,50,0,0,51,5,56,10,11,77,8,106,64,2,66,172
07/22/2023,ILG,DE,AEA,EN,Towers with Radar,6,12,11,0,29,0,0,47,0,47,6,12,58,0,76,30,0,30,106
07/23/2023,ILG,DE,AEA,EN,Towers with Radar,12,11,22,0,45,0,3,58,0,61,12,14,80,0,106,43,0,43,149
07/24/2023,ILG,DE,AEA,EN,Towers with Radar,10,14,17,5,46,0,0,34,1,35,10,14,51,6,81,110,0,110,191
07/25/2023,ILG,DE,AEA,EN,Towers with Radar,2,11,17,6,36,0,0,20,11,31,2,11,37,17,67,71,34,105,172
07/26/2023,ILG,DE,AEA,EN,Towers with Radar,4,15,19,5,43,0,0,67,11,78,4,15,86,16,121,150,35,185,306
07/27/2023,ILG,DE,AEA,EN,Towers with Radar,12,10,22,1,45,0,0,38,14,52,12,10,60,15,97,115,10,125,222
07/28/2023,ILG,DE,AEA,EN,Towers with Radar,20,26,43,0,89,0,0,49,3,52,20,26,92,3,141,56,4,60,201
07/29/2023,ILG,DE,AEA,EN,Towers with Radar,10,16,32,0,58,0,0,36,0,36,10,16,68,0,94,39,0,39,133
07/30/2023,ILG,DE,AEA,EN,Towers with Radar,23,20,36,0,79,0,0,31,0,31,23,20,67,0,110,88,0,88,198
07/31/2023,ILG,DE,AEA,EN,Towers with Radar,10,16,31,2,59,0,0,54,6,60,10,16,85,8,119,158,8,166,285
08/01/2023,ILG,DE,AEA,EN,Towers with Radar,2,16,20,3,41,0,1,48,8,57,2,17,68,11,98,91,44,135,233
08/02/2023,ILG,DE,AEA,EN,Towers with Radar,3,5,29,4,41,0,1,67,17,85,3,6,96,21,126,112,10,122,248
08/03/2023,ILG,DE,AEA,EN,Towers with Radar,12,10,30,2,54,0,1,44,18,63,12,11,74,20,117,44,10,54,171
08/04/2023,ILG,DE,AEA,EN,Towers with Radar,14,6,25,6,51,0,0,7,2,9,14,6,32,8,60,0,0,0,60
08/05/2023,ILG,DE,AEA,EN,Towers with Radar,12,8,10,5,35,0,0,6,16,22,12,8,16,21,57,0,0,0,57
08/06/2023,ILG,DE,AEA,EN,Towers with Radar,12,4,1,4,21,0,0,5,4,9,12,4,6,8,30,0,0,0,30
08/07/2023,ILG,DE,AEA,EN,Towers with Radar,10,17,25,8,60,0,0,20,3,23,10,17,45,11,83,24,8,32,115
08/08/2023,ILG,DE,AEA,EN,Towers with Radar,2,11,31,1,45,0,1,39,6,46,2,12,70,7,91,52,4,56,147
08/09/2023,ILG,DE,AEA,EN,Towers with Radar,7,11,47,2,67,0,4,80,9,93,7,15,127,11,160,60,6,66,226
08/10/2023,ILG,DE,AEA,EN,Towers with Radar,12,11,25,0,48,0,1,19,4,24,12,12,44,4,72,30,0,30,102
08/11/2023,ILG,DE,AEA,EN,Towers with Radar,15,7,43,0,65,0,0,77,8,85,15,7,120,8,150,153,0,153,303
08/12/2023,ILG,DE,AEA,EN,Towers with Radar,12,30,12,0,54,0,0,50,0,50,12,30,62,0,104,42,0,42,146
08/13/2023,ILG,DE,AEA,EN,Towers with Radar,23,21,38,0,82,0,0,29,0,29,23,21,67,0,111,20,0,20,131
08/14/2023,ILG,DE,AEA,EN,Towers with Radar,10,8,24,4,46,0,2,45,6,53,10,10,69,10,99,40,16,56,155
08/15/2023,ILG,DE,AEA,EN,Towers with Radar,2,16,26,4,48,0,0,28,13,41,2,16,54,17,89,42,20,62,151
08/16/2023,ILG,DE,AEA,EN,Towers with Radar,4,11,56,6,77,0,0,64,10,74,4,11,120,16,151,140,0,140,291
08/17/2023,ILG,DE,AEA,EN,Towers with Radar,12,11,36,5,64,0,0,59,6,65,12,11,95,11,129,132,8,140,269
08/18/2023,ILG,DE,AEA,EN,Towers with Radar,20,37,42,1,100,0,3,41,7,51,20,40,83,8,151,32,0,32,183
08/19/2023,ILG,DE,AEA,EN,Towers with Radar,12,4,17,2,35,0,0,43,5,48,12,4,60,7,83,44,2,46,129
08/20/2023,ILG,DE,AEA,EN,Towers with Radar,22,12,31,4,69,0,2,25,3,30,22,14,56,7,99,6,2,8,107
08/21/2023,ILG,DE,AEA,EN,Towers with Radar,10,11,32,3,56,0,0,45,1,46,10,11,77,4,102,48,0,48,150
08/22/2023,ILG,DE,AEA,EN,Towers with Radar,2,6,22,1,31,0,0,61,9,70,2,6,83,10,101,36,6,42,143
08/23/2023,ILG,DE,AEA,EN,Towers with Radar,4,3,31,3,41,0,2,67,15,84,4,5,98,18,125,56,8,64,189
08/24/2023,ILG,DE,AEA,EN,Towers with Radar,12,14,27,5,58,0,0,31,8,39,12,14,58,13,97,48,20,68,165
08/25/2023,ILG,DE,AEA,EN,Towers with Radar,22,18,31,0,71,0,0,25,2,27,22,18,56,2,98,66,0,66,164
08/26/2023,ILG,DE,AEA,EN,Towers with Radar,12,18,20,0,50,0,1,35,0,36,12,19,55,0,86,47,0,47,133
08/27/2023,ILG,DE,AEA,EN,Towers with Radar,12,12,13,0,37,0,0,44,0,44,12,12,57,0,81,12,0,12,93
08/28/2023,ILG,DE,AEA,EN,Towers with Radar,10,6,35,4,55,0,0,28,6,34,10,6,63,10,89,68,4,72,161
08/29/2023,ILG,DE,AEA,EN,Towers with Radar,0,12,25,11,48,0,0,11,9,20,0,12,36,20,68,48,6,54,122
08/30/2023,ILG,DE,AEA,EN,Towers with Radar,3,13,31,6,53,0,1,25,14,40,3,14,56,20,93,28,10,38,131
08/31/2023,ILG,DE,AEA,EN,Towers with Radar,12,13,26,0,51,0,4,58,8,70,12,17,84,8,121,62,18,80,201
