01/01/2020,ILM,NC,ASO,EN,Combined TRACON& Tower with Radar,25,22,25,0,72,0,3,40,0,43,25,25,65,0,115,29,0,29,144
01/02/2020,ILM,NC,ASO,EN,Combined TRACON& Tower with Radar,28,34,34,0,96,0,0,34,0,34,28,34,68,0,130,40,0,40,170
01/03/2020,ILM,NC,ASO,EN,Combined TRACON& Tower with Radar,28,37,47,34,146,0,0,9,7,16,28,37,56,41,162,4,19,23,185
01/04/2020,ILM,NC,ASO,EN,Combined TRACON& Tower with Radar,26,37,45,0,108,0,0,3,0,3,26,37,48,0,111,2,0,2,113
01/05/2020,ILM,NC,ASO,EN,Combined TRACON& Tower with Radar,28,27,34,6,95,0,1,49,0,50,28,28,83,6,145,20,0,20,165
01/06/2020,ILM,NC,ASO,EN,Combined TRACON& Tower with Radar,24,38,38,14,114,0,0,64,0,64,24,38,102,14,178,56,0,56,234
01/07/2020,ILM,NC,ASO,EN,Combined TRACON& Tower with Radar,24,27,22,12,85,0,0,15,0,15,24,27,37,12,100,4,0,4,104
01/08/2020,ILM,NC,ASO,EN,Combined TRACON& Tower with Radar,24,31,33,26,114,0,0,46,0,46,24,31,79,26,160,68,2,70,230
01/09/2020,ILM,NC,ASO,EN,Combined TRACON& Tower with Radar,27,35,49,33,144,0,1,72,3,76,27,36,121,36,220,37,0,37,257
01/10/2020,ILM,NC,ASO,EN,Combined TRACON& Tower with Radar,25,28,46,57,156,0,1,35,9,45,25,29,81,66,201,54,20,74,275
01/11/2020,ILM,NC,ASO,EN,Combined TRACON& Tower with Radar,23,19,32,13,87,0,0,15,4,19,23,19,47,17,106,9,4,13,119
01/12/2020,ILM,NC,ASO,EN,Combined TRACON& Tower with Radar,25,22,23,4,74,0,0,1,5,6,25,22,24,9,80,16,0,16,96
01/13/2020,ILM,NC,ASO,EN,Combined TRACON& Tower with Radar,25,27,23,2,77,0,0,0,0,0,25,27,23,2,77,0,0,0,77
01/14/2020,ILM,NC,ASO,EN,Combined TRACON& Tower with Radar,23,30,43,62,158,0,0,27,8,35,23,30,70,70,193,40,36,76,269
01/15/2020,ILM,NC,ASO,EN,Combined TRACON& Tower with Radar,24,38,28,37,127,0,0,13,1,14,24,38,41,38,141,2,22,24,165
01/16/2020,ILM,NC,ASO,EN,Combined TRACON& Tower with Radar,26,33,37,28,124,0,0,36,0,36,26,33,73,28,160,77,18,95,255
01/17/2020,ILM,NC,ASO,EN,Combined TRACON& Tower with Radar,25,41,41,18,125,0,0,48,1,49,25,41,89,19,174,18,20,38,212
01/18/2020,ILM,NC,ASO,EN,Combined TRACON& Tower with Radar,17,19,29,3,68,0,0,46,2,48,17,19,75,5,116,50,0,50,166
01/19/2020,ILM,NC,ASO,EN,Combined TRACON& Tower with Radar,24,23,35,0,82,0,0,18,0,18,24,23,53,0,100,10,0,10,110
01/20/2020,ILM,NC,ASO,EN,Combined TRACON& Tower with Radar,25,34,28,10,97,0,1,46,3,50,25,35,74,13,147,60,0,60,207
01/21/2020,ILM,NC,ASO,EN,Combined TRACON& Tower with Radar,23,31,30,36,120,0,1,27,2,30,23,32,57,38,150,62,16,78,228
01/22/2020,ILM,NC,ASO,EN,Combined TRACON& Tower with Radar,24,29,43,8,104,0,0,30,0,30,24,29,73,8,134,30,16,46,180
01/23/2020,ILM,NC,ASO,EN,Combined TRACON& Tower with Radar,25,41,41,68,175,0,1,59,4,64,25,42,100,72,239,38,38,76,315
01/24/2020,ILM,NC,ASO,EN,Combined TRACON& Tower with Radar,27,33,25,17,102,0,0,26,4,30,27,33,51,21,132,30,18,48,180
01/25/2020,ILM,NC,ASO,EN,Combined TRACON& Tower with Radar,21,22,36,20,99,0,0,88,4,92,21,22,124,24,191,54,13,67,258
01/26/2020,ILM,NC,ASO,EN,Combined TRACON& Tower with Radar,27,27,36,8,98,0,0,60,0,60,27,27,96,8,158,48,8,56,214
01/27/2020,ILM,NC,ASO,EN,Combined TRACON& Tower with Radar,24,34,37,21,116,0,2,28,3,33,24,36,65,24,149,46,19,65,214
01/28/2020,ILM,NC,ASO,EN,Combined TRACON& Tower with Radar,23,35,56,31,145,0,1,52,6,59,23,36,108,37,204,38,36,74,278
01/29/2020,ILM,NC,ASO,EN,Combined TRACON& Tower with Radar,24,25,54,63,166,0,0,58,7,65,24,25,112,70,231,48,12,60,291
01/30/2020,ILM,NC,ASO,EN,Combined TRACON& Tower with Radar,25,32,48,22,127,0,0,30,12,42,25,32,78,34,169,51,14,65,234
01/31/2020,ILM,NC,ASO,EN,Combined TRACON& Tower with Radar,25,42,35,20,122,0,2,27,1,30,25,44,62,21,152,6,8,14,166
02/01/2020,ILM,NC,ASO,EN,Combined TRACON& Tower with Radar,20,23,22,3,68,0,0,0,0,0,20,23,22,3,68,0,0,0,68
02/02/2020,ILM,NC,ASO,EN,Combined TRACON& Tower with Radar,25,22,24,0,71,0,0,51,1,52,25,22,75,1,123,100,0,100,223
02/03/2020,ILM,NC,ASO,EN,Combined TRACON& Tower with Radar,25,30,51,18,124,0,0,60,0,60,25,30,111,18,184,60,0,60,244
02/04/2020,ILM,NC,ASO,EN,Combined TRACON& Tower with Radar,23,37,37,80,177,0,0,45,7,52,23,37,82,87,229,38,64,102,331
02/05/2020,ILM,NC,ASO,EN,Combined TRACON& Tower with Radar,26,28,38,43,135,0,2,41,4,47,26,30,79,47,182,69,46,115,297
02/06/2020,ILM,NC,ASO,EN,Combined TRACON& Tower with Radar,21,25,19,10,75,0,0,0,0,0,21,25,19,10,75,0,32,32,107
02/07/2020,ILM,NC,ASO,EN,Combined TRACON& Tower with Radar,21,38,18,31,108,0,1,0,1,2,21,39,18,32,110,0,0,0,110
02/08/2020,ILM,NC,ASO,EN,Combined TRACON& Tower with Radar,24,25,36,7,92,0,0,63,3,66,24,25,99,10,158,52,16,68,226
02/09/2020,ILM,NC,ASO,EN,Combined TRACON& Tower with Radar,28,21,53,3,105,0,0,66,0,66,28,21,119,3,171,28,0,28,199
02/10/2020,ILM,NC,ASO,EN,Combined TRACON& Tower with Radar,23,32,44,54,153,0,0,60,7,67,23,32,104,61,220,48,50,98,318
02/11/2020,ILM,NC,ASO,EN,Combined TRACON& Tower with Radar,23,28,30,28,109,0,1,9,8,18,23,29,39,36,127,0,40,40,167
02/12/2020,ILM,NC,ASO,EN,Combined TRACON& Tower with Radar,26,39,38,65,168,0,0,1,3,4,26,39,39,68,172,8,0,8,180
02/13/2020,ILM,NC,ASO,EN,Combined TRACON& Tower with Radar,26,35,50,25,136,0,0,0,1,1,26,35,50,26,137,0,6,6,143
02/14/2020,ILM,NC,ASO,EN,Combined TRACON& Tower with Radar,26,52,52,18,148,0,0,63,3,66,26,52,115,21,214,22,0,22,236
02/15/2020,ILM,NC,ASO,EN,Combined TRACON& Tower with Radar,23,24,48,0,95,0,2,88,2,92,23,26,136,2,187,72,0,72,259
02/16/2020,ILM,NC,ASO,EN,Combined TRACON& Tower with Radar,23,27,48,1,99,0,0,30,0,30,23,27,78,1,129,43,0,43,172
02/17/2020,ILM,NC,ASO,EN,Combined TRACON& Tower with Radar,26,34,43,0,103,0,1,35,0,36,26,35,78,0,139,54,0,54,193
02/18/2020,ILM,NC,ASO,EN,Combined TRACON& Tower with Radar,24,47,45,6,122,0,2,13,0,15,24,49,58,6,137,96,0,96,233
02/19/2020,ILM,NC,ASO,EN,Combined TRACON& Tower with Radar,25,39,21,6,91,0,0,6,0,6,25,39,27,6,97,14,0,14,111
02/20/2020,ILM,NC,ASO,EN,Combined TRACON& Tower with Radar,23,34,26,0,83,0,0,1,0,1,23,34,27,0,84,0,0,0,84
02/21/2020,ILM,NC,ASO,EN,Combined TRACON& Tower with Radar,28,34,26,19,107,0,0,14,2,16,28,34,40,21,123,4,0,4,127
02/22/2020,ILM,NC,ASO,EN,Combined TRACON& Tower with Radar,23,26,51,6,106,0,4,59,1,64,23,30,110,7,170,50,8,58,228
02/23/2020,ILM,NC,ASO,EN,Combined TRACON& Tower with Radar,26,27,37,0,90,0,2,77,0,79,26,29,114,0,169,94,0,94,263
02/24/2020,ILM,NC,ASO,EN,Combined TRACON& Tower with Radar,26,31,31,33,121,0,0,9,0,9,26,31,40,33,130,0,0,0,130
02/25/2020,ILM,NC,ASO,EN,Combined TRACON& Tower with Radar,27,35,38,15,115,0,0,8,3,11,27,35,46,18,126,6,14,20,146
02/26/2020,ILM,NC,ASO,EN,Combined TRACON& Tower with Radar,25,33,43,35,136,0,0,1,1,2,25,33,44,36,138,0,0,0,138
02/27/2020,ILM,NC,ASO,EN,Combined TRACON& Tower with Radar,25,57,52,37,171,0,0,38,5,43,25,57,90,42,214,18,20,38,252
02/28/2020,ILM,NC,ASO,EN,Combined TRACON& Tower with Radar,26,33,62,28,149,2,3,56,5,66,28,36,118,33,215,74,16,90,305
02/29/2020,ILM,NC,ASO,EN,Combined TRACON& Tower with Radar,27,22,31,2,82,0,0,33,3,36,27,22,64,5,118,8,1,9,127
03/01/2020,ILM,NC,ASO,EN,Combined TRACON& Tower with Radar,24,27,45,9,105,0,0,95,3,98,24,27,140,12,203,57,14,71,274
03/02/2020,ILM,NC,ASO,EN,Combined TRACON& Tower with Radar,25,35,43,41,144,0,0,28,11,39,25,35,71,52,183,16,0,16,199
03/03/2020,ILM,NC,ASO,EN,Combined TRACON& Tower with Radar,25,34,28,12,99,0,0,4,0,4,25,34,32,12,103,14,2,16,119
03/04/2020,ILM,NC,ASO,EN,Combined TRACON& Tower with Radar,27,33,38,24,122,0,1,24,2,27,27,34,62,26,149,38,28,66,215
03/05/2020,ILM,NC,ASO,EN,Combined TRACON& Tower with Radar,26,26,37,4,93,0,0,1,0,1,26,26,38,4,94,0,0,0,94
03/06/2020,ILM,NC,ASO,EN,Combined TRACON& Tower with Radar,25,35,50,41,151,0,0,16,11,27,25,35,66,52,178,0,50,50,228
03/07/2020,ILM,NC,ASO,EN,Combined TRACON& Tower with Radar,21,27,31,6,85,0,2,35,3,40,21,29,66,9,125,24,0,24,149
03/08/2020,ILM,NC,ASO,EN,Combined TRACON& Tower with Radar,24,25,51,0,100,0,3,75,0,78,24,28,126,0,178,48,0,48,226
03/09/2020,ILM,NC,ASO,EN,Combined TRACON& Tower with Radar,26,33,40,20,119,0,0,51,6,57,26,33,91,26,176,66,8,74,250
03/10/2020,ILM,NC,ASO,EN,Combined TRACON& Tower with Radar,25,33,30,34,122,0,2,33,14,49,25,35,63,48,171,20,20,40,211
03/11/2020,ILM,NC,ASO,EN,Combined TRACON& Tower with Radar,24,32,28,28,112,0,0,33,10,43,24,32,61,38,155,66,42,108,263
03/12/2020,ILM,NC,ASO,EN,Combined TRACON& Tower with Radar,26,33,46,36,141,0,2,49,7,58,26,35,95,43,199,40,48,88,287
03/13/2020,ILM,NC,ASO,EN,Combined TRACON& Tower with Radar,25,40,41,38,144,1,1,38,9,49,26,41,79,47,193,12,11,23,216
03/14/2020,ILM,NC,ASO,EN,Combined TRACON& Tower with Radar,21,35,31,3,90,1,0,59,0,60,22,35,90,3,150,30,0,30,180
03/15/2020,ILM,NC,ASO,EN,Combined TRACON& Tower with Radar,23,45,32,2,102,0,0,0,0,0,23,45,32,2,102,0,0,0,102
03/16/2020,ILM,NC,ASO,EN,Combined TRACON& Tower with Radar,26,36,36,31,129,0,0,18,6,24,26,36,54,37,153,34,28,62,215
03/17/2020,ILM,NC,ASO,EN,Combined TRACON& Tower with Radar,24,33,24,28,109,0,0,1,0,1,24,33,25,28,110,0,0,0,110
03/18/2020,ILM,NC,ASO,EN,Combined TRACON& Tower with Radar,24,40,36,50,150,0,0,43,3,46,24,40,79,53,196,62,40,102,298
03/19/2020,ILM,NC,ASO,EN,Combined TRACON& Tower with Radar,24,34,24,23,105,0,0,29,1,30,24,34,53,24,135,42,0,42,177
03/20/2020,ILM,NC,ASO,EN,Combined TRACON& Tower with Radar,26,33,26,36,121,0,2,18,6,26,26,35,44,42,147,22,22,44,191
03/21/2020,ILM,NC,ASO,EN,Combined TRACON& Tower with Radar,22,23,17,23,85,0,0,40,6,46,22,23,57,29,131,54,21,75,206
03/22/2020,ILM,NC,ASO,EN,Combined TRACON& Tower with Radar,18,21,23,6,68,0,0,17,1,18,18,21,40,7,86,42,0,42,128
03/23/2020,ILM,NC,ASO,EN,Combined TRACON& Tower with Radar,14,21,12,4,51,0,0,12,0,12,14,21,24,4,63,40,0,40,103
03/24/2020,ILM,NC,ASO,EN,Combined TRACON& Tower with Radar,12,22,18,5,57,0,0,0,2,2,12,22,18,7,59,0,0,0,59
03/25/2020,ILM,NC,ASO,EN,Combined TRACON& Tower with Radar,11,15,28,20,74,0,0,17,1,18,11,15,45,21,92,44,8,52,144
03/26/2020,ILM,NC,ASO,EN,Combined TRACON& Tower with Radar,14,16,26,23,79,0,1,79,3,83,14,17,105,26,162,64,24,88,250
03/27/2020,ILM,NC,ASO,EN,Combined TRACON& Tower with Radar,12,20,32,30,94,0,1,38,8,47,12,21,70,38,141,34,6,40,181
03/28/2020,ILM,NC,ASO,EN,Combined TRACON& Tower with Radar,8,17,11,0,36,0,0,47,5,52,8,17,58,5,88,64,8,72,160
03/29/2020,ILM,NC,ASO,EN,Combined TRACON& Tower with Radar,8,15,9,8,40,0,0,36,2,38,8,15,45,10,78,16,2,18,96
03/30/2020,ILM,NC,ASO,EN,Combined TRACON& Tower with Radar,10,21,14,4,49,0,0,38,2,40,10,21,52,6,89,40,0,40,129
03/31/2020,ILM,NC,ASO,EN,Combined TRACON& Tower with Radar,9,25,9,8,51,0,0,10,0,10,9,25,19,8,61,18,0,18,79
04/01/2020,ILM,NC,ASO,EN,Combined TRACON& Tower with Radar,13,22,10,4,49,0,2,2,4,8,13,24,12,8,57,0,10,10,67
04/02/2020,ILM,NC,ASO,EN,Combined TRACON& Tower with Radar,12,17,25,13,67,0,2,51,3,56,12,19,76,16,123,34,0,34,157
04/03/2020,ILM,NC,ASO,EN,Combined TRACON& Tower with Radar,14,21,12,12,59,0,1,25,6,32,14,22,37,18,91,22,8,30,121
04/04/2020,ILM,NC,ASO,EN,Combined TRACON& Tower with Radar,9,14,15,0,38,0,0,56,0,56,9,14,71,0,94,27,0,27,121
04/05/2020,ILM,NC,ASO,EN,Combined TRACON& Tower with Radar,9,14,23,0,46,0,0,61,4,65,9,14,84,4,111,52,0,52,163
04/06/2020,ILM,NC,ASO,EN,Combined TRACON& Tower with Radar,10,17,14,0,41,0,1,19,2,22,10,18,33,2,63,18,0,18,81
04/07/2020,ILM,NC,ASO,EN,Combined TRACON& Tower with Radar,1,17,15,8,41,0,1,31,4,36,1,18,46,12,77,24,0,24,101
04/08/2020,ILM,NC,ASO,EN,Combined TRACON& Tower with Radar,6,16,10,7,39,0,1,33,3,37,6,17,43,10,76,28,10,38,114
04/09/2020,ILM,NC,ASO,EN,Combined TRACON& Tower with Radar,8,15,6,3,32,0,1,14,2,17,8,16,20,5,49,6,4,10,59
04/10/2020,ILM,NC,ASO,EN,Combined TRACON& Tower with Radar,8,15,17,5,45,0,1,20,2,23,8,16,37,7,68,12,6,18,86
04/11/2020,ILM,NC,ASO,EN,Combined TRACON& Tower with Radar,7,15,20,0,42,0,0,56,2,58,7,15,76,2,100,30,0,30,130
04/12/2020,ILM,NC,ASO,EN,Combined TRACON& Tower with Radar,10,9,2,0,21,0,0,9,3,12,10,9,11,3,33,0,0,0,33
04/13/2020,ILM,NC,ASO,EN,Combined TRACON& Tower with Radar,5,14,2,3,24,0,1,0,7,8,5,15,2,10,32,0,18,18,50
04/14/2020,ILM,NC,ASO,EN,Combined TRACON& Tower with Radar,4,17,16,10,47,0,0,28,3,31,4,17,44,13,78,80,2,82,160
04/15/2020,ILM,NC,ASO,EN,Combined TRACON& Tower with Radar,5,20,12,5,42,0,1,13,2,16,5,21,25,7,58,12,0,12,70
04/16/2020,ILM,NC,ASO,EN,Combined TRACON& Tower with Radar,3,12,10,11,36,0,1,48,2,51,3,13,58,13,87,108,12,120,207
04/17/2020,ILM,NC,ASO,EN,Combined TRACON& Tower with Radar,3,13,29,57,102,0,0,60,5,65,3,13,89,62,167,66,46,112,279
04/18/2020,ILM,NC,ASO,EN,Combined TRACON& Tower with Radar,3,10,15,5,33,0,1,10,1,12,3,11,25,6,45,8,0,8,53
04/19/2020,ILM,NC,ASO,EN,Combined TRACON& Tower with Radar,5,6,10,0,21,0,0,25,0,25,5,6,35,0,46,52,0,52,98
04/20/2020,ILM,NC,ASO,EN,Combined TRACON& Tower with Radar,5,18,10,6,39,0,0,0,0,0,5,18,10,6,39,0,0,0,39
04/21/2020,ILM,NC,ASO,EN,Combined TRACON& Tower with Radar,3,17,26,22,68,0,1,24,7,32,3,18,50,29,100,52,12,64,164
04/22/2020,ILM,NC,ASO,EN,Combined TRACON& Tower with Radar,4,14,20,12,50,0,0,68,3,71,4,14,88,15,121,44,8,52,173
04/23/2020,ILM,NC,ASO,EN,Combined TRACON& Tower with Radar,4,15,1,0,20,0,0,10,0,10,4,15,11,0,30,12,0,12,42
04/24/2020,ILM,NC,ASO,EN,Combined TRACON& Tower with Radar,3,12,30,29,74,0,1,16,14,31,3,13,46,43,105,36,54,90,195
04/25/2020,ILM,NC,ASO,EN,Combined TRACON& Tower with Radar,5,13,15,12,45,0,1,4,0,5,5,14,19,12,50,0,10,10,60
04/26/2020,ILM,NC,ASO,EN,Combined TRACON& Tower with Radar,4,14,6,0,24,0,0,24,5,29,4,14,30,5,53,32,2,34,87
04/27/2020,ILM,NC,ASO,EN,Combined TRACON& Tower with Radar,6,22,15,11,54,0,1,34,1,36,6,23,49,12,90,56,0,56,146
04/28/2020,ILM,NC,ASO,EN,Combined TRACON& Tower with Radar,4,21,27,28,80,0,0,83,11,94,4,21,110,39,174,4,20,24,198
04/29/2020,ILM,NC,ASO,EN,Combined TRACON& Tower with Radar,2,15,22,27,66,0,2,22,9,33,2,17,44,36,99,20,22,42,141
04/30/2020,ILM,NC,ASO,EN,Combined TRACON& Tower with Radar,8,16,12,7,43,0,0,6,3,9,8,16,18,10,52,22,18,40,92
05/01/2020,ILM,NC,ASO,EN,Combined TRACON& Tower with Radar,11,22,36,36,105,1,0,30,10,41,12,22,66,46,146,0,0,0,146
05/02/2020,ILM,NC,ASO,EN,Combined TRACON& Tower with Radar,7,15,31,8,61,0,0,99,2,101,7,15,130,10,162,50,0,50,212
05/03/2020,ILM,NC,ASO,EN,Combined TRACON& Tower with Radar,9,11,21,0,41,0,0,64,0,64,9,11,85,0,105,40,0,40,145
05/04/2020,ILM,NC,ASO,EN,Combined TRACON& Tower with Radar,11,12,21,12,56,0,2,50,5,57,11,14,71,17,113,33,33,66,179
05/05/2020,ILM,NC,ASO,EN,Combined TRACON& Tower with Radar,9,15,15,20,59,0,0,21,6,27,9,15,36,26,86,30,0,30,116
05/06/2020,ILM,NC,ASO,EN,Combined TRACON& Tower with Radar,11,13,17,31,72,0,2,36,8,46,11,15,53,39,118,37,22,59,177
05/07/2020,ILM,NC,ASO,EN,Combined TRACON& Tower with Radar,6,22,27,32,87,0,1,41,3,45,6,23,68,35,132,28,0,28,160
05/08/2020,ILM,NC,ASO,EN,Combined TRACON& Tower with Radar,8,23,19,32,82,0,1,12,4,17,8,24,31,36,99,14,0,14,113
05/09/2020,ILM,NC,ASO,EN,Combined TRACON& Tower with Radar,8,10,22,4,44,0,0,43,4,47,8,10,65,8,91,63,0,63,154
05/10/2020,ILM,NC,ASO,EN,Combined TRACON& Tower with Radar,8,21,11,0,40,0,0,63,0,63,8,21,74,0,103,55,0,55,158
05/11/2020,ILM,NC,ASO,EN,Combined TRACON& Tower with Radar,10,18,21,13,62,0,1,39,4,44,10,19,60,17,106,16,8,24,130
05/12/2020,ILM,NC,ASO,EN,Combined TRACON& Tower with Radar,8,14,24,29,75,0,2,90,5,97,8,16,114,34,172,44,14,58,230
05/13/2020,ILM,NC,ASO,EN,Combined TRACON& Tower with Radar,8,26,29,18,81,0,3,55,6,64,8,29,84,24,145,86,4,90,235
05/14/2020,ILM,NC,ASO,EN,Combined TRACON& Tower with Radar,8,25,44,29,106,0,1,46,3,50,8,26,90,32,156,48,26,74,230
05/15/2020,ILM,NC,ASO,EN,Combined TRACON& Tower with Radar,8,25,24,9,66,0,2,60,4,66,8,27,84,13,132,59,12,71,203
05/16/2020,ILM,NC,ASO,EN,Combined TRACON& Tower with Radar,8,13,30,5,56,0,0,70,5,75,8,13,100,10,131,40,0,40,171
05/17/2020,ILM,NC,ASO,EN,Combined TRACON& Tower with Radar,8,15,28,0,51,0,0,8,1,9,8,15,36,1,60,0,0,0,60
05/18/2020,ILM,NC,ASO,EN,Combined TRACON& Tower with Radar,8,15,12,26,61,0,0,3,0,3,8,15,15,26,64,64,8,72,136
05/19/2020,ILM,NC,ASO,EN,Combined TRACON& Tower with Radar,8,19,21,14,62,0,0,1,0,1,8,19,22,14,63,0,0,0,63
05/20/2020,ILM,NC,ASO,EN,Combined TRACON& Tower with Radar,8,29,30,0,67,0,0,1,0,1,8,29,31,0,68,0,0,0,68
05/21/2020,ILM,NC,ASO,EN,Combined TRACON& Tower with Radar,8,30,24,0,62,0,0,1,0,1,8,30,25,0,63,0,0,0,63
05/22/2020,ILM,NC,ASO,EN,Combined TRACON& Tower with Radar,8,29,37,12,86,0,0,28,3,31,8,29,65,15,117,0,0,0,117
05/23/2020,ILM,NC,ASO,EN,Combined TRACON& Tower with Radar,8,8,33,0,49,0,0,78,0,78,8,8,111,0,127,62,0,62,189
05/24/2020,ILM,NC,ASO,EN,Combined TRACON& Tower with Radar,8,11,25,8,52,0,1,58,0,59,8,12,83,8,111,38,0,38,149
05/25/2020,ILM,NC,ASO,EN,Combined TRACON& Tower with Radar,8,21,47,8,84,0,0,37,0,37,8,21,84,8,121,42,0,42,163
05/26/2020,ILM,NC,ASO,EN,Combined TRACON& Tower with Radar,8,22,45,15,90,0,0,3,1,4,8,22,48,16,94,4,0,4,98
05/27/2020,ILM,NC,ASO,EN,Combined TRACON& Tower with Radar,8,20,11,0,39,0,3,0,1,4,8,23,11,1,43,4,0,4,47
05/28/2020,ILM,NC,ASO,EN,Combined TRACON& Tower with Radar,8,19,29,9,65,0,1,7,2,10,8,20,36,11,75,0,0,0,75
05/29/2020,ILM,NC,ASO,EN,Combined TRACON& Tower with Radar,10,20,17,22,69,0,1,5,12,18,10,21,22,34,87,14,22,36,123
05/30/2020,ILM,NC,ASO,EN,Combined TRACON& Tower with Radar,8,10,20,3,41,0,0,10,8,18,8,10,30,11,59,12,2,14,73
05/31/2020,ILM,NC,ASO,EN,Combined TRACON& Tower with Radar,8,22,56,20,106,0,0,64,6,70,8,22,120,26,176,44,18,62,238
06/01/2020,ILM,NC,ASO,EN,Combined TRACON& Tower with Radar,7,25,30,36,98,0,2,57,1,60,7,27,87,37,158,50,46,96,254
06/02/2020,ILM,NC,ASO,EN,Combined TRACON& Tower with Radar,6,21,43,20,90,0,1,61,9,71,6,22,104,29,161,85,32,117,278
06/03/2020,ILM,NC,ASO,EN,Combined TRACON& Tower with Radar,6,29,41,60,136,0,6,43,4,53,6,35,84,64,189,40,16,56,245
06/04/2020,ILM,NC,ASO,EN,Combined TRACON& Tower with Radar,6,34,32,73,145,0,3,68,8,79,6,37,100,81,224,48,24,72,296
06/05/2020,ILM,NC,ASO,EN,Combined TRACON& Tower with Radar,6,32,35,30,103,0,1,20,4,25,6,33,55,34,128,40,12,52,180
06/06/2020,ILM,NC,ASO,EN,Combined TRACON& Tower with Radar,6,21,29,2,58,0,0,38,4,42,6,21,67,6,100,126,2,128,228
06/07/2020,ILM,NC,ASO,EN,Combined TRACON& Tower with Radar,6,21,32,0,59,0,1,36,0,37,6,22,68,0,96,28,0,28,124
06/08/2020,ILM,NC,ASO,EN,Combined TRACON& Tower with Radar,6,28,35,31,100,0,0,30,5,35,6,28,65,36,135,86,28,114,249
06/09/2020,ILM,NC,ASO,EN,Combined TRACON& Tower with Radar,6,26,42,17,91,0,1,30,5,36,6,27,72,22,127,62,12,74,201
06/10/2020,ILM,NC,ASO,EN,Combined TRACON& Tower with Radar,6,26,43,10,85,0,0,20,0,20,6,26,63,10,105,60,0,60,165
06/11/2020,ILM,NC,ASO,EN,Combined TRACON& Tower with Radar,6,31,44,6,87,0,0,10,0,10,6,31,54,6,97,28,6,34,131
06/12/2020,ILM,NC,ASO,EN,Combined TRACON& Tower with Radar,6,24,27,6,63,0,0,2,0,2,6,24,29,6,65,0,0,0,65
06/13/2020,ILM,NC,ASO,EN,Combined TRACON& Tower with Radar,6,17,26,4,53,0,0,10,0,10,6,17,36,4,63,0,6,6,69
06/14/2020,ILM,NC,ASO,EN,Combined TRACON& Tower with Radar,6,22,43,6,77,0,0,6,4,10,6,22,49,10,87,28,20,48,135
06/15/2020,ILM,NC,ASO,EN,Combined TRACON& Tower with Radar,6,26,23,0,55,0,0,0,0,0,6,26,23,0,55,0,0,0,55
06/16/2020,ILM,NC,ASO,EN,Combined TRACON& Tower with Radar,6,21,26,4,57,0,0,1,0,1,6,21,27,4,58,0,0,0,58
06/17/2020,ILM,NC,ASO,EN,Combined TRACON& Tower with Radar,6,26,35,33,100,0,0,23,2,25,6,26,58,35,125,50,0,50,175
06/18/2020,ILM,NC,ASO,EN,Combined TRACON& Tower with Radar,6,31,30,34,101,0,1,72,4,77,6,32,102,38,178,48,40,88,266
06/19/2020,ILM,NC,ASO,EN,Combined TRACON& Tower with Radar,6,28,41,22,97,0,0,27,11,38,6,28,68,33,135,22,10,32,167
06/20/2020,ILM,NC,ASO,EN,Combined TRACON& Tower with Radar,6,24,31,12,73,0,2,44,3,49,6,26,75,15,122,50,2,52,174
06/21/2020,ILM,NC,ASO,EN,Combined TRACON& Tower with Radar,6,27,38,2,73,0,1,61,1,63,6,28,99,3,136,30,0,30,166
06/22/2020,ILM,NC,ASO,EN,Combined TRACON& Tower with Radar,6,25,31,20,82,0,1,51,2,54,6,26,82,22,136,54,14,68,204
06/23/2020,ILM,NC,ASO,EN,Combined TRACON& Tower with Radar,6,20,43,52,121,0,0,35,9,44,6,20,78,61,165,44,34,78,243
06/24/2020,ILM,NC,ASO,EN,Combined TRACON& Tower with Radar,6,33,49,20,108,0,0,28,5,33,6,33,77,25,141,32,6,38,179
06/25/2020,ILM,NC,ASO,EN,Combined TRACON& Tower with Radar,6,20,53,8,87,0,1,14,5,20,6,21,67,13,107,6,14,20,127
06/26/2020,ILM,NC,ASO,EN,Combined TRACON& Tower with Radar,6,29,59,39,133,0,1,88,13,102,6,30,147,52,235,56,56,112,347
06/27/2020,ILM,NC,ASO,EN,Combined TRACON& Tower with Radar,8,23,40,4,75,0,0,59,5,64,8,23,99,9,139,76,0,76,215
06/28/2020,ILM,NC,ASO,EN,Combined TRACON& Tower with Radar,8,17,36,11,72,0,0,56,0,56,8,17,92,11,128,34,4,38,166
06/29/2020,ILM,NC,ASO,EN,Combined TRACON& Tower with Radar,6,22,37,12,77,0,1,65,6,72,6,23,102,18,149,84,0,84,233
06/30/2020,ILM,NC,ASO,EN,Combined TRACON& Tower with Radar,8,22,15,6,51,0,0,31,4,35,8,22,46,10,86,40,6,46,132
07/01/2020,ILM,NC,ASO,EN,Combined TRACON& Tower with Radar,8,30,48,18,104,0,1,26,2,29,8,31,74,20,133,46,0,46,179
07/02/2020,ILM,NC,ASO,EN,Combined TRACON& Tower with Radar,13,21,45,16,95,0,3,29,2,34,13,24,74,18,129,38,12,50,179
07/03/2020,ILM,NC,ASO,EN,Combined TRACON& Tower with Radar,12,26,37,1,76,0,2,53,5,60,12,28,90,6,136,74,0,74,210
07/04/2020,ILM,NC,ASO,EN,Combined TRACON& Tower with Radar,10,12,15,8,45,0,2,31,0,33,10,14,46,8,78,14,0,14,92
07/05/2020,ILM,NC,ASO,EN,Combined TRACON& Tower with Radar,13,29,32,0,74,0,2,33,2,37,13,31,65,2,111,26,0,26,137
07/06/2020,ILM,NC,ASO,EN,Combined TRACON& Tower with Radar,10,28,36,13,87,0,2,35,1,38,10,30,71,14,125,68,0,68,193
07/07/2020,ILM,NC,ASO,EN,Combined TRACON& Tower with Radar,16,20,17,0,53,0,1,0,0,1,16,21,17,0,54,0,0,0,54
07/08/2020,ILM,NC,ASO,EN,Combined TRACON& Tower with Radar,16,35,44,16,111,0,0,6,0,6,16,35,50,16,117,14,0,14,131
07/09/2020,ILM,NC,ASO,EN,Combined TRACON& Tower with Radar,20,28,38,15,101,0,2,6,3,11,20,30,44,18,112,10,0,10,122
07/10/2020,ILM,NC,ASO,EN,Combined TRACON& Tower with Radar,20,30,60,16,126,0,1,51,5,57,20,31,111,21,183,70,14,84,267
07/11/2020,ILM,NC,ASO,EN,Combined TRACON& Tower with Radar,22,21,49,4,96,0,0,56,1,57,22,21,105,5,153,50,10,60,213
07/12/2020,ILM,NC,ASO,EN,Combined TRACON& Tower with Radar,20,27,35,5,87,0,1,49,2,52,20,28,84,7,139,18,0,18,157
07/13/2020,ILM,NC,ASO,EN,Combined TRACON& Tower with Radar,20,30,42,9,101,0,2,18,0,20,20,32,60,9,121,60,0,60,181
07/14/2020,ILM,NC,ASO,EN,Combined TRACON& Tower with Radar,16,24,43,44,127,0,1,74,13,88,16,25,117,57,215,56,58,114,329
07/15/2020,ILM,NC,ASO,EN,Combined TRACON& Tower with Radar,16,40,34,35,125,0,1,52,2,55,16,41,86,37,180,44,0,44,224
07/16/2020,ILM,NC,ASO,EN,Combined TRACON& Tower with Radar,20,31,45,18,114,0,0,72,2,74,20,31,117,20,188,50,16,66,254
07/17/2020,ILM,NC,ASO,EN,Combined TRACON& Tower with Radar,21,31,48,52,152,0,1,55,12,68,21,32,103,64,220,14,7,21,241
07/18/2020,ILM,NC,ASO,EN,Combined TRACON& Tower with Radar,22,25,33,5,85,0,1,81,5,87,22,26,114,10,172,38,0,38,210
07/19/2020,ILM,NC,ASO,EN,Combined TRACON& Tower with Radar,20,25,41,7,93,0,0,45,4,49,20,25,86,11,142,22,0,22,164
07/20/2020,ILM,NC,ASO,EN,Combined TRACON& Tower with Radar,20,26,32,56,134,0,2,23,3,28,20,28,55,59,162,36,44,80,242
07/21/2020,ILM,NC,ASO,EN,Combined TRACON& Tower with Radar,18,21,45,29,113,0,1,60,12,73,18,22,105,41,186,64,28,92,278
07/22/2020,ILM,NC,ASO,EN,Combined TRACON& Tower with Radar,16,29,34,80,159,0,0,70,14,84,16,29,104,94,243,62,46,108,351
07/23/2020,ILM,NC,ASO,EN,Combined TRACON& Tower with Radar,21,31,54,40,146,0,2,70,8,80,21,33,124,48,226,63,18,81,307
07/24/2020,ILM,NC,ASO,EN,Combined TRACON& Tower with Radar,21,32,39,7,99,0,2,32,3,37,21,34,71,10,136,42,4,46,182
07/25/2020,ILM,NC,ASO,EN,Combined TRACON& Tower with Radar,22,26,34,4,86,0,2,71,7,80,22,28,105,11,166,74,0,74,240
07/26/2020,ILM,NC,ASO,EN,Combined TRACON& Tower with Radar,20,33,47,3,103,0,0,85,2,87,20,33,132,5,190,48,0,48,238
07/27/2020,ILM,NC,ASO,EN,Combined TRACON& Tower with Radar,22,30,27,24,103,0,0,37,3,40,22,30,64,27,143,48,0,48,191
07/28/2020,ILM,NC,ASO,EN,Combined TRACON& Tower with Radar,14,22,37,48,121,0,1,38,5,44,14,23,75,53,165,44,31,75,240
07/29/2020,ILM,NC,ASO,EN,Combined TRACON& Tower with Radar,18,33,23,6,80,0,0,34,4,38,18,33,57,10,118,4,12,16,134
07/30/2020,ILM,NC,ASO,EN,Combined TRACON& Tower with Radar,18,33,45,11,107,0,3,12,8,23,18,36,57,19,130,36,0,36,166
07/31/2020,ILM,NC,ASO,EN,Combined TRACON& Tower with Radar,18,33,42,36,129,0,0,38,14,52,18,33,80,50,181,10,34,44,225
08/01/2020,ILM,NC,ASO,EN,Combined TRACON& Tower with Radar,24,17,35,0,76,0,2,28,2,32,24,19,63,2,108,22,0,22,130
08/02/2020,ILM,NC,ASO,EN,Combined TRACON& Tower with Radar,26,22,36,1,85,0,1,49,0,50,26,23,85,1,135,26,0,26,161
08/03/2020,ILM,NC,ASO,EN,Combined TRACON& Tower with Radar,18,18,17,0,53,0,0,2,0,2,18,18,19,0,55,0,0,0,55
08/04/2020,ILM,NC,ASO,EN,Combined TRACON& Tower with Radar,16,20,11,0,47,0,2,14,0,16,16,22,25,0,63,0,0,0,63
08/05/2020,ILM,NC,ASO,EN,Combined TRACON& Tower with Radar,21,18,32,20,91,0,3,4,6,13,21,21,36,26,104,0,0,0,104
08/06/2020,ILM,NC,ASO,EN,Combined TRACON& Tower with Radar,26,27,37,4,94,0,2,20,1,23,26,29,57,5,117,12,0,12,129
08/07/2020,ILM,NC,ASO,EN,Combined TRACON& Tower with Radar,26,24,31,8,89,0,0,29,8,37,26,24,60,16,126,58,0,58,184
08/08/2020,ILM,NC,ASO,EN,Combined TRACON& Tower with Radar,26,16,30,2,74,0,1,41,11,53,26,17,71,13,127,58,0,58,185
08/09/2020,ILM,NC,ASO,EN,Combined TRACON& Tower with Radar,26,19,41,7,93,0,1,21,3,25,26,20,62,10,118,2,0,2,120
08/10/2020,ILM,NC,ASO,EN,Combined TRACON& Tower with Radar,26,24,33,3,86,0,4,38,3,45,26,28,71,6,131,44,5,49,180
08/11/2020,ILM,NC,ASO,EN,Combined TRACON& Tower with Radar,20,27,27,28,102,0,2,19,3,24,20,29,46,31,126,22,6,28,154
08/12/2020,ILM,NC,ASO,EN,Combined TRACON& Tower with Radar,19,20,33,31,103,0,0,33,7,40,19,20,66,38,143,46,60,106,249
08/13/2020,ILM,NC,ASO,EN,Combined TRACON& Tower with Radar,25,28,35,0,88,0,0,7,0,7,25,28,42,0,95,16,0,16,111
08/14/2020,ILM,NC,ASO,EN,Combined TRACON& Tower with Radar,28,25,36,22,111,0,0,20,3,23,28,25,56,25,134,48,14,62,196
08/15/2020,ILM,NC,ASO,EN,Combined TRACON& Tower with Radar,28,20,30,3,81,0,0,15,9,24,28,20,45,12,105,26,0,26,131
08/16/2020,ILM,NC,ASO,EN,Combined TRACON& Tower with Radar,25,24,50,11,110,0,0,16,6,22,25,24,66,17,132,24,0,24,156
08/17/2020,ILM,NC,ASO,EN,Combined TRACON& Tower with Radar,30,21,41,26,118,0,1,39,0,40,30,22,80,26,158,54,23,77,235
08/18/2020,ILM,NC,ASO,EN,Combined TRACON& Tower with Radar,19,19,45,55,138,0,0,58,2,60,19,19,103,57,198,100,18,118,316
08/19/2020,ILM,NC,ASO,EN,Combined TRACON& Tower with Radar,20,20,34,48,122,0,1,28,9,38,20,21,62,57,160,76,0,76,236
08/20/2020,ILM,NC,ASO,EN,Combined TRACON& Tower with Radar,25,22,23,10,80,0,0,29,0,29,25,22,52,10,109,10,12,22,131
08/21/2020,ILM,NC,ASO,EN,Combined TRACON& Tower with Radar,26,17,47,11,101,0,1,25,4,30,26,18,72,15,131,52,12,64,195
08/22/2020,ILM,NC,ASO,EN,Combined TRACON& Tower with Radar,26,14,34,15,89,0,0,65,7,72,26,14,99,22,161,84,2,86,247
08/23/2020,ILM,NC,ASO,EN,Combined TRACON& Tower with Radar,26,22,31,2,81,0,1,28,6,35,26,23,59,8,116,22,0,22,138
08/24/2020,ILM,NC,ASO,EN,Combined TRACON& Tower with Radar,28,21,28,6,83,0,0,10,0,10,28,21,38,6,93,14,22,36,129
08/25/2020,ILM,NC,ASO,EN,Combined TRACON& Tower with Radar,20,21,40,94,175,0,0,42,12,54,20,21,82,106,229,34,62,96,325
08/26/2020,ILM,NC,ASO,EN,Combined TRACON& Tower with Radar,20,20,36,31,107,0,1,58,2,61,20,21,94,33,168,72,10,82,250
08/27/2020,ILM,NC,ASO,EN,Combined TRACON& Tower with Radar,24,22,38,60,144,0,2,68,3,73,24,24,106,63,217,86,42,128,345
08/28/2020,ILM,NC,ASO,EN,Combined TRACON& Tower with Radar,28,22,45,52,147,0,0,45,10,55,28,22,90,62,202,44,30,74,276
08/29/2020,ILM,NC,ASO,EN,Combined TRACON& Tower with Radar,26,16,20,1,63,0,1,24,5,30,26,17,44,6,93,60,0,60,153
08/30/2020,ILM,NC,ASO,EN,Combined TRACON& Tower with Radar,25,11,50,10,96,0,2,50,8,60,25,13,100,18,156,38,0,38,194
08/31/2020,ILM,NC,ASO,EN,Combined TRACON& Tower with Radar,28,14,24,18,84,0,2,14,8,24,28,16,38,26,108,24,22,46,154
09/01/2020,ILM,NC,ASO,EN,Combined TRACON& Tower with Radar,19,21,48,42,130,0,2,35,4,41,19,23,83,46,171,54,16,70,241
09/02/2020,ILM,NC,ASO,EN,Combined TRACON& Tower with Radar,19,19,23,27,88,0,0,17,3,20,19,19,40,30,108,6,20,26,134
09/03/2020,ILM,NC,ASO,EN,Combined TRACON& Tower with Radar,26,18,47,40,131,0,2,49,9,60,26,20,96,49,191,26,22,48,239
09/04/2020,ILM,NC,ASO,EN,Combined TRACON& Tower with Radar,26,20,56,6,108,0,0,54,13,67,26,20,110,19,175,86,12,98,273
09/05/2020,ILM,NC,ASO,EN,Combined TRACON& Tower with Radar,26,14,32,8,80,0,0,57,5,62,26,14,89,13,142,84,0,84,226
09/06/2020,ILM,NC,ASO,EN,Combined TRACON& Tower with Radar,24,12,33,5,74,0,1,60,8,69,24,13,93,13,143,20,0,20,163
09/07/2020,ILM,NC,ASO,EN,Combined TRACON& Tower with Radar,26,22,68,10,126,0,2,69,8,79,26,24,137,18,205,56,0,56,261
09/08/2020,ILM,NC,ASO,EN,Combined TRACON& Tower with Radar,20,21,29,15,85,0,0,5,0,5,20,21,34,15,90,14,0,14,104
09/09/2020,ILM,NC,ASO,EN,Combined TRACON& Tower with Radar,22,17,24,24,87,0,1,23,0,24,22,18,47,24,111,44,0,44,155
09/10/2020,ILM,NC,ASO,EN,Combined TRACON& Tower with Radar,23,26,33,14,96,0,1,13,0,14,23,27,46,14,110,42,0,42,152
09/11/2020,ILM,NC,ASO,EN,Combined TRACON& Tower with Radar,24,26,34,0,84,0,0,13,0,13,24,26,47,0,97,2,0,2,99
09/12/2020,ILM,NC,ASO,EN,Combined TRACON& Tower with Radar,24,12,26,0,62,0,1,5,4,10,24,13,31,4,72,62,0,62,134
09/13/2020,ILM,NC,ASO,EN,Combined TRACON& Tower with Radar,24,13,51,4,92,0,0,24,5,29,24,13,75,9,121,6,0,6,127
09/14/2020,ILM,NC,ASO,EN,Combined TRACON& Tower with Radar,24,16,36,15,91,0,0,41,1,42,24,16,77,16,133,39,0,39,172
09/15/2020,ILM,NC,ASO,EN,Combined TRACON& Tower with Radar,22,28,34,14,98,0,0,41,3,44,22,28,75,17,142,56,8,64,206
09/16/2020,ILM,NC,ASO,EN,Combined TRACON& Tower with Radar,22,18,33,2,75,0,1,7,0,8,22,19,40,2,83,0,0,0,83
09/17/2020,ILM,NC,ASO,EN,Combined TRACON& Tower with Radar,26,21,30,4,81,0,0,0,0,0,26,21,30,4,81,4,0,4,85
09/18/2020,ILM,NC,ASO,EN,Combined TRACON& Tower with Radar,24,22,53,13,112,0,0,4,0,4,24,22,57,13,116,10,0,10,126
09/19/2020,ILM,NC,ASO,EN,Combined TRACON& Tower with Radar,24,7,39,8,78,0,0,26,2,28,24,7,65,10,106,2,0,2,108
09/20/2020,ILM,NC,ASO,EN,Combined TRACON& Tower with Radar,24,15,44,5,88,0,1,32,10,43,24,16,76,15,131,2,6,8,139
09/21/2020,ILM,NC,ASO,EN,Combined TRACON& Tower with Radar,24,17,39,39,119,0,0,22,5,27,24,17,61,44,146,6,38,44,190
09/22/2020,ILM,NC,ASO,EN,Combined TRACON& Tower with Radar,23,15,34,42,114,1,1,62,1,65,24,16,96,43,179,28,16,44,223
09/23/2020,ILM,NC,ASO,EN,Combined TRACON& Tower with Radar,22,27,43,31,123,0,0,57,8,65,22,27,100,39,188,78,28,106,294
09/24/2020,ILM,NC,ASO,EN,Combined TRACON& Tower with Radar,24,36,82,32,174,0,1,47,7,55,24,37,129,39,229,74,0,74,303
09/25/2020,ILM,NC,ASO,EN,Combined TRACON& Tower with Radar,24,23,45,17,109,0,2,18,9,29,24,25,63,26,138,34,12,46,184
09/26/2020,ILM,NC,ASO,EN,Combined TRACON& Tower with Radar,24,10,57,18,109,0,0,36,2,38,24,10,93,20,147,51,0,51,198
09/27/2020,ILM,NC,ASO,EN,Combined TRACON& Tower with Radar,26,21,49,7,103,0,1,34,5,40,26,22,83,12,143,56,4,60,203
09/28/2020,ILM,NC,ASO,EN,Combined TRACON& Tower with Radar,24,32,46,7,109,0,0,34,7,41,24,32,80,14,150,58,2,60,210
09/29/2020,ILM,NC,ASO,EN,Combined TRACON& Tower with Radar,26,25,44,17,112,0,1,6,8,15,26,26,50,25,127,6,4,10,137
09/30/2020,ILM,NC,ASO,EN,Combined TRACON& Tower with Radar,22,17,45,9,93,0,2,62,5,69,22,19,107,14,162,28,0,28,190
10/01/2020,ILM,NC,ASO,EN,Combined TRACON& Tower with Radar,24,20,58,17,119,0,0,66,5,71,24,20,124,22,190,36,36,72,262
10/02/2020,ILM,NC,ASO,EN,Combined TRACON& Tower with Radar,24,29,56,46,155,0,0,59,8,67,24,29,115,54,222,32,34,66,288
10/03/2020,ILM,NC,ASO,EN,Combined TRACON& Tower with Radar,24,8,29,6,67,0,2,65,5,72,24,10,94,11,139,45,8,53,192
10/04/2020,ILM,NC,ASO,EN,Combined TRACON& Tower with Radar,24,18,40,1,83,0,0,10,4,14,24,18,50,5,97,7,0,7,104
10/05/2020,ILM,NC,ASO,EN,Combined TRACON& Tower with Radar,24,19,45,20,108,0,2,42,8,52,24,21,87,28,160,88,46,134,294
10/06/2020,ILM,NC,ASO,EN,Combined TRACON& Tower with Radar,22,17,44,55,138,0,0,64,4,68,22,17,108,59,206,42,24,66,272
10/07/2020,ILM,NC,ASO,EN,Combined TRACON& Tower with Radar,20,16,48,35,119,0,1,66,17,84,20,17,114,52,203,42,38,80,283
10/08/2020,ILM,NC,ASO,EN,Combined TRACON& Tower with Radar,26,24,31,32,113,0,2,69,7,78,26,26,100,39,191,76,26,102,293
10/09/2020,ILM,NC,ASO,EN,Combined TRACON& Tower with Radar,26,21,52,0,99,0,0,39,2,41,26,21,91,2,140,64,0,64,204
10/10/2020,ILM,NC,ASO,EN,Combined TRACON& Tower with Radar,24,9,26,8,67,0,0,35,0,35,24,9,61,8,102,47,0,47,149
10/11/2020,ILM,NC,ASO,EN,Combined TRACON& Tower with Radar,26,13,22,0,61,0,0,0,0,0,26,13,22,0,61,0,0,0,61
10/12/2020,ILM,NC,ASO,EN,Combined TRACON& Tower with Radar,26,20,45,0,91,0,1,24,0,25,26,21,69,0,116,56,0,56,172
10/13/2020,ILM,NC,ASO,EN,Combined TRACON& Tower with Radar,19,24,41,16,100,0,2,26,8,36,19,26,67,24,136,24,0,24,160
10/14/2020,ILM,NC,ASO,EN,Combined TRACON& Tower with Radar,21,16,51,38,126,0,2,52,12,66,21,18,103,50,192,62,50,112,304
10/15/2020,ILM,NC,ASO,EN,Combined TRACON& Tower with Radar,25,24,54,26,129,0,1,47,1,49,25,25,101,27,178,43,0,43,221
10/16/2020,ILM,NC,ASO,EN,Combined TRACON& Tower with Radar,26,23,46,24,119,0,0,26,6,32,26,23,72,30,151,61,18,79,230
10/17/2020,ILM,NC,ASO,EN,Combined TRACON& Tower with Radar,24,21,29,2,76,0,0,61,0,61,24,21,90,2,137,32,0,32,169
10/18/2020,ILM,NC,ASO,EN,Combined TRACON& Tower with Radar,26,18,56,9,109,0,1,58,2,61,26,19,114,11,170,60,10,70,240
10/19/2020,ILM,NC,ASO,EN,Combined TRACON& Tower with Radar,26,17,43,7,93,0,0,49,3,52,26,17,92,10,145,36,20,56,201
10/20/2020,ILM,NC,ASO,EN,Combined TRACON& Tower with Radar,19,20,28,45,112,0,4,38,9,51,19,24,66,54,163,96,22,118,281
10/21/2020,ILM,NC,ASO,EN,Combined TRACON& Tower with Radar,21,18,55,9,103,0,0,44,7,51,21,18,99,16,154,92,18,110,264
10/22/2020,ILM,NC,ASO,EN,Combined TRACON& Tower with Radar,25,21,61,27,134,0,2,57,8,67,25,23,118,35,201,48,20,68,269
10/23/2020,ILM,NC,ASO,EN,Combined TRACON& Tower with Radar,25,25,54,25,129,0,1,60,5,66,25,26,114,30,195,32,36,68,263
10/24/2020,ILM,NC,ASO,EN,Combined TRACON& Tower with Radar,22,15,46,4,87,0,0,63,6,69,22,15,109,10,156,90,10,100,256
10/25/2020,ILM,NC,ASO,EN,Combined TRACON& Tower with Radar,23,20,32,6,81,0,0,3,0,3,23,20,35,6,84,16,0,16,100
10/26/2020,ILM,NC,ASO,EN,Combined TRACON& Tower with Radar,24,22,52,12,110,0,0,13,4,17,24,22,65,16,127,38,20,58,185
10/27/2020,ILM,NC,ASO,EN,Combined TRACON& Tower with Radar,19,27,41,17,104,0,0,41,2,43,19,27,82,19,147,54,42,96,243
10/28/2020,ILM,NC,ASO,EN,Combined TRACON& Tower with Radar,21,21,60,13,115,0,3,49,9,61,21,24,109,22,176,121,38,159,335
10/29/2020,ILM,NC,ASO,EN,Combined TRACON& Tower with Radar,27,26,25,32,110,0,1,2,2,5,27,27,27,34,115,12,18,30,145
10/30/2020,ILM,NC,ASO,EN,Combined TRACON& Tower with Radar,24,24,47,17,112,0,1,29,4,34,24,25,76,21,146,4,28,32,178
10/31/2020,ILM,NC,ASO,EN,Combined TRACON& Tower with Radar,14,8,37,1,60,0,0,75,0,75,14,8,112,1,135,30,0,30,165
11/01/2020,ILM,NC,ASO,EN,Combined TRACON& Tower with Radar,20,22,39,7,88,0,0,6,0,6,20,22,45,7,94,15,4,19,113
11/02/2020,ILM,NC,ASO,EN,Combined TRACON& Tower with Radar,24,25,22,17,88,0,3,12,4,19,24,28,34,21,107,14,26,40,147
11/03/2020,ILM,NC,ASO,EN,Combined TRACON& Tower with Radar,17,18,24,8,67,0,1,49,1,51,17,19,73,9,118,56,0,56,174
11/04/2020,ILM,NC,ASO,EN,Combined TRACON& Tower with Radar,16,17,36,29,98,0,2,58,3,63,16,19,94,32,161,44,12,56,217
11/05/2020,ILM,NC,ASO,EN,Combined TRACON& Tower with Radar,23,30,43,30,126,0,0,61,3,64,23,30,104,33,190,50,10,60,250
11/06/2020,ILM,NC,ASO,EN,Combined TRACON& Tower with Radar,24,33,43,14,114,0,0,18,3,21,24,33,61,17,135,35,0,35,170
11/07/2020,ILM,NC,ASO,EN,Combined TRACON& Tower with Radar,22,21,29,11,83,0,0,65,14,79,22,21,94,25,162,52,2,54,216
11/08/2020,ILM,NC,ASO,EN,Combined TRACON& Tower with Radar,24,22,49,7,102,0,0,43,6,49,24,22,92,13,151,46,0,46,197
11/09/2020,ILM,NC,ASO,EN,Combined TRACON& Tower with Radar,23,18,30,32,103,0,1,13,0,14,23,19,43,32,117,22,0,22,139
11/10/2020,ILM,NC,ASO,EN,Combined TRACON& Tower with Radar,17,18,63,15,113,0,0,22,7,29,17,18,85,22,142,24,6,30,172
11/11/2020,ILM,NC,ASO,EN,Combined TRACON& Tower with Radar,18,17,36,4,75,0,0,0,7,7,18,17,36,11,82,4,8,12,94
11/12/2020,ILM,NC,ASO,EN,Combined TRACON& Tower with Radar,23,27,7,0,57,0,0,0,0,0,23,27,7,0,57,2,0,2,59
11/13/2020,ILM,NC,ASO,EN,Combined TRACON& Tower with Radar,24,17,50,22,113,0,2,4,2,8,24,19,54,24,121,14,0,14,135
11/14/2020,ILM,NC,ASO,EN,Combined TRACON& Tower with Radar,24,10,52,4,90,0,0,56,6,62,24,10,108,10,152,34,0,34,186
11/15/2020,ILM,NC,ASO,EN,Combined TRACON& Tower with Radar,26,21,34,20,101,0,0,28,3,31,26,21,62,23,132,22,0,22,154
11/16/2020,ILM,NC,ASO,EN,Combined TRACON& Tower with Radar,30,17,52,30,129,0,1,43,13,57,30,18,95,43,186,55,26,81,267
11/17/2020,ILM,NC,ASO,EN,Combined TRACON& Tower with Radar,18,21,52,49,140,0,1,38,11,50,18,22,90,60,190,18,54,72,262
11/18/2020,ILM,NC,ASO,EN,Combined TRACON& Tower with Radar,17,20,43,19,99,0,1,39,7,47,17,21,82,26,146,70,28,98,244
11/19/2020,ILM,NC,ASO,EN,Combined TRACON& Tower with Radar,25,29,53,71,178,0,0,61,7,68,25,29,114,78,246,52,20,72,318
11/20/2020,ILM,NC,ASO,EN,Combined TRACON& Tower with Radar,25,24,48,20,117,0,0,53,7,60,25,24,101,27,177,18,16,34,211
11/21/2020,ILM,NC,ASO,EN,Combined TRACON& Tower with Radar,28,19,48,13,108,0,0,65,24,89,28,19,113,37,197,32,10,42,239
11/22/2020,ILM,NC,ASO,EN,Combined TRACON& Tower with Radar,26,22,52,7,107,0,1,43,15,59,26,23,95,22,166,56,0,56,222
11/23/2020,ILM,NC,ASO,EN,Combined TRACON& Tower with Radar,20,17,27,14,78,0,1,19,4,24,20,18,46,18,102,6,0,6,108
11/24/2020,ILM,NC,ASO,EN,Combined TRACON& Tower with Radar,28,28,55,22,133,0,1,47,5,53,28,29,102,27,186,28,4,32,218
11/25/2020,ILM,NC,ASO,EN,Combined TRACON& Tower with Radar,31,33,47,6,117,0,0,36,0,36,31,33,83,6,153,22,0,22,175
11/26/2020,ILM,NC,ASO,EN,Combined TRACON& Tower with Radar,10,4,4,0,18,0,0,2,0,2,10,4,6,0,20,20,0,20,40
11/27/2020,ILM,NC,ASO,EN,Combined TRACON& Tower with Radar,24,16,28,1,69,0,0,24,0,24,24,16,52,1,93,12,0,12,105
11/28/2020,ILM,NC,ASO,EN,Combined TRACON& Tower with Radar,26,27,33,0,86,0,0,33,0,33,26,27,66,0,119,70,0,70,189
11/29/2020,ILM,NC,ASO,EN,Combined TRACON& Tower with Radar,30,39,86,0,155,0,0,52,0,52,30,39,138,0,207,34,0,34,241
11/30/2020,ILM,NC,ASO,EN,Combined TRACON& Tower with Radar,32,27,20,8,87,0,0,1,1,2,32,27,21,9,89,0,4,4,93
12/01/2020,ILM,NC,ASO,EN,Combined TRACON& Tower with Radar,24,26,32,17,99,0,2,25,5,32,24,28,57,22,131,42,0,42,173
12/02/2020,ILM,NC,ASO,EN,Combined TRACON& Tower with Radar,18,19,49,47,133,0,1,61,15,77,18,20,110,62,210,58,32,90,300
12/03/2020,ILM,NC,ASO,EN,Combined TRACON& Tower with Radar,28,29,43,57,157,0,2,64,14,80,28,31,107,71,237,74,40,114,351
12/04/2020,ILM,NC,ASO,EN,Combined TRACON& Tower with Radar,24,35,37,48,144,0,0,41,12,53,24,35,78,60,197,64,28,92,289
12/05/2020,ILM,NC,ASO,EN,Combined TRACON& Tower with Radar,20,14,32,5,71,0,0,25,2,27,20,14,57,7,98,4,0,4,102
12/06/2020,ILM,NC,ASO,EN,Combined TRACON& Tower with Radar,24,30,35,14,103,0,0,66,4,70,24,30,101,18,173,35,0,35,208
12/07/2020,ILM,NC,ASO,EN,Combined TRACON& Tower with Radar,24,25,14,24,87,0,0,1,4,5,24,25,15,28,92,56,20,76,168
12/08/2020,ILM,NC,ASO,EN,Combined TRACON& Tower with Radar,17,20,44,36,117,0,4,49,2,55,17,24,93,38,172,78,28,106,278
12/09/2020,ILM,NC,ASO,EN,Combined TRACON& Tower with Radar,17,17,29,33,96,0,2,47,3,52,17,19,76,36,148,24,0,24,172
12/10/2020,ILM,NC,ASO,EN,Combined TRACON& Tower with Radar,24,25,45,6,100,0,2,57,0,59,24,27,102,6,159,40,4,44,203
12/11/2020,ILM,NC,ASO,EN,Combined TRACON& Tower with Radar,24,25,52,6,107,0,1,48,0,49,24,26,100,6,156,36,0,36,192
12/12/2020,ILM,NC,ASO,EN,Combined TRACON& Tower with Radar,20,16,43,0,79,0,0,75,1,76,20,16,118,1,155,52,0,52,207
12/13/2020,ILM,NC,ASO,EN,Combined TRACON& Tower with Radar,24,20,45,7,96,0,0,10,1,11,24,20,55,8,107,38,0,38,145
12/14/2020,ILM,NC,ASO,EN,Combined TRACON& Tower with Radar,24,19,28,8,79,0,0,5,3,8,24,19,33,11,87,8,4,12,99
12/15/2020,ILM,NC,ASO,EN,Combined TRACON& Tower with Radar,18,21,55,14,108,0,3,34,10,47,18,24,89,24,155,34,0,34,189
12/16/2020,ILM,NC,ASO,EN,Combined TRACON& Tower with Radar,20,14,19,26,79,0,0,0,0,0,20,14,19,26,79,0,0,0,79
12/17/2020,ILM,NC,ASO,EN,Combined TRACON& Tower with Radar,24,18,65,20,127,0,0,9,5,14,24,18,74,25,141,95,2,97,238
12/18/2020,ILM,NC,ASO,EN,Combined TRACON& Tower with Radar,24,22,60,21,127,0,1,47,13,61,24,23,107,34,188,6,8,14,202
12/19/2020,ILM,NC,ASO,EN,Combined TRACON& Tower with Radar,30,25,66,10,131,0,2,70,22,94,30,27,136,32,225,22,0,22,247
12/20/2020,ILM,NC,ASO,EN,Combined TRACON& Tower with Radar,24,20,17,3,64,0,0,0,3,3,24,20,17,6,67,0,0,0,67
12/21/2020,ILM,NC,ASO,EN,Combined TRACON& Tower with Radar,26,24,29,19,98,0,1,12,7,20,26,25,41,26,118,36,6,42,160
12/22/2020,ILM,NC,ASO,EN,Combined TRACON& Tower with Radar,24,28,36,22,110,0,0,34,14,48,24,28,70,36,158,78,10,88,246
12/23/2020,ILM,NC,ASO,EN,Combined TRACON& Tower with Radar,24,32,32,5,93,0,0,50,1,51,24,32,82,6,144,18,4,22,166
12/24/2020,ILM,NC,ASO,EN,Combined TRACON& Tower with Radar,20,21,15,0,56,0,1,2,0,3,20,22,17,0,59,0,0,0,59
12/25/2020,ILM,NC,ASO,EN,Combined TRACON& Tower with Radar,18,8,5,0,31,0,2,3,0,5,18,10,8,0,36,0,0,0,36
12/26/2020,ILM,NC,ASO,EN,Combined TRACON& Tower with Radar,27,28,53,0,108,0,1,36,0,37,27,29,89,0,145,16,0,16,161
12/27/2020,ILM,NC,ASO,EN,Combined TRACON& Tower with Radar,24,31,47,0,102,0,1,42,0,43,24,32,89,0,145,16,0,16,161
12/28/2020,ILM,NC,ASO,EN,Combined TRACON& Tower with Radar,24,29,23,7,83,0,1,29,5,35,24,30,52,12,118,44,12,56,174
12/29/2020,ILM,NC,ASO,EN,Combined TRACON& Tower with Radar,23,33,46,38,140,0,2,49,2,53,23,35,95,40,193,68,18,86,279
12/30/2020,ILM,NC,ASO,EN,Combined TRACON& Tower with Radar,24,27,31,15,97,0,2,64,3,69,24,29,95,18,166,80,10,90,256
12/31/2020,ILM,NC,ASO,EN,Combined TRACON& Tower with Radar,18,21,17,0,56,0,0,2,0,2,18,21,19,0,58,14,0,14,72
01/01/2021,ILM,NC,ASO,EN,Combined TRACON& Tower with Radar,18,21,8,0,47,0,0,0,0,0,18,21,8,0,47,0,0,0,47
01/02/2021,ILM,NC,ASO,EN,Combined TRACON& Tower with Radar,27,31,57,0,115,0,0,4,0,4,27,31,61,0,119,0,0,0,119
01/03/2021,ILM,NC,ASO,EN,Combined TRACON& Tower with Radar,24,32,54,0,110,0,1,25,5,31,24,33,79,5,141,10,0,10,151
01/04/2021,ILM,NC,ASO,EN,Combined TRACON& Tower with Radar,24,30,25,30,109,0,2,29,4,35,24,32,54,34,144,0,34,34,178
01/05/2021,ILM,NC,ASO,EN,Combined TRACON& Tower with Radar,19,28,21,55,123,0,2,3,8,13,19,30,24,63,136,14,44,58,194
01/06/2021,ILM,NC,ASO,EN,Combined TRACON& Tower with Radar,19,16,31,20,86,0,4,35,14,53,19,20,66,34,139,22,28,50,189
01/07/2021,ILM,NC,ASO,EN,Combined TRACON& Tower with Radar,19,14,23,4,60,0,0,31,3,34,19,14,54,7,94,0,0,0,94
01/08/2021,ILM,NC,ASO,EN,Combined TRACON& Tower with Radar,23,25,35,22,105,0,0,4,4,8,23,25,39,26,113,0,20,20,133
01/09/2021,ILM,NC,ASO,EN,Combined TRACON& Tower with Radar,19,20,45,10,94,0,0,37,2,39,19,20,82,12,133,20,16,36,169
01/10/2021,ILM,NC,ASO,EN,Combined TRACON& Tower with Radar,24,18,48,15,105,0,0,54,4,58,24,18,102,19,163,52,20,72,235
01/11/2021,ILM,NC,ASO,EN,Combined TRACON& Tower with Radar,23,26,21,14,84,0,0,21,1,22,23,26,42,15,106,4,22,26,132
01/12/2021,ILM,NC,ASO,EN,Combined TRACON& Tower with Radar,19,17,18,14,68,0,1,1,0,2,19,18,19,14,70,0,0,0,70
01/13/2021,ILM,NC,ASO,EN,Combined TRACON& Tower with Radar,19,16,26,13,74,0,3,35,11,49,19,19,61,24,123,14,12,26,149
01/14/2021,ILM,NC,ASO,EN,Combined TRACON& Tower with Radar,25,27,40,22,114,0,2,36,9,47,25,29,76,31,161,92,16,108,269
01/15/2021,ILM,NC,ASO,EN,Combined TRACON& Tower with Radar,24,22,31,19,96,0,1,27,11,39,24,23,58,30,135,84,18,102,237
01/16/2021,ILM,NC,ASO,EN,Combined TRACON& Tower with Radar,19,23,16,11,69,0,1,11,8,20,19,24,27,19,89,4,0,4,93
01/17/2021,ILM,NC,ASO,EN,Combined TRACON& Tower with Radar,22,11,46,10,89,0,1,82,13,96,22,12,128,23,185,54,2,56,241
01/18/2021,ILM,NC,ASO,EN,Combined TRACON& Tower with Radar,23,24,27,5,79,0,3,31,8,42,23,27,58,13,121,38,0,38,159
01/19/2021,ILM,NC,ASO,EN,Combined TRACON& Tower with Radar,19,11,42,49,121,0,3,45,22,70,19,14,87,71,191,26,76,102,293
01/20/2021,ILM,NC,ASO,EN,Combined TRACON& Tower with Radar,19,10,34,22,85,0,1,33,3,37,19,11,67,25,122,46,26,72,194
01/21/2021,ILM,NC,ASO,EN,Combined TRACON& Tower with Radar,23,24,21,19,87,0,1,32,5,38,23,25,53,24,125,49,12,61,186
01/22/2021,ILM,NC,ASO,EN,Combined TRACON& Tower with Radar,24,30,41,24,119,0,0,62,16,78,24,30,103,40,197,78,38,116,313
01/23/2021,ILM,NC,ASO,EN,Combined TRACON& Tower with Radar,19,9,40,27,95,0,4,42,14,60,19,13,82,41,155,38,10,48,203
01/24/2021,ILM,NC,ASO,EN,Combined TRACON& Tower with Radar,24,17,49,10,100,0,1,73,17,91,24,18,122,27,191,44,16,60,251
01/25/2021,ILM,NC,ASO,EN,Combined TRACON& Tower with Radar,25,22,9,0,56,0,0,0,0,0,25,22,9,0,56,0,0,0,56
01/26/2021,ILM,NC,ASO,EN,Combined TRACON& Tower with Radar,19,10,25,28,82,0,0,0,1,1,19,10,25,29,83,0,48,48,131
01/27/2021,ILM,NC,ASO,EN,Combined TRACON& Tower with Radar,19,7,14,8,48,0,0,1,5,6,19,7,15,13,54,0,0,0,54
01/28/2021,ILM,NC,ASO,EN,Combined TRACON& Tower with Radar,17,32,36,9,94,0,3,15,9,27,17,35,51,18,121,0,6,6,127
01/29/2021,ILM,NC,ASO,EN,Combined TRACON& Tower with Radar,22,28,33,16,99,0,2,66,8,76,22,30,99,24,175,62,20,82,257
01/30/2021,ILM,NC,ASO,EN,Combined TRACON& Tower with Radar,19,16,51,5,91,0,2,94,12,108,19,18,145,17,199,40,0,40,239
01/31/2021,ILM,NC,ASO,EN,Combined TRACON& Tower with Radar,24,16,27,2,69,0,0,1,1,2,24,16,28,3,71,0,0,0,71
02/01/2021,ILM,NC,ASO,EN,Combined TRACON& Tower with Radar,23,19,23,47,112,0,0,0,0,0,23,19,23,47,112,0,0,0,112
02/02/2021,ILM,NC,ASO,EN,Combined TRACON& Tower with Radar,19,15,28,26,88,0,2,33,16,51,19,17,61,42,139,18,79,97,236
02/03/2021,ILM,NC,ASO,EN,Combined TRACON& Tower with Radar,19,17,27,41,104,0,1,45,11,57,19,18,72,52,161,10,70,80,241
02/04/2021,ILM,NC,ASO,EN,Combined TRACON& Tower with Radar,25,25,46,55,151,0,3,83,5,91,25,28,129,60,242,42,68,110,352
02/05/2021,ILM,NC,ASO,EN,Combined TRACON& Tower with Radar,24,28,28,10,90,0,2,0,0,2,24,30,28,10,92,8,12,20,112
02/06/2021,ILM,NC,ASO,EN,Combined TRACON& Tower with Radar,19,26,30,4,79,0,1,49,6,56,19,27,79,10,135,62,0,62,197
02/07/2021,ILM,NC,ASO,EN,Combined TRACON& Tower with Radar,24,11,19,5,59,0,1,8,6,15,24,12,27,11,74,8,0,8,82
02/08/2021,ILM,NC,ASO,EN,Combined TRACON& Tower with Radar,23,31,54,14,122,0,0,47,1,48,23,31,101,15,170,52,8,60,230
02/09/2021,ILM,NC,ASO,EN,Combined TRACON& Tower with Radar,19,18,39,20,96,0,0,21,14,35,19,18,60,34,131,48,18,66,197
02/10/2021,ILM,NC,ASO,EN,Combined TRACON& Tower with Radar,19,23,41,34,117,0,0,21,4,25,19,23,62,38,142,52,4,56,198
02/11/2021,ILM,NC,ASO,EN,Combined TRACON& Tower with Radar,27,24,37,12,100,0,0,0,0,0,27,24,37,12,100,0,0,0,100
02/12/2021,ILM,NC,ASO,EN,Combined TRACON& Tower with Radar,24,38,28,0,90,0,0,0,0,0,24,38,28,0,90,0,0,0,90
02/13/2021,ILM,NC,ASO,EN,Combined TRACON& Tower with Radar,19,22,21,8,70,0,0,0,0,0,19,22,21,8,70,0,0,0,70
02/14/2021,ILM,NC,ASO,EN,Combined TRACON& Tower with Radar,21,30,28,0,79,0,0,0,0,0,21,30,28,0,79,0,0,0,79
02/15/2021,ILM,NC,ASO,EN,Combined TRACON& Tower with Radar,22,24,32,0,78,0,0,0,0,0,22,24,32,0,78,0,0,0,78
02/16/2021,ILM,NC,ASO,EN,Combined TRACON& Tower with Radar,17,12,27,55,111,0,2,28,14,44,17,14,55,69,155,18,42,60,215
02/17/2021,ILM,NC,ASO,EN,Combined TRACON& Tower with Radar,17,29,40,18,104,0,0,41,9,50,17,29,81,27,154,74,12,86,240
02/18/2021,ILM,NC,ASO,EN,Combined TRACON& Tower with Radar,22,20,3,1,46,0,0,0,0,0,22,20,3,1,46,0,0,0,46
02/19/2021,ILM,NC,ASO,EN,Combined TRACON& Tower with Radar,21,26,26,0,73,0,0,0,0,0,21,26,26,0,73,0,0,0,73
02/20/2021,ILM,NC,ASO,EN,Combined TRACON& Tower with Radar,19,26,48,16,109,0,1,90,17,108,19,27,138,33,217,47,0,47,264
02/21/2021,ILM,NC,ASO,EN,Combined TRACON& Tower with Radar,24,18,69,6,117,0,1,72,13,86,24,19,141,19,203,48,10,58,261
02/22/2021,ILM,NC,ASO,EN,Combined TRACON& Tower with Radar,23,22,27,38,110,0,0,4,8,12,23,22,31,46,122,0,18,18,140
02/23/2021,ILM,NC,ASO,EN,Combined TRACON& Tower with Radar,19,26,61,55,161,0,3,63,5,71,19,29,124,60,232,28,18,46,278
02/24/2021,ILM,NC,ASO,EN,Combined TRACON& Tower with Radar,19,19,41,47,126,0,8,59,6,73,19,27,100,53,199,26,0,26,225
02/25/2021,ILM,NC,ASO,EN,Combined TRACON& Tower with Radar,23,36,59,12,130,0,2,69,21,92,23,38,128,33,222,58,20,78,300
02/26/2021,ILM,NC,ASO,EN,Combined TRACON& Tower with Radar,24,34,49,9,116,0,0,8,11,19,24,34,57,20,135,8,20,28,163
02/27/2021,ILM,NC,ASO,EN,Combined TRACON& Tower with Radar,19,22,33,7,81,0,0,42,6,48,19,22,75,13,129,78,8,86,215
02/28/2021,ILM,NC,ASO,EN,Combined TRACON& Tower with Radar,24,23,37,8,92,0,1,17,2,20,24,24,54,10,112,30,0,30,142
03/01/2021,ILM,NC,ASO,EN,Combined TRACON& Tower with Radar,23,20,34,61,138,0,3,14,8,25,23,23,48,69,163,12,43,55,218
03/02/2021,ILM,NC,ASO,EN,Combined TRACON& Tower with Radar,20,23,47,43,133,0,0,49,11,60,20,23,96,54,193,54,38,92,285
03/03/2021,ILM,NC,ASO,EN,Combined TRACON& Tower with Radar,20,21,22,14,77,0,1,26,1,28,20,22,48,15,105,58,8,66,171
03/04/2021,ILM,NC,ASO,EN,Combined TRACON& Tower with Radar,26,38,38,50,152,0,1,75,20,96,26,39,113,70,248,98,84,182,430
03/05/2021,ILM,NC,ASO,EN,Combined TRACON& Tower with Radar,26,24,38,14,102,0,0,56,1,57,26,24,94,15,159,86,26,112,271
03/06/2021,ILM,NC,ASO,EN,Combined TRACON& Tower with Radar,24,30,27,6,87,0,0,60,0,60,24,30,87,6,147,90,14,104,251
03/07/2021,ILM,NC,ASO,EN,Combined TRACON& Tower with Radar,25,28,51,10,114,0,3,66,4,73,25,31,117,14,187,58,0,58,245
03/08/2021,ILM,NC,ASO,EN,Combined TRACON& Tower with Radar,26,20,29,27,102,0,2,52,3,57,26,22,81,30,159,32,24,56,215
03/09/2021,ILM,NC,ASO,EN,Combined TRACON& Tower with Radar,23,20,28,14,85,0,0,61,2,63,23,20,89,16,148,54,0,54,202
03/10/2021,ILM,NC,ASO,EN,Combined TRACON& Tower with Radar,23,20,51,29,123,0,2,56,8,66,23,22,107,37,189,52,27,79,268
03/11/2021,ILM,NC,ASO,EN,Combined TRACON& Tower with Radar,26,26,60,54,166,0,0,54,11,65,26,26,114,65,231,42,44,86,317
03/12/2021,ILM,NC,ASO,EN,Combined TRACON& Tower with Radar,26,30,43,35,134,0,2,43,6,51,26,32,86,41,185,38,14,52,237
03/13/2021,ILM,NC,ASO,EN,Combined TRACON& Tower with Radar,24,27,57,38,146,0,1,58,3,62,24,28,115,41,208,58,16,74,282
03/14/2021,ILM,NC,ASO,EN,Combined TRACON& Tower with Radar,29,28,61,22,140,0,1,70,10,81,29,29,131,32,221,32,0,32,253
03/15/2021,ILM,NC,ASO,EN,Combined TRACON& Tower with Radar,26,19,49,38,132,0,0,30,8,38,26,19,79,46,170,22,0,22,192
03/16/2021,ILM,NC,ASO,EN,Combined TRACON& Tower with Radar,23,19,22,8,72,0,1,0,0,1,23,20,22,8,73,62,0,62,135
03/17/2021,ILM,NC,ASO,EN,Combined TRACON& Tower with Radar,22,22,37,22,103,0,0,7,0,7,22,22,44,22,110,0,0,0,110
03/18/2021,ILM,NC,ASO,EN,Combined TRACON& Tower with Radar,30,26,31,7,94,0,0,0,7,7,30,26,31,14,101,0,10,10,111
03/19/2021,ILM,NC,ASO,EN,Combined TRACON& Tower with Radar,26,29,43,25,123,0,0,5,9,14,26,29,48,34,137,24,0,24,161
03/20/2021,ILM,NC,ASO,EN,Combined TRACON& Tower with Radar,24,35,30,30,119,0,0,11,5,16,24,35,41,35,135,0,0,0,135
03/21/2021,ILM,NC,ASO,EN,Combined TRACON& Tower with Radar,29,24,37,8,98,0,1,17,0,18,29,25,54,8,116,8,2,10,126
03/22/2021,ILM,NC,ASO,EN,Combined TRACON& Tower with Radar,26,36,31,17,110,0,0,5,1,6,26,36,36,18,116,0,0,0,116
03/23/2021,ILM,NC,ASO,EN,Combined TRACON& Tower with Radar,23,18,35,11,87,0,0,15,0,15,23,18,50,11,102,58,0,58,160
03/24/2021,ILM,NC,ASO,EN,Combined TRACON& Tower with Radar,23,21,55,28,127,0,1,16,1,18,23,22,71,29,145,36,0,36,181
03/25/2021,ILM,NC,ASO,EN,Combined TRACON& Tower with Radar,25,30,55,107,217,0,0,52,18,70,25,30,107,125,287,36,78,114,401
03/26/2021,ILM,NC,ASO,EN,Combined TRACON& Tower with Radar,27,35,56,35,153,0,2,17,11,30,27,37,73,46,183,2,26,28,211
03/27/2021,ILM,NC,ASO,EN,Combined TRACON& Tower with Radar,26,32,52,8,118,0,1,41,3,45,26,33,93,11,163,46,0,46,209
03/28/2021,ILM,NC,ASO,EN,Combined TRACON& Tower with Radar,26,26,32,2,86,0,0,9,2,11,26,26,41,4,97,34,0,34,131
03/29/2021,ILM,NC,ASO,EN,Combined TRACON& Tower with Radar,26,29,57,23,135,0,0,58,3,61,26,29,115,26,196,44,36,80,276
03/30/2021,ILM,NC,ASO,EN,Combined TRACON& Tower with Radar,23,18,42,55,138,0,0,61,9,70,23,18,103,64,208,52,18,70,278
03/31/2021,ILM,NC,ASO,EN,Combined TRACON& Tower with Radar,25,30,42,16,113,0,3,12,4,19,25,33,54,20,132,10,0,10,142
04/01/2021,ILM,NC,ASO,EN,Combined TRACON& Tower with Radar,28,37,46,40,151,0,2,15,1,18,28,39,61,41,169,0,10,10,179
04/02/2021,ILM,NC,ASO,EN,Combined TRACON& Tower with Radar,30,29,51,10,120,0,0,47,2,49,30,29,98,12,169,16,0,16,185
04/03/2021,ILM,NC,ASO,EN,Combined TRACON& Tower with Radar,30,25,43,1,99,0,10,78,1,89,30,35,121,2,188,52,0,52,240
04/04/2021,ILM,NC,ASO,EN,Combined TRACON& Tower with Radar,29,24,33,3,89,0,1,48,1,50,29,25,81,4,139,34,0,34,173
04/05/2021,ILM,NC,ASO,EN,Combined TRACON& Tower with Radar,30,30,60,22,142,0,1,75,4,80,30,31,135,26,222,22,46,68,290
04/06/2021,ILM,NC,ASO,EN,Combined TRACON& Tower with Radar,27,22,42,25,116,0,3,65,4,72,27,25,107,29,188,80,22,102,290
04/07/2021,ILM,NC,ASO,EN,Combined TRACON& Tower with Radar,30,23,44,34,131,1,1,49,8,59,31,24,93,42,190,62,24,86,276
04/08/2021,ILM,NC,ASO,EN,Combined TRACON& Tower with Radar,32,29,49,47,157,0,1,46,7,54,32,30,95,54,211,60,54,114,325
04/09/2021,ILM,NC,ASO,EN,Combined TRACON& Tower with Radar,29,33,53,33,148,0,2,49,20,71,29,35,102,53,219,40,62,102,321
04/10/2021,ILM,NC,ASO,EN,Combined TRACON& Tower with Radar,28,32,34,27,121,0,3,22,8,33,28,35,56,35,154,60,0,60,214
04/11/2021,ILM,NC,ASO,EN,Combined TRACON& Tower with Radar,31,36,44,12,123,0,1,40,6,47,31,37,84,18,170,61,0,61,231
04/12/2021,ILM,NC,ASO,EN,Combined TRACON& Tower with Radar,30,25,42,40,137,0,0,45,5,50,30,25,87,45,187,54,50,104,291
04/13/2021,ILM,NC,ASO,EN,Combined TRACON& Tower with Radar,29,19,44,24,116,0,0,43,2,45,29,19,87,26,161,50,4,54,215
04/14/2021,ILM,NC,ASO,EN,Combined TRACON& Tower with Radar,30,24,63,47,164,0,5,43,5,53,30,29,106,52,217,24,44,68,285
04/15/2021,ILM,NC,ASO,EN,Combined TRACON& Tower with Radar,30,23,50,49,152,0,0,24,8,32,30,23,74,57,184,28,38,66,250
04/16/2021,ILM,NC,ASO,EN,Combined TRACON& Tower with Radar,30,32,72,64,198,0,1,69,8,78,30,33,141,72,276,62,40,102,378
04/17/2021,ILM,NC,ASO,EN,Combined TRACON& Tower with Radar,28,23,40,11,102,0,5,55,5,65,28,28,95,16,167,46,6,52,219
04/18/2021,ILM,NC,ASO,EN,Combined TRACON& Tower with Radar,29,31,45,9,114,0,1,57,10,68,29,32,102,19,182,48,0,48,230
04/19/2021,ILM,NC,ASO,EN,Combined TRACON& Tower with Radar,30,19,48,39,136,0,2,16,3,21,30,21,64,42,157,22,10,32,189
04/20/2021,ILM,NC,ASO,EN,Combined TRACON& Tower with Radar,28,24,42,28,122,0,0,50,4,54,28,24,92,32,176,64,24,88,264
04/21/2021,ILM,NC,ASO,EN,Combined TRACON& Tower with Radar,29,32,39,49,149,0,1,19,8,28,29,33,58,57,177,2,25,27,204
04/22/2021,ILM,NC,ASO,EN,Combined TRACON& Tower with Radar,30,25,60,42,157,0,2,48,14,64,30,27,108,56,221,88,6,94,315
04/23/2021,ILM,NC,ASO,EN,Combined TRACON& Tower with Radar,29,31,38,18,116,0,0,59,14,73,29,31,97,32,189,10,0,10,199
04/24/2021,ILM,NC,ASO,EN,Combined TRACON& Tower with Radar,27,22,24,15,88,0,1,16,5,22,27,23,40,20,110,32,2,34,144
04/25/2021,ILM,NC,ASO,EN,Combined TRACON& Tower with Radar,29,33,49,13,124,0,0,25,3,28,29,33,74,16,152,68,2,70,222
04/26/2021,ILM,NC,ASO,EN,Combined TRACON& Tower with Radar,30,23,35,27,115,0,1,61,8,70,30,24,96,35,185,66,16,82,267
04/27/2021,ILM,NC,ASO,EN,Combined TRACON& Tower with Radar,29,22,46,9,106,0,2,29,12,43,29,24,75,21,149,40,0,40,189
04/28/2021,ILM,NC,ASO,EN,Combined TRACON& Tower with Radar,30,28,40,15,113,0,3,55,7,65,30,31,95,22,178,22,12,34,212
04/29/2021,ILM,NC,ASO,EN,Combined TRACON& Tower with Radar,30,32,56,29,147,0,3,21,8,32,30,35,77,37,179,24,44,68,247
04/30/2021,ILM,NC,ASO,EN,Combined TRACON& Tower with Radar,30,27,41,18,116,0,3,16,10,29,30,30,57,28,145,12,12,24,169
05/01/2021,ILM,NC,ASO,EN,Combined TRACON& Tower with Radar,30,24,47,30,131,0,3,69,18,90,30,27,116,48,221,10,14,24,245
05/02/2021,ILM,NC,ASO,EN,Combined TRACON& Tower with Radar,29,24,62,4,119,0,3,69,5,77,29,27,131,9,196,68,0,68,264
05/03/2021,ILM,NC,ASO,EN,Combined TRACON& Tower with Radar,27,20,35,17,99,0,0,4,3,7,27,20,39,20,106,30,4,34,140
05/04/2021,ILM,NC,ASO,EN,Combined TRACON& Tower with Radar,33,18,35,20,106,0,0,29,12,41,33,18,64,32,147,36,18,54,201
05/05/2021,ILM,NC,ASO,EN,Combined TRACON& Tower with Radar,29,28,40,21,118,0,0,8,10,18,29,28,48,31,136,22,4,26,162
05/06/2021,ILM,NC,ASO,EN,Combined TRACON& Tower with Radar,33,39,58,20,150,0,2,43,1,46,33,41,101,21,196,100,26,126,322
05/07/2021,ILM,NC,ASO,EN,Combined TRACON& Tower with Radar,39,29,43,18,129,0,0,18,1,19,39,29,61,19,148,76,4,80,228
05/08/2021,ILM,NC,ASO,EN,Combined TRACON& Tower with Radar,32,45,44,24,145,0,2,57,3,62,32,47,101,27,207,38,16,54,261
05/09/2021,ILM,NC,ASO,EN,Combined TRACON& Tower with Radar,34,34,48,15,131,0,22,47,2,71,34,56,95,17,202,42,0,42,244
05/10/2021,ILM,NC,ASO,EN,Combined TRACON& Tower with Radar,33,26,52,23,134,0,3,13,1,17,33,29,65,24,151,16,0,16,167
05/11/2021,ILM,NC,ASO,EN,Combined TRACON& Tower with Radar,32,33,54,61,180,0,5,19,2,26,32,38,73,63,206,6,0,6,212
05/12/2021,ILM,NC,ASO,EN,Combined TRACON& Tower with Radar,33,29,38,2,102,0,0,2,0,2,33,29,40,2,104,0,0,0,104
05/13/2021,ILM,NC,ASO,EN,Combined TRACON& Tower with Radar,35,38,26,36,135,0,5,35,6,46,35,43,61,42,181,58,10,68,249
05/14/2021,ILM,NC,ASO,EN,Combined TRACON& Tower with Radar,34,38,54,16,142,0,5,52,7,64,34,43,106,23,206,70,2,72,278
05/15/2021,ILM,NC,ASO,EN,Combined TRACON& Tower with Radar,31,24,48,14,117,0,11,91,2,104,31,35,139,16,221,38,0,38,259
05/16/2021,ILM,NC,ASO,EN,Combined TRACON& Tower with Radar,34,37,47,3,121,0,11,69,1,81,34,48,116,4,202,64,0,64,266
05/17/2021,ILM,NC,ASO,EN,Combined TRACON& Tower with Radar,35,22,37,17,111,0,4,34,9,47,35,26,71,26,158,24,42,66,224
05/18/2021,ILM,NC,ASO,EN,Combined TRACON& Tower with Radar,31,34,53,39,157,0,3,44,5,52,31,37,97,44,209,22,6,28,237
05/19/2021,ILM,NC,ASO,EN,Combined TRACON& Tower with Radar,32,32,44,11,119,0,6,42,8,56,32,38,86,19,175,36,14,50,225
05/20/2021,ILM,NC,ASO,EN,Combined TRACON& Tower with Radar,34,30,48,17,129,0,2,53,3,58,34,32,101,20,187,52,12,64,251
05/21/2021,ILM,NC,ASO,EN,Combined TRACON& Tower with Radar,36,37,49,23,145,0,6,69,11,86,36,43,118,34,231,26,20,46,277
05/22/2021,ILM,NC,ASO,EN,Combined TRACON& Tower with Radar,34,28,48,13,123,0,1,65,1,67,34,29,113,14,190,34,0,34,224
05/23/2021,ILM,NC,ASO,EN,Combined TRACON& Tower with Radar,33,38,39,4,114,0,2,60,3,65,33,40,99,7,179,61,2,63,242
05/24/2021,ILM,NC,ASO,EN,Combined TRACON& Tower with Radar,33,42,47,9,131,0,1,46,5,52,33,43,93,14,183,28,18,46,229
05/25/2021,ILM,NC,ASO,EN,Combined TRACON& Tower with Radar,31,38,55,31,155,0,2,41,7,50,31,40,96,38,205,56,18,74,279
05/26/2021,ILM,NC,ASO,EN,Combined TRACON& Tower with Radar,32,45,48,7,132,0,4,46,3,53,32,49,94,10,185,64,8,72,257
05/27/2021,ILM,NC,ASO,EN,Combined TRACON& Tower with Radar,36,44,51,24,155,0,3,40,13,56,36,47,91,37,211,14,8,22,233
05/28/2021,ILM,NC,ASO,EN,Combined TRACON& Tower with Radar,35,34,52,25,146,0,1,48,5,54,35,35,100,30,200,8,6,14,214
05/29/2021,ILM,NC,ASO,EN,Combined TRACON& Tower with Radar,35,28,27,4,94,0,1,36,0,37,35,29,63,4,131,26,0,26,157
05/30/2021,ILM,NC,ASO,EN,Combined TRACON& Tower with Radar,30,22,25,2,79,0,0,8,0,8,30,22,33,2,87,12,0,12,99
05/31/2021,ILM,NC,ASO,EN,Combined TRACON& Tower with Radar,32,44,64,1,141,0,1,78,0,79,32,45,142,1,220,78,0,78,298
06/01/2021,ILM,NC,ASO,EN,Combined TRACON& Tower with Radar,31,30,68,48,177,0,5,40,9,54,31,35,108,57,231,36,52,88,319
06/02/2021,ILM,NC,ASO,EN,Combined TRACON& Tower with Radar,33,29,51,21,134,0,0,13,2,15,33,29,64,23,149,52,6,58,207
06/03/2021,ILM,NC,ASO,EN,Combined TRACON& Tower with Radar,33,32,32,11,108,0,0,2,4,6,33,32,34,15,114,10,2,12,126
06/04/2021,ILM,NC,ASO,EN,Combined TRACON& Tower with Radar,39,26,45,3,113,0,0,3,5,8,39,26,48,8,121,0,0,0,121
06/05/2021,ILM,NC,ASO,EN,Combined TRACON& Tower with Radar,43,29,34,0,106,0,0,56,6,62,43,29,90,6,168,76,0,76,244
06/06/2021,ILM,NC,ASO,EN,Combined TRACON& Tower with Radar,39,29,31,0,99,0,0,7,4,11,39,29,38,4,110,68,0,68,178
06/07/2021,ILM,NC,ASO,EN,Combined TRACON& Tower with Radar,36,30,30,12,108,0,1,7,10,18,36,31,37,22,126,37,22,59,185
06/08/2021,ILM,NC,ASO,EN,Combined TRACON& Tower with Radar,35,26,27,4,92,0,3,43,2,48,35,29,70,6,140,46,4,50,190
06/09/2021,ILM,NC,ASO,EN,Combined TRACON& Tower with Radar,38,32,51,8,129,0,0,16,3,19,38,32,67,11,148,44,0,44,192
06/10/2021,ILM,NC,ASO,EN,Combined TRACON& Tower with Radar,37,38,51,1,127,0,0,26,5,31,37,38,77,6,158,28,6,34,192
06/11/2021,ILM,NC,ASO,EN,Combined TRACON& Tower with Radar,39,40,43,33,155,0,1,25,6,32,39,41,68,39,187,42,6,48,235
06/12/2021,ILM,NC,ASO,EN,Combined TRACON& Tower with Radar,41,25,39,14,119,0,0,4,5,9,41,25,43,19,128,4,0,4,132
06/13/2021,ILM,NC,ASO,EN,Combined TRACON& Tower with Radar,39,30,73,5,147,0,0,27,2,29,39,30,100,7,176,70,0,70,246
06/14/2021,ILM,NC,ASO,EN,Combined TRACON& Tower with Radar,37,26,53,30,146,0,3,52,4,59,37,29,105,34,205,52,32,84,289
06/15/2021,ILM,NC,ASO,EN,Combined TRACON& Tower with Radar,29,34,59,25,147,0,2,26,6,34,29,36,85,31,181,0,6,6,187
06/16/2021,ILM,NC,ASO,EN,Combined TRACON& Tower with Radar,30,27,45,9,111,0,3,75,5,83,30,30,120,14,194,28,46,74,268
06/17/2021,ILM,NC,ASO,EN,Combined TRACON& Tower with Radar,39,35,59,1,134,0,3,88,5,96,39,38,147,6,230,48,22,70,300
06/18/2021,ILM,NC,ASO,EN,Combined TRACON& Tower with Radar,39,37,58,20,154,0,1,49,12,62,39,38,107,32,216,60,30,90,306
06/19/2021,ILM,NC,ASO,EN,Combined TRACON& Tower with Radar,43,44,50,9,146,0,1,56,9,66,43,45,106,18,212,32,2,34,246
06/20/2021,ILM,NC,ASO,EN,Combined TRACON& Tower with Radar,39,21,36,11,107,0,1,6,0,7,39,22,42,11,114,0,0,0,114
06/21/2021,ILM,NC,ASO,EN,Combined TRACON& Tower with Radar,39,24,50,19,132,0,2,37,10,49,39,26,87,29,181,22,40,62,243
06/22/2021,ILM,NC,ASO,EN,Combined TRACON& Tower with Radar,35,30,37,1,103,0,0,5,0,5,35,30,42,1,108,0,0,0,108
06/23/2021,ILM,NC,ASO,EN,Combined TRACON& Tower with Radar,37,22,45,22,126,0,1,42,9,52,37,23,87,31,178,72,0,72,250
06/24/2021,ILM,NC,ASO,EN,Combined TRACON& Tower with Radar,37,38,65,48,188,0,2,81,11,94,37,40,146,59,282,70,38,108,390
06/25/2021,ILM,NC,ASO,EN,Combined TRACON& Tower with Radar,39,30,43,24,136,0,1,9,16,26,39,31,52,40,162,28,0,28,190
06/26/2021,ILM,NC,ASO,EN,Combined TRACON& Tower with Radar,41,25,46,16,128,0,2,32,8,42,41,27,78,24,170,90,0,90,260
06/27/2021,ILM,NC,ASO,EN,Combined TRACON& Tower with Radar,39,30,66,15,150,0,1,65,5,71,39,31,131,20,221,36,0,36,257
06/28/2021,ILM,NC,ASO,EN,Combined TRACON& Tower with Radar,38,37,48,8,131,0,3,9,1,13,38,40,57,9,144,6,0,6,150
06/29/2021,ILM,NC,ASO,EN,Combined TRACON& Tower with Radar,35,33,60,27,155,0,2,37,8,47,35,35,97,35,202,30,16,46,248
06/30/2021,ILM,NC,ASO,EN,Combined TRACON& Tower with Radar,36,35,55,64,190,0,3,38,18,59,36,38,93,82,249,59,46,105,354
07/01/2021,ILM,NC,ASO,EN,Combined TRACON& Tower with Radar,41,32,59,8,140,0,3,37,5,45,41,35,96,13,185,22,0,22,207
07/02/2021,ILM,NC,ASO,EN,Combined TRACON& Tower with Radar,40,34,25,1,100,0,0,2,2,4,40,34,27,3,104,0,14,14,118
07/03/2021,ILM,NC,ASO,EN,Combined TRACON& Tower with Radar,43,24,37,0,104,0,0,59,2,61,43,24,96,2,165,39,0,39,204
07/04/2021,ILM,NC,ASO,EN,Combined TRACON& Tower with Radar,32,16,21,0,69,0,2,41,0,43,32,18,62,0,112,6,0,6,118
07/05/2021,ILM,NC,ASO,EN,Combined TRACON& Tower with Radar,41,27,60,0,128,0,3,63,0,66,41,30,123,0,194,90,0,90,284
07/06/2021,ILM,NC,ASO,EN,Combined TRACON& Tower with Radar,35,30,44,13,122,0,4,81,10,95,35,34,125,23,217,75,9,84,301
07/07/2021,ILM,NC,ASO,EN,Combined TRACON& Tower with Radar,36,32,36,10,114,0,0,16,5,21,36,32,52,15,135,30,0,30,165
07/08/2021,ILM,NC,ASO,EN,Combined TRACON& Tower with Radar,45,26,9,0,80,0,0,0,2,2,45,26,9,2,82,0,0,0,82
07/09/2021,ILM,NC,ASO,EN,Combined TRACON& Tower with Radar,45,37,48,47,177,0,1,45,22,68,45,38,93,69,245,16,67,83,328
07/10/2021,ILM,NC,ASO,EN,Combined TRACON& Tower with Radar,42,24,62,14,142,0,2,81,1,84,42,26,143,15,226,42,0,42,268
07/11/2021,ILM,NC,ASO,EN,Combined TRACON& Tower with Radar,40,28,50,8,126,0,1,27,3,31,40,29,77,11,157,34,0,34,191
07/12/2021,ILM,NC,ASO,EN,Combined TRACON& Tower with Radar,39,23,40,54,156,0,2,44,10,56,39,25,84,64,212,18,42,60,272
07/13/2021,ILM,NC,ASO,EN,Combined TRACON& Tower with Radar,34,32,52,13,131,0,2,35,5,42,34,34,87,18,173,18,0,18,191
07/14/2021,ILM,NC,ASO,EN,Combined TRACON& Tower with Radar,40,28,72,28,168,0,2,43,8,53,40,30,115,36,221,40,40,80,301
07/15/2021,ILM,NC,ASO,EN,Combined TRACON& Tower with Radar,41,37,50,20,148,0,2,53,8,63,41,39,103,28,211,26,10,36,247
07/16/2021,ILM,NC,ASO,EN,Combined TRACON& Tower with Radar,39,35,56,10,140,0,2,60,7,69,39,37,116,17,209,36,0,36,245
07/17/2021,ILM,NC,ASO,EN,Combined TRACON& Tower with Radar,42,25,50,21,138,0,1,68,3,72,42,26,118,24,210,72,0,72,282
07/18/2021,ILM,NC,ASO,EN,Combined TRACON& Tower with Radar,37,24,58,8,127,0,0,43,1,44,37,24,101,9,171,30,0,30,201
07/19/2021,ILM,NC,ASO,EN,Combined TRACON& Tower with Radar,38,26,39,0,103,0,0,1,0,1,38,26,40,0,104,0,0,0,104
07/20/2021,ILM,NC,ASO,EN,Combined TRACON& Tower with Radar,33,38,43,19,133,0,2,17,3,22,33,40,60,22,155,64,0,64,219
07/21/2021,ILM,NC,ASO,EN,Combined TRACON& Tower with Radar,37,31,47,11,126,0,3,33,12,48,37,34,80,23,174,35,0,35,209
07/22/2021,ILM,NC,ASO,EN,Combined TRACON& Tower with Radar,41,48,56,22,167,0,5,47,6,58,41,53,103,28,225,20,18,38,263
07/23/2021,ILM,NC,ASO,EN,Combined TRACON& Tower with Radar,39,28,30,13,110,0,2,50,19,71,39,30,80,32,181,50,0,50,231
07/24/2021,ILM,NC,ASO,EN,Combined TRACON& Tower with Radar,43,27,40,20,130,0,2,93,2,97,43,29,133,22,227,60,0,60,287
07/25/2021,ILM,NC,ASO,EN,Combined TRACON& Tower with Radar,38,24,57,8,127,0,2,67,3,72,38,26,124,11,199,86,0,86,285
07/26/2021,ILM,NC,ASO,EN,Combined TRACON& Tower with Radar,38,30,34,37,139,0,0,35,3,38,38,30,69,40,177,34,12,46,223
07/27/2021,ILM,NC,ASO,EN,Combined TRACON& Tower with Radar,33,31,44,20,128,0,1,32,9,42,33,32,76,29,170,41,4,45,215
07/28/2021,ILM,NC,ASO,EN,Combined TRACON& Tower with Radar,40,28,37,9,114,0,2,36,7,45,40,30,73,16,159,86,0,86,245
07/29/2021,ILM,NC,ASO,EN,Combined TRACON& Tower with Radar,39,45,58,18,160,0,2,81,2,85,39,47,139,20,245,36,19,55,300
07/30/2021,ILM,NC,ASO,EN,Combined TRACON& Tower with Radar,38,29,53,32,152,0,3,43,12,58,38,32,96,44,210,44,2,46,256
07/31/2021,ILM,NC,ASO,EN,Combined TRACON& Tower with Radar,43,32,39,11,125,0,0,37,5,42,43,32,76,16,167,60,0,60,227
08/01/2021,ILM,NC,ASO,EN,Combined TRACON& Tower with Radar,41,29,50,8,128,0,1,21,3,25,41,30,71,11,153,58,0,58,211
08/02/2021,ILM,NC,ASO,EN,Combined TRACON& Tower with Radar,36,34,49,15,134,0,2,44,7,53,36,36,93,22,187,44,22,66,253
08/03/2021,ILM,NC,ASO,EN,Combined TRACON& Tower with Radar,30,28,22,1,81,0,0,0,0,0,30,28,22,1,81,0,0,0,81
08/04/2021,ILM,NC,ASO,EN,Combined TRACON& Tower with Radar,33,38,28,4,103,0,0,2,0,2,33,38,30,4,105,0,0,0,105
08/05/2021,ILM,NC,ASO,EN,Combined TRACON& Tower with Radar,39,26,45,15,125,0,1,19,6,26,39,27,64,21,151,4,30,34,185
08/06/2021,ILM,NC,ASO,EN,Combined TRACON& Tower with Radar,39,32,40,26,137,0,2,8,0,10,39,34,48,26,147,10,0,10,157
08/07/2021,ILM,NC,ASO,EN,Combined TRACON& Tower with Radar,39,22,27,15,103,0,0,7,1,8,39,22,34,16,111,0,0,0,111
08/08/2021,ILM,NC,ASO,EN,Combined TRACON& Tower with Radar,38,28,31,31,128,0,1,72,1,74,38,29,103,32,202,68,0,68,270
08/09/2021,ILM,NC,ASO,EN,Combined TRACON& Tower with Radar,39,23,37,3,102,0,0,68,1,69,39,23,105,4,171,60,0,60,231
08/10/2021,ILM,NC,ASO,EN,Combined TRACON& Tower with Radar,29,22,48,32,131,1,1,45,5,52,30,23,93,37,183,82,10,92,275
08/11/2021,ILM,NC,ASO,EN,Combined TRACON& Tower with Radar,34,23,43,72,172,0,2,60,11,73,34,25,103,83,245,24,30,54,299
08/12/2021,ILM,NC,ASO,EN,Combined TRACON& Tower with Radar,38,34,39,34,145,0,1,57,12,70,38,35,96,46,215,33,32,65,280
08/13/2021,ILM,NC,ASO,EN,Combined TRACON& Tower with Radar,38,31,47,52,168,0,3,46,7,56,38,34,93,59,224,30,16,46,270
08/14/2021,ILM,NC,ASO,EN,Combined TRACON& Tower with Radar,41,17,37,27,122,1,1,70,11,83,42,18,107,38,205,110,0,110,315
08/15/2021,ILM,NC,ASO,EN,Combined TRACON& Tower with Radar,38,30,49,34,151,0,0,19,5,24,38,30,68,39,175,74,0,74,249
08/16/2021,ILM,NC,ASO,EN,Combined TRACON& Tower with Radar,41,33,38,26,138,0,1,24,3,28,41,34,62,29,166,39,16,55,221
08/17/2021,ILM,NC,ASO,EN,Combined TRACON& Tower with Radar,26,30,43,7,106,0,2,15,4,21,26,32,58,11,127,2,0,2,129
08/18/2021,ILM,NC,ASO,EN,Combined TRACON& Tower with Radar,32,37,36,10,115,0,4,38,6,48,32,41,74,16,163,102,0,102,265
08/19/2021,ILM,NC,ASO,EN,Combined TRACON& Tower with Radar,35,34,59,46,174,0,2,32,14,48,35,36,91,60,222,61,68,129,351
08/20/2021,ILM,NC,ASO,EN,Combined TRACON& Tower with Radar,38,29,53,30,150,0,0,16,14,30,38,29,69,44,180,0,6,6,186
08/21/2021,ILM,NC,ASO,EN,Combined TRACON& Tower with Radar,33,21,55,3,112,0,0,33,0,33,33,21,88,3,145,52,0,52,197
08/22/2021,ILM,NC,ASO,EN,Combined TRACON& Tower with Radar,35,25,24,8,92,0,0,37,2,39,35,25,61,10,131,30,0,30,161
08/23/2021,ILM,NC,ASO,EN,Combined TRACON& Tower with Radar,24,18,33,0,75,0,1,19,0,20,24,19,52,0,95,2,0,2,97
08/24/2021,ILM,NC,ASO,EN,Combined TRACON& Tower with Radar,28,33,21,7,89,0,5,34,8,47,28,38,55,15,136,28,12,40,176
08/25/2021,ILM,NC,ASO,EN,Combined TRACON& Tower with Radar,28,33,47,15,123,0,0,27,14,41,28,33,74,29,164,16,12,28,192
08/26/2021,ILM,NC,ASO,EN,Combined TRACON& Tower with Radar,37,37,52,43,169,0,5,53,5,63,37,42,105,48,232,38,44,82,314
08/27/2021,ILM,NC,ASO,EN,Combined TRACON& Tower with Radar,35,26,45,34,140,0,2,24,5,31,35,28,69,39,171,32,0,32,203
08/28/2021,ILM,NC,ASO,EN,Combined TRACON& Tower with Radar,35,19,27,42,123,0,3,72,7,82,35,22,99,49,205,40,0,40,245
08/29/2021,ILM,NC,ASO,EN,Combined TRACON& Tower with Radar,37,23,43,23,126,0,0,51,10,61,37,23,94,33,187,60,0,60,247
08/30/2021,ILM,NC,ASO,EN,Combined TRACON& Tower with Radar,34,32,26,24,116,0,1,17,6,24,34,33,43,30,140,18,36,54,194
08/31/2021,ILM,NC,ASO,EN,Combined TRACON& Tower with Radar,29,23,27,32,111,0,3,38,12,53,29,26,65,44,164,0,54,54,218
09/01/2021,ILM,NC,ASO,EN,Combined TRACON& Tower with Radar,26,34,17,4,81,0,0,3,0,3,26,34,20,4,84,6,0,6,90
09/02/2021,ILM,NC,ASO,EN,Combined TRACON& Tower with Radar,36,32,59,12,139,0,3,35,2,40,36,35,94,14,179,56,6,62,241
09/03/2021,ILM,NC,ASO,EN,Combined TRACON& Tower with Radar,35,37,59,0,131,0,2,66,6,74,35,39,125,6,205,36,0,36,241
09/04/2021,ILM,NC,ASO,EN,Combined TRACON& Tower with Radar,34,23,45,0,102,0,1,74,7,82,34,24,119,7,184,24,0,24,208
09/05/2021,ILM,NC,ASO,EN,Combined TRACON& Tower with Radar,27,24,32,1,84,0,0,57,4,61,27,24,89,5,145,10,0,10,155
09/06/2021,ILM,NC,ASO,EN,Combined TRACON& Tower with Radar,30,35,57,9,131,0,2,38,1,41,30,37,95,10,172,52,0,52,224
09/07/2021,ILM,NC,ASO,EN,Combined TRACON& Tower with Radar,30,31,61,9,131,0,2,11,3,16,30,33,72,12,147,28,20,48,195
09/08/2021,ILM,NC,ASO,EN,Combined TRACON& Tower with Radar,29,29,45,15,118,0,1,22,1,24,29,30,67,16,142,34,16,50,192
09/09/2021,ILM,NC,ASO,EN,Combined TRACON& Tower with Radar,31,23,25,4,83,0,1,6,1,8,31,24,31,5,91,0,8,8,99
09/10/2021,ILM,NC,ASO,EN,Combined TRACON& Tower with Radar,32,32,39,23,126,0,2,39,9,50,32,34,78,32,176,60,6,66,242
09/11/2021,ILM,NC,ASO,EN,Combined TRACON& Tower with Radar,30,19,46,42,137,0,0,65,11,76,30,19,111,53,213,36,56,92,305
09/12/2021,ILM,NC,ASO,EN,Combined TRACON& Tower with Radar,32,26,59,4,121,0,4,57,4,65,32,30,116,8,186,52,10,62,248
09/13/2021,ILM,NC,ASO,EN,Combined TRACON& Tower with Radar,32,27,32,49,140,0,1,54,13,68,32,28,86,62,208,46,38,84,292
09/14/2021,ILM,NC,ASO,EN,Combined TRACON& Tower with Radar,31,20,40,44,135,0,3,49,17,69,31,23,89,61,204,30,62,92,296
09/15/2021,ILM,NC,ASO,EN,Combined TRACON& Tower with Radar,31,23,41,117,212,0,3,29,16,48,31,26,70,133,260,48,56,104,364
09/16/2021,ILM,NC,ASO,EN,Combined TRACON& Tower with Radar,33,21,25,64,143,0,2,18,17,37,33,23,43,81,180,36,20,56,236
09/17/2021,ILM,NC,ASO,EN,Combined TRACON& Tower with Radar,38,25,68,42,173,0,2,13,13,28,38,27,81,55,201,12,20,32,233
09/18/2021,ILM,NC,ASO,EN,Combined TRACON& Tower with Radar,32,16,52,10,110,0,0,57,6,63,32,16,109,16,173,38,2,40,213
09/19/2021,ILM,NC,ASO,EN,Combined TRACON& Tower with Radar,34,26,61,19,140,0,2,63,4,69,34,28,124,23,209,86,0,86,295
09/20/2021,ILM,NC,ASO,EN,Combined TRACON& Tower with Radar,33,23,59,14,129,0,2,14,4,20,33,25,73,18,149,10,0,10,159
09/21/2021,ILM,NC,ASO,EN,Combined TRACON& Tower with Radar,33,24,28,3,88,0,0,0,0,0,33,24,28,3,88,0,0,0,88
09/22/2021,ILM,NC,ASO,EN,Combined TRACON& Tower with Radar,30,29,22,9,90,0,0,2,1,3,30,29,24,10,93,0,0,0,93
09/23/2021,ILM,NC,ASO,EN,Combined TRACON& Tower with Radar,32,34,43,16,125,0,1,14,10,25,32,35,57,26,150,16,14,30,180
09/24/2021,ILM,NC,ASO,EN,Combined TRACON& Tower with Radar,32,28,51,27,138,0,1,77,11,89,32,29,128,38,227,64,8,72,299
09/25/2021,ILM,NC,ASO,EN,Combined TRACON& Tower with Radar,30,25,54,11,120,0,0,66,13,79,30,25,120,24,199,60,2,62,261
09/26/2021,ILM,NC,ASO,EN,Combined TRACON& Tower with Radar,33,24,68,10,135,0,2,66,9,77,33,26,134,19,212,50,0,50,262
09/27/2021,ILM,NC,ASO,EN,Combined TRACON& Tower with Radar,36,34,43,20,133,0,4,43,9,56,36,38,86,29,189,50,0,50,239
09/28/2021,ILM,NC,ASO,EN,Combined TRACON& Tower with Radar,30,21,37,15,103,0,2,41,12,55,30,23,78,27,158,30,14,44,202
09/29/2021,ILM,NC,ASO,EN,Combined TRACON& Tower with Radar,30,35,37,13,115,0,5,56,3,64,30,40,93,16,179,28,0,28,207
09/30/2021,ILM,NC,ASO,EN,Combined TRACON& Tower with Radar,34,30,58,24,146,0,4,32,9,45,34,34,90,33,191,32,6,38,229
10/01/2021,ILM,NC,ASO,EN,Combined TRACON& Tower with Radar,35,44,63,3,145,0,2,50,13,65,35,46,113,16,210,40,4,44,254
10/02/2021,ILM,NC,ASO,EN,Combined TRACON& Tower with Radar,30,32,27,4,93,0,2,55,4,61,30,34,82,8,154,56,0,56,210
10/03/2021,ILM,NC,ASO,EN,Combined TRACON& Tower with Radar,33,23,60,10,126,0,0,41,2,43,33,23,101,12,169,58,0,58,227
10/04/2021,ILM,NC,ASO,EN,Combined TRACON& Tower with Radar,32,44,37,10,123,0,5,22,1,28,32,49,59,11,151,34,4,38,189
10/05/2021,ILM,NC,ASO,EN,Combined TRACON& Tower with Radar,29,32,44,14,119,0,3,33,9,45,29,35,77,23,164,4,36,40,204
10/06/2021,ILM,NC,ASO,EN,Combined TRACON& Tower with Radar,29,26,32,50,137,0,1,23,13,37,29,27,55,63,174,20,32,52,226
10/07/2021,ILM,NC,ASO,EN,Combined TRACON& Tower with Radar,30,28,48,1,107,0,2,11,3,16,30,30,59,4,123,42,0,42,165
10/08/2021,ILM,NC,ASO,EN,Combined TRACON& Tower with Radar,31,26,49,0,106,0,1,3,1,5,31,27,52,1,111,12,0,12,123
10/09/2021,ILM,NC,ASO,EN,Combined TRACON& Tower with Radar,27,25,23,0,75,0,0,1,0,1,27,25,24,0,76,0,0,0,76
10/10/2021,ILM,NC,ASO,EN,Combined TRACON& Tower with Radar,29,32,36,2,99,0,0,3,0,3,29,32,39,2,102,5,0,5,107
10/11/2021,ILM,NC,ASO,EN,Combined TRACON& Tower with Radar,27,28,50,1,106,0,1,4,0,5,27,29,54,1,111,22,0,22,133
10/12/2021,ILM,NC,ASO,EN,Combined TRACON& Tower with Radar,26,20,71,6,123,0,1,11,3,15,26,21,82,9,138,58,0,58,196
10/13/2021,ILM,NC,ASO,EN,Combined TRACON& Tower with Radar,27,32,48,51,158,0,0,39,12,51,27,32,87,63,209,42,61,103,312
10/14/2021,ILM,NC,ASO,EN,Combined TRACON& Tower with Radar,29,38,65,18,150,0,5,56,11,72,29,43,121,29,222,38,6,44,266
10/15/2021,ILM,NC,ASO,EN,Combined TRACON& Tower with Radar,28,32,66,17,143,0,3,52,11,66,28,35,118,28,209,29,12,41,250
10/16/2021,ILM,NC,ASO,EN,Combined TRACON& Tower with Radar,26,30,37,3,96,0,2,71,7,80,26,32,108,10,176,34,0,34,210
10/17/2021,ILM,NC,ASO,EN,Combined TRACON& Tower with Radar,28,36,58,0,122,0,2,68,2,72,28,38,126,2,194,64,0,64,258
10/18/2021,ILM,NC,ASO,EN,Combined TRACON& Tower with Radar,28,26,44,11,109,0,3,43,3,49,28,29,87,14,158,14,38,52,210
10/19/2021,ILM,NC,ASO,EN,Combined TRACON& Tower with Radar,27,25,60,21,133,0,1,48,12,61,27,26,108,33,194,52,6,58,252
10/20/2021,ILM,NC,ASO,EN,Combined TRACON& Tower with Radar,27,32,47,29,135,0,1,51,12,64,27,33,98,41,199,56,42,98,297
10/21/2021,ILM,NC,ASO,EN,Combined TRACON& Tower with Radar,27,45,59,53,184,0,3,60,8,71,27,48,119,61,255,34,56,90,345
10/22/2021,ILM,NC,ASO,EN,Combined TRACON& Tower with Radar,27,33,49,19,128,0,3,33,5,41,27,36,82,24,169,26,4,30,199
10/23/2021,ILM,NC,ASO,EN,Combined TRACON& Tower with Radar,27,29,51,6,113,0,1,50,10,61,27,30,101,16,174,36,0,36,210
10/24/2021,ILM,NC,ASO,EN,Combined TRACON& Tower with Radar,27,40,52,8,127,0,1,58,9,68,27,41,110,17,195,70,8,78,273
10/25/2021,ILM,NC,ASO,EN,Combined TRACON& Tower with Radar,28,33,34,7,102,0,2,13,1,16,28,35,47,8,118,68,0,68,186
10/26/2021,ILM,NC,ASO,EN,Combined TRACON& Tower with Radar,27,38,29,53,147,0,1,20,12,33,27,39,49,65,180,4,26,30,210
10/27/2021,ILM,NC,ASO,EN,Combined TRACON& Tower with Radar,27,30,48,36,141,0,1,50,9,60,27,31,98,45,201,48,22,70,271
10/28/2021,ILM,NC,ASO,EN,Combined TRACON& Tower with Radar,30,49,52,20,151,0,0,25,2,27,30,49,77,22,178,24,0,24,202
10/29/2021,ILM,NC,ASO,EN,Combined TRACON& Tower with Radar,30,38,28,26,122,0,1,8,6,15,30,39,36,32,137,20,10,30,167
10/30/2021,ILM,NC,ASO,EN,Combined TRACON& Tower with Radar,27,32,28,8,95,0,2,58,14,74,27,34,86,22,169,56,0,56,225
10/31/2021,ILM,NC,ASO,EN,Combined TRACON& Tower with Radar,30,27,53,2,112,0,1,45,0,46,30,28,98,2,158,23,0,23,181
11/01/2021,ILM,NC,ASO,EN,Combined TRACON& Tower with Radar,31,30,38,62,161,0,2,51,4,57,31,32,89,66,218,60,52,112,330
11/02/2021,ILM,NC,ASO,EN,Combined TRACON& Tower with Radar,28,17,36,83,164,0,2,52,9,63,28,19,88,92,227,24,74,98,325
11/03/2021,ILM,NC,ASO,EN,Combined TRACON& Tower with Radar,31,30,22,52,135,0,3,42,6,51,31,33,64,58,186,86,26,112,298
11/04/2021,ILM,NC,ASO,EN,Combined TRACON& Tower with Radar,29,34,43,16,122,0,4,28,10,42,29,38,71,26,164,16,8,24,188
11/05/2021,ILM,NC,ASO,EN,Combined TRACON& Tower with Radar,29,29,65,20,143,0,2,28,6,36,29,31,93,26,179,30,0,30,209
11/06/2021,ILM,NC,ASO,EN,Combined TRACON& Tower with Radar,32,9,17,4,62,0,0,4,4,8,32,9,21,8,70,0,0,0,70
11/07/2021,ILM,NC,ASO,EN,Combined TRACON& Tower with Radar,30,24,30,2,86,0,0,5,1,6,30,24,35,3,92,0,4,4,96
11/08/2021,ILM,NC,ASO,EN,Combined TRACON& Tower with Radar,33,19,50,20,122,0,1,26,10,37,33,20,76,30,159,39,0,39,198
11/09/2021,ILM,NC,ASO,EN,Combined TRACON& Tower with Radar,30,23,60,14,127,0,4,75,19,98,30,27,135,33,225,74,0,74,299
11/10/2021,ILM,NC,ASO,EN,Combined TRACON& Tower with Radar,30,38,67,19,154,0,5,73,10,88,30,43,140,29,242,52,20,72,314
11/11/2021,ILM,NC,ASO,EN,Combined TRACON& Tower with Radar,33,29,47,5,114,0,2,43,7,52,33,31,90,12,166,44,2,46,212
11/12/2021,ILM,NC,ASO,EN,Combined TRACON& Tower with Radar,30,22,53,0,105,0,1,59,1,61,30,23,112,1,166,30,0,30,196
11/13/2021,ILM,NC,ASO,EN,Combined TRACON& Tower with Radar,27,24,27,0,78,0,1,76,1,78,27,25,103,1,156,76,0,76,232
11/14/2021,ILM,NC,ASO,EN,Combined TRACON& Tower with Radar,32,13,47,0,92,0,1,75,0,76,32,14,122,0,168,80,0,80,248
11/15/2021,ILM,NC,ASO,EN,Combined TRACON& Tower with Radar,32,26,45,25,128,0,3,52,2,57,32,29,97,27,185,52,53,105,290
11/16/2021,ILM,NC,ASO,EN,Combined TRACON& Tower with Radar,27,23,46,19,115,0,2,59,11,72,27,25,105,30,187,78,24,102,289
11/17/2021,ILM,NC,ASO,EN,Combined TRACON& Tower with Radar,31,28,54,26,139,0,2,80,10,92,31,30,134,36,231,136,6,142,373
11/18/2021,ILM,NC,ASO,EN,Combined TRACON& Tower with Radar,31,26,61,24,142,0,5,46,9,60,31,31,107,33,202,78,32,110,312
11/19/2021,ILM,NC,ASO,EN,Combined TRACON& Tower with Radar,32,25,50,3,110,0,1,35,3,39,32,26,85,6,149,30,0,30,179
11/20/2021,ILM,NC,ASO,EN,Combined TRACON& Tower with Radar,27,22,44,2,95,0,2,71,16,89,27,24,115,18,184,71,0,71,255
11/21/2021,ILM,NC,ASO,EN,Combined TRACON& Tower with Radar,29,20,72,0,121,0,0,62,1,63,29,20,134,1,184,80,0,80,264
11/22/2021,ILM,NC,ASO,EN,Combined TRACON& Tower with Radar,28,21,42,15,106,0,2,4,3,9,28,23,46,18,115,24,0,24,139
11/23/2021,ILM,NC,ASO,EN,Combined TRACON& Tower with Radar,32,29,47,4,112,0,2,39,1,42,32,31,86,5,154,20,0,20,174
11/24/2021,ILM,NC,ASO,EN,Combined TRACON& Tower with Radar,32,27,49,11,119,0,1,47,3,51,32,28,96,14,170,70,8,78,248
11/25/2021,ILM,NC,ASO,EN,Combined TRACON& Tower with Radar,14,19,10,0,43,0,1,7,0,8,14,20,17,0,51,0,0,0,51
11/26/2021,ILM,NC,ASO,EN,Combined TRACON& Tower with Radar,23,15,18,0,56,0,2,15,0,17,23,17,33,0,73,0,0,0,73
11/27/2021,ILM,NC,ASO,EN,Combined TRACON& Tower with Radar,28,52,41,0,121,0,0,87,0,87,28,52,128,0,208,20,0,20,228
11/28/2021,ILM,NC,ASO,EN,Combined TRACON& Tower with Radar,32,36,89,0,157,0,0,51,0,51,32,36,140,0,208,34,0,34,242
11/29/2021,ILM,NC,ASO,EN,Combined TRACON& Tower with Radar,31,30,36,33,130,0,1,34,1,36,31,31,70,34,166,16,6,22,188
11/30/2021,ILM,NC,ASO,EN,Combined TRACON& Tower with Radar,30,38,32,39,139,2,3,43,6,54,32,41,75,45,193,60,46,106,299
12/01/2021,ILM,NC,ASO,EN,Combined TRACON& Tower with Radar,29,27,35,27,118,0,2,55,3,60,29,29,90,30,178,30,10,40,218
12/02/2021,ILM,NC,ASO,EN,Combined TRACON& Tower with Radar,33,36,69,24,162,0,9,49,19,77,33,45,118,43,239,42,26,68,307
12/03/2021,ILM,NC,ASO,EN,Combined TRACON& Tower with Radar,33,32,34,56,155,0,4,54,8,66,33,36,88,64,221,70,16,86,307
12/04/2021,ILM,NC,ASO,EN,Combined TRACON& Tower with Radar,29,9,34,7,79,0,5,80,6,91,29,14,114,13,170,38,2,40,210
12/05/2021,ILM,NC,ASO,EN,Combined TRACON& Tower with Radar,30,35,63,7,135,0,2,52,4,58,30,37,115,11,193,37,6,43,236
12/06/2021,ILM,NC,ASO,EN,Combined TRACON& Tower with Radar,30,22,37,22,111,0,1,53,10,64,30,23,90,32,175,32,36,68,243
12/07/2021,ILM,NC,ASO,EN,Combined TRACON& Tower with Radar,27,21,32,13,93,0,4,15,2,21,27,25,47,15,114,100,6,106,220
12/08/2021,ILM,NC,ASO,EN,Combined TRACON& Tower with Radar,27,31,28,2,88,0,0,0,0,0,27,31,28,2,88,0,0,0,88
12/09/2021,ILM,NC,ASO,EN,Combined TRACON& Tower with Radar,31,26,44,53,154,0,3,50,15,68,31,29,94,68,222,80,10,90,312
12/10/2021,ILM,NC,ASO,EN,Combined TRACON& Tower with Radar,31,38,58,71,198,0,1,14,7,22,31,39,72,78,220,14,8,22,242
12/11/2021,ILM,NC,ASO,EN,Combined TRACON& Tower with Radar,33,15,44,15,107,0,1,57,8,66,33,16,101,23,173,30,0,30,203
12/12/2021,ILM,NC,ASO,EN,Combined TRACON& Tower with Radar,29,29,59,21,138,0,8,44,10,62,29,37,103,31,200,22,0,22,222
12/13/2021,ILM,NC,ASO,EN,Combined TRACON& Tower with Radar,30,24,66,7,127,0,3,70,3,76,30,27,136,10,203,82,4,86,289
12/14/2021,ILM,NC,ASO,EN,Combined TRACON& Tower with Radar,28,30,35,31,124,0,1,49,5,55,28,31,84,36,179,50,44,94,273
12/15/2021,ILM,NC,ASO,EN,Combined TRACON& Tower with Radar,27,29,66,31,153,0,4,54,6,64,27,33,120,37,217,100,0,100,317
12/16/2021,ILM,NC,ASO,EN,Combined TRACON& Tower with Radar,30,30,77,26,163,0,3,68,13,84,30,33,145,39,247,120,10,130,377
12/17/2021,ILM,NC,ASO,EN,Combined TRACON& Tower with Radar,27,43,66,22,158,0,5,50,7,62,27,48,116,29,220,60,0,60,280
12/18/2021,ILM,NC,ASO,EN,Combined TRACON& Tower with Radar,22,43,43,12,120,0,1,30,10,41,22,44,73,22,161,72,10,82,243
12/19/2021,ILM,NC,ASO,EN,Combined TRACON& Tower with Radar,24,37,31,3,95,0,0,0,0,0,24,37,31,3,95,0,0,0,95
12/20/2021,ILM,NC,ASO,EN,Combined TRACON& Tower with Radar,26,27,46,14,113,0,5,40,0,45,26,32,86,14,158,70,6,76,234
12/21/2021,ILM,NC,ASO,EN,Combined TRACON& Tower with Radar,26,28,26,10,90,0,0,2,0,2,26,28,28,10,92,0,0,0,92
12/22/2021,ILM,NC,ASO,EN,Combined TRACON& Tower with Radar,24,36,41,7,108,0,1,41,3,45,24,37,82,10,153,28,0,28,181
12/23/2021,ILM,NC,ASO,EN,Combined TRACON& Tower with Radar,23,48,47,1,119,0,5,64,1,70,23,53,111,2,189,36,0,36,225
12/24/2021,ILM,NC,ASO,EN,Combined TRACON& Tower with Radar,15,34,20,0,69,0,7,34,1,42,15,41,54,1,111,8,0,8,119
12/25/2021,ILM,NC,ASO,EN,Combined TRACON& Tower with Radar,19,26,10,0,55,0,1,6,0,7,19,27,16,0,62,0,0,0,62
12/26/2021,ILM,NC,ASO,EN,Combined TRACON& Tower with Radar,20,46,61,0,127,0,2,45,0,47,20,48,106,0,174,4,0,4,178
12/27/2021,ILM,NC,ASO,EN,Combined TRACON& Tower with Radar,22,45,54,0,121,0,4,36,0,40,22,49,90,0,161,47,0,47,208
12/28/2021,ILM,NC,ASO,EN,Combined TRACON& Tower with Radar,24,37,43,5,109,0,3,38,6,47,24,40,81,11,156,50,6,56,212
12/29/2021,ILM,NC,ASO,EN,Combined TRACON& Tower with Radar,19,42,34,20,115,0,1,28,6,35,19,43,62,26,150,40,10,50,200
12/30/2021,ILM,NC,ASO,EN,Combined TRACON& Tower with Radar,22,37,30,3,92,0,0,17,6,23,22,37,47,9,115,34,4,38,153
12/31/2021,ILM,NC,ASO,EN,Combined TRACON& Tower with Radar,14,32,28,0,74,0,0,42,0,42,14,32,70,0,116,32,0,32,148
01/01/2022,ILM,NC,ASO,EN,Combined TRACON& Tower with Radar,20,42,41,0,103,0,0,20,0,20,20,42,61,0,123,0,0,0,123
01/02/2022,ILM,NC,ASO,EN,Combined TRACON& Tower with Radar,22,36,53,0,111,0,0,6,0,6,22,36,59,0,117,0,0,0,117
01/03/2022,ILM,NC,ASO,EN,Combined TRACON& Tower with Radar,20,38,46,0,104,0,1,2,0,3,20,39,48,0,107,0,0,0,107
01/04/2022,ILM,NC,ASO,EN,Combined TRACON& Tower with Radar,20,35,51,0,106,0,4,55,2,61,20,39,106,2,167,76,0,76,243
01/05/2022,ILM,NC,ASO,EN,Combined TRACON& Tower with Radar,21,43,31,17,112,0,3,5,0,8,21,46,36,17,120,26,0,26,146
01/06/2022,ILM,NC,ASO,EN,Combined TRACON& Tower with Radar,22,29,31,71,153,0,1,65,7,73,22,30,96,78,226,42,24,66,292
01/07/2022,ILM,NC,ASO,EN,Combined TRACON& Tower with Radar,21,39,30,13,103,0,3,36,8,47,21,42,66,21,150,36,8,44,194
01/08/2022,ILM,NC,ASO,EN,Combined TRACON& Tower with Radar,18,10,38,5,71,0,0,80,1,81,18,10,118,6,152,42,0,42,194
01/09/2022,ILM,NC,ASO,EN,Combined TRACON& Tower with Radar,25,15,40,2,82,0,0,29,0,29,25,15,69,2,111,16,0,16,127
01/10/2022,ILM,NC,ASO,EN,Combined TRACON& Tower with Radar,25,25,48,30,128,0,1,25,4,30,25,26,73,34,158,48,36,84,242
01/11/2022,ILM,NC,ASO,EN,Combined TRACON& Tower with Radar,15,21,9,13,58,0,2,26,4,32,15,23,35,17,90,10,0,10,100
01/12/2022,ILM,NC,ASO,EN,Combined TRACON& Tower with Radar,8,16,20,6,50,0,12,60,23,95,8,28,80,29,145,0,0,0,145
01/13/2022,ILM,NC,ASO,EN,Combined TRACON& Tower with Radar,26,28,37,6,97,0,4,36,1,41,26,32,73,7,138,20,0,20,158
01/14/2022,ILM,NC,ASO,EN,Combined TRACON& Tower with Radar,24,29,27,4,84,0,4,41,5,50,24,33,68,9,134,0,2,2,136
01/15/2022,ILM,NC,ASO,EN,Combined TRACON& Tower with Radar,19,10,35,0,64,0,1,65,0,66,19,11,100,0,130,18,0,18,148
01/16/2022,ILM,NC,ASO,EN,Combined TRACON& Tower with Radar,13,11,6,0,30,0,0,0,0,0,13,11,6,0,30,0,0,0,30
01/17/2022,ILM,NC,ASO,EN,Combined TRACON& Tower with Radar,17,21,33,0,71,0,0,5,4,9,17,21,38,4,80,0,0,0,80
01/18/2022,ILM,NC,ASO,EN,Combined TRACON& Tower with Radar,21,27,36,4,88,0,3,65,1,69,21,30,101,5,157,32,0,32,189
01/19/2022,ILM,NC,ASO,EN,Combined TRACON& Tower with Radar,23,20,63,30,136,0,3,61,10,74,23,23,124,40,210,46,10,56,266
01/20/2022,ILM,NC,ASO,EN,Combined TRACON& Tower with Radar,27,22,47,31,127,0,1,22,9,32,27,23,69,40,159,94,14,108,267
01/21/2022,ILM,NC,ASO,EN,Combined TRACON& Tower with Radar,3,5,4,0,12,0,0,0,0,0,3,5,4,0,12,0,0,0,12
01/22/2022,ILM,NC,ASO,EN,Combined TRACON& Tower with Radar,8,10,7,0,25,0,0,1,0,1,8,10,8,0,26,0,0,0,26
01/23/2022,ILM,NC,ASO,EN,Combined TRACON& Tower with Radar,27,21,37,4,89,0,1,49,5,55,27,22,86,9,144,22,0,22,166
01/24/2022,ILM,NC,ASO,EN,Combined TRACON& Tower with Radar,24,22,56,29,131,0,3,50,9,62,24,25,106,38,193,6,30,36,229
01/25/2022,ILM,NC,ASO,EN,Combined TRACON& Tower with Radar,20,15,38,49,122,0,2,27,5,34,20,17,65,54,156,4,16,20,176
01/26/2022,ILM,NC,ASO,EN,Combined TRACON& Tower with Radar,22,29,43,19,113,1,2,38,8,49,23,31,81,27,162,48,22,70,232
01/27/2022,ILM,NC,ASO,EN,Combined TRACON& Tower with Radar,26,28,44,16,114,0,2,51,4,57,26,30,95,20,171,58,2,60,231
01/28/2022,ILM,NC,ASO,EN,Combined TRACON& Tower with Radar,23,24,27,26,100,0,0,17,9,26,23,24,44,35,126,58,4,62,188
01/29/2022,ILM,NC,ASO,EN,Combined TRACON& Tower with Radar,15,15,8,2,40,0,0,2,2,4,15,15,10,4,44,0,0,0,44
01/30/2022,ILM,NC,ASO,EN,Combined TRACON& Tower with Radar,21,20,48,1,90,0,1,45,12,58,21,21,93,13,148,12,4,16,164
01/31/2022,ILM,NC,ASO,EN,Combined TRACON& Tower with Radar,25,23,49,26,123,0,4,49,3,56,25,27,98,29,179,122,28,150,329
02/01/2022,ILM,NC,ASO,EN,Combined TRACON& Tower with Radar,19,29,38,35,121,0,2,53,10,65,19,31,91,45,186,113,20,133,319
02/02/2022,ILM,NC,ASO,EN,Combined TRACON& Tower with Radar,21,24,44,17,106,0,0,36,7,43,21,24,80,24,149,124,4,128,277
02/03/2022,ILM,NC,ASO,EN,Combined TRACON& Tower with Radar,22,34,52,25,133,0,0,38,12,50,22,34,90,37,183,140,6,146,329
02/04/2022,ILM,NC,ASO,EN,Combined TRACON& Tower with Radar,24,36,24,26,110,0,1,5,6,12,24,37,29,32,122,2,0,2,124
02/05/2022,ILM,NC,ASO,EN,Combined TRACON& Tower with Radar,18,19,31,12,80,0,0,25,1,26,18,19,56,13,106,32,0,32,138
02/06/2022,ILM,NC,ASO,EN,Combined TRACON& Tower with Radar,25,30,36,3,94,0,2,44,4,50,25,32,80,7,144,64,0,64,208
02/07/2022,ILM,NC,ASO,EN,Combined TRACON& Tower with Radar,25,27,30,1,83,0,0,0,0,0,25,27,30,1,83,0,0,0,83
02/08/2022,ILM,NC,ASO,EN,Combined TRACON& Tower with Radar,15,20,21,26,82,0,0,15,5,20,15,20,36,31,102,22,8,30,132
02/09/2022,ILM,NC,ASO,EN,Combined TRACON& Tower with Radar,25,38,53,19,135,0,4,68,11,83,25,42,121,30,218,90,14,104,322
02/10/2022,ILM,NC,ASO,EN,Combined TRACON& Tower with Radar,26,46,54,25,151,0,7,69,18,94,26,53,123,43,245,102,24,126,371
02/11/2022,ILM,NC,ASO,EN,Combined TRACON& Tower with Radar,29,31,54,41,155,0,2,72,8,82,29,33,126,49,237,36,16,52,289
02/12/2022,ILM,NC,ASO,EN,Combined TRACON& Tower with Radar,23,26,39,12,100,0,0,84,1,85,23,26,123,13,185,66,0,66,251
02/13/2022,ILM,NC,ASO,EN,Combined TRACON& Tower with Radar,25,27,54,4,110,0,0,3,0,3,25,27,57,4,113,36,0,36,149
02/14/2022,ILM,NC,ASO,EN,Combined TRACON& Tower with Radar,33,24,29,9,95,0,1,38,4,43,33,25,67,13,138,24,24,48,186
02/15/2022,ILM,NC,ASO,EN,Combined TRACON& Tower with Radar,30,28,57,10,125,0,1,62,8,71,30,29,119,18,196,58,0,58,254
02/16/2022,ILM,NC,ASO,EN,Combined TRACON& Tower with Radar,31,16,65,24,136,0,2,50,6,58,31,18,115,30,194,60,34,94,288
02/17/2022,ILM,NC,ASO,EN,Combined TRACON& Tower with Radar,28,32,56,25,141,0,0,38,4,42,28,32,94,29,183,18,0,18,201
02/18/2022,ILM,NC,ASO,EN,Combined TRACON& Tower with Radar,32,41,39,2,114,0,4,13,0,17,32,45,52,2,131,32,0,32,163
02/19/2022,ILM,NC,ASO,EN,Combined TRACON& Tower with Radar,26,36,43,10,115,0,11,63,0,74,26,47,106,10,189,154,0,154,343
02/20/2022,ILM,NC,ASO,EN,Combined TRACON& Tower with Radar,28,15,64,0,107,0,1,85,1,87,28,16,149,1,194,70,0,70,264
02/21/2022,ILM,NC,ASO,EN,Combined TRACON& Tower with Radar,29,23,54,0,106,0,2,34,4,40,29,25,88,4,146,16,0,16,162
02/22/2022,ILM,NC,ASO,EN,Combined TRACON& Tower with Radar,29,32,41,27,129,0,1,35,3,39,29,33,76,30,168,68,4,72,240
02/23/2022,ILM,NC,ASO,EN,Combined TRACON& Tower with Radar,24,33,32,33,122,0,1,25,12,38,24,34,57,45,160,62,24,86,246
02/24/2022,ILM,NC,ASO,EN,Combined TRACON& Tower with Radar,31,27,48,21,127,0,0,2,0,2,31,27,50,21,129,0,0,0,129
02/25/2022,ILM,NC,ASO,EN,Combined TRACON& Tower with Radar,32,32,56,22,142,0,3,24,15,42,32,35,80,37,184,42,42,84,268
02/26/2022,ILM,NC,ASO,EN,Combined TRACON& Tower with Radar,21,31,76,10,138,0,0,36,0,36,21,31,112,10,174,66,0,66,240
02/27/2022,ILM,NC,ASO,EN,Combined TRACON& Tower with Radar,30,38,60,1,129,0,0,7,0,7,30,38,67,1,136,66,0,66,202
02/28/2022,ILM,NC,ASO,EN,Combined TRACON& Tower with Radar,30,18,67,10,125,0,6,67,0,73,30,24,134,10,198,76,10,86,284
03/01/2022,ILM,NC,ASO,EN,Combined TRACON& Tower with Radar,31,19,43,17,110,0,1,54,8,63,31,20,97,25,173,118,18,136,309
03/02/2022,ILM,NC,ASO,EN,Combined TRACON& Tower with Radar,31,32,34,16,113,0,0,77,5,82,31,32,111,21,195,112,8,120,315
03/03/2022,ILM,NC,ASO,EN,Combined TRACON& Tower with Radar,30,43,35,15,123,0,1,66,9,76,30,44,101,24,199,72,24,96,295
03/04/2022,ILM,NC,ASO,EN,Combined TRACON& Tower with Radar,30,33,67,2,132,0,0,28,2,30,30,33,95,4,162,10,20,30,192
03/05/2022,ILM,NC,ASO,EN,Combined TRACON& Tower with Radar,27,19,46,0,92,0,0,57,0,57,27,19,103,0,149,84,0,84,233
03/06/2022,ILM,NC,ASO,EN,Combined TRACON& Tower with Radar,30,25,53,6,114,0,2,28,0,30,30,27,81,6,144,16,0,16,160
03/07/2022,ILM,NC,ASO,EN,Combined TRACON& Tower with Radar,31,27,30,42,130,0,1,8,6,15,31,28,38,48,145,8,16,24,169
03/08/2022,ILM,NC,ASO,EN,Combined TRACON& Tower with Radar,26,18,35,16,95,0,1,18,4,23,26,19,53,20,118,10,38,48,166
03/09/2022,ILM,NC,ASO,EN,Combined TRACON& Tower with Radar,22,35,61,50,168,0,2,3,8,13,22,37,64,58,181,10,26,36,217
03/10/2022,ILM,NC,ASO,EN,Combined TRACON& Tower with Radar,33,39,66,8,146,0,0,1,1,2,33,39,67,9,148,0,0,0,148
03/11/2022,ILM,NC,ASO,EN,Combined TRACON& Tower with Radar,35,25,57,0,117,0,0,2,0,2,35,25,59,0,119,22,0,22,141
03/12/2022,ILM,NC,ASO,EN,Combined TRACON& Tower with Radar,29,21,19,0,69,0,1,0,2,3,29,22,19,2,72,0,0,0,72
03/13/2022,ILM,NC,ASO,EN,Combined TRACON& Tower with Radar,34,42,79,0,155,0,0,81,0,81,34,42,160,0,236,49,0,49,285
03/14/2022,ILM,NC,ASO,EN,Combined TRACON& Tower with Radar,35,32,60,26,153,0,4,59,7,70,35,36,119,33,223,58,20,78,301
03/15/2022,ILM,NC,ASO,EN,Combined TRACON& Tower with Radar,27,38,42,29,136,0,0,50,5,55,27,38,92,34,191,30,9,39,230
03/16/2022,ILM,NC,ASO,EN,Combined TRACON& Tower with Radar,28,30,33,3,94,0,7,15,4,26,28,37,48,7,120,8,6,14,134
03/17/2022,ILM,NC,ASO,EN,Combined TRACON& Tower with Radar,31,39,55,40,165,0,2,32,15,49,31,41,87,55,214,32,90,122,336
03/18/2022,ILM,NC,ASO,EN,Combined TRACON& Tower with Radar,30,36,61,43,170,0,1,58,10,69,30,37,119,53,239,32,36,68,307
03/19/2022,ILM,NC,ASO,EN,Combined TRACON& Tower with Radar,27,20,29,30,106,0,0,24,5,29,27,20,53,35,135,3,10,13,148
03/20/2022,ILM,NC,ASO,EN,Combined TRACON& Tower with Radar,34,25,71,0,130,0,41,52,0,93,34,66,123,0,223,22,0,22,245
03/21/2022,ILM,NC,ASO,EN,Combined TRACON& Tower with Radar,34,32,54,26,146,0,3,48,2,53,34,35,102,28,199,46,0,46,245
03/22/2022,ILM,NC,ASO,EN,Combined TRACON& Tower with Radar,27,15,54,55,151,0,2,70,4,76,27,17,124,59,227,38,28,66,293
03/23/2022,ILM,NC,ASO,EN,Combined TRACON& Tower with Radar,28,20,40,60,148,0,1,9,4,14,28,21,49,64,162,30,28,58,220
03/24/2022,ILM,NC,ASO,EN,Combined TRACON& Tower with Radar,32,35,41,4,112,0,0,3,0,3,32,35,44,4,115,0,0,0,115
03/25/2022,ILM,NC,ASO,EN,Combined TRACON& Tower with Radar,31,39,40,9,119,0,4,40,1,45,31,43,80,10,164,8,0,8,172
03/26/2022,ILM,NC,ASO,EN,Combined TRACON& Tower with Radar,29,38,30,0,97,0,0,23,0,23,29,38,53,0,120,10,0,10,130
03/27/2022,ILM,NC,ASO,EN,Combined TRACON& Tower with Radar,31,39,46,6,122,0,0,38,0,38,31,39,84,6,160,17,0,17,177
03/28/2022,ILM,NC,ASO,EN,Combined TRACON& Tower with Radar,33,18,44,22,117,1,4,54,4,63,34,22,98,26,180,42,12,54,234
03/29/2022,ILM,NC,ASO,EN,Combined TRACON& Tower with Radar,31,21,25,27,104,0,1,54,9,64,31,22,79,36,168,22,18,40,208
03/30/2022,ILM,NC,ASO,EN,Combined TRACON& Tower with Radar,28,28,52,23,131,0,1,24,3,28,28,29,76,26,159,62,12,74,233
03/31/2022,ILM,NC,ASO,EN,Combined TRACON& Tower with Radar,36,23,24,4,87,0,0,2,1,3,36,23,26,5,90,0,0,0,90
04/01/2022,ILM,NC,ASO,EN,Combined TRACON& Tower with Radar,36,25,57,7,125,0,2,43,8,53,36,27,100,15,178,12,8,20,198
04/02/2022,ILM,NC,ASO,EN,Combined TRACON& Tower with Radar,31,25,55,1,112,0,0,75,1,76,31,25,130,2,188,58,6,64,252
04/03/2022,ILM,NC,ASO,EN,Combined TRACON& Tower with Radar,36,28,68,0,132,0,2,60,0,62,36,30,128,0,194,42,0,42,236
04/04/2022,ILM,NC,ASO,EN,Combined TRACON& Tower with Radar,38,27,37,24,126,1,5,53,4,63,39,32,90,28,189,70,6,76,265
04/05/2022,ILM,NC,ASO,EN,Combined TRACON& Tower with Radar,39,29,42,0,110,0,0,13,4,17,39,29,55,4,127,0,0,0,127
04/06/2022,ILM,NC,ASO,EN,Combined TRACON& Tower with Radar,39,38,46,40,163,0,0,30,7,37,39,38,76,47,200,52,20,72,272
04/07/2022,ILM,NC,ASO,EN,Combined TRACON& Tower with Radar,41,23,36,3,103,0,2,9,3,14,41,25,45,6,117,0,0,0,117
04/08/2022,ILM,NC,ASO,EN,Combined TRACON& Tower with Radar,39,30,57,4,130,0,0,40,11,51,39,30,97,15,181,4,20,24,205
04/09/2022,ILM,NC,ASO,EN,Combined TRACON& Tower with Radar,33,31,39,9,112,0,0,28,4,32,33,31,67,13,144,5,1,6,150
04/10/2022,ILM,NC,ASO,EN,Combined TRACON& Tower with Radar,43,18,29,5,95,0,2,29,0,31,43,20,58,5,126,0,0,0,126
04/11/2022,ILM,NC,ASO,EN,Combined TRACON& Tower with Radar,39,17,53,35,144,0,2,48,7,57,39,19,101,42,201,12,54,66,267
04/12/2022,ILM,NC,ASO,EN,Combined TRACON& Tower with Radar,40,21,43,11,115,0,3,57,4,64,40,24,100,15,179,70,2,72,251
04/13/2022,ILM,NC,ASO,EN,Combined TRACON& Tower with Radar,36,32,77,25,170,0,3,65,7,75,36,35,142,32,245,32,6,38,283
04/14/2022,ILM,NC,ASO,EN,Combined TRACON& Tower with Radar,37,47,63,49,196,0,1,26,1,28,37,48,89,50,224,17,15,32,256
04/15/2022,ILM,NC,ASO,EN,Combined TRACON& Tower with Radar,40,43,60,0,143,0,2,60,1,63,40,45,120,1,206,49,0,49,255
04/16/2022,ILM,NC,ASO,EN,Combined TRACON& Tower with Radar,35,34,56,0,125,0,0,38,0,38,35,34,94,0,163,48,0,48,211
04/17/2022,ILM,NC,ASO,EN,Combined TRACON& Tower with Radar,35,38,41,0,114,0,1,30,0,31,35,39,71,0,145,4,0,4,149
04/18/2022,ILM,NC,ASO,EN,Combined TRACON& Tower with Radar,39,30,38,6,113,0,0,1,0,1,39,30,39,6,114,4,0,4,118
04/19/2022,ILM,NC,ASO,EN,Combined TRACON& Tower with Radar,36,38,67,38,179,0,2,51,11,64,36,40,118,49,243,36,32,68,311
04/20/2022,ILM,NC,ASO,EN,Combined TRACON& Tower with Radar,37,34,43,16,130,0,2,50,3,55,37,36,93,19,185,36,0,36,221
04/21/2022,ILM,NC,ASO,EN,Combined TRACON& Tower with Radar,39,23,54,38,154,0,2,64,8,74,39,25,118,46,228,42,34,76,304
04/22/2022,ILM,NC,ASO,EN,Combined TRACON& Tower with Radar,39,25,44,34,142,0,1,54,8,63,39,26,98,42,205,48,0,48,253
04/23/2022,ILM,NC,ASO,EN,Combined TRACON& Tower with Radar,34,30,42,6,112,0,1,78,7,86,34,31,120,13,198,22,0,22,220
04/24/2022,ILM,NC,ASO,EN,Combined TRACON& Tower with Radar,39,26,52,3,120,0,2,68,3,73,39,28,120,6,193,24,0,24,217
04/25/2022,ILM,NC,ASO,EN,Combined TRACON& Tower with Radar,41,26,45,37,149,0,2,43,7,52,41,28,88,44,201,26,28,54,255
04/26/2022,ILM,NC,ASO,EN,Combined TRACON& Tower with Radar,42,26,47,25,140,0,1,22,4,27,42,27,69,29,167,32,14,46,213
04/27/2022,ILM,NC,ASO,EN,Combined TRACON& Tower with Radar,36,28,77,49,190,0,2,68,22,92,36,30,145,71,282,50,46,96,378
04/28/2022,ILM,NC,ASO,EN,Combined TRACON& Tower with Radar,40,30,56,14,140,0,3,56,11,70,40,33,112,25,210,84,10,94,304
04/29/2022,ILM,NC,ASO,EN,Combined TRACON& Tower with Radar,41,24,50,4,119,0,3,56,0,59,41,27,106,4,178,80,0,80,258
04/30/2022,ILM,NC,ASO,EN,Combined TRACON& Tower with Radar,36,27,43,2,108,0,0,47,2,49,36,27,90,4,157,46,0,46,203
05/01/2022,ILM,NC,ASO,EN,Combined TRACON& Tower with Radar,39,28,57,2,126,0,1,41,0,42,39,29,98,2,168,24,0,24,192
05/02/2022,ILM,NC,ASO,EN,Combined TRACON& Tower with Radar,38,38,66,12,154,0,0,40,6,46,38,38,106,18,200,14,6,20,220
05/03/2022,ILM,NC,ASO,EN,Combined TRACON& Tower with Radar,37,31,42,24,134,0,0,32,11,43,37,31,74,35,177,38,40,78,255
05/04/2022,ILM,NC,ASO,EN,Combined TRACON& Tower with Radar,36,29,32,47,144,0,2,29,6,37,36,31,61,53,181,4,10,14,195
05/05/2022,ILM,NC,ASO,EN,Combined TRACON& Tower with Radar,43,31,64,24,162,0,0,28,6,34,43,31,92,30,196,68,2,70,266
05/06/2022,ILM,NC,ASO,EN,Combined TRACON& Tower with Radar,45,38,42,21,146,0,2,10,6,18,45,40,52,27,164,8,18,26,190
05/07/2022,ILM,NC,ASO,EN,Combined TRACON& Tower with Radar,38,16,56,6,116,0,0,35,5,40,38,16,91,11,156,100,0,100,256
05/08/2022,ILM,NC,ASO,EN,Combined TRACON& Tower with Radar,43,28,35,2,108,0,0,2,0,2,43,28,37,2,110,24,0,24,134
05/09/2022,ILM,NC,ASO,EN,Combined TRACON& Tower with Radar,44,17,39,30,130,0,1,40,5,46,44,18,79,35,176,14,30,44,220
05/10/2022,ILM,NC,ASO,EN,Combined TRACON& Tower with Radar,39,26,25,24,114,0,1,14,16,31,39,27,39,40,145,40,16,56,201
05/11/2022,ILM,NC,ASO,EN,Combined TRACON& Tower with Radar,40,26,50,15,131,0,5,29,7,41,40,31,79,22,172,46,42,88,260
05/12/2022,ILM,NC,ASO,EN,Combined TRACON& Tower with Radar,47,36,48,11,142,0,0,1,5,6,47,36,49,16,148,0,0,0,148
05/13/2022,ILM,NC,ASO,EN,Combined TRACON& Tower with Radar,42,38,42,1,123,0,1,8,7,16,42,39,50,8,139,14,0,14,153
05/14/2022,ILM,NC,ASO,EN,Combined TRACON& Tower with Radar,36,20,29,6,91,0,0,27,8,35,36,20,56,14,126,89,0,89,215
05/15/2022,ILM,NC,ASO,EN,Combined TRACON& Tower with Radar,41,26,77,0,144,0,1,49,0,50,41,27,126,0,194,20,0,20,214
05/16/2022,ILM,NC,ASO,EN,Combined TRACON& Tower with Radar,42,27,57,11,137,0,1,29,6,36,42,28,86,17,173,58,8,66,239
05/17/2022,ILM,NC,ASO,EN,Combined TRACON& Tower with Radar,42,25,61,6,134,0,2,44,2,48,42,27,105,8,182,74,6,80,262
05/18/2022,ILM,NC,ASO,EN,Combined TRACON& Tower with Radar,39,33,58,11,141,0,1,82,10,93,39,34,140,21,234,80,0,80,314
05/19/2022,ILM,NC,ASO,EN,Combined TRACON& Tower with Radar,47,37,66,1,151,0,2,52,4,58,47,39,118,5,209,64,4,68,277
05/20/2022,ILM,NC,ASO,EN,Combined TRACON& Tower with Radar,44,30,28,23,125,0,1,57,9,67,44,31,85,32,192,0,0,0,192
05/21/2022,ILM,NC,ASO,EN,Combined TRACON& Tower with Radar,37,31,44,11,123,0,2,40,5,47,37,33,84,16,170,42,0,42,212
05/22/2022,ILM,NC,ASO,EN,Combined TRACON& Tower with Radar,44,25,60,12,141,0,1,35,1,37,44,26,95,13,178,50,0,50,228
05/23/2022,ILM,NC,ASO,EN,Combined TRACON& Tower with Radar,34,40,39,61,174,0,0,21,9,30,34,40,60,70,204,16,6,22,226
05/24/2022,ILM,NC,ASO,EN,Combined TRACON& Tower with Radar,39,31,22,19,111,0,0,10,10,20,39,31,32,29,131,14,28,42,173
05/25/2022,ILM,NC,ASO,EN,Combined TRACON& Tower with Radar,40,32,63,12,147,0,1,28,14,43,40,33,91,26,190,42,6,48,238
05/26/2022,ILM,NC,ASO,EN,Combined TRACON& Tower with Radar,46,42,71,26,185,0,0,33,4,37,46,42,104,30,222,6,38,44,266
05/27/2022,ILM,NC,ASO,EN,Combined TRACON& Tower with Radar,43,32,30,0,105,0,1,3,2,6,43,33,33,2,111,0,0,0,111
05/28/2022,ILM,NC,ASO,EN,Combined TRACON& Tower with Radar,37,20,57,0,114,0,1,60,1,62,37,21,117,1,176,55,0,55,231
05/29/2022,ILM,NC,ASO,EN,Combined TRACON& Tower with Radar,43,24,26,0,93,0,0,42,0,42,43,24,68,0,135,36,0,36,171
05/30/2022,ILM,NC,ASO,EN,Combined TRACON& Tower with Radar,47,36,43,0,126,0,2,51,0,53,47,38,94,0,179,58,0,58,237
05/31/2022,ILM,NC,ASO,EN,Combined TRACON& Tower with Radar,38,34,65,31,168,0,2,60,3,65,38,36,125,34,233,72,8,80,313
06/01/2022,ILM,NC,ASO,EN,Combined TRACON& Tower with Radar,36,45,41,32,154,0,1,61,8,70,36,46,102,40,224,30,14,44,268
06/02/2022,ILM,NC,ASO,EN,Combined TRACON& Tower with Radar,38,46,62,23,169,0,0,39,8,47,38,46,101,31,216,32,30,62,278
06/03/2022,ILM,NC,ASO,EN,Combined TRACON& Tower with Radar,42,26,42,5,115,0,1,29,4,34,42,27,71,9,149,42,12,54,203
06/04/2022,ILM,NC,ASO,EN,Combined TRACON& Tower with Radar,41,20,54,9,124,0,0,23,5,28,41,20,77,14,152,26,0,26,178
06/05/2022,ILM,NC,ASO,EN,Combined TRACON& Tower with Radar,42,22,52,3,119,0,0,28,0,28,42,22,80,3,147,16,0,16,163
06/06/2022,ILM,NC,ASO,EN,Combined TRACON& Tower with Radar,42,30,48,56,176,0,0,41,3,44,42,30,89,59,220,30,20,50,270
06/07/2022,ILM,NC,ASO,EN,Combined TRACON& Tower with Radar,40,24,39,39,142,0,1,51,5,57,40,25,90,44,199,102,34,136,335
06/08/2022,ILM,NC,ASO,EN,Combined TRACON& Tower with Radar,40,27,34,22,123,0,0,23,3,26,40,27,57,25,149,2,12,14,163
06/09/2022,ILM,NC,ASO,EN,Combined TRACON& Tower with Radar,40,25,48,20,133,0,1,36,10,47,40,26,84,30,180,26,20,46,226
06/10/2022,ILM,NC,ASO,EN,Combined TRACON& Tower with Radar,43,25,52,51,171,0,1,67,14,82,43,26,119,65,253,38,22,60,313
06/11/2022,ILM,NC,ASO,EN,Combined TRACON& Tower with Radar,40,31,48,5,124,0,0,67,2,69,40,31,115,7,193,84,10,94,287
06/12/2022,ILM,NC,ASO,EN,Combined TRACON& Tower with Radar,44,26,51,17,138,0,0,9,4,13,44,26,60,21,151,26,0,26,177
06/13/2022,ILM,NC,ASO,EN,Combined TRACON& Tower with Radar,45,20,36,12,113,0,1,27,4,32,45,21,63,16,145,32,20,52,197
06/14/2022,ILM,NC,ASO,EN,Combined TRACON& Tower with Radar,38,23,62,8,131,0,1,30,9,40,38,24,92,17,171,30,0,30,201
06/15/2022,ILM,NC,ASO,EN,Combined TRACON& Tower with Radar,39,28,59,47,173,0,4,57,7,68,39,32,116,54,241,54,14,68,309
06/16/2022,ILM,NC,ASO,EN,Combined TRACON& Tower with Radar,32,27,60,19,138,0,7,53,7,67,32,34,113,26,205,16,14,30,235
06/17/2022,ILM,NC,ASO,EN,Combined TRACON& Tower with Radar,36,27,78,16,157,0,2,44,3,49,36,29,122,19,206,46,12,58,264
06/18/2022,ILM,NC,ASO,EN,Combined TRACON& Tower with Radar,34,22,59,0,115,0,5,52,2,59,34,27,111,2,174,54,0,54,228
06/19/2022,ILM,NC,ASO,EN,Combined TRACON& Tower with Radar,43,34,63,2,142,0,2,49,0,51,43,36,112,2,193,32,0,32,225
06/20/2022,ILM,NC,ASO,EN,Combined TRACON& Tower with Radar,44,24,57,0,125,0,2,65,0,67,44,26,122,0,192,72,0,72,264
06/21/2022,ILM,NC,ASO,EN,Combined TRACON& Tower with Radar,38,23,43,24,128,0,4,59,4,67,38,27,102,28,195,40,44,84,279
06/22/2022,ILM,NC,ASO,EN,Combined TRACON& Tower with Radar,37,24,46,29,136,0,2,43,3,48,37,26,89,32,184,20,2,22,206
06/23/2022,ILM,NC,ASO,EN,Combined TRACON& Tower with Radar,37,19,61,11,128,0,4,30,7,41,37,23,91,18,169,16,10,26,195
06/24/2022,ILM,NC,ASO,EN,Combined TRACON& Tower with Radar,40,28,69,34,171,0,5,51,7,63,40,33,120,41,234,0,24,24,258
06/25/2022,ILM,NC,ASO,EN,Combined TRACON& Tower with Radar,43,24,42,16,125,0,6,56,11,73,43,30,98,27,198,40,12,52,250
06/26/2022,ILM,NC,ASO,EN,Combined TRACON& Tower with Radar,45,24,58,18,145,0,4,67,11,82,45,28,125,29,227,32,0,32,259
06/27/2022,ILM,NC,ASO,EN,Combined TRACON& Tower with Radar,40,30,38,9,117,0,0,36,3,39,40,30,74,12,156,26,42,68,224
06/28/2022,ILM,NC,ASO,EN,Combined TRACON& Tower with Radar,40,21,68,16,145,0,1,33,4,38,40,22,101,20,183,32,4,36,219
06/29/2022,ILM,NC,ASO,EN,Combined TRACON& Tower with Radar,41,28,43,15,127,0,1,13,4,18,41,29,56,19,145,0,0,0,145
06/30/2022,ILM,NC,ASO,EN,Combined TRACON& Tower with Radar,46,30,100,22,198,0,0,45,11,56,46,30,145,33,254,32,20,52,306
07/01/2022,ILM,NC,ASO,EN,Combined TRACON& Tower with Radar,47,27,61,4,139,0,0,9,0,9,47,27,70,4,148,10,0,10,158
07/02/2022,ILM,NC,ASO,EN,Combined TRACON& Tower with Radar,38,17,37,0,92,0,2,5,0,7,38,19,42,0,99,57,0,57,156
07/03/2022,ILM,NC,ASO,EN,Combined TRACON& Tower with Radar,41,10,16,0,67,0,2,31,3,36,41,12,47,3,103,34,2,36,139
07/04/2022,ILM,NC,ASO,EN,Combined TRACON& Tower with Radar,47,18,32,2,99,0,2,11,0,13,47,20,43,2,112,0,0,0,112
07/05/2022,ILM,NC,ASO,EN,Combined TRACON& Tower with Radar,44,35,49,8,136,0,4,33,0,37,44,39,82,8,173,56,0,56,229
07/06/2022,ILM,NC,ASO,EN,Combined TRACON& Tower with Radar,42,29,44,20,135,0,3,52,5,60,42,32,96,25,195,54,28,82,277
07/07/2022,ILM,NC,ASO,EN,Combined TRACON& Tower with Radar,47,26,60,12,145,0,2,38,0,40,47,28,98,12,185,30,0,30,215
07/08/2022,ILM,NC,ASO,EN,Combined TRACON& Tower with Radar,49,21,62,28,160,0,1,31,2,34,49,22,93,30,194,28,6,34,228
07/09/2022,ILM,NC,ASO,EN,Combined TRACON& Tower with Radar,44,18,54,7,123,0,2,32,5,39,44,20,86,12,162,56,0,56,218
07/10/2022,ILM,NC,ASO,EN,Combined TRACON& Tower with Radar,44,17,48,15,124,0,0,3,1,4,44,17,51,16,128,32,0,32,160
07/11/2022,ILM,NC,ASO,EN,Combined TRACON& Tower with Radar,48,27,60,2,137,0,1,13,2,16,48,28,73,4,153,62,0,62,215
07/12/2022,ILM,NC,ASO,EN,Combined TRACON& Tower with Radar,42,25,59,6,132,0,1,29,7,37,42,26,88,13,169,36,0,36,205
07/13/2022,ILM,NC,ASO,EN,Combined TRACON& Tower with Radar,43,21,53,6,123,0,2,33,5,40,43,23,86,11,163,30,0,30,193
07/14/2022,ILM,NC,ASO,EN,Combined TRACON& Tower with Radar,46,27,62,49,184,0,3,26,7,36,46,30,88,56,220,34,4,38,258
07/15/2022,ILM,NC,ASO,EN,Combined TRACON& Tower with Radar,48,29,35,20,132,0,1,19,4,24,48,30,54,24,156,26,6,32,188
07/16/2022,ILM,NC,ASO,EN,Combined TRACON& Tower with Radar,42,26,31,17,116,0,0,27,4,31,42,26,58,21,147,48,6,54,201
07/17/2022,ILM,NC,ASO,EN,Combined TRACON& Tower with Radar,46,31,67,10,154,0,1,41,6,48,46,32,108,16,202,54,0,54,256
07/18/2022,ILM,NC,ASO,EN,Combined TRACON& Tower with Radar,44,24,45,8,121,0,1,20,0,21,44,25,65,8,142,32,0,32,174
07/19/2022,ILM,NC,ASO,EN,Combined TRACON& Tower with Radar,43,25,54,15,137,0,3,38,3,44,43,28,92,18,181,24,8,32,213
07/20/2022,ILM,NC,ASO,EN,Combined TRACON& Tower with Radar,42,26,50,26,144,0,1,34,10,45,42,27,84,36,189,26,0,26,215
07/21/2022,ILM,NC,ASO,EN,Combined TRACON& Tower with Radar,40,38,51,6,135,0,1,31,11,43,40,39,82,17,178,6,6,12,190
07/22/2022,ILM,NC,ASO,EN,Combined TRACON& Tower with Radar,47,25,48,21,141,0,1,31,17,49,47,26,79,38,190,14,18,32,222
07/23/2022,ILM,NC,ASO,EN,Combined TRACON& Tower with Radar,46,19,34,6,105,0,1,17,3,21,46,20,51,9,126,32,0,32,158
07/24/2022,ILM,NC,ASO,EN,Combined TRACON& Tower with Radar,45,22,69,4,140,0,1,37,2,40,45,23,106,6,180,56,0,56,236
07/25/2022,ILM,NC,ASO,EN,Combined TRACON& Tower with Radar,41,15,47,30,133,0,1,29,4,34,41,16,76,34,167,21,18,39,206
07/26/2022,ILM,NC,ASO,EN,Combined TRACON& Tower with Radar,41,29,68,24,162,0,4,39,10,53,41,33,107,34,215,14,24,38,253
07/27/2022,ILM,NC,ASO,EN,Combined TRACON& Tower with Radar,41,30,54,35,160,0,1,35,4,40,41,31,89,39,200,42,0,42,242
07/28/2022,ILM,NC,ASO,EN,Combined TRACON& Tower with Radar,44,30,40,21,135,0,6,48,7,61,44,36,88,28,196,42,46,88,284
07/29/2022,ILM,NC,ASO,EN,Combined TRACON& Tower with Radar,49,34,52,22,157,0,2,37,3,42,49,36,89,25,199,48,0,48,247
07/30/2022,ILM,NC,ASO,EN,Combined TRACON& Tower with Radar,44,19,29,3,95,0,1,24,2,27,44,20,53,5,122,46,0,46,168
07/31/2022,ILM,NC,ASO,EN,Combined TRACON& Tower with Radar,48,22,29,5,104,0,0,18,5,23,48,22,47,10,127,28,0,28,155
08/01/2022,ILM,NC,ASO,EN,Combined TRACON& Tower with Radar,48,29,31,19,127,0,6,28,1,35,48,35,59,20,162,12,18,30,192
08/02/2022,ILM,NC,ASO,EN,Combined TRACON& Tower with Radar,48,25,50,16,139,0,2,58,5,65,48,27,108,21,204,18,4,22,226
08/03/2022,ILM,NC,ASO,EN,Combined TRACON& Tower with Radar,40,32,38,13,123,0,0,39,4,43,40,32,77,17,166,58,40,98,264
08/04/2022,ILM,NC,ASO,EN,Combined TRACON& Tower with Radar,35,29,52,10,126,0,0,39,2,41,35,29,91,12,167,14,4,18,185
08/05/2022,ILM,NC,ASO,EN,Combined TRACON& Tower with Radar,33,24,40,38,135,0,3,51,38,92,33,27,91,76,227,28,16,44,271
08/06/2022,ILM,NC,ASO,EN,Combined TRACON& Tower with Radar,50,27,47,4,128,0,1,47,2,50,50,28,94,6,178,56,0,56,234
08/07/2022,ILM,NC,ASO,EN,Combined TRACON& Tower with Radar,42,15,52,1,110,0,1,29,1,31,42,16,81,2,141,26,0,26,167
08/08/2022,ILM,NC,ASO,EN,Combined TRACON& Tower with Radar,44,18,50,18,130,0,1,32,7,40,44,19,82,25,170,37,16,53,223
08/09/2022,ILM,NC,ASO,EN,Combined TRACON& Tower with Radar,40,17,21,44,122,0,1,35,5,41,40,18,56,49,163,0,16,16,179
08/10/2022,ILM,NC,ASO,EN,Combined TRACON& Tower with Radar,36,22,52,24,134,0,3,45,10,58,36,25,97,34,192,0,26,26,218
08/11/2022,ILM,NC,ASO,EN,Combined TRACON& Tower with Radar,44,38,51,32,165,0,1,30,8,39,44,39,81,40,204,10,22,32,236
08/12/2022,ILM,NC,ASO,EN,Combined TRACON& Tower with Radar,46,27,46,5,124,0,1,4,4,9,46,28,50,9,133,8,0,8,141
08/13/2022,ILM,NC,ASO,EN,Combined TRACON& Tower with Radar,45,23,35,2,105,0,1,47,3,51,45,24,82,5,156,102,2,104,260
08/14/2022,ILM,NC,ASO,EN,Combined TRACON& Tower with Radar,45,26,44,2,117,0,1,55,1,57,45,27,99,3,174,30,12,42,216
08/15/2022,ILM,NC,ASO,EN,Combined TRACON& Tower with Radar,47,20,41,28,136,0,1,34,5,40,47,21,75,33,176,10,48,58,234
08/16/2022,ILM,NC,ASO,EN,Combined TRACON& Tower with Radar,39,31,58,9,137,0,0,10,3,13,39,31,68,12,150,10,2,12,162
08/17/2022,ILM,NC,ASO,EN,Combined TRACON& Tower with Radar,40,23,43,21,127,0,1,36,2,39,40,24,79,23,166,38,14,52,218
08/18/2022,ILM,NC,ASO,EN,Combined TRACON& Tower with Radar,43,23,37,4,107,0,2,54,8,64,43,25,91,12,171,16,0,16,187
08/19/2022,ILM,NC,ASO,EN,Combined TRACON& Tower with Radar,46,27,24,0,97,0,1,7,0,8,46,28,31,0,105,0,0,0,105
08/20/2022,ILM,NC,ASO,EN,Combined TRACON& Tower with Radar,42,18,34,0,94,0,1,31,0,32,42,19,65,0,126,60,0,60,186
08/21/2022,ILM,NC,ASO,EN,Combined TRACON& Tower with Radar,44,28,49,4,125,0,2,24,2,28,44,30,73,6,153,30,0,30,183
08/22/2022,ILM,NC,ASO,EN,Combined TRACON& Tower with Radar,40,11,30,16,97,0,2,20,0,22,40,13,50,16,119,38,14,52,171
08/23/2022,ILM,NC,ASO,EN,Combined TRACON& Tower with Radar,41,24,38,13,116,0,1,31,3,35,41,25,69,16,151,62,14,76,227
08/24/2022,ILM,NC,ASO,EN,Combined TRACON& Tower with Radar,39,21,49,35,144,0,0,54,2,56,39,21,103,37,200,46,8,54,254
08/25/2022,ILM,NC,ASO,EN,Combined TRACON& Tower with Radar,45,33,49,3,130,0,1,33,8,42,45,34,82,11,172,84,8,92,264
08/26/2022,ILM,NC,ASO,EN,Combined TRACON& Tower with Radar,47,28,47,16,138,0,0,28,1,29,47,28,75,17,167,38,0,38,205
08/27/2022,ILM,NC,ASO,EN,Combined TRACON& Tower with Radar,39,24,40,1,104,0,0,59,2,61,39,24,99,3,165,60,0,60,225
08/28/2022,ILM,NC,ASO,EN,Combined TRACON& Tower with Radar,45,19,44,12,120,0,1,23,1,25,45,20,67,13,145,30,0,30,175
08/29/2022,ILM,NC,ASO,EN,Combined TRACON& Tower with Radar,45,16,34,0,95,0,0,8,0,8,45,16,42,0,103,0,0,0,103
08/30/2022,ILM,NC,ASO,EN,Combined TRACON& Tower with Radar,38,21,37,23,119,0,2,15,1,18,38,23,52,24,137,30,12,42,179
08/31/2022,ILM,NC,ASO,EN,Combined TRACON& Tower with Radar,38,31,46,13,128,0,4,85,2,91,38,35,131,15,219,72,0,72,291
09/01/2022,ILM,NC,ASO,EN,Combined TRACON& Tower with Radar,42,31,66,6,145,0,2,69,2,73,42,33,135,8,218,52,0,52,270
09/02/2022,ILM,NC,ASO,EN,Combined TRACON& Tower with Radar,47,24,75,8,154,0,3,74,5,82,47,27,149,13,236,36,0,36,272
09/03/2022,ILM,NC,ASO,EN,Combined TRACON& Tower with Radar,36,19,51,4,110,0,0,67,0,67,36,19,118,4,177,46,0,46,223
09/04/2022,ILM,NC,ASO,EN,Combined TRACON& Tower with Radar,38,10,23,0,71,0,1,47,0,48,38,11,70,0,119,62,0,62,181
09/05/2022,ILM,NC,ASO,EN,Combined TRACON& Tower with Radar,40,37,64,3,144,0,3,52,0,55,40,40,116,3,199,32,0,32,231
09/06/2022,ILM,NC,ASO,EN,Combined TRACON& Tower with Radar,40,17,47,18,122,0,5,24,2,31,40,22,71,20,153,66,16,82,235
09/07/2022,ILM,NC,ASO,EN,Combined TRACON& Tower with Radar,38,14,39,13,104,0,1,39,0,40,38,15,78,13,144,26,0,26,170
09/08/2022,ILM,NC,ASO,EN,Combined TRACON& Tower with Radar,45,18,65,3,131,0,1,25,8,34,45,19,90,11,165,64,0,64,229
09/09/2022,ILM,NC,ASO,EN,Combined TRACON& Tower with Radar,43,26,74,11,154,0,1,41,4,46,43,27,115,15,200,52,2,54,254
09/10/2022,ILM,NC,ASO,EN,Combined TRACON& Tower with Radar,36,13,28,1,78,0,0,3,0,3,36,13,31,1,81,0,0,0,81
09/11/2022,ILM,NC,ASO,EN,Combined TRACON& Tower with Radar,42,20,49,0,111,0,0,18,1,19,42,20,67,1,130,6,0,6,136
09/12/2022,ILM,NC,ASO,EN,Combined TRACON& Tower with Radar,45,15,32,3,95,0,1,26,2,29,45,16,58,5,124,24,10,34,158
09/13/2022,ILM,NC,ASO,EN,Combined TRACON& Tower with Radar,38,20,46,26,130,0,1,53,10,64,38,21,99,36,194,66,28,94,288
09/14/2022,ILM,NC,ASO,EN,Combined TRACON& Tower with Radar,41,20,55,24,140,0,2,67,7,76,41,22,122,31,216,44,16,60,276
09/15/2022,ILM,NC,ASO,EN,Combined TRACON& Tower with Radar,48,17,34,17,116,0,1,58,11,70,48,18,92,28,186,36,10,46,232
09/16/2022,ILM,NC,ASO,EN,Combined TRACON& Tower with Radar,48,32,47,51,178,0,1,68,8,77,48,33,115,59,255,64,46,110,365
09/17/2022,ILM,NC,ASO,EN,Combined TRACON& Tower with Radar,36,10,35,7,88,0,1,59,3,63,36,11,94,10,151,50,0,50,201
09/18/2022,ILM,NC,ASO,EN,Combined TRACON& Tower with Radar,46,20,61,1,128,0,3,41,7,51,46,23,102,8,179,8,0,8,187
09/19/2022,ILM,NC,ASO,EN,Combined TRACON& Tower with Radar,45,25,47,21,138,0,6,42,2,50,45,31,89,23,188,34,6,40,228
09/20/2022,ILM,NC,ASO,EN,Combined TRACON& Tower with Radar,42,17,57,37,153,0,6,65,6,77,42,23,122,43,230,53,12,65,295
09/21/2022,ILM,NC,ASO,EN,Combined TRACON& Tower with Radar,39,22,51,26,138,0,4,55,5,64,39,26,106,31,202,22,12,34,236
09/22/2022,ILM,NC,ASO,EN,Combined TRACON& Tower with Radar,49,17,61,33,160,0,1,39,8,48,49,18,100,41,208,6,32,38,246
09/23/2022,ILM,NC,ASO,EN,Combined TRACON& Tower with Radar,48,24,44,9,125,0,6,29,5,40,48,30,73,14,165,28,10,38,203
09/24/2022,ILM,NC,ASO,EN,Combined TRACON& Tower with Radar,36,13,46,5,100,0,2,66,0,68,36,15,112,5,168,26,4,30,198
09/25/2022,ILM,NC,ASO,EN,Combined TRACON& Tower with Radar,41,15,53,2,111,0,5,32,0,37,41,20,85,2,148,28,0,28,176
09/26/2022,ILM,NC,ASO,EN,Combined TRACON& Tower with Radar,48,19,43,3,113,0,2,40,0,42,48,21,83,3,155,44,0,44,199
09/27/2022,ILM,NC,ASO,EN,Combined TRACON& Tower with Radar,40,27,61,8,136,0,3,69,8,80,40,30,130,16,216,114,12,126,342
09/28/2022,ILM,NC,ASO,EN,Combined TRACON& Tower with Radar,39,26,28,5,98,0,1,31,6,38,39,27,59,11,136,34,0,34,170
09/29/2022,ILM,NC,ASO,EN,Combined TRACON& Tower with Radar,46,18,28,5,97,0,0,2,1,3,46,18,30,6,100,0,0,0,100
09/30/2022,ILM,NC,ASO,EN,Combined TRACON& Tower with Radar,6,0,0,0,6,0,0,0,0,0,6,0,0,0,6,0,0,0,6
10/01/2022,ILM,NC,ASO,EN,Combined TRACON& Tower with Radar,30,19,28,0,77,0,2,36,0,38,30,21,64,0,115,22,0,22,137
10/02/2022,ILM,NC,ASO,EN,Combined TRACON& Tower with Radar,43,17,43,0,103,0,1,39,3,43,43,18,82,3,146,6,0,6,152
10/03/2022,ILM,NC,ASO,EN,Combined TRACON& Tower with Radar,45,22,42,1,110,0,2,3,1,6,45,24,45,2,116,0,0,0,116
10/04/2022,ILM,NC,ASO,EN,Combined TRACON& Tower with Radar,39,22,37,14,112,0,1,34,6,41,39,23,71,20,153,42,22,64,217
10/05/2022,ILM,NC,ASO,EN,Combined TRACON& Tower with Radar,40,26,33,4,103,0,1,77,2,80,40,27,110,6,183,40,0,40,223
10/06/2022,ILM,NC,ASO,EN,Combined TRACON& Tower with Radar,46,24,58,23,151,0,3,67,5,75,46,27,125,28,226,66,18,84,310
10/07/2022,ILM,NC,ASO,EN,Combined TRACON& Tower with Radar,46,24,38,23,131,0,5,63,3,71,46,29,101,26,202,104,0,104,306
10/08/2022,ILM,NC,ASO,EN,Combined TRACON& Tower with Radar,35,22,44,0,101,0,3,55,0,58,35,25,99,0,159,118,0,118,277
10/09/2022,ILM,NC,ASO,EN,Combined TRACON& Tower with Radar,43,20,49,0,112,0,2,62,0,64,43,22,111,0,176,54,0,54,230
10/10/2022,ILM,NC,ASO,EN,Combined TRACON& Tower with Radar,46,21,46,0,113,0,2,42,0,44,46,23,88,0,157,96,0,96,253
10/11/2022,ILM,NC,ASO,EN,Combined TRACON& Tower with Radar,41,32,53,26,152,0,2,67,6,75,41,34,120,32,227,74,18,92,319
10/12/2022,ILM,NC,ASO,EN,Combined TRACON& Tower with Radar,40,22,49,21,132,0,1,57,7,65,40,23,106,28,197,68,24,92,289
10/13/2022,ILM,NC,ASO,EN,Combined TRACON& Tower with Radar,46,15,45,9,115,0,0,17,1,18,46,15,62,10,133,60,14,74,207
10/14/2022,ILM,NC,ASO,EN,Combined TRACON& Tower with Radar,45,27,69,43,184,0,1,26,3,30,45,28,95,46,214,26,0,26,240
10/15/2022,ILM,NC,ASO,EN,Combined TRACON& Tower with Radar,35,10,38,7,90,0,1,64,4,69,35,11,102,11,159,62,0,62,221
10/16/2022,ILM,NC,ASO,EN,Combined TRACON& Tower with Radar,47,20,59,0,126,0,2,73,2,77,47,22,132,2,203,70,0,70,273
10/17/2022,ILM,NC,ASO,EN,Combined TRACON& Tower with Radar,46,29,49,5,129,0,3,37,5,45,46,32,86,10,174,94,4,98,272
10/18/2022,ILM,NC,ASO,EN,Combined TRACON& Tower with Radar,42,22,44,23,131,0,1,41,1,43,42,23,85,24,174,64,8,72,246
10/19/2022,ILM,NC,ASO,EN,Combined TRACON& Tower with Radar,40,22,38,58,158,0,2,49,8,59,40,24,87,66,217,54,66,120,337
10/20/2022,ILM,NC,ASO,EN,Combined TRACON& Tower with Radar,48,19,35,48,150,0,2,67,13,82,48,21,102,61,232,32,30,62,294
10/21/2022,ILM,NC,ASO,EN,Combined TRACON& Tower with Radar,46,30,41,19,136,0,6,52,6,64,46,36,93,25,200,32,12,44,244
10/22/2022,ILM,NC,ASO,EN,Combined TRACON& Tower with Radar,35,16,50,3,104,0,2,65,1,68,35,18,115,4,172,52,0,52,224
10/23/2022,ILM,NC,ASO,EN,Combined TRACON& Tower with Radar,45,20,53,8,126,0,0,38,5,43,45,20,91,13,169,52,0,52,221
10/24/2022,ILM,NC,ASO,EN,Combined TRACON& Tower with Radar,43,28,71,44,186,0,2,14,3,19,43,30,85,47,205,30,12,42,247
10/25/2022,ILM,NC,ASO,EN,Combined TRACON& Tower with Radar,33,28,68,31,160,0,4,33,14,51,33,32,101,45,211,32,44,76,287
10/26/2022,ILM,NC,ASO,EN,Combined TRACON& Tower with Radar,39,27,56,28,150,0,8,26,6,40,39,35,82,34,190,56,0,56,246
10/27/2022,ILM,NC,ASO,EN,Combined TRACON& Tower with Radar,46,22,54,9,131,0,3,22,2,27,46,25,76,11,158,74,0,74,232
10/28/2022,ILM,NC,ASO,EN,Combined TRACON& Tower with Radar,44,18,37,15,114,0,1,20,0,21,44,19,57,15,135,16,0,16,151
10/29/2022,ILM,NC,ASO,EN,Combined TRACON& Tower with Radar,33,22,35,18,108,0,0,7,1,8,33,22,42,19,116,0,0,0,116
10/30/2022,ILM,NC,ASO,EN,Combined TRACON& Tower with Radar,42,15,45,9,111,0,0,48,4,52,42,15,93,13,163,32,0,32,195
10/31/2022,ILM,NC,ASO,EN,Combined TRACON& Tower with Radar,39,16,26,15,96,0,0,22,1,23,39,16,48,16,119,24,32,56,175
11/01/2022,ILM,NC,ASO,EN,Combined TRACON& Tower with Radar,39,37,56,29,161,0,4,32,8,44,39,41,88,37,205,44,26,70,275
11/02/2022,ILM,NC,ASO,EN,Combined TRACON& Tower with Radar,40,28,36,37,141,0,2,62,0,64,40,30,98,37,205,38,18,56,261
11/03/2022,ILM,NC,ASO,EN,Combined TRACON& Tower with Radar,40,22,74,49,185,0,5,38,9,52,40,27,112,58,237,14,14,28,265
11/04/2022,ILM,NC,ASO,EN,Combined TRACON& Tower with Radar,39,25,41,15,120,0,3,52,1,56,39,28,93,16,176,56,0,56,232
11/05/2022,ILM,NC,ASO,EN,Combined TRACON& Tower with Radar,30,23,42,5,100,0,1,51,2,54,30,24,93,7,154,48,0,48,202
11/06/2022,ILM,NC,ASO,EN,Combined TRACON& Tower with Radar,34,22,59,0,115,0,1,47,2,50,34,23,106,2,165,14,0,14,179
11/07/2022,ILM,NC,ASO,EN,Combined TRACON& Tower with Radar,38,25,45,52,160,0,2,45,4,51,38,27,90,56,211,46,54,100,311
11/08/2022,ILM,NC,ASO,EN,Combined TRACON& Tower with Radar,35,22,28,4,89,0,2,35,13,50,35,24,63,17,139,14,0,14,153
11/09/2022,ILM,NC,ASO,EN,Combined TRACON& Tower with Radar,35,18,38,12,103,0,2,10,15,27,35,20,48,27,130,6,0,6,136
11/10/2022,ILM,NC,ASO,EN,Combined TRACON& Tower with Radar,39,27,42,3,111,0,0,0,2,2,39,27,42,5,113,0,0,0,113
11/11/2022,ILM,NC,ASO,EN,Combined TRACON& Tower with Radar,36,24,18,0,78,0,1,1,0,2,36,25,19,0,80,0,0,0,80
11/12/2022,ILM,NC,ASO,EN,Combined TRACON& Tower with Radar,34,17,59,2,112,0,1,30,2,33,34,18,89,4,145,28,0,28,173
11/13/2022,ILM,NC,ASO,EN,Combined TRACON& Tower with Radar,36,25,31,0,92,0,0,47,0,47,36,25,78,0,139,84,1,85,224
11/14/2022,ILM,NC,ASO,EN,Combined TRACON& Tower with Radar,44,19,49,20,132,0,1,65,2,68,44,20,114,22,200,36,8,44,244
11/15/2022,ILM,NC,ASO,EN,Combined TRACON& Tower with Radar,36,21,34,2,93,0,2,14,2,18,36,23,48,4,111,30,0,30,141
11/16/2022,ILM,NC,ASO,EN,Combined TRACON& Tower with Radar,36,30,67,18,151,0,2,35,5,42,36,32,102,23,193,116,18,134,327
11/17/2022,ILM,NC,ASO,EN,Combined TRACON& Tower with Radar,40,25,31,36,132,0,4,56,9,69,40,29,87,45,201,48,42,90,291
11/18/2022,ILM,NC,ASO,EN,Combined TRACON& Tower with Radar,40,40,42,38,160,0,2,76,2,80,40,42,118,40,240,88,0,88,328
11/19/2022,ILM,NC,ASO,EN,Combined TRACON& Tower with Radar,33,26,69,17,145,0,6,87,6,99,33,32,156,23,244,66,4,70,314
11/20/2022,ILM,NC,ASO,EN,Combined TRACON& Tower with Radar,33,26,45,19,123,0,2,38,3,43,33,28,83,22,166,18,0,18,184
11/21/2022,ILM,NC,ASO,EN,Combined TRACON& Tower with Radar,42,19,36,25,122,0,11,50,3,64,42,30,86,28,186,48,8,56,242
11/22/2022,ILM,NC,ASO,EN,Combined TRACON& Tower with Radar,36,34,65,13,148,0,2,53,4,59,36,36,118,17,207,120,14,134,341
11/23/2022,ILM,NC,ASO,EN,Combined TRACON& Tower with Radar,38,24,61,5,128,0,2,40,1,43,38,26,101,6,171,44,0,44,215
11/24/2022,ILM,NC,ASO,EN,Combined TRACON& Tower with Radar,19,14,9,0,42,0,0,18,0,18,19,14,27,0,60,0,0,0,60
11/25/2022,ILM,NC,ASO,EN,Combined TRACON& Tower with Radar,37,8,29,0,74,0,3,13,1,17,37,11,42,1,91,28,0,28,119
11/26/2022,ILM,NC,ASO,EN,Combined TRACON& Tower with Radar,36,32,72,0,140,0,3,76,0,79,36,35,148,0,219,56,0,56,275
11/27/2022,ILM,NC,ASO,EN,Combined TRACON& Tower with Radar,37,27,59,0,123,0,1,3,0,4,37,28,62,0,127,8,0,8,135
11/28/2022,ILM,NC,ASO,EN,Combined TRACON& Tower with Radar,42,19,60,11,132,0,6,43,2,51,42,25,103,13,183,36,0,36,219
11/29/2022,ILM,NC,ASO,EN,Combined TRACON& Tower with Radar,40,26,42,11,119,0,11,85,8,104,40,37,127,19,223,42,28,70,293
11/30/2022,ILM,NC,ASO,EN,Combined TRACON& Tower with Radar,37,18,31,4,90,0,1,13,5,19,37,19,44,9,109,30,0,30,139
12/01/2022,ILM,NC,ASO,EN,Combined TRACON& Tower with Radar,38,26,39,26,129,0,2,52,9,63,38,28,91,35,192,66,26,92,284
12/02/2022,ILM,NC,ASO,EN,Combined TRACON& Tower with Radar,44,17,55,22,138,0,2,64,5,71,44,19,119,27,209,72,0,72,281
12/03/2022,ILM,NC,ASO,EN,Combined TRACON& Tower with Radar,33,17,31,4,85,0,1,37,5,43,33,18,68,9,128,34,0,34,162
12/04/2022,ILM,NC,ASO,EN,Combined TRACON& Tower with Radar,35,19,48,1,103,0,3,56,3,62,35,22,104,4,165,30,0,30,195
12/05/2022,ILM,NC,ASO,EN,Combined TRACON& Tower with Radar,44,25,51,11,131,0,6,61,5,72,44,31,112,16,203,60,24,84,287
12/06/2022,ILM,NC,ASO,EN,Combined TRACON& Tower with Radar,36,14,44,53,147,0,1,40,9,50,36,15,84,62,197,114,26,140,337
12/07/2022,ILM,NC,ASO,EN,Combined TRACON& Tower with Radar,35,22,43,39,139,0,1,48,10,59,35,23,91,49,198,78,42,120,318
12/08/2022,ILM,NC,ASO,EN,Combined TRACON& Tower with Radar,37,27,69,37,170,0,0,16,1,17,37,27,85,38,187,0,0,0,187
12/09/2022,ILM,NC,ASO,EN,Combined TRACON& Tower with Radar,44,18,52,10,124,0,3,13,14,30,44,21,65,24,154,82,0,82,236
12/10/2022,ILM,NC,ASO,EN,Combined TRACON& Tower with Radar,33,16,48,1,98,0,1,52,4,57,33,17,100,5,155,0,0,0,155
12/11/2022,ILM,NC,ASO,EN,Combined TRACON& Tower with Radar,34,19,42,2,97,0,2,23,1,26,34,21,65,3,123,72,0,72,195
12/12/2022,ILM,NC,ASO,EN,Combined TRACON& Tower with Radar,44,20,35,13,112,0,6,47,3,56,44,26,82,16,168,60,26,86,254
12/13/2022,ILM,NC,ASO,EN,Combined TRACON& Tower with Radar,36,20,36,13,105,0,2,60,6,68,36,22,96,19,173,48,20,68,241
12/14/2022,ILM,NC,ASO,EN,Combined TRACON& Tower with Radar,36,23,57,29,145,0,1,44,9,54,36,24,101,38,199,102,10,112,311
12/15/2022,ILM,NC,ASO,EN,Combined TRACON& Tower with Radar,39,23,26,12,100,0,0,1,1,2,39,23,27,13,102,4,18,22,124
12/16/2022,ILM,NC,ASO,EN,Combined TRACON& Tower with Radar,39,29,64,1,133,0,2,55,1,58,39,31,119,2,191,68,0,68,259
12/17/2022,ILM,NC,ASO,EN,Combined TRACON& Tower with Radar,28,35,37,8,108,0,3,72,5,80,28,38,109,13,188,104,0,104,292
12/18/2022,ILM,NC,ASO,EN,Combined TRACON& Tower with Radar,33,27,43,0,103,0,5,36,7,48,33,32,79,7,151,0,0,0,151
12/19/2022,ILM,NC,ASO,EN,Combined TRACON& Tower with Radar,36,21,41,8,106,0,0,52,3,55,36,21,93,11,161,60,18,78,239
12/20/2022,ILM,NC,ASO,EN,Combined TRACON& Tower with Radar,33,35,34,9,111,0,4,39,4,47,33,39,73,13,158,26,32,58,216
12/21/2022,ILM,NC,ASO,EN,Combined TRACON& Tower with Radar,33,31,49,16,129,0,0,14,6,20,33,31,63,22,149,58,0,58,207
12/22/2022,ILM,NC,ASO,EN,Combined TRACON& Tower with Radar,34,47,38,2,121,0,0,0,0,0,34,47,38,2,121,0,0,0,121
12/23/2022,ILM,NC,ASO,EN,Combined TRACON& Tower with Radar,36,30,23,0,89,0,4,0,4,8,36,34,23,4,97,0,0,0,97
12/24/2022,ILM,NC,ASO,EN,Combined TRACON& Tower with Radar,27,15,18,0,60,0,5,17,0,22,27,20,35,0,82,0,0,0,82
12/25/2022,ILM,NC,ASO,EN,Combined TRACON& Tower with Radar,25,32,11,0,68,0,2,4,0,6,25,34,15,0,74,0,0,0,74
12/26/2022,ILM,NC,ASO,EN,Combined TRACON& Tower with Radar,35,68,79,0,182,0,3,45,0,48,35,71,124,0,230,0,0,0,230
12/27/2022,ILM,NC,ASO,EN,Combined TRACON& Tower with Radar,33,51,72,0,156,0,2,42,0,44,33,53,114,0,200,70,0,70,270
12/28/2022,ILM,NC,ASO,EN,Combined TRACON& Tower with Radar,26,45,45,18,134,0,3,55,0,58,26,48,100,18,192,138,4,142,334
12/29/2022,ILM,NC,ASO,EN,Combined TRACON& Tower with Radar,34,25,52,7,118,0,2,59,3,64,34,27,111,10,182,24,14,38,220
12/30/2022,ILM,NC,ASO,EN,Combined TRACON& Tower with Radar,32,30,47,2,111,0,4,48,6,58,32,34,95,8,169,68,0,68,237
12/31/2022,ILM,NC,ASO,EN,Combined TRACON& Tower with Radar,25,24,30,0,79,0,0,7,0,7,25,24,37,0,86,8,0,8,94
01/01/2023,ILM,NC,ASO,EN,Combined TRACON& Tower with Radar,21,24,47,0,92,1,0,41,0,42,22,24,88,0,134,100,0,100,234
01/02/2023,ILM,NC,ASO,EN,Combined TRACON& Tower with Radar,41,43,96,2,182,0,3,52,0,55,41,46,148,2,237,40,0,40,277
01/03/2023,ILM,NC,ASO,EN,Combined TRACON& Tower with Radar,27,44,52,10,133,0,6,34,4,44,27,50,86,14,177,8,0,8,185
01/04/2023,ILM,NC,ASO,EN,Combined TRACON& Tower with Radar,26,35,29,22,112,0,0,2,4,6,26,35,31,26,118,14,10,24,142
01/05/2023,ILM,NC,ASO,EN,Combined TRACON& Tower with Radar,28,34,34,10,106,0,6,51,2,59,28,40,85,12,165,72,4,76,241
01/06/2023,ILM,NC,ASO,EN,Combined TRACON& Tower with Radar,33,18,46,8,105,0,0,57,4,61,33,18,103,12,166,68,0,68,234
01/07/2023,ILM,NC,ASO,EN,Combined TRACON& Tower with Radar,31,18,70,14,133,0,0,65,1,66,31,18,135,15,199,38,0,38,237
01/08/2023,ILM,NC,ASO,EN,Combined TRACON& Tower with Radar,32,18,36,4,90,0,2,44,2,48,32,20,80,6,138,52,0,52,190
01/09/2023,ILM,NC,ASO,EN,Combined TRACON& Tower with Radar,43,20,32,22,117,0,1,53,2,56,43,21,85,24,173,106,6,112,285
01/10/2023,ILM,NC,ASO,EN,Combined TRACON& Tower with Radar,33,19,40,46,138,0,10,65,4,79,33,29,105,50,217,88,20,108,325
01/11/2023,ILM,NC,ASO,EN,Combined TRACON& Tower with Radar,32,22,38,29,121,0,6,55,13,74,32,28,93,42,195,74,12,86,281
01/12/2023,ILM,NC,ASO,EN,Combined TRACON& Tower with Radar,32,28,36,45,141,0,4,47,9,60,32,32,83,54,201,94,18,112,313
01/13/2023,ILM,NC,ASO,EN,Combined TRACON& Tower with Radar,41,27,47,7,122,0,2,30,2,34,41,29,77,9,156,42,0,42,198
01/14/2023,ILM,NC,ASO,EN,Combined TRACON& Tower with Radar,27,12,30,8,77,0,6,41,0,47,27,18,71,8,124,46,0,46,170
01/15/2023,ILM,NC,ASO,EN,Combined TRACON& Tower with Radar,31,22,42,2,97,0,7,40,0,47,31,29,82,2,144,0,0,0,144
01/16/2023,ILM,NC,ASO,EN,Combined TRACON& Tower with Radar,40,27,48,0,115,0,5,74,0,79,40,32,122,0,194,88,0,88,282
01/17/2023,ILM,NC,ASO,EN,Combined TRACON& Tower with Radar,34,17,49,19,119,0,0,45,8,53,34,17,94,27,172,48,32,80,252
01/18/2023,ILM,NC,ASO,EN,Combined TRACON& Tower with Radar,34,26,56,30,146,0,2,53,8,63,34,28,109,38,209,84,20,104,313
01/19/2023,ILM,NC,ASO,EN,Combined TRACON& Tower with Radar,33,22,21,61,137,0,1,25,3,29,33,23,46,64,166,26,14,40,206
01/20/2023,ILM,NC,ASO,EN,Combined TRACON& Tower with Radar,41,27,45,28,141,0,11,79,1,91,41,38,124,29,232,86,4,90,322
01/21/2023,ILM,NC,ASO,EN,Combined TRACON& Tower with Radar,30,9,40,0,79,0,4,87,1,92,30,13,127,1,171,128,0,128,299
01/22/2023,ILM,NC,ASO,EN,Combined TRACON& Tower with Radar,32,26,26,2,86,0,0,1,0,1,32,26,27,2,87,4,0,4,91
01/23/2023,ILM,NC,ASO,EN,Combined TRACON& Tower with Radar,38,13,32,11,94,0,1,30,4,35,38,14,62,15,129,16,18,34,163
01/24/2023,ILM,NC,ASO,EN,Combined TRACON& Tower with Radar,36,19,49,7,111,0,8,70,3,81,36,27,119,10,192,114,0,114,306
01/25/2023,ILM,NC,ASO,EN,Combined TRACON& Tower with Radar,32,14,27,22,95,0,1,7,4,12,32,15,34,26,107,22,18,40,147
01/26/2023,ILM,NC,ASO,EN,Combined TRACON& Tower with Radar,34,22,45,24,125,0,4,51,4,59,34,26,96,28,184,74,32,106,290
01/27/2023,ILM,NC,ASO,EN,Combined TRACON& Tower with Radar,41,20,48,18,127,0,6,75,13,94,41,26,123,31,221,86,18,104,325
01/28/2023,ILM,NC,ASO,EN,Combined TRACON& Tower with Radar,30,9,39,2,80,0,9,100,3,112,30,18,139,5,192,34,0,34,226
01/29/2023,ILM,NC,ASO,EN,Combined TRACON& Tower with Radar,36,16,51,1,104,0,0,54,3,57,36,16,105,4,161,42,0,42,203
01/30/2023,ILM,NC,ASO,EN,Combined TRACON& Tower with Radar,39,20,36,6,101,0,0,3,0,3,39,20,39,6,104,0,0,0,104
01/31/2023,ILM,NC,ASO,EN,Combined TRACON& Tower with Radar,33,25,42,14,114,0,0,3,1,4,33,25,45,15,118,32,2,34,152
02/01/2023,ILM,NC,ASO,EN,Combined TRACON& Tower with Radar,34,23,39,31,127,0,1,0,3,4,34,24,39,34,131,0,0,0,131
02/02/2023,ILM,NC,ASO,EN,Combined TRACON& Tower with Radar,35,14,25,0,74,0,0,0,0,0,35,14,25,0,74,0,0,0,74
02/03/2023,ILM,NC,ASO,EN,Combined TRACON& Tower with Radar,39,24,34,4,101,0,1,29,5,35,39,25,63,9,136,40,0,40,176
02/04/2023,ILM,NC,ASO,EN,Combined TRACON& Tower with Radar,31,18,32,8,89,0,5,63,3,71,31,23,95,11,160,20,0,20,180
02/05/2023,ILM,NC,ASO,EN,Combined TRACON& Tower with Radar,33,23,57,5,118,0,3,19,1,23,33,26,76,6,141,70,0,70,211
02/06/2023,ILM,NC,ASO,EN,Combined TRACON& Tower with Radar,45,21,26,30,122,0,5,81,6,92,45,26,107,36,214,55,40,95,309
02/07/2023,ILM,NC,ASO,EN,Combined TRACON& Tower with Radar,36,24,59,15,134,0,4,73,3,80,36,28,132,18,214,104,6,110,324
02/08/2023,ILM,NC,ASO,EN,Combined TRACON& Tower with Radar,35,32,38,48,153,0,3,76,14,93,35,35,114,62,246,48,36,84,330
02/09/2023,ILM,NC,ASO,EN,Combined TRACON& Tower with Radar,37,35,52,28,152,0,3,54,10,67,37,38,106,38,219,32,10,42,261
02/10/2023,ILM,NC,ASO,EN,Combined TRACON& Tower with Radar,42,30,53,4,129,0,4,26,6,36,42,34,79,10,165,38,0,38,203
02/11/2023,ILM,NC,ASO,EN,Combined TRACON& Tower with Radar,31,15,23,1,70,0,3,17,0,20,31,18,40,1,90,26,0,26,116
02/12/2023,ILM,NC,ASO,EN,Combined TRACON& Tower with Radar,34,9,29,1,73,0,0,12,2,14,34,9,41,3,87,14,0,14,101
02/13/2023,ILM,NC,ASO,EN,Combined TRACON& Tower with Radar,43,11,52,8,114,0,11,47,0,58,43,22,99,8,172,54,0,54,226
02/14/2023,ILM,NC,ASO,EN,Combined TRACON& Tower with Radar,35,24,39,8,106,0,1,66,5,72,35,25,105,13,178,64,8,72,250
02/15/2023,ILM,NC,ASO,EN,Combined TRACON& Tower with Radar,36,24,34,31,125,0,7,91,7,105,36,31,125,38,230,62,34,96,326
02/16/2023,ILM,NC,ASO,EN,Combined TRACON& Tower with Radar,38,25,44,11,118,0,0,41,5,46,38,25,85,16,164,56,10,66,230
02/17/2023,ILM,NC,ASO,EN,Combined TRACON& Tower with Radar,37,32,28,6,103,0,2,0,4,6,37,34,28,10,109,0,0,0,109
02/18/2023,ILM,NC,ASO,EN,Combined TRACON& Tower with Radar,28,17,54,1,100,0,5,91,0,96,28,22,145,1,196,42,0,42,238
02/19/2023,ILM,NC,ASO,EN,Combined TRACON& Tower with Radar,38,26,54,1,119,0,0,35,0,35,38,26,89,1,154,43,0,43,197
02/20/2023,ILM,NC,ASO,EN,Combined TRACON& Tower with Radar,41,23,47,8,119,0,2,45,0,47,41,25,92,8,166,16,0,16,182
02/21/2023,ILM,NC,ASO,EN,Combined TRACON& Tower with Radar,37,29,48,38,152,0,3,34,5,42,37,32,82,43,194,8,30,38,232
02/22/2023,ILM,NC,ASO,EN,Combined TRACON& Tower with Radar,38,25,42,19,124,0,1,50,8,59,38,26,92,27,183,32,12,44,227
02/23/2023,ILM,NC,ASO,EN,Combined TRACON& Tower with Radar,39,28,37,26,130,0,7,22,13,42,39,35,59,39,172,4,54,58,230
02/24/2023,ILM,NC,ASO,EN,Combined TRACON& Tower with Radar,45,24,62,16,147,0,1,64,21,86,45,25,126,37,233,48,0,48,281
02/25/2023,ILM,NC,ASO,EN,Combined TRACON& Tower with Radar,31,20,38,0,89,0,2,2,0,4,31,22,40,0,93,16,0,16,109
02/26/2023,ILM,NC,ASO,EN,Combined TRACON& Tower with Radar,37,17,68,4,126,0,4,45,3,52,37,21,113,7,178,44,0,44,222
02/27/2023,ILM,NC,ASO,EN,Combined TRACON& Tower with Radar,42,25,36,34,137,0,2,26,4,32,42,27,62,38,169,94,50,144,313
02/28/2023,ILM,NC,ASO,EN,Combined TRACON& Tower with Radar,33,26,32,22,113,0,3,63,1,67,33,29,95,23,180,43,0,43,223
03/01/2023,ILM,NC,ASO,EN,Combined TRACON& Tower with Radar,39,28,52,22,141,0,7,69,2,78,39,35,121,24,219,76,2,78,297
03/02/2023,ILM,NC,ASO,EN,Combined TRACON& Tower with Radar,41,23,54,6,124,0,4,30,2,36,41,27,84,8,160,60,0,60,220
03/03/2023,ILM,NC,ASO,EN,Combined TRACON& Tower with Radar,47,30,48,27,152,0,0,31,5,36,47,30,79,32,188,26,38,64,252
03/04/2023,ILM,NC,ASO,EN,Combined TRACON& Tower with Radar,33,26,39,9,107,0,0,66,1,67,33,26,105,10,174,83,0,83,257
03/05/2023,ILM,NC,ASO,EN,Combined TRACON& Tower with Radar,41,19,51,0,111,0,4,88,0,92,41,23,139,0,203,70,0,70,273
03/06/2023,ILM,NC,ASO,EN,Combined TRACON& Tower with Radar,42,14,46,11,113,0,7,75,3,85,42,21,121,14,198,100,20,120,318
03/07/2023,ILM,NC,ASO,EN,Combined TRACON& Tower with Radar,37,20,38,21,116,0,1,30,1,32,37,21,68,22,148,18,6,24,172
03/08/2023,ILM,NC,ASO,EN,Combined TRACON& Tower with Radar,39,27,54,28,148,0,3,52,3,58,39,30,106,31,206,32,32,64,270
03/09/2023,ILM,NC,ASO,EN,Combined TRACON& Tower with Radar,43,27,47,15,132,0,3,78,8,89,43,30,125,23,221,88,8,96,317
03/10/2023,ILM,NC,ASO,EN,Combined TRACON& Tower with Radar,47,22,31,19,119,0,0,1,0,1,47,22,32,19,120,12,0,12,132
03/11/2023,ILM,NC,ASO,EN,Combined TRACON& Tower with Radar,33,23,51,7,114,0,0,37,10,47,33,23,88,17,161,40,0,40,201
03/12/2023,ILM,NC,ASO,EN,Combined TRACON& Tower with Radar,43,22,32,1,98,0,0,8,1,9,43,22,40,2,107,10,0,10,117
03/13/2023,ILM,NC,ASO,EN,Combined TRACON& Tower with Radar,47,20,42,12,121,0,1,13,1,15,47,21,55,13,136,84,0,84,220
03/14/2023,ILM,NC,ASO,EN,Combined TRACON& Tower with Radar,37,27,46,15,125,0,2,46,4,52,37,29,92,19,177,38,10,48,225
03/15/2023,ILM,NC,ASO,EN,Combined TRACON& Tower with Radar,38,22,44,8,112,0,2,53,10,65,38,24,97,18,177,48,6,54,231
03/16/2023,ILM,NC,ASO,EN,Combined TRACON& Tower with Radar,44,20,50,33,147,0,1,67,2,70,44,21,117,35,217,42,26,68,285
03/17/2023,ILM,NC,ASO,EN,Combined TRACON& Tower with Radar,45,25,39,17,126,0,5,27,2,34,45,30,66,19,160,32,10,42,202
03/18/2023,ILM,NC,ASO,EN,Combined TRACON& Tower with Radar,32,24,41,2,99,0,1,12,0,13,32,25,53,2,112,70,0,70,182
03/19/2023,ILM,NC,ASO,EN,Combined TRACON& Tower with Radar,43,28,66,0,137,0,2,53,0,55,43,30,119,0,192,60,0,60,252
03/20/2023,ILM,NC,ASO,EN,Combined TRACON& Tower with Radar,46,18,27,14,105,0,1,36,4,41,46,19,63,18,146,68,56,124,270
03/21/2023,ILM,NC,ASO,EN,Combined TRACON& Tower with Radar,40,21,35,28,124,0,5,80,13,98,40,26,115,41,222,14,88,102,324
03/22/2023,ILM,NC,ASO,EN,Combined TRACON& Tower with Radar,41,32,51,4,128,0,7,59,4,70,41,39,110,8,198,94,14,108,306
03/23/2023,ILM,NC,ASO,EN,Combined TRACON& Tower with Radar,43,23,51,15,132,0,6,36,5,47,43,29,87,20,179,54,22,76,255
03/24/2023,ILM,NC,ASO,EN,Combined TRACON& Tower with Radar,45,32,33,0,110,0,2,47,2,51,45,34,80,2,161,66,0,66,227
03/25/2023,ILM,NC,ASO,EN,Combined TRACON& Tower with Radar,33,29,38,1,101,0,0,16,3,19,33,29,54,4,120,26,0,26,146
03/26/2023,ILM,NC,ASO,EN,Combined TRACON& Tower with Radar,40,30,59,0,129,0,0,10,0,10,40,30,69,0,139,12,0,12,151
03/27/2023,ILM,NC,ASO,EN,Combined TRACON& Tower with Radar,44,23,47,17,131,0,1,33,1,35,44,24,80,18,166,104,0,104,270
03/28/2023,ILM,NC,ASO,EN,Combined TRACON& Tower with Radar,40,23,72,17,152,0,3,56,1,60,40,26,128,18,212,110,4,114,326
03/29/2023,ILM,NC,ASO,EN,Combined TRACON& Tower with Radar,43,38,64,30,175,0,2,55,15,72,43,40,119,45,247,116,28,144,391
03/30/2023,ILM,NC,ASO,EN,Combined TRACON& Tower with Radar,44,26,62,28,160,0,4,81,12,97,44,30,143,40,257,142,72,214,471
03/31/2023,ILM,NC,ASO,EN,Combined TRACON& Tower with Radar,45,27,29,5,106,0,1,44,10,55,45,28,73,15,161,62,0,62,223
04/01/2023,ILM,NC,ASO,EN,Combined TRACON& Tower with Radar,33,25,33,8,99,0,0,0,3,3,33,25,33,11,102,0,0,0,102
04/02/2023,ILM,NC,ASO,EN,Combined TRACON& Tower with Radar,39,22,60,17,138,0,1,74,2,77,39,23,134,19,215,52,0,52,267
04/03/2023,ILM,NC,ASO,EN,Combined TRACON& Tower with Radar,44,26,42,11,123,0,2,40,1,43,44,28,82,12,166,148,0,148,314
04/04/2023,ILM,NC,ASO,EN,Combined TRACON& Tower with Radar,37,30,57,8,132,0,2,56,0,58,37,32,113,8,190,84,0,84,274
04/05/2023,ILM,NC,ASO,EN,Combined TRACON& Tower with Radar,35,42,60,24,161,0,5,53,2,60,35,47,113,26,221,136,4,140,361
04/06/2023,ILM,NC,ASO,EN,Combined TRACON& Tower with Radar,38,31,84,16,169,0,6,72,3,81,38,37,156,19,250,72,14,86,336
04/07/2023,ILM,NC,ASO,EN,Combined TRACON& Tower with Radar,41,41,53,2,137,0,0,18,0,18,41,41,71,2,155,36,0,36,191
04/08/2023,ILM,NC,ASO,EN,Combined TRACON& Tower with Radar,32,20,26,0,78,0,0,0,0,0,32,20,26,0,78,0,0,0,78
04/09/2023,ILM,NC,ASO,EN,Combined TRACON& Tower with Radar,41,27,20,0,88,0,2,11,0,13,41,29,31,0,101,0,0,0,101
04/10/2023,ILM,NC,ASO,EN,Combined TRACON& Tower with Radar,40,30,61,13,144,0,1,60,0,61,40,31,121,13,205,106,0,106,311
04/11/2023,ILM,NC,ASO,EN,Combined TRACON& Tower with Radar,37,20,48,35,140,0,6,68,8,82,37,26,116,43,222,84,18,102,324
04/12/2023,ILM,NC,ASO,EN,Combined TRACON& Tower with Radar,40,35,51,20,146,0,2,78,3,83,40,37,129,23,229,82,8,90,319
04/13/2023,ILM,NC,ASO,EN,Combined TRACON& Tower with Radar,41,31,50,16,138,0,5,79,4,88,41,36,129,20,226,94,16,110,336
04/14/2023,ILM,NC,ASO,EN,Combined TRACON& Tower with Radar,43,25,51,4,123,0,3,32,1,36,43,28,83,5,159,22,0,22,181
04/15/2023,ILM,NC,ASO,EN,Combined TRACON& Tower with Radar,33,22,53,0,108,0,0,55,2,57,33,22,108,2,165,50,0,50,215
04/16/2023,ILM,NC,ASO,EN,Combined TRACON& Tower with Radar,36,27,79,0,142,0,3,40,0,43,36,30,119,0,185,20,0,20,205
04/17/2023,ILM,NC,ASO,EN,Combined TRACON& Tower with Radar,39,27,45,35,146,0,10,66,3,79,39,37,111,38,225,56,4,60,285
04/18/2023,ILM,NC,ASO,EN,Combined TRACON& Tower with Radar,42,37,56,26,161,0,2,76,0,78,42,39,132,26,239,28,0,28,267
04/19/2023,ILM,NC,ASO,EN,Combined TRACON& Tower with Radar,38,20,40,29,127,1,6,78,3,88,39,26,118,32,215,94,64,158,373
04/20/2023,ILM,NC,ASO,EN,Combined TRACON& Tower with Radar,37,22,44,22,125,0,2,72,11,85,37,24,116,33,210,92,4,96,306
04/21/2023,ILM,NC,ASO,EN,Combined TRACON& Tower with Radar,46,24,37,12,119,0,2,88,3,93,46,26,125,15,212,107,0,107,319
04/22/2023,ILM,NC,ASO,EN,Combined TRACON& Tower with Radar,32,14,18,0,64,0,0,5,5,10,32,14,23,5,74,0,0,0,74
04/23/2023,ILM,NC,ASO,EN,Combined TRACON& Tower with Radar,39,18,51,0,108,0,0,62,7,69,39,18,113,7,177,32,0,32,209
04/24/2023,ILM,NC,ASO,EN,Combined TRACON& Tower with Radar,45,18,47,4,114,0,4,58,1,63,45,22,105,5,177,56,0,56,233
04/25/2023,ILM,NC,ASO,EN,Combined TRACON& Tower with Radar,38,24,47,12,121,0,4,59,0,63,38,28,106,12,184,44,8,52,236
04/26/2023,ILM,NC,ASO,EN,Combined TRACON& Tower with Radar,39,24,52,10,125,0,2,36,7,45,39,26,88,17,170,32,0,32,202
04/27/2023,ILM,NC,ASO,EN,Combined TRACON& Tower with Radar,39,31,52,12,134,0,2,18,4,24,39,33,70,16,158,84,10,94,252
04/28/2023,ILM,NC,ASO,EN,Combined TRACON& Tower with Radar,44,28,50,15,137,0,2,11,1,14,44,30,61,16,151,32,4,36,187
04/29/2023,ILM,NC,ASO,EN,Combined TRACON& Tower with Radar,38,27,52,9,126,0,0,55,3,58,38,27,107,12,184,52,4,56,240
04/30/2023,ILM,NC,ASO,EN,Combined TRACON& Tower with Radar,33,32,31,0,96,0,0,2,7,9,33,32,33,7,105,0,0,0,105
05/01/2023,ILM,NC,ASO,EN,Combined TRACON& Tower with Radar,44,22,31,16,113,0,3,35,2,40,44,25,66,18,153,22,26,48,201
05/02/2023,ILM,NC,ASO,EN,Combined TRACON& Tower with Radar,37,20,44,33,134,0,6,36,10,52,37,26,80,43,186,4,22,26,212
05/03/2023,ILM,NC,ASO,EN,Combined TRACON& Tower with Radar,38,35,35,26,134,0,9,34,10,53,38,44,69,36,187,66,20,86,273
05/04/2023,ILM,NC,ASO,EN,Combined TRACON& Tower with Radar,41,29,54,25,149,0,8,81,6,95,41,37,135,31,244,90,18,108,352
05/05/2023,ILM,NC,ASO,EN,Combined TRACON& Tower with Radar,44,34,47,50,175,0,11,82,8,101,44,45,129,58,276,98,28,126,402
05/06/2023,ILM,NC,ASO,EN,Combined TRACON& Tower with Radar,31,20,29,8,88,0,4,65,3,72,31,24,94,11,160,88,0,88,248
05/07/2023,ILM,NC,ASO,EN,Combined TRACON& Tower with Radar,43,34,48,8,133,0,0,68,0,68,43,34,116,8,201,26,0,26,227
05/08/2023,ILM,NC,ASO,EN,Combined TRACON& Tower with Radar,44,22,24,18,108,0,5,32,5,42,44,27,56,23,150,32,16,48,198
05/09/2023,ILM,NC,ASO,EN,Combined TRACON& Tower with Radar,40,18,40,9,107,0,3,44,14,61,40,21,84,23,168,66,12,78,246
05/10/2023,ILM,NC,ASO,EN,Combined TRACON& Tower with Radar,40,23,68,22,153,0,4,71,11,86,40,27,139,33,239,34,24,58,297
05/11/2023,ILM,NC,ASO,EN,Combined TRACON& Tower with Radar,41,19,57,24,141,0,3,90,21,114,41,22,147,45,255,54,14,68,323
05/12/2023,ILM,NC,ASO,EN,Combined TRACON& Tower with Radar,43,18,40,10,111,0,3,83,5,91,43,21,123,15,202,82,2,84,286
05/13/2023,ILM,NC,ASO,EN,Combined TRACON& Tower with Radar,33,20,49,4,106,0,0,55,4,59,33,20,104,8,165,81,0,81,246
05/14/2023,ILM,NC,ASO,EN,Combined TRACON& Tower with Radar,41,27,50,3,121,0,0,3,0,3,41,27,53,3,124,32,0,32,156
05/15/2023,ILM,NC,ASO,EN,Combined TRACON& Tower with Radar,43,22,62,52,179,0,2,51,0,53,43,24,113,52,232,32,0,32,264
05/16/2023,ILM,NC,ASO,EN,Combined TRACON& Tower with Radar,38,27,55,32,152,0,2,51,12,65,38,29,106,44,217,44,24,68,285
05/17/2023,ILM,NC,ASO,EN,Combined TRACON& Tower with Radar,40,25,51,24,140,0,3,22,8,33,40,28,73,32,173,82,26,108,281
05/18/2023,ILM,NC,ASO,EN,Combined TRACON& Tower with Radar,43,41,43,19,146,0,0,21,8,29,43,41,64,27,175,0,8,8,183
05/19/2023,ILM,NC,ASO,EN,Combined TRACON& Tower with Radar,43,24,35,1,103,0,0,1,0,1,43,24,36,1,104,0,0,0,104
05/20/2023,ILM,NC,ASO,EN,Combined TRACON& Tower with Radar,32,24,45,3,104,0,1,37,0,38,32,25,82,3,142,48,0,48,190
05/21/2023,ILM,NC,ASO,EN,Combined TRACON& Tower with Radar,42,21,43,0,106,0,2,12,0,14,42,23,55,0,120,42,0,42,162
05/22/2023,ILM,NC,ASO,EN,Combined TRACON& Tower with Radar,42,25,49,26,142,0,3,68,4,75,42,28,117,30,217,140,24,164,381
05/23/2023,ILM,NC,ASO,EN,Combined TRACON& Tower with Radar,38,25,50,23,136,0,0,54,11,65,38,25,104,34,201,20,68,88,289
05/24/2023,ILM,NC,ASO,EN,Combined TRACON& Tower with Radar,39,27,46,31,143,0,4,72,10,86,39,31,118,41,229,132,50,182,411
05/25/2023,ILM,NC,ASO,EN,Combined TRACON& Tower with Radar,44,38,59,21,162,0,3,43,5,51,44,41,102,26,213,16,4,20,233
05/26/2023,ILM,NC,ASO,EN,Combined TRACON& Tower with Radar,42,24,42,0,108,0,2,5,1,8,42,26,47,1,116,0,0,0,116
05/27/2023,ILM,NC,ASO,EN,Combined TRACON& Tower with Radar,33,15,6,2,56,0,0,0,0,0,33,15,6,2,56,0,0,0,56
05/28/2023,ILM,NC,ASO,EN,Combined TRACON& Tower with Radar,45,11,39,0,95,0,0,0,0,0,45,11,39,0,95,2,0,2,97
05/29/2023,ILM,NC,ASO,EN,Combined TRACON& Tower with Radar,45,26,65,0,136,0,2,8,0,10,45,28,73,0,146,22,0,22,168
05/30/2023,ILM,NC,ASO,EN,Combined TRACON& Tower with Radar,37,16,76,30,159,0,4,35,2,41,37,20,111,32,200,144,10,154,354
05/31/2023,ILM,NC,ASO,EN,Combined TRACON& Tower with Radar,42,27,71,11,151,0,0,28,5,33,42,27,99,16,184,50,16,66,250
06/01/2023,ILM,NC,ASO,EN,Combined TRACON& Tower with Radar,51,42,71,17,181,0,2,28,2,32,51,44,99,19,213,90,8,98,311
06/02/2023,ILM,NC,ASO,EN,Combined TRACON& Tower with Radar,47,32,59,18,156,0,2,27,2,31,47,34,86,20,187,120,8,128,315
06/03/2023,ILM,NC,ASO,EN,Combined TRACON& Tower with Radar,49,14,38,9,110,0,7,39,3,49,49,21,77,12,159,80,0,80,239
06/04/2023,ILM,NC,ASO,EN,Combined TRACON& Tower with Radar,50,25,50,11,136,0,1,6,0,7,50,26,56,11,143,24,0,24,167
06/05/2023,ILM,NC,ASO,EN,Combined TRACON& Tower with Radar,50,26,44,11,131,0,2,83,3,88,50,28,127,14,219,86,10,96,315
06/06/2023,ILM,NC,ASO,EN,Combined TRACON& Tower with Radar,46,29,27,11,113,0,9,45,2,56,46,38,72,13,169,50,12,62,231
06/07/2023,ILM,NC,ASO,EN,Combined TRACON& Tower with Radar,43,31,49,16,139,0,4,46,0,50,43,35,95,16,189,60,0,60,249
06/08/2023,ILM,NC,ASO,EN,Combined TRACON& Tower with Radar,52,35,41,10,138,0,3,51,4,58,52,38,92,14,196,96,4,100,296
06/09/2023,ILM,NC,ASO,EN,Combined TRACON& Tower with Radar,49,32,64,14,159,0,8,50,3,61,49,40,114,17,220,80,0,80,300
06/10/2023,ILM,NC,ASO,EN,Combined TRACON& Tower with Radar,47,34,42,3,126,0,0,67,1,68,47,34,109,4,194,76,0,76,270
06/11/2023,ILM,NC,ASO,EN,Combined TRACON& Tower with Radar,52,27,50,1,130,0,0,52,6,58,52,27,102,7,188,22,6,28,216
06/12/2023,ILM,NC,ASO,EN,Combined TRACON& Tower with Radar,48,28,39,0,115,0,0,17,0,17,48,28,56,0,132,8,0,8,140
06/13/2023,ILM,NC,ASO,EN,Combined TRACON& Tower with Radar,49,25,56,6,136,0,3,64,7,74,49,28,120,13,210,60,0,60,270
06/14/2023,ILM,NC,ASO,EN,Combined TRACON& Tower with Radar,44,30,46,18,138,0,2,33,3,38,44,32,79,21,176,8,16,24,200
06/15/2023,ILM,NC,ASO,EN,Combined TRACON& Tower with Radar,54,29,47,11,141,0,5,36,3,44,54,34,83,14,185,60,14,74,259
06/16/2023,ILM,NC,ASO,EN,Combined TRACON& Tower with Radar,47,30,43,19,139,0,1,39,2,42,47,31,82,21,181,48,4,52,233
06/17/2023,ILM,NC,ASO,EN,Combined TRACON& Tower with Radar,47,20,39,5,111,0,0,80,3,83,47,20,119,8,194,48,0,48,242
06/18/2023,ILM,NC,ASO,EN,Combined TRACON& Tower with Radar,50,20,30,0,100,0,0,51,0,51,50,20,81,0,151,54,0,54,205
06/19/2023,ILM,NC,ASO,EN,Combined TRACON& Tower with Radar,52,30,39,0,121,0,2,53,0,55,52,32,92,0,176,76,0,76,252
06/20/2023,ILM,NC,ASO,EN,Combined TRACON& Tower with Radar,54,22,28,2,106,0,0,21,1,22,54,22,49,3,128,76,4,80,208
06/21/2023,ILM,NC,ASO,EN,Combined TRACON& Tower with Radar,44,19,53,10,126,0,0,8,0,8,44,19,61,10,134,70,0,70,204
06/22/2023,ILM,NC,ASO,EN,Combined TRACON& Tower with Radar,57,27,40,7,131,0,0,31,4,35,57,27,71,11,166,0,0,0,166
06/23/2023,ILM,NC,ASO,EN,Combined TRACON& Tower with Radar,55,22,46,7,130,0,1,14,4,19,55,23,60,11,149,50,0,50,199
06/24/2023,ILM,NC,ASO,EN,Combined TRACON& Tower with Radar,45,23,48,1,117,0,0,67,2,69,45,23,115,3,186,62,0,62,248
06/25/2023,ILM,NC,ASO,EN,Combined TRACON& Tower with Radar,51,27,62,8,148,0,2,88,0,90,51,29,150,8,238,148,0,148,386
06/26/2023,ILM,NC,ASO,EN,Combined TRACON& Tower with Radar,48,20,40,3,111,0,5,46,5,56,48,25,86,8,167,76,10,86,253
06/27/2023,ILM,NC,ASO,EN,Combined TRACON& Tower with Radar,41,24,61,33,159,0,3,74,3,80,41,27,135,36,239,80,34,114,353
06/28/2023,ILM,NC,ASO,EN,Combined TRACON& Tower with Radar,42,31,55,10,138,0,8,94,0,102,42,39,149,10,240,132,0,132,372
06/29/2023,ILM,NC,ASO,EN,Combined TRACON& Tower with Radar,58,35,70,14,177,0,21,73,8,102,58,56,143,22,279,152,10,162,441
06/30/2023,ILM,NC,ASO,EN,Combined TRACON& Tower with Radar,53,31,56,14,154,0,7,55,5,67,53,38,111,19,221,78,4,82,303
07/01/2023,ILM,NC,ASO,EN,Combined TRACON& Tower with Radar,45,29,54,1,129,0,4,47,0,51,45,33,101,1,180,55,0,55,235
07/02/2023,ILM,NC,ASO,EN,Combined TRACON& Tower with Radar,56,18,42,0,116,0,3,51,0,54,56,21,93,0,170,46,0,46,216
07/03/2023,ILM,NC,ASO,EN,Combined TRACON& Tower with Radar,50,20,35,4,109,0,2,51,0,53,50,22,86,4,162,30,0,30,192
07/04/2023,ILM,NC,ASO,EN,Combined TRACON& Tower with Radar,35,17,15,1,68,0,1,39,0,40,35,18,54,1,108,18,0,18,126
07/05/2023,ILM,NC,ASO,EN,Combined TRACON& Tower with Radar,48,20,44,0,112,0,2,26,6,34,48,22,70,6,146,32,0,32,178
07/06/2023,ILM,NC,ASO,EN,Combined TRACON& Tower with Radar,59,38,34,12,143,0,1,16,3,20,59,39,50,15,163,0,10,10,173
07/07/2023,ILM,NC,ASO,EN,Combined TRACON& Tower with Radar,53,32,47,26,158,0,5,52,8,65,53,37,99,34,223,68,30,98,321
07/08/2023,ILM,NC,ASO,EN,Combined TRACON& Tower with Radar,51,20,39,4,114,0,1,34,3,38,51,21,73,7,152,32,0,32,184
07/09/2023,ILM,NC,ASO,EN,Combined TRACON& Tower with Radar,54,26,47,3,130,55,2,33,0,90,109,28,80,3,220,0,0,0,220
07/10/2023,ILM,NC,ASO,EN,Combined TRACON& Tower with Radar,54,23,49,1,127,0,3,22,2,27,54,26,71,3,154,134,0,134,288
07/11/2023,ILM,NC,ASO,EN,Combined TRACON& Tower with Radar,48,32,63,64,207,0,8,87,3,98,48,40,150,67,305,98,12,110,415
07/12/2023,ILM,NC,ASO,EN,Combined TRACON& Tower with Radar,43,23,41,16,123,0,7,53,10,70,43,30,94,26,193,154,36,190,383
07/13/2023,ILM,NC,ASO,EN,Combined TRACON& Tower with Radar,58,31,49,25,163,0,3,47,9,59,58,34,96,34,222,54,36,90,312
07/14/2023,ILM,NC,ASO,EN,Combined TRACON& Tower with Radar,51,22,35,3,111,0,2,36,0,38,51,24,71,3,149,110,0,110,259
07/15/2023,ILM,NC,ASO,EN,Combined TRACON& Tower with Radar,50,16,38,4,108,0,2,36,3,41,50,18,74,7,149,82,0,82,231
07/16/2023,ILM,NC,ASO,EN,Combined TRACON& Tower with Radar,57,26,38,6,127,0,0,38,2,40,57,26,76,8,167,58,0,58,225
07/17/2023,ILM,NC,ASO,EN,Combined TRACON& Tower with Radar,56,28,45,1,130,0,4,59,3,66,56,32,104,4,196,88,0,88,284
07/18/2023,ILM,NC,ASO,EN,Combined TRACON& Tower with Radar,45,43,65,21,174,0,3,49,2,54,45,46,114,23,228,130,0,130,358
07/19/2023,ILM,NC,ASO,EN,Combined TRACON& Tower with Radar,43,31,44,24,142,0,1,41,1,43,43,32,85,25,185,90,6,96,281
07/20/2023,ILM,NC,ASO,EN,Combined TRACON& Tower with Radar,60,37,66,18,181,0,6,65,0,71,60,43,131,18,252,124,4,128,380
07/21/2023,ILM,NC,ASO,EN,Combined TRACON& Tower with Radar,53,32,32,9,126,0,9,74,0,83,53,41,106,9,209,68,6,74,283
07/22/2023,ILM,NC,ASO,EN,Combined TRACON& Tower with Radar,52,20,31,1,104,0,0,23,3,26,52,20,54,4,130,62,0,62,192
07/23/2023,ILM,NC,ASO,EN,Combined TRACON& Tower with Radar,56,33,63,5,157,0,5,47,0,52,56,38,110,5,209,110,0,110,319
07/24/2023,ILM,NC,ASO,EN,Combined TRACON& Tower with Radar,55,26,51,5,137,0,4,46,2,52,55,30,97,7,189,96,8,104,293
07/25/2023,ILM,NC,ASO,EN,Combined TRACON& Tower with Radar,43,23,32,12,110,0,8,74,3,85,43,31,106,15,195,118,8,126,321
07/26/2023,ILM,NC,ASO,EN,Combined TRACON& Tower with Radar,45,30,48,1,124,0,4,51,3,58,45,34,99,4,182,122,0,122,304
07/27/2023,ILM,NC,ASO,EN,Combined TRACON& Tower with Radar,61,29,47,2,139,0,2,49,2,53,61,31,96,4,192,30,2,32,224
07/28/2023,ILM,NC,ASO,EN,Combined TRACON& Tower with Radar,53,15,69,20,157,0,3,42,4,49,53,18,111,24,206,46,4,50,256
07/29/2023,ILM,NC,ASO,EN,Combined TRACON& Tower with Radar,44,27,31,1,103,0,0,15,2,17,44,27,46,3,120,12,0,12,132
07/30/2023,ILM,NC,ASO,EN,Combined TRACON& Tower with Radar,61,25,47,4,137,0,2,25,2,29,61,27,72,6,166,42,0,42,208
07/31/2023,ILM,NC,ASO,EN,Combined TRACON& Tower with Radar,57,22,33,14,126,0,1,40,0,41,57,23,73,14,167,80,0,80,247
08/01/2023,ILM,NC,ASO,EN,Combined TRACON& Tower with Radar,51,31,45,18,145,0,5,46,5,56,51,36,91,23,201,72,12,84,285
08/02/2023,ILM,NC,ASO,EN,Combined TRACON& Tower with Radar,47,34,48,25,154,0,6,75,1,82,47,40,123,26,236,112,0,112,348
08/03/2023,ILM,NC,ASO,EN,Combined TRACON& Tower with Radar,60,26,46,24,156,0,10,48,8,66,60,36,94,32,222,76,28,104,326
08/04/2023,ILM,NC,ASO,EN,Combined TRACON& Tower with Radar,56,24,28,0,108,0,3,3,6,12,56,27,31,6,120,0,0,0,120
08/05/2023,ILM,NC,ASO,EN,Combined TRACON& Tower with Radar,48,24,35,14,121,0,1,35,0,36,48,25,70,14,157,74,0,74,231
08/06/2023,ILM,NC,ASO,EN,Combined TRACON& Tower with Radar,59,15,45,0,119,0,0,45,0,45,59,15,90,0,164,76,0,76,240
08/07/2023,ILM,NC,ASO,EN,Combined TRACON& Tower with Radar,50,18,40,23,131,0,3,53,1,57,50,21,93,24,188,88,20,108,296
08/08/2023,ILM,NC,ASO,EN,Combined TRACON& Tower with Radar,49,17,43,22,131,0,1,55,2,58,49,18,98,24,189,86,14,100,289
08/09/2023,ILM,NC,ASO,EN,Combined TRACON& Tower with Radar,51,26,44,33,154,0,7,74,12,93,51,33,118,45,247,70,8,78,325
08/10/2023,ILM,NC,ASO,EN,Combined TRACON& Tower with Radar,61,23,34,17,135,0,1,32,5,38,61,24,66,22,173,75,49,124,297
08/11/2023,ILM,NC,ASO,EN,Combined TRACON& Tower with Radar,57,25,28,18,128,0,6,74,1,81,57,31,102,19,209,68,12,80,289
08/12/2023,ILM,NC,ASO,EN,Combined TRACON& Tower with Radar,50,35,50,2,137,0,4,65,3,72,50,39,115,5,209,118,0,118,327
08/13/2023,ILM,NC,ASO,EN,Combined TRACON& Tower with Radar,62,17,50,18,147,0,2,57,6,65,62,19,107,24,212,38,0,38,250
08/14/2023,ILM,NC,ASO,EN,Combined TRACON& Tower with Radar,59,25,36,12,132,0,3,27,4,34,59,28,63,16,166,16,6,22,188
08/15/2023,ILM,NC,ASO,EN,Combined TRACON& Tower with Radar,48,27,32,12,119,0,0,42,8,50,48,27,74,20,169,56,0,56,225
08/16/2023,ILM,NC,ASO,EN,Combined TRACON& Tower with Radar,48,26,29,10,113,0,2,36,0,38,48,28,65,10,151,89,38,127,278
08/17/2023,ILM,NC,ASO,EN,Combined TRACON& Tower with Radar,59,28,30,8,125,0,1,31,3,35,59,29,61,11,160,48,2,50,210
08/18/2023,ILM,NC,ASO,EN,Combined TRACON& Tower with Radar,54,21,55,10,140,0,12,86,2,100,54,33,141,12,240,36,6,42,282
08/19/2023,ILM,NC,ASO,EN,Combined TRACON& Tower with Radar,46,18,51,3,118,0,8,76,0,84,46,26,127,3,202,112,0,112,314
08/20/2023,ILM,NC,ASO,EN,Combined TRACON& Tower with Radar,57,25,34,3,119,0,0,67,0,67,57,25,101,3,186,26,0,26,212
08/21/2023,ILM,NC,ASO,EN,Combined TRACON& Tower with Radar,55,19,52,17,143,0,3,42,1,46,55,22,94,18,189,50,18,68,257
08/22/2023,ILM,NC,ASO,EN,Combined TRACON& Tower with Radar,47,22,43,5,117,0,6,61,7,74,47,28,104,12,191,82,6,88,279
08/23/2023,ILM,NC,ASO,EN,Combined TRACON& Tower with Radar,47,33,40,4,124,0,3,68,5,76,47,36,108,9,200,150,8,158,358
08/24/2023,ILM,NC,ASO,EN,Combined TRACON& Tower with Radar,58,27,59,9,153,0,2,54,4,60,58,29,113,13,213,74,10,84,297
08/25/2023,ILM,NC,ASO,EN,Combined TRACON& Tower with Radar,54,22,49,21,146,0,8,44,15,67,54,30,93,36,213,62,34,96,309
08/26/2023,ILM,NC,ASO,EN,Combined TRACON& Tower with Radar,45,16,37,2,100,0,7,58,0,65,45,23,95,2,165,40,0,40,205
08/27/2023,ILM,NC,ASO,EN,Combined TRACON& Tower with Radar,55,16,41,2,114,0,0,29,0,29,55,16,70,2,143,28,0,28,171
08/28/2023,ILM,NC,ASO,EN,Combined TRACON& Tower with Radar,56,19,41,44,160,0,2,32,8,42,56,21,73,52,202,110,28,138,340
08/29/2023,ILM,NC,ASO,EN,Combined TRACON& Tower with Radar,46,21,44,18,129,0,3,39,9,51,46,24,83,27,180,44,8,52,232
08/30/2023,ILM,NC,ASO,EN,Combined TRACON& Tower with Radar,42,13,18,1,74,0,0,8,0,8,42,13,26,1,82,28,0,28,110
08/31/2023,ILM,NC,ASO,EN,Combined TRACON& Tower with Radar,46,14,11,1,72,0,3,5,0,8,46,17,16,1,80,0,0,0,80
01/01/2020,ILM,NC,ASO,EN,Combined TRACON& Tower with Radar,25,22,25,0,72,0,3,40,0,43,25,25,65,0,115,29,0,29,144
01/02/2020,ILM,NC,ASO,EN,Combined TRACON& Tower with Radar,28,34,34,0,96,0,0,34,0,34,28,34,68,0,130,40,0,40,170
01/03/2020,ILM,NC,ASO,EN,Combined TRACON& Tower with Radar,28,37,47,34,146,0,0,9,7,16,28,37,56,41,162,4,19,23,185
01/04/2020,ILM,NC,ASO,EN,Combined TRACON& Tower with Radar,26,37,45,0,108,0,0,3,0,3,26,37,48,0,111,2,0,2,113
01/05/2020,ILM,NC,ASO,EN,Combined TRACON& Tower with Radar,28,27,34,6,95,0,1,49,0,50,28,28,83,6,145,20,0,20,165
01/06/2020,ILM,NC,ASO,EN,Combined TRACON& Tower with Radar,24,38,38,14,114,0,0,64,0,64,24,38,102,14,178,56,0,56,234
01/07/2020,ILM,NC,ASO,EN,Combined TRACON& Tower with Radar,24,27,22,12,85,0,0,15,0,15,24,27,37,12,100,4,0,4,104
01/08/2020,ILM,NC,ASO,EN,Combined TRACON& Tower with Radar,24,31,33,26,114,0,0,46,0,46,24,31,79,26,160,68,2,70,230
01/09/2020,ILM,NC,ASO,EN,Combined TRACON& Tower with Radar,27,35,49,33,144,0,1,72,3,76,27,36,121,36,220,37,0,37,257
01/10/2020,ILM,NC,ASO,EN,Combined TRACON& Tower with Radar,25,28,46,57,156,0,1,35,9,45,25,29,81,66,201,54,20,74,275
01/11/2020,ILM,NC,ASO,EN,Combined TRACON& Tower with Radar,23,19,32,13,87,0,0,15,4,19,23,19,47,17,106,9,4,13,119
01/12/2020,ILM,NC,ASO,EN,Combined TRACON& Tower with Radar,25,22,23,4,74,0,0,1,5,6,25,22,24,9,80,16,0,16,96
01/13/2020,ILM,NC,ASO,EN,Combined TRACON& Tower with Radar,25,27,23,2,77,0,0,0,0,0,25,27,23,2,77,0,0,0,77
01/14/2020,ILM,NC,ASO,EN,Combined TRACON& Tower with Radar,23,30,43,62,158,0,0,27,8,35,23,30,70,70,193,40,36,76,269
01/15/2020,ILM,NC,ASO,EN,Combined TRACON& Tower with Radar,24,38,28,37,127,0,0,13,1,14,24,38,41,38,141,2,22,24,165
01/16/2020,ILM,NC,ASO,EN,Combined TRACON& Tower with Radar,26,33,37,28,124,0,0,36,0,36,26,33,73,28,160,77,18,95,255
01/17/2020,ILM,NC,ASO,EN,Combined TRACON& Tower with Radar,25,41,41,18,125,0,0,48,1,49,25,41,89,19,174,18,20,38,212
01/18/2020,ILM,NC,ASO,EN,Combined TRACON& Tower with Radar,17,19,29,3,68,0,0,46,2,48,17,19,75,5,116,50,0,50,166
01/19/2020,ILM,NC,ASO,EN,Combined TRACON& Tower with Radar,24,23,35,0,82,0,0,18,0,18,24,23,53,0,100,10,0,10,110
01/20/2020,ILM,NC,ASO,EN,Combined TRACON& Tower with Radar,25,34,28,10,97,0,1,46,3,50,25,35,74,13,147,60,0,60,207
01/21/2020,ILM,NC,ASO,EN,Combined TRACON& Tower with Radar,23,31,30,36,120,0,1,27,2,30,23,32,57,38,150,62,16,78,228
01/22/2020,ILM,NC,ASO,EN,Combined TRACON& Tower with Radar,24,29,43,8,104,0,0,30,0,30,24,29,73,8,134,30,16,46,180
01/23/2020,ILM,NC,ASO,EN,Combined TRACON& Tower with Radar,25,41,41,68,175,0,1,59,4,64,25,42,100,72,239,38,38,76,315
01/24/2020,ILM,NC,ASO,EN,Combined TRACON& Tower with Radar,27,33,25,17,102,0,0,26,4,30,27,33,51,21,132,30,18,48,180
01/25/2020,ILM,NC,ASO,EN,Combined TRACON& Tower with Radar,21,22,36,20,99,0,0,88,4,92,21,22,124,24,191,54,13,67,258
01/26/2020,ILM,NC,ASO,EN,Combined TRACON& Tower with Radar,27,27,36,8,98,0,0,60,0,60,27,27,96,8,158,48,8,56,214
01/27/2020,ILM,NC,ASO,EN,Combined TRACON& Tower with Radar,24,34,37,21,116,0,2,28,3,33,24,36,65,24,149,46,19,65,214
01/28/2020,ILM,NC,ASO,EN,Combined TRACON& Tower with Radar,23,35,56,31,145,0,1,52,6,59,23,36,108,37,204,38,36,74,278
01/29/2020,ILM,NC,ASO,EN,Combined TRACON& Tower with Radar,24,25,54,63,166,0,0,58,7,65,24,25,112,70,231,48,12,60,291
01/30/2020,ILM,NC,ASO,EN,Combined TRACON& Tower with Radar,25,32,48,22,127,0,0,30,12,42,25,32,78,34,169,51,14,65,234
01/31/2020,ILM,NC,ASO,EN,Combined TRACON& Tower with Radar,25,42,35,20,122,0,2,27,1,30,25,44,62,21,152,6,8,14,166
02/01/2020,ILM,NC,ASO,EN,Combined TRACON& Tower with Radar,20,23,22,3,68,0,0,0,0,0,20,23,22,3,68,0,0,0,68
02/02/2020,ILM,NC,ASO,EN,Combined TRACON& Tower with Radar,25,22,24,0,71,0,0,51,1,52,25,22,75,1,123,100,0,100,223
02/03/2020,ILM,NC,ASO,EN,Combined TRACON& Tower with Radar,25,30,51,18,124,0,0,60,0,60,25,30,111,18,184,60,0,60,244
02/04/2020,ILM,NC,ASO,EN,Combined TRACON& Tower with Radar,23,37,37,80,177,0,0,45,7,52,23,37,82,87,229,38,64,102,331
02/05/2020,ILM,NC,ASO,EN,Combined TRACON& Tower with Radar,26,28,38,43,135,0,2,41,4,47,26,30,79,47,182,69,46,115,297
02/06/2020,ILM,NC,ASO,EN,Combined TRACON& Tower with Radar,21,25,19,10,75,0,0,0,0,0,21,25,19,10,75,0,32,32,107
02/07/2020,ILM,NC,ASO,EN,Combined TRACON& Tower with Radar,21,38,18,31,108,0,1,0,1,2,21,39,18,32,110,0,0,0,110
02/08/2020,ILM,NC,ASO,EN,Combined TRACON& Tower with Radar,24,25,36,7,92,0,0,63,3,66,24,25,99,10,158,52,16,68,226
02/09/2020,ILM,NC,ASO,EN,Combined TRACON& Tower with Radar,28,21,53,3,105,0,0,66,0,66,28,21,119,3,171,28,0,28,199
02/10/2020,ILM,NC,ASO,EN,Combined TRACON& Tower with Radar,23,32,44,54,153,0,0,60,7,67,23,32,104,61,220,48,50,98,318
02/11/2020,ILM,NC,ASO,EN,Combined TRACON& Tower with Radar,23,28,30,28,109,0,1,9,8,18,23,29,39,36,127,0,40,40,167
02/12/2020,ILM,NC,ASO,EN,Combined TRACON& Tower with Radar,26,39,38,65,168,0,0,1,3,4,26,39,39,68,172,8,0,8,180
02/13/2020,ILM,NC,ASO,EN,Combined TRACON& Tower with Radar,26,35,50,25,136,0,0,0,1,1,26,35,50,26,137,0,6,6,143
02/14/2020,ILM,NC,ASO,EN,Combined TRACON& Tower with Radar,26,52,52,18,148,0,0,63,3,66,26,52,115,21,214,22,0,22,236
02/15/2020,ILM,NC,ASO,EN,Combined TRACON& Tower with Radar,23,24,48,0,95,0,2,88,2,92,23,26,136,2,187,72,0,72,259
02/16/2020,ILM,NC,ASO,EN,Combined TRACON& Tower with Radar,23,27,48,1,99,0,0,30,0,30,23,27,78,1,129,43,0,43,172
02/17/2020,ILM,NC,ASO,EN,Combined TRACON& Tower with Radar,26,34,43,0,103,0,1,35,0,36,26,35,78,0,139,54,0,54,193
02/18/2020,ILM,NC,ASO,EN,Combined TRACON& Tower with Radar,24,47,45,6,122,0,2,13,0,15,24,49,58,6,137,96,0,96,233
02/19/2020,ILM,NC,ASO,EN,Combined TRACON& Tower with Radar,25,39,21,6,91,0,0,6,0,6,25,39,27,6,97,14,0,14,111
02/20/2020,ILM,NC,ASO,EN,Combined TRACON& Tower with Radar,23,34,26,0,83,0,0,1,0,1,23,34,27,0,84,0,0,0,84
02/21/2020,ILM,NC,ASO,EN,Combined TRACON& Tower with Radar,28,34,26,19,107,0,0,14,2,16,28,34,40,21,123,4,0,4,127
02/22/2020,ILM,NC,ASO,EN,Combined TRACON& Tower with Radar,23,26,51,6,106,0,4,59,1,64,23,30,110,7,170,50,8,58,228
02/23/2020,ILM,NC,ASO,EN,Combined TRACON& Tower with Radar,26,27,37,0,90,0,2,77,0,79,26,29,114,0,169,94,0,94,263
02/24/2020,ILM,NC,ASO,EN,Combined TRACON& Tower with Radar,26,31,31,33,121,0,0,9,0,9,26,31,40,33,130,0,0,0,130
02/25/2020,ILM,NC,ASO,EN,Combined TRACON& Tower with Radar,27,35,38,15,115,0,0,8,3,11,27,35,46,18,126,6,14,20,146
02/26/2020,ILM,NC,ASO,EN,Combined TRACON& Tower with Radar,25,33,43,35,136,0,0,1,1,2,25,33,44,36,138,0,0,0,138
02/27/2020,ILM,NC,ASO,EN,Combined TRACON& Tower with Radar,25,57,52,37,171,0,0,38,5,43,25,57,90,42,214,18,20,38,252
02/28/2020,ILM,NC,ASO,EN,Combined TRACON& Tower with Radar,26,33,62,28,149,2,3,56,5,66,28,36,118,33,215,74,16,90,305
02/29/2020,ILM,NC,ASO,EN,Combined TRACON& Tower with Radar,27,22,31,2,82,0,0,33,3,36,27,22,64,5,118,8,1,9,127
03/01/2020,ILM,NC,ASO,EN,Combined TRACON& Tower with Radar,24,27,45,9,105,0,0,95,3,98,24,27,140,12,203,57,14,71,274
03/02/2020,ILM,NC,ASO,EN,Combined TRACON& Tower with Radar,25,35,43,41,144,0,0,28,11,39,25,35,71,52,183,16,0,16,199
03/03/2020,ILM,NC,ASO,EN,Combined TRACON& Tower with Radar,25,34,28,12,99,0,0,4,0,4,25,34,32,12,103,14,2,16,119
03/04/2020,ILM,NC,ASO,EN,Combined TRACON& Tower with Radar,27,33,38,24,122,0,1,24,2,27,27,34,62,26,149,38,28,66,215
03/05/2020,ILM,NC,ASO,EN,Combined TRACON& Tower with Radar,26,26,37,4,93,0,0,1,0,1,26,26,38,4,94,0,0,0,94
03/06/2020,ILM,NC,ASO,EN,Combined TRACON& Tower with Radar,25,35,50,41,151,0,0,16,11,27,25,35,66,52,178,0,50,50,228
03/07/2020,ILM,NC,ASO,EN,Combined TRACON& Tower with Radar,21,27,31,6,85,0,2,35,3,40,21,29,66,9,125,24,0,24,149
03/08/2020,ILM,NC,ASO,EN,Combined TRACON& Tower with Radar,24,25,51,0,100,0,3,75,0,78,24,28,126,0,178,48,0,48,226
03/09/2020,ILM,NC,ASO,EN,Combined TRACON& Tower with Radar,26,33,40,20,119,0,0,51,6,57,26,33,91,26,176,66,8,74,250
03/10/2020,ILM,NC,ASO,EN,Combined TRACON& Tower with Radar,25,33,30,34,122,0,2,33,14,49,25,35,63,48,171,20,20,40,211
03/11/2020,ILM,NC,ASO,EN,Combined TRACON& Tower with Radar,24,32,28,28,112,0,0,33,10,43,24,32,61,38,155,66,42,108,263
03/12/2020,ILM,NC,ASO,EN,Combined TRACON& Tower with Radar,26,33,46,36,141,0,2,49,7,58,26,35,95,43,199,40,48,88,287
03/13/2020,ILM,NC,ASO,EN,Combined TRACON& Tower with Radar,25,40,41,38,144,1,1,38,9,49,26,41,79,47,193,12,11,23,216
03/14/2020,ILM,NC,ASO,EN,Combined TRACON& Tower with Radar,21,35,31,3,90,1,0,59,0,60,22,35,90,3,150,30,0,30,180
03/15/2020,ILM,NC,ASO,EN,Combined TRACON& Tower with Radar,23,45,32,2,102,0,0,0,0,0,23,45,32,2,102,0,0,0,102
03/16/2020,ILM,NC,ASO,EN,Combined TRACON& Tower with Radar,26,36,36,31,129,0,0,18,6,24,26,36,54,37,153,34,28,62,215
03/17/2020,ILM,NC,ASO,EN,Combined TRACON& Tower with Radar,24,33,24,28,109,0,0,1,0,1,24,33,25,28,110,0,0,0,110
03/18/2020,ILM,NC,ASO,EN,Combined TRACON& Tower with Radar,24,40,36,50,150,0,0,43,3,46,24,40,79,53,196,62,40,102,298
03/19/2020,ILM,NC,ASO,EN,Combined TRACON& Tower with Radar,24,34,24,23,105,0,0,29,1,30,24,34,53,24,135,42,0,42,177
03/20/2020,ILM,NC,ASO,EN,Combined TRACON& Tower with Radar,26,33,26,36,121,0,2,18,6,26,26,35,44,42,147,22,22,44,191
03/21/2020,ILM,NC,ASO,EN,Combined TRACON& Tower with Radar,22,23,17,23,85,0,0,40,6,46,22,23,57,29,131,54,21,75,206
03/22/2020,ILM,NC,ASO,EN,Combined TRACON& Tower with Radar,18,21,23,6,68,0,0,17,1,18,18,21,40,7,86,42,0,42,128
03/23/2020,ILM,NC,ASO,EN,Combined TRACON& Tower with Radar,14,21,12,4,51,0,0,12,0,12,14,21,24,4,63,40,0,40,103
03/24/2020,ILM,NC,ASO,EN,Combined TRACON& Tower with Radar,12,22,18,5,57,0,0,0,2,2,12,22,18,7,59,0,0,0,59
03/25/2020,ILM,NC,ASO,EN,Combined TRACON& Tower with Radar,11,15,28,20,74,0,0,17,1,18,11,15,45,21,92,44,8,52,144
03/26/2020,ILM,NC,ASO,EN,Combined TRACON& Tower with Radar,14,16,26,23,79,0,1,79,3,83,14,17,105,26,162,64,24,88,250
03/27/2020,ILM,NC,ASO,EN,Combined TRACON& Tower with Radar,12,20,32,30,94,0,1,38,8,47,12,21,70,38,141,34,6,40,181
03/28/2020,ILM,NC,ASO,EN,Combined TRACON& Tower with Radar,8,17,11,0,36,0,0,47,5,52,8,17,58,5,88,64,8,72,160
03/29/2020,ILM,NC,ASO,EN,Combined TRACON& Tower with Radar,8,15,9,8,40,0,0,36,2,38,8,15,45,10,78,16,2,18,96
03/30/2020,ILM,NC,ASO,EN,Combined TRACON& Tower with Radar,10,21,14,4,49,0,0,38,2,40,10,21,52,6,89,40,0,40,129
03/31/2020,ILM,NC,ASO,EN,Combined TRACON& Tower with Radar,9,25,9,8,51,0,0,10,0,10,9,25,19,8,61,18,0,18,79
04/01/2020,ILM,NC,ASO,EN,Combined TRACON& Tower with Radar,13,22,10,4,49,0,2,2,4,8,13,24,12,8,57,0,10,10,67
04/02/2020,ILM,NC,ASO,EN,Combined TRACON& Tower with Radar,12,17,25,13,67,0,2,51,3,56,12,19,76,16,123,34,0,34,157
04/03/2020,ILM,NC,ASO,EN,Combined TRACON& Tower with Radar,14,21,12,12,59,0,1,25,6,32,14,22,37,18,91,22,8,30,121
04/04/2020,ILM,NC,ASO,EN,Combined TRACON& Tower with Radar,9,14,15,0,38,0,0,56,0,56,9,14,71,0,94,27,0,27,121
04/05/2020,ILM,NC,ASO,EN,Combined TRACON& Tower with Radar,9,14,23,0,46,0,0,61,4,65,9,14,84,4,111,52,0,52,163
04/06/2020,ILM,NC,ASO,EN,Combined TRACON& Tower with Radar,10,17,14,0,41,0,1,19,2,22,10,18,33,2,63,18,0,18,81
04/07/2020,ILM,NC,ASO,EN,Combined TRACON& Tower with Radar,1,17,15,8,41,0,1,31,4,36,1,18,46,12,77,24,0,24,101
04/08/2020,ILM,NC,ASO,EN,Combined TRACON& Tower with Radar,6,16,10,7,39,0,1,33,3,37,6,17,43,10,76,28,10,38,114
04/09/2020,ILM,NC,ASO,EN,Combined TRACON& Tower with Radar,8,15,6,3,32,0,1,14,2,17,8,16,20,5,49,6,4,10,59
04/10/2020,ILM,NC,ASO,EN,Combined TRACON& Tower with Radar,8,15,17,5,45,0,1,20,2,23,8,16,37,7,68,12,6,18,86
04/11/2020,ILM,NC,ASO,EN,Combined TRACON& Tower with Radar,7,15,20,0,42,0,0,56,2,58,7,15,76,2,100,30,0,30,130
04/12/2020,ILM,NC,ASO,EN,Combined TRACON& Tower with Radar,10,9,2,0,21,0,0,9,3,12,10,9,11,3,33,0,0,0,33
04/13/2020,ILM,NC,ASO,EN,Combined TRACON& Tower with Radar,5,14,2,3,24,0,1,0,7,8,5,15,2,10,32,0,18,18,50
04/14/2020,ILM,NC,ASO,EN,Combined TRACON& Tower with Radar,4,17,16,10,47,0,0,28,3,31,4,17,44,13,78,80,2,82,160
04/15/2020,ILM,NC,ASO,EN,Combined TRACON& Tower with Radar,5,20,12,5,42,0,1,13,2,16,5,21,25,7,58,12,0,12,70
04/16/2020,ILM,NC,ASO,EN,Combined TRACON& Tower with Radar,3,12,10,11,36,0,1,48,2,51,3,13,58,13,87,108,12,120,207
04/17/2020,ILM,NC,ASO,EN,Combined TRACON& Tower with Radar,3,13,29,57,102,0,0,60,5,65,3,13,89,62,167,66,46,112,279
04/18/2020,ILM,NC,ASO,EN,Combined TRACON& Tower with Radar,3,10,15,5,33,0,1,10,1,12,3,11,25,6,45,8,0,8,53
04/19/2020,ILM,NC,ASO,EN,Combined TRACON& Tower with Radar,5,6,10,0,21,0,0,25,0,25,5,6,35,0,46,52,0,52,98
04/20/2020,ILM,NC,ASO,EN,Combined TRACON& Tower with Radar,5,18,10,6,39,0,0,0,0,0,5,18,10,6,39,0,0,0,39
04/21/2020,ILM,NC,ASO,EN,Combined TRACON& Tower with Radar,3,17,26,22,68,0,1,24,7,32,3,18,50,29,100,52,12,64,164
04/22/2020,ILM,NC,ASO,EN,Combined TRACON& Tower with Radar,4,14,20,12,50,0,0,68,3,71,4,14,88,15,121,44,8,52,173
04/23/2020,ILM,NC,ASO,EN,Combined TRACON& Tower with Radar,4,15,1,0,20,0,0,10,0,10,4,15,11,0,30,12,0,12,42
04/24/2020,ILM,NC,ASO,EN,Combined TRACON& Tower with Radar,3,12,30,29,74,0,1,16,14,31,3,13,46,43,105,36,54,90,195
04/25/2020,ILM,NC,ASO,EN,Combined TRACON& Tower with Radar,5,13,15,12,45,0,1,4,0,5,5,14,19,12,50,0,10,10,60
04/26/2020,ILM,NC,ASO,EN,Combined TRACON& Tower with Radar,4,14,6,0,24,0,0,24,5,29,4,14,30,5,53,32,2,34,87
04/27/2020,ILM,NC,ASO,EN,Combined TRACON& Tower with Radar,6,22,15,11,54,0,1,34,1,36,6,23,49,12,90,56,0,56,146
04/28/2020,ILM,NC,ASO,EN,Combined TRACON& Tower with Radar,4,21,27,28,80,0,0,83,11,94,4,21,110,39,174,4,20,24,198
04/29/2020,ILM,NC,ASO,EN,Combined TRACON& Tower with Radar,2,15,22,27,66,0,2,22,9,33,2,17,44,36,99,20,22,42,141
04/30/2020,ILM,NC,ASO,EN,Combined TRACON& Tower with Radar,8,16,12,7,43,0,0,6,3,9,8,16,18,10,52,22,18,40,92
05/01/2020,ILM,NC,ASO,EN,Combined TRACON& Tower with Radar,11,22,36,36,105,1,0,30,10,41,12,22,66,46,146,0,0,0,146
05/02/2020,ILM,NC,ASO,EN,Combined TRACON& Tower with Radar,7,15,31,8,61,0,0,99,2,101,7,15,130,10,162,50,0,50,212
05/03/2020,ILM,NC,ASO,EN,Combined TRACON& Tower with Radar,9,11,21,0,41,0,0,64,0,64,9,11,85,0,105,40,0,40,145
05/04/2020,ILM,NC,ASO,EN,Combined TRACON& Tower with Radar,11,12,21,12,56,0,2,50,5,57,11,14,71,17,113,33,33,66,179
05/05/2020,ILM,NC,ASO,EN,Combined TRACON& Tower with Radar,9,15,15,20,59,0,0,21,6,27,9,15,36,26,86,30,0,30,116
05/06/2020,ILM,NC,ASO,EN,Combined TRACON& Tower with Radar,11,13,17,31,72,0,2,36,8,46,11,15,53,39,118,37,22,59,177
05/07/2020,ILM,NC,ASO,EN,Combined TRACON& Tower with Radar,6,22,27,32,87,0,1,41,3,45,6,23,68,35,132,28,0,28,160
05/08/2020,ILM,NC,ASO,EN,Combined TRACON& Tower with Radar,8,23,19,32,82,0,1,12,4,17,8,24,31,36,99,14,0,14,113
05/09/2020,ILM,NC,ASO,EN,Combined TRACON& Tower with Radar,8,10,22,4,44,0,0,43,4,47,8,10,65,8,91,63,0,63,154
05/10/2020,ILM,NC,ASO,EN,Combined TRACON& Tower with Radar,8,21,11,0,40,0,0,63,0,63,8,21,74,0,103,55,0,55,158
05/11/2020,ILM,NC,ASO,EN,Combined TRACON& Tower with Radar,10,18,21,13,62,0,1,39,4,44,10,19,60,17,106,16,8,24,130
05/12/2020,ILM,NC,ASO,EN,Combined TRACON& Tower with Radar,8,14,24,29,75,0,2,90,5,97,8,16,114,34,172,44,14,58,230
05/13/2020,ILM,NC,ASO,EN,Combined TRACON& Tower with Radar,8,26,29,18,81,0,3,55,6,64,8,29,84,24,145,86,4,90,235
05/14/2020,ILM,NC,ASO,EN,Combined TRACON& Tower with Radar,8,25,44,29,106,0,1,46,3,50,8,26,90,32,156,48,26,74,230
05/15/2020,ILM,NC,ASO,EN,Combined TRACON& Tower with Radar,8,25,24,9,66,0,2,60,4,66,8,27,84,13,132,59,12,71,203
05/16/2020,ILM,NC,ASO,EN,Combined TRACON& Tower with Radar,8,13,30,5,56,0,0,70,5,75,8,13,100,10,131,40,0,40,171
05/17/2020,ILM,NC,ASO,EN,Combined TRACON& Tower with Radar,8,15,28,0,51,0,0,8,1,9,8,15,36,1,60,0,0,0,60
05/18/2020,ILM,NC,ASO,EN,Combined TRACON& Tower with Radar,8,15,12,26,61,0,0,3,0,3,8,15,15,26,64,64,8,72,136
05/19/2020,ILM,NC,ASO,EN,Combined TRACON& Tower with Radar,8,19,21,14,62,0,0,1,0,1,8,19,22,14,63,0,0,0,63
05/20/2020,ILM,NC,ASO,EN,Combined TRACON& Tower with Radar,8,29,30,0,67,0,0,1,0,1,8,29,31,0,68,0,0,0,68
05/21/2020,ILM,NC,ASO,EN,Combined TRACON& Tower with Radar,8,30,24,0,62,0,0,1,0,1,8,30,25,0,63,0,0,0,63
05/22/2020,ILM,NC,ASO,EN,Combined TRACON& Tower with Radar,8,29,37,12,86,0,0,28,3,31,8,29,65,15,117,0,0,0,117
05/23/2020,ILM,NC,ASO,EN,Combined TRACON& Tower with Radar,8,8,33,0,49,0,0,78,0,78,8,8,111,0,127,62,0,62,189
05/24/2020,ILM,NC,ASO,EN,Combined TRACON& Tower with Radar,8,11,25,8,52,0,1,58,0,59,8,12,83,8,111,38,0,38,149
05/25/2020,ILM,NC,ASO,EN,Combined TRACON& Tower with Radar,8,21,47,8,84,0,0,37,0,37,8,21,84,8,121,42,0,42,163
05/26/2020,ILM,NC,ASO,EN,Combined TRACON& Tower with Radar,8,22,45,15,90,0,0,3,1,4,8,22,48,16,94,4,0,4,98
05/27/2020,ILM,NC,ASO,EN,Combined TRACON& Tower with Radar,8,20,11,0,39,0,3,0,1,4,8,23,11,1,43,4,0,4,47
05/28/2020,ILM,NC,ASO,EN,Combined TRACON& Tower with Radar,8,19,29,9,65,0,1,7,2,10,8,20,36,11,75,0,0,0,75
05/29/2020,ILM,NC,ASO,EN,Combined TRACON& Tower with Radar,10,20,17,22,69,0,1,5,12,18,10,21,22,34,87,14,22,36,123
05/30/2020,ILM,NC,ASO,EN,Combined TRACON& Tower with Radar,8,10,20,3,41,0,0,10,8,18,8,10,30,11,59,12,2,14,73
05/31/2020,ILM,NC,ASO,EN,Combined TRACON& Tower with Radar,8,22,56,20,106,0,0,64,6,70,8,22,120,26,176,44,18,62,238
06/01/2020,ILM,NC,ASO,EN,Combined TRACON& Tower with Radar,7,25,30,36,98,0,2,57,1,60,7,27,87,37,158,50,46,96,254
06/02/2020,ILM,NC,ASO,EN,Combined TRACON& Tower with Radar,6,21,43,20,90,0,1,61,9,71,6,22,104,29,161,85,32,117,278
06/03/2020,ILM,NC,ASO,EN,Combined TRACON& Tower with Radar,6,29,41,60,136,0,6,43,4,53,6,35,84,64,189,40,16,56,245
06/04/2020,ILM,NC,ASO,EN,Combined TRACON& Tower with Radar,6,34,32,73,145,0,3,68,8,79,6,37,100,81,224,48,24,72,296
06/05/2020,ILM,NC,ASO,EN,Combined TRACON& Tower with Radar,6,32,35,30,103,0,1,20,4,25,6,33,55,34,128,40,12,52,180
06/06/2020,ILM,NC,ASO,EN,Combined TRACON& Tower with Radar,6,21,29,2,58,0,0,38,4,42,6,21,67,6,100,126,2,128,228
06/07/2020,ILM,NC,ASO,EN,Combined TRACON& Tower with Radar,6,21,32,0,59,0,1,36,0,37,6,22,68,0,96,28,0,28,124
06/08/2020,ILM,NC,ASO,EN,Combined TRACON& Tower with Radar,6,28,35,31,100,0,0,30,5,35,6,28,65,36,135,86,28,114,249
06/09/2020,ILM,NC,ASO,EN,Combined TRACON& Tower with Radar,6,26,42,17,91,0,1,30,5,36,6,27,72,22,127,62,12,74,201
06/10/2020,ILM,NC,ASO,EN,Combined TRACON& Tower with Radar,6,26,43,10,85,0,0,20,0,20,6,26,63,10,105,60,0,60,165
06/11/2020,ILM,NC,ASO,EN,Combined TRACON& Tower with Radar,6,31,44,6,87,0,0,10,0,10,6,31,54,6,97,28,6,34,131
06/12/2020,ILM,NC,ASO,EN,Combined TRACON& Tower with Radar,6,24,27,6,63,0,0,2,0,2,6,24,29,6,65,0,0,0,65
06/13/2020,ILM,NC,ASO,EN,Combined TRACON& Tower with Radar,6,17,26,4,53,0,0,10,0,10,6,17,36,4,63,0,6,6,69
06/14/2020,ILM,NC,ASO,EN,Combined TRACON& Tower with Radar,6,22,43,6,77,0,0,6,4,10,6,22,49,10,87,28,20,48,135
06/15/2020,ILM,NC,ASO,EN,Combined TRACON& Tower with Radar,6,26,23,0,55,0,0,0,0,0,6,26,23,0,55,0,0,0,55
06/16/2020,ILM,NC,ASO,EN,Combined TRACON& Tower with Radar,6,21,26,4,57,0,0,1,0,1,6,21,27,4,58,0,0,0,58
06/17/2020,ILM,NC,ASO,EN,Combined TRACON& Tower with Radar,6,26,35,33,100,0,0,23,2,25,6,26,58,35,125,50,0,50,175
06/18/2020,ILM,NC,ASO,EN,Combined TRACON& Tower with Radar,6,31,30,34,101,0,1,72,4,77,6,32,102,38,178,48,40,88,266
06/19/2020,ILM,NC,ASO,EN,Combined TRACON& Tower with Radar,6,28,41,22,97,0,0,27,11,38,6,28,68,33,135,22,10,32,167
06/20/2020,ILM,NC,ASO,EN,Combined TRACON& Tower with Radar,6,24,31,12,73,0,2,44,3,49,6,26,75,15,122,50,2,52,174
06/21/2020,ILM,NC,ASO,EN,Combined TRACON& Tower with Radar,6,27,38,2,73,0,1,61,1,63,6,28,99,3,136,30,0,30,166
06/22/2020,ILM,NC,ASO,EN,Combined TRACON& Tower with Radar,6,25,31,20,82,0,1,51,2,54,6,26,82,22,136,54,14,68,204
06/23/2020,ILM,NC,ASO,EN,Combined TRACON& Tower with Radar,6,20,43,52,121,0,0,35,9,44,6,20,78,61,165,44,34,78,243
06/24/2020,ILM,NC,ASO,EN,Combined TRACON& Tower with Radar,6,33,49,20,108,0,0,28,5,33,6,33,77,25,141,32,6,38,179
06/25/2020,ILM,NC,ASO,EN,Combined TRACON& Tower with Radar,6,20,53,8,87,0,1,14,5,20,6,21,67,13,107,6,14,20,127
06/26/2020,ILM,NC,ASO,EN,Combined TRACON& Tower with Radar,6,29,59,39,133,0,1,88,13,102,6,30,147,52,235,56,56,112,347
06/27/2020,ILM,NC,ASO,EN,Combined TRACON& Tower with Radar,8,23,40,4,75,0,0,59,5,64,8,23,99,9,139,76,0,76,215
06/28/2020,ILM,NC,ASO,EN,Combined TRACON& Tower with Radar,8,17,36,11,72,0,0,56,0,56,8,17,92,11,128,34,4,38,166
06/29/2020,ILM,NC,ASO,EN,Combined TRACON& Tower with Radar,6,22,37,12,77,0,1,65,6,72,6,23,102,18,149,84,0,84,233
06/30/2020,ILM,NC,ASO,EN,Combined TRACON& Tower with Radar,8,22,15,6,51,0,0,31,4,35,8,22,46,10,86,40,6,46,132
07/01/2020,ILM,NC,ASO,EN,Combined TRACON& Tower with Radar,8,30,48,18,104,0,1,26,2,29,8,31,74,20,133,46,0,46,179
07/02/2020,ILM,NC,ASO,EN,Combined TRACON& Tower with Radar,13,21,45,16,95,0,3,29,2,34,13,24,74,18,129,38,12,50,179
07/03/2020,ILM,NC,ASO,EN,Combined TRACON& Tower with Radar,12,26,37,1,76,0,2,53,5,60,12,28,90,6,136,74,0,74,210
07/04/2020,ILM,NC,ASO,EN,Combined TRACON& Tower with Radar,10,12,15,8,45,0,2,31,0,33,10,14,46,8,78,14,0,14,92
07/05/2020,ILM,NC,ASO,EN,Combined TRACON& Tower with Radar,13,29,32,0,74,0,2,33,2,37,13,31,65,2,111,26,0,26,137
07/06/2020,ILM,NC,ASO,EN,Combined TRACON& Tower with Radar,10,28,36,13,87,0,2,35,1,38,10,30,71,14,125,68,0,68,193
07/07/2020,ILM,NC,ASO,EN,Combined TRACON& Tower with Radar,16,20,17,0,53,0,1,0,0,1,16,21,17,0,54,0,0,0,54
07/08/2020,ILM,NC,ASO,EN,Combined TRACON& Tower with Radar,16,35,44,16,111,0,0,6,0,6,16,35,50,16,117,14,0,14,131
07/09/2020,ILM,NC,ASO,EN,Combined TRACON& Tower with Radar,20,28,38,15,101,0,2,6,3,11,20,30,44,18,112,10,0,10,122
07/10/2020,ILM,NC,ASO,EN,Combined TRACON& Tower with Radar,20,30,60,16,126,0,1,51,5,57,20,31,111,21,183,70,14,84,267
07/11/2020,ILM,NC,ASO,EN,Combined TRACON& Tower with Radar,22,21,49,4,96,0,0,56,1,57,22,21,105,5,153,50,10,60,213
07/12/2020,ILM,NC,ASO,EN,Combined TRACON& Tower with Radar,20,27,35,5,87,0,1,49,2,52,20,28,84,7,139,18,0,18,157
07/13/2020,ILM,NC,ASO,EN,Combined TRACON& Tower with Radar,20,30,42,9,101,0,2,18,0,20,20,32,60,9,121,60,0,60,181
07/14/2020,ILM,NC,ASO,EN,Combined TRACON& Tower with Radar,16,24,43,44,127,0,1,74,13,88,16,25,117,57,215,56,58,114,329
07/15/2020,ILM,NC,ASO,EN,Combined TRACON& Tower with Radar,16,40,34,35,125,0,1,52,2,55,16,41,86,37,180,44,0,44,224
07/16/2020,ILM,NC,ASO,EN,Combined TRACON& Tower with Radar,20,31,45,18,114,0,0,72,2,74,20,31,117,20,188,50,16,66,254
07/17/2020,ILM,NC,ASO,EN,Combined TRACON& Tower with Radar,21,31,48,52,152,0,1,55,12,68,21,32,103,64,220,14,7,21,241
07/18/2020,ILM,NC,ASO,EN,Combined TRACON& Tower with Radar,22,25,33,5,85,0,1,81,5,87,22,26,114,10,172,38,0,38,210
07/19/2020,ILM,NC,ASO,EN,Combined TRACON& Tower with Radar,20,25,41,7,93,0,0,45,4,49,20,25,86,11,142,22,0,22,164
07/20/2020,ILM,NC,ASO,EN,Combined TRACON& Tower with Radar,20,26,32,56,134,0,2,23,3,28,20,28,55,59,162,36,44,80,242
07/21/2020,ILM,NC,ASO,EN,Combined TRACON& Tower with Radar,18,21,45,29,113,0,1,60,12,73,18,22,105,41,186,64,28,92,278
07/22/2020,ILM,NC,ASO,EN,Combined TRACON& Tower with Radar,16,29,34,80,159,0,0,70,14,84,16,29,104,94,243,62,46,108,351
07/23/2020,ILM,NC,ASO,EN,Combined TRACON& Tower with Radar,21,31,54,40,146,0,2,70,8,80,21,33,124,48,226,63,18,81,307
07/24/2020,ILM,NC,ASO,EN,Combined TRACON& Tower with Radar,21,32,39,7,99,0,2,32,3,37,21,34,71,10,136,42,4,46,182
07/25/2020,ILM,NC,ASO,EN,Combined TRACON& Tower with Radar,22,26,34,4,86,0,2,71,7,80,22,28,105,11,166,74,0,74,240
07/26/2020,ILM,NC,ASO,EN,Combined TRACON& Tower with Radar,20,33,47,3,103,0,0,85,2,87,20,33,132,5,190,48,0,48,238
07/27/2020,ILM,NC,ASO,EN,Combined TRACON& Tower with Radar,22,30,27,24,103,0,0,37,3,40,22,30,64,27,143,48,0,48,191
07/28/2020,ILM,NC,ASO,EN,Combined TRACON& Tower with Radar,14,22,37,48,121,0,1,38,5,44,14,23,75,53,165,44,31,75,240
07/29/2020,ILM,NC,ASO,EN,Combined TRACON& Tower with Radar,18,33,23,6,80,0,0,34,4,38,18,33,57,10,118,4,12,16,134
07/30/2020,ILM,NC,ASO,EN,Combined TRACON& Tower with Radar,18,33,45,11,107,0,3,12,8,23,18,36,57,19,130,36,0,36,166
07/31/2020,ILM,NC,ASO,EN,Combined TRACON& Tower with Radar,18,33,42,36,129,0,0,38,14,52,18,33,80,50,181,10,34,44,225
08/01/2020,ILM,NC,ASO,EN,Combined TRACON& Tower with Radar,24,17,35,0,76,0,2,28,2,32,24,19,63,2,108,22,0,22,130
08/02/2020,ILM,NC,ASO,EN,Combined TRACON& Tower with Radar,26,22,36,1,85,0,1,49,0,50,26,23,85,1,135,26,0,26,161
08/03/2020,ILM,NC,ASO,EN,Combined TRACON& Tower with Radar,18,18,17,0,53,0,0,2,0,2,18,18,19,0,55,0,0,0,55
08/04/2020,ILM,NC,ASO,EN,Combined TRACON& Tower with Radar,16,20,11,0,47,0,2,14,0,16,16,22,25,0,63,0,0,0,63
08/05/2020,ILM,NC,ASO,EN,Combined TRACON& Tower with Radar,21,18,32,20,91,0,3,4,6,13,21,21,36,26,104,0,0,0,104
08/06/2020,ILM,NC,ASO,EN,Combined TRACON& Tower with Radar,26,27,37,4,94,0,2,20,1,23,26,29,57,5,117,12,0,12,129
08/07/2020,ILM,NC,ASO,EN,Combined TRACON& Tower with Radar,26,24,31,8,89,0,0,29,8,37,26,24,60,16,126,58,0,58,184
08/08/2020,ILM,NC,ASO,EN,Combined TRACON& Tower with Radar,26,16,30,2,74,0,1,41,11,53,26,17,71,13,127,58,0,58,185
08/09/2020,ILM,NC,ASO,EN,Combined TRACON& Tower with Radar,26,19,41,7,93,0,1,21,3,25,26,20,62,10,118,2,0,2,120
08/10/2020,ILM,NC,ASO,EN,Combined TRACON& Tower with Radar,26,24,33,3,86,0,4,38,3,45,26,28,71,6,131,44,5,49,180
08/11/2020,ILM,NC,ASO,EN,Combined TRACON& Tower with Radar,20,27,27,28,102,0,2,19,3,24,20,29,46,31,126,22,6,28,154
08/12/2020,ILM,NC,ASO,EN,Combined TRACON& Tower with Radar,19,20,33,31,103,0,0,33,7,40,19,20,66,38,143,46,60,106,249
08/13/2020,ILM,NC,ASO,EN,Combined TRACON& Tower with Radar,25,28,35,0,88,0,0,7,0,7,25,28,42,0,95,16,0,16,111
08/14/2020,ILM,NC,ASO,EN,Combined TRACON& Tower with Radar,28,25,36,22,111,0,0,20,3,23,28,25,56,25,134,48,14,62,196
08/15/2020,ILM,NC,ASO,EN,Combined TRACON& Tower with Radar,28,20,30,3,81,0,0,15,9,24,28,20,45,12,105,26,0,26,131
08/16/2020,ILM,NC,ASO,EN,Combined TRACON& Tower with Radar,25,24,50,11,110,0,0,16,6,22,25,24,66,17,132,24,0,24,156
08/17/2020,ILM,NC,ASO,EN,Combined TRACON& Tower with Radar,30,21,41,26,118,0,1,39,0,40,30,22,80,26,158,54,23,77,235
08/18/2020,ILM,NC,ASO,EN,Combined TRACON& Tower with Radar,19,19,45,55,138,0,0,58,2,60,19,19,103,57,198,100,18,118,316
08/19/2020,ILM,NC,ASO,EN,Combined TRACON& Tower with Radar,20,20,34,48,122,0,1,28,9,38,20,21,62,57,160,76,0,76,236
08/20/2020,ILM,NC,ASO,EN,Combined TRACON& Tower with Radar,25,22,23,10,80,0,0,29,0,29,25,22,52,10,109,10,12,22,131
08/21/2020,ILM,NC,ASO,EN,Combined TRACON& Tower with Radar,26,17,47,11,101,0,1,25,4,30,26,18,72,15,131,52,12,64,195
08/22/2020,ILM,NC,ASO,EN,Combined TRACON& Tower with Radar,26,14,34,15,89,0,0,65,7,72,26,14,99,22,161,84,2,86,247
08/23/2020,ILM,NC,ASO,EN,Combined TRACON& Tower with Radar,26,22,31,2,81,0,1,28,6,35,26,23,59,8,116,22,0,22,138
08/24/2020,ILM,NC,ASO,EN,Combined TRACON& Tower with Radar,28,21,28,6,83,0,0,10,0,10,28,21,38,6,93,14,22,36,129
08/25/2020,ILM,NC,ASO,EN,Combined TRACON& Tower with Radar,20,21,40,94,175,0,0,42,12,54,20,21,82,106,229,34,62,96,325
08/26/2020,ILM,NC,ASO,EN,Combined TRACON& Tower with Radar,20,20,36,31,107,0,1,58,2,61,20,21,94,33,168,72,10,82,250
08/27/2020,ILM,NC,ASO,EN,Combined TRACON& Tower with Radar,24,22,38,60,144,0,2,68,3,73,24,24,106,63,217,86,42,128,345
08/28/2020,ILM,NC,ASO,EN,Combined TRACON& Tower with Radar,28,22,45,52,147,0,0,45,10,55,28,22,90,62,202,44,30,74,276
08/29/2020,ILM,NC,ASO,EN,Combined TRACON& Tower with Radar,26,16,20,1,63,0,1,24,5,30,26,17,44,6,93,60,0,60,153
08/30/2020,ILM,NC,ASO,EN,Combined TRACON& Tower with Radar,25,11,50,10,96,0,2,50,8,60,25,13,100,18,156,38,0,38,194
08/31/2020,ILM,NC,ASO,EN,Combined TRACON& Tower with Radar,28,14,24,18,84,0,2,14,8,24,28,16,38,26,108,24,22,46,154
09/01/2020,ILM,NC,ASO,EN,Combined TRACON& Tower with Radar,19,21,48,42,130,0,2,35,4,41,19,23,83,46,171,54,16,70,241
09/02/2020,ILM,NC,ASO,EN,Combined TRACON& Tower with Radar,19,19,23,27,88,0,0,17,3,20,19,19,40,30,108,6,20,26,134
09/03/2020,ILM,NC,ASO,EN,Combined TRACON& Tower with Radar,26,18,47,40,131,0,2,49,9,60,26,20,96,49,191,26,22,48,239
09/04/2020,ILM,NC,ASO,EN,Combined TRACON& Tower with Radar,26,20,56,6,108,0,0,54,13,67,26,20,110,19,175,86,12,98,273
09/05/2020,ILM,NC,ASO,EN,Combined TRACON& Tower with Radar,26,14,32,8,80,0,0,57,5,62,26,14,89,13,142,84,0,84,226
09/06/2020,ILM,NC,ASO,EN,Combined TRACON& Tower with Radar,24,12,33,5,74,0,1,60,8,69,24,13,93,13,143,20,0,20,163
09/07/2020,ILM,NC,ASO,EN,Combined TRACON& Tower with Radar,26,22,68,10,126,0,2,69,8,79,26,24,137,18,205,56,0,56,261
09/08/2020,ILM,NC,ASO,EN,Combined TRACON& Tower with Radar,20,21,29,15,85,0,0,5,0,5,20,21,34,15,90,14,0,14,104
09/09/2020,ILM,NC,ASO,EN,Combined TRACON& Tower with Radar,22,17,24,24,87,0,1,23,0,24,22,18,47,24,111,44,0,44,155
09/10/2020,ILM,NC,ASO,EN,Combined TRACON& Tower with Radar,23,26,33,14,96,0,1,13,0,14,23,27,46,14,110,42,0,42,152
09/11/2020,ILM,NC,ASO,EN,Combined TRACON& Tower with Radar,24,26,34,0,84,0,0,13,0,13,24,26,47,0,97,2,0,2,99
09/12/2020,ILM,NC,ASO,EN,Combined TRACON& Tower with Radar,24,12,26,0,62,0,1,5,4,10,24,13,31,4,72,62,0,62,134
09/13/2020,ILM,NC,ASO,EN,Combined TRACON& Tower with Radar,24,13,51,4,92,0,0,24,5,29,24,13,75,9,121,6,0,6,127
09/14/2020,ILM,NC,ASO,EN,Combined TRACON& Tower with Radar,24,16,36,15,91,0,0,41,1,42,24,16,77,16,133,39,0,39,172
09/15/2020,ILM,NC,ASO,EN,Combined TRACON& Tower with Radar,22,28,34,14,98,0,0,41,3,44,22,28,75,17,142,56,8,64,206
09/16/2020,ILM,NC,ASO,EN,Combined TRACON& Tower with Radar,22,18,33,2,75,0,1,7,0,8,22,19,40,2,83,0,0,0,83
09/17/2020,ILM,NC,ASO,EN,Combined TRACON& Tower with Radar,26,21,30,4,81,0,0,0,0,0,26,21,30,4,81,4,0,4,85
09/18/2020,ILM,NC,ASO,EN,Combined TRACON& Tower with Radar,24,22,53,13,112,0,0,4,0,4,24,22,57,13,116,10,0,10,126
09/19/2020,ILM,NC,ASO,EN,Combined TRACON& Tower with Radar,24,7,39,8,78,0,0,26,2,28,24,7,65,10,106,2,0,2,108
09/20/2020,ILM,NC,ASO,EN,Combined TRACON& Tower with Radar,24,15,44,5,88,0,1,32,10,43,24,16,76,15,131,2,6,8,139
09/21/2020,ILM,NC,ASO,EN,Combined TRACON& Tower with Radar,24,17,39,39,119,0,0,22,5,27,24,17,61,44,146,6,38,44,190
09/22/2020,ILM,NC,ASO,EN,Combined TRACON& Tower with Radar,23,15,34,42,114,1,1,62,1,65,24,16,96,43,179,28,16,44,223
09/23/2020,ILM,NC,ASO,EN,Combined TRACON& Tower with Radar,22,27,43,31,123,0,0,57,8,65,22,27,100,39,188,78,28,106,294
09/24/2020,ILM,NC,ASO,EN,Combined TRACON& Tower with Radar,24,36,82,32,174,0,1,47,7,55,24,37,129,39,229,74,0,74,303
09/25/2020,ILM,NC,ASO,EN,Combined TRACON& Tower with Radar,24,23,45,17,109,0,2,18,9,29,24,25,63,26,138,34,12,46,184
09/26/2020,ILM,NC,ASO,EN,Combined TRACON& Tower with Radar,24,10,57,18,109,0,0,36,2,38,24,10,93,20,147,51,0,51,198
09/27/2020,ILM,NC,ASO,EN,Combined TRACON& Tower with Radar,26,21,49,7,103,0,1,34,5,40,26,22,83,12,143,56,4,60,203
09/28/2020,ILM,NC,ASO,EN,Combined TRACON& Tower with Radar,24,32,46,7,109,0,0,34,7,41,24,32,80,14,150,58,2,60,210
09/29/2020,ILM,NC,ASO,EN,Combined TRACON& Tower with Radar,26,25,44,17,112,0,1,6,8,15,26,26,50,25,127,6,4,10,137
09/30/2020,ILM,NC,ASO,EN,Combined TRACON& Tower with Radar,22,17,45,9,93,0,2,62,5,69,22,19,107,14,162,28,0,28,190
10/01/2020,ILM,NC,ASO,EN,Combined TRACON& Tower with Radar,24,20,58,17,119,0,0,66,5,71,24,20,124,22,190,36,36,72,262
10/02/2020,ILM,NC,ASO,EN,Combined TRACON& Tower with Radar,24,29,56,46,155,0,0,59,8,67,24,29,115,54,222,32,34,66,288
10/03/2020,ILM,NC,ASO,EN,Combined TRACON& Tower with Radar,24,8,29,6,67,0,2,65,5,72,24,10,94,11,139,45,8,53,192
10/04/2020,ILM,NC,ASO,EN,Combined TRACON& Tower with Radar,24,18,40,1,83,0,0,10,4,14,24,18,50,5,97,7,0,7,104
10/05/2020,ILM,NC,ASO,EN,Combined TRACON& Tower with Radar,24,19,45,20,108,0,2,42,8,52,24,21,87,28,160,88,46,134,294
10/06/2020,ILM,NC,ASO,EN,Combined TRACON& Tower with Radar,22,17,44,55,138,0,0,64,4,68,22,17,108,59,206,42,24,66,272
10/07/2020,ILM,NC,ASO,EN,Combined TRACON& Tower with Radar,20,16,48,35,119,0,1,66,17,84,20,17,114,52,203,42,38,80,283
10/08/2020,ILM,NC,ASO,EN,Combined TRACON& Tower with Radar,26,24,31,32,113,0,2,69,7,78,26,26,100,39,191,76,26,102,293
10/09/2020,ILM,NC,ASO,EN,Combined TRACON& Tower with Radar,26,21,52,0,99,0,0,39,2,41,26,21,91,2,140,64,0,64,204
10/10/2020,ILM,NC,ASO,EN,Combined TRACON& Tower with Radar,24,9,26,8,67,0,0,35,0,35,24,9,61,8,102,47,0,47,149
10/11/2020,ILM,NC,ASO,EN,Combined TRACON& Tower with Radar,26,13,22,0,61,0,0,0,0,0,26,13,22,0,61,0,0,0,61
10/12/2020,ILM,NC,ASO,EN,Combined TRACON& Tower with Radar,26,20,45,0,91,0,1,24,0,25,26,21,69,0,116,56,0,56,172
10/13/2020,ILM,NC,ASO,EN,Combined TRACON& Tower with Radar,19,24,41,16,100,0,2,26,8,36,19,26,67,24,136,24,0,24,160
10/14/2020,ILM,NC,ASO,EN,Combined TRACON& Tower with Radar,21,16,51,38,126,0,2,52,12,66,21,18,103,50,192,62,50,112,304
10/15/2020,ILM,NC,ASO,EN,Combined TRACON& Tower with Radar,25,24,54,26,129,0,1,47,1,49,25,25,101,27,178,43,0,43,221
10/16/2020,ILM,NC,ASO,EN,Combined TRACON& Tower with Radar,26,23,46,24,119,0,0,26,6,32,26,23,72,30,151,61,18,79,230
10/17/2020,ILM,NC,ASO,EN,Combined TRACON& Tower with Radar,24,21,29,2,76,0,0,61,0,61,24,21,90,2,137,32,0,32,169
10/18/2020,ILM,NC,ASO,EN,Combined TRACON& Tower with Radar,26,18,56,9,109,0,1,58,2,61,26,19,114,11,170,60,10,70,240
10/19/2020,ILM,NC,ASO,EN,Combined TRACON& Tower with Radar,26,17,43,7,93,0,0,49,3,52,26,17,92,10,145,36,20,56,201
10/20/2020,ILM,NC,ASO,EN,Combined TRACON& Tower with Radar,19,20,28,45,112,0,4,38,9,51,19,24,66,54,163,96,22,118,281
10/21/2020,ILM,NC,ASO,EN,Combined TRACON& Tower with Radar,21,18,55,9,103,0,0,44,7,51,21,18,99,16,154,92,18,110,264
10/22/2020,ILM,NC,ASO,EN,Combined TRACON& Tower with Radar,25,21,61,27,134,0,2,57,8,67,25,23,118,35,201,48,20,68,269
10/23/2020,ILM,NC,ASO,EN,Combined TRACON& Tower with Radar,25,25,54,25,129,0,1,60,5,66,25,26,114,30,195,32,36,68,263
10/24/2020,ILM,NC,ASO,EN,Combined TRACON& Tower with Radar,22,15,46,4,87,0,0,63,6,69,22,15,109,10,156,90,10,100,256
10/25/2020,ILM,NC,ASO,EN,Combined TRACON& Tower with Radar,23,20,32,6,81,0,0,3,0,3,23,20,35,6,84,16,0,16,100
10/26/2020,ILM,NC,ASO,EN,Combined TRACON& Tower with Radar,24,22,52,12,110,0,0,13,4,17,24,22,65,16,127,38,20,58,185
10/27/2020,ILM,NC,ASO,EN,Combined TRACON& Tower with Radar,19,27,41,17,104,0,0,41,2,43,19,27,82,19,147,54,42,96,243
10/28/2020,ILM,NC,ASO,EN,Combined TRACON& Tower with Radar,21,21,60,13,115,0,3,49,9,61,21,24,109,22,176,121,38,159,335
10/29/2020,ILM,NC,ASO,EN,Combined TRACON& Tower with Radar,27,26,25,32,110,0,1,2,2,5,27,27,27,34,115,12,18,30,145
10/30/2020,ILM,NC,ASO,EN,Combined TRACON& Tower with Radar,24,24,47,17,112,0,1,29,4,34,24,25,76,21,146,4,28,32,178
10/31/2020,ILM,NC,ASO,EN,Combined TRACON& Tower with Radar,14,8,37,1,60,0,0,75,0,75,14,8,112,1,135,30,0,30,165
11/01/2020,ILM,NC,ASO,EN,Combined TRACON& Tower with Radar,20,22,39,7,88,0,0,6,0,6,20,22,45,7,94,15,4,19,113
11/02/2020,ILM,NC,ASO,EN,Combined TRACON& Tower with Radar,24,25,22,17,88,0,3,12,4,19,24,28,34,21,107,14,26,40,147
11/03/2020,ILM,NC,ASO,EN,Combined TRACON& Tower with Radar,17,18,24,8,67,0,1,49,1,51,17,19,73,9,118,56,0,56,174
11/04/2020,ILM,NC,ASO,EN,Combined TRACON& Tower with Radar,16,17,36,29,98,0,2,58,3,63,16,19,94,32,161,44,12,56,217
11/05/2020,ILM,NC,ASO,EN,Combined TRACON& Tower with Radar,23,30,43,30,126,0,0,61,3,64,23,30,104,33,190,50,10,60,250
11/06/2020,ILM,NC,ASO,EN,Combined TRACON& Tower with Radar,24,33,43,14,114,0,0,18,3,21,24,33,61,17,135,35,0,35,170
11/07/2020,ILM,NC,ASO,EN,Combined TRACON& Tower with Radar,22,21,29,11,83,0,0,65,14,79,22,21,94,25,162,52,2,54,216
11/08/2020,ILM,NC,ASO,EN,Combined TRACON& Tower with Radar,24,22,49,7,102,0,0,43,6,49,24,22,92,13,151,46,0,46,197
11/09/2020,ILM,NC,ASO,EN,Combined TRACON& Tower with Radar,23,18,30,32,103,0,1,13,0,14,23,19,43,32,117,22,0,22,139
11/10/2020,ILM,NC,ASO,EN,Combined TRACON& Tower with Radar,17,18,63,15,113,0,0,22,7,29,17,18,85,22,142,24,6,30,172
11/11/2020,ILM,NC,ASO,EN,Combined TRACON& Tower with Radar,18,17,36,4,75,0,0,0,7,7,18,17,36,11,82,4,8,12,94
11/12/2020,ILM,NC,ASO,EN,Combined TRACON& Tower with Radar,23,27,7,0,57,0,0,0,0,0,23,27,7,0,57,2,0,2,59
11/13/2020,ILM,NC,ASO,EN,Combined TRACON& Tower with Radar,24,17,50,22,113,0,2,4,2,8,24,19,54,24,121,14,0,14,135
11/14/2020,ILM,NC,ASO,EN,Combined TRACON& Tower with Radar,24,10,52,4,90,0,0,56,6,62,24,10,108,10,152,34,0,34,186
11/15/2020,ILM,NC,ASO,EN,Combined TRACON& Tower with Radar,26,21,34,20,101,0,0,28,3,31,26,21,62,23,132,22,0,22,154
11/16/2020,ILM,NC,ASO,EN,Combined TRACON& Tower with Radar,30,17,52,30,129,0,1,43,13,57,30,18,95,43,186,55,26,81,267
11/17/2020,ILM,NC,ASO,EN,Combined TRACON& Tower with Radar,18,21,52,49,140,0,1,38,11,50,18,22,90,60,190,18,54,72,262
11/18/2020,ILM,NC,ASO,EN,Combined TRACON& Tower with Radar,17,20,43,19,99,0,1,39,7,47,17,21,82,26,146,70,28,98,244
11/19/2020,ILM,NC,ASO,EN,Combined TRACON& Tower with Radar,25,29,53,71,178,0,0,61,7,68,25,29,114,78,246,52,20,72,318
11/20/2020,ILM,NC,ASO,EN,Combined TRACON& Tower with Radar,25,24,48,20,117,0,0,53,7,60,25,24,101,27,177,18,16,34,211
11/21/2020,ILM,NC,ASO,EN,Combined TRACON& Tower with Radar,28,19,48,13,108,0,0,65,24,89,28,19,113,37,197,32,10,42,239
11/22/2020,ILM,NC,ASO,EN,Combined TRACON& Tower with Radar,26,22,52,7,107,0,1,43,15,59,26,23,95,22,166,56,0,56,222
11/23/2020,ILM,NC,ASO,EN,Combined TRACON& Tower with Radar,20,17,27,14,78,0,1,19,4,24,20,18,46,18,102,6,0,6,108
11/24/2020,ILM,NC,ASO,EN,Combined TRACON& Tower with Radar,28,28,55,22,133,0,1,47,5,53,28,29,102,27,186,28,4,32,218
11/25/2020,ILM,NC,ASO,EN,Combined TRACON& Tower with Radar,31,33,47,6,117,0,0,36,0,36,31,33,83,6,153,22,0,22,175
11/26/2020,ILM,NC,ASO,EN,Combined TRACON& Tower with Radar,10,4,4,0,18,0,0,2,0,2,10,4,6,0,20,20,0,20,40
11/27/2020,ILM,NC,ASO,EN,Combined TRACON& Tower with Radar,24,16,28,1,69,0,0,24,0,24,24,16,52,1,93,12,0,12,105
11/28/2020,ILM,NC,ASO,EN,Combined TRACON& Tower with Radar,26,27,33,0,86,0,0,33,0,33,26,27,66,0,119,70,0,70,189
11/29/2020,ILM,NC,ASO,EN,Combined TRACON& Tower with Radar,30,39,86,0,155,0,0,52,0,52,30,39,138,0,207,34,0,34,241
11/30/2020,ILM,NC,ASO,EN,Combined TRACON& Tower with Radar,32,27,20,8,87,0,0,1,1,2,32,27,21,9,89,0,4,4,93
12/01/2020,ILM,NC,ASO,EN,Combined TRACON& Tower with Radar,24,26,32,17,99,0,2,25,5,32,24,28,57,22,131,42,0,42,173
12/02/2020,ILM,NC,ASO,EN,Combined TRACON& Tower with Radar,18,19,49,47,133,0,1,61,15,77,18,20,110,62,210,58,32,90,300
12/03/2020,ILM,NC,ASO,EN,Combined TRACON& Tower with Radar,28,29,43,57,157,0,2,64,14,80,28,31,107,71,237,74,40,114,351
12/04/2020,ILM,NC,ASO,EN,Combined TRACON& Tower with Radar,24,35,37,48,144,0,0,41,12,53,24,35,78,60,197,64,28,92,289
12/05/2020,ILM,NC,ASO,EN,Combined TRACON& Tower with Radar,20,14,32,5,71,0,0,25,2,27,20,14,57,7,98,4,0,4,102
12/06/2020,ILM,NC,ASO,EN,Combined TRACON& Tower with Radar,24,30,35,14,103,0,0,66,4,70,24,30,101,18,173,35,0,35,208
12/07/2020,ILM,NC,ASO,EN,Combined TRACON& Tower with Radar,24,25,14,24,87,0,0,1,4,5,24,25,15,28,92,56,20,76,168
12/08/2020,ILM,NC,ASO,EN,Combined TRACON& Tower with Radar,17,20,44,36,117,0,4,49,2,55,17,24,93,38,172,78,28,106,278
12/09/2020,ILM,NC,ASO,EN,Combined TRACON& Tower with Radar,17,17,29,33,96,0,2,47,3,52,17,19,76,36,148,24,0,24,172
12/10/2020,ILM,NC,ASO,EN,Combined TRACON& Tower with Radar,24,25,45,6,100,0,2,57,0,59,24,27,102,6,159,40,4,44,203
12/11/2020,ILM,NC,ASO,EN,Combined TRACON& Tower with Radar,24,25,52,6,107,0,1,48,0,49,24,26,100,6,156,36,0,36,192
12/12/2020,ILM,NC,ASO,EN,Combined TRACON& Tower with Radar,20,16,43,0,79,0,0,75,1,76,20,16,118,1,155,52,0,52,207
12/13/2020,ILM,NC,ASO,EN,Combined TRACON& Tower with Radar,24,20,45,7,96,0,0,10,1,11,24,20,55,8,107,38,0,38,145
12/14/2020,ILM,NC,ASO,EN,Combined TRACON& Tower with Radar,24,19,28,8,79,0,0,5,3,8,24,19,33,11,87,8,4,12,99
12/15/2020,ILM,NC,ASO,EN,Combined TRACON& Tower with Radar,18,21,55,14,108,0,3,34,10,47,18,24,89,24,155,34,0,34,189
12/16/2020,ILM,NC,ASO,EN,Combined TRACON& Tower with Radar,20,14,19,26,79,0,0,0,0,0,20,14,19,26,79,0,0,0,79
12/17/2020,ILM,NC,ASO,EN,Combined TRACON& Tower with Radar,24,18,65,20,127,0,0,9,5,14,24,18,74,25,141,95,2,97,238
12/18/2020,ILM,NC,ASO,EN,Combined TRACON& Tower with Radar,24,22,60,21,127,0,1,47,13,61,24,23,107,34,188,6,8,14,202
12/19/2020,ILM,NC,ASO,EN,Combined TRACON& Tower with Radar,30,25,66,10,131,0,2,70,22,94,30,27,136,32,225,22,0,22,247
12/20/2020,ILM,NC,ASO,EN,Combined TRACON& Tower with Radar,24,20,17,3,64,0,0,0,3,3,24,20,17,6,67,0,0,0,67
12/21/2020,ILM,NC,ASO,EN,Combined TRACON& Tower with Radar,26,24,29,19,98,0,1,12,7,20,26,25,41,26,118,36,6,42,160
12/22/2020,ILM,NC,ASO,EN,Combined TRACON& Tower with Radar,24,28,36,22,110,0,0,34,14,48,24,28,70,36,158,78,10,88,246
12/23/2020,ILM,NC,ASO,EN,Combined TRACON& Tower with Radar,24,32,32,5,93,0,0,50,1,51,24,32,82,6,144,18,4,22,166
12/24/2020,ILM,NC,ASO,EN,Combined TRACON& Tower with Radar,20,21,15,0,56,0,1,2,0,3,20,22,17,0,59,0,0,0,59
12/25/2020,ILM,NC,ASO,EN,Combined TRACON& Tower with Radar,18,8,5,0,31,0,2,3,0,5,18,10,8,0,36,0,0,0,36
12/26/2020,ILM,NC,ASO,EN,Combined TRACON& Tower with Radar,27,28,53,0,108,0,1,36,0,37,27,29,89,0,145,16,0,16,161
12/27/2020,ILM,NC,ASO,EN,Combined TRACON& Tower with Radar,24,31,47,0,102,0,1,42,0,43,24,32,89,0,145,16,0,16,161
12/28/2020,ILM,NC,ASO,EN,Combined TRACON& Tower with Radar,24,29,23,7,83,0,1,29,5,35,24,30,52,12,118,44,12,56,174
12/29/2020,ILM,NC,ASO,EN,Combined TRACON& Tower with Radar,23,33,46,38,140,0,2,49,2,53,23,35,95,40,193,68,18,86,279
12/30/2020,ILM,NC,ASO,EN,Combined TRACON& Tower with Radar,24,27,31,15,97,0,2,64,3,69,24,29,95,18,166,80,10,90,256
12/31/2020,ILM,NC,ASO,EN,Combined TRACON& Tower with Radar,18,21,17,0,56,0,0,2,0,2,18,21,19,0,58,14,0,14,72
01/01/2021,ILM,NC,ASO,EN,Combined TRACON& Tower with Radar,18,21,8,0,47,0,0,0,0,0,18,21,8,0,47,0,0,0,47
01/02/2021,ILM,NC,ASO,EN,Combined TRACON& Tower with Radar,27,31,57,0,115,0,0,4,0,4,27,31,61,0,119,0,0,0,119
01/03/2021,ILM,NC,ASO,EN,Combined TRACON& Tower with Radar,24,32,54,0,110,0,1,25,5,31,24,33,79,5,141,10,0,10,151
01/04/2021,ILM,NC,ASO,EN,Combined TRACON& Tower with Radar,24,30,25,30,109,0,2,29,4,35,24,32,54,34,144,0,34,34,178
01/05/2021,ILM,NC,ASO,EN,Combined TRACON& Tower with Radar,19,28,21,55,123,0,2,3,8,13,19,30,24,63,136,14,44,58,194
01/06/2021,ILM,NC,ASO,EN,Combined TRACON& Tower with Radar,19,16,31,20,86,0,4,35,14,53,19,20,66,34,139,22,28,50,189
01/07/2021,ILM,NC,ASO,EN,Combined TRACON& Tower with Radar,19,14,23,4,60,0,0,31,3,34,19,14,54,7,94,0,0,0,94
01/08/2021,ILM,NC,ASO,EN,Combined TRACON& Tower with Radar,23,25,35,22,105,0,0,4,4,8,23,25,39,26,113,0,20,20,133
01/09/2021,ILM,NC,ASO,EN,Combined TRACON& Tower with Radar,19,20,45,10,94,0,0,37,2,39,19,20,82,12,133,20,16,36,169
01/10/2021,ILM,NC,ASO,EN,Combined TRACON& Tower with Radar,24,18,48,15,105,0,0,54,4,58,24,18,102,19,163,52,20,72,235
01/11/2021,ILM,NC,ASO,EN,Combined TRACON& Tower with Radar,23,26,21,14,84,0,0,21,1,22,23,26,42,15,106,4,22,26,132
01/12/2021,ILM,NC,ASO,EN,Combined TRACON& Tower with Radar,19,17,18,14,68,0,1,1,0,2,19,18,19,14,70,0,0,0,70
01/13/2021,ILM,NC,ASO,EN,Combined TRACON& Tower with Radar,19,16,26,13,74,0,3,35,11,49,19,19,61,24,123,14,12,26,149
01/14/2021,ILM,NC,ASO,EN,Combined TRACON& Tower with Radar,25,27,40,22,114,0,2,36,9,47,25,29,76,31,161,92,16,108,269
01/15/2021,ILM,NC,ASO,EN,Combined TRACON& Tower with Radar,24,22,31,19,96,0,1,27,11,39,24,23,58,30,135,84,18,102,237
01/16/2021,ILM,NC,ASO,EN,Combined TRACON& Tower with Radar,19,23,16,11,69,0,1,11,8,20,19,24,27,19,89,4,0,4,93
01/17/2021,ILM,NC,ASO,EN,Combined TRACON& Tower with Radar,22,11,46,10,89,0,1,82,13,96,22,12,128,23,185,54,2,56,241
01/18/2021,ILM,NC,ASO,EN,Combined TRACON& Tower with Radar,23,24,27,5,79,0,3,31,8,42,23,27,58,13,121,38,0,38,159
01/19/2021,ILM,NC,ASO,EN,Combined TRACON& Tower with Radar,19,11,42,49,121,0,3,45,22,70,19,14,87,71,191,26,76,102,293
01/20/2021,ILM,NC,ASO,EN,Combined TRACON& Tower with Radar,19,10,34,22,85,0,1,33,3,37,19,11,67,25,122,46,26,72,194
01/21/2021,ILM,NC,ASO,EN,Combined TRACON& Tower with Radar,23,24,21,19,87,0,1,32,5,38,23,25,53,24,125,49,12,61,186
01/22/2021,ILM,NC,ASO,EN,Combined TRACON& Tower with Radar,24,30,41,24,119,0,0,62,16,78,24,30,103,40,197,78,38,116,313
01/23/2021,ILM,NC,ASO,EN,Combined TRACON& Tower with Radar,19,9,40,27,95,0,4,42,14,60,19,13,82,41,155,38,10,48,203
01/24/2021,ILM,NC,ASO,EN,Combined TRACON& Tower with Radar,24,17,49,10,100,0,1,73,17,91,24,18,122,27,191,44,16,60,251
01/25/2021,ILM,NC,ASO,EN,Combined TRACON& Tower with Radar,25,22,9,0,56,0,0,0,0,0,25,22,9,0,56,0,0,0,56
01/26/2021,ILM,NC,ASO,EN,Combined TRACON& Tower with Radar,19,10,25,28,82,0,0,0,1,1,19,10,25,29,83,0,48,48,131
01/27/2021,ILM,NC,ASO,EN,Combined TRACON& Tower with Radar,19,7,14,8,48,0,0,1,5,6,19,7,15,13,54,0,0,0,54
01/28/2021,ILM,NC,ASO,EN,Combined TRACON& Tower with Radar,17,32,36,9,94,0,3,15,9,27,17,35,51,18,121,0,6,6,127
01/29/2021,ILM,NC,ASO,EN,Combined TRACON& Tower with Radar,22,28,33,16,99,0,2,66,8,76,22,30,99,24,175,62,20,82,257
01/30/2021,ILM,NC,ASO,EN,Combined TRACON& Tower with Radar,19,16,51,5,91,0,2,94,12,108,19,18,145,17,199,40,0,40,239
01/31/2021,ILM,NC,ASO,EN,Combined TRACON& Tower with Radar,24,16,27,2,69,0,0,1,1,2,24,16,28,3,71,0,0,0,71
02/01/2021,ILM,NC,ASO,EN,Combined TRACON& Tower with Radar,23,19,23,47,112,0,0,0,0,0,23,19,23,47,112,0,0,0,112
02/02/2021,ILM,NC,ASO,EN,Combined TRACON& Tower with Radar,19,15,28,26,88,0,2,33,16,51,19,17,61,42,139,18,79,97,236
02/03/2021,ILM,NC,ASO,EN,Combined TRACON& Tower with Radar,19,17,27,41,104,0,1,45,11,57,19,18,72,52,161,10,70,80,241
02/04/2021,ILM,NC,ASO,EN,Combined TRACON& Tower with Radar,25,25,46,55,151,0,3,83,5,91,25,28,129,60,242,42,68,110,352
02/05/2021,ILM,NC,ASO,EN,Combined TRACON& Tower with Radar,24,28,28,10,90,0,2,0,0,2,24,30,28,10,92,8,12,20,112
02/06/2021,ILM,NC,ASO,EN,Combined TRACON& Tower with Radar,19,26,30,4,79,0,1,49,6,56,19,27,79,10,135,62,0,62,197
02/07/2021,ILM,NC,ASO,EN,Combined TRACON& Tower with Radar,24,11,19,5,59,0,1,8,6,15,24,12,27,11,74,8,0,8,82
02/08/2021,ILM,NC,ASO,EN,Combined TRACON& Tower with Radar,23,31,54,14,122,0,0,47,1,48,23,31,101,15,170,52,8,60,230
02/09/2021,ILM,NC,ASO,EN,Combined TRACON& Tower with Radar,19,18,39,20,96,0,0,21,14,35,19,18,60,34,131,48,18,66,197
02/10/2021,ILM,NC,ASO,EN,Combined TRACON& Tower with Radar,19,23,41,34,117,0,0,21,4,25,19,23,62,38,142,52,4,56,198
02/11/2021,ILM,NC,ASO,EN,Combined TRACON& Tower with Radar,27,24,37,12,100,0,0,0,0,0,27,24,37,12,100,0,0,0,100
02/12/2021,ILM,NC,ASO,EN,Combined TRACON& Tower with Radar,24,38,28,0,90,0,0,0,0,0,24,38,28,0,90,0,0,0,90
02/13/2021,ILM,NC,ASO,EN,Combined TRACON& Tower with Radar,19,22,21,8,70,0,0,0,0,0,19,22,21,8,70,0,0,0,70
02/14/2021,ILM,NC,ASO,EN,Combined TRACON& Tower with Radar,21,30,28,0,79,0,0,0,0,0,21,30,28,0,79,0,0,0,79
02/15/2021,ILM,NC,ASO,EN,Combined TRACON& Tower with Radar,22,24,32,0,78,0,0,0,0,0,22,24,32,0,78,0,0,0,78
02/16/2021,ILM,NC,ASO,EN,Combined TRACON& Tower with Radar,17,12,27,55,111,0,2,28,14,44,17,14,55,69,155,18,42,60,215
02/17/2021,ILM,NC,ASO,EN,Combined TRACON& Tower with Radar,17,29,40,18,104,0,0,41,9,50,17,29,81,27,154,74,12,86,240
02/18/2021,ILM,NC,ASO,EN,Combined TRACON& Tower with Radar,22,20,3,1,46,0,0,0,0,0,22,20,3,1,46,0,0,0,46
02/19/2021,ILM,NC,ASO,EN,Combined TRACON& Tower with Radar,21,26,26,0,73,0,0,0,0,0,21,26,26,0,73,0,0,0,73
02/20/2021,ILM,NC,ASO,EN,Combined TRACON& Tower with Radar,19,26,48,16,109,0,1,90,17,108,19,27,138,33,217,47,0,47,264
02/21/2021,ILM,NC,ASO,EN,Combined TRACON& Tower with Radar,24,18,69,6,117,0,1,72,13,86,24,19,141,19,203,48,10,58,261
02/22/2021,ILM,NC,ASO,EN,Combined TRACON& Tower with Radar,23,22,27,38,110,0,0,4,8,12,23,22,31,46,122,0,18,18,140
02/23/2021,ILM,NC,ASO,EN,Combined TRACON& Tower with Radar,19,26,61,55,161,0,3,63,5,71,19,29,124,60,232,28,18,46,278
02/24/2021,ILM,NC,ASO,EN,Combined TRACON& Tower with Radar,19,19,41,47,126,0,8,59,6,73,19,27,100,53,199,26,0,26,225
02/25/2021,ILM,NC,ASO,EN,Combined TRACON& Tower with Radar,23,36,59,12,130,0,2,69,21,92,23,38,128,33,222,58,20,78,300
02/26/2021,ILM,NC,ASO,EN,Combined TRACON& Tower with Radar,24,34,49,9,116,0,0,8,11,19,24,34,57,20,135,8,20,28,163
02/27/2021,ILM,NC,ASO,EN,Combined TRACON& Tower with Radar,19,22,33,7,81,0,0,42,6,48,19,22,75,13,129,78,8,86,215
02/28/2021,ILM,NC,ASO,EN,Combined TRACON& Tower with Radar,24,23,37,8,92,0,1,17,2,20,24,24,54,10,112,30,0,30,142
03/01/2021,ILM,NC,ASO,EN,Combined TRACON& Tower with Radar,23,20,34,61,138,0,3,14,8,25,23,23,48,69,163,12,43,55,218
03/02/2021,ILM,NC,ASO,EN,Combined TRACON& Tower with Radar,20,23,47,43,133,0,0,49,11,60,20,23,96,54,193,54,38,92,285
03/03/2021,ILM,NC,ASO,EN,Combined TRACON& Tower with Radar,20,21,22,14,77,0,1,26,1,28,20,22,48,15,105,58,8,66,171
03/04/2021,ILM,NC,ASO,EN,Combined TRACON& Tower with Radar,26,38,38,50,152,0,1,75,20,96,26,39,113,70,248,98,84,182,430
03/05/2021,ILM,NC,ASO,EN,Combined TRACON& Tower with Radar,26,24,38,14,102,0,0,56,1,57,26,24,94,15,159,86,26,112,271
03/06/2021,ILM,NC,ASO,EN,Combined TRACON& Tower with Radar,24,30,27,6,87,0,0,60,0,60,24,30,87,6,147,90,14,104,251
03/07/2021,ILM,NC,ASO,EN,Combined TRACON& Tower with Radar,25,28,51,10,114,0,3,66,4,73,25,31,117,14,187,58,0,58,245
03/08/2021,ILM,NC,ASO,EN,Combined TRACON& Tower with Radar,26,20,29,27,102,0,2,52,3,57,26,22,81,30,159,32,24,56,215
03/09/2021,ILM,NC,ASO,EN,Combined TRACON& Tower with Radar,23,20,28,14,85,0,0,61,2,63,23,20,89,16,148,54,0,54,202
03/10/2021,ILM,NC,ASO,EN,Combined TRACON& Tower with Radar,23,20,51,29,123,0,2,56,8,66,23,22,107,37,189,52,27,79,268
03/11/2021,ILM,NC,ASO,EN,Combined TRACON& Tower with Radar,26,26,60,54,166,0,0,54,11,65,26,26,114,65,231,42,44,86,317
03/12/2021,ILM,NC,ASO,EN,Combined TRACON& Tower with Radar,26,30,43,35,134,0,2,43,6,51,26,32,86,41,185,38,14,52,237
03/13/2021,ILM,NC,ASO,EN,Combined TRACON& Tower with Radar,24,27,57,38,146,0,1,58,3,62,24,28,115,41,208,58,16,74,282
03/14/2021,ILM,NC,ASO,EN,Combined TRACON& Tower with Radar,29,28,61,22,140,0,1,70,10,81,29,29,131,32,221,32,0,32,253
03/15/2021,ILM,NC,ASO,EN,Combined TRACON& Tower with Radar,26,19,49,38,132,0,0,30,8,38,26,19,79,46,170,22,0,22,192
03/16/2021,ILM,NC,ASO,EN,Combined TRACON& Tower with Radar,23,19,22,8,72,0,1,0,0,1,23,20,22,8,73,62,0,62,135
03/17/2021,ILM,NC,ASO,EN,Combined TRACON& Tower with Radar,22,22,37,22,103,0,0,7,0,7,22,22,44,22,110,0,0,0,110
03/18/2021,ILM,NC,ASO,EN,Combined TRACON& Tower with Radar,30,26,31,7,94,0,0,0,7,7,30,26,31,14,101,0,10,10,111
03/19/2021,ILM,NC,ASO,EN,Combined TRACON& Tower with Radar,26,29,43,25,123,0,0,5,9,14,26,29,48,34,137,24,0,24,161
03/20/2021,ILM,NC,ASO,EN,Combined TRACON& Tower with Radar,24,35,30,30,119,0,0,11,5,16,24,35,41,35,135,0,0,0,135
03/21/2021,ILM,NC,ASO,EN,Combined TRACON& Tower with Radar,29,24,37,8,98,0,1,17,0,18,29,25,54,8,116,8,2,10,126
03/22/2021,ILM,NC,ASO,EN,Combined TRACON& Tower with Radar,26,36,31,17,110,0,0,5,1,6,26,36,36,18,116,0,0,0,116
03/23/2021,ILM,NC,ASO,EN,Combined TRACON& Tower with Radar,23,18,35,11,87,0,0,15,0,15,23,18,50,11,102,58,0,58,160
03/24/2021,ILM,NC,ASO,EN,Combined TRACON& Tower with Radar,23,21,55,28,127,0,1,16,1,18,23,22,71,29,145,36,0,36,181
03/25/2021,ILM,NC,ASO,EN,Combined TRACON& Tower with Radar,25,30,55,107,217,0,0,52,18,70,25,30,107,125,287,36,78,114,401
03/26/2021,ILM,NC,ASO,EN,Combined TRACON& Tower with Radar,27,35,56,35,153,0,2,17,11,30,27,37,73,46,183,2,26,28,211
03/27/2021,ILM,NC,ASO,EN,Combined TRACON& Tower with Radar,26,32,52,8,118,0,1,41,3,45,26,33,93,11,163,46,0,46,209
03/28/2021,ILM,NC,ASO,EN,Combined TRACON& Tower with Radar,26,26,32,2,86,0,0,9,2,11,26,26,41,4,97,34,0,34,131
03/29/2021,ILM,NC,ASO,EN,Combined TRACON& Tower with Radar,26,29,57,23,135,0,0,58,3,61,26,29,115,26,196,44,36,80,276
03/30/2021,ILM,NC,ASO,EN,Combined TRACON& Tower with Radar,23,18,42,55,138,0,0,61,9,70,23,18,103,64,208,52,18,70,278
03/31/2021,ILM,NC,ASO,EN,Combined TRACON& Tower with Radar,25,30,42,16,113,0,3,12,4,19,25,33,54,20,132,10,0,10,142
04/01/2021,ILM,NC,ASO,EN,Combined TRACON& Tower with Radar,28,37,46,40,151,0,2,15,1,18,28,39,61,41,169,0,10,10,179
04/02/2021,ILM,NC,ASO,EN,Combined TRACON& Tower with Radar,30,29,51,10,120,0,0,47,2,49,30,29,98,12,169,16,0,16,185
04/03/2021,ILM,NC,ASO,EN,Combined TRACON& Tower with Radar,30,25,43,1,99,0,10,78,1,89,30,35,121,2,188,52,0,52,240
04/04/2021,ILM,NC,ASO,EN,Combined TRACON& Tower with Radar,29,24,33,3,89,0,1,48,1,50,29,25,81,4,139,34,0,34,173
04/05/2021,ILM,NC,ASO,EN,Combined TRACON& Tower with Radar,30,30,60,22,142,0,1,75,4,80,30,31,135,26,222,22,46,68,290
04/06/2021,ILM,NC,ASO,EN,Combined TRACON& Tower with Radar,27,22,42,25,116,0,3,65,4,72,27,25,107,29,188,80,22,102,290
04/07/2021,ILM,NC,ASO,EN,Combined TRACON& Tower with Radar,30,23,44,34,131,1,1,49,8,59,31,24,93,42,190,62,24,86,276
04/08/2021,ILM,NC,ASO,EN,Combined TRACON& Tower with Radar,32,29,49,47,157,0,1,46,7,54,32,30,95,54,211,60,54,114,325
04/09/2021,ILM,NC,ASO,EN,Combined TRACON& Tower with Radar,29,33,53,33,148,0,2,49,20,71,29,35,102,53,219,40,62,102,321
04/10/2021,ILM,NC,ASO,EN,Combined TRACON& Tower with Radar,28,32,34,27,121,0,3,22,8,33,28,35,56,35,154,60,0,60,214
04/11/2021,ILM,NC,ASO,EN,Combined TRACON& Tower with Radar,31,36,44,12,123,0,1,40,6,47,31,37,84,18,170,61,0,61,231
04/12/2021,ILM,NC,ASO,EN,Combined TRACON& Tower with Radar,30,25,42,40,137,0,0,45,5,50,30,25,87,45,187,54,50,104,291
04/13/2021,ILM,NC,ASO,EN,Combined TRACON& Tower with Radar,29,19,44,24,116,0,0,43,2,45,29,19,87,26,161,50,4,54,215
04/14/2021,ILM,NC,ASO,EN,Combined TRACON& Tower with Radar,30,24,63,47,164,0,5,43,5,53,30,29,106,52,217,24,44,68,285
04/15/2021,ILM,NC,ASO,EN,Combined TRACON& Tower with Radar,30,23,50,49,152,0,0,24,8,32,30,23,74,57,184,28,38,66,250
04/16/2021,ILM,NC,ASO,EN,Combined TRACON& Tower with Radar,30,32,72,64,198,0,1,69,8,78,30,33,141,72,276,62,40,102,378
04/17/2021,ILM,NC,ASO,EN,Combined TRACON& Tower with Radar,28,23,40,11,102,0,5,55,5,65,28,28,95,16,167,46,6,52,219
04/18/2021,ILM,NC,ASO,EN,Combined TRACON& Tower with Radar,29,31,45,9,114,0,1,57,10,68,29,32,102,19,182,48,0,48,230
04/19/2021,ILM,NC,ASO,EN,Combined TRACON& Tower with Radar,30,19,48,39,136,0,2,16,3,21,30,21,64,42,157,22,10,32,189
04/20/2021,ILM,NC,ASO,EN,Combined TRACON& Tower with Radar,28,24,42,28,122,0,0,50,4,54,28,24,92,32,176,64,24,88,264
04/21/2021,ILM,NC,ASO,EN,Combined TRACON& Tower with Radar,29,32,39,49,149,0,1,19,8,28,29,33,58,57,177,2,25,27,204
04/22/2021,ILM,NC,ASO,EN,Combined TRACON& Tower with Radar,30,25,60,42,157,0,2,48,14,64,30,27,108,56,221,88,6,94,315
04/23/2021,ILM,NC,ASO,EN,Combined TRACON& Tower with Radar,29,31,38,18,116,0,0,59,14,73,29,31,97,32,189,10,0,10,199
04/24/2021,ILM,NC,ASO,EN,Combined TRACON& Tower with Radar,27,22,24,15,88,0,1,16,5,22,27,23,40,20,110,32,2,34,144
04/25/2021,ILM,NC,ASO,EN,Combined TRACON& Tower with Radar,29,33,49,13,124,0,0,25,3,28,29,33,74,16,152,68,2,70,222
04/26/2021,ILM,NC,ASO,EN,Combined TRACON& Tower with Radar,30,23,35,27,115,0,1,61,8,70,30,24,96,35,185,66,16,82,267
04/27/2021,ILM,NC,ASO,EN,Combined TRACON& Tower with Radar,29,22,46,9,106,0,2,29,12,43,29,24,75,21,149,40,0,40,189
04/28/2021,ILM,NC,ASO,EN,Combined TRACON& Tower with Radar,30,28,40,15,113,0,3,55,7,65,30,31,95,22,178,22,12,34,212
04/29/2021,ILM,NC,ASO,EN,Combined TRACON& Tower with Radar,30,32,56,29,147,0,3,21,8,32,30,35,77,37,179,24,44,68,247
04/30/2021,ILM,NC,ASO,EN,Combined TRACON& Tower with Radar,30,27,41,18,116,0,3,16,10,29,30,30,57,28,145,12,12,24,169
05/01/2021,ILM,NC,ASO,EN,Combined TRACON& Tower with Radar,30,24,47,30,131,0,3,69,18,90,30,27,116,48,221,10,14,24,245
05/02/2021,ILM,NC,ASO,EN,Combined TRACON& Tower with Radar,29,24,62,4,119,0,3,69,5,77,29,27,131,9,196,68,0,68,264
05/03/2021,ILM,NC,ASO,EN,Combined TRACON& Tower with Radar,27,20,35,17,99,0,0,4,3,7,27,20,39,20,106,30,4,34,140
05/04/2021,ILM,NC,ASO,EN,Combined TRACON& Tower with Radar,33,18,35,20,106,0,0,29,12,41,33,18,64,32,147,36,18,54,201
05/05/2021,ILM,NC,ASO,EN,Combined TRACON& Tower with Radar,29,28,40,21,118,0,0,8,10,18,29,28,48,31,136,22,4,26,162
05/06/2021,ILM,NC,ASO,EN,Combined TRACON& Tower with Radar,33,39,58,20,150,0,2,43,1,46,33,41,101,21,196,100,26,126,322
05/07/2021,ILM,NC,ASO,EN,Combined TRACON& Tower with Radar,39,29,43,18,129,0,0,18,1,19,39,29,61,19,148,76,4,80,228
05/08/2021,ILM,NC,ASO,EN,Combined TRACON& Tower with Radar,32,45,44,24,145,0,2,57,3,62,32,47,101,27,207,38,16,54,261
05/09/2021,ILM,NC,ASO,EN,Combined TRACON& Tower with Radar,34,34,48,15,131,0,22,47,2,71,34,56,95,17,202,42,0,42,244
05/10/2021,ILM,NC,ASO,EN,Combined TRACON& Tower with Radar,33,26,52,23,134,0,3,13,1,17,33,29,65,24,151,16,0,16,167
05/11/2021,ILM,NC,ASO,EN,Combined TRACON& Tower with Radar,32,33,54,61,180,0,5,19,2,26,32,38,73,63,206,6,0,6,212
05/12/2021,ILM,NC,ASO,EN,Combined TRACON& Tower with Radar,33,29,38,2,102,0,0,2,0,2,33,29,40,2,104,0,0,0,104
05/13/2021,ILM,NC,ASO,EN,Combined TRACON& Tower with Radar,35,38,26,36,135,0,5,35,6,46,35,43,61,42,181,58,10,68,249
05/14/2021,ILM,NC,ASO,EN,Combined TRACON& Tower with Radar,34,38,54,16,142,0,5,52,7,64,34,43,106,23,206,70,2,72,278
05/15/2021,ILM,NC,ASO,EN,Combined TRACON& Tower with Radar,31,24,48,14,117,0,11,91,2,104,31,35,139,16,221,38,0,38,259
05/16/2021,ILM,NC,ASO,EN,Combined TRACON& Tower with Radar,34,37,47,3,121,0,11,69,1,81,34,48,116,4,202,64,0,64,266
05/17/2021,ILM,NC,ASO,EN,Combined TRACON& Tower with Radar,35,22,37,17,111,0,4,34,9,47,35,26,71,26,158,24,42,66,224
05/18/2021,ILM,NC,ASO,EN,Combined TRACON& Tower with Radar,31,34,53,39,157,0,3,44,5,52,31,37,97,44,209,22,6,28,237
05/19/2021,ILM,NC,ASO,EN,Combined TRACON& Tower with Radar,32,32,44,11,119,0,6,42,8,56,32,38,86,19,175,36,14,50,225
05/20/2021,ILM,NC,ASO,EN,Combined TRACON& Tower with Radar,34,30,48,17,129,0,2,53,3,58,34,32,101,20,187,52,12,64,251
05/21/2021,ILM,NC,ASO,EN,Combined TRACON& Tower with Radar,36,37,49,23,145,0,6,69,11,86,36,43,118,34,231,26,20,46,277
05/22/2021,ILM,NC,ASO,EN,Combined TRACON& Tower with Radar,34,28,48,13,123,0,1,65,1,67,34,29,113,14,190,34,0,34,224
05/23/2021,ILM,NC,ASO,EN,Combined TRACON& Tower with Radar,33,38,39,4,114,0,2,60,3,65,33,40,99,7,179,61,2,63,242
05/24/2021,ILM,NC,ASO,EN,Combined TRACON& Tower with Radar,33,42,47,9,131,0,1,46,5,52,33,43,93,14,183,28,18,46,229
05/25/2021,ILM,NC,ASO,EN,Combined TRACON& Tower with Radar,31,38,55,31,155,0,2,41,7,50,31,40,96,38,205,56,18,74,279
05/26/2021,ILM,NC,ASO,EN,Combined TRACON& Tower with Radar,32,45,48,7,132,0,4,46,3,53,32,49,94,10,185,64,8,72,257
05/27/2021,ILM,NC,ASO,EN,Combined TRACON& Tower with Radar,36,44,51,24,155,0,3,40,13,56,36,47,91,37,211,14,8,22,233
05/28/2021,ILM,NC,ASO,EN,Combined TRACON& Tower with Radar,35,34,52,25,146,0,1,48,5,54,35,35,100,30,200,8,6,14,214
05/29/2021,ILM,NC,ASO,EN,Combined TRACON& Tower with Radar,35,28,27,4,94,0,1,36,0,37,35,29,63,4,131,26,0,26,157
05/30/2021,ILM,NC,ASO,EN,Combined TRACON& Tower with Radar,30,22,25,2,79,0,0,8,0,8,30,22,33,2,87,12,0,12,99
05/31/2021,ILM,NC,ASO,EN,Combined TRACON& Tower with Radar,32,44,64,1,141,0,1,78,0,79,32,45,142,1,220,78,0,78,298
06/01/2021,ILM,NC,ASO,EN,Combined TRACON& Tower with Radar,31,30,68,48,177,0,5,40,9,54,31,35,108,57,231,36,52,88,319
06/02/2021,ILM,NC,ASO,EN,Combined TRACON& Tower with Radar,33,29,51,21,134,0,0,13,2,15,33,29,64,23,149,52,6,58,207
06/03/2021,ILM,NC,ASO,EN,Combined TRACON& Tower with Radar,33,32,32,11,108,0,0,2,4,6,33,32,34,15,114,10,2,12,126
06/04/2021,ILM,NC,ASO,EN,Combined TRACON& Tower with Radar,39,26,45,3,113,0,0,3,5,8,39,26,48,8,121,0,0,0,121
06/05/2021,ILM,NC,ASO,EN,Combined TRACON& Tower with Radar,43,29,34,0,106,0,0,56,6,62,43,29,90,6,168,76,0,76,244
06/06/2021,ILM,NC,ASO,EN,Combined TRACON& Tower with Radar,39,29,31,0,99,0,0,7,4,11,39,29,38,4,110,68,0,68,178
06/07/2021,ILM,NC,ASO,EN,Combined TRACON& Tower with Radar,36,30,30,12,108,0,1,7,10,18,36,31,37,22,126,37,22,59,185
06/08/2021,ILM,NC,ASO,EN,Combined TRACON& Tower with Radar,35,26,27,4,92,0,3,43,2,48,35,29,70,6,140,46,4,50,190
06/09/2021,ILM,NC,ASO,EN,Combined TRACON& Tower with Radar,38,32,51,8,129,0,0,16,3,19,38,32,67,11,148,44,0,44,192
06/10/2021,ILM,NC,ASO,EN,Combined TRACON& Tower with Radar,37,38,51,1,127,0,0,26,5,31,37,38,77,6,158,28,6,34,192
06/11/2021,ILM,NC,ASO,EN,Combined TRACON& Tower with Radar,39,40,43,33,155,0,1,25,6,32,39,41,68,39,187,42,6,48,235
06/12/2021,ILM,NC,ASO,EN,Combined TRACON& Tower with Radar,41,25,39,14,119,0,0,4,5,9,41,25,43,19,128,4,0,4,132
06/13/2021,ILM,NC,ASO,EN,Combined TRACON& Tower with Radar,39,30,73,5,147,0,0,27,2,29,39,30,100,7,176,70,0,70,246
06/14/2021,ILM,NC,ASO,EN,Combined TRACON& Tower with Radar,37,26,53,30,146,0,3,52,4,59,37,29,105,34,205,52,32,84,289
06/15/2021,ILM,NC,ASO,EN,Combined TRACON& Tower with Radar,29,34,59,25,147,0,2,26,6,34,29,36,85,31,181,0,6,6,187
06/16/2021,ILM,NC,ASO,EN,Combined TRACON& Tower with Radar,30,27,45,9,111,0,3,75,5,83,30,30,120,14,194,28,46,74,268
06/17/2021,ILM,NC,ASO,EN,Combined TRACON& Tower with Radar,39,35,59,1,134,0,3,88,5,96,39,38,147,6,230,48,22,70,300
06/18/2021,ILM,NC,ASO,EN,Combined TRACON& Tower with Radar,39,37,58,20,154,0,1,49,12,62,39,38,107,32,216,60,30,90,306
06/19/2021,ILM,NC,ASO,EN,Combined TRACON& Tower with Radar,43,44,50,9,146,0,1,56,9,66,43,45,106,18,212,32,2,34,246
06/20/2021,ILM,NC,ASO,EN,Combined TRACON& Tower with Radar,39,21,36,11,107,0,1,6,0,7,39,22,42,11,114,0,0,0,114
06/21/2021,ILM,NC,ASO,EN,Combined TRACON& Tower with Radar,39,24,50,19,132,0,2,37,10,49,39,26,87,29,181,22,40,62,243
06/22/2021,ILM,NC,ASO,EN,Combined TRACON& Tower with Radar,35,30,37,1,103,0,0,5,0,5,35,30,42,1,108,0,0,0,108
06/23/2021,ILM,NC,ASO,EN,Combined TRACON& Tower with Radar,37,22,45,22,126,0,1,42,9,52,37,23,87,31,178,72,0,72,250
06/24/2021,ILM,NC,ASO,EN,Combined TRACON& Tower with Radar,37,38,65,48,188,0,2,81,11,94,37,40,146,59,282,70,38,108,390
06/25/2021,ILM,NC,ASO,EN,Combined TRACON& Tower with Radar,39,30,43,24,136,0,1,9,16,26,39,31,52,40,162,28,0,28,190
06/26/2021,ILM,NC,ASO,EN,Combined TRACON& Tower with Radar,41,25,46,16,128,0,2,32,8,42,41,27,78,24,170,90,0,90,260
06/27/2021,ILM,NC,ASO,EN,Combined TRACON& Tower with Radar,39,30,66,15,150,0,1,65,5,71,39,31,131,20,221,36,0,36,257
06/28/2021,ILM,NC,ASO,EN,Combined TRACON& Tower with Radar,38,37,48,8,131,0,3,9,1,13,38,40,57,9,144,6,0,6,150
06/29/2021,ILM,NC,ASO,EN,Combined TRACON& Tower with Radar,35,33,60,27,155,0,2,37,8,47,35,35,97,35,202,30,16,46,248
06/30/2021,ILM,NC,ASO,EN,Combined TRACON& Tower with Radar,36,35,55,64,190,0,3,38,18,59,36,38,93,82,249,59,46,105,354
07/01/2021,ILM,NC,ASO,EN,Combined TRACON& Tower with Radar,41,32,59,8,140,0,3,37,5,45,41,35,96,13,185,22,0,22,207
07/02/2021,ILM,NC,ASO,EN,Combined TRACON& Tower with Radar,40,34,25,1,100,0,0,2,2,4,40,34,27,3,104,0,14,14,118
07/03/2021,ILM,NC,ASO,EN,Combined TRACON& Tower with Radar,43,24,37,0,104,0,0,59,2,61,43,24,96,2,165,39,0,39,204
07/04/2021,ILM,NC,ASO,EN,Combined TRACON& Tower with Radar,32,16,21,0,69,0,2,41,0,43,32,18,62,0,112,6,0,6,118
07/05/2021,ILM,NC,ASO,EN,Combined TRACON& Tower with Radar,41,27,60,0,128,0,3,63,0,66,41,30,123,0,194,90,0,90,284
07/06/2021,ILM,NC,ASO,EN,Combined TRACON& Tower with Radar,35,30,44,13,122,0,4,81,10,95,35,34,125,23,217,75,9,84,301
07/07/2021,ILM,NC,ASO,EN,Combined TRACON& Tower with Radar,36,32,36,10,114,0,0,16,5,21,36,32,52,15,135,30,0,30,165
07/08/2021,ILM,NC,ASO,EN,Combined TRACON& Tower with Radar,45,26,9,0,80,0,0,0,2,2,45,26,9,2,82,0,0,0,82
07/09/2021,ILM,NC,ASO,EN,Combined TRACON& Tower with Radar,45,37,48,47,177,0,1,45,22,68,45,38,93,69,245,16,67,83,328
07/10/2021,ILM,NC,ASO,EN,Combined TRACON& Tower with Radar,42,24,62,14,142,0,2,81,1,84,42,26,143,15,226,42,0,42,268
07/11/2021,ILM,NC,ASO,EN,Combined TRACON& Tower with Radar,40,28,50,8,126,0,1,27,3,31,40,29,77,11,157,34,0,34,191
07/12/2021,ILM,NC,ASO,EN,Combined TRACON& Tower with Radar,39,23,40,54,156,0,2,44,10,56,39,25,84,64,212,18,42,60,272
07/13/2021,ILM,NC,ASO,EN,Combined TRACON& Tower with Radar,34,32,52,13,131,0,2,35,5,42,34,34,87,18,173,18,0,18,191
07/14/2021,ILM,NC,ASO,EN,Combined TRACON& Tower with Radar,40,28,72,28,168,0,2,43,8,53,40,30,115,36,221,40,40,80,301
07/15/2021,ILM,NC,ASO,EN,Combined TRACON& Tower with Radar,41,37,50,20,148,0,2,53,8,63,41,39,103,28,211,26,10,36,247
07/16/2021,ILM,NC,ASO,EN,Combined TRACON& Tower with Radar,39,35,56,10,140,0,2,60,7,69,39,37,116,17,209,36,0,36,245
07/17/2021,ILM,NC,ASO,EN,Combined TRACON& Tower with Radar,42,25,50,21,138,0,1,68,3,72,42,26,118,24,210,72,0,72,282
07/18/2021,ILM,NC,ASO,EN,Combined TRACON& Tower with Radar,37,24,58,8,127,0,0,43,1,44,37,24,101,9,171,30,0,30,201
07/19/2021,ILM,NC,ASO,EN,Combined TRACON& Tower with Radar,38,26,39,0,103,0,0,1,0,1,38,26,40,0,104,0,0,0,104
07/20/2021,ILM,NC,ASO,EN,Combined TRACON& Tower with Radar,33,38,43,19,133,0,2,17,3,22,33,40,60,22,155,64,0,64,219
07/21/2021,ILM,NC,ASO,EN,Combined TRACON& Tower with Radar,37,31,47,11,126,0,3,33,12,48,37,34,80,23,174,35,0,35,209
07/22/2021,ILM,NC,ASO,EN,Combined TRACON& Tower with Radar,41,48,56,22,167,0,5,47,6,58,41,53,103,28,225,20,18,38,263
07/23/2021,ILM,NC,ASO,EN,Combined TRACON& Tower with Radar,39,28,30,13,110,0,2,50,19,71,39,30,80,32,181,50,0,50,231
07/24/2021,ILM,NC,ASO,EN,Combined TRACON& Tower with Radar,43,27,40,20,130,0,2,93,2,97,43,29,133,22,227,60,0,60,287
07/25/2021,ILM,NC,ASO,EN,Combined TRACON& Tower with Radar,38,24,57,8,127,0,2,67,3,72,38,26,124,11,199,86,0,86,285
07/26/2021,ILM,NC,ASO,EN,Combined TRACON& Tower with Radar,38,30,34,37,139,0,0,35,3,38,38,30,69,40,177,34,12,46,223
07/27/2021,ILM,NC,ASO,EN,Combined TRACON& Tower with Radar,33,31,44,20,128,0,1,32,9,42,33,32,76,29,170,41,4,45,215
07/28/2021,ILM,NC,ASO,EN,Combined TRACON& Tower with Radar,40,28,37,9,114,0,2,36,7,45,40,30,73,16,159,86,0,86,245
07/29/2021,ILM,NC,ASO,EN,Combined TRACON& Tower with Radar,39,45,58,18,160,0,2,81,2,85,39,47,139,20,245,36,19,55,300
07/30/2021,ILM,NC,ASO,EN,Combined TRACON& Tower with Radar,38,29,53,32,152,0,3,43,12,58,38,32,96,44,210,44,2,46,256
07/31/2021,ILM,NC,ASO,EN,Combined TRACON& Tower with Radar,43,32,39,11,125,0,0,37,5,42,43,32,76,16,167,60,0,60,227
08/01/2021,ILM,NC,ASO,EN,Combined TRACON& Tower with Radar,41,29,50,8,128,0,1,21,3,25,41,30,71,11,153,58,0,58,211
08/02/2021,ILM,NC,ASO,EN,Combined TRACON& Tower with Radar,36,34,49,15,134,0,2,44,7,53,36,36,93,22,187,44,22,66,253
08/03/2021,ILM,NC,ASO,EN,Combined TRACON& Tower with Radar,30,28,22,1,81,0,0,0,0,0,30,28,22,1,81,0,0,0,81
08/04/2021,ILM,NC,ASO,EN,Combined TRACON& Tower with Radar,33,38,28,4,103,0,0,2,0,2,33,38,30,4,105,0,0,0,105
08/05/2021,ILM,NC,ASO,EN,Combined TRACON& Tower with Radar,39,26,45,15,125,0,1,19,6,26,39,27,64,21,151,4,30,34,185
08/06/2021,ILM,NC,ASO,EN,Combined TRACON& Tower with Radar,39,32,40,26,137,0,2,8,0,10,39,34,48,26,147,10,0,10,157
08/07/2021,ILM,NC,ASO,EN,Combined TRACON& Tower with Radar,39,22,27,15,103,0,0,7,1,8,39,22,34,16,111,0,0,0,111
08/08/2021,ILM,NC,ASO,EN,Combined TRACON& Tower with Radar,38,28,31,31,128,0,1,72,1,74,38,29,103,32,202,68,0,68,270
08/09/2021,ILM,NC,ASO,EN,Combined TRACON& Tower with Radar,39,23,37,3,102,0,0,68,1,69,39,23,105,4,171,60,0,60,231
08/10/2021,ILM,NC,ASO,EN,Combined TRACON& Tower with Radar,29,22,48,32,131,1,1,45,5,52,30,23,93,37,183,82,10,92,275
08/11/2021,ILM,NC,ASO,EN,Combined TRACON& Tower with Radar,34,23,43,72,172,0,2,60,11,73,34,25,103,83,245,24,30,54,299
08/12/2021,ILM,NC,ASO,EN,Combined TRACON& Tower with Radar,38,34,39,34,145,0,1,57,12,70,38,35,96,46,215,33,32,65,280
08/13/2021,ILM,NC,ASO,EN,Combined TRACON& Tower with Radar,38,31,47,52,168,0,3,46,7,56,38,34,93,59,224,30,16,46,270
08/14/2021,ILM,NC,ASO,EN,Combined TRACON& Tower with Radar,41,17,37,27,122,1,1,70,11,83,42,18,107,38,205,110,0,110,315
08/15/2021,ILM,NC,ASO,EN,Combined TRACON& Tower with Radar,38,30,49,34,151,0,0,19,5,24,38,30,68,39,175,74,0,74,249
08/16/2021,ILM,NC,ASO,EN,Combined TRACON& Tower with Radar,41,33,38,26,138,0,1,24,3,28,41,34,62,29,166,39,16,55,221
08/17/2021,ILM,NC,ASO,EN,Combined TRACON& Tower with Radar,26,30,43,7,106,0,2,15,4,21,26,32,58,11,127,2,0,2,129
08/18/2021,ILM,NC,ASO,EN,Combined TRACON& Tower with Radar,32,37,36,10,115,0,4,38,6,48,32,41,74,16,163,102,0,102,265
08/19/2021,ILM,NC,ASO,EN,Combined TRACON& Tower with Radar,35,34,59,46,174,0,2,32,14,48,35,36,91,60,222,61,68,129,351
08/20/2021,ILM,NC,ASO,EN,Combined TRACON& Tower with Radar,38,29,53,30,150,0,0,16,14,30,38,29,69,44,180,0,6,6,186
08/21/2021,ILM,NC,ASO,EN,Combined TRACON& Tower with Radar,33,21,55,3,112,0,0,33,0,33,33,21,88,3,145,52,0,52,197
08/22/2021,ILM,NC,ASO,EN,Combined TRACON& Tower with Radar,35,25,24,8,92,0,0,37,2,39,35,25,61,10,131,30,0,30,161
08/23/2021,ILM,NC,ASO,EN,Combined TRACON& Tower with Radar,24,18,33,0,75,0,1,19,0,20,24,19,52,0,95,2,0,2,97
08/24/2021,ILM,NC,ASO,EN,Combined TRACON& Tower with Radar,28,33,21,7,89,0,5,34,8,47,28,38,55,15,136,28,12,40,176
08/25/2021,ILM,NC,ASO,EN,Combined TRACON& Tower with Radar,28,33,47,15,123,0,0,27,14,41,28,33,74,29,164,16,12,28,192
08/26/2021,ILM,NC,ASO,EN,Combined TRACON& Tower with Radar,37,37,52,43,169,0,5,53,5,63,37,42,105,48,232,38,44,82,314
08/27/2021,ILM,NC,ASO,EN,Combined TRACON& Tower with Radar,35,26,45,34,140,0,2,24,5,31,35,28,69,39,171,32,0,32,203
08/28/2021,ILM,NC,ASO,EN,Combined TRACON& Tower with Radar,35,19,27,42,123,0,3,72,7,82,35,22,99,49,205,40,0,40,245
08/29/2021,ILM,NC,ASO,EN,Combined TRACON& Tower with Radar,37,23,43,23,126,0,0,51,10,61,37,23,94,33,187,60,0,60,247
08/30/2021,ILM,NC,ASO,EN,Combined TRACON& Tower with Radar,34,32,26,24,116,0,1,17,6,24,34,33,43,30,140,18,36,54,194
08/31/2021,ILM,NC,ASO,EN,Combined TRACON& Tower with Radar,29,23,27,32,111,0,3,38,12,53,29,26,65,44,164,0,54,54,218
09/01/2021,ILM,NC,ASO,EN,Combined TRACON& Tower with Radar,26,34,17,4,81,0,0,3,0,3,26,34,20,4,84,6,0,6,90
09/02/2021,ILM,NC,ASO,EN,Combined TRACON& Tower with Radar,36,32,59,12,139,0,3,35,2,40,36,35,94,14,179,56,6,62,241
09/03/2021,ILM,NC,ASO,EN,Combined TRACON& Tower with Radar,35,37,59,0,131,0,2,66,6,74,35,39,125,6,205,36,0,36,241
09/04/2021,ILM,NC,ASO,EN,Combined TRACON& Tower with Radar,34,23,45,0,102,0,1,74,7,82,34,24,119,7,184,24,0,24,208
09/05/2021,ILM,NC,ASO,EN,Combined TRACON& Tower with Radar,27,24,32,1,84,0,0,57,4,61,27,24,89,5,145,10,0,10,155
09/06/2021,ILM,NC,ASO,EN,Combined TRACON& Tower with Radar,30,35,57,9,131,0,2,38,1,41,30,37,95,10,172,52,0,52,224
09/07/2021,ILM,NC,ASO,EN,Combined TRACON& Tower with Radar,30,31,61,9,131,0,2,11,3,16,30,33,72,12,147,28,20,48,195
09/08/2021,ILM,NC,ASO,EN,Combined TRACON& Tower with Radar,29,29,45,15,118,0,1,22,1,24,29,30,67,16,142,34,16,50,192
09/09/2021,ILM,NC,ASO,EN,Combined TRACON& Tower with Radar,31,23,25,4,83,0,1,6,1,8,31,24,31,5,91,0,8,8,99
09/10/2021,ILM,NC,ASO,EN,Combined TRACON& Tower with Radar,32,32,39,23,126,0,2,39,9,50,32,34,78,32,176,60,6,66,242
09/11/2021,ILM,NC,ASO,EN,Combined TRACON& Tower with Radar,30,19,46,42,137,0,0,65,11,76,30,19,111,53,213,36,56,92,305
09/12/2021,ILM,NC,ASO,EN,Combined TRACON& Tower with Radar,32,26,59,4,121,0,4,57,4,65,32,30,116,8,186,52,10,62,248
09/13/2021,ILM,NC,ASO,EN,Combined TRACON& Tower with Radar,32,27,32,49,140,0,1,54,13,68,32,28,86,62,208,46,38,84,292
09/14/2021,ILM,NC,ASO,EN,Combined TRACON& Tower with Radar,31,20,40,44,135,0,3,49,17,69,31,23,89,61,204,30,62,92,296
09/15/2021,ILM,NC,ASO,EN,Combined TRACON& Tower with Radar,31,23,41,117,212,0,3,29,16,48,31,26,70,133,260,48,56,104,364
09/16/2021,ILM,NC,ASO,EN,Combined TRACON& Tower with Radar,33,21,25,64,143,0,2,18,17,37,33,23,43,81,180,36,20,56,236
09/17/2021,ILM,NC,ASO,EN,Combined TRACON& Tower with Radar,38,25,68,42,173,0,2,13,13,28,38,27,81,55,201,12,20,32,233
09/18/2021,ILM,NC,ASO,EN,Combined TRACON& Tower with Radar,32,16,52,10,110,0,0,57,6,63,32,16,109,16,173,38,2,40,213
09/19/2021,ILM,NC,ASO,EN,Combined TRACON& Tower with Radar,34,26,61,19,140,0,2,63,4,69,34,28,124,23,209,86,0,86,295
09/20/2021,ILM,NC,ASO,EN,Combined TRACON& Tower with Radar,33,23,59,14,129,0,2,14,4,20,33,25,73,18,149,10,0,10,159
09/21/2021,ILM,NC,ASO,EN,Combined TRACON& Tower with Radar,33,24,28,3,88,0,0,0,0,0,33,24,28,3,88,0,0,0,88
09/22/2021,ILM,NC,ASO,EN,Combined TRACON& Tower with Radar,30,29,22,9,90,0,0,2,1,3,30,29,24,10,93,0,0,0,93
09/23/2021,ILM,NC,ASO,EN,Combined TRACON& Tower with Radar,32,34,43,16,125,0,1,14,10,25,32,35,57,26,150,16,14,30,180
09/24/2021,ILM,NC,ASO,EN,Combined TRACON& Tower with Radar,32,28,51,27,138,0,1,77,11,89,32,29,128,38,227,64,8,72,299
09/25/2021,ILM,NC,ASO,EN,Combined TRACON& Tower with Radar,30,25,54,11,120,0,0,66,13,79,30,25,120,24,199,60,2,62,261
09/26/2021,ILM,NC,ASO,EN,Combined TRACON& Tower with Radar,33,24,68,10,135,0,2,66,9,77,33,26,134,19,212,50,0,50,262
09/27/2021,ILM,NC,ASO,EN,Combined TRACON& Tower with Radar,36,34,43,20,133,0,4,43,9,56,36,38,86,29,189,50,0,50,239
09/28/2021,ILM,NC,ASO,EN,Combined TRACON& Tower with Radar,30,21,37,15,103,0,2,41,12,55,30,23,78,27,158,30,14,44,202
09/29/2021,ILM,NC,ASO,EN,Combined TRACON& Tower with Radar,30,35,37,13,115,0,5,56,3,64,30,40,93,16,179,28,0,28,207
09/30/2021,ILM,NC,ASO,EN,Combined TRACON& Tower with Radar,34,30,58,24,146,0,4,32,9,45,34,34,90,33,191,32,6,38,229
10/01/2021,ILM,NC,ASO,EN,Combined TRACON& Tower with Radar,35,44,63,3,145,0,2,50,13,65,35,46,113,16,210,40,4,44,254
10/02/2021,ILM,NC,ASO,EN,Combined TRACON& Tower with Radar,30,32,27,4,93,0,2,55,4,61,30,34,82,8,154,56,0,56,210
10/03/2021,ILM,NC,ASO,EN,Combined TRACON& Tower with Radar,33,23,60,10,126,0,0,41,2,43,33,23,101,12,169,58,0,58,227
10/04/2021,ILM,NC,ASO,EN,Combined TRACON& Tower with Radar,32,44,37,10,123,0,5,22,1,28,32,49,59,11,151,34,4,38,189
10/05/2021,ILM,NC,ASO,EN,Combined TRACON& Tower with Radar,29,32,44,14,119,0,3,33,9,45,29,35,77,23,164,4,36,40,204
10/06/2021,ILM,NC,ASO,EN,Combined TRACON& Tower with Radar,29,26,32,50,137,0,1,23,13,37,29,27,55,63,174,20,32,52,226
10/07/2021,ILM,NC,ASO,EN,Combined TRACON& Tower with Radar,30,28,48,1,107,0,2,11,3,16,30,30,59,4,123,42,0,42,165
10/08/2021,ILM,NC,ASO,EN,Combined TRACON& Tower with Radar,31,26,49,0,106,0,1,3,1,5,31,27,52,1,111,12,0,12,123
10/09/2021,ILM,NC,ASO,EN,Combined TRACON& Tower with Radar,27,25,23,0,75,0,0,1,0,1,27,25,24,0,76,0,0,0,76
10/10/2021,ILM,NC,ASO,EN,Combined TRACON& Tower with Radar,29,32,36,2,99,0,0,3,0,3,29,32,39,2,102,5,0,5,107
10/11/2021,ILM,NC,ASO,EN,Combined TRACON& Tower with Radar,27,28,50,1,106,0,1,4,0,5,27,29,54,1,111,22,0,22,133
10/12/2021,ILM,NC,ASO,EN,Combined TRACON& Tower with Radar,26,20,71,6,123,0,1,11,3,15,26,21,82,9,138,58,0,58,196
10/13/2021,ILM,NC,ASO,EN,Combined TRACON& Tower with Radar,27,32,48,51,158,0,0,39,12,51,27,32,87,63,209,42,61,103,312
10/14/2021,ILM,NC,ASO,EN,Combined TRACON& Tower with Radar,29,38,65,18,150,0,5,56,11,72,29,43,121,29,222,38,6,44,266
10/15/2021,ILM,NC,ASO,EN,Combined TRACON& Tower with Radar,28,32,66,17,143,0,3,52,11,66,28,35,118,28,209,29,12,41,250
10/16/2021,ILM,NC,ASO,EN,Combined TRACON& Tower with Radar,26,30,37,3,96,0,2,71,7,80,26,32,108,10,176,34,0,34,210
10/17/2021,ILM,NC,ASO,EN,Combined TRACON& Tower with Radar,28,36,58,0,122,0,2,68,2,72,28,38,126,2,194,64,0,64,258
10/18/2021,ILM,NC,ASO,EN,Combined TRACON& Tower with Radar,28,26,44,11,109,0,3,43,3,49,28,29,87,14,158,14,38,52,210
10/19/2021,ILM,NC,ASO,EN,Combined TRACON& Tower with Radar,27,25,60,21,133,0,1,48,12,61,27,26,108,33,194,52,6,58,252
10/20/2021,ILM,NC,ASO,EN,Combined TRACON& Tower with Radar,27,32,47,29,135,0,1,51,12,64,27,33,98,41,199,56,42,98,297
10/21/2021,ILM,NC,ASO,EN,Combined TRACON& Tower with Radar,27,45,59,53,184,0,3,60,8,71,27,48,119,61,255,34,56,90,345
10/22/2021,ILM,NC,ASO,EN,Combined TRACON& Tower with Radar,27,33,49,19,128,0,3,33,5,41,27,36,82,24,169,26,4,30,199
10/23/2021,ILM,NC,ASO,EN,Combined TRACON& Tower with Radar,27,29,51,6,113,0,1,50,10,61,27,30,101,16,174,36,0,36,210
10/24/2021,ILM,NC,ASO,EN,Combined TRACON& Tower with Radar,27,40,52,8,127,0,1,58,9,68,27,41,110,17,195,70,8,78,273
10/25/2021,ILM,NC,ASO,EN,Combined TRACON& Tower with Radar,28,33,34,7,102,0,2,13,1,16,28,35,47,8,118,68,0,68,186
10/26/2021,ILM,NC,ASO,EN,Combined TRACON& Tower with Radar,27,38,29,53,147,0,1,20,12,33,27,39,49,65,180,4,26,30,210
10/27/2021,ILM,NC,ASO,EN,Combined TRACON& Tower with Radar,27,30,48,36,141,0,1,50,9,60,27,31,98,45,201,48,22,70,271
10/28/2021,ILM,NC,ASO,EN,Combined TRACON& Tower with Radar,30,49,52,20,151,0,0,25,2,27,30,49,77,22,178,24,0,24,202
10/29/2021,ILM,NC,ASO,EN,Combined TRACON& Tower with Radar,30,38,28,26,122,0,1,8,6,15,30,39,36,32,137,20,10,30,167
10/30/2021,ILM,NC,ASO,EN,Combined TRACON& Tower with Radar,27,32,28,8,95,0,2,58,14,74,27,34,86,22,169,56,0,56,225
10/31/2021,ILM,NC,ASO,EN,Combined TRACON& Tower with Radar,30,27,53,2,112,0,1,45,0,46,30,28,98,2,158,23,0,23,181
11/01/2021,ILM,NC,ASO,EN,Combined TRACON& Tower with Radar,31,30,38,62,161,0,2,51,4,57,31,32,89,66,218,60,52,112,330
11/02/2021,ILM,NC,ASO,EN,Combined TRACON& Tower with Radar,28,17,36,83,164,0,2,52,9,63,28,19,88,92,227,24,74,98,325
11/03/2021,ILM,NC,ASO,EN,Combined TRACON& Tower with Radar,31,30,22,52,135,0,3,42,6,51,31,33,64,58,186,86,26,112,298
11/04/2021,ILM,NC,ASO,EN,Combined TRACON& Tower with Radar,29,34,43,16,122,0,4,28,10,42,29,38,71,26,164,16,8,24,188
11/05/2021,ILM,NC,ASO,EN,Combined TRACON& Tower with Radar,29,29,65,20,143,0,2,28,6,36,29,31,93,26,179,30,0,30,209
11/06/2021,ILM,NC,ASO,EN,Combined TRACON& Tower with Radar,32,9,17,4,62,0,0,4,4,8,32,9,21,8,70,0,0,0,70
11/07/2021,ILM,NC,ASO,EN,Combined TRACON& Tower with Radar,30,24,30,2,86,0,0,5,1,6,30,24,35,3,92,0,4,4,96
11/08/2021,ILM,NC,ASO,EN,Combined TRACON& Tower with Radar,33,19,50,20,122,0,1,26,10,37,33,20,76,30,159,39,0,39,198
11/09/2021,ILM,NC,ASO,EN,Combined TRACON& Tower with Radar,30,23,60,14,127,0,4,75,19,98,30,27,135,33,225,74,0,74,299
11/10/2021,ILM,NC,ASO,EN,Combined TRACON& Tower with Radar,30,38,67,19,154,0,5,73,10,88,30,43,140,29,242,52,20,72,314
11/11/2021,ILM,NC,ASO,EN,Combined TRACON& Tower with Radar,33,29,47,5,114,0,2,43,7,52,33,31,90,12,166,44,2,46,212
11/12/2021,ILM,NC,ASO,EN,Combined TRACON& Tower with Radar,30,22,53,0,105,0,1,59,1,61,30,23,112,1,166,30,0,30,196
11/13/2021,ILM,NC,ASO,EN,Combined TRACON& Tower with Radar,27,24,27,0,78,0,1,76,1,78,27,25,103,1,156,76,0,76,232
11/14/2021,ILM,NC,ASO,EN,Combined TRACON& Tower with Radar,32,13,47,0,92,0,1,75,0,76,32,14,122,0,168,80,0,80,248
11/15/2021,ILM,NC,ASO,EN,Combined TRACON& Tower with Radar,32,26,45,25,128,0,3,52,2,57,32,29,97,27,185,52,53,105,290
11/16/2021,ILM,NC,ASO,EN,Combined TRACON& Tower with Radar,27,23,46,19,115,0,2,59,11,72,27,25,105,30,187,78,24,102,289
11/17/2021,ILM,NC,ASO,EN,Combined TRACON& Tower with Radar,31,28,54,26,139,0,2,80,10,92,31,30,134,36,231,136,6,142,373
11/18/2021,ILM,NC,ASO,EN,Combined TRACON& Tower with Radar,31,26,61,24,142,0,5,46,9,60,31,31,107,33,202,78,32,110,312
11/19/2021,ILM,NC,ASO,EN,Combined TRACON& Tower with Radar,32,25,50,3,110,0,1,35,3,39,32,26,85,6,149,30,0,30,179
11/20/2021,ILM,NC,ASO,EN,Combined TRACON& Tower with Radar,27,22,44,2,95,0,2,71,16,89,27,24,115,18,184,71,0,71,255
11/21/2021,ILM,NC,ASO,EN,Combined TRACON& Tower with Radar,29,20,72,0,121,0,0,62,1,63,29,20,134,1,184,80,0,80,264
11/22/2021,ILM,NC,ASO,EN,Combined TRACON& Tower with Radar,28,21,42,15,106,0,2,4,3,9,28,23,46,18,115,24,0,24,139
11/23/2021,ILM,NC,ASO,EN,Combined TRACON& Tower with Radar,32,29,47,4,112,0,2,39,1,42,32,31,86,5,154,20,0,20,174
11/24/2021,ILM,NC,ASO,EN,Combined TRACON& Tower with Radar,32,27,49,11,119,0,1,47,3,51,32,28,96,14,170,70,8,78,248
11/25/2021,ILM,NC,ASO,EN,Combined TRACON& Tower with Radar,14,19,10,0,43,0,1,7,0,8,14,20,17,0,51,0,0,0,51
11/26/2021,ILM,NC,ASO,EN,Combined TRACON& Tower with Radar,23,15,18,0,56,0,2,15,0,17,23,17,33,0,73,0,0,0,73
11/27/2021,ILM,NC,ASO,EN,Combined TRACON& Tower with Radar,28,52,41,0,121,0,0,87,0,87,28,52,128,0,208,20,0,20,228
11/28/2021,ILM,NC,ASO,EN,Combined TRACON& Tower with Radar,32,36,89,0,157,0,0,51,0,51,32,36,140,0,208,34,0,34,242
11/29/2021,ILM,NC,ASO,EN,Combined TRACON& Tower with Radar,31,30,36,33,130,0,1,34,1,36,31,31,70,34,166,16,6,22,188
11/30/2021,ILM,NC,ASO,EN,Combined TRACON& Tower with Radar,30,38,32,39,139,2,3,43,6,54,32,41,75,45,193,60,46,106,299
12/01/2021,ILM,NC,ASO,EN,Combined TRACON& Tower with Radar,29,27,35,27,118,0,2,55,3,60,29,29,90,30,178,30,10,40,218
12/02/2021,ILM,NC,ASO,EN,Combined TRACON& Tower with Radar,33,36,69,24,162,0,9,49,19,77,33,45,118,43,239,42,26,68,307
12/03/2021,ILM,NC,ASO,EN,Combined TRACON& Tower with Radar,33,32,34,56,155,0,4,54,8,66,33,36,88,64,221,70,16,86,307
12/04/2021,ILM,NC,ASO,EN,Combined TRACON& Tower with Radar,29,9,34,7,79,0,5,80,6,91,29,14,114,13,170,38,2,40,210
12/05/2021,ILM,NC,ASO,EN,Combined TRACON& Tower with Radar,30,35,63,7,135,0,2,52,4,58,30,37,115,11,193,37,6,43,236
12/06/2021,ILM,NC,ASO,EN,Combined TRACON& Tower with Radar,30,22,37,22,111,0,1,53,10,64,30,23,90,32,175,32,36,68,243
12/07/2021,ILM,NC,ASO,EN,Combined TRACON& Tower with Radar,27,21,32,13,93,0,4,15,2,21,27,25,47,15,114,100,6,106,220
12/08/2021,ILM,NC,ASO,EN,Combined TRACON& Tower with Radar,27,31,28,2,88,0,0,0,0,0,27,31,28,2,88,0,0,0,88
12/09/2021,ILM,NC,ASO,EN,Combined TRACON& Tower with Radar,31,26,44,53,154,0,3,50,15,68,31,29,94,68,222,80,10,90,312
12/10/2021,ILM,NC,ASO,EN,Combined TRACON& Tower with Radar,31,38,58,71,198,0,1,14,7,22,31,39,72,78,220,14,8,22,242
12/11/2021,ILM,NC,ASO,EN,Combined TRACON& Tower with Radar,33,15,44,15,107,0,1,57,8,66,33,16,101,23,173,30,0,30,203
12/12/2021,ILM,NC,ASO,EN,Combined TRACON& Tower with Radar,29,29,59,21,138,0,8,44,10,62,29,37,103,31,200,22,0,22,222
12/13/2021,ILM,NC,ASO,EN,Combined TRACON& Tower with Radar,30,24,66,7,127,0,3,70,3,76,30,27,136,10,203,82,4,86,289
12/14/2021,ILM,NC,ASO,EN,Combined TRACON& Tower with Radar,28,30,35,31,124,0,1,49,5,55,28,31,84,36,179,50,44,94,273
12/15/2021,ILM,NC,ASO,EN,Combined TRACON& Tower with Radar,27,29,66,31,153,0,4,54,6,64,27,33,120,37,217,100,0,100,317
12/16/2021,ILM,NC,ASO,EN,Combined TRACON& Tower with Radar,30,30,77,26,163,0,3,68,13,84,30,33,145,39,247,120,10,130,377
12/17/2021,ILM,NC,ASO,EN,Combined TRACON& Tower with Radar,27,43,66,22,158,0,5,50,7,62,27,48,116,29,220,60,0,60,280
12/18/2021,ILM,NC,ASO,EN,Combined TRACON& Tower with Radar,22,43,43,12,120,0,1,30,10,41,22,44,73,22,161,72,10,82,243
12/19/2021,ILM,NC,ASO,EN,Combined TRACON& Tower with Radar,24,37,31,3,95,0,0,0,0,0,24,37,31,3,95,0,0,0,95
12/20/2021,ILM,NC,ASO,EN,Combined TRACON& Tower with Radar,26,27,46,14,113,0,5,40,0,45,26,32,86,14,158,70,6,76,234
12/21/2021,ILM,NC,ASO,EN,Combined TRACON& Tower with Radar,26,28,26,10,90,0,0,2,0,2,26,28,28,10,92,0,0,0,92
12/22/2021,ILM,NC,ASO,EN,Combined TRACON& Tower with Radar,24,36,41,7,108,0,1,41,3,45,24,37,82,10,153,28,0,28,181
12/23/2021,ILM,NC,ASO,EN,Combined TRACON& Tower with Radar,23,48,47,1,119,0,5,64,1,70,23,53,111,2,189,36,0,36,225
12/24/2021,ILM,NC,ASO,EN,Combined TRACON& Tower with Radar,15,34,20,0,69,0,7,34,1,42,15,41,54,1,111,8,0,8,119
12/25/2021,ILM,NC,ASO,EN,Combined TRACON& Tower with Radar,19,26,10,0,55,0,1,6,0,7,19,27,16,0,62,0,0,0,62
12/26/2021,ILM,NC,ASO,EN,Combined TRACON& Tower with Radar,20,46,61,0,127,0,2,45,0,47,20,48,106,0,174,4,0,4,178
12/27/2021,ILM,NC,ASO,EN,Combined TRACON& Tower with Radar,22,45,54,0,121,0,4,36,0,40,22,49,90,0,161,47,0,47,208
12/28/2021,ILM,NC,ASO,EN,Combined TRACON& Tower with Radar,24,37,43,5,109,0,3,38,6,47,24,40,81,11,156,50,6,56,212
12/29/2021,ILM,NC,ASO,EN,Combined TRACON& Tower with Radar,19,42,34,20,115,0,1,28,6,35,19,43,62,26,150,40,10,50,200
12/30/2021,ILM,NC,ASO,EN,Combined TRACON& Tower with Radar,22,37,30,3,92,0,0,17,6,23,22,37,47,9,115,34,4,38,153
12/31/2021,ILM,NC,ASO,EN,Combined TRACON& Tower with Radar,14,32,28,0,74,0,0,42,0,42,14,32,70,0,116,32,0,32,148
01/01/2022,ILM,NC,ASO,EN,Combined TRACON& Tower with Radar,20,42,41,0,103,0,0,20,0,20,20,42,61,0,123,0,0,0,123
01/02/2022,ILM,NC,ASO,EN,Combined TRACON& Tower with Radar,22,36,53,0,111,0,0,6,0,6,22,36,59,0,117,0,0,0,117
01/03/2022,ILM,NC,ASO,EN,Combined TRACON& Tower with Radar,20,38,46,0,104,0,1,2,0,3,20,39,48,0,107,0,0,0,107
01/04/2022,ILM,NC,ASO,EN,Combined TRACON& Tower with Radar,20,35,51,0,106,0,4,55,2,61,20,39,106,2,167,76,0,76,243
01/05/2022,ILM,NC,ASO,EN,Combined TRACON& Tower with Radar,21,43,31,17,112,0,3,5,0,8,21,46,36,17,120,26,0,26,146
01/06/2022,ILM,NC,ASO,EN,Combined TRACON& Tower with Radar,22,29,31,71,153,0,1,65,7,73,22,30,96,78,226,42,24,66,292
01/07/2022,ILM,NC,ASO,EN,Combined TRACON& Tower with Radar,21,39,30,13,103,0,3,36,8,47,21,42,66,21,150,36,8,44,194
01/08/2022,ILM,NC,ASO,EN,Combined TRACON& Tower with Radar,18,10,38,5,71,0,0,80,1,81,18,10,118,6,152,42,0,42,194
01/09/2022,ILM,NC,ASO,EN,Combined TRACON& Tower with Radar,25,15,40,2,82,0,0,29,0,29,25,15,69,2,111,16,0,16,127
01/10/2022,ILM,NC,ASO,EN,Combined TRACON& Tower with Radar,25,25,48,30,128,0,1,25,4,30,25,26,73,34,158,48,36,84,242
01/11/2022,ILM,NC,ASO,EN,Combined TRACON& Tower with Radar,15,21,9,13,58,0,2,26,4,32,15,23,35,17,90,10,0,10,100
01/12/2022,ILM,NC,ASO,EN,Combined TRACON& Tower with Radar,8,16,20,6,50,0,12,60,23,95,8,28,80,29,145,0,0,0,145
01/13/2022,ILM,NC,ASO,EN,Combined TRACON& Tower with Radar,26,28,37,6,97,0,4,36,1,41,26,32,73,7,138,20,0,20,158
01/14/2022,ILM,NC,ASO,EN,Combined TRACON& Tower with Radar,24,29,27,4,84,0,4,41,5,50,24,33,68,9,134,0,2,2,136
01/15/2022,ILM,NC,ASO,EN,Combined TRACON& Tower with Radar,19,10,35,0,64,0,1,65,0,66,19,11,100,0,130,18,0,18,148
01/16/2022,ILM,NC,ASO,EN,Combined TRACON& Tower with Radar,13,11,6,0,30,0,0,0,0,0,13,11,6,0,30,0,0,0,30
01/17/2022,ILM,NC,ASO,EN,Combined TRACON& Tower with Radar,17,21,33,0,71,0,0,5,4,9,17,21,38,4,80,0,0,0,80
01/18/2022,ILM,NC,ASO,EN,Combined TRACON& Tower with Radar,21,27,36,4,88,0,3,65,1,69,21,30,101,5,157,32,0,32,189
01/19/2022,ILM,NC,ASO,EN,Combined TRACON& Tower with Radar,23,20,63,30,136,0,3,61,10,74,23,23,124,40,210,46,10,56,266
01/20/2022,ILM,NC,ASO,EN,Combined TRACON& Tower with Radar,27,22,47,31,127,0,1,22,9,32,27,23,69,40,159,94,14,108,267
01/21/2022,ILM,NC,ASO,EN,Combined TRACON& Tower with Radar,3,5,4,0,12,0,0,0,0,0,3,5,4,0,12,0,0,0,12
01/22/2022,ILM,NC,ASO,EN,Combined TRACON& Tower with Radar,8,10,7,0,25,0,0,1,0,1,8,10,8,0,26,0,0,0,26
01/23/2022,ILM,NC,ASO,EN,Combined TRACON& Tower with Radar,27,21,37,4,89,0,1,49,5,55,27,22,86,9,144,22,0,22,166
01/24/2022,ILM,NC,ASO,EN,Combined TRACON& Tower with Radar,24,22,56,29,131,0,3,50,9,62,24,25,106,38,193,6,30,36,229
01/25/2022,ILM,NC,ASO,EN,Combined TRACON& Tower with Radar,20,15,38,49,122,0,2,27,5,34,20,17,65,54,156,4,16,20,176
01/26/2022,ILM,NC,ASO,EN,Combined TRACON& Tower with Radar,22,29,43,19,113,1,2,38,8,49,23,31,81,27,162,48,22,70,232
01/27/2022,ILM,NC,ASO,EN,Combined TRACON& Tower with Radar,26,28,44,16,114,0,2,51,4,57,26,30,95,20,171,58,2,60,231
01/28/2022,ILM,NC,ASO,EN,Combined TRACON& Tower with Radar,23,24,27,26,100,0,0,17,9,26,23,24,44,35,126,58,4,62,188
01/29/2022,ILM,NC,ASO,EN,Combined TRACON& Tower with Radar,15,15,8,2,40,0,0,2,2,4,15,15,10,4,44,0,0,0,44
01/30/2022,ILM,NC,ASO,EN,Combined TRACON& Tower with Radar,21,20,48,1,90,0,1,45,12,58,21,21,93,13,148,12,4,16,164
01/31/2022,ILM,NC,ASO,EN,Combined TRACON& Tower with Radar,25,23,49,26,123,0,4,49,3,56,25,27,98,29,179,122,28,150,329
02/01/2022,ILM,NC,ASO,EN,Combined TRACON& Tower with Radar,19,29,38,35,121,0,2,53,10,65,19,31,91,45,186,113,20,133,319
02/02/2022,ILM,NC,ASO,EN,Combined TRACON& Tower with Radar,21,24,44,17,106,0,0,36,7,43,21,24,80,24,149,124,4,128,277
02/03/2022,ILM,NC,ASO,EN,Combined TRACON& Tower with Radar,22,34,52,25,133,0,0,38,12,50,22,34,90,37,183,140,6,146,329
02/04/2022,ILM,NC,ASO,EN,Combined TRACON& Tower with Radar,24,36,24,26,110,0,1,5,6,12,24,37,29,32,122,2,0,2,124
02/05/2022,ILM,NC,ASO,EN,Combined TRACON& Tower with Radar,18,19,31,12,80,0,0,25,1,26,18,19,56,13,106,32,0,32,138
02/06/2022,ILM,NC,ASO,EN,Combined TRACON& Tower with Radar,25,30,36,3,94,0,2,44,4,50,25,32,80,7,144,64,0,64,208
02/07/2022,ILM,NC,ASO,EN,Combined TRACON& Tower with Radar,25,27,30,1,83,0,0,0,0,0,25,27,30,1,83,0,0,0,83
02/08/2022,ILM,NC,ASO,EN,Combined TRACON& Tower with Radar,15,20,21,26,82,0,0,15,5,20,15,20,36,31,102,22,8,30,132
02/09/2022,ILM,NC,ASO,EN,Combined TRACON& Tower with Radar,25,38,53,19,135,0,4,68,11,83,25,42,121,30,218,90,14,104,322
02/10/2022,ILM,NC,ASO,EN,Combined TRACON& Tower with Radar,26,46,54,25,151,0,7,69,18,94,26,53,123,43,245,102,24,126,371
02/11/2022,ILM,NC,ASO,EN,Combined TRACON& Tower with Radar,29,31,54,41,155,0,2,72,8,82,29,33,126,49,237,36,16,52,289
02/12/2022,ILM,NC,ASO,EN,Combined TRACON& Tower with Radar,23,26,39,12,100,0,0,84,1,85,23,26,123,13,185,66,0,66,251
02/13/2022,ILM,NC,ASO,EN,Combined TRACON& Tower with Radar,25,27,54,4,110,0,0,3,0,3,25,27,57,4,113,36,0,36,149
02/14/2022,ILM,NC,ASO,EN,Combined TRACON& Tower with Radar,33,24,29,9,95,0,1,38,4,43,33,25,67,13,138,24,24,48,186
02/15/2022,ILM,NC,ASO,EN,Combined TRACON& Tower with Radar,30,28,57,10,125,0,1,62,8,71,30,29,119,18,196,58,0,58,254
02/16/2022,ILM,NC,ASO,EN,Combined TRACON& Tower with Radar,31,16,65,24,136,0,2,50,6,58,31,18,115,30,194,60,34,94,288
02/17/2022,ILM,NC,ASO,EN,Combined TRACON& Tower with Radar,28,32,56,25,141,0,0,38,4,42,28,32,94,29,183,18,0,18,201
02/18/2022,ILM,NC,ASO,EN,Combined TRACON& Tower with Radar,32,41,39,2,114,0,4,13,0,17,32,45,52,2,131,32,0,32,163
02/19/2022,ILM,NC,ASO,EN,Combined TRACON& Tower with Radar,26,36,43,10,115,0,11,63,0,74,26,47,106,10,189,154,0,154,343
02/20/2022,ILM,NC,ASO,EN,Combined TRACON& Tower with Radar,28,15,64,0,107,0,1,85,1,87,28,16,149,1,194,70,0,70,264
02/21/2022,ILM,NC,ASO,EN,Combined TRACON& Tower with Radar,29,23,54,0,106,0,2,34,4,40,29,25,88,4,146,16,0,16,162
02/22/2022,ILM,NC,ASO,EN,Combined TRACON& Tower with Radar,29,32,41,27,129,0,1,35,3,39,29,33,76,30,168,68,4,72,240
02/23/2022,ILM,NC,ASO,EN,Combined TRACON& Tower with Radar,24,33,32,33,122,0,1,25,12,38,24,34,57,45,160,62,24,86,246
02/24/2022,ILM,NC,ASO,EN,Combined TRACON& Tower with Radar,31,27,48,21,127,0,0,2,0,2,31,27,50,21,129,0,0,0,129
02/25/2022,ILM,NC,ASO,EN,Combined TRACON& Tower with Radar,32,32,56,22,142,0,3,24,15,42,32,35,80,37,184,42,42,84,268
02/26/2022,ILM,NC,ASO,EN,Combined TRACON& Tower with Radar,21,31,76,10,138,0,0,36,0,36,21,31,112,10,174,66,0,66,240
02/27/2022,ILM,NC,ASO,EN,Combined TRACON& Tower with Radar,30,38,60,1,129,0,0,7,0,7,30,38,67,1,136,66,0,66,202
02/28/2022,ILM,NC,ASO,EN,Combined TRACON& Tower with Radar,30,18,67,10,125,0,6,67,0,73,30,24,134,10,198,76,10,86,284
03/01/2022,ILM,NC,ASO,EN,Combined TRACON& Tower with Radar,31,19,43,17,110,0,1,54,8,63,31,20,97,25,173,118,18,136,309
03/02/2022,ILM,NC,ASO,EN,Combined TRACON& Tower with Radar,31,32,34,16,113,0,0,77,5,82,31,32,111,21,195,112,8,120,315
03/03/2022,ILM,NC,ASO,EN,Combined TRACON& Tower with Radar,30,43,35,15,123,0,1,66,9,76,30,44,101,24,199,72,24,96,295
03/04/2022,ILM,NC,ASO,EN,Combined TRACON& Tower with Radar,30,33,67,2,132,0,0,28,2,30,30,33,95,4,162,10,20,30,192
03/05/2022,ILM,NC,ASO,EN,Combined TRACON& Tower with Radar,27,19,46,0,92,0,0,57,0,57,27,19,103,0,149,84,0,84,233
03/06/2022,ILM,NC,ASO,EN,Combined TRACON& Tower with Radar,30,25,53,6,114,0,2,28,0,30,30,27,81,6,144,16,0,16,160
03/07/2022,ILM,NC,ASO,EN,Combined TRACON& Tower with Radar,31,27,30,42,130,0,1,8,6,15,31,28,38,48,145,8,16,24,169
03/08/2022,ILM,NC,ASO,EN,Combined TRACON& Tower with Radar,26,18,35,16,95,0,1,18,4,23,26,19,53,20,118,10,38,48,166
03/09/2022,ILM,NC,ASO,EN,Combined TRACON& Tower with Radar,22,35,61,50,168,0,2,3,8,13,22,37,64,58,181,10,26,36,217
03/10/2022,ILM,NC,ASO,EN,Combined TRACON& Tower with Radar,33,39,66,8,146,0,0,1,1,2,33,39,67,9,148,0,0,0,148
03/11/2022,ILM,NC,ASO,EN,Combined TRACON& Tower with Radar,35,25,57,0,117,0,0,2,0,2,35,25,59,0,119,22,0,22,141
03/12/2022,ILM,NC,ASO,EN,Combined TRACON& Tower with Radar,29,21,19,0,69,0,1,0,2,3,29,22,19,2,72,0,0,0,72
03/13/2022,ILM,NC,ASO,EN,Combined TRACON& Tower with Radar,34,42,79,0,155,0,0,81,0,81,34,42,160,0,236,49,0,49,285
03/14/2022,ILM,NC,ASO,EN,Combined TRACON& Tower with Radar,35,32,60,26,153,0,4,59,7,70,35,36,119,33,223,58,20,78,301
03/15/2022,ILM,NC,ASO,EN,Combined TRACON& Tower with Radar,27,38,42,29,136,0,0,50,5,55,27,38,92,34,191,30,9,39,230
03/16/2022,ILM,NC,ASO,EN,Combined TRACON& Tower with Radar,28,30,33,3,94,0,7,15,4,26,28,37,48,7,120,8,6,14,134
03/17/2022,ILM,NC,ASO,EN,Combined TRACON& Tower with Radar,31,39,55,40,165,0,2,32,15,49,31,41,87,55,214,32,90,122,336
03/18/2022,ILM,NC,ASO,EN,Combined TRACON& Tower with Radar,30,36,61,43,170,0,1,58,10,69,30,37,119,53,239,32,36,68,307
03/19/2022,ILM,NC,ASO,EN,Combined TRACON& Tower with Radar,27,20,29,30,106,0,0,24,5,29,27,20,53,35,135,3,10,13,148
03/20/2022,ILM,NC,ASO,EN,Combined TRACON& Tower with Radar,34,25,71,0,130,0,41,52,0,93,34,66,123,0,223,22,0,22,245
03/21/2022,ILM,NC,ASO,EN,Combined TRACON& Tower with Radar,34,32,54,26,146,0,3,48,2,53,34,35,102,28,199,46,0,46,245
03/22/2022,ILM,NC,ASO,EN,Combined TRACON& Tower with Radar,27,15,54,55,151,0,2,70,4,76,27,17,124,59,227,38,28,66,293
03/23/2022,ILM,NC,ASO,EN,Combined TRACON& Tower with Radar,28,20,40,60,148,0,1,9,4,14,28,21,49,64,162,30,28,58,220
03/24/2022,ILM,NC,ASO,EN,Combined TRACON& Tower with Radar,32,35,41,4,112,0,0,3,0,3,32,35,44,4,115,0,0,0,115
03/25/2022,ILM,NC,ASO,EN,Combined TRACON& Tower with Radar,31,39,40,9,119,0,4,40,1,45,31,43,80,10,164,8,0,8,172
03/26/2022,ILM,NC,ASO,EN,Combined TRACON& Tower with Radar,29,38,30,0,97,0,0,23,0,23,29,38,53,0,120,10,0,10,130
03/27/2022,ILM,NC,ASO,EN,Combined TRACON& Tower with Radar,31,39,46,6,122,0,0,38,0,38,31,39,84,6,160,17,0,17,177
03/28/2022,ILM,NC,ASO,EN,Combined TRACON& Tower with Radar,33,18,44,22,117,1,4,54,4,63,34,22,98,26,180,42,12,54,234
03/29/2022,ILM,NC,ASO,EN,Combined TRACON& Tower with Radar,31,21,25,27,104,0,1,54,9,64,31,22,79,36,168,22,18,40,208
03/30/2022,ILM,NC,ASO,EN,Combined TRACON& Tower with Radar,28,28,52,23,131,0,1,24,3,28,28,29,76,26,159,62,12,74,233
03/31/2022,ILM,NC,ASO,EN,Combined TRACON& Tower with Radar,36,23,24,4,87,0,0,2,1,3,36,23,26,5,90,0,0,0,90
04/01/2022,ILM,NC,ASO,EN,Combined TRACON& Tower with Radar,36,25,57,7,125,0,2,43,8,53,36,27,100,15,178,12,8,20,198
04/02/2022,ILM,NC,ASO,EN,Combined TRACON& Tower with Radar,31,25,55,1,112,0,0,75,1,76,31,25,130,2,188,58,6,64,252
04/03/2022,ILM,NC,ASO,EN,Combined TRACON& Tower with Radar,36,28,68,0,132,0,2,60,0,62,36,30,128,0,194,42,0,42,236
04/04/2022,ILM,NC,ASO,EN,Combined TRACON& Tower with Radar,38,27,37,24,126,1,5,53,4,63,39,32,90,28,189,70,6,76,265
04/05/2022,ILM,NC,ASO,EN,Combined TRACON& Tower with Radar,39,29,42,0,110,0,0,13,4,17,39,29,55,4,127,0,0,0,127
04/06/2022,ILM,NC,ASO,EN,Combined TRACON& Tower with Radar,39,38,46,40,163,0,0,30,7,37,39,38,76,47,200,52,20,72,272
04/07/2022,ILM,NC,ASO,EN,Combined TRACON& Tower with Radar,41,23,36,3,103,0,2,9,3,14,41,25,45,6,117,0,0,0,117
04/08/2022,ILM,NC,ASO,EN,Combined TRACON& Tower with Radar,39,30,57,4,130,0,0,40,11,51,39,30,97,15,181,4,20,24,205
04/09/2022,ILM,NC,ASO,EN,Combined TRACON& Tower with Radar,33,31,39,9,112,0,0,28,4,32,33,31,67,13,144,5,1,6,150
04/10/2022,ILM,NC,ASO,EN,Combined TRACON& Tower with Radar,43,18,29,5,95,0,2,29,0,31,43,20,58,5,126,0,0,0,126
04/11/2022,ILM,NC,ASO,EN,Combined TRACON& Tower with Radar,39,17,53,35,144,0,2,48,7,57,39,19,101,42,201,12,54,66,267
04/12/2022,ILM,NC,ASO,EN,Combined TRACON& Tower with Radar,40,21,43,11,115,0,3,57,4,64,40,24,100,15,179,70,2,72,251
04/13/2022,ILM,NC,ASO,EN,Combined TRACON& Tower with Radar,36,32,77,25,170,0,3,65,7,75,36,35,142,32,245,32,6,38,283
04/14/2022,ILM,NC,ASO,EN,Combined TRACON& Tower with Radar,37,47,63,49,196,0,1,26,1,28,37,48,89,50,224,17,15,32,256
04/15/2022,ILM,NC,ASO,EN,Combined TRACON& Tower with Radar,40,43,60,0,143,0,2,60,1,63,40,45,120,1,206,49,0,49,255
04/16/2022,ILM,NC,ASO,EN,Combined TRACON& Tower with Radar,35,34,56,0,125,0,0,38,0,38,35,34,94,0,163,48,0,48,211
04/17/2022,ILM,NC,ASO,EN,Combined TRACON& Tower with Radar,35,38,41,0,114,0,1,30,0,31,35,39,71,0,145,4,0,4,149
04/18/2022,ILM,NC,ASO,EN,Combined TRACON& Tower with Radar,39,30,38,6,113,0,0,1,0,1,39,30,39,6,114,4,0,4,118
04/19/2022,ILM,NC,ASO,EN,Combined TRACON& Tower with Radar,36,38,67,38,179,0,2,51,11,64,36,40,118,49,243,36,32,68,311
04/20/2022,ILM,NC,ASO,EN,Combined TRACON& Tower with Radar,37,34,43,16,130,0,2,50,3,55,37,36,93,19,185,36,0,36,221
04/21/2022,ILM,NC,ASO,EN,Combined TRACON& Tower with Radar,39,23,54,38,154,0,2,64,8,74,39,25,118,46,228,42,34,76,304
04/22/2022,ILM,NC,ASO,EN,Combined TRACON& Tower with Radar,39,25,44,34,142,0,1,54,8,63,39,26,98,42,205,48,0,48,253
04/23/2022,ILM,NC,ASO,EN,Combined TRACON& Tower with Radar,34,30,42,6,112,0,1,78,7,86,34,31,120,13,198,22,0,22,220
04/24/2022,ILM,NC,ASO,EN,Combined TRACON& Tower with Radar,39,26,52,3,120,0,2,68,3,73,39,28,120,6,193,24,0,24,217
04/25/2022,ILM,NC,ASO,EN,Combined TRACON& Tower with Radar,41,26,45,37,149,0,2,43,7,52,41,28,88,44,201,26,28,54,255
04/26/2022,ILM,NC,ASO,EN,Combined TRACON& Tower with Radar,42,26,47,25,140,0,1,22,4,27,42,27,69,29,167,32,14,46,213
04/27/2022,ILM,NC,ASO,EN,Combined TRACON& Tower with Radar,36,28,77,49,190,0,2,68,22,92,36,30,145,71,282,50,46,96,378
04/28/2022,ILM,NC,ASO,EN,Combined TRACON& Tower with Radar,40,30,56,14,140,0,3,56,11,70,40,33,112,25,210,84,10,94,304
04/29/2022,ILM,NC,ASO,EN,Combined TRACON& Tower with Radar,41,24,50,4,119,0,3,56,0,59,41,27,106,4,178,80,0,80,258
04/30/2022,ILM,NC,ASO,EN,Combined TRACON& Tower with Radar,36,27,43,2,108,0,0,47,2,49,36,27,90,4,157,46,0,46,203
05/01/2022,ILM,NC,ASO,EN,Combined TRACON& Tower with Radar,39,28,57,2,126,0,1,41,0,42,39,29,98,2,168,24,0,24,192
05/02/2022,ILM,NC,ASO,EN,Combined TRACON& Tower with Radar,38,38,66,12,154,0,0,40,6,46,38,38,106,18,200,14,6,20,220
05/03/2022,ILM,NC,ASO,EN,Combined TRACON& Tower with Radar,37,31,42,24,134,0,0,32,11,43,37,31,74,35,177,38,40,78,255
05/04/2022,ILM,NC,ASO,EN,Combined TRACON& Tower with Radar,36,29,32,47,144,0,2,29,6,37,36,31,61,53,181,4,10,14,195
05/05/2022,ILM,NC,ASO,EN,Combined TRACON& Tower with Radar,43,31,64,24,162,0,0,28,6,34,43,31,92,30,196,68,2,70,266
05/06/2022,ILM,NC,ASO,EN,Combined TRACON& Tower with Radar,45,38,42,21,146,0,2,10,6,18,45,40,52,27,164,8,18,26,190
05/07/2022,ILM,NC,ASO,EN,Combined TRACON& Tower with Radar,38,16,56,6,116,0,0,35,5,40,38,16,91,11,156,100,0,100,256
05/08/2022,ILM,NC,ASO,EN,Combined TRACON& Tower with Radar,43,28,35,2,108,0,0,2,0,2,43,28,37,2,110,24,0,24,134
05/09/2022,ILM,NC,ASO,EN,Combined TRACON& Tower with Radar,44,17,39,30,130,0,1,40,5,46,44,18,79,35,176,14,30,44,220
05/10/2022,ILM,NC,ASO,EN,Combined TRACON& Tower with Radar,39,26,25,24,114,0,1,14,16,31,39,27,39,40,145,40,16,56,201
05/11/2022,ILM,NC,ASO,EN,Combined TRACON& Tower with Radar,40,26,50,15,131,0,5,29,7,41,40,31,79,22,172,46,42,88,260
05/12/2022,ILM,NC,ASO,EN,Combined TRACON& Tower with Radar,47,36,48,11,142,0,0,1,5,6,47,36,49,16,148,0,0,0,148
05/13/2022,ILM,NC,ASO,EN,Combined TRACON& Tower with Radar,42,38,42,1,123,0,1,8,7,16,42,39,50,8,139,14,0,14,153
05/14/2022,ILM,NC,ASO,EN,Combined TRACON& Tower with Radar,36,20,29,6,91,0,0,27,8,35,36,20,56,14,126,89,0,89,215
05/15/2022,ILM,NC,ASO,EN,Combined TRACON& Tower with Radar,41,26,77,0,144,0,1,49,0,50,41,27,126,0,194,20,0,20,214
05/16/2022,ILM,NC,ASO,EN,Combined TRACON& Tower with Radar,42,27,57,11,137,0,1,29,6,36,42,28,86,17,173,58,8,66,239
05/17/2022,ILM,NC,ASO,EN,Combined TRACON& Tower with Radar,42,25,61,6,134,0,2,44,2,48,42,27,105,8,182,74,6,80,262
05/18/2022,ILM,NC,ASO,EN,Combined TRACON& Tower with Radar,39,33,58,11,141,0,1,82,10,93,39,34,140,21,234,80,0,80,314
05/19/2022,ILM,NC,ASO,EN,Combined TRACON& Tower with Radar,47,37,66,1,151,0,2,52,4,58,47,39,118,5,209,64,4,68,277
05/20/2022,ILM,NC,ASO,EN,Combined TRACON& Tower with Radar,44,30,28,23,125,0,1,57,9,67,44,31,85,32,192,0,0,0,192
05/21/2022,ILM,NC,ASO,EN,Combined TRACON& Tower with Radar,37,31,44,11,123,0,2,40,5,47,37,33,84,16,170,42,0,42,212
05/22/2022,ILM,NC,ASO,EN,Combined TRACON& Tower with Radar,44,25,60,12,141,0,1,35,1,37,44,26,95,13,178,50,0,50,228
05/23/2022,ILM,NC,ASO,EN,Combined TRACON& Tower with Radar,34,40,39,61,174,0,0,21,9,30,34,40,60,70,204,16,6,22,226
05/24/2022,ILM,NC,ASO,EN,Combined TRACON& Tower with Radar,39,31,22,19,111,0,0,10,10,20,39,31,32,29,131,14,28,42,173
05/25/2022,ILM,NC,ASO,EN,Combined TRACON& Tower with Radar,40,32,63,12,147,0,1,28,14,43,40,33,91,26,190,42,6,48,238
05/26/2022,ILM,NC,ASO,EN,Combined TRACON& Tower with Radar,46,42,71,26,185,0,0,33,4,37,46,42,104,30,222,6,38,44,266
05/27/2022,ILM,NC,ASO,EN,Combined TRACON& Tower with Radar,43,32,30,0,105,0,1,3,2,6,43,33,33,2,111,0,0,0,111
05/28/2022,ILM,NC,ASO,EN,Combined TRACON& Tower with Radar,37,20,57,0,114,0,1,60,1,62,37,21,117,1,176,55,0,55,231
05/29/2022,ILM,NC,ASO,EN,Combined TRACON& Tower with Radar,43,24,26,0,93,0,0,42,0,42,43,24,68,0,135,36,0,36,171
05/30/2022,ILM,NC,ASO,EN,Combined TRACON& Tower with Radar,47,36,43,0,126,0,2,51,0,53,47,38,94,0,179,58,0,58,237
05/31/2022,ILM,NC,ASO,EN,Combined TRACON& Tower with Radar,38,34,65,31,168,0,2,60,3,65,38,36,125,34,233,72,8,80,313
06/01/2022,ILM,NC,ASO,EN,Combined TRACON& Tower with Radar,36,45,41,32,154,0,1,61,8,70,36,46,102,40,224,30,14,44,268
06/02/2022,ILM,NC,ASO,EN,Combined TRACON& Tower with Radar,38,46,62,23,169,0,0,39,8,47,38,46,101,31,216,32,30,62,278
06/03/2022,ILM,NC,ASO,EN,Combined TRACON& Tower with Radar,42,26,42,5,115,0,1,29,4,34,42,27,71,9,149,42,12,54,203
06/04/2022,ILM,NC,ASO,EN,Combined TRACON& Tower with Radar,41,20,54,9,124,0,0,23,5,28,41,20,77,14,152,26,0,26,178
06/05/2022,ILM,NC,ASO,EN,Combined TRACON& Tower with Radar,42,22,52,3,119,0,0,28,0,28,42,22,80,3,147,16,0,16,163
06/06/2022,ILM,NC,ASO,EN,Combined TRACON& Tower with Radar,42,30,48,56,176,0,0,41,3,44,42,30,89,59,220,30,20,50,270
06/07/2022,ILM,NC,ASO,EN,Combined TRACON& Tower with Radar,40,24,39,39,142,0,1,51,5,57,40,25,90,44,199,102,34,136,335
06/08/2022,ILM,NC,ASO,EN,Combined TRACON& Tower with Radar,40,27,34,22,123,0,0,23,3,26,40,27,57,25,149,2,12,14,163
06/09/2022,ILM,NC,ASO,EN,Combined TRACON& Tower with Radar,40,25,48,20,133,0,1,36,10,47,40,26,84,30,180,26,20,46,226
06/10/2022,ILM,NC,ASO,EN,Combined TRACON& Tower with Radar,43,25,52,51,171,0,1,67,14,82,43,26,119,65,253,38,22,60,313
06/11/2022,ILM,NC,ASO,EN,Combined TRACON& Tower with Radar,40,31,48,5,124,0,0,67,2,69,40,31,115,7,193,84,10,94,287
06/12/2022,ILM,NC,ASO,EN,Combined TRACON& Tower with Radar,44,26,51,17,138,0,0,9,4,13,44,26,60,21,151,26,0,26,177
06/13/2022,ILM,NC,ASO,EN,Combined TRACON& Tower with Radar,45,20,36,12,113,0,1,27,4,32,45,21,63,16,145,32,20,52,197
06/14/2022,ILM,NC,ASO,EN,Combined TRACON& Tower with Radar,38,23,62,8,131,0,1,30,9,40,38,24,92,17,171,30,0,30,201
06/15/2022,ILM,NC,ASO,EN,Combined TRACON& Tower with Radar,39,28,59,47,173,0,4,57,7,68,39,32,116,54,241,54,14,68,309
06/16/2022,ILM,NC,ASO,EN,Combined TRACON& Tower with Radar,32,27,60,19,138,0,7,53,7,67,32,34,113,26,205,16,14,30,235
06/17/2022,ILM,NC,ASO,EN,Combined TRACON& Tower with Radar,36,27,78,16,157,0,2,44,3,49,36,29,122,19,206,46,12,58,264
06/18/2022,ILM,NC,ASO,EN,Combined TRACON& Tower with Radar,34,22,59,0,115,0,5,52,2,59,34,27,111,2,174,54,0,54,228
06/19/2022,ILM,NC,ASO,EN,Combined TRACON& Tower with Radar,43,34,63,2,142,0,2,49,0,51,43,36,112,2,193,32,0,32,225
06/20/2022,ILM,NC,ASO,EN,Combined TRACON& Tower with Radar,44,24,57,0,125,0,2,65,0,67,44,26,122,0,192,72,0,72,264
06/21/2022,ILM,NC,ASO,EN,Combined TRACON& Tower with Radar,38,23,43,24,128,0,4,59,4,67,38,27,102,28,195,40,44,84,279
06/22/2022,ILM,NC,ASO,EN,Combined TRACON& Tower with Radar,37,24,46,29,136,0,2,43,3,48,37,26,89,32,184,20,2,22,206
06/23/2022,ILM,NC,ASO,EN,Combined TRACON& Tower with Radar,37,19,61,11,128,0,4,30,7,41,37,23,91,18,169,16,10,26,195
06/24/2022,ILM,NC,ASO,EN,Combined TRACON& Tower with Radar,40,28,69,34,171,0,5,51,7,63,40,33,120,41,234,0,24,24,258
06/25/2022,ILM,NC,ASO,EN,Combined TRACON& Tower with Radar,43,24,42,16,125,0,6,56,11,73,43,30,98,27,198,40,12,52,250
06/26/2022,ILM,NC,ASO,EN,Combined TRACON& Tower with Radar,45,24,58,18,145,0,4,67,11,82,45,28,125,29,227,32,0,32,259
06/27/2022,ILM,NC,ASO,EN,Combined TRACON& Tower with Radar,40,30,38,9,117,0,0,36,3,39,40,30,74,12,156,26,42,68,224
06/28/2022,ILM,NC,ASO,EN,Combined TRACON& Tower with Radar,40,21,68,16,145,0,1,33,4,38,40,22,101,20,183,32,4,36,219
06/29/2022,ILM,NC,ASO,EN,Combined TRACON& Tower with Radar,41,28,43,15,127,0,1,13,4,18,41,29,56,19,145,0,0,0,145
06/30/2022,ILM,NC,ASO,EN,Combined TRACON& Tower with Radar,46,30,100,22,198,0,0,45,11,56,46,30,145,33,254,32,20,52,306
07/01/2022,ILM,NC,ASO,EN,Combined TRACON& Tower with Radar,47,27,61,4,139,0,0,9,0,9,47,27,70,4,148,10,0,10,158
07/02/2022,ILM,NC,ASO,EN,Combined TRACON& Tower with Radar,38,17,37,0,92,0,2,5,0,7,38,19,42,0,99,57,0,57,156
07/03/2022,ILM,NC,ASO,EN,Combined TRACON& Tower with Radar,41,10,16,0,67,0,2,31,3,36,41,12,47,3,103,34,2,36,139
07/04/2022,ILM,NC,ASO,EN,Combined TRACON& Tower with Radar,47,18,32,2,99,0,2,11,0,13,47,20,43,2,112,0,0,0,112
07/05/2022,ILM,NC,ASO,EN,Combined TRACON& Tower with Radar,44,35,49,8,136,0,4,33,0,37,44,39,82,8,173,56,0,56,229
07/06/2022,ILM,NC,ASO,EN,Combined TRACON& Tower with Radar,42,29,44,20,135,0,3,52,5,60,42,32,96,25,195,54,28,82,277
07/07/2022,ILM,NC,ASO,EN,Combined TRACON& Tower with Radar,47,26,60,12,145,0,2,38,0,40,47,28,98,12,185,30,0,30,215
07/08/2022,ILM,NC,ASO,EN,Combined TRACON& Tower with Radar,49,21,62,28,160,0,1,31,2,34,49,22,93,30,194,28,6,34,228
07/09/2022,ILM,NC,ASO,EN,Combined TRACON& Tower with Radar,44,18,54,7,123,0,2,32,5,39,44,20,86,12,162,56,0,56,218
07/10/2022,ILM,NC,ASO,EN,Combined TRACON& Tower with Radar,44,17,48,15,124,0,0,3,1,4,44,17,51,16,128,32,0,32,160
07/11/2022,ILM,NC,ASO,EN,Combined TRACON& Tower with Radar,48,27,60,2,137,0,1,13,2,16,48,28,73,4,153,62,0,62,215
07/12/2022,ILM,NC,ASO,EN,Combined TRACON& Tower with Radar,42,25,59,6,132,0,1,29,7,37,42,26,88,13,169,36,0,36,205
07/13/2022,ILM,NC,ASO,EN,Combined TRACON& Tower with Radar,43,21,53,6,123,0,2,33,5,40,43,23,86,11,163,30,0,30,193
07/14/2022,ILM,NC,ASO,EN,Combined TRACON& Tower with Radar,46,27,62,49,184,0,3,26,7,36,46,30,88,56,220,34,4,38,258
07/15/2022,ILM,NC,ASO,EN,Combined TRACON& Tower with Radar,48,29,35,20,132,0,1,19,4,24,48,30,54,24,156,26,6,32,188
07/16/2022,ILM,NC,ASO,EN,Combined TRACON& Tower with Radar,42,26,31,17,116,0,0,27,4,31,42,26,58,21,147,48,6,54,201
07/17/2022,ILM,NC,ASO,EN,Combined TRACON& Tower with Radar,46,31,67,10,154,0,1,41,6,48,46,32,108,16,202,54,0,54,256
07/18/2022,ILM,NC,ASO,EN,Combined TRACON& Tower with Radar,44,24,45,8,121,0,1,20,0,21,44,25,65,8,142,32,0,32,174
07/19/2022,ILM,NC,ASO,EN,Combined TRACON& Tower with Radar,43,25,54,15,137,0,3,38,3,44,43,28,92,18,181,24,8,32,213
07/20/2022,ILM,NC,ASO,EN,Combined TRACON& Tower with Radar,42,26,50,26,144,0,1,34,10,45,42,27,84,36,189,26,0,26,215
07/21/2022,ILM,NC,ASO,EN,Combined TRACON& Tower with Radar,40,38,51,6,135,0,1,31,11,43,40,39,82,17,178,6,6,12,190
07/22/2022,ILM,NC,ASO,EN,Combined TRACON& Tower with Radar,47,25,48,21,141,0,1,31,17,49,47,26,79,38,190,14,18,32,222
07/23/2022,ILM,NC,ASO,EN,Combined TRACON& Tower with Radar,46,19,34,6,105,0,1,17,3,21,46,20,51,9,126,32,0,32,158
07/24/2022,ILM,NC,ASO,EN,Combined TRACON& Tower with Radar,45,22,69,4,140,0,1,37,2,40,45,23,106,6,180,56,0,56,236
07/25/2022,ILM,NC,ASO,EN,Combined TRACON& Tower with Radar,41,15,47,30,133,0,1,29,4,34,41,16,76,34,167,21,18,39,206
07/26/2022,ILM,NC,ASO,EN,Combined TRACON& Tower with Radar,41,29,68,24,162,0,4,39,10,53,41,33,107,34,215,14,24,38,253
07/27/2022,ILM,NC,ASO,EN,Combined TRACON& Tower with Radar,41,30,54,35,160,0,1,35,4,40,41,31,89,39,200,42,0,42,242
07/28/2022,ILM,NC,ASO,EN,Combined TRACON& Tower with Radar,44,30,40,21,135,0,6,48,7,61,44,36,88,28,196,42,46,88,284
07/29/2022,ILM,NC,ASO,EN,Combined TRACON& Tower with Radar,49,34,52,22,157,0,2,37,3,42,49,36,89,25,199,48,0,48,247
07/30/2022,ILM,NC,ASO,EN,Combined TRACON& Tower with Radar,44,19,29,3,95,0,1,24,2,27,44,20,53,5,122,46,0,46,168
07/31/2022,ILM,NC,ASO,EN,Combined TRACON& Tower with Radar,48,22,29,5,104,0,0,18,5,23,48,22,47,10,127,28,0,28,155
08/01/2022,ILM,NC,ASO,EN,Combined TRACON& Tower with Radar,48,29,31,19,127,0,6,28,1,35,48,35,59,20,162,12,18,30,192
08/02/2022,ILM,NC,ASO,EN,Combined TRACON& Tower with Radar,48,25,50,16,139,0,2,58,5,65,48,27,108,21,204,18,4,22,226
08/03/2022,ILM,NC,ASO,EN,Combined TRACON& Tower with Radar,40,32,38,13,123,0,0,39,4,43,40,32,77,17,166,58,40,98,264
08/04/2022,ILM,NC,ASO,EN,Combined TRACON& Tower with Radar,35,29,52,10,126,0,0,39,2,41,35,29,91,12,167,14,4,18,185
08/05/2022,ILM,NC,ASO,EN,Combined TRACON& Tower with Radar,33,24,40,38,135,0,3,51,38,92,33,27,91,76,227,28,16,44,271
08/06/2022,ILM,NC,ASO,EN,Combined TRACON& Tower with Radar,50,27,47,4,128,0,1,47,2,50,50,28,94,6,178,56,0,56,234
08/07/2022,ILM,NC,ASO,EN,Combined TRACON& Tower with Radar,42,15,52,1,110,0,1,29,1,31,42,16,81,2,141,26,0,26,167
08/08/2022,ILM,NC,ASO,EN,Combined TRACON& Tower with Radar,44,18,50,18,130,0,1,32,7,40,44,19,82,25,170,37,16,53,223
08/09/2022,ILM,NC,ASO,EN,Combined TRACON& Tower with Radar,40,17,21,44,122,0,1,35,5,41,40,18,56,49,163,0,16,16,179
08/10/2022,ILM,NC,ASO,EN,Combined TRACON& Tower with Radar,36,22,52,24,134,0,3,45,10,58,36,25,97,34,192,0,26,26,218
08/11/2022,ILM,NC,ASO,EN,Combined TRACON& Tower with Radar,44,38,51,32,165,0,1,30,8,39,44,39,81,40,204,10,22,32,236
08/12/2022,ILM,NC,ASO,EN,Combined TRACON& Tower with Radar,46,27,46,5,124,0,1,4,4,9,46,28,50,9,133,8,0,8,141
08/13/2022,ILM,NC,ASO,EN,Combined TRACON& Tower with Radar,45,23,35,2,105,0,1,47,3,51,45,24,82,5,156,102,2,104,260
08/14/2022,ILM,NC,ASO,EN,Combined TRACON& Tower with Radar,45,26,44,2,117,0,1,55,1,57,45,27,99,3,174,30,12,42,216
08/15/2022,ILM,NC,ASO,EN,Combined TRACON& Tower with Radar,47,20,41,28,136,0,1,34,5,40,47,21,75,33,176,10,48,58,234
08/16/2022,ILM,NC,ASO,EN,Combined TRACON& Tower with Radar,39,31,58,9,137,0,0,10,3,13,39,31,68,12,150,10,2,12,162
08/17/2022,ILM,NC,ASO,EN,Combined TRACON& Tower with Radar,40,23,43,21,127,0,1,36,2,39,40,24,79,23,166,38,14,52,218
08/18/2022,ILM,NC,ASO,EN,Combined TRACON& Tower with Radar,43,23,37,4,107,0,2,54,8,64,43,25,91,12,171,16,0,16,187
08/19/2022,ILM,NC,ASO,EN,Combined TRACON& Tower with Radar,46,27,24,0,97,0,1,7,0,8,46,28,31,0,105,0,0,0,105
08/20/2022,ILM,NC,ASO,EN,Combined TRACON& Tower with Radar,42,18,34,0,94,0,1,31,0,32,42,19,65,0,126,60,0,60,186
08/21/2022,ILM,NC,ASO,EN,Combined TRACON& Tower with Radar,44,28,49,4,125,0,2,24,2,28,44,30,73,6,153,30,0,30,183
08/22/2022,ILM,NC,ASO,EN,Combined TRACON& Tower with Radar,40,11,30,16,97,0,2,20,0,22,40,13,50,16,119,38,14,52,171
08/23/2022,ILM,NC,ASO,EN,Combined TRACON& Tower with Radar,41,24,38,13,116,0,1,31,3,35,41,25,69,16,151,62,14,76,227
08/24/2022,ILM,NC,ASO,EN,Combined TRACON& Tower with Radar,39,21,49,35,144,0,0,54,2,56,39,21,103,37,200,46,8,54,254
08/25/2022,ILM,NC,ASO,EN,Combined TRACON& Tower with Radar,45,33,49,3,130,0,1,33,8,42,45,34,82,11,172,84,8,92,264
08/26/2022,ILM,NC,ASO,EN,Combined TRACON& Tower with Radar,47,28,47,16,138,0,0,28,1,29,47,28,75,17,167,38,0,38,205
08/27/2022,ILM,NC,ASO,EN,Combined TRACON& Tower with Radar,39,24,40,1,104,0,0,59,2,61,39,24,99,3,165,60,0,60,225
08/28/2022,ILM,NC,ASO,EN,Combined TRACON& Tower with Radar,45,19,44,12,120,0,1,23,1,25,45,20,67,13,145,30,0,30,175
08/29/2022,ILM,NC,ASO,EN,Combined TRACON& Tower with Radar,45,16,34,0,95,0,0,8,0,8,45,16,42,0,103,0,0,0,103
08/30/2022,ILM,NC,ASO,EN,Combined TRACON& Tower with Radar,38,21,37,23,119,0,2,15,1,18,38,23,52,24,137,30,12,42,179
08/31/2022,ILM,NC,ASO,EN,Combined TRACON& Tower with Radar,38,31,46,13,128,0,4,85,2,91,38,35,131,15,219,72,0,72,291
09/01/2022,ILM,NC,ASO,EN,Combined TRACON& Tower with Radar,42,31,66,6,145,0,2,69,2,73,42,33,135,8,218,52,0,52,270
09/02/2022,ILM,NC,ASO,EN,Combined TRACON& Tower with Radar,47,24,75,8,154,0,3,74,5,82,47,27,149,13,236,36,0,36,272
09/03/2022,ILM,NC,ASO,EN,Combined TRACON& Tower with Radar,36,19,51,4,110,0,0,67,0,67,36,19,118,4,177,46,0,46,223
09/04/2022,ILM,NC,ASO,EN,Combined TRACON& Tower with Radar,38,10,23,0,71,0,1,47,0,48,38,11,70,0,119,62,0,62,181
09/05/2022,ILM,NC,ASO,EN,Combined TRACON& Tower with Radar,40,37,64,3,144,0,3,52,0,55,40,40,116,3,199,32,0,32,231
09/06/2022,ILM,NC,ASO,EN,Combined TRACON& Tower with Radar,40,17,47,18,122,0,5,24,2,31,40,22,71,20,153,66,16,82,235
09/07/2022,ILM,NC,ASO,EN,Combined TRACON& Tower with Radar,38,14,39,13,104,0,1,39,0,40,38,15,78,13,144,26,0,26,170
09/08/2022,ILM,NC,ASO,EN,Combined TRACON& Tower with Radar,45,18,65,3,131,0,1,25,8,34,45,19,90,11,165,64,0,64,229
09/09/2022,ILM,NC,ASO,EN,Combined TRACON& Tower with Radar,43,26,74,11,154,0,1,41,4,46,43,27,115,15,200,52,2,54,254
09/10/2022,ILM,NC,ASO,EN,Combined TRACON& Tower with Radar,36,13,28,1,78,0,0,3,0,3,36,13,31,1,81,0,0,0,81
09/11/2022,ILM,NC,ASO,EN,Combined TRACON& Tower with Radar,42,20,49,0,111,0,0,18,1,19,42,20,67,1,130,6,0,6,136
09/12/2022,ILM,NC,ASO,EN,Combined TRACON& Tower with Radar,45,15,32,3,95,0,1,26,2,29,45,16,58,5,124,24,10,34,158
09/13/2022,ILM,NC,ASO,EN,Combined TRACON& Tower with Radar,38,20,46,26,130,0,1,53,10,64,38,21,99,36,194,66,28,94,288
09/14/2022,ILM,NC,ASO,EN,Combined TRACON& Tower with Radar,41,20,55,24,140,0,2,67,7,76,41,22,122,31,216,44,16,60,276
09/15/2022,ILM,NC,ASO,EN,Combined TRACON& Tower with Radar,48,17,34,17,116,0,1,58,11,70,48,18,92,28,186,36,10,46,232
09/16/2022,ILM,NC,ASO,EN,Combined TRACON& Tower with Radar,48,32,47,51,178,0,1,68,8,77,48,33,115,59,255,64,46,110,365
09/17/2022,ILM,NC,ASO,EN,Combined TRACON& Tower with Radar,36,10,35,7,88,0,1,59,3,63,36,11,94,10,151,50,0,50,201
09/18/2022,ILM,NC,ASO,EN,Combined TRACON& Tower with Radar,46,20,61,1,128,0,3,41,7,51,46,23,102,8,179,8,0,8,187
09/19/2022,ILM,NC,ASO,EN,Combined TRACON& Tower with Radar,45,25,47,21,138,0,6,42,2,50,45,31,89,23,188,34,6,40,228
09/20/2022,ILM,NC,ASO,EN,Combined TRACON& Tower with Radar,42,17,57,37,153,0,6,65,6,77,42,23,122,43,230,53,12,65,295
09/21/2022,ILM,NC,ASO,EN,Combined TRACON& Tower with Radar,39,22,51,26,138,0,4,55,5,64,39,26,106,31,202,22,12,34,236
09/22/2022,ILM,NC,ASO,EN,Combined TRACON& Tower with Radar,49,17,61,33,160,0,1,39,8,48,49,18,100,41,208,6,32,38,246
09/23/2022,ILM,NC,ASO,EN,Combined TRACON& Tower with Radar,48,24,44,9,125,0,6,29,5,40,48,30,73,14,165,28,10,38,203
09/24/2022,ILM,NC,ASO,EN,Combined TRACON& Tower with Radar,36,13,46,5,100,0,2,66,0,68,36,15,112,5,168,26,4,30,198
09/25/2022,ILM,NC,ASO,EN,Combined TRACON& Tower with Radar,41,15,53,2,111,0,5,32,0,37,41,20,85,2,148,28,0,28,176
09/26/2022,ILM,NC,ASO,EN,Combined TRACON& Tower with Radar,48,19,43,3,113,0,2,40,0,42,48,21,83,3,155,44,0,44,199
09/27/2022,ILM,NC,ASO,EN,Combined TRACON& Tower with Radar,40,27,61,8,136,0,3,69,8,80,40,30,130,16,216,114,12,126,342
09/28/2022,ILM,NC,ASO,EN,Combined TRACON& Tower with Radar,39,26,28,5,98,0,1,31,6,38,39,27,59,11,136,34,0,34,170
09/29/2022,ILM,NC,ASO,EN,Combined TRACON& Tower with Radar,46,18,28,5,97,0,0,2,1,3,46,18,30,6,100,0,0,0,100
09/30/2022,ILM,NC,ASO,EN,Combined TRACON& Tower with Radar,6,0,0,0,6,0,0,0,0,0,6,0,0,0,6,0,0,0,6
10/01/2022,ILM,NC,ASO,EN,Combined TRACON& Tower with Radar,30,19,28,0,77,0,2,36,0,38,30,21,64,0,115,22,0,22,137
10/02/2022,ILM,NC,ASO,EN,Combined TRACON& Tower with Radar,43,17,43,0,103,0,1,39,3,43,43,18,82,3,146,6,0,6,152
10/03/2022,ILM,NC,ASO,EN,Combined TRACON& Tower with Radar,45,22,42,1,110,0,2,3,1,6,45,24,45,2,116,0,0,0,116
10/04/2022,ILM,NC,ASO,EN,Combined TRACON& Tower with Radar,39,22,37,14,112,0,1,34,6,41,39,23,71,20,153,42,22,64,217
10/05/2022,ILM,NC,ASO,EN,Combined TRACON& Tower with Radar,40,26,33,4,103,0,1,77,2,80,40,27,110,6,183,40,0,40,223
10/06/2022,ILM,NC,ASO,EN,Combined TRACON& Tower with Radar,46,24,58,23,151,0,3,67,5,75,46,27,125,28,226,66,18,84,310
10/07/2022,ILM,NC,ASO,EN,Combined TRACON& Tower with Radar,46,24,38,23,131,0,5,63,3,71,46,29,101,26,202,104,0,104,306
10/08/2022,ILM,NC,ASO,EN,Combined TRACON& Tower with Radar,35,22,44,0,101,0,3,55,0,58,35,25,99,0,159,118,0,118,277
10/09/2022,ILM,NC,ASO,EN,Combined TRACON& Tower with Radar,43,20,49,0,112,0,2,62,0,64,43,22,111,0,176,54,0,54,230
10/10/2022,ILM,NC,ASO,EN,Combined TRACON& Tower with Radar,46,21,46,0,113,0,2,42,0,44,46,23,88,0,157,96,0,96,253
10/11/2022,ILM,NC,ASO,EN,Combined TRACON& Tower with Radar,41,32,53,26,152,0,2,67,6,75,41,34,120,32,227,74,18,92,319
10/12/2022,ILM,NC,ASO,EN,Combined TRACON& Tower with Radar,40,22,49,21,132,0,1,57,7,65,40,23,106,28,197,68,24,92,289
10/13/2022,ILM,NC,ASO,EN,Combined TRACON& Tower with Radar,46,15,45,9,115,0,0,17,1,18,46,15,62,10,133,60,14,74,207
10/14/2022,ILM,NC,ASO,EN,Combined TRACON& Tower with Radar,45,27,69,43,184,0,1,26,3,30,45,28,95,46,214,26,0,26,240
10/15/2022,ILM,NC,ASO,EN,Combined TRACON& Tower with Radar,35,10,38,7,90,0,1,64,4,69,35,11,102,11,159,62,0,62,221
10/16/2022,ILM,NC,ASO,EN,Combined TRACON& Tower with Radar,47,20,59,0,126,0,2,73,2,77,47,22,132,2,203,70,0,70,273
10/17/2022,ILM,NC,ASO,EN,Combined TRACON& Tower with Radar,46,29,49,5,129,0,3,37,5,45,46,32,86,10,174,94,4,98,272
10/18/2022,ILM,NC,ASO,EN,Combined TRACON& Tower with Radar,42,22,44,23,131,0,1,41,1,43,42,23,85,24,174,64,8,72,246
10/19/2022,ILM,NC,ASO,EN,Combined TRACON& Tower with Radar,40,22,38,58,158,0,2,49,8,59,40,24,87,66,217,54,66,120,337
10/20/2022,ILM,NC,ASO,EN,Combined TRACON& Tower with Radar,48,19,35,48,150,0,2,67,13,82,48,21,102,61,232,32,30,62,294
10/21/2022,ILM,NC,ASO,EN,Combined TRACON& Tower with Radar,46,30,41,19,136,0,6,52,6,64,46,36,93,25,200,32,12,44,244
10/22/2022,ILM,NC,ASO,EN,Combined TRACON& Tower with Radar,35,16,50,3,104,0,2,65,1,68,35,18,115,4,172,52,0,52,224
10/23/2022,ILM,NC,ASO,EN,Combined TRACON& Tower with Radar,45,20,53,8,126,0,0,38,5,43,45,20,91,13,169,52,0,52,221
10/24/2022,ILM,NC,ASO,EN,Combined TRACON& Tower with Radar,43,28,71,44,186,0,2,14,3,19,43,30,85,47,205,30,12,42,247
10/25/2022,ILM,NC,ASO,EN,Combined TRACON& Tower with Radar,33,28,68,31,160,0,4,33,14,51,33,32,101,45,211,32,44,76,287
10/26/2022,ILM,NC,ASO,EN,Combined TRACON& Tower with Radar,39,27,56,28,150,0,8,26,6,40,39,35,82,34,190,56,0,56,246
10/27/2022,ILM,NC,ASO,EN,Combined TRACON& Tower with Radar,46,22,54,9,131,0,3,22,2,27,46,25,76,11,158,74,0,74,232
10/28/2022,ILM,NC,ASO,EN,Combined TRACON& Tower with Radar,44,18,37,15,114,0,1,20,0,21,44,19,57,15,135,16,0,16,151
10/29/2022,ILM,NC,ASO,EN,Combined TRACON& Tower with Radar,33,22,35,18,108,0,0,7,1,8,33,22,42,19,116,0,0,0,116
10/30/2022,ILM,NC,ASO,EN,Combined TRACON& Tower with Radar,42,15,45,9,111,0,0,48,4,52,42,15,93,13,163,32,0,32,195
10/31/2022,ILM,NC,ASO,EN,Combined TRACON& Tower with Radar,39,16,26,15,96,0,0,22,1,23,39,16,48,16,119,24,32,56,175
11/01/2022,ILM,NC,ASO,EN,Combined TRACON& Tower with Radar,39,37,56,29,161,0,4,32,8,44,39,41,88,37,205,44,26,70,275
11/02/2022,ILM,NC,ASO,EN,Combined TRACON& Tower with Radar,40,28,36,37,141,0,2,62,0,64,40,30,98,37,205,38,18,56,261
11/03/2022,ILM,NC,ASO,EN,Combined TRACON& Tower with Radar,40,22,74,49,185,0,5,38,9,52,40,27,112,58,237,14,14,28,265
11/04/2022,ILM,NC,ASO,EN,Combined TRACON& Tower with Radar,39,25,41,15,120,0,3,52,1,56,39,28,93,16,176,56,0,56,232
11/05/2022,ILM,NC,ASO,EN,Combined TRACON& Tower with Radar,30,23,42,5,100,0,1,51,2,54,30,24,93,7,154,48,0,48,202
11/06/2022,ILM,NC,ASO,EN,Combined TRACON& Tower with Radar,34,22,59,0,115,0,1,47,2,50,34,23,106,2,165,14,0,14,179
11/07/2022,ILM,NC,ASO,EN,Combined TRACON& Tower with Radar,38,25,45,52,160,0,2,45,4,51,38,27,90,56,211,46,54,100,311
11/08/2022,ILM,NC,ASO,EN,Combined TRACON& Tower with Radar,35,22,28,4,89,0,2,35,13,50,35,24,63,17,139,14,0,14,153
11/09/2022,ILM,NC,ASO,EN,Combined TRACON& Tower with Radar,35,18,38,12,103,0,2,10,15,27,35,20,48,27,130,6,0,6,136
11/10/2022,ILM,NC,ASO,EN,Combined TRACON& Tower with Radar,39,27,42,3,111,0,0,0,2,2,39,27,42,5,113,0,0,0,113
11/11/2022,ILM,NC,ASO,EN,Combined TRACON& Tower with Radar,36,24,18,0,78,0,1,1,0,2,36,25,19,0,80,0,0,0,80
11/12/2022,ILM,NC,ASO,EN,Combined TRACON& Tower with Radar,34,17,59,2,112,0,1,30,2,33,34,18,89,4,145,28,0,28,173
11/13/2022,ILM,NC,ASO,EN,Combined TRACON& Tower with Radar,36,25,31,0,92,0,0,47,0,47,36,25,78,0,139,84,1,85,224
11/14/2022,ILM,NC,ASO,EN,Combined TRACON& Tower with Radar,44,19,49,20,132,0,1,65,2,68,44,20,114,22,200,36,8,44,244
11/15/2022,ILM,NC,ASO,EN,Combined TRACON& Tower with Radar,36,21,34,2,93,0,2,14,2,18,36,23,48,4,111,30,0,30,141
11/16/2022,ILM,NC,ASO,EN,Combined TRACON& Tower with Radar,36,30,67,18,151,0,2,35,5,42,36,32,102,23,193,116,18,134,327
11/17/2022,ILM,NC,ASO,EN,Combined TRACON& Tower with Radar,40,25,31,36,132,0,4,56,9,69,40,29,87,45,201,48,42,90,291
11/18/2022,ILM,NC,ASO,EN,Combined TRACON& Tower with Radar,40,40,42,38,160,0,2,76,2,80,40,42,118,40,240,88,0,88,328
11/19/2022,ILM,NC,ASO,EN,Combined TRACON& Tower with Radar,33,26,69,17,145,0,6,87,6,99,33,32,156,23,244,66,4,70,314
11/20/2022,ILM,NC,ASO,EN,Combined TRACON& Tower with Radar,33,26,45,19,123,0,2,38,3,43,33,28,83,22,166,18,0,18,184
11/21/2022,ILM,NC,ASO,EN,Combined TRACON& Tower with Radar,42,19,36,25,122,0,11,50,3,64,42,30,86,28,186,48,8,56,242
11/22/2022,ILM,NC,ASO,EN,Combined TRACON& Tower with Radar,36,34,65,13,148,0,2,53,4,59,36,36,118,17,207,120,14,134,341
11/23/2022,ILM,NC,ASO,EN,Combined TRACON& Tower with Radar,38,24,61,5,128,0,2,40,1,43,38,26,101,6,171,44,0,44,215
11/24/2022,ILM,NC,ASO,EN,Combined TRACON& Tower with Radar,19,14,9,0,42,0,0,18,0,18,19,14,27,0,60,0,0,0,60
11/25/2022,ILM,NC,ASO,EN,Combined TRACON& Tower with Radar,37,8,29,0,74,0,3,13,1,17,37,11,42,1,91,28,0,28,119
11/26/2022,ILM,NC,ASO,EN,Combined TRACON& Tower with Radar,36,32,72,0,140,0,3,76,0,79,36,35,148,0,219,56,0,56,275
11/27/2022,ILM,NC,ASO,EN,Combined TRACON& Tower with Radar,37,27,59,0,123,0,1,3,0,4,37,28,62,0,127,8,0,8,135
11/28/2022,ILM,NC,ASO,EN,Combined TRACON& Tower with Radar,42,19,60,11,132,0,6,43,2,51,42,25,103,13,183,36,0,36,219
11/29/2022,ILM,NC,ASO,EN,Combined TRACON& Tower with Radar,40,26,42,11,119,0,11,85,8,104,40,37,127,19,223,42,28,70,293
11/30/2022,ILM,NC,ASO,EN,Combined TRACON& Tower with Radar,37,18,31,4,90,0,1,13,5,19,37,19,44,9,109,30,0,30,139
12/01/2022,ILM,NC,ASO,EN,Combined TRACON& Tower with Radar,38,26,39,26,129,0,2,52,9,63,38,28,91,35,192,66,26,92,284
12/02/2022,ILM,NC,ASO,EN,Combined TRACON& Tower with Radar,44,17,55,22,138,0,2,64,5,71,44,19,119,27,209,72,0,72,281
12/03/2022,ILM,NC,ASO,EN,Combined TRACON& Tower with Radar,33,17,31,4,85,0,1,37,5,43,33,18,68,9,128,34,0,34,162
12/04/2022,ILM,NC,ASO,EN,Combined TRACON& Tower with Radar,35,19,48,1,103,0,3,56,3,62,35,22,104,4,165,30,0,30,195
12/05/2022,ILM,NC,ASO,EN,Combined TRACON& Tower with Radar,44,25,51,11,131,0,6,61,5,72,44,31,112,16,203,60,24,84,287
12/06/2022,ILM,NC,ASO,EN,Combined TRACON& Tower with Radar,36,14,44,53,147,0,1,40,9,50,36,15,84,62,197,114,26,140,337
12/07/2022,ILM,NC,ASO,EN,Combined TRACON& Tower with Radar,35,22,43,39,139,0,1,48,10,59,35,23,91,49,198,78,42,120,318
12/08/2022,ILM,NC,ASO,EN,Combined TRACON& Tower with Radar,37,27,69,37,170,0,0,16,1,17,37,27,85,38,187,0,0,0,187
12/09/2022,ILM,NC,ASO,EN,Combined TRACON& Tower with Radar,44,18,52,10,124,0,3,13,14,30,44,21,65,24,154,82,0,82,236
12/10/2022,ILM,NC,ASO,EN,Combined TRACON& Tower with Radar,33,16,48,1,98,0,1,52,4,57,33,17,100,5,155,0,0,0,155
12/11/2022,ILM,NC,ASO,EN,Combined TRACON& Tower with Radar,34,19,42,2,97,0,2,23,1,26,34,21,65,3,123,72,0,72,195
12/12/2022,ILM,NC,ASO,EN,Combined TRACON& Tower with Radar,44,20,35,13,112,0,6,47,3,56,44,26,82,16,168,60,26,86,254
12/13/2022,ILM,NC,ASO,EN,Combined TRACON& Tower with Radar,36,20,36,13,105,0,2,60,6,68,36,22,96,19,173,48,20,68,241
12/14/2022,ILM,NC,ASO,EN,Combined TRACON& Tower with Radar,36,23,57,29,145,0,1,44,9,54,36,24,101,38,199,102,10,112,311
12/15/2022,ILM,NC,ASO,EN,Combined TRACON& Tower with Radar,39,23,26,12,100,0,0,1,1,2,39,23,27,13,102,4,18,22,124
12/16/2022,ILM,NC,ASO,EN,Combined TRACON& Tower with Radar,39,29,64,1,133,0,2,55,1,58,39,31,119,2,191,68,0,68,259
12/17/2022,ILM,NC,ASO,EN,Combined TRACON& Tower with Radar,28,35,37,8,108,0,3,72,5,80,28,38,109,13,188,104,0,104,292
12/18/2022,ILM,NC,ASO,EN,Combined TRACON& Tower with Radar,33,27,43,0,103,0,5,36,7,48,33,32,79,7,151,0,0,0,151
12/19/2022,ILM,NC,ASO,EN,Combined TRACON& Tower with Radar,36,21,41,8,106,0,0,52,3,55,36,21,93,11,161,60,18,78,239
12/20/2022,ILM,NC,ASO,EN,Combined TRACON& Tower with Radar,33,35,34,9,111,0,4,39,4,47,33,39,73,13,158,26,32,58,216
12/21/2022,ILM,NC,ASO,EN,Combined TRACON& Tower with Radar,33,31,49,16,129,0,0,14,6,20,33,31,63,22,149,58,0,58,207
12/22/2022,ILM,NC,ASO,EN,Combined TRACON& Tower with Radar,34,47,38,2,121,0,0,0,0,0,34,47,38,2,121,0,0,0,121
12/23/2022,ILM,NC,ASO,EN,Combined TRACON& Tower with Radar,36,30,23,0,89,0,4,0,4,8,36,34,23,4,97,0,0,0,97
12/24/2022,ILM,NC,ASO,EN,Combined TRACON& Tower with Radar,27,15,18,0,60,0,5,17,0,22,27,20,35,0,82,0,0,0,82
12/25/2022,ILM,NC,ASO,EN,Combined TRACON& Tower with Radar,25,32,11,0,68,0,2,4,0,6,25,34,15,0,74,0,0,0,74
12/26/2022,ILM,NC,ASO,EN,Combined TRACON& Tower with Radar,35,68,79,0,182,0,3,45,0,48,35,71,124,0,230,0,0,0,230
12/27/2022,ILM,NC,ASO,EN,Combined TRACON& Tower with Radar,33,51,72,0,156,0,2,42,0,44,33,53,114,0,200,70,0,70,270
12/28/2022,ILM,NC,ASO,EN,Combined TRACON& Tower with Radar,26,45,45,18,134,0,3,55,0,58,26,48,100,18,192,138,4,142,334
12/29/2022,ILM,NC,ASO,EN,Combined TRACON& Tower with Radar,34,25,52,7,118,0,2,59,3,64,34,27,111,10,182,24,14,38,220
12/30/2022,ILM,NC,ASO,EN,Combined TRACON& Tower with Radar,32,30,47,2,111,0,4,48,6,58,32,34,95,8,169,68,0,68,237
12/31/2022,ILM,NC,ASO,EN,Combined TRACON& Tower with Radar,25,24,30,0,79,0,0,7,0,7,25,24,37,0,86,8,0,8,94
01/01/2023,ILM,NC,ASO,EN,Combined TRACON& Tower with Radar,21,24,47,0,92,1,0,41,0,42,22,24,88,0,134,100,0,100,234
01/02/2023,ILM,NC,ASO,EN,Combined TRACON& Tower with Radar,41,43,96,2,182,0,3,52,0,55,41,46,148,2,237,40,0,40,277
01/03/2023,ILM,NC,ASO,EN,Combined TRACON& Tower with Radar,27,44,52,10,133,0,6,34,4,44,27,50,86,14,177,8,0,8,185
01/04/2023,ILM,NC,ASO,EN,Combined TRACON& Tower with Radar,26,35,29,22,112,0,0,2,4,6,26,35,31,26,118,14,10,24,142
01/05/2023,ILM,NC,ASO,EN,Combined TRACON& Tower with Radar,28,34,34,10,106,0,6,51,2,59,28,40,85,12,165,72,4,76,241
01/06/2023,ILM,NC,ASO,EN,Combined TRACON& Tower with Radar,33,18,46,8,105,0,0,57,4,61,33,18,103,12,166,68,0,68,234
01/07/2023,ILM,NC,ASO,EN,Combined TRACON& Tower with Radar,31,18,70,14,133,0,0,65,1,66,31,18,135,15,199,38,0,38,237
01/08/2023,ILM,NC,ASO,EN,Combined TRACON& Tower with Radar,32,18,36,4,90,0,2,44,2,48,32,20,80,6,138,52,0,52,190
01/09/2023,ILM,NC,ASO,EN,Combined TRACON& Tower with Radar,43,20,32,22,117,0,1,53,2,56,43,21,85,24,173,106,6,112,285
01/10/2023,ILM,NC,ASO,EN,Combined TRACON& Tower with Radar,33,19,40,46,138,0,10,65,4,79,33,29,105,50,217,88,20,108,325
01/11/2023,ILM,NC,ASO,EN,Combined TRACON& Tower with Radar,32,22,38,29,121,0,6,55,13,74,32,28,93,42,195,74,12,86,281
01/12/2023,ILM,NC,ASO,EN,Combined TRACON& Tower with Radar,32,28,36,45,141,0,4,47,9,60,32,32,83,54,201,94,18,112,313
01/13/2023,ILM,NC,ASO,EN,Combined TRACON& Tower with Radar,41,27,47,7,122,0,2,30,2,34,41,29,77,9,156,42,0,42,198
01/14/2023,ILM,NC,ASO,EN,Combined TRACON& Tower with Radar,27,12,30,8,77,0,6,41,0,47,27,18,71,8,124,46,0,46,170
01/15/2023,ILM,NC,ASO,EN,Combined TRACON& Tower with Radar,31,22,42,2,97,0,7,40,0,47,31,29,82,2,144,0,0,0,144
01/16/2023,ILM,NC,ASO,EN,Combined TRACON& Tower with Radar,40,27,48,0,115,0,5,74,0,79,40,32,122,0,194,88,0,88,282
01/17/2023,ILM,NC,ASO,EN,Combined TRACON& Tower with Radar,34,17,49,19,119,0,0,45,8,53,34,17,94,27,172,48,32,80,252
01/18/2023,ILM,NC,ASO,EN,Combined TRACON& Tower with Radar,34,26,56,30,146,0,2,53,8,63,34,28,109,38,209,84,20,104,313
01/19/2023,ILM,NC,ASO,EN,Combined TRACON& Tower with Radar,33,22,21,61,137,0,1,25,3,29,33,23,46,64,166,26,14,40,206
01/20/2023,ILM,NC,ASO,EN,Combined TRACON& Tower with Radar,41,27,45,28,141,0,11,79,1,91,41,38,124,29,232,86,4,90,322
01/21/2023,ILM,NC,ASO,EN,Combined TRACON& Tower with Radar,30,9,40,0,79,0,4,87,1,92,30,13,127,1,171,128,0,128,299
01/22/2023,ILM,NC,ASO,EN,Combined TRACON& Tower with Radar,32,26,26,2,86,0,0,1,0,1,32,26,27,2,87,4,0,4,91
01/23/2023,ILM,NC,ASO,EN,Combined TRACON& Tower with Radar,38,13,32,11,94,0,1,30,4,35,38,14,62,15,129,16,18,34,163
01/24/2023,ILM,NC,ASO,EN,Combined TRACON& Tower with Radar,36,19,49,7,111,0,8,70,3,81,36,27,119,10,192,114,0,114,306
01/25/2023,ILM,NC,ASO,EN,Combined TRACON& Tower with Radar,32,14,27,22,95,0,1,7,4,12,32,15,34,26,107,22,18,40,147
01/26/2023,ILM,NC,ASO,EN,Combined TRACON& Tower with Radar,34,22,45,24,125,0,4,51,4,59,34,26,96,28,184,74,32,106,290
01/27/2023,ILM,NC,ASO,EN,Combined TRACON& Tower with Radar,41,20,48,18,127,0,6,75,13,94,41,26,123,31,221,86,18,104,325
01/28/2023,ILM,NC,ASO,EN,Combined TRACON& Tower with Radar,30,9,39,2,80,0,9,100,3,112,30,18,139,5,192,34,0,34,226
01/29/2023,ILM,NC,ASO,EN,Combined TRACON& Tower with Radar,36,16,51,1,104,0,0,54,3,57,36,16,105,4,161,42,0,42,203
01/30/2023,ILM,NC,ASO,EN,Combined TRACON& Tower with Radar,39,20,36,6,101,0,0,3,0,3,39,20,39,6,104,0,0,0,104
01/31/2023,ILM,NC,ASO,EN,Combined TRACON& Tower with Radar,33,25,42,14,114,0,0,3,1,4,33,25,45,15,118,32,2,34,152
02/01/2023,ILM,NC,ASO,EN,Combined TRACON& Tower with Radar,34,23,39,31,127,0,1,0,3,4,34,24,39,34,131,0,0,0,131
02/02/2023,ILM,NC,ASO,EN,Combined TRACON& Tower with Radar,35,14,25,0,74,0,0,0,0,0,35,14,25,0,74,0,0,0,74
02/03/2023,ILM,NC,ASO,EN,Combined TRACON& Tower with Radar,39,24,34,4,101,0,1,29,5,35,39,25,63,9,136,40,0,40,176
02/04/2023,ILM,NC,ASO,EN,Combined TRACON& Tower with Radar,31,18,32,8,89,0,5,63,3,71,31,23,95,11,160,20,0,20,180
02/05/2023,ILM,NC,ASO,EN,Combined TRACON& Tower with Radar,33,23,57,5,118,0,3,19,1,23,33,26,76,6,141,70,0,70,211
02/06/2023,ILM,NC,ASO,EN,Combined TRACON& Tower with Radar,45,21,26,30,122,0,5,81,6,92,45,26,107,36,214,55,40,95,309
02/07/2023,ILM,NC,ASO,EN,Combined TRACON& Tower with Radar,36,24,59,15,134,0,4,73,3,80,36,28,132,18,214,104,6,110,324
02/08/2023,ILM,NC,ASO,EN,Combined TRACON& Tower with Radar,35,32,38,48,153,0,3,76,14,93,35,35,114,62,246,48,36,84,330
02/09/2023,ILM,NC,ASO,EN,Combined TRACON& Tower with Radar,37,35,52,28,152,0,3,54,10,67,37,38,106,38,219,32,10,42,261
02/10/2023,ILM,NC,ASO,EN,Combined TRACON& Tower with Radar,42,30,53,4,129,0,4,26,6,36,42,34,79,10,165,38,0,38,203
02/11/2023,ILM,NC,ASO,EN,Combined TRACON& Tower with Radar,31,15,23,1,70,0,3,17,0,20,31,18,40,1,90,26,0,26,116
02/12/2023,ILM,NC,ASO,EN,Combined TRACON& Tower with Radar,34,9,29,1,73,0,0,12,2,14,34,9,41,3,87,14,0,14,101
02/13/2023,ILM,NC,ASO,EN,Combined TRACON& Tower with Radar,43,11,52,8,114,0,11,47,0,58,43,22,99,8,172,54,0,54,226
02/14/2023,ILM,NC,ASO,EN,Combined TRACON& Tower with Radar,35,24,39,8,106,0,1,66,5,72,35,25,105,13,178,64,8,72,250
02/15/2023,ILM,NC,ASO,EN,Combined TRACON& Tower with Radar,36,24,34,31,125,0,7,91,7,105,36,31,125,38,230,62,34,96,326
02/16/2023,ILM,NC,ASO,EN,Combined TRACON& Tower with Radar,38,25,44,11,118,0,0,41,5,46,38,25,85,16,164,56,10,66,230
02/17/2023,ILM,NC,ASO,EN,Combined TRACON& Tower with Radar,37,32,28,6,103,0,2,0,4,6,37,34,28,10,109,0,0,0,109
02/18/2023,ILM,NC,ASO,EN,Combined TRACON& Tower with Radar,28,17,54,1,100,0,5,91,0,96,28,22,145,1,196,42,0,42,238
02/19/2023,ILM,NC,ASO,EN,Combined TRACON& Tower with Radar,38,26,54,1,119,0,0,35,0,35,38,26,89,1,154,43,0,43,197
02/20/2023,ILM,NC,ASO,EN,Combined TRACON& Tower with Radar,41,23,47,8,119,0,2,45,0,47,41,25,92,8,166,16,0,16,182
02/21/2023,ILM,NC,ASO,EN,Combined TRACON& Tower with Radar,37,29,48,38,152,0,3,34,5,42,37,32,82,43,194,8,30,38,232
02/22/2023,ILM,NC,ASO,EN,Combined TRACON& Tower with Radar,38,25,42,19,124,0,1,50,8,59,38,26,92,27,183,32,12,44,227
02/23/2023,ILM,NC,ASO,EN,Combined TRACON& Tower with Radar,39,28,37,26,130,0,7,22,13,42,39,35,59,39,172,4,54,58,230
02/24/2023,ILM,NC,ASO,EN,Combined TRACON& Tower with Radar,45,24,62,16,147,0,1,64,21,86,45,25,126,37,233,48,0,48,281
02/25/2023,ILM,NC,ASO,EN,Combined TRACON& Tower with Radar,31,20,38,0,89,0,2,2,0,4,31,22,40,0,93,16,0,16,109
02/26/2023,ILM,NC,ASO,EN,Combined TRACON& Tower with Radar,37,17,68,4,126,0,4,45,3,52,37,21,113,7,178,44,0,44,222
02/27/2023,ILM,NC,ASO,EN,Combined TRACON& Tower with Radar,42,25,36,34,137,0,2,26,4,32,42,27,62,38,169,94,50,144,313
02/28/2023,ILM,NC,ASO,EN,Combined TRACON& Tower with Radar,33,26,32,22,113,0,3,63,1,67,33,29,95,23,180,43,0,43,223
03/01/2023,ILM,NC,ASO,EN,Combined TRACON& Tower with Radar,39,28,52,22,141,0,7,69,2,78,39,35,121,24,219,76,2,78,297
03/02/2023,ILM,NC,ASO,EN,Combined TRACON& Tower with Radar,41,23,54,6,124,0,4,30,2,36,41,27,84,8,160,60,0,60,220
03/03/2023,ILM,NC,ASO,EN,Combined TRACON& Tower with Radar,47,30,48,27,152,0,0,31,5,36,47,30,79,32,188,26,38,64,252
03/04/2023,ILM,NC,ASO,EN,Combined TRACON& Tower with Radar,33,26,39,9,107,0,0,66,1,67,33,26,105,10,174,83,0,83,257
03/05/2023,ILM,NC,ASO,EN,Combined TRACON& Tower with Radar,41,19,51,0,111,0,4,88,0,92,41,23,139,0,203,70,0,70,273
03/06/2023,ILM,NC,ASO,EN,Combined TRACON& Tower with Radar,42,14,46,11,113,0,7,75,3,85,42,21,121,14,198,100,20,120,318
03/07/2023,ILM,NC,ASO,EN,Combined TRACON& Tower with Radar,37,20,38,21,116,0,1,30,1,32,37,21,68,22,148,18,6,24,172
03/08/2023,ILM,NC,ASO,EN,Combined TRACON& Tower with Radar,39,27,54,28,148,0,3,52,3,58,39,30,106,31,206,32,32,64,270
03/09/2023,ILM,NC,ASO,EN,Combined TRACON& Tower with Radar,43,27,47,15,132,0,3,78,8,89,43,30,125,23,221,88,8,96,317
03/10/2023,ILM,NC,ASO,EN,Combined TRACON& Tower with Radar,47,22,31,19,119,0,0,1,0,1,47,22,32,19,120,12,0,12,132
03/11/2023,ILM,NC,ASO,EN,Combined TRACON& Tower with Radar,33,23,51,7,114,0,0,37,10,47,33,23,88,17,161,40,0,40,201
03/12/2023,ILM,NC,ASO,EN,Combined TRACON& Tower with Radar,43,22,32,1,98,0,0,8,1,9,43,22,40,2,107,10,0,10,117
03/13/2023,ILM,NC,ASO,EN,Combined TRACON& Tower with Radar,47,20,42,12,121,0,1,13,1,15,47,21,55,13,136,84,0,84,220
03/14/2023,ILM,NC,ASO,EN,Combined TRACON& Tower with Radar,37,27,46,15,125,0,2,46,4,52,37,29,92,19,177,38,10,48,225
03/15/2023,ILM,NC,ASO,EN,Combined TRACON& Tower with Radar,38,22,44,8,112,0,2,53,10,65,38,24,97,18,177,48,6,54,231
03/16/2023,ILM,NC,ASO,EN,Combined TRACON& Tower with Radar,44,20,50,33,147,0,1,67,2,70,44,21,117,35,217,42,26,68,285
03/17/2023,ILM,NC,ASO,EN,Combined TRACON& Tower with Radar,45,25,39,17,126,0,5,27,2,34,45,30,66,19,160,32,10,42,202
03/18/2023,ILM,NC,ASO,EN,Combined TRACON& Tower with Radar,32,24,41,2,99,0,1,12,0,13,32,25,53,2,112,70,0,70,182
03/19/2023,ILM,NC,ASO,EN,Combined TRACON& Tower with Radar,43,28,66,0,137,0,2,53,0,55,43,30,119,0,192,60,0,60,252
03/20/2023,ILM,NC,ASO,EN,Combined TRACON& Tower with Radar,46,18,27,14,105,0,1,36,4,41,46,19,63,18,146,68,56,124,270
03/21/2023,ILM,NC,ASO,EN,Combined TRACON& Tower with Radar,40,21,35,28,124,0,5,80,13,98,40,26,115,41,222,14,88,102,324
03/22/2023,ILM,NC,ASO,EN,Combined TRACON& Tower with Radar,41,32,51,4,128,0,7,59,4,70,41,39,110,8,198,94,14,108,306
03/23/2023,ILM,NC,ASO,EN,Combined TRACON& Tower with Radar,43,23,51,15,132,0,6,36,5,47,43,29,87,20,179,54,22,76,255
03/24/2023,ILM,NC,ASO,EN,Combined TRACON& Tower with Radar,45,32,33,0,110,0,2,47,2,51,45,34,80,2,161,66,0,66,227
03/25/2023,ILM,NC,ASO,EN,Combined TRACON& Tower with Radar,33,29,38,1,101,0,0,16,3,19,33,29,54,4,120,26,0,26,146
03/26/2023,ILM,NC,ASO,EN,Combined TRACON& Tower with Radar,40,30,59,0,129,0,0,10,0,10,40,30,69,0,139,12,0,12,151
03/27/2023,ILM,NC,ASO,EN,Combined TRACON& Tower with Radar,44,23,47,17,131,0,1,33,1,35,44,24,80,18,166,104,0,104,270
03/28/2023,ILM,NC,ASO,EN,Combined TRACON& Tower with Radar,40,23,72,17,152,0,3,56,1,60,40,26,128,18,212,110,4,114,326
03/29/2023,ILM,NC,ASO,EN,Combined TRACON& Tower with Radar,43,38,64,30,175,0,2,55,15,72,43,40,119,45,247,116,28,144,391
03/30/2023,ILM,NC,ASO,EN,Combined TRACON& Tower with Radar,44,26,62,28,160,0,4,81,12,97,44,30,143,40,257,142,72,214,471
03/31/2023,ILM,NC,ASO,EN,Combined TRACON& Tower with Radar,45,27,29,5,106,0,1,44,10,55,45,28,73,15,161,62,0,62,223
04/01/2023,ILM,NC,ASO,EN,Combined TRACON& Tower with Radar,33,25,33,8,99,0,0,0,3,3,33,25,33,11,102,0,0,0,102
04/02/2023,ILM,NC,ASO,EN,Combined TRACON& Tower with Radar,39,22,60,17,138,0,1,74,2,77,39,23,134,19,215,52,0,52,267
04/03/2023,ILM,NC,ASO,EN,Combined TRACON& Tower with Radar,44,26,42,11,123,0,2,40,1,43,44,28,82,12,166,148,0,148,314
04/04/2023,ILM,NC,ASO,EN,Combined TRACON& Tower with Radar,37,30,57,8,132,0,2,56,0,58,37,32,113,8,190,84,0,84,274
04/05/2023,ILM,NC,ASO,EN,Combined TRACON& Tower with Radar,35,42,60,24,161,0,5,53,2,60,35,47,113,26,221,136,4,140,361
04/06/2023,ILM,NC,ASO,EN,Combined TRACON& Tower with Radar,38,31,84,16,169,0,6,72,3,81,38,37,156,19,250,72,14,86,336
04/07/2023,ILM,NC,ASO,EN,Combined TRACON& Tower with Radar,41,41,53,2,137,0,0,18,0,18,41,41,71,2,155,36,0,36,191
04/08/2023,ILM,NC,ASO,EN,Combined TRACON& Tower with Radar,32,20,26,0,78,0,0,0,0,0,32,20,26,0,78,0,0,0,78
04/09/2023,ILM,NC,ASO,EN,Combined TRACON& Tower with Radar,41,27,20,0,88,0,2,11,0,13,41,29,31,0,101,0,0,0,101
04/10/2023,ILM,NC,ASO,EN,Combined TRACON& Tower with Radar,40,30,61,13,144,0,1,60,0,61,40,31,121,13,205,106,0,106,311
04/11/2023,ILM,NC,ASO,EN,Combined TRACON& Tower with Radar,37,20,48,35,140,0,6,68,8,82,37,26,116,43,222,84,18,102,324
04/12/2023,ILM,NC,ASO,EN,Combined TRACON& Tower with Radar,40,35,51,20,146,0,2,78,3,83,40,37,129,23,229,82,8,90,319
04/13/2023,ILM,NC,ASO,EN,Combined TRACON& Tower with Radar,41,31,50,16,138,0,5,79,4,88,41,36,129,20,226,94,16,110,336
04/14/2023,ILM,NC,ASO,EN,Combined TRACON& Tower with Radar,43,25,51,4,123,0,3,32,1,36,43,28,83,5,159,22,0,22,181
04/15/2023,ILM,NC,ASO,EN,Combined TRACON& Tower with Radar,33,22,53,0,108,0,0,55,2,57,33,22,108,2,165,50,0,50,215
04/16/2023,ILM,NC,ASO,EN,Combined TRACON& Tower with Radar,36,27,79,0,142,0,3,40,0,43,36,30,119,0,185,20,0,20,205
04/17/2023,ILM,NC,ASO,EN,Combined TRACON& Tower with Radar,39,27,45,35,146,0,10,66,3,79,39,37,111,38,225,56,4,60,285
04/18/2023,ILM,NC,ASO,EN,Combined TRACON& Tower with Radar,42,37,56,26,161,0,2,76,0,78,42,39,132,26,239,28,0,28,267
04/19/2023,ILM,NC,ASO,EN,Combined TRACON& Tower with Radar,38,20,40,29,127,1,6,78,3,88,39,26,118,32,215,94,64,158,373
04/20/2023,ILM,NC,ASO,EN,Combined TRACON& Tower with Radar,37,22,44,22,125,0,2,72,11,85,37,24,116,33,210,92,4,96,306
04/21/2023,ILM,NC,ASO,EN,Combined TRACON& Tower with Radar,46,24,37,12,119,0,2,88,3,93,46,26,125,15,212,107,0,107,319
04/22/2023,ILM,NC,ASO,EN,Combined TRACON& Tower with Radar,32,14,18,0,64,0,0,5,5,10,32,14,23,5,74,0,0,0,74
04/23/2023,ILM,NC,ASO,EN,Combined TRACON& Tower with Radar,39,18,51,0,108,0,0,62,7,69,39,18,113,7,177,32,0,32,209
04/24/2023,ILM,NC,ASO,EN,Combined TRACON& Tower with Radar,45,18,47,4,114,0,4,58,1,63,45,22,105,5,177,56,0,56,233
04/25/2023,ILM,NC,ASO,EN,Combined TRACON& Tower with Radar,38,24,47,12,121,0,4,59,0,63,38,28,106,12,184,44,8,52,236
04/26/2023,ILM,NC,ASO,EN,Combined TRACON& Tower with Radar,39,24,52,10,125,0,2,36,7,45,39,26,88,17,170,32,0,32,202
04/27/2023,ILM,NC,ASO,EN,Combined TRACON& Tower with Radar,39,31,52,12,134,0,2,18,4,24,39,33,70,16,158,84,10,94,252
04/28/2023,ILM,NC,ASO,EN,Combined TRACON& Tower with Radar,44,28,50,15,137,0,2,11,1,14,44,30,61,16,151,32,4,36,187
04/29/2023,ILM,NC,ASO,EN,Combined TRACON& Tower with Radar,38,27,52,9,126,0,0,55,3,58,38,27,107,12,184,52,4,56,240
04/30/2023,ILM,NC,ASO,EN,Combined TRACON& Tower with Radar,33,32,31,0,96,0,0,2,7,9,33,32,33,7,105,0,0,0,105
05/01/2023,ILM,NC,ASO,EN,Combined TRACON& Tower with Radar,44,22,31,16,113,0,3,35,2,40,44,25,66,18,153,22,26,48,201
05/02/2023,ILM,NC,ASO,EN,Combined TRACON& Tower with Radar,37,20,44,33,134,0,6,36,10,52,37,26,80,43,186,4,22,26,212
05/03/2023,ILM,NC,ASO,EN,Combined TRACON& Tower with Radar,38,35,35,26,134,0,9,34,10,53,38,44,69,36,187,66,20,86,273
05/04/2023,ILM,NC,ASO,EN,Combined TRACON& Tower with Radar,41,29,54,25,149,0,8,81,6,95,41,37,135,31,244,90,18,108,352
05/05/2023,ILM,NC,ASO,EN,Combined TRACON& Tower with Radar,44,34,47,50,175,0,11,82,8,101,44,45,129,58,276,98,28,126,402
05/06/2023,ILM,NC,ASO,EN,Combined TRACON& Tower with Radar,31,20,29,8,88,0,4,65,3,72,31,24,94,11,160,88,0,88,248
05/07/2023,ILM,NC,ASO,EN,Combined TRACON& Tower with Radar,43,34,48,8,133,0,0,68,0,68,43,34,116,8,201,26,0,26,227
05/08/2023,ILM,NC,ASO,EN,Combined TRACON& Tower with Radar,44,22,24,18,108,0,5,32,5,42,44,27,56,23,150,32,16,48,198
05/09/2023,ILM,NC,ASO,EN,Combined TRACON& Tower with Radar,40,18,40,9,107,0,3,44,14,61,40,21,84,23,168,66,12,78,246
05/10/2023,ILM,NC,ASO,EN,Combined TRACON& Tower with Radar,40,23,68,22,153,0,4,71,11,86,40,27,139,33,239,34,24,58,297
05/11/2023,ILM,NC,ASO,EN,Combined TRACON& Tower with Radar,41,19,57,24,141,0,3,90,21,114,41,22,147,45,255,54,14,68,323
05/12/2023,ILM,NC,ASO,EN,Combined TRACON& Tower with Radar,43,18,40,10,111,0,3,83,5,91,43,21,123,15,202,82,2,84,286
05/13/2023,ILM,NC,ASO,EN,Combined TRACON& Tower with Radar,33,20,49,4,106,0,0,55,4,59,33,20,104,8,165,81,0,81,246
05/14/2023,ILM,NC,ASO,EN,Combined TRACON& Tower with Radar,41,27,50,3,121,0,0,3,0,3,41,27,53,3,124,32,0,32,156
05/15/2023,ILM,NC,ASO,EN,Combined TRACON& Tower with Radar,43,22,62,52,179,0,2,51,0,53,43,24,113,52,232,32,0,32,264
05/16/2023,ILM,NC,ASO,EN,Combined TRACON& Tower with Radar,38,27,55,32,152,0,2,51,12,65,38,29,106,44,217,44,24,68,285
05/17/2023,ILM,NC,ASO,EN,Combined TRACON& Tower with Radar,40,25,51,24,140,0,3,22,8,33,40,28,73,32,173,82,26,108,281
05/18/2023,ILM,NC,ASO,EN,Combined TRACON& Tower with Radar,43,41,43,19,146,0,0,21,8,29,43,41,64,27,175,0,8,8,183
05/19/2023,ILM,NC,ASO,EN,Combined TRACON& Tower with Radar,43,24,35,1,103,0,0,1,0,1,43,24,36,1,104,0,0,0,104
05/20/2023,ILM,NC,ASO,EN,Combined TRACON& Tower with Radar,32,24,45,3,104,0,1,37,0,38,32,25,82,3,142,48,0,48,190
05/21/2023,ILM,NC,ASO,EN,Combined TRACON& Tower with Radar,42,21,43,0,106,0,2,12,0,14,42,23,55,0,120,42,0,42,162
05/22/2023,ILM,NC,ASO,EN,Combined TRACON& Tower with Radar,42,25,49,26,142,0,3,68,4,75,42,28,117,30,217,140,24,164,381
05/23/2023,ILM,NC,ASO,EN,Combined TRACON& Tower with Radar,38,25,50,23,136,0,0,54,11,65,38,25,104,34,201,20,68,88,289
05/24/2023,ILM,NC,ASO,EN,Combined TRACON& Tower with Radar,39,27,46,31,143,0,4,72,10,86,39,31,118,41,229,132,50,182,411
05/25/2023,ILM,NC,ASO,EN,Combined TRACON& Tower with Radar,44,38,59,21,162,0,3,43,5,51,44,41,102,26,213,16,4,20,233
05/26/2023,ILM,NC,ASO,EN,Combined TRACON& Tower with Radar,42,24,42,0,108,0,2,5,1,8,42,26,47,1,116,0,0,0,116
05/27/2023,ILM,NC,ASO,EN,Combined TRACON& Tower with Radar,33,15,6,2,56,0,0,0,0,0,33,15,6,2,56,0,0,0,56
05/28/2023,ILM,NC,ASO,EN,Combined TRACON& Tower with Radar,45,11,39,0,95,0,0,0,0,0,45,11,39,0,95,2,0,2,97
05/29/2023,ILM,NC,ASO,EN,Combined TRACON& Tower with Radar,45,26,65,0,136,0,2,8,0,10,45,28,73,0,146,22,0,22,168
05/30/2023,ILM,NC,ASO,EN,Combined TRACON& Tower with Radar,37,16,76,30,159,0,4,35,2,41,37,20,111,32,200,144,10,154,354
05/31/2023,ILM,NC,ASO,EN,Combined TRACON& Tower with Radar,42,27,71,11,151,0,0,28,5,33,42,27,99,16,184,50,16,66,250
06/01/2023,ILM,NC,ASO,EN,Combined TRACON& Tower with Radar,51,42,71,17,181,0,2,28,2,32,51,44,99,19,213,90,8,98,311
06/02/2023,ILM,NC,ASO,EN,Combined TRACON& Tower with Radar,47,32,59,18,156,0,2,27,2,31,47,34,86,20,187,120,8,128,315
06/03/2023,ILM,NC,ASO,EN,Combined TRACON& Tower with Radar,49,14,38,9,110,0,7,39,3,49,49,21,77,12,159,80,0,80,239
06/04/2023,ILM,NC,ASO,EN,Combined TRACON& Tower with Radar,50,25,50,11,136,0,1,6,0,7,50,26,56,11,143,24,0,24,167
06/05/2023,ILM,NC,ASO,EN,Combined TRACON& Tower with Radar,50,26,44,11,131,0,2,83,3,88,50,28,127,14,219,86,10,96,315
06/06/2023,ILM,NC,ASO,EN,Combined TRACON& Tower with Radar,46,29,27,11,113,0,9,45,2,56,46,38,72,13,169,50,12,62,231
06/07/2023,ILM,NC,ASO,EN,Combined TRACON& Tower with Radar,43,31,49,16,139,0,4,46,0,50,43,35,95,16,189,60,0,60,249
06/08/2023,ILM,NC,ASO,EN,Combined TRACON& Tower with Radar,52,35,41,10,138,0,3,51,4,58,52,38,92,14,196,96,4,100,296
06/09/2023,ILM,NC,ASO,EN,Combined TRACON& Tower with Radar,49,32,64,14,159,0,8,50,3,61,49,40,114,17,220,80,0,80,300
06/10/2023,ILM,NC,ASO,EN,Combined TRACON& Tower with Radar,47,34,42,3,126,0,0,67,1,68,47,34,109,4,194,76,0,76,270
06/11/2023,ILM,NC,ASO,EN,Combined TRACON& Tower with Radar,52,27,50,1,130,0,0,52,6,58,52,27,102,7,188,22,6,28,216
06/12/2023,ILM,NC,ASO,EN,Combined TRACON& Tower with Radar,48,28,39,0,115,0,0,17,0,17,48,28,56,0,132,8,0,8,140
06/13/2023,ILM,NC,ASO,EN,Combined TRACON& Tower with Radar,49,25,56,6,136,0,3,64,7,74,49,28,120,13,210,60,0,60,270
06/14/2023,ILM,NC,ASO,EN,Combined TRACON& Tower with Radar,44,30,46,18,138,0,2,33,3,38,44,32,79,21,176,8,16,24,200
06/15/2023,ILM,NC,ASO,EN,Combined TRACON& Tower with Radar,54,29,47,11,141,0,5,36,3,44,54,34,83,14,185,60,14,74,259
06/16/2023,ILM,NC,ASO,EN,Combined TRACON& Tower with Radar,47,30,43,19,139,0,1,39,2,42,47,31,82,21,181,48,4,52,233
06/17/2023,ILM,NC,ASO,EN,Combined TRACON& Tower with Radar,47,20,39,5,111,0,0,80,3,83,47,20,119,8,194,48,0,48,242
06/18/2023,ILM,NC,ASO,EN,Combined TRACON& Tower with Radar,50,20,30,0,100,0,0,51,0,51,50,20,81,0,151,54,0,54,205
06/19/2023,ILM,NC,ASO,EN,Combined TRACON& Tower with Radar,52,30,39,0,121,0,2,53,0,55,52,32,92,0,176,76,0,76,252
06/20/2023,ILM,NC,ASO,EN,Combined TRACON& Tower with Radar,54,22,28,2,106,0,0,21,1,22,54,22,49,3,128,76,4,80,208
06/21/2023,ILM,NC,ASO,EN,Combined TRACON& Tower with Radar,44,19,53,10,126,0,0,8,0,8,44,19,61,10,134,70,0,70,204
06/22/2023,ILM,NC,ASO,EN,Combined TRACON& Tower with Radar,57,27,40,7,131,0,0,31,4,35,57,27,71,11,166,0,0,0,166
06/23/2023,ILM,NC,ASO,EN,Combined TRACON& Tower with Radar,55,22,46,7,130,0,1,14,4,19,55,23,60,11,149,50,0,50,199
06/24/2023,ILM,NC,ASO,EN,Combined TRACON& Tower with Radar,45,23,48,1,117,0,0,67,2,69,45,23,115,3,186,62,0,62,248
06/25/2023,ILM,NC,ASO,EN,Combined TRACON& Tower with Radar,51,27,62,8,148,0,2,88,0,90,51,29,150,8,238,148,0,148,386
06/26/2023,ILM,NC,ASO,EN,Combined TRACON& Tower with Radar,48,20,40,3,111,0,5,46,5,56,48,25,86,8,167,76,10,86,253
06/27/2023,ILM,NC,ASO,EN,Combined TRACON& Tower with Radar,41,24,61,33,159,0,3,74,3,80,41,27,135,36,239,80,34,114,353
06/28/2023,ILM,NC,ASO,EN,Combined TRACON& Tower with Radar,42,31,55,10,138,0,8,94,0,102,42,39,149,10,240,132,0,132,372
06/29/2023,ILM,NC,ASO,EN,Combined TRACON& Tower with Radar,58,35,70,14,177,0,21,73,8,102,58,56,143,22,279,152,10,162,441
06/30/2023,ILM,NC,ASO,EN,Combined TRACON& Tower with Radar,53,31,56,14,154,0,7,55,5,67,53,38,111,19,221,78,4,82,303
07/01/2023,ILM,NC,ASO,EN,Combined TRACON& Tower with Radar,45,29,54,1,129,0,4,47,0,51,45,33,101,1,180,55,0,55,235
07/02/2023,ILM,NC,ASO,EN,Combined TRACON& Tower with Radar,56,18,42,0,116,0,3,51,0,54,56,21,93,0,170,46,0,46,216
07/03/2023,ILM,NC,ASO,EN,Combined TRACON& Tower with Radar,50,20,35,4,109,0,2,51,0,53,50,22,86,4,162,30,0,30,192
07/04/2023,ILM,NC,ASO,EN,Combined TRACON& Tower with Radar,35,17,15,1,68,0,1,39,0,40,35,18,54,1,108,18,0,18,126
07/05/2023,ILM,NC,ASO,EN,Combined TRACON& Tower with Radar,48,20,44,0,112,0,2,26,6,34,48,22,70,6,146,32,0,32,178
07/06/2023,ILM,NC,ASO,EN,Combined TRACON& Tower with Radar,59,38,34,12,143,0,1,16,3,20,59,39,50,15,163,0,10,10,173
07/07/2023,ILM,NC,ASO,EN,Combined TRACON& Tower with Radar,53,32,47,26,158,0,5,52,8,65,53,37,99,34,223,68,30,98,321
07/08/2023,ILM,NC,ASO,EN,Combined TRACON& Tower with Radar,51,20,39,4,114,0,1,34,3,38,51,21,73,7,152,32,0,32,184
07/09/2023,ILM,NC,ASO,EN,Combined TRACON& Tower with Radar,54,26,47,3,130,55,2,33,0,90,109,28,80,3,220,0,0,0,220
07/10/2023,ILM,NC,ASO,EN,Combined TRACON& Tower with Radar,54,23,49,1,127,0,3,22,2,27,54,26,71,3,154,134,0,134,288
07/11/2023,ILM,NC,ASO,EN,Combined TRACON& Tower with Radar,48,32,63,64,207,0,8,87,3,98,48,40,150,67,305,98,12,110,415
07/12/2023,ILM,NC,ASO,EN,Combined TRACON& Tower with Radar,43,23,41,16,123,0,7,53,10,70,43,30,94,26,193,154,36,190,383
07/13/2023,ILM,NC,ASO,EN,Combined TRACON& Tower with Radar,58,31,49,25,163,0,3,47,9,59,58,34,96,34,222,54,36,90,312
07/14/2023,ILM,NC,ASO,EN,Combined TRACON& Tower with Radar,51,22,35,3,111,0,2,36,0,38,51,24,71,3,149,110,0,110,259
07/15/2023,ILM,NC,ASO,EN,Combined TRACON& Tower with Radar,50,16,38,4,108,0,2,36,3,41,50,18,74,7,149,82,0,82,231
07/16/2023,ILM,NC,ASO,EN,Combined TRACON& Tower with Radar,57,26,38,6,127,0,0,38,2,40,57,26,76,8,167,58,0,58,225
07/17/2023,ILM,NC,ASO,EN,Combined TRACON& Tower with Radar,56,28,45,1,130,0,4,59,3,66,56,32,104,4,196,88,0,88,284
07/18/2023,ILM,NC,ASO,EN,Combined TRACON& Tower with Radar,45,43,65,21,174,0,3,49,2,54,45,46,114,23,228,130,0,130,358
07/19/2023,ILM,NC,ASO,EN,Combined TRACON& Tower with Radar,43,31,44,24,142,0,1,41,1,43,43,32,85,25,185,90,6,96,281
07/20/2023,ILM,NC,ASO,EN,Combined TRACON& Tower with Radar,60,37,66,18,181,0,6,65,0,71,60,43,131,18,252,124,4,128,380
07/21/2023,ILM,NC,ASO,EN,Combined TRACON& Tower with Radar,53,32,32,9,126,0,9,74,0,83,53,41,106,9,209,68,6,74,283
07/22/2023,ILM,NC,ASO,EN,Combined TRACON& Tower with Radar,52,20,31,1,104,0,0,23,3,26,52,20,54,4,130,62,0,62,192
07/23/2023,ILM,NC,ASO,EN,Combined TRACON& Tower with Radar,56,33,63,5,157,0,5,47,0,52,56,38,110,5,209,110,0,110,319
07/24/2023,ILM,NC,ASO,EN,Combined TRACON& Tower with Radar,55,26,51,5,137,0,4,46,2,52,55,30,97,7,189,96,8,104,293
07/25/2023,ILM,NC,ASO,EN,Combined TRACON& Tower with Radar,43,23,32,12,110,0,8,74,3,85,43,31,106,15,195,118,8,126,321
07/26/2023,ILM,NC,ASO,EN,Combined TRACON& Tower with Radar,45,30,48,1,124,0,4,51,3,58,45,34,99,4,182,122,0,122,304
07/27/2023,ILM,NC,ASO,EN,Combined TRACON& Tower with Radar,61,29,47,2,139,0,2,49,2,53,61,31,96,4,192,30,2,32,224
07/28/2023,ILM,NC,ASO,EN,Combined TRACON& Tower with Radar,53,15,69,20,157,0,3,42,4,49,53,18,111,24,206,46,4,50,256
07/29/2023,ILM,NC,ASO,EN,Combined TRACON& Tower with Radar,44,27,31,1,103,0,0,15,2,17,44,27,46,3,120,12,0,12,132
07/30/2023,ILM,NC,ASO,EN,Combined TRACON& Tower with Radar,61,25,47,4,137,0,2,25,2,29,61,27,72,6,166,42,0,42,208
07/31/2023,ILM,NC,ASO,EN,Combined TRACON& Tower with Radar,57,22,33,14,126,0,1,40,0,41,57,23,73,14,167,80,0,80,247
08/01/2023,ILM,NC,ASO,EN,Combined TRACON& Tower with Radar,51,31,45,18,145,0,5,46,5,56,51,36,91,23,201,72,12,84,285
08/02/2023,ILM,NC,ASO,EN,Combined TRACON& Tower with Radar,47,34,48,25,154,0,6,75,1,82,47,40,123,26,236,112,0,112,348
08/03/2023,ILM,NC,ASO,EN,Combined TRACON& Tower with Radar,60,26,46,24,156,0,10,48,8,66,60,36,94,32,222,76,28,104,326
08/04/2023,ILM,NC,ASO,EN,Combined TRACON& Tower with Radar,56,24,28,0,108,0,3,3,6,12,56,27,31,6,120,0,0,0,120
08/05/2023,ILM,NC,ASO,EN,Combined TRACON& Tower with Radar,48,24,35,14,121,0,1,35,0,36,48,25,70,14,157,74,0,74,231
08/06/2023,ILM,NC,ASO,EN,Combined TRACON& Tower with Radar,59,15,45,0,119,0,0,45,0,45,59,15,90,0,164,76,0,76,240
08/07/2023,ILM,NC,ASO,EN,Combined TRACON& Tower with Radar,50,18,40,23,131,0,3,53,1,57,50,21,93,24,188,88,20,108,296
08/08/2023,ILM,NC,ASO,EN,Combined TRACON& Tower with Radar,49,17,43,22,131,0,1,55,2,58,49,18,98,24,189,86,14,100,289
08/09/2023,ILM,NC,ASO,EN,Combined TRACON& Tower with Radar,51,26,44,33,154,0,7,74,12,93,51,33,118,45,247,70,8,78,325
08/10/2023,ILM,NC,ASO,EN,Combined TRACON& Tower with Radar,61,23,34,17,135,0,1,32,5,38,61,24,66,22,173,75,49,124,297
08/11/2023,ILM,NC,ASO,EN,Combined TRACON& Tower with Radar,57,25,28,18,128,0,6,74,1,81,57,31,102,19,209,68,12,80,289
08/12/2023,ILM,NC,ASO,EN,Combined TRACON& Tower with Radar,50,35,50,2,137,0,4,65,3,72,50,39,115,5,209,118,0,118,327
08/13/2023,ILM,NC,ASO,EN,Combined TRACON& Tower with Radar,62,17,50,18,147,0,2,57,6,65,62,19,107,24,212,38,0,38,250
08/14/2023,ILM,NC,ASO,EN,Combined TRACON& Tower with Radar,59,25,36,12,132,0,3,27,4,34,59,28,63,16,166,16,6,22,188
08/15/2023,ILM,NC,ASO,EN,Combined TRACON& Tower with Radar,48,27,32,12,119,0,0,42,8,50,48,27,74,20,169,56,0,56,225
08/16/2023,ILM,NC,ASO,EN,Combined TRACON& Tower with Radar,48,26,29,10,113,0,2,36,0,38,48,28,65,10,151,89,38,127,278
08/17/2023,ILM,NC,ASO,EN,Combined TRACON& Tower with Radar,59,28,30,8,125,0,1,31,3,35,59,29,61,11,160,48,2,50,210
08/18/2023,ILM,NC,ASO,EN,Combined TRACON& Tower with Radar,54,21,55,10,140,0,12,86,2,100,54,33,141,12,240,36,6,42,282
08/19/2023,ILM,NC,ASO,EN,Combined TRACON& Tower with Radar,46,18,51,3,118,0,8,76,0,84,46,26,127,3,202,112,0,112,314
08/20/2023,ILM,NC,ASO,EN,Combined TRACON& Tower with Radar,57,25,34,3,119,0,0,67,0,67,57,25,101,3,186,26,0,26,212
08/21/2023,ILM,NC,ASO,EN,Combined TRACON& Tower with Radar,55,19,52,17,143,0,3,42,1,46,55,22,94,18,189,50,18,68,257
08/22/2023,ILM,NC,ASO,EN,Combined TRACON& Tower with Radar,47,22,43,5,117,0,6,61,7,74,47,28,104,12,191,82,6,88,279
08/23/2023,ILM,NC,ASO,EN,Combined TRACON& Tower with Radar,47,33,40,4,124,0,3,68,5,76,47,36,108,9,200,150,8,158,358
08/24/2023,ILM,NC,ASO,EN,Combined TRACON& Tower with Radar,58,27,59,9,153,0,2,54,4,60,58,29,113,13,213,74,10,84,297
08/25/2023,ILM,NC,ASO,EN,Combined TRACON& Tower with Radar,54,22,49,21,146,0,8,44,15,67,54,30,93,36,213,62,34,96,309
08/26/2023,ILM,NC,ASO,EN,Combined TRACON& Tower with Radar,45,16,37,2,100,0,7,58,0,65,45,23,95,2,165,40,0,40,205
08/27/2023,ILM,NC,ASO,EN,Combined TRACON& Tower with Radar,55,16,41,2,114,0,0,29,0,29,55,16,70,2,143,28,0,28,171
08/28/2023,ILM,NC,ASO,EN,Combined TRACON& Tower with Radar,56,19,41,44,160,0,2,32,8,42,56,21,73,52,202,110,28,138,340
08/29/2023,ILM,NC,ASO,EN,Combined TRACON& Tower with Radar,46,21,44,18,129,0,3,39,9,51,46,24,83,27,180,44,8,52,232
08/30/2023,ILM,NC,ASO,EN,Combined TRACON& Tower with Radar,42,13,18,1,74,0,0,8,0,8,42,13,26,1,82,28,0,28,110
08/31/2023,ILM,NC,ASO,EN,Combined TRACON& Tower with Radar,46,14,11,1,72,0,3,5,0,8,46,17,16,1,80,0,0,0,80
