01/01/2020,IND,IN,AGL,CE,Combined TRACON& Tower with Radar,222,42,5,0,269,0,10,8,0,18,222,52,13,0,287,0,0,0,287
01/02/2020,IND,IN,AGL,CE,Combined TRACON& Tower with Radar,398,75,26,0,499,0,108,3,2,113,398,183,29,2,612,0,0,0,612
01/03/2020,IND,IN,AGL,CE,Combined TRACON& Tower with Radar,443,72,17,0,532,0,0,0,0,0,443,72,17,0,532,0,0,0,532
01/04/2020,IND,IN,AGL,CE,Combined TRACON& Tower with Radar,277,62,20,0,359,0,0,0,0,0,277,62,20,0,359,0,0,0,359
01/05/2020,IND,IN,AGL,CE,Combined TRACON& Tower with Radar,251,63,24,0,338,0,131,4,3,138,251,194,28,3,476,0,0,0,476
01/06/2020,IND,IN,AGL,CE,Combined TRACON& Tower with Radar,288,66,25,2,381,0,148,4,0,152,288,214,29,2,533,0,0,0,533
01/07/2020,IND,IN,AGL,CE,Combined TRACON& Tower with Radar,396,65,37,0,498,0,161,7,0,168,396,226,44,0,666,0,0,0,666
01/08/2020,IND,IN,AGL,CE,Combined TRACON& Tower with Radar,397,63,58,2,520,0,156,10,1,167,397,219,68,3,687,0,0,0,687
01/09/2020,IND,IN,AGL,CE,Combined TRACON& Tower with Radar,401,63,38,0,502,2,83,0,0,85,403,146,38,0,587,0,0,0,587
01/10/2020,IND,IN,AGL,CE,Combined TRACON& Tower with Radar,368,57,26,0,451,0,0,0,0,0,368,57,26,0,451,0,0,0,451
01/11/2020,IND,IN,AGL,CE,Combined TRACON& Tower with Radar,251,24,8,0,283,0,1,0,0,1,251,25,8,0,284,0,0,0,284
01/12/2020,IND,IN,AGL,CE,Combined TRACON& Tower with Radar,252,49,16,0,317,0,0,2,0,2,252,49,18,0,319,0,0,0,319
01/13/2020,IND,IN,AGL,CE,Combined TRACON& Tower with Radar,277,73,29,9,388,0,66,4,0,70,277,139,33,9,458,0,0,0,458
01/14/2020,IND,IN,AGL,CE,Combined TRACON& Tower with Radar,412,90,41,0,543,0,19,2,0,21,412,109,43,0,564,0,0,0,564
01/15/2020,IND,IN,AGL,CE,Combined TRACON& Tower with Radar,410,67,44,1,522,0,0,0,0,0,410,67,44,1,522,0,0,0,522
01/16/2020,IND,IN,AGL,CE,Combined TRACON& Tower with Radar,410,71,53,1,535,0,126,16,0,142,410,197,69,1,677,0,0,0,677
01/17/2020,IND,IN,AGL,CE,Combined TRACON& Tower with Radar,379,63,26,0,468,0,164,3,0,167,379,227,29,0,635,0,0,0,635
01/18/2020,IND,IN,AGL,CE,Combined TRACON& Tower with Radar,244,31,10,0,285,0,0,0,0,0,244,31,10,0,285,0,0,0,285
01/19/2020,IND,IN,AGL,CE,Combined TRACON& Tower with Radar,235,47,21,0,303,0,0,0,0,0,235,47,21,0,303,0,0,0,303
01/20/2020,IND,IN,AGL,CE,Combined TRACON& Tower with Radar,279,65,34,0,378,0,138,0,0,138,279,203,34,0,516,0,0,0,516
01/21/2020,IND,IN,AGL,CE,Combined TRACON& Tower with Radar,400,62,30,0,492,0,165,0,0,165,400,227,30,0,657,0,0,0,657
01/22/2020,IND,IN,AGL,CE,Combined TRACON& Tower with Radar,399,55,42,0,496,0,202,13,1,216,399,257,55,1,712,0,0,0,712
01/23/2020,IND,IN,AGL,CE,Combined TRACON& Tower with Radar,417,69,46,0,532,0,141,1,0,142,417,210,47,0,674,0,0,0,674
01/24/2020,IND,IN,AGL,CE,Combined TRACON& Tower with Radar,382,46,26,0,454,0,0,0,0,0,382,46,26,0,454,0,0,0,454
01/25/2020,IND,IN,AGL,CE,Combined TRACON& Tower with Radar,247,32,17,0,296,0,0,0,0,0,247,32,17,0,296,0,0,0,296
01/26/2020,IND,IN,AGL,CE,Combined TRACON& Tower with Radar,264,65,22,0,351,0,32,0,0,32,264,97,22,0,383,0,0,0,383
01/27/2020,IND,IN,AGL,CE,Combined TRACON& Tower with Radar,289,52,30,2,373,0,3,0,0,3,289,55,30,2,376,0,0,0,376
01/28/2020,IND,IN,AGL,CE,Combined TRACON& Tower with Radar,412,61,33,2,508,0,0,0,0,0,412,61,33,2,508,0,0,0,508
01/29/2020,IND,IN,AGL,CE,Combined TRACON& Tower with Radar,414,68,56,2,540,0,22,3,0,25,414,90,59,2,565,0,0,0,565
01/30/2020,IND,IN,AGL,CE,Combined TRACON& Tower with Radar,399,58,46,2,505,0,144,1,0,145,399,202,47,2,650,0,0,0,650
01/31/2020,IND,IN,AGL,CE,Combined TRACON& Tower with Radar,376,50,35,0,461,0,2,0,0,2,376,52,35,0,463,0,0,0,463
02/01/2020,IND,IN,AGL,CE,Combined TRACON& Tower with Radar,248,25,9,0,282,0,0,4,0,4,248,25,13,0,286,0,0,0,286
02/02/2020,IND,IN,AGL,CE,Combined TRACON& Tower with Radar,252,50,20,0,322,0,94,2,2,98,252,144,22,2,420,0,0,0,420
02/03/2020,IND,IN,AGL,CE,Combined TRACON& Tower with Radar,287,61,58,1,407,0,148,6,2,156,287,209,64,3,563,0,0,0,563
02/04/2020,IND,IN,AGL,CE,Combined TRACON& Tower with Radar,406,82,29,0,517,0,0,0,0,0,406,82,29,0,517,0,0,0,517
02/05/2020,IND,IN,AGL,CE,Combined TRACON& Tower with Radar,388,64,35,0,487,0,10,0,0,10,388,74,35,0,497,0,0,0,497
02/06/2020,IND,IN,AGL,CE,Combined TRACON& Tower with Radar,385,52,44,1,482,0,0,0,0,0,385,52,44,1,482,0,0,0,482
02/07/2020,IND,IN,AGL,CE,Combined TRACON& Tower with Radar,387,71,40,9,507,0,72,0,0,72,387,143,40,9,579,0,0,0,579
02/08/2020,IND,IN,AGL,CE,Combined TRACON& Tower with Radar,251,27,25,0,303,0,0,1,0,1,251,27,26,0,304,0,0,0,304
02/09/2020,IND,IN,AGL,CE,Combined TRACON& Tower with Radar,258,51,19,2,330,0,54,0,0,54,258,105,19,2,384,0,0,0,384
02/10/2020,IND,IN,AGL,CE,Combined TRACON& Tower with Radar,288,62,27,3,380,0,6,0,0,6,288,68,27,3,386,0,0,0,386
02/11/2020,IND,IN,AGL,CE,Combined TRACON& Tower with Radar,403,71,53,3,530,0,199,7,1,207,403,270,60,4,737,0,0,0,737
02/12/2020,IND,IN,AGL,CE,Combined TRACON& Tower with Radar,392,81,50,2,525,0,80,0,1,81,392,161,50,3,606,0,0,0,606
02/13/2020,IND,IN,AGL,CE,Combined TRACON& Tower with Radar,389,62,36,0,487,0,0,0,0,0,389,62,36,0,487,0,0,0,487
02/14/2020,IND,IN,AGL,CE,Combined TRACON& Tower with Radar,388,66,39,2,495,0,158,10,0,168,388,224,49,2,663,0,0,0,663
02/15/2020,IND,IN,AGL,CE,Combined TRACON& Tower with Radar,246,44,19,4,313,0,148,0,0,148,246,192,19,4,461,0,0,0,461
02/16/2020,IND,IN,AGL,CE,Combined TRACON& Tower with Radar,247,47,23,0,317,0,116,2,0,118,247,163,25,0,435,0,0,0,435
02/17/2020,IND,IN,AGL,CE,Combined TRACON& Tower with Radar,278,72,40,2,392,0,111,2,0,113,278,183,42,2,505,0,0,0,505
02/18/2020,IND,IN,AGL,CE,Combined TRACON& Tower with Radar,415,76,52,2,545,0,18,0,0,18,415,94,52,2,563,0,0,0,563
02/19/2020,IND,IN,AGL,CE,Combined TRACON& Tower with Radar,423,81,62,7,573,0,180,32,0,212,423,261,94,7,785,0,0,0,785
02/20/2020,IND,IN,AGL,CE,Combined TRACON& Tower with Radar,405,74,42,2,523,0,166,29,2,197,405,240,71,4,720,0,0,0,720
02/21/2020,IND,IN,AGL,CE,Combined TRACON& Tower with Radar,374,68,27,7,476,0,152,6,0,158,374,220,33,7,634,0,0,0,634
02/22/2020,IND,IN,AGL,CE,Combined TRACON& Tower with Radar,241,57,17,1,316,0,127,4,1,132,241,184,21,2,448,0,0,0,448
02/23/2020,IND,IN,AGL,CE,Combined TRACON& Tower with Radar,260,59,36,2,357,0,127,5,0,132,260,186,41,2,489,0,0,0,489
02/24/2020,IND,IN,AGL,CE,Combined TRACON& Tower with Radar,293,74,35,2,404,0,0,1,0,1,293,74,36,2,405,0,0,0,405
02/25/2020,IND,IN,AGL,CE,Combined TRACON& Tower with Radar,415,83,48,2,548,0,0,0,0,0,415,83,48,2,548,0,0,0,548
02/26/2020,IND,IN,AGL,CE,Combined TRACON& Tower with Radar,419,66,54,2,541,0,0,0,0,0,419,66,54,2,541,0,0,0,541
02/27/2020,IND,IN,AGL,CE,Combined TRACON& Tower with Radar,414,81,43,3,541,0,85,2,0,87,414,166,45,3,628,0,0,0,628
02/28/2020,IND,IN,AGL,CE,Combined TRACON& Tower with Radar,373,65,52,0,490,0,64,1,0,65,373,129,53,0,555,0,0,0,555
02/29/2020,IND,IN,AGL,CE,Combined TRACON& Tower with Radar,248,73,21,0,342,0,160,7,1,168,248,233,28,1,510,0,0,0,510
03/01/2020,IND,IN,AGL,CE,Combined TRACON& Tower with Radar,258,70,27,0,355,0,106,0,0,106,258,176,27,0,461,0,0,0,461
03/02/2020,IND,IN,AGL,CE,Combined TRACON& Tower with Radar,289,84,26,0,399,0,0,0,0,0,289,84,26,0,399,0,0,0,399
03/03/2020,IND,IN,AGL,CE,Combined TRACON& Tower with Radar,418,81,49,5,553,0,109,0,0,109,418,190,49,5,662,0,0,0,662
03/04/2020,IND,IN,AGL,CE,Combined TRACON& Tower with Radar,428,74,52,4,558,0,137,15,2,154,428,211,67,6,712,0,0,0,712
03/05/2020,IND,IN,AGL,CE,Combined TRACON& Tower with Radar,409,66,38,0,513,0,174,11,0,185,409,240,49,0,698,0,0,0,698
03/06/2020,IND,IN,AGL,CE,Combined TRACON& Tower with Radar,378,56,31,2,467,0,7,7,0,14,378,63,38,2,481,0,0,0,481
03/07/2020,IND,IN,AGL,CE,Combined TRACON& Tower with Radar,292,40,18,6,356,0,151,6,0,157,292,191,24,6,513,0,0,0,513
03/08/2020,IND,IN,AGL,CE,Combined TRACON& Tower with Radar,284,67,4,0,355,0,101,7,2,110,284,168,11,2,465,0,0,0,465
03/09/2020,IND,IN,AGL,CE,Combined TRACON& Tower with Radar,302,65,20,1,388,0,55,3,0,58,302,120,23,1,446,0,0,0,446
03/10/2020,IND,IN,AGL,CE,Combined TRACON& Tower with Radar,413,83,37,0,533,0,0,0,0,0,413,83,37,0,533,0,0,0,533
03/11/2020,IND,IN,AGL,CE,Combined TRACON& Tower with Radar,436,86,30,0,552,0,0,1,0,1,436,86,31,0,553,0,0,0,553
03/12/2020,IND,IN,AGL,CE,Combined TRACON& Tower with Radar,412,114,27,0,553,0,36,1,0,37,412,150,28,0,590,0,0,0,590
03/13/2020,IND,IN,AGL,CE,Combined TRACON& Tower with Radar,392,75,34,0,501,0,173,9,0,182,392,248,43,0,683,0,0,0,683
03/14/2020,IND,IN,AGL,CE,Combined TRACON& Tower with Radar,294,57,23,0,374,0,12,2,0,14,294,69,25,0,388,0,0,0,388
03/15/2020,IND,IN,AGL,CE,Combined TRACON& Tower with Radar,294,48,13,0,355,0,108,7,0,115,294,156,20,0,470,0,0,0,470
03/16/2020,IND,IN,AGL,CE,Combined TRACON& Tower with Radar,296,69,15,0,380,0,112,3,0,115,296,181,18,0,495,0,0,0,495
03/17/2020,IND,IN,AGL,CE,Combined TRACON& Tower with Radar,412,71,9,0,492,0,119,6,0,125,412,190,15,0,617,0,0,0,617
03/18/2020,IND,IN,AGL,CE,Combined TRACON& Tower with Radar,424,84,24,0,532,0,34,0,0,34,424,118,24,0,566,0,0,0,566
03/19/2020,IND,IN,AGL,CE,Combined TRACON& Tower with Radar,376,59,24,0,459,0,0,0,0,0,376,59,24,0,459,0,0,0,459
03/20/2020,IND,IN,AGL,CE,Combined TRACON& Tower with Radar,345,57,11,4,417,0,8,0,0,8,345,65,11,4,425,0,0,0,425
03/21/2020,IND,IN,AGL,CE,Combined TRACON& Tower with Radar,274,36,16,0,326,0,129,7,0,136,274,165,23,0,462,0,0,0,462
03/22/2020,IND,IN,AGL,CE,Combined TRACON& Tower with Radar,239,32,1,0,272,0,84,2,0,86,239,116,3,0,358,0,0,0,358
03/23/2020,IND,IN,AGL,CE,Combined TRACON& Tower with Radar,229,28,10,0,267,0,7,0,0,7,229,35,10,0,274,0,0,0,274
03/24/2020,IND,IN,AGL,CE,Combined TRACON& Tower with Radar,329,60,8,0,397,0,101,5,0,106,329,161,13,0,503,0,0,0,503
03/25/2020,IND,IN,AGL,CE,Combined TRACON& Tower with Radar,339,33,9,0,381,0,0,4,0,4,339,33,13,0,385,0,0,0,385
03/26/2020,IND,IN,AGL,CE,Combined TRACON& Tower with Radar,290,31,8,2,331,0,0,1,0,1,290,31,9,2,332,0,0,0,332
03/27/2020,IND,IN,AGL,CE,Combined TRACON& Tower with Radar,249,32,5,0,286,0,0,0,0,0,249,32,5,0,286,0,0,0,286
03/28/2020,IND,IN,AGL,CE,Combined TRACON& Tower with Radar,172,19,3,2,196,0,0,0,0,0,172,19,3,2,196,0,0,0,196
03/29/2020,IND,IN,AGL,CE,Combined TRACON& Tower with Radar,157,29,3,0,189,0,1,1,0,2,157,30,4,0,191,0,0,0,191
03/30/2020,IND,IN,AGL,CE,Combined TRACON& Tower with Radar,161,23,4,0,188,0,1,2,0,3,161,24,6,0,191,0,0,0,191
03/31/2020,IND,IN,AGL,CE,Combined TRACON& Tower with Radar,288,28,14,2,332,0,1,2,0,3,288,29,16,2,335,0,0,0,335
04/01/2020,IND,IN,AGL,CE,Combined TRACON& Tower with Radar,308,22,4,0,334,0,0,2,0,2,308,22,6,0,336,0,0,0,336
04/02/2020,IND,IN,AGL,CE,Combined TRACON& Tower with Radar,253,21,15,0,289,0,0,6,0,6,253,21,21,0,295,0,0,0,295
04/03/2020,IND,IN,AGL,CE,Combined TRACON& Tower with Radar,202,22,18,2,244,0,2,3,0,5,202,24,21,2,249,0,0,0,249
04/04/2020,IND,IN,AGL,CE,Combined TRACON& Tower with Radar,145,10,4,0,159,0,0,1,0,1,145,10,5,0,160,0,0,0,160
04/05/2020,IND,IN,AGL,CE,Combined TRACON& Tower with Radar,126,15,10,0,151,0,0,1,0,1,126,15,11,0,152,0,0,0,152
04/06/2020,IND,IN,AGL,CE,Combined TRACON& Tower with Radar,123,10,2,0,135,0,0,1,0,1,123,10,3,0,136,0,0,0,136
04/07/2020,IND,IN,AGL,CE,Combined TRACON& Tower with Radar,256,24,3,2,285,0,2,7,0,9,256,26,10,2,294,0,0,0,294
04/08/2020,IND,IN,AGL,CE,Combined TRACON& Tower with Radar,259,23,7,0,289,0,0,2,0,2,259,23,9,0,291,0,0,0,291
04/09/2020,IND,IN,AGL,CE,Combined TRACON& Tower with Radar,239,28,4,2,273,0,0,11,0,11,239,28,15,2,284,0,0,0,284
04/10/2020,IND,IN,AGL,CE,Combined TRACON& Tower with Radar,185,18,8,0,211,0,1,1,0,2,185,19,9,0,213,0,0,0,213
04/11/2020,IND,IN,AGL,CE,Combined TRACON& Tower with Radar,107,4,6,0,117,0,0,2,0,2,107,4,8,0,119,0,0,0,119
04/12/2020,IND,IN,AGL,CE,Combined TRACON& Tower with Radar,78,8,5,0,91,0,1,3,0,4,78,9,8,0,95,0,0,0,95
04/13/2020,IND,IN,AGL,CE,Combined TRACON& Tower with Radar,113,14,5,0,132,0,0,1,0,1,113,14,6,0,133,0,0,0,133
04/14/2020,IND,IN,AGL,CE,Combined TRACON& Tower with Radar,213,22,7,0,242,0,0,2,0,2,213,22,9,0,244,0,0,0,244
04/15/2020,IND,IN,AGL,CE,Combined TRACON& Tower with Radar,216,22,14,0,252,0,0,0,0,0,216,22,14,0,252,0,0,0,252
04/16/2020,IND,IN,AGL,CE,Combined TRACON& Tower with Radar,203,16,6,3,228,3,4,12,0,19,206,20,18,3,247,0,0,0,247
04/17/2020,IND,IN,AGL,CE,Combined TRACON& Tower with Radar,150,21,5,0,176,0,1,0,0,1,150,22,5,0,177,0,0,0,177
04/18/2020,IND,IN,AGL,CE,Combined TRACON& Tower with Radar,80,7,12,2,101,0,0,5,0,5,80,7,17,2,106,0,0,0,106
04/19/2020,IND,IN,AGL,CE,Combined TRACON& Tower with Radar,64,17,1,0,82,0,0,2,0,2,64,17,3,0,84,0,0,0,84
04/20/2020,IND,IN,AGL,CE,Combined TRACON& Tower with Radar,81,8,15,3,107,0,0,0,0,0,81,8,15,3,107,0,0,0,107
04/21/2020,IND,IN,AGL,CE,Combined TRACON& Tower with Radar,202,17,9,2,230,0,1,4,0,5,202,18,13,2,235,0,0,0,235
04/22/2020,IND,IN,AGL,CE,Combined TRACON& Tower with Radar,212,21,13,2,248,0,1,7,0,8,212,22,20,2,256,0,0,0,256
04/23/2020,IND,IN,AGL,CE,Combined TRACON& Tower with Radar,199,29,16,0,244,0,0,0,0,0,199,29,16,0,244,0,0,0,244
04/24/2020,IND,IN,AGL,CE,Combined TRACON& Tower with Radar,158,24,20,2,204,0,0,4,0,4,158,24,24,2,208,0,0,0,208
04/25/2020,IND,IN,AGL,CE,Combined TRACON& Tower with Radar,88,5,9,0,102,0,0,0,0,0,88,5,9,0,102,0,0,0,102
04/26/2020,IND,IN,AGL,CE,Combined TRACON& Tower with Radar,61,2,8,0,71,0,0,4,0,4,61,2,12,0,75,0,0,0,75
04/27/2020,IND,IN,AGL,CE,Combined TRACON& Tower with Radar,93,6,12,2,113,0,2,11,0,13,93,8,23,2,126,0,0,0,126
04/28/2020,IND,IN,AGL,CE,Combined TRACON& Tower with Radar,206,17,14,2,239,0,0,4,0,4,206,17,18,2,243,0,0,0,243
04/29/2020,IND,IN,AGL,CE,Combined TRACON& Tower with Radar,208,18,7,2,235,0,0,1,0,1,208,18,8,2,236,0,0,0,236
04/30/2020,IND,IN,AGL,CE,Combined TRACON& Tower with Radar,194,23,16,0,233,0,0,0,0,0,194,23,16,0,233,0,0,0,233
05/01/2020,IND,IN,AGL,CE,Combined TRACON& Tower with Radar,173,22,20,2,217,0,2,12,0,14,173,24,32,2,231,0,0,0,231
05/02/2020,IND,IN,AGL,CE,Combined TRACON& Tower with Radar,89,9,10,0,108,0,0,6,2,8,89,9,16,2,116,0,0,0,116
05/03/2020,IND,IN,AGL,CE,Combined TRACON& Tower with Radar,82,14,0,0,96,0,0,4,0,4,82,14,4,0,100,0,0,0,100
05/04/2020,IND,IN,AGL,CE,Combined TRACON& Tower with Radar,90,15,24,4,133,0,0,6,0,6,90,15,30,4,139,0,0,0,139
05/05/2020,IND,IN,AGL,CE,Combined TRACON& Tower with Radar,210,18,14,2,244,0,0,1,0,1,210,18,15,2,245,0,0,0,245
05/06/2020,IND,IN,AGL,CE,Combined TRACON& Tower with Radar,218,21,15,4,258,0,0,8,0,8,218,21,23,4,266,0,0,0,266
05/07/2020,IND,IN,AGL,CE,Combined TRACON& Tower with Radar,195,24,13,6,238,0,0,2,0,2,195,24,15,6,240,0,0,0,240
05/08/2020,IND,IN,AGL,CE,Combined TRACON& Tower with Radar,163,23,14,2,202,0,0,3,0,3,163,23,17,2,205,0,0,0,205
05/09/2020,IND,IN,AGL,CE,Combined TRACON& Tower with Radar,77,7,12,5,101,0,1,13,0,14,77,8,25,5,115,0,0,0,115
05/10/2020,IND,IN,AGL,CE,Combined TRACON& Tower with Radar,68,11,3,0,82,0,0,2,0,2,68,11,5,0,84,0,0,0,84
05/11/2020,IND,IN,AGL,CE,Combined TRACON& Tower with Radar,95,17,18,0,130,0,0,7,0,7,95,17,25,0,137,0,0,0,137
05/12/2020,IND,IN,AGL,CE,Combined TRACON& Tower with Radar,207,24,16,0,247,0,2,4,0,6,207,26,20,0,253,0,0,0,253
05/13/2020,IND,IN,AGL,CE,Combined TRACON& Tower with Radar,215,23,18,0,256,0,10,3,0,13,215,33,21,0,269,0,0,0,269
05/14/2020,IND,IN,AGL,CE,Combined TRACON& Tower with Radar,202,26,18,2,248,0,8,2,0,10,202,34,20,2,258,0,0,0,258
05/15/2020,IND,IN,AGL,CE,Combined TRACON& Tower with Radar,166,34,10,2,212,0,5,2,0,7,166,39,12,2,219,0,0,0,219
05/16/2020,IND,IN,AGL,CE,Combined TRACON& Tower with Radar,82,7,6,0,95,0,36,4,0,40,82,43,10,0,135,0,0,0,135
05/17/2020,IND,IN,AGL,CE,Combined TRACON& Tower with Radar,67,12,8,0,87,0,21,0,0,21,67,33,8,0,108,0,0,0,108
05/18/2020,IND,IN,AGL,CE,Combined TRACON& Tower with Radar,100,31,13,0,144,0,12,0,0,12,100,43,13,0,156,0,0,0,156
05/19/2020,IND,IN,AGL,CE,Combined TRACON& Tower with Radar,204,44,7,2,257,0,1,0,0,1,204,45,7,2,258,0,0,0,258
05/20/2020,IND,IN,AGL,CE,Combined TRACON& Tower with Radar,221,34,15,0,270,0,5,0,0,5,221,39,15,0,275,0,0,0,275
05/21/2020,IND,IN,AGL,CE,Combined TRACON& Tower with Radar,216,45,15,4,280,0,6,0,2,8,216,51,15,6,288,0,0,0,288
05/22/2020,IND,IN,AGL,CE,Combined TRACON& Tower with Radar,176,44,8,0,228,0,33,5,0,38,176,77,13,0,266,0,0,0,266
05/23/2020,IND,IN,AGL,CE,Combined TRACON& Tower with Radar,96,10,16,0,122,0,44,7,0,51,96,54,23,0,173,0,0,0,173
05/24/2020,IND,IN,AGL,CE,Combined TRACON& Tower with Radar,78,15,12,2,107,0,39,5,0,44,78,54,17,2,151,0,0,0,151
05/25/2020,IND,IN,AGL,CE,Combined TRACON& Tower with Radar,82,9,10,0,101,0,0,8,2,10,82,9,18,2,111,0,0,0,111
05/26/2020,IND,IN,AGL,CE,Combined TRACON& Tower with Radar,80,21,15,2,118,0,50,8,2,60,80,71,23,4,178,0,0,0,178
05/27/2020,IND,IN,AGL,CE,Combined TRACON& Tower with Radar,223,32,25,4,284,0,52,4,0,56,223,84,29,4,340,0,0,0,340
05/28/2020,IND,IN,AGL,CE,Combined TRACON& Tower with Radar,217,48,22,0,287,0,22,0,0,22,217,70,22,0,309,0,0,0,309
05/29/2020,IND,IN,AGL,CE,Combined TRACON& Tower with Radar,179,43,20,0,242,0,33,3,0,36,179,76,23,0,278,0,0,0,278
05/30/2020,IND,IN,AGL,CE,Combined TRACON& Tower with Radar,97,10,8,0,115,0,80,10,0,90,97,90,18,0,205,0,0,0,205
05/31/2020,IND,IN,AGL,CE,Combined TRACON& Tower with Radar,83,16,6,0,105,0,50,13,2,65,83,66,19,2,170,0,0,0,170
06/01/2020,IND,IN,AGL,CE,Combined TRACON& Tower with Radar,114,28,25,4,171,0,118,7,2,127,114,146,32,6,298,0,0,0,298
06/02/2020,IND,IN,AGL,CE,Combined TRACON& Tower with Radar,226,32,22,7,287,0,124,8,1,133,226,156,30,8,420,0,0,0,420
06/03/2020,IND,IN,AGL,CE,Combined TRACON& Tower with Radar,244,29,17,4,294,0,125,15,0,140,244,154,32,4,434,0,0,0,434
06/04/2020,IND,IN,AGL,CE,Combined TRACON& Tower with Radar,247,33,17,0,297,0,62,1,0,63,247,95,18,0,360,0,0,0,360
06/05/2020,IND,IN,AGL,CE,Combined TRACON& Tower with Radar,199,46,15,10,270,0,127,10,1,138,199,173,25,11,408,0,0,0,408
06/06/2020,IND,IN,AGL,CE,Combined TRACON& Tower with Radar,116,10,21,0,147,0,126,5,2,133,116,136,26,2,280,0,0,0,280
06/07/2020,IND,IN,AGL,CE,Combined TRACON& Tower with Radar,112,19,13,8,152,0,93,5,0,98,112,112,18,8,250,0,0,0,250
06/08/2020,IND,IN,AGL,CE,Combined TRACON& Tower with Radar,133,20,20,6,179,0,108,4,2,114,133,128,24,8,293,0,0,0,293
06/09/2020,IND,IN,AGL,CE,Combined TRACON& Tower with Radar,251,31,15,5,302,0,59,6,0,65,251,90,21,5,367,0,0,0,367
06/10/2020,IND,IN,AGL,CE,Combined TRACON& Tower with Radar,258,44,11,6,319,0,12,0,0,12,258,56,11,6,331,0,0,0,331
06/11/2020,IND,IN,AGL,CE,Combined TRACON& Tower with Radar,262,28,25,3,318,0,181,12,2,195,262,209,37,5,513,0,0,0,513
06/12/2020,IND,IN,AGL,CE,Combined TRACON& Tower with Radar,201,35,12,0,248,0,165,6,0,171,201,200,18,0,419,0,0,0,419
06/13/2020,IND,IN,AGL,CE,Combined TRACON& Tower with Radar,124,22,15,0,161,0,143,5,0,148,124,165,20,0,309,0,0,0,309
06/14/2020,IND,IN,AGL,CE,Combined TRACON& Tower with Radar,113,24,10,0,147,0,101,3,0,104,113,125,13,0,251,0,0,0,251
06/15/2020,IND,IN,AGL,CE,Combined TRACON& Tower with Radar,137,23,17,0,177,0,134,6,0,140,137,157,23,0,317,0,0,0,317
06/16/2020,IND,IN,AGL,CE,Combined TRACON& Tower with Radar,258,27,24,4,313,0,136,4,0,140,258,163,28,4,453,0,0,0,453
06/17/2020,IND,IN,AGL,CE,Combined TRACON& Tower with Radar,260,28,30,4,322,0,148,11,0,159,260,176,41,4,481,0,0,0,481
06/18/2020,IND,IN,AGL,CE,Combined TRACON& Tower with Radar,266,36,29,2,333,0,143,8,0,151,266,179,37,2,484,0,0,0,484
06/19/2020,IND,IN,AGL,CE,Combined TRACON& Tower with Radar,207,25,16,0,248,0,141,12,0,153,207,166,28,0,401,0,0,0,401
06/20/2020,IND,IN,AGL,CE,Combined TRACON& Tower with Radar,129,13,6,0,148,0,97,12,0,109,129,110,18,0,257,0,0,0,257
06/21/2020,IND,IN,AGL,CE,Combined TRACON& Tower with Radar,116,22,21,0,159,0,49,3,0,52,116,71,24,0,211,0,0,0,211
06/22/2020,IND,IN,AGL,CE,Combined TRACON& Tower with Radar,140,61,24,0,225,0,22,1,0,23,140,83,25,0,248,0,0,0,248
06/23/2020,IND,IN,AGL,CE,Combined TRACON& Tower with Radar,273,51,24,0,348,0,30,7,0,37,273,81,31,0,385,0,0,0,385
06/24/2020,IND,IN,AGL,CE,Combined TRACON& Tower with Radar,282,37,29,2,350,0,147,15,0,162,282,184,44,2,512,0,0,0,512
06/25/2020,IND,IN,AGL,CE,Combined TRACON& Tower with Radar,270,37,22,0,329,0,168,17,0,185,270,205,39,0,514,0,0,0,514
06/26/2020,IND,IN,AGL,CE,Combined TRACON& Tower with Radar,218,37,9,2,266,0,147,3,0,150,218,184,12,2,416,0,0,0,416
06/27/2020,IND,IN,AGL,CE,Combined TRACON& Tower with Radar,135,15,6,0,156,0,7,0,0,7,135,22,6,0,163,0,0,0,163
06/28/2020,IND,IN,AGL,CE,Combined TRACON& Tower with Radar,124,32,9,0,165,0,27,2,0,29,124,59,11,0,194,0,0,0,194
06/29/2020,IND,IN,AGL,CE,Combined TRACON& Tower with Radar,150,39,14,2,205,0,79,1,0,80,150,118,15,2,285,0,0,0,285
06/30/2020,IND,IN,AGL,CE,Combined TRACON& Tower with Radar,278,38,27,0,343,0,78,4,0,82,278,116,31,0,425,0,0,0,425
07/01/2020,IND,IN,AGL,CE,Combined TRACON& Tower with Radar,285,43,25,2,355,0,151,6,0,157,285,194,31,2,512,0,0,0,512
07/02/2020,IND,IN,AGL,CE,Combined TRACON& Tower with Radar,279,35,27,0,341,0,164,8,1,173,279,199,35,1,514,0,0,0,514
07/03/2020,IND,IN,AGL,CE,Combined TRACON& Tower with Radar,235,26,33,0,294,0,107,10,0,117,235,133,43,0,411,0,0,0,411
07/04/2020,IND,IN,AGL,CE,Combined TRACON& Tower with Radar,111,13,27,0,151,0,4,7,0,11,111,17,34,0,162,0,0,0,162
07/05/2020,IND,IN,AGL,CE,Combined TRACON& Tower with Radar,152,16,74,0,242,0,66,4,0,70,152,82,78,0,312,0,0,0,312
07/06/2020,IND,IN,AGL,CE,Combined TRACON& Tower with Radar,184,27,19,0,230,0,65,0,1,66,184,92,19,1,296,0,0,0,296
07/07/2020,IND,IN,AGL,CE,Combined TRACON& Tower with Radar,312,38,27,0,377,0,99,7,0,106,312,137,34,0,483,0,0,0,483
07/08/2020,IND,IN,AGL,CE,Combined TRACON& Tower with Radar,337,52,33,2,424,0,107,9,0,116,337,159,42,2,540,0,0,0,540
07/09/2020,IND,IN,AGL,CE,Combined TRACON& Tower with Radar,314,48,36,2,400,0,148,4,2,154,314,196,40,4,554,0,0,0,554
07/10/2020,IND,IN,AGL,CE,Combined TRACON& Tower with Radar,265,41,24,0,330,0,63,3,0,66,265,104,27,0,396,0,0,0,396
07/11/2020,IND,IN,AGL,CE,Combined TRACON& Tower with Radar,182,32,12,0,226,0,123,4,1,128,182,155,16,1,354,0,0,0,354
07/12/2020,IND,IN,AGL,CE,Combined TRACON& Tower with Radar,167,45,14,0,226,0,104,8,0,112,167,149,22,0,338,0,0,0,338
07/13/2020,IND,IN,AGL,CE,Combined TRACON& Tower with Radar,195,23,10,5,233,0,167,4,1,172,195,190,14,6,405,0,0,0,405
07/14/2020,IND,IN,AGL,CE,Combined TRACON& Tower with Radar,312,46,27,0,385,0,141,7,1,149,312,187,34,1,534,0,0,0,534
07/15/2020,IND,IN,AGL,CE,Combined TRACON& Tower with Radar,313,39,22,8,382,0,138,2,0,140,313,177,24,8,522,0,0,0,522
07/16/2020,IND,IN,AGL,CE,Combined TRACON& Tower with Radar,333,56,30,6,425,0,20,6,0,26,333,76,36,6,451,0,0,0,451
07/17/2020,IND,IN,AGL,CE,Combined TRACON& Tower with Radar,270,52,41,5,368,0,136,6,0,142,270,188,47,5,510,0,0,0,510
07/18/2020,IND,IN,AGL,CE,Combined TRACON& Tower with Radar,174,25,7,0,206,0,135,7,0,142,174,160,14,0,348,0,0,0,348
07/19/2020,IND,IN,AGL,CE,Combined TRACON& Tower with Radar,180,21,27,0,228,0,66,0,0,66,180,87,27,0,294,0,0,0,294
07/20/2020,IND,IN,AGL,CE,Combined TRACON& Tower with Radar,200,31,12,0,243,0,129,4,0,133,200,160,16,0,376,0,0,0,376
07/21/2020,IND,IN,AGL,CE,Combined TRACON& Tower with Radar,304,29,43,0,376,0,95,1,0,96,304,124,44,0,472,0,0,0,472
07/22/2020,IND,IN,AGL,CE,Combined TRACON& Tower with Radar,332,41,29,0,402,0,21,1,0,22,332,62,30,0,424,0,0,0,424
07/23/2020,IND,IN,AGL,CE,Combined TRACON& Tower with Radar,327,50,30,7,414,0,77,6,0,83,327,127,36,7,497,0,0,0,497
07/24/2020,IND,IN,AGL,CE,Combined TRACON& Tower with Radar,264,36,16,3,319,0,175,8,5,188,264,211,24,8,507,0,0,0,507
07/25/2020,IND,IN,AGL,CE,Combined TRACON& Tower with Radar,181,23,26,0,230,0,108,7,0,115,181,131,33,0,345,0,0,0,345
07/26/2020,IND,IN,AGL,CE,Combined TRACON& Tower with Radar,175,30,21,0,226,0,102,10,1,113,175,132,31,1,339,0,0,0,339
07/27/2020,IND,IN,AGL,CE,Combined TRACON& Tower with Radar,201,30,14,0,245,0,80,5,1,86,201,110,19,1,331,0,0,0,331
07/28/2020,IND,IN,AGL,CE,Combined TRACON& Tower with Radar,324,63,23,1,411,0,116,5,1,122,324,179,28,2,533,0,0,0,533
07/29/2020,IND,IN,AGL,CE,Combined TRACON& Tower with Radar,321,44,17,4,386,0,133,13,0,146,321,177,30,4,532,0,0,0,532
07/30/2020,IND,IN,AGL,CE,Combined TRACON& Tower with Radar,317,47,20,0,384,0,28,1,0,29,317,75,21,0,413,0,0,0,413
07/31/2020,IND,IN,AGL,CE,Combined TRACON& Tower with Radar,271,36,36,0,343,0,151,4,0,155,271,187,40,0,498,0,0,0,498
08/01/2020,IND,IN,AGL,CE,Combined TRACON& Tower with Radar,177,23,8,0,208,0,2,3,0,5,177,25,11,0,213,0,0,0,213
08/02/2020,IND,IN,AGL,CE,Combined TRACON& Tower with Radar,184,30,20,2,236,0,94,9,0,103,184,124,29,2,339,0,0,0,339
08/03/2020,IND,IN,AGL,CE,Combined TRACON& Tower with Radar,206,28,19,2,255,0,38,2,0,40,206,66,21,2,295,0,0,0,295
08/04/2020,IND,IN,AGL,CE,Combined TRACON& Tower with Radar,323,77,17,0,417,0,87,7,0,94,323,164,24,0,511,0,0,0,511
08/05/2020,IND,IN,AGL,CE,Combined TRACON& Tower with Radar,330,41,19,2,392,0,162,15,0,177,330,203,34,2,569,0,0,0,569
08/06/2020,IND,IN,AGL,CE,Combined TRACON& Tower with Radar,334,45,23,5,407,0,149,9,1,159,334,194,32,6,566,0,0,0,566
08/07/2020,IND,IN,AGL,CE,Combined TRACON& Tower with Radar,278,38,28,3,347,0,143,5,0,148,278,181,33,3,495,0,0,0,495
08/08/2020,IND,IN,AGL,CE,Combined TRACON& Tower with Radar,180,24,10,0,214,0,96,1,0,97,180,120,11,0,311,0,0,0,311
08/09/2020,IND,IN,AGL,CE,Combined TRACON& Tower with Radar,179,25,10,0,214,0,110,13,0,123,179,135,23,0,337,0,0,0,337
08/10/2020,IND,IN,AGL,CE,Combined TRACON& Tower with Radar,193,25,23,0,241,0,40,0,0,40,193,65,23,0,281,0,0,0,281
08/11/2020,IND,IN,AGL,CE,Combined TRACON& Tower with Radar,329,81,19,0,429,0,71,13,0,84,329,152,32,0,513,0,0,0,513
08/12/2020,IND,IN,AGL,CE,Combined TRACON& Tower with Radar,329,40,29,4,402,0,126,9,1,136,329,166,38,5,538,0,0,0,538
08/13/2020,IND,IN,AGL,CE,Combined TRACON& Tower with Radar,336,48,22,0,406,0,174,11,1,186,336,222,33,1,592,0,0,0,592
08/14/2020,IND,IN,AGL,CE,Combined TRACON& Tower with Radar,280,46,12,2,340,0,140,9,1,150,280,186,21,3,490,0,0,0,490
08/15/2020,IND,IN,AGL,CE,Combined TRACON& Tower with Radar,178,18,17,0,213,0,115,8,1,124,178,133,25,1,337,0,0,0,337
08/16/2020,IND,IN,AGL,CE,Combined TRACON& Tower with Radar,177,30,13,0,220,0,58,0,0,58,177,88,13,0,278,0,0,0,278
08/17/2020,IND,IN,AGL,CE,Combined TRACON& Tower with Radar,197,29,18,3,247,0,123,8,0,131,197,152,26,3,378,0,0,0,378
08/18/2020,IND,IN,AGL,CE,Combined TRACON& Tower with Radar,317,47,26,3,393,0,85,8,0,93,317,132,34,3,486,0,0,0,486
08/19/2020,IND,IN,AGL,CE,Combined TRACON& Tower with Radar,334,43,35,9,421,0,163,9,1,173,334,206,44,10,594,0,0,0,594
08/20/2020,IND,IN,AGL,CE,Combined TRACON& Tower with Radar,321,39,32,4,396,0,155,7,0,162,321,194,39,4,558,0,0,0,558
08/21/2020,IND,IN,AGL,CE,Combined TRACON& Tower with Radar,268,39,39,4,350,0,141,4,0,145,268,180,43,4,495,0,0,0,495
08/22/2020,IND,IN,AGL,CE,Combined TRACON& Tower with Radar,168,33,29,1,231,0,99,6,2,107,168,132,35,3,338,0,0,0,338
08/23/2020,IND,IN,AGL,CE,Combined TRACON& Tower with Radar,176,43,39,2,260,0,97,6,2,105,176,140,45,4,365,0,0,0,365
08/24/2020,IND,IN,AGL,CE,Combined TRACON& Tower with Radar,195,29,22,20,266,0,123,9,2,134,195,152,31,22,400,0,0,0,400
08/25/2020,IND,IN,AGL,CE,Combined TRACON& Tower with Radar,328,49,42,6,425,0,129,11,2,142,328,178,53,8,567,0,0,0,567
08/26/2020,IND,IN,AGL,CE,Combined TRACON& Tower with Radar,322,32,19,4,377,0,153,10,4,167,322,185,29,8,544,0,0,0,544
08/27/2020,IND,IN,AGL,CE,Combined TRACON& Tower with Radar,323,63,35,6,427,0,102,7,0,109,323,165,42,6,536,0,0,0,536
08/28/2020,IND,IN,AGL,CE,Combined TRACON& Tower with Radar,268,42,22,3,335,0,78,4,0,82,268,120,26,3,417,0,0,0,417
08/29/2020,IND,IN,AGL,CE,Combined TRACON& Tower with Radar,169,19,17,0,205,0,112,7,0,119,169,131,24,0,324,0,0,0,324
08/30/2020,IND,IN,AGL,CE,Combined TRACON& Tower with Radar,172,17,22,0,211,0,101,4,3,108,172,118,26,3,319,0,0,0,319
08/31/2020,IND,IN,AGL,CE,Combined TRACON& Tower with Radar,188,26,18,1,233,0,130,9,2,141,188,156,27,3,374,0,0,0,374
09/01/2020,IND,IN,AGL,CE,Combined TRACON& Tower with Radar,311,42,15,0,368,0,5,0,0,5,311,47,15,0,373,0,0,0,373
09/02/2020,IND,IN,AGL,CE,Combined TRACON& Tower with Radar,335,51,40,3,429,0,27,0,1,28,335,78,40,4,457,0,0,0,457
09/03/2020,IND,IN,AGL,CE,Combined TRACON& Tower with Radar,334,73,30,0,437,0,46,3,0,49,334,119,33,0,486,0,0,0,486
09/04/2020,IND,IN,AGL,CE,Combined TRACON& Tower with Radar,275,48,22,0,345,0,174,14,0,188,275,222,36,0,533,0,0,0,533
09/05/2020,IND,IN,AGL,CE,Combined TRACON& Tower with Radar,168,14,14,0,196,0,106,5,0,111,168,120,19,0,307,0,0,0,307
09/06/2020,IND,IN,AGL,CE,Combined TRACON& Tower with Radar,138,19,14,0,171,0,75,2,2,79,138,94,16,2,250,0,0,0,250
09/07/2020,IND,IN,AGL,CE,Combined TRACON& Tower with Radar,142,15,11,0,168,0,0,5,0,5,142,15,16,0,173,0,0,0,173
09/08/2020,IND,IN,AGL,CE,Combined TRACON& Tower with Radar,164,29,29,3,225,0,129,4,0,133,164,158,33,3,358,0,0,0,358
09/09/2020,IND,IN,AGL,CE,Combined TRACON& Tower with Radar,295,46,21,2,364,0,172,7,0,179,295,218,28,2,543,0,0,0,543
09/10/2020,IND,IN,AGL,CE,Combined TRACON& Tower with Radar,323,71,27,4,425,0,2,2,0,4,323,73,29,4,429,0,0,0,429
09/11/2020,IND,IN,AGL,CE,Combined TRACON& Tower with Radar,256,53,30,1,340,0,19,4,0,23,256,72,34,1,363,0,0,0,363
09/12/2020,IND,IN,AGL,CE,Combined TRACON& Tower with Radar,159,48,14,1,222,0,27,2,0,29,159,75,16,1,251,0,0,0,251
09/13/2020,IND,IN,AGL,CE,Combined TRACON& Tower with Radar,169,36,15,2,222,0,109,7,0,116,169,145,22,2,338,0,0,0,338
09/14/2020,IND,IN,AGL,CE,Combined TRACON& Tower with Radar,173,40,23,7,243,0,198,9,0,207,173,238,32,7,450,0,0,0,450
09/15/2020,IND,IN,AGL,CE,Combined TRACON& Tower with Radar,287,43,18,5,353,0,185,7,1,193,287,228,25,6,546,0,0,0,546
09/16/2020,IND,IN,AGL,CE,Combined TRACON& Tower with Radar,303,55,35,2,395,0,154,9,0,163,303,209,44,2,558,0,0,0,558
09/17/2020,IND,IN,AGL,CE,Combined TRACON& Tower with Radar,309,41,26,4,380,0,132,10,0,142,309,173,36,4,522,0,0,0,522
09/18/2020,IND,IN,AGL,CE,Combined TRACON& Tower with Radar,260,50,20,4,334,0,140,3,1,144,260,190,23,5,478,0,0,0,478
09/19/2020,IND,IN,AGL,CE,Combined TRACON& Tower with Radar,159,13,16,0,188,0,119,4,2,125,159,132,20,2,313,0,0,0,313
09/20/2020,IND,IN,AGL,CE,Combined TRACON& Tower with Radar,164,22,21,0,207,0,90,14,0,104,164,112,35,0,311,0,0,0,311
09/21/2020,IND,IN,AGL,CE,Combined TRACON& Tower with Radar,169,30,31,2,232,0,135,8,0,143,169,165,39,2,375,0,0,0,375
09/22/2020,IND,IN,AGL,CE,Combined TRACON& Tower with Radar,296,29,21,2,348,0,156,9,1,166,296,185,30,3,514,0,0,0,514
09/23/2020,IND,IN,AGL,CE,Combined TRACON& Tower with Radar,305,50,49,8,412,0,128,5,0,133,305,178,54,8,545,0,0,0,545
09/24/2020,IND,IN,AGL,CE,Combined TRACON& Tower with Radar,324,51,36,6,417,0,137,6,1,144,324,188,42,7,561,0,0,0,561
09/25/2020,IND,IN,AGL,CE,Combined TRACON& Tower with Radar,247,37,13,6,303,0,146,11,0,157,247,183,24,6,460,0,0,0,460
09/26/2020,IND,IN,AGL,CE,Combined TRACON& Tower with Radar,163,35,26,5,229,0,11,1,0,12,163,46,27,5,241,0,0,0,241
09/27/2020,IND,IN,AGL,CE,Combined TRACON& Tower with Radar,172,34,20,0,226,0,55,5,0,60,172,89,25,0,286,0,0,0,286
09/28/2020,IND,IN,AGL,CE,Combined TRACON& Tower with Radar,167,24,28,1,220,0,7,1,2,10,167,31,29,3,230,0,0,0,230
09/29/2020,IND,IN,AGL,CE,Combined TRACON& Tower with Radar,285,33,37,3,358,0,185,7,0,192,285,218,44,3,550,0,0,0,550
09/30/2020,IND,IN,AGL,CE,Combined TRACON& Tower with Radar,304,47,39,5,395,0,53,2,6,61,304,100,41,11,456,0,0,0,456
10/01/2020,IND,IN,AGL,CE,Combined TRACON& Tower with Radar,323,43,31,2,399,0,157,7,1,165,323,200,38,3,564,0,0,0,564
10/02/2020,IND,IN,AGL,CE,Combined TRACON& Tower with Radar,249,52,34,2,337,0,172,8,0,180,249,224,42,2,517,0,0,0,517
10/03/2020,IND,IN,AGL,CE,Combined TRACON& Tower with Radar,165,36,30,2,233,0,98,4,0,102,165,134,34,2,335,0,0,0,335
10/04/2020,IND,IN,AGL,CE,Combined TRACON& Tower with Radar,173,35,22,0,230,0,37,3,2,42,173,72,25,2,272,0,0,0,272
10/05/2020,IND,IN,AGL,CE,Combined TRACON& Tower with Radar,175,26,34,0,235,0,161,6,0,167,175,187,40,0,402,0,0,0,402
10/06/2020,IND,IN,AGL,CE,Combined TRACON& Tower with Radar,288,33,43,2,366,0,140,7,1,148,288,173,50,3,514,0,0,0,514
10/07/2020,IND,IN,AGL,CE,Combined TRACON& Tower with Radar,304,38,29,2,373,0,161,4,0,165,304,199,33,2,538,0,0,0,538
10/08/2020,IND,IN,AGL,CE,Combined TRACON& Tower with Radar,338,63,33,4,438,0,194,14,0,208,338,257,47,4,646,0,0,0,646
10/09/2020,IND,IN,AGL,CE,Combined TRACON& Tower with Radar,283,36,37,1,357,0,148,7,0,155,283,184,44,1,512,0,0,0,512
10/10/2020,IND,IN,AGL,CE,Combined TRACON& Tower with Radar,215,39,14,2,270,0,62,5,0,67,215,101,19,2,337,0,0,0,337
10/11/2020,IND,IN,AGL,CE,Combined TRACON& Tower with Radar,206,36,15,0,257,0,41,2,0,43,206,77,17,0,300,0,0,0,300
10/12/2020,IND,IN,AGL,CE,Combined TRACON& Tower with Radar,207,39,39,0,285,0,6,4,0,10,207,45,43,0,295,0,0,0,295
10/13/2020,IND,IN,AGL,CE,Combined TRACON& Tower with Radar,306,34,20,0,360,0,178,10,0,188,306,212,30,0,548,0,0,0,548
10/14/2020,IND,IN,AGL,CE,Combined TRACON& Tower with Radar,314,38,35,3,390,0,144,5,2,151,314,182,40,5,541,0,0,0,541
10/15/2020,IND,IN,AGL,CE,Combined TRACON& Tower with Radar,341,39,24,1,405,0,83,9,0,92,341,122,33,1,497,0,0,0,497
10/16/2020,IND,IN,AGL,CE,Combined TRACON& Tower with Radar,283,41,22,0,346,0,165,8,0,173,283,206,30,0,519,0,0,0,519
10/17/2020,IND,IN,AGL,CE,Combined TRACON& Tower with Radar,220,24,20,2,266,0,104,5,0,109,220,128,25,2,375,0,0,0,375
10/18/2020,IND,IN,AGL,CE,Combined TRACON& Tower with Radar,210,37,18,4,269,0,63,0,0,63,210,100,18,4,332,0,0,0,332
10/19/2020,IND,IN,AGL,CE,Combined TRACON& Tower with Radar,198,35,21,6,260,0,0,0,0,0,198,35,21,6,260,0,0,0,260
10/20/2020,IND,IN,AGL,CE,Combined TRACON& Tower with Radar,314,59,56,2,431,0,0,0,0,0,314,59,56,2,431,0,0,0,431
10/21/2020,IND,IN,AGL,CE,Combined TRACON& Tower with Radar,315,93,34,5,447,0,5,5,0,10,315,98,39,5,457,0,0,0,457
10/22/2020,IND,IN,AGL,CE,Combined TRACON& Tower with Radar,338,44,48,4,434,0,202,6,1,209,338,246,54,5,643,0,0,0,643
10/23/2020,IND,IN,AGL,CE,Combined TRACON& Tower with Radar,276,40,22,7,345,0,28,2,3,33,276,68,24,10,378,0,0,0,378
10/24/2020,IND,IN,AGL,CE,Combined TRACON& Tower with Radar,204,33,17,0,254,0,133,6,0,139,204,166,23,0,393,0,0,0,393
10/25/2020,IND,IN,AGL,CE,Combined TRACON& Tower with Radar,180,34,24,1,239,0,71,9,0,80,180,105,33,1,319,0,0,0,319
10/26/2020,IND,IN,AGL,CE,Combined TRACON& Tower with Radar,179,40,28,4,251,0,1,0,0,1,179,41,28,4,252,0,0,0,252
10/27/2020,IND,IN,AGL,CE,Combined TRACON& Tower with Radar,297,39,20,0,356,0,0,0,0,0,297,39,20,0,356,0,0,0,356
10/28/2020,IND,IN,AGL,CE,Combined TRACON& Tower with Radar,291,102,39,2,434,0,30,1,0,31,291,132,40,2,465,0,0,0,465
10/29/2020,IND,IN,AGL,CE,Combined TRACON& Tower with Radar,314,72,46,0,432,0,17,2,0,19,314,89,48,0,451,0,0,0,451
10/30/2020,IND,IN,AGL,CE,Combined TRACON& Tower with Radar,252,38,20,2,312,0,200,9,3,212,252,238,29,5,524,0,0,0,524
10/31/2020,IND,IN,AGL,CE,Combined TRACON& Tower with Radar,142,19,23,1,185,0,126,4,1,131,142,145,27,2,316,0,0,0,316
11/01/2020,IND,IN,AGL,CE,Combined TRACON& Tower with Radar,159,17,19,0,195,0,0,0,0,0,159,17,19,0,195,0,0,0,195
11/02/2020,IND,IN,AGL,CE,Combined TRACON& Tower with Radar,174,26,30,2,232,0,180,4,3,187,174,206,34,5,419,0,0,0,419
11/03/2020,IND,IN,AGL,CE,Combined TRACON& Tower with Radar,290,30,30,4,354,0,145,15,1,161,290,175,45,5,515,0,0,0,515
11/04/2020,IND,IN,AGL,CE,Combined TRACON& Tower with Radar,283,45,39,0,367,0,177,17,5,199,283,222,56,5,566,0,0,0,566
11/05/2020,IND,IN,AGL,CE,Combined TRACON& Tower with Radar,326,53,20,0,399,0,155,14,0,169,326,208,34,0,568,0,0,0,568
11/06/2020,IND,IN,AGL,CE,Combined TRACON& Tower with Radar,253,23,25,0,301,0,135,14,0,149,253,158,39,0,450,0,0,0,450
11/07/2020,IND,IN,AGL,CE,Combined TRACON& Tower with Radar,169,28,19,2,218,0,111,4,2,117,169,139,23,4,335,0,0,0,335
11/08/2020,IND,IN,AGL,CE,Combined TRACON& Tower with Radar,177,49,16,0,242,0,84,12,0,96,177,133,28,0,338,0,0,0,338
11/09/2020,IND,IN,AGL,CE,Combined TRACON& Tower with Radar,194,38,28,2,262,0,108,7,0,115,194,146,35,2,377,0,0,0,377
11/10/2020,IND,IN,AGL,CE,Combined TRACON& Tower with Radar,291,55,32,2,380,0,59,2,0,61,291,114,34,2,441,0,0,0,441
11/11/2020,IND,IN,AGL,CE,Combined TRACON& Tower with Radar,291,48,37,0,376,0,116,9,3,128,291,164,46,3,504,0,0,0,504
11/12/2020,IND,IN,AGL,CE,Combined TRACON& Tower with Radar,328,47,20,0,395,0,177,5,0,182,328,224,25,0,577,0,0,0,577
11/13/2020,IND,IN,AGL,CE,Combined TRACON& Tower with Radar,272,36,28,0,336,0,86,8,0,94,272,122,36,0,430,0,0,0,430
11/14/2020,IND,IN,AGL,CE,Combined TRACON& Tower with Radar,176,5,10,1,192,0,44,1,0,45,176,49,11,1,237,0,0,0,237
11/15/2020,IND,IN,AGL,CE,Combined TRACON& Tower with Radar,186,10,5,3,204,0,0,0,0,0,186,10,5,3,204,0,0,0,204
11/16/2020,IND,IN,AGL,CE,Combined TRACON& Tower with Radar,187,28,21,0,236,0,139,3,0,142,187,167,24,0,378,0,0,0,378
11/17/2020,IND,IN,AGL,CE,Combined TRACON& Tower with Radar,285,29,24,6,344,0,138,14,0,152,285,167,38,6,496,0,0,0,496
11/18/2020,IND,IN,AGL,CE,Combined TRACON& Tower with Radar,296,40,16,6,358,0,189,8,0,197,296,229,24,6,555,0,0,0,555
11/19/2020,IND,IN,AGL,CE,Combined TRACON& Tower with Radar,352,31,22,6,411,0,8,3,1,12,352,39,25,7,423,0,0,0,423
11/20/2020,IND,IN,AGL,CE,Combined TRACON& Tower with Radar,284,49,19,2,354,0,117,9,0,126,284,166,28,2,480,0,0,0,480
11/21/2020,IND,IN,AGL,CE,Combined TRACON& Tower with Radar,213,26,21,0,260,0,101,1,0,102,213,127,22,0,362,0,0,0,362
11/22/2020,IND,IN,AGL,CE,Combined TRACON& Tower with Radar,200,22,20,0,242,0,0,0,0,0,200,22,20,0,242,0,0,0,242
11/23/2020,IND,IN,AGL,CE,Combined TRACON& Tower with Radar,178,33,27,2,240,0,145,3,1,149,178,178,30,3,389,0,0,0,389
11/24/2020,IND,IN,AGL,CE,Combined TRACON& Tower with Radar,363,39,21,4,427,0,69,2,0,71,363,108,23,4,498,0,0,0,498
11/25/2020,IND,IN,AGL,CE,Combined TRACON& Tower with Radar,373,32,19,2,426,0,0,0,0,0,373,32,19,2,426,0,0,0,426
11/26/2020,IND,IN,AGL,CE,Combined TRACON& Tower with Radar,135,10,7,0,152,0,0,1,2,3,135,10,8,2,155,0,0,0,155
11/27/2020,IND,IN,AGL,CE,Combined TRACON& Tower with Radar,204,21,14,0,239,0,1,4,0,5,204,22,18,0,244,0,0,0,244
11/28/2020,IND,IN,AGL,CE,Combined TRACON& Tower with Radar,236,16,15,0,267,0,109,4,0,113,236,125,19,0,380,0,0,0,380
11/29/2020,IND,IN,AGL,CE,Combined TRACON& Tower with Radar,217,31,32,0,280,0,91,0,0,91,217,122,32,0,371,0,0,0,371
11/30/2020,IND,IN,AGL,CE,Combined TRACON& Tower with Radar,204,23,20,5,252,0,0,0,0,0,204,23,20,5,252,0,0,0,252
12/01/2020,IND,IN,AGL,CE,Combined TRACON& Tower with Radar,360,36,21,0,417,0,119,14,0,133,360,155,35,0,550,0,0,0,550
12/02/2020,IND,IN,AGL,CE,Combined TRACON& Tower with Radar,334,38,34,2,408,0,179,10,0,189,334,217,44,2,597,0,0,0,597
12/03/2020,IND,IN,AGL,CE,Combined TRACON& Tower with Radar,347,39,24,2,412,0,163,13,0,176,347,202,37,2,588,0,0,0,588
12/04/2020,IND,IN,AGL,CE,Combined TRACON& Tower with Radar,330,28,27,0,385,0,127,5,0,132,330,155,32,0,517,0,0,0,517
12/05/2020,IND,IN,AGL,CE,Combined TRACON& Tower with Radar,238,23,21,0,282,0,82,4,0,86,238,105,25,0,368,0,0,0,368
12/06/2020,IND,IN,AGL,CE,Combined TRACON& Tower with Radar,212,12,6,0,230,0,5,1,0,6,212,17,7,0,236,0,0,0,236
12/07/2020,IND,IN,AGL,CE,Combined TRACON& Tower with Radar,158,25,17,3,203,0,34,8,0,42,158,59,25,3,245,0,0,0,245
12/08/2020,IND,IN,AGL,CE,Combined TRACON& Tower with Radar,311,40,21,1,373,0,42,1,0,43,311,82,22,1,416,0,0,0,416
12/09/2020,IND,IN,AGL,CE,Combined TRACON& Tower with Radar,312,39,30,3,384,0,179,9,1,189,312,218,39,4,573,0,0,0,573
12/10/2020,IND,IN,AGL,CE,Combined TRACON& Tower with Radar,349,48,24,2,423,0,172,20,4,196,349,220,44,6,619,0,0,0,619
12/11/2020,IND,IN,AGL,CE,Combined TRACON& Tower with Radar,327,34,22,1,384,0,138,11,0,149,327,172,33,1,533,0,0,0,533
12/12/2020,IND,IN,AGL,CE,Combined TRACON& Tower with Radar,234,11,6,0,251,0,0,0,0,0,234,11,6,0,251,0,0,0,251
12/13/2020,IND,IN,AGL,CE,Combined TRACON& Tower with Radar,211,21,12,0,244,0,0,0,2,2,211,21,12,2,246,0,0,0,246
12/14/2020,IND,IN,AGL,CE,Combined TRACON& Tower with Radar,162,31,21,7,221,0,39,6,0,45,162,70,27,7,266,0,0,0,266
12/15/2020,IND,IN,AGL,CE,Combined TRACON& Tower with Radar,312,40,36,2,390,0,182,9,0,191,312,222,45,2,581,0,0,0,581
12/16/2020,IND,IN,AGL,CE,Combined TRACON& Tower with Radar,327,28,26,2,383,0,0,0,0,0,327,28,26,2,383,0,0,0,383
12/17/2020,IND,IN,AGL,CE,Combined TRACON& Tower with Radar,373,21,13,0,407,0,0,0,0,0,373,21,13,0,407,0,0,0,407
12/18/2020,IND,IN,AGL,CE,Combined TRACON& Tower with Radar,371,43,29,4,447,0,153,30,1,184,371,196,59,5,631,0,0,0,631
12/19/2020,IND,IN,AGL,CE,Combined TRACON& Tower with Radar,309,32,16,5,362,0,30,2,0,32,309,62,18,5,394,0,0,0,394
12/20/2020,IND,IN,AGL,CE,Combined TRACON& Tower with Radar,259,17,16,0,292,0,48,5,0,53,259,65,21,0,345,0,0,0,345
12/21/2020,IND,IN,AGL,CE,Combined TRACON& Tower with Radar,187,32,18,2,239,0,2,1,0,3,187,34,19,2,242,0,0,0,242
12/22/2020,IND,IN,AGL,CE,Combined TRACON& Tower with Radar,390,42,16,0,448,0,134,8,0,142,390,176,24,0,590,0,0,0,590
12/23/2020,IND,IN,AGL,CE,Combined TRACON& Tower with Radar,383,28,27,0,438,0,18,7,0,25,383,46,34,0,463,0,0,0,463
12/24/2020,IND,IN,AGL,CE,Combined TRACON& Tower with Radar,324,22,10,0,356,0,0,0,0,0,324,22,10,0,356,0,0,0,356
12/25/2020,IND,IN,AGL,CE,Combined TRACON& Tower with Radar,98,15,5,0,118,0,0,1,0,1,98,15,6,0,119,0,0,0,119
12/26/2020,IND,IN,AGL,CE,Combined TRACON& Tower with Radar,194,26,21,0,241,0,53,7,0,60,194,79,28,0,301,0,0,0,301
12/27/2020,IND,IN,AGL,CE,Combined TRACON& Tower with Radar,194,29,10,0,233,0,35,6,0,41,194,64,16,0,274,0,0,0,274
12/28/2020,IND,IN,AGL,CE,Combined TRACON& Tower with Radar,188,22,14,0,224,0,1,1,0,2,188,23,15,0,226,0,0,0,226
12/29/2020,IND,IN,AGL,CE,Combined TRACON& Tower with Radar,393,51,12,0,456,0,110,14,0,124,393,161,26,0,580,0,0,0,580
12/30/2020,IND,IN,AGL,CE,Combined TRACON& Tower with Radar,380,28,16,0,424,0,2,0,0,2,380,30,16,0,426,0,0,0,426
12/31/2020,IND,IN,AGL,CE,Combined TRACON& Tower with Radar,303,36,7,0,346,0,9,0,0,9,303,45,7,0,355,0,0,0,355
01/01/2021,IND,IN,AGL,CE,Combined TRACON& Tower with Radar,130,9,7,0,146,0,0,0,0,0,130,9,7,0,146,0,0,0,146
01/02/2021,IND,IN,AGL,CE,Combined TRACON& Tower with Radar,222,19,10,0,251,0,0,0,0,0,222,19,10,0,251,0,0,0,251
01/03/2021,IND,IN,AGL,CE,Combined TRACON& Tower with Radar,196,22,24,0,242,0,0,0,0,0,196,22,24,0,242,0,0,0,242
01/04/2021,IND,IN,AGL,CE,Combined TRACON& Tower with Radar,194,34,38,0,266,0,102,3,0,105,194,136,41,0,371,0,0,0,371
01/05/2021,IND,IN,AGL,CE,Combined TRACON& Tower with Radar,315,29,25,0,369,0,0,0,1,1,315,29,25,1,370,0,0,0,370
01/06/2021,IND,IN,AGL,CE,Combined TRACON& Tower with Radar,300,47,27,0,374,0,37,6,0,43,300,84,33,0,417,0,0,0,417
01/07/2021,IND,IN,AGL,CE,Combined TRACON& Tower with Radar,303,36,22,3,364,0,178,6,0,184,303,214,28,3,548,0,0,0,548
01/08/2021,IND,IN,AGL,CE,Combined TRACON& Tower with Radar,251,20,19,0,290,0,8,0,0,8,251,28,19,0,298,0,0,0,298
01/09/2021,IND,IN,AGL,CE,Combined TRACON& Tower with Radar,155,32,16,0,203,0,6,14,0,20,155,38,30,0,223,0,0,0,223
01/10/2021,IND,IN,AGL,CE,Combined TRACON& Tower with Radar,154,24,22,0,200,0,2,4,0,6,154,26,26,0,206,0,0,0,206
01/11/2021,IND,IN,AGL,CE,Combined TRACON& Tower with Radar,162,27,14,0,203,0,0,0,0,0,162,27,14,0,203,0,0,0,203
01/12/2021,IND,IN,AGL,CE,Combined TRACON& Tower with Radar,273,34,23,0,330,0,168,7,0,175,273,202,30,0,505,0,0,0,505
01/13/2021,IND,IN,AGL,CE,Combined TRACON& Tower with Radar,270,45,41,2,358,0,191,22,0,213,270,236,63,2,571,0,0,0,571
01/14/2021,IND,IN,AGL,CE,Combined TRACON& Tower with Radar,300,45,30,2,377,0,150,11,0,161,300,195,41,2,538,0,0,0,538
01/15/2021,IND,IN,AGL,CE,Combined TRACON& Tower with Radar,247,47,32,2,328,0,45,3,0,48,247,92,35,2,376,0,0,0,376
01/16/2021,IND,IN,AGL,CE,Combined TRACON& Tower with Radar,144,22,7,0,173,0,0,0,0,0,144,22,7,0,173,0,0,0,173
01/17/2021,IND,IN,AGL,CE,Combined TRACON& Tower with Radar,144,9,6,0,159,0,0,0,0,0,144,9,6,0,159,0,0,0,159
01/18/2021,IND,IN,AGL,CE,Combined TRACON& Tower with Radar,160,24,15,0,199,0,3,2,0,5,160,27,17,0,204,0,0,0,204
01/19/2021,IND,IN,AGL,CE,Combined TRACON& Tower with Radar,259,38,32,2,331,0,195,3,0,198,259,233,35,2,529,0,0,0,529
01/20/2021,IND,IN,AGL,CE,Combined TRACON& Tower with Radar,274,47,22,2,345,0,171,12,0,183,274,218,34,2,528,0,0,0,528
01/21/2021,IND,IN,AGL,CE,Combined TRACON& Tower with Radar,308,50,34,2,394,0,183,20,0,203,308,233,54,2,597,0,0,0,597
01/22/2021,IND,IN,AGL,CE,Combined TRACON& Tower with Radar,240,39,23,2,304,0,147,16,0,163,240,186,39,2,467,0,0,0,467
01/23/2021,IND,IN,AGL,CE,Combined TRACON& Tower with Radar,149,38,22,0,209,0,108,11,0,119,149,146,33,0,328,0,0,0,328
01/24/2021,IND,IN,AGL,CE,Combined TRACON& Tower with Radar,162,34,13,2,211,0,0,0,0,0,162,34,13,2,211,0,0,0,211
01/25/2021,IND,IN,AGL,CE,Combined TRACON& Tower with Radar,158,35,31,0,224,0,0,0,0,0,158,35,31,0,224,0,0,0,224
01/26/2021,IND,IN,AGL,CE,Combined TRACON& Tower with Radar,273,35,22,0,330,0,0,2,0,2,273,35,24,0,332,0,0,0,332
01/27/2021,IND,IN,AGL,CE,Combined TRACON& Tower with Radar,268,49,19,0,336,0,2,2,0,4,268,51,21,0,340,0,0,0,340
01/28/2021,IND,IN,AGL,CE,Combined TRACON& Tower with Radar,303,40,29,0,372,0,185,6,0,191,303,225,35,0,563,0,0,0,563
01/29/2021,IND,IN,AGL,CE,Combined TRACON& Tower with Radar,258,51,29,0,338,0,188,13,0,201,258,239,42,0,539,0,0,0,539
01/30/2021,IND,IN,AGL,CE,Combined TRACON& Tower with Radar,144,24,8,0,176,0,46,2,0,48,144,70,10,0,224,0,0,0,224
01/31/2021,IND,IN,AGL,CE,Combined TRACON& Tower with Radar,146,16,14,0,176,0,0,0,0,0,146,16,14,0,176,0,0,0,176
02/01/2021,IND,IN,AGL,CE,Combined TRACON& Tower with Radar,162,32,13,2,209,0,5,2,0,7,162,37,15,2,216,0,0,0,216
02/02/2021,IND,IN,AGL,CE,Combined TRACON& Tower with Radar,280,35,26,2,343,0,108,11,1,120,280,143,37,3,463,0,0,0,463
02/03/2021,IND,IN,AGL,CE,Combined TRACON& Tower with Radar,284,65,32,0,381,0,169,12,0,181,284,234,44,0,562,0,0,0,562
02/04/2021,IND,IN,AGL,CE,Combined TRACON& Tower with Radar,295,43,25,0,363,0,64,4,0,68,295,107,29,0,431,0,0,0,431
02/05/2021,IND,IN,AGL,CE,Combined TRACON& Tower with Radar,262,34,22,3,321,0,13,0,0,13,262,47,22,3,334,0,0,0,334
02/06/2021,IND,IN,AGL,CE,Combined TRACON& Tower with Radar,149,28,17,0,194,0,116,8,0,124,149,144,25,0,318,0,0,0,318
02/07/2021,IND,IN,AGL,CE,Combined TRACON& Tower with Radar,150,35,7,0,192,0,92,5,0,97,150,127,12,0,289,0,0,0,289
02/08/2021,IND,IN,AGL,CE,Combined TRACON& Tower with Radar,157,33,34,2,226,0,64,2,0,66,157,97,36,2,292,0,0,0,292
02/09/2021,IND,IN,AGL,CE,Combined TRACON& Tower with Radar,282,28,18,2,330,0,7,0,0,7,282,35,18,2,337,0,0,0,337
02/10/2021,IND,IN,AGL,CE,Combined TRACON& Tower with Radar,287,44,29,3,363,0,27,3,0,30,287,71,32,3,393,0,0,0,393
02/11/2021,IND,IN,AGL,CE,Combined TRACON& Tower with Radar,328,61,40,4,433,0,162,8,0,170,328,223,48,4,603,0,0,0,603
02/12/2021,IND,IN,AGL,CE,Combined TRACON& Tower with Radar,272,53,29,0,354,0,109,16,0,125,272,162,45,0,479,0,0,0,479
02/13/2021,IND,IN,AGL,CE,Combined TRACON& Tower with Radar,232,18,3,0,253,0,0,1,1,2,232,18,4,1,255,0,0,0,255
02/14/2021,IND,IN,AGL,CE,Combined TRACON& Tower with Radar,159,23,12,3,197,0,2,1,0,3,159,25,13,3,200,0,0,0,200
02/15/2021,IND,IN,AGL,CE,Combined TRACON& Tower with Radar,127,12,15,0,154,0,0,0,0,0,127,12,15,0,154,0,0,0,154
02/16/2021,IND,IN,AGL,CE,Combined TRACON& Tower with Radar,229,37,15,3,284,0,16,3,0,19,229,53,18,3,303,0,0,0,303
02/17/2021,IND,IN,AGL,CE,Combined TRACON& Tower with Radar,248,50,24,4,326,0,164,4,0,168,248,214,28,4,494,0,0,0,494
02/18/2021,IND,IN,AGL,CE,Combined TRACON& Tower with Radar,270,26,22,0,318,0,6,1,0,7,270,32,23,0,325,0,0,0,325
02/19/2021,IND,IN,AGL,CE,Combined TRACON& Tower with Radar,265,49,29,6,349,0,175,13,0,188,265,224,42,6,537,0,0,0,537
02/20/2021,IND,IN,AGL,CE,Combined TRACON& Tower with Radar,255,28,14,5,302,0,115,17,0,132,255,143,31,5,434,0,0,0,434
02/21/2021,IND,IN,AGL,CE,Combined TRACON& Tower with Radar,169,25,11,0,205,0,88,3,0,91,169,113,14,0,296,0,0,0,296
02/22/2021,IND,IN,AGL,CE,Combined TRACON& Tower with Radar,179,47,22,3,251,0,27,0,0,27,179,74,22,3,278,0,0,0,278
02/23/2021,IND,IN,AGL,CE,Combined TRACON& Tower with Radar,290,54,19,10,373,0,186,13,0,199,290,240,32,10,572,0,0,0,572
02/24/2021,IND,IN,AGL,CE,Combined TRACON& Tower with Radar,302,52,26,2,382,0,102,7,0,109,302,154,33,2,491,0,0,0,491
02/25/2021,IND,IN,AGL,CE,Combined TRACON& Tower with Radar,319,81,21,2,423,0,178,6,0,184,319,259,27,2,607,0,0,0,607
02/26/2021,IND,IN,AGL,CE,Combined TRACON& Tower with Radar,310,53,18,0,381,0,127,12,1,140,310,180,30,1,521,0,0,0,521
02/27/2021,IND,IN,AGL,CE,Combined TRACON& Tower with Radar,277,24,12,0,313,0,39,1,0,40,277,63,13,0,353,0,0,0,353
02/28/2021,IND,IN,AGL,CE,Combined TRACON& Tower with Radar,183,37,15,0,235,0,2,0,0,2,183,39,15,0,237,0,0,0,237
03/01/2021,IND,IN,AGL,CE,Combined TRACON& Tower with Radar,194,63,24,1,282,0,101,14,0,115,194,164,38,1,397,0,0,0,397
03/02/2021,IND,IN,AGL,CE,Combined TRACON& Tower with Radar,299,50,29,1,379,0,167,16,0,183,299,217,45,1,562,0,0,0,562
03/03/2021,IND,IN,AGL,CE,Combined TRACON& Tower with Radar,310,54,33,0,397,0,165,15,0,180,310,219,48,0,577,0,0,0,577
03/04/2021,IND,IN,AGL,CE,Combined TRACON& Tower with Radar,336,38,26,2,402,0,175,8,0,183,336,213,34,2,585,0,0,0,585
03/05/2021,IND,IN,AGL,CE,Combined TRACON& Tower with Radar,294,34,23,0,351,0,151,10,0,161,294,185,33,0,512,0,0,0,512
03/06/2021,IND,IN,AGL,CE,Combined TRACON& Tower with Radar,280,23,9,0,312,0,89,15,0,104,280,112,24,0,416,0,0,0,416
03/07/2021,IND,IN,AGL,CE,Combined TRACON& Tower with Radar,184,18,14,0,216,0,78,5,0,83,184,96,19,0,299,0,0,0,299
03/08/2021,IND,IN,AGL,CE,Combined TRACON& Tower with Radar,214,41,24,0,279,0,131,10,0,141,214,172,34,0,420,0,0,0,420
03/09/2021,IND,IN,AGL,CE,Combined TRACON& Tower with Radar,307,38,28,0,373,0,162,14,0,176,307,200,42,0,549,0,0,0,549
03/10/2021,IND,IN,AGL,CE,Combined TRACON& Tower with Radar,328,44,41,0,413,0,16,0,0,16,328,60,41,0,429,0,0,0,429
03/11/2021,IND,IN,AGL,CE,Combined TRACON& Tower with Radar,354,55,31,0,440,0,4,0,0,4,354,59,31,0,444,0,0,0,444
03/12/2021,IND,IN,AGL,CE,Combined TRACON& Tower with Radar,309,64,52,0,425,0,143,11,0,154,309,207,63,0,579,0,0,0,579
03/13/2021,IND,IN,AGL,CE,Combined TRACON& Tower with Radar,252,23,18,0,293,0,94,13,0,107,252,117,31,0,400,0,0,0,400
03/14/2021,IND,IN,AGL,CE,Combined TRACON& Tower with Radar,224,39,18,3,284,0,86,9,1,96,224,125,27,4,380,0,0,0,380
03/15/2021,IND,IN,AGL,CE,Combined TRACON& Tower with Radar,258,28,30,2,318,0,3,2,0,5,258,31,32,2,323,0,0,0,323
03/16/2021,IND,IN,AGL,CE,Combined TRACON& Tower with Radar,367,65,28,2,462,0,0,1,0,1,367,65,29,2,463,0,0,0,463
03/17/2021,IND,IN,AGL,CE,Combined TRACON& Tower with Radar,355,63,14,0,432,0,50,8,0,58,355,113,22,0,490,0,0,0,490
03/18/2021,IND,IN,AGL,CE,Combined TRACON& Tower with Radar,361,67,27,0,455,0,0,0,0,0,361,67,27,0,455,0,0,0,455
03/19/2021,IND,IN,AGL,CE,Combined TRACON& Tower with Radar,337,77,71,5,490,0,153,8,0,161,337,230,79,5,651,0,0,0,651
03/20/2021,IND,IN,AGL,CE,Combined TRACON& Tower with Radar,278,46,44,0,368,0,142,16,0,158,278,188,60,0,526,0,0,0,526
03/21/2021,IND,IN,AGL,CE,Combined TRACON& Tower with Radar,227,46,62,0,335,0,116,21,0,137,227,162,83,0,472,0,0,0,472
03/22/2021,IND,IN,AGL,CE,Combined TRACON& Tower with Radar,246,64,67,4,381,0,146,11,0,157,246,210,78,4,538,0,0,0,538
03/23/2021,IND,IN,AGL,CE,Combined TRACON& Tower with Radar,351,58,34,0,443,0,125,3,1,129,351,183,37,1,572,0,0,0,572
03/24/2021,IND,IN,AGL,CE,Combined TRACON& Tower with Radar,357,68,19,8,452,0,35,4,0,39,357,103,23,8,491,0,0,0,491
03/25/2021,IND,IN,AGL,CE,Combined TRACON& Tower with Radar,357,57,24,0,438,0,79,5,0,84,357,136,29,0,522,0,0,0,522
03/26/2021,IND,IN,AGL,CE,Combined TRACON& Tower with Radar,321,80,36,3,440,0,10,2,0,12,321,90,38,3,452,0,0,0,452
03/27/2021,IND,IN,AGL,CE,Combined TRACON& Tower with Radar,252,70,72,0,394,0,88,16,0,104,252,158,88,0,498,0,0,0,498
03/28/2021,IND,IN,AGL,CE,Combined TRACON& Tower with Radar,225,63,67,2,357,0,34,2,0,36,225,97,69,2,393,0,0,0,393
03/29/2021,IND,IN,AGL,CE,Combined TRACON& Tower with Radar,221,47,65,0,333,0,181,13,0,194,221,228,78,0,527,0,0,0,527
03/30/2021,IND,IN,AGL,CE,Combined TRACON& Tower with Radar,374,52,71,4,501,0,83,1,0,84,374,135,72,4,585,0,0,0,585
03/31/2021,IND,IN,AGL,CE,Combined TRACON& Tower with Radar,380,71,27,2,480,0,103,4,0,107,380,174,31,2,587,0,0,0,587
04/01/2021,IND,IN,AGL,CE,Combined TRACON& Tower with Radar,400,58,37,0,495,0,94,7,0,101,400,152,44,0,596,0,0,0,596
04/02/2021,IND,IN,AGL,CE,Combined TRACON& Tower with Radar,365,73,16,4,458,0,181,20,0,201,365,254,36,4,659,0,0,0,659
04/03/2021,IND,IN,AGL,CE,Combined TRACON& Tower with Radar,255,61,71,0,387,0,101,13,2,116,255,162,84,2,503,0,0,0,503
04/04/2021,IND,IN,AGL,CE,Combined TRACON& Tower with Radar,207,37,29,4,277,0,87,7,0,94,207,124,36,4,371,0,0,0,371
04/05/2021,IND,IN,AGL,CE,Combined TRACON& Tower with Radar,230,69,62,2,363,0,150,16,0,166,230,219,78,2,529,0,0,0,529
04/06/2021,IND,IN,AGL,CE,Combined TRACON& Tower with Radar,366,108,81,3,558,0,162,17,1,180,366,270,98,4,738,0,0,0,738
04/07/2021,IND,IN,AGL,CE,Combined TRACON& Tower with Radar,370,48,34,4,456,0,122,6,0,128,370,170,40,4,584,0,0,0,584
04/08/2021,IND,IN,AGL,CE,Combined TRACON& Tower with Radar,410,81,30,0,521,0,25,1,0,26,410,106,31,0,547,0,0,0,547
04/09/2021,IND,IN,AGL,CE,Combined TRACON& Tower with Radar,357,42,35,2,436,0,163,9,1,173,357,205,44,3,609,0,0,0,609
04/10/2021,IND,IN,AGL,CE,Combined TRACON& Tower with Radar,238,33,21,0,292,0,37,2,2,41,238,70,23,2,333,0,0,0,333
04/11/2021,IND,IN,AGL,CE,Combined TRACON& Tower with Radar,200,31,13,0,244,0,0,0,0,0,200,31,13,0,244,0,0,0,244
04/12/2021,IND,IN,AGL,CE,Combined TRACON& Tower with Radar,232,108,36,7,383,0,94,11,0,105,232,202,47,7,488,0,0,0,488
04/13/2021,IND,IN,AGL,CE,Combined TRACON& Tower with Radar,356,48,27,0,431,0,192,7,0,199,356,240,34,0,630,0,0,0,630
04/14/2021,IND,IN,AGL,CE,Combined TRACON& Tower with Radar,359,69,42,3,473,0,168,14,1,183,359,237,56,4,656,0,0,0,656
04/15/2021,IND,IN,AGL,CE,Combined TRACON& Tower with Radar,377,57,31,0,465,0,188,5,2,195,377,245,36,2,660,0,0,0,660
04/16/2021,IND,IN,AGL,CE,Combined TRACON& Tower with Radar,349,56,21,0,426,0,162,10,0,172,349,218,31,0,598,0,0,0,598
04/17/2021,IND,IN,AGL,CE,Combined TRACON& Tower with Radar,219,15,11,0,245,0,96,7,0,103,219,111,18,0,348,0,0,0,348
04/18/2021,IND,IN,AGL,CE,Combined TRACON& Tower with Radar,209,42,23,0,274,0,102,5,0,107,209,144,28,0,381,0,0,0,381
04/19/2021,IND,IN,AGL,CE,Combined TRACON& Tower with Radar,210,47,22,0,279,0,124,7,0,131,210,171,29,0,410,0,0,0,410
04/20/2021,IND,IN,AGL,CE,Combined TRACON& Tower with Radar,352,60,23,0,435,0,3,0,0,3,352,63,23,0,438,0,0,0,438
04/21/2021,IND,IN,AGL,CE,Combined TRACON& Tower with Radar,370,62,35,0,467,0,43,1,0,44,370,105,36,0,511,0,0,0,511
04/22/2021,IND,IN,AGL,CE,Combined TRACON& Tower with Radar,388,62,47,0,497,0,176,10,0,186,388,238,57,0,683,0,0,0,683
04/23/2021,IND,IN,AGL,CE,Combined TRACON& Tower with Radar,344,52,37,1,434,0,172,20,0,192,344,224,57,1,626,0,0,0,626
04/24/2021,IND,IN,AGL,CE,Combined TRACON& Tower with Radar,214,33,5,1,253,0,49,8,2,59,214,82,13,3,312,0,0,0,312
04/25/2021,IND,IN,AGL,CE,Combined TRACON& Tower with Radar,205,29,32,0,266,0,101,17,0,118,205,130,49,0,384,0,0,0,384
04/26/2021,IND,IN,AGL,CE,Combined TRACON& Tower with Radar,232,34,29,4,299,0,175,5,1,181,232,209,34,5,480,0,0,0,480
04/27/2021,IND,IN,AGL,CE,Combined TRACON& Tower with Radar,355,50,29,4,438,0,138,5,0,143,355,188,34,4,581,0,0,0,581
04/28/2021,IND,IN,AGL,CE,Combined TRACON& Tower with Radar,360,69,26,2,457,0,74,0,0,74,360,143,26,2,531,0,0,0,531
04/29/2021,IND,IN,AGL,CE,Combined TRACON& Tower with Radar,389,87,31,0,507,0,12,0,0,12,389,99,31,0,519,0,0,0,519
04/30/2021,IND,IN,AGL,CE,Combined TRACON& Tower with Radar,347,51,40,2,440,0,121,10,2,133,347,172,50,4,573,0,0,0,573
05/01/2021,IND,IN,AGL,CE,Combined TRACON& Tower with Radar,210,25,20,4,259,0,102,9,0,111,210,127,29,4,370,0,0,0,370
05/02/2021,IND,IN,AGL,CE,Combined TRACON& Tower with Radar,200,37,25,2,264,0,104,7,0,111,200,141,32,2,375,0,0,0,375
05/03/2021,IND,IN,AGL,CE,Combined TRACON& Tower with Radar,202,76,39,0,317,0,12,2,0,14,202,88,41,0,331,0,0,0,331
05/04/2021,IND,IN,AGL,CE,Combined TRACON& Tower with Radar,360,82,36,0,478,0,2,0,0,2,360,84,36,0,480,0,0,0,480
05/05/2021,IND,IN,AGL,CE,Combined TRACON& Tower with Radar,378,49,45,0,472,0,176,14,0,190,378,225,59,0,662,0,0,0,662
05/06/2021,IND,IN,AGL,CE,Combined TRACON& Tower with Radar,415,62,34,2,513,0,149,8,0,157,415,211,42,2,670,0,0,0,670
05/07/2021,IND,IN,AGL,CE,Combined TRACON& Tower with Radar,375,60,33,0,468,0,148,10,0,158,375,208,43,0,626,0,0,0,626
05/08/2021,IND,IN,AGL,CE,Combined TRACON& Tower with Radar,293,28,17,0,338,0,117,14,0,131,293,145,31,0,469,0,0,0,469
05/09/2021,IND,IN,AGL,CE,Combined TRACON& Tower with Radar,226,19,12,0,257,0,1,0,0,1,226,20,12,0,258,0,0,0,258
05/10/2021,IND,IN,AGL,CE,Combined TRACON& Tower with Radar,231,26,20,7,284,0,177,11,1,189,231,203,31,8,473,0,0,0,473
05/11/2021,IND,IN,AGL,CE,Combined TRACON& Tower with Radar,390,40,40,3,473,0,168,8,0,176,390,208,48,3,649,0,0,0,649
05/12/2021,IND,IN,AGL,CE,Combined TRACON& Tower with Radar,397,50,55,6,508,0,161,12,2,175,397,211,67,8,683,0,0,0,683
05/13/2021,IND,IN,AGL,CE,Combined TRACON& Tower with Radar,421,48,39,5,513,0,157,16,1,174,421,205,55,6,687,0,0,0,687
05/14/2021,IND,IN,AGL,CE,Combined TRACON& Tower with Radar,374,47,32,0,453,0,129,23,1,153,374,176,55,1,606,0,0,0,606
05/15/2021,IND,IN,AGL,CE,Combined TRACON& Tower with Radar,236,36,26,0,298,0,82,18,0,100,236,118,44,0,398,0,0,0,398
05/16/2021,IND,IN,AGL,CE,Combined TRACON& Tower with Radar,237,23,19,0,279,0,76,2,0,78,237,99,21,0,357,0,0,0,357
05/17/2021,IND,IN,AGL,CE,Combined TRACON& Tower with Radar,244,53,30,0,327,0,42,3,0,45,244,95,33,0,372,0,0,0,372
05/18/2021,IND,IN,AGL,CE,Combined TRACON& Tower with Radar,406,45,38,0,489,0,140,17,0,157,406,185,55,0,646,0,0,0,646
05/19/2021,IND,IN,AGL,CE,Combined TRACON& Tower with Radar,408,40,49,0,497,0,157,15,0,172,408,197,64,0,669,0,0,0,669
05/20/2021,IND,IN,AGL,CE,Combined TRACON& Tower with Radar,423,58,51,4,536,0,153,18,2,173,423,211,69,6,709,0,0,0,709
05/21/2021,IND,IN,AGL,CE,Combined TRACON& Tower with Radar,381,41,29,2,453,0,131,7,0,138,381,172,36,2,591,0,0,0,591
05/22/2021,IND,IN,AGL,CE,Combined TRACON& Tower with Radar,235,24,38,1,298,0,93,4,0,97,235,117,42,1,395,0,0,0,395
05/23/2021,IND,IN,AGL,CE,Combined TRACON& Tower with Radar,236,27,26,0,289,0,110,8,0,118,236,137,34,0,407,0,0,0,407
05/24/2021,IND,IN,AGL,CE,Combined TRACON& Tower with Radar,232,44,36,4,316,0,131,6,0,137,232,175,42,4,453,0,0,0,453
05/25/2021,IND,IN,AGL,CE,Combined TRACON& Tower with Radar,395,52,40,0,487,0,148,10,2,160,395,200,50,2,647,0,0,0,647
05/26/2021,IND,IN,AGL,CE,Combined TRACON& Tower with Radar,404,95,39,2,540,0,58,4,3,65,404,153,43,5,605,0,0,0,605
05/27/2021,IND,IN,AGL,CE,Combined TRACON& Tower with Radar,429,52,45,7,533,0,164,18,2,184,429,216,63,9,717,0,0,0,717
05/28/2021,IND,IN,AGL,CE,Combined TRACON& Tower with Radar,387,78,59,3,527,0,0,0,0,0,387,78,59,3,527,0,0,0,527
05/29/2021,IND,IN,AGL,CE,Combined TRACON& Tower with Radar,248,52,44,2,346,0,74,8,0,82,248,126,52,2,428,0,0,0,428
05/30/2021,IND,IN,AGL,CE,Combined TRACON& Tower with Radar,225,75,85,2,387,0,64,53,2,119,225,139,138,4,506,0,0,0,506
05/31/2021,IND,IN,AGL,CE,Combined TRACON& Tower with Radar,237,30,40,1,308,0,4,11,0,15,237,34,51,1,323,0,0,0,323
06/01/2021,IND,IN,AGL,CE,Combined TRACON& Tower with Radar,235,29,36,0,300,0,145,11,2,158,235,174,47,2,458,0,0,0,458
06/02/2021,IND,IN,AGL,CE,Combined TRACON& Tower with Radar,430,79,30,0,539,0,1,0,0,1,430,80,30,0,540,0,0,0,540
06/03/2021,IND,IN,AGL,CE,Combined TRACON& Tower with Radar,430,72,37,0,539,0,123,26,0,149,430,195,63,0,688,0,0,0,688
06/04/2021,IND,IN,AGL,CE,Combined TRACON& Tower with Radar,397,37,42,0,476,0,158,20,2,180,397,195,62,2,656,0,0,0,656
06/05/2021,IND,IN,AGL,CE,Combined TRACON& Tower with Radar,258,22,12,2,294,0,87,8,0,95,258,109,20,2,389,0,0,0,389
06/06/2021,IND,IN,AGL,CE,Combined TRACON& Tower with Radar,249,28,18,1,296,0,26,3,0,29,249,54,21,1,325,0,0,0,325
06/07/2021,IND,IN,AGL,CE,Combined TRACON& Tower with Radar,256,29,19,1,305,0,0,4,0,4,256,29,23,1,309,0,0,0,309
06/08/2021,IND,IN,AGL,CE,Combined TRACON& Tower with Radar,436,35,39,0,510,0,0,2,0,2,436,35,41,0,512,0,0,0,512
06/09/2021,IND,IN,AGL,CE,Combined TRACON& Tower with Radar,437,39,43,2,521,0,1,2,0,3,437,40,45,2,524,0,0,0,524
06/10/2021,IND,IN,AGL,CE,Combined TRACON& Tower with Radar,442,48,41,0,531,0,3,5,0,8,442,51,46,0,539,0,0,0,539
06/11/2021,IND,IN,AGL,CE,Combined TRACON& Tower with Radar,406,51,24,2,483,0,2,11,0,13,406,53,35,2,496,0,0,0,496
06/12/2021,IND,IN,AGL,CE,Combined TRACON& Tower with Radar,291,35,20,0,346,0,6,13,0,19,291,41,33,0,365,0,0,0,365
06/13/2021,IND,IN,AGL,CE,Combined TRACON& Tower with Radar,263,23,24,0,310,0,37,14,0,51,263,60,38,0,361,0,0,0,361
06/14/2021,IND,IN,AGL,CE,Combined TRACON& Tower with Radar,260,30,39,1,330,0,104,7,0,111,260,134,46,1,441,0,0,0,441
06/15/2021,IND,IN,AGL,CE,Combined TRACON& Tower with Radar,437,57,39,0,533,0,162,13,0,175,437,219,52,0,708,0,0,0,708
06/16/2021,IND,IN,AGL,CE,Combined TRACON& Tower with Radar,445,57,42,0,544,0,160,13,0,173,445,217,55,0,717,0,0,0,717
06/17/2021,IND,IN,AGL,CE,Combined TRACON& Tower with Radar,439,56,37,0,532,0,149,16,0,165,439,205,53,0,697,0,0,0,697
06/18/2021,IND,IN,AGL,CE,Combined TRACON& Tower with Radar,401,41,33,3,478,0,92,3,1,96,401,133,36,4,574,0,0,0,574
06/19/2021,IND,IN,AGL,CE,Combined TRACON& Tower with Radar,273,37,10,0,320,0,38,4,0,42,273,75,14,0,362,0,0,0,362
06/20/2021,IND,IN,AGL,CE,Combined TRACON& Tower with Radar,256,44,19,1,320,0,51,6,0,57,256,95,25,1,377,0,0,0,377
06/21/2021,IND,IN,AGL,CE,Combined TRACON& Tower with Radar,270,62,42,4,378,0,59,4,0,63,270,121,46,4,441,0,0,0,441
06/22/2021,IND,IN,AGL,CE,Combined TRACON& Tower with Radar,440,56,39,2,537,0,174,17,0,191,440,230,56,2,728,0,0,0,728
06/23/2021,IND,IN,AGL,CE,Combined TRACON& Tower with Radar,441,53,51,8,553,0,149,12,3,164,441,202,63,11,717,0,0,0,717
06/24/2021,IND,IN,AGL,CE,Combined TRACON& Tower with Radar,434,53,54,6,547,0,119,7,2,128,434,172,61,8,675,0,0,0,675
06/25/2021,IND,IN,AGL,CE,Combined TRACON& Tower with Radar,403,46,37,3,489,0,6,0,0,6,403,52,37,3,495,0,0,0,495
06/26/2021,IND,IN,AGL,CE,Combined TRACON& Tower with Radar,271,34,14,0,319,0,38,1,0,39,271,72,15,0,358,0,0,0,358
06/27/2021,IND,IN,AGL,CE,Combined TRACON& Tower with Radar,264,30,18,2,314,0,41,5,0,46,264,71,23,2,360,0,0,0,360
06/28/2021,IND,IN,AGL,CE,Combined TRACON& Tower with Radar,268,35,41,0,344,0,138,3,0,141,268,173,44,0,485,0,0,0,485
06/29/2021,IND,IN,AGL,CE,Combined TRACON& Tower with Radar,449,54,39,0,542,0,146,4,0,150,449,200,43,0,692,0,0,0,692
06/30/2021,IND,IN,AGL,CE,Combined TRACON& Tower with Radar,446,61,39,0,546,0,5,1,0,6,446,66,40,0,552,0,0,0,552
07/01/2021,IND,IN,AGL,CE,Combined TRACON& Tower with Radar,449,65,31,2,547,0,50,7,0,57,449,115,38,2,604,0,0,0,604
07/02/2021,IND,IN,AGL,CE,Combined TRACON& Tower with Radar,408,54,22,0,484,0,123,11,0,134,408,177,33,0,618,0,0,0,618
07/03/2021,IND,IN,AGL,CE,Combined TRACON& Tower with Radar,289,30,7,0,326,0,66,5,0,71,289,96,12,0,397,0,0,0,397
07/04/2021,IND,IN,AGL,CE,Combined TRACON& Tower with Radar,224,20,6,0,250,0,35,13,1,49,224,55,19,1,299,0,0,0,299
07/05/2021,IND,IN,AGL,CE,Combined TRACON& Tower with Radar,247,26,17,0,290,0,69,6,0,75,247,95,23,0,365,0,0,0,365
07/06/2021,IND,IN,AGL,CE,Combined TRACON& Tower with Radar,255,32,40,0,327,0,130,15,1,146,255,162,55,1,473,0,0,0,473
07/07/2021,IND,IN,AGL,CE,Combined TRACON& Tower with Radar,453,55,35,2,545,0,109,8,0,117,453,164,43,2,662,0,0,0,662
07/08/2021,IND,IN,AGL,CE,Combined TRACON& Tower with Radar,452,69,35,0,556,0,14,3,0,17,452,83,38,0,573,0,0,0,573
07/09/2021,IND,IN,AGL,CE,Combined TRACON& Tower with Radar,426,87,11,5,529,0,114,3,0,117,426,201,14,5,646,0,0,0,646
07/10/2021,IND,IN,AGL,CE,Combined TRACON& Tower with Radar,285,60,14,0,359,0,12,0,0,12,285,72,14,0,371,0,0,0,371
07/11/2021,IND,IN,AGL,CE,Combined TRACON& Tower with Radar,266,49,28,0,343,0,1,1,0,2,266,50,29,0,345,0,0,0,345
07/12/2021,IND,IN,AGL,CE,Combined TRACON& Tower with Radar,265,57,25,4,351,0,20,3,0,23,265,77,28,4,374,0,0,0,374
07/13/2021,IND,IN,AGL,CE,Combined TRACON& Tower with Radar,448,70,32,7,557,0,34,1,0,35,448,104,33,7,592,0,0,0,592
07/14/2021,IND,IN,AGL,CE,Combined TRACON& Tower with Radar,455,68,46,2,571,0,171,13,0,184,455,239,59,2,755,0,0,0,755
07/15/2021,IND,IN,AGL,CE,Combined TRACON& Tower with Radar,446,67,47,4,564,0,123,17,0,140,446,190,64,4,704,0,0,0,704
07/16/2021,IND,IN,AGL,CE,Combined TRACON& Tower with Radar,432,62,36,0,530,0,4,0,0,4,432,66,36,0,534,0,0,0,534
07/17/2021,IND,IN,AGL,CE,Combined TRACON& Tower with Radar,276,50,20,1,347,0,42,2,0,44,276,92,22,1,391,0,0,0,391
07/18/2021,IND,IN,AGL,CE,Combined TRACON& Tower with Radar,266,59,52,3,380,0,137,6,0,143,266,196,58,3,523,0,0,0,523
07/19/2021,IND,IN,AGL,CE,Combined TRACON& Tower with Radar,268,32,37,4,341,0,137,11,0,148,268,169,48,4,489,0,0,0,489
07/20/2021,IND,IN,AGL,CE,Combined TRACON& Tower with Radar,448,41,28,2,519,0,166,9,0,175,448,207,37,2,694,0,0,0,694
07/21/2021,IND,IN,AGL,CE,Combined TRACON& Tower with Radar,455,82,32,4,573,0,100,13,0,113,455,182,45,4,686,0,0,0,686
07/22/2021,IND,IN,AGL,CE,Combined TRACON& Tower with Radar,456,64,43,6,569,0,138,13,0,151,456,202,56,6,720,0,0,0,720
07/23/2021,IND,IN,AGL,CE,Combined TRACON& Tower with Radar,415,76,50,1,542,0,77,10,0,87,415,153,60,1,629,0,0,0,629
07/24/2021,IND,IN,AGL,CE,Combined TRACON& Tower with Radar,285,40,26,2,353,0,58,7,2,67,285,98,33,4,420,0,0,0,420
07/25/2021,IND,IN,AGL,CE,Combined TRACON& Tower with Radar,260,64,40,2,366,0,34,3,2,39,260,98,43,4,405,0,0,0,405
07/26/2021,IND,IN,AGL,CE,Combined TRACON& Tower with Radar,281,37,30,2,350,0,125,13,0,138,281,162,43,2,488,0,0,0,488
07/27/2021,IND,IN,AGL,CE,Combined TRACON& Tower with Radar,436,44,34,2,516,0,140,11,0,151,436,184,45,2,667,0,0,0,667
07/28/2021,IND,IN,AGL,CE,Combined TRACON& Tower with Radar,457,58,47,4,566,0,136,9,2,147,457,194,56,6,713,0,0,0,713
07/29/2021,IND,IN,AGL,CE,Combined TRACON& Tower with Radar,456,46,32,2,536,0,70,6,0,76,456,116,38,2,612,0,0,0,612
07/30/2021,IND,IN,AGL,CE,Combined TRACON& Tower with Radar,419,53,30,10,512,0,104,23,0,127,419,157,53,10,639,0,0,0,639
07/31/2021,IND,IN,AGL,CE,Combined TRACON& Tower with Radar,273,36,19,1,329,0,41,8,9,58,273,77,27,10,387,0,0,0,387
08/01/2021,IND,IN,AGL,CE,Combined TRACON& Tower with Radar,250,44,26,1,321,0,55,2,1,58,250,99,28,2,379,0,0,0,379
08/02/2021,IND,IN,AGL,CE,Combined TRACON& Tower with Radar,252,37,41,2,332,0,140,16,1,157,252,177,57,3,489,0,0,0,489
08/03/2021,IND,IN,AGL,CE,Combined TRACON& Tower with Radar,443,58,44,1,546,0,136,8,2,146,443,194,52,3,692,0,0,0,692
08/04/2021,IND,IN,AGL,CE,Combined TRACON& Tower with Radar,436,48,61,0,545,0,133,12,2,147,436,181,73,2,692,0,0,0,692
08/05/2021,IND,IN,AGL,CE,Combined TRACON& Tower with Radar,448,46,62,2,558,0,128,25,0,153,448,174,87,2,711,0,0,0,711
08/06/2021,IND,IN,AGL,CE,Combined TRACON& Tower with Radar,397,42,24,4,467,0,115,17,0,132,397,157,41,4,599,0,0,0,599
08/07/2021,IND,IN,AGL,CE,Combined TRACON& Tower with Radar,269,22,18,1,310,0,49,15,4,68,269,71,33,5,378,0,0,0,378
08/08/2021,IND,IN,AGL,CE,Combined TRACON& Tower with Radar,261,21,19,5,306,0,78,14,2,94,261,99,33,7,400,0,0,0,400
08/09/2021,IND,IN,AGL,CE,Combined TRACON& Tower with Radar,278,47,36,2,363,0,24,3,0,27,278,71,39,2,390,0,0,0,390
08/10/2021,IND,IN,AGL,CE,Combined TRACON& Tower with Radar,453,61,25,2,541,0,109,9,2,120,453,170,34,4,661,0,0,0,661
08/11/2021,IND,IN,AGL,CE,Combined TRACON& Tower with Radar,469,44,55,4,572,0,129,6,0,135,469,173,61,4,707,0,0,0,707
08/12/2021,IND,IN,AGL,CE,Combined TRACON& Tower with Radar,455,50,46,6,557,0,115,7,0,122,455,165,53,6,679,0,0,0,679
08/13/2021,IND,IN,AGL,CE,Combined TRACON& Tower with Radar,418,58,65,3,544,0,127,19,0,146,418,185,84,3,690,0,0,0,690
08/14/2021,IND,IN,AGL,CE,Combined TRACON& Tower with Radar,265,44,57,0,366,0,86,32,0,118,265,130,89,0,484,0,0,0,484
08/15/2021,IND,IN,AGL,CE,Combined TRACON& Tower with Radar,256,43,80,3,382,0,69,30,0,99,256,112,110,3,481,0,0,0,481
08/16/2021,IND,IN,AGL,CE,Combined TRACON& Tower with Radar,265,58,36,3,362,0,60,9,0,69,265,118,45,3,431,0,0,0,431
08/17/2021,IND,IN,AGL,CE,Combined TRACON& Tower with Radar,440,83,41,3,567,0,51,3,0,54,440,134,44,3,621,0,0,0,621
08/18/2021,IND,IN,AGL,CE,Combined TRACON& Tower with Radar,430,77,41,5,553,0,110,12,1,123,430,187,53,6,676,0,0,0,676
08/19/2021,IND,IN,AGL,CE,Combined TRACON& Tower with Radar,452,99,37,8,596,0,57,4,0,61,452,156,41,8,657,0,0,0,657
08/20/2021,IND,IN,AGL,CE,Combined TRACON& Tower with Radar,409,58,20,8,495,0,105,15,0,120,409,163,35,8,615,0,0,0,615
08/21/2021,IND,IN,AGL,CE,Combined TRACON& Tower with Radar,253,19,21,0,293,0,75,13,0,88,253,94,34,0,381,0,0,0,381
08/22/2021,IND,IN,AGL,CE,Combined TRACON& Tower with Radar,263,28,19,2,312,0,66,11,0,77,263,94,30,2,389,0,0,0,389
08/23/2021,IND,IN,AGL,CE,Combined TRACON& Tower with Radar,261,55,26,4,346,0,100,11,0,111,261,155,37,4,457,0,0,0,457
08/24/2021,IND,IN,AGL,CE,Combined TRACON& Tower with Radar,463,59,35,3,560,0,129,10,1,140,463,188,45,4,700,0,0,0,700
08/25/2021,IND,IN,AGL,CE,Combined TRACON& Tower with Radar,473,75,43,1,592,0,70,5,1,76,473,145,48,2,668,0,0,0,668
08/26/2021,IND,IN,AGL,CE,Combined TRACON& Tower with Radar,452,48,42,3,545,0,122,8,2,132,452,170,50,5,677,0,0,0,677
08/27/2021,IND,IN,AGL,CE,Combined TRACON& Tower with Radar,415,48,46,2,511,0,91,10,0,101,415,139,56,2,612,0,0,0,612
08/28/2021,IND,IN,AGL,CE,Combined TRACON& Tower with Radar,266,23,10,0,299,0,59,8,0,67,266,82,18,0,366,0,0,0,366
08/29/2021,IND,IN,AGL,CE,Combined TRACON& Tower with Radar,253,25,17,0,295,0,55,11,0,66,253,80,28,0,361,0,0,0,361
08/30/2021,IND,IN,AGL,CE,Combined TRACON& Tower with Radar,259,45,37,2,343,0,0,1,0,1,259,45,38,2,344,0,0,0,344
08/31/2021,IND,IN,AGL,CE,Combined TRACON& Tower with Radar,435,102,30,2,569,0,42,6,0,48,435,144,36,2,617,0,0,0,617
09/01/2021,IND,IN,AGL,CE,Combined TRACON& Tower with Radar,442,58,50,4,554,0,158,19,2,179,442,216,69,6,733,0,0,0,733
09/02/2021,IND,IN,AGL,CE,Combined TRACON& Tower with Radar,450,52,42,13,557,0,158,20,0,178,450,210,62,13,735,0,0,0,735
09/03/2021,IND,IN,AGL,CE,Combined TRACON& Tower with Radar,415,51,23,7,496,0,113,16,0,129,415,164,39,7,625,0,0,0,625
09/04/2021,IND,IN,AGL,CE,Combined TRACON& Tower with Radar,258,32,14,10,314,0,23,1,0,24,258,55,15,10,338,0,0,0,338
09/05/2021,IND,IN,AGL,CE,Combined TRACON& Tower with Radar,232,20,34,12,298,0,46,11,0,57,232,66,45,12,355,0,0,0,355
09/06/2021,IND,IN,AGL,CE,Combined TRACON& Tower with Radar,245,19,16,11,291,0,96,16,0,112,245,115,32,11,403,0,0,0,403
09/07/2021,IND,IN,AGL,CE,Combined TRACON& Tower with Radar,242,39,28,9,318,0,29,7,0,36,242,68,35,9,354,0,0,0,354
09/08/2021,IND,IN,AGL,CE,Combined TRACON& Tower with Radar,416,46,38,2,502,0,106,14,1,121,416,152,52,3,623,0,0,0,623
09/09/2021,IND,IN,AGL,CE,Combined TRACON& Tower with Radar,450,48,39,2,539,0,133,13,1,147,450,181,52,3,686,0,0,0,686
09/10/2021,IND,IN,AGL,CE,Combined TRACON& Tower with Radar,410,60,64,7,541,0,116,17,1,134,410,176,81,8,675,0,0,0,675
09/11/2021,IND,IN,AGL,CE,Combined TRACON& Tower with Radar,243,36,19,8,306,0,77,11,0,88,243,113,30,8,394,0,0,0,394
09/12/2021,IND,IN,AGL,CE,Combined TRACON& Tower with Radar,250,47,55,1,353,0,52,2,0,54,250,99,57,1,407,0,0,0,407
09/13/2021,IND,IN,AGL,CE,Combined TRACON& Tower with Radar,249,36,52,11,348,0,124,7,0,131,249,160,59,11,479,0,0,0,479
09/14/2021,IND,IN,AGL,CE,Combined TRACON& Tower with Radar,407,49,32,0,488,0,98,7,0,105,407,147,39,0,593,0,0,0,593
09/15/2021,IND,IN,AGL,CE,Combined TRACON& Tower with Radar,427,47,58,2,534,0,106,9,0,115,427,153,67,2,649,0,0,0,649
09/16/2021,IND,IN,AGL,CE,Combined TRACON& Tower with Radar,452,100,36,4,592,0,99,10,0,109,452,199,46,4,701,0,0,0,701
09/17/2021,IND,IN,AGL,CE,Combined TRACON& Tower with Radar,417,65,24,2,508,0,111,12,0,123,417,176,36,2,631,0,0,0,631
09/18/2021,IND,IN,AGL,CE,Combined TRACON& Tower with Radar,239,20,17,3,279,0,84,3,0,87,239,104,20,3,366,0,0,0,366
09/19/2021,IND,IN,AGL,CE,Combined TRACON& Tower with Radar,262,36,58,2,358,0,69,10,0,79,262,105,68,2,437,0,0,0,437
09/20/2021,IND,IN,AGL,CE,Combined TRACON& Tower with Radar,243,74,25,7,349,0,1,0,2,3,243,75,25,9,352,0,0,0,352
09/21/2021,IND,IN,AGL,CE,Combined TRACON& Tower with Radar,424,77,35,2,538,0,9,0,0,9,424,86,35,2,547,0,0,0,547
09/22/2021,IND,IN,AGL,CE,Combined TRACON& Tower with Radar,429,65,40,2,536,0,0,0,0,0,429,65,40,2,536,0,0,0,536
09/23/2021,IND,IN,AGL,CE,Combined TRACON& Tower with Radar,459,56,46,2,563,0,119,19,2,140,459,175,65,4,703,0,0,0,703
09/24/2021,IND,IN,AGL,CE,Combined TRACON& Tower with Radar,411,63,43,3,520,0,150,21,0,171,411,213,64,3,691,0,0,0,691
09/25/2021,IND,IN,AGL,CE,Combined TRACON& Tower with Radar,249,62,27,4,342,0,104,3,0,107,249,166,30,4,449,0,0,0,449
09/26/2021,IND,IN,AGL,CE,Combined TRACON& Tower with Radar,251,51,35,1,338,0,81,14,0,95,251,132,49,1,433,0,0,0,433
09/27/2021,IND,IN,AGL,CE,Combined TRACON& Tower with Radar,250,76,37,1,364,0,76,5,1,82,250,152,42,2,446,0,0,0,446
09/28/2021,IND,IN,AGL,CE,Combined TRACON& Tower with Radar,426,86,23,2,537,0,108,13,0,121,426,194,36,2,658,0,0,0,658
09/29/2021,IND,IN,AGL,CE,Combined TRACON& Tower with Radar,429,109,40,5,583,0,142,13,2,157,429,251,53,7,740,0,0,0,740
09/30/2021,IND,IN,AGL,CE,Combined TRACON& Tower with Radar,444,63,45,2,554,0,152,8,0,160,444,215,53,2,714,0,0,0,714
10/01/2021,IND,IN,AGL,CE,Combined TRACON& Tower with Radar,397,72,47,0,516,0,135,14,0,149,397,207,61,0,665,0,0,0,665
10/02/2021,IND,IN,AGL,CE,Combined TRACON& Tower with Radar,249,47,30,0,326,0,15,4,0,19,249,62,34,0,345,0,0,0,345
10/03/2021,IND,IN,AGL,CE,Combined TRACON& Tower with Radar,254,44,29,0,327,0,4,2,0,6,254,48,31,0,333,0,0,0,333
10/04/2021,IND,IN,AGL,CE,Combined TRACON& Tower with Radar,251,76,42,4,373,0,4,3,0,7,251,80,45,4,380,0,0,0,380
10/05/2021,IND,IN,AGL,CE,Combined TRACON& Tower with Radar,429,121,45,9,604,0,52,6,0,58,429,173,51,9,662,0,0,0,662
10/06/2021,IND,IN,AGL,CE,Combined TRACON& Tower with Radar,444,118,52,1,615,0,48,2,0,50,444,166,54,1,665,0,0,0,665
10/07/2021,IND,IN,AGL,CE,Combined TRACON& Tower with Radar,471,124,43,3,641,0,29,3,0,32,471,153,46,3,673,0,0,0,673
10/08/2021,IND,IN,AGL,CE,Combined TRACON& Tower with Radar,411,100,38,0,549,0,91,6,0,97,411,191,44,0,646,0,0,0,646
10/09/2021,IND,IN,AGL,CE,Combined TRACON& Tower with Radar,279,38,22,1,340,0,140,9,0,149,279,178,31,1,489,0,0,0,489
10/10/2021,IND,IN,AGL,CE,Combined TRACON& Tower with Radar,250,29,16,0,295,0,112,4,0,116,250,141,20,0,411,0,0,0,411
10/11/2021,IND,IN,AGL,CE,Combined TRACON& Tower with Radar,266,33,35,0,334,0,78,8,0,86,266,111,43,0,420,0,0,0,420
10/12/2021,IND,IN,AGL,CE,Combined TRACON& Tower with Radar,460,131,53,0,644,0,26,3,1,30,460,157,56,1,674,0,0,0,674
10/13/2021,IND,IN,AGL,CE,Combined TRACON& Tower with Radar,452,106,54,0,612,0,118,6,0,124,452,224,60,0,736,0,0,0,736
10/14/2021,IND,IN,AGL,CE,Combined TRACON& Tower with Radar,469,103,40,4,616,0,135,6,0,141,469,238,46,4,757,0,0,0,757
10/15/2021,IND,IN,AGL,CE,Combined TRACON& Tower with Radar,435,88,42,1,566,0,0,0,0,0,435,88,42,1,566,0,0,0,566
10/16/2021,IND,IN,AGL,CE,Combined TRACON& Tower with Radar,301,50,25,0,376,0,113,11,0,124,301,163,36,0,500,0,0,0,500
10/17/2021,IND,IN,AGL,CE,Combined TRACON& Tower with Radar,272,43,70,5,390,0,102,15,1,118,272,145,85,6,508,0,0,0,508
10/18/2021,IND,IN,AGL,CE,Combined TRACON& Tower with Radar,274,47,43,0,364,0,153,5,0,158,274,200,48,0,522,0,0,0,522
10/19/2021,IND,IN,AGL,CE,Combined TRACON& Tower with Radar,447,58,40,2,547,0,153,22,1,176,447,211,62,3,723,0,0,0,723
10/20/2021,IND,IN,AGL,CE,Combined TRACON& Tower with Radar,450,78,54,5,587,0,154,12,0,166,450,232,66,5,753,0,0,0,753
10/21/2021,IND,IN,AGL,CE,Combined TRACON& Tower with Radar,462,97,53,4,616,0,79,5,2,86,462,176,58,6,702,0,0,0,702
10/22/2021,IND,IN,AGL,CE,Combined TRACON& Tower with Radar,428,75,32,5,540,0,0,0,0,0,428,75,32,5,540,0,0,0,540
10/23/2021,IND,IN,AGL,CE,Combined TRACON& Tower with Radar,299,61,24,1,385,0,92,4,0,96,299,153,28,1,481,0,0,0,481
10/24/2021,IND,IN,AGL,CE,Combined TRACON& Tower with Radar,265,35,22,4,326,0,3,1,0,4,265,38,23,4,330,0,0,0,330
10/25/2021,IND,IN,AGL,CE,Combined TRACON& Tower with Radar,281,53,31,0,365,0,0,0,0,0,281,53,31,0,365,0,0,0,365
10/26/2021,IND,IN,AGL,CE,Combined TRACON& Tower with Radar,445,56,38,3,542,0,200,11,0,211,445,256,49,3,753,0,0,0,753
10/27/2021,IND,IN,AGL,CE,Combined TRACON& Tower with Radar,449,66,58,1,574,0,177,15,2,194,449,243,73,3,768,0,0,0,768
10/28/2021,IND,IN,AGL,CE,Combined TRACON& Tower with Radar,455,66,55,0,576,0,9,2,0,11,455,75,57,0,587,0,0,0,587
10/29/2021,IND,IN,AGL,CE,Combined TRACON& Tower with Radar,417,64,42,4,527,0,2,1,0,3,417,66,43,4,530,0,0,0,530
10/30/2021,IND,IN,AGL,CE,Combined TRACON& Tower with Radar,288,50,24,4,366,0,0,2,0,2,288,50,26,4,368,0,0,0,368
10/31/2021,IND,IN,AGL,CE,Combined TRACON& Tower with Radar,217,51,37,1,306,0,51,8,2,61,217,102,45,3,367,0,0,0,367
11/01/2021,IND,IN,AGL,CE,Combined TRACON& Tower with Radar,247,57,52,1,357,0,145,12,2,159,247,202,64,3,516,0,0,0,516
11/02/2021,IND,IN,AGL,CE,Combined TRACON& Tower with Radar,438,60,35,2,535,0,162,12,1,175,438,222,47,3,710,0,0,0,710
11/03/2021,IND,IN,AGL,CE,Combined TRACON& Tower with Radar,449,67,47,0,563,0,169,10,0,179,449,236,57,0,742,0,0,0,742
11/04/2021,IND,IN,AGL,CE,Combined TRACON& Tower with Radar,477,77,53,10,617,0,186,9,0,195,477,263,62,10,812,0,0,0,812
11/05/2021,IND,IN,AGL,CE,Combined TRACON& Tower with Radar,422,58,40,2,522,0,161,15,0,176,422,219,55,2,698,0,0,0,698
11/06/2021,IND,IN,AGL,CE,Combined TRACON& Tower with Radar,267,31,19,3,320,0,102,5,1,108,267,133,24,4,428,0,0,0,428
11/07/2021,IND,IN,AGL,CE,Combined TRACON& Tower with Radar,275,41,30,0,346,0,95,10,1,106,275,136,40,1,452,0,0,0,452
11/08/2021,IND,IN,AGL,CE,Combined TRACON& Tower with Radar,276,40,38,6,360,0,159,8,1,168,276,199,46,7,528,0,0,0,528
11/09/2021,IND,IN,AGL,CE,Combined TRACON& Tower with Radar,442,63,48,10,563,0,169,14,0,183,442,232,62,10,746,0,0,0,746
11/10/2021,IND,IN,AGL,CE,Combined TRACON& Tower with Radar,472,90,40,9,611,0,165,7,2,174,472,255,47,11,785,0,0,0,785
11/11/2021,IND,IN,AGL,CE,Combined TRACON& Tower with Radar,469,58,62,0,589,0,21,2,0,23,469,79,64,0,612,0,0,0,612
11/12/2021,IND,IN,AGL,CE,Combined TRACON& Tower with Radar,433,59,30,6,528,0,48,4,0,52,433,107,34,6,580,0,0,0,580
11/13/2021,IND,IN,AGL,CE,Combined TRACON& Tower with Radar,250,36,16,0,302,0,5,1,0,6,250,41,17,0,308,0,0,0,308
11/14/2021,IND,IN,AGL,CE,Combined TRACON& Tower with Radar,302,43,36,0,381,0,0,0,0,0,302,43,36,0,381,0,0,0,381
11/15/2021,IND,IN,AGL,CE,Combined TRACON& Tower with Radar,280,63,54,9,406,0,95,9,0,104,280,158,63,9,510,0,0,0,510
11/16/2021,IND,IN,AGL,CE,Combined TRACON& Tower with Radar,436,83,29,2,550,0,233,14,3,250,436,316,43,5,800,0,0,0,800
11/17/2021,IND,IN,AGL,CE,Combined TRACON& Tower with Radar,454,75,51,2,582,0,6,2,0,8,454,81,53,2,590,0,0,0,590
11/18/2021,IND,IN,AGL,CE,Combined TRACON& Tower with Radar,474,64,56,2,596,0,122,10,0,132,474,186,66,2,728,0,0,0,728
11/19/2021,IND,IN,AGL,CE,Combined TRACON& Tower with Radar,436,78,28,0,542,0,191,11,0,202,436,269,39,0,744,0,0,0,744
11/20/2021,IND,IN,AGL,CE,Combined TRACON& Tower with Radar,297,30,11,0,338,0,85,11,0,96,297,115,22,0,434,0,0,0,434
11/21/2021,IND,IN,AGL,CE,Combined TRACON& Tower with Radar,292,47,30,1,370,0,7,2,0,9,292,54,32,1,379,0,0,0,379
11/22/2021,IND,IN,AGL,CE,Combined TRACON& Tower with Radar,272,53,17,4,346,0,154,13,0,167,272,207,30,4,513,0,0,0,513
11/23/2021,IND,IN,AGL,CE,Combined TRACON& Tower with Radar,511,70,18,3,602,0,179,10,2,191,511,249,28,5,793,0,0,0,793
11/24/2021,IND,IN,AGL,CE,Combined TRACON& Tower with Radar,517,58,19,2,596,0,66,10,0,76,517,124,29,2,672,0,0,0,672
11/25/2021,IND,IN,AGL,CE,Combined TRACON& Tower with Radar,231,14,11,0,256,0,0,1,0,1,231,14,12,0,257,0,0,0,257
11/26/2021,IND,IN,AGL,CE,Combined TRACON& Tower with Radar,312,33,12,0,357,0,60,9,0,69,312,93,21,0,426,0,0,0,426
11/27/2021,IND,IN,AGL,CE,Combined TRACON& Tower with Radar,314,40,13,0,367,0,58,7,0,65,314,98,20,0,432,0,0,0,432
11/28/2021,IND,IN,AGL,CE,Combined TRACON& Tower with Radar,316,52,46,0,414,0,50,6,0,56,316,102,52,0,470,0,0,0,470
11/29/2021,IND,IN,AGL,CE,Combined TRACON& Tower with Radar,300,49,35,4,388,0,133,10,0,143,300,182,45,4,531,0,0,0,531
11/30/2021,IND,IN,AGL,CE,Combined TRACON& Tower with Radar,506,60,42,3,611,0,145,6,1,152,506,205,48,4,763,0,0,0,763
12/01/2021,IND,IN,AGL,CE,Combined TRACON& Tower with Radar,494,66,38,0,598,0,7,0,0,7,494,73,38,0,605,0,0,0,605
12/02/2021,IND,IN,AGL,CE,Combined TRACON& Tower with Radar,506,54,30,6,596,0,150,10,0,160,506,204,40,6,756,0,0,0,756
12/03/2021,IND,IN,AGL,CE,Combined TRACON& Tower with Radar,499,65,53,5,622,0,120,14,0,134,499,185,67,5,756,0,0,0,756
12/04/2021,IND,IN,AGL,CE,Combined TRACON& Tower with Radar,342,72,77,0,491,0,80,14,4,98,342,152,91,4,589,0,0,0,589
12/05/2021,IND,IN,AGL,CE,Combined TRACON& Tower with Radar,334,68,76,0,478,0,7,6,0,13,334,75,82,0,491,0,0,0,491
12/06/2021,IND,IN,AGL,CE,Combined TRACON& Tower with Radar,266,55,49,0,370,0,23,3,0,26,266,78,52,0,396,0,0,0,396
12/07/2021,IND,IN,AGL,CE,Combined TRACON& Tower with Radar,470,52,47,2,571,0,128,13,0,141,470,180,60,2,712,0,0,0,712
12/08/2021,IND,IN,AGL,CE,Combined TRACON& Tower with Radar,500,54,61,7,622,0,131,15,0,146,500,185,76,7,768,0,0,0,768
12/09/2021,IND,IN,AGL,CE,Combined TRACON& Tower with Radar,498,72,67,2,639,0,60,18,0,78,498,132,85,2,717,0,0,0,717
12/10/2021,IND,IN,AGL,CE,Combined TRACON& Tower with Radar,488,56,70,5,619,0,0,1,0,1,488,56,71,5,620,0,0,0,620
12/11/2021,IND,IN,AGL,CE,Combined TRACON& Tower with Radar,360,26,31,0,417,0,9,2,0,11,360,35,33,0,428,0,0,0,428
12/12/2021,IND,IN,AGL,CE,Combined TRACON& Tower with Radar,313,32,39,0,384,0,95,15,0,110,313,127,54,0,494,0,0,0,494
12/13/2021,IND,IN,AGL,CE,Combined TRACON& Tower with Radar,276,49,43,4,372,0,127,14,0,141,276,176,57,4,513,0,0,0,513
12/14/2021,IND,IN,AGL,CE,Combined TRACON& Tower with Radar,476,60,41,11,588,0,117,8,1,126,476,177,49,12,714,0,0,0,714
12/15/2021,IND,IN,AGL,CE,Combined TRACON& Tower with Radar,492,64,45,1,602,0,12,0,1,13,492,76,45,2,615,0,0,0,615
12/16/2021,IND,IN,AGL,CE,Combined TRACON& Tower with Radar,494,59,32,0,585,0,22,3,0,25,494,81,35,0,610,0,0,0,610
12/17/2021,IND,IN,AGL,CE,Combined TRACON& Tower with Radar,495,57,26,2,580,0,98,7,0,105,495,155,33,2,685,0,0,0,685
12/18/2021,IND,IN,AGL,CE,Combined TRACON& Tower with Radar,374,47,36,0,457,0,0,3,0,3,374,47,39,0,460,0,0,0,460
12/19/2021,IND,IN,AGL,CE,Combined TRACON& Tower with Radar,298,37,19,0,354,0,76,14,0,90,298,113,33,0,444,0,0,0,444
12/20/2021,IND,IN,AGL,CE,Combined TRACON& Tower with Radar,264,48,25,0,337,0,165,19,0,184,264,213,44,0,521,0,0,0,521
12/21/2021,IND,IN,AGL,CE,Combined TRACON& Tower with Radar,499,52,31,4,586,0,134,12,0,146,499,186,43,4,732,0,0,0,732
12/22/2021,IND,IN,AGL,CE,Combined TRACON& Tower with Radar,514,45,22,0,581,0,149,13,0,162,514,194,35,0,743,0,0,0,743
12/23/2021,IND,IN,AGL,CE,Combined TRACON& Tower with Radar,507,47,12,2,568,0,97,9,0,106,507,144,21,2,674,0,0,0,674
12/24/2021,IND,IN,AGL,CE,Combined TRACON& Tower with Radar,407,29,6,0,442,0,8,3,0,11,407,37,9,0,453,0,0,0,453
12/25/2021,IND,IN,AGL,CE,Combined TRACON& Tower with Radar,173,15,8,0,196,0,0,2,0,2,173,15,10,0,198,0,0,0,198
12/26/2021,IND,IN,AGL,CE,Combined TRACON& Tower with Radar,242,38,26,0,306,0,42,4,0,46,242,80,30,0,352,0,0,0,352
12/27/2021,IND,IN,AGL,CE,Combined TRACON& Tower with Radar,268,46,23,0,337,0,7,4,0,11,268,53,27,0,348,0,0,0,348
12/28/2021,IND,IN,AGL,CE,Combined TRACON& Tower with Radar,485,55,13,0,553,0,5,1,0,6,485,60,14,0,559,0,0,0,559
12/29/2021,IND,IN,AGL,CE,Combined TRACON& Tower with Radar,489,57,27,3,576,0,0,0,0,0,489,57,27,3,576,0,0,0,576
12/30/2021,IND,IN,AGL,CE,Combined TRACON& Tower with Radar,481,45,10,0,536,0,0,0,0,0,481,45,10,0,536,0,0,0,536
12/31/2021,IND,IN,AGL,CE,Combined TRACON& Tower with Radar,395,34,10,0,439,0,16,0,0,16,395,50,10,0,455,0,0,0,455
01/01/2022,IND,IN,AGL,CE,Combined TRACON& Tower with Radar,195,24,20,0,239,0,0,0,0,0,195,24,20,0,239,0,0,0,239
01/02/2022,IND,IN,AGL,CE,Combined TRACON& Tower with Radar,229,24,34,0,287,0,0,2,0,2,229,24,36,0,289,0,0,0,289
01/03/2022,IND,IN,AGL,CE,Combined TRACON& Tower with Radar,221,32,34,0,287,0,120,14,0,134,221,152,48,0,421,0,0,0,421
01/04/2022,IND,IN,AGL,CE,Combined TRACON& Tower with Radar,411,51,17,0,479,0,118,16,0,134,411,169,33,0,613,0,0,0,613
01/05/2022,IND,IN,AGL,CE,Combined TRACON& Tower with Radar,409,43,34,3,489,0,6,2,0,8,409,49,36,3,497,0,0,0,497
01/06/2022,IND,IN,AGL,CE,Combined TRACON& Tower with Radar,406,49,30,2,487,0,25,4,0,29,406,74,34,2,516,0,0,0,516
01/07/2022,IND,IN,AGL,CE,Combined TRACON& Tower with Radar,379,37,27,2,445,0,136,18,0,154,379,173,45,2,599,0,0,0,599
01/08/2022,IND,IN,AGL,CE,Combined TRACON& Tower with Radar,278,40,60,0,378,0,50,3,0,53,278,90,63,0,431,0,0,0,431
01/09/2022,IND,IN,AGL,CE,Combined TRACON& Tower with Radar,282,86,114,0,482,0,22,3,0,25,282,108,117,0,507,0,0,0,507
01/10/2022,IND,IN,AGL,CE,Combined TRACON& Tower with Radar,253,155,297,0,705,0,54,12,0,66,253,209,309,0,771,0,0,0,771
01/11/2022,IND,IN,AGL,CE,Combined TRACON& Tower with Radar,448,198,372,2,1020,0,29,12,0,41,448,227,384,2,1061,0,0,0,1061
01/12/2022,IND,IN,AGL,CE,Combined TRACON& Tower with Radar,425,31,33,0,489,0,129,23,2,154,425,160,56,2,643,0,0,0,643
01/13/2022,IND,IN,AGL,CE,Combined TRACON& Tower with Radar,425,56,26,4,511,0,104,12,0,116,425,160,38,4,627,0,0,0,627
01/14/2022,IND,IN,AGL,CE,Combined TRACON& Tower with Radar,408,46,38,0,492,0,0,0,0,0,408,46,38,0,492,0,0,0,492
01/15/2022,IND,IN,AGL,CE,Combined TRACON& Tower with Radar,253,21,16,0,290,0,44,12,0,56,253,65,28,0,346,0,0,0,346
01/16/2022,IND,IN,AGL,CE,Combined TRACON& Tower with Radar,238,23,14,0,275,0,81,9,0,90,238,104,23,0,365,0,0,0,365
01/17/2022,IND,IN,AGL,CE,Combined TRACON& Tower with Radar,254,22,25,0,301,0,0,2,1,3,254,22,27,1,304,0,0,0,304
01/18/2022,IND,IN,AGL,CE,Combined TRACON& Tower with Radar,414,44,36,0,494,0,120,10,2,132,414,164,46,2,626,0,0,0,626
01/19/2022,IND,IN,AGL,CE,Combined TRACON& Tower with Radar,420,43,18,0,481,0,91,15,2,108,420,134,33,2,589,0,0,0,589
01/20/2022,IND,IN,AGL,CE,Combined TRACON& Tower with Radar,443,53,50,1,547,0,91,8,0,99,443,144,58,1,646,0,0,0,646
01/21/2022,IND,IN,AGL,CE,Combined TRACON& Tower with Radar,405,48,28,5,486,0,118,11,2,131,405,166,39,7,617,0,0,0,617
01/22/2022,IND,IN,AGL,CE,Combined TRACON& Tower with Radar,245,17,12,0,274,0,77,6,0,83,245,94,18,0,357,0,0,0,357
01/23/2022,IND,IN,AGL,CE,Combined TRACON& Tower with Radar,254,27,11,0,292,0,7,1,0,8,254,34,12,0,300,0,0,0,300
01/24/2022,IND,IN,AGL,CE,Combined TRACON& Tower with Radar,250,43,44,3,340,0,31,3,0,34,250,74,47,3,374,0,0,0,374
01/25/2022,IND,IN,AGL,CE,Combined TRACON& Tower with Radar,433,49,42,0,524,0,136,10,0,146,433,185,52,0,670,0,0,0,670
01/26/2022,IND,IN,AGL,CE,Combined TRACON& Tower with Radar,433,49,52,0,534,0,149,23,0,172,433,198,75,0,706,0,0,0,706
01/27/2022,IND,IN,AGL,CE,Combined TRACON& Tower with Radar,429,43,27,0,499,0,4,7,0,11,429,47,34,0,510,0,0,0,510
01/28/2022,IND,IN,AGL,CE,Combined TRACON& Tower with Radar,406,42,45,0,493,0,4,1,0,5,406,46,46,0,498,0,0,0,498
01/29/2022,IND,IN,AGL,CE,Combined TRACON& Tower with Radar,207,13,13,1,234,0,105,8,1,114,207,118,21,2,348,0,0,0,348
01/30/2022,IND,IN,AGL,CE,Combined TRACON& Tower with Radar,262,31,28,0,321,0,86,11,0,97,262,117,39,0,418,0,0,0,418
01/31/2022,IND,IN,AGL,CE,Combined TRACON& Tower with Radar,256,41,30,0,327,0,124,18,2,144,256,165,48,2,471,0,0,0,471
02/01/2022,IND,IN,AGL,CE,Combined TRACON& Tower with Radar,418,53,17,5,493,0,88,9,1,98,418,141,26,6,591,0,0,0,591
02/02/2022,IND,IN,AGL,CE,Combined TRACON& Tower with Radar,348,28,18,0,394,0,0,0,0,0,348,28,18,0,394,0,0,0,394
02/03/2022,IND,IN,AGL,CE,Combined TRACON& Tower with Radar,165,10,10,0,185,0,0,0,0,0,165,10,10,0,185,0,0,0,185
02/04/2022,IND,IN,AGL,CE,Combined TRACON& Tower with Radar,284,37,29,2,352,0,38,9,0,47,284,75,38,2,399,0,0,0,399
02/05/2022,IND,IN,AGL,CE,Combined TRACON& Tower with Radar,250,32,22,2,306,0,96,7,0,103,250,128,29,2,409,0,0,0,409
02/06/2022,IND,IN,AGL,CE,Combined TRACON& Tower with Radar,249,35,29,0,313,0,95,9,0,104,249,130,38,0,417,0,0,0,417
02/07/2022,IND,IN,AGL,CE,Combined TRACON& Tower with Radar,242,33,25,5,305,0,58,6,0,64,242,91,31,5,369,0,0,0,369
02/08/2022,IND,IN,AGL,CE,Combined TRACON& Tower with Radar,430,63,26,0,519,0,128,13,0,141,430,191,39,0,660,0,0,0,660
02/09/2022,IND,IN,AGL,CE,Combined TRACON& Tower with Radar,448,43,40,4,535,0,92,12,0,104,448,135,52,4,639,0,0,0,639
02/10/2022,IND,IN,AGL,CE,Combined TRACON& Tower with Radar,426,48,46,4,524,0,8,1,0,9,426,56,47,4,533,0,0,0,533
02/11/2022,IND,IN,AGL,CE,Combined TRACON& Tower with Radar,405,49,23,0,477,0,9,1,0,10,405,58,24,0,487,0,0,0,487
02/12/2022,IND,IN,AGL,CE,Combined TRACON& Tower with Radar,309,13,9,0,331,0,2,4,0,6,309,15,13,0,337,0,0,0,337
02/13/2022,IND,IN,AGL,CE,Combined TRACON& Tower with Radar,239,30,17,0,286,0,25,4,0,29,239,55,21,0,315,0,0,0,315
02/14/2022,IND,IN,AGL,CE,Combined TRACON& Tower with Radar,263,49,24,5,341,0,122,10,0,132,263,171,34,5,473,0,0,0,473
02/15/2022,IND,IN,AGL,CE,Combined TRACON& Tower with Radar,419,62,38,2,521,0,131,20,0,151,419,193,58,2,672,0,0,0,672
02/16/2022,IND,IN,AGL,CE,Combined TRACON& Tower with Radar,436,52,47,4,539,0,15,14,0,29,436,67,61,4,568,0,0,0,568
02/17/2022,IND,IN,AGL,CE,Combined TRACON& Tower with Radar,435,60,30,4,529,0,0,0,0,0,435,60,30,4,529,0,0,0,529
02/18/2022,IND,IN,AGL,CE,Combined TRACON& Tower with Radar,420,49,35,9,513,0,105,6,0,111,420,154,41,9,624,0,0,0,624
02/19/2022,IND,IN,AGL,CE,Combined TRACON& Tower with Radar,272,20,14,3,309,0,100,24,0,124,272,120,38,3,433,0,0,0,433
02/20/2022,IND,IN,AGL,CE,Combined TRACON& Tower with Radar,248,18,15,1,282,0,55,5,0,60,248,73,20,1,342,0,0,0,342
02/21/2022,IND,IN,AGL,CE,Combined TRACON& Tower with Radar,262,46,41,1,350,0,94,18,0,112,262,140,59,1,462,0,0,0,462
02/22/2022,IND,IN,AGL,CE,Combined TRACON& Tower with Radar,429,52,34,1,516,0,0,0,0,0,429,52,34,1,516,0,0,0,516
02/23/2022,IND,IN,AGL,CE,Combined TRACON& Tower with Radar,439,42,46,0,527,0,0,2,0,2,439,42,48,0,529,0,0,0,529
02/24/2022,IND,IN,AGL,CE,Combined TRACON& Tower with Radar,399,27,38,0,464,0,0,0,0,0,399,27,38,0,464,0,0,0,464
02/25/2022,IND,IN,AGL,CE,Combined TRACON& Tower with Radar,332,46,27,0,405,0,0,2,0,2,332,46,29,0,407,0,0,0,407
02/26/2022,IND,IN,AGL,CE,Combined TRACON& Tower with Radar,266,23,15,0,304,0,94,10,1,105,266,117,25,1,409,0,0,0,409
02/27/2022,IND,IN,AGL,CE,Combined TRACON& Tower with Radar,256,36,47,0,339,0,93,7,1,101,256,129,54,1,440,0,0,0,440
02/28/2022,IND,IN,AGL,CE,Combined TRACON& Tower with Radar,260,57,52,7,376,0,156,22,0,178,260,213,74,7,554,0,0,0,554
03/01/2022,IND,IN,AGL,CE,Combined TRACON& Tower with Radar,429,85,36,2,552,0,149,21,0,170,429,234,57,2,722,0,0,0,722
03/02/2022,IND,IN,AGL,CE,Combined TRACON& Tower with Radar,432,53,35,2,522,0,150,22,0,172,432,203,57,2,694,0,0,0,694
03/03/2022,IND,IN,AGL,CE,Combined TRACON& Tower with Radar,446,82,44,2,574,0,69,21,0,90,446,151,65,2,664,0,0,0,664
03/04/2022,IND,IN,AGL,CE,Combined TRACON& Tower with Radar,395,66,31,2,494,0,128,24,2,154,395,194,55,4,648,0,0,0,648
03/05/2022,IND,IN,AGL,CE,Combined TRACON& Tower with Radar,255,52,22,2,331,0,35,15,0,50,255,87,37,2,381,0,0,0,381
03/06/2022,IND,IN,AGL,CE,Combined TRACON& Tower with Radar,256,59,34,2,351,0,31,9,0,40,256,90,43,2,391,0,0,0,391
03/07/2022,IND,IN,AGL,CE,Combined TRACON& Tower with Radar,260,56,34,0,350,0,1,1,0,2,260,57,35,0,352,0,0,0,352
03/08/2022,IND,IN,AGL,CE,Combined TRACON& Tower with Radar,428,59,44,0,531,0,60,19,0,79,428,119,63,0,610,0,0,0,610
03/09/2022,IND,IN,AGL,CE,Combined TRACON& Tower with Radar,419,73,58,2,552,0,182,20,0,202,419,255,78,2,754,0,0,0,754
03/10/2022,IND,IN,AGL,CE,Combined TRACON& Tower with Radar,446,65,56,0,567,0,161,20,0,181,446,226,76,0,748,0,0,0,748
03/11/2022,IND,IN,AGL,CE,Combined TRACON& Tower with Radar,413,73,21,2,509,0,2,0,0,2,413,75,21,2,511,0,0,0,511
03/12/2022,IND,IN,AGL,CE,Combined TRACON& Tower with Radar,276,31,24,0,331,0,62,10,0,72,276,93,34,0,403,0,0,0,403
03/13/2022,IND,IN,AGL,CE,Combined TRACON& Tower with Radar,260,30,23,0,313,0,17,8,0,25,260,47,31,0,338,0,0,0,338
03/14/2022,IND,IN,AGL,CE,Combined TRACON& Tower with Radar,277,40,51,5,373,0,107,14,0,121,277,147,65,5,494,0,0,0,494
03/15/2022,IND,IN,AGL,CE,Combined TRACON& Tower with Radar,452,47,49,0,548,0,165,20,1,186,452,212,69,1,734,0,0,0,734
03/16/2022,IND,IN,AGL,CE,Combined TRACON& Tower with Radar,441,67,46,6,560,0,156,15,0,171,441,223,61,6,731,0,0,0,731
03/17/2022,IND,IN,AGL,CE,Combined TRACON& Tower with Radar,448,67,55,2,572,0,134,13,2,149,448,201,68,4,721,0,0,0,721
03/18/2022,IND,IN,AGL,CE,Combined TRACON& Tower with Radar,422,51,43,0,516,0,56,3,0,59,422,107,46,0,575,0,0,0,575
03/19/2022,IND,IN,AGL,CE,Combined TRACON& Tower with Radar,291,43,49,0,383,0,0,0,0,0,291,43,49,0,383,0,0,0,383
03/20/2022,IND,IN,AGL,CE,Combined TRACON& Tower with Radar,274,36,46,0,356,0,100,16,0,116,274,136,62,0,472,0,0,0,472
03/21/2022,IND,IN,AGL,CE,Combined TRACON& Tower with Radar,280,54,41,1,376,0,122,21,0,143,280,176,62,1,519,0,0,0,519
03/22/2022,IND,IN,AGL,CE,Combined TRACON& Tower with Radar,439,61,30,4,534,0,7,0,0,7,439,68,30,4,541,0,0,0,541
03/23/2022,IND,IN,AGL,CE,Combined TRACON& Tower with Radar,454,56,37,1,548,0,2,0,0,2,454,58,37,1,550,0,0,0,550
03/24/2022,IND,IN,AGL,CE,Combined TRACON& Tower with Radar,445,59,39,2,545,0,9,0,0,9,445,68,39,2,554,0,0,0,554
03/25/2022,IND,IN,AGL,CE,Combined TRACON& Tower with Radar,430,59,26,2,517,0,3,2,0,5,430,62,28,2,522,0,0,0,522
03/26/2022,IND,IN,AGL,CE,Combined TRACON& Tower with Radar,291,38,17,0,346,0,12,0,0,12,291,50,17,0,358,0,0,0,358
03/27/2022,IND,IN,AGL,CE,Combined TRACON& Tower with Radar,279,47,35,0,361,0,140,9,0,149,279,187,44,0,510,0,0,0,510
03/28/2022,IND,IN,AGL,CE,Combined TRACON& Tower with Radar,282,60,35,0,377,1,194,16,1,212,283,254,51,1,589,0,0,0,589
03/29/2022,IND,IN,AGL,CE,Combined TRACON& Tower with Radar,442,68,33,0,543,0,120,15,0,135,442,188,48,0,678,0,0,0,678
03/30/2022,IND,IN,AGL,CE,Combined TRACON& Tower with Radar,453,64,40,0,557,0,14,2,0,16,453,78,42,0,573,0,0,0,573
03/31/2022,IND,IN,AGL,CE,Combined TRACON& Tower with Radar,436,66,25,0,527,0,0,1,0,1,436,66,26,0,528,0,0,0,528
04/01/2022,IND,IN,AGL,CE,Combined TRACON& Tower with Radar,407,59,33,0,499,0,99,10,0,109,407,158,43,0,608,0,0,0,608
04/02/2022,IND,IN,AGL,CE,Combined TRACON& Tower with Radar,251,45,24,1,321,0,96,12,0,108,251,141,36,1,429,0,0,0,429
04/03/2022,IND,IN,AGL,CE,Combined TRACON& Tower with Radar,239,58,33,1,331,0,103,11,2,116,239,161,44,3,447,0,0,0,447
04/04/2022,IND,IN,AGL,CE,Combined TRACON& Tower with Radar,256,57,47,3,363,0,83,8,0,91,256,140,55,3,454,0,0,0,454
04/05/2022,IND,IN,AGL,CE,Combined TRACON& Tower with Radar,451,55,42,2,550,0,43,4,0,47,451,98,46,2,597,0,0,0,597
04/06/2022,IND,IN,AGL,CE,Combined TRACON& Tower with Radar,439,63,34,4,540,0,15,4,1,20,439,78,38,5,560,0,0,0,560
04/07/2022,IND,IN,AGL,CE,Combined TRACON& Tower with Radar,421,58,42,2,523,0,68,10,1,79,421,126,52,3,602,0,0,0,602
04/08/2022,IND,IN,AGL,CE,Combined TRACON& Tower with Radar,420,53,47,13,533,0,0,0,0,0,420,53,47,13,533,0,0,0,533
04/09/2022,IND,IN,AGL,CE,Combined TRACON& Tower with Radar,244,37,24,0,305,0,7,8,1,16,244,44,32,1,321,0,0,0,321
04/10/2022,IND,IN,AGL,CE,Combined TRACON& Tower with Radar,258,45,42,0,345,0,173,13,0,186,258,218,55,0,531,0,0,0,531
04/11/2022,IND,IN,AGL,CE,Combined TRACON& Tower with Radar,274,42,32,1,349,0,6,2,0,8,274,48,34,1,357,0,0,0,357
04/12/2022,IND,IN,AGL,CE,Combined TRACON& Tower with Radar,436,104,55,6,601,0,30,6,1,37,436,134,61,7,638,0,0,0,638
04/13/2022,IND,IN,AGL,CE,Combined TRACON& Tower with Radar,425,51,37,0,513,0,6,0,0,6,425,57,37,0,519,0,0,0,519
04/14/2022,IND,IN,AGL,CE,Combined TRACON& Tower with Radar,426,51,43,2,522,0,118,9,1,128,426,169,52,3,650,0,0,0,650
04/15/2022,IND,IN,AGL,CE,Combined TRACON& Tower with Radar,413,45,23,2,483,0,99,5,0,104,413,144,28,2,587,0,0,0,587
04/16/2022,IND,IN,AGL,CE,Combined TRACON& Tower with Radar,244,29,7,2,282,0,102,12,0,114,244,131,19,2,396,0,0,0,396
04/17/2022,IND,IN,AGL,CE,Combined TRACON& Tower with Radar,252,23,13,27,315,0,109,9,0,118,252,132,22,27,433,0,0,0,433
04/18/2022,IND,IN,AGL,CE,Combined TRACON& Tower with Radar,273,40,38,0,351,0,0,0,0,0,273,40,38,0,351,0,0,0,351
04/19/2022,IND,IN,AGL,CE,Combined TRACON& Tower with Radar,433,64,73,0,570,0,131,22,0,153,433,195,95,0,723,0,0,0,723
04/20/2022,IND,IN,AGL,CE,Combined TRACON& Tower with Radar,437,59,49,3,548,0,159,12,2,173,437,218,61,5,721,0,0,0,721
04/21/2022,IND,IN,AGL,CE,Combined TRACON& Tower with Radar,442,93,55,0,590,0,52,7,0,59,442,145,62,0,649,0,0,0,649
04/22/2022,IND,IN,AGL,CE,Combined TRACON& Tower with Radar,417,56,37,8,518,0,117,14,0,131,417,173,51,8,649,0,0,0,649
04/23/2022,IND,IN,AGL,CE,Combined TRACON& Tower with Radar,238,28,35,1,302,0,63,13,0,76,238,91,48,1,378,0,0,0,378
04/24/2022,IND,IN,AGL,CE,Combined TRACON& Tower with Radar,256,49,30,0,335,0,27,8,0,35,256,76,38,0,370,0,0,0,370
04/25/2022,IND,IN,AGL,CE,Combined TRACON& Tower with Radar,277,54,36,7,374,0,26,5,0,31,277,80,41,7,405,0,0,0,405
04/26/2022,IND,IN,AGL,CE,Combined TRACON& Tower with Radar,445,52,30,2,529,0,164,11,0,175,445,216,41,2,704,0,0,0,704
04/27/2022,IND,IN,AGL,CE,Combined TRACON& Tower with Radar,450,52,57,8,567,0,171,10,0,181,450,223,67,8,748,0,0,0,748
04/28/2022,IND,IN,AGL,CE,Combined TRACON& Tower with Radar,440,53,57,1,551,0,141,13,0,154,440,194,70,1,705,0,0,0,705
04/29/2022,IND,IN,AGL,CE,Combined TRACON& Tower with Radar,404,65,46,0,515,0,112,8,0,120,404,177,54,0,635,0,0,0,635
04/30/2022,IND,IN,AGL,CE,Combined TRACON& Tower with Radar,255,13,20,0,288,0,61,4,0,65,255,74,24,0,353,0,0,0,353
05/01/2022,IND,IN,AGL,CE,Combined TRACON& Tower with Radar,252,42,50,0,344,0,46,9,0,55,252,88,59,0,399,0,0,0,399
05/02/2022,IND,IN,AGL,CE,Combined TRACON& Tower with Radar,273,41,39,8,361,0,154,12,0,166,273,195,51,8,527,0,0,0,527
05/03/2022,IND,IN,AGL,CE,Combined TRACON& Tower with Radar,455,57,28,4,544,0,0,2,0,2,455,57,30,4,546,0,0,0,546
05/04/2022,IND,IN,AGL,CE,Combined TRACON& Tower with Radar,456,75,41,0,572,0,4,9,0,13,456,79,50,0,585,0,0,0,585
05/05/2022,IND,IN,AGL,CE,Combined TRACON& Tower with Radar,448,98,62,0,608,0,10,4,0,14,448,108,66,0,622,0,0,0,622
05/06/2022,IND,IN,AGL,CE,Combined TRACON& Tower with Radar,423,58,32,2,515,0,0,0,0,0,423,58,32,2,515,0,0,0,515
05/07/2022,IND,IN,AGL,CE,Combined TRACON& Tower with Radar,299,39,20,0,358,0,66,13,2,81,299,105,33,2,439,0,0,0,439
05/08/2022,IND,IN,AGL,CE,Combined TRACON& Tower with Radar,257,44,18,0,319,0,104,13,2,119,257,148,31,2,438,0,0,0,438
05/09/2022,IND,IN,AGL,CE,Combined TRACON& Tower with Radar,263,39,45,3,350,0,134,13,1,148,263,173,58,4,498,0,0,0,498
05/10/2022,IND,IN,AGL,CE,Combined TRACON& Tower with Radar,455,45,42,3,545,0,142,10,0,152,455,187,52,3,697,0,0,0,697
05/11/2022,IND,IN,AGL,CE,Combined TRACON& Tower with Radar,452,60,47,3,562,0,155,16,0,171,452,215,63,3,733,0,0,0,733
05/12/2022,IND,IN,AGL,CE,Combined TRACON& Tower with Radar,452,60,49,2,563,0,149,5,3,157,452,209,54,5,720,0,0,0,720
05/13/2022,IND,IN,AGL,CE,Combined TRACON& Tower with Radar,421,71,32,3,527,0,166,13,0,179,421,237,45,3,706,0,0,0,706
05/14/2022,IND,IN,AGL,CE,Combined TRACON& Tower with Radar,252,38,27,2,319,0,37,4,0,41,252,75,31,2,360,0,0,0,360
05/15/2022,IND,IN,AGL,CE,Combined TRACON& Tower with Radar,253,46,29,2,330,0,103,3,0,106,253,149,32,2,436,0,0,0,436
05/16/2022,IND,IN,AGL,CE,Combined TRACON& Tower with Radar,247,57,43,0,347,0,106,9,0,115,247,163,52,0,462,0,0,0,462
05/17/2022,IND,IN,AGL,CE,Combined TRACON& Tower with Radar,445,72,24,2,543,0,147,3,2,152,445,219,27,4,695,0,0,0,695
05/18/2022,IND,IN,AGL,CE,Combined TRACON& Tower with Radar,446,76,44,2,568,0,33,2,0,35,446,109,46,2,603,0,0,0,603
05/19/2022,IND,IN,AGL,CE,Combined TRACON& Tower with Radar,453,72,67,2,594,0,59,4,2,65,453,131,71,4,659,0,0,0,659
05/20/2022,IND,IN,AGL,CE,Combined TRACON& Tower with Radar,400,66,43,2,511,0,45,7,2,54,400,111,50,4,565,0,0,0,565
05/21/2022,IND,IN,AGL,CE,Combined TRACON& Tower with Radar,272,33,23,0,328,0,19,2,0,21,272,52,25,0,349,0,0,0,349
05/22/2022,IND,IN,AGL,CE,Combined TRACON& Tower with Radar,247,46,26,3,322,0,70,2,0,72,247,116,28,3,394,0,0,0,394
05/23/2022,IND,IN,AGL,CE,Combined TRACON& Tower with Radar,255,42,31,3,331,0,151,6,0,157,255,193,37,3,488,0,0,0,488
05/24/2022,IND,IN,AGL,CE,Combined TRACON& Tower with Radar,444,62,39,4,549,0,157,10,0,167,444,219,49,4,716,0,0,0,716
05/25/2022,IND,IN,AGL,CE,Combined TRACON& Tower with Radar,453,59,49,4,565,0,14,2,0,16,453,73,51,4,581,0,0,0,581
05/26/2022,IND,IN,AGL,CE,Combined TRACON& Tower with Radar,462,82,52,2,598,0,1,0,1,2,462,83,52,3,600,0,0,0,600
05/27/2022,IND,IN,AGL,CE,Combined TRACON& Tower with Radar,424,106,92,4,626,0,18,5,0,23,424,124,97,4,649,0,0,0,649
05/28/2022,IND,IN,AGL,CE,Combined TRACON& Tower with Radar,261,48,66,0,375,0,102,6,2,110,261,150,72,2,485,0,0,0,485
05/29/2022,IND,IN,AGL,CE,Combined TRACON& Tower with Radar,226,95,122,2,445,0,59,155,3,217,226,154,277,5,662,0,0,0,662
05/30/2022,IND,IN,AGL,CE,Combined TRACON& Tower with Radar,276,65,53,1,395,0,51,6,0,57,276,116,59,1,452,0,0,0,452
05/31/2022,IND,IN,AGL,CE,Combined TRACON& Tower with Radar,251,43,39,0,333,0,140,16,1,157,251,183,55,1,490,0,0,0,490
06/01/2022,IND,IN,AGL,CE,Combined TRACON& Tower with Radar,438,67,38,9,552,0,100,3,0,103,438,167,41,9,655,0,0,0,655
06/02/2022,IND,IN,AGL,CE,Combined TRACON& Tower with Radar,433,67,39,8,547,0,132,12,2,146,433,199,51,10,693,0,0,0,693
06/03/2022,IND,IN,AGL,CE,Combined TRACON& Tower with Radar,405,61,31,1,498,0,172,15,2,189,405,233,46,3,687,0,0,0,687
06/04/2022,IND,IN,AGL,CE,Combined TRACON& Tower with Radar,266,41,22,7,336,0,88,9,0,97,266,129,31,7,433,0,0,0,433
06/05/2022,IND,IN,AGL,CE,Combined TRACON& Tower with Radar,261,39,23,4,327,0,66,16,0,82,261,105,39,4,409,0,0,0,409
06/06/2022,IND,IN,AGL,CE,Combined TRACON& Tower with Radar,266,47,32,2,347,0,61,9,0,70,266,108,41,2,417,0,0,0,417
06/07/2022,IND,IN,AGL,CE,Combined TRACON& Tower with Radar,442,94,22,3,561,0,30,4,0,34,442,124,26,3,595,0,0,0,595
06/08/2022,IND,IN,AGL,CE,Combined TRACON& Tower with Radar,444,71,43,5,563,0,59,5,0,64,444,130,48,5,627,0,0,0,627
06/09/2022,IND,IN,AGL,CE,Combined TRACON& Tower with Radar,434,81,54,4,573,0,130,9,0,139,434,211,63,4,712,0,0,0,712
06/10/2022,IND,IN,AGL,CE,Combined TRACON& Tower with Radar,400,66,38,3,507,0,119,10,0,129,400,185,48,3,636,0,0,0,636
06/11/2022,IND,IN,AGL,CE,Combined TRACON& Tower with Radar,273,41,21,3,338,0,42,4,0,46,273,83,25,3,384,0,0,0,384
06/12/2022,IND,IN,AGL,CE,Combined TRACON& Tower with Radar,251,43,27,9,330,0,25,2,0,27,251,68,29,9,357,0,0,0,357
06/13/2022,IND,IN,AGL,CE,Combined TRACON& Tower with Radar,279,61,59,2,401,0,33,3,0,36,279,94,62,2,437,0,0,0,437
06/14/2022,IND,IN,AGL,CE,Combined TRACON& Tower with Radar,446,57,44,6,553,0,148,7,0,155,446,205,51,6,708,0,0,0,708
06/15/2022,IND,IN,AGL,CE,Combined TRACON& Tower with Radar,446,57,41,0,544,0,161,10,0,171,446,218,51,0,715,0,0,0,715
06/16/2022,IND,IN,AGL,CE,Combined TRACON& Tower with Radar,424,64,61,0,549,0,92,26,0,118,424,156,87,0,667,0,0,0,667
06/17/2022,IND,IN,AGL,CE,Combined TRACON& Tower with Radar,382,57,30,0,469,0,111,4,0,115,382,168,34,0,584,0,0,0,584
06/18/2022,IND,IN,AGL,CE,Combined TRACON& Tower with Radar,266,23,31,1,321,0,63,9,0,72,266,86,40,1,393,0,0,0,393
06/19/2022,IND,IN,AGL,CE,Combined TRACON& Tower with Radar,248,42,29,2,321,0,87,12,0,99,248,129,41,2,420,0,0,0,420
06/20/2022,IND,IN,AGL,CE,Combined TRACON& Tower with Radar,275,49,36,0,360,0,122,10,1,133,275,171,46,1,493,0,0,0,493
06/21/2022,IND,IN,AGL,CE,Combined TRACON& Tower with Radar,448,45,27,6,526,0,129,12,0,141,448,174,39,6,667,0,0,0,667
06/22/2022,IND,IN,AGL,CE,Combined TRACON& Tower with Radar,428,73,60,4,565,0,81,7,0,88,428,154,67,4,653,0,0,0,653
06/23/2022,IND,IN,AGL,CE,Combined TRACON& Tower with Radar,443,61,31,5,540,0,111,7,1,119,443,172,38,6,659,0,0,0,659
06/24/2022,IND,IN,AGL,CE,Combined TRACON& Tower with Radar,399,42,26,3,470,0,125,8,2,135,399,167,34,5,605,0,0,0,605
06/25/2022,IND,IN,AGL,CE,Combined TRACON& Tower with Radar,271,21,15,0,307,0,83,11,0,94,271,104,26,0,401,0,0,0,401
06/26/2022,IND,IN,AGL,CE,Combined TRACON& Tower with Radar,265,40,40,2,347,0,24,1,0,25,265,64,41,2,372,0,0,0,372
06/27/2022,IND,IN,AGL,CE,Combined TRACON& Tower with Radar,254,46,46,7,353,0,120,7,1,128,254,166,53,8,481,0,0,0,481
06/28/2022,IND,IN,AGL,CE,Combined TRACON& Tower with Radar,441,53,35,0,529,0,123,9,0,132,441,176,44,0,661,0,0,0,661
06/29/2022,IND,IN,AGL,CE,Combined TRACON& Tower with Radar,455,57,42,9,563,0,135,8,1,144,455,192,50,10,707,0,0,0,707
06/30/2022,IND,IN,AGL,CE,Combined TRACON& Tower with Radar,433,75,73,10,591,0,109,13,0,122,433,184,86,10,713,0,0,0,713
07/01/2022,IND,IN,AGL,CE,Combined TRACON& Tower with Radar,395,49,17,3,464,0,103,7,0,110,395,152,24,3,574,0,0,0,574
07/02/2022,IND,IN,AGL,CE,Combined TRACON& Tower with Radar,271,31,11,0,313,0,83,3,0,86,271,114,14,0,399,0,0,0,399
07/03/2022,IND,IN,AGL,CE,Combined TRACON& Tower with Radar,232,22,11,0,265,0,48,2,0,50,232,70,13,0,315,0,0,0,315
07/04/2022,IND,IN,AGL,CE,Combined TRACON& Tower with Radar,236,20,20,0,276,0,4,8,0,12,236,24,28,0,288,0,0,0,288
07/05/2022,IND,IN,AGL,CE,Combined TRACON& Tower with Radar,236,36,24,0,296,0,88,12,0,100,236,124,36,0,396,0,0,0,396
07/06/2022,IND,IN,AGL,CE,Combined TRACON& Tower with Radar,482,42,26,0,550,0,46,5,0,51,482,88,31,0,601,0,0,0,601
07/07/2022,IND,IN,AGL,CE,Combined TRACON& Tower with Radar,453,56,38,0,547,0,80,3,0,83,453,136,41,0,630,0,0,0,630
07/08/2022,IND,IN,AGL,CE,Combined TRACON& Tower with Radar,397,42,17,0,456,0,0,0,0,0,397,42,17,0,456,0,0,0,456
07/09/2022,IND,IN,AGL,CE,Combined TRACON& Tower with Radar,279,40,17,0,336,0,60,1,0,61,279,100,18,0,397,0,0,0,397
07/10/2022,IND,IN,AGL,CE,Combined TRACON& Tower with Radar,263,40,23,0,326,0,116,10,0,126,263,156,33,0,452,0,0,0,452
07/11/2022,IND,IN,AGL,CE,Combined TRACON& Tower with Radar,274,45,53,2,374,0,120,12,0,132,274,165,65,2,506,0,0,0,506
07/12/2022,IND,IN,AGL,CE,Combined TRACON& Tower with Radar,457,59,42,2,560,0,99,2,0,101,457,158,44,2,661,0,0,0,661
07/13/2022,IND,IN,AGL,CE,Combined TRACON& Tower with Radar,471,60,56,0,587,0,129,14,2,145,471,189,70,2,732,0,0,0,732
07/14/2022,IND,IN,AGL,CE,Combined TRACON& Tower with Radar,471,66,27,4,568,0,121,34,0,155,471,187,61,4,723,0,0,0,723
07/15/2022,IND,IN,AGL,CE,Combined TRACON& Tower with Radar,403,52,39,3,497,0,89,2,0,91,403,141,41,3,588,0,0,0,588
07/16/2022,IND,IN,AGL,CE,Combined TRACON& Tower with Radar,270,23,14,2,309,0,77,3,0,80,270,100,17,2,389,0,0,0,389
07/17/2022,IND,IN,AGL,CE,Combined TRACON& Tower with Radar,271,54,34,0,359,0,0,0,0,0,271,54,34,0,359,0,0,0,359
07/18/2022,IND,IN,AGL,CE,Combined TRACON& Tower with Radar,241,55,47,0,343,0,37,7,0,44,241,92,54,0,387,0,0,0,387
07/19/2022,IND,IN,AGL,CE,Combined TRACON& Tower with Radar,471,53,35,6,565,0,146,5,0,151,471,199,40,6,716,0,0,0,716
07/20/2022,IND,IN,AGL,CE,Combined TRACON& Tower with Radar,467,84,35,3,589,0,40,8,0,48,467,124,43,3,637,0,0,0,637
07/21/2022,IND,IN,AGL,CE,Combined TRACON& Tower with Radar,459,53,50,3,565,0,172,9,0,181,459,225,59,3,746,0,0,0,746
07/22/2022,IND,IN,AGL,CE,Combined TRACON& Tower with Radar,399,65,25,6,495,0,132,18,0,150,399,197,43,6,645,0,0,0,645
07/23/2022,IND,IN,AGL,CE,Combined TRACON& Tower with Radar,299,38,23,2,362,0,54,8,1,63,299,92,31,3,425,0,0,0,425
07/24/2022,IND,IN,AGL,CE,Combined TRACON& Tower with Radar,257,51,40,4,352,0,45,9,0,54,257,96,49,4,406,0,0,0,406
07/25/2022,IND,IN,AGL,CE,Combined TRACON& Tower with Radar,250,53,35,6,344,0,124,7,3,134,250,177,42,9,478,0,0,0,478
07/26/2022,IND,IN,AGL,CE,Combined TRACON& Tower with Radar,460,99,35,2,596,0,8,0,0,8,460,107,35,2,604,0,0,0,604
07/27/2022,IND,IN,AGL,CE,Combined TRACON& Tower with Radar,492,69,44,0,605,0,18,3,0,21,492,87,47,0,626,0,0,0,626
07/28/2022,IND,IN,AGL,CE,Combined TRACON& Tower with Radar,454,76,67,23,620,0,120,5,0,125,454,196,72,23,745,0,0,0,745
07/29/2022,IND,IN,AGL,CE,Combined TRACON& Tower with Radar,406,73,67,3,549,0,138,7,0,145,406,211,74,3,694,0,0,0,694
07/30/2022,IND,IN,AGL,CE,Combined TRACON& Tower with Radar,277,46,55,2,380,0,94,20,2,116,277,140,75,4,496,0,0,0,496
07/31/2022,IND,IN,AGL,CE,Combined TRACON& Tower with Radar,252,59,63,0,374,0,68,17,2,87,252,127,80,2,461,0,0,0,461
08/01/2022,IND,IN,AGL,CE,Combined TRACON& Tower with Radar,255,59,46,1,361,0,49,6,0,55,255,108,52,1,416,0,0,0,416
08/02/2022,IND,IN,AGL,CE,Combined TRACON& Tower with Radar,420,56,30,0,506,0,122,7,0,129,420,178,37,0,635,0,0,0,635
08/03/2022,IND,IN,AGL,CE,Combined TRACON& Tower with Radar,442,57,39,0,538,0,93,5,0,98,442,150,44,0,636,0,0,0,636
08/04/2022,IND,IN,AGL,CE,Combined TRACON& Tower with Radar,394,76,44,0,514,0,8,4,0,12,394,84,48,0,526,0,0,0,526
08/05/2022,IND,IN,AGL,CE,Combined TRACON& Tower with Radar,382,83,36,2,503,0,52,3,0,55,382,135,39,2,558,0,0,0,558
08/06/2022,IND,IN,AGL,CE,Combined TRACON& Tower with Radar,258,48,16,0,322,0,57,0,2,59,258,105,16,2,381,0,0,0,381
08/07/2022,IND,IN,AGL,CE,Combined TRACON& Tower with Radar,252,50,38,2,342,0,95,3,0,98,252,145,41,2,440,0,0,0,440
08/08/2022,IND,IN,AGL,CE,Combined TRACON& Tower with Radar,259,53,37,6,355,0,80,3,1,84,259,133,40,7,439,0,0,0,439
08/09/2022,IND,IN,AGL,CE,Combined TRACON& Tower with Radar,427,65,27,2,521,0,0,0,0,0,427,65,27,2,521,0,0,0,521
08/10/2022,IND,IN,AGL,CE,Combined TRACON& Tower with Radar,425,67,41,4,537,0,82,7,0,89,425,149,48,4,626,0,0,0,626
08/11/2022,IND,IN,AGL,CE,Combined TRACON& Tower with Radar,409,63,40,2,514,0,120,4,0,124,409,183,44,2,638,0,0,0,638
08/12/2022,IND,IN,AGL,CE,Combined TRACON& Tower with Radar,391,48,34,6,479,0,156,12,0,168,391,204,46,6,647,0,0,0,647
08/13/2022,IND,IN,AGL,CE,Combined TRACON& Tower with Radar,242,16,16,2,276,0,106,8,1,115,242,122,24,3,391,0,0,0,391
08/14/2022,IND,IN,AGL,CE,Combined TRACON& Tower with Radar,314,76,34,9,433,0,37,1,0,38,314,113,35,9,471,0,0,0,471
08/15/2022,IND,IN,AGL,CE,Combined TRACON& Tower with Radar,244,67,45,6,362,0,48,5,0,53,244,115,50,6,415,0,0,0,415
08/16/2022,IND,IN,AGL,CE,Combined TRACON& Tower with Radar,423,49,55,6,533,0,141,7,2,150,423,190,62,8,683,0,0,0,683
08/17/2022,IND,IN,AGL,CE,Combined TRACON& Tower with Radar,418,66,39,4,527,1,190,9,0,200,419,256,48,4,727,0,0,0,727
08/18/2022,IND,IN,AGL,CE,Combined TRACON& Tower with Radar,413,57,43,9,522,0,132,11,0,143,413,189,54,9,665,0,0,0,665
08/19/2022,IND,IN,AGL,CE,Combined TRACON& Tower with Radar,384,49,30,0,463,0,133,6,1,140,384,182,36,1,603,0,0,0,603
08/20/2022,IND,IN,AGL,CE,Combined TRACON& Tower with Radar,258,20,19,3,300,0,75,5,2,82,258,95,24,5,382,0,0,0,382
08/21/2022,IND,IN,AGL,CE,Combined TRACON& Tower with Radar,245,44,21,10,320,0,8,2,1,11,245,52,23,11,331,0,0,0,331
08/22/2022,IND,IN,AGL,CE,Combined TRACON& Tower with Radar,228,62,29,3,322,0,44,6,3,53,228,106,35,6,375,0,0,0,375
08/23/2022,IND,IN,AGL,CE,Combined TRACON& Tower with Radar,410,45,40,0,495,0,165,8,2,175,410,210,48,2,670,0,0,0,670
08/24/2022,IND,IN,AGL,CE,Combined TRACON& Tower with Radar,422,67,32,2,523,0,143,8,3,154,422,210,40,5,677,0,0,0,677
08/25/2022,IND,IN,AGL,CE,Combined TRACON& Tower with Radar,414,64,43,4,525,0,113,9,2,124,414,177,52,6,649,0,0,0,649
08/26/2022,IND,IN,AGL,CE,Combined TRACON& Tower with Radar,376,52,25,3,456,0,115,8,1,124,376,167,33,4,580,0,0,0,580
08/27/2022,IND,IN,AGL,CE,Combined TRACON& Tower with Radar,256,25,14,0,295,0,112,11,0,123,256,137,25,0,418,0,0,0,418
08/28/2022,IND,IN,AGL,CE,Combined TRACON& Tower with Radar,252,50,38,2,342,0,95,3,0,98,252,145,41,2,440,0,0,0,440
08/29/2022,IND,IN,AGL,CE,Combined TRACON& Tower with Radar,244,46,36,2,328,0,65,4,1,70,244,111,40,3,398,0,0,0,398
08/30/2022,IND,IN,AGL,CE,Combined TRACON& Tower with Radar,423,50,36,3,512,0,86,0,0,86,423,136,36,3,598,0,0,0,598
08/31/2022,IND,IN,AGL,CE,Combined TRACON& Tower with Radar,422,57,51,5,535,0,138,15,0,153,422,195,66,5,688,0,0,0,688
09/01/2022,IND,IN,AGL,CE,Combined TRACON& Tower with Radar,421,59,45,3,528,0,145,20,2,167,421,204,65,5,695,0,0,0,695
09/02/2022,IND,IN,AGL,CE,Combined TRACON& Tower with Radar,389,54,29,6,478,0,139,5,2,146,389,193,34,8,624,0,0,0,624
09/03/2022,IND,IN,AGL,CE,Combined TRACON& Tower with Radar,244,29,8,1,282,0,52,2,1,55,244,81,10,2,337,0,0,0,337
09/04/2022,IND,IN,AGL,CE,Combined TRACON& Tower with Radar,223,44,19,0,286,0,7,1,0,8,223,51,20,0,294,0,0,0,294
09/05/2022,IND,IN,AGL,CE,Combined TRACON& Tower with Radar,228,46,33,0,307,0,4,1,0,5,228,50,34,0,312,0,0,0,312
09/06/2022,IND,IN,AGL,CE,Combined TRACON& Tower with Radar,246,44,30,2,322,0,41,3,0,44,246,85,33,2,366,0,0,0,366
09/07/2022,IND,IN,AGL,CE,Combined TRACON& Tower with Radar,409,36,54,2,501,0,151,15,0,166,409,187,69,2,667,0,0,0,667
09/08/2022,IND,IN,AGL,CE,Combined TRACON& Tower with Radar,426,55,36,3,520,0,125,9,2,136,426,180,45,5,656,0,0,0,656
09/09/2022,IND,IN,AGL,CE,Combined TRACON& Tower with Radar,376,44,42,0,462,0,130,9,0,139,376,174,51,0,601,0,0,0,601
09/10/2022,IND,IN,AGL,CE,Combined TRACON& Tower with Radar,237,29,15,0,281,0,100,8,0,108,237,129,23,0,389,0,0,0,389
09/11/2022,IND,IN,AGL,CE,Combined TRACON& Tower with Radar,263,42,37,0,342,0,5,1,0,6,263,47,38,0,348,0,0,0,348
09/12/2022,IND,IN,AGL,CE,Combined TRACON& Tower with Radar,243,40,31,4,318,0,71,4,0,75,243,111,35,4,393,0,0,0,393
09/13/2022,IND,IN,AGL,CE,Combined TRACON& Tower with Radar,412,63,56,5,536,0,12,3,0,15,412,75,59,5,551,0,0,0,551
09/14/2022,IND,IN,AGL,CE,Combined TRACON& Tower with Radar,412,55,70,2,539,0,168,12,0,180,412,223,82,2,719,0,0,0,719
09/15/2022,IND,IN,AGL,CE,Combined TRACON& Tower with Radar,428,62,56,8,554,0,170,11,0,181,428,232,67,8,735,0,0,0,735
09/16/2022,IND,IN,AGL,CE,Combined TRACON& Tower with Radar,383,72,35,1,491,0,132,15,0,147,383,204,50,1,638,0,0,0,638
09/17/2022,IND,IN,AGL,CE,Combined TRACON& Tower with Radar,247,26,15,0,288,0,74,7,0,81,247,100,22,0,369,0,0,0,369
09/18/2022,IND,IN,AGL,CE,Combined TRACON& Tower with Radar,263,38,26,0,327,0,86,13,0,99,263,124,39,0,426,0,0,0,426
09/19/2022,IND,IN,AGL,CE,Combined TRACON& Tower with Radar,238,65,49,2,354,0,37,3,0,40,238,102,52,2,394,0,0,0,394
09/20/2022,IND,IN,AGL,CE,Combined TRACON& Tower with Radar,439,61,60,3,563,0,187,10,1,198,439,248,70,4,761,0,0,0,761
09/21/2022,IND,IN,AGL,CE,Combined TRACON& Tower with Radar,416,59,35,2,512,0,171,11,0,182,416,230,46,2,694,0,0,0,694
09/22/2022,IND,IN,AGL,CE,Combined TRACON& Tower with Radar,410,62,63,2,537,0,123,15,0,138,410,185,78,2,675,0,0,0,675
09/23/2022,IND,IN,AGL,CE,Combined TRACON& Tower with Radar,394,58,47,4,503,0,147,10,0,157,394,205,57,4,660,0,0,0,660
09/24/2022,IND,IN,AGL,CE,Combined TRACON& Tower with Radar,241,27,22,1,291,0,90,8,0,98,241,117,30,1,389,0,0,0,389
09/25/2022,IND,IN,AGL,CE,Combined TRACON& Tower with Radar,263,51,42,3,359,0,35,11,0,46,263,86,53,3,405,0,0,0,405
09/26/2022,IND,IN,AGL,CE,Combined TRACON& Tower with Radar,245,43,37,3,328,0,105,4,0,109,245,148,41,3,437,0,0,0,437
09/27/2022,IND,IN,AGL,CE,Combined TRACON& Tower with Radar,415,63,34,4,516,0,100,9,0,109,415,163,43,4,625,0,0,0,625
09/28/2022,IND,IN,AGL,CE,Combined TRACON& Tower with Radar,398,65,46,4,513,0,115,7,0,122,398,180,53,4,635,0,0,0,635
09/29/2022,IND,IN,AGL,CE,Combined TRACON& Tower with Radar,400,52,37,2,491,0,157,9,0,166,400,209,46,2,657,0,0,0,657
09/30/2022,IND,IN,AGL,CE,Combined TRACON& Tower with Radar,383,43,33,2,461,0,149,7,0,156,383,192,40,2,617,0,0,0,617
10/01/2022,IND,IN,AGL,CE,Combined TRACON& Tower with Radar,246,31,18,2,297,0,94,4,0,98,246,125,22,2,395,0,0,0,395
10/02/2022,IND,IN,AGL,CE,Combined TRACON& Tower with Radar,261,28,28,2,319,0,72,4,0,76,261,100,32,2,395,0,0,0,395
10/03/2022,IND,IN,AGL,CE,Combined TRACON& Tower with Radar,255,41,35,2,333,0,140,9,0,149,255,181,44,2,482,0,0,0,482
10/04/2022,IND,IN,AGL,CE,Combined TRACON& Tower with Radar,413,69,50,0,532,0,159,8,0,167,413,228,58,0,699,0,0,0,699
10/05/2022,IND,IN,AGL,CE,Combined TRACON& Tower with Radar,427,71,40,4,542,0,157,4,0,161,427,228,44,4,703,0,0,0,703
10/06/2022,IND,IN,AGL,CE,Combined TRACON& Tower with Radar,420,55,57,11,543,0,147,9,1,157,420,202,66,12,700,0,0,0,700
10/07/2022,IND,IN,AGL,CE,Combined TRACON& Tower with Radar,399,57,28,2,486,0,94,5,0,99,399,151,33,2,585,0,0,0,585
10/08/2022,IND,IN,AGL,CE,Combined TRACON& Tower with Radar,272,30,17,1,320,0,67,9,0,76,272,97,26,1,396,0,0,0,396
10/09/2022,IND,IN,AGL,CE,Combined TRACON& Tower with Radar,261,45,41,0,347,0,48,3,0,51,261,93,44,0,398,0,0,0,398
10/10/2022,IND,IN,AGL,CE,Combined TRACON& Tower with Radar,248,31,48,2,329,0,118,11,0,129,248,149,59,2,458,0,0,0,458
10/11/2022,IND,IN,AGL,CE,Combined TRACON& Tower with Radar,430,58,53,6,547,0,110,10,0,120,430,168,63,6,667,0,0,0,667
10/12/2022,IND,IN,AGL,CE,Combined TRACON& Tower with Radar,433,52,46,2,533,0,28,7,0,35,433,80,53,2,568,0,0,0,568
10/13/2022,IND,IN,AGL,CE,Combined TRACON& Tower with Radar,429,45,45,2,521,0,78,8,0,86,429,123,53,2,607,0,0,0,607
10/14/2022,IND,IN,AGL,CE,Combined TRACON& Tower with Radar,399,47,47,0,493,0,93,6,2,101,399,140,53,2,594,0,0,0,594
10/15/2022,IND,IN,AGL,CE,Combined TRACON& Tower with Radar,282,33,20,2,337,0,104,3,0,107,282,137,23,2,444,0,0,0,444
10/16/2022,IND,IN,AGL,CE,Combined TRACON& Tower with Radar,261,44,40,0,345,0,95,7,0,102,261,139,47,0,447,0,0,0,447
10/17/2022,IND,IN,AGL,CE,Combined TRACON& Tower with Radar,238,43,31,7,319,0,94,2,0,96,238,137,33,7,415,0,0,0,415
10/18/2022,IND,IN,AGL,CE,Combined TRACON& Tower with Radar,434,38,46,4,522,0,64,3,0,67,434,102,49,4,589,0,0,0,589
10/19/2022,IND,IN,AGL,CE,Combined TRACON& Tower with Radar,422,50,61,0,533,0,163,1,0,164,422,213,62,0,697,0,0,0,697
10/20/2022,IND,IN,AGL,CE,Combined TRACON& Tower with Radar,432,51,40,2,525,0,148,17,1,166,432,199,57,3,691,0,0,0,691
10/21/2022,IND,IN,AGL,CE,Combined TRACON& Tower with Radar,392,48,34,6,480,0,124,12,0,136,392,172,46,6,616,0,0,0,616
10/22/2022,IND,IN,AGL,CE,Combined TRACON& Tower with Radar,265,33,21,8,327,0,73,6,5,84,265,106,27,13,411,0,0,0,411
10/23/2022,IND,IN,AGL,CE,Combined TRACON& Tower with Radar,265,37,32,1,335,0,42,12,0,54,265,79,44,1,389,0,0,0,389
10/24/2022,IND,IN,AGL,CE,Combined TRACON& Tower with Radar,234,30,40,4,308,0,115,6,2,123,234,145,46,6,431,0,0,0,431
10/25/2022,IND,IN,AGL,CE,Combined TRACON& Tower with Radar,411,62,49,2,524,0,61,6,0,67,411,123,55,2,591,0,0,0,591
10/26/2022,IND,IN,AGL,CE,Combined TRACON& Tower with Radar,443,72,42,8,565,0,45,3,0,48,443,117,45,8,613,0,0,0,613
10/27/2022,IND,IN,AGL,CE,Combined TRACON& Tower with Radar,417,60,41,2,520,0,174,2,3,179,417,234,43,5,699,0,0,0,699
10/28/2022,IND,IN,AGL,CE,Combined TRACON& Tower with Radar,389,54,40,6,489,0,168,8,0,176,389,222,48,6,665,0,0,0,665
10/29/2022,IND,IN,AGL,CE,Combined TRACON& Tower with Radar,249,22,21,0,292,0,89,12,0,101,249,111,33,0,393,0,0,0,393
10/30/2022,IND,IN,AGL,CE,Combined TRACON& Tower with Radar,252,42,28,1,323,0,18,5,0,23,252,60,33,1,346,0,0,0,346
10/31/2022,IND,IN,AGL,CE,Combined TRACON& Tower with Radar,229,42,22,2,295,0,0,0,0,0,229,42,22,2,295,0,0,0,295
11/01/2022,IND,IN,AGL,CE,Combined TRACON& Tower with Radar,432,62,42,4,540,0,140,6,0,146,432,202,48,4,686,0,0,0,686
11/02/2022,IND,IN,AGL,CE,Combined TRACON& Tower with Radar,422,57,45,3,527,0,174,10,0,184,422,231,55,3,711,0,0,0,711
11/03/2022,IND,IN,AGL,CE,Combined TRACON& Tower with Radar,428,64,49,7,548,0,181,7,0,188,428,245,56,7,736,0,0,0,736
11/04/2022,IND,IN,AGL,CE,Combined TRACON& Tower with Radar,383,46,32,4,465,0,125,13,0,138,383,171,45,4,603,0,0,0,603
11/05/2022,IND,IN,AGL,CE,Combined TRACON& Tower with Radar,260,18,8,2,288,0,3,4,0,7,260,21,12,2,295,0,0,0,295
11/06/2022,IND,IN,AGL,CE,Combined TRACON& Tower with Radar,252,47,13,1,313,0,99,2,2,103,252,146,15,3,416,0,0,0,416
11/07/2022,IND,IN,AGL,CE,Combined TRACON& Tower with Radar,248,37,38,0,323,0,146,3,0,149,248,183,41,0,472,0,0,0,472
11/08/2022,IND,IN,AGL,CE,Combined TRACON& Tower with Radar,438,48,35,3,524,0,158,11,1,170,438,206,46,4,694,0,0,0,694
11/09/2022,IND,IN,AGL,CE,Combined TRACON& Tower with Radar,439,70,39,1,549,0,139,15,2,156,439,209,54,3,705,0,0,0,705
11/10/2022,IND,IN,AGL,CE,Combined TRACON& Tower with Radar,431,55,53,7,546,0,177,11,2,190,431,232,64,9,736,0,0,0,736
11/11/2022,IND,IN,AGL,CE,Combined TRACON& Tower with Radar,392,59,38,3,492,0,48,6,2,56,392,107,44,5,548,0,0,0,548
11/12/2022,IND,IN,AGL,CE,Combined TRACON& Tower with Radar,264,29,14,1,308,0,0,0,0,0,264,29,14,1,308,0,0,0,308
11/13/2022,IND,IN,AGL,CE,Combined TRACON& Tower with Radar,269,21,19,4,313,0,81,4,0,85,269,102,23,4,398,0,0,0,398
11/14/2022,IND,IN,AGL,CE,Combined TRACON& Tower with Radar,271,39,53,7,370,0,163,3,0,166,271,202,56,7,536,0,0,0,536
11/15/2022,IND,IN,AGL,CE,Combined TRACON& Tower with Radar,471,60,60,1,592,0,0,0,0,0,471,60,60,1,592,0,0,0,592
11/16/2022,IND,IN,AGL,CE,Combined TRACON& Tower with Radar,449,59,59,2,569,0,0,0,0,0,449,59,59,2,569,0,0,0,569
11/17/2022,IND,IN,AGL,CE,Combined TRACON& Tower with Radar,436,51,49,0,536,0,29,6,0,35,436,80,55,0,571,0,0,0,571
11/18/2022,IND,IN,AGL,CE,Combined TRACON& Tower with Radar,405,49,35,4,493,0,53,9,0,62,405,102,44,4,555,0,0,0,555
11/19/2022,IND,IN,AGL,CE,Combined TRACON& Tower with Radar,277,32,24,1,334,0,40,2,0,42,277,72,26,1,376,0,0,0,376
11/20/2022,IND,IN,AGL,CE,Combined TRACON& Tower with Radar,269,38,33,0,340,0,151,10,2,163,269,189,43,2,503,0,0,0,503
11/21/2022,IND,IN,AGL,CE,Combined TRACON& Tower with Radar,264,39,45,8,356,0,143,7,0,150,264,182,52,8,506,0,0,0,506
11/22/2022,IND,IN,AGL,CE,Combined TRACON& Tower with Radar,467,53,33,5,558,0,193,10,0,203,467,246,43,5,761,0,0,0,761
11/23/2022,IND,IN,AGL,CE,Combined TRACON& Tower with Radar,476,39,24,0,539,0,186,8,0,194,476,225,32,0,733,0,0,0,733
11/24/2022,IND,IN,AGL,CE,Combined TRACON& Tower with Radar,226,16,8,0,250,0,0,2,0,2,226,16,10,0,252,0,0,0,252
11/25/2022,IND,IN,AGL,CE,Combined TRACON& Tower with Radar,299,38,19,0,356,0,62,4,0,66,299,100,23,0,422,0,0,0,422
11/26/2022,IND,IN,AGL,CE,Combined TRACON& Tower with Radar,283,26,14,0,323,0,70,4,0,74,283,96,18,0,397,0,0,0,397
11/27/2022,IND,IN,AGL,CE,Combined TRACON& Tower with Radar,289,31,29,2,351,0,0,0,0,0,289,31,29,2,351,0,0,0,351
11/28/2022,IND,IN,AGL,CE,Combined TRACON& Tower with Radar,267,54,47,8,376,0,7,1,0,8,267,61,48,8,384,0,0,0,384
11/29/2022,IND,IN,AGL,CE,Combined TRACON& Tower with Radar,475,49,26,4,554,0,108,1,0,109,475,157,27,4,663,0,0,0,663
11/30/2022,IND,IN,AGL,CE,Combined TRACON& Tower with Radar,482,48,29,6,565,0,56,3,0,59,482,104,32,6,624,0,0,0,624
12/01/2022,IND,IN,AGL,CE,Combined TRACON& Tower with Radar,491,47,45,11,594,0,216,7,3,226,491,263,52,14,820,0,0,0,820
12/02/2022,IND,IN,AGL,CE,Combined TRACON& Tower with Radar,471,48,37,5,561,0,55,7,2,64,471,103,44,7,625,0,0,0,625
12/03/2022,IND,IN,AGL,CE,Combined TRACON& Tower with Radar,339,42,50,0,431,0,58,3,0,61,339,100,53,0,492,0,0,0,492
12/04/2022,IND,IN,AGL,CE,Combined TRACON& Tower with Radar,281,44,48,0,373,0,141,5,0,146,281,185,53,0,519,0,0,0,519
12/05/2022,IND,IN,AGL,CE,Combined TRACON& Tower with Radar,268,42,35,4,349,0,89,9,0,98,268,131,44,4,447,0,0,0,447
12/06/2022,IND,IN,AGL,CE,Combined TRACON& Tower with Radar,477,52,42,0,571,0,0,0,0,0,477,52,42,0,571,0,0,0,571
12/07/2022,IND,IN,AGL,CE,Combined TRACON& Tower with Radar,483,64,73,4,624,0,0,1,1,2,483,64,74,5,626,0,0,0,626
12/08/2022,IND,IN,AGL,CE,Combined TRACON& Tower with Radar,492,87,57,4,640,0,4,1,0,5,492,91,58,4,645,0,0,0,645
12/09/2022,IND,IN,AGL,CE,Combined TRACON& Tower with Radar,467,63,41,0,571,0,0,0,0,0,467,63,41,0,571,0,0,0,571
12/10/2022,IND,IN,AGL,CE,Combined TRACON& Tower with Radar,341,23,39,2,405,0,0,0,0,0,341,23,39,2,405,0,0,0,405
12/11/2022,IND,IN,AGL,CE,Combined TRACON& Tower with Radar,296,26,26,1,349,0,2,0,0,2,296,28,26,1,351,0,0,0,351
12/12/2022,IND,IN,AGL,CE,Combined TRACON& Tower with Radar,265,48,48,1,362,0,119,11,0,130,265,167,59,1,492,0,0,0,492
12/13/2022,IND,IN,AGL,CE,Combined TRACON& Tower with Radar,487,47,25,1,560,0,174,9,1,184,487,221,34,2,744,0,0,0,744
12/14/2022,IND,IN,AGL,CE,Combined TRACON& Tower with Radar,481,56,34,1,572,0,0,0,0,0,481,56,34,1,572,0,0,0,572
12/15/2022,IND,IN,AGL,CE,Combined TRACON& Tower with Radar,497,55,40,1,593,0,76,5,0,81,497,131,45,1,674,0,0,0,674
12/16/2022,IND,IN,AGL,CE,Combined TRACON& Tower with Radar,469,46,24,2,541,0,48,72,0,120,469,94,96,2,661,0,0,0,661
12/17/2022,IND,IN,AGL,CE,Combined TRACON& Tower with Radar,360,27,22,0,409,0,37,30,0,67,360,64,52,0,476,0,0,0,476
12/18/2022,IND,IN,AGL,CE,Combined TRACON& Tower with Radar,279,23,23,0,325,0,110,8,0,118,279,133,31,0,443,0,0,0,443
12/19/2022,IND,IN,AGL,CE,Combined TRACON& Tower with Radar,252,29,19,0,300,0,151,6,0,157,252,180,25,0,457,0,0,0,457
12/20/2022,IND,IN,AGL,CE,Combined TRACON& Tower with Radar,487,51,27,2,567,0,193,7,0,200,487,244,34,2,767,0,0,0,767
12/21/2022,IND,IN,AGL,CE,Combined TRACON& Tower with Radar,496,46,41,0,583,0,135,6,0,141,496,181,47,0,724,0,0,0,724
12/22/2022,IND,IN,AGL,CE,Combined TRACON& Tower with Radar,452,39,28,0,519,0,0,0,0,0,452,39,28,0,519,0,0,0,519
12/23/2022,IND,IN,AGL,CE,Combined TRACON& Tower with Radar,203,18,6,0,227,0,0,0,0,0,203,18,6,0,227,0,0,0,227
12/24/2022,IND,IN,AGL,CE,Combined TRACON& Tower with Radar,232,16,8,0,256,0,0,4,0,4,232,16,12,0,260,0,0,0,260
12/25/2022,IND,IN,AGL,CE,Combined TRACON& Tower with Radar,149,14,4,0,167,0,2,2,0,4,149,16,6,0,171,0,0,0,171
12/26/2022,IND,IN,AGL,CE,Combined TRACON& Tower with Radar,184,28,41,0,253,0,0,1,0,1,184,28,42,0,254,0,0,0,254
12/27/2022,IND,IN,AGL,CE,Combined TRACON& Tower with Radar,217,32,38,0,287,0,0,0,0,0,217,32,38,0,287,0,0,0,287
12/28/2022,IND,IN,AGL,CE,Combined TRACON& Tower with Radar,441,53,43,0,537,0,126,4,0,130,441,179,47,0,667,0,0,0,667
12/29/2022,IND,IN,AGL,CE,Combined TRACON& Tower with Radar,417,45,23,0,485,0,2,2,0,4,417,47,25,0,489,0,0,0,489
12/30/2022,IND,IN,AGL,CE,Combined TRACON& Tower with Radar,384,47,23,0,454,0,0,0,0,0,384,47,23,0,454,0,0,0,454
12/31/2022,IND,IN,AGL,CE,Combined TRACON& Tower with Radar,243,21,14,0,278,0,25,1,0,26,243,46,15,0,304,0,0,0,304
01/01/2023,IND,IN,AGL,CE,Combined TRACON& Tower with Radar,176,17,12,0,205,0,0,0,0,0,176,17,12,0,205,0,0,0,205
01/02/2023,IND,IN,AGL,CE,Combined TRACON& Tower with Radar,214,36,30,0,280,0,0,0,0,0,214,36,30,0,280,0,0,0,280
01/03/2023,IND,IN,AGL,CE,Combined TRACON& Tower with Radar,260,64,51,0,375,0,3,4,0,7,260,67,55,0,382,0,0,0,382
01/04/2023,IND,IN,AGL,CE,Combined TRACON& Tower with Radar,402,54,33,0,489,0,165,4,0,169,402,219,37,0,658,0,0,0,658
01/05/2023,IND,IN,AGL,CE,Combined TRACON& Tower with Radar,391,44,19,0,454,0,52,2,0,54,391,96,21,0,508,0,0,0,508
01/06/2023,IND,IN,AGL,CE,Combined TRACON& Tower with Radar,364,42,25,0,431,0,23,2,0,25,364,65,27,0,456,0,0,0,456
01/07/2023,IND,IN,AGL,CE,Combined TRACON& Tower with Radar,252,49,18,0,319,0,90,7,0,97,252,139,25,0,416,0,0,0,416
01/08/2023,IND,IN,AGL,CE,Combined TRACON& Tower with Radar,238,24,17,0,279,0,17,0,0,17,238,41,17,0,296,0,0,0,296
01/09/2023,IND,IN,AGL,CE,Combined TRACON& Tower with Radar,262,36,30,6,334,0,100,6,0,106,262,136,36,6,440,0,0,0,440
01/10/2023,IND,IN,AGL,CE,Combined TRACON& Tower with Radar,430,42,42,1,515,0,151,10,0,161,430,193,52,1,676,0,0,0,676
01/11/2023,IND,IN,AGL,CE,Combined TRACON& Tower with Radar,404,48,32,0,484,0,1,1,0,2,404,49,33,0,486,0,0,0,486
01/12/2023,IND,IN,AGL,CE,Combined TRACON& Tower with Radar,436,45,42,2,525,0,0,0,0,0,436,45,42,2,525,0,0,0,525
01/13/2023,IND,IN,AGL,CE,Combined TRACON& Tower with Radar,409,42,46,9,506,0,0,0,0,0,409,42,46,9,506,0,0,0,506
01/14/2023,IND,IN,AGL,CE,Combined TRACON& Tower with Radar,251,27,12,1,291,0,21,12,0,33,251,48,24,1,324,0,0,0,324
01/15/2023,IND,IN,AGL,CE,Combined TRACON& Tower with Radar,228,26,10,1,265,0,72,3,0,75,228,98,13,1,340,0,0,0,340
01/16/2023,IND,IN,AGL,CE,Combined TRACON& Tower with Radar,250,39,32,2,323,0,22,0,0,22,250,61,32,2,345,0,0,0,345
01/17/2023,IND,IN,AGL,CE,Combined TRACON& Tower with Radar,432,61,31,3,527,0,55,4,0,59,432,116,35,3,586,0,0,0,586
01/18/2023,IND,IN,AGL,CE,Combined TRACON& Tower with Radar,423,43,41,4,511,0,2,2,0,4,423,45,43,4,515,0,0,0,515
01/19/2023,IND,IN,AGL,CE,Combined TRACON& Tower with Radar,433,42,42,0,517,0,0,0,0,0,433,42,42,0,517,0,0,0,517
01/20/2023,IND,IN,AGL,CE,Combined TRACON& Tower with Radar,402,36,21,2,461,0,4,2,0,6,402,40,23,2,467,0,0,0,467
01/21/2023,IND,IN,AGL,CE,Combined TRACON& Tower with Radar,263,39,5,0,307,0,1,2,0,3,263,40,7,0,310,0,0,0,310
01/22/2023,IND,IN,AGL,CE,Combined TRACON& Tower with Radar,248,21,23,1,293,0,0,0,0,0,248,21,23,1,293,0,0,0,293
01/23/2023,IND,IN,AGL,CE,Combined TRACON& Tower with Radar,258,18,32,8,316,0,8,3,0,11,258,26,35,8,327,0,0,0,327
01/24/2023,IND,IN,AGL,CE,Combined TRACON& Tower with Radar,432,44,54,2,532,0,156,13,0,169,432,200,67,2,701,0,0,0,701
01/25/2023,IND,IN,AGL,CE,Combined TRACON& Tower with Radar,299,25,19,0,343,0,0,0,0,0,299,25,19,0,343,0,0,0,343
01/26/2023,IND,IN,AGL,CE,Combined TRACON& Tower with Radar,368,52,52,3,475,0,0,0,2,2,368,52,52,5,477,0,0,0,477
01/27/2023,IND,IN,AGL,CE,Combined TRACON& Tower with Radar,423,46,30,2,501,0,91,5,1,97,423,137,35,3,598,0,0,0,598
01/28/2023,IND,IN,AGL,CE,Combined TRACON& Tower with Radar,273,33,27,0,333,0,100,4,0,104,273,133,31,0,437,0,0,0,437
01/29/2023,IND,IN,AGL,CE,Combined TRACON& Tower with Radar,245,26,14,0,285,0,0,0,0,0,245,26,14,0,285,0,0,0,285
01/30/2023,IND,IN,AGL,CE,Combined TRACON& Tower with Radar,248,40,51,2,341,0,0,1,0,1,248,40,52,2,342,0,0,0,342
01/31/2023,IND,IN,AGL,CE,Combined TRACON& Tower with Radar,364,39,37,4,444,0,157,12,0,169,364,196,49,4,613,0,0,0,613
02/01/2023,IND,IN,AGL,CE,Combined TRACON& Tower with Radar,377,45,38,0,460,0,150,10,0,160,377,195,48,0,620,0,0,0,620
02/02/2023,IND,IN,AGL,CE,Combined TRACON& Tower with Radar,377,63,40,5,485,0,137,5,1,143,377,200,45,6,628,0,0,0,628
02/03/2023,IND,IN,AGL,CE,Combined TRACON& Tower with Radar,359,50,22,2,433,0,101,11,0,112,359,151,33,2,545,0,0,0,545
02/04/2023,IND,IN,AGL,CE,Combined TRACON& Tower with Radar,256,30,19,2,307,0,26,3,0,29,256,56,22,2,336,0,0,0,336
02/05/2023,IND,IN,AGL,CE,Combined TRACON& Tower with Radar,248,23,18,3,292,0,19,11,0,30,248,42,29,3,322,0,0,0,322
02/06/2023,IND,IN,AGL,CE,Combined TRACON& Tower with Radar,268,30,43,2,343,0,79,4,0,83,268,109,47,2,426,0,0,0,426
02/07/2023,IND,IN,AGL,CE,Combined TRACON& Tower with Radar,375,43,35,2,455,0,10,1,0,11,375,53,36,2,466,0,0,0,466
02/08/2023,IND,IN,AGL,CE,Combined TRACON& Tower with Radar,374,48,49,2,473,0,90,2,1,93,374,138,51,3,566,0,0,0,566
02/09/2023,IND,IN,AGL,CE,Combined TRACON& Tower with Radar,374,47,42,2,465,0,0,0,0,0,374,47,42,2,465,0,0,0,465
02/10/2023,IND,IN,AGL,CE,Combined TRACON& Tower with Radar,355,40,36,0,431,0,18,1,0,19,355,58,37,0,450,0,0,0,450
02/11/2023,IND,IN,AGL,CE,Combined TRACON& Tower with Radar,266,20,31,0,317,0,64,8,0,72,266,84,39,0,389,0,0,0,389
02/12/2023,IND,IN,AGL,CE,Combined TRACON& Tower with Radar,242,31,17,0,290,0,38,13,0,51,242,69,30,0,341,0,0,0,341
02/13/2023,IND,IN,AGL,CE,Combined TRACON& Tower with Radar,262,36,29,2,329,0,115,9,0,124,262,151,38,2,453,0,0,0,453
02/14/2023,IND,IN,AGL,CE,Combined TRACON& Tower with Radar,365,37,26,5,433,0,102,3,0,105,365,139,29,5,538,0,0,0,538
02/15/2023,IND,IN,AGL,CE,Combined TRACON& Tower with Radar,404,38,49,6,497,1,27,0,0,28,405,65,49,6,525,0,0,0,525
02/16/2023,IND,IN,AGL,CE,Combined TRACON& Tower with Radar,376,46,43,2,467,0,0,0,0,0,376,46,43,2,467,0,0,0,467
02/17/2023,IND,IN,AGL,CE,Combined TRACON& Tower with Radar,356,41,22,2,421,0,15,1,0,16,356,56,23,2,437,0,0,0,437
02/18/2023,IND,IN,AGL,CE,Combined TRACON& Tower with Radar,252,30,15,0,297,0,87,6,0,93,252,117,21,0,390,0,0,0,390
02/19/2023,IND,IN,AGL,CE,Combined TRACON& Tower with Radar,251,26,14,0,291,0,55,13,0,68,251,81,27,0,359,0,0,0,359
02/20/2023,IND,IN,AGL,CE,Combined TRACON& Tower with Radar,270,59,45,0,374,0,150,9,0,159,270,209,54,0,533,0,0,0,533
02/21/2023,IND,IN,AGL,CE,Combined TRACON& Tower with Radar,378,61,36,6,481,0,101,5,0,106,378,162,41,6,587,0,0,0,587
02/22/2023,IND,IN,AGL,CE,Combined TRACON& Tower with Radar,374,51,49,2,476,0,0,1,0,1,374,51,50,2,477,0,0,0,477
02/23/2023,IND,IN,AGL,CE,Combined TRACON& Tower with Radar,379,53,31,4,467,0,57,0,0,57,379,110,31,4,524,0,0,0,524
02/24/2023,IND,IN,AGL,CE,Combined TRACON& Tower with Radar,375,45,38,7,465,0,151,6,0,157,375,196,44,7,622,0,0,0,622
02/25/2023,IND,IN,AGL,CE,Combined TRACON& Tower with Radar,266,23,20,1,310,0,75,4,0,79,266,98,24,1,389,0,0,0,389
02/26/2023,IND,IN,AGL,CE,Combined TRACON& Tower with Radar,257,32,31,0,320,0,76,6,0,82,257,108,37,0,402,0,0,0,402
02/27/2023,IND,IN,AGL,CE,Combined TRACON& Tower with Radar,271,38,42,3,354,0,0,0,0,0,271,38,42,3,354,0,0,0,354
02/28/2023,IND,IN,AGL,CE,Combined TRACON& Tower with Radar,380,73,41,4,498,0,78,10,2,90,380,151,51,6,588,0,0,0,588
03/01/2023,IND,IN,AGL,CE,Combined TRACON& Tower with Radar,377,61,27,0,465,0,147,17,2,166,377,208,44,2,631,0,0,0,631
03/02/2023,IND,IN,AGL,CE,Combined TRACON& Tower with Radar,376,72,33,3,484,0,160,13,5,178,376,232,46,8,662,0,0,0,662
03/03/2023,IND,IN,AGL,CE,Combined TRACON& Tower with Radar,366,53,28,0,447,0,0,0,0,0,366,53,28,0,447,0,0,0,447
03/04/2023,IND,IN,AGL,CE,Combined TRACON& Tower with Radar,257,36,15,2,310,0,61,9,0,70,257,97,24,2,380,0,0,0,380
03/05/2023,IND,IN,AGL,CE,Combined TRACON& Tower with Radar,261,30,40,0,331,0,86,6,0,92,261,116,46,0,423,0,0,0,423
03/06/2023,IND,IN,AGL,CE,Combined TRACON& Tower with Radar,263,40,36,6,345,0,108,3,0,111,263,148,39,6,456,0,0,0,456
03/07/2023,IND,IN,AGL,CE,Combined TRACON& Tower with Radar,388,57,58,7,510,0,56,6,0,62,388,113,64,7,572,0,0,0,572
03/08/2023,IND,IN,AGL,CE,Combined TRACON& Tower with Radar,385,43,59,4,491,0,149,7,0,156,385,192,66,4,647,0,0,0,647
03/09/2023,IND,IN,AGL,CE,Combined TRACON& Tower with Radar,388,50,58,5,501,0,116,3,1,120,388,166,61,6,621,0,0,0,621
03/10/2023,IND,IN,AGL,CE,Combined TRACON& Tower with Radar,380,35,33,5,453,0,0,1,0,1,380,35,34,5,454,0,0,0,454
03/11/2023,IND,IN,AGL,CE,Combined TRACON& Tower with Radar,289,24,14,1,328,0,41,10,0,51,289,65,24,1,379,0,0,0,379
03/12/2023,IND,IN,AGL,CE,Combined TRACON& Tower with Radar,260,19,14,0,293,0,0,0,0,0,260,19,14,0,293,0,0,0,293
03/13/2023,IND,IN,AGL,CE,Combined TRACON& Tower with Radar,275,28,35,2,340,0,0,0,0,0,275,28,35,2,340,0,0,0,340
03/14/2023,IND,IN,AGL,CE,Combined TRACON& Tower with Radar,385,44,41,3,473,0,198,7,0,205,385,242,48,3,678,0,0,0,678
03/15/2023,IND,IN,AGL,CE,Combined TRACON& Tower with Radar,398,45,38,3,484,0,225,16,1,242,398,270,54,4,726,0,0,0,726
03/16/2023,IND,IN,AGL,CE,Combined TRACON& Tower with Radar,396,51,48,2,497,0,55,8,1,64,396,106,56,3,561,0,0,0,561
03/17/2023,IND,IN,AGL,CE,Combined TRACON& Tower with Radar,386,45,26,2,459,0,6,2,0,8,386,51,28,2,467,0,0,0,467
03/18/2023,IND,IN,AGL,CE,Combined TRACON& Tower with Radar,299,20,20,0,339,0,1,1,0,2,299,21,21,0,341,0,0,0,341
03/19/2023,IND,IN,AGL,CE,Combined TRACON& Tower with Radar,283,29,26,0,338,0,126,9,0,135,283,155,35,0,473,0,0,0,473
03/20/2023,IND,IN,AGL,CE,Combined TRACON& Tower with Radar,297,51,37,0,385,0,188,9,0,197,297,239,46,0,582,0,0,0,582
03/21/2023,IND,IN,AGL,CE,Combined TRACON& Tower with Radar,384,49,33,5,471,0,208,7,0,215,384,257,40,5,686,0,0,0,686
03/22/2023,IND,IN,AGL,CE,Combined TRACON& Tower with Radar,405,52,41,4,502,0,0,0,0,0,405,52,41,4,502,0,0,0,502
03/23/2023,IND,IN,AGL,CE,Combined TRACON& Tower with Radar,396,59,38,5,498,0,0,1,0,1,396,59,39,5,499,0,0,0,499
03/24/2023,IND,IN,AGL,CE,Combined TRACON& Tower with Radar,388,56,49,1,494,0,0,0,0,0,388,56,49,1,494,0,0,0,494
03/25/2023,IND,IN,AGL,CE,Combined TRACON& Tower with Radar,312,31,30,1,374,0,10,1,0,11,312,41,31,1,385,0,0,0,385
03/26/2023,IND,IN,AGL,CE,Combined TRACON& Tower with Radar,273,36,33,3,345,0,186,11,0,197,273,222,44,3,542,0,0,0,542
03/27/2023,IND,IN,AGL,CE,Combined TRACON& Tower with Radar,296,29,34,3,362,0,4,0,0,4,296,33,34,3,366,0,0,0,366
03/28/2023,IND,IN,AGL,CE,Combined TRACON& Tower with Radar,385,45,43,7,480,0,240,10,0,250,385,285,53,7,730,0,0,0,730
03/29/2023,IND,IN,AGL,CE,Combined TRACON& Tower with Radar,403,47,39,0,489,0,206,6,0,212,403,253,45,0,701,0,0,0,701
03/30/2023,IND,IN,AGL,CE,Combined TRACON& Tower with Radar,394,47,40,4,485,0,251,6,0,257,394,298,46,4,742,0,0,0,742
03/31/2023,IND,IN,AGL,CE,Combined TRACON& Tower with Radar,377,51,48,0,476,0,0,0,0,0,377,51,48,0,476,0,0,0,476
04/01/2023,IND,IN,AGL,CE,Combined TRACON& Tower with Radar,330,35,27,5,397,0,6,2,1,9,330,41,29,6,406,0,0,0,406
04/02/2023,IND,IN,AGL,CE,Combined TRACON& Tower with Radar,278,40,33,0,351,0,157,9,0,166,278,197,42,0,517,0,0,0,517
04/03/2023,IND,IN,AGL,CE,Combined TRACON& Tower with Radar,301,48,25,0,374,0,130,5,0,135,301,178,30,0,509,0,0,0,509
04/04/2023,IND,IN,AGL,CE,Combined TRACON& Tower with Radar,407,64,33,2,506,0,32,3,0,35,407,96,36,2,541,0,0,0,541
04/05/2023,IND,IN,AGL,CE,Combined TRACON& Tower with Radar,386,34,26,1,447,0,2,2,0,4,386,36,28,1,451,0,0,0,451
04/06/2023,IND,IN,AGL,CE,Combined TRACON& Tower with Radar,394,56,55,1,506,0,254,11,0,265,394,310,66,1,771,0,0,0,771
04/07/2023,IND,IN,AGL,CE,Combined TRACON& Tower with Radar,370,34,28,0,432,0,211,20,0,231,370,245,48,0,663,0,0,0,663
04/08/2023,IND,IN,AGL,CE,Combined TRACON& Tower with Radar,283,29,19,0,331,0,117,15,0,132,283,146,34,0,463,0,0,0,463
04/09/2023,IND,IN,AGL,CE,Combined TRACON& Tower with Radar,270,29,8,0,307,0,74,8,0,82,270,103,16,0,389,0,0,0,389
04/10/2023,IND,IN,AGL,CE,Combined TRACON& Tower with Radar,286,48,48,0,382,0,195,15,0,210,286,243,63,0,592,0,0,0,592
04/11/2023,IND,IN,AGL,CE,Combined TRACON& Tower with Radar,384,33,44,5,466,0,196,19,0,215,384,229,63,5,681,0,0,0,681
04/12/2023,IND,IN,AGL,CE,Combined TRACON& Tower with Radar,376,41,49,0,466,0,201,12,0,213,376,242,61,0,679,0,0,0,679
04/13/2023,IND,IN,AGL,CE,Combined TRACON& Tower with Radar,386,55,48,5,494,0,216,14,1,231,386,271,62,6,725,0,0,0,725
04/14/2023,IND,IN,AGL,CE,Combined TRACON& Tower with Radar,366,37,38,1,442,0,165,4,1,170,366,202,42,2,612,0,0,0,612
04/15/2023,IND,IN,AGL,CE,Combined TRACON& Tower with Radar,262,24,26,0,312,0,146,7,0,153,262,170,33,0,465,0,0,0,465
04/16/2023,IND,IN,AGL,CE,Combined TRACON& Tower with Radar,262,27,26,2,317,0,4,0,0,4,262,31,26,2,321,0,0,0,321
04/17/2023,IND,IN,AGL,CE,Combined TRACON& Tower with Radar,287,32,26,3,348,0,16,2,0,18,287,48,28,3,366,0,0,0,366
04/18/2023,IND,IN,AGL,CE,Combined TRACON& Tower with Radar,393,38,34,3,468,0,248,10,1,259,393,286,44,4,727,0,0,0,727
04/19/2023,IND,IN,AGL,CE,Combined TRACON& Tower with Radar,380,63,49,4,496,0,197,7,3,207,380,260,56,7,703,0,0,0,703
04/20/2023,IND,IN,AGL,CE,Combined TRACON& Tower with Radar,404,47,40,2,493,0,106,17,0,123,404,153,57,2,616,0,0,0,616
04/21/2023,IND,IN,AGL,CE,Combined TRACON& Tower with Radar,370,39,40,1,450,0,57,6,2,65,370,96,46,3,515,0,0,0,515
04/22/2023,IND,IN,AGL,CE,Combined TRACON& Tower with Radar,246,33,19,3,301,0,92,4,0,96,246,125,23,3,397,0,0,0,397
04/23/2023,IND,IN,AGL,CE,Combined TRACON& Tower with Radar,255,44,29,4,332,0,113,9,0,122,255,157,38,4,454,0,0,0,454
04/24/2023,IND,IN,AGL,CE,Combined TRACON& Tower with Radar,287,35,41,3,366,0,186,5,0,191,287,221,46,3,557,0,0,0,557
04/25/2023,IND,IN,AGL,CE,Combined TRACON& Tower with Radar,381,46,26,2,455,0,177,4,0,181,381,223,30,2,636,0,0,0,636
04/26/2023,IND,IN,AGL,CE,Combined TRACON& Tower with Radar,393,47,56,3,499,0,189,13,1,203,393,236,69,4,702,0,0,0,702
04/27/2023,IND,IN,AGL,CE,Combined TRACON& Tower with Radar,401,47,59,0,507,0,197,5,2,204,401,244,64,2,711,0,0,0,711
04/28/2023,IND,IN,AGL,CE,Combined TRACON& Tower with Radar,369,67,50,4,490,0,5,3,0,8,369,72,53,4,498,0,0,0,498
04/29/2023,IND,IN,AGL,CE,Combined TRACON& Tower with Radar,260,19,14,1,294,0,78,3,1,82,260,97,17,2,376,0,0,0,376
04/30/2023,IND,IN,AGL,CE,Combined TRACON& Tower with Radar,247,53,26,0,326,0,3,6,0,9,247,56,32,0,335,0,0,0,335
05/01/2023,IND,IN,AGL,CE,Combined TRACON& Tower with Radar,281,28,35,2,346,0,0,2,0,2,281,28,37,2,348,0,0,0,348
05/02/2023,IND,IN,AGL,CE,Combined TRACON& Tower with Radar,384,48,36,2,470,0,86,4,0,90,384,134,40,2,560,0,0,0,560
05/03/2023,IND,IN,AGL,CE,Combined TRACON& Tower with Radar,384,57,50,12,503,0,157,12,6,175,384,214,62,18,678,0,0,0,678
05/04/2023,IND,IN,AGL,CE,Combined TRACON& Tower with Radar,388,48,49,3,488,0,240,11,0,251,388,288,60,3,739,0,0,0,739
05/05/2023,IND,IN,AGL,CE,Combined TRACON& Tower with Radar,370,48,46,2,466,0,192,10,0,202,370,240,56,2,668,0,0,0,668
05/06/2023,IND,IN,AGL,CE,Combined TRACON& Tower with Radar,273,27,23,0,323,0,107,3,0,110,273,134,26,0,433,0,0,0,433
05/07/2023,IND,IN,AGL,CE,Combined TRACON& Tower with Radar,262,26,27,0,315,0,37,1,0,38,262,63,28,0,353,0,0,0,353
05/08/2023,IND,IN,AGL,CE,Combined TRACON& Tower with Radar,283,44,25,4,356,0,79,1,0,80,283,123,26,4,436,0,0,0,436
05/09/2023,IND,IN,AGL,CE,Combined TRACON& Tower with Radar,385,49,34,5,473,0,180,9,0,189,385,229,43,5,662,0,0,0,662
05/10/2023,IND,IN,AGL,CE,Combined TRACON& Tower with Radar,383,54,48,4,489,0,191,16,1,208,383,245,64,5,697,0,0,0,697
05/11/2023,IND,IN,AGL,CE,Combined TRACON& Tower with Radar,395,43,46,4,488,0,175,13,0,188,395,218,59,4,676,0,0,0,676
05/12/2023,IND,IN,AGL,CE,Combined TRACON& Tower with Radar,373,62,32,5,472,0,38,2,0,40,373,100,34,5,512,0,0,0,512
05/13/2023,IND,IN,AGL,CE,Combined TRACON& Tower with Radar,270,37,23,2,332,1,17,6,2,26,271,54,29,4,358,0,0,0,358
05/14/2023,IND,IN,AGL,CE,Combined TRACON& Tower with Radar,272,32,21,0,325,0,131,3,0,134,272,163,24,0,459,0,0,0,459
05/15/2023,IND,IN,AGL,CE,Combined TRACON& Tower with Radar,278,44,40,11,373,0,140,9,0,149,278,184,49,11,522,0,0,0,522
05/16/2023,IND,IN,AGL,CE,Combined TRACON& Tower with Radar,376,57,32,0,465,0,75,14,0,89,376,132,46,0,554,0,0,0,554
05/17/2023,IND,IN,AGL,CE,Combined TRACON& Tower with Radar,387,47,44,10,488,0,192,21,0,213,387,239,65,10,701,0,0,0,701
05/18/2023,IND,IN,AGL,CE,Combined TRACON& Tower with Radar,396,55,58,9,518,0,195,8,0,203,396,250,66,9,721,0,0,0,721
05/19/2023,IND,IN,AGL,CE,Combined TRACON& Tower with Radar,360,78,42,2,482,0,110,4,1,115,360,188,46,3,597,0,0,0,597
05/20/2023,IND,IN,AGL,CE,Combined TRACON& Tower with Radar,275,31,39,2,347,0,138,7,2,147,275,169,46,4,494,0,0,0,494
05/21/2023,IND,IN,AGL,CE,Combined TRACON& Tower with Radar,274,30,19,0,323,0,165,9,3,177,274,195,28,3,500,0,0,0,500
05/22/2023,IND,IN,AGL,CE,Combined TRACON& Tower with Radar,279,47,47,2,375,0,179,9,0,188,279,226,56,2,563,0,0,0,563
05/23/2023,IND,IN,AGL,CE,Combined TRACON& Tower with Radar,378,32,37,7,454,0,181,7,0,188,378,213,44,7,642,0,0,0,642
05/24/2023,IND,IN,AGL,CE,Combined TRACON& Tower with Radar,383,48,40,7,478,0,163,8,3,174,383,211,48,10,652,0,0,0,652
05/25/2023,IND,IN,AGL,CE,Combined TRACON& Tower with Radar,413,56,45,1,515,0,142,3,4,149,413,198,48,5,664,0,0,0,664
05/26/2023,IND,IN,AGL,CE,Combined TRACON& Tower with Radar,389,67,85,2,543,0,171,21,0,192,389,238,106,2,735,0,0,0,735
05/27/2023,IND,IN,AGL,CE,Combined TRACON& Tower with Radar,287,35,49,0,371,0,146,9,4,159,287,181,58,4,530,0,0,0,530
05/28/2023,IND,IN,AGL,CE,Combined TRACON& Tower with Radar,251,97,102,2,452,0,108,95,3,206,251,205,197,5,658,0,0,0,658
05/29/2023,IND,IN,AGL,CE,Combined TRACON& Tower with Radar,287,36,54,2,379,0,121,8,0,129,287,157,62,2,508,0,0,0,508
05/30/2023,IND,IN,AGL,CE,Combined TRACON& Tower with Radar,269,31,36,1,337,1,189,4,0,194,270,220,40,1,531,0,0,0,531
05/31/2023,IND,IN,AGL,CE,Combined TRACON& Tower with Radar,395,42,37,0,474,0,115,9,0,124,395,157,46,0,598,0,0,0,598
06/01/2023,IND,IN,AGL,CE,Combined TRACON& Tower with Radar,402,46,31,0,479,0,192,9,0,201,402,238,40,0,680,0,0,0,680
06/02/2023,IND,IN,AGL,CE,Combined TRACON& Tower with Radar,379,31,34,13,457,0,162,6,6,174,379,193,40,19,631,0,0,0,631
06/03/2023,IND,IN,AGL,CE,Combined TRACON& Tower with Radar,266,28,11,0,305,0,131,3,0,134,266,159,14,0,439,0,0,0,439
06/04/2023,IND,IN,AGL,CE,Combined TRACON& Tower with Radar,275,23,27,0,325,0,126,3,5,134,275,149,30,5,459,0,0,0,459
06/05/2023,IND,IN,AGL,CE,Combined TRACON& Tower with Radar,294,47,36,2,379,0,147,8,0,155,294,194,44,2,534,0,0,0,534
06/06/2023,IND,IN,AGL,CE,Combined TRACON& Tower with Radar,386,51,34,2,473,0,180,2,0,182,386,231,36,2,655,0,0,0,655
06/07/2023,IND,IN,AGL,CE,Combined TRACON& Tower with Radar,401,54,28,0,483,0,134,9,0,143,401,188,37,0,626,0,0,0,626
06/08/2023,IND,IN,AGL,CE,Combined TRACON& Tower with Radar,400,40,49,4,493,0,165,9,0,174,400,205,58,4,667,0,0,0,667
06/09/2023,IND,IN,AGL,CE,Combined TRACON& Tower with Radar,378,31,39,3,451,0,161,10,1,172,378,192,49,4,623,0,0,0,623
06/10/2023,IND,IN,AGL,CE,Combined TRACON& Tower with Radar,273,25,14,0,312,1,125,13,0,139,274,150,27,0,451,0,0,0,451
06/11/2023,IND,IN,AGL,CE,Combined TRACON& Tower with Radar,280,29,22,0,331,0,9,2,0,11,280,38,24,0,342,0,0,0,342
06/12/2023,IND,IN,AGL,CE,Combined TRACON& Tower with Radar,286,47,30,4,367,0,49,10,0,59,286,96,40,4,426,0,0,0,426
06/13/2023,IND,IN,AGL,CE,Combined TRACON& Tower with Radar,403,53,46,2,504,0,128,2,0,130,403,181,48,2,634,0,0,0,634
06/14/2023,IND,IN,AGL,CE,Combined TRACON& Tower with Radar,410,71,38,8,527,0,152,7,0,159,410,223,45,8,686,0,0,0,686
06/15/2023,IND,IN,AGL,CE,Combined TRACON& Tower with Radar,401,53,47,6,507,0,200,2,0,202,401,253,49,6,709,0,0,0,709
06/16/2023,IND,IN,AGL,CE,Combined TRACON& Tower with Radar,378,103,37,3,521,0,58,0,0,58,378,161,37,3,579,0,0,0,579
06/17/2023,IND,IN,AGL,CE,Combined TRACON& Tower with Radar,290,54,22,0,366,0,171,2,0,173,290,225,24,0,539,0,0,0,539
06/18/2023,IND,IN,AGL,CE,Combined TRACON& Tower with Radar,277,34,30,0,341,0,155,5,2,162,277,189,35,2,503,0,0,0,503
06/19/2023,IND,IN,AGL,CE,Combined TRACON& Tower with Radar,291,33,39,1,364,0,129,1,0,130,291,162,40,1,494,0,0,0,494
06/20/2023,IND,IN,AGL,CE,Combined TRACON& Tower with Radar,387,48,37,1,473,0,157,3,0,160,387,205,40,1,633,0,0,0,633
06/21/2023,IND,IN,AGL,CE,Combined TRACON& Tower with Radar,397,57,27,4,485,0,172,14,0,186,397,229,41,4,671,0,0,0,671
06/22/2023,IND,IN,AGL,CE,Combined TRACON& Tower with Radar,395,55,51,6,507,1,190,4,0,195,396,245,55,6,702,0,0,0,702
06/23/2023,IND,IN,AGL,CE,Combined TRACON& Tower with Radar,374,55,30,0,459,0,147,5,0,152,374,202,35,0,611,0,0,0,611
06/24/2023,IND,IN,AGL,CE,Combined TRACON& Tower with Radar,297,51,15,0,363,0,179,9,0,188,297,230,24,0,551,0,0,0,551
06/25/2023,IND,IN,AGL,CE,Combined TRACON& Tower with Radar,290,31,22,0,343,0,41,0,1,42,290,72,22,1,385,0,0,0,385
06/26/2023,IND,IN,AGL,CE,Combined TRACON& Tower with Radar,278,62,46,6,392,0,61,3,0,64,278,123,49,6,456,0,0,0,456
06/27/2023,IND,IN,AGL,CE,Combined TRACON& Tower with Radar,364,118,61,2,545,0,7,0,0,7,364,125,61,2,552,0,0,0,552
06/28/2023,IND,IN,AGL,CE,Combined TRACON& Tower with Radar,404,81,60,2,547,0,0,0,0,0,404,81,60,2,547,0,0,0,547
06/29/2023,IND,IN,AGL,CE,Combined TRACON& Tower with Radar,398,65,49,2,514,0,24,1,0,25,398,89,50,2,539,0,0,0,539
06/30/2023,IND,IN,AGL,CE,Combined TRACON& Tower with Radar,389,40,31,6,466,0,197,2,2,201,389,237,33,8,667,0,0,0,667
07/01/2023,IND,IN,AGL,CE,Combined TRACON& Tower with Radar,284,18,7,1,310,0,66,2,0,68,284,84,9,1,378,0,0,0,378
07/02/2023,IND,IN,AGL,CE,Combined TRACON& Tower with Radar,265,22,8,1,296,0,23,0,0,23,265,45,8,1,319,0,0,0,319
07/03/2023,IND,IN,AGL,CE,Combined TRACON& Tower with Radar,230,45,11,0,286,0,81,3,0,84,230,126,14,0,370,0,0,0,370
07/04/2023,IND,IN,AGL,CE,Combined TRACON& Tower with Radar,243,15,4,0,262,0,1,11,0,12,243,16,15,0,274,0,0,0,274
07/05/2023,IND,IN,AGL,CE,Combined TRACON& Tower with Radar,365,57,29,6,457,0,207,3,0,210,365,264,32,6,667,0,0,0,667
07/06/2023,IND,IN,AGL,CE,Combined TRACON& Tower with Radar,397,98,20,7,522,0,117,5,0,122,397,215,25,7,644,0,0,0,644
07/07/2023,IND,IN,AGL,CE,Combined TRACON& Tower with Radar,362,39,20,7,428,0,213,15,1,229,362,252,35,8,657,0,0,0,657
07/08/2023,IND,IN,AGL,CE,Combined TRACON& Tower with Radar,287,36,17,4,344,0,30,4,0,34,287,66,21,4,378,0,0,0,378
07/09/2023,IND,IN,AGL,CE,Combined TRACON& Tower with Radar,278,33,22,4,337,0,173,9,0,182,278,206,31,4,519,0,0,0,519
07/10/2023,IND,IN,AGL,CE,Combined TRACON& Tower with Radar,286,30,31,7,354,0,194,15,0,209,286,224,46,7,563,0,0,0,563
07/11/2023,IND,IN,AGL,CE,Combined TRACON& Tower with Radar,422,62,55,0,539,0,199,15,0,214,422,261,70,0,753,0,0,0,753
07/12/2023,IND,IN,AGL,CE,Combined TRACON& Tower with Radar,441,49,32,4,526,0,197,10,0,207,441,246,42,4,733,0,0,0,733
07/13/2023,IND,IN,AGL,CE,Combined TRACON& Tower with Radar,424,59,51,0,534,0,112,12,0,124,424,171,63,0,658,0,0,0,658
07/14/2023,IND,IN,AGL,CE,Combined TRACON& Tower with Radar,390,46,23,9,468,0,165,6,3,174,390,211,29,12,642,0,0,0,642
07/15/2023,IND,IN,AGL,CE,Combined TRACON& Tower with Radar,291,32,15,0,338,0,40,4,0,44,291,72,19,0,382,0,0,0,382
07/16/2023,IND,IN,AGL,CE,Combined TRACON& Tower with Radar,263,43,43,0,349,0,97,6,0,103,263,140,49,0,452,0,0,0,452
07/17/2023,IND,IN,AGL,CE,Combined TRACON& Tower with Radar,298,53,39,0,390,0,55,3,0,58,298,108,42,0,448,0,0,0,448
07/18/2023,IND,IN,AGL,CE,Combined TRACON& Tower with Radar,412,76,28,7,523,0,112,3,3,118,412,188,31,10,641,0,0,0,641
07/19/2023,IND,IN,AGL,CE,Combined TRACON& Tower with Radar,422,64,29,8,523,0,179,8,2,189,422,243,37,10,712,0,0,0,712
07/20/2023,IND,IN,AGL,CE,Combined TRACON& Tower with Radar,403,76,48,8,535,0,23,2,0,25,403,99,50,8,560,0,0,0,560
07/21/2023,IND,IN,AGL,CE,Combined TRACON& Tower with Radar,392,64,27,6,489,0,148,6,2,156,392,212,33,8,645,0,0,0,645
07/22/2023,IND,IN,AGL,CE,Combined TRACON& Tower with Radar,305,29,18,7,359,0,188,10,0,198,305,217,28,7,557,0,0,0,557
07/23/2023,IND,IN,AGL,CE,Combined TRACON& Tower with Radar,277,30,32,4,343,0,155,7,0,162,277,185,39,4,505,0,0,0,505
07/24/2023,IND,IN,AGL,CE,Combined TRACON& Tower with Radar,307,65,36,9,417,0,101,5,2,108,307,166,41,11,525,0,0,0,525
07/25/2023,IND,IN,AGL,CE,Combined TRACON& Tower with Radar,412,44,52,7,515,0,206,8,0,214,412,250,60,7,729,0,0,0,729
07/26/2023,IND,IN,AGL,CE,Combined TRACON& Tower with Radar,413,51,46,0,510,0,114,4,1,119,413,165,50,1,629,0,0,0,629
07/27/2023,IND,IN,AGL,CE,Combined TRACON& Tower with Radar,409,74,50,3,536,0,56,5,0,61,409,130,55,3,597,0,0,0,597
07/28/2023,IND,IN,AGL,CE,Combined TRACON& Tower with Radar,429,53,33,7,522,0,136,5,0,141,429,189,38,7,663,0,0,0,663
07/29/2023,IND,IN,AGL,CE,Combined TRACON& Tower with Radar,302,44,16,0,362,0,147,9,0,156,302,191,25,0,518,0,0,0,518
07/30/2023,IND,IN,AGL,CE,Combined TRACON& Tower with Radar,284,36,14,0,334,0,169,6,0,175,284,205,20,0,509,0,0,0,509
07/31/2023,IND,IN,AGL,CE,Combined TRACON& Tower with Radar,299,39,30,4,372,0,209,9,2,220,299,248,39,6,592,0,0,0,592
08/01/2023,IND,IN,AGL,CE,Combined TRACON& Tower with Radar,417,47,36,2,502,0,235,9,2,246,417,282,45,4,748,0,0,0,748
08/02/2023,IND,IN,AGL,CE,Combined TRACON& Tower with Radar,412,63,24,9,508,0,199,11,0,210,412,262,35,9,718,0,0,0,718
08/03/2023,IND,IN,AGL,CE,Combined TRACON& Tower with Radar,408,38,41,2,489,0,176,11,3,190,408,214,52,5,679,0,0,0,679
08/04/2023,IND,IN,AGL,CE,Combined TRACON& Tower with Radar,384,32,20,0,436,0,182,10,0,192,384,214,30,0,628,0,0,0,628
08/05/2023,IND,IN,AGL,CE,Combined TRACON& Tower with Radar,277,18,11,0,306,0,82,3,0,85,277,100,14,0,391,0,0,0,391
08/06/2023,IND,IN,AGL,CE,Combined TRACON& Tower with Radar,270,55,30,1,356,0,32,3,0,35,270,87,33,1,391,0,0,0,391
08/07/2023,IND,IN,AGL,CE,Combined TRACON& Tower with Radar,260,59,22,8,349,0,13,0,1,14,260,72,22,9,363,0,0,0,363
08/08/2023,IND,IN,AGL,CE,Combined TRACON& Tower with Radar,412,48,39,4,503,0,170,8,0,178,412,218,47,4,681,0,0,0,681
08/09/2023,IND,IN,AGL,CE,Combined TRACON& Tower with Radar,408,67,41,9,525,0,33,0,0,33,408,100,41,9,558,0,0,0,558
08/10/2023,IND,IN,AGL,CE,Combined TRACON& Tower with Radar,403,97,54,4,558,0,82,8,0,90,403,179,62,4,648,0,0,0,648
08/11/2023,IND,IN,AGL,CE,Combined TRACON& Tower with Radar,380,83,61,1,525,0,147,9,1,157,380,230,70,2,682,0,0,0,682
08/12/2023,IND,IN,AGL,CE,Combined TRACON& Tower with Radar,279,62,58,0,399,0,129,13,3,145,279,191,71,3,544,0,0,0,544
08/13/2023,IND,IN,AGL,CE,Combined TRACON& Tower with Radar,276,41,65,0,382,0,179,20,1,200,276,220,85,1,582,0,0,0,582
08/14/2023,IND,IN,AGL,CE,Combined TRACON& Tower with Radar,300,25,34,2,361,0,10,2,0,12,300,35,36,2,373,0,0,0,373
08/15/2023,IND,IN,AGL,CE,Combined TRACON& Tower with Radar,404,62,45,2,513,0,12,3,0,15,404,74,48,2,528,0,0,0,528
08/16/2023,IND,IN,AGL,CE,Combined TRACON& Tower with Radar,397,22,36,3,458,0,248,8,1,257,397,270,44,4,715,0,0,0,715
08/17/2023,IND,IN,AGL,CE,Combined TRACON& Tower with Radar,416,55,49,0,520,0,117,7,0,124,416,172,56,0,644,0,0,0,644
08/18/2023,IND,IN,AGL,CE,Combined TRACON& Tower with Radar,381,56,28,5,470,0,266,7,0,273,381,322,35,5,743,0,0,0,743
08/19/2023,IND,IN,AGL,CE,Combined TRACON& Tower with Radar,283,21,9,3,316,0,222,5,0,227,283,243,14,3,543,0,0,0,543
08/20/2023,IND,IN,AGL,CE,Combined TRACON& Tower with Radar,255,53,34,3,345,0,145,5,2,152,255,198,39,5,497,0,0,0,497
08/21/2023,IND,IN,AGL,CE,Combined TRACON& Tower with Radar,296,60,28,9,393,0,167,4,0,171,296,227,32,9,564,0,0,0,564
08/22/2023,IND,IN,AGL,CE,Combined TRACON& Tower with Radar,391,52,39,5,487,0,202,3,0,205,391,254,42,5,692,0,0,0,692
08/23/2023,IND,IN,AGL,CE,Combined TRACON& Tower with Radar,395,56,31,2,484,0,141,7,1,149,395,197,38,3,633,0,0,0,633
08/24/2023,IND,IN,AGL,CE,Combined TRACON& Tower with Radar,397,79,30,6,512,0,77,3,1,81,397,156,33,7,593,0,0,0,593
08/25/2023,IND,IN,AGL,CE,Combined TRACON& Tower with Radar,388,72,31,0,491,0,93,5,0,98,388,165,36,0,589,0,0,0,589
08/26/2023,IND,IN,AGL,CE,Combined TRACON& Tower with Radar,281,25,8,0,314,0,86,3,0,89,281,111,11,0,403,0,0,0,403
08/27/2023,IND,IN,AGL,CE,Combined TRACON& Tower with Radar,263,41,27,0,331,0,85,2,0,87,263,126,29,0,418,0,0,0,418
08/28/2023,IND,IN,AGL,CE,Combined TRACON& Tower with Radar,284,38,22,5,349,0,183,10,0,193,284,221,32,5,542,0,0,0,542
08/29/2023,IND,IN,AGL,CE,Combined TRACON& Tower with Radar,397,42,38,2,479,0,215,8,0,223,397,257,46,2,702,0,0,0,702
08/30/2023,IND,IN,AGL,CE,Combined TRACON& Tower with Radar,393,63,49,6,511,0,143,8,0,151,393,206,57,6,662,0,0,0,662
08/31/2023,IND,IN,AGL,CE,Combined TRACON& Tower with Radar,395,53,42,2,492,0,174,5,0,179,395,227,47,2,671,0,0,0,671
01/01/2020,IND,IN,AGL,CE,Combined TRACON& Tower with Radar,222,42,5,0,269,0,10,8,0,18,222,52,13,0,287,0,0,0,287
01/02/2020,IND,IN,AGL,CE,Combined TRACON& Tower with Radar,398,75,26,0,499,0,108,3,2,113,398,183,29,2,612,0,0,0,612
01/03/2020,IND,IN,AGL,CE,Combined TRACON& Tower with Radar,443,72,17,0,532,0,0,0,0,0,443,72,17,0,532,0,0,0,532
01/04/2020,IND,IN,AGL,CE,Combined TRACON& Tower with Radar,277,62,20,0,359,0,0,0,0,0,277,62,20,0,359,0,0,0,359
01/05/2020,IND,IN,AGL,CE,Combined TRACON& Tower with Radar,251,63,24,0,338,0,131,4,3,138,251,194,28,3,476,0,0,0,476
01/06/2020,IND,IN,AGL,CE,Combined TRACON& Tower with Radar,288,66,25,2,381,0,148,4,0,152,288,214,29,2,533,0,0,0,533
01/07/2020,IND,IN,AGL,CE,Combined TRACON& Tower with Radar,396,65,37,0,498,0,161,7,0,168,396,226,44,0,666,0,0,0,666
01/08/2020,IND,IN,AGL,CE,Combined TRACON& Tower with Radar,397,63,58,2,520,0,156,10,1,167,397,219,68,3,687,0,0,0,687
01/09/2020,IND,IN,AGL,CE,Combined TRACON& Tower with Radar,401,63,38,0,502,2,83,0,0,85,403,146,38,0,587,0,0,0,587
01/10/2020,IND,IN,AGL,CE,Combined TRACON& Tower with Radar,368,57,26,0,451,0,0,0,0,0,368,57,26,0,451,0,0,0,451
01/11/2020,IND,IN,AGL,CE,Combined TRACON& Tower with Radar,251,24,8,0,283,0,1,0,0,1,251,25,8,0,284,0,0,0,284
01/12/2020,IND,IN,AGL,CE,Combined TRACON& Tower with Radar,252,49,16,0,317,0,0,2,0,2,252,49,18,0,319,0,0,0,319
01/13/2020,IND,IN,AGL,CE,Combined TRACON& Tower with Radar,277,73,29,9,388,0,66,4,0,70,277,139,33,9,458,0,0,0,458
01/14/2020,IND,IN,AGL,CE,Combined TRACON& Tower with Radar,412,90,41,0,543,0,19,2,0,21,412,109,43,0,564,0,0,0,564
01/15/2020,IND,IN,AGL,CE,Combined TRACON& Tower with Radar,410,67,44,1,522,0,0,0,0,0,410,67,44,1,522,0,0,0,522
01/16/2020,IND,IN,AGL,CE,Combined TRACON& Tower with Radar,410,71,53,1,535,0,126,16,0,142,410,197,69,1,677,0,0,0,677
01/17/2020,IND,IN,AGL,CE,Combined TRACON& Tower with Radar,379,63,26,0,468,0,164,3,0,167,379,227,29,0,635,0,0,0,635
01/18/2020,IND,IN,AGL,CE,Combined TRACON& Tower with Radar,244,31,10,0,285,0,0,0,0,0,244,31,10,0,285,0,0,0,285
01/19/2020,IND,IN,AGL,CE,Combined TRACON& Tower with Radar,235,47,21,0,303,0,0,0,0,0,235,47,21,0,303,0,0,0,303
01/20/2020,IND,IN,AGL,CE,Combined TRACON& Tower with Radar,279,65,34,0,378,0,138,0,0,138,279,203,34,0,516,0,0,0,516
01/21/2020,IND,IN,AGL,CE,Combined TRACON& Tower with Radar,400,62,30,0,492,0,165,0,0,165,400,227,30,0,657,0,0,0,657
01/22/2020,IND,IN,AGL,CE,Combined TRACON& Tower with Radar,399,55,42,0,496,0,202,13,1,216,399,257,55,1,712,0,0,0,712
01/23/2020,IND,IN,AGL,CE,Combined TRACON& Tower with Radar,417,69,46,0,532,0,141,1,0,142,417,210,47,0,674,0,0,0,674
01/24/2020,IND,IN,AGL,CE,Combined TRACON& Tower with Radar,382,46,26,0,454,0,0,0,0,0,382,46,26,0,454,0,0,0,454
01/25/2020,IND,IN,AGL,CE,Combined TRACON& Tower with Radar,247,32,17,0,296,0,0,0,0,0,247,32,17,0,296,0,0,0,296
01/26/2020,IND,IN,AGL,CE,Combined TRACON& Tower with Radar,264,65,22,0,351,0,32,0,0,32,264,97,22,0,383,0,0,0,383
01/27/2020,IND,IN,AGL,CE,Combined TRACON& Tower with Radar,289,52,30,2,373,0,3,0,0,3,289,55,30,2,376,0,0,0,376
01/28/2020,IND,IN,AGL,CE,Combined TRACON& Tower with Radar,412,61,33,2,508,0,0,0,0,0,412,61,33,2,508,0,0,0,508
01/29/2020,IND,IN,AGL,CE,Combined TRACON& Tower with Radar,414,68,56,2,540,0,22,3,0,25,414,90,59,2,565,0,0,0,565
01/30/2020,IND,IN,AGL,CE,Combined TRACON& Tower with Radar,399,58,46,2,505,0,144,1,0,145,399,202,47,2,650,0,0,0,650
01/31/2020,IND,IN,AGL,CE,Combined TRACON& Tower with Radar,376,50,35,0,461,0,2,0,0,2,376,52,35,0,463,0,0,0,463
02/01/2020,IND,IN,AGL,CE,Combined TRACON& Tower with Radar,248,25,9,0,282,0,0,4,0,4,248,25,13,0,286,0,0,0,286
02/02/2020,IND,IN,AGL,CE,Combined TRACON& Tower with Radar,252,50,20,0,322,0,94,2,2,98,252,144,22,2,420,0,0,0,420
02/03/2020,IND,IN,AGL,CE,Combined TRACON& Tower with Radar,287,61,58,1,407,0,148,6,2,156,287,209,64,3,563,0,0,0,563
02/04/2020,IND,IN,AGL,CE,Combined TRACON& Tower with Radar,406,82,29,0,517,0,0,0,0,0,406,82,29,0,517,0,0,0,517
02/05/2020,IND,IN,AGL,CE,Combined TRACON& Tower with Radar,388,64,35,0,487,0,10,0,0,10,388,74,35,0,497,0,0,0,497
02/06/2020,IND,IN,AGL,CE,Combined TRACON& Tower with Radar,385,52,44,1,482,0,0,0,0,0,385,52,44,1,482,0,0,0,482
02/07/2020,IND,IN,AGL,CE,Combined TRACON& Tower with Radar,387,71,40,9,507,0,72,0,0,72,387,143,40,9,579,0,0,0,579
02/08/2020,IND,IN,AGL,CE,Combined TRACON& Tower with Radar,251,27,25,0,303,0,0,1,0,1,251,27,26,0,304,0,0,0,304
02/09/2020,IND,IN,AGL,CE,Combined TRACON& Tower with Radar,258,51,19,2,330,0,54,0,0,54,258,105,19,2,384,0,0,0,384
02/10/2020,IND,IN,AGL,CE,Combined TRACON& Tower with Radar,288,62,27,3,380,0,6,0,0,6,288,68,27,3,386,0,0,0,386
02/11/2020,IND,IN,AGL,CE,Combined TRACON& Tower with Radar,403,71,53,3,530,0,199,7,1,207,403,270,60,4,737,0,0,0,737
02/12/2020,IND,IN,AGL,CE,Combined TRACON& Tower with Radar,392,81,50,2,525,0,80,0,1,81,392,161,50,3,606,0,0,0,606
02/13/2020,IND,IN,AGL,CE,Combined TRACON& Tower with Radar,389,62,36,0,487,0,0,0,0,0,389,62,36,0,487,0,0,0,487
02/14/2020,IND,IN,AGL,CE,Combined TRACON& Tower with Radar,388,66,39,2,495,0,158,10,0,168,388,224,49,2,663,0,0,0,663
02/15/2020,IND,IN,AGL,CE,Combined TRACON& Tower with Radar,246,44,19,4,313,0,148,0,0,148,246,192,19,4,461,0,0,0,461
02/16/2020,IND,IN,AGL,CE,Combined TRACON& Tower with Radar,247,47,23,0,317,0,116,2,0,118,247,163,25,0,435,0,0,0,435
02/17/2020,IND,IN,AGL,CE,Combined TRACON& Tower with Radar,278,72,40,2,392,0,111,2,0,113,278,183,42,2,505,0,0,0,505
02/18/2020,IND,IN,AGL,CE,Combined TRACON& Tower with Radar,415,76,52,2,545,0,18,0,0,18,415,94,52,2,563,0,0,0,563
02/19/2020,IND,IN,AGL,CE,Combined TRACON& Tower with Radar,423,81,62,7,573,0,180,32,0,212,423,261,94,7,785,0,0,0,785
02/20/2020,IND,IN,AGL,CE,Combined TRACON& Tower with Radar,405,74,42,2,523,0,166,29,2,197,405,240,71,4,720,0,0,0,720
02/21/2020,IND,IN,AGL,CE,Combined TRACON& Tower with Radar,374,68,27,7,476,0,152,6,0,158,374,220,33,7,634,0,0,0,634
02/22/2020,IND,IN,AGL,CE,Combined TRACON& Tower with Radar,241,57,17,1,316,0,127,4,1,132,241,184,21,2,448,0,0,0,448
02/23/2020,IND,IN,AGL,CE,Combined TRACON& Tower with Radar,260,59,36,2,357,0,127,5,0,132,260,186,41,2,489,0,0,0,489
02/24/2020,IND,IN,AGL,CE,Combined TRACON& Tower with Radar,293,74,35,2,404,0,0,1,0,1,293,74,36,2,405,0,0,0,405
02/25/2020,IND,IN,AGL,CE,Combined TRACON& Tower with Radar,415,83,48,2,548,0,0,0,0,0,415,83,48,2,548,0,0,0,548
02/26/2020,IND,IN,AGL,CE,Combined TRACON& Tower with Radar,419,66,54,2,541,0,0,0,0,0,419,66,54,2,541,0,0,0,541
02/27/2020,IND,IN,AGL,CE,Combined TRACON& Tower with Radar,414,81,43,3,541,0,85,2,0,87,414,166,45,3,628,0,0,0,628
02/28/2020,IND,IN,AGL,CE,Combined TRACON& Tower with Radar,373,65,52,0,490,0,64,1,0,65,373,129,53,0,555,0,0,0,555
02/29/2020,IND,IN,AGL,CE,Combined TRACON& Tower with Radar,248,73,21,0,342,0,160,7,1,168,248,233,28,1,510,0,0,0,510
03/01/2020,IND,IN,AGL,CE,Combined TRACON& Tower with Radar,258,70,27,0,355,0,106,0,0,106,258,176,27,0,461,0,0,0,461
03/02/2020,IND,IN,AGL,CE,Combined TRACON& Tower with Radar,289,84,26,0,399,0,0,0,0,0,289,84,26,0,399,0,0,0,399
03/03/2020,IND,IN,AGL,CE,Combined TRACON& Tower with Radar,418,81,49,5,553,0,109,0,0,109,418,190,49,5,662,0,0,0,662
03/04/2020,IND,IN,AGL,CE,Combined TRACON& Tower with Radar,428,74,52,4,558,0,137,15,2,154,428,211,67,6,712,0,0,0,712
03/05/2020,IND,IN,AGL,CE,Combined TRACON& Tower with Radar,409,66,38,0,513,0,174,11,0,185,409,240,49,0,698,0,0,0,698
03/06/2020,IND,IN,AGL,CE,Combined TRACON& Tower with Radar,378,56,31,2,467,0,7,7,0,14,378,63,38,2,481,0,0,0,481
03/07/2020,IND,IN,AGL,CE,Combined TRACON& Tower with Radar,292,40,18,6,356,0,151,6,0,157,292,191,24,6,513,0,0,0,513
03/08/2020,IND,IN,AGL,CE,Combined TRACON& Tower with Radar,284,67,4,0,355,0,101,7,2,110,284,168,11,2,465,0,0,0,465
03/09/2020,IND,IN,AGL,CE,Combined TRACON& Tower with Radar,302,65,20,1,388,0,55,3,0,58,302,120,23,1,446,0,0,0,446
03/10/2020,IND,IN,AGL,CE,Combined TRACON& Tower with Radar,413,83,37,0,533,0,0,0,0,0,413,83,37,0,533,0,0,0,533
03/11/2020,IND,IN,AGL,CE,Combined TRACON& Tower with Radar,436,86,30,0,552,0,0,1,0,1,436,86,31,0,553,0,0,0,553
03/12/2020,IND,IN,AGL,CE,Combined TRACON& Tower with Radar,412,114,27,0,553,0,36,1,0,37,412,150,28,0,590,0,0,0,590
03/13/2020,IND,IN,AGL,CE,Combined TRACON& Tower with Radar,392,75,34,0,501,0,173,9,0,182,392,248,43,0,683,0,0,0,683
03/14/2020,IND,IN,AGL,CE,Combined TRACON& Tower with Radar,294,57,23,0,374,0,12,2,0,14,294,69,25,0,388,0,0,0,388
03/15/2020,IND,IN,AGL,CE,Combined TRACON& Tower with Radar,294,48,13,0,355,0,108,7,0,115,294,156,20,0,470,0,0,0,470
03/16/2020,IND,IN,AGL,CE,Combined TRACON& Tower with Radar,296,69,15,0,380,0,112,3,0,115,296,181,18,0,495,0,0,0,495
03/17/2020,IND,IN,AGL,CE,Combined TRACON& Tower with Radar,412,71,9,0,492,0,119,6,0,125,412,190,15,0,617,0,0,0,617
03/18/2020,IND,IN,AGL,CE,Combined TRACON& Tower with Radar,424,84,24,0,532,0,34,0,0,34,424,118,24,0,566,0,0,0,566
03/19/2020,IND,IN,AGL,CE,Combined TRACON& Tower with Radar,376,59,24,0,459,0,0,0,0,0,376,59,24,0,459,0,0,0,459
03/20/2020,IND,IN,AGL,CE,Combined TRACON& Tower with Radar,345,57,11,4,417,0,8,0,0,8,345,65,11,4,425,0,0,0,425
03/21/2020,IND,IN,AGL,CE,Combined TRACON& Tower with Radar,274,36,16,0,326,0,129,7,0,136,274,165,23,0,462,0,0,0,462
03/22/2020,IND,IN,AGL,CE,Combined TRACON& Tower with Radar,239,32,1,0,272,0,84,2,0,86,239,116,3,0,358,0,0,0,358
03/23/2020,IND,IN,AGL,CE,Combined TRACON& Tower with Radar,229,28,10,0,267,0,7,0,0,7,229,35,10,0,274,0,0,0,274
03/24/2020,IND,IN,AGL,CE,Combined TRACON& Tower with Radar,329,60,8,0,397,0,101,5,0,106,329,161,13,0,503,0,0,0,503
03/25/2020,IND,IN,AGL,CE,Combined TRACON& Tower with Radar,339,33,9,0,381,0,0,4,0,4,339,33,13,0,385,0,0,0,385
03/26/2020,IND,IN,AGL,CE,Combined TRACON& Tower with Radar,290,31,8,2,331,0,0,1,0,1,290,31,9,2,332,0,0,0,332
03/27/2020,IND,IN,AGL,CE,Combined TRACON& Tower with Radar,249,32,5,0,286,0,0,0,0,0,249,32,5,0,286,0,0,0,286
03/28/2020,IND,IN,AGL,CE,Combined TRACON& Tower with Radar,172,19,3,2,196,0,0,0,0,0,172,19,3,2,196,0,0,0,196
03/29/2020,IND,IN,AGL,CE,Combined TRACON& Tower with Radar,157,29,3,0,189,0,1,1,0,2,157,30,4,0,191,0,0,0,191
03/30/2020,IND,IN,AGL,CE,Combined TRACON& Tower with Radar,161,23,4,0,188,0,1,2,0,3,161,24,6,0,191,0,0,0,191
03/31/2020,IND,IN,AGL,CE,Combined TRACON& Tower with Radar,288,28,14,2,332,0,1,2,0,3,288,29,16,2,335,0,0,0,335
04/01/2020,IND,IN,AGL,CE,Combined TRACON& Tower with Radar,308,22,4,0,334,0,0,2,0,2,308,22,6,0,336,0,0,0,336
04/02/2020,IND,IN,AGL,CE,Combined TRACON& Tower with Radar,253,21,15,0,289,0,0,6,0,6,253,21,21,0,295,0,0,0,295
04/03/2020,IND,IN,AGL,CE,Combined TRACON& Tower with Radar,202,22,18,2,244,0,2,3,0,5,202,24,21,2,249,0,0,0,249
04/04/2020,IND,IN,AGL,CE,Combined TRACON& Tower with Radar,145,10,4,0,159,0,0,1,0,1,145,10,5,0,160,0,0,0,160
04/05/2020,IND,IN,AGL,CE,Combined TRACON& Tower with Radar,126,15,10,0,151,0,0,1,0,1,126,15,11,0,152,0,0,0,152
04/06/2020,IND,IN,AGL,CE,Combined TRACON& Tower with Radar,123,10,2,0,135,0,0,1,0,1,123,10,3,0,136,0,0,0,136
04/07/2020,IND,IN,AGL,CE,Combined TRACON& Tower with Radar,256,24,3,2,285,0,2,7,0,9,256,26,10,2,294,0,0,0,294
04/08/2020,IND,IN,AGL,CE,Combined TRACON& Tower with Radar,259,23,7,0,289,0,0,2,0,2,259,23,9,0,291,0,0,0,291
04/09/2020,IND,IN,AGL,CE,Combined TRACON& Tower with Radar,239,28,4,2,273,0,0,11,0,11,239,28,15,2,284,0,0,0,284
04/10/2020,IND,IN,AGL,CE,Combined TRACON& Tower with Radar,185,18,8,0,211,0,1,1,0,2,185,19,9,0,213,0,0,0,213
04/11/2020,IND,IN,AGL,CE,Combined TRACON& Tower with Radar,107,4,6,0,117,0,0,2,0,2,107,4,8,0,119,0,0,0,119
04/12/2020,IND,IN,AGL,CE,Combined TRACON& Tower with Radar,78,8,5,0,91,0,1,3,0,4,78,9,8,0,95,0,0,0,95
04/13/2020,IND,IN,AGL,CE,Combined TRACON& Tower with Radar,113,14,5,0,132,0,0,1,0,1,113,14,6,0,133,0,0,0,133
04/14/2020,IND,IN,AGL,CE,Combined TRACON& Tower with Radar,213,22,7,0,242,0,0,2,0,2,213,22,9,0,244,0,0,0,244
04/15/2020,IND,IN,AGL,CE,Combined TRACON& Tower with Radar,216,22,14,0,252,0,0,0,0,0,216,22,14,0,252,0,0,0,252
04/16/2020,IND,IN,AGL,CE,Combined TRACON& Tower with Radar,203,16,6,3,228,3,4,12,0,19,206,20,18,3,247,0,0,0,247
04/17/2020,IND,IN,AGL,CE,Combined TRACON& Tower with Radar,150,21,5,0,176,0,1,0,0,1,150,22,5,0,177,0,0,0,177
04/18/2020,IND,IN,AGL,CE,Combined TRACON& Tower with Radar,80,7,12,2,101,0,0,5,0,5,80,7,17,2,106,0,0,0,106
04/19/2020,IND,IN,AGL,CE,Combined TRACON& Tower with Radar,64,17,1,0,82,0,0,2,0,2,64,17,3,0,84,0,0,0,84
04/20/2020,IND,IN,AGL,CE,Combined TRACON& Tower with Radar,81,8,15,3,107,0,0,0,0,0,81,8,15,3,107,0,0,0,107
04/21/2020,IND,IN,AGL,CE,Combined TRACON& Tower with Radar,202,17,9,2,230,0,1,4,0,5,202,18,13,2,235,0,0,0,235
04/22/2020,IND,IN,AGL,CE,Combined TRACON& Tower with Radar,212,21,13,2,248,0,1,7,0,8,212,22,20,2,256,0,0,0,256
04/23/2020,IND,IN,AGL,CE,Combined TRACON& Tower with Radar,199,29,16,0,244,0,0,0,0,0,199,29,16,0,244,0,0,0,244
04/24/2020,IND,IN,AGL,CE,Combined TRACON& Tower with Radar,158,24,20,2,204,0,0,4,0,4,158,24,24,2,208,0,0,0,208
04/25/2020,IND,IN,AGL,CE,Combined TRACON& Tower with Radar,88,5,9,0,102,0,0,0,0,0,88,5,9,0,102,0,0,0,102
04/26/2020,IND,IN,AGL,CE,Combined TRACON& Tower with Radar,61,2,8,0,71,0,0,4,0,4,61,2,12,0,75,0,0,0,75
04/27/2020,IND,IN,AGL,CE,Combined TRACON& Tower with Radar,93,6,12,2,113,0,2,11,0,13,93,8,23,2,126,0,0,0,126
04/28/2020,IND,IN,AGL,CE,Combined TRACON& Tower with Radar,206,17,14,2,239,0,0,4,0,4,206,17,18,2,243,0,0,0,243
04/29/2020,IND,IN,AGL,CE,Combined TRACON& Tower with Radar,208,18,7,2,235,0,0,1,0,1,208,18,8,2,236,0,0,0,236
04/30/2020,IND,IN,AGL,CE,Combined TRACON& Tower with Radar,194,23,16,0,233,0,0,0,0,0,194,23,16,0,233,0,0,0,233
05/01/2020,IND,IN,AGL,CE,Combined TRACON& Tower with Radar,173,22,20,2,217,0,2,12,0,14,173,24,32,2,231,0,0,0,231
05/02/2020,IND,IN,AGL,CE,Combined TRACON& Tower with Radar,89,9,10,0,108,0,0,6,2,8,89,9,16,2,116,0,0,0,116
05/03/2020,IND,IN,AGL,CE,Combined TRACON& Tower with Radar,82,14,0,0,96,0,0,4,0,4,82,14,4,0,100,0,0,0,100
05/04/2020,IND,IN,AGL,CE,Combined TRACON& Tower with Radar,90,15,24,4,133,0,0,6,0,6,90,15,30,4,139,0,0,0,139
05/05/2020,IND,IN,AGL,CE,Combined TRACON& Tower with Radar,210,18,14,2,244,0,0,1,0,1,210,18,15,2,245,0,0,0,245
05/06/2020,IND,IN,AGL,CE,Combined TRACON& Tower with Radar,218,21,15,4,258,0,0,8,0,8,218,21,23,4,266,0,0,0,266
05/07/2020,IND,IN,AGL,CE,Combined TRACON& Tower with Radar,195,24,13,6,238,0,0,2,0,2,195,24,15,6,240,0,0,0,240
05/08/2020,IND,IN,AGL,CE,Combined TRACON& Tower with Radar,163,23,14,2,202,0,0,3,0,3,163,23,17,2,205,0,0,0,205
05/09/2020,IND,IN,AGL,CE,Combined TRACON& Tower with Radar,77,7,12,5,101,0,1,13,0,14,77,8,25,5,115,0,0,0,115
05/10/2020,IND,IN,AGL,CE,Combined TRACON& Tower with Radar,68,11,3,0,82,0,0,2,0,2,68,11,5,0,84,0,0,0,84
05/11/2020,IND,IN,AGL,CE,Combined TRACON& Tower with Radar,95,17,18,0,130,0,0,7,0,7,95,17,25,0,137,0,0,0,137
05/12/2020,IND,IN,AGL,CE,Combined TRACON& Tower with Radar,207,24,16,0,247,0,2,4,0,6,207,26,20,0,253,0,0,0,253
05/13/2020,IND,IN,AGL,CE,Combined TRACON& Tower with Radar,215,23,18,0,256,0,10,3,0,13,215,33,21,0,269,0,0,0,269
05/14/2020,IND,IN,AGL,CE,Combined TRACON& Tower with Radar,202,26,18,2,248,0,8,2,0,10,202,34,20,2,258,0,0,0,258
05/15/2020,IND,IN,AGL,CE,Combined TRACON& Tower with Radar,166,34,10,2,212,0,5,2,0,7,166,39,12,2,219,0,0,0,219
05/16/2020,IND,IN,AGL,CE,Combined TRACON& Tower with Radar,82,7,6,0,95,0,36,4,0,40,82,43,10,0,135,0,0,0,135
05/17/2020,IND,IN,AGL,CE,Combined TRACON& Tower with Radar,67,12,8,0,87,0,21,0,0,21,67,33,8,0,108,0,0,0,108
05/18/2020,IND,IN,AGL,CE,Combined TRACON& Tower with Radar,100,31,13,0,144,0,12,0,0,12,100,43,13,0,156,0,0,0,156
05/19/2020,IND,IN,AGL,CE,Combined TRACON& Tower with Radar,204,44,7,2,257,0,1,0,0,1,204,45,7,2,258,0,0,0,258
05/20/2020,IND,IN,AGL,CE,Combined TRACON& Tower with Radar,221,34,15,0,270,0,5,0,0,5,221,39,15,0,275,0,0,0,275
05/21/2020,IND,IN,AGL,CE,Combined TRACON& Tower with Radar,216,45,15,4,280,0,6,0,2,8,216,51,15,6,288,0,0,0,288
05/22/2020,IND,IN,AGL,CE,Combined TRACON& Tower with Radar,176,44,8,0,228,0,33,5,0,38,176,77,13,0,266,0,0,0,266
05/23/2020,IND,IN,AGL,CE,Combined TRACON& Tower with Radar,96,10,16,0,122,0,44,7,0,51,96,54,23,0,173,0,0,0,173
05/24/2020,IND,IN,AGL,CE,Combined TRACON& Tower with Radar,78,15,12,2,107,0,39,5,0,44,78,54,17,2,151,0,0,0,151
05/25/2020,IND,IN,AGL,CE,Combined TRACON& Tower with Radar,82,9,10,0,101,0,0,8,2,10,82,9,18,2,111,0,0,0,111
05/26/2020,IND,IN,AGL,CE,Combined TRACON& Tower with Radar,80,21,15,2,118,0,50,8,2,60,80,71,23,4,178,0,0,0,178
05/27/2020,IND,IN,AGL,CE,Combined TRACON& Tower with Radar,223,32,25,4,284,0,52,4,0,56,223,84,29,4,340,0,0,0,340
05/28/2020,IND,IN,AGL,CE,Combined TRACON& Tower with Radar,217,48,22,0,287,0,22,0,0,22,217,70,22,0,309,0,0,0,309
05/29/2020,IND,IN,AGL,CE,Combined TRACON& Tower with Radar,179,43,20,0,242,0,33,3,0,36,179,76,23,0,278,0,0,0,278
05/30/2020,IND,IN,AGL,CE,Combined TRACON& Tower with Radar,97,10,8,0,115,0,80,10,0,90,97,90,18,0,205,0,0,0,205
05/31/2020,IND,IN,AGL,CE,Combined TRACON& Tower with Radar,83,16,6,0,105,0,50,13,2,65,83,66,19,2,170,0,0,0,170
06/01/2020,IND,IN,AGL,CE,Combined TRACON& Tower with Radar,114,28,25,4,171,0,118,7,2,127,114,146,32,6,298,0,0,0,298
06/02/2020,IND,IN,AGL,CE,Combined TRACON& Tower with Radar,226,32,22,7,287,0,124,8,1,133,226,156,30,8,420,0,0,0,420
06/03/2020,IND,IN,AGL,CE,Combined TRACON& Tower with Radar,244,29,17,4,294,0,125,15,0,140,244,154,32,4,434,0,0,0,434
06/04/2020,IND,IN,AGL,CE,Combined TRACON& Tower with Radar,247,33,17,0,297,0,62,1,0,63,247,95,18,0,360,0,0,0,360
06/05/2020,IND,IN,AGL,CE,Combined TRACON& Tower with Radar,199,46,15,10,270,0,127,10,1,138,199,173,25,11,408,0,0,0,408
06/06/2020,IND,IN,AGL,CE,Combined TRACON& Tower with Radar,116,10,21,0,147,0,126,5,2,133,116,136,26,2,280,0,0,0,280
06/07/2020,IND,IN,AGL,CE,Combined TRACON& Tower with Radar,112,19,13,8,152,0,93,5,0,98,112,112,18,8,250,0,0,0,250
06/08/2020,IND,IN,AGL,CE,Combined TRACON& Tower with Radar,133,20,20,6,179,0,108,4,2,114,133,128,24,8,293,0,0,0,293
06/09/2020,IND,IN,AGL,CE,Combined TRACON& Tower with Radar,251,31,15,5,302,0,59,6,0,65,251,90,21,5,367,0,0,0,367
06/10/2020,IND,IN,AGL,CE,Combined TRACON& Tower with Radar,258,44,11,6,319,0,12,0,0,12,258,56,11,6,331,0,0,0,331
06/11/2020,IND,IN,AGL,CE,Combined TRACON& Tower with Radar,262,28,25,3,318,0,181,12,2,195,262,209,37,5,513,0,0,0,513
06/12/2020,IND,IN,AGL,CE,Combined TRACON& Tower with Radar,201,35,12,0,248,0,165,6,0,171,201,200,18,0,419,0,0,0,419
06/13/2020,IND,IN,AGL,CE,Combined TRACON& Tower with Radar,124,22,15,0,161,0,143,5,0,148,124,165,20,0,309,0,0,0,309
06/14/2020,IND,IN,AGL,CE,Combined TRACON& Tower with Radar,113,24,10,0,147,0,101,3,0,104,113,125,13,0,251,0,0,0,251
06/15/2020,IND,IN,AGL,CE,Combined TRACON& Tower with Radar,137,23,17,0,177,0,134,6,0,140,137,157,23,0,317,0,0,0,317
06/16/2020,IND,IN,AGL,CE,Combined TRACON& Tower with Radar,258,27,24,4,313,0,136,4,0,140,258,163,28,4,453,0,0,0,453
06/17/2020,IND,IN,AGL,CE,Combined TRACON& Tower with Radar,260,28,30,4,322,0,148,11,0,159,260,176,41,4,481,0,0,0,481
06/18/2020,IND,IN,AGL,CE,Combined TRACON& Tower with Radar,266,36,29,2,333,0,143,8,0,151,266,179,37,2,484,0,0,0,484
06/19/2020,IND,IN,AGL,CE,Combined TRACON& Tower with Radar,207,25,16,0,248,0,141,12,0,153,207,166,28,0,401,0,0,0,401
06/20/2020,IND,IN,AGL,CE,Combined TRACON& Tower with Radar,129,13,6,0,148,0,97,12,0,109,129,110,18,0,257,0,0,0,257
06/21/2020,IND,IN,AGL,CE,Combined TRACON& Tower with Radar,116,22,21,0,159,0,49,3,0,52,116,71,24,0,211,0,0,0,211
06/22/2020,IND,IN,AGL,CE,Combined TRACON& Tower with Radar,140,61,24,0,225,0,22,1,0,23,140,83,25,0,248,0,0,0,248
06/23/2020,IND,IN,AGL,CE,Combined TRACON& Tower with Radar,273,51,24,0,348,0,30,7,0,37,273,81,31,0,385,0,0,0,385
06/24/2020,IND,IN,AGL,CE,Combined TRACON& Tower with Radar,282,37,29,2,350,0,147,15,0,162,282,184,44,2,512,0,0,0,512
06/25/2020,IND,IN,AGL,CE,Combined TRACON& Tower with Radar,270,37,22,0,329,0,168,17,0,185,270,205,39,0,514,0,0,0,514
06/26/2020,IND,IN,AGL,CE,Combined TRACON& Tower with Radar,218,37,9,2,266,0,147,3,0,150,218,184,12,2,416,0,0,0,416
06/27/2020,IND,IN,AGL,CE,Combined TRACON& Tower with Radar,135,15,6,0,156,0,7,0,0,7,135,22,6,0,163,0,0,0,163
06/28/2020,IND,IN,AGL,CE,Combined TRACON& Tower with Radar,124,32,9,0,165,0,27,2,0,29,124,59,11,0,194,0,0,0,194
06/29/2020,IND,IN,AGL,CE,Combined TRACON& Tower with Radar,150,39,14,2,205,0,79,1,0,80,150,118,15,2,285,0,0,0,285
06/30/2020,IND,IN,AGL,CE,Combined TRACON& Tower with Radar,278,38,27,0,343,0,78,4,0,82,278,116,31,0,425,0,0,0,425
07/01/2020,IND,IN,AGL,CE,Combined TRACON& Tower with Radar,285,43,25,2,355,0,151,6,0,157,285,194,31,2,512,0,0,0,512
07/02/2020,IND,IN,AGL,CE,Combined TRACON& Tower with Radar,279,35,27,0,341,0,164,8,1,173,279,199,35,1,514,0,0,0,514
07/03/2020,IND,IN,AGL,CE,Combined TRACON& Tower with Radar,235,26,33,0,294,0,107,10,0,117,235,133,43,0,411,0,0,0,411
07/04/2020,IND,IN,AGL,CE,Combined TRACON& Tower with Radar,111,13,27,0,151,0,4,7,0,11,111,17,34,0,162,0,0,0,162
07/05/2020,IND,IN,AGL,CE,Combined TRACON& Tower with Radar,152,16,74,0,242,0,66,4,0,70,152,82,78,0,312,0,0,0,312
07/06/2020,IND,IN,AGL,CE,Combined TRACON& Tower with Radar,184,27,19,0,230,0,65,0,1,66,184,92,19,1,296,0,0,0,296
07/07/2020,IND,IN,AGL,CE,Combined TRACON& Tower with Radar,312,38,27,0,377,0,99,7,0,106,312,137,34,0,483,0,0,0,483
07/08/2020,IND,IN,AGL,CE,Combined TRACON& Tower with Radar,337,52,33,2,424,0,107,9,0,116,337,159,42,2,540,0,0,0,540
07/09/2020,IND,IN,AGL,CE,Combined TRACON& Tower with Radar,314,48,36,2,400,0,148,4,2,154,314,196,40,4,554,0,0,0,554
07/10/2020,IND,IN,AGL,CE,Combined TRACON& Tower with Radar,265,41,24,0,330,0,63,3,0,66,265,104,27,0,396,0,0,0,396
07/11/2020,IND,IN,AGL,CE,Combined TRACON& Tower with Radar,182,32,12,0,226,0,123,4,1,128,182,155,16,1,354,0,0,0,354
07/12/2020,IND,IN,AGL,CE,Combined TRACON& Tower with Radar,167,45,14,0,226,0,104,8,0,112,167,149,22,0,338,0,0,0,338
07/13/2020,IND,IN,AGL,CE,Combined TRACON& Tower with Radar,195,23,10,5,233,0,167,4,1,172,195,190,14,6,405,0,0,0,405
07/14/2020,IND,IN,AGL,CE,Combined TRACON& Tower with Radar,312,46,27,0,385,0,141,7,1,149,312,187,34,1,534,0,0,0,534
07/15/2020,IND,IN,AGL,CE,Combined TRACON& Tower with Radar,313,39,22,8,382,0,138,2,0,140,313,177,24,8,522,0,0,0,522
07/16/2020,IND,IN,AGL,CE,Combined TRACON& Tower with Radar,333,56,30,6,425,0,20,6,0,26,333,76,36,6,451,0,0,0,451
07/17/2020,IND,IN,AGL,CE,Combined TRACON& Tower with Radar,270,52,41,5,368,0,136,6,0,142,270,188,47,5,510,0,0,0,510
07/18/2020,IND,IN,AGL,CE,Combined TRACON& Tower with Radar,174,25,7,0,206,0,135,7,0,142,174,160,14,0,348,0,0,0,348
07/19/2020,IND,IN,AGL,CE,Combined TRACON& Tower with Radar,180,21,27,0,228,0,66,0,0,66,180,87,27,0,294,0,0,0,294
07/20/2020,IND,IN,AGL,CE,Combined TRACON& Tower with Radar,200,31,12,0,243,0,129,4,0,133,200,160,16,0,376,0,0,0,376
07/21/2020,IND,IN,AGL,CE,Combined TRACON& Tower with Radar,304,29,43,0,376,0,95,1,0,96,304,124,44,0,472,0,0,0,472
07/22/2020,IND,IN,AGL,CE,Combined TRACON& Tower with Radar,332,41,29,0,402,0,21,1,0,22,332,62,30,0,424,0,0,0,424
07/23/2020,IND,IN,AGL,CE,Combined TRACON& Tower with Radar,327,50,30,7,414,0,77,6,0,83,327,127,36,7,497,0,0,0,497
07/24/2020,IND,IN,AGL,CE,Combined TRACON& Tower with Radar,264,36,16,3,319,0,175,8,5,188,264,211,24,8,507,0,0,0,507
07/25/2020,IND,IN,AGL,CE,Combined TRACON& Tower with Radar,181,23,26,0,230,0,108,7,0,115,181,131,33,0,345,0,0,0,345
07/26/2020,IND,IN,AGL,CE,Combined TRACON& Tower with Radar,175,30,21,0,226,0,102,10,1,113,175,132,31,1,339,0,0,0,339
07/27/2020,IND,IN,AGL,CE,Combined TRACON& Tower with Radar,201,30,14,0,245,0,80,5,1,86,201,110,19,1,331,0,0,0,331
07/28/2020,IND,IN,AGL,CE,Combined TRACON& Tower with Radar,324,63,23,1,411,0,116,5,1,122,324,179,28,2,533,0,0,0,533
07/29/2020,IND,IN,AGL,CE,Combined TRACON& Tower with Radar,321,44,17,4,386,0,133,13,0,146,321,177,30,4,532,0,0,0,532
07/30/2020,IND,IN,AGL,CE,Combined TRACON& Tower with Radar,317,47,20,0,384,0,28,1,0,29,317,75,21,0,413,0,0,0,413
07/31/2020,IND,IN,AGL,CE,Combined TRACON& Tower with Radar,271,36,36,0,343,0,151,4,0,155,271,187,40,0,498,0,0,0,498
08/01/2020,IND,IN,AGL,CE,Combined TRACON& Tower with Radar,177,23,8,0,208,0,2,3,0,5,177,25,11,0,213,0,0,0,213
08/02/2020,IND,IN,AGL,CE,Combined TRACON& Tower with Radar,184,30,20,2,236,0,94,9,0,103,184,124,29,2,339,0,0,0,339
08/03/2020,IND,IN,AGL,CE,Combined TRACON& Tower with Radar,206,28,19,2,255,0,38,2,0,40,206,66,21,2,295,0,0,0,295
08/04/2020,IND,IN,AGL,CE,Combined TRACON& Tower with Radar,323,77,17,0,417,0,87,7,0,94,323,164,24,0,511,0,0,0,511
08/05/2020,IND,IN,AGL,CE,Combined TRACON& Tower with Radar,330,41,19,2,392,0,162,15,0,177,330,203,34,2,569,0,0,0,569
08/06/2020,IND,IN,AGL,CE,Combined TRACON& Tower with Radar,334,45,23,5,407,0,149,9,1,159,334,194,32,6,566,0,0,0,566
08/07/2020,IND,IN,AGL,CE,Combined TRACON& Tower with Radar,278,38,28,3,347,0,143,5,0,148,278,181,33,3,495,0,0,0,495
08/08/2020,IND,IN,AGL,CE,Combined TRACON& Tower with Radar,180,24,10,0,214,0,96,1,0,97,180,120,11,0,311,0,0,0,311
08/09/2020,IND,IN,AGL,CE,Combined TRACON& Tower with Radar,179,25,10,0,214,0,110,13,0,123,179,135,23,0,337,0,0,0,337
08/10/2020,IND,IN,AGL,CE,Combined TRACON& Tower with Radar,193,25,23,0,241,0,40,0,0,40,193,65,23,0,281,0,0,0,281
08/11/2020,IND,IN,AGL,CE,Combined TRACON& Tower with Radar,329,81,19,0,429,0,71,13,0,84,329,152,32,0,513,0,0,0,513
08/12/2020,IND,IN,AGL,CE,Combined TRACON& Tower with Radar,329,40,29,4,402,0,126,9,1,136,329,166,38,5,538,0,0,0,538
08/13/2020,IND,IN,AGL,CE,Combined TRACON& Tower with Radar,336,48,22,0,406,0,174,11,1,186,336,222,33,1,592,0,0,0,592
08/14/2020,IND,IN,AGL,CE,Combined TRACON& Tower with Radar,280,46,12,2,340,0,140,9,1,150,280,186,21,3,490,0,0,0,490
08/15/2020,IND,IN,AGL,CE,Combined TRACON& Tower with Radar,178,18,17,0,213,0,115,8,1,124,178,133,25,1,337,0,0,0,337
08/16/2020,IND,IN,AGL,CE,Combined TRACON& Tower with Radar,177,30,13,0,220,0,58,0,0,58,177,88,13,0,278,0,0,0,278
08/17/2020,IND,IN,AGL,CE,Combined TRACON& Tower with Radar,197,29,18,3,247,0,123,8,0,131,197,152,26,3,378,0,0,0,378
08/18/2020,IND,IN,AGL,CE,Combined TRACON& Tower with Radar,317,47,26,3,393,0,85,8,0,93,317,132,34,3,486,0,0,0,486
08/19/2020,IND,IN,AGL,CE,Combined TRACON& Tower with Radar,334,43,35,9,421,0,163,9,1,173,334,206,44,10,594,0,0,0,594
08/20/2020,IND,IN,AGL,CE,Combined TRACON& Tower with Radar,321,39,32,4,396,0,155,7,0,162,321,194,39,4,558,0,0,0,558
08/21/2020,IND,IN,AGL,CE,Combined TRACON& Tower with Radar,268,39,39,4,350,0,141,4,0,145,268,180,43,4,495,0,0,0,495
08/22/2020,IND,IN,AGL,CE,Combined TRACON& Tower with Radar,168,33,29,1,231,0,99,6,2,107,168,132,35,3,338,0,0,0,338
08/23/2020,IND,IN,AGL,CE,Combined TRACON& Tower with Radar,176,43,39,2,260,0,97,6,2,105,176,140,45,4,365,0,0,0,365
08/24/2020,IND,IN,AGL,CE,Combined TRACON& Tower with Radar,195,29,22,20,266,0,123,9,2,134,195,152,31,22,400,0,0,0,400
08/25/2020,IND,IN,AGL,CE,Combined TRACON& Tower with Radar,328,49,42,6,425,0,129,11,2,142,328,178,53,8,567,0,0,0,567
08/26/2020,IND,IN,AGL,CE,Combined TRACON& Tower with Radar,322,32,19,4,377,0,153,10,4,167,322,185,29,8,544,0,0,0,544
08/27/2020,IND,IN,AGL,CE,Combined TRACON& Tower with Radar,323,63,35,6,427,0,102,7,0,109,323,165,42,6,536,0,0,0,536
08/28/2020,IND,IN,AGL,CE,Combined TRACON& Tower with Radar,268,42,22,3,335,0,78,4,0,82,268,120,26,3,417,0,0,0,417
08/29/2020,IND,IN,AGL,CE,Combined TRACON& Tower with Radar,169,19,17,0,205,0,112,7,0,119,169,131,24,0,324,0,0,0,324
08/30/2020,IND,IN,AGL,CE,Combined TRACON& Tower with Radar,172,17,22,0,211,0,101,4,3,108,172,118,26,3,319,0,0,0,319
08/31/2020,IND,IN,AGL,CE,Combined TRACON& Tower with Radar,188,26,18,1,233,0,130,9,2,141,188,156,27,3,374,0,0,0,374
09/01/2020,IND,IN,AGL,CE,Combined TRACON& Tower with Radar,311,42,15,0,368,0,5,0,0,5,311,47,15,0,373,0,0,0,373
09/02/2020,IND,IN,AGL,CE,Combined TRACON& Tower with Radar,335,51,40,3,429,0,27,0,1,28,335,78,40,4,457,0,0,0,457
09/03/2020,IND,IN,AGL,CE,Combined TRACON& Tower with Radar,334,73,30,0,437,0,46,3,0,49,334,119,33,0,486,0,0,0,486
09/04/2020,IND,IN,AGL,CE,Combined TRACON& Tower with Radar,275,48,22,0,345,0,174,14,0,188,275,222,36,0,533,0,0,0,533
09/05/2020,IND,IN,AGL,CE,Combined TRACON& Tower with Radar,168,14,14,0,196,0,106,5,0,111,168,120,19,0,307,0,0,0,307
09/06/2020,IND,IN,AGL,CE,Combined TRACON& Tower with Radar,138,19,14,0,171,0,75,2,2,79,138,94,16,2,250,0,0,0,250
09/07/2020,IND,IN,AGL,CE,Combined TRACON& Tower with Radar,142,15,11,0,168,0,0,5,0,5,142,15,16,0,173,0,0,0,173
09/08/2020,IND,IN,AGL,CE,Combined TRACON& Tower with Radar,164,29,29,3,225,0,129,4,0,133,164,158,33,3,358,0,0,0,358
09/09/2020,IND,IN,AGL,CE,Combined TRACON& Tower with Radar,295,46,21,2,364,0,172,7,0,179,295,218,28,2,543,0,0,0,543
09/10/2020,IND,IN,AGL,CE,Combined TRACON& Tower with Radar,323,71,27,4,425,0,2,2,0,4,323,73,29,4,429,0,0,0,429
09/11/2020,IND,IN,AGL,CE,Combined TRACON& Tower with Radar,256,53,30,1,340,0,19,4,0,23,256,72,34,1,363,0,0,0,363
09/12/2020,IND,IN,AGL,CE,Combined TRACON& Tower with Radar,159,48,14,1,222,0,27,2,0,29,159,75,16,1,251,0,0,0,251
09/13/2020,IND,IN,AGL,CE,Combined TRACON& Tower with Radar,169,36,15,2,222,0,109,7,0,116,169,145,22,2,338,0,0,0,338
09/14/2020,IND,IN,AGL,CE,Combined TRACON& Tower with Radar,173,40,23,7,243,0,198,9,0,207,173,238,32,7,450,0,0,0,450
09/15/2020,IND,IN,AGL,CE,Combined TRACON& Tower with Radar,287,43,18,5,353,0,185,7,1,193,287,228,25,6,546,0,0,0,546
09/16/2020,IND,IN,AGL,CE,Combined TRACON& Tower with Radar,303,55,35,2,395,0,154,9,0,163,303,209,44,2,558,0,0,0,558
09/17/2020,IND,IN,AGL,CE,Combined TRACON& Tower with Radar,309,41,26,4,380,0,132,10,0,142,309,173,36,4,522,0,0,0,522
09/18/2020,IND,IN,AGL,CE,Combined TRACON& Tower with Radar,260,50,20,4,334,0,140,3,1,144,260,190,23,5,478,0,0,0,478
09/19/2020,IND,IN,AGL,CE,Combined TRACON& Tower with Radar,159,13,16,0,188,0,119,4,2,125,159,132,20,2,313,0,0,0,313
09/20/2020,IND,IN,AGL,CE,Combined TRACON& Tower with Radar,164,22,21,0,207,0,90,14,0,104,164,112,35,0,311,0,0,0,311
09/21/2020,IND,IN,AGL,CE,Combined TRACON& Tower with Radar,169,30,31,2,232,0,135,8,0,143,169,165,39,2,375,0,0,0,375
09/22/2020,IND,IN,AGL,CE,Combined TRACON& Tower with Radar,296,29,21,2,348,0,156,9,1,166,296,185,30,3,514,0,0,0,514
09/23/2020,IND,IN,AGL,CE,Combined TRACON& Tower with Radar,305,50,49,8,412,0,128,5,0,133,305,178,54,8,545,0,0,0,545
09/24/2020,IND,IN,AGL,CE,Combined TRACON& Tower with Radar,324,51,36,6,417,0,137,6,1,144,324,188,42,7,561,0,0,0,561
09/25/2020,IND,IN,AGL,CE,Combined TRACON& Tower with Radar,247,37,13,6,303,0,146,11,0,157,247,183,24,6,460,0,0,0,460
09/26/2020,IND,IN,AGL,CE,Combined TRACON& Tower with Radar,163,35,26,5,229,0,11,1,0,12,163,46,27,5,241,0,0,0,241
09/27/2020,IND,IN,AGL,CE,Combined TRACON& Tower with Radar,172,34,20,0,226,0,55,5,0,60,172,89,25,0,286,0,0,0,286
09/28/2020,IND,IN,AGL,CE,Combined TRACON& Tower with Radar,167,24,28,1,220,0,7,1,2,10,167,31,29,3,230,0,0,0,230
09/29/2020,IND,IN,AGL,CE,Combined TRACON& Tower with Radar,285,33,37,3,358,0,185,7,0,192,285,218,44,3,550,0,0,0,550
09/30/2020,IND,IN,AGL,CE,Combined TRACON& Tower with Radar,304,47,39,5,395,0,53,2,6,61,304,100,41,11,456,0,0,0,456
10/01/2020,IND,IN,AGL,CE,Combined TRACON& Tower with Radar,323,43,31,2,399,0,157,7,1,165,323,200,38,3,564,0,0,0,564
10/02/2020,IND,IN,AGL,CE,Combined TRACON& Tower with Radar,249,52,34,2,337,0,172,8,0,180,249,224,42,2,517,0,0,0,517
10/03/2020,IND,IN,AGL,CE,Combined TRACON& Tower with Radar,165,36,30,2,233,0,98,4,0,102,165,134,34,2,335,0,0,0,335
10/04/2020,IND,IN,AGL,CE,Combined TRACON& Tower with Radar,173,35,22,0,230,0,37,3,2,42,173,72,25,2,272,0,0,0,272
10/05/2020,IND,IN,AGL,CE,Combined TRACON& Tower with Radar,175,26,34,0,235,0,161,6,0,167,175,187,40,0,402,0,0,0,402
10/06/2020,IND,IN,AGL,CE,Combined TRACON& Tower with Radar,288,33,43,2,366,0,140,7,1,148,288,173,50,3,514,0,0,0,514
10/07/2020,IND,IN,AGL,CE,Combined TRACON& Tower with Radar,304,38,29,2,373,0,161,4,0,165,304,199,33,2,538,0,0,0,538
10/08/2020,IND,IN,AGL,CE,Combined TRACON& Tower with Radar,338,63,33,4,438,0,194,14,0,208,338,257,47,4,646,0,0,0,646
10/09/2020,IND,IN,AGL,CE,Combined TRACON& Tower with Radar,283,36,37,1,357,0,148,7,0,155,283,184,44,1,512,0,0,0,512
10/10/2020,IND,IN,AGL,CE,Combined TRACON& Tower with Radar,215,39,14,2,270,0,62,5,0,67,215,101,19,2,337,0,0,0,337
10/11/2020,IND,IN,AGL,CE,Combined TRACON& Tower with Radar,206,36,15,0,257,0,41,2,0,43,206,77,17,0,300,0,0,0,300
10/12/2020,IND,IN,AGL,CE,Combined TRACON& Tower with Radar,207,39,39,0,285,0,6,4,0,10,207,45,43,0,295,0,0,0,295
10/13/2020,IND,IN,AGL,CE,Combined TRACON& Tower with Radar,306,34,20,0,360,0,178,10,0,188,306,212,30,0,548,0,0,0,548
10/14/2020,IND,IN,AGL,CE,Combined TRACON& Tower with Radar,314,38,35,3,390,0,144,5,2,151,314,182,40,5,541,0,0,0,541
10/15/2020,IND,IN,AGL,CE,Combined TRACON& Tower with Radar,341,39,24,1,405,0,83,9,0,92,341,122,33,1,497,0,0,0,497
10/16/2020,IND,IN,AGL,CE,Combined TRACON& Tower with Radar,283,41,22,0,346,0,165,8,0,173,283,206,30,0,519,0,0,0,519
10/17/2020,IND,IN,AGL,CE,Combined TRACON& Tower with Radar,220,24,20,2,266,0,104,5,0,109,220,128,25,2,375,0,0,0,375
10/18/2020,IND,IN,AGL,CE,Combined TRACON& Tower with Radar,210,37,18,4,269,0,63,0,0,63,210,100,18,4,332,0,0,0,332
10/19/2020,IND,IN,AGL,CE,Combined TRACON& Tower with Radar,198,35,21,6,260,0,0,0,0,0,198,35,21,6,260,0,0,0,260
10/20/2020,IND,IN,AGL,CE,Combined TRACON& Tower with Radar,314,59,56,2,431,0,0,0,0,0,314,59,56,2,431,0,0,0,431
10/21/2020,IND,IN,AGL,CE,Combined TRACON& Tower with Radar,315,93,34,5,447,0,5,5,0,10,315,98,39,5,457,0,0,0,457
10/22/2020,IND,IN,AGL,CE,Combined TRACON& Tower with Radar,338,44,48,4,434,0,202,6,1,209,338,246,54,5,643,0,0,0,643
10/23/2020,IND,IN,AGL,CE,Combined TRACON& Tower with Radar,276,40,22,7,345,0,28,2,3,33,276,68,24,10,378,0,0,0,378
10/24/2020,IND,IN,AGL,CE,Combined TRACON& Tower with Radar,204,33,17,0,254,0,133,6,0,139,204,166,23,0,393,0,0,0,393
10/25/2020,IND,IN,AGL,CE,Combined TRACON& Tower with Radar,180,34,24,1,239,0,71,9,0,80,180,105,33,1,319,0,0,0,319
10/26/2020,IND,IN,AGL,CE,Combined TRACON& Tower with Radar,179,40,28,4,251,0,1,0,0,1,179,41,28,4,252,0,0,0,252
10/27/2020,IND,IN,AGL,CE,Combined TRACON& Tower with Radar,297,39,20,0,356,0,0,0,0,0,297,39,20,0,356,0,0,0,356
10/28/2020,IND,IN,AGL,CE,Combined TRACON& Tower with Radar,291,102,39,2,434,0,30,1,0,31,291,132,40,2,465,0,0,0,465
10/29/2020,IND,IN,AGL,CE,Combined TRACON& Tower with Radar,314,72,46,0,432,0,17,2,0,19,314,89,48,0,451,0,0,0,451
10/30/2020,IND,IN,AGL,CE,Combined TRACON& Tower with Radar,252,38,20,2,312,0,200,9,3,212,252,238,29,5,524,0,0,0,524
10/31/2020,IND,IN,AGL,CE,Combined TRACON& Tower with Radar,142,19,23,1,185,0,126,4,1,131,142,145,27,2,316,0,0,0,316
11/01/2020,IND,IN,AGL,CE,Combined TRACON& Tower with Radar,159,17,19,0,195,0,0,0,0,0,159,17,19,0,195,0,0,0,195
11/02/2020,IND,IN,AGL,CE,Combined TRACON& Tower with Radar,174,26,30,2,232,0,180,4,3,187,174,206,34,5,419,0,0,0,419
11/03/2020,IND,IN,AGL,CE,Combined TRACON& Tower with Radar,290,30,30,4,354,0,145,15,1,161,290,175,45,5,515,0,0,0,515
11/04/2020,IND,IN,AGL,CE,Combined TRACON& Tower with Radar,283,45,39,0,367,0,177,17,5,199,283,222,56,5,566,0,0,0,566
11/05/2020,IND,IN,AGL,CE,Combined TRACON& Tower with Radar,326,53,20,0,399,0,155,14,0,169,326,208,34,0,568,0,0,0,568
11/06/2020,IND,IN,AGL,CE,Combined TRACON& Tower with Radar,253,23,25,0,301,0,135,14,0,149,253,158,39,0,450,0,0,0,450
11/07/2020,IND,IN,AGL,CE,Combined TRACON& Tower with Radar,169,28,19,2,218,0,111,4,2,117,169,139,23,4,335,0,0,0,335
11/08/2020,IND,IN,AGL,CE,Combined TRACON& Tower with Radar,177,49,16,0,242,0,84,12,0,96,177,133,28,0,338,0,0,0,338
11/09/2020,IND,IN,AGL,CE,Combined TRACON& Tower with Radar,194,38,28,2,262,0,108,7,0,115,194,146,35,2,377,0,0,0,377
11/10/2020,IND,IN,AGL,CE,Combined TRACON& Tower with Radar,291,55,32,2,380,0,59,2,0,61,291,114,34,2,441,0,0,0,441
11/11/2020,IND,IN,AGL,CE,Combined TRACON& Tower with Radar,291,48,37,0,376,0,116,9,3,128,291,164,46,3,504,0,0,0,504
11/12/2020,IND,IN,AGL,CE,Combined TRACON& Tower with Radar,328,47,20,0,395,0,177,5,0,182,328,224,25,0,577,0,0,0,577
11/13/2020,IND,IN,AGL,CE,Combined TRACON& Tower with Radar,272,36,28,0,336,0,86,8,0,94,272,122,36,0,430,0,0,0,430
11/14/2020,IND,IN,AGL,CE,Combined TRACON& Tower with Radar,176,5,10,1,192,0,44,1,0,45,176,49,11,1,237,0,0,0,237
11/15/2020,IND,IN,AGL,CE,Combined TRACON& Tower with Radar,186,10,5,3,204,0,0,0,0,0,186,10,5,3,204,0,0,0,204
11/16/2020,IND,IN,AGL,CE,Combined TRACON& Tower with Radar,187,28,21,0,236,0,139,3,0,142,187,167,24,0,378,0,0,0,378
11/17/2020,IND,IN,AGL,CE,Combined TRACON& Tower with Radar,285,29,24,6,344,0,138,14,0,152,285,167,38,6,496,0,0,0,496
11/18/2020,IND,IN,AGL,CE,Combined TRACON& Tower with Radar,296,40,16,6,358,0,189,8,0,197,296,229,24,6,555,0,0,0,555
11/19/2020,IND,IN,AGL,CE,Combined TRACON& Tower with Radar,352,31,22,6,411,0,8,3,1,12,352,39,25,7,423,0,0,0,423
11/20/2020,IND,IN,AGL,CE,Combined TRACON& Tower with Radar,284,49,19,2,354,0,117,9,0,126,284,166,28,2,480,0,0,0,480
11/21/2020,IND,IN,AGL,CE,Combined TRACON& Tower with Radar,213,26,21,0,260,0,101,1,0,102,213,127,22,0,362,0,0,0,362
11/22/2020,IND,IN,AGL,CE,Combined TRACON& Tower with Radar,200,22,20,0,242,0,0,0,0,0,200,22,20,0,242,0,0,0,242
11/23/2020,IND,IN,AGL,CE,Combined TRACON& Tower with Radar,178,33,27,2,240,0,145,3,1,149,178,178,30,3,389,0,0,0,389
11/24/2020,IND,IN,AGL,CE,Combined TRACON& Tower with Radar,363,39,21,4,427,0,69,2,0,71,363,108,23,4,498,0,0,0,498
11/25/2020,IND,IN,AGL,CE,Combined TRACON& Tower with Radar,373,32,19,2,426,0,0,0,0,0,373,32,19,2,426,0,0,0,426
11/26/2020,IND,IN,AGL,CE,Combined TRACON& Tower with Radar,135,10,7,0,152,0,0,1,2,3,135,10,8,2,155,0,0,0,155
11/27/2020,IND,IN,AGL,CE,Combined TRACON& Tower with Radar,204,21,14,0,239,0,1,4,0,5,204,22,18,0,244,0,0,0,244
11/28/2020,IND,IN,AGL,CE,Combined TRACON& Tower with Radar,236,16,15,0,267,0,109,4,0,113,236,125,19,0,380,0,0,0,380
11/29/2020,IND,IN,AGL,CE,Combined TRACON& Tower with Radar,217,31,32,0,280,0,91,0,0,91,217,122,32,0,371,0,0,0,371
11/30/2020,IND,IN,AGL,CE,Combined TRACON& Tower with Radar,204,23,20,5,252,0,0,0,0,0,204,23,20,5,252,0,0,0,252
12/01/2020,IND,IN,AGL,CE,Combined TRACON& Tower with Radar,360,36,21,0,417,0,119,14,0,133,360,155,35,0,550,0,0,0,550
12/02/2020,IND,IN,AGL,CE,Combined TRACON& Tower with Radar,334,38,34,2,408,0,179,10,0,189,334,217,44,2,597,0,0,0,597
12/03/2020,IND,IN,AGL,CE,Combined TRACON& Tower with Radar,347,39,24,2,412,0,163,13,0,176,347,202,37,2,588,0,0,0,588
12/04/2020,IND,IN,AGL,CE,Combined TRACON& Tower with Radar,330,28,27,0,385,0,127,5,0,132,330,155,32,0,517,0,0,0,517
12/05/2020,IND,IN,AGL,CE,Combined TRACON& Tower with Radar,238,23,21,0,282,0,82,4,0,86,238,105,25,0,368,0,0,0,368
12/06/2020,IND,IN,AGL,CE,Combined TRACON& Tower with Radar,212,12,6,0,230,0,5,1,0,6,212,17,7,0,236,0,0,0,236
12/07/2020,IND,IN,AGL,CE,Combined TRACON& Tower with Radar,158,25,17,3,203,0,34,8,0,42,158,59,25,3,245,0,0,0,245
12/08/2020,IND,IN,AGL,CE,Combined TRACON& Tower with Radar,311,40,21,1,373,0,42,1,0,43,311,82,22,1,416,0,0,0,416
12/09/2020,IND,IN,AGL,CE,Combined TRACON& Tower with Radar,312,39,30,3,384,0,179,9,1,189,312,218,39,4,573,0,0,0,573
12/10/2020,IND,IN,AGL,CE,Combined TRACON& Tower with Radar,349,48,24,2,423,0,172,20,4,196,349,220,44,6,619,0,0,0,619
12/11/2020,IND,IN,AGL,CE,Combined TRACON& Tower with Radar,327,34,22,1,384,0,138,11,0,149,327,172,33,1,533,0,0,0,533
12/12/2020,IND,IN,AGL,CE,Combined TRACON& Tower with Radar,234,11,6,0,251,0,0,0,0,0,234,11,6,0,251,0,0,0,251
12/13/2020,IND,IN,AGL,CE,Combined TRACON& Tower with Radar,211,21,12,0,244,0,0,0,2,2,211,21,12,2,246,0,0,0,246
12/14/2020,IND,IN,AGL,CE,Combined TRACON& Tower with Radar,162,31,21,7,221,0,39,6,0,45,162,70,27,7,266,0,0,0,266
12/15/2020,IND,IN,AGL,CE,Combined TRACON& Tower with Radar,312,40,36,2,390,0,182,9,0,191,312,222,45,2,581,0,0,0,581
12/16/2020,IND,IN,AGL,CE,Combined TRACON& Tower with Radar,327,28,26,2,383,0,0,0,0,0,327,28,26,2,383,0,0,0,383
12/17/2020,IND,IN,AGL,CE,Combined TRACON& Tower with Radar,373,21,13,0,407,0,0,0,0,0,373,21,13,0,407,0,0,0,407
12/18/2020,IND,IN,AGL,CE,Combined TRACON& Tower with Radar,371,43,29,4,447,0,153,30,1,184,371,196,59,5,631,0,0,0,631
12/19/2020,IND,IN,AGL,CE,Combined TRACON& Tower with Radar,309,32,16,5,362,0,30,2,0,32,309,62,18,5,394,0,0,0,394
12/20/2020,IND,IN,AGL,CE,Combined TRACON& Tower with Radar,259,17,16,0,292,0,48,5,0,53,259,65,21,0,345,0,0,0,345
12/21/2020,IND,IN,AGL,CE,Combined TRACON& Tower with Radar,187,32,18,2,239,0,2,1,0,3,187,34,19,2,242,0,0,0,242
12/22/2020,IND,IN,AGL,CE,Combined TRACON& Tower with Radar,390,42,16,0,448,0,134,8,0,142,390,176,24,0,590,0,0,0,590
12/23/2020,IND,IN,AGL,CE,Combined TRACON& Tower with Radar,383,28,27,0,438,0,18,7,0,25,383,46,34,0,463,0,0,0,463
12/24/2020,IND,IN,AGL,CE,Combined TRACON& Tower with Radar,324,22,10,0,356,0,0,0,0,0,324,22,10,0,356,0,0,0,356
12/25/2020,IND,IN,AGL,CE,Combined TRACON& Tower with Radar,98,15,5,0,118,0,0,1,0,1,98,15,6,0,119,0,0,0,119
12/26/2020,IND,IN,AGL,CE,Combined TRACON& Tower with Radar,194,26,21,0,241,0,53,7,0,60,194,79,28,0,301,0,0,0,301
12/27/2020,IND,IN,AGL,CE,Combined TRACON& Tower with Radar,194,29,10,0,233,0,35,6,0,41,194,64,16,0,274,0,0,0,274
12/28/2020,IND,IN,AGL,CE,Combined TRACON& Tower with Radar,188,22,14,0,224,0,1,1,0,2,188,23,15,0,226,0,0,0,226
12/29/2020,IND,IN,AGL,CE,Combined TRACON& Tower with Radar,393,51,12,0,456,0,110,14,0,124,393,161,26,0,580,0,0,0,580
12/30/2020,IND,IN,AGL,CE,Combined TRACON& Tower with Radar,380,28,16,0,424,0,2,0,0,2,380,30,16,0,426,0,0,0,426
12/31/2020,IND,IN,AGL,CE,Combined TRACON& Tower with Radar,303,36,7,0,346,0,9,0,0,9,303,45,7,0,355,0,0,0,355
01/01/2021,IND,IN,AGL,CE,Combined TRACON& Tower with Radar,130,9,7,0,146,0,0,0,0,0,130,9,7,0,146,0,0,0,146
01/02/2021,IND,IN,AGL,CE,Combined TRACON& Tower with Radar,222,19,10,0,251,0,0,0,0,0,222,19,10,0,251,0,0,0,251
01/03/2021,IND,IN,AGL,CE,Combined TRACON& Tower with Radar,196,22,24,0,242,0,0,0,0,0,196,22,24,0,242,0,0,0,242
01/04/2021,IND,IN,AGL,CE,Combined TRACON& Tower with Radar,194,34,38,0,266,0,102,3,0,105,194,136,41,0,371,0,0,0,371
01/05/2021,IND,IN,AGL,CE,Combined TRACON& Tower with Radar,315,29,25,0,369,0,0,0,1,1,315,29,25,1,370,0,0,0,370
01/06/2021,IND,IN,AGL,CE,Combined TRACON& Tower with Radar,300,47,27,0,374,0,37,6,0,43,300,84,33,0,417,0,0,0,417
01/07/2021,IND,IN,AGL,CE,Combined TRACON& Tower with Radar,303,36,22,3,364,0,178,6,0,184,303,214,28,3,548,0,0,0,548
01/08/2021,IND,IN,AGL,CE,Combined TRACON& Tower with Radar,251,20,19,0,290,0,8,0,0,8,251,28,19,0,298,0,0,0,298
01/09/2021,IND,IN,AGL,CE,Combined TRACON& Tower with Radar,155,32,16,0,203,0,6,14,0,20,155,38,30,0,223,0,0,0,223
01/10/2021,IND,IN,AGL,CE,Combined TRACON& Tower with Radar,154,24,22,0,200,0,2,4,0,6,154,26,26,0,206,0,0,0,206
01/11/2021,IND,IN,AGL,CE,Combined TRACON& Tower with Radar,162,27,14,0,203,0,0,0,0,0,162,27,14,0,203,0,0,0,203
01/12/2021,IND,IN,AGL,CE,Combined TRACON& Tower with Radar,273,34,23,0,330,0,168,7,0,175,273,202,30,0,505,0,0,0,505
01/13/2021,IND,IN,AGL,CE,Combined TRACON& Tower with Radar,270,45,41,2,358,0,191,22,0,213,270,236,63,2,571,0,0,0,571
01/14/2021,IND,IN,AGL,CE,Combined TRACON& Tower with Radar,300,45,30,2,377,0,150,11,0,161,300,195,41,2,538,0,0,0,538
01/15/2021,IND,IN,AGL,CE,Combined TRACON& Tower with Radar,247,47,32,2,328,0,45,3,0,48,247,92,35,2,376,0,0,0,376
01/16/2021,IND,IN,AGL,CE,Combined TRACON& Tower with Radar,144,22,7,0,173,0,0,0,0,0,144,22,7,0,173,0,0,0,173
01/17/2021,IND,IN,AGL,CE,Combined TRACON& Tower with Radar,144,9,6,0,159,0,0,0,0,0,144,9,6,0,159,0,0,0,159
01/18/2021,IND,IN,AGL,CE,Combined TRACON& Tower with Radar,160,24,15,0,199,0,3,2,0,5,160,27,17,0,204,0,0,0,204
01/19/2021,IND,IN,AGL,CE,Combined TRACON& Tower with Radar,259,38,32,2,331,0,195,3,0,198,259,233,35,2,529,0,0,0,529
01/20/2021,IND,IN,AGL,CE,Combined TRACON& Tower with Radar,274,47,22,2,345,0,171,12,0,183,274,218,34,2,528,0,0,0,528
01/21/2021,IND,IN,AGL,CE,Combined TRACON& Tower with Radar,308,50,34,2,394,0,183,20,0,203,308,233,54,2,597,0,0,0,597
01/22/2021,IND,IN,AGL,CE,Combined TRACON& Tower with Radar,240,39,23,2,304,0,147,16,0,163,240,186,39,2,467,0,0,0,467
01/23/2021,IND,IN,AGL,CE,Combined TRACON& Tower with Radar,149,38,22,0,209,0,108,11,0,119,149,146,33,0,328,0,0,0,328
01/24/2021,IND,IN,AGL,CE,Combined TRACON& Tower with Radar,162,34,13,2,211,0,0,0,0,0,162,34,13,2,211,0,0,0,211
01/25/2021,IND,IN,AGL,CE,Combined TRACON& Tower with Radar,158,35,31,0,224,0,0,0,0,0,158,35,31,0,224,0,0,0,224
01/26/2021,IND,IN,AGL,CE,Combined TRACON& Tower with Radar,273,35,22,0,330,0,0,2,0,2,273,35,24,0,332,0,0,0,332
01/27/2021,IND,IN,AGL,CE,Combined TRACON& Tower with Radar,268,49,19,0,336,0,2,2,0,4,268,51,21,0,340,0,0,0,340
01/28/2021,IND,IN,AGL,CE,Combined TRACON& Tower with Radar,303,40,29,0,372,0,185,6,0,191,303,225,35,0,563,0,0,0,563
01/29/2021,IND,IN,AGL,CE,Combined TRACON& Tower with Radar,258,51,29,0,338,0,188,13,0,201,258,239,42,0,539,0,0,0,539
01/30/2021,IND,IN,AGL,CE,Combined TRACON& Tower with Radar,144,24,8,0,176,0,46,2,0,48,144,70,10,0,224,0,0,0,224
01/31/2021,IND,IN,AGL,CE,Combined TRACON& Tower with Radar,146,16,14,0,176,0,0,0,0,0,146,16,14,0,176,0,0,0,176
02/01/2021,IND,IN,AGL,CE,Combined TRACON& Tower with Radar,162,32,13,2,209,0,5,2,0,7,162,37,15,2,216,0,0,0,216
02/02/2021,IND,IN,AGL,CE,Combined TRACON& Tower with Radar,280,35,26,2,343,0,108,11,1,120,280,143,37,3,463,0,0,0,463
02/03/2021,IND,IN,AGL,CE,Combined TRACON& Tower with Radar,284,65,32,0,381,0,169,12,0,181,284,234,44,0,562,0,0,0,562
02/04/2021,IND,IN,AGL,CE,Combined TRACON& Tower with Radar,295,43,25,0,363,0,64,4,0,68,295,107,29,0,431,0,0,0,431
02/05/2021,IND,IN,AGL,CE,Combined TRACON& Tower with Radar,262,34,22,3,321,0,13,0,0,13,262,47,22,3,334,0,0,0,334
02/06/2021,IND,IN,AGL,CE,Combined TRACON& Tower with Radar,149,28,17,0,194,0,116,8,0,124,149,144,25,0,318,0,0,0,318
02/07/2021,IND,IN,AGL,CE,Combined TRACON& Tower with Radar,150,35,7,0,192,0,92,5,0,97,150,127,12,0,289,0,0,0,289
02/08/2021,IND,IN,AGL,CE,Combined TRACON& Tower with Radar,157,33,34,2,226,0,64,2,0,66,157,97,36,2,292,0,0,0,292
02/09/2021,IND,IN,AGL,CE,Combined TRACON& Tower with Radar,282,28,18,2,330,0,7,0,0,7,282,35,18,2,337,0,0,0,337
02/10/2021,IND,IN,AGL,CE,Combined TRACON& Tower with Radar,287,44,29,3,363,0,27,3,0,30,287,71,32,3,393,0,0,0,393
02/11/2021,IND,IN,AGL,CE,Combined TRACON& Tower with Radar,328,61,40,4,433,0,162,8,0,170,328,223,48,4,603,0,0,0,603
02/12/2021,IND,IN,AGL,CE,Combined TRACON& Tower with Radar,272,53,29,0,354,0,109,16,0,125,272,162,45,0,479,0,0,0,479
02/13/2021,IND,IN,AGL,CE,Combined TRACON& Tower with Radar,232,18,3,0,253,0,0,1,1,2,232,18,4,1,255,0,0,0,255
02/14/2021,IND,IN,AGL,CE,Combined TRACON& Tower with Radar,159,23,12,3,197,0,2,1,0,3,159,25,13,3,200,0,0,0,200
02/15/2021,IND,IN,AGL,CE,Combined TRACON& Tower with Radar,127,12,15,0,154,0,0,0,0,0,127,12,15,0,154,0,0,0,154
02/16/2021,IND,IN,AGL,CE,Combined TRACON& Tower with Radar,229,37,15,3,284,0,16,3,0,19,229,53,18,3,303,0,0,0,303
02/17/2021,IND,IN,AGL,CE,Combined TRACON& Tower with Radar,248,50,24,4,326,0,164,4,0,168,248,214,28,4,494,0,0,0,494
02/18/2021,IND,IN,AGL,CE,Combined TRACON& Tower with Radar,270,26,22,0,318,0,6,1,0,7,270,32,23,0,325,0,0,0,325
02/19/2021,IND,IN,AGL,CE,Combined TRACON& Tower with Radar,265,49,29,6,349,0,175,13,0,188,265,224,42,6,537,0,0,0,537
02/20/2021,IND,IN,AGL,CE,Combined TRACON& Tower with Radar,255,28,14,5,302,0,115,17,0,132,255,143,31,5,434,0,0,0,434
02/21/2021,IND,IN,AGL,CE,Combined TRACON& Tower with Radar,169,25,11,0,205,0,88,3,0,91,169,113,14,0,296,0,0,0,296
02/22/2021,IND,IN,AGL,CE,Combined TRACON& Tower with Radar,179,47,22,3,251,0,27,0,0,27,179,74,22,3,278,0,0,0,278
02/23/2021,IND,IN,AGL,CE,Combined TRACON& Tower with Radar,290,54,19,10,373,0,186,13,0,199,290,240,32,10,572,0,0,0,572
02/24/2021,IND,IN,AGL,CE,Combined TRACON& Tower with Radar,302,52,26,2,382,0,102,7,0,109,302,154,33,2,491,0,0,0,491
02/25/2021,IND,IN,AGL,CE,Combined TRACON& Tower with Radar,319,81,21,2,423,0,178,6,0,184,319,259,27,2,607,0,0,0,607
02/26/2021,IND,IN,AGL,CE,Combined TRACON& Tower with Radar,310,53,18,0,381,0,127,12,1,140,310,180,30,1,521,0,0,0,521
02/27/2021,IND,IN,AGL,CE,Combined TRACON& Tower with Radar,277,24,12,0,313,0,39,1,0,40,277,63,13,0,353,0,0,0,353
02/28/2021,IND,IN,AGL,CE,Combined TRACON& Tower with Radar,183,37,15,0,235,0,2,0,0,2,183,39,15,0,237,0,0,0,237
03/01/2021,IND,IN,AGL,CE,Combined TRACON& Tower with Radar,194,63,24,1,282,0,101,14,0,115,194,164,38,1,397,0,0,0,397
03/02/2021,IND,IN,AGL,CE,Combined TRACON& Tower with Radar,299,50,29,1,379,0,167,16,0,183,299,217,45,1,562,0,0,0,562
03/03/2021,IND,IN,AGL,CE,Combined TRACON& Tower with Radar,310,54,33,0,397,0,165,15,0,180,310,219,48,0,577,0,0,0,577
03/04/2021,IND,IN,AGL,CE,Combined TRACON& Tower with Radar,336,38,26,2,402,0,175,8,0,183,336,213,34,2,585,0,0,0,585
03/05/2021,IND,IN,AGL,CE,Combined TRACON& Tower with Radar,294,34,23,0,351,0,151,10,0,161,294,185,33,0,512,0,0,0,512
03/06/2021,IND,IN,AGL,CE,Combined TRACON& Tower with Radar,280,23,9,0,312,0,89,15,0,104,280,112,24,0,416,0,0,0,416
03/07/2021,IND,IN,AGL,CE,Combined TRACON& Tower with Radar,184,18,14,0,216,0,78,5,0,83,184,96,19,0,299,0,0,0,299
03/08/2021,IND,IN,AGL,CE,Combined TRACON& Tower with Radar,214,41,24,0,279,0,131,10,0,141,214,172,34,0,420,0,0,0,420
03/09/2021,IND,IN,AGL,CE,Combined TRACON& Tower with Radar,307,38,28,0,373,0,162,14,0,176,307,200,42,0,549,0,0,0,549
03/10/2021,IND,IN,AGL,CE,Combined TRACON& Tower with Radar,328,44,41,0,413,0,16,0,0,16,328,60,41,0,429,0,0,0,429
03/11/2021,IND,IN,AGL,CE,Combined TRACON& Tower with Radar,354,55,31,0,440,0,4,0,0,4,354,59,31,0,444,0,0,0,444
03/12/2021,IND,IN,AGL,CE,Combined TRACON& Tower with Radar,309,64,52,0,425,0,143,11,0,154,309,207,63,0,579,0,0,0,579
03/13/2021,IND,IN,AGL,CE,Combined TRACON& Tower with Radar,252,23,18,0,293,0,94,13,0,107,252,117,31,0,400,0,0,0,400
03/14/2021,IND,IN,AGL,CE,Combined TRACON& Tower with Radar,224,39,18,3,284,0,86,9,1,96,224,125,27,4,380,0,0,0,380
03/15/2021,IND,IN,AGL,CE,Combined TRACON& Tower with Radar,258,28,30,2,318,0,3,2,0,5,258,31,32,2,323,0,0,0,323
03/16/2021,IND,IN,AGL,CE,Combined TRACON& Tower with Radar,367,65,28,2,462,0,0,1,0,1,367,65,29,2,463,0,0,0,463
03/17/2021,IND,IN,AGL,CE,Combined TRACON& Tower with Radar,355,63,14,0,432,0,50,8,0,58,355,113,22,0,490,0,0,0,490
03/18/2021,IND,IN,AGL,CE,Combined TRACON& Tower with Radar,361,67,27,0,455,0,0,0,0,0,361,67,27,0,455,0,0,0,455
03/19/2021,IND,IN,AGL,CE,Combined TRACON& Tower with Radar,337,77,71,5,490,0,153,8,0,161,337,230,79,5,651,0,0,0,651
03/20/2021,IND,IN,AGL,CE,Combined TRACON& Tower with Radar,278,46,44,0,368,0,142,16,0,158,278,188,60,0,526,0,0,0,526
03/21/2021,IND,IN,AGL,CE,Combined TRACON& Tower with Radar,227,46,62,0,335,0,116,21,0,137,227,162,83,0,472,0,0,0,472
03/22/2021,IND,IN,AGL,CE,Combined TRACON& Tower with Radar,246,64,67,4,381,0,146,11,0,157,246,210,78,4,538,0,0,0,538
03/23/2021,IND,IN,AGL,CE,Combined TRACON& Tower with Radar,351,58,34,0,443,0,125,3,1,129,351,183,37,1,572,0,0,0,572
03/24/2021,IND,IN,AGL,CE,Combined TRACON& Tower with Radar,357,68,19,8,452,0,35,4,0,39,357,103,23,8,491,0,0,0,491
03/25/2021,IND,IN,AGL,CE,Combined TRACON& Tower with Radar,357,57,24,0,438,0,79,5,0,84,357,136,29,0,522,0,0,0,522
03/26/2021,IND,IN,AGL,CE,Combined TRACON& Tower with Radar,321,80,36,3,440,0,10,2,0,12,321,90,38,3,452,0,0,0,452
03/27/2021,IND,IN,AGL,CE,Combined TRACON& Tower with Radar,252,70,72,0,394,0,88,16,0,104,252,158,88,0,498,0,0,0,498
03/28/2021,IND,IN,AGL,CE,Combined TRACON& Tower with Radar,225,63,67,2,357,0,34,2,0,36,225,97,69,2,393,0,0,0,393
03/29/2021,IND,IN,AGL,CE,Combined TRACON& Tower with Radar,221,47,65,0,333,0,181,13,0,194,221,228,78,0,527,0,0,0,527
03/30/2021,IND,IN,AGL,CE,Combined TRACON& Tower with Radar,374,52,71,4,501,0,83,1,0,84,374,135,72,4,585,0,0,0,585
03/31/2021,IND,IN,AGL,CE,Combined TRACON& Tower with Radar,380,71,27,2,480,0,103,4,0,107,380,174,31,2,587,0,0,0,587
04/01/2021,IND,IN,AGL,CE,Combined TRACON& Tower with Radar,400,58,37,0,495,0,94,7,0,101,400,152,44,0,596,0,0,0,596
04/02/2021,IND,IN,AGL,CE,Combined TRACON& Tower with Radar,365,73,16,4,458,0,181,20,0,201,365,254,36,4,659,0,0,0,659
04/03/2021,IND,IN,AGL,CE,Combined TRACON& Tower with Radar,255,61,71,0,387,0,101,13,2,116,255,162,84,2,503,0,0,0,503
04/04/2021,IND,IN,AGL,CE,Combined TRACON& Tower with Radar,207,37,29,4,277,0,87,7,0,94,207,124,36,4,371,0,0,0,371
04/05/2021,IND,IN,AGL,CE,Combined TRACON& Tower with Radar,230,69,62,2,363,0,150,16,0,166,230,219,78,2,529,0,0,0,529
04/06/2021,IND,IN,AGL,CE,Combined TRACON& Tower with Radar,366,108,81,3,558,0,162,17,1,180,366,270,98,4,738,0,0,0,738
04/07/2021,IND,IN,AGL,CE,Combined TRACON& Tower with Radar,370,48,34,4,456,0,122,6,0,128,370,170,40,4,584,0,0,0,584
04/08/2021,IND,IN,AGL,CE,Combined TRACON& Tower with Radar,410,81,30,0,521,0,25,1,0,26,410,106,31,0,547,0,0,0,547
04/09/2021,IND,IN,AGL,CE,Combined TRACON& Tower with Radar,357,42,35,2,436,0,163,9,1,173,357,205,44,3,609,0,0,0,609
04/10/2021,IND,IN,AGL,CE,Combined TRACON& Tower with Radar,238,33,21,0,292,0,37,2,2,41,238,70,23,2,333,0,0,0,333
04/11/2021,IND,IN,AGL,CE,Combined TRACON& Tower with Radar,200,31,13,0,244,0,0,0,0,0,200,31,13,0,244,0,0,0,244
04/12/2021,IND,IN,AGL,CE,Combined TRACON& Tower with Radar,232,108,36,7,383,0,94,11,0,105,232,202,47,7,488,0,0,0,488
04/13/2021,IND,IN,AGL,CE,Combined TRACON& Tower with Radar,356,48,27,0,431,0,192,7,0,199,356,240,34,0,630,0,0,0,630
04/14/2021,IND,IN,AGL,CE,Combined TRACON& Tower with Radar,359,69,42,3,473,0,168,14,1,183,359,237,56,4,656,0,0,0,656
04/15/2021,IND,IN,AGL,CE,Combined TRACON& Tower with Radar,377,57,31,0,465,0,188,5,2,195,377,245,36,2,660,0,0,0,660
04/16/2021,IND,IN,AGL,CE,Combined TRACON& Tower with Radar,349,56,21,0,426,0,162,10,0,172,349,218,31,0,598,0,0,0,598
04/17/2021,IND,IN,AGL,CE,Combined TRACON& Tower with Radar,219,15,11,0,245,0,96,7,0,103,219,111,18,0,348,0,0,0,348
04/18/2021,IND,IN,AGL,CE,Combined TRACON& Tower with Radar,209,42,23,0,274,0,102,5,0,107,209,144,28,0,381,0,0,0,381
04/19/2021,IND,IN,AGL,CE,Combined TRACON& Tower with Radar,210,47,22,0,279,0,124,7,0,131,210,171,29,0,410,0,0,0,410
04/20/2021,IND,IN,AGL,CE,Combined TRACON& Tower with Radar,352,60,23,0,435,0,3,0,0,3,352,63,23,0,438,0,0,0,438
04/21/2021,IND,IN,AGL,CE,Combined TRACON& Tower with Radar,370,62,35,0,467,0,43,1,0,44,370,105,36,0,511,0,0,0,511
04/22/2021,IND,IN,AGL,CE,Combined TRACON& Tower with Radar,388,62,47,0,497,0,176,10,0,186,388,238,57,0,683,0,0,0,683
04/23/2021,IND,IN,AGL,CE,Combined TRACON& Tower with Radar,344,52,37,1,434,0,172,20,0,192,344,224,57,1,626,0,0,0,626
04/24/2021,IND,IN,AGL,CE,Combined TRACON& Tower with Radar,214,33,5,1,253,0,49,8,2,59,214,82,13,3,312,0,0,0,312
04/25/2021,IND,IN,AGL,CE,Combined TRACON& Tower with Radar,205,29,32,0,266,0,101,17,0,118,205,130,49,0,384,0,0,0,384
04/26/2021,IND,IN,AGL,CE,Combined TRACON& Tower with Radar,232,34,29,4,299,0,175,5,1,181,232,209,34,5,480,0,0,0,480
04/27/2021,IND,IN,AGL,CE,Combined TRACON& Tower with Radar,355,50,29,4,438,0,138,5,0,143,355,188,34,4,581,0,0,0,581
04/28/2021,IND,IN,AGL,CE,Combined TRACON& Tower with Radar,360,69,26,2,457,0,74,0,0,74,360,143,26,2,531,0,0,0,531
04/29/2021,IND,IN,AGL,CE,Combined TRACON& Tower with Radar,389,87,31,0,507,0,12,0,0,12,389,99,31,0,519,0,0,0,519
04/30/2021,IND,IN,AGL,CE,Combined TRACON& Tower with Radar,347,51,40,2,440,0,121,10,2,133,347,172,50,4,573,0,0,0,573
05/01/2021,IND,IN,AGL,CE,Combined TRACON& Tower with Radar,210,25,20,4,259,0,102,9,0,111,210,127,29,4,370,0,0,0,370
05/02/2021,IND,IN,AGL,CE,Combined TRACON& Tower with Radar,200,37,25,2,264,0,104,7,0,111,200,141,32,2,375,0,0,0,375
05/03/2021,IND,IN,AGL,CE,Combined TRACON& Tower with Radar,202,76,39,0,317,0,12,2,0,14,202,88,41,0,331,0,0,0,331
05/04/2021,IND,IN,AGL,CE,Combined TRACON& Tower with Radar,360,82,36,0,478,0,2,0,0,2,360,84,36,0,480,0,0,0,480
05/05/2021,IND,IN,AGL,CE,Combined TRACON& Tower with Radar,378,49,45,0,472,0,176,14,0,190,378,225,59,0,662,0,0,0,662
05/06/2021,IND,IN,AGL,CE,Combined TRACON& Tower with Radar,415,62,34,2,513,0,149,8,0,157,415,211,42,2,670,0,0,0,670
05/07/2021,IND,IN,AGL,CE,Combined TRACON& Tower with Radar,375,60,33,0,468,0,148,10,0,158,375,208,43,0,626,0,0,0,626
05/08/2021,IND,IN,AGL,CE,Combined TRACON& Tower with Radar,293,28,17,0,338,0,117,14,0,131,293,145,31,0,469,0,0,0,469
05/09/2021,IND,IN,AGL,CE,Combined TRACON& Tower with Radar,226,19,12,0,257,0,1,0,0,1,226,20,12,0,258,0,0,0,258
05/10/2021,IND,IN,AGL,CE,Combined TRACON& Tower with Radar,231,26,20,7,284,0,177,11,1,189,231,203,31,8,473,0,0,0,473
05/11/2021,IND,IN,AGL,CE,Combined TRACON& Tower with Radar,390,40,40,3,473,0,168,8,0,176,390,208,48,3,649,0,0,0,649
05/12/2021,IND,IN,AGL,CE,Combined TRACON& Tower with Radar,397,50,55,6,508,0,161,12,2,175,397,211,67,8,683,0,0,0,683
05/13/2021,IND,IN,AGL,CE,Combined TRACON& Tower with Radar,421,48,39,5,513,0,157,16,1,174,421,205,55,6,687,0,0,0,687
05/14/2021,IND,IN,AGL,CE,Combined TRACON& Tower with Radar,374,47,32,0,453,0,129,23,1,153,374,176,55,1,606,0,0,0,606
05/15/2021,IND,IN,AGL,CE,Combined TRACON& Tower with Radar,236,36,26,0,298,0,82,18,0,100,236,118,44,0,398,0,0,0,398
05/16/2021,IND,IN,AGL,CE,Combined TRACON& Tower with Radar,237,23,19,0,279,0,76,2,0,78,237,99,21,0,357,0,0,0,357
05/17/2021,IND,IN,AGL,CE,Combined TRACON& Tower with Radar,244,53,30,0,327,0,42,3,0,45,244,95,33,0,372,0,0,0,372
05/18/2021,IND,IN,AGL,CE,Combined TRACON& Tower with Radar,406,45,38,0,489,0,140,17,0,157,406,185,55,0,646,0,0,0,646
05/19/2021,IND,IN,AGL,CE,Combined TRACON& Tower with Radar,408,40,49,0,497,0,157,15,0,172,408,197,64,0,669,0,0,0,669
05/20/2021,IND,IN,AGL,CE,Combined TRACON& Tower with Radar,423,58,51,4,536,0,153,18,2,173,423,211,69,6,709,0,0,0,709
05/21/2021,IND,IN,AGL,CE,Combined TRACON& Tower with Radar,381,41,29,2,453,0,131,7,0,138,381,172,36,2,591,0,0,0,591
05/22/2021,IND,IN,AGL,CE,Combined TRACON& Tower with Radar,235,24,38,1,298,0,93,4,0,97,235,117,42,1,395,0,0,0,395
05/23/2021,IND,IN,AGL,CE,Combined TRACON& Tower with Radar,236,27,26,0,289,0,110,8,0,118,236,137,34,0,407,0,0,0,407
05/24/2021,IND,IN,AGL,CE,Combined TRACON& Tower with Radar,232,44,36,4,316,0,131,6,0,137,232,175,42,4,453,0,0,0,453
05/25/2021,IND,IN,AGL,CE,Combined TRACON& Tower with Radar,395,52,40,0,487,0,148,10,2,160,395,200,50,2,647,0,0,0,647
05/26/2021,IND,IN,AGL,CE,Combined TRACON& Tower with Radar,404,95,39,2,540,0,58,4,3,65,404,153,43,5,605,0,0,0,605
05/27/2021,IND,IN,AGL,CE,Combined TRACON& Tower with Radar,429,52,45,7,533,0,164,18,2,184,429,216,63,9,717,0,0,0,717
05/28/2021,IND,IN,AGL,CE,Combined TRACON& Tower with Radar,387,78,59,3,527,0,0,0,0,0,387,78,59,3,527,0,0,0,527
05/29/2021,IND,IN,AGL,CE,Combined TRACON& Tower with Radar,248,52,44,2,346,0,74,8,0,82,248,126,52,2,428,0,0,0,428
05/30/2021,IND,IN,AGL,CE,Combined TRACON& Tower with Radar,225,75,85,2,387,0,64,53,2,119,225,139,138,4,506,0,0,0,506
05/31/2021,IND,IN,AGL,CE,Combined TRACON& Tower with Radar,237,30,40,1,308,0,4,11,0,15,237,34,51,1,323,0,0,0,323
06/01/2021,IND,IN,AGL,CE,Combined TRACON& Tower with Radar,235,29,36,0,300,0,145,11,2,158,235,174,47,2,458,0,0,0,458
06/02/2021,IND,IN,AGL,CE,Combined TRACON& Tower with Radar,430,79,30,0,539,0,1,0,0,1,430,80,30,0,540,0,0,0,540
06/03/2021,IND,IN,AGL,CE,Combined TRACON& Tower with Radar,430,72,37,0,539,0,123,26,0,149,430,195,63,0,688,0,0,0,688
06/04/2021,IND,IN,AGL,CE,Combined TRACON& Tower with Radar,397,37,42,0,476,0,158,20,2,180,397,195,62,2,656,0,0,0,656
06/05/2021,IND,IN,AGL,CE,Combined TRACON& Tower with Radar,258,22,12,2,294,0,87,8,0,95,258,109,20,2,389,0,0,0,389
06/06/2021,IND,IN,AGL,CE,Combined TRACON& Tower with Radar,249,28,18,1,296,0,26,3,0,29,249,54,21,1,325,0,0,0,325
06/07/2021,IND,IN,AGL,CE,Combined TRACON& Tower with Radar,256,29,19,1,305,0,0,4,0,4,256,29,23,1,309,0,0,0,309
06/08/2021,IND,IN,AGL,CE,Combined TRACON& Tower with Radar,436,35,39,0,510,0,0,2,0,2,436,35,41,0,512,0,0,0,512
06/09/2021,IND,IN,AGL,CE,Combined TRACON& Tower with Radar,437,39,43,2,521,0,1,2,0,3,437,40,45,2,524,0,0,0,524
06/10/2021,IND,IN,AGL,CE,Combined TRACON& Tower with Radar,442,48,41,0,531,0,3,5,0,8,442,51,46,0,539,0,0,0,539
06/11/2021,IND,IN,AGL,CE,Combined TRACON& Tower with Radar,406,51,24,2,483,0,2,11,0,13,406,53,35,2,496,0,0,0,496
06/12/2021,IND,IN,AGL,CE,Combined TRACON& Tower with Radar,291,35,20,0,346,0,6,13,0,19,291,41,33,0,365,0,0,0,365
06/13/2021,IND,IN,AGL,CE,Combined TRACON& Tower with Radar,263,23,24,0,310,0,37,14,0,51,263,60,38,0,361,0,0,0,361
06/14/2021,IND,IN,AGL,CE,Combined TRACON& Tower with Radar,260,30,39,1,330,0,104,7,0,111,260,134,46,1,441,0,0,0,441
06/15/2021,IND,IN,AGL,CE,Combined TRACON& Tower with Radar,437,57,39,0,533,0,162,13,0,175,437,219,52,0,708,0,0,0,708
06/16/2021,IND,IN,AGL,CE,Combined TRACON& Tower with Radar,445,57,42,0,544,0,160,13,0,173,445,217,55,0,717,0,0,0,717
06/17/2021,IND,IN,AGL,CE,Combined TRACON& Tower with Radar,439,56,37,0,532,0,149,16,0,165,439,205,53,0,697,0,0,0,697
06/18/2021,IND,IN,AGL,CE,Combined TRACON& Tower with Radar,401,41,33,3,478,0,92,3,1,96,401,133,36,4,574,0,0,0,574
06/19/2021,IND,IN,AGL,CE,Combined TRACON& Tower with Radar,273,37,10,0,320,0,38,4,0,42,273,75,14,0,362,0,0,0,362
06/20/2021,IND,IN,AGL,CE,Combined TRACON& Tower with Radar,256,44,19,1,320,0,51,6,0,57,256,95,25,1,377,0,0,0,377
06/21/2021,IND,IN,AGL,CE,Combined TRACON& Tower with Radar,270,62,42,4,378,0,59,4,0,63,270,121,46,4,441,0,0,0,441
06/22/2021,IND,IN,AGL,CE,Combined TRACON& Tower with Radar,440,56,39,2,537,0,174,17,0,191,440,230,56,2,728,0,0,0,728
06/23/2021,IND,IN,AGL,CE,Combined TRACON& Tower with Radar,441,53,51,8,553,0,149,12,3,164,441,202,63,11,717,0,0,0,717
06/24/2021,IND,IN,AGL,CE,Combined TRACON& Tower with Radar,434,53,54,6,547,0,119,7,2,128,434,172,61,8,675,0,0,0,675
06/25/2021,IND,IN,AGL,CE,Combined TRACON& Tower with Radar,403,46,37,3,489,0,6,0,0,6,403,52,37,3,495,0,0,0,495
06/26/2021,IND,IN,AGL,CE,Combined TRACON& Tower with Radar,271,34,14,0,319,0,38,1,0,39,271,72,15,0,358,0,0,0,358
06/27/2021,IND,IN,AGL,CE,Combined TRACON& Tower with Radar,264,30,18,2,314,0,41,5,0,46,264,71,23,2,360,0,0,0,360
06/28/2021,IND,IN,AGL,CE,Combined TRACON& Tower with Radar,268,35,41,0,344,0,138,3,0,141,268,173,44,0,485,0,0,0,485
06/29/2021,IND,IN,AGL,CE,Combined TRACON& Tower with Radar,449,54,39,0,542,0,146,4,0,150,449,200,43,0,692,0,0,0,692
06/30/2021,IND,IN,AGL,CE,Combined TRACON& Tower with Radar,446,61,39,0,546,0,5,1,0,6,446,66,40,0,552,0,0,0,552
07/01/2021,IND,IN,AGL,CE,Combined TRACON& Tower with Radar,449,65,31,2,547,0,50,7,0,57,449,115,38,2,604,0,0,0,604
07/02/2021,IND,IN,AGL,CE,Combined TRACON& Tower with Radar,408,54,22,0,484,0,123,11,0,134,408,177,33,0,618,0,0,0,618
07/03/2021,IND,IN,AGL,CE,Combined TRACON& Tower with Radar,289,30,7,0,326,0,66,5,0,71,289,96,12,0,397,0,0,0,397
07/04/2021,IND,IN,AGL,CE,Combined TRACON& Tower with Radar,224,20,6,0,250,0,35,13,1,49,224,55,19,1,299,0,0,0,299
07/05/2021,IND,IN,AGL,CE,Combined TRACON& Tower with Radar,247,26,17,0,290,0,69,6,0,75,247,95,23,0,365,0,0,0,365
07/06/2021,IND,IN,AGL,CE,Combined TRACON& Tower with Radar,255,32,40,0,327,0,130,15,1,146,255,162,55,1,473,0,0,0,473
07/07/2021,IND,IN,AGL,CE,Combined TRACON& Tower with Radar,453,55,35,2,545,0,109,8,0,117,453,164,43,2,662,0,0,0,662
07/08/2021,IND,IN,AGL,CE,Combined TRACON& Tower with Radar,452,69,35,0,556,0,14,3,0,17,452,83,38,0,573,0,0,0,573
07/09/2021,IND,IN,AGL,CE,Combined TRACON& Tower with Radar,426,87,11,5,529,0,114,3,0,117,426,201,14,5,646,0,0,0,646
07/10/2021,IND,IN,AGL,CE,Combined TRACON& Tower with Radar,285,60,14,0,359,0,12,0,0,12,285,72,14,0,371,0,0,0,371
07/11/2021,IND,IN,AGL,CE,Combined TRACON& Tower with Radar,266,49,28,0,343,0,1,1,0,2,266,50,29,0,345,0,0,0,345
07/12/2021,IND,IN,AGL,CE,Combined TRACON& Tower with Radar,265,57,25,4,351,0,20,3,0,23,265,77,28,4,374,0,0,0,374
07/13/2021,IND,IN,AGL,CE,Combined TRACON& Tower with Radar,448,70,32,7,557,0,34,1,0,35,448,104,33,7,592,0,0,0,592
07/14/2021,IND,IN,AGL,CE,Combined TRACON& Tower with Radar,455,68,46,2,571,0,171,13,0,184,455,239,59,2,755,0,0,0,755
07/15/2021,IND,IN,AGL,CE,Combined TRACON& Tower with Radar,446,67,47,4,564,0,123,17,0,140,446,190,64,4,704,0,0,0,704
07/16/2021,IND,IN,AGL,CE,Combined TRACON& Tower with Radar,432,62,36,0,530,0,4,0,0,4,432,66,36,0,534,0,0,0,534
07/17/2021,IND,IN,AGL,CE,Combined TRACON& Tower with Radar,276,50,20,1,347,0,42,2,0,44,276,92,22,1,391,0,0,0,391
07/18/2021,IND,IN,AGL,CE,Combined TRACON& Tower with Radar,266,59,52,3,380,0,137,6,0,143,266,196,58,3,523,0,0,0,523
07/19/2021,IND,IN,AGL,CE,Combined TRACON& Tower with Radar,268,32,37,4,341,0,137,11,0,148,268,169,48,4,489,0,0,0,489
07/20/2021,IND,IN,AGL,CE,Combined TRACON& Tower with Radar,448,41,28,2,519,0,166,9,0,175,448,207,37,2,694,0,0,0,694
07/21/2021,IND,IN,AGL,CE,Combined TRACON& Tower with Radar,455,82,32,4,573,0,100,13,0,113,455,182,45,4,686,0,0,0,686
07/22/2021,IND,IN,AGL,CE,Combined TRACON& Tower with Radar,456,64,43,6,569,0,138,13,0,151,456,202,56,6,720,0,0,0,720
07/23/2021,IND,IN,AGL,CE,Combined TRACON& Tower with Radar,415,76,50,1,542,0,77,10,0,87,415,153,60,1,629,0,0,0,629
07/24/2021,IND,IN,AGL,CE,Combined TRACON& Tower with Radar,285,40,26,2,353,0,58,7,2,67,285,98,33,4,420,0,0,0,420
07/25/2021,IND,IN,AGL,CE,Combined TRACON& Tower with Radar,260,64,40,2,366,0,34,3,2,39,260,98,43,4,405,0,0,0,405
07/26/2021,IND,IN,AGL,CE,Combined TRACON& Tower with Radar,281,37,30,2,350,0,125,13,0,138,281,162,43,2,488,0,0,0,488
07/27/2021,IND,IN,AGL,CE,Combined TRACON& Tower with Radar,436,44,34,2,516,0,140,11,0,151,436,184,45,2,667,0,0,0,667
07/28/2021,IND,IN,AGL,CE,Combined TRACON& Tower with Radar,457,58,47,4,566,0,136,9,2,147,457,194,56,6,713,0,0,0,713
07/29/2021,IND,IN,AGL,CE,Combined TRACON& Tower with Radar,456,46,32,2,536,0,70,6,0,76,456,116,38,2,612,0,0,0,612
07/30/2021,IND,IN,AGL,CE,Combined TRACON& Tower with Radar,419,53,30,10,512,0,104,23,0,127,419,157,53,10,639,0,0,0,639
07/31/2021,IND,IN,AGL,CE,Combined TRACON& Tower with Radar,273,36,19,1,329,0,41,8,9,58,273,77,27,10,387,0,0,0,387
08/01/2021,IND,IN,AGL,CE,Combined TRACON& Tower with Radar,250,44,26,1,321,0,55,2,1,58,250,99,28,2,379,0,0,0,379
08/02/2021,IND,IN,AGL,CE,Combined TRACON& Tower with Radar,252,37,41,2,332,0,140,16,1,157,252,177,57,3,489,0,0,0,489
08/03/2021,IND,IN,AGL,CE,Combined TRACON& Tower with Radar,443,58,44,1,546,0,136,8,2,146,443,194,52,3,692,0,0,0,692
08/04/2021,IND,IN,AGL,CE,Combined TRACON& Tower with Radar,436,48,61,0,545,0,133,12,2,147,436,181,73,2,692,0,0,0,692
08/05/2021,IND,IN,AGL,CE,Combined TRACON& Tower with Radar,448,46,62,2,558,0,128,25,0,153,448,174,87,2,711,0,0,0,711
08/06/2021,IND,IN,AGL,CE,Combined TRACON& Tower with Radar,397,42,24,4,467,0,115,17,0,132,397,157,41,4,599,0,0,0,599
08/07/2021,IND,IN,AGL,CE,Combined TRACON& Tower with Radar,269,22,18,1,310,0,49,15,4,68,269,71,33,5,378,0,0,0,378
08/08/2021,IND,IN,AGL,CE,Combined TRACON& Tower with Radar,261,21,19,5,306,0,78,14,2,94,261,99,33,7,400,0,0,0,400
08/09/2021,IND,IN,AGL,CE,Combined TRACON& Tower with Radar,278,47,36,2,363,0,24,3,0,27,278,71,39,2,390,0,0,0,390
08/10/2021,IND,IN,AGL,CE,Combined TRACON& Tower with Radar,453,61,25,2,541,0,109,9,2,120,453,170,34,4,661,0,0,0,661
08/11/2021,IND,IN,AGL,CE,Combined TRACON& Tower with Radar,469,44,55,4,572,0,129,6,0,135,469,173,61,4,707,0,0,0,707
08/12/2021,IND,IN,AGL,CE,Combined TRACON& Tower with Radar,455,50,46,6,557,0,115,7,0,122,455,165,53,6,679,0,0,0,679
08/13/2021,IND,IN,AGL,CE,Combined TRACON& Tower with Radar,418,58,65,3,544,0,127,19,0,146,418,185,84,3,690,0,0,0,690
08/14/2021,IND,IN,AGL,CE,Combined TRACON& Tower with Radar,265,44,57,0,366,0,86,32,0,118,265,130,89,0,484,0,0,0,484
08/15/2021,IND,IN,AGL,CE,Combined TRACON& Tower with Radar,256,43,80,3,382,0,69,30,0,99,256,112,110,3,481,0,0,0,481
08/16/2021,IND,IN,AGL,CE,Combined TRACON& Tower with Radar,265,58,36,3,362,0,60,9,0,69,265,118,45,3,431,0,0,0,431
08/17/2021,IND,IN,AGL,CE,Combined TRACON& Tower with Radar,440,83,41,3,567,0,51,3,0,54,440,134,44,3,621,0,0,0,621
08/18/2021,IND,IN,AGL,CE,Combined TRACON& Tower with Radar,430,77,41,5,553,0,110,12,1,123,430,187,53,6,676,0,0,0,676
08/19/2021,IND,IN,AGL,CE,Combined TRACON& Tower with Radar,452,99,37,8,596,0,57,4,0,61,452,156,41,8,657,0,0,0,657
08/20/2021,IND,IN,AGL,CE,Combined TRACON& Tower with Radar,409,58,20,8,495,0,105,15,0,120,409,163,35,8,615,0,0,0,615
08/21/2021,IND,IN,AGL,CE,Combined TRACON& Tower with Radar,253,19,21,0,293,0,75,13,0,88,253,94,34,0,381,0,0,0,381
08/22/2021,IND,IN,AGL,CE,Combined TRACON& Tower with Radar,263,28,19,2,312,0,66,11,0,77,263,94,30,2,389,0,0,0,389
08/23/2021,IND,IN,AGL,CE,Combined TRACON& Tower with Radar,261,55,26,4,346,0,100,11,0,111,261,155,37,4,457,0,0,0,457
08/24/2021,IND,IN,AGL,CE,Combined TRACON& Tower with Radar,463,59,35,3,560,0,129,10,1,140,463,188,45,4,700,0,0,0,700
08/25/2021,IND,IN,AGL,CE,Combined TRACON& Tower with Radar,473,75,43,1,592,0,70,5,1,76,473,145,48,2,668,0,0,0,668
08/26/2021,IND,IN,AGL,CE,Combined TRACON& Tower with Radar,452,48,42,3,545,0,122,8,2,132,452,170,50,5,677,0,0,0,677
08/27/2021,IND,IN,AGL,CE,Combined TRACON& Tower with Radar,415,48,46,2,511,0,91,10,0,101,415,139,56,2,612,0,0,0,612
08/28/2021,IND,IN,AGL,CE,Combined TRACON& Tower with Radar,266,23,10,0,299,0,59,8,0,67,266,82,18,0,366,0,0,0,366
08/29/2021,IND,IN,AGL,CE,Combined TRACON& Tower with Radar,253,25,17,0,295,0,55,11,0,66,253,80,28,0,361,0,0,0,361
08/30/2021,IND,IN,AGL,CE,Combined TRACON& Tower with Radar,259,45,37,2,343,0,0,1,0,1,259,45,38,2,344,0,0,0,344
08/31/2021,IND,IN,AGL,CE,Combined TRACON& Tower with Radar,435,102,30,2,569,0,42,6,0,48,435,144,36,2,617,0,0,0,617
09/01/2021,IND,IN,AGL,CE,Combined TRACON& Tower with Radar,442,58,50,4,554,0,158,19,2,179,442,216,69,6,733,0,0,0,733
09/02/2021,IND,IN,AGL,CE,Combined TRACON& Tower with Radar,450,52,42,13,557,0,158,20,0,178,450,210,62,13,735,0,0,0,735
09/03/2021,IND,IN,AGL,CE,Combined TRACON& Tower with Radar,415,51,23,7,496,0,113,16,0,129,415,164,39,7,625,0,0,0,625
09/04/2021,IND,IN,AGL,CE,Combined TRACON& Tower with Radar,258,32,14,10,314,0,23,1,0,24,258,55,15,10,338,0,0,0,338
09/05/2021,IND,IN,AGL,CE,Combined TRACON& Tower with Radar,232,20,34,12,298,0,46,11,0,57,232,66,45,12,355,0,0,0,355
09/06/2021,IND,IN,AGL,CE,Combined TRACON& Tower with Radar,245,19,16,11,291,0,96,16,0,112,245,115,32,11,403,0,0,0,403
09/07/2021,IND,IN,AGL,CE,Combined TRACON& Tower with Radar,242,39,28,9,318,0,29,7,0,36,242,68,35,9,354,0,0,0,354
09/08/2021,IND,IN,AGL,CE,Combined TRACON& Tower with Radar,416,46,38,2,502,0,106,14,1,121,416,152,52,3,623,0,0,0,623
09/09/2021,IND,IN,AGL,CE,Combined TRACON& Tower with Radar,450,48,39,2,539,0,133,13,1,147,450,181,52,3,686,0,0,0,686
09/10/2021,IND,IN,AGL,CE,Combined TRACON& Tower with Radar,410,60,64,7,541,0,116,17,1,134,410,176,81,8,675,0,0,0,675
09/11/2021,IND,IN,AGL,CE,Combined TRACON& Tower with Radar,243,36,19,8,306,0,77,11,0,88,243,113,30,8,394,0,0,0,394
09/12/2021,IND,IN,AGL,CE,Combined TRACON& Tower with Radar,250,47,55,1,353,0,52,2,0,54,250,99,57,1,407,0,0,0,407
09/13/2021,IND,IN,AGL,CE,Combined TRACON& Tower with Radar,249,36,52,11,348,0,124,7,0,131,249,160,59,11,479,0,0,0,479
09/14/2021,IND,IN,AGL,CE,Combined TRACON& Tower with Radar,407,49,32,0,488,0,98,7,0,105,407,147,39,0,593,0,0,0,593
09/15/2021,IND,IN,AGL,CE,Combined TRACON& Tower with Radar,427,47,58,2,534,0,106,9,0,115,427,153,67,2,649,0,0,0,649
09/16/2021,IND,IN,AGL,CE,Combined TRACON& Tower with Radar,452,100,36,4,592,0,99,10,0,109,452,199,46,4,701,0,0,0,701
09/17/2021,IND,IN,AGL,CE,Combined TRACON& Tower with Radar,417,65,24,2,508,0,111,12,0,123,417,176,36,2,631,0,0,0,631
09/18/2021,IND,IN,AGL,CE,Combined TRACON& Tower with Radar,239,20,17,3,279,0,84,3,0,87,239,104,20,3,366,0,0,0,366
09/19/2021,IND,IN,AGL,CE,Combined TRACON& Tower with Radar,262,36,58,2,358,0,69,10,0,79,262,105,68,2,437,0,0,0,437
09/20/2021,IND,IN,AGL,CE,Combined TRACON& Tower with Radar,243,74,25,7,349,0,1,0,2,3,243,75,25,9,352,0,0,0,352
09/21/2021,IND,IN,AGL,CE,Combined TRACON& Tower with Radar,424,77,35,2,538,0,9,0,0,9,424,86,35,2,547,0,0,0,547
09/22/2021,IND,IN,AGL,CE,Combined TRACON& Tower with Radar,429,65,40,2,536,0,0,0,0,0,429,65,40,2,536,0,0,0,536
09/23/2021,IND,IN,AGL,CE,Combined TRACON& Tower with Radar,459,56,46,2,563,0,119,19,2,140,459,175,65,4,703,0,0,0,703
09/24/2021,IND,IN,AGL,CE,Combined TRACON& Tower with Radar,411,63,43,3,520,0,150,21,0,171,411,213,64,3,691,0,0,0,691
09/25/2021,IND,IN,AGL,CE,Combined TRACON& Tower with Radar,249,62,27,4,342,0,104,3,0,107,249,166,30,4,449,0,0,0,449
09/26/2021,IND,IN,AGL,CE,Combined TRACON& Tower with Radar,251,51,35,1,338,0,81,14,0,95,251,132,49,1,433,0,0,0,433
09/27/2021,IND,IN,AGL,CE,Combined TRACON& Tower with Radar,250,76,37,1,364,0,76,5,1,82,250,152,42,2,446,0,0,0,446
09/28/2021,IND,IN,AGL,CE,Combined TRACON& Tower with Radar,426,86,23,2,537,0,108,13,0,121,426,194,36,2,658,0,0,0,658
09/29/2021,IND,IN,AGL,CE,Combined TRACON& Tower with Radar,429,109,40,5,583,0,142,13,2,157,429,251,53,7,740,0,0,0,740
09/30/2021,IND,IN,AGL,CE,Combined TRACON& Tower with Radar,444,63,45,2,554,0,152,8,0,160,444,215,53,2,714,0,0,0,714
10/01/2021,IND,IN,AGL,CE,Combined TRACON& Tower with Radar,397,72,47,0,516,0,135,14,0,149,397,207,61,0,665,0,0,0,665
10/02/2021,IND,IN,AGL,CE,Combined TRACON& Tower with Radar,249,47,30,0,326,0,15,4,0,19,249,62,34,0,345,0,0,0,345
10/03/2021,IND,IN,AGL,CE,Combined TRACON& Tower with Radar,254,44,29,0,327,0,4,2,0,6,254,48,31,0,333,0,0,0,333
10/04/2021,IND,IN,AGL,CE,Combined TRACON& Tower with Radar,251,76,42,4,373,0,4,3,0,7,251,80,45,4,380,0,0,0,380
10/05/2021,IND,IN,AGL,CE,Combined TRACON& Tower with Radar,429,121,45,9,604,0,52,6,0,58,429,173,51,9,662,0,0,0,662
10/06/2021,IND,IN,AGL,CE,Combined TRACON& Tower with Radar,444,118,52,1,615,0,48,2,0,50,444,166,54,1,665,0,0,0,665
10/07/2021,IND,IN,AGL,CE,Combined TRACON& Tower with Radar,471,124,43,3,641,0,29,3,0,32,471,153,46,3,673,0,0,0,673
10/08/2021,IND,IN,AGL,CE,Combined TRACON& Tower with Radar,411,100,38,0,549,0,91,6,0,97,411,191,44,0,646,0,0,0,646
10/09/2021,IND,IN,AGL,CE,Combined TRACON& Tower with Radar,279,38,22,1,340,0,140,9,0,149,279,178,31,1,489,0,0,0,489
10/10/2021,IND,IN,AGL,CE,Combined TRACON& Tower with Radar,250,29,16,0,295,0,112,4,0,116,250,141,20,0,411,0,0,0,411
10/11/2021,IND,IN,AGL,CE,Combined TRACON& Tower with Radar,266,33,35,0,334,0,78,8,0,86,266,111,43,0,420,0,0,0,420
10/12/2021,IND,IN,AGL,CE,Combined TRACON& Tower with Radar,460,131,53,0,644,0,26,3,1,30,460,157,56,1,674,0,0,0,674
10/13/2021,IND,IN,AGL,CE,Combined TRACON& Tower with Radar,452,106,54,0,612,0,118,6,0,124,452,224,60,0,736,0,0,0,736
10/14/2021,IND,IN,AGL,CE,Combined TRACON& Tower with Radar,469,103,40,4,616,0,135,6,0,141,469,238,46,4,757,0,0,0,757
10/15/2021,IND,IN,AGL,CE,Combined TRACON& Tower with Radar,435,88,42,1,566,0,0,0,0,0,435,88,42,1,566,0,0,0,566
10/16/2021,IND,IN,AGL,CE,Combined TRACON& Tower with Radar,301,50,25,0,376,0,113,11,0,124,301,163,36,0,500,0,0,0,500
10/17/2021,IND,IN,AGL,CE,Combined TRACON& Tower with Radar,272,43,70,5,390,0,102,15,1,118,272,145,85,6,508,0,0,0,508
10/18/2021,IND,IN,AGL,CE,Combined TRACON& Tower with Radar,274,47,43,0,364,0,153,5,0,158,274,200,48,0,522,0,0,0,522
10/19/2021,IND,IN,AGL,CE,Combined TRACON& Tower with Radar,447,58,40,2,547,0,153,22,1,176,447,211,62,3,723,0,0,0,723
10/20/2021,IND,IN,AGL,CE,Combined TRACON& Tower with Radar,450,78,54,5,587,0,154,12,0,166,450,232,66,5,753,0,0,0,753
10/21/2021,IND,IN,AGL,CE,Combined TRACON& Tower with Radar,462,97,53,4,616,0,79,5,2,86,462,176,58,6,702,0,0,0,702
10/22/2021,IND,IN,AGL,CE,Combined TRACON& Tower with Radar,428,75,32,5,540,0,0,0,0,0,428,75,32,5,540,0,0,0,540
10/23/2021,IND,IN,AGL,CE,Combined TRACON& Tower with Radar,299,61,24,1,385,0,92,4,0,96,299,153,28,1,481,0,0,0,481
10/24/2021,IND,IN,AGL,CE,Combined TRACON& Tower with Radar,265,35,22,4,326,0,3,1,0,4,265,38,23,4,330,0,0,0,330
10/25/2021,IND,IN,AGL,CE,Combined TRACON& Tower with Radar,281,53,31,0,365,0,0,0,0,0,281,53,31,0,365,0,0,0,365
10/26/2021,IND,IN,AGL,CE,Combined TRACON& Tower with Radar,445,56,38,3,542,0,200,11,0,211,445,256,49,3,753,0,0,0,753
10/27/2021,IND,IN,AGL,CE,Combined TRACON& Tower with Radar,449,66,58,1,574,0,177,15,2,194,449,243,73,3,768,0,0,0,768
10/28/2021,IND,IN,AGL,CE,Combined TRACON& Tower with Radar,455,66,55,0,576,0,9,2,0,11,455,75,57,0,587,0,0,0,587
10/29/2021,IND,IN,AGL,CE,Combined TRACON& Tower with Radar,417,64,42,4,527,0,2,1,0,3,417,66,43,4,530,0,0,0,530
10/30/2021,IND,IN,AGL,CE,Combined TRACON& Tower with Radar,288,50,24,4,366,0,0,2,0,2,288,50,26,4,368,0,0,0,368
10/31/2021,IND,IN,AGL,CE,Combined TRACON& Tower with Radar,217,51,37,1,306,0,51,8,2,61,217,102,45,3,367,0,0,0,367
11/01/2021,IND,IN,AGL,CE,Combined TRACON& Tower with Radar,247,57,52,1,357,0,145,12,2,159,247,202,64,3,516,0,0,0,516
11/02/2021,IND,IN,AGL,CE,Combined TRACON& Tower with Radar,438,60,35,2,535,0,162,12,1,175,438,222,47,3,710,0,0,0,710
11/03/2021,IND,IN,AGL,CE,Combined TRACON& Tower with Radar,449,67,47,0,563,0,169,10,0,179,449,236,57,0,742,0,0,0,742
11/04/2021,IND,IN,AGL,CE,Combined TRACON& Tower with Radar,477,77,53,10,617,0,186,9,0,195,477,263,62,10,812,0,0,0,812
11/05/2021,IND,IN,AGL,CE,Combined TRACON& Tower with Radar,422,58,40,2,522,0,161,15,0,176,422,219,55,2,698,0,0,0,698
11/06/2021,IND,IN,AGL,CE,Combined TRACON& Tower with Radar,267,31,19,3,320,0,102,5,1,108,267,133,24,4,428,0,0,0,428
11/07/2021,IND,IN,AGL,CE,Combined TRACON& Tower with Radar,275,41,30,0,346,0,95,10,1,106,275,136,40,1,452,0,0,0,452
11/08/2021,IND,IN,AGL,CE,Combined TRACON& Tower with Radar,276,40,38,6,360,0,159,8,1,168,276,199,46,7,528,0,0,0,528
11/09/2021,IND,IN,AGL,CE,Combined TRACON& Tower with Radar,442,63,48,10,563,0,169,14,0,183,442,232,62,10,746,0,0,0,746
11/10/2021,IND,IN,AGL,CE,Combined TRACON& Tower with Radar,472,90,40,9,611,0,165,7,2,174,472,255,47,11,785,0,0,0,785
11/11/2021,IND,IN,AGL,CE,Combined TRACON& Tower with Radar,469,58,62,0,589,0,21,2,0,23,469,79,64,0,612,0,0,0,612
11/12/2021,IND,IN,AGL,CE,Combined TRACON& Tower with Radar,433,59,30,6,528,0,48,4,0,52,433,107,34,6,580,0,0,0,580
11/13/2021,IND,IN,AGL,CE,Combined TRACON& Tower with Radar,250,36,16,0,302,0,5,1,0,6,250,41,17,0,308,0,0,0,308
11/14/2021,IND,IN,AGL,CE,Combined TRACON& Tower with Radar,302,43,36,0,381,0,0,0,0,0,302,43,36,0,381,0,0,0,381
11/15/2021,IND,IN,AGL,CE,Combined TRACON& Tower with Radar,280,63,54,9,406,0,95,9,0,104,280,158,63,9,510,0,0,0,510
11/16/2021,IND,IN,AGL,CE,Combined TRACON& Tower with Radar,436,83,29,2,550,0,233,14,3,250,436,316,43,5,800,0,0,0,800
11/17/2021,IND,IN,AGL,CE,Combined TRACON& Tower with Radar,454,75,51,2,582,0,6,2,0,8,454,81,53,2,590,0,0,0,590
11/18/2021,IND,IN,AGL,CE,Combined TRACON& Tower with Radar,474,64,56,2,596,0,122,10,0,132,474,186,66,2,728,0,0,0,728
11/19/2021,IND,IN,AGL,CE,Combined TRACON& Tower with Radar,436,78,28,0,542,0,191,11,0,202,436,269,39,0,744,0,0,0,744
11/20/2021,IND,IN,AGL,CE,Combined TRACON& Tower with Radar,297,30,11,0,338,0,85,11,0,96,297,115,22,0,434,0,0,0,434
11/21/2021,IND,IN,AGL,CE,Combined TRACON& Tower with Radar,292,47,30,1,370,0,7,2,0,9,292,54,32,1,379,0,0,0,379
11/22/2021,IND,IN,AGL,CE,Combined TRACON& Tower with Radar,272,53,17,4,346,0,154,13,0,167,272,207,30,4,513,0,0,0,513
11/23/2021,IND,IN,AGL,CE,Combined TRACON& Tower with Radar,511,70,18,3,602,0,179,10,2,191,511,249,28,5,793,0,0,0,793
11/24/2021,IND,IN,AGL,CE,Combined TRACON& Tower with Radar,517,58,19,2,596,0,66,10,0,76,517,124,29,2,672,0,0,0,672
11/25/2021,IND,IN,AGL,CE,Combined TRACON& Tower with Radar,231,14,11,0,256,0,0,1,0,1,231,14,12,0,257,0,0,0,257
11/26/2021,IND,IN,AGL,CE,Combined TRACON& Tower with Radar,312,33,12,0,357,0,60,9,0,69,312,93,21,0,426,0,0,0,426
11/27/2021,IND,IN,AGL,CE,Combined TRACON& Tower with Radar,314,40,13,0,367,0,58,7,0,65,314,98,20,0,432,0,0,0,432
11/28/2021,IND,IN,AGL,CE,Combined TRACON& Tower with Radar,316,52,46,0,414,0,50,6,0,56,316,102,52,0,470,0,0,0,470
11/29/2021,IND,IN,AGL,CE,Combined TRACON& Tower with Radar,300,49,35,4,388,0,133,10,0,143,300,182,45,4,531,0,0,0,531
11/30/2021,IND,IN,AGL,CE,Combined TRACON& Tower with Radar,506,60,42,3,611,0,145,6,1,152,506,205,48,4,763,0,0,0,763
12/01/2021,IND,IN,AGL,CE,Combined TRACON& Tower with Radar,494,66,38,0,598,0,7,0,0,7,494,73,38,0,605,0,0,0,605
12/02/2021,IND,IN,AGL,CE,Combined TRACON& Tower with Radar,506,54,30,6,596,0,150,10,0,160,506,204,40,6,756,0,0,0,756
12/03/2021,IND,IN,AGL,CE,Combined TRACON& Tower with Radar,499,65,53,5,622,0,120,14,0,134,499,185,67,5,756,0,0,0,756
12/04/2021,IND,IN,AGL,CE,Combined TRACON& Tower with Radar,342,72,77,0,491,0,80,14,4,98,342,152,91,4,589,0,0,0,589
12/05/2021,IND,IN,AGL,CE,Combined TRACON& Tower with Radar,334,68,76,0,478,0,7,6,0,13,334,75,82,0,491,0,0,0,491
12/06/2021,IND,IN,AGL,CE,Combined TRACON& Tower with Radar,266,55,49,0,370,0,23,3,0,26,266,78,52,0,396,0,0,0,396
12/07/2021,IND,IN,AGL,CE,Combined TRACON& Tower with Radar,470,52,47,2,571,0,128,13,0,141,470,180,60,2,712,0,0,0,712
12/08/2021,IND,IN,AGL,CE,Combined TRACON& Tower with Radar,500,54,61,7,622,0,131,15,0,146,500,185,76,7,768,0,0,0,768
12/09/2021,IND,IN,AGL,CE,Combined TRACON& Tower with Radar,498,72,67,2,639,0,60,18,0,78,498,132,85,2,717,0,0,0,717
12/10/2021,IND,IN,AGL,CE,Combined TRACON& Tower with Radar,488,56,70,5,619,0,0,1,0,1,488,56,71,5,620,0,0,0,620
12/11/2021,IND,IN,AGL,CE,Combined TRACON& Tower with Radar,360,26,31,0,417,0,9,2,0,11,360,35,33,0,428,0,0,0,428
12/12/2021,IND,IN,AGL,CE,Combined TRACON& Tower with Radar,313,32,39,0,384,0,95,15,0,110,313,127,54,0,494,0,0,0,494
12/13/2021,IND,IN,AGL,CE,Combined TRACON& Tower with Radar,276,49,43,4,372,0,127,14,0,141,276,176,57,4,513,0,0,0,513
12/14/2021,IND,IN,AGL,CE,Combined TRACON& Tower with Radar,476,60,41,11,588,0,117,8,1,126,476,177,49,12,714,0,0,0,714
12/15/2021,IND,IN,AGL,CE,Combined TRACON& Tower with Radar,492,64,45,1,602,0,12,0,1,13,492,76,45,2,615,0,0,0,615
12/16/2021,IND,IN,AGL,CE,Combined TRACON& Tower with Radar,494,59,32,0,585,0,22,3,0,25,494,81,35,0,610,0,0,0,610
12/17/2021,IND,IN,AGL,CE,Combined TRACON& Tower with Radar,495,57,26,2,580,0,98,7,0,105,495,155,33,2,685,0,0,0,685
12/18/2021,IND,IN,AGL,CE,Combined TRACON& Tower with Radar,374,47,36,0,457,0,0,3,0,3,374,47,39,0,460,0,0,0,460
12/19/2021,IND,IN,AGL,CE,Combined TRACON& Tower with Radar,298,37,19,0,354,0,76,14,0,90,298,113,33,0,444,0,0,0,444
12/20/2021,IND,IN,AGL,CE,Combined TRACON& Tower with Radar,264,48,25,0,337,0,165,19,0,184,264,213,44,0,521,0,0,0,521
12/21/2021,IND,IN,AGL,CE,Combined TRACON& Tower with Radar,499,52,31,4,586,0,134,12,0,146,499,186,43,4,732,0,0,0,732
12/22/2021,IND,IN,AGL,CE,Combined TRACON& Tower with Radar,514,45,22,0,581,0,149,13,0,162,514,194,35,0,743,0,0,0,743
12/23/2021,IND,IN,AGL,CE,Combined TRACON& Tower with Radar,507,47,12,2,568,0,97,9,0,106,507,144,21,2,674,0,0,0,674
12/24/2021,IND,IN,AGL,CE,Combined TRACON& Tower with Radar,407,29,6,0,442,0,8,3,0,11,407,37,9,0,453,0,0,0,453
12/25/2021,IND,IN,AGL,CE,Combined TRACON& Tower with Radar,173,15,8,0,196,0,0,2,0,2,173,15,10,0,198,0,0,0,198
12/26/2021,IND,IN,AGL,CE,Combined TRACON& Tower with Radar,242,38,26,0,306,0,42,4,0,46,242,80,30,0,352,0,0,0,352
12/27/2021,IND,IN,AGL,CE,Combined TRACON& Tower with Radar,268,46,23,0,337,0,7,4,0,11,268,53,27,0,348,0,0,0,348
12/28/2021,IND,IN,AGL,CE,Combined TRACON& Tower with Radar,485,55,13,0,553,0,5,1,0,6,485,60,14,0,559,0,0,0,559
12/29/2021,IND,IN,AGL,CE,Combined TRACON& Tower with Radar,489,57,27,3,576,0,0,0,0,0,489,57,27,3,576,0,0,0,576
12/30/2021,IND,IN,AGL,CE,Combined TRACON& Tower with Radar,481,45,10,0,536,0,0,0,0,0,481,45,10,0,536,0,0,0,536
12/31/2021,IND,IN,AGL,CE,Combined TRACON& Tower with Radar,395,34,10,0,439,0,16,0,0,16,395,50,10,0,455,0,0,0,455
01/01/2022,IND,IN,AGL,CE,Combined TRACON& Tower with Radar,195,24,20,0,239,0,0,0,0,0,195,24,20,0,239,0,0,0,239
01/02/2022,IND,IN,AGL,CE,Combined TRACON& Tower with Radar,229,24,34,0,287,0,0,2,0,2,229,24,36,0,289,0,0,0,289
01/03/2022,IND,IN,AGL,CE,Combined TRACON& Tower with Radar,221,32,34,0,287,0,120,14,0,134,221,152,48,0,421,0,0,0,421
01/04/2022,IND,IN,AGL,CE,Combined TRACON& Tower with Radar,411,51,17,0,479,0,118,16,0,134,411,169,33,0,613,0,0,0,613
01/05/2022,IND,IN,AGL,CE,Combined TRACON& Tower with Radar,409,43,34,3,489,0,6,2,0,8,409,49,36,3,497,0,0,0,497
01/06/2022,IND,IN,AGL,CE,Combined TRACON& Tower with Radar,406,49,30,2,487,0,25,4,0,29,406,74,34,2,516,0,0,0,516
01/07/2022,IND,IN,AGL,CE,Combined TRACON& Tower with Radar,379,37,27,2,445,0,136,18,0,154,379,173,45,2,599,0,0,0,599
01/08/2022,IND,IN,AGL,CE,Combined TRACON& Tower with Radar,278,40,60,0,378,0,50,3,0,53,278,90,63,0,431,0,0,0,431
01/09/2022,IND,IN,AGL,CE,Combined TRACON& Tower with Radar,282,86,114,0,482,0,22,3,0,25,282,108,117,0,507,0,0,0,507
01/10/2022,IND,IN,AGL,CE,Combined TRACON& Tower with Radar,253,155,297,0,705,0,54,12,0,66,253,209,309,0,771,0,0,0,771
01/11/2022,IND,IN,AGL,CE,Combined TRACON& Tower with Radar,448,198,372,2,1020,0,29,12,0,41,448,227,384,2,1061,0,0,0,1061
01/12/2022,IND,IN,AGL,CE,Combined TRACON& Tower with Radar,425,31,33,0,489,0,129,23,2,154,425,160,56,2,643,0,0,0,643
01/13/2022,IND,IN,AGL,CE,Combined TRACON& Tower with Radar,425,56,26,4,511,0,104,12,0,116,425,160,38,4,627,0,0,0,627
01/14/2022,IND,IN,AGL,CE,Combined TRACON& Tower with Radar,408,46,38,0,492,0,0,0,0,0,408,46,38,0,492,0,0,0,492
01/15/2022,IND,IN,AGL,CE,Combined TRACON& Tower with Radar,253,21,16,0,290,0,44,12,0,56,253,65,28,0,346,0,0,0,346
01/16/2022,IND,IN,AGL,CE,Combined TRACON& Tower with Radar,238,23,14,0,275,0,81,9,0,90,238,104,23,0,365,0,0,0,365
01/17/2022,IND,IN,AGL,CE,Combined TRACON& Tower with Radar,254,22,25,0,301,0,0,2,1,3,254,22,27,1,304,0,0,0,304
01/18/2022,IND,IN,AGL,CE,Combined TRACON& Tower with Radar,414,44,36,0,494,0,120,10,2,132,414,164,46,2,626,0,0,0,626
01/19/2022,IND,IN,AGL,CE,Combined TRACON& Tower with Radar,420,43,18,0,481,0,91,15,2,108,420,134,33,2,589,0,0,0,589
01/20/2022,IND,IN,AGL,CE,Combined TRACON& Tower with Radar,443,53,50,1,547,0,91,8,0,99,443,144,58,1,646,0,0,0,646
01/21/2022,IND,IN,AGL,CE,Combined TRACON& Tower with Radar,405,48,28,5,486,0,118,11,2,131,405,166,39,7,617,0,0,0,617
01/22/2022,IND,IN,AGL,CE,Combined TRACON& Tower with Radar,245,17,12,0,274,0,77,6,0,83,245,94,18,0,357,0,0,0,357
01/23/2022,IND,IN,AGL,CE,Combined TRACON& Tower with Radar,254,27,11,0,292,0,7,1,0,8,254,34,12,0,300,0,0,0,300
01/24/2022,IND,IN,AGL,CE,Combined TRACON& Tower with Radar,250,43,44,3,340,0,31,3,0,34,250,74,47,3,374,0,0,0,374
01/25/2022,IND,IN,AGL,CE,Combined TRACON& Tower with Radar,433,49,42,0,524,0,136,10,0,146,433,185,52,0,670,0,0,0,670
01/26/2022,IND,IN,AGL,CE,Combined TRACON& Tower with Radar,433,49,52,0,534,0,149,23,0,172,433,198,75,0,706,0,0,0,706
01/27/2022,IND,IN,AGL,CE,Combined TRACON& Tower with Radar,429,43,27,0,499,0,4,7,0,11,429,47,34,0,510,0,0,0,510
01/28/2022,IND,IN,AGL,CE,Combined TRACON& Tower with Radar,406,42,45,0,493,0,4,1,0,5,406,46,46,0,498,0,0,0,498
01/29/2022,IND,IN,AGL,CE,Combined TRACON& Tower with Radar,207,13,13,1,234,0,105,8,1,114,207,118,21,2,348,0,0,0,348
01/30/2022,IND,IN,AGL,CE,Combined TRACON& Tower with Radar,262,31,28,0,321,0,86,11,0,97,262,117,39,0,418,0,0,0,418
01/31/2022,IND,IN,AGL,CE,Combined TRACON& Tower with Radar,256,41,30,0,327,0,124,18,2,144,256,165,48,2,471,0,0,0,471
02/01/2022,IND,IN,AGL,CE,Combined TRACON& Tower with Radar,418,53,17,5,493,0,88,9,1,98,418,141,26,6,591,0,0,0,591
02/02/2022,IND,IN,AGL,CE,Combined TRACON& Tower with Radar,348,28,18,0,394,0,0,0,0,0,348,28,18,0,394,0,0,0,394
02/03/2022,IND,IN,AGL,CE,Combined TRACON& Tower with Radar,165,10,10,0,185,0,0,0,0,0,165,10,10,0,185,0,0,0,185
02/04/2022,IND,IN,AGL,CE,Combined TRACON& Tower with Radar,284,37,29,2,352,0,38,9,0,47,284,75,38,2,399,0,0,0,399
02/05/2022,IND,IN,AGL,CE,Combined TRACON& Tower with Radar,250,32,22,2,306,0,96,7,0,103,250,128,29,2,409,0,0,0,409
02/06/2022,IND,IN,AGL,CE,Combined TRACON& Tower with Radar,249,35,29,0,313,0,95,9,0,104,249,130,38,0,417,0,0,0,417
02/07/2022,IND,IN,AGL,CE,Combined TRACON& Tower with Radar,242,33,25,5,305,0,58,6,0,64,242,91,31,5,369,0,0,0,369
02/08/2022,IND,IN,AGL,CE,Combined TRACON& Tower with Radar,430,63,26,0,519,0,128,13,0,141,430,191,39,0,660,0,0,0,660
02/09/2022,IND,IN,AGL,CE,Combined TRACON& Tower with Radar,448,43,40,4,535,0,92,12,0,104,448,135,52,4,639,0,0,0,639
02/10/2022,IND,IN,AGL,CE,Combined TRACON& Tower with Radar,426,48,46,4,524,0,8,1,0,9,426,56,47,4,533,0,0,0,533
02/11/2022,IND,IN,AGL,CE,Combined TRACON& Tower with Radar,405,49,23,0,477,0,9,1,0,10,405,58,24,0,487,0,0,0,487
02/12/2022,IND,IN,AGL,CE,Combined TRACON& Tower with Radar,309,13,9,0,331,0,2,4,0,6,309,15,13,0,337,0,0,0,337
02/13/2022,IND,IN,AGL,CE,Combined TRACON& Tower with Radar,239,30,17,0,286,0,25,4,0,29,239,55,21,0,315,0,0,0,315
02/14/2022,IND,IN,AGL,CE,Combined TRACON& Tower with Radar,263,49,24,5,341,0,122,10,0,132,263,171,34,5,473,0,0,0,473
02/15/2022,IND,IN,AGL,CE,Combined TRACON& Tower with Radar,419,62,38,2,521,0,131,20,0,151,419,193,58,2,672,0,0,0,672
02/16/2022,IND,IN,AGL,CE,Combined TRACON& Tower with Radar,436,52,47,4,539,0,15,14,0,29,436,67,61,4,568,0,0,0,568
02/17/2022,IND,IN,AGL,CE,Combined TRACON& Tower with Radar,435,60,30,4,529,0,0,0,0,0,435,60,30,4,529,0,0,0,529
02/18/2022,IND,IN,AGL,CE,Combined TRACON& Tower with Radar,420,49,35,9,513,0,105,6,0,111,420,154,41,9,624,0,0,0,624
02/19/2022,IND,IN,AGL,CE,Combined TRACON& Tower with Radar,272,20,14,3,309,0,100,24,0,124,272,120,38,3,433,0,0,0,433
02/20/2022,IND,IN,AGL,CE,Combined TRACON& Tower with Radar,248,18,15,1,282,0,55,5,0,60,248,73,20,1,342,0,0,0,342
02/21/2022,IND,IN,AGL,CE,Combined TRACON& Tower with Radar,262,46,41,1,350,0,94,18,0,112,262,140,59,1,462,0,0,0,462
02/22/2022,IND,IN,AGL,CE,Combined TRACON& Tower with Radar,429,52,34,1,516,0,0,0,0,0,429,52,34,1,516,0,0,0,516
02/23/2022,IND,IN,AGL,CE,Combined TRACON& Tower with Radar,439,42,46,0,527,0,0,2,0,2,439,42,48,0,529,0,0,0,529
02/24/2022,IND,IN,AGL,CE,Combined TRACON& Tower with Radar,399,27,38,0,464,0,0,0,0,0,399,27,38,0,464,0,0,0,464
02/25/2022,IND,IN,AGL,CE,Combined TRACON& Tower with Radar,332,46,27,0,405,0,0,2,0,2,332,46,29,0,407,0,0,0,407
02/26/2022,IND,IN,AGL,CE,Combined TRACON& Tower with Radar,266,23,15,0,304,0,94,10,1,105,266,117,25,1,409,0,0,0,409
02/27/2022,IND,IN,AGL,CE,Combined TRACON& Tower with Radar,256,36,47,0,339,0,93,7,1,101,256,129,54,1,440,0,0,0,440
02/28/2022,IND,IN,AGL,CE,Combined TRACON& Tower with Radar,260,57,52,7,376,0,156,22,0,178,260,213,74,7,554,0,0,0,554
03/01/2022,IND,IN,AGL,CE,Combined TRACON& Tower with Radar,429,85,36,2,552,0,149,21,0,170,429,234,57,2,722,0,0,0,722
03/02/2022,IND,IN,AGL,CE,Combined TRACON& Tower with Radar,432,53,35,2,522,0,150,22,0,172,432,203,57,2,694,0,0,0,694
03/03/2022,IND,IN,AGL,CE,Combined TRACON& Tower with Radar,446,82,44,2,574,0,69,21,0,90,446,151,65,2,664,0,0,0,664
03/04/2022,IND,IN,AGL,CE,Combined TRACON& Tower with Radar,395,66,31,2,494,0,128,24,2,154,395,194,55,4,648,0,0,0,648
03/05/2022,IND,IN,AGL,CE,Combined TRACON& Tower with Radar,255,52,22,2,331,0,35,15,0,50,255,87,37,2,381,0,0,0,381
03/06/2022,IND,IN,AGL,CE,Combined TRACON& Tower with Radar,256,59,34,2,351,0,31,9,0,40,256,90,43,2,391,0,0,0,391
03/07/2022,IND,IN,AGL,CE,Combined TRACON& Tower with Radar,260,56,34,0,350,0,1,1,0,2,260,57,35,0,352,0,0,0,352
03/08/2022,IND,IN,AGL,CE,Combined TRACON& Tower with Radar,428,59,44,0,531,0,60,19,0,79,428,119,63,0,610,0,0,0,610
03/09/2022,IND,IN,AGL,CE,Combined TRACON& Tower with Radar,419,73,58,2,552,0,182,20,0,202,419,255,78,2,754,0,0,0,754
03/10/2022,IND,IN,AGL,CE,Combined TRACON& Tower with Radar,446,65,56,0,567,0,161,20,0,181,446,226,76,0,748,0,0,0,748
03/11/2022,IND,IN,AGL,CE,Combined TRACON& Tower with Radar,413,73,21,2,509,0,2,0,0,2,413,75,21,2,511,0,0,0,511
03/12/2022,IND,IN,AGL,CE,Combined TRACON& Tower with Radar,276,31,24,0,331,0,62,10,0,72,276,93,34,0,403,0,0,0,403
03/13/2022,IND,IN,AGL,CE,Combined TRACON& Tower with Radar,260,30,23,0,313,0,17,8,0,25,260,47,31,0,338,0,0,0,338
03/14/2022,IND,IN,AGL,CE,Combined TRACON& Tower with Radar,277,40,51,5,373,0,107,14,0,121,277,147,65,5,494,0,0,0,494
03/15/2022,IND,IN,AGL,CE,Combined TRACON& Tower with Radar,452,47,49,0,548,0,165,20,1,186,452,212,69,1,734,0,0,0,734
03/16/2022,IND,IN,AGL,CE,Combined TRACON& Tower with Radar,441,67,46,6,560,0,156,15,0,171,441,223,61,6,731,0,0,0,731
03/17/2022,IND,IN,AGL,CE,Combined TRACON& Tower with Radar,448,67,55,2,572,0,134,13,2,149,448,201,68,4,721,0,0,0,721
03/18/2022,IND,IN,AGL,CE,Combined TRACON& Tower with Radar,422,51,43,0,516,0,56,3,0,59,422,107,46,0,575,0,0,0,575
03/19/2022,IND,IN,AGL,CE,Combined TRACON& Tower with Radar,291,43,49,0,383,0,0,0,0,0,291,43,49,0,383,0,0,0,383
03/20/2022,IND,IN,AGL,CE,Combined TRACON& Tower with Radar,274,36,46,0,356,0,100,16,0,116,274,136,62,0,472,0,0,0,472
03/21/2022,IND,IN,AGL,CE,Combined TRACON& Tower with Radar,280,54,41,1,376,0,122,21,0,143,280,176,62,1,519,0,0,0,519
03/22/2022,IND,IN,AGL,CE,Combined TRACON& Tower with Radar,439,61,30,4,534,0,7,0,0,7,439,68,30,4,541,0,0,0,541
03/23/2022,IND,IN,AGL,CE,Combined TRACON& Tower with Radar,454,56,37,1,548,0,2,0,0,2,454,58,37,1,550,0,0,0,550
03/24/2022,IND,IN,AGL,CE,Combined TRACON& Tower with Radar,445,59,39,2,545,0,9,0,0,9,445,68,39,2,554,0,0,0,554
03/25/2022,IND,IN,AGL,CE,Combined TRACON& Tower with Radar,430,59,26,2,517,0,3,2,0,5,430,62,28,2,522,0,0,0,522
03/26/2022,IND,IN,AGL,CE,Combined TRACON& Tower with Radar,291,38,17,0,346,0,12,0,0,12,291,50,17,0,358,0,0,0,358
03/27/2022,IND,IN,AGL,CE,Combined TRACON& Tower with Radar,279,47,35,0,361,0,140,9,0,149,279,187,44,0,510,0,0,0,510
03/28/2022,IND,IN,AGL,CE,Combined TRACON& Tower with Radar,282,60,35,0,377,1,194,16,1,212,283,254,51,1,589,0,0,0,589
03/29/2022,IND,IN,AGL,CE,Combined TRACON& Tower with Radar,442,68,33,0,543,0,120,15,0,135,442,188,48,0,678,0,0,0,678
03/30/2022,IND,IN,AGL,CE,Combined TRACON& Tower with Radar,453,64,40,0,557,0,14,2,0,16,453,78,42,0,573,0,0,0,573
03/31/2022,IND,IN,AGL,CE,Combined TRACON& Tower with Radar,436,66,25,0,527,0,0,1,0,1,436,66,26,0,528,0,0,0,528
04/01/2022,IND,IN,AGL,CE,Combined TRACON& Tower with Radar,407,59,33,0,499,0,99,10,0,109,407,158,43,0,608,0,0,0,608
04/02/2022,IND,IN,AGL,CE,Combined TRACON& Tower with Radar,251,45,24,1,321,0,96,12,0,108,251,141,36,1,429,0,0,0,429
04/03/2022,IND,IN,AGL,CE,Combined TRACON& Tower with Radar,239,58,33,1,331,0,103,11,2,116,239,161,44,3,447,0,0,0,447
04/04/2022,IND,IN,AGL,CE,Combined TRACON& Tower with Radar,256,57,47,3,363,0,83,8,0,91,256,140,55,3,454,0,0,0,454
04/05/2022,IND,IN,AGL,CE,Combined TRACON& Tower with Radar,451,55,42,2,550,0,43,4,0,47,451,98,46,2,597,0,0,0,597
04/06/2022,IND,IN,AGL,CE,Combined TRACON& Tower with Radar,439,63,34,4,540,0,15,4,1,20,439,78,38,5,560,0,0,0,560
04/07/2022,IND,IN,AGL,CE,Combined TRACON& Tower with Radar,421,58,42,2,523,0,68,10,1,79,421,126,52,3,602,0,0,0,602
04/08/2022,IND,IN,AGL,CE,Combined TRACON& Tower with Radar,420,53,47,13,533,0,0,0,0,0,420,53,47,13,533,0,0,0,533
04/09/2022,IND,IN,AGL,CE,Combined TRACON& Tower with Radar,244,37,24,0,305,0,7,8,1,16,244,44,32,1,321,0,0,0,321
04/10/2022,IND,IN,AGL,CE,Combined TRACON& Tower with Radar,258,45,42,0,345,0,173,13,0,186,258,218,55,0,531,0,0,0,531
04/11/2022,IND,IN,AGL,CE,Combined TRACON& Tower with Radar,274,42,32,1,349,0,6,2,0,8,274,48,34,1,357,0,0,0,357
04/12/2022,IND,IN,AGL,CE,Combined TRACON& Tower with Radar,436,104,55,6,601,0,30,6,1,37,436,134,61,7,638,0,0,0,638
04/13/2022,IND,IN,AGL,CE,Combined TRACON& Tower with Radar,425,51,37,0,513,0,6,0,0,6,425,57,37,0,519,0,0,0,519
04/14/2022,IND,IN,AGL,CE,Combined TRACON& Tower with Radar,426,51,43,2,522,0,118,9,1,128,426,169,52,3,650,0,0,0,650
04/15/2022,IND,IN,AGL,CE,Combined TRACON& Tower with Radar,413,45,23,2,483,0,99,5,0,104,413,144,28,2,587,0,0,0,587
04/16/2022,IND,IN,AGL,CE,Combined TRACON& Tower with Radar,244,29,7,2,282,0,102,12,0,114,244,131,19,2,396,0,0,0,396
04/17/2022,IND,IN,AGL,CE,Combined TRACON& Tower with Radar,252,23,13,27,315,0,109,9,0,118,252,132,22,27,433,0,0,0,433
04/18/2022,IND,IN,AGL,CE,Combined TRACON& Tower with Radar,273,40,38,0,351,0,0,0,0,0,273,40,38,0,351,0,0,0,351
04/19/2022,IND,IN,AGL,CE,Combined TRACON& Tower with Radar,433,64,73,0,570,0,131,22,0,153,433,195,95,0,723,0,0,0,723
04/20/2022,IND,IN,AGL,CE,Combined TRACON& Tower with Radar,437,59,49,3,548,0,159,12,2,173,437,218,61,5,721,0,0,0,721
04/21/2022,IND,IN,AGL,CE,Combined TRACON& Tower with Radar,442,93,55,0,590,0,52,7,0,59,442,145,62,0,649,0,0,0,649
04/22/2022,IND,IN,AGL,CE,Combined TRACON& Tower with Radar,417,56,37,8,518,0,117,14,0,131,417,173,51,8,649,0,0,0,649
04/23/2022,IND,IN,AGL,CE,Combined TRACON& Tower with Radar,238,28,35,1,302,0,63,13,0,76,238,91,48,1,378,0,0,0,378
04/24/2022,IND,IN,AGL,CE,Combined TRACON& Tower with Radar,256,49,30,0,335,0,27,8,0,35,256,76,38,0,370,0,0,0,370
04/25/2022,IND,IN,AGL,CE,Combined TRACON& Tower with Radar,277,54,36,7,374,0,26,5,0,31,277,80,41,7,405,0,0,0,405
04/26/2022,IND,IN,AGL,CE,Combined TRACON& Tower with Radar,445,52,30,2,529,0,164,11,0,175,445,216,41,2,704,0,0,0,704
04/27/2022,IND,IN,AGL,CE,Combined TRACON& Tower with Radar,450,52,57,8,567,0,171,10,0,181,450,223,67,8,748,0,0,0,748
04/28/2022,IND,IN,AGL,CE,Combined TRACON& Tower with Radar,440,53,57,1,551,0,141,13,0,154,440,194,70,1,705,0,0,0,705
04/29/2022,IND,IN,AGL,CE,Combined TRACON& Tower with Radar,404,65,46,0,515,0,112,8,0,120,404,177,54,0,635,0,0,0,635
04/30/2022,IND,IN,AGL,CE,Combined TRACON& Tower with Radar,255,13,20,0,288,0,61,4,0,65,255,74,24,0,353,0,0,0,353
05/01/2022,IND,IN,AGL,CE,Combined TRACON& Tower with Radar,252,42,50,0,344,0,46,9,0,55,252,88,59,0,399,0,0,0,399
05/02/2022,IND,IN,AGL,CE,Combined TRACON& Tower with Radar,273,41,39,8,361,0,154,12,0,166,273,195,51,8,527,0,0,0,527
05/03/2022,IND,IN,AGL,CE,Combined TRACON& Tower with Radar,455,57,28,4,544,0,0,2,0,2,455,57,30,4,546,0,0,0,546
05/04/2022,IND,IN,AGL,CE,Combined TRACON& Tower with Radar,456,75,41,0,572,0,4,9,0,13,456,79,50,0,585,0,0,0,585
05/05/2022,IND,IN,AGL,CE,Combined TRACON& Tower with Radar,448,98,62,0,608,0,10,4,0,14,448,108,66,0,622,0,0,0,622
05/06/2022,IND,IN,AGL,CE,Combined TRACON& Tower with Radar,423,58,32,2,515,0,0,0,0,0,423,58,32,2,515,0,0,0,515
05/07/2022,IND,IN,AGL,CE,Combined TRACON& Tower with Radar,299,39,20,0,358,0,66,13,2,81,299,105,33,2,439,0,0,0,439
05/08/2022,IND,IN,AGL,CE,Combined TRACON& Tower with Radar,257,44,18,0,319,0,104,13,2,119,257,148,31,2,438,0,0,0,438
05/09/2022,IND,IN,AGL,CE,Combined TRACON& Tower with Radar,263,39,45,3,350,0,134,13,1,148,263,173,58,4,498,0,0,0,498
05/10/2022,IND,IN,AGL,CE,Combined TRACON& Tower with Radar,455,45,42,3,545,0,142,10,0,152,455,187,52,3,697,0,0,0,697
05/11/2022,IND,IN,AGL,CE,Combined TRACON& Tower with Radar,452,60,47,3,562,0,155,16,0,171,452,215,63,3,733,0,0,0,733
05/12/2022,IND,IN,AGL,CE,Combined TRACON& Tower with Radar,452,60,49,2,563,0,149,5,3,157,452,209,54,5,720,0,0,0,720
05/13/2022,IND,IN,AGL,CE,Combined TRACON& Tower with Radar,421,71,32,3,527,0,166,13,0,179,421,237,45,3,706,0,0,0,706
05/14/2022,IND,IN,AGL,CE,Combined TRACON& Tower with Radar,252,38,27,2,319,0,37,4,0,41,252,75,31,2,360,0,0,0,360
05/15/2022,IND,IN,AGL,CE,Combined TRACON& Tower with Radar,253,46,29,2,330,0,103,3,0,106,253,149,32,2,436,0,0,0,436
05/16/2022,IND,IN,AGL,CE,Combined TRACON& Tower with Radar,247,57,43,0,347,0,106,9,0,115,247,163,52,0,462,0,0,0,462
05/17/2022,IND,IN,AGL,CE,Combined TRACON& Tower with Radar,445,72,24,2,543,0,147,3,2,152,445,219,27,4,695,0,0,0,695
05/18/2022,IND,IN,AGL,CE,Combined TRACON& Tower with Radar,446,76,44,2,568,0,33,2,0,35,446,109,46,2,603,0,0,0,603
05/19/2022,IND,IN,AGL,CE,Combined TRACON& Tower with Radar,453,72,67,2,594,0,59,4,2,65,453,131,71,4,659,0,0,0,659
05/20/2022,IND,IN,AGL,CE,Combined TRACON& Tower with Radar,400,66,43,2,511,0,45,7,2,54,400,111,50,4,565,0,0,0,565
05/21/2022,IND,IN,AGL,CE,Combined TRACON& Tower with Radar,272,33,23,0,328,0,19,2,0,21,272,52,25,0,349,0,0,0,349
05/22/2022,IND,IN,AGL,CE,Combined TRACON& Tower with Radar,247,46,26,3,322,0,70,2,0,72,247,116,28,3,394,0,0,0,394
05/23/2022,IND,IN,AGL,CE,Combined TRACON& Tower with Radar,255,42,31,3,331,0,151,6,0,157,255,193,37,3,488,0,0,0,488
05/24/2022,IND,IN,AGL,CE,Combined TRACON& Tower with Radar,444,62,39,4,549,0,157,10,0,167,444,219,49,4,716,0,0,0,716
05/25/2022,IND,IN,AGL,CE,Combined TRACON& Tower with Radar,453,59,49,4,565,0,14,2,0,16,453,73,51,4,581,0,0,0,581
05/26/2022,IND,IN,AGL,CE,Combined TRACON& Tower with Radar,462,82,52,2,598,0,1,0,1,2,462,83,52,3,600,0,0,0,600
05/27/2022,IND,IN,AGL,CE,Combined TRACON& Tower with Radar,424,106,92,4,626,0,18,5,0,23,424,124,97,4,649,0,0,0,649
05/28/2022,IND,IN,AGL,CE,Combined TRACON& Tower with Radar,261,48,66,0,375,0,102,6,2,110,261,150,72,2,485,0,0,0,485
05/29/2022,IND,IN,AGL,CE,Combined TRACON& Tower with Radar,226,95,122,2,445,0,59,155,3,217,226,154,277,5,662,0,0,0,662
05/30/2022,IND,IN,AGL,CE,Combined TRACON& Tower with Radar,276,65,53,1,395,0,51,6,0,57,276,116,59,1,452,0,0,0,452
05/31/2022,IND,IN,AGL,CE,Combined TRACON& Tower with Radar,251,43,39,0,333,0,140,16,1,157,251,183,55,1,490,0,0,0,490
06/01/2022,IND,IN,AGL,CE,Combined TRACON& Tower with Radar,438,67,38,9,552,0,100,3,0,103,438,167,41,9,655,0,0,0,655
06/02/2022,IND,IN,AGL,CE,Combined TRACON& Tower with Radar,433,67,39,8,547,0,132,12,2,146,433,199,51,10,693,0,0,0,693
06/03/2022,IND,IN,AGL,CE,Combined TRACON& Tower with Radar,405,61,31,1,498,0,172,15,2,189,405,233,46,3,687,0,0,0,687
06/04/2022,IND,IN,AGL,CE,Combined TRACON& Tower with Radar,266,41,22,7,336,0,88,9,0,97,266,129,31,7,433,0,0,0,433
06/05/2022,IND,IN,AGL,CE,Combined TRACON& Tower with Radar,261,39,23,4,327,0,66,16,0,82,261,105,39,4,409,0,0,0,409
06/06/2022,IND,IN,AGL,CE,Combined TRACON& Tower with Radar,266,47,32,2,347,0,61,9,0,70,266,108,41,2,417,0,0,0,417
06/07/2022,IND,IN,AGL,CE,Combined TRACON& Tower with Radar,442,94,22,3,561,0,30,4,0,34,442,124,26,3,595,0,0,0,595
06/08/2022,IND,IN,AGL,CE,Combined TRACON& Tower with Radar,444,71,43,5,563,0,59,5,0,64,444,130,48,5,627,0,0,0,627
06/09/2022,IND,IN,AGL,CE,Combined TRACON& Tower with Radar,434,81,54,4,573,0,130,9,0,139,434,211,63,4,712,0,0,0,712
06/10/2022,IND,IN,AGL,CE,Combined TRACON& Tower with Radar,400,66,38,3,507,0,119,10,0,129,400,185,48,3,636,0,0,0,636
06/11/2022,IND,IN,AGL,CE,Combined TRACON& Tower with Radar,273,41,21,3,338,0,42,4,0,46,273,83,25,3,384,0,0,0,384
06/12/2022,IND,IN,AGL,CE,Combined TRACON& Tower with Radar,251,43,27,9,330,0,25,2,0,27,251,68,29,9,357,0,0,0,357
06/13/2022,IND,IN,AGL,CE,Combined TRACON& Tower with Radar,279,61,59,2,401,0,33,3,0,36,279,94,62,2,437,0,0,0,437
06/14/2022,IND,IN,AGL,CE,Combined TRACON& Tower with Radar,446,57,44,6,553,0,148,7,0,155,446,205,51,6,708,0,0,0,708
06/15/2022,IND,IN,AGL,CE,Combined TRACON& Tower with Radar,446,57,41,0,544,0,161,10,0,171,446,218,51,0,715,0,0,0,715
06/16/2022,IND,IN,AGL,CE,Combined TRACON& Tower with Radar,424,64,61,0,549,0,92,26,0,118,424,156,87,0,667,0,0,0,667
06/17/2022,IND,IN,AGL,CE,Combined TRACON& Tower with Radar,382,57,30,0,469,0,111,4,0,115,382,168,34,0,584,0,0,0,584
06/18/2022,IND,IN,AGL,CE,Combined TRACON& Tower with Radar,266,23,31,1,321,0,63,9,0,72,266,86,40,1,393,0,0,0,393
06/19/2022,IND,IN,AGL,CE,Combined TRACON& Tower with Radar,248,42,29,2,321,0,87,12,0,99,248,129,41,2,420,0,0,0,420
06/20/2022,IND,IN,AGL,CE,Combined TRACON& Tower with Radar,275,49,36,0,360,0,122,10,1,133,275,171,46,1,493,0,0,0,493
06/21/2022,IND,IN,AGL,CE,Combined TRACON& Tower with Radar,448,45,27,6,526,0,129,12,0,141,448,174,39,6,667,0,0,0,667
06/22/2022,IND,IN,AGL,CE,Combined TRACON& Tower with Radar,428,73,60,4,565,0,81,7,0,88,428,154,67,4,653,0,0,0,653
06/23/2022,IND,IN,AGL,CE,Combined TRACON& Tower with Radar,443,61,31,5,540,0,111,7,1,119,443,172,38,6,659,0,0,0,659
06/24/2022,IND,IN,AGL,CE,Combined TRACON& Tower with Radar,399,42,26,3,470,0,125,8,2,135,399,167,34,5,605,0,0,0,605
06/25/2022,IND,IN,AGL,CE,Combined TRACON& Tower with Radar,271,21,15,0,307,0,83,11,0,94,271,104,26,0,401,0,0,0,401
06/26/2022,IND,IN,AGL,CE,Combined TRACON& Tower with Radar,265,40,40,2,347,0,24,1,0,25,265,64,41,2,372,0,0,0,372
06/27/2022,IND,IN,AGL,CE,Combined TRACON& Tower with Radar,254,46,46,7,353,0,120,7,1,128,254,166,53,8,481,0,0,0,481
06/28/2022,IND,IN,AGL,CE,Combined TRACON& Tower with Radar,441,53,35,0,529,0,123,9,0,132,441,176,44,0,661,0,0,0,661
06/29/2022,IND,IN,AGL,CE,Combined TRACON& Tower with Radar,455,57,42,9,563,0,135,8,1,144,455,192,50,10,707,0,0,0,707
06/30/2022,IND,IN,AGL,CE,Combined TRACON& Tower with Radar,433,75,73,10,591,0,109,13,0,122,433,184,86,10,713,0,0,0,713
07/01/2022,IND,IN,AGL,CE,Combined TRACON& Tower with Radar,395,49,17,3,464,0,103,7,0,110,395,152,24,3,574,0,0,0,574
07/02/2022,IND,IN,AGL,CE,Combined TRACON& Tower with Radar,271,31,11,0,313,0,83,3,0,86,271,114,14,0,399,0,0,0,399
07/03/2022,IND,IN,AGL,CE,Combined TRACON& Tower with Radar,232,22,11,0,265,0,48,2,0,50,232,70,13,0,315,0,0,0,315
07/04/2022,IND,IN,AGL,CE,Combined TRACON& Tower with Radar,236,20,20,0,276,0,4,8,0,12,236,24,28,0,288,0,0,0,288
07/05/2022,IND,IN,AGL,CE,Combined TRACON& Tower with Radar,236,36,24,0,296,0,88,12,0,100,236,124,36,0,396,0,0,0,396
07/06/2022,IND,IN,AGL,CE,Combined TRACON& Tower with Radar,482,42,26,0,550,0,46,5,0,51,482,88,31,0,601,0,0,0,601
07/07/2022,IND,IN,AGL,CE,Combined TRACON& Tower with Radar,453,56,38,0,547,0,80,3,0,83,453,136,41,0,630,0,0,0,630
07/08/2022,IND,IN,AGL,CE,Combined TRACON& Tower with Radar,397,42,17,0,456,0,0,0,0,0,397,42,17,0,456,0,0,0,456
07/09/2022,IND,IN,AGL,CE,Combined TRACON& Tower with Radar,279,40,17,0,336,0,60,1,0,61,279,100,18,0,397,0,0,0,397
07/10/2022,IND,IN,AGL,CE,Combined TRACON& Tower with Radar,263,40,23,0,326,0,116,10,0,126,263,156,33,0,452,0,0,0,452
07/11/2022,IND,IN,AGL,CE,Combined TRACON& Tower with Radar,274,45,53,2,374,0,120,12,0,132,274,165,65,2,506,0,0,0,506
07/12/2022,IND,IN,AGL,CE,Combined TRACON& Tower with Radar,457,59,42,2,560,0,99,2,0,101,457,158,44,2,661,0,0,0,661
07/13/2022,IND,IN,AGL,CE,Combined TRACON& Tower with Radar,471,60,56,0,587,0,129,14,2,145,471,189,70,2,732,0,0,0,732
07/14/2022,IND,IN,AGL,CE,Combined TRACON& Tower with Radar,471,66,27,4,568,0,121,34,0,155,471,187,61,4,723,0,0,0,723
07/15/2022,IND,IN,AGL,CE,Combined TRACON& Tower with Radar,403,52,39,3,497,0,89,2,0,91,403,141,41,3,588,0,0,0,588
07/16/2022,IND,IN,AGL,CE,Combined TRACON& Tower with Radar,270,23,14,2,309,0,77,3,0,80,270,100,17,2,389,0,0,0,389
07/17/2022,IND,IN,AGL,CE,Combined TRACON& Tower with Radar,271,54,34,0,359,0,0,0,0,0,271,54,34,0,359,0,0,0,359
07/18/2022,IND,IN,AGL,CE,Combined TRACON& Tower with Radar,241,55,47,0,343,0,37,7,0,44,241,92,54,0,387,0,0,0,387
07/19/2022,IND,IN,AGL,CE,Combined TRACON& Tower with Radar,471,53,35,6,565,0,146,5,0,151,471,199,40,6,716,0,0,0,716
07/20/2022,IND,IN,AGL,CE,Combined TRACON& Tower with Radar,467,84,35,3,589,0,40,8,0,48,467,124,43,3,637,0,0,0,637
07/21/2022,IND,IN,AGL,CE,Combined TRACON& Tower with Radar,459,53,50,3,565,0,172,9,0,181,459,225,59,3,746,0,0,0,746
07/22/2022,IND,IN,AGL,CE,Combined TRACON& Tower with Radar,399,65,25,6,495,0,132,18,0,150,399,197,43,6,645,0,0,0,645
07/23/2022,IND,IN,AGL,CE,Combined TRACON& Tower with Radar,299,38,23,2,362,0,54,8,1,63,299,92,31,3,425,0,0,0,425
07/24/2022,IND,IN,AGL,CE,Combined TRACON& Tower with Radar,257,51,40,4,352,0,45,9,0,54,257,96,49,4,406,0,0,0,406
07/25/2022,IND,IN,AGL,CE,Combined TRACON& Tower with Radar,250,53,35,6,344,0,124,7,3,134,250,177,42,9,478,0,0,0,478
07/26/2022,IND,IN,AGL,CE,Combined TRACON& Tower with Radar,460,99,35,2,596,0,8,0,0,8,460,107,35,2,604,0,0,0,604
07/27/2022,IND,IN,AGL,CE,Combined TRACON& Tower with Radar,492,69,44,0,605,0,18,3,0,21,492,87,47,0,626,0,0,0,626
07/28/2022,IND,IN,AGL,CE,Combined TRACON& Tower with Radar,454,76,67,23,620,0,120,5,0,125,454,196,72,23,745,0,0,0,745
07/29/2022,IND,IN,AGL,CE,Combined TRACON& Tower with Radar,406,73,67,3,549,0,138,7,0,145,406,211,74,3,694,0,0,0,694
07/30/2022,IND,IN,AGL,CE,Combined TRACON& Tower with Radar,277,46,55,2,380,0,94,20,2,116,277,140,75,4,496,0,0,0,496
07/31/2022,IND,IN,AGL,CE,Combined TRACON& Tower with Radar,252,59,63,0,374,0,68,17,2,87,252,127,80,2,461,0,0,0,461
08/01/2022,IND,IN,AGL,CE,Combined TRACON& Tower with Radar,255,59,46,1,361,0,49,6,0,55,255,108,52,1,416,0,0,0,416
08/02/2022,IND,IN,AGL,CE,Combined TRACON& Tower with Radar,420,56,30,0,506,0,122,7,0,129,420,178,37,0,635,0,0,0,635
08/03/2022,IND,IN,AGL,CE,Combined TRACON& Tower with Radar,442,57,39,0,538,0,93,5,0,98,442,150,44,0,636,0,0,0,636
08/04/2022,IND,IN,AGL,CE,Combined TRACON& Tower with Radar,394,76,44,0,514,0,8,4,0,12,394,84,48,0,526,0,0,0,526
08/05/2022,IND,IN,AGL,CE,Combined TRACON& Tower with Radar,382,83,36,2,503,0,52,3,0,55,382,135,39,2,558,0,0,0,558
08/06/2022,IND,IN,AGL,CE,Combined TRACON& Tower with Radar,258,48,16,0,322,0,57,0,2,59,258,105,16,2,381,0,0,0,381
08/07/2022,IND,IN,AGL,CE,Combined TRACON& Tower with Radar,252,50,38,2,342,0,95,3,0,98,252,145,41,2,440,0,0,0,440
08/08/2022,IND,IN,AGL,CE,Combined TRACON& Tower with Radar,259,53,37,6,355,0,80,3,1,84,259,133,40,7,439,0,0,0,439
08/09/2022,IND,IN,AGL,CE,Combined TRACON& Tower with Radar,427,65,27,2,521,0,0,0,0,0,427,65,27,2,521,0,0,0,521
08/10/2022,IND,IN,AGL,CE,Combined TRACON& Tower with Radar,425,67,41,4,537,0,82,7,0,89,425,149,48,4,626,0,0,0,626
08/11/2022,IND,IN,AGL,CE,Combined TRACON& Tower with Radar,409,63,40,2,514,0,120,4,0,124,409,183,44,2,638,0,0,0,638
08/12/2022,IND,IN,AGL,CE,Combined TRACON& Tower with Radar,391,48,34,6,479,0,156,12,0,168,391,204,46,6,647,0,0,0,647
08/13/2022,IND,IN,AGL,CE,Combined TRACON& Tower with Radar,242,16,16,2,276,0,106,8,1,115,242,122,24,3,391,0,0,0,391
08/14/2022,IND,IN,AGL,CE,Combined TRACON& Tower with Radar,314,76,34,9,433,0,37,1,0,38,314,113,35,9,471,0,0,0,471
08/15/2022,IND,IN,AGL,CE,Combined TRACON& Tower with Radar,244,67,45,6,362,0,48,5,0,53,244,115,50,6,415,0,0,0,415
08/16/2022,IND,IN,AGL,CE,Combined TRACON& Tower with Radar,423,49,55,6,533,0,141,7,2,150,423,190,62,8,683,0,0,0,683
08/17/2022,IND,IN,AGL,CE,Combined TRACON& Tower with Radar,418,66,39,4,527,1,190,9,0,200,419,256,48,4,727,0,0,0,727
08/18/2022,IND,IN,AGL,CE,Combined TRACON& Tower with Radar,413,57,43,9,522,0,132,11,0,143,413,189,54,9,665,0,0,0,665
08/19/2022,IND,IN,AGL,CE,Combined TRACON& Tower with Radar,384,49,30,0,463,0,133,6,1,140,384,182,36,1,603,0,0,0,603
08/20/2022,IND,IN,AGL,CE,Combined TRACON& Tower with Radar,258,20,19,3,300,0,75,5,2,82,258,95,24,5,382,0,0,0,382
08/21/2022,IND,IN,AGL,CE,Combined TRACON& Tower with Radar,245,44,21,10,320,0,8,2,1,11,245,52,23,11,331,0,0,0,331
08/22/2022,IND,IN,AGL,CE,Combined TRACON& Tower with Radar,228,62,29,3,322,0,44,6,3,53,228,106,35,6,375,0,0,0,375
08/23/2022,IND,IN,AGL,CE,Combined TRACON& Tower with Radar,410,45,40,0,495,0,165,8,2,175,410,210,48,2,670,0,0,0,670
08/24/2022,IND,IN,AGL,CE,Combined TRACON& Tower with Radar,422,67,32,2,523,0,143,8,3,154,422,210,40,5,677,0,0,0,677
08/25/2022,IND,IN,AGL,CE,Combined TRACON& Tower with Radar,414,64,43,4,525,0,113,9,2,124,414,177,52,6,649,0,0,0,649
08/26/2022,IND,IN,AGL,CE,Combined TRACON& Tower with Radar,376,52,25,3,456,0,115,8,1,124,376,167,33,4,580,0,0,0,580
08/27/2022,IND,IN,AGL,CE,Combined TRACON& Tower with Radar,256,25,14,0,295,0,112,11,0,123,256,137,25,0,418,0,0,0,418
08/28/2022,IND,IN,AGL,CE,Combined TRACON& Tower with Radar,252,50,38,2,342,0,95,3,0,98,252,145,41,2,440,0,0,0,440
08/29/2022,IND,IN,AGL,CE,Combined TRACON& Tower with Radar,244,46,36,2,328,0,65,4,1,70,244,111,40,3,398,0,0,0,398
08/30/2022,IND,IN,AGL,CE,Combined TRACON& Tower with Radar,423,50,36,3,512,0,86,0,0,86,423,136,36,3,598,0,0,0,598
08/31/2022,IND,IN,AGL,CE,Combined TRACON& Tower with Radar,422,57,51,5,535,0,138,15,0,153,422,195,66,5,688,0,0,0,688
09/01/2022,IND,IN,AGL,CE,Combined TRACON& Tower with Radar,421,59,45,3,528,0,145,20,2,167,421,204,65,5,695,0,0,0,695
09/02/2022,IND,IN,AGL,CE,Combined TRACON& Tower with Radar,389,54,29,6,478,0,139,5,2,146,389,193,34,8,624,0,0,0,624
09/03/2022,IND,IN,AGL,CE,Combined TRACON& Tower with Radar,244,29,8,1,282,0,52,2,1,55,244,81,10,2,337,0,0,0,337
09/04/2022,IND,IN,AGL,CE,Combined TRACON& Tower with Radar,223,44,19,0,286,0,7,1,0,8,223,51,20,0,294,0,0,0,294
09/05/2022,IND,IN,AGL,CE,Combined TRACON& Tower with Radar,228,46,33,0,307,0,4,1,0,5,228,50,34,0,312,0,0,0,312
09/06/2022,IND,IN,AGL,CE,Combined TRACON& Tower with Radar,246,44,30,2,322,0,41,3,0,44,246,85,33,2,366,0,0,0,366
09/07/2022,IND,IN,AGL,CE,Combined TRACON& Tower with Radar,409,36,54,2,501,0,151,15,0,166,409,187,69,2,667,0,0,0,667
09/08/2022,IND,IN,AGL,CE,Combined TRACON& Tower with Radar,426,55,36,3,520,0,125,9,2,136,426,180,45,5,656,0,0,0,656
09/09/2022,IND,IN,AGL,CE,Combined TRACON& Tower with Radar,376,44,42,0,462,0,130,9,0,139,376,174,51,0,601,0,0,0,601
09/10/2022,IND,IN,AGL,CE,Combined TRACON& Tower with Radar,237,29,15,0,281,0,100,8,0,108,237,129,23,0,389,0,0,0,389
09/11/2022,IND,IN,AGL,CE,Combined TRACON& Tower with Radar,263,42,37,0,342,0,5,1,0,6,263,47,38,0,348,0,0,0,348
09/12/2022,IND,IN,AGL,CE,Combined TRACON& Tower with Radar,243,40,31,4,318,0,71,4,0,75,243,111,35,4,393,0,0,0,393
09/13/2022,IND,IN,AGL,CE,Combined TRACON& Tower with Radar,412,63,56,5,536,0,12,3,0,15,412,75,59,5,551,0,0,0,551
09/14/2022,IND,IN,AGL,CE,Combined TRACON& Tower with Radar,412,55,70,2,539,0,168,12,0,180,412,223,82,2,719,0,0,0,719
09/15/2022,IND,IN,AGL,CE,Combined TRACON& Tower with Radar,428,62,56,8,554,0,170,11,0,181,428,232,67,8,735,0,0,0,735
09/16/2022,IND,IN,AGL,CE,Combined TRACON& Tower with Radar,383,72,35,1,491,0,132,15,0,147,383,204,50,1,638,0,0,0,638
09/17/2022,IND,IN,AGL,CE,Combined TRACON& Tower with Radar,247,26,15,0,288,0,74,7,0,81,247,100,22,0,369,0,0,0,369
09/18/2022,IND,IN,AGL,CE,Combined TRACON& Tower with Radar,263,38,26,0,327,0,86,13,0,99,263,124,39,0,426,0,0,0,426
09/19/2022,IND,IN,AGL,CE,Combined TRACON& Tower with Radar,238,65,49,2,354,0,37,3,0,40,238,102,52,2,394,0,0,0,394
09/20/2022,IND,IN,AGL,CE,Combined TRACON& Tower with Radar,439,61,60,3,563,0,187,10,1,198,439,248,70,4,761,0,0,0,761
09/21/2022,IND,IN,AGL,CE,Combined TRACON& Tower with Radar,416,59,35,2,512,0,171,11,0,182,416,230,46,2,694,0,0,0,694
09/22/2022,IND,IN,AGL,CE,Combined TRACON& Tower with Radar,410,62,63,2,537,0,123,15,0,138,410,185,78,2,675,0,0,0,675
09/23/2022,IND,IN,AGL,CE,Combined TRACON& Tower with Radar,394,58,47,4,503,0,147,10,0,157,394,205,57,4,660,0,0,0,660
09/24/2022,IND,IN,AGL,CE,Combined TRACON& Tower with Radar,241,27,22,1,291,0,90,8,0,98,241,117,30,1,389,0,0,0,389
09/25/2022,IND,IN,AGL,CE,Combined TRACON& Tower with Radar,263,51,42,3,359,0,35,11,0,46,263,86,53,3,405,0,0,0,405
09/26/2022,IND,IN,AGL,CE,Combined TRACON& Tower with Radar,245,43,37,3,328,0,105,4,0,109,245,148,41,3,437,0,0,0,437
09/27/2022,IND,IN,AGL,CE,Combined TRACON& Tower with Radar,415,63,34,4,516,0,100,9,0,109,415,163,43,4,625,0,0,0,625
09/28/2022,IND,IN,AGL,CE,Combined TRACON& Tower with Radar,398,65,46,4,513,0,115,7,0,122,398,180,53,4,635,0,0,0,635
09/29/2022,IND,IN,AGL,CE,Combined TRACON& Tower with Radar,400,52,37,2,491,0,157,9,0,166,400,209,46,2,657,0,0,0,657
09/30/2022,IND,IN,AGL,CE,Combined TRACON& Tower with Radar,383,43,33,2,461,0,149,7,0,156,383,192,40,2,617,0,0,0,617
10/01/2022,IND,IN,AGL,CE,Combined TRACON& Tower with Radar,246,31,18,2,297,0,94,4,0,98,246,125,22,2,395,0,0,0,395
10/02/2022,IND,IN,AGL,CE,Combined TRACON& Tower with Radar,261,28,28,2,319,0,72,4,0,76,261,100,32,2,395,0,0,0,395
10/03/2022,IND,IN,AGL,CE,Combined TRACON& Tower with Radar,255,41,35,2,333,0,140,9,0,149,255,181,44,2,482,0,0,0,482
10/04/2022,IND,IN,AGL,CE,Combined TRACON& Tower with Radar,413,69,50,0,532,0,159,8,0,167,413,228,58,0,699,0,0,0,699
10/05/2022,IND,IN,AGL,CE,Combined TRACON& Tower with Radar,427,71,40,4,542,0,157,4,0,161,427,228,44,4,703,0,0,0,703
10/06/2022,IND,IN,AGL,CE,Combined TRACON& Tower with Radar,420,55,57,11,543,0,147,9,1,157,420,202,66,12,700,0,0,0,700
10/07/2022,IND,IN,AGL,CE,Combined TRACON& Tower with Radar,399,57,28,2,486,0,94,5,0,99,399,151,33,2,585,0,0,0,585
10/08/2022,IND,IN,AGL,CE,Combined TRACON& Tower with Radar,272,30,17,1,320,0,67,9,0,76,272,97,26,1,396,0,0,0,396
10/09/2022,IND,IN,AGL,CE,Combined TRACON& Tower with Radar,261,45,41,0,347,0,48,3,0,51,261,93,44,0,398,0,0,0,398
10/10/2022,IND,IN,AGL,CE,Combined TRACON& Tower with Radar,248,31,48,2,329,0,118,11,0,129,248,149,59,2,458,0,0,0,458
10/11/2022,IND,IN,AGL,CE,Combined TRACON& Tower with Radar,430,58,53,6,547,0,110,10,0,120,430,168,63,6,667,0,0,0,667
10/12/2022,IND,IN,AGL,CE,Combined TRACON& Tower with Radar,433,52,46,2,533,0,28,7,0,35,433,80,53,2,568,0,0,0,568
10/13/2022,IND,IN,AGL,CE,Combined TRACON& Tower with Radar,429,45,45,2,521,0,78,8,0,86,429,123,53,2,607,0,0,0,607
10/14/2022,IND,IN,AGL,CE,Combined TRACON& Tower with Radar,399,47,47,0,493,0,93,6,2,101,399,140,53,2,594,0,0,0,594
10/15/2022,IND,IN,AGL,CE,Combined TRACON& Tower with Radar,282,33,20,2,337,0,104,3,0,107,282,137,23,2,444,0,0,0,444
10/16/2022,IND,IN,AGL,CE,Combined TRACON& Tower with Radar,261,44,40,0,345,0,95,7,0,102,261,139,47,0,447,0,0,0,447
10/17/2022,IND,IN,AGL,CE,Combined TRACON& Tower with Radar,238,43,31,7,319,0,94,2,0,96,238,137,33,7,415,0,0,0,415
10/18/2022,IND,IN,AGL,CE,Combined TRACON& Tower with Radar,434,38,46,4,522,0,64,3,0,67,434,102,49,4,589,0,0,0,589
10/19/2022,IND,IN,AGL,CE,Combined TRACON& Tower with Radar,422,50,61,0,533,0,163,1,0,164,422,213,62,0,697,0,0,0,697
10/20/2022,IND,IN,AGL,CE,Combined TRACON& Tower with Radar,432,51,40,2,525,0,148,17,1,166,432,199,57,3,691,0,0,0,691
10/21/2022,IND,IN,AGL,CE,Combined TRACON& Tower with Radar,392,48,34,6,480,0,124,12,0,136,392,172,46,6,616,0,0,0,616
10/22/2022,IND,IN,AGL,CE,Combined TRACON& Tower with Radar,265,33,21,8,327,0,73,6,5,84,265,106,27,13,411,0,0,0,411
10/23/2022,IND,IN,AGL,CE,Combined TRACON& Tower with Radar,265,37,32,1,335,0,42,12,0,54,265,79,44,1,389,0,0,0,389
10/24/2022,IND,IN,AGL,CE,Combined TRACON& Tower with Radar,234,30,40,4,308,0,115,6,2,123,234,145,46,6,431,0,0,0,431
10/25/2022,IND,IN,AGL,CE,Combined TRACON& Tower with Radar,411,62,49,2,524,0,61,6,0,67,411,123,55,2,591,0,0,0,591
10/26/2022,IND,IN,AGL,CE,Combined TRACON& Tower with Radar,443,72,42,8,565,0,45,3,0,48,443,117,45,8,613,0,0,0,613
10/27/2022,IND,IN,AGL,CE,Combined TRACON& Tower with Radar,417,60,41,2,520,0,174,2,3,179,417,234,43,5,699,0,0,0,699
10/28/2022,IND,IN,AGL,CE,Combined TRACON& Tower with Radar,389,54,40,6,489,0,168,8,0,176,389,222,48,6,665,0,0,0,665
10/29/2022,IND,IN,AGL,CE,Combined TRACON& Tower with Radar,249,22,21,0,292,0,89,12,0,101,249,111,33,0,393,0,0,0,393
10/30/2022,IND,IN,AGL,CE,Combined TRACON& Tower with Radar,252,42,28,1,323,0,18,5,0,23,252,60,33,1,346,0,0,0,346
10/31/2022,IND,IN,AGL,CE,Combined TRACON& Tower with Radar,229,42,22,2,295,0,0,0,0,0,229,42,22,2,295,0,0,0,295
11/01/2022,IND,IN,AGL,CE,Combined TRACON& Tower with Radar,432,62,42,4,540,0,140,6,0,146,432,202,48,4,686,0,0,0,686
11/02/2022,IND,IN,AGL,CE,Combined TRACON& Tower with Radar,422,57,45,3,527,0,174,10,0,184,422,231,55,3,711,0,0,0,711
11/03/2022,IND,IN,AGL,CE,Combined TRACON& Tower with Radar,428,64,49,7,548,0,181,7,0,188,428,245,56,7,736,0,0,0,736
11/04/2022,IND,IN,AGL,CE,Combined TRACON& Tower with Radar,383,46,32,4,465,0,125,13,0,138,383,171,45,4,603,0,0,0,603
11/05/2022,IND,IN,AGL,CE,Combined TRACON& Tower with Radar,260,18,8,2,288,0,3,4,0,7,260,21,12,2,295,0,0,0,295
11/06/2022,IND,IN,AGL,CE,Combined TRACON& Tower with Radar,252,47,13,1,313,0,99,2,2,103,252,146,15,3,416,0,0,0,416
11/07/2022,IND,IN,AGL,CE,Combined TRACON& Tower with Radar,248,37,38,0,323,0,146,3,0,149,248,183,41,0,472,0,0,0,472
11/08/2022,IND,IN,AGL,CE,Combined TRACON& Tower with Radar,438,48,35,3,524,0,158,11,1,170,438,206,46,4,694,0,0,0,694
11/09/2022,IND,IN,AGL,CE,Combined TRACON& Tower with Radar,439,70,39,1,549,0,139,15,2,156,439,209,54,3,705,0,0,0,705
11/10/2022,IND,IN,AGL,CE,Combined TRACON& Tower with Radar,431,55,53,7,546,0,177,11,2,190,431,232,64,9,736,0,0,0,736
11/11/2022,IND,IN,AGL,CE,Combined TRACON& Tower with Radar,392,59,38,3,492,0,48,6,2,56,392,107,44,5,548,0,0,0,548
11/12/2022,IND,IN,AGL,CE,Combined TRACON& Tower with Radar,264,29,14,1,308,0,0,0,0,0,264,29,14,1,308,0,0,0,308
11/13/2022,IND,IN,AGL,CE,Combined TRACON& Tower with Radar,269,21,19,4,313,0,81,4,0,85,269,102,23,4,398,0,0,0,398
11/14/2022,IND,IN,AGL,CE,Combined TRACON& Tower with Radar,271,39,53,7,370,0,163,3,0,166,271,202,56,7,536,0,0,0,536
11/15/2022,IND,IN,AGL,CE,Combined TRACON& Tower with Radar,471,60,60,1,592,0,0,0,0,0,471,60,60,1,592,0,0,0,592
11/16/2022,IND,IN,AGL,CE,Combined TRACON& Tower with Radar,449,59,59,2,569,0,0,0,0,0,449,59,59,2,569,0,0,0,569
11/17/2022,IND,IN,AGL,CE,Combined TRACON& Tower with Radar,436,51,49,0,536,0,29,6,0,35,436,80,55,0,571,0,0,0,571
11/18/2022,IND,IN,AGL,CE,Combined TRACON& Tower with Radar,405,49,35,4,493,0,53,9,0,62,405,102,44,4,555,0,0,0,555
11/19/2022,IND,IN,AGL,CE,Combined TRACON& Tower with Radar,277,32,24,1,334,0,40,2,0,42,277,72,26,1,376,0,0,0,376
11/20/2022,IND,IN,AGL,CE,Combined TRACON& Tower with Radar,269,38,33,0,340,0,151,10,2,163,269,189,43,2,503,0,0,0,503
11/21/2022,IND,IN,AGL,CE,Combined TRACON& Tower with Radar,264,39,45,8,356,0,143,7,0,150,264,182,52,8,506,0,0,0,506
11/22/2022,IND,IN,AGL,CE,Combined TRACON& Tower with Radar,467,53,33,5,558,0,193,10,0,203,467,246,43,5,761,0,0,0,761
11/23/2022,IND,IN,AGL,CE,Combined TRACON& Tower with Radar,476,39,24,0,539,0,186,8,0,194,476,225,32,0,733,0,0,0,733
11/24/2022,IND,IN,AGL,CE,Combined TRACON& Tower with Radar,226,16,8,0,250,0,0,2,0,2,226,16,10,0,252,0,0,0,252
11/25/2022,IND,IN,AGL,CE,Combined TRACON& Tower with Radar,299,38,19,0,356,0,62,4,0,66,299,100,23,0,422,0,0,0,422
11/26/2022,IND,IN,AGL,CE,Combined TRACON& Tower with Radar,283,26,14,0,323,0,70,4,0,74,283,96,18,0,397,0,0,0,397
11/27/2022,IND,IN,AGL,CE,Combined TRACON& Tower with Radar,289,31,29,2,351,0,0,0,0,0,289,31,29,2,351,0,0,0,351
11/28/2022,IND,IN,AGL,CE,Combined TRACON& Tower with Radar,267,54,47,8,376,0,7,1,0,8,267,61,48,8,384,0,0,0,384
11/29/2022,IND,IN,AGL,CE,Combined TRACON& Tower with Radar,475,49,26,4,554,0,108,1,0,109,475,157,27,4,663,0,0,0,663
11/30/2022,IND,IN,AGL,CE,Combined TRACON& Tower with Radar,482,48,29,6,565,0,56,3,0,59,482,104,32,6,624,0,0,0,624
12/01/2022,IND,IN,AGL,CE,Combined TRACON& Tower with Radar,491,47,45,11,594,0,216,7,3,226,491,263,52,14,820,0,0,0,820
12/02/2022,IND,IN,AGL,CE,Combined TRACON& Tower with Radar,471,48,37,5,561,0,55,7,2,64,471,103,44,7,625,0,0,0,625
12/03/2022,IND,IN,AGL,CE,Combined TRACON& Tower with Radar,339,42,50,0,431,0,58,3,0,61,339,100,53,0,492,0,0,0,492
12/04/2022,IND,IN,AGL,CE,Combined TRACON& Tower with Radar,281,44,48,0,373,0,141,5,0,146,281,185,53,0,519,0,0,0,519
12/05/2022,IND,IN,AGL,CE,Combined TRACON& Tower with Radar,268,42,35,4,349,0,89,9,0,98,268,131,44,4,447,0,0,0,447
12/06/2022,IND,IN,AGL,CE,Combined TRACON& Tower with Radar,477,52,42,0,571,0,0,0,0,0,477,52,42,0,571,0,0,0,571
12/07/2022,IND,IN,AGL,CE,Combined TRACON& Tower with Radar,483,64,73,4,624,0,0,1,1,2,483,64,74,5,626,0,0,0,626
12/08/2022,IND,IN,AGL,CE,Combined TRACON& Tower with Radar,492,87,57,4,640,0,4,1,0,5,492,91,58,4,645,0,0,0,645
12/09/2022,IND,IN,AGL,CE,Combined TRACON& Tower with Radar,467,63,41,0,571,0,0,0,0,0,467,63,41,0,571,0,0,0,571
12/10/2022,IND,IN,AGL,CE,Combined TRACON& Tower with Radar,341,23,39,2,405,0,0,0,0,0,341,23,39,2,405,0,0,0,405
12/11/2022,IND,IN,AGL,CE,Combined TRACON& Tower with Radar,296,26,26,1,349,0,2,0,0,2,296,28,26,1,351,0,0,0,351
12/12/2022,IND,IN,AGL,CE,Combined TRACON& Tower with Radar,265,48,48,1,362,0,119,11,0,130,265,167,59,1,492,0,0,0,492
12/13/2022,IND,IN,AGL,CE,Combined TRACON& Tower with Radar,487,47,25,1,560,0,174,9,1,184,487,221,34,2,744,0,0,0,744
12/14/2022,IND,IN,AGL,CE,Combined TRACON& Tower with Radar,481,56,34,1,572,0,0,0,0,0,481,56,34,1,572,0,0,0,572
12/15/2022,IND,IN,AGL,CE,Combined TRACON& Tower with Radar,497,55,40,1,593,0,76,5,0,81,497,131,45,1,674,0,0,0,674
12/16/2022,IND,IN,AGL,CE,Combined TRACON& Tower with Radar,469,46,24,2,541,0,48,72,0,120,469,94,96,2,661,0,0,0,661
12/17/2022,IND,IN,AGL,CE,Combined TRACON& Tower with Radar,360,27,22,0,409,0,37,30,0,67,360,64,52,0,476,0,0,0,476
12/18/2022,IND,IN,AGL,CE,Combined TRACON& Tower with Radar,279,23,23,0,325,0,110,8,0,118,279,133,31,0,443,0,0,0,443
12/19/2022,IND,IN,AGL,CE,Combined TRACON& Tower with Radar,252,29,19,0,300,0,151,6,0,157,252,180,25,0,457,0,0,0,457
12/20/2022,IND,IN,AGL,CE,Combined TRACON& Tower with Radar,487,51,27,2,567,0,193,7,0,200,487,244,34,2,767,0,0,0,767
12/21/2022,IND,IN,AGL,CE,Combined TRACON& Tower with Radar,496,46,41,0,583,0,135,6,0,141,496,181,47,0,724,0,0,0,724
12/22/2022,IND,IN,AGL,CE,Combined TRACON& Tower with Radar,452,39,28,0,519,0,0,0,0,0,452,39,28,0,519,0,0,0,519
12/23/2022,IND,IN,AGL,CE,Combined TRACON& Tower with Radar,203,18,6,0,227,0,0,0,0,0,203,18,6,0,227,0,0,0,227
12/24/2022,IND,IN,AGL,CE,Combined TRACON& Tower with Radar,232,16,8,0,256,0,0,4,0,4,232,16,12,0,260,0,0,0,260
12/25/2022,IND,IN,AGL,CE,Combined TRACON& Tower with Radar,149,14,4,0,167,0,2,2,0,4,149,16,6,0,171,0,0,0,171
12/26/2022,IND,IN,AGL,CE,Combined TRACON& Tower with Radar,184,28,41,0,253,0,0,1,0,1,184,28,42,0,254,0,0,0,254
12/27/2022,IND,IN,AGL,CE,Combined TRACON& Tower with Radar,217,32,38,0,287,0,0,0,0,0,217,32,38,0,287,0,0,0,287
12/28/2022,IND,IN,AGL,CE,Combined TRACON& Tower with Radar,441,53,43,0,537,0,126,4,0,130,441,179,47,0,667,0,0,0,667
12/29/2022,IND,IN,AGL,CE,Combined TRACON& Tower with Radar,417,45,23,0,485,0,2,2,0,4,417,47,25,0,489,0,0,0,489
12/30/2022,IND,IN,AGL,CE,Combined TRACON& Tower with Radar,384,47,23,0,454,0,0,0,0,0,384,47,23,0,454,0,0,0,454
12/31/2022,IND,IN,AGL,CE,Combined TRACON& Tower with Radar,243,21,14,0,278,0,25,1,0,26,243,46,15,0,304,0,0,0,304
01/01/2023,IND,IN,AGL,CE,Combined TRACON& Tower with Radar,176,17,12,0,205,0,0,0,0,0,176,17,12,0,205,0,0,0,205
01/02/2023,IND,IN,AGL,CE,Combined TRACON& Tower with Radar,214,36,30,0,280,0,0,0,0,0,214,36,30,0,280,0,0,0,280
01/03/2023,IND,IN,AGL,CE,Combined TRACON& Tower with Radar,260,64,51,0,375,0,3,4,0,7,260,67,55,0,382,0,0,0,382
01/04/2023,IND,IN,AGL,CE,Combined TRACON& Tower with Radar,402,54,33,0,489,0,165,4,0,169,402,219,37,0,658,0,0,0,658
01/05/2023,IND,IN,AGL,CE,Combined TRACON& Tower with Radar,391,44,19,0,454,0,52,2,0,54,391,96,21,0,508,0,0,0,508
01/06/2023,IND,IN,AGL,CE,Combined TRACON& Tower with Radar,364,42,25,0,431,0,23,2,0,25,364,65,27,0,456,0,0,0,456
01/07/2023,IND,IN,AGL,CE,Combined TRACON& Tower with Radar,252,49,18,0,319,0,90,7,0,97,252,139,25,0,416,0,0,0,416
01/08/2023,IND,IN,AGL,CE,Combined TRACON& Tower with Radar,238,24,17,0,279,0,17,0,0,17,238,41,17,0,296,0,0,0,296
01/09/2023,IND,IN,AGL,CE,Combined TRACON& Tower with Radar,262,36,30,6,334,0,100,6,0,106,262,136,36,6,440,0,0,0,440
01/10/2023,IND,IN,AGL,CE,Combined TRACON& Tower with Radar,430,42,42,1,515,0,151,10,0,161,430,193,52,1,676,0,0,0,676
01/11/2023,IND,IN,AGL,CE,Combined TRACON& Tower with Radar,404,48,32,0,484,0,1,1,0,2,404,49,33,0,486,0,0,0,486
01/12/2023,IND,IN,AGL,CE,Combined TRACON& Tower with Radar,436,45,42,2,525,0,0,0,0,0,436,45,42,2,525,0,0,0,525
01/13/2023,IND,IN,AGL,CE,Combined TRACON& Tower with Radar,409,42,46,9,506,0,0,0,0,0,409,42,46,9,506,0,0,0,506
01/14/2023,IND,IN,AGL,CE,Combined TRACON& Tower with Radar,251,27,12,1,291,0,21,12,0,33,251,48,24,1,324,0,0,0,324
01/15/2023,IND,IN,AGL,CE,Combined TRACON& Tower with Radar,228,26,10,1,265,0,72,3,0,75,228,98,13,1,340,0,0,0,340
01/16/2023,IND,IN,AGL,CE,Combined TRACON& Tower with Radar,250,39,32,2,323,0,22,0,0,22,250,61,32,2,345,0,0,0,345
01/17/2023,IND,IN,AGL,CE,Combined TRACON& Tower with Radar,432,61,31,3,527,0,55,4,0,59,432,116,35,3,586,0,0,0,586
01/18/2023,IND,IN,AGL,CE,Combined TRACON& Tower with Radar,423,43,41,4,511,0,2,2,0,4,423,45,43,4,515,0,0,0,515
01/19/2023,IND,IN,AGL,CE,Combined TRACON& Tower with Radar,433,42,42,0,517,0,0,0,0,0,433,42,42,0,517,0,0,0,517
01/20/2023,IND,IN,AGL,CE,Combined TRACON& Tower with Radar,402,36,21,2,461,0,4,2,0,6,402,40,23,2,467,0,0,0,467
01/21/2023,IND,IN,AGL,CE,Combined TRACON& Tower with Radar,263,39,5,0,307,0,1,2,0,3,263,40,7,0,310,0,0,0,310
01/22/2023,IND,IN,AGL,CE,Combined TRACON& Tower with Radar,248,21,23,1,293,0,0,0,0,0,248,21,23,1,293,0,0,0,293
01/23/2023,IND,IN,AGL,CE,Combined TRACON& Tower with Radar,258,18,32,8,316,0,8,3,0,11,258,26,35,8,327,0,0,0,327
01/24/2023,IND,IN,AGL,CE,Combined TRACON& Tower with Radar,432,44,54,2,532,0,156,13,0,169,432,200,67,2,701,0,0,0,701
01/25/2023,IND,IN,AGL,CE,Combined TRACON& Tower with Radar,299,25,19,0,343,0,0,0,0,0,299,25,19,0,343,0,0,0,343
01/26/2023,IND,IN,AGL,CE,Combined TRACON& Tower with Radar,368,52,52,3,475,0,0,0,2,2,368,52,52,5,477,0,0,0,477
01/27/2023,IND,IN,AGL,CE,Combined TRACON& Tower with Radar,423,46,30,2,501,0,91,5,1,97,423,137,35,3,598,0,0,0,598
01/28/2023,IND,IN,AGL,CE,Combined TRACON& Tower with Radar,273,33,27,0,333,0,100,4,0,104,273,133,31,0,437,0,0,0,437
01/29/2023,IND,IN,AGL,CE,Combined TRACON& Tower with Radar,245,26,14,0,285,0,0,0,0,0,245,26,14,0,285,0,0,0,285
01/30/2023,IND,IN,AGL,CE,Combined TRACON& Tower with Radar,248,40,51,2,341,0,0,1,0,1,248,40,52,2,342,0,0,0,342
01/31/2023,IND,IN,AGL,CE,Combined TRACON& Tower with Radar,364,39,37,4,444,0,157,12,0,169,364,196,49,4,613,0,0,0,613
02/01/2023,IND,IN,AGL,CE,Combined TRACON& Tower with Radar,377,45,38,0,460,0,150,10,0,160,377,195,48,0,620,0,0,0,620
02/02/2023,IND,IN,AGL,CE,Combined TRACON& Tower with Radar,377,63,40,5,485,0,137,5,1,143,377,200,45,6,628,0,0,0,628
02/03/2023,IND,IN,AGL,CE,Combined TRACON& Tower with Radar,359,50,22,2,433,0,101,11,0,112,359,151,33,2,545,0,0,0,545
02/04/2023,IND,IN,AGL,CE,Combined TRACON& Tower with Radar,256,30,19,2,307,0,26,3,0,29,256,56,22,2,336,0,0,0,336
02/05/2023,IND,IN,AGL,CE,Combined TRACON& Tower with Radar,248,23,18,3,292,0,19,11,0,30,248,42,29,3,322,0,0,0,322
02/06/2023,IND,IN,AGL,CE,Combined TRACON& Tower with Radar,268,30,43,2,343,0,79,4,0,83,268,109,47,2,426,0,0,0,426
02/07/2023,IND,IN,AGL,CE,Combined TRACON& Tower with Radar,375,43,35,2,455,0,10,1,0,11,375,53,36,2,466,0,0,0,466
02/08/2023,IND,IN,AGL,CE,Combined TRACON& Tower with Radar,374,48,49,2,473,0,90,2,1,93,374,138,51,3,566,0,0,0,566
02/09/2023,IND,IN,AGL,CE,Combined TRACON& Tower with Radar,374,47,42,2,465,0,0,0,0,0,374,47,42,2,465,0,0,0,465
02/10/2023,IND,IN,AGL,CE,Combined TRACON& Tower with Radar,355,40,36,0,431,0,18,1,0,19,355,58,37,0,450,0,0,0,450
02/11/2023,IND,IN,AGL,CE,Combined TRACON& Tower with Radar,266,20,31,0,317,0,64,8,0,72,266,84,39,0,389,0,0,0,389
02/12/2023,IND,IN,AGL,CE,Combined TRACON& Tower with Radar,242,31,17,0,290,0,38,13,0,51,242,69,30,0,341,0,0,0,341
02/13/2023,IND,IN,AGL,CE,Combined TRACON& Tower with Radar,262,36,29,2,329,0,115,9,0,124,262,151,38,2,453,0,0,0,453
02/14/2023,IND,IN,AGL,CE,Combined TRACON& Tower with Radar,365,37,26,5,433,0,102,3,0,105,365,139,29,5,538,0,0,0,538
02/15/2023,IND,IN,AGL,CE,Combined TRACON& Tower with Radar,404,38,49,6,497,1,27,0,0,28,405,65,49,6,525,0,0,0,525
02/16/2023,IND,IN,AGL,CE,Combined TRACON& Tower with Radar,376,46,43,2,467,0,0,0,0,0,376,46,43,2,467,0,0,0,467
02/17/2023,IND,IN,AGL,CE,Combined TRACON& Tower with Radar,356,41,22,2,421,0,15,1,0,16,356,56,23,2,437,0,0,0,437
02/18/2023,IND,IN,AGL,CE,Combined TRACON& Tower with Radar,252,30,15,0,297,0,87,6,0,93,252,117,21,0,390,0,0,0,390
02/19/2023,IND,IN,AGL,CE,Combined TRACON& Tower with Radar,251,26,14,0,291,0,55,13,0,68,251,81,27,0,359,0,0,0,359
02/20/2023,IND,IN,AGL,CE,Combined TRACON& Tower with Radar,270,59,45,0,374,0,150,9,0,159,270,209,54,0,533,0,0,0,533
02/21/2023,IND,IN,AGL,CE,Combined TRACON& Tower with Radar,378,61,36,6,481,0,101,5,0,106,378,162,41,6,587,0,0,0,587
02/22/2023,IND,IN,AGL,CE,Combined TRACON& Tower with Radar,374,51,49,2,476,0,0,1,0,1,374,51,50,2,477,0,0,0,477
02/23/2023,IND,IN,AGL,CE,Combined TRACON& Tower with Radar,379,53,31,4,467,0,57,0,0,57,379,110,31,4,524,0,0,0,524
02/24/2023,IND,IN,AGL,CE,Combined TRACON& Tower with Radar,375,45,38,7,465,0,151,6,0,157,375,196,44,7,622,0,0,0,622
02/25/2023,IND,IN,AGL,CE,Combined TRACON& Tower with Radar,266,23,20,1,310,0,75,4,0,79,266,98,24,1,389,0,0,0,389
02/26/2023,IND,IN,AGL,CE,Combined TRACON& Tower with Radar,257,32,31,0,320,0,76,6,0,82,257,108,37,0,402,0,0,0,402
02/27/2023,IND,IN,AGL,CE,Combined TRACON& Tower with Radar,271,38,42,3,354,0,0,0,0,0,271,38,42,3,354,0,0,0,354
02/28/2023,IND,IN,AGL,CE,Combined TRACON& Tower with Radar,380,73,41,4,498,0,78,10,2,90,380,151,51,6,588,0,0,0,588
03/01/2023,IND,IN,AGL,CE,Combined TRACON& Tower with Radar,377,61,27,0,465,0,147,17,2,166,377,208,44,2,631,0,0,0,631
03/02/2023,IND,IN,AGL,CE,Combined TRACON& Tower with Radar,376,72,33,3,484,0,160,13,5,178,376,232,46,8,662,0,0,0,662
03/03/2023,IND,IN,AGL,CE,Combined TRACON& Tower with Radar,366,53,28,0,447,0,0,0,0,0,366,53,28,0,447,0,0,0,447
03/04/2023,IND,IN,AGL,CE,Combined TRACON& Tower with Radar,257,36,15,2,310,0,61,9,0,70,257,97,24,2,380,0,0,0,380
03/05/2023,IND,IN,AGL,CE,Combined TRACON& Tower with Radar,261,30,40,0,331,0,86,6,0,92,261,116,46,0,423,0,0,0,423
03/06/2023,IND,IN,AGL,CE,Combined TRACON& Tower with Radar,263,40,36,6,345,0,108,3,0,111,263,148,39,6,456,0,0,0,456
03/07/2023,IND,IN,AGL,CE,Combined TRACON& Tower with Radar,388,57,58,7,510,0,56,6,0,62,388,113,64,7,572,0,0,0,572
03/08/2023,IND,IN,AGL,CE,Combined TRACON& Tower with Radar,385,43,59,4,491,0,149,7,0,156,385,192,66,4,647,0,0,0,647
03/09/2023,IND,IN,AGL,CE,Combined TRACON& Tower with Radar,388,50,58,5,501,0,116,3,1,120,388,166,61,6,621,0,0,0,621
03/10/2023,IND,IN,AGL,CE,Combined TRACON& Tower with Radar,380,35,33,5,453,0,0,1,0,1,380,35,34,5,454,0,0,0,454
03/11/2023,IND,IN,AGL,CE,Combined TRACON& Tower with Radar,289,24,14,1,328,0,41,10,0,51,289,65,24,1,379,0,0,0,379
03/12/2023,IND,IN,AGL,CE,Combined TRACON& Tower with Radar,260,19,14,0,293,0,0,0,0,0,260,19,14,0,293,0,0,0,293
03/13/2023,IND,IN,AGL,CE,Combined TRACON& Tower with Radar,275,28,35,2,340,0,0,0,0,0,275,28,35,2,340,0,0,0,340
03/14/2023,IND,IN,AGL,CE,Combined TRACON& Tower with Radar,385,44,41,3,473,0,198,7,0,205,385,242,48,3,678,0,0,0,678
03/15/2023,IND,IN,AGL,CE,Combined TRACON& Tower with Radar,398,45,38,3,484,0,225,16,1,242,398,270,54,4,726,0,0,0,726
03/16/2023,IND,IN,AGL,CE,Combined TRACON& Tower with Radar,396,51,48,2,497,0,55,8,1,64,396,106,56,3,561,0,0,0,561
03/17/2023,IND,IN,AGL,CE,Combined TRACON& Tower with Radar,386,45,26,2,459,0,6,2,0,8,386,51,28,2,467,0,0,0,467
03/18/2023,IND,IN,AGL,CE,Combined TRACON& Tower with Radar,299,20,20,0,339,0,1,1,0,2,299,21,21,0,341,0,0,0,341
03/19/2023,IND,IN,AGL,CE,Combined TRACON& Tower with Radar,283,29,26,0,338,0,126,9,0,135,283,155,35,0,473,0,0,0,473
03/20/2023,IND,IN,AGL,CE,Combined TRACON& Tower with Radar,297,51,37,0,385,0,188,9,0,197,297,239,46,0,582,0,0,0,582
03/21/2023,IND,IN,AGL,CE,Combined TRACON& Tower with Radar,384,49,33,5,471,0,208,7,0,215,384,257,40,5,686,0,0,0,686
03/22/2023,IND,IN,AGL,CE,Combined TRACON& Tower with Radar,405,52,41,4,502,0,0,0,0,0,405,52,41,4,502,0,0,0,502
03/23/2023,IND,IN,AGL,CE,Combined TRACON& Tower with Radar,396,59,38,5,498,0,0,1,0,1,396,59,39,5,499,0,0,0,499
03/24/2023,IND,IN,AGL,CE,Combined TRACON& Tower with Radar,388,56,49,1,494,0,0,0,0,0,388,56,49,1,494,0,0,0,494
03/25/2023,IND,IN,AGL,CE,Combined TRACON& Tower with Radar,312,31,30,1,374,0,10,1,0,11,312,41,31,1,385,0,0,0,385
03/26/2023,IND,IN,AGL,CE,Combined TRACON& Tower with Radar,273,36,33,3,345,0,186,11,0,197,273,222,44,3,542,0,0,0,542
03/27/2023,IND,IN,AGL,CE,Combined TRACON& Tower with Radar,296,29,34,3,362,0,4,0,0,4,296,33,34,3,366,0,0,0,366
03/28/2023,IND,IN,AGL,CE,Combined TRACON& Tower with Radar,385,45,43,7,480,0,240,10,0,250,385,285,53,7,730,0,0,0,730
03/29/2023,IND,IN,AGL,CE,Combined TRACON& Tower with Radar,403,47,39,0,489,0,206,6,0,212,403,253,45,0,701,0,0,0,701
03/30/2023,IND,IN,AGL,CE,Combined TRACON& Tower with Radar,394,47,40,4,485,0,251,6,0,257,394,298,46,4,742,0,0,0,742
03/31/2023,IND,IN,AGL,CE,Combined TRACON& Tower with Radar,377,51,48,0,476,0,0,0,0,0,377,51,48,0,476,0,0,0,476
04/01/2023,IND,IN,AGL,CE,Combined TRACON& Tower with Radar,330,35,27,5,397,0,6,2,1,9,330,41,29,6,406,0,0,0,406
04/02/2023,IND,IN,AGL,CE,Combined TRACON& Tower with Radar,278,40,33,0,351,0,157,9,0,166,278,197,42,0,517,0,0,0,517
04/03/2023,IND,IN,AGL,CE,Combined TRACON& Tower with Radar,301,48,25,0,374,0,130,5,0,135,301,178,30,0,509,0,0,0,509
04/04/2023,IND,IN,AGL,CE,Combined TRACON& Tower with Radar,407,64,33,2,506,0,32,3,0,35,407,96,36,2,541,0,0,0,541
04/05/2023,IND,IN,AGL,CE,Combined TRACON& Tower with Radar,386,34,26,1,447,0,2,2,0,4,386,36,28,1,451,0,0,0,451
04/06/2023,IND,IN,AGL,CE,Combined TRACON& Tower with Radar,394,56,55,1,506,0,254,11,0,265,394,310,66,1,771,0,0,0,771
04/07/2023,IND,IN,AGL,CE,Combined TRACON& Tower with Radar,370,34,28,0,432,0,211,20,0,231,370,245,48,0,663,0,0,0,663
04/08/2023,IND,IN,AGL,CE,Combined TRACON& Tower with Radar,283,29,19,0,331,0,117,15,0,132,283,146,34,0,463,0,0,0,463
04/09/2023,IND,IN,AGL,CE,Combined TRACON& Tower with Radar,270,29,8,0,307,0,74,8,0,82,270,103,16,0,389,0,0,0,389
04/10/2023,IND,IN,AGL,CE,Combined TRACON& Tower with Radar,286,48,48,0,382,0,195,15,0,210,286,243,63,0,592,0,0,0,592
04/11/2023,IND,IN,AGL,CE,Combined TRACON& Tower with Radar,384,33,44,5,466,0,196,19,0,215,384,229,63,5,681,0,0,0,681
04/12/2023,IND,IN,AGL,CE,Combined TRACON& Tower with Radar,376,41,49,0,466,0,201,12,0,213,376,242,61,0,679,0,0,0,679
04/13/2023,IND,IN,AGL,CE,Combined TRACON& Tower with Radar,386,55,48,5,494,0,216,14,1,231,386,271,62,6,725,0,0,0,725
04/14/2023,IND,IN,AGL,CE,Combined TRACON& Tower with Radar,366,37,38,1,442,0,165,4,1,170,366,202,42,2,612,0,0,0,612
04/15/2023,IND,IN,AGL,CE,Combined TRACON& Tower with Radar,262,24,26,0,312,0,146,7,0,153,262,170,33,0,465,0,0,0,465
04/16/2023,IND,IN,AGL,CE,Combined TRACON& Tower with Radar,262,27,26,2,317,0,4,0,0,4,262,31,26,2,321,0,0,0,321
04/17/2023,IND,IN,AGL,CE,Combined TRACON& Tower with Radar,287,32,26,3,348,0,16,2,0,18,287,48,28,3,366,0,0,0,366
04/18/2023,IND,IN,AGL,CE,Combined TRACON& Tower with Radar,393,38,34,3,468,0,248,10,1,259,393,286,44,4,727,0,0,0,727
04/19/2023,IND,IN,AGL,CE,Combined TRACON& Tower with Radar,380,63,49,4,496,0,197,7,3,207,380,260,56,7,703,0,0,0,703
04/20/2023,IND,IN,AGL,CE,Combined TRACON& Tower with Radar,404,47,40,2,493,0,106,17,0,123,404,153,57,2,616,0,0,0,616
04/21/2023,IND,IN,AGL,CE,Combined TRACON& Tower with Radar,370,39,40,1,450,0,57,6,2,65,370,96,46,3,515,0,0,0,515
04/22/2023,IND,IN,AGL,CE,Combined TRACON& Tower with Radar,246,33,19,3,301,0,92,4,0,96,246,125,23,3,397,0,0,0,397
04/23/2023,IND,IN,AGL,CE,Combined TRACON& Tower with Radar,255,44,29,4,332,0,113,9,0,122,255,157,38,4,454,0,0,0,454
04/24/2023,IND,IN,AGL,CE,Combined TRACON& Tower with Radar,287,35,41,3,366,0,186,5,0,191,287,221,46,3,557,0,0,0,557
04/25/2023,IND,IN,AGL,CE,Combined TRACON& Tower with Radar,381,46,26,2,455,0,177,4,0,181,381,223,30,2,636,0,0,0,636
04/26/2023,IND,IN,AGL,CE,Combined TRACON& Tower with Radar,393,47,56,3,499,0,189,13,1,203,393,236,69,4,702,0,0,0,702
04/27/2023,IND,IN,AGL,CE,Combined TRACON& Tower with Radar,401,47,59,0,507,0,197,5,2,204,401,244,64,2,711,0,0,0,711
04/28/2023,IND,IN,AGL,CE,Combined TRACON& Tower with Radar,369,67,50,4,490,0,5,3,0,8,369,72,53,4,498,0,0,0,498
04/29/2023,IND,IN,AGL,CE,Combined TRACON& Tower with Radar,260,19,14,1,294,0,78,3,1,82,260,97,17,2,376,0,0,0,376
04/30/2023,IND,IN,AGL,CE,Combined TRACON& Tower with Radar,247,53,26,0,326,0,3,6,0,9,247,56,32,0,335,0,0,0,335
05/01/2023,IND,IN,AGL,CE,Combined TRACON& Tower with Radar,281,28,35,2,346,0,0,2,0,2,281,28,37,2,348,0,0,0,348
05/02/2023,IND,IN,AGL,CE,Combined TRACON& Tower with Radar,384,48,36,2,470,0,86,4,0,90,384,134,40,2,560,0,0,0,560
05/03/2023,IND,IN,AGL,CE,Combined TRACON& Tower with Radar,384,57,50,12,503,0,157,12,6,175,384,214,62,18,678,0,0,0,678
05/04/2023,IND,IN,AGL,CE,Combined TRACON& Tower with Radar,388,48,49,3,488,0,240,11,0,251,388,288,60,3,739,0,0,0,739
05/05/2023,IND,IN,AGL,CE,Combined TRACON& Tower with Radar,370,48,46,2,466,0,192,10,0,202,370,240,56,2,668,0,0,0,668
05/06/2023,IND,IN,AGL,CE,Combined TRACON& Tower with Radar,273,27,23,0,323,0,107,3,0,110,273,134,26,0,433,0,0,0,433
05/07/2023,IND,IN,AGL,CE,Combined TRACON& Tower with Radar,262,26,27,0,315,0,37,1,0,38,262,63,28,0,353,0,0,0,353
05/08/2023,IND,IN,AGL,CE,Combined TRACON& Tower with Radar,283,44,25,4,356,0,79,1,0,80,283,123,26,4,436,0,0,0,436
05/09/2023,IND,IN,AGL,CE,Combined TRACON& Tower with Radar,385,49,34,5,473,0,180,9,0,189,385,229,43,5,662,0,0,0,662
05/10/2023,IND,IN,AGL,CE,Combined TRACON& Tower with Radar,383,54,48,4,489,0,191,16,1,208,383,245,64,5,697,0,0,0,697
05/11/2023,IND,IN,AGL,CE,Combined TRACON& Tower with Radar,395,43,46,4,488,0,175,13,0,188,395,218,59,4,676,0,0,0,676
05/12/2023,IND,IN,AGL,CE,Combined TRACON& Tower with Radar,373,62,32,5,472,0,38,2,0,40,373,100,34,5,512,0,0,0,512
05/13/2023,IND,IN,AGL,CE,Combined TRACON& Tower with Radar,270,37,23,2,332,1,17,6,2,26,271,54,29,4,358,0,0,0,358
05/14/2023,IND,IN,AGL,CE,Combined TRACON& Tower with Radar,272,32,21,0,325,0,131,3,0,134,272,163,24,0,459,0,0,0,459
05/15/2023,IND,IN,AGL,CE,Combined TRACON& Tower with Radar,278,44,40,11,373,0,140,9,0,149,278,184,49,11,522,0,0,0,522
05/16/2023,IND,IN,AGL,CE,Combined TRACON& Tower with Radar,376,57,32,0,465,0,75,14,0,89,376,132,46,0,554,0,0,0,554
05/17/2023,IND,IN,AGL,CE,Combined TRACON& Tower with Radar,387,47,44,10,488,0,192,21,0,213,387,239,65,10,701,0,0,0,701
05/18/2023,IND,IN,AGL,CE,Combined TRACON& Tower with Radar,396,55,58,9,518,0,195,8,0,203,396,250,66,9,721,0,0,0,721
05/19/2023,IND,IN,AGL,CE,Combined TRACON& Tower with Radar,360,78,42,2,482,0,110,4,1,115,360,188,46,3,597,0,0,0,597
05/20/2023,IND,IN,AGL,CE,Combined TRACON& Tower with Radar,275,31,39,2,347,0,138,7,2,147,275,169,46,4,494,0,0,0,494
05/21/2023,IND,IN,AGL,CE,Combined TRACON& Tower with Radar,274,30,19,0,323,0,165,9,3,177,274,195,28,3,500,0,0,0,500
05/22/2023,IND,IN,AGL,CE,Combined TRACON& Tower with Radar,279,47,47,2,375,0,179,9,0,188,279,226,56,2,563,0,0,0,563
05/23/2023,IND,IN,AGL,CE,Combined TRACON& Tower with Radar,378,32,37,7,454,0,181,7,0,188,378,213,44,7,642,0,0,0,642
05/24/2023,IND,IN,AGL,CE,Combined TRACON& Tower with Radar,383,48,40,7,478,0,163,8,3,174,383,211,48,10,652,0,0,0,652
05/25/2023,IND,IN,AGL,CE,Combined TRACON& Tower with Radar,413,56,45,1,515,0,142,3,4,149,413,198,48,5,664,0,0,0,664
05/26/2023,IND,IN,AGL,CE,Combined TRACON& Tower with Radar,389,67,85,2,543,0,171,21,0,192,389,238,106,2,735,0,0,0,735
05/27/2023,IND,IN,AGL,CE,Combined TRACON& Tower with Radar,287,35,49,0,371,0,146,9,4,159,287,181,58,4,530,0,0,0,530
05/28/2023,IND,IN,AGL,CE,Combined TRACON& Tower with Radar,251,97,102,2,452,0,108,95,3,206,251,205,197,5,658,0,0,0,658
05/29/2023,IND,IN,AGL,CE,Combined TRACON& Tower with Radar,287,36,54,2,379,0,121,8,0,129,287,157,62,2,508,0,0,0,508
05/30/2023,IND,IN,AGL,CE,Combined TRACON& Tower with Radar,269,31,36,1,337,1,189,4,0,194,270,220,40,1,531,0,0,0,531
05/31/2023,IND,IN,AGL,CE,Combined TRACON& Tower with Radar,395,42,37,0,474,0,115,9,0,124,395,157,46,0,598,0,0,0,598
06/01/2023,IND,IN,AGL,CE,Combined TRACON& Tower with Radar,402,46,31,0,479,0,192,9,0,201,402,238,40,0,680,0,0,0,680
06/02/2023,IND,IN,AGL,CE,Combined TRACON& Tower with Radar,379,31,34,13,457,0,162,6,6,174,379,193,40,19,631,0,0,0,631
06/03/2023,IND,IN,AGL,CE,Combined TRACON& Tower with Radar,266,28,11,0,305,0,131,3,0,134,266,159,14,0,439,0,0,0,439
06/04/2023,IND,IN,AGL,CE,Combined TRACON& Tower with Radar,275,23,27,0,325,0,126,3,5,134,275,149,30,5,459,0,0,0,459
06/05/2023,IND,IN,AGL,CE,Combined TRACON& Tower with Radar,294,47,36,2,379,0,147,8,0,155,294,194,44,2,534,0,0,0,534
06/06/2023,IND,IN,AGL,CE,Combined TRACON& Tower with Radar,386,51,34,2,473,0,180,2,0,182,386,231,36,2,655,0,0,0,655
06/07/2023,IND,IN,AGL,CE,Combined TRACON& Tower with Radar,401,54,28,0,483,0,134,9,0,143,401,188,37,0,626,0,0,0,626
06/08/2023,IND,IN,AGL,CE,Combined TRACON& Tower with Radar,400,40,49,4,493,0,165,9,0,174,400,205,58,4,667,0,0,0,667
06/09/2023,IND,IN,AGL,CE,Combined TRACON& Tower with Radar,378,31,39,3,451,0,161,10,1,172,378,192,49,4,623,0,0,0,623
06/10/2023,IND,IN,AGL,CE,Combined TRACON& Tower with Radar,273,25,14,0,312,1,125,13,0,139,274,150,27,0,451,0,0,0,451
06/11/2023,IND,IN,AGL,CE,Combined TRACON& Tower with Radar,280,29,22,0,331,0,9,2,0,11,280,38,24,0,342,0,0,0,342
06/12/2023,IND,IN,AGL,CE,Combined TRACON& Tower with Radar,286,47,30,4,367,0,49,10,0,59,286,96,40,4,426,0,0,0,426
06/13/2023,IND,IN,AGL,CE,Combined TRACON& Tower with Radar,403,53,46,2,504,0,128,2,0,130,403,181,48,2,634,0,0,0,634
06/14/2023,IND,IN,AGL,CE,Combined TRACON& Tower with Radar,410,71,38,8,527,0,152,7,0,159,410,223,45,8,686,0,0,0,686
06/15/2023,IND,IN,AGL,CE,Combined TRACON& Tower with Radar,401,53,47,6,507,0,200,2,0,202,401,253,49,6,709,0,0,0,709
06/16/2023,IND,IN,AGL,CE,Combined TRACON& Tower with Radar,378,103,37,3,521,0,58,0,0,58,378,161,37,3,579,0,0,0,579
06/17/2023,IND,IN,AGL,CE,Combined TRACON& Tower with Radar,290,54,22,0,366,0,171,2,0,173,290,225,24,0,539,0,0,0,539
06/18/2023,IND,IN,AGL,CE,Combined TRACON& Tower with Radar,277,34,30,0,341,0,155,5,2,162,277,189,35,2,503,0,0,0,503
06/19/2023,IND,IN,AGL,CE,Combined TRACON& Tower with Radar,291,33,39,1,364,0,129,1,0,130,291,162,40,1,494,0,0,0,494
06/20/2023,IND,IN,AGL,CE,Combined TRACON& Tower with Radar,387,48,37,1,473,0,157,3,0,160,387,205,40,1,633,0,0,0,633
06/21/2023,IND,IN,AGL,CE,Combined TRACON& Tower with Radar,397,57,27,4,485,0,172,14,0,186,397,229,41,4,671,0,0,0,671
06/22/2023,IND,IN,AGL,CE,Combined TRACON& Tower with Radar,395,55,51,6,507,1,190,4,0,195,396,245,55,6,702,0,0,0,702
06/23/2023,IND,IN,AGL,CE,Combined TRACON& Tower with Radar,374,55,30,0,459,0,147,5,0,152,374,202,35,0,611,0,0,0,611
06/24/2023,IND,IN,AGL,CE,Combined TRACON& Tower with Radar,297,51,15,0,363,0,179,9,0,188,297,230,24,0,551,0,0,0,551
06/25/2023,IND,IN,AGL,CE,Combined TRACON& Tower with Radar,290,31,22,0,343,0,41,0,1,42,290,72,22,1,385,0,0,0,385
06/26/2023,IND,IN,AGL,CE,Combined TRACON& Tower with Radar,278,62,46,6,392,0,61,3,0,64,278,123,49,6,456,0,0,0,456
06/27/2023,IND,IN,AGL,CE,Combined TRACON& Tower with Radar,364,118,61,2,545,0,7,0,0,7,364,125,61,2,552,0,0,0,552
06/28/2023,IND,IN,AGL,CE,Combined TRACON& Tower with Radar,404,81,60,2,547,0,0,0,0,0,404,81,60,2,547,0,0,0,547
06/29/2023,IND,IN,AGL,CE,Combined TRACON& Tower with Radar,398,65,49,2,514,0,24,1,0,25,398,89,50,2,539,0,0,0,539
06/30/2023,IND,IN,AGL,CE,Combined TRACON& Tower with Radar,389,40,31,6,466,0,197,2,2,201,389,237,33,8,667,0,0,0,667
07/01/2023,IND,IN,AGL,CE,Combined TRACON& Tower with Radar,284,18,7,1,310,0,66,2,0,68,284,84,9,1,378,0,0,0,378
07/02/2023,IND,IN,AGL,CE,Combined TRACON& Tower with Radar,265,22,8,1,296,0,23,0,0,23,265,45,8,1,319,0,0,0,319
07/03/2023,IND,IN,AGL,CE,Combined TRACON& Tower with Radar,230,45,11,0,286,0,81,3,0,84,230,126,14,0,370,0,0,0,370
07/04/2023,IND,IN,AGL,CE,Combined TRACON& Tower with Radar,243,15,4,0,262,0,1,11,0,12,243,16,15,0,274,0,0,0,274
07/05/2023,IND,IN,AGL,CE,Combined TRACON& Tower with Radar,365,57,29,6,457,0,207,3,0,210,365,264,32,6,667,0,0,0,667
07/06/2023,IND,IN,AGL,CE,Combined TRACON& Tower with Radar,397,98,20,7,522,0,117,5,0,122,397,215,25,7,644,0,0,0,644
07/07/2023,IND,IN,AGL,CE,Combined TRACON& Tower with Radar,362,39,20,7,428,0,213,15,1,229,362,252,35,8,657,0,0,0,657
07/08/2023,IND,IN,AGL,CE,Combined TRACON& Tower with Radar,287,36,17,4,344,0,30,4,0,34,287,66,21,4,378,0,0,0,378
07/09/2023,IND,IN,AGL,CE,Combined TRACON& Tower with Radar,278,33,22,4,337,0,173,9,0,182,278,206,31,4,519,0,0,0,519
07/10/2023,IND,IN,AGL,CE,Combined TRACON& Tower with Radar,286,30,31,7,354,0,194,15,0,209,286,224,46,7,563,0,0,0,563
07/11/2023,IND,IN,AGL,CE,Combined TRACON& Tower with Radar,422,62,55,0,539,0,199,15,0,214,422,261,70,0,753,0,0,0,753
07/12/2023,IND,IN,AGL,CE,Combined TRACON& Tower with Radar,441,49,32,4,526,0,197,10,0,207,441,246,42,4,733,0,0,0,733
07/13/2023,IND,IN,AGL,CE,Combined TRACON& Tower with Radar,424,59,51,0,534,0,112,12,0,124,424,171,63,0,658,0,0,0,658
07/14/2023,IND,IN,AGL,CE,Combined TRACON& Tower with Radar,390,46,23,9,468,0,165,6,3,174,390,211,29,12,642,0,0,0,642
07/15/2023,IND,IN,AGL,CE,Combined TRACON& Tower with Radar,291,32,15,0,338,0,40,4,0,44,291,72,19,0,382,0,0,0,382
07/16/2023,IND,IN,AGL,CE,Combined TRACON& Tower with Radar,263,43,43,0,349,0,97,6,0,103,263,140,49,0,452,0,0,0,452
07/17/2023,IND,IN,AGL,CE,Combined TRACON& Tower with Radar,298,53,39,0,390,0,55,3,0,58,298,108,42,0,448,0,0,0,448
07/18/2023,IND,IN,AGL,CE,Combined TRACON& Tower with Radar,412,76,28,7,523,0,112,3,3,118,412,188,31,10,641,0,0,0,641
07/19/2023,IND,IN,AGL,CE,Combined TRACON& Tower with Radar,422,64,29,8,523,0,179,8,2,189,422,243,37,10,712,0,0,0,712
07/20/2023,IND,IN,AGL,CE,Combined TRACON& Tower with Radar,403,76,48,8,535,0,23,2,0,25,403,99,50,8,560,0,0,0,560
07/21/2023,IND,IN,AGL,CE,Combined TRACON& Tower with Radar,392,64,27,6,489,0,148,6,2,156,392,212,33,8,645,0,0,0,645
07/22/2023,IND,IN,AGL,CE,Combined TRACON& Tower with Radar,305,29,18,7,359,0,188,10,0,198,305,217,28,7,557,0,0,0,557
07/23/2023,IND,IN,AGL,CE,Combined TRACON& Tower with Radar,277,30,32,4,343,0,155,7,0,162,277,185,39,4,505,0,0,0,505
07/24/2023,IND,IN,AGL,CE,Combined TRACON& Tower with Radar,307,65,36,9,417,0,101,5,2,108,307,166,41,11,525,0,0,0,525
07/25/2023,IND,IN,AGL,CE,Combined TRACON& Tower with Radar,412,44,52,7,515,0,206,8,0,214,412,250,60,7,729,0,0,0,729
07/26/2023,IND,IN,AGL,CE,Combined TRACON& Tower with Radar,413,51,46,0,510,0,114,4,1,119,413,165,50,1,629,0,0,0,629
07/27/2023,IND,IN,AGL,CE,Combined TRACON& Tower with Radar,409,74,50,3,536,0,56,5,0,61,409,130,55,3,597,0,0,0,597
07/28/2023,IND,IN,AGL,CE,Combined TRACON& Tower with Radar,429,53,33,7,522,0,136,5,0,141,429,189,38,7,663,0,0,0,663
07/29/2023,IND,IN,AGL,CE,Combined TRACON& Tower with Radar,302,44,16,0,362,0,147,9,0,156,302,191,25,0,518,0,0,0,518
07/30/2023,IND,IN,AGL,CE,Combined TRACON& Tower with Radar,284,36,14,0,334,0,169,6,0,175,284,205,20,0,509,0,0,0,509
07/31/2023,IND,IN,AGL,CE,Combined TRACON& Tower with Radar,299,39,30,4,372,0,209,9,2,220,299,248,39,6,592,0,0,0,592
08/01/2023,IND,IN,AGL,CE,Combined TRACON& Tower with Radar,417,47,36,2,502,0,235,9,2,246,417,282,45,4,748,0,0,0,748
08/02/2023,IND,IN,AGL,CE,Combined TRACON& Tower with Radar,412,63,24,9,508,0,199,11,0,210,412,262,35,9,718,0,0,0,718
08/03/2023,IND,IN,AGL,CE,Combined TRACON& Tower with Radar,408,38,41,2,489,0,176,11,3,190,408,214,52,5,679,0,0,0,679
08/04/2023,IND,IN,AGL,CE,Combined TRACON& Tower with Radar,384,32,20,0,436,0,182,10,0,192,384,214,30,0,628,0,0,0,628
08/05/2023,IND,IN,AGL,CE,Combined TRACON& Tower with Radar,277,18,11,0,306,0,82,3,0,85,277,100,14,0,391,0,0,0,391
08/06/2023,IND,IN,AGL,CE,Combined TRACON& Tower with Radar,270,55,30,1,356,0,32,3,0,35,270,87,33,1,391,0,0,0,391
08/07/2023,IND,IN,AGL,CE,Combined TRACON& Tower with Radar,260,59,22,8,349,0,13,0,1,14,260,72,22,9,363,0,0,0,363
08/08/2023,IND,IN,AGL,CE,Combined TRACON& Tower with Radar,412,48,39,4,503,0,170,8,0,178,412,218,47,4,681,0,0,0,681
08/09/2023,IND,IN,AGL,CE,Combined TRACON& Tower with Radar,408,67,41,9,525,0,33,0,0,33,408,100,41,9,558,0,0,0,558
08/10/2023,IND,IN,AGL,CE,Combined TRACON& Tower with Radar,403,97,54,4,558,0,82,8,0,90,403,179,62,4,648,0,0,0,648
08/11/2023,IND,IN,AGL,CE,Combined TRACON& Tower with Radar,380,83,61,1,525,0,147,9,1,157,380,230,70,2,682,0,0,0,682
08/12/2023,IND,IN,AGL,CE,Combined TRACON& Tower with Radar,279,62,58,0,399,0,129,13,3,145,279,191,71,3,544,0,0,0,544
08/13/2023,IND,IN,AGL,CE,Combined TRACON& Tower with Radar,276,41,65,0,382,0,179,20,1,200,276,220,85,1,582,0,0,0,582
08/14/2023,IND,IN,AGL,CE,Combined TRACON& Tower with Radar,300,25,34,2,361,0,10,2,0,12,300,35,36,2,373,0,0,0,373
08/15/2023,IND,IN,AGL,CE,Combined TRACON& Tower with Radar,404,62,45,2,513,0,12,3,0,15,404,74,48,2,528,0,0,0,528
08/16/2023,IND,IN,AGL,CE,Combined TRACON& Tower with Radar,397,22,36,3,458,0,248,8,1,257,397,270,44,4,715,0,0,0,715
08/17/2023,IND,IN,AGL,CE,Combined TRACON& Tower with Radar,416,55,49,0,520,0,117,7,0,124,416,172,56,0,644,0,0,0,644
08/18/2023,IND,IN,AGL,CE,Combined TRACON& Tower with Radar,381,56,28,5,470,0,266,7,0,273,381,322,35,5,743,0,0,0,743
08/19/2023,IND,IN,AGL,CE,Combined TRACON& Tower with Radar,283,21,9,3,316,0,222,5,0,227,283,243,14,3,543,0,0,0,543
08/20/2023,IND,IN,AGL,CE,Combined TRACON& Tower with Radar,255,53,34,3,345,0,145,5,2,152,255,198,39,5,497,0,0,0,497
08/21/2023,IND,IN,AGL,CE,Combined TRACON& Tower with Radar,296,60,28,9,393,0,167,4,0,171,296,227,32,9,564,0,0,0,564
08/22/2023,IND,IN,AGL,CE,Combined TRACON& Tower with Radar,391,52,39,5,487,0,202,3,0,205,391,254,42,5,692,0,0,0,692
08/23/2023,IND,IN,AGL,CE,Combined TRACON& Tower with Radar,395,56,31,2,484,0,141,7,1,149,395,197,38,3,633,0,0,0,633
08/24/2023,IND,IN,AGL,CE,Combined TRACON& Tower with Radar,397,79,30,6,512,0,77,3,1,81,397,156,33,7,593,0,0,0,593
08/25/2023,IND,IN,AGL,CE,Combined TRACON& Tower with Radar,388,72,31,0,491,0,93,5,0,98,388,165,36,0,589,0,0,0,589
08/26/2023,IND,IN,AGL,CE,Combined TRACON& Tower with Radar,281,25,8,0,314,0,86,3,0,89,281,111,11,0,403,0,0,0,403
08/27/2023,IND,IN,AGL,CE,Combined TRACON& Tower with Radar,263,41,27,0,331,0,85,2,0,87,263,126,29,0,418,0,0,0,418
08/28/2023,IND,IN,AGL,CE,Combined TRACON& Tower with Radar,284,38,22,5,349,0,183,10,0,193,284,221,32,5,542,0,0,0,542
08/29/2023,IND,IN,AGL,CE,Combined TRACON& Tower with Radar,397,42,38,2,479,0,215,8,0,223,397,257,46,2,702,0,0,0,702
08/30/2023,IND,IN,AGL,CE,Combined TRACON& Tower with Radar,393,63,49,6,511,0,143,8,0,151,393,206,57,6,662,0,0,0,662
08/31/2023,IND,IN,AGL,CE,Combined TRACON& Tower with Radar,395,53,42,2,492,0,174,5,0,179,395,227,47,2,671,0,0,0,671
