01/01/2020,INT,NC,ASO,ES,Federal Contract Tower,0,5,2,0,7,0,4,32,0,36,0,9,34,0,43,26,0,26,69
01/02/2020,INT,NC,ASO,ES,Federal Contract Tower,0,17,17,0,34,0,4,36,0,40,0,21,53,0,74,20,0,20,94
01/03/2020,INT,NC,ASO,ES,Federal Contract Tower,0,8,4,0,12,0,0,2,0,2,0,8,6,0,14,0,0,0,14
01/04/2020,INT,NC,ASO,ES,Federal Contract Tower,0,7,9,0,16,0,0,6,0,6,0,7,15,0,22,0,0,0,22
01/05/2020,INT,NC,ASO,ES,Federal Contract Tower,0,13,9,0,22,0,30,58,0,88,0,43,67,0,110,100,0,100,210
01/06/2020,INT,NC,ASO,ES,Federal Contract Tower,1,22,14,0,37,0,13,54,0,67,1,35,68,0,104,104,0,104,208
01/07/2020,INT,NC,ASO,ES,Federal Contract Tower,2,28,8,0,38,0,2,17,0,19,2,30,25,0,57,6,0,6,63
01/08/2020,INT,NC,ASO,ES,Federal Contract Tower,0,12,21,0,33,0,0,33,0,33,0,12,54,0,66,22,0,22,88
01/09/2020,INT,NC,ASO,ES,Federal Contract Tower,0,6,15,4,25,0,1,83,5,89,0,7,98,9,114,24,0,24,138
01/10/2020,INT,NC,ASO,ES,Federal Contract Tower,0,16,10,0,26,0,2,50,6,58,0,18,60,6,84,64,0,64,148
01/11/2020,INT,NC,ASO,ES,Federal Contract Tower,0,8,1,0,9,0,2,0,0,2,0,10,1,0,11,0,0,0,11
01/12/2020,INT,NC,ASO,ES,Federal Contract Tower,0,19,12,2,33,0,11,111,2,124,0,30,123,4,157,38,8,46,203
01/13/2020,INT,NC,ASO,ES,Federal Contract Tower,0,12,6,0,18,0,6,0,0,6,0,18,6,0,24,0,0,0,24
01/14/2020,INT,NC,ASO,ES,Federal Contract Tower,0,7,15,0,22,0,0,0,0,0,0,7,15,0,22,0,0,0,22
01/15/2020,INT,NC,ASO,ES,Federal Contract Tower,0,11,9,0,20,0,0,21,2,23,0,11,30,2,43,30,0,30,73
01/16/2020,INT,NC,ASO,ES,Federal Contract Tower,0,21,9,0,30,0,1,9,0,10,0,22,18,0,40,6,0,6,46
01/17/2020,INT,NC,ASO,ES,Federal Contract Tower,0,10,12,0,22,0,0,68,5,73,0,10,80,5,95,46,0,46,141
01/18/2020,INT,NC,ASO,ES,Federal Contract Tower,2,3,7,0,12,0,0,8,0,8,2,3,15,0,20,0,0,0,20
01/19/2020,INT,NC,ASO,ES,Federal Contract Tower,0,6,5,0,11,0,0,24,0,24,0,6,29,0,35,20,0,20,55
01/20/2020,INT,NC,ASO,ES,Federal Contract Tower,0,15,10,0,25,0,0,59,3,62,0,15,69,3,87,118,0,118,205
01/21/2020,INT,NC,ASO,ES,Federal Contract Tower,0,18,15,0,33,0,0,35,0,35,0,18,50,0,68,92,0,92,160
01/22/2020,INT,NC,ASO,ES,Federal Contract Tower,2,10,17,1,30,0,4,60,9,73,2,14,77,10,103,65,0,65,168
01/23/2020,INT,NC,ASO,ES,Federal Contract Tower,1,26,21,0,48,0,2,53,7,62,1,28,74,7,110,131,2,133,243
01/24/2020,INT,NC,ASO,ES,Federal Contract Tower,0,9,5,0,14,0,0,1,0,1,0,9,6,0,15,0,0,0,15
01/25/2020,INT,NC,ASO,ES,Federal Contract Tower,3,5,10,0,18,0,3,35,2,40,3,8,45,2,58,32,0,32,90
01/26/2020,INT,NC,ASO,ES,Federal Contract Tower,0,8,16,0,24,0,5,36,1,42,0,13,52,1,66,14,0,14,80
01/27/2020,INT,NC,ASO,ES,Federal Contract Tower,0,20,8,0,28,0,1,39,4,44,0,21,47,4,72,76,0,76,148
01/28/2020,INT,NC,ASO,ES,Federal Contract Tower,0,20,17,1,38,0,13,46,8,67,0,33,63,9,105,62,6,68,173
01/29/2020,INT,NC,ASO,ES,Federal Contract Tower,0,33,12,1,46,0,1,66,1,68,0,34,78,2,114,56,0,56,170
01/30/2020,INT,NC,ASO,ES,Federal Contract Tower,0,33,13,0,46,0,0,41,5,46,0,33,54,5,92,30,0,30,122
01/31/2020,INT,NC,ASO,ES,Federal Contract Tower,2,28,15,0,45,0,2,21,2,25,2,30,36,2,70,38,0,38,108
02/01/2020,INT,NC,ASO,ES,Federal Contract Tower,0,12,8,0,20,0,1,22,6,29,0,13,30,6,49,53,0,53,102
02/02/2020,INT,NC,ASO,ES,Federal Contract Tower,0,7,9,0,16,0,0,23,0,23,0,7,32,0,39,0,0,0,39
02/03/2020,INT,NC,ASO,ES,Federal Contract Tower,0,14,12,0,26,0,0,55,7,62,0,14,67,7,88,136,0,136,224
02/04/2020,INT,NC,ASO,ES,Federal Contract Tower,0,7,16,0,23,0,0,46,3,49,0,7,62,3,72,146,0,146,218
02/05/2020,INT,NC,ASO,ES,Federal Contract Tower,2,16,2,0,20,0,0,0,0,0,2,16,2,0,20,0,0,0,20
02/06/2020,INT,NC,ASO,ES,Federal Contract Tower,0,12,2,0,14,0,0,0,0,0,0,12,2,0,14,0,0,0,14
02/07/2020,INT,NC,ASO,ES,Federal Contract Tower,0,23,5,0,28,0,12,0,0,12,0,35,5,0,40,0,0,0,40
02/08/2020,INT,NC,ASO,ES,Federal Contract Tower,0,11,4,0,15,0,0,50,0,50,0,11,54,0,65,96,0,96,161
02/09/2020,INT,NC,ASO,ES,Federal Contract Tower,0,23,8,2,33,0,8,74,1,83,0,31,82,3,116,170,0,170,286
02/10/2020,INT,NC,ASO,ES,Federal Contract Tower,0,6,9,0,15,0,1,19,1,21,0,7,28,1,36,38,0,38,74
02/11/2020,INT,NC,ASO,ES,Federal Contract Tower,0,13,17,0,30,0,0,3,0,3,0,13,20,0,33,12,0,12,45
02/12/2020,INT,NC,ASO,ES,Federal Contract Tower,0,24,16,2,42,0,0,14,0,14,0,24,30,2,56,50,0,50,106
02/13/2020,INT,NC,ASO,ES,Federal Contract Tower,0,25,10,0,35,0,0,0,2,2,0,25,10,2,37,0,0,0,37
02/14/2020,INT,NC,ASO,ES,Federal Contract Tower,1,23,14,0,38,0,2,49,0,51,1,25,63,0,89,28,0,28,117
02/15/2020,INT,NC,ASO,ES,Federal Contract Tower,0,4,23,0,27,0,7,51,2,60,0,11,74,2,87,54,0,54,141
02/16/2020,INT,NC,ASO,ES,Federal Contract Tower,2,14,13,0,29,0,0,0,0,0,2,14,13,0,29,48,0,48,77
02/17/2020,INT,NC,ASO,ES,Federal Contract Tower,0,18,27,1,46,0,0,46,7,53,0,18,73,8,99,84,0,84,183
02/18/2020,INT,NC,ASO,ES,Federal Contract Tower,1,13,18,0,32,0,13,0,0,13,1,26,18,0,45,124,0,124,169
02/19/2020,INT,NC,ASO,ES,Federal Contract Tower,0,19,20,2,41,0,0,26,0,26,0,19,46,2,67,116,0,116,183
02/20/2020,INT,NC,ASO,ES,Federal Contract Tower,0,23,7,0,30,0,5,13,0,18,0,28,20,0,48,30,0,30,78
02/21/2020,INT,NC,ASO,ES,Federal Contract Tower,0,36,25,0,61,0,5,38,2,45,0,41,63,2,106,66,0,66,172
02/23/2020,INT,NC,ASO,ES,Federal Contract Tower,0,18,9,0,27,0,10,60,0,70,0,28,69,0,97,132,0,132,229
02/24/2020,INT,NC,ASO,ES,Federal Contract Tower,1,33,7,0,41,0,8,21,0,29,1,41,28,0,70,136,0,136,206
02/25/2020,INT,NC,ASO,ES,Federal Contract Tower,0,25,7,0,32,0,0,7,0,7,0,25,14,0,39,0,0,0,39
02/26/2020,INT,NC,ASO,ES,Federal Contract Tower,0,19,20,0,39,0,0,30,0,30,0,19,50,0,69,78,0,78,147
02/27/2020,INT,NC,ASO,ES,Federal Contract Tower,0,33,13,0,46,0,0,33,3,36,0,33,46,3,82,66,12,78,160
02/28/2020,INT,NC,ASO,ES,Federal Contract Tower,1,23,26,0,50,0,4,51,6,61,1,27,77,6,111,93,0,93,204
03/01/2020,INT,NC,ASO,ES,Federal Contract Tower,0,13,25,0,38,0,1,63,0,64,0,14,88,0,102,65,0,65,167
03/02/2020,INT,NC,ASO,ES,Federal Contract Tower,0,14,15,0,29,0,5,22,0,27,0,19,37,0,56,91,0,91,147
03/03/2020,INT,NC,ASO,ES,Federal Contract Tower,0,20,17,0,37,0,0,23,0,23,0,20,40,0,60,56,0,56,116
03/04/2020,INT,NC,ASO,ES,Federal Contract Tower,1,35,10,2,48,0,0,50,0,50,1,35,60,2,98,50,0,50,148
03/05/2020,INT,NC,ASO,ES,Federal Contract Tower,1,34,7,0,42,0,4,29,0,33,1,38,36,0,75,46,0,46,121
03/06/2020,INT,NC,ASO,ES,Federal Contract Tower,0,32,11,0,43,0,14,10,0,24,0,46,21,0,67,10,0,10,77
03/07/2020,INT,NC,ASO,ES,Federal Contract Tower,0,10,2,0,12,0,18,90,0,108,0,28,92,0,120,82,0,82,202
03/08/2020,INT,NC,ASO,ES,Federal Contract Tower,0,11,5,0,16,0,17,64,0,81,0,28,69,0,97,78,0,78,175
03/09/2020,INT,NC,ASO,ES,Federal Contract Tower,0,19,10,0,29,0,12,58,5,75,0,31,68,5,104,38,0,38,142
03/10/2020,INT,NC,ASO,ES,Federal Contract Tower,0,21,4,0,25,0,1,10,0,11,0,22,14,0,36,0,0,0,36
03/11/2020,INT,NC,ASO,ES,Federal Contract Tower,0,12,15,0,27,0,12,46,3,61,0,24,61,3,88,58,0,58,146
03/12/2020,INT,NC,ASO,ES,Federal Contract Tower,0,15,16,1,32,0,1,74,1,76,0,16,90,2,108,98,0,98,206
03/13/2020,INT,NC,ASO,ES,Federal Contract Tower,0,18,12,0,30,0,0,35,0,35,0,18,47,0,65,56,0,56,121
03/14/2020,INT,NC,ASO,ES,Federal Contract Tower,0,15,19,1,35,0,0,66,1,67,0,15,85,2,102,44,0,44,146
03/15/2020,INT,NC,ASO,ES,Federal Contract Tower,1,15,6,0,22,0,0,39,0,39,1,15,45,0,61,32,0,32,93
03/16/2020,INT,NC,ASO,ES,Federal Contract Tower,0,17,14,1,32,0,1,22,0,23,0,18,36,1,55,85,0,85,140
03/17/2020,INT,NC,ASO,ES,Federal Contract Tower,0,3,7,0,10,0,0,4,0,4,0,3,11,0,14,16,0,16,30
03/18/2020,INT,NC,ASO,ES,Federal Contract Tower,0,11,17,0,28,0,0,39,0,39,0,11,56,0,67,83,0,83,150
03/19/2020,INT,NC,ASO,ES,Federal Contract Tower,0,6,12,0,18,0,0,13,0,13,0,6,25,0,31,18,0,18,49
03/20/2020,INT,NC,ASO,ES,Federal Contract Tower,0,0,7,0,7,0,7,38,0,45,0,7,45,0,52,0,0,0,52
03/21/2020,INT,NC,ASO,ES,Federal Contract Tower,0,9,7,1,17,0,20,59,0,79,0,29,66,1,96,97,0,97,193
03/22/2020,INT,NC,ASO,ES,Federal Contract Tower,0,10,10,0,20,0,4,46,0,50,0,14,56,0,70,33,0,33,103
03/23/2020,INT,NC,ASO,ES,Federal Contract Tower,0,1,0,0,1,0,0,0,0,0,0,1,0,0,1,0,0,0,1
03/24/2020,INT,NC,ASO,ES,Federal Contract Tower,0,6,3,0,9,0,0,4,0,4,0,6,7,0,13,48,0,48,61
03/25/2020,INT,NC,ASO,ES,Federal Contract Tower,0,2,7,0,9,0,0,35,0,35,0,2,42,0,44,18,0,18,62
03/26/2020,INT,NC,ASO,ES,Federal Contract Tower,0,21,15,1,37,0,1,57,1,59,0,22,72,2,96,84,0,84,180
03/27/2020,INT,NC,ASO,ES,Federal Contract Tower,0,1,22,0,23,0,6,37,0,43,0,7,59,0,66,58,0,58,124
03/28/2020,INT,NC,ASO,ES,Federal Contract Tower,0,1,13,0,14,0,0,46,0,46,0,1,59,0,60,24,0,24,84
03/29/2020,INT,NC,ASO,ES,Federal Contract Tower,1,1,4,0,6,0,0,20,0,20,1,1,24,0,26,0,0,0,26
03/30/2020,INT,NC,ASO,ES,Federal Contract Tower,0,0,7,0,7,0,0,28,0,28,0,0,35,0,35,10,0,10,45
03/31/2020,INT,NC,ASO,ES,Federal Contract Tower,0,5,3,0,8,0,0,15,0,15,0,5,18,0,23,77,0,77,100
04/01/2020,INT,NC,ASO,ES,Federal Contract Tower,2,2,5,0,9,0,0,34,0,34,2,2,39,0,43,64,0,64,107
04/02/2020,INT,NC,ASO,ES,Federal Contract Tower,0,6,5,0,11,0,0,27,0,27,0,6,32,0,38,42,0,42,80
04/03/2020,INT,NC,ASO,ES,Federal Contract Tower,2,6,7,0,15,0,2,32,0,34,2,8,39,0,49,22,0,22,71
04/04/2020,INT,NC,ASO,ES,Federal Contract Tower,0,3,6,0,9,0,12,71,0,83,0,15,77,0,92,62,0,62,154
04/05/2020,INT,NC,ASO,ES,Federal Contract Tower,0,4,0,0,4,0,2,47,0,49,0,6,47,0,53,60,0,60,113
04/06/2020,INT,NC,ASO,ES,Federal Contract Tower,0,2,10,0,12,0,9,41,0,50,0,11,51,0,62,8,0,8,70
04/07/2020,INT,NC,ASO,ES,Federal Contract Tower,0,3,0,0,3,0,3,27,0,30,0,6,27,0,33,22,0,22,55
04/08/2020,INT,NC,ASO,ES,Federal Contract Tower,0,1,11,0,12,0,0,50,2,52,0,1,61,2,64,72,0,72,136
04/09/2020,INT,NC,ASO,ES,Federal Contract Tower,0,5,4,0,9,0,0,10,0,10,0,5,14,0,19,16,0,16,35
04/10/2020,INT,NC,ASO,ES,Federal Contract Tower,0,3,3,0,6,0,0,1,0,1,0,3,4,0,7,0,0,0,7
04/11/2020,INT,NC,ASO,ES,Federal Contract Tower,0,0,7,0,7,0,1,104,0,105,0,1,111,0,112,92,0,92,204
04/12/2020,INT,NC,ASO,ES,Federal Contract Tower,0,0,2,0,2,0,0,0,0,0,0,0,2,0,2,0,0,0,2
04/13/2020,INT,NC,ASO,ES,Federal Contract Tower,0,6,2,0,8,0,0,0,0,0,0,6,2,0,8,0,0,0,8
04/14/2020,INT,NC,ASO,ES,Federal Contract Tower,0,2,9,2,13,0,0,35,0,35,0,2,44,2,48,50,0,50,98
04/15/2020,INT,NC,ASO,ES,Federal Contract Tower,0,5,8,0,13,0,0,12,5,17,0,5,20,5,30,14,0,14,44
04/16/2020,INT,NC,ASO,ES,Federal Contract Tower,0,1,16,3,20,0,1,33,0,34,0,2,49,3,54,40,22,62,116
04/17/2020,INT,NC,ASO,ES,Federal Contract Tower,0,3,5,0,8,0,0,23,0,23,0,3,28,0,31,30,0,30,61
04/18/2020,INT,NC,ASO,ES,Federal Contract Tower,0,0,6,0,6,0,0,17,0,17,0,0,23,0,23,18,0,18,41
04/19/2020,INT,NC,ASO,ES,Federal Contract Tower,0,3,12,0,15,0,3,66,0,69,0,6,78,0,84,70,0,70,154
04/20/2020,INT,NC,ASO,ES,Federal Contract Tower,0,0,8,0,8,0,0,13,0,13,0,0,21,0,21,24,0,24,45
04/21/2020,INT,NC,ASO,ES,Federal Contract Tower,0,1,5,0,6,0,5,19,0,24,0,6,24,0,30,20,0,20,50
04/22/2020,INT,NC,ASO,ES,Federal Contract Tower,0,6,9,0,15,0,3,62,0,65,0,9,71,0,80,94,0,94,174
04/23/2020,INT,NC,ASO,ES,Federal Contract Tower,0,7,0,0,7,0,0,0,0,0,0,7,0,0,7,0,0,0,7
04/24/2020,INT,NC,ASO,ES,Federal Contract Tower,0,4,3,0,7,0,0,20,0,20,0,4,23,0,27,18,0,18,45
04/25/2020,INT,NC,ASO,ES,Federal Contract Tower,0,1,15,0,16,0,0,23,0,23,0,1,38,0,39,54,0,54,93
04/26/2020,INT,NC,ASO,ES,Federal Contract Tower,0,1,8,0,9,0,0,4,0,4,0,1,12,0,13,18,0,18,31
04/27/2020,INT,NC,ASO,ES,Federal Contract Tower,2,4,3,0,9,0,8,20,0,28,2,12,23,0,37,38,0,38,75
04/28/2020,INT,NC,ASO,ES,Federal Contract Tower,2,3,11,0,16,0,4,55,0,59,2,7,66,0,75,58,0,58,133
04/29/2020,INT,NC,ASO,ES,Federal Contract Tower,2,11,9,0,22,0,3,5,0,8,2,14,14,0,30,0,0,0,30
04/30/2020,INT,NC,ASO,ES,Federal Contract Tower,2,3,17,0,22,0,1,12,0,13,2,4,29,0,35,36,0,36,71
05/01/2020,INT,NC,ASO,ES,Federal Contract Tower,2,6,8,0,16,0,8,25,0,33,2,14,33,0,49,54,0,54,103
05/02/2020,INT,NC,ASO,ES,Federal Contract Tower,0,7,6,0,13,0,10,93,0,103,0,17,99,0,116,78,0,78,194
05/03/2020,INT,NC,ASO,ES,Federal Contract Tower,0,5,5,0,10,0,2,47,0,49,0,7,52,0,59,18,0,18,77
05/04/2020,INT,NC,ASO,ES,Federal Contract Tower,0,7,4,0,11,0,7,33,0,40,0,14,37,0,51,28,0,28,79
05/05/2020,INT,NC,ASO,ES,Federal Contract Tower,0,12,4,0,16,0,0,0,0,0,0,12,4,0,16,8,0,8,24
05/06/2020,INT,NC,ASO,ES,Federal Contract Tower,2,9,10,0,21,0,0,33,0,33,2,9,43,0,54,14,0,14,68
05/07/2020,INT,NC,ASO,ES,Federal Contract Tower,1,6,18,0,25,0,0,47,0,47,1,6,65,0,72,58,0,58,130
05/08/2020,INT,NC,ASO,ES,Federal Contract Tower,1,10,9,0,20,0,0,20,0,20,1,10,29,0,40,34,0,34,74
05/09/2020,INT,NC,ASO,ES,Federal Contract Tower,0,13,4,0,17,0,0,42,0,42,0,13,46,0,59,44,0,44,103
05/10/2020,INT,NC,ASO,ES,Federal Contract Tower,0,2,5,0,7,0,0,23,2,25,0,2,28,2,32,8,0,8,40
05/11/2020,INT,NC,ASO,ES,Federal Contract Tower,1,4,13,0,18,0,1,9,0,10,1,5,22,0,28,0,0,0,28
05/12/2020,INT,NC,ASO,ES,Federal Contract Tower,1,4,8,0,13,0,0,52,0,52,1,4,60,0,65,54,0,54,119
05/13/2020,INT,NC,ASO,ES,Federal Contract Tower,0,8,17,0,25,0,1,55,0,56,0,9,72,0,81,62,0,62,143
05/14/2020,INT,NC,ASO,ES,Federal Contract Tower,0,6,15,0,21,3,26,0,0,29,3,32,15,0,50,30,0,30,80
05/15/2020,INT,NC,ASO,ES,Federal Contract Tower,0,8,12,0,20,0,24,50,3,77,0,32,62,3,97,27,4,31,128
05/16/2020,INT,NC,ASO,ES,Federal Contract Tower,0,2,10,0,12,0,7,45,0,52,0,9,55,0,64,120,0,120,184
05/17/2020,INT,NC,ASO,ES,Federal Contract Tower,0,5,7,0,12,0,4,34,1,39,0,9,41,1,51,57,0,57,108
05/18/2020,INT,NC,ASO,ES,Federal Contract Tower,0,14,6,0,20,0,4,0,0,4,0,18,6,0,24,2,0,2,26
05/19/2020,INT,NC,ASO,ES,Federal Contract Tower,0,10,2,0,12,0,0,0,0,0,0,10,2,0,12,0,0,0,12
05/20/2020,INT,NC,ASO,ES,Federal Contract Tower,0,15,3,0,18,0,0,0,0,0,0,15,3,0,18,0,0,0,18
05/21/2020,INT,NC,ASO,ES,Federal Contract Tower,0,17,4,0,21,0,0,0,0,0,0,17,4,0,21,0,0,0,21
05/22/2020,INT,NC,ASO,ES,Federal Contract Tower,0,15,5,0,20,0,2,28,0,30,0,17,33,0,50,38,0,38,88
05/23/2020,INT,NC,ASO,ES,Federal Contract Tower,0,2,13,0,15,0,6,24,0,30,0,8,37,0,45,78,0,78,123
05/24/2020,INT,NC,ASO,ES,Federal Contract Tower,0,1,3,0,4,0,0,29,0,29,0,1,32,0,33,36,0,36,69
05/25/2020,INT,NC,ASO,ES,Federal Contract Tower,0,11,9,0,20,0,0,0,0,0,0,11,9,0,20,0,0,0,20
05/26/2020,INT,NC,ASO,ES,Federal Contract Tower,0,7,23,1,31,0,4,15,1,20,0,11,38,2,51,20,8,28,79
05/27/2020,INT,NC,ASO,ES,Federal Contract Tower,0,8,3,0,11,0,0,0,0,0,0,8,3,0,11,0,0,0,11
05/28/2020,INT,NC,ASO,ES,Federal Contract Tower,0,1,13,1,15,0,0,13,0,13,0,1,26,1,28,0,0,0,28
05/29/2020,INT,NC,ASO,ES,Federal Contract Tower,0,5,6,0,11,0,10,3,0,13,0,15,9,0,24,4,0,4,28
05/30/2020,INT,NC,ASO,ES,Federal Contract Tower,0,9,4,0,13,0,1,84,0,85,0,10,88,0,98,52,0,52,150
05/31/2020,INT,NC,ASO,ES,Federal Contract Tower,0,10,9,0,19,0,2,82,0,84,0,12,91,0,103,82,0,82,185
06/01/2020,INT,NC,ASO,ES,Federal Contract Tower,0,2,7,0,9,0,7,65,2,74,0,9,72,2,83,50,0,50,133
06/02/2020,INT,NC,ASO,ES,Federal Contract Tower,0,8,17,0,25,0,0,55,0,55,0,8,72,0,80,98,0,98,178
06/03/2020,INT,NC,ASO,ES,Federal Contract Tower,0,11,7,0,18,0,2,36,0,38,0,13,43,0,56,34,0,34,90
06/04/2020,INT,NC,ASO,ES,Federal Contract Tower,0,2,13,0,15,0,0,29,0,29,0,2,42,0,44,10,0,10,54
06/05/2020,INT,NC,ASO,ES,Federal Contract Tower,0,2,9,0,11,0,0,15,0,15,0,2,24,0,26,14,0,14,40
06/06/2020,INT,NC,ASO,ES,Federal Contract Tower,0,5,6,0,11,0,0,60,0,60,0,5,66,0,71,84,0,84,155
06/07/2020,INT,NC,ASO,ES,Federal Contract Tower,0,2,7,0,9,0,0,41,0,41,0,2,48,0,50,55,0,55,105
06/08/2020,INT,NC,ASO,ES,Federal Contract Tower,0,3,8,0,11,0,0,23,0,23,0,3,31,0,34,61,0,61,95
06/09/2020,INT,NC,ASO,ES,Federal Contract Tower,0,5,16,0,21,0,0,10,0,10,0,5,26,0,31,2,0,2,33
06/10/2020,INT,NC,ASO,ES,Federal Contract Tower,0,4,13,0,17,0,0,14,0,14,0,4,27,0,31,34,0,34,65
06/11/2020,INT,NC,ASO,ES,Federal Contract Tower,0,8,15,2,25,0,0,24,0,24,0,8,39,2,49,69,0,69,118
06/12/2020,INT,NC,ASO,ES,Federal Contract Tower,0,8,19,3,30,0,17,51,0,68,0,25,70,3,98,15,8,23,121
06/13/2020,INT,NC,ASO,ES,Federal Contract Tower,0,5,6,0,11,0,10,41,0,51,0,15,47,0,62,68,0,68,130
06/14/2020,INT,NC,ASO,ES,Federal Contract Tower,0,6,6,0,12,0,16,39,0,55,0,22,45,0,67,24,0,24,91
06/15/2020,INT,NC,ASO,ES,Federal Contract Tower,0,13,14,0,27,0,0,2,0,2,0,13,16,0,29,2,0,2,31
06/16/2020,INT,NC,ASO,ES,Federal Contract Tower,0,6,6,0,12,0,0,0,0,0,0,6,6,0,12,0,0,0,12
06/17/2020,INT,NC,ASO,ES,Federal Contract Tower,1,12,9,0,22,0,0,0,0,0,1,12,9,0,22,2,0,2,24
06/18/2020,INT,NC,ASO,ES,Federal Contract Tower,0,17,9,0,26,0,0,2,0,2,0,17,11,0,28,0,0,0,28
06/19/2020,INT,NC,ASO,ES,Federal Contract Tower,0,7,26,0,33,0,1,10,0,11,0,8,36,0,44,50,0,50,94
06/20/2020,INT,NC,ASO,ES,Federal Contract Tower,0,11,13,0,24,0,0,36,0,36,0,11,49,0,60,20,0,20,80
06/21/2020,INT,NC,ASO,ES,Federal Contract Tower,0,9,10,0,19,0,0,47,0,47,0,9,57,0,66,34,0,34,100
06/22/2020,INT,NC,ASO,ES,Federal Contract Tower,0,4,17,0,21,0,3,43,0,46,0,7,60,0,67,34,0,34,101
06/23/2020,INT,NC,ASO,ES,Federal Contract Tower,0,7,6,0,13,0,6,23,0,29,0,13,29,0,42,70,0,70,112
06/24/2020,INT,NC,ASO,ES,Federal Contract Tower,0,19,29,0,48,0,0,51,0,51,0,19,80,0,99,50,0,50,149
06/25/2020,INT,NC,ASO,ES,Federal Contract Tower,0,17,7,0,24,0,3,17,0,20,0,20,24,0,44,16,0,16,60
06/26/2020,INT,NC,ASO,ES,Federal Contract Tower,0,29,19,0,48,0,6,54,0,60,0,35,73,0,108,38,0,38,146
06/27/2020,INT,NC,ASO,ES,Federal Contract Tower,2,7,8,0,17,0,0,52,0,52,2,7,60,0,69,10,0,10,79
06/28/2020,INT,NC,ASO,ES,Federal Contract Tower,0,10,6,0,16,0,2,15,0,17,0,12,21,0,33,20,0,20,53
06/29/2020,INT,NC,ASO,ES,Federal Contract Tower,0,13,12,2,27,0,6,30,6,42,0,19,42,8,69,72,0,72,141
06/30/2020,INT,NC,ASO,ES,Federal Contract Tower,0,13,8,0,21,0,5,23,4,32,0,18,31,4,53,16,0,16,69
07/01/2020,INT,NC,ASO,ES,Federal Contract Tower,0,7,9,0,16,0,0,21,2,23,0,7,30,2,39,13,2,15,54
07/02/2020,INT,NC,ASO,ES,Federal Contract Tower,0,5,18,0,23,0,10,46,0,56,0,15,64,0,79,36,0,36,115
07/03/2020,INT,NC,ASO,ES,Federal Contract Tower,0,3,13,0,16,0,2,45,0,47,0,5,58,0,63,50,0,50,113
07/04/2020,INT,NC,ASO,ES,Federal Contract Tower,0,1,5,0,6,0,0,51,0,51,0,1,56,0,57,20,0,20,77
07/05/2020,INT,NC,ASO,ES,Federal Contract Tower,0,2,6,0,8,0,0,42,0,42,0,2,48,0,50,46,0,46,96
07/06/2020,INT,NC,ASO,ES,Federal Contract Tower,0,9,13,2,24,0,1,37,0,38,0,10,50,2,62,49,4,53,115
07/07/2020,INT,NC,ASO,ES,Federal Contract Tower,0,11,7,0,18,0,0,13,0,13,0,11,20,0,31,38,0,38,69
07/08/2020,INT,NC,ASO,ES,Federal Contract Tower,0,8,20,2,30,0,0,31,0,31,0,8,51,2,61,28,2,30,91
07/09/2020,INT,NC,ASO,ES,Federal Contract Tower,0,9,22,0,31,0,0,8,2,10,0,9,30,2,41,49,0,49,90
07/10/2020,INT,NC,ASO,ES,Federal Contract Tower,0,13,9,0,22,0,2,37,0,39,0,15,46,0,61,90,0,90,151
07/11/2020,INT,NC,ASO,ES,Federal Contract Tower,0,6,16,0,22,0,0,37,0,37,0,6,53,0,59,43,0,43,102
07/12/2020,INT,NC,ASO,ES,Federal Contract Tower,0,13,27,0,40,0,0,44,0,44,0,13,71,0,84,98,0,98,182
07/13/2020,INT,NC,ASO,ES,Federal Contract Tower,0,19,4,0,23,0,9,51,0,60,0,28,55,0,83,86,0,86,169
07/14/2020,INT,NC,ASO,ES,Federal Contract Tower,0,13,12,0,25,0,20,56,1,77,0,33,68,1,102,70,0,70,172
07/15/2020,INT,NC,ASO,ES,Federal Contract Tower,0,3,3,0,6,0,0,48,0,48,0,3,51,0,54,32,0,32,86
07/16/2020,INT,NC,ASO,ES,Federal Contract Tower,0,12,9,0,21,0,0,18,0,18,0,12,27,0,39,34,0,34,73
07/17/2020,INT,NC,ASO,ES,Federal Contract Tower,0,17,7,0,24,0,0,40,2,42,0,17,47,2,66,10,0,10,76
07/18/2020,INT,NC,ASO,ES,Federal Contract Tower,0,5,11,0,16,0,0,28,3,31,0,5,39,3,47,100,2,102,149
07/19/2020,INT,NC,ASO,ES,Federal Contract Tower,0,5,14,0,19,0,2,40,0,42,0,7,54,0,61,54,0,54,115
07/20/2020,INT,NC,ASO,ES,Federal Contract Tower,1,2,12,1,16,0,2,37,1,40,1,4,49,2,56,97,0,97,153
07/21/2020,INT,NC,ASO,ES,Federal Contract Tower,0,11,21,0,32,0,0,47,0,47,0,11,68,0,79,74,0,74,153
07/22/2020,INT,NC,ASO,ES,Federal Contract Tower,0,10,19,0,29,0,0,35,0,35,0,10,54,0,64,22,0,22,86
07/23/2020,INT,NC,ASO,ES,Federal Contract Tower,1,5,5,0,11,0,1,29,0,30,1,6,34,0,41,48,0,48,89
07/24/2020,INT,NC,ASO,ES,Federal Contract Tower,0,12,7,0,19,0,3,17,0,20,0,15,24,0,39,18,0,18,57
07/25/2020,INT,NC,ASO,ES,Federal Contract Tower,0,1,8,0,9,0,10,52,0,62,0,11,60,0,71,52,0,52,123
07/26/2020,INT,NC,ASO,ES,Federal Contract Tower,0,13,4,0,17,0,23,39,0,62,0,36,43,0,79,22,0,22,101
07/27/2020,INT,NC,ASO,ES,Federal Contract Tower,0,4,2,0,6,0,17,41,0,58,0,21,43,0,64,92,0,92,156
07/28/2020,INT,NC,ASO,ES,Federal Contract Tower,0,12,3,0,15,0,0,45,0,45,0,12,48,0,60,84,0,84,144
07/29/2020,INT,NC,ASO,ES,Federal Contract Tower,0,13,8,0,21,0,0,45,2,47,0,13,53,2,68,62,0,62,130
07/30/2020,INT,NC,ASO,ES,Federal Contract Tower,0,16,14,0,30,0,5,44,4,53,0,21,58,4,83,24,0,24,107
07/31/2020,INT,NC,ASO,ES,Federal Contract Tower,0,5,14,0,19,0,0,32,1,33,0,5,46,1,52,24,0,24,76
08/01/2020,INT,NC,ASO,ES,Federal Contract Tower,0,7,15,0,22,0,0,28,3,31,0,7,43,3,53,66,4,70,123
08/02/2020,INT,NC,ASO,ES,Federal Contract Tower,1,10,9,0,20,0,0,15,0,15,1,10,24,0,35,27,0,27,62
08/03/2020,INT,NC,ASO,ES,Federal Contract Tower,0,3,11,0,14,0,0,4,0,4,0,3,15,0,18,35,0,35,53
08/04/2020,INT,NC,ASO,ES,Federal Contract Tower,0,5,7,0,12,0,2,54,0,56,0,7,61,0,68,119,0,119,187
08/05/2020,INT,NC,ASO,ES,Federal Contract Tower,0,7,17,0,24,0,0,35,2,37,0,7,52,2,61,45,0,45,106
08/06/2020,INT,NC,ASO,ES,Federal Contract Tower,0,6,23,4,33,0,1,11,0,12,0,7,34,4,45,28,0,28,73
08/07/2020,INT,NC,ASO,ES,Federal Contract Tower,0,9,10,0,19,0,15,38,0,53,0,24,48,0,72,80,0,80,152
08/08/2020,INT,NC,ASO,ES,Federal Contract Tower,0,2,21,0,23,0,6,34,2,42,0,8,55,2,65,99,0,99,164
08/09/2020,INT,NC,ASO,ES,Federal Contract Tower,0,10,12,0,22,0,12,41,5,58,0,22,53,5,80,48,0,48,128
08/10/2020,INT,NC,ASO,ES,Federal Contract Tower,0,11,5,1,17,0,16,55,5,76,0,27,60,6,93,60,0,60,153
08/11/2020,INT,NC,ASO,ES,Federal Contract Tower,0,8,13,0,21,0,0,54,0,54,0,8,67,0,75,98,0,98,173
08/12/2020,INT,NC,ASO,ES,Federal Contract Tower,0,5,7,1,13,0,0,43,1,44,0,5,50,2,57,66,0,66,123
08/13/2020,INT,NC,ASO,ES,Federal Contract Tower,0,9,17,1,27,0,3,10,0,13,0,12,27,1,40,12,0,12,52
08/14/2020,INT,NC,ASO,ES,Federal Contract Tower,0,2,19,0,21,0,0,1,2,3,0,2,20,2,24,10,0,10,34
08/15/2020,INT,NC,ASO,ES,Federal Contract Tower,0,8,10,0,18,0,0,0,0,0,0,8,10,0,18,0,0,0,18
08/16/2020,INT,NC,ASO,ES,Federal Contract Tower,0,11,9,0,20,0,0,13,0,13,0,11,22,0,33,48,0,48,81
08/17/2020,INT,NC,ASO,ES,Federal Contract Tower,0,12,9,0,21,0,2,23,0,25,0,14,32,0,46,88,0,88,134
08/18/2020,INT,NC,ASO,ES,Federal Contract Tower,0,29,22,0,51,0,1,52,0,53,0,30,74,0,104,82,0,82,186
08/19/2020,INT,NC,ASO,ES,Federal Contract Tower,2,19,22,2,45,0,0,36,0,36,2,19,58,2,81,54,0,54,135
08/20/2020,INT,NC,ASO,ES,Federal Contract Tower,0,29,14,0,43,0,1,10,0,11,0,30,24,0,54,38,0,38,92
08/21/2020,INT,NC,ASO,ES,Federal Contract Tower,0,14,6,0,20,0,8,14,0,22,0,22,20,0,42,32,0,32,74
08/22/2020,INT,NC,ASO,ES,Federal Contract Tower,0,9,11,0,20,0,2,34,0,36,0,11,45,0,56,48,0,48,104
08/23/2020,INT,NC,ASO,ES,Federal Contract Tower,0,24,6,0,30,0,7,47,1,55,0,31,53,1,85,68,0,68,153
08/24/2020,INT,NC,ASO,ES,Federal Contract Tower,0,11,9,0,20,0,8,35,5,48,0,19,44,5,68,62,6,68,136
08/25/2020,INT,NC,ASO,ES,Federal Contract Tower,0,8,15,0,23,0,5,42,1,48,0,13,57,1,71,56,0,56,127
08/26/2020,INT,NC,ASO,ES,Federal Contract Tower,0,20,19,0,39,0,2,51,0,53,0,22,70,0,92,50,0,50,142
08/27/2020,INT,NC,ASO,ES,Federal Contract Tower,0,15,23,0,38,0,0,69,1,70,0,15,92,1,108,48,0,48,156
08/28/2020,INT,NC,ASO,ES,Federal Contract Tower,0,5,8,1,14,0,0,31,0,31,0,5,39,1,45,42,0,42,87
08/29/2020,INT,NC,ASO,ES,Federal Contract Tower,0,1,11,0,12,0,0,4,0,4,0,1,15,0,16,10,0,10,26
08/30/2020,INT,NC,ASO,ES,Federal Contract Tower,2,8,13,0,23,0,2,59,0,61,2,10,72,0,84,48,0,48,132
08/31/2020,INT,NC,ASO,ES,Federal Contract Tower,0,1,14,0,15,0,0,0,0,0,0,1,14,0,15,2,0,2,17
09/01/2020,INT,NC,ASO,ES,Federal Contract Tower,0,11,15,0,26,0,5,9,0,14,0,16,24,0,40,30,0,30,70
09/02/2020,INT,NC,ASO,ES,Federal Contract Tower,0,13,16,0,29,0,0,47,0,47,0,13,63,0,76,74,0,74,150
09/03/2020,INT,NC,ASO,ES,Federal Contract Tower,1,11,16,4,32,0,0,52,5,57,1,11,68,9,89,52,0,52,141
09/04/2020,INT,NC,ASO,ES,Federal Contract Tower,0,10,14,1,25,0,13,51,5,69,0,23,65,6,94,70,0,70,164
09/05/2020,INT,NC,ASO,ES,Federal Contract Tower,0,4,5,0,9,0,25,90,1,116,0,29,95,1,125,46,0,46,171
09/06/2020,INT,NC,ASO,ES,Federal Contract Tower,0,4,11,2,17,0,26,41,2,69,0,30,52,4,86,31,0,31,117
09/07/2020,INT,NC,ASO,ES,Federal Contract Tower,0,11,7,4,22,0,4,46,3,53,0,15,53,7,75,8,0,8,83
09/08/2020,INT,NC,ASO,ES,Federal Contract Tower,2,17,8,0,27,0,6,16,2,24,2,23,24,2,51,8,0,8,59
09/09/2020,INT,NC,ASO,ES,Federal Contract Tower,1,4,17,4,26,0,0,3,0,3,1,4,20,4,29,14,0,14,43
09/10/2020,INT,NC,ASO,ES,Federal Contract Tower,3,15,18,0,36,0,0,39,0,39,3,15,57,0,75,24,0,24,99
09/11/2020,INT,NC,ASO,ES,Federal Contract Tower,0,12,15,0,27,0,0,53,2,55,0,12,68,2,82,81,0,81,163
09/12/2020,INT,NC,ASO,ES,Federal Contract Tower,0,11,21,0,32,0,0,2,0,2,0,11,23,0,34,0,0,0,34
09/13/2020,INT,NC,ASO,ES,Federal Contract Tower,0,4,10,0,14,0,0,44,2,46,0,4,54,2,60,86,0,86,146
09/14/2020,INT,NC,ASO,ES,Federal Contract Tower,1,8,12,0,21,0,0,28,7,35,1,8,40,7,56,92,0,92,148
09/15/2020,INT,NC,ASO,ES,Federal Contract Tower,1,10,14,2,27,0,1,63,4,68,1,11,77,6,95,64,0,64,159
09/16/2020,INT,NC,ASO,ES,Federal Contract Tower,1,15,11,0,27,0,0,57,0,57,1,15,68,0,84,128,0,128,212
09/17/2020,INT,NC,ASO,ES,Federal Contract Tower,1,10,3,0,14,0,0,0,0,0,1,10,3,0,14,0,0,0,14
09/18/2020,INT,NC,ASO,ES,Federal Contract Tower,1,12,15,0,28,0,15,13,0,28,1,27,28,0,56,30,0,30,86
09/19/2020,INT,NC,ASO,ES,Federal Contract Tower,0,11,5,0,16,0,13,53,0,66,0,24,58,0,82,46,0,46,128
09/20/2020,INT,NC,ASO,ES,Federal Contract Tower,0,15,10,0,25,0,7,54,0,61,0,22,64,0,86,24,0,24,110
09/21/2020,INT,NC,ASO,ES,Federal Contract Tower,1,17,7,0,25,0,10,53,2,65,1,27,60,2,90,44,0,44,134
09/22/2020,INT,NC,ASO,ES,Federal Contract Tower,2,9,5,0,16,0,3,40,5,48,2,12,45,5,64,102,0,102,166
09/23/2020,INT,NC,ASO,ES,Federal Contract Tower,3,9,10,0,22,0,1,67,0,68,3,10,77,0,90,64,0,64,154
09/24/2020,INT,NC,ASO,ES,Federal Contract Tower,1,15,16,1,33,0,0,50,0,50,1,15,66,1,83,120,0,120,203
09/25/2020,INT,NC,ASO,ES,Federal Contract Tower,1,6,14,0,21,0,0,0,0,0,1,6,14,0,21,0,0,0,21
09/26/2020,INT,NC,ASO,ES,Federal Contract Tower,3,4,12,0,19,0,0,5,0,5,3,4,17,0,24,19,0,19,43
09/27/2020,INT,NC,ASO,ES,Federal Contract Tower,0,7,12,0,19,0,0,20,0,20,0,7,32,0,39,69,0,69,108
09/28/2020,INT,NC,ASO,ES,Federal Contract Tower,1,8,12,0,21,0,0,6,0,6,1,8,18,0,27,78,0,78,105
09/30/2020,INT,NC,ASO,ES,Federal Contract Tower,2,8,12,0,22,0,1,41,0,42,2,9,53,0,64,109,0,109,173
10/01/2020,INT,NC,ASO,ES,Federal Contract Tower,0,14,20,0,34,0,2,75,0,77,0,16,95,0,111,23,0,23,134
10/02/2020,INT,NC,ASO,ES,Federal Contract Tower,0,12,13,0,25,0,11,69,0,80,0,23,82,0,105,42,0,42,147
10/03/2020,INT,NC,ASO,ES,Federal Contract Tower,0,13,11,0,24,0,22,69,2,93,0,35,80,2,117,62,0,62,179
10/04/2020,INT,NC,ASO,ES,Federal Contract Tower,1,21,19,0,41,0,3,68,0,71,1,24,87,0,112,46,0,46,158
10/05/2020,INT,NC,ASO,ES,Federal Contract Tower,0,16,4,0,20,0,8,45,0,53,0,24,49,0,73,102,0,102,175
10/06/2020,INT,NC,ASO,ES,Federal Contract Tower,0,8,1,0,9,0,16,50,1,67,0,24,51,1,76,48,0,48,124
10/07/2020,INT,NC,ASO,ES,Federal Contract Tower,0,9,10,0,19,0,4,53,0,57,0,13,63,0,76,40,0,40,116
10/08/2020,INT,NC,ASO,ES,Federal Contract Tower,0,21,11,0,32,0,6,71,0,77,0,27,82,0,109,44,0,44,153
10/09/2020,INT,NC,ASO,ES,Federal Contract Tower,0,16,19,0,35,0,7,57,0,64,0,23,76,0,99,96,0,96,195
10/10/2020,INT,NC,ASO,ES,Federal Contract Tower,2,8,15,0,25,0,0,0,0,0,2,8,15,0,25,0,0,0,25
10/11/2020,INT,NC,ASO,ES,Federal Contract Tower,0,15,5,0,20,0,0,0,0,0,0,15,5,0,20,0,0,0,20
10/12/2020,INT,NC,ASO,ES,Federal Contract Tower,0,9,3,0,12,0,0,0,0,0,0,9,3,0,12,0,0,0,12
10/13/2020,INT,NC,ASO,ES,Federal Contract Tower,0,11,24,0,35,0,0,49,0,49,0,11,73,0,84,90,0,90,174
10/14/2020,INT,NC,ASO,ES,Federal Contract Tower,0,12,5,0,17,0,4,50,2,56,0,16,55,2,73,46,0,46,119
10/15/2020,INT,NC,ASO,ES,Federal Contract Tower,0,19,11,0,30,0,0,13,0,13,0,19,24,0,43,2,0,2,45
10/16/2020,INT,NC,ASO,ES,Federal Contract Tower,0,14,14,0,28,0,6,41,0,47,0,20,55,0,75,77,0,77,152
10/17/2020,INT,NC,ASO,ES,Federal Contract Tower,0,14,11,0,25,0,9,54,0,63,0,23,65,0,88,16,0,16,104
10/18/2020,INT,NC,ASO,ES,Federal Contract Tower,0,30,8,0,38,0,11,72,2,85,0,41,80,2,123,54,0,54,177
10/19/2020,INT,NC,ASO,ES,Federal Contract Tower,0,10,7,0,17,0,8,58,4,70,0,18,65,4,87,108,0,108,195
10/20/2020,INT,NC,ASO,ES,Federal Contract Tower,0,8,15,0,23,0,5,52,0,57,0,13,67,0,80,78,0,78,158
10/21/2020,INT,NC,ASO,ES,Federal Contract Tower,0,17,18,0,35,0,0,38,0,38,0,17,56,0,73,104,0,104,177
10/22/2020,INT,NC,ASO,ES,Federal Contract Tower,0,19,6,0,25,0,6,59,2,67,0,25,65,2,92,70,0,70,162
10/23/2020,INT,NC,ASO,ES,Federal Contract Tower,0,15,15,0,30,0,0,76,0,76,0,15,91,0,106,131,0,131,237
10/24/2020,INT,NC,ASO,ES,Federal Contract Tower,3,9,13,0,25,0,0,69,0,69,3,9,82,0,94,10,0,10,104
10/26/2020,INT,NC,ASO,ES,Federal Contract Tower,0,10,16,0,26,0,7,6,2,15,0,17,22,2,41,52,0,52,93
10/27/2020,INT,NC,ASO,ES,Federal Contract Tower,0,10,11,0,21,0,0,23,0,23,0,10,34,0,44,40,0,40,84
10/28/2020,INT,NC,ASO,ES,Federal Contract Tower,0,12,18,0,30,0,0,0,0,0,0,12,18,0,30,2,0,2,32
10/29/2020,INT,NC,ASO,ES,Federal Contract Tower,2,7,8,0,17,0,0,0,0,0,2,7,8,0,17,0,0,0,17
10/30/2020,INT,NC,ASO,ES,Federal Contract Tower,2,2,4,2,10,0,0,23,0,23,2,2,27,2,33,30,6,36,69
10/31/2020,INT,NC,ASO,ES,Federal Contract Tower,1,3,14,0,18,0,0,49,0,49,1,3,63,0,67,33,0,33,100
11/01/2020,INT,NC,ASO,ES,Federal Contract Tower,0,16,5,0,21,0,19,14,0,33,0,35,19,0,54,20,0,20,74
11/02/2020,INT,NC,ASO,ES,Federal Contract Tower,0,10,1,0,11,0,10,37,2,49,0,20,38,2,60,54,4,58,118
11/03/2020,INT,NC,ASO,ES,Federal Contract Tower,0,6,2,0,8,0,2,89,0,91,0,8,91,0,99,90,0,90,189
11/04/2020,INT,NC,ASO,ES,Federal Contract Tower,0,15,8,0,23,0,1,72,0,73,0,16,80,0,96,70,0,70,166
11/05/2020,INT,NC,ASO,ES,Federal Contract Tower,0,21,13,4,38,0,0,40,1,41,0,21,53,5,79,18,0,18,97
11/06/2020,INT,NC,ASO,ES,Federal Contract Tower,3,17,20,0,40,0,1,67,0,68,3,18,87,0,108,114,0,114,222
11/07/2020,INT,NC,ASO,ES,Federal Contract Tower,0,11,12,2,25,0,0,82,2,84,0,11,94,4,109,74,0,74,183
11/08/2020,INT,NC,ASO,ES,Federal Contract Tower,0,7,11,0,18,0,0,53,0,53,0,7,64,0,71,96,0,96,167
11/09/2020,INT,NC,ASO,ES,Federal Contract Tower,0,7,17,0,24,0,4,27,1,32,0,11,44,1,56,130,0,130,186
11/10/2020,INT,NC,ASO,ES,Federal Contract Tower,0,5,15,0,20,0,0,18,2,20,0,5,33,2,40,94,0,94,134
11/11/2020,INT,NC,ASO,ES,Federal Contract Tower,0,4,0,0,4,0,0,0,0,0,0,4,0,0,4,0,0,0,4
11/12/2020,INT,NC,ASO,ES,Federal Contract Tower,0,10,4,0,14,0,0,0,0,0,0,10,4,0,14,0,0,0,14
11/13/2020,INT,NC,ASO,ES,Federal Contract Tower,0,9,18,0,27,0,11,74,2,87,0,20,92,2,114,70,0,70,184
11/14/2020,INT,NC,ASO,ES,Federal Contract Tower,2,16,14,0,32,0,11,78,0,89,2,27,92,0,121,146,0,146,267
11/15/2020,INT,NC,ASO,ES,Federal Contract Tower,0,12,6,0,18,0,0,4,0,4,0,12,10,0,22,2,0,2,24
11/16/2020,INT,NC,ASO,ES,Federal Contract Tower,0,20,4,0,24,0,5,73,0,78,0,25,77,0,102,54,0,54,156
11/17/2020,INT,NC,ASO,ES,Federal Contract Tower,1,17,7,0,25,0,11,30,0,41,1,28,37,0,66,18,0,18,84
11/18/2020,INT,NC,ASO,ES,Federal Contract Tower,0,10,10,0,20,0,1,50,0,51,0,11,60,0,71,64,0,64,135
11/19/2020,INT,NC,ASO,ES,Federal Contract Tower,2,14,18,0,34,0,2,91,0,93,2,16,109,0,127,60,0,60,187
11/20/2020,INT,NC,ASO,ES,Federal Contract Tower,1,15,14,1,31,0,0,71,2,73,1,15,85,3,104,82,0,82,186
11/21/2020,INT,NC,ASO,ES,Federal Contract Tower,2,12,17,0,31,0,0,115,0,115,2,12,132,0,146,95,0,95,241
11/22/2020,INT,NC,ASO,ES,Federal Contract Tower,0,13,14,0,27,0,0,38,0,38,0,13,52,0,65,116,0,116,181
11/23/2020,INT,NC,ASO,ES,Federal Contract Tower,1,13,5,0,19,0,0,32,0,32,1,13,37,0,51,20,0,20,71
11/24/2020,INT,NC,ASO,ES,Federal Contract Tower,0,24,9,0,33,0,4,58,0,62,0,28,67,0,95,112,0,112,207
11/25/2020,INT,NC,ASO,ES,Federal Contract Tower,0,17,14,2,33,0,0,35,0,35,0,17,49,2,68,44,0,44,112
11/26/2020,INT,NC,ASO,ES,Federal Contract Tower,0,1,7,0,8,0,0,0,0,0,0,1,7,0,8,0,0,0,8
11/27/2020,INT,NC,ASO,ES,Federal Contract Tower,0,15,10,0,25,0,2,15,0,17,0,17,25,0,42,98,0,98,140
11/28/2020,INT,NC,ASO,ES,Federal Contract Tower,0,9,15,0,24,0,3,43,0,46,0,12,58,0,70,52,0,52,122
11/29/2020,INT,NC,ASO,ES,Federal Contract Tower,0,20,15,0,35,0,8,52,0,60,0,28,67,0,95,110,0,110,205
11/30/2020,INT,NC,ASO,ES,Federal Contract Tower,0,14,3,0,17,0,1,0,0,1,0,15,3,0,18,18,0,18,36
12/01/2020,INT,NC,ASO,ES,Federal Contract Tower,1,13,19,2,35,0,4,33,0,37,1,17,52,2,72,32,2,34,106
12/02/2020,INT,NC,ASO,ES,Federal Contract Tower,0,13,17,1,31,0,3,51,0,54,0,16,68,1,85,38,0,38,123
12/03/2020,INT,NC,ASO,ES,Federal Contract Tower,0,5,24,0,29,0,0,58,0,58,0,5,82,0,87,130,0,130,217
12/04/2020,INT,NC,ASO,ES,Federal Contract Tower,0,14,8,0,22,0,2,14,0,16,0,16,22,0,38,20,0,20,58
12/05/2020,INT,NC,ASO,ES,Federal Contract Tower,0,2,3,0,5,0,0,8,0,8,0,2,11,0,13,0,0,0,13
12/06/2020,INT,NC,ASO,ES,Federal Contract Tower,0,7,22,1,30,0,0,42,0,42,0,7,64,1,72,52,0,52,124
12/07/2020,INT,NC,ASO,ES,Federal Contract Tower,2,3,2,0,7,0,0,8,0,8,2,3,10,0,15,108,0,108,123
12/08/2020,INT,NC,ASO,ES,Federal Contract Tower,0,4,10,1,15,0,0,69,0,69,0,4,79,1,84,38,0,38,122
12/09/2020,INT,NC,ASO,ES,Federal Contract Tower,0,15,12,1,28,0,2,74,3,79,0,17,86,4,107,70,0,70,177
12/10/2020,INT,NC,ASO,ES,Federal Contract Tower,0,6,33,4,43,0,0,44,0,44,0,6,77,4,87,136,0,136,223
12/11/2020,INT,NC,ASO,ES,Federal Contract Tower,0,10,21,0,31,0,7,43,0,50,0,17,64,0,81,80,0,80,161
12/12/2020,INT,NC,ASO,ES,Federal Contract Tower,1,13,7,0,21,0,12,42,0,54,1,25,49,0,75,40,0,40,115
12/13/2020,INT,NC,ASO,ES,Federal Contract Tower,2,10,8,0,20,0,3,57,3,63,2,13,65,3,83,74,0,74,157
12/14/2020,INT,NC,ASO,ES,Federal Contract Tower,0,9,0,0,9,0,2,2,0,4,0,11,2,0,13,14,0,14,27
12/15/2020,INT,NC,ASO,ES,Federal Contract Tower,0,12,14,2,28,0,2,39,0,41,0,14,53,2,69,98,0,98,167
12/16/2020,INT,NC,ASO,ES,Federal Contract Tower,0,4,2,0,6,0,0,0,0,0,0,4,2,0,6,0,0,0,6
12/17/2020,INT,NC,ASO,ES,Federal Contract Tower,0,5,14,0,19,0,0,18,0,18,0,5,32,0,37,84,0,84,121
12/18/2020,INT,NC,ASO,ES,Federal Contract Tower,1,8,12,1,22,0,0,39,1,40,1,8,51,2,62,106,0,106,168
12/19/2020,INT,NC,ASO,ES,Federal Contract Tower,0,4,10,0,14,0,0,43,3,46,0,4,53,3,60,52,0,52,112
12/20/2020,INT,NC,ASO,ES,Federal Contract Tower,0,9,4,0,13,0,0,0,0,0,0,9,4,0,13,0,0,0,13
12/21/2020,INT,NC,ASO,ES,Federal Contract Tower,0,6,10,0,16,0,8,29,0,37,0,14,39,0,53,42,0,42,95
12/22/2020,INT,NC,ASO,ES,Federal Contract Tower,0,10,13,0,23,0,0,30,0,30,0,10,43,0,53,50,0,50,103
12/23/2020,INT,NC,ASO,ES,Federal Contract Tower,2,11,14,0,27,0,2,32,1,35,2,13,46,1,62,42,0,42,104
12/24/2020,INT,NC,ASO,ES,Federal Contract Tower,0,0,1,0,1,0,0,0,0,0,0,0,1,0,1,0,0,0,1
12/25/2020,INT,NC,ASO,ES,Federal Contract Tower,0,0,0,0,0,0,0,2,0,2,0,0,2,0,2,5,0,5,7
12/26/2020,INT,NC,ASO,ES,Federal Contract Tower,0,4,8,0,12,0,23,24,0,47,0,27,32,0,59,0,0,0,59
12/27/2020,INT,NC,ASO,ES,Federal Contract Tower,0,4,5,0,9,0,4,61,0,65,0,8,66,0,74,48,0,48,122
12/28/2020,INT,NC,ASO,ES,Federal Contract Tower,0,11,1,0,12,0,0,44,0,44,0,11,45,0,56,58,0,58,114
12/29/2020,INT,NC,ASO,ES,Federal Contract Tower,0,11,10,0,21,0,5,41,0,46,0,16,51,0,67,56,0,56,123
12/30/2020,INT,NC,ASO,ES,Federal Contract Tower,0,2,1,0,3,0,0,19,2,21,0,2,20,2,24,88,0,88,112
12/31/2020,INT,NC,ASO,ES,Federal Contract Tower,0,4,2,0,6,0,0,0,0,0,0,4,2,0,6,0,0,0,6
01/01/2021,INT,NC,ASO,ES,Federal Contract Tower,0,2,2,0,4,0,0,0,0,0,0,2,2,0,4,0,0,0,4
01/02/2021,INT,NC,ASO,ES,Federal Contract Tower,1,5,1,0,7,0,0,0,0,0,1,5,1,0,7,0,0,0,7
01/03/2021,INT,NC,ASO,ES,Federal Contract Tower,2,9,11,0,22,0,0,0,0,0,2,9,11,0,22,0,0,0,22
01/04/2021,INT,NC,ASO,ES,Federal Contract Tower,1,5,12,0,18,0,0,36,2,38,1,5,48,2,56,102,0,102,158
01/05/2021,INT,NC,ASO,ES,Federal Contract Tower,1,1,8,0,10,0,0,48,4,52,1,1,56,4,62,146,0,146,208
01/06/2021,INT,NC,ASO,ES,Federal Contract Tower,1,7,8,1,17,0,0,55,1,56,1,7,63,2,73,74,10,84,157
01/07/2021,INT,NC,ASO,ES,Federal Contract Tower,0,13,5,2,20,0,0,30,5,35,0,13,35,7,55,39,0,39,94
01/08/2021,INT,NC,ASO,ES,Federal Contract Tower,0,3,1,0,4,0,0,0,0,0,0,3,1,0,4,0,0,0,4
01/09/2021,INT,NC,ASO,ES,Federal Contract Tower,1,14,8,0,23,0,8,75,0,83,1,22,83,0,106,30,0,30,136
01/10/2021,INT,NC,ASO,ES,Federal Contract Tower,1,9,9,0,19,1,8,69,0,78,2,17,78,0,97,72,0,72,169
01/11/2021,INT,NC,ASO,ES,Federal Contract Tower,0,8,1,0,9,0,4,30,0,34,0,12,31,0,43,26,0,26,69
01/12/2021,INT,NC,ASO,ES,Federal Contract Tower,2,4,10,0,16,0,5,42,0,47,2,9,52,0,63,130,0,130,193
01/13/2021,INT,NC,ASO,ES,Federal Contract Tower,1,13,23,0,37,0,0,44,0,44,1,13,67,0,81,42,0,42,123
01/14/2021,INT,NC,ASO,ES,Federal Contract Tower,1,8,13,2,24,0,2,39,2,43,1,10,52,4,67,42,0,42,109
01/15/2021,INT,NC,ASO,ES,Federal Contract Tower,0,11,11,0,22,0,0,7,0,7,0,11,18,0,29,16,0,16,45
01/16/2021,INT,NC,ASO,ES,Federal Contract Tower,0,8,4,0,12,0,0,18,0,18,0,8,22,0,30,14,0,14,44
01/17/2021,INT,NC,ASO,ES,Federal Contract Tower,0,7,9,0,16,0,2,47,0,49,0,9,56,0,65,47,0,47,112
01/18/2021,INT,NC,ASO,ES,Federal Contract Tower,0,4,9,1,14,0,0,44,2,46,0,4,53,3,60,74,0,74,134
01/19/2021,INT,NC,ASO,ES,Federal Contract Tower,0,7,6,0,13,0,0,56,0,56,0,7,62,0,69,26,0,26,95
01/20/2021,INT,NC,ASO,ES,Federal Contract Tower,0,12,11,0,23,0,1,34,4,39,0,13,45,4,62,54,0,54,116
01/21/2021,INT,NC,ASO,ES,Federal Contract Tower,0,1,17,0,18,0,0,35,0,35,0,1,52,0,53,42,0,42,95
01/22/2021,INT,NC,ASO,ES,Federal Contract Tower,1,8,14,0,23,0,9,56,0,65,1,17,70,0,88,57,0,57,145
01/23/2021,INT,NC,ASO,ES,Federal Contract Tower,2,4,13,0,19,0,0,39,0,39,2,4,52,0,58,85,0,85,143
01/24/2021,INT,NC,ASO,ES,Federal Contract Tower,2,10,15,0,27,0,6,55,1,62,2,16,70,1,89,59,4,63,152
01/25/2021,INT,NC,ASO,ES,Federal Contract Tower,0,12,5,0,17,0,2,0,0,2,0,14,5,0,19,0,0,0,19
01/26/2021,INT,NC,ASO,ES,Federal Contract Tower,0,15,8,0,23,0,0,0,0,0,0,15,8,0,23,0,0,0,23
01/27/2021,INT,NC,ASO,ES,Federal Contract Tower,2,11,13,0,26,0,2,36,0,38,2,13,49,0,64,28,0,28,92
01/28/2021,INT,NC,ASO,ES,Federal Contract Tower,1,14,7,0,22,0,2,29,0,31,1,16,36,0,53,20,0,20,73
01/29/2021,INT,NC,ASO,ES,Federal Contract Tower,1,10,12,0,23,0,5,57,0,62,1,15,69,0,85,62,0,62,147
01/30/2021,INT,NC,ASO,ES,Federal Contract Tower,3,9,9,0,21,0,0,90,0,90,3,9,99,0,111,62,0,62,173
01/31/2021,INT,NC,ASO,ES,Federal Contract Tower,0,3,4,0,7,0,0,0,0,0,0,3,4,0,7,0,0,0,7
02/01/2021,INT,NC,ASO,ES,Federal Contract Tower,5,5,9,0,19,0,1,1,0,2,5,6,10,0,21,48,0,48,69
02/02/2021,INT,NC,ASO,ES,Federal Contract Tower,0,4,4,0,8,0,0,10,0,10,0,4,14,0,18,0,0,0,18
02/03/2021,INT,NC,ASO,ES,Federal Contract Tower,0,17,8,0,25,0,1,44,0,45,0,18,52,0,70,16,0,16,86
02/04/2021,INT,NC,ASO,ES,Federal Contract Tower,0,13,18,0,31,0,3,66,0,69,0,16,84,0,100,108,0,108,208
02/05/2021,INT,NC,ASO,ES,Federal Contract Tower,2,17,2,2,23,0,14,54,2,70,2,31,56,4,93,38,10,48,141
02/06/2021,INT,NC,ASO,ES,Federal Contract Tower,1,13,9,0,23,0,4,65,0,69,1,17,74,0,92,54,0,54,146
02/07/2021,INT,NC,ASO,ES,Federal Contract Tower,0,4,1,0,5,0,6,36,0,42,0,10,37,0,47,44,0,44,91
02/08/2021,INT,NC,ASO,ES,Federal Contract Tower,0,9,9,1,19,0,8,52,1,61,0,17,61,2,80,88,0,88,168
02/09/2021,INT,NC,ASO,ES,Federal Contract Tower,3,8,22,2,35,0,0,18,2,20,3,8,40,4,55,40,0,40,95
02/10/2021,INT,NC,ASO,ES,Federal Contract Tower,0,16,13,0,29,0,4,15,0,19,0,20,28,0,48,56,0,56,104
02/11/2021,INT,NC,ASO,ES,Federal Contract Tower,0,10,3,0,13,0,0,0,0,0,0,10,3,0,13,0,0,0,13
02/12/2021,INT,NC,ASO,ES,Federal Contract Tower,0,11,7,0,18,0,0,0,0,0,0,11,7,0,18,0,0,0,18
02/13/2021,INT,NC,ASO,ES,Federal Contract Tower,0,4,0,0,4,0,0,0,0,0,0,4,0,0,4,0,0,0,4
02/14/2021,INT,NC,ASO,ES,Federal Contract Tower,1,16,8,0,25,0,0,0,0,0,1,16,8,0,25,0,0,0,25
02/15/2021,INT,NC,ASO,ES,Federal Contract Tower,1,7,2,0,10,0,0,0,0,0,1,7,2,0,10,0,0,0,10
02/16/2021,INT,NC,ASO,ES,Federal Contract Tower,0,8,9,1,18,0,0,15,5,20,0,8,24,6,38,24,0,24,62
02/17/2021,INT,NC,ASO,ES,Federal Contract Tower,0,3,15,2,20,0,0,50,2,52,0,3,65,4,72,46,0,46,118
02/18/2021,INT,NC,ASO,ES,Federal Contract Tower,0,1,3,0,4,0,0,0,0,0,0,1,3,0,4,0,0,0,4
02/19/2021,INT,NC,ASO,ES,Federal Contract Tower,2,9,11,0,22,0,1,16,0,17,2,10,27,0,39,63,0,63,102
02/20/2021,INT,NC,ASO,ES,Federal Contract Tower,2,4,27,0,33,0,2,61,0,63,2,6,88,0,96,83,0,83,179
02/21/2021,INT,NC,ASO,ES,Federal Contract Tower,0,12,16,0,28,0,13,56,0,69,0,25,72,0,97,62,0,62,159
02/22/2021,INT,NC,ASO,ES,Federal Contract Tower,4,4,1,0,9,0,0,8,0,8,4,4,9,0,17,14,0,14,31
02/23/2021,INT,NC,ASO,ES,Federal Contract Tower,0,18,23,2,43,0,8,30,0,38,0,26,53,2,81,70,0,70,151
02/24/2021,INT,NC,ASO,ES,Federal Contract Tower,2,22,24,0,48,0,0,43,0,43,2,22,67,0,91,34,0,34,125
02/25/2021,INT,NC,ASO,ES,Federal Contract Tower,0,21,20,0,41,0,0,88,0,88,0,21,108,0,129,140,0,140,269
02/26/2021,INT,NC,ASO,ES,Federal Contract Tower,2,18,5,0,25,0,1,14,2,17,2,19,19,2,42,4,0,4,46
02/27/2021,INT,NC,ASO,ES,Federal Contract Tower,0,9,6,0,15,0,0,1,0,1,0,9,7,0,16,0,0,0,16
02/28/2021,INT,NC,ASO,ES,Federal Contract Tower,0,9,21,0,30,0,0,2,0,2,0,9,23,0,32,0,0,0,32
03/01/2021,INT,NC,ASO,ES,Federal Contract Tower,0,5,10,0,15,0,2,15,0,17,0,7,25,0,32,10,0,10,42
03/02/2021,INT,NC,ASO,ES,Federal Contract Tower,0,18,17,0,35,0,2,55,0,57,0,20,72,0,92,60,0,60,152
03/03/2021,INT,NC,ASO,ES,Federal Contract Tower,1,23,9,0,33,0,1,62,0,63,1,24,71,0,96,52,0,52,148
03/04/2021,INT,NC,ASO,ES,Federal Contract Tower,1,15,8,0,24,0,0,41,2,43,1,15,49,2,67,18,0,18,85
03/05/2021,INT,NC,ASO,ES,Federal Contract Tower,0,17,17,0,34,0,11,60,0,71,0,28,77,0,105,37,0,37,142
03/06/2021,INT,NC,ASO,ES,Federal Contract Tower,0,7,4,0,11,0,14,61,0,75,0,21,65,0,86,64,0,64,150
03/07/2021,INT,NC,ASO,ES,Federal Contract Tower,0,19,10,1,30,0,13,60,2,75,0,32,70,3,105,46,4,50,155
03/08/2021,INT,NC,ASO,ES,Federal Contract Tower,0,14,9,0,23,0,8,41,0,49,0,22,50,0,72,73,0,73,145
03/09/2021,INT,NC,ASO,ES,Federal Contract Tower,2,8,14,4,28,0,0,42,3,45,2,8,56,7,73,64,10,74,147
03/10/2021,INT,NC,ASO,ES,Federal Contract Tower,0,19,12,0,31,0,8,68,0,76,0,27,80,0,107,94,0,94,201
03/11/2021,INT,NC,ASO,ES,Federal Contract Tower,0,9,10,0,19,0,1,44,3,48,0,10,54,3,67,34,0,34,101
03/12/2021,INT,NC,ASO,ES,Federal Contract Tower,0,13,20,0,33,0,0,44,2,46,0,13,64,2,79,74,0,74,153
03/13/2021,INT,NC,ASO,ES,Federal Contract Tower,1,10,11,0,22,0,0,84,0,84,1,10,95,0,106,62,0,62,168
03/14/2021,INT,NC,ASO,ES,Federal Contract Tower,0,10,5,0,15,0,2,43,0,45,0,12,48,0,60,98,0,98,158
03/15/2021,INT,NC,ASO,ES,Federal Contract Tower,3,12,2,0,17,0,2,21,0,23,3,14,23,0,40,87,0,87,127
03/16/2021,INT,NC,ASO,ES,Federal Contract Tower,1,1,13,0,15,0,0,1,0,1,1,1,14,0,16,0,0,0,16
03/17/2021,INT,NC,ASO,ES,Federal Contract Tower,0,15,15,0,30,0,3,3,0,6,0,18,18,0,36,10,0,10,46
03/18/2021,INT,NC,ASO,ES,Federal Contract Tower,0,1,10,0,11,0,0,0,0,0,0,1,10,0,11,0,0,0,11
03/19/2021,INT,NC,ASO,ES,Federal Contract Tower,2,16,11,0,29,0,0,5,0,5,2,16,16,0,34,2,0,2,36
03/20/2021,INT,NC,ASO,ES,Federal Contract Tower,0,8,17,1,26,0,13,25,1,39,0,21,42,2,65,20,0,20,85
03/21/2021,INT,NC,ASO,ES,Federal Contract Tower,0,3,19,0,22,0,5,44,2,51,0,8,63,2,73,44,0,44,117
03/22/2021,INT,NC,ASO,ES,Federal Contract Tower,0,11,12,0,23,0,9,44,2,55,0,20,56,2,78,70,0,70,148
03/23/2021,INT,NC,ASO,ES,Federal Contract Tower,0,9,13,2,24,0,0,4,0,4,0,9,17,2,28,110,0,110,138
03/24/2021,INT,NC,ASO,ES,Federal Contract Tower,0,12,12,0,24,0,1,12,0,13,0,13,24,0,37,22,0,22,59
03/25/2021,INT,NC,ASO,ES,Federal Contract Tower,0,9,23,0,32,0,0,1,3,4,0,9,24,3,36,39,0,39,75
03/26/2021,INT,NC,ASO,ES,Federal Contract Tower,1,11,25,0,37,0,1,46,0,47,1,12,71,0,84,98,0,98,182
03/27/2021,INT,NC,ASO,ES,Federal Contract Tower,0,9,12,0,21,0,0,37,0,37,0,9,49,0,58,44,0,44,102
03/28/2021,INT,NC,ASO,ES,Federal Contract Tower,0,4,9,0,13,0,0,1,0,1,0,4,10,0,14,0,0,0,14
03/29/2021,INT,NC,ASO,ES,Federal Contract Tower,0,6,24,0,30,0,2,75,2,79,0,8,99,2,109,82,0,82,191
03/30/2021,INT,NC,ASO,ES,Federal Contract Tower,0,5,21,0,26,0,2,64,2,68,0,7,85,2,94,84,0,84,178
03/31/2021,INT,NC,ASO,ES,Federal Contract Tower,0,12,9,0,21,0,0,0,0,0,0,12,9,0,21,0,0,0,21
04/01/2021,INT,NC,ASO,ES,Federal Contract Tower,0,13,16,0,29,0,0,33,1,34,0,13,49,1,63,86,0,86,149
04/02/2021,INT,NC,ASO,ES,Federal Contract Tower,0,29,8,1,38,0,1,48,5,54,0,30,56,6,92,82,0,82,174
04/03/2021,INT,NC,ASO,ES,Federal Contract Tower,0,15,6,0,21,0,9,52,0,61,0,24,58,0,82,38,0,38,120
04/04/2021,INT,NC,ASO,ES,Federal Contract Tower,0,10,7,0,17,0,14,19,1,34,0,24,26,1,51,4,0,4,55
04/05/2021,INT,NC,ASO,ES,Federal Contract Tower,0,22,9,0,31,0,3,46,0,49,0,25,55,0,80,83,0,83,163
04/06/2021,INT,NC,ASO,ES,Federal Contract Tower,0,29,15,0,44,0,5,63,0,68,0,34,78,0,112,74,0,74,186
04/07/2021,INT,NC,ASO,ES,Federal Contract Tower,2,13,19,0,34,0,7,89,0,96,2,20,108,0,130,78,2,80,210
04/08/2021,INT,NC,ASO,ES,Federal Contract Tower,0,17,10,0,27,0,4,68,0,72,0,21,78,0,99,204,0,204,303
04/09/2021,INT,NC,ASO,ES,Federal Contract Tower,0,27,10,0,37,0,13,64,0,77,0,40,74,0,114,88,0,88,202
04/10/2021,INT,NC,ASO,ES,Federal Contract Tower,2,8,14,0,24,0,0,5,0,5,2,8,19,0,29,86,0,86,115
04/11/2021,INT,NC,ASO,ES,Federal Contract Tower,0,11,18,0,29,0,0,8,0,8,0,11,26,0,37,48,0,48,85
04/12/2021,INT,NC,ASO,ES,Federal Contract Tower,0,11,21,0,32,0,1,36,0,37,0,12,57,0,69,78,0,78,147
04/13/2021,INT,NC,ASO,ES,Federal Contract Tower,4,7,13,0,24,0,3,50,0,53,4,10,63,0,77,126,0,126,203
04/14/2021,INT,NC,ASO,ES,Federal Contract Tower,0,7,20,0,27,0,0,50,0,50,0,7,70,0,77,49,0,49,126
04/15/2021,INT,NC,ASO,ES,Federal Contract Tower,0,12,16,0,28,0,2,24,0,26,0,14,40,0,54,86,0,86,140
04/16/2021,INT,NC,ASO,ES,Federal Contract Tower,0,15,15,0,30,0,5,55,1,61,0,20,70,1,91,73,0,73,164
04/17/2021,INT,NC,ASO,ES,Federal Contract Tower,0,1,11,0,12,0,0,46,0,46,0,1,57,0,58,106,0,106,164
04/18/2021,INT,NC,ASO,ES,Federal Contract Tower,0,17,10,0,27,0,2,81,5,88,0,19,91,5,115,96,0,96,211
04/19/2021,INT,NC,ASO,ES,Federal Contract Tower,1,6,8,0,15,0,3,49,0,52,1,9,57,0,67,110,0,110,177
04/20/2021,INT,NC,ASO,ES,Federal Contract Tower,0,5,35,2,42,0,1,37,0,38,0,6,72,2,80,58,0,58,138
04/21/2021,INT,NC,ASO,ES,Federal Contract Tower,1,15,16,0,32,0,0,18,0,18,1,15,34,0,50,20,0,20,70
04/22/2021,INT,NC,ASO,ES,Federal Contract Tower,0,20,11,0,31,0,10,34,0,44,0,30,45,0,75,40,0,40,115
04/23/2021,INT,NC,ASO,ES,Federal Contract Tower,0,20,12,0,32,0,5,42,0,47,0,25,54,0,79,94,0,94,173
04/24/2021,INT,NC,ASO,ES,Federal Contract Tower,0,6,7,0,13,0,3,15,0,18,0,9,22,0,31,8,0,8,39
04/25/2021,INT,NC,ASO,ES,Federal Contract Tower,1,16,20,0,37,0,36,0,0,36,1,52,20,0,73,102,0,102,175
04/26/2021,INT,NC,ASO,ES,Federal Contract Tower,0,14,15,0,29,0,3,47,3,53,0,17,62,3,82,93,4,97,179
04/27/2021,INT,NC,ASO,ES,Federal Contract Tower,0,16,8,0,24,0,1,49,0,50,0,17,57,0,74,38,0,38,112
04/28/2021,INT,NC,ASO,ES,Federal Contract Tower,0,23,6,2,31,0,2,51,0,53,0,25,57,2,84,74,0,74,158
04/29/2021,INT,NC,ASO,ES,Federal Contract Tower,3,18,13,0,34,0,0,19,0,19,3,18,32,0,53,32,0,32,85
04/30/2021,INT,NC,ASO,ES,Federal Contract Tower,0,10,7,0,17,0,23,25,2,50,0,33,32,2,67,30,0,30,97
05/01/2021,INT,NC,ASO,ES,Federal Contract Tower,0,22,16,0,38,0,11,86,0,97,0,33,102,0,135,52,0,52,187
05/02/2021,INT,NC,ASO,ES,Federal Contract Tower,0,21,12,0,33,0,2,51,0,53,0,23,63,0,86,70,0,70,156
05/03/2021,INT,NC,ASO,ES,Federal Contract Tower,0,8,11,0,19,0,2,2,0,4,0,10,13,0,23,0,0,0,23
05/04/2021,INT,NC,ASO,ES,Federal Contract Tower,0,13,11,0,24,0,5,14,0,19,0,18,25,0,43,46,0,46,89
05/05/2021,INT,NC,ASO,ES,Federal Contract Tower,3,22,29,0,54,0,3,54,0,57,3,25,83,0,111,84,0,84,195
05/06/2021,INT,NC,ASO,ES,Federal Contract Tower,0,18,28,3,49,0,0,74,2,76,0,18,102,5,125,158,0,158,283
05/07/2021,INT,NC,ASO,ES,Federal Contract Tower,1,17,17,0,35,0,0,30,0,30,1,17,47,0,65,42,0,42,107
05/08/2021,INT,NC,ASO,ES,Federal Contract Tower,0,16,15,0,31,0,0,25,0,25,0,16,40,0,56,27,0,27,83
05/09/2021,INT,NC,ASO,ES,Federal Contract Tower,0,9,19,0,28,0,0,25,0,25,0,9,44,0,53,8,0,8,61
05/10/2021,INT,NC,ASO,ES,Federal Contract Tower,0,2,8,2,12,0,0,13,0,13,0,2,21,2,25,22,0,22,47
05/11/2021,INT,NC,ASO,ES,Federal Contract Tower,0,23,22,0,45,0,4,46,7,57,0,27,68,7,102,90,0,90,192
05/12/2021,INT,NC,ASO,ES,Federal Contract Tower,0,16,16,0,32,0,0,20,0,20,0,16,36,0,52,58,0,58,110
05/13/2021,INT,NC,ASO,ES,Federal Contract Tower,0,14,31,0,45,0,0,45,0,45,0,14,76,0,90,108,0,108,198
05/14/2021,INT,NC,ASO,ES,Federal Contract Tower,0,29,25,0,54,0,10,40,0,50,0,39,65,0,104,103,0,103,207
05/15/2021,INT,NC,ASO,ES,Federal Contract Tower,0,26,17,0,43,0,6,67,0,73,0,32,84,0,116,71,0,71,187
05/16/2021,INT,NC,ASO,ES,Federal Contract Tower,0,28,24,0,52,0,11,38,2,51,0,39,62,2,103,39,0,39,142
05/17/2021,INT,NC,ASO,ES,Federal Contract Tower,0,34,13,1,48,0,1,38,0,39,0,35,51,1,87,96,0,96,183
05/18/2021,INT,NC,ASO,ES,Federal Contract Tower,1,17,19,2,39,0,12,48,0,60,1,29,67,2,99,118,0,118,217
05/19/2021,INT,NC,ASO,ES,Federal Contract Tower,1,16,26,0,43,0,0,74,0,74,1,16,100,0,117,88,0,88,205
05/20/2021,INT,NC,ASO,ES,Federal Contract Tower,0,23,12,0,35,0,0,51,4,55,0,23,63,4,90,54,0,54,144
05/21/2021,INT,NC,ASO,ES,Federal Contract Tower,2,20,13,0,35,0,1,63,0,64,2,21,76,0,99,42,0,42,141
05/22/2021,INT,NC,ASO,ES,Federal Contract Tower,0,8,16,0,24,0,4,51,0,55,0,12,67,0,79,28,0,28,107
05/23/2021,INT,NC,ASO,ES,Federal Contract Tower,0,8,10,0,18,0,1,54,0,55,0,9,64,0,73,68,0,68,141
05/24/2021,INT,NC,ASO,ES,Federal Contract Tower,1,7,13,0,21,0,3,30,0,33,1,10,43,0,54,62,0,62,116
05/25/2021,INT,NC,ASO,ES,Federal Contract Tower,0,17,31,0,48,0,0,29,0,29,0,17,60,0,77,130,0,130,207
05/26/2021,INT,NC,ASO,ES,Federal Contract Tower,0,12,21,5,38,0,1,59,0,60,0,13,80,5,98,52,0,52,150
05/27/2021,INT,NC,ASO,ES,Federal Contract Tower,0,12,20,0,32,0,1,49,2,52,0,13,69,2,84,90,0,90,174
05/28/2021,INT,NC,ASO,ES,Federal Contract Tower,0,12,17,0,29,0,9,23,0,32,0,21,40,0,61,20,0,20,81
05/29/2021,INT,NC,ASO,ES,Federal Contract Tower,1,7,10,0,18,0,1,15,0,16,1,8,25,0,34,32,0,32,66
05/30/2021,INT,NC,ASO,ES,Federal Contract Tower,0,10,4,0,14,0,22,41,2,65,0,32,45,2,79,36,0,36,115
05/31/2021,INT,NC,ASO,ES,Federal Contract Tower,0,13,21,0,34,0,10,36,2,48,0,23,57,2,82,56,0,56,138
06/01/2021,INT,NC,ASO,ES,Federal Contract Tower,2,14,17,0,33,0,6,43,0,49,2,20,60,0,82,60,0,60,142
06/02/2021,INT,NC,ASO,ES,Federal Contract Tower,1,7,18,0,26,0,0,32,0,32,1,7,50,0,58,6,0,6,64
06/03/2021,INT,NC,ASO,ES,Federal Contract Tower,0,22,12,0,34,0,3,8,0,11,0,25,20,0,45,36,0,36,81
06/04/2021,INT,NC,ASO,ES,Federal Contract Tower,0,8,11,0,19,0,2,38,3,43,0,10,49,3,62,72,0,72,134
06/05/2021,INT,NC,ASO,ES,Federal Contract Tower,0,7,11,0,18,0,0,52,0,52,0,7,63,0,70,28,0,28,98
06/06/2021,INT,NC,ASO,ES,Federal Contract Tower,0,13,22,0,35,0,0,24,0,24,0,13,46,0,59,79,0,79,138
06/07/2021,INT,NC,ASO,ES,Federal Contract Tower,1,8,12,0,21,0,0,8,0,8,1,8,20,0,29,18,0,18,47
06/08/2021,INT,NC,ASO,ES,Federal Contract Tower,0,4,10,1,15,0,0,6,1,7,0,4,16,2,22,34,0,34,56
06/09/2021,INT,NC,ASO,ES,Federal Contract Tower,0,8,14,0,22,0,0,23,0,23,0,8,37,0,45,20,0,20,65
06/10/2021,INT,NC,ASO,ES,Federal Contract Tower,0,4,24,0,28,0,0,12,0,12,0,4,36,0,40,34,0,34,74
06/11/2021,INT,NC,ASO,ES,Federal Contract Tower,0,17,14,0,31,0,5,12,0,17,0,22,26,0,48,30,0,30,78
06/12/2021,INT,NC,ASO,ES,Federal Contract Tower,0,9,12,0,21,0,1,1,0,2,0,10,13,0,23,10,0,10,33
06/13/2021,INT,NC,ASO,ES,Federal Contract Tower,0,8,27,0,35,0,6,38,0,44,0,14,65,0,79,84,0,84,163
06/14/2021,INT,NC,ASO,ES,Federal Contract Tower,1,3,8,0,12,0,8,39,3,50,1,11,47,3,62,20,0,20,82
06/15/2021,INT,NC,ASO,ES,Federal Contract Tower,0,9,9,0,18,0,9,34,0,43,0,18,43,0,61,40,0,40,101
06/16/2021,INT,NC,ASO,ES,Federal Contract Tower,0,14,14,0,28,0,0,40,6,46,0,14,54,6,74,70,0,70,144
06/17/2021,INT,NC,ASO,ES,Federal Contract Tower,0,27,13,0,40,0,0,44,2,46,0,27,57,2,86,82,0,82,168
06/18/2021,INT,NC,ASO,ES,Federal Contract Tower,2,22,22,0,46,0,0,54,0,54,2,22,76,0,100,92,0,92,192
06/19/2021,INT,NC,ASO,ES,Federal Contract Tower,0,10,13,2,25,0,2,48,0,50,0,12,61,2,75,36,0,36,111
06/20/2021,INT,NC,ASO,ES,Federal Contract Tower,0,9,20,0,29,0,0,2,0,2,0,9,22,0,31,0,0,0,31
06/21/2021,INT,NC,ASO,ES,Federal Contract Tower,0,10,20,0,30,0,2,37,0,39,0,12,57,0,69,13,0,13,82
06/22/2021,INT,NC,ASO,ES,Federal Contract Tower,0,8,12,0,20,0,8,12,2,22,0,16,24,2,42,56,0,56,98
06/23/2021,INT,NC,ASO,ES,Federal Contract Tower,0,18,21,0,39,0,4,82,0,86,0,22,103,0,125,154,0,154,279
06/24/2021,INT,NC,ASO,ES,Federal Contract Tower,0,27,23,2,52,0,6,62,0,68,0,33,85,2,120,86,0,86,206
06/25/2021,INT,NC,ASO,ES,Federal Contract Tower,0,9,28,3,40,0,0,71,0,71,0,9,99,3,111,75,0,75,186
06/26/2021,INT,NC,ASO,ES,Federal Contract Tower,0,6,21,0,27,0,2,23,0,25,0,8,44,0,52,48,0,48,100
06/27/2021,INT,NC,ASO,ES,Federal Contract Tower,0,17,12,1,30,0,5,32,0,37,0,22,44,1,67,70,0,70,137
06/28/2021,INT,NC,ASO,ES,Federal Contract Tower,0,13,10,0,23,0,10,75,2,87,0,23,85,2,110,104,0,104,214
06/29/2021,INT,NC,ASO,ES,Federal Contract Tower,2,2,25,0,29,0,0,35,4,39,2,2,60,4,68,20,0,20,88
06/30/2021,INT,NC,ASO,ES,Federal Contract Tower,0,20,8,1,29,0,1,38,2,41,0,21,46,3,70,24,0,24,94
07/01/2021,INT,NC,ASO,ES,Federal Contract Tower,0,17,6,0,23,0,2,24,0,26,0,19,30,0,49,20,0,20,69
07/02/2021,INT,NC,ASO,ES,Federal Contract Tower,0,8,8,0,16,0,0,17,0,17,0,8,25,0,33,116,0,116,149
07/03/2021,INT,NC,ASO,ES,Federal Contract Tower,0,1,19,0,20,0,0,44,0,44,0,1,63,0,64,23,0,23,87
07/04/2021,INT,NC,ASO,ES,Federal Contract Tower,0,3,4,0,7,0,0,22,0,22,0,3,26,0,29,32,0,32,61
07/05/2021,INT,NC,ASO,ES,Federal Contract Tower,0,2,11,0,13,0,1,28,0,29,0,3,39,0,42,16,0,16,58
07/06/2021,INT,NC,ASO,ES,Federal Contract Tower,0,5,14,0,19,0,1,55,0,56,0,6,69,0,75,52,0,52,127
07/07/2021,INT,NC,ASO,ES,Federal Contract Tower,1,14,15,0,30,0,0,64,2,66,1,14,79,2,96,16,0,16,112
07/08/2021,INT,NC,ASO,ES,Federal Contract Tower,0,4,7,0,11,0,0,0,0,0,0,4,7,0,11,0,0,0,11
07/09/2021,INT,NC,ASO,ES,Federal Contract Tower,0,19,15,1,35,0,10,44,0,54,0,29,59,1,89,49,0,49,138
07/10/2021,INT,NC,ASO,ES,Federal Contract Tower,0,3,18,0,21,0,0,54,0,54,0,3,72,0,75,52,0,52,127
07/11/2021,INT,NC,ASO,ES,Federal Contract Tower,0,11,22,0,33,0,10,54,0,64,0,21,76,0,97,40,0,40,137
07/12/2021,INT,NC,ASO,ES,Federal Contract Tower,0,12,12,1,25,0,5,30,5,40,0,17,42,6,65,46,2,48,113
07/13/2021,INT,NC,ASO,ES,Federal Contract Tower,0,10,17,0,27,0,4,27,0,31,0,14,44,0,58,54,0,54,112
07/14/2021,INT,NC,ASO,ES,Federal Contract Tower,2,16,14,0,32,0,0,39,0,39,2,16,53,0,71,66,0,66,137
07/15/2021,INT,NC,ASO,ES,Federal Contract Tower,0,18,18,0,36,0,0,60,0,60,0,18,78,0,96,50,0,50,146
07/16/2021,INT,NC,ASO,ES,Federal Contract Tower,0,9,10,0,19,0,2,61,0,63,0,11,71,0,82,64,0,64,146
07/17/2021,INT,NC,ASO,ES,Federal Contract Tower,1,5,23,0,29,0,0,24,0,24,1,5,47,0,53,11,0,11,64
07/18/2021,INT,NC,ASO,ES,Federal Contract Tower,1,14,18,0,33,0,0,19,0,19,1,14,37,0,52,20,0,20,72
07/19/2021,INT,NC,ASO,ES,Federal Contract Tower,0,8,9,0,17,0,0,3,0,3,0,8,12,0,20,54,0,54,74
07/20/2021,INT,NC,ASO,ES,Federal Contract Tower,0,6,18,2,26,0,1,42,2,45,0,7,60,4,71,160,0,160,231
07/21/2021,INT,NC,ASO,ES,Federal Contract Tower,0,23,6,1,30,0,4,37,1,42,0,27,43,2,72,54,0,54,126
07/22/2021,INT,NC,ASO,ES,Federal Contract Tower,0,39,36,1,76,0,5,70,1,76,0,44,106,2,152,92,0,92,244
07/23/2021,INT,NC,ASO,ES,Federal Contract Tower,2,26,16,0,44,0,7,117,0,124,2,33,133,0,168,96,0,96,264
07/24/2021,INT,NC,ASO,ES,Federal Contract Tower,1,9,11,0,21,0,14,59,0,73,1,23,70,0,94,30,0,30,124
07/25/2021,INT,NC,ASO,ES,Federal Contract Tower,0,9,23,0,32,0,14,54,3,71,0,23,77,3,103,46,0,46,149
07/26/2021,INT,NC,ASO,ES,Federal Contract Tower,0,9,2,0,11,0,0,14,0,14,0,9,16,0,25,24,0,24,49
07/27/2021,INT,NC,ASO,ES,Federal Contract Tower,0,12,10,0,22,0,4,50,0,54,0,16,60,0,76,54,0,54,130
07/28/2021,INT,NC,ASO,ES,Federal Contract Tower,0,12,13,2,27,0,0,68,4,72,0,12,81,6,99,102,0,102,201
07/29/2021,INT,NC,ASO,ES,Federal Contract Tower,0,18,12,2,32,0,0,49,2,51,0,18,61,4,83,36,0,36,119
07/30/2021,INT,NC,ASO,ES,Federal Contract Tower,0,5,8,1,14,0,0,42,0,42,0,5,50,1,56,36,0,36,92
07/31/2021,INT,NC,ASO,ES,Federal Contract Tower,0,6,27,0,33,0,0,56,4,60,0,6,83,4,93,45,0,45,138
08/01/2021,INT,NC,ASO,ES,Federal Contract Tower,0,10,14,0,24,0,0,10,3,13,0,10,24,3,37,36,18,54,91
08/02/2021,INT,NC,ASO,ES,Federal Contract Tower,0,7,19,0,26,0,5,35,1,41,0,12,54,1,67,157,0,157,224
08/03/2021,INT,NC,ASO,ES,Federal Contract Tower,0,12,12,2,26,0,0,30,0,30,0,12,42,2,56,44,0,44,100
08/04/2021,INT,NC,ASO,ES,Federal Contract Tower,0,15,24,0,39,0,0,41,2,43,0,15,65,2,82,100,0,100,182
08/05/2021,INT,NC,ASO,ES,Federal Contract Tower,1,2,13,0,16,0,2,47,3,52,1,4,60,3,68,93,0,93,161
08/06/2021,INT,NC,ASO,ES,Federal Contract Tower,0,13,18,0,31,0,12,82,0,94,0,25,100,0,125,143,0,143,268
08/07/2021,INT,NC,ASO,ES,Federal Contract Tower,0,10,9,0,19,0,0,18,0,18,0,10,27,0,37,56,0,56,93
08/08/2021,INT,NC,ASO,ES,Federal Contract Tower,0,7,24,0,31,0,7,49,0,56,0,14,73,0,87,72,0,72,159
08/09/2021,INT,NC,ASO,ES,Federal Contract Tower,2,15,17,0,34,0,1,72,5,78,2,16,89,5,112,58,0,58,170
08/10/2021,INT,NC,ASO,ES,Federal Contract Tower,0,10,6,1,17,0,26,40,1,67,0,36,46,2,84,42,0,42,126
08/11/2021,INT,NC,ASO,ES,Federal Contract Tower,0,16,6,0,22,0,1,33,2,36,0,17,39,2,58,94,0,94,152
08/12/2021,INT,NC,ASO,ES,Federal Contract Tower,0,18,12,3,33,0,5,54,2,61,0,23,66,5,94,64,0,64,158
08/13/2021,INT,NC,ASO,ES,Federal Contract Tower,0,13,23,4,40,0,7,56,0,63,0,20,79,4,103,64,0,64,167
08/14/2021,INT,NC,ASO,ES,Federal Contract Tower,0,8,8,2,18,0,0,37,0,37,0,8,45,2,55,68,0,68,123
08/15/2021,INT,NC,ASO,ES,Federal Contract Tower,0,9,10,1,20,0,0,0,0,0,0,9,10,1,20,14,0,14,34
08/16/2021,INT,NC,ASO,ES,Federal Contract Tower,0,3,19,0,22,0,0,1,0,1,0,3,20,0,23,0,0,0,23
08/17/2021,INT,NC,ASO,ES,Federal Contract Tower,2,6,20,0,28,0,0,0,0,0,2,6,20,0,28,0,0,0,28
08/18/2021,INT,NC,ASO,ES,Federal Contract Tower,1,21,20,0,42,0,4,31,0,35,1,25,51,0,77,34,0,34,111
08/19/2021,INT,NC,ASO,ES,Federal Contract Tower,0,30,23,0,53,0,0,48,0,48,0,30,71,0,101,20,0,20,121
08/20/2021,INT,NC,ASO,ES,Federal Contract Tower,3,37,16,3,59,0,4,31,3,38,3,41,47,6,97,38,0,38,135
08/21/2021,INT,NC,ASO,ES,Federal Contract Tower,0,24,23,1,48,0,2,55,0,57,0,26,78,1,105,120,0,120,225
08/22/2021,INT,NC,ASO,ES,Federal Contract Tower,0,12,10,0,22,0,25,71,2,98,0,37,81,2,120,22,0,22,142
08/23/2021,INT,NC,ASO,ES,Federal Contract Tower,0,2,10,0,12,0,0,41,0,41,0,2,51,0,53,2,0,2,55
08/24/2021,INT,NC,ASO,ES,Federal Contract Tower,0,10,15,1,26,0,1,42,3,46,0,11,57,4,72,12,2,14,86
08/25/2021,INT,NC,ASO,ES,Federal Contract Tower,0,12,8,0,20,0,1,45,0,46,0,13,53,0,66,78,0,78,144
08/26/2021,INT,NC,ASO,ES,Federal Contract Tower,0,9,21,0,30,0,0,38,0,38,0,9,59,0,68,80,0,80,148
08/27/2021,INT,NC,ASO,ES,Federal Contract Tower,0,10,23,0,33,0,3,60,0,63,0,13,83,0,96,67,0,67,163
08/28/2021,INT,NC,ASO,ES,Federal Contract Tower,2,3,18,2,25,0,0,39,1,40,2,3,57,3,65,103,0,103,168
08/29/2021,INT,NC,ASO,ES,Federal Contract Tower,0,3,10,0,13,0,0,30,2,32,0,3,40,2,45,39,0,39,84
08/30/2021,INT,NC,ASO,ES,Federal Contract Tower,2,6,16,0,24,0,0,25,1,26,2,6,41,1,50,84,0,84,134
08/31/2021,INT,NC,ASO,ES,Federal Contract Tower,0,9,6,0,15,0,0,27,0,27,0,9,33,0,42,96,0,96,138
09/01/2021,INT,NC,ASO,ES,Federal Contract Tower,0,9,12,0,21,0,0,2,0,2,0,9,14,0,23,0,0,0,23
09/02/2021,INT,NC,ASO,ES,Federal Contract Tower,0,13,20,0,33,0,1,53,0,54,0,14,73,0,87,38,0,38,125
09/03/2021,INT,NC,ASO,ES,Federal Contract Tower,3,16,19,0,38,0,2,66,0,68,3,18,85,0,106,82,0,82,188
09/04/2021,INT,NC,ASO,ES,Federal Contract Tower,0,3,20,0,23,0,1,34,0,35,0,4,54,0,58,40,0,40,98
09/05/2021,INT,NC,ASO,ES,Federal Contract Tower,0,8,11,0,19,0,19,42,0,61,0,27,53,0,80,62,0,62,142
09/06/2021,INT,NC,ASO,ES,Federal Contract Tower,0,11,13,0,24,0,0,55,1,56,0,11,68,1,80,78,0,78,158
09/07/2021,INT,NC,ASO,ES,Federal Contract Tower,0,20,14,0,34,0,25,54,0,79,0,45,68,0,113,44,0,44,157
09/08/2021,INT,NC,ASO,ES,Federal Contract Tower,0,6,10,0,16,0,0,12,0,12,0,6,22,0,28,16,0,16,44
09/09/2021,INT,NC,ASO,ES,Federal Contract Tower,0,22,14,0,36,0,0,54,0,54,0,22,68,0,90,92,0,92,182
09/10/2021,INT,NC,ASO,ES,Federal Contract Tower,0,11,21,1,33,0,3,46,0,49,0,14,67,1,82,72,0,72,154
09/11/2021,INT,NC,ASO,ES,Federal Contract Tower,0,7,21,0,28,0,1,47,1,49,0,8,68,1,77,10,0,10,87
09/12/2021,INT,NC,ASO,ES,Federal Contract Tower,0,4,22,0,26,0,0,50,2,52,0,4,72,2,78,36,0,36,114
09/13/2021,INT,NC,ASO,ES,Federal Contract Tower,0,12,19,0,31,0,3,36,1,40,0,15,55,1,71,64,0,64,135
09/14/2021,INT,NC,ASO,ES,Federal Contract Tower,0,18,23,0,41,0,1,37,0,38,0,19,60,0,79,40,0,40,119
09/15/2021,INT,NC,ASO,ES,Federal Contract Tower,0,17,14,1,32,0,0,33,1,34,0,17,47,2,66,66,0,66,132
09/16/2021,INT,NC,ASO,ES,Federal Contract Tower,0,25,20,0,45,0,1,32,0,33,0,26,52,0,78,22,0,22,100
09/17/2021,INT,NC,ASO,ES,Federal Contract Tower,0,45,25,2,72,0,11,25,2,38,0,56,50,4,110,2,0,2,112
09/18/2021,INT,NC,ASO,ES,Federal Contract Tower,0,36,21,0,57,0,10,46,0,56,0,46,67,0,113,56,0,56,169
09/19/2021,INT,NC,ASO,ES,Federal Contract Tower,2,36,14,1,53,0,19,50,1,70,2,55,64,2,123,110,0,110,233
09/20/2021,INT,NC,ASO,ES,Federal Contract Tower,0,27,19,1,47,0,4,21,3,28,0,31,40,4,75,60,10,70,145
09/21/2021,INT,NC,ASO,ES,Federal Contract Tower,0,15,14,0,29,0,0,0,0,0,0,15,14,0,29,0,0,0,29
09/22/2021,INT,NC,ASO,ES,Federal Contract Tower,0,19,2,0,21,0,0,2,0,2,0,19,4,0,23,0,0,0,23
09/23/2021,INT,NC,ASO,ES,Federal Contract Tower,0,26,17,0,43,0,0,60,0,60,0,26,77,0,103,70,0,70,173
09/24/2021,INT,NC,ASO,ES,Federal Contract Tower,0,28,14,0,42,0,3,69,0,72,0,31,83,0,114,61,0,61,175
09/25/2021,INT,NC,ASO,ES,Federal Contract Tower,2,6,14,0,22,0,0,40,3,43,2,6,54,3,65,46,2,48,113
09/26/2021,INT,NC,ASO,ES,Federal Contract Tower,0,13,15,0,28,0,0,69,2,71,0,13,84,2,99,18,6,24,123
09/27/2021,INT,NC,ASO,ES,Federal Contract Tower,2,15,22,0,39,0,5,53,0,58,2,20,75,0,97,88,0,88,185
09/28/2021,INT,NC,ASO,ES,Federal Contract Tower,0,12,12,0,24,0,0,33,2,35,0,12,45,2,59,68,0,68,127
09/29/2021,INT,NC,ASO,ES,Federal Contract Tower,0,15,18,0,33,0,0,54,0,54,0,15,72,0,87,44,0,44,131
09/30/2021,INT,NC,ASO,ES,Federal Contract Tower,0,33,22,0,55,0,2,11,0,13,0,35,33,0,68,0,0,0,68
10/01/2021,INT,NC,ASO,ES,Federal Contract Tower,0,59,45,0,104,0,32,52,0,84,0,91,97,0,188,18,0,18,206
10/02/2021,INT,NC,ASO,ES,Federal Contract Tower,2,31,18,0,51,0,25,56,0,81,2,56,74,0,132,4,0,4,136
10/03/2021,INT,NC,ASO,ES,Federal Contract Tower,0,58,62,0,120,0,5,36,0,41,0,63,98,0,161,10,0,10,171
10/04/2021,INT,NC,ASO,ES,Federal Contract Tower,0,7,13,0,20,0,0,6,0,6,0,7,19,0,26,39,0,39,65
10/05/2021,INT,NC,ASO,ES,Federal Contract Tower,0,19,17,0,36,0,13,11,2,26,0,32,28,2,62,58,0,58,120
10/06/2021,INT,NC,ASO,ES,Federal Contract Tower,0,20,11,1,32,0,3,3,1,7,0,23,14,2,39,4,0,4,43
10/07/2021,INT,NC,ASO,ES,Federal Contract Tower,0,17,17,0,34,0,0,2,0,2,0,17,19,0,36,0,0,0,36
10/08/2021,INT,NC,ASO,ES,Federal Contract Tower,2,19,24,0,45,0,0,0,0,0,2,19,24,0,45,0,0,0,45
10/09/2021,INT,NC,ASO,ES,Federal Contract Tower,0,8,2,0,10,0,0,1,0,1,0,8,3,0,11,10,0,10,21
10/10/2021,INT,NC,ASO,ES,Federal Contract Tower,2,12,37,0,51,0,0,13,0,13,2,12,50,0,64,14,0,14,78
10/11/2021,INT,NC,ASO,ES,Federal Contract Tower,0,12,34,0,46,0,0,36,0,36,0,12,70,0,82,76,0,76,158
10/12/2021,INT,NC,ASO,ES,Federal Contract Tower,0,10,34,0,44,0,0,26,0,26,0,10,60,0,70,94,0,94,164
10/13/2021,INT,NC,ASO,ES,Federal Contract Tower,1,18,24,4,47,0,0,48,0,48,1,18,72,4,95,100,0,100,195
10/14/2021,INT,NC,ASO,ES,Federal Contract Tower,1,23,17,0,41,0,2,72,0,74,1,25,89,0,115,42,0,42,157
10/15/2021,INT,NC,ASO,ES,Federal Contract Tower,0,20,23,0,43,0,3,60,0,63,0,23,83,0,106,50,0,50,156
10/16/2021,INT,NC,ASO,ES,Federal Contract Tower,0,6,13,0,19,0,0,13,0,13,0,6,26,0,32,14,0,14,46
10/17/2021,INT,NC,ASO,ES,Federal Contract Tower,0,16,10,0,26,0,2,35,0,37,0,18,45,0,63,14,0,14,77
10/18/2021,INT,NC,ASO,ES,Federal Contract Tower,0,18,16,0,34,0,9,56,4,69,0,27,72,4,103,38,2,40,143
10/19/2021,INT,NC,ASO,ES,Federal Contract Tower,0,7,15,0,22,0,17,70,2,89,0,24,85,2,111,112,2,114,225
10/20/2021,INT,NC,ASO,ES,Federal Contract Tower,0,15,23,0,38,0,0,55,0,55,0,15,78,0,93,104,0,104,197
10/21/2021,INT,NC,ASO,ES,Federal Contract Tower,0,16,20,0,36,0,1,59,0,60,0,17,79,0,96,76,0,76,172
10/22/2021,INT,NC,ASO,ES,Federal Contract Tower,0,27,24,0,51,0,0,58,2,60,0,27,82,2,111,28,0,28,139
10/23/2021,INT,NC,ASO,ES,Federal Contract Tower,0,4,16,0,20,0,1,99,0,100,0,5,115,0,120,46,0,46,166
10/24/2021,INT,NC,ASO,ES,Federal Contract Tower,2,24,19,0,45,0,0,39,0,39,2,24,58,0,84,38,0,38,122
10/25/2021,INT,NC,ASO,ES,Federal Contract Tower,0,8,26,0,34,0,0,13,0,13,0,8,39,0,47,2,0,2,49
10/26/2021,INT,NC,ASO,ES,Federal Contract Tower,0,5,10,0,15,0,0,10,0,10,0,5,20,0,25,0,0,0,25
10/27/2021,INT,NC,ASO,ES,Federal Contract Tower,2,14,26,1,43,0,1,67,3,71,2,15,93,4,114,92,0,92,206
10/28/2021,INT,NC,ASO,ES,Federal Contract Tower,0,18,31,0,49,0,0,29,0,29,0,18,60,0,78,72,0,72,150
10/29/2021,INT,NC,ASO,ES,Federal Contract Tower,1,21,26,1,49,0,18,15,0,33,1,39,41,1,82,56,0,56,138
10/30/2021,INT,NC,ASO,ES,Federal Contract Tower,0,19,11,2,32,0,8,40,0,48,0,27,51,2,80,32,0,32,112
10/31/2021,INT,NC,ASO,ES,Federal Contract Tower,0,23,11,1,35,0,20,35,0,55,0,43,46,1,90,4,0,4,94
11/01/2021,INT,NC,ASO,ES,Federal Contract Tower,1,9,16,0,26,0,16,45,4,65,1,25,61,4,91,100,0,100,191
11/02/2021,INT,NC,ASO,ES,Federal Contract Tower,0,11,13,0,24,0,9,48,2,59,0,20,61,2,83,94,0,94,177
11/03/2021,INT,NC,ASO,ES,Federal Contract Tower,4,19,23,1,47,0,0,30,0,30,4,19,53,1,77,36,0,36,113
11/04/2021,INT,NC,ASO,ES,Federal Contract Tower,0,19,15,0,34,0,6,15,0,21,0,25,30,0,55,6,0,6,61
11/05/2021,INT,NC,ASO,ES,Federal Contract Tower,0,10,23,0,33,0,0,43,0,43,0,10,66,0,76,50,0,50,126
11/06/2021,INT,NC,ASO,ES,Federal Contract Tower,0,4,19,0,23,0,1,18,1,20,0,5,37,1,43,22,0,22,65
11/07/2021,INT,NC,ASO,ES,Federal Contract Tower,0,10,43,0,53,0,2,29,0,31,0,12,72,0,84,2,0,2,86
11/08/2021,INT,NC,ASO,ES,Federal Contract Tower,2,7,17,0,26,0,3,60,0,63,2,10,77,0,89,68,0,68,157
11/09/2021,INT,NC,ASO,ES,Federal Contract Tower,0,9,16,1,26,0,0,43,2,45,0,9,59,3,71,166,0,166,237
11/10/2021,INT,NC,ASO,ES,Federal Contract Tower,1,35,11,0,47,0,19,73,0,92,1,54,84,0,139,66,4,70,209
11/11/2021,INT,NC,ASO,ES,Federal Contract Tower,0,7,16,0,23,0,1,29,2,32,0,8,45,2,55,36,0,36,91
11/12/2021,INT,NC,ASO,ES,Federal Contract Tower,0,30,13,0,43,0,19,63,0,82,0,49,76,0,125,54,2,56,181
11/13/2021,INT,NC,ASO,ES,Federal Contract Tower,0,13,10,0,23,0,30,16,0,46,0,43,26,0,69,20,0,20,89
11/14/2021,INT,NC,ASO,ES,Federal Contract Tower,0,24,8,0,32,0,10,39,0,49,0,34,47,0,81,62,0,62,143
11/15/2021,INT,NC,ASO,ES,Federal Contract Tower,0,24,7,0,31,0,7,31,0,38,0,31,38,0,69,66,0,66,135
11/16/2021,INT,NC,ASO,ES,Federal Contract Tower,0,15,9,0,24,0,2,51,0,53,0,17,60,0,77,112,0,112,189
11/17/2021,INT,NC,ASO,ES,Federal Contract Tower,2,18,12,1,33,0,0,49,2,51,2,18,61,3,84,66,0,66,150
11/18/2021,INT,NC,ASO,ES,Federal Contract Tower,0,20,12,0,32,0,0,18,0,18,0,20,30,0,50,22,0,22,72
11/19/2021,INT,NC,ASO,ES,Federal Contract Tower,2,15,14,0,31,0,4,40,1,45,2,19,54,1,76,54,0,54,130
11/20/2021,INT,NC,ASO,ES,Federal Contract Tower,0,16,31,0,47,0,0,50,0,50,0,16,81,0,97,22,0,22,119
11/21/2021,INT,NC,ASO,ES,Federal Contract Tower,0,10,15,0,25,0,0,35,0,35,0,10,50,0,60,94,0,94,154
11/22/2021,INT,NC,ASO,ES,Federal Contract Tower,2,17,28,0,47,0,7,11,1,19,2,24,39,1,66,78,10,88,154
11/23/2021,INT,NC,ASO,ES,Federal Contract Tower,0,28,12,0,40,0,0,33,2,35,0,28,45,2,75,90,0,90,165
11/24/2021,INT,NC,ASO,ES,Federal Contract Tower,1,12,35,0,48,0,0,50,2,52,1,12,85,2,100,46,0,46,146
11/25/2021,INT,NC,ASO,ES,Federal Contract Tower,0,3,8,0,11,0,0,5,0,5,0,3,13,0,16,0,0,0,16
11/26/2021,INT,NC,ASO,ES,Federal Contract Tower,1,7,13,0,21,0,0,2,0,2,1,7,15,0,23,0,0,0,23
11/27/2021,INT,NC,ASO,ES,Federal Contract Tower,0,16,18,0,34,0,4,36,0,40,0,20,54,0,74,18,0,18,92
11/28/2021,INT,NC,ASO,ES,Federal Contract Tower,0,27,29,0,56,0,13,41,3,57,0,40,70,3,113,38,0,38,151
11/29/2021,INT,NC,ASO,ES,Federal Contract Tower,1,20,13,0,34,0,2,31,6,39,1,22,44,6,73,38,4,42,115
11/30/2021,INT,NC,ASO,ES,Federal Contract Tower,0,24,17,0,41,0,9,37,4,50,0,33,54,4,91,62,0,62,153
12/01/2021,INT,NC,ASO,ES,Federal Contract Tower,0,25,16,1,42,0,0,71,1,72,0,25,87,2,114,118,0,118,232
12/02/2021,INT,NC,ASO,ES,Federal Contract Tower,2,30,18,0,50,0,2,50,0,52,2,32,68,0,102,50,0,50,152
12/03/2021,INT,NC,ASO,ES,Federal Contract Tower,2,19,10,4,35,0,0,81,0,81,2,19,91,4,116,122,0,122,238
12/04/2021,INT,NC,ASO,ES,Federal Contract Tower,0,10,24,0,34,0,0,46,0,46,0,10,70,0,80,119,0,119,199
12/05/2021,INT,NC,ASO,ES,Federal Contract Tower,0,11,15,0,26,0,0,26,0,26,0,11,41,0,52,32,0,32,84
12/06/2021,INT,NC,ASO,ES,Federal Contract Tower,0,10,17,0,27,0,2,8,0,10,0,12,25,0,37,24,0,24,61
12/07/2021,INT,NC,ASO,ES,Federal Contract Tower,0,17,18,0,35,0,4,39,0,43,0,21,57,0,78,94,0,94,172
12/08/2021,INT,NC,ASO,ES,Federal Contract Tower,0,30,14,0,44,0,0,49,0,49,0,30,63,0,93,86,0,86,179
12/09/2021,INT,NC,ASO,ES,Federal Contract Tower,0,23,13,0,36,0,0,50,2,52,0,23,63,2,88,118,0,118,206
12/10/2021,INT,NC,ASO,ES,Federal Contract Tower,0,19,6,0,25,0,2,5,0,7,0,21,11,0,32,107,0,107,139
12/11/2021,INT,NC,ASO,ES,Federal Contract Tower,0,8,1,0,9,0,0,0,0,0,0,8,1,0,9,0,0,0,9
12/12/2021,INT,NC,ASO,ES,Federal Contract Tower,0,17,12,0,29,0,23,42,9,74,0,40,54,9,103,72,0,72,175
12/13/2021,INT,NC,ASO,ES,Federal Contract Tower,0,18,16,0,34,0,1,49,4,54,0,19,65,4,88,72,2,74,162
12/14/2021,INT,NC,ASO,ES,Federal Contract Tower,0,7,13,0,20,0,1,53,3,57,0,8,66,3,77,76,0,76,153
12/15/2021,INT,NC,ASO,ES,Federal Contract Tower,2,20,14,0,36,0,0,44,0,44,2,20,58,0,80,66,0,66,146
12/16/2021,INT,NC,ASO,ES,Federal Contract Tower,0,18,14,2,34,0,2,29,6,37,0,20,43,8,71,68,0,68,139
12/17/2021,INT,NC,ASO,ES,Federal Contract Tower,1,19,22,0,42,0,0,26,0,26,1,19,48,0,68,30,0,30,98
12/18/2021,INT,NC,ASO,ES,Federal Contract Tower,2,4,12,0,18,0,0,0,0,0,2,4,12,0,18,0,0,0,18
12/19/2021,INT,NC,ASO,ES,Federal Contract Tower,0,16,4,0,20,0,0,9,0,9,0,16,13,0,29,22,0,22,51
12/20/2021,INT,NC,ASO,ES,Federal Contract Tower,0,4,17,0,21,0,1,46,0,47,0,5,63,0,68,64,0,64,132
12/21/2021,INT,NC,ASO,ES,Federal Contract Tower,0,8,13,0,21,0,1,16,2,19,0,9,29,2,40,60,0,60,100
12/22/2021,INT,NC,ASO,ES,Federal Contract Tower,0,13,19,0,32,0,0,31,2,33,0,13,50,2,65,54,0,54,119
12/23/2021,INT,NC,ASO,ES,Federal Contract Tower,0,8,13,0,21,0,2,49,1,52,0,10,62,1,73,38,0,38,111
12/24/2021,INT,NC,ASO,ES,Federal Contract Tower,0,4,4,0,8,0,21,23,0,44,0,25,27,0,52,14,0,14,66
12/25/2021,INT,NC,ASO,ES,Federal Contract Tower,0,0,2,0,2,0,20,4,0,24,0,20,6,0,26,2,0,2,28
12/26/2021,INT,NC,ASO,ES,Federal Contract Tower,0,11,9,0,20,0,12,9,0,21,0,23,18,0,41,16,0,16,57
12/27/2021,INT,NC,ASO,ES,Federal Contract Tower,0,18,5,0,23,0,13,21,0,34,0,31,26,0,57,18,0,18,75
12/28/2021,INT,NC,ASO,ES,Federal Contract Tower,0,12,7,0,19,0,0,20,0,20,0,12,27,0,39,6,0,6,45
12/29/2021,INT,NC,ASO,ES,Federal Contract Tower,2,8,13,0,23,0,1,4,0,5,2,9,17,0,28,0,0,0,28
12/30/2021,INT,NC,ASO,ES,Federal Contract Tower,1,9,15,0,25,0,0,0,0,0,1,9,15,0,25,0,0,0,25
12/31/2021,INT,NC,ASO,ES,Federal Contract Tower,2,8,8,0,18,0,0,12,0,12,2,8,20,0,30,20,0,20,50
01/01/2022,INT,NC,ASO,ES,Federal Contract Tower,0,4,7,0,11,0,0,6,0,6,0,4,13,0,17,2,0,2,19
01/02/2022,INT,NC,ASO,ES,Federal Contract Tower,0,6,8,6,20,0,1,0,1,2,0,7,8,7,22,0,0,0,22
01/03/2022,INT,NC,ASO,ES,Federal Contract Tower,0,8,5,0,13,0,0,5,9,14,0,8,10,9,27,0,0,0,27
01/04/2022,INT,NC,ASO,ES,Federal Contract Tower,4,15,23,1,43,0,0,33,4,37,4,15,56,5,80,58,0,58,138
01/05/2022,INT,NC,ASO,ES,Federal Contract Tower,1,10,12,0,23,0,0,26,3,29,1,10,38,3,52,8,0,8,60
01/06/2022,INT,NC,ASO,ES,Federal Contract Tower,2,12,32,0,46,0,0,52,0,52,2,12,84,0,98,48,0,48,146
01/07/2022,INT,NC,ASO,ES,Federal Contract Tower,0,16,3,0,19,0,16,38,0,54,0,32,41,0,73,16,0,16,89
01/08/2022,INT,NC,ASO,ES,Federal Contract Tower,2,22,14,0,38,0,5,66,0,71,2,27,80,0,109,42,0,42,151
01/09/2022,INT,NC,ASO,ES,Federal Contract Tower,0,12,7,0,19,0,0,0,0,0,0,12,7,0,19,2,0,2,21
01/10/2022,INT,NC,ASO,ES,Federal Contract Tower,1,12,5,0,18,0,2,32,0,34,1,14,37,0,52,19,0,19,71
01/11/2022,INT,NC,ASO,ES,Federal Contract Tower,0,10,16,0,26,0,9,30,0,39,0,19,46,0,65,42,0,42,107
01/12/2022,INT,NC,ASO,ES,Federal Contract Tower,0,23,15,0,38,0,0,61,0,61,0,23,76,0,99,38,0,38,137
01/13/2022,INT,NC,ASO,ES,Federal Contract Tower,1,15,37,0,53,0,0,39,0,39,1,15,76,0,92,88,0,88,180
01/14/2022,INT,NC,ASO,ES,Federal Contract Tower,0,16,14,0,30,0,9,23,0,32,0,25,37,0,62,88,0,88,150
01/15/2022,INT,NC,ASO,ES,Federal Contract Tower,0,11,13,0,24,0,0,35,0,35,0,11,48,0,59,40,0,40,99
01/16/2022,INT,NC,ASO,ES,Federal Contract Tower,0,0,0,0,0,0,0,0,0,0,0,0,0,0,0,0,0,0,0
01/17/2022,INT,NC,ASO,ES,Federal Contract Tower,0,0,0,0,0,0,0,0,0,0,0,0,0,0,0,0,0,0,0
01/18/2022,INT,NC,ASO,ES,Federal Contract Tower,0,2,0,0,2,0,0,0,0,0,0,2,0,0,2,0,0,0,2
01/19/2022,INT,NC,ASO,ES,Federal Contract Tower,2,15,24,0,41,0,1,28,0,29,2,16,52,0,70,24,0,24,94
01/20/2022,INT,NC,ASO,ES,Federal Contract Tower,0,13,7,0,20,0,0,0,0,0,0,13,7,0,20,0,0,0,20
01/21/2022,INT,NC,ASO,ES,Federal Contract Tower,0,0,9,0,9,0,4,5,0,9,0,4,14,0,18,6,0,6,24
01/22/2022,INT,NC,ASO,ES,Federal Contract Tower,0,8,9,0,17,0,14,20,0,34,0,22,29,0,51,18,0,18,69
01/23/2022,INT,NC,ASO,ES,Federal Contract Tower,0,13,18,0,31,0,6,56,2,64,0,19,74,2,95,58,0,58,153
01/24/2022,INT,NC,ASO,ES,Federal Contract Tower,0,7,16,0,23,0,0,68,4,72,0,7,84,4,95,86,2,88,183
01/25/2022,INT,NC,ASO,ES,Federal Contract Tower,0,9,21,0,30,0,1,44,0,45,0,10,65,0,75,36,0,36,111
01/26/2022,INT,NC,ASO,ES,Federal Contract Tower,0,17,26,0,43,0,2,53,0,55,0,19,79,0,98,70,0,70,168
01/27/2022,INT,NC,ASO,ES,Federal Contract Tower,0,14,21,0,35,0,2,61,0,63,0,16,82,0,98,72,2,74,172
01/28/2022,INT,NC,ASO,ES,Federal Contract Tower,5,16,25,0,46,0,0,26,0,26,5,16,51,0,72,40,0,40,112
01/29/2022,INT,NC,ASO,ES,Federal Contract Tower,2,2,4,0,8,0,0,2,0,2,2,2,6,0,10,0,0,0,10
01/30/2022,INT,NC,ASO,ES,Federal Contract Tower,0,4,26,0,30,0,0,44,0,44,0,4,70,0,74,16,0,16,90
01/31/2022,INT,NC,ASO,ES,Federal Contract Tower,0,4,19,0,23,0,4,36,0,40,0,8,55,0,63,68,0,68,131
02/01/2022,INT,NC,ASO,ES,Federal Contract Tower,0,7,17,0,24,0,1,70,6,77,0,8,87,6,101,52,0,52,153
02/02/2022,INT,NC,ASO,ES,Federal Contract Tower,1,23,27,0,51,0,9,59,1,69,1,32,86,1,120,36,0,36,156
02/03/2022,INT,NC,ASO,ES,Federal Contract Tower,1,26,5,0,32,0,0,0,0,0,1,26,5,0,32,0,0,0,32
02/04/2022,INT,NC,ASO,ES,Federal Contract Tower,2,23,0,0,25,0,4,16,0,20,2,27,16,0,45,22,0,22,67
02/05/2022,INT,NC,ASO,ES,Federal Contract Tower,4,9,9,0,22,0,10,53,0,63,4,19,62,0,85,64,0,64,149
02/06/2022,INT,NC,ASO,ES,Federal Contract Tower,0,14,11,0,25,0,12,69,0,81,0,26,80,0,106,30,0,30,136
02/07/2022,INT,NC,ASO,ES,Federal Contract Tower,2,13,9,0,24,0,0,0,0,0,2,13,9,0,24,0,0,0,24
02/08/2022,INT,NC,ASO,ES,Federal Contract Tower,0,13,14,0,27,0,0,49,3,52,0,13,63,3,79,52,4,56,135
02/09/2022,INT,NC,ASO,ES,Federal Contract Tower,0,11,22,0,33,0,0,53,2,55,0,11,75,2,88,52,0,52,140
02/10/2022,INT,NC,ASO,ES,Federal Contract Tower,0,13,20,0,33,0,0,35,0,35,0,13,55,0,68,6,0,6,74
02/11/2022,INT,NC,ASO,ES,Federal Contract Tower,2,17,14,0,33,0,2,38,0,40,2,19,52,0,73,18,0,18,91
02/12/2022,INT,NC,ASO,ES,Federal Contract Tower,0,18,21,1,40,0,0,79,1,80,0,18,100,2,120,14,0,14,134
02/13/2022,INT,NC,ASO,ES,Federal Contract Tower,0,10,10,0,20,0,0,0,0,0,0,10,10,0,20,0,0,0,20
02/14/2022,INT,NC,ASO,ES,Federal Contract Tower,4,8,19,0,31,0,0,49,2,51,4,8,68,2,82,56,0,56,138
02/15/2022,INT,NC,ASO,ES,Federal Contract Tower,0,16,22,4,42,0,0,57,1,58,0,16,79,5,100,48,0,48,148
02/16/2022,INT,NC,ASO,ES,Federal Contract Tower,0,16,27,0,43,0,1,63,2,66,0,17,90,2,109,86,0,86,195
02/17/2022,INT,NC,ASO,ES,Federal Contract Tower,0,15,21,0,36,0,0,1,0,1,0,15,22,0,37,0,0,0,37
02/18/2022,INT,NC,ASO,ES,Federal Contract Tower,0,26,18,0,44,0,1,8,0,9,0,27,26,0,53,16,0,16,69
02/19/2022,INT,NC,ASO,ES,Federal Contract Tower,2,15,14,0,31,0,0,25,0,25,2,15,39,0,56,32,0,32,88
02/20/2022,INT,NC,ASO,ES,Federal Contract Tower,1,12,21,0,34,0,20,58,0,78,1,32,79,0,112,32,0,32,144
02/21/2022,INT,NC,ASO,ES,Federal Contract Tower,0,16,14,0,30,0,2,47,0,49,0,18,61,0,79,88,0,88,167
02/22/2022,INT,NC,ASO,ES,Federal Contract Tower,0,14,7,0,21,0,0,0,0,0,0,14,7,0,21,2,0,2,23
02/23/2022,INT,NC,ASO,ES,Federal Contract Tower,2,2,10,0,14,0,0,49,0,49,2,2,59,0,63,12,0,12,75
02/24/2022,INT,NC,ASO,ES,Federal Contract Tower,0,10,18,0,28,0,0,0,0,0,0,10,18,0,28,0,0,0,28
02/25/2022,INT,NC,ASO,ES,Federal Contract Tower,0,27,9,0,36,0,0,12,0,12,0,27,21,0,48,9,0,9,57
02/26/2022,INT,NC,ASO,ES,Federal Contract Tower,4,12,19,0,35,0,0,44,0,44,4,12,63,0,79,76,0,76,155
02/27/2022,INT,NC,ASO,ES,Federal Contract Tower,3,15,11,0,29,0,0,22,0,22,3,15,33,0,51,6,0,6,57
02/28/2022,INT,NC,ASO,ES,Federal Contract Tower,0,4,25,0,29,0,1,49,2,52,0,5,74,2,81,102,0,102,183
03/01/2022,INT,NC,ASO,ES,Federal Contract Tower,0,11,20,0,31,0,6,34,2,42,0,17,54,2,73,30,0,30,103
03/02/2022,INT,NC,ASO,ES,Federal Contract Tower,0,28,20,0,48,0,0,41,2,43,0,28,61,2,91,44,0,44,135
03/03/2022,INT,NC,ASO,ES,Federal Contract Tower,0,14,23,0,37,0,0,22,0,22,0,14,45,0,59,12,0,12,71
03/04/2022,INT,NC,ASO,ES,Federal Contract Tower,0,14,22,0,36,0,4,50,0,54,0,18,72,0,90,72,0,72,162
03/05/2022,INT,NC,ASO,ES,Federal Contract Tower,2,5,27,0,34,0,0,31,3,34,2,5,58,3,68,60,12,72,140
03/06/2022,INT,NC,ASO,ES,Federal Contract Tower,0,11,18,0,29,0,9,9,0,18,0,20,27,0,47,0,0,0,47
03/07/2022,INT,NC,ASO,ES,Federal Contract Tower,3,10,9,0,22,0,6,0,0,6,3,16,9,0,28,0,0,0,28
03/08/2022,INT,NC,ASO,ES,Federal Contract Tower,0,17,12,1,30,0,0,40,3,43,0,17,52,4,73,38,0,38,111
03/09/2022,INT,NC,ASO,ES,Federal Contract Tower,2,11,4,0,17,0,0,9,0,9,2,11,13,0,26,0,0,0,26
03/10/2022,INT,NC,ASO,ES,Federal Contract Tower,7,12,16,2,37,0,0,38,0,38,7,12,54,2,75,114,2,116,191
03/11/2022,INT,NC,ASO,ES,Federal Contract Tower,1,16,6,0,23,0,0,20,4,24,1,16,26,4,47,21,0,21,68
03/12/2022,INT,NC,ASO,ES,Federal Contract Tower,3,13,1,0,17,0,0,0,0,0,3,13,1,0,17,0,0,0,17
03/13/2022,INT,NC,ASO,ES,Federal Contract Tower,0,21,22,0,43,0,0,44,2,46,0,21,66,2,89,32,0,32,121
03/14/2022,INT,NC,ASO,ES,Federal Contract Tower,2,10,17,0,29,0,4,41,1,46,2,14,58,1,75,138,0,138,213
03/15/2022,INT,NC,ASO,ES,Federal Contract Tower,0,12,30,0,42,0,0,68,2,70,0,12,98,2,112,121,0,121,233
03/16/2022,INT,NC,ASO,ES,Federal Contract Tower,0,13,15,4,32,0,0,13,0,13,0,13,28,4,45,8,0,8,53
03/17/2022,INT,NC,ASO,ES,Federal Contract Tower,1,11,18,0,30,0,0,17,0,17,1,11,35,0,47,26,0,26,73
03/18/2022,INT,NC,ASO,ES,Federal Contract Tower,0,6,14,0,20,0,22,54,0,76,0,28,68,0,96,28,0,28,124
03/19/2022,INT,NC,ASO,ES,Federal Contract Tower,0,12,3,0,15,0,14,3,0,17,0,26,6,0,32,0,0,0,32
03/20/2022,INT,NC,ASO,ES,Federal Contract Tower,0,9,13,0,22,0,9,12,1,22,0,18,25,1,44,22,0,22,66
03/21/2022,INT,NC,ASO,ES,Federal Contract Tower,0,11,25,0,36,0,9,68,0,77,0,20,93,0,113,36,0,36,149
03/22/2022,INT,NC,ASO,ES,Federal Contract Tower,0,16,7,0,23,0,3,45,3,51,0,19,52,3,74,54,0,54,128
03/23/2022,INT,NC,ASO,ES,Federal Contract Tower,0,19,7,0,26,0,0,1,0,1,0,19,8,0,27,0,0,0,27
03/24/2022,INT,NC,ASO,ES,Federal Contract Tower,2,21,23,0,46,0,4,45,0,49,2,25,68,0,95,56,0,56,151
03/25/2022,INT,NC,ASO,ES,Federal Contract Tower,0,25,17,1,43,0,1,48,0,49,0,26,65,1,92,34,0,34,126
03/26/2022,INT,NC,ASO,ES,Federal Contract Tower,0,22,5,0,27,0,4,1,0,5,0,26,6,0,32,0,0,0,32
03/27/2022,INT,NC,ASO,ES,Federal Contract Tower,2,8,21,0,31,0,1,28,0,29,2,9,49,0,60,14,0,14,74
03/28/2022,INT,NC,ASO,ES,Federal Contract Tower,3,6,24,0,33,0,7,22,0,29,3,13,46,0,62,0,0,0,62
03/29/2022,INT,NC,ASO,ES,Federal Contract Tower,1,7,14,0,22,0,3,44,7,54,1,10,58,7,76,72,0,72,148
03/30/2022,INT,NC,ASO,ES,Federal Contract Tower,1,25,21,0,47,0,0,7,0,7,1,25,28,0,54,2,0,2,56
03/31/2022,INT,NC,ASO,ES,Federal Contract Tower,0,13,6,0,19,0,0,0,0,0,0,13,6,0,19,0,0,0,19
04/01/2022,INT,NC,ASO,ES,Federal Contract Tower,2,24,4,0,30,0,14,4,0,18,2,38,8,0,48,0,0,0,48
04/02/2022,INT,NC,ASO,ES,Federal Contract Tower,1,10,20,0,31,0,19,76,2,97,1,29,96,2,128,48,0,48,176
04/03/2022,INT,NC,ASO,ES,Federal Contract Tower,2,22,8,0,32,0,9,23,0,32,2,31,31,0,64,28,0,28,92
04/04/2022,INT,NC,ASO,ES,Federal Contract Tower,0,21,14,0,35,0,6,61,0,67,0,27,75,0,102,58,0,58,160
04/05/2022,INT,NC,ASO,ES,Federal Contract Tower,2,21,20,0,43,0,0,3,0,3,2,21,23,0,46,28,0,28,74
04/06/2022,INT,NC,ASO,ES,Federal Contract Tower,0,20,29,0,49,0,2,54,0,56,0,22,83,0,105,118,2,120,225
04/07/2022,INT,NC,ASO,ES,Federal Contract Tower,0,19,20,1,40,0,0,8,0,8,0,19,28,1,48,12,0,12,60
04/08/2022,INT,NC,ASO,ES,Federal Contract Tower,2,24,19,1,46,0,2,29,0,31,2,26,48,1,77,42,0,42,119
04/09/2022,INT,NC,ASO,ES,Federal Contract Tower,1,14,15,0,30,0,0,24,0,24,1,14,39,0,54,18,0,18,72
04/10/2022,INT,NC,ASO,ES,Federal Contract Tower,2,21,20,0,43,0,2,37,0,39,2,23,57,0,82,0,0,0,82
04/11/2022,INT,NC,ASO,ES,Federal Contract Tower,3,4,27,0,34,0,5,44,0,49,3,9,71,0,83,72,10,82,165
04/12/2022,INT,NC,ASO,ES,Federal Contract Tower,0,11,20,0,31,0,2,35,0,37,0,13,55,0,68,104,0,104,172
04/13/2022,INT,NC,ASO,ES,Federal Contract Tower,0,16,32,0,48,0,1,45,2,48,0,17,77,2,96,60,4,64,160
04/14/2022,INT,NC,ASO,ES,Federal Contract Tower,1,17,29,2,49,0,0,1,0,1,1,17,30,2,50,0,0,0,50
04/15/2022,INT,NC,ASO,ES,Federal Contract Tower,0,15,13,0,28,0,0,45,0,45,0,15,58,0,73,70,0,70,143
04/16/2022,INT,NC,ASO,ES,Federal Contract Tower,0,4,10,0,14,0,1,17,0,18,0,5,27,0,32,38,0,38,70
04/17/2022,INT,NC,ASO,ES,Federal Contract Tower,0,12,9,0,21,0,4,9,0,13,0,16,18,0,34,0,0,0,34
04/18/2022,INT,NC,ASO,ES,Federal Contract Tower,0,20,11,0,31,0,0,2,0,2,0,20,13,0,33,20,0,20,53
04/19/2022,INT,NC,ASO,ES,Federal Contract Tower,0,16,20,0,36,0,3,41,0,44,0,19,61,0,80,2,0,2,82
04/20/2022,INT,NC,ASO,ES,Federal Contract Tower,2,13,29,0,44,0,0,59,6,65,2,13,88,6,109,88,0,88,197
04/21/2022,INT,NC,ASO,ES,Federal Contract Tower,1,17,10,0,28,0,2,44,0,46,1,19,54,0,74,96,0,96,170
04/22/2022,INT,NC,ASO,ES,Federal Contract Tower,0,24,23,0,47,0,0,56,0,56,0,24,79,0,103,102,0,102,205
04/23/2022,INT,NC,ASO,ES,Federal Contract Tower,1,8,13,1,23,0,1,88,1,90,1,9,101,2,113,50,0,50,163
04/24/2022,INT,NC,ASO,ES,Federal Contract Tower,2,12,21,0,35,0,1,62,0,63,2,13,83,0,98,34,0,34,132
04/25/2022,INT,NC,ASO,ES,Federal Contract Tower,1,4,15,0,20,0,0,46,2,48,1,4,61,2,68,58,0,58,126
04/26/2022,INT,NC,ASO,ES,Federal Contract Tower,0,14,22,0,36,0,1,17,0,18,0,15,39,0,54,56,0,56,110
04/27/2022,INT,NC,ASO,ES,Federal Contract Tower,2,24,7,1,34,0,0,24,1,25,2,24,31,2,59,50,0,50,109
04/28/2022,INT,NC,ASO,ES,Federal Contract Tower,2,31,29,0,62,0,0,35,2,37,2,31,64,2,99,22,6,28,127
04/29/2022,INT,NC,ASO,ES,Federal Contract Tower,2,38,19,0,59,0,15,74,0,89,2,53,93,0,148,88,0,88,236
04/30/2022,INT,NC,ASO,ES,Federal Contract Tower,2,8,2,0,12,0,0,40,2,42,2,8,42,2,54,74,0,74,128
05/01/2022,INT,NC,ASO,ES,Federal Contract Tower,0,10,12,0,22,0,10,18,0,28,0,20,30,0,50,14,0,14,64
05/02/2022,INT,NC,ASO,ES,Federal Contract Tower,1,15,18,0,34,0,14,47,0,61,1,29,65,0,95,44,0,44,139
05/03/2022,INT,NC,ASO,ES,Federal Contract Tower,2,9,9,0,20,0,4,27,3,34,2,13,36,3,54,6,0,6,60
05/04/2022,INT,NC,ASO,ES,Federal Contract Tower,0,23,26,0,49,0,0,40,0,40,0,23,66,0,89,60,0,60,149
05/05/2022,INT,NC,ASO,ES,Federal Contract Tower,0,26,15,0,41,0,0,63,0,63,0,26,78,0,104,112,0,112,216
05/06/2022,INT,NC,ASO,ES,Federal Contract Tower,1,21,15,0,37,0,0,3,0,3,1,21,18,0,40,0,0,0,40
05/07/2022,INT,NC,ASO,ES,Federal Contract Tower,0,19,13,0,32,0,0,7,0,7,0,19,20,0,39,32,0,32,71
05/08/2022,INT,NC,ASO,ES,Federal Contract Tower,1,8,13,0,22,0,0,6,0,6,1,8,19,0,28,6,0,6,34
05/09/2022,INT,NC,ASO,ES,Federal Contract Tower,1,9,23,0,33,0,2,36,5,43,1,11,59,5,76,62,0,62,138
05/10/2022,INT,NC,ASO,ES,Federal Contract Tower,2,10,19,0,31,0,0,31,0,31,2,10,50,0,62,32,0,32,94
05/11/2022,INT,NC,ASO,ES,Federal Contract Tower,4,11,29,0,44,0,0,47,0,47,4,11,76,0,91,52,0,52,143
05/12/2022,INT,NC,ASO,ES,Federal Contract Tower,1,11,24,0,36,0,0,6,0,6,1,11,30,0,42,38,0,38,80
05/13/2022,INT,NC,ASO,ES,Federal Contract Tower,0,12,15,0,27,0,13,6,0,19,0,25,21,0,46,2,0,2,48
05/14/2022,INT,NC,ASO,ES,Federal Contract Tower,0,24,31,0,55,0,7,0,0,7,0,31,31,0,62,10,0,10,72
05/15/2022,INT,NC,ASO,ES,Federal Contract Tower,0,16,26,0,42,0,5,36,0,41,0,21,62,0,83,56,0,56,139
05/16/2022,INT,NC,ASO,ES,Federal Contract Tower,0,32,33,0,65,0,3,21,3,27,0,35,54,3,92,4,0,4,96
05/17/2022,INT,NC,ASO,ES,Federal Contract Tower,0,18,33,0,51,0,2,47,2,51,0,20,80,2,102,72,0,72,174
05/18/2022,INT,NC,ASO,ES,Federal Contract Tower,2,10,16,1,29,0,3,61,2,66,2,13,77,3,95,108,0,108,203
05/19/2022,INT,NC,ASO,ES,Federal Contract Tower,0,19,20,0,39,0,1,35,2,38,0,20,55,2,77,92,0,92,169
05/20/2022,INT,NC,ASO,ES,Federal Contract Tower,2,12,26,0,40,0,4,29,0,33,2,16,55,0,73,14,0,14,87
05/21/2022,INT,NC,ASO,ES,Federal Contract Tower,2,12,32,0,46,0,6,37,2,45,2,18,69,2,91,68,0,68,159
05/22/2022,INT,NC,ASO,ES,Federal Contract Tower,1,18,20,0,39,0,0,10,0,10,1,18,30,0,49,16,0,16,65
05/23/2022,INT,NC,ASO,ES,Federal Contract Tower,0,10,21,0,31,0,0,4,0,4,0,10,25,0,35,24,0,24,59
05/24/2022,INT,NC,ASO,ES,Federal Contract Tower,1,8,35,0,44,0,0,0,0,0,1,8,35,0,44,0,0,0,44
05/25/2022,INT,NC,ASO,ES,Federal Contract Tower,0,18,30,0,48,0,0,6,0,6,0,18,36,0,54,8,0,8,62
05/26/2022,INT,NC,ASO,ES,Federal Contract Tower,0,16,23,0,39,0,0,9,6,15,0,16,32,6,54,18,0,18,72
05/27/2022,INT,NC,ASO,ES,Federal Contract Tower,0,17,16,0,33,0,5,9,0,14,0,22,25,0,47,16,0,16,63
05/28/2022,INT,NC,ASO,ES,Federal Contract Tower,2,7,6,0,15,0,11,72,0,83,2,18,78,0,98,62,0,62,160
05/29/2022,INT,NC,ASO,ES,Federal Contract Tower,1,6,13,0,20,0,7,59,0,66,1,13,72,0,86,20,0,20,106
05/30/2022,INT,NC,ASO,ES,Federal Contract Tower,0,9,23,0,32,0,4,54,0,58,0,13,77,0,90,64,0,64,154
05/31/2022,INT,NC,ASO,ES,Federal Contract Tower,0,17,29,1,47,0,15,68,2,85,0,32,97,3,132,98,0,98,230
06/01/2022,INT,NC,ASO,ES,Federal Contract Tower,2,11,6,1,20,0,4,64,1,69,2,15,70,2,89,66,0,66,155
06/02/2022,INT,NC,ASO,ES,Federal Contract Tower,0,14,16,2,32,0,0,45,0,45,0,14,61,2,77,80,0,80,157
06/03/2022,INT,NC,ASO,ES,Federal Contract Tower,1,9,20,0,30,0,1,47,2,50,1,10,67,2,80,82,0,82,162
06/04/2022,INT,NC,ASO,ES,Federal Contract Tower,2,5,9,0,16,0,0,43,0,43,2,5,52,0,59,85,0,85,144
06/05/2022,INT,NC,ASO,ES,Federal Contract Tower,0,3,7,0,10,0,0,24,0,24,0,3,31,0,34,21,0,21,55
06/06/2022,INT,NC,ASO,ES,Federal Contract Tower,0,1,16,0,17,0,0,45,1,46,0,1,61,1,63,49,0,49,112
06/07/2022,INT,NC,ASO,ES,Federal Contract Tower,0,0,12,5,17,0,0,31,0,31,0,0,43,5,48,8,0,8,56
06/08/2022,INT,NC,ASO,ES,Federal Contract Tower,0,2,4,1,7,0,0,33,0,33,0,2,37,1,40,52,0,52,92
06/09/2022,INT,NC,ASO,ES,Federal Contract Tower,0,3,14,2,19,0,3,27,0,30,0,6,41,2,49,2,0,2,51
06/10/2022,INT,NC,ASO,ES,Federal Contract Tower,0,5,9,0,14,0,1,39,0,40,0,6,48,0,54,62,0,62,116
06/11/2022,INT,NC,ASO,ES,Federal Contract Tower,0,1,3,0,4,0,24,16,0,40,0,25,19,0,44,0,0,0,44
06/12/2022,INT,NC,ASO,ES,Federal Contract Tower,0,6,9,0,15,0,8,30,0,38,0,14,39,0,53,0,0,0,53
06/13/2022,INT,NC,ASO,ES,Federal Contract Tower,0,8,5,0,13,0,13,47,0,60,0,21,52,0,73,10,0,10,83
06/14/2022,INT,NC,ASO,ES,Federal Contract Tower,0,2,10,2,14,0,5,24,0,29,0,7,34,2,43,4,0,4,47
06/15/2022,INT,NC,ASO,ES,Federal Contract Tower,0,6,5,3,14,0,5,30,0,35,0,11,35,3,49,16,0,16,65
06/16/2022,INT,NC,ASO,ES,Federal Contract Tower,0,5,8,0,13,0,0,15,0,15,0,5,23,0,28,10,0,10,38
06/17/2022,INT,NC,ASO,ES,Federal Contract Tower,0,10,6,0,16,0,0,45,0,45,0,10,51,0,61,10,0,10,71
06/18/2022,INT,NC,ASO,ES,Federal Contract Tower,0,2,8,0,10,0,0,28,0,28,0,2,36,0,38,8,0,8,46
06/19/2022,INT,NC,ASO,ES,Federal Contract Tower,0,2,3,0,5,0,3,49,0,52,0,5,52,0,57,8,0,8,65
06/20/2022,INT,NC,ASO,ES,Federal Contract Tower,0,0,0,0,0,0,0,4,0,4,0,0,4,0,4,0,0,0,4
06/21/2022,INT,NC,ASO,ES,Federal Contract Tower,0,0,0,0,0,0,0,0,0,0,0,0,0,0,0,0,0,0,0
06/22/2022,INT,NC,ASO,ES,Federal Contract Tower,0,0,0,0,0,0,0,0,0,0,0,0,0,0,0,0,0,0,0
06/23/2022,INT,NC,ASO,ES,Federal Contract Tower,0,0,5,0,5,0,0,5,1,6,0,0,10,1,11,0,0,0,11
06/24/2022,INT,NC,ASO,ES,Federal Contract Tower,0,6,12,0,18,0,13,60,3,76,0,19,72,3,94,6,0,6,100
06/25/2022,INT,NC,ASO,ES,Federal Contract Tower,0,2,5,0,7,0,6,61,0,67,0,8,66,0,74,2,0,2,76
06/26/2022,INT,NC,ASO,ES,Federal Contract Tower,0,4,3,1,8,0,18,39,0,57,0,22,42,1,65,16,0,16,81
06/27/2022,INT,NC,ASO,ES,Federal Contract Tower,0,5,5,0,10,0,3,44,0,47,0,8,49,0,57,40,0,40,97
06/28/2022,INT,NC,ASO,ES,Federal Contract Tower,0,3,8,0,11,0,0,64,2,66,0,3,72,2,77,72,0,72,149
06/29/2022,INT,NC,ASO,ES,Federal Contract Tower,0,2,12,0,14,0,0,85,0,85,0,2,97,0,99,60,0,60,159
06/30/2022,INT,NC,ASO,ES,Federal Contract Tower,0,14,26,0,40,0,0,47,0,47,0,14,73,0,87,86,0,86,173
07/01/2022,INT,NC,ASO,ES,Federal Contract Tower,0,5,16,0,21,0,0,60,0,60,0,5,76,0,81,69,0,69,150
07/02/2022,INT,NC,ASO,ES,Federal Contract Tower,0,1,11,0,12,0,0,36,0,36,0,1,47,0,48,18,0,18,66
07/03/2022,INT,NC,ASO,ES,Federal Contract Tower,0,1,7,0,8,0,0,13,0,13,0,1,20,0,21,2,0,2,23
07/04/2022,INT,NC,ASO,ES,Federal Contract Tower,0,4,14,0,18,0,1,22,0,23,0,5,36,0,41,22,0,22,63
07/05/2022,INT,NC,ASO,ES,Federal Contract Tower,2,7,9,1,19,0,0,29,2,31,2,7,38,3,50,116,0,116,166
07/06/2022,INT,NC,ASO,ES,Federal Contract Tower,0,13,7,2,22,0,1,47,0,48,0,14,54,2,70,40,0,40,110
07/07/2022,INT,NC,ASO,ES,Federal Contract Tower,0,12,4,0,16,0,4,44,0,48,0,16,48,0,64,44,0,44,108
07/08/2022,INT,NC,ASO,ES,Federal Contract Tower,1,3,14,0,18,0,0,29,0,29,1,3,43,0,47,22,0,22,69
07/09/2022,INT,NC,ASO,ES,Federal Contract Tower,0,5,16,0,21,0,0,28,0,28,0,5,44,0,49,90,0,90,139
07/10/2022,INT,NC,ASO,ES,Federal Contract Tower,0,16,12,0,28,0,1,3,0,4,0,17,15,0,32,2,0,2,34
07/11/2022,INT,NC,ASO,ES,Federal Contract Tower,0,16,14,0,30,0,7,53,0,60,0,23,67,0,90,74,0,74,164
07/12/2022,INT,NC,ASO,ES,Federal Contract Tower,0,10,16,0,26,0,0,53,0,53,0,10,69,0,79,18,0,18,97
07/13/2022,INT,NC,ASO,ES,Federal Contract Tower,1,6,22,1,30,0,0,27,0,27,1,6,49,1,57,58,0,58,115
07/14/2022,INT,NC,ASO,ES,Federal Contract Tower,0,9,26,0,35,0,0,70,0,70,0,9,96,0,105,46,0,46,151
07/15/2022,INT,NC,ASO,ES,Federal Contract Tower,0,5,13,0,18,0,3,68,0,71,0,8,81,0,89,40,0,40,129
07/16/2022,INT,NC,ASO,ES,Federal Contract Tower,0,9,15,0,24,0,2,36,0,38,0,11,51,0,62,10,0,10,72
07/17/2022,INT,NC,ASO,ES,Federal Contract Tower,0,6,15,0,21,0,0,21,0,21,0,6,36,0,42,22,0,22,64
07/18/2022,INT,NC,ASO,ES,Federal Contract Tower,0,8,13,0,21,0,1,30,0,31,0,9,43,0,52,50,0,50,102
07/19/2022,INT,NC,ASO,ES,Federal Contract Tower,0,1,20,0,21,0,0,48,0,48,0,1,68,0,69,86,0,86,155
07/20/2022,INT,NC,ASO,ES,Federal Contract Tower,0,20,9,0,29,0,0,68,0,68,0,20,77,0,97,66,0,66,163
07/21/2022,INT,NC,ASO,ES,Federal Contract Tower,0,10,7,0,17,0,6,39,1,46,0,16,46,1,63,82,0,82,145
07/22/2022,INT,NC,ASO,ES,Federal Contract Tower,0,3,28,0,31,0,0,51,0,51,0,3,79,0,82,82,0,82,164
07/23/2022,INT,NC,ASO,ES,Federal Contract Tower,1,8,4,0,13,0,0,66,0,66,1,8,70,0,79,30,0,30,109
07/24/2022,INT,NC,ASO,ES,Federal Contract Tower,0,1,20,0,21,0,0,25,0,25,0,1,45,0,46,41,0,41,87
07/25/2022,INT,NC,ASO,ES,Federal Contract Tower,1,5,20,0,26,0,2,20,2,24,1,7,40,2,50,36,0,36,86
07/26/2022,INT,NC,ASO,ES,Federal Contract Tower,0,2,10,0,12,0,0,4,0,4,0,2,14,0,16,0,0,0,16
07/27/2022,INT,NC,ASO,ES,Federal Contract Tower,1,7,21,0,29,2,1,52,2,57,3,8,73,2,86,48,0,48,134
07/28/2022,INT,NC,ASO,ES,Federal Contract Tower,0,9,16,0,25,0,0,50,2,52,0,9,66,2,77,54,2,56,133
07/29/2022,INT,NC,ASO,ES,Federal Contract Tower,0,10,11,0,21,0,0,46,2,48,0,10,57,2,69,40,0,40,109
07/30/2022,INT,NC,ASO,ES,Federal Contract Tower,0,2,15,0,17,0,0,47,2,49,0,2,62,2,66,54,0,54,120
07/31/2022,INT,NC,ASO,ES,Federal Contract Tower,0,0,14,0,14,0,0,9,0,9,0,0,23,0,23,0,0,0,23
08/01/2022,INT,NC,ASO,ES,Federal Contract Tower,1,10,15,0,26,0,0,23,2,25,1,10,38,2,51,36,0,36,87
08/02/2022,INT,NC,ASO,ES,Federal Contract Tower,0,2,22,0,24,0,0,58,2,60,0,2,80,2,84,108,0,108,192
08/03/2022,INT,NC,ASO,ES,Federal Contract Tower,0,6,19,0,25,0,0,29,0,29,0,6,48,0,54,48,0,48,102
08/04/2022,INT,NC,ASO,ES,Federal Contract Tower,0,3,17,1,21,0,0,87,1,88,0,3,104,2,109,122,0,122,231
08/05/2022,INT,NC,ASO,ES,Federal Contract Tower,1,11,13,0,25,0,11,22,0,33,1,22,35,0,58,52,0,52,110
08/06/2022,INT,NC,ASO,ES,Federal Contract Tower,0,3,19,0,22,0,1,15,0,16,0,4,34,0,38,10,0,10,48
08/07/2022,INT,NC,ASO,ES,Federal Contract Tower,1,3,11,0,15,0,0,34,0,34,1,3,45,0,49,0,0,0,49
08/08/2022,INT,NC,ASO,ES,Federal Contract Tower,2,7,11,0,20,0,0,42,0,42,2,7,53,0,62,147,0,147,209
08/09/2022,INT,NC,ASO,ES,Federal Contract Tower,0,13,16,0,29,0,0,25,2,27,0,13,41,2,56,108,0,108,164
08/10/2022,INT,NC,ASO,ES,Federal Contract Tower,0,15,21,0,36,0,2,60,2,64,0,17,81,2,100,64,0,64,164
08/11/2022,INT,NC,ASO,ES,Federal Contract Tower,0,7,9,0,16,0,2,21,0,23,0,9,30,0,39,56,0,56,95
08/12/2022,INT,NC,ASO,ES,Federal Contract Tower,0,7,17,0,24,0,0,44,2,46,0,7,61,2,70,52,0,52,122
08/13/2022,INT,NC,ASO,ES,Federal Contract Tower,0,4,21,0,25,0,0,72,0,72,0,4,93,0,97,62,0,62,159
08/14/2022,INT,NC,ASO,ES,Federal Contract Tower,2,8,15,0,25,0,0,28,0,28,2,8,43,0,53,22,0,22,75
08/15/2022,INT,NC,ASO,ES,Federal Contract Tower,0,7,14,0,21,0,0,0,0,0,0,7,14,0,21,60,0,60,81
08/16/2022,INT,NC,ASO,ES,Federal Contract Tower,0,16,28,4,48,0,0,18,0,18,0,16,46,4,66,20,6,26,92
08/17/2022,INT,NC,ASO,ES,Federal Contract Tower,0,23,17,0,40,0,0,79,0,79,0,23,96,0,119,106,0,106,225
08/18/2022,INT,NC,ASO,ES,Federal Contract Tower,1,33,11,2,47,0,0,65,0,65,1,33,76,2,112,126,0,126,238
08/19/2022,INT,NC,ASO,ES,Federal Contract Tower,1,22,23,0,46,0,0,60,2,62,1,22,83,2,108,34,0,34,142
08/20/2022,INT,NC,ASO,ES,Federal Contract Tower,1,17,15,2,35,0,1,47,0,48,1,18,62,2,83,80,0,80,163
08/21/2022,INT,NC,ASO,ES,Federal Contract Tower,0,9,9,0,18,0,0,3,0,3,0,9,12,0,21,8,0,8,29
08/22/2022,INT,NC,ASO,ES,Federal Contract Tower,0,9,22,0,31,0,0,18,0,18,0,9,40,0,49,92,0,92,141
08/23/2022,INT,NC,ASO,ES,Federal Contract Tower,0,14,19,0,33,0,0,50,2,52,0,14,69,2,85,78,0,78,163
08/24/2022,INT,NC,ASO,ES,Federal Contract Tower,0,18,22,0,40,0,1,53,5,59,0,19,75,5,99,40,0,40,139
08/25/2022,INT,NC,ASO,ES,Federal Contract Tower,0,9,29,0,38,0,1,76,2,79,0,10,105,2,117,106,0,106,223
08/26/2022,INT,NC,ASO,ES,Federal Contract Tower,0,15,11,0,26,0,0,25,0,25,0,15,36,0,51,34,0,34,85
08/27/2022,INT,NC,ASO,ES,Federal Contract Tower,1,8,6,0,15,0,0,74,0,74,1,8,80,0,89,19,0,19,108
08/28/2022,INT,NC,ASO,ES,Federal Contract Tower,1,2,4,0,7,0,1,39,0,40,1,3,43,0,47,18,0,18,65
08/29/2022,INT,NC,ASO,ES,Federal Contract Tower,1,13,16,0,30,0,1,38,0,39,1,14,54,0,69,113,0,113,182
08/30/2022,INT,NC,ASO,ES,Federal Contract Tower,0,15,6,0,21,0,0,16,2,18,0,15,22,2,39,64,0,64,103
08/31/2022,INT,NC,ASO,ES,Federal Contract Tower,0,12,20,0,32,0,0,73,0,73,0,12,93,0,105,50,0,50,155
09/01/2022,INT,NC,ASO,ES,Federal Contract Tower,0,18,31,0,49,0,0,68,0,68,0,18,99,0,117,58,0,58,175
09/02/2022,INT,NC,ASO,ES,Federal Contract Tower,0,6,36,0,42,0,1,66,1,68,0,7,102,1,110,47,0,47,157
09/03/2022,INT,NC,ASO,ES,Federal Contract Tower,0,4,11,0,15,0,3,34,1,38,0,7,45,1,53,68,0,68,121
09/04/2022,INT,NC,ASO,ES,Federal Contract Tower,0,0,17,0,17,0,0,16,0,16,0,0,33,0,33,26,0,26,59
09/05/2022,INT,NC,ASO,ES,Federal Contract Tower,0,3,19,1,23,0,0,1,0,1,0,3,20,1,24,0,0,0,24
09/06/2022,INT,NC,ASO,ES,Federal Contract Tower,1,18,27,0,46,0,0,38,0,38,1,18,65,0,84,68,0,68,152
09/07/2022,INT,NC,ASO,ES,Federal Contract Tower,1,15,17,2,35,0,4,51,0,55,1,19,68,2,90,80,0,80,170
09/08/2022,INT,NC,ASO,ES,Federal Contract Tower,0,9,16,0,25,0,0,24,0,24,0,9,40,0,49,54,2,56,105
09/09/2022,INT,NC,ASO,ES,Federal Contract Tower,0,29,18,0,47,0,0,56,1,57,0,29,74,1,104,74,0,74,178
09/10/2022,INT,NC,ASO,ES,Federal Contract Tower,2,11,6,2,21,0,0,1,0,1,2,11,7,2,22,0,0,0,22
09/11/2022,INT,NC,ASO,ES,Federal Contract Tower,0,6,16,0,22,0,0,0,0,0,0,6,16,0,22,0,0,0,22
09/12/2022,INT,NC,ASO,ES,Federal Contract Tower,0,10,24,0,34,0,0,25,0,25,0,10,49,0,59,58,0,58,117
09/13/2022,INT,NC,ASO,ES,Federal Contract Tower,0,3,25,0,28,0,0,59,0,59,0,3,84,0,87,54,0,54,141
09/14/2022,INT,NC,ASO,ES,Federal Contract Tower,0,20,25,0,45,0,1,65,0,66,0,21,90,0,111,30,0,30,141
09/15/2022,INT,NC,ASO,ES,Federal Contract Tower,3,14,20,0,37,0,0,111,2,113,3,14,131,2,150,52,0,52,202
09/16/2022,INT,NC,ASO,ES,Federal Contract Tower,0,11,31,0,42,0,2,70,0,72,0,13,101,0,114,42,0,42,156
09/17/2022,INT,NC,ASO,ES,Federal Contract Tower,1,14,12,0,27,0,0,75,0,75,1,14,87,0,102,55,0,55,157
09/18/2022,INT,NC,ASO,ES,Federal Contract Tower,1,15,15,0,31,0,0,61,0,61,1,15,76,0,92,18,0,18,110
09/19/2022,INT,NC,ASO,ES,Federal Contract Tower,0,6,18,0,24,0,1,39,0,40,0,7,57,0,64,44,0,44,108
09/20/2022,INT,NC,ASO,ES,Federal Contract Tower,1,3,17,0,21,0,1,46,1,48,1,4,63,1,69,35,0,35,104
09/21/2022,INT,NC,ASO,ES,Federal Contract Tower,1,7,17,1,26,0,0,86,0,86,1,7,103,1,112,34,0,34,146
09/22/2022,INT,NC,ASO,ES,Federal Contract Tower,0,8,8,0,16,0,2,27,0,29,0,10,35,0,45,16,0,16,61
09/23/2022,INT,NC,ASO,ES,Federal Contract Tower,2,32,22,0,56,0,0,69,2,71,2,32,91,2,127,34,0,34,161
09/24/2022,INT,NC,ASO,ES,Federal Contract Tower,4,25,24,0,53,0,0,45,0,45,4,25,69,0,98,20,0,20,118
09/25/2022,INT,NC,ASO,ES,Federal Contract Tower,0,35,18,0,53,0,4,32,2,38,0,39,50,2,91,0,0,0,91
09/26/2022,INT,NC,ASO,ES,Federal Contract Tower,4,11,15,0,30,0,2,64,2,68,4,13,79,2,98,74,0,74,172
09/27/2022,INT,NC,ASO,ES,Federal Contract Tower,2,8,15,0,25,0,0,68,0,68,2,8,83,0,93,36,0,36,129
09/28/2022,INT,NC,ASO,ES,Federal Contract Tower,1,12,23,1,37,0,1,51,0,52,1,13,74,1,89,92,0,92,181
09/29/2022,INT,NC,ASO,ES,Federal Contract Tower,3,17,13,0,33,0,6,12,0,18,3,23,25,0,51,0,0,0,51
09/30/2022,INT,NC,ASO,ES,Federal Contract Tower,0,0,0,0,0,0,0,0,0,0,0,0,0,0,0,0,0,0,0
10/01/2022,INT,NC,ASO,ES,Federal Contract Tower,0,2,2,0,4,0,0,1,0,1,0,2,3,0,5,0,0,0,5
10/02/2022,INT,NC,ASO,ES,Federal Contract Tower,0,1,4,0,5,0,0,3,0,3,0,1,7,0,8,2,0,2,10
10/03/2022,INT,NC,ASO,ES,Federal Contract Tower,0,5,22,3,30,0,3,21,0,24,0,8,43,3,54,4,0,4,58
10/04/2022,INT,NC,ASO,ES,Federal Contract Tower,0,5,25,0,30,0,3,47,0,50,0,8,72,0,80,86,0,86,166
10/05/2022,INT,NC,ASO,ES,Federal Contract Tower,0,13,14,0,27,0,16,73,0,89,0,29,87,0,116,26,0,26,142
10/06/2022,INT,NC,ASO,ES,Federal Contract Tower,2,45,12,2,61,0,0,78,1,79,2,45,90,3,140,44,0,44,184
10/07/2022,INT,NC,ASO,ES,Federal Contract Tower,3,48,26,0,77,0,0,67,1,68,3,48,93,1,145,42,0,42,187
10/08/2022,INT,NC,ASO,ES,Federal Contract Tower,0,21,21,0,42,0,0,44,0,44,0,21,65,0,86,10,0,10,96
10/09/2022,INT,NC,ASO,ES,Federal Contract Tower,4,42,38,0,84,0,2,49,0,51,4,44,87,0,135,32,0,32,167
10/10/2022,INT,NC,ASO,ES,Federal Contract Tower,0,8,22,0,30,0,0,64,0,64,0,8,86,0,94,140,0,140,234
10/11/2022,INT,NC,ASO,ES,Federal Contract Tower,1,5,25,0,31,0,0,53,0,53,1,5,78,0,84,122,0,122,206
10/12/2022,INT,NC,ASO,ES,Federal Contract Tower,1,9,24,11,45,0,0,52,0,52,1,9,76,11,97,70,0,70,167
10/13/2022,INT,NC,ASO,ES,Federal Contract Tower,1,6,31,0,38,0,0,33,0,33,1,6,64,0,71,6,4,10,81
10/14/2022,INT,NC,ASO,ES,Federal Contract Tower,0,16,12,0,28,0,10,84,0,94,0,26,96,0,122,48,0,48,170
10/15/2022,INT,NC,ASO,ES,Federal Contract Tower,0,0,5,0,5,0,4,59,0,63,0,4,64,0,68,22,0,22,90
10/16/2022,INT,NC,ASO,ES,Federal Contract Tower,1,5,28,0,34,0,4,38,0,42,1,9,66,0,76,30,0,30,106
10/17/2022,INT,NC,ASO,ES,Federal Contract Tower,0,12,20,1,33,0,7,20,1,28,0,19,40,2,61,66,0,66,127
10/18/2022,INT,NC,ASO,ES,Federal Contract Tower,0,15,18,0,33,0,1,46,3,50,0,16,64,3,83,40,0,40,123
10/19/2022,INT,NC,ASO,ES,Federal Contract Tower,0,21,19,2,42,0,3,65,2,70,0,24,84,4,112,78,0,78,190
10/20/2022,INT,NC,ASO,ES,Federal Contract Tower,4,26,25,0,55,0,0,58,2,60,4,26,83,2,115,96,0,96,211
10/21/2022,INT,NC,ASO,ES,Federal Contract Tower,1,23,20,0,44,0,0,60,2,62,1,23,80,2,106,28,0,28,134
10/22/2022,INT,NC,ASO,ES,Federal Contract Tower,0,26,23,0,49,0,2,70,0,72,0,28,93,0,121,12,0,12,133
10/23/2022,INT,NC,ASO,ES,Federal Contract Tower,1,14,24,0,39,0,3,51,0,54,1,17,75,0,93,17,0,17,110
10/24/2022,INT,NC,ASO,ES,Federal Contract Tower,0,7,13,1,21,0,2,52,1,55,0,9,65,2,76,70,0,70,146
10/25/2022,INT,NC,ASO,ES,Federal Contract Tower,0,12,18,2,32,0,3,60,0,63,0,15,78,2,95,42,0,42,137
10/26/2022,INT,NC,ASO,ES,Federal Contract Tower,1,20,26,0,47,0,0,4,0,4,1,20,30,0,51,16,0,16,67
10/27/2022,INT,NC,ASO,ES,Federal Contract Tower,1,18,30,0,49,0,1,68,0,69,1,19,98,0,118,84,0,84,202
10/28/2022,INT,NC,ASO,ES,Federal Contract Tower,0,26,26,0,52,0,3,53,0,56,0,29,79,0,108,99,0,99,207
10/29/2022,INT,NC,ASO,ES,Federal Contract Tower,0,5,24,0,29,0,3,34,0,37,0,8,58,0,66,12,0,12,78
10/30/2022,INT,NC,ASO,ES,Federal Contract Tower,4,11,16,0,31,0,7,11,0,18,4,18,27,0,49,4,0,4,53
10/31/2022,INT,NC,ASO,ES,Federal Contract Tower,3,6,4,2,15,0,0,0,0,0,3,6,4,2,15,0,0,0,15
11/01/2022,INT,NC,ASO,ES,Federal Contract Tower,1,11,8,0,20,0,1,52,0,53,1,12,60,0,73,58,0,58,131
11/02/2022,INT,NC,ASO,ES,Federal Contract Tower,0,13,22,0,35,0,0,86,0,86,0,13,108,0,121,94,0,94,215
11/03/2022,INT,NC,ASO,ES,Federal Contract Tower,0,20,14,0,34,0,0,67,0,67,0,20,81,0,101,72,0,72,173
11/04/2022,INT,NC,ASO,ES,Federal Contract Tower,0,20,16,0,36,0,0,46,0,46,0,20,62,0,82,100,0,100,182
11/05/2022,INT,NC,ASO,ES,Federal Contract Tower,0,10,5,0,15,0,0,2,0,2,0,10,7,0,17,0,0,0,17
11/06/2022,INT,NC,ASO,ES,Federal Contract Tower,1,7,16,0,24,0,0,0,0,0,1,7,16,0,24,0,0,0,24
11/07/2022,INT,NC,ASO,ES,Federal Contract Tower,0,10,18,0,28,0,3,44,1,48,0,13,62,1,76,42,0,42,118
11/08/2022,INT,NC,ASO,ES,Federal Contract Tower,0,12,12,0,24,0,0,16,0,16,0,12,28,0,40,2,0,2,42
11/09/2022,INT,NC,ASO,ES,Federal Contract Tower,0,14,15,0,29,0,0,77,0,77,0,14,92,0,106,68,0,68,174
11/10/2022,INT,NC,ASO,ES,Federal Contract Tower,1,16,23,0,40,0,0,28,0,28,1,16,51,0,68,80,0,80,148
11/11/2022,INT,NC,ASO,ES,Federal Contract Tower,0,11,13,0,24,0,0,0,0,0,0,11,13,0,24,0,0,0,24
11/12/2022,INT,NC,ASO,ES,Federal Contract Tower,1,20,13,0,34,0,3,31,0,34,1,23,44,0,68,50,0,50,118
11/13/2022,INT,NC,ASO,ES,Federal Contract Tower,0,16,24,0,40,0,5,29,0,34,0,21,53,0,74,0,0,0,74
11/14/2022,INT,NC,ASO,ES,Federal Contract Tower,0,5,30,0,35,0,2,51,0,53,0,7,81,0,88,58,0,58,146
11/15/2022,INT,NC,ASO,ES,Federal Contract Tower,2,10,15,0,27,0,0,3,0,3,2,10,18,0,30,12,0,12,42
11/16/2022,INT,NC,ASO,ES,Federal Contract Tower,0,22,16,1,39,0,0,45,0,45,0,22,61,1,84,100,0,100,184
11/17/2022,INT,NC,ASO,ES,Federal Contract Tower,0,17,18,0,35,0,6,62,1,69,0,23,80,1,104,76,0,76,180
11/18/2022,INT,NC,ASO,ES,Federal Contract Tower,1,15,20,0,36,0,1,57,0,58,1,16,77,0,94,57,0,57,151
11/19/2022,INT,NC,ASO,ES,Federal Contract Tower,0,8,9,0,17,0,0,47,0,47,0,8,56,0,64,27,0,27,91
11/20/2022,INT,NC,ASO,ES,Federal Contract Tower,2,11,17,0,30,0,0,19,0,19,2,11,36,0,49,58,0,58,107
11/21/2022,INT,NC,ASO,ES,Federal Contract Tower,0,5,16,0,21,0,2,57,0,59,0,7,73,0,80,104,0,104,184
11/22/2022,INT,NC,ASO,ES,Federal Contract Tower,0,21,21,0,42,0,1,61,0,62,0,22,82,0,104,156,0,156,260
11/23/2022,INT,NC,ASO,ES,Federal Contract Tower,1,9,22,0,32,0,4,91,0,95,1,13,113,0,127,112,0,112,239
11/24/2022,INT,NC,ASO,ES,Federal Contract Tower,0,0,1,0,1,0,0,3,0,3,0,0,4,0,4,0,0,0,4
11/25/2022,INT,NC,ASO,ES,Federal Contract Tower,0,3,11,0,14,0,13,2,0,15,0,16,13,0,29,0,0,0,29
11/26/2022,INT,NC,ASO,ES,Federal Contract Tower,0,12,34,0,46,0,7,57,0,64,0,19,91,0,110,38,0,38,148
11/27/2022,INT,NC,ASO,ES,Federal Contract Tower,0,23,14,0,37,0,0,1,0,1,0,23,15,0,38,0,0,0,38
11/28/2022,INT,NC,ASO,ES,Federal Contract Tower,3,18,21,0,42,0,0,62,0,62,3,18,83,0,104,132,0,132,236
11/29/2022,INT,NC,ASO,ES,Federal Contract Tower,2,6,19,0,27,0,3,47,5,55,2,9,66,5,82,86,0,86,168
11/30/2022,INT,NC,ASO,ES,Federal Contract Tower,1,18,17,2,38,0,0,1,0,1,1,18,18,2,39,0,0,0,39
12/01/2022,INT,NC,ASO,ES,Federal Contract Tower,1,20,14,0,35,0,0,65,0,65,1,20,79,0,100,44,0,44,144
12/02/2022,INT,NC,ASO,ES,Federal Contract Tower,1,21,23,2,47,0,0,94,0,94,1,21,117,2,141,110,12,122,263
12/03/2022,INT,NC,ASO,ES,Federal Contract Tower,0,12,10,0,22,0,0,0,0,0,0,12,10,0,22,6,0,6,28
12/04/2022,INT,NC,ASO,ES,Federal Contract Tower,0,2,20,0,22,0,0,50,0,50,0,2,70,0,72,18,0,18,90
12/05/2022,INT,NC,ASO,ES,Federal Contract Tower,2,9,27,1,39,0,0,48,1,49,2,9,75,2,88,90,0,90,178
12/06/2022,INT,NC,ASO,ES,Federal Contract Tower,0,17,19,0,36,0,0,0,0,0,0,17,19,0,36,0,0,0,36
12/07/2022,INT,NC,ASO,ES,Federal Contract Tower,0,21,16,0,37,0,0,0,0,0,0,21,16,0,37,0,0,0,37
12/08/2022,INT,NC,ASO,ES,Federal Contract Tower,0,14,29,4,47,0,0,17,1,18,0,14,46,5,65,28,0,28,93
12/09/2022,INT,NC,ASO,ES,Federal Contract Tower,0,15,12,0,27,0,0,2,0,2,0,15,14,0,29,0,0,0,29
12/10/2022,INT,NC,ASO,ES,Federal Contract Tower,1,5,16,0,22,0,3,17,0,20,1,8,33,0,42,106,0,106,148
12/11/2022,INT,NC,ASO,ES,Federal Contract Tower,0,10,14,0,24,0,0,17,0,17,0,10,31,0,41,46,0,46,87
12/12/2022,INT,NC,ASO,ES,Federal Contract Tower,0,10,21,0,31,0,10,52,7,69,0,20,73,7,100,76,44,120,220
12/13/2022,INT,NC,ASO,ES,Federal Contract Tower,1,3,15,0,19,0,6,45,5,56,1,9,60,5,75,86,10,96,171
12/14/2022,INT,NC,ASO,ES,Federal Contract Tower,0,13,3,0,16,0,1,9,2,12,0,14,12,2,28,78,0,78,106
12/15/2022,INT,NC,ASO,ES,Federal Contract Tower,3,8,8,0,19,0,0,0,0,0,3,8,8,0,19,0,0,0,19
12/16/2022,INT,NC,ASO,ES,Federal Contract Tower,1,13,22,0,36,0,1,51,1,53,1,14,73,1,89,55,0,55,144
12/17/2022,INT,NC,ASO,ES,Federal Contract Tower,3,7,17,0,27,0,5,52,1,58,3,12,69,1,85,29,0,29,114
12/18/2022,INT,NC,ASO,ES,Federal Contract Tower,2,5,8,0,15,0,3,26,1,30,2,8,34,1,45,12,0,12,57
12/19/2022,INT,NC,ASO,ES,Federal Contract Tower,0,8,15,0,23,0,0,45,0,45,0,8,60,0,68,78,0,78,146
12/20/2022,INT,NC,ASO,ES,Federal Contract Tower,3,20,20,0,43,0,0,54,0,54,3,20,74,0,97,98,0,98,195
12/21/2022,INT,NC,ASO,ES,Federal Contract Tower,0,19,37,1,57,0,0,54,0,54,0,19,91,1,111,30,0,30,141
12/22/2022,INT,NC,ASO,ES,Federal Contract Tower,0,8,7,0,15,0,0,0,0,0,0,8,7,0,15,0,0,0,15
12/23/2022,INT,NC,ASO,ES,Federal Contract Tower,0,6,4,0,10,0,0,0,0,0,0,6,4,0,10,0,0,0,10
12/24/2022,INT,NC,ASO,ES,Federal Contract Tower,0,3,3,0,6,0,1,2,0,3,0,4,5,0,9,2,0,2,11
12/25/2022,INT,NC,ASO,ES,Federal Contract Tower,0,0,2,0,2,0,0,2,0,2,0,0,4,0,4,0,0,0,4
12/26/2022,INT,NC,ASO,ES,Federal Contract Tower,0,7,12,0,19,0,3,12,0,15,0,10,24,0,34,2,0,2,36
12/27/2022,INT,NC,ASO,ES,Federal Contract Tower,0,8,20,0,28,0,2,40,2,44,0,10,60,2,72,42,0,42,114
12/28/2022,INT,NC,ASO,ES,Federal Contract Tower,1,12,20,0,33,0,4,51,2,57,1,16,71,2,90,50,0,50,140
12/29/2022,INT,NC,ASO,ES,Federal Contract Tower,0,11,18,1,30,0,0,57,1,58,0,11,75,2,88,56,0,56,144
12/30/2022,INT,NC,ASO,ES,Federal Contract Tower,0,3,13,0,16,0,0,33,0,33,0,3,46,0,49,44,0,44,93
12/31/2022,INT,NC,ASO,ES,Federal Contract Tower,0,4,0,0,4,0,0,0,0,0,0,4,0,0,4,0,0,0,4
01/01/2023,INT,NC,ASO,ES,Federal Contract Tower,0,2,5,0,7,0,0,9,0,9,0,2,14,0,16,6,0,6,22
01/02/2023,INT,NC,ASO,ES,Federal Contract Tower,0,3,26,0,29,0,0,3,0,3,0,3,29,0,32,10,0,10,42
01/03/2023,INT,NC,ASO,ES,Federal Contract Tower,0,8,19,0,27,0,0,0,0,0,0,8,19,0,27,0,0,0,27
01/04/2023,INT,NC,ASO,ES,Federal Contract Tower,0,6,9,0,15,0,1,0,0,1,0,7,9,0,16,0,0,0,16
01/05/2023,INT,NC,ASO,ES,Federal Contract Tower,0,4,21,0,25,0,2,60,0,62,0,6,81,0,87,78,0,78,165
01/06/2023,INT,NC,ASO,ES,Federal Contract Tower,0,13,19,0,32,0,5,91,0,96,0,18,110,0,128,126,0,126,254
01/07/2023,INT,NC,ASO,ES,Federal Contract Tower,2,4,20,0,26,0,2,28,0,30,2,6,48,0,56,70,0,70,126
01/08/2023,INT,NC,ASO,ES,Federal Contract Tower,0,10,17,0,27,0,0,4,0,4,0,10,21,0,31,45,0,45,76
01/09/2023,INT,NC,ASO,ES,Federal Contract Tower,1,5,10,0,16,0,0,43,3,46,1,5,53,3,62,39,0,39,101
01/10/2023,INT,NC,ASO,ES,Federal Contract Tower,0,10,21,0,31,0,0,65,3,68,0,10,86,3,99,82,0,82,181
01/11/2023,INT,NC,ASO,ES,Federal Contract Tower,2,13,8,0,23,0,0,75,2,77,2,13,83,2,100,114,0,114,214
01/12/2023,INT,NC,ASO,ES,Federal Contract Tower,0,12,9,0,21,0,1,1,0,2,0,13,10,0,23,16,0,16,39
01/13/2023,INT,NC,ASO,ES,Federal Contract Tower,3,7,18,0,28,0,3,30,0,33,3,10,48,0,61,8,0,8,69
01/14/2023,INT,NC,ASO,ES,Federal Contract Tower,1,4,23,0,28,0,0,12,0,12,1,4,35,0,40,7,0,7,47
01/15/2023,INT,NC,ASO,ES,Federal Contract Tower,1,14,8,0,23,0,1,74,0,75,1,15,82,0,98,68,0,68,166
01/16/2023,INT,NC,ASO,ES,Federal Contract Tower,0,10,20,0,30,0,0,70,0,70,0,10,90,0,100,119,0,119,219
01/17/2023,INT,NC,ASO,ES,Federal Contract Tower,0,16,24,0,40,0,0,0,0,0,0,16,24,0,40,0,0,0,40
01/18/2023,INT,NC,ASO,ES,Federal Contract Tower,0,25,26,0,51,0,2,40,0,42,0,27,66,0,93,32,0,32,125
01/19/2023,INT,NC,ASO,ES,Federal Contract Tower,4,8,11,0,23,0,0,1,0,1,4,8,12,0,24,0,0,0,24
01/20/2023,INT,NC,ASO,ES,Federal Contract Tower,0,19,15,0,34,0,3,53,0,56,0,22,68,0,90,46,0,46,136
01/21/2023,INT,NC,ASO,ES,Federal Contract Tower,0,8,13,1,22,0,1,92,1,94,0,9,105,2,116,126,0,126,242
01/22/2023,INT,NC,ASO,ES,Federal Contract Tower,0,7,5,0,12,0,0,0,0,0,0,7,5,0,12,0,0,0,12
01/23/2023,INT,NC,ASO,ES,Federal Contract Tower,2,7,22,0,31,0,0,27,0,27,2,7,49,0,58,28,0,28,86
01/24/2023,INT,NC,ASO,ES,Federal Contract Tower,2,7,19,0,28,0,3,105,0,108,2,10,124,0,136,114,0,114,250
01/25/2023,INT,NC,ASO,ES,Federal Contract Tower,0,15,6,0,21,0,0,0,0,0,0,15,6,0,21,0,0,0,21
01/26/2023,INT,NC,ASO,ES,Federal Contract Tower,1,15,17,0,33,0,0,59,0,59,1,15,76,0,92,80,0,80,172
01/27/2023,INT,NC,ASO,ES,Federal Contract Tower,0,24,22,0,46,0,0,75,0,75,0,24,97,0,121,66,0,66,187
01/28/2023,INT,NC,ASO,ES,Federal Contract Tower,2,12,13,0,27,0,0,63,0,63,2,12,76,0,90,38,0,38,128
01/29/2023,INT,NC,ASO,ES,Federal Contract Tower,1,9,11,0,21,0,0,19,0,19,1,9,30,0,40,40,0,40,80
01/30/2023,INT,NC,ASO,ES,Federal Contract Tower,0,7,13,0,20,0,0,23,0,23,0,7,36,0,43,90,0,90,133
02/01/2023,INT,NC,ASO,ES,Federal Contract Tower,4,10,6,0,20,0,0,0,0,0,4,10,6,0,20,0,0,0,20
02/02/2023,INT,NC,ASO,ES,Federal Contract Tower,0,14,6,0,20,0,0,0,0,0,0,14,6,0,20,0,0,0,20
02/03/2023,INT,NC,ASO,ES,Federal Contract Tower,5,20,17,0,42,0,4,50,0,54,5,24,67,0,96,16,2,18,114
02/04/2023,INT,NC,ASO,ES,Federal Contract Tower,2,4,17,0,23,0,4,76,0,80,2,8,93,0,103,20,0,20,123
02/05/2023,INT,NC,ASO,ES,Federal Contract Tower,0,6,10,2,18,0,1,33,0,34,0,7,43,2,52,25,0,25,77
02/06/2023,INT,NC,ASO,ES,Federal Contract Tower,0,14,15,0,29,0,7,51,0,58,0,21,66,0,87,86,0,86,173
02/07/2023,INT,NC,ASO,ES,Federal Contract Tower,0,14,37,0,51,0,1,69,17,87,0,15,106,17,138,134,0,134,272
02/08/2023,INT,NC,ASO,ES,Federal Contract Tower,0,23,12,0,35,0,3,79,4,86,0,26,91,4,121,88,0,88,209
02/09/2023,INT,NC,ASO,ES,Federal Contract Tower,1,9,8,0,18,0,0,15,0,15,1,9,23,0,33,22,0,22,55
02/10/2023,INT,NC,ASO,ES,Federal Contract Tower,4,16,31,0,51,0,2,43,0,45,4,18,74,0,96,53,0,53,149
02/11/2023,INT,NC,ASO,ES,Federal Contract Tower,2,9,14,0,25,0,3,45,0,48,2,12,59,0,73,49,0,49,122
02/12/2023,INT,NC,ASO,ES,Federal Contract Tower,0,6,4,0,10,0,2,0,0,2,0,8,4,0,12,0,0,0,12
02/13/2023,INT,NC,ASO,ES,Federal Contract Tower,2,15,21,0,38,0,4,46,0,50,2,19,67,0,88,111,0,111,199
02/14/2023,INT,NC,ASO,ES,Federal Contract Tower,0,4,14,0,18,0,1,64,0,65,0,5,78,0,83,138,0,138,221
02/15/2023,INT,NC,ASO,ES,Federal Contract Tower,2,13,6,0,21,0,0,44,0,44,2,13,50,0,65,122,0,122,187
02/16/2023,INT,NC,ASO,ES,Federal Contract Tower,2,11,24,0,37,0,0,6,0,6,2,11,30,0,43,98,0,98,141
02/17/2023,INT,NC,ASO,ES,Federal Contract Tower,2,14,14,0,30,0,1,0,0,1,2,15,14,0,31,0,0,0,31
02/18/2023,INT,NC,ASO,ES,Federal Contract Tower,2,4,13,0,19,0,3,67,0,70,2,7,80,0,89,70,0,70,159
02/19/2023,INT,NC,ASO,ES,Federal Contract Tower,2,3,13,0,18,0,6,21,0,27,2,9,34,0,45,12,0,12,57
02/20/2023,INT,NC,ASO,ES,Federal Contract Tower,0,19,21,0,40,0,5,74,0,79,0,24,95,0,119,146,0,146,265
02/21/2023,INT,NC,ASO,ES,Federal Contract Tower,2,9,13,0,24,0,1,42,0,43,2,10,55,0,67,34,0,34,101
02/22/2023,INT,NC,ASO,ES,Federal Contract Tower,2,11,17,1,31,0,1,17,1,19,2,12,34,2,50,36,1,37,87
02/23/2023,INT,NC,ASO,ES,Federal Contract Tower,1,17,14,0,32,0,1,22,0,23,1,18,36,0,55,12,0,12,67
02/24/2023,INT,NC,ASO,ES,Federal Contract Tower,1,23,25,2,51,0,0,31,0,31,1,23,56,2,82,34,0,34,116
02/25/2023,INT,NC,ASO,ES,Federal Contract Tower,4,20,7,0,31,0,0,1,0,1,4,20,8,0,32,0,0,0,32
02/26/2023,INT,NC,ASO,ES,Federal Contract Tower,0,14,17,0,31,0,0,10,0,10,0,14,27,0,41,73,0,73,114
02/27/2023,INT,NC,ASO,ES,Federal Contract Tower,2,20,13,0,35,0,1,18,0,19,2,21,31,0,54,48,0,48,102
02/28/2023,INT,NC,ASO,ES,Federal Contract Tower,2,15,27,0,44,0,0,37,0,37,2,15,64,0,81,82,0,82,163
03/01/2023,INT,NC,ASO,ES,Federal Contract Tower,3,10,30,0,43,0,0,63,0,63,3,10,93,0,106,104,0,104,210
03/02/2023,INT,NC,ASO,ES,Federal Contract Tower,0,15,33,0,48,0,0,6,0,6,0,15,39,0,54,10,0,10,64
03/03/2023,INT,NC,ASO,ES,Federal Contract Tower,2,7,10,0,19,0,0,0,0,0,2,7,10,0,19,0,0,0,19
03/04/2023,INT,NC,ASO,ES,Federal Contract Tower,0,7,8,0,15,0,9,46,0,55,0,16,54,0,70,10,0,10,80
03/05/2023,INT,NC,ASO,ES,Federal Contract Tower,1,2,13,0,16,0,1,68,0,69,1,3,81,0,85,108,0,108,193
03/06/2023,INT,NC,ASO,ES,Federal Contract Tower,2,6,12,0,20,0,1,66,0,67,2,7,78,0,87,144,0,144,231
03/07/2023,INT,NC,ASO,ES,Federal Contract Tower,0,5,16,0,21,0,9,34,2,45,0,14,50,2,66,58,0,58,124
03/08/2023,INT,NC,ASO,ES,Federal Contract Tower,0,6,12,4,22,0,2,86,3,91,0,8,98,7,113,134,0,134,247
03/09/2023,INT,NC,ASO,ES,Federal Contract Tower,2,7,13,0,22,0,0,91,1,92,2,7,104,1,114,168,0,168,282
03/10/2023,INT,NC,ASO,ES,Federal Contract Tower,0,9,19,0,28,0,0,0,0,0,0,9,19,0,28,0,0,0,28
03/11/2023,INT,NC,ASO,ES,Federal Contract Tower,0,8,11,0,19,0,0,35,0,35,0,8,46,0,54,15,0,15,69
03/12/2023,INT,NC,ASO,ES,Federal Contract Tower,1,12,6,0,19,0,0,0,0,0,1,12,6,0,19,0,0,0,19
03/13/2023,INT,NC,ASO,ES,Federal Contract Tower,2,12,16,0,30,0,6,24,0,30,2,18,40,0,60,24,0,24,84
03/14/2023,INT,NC,ASO,ES,Federal Contract Tower,1,15,17,6,39,0,2,20,0,22,1,17,37,6,61,30,6,36,97
03/15/2023,INT,NC,ASO,ES,Federal Contract Tower,0,10,19,1,30,0,0,59,1,60,0,10,78,2,90,100,0,100,190
03/16/2023,INT,NC,ASO,ES,Federal Contract Tower,0,8,26,0,34,0,4,68,0,72,0,12,94,0,106,138,0,138,244
03/17/2023,INT,NC,ASO,ES,Federal Contract Tower,2,17,18,0,37,0,1,4,0,5,2,18,22,0,42,8,0,8,50
03/18/2023,INT,NC,ASO,ES,Federal Contract Tower,2,16,15,0,33,0,4,28,0,32,2,20,43,0,65,32,0,32,97
03/19/2023,INT,NC,ASO,ES,Federal Contract Tower,0,16,26,0,42,0,2,55,2,59,0,18,81,2,101,42,0,42,143
03/20/2023,INT,NC,ASO,ES,Federal Contract Tower,2,15,23,0,40,0,4,74,0,78,2,19,97,0,118,110,0,110,228
03/21/2023,INT,NC,ASO,ES,Federal Contract Tower,2,13,17,0,32,0,2,84,0,86,2,15,101,0,118,100,0,100,218
03/22/2023,INT,NC,ASO,ES,Federal Contract Tower,0,18,26,0,44,0,0,28,0,28,0,18,54,0,72,10,0,10,82
03/23/2023,INT,NC,ASO,ES,Federal Contract Tower,0,10,17,0,27,0,6,16,0,22,0,16,33,0,49,36,0,36,85
03/24/2023,INT,NC,ASO,ES,Federal Contract Tower,2,16,15,0,33,0,2,53,0,55,2,18,68,0,88,50,0,50,138
03/25/2023,INT,NC,ASO,ES,Federal Contract Tower,0,9,8,0,17,0,0,1,0,1,0,9,9,0,18,0,0,0,18
03/26/2023,INT,NC,ASO,ES,Federal Contract Tower,0,9,22,0,31,0,8,68,0,76,0,17,90,0,107,86,0,86,193
03/27/2023,INT,NC,ASO,ES,Federal Contract Tower,0,10,28,0,38,0,6,17,0,23,0,16,45,0,61,66,0,66,127
03/28/2023,INT,NC,ASO,ES,Federal Contract Tower,2,11,27,0,40,0,3,31,0,34,2,14,58,0,74,104,0,104,178
03/29/2023,INT,NC,ASO,ES,Federal Contract Tower,1,34,14,0,49,0,0,101,2,103,1,34,115,2,152,148,0,148,300
03/30/2023,INT,NC,ASO,ES,Federal Contract Tower,1,18,22,0,41,0,1,89,2,92,1,19,111,2,133,84,0,84,217
03/31/2023,INT,NC,ASO,ES,Federal Contract Tower,2,13,13,0,28,0,5,26,0,31,2,18,39,0,59,30,0,30,89
04/01/2023,INT,NC,ASO,ES,Federal Contract Tower,2,11,8,0,21,0,1,1,0,2,2,12,9,0,23,0,0,0,23
04/02/2023,INT,NC,ASO,ES,Federal Contract Tower,0,11,27,0,38,0,1,75,0,76,0,12,102,0,114,78,0,78,192
04/03/2023,INT,NC,ASO,ES,Federal Contract Tower,2,10,27,5,44,0,10,38,0,48,2,20,65,5,92,56,0,56,148
04/04/2023,INT,NC,ASO,ES,Federal Contract Tower,0,6,18,0,24,0,4,58,0,62,0,10,76,0,86,144,0,144,230
04/05/2023,INT,NC,ASO,ES,Federal Contract Tower,0,14,20,0,34,0,1,23,0,24,0,15,43,0,58,152,0,152,210
04/06/2023,INT,NC,ASO,ES,Federal Contract Tower,2,20,14,2,38,0,1,37,1,39,2,21,51,3,77,54,0,54,131
04/07/2023,INT,NC,ASO,ES,Federal Contract Tower,1,14,8,0,23,0,0,0,0,0,1,14,8,0,23,0,0,0,23
04/08/2023,INT,NC,ASO,ES,Federal Contract Tower,0,10,6,0,16,0,0,0,0,0,0,10,6,0,16,0,0,0,16
04/09/2023,INT,NC,ASO,ES,Federal Contract Tower,2,15,14,0,31,0,1,19,0,20,2,16,33,0,51,24,0,24,75
04/10/2023,INT,NC,ASO,ES,Federal Contract Tower,0,17,16,0,33,0,6,72,0,78,0,23,88,0,111,90,0,90,201
04/11/2023,INT,NC,ASO,ES,Federal Contract Tower,2,10,26,0,38,0,3,77,0,80,2,13,103,0,118,124,0,124,242
04/12/2023,INT,NC,ASO,ES,Federal Contract Tower,2,11,37,0,50,0,9,73,0,82,2,20,110,0,132,112,0,112,244
04/13/2023,INT,NC,ASO,ES,Federal Contract Tower,0,19,23,0,42,0,3,77,0,80,0,22,100,0,122,90,0,90,212
04/14/2023,INT,NC,ASO,ES,Federal Contract Tower,2,12,20,0,34,0,0,2,0,2,2,12,22,0,36,0,0,0,36
04/15/2023,INT,NC,ASO,ES,Federal Contract Tower,2,9,17,0,28,0,0,24,0,24,2,9,41,0,52,12,0,12,64
04/16/2023,INT,NC,ASO,ES,Federal Contract Tower,0,10,38,0,48,0,2,46,0,48,0,12,84,0,96,44,0,44,140
04/17/2023,INT,NC,ASO,ES,Federal Contract Tower,0,2,19,0,21,0,5,34,0,39,0,7,53,0,60,36,0,36,96
04/18/2023,INT,NC,ASO,ES,Federal Contract Tower,3,8,24,0,35,0,1,56,0,57,3,9,80,0,92,54,0,54,146
04/19/2023,INT,NC,ASO,ES,Federal Contract Tower,0,11,17,0,28,0,10,98,0,108,0,21,115,0,136,158,0,158,294
04/20/2023,INT,NC,ASO,ES,Federal Contract Tower,2,17,33,0,52,0,5,69,4,78,2,22,102,4,130,120,0,120,250
04/21/2023,INT,NC,ASO,ES,Federal Contract Tower,0,24,35,0,59,0,0,57,0,57,0,24,92,0,116,38,0,38,154
04/22/2023,INT,NC,ASO,ES,Federal Contract Tower,1,7,5,0,13,0,6,9,0,15,1,13,14,0,28,6,0,6,34
04/23/2023,INT,NC,ASO,ES,Federal Contract Tower,0,10,19,0,29,0,6,45,0,51,0,16,64,0,80,37,0,37,117
04/24/2023,INT,NC,ASO,ES,Federal Contract Tower,0,8,25,0,33,0,1,42,2,45,0,9,67,2,78,50,0,50,128
04/25/2023,INT,NC,ASO,ES,Federal Contract Tower,0,10,20,0,30,0,9,61,1,71,0,19,81,1,101,94,0,94,195
04/26/2023,INT,NC,ASO,ES,Federal Contract Tower,1,15,13,0,29,0,1,56,0,57,1,16,69,0,86,74,0,74,160
04/27/2023,INT,NC,ASO,ES,Federal Contract Tower,3,18,15,0,36,0,0,0,0,0,3,18,15,0,36,0,0,0,36
04/28/2023,INT,NC,ASO,ES,Federal Contract Tower,1,7,10,0,18,0,3,3,0,6,1,10,13,0,24,0,0,0,24
04/29/2023,INT,NC,ASO,ES,Federal Contract Tower,0,7,24,0,31,0,4,53,0,57,0,11,77,0,88,22,0,22,110
04/30/2023,INT,NC,ASO,ES,Federal Contract Tower,0,24,15,0,39,0,6,5,0,11,0,30,20,0,50,28,0,28,78
05/01/2023,INT,NC,ASO,ES,Federal Contract Tower,1,7,22,0,30,0,9,34,0,43,1,16,56,0,73,48,0,48,121
05/02/2023,INT,NC,ASO,ES,Federal Contract Tower,0,15,12,0,27,0,10,9,0,19,0,25,21,0,46,26,0,26,72
05/03/2023,INT,NC,ASO,ES,Federal Contract Tower,4,17,20,2,43,0,0,24,0,24,4,17,44,2,67,22,0,22,89
05/04/2023,INT,NC,ASO,ES,Federal Contract Tower,2,25,19,0,46,0,3,106,2,111,2,28,125,2,157,116,0,116,273
05/05/2023,INT,NC,ASO,ES,Federal Contract Tower,2,26,6,0,34,0,9,81,0,90,2,35,87,0,124,102,0,102,226
05/06/2023,INT,NC,ASO,ES,Federal Contract Tower,1,2,10,0,13,0,14,42,0,56,1,16,52,0,69,16,0,16,85
05/07/2023,INT,NC,ASO,ES,Federal Contract Tower,0,4,10,0,14,0,3,27,0,30,0,7,37,0,44,76,0,76,120
05/08/2023,INT,NC,ASO,ES,Federal Contract Tower,1,7,17,0,25,0,10,62,1,73,1,17,79,1,98,104,0,104,202
05/09/2023,INT,NC,ASO,ES,Federal Contract Tower,0,14,12,0,26,0,4,34,0,38,0,18,46,0,64,38,0,38,102
05/10/2023,INT,NC,ASO,ES,Federal Contract Tower,2,19,24,0,45,0,1,90,2,93,2,20,114,2,138,68,0,68,206
05/11/2023,INT,NC,ASO,ES,Federal Contract Tower,0,2,22,0,24,0,0,59,0,59,0,2,81,0,83,166,0,166,249
05/12/2023,INT,NC,ASO,ES,Federal Contract Tower,1,29,27,0,57,0,7,19,0,26,1,36,46,0,83,30,0,30,113
05/13/2023,INT,NC,ASO,ES,Federal Contract Tower,0,24,20,0,44,0,4,9,0,13,0,28,29,0,57,0,0,0,57
05/14/2023,INT,NC,ASO,ES,Federal Contract Tower,0,28,26,0,54,0,5,14,0,19,0,33,40,0,73,24,0,24,97
05/15/2023,INT,NC,ASO,ES,Federal Contract Tower,0,55,31,0,86,0,7,48,2,57,0,62,79,2,143,26,0,26,169
05/16/2023,INT,NC,ASO,ES,Federal Contract Tower,0,15,25,0,40,0,4,24,1,29,0,19,49,1,69,66,0,66,135
05/17/2023,INT,NC,ASO,ES,Federal Contract Tower,0,14,33,0,47,0,0,106,0,106,0,14,139,0,153,52,0,52,205
05/18/2023,INT,NC,ASO,ES,Federal Contract Tower,0,21,18,0,39,0,1,58,0,59,0,22,76,0,98,56,0,56,154
05/19/2023,INT,NC,ASO,ES,Federal Contract Tower,0,24,24,0,48,0,0,22,0,22,0,24,46,0,70,68,0,68,138
05/20/2023,INT,NC,ASO,ES,Federal Contract Tower,1,6,12,0,19,0,0,25,0,25,1,6,37,0,44,56,0,56,100
05/21/2023,INT,NC,ASO,ES,Federal Contract Tower,1,14,12,0,27,0,4,41,0,45,1,18,53,0,72,10,0,10,82
05/22/2023,INT,NC,ASO,ES,Federal Contract Tower,1,4,23,0,28,0,9,58,1,68,1,13,81,1,96,84,0,84,180
05/23/2023,INT,NC,ASO,ES,Federal Contract Tower,1,10,25,2,38,0,1,70,0,71,1,11,95,2,109,34,0,34,143
05/24/2023,INT,NC,ASO,ES,Federal Contract Tower,2,17,22,0,41,0,0,51,0,51,2,17,73,0,92,72,0,72,164
05/25/2023,INT,NC,ASO,ES,Federal Contract Tower,0,17,24,0,41,0,0,36,0,36,0,17,60,0,77,22,0,22,99
05/26/2023,INT,NC,ASO,ES,Federal Contract Tower,1,8,25,0,34,0,1,20,0,21,1,9,45,0,55,0,0,0,55
05/27/2023,INT,NC,ASO,ES,Federal Contract Tower,1,5,4,0,10,0,1,5,0,6,1,6,9,0,16,0,0,0,16
05/28/2023,INT,NC,ASO,ES,Federal Contract Tower,0,2,3,0,5,0,0,0,0,0,0,2,3,0,5,0,0,0,5
05/29/2023,INT,NC,ASO,ES,Federal Contract Tower,0,5,9,0,14,0,4,0,0,4,0,9,9,0,18,0,0,0,18
05/30/2023,INT,NC,ASO,ES,Federal Contract Tower,0,11,14,0,25,0,2,1,0,3,0,13,15,0,28,0,0,0,28
05/31/2023,INT,NC,ASO,ES,Federal Contract Tower,2,17,15,0,34,0,0,69,2,71,2,17,84,2,105,90,0,90,195
06/01/2023,INT,NC,ASO,ES,Federal Contract Tower,0,21,25,1,47,0,3,87,3,93,0,24,112,4,140,58,0,58,198
06/02/2023,INT,NC,ASO,ES,Federal Contract Tower,0,27,22,0,49,0,0,79,2,81,0,27,101,2,130,35,0,35,165
06/03/2023,INT,NC,ASO,ES,Federal Contract Tower,0,11,10,0,21,0,1,74,1,76,0,12,84,1,97,49,0,49,146
06/04/2023,INT,NC,ASO,ES,Federal Contract Tower,0,17,16,0,33,0,3,9,0,12,0,20,25,0,45,20,0,20,65
06/05/2023,INT,NC,ASO,ES,Federal Contract Tower,2,14,16,1,33,0,10,35,1,46,2,24,51,2,79,169,0,169,248
06/06/2023,INT,NC,ASO,ES,Federal Contract Tower,1,6,6,0,13,0,4,64,2,70,1,10,70,2,83,136,0,136,219
06/07/2023,INT,NC,ASO,ES,Federal Contract Tower,1,11,25,0,37,0,2,11,0,13,1,13,36,0,50,78,0,78,128
06/08/2023,INT,NC,ASO,ES,Federal Contract Tower,2,13,24,0,39,0,3,63,2,68,2,16,87,2,107,158,0,158,265
06/09/2023,INT,NC,ASO,ES,Federal Contract Tower,0,19,12,0,31,0,5,63,2,70,0,24,75,2,101,128,0,128,229
06/10/2023,INT,NC,ASO,ES,Federal Contract Tower,2,9,12,1,24,0,7,39,0,46,2,16,51,1,70,6,0,6,76
06/11/2023,INT,NC,ASO,ES,Federal Contract Tower,0,10,18,0,28,0,5,30,0,35,0,15,48,0,63,40,0,40,103
06/12/2023,INT,NC,ASO,ES,Federal Contract Tower,2,9,11,0,22,0,2,17,0,19,2,11,28,0,41,20,0,20,61
06/13/2023,INT,NC,ASO,ES,Federal Contract Tower,0,8,7,0,15,0,2,60,0,62,0,10,67,0,77,80,0,80,157
06/14/2023,INT,NC,ASO,ES,Federal Contract Tower,1,14,15,0,30,0,0,46,0,46,1,14,61,0,76,26,0,26,102
06/15/2023,INT,NC,ASO,ES,Federal Contract Tower,0,15,12,2,29,0,0,64,4,68,0,15,76,6,97,62,0,62,159
06/16/2023,INT,NC,ASO,ES,Federal Contract Tower,1,17,12,12,42,0,0,47,1,48,1,17,59,13,90,96,0,96,186
06/17/2023,INT,NC,ASO,ES,Federal Contract Tower,1,10,17,0,28,0,1,68,0,69,1,11,85,0,97,28,0,28,125
06/18/2023,INT,NC,ASO,ES,Federal Contract Tower,1,7,13,0,21,0,0,46,0,46,1,7,59,0,67,94,0,94,161
06/19/2023,INT,NC,ASO,ES,Federal Contract Tower,1,4,17,0,22,0,0,0,0,0,1,4,17,0,22,0,0,0,22
06/20/2023,INT,NC,ASO,ES,Federal Contract Tower,0,4,18,0,22,0,0,2,0,2,0,4,20,0,24,0,0,0,24
06/21/2023,INT,NC,ASO,ES,Federal Contract Tower,1,19,15,0,35,0,0,0,0,0,1,19,15,0,35,0,0,0,35
06/22/2023,INT,NC,ASO,ES,Federal Contract Tower,3,22,11,0,36,0,0,0,0,0,3,22,11,0,36,0,0,0,36
06/23/2023,INT,NC,ASO,ES,Federal Contract Tower,2,37,2,0,41,0,3,5,0,8,2,40,7,0,49,0,0,0,49
06/24/2023,INT,NC,ASO,ES,Federal Contract Tower,0,8,7,1,16,0,1,51,0,52,0,9,58,1,68,102,0,102,170
06/25/2023,INT,NC,ASO,ES,Federal Contract Tower,0,12,15,0,27,0,2,50,0,52,0,14,65,0,79,52,0,52,131
06/26/2023,INT,NC,ASO,ES,Federal Contract Tower,0,6,11,0,17,0,14,33,0,47,0,20,44,0,64,66,0,66,130
06/27/2023,INT,NC,ASO,ES,Federal Contract Tower,0,21,37,1,59,0,8,59,1,68,0,29,96,2,127,108,6,114,241
06/28/2023,INT,NC,ASO,ES,Federal Contract Tower,1,21,27,1,50,0,0,67,1,68,1,21,94,2,118,90,0,90,208
06/29/2023,INT,NC,ASO,ES,Federal Contract Tower,0,12,24,0,36,0,0,43,2,45,0,12,67,2,81,230,0,230,311
06/30/2023,INT,NC,ASO,ES,Federal Contract Tower,1,5,28,0,34,0,0,38,0,38,1,5,66,0,72,94,0,94,166
07/01/2023,INT,NC,ASO,ES,Federal Contract Tower,0,4,9,0,13,0,0,18,0,18,0,4,27,0,31,54,0,54,85
07/02/2023,INT,NC,ASO,ES,Federal Contract Tower,0,5,13,0,18,0,2,28,0,30,0,7,41,0,48,15,0,15,63
07/03/2023,INT,NC,ASO,ES,Federal Contract Tower,3,1,8,0,12,0,2,32,2,36,3,3,40,2,48,108,0,108,156
07/04/2023,INT,NC,ASO,ES,Federal Contract Tower,0,2,5,0,7,0,2,58,1,61,0,4,63,1,68,76,0,76,144
07/05/2023,INT,NC,ASO,ES,Federal Contract Tower,0,6,18,0,24,0,0,54,2,56,0,6,72,2,80,86,0,86,166
07/06/2023,INT,NC,ASO,ES,Federal Contract Tower,0,5,32,0,37,0,2,39,0,41,0,7,71,0,78,70,0,70,148
07/07/2023,INT,NC,ASO,ES,Federal Contract Tower,0,9,30,1,40,0,7,39,0,46,0,16,69,1,86,44,0,44,130
07/08/2023,INT,NC,ASO,ES,Federal Contract Tower,0,7,5,0,12,0,6,37,0,43,0,13,42,0,55,66,0,66,121
07/09/2023,INT,NC,ASO,ES,Federal Contract Tower,0,15,15,0,30,0,2,14,0,16,0,17,29,0,46,30,0,30,76
07/10/2023,INT,NC,ASO,ES,Federal Contract Tower,0,19,22,0,41,0,0,49,0,49,0,19,71,0,90,114,0,114,204
07/11/2023,INT,NC,ASO,ES,Federal Contract Tower,0,12,18,0,30,0,6,57,0,63,0,18,75,0,93,102,0,102,195
07/12/2023,INT,NC,ASO,ES,Federal Contract Tower,0,28,15,0,43,0,0,64,0,64,0,28,79,0,107,112,0,112,219
07/13/2023,INT,NC,ASO,ES,Federal Contract Tower,0,9,13,1,23,0,0,90,5,95,0,9,103,6,118,133,0,133,251
07/14/2023,INT,NC,ASO,ES,Federal Contract Tower,0,14,15,0,29,0,0,38,0,38,0,14,53,0,67,132,0,132,199
07/15/2023,INT,NC,ASO,ES,Federal Contract Tower,1,3,10,0,14,0,4,23,0,27,1,7,33,0,41,64,0,64,105
07/16/2023,INT,NC,ASO,ES,Federal Contract Tower,1,9,19,0,29,0,0,41,0,41,1,9,60,0,70,78,0,78,148
07/17/2023,INT,NC,ASO,ES,Federal Contract Tower,0,15,25,0,40,0,0,24,0,24,0,15,49,0,64,72,0,72,136
07/18/2023,INT,NC,ASO,ES,Federal Contract Tower,0,18,32,0,50,0,2,38,1,41,0,20,70,1,91,150,0,150,241
07/19/2023,INT,NC,ASO,ES,Federal Contract Tower,0,10,16,0,26,0,5,81,0,86,0,15,97,0,112,134,0,134,246
07/20/2023,INT,NC,ASO,ES,Federal Contract Tower,0,21,14,0,35,0,6,98,0,104,0,27,112,0,139,104,0,104,243
07/22/2023,INT,NC,ASO,ES,Federal Contract Tower,0,8,7,4,19,0,7,53,0,60,0,15,60,4,79,92,0,92,171
07/23/2023,INT,NC,ASO,ES,Federal Contract Tower,1,13,8,0,22,0,6,42,1,49,1,19,50,1,71,60,0,60,131
07/24/2023,INT,NC,ASO,ES,Federal Contract Tower,0,8,21,0,29,0,9,30,1,40,0,17,51,1,69,22,0,22,91
07/25/2023,INT,NC,ASO,ES,Federal Contract Tower,2,11,21,0,34,0,4,52,5,61,2,15,73,5,95,48,2,50,145
07/26/2023,INT,NC,ASO,ES,Federal Contract Tower,1,12,17,0,30,0,5,62,4,71,1,17,79,4,101,64,0,64,165
07/27/2023,INT,NC,ASO,ES,Federal Contract Tower,1,11,19,0,31,0,4,43,0,47,1,15,62,0,78,97,0,97,175
07/28/2023,INT,NC,ASO,ES,Federal Contract Tower,0,13,14,0,27,0,3,28,2,33,0,16,42,2,60,20,0,20,80
07/29/2023,INT,NC,ASO,ES,Federal Contract Tower,1,11,12,1,25,0,14,27,4,45,1,25,39,5,70,42,0,42,112
07/30/2023,INT,NC,ASO,ES,Federal Contract Tower,0,1,9,1,11,0,5,54,0,59,0,6,63,1,70,16,0,16,86
07/31/2023,INT,NC,ASO,ES,Federal Contract Tower,0,13,13,1,27,0,8,34,2,44,0,21,47,3,71,64,0,64,135
08/01/2023,INT,NC,ASO,ES,Federal Contract Tower,1,8,36,0,45,0,8,48,0,56,1,16,84,0,101,88,0,88,189
08/02/2023,INT,NC,ASO,ES,Federal Contract Tower,1,8,24,0,33,0,3,49,0,52,1,11,73,0,85,80,0,80,165
08/03/2023,INT,NC,ASO,ES,Federal Contract Tower,0,6,22,0,28,0,0,0,0,0,0,6,22,0,28,0,0,0,28
08/04/2023,INT,NC,ASO,ES,Federal Contract Tower,0,11,10,0,21,0,0,9,0,9,0,11,19,0,30,82,0,82,112
08/05/2023,INT,NC,ASO,ES,Federal Contract Tower,0,10,17,0,27,0,2,58,3,63,0,12,75,3,90,78,0,78,168
08/06/2023,INT,NC,ASO,ES,Federal Contract Tower,1,7,9,0,17,0,0,27,0,27,1,7,36,0,44,14,0,14,58
08/07/2023,INT,NC,ASO,ES,Federal Contract Tower,0,4,18,0,22,0,5,2,0,7,0,9,20,0,29,2,0,2,31
08/08/2023,INT,NC,ASO,ES,Federal Contract Tower,0,6,15,0,21,0,3,41,0,44,0,9,56,0,65,132,0,132,197
08/09/2023,INT,NC,ASO,ES,Federal Contract Tower,0,28,17,2,47,0,4,60,0,64,0,32,77,2,111,98,0,98,209
08/10/2023,INT,NC,ASO,ES,Federal Contract Tower,0,12,8,0,20,0,0,24,0,24,0,12,32,0,44,38,0,38,82
08/11/2023,INT,NC,ASO,ES,Federal Contract Tower,0,5,14,0,19,0,3,62,0,65,0,8,76,0,84,64,0,64,148
08/12/2023,INT,NC,ASO,ES,Federal Contract Tower,0,6,8,0,14,0,0,63,1,64,0,6,71,1,78,112,0,112,190
08/13/2023,INT,NC,ASO,ES,Federal Contract Tower,0,3,7,0,10,0,2,73,0,75,0,5,80,0,85,132,0,132,217
08/14/2023,INT,NC,ASO,ES,Federal Contract Tower,0,9,13,0,22,0,3,40,1,44,0,12,53,1,66,36,0,36,102
08/15/2023,INT,NC,ASO,ES,Federal Contract Tower,1,10,13,0,24,0,0,30,1,31,1,10,43,1,55,12,0,12,67
08/16/2023,INT,NC,ASO,ES,Federal Contract Tower,1,12,9,4,26,0,2,96,5,103,1,14,105,9,129,86,0,86,215
08/17/2023,INT,NC,ASO,ES,Federal Contract Tower,2,15,22,0,39,0,3,84,7,94,2,18,106,7,133,100,0,100,233
08/18/2023,INT,NC,ASO,ES,Federal Contract Tower,0,16,15,1,32,0,2,54,0,56,0,18,69,1,88,92,0,92,180
08/19/2023,INT,NC,ASO,ES,Federal Contract Tower,0,6,8,6,20,0,0,72,15,87,0,6,80,21,107,30,0,30,137
08/20/2023,INT,NC,ASO,ES,Federal Contract Tower,0,9,6,0,15,0,4,87,0,91,0,13,93,0,106,34,0,34,140
08/21/2023,INT,NC,ASO,ES,Federal Contract Tower,0,12,14,0,26,0,3,50,0,53,0,15,64,0,79,64,0,64,143
08/22/2023,INT,NC,ASO,ES,Federal Contract Tower,0,7,19,0,26,0,2,54,0,56,0,9,73,0,82,62,0,62,144
08/23/2023,INT,NC,ASO,ES,Federal Contract Tower,0,17,13,0,30,0,6,62,0,68,0,23,75,0,98,82,0,82,180
08/24/2023,INT,NC,ASO,ES,Federal Contract Tower,1,9,19,0,29,0,2,70,2,74,1,11,89,2,103,76,0,76,179
08/25/2023,INT,NC,ASO,ES,Federal Contract Tower,0,21,11,1,33,0,0,34,11,45,0,21,45,12,78,50,0,50,128
08/26/2023,INT,NC,ASO,ES,Federal Contract Tower,0,28,19,0,47,0,0,34,2,36,0,28,53,2,83,46,0,46,129
08/27/2023,INT,NC,ASO,ES,Federal Contract Tower,0,13,20,0,33,0,0,4,0,4,0,13,24,0,37,0,0,0,37
08/28/2023,INT,NC,ASO,ES,Federal Contract Tower,0,6,16,0,22,0,1,1,0,2,0,7,17,0,24,0,0,0,24
08/29/2023,INT,NC,ASO,ES,Federal Contract Tower,0,6,15,0,21,0,0,1,0,1,0,6,16,0,22,0,0,0,22
08/30/2023,INT,NC,ASO,ES,Federal Contract Tower,0,16,13,0,29,0,0,5,0,5,0,16,18,0,34,34,0,34,68
08/31/2023,INT,NC,ASO,ES,Federal Contract Tower,2,22,20,0,44,0,0,33,0,33,2,22,53,0,77,0,0,0,77
01/01/2020,INT,NC,ASO,ES,Federal Contract Tower,0,5,2,0,7,0,4,32,0,36,0,9,34,0,43,26,0,26,69
01/02/2020,INT,NC,ASO,ES,Federal Contract Tower,0,17,17,0,34,0,4,36,0,40,0,21,53,0,74,20,0,20,94
01/03/2020,INT,NC,ASO,ES,Federal Contract Tower,0,8,4,0,12,0,0,2,0,2,0,8,6,0,14,0,0,0,14
01/04/2020,INT,NC,ASO,ES,Federal Contract Tower,0,7,9,0,16,0,0,6,0,6,0,7,15,0,22,0,0,0,22
01/05/2020,INT,NC,ASO,ES,Federal Contract Tower,0,13,9,0,22,0,30,58,0,88,0,43,67,0,110,100,0,100,210
01/06/2020,INT,NC,ASO,ES,Federal Contract Tower,1,22,14,0,37,0,13,54,0,67,1,35,68,0,104,104,0,104,208
01/07/2020,INT,NC,ASO,ES,Federal Contract Tower,2,28,8,0,38,0,2,17,0,19,2,30,25,0,57,6,0,6,63
01/08/2020,INT,NC,ASO,ES,Federal Contract Tower,0,12,21,0,33,0,0,33,0,33,0,12,54,0,66,22,0,22,88
01/09/2020,INT,NC,ASO,ES,Federal Contract Tower,0,6,15,4,25,0,1,83,5,89,0,7,98,9,114,24,0,24,138
01/10/2020,INT,NC,ASO,ES,Federal Contract Tower,0,16,10,0,26,0,2,50,6,58,0,18,60,6,84,64,0,64,148
01/11/2020,INT,NC,ASO,ES,Federal Contract Tower,0,8,1,0,9,0,2,0,0,2,0,10,1,0,11,0,0,0,11
01/12/2020,INT,NC,ASO,ES,Federal Contract Tower,0,19,12,2,33,0,11,111,2,124,0,30,123,4,157,38,8,46,203
01/13/2020,INT,NC,ASO,ES,Federal Contract Tower,0,12,6,0,18,0,6,0,0,6,0,18,6,0,24,0,0,0,24
01/14/2020,INT,NC,ASO,ES,Federal Contract Tower,0,7,15,0,22,0,0,0,0,0,0,7,15,0,22,0,0,0,22
01/15/2020,INT,NC,ASO,ES,Federal Contract Tower,0,11,9,0,20,0,0,21,2,23,0,11,30,2,43,30,0,30,73
01/16/2020,INT,NC,ASO,ES,Federal Contract Tower,0,21,9,0,30,0,1,9,0,10,0,22,18,0,40,6,0,6,46
01/17/2020,INT,NC,ASO,ES,Federal Contract Tower,0,10,12,0,22,0,0,68,5,73,0,10,80,5,95,46,0,46,141
01/18/2020,INT,NC,ASO,ES,Federal Contract Tower,2,3,7,0,12,0,0,8,0,8,2,3,15,0,20,0,0,0,20
01/19/2020,INT,NC,ASO,ES,Federal Contract Tower,0,6,5,0,11,0,0,24,0,24,0,6,29,0,35,20,0,20,55
01/20/2020,INT,NC,ASO,ES,Federal Contract Tower,0,15,10,0,25,0,0,59,3,62,0,15,69,3,87,118,0,118,205
01/21/2020,INT,NC,ASO,ES,Federal Contract Tower,0,18,15,0,33,0,0,35,0,35,0,18,50,0,68,92,0,92,160
01/22/2020,INT,NC,ASO,ES,Federal Contract Tower,2,10,17,1,30,0,4,60,9,73,2,14,77,10,103,65,0,65,168
01/23/2020,INT,NC,ASO,ES,Federal Contract Tower,1,26,21,0,48,0,2,53,7,62,1,28,74,7,110,131,2,133,243
01/24/2020,INT,NC,ASO,ES,Federal Contract Tower,0,9,5,0,14,0,0,1,0,1,0,9,6,0,15,0,0,0,15
01/25/2020,INT,NC,ASO,ES,Federal Contract Tower,3,5,10,0,18,0,3,35,2,40,3,8,45,2,58,32,0,32,90
01/26/2020,INT,NC,ASO,ES,Federal Contract Tower,0,8,16,0,24,0,5,36,1,42,0,13,52,1,66,14,0,14,80
01/27/2020,INT,NC,ASO,ES,Federal Contract Tower,0,20,8,0,28,0,1,39,4,44,0,21,47,4,72,76,0,76,148
01/28/2020,INT,NC,ASO,ES,Federal Contract Tower,0,20,17,1,38,0,13,46,8,67,0,33,63,9,105,62,6,68,173
01/29/2020,INT,NC,ASO,ES,Federal Contract Tower,0,33,12,1,46,0,1,66,1,68,0,34,78,2,114,56,0,56,170
01/30/2020,INT,NC,ASO,ES,Federal Contract Tower,0,33,13,0,46,0,0,41,5,46,0,33,54,5,92,30,0,30,122
01/31/2020,INT,NC,ASO,ES,Federal Contract Tower,2,28,15,0,45,0,2,21,2,25,2,30,36,2,70,38,0,38,108
02/01/2020,INT,NC,ASO,ES,Federal Contract Tower,0,12,8,0,20,0,1,22,6,29,0,13,30,6,49,53,0,53,102
02/02/2020,INT,NC,ASO,ES,Federal Contract Tower,0,7,9,0,16,0,0,23,0,23,0,7,32,0,39,0,0,0,39
02/03/2020,INT,NC,ASO,ES,Federal Contract Tower,0,14,12,0,26,0,0,55,7,62,0,14,67,7,88,136,0,136,224
02/04/2020,INT,NC,ASO,ES,Federal Contract Tower,0,7,16,0,23,0,0,46,3,49,0,7,62,3,72,146,0,146,218
02/05/2020,INT,NC,ASO,ES,Federal Contract Tower,2,16,2,0,20,0,0,0,0,0,2,16,2,0,20,0,0,0,20
02/06/2020,INT,NC,ASO,ES,Federal Contract Tower,0,12,2,0,14,0,0,0,0,0,0,12,2,0,14,0,0,0,14
02/07/2020,INT,NC,ASO,ES,Federal Contract Tower,0,23,5,0,28,0,12,0,0,12,0,35,5,0,40,0,0,0,40
02/08/2020,INT,NC,ASO,ES,Federal Contract Tower,0,11,4,0,15,0,0,50,0,50,0,11,54,0,65,96,0,96,161
02/09/2020,INT,NC,ASO,ES,Federal Contract Tower,0,23,8,2,33,0,8,74,1,83,0,31,82,3,116,170,0,170,286
02/10/2020,INT,NC,ASO,ES,Federal Contract Tower,0,6,9,0,15,0,1,19,1,21,0,7,28,1,36,38,0,38,74
02/11/2020,INT,NC,ASO,ES,Federal Contract Tower,0,13,17,0,30,0,0,3,0,3,0,13,20,0,33,12,0,12,45
02/12/2020,INT,NC,ASO,ES,Federal Contract Tower,0,24,16,2,42,0,0,14,0,14,0,24,30,2,56,50,0,50,106
02/13/2020,INT,NC,ASO,ES,Federal Contract Tower,0,25,10,0,35,0,0,0,2,2,0,25,10,2,37,0,0,0,37
02/14/2020,INT,NC,ASO,ES,Federal Contract Tower,1,23,14,0,38,0,2,49,0,51,1,25,63,0,89,28,0,28,117
02/15/2020,INT,NC,ASO,ES,Federal Contract Tower,0,4,23,0,27,0,7,51,2,60,0,11,74,2,87,54,0,54,141
02/16/2020,INT,NC,ASO,ES,Federal Contract Tower,2,14,13,0,29,0,0,0,0,0,2,14,13,0,29,48,0,48,77
02/17/2020,INT,NC,ASO,ES,Federal Contract Tower,0,18,27,1,46,0,0,46,7,53,0,18,73,8,99,84,0,84,183
02/18/2020,INT,NC,ASO,ES,Federal Contract Tower,1,13,18,0,32,0,13,0,0,13,1,26,18,0,45,124,0,124,169
02/19/2020,INT,NC,ASO,ES,Federal Contract Tower,0,19,20,2,41,0,0,26,0,26,0,19,46,2,67,116,0,116,183
02/20/2020,INT,NC,ASO,ES,Federal Contract Tower,0,23,7,0,30,0,5,13,0,18,0,28,20,0,48,30,0,30,78
02/21/2020,INT,NC,ASO,ES,Federal Contract Tower,0,36,25,0,61,0,5,38,2,45,0,41,63,2,106,66,0,66,172
02/23/2020,INT,NC,ASO,ES,Federal Contract Tower,0,18,9,0,27,0,10,60,0,70,0,28,69,0,97,132,0,132,229
02/24/2020,INT,NC,ASO,ES,Federal Contract Tower,1,33,7,0,41,0,8,21,0,29,1,41,28,0,70,136,0,136,206
02/25/2020,INT,NC,ASO,ES,Federal Contract Tower,0,25,7,0,32,0,0,7,0,7,0,25,14,0,39,0,0,0,39
02/26/2020,INT,NC,ASO,ES,Federal Contract Tower,0,19,20,0,39,0,0,30,0,30,0,19,50,0,69,78,0,78,147
02/27/2020,INT,NC,ASO,ES,Federal Contract Tower,0,33,13,0,46,0,0,33,3,36,0,33,46,3,82,66,12,78,160
02/28/2020,INT,NC,ASO,ES,Federal Contract Tower,1,23,26,0,50,0,4,51,6,61,1,27,77,6,111,93,0,93,204
03/01/2020,INT,NC,ASO,ES,Federal Contract Tower,0,13,25,0,38,0,1,63,0,64,0,14,88,0,102,65,0,65,167
03/02/2020,INT,NC,ASO,ES,Federal Contract Tower,0,14,15,0,29,0,5,22,0,27,0,19,37,0,56,91,0,91,147
03/03/2020,INT,NC,ASO,ES,Federal Contract Tower,0,20,17,0,37,0,0,23,0,23,0,20,40,0,60,56,0,56,116
03/04/2020,INT,NC,ASO,ES,Federal Contract Tower,1,35,10,2,48,0,0,50,0,50,1,35,60,2,98,50,0,50,148
03/05/2020,INT,NC,ASO,ES,Federal Contract Tower,1,34,7,0,42,0,4,29,0,33,1,38,36,0,75,46,0,46,121
03/06/2020,INT,NC,ASO,ES,Federal Contract Tower,0,32,11,0,43,0,14,10,0,24,0,46,21,0,67,10,0,10,77
03/07/2020,INT,NC,ASO,ES,Federal Contract Tower,0,10,2,0,12,0,18,90,0,108,0,28,92,0,120,82,0,82,202
03/08/2020,INT,NC,ASO,ES,Federal Contract Tower,0,11,5,0,16,0,17,64,0,81,0,28,69,0,97,78,0,78,175
03/09/2020,INT,NC,ASO,ES,Federal Contract Tower,0,19,10,0,29,0,12,58,5,75,0,31,68,5,104,38,0,38,142
03/10/2020,INT,NC,ASO,ES,Federal Contract Tower,0,21,4,0,25,0,1,10,0,11,0,22,14,0,36,0,0,0,36
03/11/2020,INT,NC,ASO,ES,Federal Contract Tower,0,12,15,0,27,0,12,46,3,61,0,24,61,3,88,58,0,58,146
03/12/2020,INT,NC,ASO,ES,Federal Contract Tower,0,15,16,1,32,0,1,74,1,76,0,16,90,2,108,98,0,98,206
03/13/2020,INT,NC,ASO,ES,Federal Contract Tower,0,18,12,0,30,0,0,35,0,35,0,18,47,0,65,56,0,56,121
03/14/2020,INT,NC,ASO,ES,Federal Contract Tower,0,15,19,1,35,0,0,66,1,67,0,15,85,2,102,44,0,44,146
03/15/2020,INT,NC,ASO,ES,Federal Contract Tower,1,15,6,0,22,0,0,39,0,39,1,15,45,0,61,32,0,32,93
03/16/2020,INT,NC,ASO,ES,Federal Contract Tower,0,17,14,1,32,0,1,22,0,23,0,18,36,1,55,85,0,85,140
03/17/2020,INT,NC,ASO,ES,Federal Contract Tower,0,3,7,0,10,0,0,4,0,4,0,3,11,0,14,16,0,16,30
03/18/2020,INT,NC,ASO,ES,Federal Contract Tower,0,11,17,0,28,0,0,39,0,39,0,11,56,0,67,83,0,83,150
03/19/2020,INT,NC,ASO,ES,Federal Contract Tower,0,6,12,0,18,0,0,13,0,13,0,6,25,0,31,18,0,18,49
03/20/2020,INT,NC,ASO,ES,Federal Contract Tower,0,0,7,0,7,0,7,38,0,45,0,7,45,0,52,0,0,0,52
03/21/2020,INT,NC,ASO,ES,Federal Contract Tower,0,9,7,1,17,0,20,59,0,79,0,29,66,1,96,97,0,97,193
03/22/2020,INT,NC,ASO,ES,Federal Contract Tower,0,10,10,0,20,0,4,46,0,50,0,14,56,0,70,33,0,33,103
03/23/2020,INT,NC,ASO,ES,Federal Contract Tower,0,1,0,0,1,0,0,0,0,0,0,1,0,0,1,0,0,0,1
03/24/2020,INT,NC,ASO,ES,Federal Contract Tower,0,6,3,0,9,0,0,4,0,4,0,6,7,0,13,48,0,48,61
03/25/2020,INT,NC,ASO,ES,Federal Contract Tower,0,2,7,0,9,0,0,35,0,35,0,2,42,0,44,18,0,18,62
03/26/2020,INT,NC,ASO,ES,Federal Contract Tower,0,21,15,1,37,0,1,57,1,59,0,22,72,2,96,84,0,84,180
03/27/2020,INT,NC,ASO,ES,Federal Contract Tower,0,1,22,0,23,0,6,37,0,43,0,7,59,0,66,58,0,58,124
03/28/2020,INT,NC,ASO,ES,Federal Contract Tower,0,1,13,0,14,0,0,46,0,46,0,1,59,0,60,24,0,24,84
03/29/2020,INT,NC,ASO,ES,Federal Contract Tower,1,1,4,0,6,0,0,20,0,20,1,1,24,0,26,0,0,0,26
03/30/2020,INT,NC,ASO,ES,Federal Contract Tower,0,0,7,0,7,0,0,28,0,28,0,0,35,0,35,10,0,10,45
03/31/2020,INT,NC,ASO,ES,Federal Contract Tower,0,5,3,0,8,0,0,15,0,15,0,5,18,0,23,77,0,77,100
04/01/2020,INT,NC,ASO,ES,Federal Contract Tower,2,2,5,0,9,0,0,34,0,34,2,2,39,0,43,64,0,64,107
04/02/2020,INT,NC,ASO,ES,Federal Contract Tower,0,6,5,0,11,0,0,27,0,27,0,6,32,0,38,42,0,42,80
04/03/2020,INT,NC,ASO,ES,Federal Contract Tower,2,6,7,0,15,0,2,32,0,34,2,8,39,0,49,22,0,22,71
04/04/2020,INT,NC,ASO,ES,Federal Contract Tower,0,3,6,0,9,0,12,71,0,83,0,15,77,0,92,62,0,62,154
04/05/2020,INT,NC,ASO,ES,Federal Contract Tower,0,4,0,0,4,0,2,47,0,49,0,6,47,0,53,60,0,60,113
04/06/2020,INT,NC,ASO,ES,Federal Contract Tower,0,2,10,0,12,0,9,41,0,50,0,11,51,0,62,8,0,8,70
04/07/2020,INT,NC,ASO,ES,Federal Contract Tower,0,3,0,0,3,0,3,27,0,30,0,6,27,0,33,22,0,22,55
04/08/2020,INT,NC,ASO,ES,Federal Contract Tower,0,1,11,0,12,0,0,50,2,52,0,1,61,2,64,72,0,72,136
04/09/2020,INT,NC,ASO,ES,Federal Contract Tower,0,5,4,0,9,0,0,10,0,10,0,5,14,0,19,16,0,16,35
04/10/2020,INT,NC,ASO,ES,Federal Contract Tower,0,3,3,0,6,0,0,1,0,1,0,3,4,0,7,0,0,0,7
04/11/2020,INT,NC,ASO,ES,Federal Contract Tower,0,0,7,0,7,0,1,104,0,105,0,1,111,0,112,92,0,92,204
04/12/2020,INT,NC,ASO,ES,Federal Contract Tower,0,0,2,0,2,0,0,0,0,0,0,0,2,0,2,0,0,0,2
04/13/2020,INT,NC,ASO,ES,Federal Contract Tower,0,6,2,0,8,0,0,0,0,0,0,6,2,0,8,0,0,0,8
04/14/2020,INT,NC,ASO,ES,Federal Contract Tower,0,2,9,2,13,0,0,35,0,35,0,2,44,2,48,50,0,50,98
04/15/2020,INT,NC,ASO,ES,Federal Contract Tower,0,5,8,0,13,0,0,12,5,17,0,5,20,5,30,14,0,14,44
04/16/2020,INT,NC,ASO,ES,Federal Contract Tower,0,1,16,3,20,0,1,33,0,34,0,2,49,3,54,40,22,62,116
04/17/2020,INT,NC,ASO,ES,Federal Contract Tower,0,3,5,0,8,0,0,23,0,23,0,3,28,0,31,30,0,30,61
04/18/2020,INT,NC,ASO,ES,Federal Contract Tower,0,0,6,0,6,0,0,17,0,17,0,0,23,0,23,18,0,18,41
04/19/2020,INT,NC,ASO,ES,Federal Contract Tower,0,3,12,0,15,0,3,66,0,69,0,6,78,0,84,70,0,70,154
04/20/2020,INT,NC,ASO,ES,Federal Contract Tower,0,0,8,0,8,0,0,13,0,13,0,0,21,0,21,24,0,24,45
04/21/2020,INT,NC,ASO,ES,Federal Contract Tower,0,1,5,0,6,0,5,19,0,24,0,6,24,0,30,20,0,20,50
04/22/2020,INT,NC,ASO,ES,Federal Contract Tower,0,6,9,0,15,0,3,62,0,65,0,9,71,0,80,94,0,94,174
04/23/2020,INT,NC,ASO,ES,Federal Contract Tower,0,7,0,0,7,0,0,0,0,0,0,7,0,0,7,0,0,0,7
04/24/2020,INT,NC,ASO,ES,Federal Contract Tower,0,4,3,0,7,0,0,20,0,20,0,4,23,0,27,18,0,18,45
04/25/2020,INT,NC,ASO,ES,Federal Contract Tower,0,1,15,0,16,0,0,23,0,23,0,1,38,0,39,54,0,54,93
04/26/2020,INT,NC,ASO,ES,Federal Contract Tower,0,1,8,0,9,0,0,4,0,4,0,1,12,0,13,18,0,18,31
04/27/2020,INT,NC,ASO,ES,Federal Contract Tower,2,4,3,0,9,0,8,20,0,28,2,12,23,0,37,38,0,38,75
04/28/2020,INT,NC,ASO,ES,Federal Contract Tower,2,3,11,0,16,0,4,55,0,59,2,7,66,0,75,58,0,58,133
04/29/2020,INT,NC,ASO,ES,Federal Contract Tower,2,11,9,0,22,0,3,5,0,8,2,14,14,0,30,0,0,0,30
04/30/2020,INT,NC,ASO,ES,Federal Contract Tower,2,3,17,0,22,0,1,12,0,13,2,4,29,0,35,36,0,36,71
05/01/2020,INT,NC,ASO,ES,Federal Contract Tower,2,6,8,0,16,0,8,25,0,33,2,14,33,0,49,54,0,54,103
05/02/2020,INT,NC,ASO,ES,Federal Contract Tower,0,7,6,0,13,0,10,93,0,103,0,17,99,0,116,78,0,78,194
05/03/2020,INT,NC,ASO,ES,Federal Contract Tower,0,5,5,0,10,0,2,47,0,49,0,7,52,0,59,18,0,18,77
05/04/2020,INT,NC,ASO,ES,Federal Contract Tower,0,7,4,0,11,0,7,33,0,40,0,14,37,0,51,28,0,28,79
05/05/2020,INT,NC,ASO,ES,Federal Contract Tower,0,12,4,0,16,0,0,0,0,0,0,12,4,0,16,8,0,8,24
05/06/2020,INT,NC,ASO,ES,Federal Contract Tower,2,9,10,0,21,0,0,33,0,33,2,9,43,0,54,14,0,14,68
05/07/2020,INT,NC,ASO,ES,Federal Contract Tower,1,6,18,0,25,0,0,47,0,47,1,6,65,0,72,58,0,58,130
05/08/2020,INT,NC,ASO,ES,Federal Contract Tower,1,10,9,0,20,0,0,20,0,20,1,10,29,0,40,34,0,34,74
05/09/2020,INT,NC,ASO,ES,Federal Contract Tower,0,13,4,0,17,0,0,42,0,42,0,13,46,0,59,44,0,44,103
05/10/2020,INT,NC,ASO,ES,Federal Contract Tower,0,2,5,0,7,0,0,23,2,25,0,2,28,2,32,8,0,8,40
05/11/2020,INT,NC,ASO,ES,Federal Contract Tower,1,4,13,0,18,0,1,9,0,10,1,5,22,0,28,0,0,0,28
05/12/2020,INT,NC,ASO,ES,Federal Contract Tower,1,4,8,0,13,0,0,52,0,52,1,4,60,0,65,54,0,54,119
05/13/2020,INT,NC,ASO,ES,Federal Contract Tower,0,8,17,0,25,0,1,55,0,56,0,9,72,0,81,62,0,62,143
05/14/2020,INT,NC,ASO,ES,Federal Contract Tower,0,6,15,0,21,3,26,0,0,29,3,32,15,0,50,30,0,30,80
05/15/2020,INT,NC,ASO,ES,Federal Contract Tower,0,8,12,0,20,0,24,50,3,77,0,32,62,3,97,27,4,31,128
05/16/2020,INT,NC,ASO,ES,Federal Contract Tower,0,2,10,0,12,0,7,45,0,52,0,9,55,0,64,120,0,120,184
05/17/2020,INT,NC,ASO,ES,Federal Contract Tower,0,5,7,0,12,0,4,34,1,39,0,9,41,1,51,57,0,57,108
05/18/2020,INT,NC,ASO,ES,Federal Contract Tower,0,14,6,0,20,0,4,0,0,4,0,18,6,0,24,2,0,2,26
05/19/2020,INT,NC,ASO,ES,Federal Contract Tower,0,10,2,0,12,0,0,0,0,0,0,10,2,0,12,0,0,0,12
05/20/2020,INT,NC,ASO,ES,Federal Contract Tower,0,15,3,0,18,0,0,0,0,0,0,15,3,0,18,0,0,0,18
05/21/2020,INT,NC,ASO,ES,Federal Contract Tower,0,17,4,0,21,0,0,0,0,0,0,17,4,0,21,0,0,0,21
05/22/2020,INT,NC,ASO,ES,Federal Contract Tower,0,15,5,0,20,0,2,28,0,30,0,17,33,0,50,38,0,38,88
05/23/2020,INT,NC,ASO,ES,Federal Contract Tower,0,2,13,0,15,0,6,24,0,30,0,8,37,0,45,78,0,78,123
05/24/2020,INT,NC,ASO,ES,Federal Contract Tower,0,1,3,0,4,0,0,29,0,29,0,1,32,0,33,36,0,36,69
05/25/2020,INT,NC,ASO,ES,Federal Contract Tower,0,11,9,0,20,0,0,0,0,0,0,11,9,0,20,0,0,0,20
05/26/2020,INT,NC,ASO,ES,Federal Contract Tower,0,7,23,1,31,0,4,15,1,20,0,11,38,2,51,20,8,28,79
05/27/2020,INT,NC,ASO,ES,Federal Contract Tower,0,8,3,0,11,0,0,0,0,0,0,8,3,0,11,0,0,0,11
05/28/2020,INT,NC,ASO,ES,Federal Contract Tower,0,1,13,1,15,0,0,13,0,13,0,1,26,1,28,0,0,0,28
05/29/2020,INT,NC,ASO,ES,Federal Contract Tower,0,5,6,0,11,0,10,3,0,13,0,15,9,0,24,4,0,4,28
05/30/2020,INT,NC,ASO,ES,Federal Contract Tower,0,9,4,0,13,0,1,84,0,85,0,10,88,0,98,52,0,52,150
05/31/2020,INT,NC,ASO,ES,Federal Contract Tower,0,10,9,0,19,0,2,82,0,84,0,12,91,0,103,82,0,82,185
06/01/2020,INT,NC,ASO,ES,Federal Contract Tower,0,2,7,0,9,0,7,65,2,74,0,9,72,2,83,50,0,50,133
06/02/2020,INT,NC,ASO,ES,Federal Contract Tower,0,8,17,0,25,0,0,55,0,55,0,8,72,0,80,98,0,98,178
06/03/2020,INT,NC,ASO,ES,Federal Contract Tower,0,11,7,0,18,0,2,36,0,38,0,13,43,0,56,34,0,34,90
06/04/2020,INT,NC,ASO,ES,Federal Contract Tower,0,2,13,0,15,0,0,29,0,29,0,2,42,0,44,10,0,10,54
06/05/2020,INT,NC,ASO,ES,Federal Contract Tower,0,2,9,0,11,0,0,15,0,15,0,2,24,0,26,14,0,14,40
06/06/2020,INT,NC,ASO,ES,Federal Contract Tower,0,5,6,0,11,0,0,60,0,60,0,5,66,0,71,84,0,84,155
06/07/2020,INT,NC,ASO,ES,Federal Contract Tower,0,2,7,0,9,0,0,41,0,41,0,2,48,0,50,55,0,55,105
06/08/2020,INT,NC,ASO,ES,Federal Contract Tower,0,3,8,0,11,0,0,23,0,23,0,3,31,0,34,61,0,61,95
06/09/2020,INT,NC,ASO,ES,Federal Contract Tower,0,5,16,0,21,0,0,10,0,10,0,5,26,0,31,2,0,2,33
06/10/2020,INT,NC,ASO,ES,Federal Contract Tower,0,4,13,0,17,0,0,14,0,14,0,4,27,0,31,34,0,34,65
06/11/2020,INT,NC,ASO,ES,Federal Contract Tower,0,8,15,2,25,0,0,24,0,24,0,8,39,2,49,69,0,69,118
06/12/2020,INT,NC,ASO,ES,Federal Contract Tower,0,8,19,3,30,0,17,51,0,68,0,25,70,3,98,15,8,23,121
06/13/2020,INT,NC,ASO,ES,Federal Contract Tower,0,5,6,0,11,0,10,41,0,51,0,15,47,0,62,68,0,68,130
06/14/2020,INT,NC,ASO,ES,Federal Contract Tower,0,6,6,0,12,0,16,39,0,55,0,22,45,0,67,24,0,24,91
06/15/2020,INT,NC,ASO,ES,Federal Contract Tower,0,13,14,0,27,0,0,2,0,2,0,13,16,0,29,2,0,2,31
06/16/2020,INT,NC,ASO,ES,Federal Contract Tower,0,6,6,0,12,0,0,0,0,0,0,6,6,0,12,0,0,0,12
06/17/2020,INT,NC,ASO,ES,Federal Contract Tower,1,12,9,0,22,0,0,0,0,0,1,12,9,0,22,2,0,2,24
06/18/2020,INT,NC,ASO,ES,Federal Contract Tower,0,17,9,0,26,0,0,2,0,2,0,17,11,0,28,0,0,0,28
06/19/2020,INT,NC,ASO,ES,Federal Contract Tower,0,7,26,0,33,0,1,10,0,11,0,8,36,0,44,50,0,50,94
06/20/2020,INT,NC,ASO,ES,Federal Contract Tower,0,11,13,0,24,0,0,36,0,36,0,11,49,0,60,20,0,20,80
06/21/2020,INT,NC,ASO,ES,Federal Contract Tower,0,9,10,0,19,0,0,47,0,47,0,9,57,0,66,34,0,34,100
06/22/2020,INT,NC,ASO,ES,Federal Contract Tower,0,4,17,0,21,0,3,43,0,46,0,7,60,0,67,34,0,34,101
06/23/2020,INT,NC,ASO,ES,Federal Contract Tower,0,7,6,0,13,0,6,23,0,29,0,13,29,0,42,70,0,70,112
06/24/2020,INT,NC,ASO,ES,Federal Contract Tower,0,19,29,0,48,0,0,51,0,51,0,19,80,0,99,50,0,50,149
06/25/2020,INT,NC,ASO,ES,Federal Contract Tower,0,17,7,0,24,0,3,17,0,20,0,20,24,0,44,16,0,16,60
06/26/2020,INT,NC,ASO,ES,Federal Contract Tower,0,29,19,0,48,0,6,54,0,60,0,35,73,0,108,38,0,38,146
06/27/2020,INT,NC,ASO,ES,Federal Contract Tower,2,7,8,0,17,0,0,52,0,52,2,7,60,0,69,10,0,10,79
06/28/2020,INT,NC,ASO,ES,Federal Contract Tower,0,10,6,0,16,0,2,15,0,17,0,12,21,0,33,20,0,20,53
06/29/2020,INT,NC,ASO,ES,Federal Contract Tower,0,13,12,2,27,0,6,30,6,42,0,19,42,8,69,72,0,72,141
06/30/2020,INT,NC,ASO,ES,Federal Contract Tower,0,13,8,0,21,0,5,23,4,32,0,18,31,4,53,16,0,16,69
07/01/2020,INT,NC,ASO,ES,Federal Contract Tower,0,7,9,0,16,0,0,21,2,23,0,7,30,2,39,13,2,15,54
07/02/2020,INT,NC,ASO,ES,Federal Contract Tower,0,5,18,0,23,0,10,46,0,56,0,15,64,0,79,36,0,36,115
07/03/2020,INT,NC,ASO,ES,Federal Contract Tower,0,3,13,0,16,0,2,45,0,47,0,5,58,0,63,50,0,50,113
07/04/2020,INT,NC,ASO,ES,Federal Contract Tower,0,1,5,0,6,0,0,51,0,51,0,1,56,0,57,20,0,20,77
07/05/2020,INT,NC,ASO,ES,Federal Contract Tower,0,2,6,0,8,0,0,42,0,42,0,2,48,0,50,46,0,46,96
07/06/2020,INT,NC,ASO,ES,Federal Contract Tower,0,9,13,2,24,0,1,37,0,38,0,10,50,2,62,49,4,53,115
07/07/2020,INT,NC,ASO,ES,Federal Contract Tower,0,11,7,0,18,0,0,13,0,13,0,11,20,0,31,38,0,38,69
07/08/2020,INT,NC,ASO,ES,Federal Contract Tower,0,8,20,2,30,0,0,31,0,31,0,8,51,2,61,28,2,30,91
07/09/2020,INT,NC,ASO,ES,Federal Contract Tower,0,9,22,0,31,0,0,8,2,10,0,9,30,2,41,49,0,49,90
07/10/2020,INT,NC,ASO,ES,Federal Contract Tower,0,13,9,0,22,0,2,37,0,39,0,15,46,0,61,90,0,90,151
07/11/2020,INT,NC,ASO,ES,Federal Contract Tower,0,6,16,0,22,0,0,37,0,37,0,6,53,0,59,43,0,43,102
07/12/2020,INT,NC,ASO,ES,Federal Contract Tower,0,13,27,0,40,0,0,44,0,44,0,13,71,0,84,98,0,98,182
07/13/2020,INT,NC,ASO,ES,Federal Contract Tower,0,19,4,0,23,0,9,51,0,60,0,28,55,0,83,86,0,86,169
07/14/2020,INT,NC,ASO,ES,Federal Contract Tower,0,13,12,0,25,0,20,56,1,77,0,33,68,1,102,70,0,70,172
07/15/2020,INT,NC,ASO,ES,Federal Contract Tower,0,3,3,0,6,0,0,48,0,48,0,3,51,0,54,32,0,32,86
07/16/2020,INT,NC,ASO,ES,Federal Contract Tower,0,12,9,0,21,0,0,18,0,18,0,12,27,0,39,34,0,34,73
07/17/2020,INT,NC,ASO,ES,Federal Contract Tower,0,17,7,0,24,0,0,40,2,42,0,17,47,2,66,10,0,10,76
07/18/2020,INT,NC,ASO,ES,Federal Contract Tower,0,5,11,0,16,0,0,28,3,31,0,5,39,3,47,100,2,102,149
07/19/2020,INT,NC,ASO,ES,Federal Contract Tower,0,5,14,0,19,0,2,40,0,42,0,7,54,0,61,54,0,54,115
07/20/2020,INT,NC,ASO,ES,Federal Contract Tower,1,2,12,1,16,0,2,37,1,40,1,4,49,2,56,97,0,97,153
07/21/2020,INT,NC,ASO,ES,Federal Contract Tower,0,11,21,0,32,0,0,47,0,47,0,11,68,0,79,74,0,74,153
07/22/2020,INT,NC,ASO,ES,Federal Contract Tower,0,10,19,0,29,0,0,35,0,35,0,10,54,0,64,22,0,22,86
07/23/2020,INT,NC,ASO,ES,Federal Contract Tower,1,5,5,0,11,0,1,29,0,30,1,6,34,0,41,48,0,48,89
07/24/2020,INT,NC,ASO,ES,Federal Contract Tower,0,12,7,0,19,0,3,17,0,20,0,15,24,0,39,18,0,18,57
07/25/2020,INT,NC,ASO,ES,Federal Contract Tower,0,1,8,0,9,0,10,52,0,62,0,11,60,0,71,52,0,52,123
07/26/2020,INT,NC,ASO,ES,Federal Contract Tower,0,13,4,0,17,0,23,39,0,62,0,36,43,0,79,22,0,22,101
07/27/2020,INT,NC,ASO,ES,Federal Contract Tower,0,4,2,0,6,0,17,41,0,58,0,21,43,0,64,92,0,92,156
07/28/2020,INT,NC,ASO,ES,Federal Contract Tower,0,12,3,0,15,0,0,45,0,45,0,12,48,0,60,84,0,84,144
07/29/2020,INT,NC,ASO,ES,Federal Contract Tower,0,13,8,0,21,0,0,45,2,47,0,13,53,2,68,62,0,62,130
07/30/2020,INT,NC,ASO,ES,Federal Contract Tower,0,16,14,0,30,0,5,44,4,53,0,21,58,4,83,24,0,24,107
07/31/2020,INT,NC,ASO,ES,Federal Contract Tower,0,5,14,0,19,0,0,32,1,33,0,5,46,1,52,24,0,24,76
08/01/2020,INT,NC,ASO,ES,Federal Contract Tower,0,7,15,0,22,0,0,28,3,31,0,7,43,3,53,66,4,70,123
08/02/2020,INT,NC,ASO,ES,Federal Contract Tower,1,10,9,0,20,0,0,15,0,15,1,10,24,0,35,27,0,27,62
08/03/2020,INT,NC,ASO,ES,Federal Contract Tower,0,3,11,0,14,0,0,4,0,4,0,3,15,0,18,35,0,35,53
08/04/2020,INT,NC,ASO,ES,Federal Contract Tower,0,5,7,0,12,0,2,54,0,56,0,7,61,0,68,119,0,119,187
08/05/2020,INT,NC,ASO,ES,Federal Contract Tower,0,7,17,0,24,0,0,35,2,37,0,7,52,2,61,45,0,45,106
08/06/2020,INT,NC,ASO,ES,Federal Contract Tower,0,6,23,4,33,0,1,11,0,12,0,7,34,4,45,28,0,28,73
08/07/2020,INT,NC,ASO,ES,Federal Contract Tower,0,9,10,0,19,0,15,38,0,53,0,24,48,0,72,80,0,80,152
08/08/2020,INT,NC,ASO,ES,Federal Contract Tower,0,2,21,0,23,0,6,34,2,42,0,8,55,2,65,99,0,99,164
08/09/2020,INT,NC,ASO,ES,Federal Contract Tower,0,10,12,0,22,0,12,41,5,58,0,22,53,5,80,48,0,48,128
08/10/2020,INT,NC,ASO,ES,Federal Contract Tower,0,11,5,1,17,0,16,55,5,76,0,27,60,6,93,60,0,60,153
08/11/2020,INT,NC,ASO,ES,Federal Contract Tower,0,8,13,0,21,0,0,54,0,54,0,8,67,0,75,98,0,98,173
08/12/2020,INT,NC,ASO,ES,Federal Contract Tower,0,5,7,1,13,0,0,43,1,44,0,5,50,2,57,66,0,66,123
08/13/2020,INT,NC,ASO,ES,Federal Contract Tower,0,9,17,1,27,0,3,10,0,13,0,12,27,1,40,12,0,12,52
08/14/2020,INT,NC,ASO,ES,Federal Contract Tower,0,2,19,0,21,0,0,1,2,3,0,2,20,2,24,10,0,10,34
08/15/2020,INT,NC,ASO,ES,Federal Contract Tower,0,8,10,0,18,0,0,0,0,0,0,8,10,0,18,0,0,0,18
08/16/2020,INT,NC,ASO,ES,Federal Contract Tower,0,11,9,0,20,0,0,13,0,13,0,11,22,0,33,48,0,48,81
08/17/2020,INT,NC,ASO,ES,Federal Contract Tower,0,12,9,0,21,0,2,23,0,25,0,14,32,0,46,88,0,88,134
08/18/2020,INT,NC,ASO,ES,Federal Contract Tower,0,29,22,0,51,0,1,52,0,53,0,30,74,0,104,82,0,82,186
08/19/2020,INT,NC,ASO,ES,Federal Contract Tower,2,19,22,2,45,0,0,36,0,36,2,19,58,2,81,54,0,54,135
08/20/2020,INT,NC,ASO,ES,Federal Contract Tower,0,29,14,0,43,0,1,10,0,11,0,30,24,0,54,38,0,38,92
08/21/2020,INT,NC,ASO,ES,Federal Contract Tower,0,14,6,0,20,0,8,14,0,22,0,22,20,0,42,32,0,32,74
08/22/2020,INT,NC,ASO,ES,Federal Contract Tower,0,9,11,0,20,0,2,34,0,36,0,11,45,0,56,48,0,48,104
08/23/2020,INT,NC,ASO,ES,Federal Contract Tower,0,24,6,0,30,0,7,47,1,55,0,31,53,1,85,68,0,68,153
08/24/2020,INT,NC,ASO,ES,Federal Contract Tower,0,11,9,0,20,0,8,35,5,48,0,19,44,5,68,62,6,68,136
08/25/2020,INT,NC,ASO,ES,Federal Contract Tower,0,8,15,0,23,0,5,42,1,48,0,13,57,1,71,56,0,56,127
08/26/2020,INT,NC,ASO,ES,Federal Contract Tower,0,20,19,0,39,0,2,51,0,53,0,22,70,0,92,50,0,50,142
08/27/2020,INT,NC,ASO,ES,Federal Contract Tower,0,15,23,0,38,0,0,69,1,70,0,15,92,1,108,48,0,48,156
08/28/2020,INT,NC,ASO,ES,Federal Contract Tower,0,5,8,1,14,0,0,31,0,31,0,5,39,1,45,42,0,42,87
08/29/2020,INT,NC,ASO,ES,Federal Contract Tower,0,1,11,0,12,0,0,4,0,4,0,1,15,0,16,10,0,10,26
08/30/2020,INT,NC,ASO,ES,Federal Contract Tower,2,8,13,0,23,0,2,59,0,61,2,10,72,0,84,48,0,48,132
08/31/2020,INT,NC,ASO,ES,Federal Contract Tower,0,1,14,0,15,0,0,0,0,0,0,1,14,0,15,2,0,2,17
09/01/2020,INT,NC,ASO,ES,Federal Contract Tower,0,11,15,0,26,0,5,9,0,14,0,16,24,0,40,30,0,30,70
09/02/2020,INT,NC,ASO,ES,Federal Contract Tower,0,13,16,0,29,0,0,47,0,47,0,13,63,0,76,74,0,74,150
09/03/2020,INT,NC,ASO,ES,Federal Contract Tower,1,11,16,4,32,0,0,52,5,57,1,11,68,9,89,52,0,52,141
09/04/2020,INT,NC,ASO,ES,Federal Contract Tower,0,10,14,1,25,0,13,51,5,69,0,23,65,6,94,70,0,70,164
09/05/2020,INT,NC,ASO,ES,Federal Contract Tower,0,4,5,0,9,0,25,90,1,116,0,29,95,1,125,46,0,46,171
09/06/2020,INT,NC,ASO,ES,Federal Contract Tower,0,4,11,2,17,0,26,41,2,69,0,30,52,4,86,31,0,31,117
09/07/2020,INT,NC,ASO,ES,Federal Contract Tower,0,11,7,4,22,0,4,46,3,53,0,15,53,7,75,8,0,8,83
09/08/2020,INT,NC,ASO,ES,Federal Contract Tower,2,17,8,0,27,0,6,16,2,24,2,23,24,2,51,8,0,8,59
09/09/2020,INT,NC,ASO,ES,Federal Contract Tower,1,4,17,4,26,0,0,3,0,3,1,4,20,4,29,14,0,14,43
09/10/2020,INT,NC,ASO,ES,Federal Contract Tower,3,15,18,0,36,0,0,39,0,39,3,15,57,0,75,24,0,24,99
09/11/2020,INT,NC,ASO,ES,Federal Contract Tower,0,12,15,0,27,0,0,53,2,55,0,12,68,2,82,81,0,81,163
09/12/2020,INT,NC,ASO,ES,Federal Contract Tower,0,11,21,0,32,0,0,2,0,2,0,11,23,0,34,0,0,0,34
09/13/2020,INT,NC,ASO,ES,Federal Contract Tower,0,4,10,0,14,0,0,44,2,46,0,4,54,2,60,86,0,86,146
09/14/2020,INT,NC,ASO,ES,Federal Contract Tower,1,8,12,0,21,0,0,28,7,35,1,8,40,7,56,92,0,92,148
09/15/2020,INT,NC,ASO,ES,Federal Contract Tower,1,10,14,2,27,0,1,63,4,68,1,11,77,6,95,64,0,64,159
09/16/2020,INT,NC,ASO,ES,Federal Contract Tower,1,15,11,0,27,0,0,57,0,57,1,15,68,0,84,128,0,128,212
09/17/2020,INT,NC,ASO,ES,Federal Contract Tower,1,10,3,0,14,0,0,0,0,0,1,10,3,0,14,0,0,0,14
09/18/2020,INT,NC,ASO,ES,Federal Contract Tower,1,12,15,0,28,0,15,13,0,28,1,27,28,0,56,30,0,30,86
09/19/2020,INT,NC,ASO,ES,Federal Contract Tower,0,11,5,0,16,0,13,53,0,66,0,24,58,0,82,46,0,46,128
09/20/2020,INT,NC,ASO,ES,Federal Contract Tower,0,15,10,0,25,0,7,54,0,61,0,22,64,0,86,24,0,24,110
09/21/2020,INT,NC,ASO,ES,Federal Contract Tower,1,17,7,0,25,0,10,53,2,65,1,27,60,2,90,44,0,44,134
09/22/2020,INT,NC,ASO,ES,Federal Contract Tower,2,9,5,0,16,0,3,40,5,48,2,12,45,5,64,102,0,102,166
09/23/2020,INT,NC,ASO,ES,Federal Contract Tower,3,9,10,0,22,0,1,67,0,68,3,10,77,0,90,64,0,64,154
09/24/2020,INT,NC,ASO,ES,Federal Contract Tower,1,15,16,1,33,0,0,50,0,50,1,15,66,1,83,120,0,120,203
09/25/2020,INT,NC,ASO,ES,Federal Contract Tower,1,6,14,0,21,0,0,0,0,0,1,6,14,0,21,0,0,0,21
09/26/2020,INT,NC,ASO,ES,Federal Contract Tower,3,4,12,0,19,0,0,5,0,5,3,4,17,0,24,19,0,19,43
09/27/2020,INT,NC,ASO,ES,Federal Contract Tower,0,7,12,0,19,0,0,20,0,20,0,7,32,0,39,69,0,69,108
09/28/2020,INT,NC,ASO,ES,Federal Contract Tower,1,8,12,0,21,0,0,6,0,6,1,8,18,0,27,78,0,78,105
09/30/2020,INT,NC,ASO,ES,Federal Contract Tower,2,8,12,0,22,0,1,41,0,42,2,9,53,0,64,109,0,109,173
10/01/2020,INT,NC,ASO,ES,Federal Contract Tower,0,14,20,0,34,0,2,75,0,77,0,16,95,0,111,23,0,23,134
10/02/2020,INT,NC,ASO,ES,Federal Contract Tower,0,12,13,0,25,0,11,69,0,80,0,23,82,0,105,42,0,42,147
10/03/2020,INT,NC,ASO,ES,Federal Contract Tower,0,13,11,0,24,0,22,69,2,93,0,35,80,2,117,62,0,62,179
10/04/2020,INT,NC,ASO,ES,Federal Contract Tower,1,21,19,0,41,0,3,68,0,71,1,24,87,0,112,46,0,46,158
10/05/2020,INT,NC,ASO,ES,Federal Contract Tower,0,16,4,0,20,0,8,45,0,53,0,24,49,0,73,102,0,102,175
10/06/2020,INT,NC,ASO,ES,Federal Contract Tower,0,8,1,0,9,0,16,50,1,67,0,24,51,1,76,48,0,48,124
10/07/2020,INT,NC,ASO,ES,Federal Contract Tower,0,9,10,0,19,0,4,53,0,57,0,13,63,0,76,40,0,40,116
10/08/2020,INT,NC,ASO,ES,Federal Contract Tower,0,21,11,0,32,0,6,71,0,77,0,27,82,0,109,44,0,44,153
10/09/2020,INT,NC,ASO,ES,Federal Contract Tower,0,16,19,0,35,0,7,57,0,64,0,23,76,0,99,96,0,96,195
10/10/2020,INT,NC,ASO,ES,Federal Contract Tower,2,8,15,0,25,0,0,0,0,0,2,8,15,0,25,0,0,0,25
10/11/2020,INT,NC,ASO,ES,Federal Contract Tower,0,15,5,0,20,0,0,0,0,0,0,15,5,0,20,0,0,0,20
10/12/2020,INT,NC,ASO,ES,Federal Contract Tower,0,9,3,0,12,0,0,0,0,0,0,9,3,0,12,0,0,0,12
10/13/2020,INT,NC,ASO,ES,Federal Contract Tower,0,11,24,0,35,0,0,49,0,49,0,11,73,0,84,90,0,90,174
10/14/2020,INT,NC,ASO,ES,Federal Contract Tower,0,12,5,0,17,0,4,50,2,56,0,16,55,2,73,46,0,46,119
10/15/2020,INT,NC,ASO,ES,Federal Contract Tower,0,19,11,0,30,0,0,13,0,13,0,19,24,0,43,2,0,2,45
10/16/2020,INT,NC,ASO,ES,Federal Contract Tower,0,14,14,0,28,0,6,41,0,47,0,20,55,0,75,77,0,77,152
10/17/2020,INT,NC,ASO,ES,Federal Contract Tower,0,14,11,0,25,0,9,54,0,63,0,23,65,0,88,16,0,16,104
10/18/2020,INT,NC,ASO,ES,Federal Contract Tower,0,30,8,0,38,0,11,72,2,85,0,41,80,2,123,54,0,54,177
10/19/2020,INT,NC,ASO,ES,Federal Contract Tower,0,10,7,0,17,0,8,58,4,70,0,18,65,4,87,108,0,108,195
10/20/2020,INT,NC,ASO,ES,Federal Contract Tower,0,8,15,0,23,0,5,52,0,57,0,13,67,0,80,78,0,78,158
10/21/2020,INT,NC,ASO,ES,Federal Contract Tower,0,17,18,0,35,0,0,38,0,38,0,17,56,0,73,104,0,104,177
10/22/2020,INT,NC,ASO,ES,Federal Contract Tower,0,19,6,0,25,0,6,59,2,67,0,25,65,2,92,70,0,70,162
10/23/2020,INT,NC,ASO,ES,Federal Contract Tower,0,15,15,0,30,0,0,76,0,76,0,15,91,0,106,131,0,131,237
10/24/2020,INT,NC,ASO,ES,Federal Contract Tower,3,9,13,0,25,0,0,69,0,69,3,9,82,0,94,10,0,10,104
10/26/2020,INT,NC,ASO,ES,Federal Contract Tower,0,10,16,0,26,0,7,6,2,15,0,17,22,2,41,52,0,52,93
10/27/2020,INT,NC,ASO,ES,Federal Contract Tower,0,10,11,0,21,0,0,23,0,23,0,10,34,0,44,40,0,40,84
10/28/2020,INT,NC,ASO,ES,Federal Contract Tower,0,12,18,0,30,0,0,0,0,0,0,12,18,0,30,2,0,2,32
10/29/2020,INT,NC,ASO,ES,Federal Contract Tower,2,7,8,0,17,0,0,0,0,0,2,7,8,0,17,0,0,0,17
10/30/2020,INT,NC,ASO,ES,Federal Contract Tower,2,2,4,2,10,0,0,23,0,23,2,2,27,2,33,30,6,36,69
10/31/2020,INT,NC,ASO,ES,Federal Contract Tower,1,3,14,0,18,0,0,49,0,49,1,3,63,0,67,33,0,33,100
11/01/2020,INT,NC,ASO,ES,Federal Contract Tower,0,16,5,0,21,0,19,14,0,33,0,35,19,0,54,20,0,20,74
11/02/2020,INT,NC,ASO,ES,Federal Contract Tower,0,10,1,0,11,0,10,37,2,49,0,20,38,2,60,54,4,58,118
11/03/2020,INT,NC,ASO,ES,Federal Contract Tower,0,6,2,0,8,0,2,89,0,91,0,8,91,0,99,90,0,90,189
11/04/2020,INT,NC,ASO,ES,Federal Contract Tower,0,15,8,0,23,0,1,72,0,73,0,16,80,0,96,70,0,70,166
11/05/2020,INT,NC,ASO,ES,Federal Contract Tower,0,21,13,4,38,0,0,40,1,41,0,21,53,5,79,18,0,18,97
11/06/2020,INT,NC,ASO,ES,Federal Contract Tower,3,17,20,0,40,0,1,67,0,68,3,18,87,0,108,114,0,114,222
11/07/2020,INT,NC,ASO,ES,Federal Contract Tower,0,11,12,2,25,0,0,82,2,84,0,11,94,4,109,74,0,74,183
11/08/2020,INT,NC,ASO,ES,Federal Contract Tower,0,7,11,0,18,0,0,53,0,53,0,7,64,0,71,96,0,96,167
11/09/2020,INT,NC,ASO,ES,Federal Contract Tower,0,7,17,0,24,0,4,27,1,32,0,11,44,1,56,130,0,130,186
11/10/2020,INT,NC,ASO,ES,Federal Contract Tower,0,5,15,0,20,0,0,18,2,20,0,5,33,2,40,94,0,94,134
11/11/2020,INT,NC,ASO,ES,Federal Contract Tower,0,4,0,0,4,0,0,0,0,0,0,4,0,0,4,0,0,0,4
11/12/2020,INT,NC,ASO,ES,Federal Contract Tower,0,10,4,0,14,0,0,0,0,0,0,10,4,0,14,0,0,0,14
11/13/2020,INT,NC,ASO,ES,Federal Contract Tower,0,9,18,0,27,0,11,74,2,87,0,20,92,2,114,70,0,70,184
11/14/2020,INT,NC,ASO,ES,Federal Contract Tower,2,16,14,0,32,0,11,78,0,89,2,27,92,0,121,146,0,146,267
11/15/2020,INT,NC,ASO,ES,Federal Contract Tower,0,12,6,0,18,0,0,4,0,4,0,12,10,0,22,2,0,2,24
11/16/2020,INT,NC,ASO,ES,Federal Contract Tower,0,20,4,0,24,0,5,73,0,78,0,25,77,0,102,54,0,54,156
11/17/2020,INT,NC,ASO,ES,Federal Contract Tower,1,17,7,0,25,0,11,30,0,41,1,28,37,0,66,18,0,18,84
11/18/2020,INT,NC,ASO,ES,Federal Contract Tower,0,10,10,0,20,0,1,50,0,51,0,11,60,0,71,64,0,64,135
11/19/2020,INT,NC,ASO,ES,Federal Contract Tower,2,14,18,0,34,0,2,91,0,93,2,16,109,0,127,60,0,60,187
11/20/2020,INT,NC,ASO,ES,Federal Contract Tower,1,15,14,1,31,0,0,71,2,73,1,15,85,3,104,82,0,82,186
11/21/2020,INT,NC,ASO,ES,Federal Contract Tower,2,12,17,0,31,0,0,115,0,115,2,12,132,0,146,95,0,95,241
11/22/2020,INT,NC,ASO,ES,Federal Contract Tower,0,13,14,0,27,0,0,38,0,38,0,13,52,0,65,116,0,116,181
11/23/2020,INT,NC,ASO,ES,Federal Contract Tower,1,13,5,0,19,0,0,32,0,32,1,13,37,0,51,20,0,20,71
11/24/2020,INT,NC,ASO,ES,Federal Contract Tower,0,24,9,0,33,0,4,58,0,62,0,28,67,0,95,112,0,112,207
11/25/2020,INT,NC,ASO,ES,Federal Contract Tower,0,17,14,2,33,0,0,35,0,35,0,17,49,2,68,44,0,44,112
11/26/2020,INT,NC,ASO,ES,Federal Contract Tower,0,1,7,0,8,0,0,0,0,0,0,1,7,0,8,0,0,0,8
11/27/2020,INT,NC,ASO,ES,Federal Contract Tower,0,15,10,0,25,0,2,15,0,17,0,17,25,0,42,98,0,98,140
11/28/2020,INT,NC,ASO,ES,Federal Contract Tower,0,9,15,0,24,0,3,43,0,46,0,12,58,0,70,52,0,52,122
11/29/2020,INT,NC,ASO,ES,Federal Contract Tower,0,20,15,0,35,0,8,52,0,60,0,28,67,0,95,110,0,110,205
11/30/2020,INT,NC,ASO,ES,Federal Contract Tower,0,14,3,0,17,0,1,0,0,1,0,15,3,0,18,18,0,18,36
12/01/2020,INT,NC,ASO,ES,Federal Contract Tower,1,13,19,2,35,0,4,33,0,37,1,17,52,2,72,32,2,34,106
12/02/2020,INT,NC,ASO,ES,Federal Contract Tower,0,13,17,1,31,0,3,51,0,54,0,16,68,1,85,38,0,38,123
12/03/2020,INT,NC,ASO,ES,Federal Contract Tower,0,5,24,0,29,0,0,58,0,58,0,5,82,0,87,130,0,130,217
12/04/2020,INT,NC,ASO,ES,Federal Contract Tower,0,14,8,0,22,0,2,14,0,16,0,16,22,0,38,20,0,20,58
12/05/2020,INT,NC,ASO,ES,Federal Contract Tower,0,2,3,0,5,0,0,8,0,8,0,2,11,0,13,0,0,0,13
12/06/2020,INT,NC,ASO,ES,Federal Contract Tower,0,7,22,1,30,0,0,42,0,42,0,7,64,1,72,52,0,52,124
12/07/2020,INT,NC,ASO,ES,Federal Contract Tower,2,3,2,0,7,0,0,8,0,8,2,3,10,0,15,108,0,108,123
12/08/2020,INT,NC,ASO,ES,Federal Contract Tower,0,4,10,1,15,0,0,69,0,69,0,4,79,1,84,38,0,38,122
12/09/2020,INT,NC,ASO,ES,Federal Contract Tower,0,15,12,1,28,0,2,74,3,79,0,17,86,4,107,70,0,70,177
12/10/2020,INT,NC,ASO,ES,Federal Contract Tower,0,6,33,4,43,0,0,44,0,44,0,6,77,4,87,136,0,136,223
12/11/2020,INT,NC,ASO,ES,Federal Contract Tower,0,10,21,0,31,0,7,43,0,50,0,17,64,0,81,80,0,80,161
12/12/2020,INT,NC,ASO,ES,Federal Contract Tower,1,13,7,0,21,0,12,42,0,54,1,25,49,0,75,40,0,40,115
12/13/2020,INT,NC,ASO,ES,Federal Contract Tower,2,10,8,0,20,0,3,57,3,63,2,13,65,3,83,74,0,74,157
12/14/2020,INT,NC,ASO,ES,Federal Contract Tower,0,9,0,0,9,0,2,2,0,4,0,11,2,0,13,14,0,14,27
12/15/2020,INT,NC,ASO,ES,Federal Contract Tower,0,12,14,2,28,0,2,39,0,41,0,14,53,2,69,98,0,98,167
12/16/2020,INT,NC,ASO,ES,Federal Contract Tower,0,4,2,0,6,0,0,0,0,0,0,4,2,0,6,0,0,0,6
12/17/2020,INT,NC,ASO,ES,Federal Contract Tower,0,5,14,0,19,0,0,18,0,18,0,5,32,0,37,84,0,84,121
12/18/2020,INT,NC,ASO,ES,Federal Contract Tower,1,8,12,1,22,0,0,39,1,40,1,8,51,2,62,106,0,106,168
12/19/2020,INT,NC,ASO,ES,Federal Contract Tower,0,4,10,0,14,0,0,43,3,46,0,4,53,3,60,52,0,52,112
12/20/2020,INT,NC,ASO,ES,Federal Contract Tower,0,9,4,0,13,0,0,0,0,0,0,9,4,0,13,0,0,0,13
12/21/2020,INT,NC,ASO,ES,Federal Contract Tower,0,6,10,0,16,0,8,29,0,37,0,14,39,0,53,42,0,42,95
12/22/2020,INT,NC,ASO,ES,Federal Contract Tower,0,10,13,0,23,0,0,30,0,30,0,10,43,0,53,50,0,50,103
12/23/2020,INT,NC,ASO,ES,Federal Contract Tower,2,11,14,0,27,0,2,32,1,35,2,13,46,1,62,42,0,42,104
12/24/2020,INT,NC,ASO,ES,Federal Contract Tower,0,0,1,0,1,0,0,0,0,0,0,0,1,0,1,0,0,0,1
12/25/2020,INT,NC,ASO,ES,Federal Contract Tower,0,0,0,0,0,0,0,2,0,2,0,0,2,0,2,5,0,5,7
12/26/2020,INT,NC,ASO,ES,Federal Contract Tower,0,4,8,0,12,0,23,24,0,47,0,27,32,0,59,0,0,0,59
12/27/2020,INT,NC,ASO,ES,Federal Contract Tower,0,4,5,0,9,0,4,61,0,65,0,8,66,0,74,48,0,48,122
12/28/2020,INT,NC,ASO,ES,Federal Contract Tower,0,11,1,0,12,0,0,44,0,44,0,11,45,0,56,58,0,58,114
12/29/2020,INT,NC,ASO,ES,Federal Contract Tower,0,11,10,0,21,0,5,41,0,46,0,16,51,0,67,56,0,56,123
12/30/2020,INT,NC,ASO,ES,Federal Contract Tower,0,2,1,0,3,0,0,19,2,21,0,2,20,2,24,88,0,88,112
12/31/2020,INT,NC,ASO,ES,Federal Contract Tower,0,4,2,0,6,0,0,0,0,0,0,4,2,0,6,0,0,0,6
01/01/2021,INT,NC,ASO,ES,Federal Contract Tower,0,2,2,0,4,0,0,0,0,0,0,2,2,0,4,0,0,0,4
01/02/2021,INT,NC,ASO,ES,Federal Contract Tower,1,5,1,0,7,0,0,0,0,0,1,5,1,0,7,0,0,0,7
01/03/2021,INT,NC,ASO,ES,Federal Contract Tower,2,9,11,0,22,0,0,0,0,0,2,9,11,0,22,0,0,0,22
01/04/2021,INT,NC,ASO,ES,Federal Contract Tower,1,5,12,0,18,0,0,36,2,38,1,5,48,2,56,102,0,102,158
01/05/2021,INT,NC,ASO,ES,Federal Contract Tower,1,1,8,0,10,0,0,48,4,52,1,1,56,4,62,146,0,146,208
01/06/2021,INT,NC,ASO,ES,Federal Contract Tower,1,7,8,1,17,0,0,55,1,56,1,7,63,2,73,74,10,84,157
01/07/2021,INT,NC,ASO,ES,Federal Contract Tower,0,13,5,2,20,0,0,30,5,35,0,13,35,7,55,39,0,39,94
01/08/2021,INT,NC,ASO,ES,Federal Contract Tower,0,3,1,0,4,0,0,0,0,0,0,3,1,0,4,0,0,0,4
01/09/2021,INT,NC,ASO,ES,Federal Contract Tower,1,14,8,0,23,0,8,75,0,83,1,22,83,0,106,30,0,30,136
01/10/2021,INT,NC,ASO,ES,Federal Contract Tower,1,9,9,0,19,1,8,69,0,78,2,17,78,0,97,72,0,72,169
01/11/2021,INT,NC,ASO,ES,Federal Contract Tower,0,8,1,0,9,0,4,30,0,34,0,12,31,0,43,26,0,26,69
01/12/2021,INT,NC,ASO,ES,Federal Contract Tower,2,4,10,0,16,0,5,42,0,47,2,9,52,0,63,130,0,130,193
01/13/2021,INT,NC,ASO,ES,Federal Contract Tower,1,13,23,0,37,0,0,44,0,44,1,13,67,0,81,42,0,42,123
01/14/2021,INT,NC,ASO,ES,Federal Contract Tower,1,8,13,2,24,0,2,39,2,43,1,10,52,4,67,42,0,42,109
01/15/2021,INT,NC,ASO,ES,Federal Contract Tower,0,11,11,0,22,0,0,7,0,7,0,11,18,0,29,16,0,16,45
01/16/2021,INT,NC,ASO,ES,Federal Contract Tower,0,8,4,0,12,0,0,18,0,18,0,8,22,0,30,14,0,14,44
01/17/2021,INT,NC,ASO,ES,Federal Contract Tower,0,7,9,0,16,0,2,47,0,49,0,9,56,0,65,47,0,47,112
01/18/2021,INT,NC,ASO,ES,Federal Contract Tower,0,4,9,1,14,0,0,44,2,46,0,4,53,3,60,74,0,74,134
01/19/2021,INT,NC,ASO,ES,Federal Contract Tower,0,7,6,0,13,0,0,56,0,56,0,7,62,0,69,26,0,26,95
01/20/2021,INT,NC,ASO,ES,Federal Contract Tower,0,12,11,0,23,0,1,34,4,39,0,13,45,4,62,54,0,54,116
01/21/2021,INT,NC,ASO,ES,Federal Contract Tower,0,1,17,0,18,0,0,35,0,35,0,1,52,0,53,42,0,42,95
01/22/2021,INT,NC,ASO,ES,Federal Contract Tower,1,8,14,0,23,0,9,56,0,65,1,17,70,0,88,57,0,57,145
01/23/2021,INT,NC,ASO,ES,Federal Contract Tower,2,4,13,0,19,0,0,39,0,39,2,4,52,0,58,85,0,85,143
01/24/2021,INT,NC,ASO,ES,Federal Contract Tower,2,10,15,0,27,0,6,55,1,62,2,16,70,1,89,59,4,63,152
01/25/2021,INT,NC,ASO,ES,Federal Contract Tower,0,12,5,0,17,0,2,0,0,2,0,14,5,0,19,0,0,0,19
01/26/2021,INT,NC,ASO,ES,Federal Contract Tower,0,15,8,0,23,0,0,0,0,0,0,15,8,0,23,0,0,0,23
01/27/2021,INT,NC,ASO,ES,Federal Contract Tower,2,11,13,0,26,0,2,36,0,38,2,13,49,0,64,28,0,28,92
01/28/2021,INT,NC,ASO,ES,Federal Contract Tower,1,14,7,0,22,0,2,29,0,31,1,16,36,0,53,20,0,20,73
01/29/2021,INT,NC,ASO,ES,Federal Contract Tower,1,10,12,0,23,0,5,57,0,62,1,15,69,0,85,62,0,62,147
01/30/2021,INT,NC,ASO,ES,Federal Contract Tower,3,9,9,0,21,0,0,90,0,90,3,9,99,0,111,62,0,62,173
01/31/2021,INT,NC,ASO,ES,Federal Contract Tower,0,3,4,0,7,0,0,0,0,0,0,3,4,0,7,0,0,0,7
02/01/2021,INT,NC,ASO,ES,Federal Contract Tower,5,5,9,0,19,0,1,1,0,2,5,6,10,0,21,48,0,48,69
02/02/2021,INT,NC,ASO,ES,Federal Contract Tower,0,4,4,0,8,0,0,10,0,10,0,4,14,0,18,0,0,0,18
02/03/2021,INT,NC,ASO,ES,Federal Contract Tower,0,17,8,0,25,0,1,44,0,45,0,18,52,0,70,16,0,16,86
02/04/2021,INT,NC,ASO,ES,Federal Contract Tower,0,13,18,0,31,0,3,66,0,69,0,16,84,0,100,108,0,108,208
02/05/2021,INT,NC,ASO,ES,Federal Contract Tower,2,17,2,2,23,0,14,54,2,70,2,31,56,4,93,38,10,48,141
02/06/2021,INT,NC,ASO,ES,Federal Contract Tower,1,13,9,0,23,0,4,65,0,69,1,17,74,0,92,54,0,54,146
02/07/2021,INT,NC,ASO,ES,Federal Contract Tower,0,4,1,0,5,0,6,36,0,42,0,10,37,0,47,44,0,44,91
02/08/2021,INT,NC,ASO,ES,Federal Contract Tower,0,9,9,1,19,0,8,52,1,61,0,17,61,2,80,88,0,88,168
02/09/2021,INT,NC,ASO,ES,Federal Contract Tower,3,8,22,2,35,0,0,18,2,20,3,8,40,4,55,40,0,40,95
02/10/2021,INT,NC,ASO,ES,Federal Contract Tower,0,16,13,0,29,0,4,15,0,19,0,20,28,0,48,56,0,56,104
02/11/2021,INT,NC,ASO,ES,Federal Contract Tower,0,10,3,0,13,0,0,0,0,0,0,10,3,0,13,0,0,0,13
02/12/2021,INT,NC,ASO,ES,Federal Contract Tower,0,11,7,0,18,0,0,0,0,0,0,11,7,0,18,0,0,0,18
02/13/2021,INT,NC,ASO,ES,Federal Contract Tower,0,4,0,0,4,0,0,0,0,0,0,4,0,0,4,0,0,0,4
02/14/2021,INT,NC,ASO,ES,Federal Contract Tower,1,16,8,0,25,0,0,0,0,0,1,16,8,0,25,0,0,0,25
02/15/2021,INT,NC,ASO,ES,Federal Contract Tower,1,7,2,0,10,0,0,0,0,0,1,7,2,0,10,0,0,0,10
02/16/2021,INT,NC,ASO,ES,Federal Contract Tower,0,8,9,1,18,0,0,15,5,20,0,8,24,6,38,24,0,24,62
02/17/2021,INT,NC,ASO,ES,Federal Contract Tower,0,3,15,2,20,0,0,50,2,52,0,3,65,4,72,46,0,46,118
02/18/2021,INT,NC,ASO,ES,Federal Contract Tower,0,1,3,0,4,0,0,0,0,0,0,1,3,0,4,0,0,0,4
02/19/2021,INT,NC,ASO,ES,Federal Contract Tower,2,9,11,0,22,0,1,16,0,17,2,10,27,0,39,63,0,63,102
02/20/2021,INT,NC,ASO,ES,Federal Contract Tower,2,4,27,0,33,0,2,61,0,63,2,6,88,0,96,83,0,83,179
02/21/2021,INT,NC,ASO,ES,Federal Contract Tower,0,12,16,0,28,0,13,56,0,69,0,25,72,0,97,62,0,62,159
02/22/2021,INT,NC,ASO,ES,Federal Contract Tower,4,4,1,0,9,0,0,8,0,8,4,4,9,0,17,14,0,14,31
02/23/2021,INT,NC,ASO,ES,Federal Contract Tower,0,18,23,2,43,0,8,30,0,38,0,26,53,2,81,70,0,70,151
02/24/2021,INT,NC,ASO,ES,Federal Contract Tower,2,22,24,0,48,0,0,43,0,43,2,22,67,0,91,34,0,34,125
02/25/2021,INT,NC,ASO,ES,Federal Contract Tower,0,21,20,0,41,0,0,88,0,88,0,21,108,0,129,140,0,140,269
02/26/2021,INT,NC,ASO,ES,Federal Contract Tower,2,18,5,0,25,0,1,14,2,17,2,19,19,2,42,4,0,4,46
02/27/2021,INT,NC,ASO,ES,Federal Contract Tower,0,9,6,0,15,0,0,1,0,1,0,9,7,0,16,0,0,0,16
02/28/2021,INT,NC,ASO,ES,Federal Contract Tower,0,9,21,0,30,0,0,2,0,2,0,9,23,0,32,0,0,0,32
03/01/2021,INT,NC,ASO,ES,Federal Contract Tower,0,5,10,0,15,0,2,15,0,17,0,7,25,0,32,10,0,10,42
03/02/2021,INT,NC,ASO,ES,Federal Contract Tower,0,18,17,0,35,0,2,55,0,57,0,20,72,0,92,60,0,60,152
03/03/2021,INT,NC,ASO,ES,Federal Contract Tower,1,23,9,0,33,0,1,62,0,63,1,24,71,0,96,52,0,52,148
03/04/2021,INT,NC,ASO,ES,Federal Contract Tower,1,15,8,0,24,0,0,41,2,43,1,15,49,2,67,18,0,18,85
03/05/2021,INT,NC,ASO,ES,Federal Contract Tower,0,17,17,0,34,0,11,60,0,71,0,28,77,0,105,37,0,37,142
03/06/2021,INT,NC,ASO,ES,Federal Contract Tower,0,7,4,0,11,0,14,61,0,75,0,21,65,0,86,64,0,64,150
03/07/2021,INT,NC,ASO,ES,Federal Contract Tower,0,19,10,1,30,0,13,60,2,75,0,32,70,3,105,46,4,50,155
03/08/2021,INT,NC,ASO,ES,Federal Contract Tower,0,14,9,0,23,0,8,41,0,49,0,22,50,0,72,73,0,73,145
03/09/2021,INT,NC,ASO,ES,Federal Contract Tower,2,8,14,4,28,0,0,42,3,45,2,8,56,7,73,64,10,74,147
03/10/2021,INT,NC,ASO,ES,Federal Contract Tower,0,19,12,0,31,0,8,68,0,76,0,27,80,0,107,94,0,94,201
03/11/2021,INT,NC,ASO,ES,Federal Contract Tower,0,9,10,0,19,0,1,44,3,48,0,10,54,3,67,34,0,34,101
03/12/2021,INT,NC,ASO,ES,Federal Contract Tower,0,13,20,0,33,0,0,44,2,46,0,13,64,2,79,74,0,74,153
03/13/2021,INT,NC,ASO,ES,Federal Contract Tower,1,10,11,0,22,0,0,84,0,84,1,10,95,0,106,62,0,62,168
03/14/2021,INT,NC,ASO,ES,Federal Contract Tower,0,10,5,0,15,0,2,43,0,45,0,12,48,0,60,98,0,98,158
03/15/2021,INT,NC,ASO,ES,Federal Contract Tower,3,12,2,0,17,0,2,21,0,23,3,14,23,0,40,87,0,87,127
03/16/2021,INT,NC,ASO,ES,Federal Contract Tower,1,1,13,0,15,0,0,1,0,1,1,1,14,0,16,0,0,0,16
03/17/2021,INT,NC,ASO,ES,Federal Contract Tower,0,15,15,0,30,0,3,3,0,6,0,18,18,0,36,10,0,10,46
03/18/2021,INT,NC,ASO,ES,Federal Contract Tower,0,1,10,0,11,0,0,0,0,0,0,1,10,0,11,0,0,0,11
03/19/2021,INT,NC,ASO,ES,Federal Contract Tower,2,16,11,0,29,0,0,5,0,5,2,16,16,0,34,2,0,2,36
03/20/2021,INT,NC,ASO,ES,Federal Contract Tower,0,8,17,1,26,0,13,25,1,39,0,21,42,2,65,20,0,20,85
03/21/2021,INT,NC,ASO,ES,Federal Contract Tower,0,3,19,0,22,0,5,44,2,51,0,8,63,2,73,44,0,44,117
03/22/2021,INT,NC,ASO,ES,Federal Contract Tower,0,11,12,0,23,0,9,44,2,55,0,20,56,2,78,70,0,70,148
03/23/2021,INT,NC,ASO,ES,Federal Contract Tower,0,9,13,2,24,0,0,4,0,4,0,9,17,2,28,110,0,110,138
03/24/2021,INT,NC,ASO,ES,Federal Contract Tower,0,12,12,0,24,0,1,12,0,13,0,13,24,0,37,22,0,22,59
03/25/2021,INT,NC,ASO,ES,Federal Contract Tower,0,9,23,0,32,0,0,1,3,4,0,9,24,3,36,39,0,39,75
03/26/2021,INT,NC,ASO,ES,Federal Contract Tower,1,11,25,0,37,0,1,46,0,47,1,12,71,0,84,98,0,98,182
03/27/2021,INT,NC,ASO,ES,Federal Contract Tower,0,9,12,0,21,0,0,37,0,37,0,9,49,0,58,44,0,44,102
03/28/2021,INT,NC,ASO,ES,Federal Contract Tower,0,4,9,0,13,0,0,1,0,1,0,4,10,0,14,0,0,0,14
03/29/2021,INT,NC,ASO,ES,Federal Contract Tower,0,6,24,0,30,0,2,75,2,79,0,8,99,2,109,82,0,82,191
03/30/2021,INT,NC,ASO,ES,Federal Contract Tower,0,5,21,0,26,0,2,64,2,68,0,7,85,2,94,84,0,84,178
03/31/2021,INT,NC,ASO,ES,Federal Contract Tower,0,12,9,0,21,0,0,0,0,0,0,12,9,0,21,0,0,0,21
04/01/2021,INT,NC,ASO,ES,Federal Contract Tower,0,13,16,0,29,0,0,33,1,34,0,13,49,1,63,86,0,86,149
04/02/2021,INT,NC,ASO,ES,Federal Contract Tower,0,29,8,1,38,0,1,48,5,54,0,30,56,6,92,82,0,82,174
04/03/2021,INT,NC,ASO,ES,Federal Contract Tower,0,15,6,0,21,0,9,52,0,61,0,24,58,0,82,38,0,38,120
04/04/2021,INT,NC,ASO,ES,Federal Contract Tower,0,10,7,0,17,0,14,19,1,34,0,24,26,1,51,4,0,4,55
04/05/2021,INT,NC,ASO,ES,Federal Contract Tower,0,22,9,0,31,0,3,46,0,49,0,25,55,0,80,83,0,83,163
04/06/2021,INT,NC,ASO,ES,Federal Contract Tower,0,29,15,0,44,0,5,63,0,68,0,34,78,0,112,74,0,74,186
04/07/2021,INT,NC,ASO,ES,Federal Contract Tower,2,13,19,0,34,0,7,89,0,96,2,20,108,0,130,78,2,80,210
04/08/2021,INT,NC,ASO,ES,Federal Contract Tower,0,17,10,0,27,0,4,68,0,72,0,21,78,0,99,204,0,204,303
04/09/2021,INT,NC,ASO,ES,Federal Contract Tower,0,27,10,0,37,0,13,64,0,77,0,40,74,0,114,88,0,88,202
04/10/2021,INT,NC,ASO,ES,Federal Contract Tower,2,8,14,0,24,0,0,5,0,5,2,8,19,0,29,86,0,86,115
04/11/2021,INT,NC,ASO,ES,Federal Contract Tower,0,11,18,0,29,0,0,8,0,8,0,11,26,0,37,48,0,48,85
04/12/2021,INT,NC,ASO,ES,Federal Contract Tower,0,11,21,0,32,0,1,36,0,37,0,12,57,0,69,78,0,78,147
04/13/2021,INT,NC,ASO,ES,Federal Contract Tower,4,7,13,0,24,0,3,50,0,53,4,10,63,0,77,126,0,126,203
04/14/2021,INT,NC,ASO,ES,Federal Contract Tower,0,7,20,0,27,0,0,50,0,50,0,7,70,0,77,49,0,49,126
04/15/2021,INT,NC,ASO,ES,Federal Contract Tower,0,12,16,0,28,0,2,24,0,26,0,14,40,0,54,86,0,86,140
04/16/2021,INT,NC,ASO,ES,Federal Contract Tower,0,15,15,0,30,0,5,55,1,61,0,20,70,1,91,73,0,73,164
04/17/2021,INT,NC,ASO,ES,Federal Contract Tower,0,1,11,0,12,0,0,46,0,46,0,1,57,0,58,106,0,106,164
04/18/2021,INT,NC,ASO,ES,Federal Contract Tower,0,17,10,0,27,0,2,81,5,88,0,19,91,5,115,96,0,96,211
04/19/2021,INT,NC,ASO,ES,Federal Contract Tower,1,6,8,0,15,0,3,49,0,52,1,9,57,0,67,110,0,110,177
04/20/2021,INT,NC,ASO,ES,Federal Contract Tower,0,5,35,2,42,0,1,37,0,38,0,6,72,2,80,58,0,58,138
04/21/2021,INT,NC,ASO,ES,Federal Contract Tower,1,15,16,0,32,0,0,18,0,18,1,15,34,0,50,20,0,20,70
04/22/2021,INT,NC,ASO,ES,Federal Contract Tower,0,20,11,0,31,0,10,34,0,44,0,30,45,0,75,40,0,40,115
04/23/2021,INT,NC,ASO,ES,Federal Contract Tower,0,20,12,0,32,0,5,42,0,47,0,25,54,0,79,94,0,94,173
04/24/2021,INT,NC,ASO,ES,Federal Contract Tower,0,6,7,0,13,0,3,15,0,18,0,9,22,0,31,8,0,8,39
04/25/2021,INT,NC,ASO,ES,Federal Contract Tower,1,16,20,0,37,0,36,0,0,36,1,52,20,0,73,102,0,102,175
04/26/2021,INT,NC,ASO,ES,Federal Contract Tower,0,14,15,0,29,0,3,47,3,53,0,17,62,3,82,93,4,97,179
04/27/2021,INT,NC,ASO,ES,Federal Contract Tower,0,16,8,0,24,0,1,49,0,50,0,17,57,0,74,38,0,38,112
04/28/2021,INT,NC,ASO,ES,Federal Contract Tower,0,23,6,2,31,0,2,51,0,53,0,25,57,2,84,74,0,74,158
04/29/2021,INT,NC,ASO,ES,Federal Contract Tower,3,18,13,0,34,0,0,19,0,19,3,18,32,0,53,32,0,32,85
04/30/2021,INT,NC,ASO,ES,Federal Contract Tower,0,10,7,0,17,0,23,25,2,50,0,33,32,2,67,30,0,30,97
05/01/2021,INT,NC,ASO,ES,Federal Contract Tower,0,22,16,0,38,0,11,86,0,97,0,33,102,0,135,52,0,52,187
05/02/2021,INT,NC,ASO,ES,Federal Contract Tower,0,21,12,0,33,0,2,51,0,53,0,23,63,0,86,70,0,70,156
05/03/2021,INT,NC,ASO,ES,Federal Contract Tower,0,8,11,0,19,0,2,2,0,4,0,10,13,0,23,0,0,0,23
05/04/2021,INT,NC,ASO,ES,Federal Contract Tower,0,13,11,0,24,0,5,14,0,19,0,18,25,0,43,46,0,46,89
05/05/2021,INT,NC,ASO,ES,Federal Contract Tower,3,22,29,0,54,0,3,54,0,57,3,25,83,0,111,84,0,84,195
05/06/2021,INT,NC,ASO,ES,Federal Contract Tower,0,18,28,3,49,0,0,74,2,76,0,18,102,5,125,158,0,158,283
05/07/2021,INT,NC,ASO,ES,Federal Contract Tower,1,17,17,0,35,0,0,30,0,30,1,17,47,0,65,42,0,42,107
05/08/2021,INT,NC,ASO,ES,Federal Contract Tower,0,16,15,0,31,0,0,25,0,25,0,16,40,0,56,27,0,27,83
05/09/2021,INT,NC,ASO,ES,Federal Contract Tower,0,9,19,0,28,0,0,25,0,25,0,9,44,0,53,8,0,8,61
05/10/2021,INT,NC,ASO,ES,Federal Contract Tower,0,2,8,2,12,0,0,13,0,13,0,2,21,2,25,22,0,22,47
05/11/2021,INT,NC,ASO,ES,Federal Contract Tower,0,23,22,0,45,0,4,46,7,57,0,27,68,7,102,90,0,90,192
05/12/2021,INT,NC,ASO,ES,Federal Contract Tower,0,16,16,0,32,0,0,20,0,20,0,16,36,0,52,58,0,58,110
05/13/2021,INT,NC,ASO,ES,Federal Contract Tower,0,14,31,0,45,0,0,45,0,45,0,14,76,0,90,108,0,108,198
05/14/2021,INT,NC,ASO,ES,Federal Contract Tower,0,29,25,0,54,0,10,40,0,50,0,39,65,0,104,103,0,103,207
05/15/2021,INT,NC,ASO,ES,Federal Contract Tower,0,26,17,0,43,0,6,67,0,73,0,32,84,0,116,71,0,71,187
05/16/2021,INT,NC,ASO,ES,Federal Contract Tower,0,28,24,0,52,0,11,38,2,51,0,39,62,2,103,39,0,39,142
05/17/2021,INT,NC,ASO,ES,Federal Contract Tower,0,34,13,1,48,0,1,38,0,39,0,35,51,1,87,96,0,96,183
05/18/2021,INT,NC,ASO,ES,Federal Contract Tower,1,17,19,2,39,0,12,48,0,60,1,29,67,2,99,118,0,118,217
05/19/2021,INT,NC,ASO,ES,Federal Contract Tower,1,16,26,0,43,0,0,74,0,74,1,16,100,0,117,88,0,88,205
05/20/2021,INT,NC,ASO,ES,Federal Contract Tower,0,23,12,0,35,0,0,51,4,55,0,23,63,4,90,54,0,54,144
05/21/2021,INT,NC,ASO,ES,Federal Contract Tower,2,20,13,0,35,0,1,63,0,64,2,21,76,0,99,42,0,42,141
05/22/2021,INT,NC,ASO,ES,Federal Contract Tower,0,8,16,0,24,0,4,51,0,55,0,12,67,0,79,28,0,28,107
05/23/2021,INT,NC,ASO,ES,Federal Contract Tower,0,8,10,0,18,0,1,54,0,55,0,9,64,0,73,68,0,68,141
05/24/2021,INT,NC,ASO,ES,Federal Contract Tower,1,7,13,0,21,0,3,30,0,33,1,10,43,0,54,62,0,62,116
05/25/2021,INT,NC,ASO,ES,Federal Contract Tower,0,17,31,0,48,0,0,29,0,29,0,17,60,0,77,130,0,130,207
05/26/2021,INT,NC,ASO,ES,Federal Contract Tower,0,12,21,5,38,0,1,59,0,60,0,13,80,5,98,52,0,52,150
05/27/2021,INT,NC,ASO,ES,Federal Contract Tower,0,12,20,0,32,0,1,49,2,52,0,13,69,2,84,90,0,90,174
05/28/2021,INT,NC,ASO,ES,Federal Contract Tower,0,12,17,0,29,0,9,23,0,32,0,21,40,0,61,20,0,20,81
05/29/2021,INT,NC,ASO,ES,Federal Contract Tower,1,7,10,0,18,0,1,15,0,16,1,8,25,0,34,32,0,32,66
05/30/2021,INT,NC,ASO,ES,Federal Contract Tower,0,10,4,0,14,0,22,41,2,65,0,32,45,2,79,36,0,36,115
05/31/2021,INT,NC,ASO,ES,Federal Contract Tower,0,13,21,0,34,0,10,36,2,48,0,23,57,2,82,56,0,56,138
06/01/2021,INT,NC,ASO,ES,Federal Contract Tower,2,14,17,0,33,0,6,43,0,49,2,20,60,0,82,60,0,60,142
06/02/2021,INT,NC,ASO,ES,Federal Contract Tower,1,7,18,0,26,0,0,32,0,32,1,7,50,0,58,6,0,6,64
06/03/2021,INT,NC,ASO,ES,Federal Contract Tower,0,22,12,0,34,0,3,8,0,11,0,25,20,0,45,36,0,36,81
06/04/2021,INT,NC,ASO,ES,Federal Contract Tower,0,8,11,0,19,0,2,38,3,43,0,10,49,3,62,72,0,72,134
06/05/2021,INT,NC,ASO,ES,Federal Contract Tower,0,7,11,0,18,0,0,52,0,52,0,7,63,0,70,28,0,28,98
06/06/2021,INT,NC,ASO,ES,Federal Contract Tower,0,13,22,0,35,0,0,24,0,24,0,13,46,0,59,79,0,79,138
06/07/2021,INT,NC,ASO,ES,Federal Contract Tower,1,8,12,0,21,0,0,8,0,8,1,8,20,0,29,18,0,18,47
06/08/2021,INT,NC,ASO,ES,Federal Contract Tower,0,4,10,1,15,0,0,6,1,7,0,4,16,2,22,34,0,34,56
06/09/2021,INT,NC,ASO,ES,Federal Contract Tower,0,8,14,0,22,0,0,23,0,23,0,8,37,0,45,20,0,20,65
06/10/2021,INT,NC,ASO,ES,Federal Contract Tower,0,4,24,0,28,0,0,12,0,12,0,4,36,0,40,34,0,34,74
06/11/2021,INT,NC,ASO,ES,Federal Contract Tower,0,17,14,0,31,0,5,12,0,17,0,22,26,0,48,30,0,30,78
06/12/2021,INT,NC,ASO,ES,Federal Contract Tower,0,9,12,0,21,0,1,1,0,2,0,10,13,0,23,10,0,10,33
06/13/2021,INT,NC,ASO,ES,Federal Contract Tower,0,8,27,0,35,0,6,38,0,44,0,14,65,0,79,84,0,84,163
06/14/2021,INT,NC,ASO,ES,Federal Contract Tower,1,3,8,0,12,0,8,39,3,50,1,11,47,3,62,20,0,20,82
06/15/2021,INT,NC,ASO,ES,Federal Contract Tower,0,9,9,0,18,0,9,34,0,43,0,18,43,0,61,40,0,40,101
06/16/2021,INT,NC,ASO,ES,Federal Contract Tower,0,14,14,0,28,0,0,40,6,46,0,14,54,6,74,70,0,70,144
06/17/2021,INT,NC,ASO,ES,Federal Contract Tower,0,27,13,0,40,0,0,44,2,46,0,27,57,2,86,82,0,82,168
06/18/2021,INT,NC,ASO,ES,Federal Contract Tower,2,22,22,0,46,0,0,54,0,54,2,22,76,0,100,92,0,92,192
06/19/2021,INT,NC,ASO,ES,Federal Contract Tower,0,10,13,2,25,0,2,48,0,50,0,12,61,2,75,36,0,36,111
06/20/2021,INT,NC,ASO,ES,Federal Contract Tower,0,9,20,0,29,0,0,2,0,2,0,9,22,0,31,0,0,0,31
06/21/2021,INT,NC,ASO,ES,Federal Contract Tower,0,10,20,0,30,0,2,37,0,39,0,12,57,0,69,13,0,13,82
06/22/2021,INT,NC,ASO,ES,Federal Contract Tower,0,8,12,0,20,0,8,12,2,22,0,16,24,2,42,56,0,56,98
06/23/2021,INT,NC,ASO,ES,Federal Contract Tower,0,18,21,0,39,0,4,82,0,86,0,22,103,0,125,154,0,154,279
06/24/2021,INT,NC,ASO,ES,Federal Contract Tower,0,27,23,2,52,0,6,62,0,68,0,33,85,2,120,86,0,86,206
06/25/2021,INT,NC,ASO,ES,Federal Contract Tower,0,9,28,3,40,0,0,71,0,71,0,9,99,3,111,75,0,75,186
06/26/2021,INT,NC,ASO,ES,Federal Contract Tower,0,6,21,0,27,0,2,23,0,25,0,8,44,0,52,48,0,48,100
06/27/2021,INT,NC,ASO,ES,Federal Contract Tower,0,17,12,1,30,0,5,32,0,37,0,22,44,1,67,70,0,70,137
06/28/2021,INT,NC,ASO,ES,Federal Contract Tower,0,13,10,0,23,0,10,75,2,87,0,23,85,2,110,104,0,104,214
06/29/2021,INT,NC,ASO,ES,Federal Contract Tower,2,2,25,0,29,0,0,35,4,39,2,2,60,4,68,20,0,20,88
06/30/2021,INT,NC,ASO,ES,Federal Contract Tower,0,20,8,1,29,0,1,38,2,41,0,21,46,3,70,24,0,24,94
07/01/2021,INT,NC,ASO,ES,Federal Contract Tower,0,17,6,0,23,0,2,24,0,26,0,19,30,0,49,20,0,20,69
07/02/2021,INT,NC,ASO,ES,Federal Contract Tower,0,8,8,0,16,0,0,17,0,17,0,8,25,0,33,116,0,116,149
07/03/2021,INT,NC,ASO,ES,Federal Contract Tower,0,1,19,0,20,0,0,44,0,44,0,1,63,0,64,23,0,23,87
07/04/2021,INT,NC,ASO,ES,Federal Contract Tower,0,3,4,0,7,0,0,22,0,22,0,3,26,0,29,32,0,32,61
07/05/2021,INT,NC,ASO,ES,Federal Contract Tower,0,2,11,0,13,0,1,28,0,29,0,3,39,0,42,16,0,16,58
07/06/2021,INT,NC,ASO,ES,Federal Contract Tower,0,5,14,0,19,0,1,55,0,56,0,6,69,0,75,52,0,52,127
07/07/2021,INT,NC,ASO,ES,Federal Contract Tower,1,14,15,0,30,0,0,64,2,66,1,14,79,2,96,16,0,16,112
07/08/2021,INT,NC,ASO,ES,Federal Contract Tower,0,4,7,0,11,0,0,0,0,0,0,4,7,0,11,0,0,0,11
07/09/2021,INT,NC,ASO,ES,Federal Contract Tower,0,19,15,1,35,0,10,44,0,54,0,29,59,1,89,49,0,49,138
07/10/2021,INT,NC,ASO,ES,Federal Contract Tower,0,3,18,0,21,0,0,54,0,54,0,3,72,0,75,52,0,52,127
07/11/2021,INT,NC,ASO,ES,Federal Contract Tower,0,11,22,0,33,0,10,54,0,64,0,21,76,0,97,40,0,40,137
07/12/2021,INT,NC,ASO,ES,Federal Contract Tower,0,12,12,1,25,0,5,30,5,40,0,17,42,6,65,46,2,48,113
07/13/2021,INT,NC,ASO,ES,Federal Contract Tower,0,10,17,0,27,0,4,27,0,31,0,14,44,0,58,54,0,54,112
07/14/2021,INT,NC,ASO,ES,Federal Contract Tower,2,16,14,0,32,0,0,39,0,39,2,16,53,0,71,66,0,66,137
07/15/2021,INT,NC,ASO,ES,Federal Contract Tower,0,18,18,0,36,0,0,60,0,60,0,18,78,0,96,50,0,50,146
07/16/2021,INT,NC,ASO,ES,Federal Contract Tower,0,9,10,0,19,0,2,61,0,63,0,11,71,0,82,64,0,64,146
07/17/2021,INT,NC,ASO,ES,Federal Contract Tower,1,5,23,0,29,0,0,24,0,24,1,5,47,0,53,11,0,11,64
07/18/2021,INT,NC,ASO,ES,Federal Contract Tower,1,14,18,0,33,0,0,19,0,19,1,14,37,0,52,20,0,20,72
07/19/2021,INT,NC,ASO,ES,Federal Contract Tower,0,8,9,0,17,0,0,3,0,3,0,8,12,0,20,54,0,54,74
07/20/2021,INT,NC,ASO,ES,Federal Contract Tower,0,6,18,2,26,0,1,42,2,45,0,7,60,4,71,160,0,160,231
07/21/2021,INT,NC,ASO,ES,Federal Contract Tower,0,23,6,1,30,0,4,37,1,42,0,27,43,2,72,54,0,54,126
07/22/2021,INT,NC,ASO,ES,Federal Contract Tower,0,39,36,1,76,0,5,70,1,76,0,44,106,2,152,92,0,92,244
07/23/2021,INT,NC,ASO,ES,Federal Contract Tower,2,26,16,0,44,0,7,117,0,124,2,33,133,0,168,96,0,96,264
07/24/2021,INT,NC,ASO,ES,Federal Contract Tower,1,9,11,0,21,0,14,59,0,73,1,23,70,0,94,30,0,30,124
07/25/2021,INT,NC,ASO,ES,Federal Contract Tower,0,9,23,0,32,0,14,54,3,71,0,23,77,3,103,46,0,46,149
07/26/2021,INT,NC,ASO,ES,Federal Contract Tower,0,9,2,0,11,0,0,14,0,14,0,9,16,0,25,24,0,24,49
07/27/2021,INT,NC,ASO,ES,Federal Contract Tower,0,12,10,0,22,0,4,50,0,54,0,16,60,0,76,54,0,54,130
07/28/2021,INT,NC,ASO,ES,Federal Contract Tower,0,12,13,2,27,0,0,68,4,72,0,12,81,6,99,102,0,102,201
07/29/2021,INT,NC,ASO,ES,Federal Contract Tower,0,18,12,2,32,0,0,49,2,51,0,18,61,4,83,36,0,36,119
07/30/2021,INT,NC,ASO,ES,Federal Contract Tower,0,5,8,1,14,0,0,42,0,42,0,5,50,1,56,36,0,36,92
07/31/2021,INT,NC,ASO,ES,Federal Contract Tower,0,6,27,0,33,0,0,56,4,60,0,6,83,4,93,45,0,45,138
08/01/2021,INT,NC,ASO,ES,Federal Contract Tower,0,10,14,0,24,0,0,10,3,13,0,10,24,3,37,36,18,54,91
08/02/2021,INT,NC,ASO,ES,Federal Contract Tower,0,7,19,0,26,0,5,35,1,41,0,12,54,1,67,157,0,157,224
08/03/2021,INT,NC,ASO,ES,Federal Contract Tower,0,12,12,2,26,0,0,30,0,30,0,12,42,2,56,44,0,44,100
08/04/2021,INT,NC,ASO,ES,Federal Contract Tower,0,15,24,0,39,0,0,41,2,43,0,15,65,2,82,100,0,100,182
08/05/2021,INT,NC,ASO,ES,Federal Contract Tower,1,2,13,0,16,0,2,47,3,52,1,4,60,3,68,93,0,93,161
08/06/2021,INT,NC,ASO,ES,Federal Contract Tower,0,13,18,0,31,0,12,82,0,94,0,25,100,0,125,143,0,143,268
08/07/2021,INT,NC,ASO,ES,Federal Contract Tower,0,10,9,0,19,0,0,18,0,18,0,10,27,0,37,56,0,56,93
08/08/2021,INT,NC,ASO,ES,Federal Contract Tower,0,7,24,0,31,0,7,49,0,56,0,14,73,0,87,72,0,72,159
08/09/2021,INT,NC,ASO,ES,Federal Contract Tower,2,15,17,0,34,0,1,72,5,78,2,16,89,5,112,58,0,58,170
08/10/2021,INT,NC,ASO,ES,Federal Contract Tower,0,10,6,1,17,0,26,40,1,67,0,36,46,2,84,42,0,42,126
08/11/2021,INT,NC,ASO,ES,Federal Contract Tower,0,16,6,0,22,0,1,33,2,36,0,17,39,2,58,94,0,94,152
08/12/2021,INT,NC,ASO,ES,Federal Contract Tower,0,18,12,3,33,0,5,54,2,61,0,23,66,5,94,64,0,64,158
08/13/2021,INT,NC,ASO,ES,Federal Contract Tower,0,13,23,4,40,0,7,56,0,63,0,20,79,4,103,64,0,64,167
08/14/2021,INT,NC,ASO,ES,Federal Contract Tower,0,8,8,2,18,0,0,37,0,37,0,8,45,2,55,68,0,68,123
08/15/2021,INT,NC,ASO,ES,Federal Contract Tower,0,9,10,1,20,0,0,0,0,0,0,9,10,1,20,14,0,14,34
08/16/2021,INT,NC,ASO,ES,Federal Contract Tower,0,3,19,0,22,0,0,1,0,1,0,3,20,0,23,0,0,0,23
08/17/2021,INT,NC,ASO,ES,Federal Contract Tower,2,6,20,0,28,0,0,0,0,0,2,6,20,0,28,0,0,0,28
08/18/2021,INT,NC,ASO,ES,Federal Contract Tower,1,21,20,0,42,0,4,31,0,35,1,25,51,0,77,34,0,34,111
08/19/2021,INT,NC,ASO,ES,Federal Contract Tower,0,30,23,0,53,0,0,48,0,48,0,30,71,0,101,20,0,20,121
08/20/2021,INT,NC,ASO,ES,Federal Contract Tower,3,37,16,3,59,0,4,31,3,38,3,41,47,6,97,38,0,38,135
08/21/2021,INT,NC,ASO,ES,Federal Contract Tower,0,24,23,1,48,0,2,55,0,57,0,26,78,1,105,120,0,120,225
08/22/2021,INT,NC,ASO,ES,Federal Contract Tower,0,12,10,0,22,0,25,71,2,98,0,37,81,2,120,22,0,22,142
08/23/2021,INT,NC,ASO,ES,Federal Contract Tower,0,2,10,0,12,0,0,41,0,41,0,2,51,0,53,2,0,2,55
08/24/2021,INT,NC,ASO,ES,Federal Contract Tower,0,10,15,1,26,0,1,42,3,46,0,11,57,4,72,12,2,14,86
08/25/2021,INT,NC,ASO,ES,Federal Contract Tower,0,12,8,0,20,0,1,45,0,46,0,13,53,0,66,78,0,78,144
08/26/2021,INT,NC,ASO,ES,Federal Contract Tower,0,9,21,0,30,0,0,38,0,38,0,9,59,0,68,80,0,80,148
08/27/2021,INT,NC,ASO,ES,Federal Contract Tower,0,10,23,0,33,0,3,60,0,63,0,13,83,0,96,67,0,67,163
08/28/2021,INT,NC,ASO,ES,Federal Contract Tower,2,3,18,2,25,0,0,39,1,40,2,3,57,3,65,103,0,103,168
08/29/2021,INT,NC,ASO,ES,Federal Contract Tower,0,3,10,0,13,0,0,30,2,32,0,3,40,2,45,39,0,39,84
08/30/2021,INT,NC,ASO,ES,Federal Contract Tower,2,6,16,0,24,0,0,25,1,26,2,6,41,1,50,84,0,84,134
08/31/2021,INT,NC,ASO,ES,Federal Contract Tower,0,9,6,0,15,0,0,27,0,27,0,9,33,0,42,96,0,96,138
09/01/2021,INT,NC,ASO,ES,Federal Contract Tower,0,9,12,0,21,0,0,2,0,2,0,9,14,0,23,0,0,0,23
09/02/2021,INT,NC,ASO,ES,Federal Contract Tower,0,13,20,0,33,0,1,53,0,54,0,14,73,0,87,38,0,38,125
09/03/2021,INT,NC,ASO,ES,Federal Contract Tower,3,16,19,0,38,0,2,66,0,68,3,18,85,0,106,82,0,82,188
09/04/2021,INT,NC,ASO,ES,Federal Contract Tower,0,3,20,0,23,0,1,34,0,35,0,4,54,0,58,40,0,40,98
09/05/2021,INT,NC,ASO,ES,Federal Contract Tower,0,8,11,0,19,0,19,42,0,61,0,27,53,0,80,62,0,62,142
09/06/2021,INT,NC,ASO,ES,Federal Contract Tower,0,11,13,0,24,0,0,55,1,56,0,11,68,1,80,78,0,78,158
09/07/2021,INT,NC,ASO,ES,Federal Contract Tower,0,20,14,0,34,0,25,54,0,79,0,45,68,0,113,44,0,44,157
09/08/2021,INT,NC,ASO,ES,Federal Contract Tower,0,6,10,0,16,0,0,12,0,12,0,6,22,0,28,16,0,16,44
09/09/2021,INT,NC,ASO,ES,Federal Contract Tower,0,22,14,0,36,0,0,54,0,54,0,22,68,0,90,92,0,92,182
09/10/2021,INT,NC,ASO,ES,Federal Contract Tower,0,11,21,1,33,0,3,46,0,49,0,14,67,1,82,72,0,72,154
09/11/2021,INT,NC,ASO,ES,Federal Contract Tower,0,7,21,0,28,0,1,47,1,49,0,8,68,1,77,10,0,10,87
09/12/2021,INT,NC,ASO,ES,Federal Contract Tower,0,4,22,0,26,0,0,50,2,52,0,4,72,2,78,36,0,36,114
09/13/2021,INT,NC,ASO,ES,Federal Contract Tower,0,12,19,0,31,0,3,36,1,40,0,15,55,1,71,64,0,64,135
09/14/2021,INT,NC,ASO,ES,Federal Contract Tower,0,18,23,0,41,0,1,37,0,38,0,19,60,0,79,40,0,40,119
09/15/2021,INT,NC,ASO,ES,Federal Contract Tower,0,17,14,1,32,0,0,33,1,34,0,17,47,2,66,66,0,66,132
09/16/2021,INT,NC,ASO,ES,Federal Contract Tower,0,25,20,0,45,0,1,32,0,33,0,26,52,0,78,22,0,22,100
09/17/2021,INT,NC,ASO,ES,Federal Contract Tower,0,45,25,2,72,0,11,25,2,38,0,56,50,4,110,2,0,2,112
09/18/2021,INT,NC,ASO,ES,Federal Contract Tower,0,36,21,0,57,0,10,46,0,56,0,46,67,0,113,56,0,56,169
09/19/2021,INT,NC,ASO,ES,Federal Contract Tower,2,36,14,1,53,0,19,50,1,70,2,55,64,2,123,110,0,110,233
09/20/2021,INT,NC,ASO,ES,Federal Contract Tower,0,27,19,1,47,0,4,21,3,28,0,31,40,4,75,60,10,70,145
09/21/2021,INT,NC,ASO,ES,Federal Contract Tower,0,15,14,0,29,0,0,0,0,0,0,15,14,0,29,0,0,0,29
09/22/2021,INT,NC,ASO,ES,Federal Contract Tower,0,19,2,0,21,0,0,2,0,2,0,19,4,0,23,0,0,0,23
09/23/2021,INT,NC,ASO,ES,Federal Contract Tower,0,26,17,0,43,0,0,60,0,60,0,26,77,0,103,70,0,70,173
09/24/2021,INT,NC,ASO,ES,Federal Contract Tower,0,28,14,0,42,0,3,69,0,72,0,31,83,0,114,61,0,61,175
09/25/2021,INT,NC,ASO,ES,Federal Contract Tower,2,6,14,0,22,0,0,40,3,43,2,6,54,3,65,46,2,48,113
09/26/2021,INT,NC,ASO,ES,Federal Contract Tower,0,13,15,0,28,0,0,69,2,71,0,13,84,2,99,18,6,24,123
09/27/2021,INT,NC,ASO,ES,Federal Contract Tower,2,15,22,0,39,0,5,53,0,58,2,20,75,0,97,88,0,88,185
09/28/2021,INT,NC,ASO,ES,Federal Contract Tower,0,12,12,0,24,0,0,33,2,35,0,12,45,2,59,68,0,68,127
09/29/2021,INT,NC,ASO,ES,Federal Contract Tower,0,15,18,0,33,0,0,54,0,54,0,15,72,0,87,44,0,44,131
09/30/2021,INT,NC,ASO,ES,Federal Contract Tower,0,33,22,0,55,0,2,11,0,13,0,35,33,0,68,0,0,0,68
10/01/2021,INT,NC,ASO,ES,Federal Contract Tower,0,59,45,0,104,0,32,52,0,84,0,91,97,0,188,18,0,18,206
10/02/2021,INT,NC,ASO,ES,Federal Contract Tower,2,31,18,0,51,0,25,56,0,81,2,56,74,0,132,4,0,4,136
10/03/2021,INT,NC,ASO,ES,Federal Contract Tower,0,58,62,0,120,0,5,36,0,41,0,63,98,0,161,10,0,10,171
10/04/2021,INT,NC,ASO,ES,Federal Contract Tower,0,7,13,0,20,0,0,6,0,6,0,7,19,0,26,39,0,39,65
10/05/2021,INT,NC,ASO,ES,Federal Contract Tower,0,19,17,0,36,0,13,11,2,26,0,32,28,2,62,58,0,58,120
10/06/2021,INT,NC,ASO,ES,Federal Contract Tower,0,20,11,1,32,0,3,3,1,7,0,23,14,2,39,4,0,4,43
10/07/2021,INT,NC,ASO,ES,Federal Contract Tower,0,17,17,0,34,0,0,2,0,2,0,17,19,0,36,0,0,0,36
10/08/2021,INT,NC,ASO,ES,Federal Contract Tower,2,19,24,0,45,0,0,0,0,0,2,19,24,0,45,0,0,0,45
10/09/2021,INT,NC,ASO,ES,Federal Contract Tower,0,8,2,0,10,0,0,1,0,1,0,8,3,0,11,10,0,10,21
10/10/2021,INT,NC,ASO,ES,Federal Contract Tower,2,12,37,0,51,0,0,13,0,13,2,12,50,0,64,14,0,14,78
10/11/2021,INT,NC,ASO,ES,Federal Contract Tower,0,12,34,0,46,0,0,36,0,36,0,12,70,0,82,76,0,76,158
10/12/2021,INT,NC,ASO,ES,Federal Contract Tower,0,10,34,0,44,0,0,26,0,26,0,10,60,0,70,94,0,94,164
10/13/2021,INT,NC,ASO,ES,Federal Contract Tower,1,18,24,4,47,0,0,48,0,48,1,18,72,4,95,100,0,100,195
10/14/2021,INT,NC,ASO,ES,Federal Contract Tower,1,23,17,0,41,0,2,72,0,74,1,25,89,0,115,42,0,42,157
10/15/2021,INT,NC,ASO,ES,Federal Contract Tower,0,20,23,0,43,0,3,60,0,63,0,23,83,0,106,50,0,50,156
10/16/2021,INT,NC,ASO,ES,Federal Contract Tower,0,6,13,0,19,0,0,13,0,13,0,6,26,0,32,14,0,14,46
10/17/2021,INT,NC,ASO,ES,Federal Contract Tower,0,16,10,0,26,0,2,35,0,37,0,18,45,0,63,14,0,14,77
10/18/2021,INT,NC,ASO,ES,Federal Contract Tower,0,18,16,0,34,0,9,56,4,69,0,27,72,4,103,38,2,40,143
10/19/2021,INT,NC,ASO,ES,Federal Contract Tower,0,7,15,0,22,0,17,70,2,89,0,24,85,2,111,112,2,114,225
10/20/2021,INT,NC,ASO,ES,Federal Contract Tower,0,15,23,0,38,0,0,55,0,55,0,15,78,0,93,104,0,104,197
10/21/2021,INT,NC,ASO,ES,Federal Contract Tower,0,16,20,0,36,0,1,59,0,60,0,17,79,0,96,76,0,76,172
10/22/2021,INT,NC,ASO,ES,Federal Contract Tower,0,27,24,0,51,0,0,58,2,60,0,27,82,2,111,28,0,28,139
10/23/2021,INT,NC,ASO,ES,Federal Contract Tower,0,4,16,0,20,0,1,99,0,100,0,5,115,0,120,46,0,46,166
10/24/2021,INT,NC,ASO,ES,Federal Contract Tower,2,24,19,0,45,0,0,39,0,39,2,24,58,0,84,38,0,38,122
10/25/2021,INT,NC,ASO,ES,Federal Contract Tower,0,8,26,0,34,0,0,13,0,13,0,8,39,0,47,2,0,2,49
10/26/2021,INT,NC,ASO,ES,Federal Contract Tower,0,5,10,0,15,0,0,10,0,10,0,5,20,0,25,0,0,0,25
10/27/2021,INT,NC,ASO,ES,Federal Contract Tower,2,14,26,1,43,0,1,67,3,71,2,15,93,4,114,92,0,92,206
10/28/2021,INT,NC,ASO,ES,Federal Contract Tower,0,18,31,0,49,0,0,29,0,29,0,18,60,0,78,72,0,72,150
10/29/2021,INT,NC,ASO,ES,Federal Contract Tower,1,21,26,1,49,0,18,15,0,33,1,39,41,1,82,56,0,56,138
10/30/2021,INT,NC,ASO,ES,Federal Contract Tower,0,19,11,2,32,0,8,40,0,48,0,27,51,2,80,32,0,32,112
10/31/2021,INT,NC,ASO,ES,Federal Contract Tower,0,23,11,1,35,0,20,35,0,55,0,43,46,1,90,4,0,4,94
11/01/2021,INT,NC,ASO,ES,Federal Contract Tower,1,9,16,0,26,0,16,45,4,65,1,25,61,4,91,100,0,100,191
11/02/2021,INT,NC,ASO,ES,Federal Contract Tower,0,11,13,0,24,0,9,48,2,59,0,20,61,2,83,94,0,94,177
11/03/2021,INT,NC,ASO,ES,Federal Contract Tower,4,19,23,1,47,0,0,30,0,30,4,19,53,1,77,36,0,36,113
11/04/2021,INT,NC,ASO,ES,Federal Contract Tower,0,19,15,0,34,0,6,15,0,21,0,25,30,0,55,6,0,6,61
11/05/2021,INT,NC,ASO,ES,Federal Contract Tower,0,10,23,0,33,0,0,43,0,43,0,10,66,0,76,50,0,50,126
11/06/2021,INT,NC,ASO,ES,Federal Contract Tower,0,4,19,0,23,0,1,18,1,20,0,5,37,1,43,22,0,22,65
11/07/2021,INT,NC,ASO,ES,Federal Contract Tower,0,10,43,0,53,0,2,29,0,31,0,12,72,0,84,2,0,2,86
11/08/2021,INT,NC,ASO,ES,Federal Contract Tower,2,7,17,0,26,0,3,60,0,63,2,10,77,0,89,68,0,68,157
11/09/2021,INT,NC,ASO,ES,Federal Contract Tower,0,9,16,1,26,0,0,43,2,45,0,9,59,3,71,166,0,166,237
11/10/2021,INT,NC,ASO,ES,Federal Contract Tower,1,35,11,0,47,0,19,73,0,92,1,54,84,0,139,66,4,70,209
11/11/2021,INT,NC,ASO,ES,Federal Contract Tower,0,7,16,0,23,0,1,29,2,32,0,8,45,2,55,36,0,36,91
11/12/2021,INT,NC,ASO,ES,Federal Contract Tower,0,30,13,0,43,0,19,63,0,82,0,49,76,0,125,54,2,56,181
11/13/2021,INT,NC,ASO,ES,Federal Contract Tower,0,13,10,0,23,0,30,16,0,46,0,43,26,0,69,20,0,20,89
11/14/2021,INT,NC,ASO,ES,Federal Contract Tower,0,24,8,0,32,0,10,39,0,49,0,34,47,0,81,62,0,62,143
11/15/2021,INT,NC,ASO,ES,Federal Contract Tower,0,24,7,0,31,0,7,31,0,38,0,31,38,0,69,66,0,66,135
11/16/2021,INT,NC,ASO,ES,Federal Contract Tower,0,15,9,0,24,0,2,51,0,53,0,17,60,0,77,112,0,112,189
11/17/2021,INT,NC,ASO,ES,Federal Contract Tower,2,18,12,1,33,0,0,49,2,51,2,18,61,3,84,66,0,66,150
11/18/2021,INT,NC,ASO,ES,Federal Contract Tower,0,20,12,0,32,0,0,18,0,18,0,20,30,0,50,22,0,22,72
11/19/2021,INT,NC,ASO,ES,Federal Contract Tower,2,15,14,0,31,0,4,40,1,45,2,19,54,1,76,54,0,54,130
11/20/2021,INT,NC,ASO,ES,Federal Contract Tower,0,16,31,0,47,0,0,50,0,50,0,16,81,0,97,22,0,22,119
11/21/2021,INT,NC,ASO,ES,Federal Contract Tower,0,10,15,0,25,0,0,35,0,35,0,10,50,0,60,94,0,94,154
11/22/2021,INT,NC,ASO,ES,Federal Contract Tower,2,17,28,0,47,0,7,11,1,19,2,24,39,1,66,78,10,88,154
11/23/2021,INT,NC,ASO,ES,Federal Contract Tower,0,28,12,0,40,0,0,33,2,35,0,28,45,2,75,90,0,90,165
11/24/2021,INT,NC,ASO,ES,Federal Contract Tower,1,12,35,0,48,0,0,50,2,52,1,12,85,2,100,46,0,46,146
11/25/2021,INT,NC,ASO,ES,Federal Contract Tower,0,3,8,0,11,0,0,5,0,5,0,3,13,0,16,0,0,0,16
11/26/2021,INT,NC,ASO,ES,Federal Contract Tower,1,7,13,0,21,0,0,2,0,2,1,7,15,0,23,0,0,0,23
11/27/2021,INT,NC,ASO,ES,Federal Contract Tower,0,16,18,0,34,0,4,36,0,40,0,20,54,0,74,18,0,18,92
11/28/2021,INT,NC,ASO,ES,Federal Contract Tower,0,27,29,0,56,0,13,41,3,57,0,40,70,3,113,38,0,38,151
11/29/2021,INT,NC,ASO,ES,Federal Contract Tower,1,20,13,0,34,0,2,31,6,39,1,22,44,6,73,38,4,42,115
11/30/2021,INT,NC,ASO,ES,Federal Contract Tower,0,24,17,0,41,0,9,37,4,50,0,33,54,4,91,62,0,62,153
12/01/2021,INT,NC,ASO,ES,Federal Contract Tower,0,25,16,1,42,0,0,71,1,72,0,25,87,2,114,118,0,118,232
12/02/2021,INT,NC,ASO,ES,Federal Contract Tower,2,30,18,0,50,0,2,50,0,52,2,32,68,0,102,50,0,50,152
12/03/2021,INT,NC,ASO,ES,Federal Contract Tower,2,19,10,4,35,0,0,81,0,81,2,19,91,4,116,122,0,122,238
12/04/2021,INT,NC,ASO,ES,Federal Contract Tower,0,10,24,0,34,0,0,46,0,46,0,10,70,0,80,119,0,119,199
12/05/2021,INT,NC,ASO,ES,Federal Contract Tower,0,11,15,0,26,0,0,26,0,26,0,11,41,0,52,32,0,32,84
12/06/2021,INT,NC,ASO,ES,Federal Contract Tower,0,10,17,0,27,0,2,8,0,10,0,12,25,0,37,24,0,24,61
12/07/2021,INT,NC,ASO,ES,Federal Contract Tower,0,17,18,0,35,0,4,39,0,43,0,21,57,0,78,94,0,94,172
12/08/2021,INT,NC,ASO,ES,Federal Contract Tower,0,30,14,0,44,0,0,49,0,49,0,30,63,0,93,86,0,86,179
12/09/2021,INT,NC,ASO,ES,Federal Contract Tower,0,23,13,0,36,0,0,50,2,52,0,23,63,2,88,118,0,118,206
12/10/2021,INT,NC,ASO,ES,Federal Contract Tower,0,19,6,0,25,0,2,5,0,7,0,21,11,0,32,107,0,107,139
12/11/2021,INT,NC,ASO,ES,Federal Contract Tower,0,8,1,0,9,0,0,0,0,0,0,8,1,0,9,0,0,0,9
12/12/2021,INT,NC,ASO,ES,Federal Contract Tower,0,17,12,0,29,0,23,42,9,74,0,40,54,9,103,72,0,72,175
12/13/2021,INT,NC,ASO,ES,Federal Contract Tower,0,18,16,0,34,0,1,49,4,54,0,19,65,4,88,72,2,74,162
12/14/2021,INT,NC,ASO,ES,Federal Contract Tower,0,7,13,0,20,0,1,53,3,57,0,8,66,3,77,76,0,76,153
12/15/2021,INT,NC,ASO,ES,Federal Contract Tower,2,20,14,0,36,0,0,44,0,44,2,20,58,0,80,66,0,66,146
12/16/2021,INT,NC,ASO,ES,Federal Contract Tower,0,18,14,2,34,0,2,29,6,37,0,20,43,8,71,68,0,68,139
12/17/2021,INT,NC,ASO,ES,Federal Contract Tower,1,19,22,0,42,0,0,26,0,26,1,19,48,0,68,30,0,30,98
12/18/2021,INT,NC,ASO,ES,Federal Contract Tower,2,4,12,0,18,0,0,0,0,0,2,4,12,0,18,0,0,0,18
12/19/2021,INT,NC,ASO,ES,Federal Contract Tower,0,16,4,0,20,0,0,9,0,9,0,16,13,0,29,22,0,22,51
12/20/2021,INT,NC,ASO,ES,Federal Contract Tower,0,4,17,0,21,0,1,46,0,47,0,5,63,0,68,64,0,64,132
12/21/2021,INT,NC,ASO,ES,Federal Contract Tower,0,8,13,0,21,0,1,16,2,19,0,9,29,2,40,60,0,60,100
12/22/2021,INT,NC,ASO,ES,Federal Contract Tower,0,13,19,0,32,0,0,31,2,33,0,13,50,2,65,54,0,54,119
12/23/2021,INT,NC,ASO,ES,Federal Contract Tower,0,8,13,0,21,0,2,49,1,52,0,10,62,1,73,38,0,38,111
12/24/2021,INT,NC,ASO,ES,Federal Contract Tower,0,4,4,0,8,0,21,23,0,44,0,25,27,0,52,14,0,14,66
12/25/2021,INT,NC,ASO,ES,Federal Contract Tower,0,0,2,0,2,0,20,4,0,24,0,20,6,0,26,2,0,2,28
12/26/2021,INT,NC,ASO,ES,Federal Contract Tower,0,11,9,0,20,0,12,9,0,21,0,23,18,0,41,16,0,16,57
12/27/2021,INT,NC,ASO,ES,Federal Contract Tower,0,18,5,0,23,0,13,21,0,34,0,31,26,0,57,18,0,18,75
12/28/2021,INT,NC,ASO,ES,Federal Contract Tower,0,12,7,0,19,0,0,20,0,20,0,12,27,0,39,6,0,6,45
12/29/2021,INT,NC,ASO,ES,Federal Contract Tower,2,8,13,0,23,0,1,4,0,5,2,9,17,0,28,0,0,0,28
12/30/2021,INT,NC,ASO,ES,Federal Contract Tower,1,9,15,0,25,0,0,0,0,0,1,9,15,0,25,0,0,0,25
12/31/2021,INT,NC,ASO,ES,Federal Contract Tower,2,8,8,0,18,0,0,12,0,12,2,8,20,0,30,20,0,20,50
01/01/2022,INT,NC,ASO,ES,Federal Contract Tower,0,4,7,0,11,0,0,6,0,6,0,4,13,0,17,2,0,2,19
01/02/2022,INT,NC,ASO,ES,Federal Contract Tower,0,6,8,6,20,0,1,0,1,2,0,7,8,7,22,0,0,0,22
01/03/2022,INT,NC,ASO,ES,Federal Contract Tower,0,8,5,0,13,0,0,5,9,14,0,8,10,9,27,0,0,0,27
01/04/2022,INT,NC,ASO,ES,Federal Contract Tower,4,15,23,1,43,0,0,33,4,37,4,15,56,5,80,58,0,58,138
01/05/2022,INT,NC,ASO,ES,Federal Contract Tower,1,10,12,0,23,0,0,26,3,29,1,10,38,3,52,8,0,8,60
01/06/2022,INT,NC,ASO,ES,Federal Contract Tower,2,12,32,0,46,0,0,52,0,52,2,12,84,0,98,48,0,48,146
01/07/2022,INT,NC,ASO,ES,Federal Contract Tower,0,16,3,0,19,0,16,38,0,54,0,32,41,0,73,16,0,16,89
01/08/2022,INT,NC,ASO,ES,Federal Contract Tower,2,22,14,0,38,0,5,66,0,71,2,27,80,0,109,42,0,42,151
01/09/2022,INT,NC,ASO,ES,Federal Contract Tower,0,12,7,0,19,0,0,0,0,0,0,12,7,0,19,2,0,2,21
01/10/2022,INT,NC,ASO,ES,Federal Contract Tower,1,12,5,0,18,0,2,32,0,34,1,14,37,0,52,19,0,19,71
01/11/2022,INT,NC,ASO,ES,Federal Contract Tower,0,10,16,0,26,0,9,30,0,39,0,19,46,0,65,42,0,42,107
01/12/2022,INT,NC,ASO,ES,Federal Contract Tower,0,23,15,0,38,0,0,61,0,61,0,23,76,0,99,38,0,38,137
01/13/2022,INT,NC,ASO,ES,Federal Contract Tower,1,15,37,0,53,0,0,39,0,39,1,15,76,0,92,88,0,88,180
01/14/2022,INT,NC,ASO,ES,Federal Contract Tower,0,16,14,0,30,0,9,23,0,32,0,25,37,0,62,88,0,88,150
01/15/2022,INT,NC,ASO,ES,Federal Contract Tower,0,11,13,0,24,0,0,35,0,35,0,11,48,0,59,40,0,40,99
01/16/2022,INT,NC,ASO,ES,Federal Contract Tower,0,0,0,0,0,0,0,0,0,0,0,0,0,0,0,0,0,0,0
01/17/2022,INT,NC,ASO,ES,Federal Contract Tower,0,0,0,0,0,0,0,0,0,0,0,0,0,0,0,0,0,0,0
01/18/2022,INT,NC,ASO,ES,Federal Contract Tower,0,2,0,0,2,0,0,0,0,0,0,2,0,0,2,0,0,0,2
01/19/2022,INT,NC,ASO,ES,Federal Contract Tower,2,15,24,0,41,0,1,28,0,29,2,16,52,0,70,24,0,24,94
01/20/2022,INT,NC,ASO,ES,Federal Contract Tower,0,13,7,0,20,0,0,0,0,0,0,13,7,0,20,0,0,0,20
01/21/2022,INT,NC,ASO,ES,Federal Contract Tower,0,0,9,0,9,0,4,5,0,9,0,4,14,0,18,6,0,6,24
01/22/2022,INT,NC,ASO,ES,Federal Contract Tower,0,8,9,0,17,0,14,20,0,34,0,22,29,0,51,18,0,18,69
01/23/2022,INT,NC,ASO,ES,Federal Contract Tower,0,13,18,0,31,0,6,56,2,64,0,19,74,2,95,58,0,58,153
01/24/2022,INT,NC,ASO,ES,Federal Contract Tower,0,7,16,0,23,0,0,68,4,72,0,7,84,4,95,86,2,88,183
01/25/2022,INT,NC,ASO,ES,Federal Contract Tower,0,9,21,0,30,0,1,44,0,45,0,10,65,0,75,36,0,36,111
01/26/2022,INT,NC,ASO,ES,Federal Contract Tower,0,17,26,0,43,0,2,53,0,55,0,19,79,0,98,70,0,70,168
01/27/2022,INT,NC,ASO,ES,Federal Contract Tower,0,14,21,0,35,0,2,61,0,63,0,16,82,0,98,72,2,74,172
01/28/2022,INT,NC,ASO,ES,Federal Contract Tower,5,16,25,0,46,0,0,26,0,26,5,16,51,0,72,40,0,40,112
01/29/2022,INT,NC,ASO,ES,Federal Contract Tower,2,2,4,0,8,0,0,2,0,2,2,2,6,0,10,0,0,0,10
01/30/2022,INT,NC,ASO,ES,Federal Contract Tower,0,4,26,0,30,0,0,44,0,44,0,4,70,0,74,16,0,16,90
01/31/2022,INT,NC,ASO,ES,Federal Contract Tower,0,4,19,0,23,0,4,36,0,40,0,8,55,0,63,68,0,68,131
02/01/2022,INT,NC,ASO,ES,Federal Contract Tower,0,7,17,0,24,0,1,70,6,77,0,8,87,6,101,52,0,52,153
02/02/2022,INT,NC,ASO,ES,Federal Contract Tower,1,23,27,0,51,0,9,59,1,69,1,32,86,1,120,36,0,36,156
02/03/2022,INT,NC,ASO,ES,Federal Contract Tower,1,26,5,0,32,0,0,0,0,0,1,26,5,0,32,0,0,0,32
02/04/2022,INT,NC,ASO,ES,Federal Contract Tower,2,23,0,0,25,0,4,16,0,20,2,27,16,0,45,22,0,22,67
02/05/2022,INT,NC,ASO,ES,Federal Contract Tower,4,9,9,0,22,0,10,53,0,63,4,19,62,0,85,64,0,64,149
02/06/2022,INT,NC,ASO,ES,Federal Contract Tower,0,14,11,0,25,0,12,69,0,81,0,26,80,0,106,30,0,30,136
02/07/2022,INT,NC,ASO,ES,Federal Contract Tower,2,13,9,0,24,0,0,0,0,0,2,13,9,0,24,0,0,0,24
02/08/2022,INT,NC,ASO,ES,Federal Contract Tower,0,13,14,0,27,0,0,49,3,52,0,13,63,3,79,52,4,56,135
02/09/2022,INT,NC,ASO,ES,Federal Contract Tower,0,11,22,0,33,0,0,53,2,55,0,11,75,2,88,52,0,52,140
02/10/2022,INT,NC,ASO,ES,Federal Contract Tower,0,13,20,0,33,0,0,35,0,35,0,13,55,0,68,6,0,6,74
02/11/2022,INT,NC,ASO,ES,Federal Contract Tower,2,17,14,0,33,0,2,38,0,40,2,19,52,0,73,18,0,18,91
02/12/2022,INT,NC,ASO,ES,Federal Contract Tower,0,18,21,1,40,0,0,79,1,80,0,18,100,2,120,14,0,14,134
02/13/2022,INT,NC,ASO,ES,Federal Contract Tower,0,10,10,0,20,0,0,0,0,0,0,10,10,0,20,0,0,0,20
02/14/2022,INT,NC,ASO,ES,Federal Contract Tower,4,8,19,0,31,0,0,49,2,51,4,8,68,2,82,56,0,56,138
02/15/2022,INT,NC,ASO,ES,Federal Contract Tower,0,16,22,4,42,0,0,57,1,58,0,16,79,5,100,48,0,48,148
02/16/2022,INT,NC,ASO,ES,Federal Contract Tower,0,16,27,0,43,0,1,63,2,66,0,17,90,2,109,86,0,86,195
02/17/2022,INT,NC,ASO,ES,Federal Contract Tower,0,15,21,0,36,0,0,1,0,1,0,15,22,0,37,0,0,0,37
02/18/2022,INT,NC,ASO,ES,Federal Contract Tower,0,26,18,0,44,0,1,8,0,9,0,27,26,0,53,16,0,16,69
02/19/2022,INT,NC,ASO,ES,Federal Contract Tower,2,15,14,0,31,0,0,25,0,25,2,15,39,0,56,32,0,32,88
02/20/2022,INT,NC,ASO,ES,Federal Contract Tower,1,12,21,0,34,0,20,58,0,78,1,32,79,0,112,32,0,32,144
02/21/2022,INT,NC,ASO,ES,Federal Contract Tower,0,16,14,0,30,0,2,47,0,49,0,18,61,0,79,88,0,88,167
02/22/2022,INT,NC,ASO,ES,Federal Contract Tower,0,14,7,0,21,0,0,0,0,0,0,14,7,0,21,2,0,2,23
02/23/2022,INT,NC,ASO,ES,Federal Contract Tower,2,2,10,0,14,0,0,49,0,49,2,2,59,0,63,12,0,12,75
02/24/2022,INT,NC,ASO,ES,Federal Contract Tower,0,10,18,0,28,0,0,0,0,0,0,10,18,0,28,0,0,0,28
02/25/2022,INT,NC,ASO,ES,Federal Contract Tower,0,27,9,0,36,0,0,12,0,12,0,27,21,0,48,9,0,9,57
02/26/2022,INT,NC,ASO,ES,Federal Contract Tower,4,12,19,0,35,0,0,44,0,44,4,12,63,0,79,76,0,76,155
02/27/2022,INT,NC,ASO,ES,Federal Contract Tower,3,15,11,0,29,0,0,22,0,22,3,15,33,0,51,6,0,6,57
02/28/2022,INT,NC,ASO,ES,Federal Contract Tower,0,4,25,0,29,0,1,49,2,52,0,5,74,2,81,102,0,102,183
03/01/2022,INT,NC,ASO,ES,Federal Contract Tower,0,11,20,0,31,0,6,34,2,42,0,17,54,2,73,30,0,30,103
03/02/2022,INT,NC,ASO,ES,Federal Contract Tower,0,28,20,0,48,0,0,41,2,43,0,28,61,2,91,44,0,44,135
03/03/2022,INT,NC,ASO,ES,Federal Contract Tower,0,14,23,0,37,0,0,22,0,22,0,14,45,0,59,12,0,12,71
03/04/2022,INT,NC,ASO,ES,Federal Contract Tower,0,14,22,0,36,0,4,50,0,54,0,18,72,0,90,72,0,72,162
03/05/2022,INT,NC,ASO,ES,Federal Contract Tower,2,5,27,0,34,0,0,31,3,34,2,5,58,3,68,60,12,72,140
03/06/2022,INT,NC,ASO,ES,Federal Contract Tower,0,11,18,0,29,0,9,9,0,18,0,20,27,0,47,0,0,0,47
03/07/2022,INT,NC,ASO,ES,Federal Contract Tower,3,10,9,0,22,0,6,0,0,6,3,16,9,0,28,0,0,0,28
03/08/2022,INT,NC,ASO,ES,Federal Contract Tower,0,17,12,1,30,0,0,40,3,43,0,17,52,4,73,38,0,38,111
03/09/2022,INT,NC,ASO,ES,Federal Contract Tower,2,11,4,0,17,0,0,9,0,9,2,11,13,0,26,0,0,0,26
03/10/2022,INT,NC,ASO,ES,Federal Contract Tower,7,12,16,2,37,0,0,38,0,38,7,12,54,2,75,114,2,116,191
03/11/2022,INT,NC,ASO,ES,Federal Contract Tower,1,16,6,0,23,0,0,20,4,24,1,16,26,4,47,21,0,21,68
03/12/2022,INT,NC,ASO,ES,Federal Contract Tower,3,13,1,0,17,0,0,0,0,0,3,13,1,0,17,0,0,0,17
03/13/2022,INT,NC,ASO,ES,Federal Contract Tower,0,21,22,0,43,0,0,44,2,46,0,21,66,2,89,32,0,32,121
03/14/2022,INT,NC,ASO,ES,Federal Contract Tower,2,10,17,0,29,0,4,41,1,46,2,14,58,1,75,138,0,138,213
03/15/2022,INT,NC,ASO,ES,Federal Contract Tower,0,12,30,0,42,0,0,68,2,70,0,12,98,2,112,121,0,121,233
03/16/2022,INT,NC,ASO,ES,Federal Contract Tower,0,13,15,4,32,0,0,13,0,13,0,13,28,4,45,8,0,8,53
03/17/2022,INT,NC,ASO,ES,Federal Contract Tower,1,11,18,0,30,0,0,17,0,17,1,11,35,0,47,26,0,26,73
03/18/2022,INT,NC,ASO,ES,Federal Contract Tower,0,6,14,0,20,0,22,54,0,76,0,28,68,0,96,28,0,28,124
03/19/2022,INT,NC,ASO,ES,Federal Contract Tower,0,12,3,0,15,0,14,3,0,17,0,26,6,0,32,0,0,0,32
03/20/2022,INT,NC,ASO,ES,Federal Contract Tower,0,9,13,0,22,0,9,12,1,22,0,18,25,1,44,22,0,22,66
03/21/2022,INT,NC,ASO,ES,Federal Contract Tower,0,11,25,0,36,0,9,68,0,77,0,20,93,0,113,36,0,36,149
03/22/2022,INT,NC,ASO,ES,Federal Contract Tower,0,16,7,0,23,0,3,45,3,51,0,19,52,3,74,54,0,54,128
03/23/2022,INT,NC,ASO,ES,Federal Contract Tower,0,19,7,0,26,0,0,1,0,1,0,19,8,0,27,0,0,0,27
03/24/2022,INT,NC,ASO,ES,Federal Contract Tower,2,21,23,0,46,0,4,45,0,49,2,25,68,0,95,56,0,56,151
03/25/2022,INT,NC,ASO,ES,Federal Contract Tower,0,25,17,1,43,0,1,48,0,49,0,26,65,1,92,34,0,34,126
03/26/2022,INT,NC,ASO,ES,Federal Contract Tower,0,22,5,0,27,0,4,1,0,5,0,26,6,0,32,0,0,0,32
03/27/2022,INT,NC,ASO,ES,Federal Contract Tower,2,8,21,0,31,0,1,28,0,29,2,9,49,0,60,14,0,14,74
03/28/2022,INT,NC,ASO,ES,Federal Contract Tower,3,6,24,0,33,0,7,22,0,29,3,13,46,0,62,0,0,0,62
03/29/2022,INT,NC,ASO,ES,Federal Contract Tower,1,7,14,0,22,0,3,44,7,54,1,10,58,7,76,72,0,72,148
03/30/2022,INT,NC,ASO,ES,Federal Contract Tower,1,25,21,0,47,0,0,7,0,7,1,25,28,0,54,2,0,2,56
03/31/2022,INT,NC,ASO,ES,Federal Contract Tower,0,13,6,0,19,0,0,0,0,0,0,13,6,0,19,0,0,0,19
04/01/2022,INT,NC,ASO,ES,Federal Contract Tower,2,24,4,0,30,0,14,4,0,18,2,38,8,0,48,0,0,0,48
04/02/2022,INT,NC,ASO,ES,Federal Contract Tower,1,10,20,0,31,0,19,76,2,97,1,29,96,2,128,48,0,48,176
04/03/2022,INT,NC,ASO,ES,Federal Contract Tower,2,22,8,0,32,0,9,23,0,32,2,31,31,0,64,28,0,28,92
04/04/2022,INT,NC,ASO,ES,Federal Contract Tower,0,21,14,0,35,0,6,61,0,67,0,27,75,0,102,58,0,58,160
04/05/2022,INT,NC,ASO,ES,Federal Contract Tower,2,21,20,0,43,0,0,3,0,3,2,21,23,0,46,28,0,28,74
04/06/2022,INT,NC,ASO,ES,Federal Contract Tower,0,20,29,0,49,0,2,54,0,56,0,22,83,0,105,118,2,120,225
04/07/2022,INT,NC,ASO,ES,Federal Contract Tower,0,19,20,1,40,0,0,8,0,8,0,19,28,1,48,12,0,12,60
04/08/2022,INT,NC,ASO,ES,Federal Contract Tower,2,24,19,1,46,0,2,29,0,31,2,26,48,1,77,42,0,42,119
04/09/2022,INT,NC,ASO,ES,Federal Contract Tower,1,14,15,0,30,0,0,24,0,24,1,14,39,0,54,18,0,18,72
04/10/2022,INT,NC,ASO,ES,Federal Contract Tower,2,21,20,0,43,0,2,37,0,39,2,23,57,0,82,0,0,0,82
04/11/2022,INT,NC,ASO,ES,Federal Contract Tower,3,4,27,0,34,0,5,44,0,49,3,9,71,0,83,72,10,82,165
04/12/2022,INT,NC,ASO,ES,Federal Contract Tower,0,11,20,0,31,0,2,35,0,37,0,13,55,0,68,104,0,104,172
04/13/2022,INT,NC,ASO,ES,Federal Contract Tower,0,16,32,0,48,0,1,45,2,48,0,17,77,2,96,60,4,64,160
04/14/2022,INT,NC,ASO,ES,Federal Contract Tower,1,17,29,2,49,0,0,1,0,1,1,17,30,2,50,0,0,0,50
04/15/2022,INT,NC,ASO,ES,Federal Contract Tower,0,15,13,0,28,0,0,45,0,45,0,15,58,0,73,70,0,70,143
04/16/2022,INT,NC,ASO,ES,Federal Contract Tower,0,4,10,0,14,0,1,17,0,18,0,5,27,0,32,38,0,38,70
04/17/2022,INT,NC,ASO,ES,Federal Contract Tower,0,12,9,0,21,0,4,9,0,13,0,16,18,0,34,0,0,0,34
04/18/2022,INT,NC,ASO,ES,Federal Contract Tower,0,20,11,0,31,0,0,2,0,2,0,20,13,0,33,20,0,20,53
04/19/2022,INT,NC,ASO,ES,Federal Contract Tower,0,16,20,0,36,0,3,41,0,44,0,19,61,0,80,2,0,2,82
04/20/2022,INT,NC,ASO,ES,Federal Contract Tower,2,13,29,0,44,0,0,59,6,65,2,13,88,6,109,88,0,88,197
04/21/2022,INT,NC,ASO,ES,Federal Contract Tower,1,17,10,0,28,0,2,44,0,46,1,19,54,0,74,96,0,96,170
04/22/2022,INT,NC,ASO,ES,Federal Contract Tower,0,24,23,0,47,0,0,56,0,56,0,24,79,0,103,102,0,102,205
04/23/2022,INT,NC,ASO,ES,Federal Contract Tower,1,8,13,1,23,0,1,88,1,90,1,9,101,2,113,50,0,50,163
04/24/2022,INT,NC,ASO,ES,Federal Contract Tower,2,12,21,0,35,0,1,62,0,63,2,13,83,0,98,34,0,34,132
04/25/2022,INT,NC,ASO,ES,Federal Contract Tower,1,4,15,0,20,0,0,46,2,48,1,4,61,2,68,58,0,58,126
04/26/2022,INT,NC,ASO,ES,Federal Contract Tower,0,14,22,0,36,0,1,17,0,18,0,15,39,0,54,56,0,56,110
04/27/2022,INT,NC,ASO,ES,Federal Contract Tower,2,24,7,1,34,0,0,24,1,25,2,24,31,2,59,50,0,50,109
04/28/2022,INT,NC,ASO,ES,Federal Contract Tower,2,31,29,0,62,0,0,35,2,37,2,31,64,2,99,22,6,28,127
04/29/2022,INT,NC,ASO,ES,Federal Contract Tower,2,38,19,0,59,0,15,74,0,89,2,53,93,0,148,88,0,88,236
04/30/2022,INT,NC,ASO,ES,Federal Contract Tower,2,8,2,0,12,0,0,40,2,42,2,8,42,2,54,74,0,74,128
05/01/2022,INT,NC,ASO,ES,Federal Contract Tower,0,10,12,0,22,0,10,18,0,28,0,20,30,0,50,14,0,14,64
05/02/2022,INT,NC,ASO,ES,Federal Contract Tower,1,15,18,0,34,0,14,47,0,61,1,29,65,0,95,44,0,44,139
05/03/2022,INT,NC,ASO,ES,Federal Contract Tower,2,9,9,0,20,0,4,27,3,34,2,13,36,3,54,6,0,6,60
05/04/2022,INT,NC,ASO,ES,Federal Contract Tower,0,23,26,0,49,0,0,40,0,40,0,23,66,0,89,60,0,60,149
05/05/2022,INT,NC,ASO,ES,Federal Contract Tower,0,26,15,0,41,0,0,63,0,63,0,26,78,0,104,112,0,112,216
05/06/2022,INT,NC,ASO,ES,Federal Contract Tower,1,21,15,0,37,0,0,3,0,3,1,21,18,0,40,0,0,0,40
05/07/2022,INT,NC,ASO,ES,Federal Contract Tower,0,19,13,0,32,0,0,7,0,7,0,19,20,0,39,32,0,32,71
05/08/2022,INT,NC,ASO,ES,Federal Contract Tower,1,8,13,0,22,0,0,6,0,6,1,8,19,0,28,6,0,6,34
05/09/2022,INT,NC,ASO,ES,Federal Contract Tower,1,9,23,0,33,0,2,36,5,43,1,11,59,5,76,62,0,62,138
05/10/2022,INT,NC,ASO,ES,Federal Contract Tower,2,10,19,0,31,0,0,31,0,31,2,10,50,0,62,32,0,32,94
05/11/2022,INT,NC,ASO,ES,Federal Contract Tower,4,11,29,0,44,0,0,47,0,47,4,11,76,0,91,52,0,52,143
05/12/2022,INT,NC,ASO,ES,Federal Contract Tower,1,11,24,0,36,0,0,6,0,6,1,11,30,0,42,38,0,38,80
05/13/2022,INT,NC,ASO,ES,Federal Contract Tower,0,12,15,0,27,0,13,6,0,19,0,25,21,0,46,2,0,2,48
05/14/2022,INT,NC,ASO,ES,Federal Contract Tower,0,24,31,0,55,0,7,0,0,7,0,31,31,0,62,10,0,10,72
05/15/2022,INT,NC,ASO,ES,Federal Contract Tower,0,16,26,0,42,0,5,36,0,41,0,21,62,0,83,56,0,56,139
05/16/2022,INT,NC,ASO,ES,Federal Contract Tower,0,32,33,0,65,0,3,21,3,27,0,35,54,3,92,4,0,4,96
05/17/2022,INT,NC,ASO,ES,Federal Contract Tower,0,18,33,0,51,0,2,47,2,51,0,20,80,2,102,72,0,72,174
05/18/2022,INT,NC,ASO,ES,Federal Contract Tower,2,10,16,1,29,0,3,61,2,66,2,13,77,3,95,108,0,108,203
05/19/2022,INT,NC,ASO,ES,Federal Contract Tower,0,19,20,0,39,0,1,35,2,38,0,20,55,2,77,92,0,92,169
05/20/2022,INT,NC,ASO,ES,Federal Contract Tower,2,12,26,0,40,0,4,29,0,33,2,16,55,0,73,14,0,14,87
05/21/2022,INT,NC,ASO,ES,Federal Contract Tower,2,12,32,0,46,0,6,37,2,45,2,18,69,2,91,68,0,68,159
05/22/2022,INT,NC,ASO,ES,Federal Contract Tower,1,18,20,0,39,0,0,10,0,10,1,18,30,0,49,16,0,16,65
05/23/2022,INT,NC,ASO,ES,Federal Contract Tower,0,10,21,0,31,0,0,4,0,4,0,10,25,0,35,24,0,24,59
05/24/2022,INT,NC,ASO,ES,Federal Contract Tower,1,8,35,0,44,0,0,0,0,0,1,8,35,0,44,0,0,0,44
05/25/2022,INT,NC,ASO,ES,Federal Contract Tower,0,18,30,0,48,0,0,6,0,6,0,18,36,0,54,8,0,8,62
05/26/2022,INT,NC,ASO,ES,Federal Contract Tower,0,16,23,0,39,0,0,9,6,15,0,16,32,6,54,18,0,18,72
05/27/2022,INT,NC,ASO,ES,Federal Contract Tower,0,17,16,0,33,0,5,9,0,14,0,22,25,0,47,16,0,16,63
05/28/2022,INT,NC,ASO,ES,Federal Contract Tower,2,7,6,0,15,0,11,72,0,83,2,18,78,0,98,62,0,62,160
05/29/2022,INT,NC,ASO,ES,Federal Contract Tower,1,6,13,0,20,0,7,59,0,66,1,13,72,0,86,20,0,20,106
05/30/2022,INT,NC,ASO,ES,Federal Contract Tower,0,9,23,0,32,0,4,54,0,58,0,13,77,0,90,64,0,64,154
05/31/2022,INT,NC,ASO,ES,Federal Contract Tower,0,17,29,1,47,0,15,68,2,85,0,32,97,3,132,98,0,98,230
06/01/2022,INT,NC,ASO,ES,Federal Contract Tower,2,11,6,1,20,0,4,64,1,69,2,15,70,2,89,66,0,66,155
06/02/2022,INT,NC,ASO,ES,Federal Contract Tower,0,14,16,2,32,0,0,45,0,45,0,14,61,2,77,80,0,80,157
06/03/2022,INT,NC,ASO,ES,Federal Contract Tower,1,9,20,0,30,0,1,47,2,50,1,10,67,2,80,82,0,82,162
06/04/2022,INT,NC,ASO,ES,Federal Contract Tower,2,5,9,0,16,0,0,43,0,43,2,5,52,0,59,85,0,85,144
06/05/2022,INT,NC,ASO,ES,Federal Contract Tower,0,3,7,0,10,0,0,24,0,24,0,3,31,0,34,21,0,21,55
06/06/2022,INT,NC,ASO,ES,Federal Contract Tower,0,1,16,0,17,0,0,45,1,46,0,1,61,1,63,49,0,49,112
06/07/2022,INT,NC,ASO,ES,Federal Contract Tower,0,0,12,5,17,0,0,31,0,31,0,0,43,5,48,8,0,8,56
06/08/2022,INT,NC,ASO,ES,Federal Contract Tower,0,2,4,1,7,0,0,33,0,33,0,2,37,1,40,52,0,52,92
06/09/2022,INT,NC,ASO,ES,Federal Contract Tower,0,3,14,2,19,0,3,27,0,30,0,6,41,2,49,2,0,2,51
06/10/2022,INT,NC,ASO,ES,Federal Contract Tower,0,5,9,0,14,0,1,39,0,40,0,6,48,0,54,62,0,62,116
06/11/2022,INT,NC,ASO,ES,Federal Contract Tower,0,1,3,0,4,0,24,16,0,40,0,25,19,0,44,0,0,0,44
06/12/2022,INT,NC,ASO,ES,Federal Contract Tower,0,6,9,0,15,0,8,30,0,38,0,14,39,0,53,0,0,0,53
06/13/2022,INT,NC,ASO,ES,Federal Contract Tower,0,8,5,0,13,0,13,47,0,60,0,21,52,0,73,10,0,10,83
06/14/2022,INT,NC,ASO,ES,Federal Contract Tower,0,2,10,2,14,0,5,24,0,29,0,7,34,2,43,4,0,4,47
06/15/2022,INT,NC,ASO,ES,Federal Contract Tower,0,6,5,3,14,0,5,30,0,35,0,11,35,3,49,16,0,16,65
06/16/2022,INT,NC,ASO,ES,Federal Contract Tower,0,5,8,0,13,0,0,15,0,15,0,5,23,0,28,10,0,10,38
06/17/2022,INT,NC,ASO,ES,Federal Contract Tower,0,10,6,0,16,0,0,45,0,45,0,10,51,0,61,10,0,10,71
06/18/2022,INT,NC,ASO,ES,Federal Contract Tower,0,2,8,0,10,0,0,28,0,28,0,2,36,0,38,8,0,8,46
06/19/2022,INT,NC,ASO,ES,Federal Contract Tower,0,2,3,0,5,0,3,49,0,52,0,5,52,0,57,8,0,8,65
06/20/2022,INT,NC,ASO,ES,Federal Contract Tower,0,0,0,0,0,0,0,4,0,4,0,0,4,0,4,0,0,0,4
06/21/2022,INT,NC,ASO,ES,Federal Contract Tower,0,0,0,0,0,0,0,0,0,0,0,0,0,0,0,0,0,0,0
06/22/2022,INT,NC,ASO,ES,Federal Contract Tower,0,0,0,0,0,0,0,0,0,0,0,0,0,0,0,0,0,0,0
06/23/2022,INT,NC,ASO,ES,Federal Contract Tower,0,0,5,0,5,0,0,5,1,6,0,0,10,1,11,0,0,0,11
06/24/2022,INT,NC,ASO,ES,Federal Contract Tower,0,6,12,0,18,0,13,60,3,76,0,19,72,3,94,6,0,6,100
06/25/2022,INT,NC,ASO,ES,Federal Contract Tower,0,2,5,0,7,0,6,61,0,67,0,8,66,0,74,2,0,2,76
06/26/2022,INT,NC,ASO,ES,Federal Contract Tower,0,4,3,1,8,0,18,39,0,57,0,22,42,1,65,16,0,16,81
06/27/2022,INT,NC,ASO,ES,Federal Contract Tower,0,5,5,0,10,0,3,44,0,47,0,8,49,0,57,40,0,40,97
06/28/2022,INT,NC,ASO,ES,Federal Contract Tower,0,3,8,0,11,0,0,64,2,66,0,3,72,2,77,72,0,72,149
06/29/2022,INT,NC,ASO,ES,Federal Contract Tower,0,2,12,0,14,0,0,85,0,85,0,2,97,0,99,60,0,60,159
06/30/2022,INT,NC,ASO,ES,Federal Contract Tower,0,14,26,0,40,0,0,47,0,47,0,14,73,0,87,86,0,86,173
07/01/2022,INT,NC,ASO,ES,Federal Contract Tower,0,5,16,0,21,0,0,60,0,60,0,5,76,0,81,69,0,69,150
07/02/2022,INT,NC,ASO,ES,Federal Contract Tower,0,1,11,0,12,0,0,36,0,36,0,1,47,0,48,18,0,18,66
07/03/2022,INT,NC,ASO,ES,Federal Contract Tower,0,1,7,0,8,0,0,13,0,13,0,1,20,0,21,2,0,2,23
07/04/2022,INT,NC,ASO,ES,Federal Contract Tower,0,4,14,0,18,0,1,22,0,23,0,5,36,0,41,22,0,22,63
07/05/2022,INT,NC,ASO,ES,Federal Contract Tower,2,7,9,1,19,0,0,29,2,31,2,7,38,3,50,116,0,116,166
07/06/2022,INT,NC,ASO,ES,Federal Contract Tower,0,13,7,2,22,0,1,47,0,48,0,14,54,2,70,40,0,40,110
07/07/2022,INT,NC,ASO,ES,Federal Contract Tower,0,12,4,0,16,0,4,44,0,48,0,16,48,0,64,44,0,44,108
07/08/2022,INT,NC,ASO,ES,Federal Contract Tower,1,3,14,0,18,0,0,29,0,29,1,3,43,0,47,22,0,22,69
07/09/2022,INT,NC,ASO,ES,Federal Contract Tower,0,5,16,0,21,0,0,28,0,28,0,5,44,0,49,90,0,90,139
07/10/2022,INT,NC,ASO,ES,Federal Contract Tower,0,16,12,0,28,0,1,3,0,4,0,17,15,0,32,2,0,2,34
07/11/2022,INT,NC,ASO,ES,Federal Contract Tower,0,16,14,0,30,0,7,53,0,60,0,23,67,0,90,74,0,74,164
07/12/2022,INT,NC,ASO,ES,Federal Contract Tower,0,10,16,0,26,0,0,53,0,53,0,10,69,0,79,18,0,18,97
07/13/2022,INT,NC,ASO,ES,Federal Contract Tower,1,6,22,1,30,0,0,27,0,27,1,6,49,1,57,58,0,58,115
07/14/2022,INT,NC,ASO,ES,Federal Contract Tower,0,9,26,0,35,0,0,70,0,70,0,9,96,0,105,46,0,46,151
07/15/2022,INT,NC,ASO,ES,Federal Contract Tower,0,5,13,0,18,0,3,68,0,71,0,8,81,0,89,40,0,40,129
07/16/2022,INT,NC,ASO,ES,Federal Contract Tower,0,9,15,0,24,0,2,36,0,38,0,11,51,0,62,10,0,10,72
07/17/2022,INT,NC,ASO,ES,Federal Contract Tower,0,6,15,0,21,0,0,21,0,21,0,6,36,0,42,22,0,22,64
07/18/2022,INT,NC,ASO,ES,Federal Contract Tower,0,8,13,0,21,0,1,30,0,31,0,9,43,0,52,50,0,50,102
07/19/2022,INT,NC,ASO,ES,Federal Contract Tower,0,1,20,0,21,0,0,48,0,48,0,1,68,0,69,86,0,86,155
07/20/2022,INT,NC,ASO,ES,Federal Contract Tower,0,20,9,0,29,0,0,68,0,68,0,20,77,0,97,66,0,66,163
07/21/2022,INT,NC,ASO,ES,Federal Contract Tower,0,10,7,0,17,0,6,39,1,46,0,16,46,1,63,82,0,82,145
07/22/2022,INT,NC,ASO,ES,Federal Contract Tower,0,3,28,0,31,0,0,51,0,51,0,3,79,0,82,82,0,82,164
07/23/2022,INT,NC,ASO,ES,Federal Contract Tower,1,8,4,0,13,0,0,66,0,66,1,8,70,0,79,30,0,30,109
07/24/2022,INT,NC,ASO,ES,Federal Contract Tower,0,1,20,0,21,0,0,25,0,25,0,1,45,0,46,41,0,41,87
07/25/2022,INT,NC,ASO,ES,Federal Contract Tower,1,5,20,0,26,0,2,20,2,24,1,7,40,2,50,36,0,36,86
07/26/2022,INT,NC,ASO,ES,Federal Contract Tower,0,2,10,0,12,0,0,4,0,4,0,2,14,0,16,0,0,0,16
07/27/2022,INT,NC,ASO,ES,Federal Contract Tower,1,7,21,0,29,2,1,52,2,57,3,8,73,2,86,48,0,48,134
07/28/2022,INT,NC,ASO,ES,Federal Contract Tower,0,9,16,0,25,0,0,50,2,52,0,9,66,2,77,54,2,56,133
07/29/2022,INT,NC,ASO,ES,Federal Contract Tower,0,10,11,0,21,0,0,46,2,48,0,10,57,2,69,40,0,40,109
07/30/2022,INT,NC,ASO,ES,Federal Contract Tower,0,2,15,0,17,0,0,47,2,49,0,2,62,2,66,54,0,54,120
07/31/2022,INT,NC,ASO,ES,Federal Contract Tower,0,0,14,0,14,0,0,9,0,9,0,0,23,0,23,0,0,0,23
08/01/2022,INT,NC,ASO,ES,Federal Contract Tower,1,10,15,0,26,0,0,23,2,25,1,10,38,2,51,36,0,36,87
08/02/2022,INT,NC,ASO,ES,Federal Contract Tower,0,2,22,0,24,0,0,58,2,60,0,2,80,2,84,108,0,108,192
08/03/2022,INT,NC,ASO,ES,Federal Contract Tower,0,6,19,0,25,0,0,29,0,29,0,6,48,0,54,48,0,48,102
08/04/2022,INT,NC,ASO,ES,Federal Contract Tower,0,3,17,1,21,0,0,87,1,88,0,3,104,2,109,122,0,122,231
08/05/2022,INT,NC,ASO,ES,Federal Contract Tower,1,11,13,0,25,0,11,22,0,33,1,22,35,0,58,52,0,52,110
08/06/2022,INT,NC,ASO,ES,Federal Contract Tower,0,3,19,0,22,0,1,15,0,16,0,4,34,0,38,10,0,10,48
08/07/2022,INT,NC,ASO,ES,Federal Contract Tower,1,3,11,0,15,0,0,34,0,34,1,3,45,0,49,0,0,0,49
08/08/2022,INT,NC,ASO,ES,Federal Contract Tower,2,7,11,0,20,0,0,42,0,42,2,7,53,0,62,147,0,147,209
08/09/2022,INT,NC,ASO,ES,Federal Contract Tower,0,13,16,0,29,0,0,25,2,27,0,13,41,2,56,108,0,108,164
08/10/2022,INT,NC,ASO,ES,Federal Contract Tower,0,15,21,0,36,0,2,60,2,64,0,17,81,2,100,64,0,64,164
08/11/2022,INT,NC,ASO,ES,Federal Contract Tower,0,7,9,0,16,0,2,21,0,23,0,9,30,0,39,56,0,56,95
08/12/2022,INT,NC,ASO,ES,Federal Contract Tower,0,7,17,0,24,0,0,44,2,46,0,7,61,2,70,52,0,52,122
08/13/2022,INT,NC,ASO,ES,Federal Contract Tower,0,4,21,0,25,0,0,72,0,72,0,4,93,0,97,62,0,62,159
08/14/2022,INT,NC,ASO,ES,Federal Contract Tower,2,8,15,0,25,0,0,28,0,28,2,8,43,0,53,22,0,22,75
08/15/2022,INT,NC,ASO,ES,Federal Contract Tower,0,7,14,0,21,0,0,0,0,0,0,7,14,0,21,60,0,60,81
08/16/2022,INT,NC,ASO,ES,Federal Contract Tower,0,16,28,4,48,0,0,18,0,18,0,16,46,4,66,20,6,26,92
08/17/2022,INT,NC,ASO,ES,Federal Contract Tower,0,23,17,0,40,0,0,79,0,79,0,23,96,0,119,106,0,106,225
08/18/2022,INT,NC,ASO,ES,Federal Contract Tower,1,33,11,2,47,0,0,65,0,65,1,33,76,2,112,126,0,126,238
08/19/2022,INT,NC,ASO,ES,Federal Contract Tower,1,22,23,0,46,0,0,60,2,62,1,22,83,2,108,34,0,34,142
08/20/2022,INT,NC,ASO,ES,Federal Contract Tower,1,17,15,2,35,0,1,47,0,48,1,18,62,2,83,80,0,80,163
08/21/2022,INT,NC,ASO,ES,Federal Contract Tower,0,9,9,0,18,0,0,3,0,3,0,9,12,0,21,8,0,8,29
08/22/2022,INT,NC,ASO,ES,Federal Contract Tower,0,9,22,0,31,0,0,18,0,18,0,9,40,0,49,92,0,92,141
08/23/2022,INT,NC,ASO,ES,Federal Contract Tower,0,14,19,0,33,0,0,50,2,52,0,14,69,2,85,78,0,78,163
08/24/2022,INT,NC,ASO,ES,Federal Contract Tower,0,18,22,0,40,0,1,53,5,59,0,19,75,5,99,40,0,40,139
08/25/2022,INT,NC,ASO,ES,Federal Contract Tower,0,9,29,0,38,0,1,76,2,79,0,10,105,2,117,106,0,106,223
08/26/2022,INT,NC,ASO,ES,Federal Contract Tower,0,15,11,0,26,0,0,25,0,25,0,15,36,0,51,34,0,34,85
08/27/2022,INT,NC,ASO,ES,Federal Contract Tower,1,8,6,0,15,0,0,74,0,74,1,8,80,0,89,19,0,19,108
08/28/2022,INT,NC,ASO,ES,Federal Contract Tower,1,2,4,0,7,0,1,39,0,40,1,3,43,0,47,18,0,18,65
08/29/2022,INT,NC,ASO,ES,Federal Contract Tower,1,13,16,0,30,0,1,38,0,39,1,14,54,0,69,113,0,113,182
08/30/2022,INT,NC,ASO,ES,Federal Contract Tower,0,15,6,0,21,0,0,16,2,18,0,15,22,2,39,64,0,64,103
08/31/2022,INT,NC,ASO,ES,Federal Contract Tower,0,12,20,0,32,0,0,73,0,73,0,12,93,0,105,50,0,50,155
09/01/2022,INT,NC,ASO,ES,Federal Contract Tower,0,18,31,0,49,0,0,68,0,68,0,18,99,0,117,58,0,58,175
09/02/2022,INT,NC,ASO,ES,Federal Contract Tower,0,6,36,0,42,0,1,66,1,68,0,7,102,1,110,47,0,47,157
09/03/2022,INT,NC,ASO,ES,Federal Contract Tower,0,4,11,0,15,0,3,34,1,38,0,7,45,1,53,68,0,68,121
09/04/2022,INT,NC,ASO,ES,Federal Contract Tower,0,0,17,0,17,0,0,16,0,16,0,0,33,0,33,26,0,26,59
09/05/2022,INT,NC,ASO,ES,Federal Contract Tower,0,3,19,1,23,0,0,1,0,1,0,3,20,1,24,0,0,0,24
09/06/2022,INT,NC,ASO,ES,Federal Contract Tower,1,18,27,0,46,0,0,38,0,38,1,18,65,0,84,68,0,68,152
09/07/2022,INT,NC,ASO,ES,Federal Contract Tower,1,15,17,2,35,0,4,51,0,55,1,19,68,2,90,80,0,80,170
09/08/2022,INT,NC,ASO,ES,Federal Contract Tower,0,9,16,0,25,0,0,24,0,24,0,9,40,0,49,54,2,56,105
09/09/2022,INT,NC,ASO,ES,Federal Contract Tower,0,29,18,0,47,0,0,56,1,57,0,29,74,1,104,74,0,74,178
09/10/2022,INT,NC,ASO,ES,Federal Contract Tower,2,11,6,2,21,0,0,1,0,1,2,11,7,2,22,0,0,0,22
09/11/2022,INT,NC,ASO,ES,Federal Contract Tower,0,6,16,0,22,0,0,0,0,0,0,6,16,0,22,0,0,0,22
09/12/2022,INT,NC,ASO,ES,Federal Contract Tower,0,10,24,0,34,0,0,25,0,25,0,10,49,0,59,58,0,58,117
09/13/2022,INT,NC,ASO,ES,Federal Contract Tower,0,3,25,0,28,0,0,59,0,59,0,3,84,0,87,54,0,54,141
09/14/2022,INT,NC,ASO,ES,Federal Contract Tower,0,20,25,0,45,0,1,65,0,66,0,21,90,0,111,30,0,30,141
09/15/2022,INT,NC,ASO,ES,Federal Contract Tower,3,14,20,0,37,0,0,111,2,113,3,14,131,2,150,52,0,52,202
09/16/2022,INT,NC,ASO,ES,Federal Contract Tower,0,11,31,0,42,0,2,70,0,72,0,13,101,0,114,42,0,42,156
09/17/2022,INT,NC,ASO,ES,Federal Contract Tower,1,14,12,0,27,0,0,75,0,75,1,14,87,0,102,55,0,55,157
09/18/2022,INT,NC,ASO,ES,Federal Contract Tower,1,15,15,0,31,0,0,61,0,61,1,15,76,0,92,18,0,18,110
09/19/2022,INT,NC,ASO,ES,Federal Contract Tower,0,6,18,0,24,0,1,39,0,40,0,7,57,0,64,44,0,44,108
09/20/2022,INT,NC,ASO,ES,Federal Contract Tower,1,3,17,0,21,0,1,46,1,48,1,4,63,1,69,35,0,35,104
09/21/2022,INT,NC,ASO,ES,Federal Contract Tower,1,7,17,1,26,0,0,86,0,86,1,7,103,1,112,34,0,34,146
09/22/2022,INT,NC,ASO,ES,Federal Contract Tower,0,8,8,0,16,0,2,27,0,29,0,10,35,0,45,16,0,16,61
09/23/2022,INT,NC,ASO,ES,Federal Contract Tower,2,32,22,0,56,0,0,69,2,71,2,32,91,2,127,34,0,34,161
09/24/2022,INT,NC,ASO,ES,Federal Contract Tower,4,25,24,0,53,0,0,45,0,45,4,25,69,0,98,20,0,20,118
09/25/2022,INT,NC,ASO,ES,Federal Contract Tower,0,35,18,0,53,0,4,32,2,38,0,39,50,2,91,0,0,0,91
09/26/2022,INT,NC,ASO,ES,Federal Contract Tower,4,11,15,0,30,0,2,64,2,68,4,13,79,2,98,74,0,74,172
09/27/2022,INT,NC,ASO,ES,Federal Contract Tower,2,8,15,0,25,0,0,68,0,68,2,8,83,0,93,36,0,36,129
09/28/2022,INT,NC,ASO,ES,Federal Contract Tower,1,12,23,1,37,0,1,51,0,52,1,13,74,1,89,92,0,92,181
09/29/2022,INT,NC,ASO,ES,Federal Contract Tower,3,17,13,0,33,0,6,12,0,18,3,23,25,0,51,0,0,0,51
09/30/2022,INT,NC,ASO,ES,Federal Contract Tower,0,0,0,0,0,0,0,0,0,0,0,0,0,0,0,0,0,0,0
10/01/2022,INT,NC,ASO,ES,Federal Contract Tower,0,2,2,0,4,0,0,1,0,1,0,2,3,0,5,0,0,0,5
10/02/2022,INT,NC,ASO,ES,Federal Contract Tower,0,1,4,0,5,0,0,3,0,3,0,1,7,0,8,2,0,2,10
10/03/2022,INT,NC,ASO,ES,Federal Contract Tower,0,5,22,3,30,0,3,21,0,24,0,8,43,3,54,4,0,4,58
10/04/2022,INT,NC,ASO,ES,Federal Contract Tower,0,5,25,0,30,0,3,47,0,50,0,8,72,0,80,86,0,86,166
10/05/2022,INT,NC,ASO,ES,Federal Contract Tower,0,13,14,0,27,0,16,73,0,89,0,29,87,0,116,26,0,26,142
10/06/2022,INT,NC,ASO,ES,Federal Contract Tower,2,45,12,2,61,0,0,78,1,79,2,45,90,3,140,44,0,44,184
10/07/2022,INT,NC,ASO,ES,Federal Contract Tower,3,48,26,0,77,0,0,67,1,68,3,48,93,1,145,42,0,42,187
10/08/2022,INT,NC,ASO,ES,Federal Contract Tower,0,21,21,0,42,0,0,44,0,44,0,21,65,0,86,10,0,10,96
10/09/2022,INT,NC,ASO,ES,Federal Contract Tower,4,42,38,0,84,0,2,49,0,51,4,44,87,0,135,32,0,32,167
10/10/2022,INT,NC,ASO,ES,Federal Contract Tower,0,8,22,0,30,0,0,64,0,64,0,8,86,0,94,140,0,140,234
10/11/2022,INT,NC,ASO,ES,Federal Contract Tower,1,5,25,0,31,0,0,53,0,53,1,5,78,0,84,122,0,122,206
10/12/2022,INT,NC,ASO,ES,Federal Contract Tower,1,9,24,11,45,0,0,52,0,52,1,9,76,11,97,70,0,70,167
10/13/2022,INT,NC,ASO,ES,Federal Contract Tower,1,6,31,0,38,0,0,33,0,33,1,6,64,0,71,6,4,10,81
10/14/2022,INT,NC,ASO,ES,Federal Contract Tower,0,16,12,0,28,0,10,84,0,94,0,26,96,0,122,48,0,48,170
10/15/2022,INT,NC,ASO,ES,Federal Contract Tower,0,0,5,0,5,0,4,59,0,63,0,4,64,0,68,22,0,22,90
10/16/2022,INT,NC,ASO,ES,Federal Contract Tower,1,5,28,0,34,0,4,38,0,42,1,9,66,0,76,30,0,30,106
10/17/2022,INT,NC,ASO,ES,Federal Contract Tower,0,12,20,1,33,0,7,20,1,28,0,19,40,2,61,66,0,66,127
10/18/2022,INT,NC,ASO,ES,Federal Contract Tower,0,15,18,0,33,0,1,46,3,50,0,16,64,3,83,40,0,40,123
10/19/2022,INT,NC,ASO,ES,Federal Contract Tower,0,21,19,2,42,0,3,65,2,70,0,24,84,4,112,78,0,78,190
10/20/2022,INT,NC,ASO,ES,Federal Contract Tower,4,26,25,0,55,0,0,58,2,60,4,26,83,2,115,96,0,96,211
10/21/2022,INT,NC,ASO,ES,Federal Contract Tower,1,23,20,0,44,0,0,60,2,62,1,23,80,2,106,28,0,28,134
10/22/2022,INT,NC,ASO,ES,Federal Contract Tower,0,26,23,0,49,0,2,70,0,72,0,28,93,0,121,12,0,12,133
10/23/2022,INT,NC,ASO,ES,Federal Contract Tower,1,14,24,0,39,0,3,51,0,54,1,17,75,0,93,17,0,17,110
10/24/2022,INT,NC,ASO,ES,Federal Contract Tower,0,7,13,1,21,0,2,52,1,55,0,9,65,2,76,70,0,70,146
10/25/2022,INT,NC,ASO,ES,Federal Contract Tower,0,12,18,2,32,0,3,60,0,63,0,15,78,2,95,42,0,42,137
10/26/2022,INT,NC,ASO,ES,Federal Contract Tower,1,20,26,0,47,0,0,4,0,4,1,20,30,0,51,16,0,16,67
10/27/2022,INT,NC,ASO,ES,Federal Contract Tower,1,18,30,0,49,0,1,68,0,69,1,19,98,0,118,84,0,84,202
10/28/2022,INT,NC,ASO,ES,Federal Contract Tower,0,26,26,0,52,0,3,53,0,56,0,29,79,0,108,99,0,99,207
10/29/2022,INT,NC,ASO,ES,Federal Contract Tower,0,5,24,0,29,0,3,34,0,37,0,8,58,0,66,12,0,12,78
10/30/2022,INT,NC,ASO,ES,Federal Contract Tower,4,11,16,0,31,0,7,11,0,18,4,18,27,0,49,4,0,4,53
10/31/2022,INT,NC,ASO,ES,Federal Contract Tower,3,6,4,2,15,0,0,0,0,0,3,6,4,2,15,0,0,0,15
11/01/2022,INT,NC,ASO,ES,Federal Contract Tower,1,11,8,0,20,0,1,52,0,53,1,12,60,0,73,58,0,58,131
11/02/2022,INT,NC,ASO,ES,Federal Contract Tower,0,13,22,0,35,0,0,86,0,86,0,13,108,0,121,94,0,94,215
11/03/2022,INT,NC,ASO,ES,Federal Contract Tower,0,20,14,0,34,0,0,67,0,67,0,20,81,0,101,72,0,72,173
11/04/2022,INT,NC,ASO,ES,Federal Contract Tower,0,20,16,0,36,0,0,46,0,46,0,20,62,0,82,100,0,100,182
11/05/2022,INT,NC,ASO,ES,Federal Contract Tower,0,10,5,0,15,0,0,2,0,2,0,10,7,0,17,0,0,0,17
11/06/2022,INT,NC,ASO,ES,Federal Contract Tower,1,7,16,0,24,0,0,0,0,0,1,7,16,0,24,0,0,0,24
11/07/2022,INT,NC,ASO,ES,Federal Contract Tower,0,10,18,0,28,0,3,44,1,48,0,13,62,1,76,42,0,42,118
11/08/2022,INT,NC,ASO,ES,Federal Contract Tower,0,12,12,0,24,0,0,16,0,16,0,12,28,0,40,2,0,2,42
11/09/2022,INT,NC,ASO,ES,Federal Contract Tower,0,14,15,0,29,0,0,77,0,77,0,14,92,0,106,68,0,68,174
11/10/2022,INT,NC,ASO,ES,Federal Contract Tower,1,16,23,0,40,0,0,28,0,28,1,16,51,0,68,80,0,80,148
11/11/2022,INT,NC,ASO,ES,Federal Contract Tower,0,11,13,0,24,0,0,0,0,0,0,11,13,0,24,0,0,0,24
11/12/2022,INT,NC,ASO,ES,Federal Contract Tower,1,20,13,0,34,0,3,31,0,34,1,23,44,0,68,50,0,50,118
11/13/2022,INT,NC,ASO,ES,Federal Contract Tower,0,16,24,0,40,0,5,29,0,34,0,21,53,0,74,0,0,0,74
11/14/2022,INT,NC,ASO,ES,Federal Contract Tower,0,5,30,0,35,0,2,51,0,53,0,7,81,0,88,58,0,58,146
11/15/2022,INT,NC,ASO,ES,Federal Contract Tower,2,10,15,0,27,0,0,3,0,3,2,10,18,0,30,12,0,12,42
11/16/2022,INT,NC,ASO,ES,Federal Contract Tower,0,22,16,1,39,0,0,45,0,45,0,22,61,1,84,100,0,100,184
11/17/2022,INT,NC,ASO,ES,Federal Contract Tower,0,17,18,0,35,0,6,62,1,69,0,23,80,1,104,76,0,76,180
11/18/2022,INT,NC,ASO,ES,Federal Contract Tower,1,15,20,0,36,0,1,57,0,58,1,16,77,0,94,57,0,57,151
11/19/2022,INT,NC,ASO,ES,Federal Contract Tower,0,8,9,0,17,0,0,47,0,47,0,8,56,0,64,27,0,27,91
11/20/2022,INT,NC,ASO,ES,Federal Contract Tower,2,11,17,0,30,0,0,19,0,19,2,11,36,0,49,58,0,58,107
11/21/2022,INT,NC,ASO,ES,Federal Contract Tower,0,5,16,0,21,0,2,57,0,59,0,7,73,0,80,104,0,104,184
11/22/2022,INT,NC,ASO,ES,Federal Contract Tower,0,21,21,0,42,0,1,61,0,62,0,22,82,0,104,156,0,156,260
11/23/2022,INT,NC,ASO,ES,Federal Contract Tower,1,9,22,0,32,0,4,91,0,95,1,13,113,0,127,112,0,112,239
11/24/2022,INT,NC,ASO,ES,Federal Contract Tower,0,0,1,0,1,0,0,3,0,3,0,0,4,0,4,0,0,0,4
11/25/2022,INT,NC,ASO,ES,Federal Contract Tower,0,3,11,0,14,0,13,2,0,15,0,16,13,0,29,0,0,0,29
11/26/2022,INT,NC,ASO,ES,Federal Contract Tower,0,12,34,0,46,0,7,57,0,64,0,19,91,0,110,38,0,38,148
11/27/2022,INT,NC,ASO,ES,Federal Contract Tower,0,23,14,0,37,0,0,1,0,1,0,23,15,0,38,0,0,0,38
11/28/2022,INT,NC,ASO,ES,Federal Contract Tower,3,18,21,0,42,0,0,62,0,62,3,18,83,0,104,132,0,132,236
11/29/2022,INT,NC,ASO,ES,Federal Contract Tower,2,6,19,0,27,0,3,47,5,55,2,9,66,5,82,86,0,86,168
11/30/2022,INT,NC,ASO,ES,Federal Contract Tower,1,18,17,2,38,0,0,1,0,1,1,18,18,2,39,0,0,0,39
12/01/2022,INT,NC,ASO,ES,Federal Contract Tower,1,20,14,0,35,0,0,65,0,65,1,20,79,0,100,44,0,44,144
12/02/2022,INT,NC,ASO,ES,Federal Contract Tower,1,21,23,2,47,0,0,94,0,94,1,21,117,2,141,110,12,122,263
12/03/2022,INT,NC,ASO,ES,Federal Contract Tower,0,12,10,0,22,0,0,0,0,0,0,12,10,0,22,6,0,6,28
12/04/2022,INT,NC,ASO,ES,Federal Contract Tower,0,2,20,0,22,0,0,50,0,50,0,2,70,0,72,18,0,18,90
12/05/2022,INT,NC,ASO,ES,Federal Contract Tower,2,9,27,1,39,0,0,48,1,49,2,9,75,2,88,90,0,90,178
12/06/2022,INT,NC,ASO,ES,Federal Contract Tower,0,17,19,0,36,0,0,0,0,0,0,17,19,0,36,0,0,0,36
12/07/2022,INT,NC,ASO,ES,Federal Contract Tower,0,21,16,0,37,0,0,0,0,0,0,21,16,0,37,0,0,0,37
12/08/2022,INT,NC,ASO,ES,Federal Contract Tower,0,14,29,4,47,0,0,17,1,18,0,14,46,5,65,28,0,28,93
12/09/2022,INT,NC,ASO,ES,Federal Contract Tower,0,15,12,0,27,0,0,2,0,2,0,15,14,0,29,0,0,0,29
12/10/2022,INT,NC,ASO,ES,Federal Contract Tower,1,5,16,0,22,0,3,17,0,20,1,8,33,0,42,106,0,106,148
12/11/2022,INT,NC,ASO,ES,Federal Contract Tower,0,10,14,0,24,0,0,17,0,17,0,10,31,0,41,46,0,46,87
12/12/2022,INT,NC,ASO,ES,Federal Contract Tower,0,10,21,0,31,0,10,52,7,69,0,20,73,7,100,76,44,120,220
12/13/2022,INT,NC,ASO,ES,Federal Contract Tower,1,3,15,0,19,0,6,45,5,56,1,9,60,5,75,86,10,96,171
12/14/2022,INT,NC,ASO,ES,Federal Contract Tower,0,13,3,0,16,0,1,9,2,12,0,14,12,2,28,78,0,78,106
12/15/2022,INT,NC,ASO,ES,Federal Contract Tower,3,8,8,0,19,0,0,0,0,0,3,8,8,0,19,0,0,0,19
12/16/2022,INT,NC,ASO,ES,Federal Contract Tower,1,13,22,0,36,0,1,51,1,53,1,14,73,1,89,55,0,55,144
12/17/2022,INT,NC,ASO,ES,Federal Contract Tower,3,7,17,0,27,0,5,52,1,58,3,12,69,1,85,29,0,29,114
12/18/2022,INT,NC,ASO,ES,Federal Contract Tower,2,5,8,0,15,0,3,26,1,30,2,8,34,1,45,12,0,12,57
12/19/2022,INT,NC,ASO,ES,Federal Contract Tower,0,8,15,0,23,0,0,45,0,45,0,8,60,0,68,78,0,78,146
12/20/2022,INT,NC,ASO,ES,Federal Contract Tower,3,20,20,0,43,0,0,54,0,54,3,20,74,0,97,98,0,98,195
12/21/2022,INT,NC,ASO,ES,Federal Contract Tower,0,19,37,1,57,0,0,54,0,54,0,19,91,1,111,30,0,30,141
12/22/2022,INT,NC,ASO,ES,Federal Contract Tower,0,8,7,0,15,0,0,0,0,0,0,8,7,0,15,0,0,0,15
12/23/2022,INT,NC,ASO,ES,Federal Contract Tower,0,6,4,0,10,0,0,0,0,0,0,6,4,0,10,0,0,0,10
12/24/2022,INT,NC,ASO,ES,Federal Contract Tower,0,3,3,0,6,0,1,2,0,3,0,4,5,0,9,2,0,2,11
12/25/2022,INT,NC,ASO,ES,Federal Contract Tower,0,0,2,0,2,0,0,2,0,2,0,0,4,0,4,0,0,0,4
12/26/2022,INT,NC,ASO,ES,Federal Contract Tower,0,7,12,0,19,0,3,12,0,15,0,10,24,0,34,2,0,2,36
12/27/2022,INT,NC,ASO,ES,Federal Contract Tower,0,8,20,0,28,0,2,40,2,44,0,10,60,2,72,42,0,42,114
12/28/2022,INT,NC,ASO,ES,Federal Contract Tower,1,12,20,0,33,0,4,51,2,57,1,16,71,2,90,50,0,50,140
12/29/2022,INT,NC,ASO,ES,Federal Contract Tower,0,11,18,1,30,0,0,57,1,58,0,11,75,2,88,56,0,56,144
12/30/2022,INT,NC,ASO,ES,Federal Contract Tower,0,3,13,0,16,0,0,33,0,33,0,3,46,0,49,44,0,44,93
12/31/2022,INT,NC,ASO,ES,Federal Contract Tower,0,4,0,0,4,0,0,0,0,0,0,4,0,0,4,0,0,0,4
01/01/2023,INT,NC,ASO,ES,Federal Contract Tower,0,2,5,0,7,0,0,9,0,9,0,2,14,0,16,6,0,6,22
01/02/2023,INT,NC,ASO,ES,Federal Contract Tower,0,3,26,0,29,0,0,3,0,3,0,3,29,0,32,10,0,10,42
01/03/2023,INT,NC,ASO,ES,Federal Contract Tower,0,8,19,0,27,0,0,0,0,0,0,8,19,0,27,0,0,0,27
01/04/2023,INT,NC,ASO,ES,Federal Contract Tower,0,6,9,0,15,0,1,0,0,1,0,7,9,0,16,0,0,0,16
01/05/2023,INT,NC,ASO,ES,Federal Contract Tower,0,4,21,0,25,0,2,60,0,62,0,6,81,0,87,78,0,78,165
01/06/2023,INT,NC,ASO,ES,Federal Contract Tower,0,13,19,0,32,0,5,91,0,96,0,18,110,0,128,126,0,126,254
01/07/2023,INT,NC,ASO,ES,Federal Contract Tower,2,4,20,0,26,0,2,28,0,30,2,6,48,0,56,70,0,70,126
01/08/2023,INT,NC,ASO,ES,Federal Contract Tower,0,10,17,0,27,0,0,4,0,4,0,10,21,0,31,45,0,45,76
01/09/2023,INT,NC,ASO,ES,Federal Contract Tower,1,5,10,0,16,0,0,43,3,46,1,5,53,3,62,39,0,39,101
01/10/2023,INT,NC,ASO,ES,Federal Contract Tower,0,10,21,0,31,0,0,65,3,68,0,10,86,3,99,82,0,82,181
01/11/2023,INT,NC,ASO,ES,Federal Contract Tower,2,13,8,0,23,0,0,75,2,77,2,13,83,2,100,114,0,114,214
01/12/2023,INT,NC,ASO,ES,Federal Contract Tower,0,12,9,0,21,0,1,1,0,2,0,13,10,0,23,16,0,16,39
01/13/2023,INT,NC,ASO,ES,Federal Contract Tower,3,7,18,0,28,0,3,30,0,33,3,10,48,0,61,8,0,8,69
01/14/2023,INT,NC,ASO,ES,Federal Contract Tower,1,4,23,0,28,0,0,12,0,12,1,4,35,0,40,7,0,7,47
01/15/2023,INT,NC,ASO,ES,Federal Contract Tower,1,14,8,0,23,0,1,74,0,75,1,15,82,0,98,68,0,68,166
01/16/2023,INT,NC,ASO,ES,Federal Contract Tower,0,10,20,0,30,0,0,70,0,70,0,10,90,0,100,119,0,119,219
01/17/2023,INT,NC,ASO,ES,Federal Contract Tower,0,16,24,0,40,0,0,0,0,0,0,16,24,0,40,0,0,0,40
01/18/2023,INT,NC,ASO,ES,Federal Contract Tower,0,25,26,0,51,0,2,40,0,42,0,27,66,0,93,32,0,32,125
01/19/2023,INT,NC,ASO,ES,Federal Contract Tower,4,8,11,0,23,0,0,1,0,1,4,8,12,0,24,0,0,0,24
01/20/2023,INT,NC,ASO,ES,Federal Contract Tower,0,19,15,0,34,0,3,53,0,56,0,22,68,0,90,46,0,46,136
01/21/2023,INT,NC,ASO,ES,Federal Contract Tower,0,8,13,1,22,0,1,92,1,94,0,9,105,2,116,126,0,126,242
01/22/2023,INT,NC,ASO,ES,Federal Contract Tower,0,7,5,0,12,0,0,0,0,0,0,7,5,0,12,0,0,0,12
01/23/2023,INT,NC,ASO,ES,Federal Contract Tower,2,7,22,0,31,0,0,27,0,27,2,7,49,0,58,28,0,28,86
01/24/2023,INT,NC,ASO,ES,Federal Contract Tower,2,7,19,0,28,0,3,105,0,108,2,10,124,0,136,114,0,114,250
01/25/2023,INT,NC,ASO,ES,Federal Contract Tower,0,15,6,0,21,0,0,0,0,0,0,15,6,0,21,0,0,0,21
01/26/2023,INT,NC,ASO,ES,Federal Contract Tower,1,15,17,0,33,0,0,59,0,59,1,15,76,0,92,80,0,80,172
01/27/2023,INT,NC,ASO,ES,Federal Contract Tower,0,24,22,0,46,0,0,75,0,75,0,24,97,0,121,66,0,66,187
01/28/2023,INT,NC,ASO,ES,Federal Contract Tower,2,12,13,0,27,0,0,63,0,63,2,12,76,0,90,38,0,38,128
01/29/2023,INT,NC,ASO,ES,Federal Contract Tower,1,9,11,0,21,0,0,19,0,19,1,9,30,0,40,40,0,40,80
01/30/2023,INT,NC,ASO,ES,Federal Contract Tower,0,7,13,0,20,0,0,23,0,23,0,7,36,0,43,90,0,90,133
02/01/2023,INT,NC,ASO,ES,Federal Contract Tower,4,10,6,0,20,0,0,0,0,0,4,10,6,0,20,0,0,0,20
02/02/2023,INT,NC,ASO,ES,Federal Contract Tower,0,14,6,0,20,0,0,0,0,0,0,14,6,0,20,0,0,0,20
02/03/2023,INT,NC,ASO,ES,Federal Contract Tower,5,20,17,0,42,0,4,50,0,54,5,24,67,0,96,16,2,18,114
02/04/2023,INT,NC,ASO,ES,Federal Contract Tower,2,4,17,0,23,0,4,76,0,80,2,8,93,0,103,20,0,20,123
02/05/2023,INT,NC,ASO,ES,Federal Contract Tower,0,6,10,2,18,0,1,33,0,34,0,7,43,2,52,25,0,25,77
02/06/2023,INT,NC,ASO,ES,Federal Contract Tower,0,14,15,0,29,0,7,51,0,58,0,21,66,0,87,86,0,86,173
02/07/2023,INT,NC,ASO,ES,Federal Contract Tower,0,14,37,0,51,0,1,69,17,87,0,15,106,17,138,134,0,134,272
02/08/2023,INT,NC,ASO,ES,Federal Contract Tower,0,23,12,0,35,0,3,79,4,86,0,26,91,4,121,88,0,88,209
02/09/2023,INT,NC,ASO,ES,Federal Contract Tower,1,9,8,0,18,0,0,15,0,15,1,9,23,0,33,22,0,22,55
02/10/2023,INT,NC,ASO,ES,Federal Contract Tower,4,16,31,0,51,0,2,43,0,45,4,18,74,0,96,53,0,53,149
02/11/2023,INT,NC,ASO,ES,Federal Contract Tower,2,9,14,0,25,0,3,45,0,48,2,12,59,0,73,49,0,49,122
02/12/2023,INT,NC,ASO,ES,Federal Contract Tower,0,6,4,0,10,0,2,0,0,2,0,8,4,0,12,0,0,0,12
02/13/2023,INT,NC,ASO,ES,Federal Contract Tower,2,15,21,0,38,0,4,46,0,50,2,19,67,0,88,111,0,111,199
02/14/2023,INT,NC,ASO,ES,Federal Contract Tower,0,4,14,0,18,0,1,64,0,65,0,5,78,0,83,138,0,138,221
02/15/2023,INT,NC,ASO,ES,Federal Contract Tower,2,13,6,0,21,0,0,44,0,44,2,13,50,0,65,122,0,122,187
02/16/2023,INT,NC,ASO,ES,Federal Contract Tower,2,11,24,0,37,0,0,6,0,6,2,11,30,0,43,98,0,98,141
02/17/2023,INT,NC,ASO,ES,Federal Contract Tower,2,14,14,0,30,0,1,0,0,1,2,15,14,0,31,0,0,0,31
02/18/2023,INT,NC,ASO,ES,Federal Contract Tower,2,4,13,0,19,0,3,67,0,70,2,7,80,0,89,70,0,70,159
02/19/2023,INT,NC,ASO,ES,Federal Contract Tower,2,3,13,0,18,0,6,21,0,27,2,9,34,0,45,12,0,12,57
02/20/2023,INT,NC,ASO,ES,Federal Contract Tower,0,19,21,0,40,0,5,74,0,79,0,24,95,0,119,146,0,146,265
02/21/2023,INT,NC,ASO,ES,Federal Contract Tower,2,9,13,0,24,0,1,42,0,43,2,10,55,0,67,34,0,34,101
02/22/2023,INT,NC,ASO,ES,Federal Contract Tower,2,11,17,1,31,0,1,17,1,19,2,12,34,2,50,36,1,37,87
02/23/2023,INT,NC,ASO,ES,Federal Contract Tower,1,17,14,0,32,0,1,22,0,23,1,18,36,0,55,12,0,12,67
02/24/2023,INT,NC,ASO,ES,Federal Contract Tower,1,23,25,2,51,0,0,31,0,31,1,23,56,2,82,34,0,34,116
02/25/2023,INT,NC,ASO,ES,Federal Contract Tower,4,20,7,0,31,0,0,1,0,1,4,20,8,0,32,0,0,0,32
02/26/2023,INT,NC,ASO,ES,Federal Contract Tower,0,14,17,0,31,0,0,10,0,10,0,14,27,0,41,73,0,73,114
02/27/2023,INT,NC,ASO,ES,Federal Contract Tower,2,20,13,0,35,0,1,18,0,19,2,21,31,0,54,48,0,48,102
02/28/2023,INT,NC,ASO,ES,Federal Contract Tower,2,15,27,0,44,0,0,37,0,37,2,15,64,0,81,82,0,82,163
03/01/2023,INT,NC,ASO,ES,Federal Contract Tower,3,10,30,0,43,0,0,63,0,63,3,10,93,0,106,104,0,104,210
03/02/2023,INT,NC,ASO,ES,Federal Contract Tower,0,15,33,0,48,0,0,6,0,6,0,15,39,0,54,10,0,10,64
03/03/2023,INT,NC,ASO,ES,Federal Contract Tower,2,7,10,0,19,0,0,0,0,0,2,7,10,0,19,0,0,0,19
03/04/2023,INT,NC,ASO,ES,Federal Contract Tower,0,7,8,0,15,0,9,46,0,55,0,16,54,0,70,10,0,10,80
03/05/2023,INT,NC,ASO,ES,Federal Contract Tower,1,2,13,0,16,0,1,68,0,69,1,3,81,0,85,108,0,108,193
03/06/2023,INT,NC,ASO,ES,Federal Contract Tower,2,6,12,0,20,0,1,66,0,67,2,7,78,0,87,144,0,144,231
03/07/2023,INT,NC,ASO,ES,Federal Contract Tower,0,5,16,0,21,0,9,34,2,45,0,14,50,2,66,58,0,58,124
03/08/2023,INT,NC,ASO,ES,Federal Contract Tower,0,6,12,4,22,0,2,86,3,91,0,8,98,7,113,134,0,134,247
03/09/2023,INT,NC,ASO,ES,Federal Contract Tower,2,7,13,0,22,0,0,91,1,92,2,7,104,1,114,168,0,168,282
03/10/2023,INT,NC,ASO,ES,Federal Contract Tower,0,9,19,0,28,0,0,0,0,0,0,9,19,0,28,0,0,0,28
03/11/2023,INT,NC,ASO,ES,Federal Contract Tower,0,8,11,0,19,0,0,35,0,35,0,8,46,0,54,15,0,15,69
03/12/2023,INT,NC,ASO,ES,Federal Contract Tower,1,12,6,0,19,0,0,0,0,0,1,12,6,0,19,0,0,0,19
03/13/2023,INT,NC,ASO,ES,Federal Contract Tower,2,12,16,0,30,0,6,24,0,30,2,18,40,0,60,24,0,24,84
03/14/2023,INT,NC,ASO,ES,Federal Contract Tower,1,15,17,6,39,0,2,20,0,22,1,17,37,6,61,30,6,36,97
03/15/2023,INT,NC,ASO,ES,Federal Contract Tower,0,10,19,1,30,0,0,59,1,60,0,10,78,2,90,100,0,100,190
03/16/2023,INT,NC,ASO,ES,Federal Contract Tower,0,8,26,0,34,0,4,68,0,72,0,12,94,0,106,138,0,138,244
03/17/2023,INT,NC,ASO,ES,Federal Contract Tower,2,17,18,0,37,0,1,4,0,5,2,18,22,0,42,8,0,8,50
03/18/2023,INT,NC,ASO,ES,Federal Contract Tower,2,16,15,0,33,0,4,28,0,32,2,20,43,0,65,32,0,32,97
03/19/2023,INT,NC,ASO,ES,Federal Contract Tower,0,16,26,0,42,0,2,55,2,59,0,18,81,2,101,42,0,42,143
03/20/2023,INT,NC,ASO,ES,Federal Contract Tower,2,15,23,0,40,0,4,74,0,78,2,19,97,0,118,110,0,110,228
03/21/2023,INT,NC,ASO,ES,Federal Contract Tower,2,13,17,0,32,0,2,84,0,86,2,15,101,0,118,100,0,100,218
03/22/2023,INT,NC,ASO,ES,Federal Contract Tower,0,18,26,0,44,0,0,28,0,28,0,18,54,0,72,10,0,10,82
03/23/2023,INT,NC,ASO,ES,Federal Contract Tower,0,10,17,0,27,0,6,16,0,22,0,16,33,0,49,36,0,36,85
03/24/2023,INT,NC,ASO,ES,Federal Contract Tower,2,16,15,0,33,0,2,53,0,55,2,18,68,0,88,50,0,50,138
03/25/2023,INT,NC,ASO,ES,Federal Contract Tower,0,9,8,0,17,0,0,1,0,1,0,9,9,0,18,0,0,0,18
03/26/2023,INT,NC,ASO,ES,Federal Contract Tower,0,9,22,0,31,0,8,68,0,76,0,17,90,0,107,86,0,86,193
03/27/2023,INT,NC,ASO,ES,Federal Contract Tower,0,10,28,0,38,0,6,17,0,23,0,16,45,0,61,66,0,66,127
03/28/2023,INT,NC,ASO,ES,Federal Contract Tower,2,11,27,0,40,0,3,31,0,34,2,14,58,0,74,104,0,104,178
03/29/2023,INT,NC,ASO,ES,Federal Contract Tower,1,34,14,0,49,0,0,101,2,103,1,34,115,2,152,148,0,148,300
03/30/2023,INT,NC,ASO,ES,Federal Contract Tower,1,18,22,0,41,0,1,89,2,92,1,19,111,2,133,84,0,84,217
03/31/2023,INT,NC,ASO,ES,Federal Contract Tower,2,13,13,0,28,0,5,26,0,31,2,18,39,0,59,30,0,30,89
04/01/2023,INT,NC,ASO,ES,Federal Contract Tower,2,11,8,0,21,0,1,1,0,2,2,12,9,0,23,0,0,0,23
04/02/2023,INT,NC,ASO,ES,Federal Contract Tower,0,11,27,0,38,0,1,75,0,76,0,12,102,0,114,78,0,78,192
04/03/2023,INT,NC,ASO,ES,Federal Contract Tower,2,10,27,5,44,0,10,38,0,48,2,20,65,5,92,56,0,56,148
04/04/2023,INT,NC,ASO,ES,Federal Contract Tower,0,6,18,0,24,0,4,58,0,62,0,10,76,0,86,144,0,144,230
04/05/2023,INT,NC,ASO,ES,Federal Contract Tower,0,14,20,0,34,0,1,23,0,24,0,15,43,0,58,152,0,152,210
04/06/2023,INT,NC,ASO,ES,Federal Contract Tower,2,20,14,2,38,0,1,37,1,39,2,21,51,3,77,54,0,54,131
04/07/2023,INT,NC,ASO,ES,Federal Contract Tower,1,14,8,0,23,0,0,0,0,0,1,14,8,0,23,0,0,0,23
04/08/2023,INT,NC,ASO,ES,Federal Contract Tower,0,10,6,0,16,0,0,0,0,0,0,10,6,0,16,0,0,0,16
04/09/2023,INT,NC,ASO,ES,Federal Contract Tower,2,15,14,0,31,0,1,19,0,20,2,16,33,0,51,24,0,24,75
04/10/2023,INT,NC,ASO,ES,Federal Contract Tower,0,17,16,0,33,0,6,72,0,78,0,23,88,0,111,90,0,90,201
04/11/2023,INT,NC,ASO,ES,Federal Contract Tower,2,10,26,0,38,0,3,77,0,80,2,13,103,0,118,124,0,124,242
04/12/2023,INT,NC,ASO,ES,Federal Contract Tower,2,11,37,0,50,0,9,73,0,82,2,20,110,0,132,112,0,112,244
04/13/2023,INT,NC,ASO,ES,Federal Contract Tower,0,19,23,0,42,0,3,77,0,80,0,22,100,0,122,90,0,90,212
04/14/2023,INT,NC,ASO,ES,Federal Contract Tower,2,12,20,0,34,0,0,2,0,2,2,12,22,0,36,0,0,0,36
04/15/2023,INT,NC,ASO,ES,Federal Contract Tower,2,9,17,0,28,0,0,24,0,24,2,9,41,0,52,12,0,12,64
04/16/2023,INT,NC,ASO,ES,Federal Contract Tower,0,10,38,0,48,0,2,46,0,48,0,12,84,0,96,44,0,44,140
04/17/2023,INT,NC,ASO,ES,Federal Contract Tower,0,2,19,0,21,0,5,34,0,39,0,7,53,0,60,36,0,36,96
04/18/2023,INT,NC,ASO,ES,Federal Contract Tower,3,8,24,0,35,0,1,56,0,57,3,9,80,0,92,54,0,54,146
04/19/2023,INT,NC,ASO,ES,Federal Contract Tower,0,11,17,0,28,0,10,98,0,108,0,21,115,0,136,158,0,158,294
04/20/2023,INT,NC,ASO,ES,Federal Contract Tower,2,17,33,0,52,0,5,69,4,78,2,22,102,4,130,120,0,120,250
04/21/2023,INT,NC,ASO,ES,Federal Contract Tower,0,24,35,0,59,0,0,57,0,57,0,24,92,0,116,38,0,38,154
04/22/2023,INT,NC,ASO,ES,Federal Contract Tower,1,7,5,0,13,0,6,9,0,15,1,13,14,0,28,6,0,6,34
04/23/2023,INT,NC,ASO,ES,Federal Contract Tower,0,10,19,0,29,0,6,45,0,51,0,16,64,0,80,37,0,37,117
04/24/2023,INT,NC,ASO,ES,Federal Contract Tower,0,8,25,0,33,0,1,42,2,45,0,9,67,2,78,50,0,50,128
04/25/2023,INT,NC,ASO,ES,Federal Contract Tower,0,10,20,0,30,0,9,61,1,71,0,19,81,1,101,94,0,94,195
04/26/2023,INT,NC,ASO,ES,Federal Contract Tower,1,15,13,0,29,0,1,56,0,57,1,16,69,0,86,74,0,74,160
04/27/2023,INT,NC,ASO,ES,Federal Contract Tower,3,18,15,0,36,0,0,0,0,0,3,18,15,0,36,0,0,0,36
04/28/2023,INT,NC,ASO,ES,Federal Contract Tower,1,7,10,0,18,0,3,3,0,6,1,10,13,0,24,0,0,0,24
04/29/2023,INT,NC,ASO,ES,Federal Contract Tower,0,7,24,0,31,0,4,53,0,57,0,11,77,0,88,22,0,22,110
04/30/2023,INT,NC,ASO,ES,Federal Contract Tower,0,24,15,0,39,0,6,5,0,11,0,30,20,0,50,28,0,28,78
05/01/2023,INT,NC,ASO,ES,Federal Contract Tower,1,7,22,0,30,0,9,34,0,43,1,16,56,0,73,48,0,48,121
05/02/2023,INT,NC,ASO,ES,Federal Contract Tower,0,15,12,0,27,0,10,9,0,19,0,25,21,0,46,26,0,26,72
05/03/2023,INT,NC,ASO,ES,Federal Contract Tower,4,17,20,2,43,0,0,24,0,24,4,17,44,2,67,22,0,22,89
05/04/2023,INT,NC,ASO,ES,Federal Contract Tower,2,25,19,0,46,0,3,106,2,111,2,28,125,2,157,116,0,116,273
05/05/2023,INT,NC,ASO,ES,Federal Contract Tower,2,26,6,0,34,0,9,81,0,90,2,35,87,0,124,102,0,102,226
05/06/2023,INT,NC,ASO,ES,Federal Contract Tower,1,2,10,0,13,0,14,42,0,56,1,16,52,0,69,16,0,16,85
05/07/2023,INT,NC,ASO,ES,Federal Contract Tower,0,4,10,0,14,0,3,27,0,30,0,7,37,0,44,76,0,76,120
05/08/2023,INT,NC,ASO,ES,Federal Contract Tower,1,7,17,0,25,0,10,62,1,73,1,17,79,1,98,104,0,104,202
05/09/2023,INT,NC,ASO,ES,Federal Contract Tower,0,14,12,0,26,0,4,34,0,38,0,18,46,0,64,38,0,38,102
05/10/2023,INT,NC,ASO,ES,Federal Contract Tower,2,19,24,0,45,0,1,90,2,93,2,20,114,2,138,68,0,68,206
05/11/2023,INT,NC,ASO,ES,Federal Contract Tower,0,2,22,0,24,0,0,59,0,59,0,2,81,0,83,166,0,166,249
05/12/2023,INT,NC,ASO,ES,Federal Contract Tower,1,29,27,0,57,0,7,19,0,26,1,36,46,0,83,30,0,30,113
05/13/2023,INT,NC,ASO,ES,Federal Contract Tower,0,24,20,0,44,0,4,9,0,13,0,28,29,0,57,0,0,0,57
05/14/2023,INT,NC,ASO,ES,Federal Contract Tower,0,28,26,0,54,0,5,14,0,19,0,33,40,0,73,24,0,24,97
05/15/2023,INT,NC,ASO,ES,Federal Contract Tower,0,55,31,0,86,0,7,48,2,57,0,62,79,2,143,26,0,26,169
05/16/2023,INT,NC,ASO,ES,Federal Contract Tower,0,15,25,0,40,0,4,24,1,29,0,19,49,1,69,66,0,66,135
05/17/2023,INT,NC,ASO,ES,Federal Contract Tower,0,14,33,0,47,0,0,106,0,106,0,14,139,0,153,52,0,52,205
05/18/2023,INT,NC,ASO,ES,Federal Contract Tower,0,21,18,0,39,0,1,58,0,59,0,22,76,0,98,56,0,56,154
05/19/2023,INT,NC,ASO,ES,Federal Contract Tower,0,24,24,0,48,0,0,22,0,22,0,24,46,0,70,68,0,68,138
05/20/2023,INT,NC,ASO,ES,Federal Contract Tower,1,6,12,0,19,0,0,25,0,25,1,6,37,0,44,56,0,56,100
05/21/2023,INT,NC,ASO,ES,Federal Contract Tower,1,14,12,0,27,0,4,41,0,45,1,18,53,0,72,10,0,10,82
05/22/2023,INT,NC,ASO,ES,Federal Contract Tower,1,4,23,0,28,0,9,58,1,68,1,13,81,1,96,84,0,84,180
05/23/2023,INT,NC,ASO,ES,Federal Contract Tower,1,10,25,2,38,0,1,70,0,71,1,11,95,2,109,34,0,34,143
05/24/2023,INT,NC,ASO,ES,Federal Contract Tower,2,17,22,0,41,0,0,51,0,51,2,17,73,0,92,72,0,72,164
05/25/2023,INT,NC,ASO,ES,Federal Contract Tower,0,17,24,0,41,0,0,36,0,36,0,17,60,0,77,22,0,22,99
05/26/2023,INT,NC,ASO,ES,Federal Contract Tower,1,8,25,0,34,0,1,20,0,21,1,9,45,0,55,0,0,0,55
05/27/2023,INT,NC,ASO,ES,Federal Contract Tower,1,5,4,0,10,0,1,5,0,6,1,6,9,0,16,0,0,0,16
05/28/2023,INT,NC,ASO,ES,Federal Contract Tower,0,2,3,0,5,0,0,0,0,0,0,2,3,0,5,0,0,0,5
05/29/2023,INT,NC,ASO,ES,Federal Contract Tower,0,5,9,0,14,0,4,0,0,4,0,9,9,0,18,0,0,0,18
05/30/2023,INT,NC,ASO,ES,Federal Contract Tower,0,11,14,0,25,0,2,1,0,3,0,13,15,0,28,0,0,0,28
05/31/2023,INT,NC,ASO,ES,Federal Contract Tower,2,17,15,0,34,0,0,69,2,71,2,17,84,2,105,90,0,90,195
06/01/2023,INT,NC,ASO,ES,Federal Contract Tower,0,21,25,1,47,0,3,87,3,93,0,24,112,4,140,58,0,58,198
06/02/2023,INT,NC,ASO,ES,Federal Contract Tower,0,27,22,0,49,0,0,79,2,81,0,27,101,2,130,35,0,35,165
06/03/2023,INT,NC,ASO,ES,Federal Contract Tower,0,11,10,0,21,0,1,74,1,76,0,12,84,1,97,49,0,49,146
06/04/2023,INT,NC,ASO,ES,Federal Contract Tower,0,17,16,0,33,0,3,9,0,12,0,20,25,0,45,20,0,20,65
06/05/2023,INT,NC,ASO,ES,Federal Contract Tower,2,14,16,1,33,0,10,35,1,46,2,24,51,2,79,169,0,169,248
06/06/2023,INT,NC,ASO,ES,Federal Contract Tower,1,6,6,0,13,0,4,64,2,70,1,10,70,2,83,136,0,136,219
06/07/2023,INT,NC,ASO,ES,Federal Contract Tower,1,11,25,0,37,0,2,11,0,13,1,13,36,0,50,78,0,78,128
06/08/2023,INT,NC,ASO,ES,Federal Contract Tower,2,13,24,0,39,0,3,63,2,68,2,16,87,2,107,158,0,158,265
06/09/2023,INT,NC,ASO,ES,Federal Contract Tower,0,19,12,0,31,0,5,63,2,70,0,24,75,2,101,128,0,128,229
06/10/2023,INT,NC,ASO,ES,Federal Contract Tower,2,9,12,1,24,0,7,39,0,46,2,16,51,1,70,6,0,6,76
06/11/2023,INT,NC,ASO,ES,Federal Contract Tower,0,10,18,0,28,0,5,30,0,35,0,15,48,0,63,40,0,40,103
06/12/2023,INT,NC,ASO,ES,Federal Contract Tower,2,9,11,0,22,0,2,17,0,19,2,11,28,0,41,20,0,20,61
06/13/2023,INT,NC,ASO,ES,Federal Contract Tower,0,8,7,0,15,0,2,60,0,62,0,10,67,0,77,80,0,80,157
06/14/2023,INT,NC,ASO,ES,Federal Contract Tower,1,14,15,0,30,0,0,46,0,46,1,14,61,0,76,26,0,26,102
06/15/2023,INT,NC,ASO,ES,Federal Contract Tower,0,15,12,2,29,0,0,64,4,68,0,15,76,6,97,62,0,62,159
06/16/2023,INT,NC,ASO,ES,Federal Contract Tower,1,17,12,12,42,0,0,47,1,48,1,17,59,13,90,96,0,96,186
06/17/2023,INT,NC,ASO,ES,Federal Contract Tower,1,10,17,0,28,0,1,68,0,69,1,11,85,0,97,28,0,28,125
06/18/2023,INT,NC,ASO,ES,Federal Contract Tower,1,7,13,0,21,0,0,46,0,46,1,7,59,0,67,94,0,94,161
06/19/2023,INT,NC,ASO,ES,Federal Contract Tower,1,4,17,0,22,0,0,0,0,0,1,4,17,0,22,0,0,0,22
06/20/2023,INT,NC,ASO,ES,Federal Contract Tower,0,4,18,0,22,0,0,2,0,2,0,4,20,0,24,0,0,0,24
06/21/2023,INT,NC,ASO,ES,Federal Contract Tower,1,19,15,0,35,0,0,0,0,0,1,19,15,0,35,0,0,0,35
06/22/2023,INT,NC,ASO,ES,Federal Contract Tower,3,22,11,0,36,0,0,0,0,0,3,22,11,0,36,0,0,0,36
06/23/2023,INT,NC,ASO,ES,Federal Contract Tower,2,37,2,0,41,0,3,5,0,8,2,40,7,0,49,0,0,0,49
06/24/2023,INT,NC,ASO,ES,Federal Contract Tower,0,8,7,1,16,0,1,51,0,52,0,9,58,1,68,102,0,102,170
06/25/2023,INT,NC,ASO,ES,Federal Contract Tower,0,12,15,0,27,0,2,50,0,52,0,14,65,0,79,52,0,52,131
06/26/2023,INT,NC,ASO,ES,Federal Contract Tower,0,6,11,0,17,0,14,33,0,47,0,20,44,0,64,66,0,66,130
06/27/2023,INT,NC,ASO,ES,Federal Contract Tower,0,21,37,1,59,0,8,59,1,68,0,29,96,2,127,108,6,114,241
06/28/2023,INT,NC,ASO,ES,Federal Contract Tower,1,21,27,1,50,0,0,67,1,68,1,21,94,2,118,90,0,90,208
06/29/2023,INT,NC,ASO,ES,Federal Contract Tower,0,12,24,0,36,0,0,43,2,45,0,12,67,2,81,230,0,230,311
06/30/2023,INT,NC,ASO,ES,Federal Contract Tower,1,5,28,0,34,0,0,38,0,38,1,5,66,0,72,94,0,94,166
07/01/2023,INT,NC,ASO,ES,Federal Contract Tower,0,4,9,0,13,0,0,18,0,18,0,4,27,0,31,54,0,54,85
07/02/2023,INT,NC,ASO,ES,Federal Contract Tower,0,5,13,0,18,0,2,28,0,30,0,7,41,0,48,15,0,15,63
07/03/2023,INT,NC,ASO,ES,Federal Contract Tower,3,1,8,0,12,0,2,32,2,36,3,3,40,2,48,108,0,108,156
07/04/2023,INT,NC,ASO,ES,Federal Contract Tower,0,2,5,0,7,0,2,58,1,61,0,4,63,1,68,76,0,76,144
07/05/2023,INT,NC,ASO,ES,Federal Contract Tower,0,6,18,0,24,0,0,54,2,56,0,6,72,2,80,86,0,86,166
07/06/2023,INT,NC,ASO,ES,Federal Contract Tower,0,5,32,0,37,0,2,39,0,41,0,7,71,0,78,70,0,70,148
07/07/2023,INT,NC,ASO,ES,Federal Contract Tower,0,9,30,1,40,0,7,39,0,46,0,16,69,1,86,44,0,44,130
07/08/2023,INT,NC,ASO,ES,Federal Contract Tower,0,7,5,0,12,0,6,37,0,43,0,13,42,0,55,66,0,66,121
07/09/2023,INT,NC,ASO,ES,Federal Contract Tower,0,15,15,0,30,0,2,14,0,16,0,17,29,0,46,30,0,30,76
07/10/2023,INT,NC,ASO,ES,Federal Contract Tower,0,19,22,0,41,0,0,49,0,49,0,19,71,0,90,114,0,114,204
07/11/2023,INT,NC,ASO,ES,Federal Contract Tower,0,12,18,0,30,0,6,57,0,63,0,18,75,0,93,102,0,102,195
07/12/2023,INT,NC,ASO,ES,Federal Contract Tower,0,28,15,0,43,0,0,64,0,64,0,28,79,0,107,112,0,112,219
07/13/2023,INT,NC,ASO,ES,Federal Contract Tower,0,9,13,1,23,0,0,90,5,95,0,9,103,6,118,133,0,133,251
07/14/2023,INT,NC,ASO,ES,Federal Contract Tower,0,14,15,0,29,0,0,38,0,38,0,14,53,0,67,132,0,132,199
07/15/2023,INT,NC,ASO,ES,Federal Contract Tower,1,3,10,0,14,0,4,23,0,27,1,7,33,0,41,64,0,64,105
07/16/2023,INT,NC,ASO,ES,Federal Contract Tower,1,9,19,0,29,0,0,41,0,41,1,9,60,0,70,78,0,78,148
07/17/2023,INT,NC,ASO,ES,Federal Contract Tower,0,15,25,0,40,0,0,24,0,24,0,15,49,0,64,72,0,72,136
07/18/2023,INT,NC,ASO,ES,Federal Contract Tower,0,18,32,0,50,0,2,38,1,41,0,20,70,1,91,150,0,150,241
07/19/2023,INT,NC,ASO,ES,Federal Contract Tower,0,10,16,0,26,0,5,81,0,86,0,15,97,0,112,134,0,134,246
07/20/2023,INT,NC,ASO,ES,Federal Contract Tower,0,21,14,0,35,0,6,98,0,104,0,27,112,0,139,104,0,104,243
07/22/2023,INT,NC,ASO,ES,Federal Contract Tower,0,8,7,4,19,0,7,53,0,60,0,15,60,4,79,92,0,92,171
07/23/2023,INT,NC,ASO,ES,Federal Contract Tower,1,13,8,0,22,0,6,42,1,49,1,19,50,1,71,60,0,60,131
07/24/2023,INT,NC,ASO,ES,Federal Contract Tower,0,8,21,0,29,0,9,30,1,40,0,17,51,1,69,22,0,22,91
07/25/2023,INT,NC,ASO,ES,Federal Contract Tower,2,11,21,0,34,0,4,52,5,61,2,15,73,5,95,48,2,50,145
07/26/2023,INT,NC,ASO,ES,Federal Contract Tower,1,12,17,0,30,0,5,62,4,71,1,17,79,4,101,64,0,64,165
07/27/2023,INT,NC,ASO,ES,Federal Contract Tower,1,11,19,0,31,0,4,43,0,47,1,15,62,0,78,97,0,97,175
07/28/2023,INT,NC,ASO,ES,Federal Contract Tower,0,13,14,0,27,0,3,28,2,33,0,16,42,2,60,20,0,20,80
07/29/2023,INT,NC,ASO,ES,Federal Contract Tower,1,11,12,1,25,0,14,27,4,45,1,25,39,5,70,42,0,42,112
07/30/2023,INT,NC,ASO,ES,Federal Contract Tower,0,1,9,1,11,0,5,54,0,59,0,6,63,1,70,16,0,16,86
07/31/2023,INT,NC,ASO,ES,Federal Contract Tower,0,13,13,1,27,0,8,34,2,44,0,21,47,3,71,64,0,64,135
08/01/2023,INT,NC,ASO,ES,Federal Contract Tower,1,8,36,0,45,0,8,48,0,56,1,16,84,0,101,88,0,88,189
08/02/2023,INT,NC,ASO,ES,Federal Contract Tower,1,8,24,0,33,0,3,49,0,52,1,11,73,0,85,80,0,80,165
08/03/2023,INT,NC,ASO,ES,Federal Contract Tower,0,6,22,0,28,0,0,0,0,0,0,6,22,0,28,0,0,0,28
08/04/2023,INT,NC,ASO,ES,Federal Contract Tower,0,11,10,0,21,0,0,9,0,9,0,11,19,0,30,82,0,82,112
08/05/2023,INT,NC,ASO,ES,Federal Contract Tower,0,10,17,0,27,0,2,58,3,63,0,12,75,3,90,78,0,78,168
08/06/2023,INT,NC,ASO,ES,Federal Contract Tower,1,7,9,0,17,0,0,27,0,27,1,7,36,0,44,14,0,14,58
08/07/2023,INT,NC,ASO,ES,Federal Contract Tower,0,4,18,0,22,0,5,2,0,7,0,9,20,0,29,2,0,2,31
08/08/2023,INT,NC,ASO,ES,Federal Contract Tower,0,6,15,0,21,0,3,41,0,44,0,9,56,0,65,132,0,132,197
08/09/2023,INT,NC,ASO,ES,Federal Contract Tower,0,28,17,2,47,0,4,60,0,64,0,32,77,2,111,98,0,98,209
08/10/2023,INT,NC,ASO,ES,Federal Contract Tower,0,12,8,0,20,0,0,24,0,24,0,12,32,0,44,38,0,38,82
08/11/2023,INT,NC,ASO,ES,Federal Contract Tower,0,5,14,0,19,0,3,62,0,65,0,8,76,0,84,64,0,64,148
08/12/2023,INT,NC,ASO,ES,Federal Contract Tower,0,6,8,0,14,0,0,63,1,64,0,6,71,1,78,112,0,112,190
08/13/2023,INT,NC,ASO,ES,Federal Contract Tower,0,3,7,0,10,0,2,73,0,75,0,5,80,0,85,132,0,132,217
08/14/2023,INT,NC,ASO,ES,Federal Contract Tower,0,9,13,0,22,0,3,40,1,44,0,12,53,1,66,36,0,36,102
08/15/2023,INT,NC,ASO,ES,Federal Contract Tower,1,10,13,0,24,0,0,30,1,31,1,10,43,1,55,12,0,12,67
08/16/2023,INT,NC,ASO,ES,Federal Contract Tower,1,12,9,4,26,0,2,96,5,103,1,14,105,9,129,86,0,86,215
08/17/2023,INT,NC,ASO,ES,Federal Contract Tower,2,15,22,0,39,0,3,84,7,94,2,18,106,7,133,100,0,100,233
08/18/2023,INT,NC,ASO,ES,Federal Contract Tower,0,16,15,1,32,0,2,54,0,56,0,18,69,1,88,92,0,92,180
08/19/2023,INT,NC,ASO,ES,Federal Contract Tower,0,6,8,6,20,0,0,72,15,87,0,6,80,21,107,30,0,30,137
08/20/2023,INT,NC,ASO,ES,Federal Contract Tower,0,9,6,0,15,0,4,87,0,91,0,13,93,0,106,34,0,34,140
08/21/2023,INT,NC,ASO,ES,Federal Contract Tower,0,12,14,0,26,0,3,50,0,53,0,15,64,0,79,64,0,64,143
08/22/2023,INT,NC,ASO,ES,Federal Contract Tower,0,7,19,0,26,0,2,54,0,56,0,9,73,0,82,62,0,62,144
08/23/2023,INT,NC,ASO,ES,Federal Contract Tower,0,17,13,0,30,0,6,62,0,68,0,23,75,0,98,82,0,82,180
08/24/2023,INT,NC,ASO,ES,Federal Contract Tower,1,9,19,0,29,0,2,70,2,74,1,11,89,2,103,76,0,76,179
08/25/2023,INT,NC,ASO,ES,Federal Contract Tower,0,21,11,1,33,0,0,34,11,45,0,21,45,12,78,50,0,50,128
08/26/2023,INT,NC,ASO,ES,Federal Contract Tower,0,28,19,0,47,0,0,34,2,36,0,28,53,2,83,46,0,46,129
08/27/2023,INT,NC,ASO,ES,Federal Contract Tower,0,13,20,0,33,0,0,4,0,4,0,13,24,0,37,0,0,0,37
08/28/2023,INT,NC,ASO,ES,Federal Contract Tower,0,6,16,0,22,0,1,1,0,2,0,7,17,0,24,0,0,0,24
08/29/2023,INT,NC,ASO,ES,Federal Contract Tower,0,6,15,0,21,0,0,1,0,1,0,6,16,0,22,0,0,0,22
08/30/2023,INT,NC,ASO,ES,Federal Contract Tower,0,16,13,0,29,0,0,5,0,5,0,16,18,0,34,34,0,34,68
08/31/2023,INT,NC,ASO,ES,Federal Contract Tower,2,22,20,0,44,0,0,33,0,33,2,22,53,0,77,0,0,0,77
