01/01/2020,IPT,PA,AEA,EN,Federal Contract Tower,0,3,3,0,6,0,0,5,0,5,0,3,8,0,11,0,0,0,11
01/02/2020,IPT,PA,AEA,EN,Federal Contract Tower,0,4,4,0,8,0,2,32,0,34,0,6,36,0,42,8,0,8,50
01/03/2020,IPT,PA,AEA,EN,Federal Contract Tower,0,6,4,0,10,0,2,0,0,2,0,8,4,0,12,0,0,0,12
01/04/2020,IPT,PA,AEA,EN,Federal Contract Tower,0,7,2,0,9,0,0,2,0,2,0,7,4,0,11,0,0,0,11
01/05/2020,IPT,PA,AEA,EN,Federal Contract Tower,0,4,4,0,8,0,5,3,0,8,0,9,7,0,16,18,0,18,34
01/06/2020,IPT,PA,AEA,EN,Federal Contract Tower,0,5,8,0,13,0,1,8,0,9,0,6,16,0,22,2,0,2,24
01/07/2020,IPT,PA,AEA,EN,Federal Contract Tower,0,4,1,0,5,0,4,5,0,9,0,8,6,0,14,10,0,10,24
01/08/2020,IPT,PA,AEA,EN,Federal Contract Tower,0,8,5,0,13,0,0,8,0,8,0,8,13,0,21,14,0,14,35
01/09/2020,IPT,PA,AEA,EN,Federal Contract Tower,0,7,3,0,10,0,1,27,0,28,0,8,30,0,38,68,0,68,106
01/10/2020,IPT,PA,AEA,EN,Federal Contract Tower,0,5,2,0,7,0,6,4,0,10,0,11,6,0,17,0,0,0,17
01/11/2020,IPT,PA,AEA,EN,Federal Contract Tower,0,3,1,0,4,0,1,0,0,1,0,4,1,0,5,0,0,0,5
01/12/2020,IPT,PA,AEA,EN,Federal Contract Tower,0,3,1,0,4,0,4,5,0,9,0,7,6,0,13,2,0,2,15
01/13/2020,IPT,PA,AEA,EN,Federal Contract Tower,0,6,5,0,11,0,2,32,0,34,0,8,37,0,45,22,0,22,67
01/14/2020,IPT,PA,AEA,EN,Federal Contract Tower,0,5,4,0,9,0,0,0,0,0,0,5,4,0,9,0,0,0,9
01/15/2020,IPT,PA,AEA,EN,Federal Contract Tower,0,9,9,0,18,0,2,31,0,33,0,11,40,0,51,24,0,24,75
01/16/2020,IPT,PA,AEA,EN,Federal Contract Tower,0,6,2,0,8,0,0,2,0,2,0,6,4,0,10,4,0,4,14
01/17/2020,IPT,PA,AEA,EN,Federal Contract Tower,0,4,14,0,18,0,1,16,0,17,0,5,30,0,35,2,0,2,37
01/18/2020,IPT,PA,AEA,EN,Federal Contract Tower,0,1,0,0,1,0,0,0,0,0,0,1,0,0,1,0,0,0,1
01/19/2020,IPT,PA,AEA,EN,Federal Contract Tower,0,4,1,0,5,0,0,1,0,1,0,4,2,0,6,0,0,0,6
01/20/2020,IPT,PA,AEA,EN,Federal Contract Tower,0,2,7,0,9,0,2,16,0,18,0,4,23,0,27,8,0,8,35
01/21/2020,IPT,PA,AEA,EN,Federal Contract Tower,0,5,5,0,10,0,1,19,1,21,0,6,24,1,31,6,0,6,37
01/22/2020,IPT,PA,AEA,EN,Federal Contract Tower,0,8,7,0,15,0,1,34,0,35,0,9,41,0,50,74,0,74,124
01/23/2020,IPT,PA,AEA,EN,Federal Contract Tower,0,11,8,0,19,0,6,36,4,46,0,17,44,4,65,46,0,46,111
01/24/2020,IPT,PA,AEA,EN,Federal Contract Tower,0,3,11,0,14,0,3,4,0,7,0,6,15,0,21,8,0,8,29
01/25/2020,IPT,PA,AEA,EN,Federal Contract Tower,0,3,0,0,3,0,1,0,0,1,0,4,0,0,4,0,0,0,4
01/26/2020,IPT,PA,AEA,EN,Federal Contract Tower,0,3,2,0,5,0,3,7,0,10,0,6,9,0,15,32,0,32,47
01/27/2020,IPT,PA,AEA,EN,Federal Contract Tower,0,8,2,0,10,0,0,6,0,6,0,8,8,0,16,0,0,0,16
01/28/2020,IPT,PA,AEA,EN,Federal Contract Tower,0,5,3,0,8,0,0,0,0,0,0,5,3,0,8,0,0,0,8
01/29/2020,IPT,PA,AEA,EN,Federal Contract Tower,0,6,4,2,12,0,10,34,0,44,0,16,38,2,56,6,0,6,62
01/30/2020,IPT,PA,AEA,EN,Federal Contract Tower,0,8,4,0,12,0,2,36,1,39,0,10,40,1,51,14,0,14,65
01/31/2020,IPT,PA,AEA,EN,Federal Contract Tower,0,4,3,0,7,0,2,5,4,11,0,6,8,4,18,0,0,0,18
02/01/2020,IPT,PA,AEA,EN,Federal Contract Tower,0,4,4,0,8,0,2,10,0,12,0,6,14,0,20,30,0,30,50
02/02/2020,IPT,PA,AEA,EN,Federal Contract Tower,0,3,1,0,4,0,3,0,0,3,0,6,1,0,7,0,0,0,7
02/03/2020,IPT,PA,AEA,EN,Federal Contract Tower,0,1,8,0,9,0,7,12,2,21,0,8,20,2,30,22,0,22,52
02/04/2020,IPT,PA,AEA,EN,Federal Contract Tower,0,6,11,0,17,0,0,3,0,3,0,6,14,0,20,0,0,0,20
02/05/2020,IPT,PA,AEA,EN,Federal Contract Tower,0,4,8,0,12,0,7,25,0,32,0,11,33,0,44,4,0,4,48
02/06/2020,IPT,PA,AEA,EN,Federal Contract Tower,0,4,2,0,6,0,0,0,0,0,0,4,2,0,6,0,0,0,6
02/07/2020,IPT,PA,AEA,EN,Federal Contract Tower,0,5,3,0,8,0,3,0,0,3,0,8,3,0,11,0,0,0,11
02/08/2020,IPT,PA,AEA,EN,Federal Contract Tower,0,5,3,0,8,0,3,10,0,13,0,8,13,0,21,16,0,16,37
02/09/2020,IPT,PA,AEA,EN,Federal Contract Tower,0,5,5,0,10,0,0,14,0,14,0,5,19,0,24,6,0,6,30
02/10/2020,IPT,PA,AEA,EN,Federal Contract Tower,0,4,8,0,12,0,0,0,0,0,0,4,8,0,12,24,0,24,36
02/11/2020,IPT,PA,AEA,EN,Federal Contract Tower,0,5,4,2,11,0,0,2,0,2,0,5,6,2,13,16,0,16,29
02/12/2020,IPT,PA,AEA,EN,Federal Contract Tower,0,5,8,0,13,0,2,33,1,36,0,7,41,1,49,56,4,60,109
02/13/2020,IPT,PA,AEA,EN,Federal Contract Tower,0,4,3,0,7,0,0,1,0,1,0,4,4,0,8,0,0,0,8
02/14/2020,IPT,PA,AEA,EN,Federal Contract Tower,0,3,4,0,7,0,3,13,0,16,0,6,17,0,23,0,0,0,23
02/15/2020,IPT,PA,AEA,EN,Federal Contract Tower,0,3,9,0,12,0,2,25,0,27,0,5,34,0,39,54,0,54,93
02/16/2020,IPT,PA,AEA,EN,Federal Contract Tower,0,2,3,0,5,0,0,5,0,5,0,2,8,0,10,0,0,0,10
02/17/2020,IPT,PA,AEA,EN,Federal Contract Tower,0,3,4,0,7,0,7,25,0,32,0,10,29,0,39,10,0,10,49
02/18/2020,IPT,PA,AEA,EN,Federal Contract Tower,0,4,4,0,8,0,0,0,0,0,0,4,4,0,8,0,0,0,8
02/19/2020,IPT,PA,AEA,EN,Federal Contract Tower,0,6,5,0,11,0,0,19,0,19,0,6,24,0,30,16,0,16,46
02/20/2020,IPT,PA,AEA,EN,Federal Contract Tower,0,6,2,0,8,0,0,7,0,7,0,6,9,0,15,10,0,10,25
02/21/2020,IPT,PA,AEA,EN,Federal Contract Tower,0,8,13,0,21,0,2,31,0,33,0,10,44,0,54,18,0,18,72
02/22/2020,IPT,PA,AEA,EN,Federal Contract Tower,0,5,5,0,10,0,2,37,0,39,0,7,42,0,49,22,0,22,71
02/23/2020,IPT,PA,AEA,EN,Federal Contract Tower,0,0,9,0,9,0,2,39,0,41,0,2,48,0,50,20,0,20,70
02/24/2020,IPT,PA,AEA,EN,Federal Contract Tower,0,5,5,0,10,0,6,26,0,32,0,11,31,0,42,14,0,14,56
02/25/2020,IPT,PA,AEA,EN,Federal Contract Tower,0,4,8,0,12,0,0,0,0,0,0,4,8,0,12,6,0,6,18
02/26/2020,IPT,PA,AEA,EN,Federal Contract Tower,0,4,0,0,4,0,0,0,0,0,0,4,0,0,4,0,0,0,4
02/27/2020,IPT,PA,AEA,EN,Federal Contract Tower,0,2,0,0,2,0,2,0,0,2,0,4,0,0,4,0,0,0,4
02/28/2020,IPT,PA,AEA,EN,Federal Contract Tower,0,4,7,0,11,0,0,21,0,21,0,4,28,0,32,0,0,0,32
02/29/2020,IPT,PA,AEA,EN,Federal Contract Tower,0,1,4,0,5,0,4,8,0,12,0,5,12,0,17,0,0,0,17
03/01/2020,IPT,PA,AEA,EN,Federal Contract Tower,0,2,7,0,9,0,3,29,0,32,0,5,36,0,41,12,0,12,53
03/02/2020,IPT,PA,AEA,EN,Federal Contract Tower,0,3,4,0,7,0,5,26,0,31,0,8,30,0,38,2,0,2,40
03/03/2020,IPT,PA,AEA,EN,Federal Contract Tower,0,5,4,0,9,0,0,2,0,2,0,5,6,0,11,4,0,4,15
03/04/2020,IPT,PA,AEA,EN,Federal Contract Tower,0,3,8,0,11,0,5,9,0,14,0,8,17,0,25,12,0,12,37
03/05/2020,IPT,PA,AEA,EN,Federal Contract Tower,0,4,5,0,9,0,2,17,0,19,0,6,22,0,28,4,0,4,32
03/06/2020,IPT,PA,AEA,EN,Federal Contract Tower,0,6,5,0,11,0,1,2,0,3,0,7,7,0,14,0,0,0,14
03/07/2020,IPT,PA,AEA,EN,Federal Contract Tower,0,3,3,0,6,0,0,27,0,27,0,3,30,0,33,30,0,30,63
03/08/2020,IPT,PA,AEA,EN,Federal Contract Tower,0,2,4,0,6,0,5,37,0,42,0,7,41,0,48,28,0,28,76
03/09/2020,IPT,PA,AEA,EN,Federal Contract Tower,0,3,4,0,7,0,5,50,0,55,0,8,54,0,62,24,0,24,86
03/10/2020,IPT,PA,AEA,EN,Federal Contract Tower,0,6,0,0,6,0,0,3,0,3,0,6,3,0,9,0,0,0,9
03/11/2020,IPT,PA,AEA,EN,Federal Contract Tower,0,4,5,0,9,0,1,29,0,30,0,5,34,0,39,46,0,46,85
03/12/2020,IPT,PA,AEA,EN,Federal Contract Tower,0,4,6,0,10,0,6,19,0,25,0,10,25,0,35,6,0,6,41
03/13/2020,IPT,PA,AEA,EN,Federal Contract Tower,0,4,5,0,9,0,0,4,0,4,0,4,9,0,13,0,0,0,13
03/14/2020,IPT,PA,AEA,EN,Federal Contract Tower,0,4,4,0,8,0,2,30,0,32,0,6,34,0,40,20,0,20,60
03/15/2020,IPT,PA,AEA,EN,Federal Contract Tower,0,2,5,0,7,0,3,47,0,50,0,5,52,0,57,12,0,12,69
03/16/2020,IPT,PA,AEA,EN,Federal Contract Tower,0,4,3,0,7,0,2,27,0,29,0,6,30,0,36,4,0,4,40
03/17/2020,IPT,PA,AEA,EN,Federal Contract Tower,0,5,0,0,5,0,3,2,0,5,0,8,2,0,10,22,0,22,32
03/18/2020,IPT,PA,AEA,EN,Federal Contract Tower,0,5,4,0,9,0,3,31,0,34,0,8,35,0,43,52,0,52,95
03/19/2020,IPT,PA,AEA,EN,Federal Contract Tower,0,4,0,0,4,0,0,0,0,0,0,4,0,0,4,0,0,0,4
03/20/2020,IPT,PA,AEA,EN,Federal Contract Tower,0,4,3,0,7,0,0,1,0,1,0,4,4,0,8,0,0,0,8
03/21/2020,IPT,PA,AEA,EN,Federal Contract Tower,0,3,1,0,4,0,0,8,0,8,0,3,9,0,12,0,0,0,12
03/22/2020,IPT,PA,AEA,EN,Federal Contract Tower,0,4,5,0,9,0,3,27,0,30,0,7,32,0,39,12,0,12,51
03/23/2020,IPT,PA,AEA,EN,Federal Contract Tower,0,1,0,0,1,0,0,0,0,0,0,1,0,0,1,0,0,0,1
03/24/2020,IPT,PA,AEA,EN,Federal Contract Tower,0,2,1,0,3,0,1,7,0,8,0,3,8,0,11,20,0,20,31
03/25/2020,IPT,PA,AEA,EN,Federal Contract Tower,0,4,3,0,7,0,0,3,0,3,0,4,6,0,10,0,0,0,10
03/26/2020,IPT,PA,AEA,EN,Federal Contract Tower,0,2,3,0,5,0,0,1,0,1,0,2,4,0,6,40,0,40,46
03/27/2020,IPT,PA,AEA,EN,Federal Contract Tower,0,4,0,0,4,0,1,15,0,16,0,5,15,0,20,18,0,18,38
03/28/2020,IPT,PA,AEA,EN,Federal Contract Tower,0,3,2,0,5,0,0,0,0,0,0,3,2,0,5,0,0,0,5
03/29/2020,IPT,PA,AEA,EN,Federal Contract Tower,0,3,3,0,6,0,1,0,0,1,0,4,3,0,7,0,0,0,7
03/30/2020,IPT,PA,AEA,EN,Federal Contract Tower,0,3,1,0,4,0,0,2,0,2,0,3,3,0,6,2,0,2,8
03/31/2020,IPT,PA,AEA,EN,Federal Contract Tower,0,2,6,0,8,0,0,15,0,15,0,2,21,0,23,60,0,60,83
04/01/2020,IPT,PA,AEA,EN,Federal Contract Tower,0,4,0,0,4,0,5,5,0,10,0,9,5,0,14,18,0,18,32
04/02/2020,IPT,PA,AEA,EN,Federal Contract Tower,0,4,4,0,8,0,4,4,0,8,0,8,8,0,16,0,0,0,16
04/03/2020,IPT,PA,AEA,EN,Federal Contract Tower,0,4,3,0,7,0,1,5,0,6,0,5,8,0,13,10,0,10,23
04/04/2020,IPT,PA,AEA,EN,Federal Contract Tower,0,3,0,0,3,0,2,6,0,8,0,5,6,0,11,0,0,0,11
04/05/2020,IPT,PA,AEA,EN,Federal Contract Tower,0,0,5,0,5,0,2,14,0,16,0,2,19,0,21,8,0,8,29
04/06/2020,IPT,PA,AEA,EN,Federal Contract Tower,0,3,5,0,8,0,0,28,0,28,0,3,33,0,36,0,0,0,36
04/07/2020,IPT,PA,AEA,EN,Federal Contract Tower,0,2,5,0,7,0,7,30,0,37,0,9,35,0,44,0,0,0,44
04/08/2020,IPT,PA,AEA,EN,Federal Contract Tower,0,5,1,0,6,0,4,4,0,8,0,9,5,0,14,8,0,8,22
04/09/2020,IPT,PA,AEA,EN,Federal Contract Tower,0,4,0,0,4,0,2,2,0,4,0,6,2,0,8,0,0,0,8
04/10/2020,IPT,PA,AEA,EN,Federal Contract Tower,0,3,4,0,7,0,0,0,0,0,0,3,4,0,7,0,0,0,7
04/11/2020,IPT,PA,AEA,EN,Federal Contract Tower,0,3,2,0,5,0,3,15,0,18,0,6,17,0,23,0,0,0,23
04/12/2020,IPT,PA,AEA,EN,Federal Contract Tower,0,2,2,0,4,0,0,6,0,6,0,2,8,0,10,0,0,0,10
04/13/2020,IPT,PA,AEA,EN,Federal Contract Tower,0,1,0,0,1,0,0,0,0,0,0,1,0,0,1,0,0,0,1
04/14/2020,IPT,PA,AEA,EN,Federal Contract Tower,0,4,3,0,7,0,0,14,0,14,0,4,17,0,21,0,0,0,21
04/15/2020,IPT,PA,AEA,EN,Federal Contract Tower,0,4,0,0,4,0,0,0,0,0,0,4,0,0,4,0,0,0,4
04/16/2020,IPT,PA,AEA,EN,Federal Contract Tower,0,2,2,0,4,0,6,0,0,6,0,8,2,0,10,0,0,0,10
04/17/2020,IPT,PA,AEA,EN,Federal Contract Tower,0,2,6,0,8,0,0,0,0,0,0,2,6,0,8,0,0,0,8
04/18/2020,IPT,PA,AEA,EN,Federal Contract Tower,0,1,2,0,3,0,0,2,0,2,0,1,4,0,5,0,0,0,5
04/19/2020,IPT,PA,AEA,EN,Federal Contract Tower,0,0,0,0,0,0,0,7,0,7,0,0,7,0,7,0,0,0,7
04/20/2020,IPT,PA,AEA,EN,Federal Contract Tower,0,1,18,0,19,0,0,25,0,25,0,1,43,0,44,4,0,4,48
04/21/2020,IPT,PA,AEA,EN,Federal Contract Tower,0,4,0,0,4,0,5,2,0,7,0,9,2,0,11,0,0,0,11
04/22/2020,IPT,PA,AEA,EN,Federal Contract Tower,0,2,0,0,2,0,8,4,2,14,0,10,4,2,16,0,0,0,16
04/23/2020,IPT,PA,AEA,EN,Federal Contract Tower,0,4,1,0,5,0,3,2,0,5,0,7,3,0,10,0,0,0,10
04/24/2020,IPT,PA,AEA,EN,Federal Contract Tower,0,5,2,0,7,0,0,1,0,1,0,5,3,0,8,0,0,0,8
04/25/2020,IPT,PA,AEA,EN,Federal Contract Tower,0,1,7,0,8,0,0,16,0,16,0,1,23,0,24,14,0,14,38
04/26/2020,IPT,PA,AEA,EN,Federal Contract Tower,0,8,0,0,8,0,0,0,0,0,0,8,0,0,8,0,0,0,8
04/27/2020,IPT,PA,AEA,EN,Federal Contract Tower,0,3,2,0,5,0,5,8,0,13,0,8,10,0,18,0,0,0,18
04/28/2020,IPT,PA,AEA,EN,Federal Contract Tower,0,4,10,0,14,0,3,28,0,31,0,7,38,0,45,6,0,6,51
04/29/2020,IPT,PA,AEA,EN,Federal Contract Tower,0,5,3,0,8,0,0,2,0,2,0,5,5,0,10,0,0,0,10
04/30/2020,IPT,PA,AEA,EN,Federal Contract Tower,0,2,2,0,4,0,0,0,0,0,0,2,2,0,4,0,0,0,4
05/01/2020,IPT,PA,AEA,EN,Federal Contract Tower,0,6,2,0,8,0,0,9,0,9,0,6,11,0,17,0,0,0,17
05/02/2020,IPT,PA,AEA,EN,Federal Contract Tower,0,1,3,0,4,0,1,35,0,36,0,2,38,0,40,14,0,14,54
05/03/2020,IPT,PA,AEA,EN,Federal Contract Tower,0,2,3,0,5,0,3,28,0,31,0,5,31,0,36,0,0,0,36
05/04/2020,IPT,PA,AEA,EN,Federal Contract Tower,0,3,7,0,10,0,0,20,0,20,0,3,27,0,30,0,0,0,30
05/05/2020,IPT,PA,AEA,EN,Federal Contract Tower,0,2,4,0,6,0,0,15,0,15,0,2,19,0,21,0,0,0,21
05/06/2020,IPT,PA,AEA,EN,Federal Contract Tower,0,2,5,2,9,0,0,4,0,4,0,2,9,2,13,20,0,20,33
05/07/2020,IPT,PA,AEA,EN,Federal Contract Tower,0,3,4,0,7,0,0,12,0,12,0,3,16,0,19,2,0,2,21
05/08/2020,IPT,PA,AEA,EN,Federal Contract Tower,0,8,2,2,12,0,0,0,0,0,0,8,2,2,12,0,0,0,12
05/09/2020,IPT,PA,AEA,EN,Federal Contract Tower,0,1,1,0,2,0,2,5,0,7,0,3,6,0,9,12,0,12,21
05/10/2020,IPT,PA,AEA,EN,Federal Contract Tower,0,2,4,0,6,0,0,12,0,12,0,2,16,0,18,0,0,0,18
05/11/2020,IPT,PA,AEA,EN,Federal Contract Tower,0,3,3,0,6,0,3,16,0,19,0,6,19,0,25,40,0,40,65
05/12/2020,IPT,PA,AEA,EN,Federal Contract Tower,0,2,0,0,2,0,1,19,3,23,0,3,19,3,25,6,0,6,31
05/13/2020,IPT,PA,AEA,EN,Federal Contract Tower,0,3,8,0,11,0,3,45,0,48,0,6,53,0,59,38,0,38,97
05/14/2020,IPT,PA,AEA,EN,Federal Contract Tower,0,4,2,0,6,0,2,29,2,33,0,6,31,2,39,40,0,40,79
05/15/2020,IPT,PA,AEA,EN,Federal Contract Tower,0,4,1,0,5,0,0,7,0,7,0,4,8,0,12,0,0,0,12
05/16/2020,IPT,PA,AEA,EN,Federal Contract Tower,0,2,5,0,7,0,5,30,0,35,0,7,35,0,42,28,0,28,70
05/17/2020,IPT,PA,AEA,EN,Federal Contract Tower,0,2,4,0,6,0,0,11,0,11,0,2,15,0,17,18,0,18,35
05/18/2020,IPT,PA,AEA,EN,Federal Contract Tower,0,4,2,0,6,0,0,24,0,24,0,4,26,0,30,0,0,0,30
05/19/2020,IPT,PA,AEA,EN,Federal Contract Tower,0,8,2,2,12,0,0,20,3,23,0,8,22,5,35,12,0,12,47
05/20/2020,IPT,PA,AEA,EN,Federal Contract Tower,0,6,12,0,18,0,1,19,0,20,0,7,31,0,38,22,0,22,60
05/21/2020,IPT,PA,AEA,EN,Federal Contract Tower,0,6,7,0,13,0,0,44,2,46,0,6,51,2,59,28,0,28,87
05/22/2020,IPT,PA,AEA,EN,Federal Contract Tower,0,4,3,2,9,0,2,1,2,5,0,6,4,4,14,12,2,14,28
05/23/2020,IPT,PA,AEA,EN,Federal Contract Tower,0,3,3,0,6,0,2,7,0,9,0,5,10,0,15,10,0,10,25
05/24/2020,IPT,PA,AEA,EN,Federal Contract Tower,0,3,3,0,6,0,5,33,0,38,0,8,36,0,44,14,0,14,58
05/25/2020,IPT,PA,AEA,EN,Federal Contract Tower,0,3,4,0,7,0,3,36,0,39,0,6,40,0,46,30,0,30,76
05/26/2020,IPT,PA,AEA,EN,Federal Contract Tower,0,1,3,6,10,0,2,38,0,40,0,3,41,6,50,26,0,26,76
05/27/2020,IPT,PA,AEA,EN,Federal Contract Tower,0,4,4,0,8,0,1,23,0,24,0,5,27,0,32,36,0,36,68
05/28/2020,IPT,PA,AEA,EN,Federal Contract Tower,0,5,5,0,10,0,0,3,0,3,0,5,8,0,13,0,0,0,13
05/29/2020,IPT,PA,AEA,EN,Federal Contract Tower,0,5,6,0,11,0,0,2,0,2,0,5,8,0,13,10,0,10,23
05/30/2020,IPT,PA,AEA,EN,Federal Contract Tower,0,1,10,0,11,0,0,36,0,36,0,1,46,0,47,44,0,44,91
05/31/2020,IPT,PA,AEA,EN,Federal Contract Tower,0,2,1,0,3,0,2,25,0,27,0,4,26,0,30,6,0,6,36
06/01/2020,IPT,PA,AEA,EN,Federal Contract Tower,0,3,12,0,15,0,1,34,0,35,0,4,46,0,50,22,0,22,72
06/02/2020,IPT,PA,AEA,EN,Federal Contract Tower,0,3,5,0,8,0,3,25,0,28,0,6,30,0,36,2,0,2,38
06/03/2020,IPT,PA,AEA,EN,Federal Contract Tower,0,4,4,0,8,0,0,6,0,6,0,4,10,0,14,14,0,14,28
06/04/2020,IPT,PA,AEA,EN,Federal Contract Tower,0,3,3,0,6,0,0,15,0,15,0,3,18,0,21,48,0,48,69
06/05/2020,IPT,PA,AEA,EN,Federal Contract Tower,0,9,6,0,15,0,5,5,0,10,0,14,11,0,25,26,0,26,51
06/06/2020,IPT,PA,AEA,EN,Federal Contract Tower,0,1,2,0,3,0,7,12,0,19,0,8,14,0,22,24,0,24,46
06/07/2020,IPT,PA,AEA,EN,Federal Contract Tower,0,2,2,0,4,0,3,21,0,24,0,5,23,0,28,0,0,0,28
06/08/2020,IPT,PA,AEA,EN,Federal Contract Tower,0,3,4,0,7,0,8,24,0,32,0,11,28,0,39,18,0,18,57
06/09/2020,IPT,PA,AEA,EN,Federal Contract Tower,0,8,6,0,14,0,8,36,0,44,0,16,42,0,58,10,0,10,68
06/10/2020,IPT,PA,AEA,EN,Federal Contract Tower,0,5,3,0,8,0,0,24,0,24,0,5,27,0,32,4,0,4,36
06/11/2020,IPT,PA,AEA,EN,Federal Contract Tower,0,4,6,0,10,0,0,15,0,15,0,4,21,0,25,10,2,12,37
06/12/2020,IPT,PA,AEA,EN,Federal Contract Tower,0,5,10,0,15,0,0,37,0,37,0,5,47,0,52,2,0,2,54
06/13/2020,IPT,PA,AEA,EN,Federal Contract Tower,0,3,4,0,7,0,1,28,0,29,0,4,32,0,36,52,0,52,88
06/14/2020,IPT,PA,AEA,EN,Federal Contract Tower,0,3,3,0,6,0,2,41,0,43,0,5,44,0,49,20,0,20,69
06/15/2020,IPT,PA,AEA,EN,Federal Contract Tower,0,3,4,2,9,0,4,33,0,37,0,7,37,2,46,86,0,86,132
06/16/2020,IPT,PA,AEA,EN,Federal Contract Tower,0,5,5,0,10,0,1,26,0,27,0,6,31,0,37,26,0,26,63
06/17/2020,IPT,PA,AEA,EN,Federal Contract Tower,0,4,4,0,8,0,0,37,0,37,0,4,41,0,45,16,0,16,61
06/18/2020,IPT,PA,AEA,EN,Federal Contract Tower,0,2,7,1,10,0,1,8,0,9,0,3,15,1,19,0,0,0,19
06/19/2020,IPT,PA,AEA,EN,Federal Contract Tower,0,4,6,0,10,0,4,5,0,9,0,8,11,0,19,8,0,8,27
06/20/2020,IPT,PA,AEA,EN,Federal Contract Tower,0,1,4,1,6,0,2,6,1,9,0,3,10,2,15,0,0,0,15
06/21/2020,IPT,PA,AEA,EN,Federal Contract Tower,0,5,3,0,8,0,2,14,0,16,0,7,17,0,24,12,0,12,36
06/22/2020,IPT,PA,AEA,EN,Federal Contract Tower,0,3,5,0,8,0,0,28,0,28,0,3,33,0,36,12,0,12,48
06/23/2020,IPT,PA,AEA,EN,Federal Contract Tower,0,2,7,0,9,0,0,10,0,10,0,2,17,0,19,0,0,0,19
06/24/2020,IPT,PA,AEA,EN,Federal Contract Tower,0,5,4,0,9,0,0,22,0,22,0,5,26,0,31,8,0,8,39
06/25/2020,IPT,PA,AEA,EN,Federal Contract Tower,0,5,3,1,9,0,3,33,1,37,0,8,36,2,46,30,10,40,86
06/26/2020,IPT,PA,AEA,EN,Federal Contract Tower,0,4,14,0,18,0,2,18,0,20,0,6,32,0,38,0,0,0,38
06/27/2020,IPT,PA,AEA,EN,Federal Contract Tower,0,1,1,0,2,0,2,0,0,2,0,3,1,0,4,0,0,0,4
06/28/2020,IPT,PA,AEA,EN,Federal Contract Tower,0,3,17,0,20,0,4,44,0,48,0,7,61,0,68,0,0,0,68
06/29/2020,IPT,PA,AEA,EN,Federal Contract Tower,0,6,3,2,11,0,11,41,0,52,0,17,44,2,63,0,6,6,69
06/30/2020,IPT,PA,AEA,EN,Federal Contract Tower,0,2,3,0,5,0,10,27,0,37,0,12,30,0,42,0,0,0,42
07/01/2020,IPT,PA,AEA,EN,Federal Contract Tower,0,4,11,0,15,0,4,35,0,39,0,8,46,0,54,46,0,46,100
07/02/2020,IPT,PA,AEA,EN,Federal Contract Tower,0,6,6,3,15,0,2,42,0,44,0,8,48,3,59,10,0,10,69
07/03/2020,IPT,PA,AEA,EN,Federal Contract Tower,0,3,9,0,12,0,2,34,0,36,0,5,43,0,48,0,0,0,48
07/04/2020,IPT,PA,AEA,EN,Federal Contract Tower,0,0,4,0,4,0,0,20,2,22,0,0,24,2,26,4,0,4,30
07/05/2020,IPT,PA,AEA,EN,Federal Contract Tower,0,3,4,0,7,0,2,39,2,43,0,5,43,2,50,22,0,22,72
07/06/2020,IPT,PA,AEA,EN,Federal Contract Tower,0,3,3,0,6,0,2,51,0,53,0,5,54,0,59,54,0,54,113
07/07/2020,IPT,PA,AEA,EN,Federal Contract Tower,0,6,9,0,15,0,0,22,0,22,0,6,31,0,37,0,0,0,37
07/08/2020,IPT,PA,AEA,EN,Federal Contract Tower,0,7,5,2,14,0,0,21,0,21,0,7,26,2,35,50,0,50,85
07/09/2020,IPT,PA,AEA,EN,Federal Contract Tower,0,4,7,0,11,0,0,17,0,17,0,4,24,0,28,14,0,14,42
07/10/2020,IPT,PA,AEA,EN,Federal Contract Tower,0,4,7,0,11,0,2,17,0,19,0,6,24,0,30,4,0,4,34
07/11/2020,IPT,PA,AEA,EN,Federal Contract Tower,0,5,3,0,8,0,0,12,0,12,0,5,15,0,20,18,0,18,38
07/12/2020,IPT,PA,AEA,EN,Federal Contract Tower,0,2,7,0,9,0,1,23,0,24,0,3,30,0,33,0,0,0,33
07/13/2020,IPT,PA,AEA,EN,Federal Contract Tower,0,4,4,0,8,0,1,23,0,24,0,5,27,0,32,8,0,8,40
07/14/2020,IPT,PA,AEA,EN,Federal Contract Tower,0,4,9,0,13,0,0,35,0,35,0,4,44,0,48,4,0,4,52
07/15/2020,IPT,PA,AEA,EN,Federal Contract Tower,0,6,11,2,19,0,0,43,0,43,0,6,54,2,62,30,0,30,92
07/16/2020,IPT,PA,AEA,EN,Federal Contract Tower,0,3,5,0,8,0,0,11,0,11,0,3,16,0,19,16,0,16,35
07/17/2020,IPT,PA,AEA,EN,Federal Contract Tower,0,4,7,2,13,0,2,16,0,18,0,6,23,2,31,0,0,0,31
07/18/2020,IPT,PA,AEA,EN,Federal Contract Tower,0,3,4,0,7,0,4,47,0,51,0,7,51,0,58,30,0,30,88
07/19/2020,IPT,PA,AEA,EN,Federal Contract Tower,0,2,3,2,7,0,3,32,0,35,0,5,35,2,42,6,0,6,48
07/20/2020,IPT,PA,AEA,EN,Federal Contract Tower,0,3,5,0,8,0,1,36,0,37,0,4,41,0,45,14,0,14,59
07/21/2020,IPT,PA,AEA,EN,Federal Contract Tower,0,4,6,0,10,0,1,47,0,48,0,5,53,0,58,42,0,42,100
07/22/2020,IPT,PA,AEA,EN,Federal Contract Tower,0,4,7,0,11,0,0,31,0,31,0,4,38,0,42,66,0,66,108
07/23/2020,IPT,PA,AEA,EN,Federal Contract Tower,0,4,8,1,13,0,10,23,2,35,0,14,31,3,48,18,22,40,88
07/24/2020,IPT,PA,AEA,EN,Federal Contract Tower,0,4,8,0,12,0,0,26,0,26,0,4,34,0,38,6,0,6,44
07/25/2020,IPT,PA,AEA,EN,Federal Contract Tower,0,5,3,0,8,0,2,28,0,30,0,7,31,0,38,0,0,0,38
07/26/2020,IPT,PA,AEA,EN,Federal Contract Tower,0,4,2,0,6,0,2,31,4,37,0,6,33,4,43,0,0,0,43
07/27/2020,IPT,PA,AEA,EN,Federal Contract Tower,0,3,10,0,13,0,0,30,0,30,0,3,40,0,43,20,0,20,63
07/28/2020,IPT,PA,AEA,EN,Federal Contract Tower,0,4,9,0,13,0,1,20,0,21,0,5,29,0,34,6,0,6,40
07/29/2020,IPT,PA,AEA,EN,Federal Contract Tower,0,8,21,0,29,0,3,66,0,69,0,11,87,0,98,4,0,4,102
07/30/2020,IPT,PA,AEA,EN,Federal Contract Tower,0,5,11,0,16,0,6,32,0,38,0,11,43,0,54,20,0,20,74
07/31/2020,IPT,PA,AEA,EN,Federal Contract Tower,0,4,4,0,8,0,6,41,2,49,0,10,45,2,57,0,0,0,57
08/01/2020,IPT,PA,AEA,EN,Federal Contract Tower,0,3,3,0,6,0,2,38,0,40,0,5,41,0,46,10,0,10,56
08/02/2020,IPT,PA,AEA,EN,Federal Contract Tower,0,3,4,0,7,0,2,1,0,3,0,5,5,0,10,0,0,0,10
08/03/2020,IPT,PA,AEA,EN,Federal Contract Tower,0,5,9,0,14,0,7,35,0,42,0,12,44,0,56,40,0,40,96
08/04/2020,IPT,PA,AEA,EN,Federal Contract Tower,0,10,3,0,13,0,0,1,0,1,0,10,4,0,14,0,0,0,14
08/05/2020,IPT,PA,AEA,EN,Federal Contract Tower,0,4,7,0,11,0,0,47,0,47,0,4,54,0,58,6,0,6,64
08/06/2020,IPT,PA,AEA,EN,Federal Contract Tower,0,4,10,2,16,0,2,33,1,36,0,6,43,3,52,2,12,14,66
08/07/2020,IPT,PA,AEA,EN,Federal Contract Tower,0,4,4,0,8,0,3,0,2,5,0,7,4,2,13,0,0,0,13
08/08/2020,IPT,PA,AEA,EN,Federal Contract Tower,0,3,11,0,14,0,2,16,0,18,0,5,27,0,32,4,0,4,36
08/09/2020,IPT,PA,AEA,EN,Federal Contract Tower,0,2,5,1,8,0,4,31,7,42,0,6,36,8,50,12,10,22,72
08/10/2020,IPT,PA,AEA,EN,Federal Contract Tower,0,3,5,0,8,0,0,66,0,66,0,3,71,0,74,4,0,4,78
08/11/2020,IPT,PA,AEA,EN,Federal Contract Tower,0,5,10,0,15,0,0,33,0,33,0,5,43,0,48,12,0,12,60
08/12/2020,IPT,PA,AEA,EN,Federal Contract Tower,0,4,2,0,6,0,0,27,0,27,0,4,29,0,33,82,0,82,115
08/13/2020,IPT,PA,AEA,EN,Federal Contract Tower,0,4,10,0,14,0,1,28,0,29,0,5,38,0,43,0,0,0,43
08/14/2020,IPT,PA,AEA,EN,Federal Contract Tower,0,5,14,0,19,0,1,19,0,20,0,6,33,0,39,10,0,10,49
08/15/2020,IPT,PA,AEA,EN,Federal Contract Tower,0,3,8,0,11,0,1,27,0,28,0,4,35,0,39,16,0,16,55
08/16/2020,IPT,PA,AEA,EN,Federal Contract Tower,0,3,3,0,6,0,4,22,0,26,0,7,25,0,32,0,0,0,32
08/17/2020,IPT,PA,AEA,EN,Federal Contract Tower,0,3,5,0,8,0,5,31,0,36,0,8,36,0,44,14,0,14,58
08/18/2020,IPT,PA,AEA,EN,Federal Contract Tower,0,6,5,0,11,0,4,51,0,55,0,10,56,0,66,10,0,10,76
08/19/2020,IPT,PA,AEA,EN,Federal Contract Tower,0,12,8,0,20,0,5,36,0,41,0,17,44,0,61,4,0,4,65
08/20/2020,IPT,PA,AEA,EN,Federal Contract Tower,0,6,10,0,16,0,5,42,0,47,0,11,52,0,63,12,0,12,75
08/21/2020,IPT,PA,AEA,EN,Federal Contract Tower,0,6,8,0,14,0,10,32,0,42,0,16,40,0,56,12,0,12,68
08/22/2020,IPT,PA,AEA,EN,Federal Contract Tower,0,4,3,0,7,0,5,30,0,35,0,9,33,0,42,4,0,4,46
08/23/2020,IPT,PA,AEA,EN,Federal Contract Tower,0,4,8,0,12,0,2,27,0,29,0,6,35,0,41,4,0,4,45
08/24/2020,IPT,PA,AEA,EN,Federal Contract Tower,0,7,7,0,14,0,6,19,0,25,0,13,26,0,39,20,0,20,59
08/25/2020,IPT,PA,AEA,EN,Federal Contract Tower,0,10,2,0,12,0,0,22,0,22,0,10,24,0,34,2,0,2,36
08/26/2020,IPT,PA,AEA,EN,Federal Contract Tower,0,3,12,1,16,0,2,38,1,41,0,5,50,2,57,4,0,4,61
08/27/2020,IPT,PA,AEA,EN,Federal Contract Tower,0,8,9,0,17,0,1,20,0,21,0,9,29,0,38,0,0,0,38
08/28/2020,IPT,PA,AEA,EN,Federal Contract Tower,0,5,2,0,7,0,0,8,0,8,0,5,10,0,15,4,0,4,19
08/29/2020,IPT,PA,AEA,EN,Federal Contract Tower,0,5,0,0,5,0,2,2,0,4,0,7,2,0,9,4,0,4,13
08/30/2020,IPT,PA,AEA,EN,Federal Contract Tower,0,4,3,0,7,0,0,38,0,38,0,4,41,0,45,0,0,0,45
08/31/2020,IPT,PA,AEA,EN,Federal Contract Tower,0,5,5,0,10,0,5,20,0,25,0,10,25,0,35,0,0,0,35
09/01/2020,IPT,PA,AEA,EN,Federal Contract Tower,0,6,10,0,16,0,0,20,0,20,0,6,30,0,36,22,0,22,58
09/02/2020,IPT,PA,AEA,EN,Federal Contract Tower,0,6,3,0,9,0,0,0,0,0,0,6,3,0,9,0,0,0,9
09/03/2020,IPT,PA,AEA,EN,Federal Contract Tower,0,6,17,0,23,0,0,9,0,9,0,6,26,0,32,2,0,2,34
09/04/2020,IPT,PA,AEA,EN,Federal Contract Tower,0,7,5,0,12,0,5,29,0,34,0,12,34,0,46,4,0,4,50
09/05/2020,IPT,PA,AEA,EN,Federal Contract Tower,0,6,7,0,13,0,1,69,0,70,0,7,76,0,83,12,0,12,95
09/06/2020,IPT,PA,AEA,EN,Federal Contract Tower,0,3,9,0,12,0,4,38,0,42,0,7,47,0,54,0,0,0,54
09/07/2020,IPT,PA,AEA,EN,Federal Contract Tower,0,4,6,0,10,0,7,24,0,31,0,11,30,0,41,14,0,14,55
09/08/2020,IPT,PA,AEA,EN,Federal Contract Tower,0,3,7,0,10,0,0,29,0,29,0,3,36,0,39,0,0,0,39
09/09/2020,IPT,PA,AEA,EN,Federal Contract Tower,0,4,2,0,6,0,3,35,0,38,0,7,37,0,44,20,0,20,64
09/10/2020,IPT,PA,AEA,EN,Federal Contract Tower,0,7,4,0,11,0,0,14,0,14,0,7,18,0,25,12,0,12,37
09/11/2020,IPT,PA,AEA,EN,Federal Contract Tower,0,4,22,0,26,0,0,32,0,32,0,4,54,0,58,0,0,0,58
09/12/2020,IPT,PA,AEA,EN,Federal Contract Tower,0,2,9,0,11,0,1,61,0,62,0,3,70,0,73,0,0,0,73
09/13/2020,IPT,PA,AEA,EN,Federal Contract Tower,0,5,10,0,15,0,1,12,0,13,0,6,22,0,28,0,0,0,28
09/14/2020,IPT,PA,AEA,EN,Federal Contract Tower,0,4,5,0,9,0,2,24,0,26,0,6,29,0,35,0,0,0,35
09/15/2020,IPT,PA,AEA,EN,Federal Contract Tower,0,7,10,0,17,0,1,42,0,43,0,8,52,0,60,20,0,20,80
09/16/2020,IPT,PA,AEA,EN,Federal Contract Tower,0,5,13,0,18,0,1,48,0,49,0,6,61,0,67,22,0,22,89
09/17/2020,IPT,PA,AEA,EN,Federal Contract Tower,0,11,1,2,14,0,4,28,0,32,0,15,29,2,46,2,14,16,62
09/18/2020,IPT,PA,AEA,EN,Federal Contract Tower,0,4,5,1,10,0,0,16,0,16,0,4,21,1,26,2,0,2,28
09/19/2020,IPT,PA,AEA,EN,Federal Contract Tower,0,2,7,0,9,0,4,31,2,37,0,6,38,2,46,4,0,4,50
09/20/2020,IPT,PA,AEA,EN,Federal Contract Tower,0,2,7,0,9,0,5,26,0,31,0,7,33,0,40,0,0,0,40
09/21/2020,IPT,PA,AEA,EN,Federal Contract Tower,0,4,3,2,9,0,1,29,0,30,0,5,32,2,39,8,0,8,47
09/22/2020,IPT,PA,AEA,EN,Federal Contract Tower,0,4,15,0,19,0,3,21,0,24,0,7,36,0,43,14,0,14,57
09/23/2020,IPT,PA,AEA,EN,Federal Contract Tower,0,4,7,1,12,0,11,32,1,44,0,15,39,2,56,0,14,14,70
09/24/2020,IPT,PA,AEA,EN,Federal Contract Tower,0,5,9,0,14,0,5,27,0,32,0,10,36,0,46,6,0,6,52
09/25/2020,IPT,PA,AEA,EN,Federal Contract Tower,0,6,6,0,12,0,4,24,0,28,0,10,30,0,40,24,0,24,64
09/26/2020,IPT,PA,AEA,EN,Federal Contract Tower,0,3,5,0,8,0,1,21,0,22,0,4,26,0,30,12,0,12,42
09/27/2020,IPT,PA,AEA,EN,Federal Contract Tower,0,2,6,0,8,0,0,13,0,13,0,2,19,0,21,0,0,0,21
09/28/2020,IPT,PA,AEA,EN,Federal Contract Tower,0,4,10,0,14,0,2,22,0,24,0,6,32,0,38,2,0,2,40
09/29/2020,IPT,PA,AEA,EN,Federal Contract Tower,0,2,9,0,11,0,2,2,0,4,0,4,11,0,15,0,0,0,15
09/30/2020,IPT,PA,AEA,EN,Federal Contract Tower,0,3,6,0,9,0,4,10,0,14,0,7,16,0,23,0,0,0,23
10/01/2020,IPT,PA,AEA,EN,Federal Contract Tower,0,7,6,0,13,0,1,27,0,28,0,8,33,0,41,0,0,0,41
10/02/2020,IPT,PA,AEA,EN,Federal Contract Tower,0,2,9,0,11,0,5,10,0,15,0,7,19,0,26,0,0,0,26
10/03/2020,IPT,PA,AEA,EN,Federal Contract Tower,0,4,2,0,6,0,0,38,0,38,0,4,40,0,44,44,0,44,88
10/04/2020,IPT,PA,AEA,EN,Federal Contract Tower,0,1,3,0,4,0,0,29,3,32,0,1,32,3,36,0,0,0,36
10/05/2020,IPT,PA,AEA,EN,Federal Contract Tower,0,4,5,2,11,0,0,33,4,37,0,4,38,6,48,4,4,8,56
10/06/2020,IPT,PA,AEA,EN,Federal Contract Tower,0,2,2,0,4,0,5,36,0,41,0,7,38,0,45,0,0,0,45
10/07/2020,IPT,PA,AEA,EN,Federal Contract Tower,0,4,9,0,13,0,1,11,0,12,0,5,20,0,25,0,0,0,25
10/08/2020,IPT,PA,AEA,EN,Federal Contract Tower,0,7,1,0,8,0,2,31,0,33,0,9,32,0,41,18,0,18,59
10/09/2020,IPT,PA,AEA,EN,Federal Contract Tower,0,2,7,0,9,0,2,38,0,40,0,4,45,0,49,24,0,24,73
10/10/2020,IPT,PA,AEA,EN,Federal Contract Tower,0,1,3,0,4,0,2,22,0,24,0,3,25,0,28,48,0,48,76
10/11/2020,IPT,PA,AEA,EN,Federal Contract Tower,0,0,0,0,0,0,3,6,0,9,0,3,6,0,9,4,0,4,13
10/12/2020,IPT,PA,AEA,EN,Federal Contract Tower,0,1,4,0,5,0,4,0,0,4,0,5,4,0,9,0,0,0,9
10/13/2020,IPT,PA,AEA,EN,Federal Contract Tower,0,2,4,0,6,0,2,14,0,16,0,4,18,0,22,0,0,0,22
10/14/2020,IPT,PA,AEA,EN,Federal Contract Tower,0,2,4,0,6,0,2,27,0,29,0,4,31,0,35,0,0,0,35
10/15/2020,IPT,PA,AEA,EN,Federal Contract Tower,0,2,3,0,5,0,6,16,0,22,0,8,19,0,27,0,0,0,27
10/16/2020,IPT,PA,AEA,EN,Federal Contract Tower,0,1,9,0,10,0,2,9,0,11,0,3,18,0,21,2,0,2,23
10/17/2020,IPT,PA,AEA,EN,Federal Contract Tower,0,0,12,0,12,0,1,35,0,36,0,1,47,0,48,6,0,6,54
10/18/2020,IPT,PA,AEA,EN,Federal Contract Tower,0,2,4,0,6,0,2,28,0,30,0,4,32,0,36,4,0,4,40
10/19/2020,IPT,PA,AEA,EN,Federal Contract Tower,0,1,3,0,4,0,0,4,0,4,0,1,7,0,8,4,0,4,12
10/20/2020,IPT,PA,AEA,EN,Federal Contract Tower,0,0,8,0,8,0,0,5,0,5,0,0,13,0,13,0,0,0,13
10/21/2020,IPT,PA,AEA,EN,Federal Contract Tower,0,2,12,0,14,0,1,16,0,17,0,3,28,0,31,18,0,18,49
10/22/2020,IPT,PA,AEA,EN,Federal Contract Tower,0,1,4,4,9,0,0,22,0,22,0,1,26,4,31,32,0,32,63
10/23/2020,IPT,PA,AEA,EN,Federal Contract Tower,0,2,4,0,6,0,1,2,0,3,0,3,6,0,9,0,0,0,9
10/24/2020,IPT,PA,AEA,EN,Federal Contract Tower,0,0,7,0,7,0,2,12,0,14,0,2,19,0,21,20,0,20,41
10/25/2020,IPT,PA,AEA,EN,Federal Contract Tower,0,0,7,0,7,0,8,22,0,30,0,8,29,0,37,6,0,6,43
10/26/2020,IPT,PA,AEA,EN,Federal Contract Tower,0,5,4,0,9,0,0,0,0,0,0,5,4,0,9,0,0,0,9
10/27/2020,IPT,PA,AEA,EN,Federal Contract Tower,0,1,5,0,6,0,0,10,0,10,0,1,15,0,16,24,0,24,40
10/28/2020,IPT,PA,AEA,EN,Federal Contract Tower,0,2,3,0,5,0,0,3,0,3,0,2,6,0,8,26,0,26,34
10/29/2020,IPT,PA,AEA,EN,Federal Contract Tower,0,4,3,0,7,0,0,0,0,0,0,4,3,0,7,0,0,0,7
10/30/2020,IPT,PA,AEA,EN,Federal Contract Tower,0,1,6,4,11,0,0,8,0,8,0,1,14,4,19,4,0,4,23
10/31/2020,IPT,PA,AEA,EN,Federal Contract Tower,2,3,2,2,9,0,0,30,1,31,2,3,32,3,40,14,0,14,54
11/01/2020,IPT,PA,AEA,EN,Federal Contract Tower,2,5,1,6,14,0,0,1,0,1,2,5,2,6,15,0,0,0,15
11/02/2020,IPT,PA,AEA,EN,Federal Contract Tower,0,2,1,0,3,0,1,5,0,6,0,3,6,0,9,0,0,0,9
11/03/2020,IPT,PA,AEA,EN,Federal Contract Tower,0,2,0,0,2,0,0,15,0,15,0,2,15,0,17,10,0,10,27
11/04/2020,IPT,PA,AEA,EN,Federal Contract Tower,0,2,3,0,5,0,10,34,0,44,0,12,37,0,49,12,0,12,61
11/05/2020,IPT,PA,AEA,EN,Federal Contract Tower,0,2,8,0,10,0,1,33,0,34,0,3,41,0,44,46,0,46,90
11/06/2020,IPT,PA,AEA,EN,Federal Contract Tower,0,2,6,0,8,0,3,15,0,18,0,5,21,0,26,12,2,14,40
11/07/2020,IPT,PA,AEA,EN,Federal Contract Tower,0,2,3,0,5,0,3,53,0,56,0,5,56,0,61,48,0,48,109
11/08/2020,IPT,PA,AEA,EN,Federal Contract Tower,0,0,9,0,9,0,2,35,0,37,0,2,44,0,46,56,0,56,102
11/09/2020,IPT,PA,AEA,EN,Federal Contract Tower,0,1,4,0,5,0,7,40,4,51,0,8,44,4,56,54,0,54,110
11/10/2020,IPT,PA,AEA,EN,Federal Contract Tower,0,2,10,0,12,0,4,30,2,36,0,6,40,2,48,0,0,0,48
11/11/2020,IPT,PA,AEA,EN,Federal Contract Tower,0,2,6,0,8,0,0,0,0,0,0,2,6,0,8,0,0,0,8
11/12/2020,IPT,PA,AEA,EN,Federal Contract Tower,0,2,6,0,8,0,0,21,0,21,0,2,27,0,29,18,0,18,47
11/13/2020,IPT,PA,AEA,EN,Federal Contract Tower,0,3,13,0,16,0,0,13,0,13,0,3,26,0,29,24,0,24,53
11/14/2020,IPT,PA,AEA,EN,Federal Contract Tower,0,0,4,0,4,0,2,24,0,26,0,2,28,0,30,2,0,2,32
11/15/2020,IPT,PA,AEA,EN,Federal Contract Tower,0,0,1,0,1,0,0,0,0,0,0,0,1,0,1,0,0,0,1
11/16/2020,IPT,PA,AEA,EN,Federal Contract Tower,0,2,11,0,13,0,1,30,0,31,0,3,41,0,44,32,0,32,76
11/17/2020,IPT,PA,AEA,EN,Federal Contract Tower,0,4,4,0,8,0,0,2,0,2,0,4,6,0,10,0,0,0,10
11/18/2020,IPT,PA,AEA,EN,Federal Contract Tower,0,2,5,0,7,0,2,7,0,9,0,4,12,0,16,6,0,6,22
11/19/2020,IPT,PA,AEA,EN,Federal Contract Tower,0,2,10,0,12,0,3,38,0,41,0,5,48,0,53,18,0,18,71
11/20/2020,IPT,PA,AEA,EN,Federal Contract Tower,0,3,5,4,12,0,5,33,0,38,0,8,38,4,50,10,0,10,60
11/21/2020,IPT,PA,AEA,EN,Federal Contract Tower,0,1,5,0,6,0,5,26,0,31,0,6,31,0,37,24,0,24,61
11/22/2020,IPT,PA,AEA,EN,Federal Contract Tower,0,1,2,0,3,0,2,2,0,4,0,3,4,0,7,0,0,0,7
11/23/2020,IPT,PA,AEA,EN,Federal Contract Tower,0,1,7,0,8,0,3,3,0,6,0,4,10,0,14,0,0,0,14
11/24/2020,IPT,PA,AEA,EN,Federal Contract Tower,0,1,7,0,8,0,1,36,0,37,0,2,43,0,45,4,0,4,49
11/25/2020,IPT,PA,AEA,EN,Federal Contract Tower,0,2,6,0,8,0,3,15,0,18,0,5,21,0,26,0,0,0,26
11/26/2020,IPT,PA,AEA,EN,Federal Contract Tower,0,0,3,0,3,0,0,0,0,0,0,0,3,0,3,0,0,0,3
11/27/2020,IPT,PA,AEA,EN,Federal Contract Tower,0,1,3,0,4,0,0,12,0,12,0,1,15,0,16,10,0,10,26
11/28/2020,IPT,PA,AEA,EN,Federal Contract Tower,0,2,1,0,3,0,0,22,0,22,0,2,23,0,25,4,0,4,29
11/29/2020,IPT,PA,AEA,EN,Federal Contract Tower,0,0,3,0,3,0,2,28,0,30,0,2,31,0,33,0,0,0,33
11/30/2020,IPT,PA,AEA,EN,Federal Contract Tower,0,1,0,0,1,0,0,0,0,0,0,1,0,0,1,0,0,0,1
12/01/2020,IPT,PA,AEA,EN,Federal Contract Tower,0,1,6,0,7,0,0,0,0,0,0,1,6,0,7,0,0,0,7
12/02/2020,IPT,PA,AEA,EN,Federal Contract Tower,0,2,3,0,5,0,2,1,0,3,0,4,4,0,8,8,0,8,16
12/03/2020,IPT,PA,AEA,EN,Federal Contract Tower,0,2,2,0,4,0,5,23,0,28,0,7,25,0,32,2,0,2,34
12/04/2020,IPT,PA,AEA,EN,Federal Contract Tower,0,4,1,2,7,0,4,6,8,18,0,8,7,10,25,0,12,12,37
12/05/2020,IPT,PA,AEA,EN,Federal Contract Tower,0,0,1,0,1,0,0,2,0,2,0,0,3,0,3,0,0,0,3
12/06/2020,IPT,PA,AEA,EN,Federal Contract Tower,0,0,5,0,5,0,2,18,0,20,0,2,23,0,25,0,0,0,25
12/07/2020,IPT,PA,AEA,EN,Federal Contract Tower,0,2,4,0,6,0,10,32,0,42,0,12,36,0,48,56,0,56,104
12/08/2020,IPT,PA,AEA,EN,Federal Contract Tower,0,3,8,0,11,0,4,16,6,26,0,7,24,6,37,0,0,0,37
12/09/2020,IPT,PA,AEA,EN,Federal Contract Tower,0,1,1,0,2,0,2,0,0,2,0,3,1,0,4,14,0,14,18
12/10/2020,IPT,PA,AEA,EN,Federal Contract Tower,0,3,5,0,8,0,1,13,0,14,0,4,18,0,22,16,2,18,40
12/11/2020,IPT,PA,AEA,EN,Federal Contract Tower,0,2,12,0,14,0,5,25,0,30,0,7,37,0,44,0,0,0,44
12/12/2020,IPT,PA,AEA,EN,Federal Contract Tower,0,0,3,0,3,0,0,0,0,0,0,0,3,0,3,0,0,0,3
12/13/2020,IPT,PA,AEA,EN,Federal Contract Tower,0,4,2,0,6,0,6,14,0,20,0,10,16,0,26,0,0,0,26
12/14/2020,IPT,PA,AEA,EN,Federal Contract Tower,0,3,2,0,5,0,1,2,0,3,0,4,4,0,8,0,0,0,8
12/15/2020,IPT,PA,AEA,EN,Federal Contract Tower,0,2,3,0,5,0,3,22,0,25,0,5,25,0,30,20,0,20,50
12/16/2020,IPT,PA,AEA,EN,Federal Contract Tower,0,1,0,0,1,0,0,0,0,0,0,1,0,0,1,0,0,0,1
12/17/2020,IPT,PA,AEA,EN,Federal Contract Tower,0,0,1,0,1,0,2,0,0,2,0,2,1,0,3,0,0,0,3
12/18/2020,IPT,PA,AEA,EN,Federal Contract Tower,0,3,1,0,4,0,0,0,0,0,0,3,1,0,4,0,0,0,4
12/19/2020,IPT,PA,AEA,EN,Federal Contract Tower,0,1,5,0,6,0,2,5,0,7,0,3,10,0,13,0,0,0,13
12/20/2020,IPT,PA,AEA,EN,Federal Contract Tower,0,0,0,0,0,0,9,0,0,9,0,9,0,0,9,0,0,0,9
12/21/2020,IPT,PA,AEA,EN,Federal Contract Tower,0,1,7,0,8,0,0,1,0,1,0,1,8,0,9,0,0,0,9
12/22/2020,IPT,PA,AEA,EN,Federal Contract Tower,0,2,8,0,10,0,0,5,0,5,0,2,13,0,15,0,0,0,15
12/23/2020,IPT,PA,AEA,EN,Federal Contract Tower,0,1,13,0,14,0,2,22,0,24,0,3,35,0,38,6,0,6,44
12/24/2020,IPT,PA,AEA,EN,Federal Contract Tower,0,1,2,0,3,0,0,0,0,0,0,1,2,0,3,0,0,0,3
12/25/2020,IPT,PA,AEA,EN,Federal Contract Tower,0,1,0,0,1,0,0,0,0,0,0,1,0,0,1,0,0,0,1
12/26/2020,IPT,PA,AEA,EN,Federal Contract Tower,0,3,5,0,8,0,4,9,0,13,0,7,14,0,21,8,0,8,29
12/27/2020,IPT,PA,AEA,EN,Federal Contract Tower,0,2,2,0,4,0,2,25,0,27,0,4,27,0,31,14,0,14,45
12/28/2020,IPT,PA,AEA,EN,Federal Contract Tower,0,1,2,0,3,0,8,24,0,32,0,9,26,0,35,26,0,26,61
12/29/2020,IPT,PA,AEA,EN,Federal Contract Tower,0,2,13,0,15,0,0,20,0,20,0,2,33,0,35,0,0,0,35
12/30/2020,IPT,PA,AEA,EN,Federal Contract Tower,0,2,6,0,8,0,0,15,0,15,0,2,21,0,23,8,0,8,31
12/31/2020,IPT,PA,AEA,EN,Federal Contract Tower,0,1,7,0,8,0,2,8,0,10,0,3,15,0,18,26,0,26,44
01/01/2021,IPT,PA,AEA,EN,Federal Contract Tower,0,0,1,0,1,0,0,3,0,3,0,0,4,0,4,0,0,0,4
01/02/2021,IPT,PA,AEA,EN,Federal Contract Tower,0,2,5,0,7,0,0,4,0,4,0,2,9,0,11,12,0,12,23
01/03/2021,IPT,PA,AEA,EN,Federal Contract Tower,0,0,1,0,1,0,0,0,0,0,0,0,1,0,1,0,0,0,1
01/04/2021,IPT,PA,AEA,EN,Federal Contract Tower,0,1,6,0,7,0,3,11,0,14,0,4,17,0,21,22,0,22,43
01/05/2021,IPT,PA,AEA,EN,Federal Contract Tower,0,4,5,0,9,0,0,0,0,0,0,4,5,0,9,0,0,0,9
01/06/2021,IPT,PA,AEA,EN,Federal Contract Tower,0,4,2,0,6,0,1,11,0,12,0,5,13,0,18,20,0,20,38
01/07/2021,IPT,PA,AEA,EN,Federal Contract Tower,0,4,2,0,6,0,4,32,0,36,0,8,34,0,42,30,0,30,72
01/08/2021,IPT,PA,AEA,EN,Federal Contract Tower,0,3,10,0,13,0,2,17,0,19,0,5,27,0,32,0,0,0,32
01/09/2021,IPT,PA,AEA,EN,Federal Contract Tower,0,5,6,0,11,0,9,32,0,41,0,14,38,0,52,28,0,28,80
01/10/2021,IPT,PA,AEA,EN,Federal Contract Tower,0,3,2,0,5,0,3,47,0,50,0,6,49,0,55,12,0,12,67
01/11/2021,IPT,PA,AEA,EN,Federal Contract Tower,0,5,1,2,8,0,0,23,0,23,0,5,24,2,31,0,0,0,31
01/12/2021,IPT,PA,AEA,EN,Federal Contract Tower,0,5,4,0,9,0,1,20,0,21,0,6,24,0,30,14,0,14,44
01/13/2021,IPT,PA,AEA,EN,Federal Contract Tower,0,4,2,0,6,0,8,13,0,21,0,12,15,0,27,18,0,18,45
01/14/2021,IPT,PA,AEA,EN,Federal Contract Tower,0,5,2,2,9,0,3,15,0,18,0,8,17,2,27,0,0,0,27
01/15/2021,IPT,PA,AEA,EN,Federal Contract Tower,0,5,6,0,11,0,1,4,0,5,0,6,10,0,16,0,0,0,16
01/16/2021,IPT,PA,AEA,EN,Federal Contract Tower,0,3,3,0,6,0,5,12,0,17,0,8,15,0,23,22,0,22,45
01/17/2021,IPT,PA,AEA,EN,Federal Contract Tower,0,2,4,0,6,0,4,7,0,11,0,6,11,0,17,0,0,0,17
01/18/2021,IPT,PA,AEA,EN,Federal Contract Tower,0,3,4,0,7,0,0,18,0,18,0,3,22,0,25,14,0,14,39
01/19/2021,IPT,PA,AEA,EN,Federal Contract Tower,0,4,3,0,7,0,2,23,0,25,0,6,26,0,32,0,0,0,32
01/20/2021,IPT,PA,AEA,EN,Federal Contract Tower,0,8,13,0,21,0,7,6,0,13,0,15,19,0,34,0,0,0,34
01/21/2021,IPT,PA,AEA,EN,Federal Contract Tower,0,3,4,0,7,0,2,9,0,11,0,5,13,0,18,2,0,2,20
01/22/2021,IPT,PA,AEA,EN,Federal Contract Tower,0,5,1,0,6,0,0,6,0,6,0,5,7,0,12,2,0,2,14
01/23/2021,IPT,PA,AEA,EN,Federal Contract Tower,0,2,4,0,6,0,0,5,0,5,0,2,9,0,11,0,0,0,11
01/24/2021,IPT,PA,AEA,EN,Federal Contract Tower,0,2,4,0,6,0,0,35,0,35,0,2,39,0,41,14,0,14,55
01/25/2021,IPT,PA,AEA,EN,Federal Contract Tower,0,3,2,0,5,0,0,33,0,33,0,3,35,0,38,32,0,32,70
01/26/2021,IPT,PA,AEA,EN,Federal Contract Tower,0,0,3,0,3,0,0,0,0,0,0,0,3,0,3,0,0,0,3
01/27/2021,IPT,PA,AEA,EN,Federal Contract Tower,0,3,6,0,9,0,0,6,0,6,0,3,12,0,15,0,0,0,15
01/28/2021,IPT,PA,AEA,EN,Federal Contract Tower,0,4,5,0,9,0,5,9,6,20,0,9,14,6,29,0,0,0,29
01/29/2021,IPT,PA,AEA,EN,Federal Contract Tower,0,6,5,0,11,0,5,5,0,10,0,11,10,0,21,0,0,0,21
01/30/2021,IPT,PA,AEA,EN,Federal Contract Tower,0,3,15,0,18,0,0,42,0,42,0,3,57,0,60,8,0,8,68
01/31/2021,IPT,PA,AEA,EN,Federal Contract Tower,0,0,0,0,0,0,0,0,0,0,0,0,0,0,0,0,0,0,0
02/01/2021,IPT,PA,AEA,EN,Federal Contract Tower,0,0,0,0,0,0,0,0,0,0,0,0,0,0,0,0,0,0,0
02/02/2021,IPT,PA,AEA,EN,Federal Contract Tower,0,2,3,0,5,0,2,0,3,5,0,4,3,3,10,0,0,0,10
02/03/2021,IPT,PA,AEA,EN,Federal Contract Tower,0,5,2,0,7,0,8,3,0,11,0,13,5,0,18,18,0,18,36
02/04/2021,IPT,PA,AEA,EN,Federal Contract Tower,0,4,8,0,12,0,1,21,0,22,0,5,29,0,34,50,0,50,84
02/05/2021,IPT,PA,AEA,EN,Federal Contract Tower,0,4,1,0,5,0,0,4,0,4,0,4,5,0,9,14,0,14,23
02/06/2021,IPT,PA,AEA,EN,Federal Contract Tower,0,2,6,0,8,0,2,9,0,11,0,4,15,0,19,16,0,16,35
02/07/2021,IPT,PA,AEA,EN,Federal Contract Tower,0,0,1,0,1,0,2,0,0,2,0,2,1,0,3,0,0,0,3
02/08/2021,IPT,PA,AEA,EN,Federal Contract Tower,0,3,13,0,16,0,1,28,0,29,0,4,41,0,45,36,0,36,81
02/09/2021,IPT,PA,AEA,EN,Federal Contract Tower,0,2,5,0,7,0,0,2,0,2,0,2,7,0,9,0,0,0,9
02/10/2021,IPT,PA,AEA,EN,Federal Contract Tower,0,4,8,0,12,0,1,33,0,34,0,5,41,0,46,36,0,36,82
02/11/2021,IPT,PA,AEA,EN,Federal Contract Tower,0,3,3,0,6,0,2,0,2,4,0,5,3,2,10,0,8,8,18
02/12/2021,IPT,PA,AEA,EN,Federal Contract Tower,0,3,2,0,5,0,2,10,0,12,0,5,12,0,17,44,0,44,61
02/13/2021,IPT,PA,AEA,EN,Federal Contract Tower,0,4,3,0,7,0,2,8,0,10,0,6,11,0,17,4,0,4,21
02/14/2021,IPT,PA,AEA,EN,Federal Contract Tower,0,2,2,0,4,0,7,0,0,7,0,9,2,0,11,0,0,0,11
02/15/2021,IPT,PA,AEA,EN,Federal Contract Tower,0,2,3,0,5,0,0,0,0,0,0,2,3,0,5,0,0,0,5
02/16/2021,IPT,PA,AEA,EN,Federal Contract Tower,0,1,0,0,1,0,2,0,0,2,0,3,0,0,3,0,0,0,3
02/17/2021,IPT,PA,AEA,EN,Federal Contract Tower,0,5,0,0,5,0,13,22,0,35,0,18,22,0,40,46,0,46,86
02/18/2021,IPT,PA,AEA,EN,Federal Contract Tower,0,1,0,0,1,0,0,0,0,0,0,1,0,0,1,0,0,0,1
02/19/2021,IPT,PA,AEA,EN,Federal Contract Tower,0,3,4,0,7,0,0,0,0,0,0,3,4,0,7,0,0,0,7
02/20/2021,IPT,PA,AEA,EN,Federal Contract Tower,0,3,4,0,7,0,4,8,0,12,0,7,12,0,19,60,0,60,79
02/21/2021,IPT,PA,AEA,EN,Federal Contract Tower,0,3,10,0,13,0,0,44,0,44,0,3,54,0,57,6,0,6,63
02/22/2021,IPT,PA,AEA,EN,Federal Contract Tower,0,1,3,0,4,0,0,0,0,0,0,1,3,0,4,0,0,0,4
02/23/2021,IPT,PA,AEA,EN,Federal Contract Tower,0,1,7,0,8,0,8,0,0,8,0,9,7,0,16,0,0,0,16
02/24/2021,IPT,PA,AEA,EN,Federal Contract Tower,0,2,8,0,10,0,4,18,0,22,0,6,26,0,32,2,0,2,34
02/25/2021,IPT,PA,AEA,EN,Federal Contract Tower,0,5,3,0,8,0,5,21,0,26,0,10,24,0,34,8,0,8,42
02/26/2021,IPT,PA,AEA,EN,Federal Contract Tower,0,5,3,0,8,0,2,32,0,34,0,7,35,0,42,48,0,48,90
02/27/2021,IPT,PA,AEA,EN,Federal Contract Tower,0,6,2,0,8,0,0,4,0,4,0,6,6,0,12,0,0,0,12
02/28/2021,IPT,PA,AEA,EN,Federal Contract Tower,0,3,1,0,4,0,0,0,0,0,0,3,1,0,4,0,0,0,4
03/01/2021,IPT,PA,AEA,EN,Federal Contract Tower,0,3,2,0,5,0,2,6,0,8,0,5,8,0,13,26,0,26,39
03/02/2021,IPT,PA,AEA,EN,Federal Contract Tower,0,1,4,0,5,0,2,25,0,27,0,3,29,0,32,28,0,28,60
03/03/2021,IPT,PA,AEA,EN,Federal Contract Tower,0,4,7,2,13,0,0,40,0,40,0,4,47,2,53,22,0,22,75
03/04/2021,IPT,PA,AEA,EN,Federal Contract Tower,0,4,1,0,5,0,1,10,0,11,0,5,11,0,16,10,0,10,26
03/05/2021,IPT,PA,AEA,EN,Federal Contract Tower,0,4,1,0,5,0,0,11,0,11,0,4,12,0,16,0,0,0,16
03/06/2021,IPT,PA,AEA,EN,Federal Contract Tower,0,3,2,0,5,0,2,16,0,18,0,5,18,0,23,40,0,40,63
03/07/2021,IPT,PA,AEA,EN,Federal Contract Tower,0,2,7,0,9,0,0,40,0,40,0,2,47,0,49,12,0,12,61
03/08/2021,IPT,PA,AEA,EN,Federal Contract Tower,0,5,4,0,9,0,0,27,0,27,0,5,31,0,36,14,0,14,50
03/09/2021,IPT,PA,AEA,EN,Federal Contract Tower,0,4,7,0,11,0,8,41,0,49,0,12,48,0,60,22,0,22,82
03/10/2021,IPT,PA,AEA,EN,Federal Contract Tower,0,2,6,0,8,0,0,42,0,42,0,2,48,0,50,12,0,12,62
03/11/2021,IPT,PA,AEA,EN,Federal Contract Tower,0,3,9,0,12,0,1,14,0,15,0,4,23,0,27,10,0,10,37
03/12/2021,IPT,PA,AEA,EN,Federal Contract Tower,0,4,12,0,16,0,2,13,0,15,0,6,25,0,31,32,4,36,67
03/13/2021,IPT,PA,AEA,EN,Federal Contract Tower,0,5,2,0,7,0,0,29,0,29,0,5,31,0,36,4,0,4,40
03/14/2021,IPT,PA,AEA,EN,Federal Contract Tower,0,2,5,0,7,0,0,18,0,18,0,2,23,0,25,0,0,0,25
03/15/2021,IPT,PA,AEA,EN,Federal Contract Tower,0,3,9,0,12,0,3,19,0,22,0,6,28,0,34,2,0,2,36
03/16/2021,IPT,PA,AEA,EN,Federal Contract Tower,0,2,0,0,2,0,0,0,0,0,0,2,0,0,2,0,0,0,2
03/17/2021,IPT,PA,AEA,EN,Federal Contract Tower,0,4,7,0,11,0,4,4,0,8,0,8,11,0,19,0,0,0,19
03/18/2021,IPT,PA,AEA,EN,Federal Contract Tower,0,4,3,0,7,0,0,0,0,0,0,4,3,0,7,0,0,0,7
03/19/2021,IPT,PA,AEA,EN,Federal Contract Tower,0,4,9,0,13,0,0,10,0,10,0,4,19,0,23,0,0,0,23
03/20/2021,IPT,PA,AEA,EN,Federal Contract Tower,0,5,8,0,13,0,0,42,2,44,0,5,50,2,57,20,0,20,77
03/21/2021,IPT,PA,AEA,EN,Federal Contract Tower,0,2,2,0,4,0,4,37,0,41,0,6,39,0,45,10,0,10,55
03/22/2021,IPT,PA,AEA,EN,Federal Contract Tower,0,5,9,0,14,0,6,54,0,60,0,11,63,0,74,16,0,16,90
03/23/2021,IPT,PA,AEA,EN,Federal Contract Tower,0,8,9,0,17,0,4,42,0,46,0,12,51,0,63,22,0,22,85
03/24/2021,IPT,PA,AEA,EN,Federal Contract Tower,0,4,8,0,12,0,0,0,0,0,0,4,8,0,12,0,0,0,12
03/25/2021,IPT,PA,AEA,EN,Federal Contract Tower,0,5,7,2,14,0,2,3,0,5,0,7,10,2,19,28,0,28,47
03/26/2021,IPT,PA,AEA,EN,Federal Contract Tower,0,5,4,0,9,0,0,2,0,2,0,5,6,0,11,0,0,0,11
03/27/2021,IPT,PA,AEA,EN,Federal Contract Tower,0,3,13,0,16,0,3,41,0,44,0,6,54,0,60,48,0,48,108
03/28/2021,IPT,PA,AEA,EN,Federal Contract Tower,0,2,5,0,7,0,0,3,0,3,0,2,8,0,10,0,0,0,10
03/29/2021,IPT,PA,AEA,EN,Federal Contract Tower,0,3,2,0,5,0,4,14,1,19,0,7,16,1,24,6,0,6,30
03/30/2021,IPT,PA,AEA,EN,Federal Contract Tower,0,4,2,0,6,0,0,35,2,37,0,4,37,2,43,26,0,26,69
03/31/2021,IPT,PA,AEA,EN,Federal Contract Tower,0,3,8,0,11,0,0,15,0,15,0,3,23,0,26,24,0,24,50
04/01/2021,IPT,PA,AEA,EN,Federal Contract Tower,0,6,12,0,18,0,0,9,0,9,0,6,21,0,27,4,0,4,31
04/02/2021,IPT,PA,AEA,EN,Federal Contract Tower,0,4,4,0,8,0,3,11,0,14,0,7,15,0,22,2,0,2,24
04/03/2021,IPT,PA,AEA,EN,Federal Contract Tower,0,2,5,0,7,0,0,26,0,26,0,2,31,0,33,20,0,20,53
04/04/2021,IPT,PA,AEA,EN,Federal Contract Tower,0,2,4,0,6,0,1,21,0,22,0,3,25,0,28,0,0,0,28
04/05/2021,IPT,PA,AEA,EN,Federal Contract Tower,0,1,6,0,7,0,2,30,0,32,0,3,36,0,39,24,0,24,63
04/06/2021,IPT,PA,AEA,EN,Federal Contract Tower,0,1,7,1,9,0,12,32,2,46,0,13,39,3,55,42,14,56,111
04/07/2021,IPT,PA,AEA,EN,Federal Contract Tower,0,10,5,0,15,0,6,28,0,34,0,16,33,0,49,8,0,8,57
04/08/2021,IPT,PA,AEA,EN,Federal Contract Tower,0,6,6,0,12,0,1,26,0,27,0,7,32,0,39,28,0,28,67
04/09/2021,IPT,PA,AEA,EN,Federal Contract Tower,0,6,7,0,13,0,3,12,2,17,0,9,19,2,30,6,0,6,36
04/10/2021,IPT,PA,AEA,EN,Federal Contract Tower,0,8,11,0,19,0,0,2,0,2,0,8,13,0,21,0,0,0,21
04/11/2021,IPT,PA,AEA,EN,Federal Contract Tower,0,2,6,0,8,0,3,0,0,3,0,5,6,0,11,0,0,0,11
04/12/2021,IPT,PA,AEA,EN,Federal Contract Tower,0,3,11,0,14,0,3,0,0,3,0,6,11,0,17,0,0,0,17
04/13/2021,IPT,PA,AEA,EN,Federal Contract Tower,0,4,12,0,16,0,0,30,0,30,0,4,42,0,46,14,0,14,60
04/14/2021,IPT,PA,AEA,EN,Federal Contract Tower,0,6,8,0,14,0,11,25,0,36,0,17,33,0,50,6,0,6,56
04/15/2021,IPT,PA,AEA,EN,Federal Contract Tower,0,8,10,2,20,0,2,27,0,29,0,10,37,2,49,20,0,20,69
04/16/2021,IPT,PA,AEA,EN,Federal Contract Tower,0,10,7,0,17,0,0,0,0,0,0,10,7,0,17,0,0,0,17
04/17/2021,IPT,PA,AEA,EN,Federal Contract Tower,0,5,5,0,10,0,3,16,0,19,0,8,21,0,29,2,8,10,39
04/18/2021,IPT,PA,AEA,EN,Federal Contract Tower,0,4,1,0,5,0,0,29,0,29,0,4,30,0,34,2,0,2,36
04/19/2021,IPT,PA,AEA,EN,Federal Contract Tower,0,2,10,0,12,0,0,24,0,24,0,2,34,0,36,66,0,66,102
04/20/2021,IPT,PA,AEA,EN,Federal Contract Tower,0,3,6,0,9,0,5,35,0,40,0,8,41,0,49,2,0,2,51
04/21/2021,IPT,PA,AEA,EN,Federal Contract Tower,0,2,2,0,4,0,5,0,0,5,0,7,2,0,9,0,0,0,9
04/22/2021,IPT,PA,AEA,EN,Federal Contract Tower,0,10,0,0,10,0,3,14,0,17,0,13,14,0,27,0,0,0,27
04/23/2021,IPT,PA,AEA,EN,Federal Contract Tower,0,5,8,0,13,0,2,27,0,29,0,7,35,0,42,6,0,6,48
04/24/2021,IPT,PA,AEA,EN,Federal Contract Tower,0,4,9,0,13,0,2,22,0,24,0,6,31,0,37,36,0,36,73
04/25/2021,IPT,PA,AEA,EN,Federal Contract Tower,0,2,3,0,5,0,4,17,0,21,0,6,20,0,26,4,0,4,30
04/26/2021,IPT,PA,AEA,EN,Federal Contract Tower,0,8,1,0,9,0,5,33,2,40,0,13,34,2,49,58,0,58,107
04/27/2021,IPT,PA,AEA,EN,Federal Contract Tower,0,12,3,0,15,0,11,27,0,38,0,23,30,0,53,36,0,36,89
04/28/2021,IPT,PA,AEA,EN,Federal Contract Tower,0,6,8,0,14,0,6,23,12,41,0,12,31,12,55,0,0,0,55
04/29/2021,IPT,PA,AEA,EN,Federal Contract Tower,0,4,11,0,15,0,0,2,0,2,0,4,13,0,17,0,0,0,17
04/30/2021,IPT,PA,AEA,EN,Federal Contract Tower,0,7,2,0,9,0,0,0,0,0,0,7,2,0,9,0,0,0,9
05/01/2021,IPT,PA,AEA,EN,Federal Contract Tower,0,5,1,0,6,0,2,18,0,20,0,7,19,0,26,20,0,20,46
05/02/2021,IPT,PA,AEA,EN,Federal Contract Tower,0,2,6,0,8,0,15,27,0,42,0,17,33,0,50,14,0,14,64
05/03/2021,IPT,PA,AEA,EN,Federal Contract Tower,0,4,6,0,10,0,0,20,0,20,0,4,26,0,30,2,0,2,32
05/04/2021,IPT,PA,AEA,EN,Federal Contract Tower,0,3,4,0,7,0,4,12,0,16,0,7,16,0,23,0,0,0,23
05/05/2021,IPT,PA,AEA,EN,Federal Contract Tower,0,2,1,0,3,0,4,6,0,10,0,6,7,0,13,4,0,4,17
05/06/2021,IPT,PA,AEA,EN,Federal Contract Tower,0,5,5,0,10,0,0,26,0,26,0,5,31,0,36,24,0,24,60
05/07/2021,IPT,PA,AEA,EN,Federal Contract Tower,0,6,2,0,8,0,0,10,0,10,0,6,12,0,18,2,0,2,20
05/08/2021,IPT,PA,AEA,EN,Federal Contract Tower,0,3,5,0,8,0,5,8,0,13,0,8,13,0,21,28,0,28,49
05/09/2021,IPT,PA,AEA,EN,Federal Contract Tower,0,2,7,0,9,0,1,7,0,8,0,3,14,0,17,16,0,16,33
05/10/2021,IPT,PA,AEA,EN,Federal Contract Tower,0,3,4,0,7,0,7,32,0,39,0,10,36,0,46,42,0,42,88
05/11/2021,IPT,PA,AEA,EN,Federal Contract Tower,0,3,7,0,10,0,3,25,2,30,0,6,32,2,40,0,6,6,46
05/12/2021,IPT,PA,AEA,EN,Federal Contract Tower,0,2,5,0,7,0,0,0,0,0,0,2,5,0,7,0,0,0,7
05/13/2021,IPT,PA,AEA,EN,Federal Contract Tower,0,4,10,0,14,0,0,42,0,42,0,4,52,0,56,8,1,9,65
05/14/2021,IPT,PA,AEA,EN,Federal Contract Tower,0,4,5,0,9,0,9,55,0,64,0,13,60,0,73,10,0,10,83
05/15/2021,IPT,PA,AEA,EN,Federal Contract Tower,0,2,7,0,9,0,15,24,0,39,0,17,31,0,48,18,0,18,66
05/16/2021,IPT,PA,AEA,EN,Federal Contract Tower,0,2,7,0,9,0,6,19,0,25,0,8,26,0,34,2,0,2,36
05/17/2021,IPT,PA,AEA,EN,Federal Contract Tower,0,3,7,0,10,0,4,35,0,39,0,7,42,0,49,6,0,6,55
05/18/2021,IPT,PA,AEA,EN,Federal Contract Tower,0,3,4,0,7,0,8,43,0,51,0,11,47,0,58,0,0,0,58
05/19/2021,IPT,PA,AEA,EN,Federal Contract Tower,0,3,5,0,8,0,1,47,0,48,0,4,52,0,56,14,12,26,82
05/20/2021,IPT,PA,AEA,EN,Federal Contract Tower,0,5,4,0,9,0,5,32,0,37,0,10,36,0,46,24,0,24,70
05/21/2021,IPT,PA,AEA,EN,Federal Contract Tower,0,4,7,0,11,0,8,23,0,31,0,12,30,0,42,34,0,34,76
05/22/2021,IPT,PA,AEA,EN,Federal Contract Tower,0,4,4,0,8,0,5,11,0,16,0,9,15,0,24,4,0,4,28
05/23/2021,IPT,PA,AEA,EN,Federal Contract Tower,0,2,1,0,3,0,7,15,0,22,0,9,16,0,25,2,0,2,27
05/24/2021,IPT,PA,AEA,EN,Federal Contract Tower,0,7,7,0,14,0,4,6,0,10,0,11,13,0,24,4,0,4,28
05/25/2021,IPT,PA,AEA,EN,Federal Contract Tower,0,14,1,0,15,0,0,8,0,8,0,14,9,0,23,6,0,6,29
05/26/2021,IPT,PA,AEA,EN,Federal Contract Tower,0,4,2,0,6,0,0,10,0,10,0,4,12,0,16,0,0,0,16
05/27/2021,IPT,PA,AEA,EN,Federal Contract Tower,0,7,15,0,22,0,1,46,0,47,0,8,61,0,69,26,0,26,95
05/28/2021,IPT,PA,AEA,EN,Federal Contract Tower,0,5,2,0,7,0,4,11,0,15,0,9,13,0,22,18,0,18,40
05/29/2021,IPT,PA,AEA,EN,Federal Contract Tower,0,3,0,0,3,0,0,8,0,8,0,3,8,0,11,0,0,0,11
05/30/2021,IPT,PA,AEA,EN,Federal Contract Tower,0,2,8,0,10,0,1,8,0,9,0,3,16,0,19,0,0,0,19
05/31/2021,IPT,PA,AEA,EN,Federal Contract Tower,0,3,3,0,6,0,8,37,0,45,0,11,40,0,51,28,0,28,79
06/01/2021,IPT,PA,AEA,EN,Federal Contract Tower,0,1,4,0,5,0,4,58,2,64,0,5,62,2,69,6,6,12,81
06/02/2021,IPT,PA,AEA,EN,Federal Contract Tower,0,5,5,0,10,0,2,15,0,17,0,7,20,0,27,20,0,20,47
06/03/2021,IPT,PA,AEA,EN,Federal Contract Tower,0,8,3,0,11,0,1,3,0,4,0,9,6,0,15,0,0,0,15
06/04/2021,IPT,PA,AEA,EN,Federal Contract Tower,0,4,11,0,15,0,3,10,0,13,0,7,21,0,28,20,0,20,48
06/05/2021,IPT,PA,AEA,EN,Federal Contract Tower,0,3,4,0,7,0,3,29,0,32,0,6,33,0,39,22,0,22,61
06/06/2021,IPT,PA,AEA,EN,Federal Contract Tower,0,2,7,0,9,0,6,31,0,37,0,8,38,0,46,14,0,14,60
06/07/2021,IPT,PA,AEA,EN,Federal Contract Tower,0,5,2,2,9,0,2,30,0,32,0,7,32,2,41,10,0,10,51
06/08/2021,IPT,PA,AEA,EN,Federal Contract Tower,0,2,2,0,4,0,1,21,0,22,0,3,23,0,26,29,0,29,55
06/09/2021,IPT,PA,AEA,EN,Federal Contract Tower,0,5,7,0,12,0,0,23,0,23,0,5,30,0,35,12,0,12,47
06/10/2021,IPT,PA,AEA,EN,Federal Contract Tower,0,4,8,0,12,0,1,23,0,24,0,5,31,0,36,8,0,8,44
06/11/2021,IPT,PA,AEA,EN,Federal Contract Tower,0,4,24,0,28,0,0,1,0,1,0,4,25,0,29,0,0,0,29
06/12/2021,IPT,PA,AEA,EN,Federal Contract Tower,0,3,10,0,13,0,2,55,0,57,0,5,65,0,70,12,0,12,82
06/13/2021,IPT,PA,AEA,EN,Federal Contract Tower,0,2,10,0,12,0,2,50,0,52,0,4,60,0,64,0,0,0,64
06/14/2021,IPT,PA,AEA,EN,Federal Contract Tower,0,3,5,0,8,0,9,6,2,17,0,12,11,2,25,0,0,0,25
06/15/2021,IPT,PA,AEA,EN,Federal Contract Tower,0,1,7,0,8,0,1,13,0,14,0,2,20,0,22,4,4,8,30
06/16/2021,IPT,PA,AEA,EN,Federal Contract Tower,0,4,5,0,9,0,3,34,0,37,0,7,39,0,46,6,0,6,52
06/17/2021,IPT,PA,AEA,EN,Federal Contract Tower,0,5,4,0,9,0,2,34,1,37,0,7,38,1,46,14,0,14,60
06/18/2021,IPT,PA,AEA,EN,Federal Contract Tower,0,4,2,0,6,0,1,28,0,29,0,5,30,0,35,0,0,0,35
06/19/2021,IPT,PA,AEA,EN,Federal Contract Tower,0,4,10,0,14,0,1,6,0,7,0,5,16,0,21,0,0,0,21
06/20/2021,IPT,PA,AEA,EN,Federal Contract Tower,0,8,5,0,13,0,1,29,0,30,0,9,34,0,43,4,0,4,47
06/21/2021,IPT,PA,AEA,EN,Federal Contract Tower,0,2,5,0,7,0,3,28,0,31,0,5,33,0,38,0,0,0,38
06/22/2021,IPT,PA,AEA,EN,Federal Contract Tower,0,2,6,0,8,0,0,11,0,11,0,2,17,0,19,4,0,4,23
06/23/2021,IPT,PA,AEA,EN,Federal Contract Tower,0,4,10,0,14,0,5,65,0,70,0,9,75,0,84,46,0,46,130
06/24/2021,IPT,PA,AEA,EN,Federal Contract Tower,0,7,4,0,11,0,6,65,0,71,0,13,69,0,82,48,6,54,136
06/25/2021,IPT,PA,AEA,EN,Federal Contract Tower,0,3,7,0,10,0,2,64,0,66,0,5,71,0,76,0,0,0,76
06/26/2021,IPT,PA,AEA,EN,Federal Contract Tower,0,7,8,0,15,0,3,41,0,44,0,10,49,0,59,4,0,4,63
06/27/2021,IPT,PA,AEA,EN,Federal Contract Tower,0,2,3,0,5,0,6,37,0,43,0,8,40,0,48,18,0,18,66
06/28/2021,IPT,PA,AEA,EN,Federal Contract Tower,0,4,6,0,10,0,2,38,0,40,0,6,44,0,50,2,0,2,52
06/29/2021,IPT,PA,AEA,EN,Federal Contract Tower,0,2,5,0,7,0,0,35,0,35,0,2,40,0,42,12,0,12,54
06/30/2021,IPT,PA,AEA,EN,Federal Contract Tower,0,1,1,0,2,0,0,29,0,29,0,1,30,0,31,2,0,2,33
07/01/2021,IPT,PA,AEA,EN,Federal Contract Tower,0,2,4,0,6,0,2,7,0,9,0,4,11,0,15,0,0,0,15
07/02/2021,IPT,PA,AEA,EN,Federal Contract Tower,0,3,13,0,16,0,8,13,0,21,0,11,26,0,37,6,0,6,43
07/03/2021,IPT,PA,AEA,EN,Federal Contract Tower,0,2,10,0,12,0,3,14,0,17,0,5,24,0,29,8,0,8,37
07/04/2021,IPT,PA,AEA,EN,Federal Contract Tower,0,2,1,0,3,0,1,30,0,31,0,3,31,0,34,0,0,0,34
07/05/2021,IPT,PA,AEA,EN,Federal Contract Tower,0,2,12,0,14,0,6,59,0,65,0,8,71,0,79,16,0,16,95
07/06/2021,IPT,PA,AEA,EN,Federal Contract Tower,0,2,7,0,9,0,1,40,0,41,0,3,47,0,50,16,0,16,66
07/07/2021,IPT,PA,AEA,EN,Federal Contract Tower,0,2,0,0,2,0,4,15,0,19,0,6,15,0,21,0,0,0,21
07/08/2021,IPT,PA,AEA,EN,Federal Contract Tower,0,8,15,0,23,0,0,10,0,10,0,8,25,0,33,20,2,22,55
07/09/2021,IPT,PA,AEA,EN,Federal Contract Tower,0,6,14,0,20,0,7,18,0,25,0,13,32,0,45,24,0,24,69
07/10/2021,IPT,PA,AEA,EN,Federal Contract Tower,0,3,6,0,9,0,1,53,0,54,0,4,59,0,63,12,0,12,75
07/11/2021,IPT,PA,AEA,EN,Federal Contract Tower,0,2,8,0,10,0,0,1,0,1,0,2,9,0,11,0,0,0,11
07/12/2021,IPT,PA,AEA,EN,Federal Contract Tower,0,3,7,0,10,0,7,18,0,25,0,10,25,0,35,10,0,10,45
07/13/2021,IPT,PA,AEA,EN,Federal Contract Tower,0,4,0,0,4,0,0,20,0,20,0,4,20,0,24,16,0,16,40
07/14/2021,IPT,PA,AEA,EN,Federal Contract Tower,0,4,8,0,12,0,0,22,0,22,0,4,30,0,34,12,0,12,46
07/15/2021,IPT,PA,AEA,EN,Federal Contract Tower,0,4,14,0,18,0,2,29,0,31,0,6,43,0,49,18,0,18,67
07/16/2021,IPT,PA,AEA,EN,Federal Contract Tower,0,2,6,0,8,0,1,25,0,26,0,3,31,0,34,14,0,14,48
07/17/2021,IPT,PA,AEA,EN,Federal Contract Tower,0,5,12,0,17,0,2,13,0,15,0,7,25,0,32,0,0,0,32
07/18/2021,IPT,PA,AEA,EN,Federal Contract Tower,0,4,7,0,11,0,1,15,0,16,0,5,22,0,27,14,0,14,41
07/19/2021,IPT,PA,AEA,EN,Federal Contract Tower,0,3,2,0,5,0,0,35,0,35,0,3,37,0,40,8,0,8,48
07/20/2021,IPT,PA,AEA,EN,Federal Contract Tower,0,5,8,0,13,0,0,18,0,18,0,5,26,0,31,10,0,10,41
07/21/2021,IPT,PA,AEA,EN,Federal Contract Tower,0,3,7,0,10,0,13,21,0,34,0,16,28,0,44,16,0,16,60
07/22/2021,IPT,PA,AEA,EN,Federal Contract Tower,0,4,7,0,11,0,4,37,0,41,0,8,44,0,52,32,0,32,84
07/23/2021,IPT,PA,AEA,EN,Federal Contract Tower,0,3,4,0,7,0,8,61,0,69,0,11,65,0,76,12,0,12,88
07/24/2021,IPT,PA,AEA,EN,Federal Contract Tower,0,5,5,0,10,0,0,30,0,30,0,5,35,0,40,0,0,0,40
07/26/2021,IPT,PA,AEA,EN,Federal Contract Tower,0,7,13,0,20,0,0,39,0,39,0,7,52,0,59,12,0,12,71
07/27/2021,IPT,PA,AEA,EN,Federal Contract Tower,0,2,9,0,11,0,0,23,2,25,0,2,32,2,36,0,10,10,46
07/28/2021,IPT,PA,AEA,EN,Federal Contract Tower,0,2,16,0,18,0,3,35,0,38,0,5,51,0,56,6,0,6,62
07/29/2021,IPT,PA,AEA,EN,Federal Contract Tower,0,4,10,0,14,0,0,13,0,13,0,4,23,0,27,0,0,0,27
07/30/2021,IPT,PA,AEA,EN,Federal Contract Tower,0,6,9,0,15,0,0,27,0,27,0,6,36,0,42,6,0,6,48
07/31/2021,IPT,PA,AEA,EN,Federal Contract Tower,0,3,4,0,7,0,5,29,0,34,0,8,33,0,41,0,0,0,41
08/01/2021,IPT,PA,AEA,EN,Federal Contract Tower,0,2,6,0,8,0,8,17,0,25,0,10,23,0,33,0,0,0,33
08/02/2021,IPT,PA,AEA,EN,Federal Contract Tower,0,3,5,0,8,0,6,38,0,44,0,9,43,0,52,0,0,0,52
08/03/2021,IPT,PA,AEA,EN,Federal Contract Tower,0,2,3,0,5,0,2,24,0,26,0,4,27,0,31,10,0,10,41
08/04/2021,IPT,PA,AEA,EN,Federal Contract Tower,0,1,6,0,7,0,0,32,0,32,0,1,38,0,39,10,0,10,49
08/05/2021,IPT,PA,AEA,EN,Federal Contract Tower,0,4,2,0,6,0,0,23,0,23,0,4,25,0,29,2,0,2,31
08/06/2021,IPT,PA,AEA,EN,Federal Contract Tower,0,4,13,0,17,0,8,28,0,36,0,12,41,0,53,10,0,10,63
08/07/2021,IPT,PA,AEA,EN,Federal Contract Tower,0,4,6,0,10,0,6,25,0,31,0,10,31,0,41,0,0,0,41
08/08/2021,IPT,PA,AEA,EN,Federal Contract Tower,0,1,4,1,6,0,0,32,0,32,0,1,36,1,38,0,0,0,38
08/09/2021,IPT,PA,AEA,EN,Federal Contract Tower,0,3,8,0,11,0,5,39,0,44,0,8,47,0,55,6,0,6,61
08/10/2021,IPT,PA,AEA,EN,Federal Contract Tower,0,2,3,0,5,0,0,1,0,1,0,2,4,0,6,0,0,0,6
08/12/2021,IPT,PA,AEA,EN,Federal Contract Tower,0,5,12,0,17,0,0,19,0,19,0,5,31,0,36,0,0,0,36
08/13/2021,IPT,PA,AEA,EN,Federal Contract Tower,0,7,5,0,12,0,2,18,0,20,0,9,23,0,32,0,0,0,32
08/14/2021,IPT,PA,AEA,EN,Federal Contract Tower,0,3,5,0,8,0,4,18,0,22,0,7,23,0,30,0,0,0,30
08/15/2021,IPT,PA,AEA,EN,Federal Contract Tower,2,4,6,0,12,0,5,37,0,42,2,9,43,0,54,6,0,6,60
08/16/2021,IPT,PA,AEA,EN,Federal Contract Tower,0,3,7,0,10,0,2,41,0,43,0,5,48,0,53,8,0,8,61
08/17/2021,IPT,PA,AEA,EN,Federal Contract Tower,0,2,5,0,7,0,4,1,0,5,0,6,6,0,12,0,0,0,12
08/18/2021,IPT,PA,AEA,EN,Federal Contract Tower,0,3,4,0,7,0,0,1,0,1,0,3,5,0,8,0,0,0,8
08/19/2021,IPT,PA,AEA,EN,Federal Contract Tower,0,4,12,0,16,0,9,16,0,25,0,13,28,0,41,24,0,24,65
08/20/2021,IPT,PA,AEA,EN,Federal Contract Tower,0,4,13,0,17,0,0,45,0,45,0,4,58,0,62,32,0,32,94
08/21/2021,IPT,PA,AEA,EN,Federal Contract Tower,0,3,10,0,13,0,0,45,0,45,0,3,55,0,58,6,0,6,64
08/22/2021,IPT,PA,AEA,EN,Federal Contract Tower,6,4,9,0,19,0,2,16,0,18,6,6,25,0,37,0,0,0,37
08/23/2021,IPT,PA,AEA,EN,Federal Contract Tower,0,2,9,0,11,0,5,22,0,27,0,7,31,0,38,0,0,0,38
08/24/2021,IPT,PA,AEA,EN,Federal Contract Tower,0,3,4,0,7,0,0,45,0,45,0,3,49,0,52,36,0,36,88
08/25/2021,IPT,PA,AEA,EN,Federal Contract Tower,0,4,6,0,10,0,0,27,0,27,0,4,33,0,37,36,0,36,73
08/26/2021,IPT,PA,AEA,EN,Federal Contract Tower,0,6,4,0,10,0,0,0,0,0,0,6,4,0,10,0,0,0,10
08/27/2021,IPT,PA,AEA,EN,Federal Contract Tower,0,5,4,0,9,0,0,20,0,20,0,5,24,0,29,0,0,0,29
08/28/2021,IPT,PA,AEA,EN,Federal Contract Tower,0,5,13,0,18,0,6,16,0,22,0,11,29,0,40,10,0,10,50
08/29/2021,IPT,PA,AEA,EN,Federal Contract Tower,0,5,5,0,10,0,4,27,0,31,0,9,32,0,41,12,0,12,53
08/30/2021,IPT,PA,AEA,EN,Federal Contract Tower,0,3,10,0,13,0,2,24,2,28,0,5,34,2,41,0,0,0,41
08/31/2021,IPT,PA,AEA,EN,Federal Contract Tower,0,6,4,0,10,0,2,37,4,43,0,8,41,4,53,8,18,26,79
09/01/2021,IPT,PA,AEA,EN,Federal Contract Tower,0,6,0,0,6,0,0,0,0,0,0,6,0,0,6,0,0,0,6
09/02/2021,IPT,PA,AEA,EN,Federal Contract Tower,0,7,0,0,7,0,1,19,0,20,0,8,19,0,27,18,0,18,45
09/03/2021,IPT,PA,AEA,EN,Federal Contract Tower,0,4,4,0,8,0,5,28,0,33,0,9,32,0,41,6,0,6,47
09/04/2021,IPT,PA,AEA,EN,Federal Contract Tower,0,4,4,0,8,0,4,50,0,54,0,8,54,0,62,8,0,8,70
09/05/2021,IPT,PA,AEA,EN,Federal Contract Tower,0,3,2,0,5,0,8,8,0,16,0,11,10,0,21,16,0,16,37
09/06/2021,IPT,PA,AEA,EN,Federal Contract Tower,0,2,9,0,11,0,10,33,0,43,0,12,42,0,54,8,0,8,62
09/07/2021,IPT,PA,AEA,EN,Federal Contract Tower,0,1,2,0,3,0,0,5,2,7,0,1,7,2,10,0,0,0,10
09/08/2021,IPT,PA,AEA,EN,Federal Contract Tower,0,1,7,0,8,0,2,3,0,5,0,3,10,0,13,0,0,0,13
09/09/2021,IPT,PA,AEA,EN,Federal Contract Tower,0,4,8,0,12,0,3,13,0,16,0,7,21,0,28,0,0,0,28
09/10/2021,IPT,PA,AEA,EN,Federal Contract Tower,0,3,6,0,9,0,0,59,0,59,0,3,65,0,68,18,0,18,86
09/11/2021,IPT,PA,AEA,EN,Federal Contract Tower,0,4,5,0,9,0,2,54,0,56,0,6,59,0,65,14,0,14,79
09/12/2021,IPT,PA,AEA,EN,Federal Contract Tower,0,2,9,0,11,0,8,30,0,38,0,10,39,0,49,0,0,0,49
09/13/2021,IPT,PA,AEA,EN,Federal Contract Tower,0,3,13,0,16,0,2,39,0,41,0,5,52,0,57,34,0,34,91
09/14/2021,IPT,PA,AEA,EN,Federal Contract Tower,0,2,8,0,10,0,1,10,2,13,0,3,18,2,23,2,6,8,31
09/15/2021,IPT,PA,AEA,EN,Federal Contract Tower,0,1,3,0,4,0,2,4,0,6,0,3,7,0,10,0,0,0,10
09/16/2021,IPT,PA,AEA,EN,Federal Contract Tower,0,3,9,1,13,0,5,16,0,21,0,8,25,1,34,16,0,16,50
09/17/2021,IPT,PA,AEA,EN,Federal Contract Tower,0,14,17,0,31,0,8,19,0,27,0,22,36,0,58,8,0,8,66
09/18/2021,IPT,PA,AEA,EN,Federal Contract Tower,0,10,13,0,23,0,12,29,0,41,0,22,42,0,64,2,0,2,66
09/19/2021,IPT,PA,AEA,EN,Federal Contract Tower,0,12,9,0,21,0,6,51,0,57,0,18,60,0,78,6,0,6,84
09/20/2021,IPT,PA,AEA,EN,Federal Contract Tower,0,4,5,0,9,0,7,44,0,51,0,11,49,0,60,2,0,2,62
09/21/2021,IPT,PA,AEA,EN,Federal Contract Tower,0,2,8,0,10,0,2,25,0,27,0,4,33,0,37,12,0,12,49
09/22/2021,IPT,PA,AEA,EN,Federal Contract Tower,0,1,1,0,2,0,1,4,0,5,0,2,5,0,7,0,0,0,7
09/23/2021,IPT,PA,AEA,EN,Federal Contract Tower,0,7,4,0,11,0,4,8,0,12,0,11,12,0,23,0,0,0,23
09/24/2021,IPT,PA,AEA,EN,Federal Contract Tower,0,8,11,0,19,0,8,26,0,34,0,16,37,0,53,20,0,20,73
09/25/2021,IPT,PA,AEA,EN,Federal Contract Tower,0,4,3,0,7,0,9,27,0,36,0,13,30,0,43,8,0,8,51
09/26/2021,IPT,PA,AEA,EN,Federal Contract Tower,0,2,6,0,8,0,7,45,5,57,0,9,51,5,65,10,0,10,75
09/27/2021,IPT,PA,AEA,EN,Federal Contract Tower,0,3,5,0,8,0,3,44,0,47,0,6,49,0,55,12,0,12,67
09/28/2021,IPT,PA,AEA,EN,Federal Contract Tower,0,2,5,0,7,0,0,9,0,9,0,2,14,0,16,6,0,6,22
09/29/2021,IPT,PA,AEA,EN,Federal Contract Tower,0,6,16,0,22,0,4,37,0,41,0,10,53,0,63,6,0,6,69
09/30/2021,IPT,PA,AEA,EN,Federal Contract Tower,0,3,11,0,14,0,3,24,0,27,0,6,35,0,41,38,0,38,79
10/01/2021,IPT,PA,AEA,EN,Federal Contract Tower,0,3,13,0,16,0,3,40,0,43,0,6,53,0,59,10,0,10,69
10/02/2021,IPT,PA,AEA,EN,Federal Contract Tower,0,0,8,0,8,0,3,40,0,43,0,3,48,0,51,12,0,12,63
10/03/2021,IPT,PA,AEA,EN,Federal Contract Tower,0,0,7,0,7,0,4,0,0,4,0,4,7,0,11,0,0,0,11
10/04/2021,IPT,PA,AEA,EN,Federal Contract Tower,0,1,12,0,13,0,0,6,0,6,0,1,18,0,19,4,0,4,23
10/05/2021,IPT,PA,AEA,EN,Federal Contract Tower,0,1,13,0,14,0,0,13,0,13,0,1,26,0,27,0,0,0,27
10/06/2021,IPT,PA,AEA,EN,Federal Contract Tower,0,9,3,0,12,0,4,11,0,15,0,13,14,0,27,32,0,32,59
10/07/2021,IPT,PA,AEA,EN,Federal Contract Tower,0,2,14,0,16,0,4,21,0,25,0,6,35,0,41,32,0,32,73
10/08/2021,IPT,PA,AEA,EN,Federal Contract Tower,0,1,11,0,12,0,7,25,0,32,0,8,36,0,44,36,0,36,80
10/09/2021,IPT,PA,AEA,EN,Federal Contract Tower,0,3,6,0,9,0,5,16,0,21,0,8,22,0,30,2,0,2,32
10/10/2021,IPT,PA,AEA,EN,Federal Contract Tower,0,0,5,0,5,0,0,0,0,0,0,0,5,0,5,0,0,0,5
10/11/2021,IPT,PA,AEA,EN,Federal Contract Tower,0,1,16,0,17,0,2,8,0,10,0,3,24,0,27,0,0,0,27
10/12/2021,IPT,PA,AEA,EN,Federal Contract Tower,0,2,16,0,18,0,3,9,0,12,0,5,25,0,30,0,0,0,30
10/13/2021,IPT,PA,AEA,EN,Federal Contract Tower,0,4,8,0,12,0,2,10,0,12,0,6,18,0,24,6,2,8,32
10/14/2021,IPT,PA,AEA,EN,Federal Contract Tower,0,2,11,0,13,0,32,0,0,32,0,34,11,0,45,18,0,18,63
10/15/2021,IPT,PA,AEA,EN,Federal Contract Tower,0,2,12,0,14,0,6,24,0,30,0,8,36,0,44,2,0,2,46
10/16/2021,IPT,PA,AEA,EN,Federal Contract Tower,0,1,1,0,2,0,0,0,0,0,0,1,1,0,2,0,0,0,2
10/17/2021,IPT,PA,AEA,EN,Federal Contract Tower,0,0,2,0,2,0,4,10,0,14,0,4,12,0,16,0,0,0,16
10/18/2021,IPT,PA,AEA,EN,Federal Contract Tower,0,4,8,0,12,0,8,2,0,10,0,12,10,0,22,0,0,0,22
10/19/2021,IPT,PA,AEA,EN,Federal Contract Tower,0,1,8,0,9,0,1,31,0,32,0,2,39,0,41,36,0,36,77
10/20/2021,IPT,PA,AEA,EN,Federal Contract Tower,0,1,8,0,9,0,2,37,0,39,0,3,45,0,48,18,0,18,66
10/21/2021,IPT,PA,AEA,EN,Federal Contract Tower,0,4,5,0,9,0,5,33,0,38,0,9,38,0,47,0,0,0,47
10/22/2021,IPT,PA,AEA,EN,Federal Contract Tower,0,9,12,0,21,0,4,24,0,28,0,13,36,0,49,0,0,0,49
10/23/2021,IPT,PA,AEA,EN,Federal Contract Tower,0,3,3,0,6,0,4,15,0,19,0,7,18,0,25,6,0,6,31
10/24/2021,IPT,PA,AEA,EN,Federal Contract Tower,0,2,4,0,6,0,0,6,0,6,0,2,10,0,12,0,0,0,12
10/25/2021,IPT,PA,AEA,EN,Federal Contract Tower,0,5,4,0,9,0,0,27,2,29,0,5,31,2,38,2,0,2,40
10/26/2021,IPT,PA,AEA,EN,Federal Contract Tower,0,10,6,2,18,0,0,0,0,0,0,10,6,2,18,0,0,0,18
10/27/2021,IPT,PA,AEA,EN,Federal Contract Tower,0,6,5,1,12,0,3,19,1,23,0,9,24,2,35,16,0,16,51
10/28/2021,IPT,PA,AEA,EN,Federal Contract Tower,0,3,3,0,6,0,7,29,0,36,0,10,32,0,42,4,0,4,46
10/29/2021,IPT,PA,AEA,EN,Federal Contract Tower,0,5,1,0,6,0,0,0,0,0,0,5,1,0,6,0,0,0,6
10/30/2021,IPT,PA,AEA,EN,Federal Contract Tower,0,2,13,0,15,0,0,0,0,0,0,2,13,0,15,0,0,0,15
10/31/2021,IPT,PA,AEA,EN,Federal Contract Tower,0,0,4,0,4,0,2,0,0,2,0,2,4,0,6,0,0,0,6
11/01/2021,IPT,PA,AEA,EN,Federal Contract Tower,0,1,1,0,2,0,5,28,0,33,0,6,29,0,35,0,0,0,35
11/02/2021,IPT,PA,AEA,EN,Federal Contract Tower,0,4,2,0,6,0,0,12,0,12,0,4,14,0,18,10,0,10,28
11/03/2021,IPT,PA,AEA,EN,Federal Contract Tower,0,2,3,4,9,0,0,0,0,0,0,2,3,4,9,2,0,2,11
11/04/2021,IPT,PA,AEA,EN,Federal Contract Tower,0,6,6,0,12,0,2,22,0,24,0,8,28,0,36,14,0,14,50
11/05/2021,IPT,PA,AEA,EN,Federal Contract Tower,0,2,9,0,11,0,5,19,0,24,0,7,28,0,35,14,0,14,49
11/06/2021,IPT,PA,AEA,EN,Federal Contract Tower,0,3,8,0,11,0,12,58,0,70,0,15,66,0,81,52,0,52,133
11/07/2021,IPT,PA,AEA,EN,Federal Contract Tower,0,0,6,0,6,0,5,40,0,45,0,5,46,0,51,34,0,34,85
11/08/2021,IPT,PA,AEA,EN,Federal Contract Tower,0,5,6,0,11,0,7,52,0,59,0,12,58,0,70,10,0,10,80
11/09/2021,IPT,PA,AEA,EN,Federal Contract Tower,0,2,6,0,8,0,9,43,0,52,0,11,49,0,60,10,0,10,70
11/10/2021,IPT,PA,AEA,EN,Federal Contract Tower,0,4,9,0,13,0,5,22,0,27,0,9,31,0,40,18,0,18,58
11/11/2021,IPT,PA,AEA,EN,Federal Contract Tower,0,2,4,0,6,0,2,17,0,19,0,4,21,0,25,14,0,14,39
11/12/2021,IPT,PA,AEA,EN,Federal Contract Tower,0,5,7,0,12,0,5,16,0,21,0,10,23,0,33,2,0,2,35
11/13/2021,IPT,PA,AEA,EN,Federal Contract Tower,0,0,6,0,6,0,0,8,0,8,0,0,14,0,14,0,0,0,14
11/14/2021,IPT,PA,AEA,EN,Federal Contract Tower,0,0,2,0,2,0,0,16,0,16,0,0,18,0,18,4,0,4,22
11/15/2021,IPT,PA,AEA,EN,Federal Contract Tower,0,1,4,0,5,0,5,15,0,20,0,6,19,0,25,0,0,0,25
11/16/2021,IPT,PA,AEA,EN,Federal Contract Tower,0,2,4,0,6,0,6,22,0,28,0,8,26,0,34,28,0,28,62
11/17/2021,IPT,PA,AEA,EN,Federal Contract Tower,0,2,14,0,16,0,1,17,0,18,0,3,31,0,34,6,0,6,40
11/18/2021,IPT,PA,AEA,EN,Federal Contract Tower,0,2,7,0,9,0,2,5,0,7,0,4,12,0,16,28,0,28,44
11/19/2021,IPT,PA,AEA,EN,Federal Contract Tower,0,2,7,0,9,0,8,15,0,23,0,10,22,0,32,4,0,4,36
11/20/2021,IPT,PA,AEA,EN,Federal Contract Tower,0,3,3,0,6,0,7,26,0,33,0,10,29,0,39,6,0,6,45
11/21/2021,IPT,PA,AEA,EN,Federal Contract Tower,0,0,5,0,5,0,2,12,0,14,0,2,17,0,19,12,0,12,31
11/22/2021,IPT,PA,AEA,EN,Federal Contract Tower,0,1,2,0,3,0,0,8,0,8,0,1,10,0,11,0,0,0,11
11/23/2021,IPT,PA,AEA,EN,Federal Contract Tower,0,2,2,0,4,0,3,13,0,16,0,5,15,0,20,0,0,0,20
11/24/2021,IPT,PA,AEA,EN,Federal Contract Tower,0,3,4,3,10,0,0,0,0,0,0,3,4,3,10,28,0,28,38
11/25/2021,IPT,PA,AEA,EN,Federal Contract Tower,0,0,0,0,0,0,1,15,0,16,0,1,15,0,16,28,0,28,44
11/26/2021,IPT,PA,AEA,EN,Federal Contract Tower,0,2,3,0,5,0,0,3,0,3,0,2,6,0,8,0,0,0,8
11/27/2021,IPT,PA,AEA,EN,Federal Contract Tower,0,1,4,0,5,0,2,9,0,11,0,3,13,0,16,0,0,0,16
11/28/2021,IPT,PA,AEA,EN,Federal Contract Tower,0,2,6,0,8,0,0,2,0,2,0,2,8,0,10,0,0,0,10
11/29/2021,IPT,PA,AEA,EN,Federal Contract Tower,0,1,7,2,10,0,7,18,0,25,0,8,25,2,35,0,0,0,35
11/30/2021,IPT,PA,AEA,EN,Federal Contract Tower,0,2,4,0,6,0,0,0,0,0,0,2,4,0,6,0,0,0,6
12/01/2021,IPT,PA,AEA,EN,Federal Contract Tower,0,5,3,0,8,0,3,14,0,17,0,8,17,0,25,36,0,36,61
12/02/2021,IPT,PA,AEA,EN,Federal Contract Tower,0,4,6,0,10,0,2,5,0,7,0,6,11,0,17,0,0,0,17
12/03/2021,IPT,PA,AEA,EN,Federal Contract Tower,0,3,5,0,8,0,0,33,0,33,0,3,38,0,41,6,0,6,47
12/04/2021,IPT,PA,AEA,EN,Federal Contract Tower,0,1,4,0,5,0,0,24,0,24,0,1,28,0,29,10,0,10,39
12/05/2021,IPT,PA,AEA,EN,Federal Contract Tower,0,0,4,0,4,0,4,22,0,26,0,4,26,0,30,0,0,0,30
12/06/2021,IPT,PA,AEA,EN,Federal Contract Tower,0,1,6,0,7,0,1,4,0,5,0,2,10,0,12,0,0,0,12
12/07/2021,IPT,PA,AEA,EN,Federal Contract Tower,0,2,4,0,6,0,11,22,0,33,0,13,26,0,39,0,0,0,39
12/08/2021,IPT,PA,AEA,EN,Federal Contract Tower,0,2,3,0,5,0,0,0,0,0,0,2,3,0,5,0,0,0,5
12/09/2021,IPT,PA,AEA,EN,Federal Contract Tower,0,2,8,0,10,0,1,21,6,28,0,3,29,6,38,16,4,20,58
12/10/2021,IPT,PA,AEA,EN,Federal Contract Tower,0,2,9,0,11,0,2,11,0,13,0,4,20,0,24,0,0,0,24
12/11/2021,IPT,PA,AEA,EN,Federal Contract Tower,0,1,0,0,1,0,0,0,0,0,0,1,0,0,1,0,0,0,1
12/12/2021,IPT,PA,AEA,EN,Federal Contract Tower,0,0,4,0,4,0,0,35,0,35,0,0,39,0,39,4,0,4,43
12/13/2021,IPT,PA,AEA,EN,Federal Contract Tower,0,1,1,0,2,0,14,33,0,47,0,15,34,0,49,22,0,22,71
12/14/2021,IPT,PA,AEA,EN,Federal Contract Tower,0,2,1,0,3,0,0,47,0,47,0,2,48,0,50,6,0,6,56
12/15/2021,IPT,PA,AEA,EN,Federal Contract Tower,0,2,4,0,6,0,3,15,0,18,0,5,19,0,24,0,0,0,24
12/16/2021,IPT,PA,AEA,EN,Federal Contract Tower,0,2,4,0,6,0,8,22,0,30,0,10,26,0,36,8,0,8,44
12/17/2021,IPT,PA,AEA,EN,Federal Contract Tower,0,2,6,0,8,0,9,23,0,32,0,11,29,0,40,8,0,8,48
12/18/2021,IPT,PA,AEA,EN,Federal Contract Tower,0,1,3,0,4,0,0,0,0,0,0,1,3,0,4,0,0,0,4
12/19/2021,IPT,PA,AEA,EN,Federal Contract Tower,0,0,2,0,2,0,10,22,0,32,0,10,24,0,34,0,0,0,34
12/20/2021,IPT,PA,AEA,EN,Federal Contract Tower,0,1,4,2,7,0,1,32,0,33,0,2,36,2,40,0,0,0,40
12/21/2021,IPT,PA,AEA,EN,Federal Contract Tower,0,6,5,0,11,0,6,48,0,54,0,12,53,0,65,0,0,0,65
12/22/2021,IPT,PA,AEA,EN,Federal Contract Tower,0,7,2,0,9,0,2,9,4,15,0,9,11,4,24,0,0,0,24
12/23/2021,IPT,PA,AEA,EN,Federal Contract Tower,0,5,6,0,11,0,1,14,0,15,0,6,20,0,26,32,0,32,58
12/24/2021,IPT,PA,AEA,EN,Federal Contract Tower,0,1,2,0,3,0,9,15,0,24,0,10,17,0,27,14,0,14,41
12/25/2021,IPT,PA,AEA,EN,Federal Contract Tower,0,0,1,0,1,0,0,0,0,0,0,0,1,0,1,0,0,0,1
12/26/2021,IPT,PA,AEA,EN,Federal Contract Tower,0,1,2,0,3,0,0,19,0,19,0,1,21,0,22,6,0,6,28
12/27/2021,IPT,PA,AEA,EN,Federal Contract Tower,0,1,2,0,3,0,0,4,0,4,0,1,6,0,7,0,0,0,7
12/28/2021,IPT,PA,AEA,EN,Federal Contract Tower,0,7,5,0,12,0,0,4,0,4,0,7,9,0,16,0,0,0,16
12/29/2021,IPT,PA,AEA,EN,Federal Contract Tower,0,4,13,0,17,0,0,0,0,0,0,4,13,0,17,6,0,6,23
12/31/2021,IPT,PA,AEA,EN,Federal Contract Tower,0,0,4,0,4,0,0,3,0,3,0,0,7,0,7,10,0,10,17
01/01/2022,IPT,PA,AEA,EN,Federal Contract Tower,0,0,2,0,2,0,0,0,0,0,0,0,2,0,2,0,0,0,2
01/02/2022,IPT,PA,AEA,EN,Federal Contract Tower,0,0,2,0,2,0,0,0,0,0,0,0,2,0,2,0,0,0,2
01/03/2022,IPT,PA,AEA,EN,Federal Contract Tower,0,3,2,0,5,0,6,20,0,26,0,9,22,0,31,0,0,0,31
01/04/2022,IPT,PA,AEA,EN,Federal Contract Tower,0,2,3,0,5,0,0,22,10,32,0,2,25,10,37,24,8,32,69
01/05/2022,IPT,PA,AEA,EN,Federal Contract Tower,0,2,3,0,5,0,3,8,0,11,0,5,11,0,16,0,0,0,16
01/06/2022,IPT,PA,AEA,EN,Federal Contract Tower,0,4,4,0,8,0,2,12,0,14,0,6,16,0,22,6,0,6,28
01/07/2022,IPT,PA,AEA,EN,Federal Contract Tower,0,3,7,0,10,0,3,0,0,3,0,6,7,0,13,0,0,0,13
01/08/2022,IPT,PA,AEA,EN,Federal Contract Tower,0,3,5,0,8,0,4,28,0,32,0,7,33,0,40,46,0,46,86
01/09/2022,IPT,PA,AEA,EN,Federal Contract Tower,0,2,1,0,3,0,0,0,0,0,0,2,1,0,3,0,0,0,3
01/10/2022,IPT,PA,AEA,EN,Federal Contract Tower,0,2,2,0,4,0,3,3,0,6,0,5,5,0,10,0,0,0,10
01/11/2022,IPT,PA,AEA,EN,Federal Contract Tower,0,2,3,0,5,0,2,6,0,8,0,4,9,0,13,0,0,0,13
01/12/2022,IPT,PA,AEA,EN,Federal Contract Tower,0,2,0,0,2,0,2,5,0,7,0,4,5,0,9,4,0,4,13
01/13/2022,IPT,PA,AEA,EN,Federal Contract Tower,0,2,3,0,5,0,2,8,0,10,0,4,11,0,15,30,0,30,45
01/14/2022,IPT,PA,AEA,EN,Federal Contract Tower,0,3,3,0,6,0,8,2,0,10,0,11,5,0,16,0,0,0,16
01/15/2022,IPT,PA,AEA,EN,Federal Contract Tower,0,1,6,0,7,0,17,13,0,30,0,18,19,0,37,6,0,6,43
01/16/2022,IPT,PA,AEA,EN,Federal Contract Tower,0,0,4,0,4,0,0,5,0,5,0,0,9,0,9,4,0,4,13
01/17/2022,IPT,PA,AEA,EN,Federal Contract Tower,0,1,2,0,3,0,0,0,0,0,0,1,2,0,3,0,0,0,3
01/18/2022,IPT,PA,AEA,EN,Federal Contract Tower,0,2,5,0,7,0,5,0,0,5,0,7,5,0,12,0,0,0,12
01/19/2022,IPT,PA,AEA,EN,Federal Contract Tower,0,2,5,0,7,0,5,21,0,26,0,7,26,0,33,6,0,6,39
01/20/2022,IPT,PA,AEA,EN,Federal Contract Tower,0,2,2,3,7,0,5,9,6,20,0,7,11,9,27,4,16,20,47
01/21/2022,IPT,PA,AEA,EN,Federal Contract Tower,0,4,7,0,11,0,2,13,0,15,0,6,20,0,26,0,0,0,26
01/22/2022,IPT,PA,AEA,EN,Federal Contract Tower,0,1,2,0,3,0,2,11,0,13,0,3,13,0,16,8,0,8,24
01/23/2022,IPT,PA,AEA,EN,Federal Contract Tower,0,0,0,0,0,0,2,6,0,8,0,2,6,0,8,14,0,14,22
01/24/2022,IPT,PA,AEA,EN,Federal Contract Tower,0,1,5,0,6,0,5,9,0,14,0,6,14,0,20,26,0,26,46
01/25/2022,IPT,PA,AEA,EN,Federal Contract Tower,0,7,5,0,12,0,0,0,0,0,0,7,5,0,12,0,0,0,12
01/26/2022,IPT,PA,AEA,EN,Federal Contract Tower,0,2,8,0,10,0,5,15,0,20,0,7,23,0,30,0,2,2,32
01/27/2022,IPT,PA,AEA,EN,Federal Contract Tower,0,2,14,0,16,0,4,24,0,28,0,6,38,0,44,4,0,4,48
01/28/2022,IPT,PA,AEA,EN,Federal Contract Tower,0,2,1,0,3,0,0,0,0,0,0,2,1,0,3,0,0,0,3
01/29/2022,IPT,PA,AEA,EN,Federal Contract Tower,0,1,0,0,1,0,0,3,0,3,0,1,3,0,4,0,0,0,4
01/30/2022,IPT,PA,AEA,EN,Federal Contract Tower,0,0,7,0,7,0,5,22,0,27,0,5,29,0,34,24,0,24,58
01/31/2022,IPT,PA,AEA,EN,Federal Contract Tower,0,0,8,0,8,0,16,14,0,30,0,16,22,0,38,6,0,6,44
02/01/2022,IPT,PA,AEA,EN,Federal Contract Tower,0,2,9,0,11,0,0,35,0,35,0,2,44,0,46,0,0,0,46
02/02/2022,IPT,PA,AEA,EN,Federal Contract Tower,0,6,3,0,9,0,3,5,0,8,0,9,8,0,17,0,0,0,17
02/03/2022,IPT,PA,AEA,EN,Federal Contract Tower,0,0,1,0,1,0,0,0,0,0,0,0,1,0,1,0,0,0,1
02/04/2022,IPT,PA,AEA,EN,Federal Contract Tower,0,0,0,0,0,0,0,1,0,1,0,0,1,0,1,0,0,0,1
02/05/2022,IPT,PA,AEA,EN,Federal Contract Tower,0,0,2,0,2,0,0,3,0,3,0,0,5,0,5,0,0,0,5
02/06/2022,IPT,PA,AEA,EN,Federal Contract Tower,0,0,2,0,2,0,1,37,0,38,0,1,39,0,40,8,0,8,48
02/07/2022,IPT,PA,AEA,EN,Federal Contract Tower,0,3,10,2,15,0,2,20,0,22,0,5,30,2,37,0,0,0,37
02/08/2022,IPT,PA,AEA,EN,Federal Contract Tower,0,3,6,0,9,0,0,2,0,2,0,3,8,0,11,0,0,0,11
02/09/2022,IPT,PA,AEA,EN,Federal Contract Tower,0,3,13,0,16,0,0,43,0,43,0,3,56,0,59,8,0,8,67
02/10/2022,IPT,PA,AEA,EN,Federal Contract Tower,0,3,5,0,8,0,2,6,0,8,0,5,11,0,16,0,0,0,16
02/11/2022,IPT,PA,AEA,EN,Federal Contract Tower,0,3,4,0,7,0,10,28,0,38,0,13,32,0,45,0,0,0,45
02/12/2022,IPT,PA,AEA,EN,Federal Contract Tower,0,1,1,0,2,0,2,11,0,13,0,3,12,0,15,0,0,0,15
02/13/2022,IPT,PA,AEA,EN,Federal Contract Tower,0,0,3,0,3,0,6,20,0,26,0,6,23,0,29,30,0,30,59
02/14/2022,IPT,PA,AEA,EN,Federal Contract Tower,0,0,5,0,5,0,7,21,0,28,0,7,26,0,33,2,0,2,35
02/15/2022,IPT,PA,AEA,EN,Federal Contract Tower,0,3,7,0,10,0,0,28,0,28,0,3,35,0,38,0,0,0,38
02/16/2022,IPT,PA,AEA,EN,Federal Contract Tower,0,2,11,0,13,0,4,18,0,22,0,6,29,0,35,0,0,0,35
02/17/2022,IPT,PA,AEA,EN,Federal Contract Tower,0,4,7,0,11,0,0,0,0,0,0,4,7,0,11,0,0,0,11
02/18/2022,IPT,PA,AEA,EN,Federal Contract Tower,0,1,4,0,5,0,3,11,0,14,0,4,15,0,19,0,0,0,19
02/19/2022,IPT,PA,AEA,EN,Federal Contract Tower,0,0,6,0,6,0,0,0,0,0,0,0,6,0,6,0,0,0,6
02/20/2022,IPT,PA,AEA,EN,Federal Contract Tower,0,0,2,0,2,0,5,22,0,27,0,5,24,0,29,16,0,16,45
02/21/2022,IPT,PA,AEA,EN,Federal Contract Tower,0,1,14,0,15,0,2,56,0,58,0,3,70,0,73,2,0,2,75
02/22/2022,IPT,PA,AEA,EN,Federal Contract Tower,0,2,8,0,10,0,1,1,0,2,0,3,9,0,12,0,0,0,12
02/23/2022,IPT,PA,AEA,EN,Federal Contract Tower,0,2,14,0,16,0,2,4,6,12,0,4,18,6,28,0,0,0,28
02/24/2022,IPT,PA,AEA,EN,Federal Contract Tower,0,1,8,0,9,0,4,13,0,17,0,5,21,0,26,0,0,0,26
02/25/2022,IPT,PA,AEA,EN,Federal Contract Tower,0,1,0,0,1,0,0,0,0,0,0,1,0,0,1,0,0,0,1
02/26/2022,IPT,PA,AEA,EN,Federal Contract Tower,0,3,3,0,6,0,6,22,0,28,0,9,25,0,34,6,0,6,40
02/27/2022,IPT,PA,AEA,EN,Federal Contract Tower,0,1,14,0,15,0,4,12,0,16,0,5,26,0,31,0,0,0,31
02/28/2022,IPT,PA,AEA,EN,Federal Contract Tower,0,3,8,0,11,0,2,38,0,40,0,5,46,0,51,10,0,10,61
03/01/2022,IPT,PA,AEA,EN,Federal Contract Tower,0,4,7,0,11,0,0,16,0,16,0,4,23,0,27,0,0,0,27
03/02/2022,IPT,PA,AEA,EN,Federal Contract Tower,0,2,7,0,9,0,7,41,0,48,0,9,48,0,57,28,0,28,85
03/03/2022,IPT,PA,AEA,EN,Federal Contract Tower,0,3,5,0,8,0,0,20,2,22,0,3,25,2,30,2,0,2,32
03/04/2022,IPT,PA,AEA,EN,Federal Contract Tower,0,6,7,0,13,0,9,31,0,40,0,15,38,0,53,2,0,2,55
03/05/2022,IPT,PA,AEA,EN,Federal Contract Tower,0,0,10,0,10,0,4,24,0,28,0,4,34,0,38,6,0,6,44
03/06/2022,IPT,PA,AEA,EN,Federal Contract Tower,0,0,5,0,5,0,2,4,0,6,0,2,9,0,11,0,0,0,11
03/07/2022,IPT,PA,AEA,EN,Federal Contract Tower,0,1,3,0,4,0,0,0,0,0,0,1,3,0,4,0,0,0,4
03/08/2022,IPT,PA,AEA,EN,Federal Contract Tower,0,2,1,0,3,0,3,10,2,15,0,5,11,2,18,0,0,0,18
03/09/2022,IPT,PA,AEA,EN,Federal Contract Tower,0,1,4,0,5,0,0,0,0,0,0,1,4,0,5,0,0,0,5
03/10/2022,IPT,PA,AEA,EN,Federal Contract Tower,0,4,7,1,12,0,2,3,1,6,0,6,10,2,18,0,0,0,18
03/11/2022,IPT,PA,AEA,EN,Federal Contract Tower,0,3,9,0,12,0,6,23,0,29,0,9,32,0,41,40,0,40,81
03/12/2022,IPT,PA,AEA,EN,Federal Contract Tower,0,4,2,0,6,0,0,0,0,0,0,4,2,0,6,0,0,0,6
03/13/2022,IPT,PA,AEA,EN,Federal Contract Tower,0,0,0,0,0,0,6,2,0,8,0,6,2,0,8,0,0,0,8
03/14/2022,IPT,PA,AEA,EN,Federal Contract Tower,0,1,3,0,4,0,8,34,0,42,0,9,37,0,46,10,0,10,56
03/15/2022,IPT,PA,AEA,EN,Federal Contract Tower,0,2,1,0,3,0,1,23,0,24,0,3,24,0,27,0,0,0,27
03/16/2022,IPT,PA,AEA,EN,Federal Contract Tower,0,3,7,0,10,0,0,41,0,41,0,3,48,0,51,6,0,6,57
03/17/2022,IPT,PA,AEA,EN,Federal Contract Tower,0,2,11,0,13,0,5,11,0,16,0,7,22,0,29,10,0,10,39
03/18/2022,IPT,PA,AEA,EN,Federal Contract Tower,0,2,6,0,8,0,4,28,0,32,0,6,34,0,40,20,0,20,60
03/19/2022,IPT,PA,AEA,EN,Federal Contract Tower,0,4,2,0,6,0,0,6,0,6,0,4,8,0,12,0,0,0,12
03/20/2022,IPT,PA,AEA,EN,Federal Contract Tower,0,0,10,0,10,0,7,14,0,21,0,7,24,0,31,32,0,32,63
03/21/2022,IPT,PA,AEA,EN,Federal Contract Tower,0,1,7,0,8,0,5,36,0,41,0,6,43,0,49,2,0,2,51
03/22/2022,IPT,PA,AEA,EN,Federal Contract Tower,0,2,2,0,4,0,0,25,2,27,0,2,27,2,31,12,2,14,45
03/23/2022,IPT,PA,AEA,EN,Federal Contract Tower,0,3,1,0,4,0,1,12,0,13,0,4,13,0,17,0,0,0,17
03/24/2022,IPT,PA,AEA,EN,Federal Contract Tower,0,3,10,0,13,0,0,0,0,0,0,3,10,0,13,0,0,0,13
03/25/2022,IPT,PA,AEA,EN,Federal Contract Tower,0,1,12,0,13,0,3,18,0,21,0,4,30,0,34,8,0,8,42
03/26/2022,IPT,PA,AEA,EN,Federal Contract Tower,0,1,3,0,4,0,2,1,0,3,0,3,4,0,7,0,0,0,7
03/27/2022,IPT,PA,AEA,EN,Federal Contract Tower,0,0,1,0,1,0,0,0,0,0,0,0,1,0,1,0,0,0,1
03/28/2022,IPT,PA,AEA,EN,Federal Contract Tower,0,1,6,0,7,0,2,3,0,5,0,3,9,0,12,0,0,0,12
03/29/2022,IPT,PA,AEA,EN,Federal Contract Tower,0,2,6,0,8,0,2,23,2,27,0,4,29,2,35,0,8,8,43
03/30/2022,IPT,PA,AEA,EN,Federal Contract Tower,0,6,1,0,7,0,2,4,0,6,0,8,5,0,13,0,0,0,13
03/31/2022,IPT,PA,AEA,EN,Federal Contract Tower,0,2,1,0,3,0,1,2,0,3,0,3,3,0,6,0,0,0,6
04/01/2022,IPT,PA,AEA,EN,Federal Contract Tower,0,6,1,0,7,0,4,5,0,9,0,10,6,0,16,18,0,18,34
04/02/2022,IPT,PA,AEA,EN,Federal Contract Tower,0,3,8,0,11,0,3,45,0,48,0,6,53,0,59,8,0,8,67
04/03/2022,IPT,PA,AEA,EN,Federal Contract Tower,0,1,4,0,5,0,4,1,0,5,0,5,5,0,10,0,0,0,10
04/04/2022,IPT,PA,AEA,EN,Federal Contract Tower,0,1,6,0,7,0,13,55,2,70,0,14,61,2,77,26,0,26,103
04/05/2022,IPT,PA,AEA,EN,Federal Contract Tower,0,1,11,0,12,0,2,33,0,35,0,3,44,0,47,0,0,0,47
04/06/2022,IPT,PA,AEA,EN,Federal Contract Tower,0,3,10,0,13,0,2,3,0,5,0,5,13,0,18,10,0,10,28
04/07/2022,IPT,PA,AEA,EN,Federal Contract Tower,0,3,3,0,6,0,0,0,0,0,0,3,3,0,6,0,0,0,6
04/08/2022,IPT,PA,AEA,EN,Federal Contract Tower,0,2,5,0,7,0,0,24,0,24,0,2,29,0,31,12,0,12,43
04/09/2022,IPT,PA,AEA,EN,Federal Contract Tower,0,1,2,0,3,0,0,5,0,5,0,1,7,0,8,26,0,26,34
04/10/2022,IPT,PA,AEA,EN,Federal Contract Tower,0,0,0,0,0,0,0,12,0,12,0,0,12,0,12,8,0,8,20
04/11/2022,IPT,PA,AEA,EN,Federal Contract Tower,0,1,6,0,7,0,4,68,4,76,0,5,74,4,83,0,0,0,83
04/12/2022,IPT,PA,AEA,EN,Federal Contract Tower,0,4,15,0,19,0,0,47,2,49,0,4,62,2,68,14,0,14,82
04/13/2022,IPT,PA,AEA,EN,Federal Contract Tower,0,4,8,1,13,0,4,21,1,26,0,8,29,2,39,0,0,0,39
04/14/2022,IPT,PA,AEA,EN,Federal Contract Tower,0,2,7,0,9,0,2,16,0,18,0,4,23,0,27,6,0,6,33
04/15/2022,IPT,PA,AEA,EN,Federal Contract Tower,0,2,2,0,4,0,0,26,0,26,0,2,28,0,30,0,0,0,30
04/16/2022,IPT,PA,AEA,EN,Federal Contract Tower,0,1,8,0,9,0,1,6,0,7,0,2,14,0,16,22,0,22,38
04/17/2022,IPT,PA,AEA,EN,Federal Contract Tower,0,2,0,0,2,0,0,3,0,3,0,2,3,0,5,0,0,0,5
04/18/2022,IPT,PA,AEA,EN,Federal Contract Tower,0,0,4,0,4,0,0,9,0,9,0,0,13,0,13,0,0,0,13
04/19/2022,IPT,PA,AEA,EN,Federal Contract Tower,0,1,8,0,9,0,0,5,0,5,0,1,13,0,14,0,2,2,16
04/20/2022,IPT,PA,AEA,EN,Federal Contract Tower,0,6,9,0,15,0,5,28,2,35,0,11,37,2,50,12,0,12,62
04/21/2022,IPT,PA,AEA,EN,Federal Contract Tower,0,4,5,0,9,0,1,6,0,7,0,5,11,0,16,4,0,4,20
04/22/2022,IPT,PA,AEA,EN,Federal Contract Tower,0,5,5,0,10,0,12,36,0,48,0,17,41,0,58,8,0,8,66
04/23/2022,IPT,PA,AEA,EN,Federal Contract Tower,0,0,7,0,7,0,1,16,0,17,0,1,23,0,24,10,0,10,34
04/24/2022,IPT,PA,AEA,EN,Federal Contract Tower,0,1,9,0,10,0,3,41,0,44,0,4,50,0,54,10,0,10,64
04/25/2022,IPT,PA,AEA,EN,Federal Contract Tower,0,1,11,0,12,0,5,38,0,43,0,6,49,0,55,0,0,0,55
04/26/2022,IPT,PA,AEA,EN,Federal Contract Tower,0,3,6,0,9,0,0,1,0,1,0,3,7,0,10,0,0,0,10
04/27/2022,IPT,PA,AEA,EN,Federal Contract Tower,0,2,2,1,5,0,1,2,7,10,0,3,4,8,15,0,0,0,15
04/28/2022,IPT,PA,AEA,EN,Federal Contract Tower,0,2,8,2,12,0,13,4,1,18,0,15,12,3,30,0,0,0,30
04/29/2022,IPT,PA,AEA,EN,Federal Contract Tower,0,2,9,0,11,0,15,27,0,42,0,17,36,0,53,0,0,0,53
04/30/2022,IPT,PA,AEA,EN,Federal Contract Tower,0,4,3,0,7,0,6,30,0,36,0,10,33,0,43,12,0,12,55
05/01/2022,IPT,PA,AEA,EN,Federal Contract Tower,0,0,5,0,5,0,2,30,0,32,0,2,35,0,37,0,0,0,37
05/02/2022,IPT,PA,AEA,EN,Federal Contract Tower,0,1,23,0,24,0,0,19,0,19,0,1,42,0,43,18,0,18,61
05/03/2022,IPT,PA,AEA,EN,Federal Contract Tower,0,2,4,0,6,0,0,25,0,25,0,2,29,0,31,6,0,6,37
05/04/2022,IPT,PA,AEA,EN,Federal Contract Tower,0,2,5,0,7,0,0,0,0,0,0,2,5,0,7,0,0,0,7
05/05/2022,IPT,PA,AEA,EN,Federal Contract Tower,0,3,2,0,5,0,1,45,0,46,0,4,47,0,51,32,0,32,83
05/06/2022,IPT,PA,AEA,EN,Federal Contract Tower,0,6,9,0,15,0,0,0,0,0,0,6,9,0,15,0,0,0,15
05/07/2022,IPT,PA,AEA,EN,Federal Contract Tower,0,1,2,0,3,0,7,1,0,8,0,8,3,0,11,0,0,0,11
05/08/2022,IPT,PA,AEA,EN,Federal Contract Tower,0,0,7,0,7,0,5,34,0,39,0,5,41,0,46,20,0,20,66
05/09/2022,IPT,PA,AEA,EN,Federal Contract Tower,0,1,10,1,12,0,9,62,6,77,0,10,72,7,89,8,8,16,105
05/10/2022,IPT,PA,AEA,EN,Federal Contract Tower,0,2,5,1,8,0,2,39,4,45,0,4,44,5,53,44,2,46,99
05/11/2022,IPT,PA,AEA,EN,Federal Contract Tower,0,3,8,0,11,0,4,43,0,47,0,7,51,0,58,10,0,10,68
05/12/2022,IPT,PA,AEA,EN,Federal Contract Tower,0,2,10,0,12,0,6,24,2,32,0,8,34,2,44,8,0,8,52
05/13/2022,IPT,PA,AEA,EN,Federal Contract Tower,0,2,9,0,11,0,4,14,0,18,0,6,23,0,29,14,0,14,43
05/14/2022,IPT,PA,AEA,EN,Federal Contract Tower,0,1,6,0,7,0,5,4,0,9,0,6,10,0,16,0,0,0,16
05/15/2022,IPT,PA,AEA,EN,Federal Contract Tower,0,0,7,0,7,0,10,42,0,52,0,10,49,0,59,0,0,0,59
05/16/2022,IPT,PA,AEA,EN,Federal Contract Tower,0,5,0,0,5,0,10,20,0,30,0,15,20,0,35,0,0,0,35
05/17/2022,IPT,PA,AEA,EN,Federal Contract Tower,0,2,5,7,14,0,4,28,1,33,0,6,33,8,47,2,0,2,49
05/18/2022,IPT,PA,AEA,EN,Federal Contract Tower,0,2,7,0,9,0,7,36,0,43,0,9,43,0,52,12,0,12,64
05/19/2022,IPT,PA,AEA,EN,Federal Contract Tower,0,2,10,0,12,0,3,21,0,24,0,5,31,0,36,0,0,0,36
05/20/2022,IPT,PA,AEA,EN,Federal Contract Tower,0,4,8,0,12,0,5,22,0,27,0,9,30,0,39,6,0,6,45
05/21/2022,IPT,PA,AEA,EN,Federal Contract Tower,0,3,5,0,8,0,3,30,0,33,0,6,35,0,41,8,0,8,49
05/22/2022,IPT,PA,AEA,EN,Federal Contract Tower,0,2,4,0,6,0,9,17,0,26,0,11,21,0,32,0,0,0,32
05/23/2022,IPT,PA,AEA,EN,Federal Contract Tower,0,1,6,0,7,0,7,32,0,39,0,8,38,0,46,0,0,0,46
05/24/2022,IPT,PA,AEA,EN,Federal Contract Tower,0,2,13,0,15,0,1,37,4,42,0,3,50,4,57,16,0,16,73
05/25/2022,IPT,PA,AEA,EN,Federal Contract Tower,0,3,13,0,16,0,2,31,2,35,0,5,44,2,51,2,0,2,53
05/26/2022,IPT,PA,AEA,EN,Federal Contract Tower,0,4,13,0,17,0,3,15,2,20,0,7,28,2,37,0,0,0,37
05/27/2022,IPT,PA,AEA,EN,Federal Contract Tower,0,3,4,0,7,0,4,7,0,11,0,7,11,0,18,0,0,0,18
05/28/2022,IPT,PA,AEA,EN,Federal Contract Tower,0,3,4,0,7,0,2,18,0,20,0,5,22,0,27,4,0,4,31
05/29/2022,IPT,PA,AEA,EN,Federal Contract Tower,0,0,5,0,5,0,2,26,0,28,0,2,31,0,33,4,0,4,37
05/30/2022,IPT,PA,AEA,EN,Federal Contract Tower,0,0,3,0,3,0,4,61,0,65,0,4,64,0,68,10,0,10,78
05/31/2022,IPT,PA,AEA,EN,Federal Contract Tower,0,1,1,3,5,0,2,41,1,44,0,3,42,4,49,16,0,16,65
06/01/2022,IPT,PA,AEA,EN,Federal Contract Tower,0,8,11,0,19,0,1,44,0,45,0,9,55,0,64,8,0,8,72
06/02/2022,IPT,PA,AEA,EN,Federal Contract Tower,0,2,9,0,11,0,2,6,0,8,0,4,15,0,19,0,0,0,19
06/03/2022,IPT,PA,AEA,EN,Federal Contract Tower,0,6,7,0,13,0,9,40,0,49,0,15,47,0,62,2,0,2,64
06/04/2022,IPT,PA,AEA,EN,Federal Contract Tower,0,7,9,0,16,0,6,27,0,33,0,13,36,0,49,6,0,6,55
06/05/2022,IPT,PA,AEA,EN,Federal Contract Tower,0,8,6,0,14,0,5,35,0,40,0,13,41,0,54,4,0,4,58
06/06/2022,IPT,PA,AEA,EN,Federal Contract Tower,0,1,3,0,4,0,9,38,0,47,0,10,41,0,51,6,0,6,57
06/07/2022,IPT,PA,AEA,EN,Federal Contract Tower,0,2,1,0,3,0,0,1,0,1,0,2,2,0,4,0,0,0,4
06/08/2022,IPT,PA,AEA,EN,Federal Contract Tower,0,4,7,0,11,0,2,39,2,43,0,6,46,2,54,22,0,22,76
06/09/2022,IPT,PA,AEA,EN,Federal Contract Tower,0,4,6,0,10,0,1,35,0,36,0,5,41,0,46,0,0,0,46
06/10/2022,IPT,PA,AEA,EN,Federal Contract Tower,0,1,9,0,10,0,5,59,0,64,0,6,68,0,74,6,0,6,80
06/11/2022,IPT,PA,AEA,EN,Federal Contract Tower,0,0,4,0,4,0,7,61,0,68,0,7,65,0,72,22,0,22,94
06/12/2022,IPT,PA,AEA,EN,Federal Contract Tower,0,0,9,0,9,0,4,16,0,20,0,4,25,0,29,0,0,0,29
06/13/2022,IPT,PA,AEA,EN,Federal Contract Tower,0,0,7,0,7,0,6,32,0,38,0,6,39,0,45,8,0,8,53
06/14/2022,IPT,PA,AEA,EN,Federal Contract Tower,0,3,5,0,8,0,2,25,0,27,0,5,30,0,35,0,0,0,35
06/15/2022,IPT,PA,AEA,EN,Federal Contract Tower,0,2,11,0,13,0,5,21,0,26,0,7,32,0,39,0,0,0,39
06/16/2022,IPT,PA,AEA,EN,Federal Contract Tower,0,2,14,0,16,0,2,11,0,13,0,4,25,0,29,0,0,0,29
06/17/2022,IPT,PA,AEA,EN,Federal Contract Tower,0,5,1,2,8,0,5,52,4,61,0,10,53,6,69,0,0,0,69
06/18/2022,IPT,PA,AEA,EN,Federal Contract Tower,0,2,5,0,7,0,3,62,0,65,0,5,67,0,72,0,0,0,72
06/19/2022,IPT,PA,AEA,EN,Federal Contract Tower,0,2,5,0,7,0,6,39,0,45,0,8,44,0,52,4,0,4,56
06/20/2022,IPT,PA,AEA,EN,Federal Contract Tower,0,1,10,0,11,0,10,59,0,69,0,11,69,0,80,26,0,26,106
06/21/2022,IPT,PA,AEA,EN,Federal Contract Tower,0,3,10,0,13,0,0,46,0,46,0,3,56,0,59,14,0,14,73
06/22/2022,IPT,PA,AEA,EN,Federal Contract Tower,0,4,5,0,9,0,5,21,2,28,0,9,26,2,37,0,0,0,37
06/23/2022,IPT,PA,AEA,EN,Federal Contract Tower,0,2,10,0,12,0,2,6,0,8,0,4,16,0,20,0,0,0,20
06/24/2022,IPT,PA,AEA,EN,Federal Contract Tower,0,2,15,0,17,0,6,40,0,46,0,8,55,0,63,22,0,22,85
06/25/2022,IPT,PA,AEA,EN,Federal Contract Tower,0,1,6,0,7,0,8,47,0,55,0,9,53,0,62,10,0,10,72
06/26/2022,IPT,PA,AEA,EN,Federal Contract Tower,0,0,5,0,5,0,2,35,0,37,0,2,40,0,42,0,0,0,42
06/27/2022,IPT,PA,AEA,EN,Federal Contract Tower,0,1,11,2,14,0,8,34,0,42,0,9,45,2,56,0,0,0,56
06/28/2022,IPT,PA,AEA,EN,Federal Contract Tower,0,2,0,0,2,0,5,32,0,37,0,7,32,0,39,18,0,18,57
06/29/2022,IPT,PA,AEA,EN,Federal Contract Tower,0,2,2,0,4,0,8,39,0,47,0,10,41,0,51,22,0,22,73
06/30/2022,IPT,PA,AEA,EN,Federal Contract Tower,0,2,6,0,8,0,4,47,0,51,0,6,53,0,59,30,0,30,89
07/01/2022,IPT,PA,AEA,EN,Federal Contract Tower,0,4,6,0,10,0,15,32,0,47,0,19,38,0,57,8,0,8,65
07/02/2022,IPT,PA,AEA,EN,Federal Contract Tower,0,1,2,0,3,0,7,23,0,30,0,8,25,0,33,10,0,10,43
07/03/2022,IPT,PA,AEA,EN,Federal Contract Tower,0,0,1,0,1,0,2,31,0,33,0,2,32,0,34,16,0,16,50
07/04/2022,IPT,PA,AEA,EN,Federal Contract Tower,0,1,5,0,6,0,3,52,0,55,0,4,57,0,61,32,0,32,93
07/05/2022,IPT,PA,AEA,EN,Federal Contract Tower,0,2,5,0,7,0,0,36,0,36,0,2,41,0,43,4,0,4,47
07/06/2022,IPT,PA,AEA,EN,Federal Contract Tower,0,5,4,0,9,0,4,32,0,36,0,9,36,0,45,4,0,4,49
07/07/2022,IPT,PA,AEA,EN,Federal Contract Tower,0,3,5,0,8,0,2,26,0,28,0,5,31,0,36,0,0,0,36
07/08/2022,IPT,PA,AEA,EN,Federal Contract Tower,0,4,12,0,16,0,4,27,0,31,0,8,39,0,47,10,0,10,57
07/09/2022,IPT,PA,AEA,EN,Federal Contract Tower,0,1,8,0,9,0,0,48,0,48,0,1,56,0,57,24,0,24,81
07/10/2022,IPT,PA,AEA,EN,Federal Contract Tower,0,2,6,0,8,0,0,72,0,72,0,2,78,0,80,14,0,14,94
07/11/2022,IPT,PA,AEA,EN,Federal Contract Tower,0,1,7,0,8,0,8,51,0,59,0,9,58,0,67,8,0,8,75
07/12/2022,IPT,PA,AEA,EN,Federal Contract Tower,0,4,2,0,6,0,0,2,0,2,0,4,4,0,8,0,0,0,8
07/13/2022,IPT,PA,AEA,EN,Federal Contract Tower,0,2,8,1,11,0,0,33,1,34,0,2,41,2,45,6,0,6,51
07/14/2022,IPT,PA,AEA,EN,Federal Contract Tower,0,4,12,0,16,0,0,24,0,24,0,4,36,0,40,20,0,20,60
07/15/2022,IPT,PA,AEA,EN,Federal Contract Tower,0,4,12,0,16,0,4,34,0,38,0,8,46,0,54,4,0,4,58
07/16/2022,IPT,PA,AEA,EN,Federal Contract Tower,0,3,6,0,9,0,4,27,0,31,0,7,33,0,40,6,0,6,46
07/17/2022,IPT,PA,AEA,EN,Federal Contract Tower,0,0,13,0,13,0,0,36,0,36,0,0,49,0,49,0,0,0,49
07/18/2022,IPT,PA,AEA,EN,Federal Contract Tower,0,1,4,0,5,0,7,2,0,9,0,8,6,0,14,0,0,0,14
07/19/2022,IPT,PA,AEA,EN,Federal Contract Tower,0,0,4,0,4,0,16,45,4,65,0,16,49,4,69,8,0,8,77
07/20/2022,IPT,PA,AEA,EN,Federal Contract Tower,0,2,6,0,8,0,6,32,0,38,0,8,38,0,46,2,2,4,50
07/21/2022,IPT,PA,AEA,EN,Federal Contract Tower,0,2,8,0,10,0,5,18,0,23,0,7,26,0,33,0,0,0,33
07/22/2022,IPT,PA,AEA,EN,Federal Contract Tower,0,3,6,0,9,0,4,18,0,22,0,7,24,0,31,6,0,6,37
07/23/2022,IPT,PA,AEA,EN,Federal Contract Tower,0,3,3,0,6,0,1,18,0,19,0,4,21,0,25,0,2,2,27
07/24/2022,IPT,PA,AEA,EN,Federal Contract Tower,0,2,5,0,7,0,0,28,0,28,0,2,33,0,35,0,0,0,35
07/25/2022,IPT,PA,AEA,EN,Federal Contract Tower,0,1,8,0,9,0,6,12,0,18,0,7,20,0,27,6,0,6,33
07/26/2022,IPT,PA,AEA,EN,Federal Contract Tower,0,5,8,0,13,0,10,51,0,61,0,15,59,0,74,0,0,0,74
07/27/2022,IPT,PA,AEA,EN,Federal Contract Tower,0,2,9,0,11,0,6,22,0,28,0,8,31,0,39,34,0,34,73
07/28/2022,IPT,PA,AEA,EN,Federal Contract Tower,0,5,14,0,19,0,4,18,0,22,0,9,32,0,41,24,0,24,65
07/29/2022,IPT,PA,AEA,EN,Federal Contract Tower,0,4,7,0,11,0,4,12,0,16,0,8,19,0,27,0,8,8,35
07/30/2022,IPT,PA,AEA,EN,Federal Contract Tower,0,1,6,0,7,0,4,38,0,42,0,5,44,0,49,6,0,6,55
07/31/2022,IPT,PA,AEA,EN,Federal Contract Tower,0,1,8,0,9,0,0,37,0,37,0,1,45,0,46,4,0,4,50
08/01/2022,IPT,PA,AEA,EN,Federal Contract Tower,0,3,9,0,12,0,6,41,0,47,0,9,50,0,59,4,0,4,63
08/02/2022,IPT,PA,AEA,EN,Federal Contract Tower,0,2,8,0,10,0,7,41,0,48,0,9,49,0,58,2,0,2,60
08/03/2022,IPT,PA,AEA,EN,Federal Contract Tower,0,2,8,0,10,0,10,48,0,58,0,12,56,0,68,8,0,8,76
08/05/2022,IPT,PA,AEA,EN,Federal Contract Tower,0,2,4,0,6,0,1,8,0,9,0,3,12,0,15,0,0,0,15
08/06/2022,IPT,PA,AEA,EN,Federal Contract Tower,0,1,4,0,5,0,3,10,0,13,0,4,14,0,18,16,0,16,34
08/07/2022,IPT,PA,AEA,EN,Federal Contract Tower,0,0,3,0,3,0,5,18,0,23,0,5,21,0,26,14,0,14,40
08/08/2022,IPT,PA,AEA,EN,Federal Contract Tower,0,1,10,0,11,0,0,18,0,18,0,1,28,0,29,12,0,12,41
08/09/2022,IPT,PA,AEA,EN,Federal Contract Tower,0,2,7,0,9,0,15,8,0,23,0,17,15,0,32,12,0,12,44
08/10/2022,IPT,PA,AEA,EN,Federal Contract Tower,0,4,3,0,7,0,8,30,0,38,0,12,33,0,45,0,0,0,45
08/11/2022,IPT,PA,AEA,EN,Federal Contract Tower,0,4,9,0,13,0,6,26,0,32,0,10,35,0,45,6,0,6,51
08/12/2022,IPT,PA,AEA,EN,Federal Contract Tower,0,3,5,0,8,0,4,30,2,36,0,7,35,2,44,48,0,48,92
08/13/2022,IPT,PA,AEA,EN,Federal Contract Tower,0,3,1,0,4,0,2,30,0,32,0,5,31,0,36,34,0,34,70
08/14/2022,IPT,PA,AEA,EN,Federal Contract Tower,0,0,8,0,8,0,3,39,0,42,0,3,47,0,50,0,0,0,50
08/15/2022,IPT,PA,AEA,EN,Federal Contract Tower,0,3,6,0,9,0,2,17,0,19,0,5,23,0,28,18,0,18,46
08/16/2022,IPT,PA,AEA,EN,Federal Contract Tower,0,4,11,0,15,0,2,23,0,25,0,6,34,0,40,0,0,0,40
08/17/2022,IPT,PA,AEA,EN,Federal Contract Tower,0,1,11,0,12,0,3,31,0,34,0,4,42,0,46,2,0,2,48
08/18/2022,IPT,PA,AEA,EN,Federal Contract Tower,0,1,10,0,11,0,2,26,0,28,0,3,36,0,39,4,0,4,43
08/19/2022,IPT,PA,AEA,EN,Federal Contract Tower,0,1,11,0,12,0,2,38,0,40,0,3,49,0,52,20,0,20,72
08/20/2022,IPT,PA,AEA,EN,Federal Contract Tower,0,2,10,0,12,0,0,46,0,46,0,2,56,0,58,12,0,12,70
08/21/2022,IPT,PA,AEA,EN,Federal Contract Tower,4,6,18,0,28,0,2,25,6,33,4,8,43,6,61,0,0,0,61
08/22/2022,IPT,PA,AEA,EN,Federal Contract Tower,0,4,11,0,15,0,2,4,0,6,0,6,15,0,21,0,0,0,21
08/23/2022,IPT,PA,AEA,EN,Federal Contract Tower,0,2,3,0,5,0,0,28,0,28,0,2,31,0,33,0,0,0,33
08/24/2022,IPT,PA,AEA,EN,Federal Contract Tower,0,1,6,0,7,0,2,39,0,41,0,3,45,0,48,8,0,8,56
08/25/2022,IPT,PA,AEA,EN,Federal Contract Tower,0,10,4,0,14,0,0,18,0,18,0,10,22,0,32,10,0,10,42
08/26/2022,IPT,PA,AEA,EN,Federal Contract Tower,0,3,7,0,10,0,1,13,0,14,0,4,20,0,24,10,0,10,34
08/27/2022,IPT,PA,AEA,EN,Federal Contract Tower,0,2,9,0,11,0,6,37,0,43,0,8,46,0,54,20,0,20,74
08/28/2022,IPT,PA,AEA,EN,Federal Contract Tower,0,0,7,0,7,0,8,36,0,44,0,8,43,0,51,2,0,2,53
08/29/2022,IPT,PA,AEA,EN,Federal Contract Tower,0,3,9,0,12,0,4,19,0,23,0,7,28,0,35,0,0,0,35
08/30/2022,IPT,PA,AEA,EN,Federal Contract Tower,0,4,3,0,7,0,4,20,0,24,0,8,23,0,31,18,0,18,49
08/31/2022,IPT,PA,AEA,EN,Federal Contract Tower,0,2,2,0,4,0,7,27,2,36,0,9,29,2,40,0,0,0,40
09/01/2022,IPT,PA,AEA,EN,Federal Contract Tower,0,4,5,0,9,0,0,27,0,27,0,4,32,0,36,2,0,2,38
09/02/2022,IPT,PA,AEA,EN,Federal Contract Tower,0,3,4,0,7,0,1,13,0,14,0,4,17,0,21,20,0,20,41
09/03/2022,IPT,PA,AEA,EN,Federal Contract Tower,0,4,12,0,16,0,0,20,0,20,0,4,32,0,36,14,0,14,50
09/04/2022,IPT,PA,AEA,EN,Federal Contract Tower,0,0,1,0,1,0,2,2,0,4,0,2,3,0,5,0,0,0,5
09/05/2022,IPT,PA,AEA,EN,Federal Contract Tower,0,3,4,0,7,0,0,0,0,0,0,3,4,0,7,0,0,0,7
09/06/2022,IPT,PA,AEA,EN,Federal Contract Tower,0,3,5,0,8,0,3,0,0,3,0,6,5,0,11,0,0,0,11
09/07/2022,IPT,PA,AEA,EN,Federal Contract Tower,0,9,5,0,14,0,0,0,0,0,0,9,5,0,14,0,0,0,14
09/08/2022,IPT,PA,AEA,EN,Federal Contract Tower,0,4,6,0,10,0,1,15,0,16,0,5,21,0,26,0,2,2,28
09/09/2022,IPT,PA,AEA,EN,Federal Contract Tower,0,5,10,0,15,0,7,43,0,50,0,12,53,0,65,8,0,8,73
09/10/2022,IPT,PA,AEA,EN,Federal Contract Tower,0,1,6,0,7,0,2,57,0,59,0,3,63,0,66,18,0,18,84
09/11/2022,IPT,PA,AEA,EN,Federal Contract Tower,0,1,3,2,6,0,0,0,0,0,0,1,3,2,6,0,0,0,6
09/12/2022,IPT,PA,AEA,EN,Federal Contract Tower,0,5,5,2,12,0,2,0,0,2,0,7,5,2,14,0,0,0,14
09/13/2022,IPT,PA,AEA,EN,Federal Contract Tower,0,3,6,2,11,0,2,22,0,24,0,5,28,2,35,12,0,12,47
09/14/2022,IPT,PA,AEA,EN,Federal Contract Tower,0,2,11,0,13,0,6,35,0,41,0,8,46,0,54,10,0,10,64
09/15/2022,IPT,PA,AEA,EN,Federal Contract Tower,0,4,1,0,5,0,0,17,0,17,0,4,18,0,22,4,0,4,26
09/16/2022,IPT,PA,AEA,EN,Federal Contract Tower,0,5,9,0,14,0,0,36,0,36,0,5,45,0,50,24,0,24,74
09/17/2022,IPT,PA,AEA,EN,Federal Contract Tower,0,4,3,0,7,0,0,27,2,29,0,4,30,2,36,48,6,54,90
09/18/2022,IPT,PA,AEA,EN,Federal Contract Tower,0,2,8,0,10,0,0,34,0,34,0,2,42,0,44,14,0,14,58
09/19/2022,IPT,PA,AEA,EN,Federal Contract Tower,0,1,6,0,7,0,0,13,0,13,0,1,19,0,20,6,0,6,26
09/20/2022,IPT,PA,AEA,EN,Federal Contract Tower,0,1,15,0,16,0,0,29,0,29,0,1,44,0,45,4,0,4,49
09/21/2022,IPT,PA,AEA,EN,Federal Contract Tower,0,1,4,0,5,0,10,5,0,15,0,11,9,0,20,4,0,4,24
09/22/2022,IPT,PA,AEA,EN,Federal Contract Tower,0,2,7,0,9,0,2,5,0,7,0,4,12,0,16,0,0,0,16
09/23/2022,IPT,PA,AEA,EN,Federal Contract Tower,0,2,3,0,5,0,5,28,0,33,0,7,31,0,38,0,0,0,38
09/24/2022,IPT,PA,AEA,EN,Federal Contract Tower,0,1,1,0,2,0,0,30,0,30,0,1,31,0,32,34,0,34,66
09/25/2022,IPT,PA,AEA,EN,Federal Contract Tower,0,0,2,0,2,0,5,1,0,6,0,5,3,0,8,0,0,0,8
09/26/2022,IPT,PA,AEA,EN,Federal Contract Tower,0,1,4,0,5,0,3,12,0,15,0,4,16,0,20,2,0,2,22
09/27/2022,IPT,PA,AEA,EN,Federal Contract Tower,0,7,11,0,18,0,5,19,0,24,0,12,30,0,42,6,0,6,48
09/28/2022,IPT,PA,AEA,EN,Federal Contract Tower,0,2,12,0,14,0,4,9,0,13,0,6,21,0,27,0,0,0,27
09/29/2022,IPT,PA,AEA,EN,Federal Contract Tower,0,2,5,0,7,0,5,26,0,31,0,7,31,0,38,0,0,0,38
09/30/2022,IPT,PA,AEA,EN,Federal Contract Tower,0,1,11,0,12,0,1,21,0,22,0,2,32,0,34,8,0,8,42
10/01/2022,IPT,PA,AEA,EN,Federal Contract Tower,0,1,7,0,8,0,2,6,0,8,0,3,13,0,16,0,0,0,16
10/02/2022,IPT,PA,AEA,EN,Federal Contract Tower,0,0,8,0,8,0,4,10,0,14,0,4,18,0,22,2,0,2,24
10/03/2022,IPT,PA,AEA,EN,Federal Contract Tower,0,1,12,0,13,0,6,17,0,23,0,7,29,0,36,10,0,10,46
10/04/2022,IPT,PA,AEA,EN,Federal Contract Tower,0,2,11,0,13,0,0,0,0,0,0,2,11,0,13,0,0,0,13
10/05/2022,IPT,PA,AEA,EN,Federal Contract Tower,0,2,6,0,8,0,5,10,2,17,0,7,16,2,25,16,0,16,41
10/06/2022,IPT,PA,AEA,EN,Federal Contract Tower,0,3,6,0,9,0,4,31,0,35,0,7,37,0,44,0,0,0,44
10/07/2022,IPT,PA,AEA,EN,Federal Contract Tower,0,0,12,0,12,0,3,11,0,14,0,3,23,0,26,0,0,0,26
10/08/2022,IPT,PA,AEA,EN,Federal Contract Tower,0,1,2,0,3,0,4,15,0,19,0,5,17,0,22,10,0,10,32
10/09/2022,IPT,PA,AEA,EN,Federal Contract Tower,0,2,2,0,4,0,7,25,0,32,0,9,27,0,36,16,0,16,52
10/10/2022,IPT,PA,AEA,EN,Federal Contract Tower,0,1,6,0,7,0,0,41,0,41,0,1,47,0,48,0,0,0,48
10/11/2022,IPT,PA,AEA,EN,Federal Contract Tower,0,5,10,0,15,0,0,13,0,13,0,5,23,0,28,0,0,0,28
10/12/2022,IPT,PA,AEA,EN,Federal Contract Tower,0,6,3,0,9,0,0,13,0,13,0,6,16,0,22,0,0,0,22
10/13/2022,IPT,PA,AEA,EN,Federal Contract Tower,0,3,11,0,14,0,0,4,0,4,0,3,15,0,18,0,0,0,18
10/14/2022,IPT,PA,AEA,EN,Federal Contract Tower,0,1,13,0,14,0,3,35,2,40,0,4,48,2,54,14,0,14,68
10/15/2022,IPT,PA,AEA,EN,Federal Contract Tower,0,0,5,0,5,0,5,26,0,31,0,5,31,0,36,12,0,12,48
10/16/2022,IPT,PA,AEA,EN,Federal Contract Tower,0,0,8,0,8,0,0,45,0,45,0,0,53,0,53,2,0,2,55
10/17/2022,IPT,PA,AEA,EN,Federal Contract Tower,0,1,9,0,10,0,6,7,0,13,0,7,16,0,23,0,0,0,23
10/18/2022,IPT,PA,AEA,EN,Federal Contract Tower,0,3,5,0,8,0,7,17,0,24,0,10,22,0,32,0,0,0,32
10/19/2022,IPT,PA,AEA,EN,Federal Contract Tower,0,3,7,0,10,0,5,13,4,22,0,8,20,4,32,10,0,10,42
10/20/2022,IPT,PA,AEA,EN,Federal Contract Tower,0,3,11,0,14,0,3,13,0,16,0,6,24,0,30,0,0,0,30
10/21/2022,IPT,PA,AEA,EN,Federal Contract Tower,0,6,5,0,11,0,4,31,1,36,0,10,36,1,47,2,0,2,49
10/22/2022,IPT,PA,AEA,EN,Federal Contract Tower,0,1,5,0,6,0,0,21,0,21,0,1,26,0,27,20,0,20,47
10/23/2022,IPT,PA,AEA,EN,Federal Contract Tower,0,0,7,0,7,0,0,29,0,29,0,0,36,0,36,10,0,10,46
10/24/2022,IPT,PA,AEA,EN,Federal Contract Tower,0,4,13,0,17,0,1,14,0,15,0,5,27,0,32,0,0,0,32
10/25/2022,IPT,PA,AEA,EN,Federal Contract Tower,0,1,11,0,12,0,3,2,0,5,0,4,13,0,17,0,0,0,17
10/26/2022,IPT,PA,AEA,EN,Federal Contract Tower,0,4,6,0,10,0,4,4,0,8,0,8,10,0,18,0,0,0,18
10/27/2022,IPT,PA,AEA,EN,Federal Contract Tower,0,2,4,0,6,0,3,8,1,12,0,5,12,1,18,4,0,4,22
10/28/2022,IPT,PA,AEA,EN,Federal Contract Tower,0,2,8,0,10,0,6,43,0,49,0,8,51,0,59,8,0,8,67
10/29/2022,IPT,PA,AEA,EN,Federal Contract Tower,0,2,8,0,10,0,0,38,0,38,0,2,46,0,48,10,0,10,58
10/30/2022,IPT,PA,AEA,EN,Federal Contract Tower,0,2,2,0,4,0,1,33,0,34,0,3,35,0,38,12,0,12,50
10/31/2022,IPT,PA,AEA,EN,Federal Contract Tower,0,4,4,0,8,0,8,14,1,23,0,12,18,1,31,0,0,0,31
11/01/2022,IPT,PA,AEA,EN,Federal Contract Tower,0,0,6,0,6,0,1,3,0,4,0,1,9,0,10,2,0,2,12
11/02/2022,IPT,PA,AEA,EN,Federal Contract Tower,0,1,11,0,12,0,2,28,0,30,0,3,39,0,42,16,0,16,58
11/03/2022,IPT,PA,AEA,EN,Federal Contract Tower,0,1,6,0,7,0,8,7,0,15,0,9,13,0,22,0,0,0,22
11/04/2022,IPT,PA,AEA,EN,Federal Contract Tower,0,1,12,0,13,0,3,18,0,21,0,4,30,0,34,0,0,0,34
11/05/2022,IPT,PA,AEA,EN,Federal Contract Tower,0,1,10,0,11,0,0,4,0,4,0,1,14,0,15,0,0,0,15
11/06/2022,IPT,PA,AEA,EN,Federal Contract Tower,0,0,7,0,7,0,5,6,0,11,0,5,13,0,18,0,0,0,18
11/07/2022,IPT,PA,AEA,EN,Federal Contract Tower,0,1,5,0,6,0,5,7,0,12,0,6,12,0,18,0,0,0,18
11/08/2022,IPT,PA,AEA,EN,Federal Contract Tower,0,3,0,0,3,0,0,11,0,11,0,3,11,0,14,0,0,0,14
11/09/2022,IPT,PA,AEA,EN,Federal Contract Tower,0,2,6,0,8,0,4,16,0,20,0,6,22,0,28,6,0,6,34
11/10/2022,IPT,PA,AEA,EN,Federal Contract Tower,0,2,17,0,19,0,8,37,0,45,0,10,54,0,64,8,0,8,72
11/11/2022,IPT,PA,AEA,EN,Federal Contract Tower,0,6,5,0,11,0,0,0,0,0,0,6,5,0,11,0,0,0,11
11/12/2022,IPT,PA,AEA,EN,Federal Contract Tower,0,1,5,0,6,0,6,13,0,19,0,7,18,0,25,0,0,0,25
11/13/2022,IPT,PA,AEA,EN,Federal Contract Tower,0,0,0,0,0,0,12,7,0,19,0,12,7,0,19,6,0,6,25
11/14/2022,IPT,PA,AEA,EN,Federal Contract Tower,0,1,5,0,6,0,8,24,0,32,0,9,29,0,38,10,0,10,48
11/15/2022,IPT,PA,AEA,EN,Federal Contract Tower,0,2,0,0,2,0,0,1,0,1,0,2,1,0,3,0,0,0,3
11/16/2022,IPT,PA,AEA,EN,Federal Contract Tower,0,4,4,0,8,0,2,8,0,10,0,6,12,0,18,0,0,0,18
11/17/2022,IPT,PA,AEA,EN,Federal Contract Tower,0,4,3,0,7,0,3,6,0,9,0,7,9,0,16,4,0,4,20
11/18/2022,IPT,PA,AEA,EN,Federal Contract Tower,0,2,5,2,9,0,9,5,0,14,0,11,10,2,23,0,0,0,23
11/19/2022,IPT,PA,AEA,EN,Federal Contract Tower,0,3,2,0,5,0,11,16,0,27,0,14,18,0,32,6,0,6,38
11/20/2022,IPT,PA,AEA,EN,Federal Contract Tower,0,1,4,0,5,0,6,9,0,15,0,7,13,0,20,0,0,0,20
11/21/2022,IPT,PA,AEA,EN,Federal Contract Tower,0,1,4,0,5,0,1,24,0,25,0,2,28,0,30,2,0,2,32
11/22/2022,IPT,PA,AEA,EN,Federal Contract Tower,0,2,7,0,9,0,4,32,0,36,0,6,39,0,45,0,0,0,45
11/23/2022,IPT,PA,AEA,EN,Federal Contract Tower,0,4,6,0,10,0,0,32,2,34,0,4,38,2,44,6,0,6,50
11/24/2022,IPT,PA,AEA,EN,Federal Contract Tower,0,0,0,0,0,0,0,3,0,3,0,0,3,0,3,0,0,0,3
11/25/2022,IPT,PA,AEA,EN,Federal Contract Tower,0,2,2,0,4,0,0,0,0,0,0,2,2,0,4,0,0,0,4
11/26/2022,IPT,PA,AEA,EN,Federal Contract Tower,0,1,2,0,3,0,0,21,0,21,0,1,23,0,24,20,0,20,44
11/27/2022,IPT,PA,AEA,EN,Federal Contract Tower,0,5,3,0,8,0,0,0,0,0,0,5,3,0,8,0,0,0,8
11/28/2022,IPT,PA,AEA,EN,Federal Contract Tower,0,2,5,0,7,0,0,3,2,5,0,2,8,2,12,0,0,0,12
11/29/2022,IPT,PA,AEA,EN,Federal Contract Tower,0,3,1,0,4,0,3,18,6,27,0,6,19,6,31,0,0,0,31
11/30/2022,IPT,PA,AEA,EN,Federal Contract Tower,0,4,3,0,7,0,0,3,0,3,0,4,6,0,10,0,0,0,10
12/01/2022,IPT,PA,AEA,EN,Federal Contract Tower,0,2,6,0,8,0,4,12,0,16,0,6,18,0,24,0,0,0,24
12/02/2022,IPT,PA,AEA,EN,Federal Contract Tower,0,2,8,0,10,0,4,24,0,28,0,6,32,0,38,10,0,10,48
12/03/2022,IPT,PA,AEA,EN,Federal Contract Tower,0,1,2,0,3,0,4,0,0,4,0,5,2,0,7,0,0,0,7
12/04/2022,IPT,PA,AEA,EN,Federal Contract Tower,0,0,0,0,0,0,6,37,0,43,0,6,37,0,43,32,0,32,75
12/05/2022,IPT,PA,AEA,EN,Federal Contract Tower,0,3,8,0,11,0,0,29,0,29,0,3,37,0,40,6,0,6,46
12/07/2022,IPT,PA,AEA,EN,Federal Contract Tower,0,1,4,0,5,0,0,0,0,0,0,1,4,0,5,0,0,0,5
12/08/2022,IPT,PA,AEA,EN,Federal Contract Tower,0,3,10,0,13,0,2,11,0,13,0,5,21,0,26,0,0,0,26
12/09/2022,IPT,PA,AEA,EN,Federal Contract Tower,0,2,9,0,11,0,5,12,0,17,0,7,21,0,28,18,0,18,46
12/10/2022,IPT,PA,AEA,EN,Federal Contract Tower,0,1,4,0,5,0,0,40,0,40,0,1,44,0,45,26,0,26,71
12/11/2022,IPT,PA,AEA,EN,Federal Contract Tower,0,0,1,0,1,0,0,0,0,0,0,0,1,0,1,0,0,0,1
12/12/2022,IPT,PA,AEA,EN,Federal Contract Tower,0,1,10,0,11,0,0,1,0,1,0,1,11,0,12,0,0,0,12
12/13/2022,IPT,PA,AEA,EN,Federal Contract Tower,0,5,5,0,10,0,11,21,2,34,0,16,26,2,44,0,0,0,44
12/14/2022,IPT,PA,AEA,EN,Federal Contract Tower,0,3,3,0,6,0,4,23,1,28,0,7,26,1,34,8,0,8,42
12/15/2022,IPT,PA,AEA,EN,Federal Contract Tower,0,0,0,0,0,0,0,0,0,0,0,0,0,0,0,0,0,0,0
12/16/2022,IPT,PA,AEA,EN,Federal Contract Tower,0,1,4,0,5,0,3,2,0,5,0,4,6,0,10,0,0,0,10
12/17/2022,IPT,PA,AEA,EN,Federal Contract Tower,0,1,4,0,5,0,1,3,0,4,0,2,7,0,9,0,0,0,9
12/18/2022,IPT,PA,AEA,EN,Federal Contract Tower,0,0,3,0,3,0,2,12,0,14,0,2,15,0,17,0,0,0,17
12/19/2022,IPT,PA,AEA,EN,Federal Contract Tower,0,1,9,0,10,0,0,14,4,18,0,1,23,4,28,0,0,0,28
12/20/2022,IPT,PA,AEA,EN,Federal Contract Tower,0,1,10,0,11,0,5,21,4,30,0,6,31,4,41,4,0,4,45
12/21/2022,IPT,PA,AEA,EN,Federal Contract Tower,0,1,8,0,9,0,7,36,0,43,0,8,44,0,52,20,0,20,72
12/22/2022,IPT,PA,AEA,EN,Federal Contract Tower,0,5,1,0,6,0,3,0,0,3,0,8,1,0,9,0,0,0,9
12/23/2022,IPT,PA,AEA,EN,Federal Contract Tower,0,0,1,0,1,0,0,0,0,0,0,0,1,0,1,0,0,0,1
12/24/2022,IPT,PA,AEA,EN,Federal Contract Tower,0,0,1,0,1,0,4,3,0,7,0,4,4,0,8,0,0,0,8
12/25/2022,IPT,PA,AEA,EN,Federal Contract Tower,0,2,0,0,2,0,2,0,0,2,0,4,0,0,4,0,0,0,4
12/26/2022,IPT,PA,AEA,EN,Federal Contract Tower,0,0,3,0,3,0,5,18,0,23,0,5,21,0,26,0,0,0,26
12/27/2022,IPT,PA,AEA,EN,Federal Contract Tower,0,1,1,0,2,0,13,6,0,19,0,14,7,0,21,0,0,0,21
12/28/2022,IPT,PA,AEA,EN,Federal Contract Tower,0,3,1,0,4,0,1,21,0,22,0,4,22,0,26,10,0,10,36
12/29/2022,IPT,PA,AEA,EN,Federal Contract Tower,0,2,9,0,11,0,0,18,0,18,0,2,27,0,29,8,0,8,37
12/30/2022,IPT,PA,AEA,EN,Federal Contract Tower,0,4,7,0,11,0,1,18,0,19,0,5,25,0,30,12,0,12,42
12/31/2022,IPT,PA,AEA,EN,Federal Contract Tower,0,2,7,0,9,0,0,0,0,0,0,2,7,0,9,0,0,0,9
01/01/2023,IPT,PA,AEA,EN,Federal Contract Tower,0,2,4,0,6,0,12,15,0,27,0,14,19,0,33,2,0,2,35
01/02/2023,IPT,PA,AEA,EN,Federal Contract Tower,0,0,8,0,8,0,2,14,0,16,0,2,22,0,24,4,0,4,28
01/03/2023,IPT,PA,AEA,EN,Federal Contract Tower,0,1,4,0,5,0,0,0,0,0,0,1,4,0,5,0,0,0,5
01/04/2023,IPT,PA,AEA,EN,Federal Contract Tower,0,2,8,0,10,0,0,0,0,0,0,2,8,0,10,0,0,0,10
01/05/2023,IPT,PA,AEA,EN,Federal Contract Tower,0,3,8,1,12,0,3,23,1,27,0,6,31,2,39,4,0,4,43
01/06/2023,IPT,PA,AEA,EN,Federal Contract Tower,0,5,1,0,6,0,0,1,2,3,0,5,2,2,9,0,0,0,9
01/07/2023,IPT,PA,AEA,EN,Federal Contract Tower,0,1,3,0,4,0,2,4,0,6,0,3,7,0,10,0,0,0,10
01/08/2023,IPT,PA,AEA,EN,Federal Contract Tower,0,0,5,0,5,0,1,29,0,30,0,1,34,0,35,38,0,38,73
01/09/2023,IPT,PA,AEA,EN,Federal Contract Tower,0,3,4,0,7,0,8,14,0,22,0,11,18,0,29,0,2,2,31
01/10/2023,IPT,PA,AEA,EN,Federal Contract Tower,0,2,8,0,10,0,5,7,0,12,0,7,15,0,22,10,0,10,32
01/11/2023,IPT,PA,AEA,EN,Federal Contract Tower,0,1,5,0,6,0,5,25,0,30,0,6,30,0,36,6,0,6,42
01/12/2023,IPT,PA,AEA,EN,Federal Contract Tower,0,1,2,0,3,0,0,0,0,0,0,1,2,0,3,0,0,0,3
01/13/2023,IPT,PA,AEA,EN,Federal Contract Tower,0,1,3,0,4,0,0,3,0,3,0,1,6,0,7,0,0,0,7
01/14/2023,IPT,PA,AEA,EN,Federal Contract Tower,0,1,2,0,3,0,1,3,0,4,0,2,5,0,7,14,0,14,21
01/15/2023,IPT,PA,AEA,EN,Federal Contract Tower,0,2,10,0,12,0,4,14,0,18,0,6,24,0,30,14,0,14,44
01/16/2023,IPT,PA,AEA,EN,Federal Contract Tower,0,3,14,0,17,0,8,25,0,33,0,11,39,0,50,6,0,6,56
01/17/2023,IPT,PA,AEA,EN,Federal Contract Tower,0,4,4,0,8,0,0,2,0,2,0,4,6,0,10,0,0,0,10
01/18/2023,IPT,PA,AEA,EN,Federal Contract Tower,0,2,2,0,4,0,0,7,0,7,0,2,9,0,11,0,0,0,11
01/19/2023,IPT,PA,AEA,EN,Federal Contract Tower,0,2,1,0,3,0,0,0,0,0,0,2,1,0,3,0,0,0,3
01/20/2023,IPT,PA,AEA,EN,Federal Contract Tower,0,2,2,0,4,0,0,0,0,0,0,2,2,0,4,0,0,0,4
01/21/2023,IPT,PA,AEA,EN,Federal Contract Tower,0,1,3,0,4,0,0,16,0,16,0,1,19,0,20,0,0,0,20
01/22/2023,IPT,PA,AEA,EN,Federal Contract Tower,0,0,2,0,2,0,1,2,0,3,0,1,4,0,5,0,0,0,5
01/23/2023,IPT,PA,AEA,EN,Federal Contract Tower,0,1,2,0,3,0,3,0,0,3,0,4,2,0,6,0,0,0,6
01/24/2023,IPT,PA,AEA,EN,Federal Contract Tower,0,2,4,1,7,0,11,25,1,37,0,13,29,2,44,0,0,0,44
01/25/2023,IPT,PA,AEA,EN,Federal Contract Tower,0,2,0,0,2,0,0,0,0,0,0,2,0,0,2,0,0,0,2
01/26/2023,IPT,PA,AEA,EN,Federal Contract Tower,0,2,5,0,7,0,0,0,0,0,0,2,5,0,7,0,0,0,7
01/27/2023,IPT,PA,AEA,EN,Federal Contract Tower,0,1,5,0,6,0,2,7,8,17,0,3,12,8,23,10,0,10,33
01/28/2023,IPT,PA,AEA,EN,Federal Contract Tower,0,1,8,0,9,0,7,26,0,33,0,8,34,0,42,6,0,6,48
01/29/2023,IPT,PA,AEA,EN,Federal Contract Tower,0,0,2,0,2,0,0,8,0,8,0,0,10,0,10,6,0,6,16
01/30/2023,IPT,PA,AEA,EN,Federal Contract Tower,0,1,3,0,4,0,5,2,0,7,0,6,5,0,11,0,0,0,11
01/31/2023,IPT,PA,AEA,EN,Federal Contract Tower,0,2,1,0,3,0,7,6,2,15,0,9,7,2,18,20,0,20,38
02/01/2023,IPT,PA,AEA,EN,Federal Contract Tower,0,1,7,0,8,0,5,26,3,34,0,6,33,3,42,4,0,4,46
02/02/2023,IPT,PA,AEA,EN,Federal Contract Tower,0,3,8,1,12,0,24,19,1,44,0,27,27,2,56,0,0,0,56
02/03/2023,IPT,PA,AEA,EN,Federal Contract Tower,0,6,2,0,8,0,1,3,2,6,0,7,5,2,14,0,0,0,14
02/04/2023,IPT,PA,AEA,EN,Federal Contract Tower,0,1,7,0,8,0,0,27,0,27,0,1,34,0,35,6,0,6,41
02/05/2023,IPT,PA,AEA,EN,Federal Contract Tower,0,0,3,0,3,0,7,14,2,23,0,7,17,2,26,10,0,10,36
02/06/2023,IPT,PA,AEA,EN,Federal Contract Tower,0,3,2,0,5,0,4,4,0,8,0,7,6,0,13,0,0,0,13
02/07/2023,IPT,PA,AEA,EN,Federal Contract Tower,0,2,2,0,4,0,0,25,2,27,0,2,27,2,31,8,0,8,39
02/08/2023,IPT,PA,AEA,EN,Federal Contract Tower,0,2,3,0,5,0,0,13,0,13,0,2,16,0,18,0,0,0,18
02/09/2023,IPT,PA,AEA,EN,Federal Contract Tower,0,4,3,0,7,0,1,10,0,11,0,5,13,0,18,10,0,10,28
02/10/2023,IPT,PA,AEA,EN,Federal Contract Tower,0,1,6,0,7,0,2,7,0,9,0,3,13,0,16,0,0,0,16
02/11/2023,IPT,PA,AEA,EN,Federal Contract Tower,0,1,2,0,3,0,3,24,0,27,0,4,26,0,30,14,0,14,44
02/12/2023,IPT,PA,AEA,EN,Federal Contract Tower,0,2,2,0,4,0,3,42,2,47,0,5,44,2,51,34,0,34,85
02/13/2023,IPT,PA,AEA,EN,Federal Contract Tower,0,1,5,0,6,0,4,28,0,32,0,5,33,0,38,0,0,0,38
02/14/2023,IPT,PA,AEA,EN,Federal Contract Tower,0,2,12,0,14,0,10,30,2,42,0,12,42,2,56,12,0,12,68
02/15/2023,IPT,PA,AEA,EN,Federal Contract Tower,0,2,4,0,6,0,4,6,2,12,0,6,10,2,18,0,0,0,18
02/16/2023,IPT,PA,AEA,EN,Federal Contract Tower,0,5,7,0,12,0,2,2,0,4,0,7,9,0,16,0,0,0,16
02/17/2023,IPT,PA,AEA,EN,Federal Contract Tower,0,3,3,0,6,0,0,3,0,3,0,3,6,0,9,0,0,0,9
02/18/2023,IPT,PA,AEA,EN,Federal Contract Tower,0,1,4,0,5,0,3,26,0,29,0,4,30,0,34,2,0,2,36
02/19/2023,IPT,PA,AEA,EN,Federal Contract Tower,0,0,4,0,4,0,2,13,0,15,0,2,17,0,19,0,0,0,19
02/20/2023,IPT,PA,AEA,EN,Federal Contract Tower,0,2,4,0,6,0,11,13,0,24,0,13,17,0,30,0,0,0,30
02/21/2023,IPT,PA,AEA,EN,Federal Contract Tower,0,4,8,0,12,0,0,1,0,1,0,4,9,0,13,0,0,0,13
02/22/2023,IPT,PA,AEA,EN,Federal Contract Tower,0,3,2,0,5,0,0,0,0,0,0,3,2,0,5,0,0,0,5
02/23/2023,IPT,PA,AEA,EN,Federal Contract Tower,0,2,5,0,7,0,15,5,0,20,0,17,10,0,27,8,0,8,35
02/24/2023,IPT,PA,AEA,EN,Federal Contract Tower,0,2,5,0,7,0,0,7,0,7,0,2,12,0,14,0,0,0,14
02/25/2023,IPT,PA,AEA,EN,Federal Contract Tower,0,2,1,0,3,0,3,6,0,9,0,5,7,0,12,0,0,0,12
02/26/2023,IPT,PA,AEA,EN,Federal Contract Tower,0,6,6,0,12,0,0,20,0,20,0,6,26,0,32,0,0,0,32
02/27/2023,IPT,PA,AEA,EN,Federal Contract Tower,0,0,5,0,5,0,3,18,0,21,0,3,23,0,26,8,0,8,34
02/28/2023,IPT,PA,AEA,EN,Federal Contract Tower,0,7,1,0,8,0,1,0,0,1,0,8,1,0,9,0,0,0,9
03/01/2023,IPT,PA,AEA,EN,Federal Contract Tower,0,3,11,0,14,0,2,9,0,11,0,5,20,0,25,0,0,0,25
03/02/2023,IPT,PA,AEA,EN,Federal Contract Tower,0,2,3,0,5,0,2,7,0,9,0,4,10,0,14,0,0,0,14
03/03/2023,IPT,PA,AEA,EN,Federal Contract Tower,0,3,1,0,4,0,1,2,0,3,0,4,3,0,7,0,0,0,7
03/04/2023,IPT,PA,AEA,EN,Federal Contract Tower,0,1,2,0,3,0,5,0,0,5,0,6,2,0,8,0,0,0,8
03/05/2023,IPT,PA,AEA,EN,Federal Contract Tower,0,1,7,0,8,0,4,17,0,21,0,5,24,0,29,14,0,14,43
03/06/2023,IPT,PA,AEA,EN,Federal Contract Tower,0,1,10,2,13,0,2,17,0,19,0,3,27,2,32,4,0,4,36
03/07/2023,IPT,PA,AEA,EN,Federal Contract Tower,0,1,7,0,8,0,5,7,0,12,0,6,14,0,20,0,0,0,20
03/08/2023,IPT,PA,AEA,EN,Federal Contract Tower,0,2,6,1,9,0,3,11,3,17,0,5,17,4,26,0,0,0,26
03/09/2023,IPT,PA,AEA,EN,Federal Contract Tower,0,1,8,1,10,0,3,20,9,32,0,4,28,10,42,14,0,14,56
03/10/2023,IPT,PA,AEA,EN,Federal Contract Tower,0,2,2,0,4,0,0,0,0,0,0,2,2,0,4,0,0,0,4
03/11/2023,IPT,PA,AEA,EN,Federal Contract Tower,0,1,3,0,4,0,3,1,0,4,0,4,4,0,8,0,0,0,8
03/12/2023,IPT,PA,AEA,EN,Federal Contract Tower,0,2,6,0,8,0,4,13,0,17,0,6,19,0,25,0,0,0,25
03/13/2023,IPT,PA,AEA,EN,Federal Contract Tower,0,1,5,0,6,0,0,0,1,1,0,1,5,1,7,0,0,0,7
03/14/2023,IPT,PA,AEA,EN,Federal Contract Tower,0,1,5,0,6,0,0,0,1,1,0,1,5,1,7,0,0,0,7
03/15/2023,IPT,PA,AEA,EN,Federal Contract Tower,0,2,5,0,7,0,6,4,0,10,0,8,9,0,17,4,0,4,21
03/16/2023,IPT,PA,AEA,EN,Federal Contract Tower,0,2,3,0,5,0,2,43,0,45,0,4,46,0,50,14,0,14,64
03/17/2023,IPT,PA,AEA,EN,Federal Contract Tower,0,4,11,0,15,0,0,1,0,1,0,4,12,0,16,0,0,0,16
03/18/2023,IPT,PA,AEA,EN,Federal Contract Tower,0,3,2,0,5,0,3,8,0,11,0,6,10,0,16,0,0,0,16
03/19/2023,IPT,PA,AEA,EN,Federal Contract Tower,0,0,6,0,6,0,2,11,0,13,0,2,17,0,19,0,2,2,21
03/20/2023,IPT,PA,AEA,EN,Federal Contract Tower,0,1,5,0,6,0,5,44,1,50,0,6,49,1,56,30,0,30,86
03/21/2023,IPT,PA,AEA,EN,Federal Contract Tower,0,3,2,0,5,0,2,30,4,36,0,5,32,4,41,6,2,8,49
03/22/2023,IPT,PA,AEA,EN,Federal Contract Tower,0,2,2,0,4,0,0,20,0,20,0,2,22,0,24,4,0,4,28
03/23/2023,IPT,PA,AEA,EN,Federal Contract Tower,0,4,2,0,6,0,0,4,0,4,0,4,6,0,10,0,0,0,10
03/24/2023,IPT,PA,AEA,EN,Federal Contract Tower,0,2,20,0,22,0,1,29,0,30,0,3,49,0,52,0,0,0,52
03/25/2023,IPT,PA,AEA,EN,Federal Contract Tower,0,1,3,0,4,0,0,2,0,2,0,1,5,0,6,0,0,0,6
03/26/2023,IPT,PA,AEA,EN,Federal Contract Tower,0,0,11,0,11,0,2,18,0,20,0,2,29,0,31,16,0,16,47
03/27/2023,IPT,PA,AEA,EN,Federal Contract Tower,0,1,2,0,3,0,2,1,0,3,0,3,3,0,6,0,0,0,6
03/28/2023,IPT,PA,AEA,EN,Federal Contract Tower,0,2,10,0,12,0,5,14,0,19,0,7,24,0,31,0,0,0,31
03/29/2023,IPT,PA,AEA,EN,Federal Contract Tower,0,1,6,0,7,0,8,17,0,25,0,9,23,0,32,32,0,32,64
03/30/2023,IPT,PA,AEA,EN,Federal Contract Tower,0,2,14,0,16,0,2,16,0,18,0,4,30,0,34,2,0,2,36
03/31/2023,IPT,PA,AEA,EN,Federal Contract Tower,0,3,2,0,5,0,1,1,0,2,0,4,3,0,7,0,0,0,7
04/01/2023,IPT,PA,AEA,EN,Federal Contract Tower,0,1,2,0,3,0,1,7,0,8,0,2,9,0,11,14,0,14,25
04/02/2023,IPT,PA,AEA,EN,Federal Contract Tower,0,1,11,0,12,0,7,22,0,29,0,8,33,0,41,32,0,32,73
04/03/2023,IPT,PA,AEA,EN,Federal Contract Tower,0,4,4,0,8,0,5,6,0,11,0,9,10,0,19,2,0,2,21
04/04/2023,IPT,PA,AEA,EN,Federal Contract Tower,0,4,4,3,11,0,3,26,3,32,0,7,30,6,43,0,0,0,43
04/05/2023,IPT,PA,AEA,EN,Federal Contract Tower,0,2,2,0,4,0,3,2,0,5,0,5,4,0,9,0,0,0,9
04/06/2023,IPT,PA,AEA,EN,Federal Contract Tower,0,2,6,0,8,0,0,6,0,6,0,2,12,0,14,6,0,6,20
04/07/2023,IPT,PA,AEA,EN,Federal Contract Tower,0,4,3,0,7,0,0,29,0,29,0,4,32,0,36,12,0,12,48
04/08/2023,IPT,PA,AEA,EN,Federal Contract Tower,0,3,1,0,4,0,2,48,0,50,0,5,49,0,54,78,0,78,132
04/09/2023,IPT,PA,AEA,EN,Federal Contract Tower,0,0,2,0,2,0,2,38,3,43,0,2,40,3,45,30,0,30,75
04/10/2023,IPT,PA,AEA,EN,Federal Contract Tower,0,3,8,2,13,0,5,41,0,46,0,8,49,2,59,14,0,14,73
04/11/2023,IPT,PA,AEA,EN,Federal Contract Tower,0,2,7,1,10,0,5,25,17,47,0,7,32,18,57,2,0,2,59
04/12/2023,IPT,PA,AEA,EN,Federal Contract Tower,0,4,1,0,5,0,5,20,1,26,0,9,21,1,31,0,0,0,31
04/13/2023,IPT,PA,AEA,EN,Federal Contract Tower,0,9,6,0,15,0,3,27,0,30,0,12,33,0,45,4,0,4,49
04/14/2023,IPT,PA,AEA,EN,Federal Contract Tower,0,4,9,0,13,0,2,45,0,47,0,6,54,0,60,26,0,26,86
04/15/2023,IPT,PA,AEA,EN,Federal Contract Tower,0,1,4,0,5,0,2,8,0,10,0,3,12,0,15,20,0,20,35
04/16/2023,IPT,PA,AEA,EN,Federal Contract Tower,0,0,7,0,7,0,5,23,0,28,0,5,30,0,35,0,0,0,35
04/17/2023,IPT,PA,AEA,EN,Federal Contract Tower,0,1,2,0,3,0,8,0,0,8,0,9,2,0,11,0,0,0,11
04/18/2023,IPT,PA,AEA,EN,Federal Contract Tower,0,6,11,0,17,0,4,5,0,9,0,10,16,0,26,0,0,0,26
04/19/2023,IPT,PA,AEA,EN,Federal Contract Tower,0,2,2,0,4,0,6,22,0,28,0,8,24,0,32,4,0,4,36
04/20/2023,IPT,PA,AEA,EN,Federal Contract Tower,0,4,5,1,10,0,6,32,1,39,0,10,37,2,49,0,0,0,49
04/21/2023,IPT,PA,AEA,EN,Federal Contract Tower,0,4,9,0,13,0,8,18,2,28,0,12,27,2,41,12,0,12,53
04/22/2023,IPT,PA,AEA,EN,Federal Contract Tower,0,1,1,0,2,0,3,4,0,7,0,4,5,0,9,0,0,0,9
04/23/2023,IPT,PA,AEA,EN,Federal Contract Tower,0,0,3,0,3,0,8,23,0,31,0,8,26,0,34,10,0,10,44
04/24/2023,IPT,PA,AEA,EN,Federal Contract Tower,0,1,7,0,8,0,4,14,2,20,0,5,21,2,28,0,0,0,28
04/25/2023,IPT,PA,AEA,EN,Federal Contract Tower,0,4,9,0,13,0,11,24,2,37,0,15,33,2,50,10,0,10,60
04/26/2023,IPT,PA,AEA,EN,Federal Contract Tower,0,2,3,0,5,0,8,17,0,25,0,10,20,0,30,14,0,14,44
04/27/2023,IPT,PA,AEA,EN,Federal Contract Tower,0,1,17,0,18,0,3,29,2,34,0,4,46,2,52,16,0,16,68
04/28/2023,IPT,PA,AEA,EN,Federal Contract Tower,0,5,6,0,11,0,0,1,1,2,0,5,7,1,13,0,0,0,13
04/29/2023,IPT,PA,AEA,EN,Federal Contract Tower,0,5,0,0,5,0,0,1,0,1,0,5,1,0,6,0,0,0,6
04/30/2023,IPT,PA,AEA,EN,Federal Contract Tower,0,0,2,0,2,0,0,0,0,0,0,0,2,0,2,0,0,0,2
05/01/2023,IPT,PA,AEA,EN,Federal Contract Tower,0,1,3,0,4,0,0,1,0,1,0,1,4,0,5,0,0,0,5
05/02/2023,IPT,PA,AEA,EN,Federal Contract Tower,0,2,6,0,8,0,0,0,0,0,0,2,6,0,8,0,0,0,8
05/03/2023,IPT,PA,AEA,EN,Federal Contract Tower,0,2,5,0,7,0,0,4,0,4,0,2,9,0,11,0,0,0,11
05/04/2023,IPT,PA,AEA,EN,Federal Contract Tower,0,1,9,0,10,0,2,6,1,9,0,3,15,1,19,0,0,0,19
05/05/2023,IPT,PA,AEA,EN,Federal Contract Tower,0,2,11,2,15,0,7,18,0,25,0,9,29,2,40,0,0,0,40
05/06/2023,IPT,PA,AEA,EN,Federal Contract Tower,0,1,10,0,11,0,3,33,0,36,0,4,43,0,47,8,0,8,55
05/07/2023,IPT,PA,AEA,EN,Federal Contract Tower,0,0,7,0,7,0,0,25,2,27,0,0,32,2,34,0,0,0,34
05/08/2023,IPT,PA,AEA,EN,Federal Contract Tower,0,0,13,0,13,0,4,36,0,40,0,4,49,0,53,2,0,2,55
05/09/2023,IPT,PA,AEA,EN,Federal Contract Tower,0,8,16,0,24,0,3,20,0,23,0,11,36,0,47,6,0,6,53
05/10/2023,IPT,PA,AEA,EN,Federal Contract Tower,0,2,7,0,9,0,1,20,0,21,0,3,27,0,30,12,0,12,42
05/11/2023,IPT,PA,AEA,EN,Federal Contract Tower,0,4,12,0,16,0,2,19,0,21,0,6,31,0,37,0,0,0,37
05/12/2023,IPT,PA,AEA,EN,Federal Contract Tower,0,6,4,0,10,0,6,17,1,24,0,12,21,1,34,8,0,8,42
05/13/2023,IPT,PA,AEA,EN,Federal Contract Tower,0,2,6,0,8,0,2,10,0,12,0,4,16,0,20,2,0,2,22
05/14/2023,IPT,PA,AEA,EN,Federal Contract Tower,0,2,7,0,9,0,4,29,0,33,0,6,36,0,42,0,0,0,42
05/15/2023,IPT,PA,AEA,EN,Federal Contract Tower,0,5,6,1,12,0,5,35,1,41,0,10,41,2,53,10,0,10,63
05/16/2023,IPT,PA,AEA,EN,Federal Contract Tower,0,2,6,0,8,0,17,22,0,39,0,19,28,0,47,0,0,0,47
05/17/2023,IPT,PA,AEA,EN,Federal Contract Tower,0,1,5,2,8,0,4,18,2,24,0,5,23,4,32,0,0,0,32
05/18/2023,IPT,PA,AEA,EN,Federal Contract Tower,0,2,14,0,16,0,4,32,0,36,0,6,46,0,52,34,0,34,86
05/19/2023,IPT,PA,AEA,EN,Federal Contract Tower,0,2,10,0,12,0,2,20,0,22,0,4,30,0,34,6,0,6,40
05/20/2023,IPT,PA,AEA,EN,Federal Contract Tower,0,1,7,0,8,0,3,2,0,5,0,4,9,0,13,6,0,6,19
05/21/2023,IPT,PA,AEA,EN,Federal Contract Tower,0,0,0,0,0,0,11,16,0,27,0,11,16,0,27,0,0,0,27
05/22/2023,IPT,PA,AEA,EN,Federal Contract Tower,0,1,5,0,6,0,9,27,0,36,0,10,32,0,42,28,0,28,70
05/23/2023,IPT,PA,AEA,EN,Federal Contract Tower,0,2,12,0,14,0,4,29,0,33,0,6,41,0,47,0,0,0,47
05/24/2023,IPT,PA,AEA,EN,Federal Contract Tower,0,2,7,0,9,0,6,27,2,35,0,8,34,2,44,0,0,0,44
05/25/2023,IPT,PA,AEA,EN,Federal Contract Tower,0,2,3,0,5,0,3,24,0,27,0,5,27,0,32,6,0,6,38
05/26/2023,IPT,PA,AEA,EN,Federal Contract Tower,0,1,0,0,1,0,5,40,0,45,0,6,40,0,46,12,0,12,58
05/27/2023,IPT,PA,AEA,EN,Federal Contract Tower,0,2,3,0,5,0,2,27,0,29,0,4,30,0,34,24,0,24,58
05/28/2023,IPT,PA,AEA,EN,Federal Contract Tower,0,0,0,0,0,0,10,38,0,48,0,10,38,0,48,12,0,12,60
05/29/2023,IPT,PA,AEA,EN,Federal Contract Tower,0,0,1,0,1,0,5,45,0,50,0,5,46,0,51,10,0,10,61
05/30/2023,IPT,PA,AEA,EN,Federal Contract Tower,0,0,6,0,6,0,2,38,0,40,0,2,44,0,46,4,0,4,50
05/31/2023,IPT,PA,AEA,EN,Federal Contract Tower,0,4,11,0,15,0,0,25,0,25,0,4,36,0,40,14,0,14,54
06/01/2023,IPT,PA,AEA,EN,Federal Contract Tower,0,1,10,0,11,0,2,52,0,54,0,3,62,0,65,16,0,16,81
06/02/2023,IPT,PA,AEA,EN,Federal Contract Tower,0,0,8,1,9,0,0,58,0,58,0,0,66,1,67,12,0,12,79
06/03/2023,IPT,PA,AEA,EN,Federal Contract Tower,0,2,2,0,4,0,2,45,0,47,0,4,47,0,51,14,0,14,65
06/04/2023,IPT,PA,AEA,EN,Federal Contract Tower,0,3,9,0,12,0,4,55,0,59,0,7,64,0,71,4,0,4,75
06/05/2023,IPT,PA,AEA,EN,Federal Contract Tower,0,2,5,0,7,0,0,46,0,46,0,2,51,0,53,18,0,18,71
06/06/2023,IPT,PA,AEA,EN,Federal Contract Tower,0,0,13,0,13,0,4,34,0,38,0,4,47,0,51,2,0,2,53
06/07/2023,IPT,PA,AEA,EN,Federal Contract Tower,0,2,5,2,9,0,0,3,0,3,0,2,8,2,12,0,0,0,12
06/08/2023,IPT,PA,AEA,EN,Federal Contract Tower,0,1,16,0,17,0,5,18,0,23,0,6,34,0,40,0,0,0,40
06/09/2023,IPT,PA,AEA,EN,Federal Contract Tower,0,1,9,0,10,4,22,0,0,26,4,23,9,0,36,14,0,14,50
06/10/2023,IPT,PA,AEA,EN,Federal Contract Tower,0,2,3,0,5,0,7,17,2,26,0,9,20,2,31,24,0,24,55
06/11/2023,IPT,PA,AEA,EN,Federal Contract Tower,0,2,6,0,8,0,9,29,0,38,0,11,35,0,46,6,0,6,52
06/12/2023,IPT,PA,AEA,EN,Federal Contract Tower,0,0,2,0,2,0,5,0,0,5,0,5,2,0,7,0,0,0,7
06/13/2023,IPT,PA,AEA,EN,Federal Contract Tower,0,2,8,0,10,0,5,32,0,37,0,7,40,0,47,32,0,32,79
06/15/2023,IPT,PA,AEA,EN,Federal Contract Tower,0,1,8,0,9,0,5,31,0,36,0,6,39,0,45,2,0,2,47
06/16/2023,IPT,PA,AEA,EN,Federal Contract Tower,0,3,4,0,7,0,1,4,0,5,0,4,8,0,12,0,0,0,12
06/17/2023,IPT,PA,AEA,EN,Federal Contract Tower,0,0,11,0,11,0,4,19,0,23,0,4,30,0,34,6,0,6,40
06/18/2023,IPT,PA,AEA,EN,Federal Contract Tower,0,0,6,0,6,0,4,32,0,36,0,4,38,0,42,18,0,18,60
06/19/2023,IPT,PA,AEA,EN,Federal Contract Tower,0,2,7,0,9,0,6,34,0,40,0,8,41,0,49,16,0,16,65
06/20/2023,IPT,PA,AEA,EN,Federal Contract Tower,0,1,10,0,11,0,11,33,0,44,0,12,43,0,55,8,0,8,63
06/21/2023,IPT,PA,AEA,EN,Federal Contract Tower,0,2,5,0,7,0,6,36,0,42,0,8,41,0,49,4,0,4,53
06/22/2023,IPT,PA,AEA,EN,Federal Contract Tower,0,2,8,0,10,0,4,3,0,7,0,6,11,0,17,0,0,0,17
06/23/2023,IPT,PA,AEA,EN,Federal Contract Tower,0,2,5,2,9,0,0,1,0,1,0,2,6,2,10,0,0,0,10
06/24/2023,IPT,PA,AEA,EN,Federal Contract Tower,0,0,7,0,7,0,2,12,0,14,0,2,19,0,21,0,0,0,21
06/25/2023,IPT,PA,AEA,EN,Federal Contract Tower,0,0,3,0,3,0,13,18,0,31,0,13,21,0,34,0,0,0,34
06/26/2023,IPT,PA,AEA,EN,Federal Contract Tower,0,0,5,0,5,0,0,0,0,0,0,0,5,0,5,0,0,0,5
06/27/2023,IPT,PA,AEA,EN,Federal Contract Tower,0,2,3,0,5,0,0,2,0,2,0,2,5,0,7,0,0,0,7
06/28/2023,IPT,PA,AEA,EN,Federal Contract Tower,0,0,10,2,12,0,2,5,0,7,0,2,15,2,19,20,0,20,39
06/29/2023,IPT,PA,AEA,EN,Federal Contract Tower,0,1,24,0,25,0,0,6,0,6,0,1,30,0,31,8,0,8,39
06/30/2023,IPT,PA,AEA,EN,Federal Contract Tower,0,2,4,0,6,0,2,4,0,6,0,4,8,0,12,0,0,0,12
07/01/2023,IPT,PA,AEA,EN,Federal Contract Tower,0,1,2,0,3,0,1,7,0,8,0,2,9,0,11,0,0,0,11
07/02/2023,IPT,PA,AEA,EN,Federal Contract Tower,0,0,1,0,1,0,0,4,0,4,0,0,5,0,5,0,0,0,5
07/03/2023,IPT,PA,AEA,EN,Federal Contract Tower,0,2,3,0,5,0,4,3,0,7,0,6,6,0,12,0,0,0,12
07/04/2023,IPT,PA,AEA,EN,Federal Contract Tower,0,0,3,0,3,0,7,25,0,32,0,7,28,0,35,4,0,4,39
07/05/2023,IPT,PA,AEA,EN,Federal Contract Tower,0,1,9,1,11,0,0,38,1,39,0,1,47,2,50,6,12,18,68
07/06/2023,IPT,PA,AEA,EN,Federal Contract Tower,0,0,1,0,1,0,4,22,0,26,0,4,23,0,27,4,0,4,31
07/07/2023,IPT,PA,AEA,EN,Federal Contract Tower,0,3,1,0,4,0,0,6,0,6,0,3,7,0,10,0,0,0,10
07/08/2023,IPT,PA,AEA,EN,Federal Contract Tower,0,0,7,0,7,0,7,35,0,42,0,7,42,0,49,16,2,18,67
07/09/2023,IPT,PA,AEA,EN,Federal Contract Tower,0,0,6,0,6,0,0,0,0,0,0,0,6,0,6,0,0,0,6
07/10/2023,IPT,PA,AEA,EN,Federal Contract Tower,0,0,7,0,7,0,2,28,0,30,0,2,35,0,37,0,0,0,37
07/11/2023,IPT,PA,AEA,EN,Federal Contract Tower,0,0,8,1,9,0,2,41,2,45,0,2,49,3,54,0,8,8,62
07/12/2023,IPT,PA,AEA,EN,Federal Contract Tower,0,0,13,0,13,0,2,26,0,28,0,2,39,0,41,0,0,0,41
07/13/2023,IPT,PA,AEA,EN,Federal Contract Tower,0,2,4,0,6,0,3,26,0,29,0,5,30,0,35,0,0,0,35
07/14/2023,IPT,PA,AEA,EN,Federal Contract Tower,0,3,13,0,16,0,2,7,0,9,0,5,20,0,25,0,0,0,25
07/15/2023,IPT,PA,AEA,EN,Federal Contract Tower,0,0,4,0,4,0,0,17,0,17,0,0,21,0,21,32,0,32,53
07/16/2023,IPT,PA,AEA,EN,Federal Contract Tower,0,1,3,0,4,0,5,23,0,28,0,6,26,0,32,4,0,4,36
07/17/2023,IPT,PA,AEA,EN,Federal Contract Tower,0,2,9,0,11,0,0,31,0,31,0,2,40,0,42,0,0,0,42
07/18/2023,IPT,PA,AEA,EN,Federal Contract Tower,0,0,6,0,6,0,3,15,0,18,0,3,21,0,24,0,0,0,24
07/19/2023,IPT,PA,AEA,EN,Federal Contract Tower,0,0,6,0,6,0,3,33,0,36,0,3,39,0,42,0,0,0,42
07/20/2023,IPT,PA,AEA,EN,Federal Contract Tower,0,0,3,0,3,0,6,25,0,31,0,6,28,0,34,4,0,4,38
07/21/2023,IPT,PA,AEA,EN,Federal Contract Tower,0,0,9,0,9,0,2,9,0,11,0,2,18,0,20,10,0,10,30
07/22/2023,IPT,PA,AEA,EN,Federal Contract Tower,0,0,4,0,4,0,5,32,0,37,0,5,36,0,41,16,0,16,57
07/23/2023,IPT,PA,AEA,EN,Federal Contract Tower,0,1,8,0,9,0,2,29,0,31,0,3,37,0,40,0,0,0,40
07/24/2023,IPT,PA,AEA,EN,Federal Contract Tower,0,0,3,2,5,0,3,15,0,18,0,3,18,2,23,4,0,4,27
07/25/2023,IPT,PA,AEA,EN,Federal Contract Tower,0,0,10,0,10,0,0,9,0,9,0,0,19,0,19,2,2,4,23
07/26/2023,IPT,PA,AEA,EN,Federal Contract Tower,0,3,8,0,11,0,0,30,0,30,0,3,38,0,41,4,0,4,45
07/27/2023,IPT,PA,AEA,EN,Federal Contract Tower,0,9,5,0,14,0,4,12,0,16,0,13,17,0,30,0,0,0,30
07/28/2023,IPT,PA,AEA,EN,Federal Contract Tower,0,0,6,0,6,0,1,20,0,21,0,1,26,0,27,4,0,4,31
07/29/2023,IPT,PA,AEA,EN,Federal Contract Tower,0,0,7,0,7,0,2,5,0,7,0,2,12,0,14,0,0,0,14
07/30/2023,IPT,PA,AEA,EN,Federal Contract Tower,0,0,14,0,14,0,3,27,0,30,0,3,41,0,44,2,0,2,46
07/31/2023,IPT,PA,AEA,EN,Federal Contract Tower,0,0,7,0,7,0,2,27,0,29,0,2,34,0,36,6,0,6,42
08/01/2023,IPT,PA,AEA,EN,Federal Contract Tower,0,0,12,0,12,0,0,27,0,27,0,0,39,0,39,8,0,8,47
08/02/2023,IPT,PA,AEA,EN,Federal Contract Tower,0,0,4,1,5,0,1,43,0,44,0,1,47,1,49,30,0,30,79
08/03/2023,IPT,PA,AEA,EN,Federal Contract Tower,0,0,12,0,12,0,2,23,0,25,0,2,35,0,37,2,0,2,39
08/04/2023,IPT,PA,AEA,EN,Federal Contract Tower,0,0,1,0,1,0,3,13,0,16,0,3,14,0,17,0,0,0,17
08/05/2023,IPT,PA,AEA,EN,Federal Contract Tower,0,0,3,0,3,0,8,16,0,24,0,8,19,0,27,20,0,20,47
08/06/2023,IPT,PA,AEA,EN,Federal Contract Tower,0,0,5,0,5,0,3,19,0,22,0,3,24,0,27,16,0,16,43
08/07/2023,IPT,PA,AEA,EN,Federal Contract Tower,0,0,1,0,1,0,0,0,0,0,0,0,1,0,1,0,0,0,1
08/08/2023,IPT,PA,AEA,EN,Federal Contract Tower,0,0,4,0,4,0,5,11,0,16,0,5,15,0,20,0,0,0,20
08/09/2023,IPT,PA,AEA,EN,Federal Contract Tower,0,1,12,0,13,0,7,29,0,36,0,8,41,0,49,12,0,12,61
08/10/2023,IPT,PA,AEA,EN,Federal Contract Tower,0,0,6,0,6,0,2,5,0,7,0,2,11,0,13,0,0,0,13
08/11/2023,IPT,PA,AEA,EN,Federal Contract Tower,0,3,11,1,15,0,4,22,4,30,0,7,33,5,45,12,0,12,57
08/12/2023,IPT,PA,AEA,EN,Federal Contract Tower,0,3,2,0,5,0,0,9,0,9,0,3,11,0,14,10,0,10,24
08/13/2023,IPT,PA,AEA,EN,Federal Contract Tower,0,1,7,0,8,0,10,28,0,38,0,11,35,0,46,28,0,28,74
08/14/2023,IPT,PA,AEA,EN,Federal Contract Tower,0,0,9,0,9,0,6,13,2,21,0,6,22,2,30,0,0,0,30
08/15/2023,IPT,PA,AEA,EN,Federal Contract Tower,0,0,11,0,11,0,2,4,0,6,0,2,15,0,17,0,0,0,17
08/16/2023,IPT,PA,AEA,EN,Federal Contract Tower,0,1,16,3,20,0,1,13,7,21,0,2,29,10,41,0,0,0,41
08/17/2023,IPT,PA,AEA,EN,Federal Contract Tower,0,2,10,0,12,0,0,2,0,2,0,2,12,0,14,0,0,0,14
08/18/2023,IPT,PA,AEA,EN,Federal Contract Tower,0,2,6,0,8,0,6,19,0,25,0,8,25,0,33,0,0,0,33
08/19/2023,IPT,PA,AEA,EN,Federal Contract Tower,0,6,8,0,14,0,4,27,0,31,0,10,35,0,45,6,0,6,51
08/20/2023,IPT,PA,AEA,EN,Federal Contract Tower,2,2,4,0,8,0,0,30,0,30,2,2,34,0,38,0,0,0,38
08/21/2023,IPT,PA,AEA,EN,Federal Contract Tower,0,0,9,0,9,0,6,36,0,42,0,6,45,0,51,28,0,28,79
08/22/2023,IPT,PA,AEA,EN,Federal Contract Tower,0,0,5,0,5,0,9,27,2,38,0,9,32,2,43,20,0,20,63
08/23/2023,IPT,PA,AEA,EN,Federal Contract Tower,0,2,7,0,9,0,1,16,0,17,0,3,23,0,26,10,0,10,36
08/24/2023,IPT,PA,AEA,EN,Federal Contract Tower,0,0,6,0,6,0,2,1,0,3,0,2,7,0,9,0,0,0,9
08/25/2023,IPT,PA,AEA,EN,Federal Contract Tower,0,0,8,0,8,0,6,3,0,9,0,6,11,0,17,0,0,0,17
08/26/2023,IPT,PA,AEA,EN,Federal Contract Tower,0,3,11,0,14,0,1,25,0,26,0,4,36,0,40,10,0,10,50
08/27/2023,IPT,PA,AEA,EN,Federal Contract Tower,0,4,11,0,15,0,8,30,5,43,0,12,41,5,58,0,0,0,58
08/28/2023,IPT,PA,AEA,EN,Federal Contract Tower,0,0,15,0,15,0,4,11,0,15,0,4,26,0,30,18,0,18,48
08/29/2023,IPT,PA,AEA,EN,Federal Contract Tower,0,4,10,0,14,0,4,8,0,12,0,8,18,0,26,12,0,12,38
08/30/2023,IPT,PA,AEA,EN,Federal Contract Tower,0,0,9,0,9,0,4,17,0,21,0,4,26,0,30,0,0,0,30
08/31/2023,IPT,PA,AEA,EN,Federal Contract Tower,0,0,9,0,9,0,5,21,0,26,0,5,30,0,35,1,0,1,36
01/01/2020,IPT,PA,AEA,EN,Federal Contract Tower,0,3,3,0,6,0,0,5,0,5,0,3,8,0,11,0,0,0,11
01/02/2020,IPT,PA,AEA,EN,Federal Contract Tower,0,4,4,0,8,0,2,32,0,34,0,6,36,0,42,8,0,8,50
01/03/2020,IPT,PA,AEA,EN,Federal Contract Tower,0,6,4,0,10,0,2,0,0,2,0,8,4,0,12,0,0,0,12
01/04/2020,IPT,PA,AEA,EN,Federal Contract Tower,0,7,2,0,9,0,0,2,0,2,0,7,4,0,11,0,0,0,11
01/05/2020,IPT,PA,AEA,EN,Federal Contract Tower,0,4,4,0,8,0,5,3,0,8,0,9,7,0,16,18,0,18,34
01/06/2020,IPT,PA,AEA,EN,Federal Contract Tower,0,5,8,0,13,0,1,8,0,9,0,6,16,0,22,2,0,2,24
01/07/2020,IPT,PA,AEA,EN,Federal Contract Tower,0,4,1,0,5,0,4,5,0,9,0,8,6,0,14,10,0,10,24
01/08/2020,IPT,PA,AEA,EN,Federal Contract Tower,0,8,5,0,13,0,0,8,0,8,0,8,13,0,21,14,0,14,35
01/09/2020,IPT,PA,AEA,EN,Federal Contract Tower,0,7,3,0,10,0,1,27,0,28,0,8,30,0,38,68,0,68,106
01/10/2020,IPT,PA,AEA,EN,Federal Contract Tower,0,5,2,0,7,0,6,4,0,10,0,11,6,0,17,0,0,0,17
01/11/2020,IPT,PA,AEA,EN,Federal Contract Tower,0,3,1,0,4,0,1,0,0,1,0,4,1,0,5,0,0,0,5
01/12/2020,IPT,PA,AEA,EN,Federal Contract Tower,0,3,1,0,4,0,4,5,0,9,0,7,6,0,13,2,0,2,15
01/13/2020,IPT,PA,AEA,EN,Federal Contract Tower,0,6,5,0,11,0,2,32,0,34,0,8,37,0,45,22,0,22,67
01/14/2020,IPT,PA,AEA,EN,Federal Contract Tower,0,5,4,0,9,0,0,0,0,0,0,5,4,0,9,0,0,0,9
01/15/2020,IPT,PA,AEA,EN,Federal Contract Tower,0,9,9,0,18,0,2,31,0,33,0,11,40,0,51,24,0,24,75
01/16/2020,IPT,PA,AEA,EN,Federal Contract Tower,0,6,2,0,8,0,0,2,0,2,0,6,4,0,10,4,0,4,14
01/17/2020,IPT,PA,AEA,EN,Federal Contract Tower,0,4,14,0,18,0,1,16,0,17,0,5,30,0,35,2,0,2,37
01/18/2020,IPT,PA,AEA,EN,Federal Contract Tower,0,1,0,0,1,0,0,0,0,0,0,1,0,0,1,0,0,0,1
01/19/2020,IPT,PA,AEA,EN,Federal Contract Tower,0,4,1,0,5,0,0,1,0,1,0,4,2,0,6,0,0,0,6
01/20/2020,IPT,PA,AEA,EN,Federal Contract Tower,0,2,7,0,9,0,2,16,0,18,0,4,23,0,27,8,0,8,35
01/21/2020,IPT,PA,AEA,EN,Federal Contract Tower,0,5,5,0,10,0,1,19,1,21,0,6,24,1,31,6,0,6,37
01/22/2020,IPT,PA,AEA,EN,Federal Contract Tower,0,8,7,0,15,0,1,34,0,35,0,9,41,0,50,74,0,74,124
01/23/2020,IPT,PA,AEA,EN,Federal Contract Tower,0,11,8,0,19,0,6,36,4,46,0,17,44,4,65,46,0,46,111
01/24/2020,IPT,PA,AEA,EN,Federal Contract Tower,0,3,11,0,14,0,3,4,0,7,0,6,15,0,21,8,0,8,29
01/25/2020,IPT,PA,AEA,EN,Federal Contract Tower,0,3,0,0,3,0,1,0,0,1,0,4,0,0,4,0,0,0,4
01/26/2020,IPT,PA,AEA,EN,Federal Contract Tower,0,3,2,0,5,0,3,7,0,10,0,6,9,0,15,32,0,32,47
01/27/2020,IPT,PA,AEA,EN,Federal Contract Tower,0,8,2,0,10,0,0,6,0,6,0,8,8,0,16,0,0,0,16
01/28/2020,IPT,PA,AEA,EN,Federal Contract Tower,0,5,3,0,8,0,0,0,0,0,0,5,3,0,8,0,0,0,8
01/29/2020,IPT,PA,AEA,EN,Federal Contract Tower,0,6,4,2,12,0,10,34,0,44,0,16,38,2,56,6,0,6,62
01/30/2020,IPT,PA,AEA,EN,Federal Contract Tower,0,8,4,0,12,0,2,36,1,39,0,10,40,1,51,14,0,14,65
01/31/2020,IPT,PA,AEA,EN,Federal Contract Tower,0,4,3,0,7,0,2,5,4,11,0,6,8,4,18,0,0,0,18
02/01/2020,IPT,PA,AEA,EN,Federal Contract Tower,0,4,4,0,8,0,2,10,0,12,0,6,14,0,20,30,0,30,50
02/02/2020,IPT,PA,AEA,EN,Federal Contract Tower,0,3,1,0,4,0,3,0,0,3,0,6,1,0,7,0,0,0,7
02/03/2020,IPT,PA,AEA,EN,Federal Contract Tower,0,1,8,0,9,0,7,12,2,21,0,8,20,2,30,22,0,22,52
02/04/2020,IPT,PA,AEA,EN,Federal Contract Tower,0,6,11,0,17,0,0,3,0,3,0,6,14,0,20,0,0,0,20
02/05/2020,IPT,PA,AEA,EN,Federal Contract Tower,0,4,8,0,12,0,7,25,0,32,0,11,33,0,44,4,0,4,48
02/06/2020,IPT,PA,AEA,EN,Federal Contract Tower,0,4,2,0,6,0,0,0,0,0,0,4,2,0,6,0,0,0,6
02/07/2020,IPT,PA,AEA,EN,Federal Contract Tower,0,5,3,0,8,0,3,0,0,3,0,8,3,0,11,0,0,0,11
02/08/2020,IPT,PA,AEA,EN,Federal Contract Tower,0,5,3,0,8,0,3,10,0,13,0,8,13,0,21,16,0,16,37
02/09/2020,IPT,PA,AEA,EN,Federal Contract Tower,0,5,5,0,10,0,0,14,0,14,0,5,19,0,24,6,0,6,30
02/10/2020,IPT,PA,AEA,EN,Federal Contract Tower,0,4,8,0,12,0,0,0,0,0,0,4,8,0,12,24,0,24,36
02/11/2020,IPT,PA,AEA,EN,Federal Contract Tower,0,5,4,2,11,0,0,2,0,2,0,5,6,2,13,16,0,16,29
02/12/2020,IPT,PA,AEA,EN,Federal Contract Tower,0,5,8,0,13,0,2,33,1,36,0,7,41,1,49,56,4,60,109
02/13/2020,IPT,PA,AEA,EN,Federal Contract Tower,0,4,3,0,7,0,0,1,0,1,0,4,4,0,8,0,0,0,8
02/14/2020,IPT,PA,AEA,EN,Federal Contract Tower,0,3,4,0,7,0,3,13,0,16,0,6,17,0,23,0,0,0,23
02/15/2020,IPT,PA,AEA,EN,Federal Contract Tower,0,3,9,0,12,0,2,25,0,27,0,5,34,0,39,54,0,54,93
02/16/2020,IPT,PA,AEA,EN,Federal Contract Tower,0,2,3,0,5,0,0,5,0,5,0,2,8,0,10,0,0,0,10
02/17/2020,IPT,PA,AEA,EN,Federal Contract Tower,0,3,4,0,7,0,7,25,0,32,0,10,29,0,39,10,0,10,49
02/18/2020,IPT,PA,AEA,EN,Federal Contract Tower,0,4,4,0,8,0,0,0,0,0,0,4,4,0,8,0,0,0,8
02/19/2020,IPT,PA,AEA,EN,Federal Contract Tower,0,6,5,0,11,0,0,19,0,19,0,6,24,0,30,16,0,16,46
02/20/2020,IPT,PA,AEA,EN,Federal Contract Tower,0,6,2,0,8,0,0,7,0,7,0,6,9,0,15,10,0,10,25
02/21/2020,IPT,PA,AEA,EN,Federal Contract Tower,0,8,13,0,21,0,2,31,0,33,0,10,44,0,54,18,0,18,72
02/22/2020,IPT,PA,AEA,EN,Federal Contract Tower,0,5,5,0,10,0,2,37,0,39,0,7,42,0,49,22,0,22,71
02/23/2020,IPT,PA,AEA,EN,Federal Contract Tower,0,0,9,0,9,0,2,39,0,41,0,2,48,0,50,20,0,20,70
02/24/2020,IPT,PA,AEA,EN,Federal Contract Tower,0,5,5,0,10,0,6,26,0,32,0,11,31,0,42,14,0,14,56
02/25/2020,IPT,PA,AEA,EN,Federal Contract Tower,0,4,8,0,12,0,0,0,0,0,0,4,8,0,12,6,0,6,18
02/26/2020,IPT,PA,AEA,EN,Federal Contract Tower,0,4,0,0,4,0,0,0,0,0,0,4,0,0,4,0,0,0,4
02/27/2020,IPT,PA,AEA,EN,Federal Contract Tower,0,2,0,0,2,0,2,0,0,2,0,4,0,0,4,0,0,0,4
02/28/2020,IPT,PA,AEA,EN,Federal Contract Tower,0,4,7,0,11,0,0,21,0,21,0,4,28,0,32,0,0,0,32
02/29/2020,IPT,PA,AEA,EN,Federal Contract Tower,0,1,4,0,5,0,4,8,0,12,0,5,12,0,17,0,0,0,17
03/01/2020,IPT,PA,AEA,EN,Federal Contract Tower,0,2,7,0,9,0,3,29,0,32,0,5,36,0,41,12,0,12,53
03/02/2020,IPT,PA,AEA,EN,Federal Contract Tower,0,3,4,0,7,0,5,26,0,31,0,8,30,0,38,2,0,2,40
03/03/2020,IPT,PA,AEA,EN,Federal Contract Tower,0,5,4,0,9,0,0,2,0,2,0,5,6,0,11,4,0,4,15
03/04/2020,IPT,PA,AEA,EN,Federal Contract Tower,0,3,8,0,11,0,5,9,0,14,0,8,17,0,25,12,0,12,37
03/05/2020,IPT,PA,AEA,EN,Federal Contract Tower,0,4,5,0,9,0,2,17,0,19,0,6,22,0,28,4,0,4,32
03/06/2020,IPT,PA,AEA,EN,Federal Contract Tower,0,6,5,0,11,0,1,2,0,3,0,7,7,0,14,0,0,0,14
03/07/2020,IPT,PA,AEA,EN,Federal Contract Tower,0,3,3,0,6,0,0,27,0,27,0,3,30,0,33,30,0,30,63
03/08/2020,IPT,PA,AEA,EN,Federal Contract Tower,0,2,4,0,6,0,5,37,0,42,0,7,41,0,48,28,0,28,76
03/09/2020,IPT,PA,AEA,EN,Federal Contract Tower,0,3,4,0,7,0,5,50,0,55,0,8,54,0,62,24,0,24,86
03/10/2020,IPT,PA,AEA,EN,Federal Contract Tower,0,6,0,0,6,0,0,3,0,3,0,6,3,0,9,0,0,0,9
03/11/2020,IPT,PA,AEA,EN,Federal Contract Tower,0,4,5,0,9,0,1,29,0,30,0,5,34,0,39,46,0,46,85
03/12/2020,IPT,PA,AEA,EN,Federal Contract Tower,0,4,6,0,10,0,6,19,0,25,0,10,25,0,35,6,0,6,41
03/13/2020,IPT,PA,AEA,EN,Federal Contract Tower,0,4,5,0,9,0,0,4,0,4,0,4,9,0,13,0,0,0,13
03/14/2020,IPT,PA,AEA,EN,Federal Contract Tower,0,4,4,0,8,0,2,30,0,32,0,6,34,0,40,20,0,20,60
03/15/2020,IPT,PA,AEA,EN,Federal Contract Tower,0,2,5,0,7,0,3,47,0,50,0,5,52,0,57,12,0,12,69
03/16/2020,IPT,PA,AEA,EN,Federal Contract Tower,0,4,3,0,7,0,2,27,0,29,0,6,30,0,36,4,0,4,40
03/17/2020,IPT,PA,AEA,EN,Federal Contract Tower,0,5,0,0,5,0,3,2,0,5,0,8,2,0,10,22,0,22,32
03/18/2020,IPT,PA,AEA,EN,Federal Contract Tower,0,5,4,0,9,0,3,31,0,34,0,8,35,0,43,52,0,52,95
03/19/2020,IPT,PA,AEA,EN,Federal Contract Tower,0,4,0,0,4,0,0,0,0,0,0,4,0,0,4,0,0,0,4
03/20/2020,IPT,PA,AEA,EN,Federal Contract Tower,0,4,3,0,7,0,0,1,0,1,0,4,4,0,8,0,0,0,8
03/21/2020,IPT,PA,AEA,EN,Federal Contract Tower,0,3,1,0,4,0,0,8,0,8,0,3,9,0,12,0,0,0,12
03/22/2020,IPT,PA,AEA,EN,Federal Contract Tower,0,4,5,0,9,0,3,27,0,30,0,7,32,0,39,12,0,12,51
03/23/2020,IPT,PA,AEA,EN,Federal Contract Tower,0,1,0,0,1,0,0,0,0,0,0,1,0,0,1,0,0,0,1
03/24/2020,IPT,PA,AEA,EN,Federal Contract Tower,0,2,1,0,3,0,1,7,0,8,0,3,8,0,11,20,0,20,31
03/25/2020,IPT,PA,AEA,EN,Federal Contract Tower,0,4,3,0,7,0,0,3,0,3,0,4,6,0,10,0,0,0,10
03/26/2020,IPT,PA,AEA,EN,Federal Contract Tower,0,2,3,0,5,0,0,1,0,1,0,2,4,0,6,40,0,40,46
03/27/2020,IPT,PA,AEA,EN,Federal Contract Tower,0,4,0,0,4,0,1,15,0,16,0,5,15,0,20,18,0,18,38
03/28/2020,IPT,PA,AEA,EN,Federal Contract Tower,0,3,2,0,5,0,0,0,0,0,0,3,2,0,5,0,0,0,5
03/29/2020,IPT,PA,AEA,EN,Federal Contract Tower,0,3,3,0,6,0,1,0,0,1,0,4,3,0,7,0,0,0,7
03/30/2020,IPT,PA,AEA,EN,Federal Contract Tower,0,3,1,0,4,0,0,2,0,2,0,3,3,0,6,2,0,2,8
03/31/2020,IPT,PA,AEA,EN,Federal Contract Tower,0,2,6,0,8,0,0,15,0,15,0,2,21,0,23,60,0,60,83
04/01/2020,IPT,PA,AEA,EN,Federal Contract Tower,0,4,0,0,4,0,5,5,0,10,0,9,5,0,14,18,0,18,32
04/02/2020,IPT,PA,AEA,EN,Federal Contract Tower,0,4,4,0,8,0,4,4,0,8,0,8,8,0,16,0,0,0,16
04/03/2020,IPT,PA,AEA,EN,Federal Contract Tower,0,4,3,0,7,0,1,5,0,6,0,5,8,0,13,10,0,10,23
04/04/2020,IPT,PA,AEA,EN,Federal Contract Tower,0,3,0,0,3,0,2,6,0,8,0,5,6,0,11,0,0,0,11
04/05/2020,IPT,PA,AEA,EN,Federal Contract Tower,0,0,5,0,5,0,2,14,0,16,0,2,19,0,21,8,0,8,29
04/06/2020,IPT,PA,AEA,EN,Federal Contract Tower,0,3,5,0,8,0,0,28,0,28,0,3,33,0,36,0,0,0,36
04/07/2020,IPT,PA,AEA,EN,Federal Contract Tower,0,2,5,0,7,0,7,30,0,37,0,9,35,0,44,0,0,0,44
04/08/2020,IPT,PA,AEA,EN,Federal Contract Tower,0,5,1,0,6,0,4,4,0,8,0,9,5,0,14,8,0,8,22
04/09/2020,IPT,PA,AEA,EN,Federal Contract Tower,0,4,0,0,4,0,2,2,0,4,0,6,2,0,8,0,0,0,8
04/10/2020,IPT,PA,AEA,EN,Federal Contract Tower,0,3,4,0,7,0,0,0,0,0,0,3,4,0,7,0,0,0,7
04/11/2020,IPT,PA,AEA,EN,Federal Contract Tower,0,3,2,0,5,0,3,15,0,18,0,6,17,0,23,0,0,0,23
04/12/2020,IPT,PA,AEA,EN,Federal Contract Tower,0,2,2,0,4,0,0,6,0,6,0,2,8,0,10,0,0,0,10
04/13/2020,IPT,PA,AEA,EN,Federal Contract Tower,0,1,0,0,1,0,0,0,0,0,0,1,0,0,1,0,0,0,1
04/14/2020,IPT,PA,AEA,EN,Federal Contract Tower,0,4,3,0,7,0,0,14,0,14,0,4,17,0,21,0,0,0,21
04/15/2020,IPT,PA,AEA,EN,Federal Contract Tower,0,4,0,0,4,0,0,0,0,0,0,4,0,0,4,0,0,0,4
04/16/2020,IPT,PA,AEA,EN,Federal Contract Tower,0,2,2,0,4,0,6,0,0,6,0,8,2,0,10,0,0,0,10
04/17/2020,IPT,PA,AEA,EN,Federal Contract Tower,0,2,6,0,8,0,0,0,0,0,0,2,6,0,8,0,0,0,8
04/18/2020,IPT,PA,AEA,EN,Federal Contract Tower,0,1,2,0,3,0,0,2,0,2,0,1,4,0,5,0,0,0,5
04/19/2020,IPT,PA,AEA,EN,Federal Contract Tower,0,0,0,0,0,0,0,7,0,7,0,0,7,0,7,0,0,0,7
04/20/2020,IPT,PA,AEA,EN,Federal Contract Tower,0,1,18,0,19,0,0,25,0,25,0,1,43,0,44,4,0,4,48
04/21/2020,IPT,PA,AEA,EN,Federal Contract Tower,0,4,0,0,4,0,5,2,0,7,0,9,2,0,11,0,0,0,11
04/22/2020,IPT,PA,AEA,EN,Federal Contract Tower,0,2,0,0,2,0,8,4,2,14,0,10,4,2,16,0,0,0,16
04/23/2020,IPT,PA,AEA,EN,Federal Contract Tower,0,4,1,0,5,0,3,2,0,5,0,7,3,0,10,0,0,0,10
04/24/2020,IPT,PA,AEA,EN,Federal Contract Tower,0,5,2,0,7,0,0,1,0,1,0,5,3,0,8,0,0,0,8
04/25/2020,IPT,PA,AEA,EN,Federal Contract Tower,0,1,7,0,8,0,0,16,0,16,0,1,23,0,24,14,0,14,38
04/26/2020,IPT,PA,AEA,EN,Federal Contract Tower,0,8,0,0,8,0,0,0,0,0,0,8,0,0,8,0,0,0,8
04/27/2020,IPT,PA,AEA,EN,Federal Contract Tower,0,3,2,0,5,0,5,8,0,13,0,8,10,0,18,0,0,0,18
04/28/2020,IPT,PA,AEA,EN,Federal Contract Tower,0,4,10,0,14,0,3,28,0,31,0,7,38,0,45,6,0,6,51
04/29/2020,IPT,PA,AEA,EN,Federal Contract Tower,0,5,3,0,8,0,0,2,0,2,0,5,5,0,10,0,0,0,10
04/30/2020,IPT,PA,AEA,EN,Federal Contract Tower,0,2,2,0,4,0,0,0,0,0,0,2,2,0,4,0,0,0,4
05/01/2020,IPT,PA,AEA,EN,Federal Contract Tower,0,6,2,0,8,0,0,9,0,9,0,6,11,0,17,0,0,0,17
05/02/2020,IPT,PA,AEA,EN,Federal Contract Tower,0,1,3,0,4,0,1,35,0,36,0,2,38,0,40,14,0,14,54
05/03/2020,IPT,PA,AEA,EN,Federal Contract Tower,0,2,3,0,5,0,3,28,0,31,0,5,31,0,36,0,0,0,36
05/04/2020,IPT,PA,AEA,EN,Federal Contract Tower,0,3,7,0,10,0,0,20,0,20,0,3,27,0,30,0,0,0,30
05/05/2020,IPT,PA,AEA,EN,Federal Contract Tower,0,2,4,0,6,0,0,15,0,15,0,2,19,0,21,0,0,0,21
05/06/2020,IPT,PA,AEA,EN,Federal Contract Tower,0,2,5,2,9,0,0,4,0,4,0,2,9,2,13,20,0,20,33
05/07/2020,IPT,PA,AEA,EN,Federal Contract Tower,0,3,4,0,7,0,0,12,0,12,0,3,16,0,19,2,0,2,21
05/08/2020,IPT,PA,AEA,EN,Federal Contract Tower,0,8,2,2,12,0,0,0,0,0,0,8,2,2,12,0,0,0,12
05/09/2020,IPT,PA,AEA,EN,Federal Contract Tower,0,1,1,0,2,0,2,5,0,7,0,3,6,0,9,12,0,12,21
05/10/2020,IPT,PA,AEA,EN,Federal Contract Tower,0,2,4,0,6,0,0,12,0,12,0,2,16,0,18,0,0,0,18
05/11/2020,IPT,PA,AEA,EN,Federal Contract Tower,0,3,3,0,6,0,3,16,0,19,0,6,19,0,25,40,0,40,65
05/12/2020,IPT,PA,AEA,EN,Federal Contract Tower,0,2,0,0,2,0,1,19,3,23,0,3,19,3,25,6,0,6,31
05/13/2020,IPT,PA,AEA,EN,Federal Contract Tower,0,3,8,0,11,0,3,45,0,48,0,6,53,0,59,38,0,38,97
05/14/2020,IPT,PA,AEA,EN,Federal Contract Tower,0,4,2,0,6,0,2,29,2,33,0,6,31,2,39,40,0,40,79
05/15/2020,IPT,PA,AEA,EN,Federal Contract Tower,0,4,1,0,5,0,0,7,0,7,0,4,8,0,12,0,0,0,12
05/16/2020,IPT,PA,AEA,EN,Federal Contract Tower,0,2,5,0,7,0,5,30,0,35,0,7,35,0,42,28,0,28,70
05/17/2020,IPT,PA,AEA,EN,Federal Contract Tower,0,2,4,0,6,0,0,11,0,11,0,2,15,0,17,18,0,18,35
05/18/2020,IPT,PA,AEA,EN,Federal Contract Tower,0,4,2,0,6,0,0,24,0,24,0,4,26,0,30,0,0,0,30
05/19/2020,IPT,PA,AEA,EN,Federal Contract Tower,0,8,2,2,12,0,0,20,3,23,0,8,22,5,35,12,0,12,47
05/20/2020,IPT,PA,AEA,EN,Federal Contract Tower,0,6,12,0,18,0,1,19,0,20,0,7,31,0,38,22,0,22,60
05/21/2020,IPT,PA,AEA,EN,Federal Contract Tower,0,6,7,0,13,0,0,44,2,46,0,6,51,2,59,28,0,28,87
05/22/2020,IPT,PA,AEA,EN,Federal Contract Tower,0,4,3,2,9,0,2,1,2,5,0,6,4,4,14,12,2,14,28
05/23/2020,IPT,PA,AEA,EN,Federal Contract Tower,0,3,3,0,6,0,2,7,0,9,0,5,10,0,15,10,0,10,25
05/24/2020,IPT,PA,AEA,EN,Federal Contract Tower,0,3,3,0,6,0,5,33,0,38,0,8,36,0,44,14,0,14,58
05/25/2020,IPT,PA,AEA,EN,Federal Contract Tower,0,3,4,0,7,0,3,36,0,39,0,6,40,0,46,30,0,30,76
05/26/2020,IPT,PA,AEA,EN,Federal Contract Tower,0,1,3,6,10,0,2,38,0,40,0,3,41,6,50,26,0,26,76
05/27/2020,IPT,PA,AEA,EN,Federal Contract Tower,0,4,4,0,8,0,1,23,0,24,0,5,27,0,32,36,0,36,68
05/28/2020,IPT,PA,AEA,EN,Federal Contract Tower,0,5,5,0,10,0,0,3,0,3,0,5,8,0,13,0,0,0,13
05/29/2020,IPT,PA,AEA,EN,Federal Contract Tower,0,5,6,0,11,0,0,2,0,2,0,5,8,0,13,10,0,10,23
05/30/2020,IPT,PA,AEA,EN,Federal Contract Tower,0,1,10,0,11,0,0,36,0,36,0,1,46,0,47,44,0,44,91
05/31/2020,IPT,PA,AEA,EN,Federal Contract Tower,0,2,1,0,3,0,2,25,0,27,0,4,26,0,30,6,0,6,36
06/01/2020,IPT,PA,AEA,EN,Federal Contract Tower,0,3,12,0,15,0,1,34,0,35,0,4,46,0,50,22,0,22,72
06/02/2020,IPT,PA,AEA,EN,Federal Contract Tower,0,3,5,0,8,0,3,25,0,28,0,6,30,0,36,2,0,2,38
06/03/2020,IPT,PA,AEA,EN,Federal Contract Tower,0,4,4,0,8,0,0,6,0,6,0,4,10,0,14,14,0,14,28
06/04/2020,IPT,PA,AEA,EN,Federal Contract Tower,0,3,3,0,6,0,0,15,0,15,0,3,18,0,21,48,0,48,69
06/05/2020,IPT,PA,AEA,EN,Federal Contract Tower,0,9,6,0,15,0,5,5,0,10,0,14,11,0,25,26,0,26,51
06/06/2020,IPT,PA,AEA,EN,Federal Contract Tower,0,1,2,0,3,0,7,12,0,19,0,8,14,0,22,24,0,24,46
06/07/2020,IPT,PA,AEA,EN,Federal Contract Tower,0,2,2,0,4,0,3,21,0,24,0,5,23,0,28,0,0,0,28
06/08/2020,IPT,PA,AEA,EN,Federal Contract Tower,0,3,4,0,7,0,8,24,0,32,0,11,28,0,39,18,0,18,57
06/09/2020,IPT,PA,AEA,EN,Federal Contract Tower,0,8,6,0,14,0,8,36,0,44,0,16,42,0,58,10,0,10,68
06/10/2020,IPT,PA,AEA,EN,Federal Contract Tower,0,5,3,0,8,0,0,24,0,24,0,5,27,0,32,4,0,4,36
06/11/2020,IPT,PA,AEA,EN,Federal Contract Tower,0,4,6,0,10,0,0,15,0,15,0,4,21,0,25,10,2,12,37
06/12/2020,IPT,PA,AEA,EN,Federal Contract Tower,0,5,10,0,15,0,0,37,0,37,0,5,47,0,52,2,0,2,54
06/13/2020,IPT,PA,AEA,EN,Federal Contract Tower,0,3,4,0,7,0,1,28,0,29,0,4,32,0,36,52,0,52,88
06/14/2020,IPT,PA,AEA,EN,Federal Contract Tower,0,3,3,0,6,0,2,41,0,43,0,5,44,0,49,20,0,20,69
06/15/2020,IPT,PA,AEA,EN,Federal Contract Tower,0,3,4,2,9,0,4,33,0,37,0,7,37,2,46,86,0,86,132
06/16/2020,IPT,PA,AEA,EN,Federal Contract Tower,0,5,5,0,10,0,1,26,0,27,0,6,31,0,37,26,0,26,63
06/17/2020,IPT,PA,AEA,EN,Federal Contract Tower,0,4,4,0,8,0,0,37,0,37,0,4,41,0,45,16,0,16,61
06/18/2020,IPT,PA,AEA,EN,Federal Contract Tower,0,2,7,1,10,0,1,8,0,9,0,3,15,1,19,0,0,0,19
06/19/2020,IPT,PA,AEA,EN,Federal Contract Tower,0,4,6,0,10,0,4,5,0,9,0,8,11,0,19,8,0,8,27
06/20/2020,IPT,PA,AEA,EN,Federal Contract Tower,0,1,4,1,6,0,2,6,1,9,0,3,10,2,15,0,0,0,15
06/21/2020,IPT,PA,AEA,EN,Federal Contract Tower,0,5,3,0,8,0,2,14,0,16,0,7,17,0,24,12,0,12,36
06/22/2020,IPT,PA,AEA,EN,Federal Contract Tower,0,3,5,0,8,0,0,28,0,28,0,3,33,0,36,12,0,12,48
06/23/2020,IPT,PA,AEA,EN,Federal Contract Tower,0,2,7,0,9,0,0,10,0,10,0,2,17,0,19,0,0,0,19
06/24/2020,IPT,PA,AEA,EN,Federal Contract Tower,0,5,4,0,9,0,0,22,0,22,0,5,26,0,31,8,0,8,39
06/25/2020,IPT,PA,AEA,EN,Federal Contract Tower,0,5,3,1,9,0,3,33,1,37,0,8,36,2,46,30,10,40,86
06/26/2020,IPT,PA,AEA,EN,Federal Contract Tower,0,4,14,0,18,0,2,18,0,20,0,6,32,0,38,0,0,0,38
06/27/2020,IPT,PA,AEA,EN,Federal Contract Tower,0,1,1,0,2,0,2,0,0,2,0,3,1,0,4,0,0,0,4
06/28/2020,IPT,PA,AEA,EN,Federal Contract Tower,0,3,17,0,20,0,4,44,0,48,0,7,61,0,68,0,0,0,68
06/29/2020,IPT,PA,AEA,EN,Federal Contract Tower,0,6,3,2,11,0,11,41,0,52,0,17,44,2,63,0,6,6,69
06/30/2020,IPT,PA,AEA,EN,Federal Contract Tower,0,2,3,0,5,0,10,27,0,37,0,12,30,0,42,0,0,0,42
07/01/2020,IPT,PA,AEA,EN,Federal Contract Tower,0,4,11,0,15,0,4,35,0,39,0,8,46,0,54,46,0,46,100
07/02/2020,IPT,PA,AEA,EN,Federal Contract Tower,0,6,6,3,15,0,2,42,0,44,0,8,48,3,59,10,0,10,69
07/03/2020,IPT,PA,AEA,EN,Federal Contract Tower,0,3,9,0,12,0,2,34,0,36,0,5,43,0,48,0,0,0,48
07/04/2020,IPT,PA,AEA,EN,Federal Contract Tower,0,0,4,0,4,0,0,20,2,22,0,0,24,2,26,4,0,4,30
07/05/2020,IPT,PA,AEA,EN,Federal Contract Tower,0,3,4,0,7,0,2,39,2,43,0,5,43,2,50,22,0,22,72
07/06/2020,IPT,PA,AEA,EN,Federal Contract Tower,0,3,3,0,6,0,2,51,0,53,0,5,54,0,59,54,0,54,113
07/07/2020,IPT,PA,AEA,EN,Federal Contract Tower,0,6,9,0,15,0,0,22,0,22,0,6,31,0,37,0,0,0,37
07/08/2020,IPT,PA,AEA,EN,Federal Contract Tower,0,7,5,2,14,0,0,21,0,21,0,7,26,2,35,50,0,50,85
07/09/2020,IPT,PA,AEA,EN,Federal Contract Tower,0,4,7,0,11,0,0,17,0,17,0,4,24,0,28,14,0,14,42
07/10/2020,IPT,PA,AEA,EN,Federal Contract Tower,0,4,7,0,11,0,2,17,0,19,0,6,24,0,30,4,0,4,34
07/11/2020,IPT,PA,AEA,EN,Federal Contract Tower,0,5,3,0,8,0,0,12,0,12,0,5,15,0,20,18,0,18,38
07/12/2020,IPT,PA,AEA,EN,Federal Contract Tower,0,2,7,0,9,0,1,23,0,24,0,3,30,0,33,0,0,0,33
07/13/2020,IPT,PA,AEA,EN,Federal Contract Tower,0,4,4,0,8,0,1,23,0,24,0,5,27,0,32,8,0,8,40
07/14/2020,IPT,PA,AEA,EN,Federal Contract Tower,0,4,9,0,13,0,0,35,0,35,0,4,44,0,48,4,0,4,52
07/15/2020,IPT,PA,AEA,EN,Federal Contract Tower,0,6,11,2,19,0,0,43,0,43,0,6,54,2,62,30,0,30,92
07/16/2020,IPT,PA,AEA,EN,Federal Contract Tower,0,3,5,0,8,0,0,11,0,11,0,3,16,0,19,16,0,16,35
07/17/2020,IPT,PA,AEA,EN,Federal Contract Tower,0,4,7,2,13,0,2,16,0,18,0,6,23,2,31,0,0,0,31
07/18/2020,IPT,PA,AEA,EN,Federal Contract Tower,0,3,4,0,7,0,4,47,0,51,0,7,51,0,58,30,0,30,88
07/19/2020,IPT,PA,AEA,EN,Federal Contract Tower,0,2,3,2,7,0,3,32,0,35,0,5,35,2,42,6,0,6,48
07/20/2020,IPT,PA,AEA,EN,Federal Contract Tower,0,3,5,0,8,0,1,36,0,37,0,4,41,0,45,14,0,14,59
07/21/2020,IPT,PA,AEA,EN,Federal Contract Tower,0,4,6,0,10,0,1,47,0,48,0,5,53,0,58,42,0,42,100
07/22/2020,IPT,PA,AEA,EN,Federal Contract Tower,0,4,7,0,11,0,0,31,0,31,0,4,38,0,42,66,0,66,108
07/23/2020,IPT,PA,AEA,EN,Federal Contract Tower,0,4,8,1,13,0,10,23,2,35,0,14,31,3,48,18,22,40,88
07/24/2020,IPT,PA,AEA,EN,Federal Contract Tower,0,4,8,0,12,0,0,26,0,26,0,4,34,0,38,6,0,6,44
07/25/2020,IPT,PA,AEA,EN,Federal Contract Tower,0,5,3,0,8,0,2,28,0,30,0,7,31,0,38,0,0,0,38
07/26/2020,IPT,PA,AEA,EN,Federal Contract Tower,0,4,2,0,6,0,2,31,4,37,0,6,33,4,43,0,0,0,43
07/27/2020,IPT,PA,AEA,EN,Federal Contract Tower,0,3,10,0,13,0,0,30,0,30,0,3,40,0,43,20,0,20,63
07/28/2020,IPT,PA,AEA,EN,Federal Contract Tower,0,4,9,0,13,0,1,20,0,21,0,5,29,0,34,6,0,6,40
07/29/2020,IPT,PA,AEA,EN,Federal Contract Tower,0,8,21,0,29,0,3,66,0,69,0,11,87,0,98,4,0,4,102
07/30/2020,IPT,PA,AEA,EN,Federal Contract Tower,0,5,11,0,16,0,6,32,0,38,0,11,43,0,54,20,0,20,74
07/31/2020,IPT,PA,AEA,EN,Federal Contract Tower,0,4,4,0,8,0,6,41,2,49,0,10,45,2,57,0,0,0,57
08/01/2020,IPT,PA,AEA,EN,Federal Contract Tower,0,3,3,0,6,0,2,38,0,40,0,5,41,0,46,10,0,10,56
08/02/2020,IPT,PA,AEA,EN,Federal Contract Tower,0,3,4,0,7,0,2,1,0,3,0,5,5,0,10,0,0,0,10
08/03/2020,IPT,PA,AEA,EN,Federal Contract Tower,0,5,9,0,14,0,7,35,0,42,0,12,44,0,56,40,0,40,96
08/04/2020,IPT,PA,AEA,EN,Federal Contract Tower,0,10,3,0,13,0,0,1,0,1,0,10,4,0,14,0,0,0,14
08/05/2020,IPT,PA,AEA,EN,Federal Contract Tower,0,4,7,0,11,0,0,47,0,47,0,4,54,0,58,6,0,6,64
08/06/2020,IPT,PA,AEA,EN,Federal Contract Tower,0,4,10,2,16,0,2,33,1,36,0,6,43,3,52,2,12,14,66
08/07/2020,IPT,PA,AEA,EN,Federal Contract Tower,0,4,4,0,8,0,3,0,2,5,0,7,4,2,13,0,0,0,13
08/08/2020,IPT,PA,AEA,EN,Federal Contract Tower,0,3,11,0,14,0,2,16,0,18,0,5,27,0,32,4,0,4,36
08/09/2020,IPT,PA,AEA,EN,Federal Contract Tower,0,2,5,1,8,0,4,31,7,42,0,6,36,8,50,12,10,22,72
08/10/2020,IPT,PA,AEA,EN,Federal Contract Tower,0,3,5,0,8,0,0,66,0,66,0,3,71,0,74,4,0,4,78
08/11/2020,IPT,PA,AEA,EN,Federal Contract Tower,0,5,10,0,15,0,0,33,0,33,0,5,43,0,48,12,0,12,60
08/12/2020,IPT,PA,AEA,EN,Federal Contract Tower,0,4,2,0,6,0,0,27,0,27,0,4,29,0,33,82,0,82,115
08/13/2020,IPT,PA,AEA,EN,Federal Contract Tower,0,4,10,0,14,0,1,28,0,29,0,5,38,0,43,0,0,0,43
08/14/2020,IPT,PA,AEA,EN,Federal Contract Tower,0,5,14,0,19,0,1,19,0,20,0,6,33,0,39,10,0,10,49
08/15/2020,IPT,PA,AEA,EN,Federal Contract Tower,0,3,8,0,11,0,1,27,0,28,0,4,35,0,39,16,0,16,55
08/16/2020,IPT,PA,AEA,EN,Federal Contract Tower,0,3,3,0,6,0,4,22,0,26,0,7,25,0,32,0,0,0,32
08/17/2020,IPT,PA,AEA,EN,Federal Contract Tower,0,3,5,0,8,0,5,31,0,36,0,8,36,0,44,14,0,14,58
08/18/2020,IPT,PA,AEA,EN,Federal Contract Tower,0,6,5,0,11,0,4,51,0,55,0,10,56,0,66,10,0,10,76
08/19/2020,IPT,PA,AEA,EN,Federal Contract Tower,0,12,8,0,20,0,5,36,0,41,0,17,44,0,61,4,0,4,65
08/20/2020,IPT,PA,AEA,EN,Federal Contract Tower,0,6,10,0,16,0,5,42,0,47,0,11,52,0,63,12,0,12,75
08/21/2020,IPT,PA,AEA,EN,Federal Contract Tower,0,6,8,0,14,0,10,32,0,42,0,16,40,0,56,12,0,12,68
08/22/2020,IPT,PA,AEA,EN,Federal Contract Tower,0,4,3,0,7,0,5,30,0,35,0,9,33,0,42,4,0,4,46
08/23/2020,IPT,PA,AEA,EN,Federal Contract Tower,0,4,8,0,12,0,2,27,0,29,0,6,35,0,41,4,0,4,45
08/24/2020,IPT,PA,AEA,EN,Federal Contract Tower,0,7,7,0,14,0,6,19,0,25,0,13,26,0,39,20,0,20,59
08/25/2020,IPT,PA,AEA,EN,Federal Contract Tower,0,10,2,0,12,0,0,22,0,22,0,10,24,0,34,2,0,2,36
08/26/2020,IPT,PA,AEA,EN,Federal Contract Tower,0,3,12,1,16,0,2,38,1,41,0,5,50,2,57,4,0,4,61
08/27/2020,IPT,PA,AEA,EN,Federal Contract Tower,0,8,9,0,17,0,1,20,0,21,0,9,29,0,38,0,0,0,38
08/28/2020,IPT,PA,AEA,EN,Federal Contract Tower,0,5,2,0,7,0,0,8,0,8,0,5,10,0,15,4,0,4,19
08/29/2020,IPT,PA,AEA,EN,Federal Contract Tower,0,5,0,0,5,0,2,2,0,4,0,7,2,0,9,4,0,4,13
08/30/2020,IPT,PA,AEA,EN,Federal Contract Tower,0,4,3,0,7,0,0,38,0,38,0,4,41,0,45,0,0,0,45
08/31/2020,IPT,PA,AEA,EN,Federal Contract Tower,0,5,5,0,10,0,5,20,0,25,0,10,25,0,35,0,0,0,35
09/01/2020,IPT,PA,AEA,EN,Federal Contract Tower,0,6,10,0,16,0,0,20,0,20,0,6,30,0,36,22,0,22,58
09/02/2020,IPT,PA,AEA,EN,Federal Contract Tower,0,6,3,0,9,0,0,0,0,0,0,6,3,0,9,0,0,0,9
09/03/2020,IPT,PA,AEA,EN,Federal Contract Tower,0,6,17,0,23,0,0,9,0,9,0,6,26,0,32,2,0,2,34
09/04/2020,IPT,PA,AEA,EN,Federal Contract Tower,0,7,5,0,12,0,5,29,0,34,0,12,34,0,46,4,0,4,50
09/05/2020,IPT,PA,AEA,EN,Federal Contract Tower,0,6,7,0,13,0,1,69,0,70,0,7,76,0,83,12,0,12,95
09/06/2020,IPT,PA,AEA,EN,Federal Contract Tower,0,3,9,0,12,0,4,38,0,42,0,7,47,0,54,0,0,0,54
09/07/2020,IPT,PA,AEA,EN,Federal Contract Tower,0,4,6,0,10,0,7,24,0,31,0,11,30,0,41,14,0,14,55
09/08/2020,IPT,PA,AEA,EN,Federal Contract Tower,0,3,7,0,10,0,0,29,0,29,0,3,36,0,39,0,0,0,39
09/09/2020,IPT,PA,AEA,EN,Federal Contract Tower,0,4,2,0,6,0,3,35,0,38,0,7,37,0,44,20,0,20,64
09/10/2020,IPT,PA,AEA,EN,Federal Contract Tower,0,7,4,0,11,0,0,14,0,14,0,7,18,0,25,12,0,12,37
09/11/2020,IPT,PA,AEA,EN,Federal Contract Tower,0,4,22,0,26,0,0,32,0,32,0,4,54,0,58,0,0,0,58
09/12/2020,IPT,PA,AEA,EN,Federal Contract Tower,0,2,9,0,11,0,1,61,0,62,0,3,70,0,73,0,0,0,73
09/13/2020,IPT,PA,AEA,EN,Federal Contract Tower,0,5,10,0,15,0,1,12,0,13,0,6,22,0,28,0,0,0,28
09/14/2020,IPT,PA,AEA,EN,Federal Contract Tower,0,4,5,0,9,0,2,24,0,26,0,6,29,0,35,0,0,0,35
09/15/2020,IPT,PA,AEA,EN,Federal Contract Tower,0,7,10,0,17,0,1,42,0,43,0,8,52,0,60,20,0,20,80
09/16/2020,IPT,PA,AEA,EN,Federal Contract Tower,0,5,13,0,18,0,1,48,0,49,0,6,61,0,67,22,0,22,89
09/17/2020,IPT,PA,AEA,EN,Federal Contract Tower,0,11,1,2,14,0,4,28,0,32,0,15,29,2,46,2,14,16,62
09/18/2020,IPT,PA,AEA,EN,Federal Contract Tower,0,4,5,1,10,0,0,16,0,16,0,4,21,1,26,2,0,2,28
09/19/2020,IPT,PA,AEA,EN,Federal Contract Tower,0,2,7,0,9,0,4,31,2,37,0,6,38,2,46,4,0,4,50
09/20/2020,IPT,PA,AEA,EN,Federal Contract Tower,0,2,7,0,9,0,5,26,0,31,0,7,33,0,40,0,0,0,40
09/21/2020,IPT,PA,AEA,EN,Federal Contract Tower,0,4,3,2,9,0,1,29,0,30,0,5,32,2,39,8,0,8,47
09/22/2020,IPT,PA,AEA,EN,Federal Contract Tower,0,4,15,0,19,0,3,21,0,24,0,7,36,0,43,14,0,14,57
09/23/2020,IPT,PA,AEA,EN,Federal Contract Tower,0,4,7,1,12,0,11,32,1,44,0,15,39,2,56,0,14,14,70
09/24/2020,IPT,PA,AEA,EN,Federal Contract Tower,0,5,9,0,14,0,5,27,0,32,0,10,36,0,46,6,0,6,52
09/25/2020,IPT,PA,AEA,EN,Federal Contract Tower,0,6,6,0,12,0,4,24,0,28,0,10,30,0,40,24,0,24,64
09/26/2020,IPT,PA,AEA,EN,Federal Contract Tower,0,3,5,0,8,0,1,21,0,22,0,4,26,0,30,12,0,12,42
09/27/2020,IPT,PA,AEA,EN,Federal Contract Tower,0,2,6,0,8,0,0,13,0,13,0,2,19,0,21,0,0,0,21
09/28/2020,IPT,PA,AEA,EN,Federal Contract Tower,0,4,10,0,14,0,2,22,0,24,0,6,32,0,38,2,0,2,40
09/29/2020,IPT,PA,AEA,EN,Federal Contract Tower,0,2,9,0,11,0,2,2,0,4,0,4,11,0,15,0,0,0,15
09/30/2020,IPT,PA,AEA,EN,Federal Contract Tower,0,3,6,0,9,0,4,10,0,14,0,7,16,0,23,0,0,0,23
10/01/2020,IPT,PA,AEA,EN,Federal Contract Tower,0,7,6,0,13,0,1,27,0,28,0,8,33,0,41,0,0,0,41
10/02/2020,IPT,PA,AEA,EN,Federal Contract Tower,0,2,9,0,11,0,5,10,0,15,0,7,19,0,26,0,0,0,26
10/03/2020,IPT,PA,AEA,EN,Federal Contract Tower,0,4,2,0,6,0,0,38,0,38,0,4,40,0,44,44,0,44,88
10/04/2020,IPT,PA,AEA,EN,Federal Contract Tower,0,1,3,0,4,0,0,29,3,32,0,1,32,3,36,0,0,0,36
10/05/2020,IPT,PA,AEA,EN,Federal Contract Tower,0,4,5,2,11,0,0,33,4,37,0,4,38,6,48,4,4,8,56
10/06/2020,IPT,PA,AEA,EN,Federal Contract Tower,0,2,2,0,4,0,5,36,0,41,0,7,38,0,45,0,0,0,45
10/07/2020,IPT,PA,AEA,EN,Federal Contract Tower,0,4,9,0,13,0,1,11,0,12,0,5,20,0,25,0,0,0,25
10/08/2020,IPT,PA,AEA,EN,Federal Contract Tower,0,7,1,0,8,0,2,31,0,33,0,9,32,0,41,18,0,18,59
10/09/2020,IPT,PA,AEA,EN,Federal Contract Tower,0,2,7,0,9,0,2,38,0,40,0,4,45,0,49,24,0,24,73
10/10/2020,IPT,PA,AEA,EN,Federal Contract Tower,0,1,3,0,4,0,2,22,0,24,0,3,25,0,28,48,0,48,76
10/11/2020,IPT,PA,AEA,EN,Federal Contract Tower,0,0,0,0,0,0,3,6,0,9,0,3,6,0,9,4,0,4,13
10/12/2020,IPT,PA,AEA,EN,Federal Contract Tower,0,1,4,0,5,0,4,0,0,4,0,5,4,0,9,0,0,0,9
10/13/2020,IPT,PA,AEA,EN,Federal Contract Tower,0,2,4,0,6,0,2,14,0,16,0,4,18,0,22,0,0,0,22
10/14/2020,IPT,PA,AEA,EN,Federal Contract Tower,0,2,4,0,6,0,2,27,0,29,0,4,31,0,35,0,0,0,35
10/15/2020,IPT,PA,AEA,EN,Federal Contract Tower,0,2,3,0,5,0,6,16,0,22,0,8,19,0,27,0,0,0,27
10/16/2020,IPT,PA,AEA,EN,Federal Contract Tower,0,1,9,0,10,0,2,9,0,11,0,3,18,0,21,2,0,2,23
10/17/2020,IPT,PA,AEA,EN,Federal Contract Tower,0,0,12,0,12,0,1,35,0,36,0,1,47,0,48,6,0,6,54
10/18/2020,IPT,PA,AEA,EN,Federal Contract Tower,0,2,4,0,6,0,2,28,0,30,0,4,32,0,36,4,0,4,40
10/19/2020,IPT,PA,AEA,EN,Federal Contract Tower,0,1,3,0,4,0,0,4,0,4,0,1,7,0,8,4,0,4,12
10/20/2020,IPT,PA,AEA,EN,Federal Contract Tower,0,0,8,0,8,0,0,5,0,5,0,0,13,0,13,0,0,0,13
10/21/2020,IPT,PA,AEA,EN,Federal Contract Tower,0,2,12,0,14,0,1,16,0,17,0,3,28,0,31,18,0,18,49
10/22/2020,IPT,PA,AEA,EN,Federal Contract Tower,0,1,4,4,9,0,0,22,0,22,0,1,26,4,31,32,0,32,63
10/23/2020,IPT,PA,AEA,EN,Federal Contract Tower,0,2,4,0,6,0,1,2,0,3,0,3,6,0,9,0,0,0,9
10/24/2020,IPT,PA,AEA,EN,Federal Contract Tower,0,0,7,0,7,0,2,12,0,14,0,2,19,0,21,20,0,20,41
10/25/2020,IPT,PA,AEA,EN,Federal Contract Tower,0,0,7,0,7,0,8,22,0,30,0,8,29,0,37,6,0,6,43
10/26/2020,IPT,PA,AEA,EN,Federal Contract Tower,0,5,4,0,9,0,0,0,0,0,0,5,4,0,9,0,0,0,9
10/27/2020,IPT,PA,AEA,EN,Federal Contract Tower,0,1,5,0,6,0,0,10,0,10,0,1,15,0,16,24,0,24,40
10/28/2020,IPT,PA,AEA,EN,Federal Contract Tower,0,2,3,0,5,0,0,3,0,3,0,2,6,0,8,26,0,26,34
10/29/2020,IPT,PA,AEA,EN,Federal Contract Tower,0,4,3,0,7,0,0,0,0,0,0,4,3,0,7,0,0,0,7
10/30/2020,IPT,PA,AEA,EN,Federal Contract Tower,0,1,6,4,11,0,0,8,0,8,0,1,14,4,19,4,0,4,23
10/31/2020,IPT,PA,AEA,EN,Federal Contract Tower,2,3,2,2,9,0,0,30,1,31,2,3,32,3,40,14,0,14,54
11/01/2020,IPT,PA,AEA,EN,Federal Contract Tower,2,5,1,6,14,0,0,1,0,1,2,5,2,6,15,0,0,0,15
11/02/2020,IPT,PA,AEA,EN,Federal Contract Tower,0,2,1,0,3,0,1,5,0,6,0,3,6,0,9,0,0,0,9
11/03/2020,IPT,PA,AEA,EN,Federal Contract Tower,0,2,0,0,2,0,0,15,0,15,0,2,15,0,17,10,0,10,27
11/04/2020,IPT,PA,AEA,EN,Federal Contract Tower,0,2,3,0,5,0,10,34,0,44,0,12,37,0,49,12,0,12,61
11/05/2020,IPT,PA,AEA,EN,Federal Contract Tower,0,2,8,0,10,0,1,33,0,34,0,3,41,0,44,46,0,46,90
11/06/2020,IPT,PA,AEA,EN,Federal Contract Tower,0,2,6,0,8,0,3,15,0,18,0,5,21,0,26,12,2,14,40
11/07/2020,IPT,PA,AEA,EN,Federal Contract Tower,0,2,3,0,5,0,3,53,0,56,0,5,56,0,61,48,0,48,109
11/08/2020,IPT,PA,AEA,EN,Federal Contract Tower,0,0,9,0,9,0,2,35,0,37,0,2,44,0,46,56,0,56,102
11/09/2020,IPT,PA,AEA,EN,Federal Contract Tower,0,1,4,0,5,0,7,40,4,51,0,8,44,4,56,54,0,54,110
11/10/2020,IPT,PA,AEA,EN,Federal Contract Tower,0,2,10,0,12,0,4,30,2,36,0,6,40,2,48,0,0,0,48
11/11/2020,IPT,PA,AEA,EN,Federal Contract Tower,0,2,6,0,8,0,0,0,0,0,0,2,6,0,8,0,0,0,8
11/12/2020,IPT,PA,AEA,EN,Federal Contract Tower,0,2,6,0,8,0,0,21,0,21,0,2,27,0,29,18,0,18,47
11/13/2020,IPT,PA,AEA,EN,Federal Contract Tower,0,3,13,0,16,0,0,13,0,13,0,3,26,0,29,24,0,24,53
11/14/2020,IPT,PA,AEA,EN,Federal Contract Tower,0,0,4,0,4,0,2,24,0,26,0,2,28,0,30,2,0,2,32
11/15/2020,IPT,PA,AEA,EN,Federal Contract Tower,0,0,1,0,1,0,0,0,0,0,0,0,1,0,1,0,0,0,1
11/16/2020,IPT,PA,AEA,EN,Federal Contract Tower,0,2,11,0,13,0,1,30,0,31,0,3,41,0,44,32,0,32,76
11/17/2020,IPT,PA,AEA,EN,Federal Contract Tower,0,4,4,0,8,0,0,2,0,2,0,4,6,0,10,0,0,0,10
11/18/2020,IPT,PA,AEA,EN,Federal Contract Tower,0,2,5,0,7,0,2,7,0,9,0,4,12,0,16,6,0,6,22
11/19/2020,IPT,PA,AEA,EN,Federal Contract Tower,0,2,10,0,12,0,3,38,0,41,0,5,48,0,53,18,0,18,71
11/20/2020,IPT,PA,AEA,EN,Federal Contract Tower,0,3,5,4,12,0,5,33,0,38,0,8,38,4,50,10,0,10,60
11/21/2020,IPT,PA,AEA,EN,Federal Contract Tower,0,1,5,0,6,0,5,26,0,31,0,6,31,0,37,24,0,24,61
11/22/2020,IPT,PA,AEA,EN,Federal Contract Tower,0,1,2,0,3,0,2,2,0,4,0,3,4,0,7,0,0,0,7
11/23/2020,IPT,PA,AEA,EN,Federal Contract Tower,0,1,7,0,8,0,3,3,0,6,0,4,10,0,14,0,0,0,14
11/24/2020,IPT,PA,AEA,EN,Federal Contract Tower,0,1,7,0,8,0,1,36,0,37,0,2,43,0,45,4,0,4,49
11/25/2020,IPT,PA,AEA,EN,Federal Contract Tower,0,2,6,0,8,0,3,15,0,18,0,5,21,0,26,0,0,0,26
11/26/2020,IPT,PA,AEA,EN,Federal Contract Tower,0,0,3,0,3,0,0,0,0,0,0,0,3,0,3,0,0,0,3
11/27/2020,IPT,PA,AEA,EN,Federal Contract Tower,0,1,3,0,4,0,0,12,0,12,0,1,15,0,16,10,0,10,26
11/28/2020,IPT,PA,AEA,EN,Federal Contract Tower,0,2,1,0,3,0,0,22,0,22,0,2,23,0,25,4,0,4,29
11/29/2020,IPT,PA,AEA,EN,Federal Contract Tower,0,0,3,0,3,0,2,28,0,30,0,2,31,0,33,0,0,0,33
11/30/2020,IPT,PA,AEA,EN,Federal Contract Tower,0,1,0,0,1,0,0,0,0,0,0,1,0,0,1,0,0,0,1
12/01/2020,IPT,PA,AEA,EN,Federal Contract Tower,0,1,6,0,7,0,0,0,0,0,0,1,6,0,7,0,0,0,7
12/02/2020,IPT,PA,AEA,EN,Federal Contract Tower,0,2,3,0,5,0,2,1,0,3,0,4,4,0,8,8,0,8,16
12/03/2020,IPT,PA,AEA,EN,Federal Contract Tower,0,2,2,0,4,0,5,23,0,28,0,7,25,0,32,2,0,2,34
12/04/2020,IPT,PA,AEA,EN,Federal Contract Tower,0,4,1,2,7,0,4,6,8,18,0,8,7,10,25,0,12,12,37
12/05/2020,IPT,PA,AEA,EN,Federal Contract Tower,0,0,1,0,1,0,0,2,0,2,0,0,3,0,3,0,0,0,3
12/06/2020,IPT,PA,AEA,EN,Federal Contract Tower,0,0,5,0,5,0,2,18,0,20,0,2,23,0,25,0,0,0,25
12/07/2020,IPT,PA,AEA,EN,Federal Contract Tower,0,2,4,0,6,0,10,32,0,42,0,12,36,0,48,56,0,56,104
12/08/2020,IPT,PA,AEA,EN,Federal Contract Tower,0,3,8,0,11,0,4,16,6,26,0,7,24,6,37,0,0,0,37
12/09/2020,IPT,PA,AEA,EN,Federal Contract Tower,0,1,1,0,2,0,2,0,0,2,0,3,1,0,4,14,0,14,18
12/10/2020,IPT,PA,AEA,EN,Federal Contract Tower,0,3,5,0,8,0,1,13,0,14,0,4,18,0,22,16,2,18,40
12/11/2020,IPT,PA,AEA,EN,Federal Contract Tower,0,2,12,0,14,0,5,25,0,30,0,7,37,0,44,0,0,0,44
12/12/2020,IPT,PA,AEA,EN,Federal Contract Tower,0,0,3,0,3,0,0,0,0,0,0,0,3,0,3,0,0,0,3
12/13/2020,IPT,PA,AEA,EN,Federal Contract Tower,0,4,2,0,6,0,6,14,0,20,0,10,16,0,26,0,0,0,26
12/14/2020,IPT,PA,AEA,EN,Federal Contract Tower,0,3,2,0,5,0,1,2,0,3,0,4,4,0,8,0,0,0,8
12/15/2020,IPT,PA,AEA,EN,Federal Contract Tower,0,2,3,0,5,0,3,22,0,25,0,5,25,0,30,20,0,20,50
12/16/2020,IPT,PA,AEA,EN,Federal Contract Tower,0,1,0,0,1,0,0,0,0,0,0,1,0,0,1,0,0,0,1
12/17/2020,IPT,PA,AEA,EN,Federal Contract Tower,0,0,1,0,1,0,2,0,0,2,0,2,1,0,3,0,0,0,3
12/18/2020,IPT,PA,AEA,EN,Federal Contract Tower,0,3,1,0,4,0,0,0,0,0,0,3,1,0,4,0,0,0,4
12/19/2020,IPT,PA,AEA,EN,Federal Contract Tower,0,1,5,0,6,0,2,5,0,7,0,3,10,0,13,0,0,0,13
12/20/2020,IPT,PA,AEA,EN,Federal Contract Tower,0,0,0,0,0,0,9,0,0,9,0,9,0,0,9,0,0,0,9
12/21/2020,IPT,PA,AEA,EN,Federal Contract Tower,0,1,7,0,8,0,0,1,0,1,0,1,8,0,9,0,0,0,9
12/22/2020,IPT,PA,AEA,EN,Federal Contract Tower,0,2,8,0,10,0,0,5,0,5,0,2,13,0,15,0,0,0,15
12/23/2020,IPT,PA,AEA,EN,Federal Contract Tower,0,1,13,0,14,0,2,22,0,24,0,3,35,0,38,6,0,6,44
12/24/2020,IPT,PA,AEA,EN,Federal Contract Tower,0,1,2,0,3,0,0,0,0,0,0,1,2,0,3,0,0,0,3
12/25/2020,IPT,PA,AEA,EN,Federal Contract Tower,0,1,0,0,1,0,0,0,0,0,0,1,0,0,1,0,0,0,1
12/26/2020,IPT,PA,AEA,EN,Federal Contract Tower,0,3,5,0,8,0,4,9,0,13,0,7,14,0,21,8,0,8,29
12/27/2020,IPT,PA,AEA,EN,Federal Contract Tower,0,2,2,0,4,0,2,25,0,27,0,4,27,0,31,14,0,14,45
12/28/2020,IPT,PA,AEA,EN,Federal Contract Tower,0,1,2,0,3,0,8,24,0,32,0,9,26,0,35,26,0,26,61
12/29/2020,IPT,PA,AEA,EN,Federal Contract Tower,0,2,13,0,15,0,0,20,0,20,0,2,33,0,35,0,0,0,35
12/30/2020,IPT,PA,AEA,EN,Federal Contract Tower,0,2,6,0,8,0,0,15,0,15,0,2,21,0,23,8,0,8,31
12/31/2020,IPT,PA,AEA,EN,Federal Contract Tower,0,1,7,0,8,0,2,8,0,10,0,3,15,0,18,26,0,26,44
01/01/2021,IPT,PA,AEA,EN,Federal Contract Tower,0,0,1,0,1,0,0,3,0,3,0,0,4,0,4,0,0,0,4
01/02/2021,IPT,PA,AEA,EN,Federal Contract Tower,0,2,5,0,7,0,0,4,0,4,0,2,9,0,11,12,0,12,23
01/03/2021,IPT,PA,AEA,EN,Federal Contract Tower,0,0,1,0,1,0,0,0,0,0,0,0,1,0,1,0,0,0,1
01/04/2021,IPT,PA,AEA,EN,Federal Contract Tower,0,1,6,0,7,0,3,11,0,14,0,4,17,0,21,22,0,22,43
01/05/2021,IPT,PA,AEA,EN,Federal Contract Tower,0,4,5,0,9,0,0,0,0,0,0,4,5,0,9,0,0,0,9
01/06/2021,IPT,PA,AEA,EN,Federal Contract Tower,0,4,2,0,6,0,1,11,0,12,0,5,13,0,18,20,0,20,38
01/07/2021,IPT,PA,AEA,EN,Federal Contract Tower,0,4,2,0,6,0,4,32,0,36,0,8,34,0,42,30,0,30,72
01/08/2021,IPT,PA,AEA,EN,Federal Contract Tower,0,3,10,0,13,0,2,17,0,19,0,5,27,0,32,0,0,0,32
01/09/2021,IPT,PA,AEA,EN,Federal Contract Tower,0,5,6,0,11,0,9,32,0,41,0,14,38,0,52,28,0,28,80
01/10/2021,IPT,PA,AEA,EN,Federal Contract Tower,0,3,2,0,5,0,3,47,0,50,0,6,49,0,55,12,0,12,67
01/11/2021,IPT,PA,AEA,EN,Federal Contract Tower,0,5,1,2,8,0,0,23,0,23,0,5,24,2,31,0,0,0,31
01/12/2021,IPT,PA,AEA,EN,Federal Contract Tower,0,5,4,0,9,0,1,20,0,21,0,6,24,0,30,14,0,14,44
01/13/2021,IPT,PA,AEA,EN,Federal Contract Tower,0,4,2,0,6,0,8,13,0,21,0,12,15,0,27,18,0,18,45
01/14/2021,IPT,PA,AEA,EN,Federal Contract Tower,0,5,2,2,9,0,3,15,0,18,0,8,17,2,27,0,0,0,27
01/15/2021,IPT,PA,AEA,EN,Federal Contract Tower,0,5,6,0,11,0,1,4,0,5,0,6,10,0,16,0,0,0,16
01/16/2021,IPT,PA,AEA,EN,Federal Contract Tower,0,3,3,0,6,0,5,12,0,17,0,8,15,0,23,22,0,22,45
01/17/2021,IPT,PA,AEA,EN,Federal Contract Tower,0,2,4,0,6,0,4,7,0,11,0,6,11,0,17,0,0,0,17
01/18/2021,IPT,PA,AEA,EN,Federal Contract Tower,0,3,4,0,7,0,0,18,0,18,0,3,22,0,25,14,0,14,39
01/19/2021,IPT,PA,AEA,EN,Federal Contract Tower,0,4,3,0,7,0,2,23,0,25,0,6,26,0,32,0,0,0,32
01/20/2021,IPT,PA,AEA,EN,Federal Contract Tower,0,8,13,0,21,0,7,6,0,13,0,15,19,0,34,0,0,0,34
01/21/2021,IPT,PA,AEA,EN,Federal Contract Tower,0,3,4,0,7,0,2,9,0,11,0,5,13,0,18,2,0,2,20
01/22/2021,IPT,PA,AEA,EN,Federal Contract Tower,0,5,1,0,6,0,0,6,0,6,0,5,7,0,12,2,0,2,14
01/23/2021,IPT,PA,AEA,EN,Federal Contract Tower,0,2,4,0,6,0,0,5,0,5,0,2,9,0,11,0,0,0,11
01/24/2021,IPT,PA,AEA,EN,Federal Contract Tower,0,2,4,0,6,0,0,35,0,35,0,2,39,0,41,14,0,14,55
01/25/2021,IPT,PA,AEA,EN,Federal Contract Tower,0,3,2,0,5,0,0,33,0,33,0,3,35,0,38,32,0,32,70
01/26/2021,IPT,PA,AEA,EN,Federal Contract Tower,0,0,3,0,3,0,0,0,0,0,0,0,3,0,3,0,0,0,3
01/27/2021,IPT,PA,AEA,EN,Federal Contract Tower,0,3,6,0,9,0,0,6,0,6,0,3,12,0,15,0,0,0,15
01/28/2021,IPT,PA,AEA,EN,Federal Contract Tower,0,4,5,0,9,0,5,9,6,20,0,9,14,6,29,0,0,0,29
01/29/2021,IPT,PA,AEA,EN,Federal Contract Tower,0,6,5,0,11,0,5,5,0,10,0,11,10,0,21,0,0,0,21
01/30/2021,IPT,PA,AEA,EN,Federal Contract Tower,0,3,15,0,18,0,0,42,0,42,0,3,57,0,60,8,0,8,68
01/31/2021,IPT,PA,AEA,EN,Federal Contract Tower,0,0,0,0,0,0,0,0,0,0,0,0,0,0,0,0,0,0,0
02/01/2021,IPT,PA,AEA,EN,Federal Contract Tower,0,0,0,0,0,0,0,0,0,0,0,0,0,0,0,0,0,0,0
02/02/2021,IPT,PA,AEA,EN,Federal Contract Tower,0,2,3,0,5,0,2,0,3,5,0,4,3,3,10,0,0,0,10
02/03/2021,IPT,PA,AEA,EN,Federal Contract Tower,0,5,2,0,7,0,8,3,0,11,0,13,5,0,18,18,0,18,36
02/04/2021,IPT,PA,AEA,EN,Federal Contract Tower,0,4,8,0,12,0,1,21,0,22,0,5,29,0,34,50,0,50,84
02/05/2021,IPT,PA,AEA,EN,Federal Contract Tower,0,4,1,0,5,0,0,4,0,4,0,4,5,0,9,14,0,14,23
02/06/2021,IPT,PA,AEA,EN,Federal Contract Tower,0,2,6,0,8,0,2,9,0,11,0,4,15,0,19,16,0,16,35
02/07/2021,IPT,PA,AEA,EN,Federal Contract Tower,0,0,1,0,1,0,2,0,0,2,0,2,1,0,3,0,0,0,3
02/08/2021,IPT,PA,AEA,EN,Federal Contract Tower,0,3,13,0,16,0,1,28,0,29,0,4,41,0,45,36,0,36,81
02/09/2021,IPT,PA,AEA,EN,Federal Contract Tower,0,2,5,0,7,0,0,2,0,2,0,2,7,0,9,0,0,0,9
02/10/2021,IPT,PA,AEA,EN,Federal Contract Tower,0,4,8,0,12,0,1,33,0,34,0,5,41,0,46,36,0,36,82
02/11/2021,IPT,PA,AEA,EN,Federal Contract Tower,0,3,3,0,6,0,2,0,2,4,0,5,3,2,10,0,8,8,18
02/12/2021,IPT,PA,AEA,EN,Federal Contract Tower,0,3,2,0,5,0,2,10,0,12,0,5,12,0,17,44,0,44,61
02/13/2021,IPT,PA,AEA,EN,Federal Contract Tower,0,4,3,0,7,0,2,8,0,10,0,6,11,0,17,4,0,4,21
02/14/2021,IPT,PA,AEA,EN,Federal Contract Tower,0,2,2,0,4,0,7,0,0,7,0,9,2,0,11,0,0,0,11
02/15/2021,IPT,PA,AEA,EN,Federal Contract Tower,0,2,3,0,5,0,0,0,0,0,0,2,3,0,5,0,0,0,5
02/16/2021,IPT,PA,AEA,EN,Federal Contract Tower,0,1,0,0,1,0,2,0,0,2,0,3,0,0,3,0,0,0,3
02/17/2021,IPT,PA,AEA,EN,Federal Contract Tower,0,5,0,0,5,0,13,22,0,35,0,18,22,0,40,46,0,46,86
02/18/2021,IPT,PA,AEA,EN,Federal Contract Tower,0,1,0,0,1,0,0,0,0,0,0,1,0,0,1,0,0,0,1
02/19/2021,IPT,PA,AEA,EN,Federal Contract Tower,0,3,4,0,7,0,0,0,0,0,0,3,4,0,7,0,0,0,7
02/20/2021,IPT,PA,AEA,EN,Federal Contract Tower,0,3,4,0,7,0,4,8,0,12,0,7,12,0,19,60,0,60,79
02/21/2021,IPT,PA,AEA,EN,Federal Contract Tower,0,3,10,0,13,0,0,44,0,44,0,3,54,0,57,6,0,6,63
02/22/2021,IPT,PA,AEA,EN,Federal Contract Tower,0,1,3,0,4,0,0,0,0,0,0,1,3,0,4,0,0,0,4
02/23/2021,IPT,PA,AEA,EN,Federal Contract Tower,0,1,7,0,8,0,8,0,0,8,0,9,7,0,16,0,0,0,16
02/24/2021,IPT,PA,AEA,EN,Federal Contract Tower,0,2,8,0,10,0,4,18,0,22,0,6,26,0,32,2,0,2,34
02/25/2021,IPT,PA,AEA,EN,Federal Contract Tower,0,5,3,0,8,0,5,21,0,26,0,10,24,0,34,8,0,8,42
02/26/2021,IPT,PA,AEA,EN,Federal Contract Tower,0,5,3,0,8,0,2,32,0,34,0,7,35,0,42,48,0,48,90
02/27/2021,IPT,PA,AEA,EN,Federal Contract Tower,0,6,2,0,8,0,0,4,0,4,0,6,6,0,12,0,0,0,12
02/28/2021,IPT,PA,AEA,EN,Federal Contract Tower,0,3,1,0,4,0,0,0,0,0,0,3,1,0,4,0,0,0,4
03/01/2021,IPT,PA,AEA,EN,Federal Contract Tower,0,3,2,0,5,0,2,6,0,8,0,5,8,0,13,26,0,26,39
03/02/2021,IPT,PA,AEA,EN,Federal Contract Tower,0,1,4,0,5,0,2,25,0,27,0,3,29,0,32,28,0,28,60
03/03/2021,IPT,PA,AEA,EN,Federal Contract Tower,0,4,7,2,13,0,0,40,0,40,0,4,47,2,53,22,0,22,75
03/04/2021,IPT,PA,AEA,EN,Federal Contract Tower,0,4,1,0,5,0,1,10,0,11,0,5,11,0,16,10,0,10,26
03/05/2021,IPT,PA,AEA,EN,Federal Contract Tower,0,4,1,0,5,0,0,11,0,11,0,4,12,0,16,0,0,0,16
03/06/2021,IPT,PA,AEA,EN,Federal Contract Tower,0,3,2,0,5,0,2,16,0,18,0,5,18,0,23,40,0,40,63
03/07/2021,IPT,PA,AEA,EN,Federal Contract Tower,0,2,7,0,9,0,0,40,0,40,0,2,47,0,49,12,0,12,61
03/08/2021,IPT,PA,AEA,EN,Federal Contract Tower,0,5,4,0,9,0,0,27,0,27,0,5,31,0,36,14,0,14,50
03/09/2021,IPT,PA,AEA,EN,Federal Contract Tower,0,4,7,0,11,0,8,41,0,49,0,12,48,0,60,22,0,22,82
03/10/2021,IPT,PA,AEA,EN,Federal Contract Tower,0,2,6,0,8,0,0,42,0,42,0,2,48,0,50,12,0,12,62
03/11/2021,IPT,PA,AEA,EN,Federal Contract Tower,0,3,9,0,12,0,1,14,0,15,0,4,23,0,27,10,0,10,37
03/12/2021,IPT,PA,AEA,EN,Federal Contract Tower,0,4,12,0,16,0,2,13,0,15,0,6,25,0,31,32,4,36,67
03/13/2021,IPT,PA,AEA,EN,Federal Contract Tower,0,5,2,0,7,0,0,29,0,29,0,5,31,0,36,4,0,4,40
03/14/2021,IPT,PA,AEA,EN,Federal Contract Tower,0,2,5,0,7,0,0,18,0,18,0,2,23,0,25,0,0,0,25
03/15/2021,IPT,PA,AEA,EN,Federal Contract Tower,0,3,9,0,12,0,3,19,0,22,0,6,28,0,34,2,0,2,36
03/16/2021,IPT,PA,AEA,EN,Federal Contract Tower,0,2,0,0,2,0,0,0,0,0,0,2,0,0,2,0,0,0,2
03/17/2021,IPT,PA,AEA,EN,Federal Contract Tower,0,4,7,0,11,0,4,4,0,8,0,8,11,0,19,0,0,0,19
03/18/2021,IPT,PA,AEA,EN,Federal Contract Tower,0,4,3,0,7,0,0,0,0,0,0,4,3,0,7,0,0,0,7
03/19/2021,IPT,PA,AEA,EN,Federal Contract Tower,0,4,9,0,13,0,0,10,0,10,0,4,19,0,23,0,0,0,23
03/20/2021,IPT,PA,AEA,EN,Federal Contract Tower,0,5,8,0,13,0,0,42,2,44,0,5,50,2,57,20,0,20,77
03/21/2021,IPT,PA,AEA,EN,Federal Contract Tower,0,2,2,0,4,0,4,37,0,41,0,6,39,0,45,10,0,10,55
03/22/2021,IPT,PA,AEA,EN,Federal Contract Tower,0,5,9,0,14,0,6,54,0,60,0,11,63,0,74,16,0,16,90
03/23/2021,IPT,PA,AEA,EN,Federal Contract Tower,0,8,9,0,17,0,4,42,0,46,0,12,51,0,63,22,0,22,85
03/24/2021,IPT,PA,AEA,EN,Federal Contract Tower,0,4,8,0,12,0,0,0,0,0,0,4,8,0,12,0,0,0,12
03/25/2021,IPT,PA,AEA,EN,Federal Contract Tower,0,5,7,2,14,0,2,3,0,5,0,7,10,2,19,28,0,28,47
03/26/2021,IPT,PA,AEA,EN,Federal Contract Tower,0,5,4,0,9,0,0,2,0,2,0,5,6,0,11,0,0,0,11
03/27/2021,IPT,PA,AEA,EN,Federal Contract Tower,0,3,13,0,16,0,3,41,0,44,0,6,54,0,60,48,0,48,108
03/28/2021,IPT,PA,AEA,EN,Federal Contract Tower,0,2,5,0,7,0,0,3,0,3,0,2,8,0,10,0,0,0,10
03/29/2021,IPT,PA,AEA,EN,Federal Contract Tower,0,3,2,0,5,0,4,14,1,19,0,7,16,1,24,6,0,6,30
03/30/2021,IPT,PA,AEA,EN,Federal Contract Tower,0,4,2,0,6,0,0,35,2,37,0,4,37,2,43,26,0,26,69
03/31/2021,IPT,PA,AEA,EN,Federal Contract Tower,0,3,8,0,11,0,0,15,0,15,0,3,23,0,26,24,0,24,50
04/01/2021,IPT,PA,AEA,EN,Federal Contract Tower,0,6,12,0,18,0,0,9,0,9,0,6,21,0,27,4,0,4,31
04/02/2021,IPT,PA,AEA,EN,Federal Contract Tower,0,4,4,0,8,0,3,11,0,14,0,7,15,0,22,2,0,2,24
04/03/2021,IPT,PA,AEA,EN,Federal Contract Tower,0,2,5,0,7,0,0,26,0,26,0,2,31,0,33,20,0,20,53
04/04/2021,IPT,PA,AEA,EN,Federal Contract Tower,0,2,4,0,6,0,1,21,0,22,0,3,25,0,28,0,0,0,28
04/05/2021,IPT,PA,AEA,EN,Federal Contract Tower,0,1,6,0,7,0,2,30,0,32,0,3,36,0,39,24,0,24,63
04/06/2021,IPT,PA,AEA,EN,Federal Contract Tower,0,1,7,1,9,0,12,32,2,46,0,13,39,3,55,42,14,56,111
04/07/2021,IPT,PA,AEA,EN,Federal Contract Tower,0,10,5,0,15,0,6,28,0,34,0,16,33,0,49,8,0,8,57
04/08/2021,IPT,PA,AEA,EN,Federal Contract Tower,0,6,6,0,12,0,1,26,0,27,0,7,32,0,39,28,0,28,67
04/09/2021,IPT,PA,AEA,EN,Federal Contract Tower,0,6,7,0,13,0,3,12,2,17,0,9,19,2,30,6,0,6,36
04/10/2021,IPT,PA,AEA,EN,Federal Contract Tower,0,8,11,0,19,0,0,2,0,2,0,8,13,0,21,0,0,0,21
04/11/2021,IPT,PA,AEA,EN,Federal Contract Tower,0,2,6,0,8,0,3,0,0,3,0,5,6,0,11,0,0,0,11
04/12/2021,IPT,PA,AEA,EN,Federal Contract Tower,0,3,11,0,14,0,3,0,0,3,0,6,11,0,17,0,0,0,17
04/13/2021,IPT,PA,AEA,EN,Federal Contract Tower,0,4,12,0,16,0,0,30,0,30,0,4,42,0,46,14,0,14,60
04/14/2021,IPT,PA,AEA,EN,Federal Contract Tower,0,6,8,0,14,0,11,25,0,36,0,17,33,0,50,6,0,6,56
04/15/2021,IPT,PA,AEA,EN,Federal Contract Tower,0,8,10,2,20,0,2,27,0,29,0,10,37,2,49,20,0,20,69
04/16/2021,IPT,PA,AEA,EN,Federal Contract Tower,0,10,7,0,17,0,0,0,0,0,0,10,7,0,17,0,0,0,17
04/17/2021,IPT,PA,AEA,EN,Federal Contract Tower,0,5,5,0,10,0,3,16,0,19,0,8,21,0,29,2,8,10,39
04/18/2021,IPT,PA,AEA,EN,Federal Contract Tower,0,4,1,0,5,0,0,29,0,29,0,4,30,0,34,2,0,2,36
04/19/2021,IPT,PA,AEA,EN,Federal Contract Tower,0,2,10,0,12,0,0,24,0,24,0,2,34,0,36,66,0,66,102
04/20/2021,IPT,PA,AEA,EN,Federal Contract Tower,0,3,6,0,9,0,5,35,0,40,0,8,41,0,49,2,0,2,51
04/21/2021,IPT,PA,AEA,EN,Federal Contract Tower,0,2,2,0,4,0,5,0,0,5,0,7,2,0,9,0,0,0,9
04/22/2021,IPT,PA,AEA,EN,Federal Contract Tower,0,10,0,0,10,0,3,14,0,17,0,13,14,0,27,0,0,0,27
04/23/2021,IPT,PA,AEA,EN,Federal Contract Tower,0,5,8,0,13,0,2,27,0,29,0,7,35,0,42,6,0,6,48
04/24/2021,IPT,PA,AEA,EN,Federal Contract Tower,0,4,9,0,13,0,2,22,0,24,0,6,31,0,37,36,0,36,73
04/25/2021,IPT,PA,AEA,EN,Federal Contract Tower,0,2,3,0,5,0,4,17,0,21,0,6,20,0,26,4,0,4,30
04/26/2021,IPT,PA,AEA,EN,Federal Contract Tower,0,8,1,0,9,0,5,33,2,40,0,13,34,2,49,58,0,58,107
04/27/2021,IPT,PA,AEA,EN,Federal Contract Tower,0,12,3,0,15,0,11,27,0,38,0,23,30,0,53,36,0,36,89
04/28/2021,IPT,PA,AEA,EN,Federal Contract Tower,0,6,8,0,14,0,6,23,12,41,0,12,31,12,55,0,0,0,55
04/29/2021,IPT,PA,AEA,EN,Federal Contract Tower,0,4,11,0,15,0,0,2,0,2,0,4,13,0,17,0,0,0,17
04/30/2021,IPT,PA,AEA,EN,Federal Contract Tower,0,7,2,0,9,0,0,0,0,0,0,7,2,0,9,0,0,0,9
05/01/2021,IPT,PA,AEA,EN,Federal Contract Tower,0,5,1,0,6,0,2,18,0,20,0,7,19,0,26,20,0,20,46
05/02/2021,IPT,PA,AEA,EN,Federal Contract Tower,0,2,6,0,8,0,15,27,0,42,0,17,33,0,50,14,0,14,64
05/03/2021,IPT,PA,AEA,EN,Federal Contract Tower,0,4,6,0,10,0,0,20,0,20,0,4,26,0,30,2,0,2,32
05/04/2021,IPT,PA,AEA,EN,Federal Contract Tower,0,3,4,0,7,0,4,12,0,16,0,7,16,0,23,0,0,0,23
05/05/2021,IPT,PA,AEA,EN,Federal Contract Tower,0,2,1,0,3,0,4,6,0,10,0,6,7,0,13,4,0,4,17
05/06/2021,IPT,PA,AEA,EN,Federal Contract Tower,0,5,5,0,10,0,0,26,0,26,0,5,31,0,36,24,0,24,60
05/07/2021,IPT,PA,AEA,EN,Federal Contract Tower,0,6,2,0,8,0,0,10,0,10,0,6,12,0,18,2,0,2,20
05/08/2021,IPT,PA,AEA,EN,Federal Contract Tower,0,3,5,0,8,0,5,8,0,13,0,8,13,0,21,28,0,28,49
05/09/2021,IPT,PA,AEA,EN,Federal Contract Tower,0,2,7,0,9,0,1,7,0,8,0,3,14,0,17,16,0,16,33
05/10/2021,IPT,PA,AEA,EN,Federal Contract Tower,0,3,4,0,7,0,7,32,0,39,0,10,36,0,46,42,0,42,88
05/11/2021,IPT,PA,AEA,EN,Federal Contract Tower,0,3,7,0,10,0,3,25,2,30,0,6,32,2,40,0,6,6,46
05/12/2021,IPT,PA,AEA,EN,Federal Contract Tower,0,2,5,0,7,0,0,0,0,0,0,2,5,0,7,0,0,0,7
05/13/2021,IPT,PA,AEA,EN,Federal Contract Tower,0,4,10,0,14,0,0,42,0,42,0,4,52,0,56,8,1,9,65
05/14/2021,IPT,PA,AEA,EN,Federal Contract Tower,0,4,5,0,9,0,9,55,0,64,0,13,60,0,73,10,0,10,83
05/15/2021,IPT,PA,AEA,EN,Federal Contract Tower,0,2,7,0,9,0,15,24,0,39,0,17,31,0,48,18,0,18,66
05/16/2021,IPT,PA,AEA,EN,Federal Contract Tower,0,2,7,0,9,0,6,19,0,25,0,8,26,0,34,2,0,2,36
05/17/2021,IPT,PA,AEA,EN,Federal Contract Tower,0,3,7,0,10,0,4,35,0,39,0,7,42,0,49,6,0,6,55
05/18/2021,IPT,PA,AEA,EN,Federal Contract Tower,0,3,4,0,7,0,8,43,0,51,0,11,47,0,58,0,0,0,58
05/19/2021,IPT,PA,AEA,EN,Federal Contract Tower,0,3,5,0,8,0,1,47,0,48,0,4,52,0,56,14,12,26,82
05/20/2021,IPT,PA,AEA,EN,Federal Contract Tower,0,5,4,0,9,0,5,32,0,37,0,10,36,0,46,24,0,24,70
05/21/2021,IPT,PA,AEA,EN,Federal Contract Tower,0,4,7,0,11,0,8,23,0,31,0,12,30,0,42,34,0,34,76
05/22/2021,IPT,PA,AEA,EN,Federal Contract Tower,0,4,4,0,8,0,5,11,0,16,0,9,15,0,24,4,0,4,28
05/23/2021,IPT,PA,AEA,EN,Federal Contract Tower,0,2,1,0,3,0,7,15,0,22,0,9,16,0,25,2,0,2,27
05/24/2021,IPT,PA,AEA,EN,Federal Contract Tower,0,7,7,0,14,0,4,6,0,10,0,11,13,0,24,4,0,4,28
05/25/2021,IPT,PA,AEA,EN,Federal Contract Tower,0,14,1,0,15,0,0,8,0,8,0,14,9,0,23,6,0,6,29
05/26/2021,IPT,PA,AEA,EN,Federal Contract Tower,0,4,2,0,6,0,0,10,0,10,0,4,12,0,16,0,0,0,16
05/27/2021,IPT,PA,AEA,EN,Federal Contract Tower,0,7,15,0,22,0,1,46,0,47,0,8,61,0,69,26,0,26,95
05/28/2021,IPT,PA,AEA,EN,Federal Contract Tower,0,5,2,0,7,0,4,11,0,15,0,9,13,0,22,18,0,18,40
05/29/2021,IPT,PA,AEA,EN,Federal Contract Tower,0,3,0,0,3,0,0,8,0,8,0,3,8,0,11,0,0,0,11
05/30/2021,IPT,PA,AEA,EN,Federal Contract Tower,0,2,8,0,10,0,1,8,0,9,0,3,16,0,19,0,0,0,19
05/31/2021,IPT,PA,AEA,EN,Federal Contract Tower,0,3,3,0,6,0,8,37,0,45,0,11,40,0,51,28,0,28,79
06/01/2021,IPT,PA,AEA,EN,Federal Contract Tower,0,1,4,0,5,0,4,58,2,64,0,5,62,2,69,6,6,12,81
06/02/2021,IPT,PA,AEA,EN,Federal Contract Tower,0,5,5,0,10,0,2,15,0,17,0,7,20,0,27,20,0,20,47
06/03/2021,IPT,PA,AEA,EN,Federal Contract Tower,0,8,3,0,11,0,1,3,0,4,0,9,6,0,15,0,0,0,15
06/04/2021,IPT,PA,AEA,EN,Federal Contract Tower,0,4,11,0,15,0,3,10,0,13,0,7,21,0,28,20,0,20,48
06/05/2021,IPT,PA,AEA,EN,Federal Contract Tower,0,3,4,0,7,0,3,29,0,32,0,6,33,0,39,22,0,22,61
06/06/2021,IPT,PA,AEA,EN,Federal Contract Tower,0,2,7,0,9,0,6,31,0,37,0,8,38,0,46,14,0,14,60
06/07/2021,IPT,PA,AEA,EN,Federal Contract Tower,0,5,2,2,9,0,2,30,0,32,0,7,32,2,41,10,0,10,51
06/08/2021,IPT,PA,AEA,EN,Federal Contract Tower,0,2,2,0,4,0,1,21,0,22,0,3,23,0,26,29,0,29,55
06/09/2021,IPT,PA,AEA,EN,Federal Contract Tower,0,5,7,0,12,0,0,23,0,23,0,5,30,0,35,12,0,12,47
06/10/2021,IPT,PA,AEA,EN,Federal Contract Tower,0,4,8,0,12,0,1,23,0,24,0,5,31,0,36,8,0,8,44
06/11/2021,IPT,PA,AEA,EN,Federal Contract Tower,0,4,24,0,28,0,0,1,0,1,0,4,25,0,29,0,0,0,29
06/12/2021,IPT,PA,AEA,EN,Federal Contract Tower,0,3,10,0,13,0,2,55,0,57,0,5,65,0,70,12,0,12,82
06/13/2021,IPT,PA,AEA,EN,Federal Contract Tower,0,2,10,0,12,0,2,50,0,52,0,4,60,0,64,0,0,0,64
06/14/2021,IPT,PA,AEA,EN,Federal Contract Tower,0,3,5,0,8,0,9,6,2,17,0,12,11,2,25,0,0,0,25
06/15/2021,IPT,PA,AEA,EN,Federal Contract Tower,0,1,7,0,8,0,1,13,0,14,0,2,20,0,22,4,4,8,30
06/16/2021,IPT,PA,AEA,EN,Federal Contract Tower,0,4,5,0,9,0,3,34,0,37,0,7,39,0,46,6,0,6,52
06/17/2021,IPT,PA,AEA,EN,Federal Contract Tower,0,5,4,0,9,0,2,34,1,37,0,7,38,1,46,14,0,14,60
06/18/2021,IPT,PA,AEA,EN,Federal Contract Tower,0,4,2,0,6,0,1,28,0,29,0,5,30,0,35,0,0,0,35
06/19/2021,IPT,PA,AEA,EN,Federal Contract Tower,0,4,10,0,14,0,1,6,0,7,0,5,16,0,21,0,0,0,21
06/20/2021,IPT,PA,AEA,EN,Federal Contract Tower,0,8,5,0,13,0,1,29,0,30,0,9,34,0,43,4,0,4,47
06/21/2021,IPT,PA,AEA,EN,Federal Contract Tower,0,2,5,0,7,0,3,28,0,31,0,5,33,0,38,0,0,0,38
06/22/2021,IPT,PA,AEA,EN,Federal Contract Tower,0,2,6,0,8,0,0,11,0,11,0,2,17,0,19,4,0,4,23
06/23/2021,IPT,PA,AEA,EN,Federal Contract Tower,0,4,10,0,14,0,5,65,0,70,0,9,75,0,84,46,0,46,130
06/24/2021,IPT,PA,AEA,EN,Federal Contract Tower,0,7,4,0,11,0,6,65,0,71,0,13,69,0,82,48,6,54,136
06/25/2021,IPT,PA,AEA,EN,Federal Contract Tower,0,3,7,0,10,0,2,64,0,66,0,5,71,0,76,0,0,0,76
06/26/2021,IPT,PA,AEA,EN,Federal Contract Tower,0,7,8,0,15,0,3,41,0,44,0,10,49,0,59,4,0,4,63
06/27/2021,IPT,PA,AEA,EN,Federal Contract Tower,0,2,3,0,5,0,6,37,0,43,0,8,40,0,48,18,0,18,66
06/28/2021,IPT,PA,AEA,EN,Federal Contract Tower,0,4,6,0,10,0,2,38,0,40,0,6,44,0,50,2,0,2,52
06/29/2021,IPT,PA,AEA,EN,Federal Contract Tower,0,2,5,0,7,0,0,35,0,35,0,2,40,0,42,12,0,12,54
06/30/2021,IPT,PA,AEA,EN,Federal Contract Tower,0,1,1,0,2,0,0,29,0,29,0,1,30,0,31,2,0,2,33
07/01/2021,IPT,PA,AEA,EN,Federal Contract Tower,0,2,4,0,6,0,2,7,0,9,0,4,11,0,15,0,0,0,15
07/02/2021,IPT,PA,AEA,EN,Federal Contract Tower,0,3,13,0,16,0,8,13,0,21,0,11,26,0,37,6,0,6,43
07/03/2021,IPT,PA,AEA,EN,Federal Contract Tower,0,2,10,0,12,0,3,14,0,17,0,5,24,0,29,8,0,8,37
07/04/2021,IPT,PA,AEA,EN,Federal Contract Tower,0,2,1,0,3,0,1,30,0,31,0,3,31,0,34,0,0,0,34
07/05/2021,IPT,PA,AEA,EN,Federal Contract Tower,0,2,12,0,14,0,6,59,0,65,0,8,71,0,79,16,0,16,95
07/06/2021,IPT,PA,AEA,EN,Federal Contract Tower,0,2,7,0,9,0,1,40,0,41,0,3,47,0,50,16,0,16,66
07/07/2021,IPT,PA,AEA,EN,Federal Contract Tower,0,2,0,0,2,0,4,15,0,19,0,6,15,0,21,0,0,0,21
07/08/2021,IPT,PA,AEA,EN,Federal Contract Tower,0,8,15,0,23,0,0,10,0,10,0,8,25,0,33,20,2,22,55
07/09/2021,IPT,PA,AEA,EN,Federal Contract Tower,0,6,14,0,20,0,7,18,0,25,0,13,32,0,45,24,0,24,69
07/10/2021,IPT,PA,AEA,EN,Federal Contract Tower,0,3,6,0,9,0,1,53,0,54,0,4,59,0,63,12,0,12,75
07/11/2021,IPT,PA,AEA,EN,Federal Contract Tower,0,2,8,0,10,0,0,1,0,1,0,2,9,0,11,0,0,0,11
07/12/2021,IPT,PA,AEA,EN,Federal Contract Tower,0,3,7,0,10,0,7,18,0,25,0,10,25,0,35,10,0,10,45
07/13/2021,IPT,PA,AEA,EN,Federal Contract Tower,0,4,0,0,4,0,0,20,0,20,0,4,20,0,24,16,0,16,40
07/14/2021,IPT,PA,AEA,EN,Federal Contract Tower,0,4,8,0,12,0,0,22,0,22,0,4,30,0,34,12,0,12,46
07/15/2021,IPT,PA,AEA,EN,Federal Contract Tower,0,4,14,0,18,0,2,29,0,31,0,6,43,0,49,18,0,18,67
07/16/2021,IPT,PA,AEA,EN,Federal Contract Tower,0,2,6,0,8,0,1,25,0,26,0,3,31,0,34,14,0,14,48
07/17/2021,IPT,PA,AEA,EN,Federal Contract Tower,0,5,12,0,17,0,2,13,0,15,0,7,25,0,32,0,0,0,32
07/18/2021,IPT,PA,AEA,EN,Federal Contract Tower,0,4,7,0,11,0,1,15,0,16,0,5,22,0,27,14,0,14,41
07/19/2021,IPT,PA,AEA,EN,Federal Contract Tower,0,3,2,0,5,0,0,35,0,35,0,3,37,0,40,8,0,8,48
07/20/2021,IPT,PA,AEA,EN,Federal Contract Tower,0,5,8,0,13,0,0,18,0,18,0,5,26,0,31,10,0,10,41
07/21/2021,IPT,PA,AEA,EN,Federal Contract Tower,0,3,7,0,10,0,13,21,0,34,0,16,28,0,44,16,0,16,60
07/22/2021,IPT,PA,AEA,EN,Federal Contract Tower,0,4,7,0,11,0,4,37,0,41,0,8,44,0,52,32,0,32,84
07/23/2021,IPT,PA,AEA,EN,Federal Contract Tower,0,3,4,0,7,0,8,61,0,69,0,11,65,0,76,12,0,12,88
07/24/2021,IPT,PA,AEA,EN,Federal Contract Tower,0,5,5,0,10,0,0,30,0,30,0,5,35,0,40,0,0,0,40
07/26/2021,IPT,PA,AEA,EN,Federal Contract Tower,0,7,13,0,20,0,0,39,0,39,0,7,52,0,59,12,0,12,71
07/27/2021,IPT,PA,AEA,EN,Federal Contract Tower,0,2,9,0,11,0,0,23,2,25,0,2,32,2,36,0,10,10,46
07/28/2021,IPT,PA,AEA,EN,Federal Contract Tower,0,2,16,0,18,0,3,35,0,38,0,5,51,0,56,6,0,6,62
07/29/2021,IPT,PA,AEA,EN,Federal Contract Tower,0,4,10,0,14,0,0,13,0,13,0,4,23,0,27,0,0,0,27
07/30/2021,IPT,PA,AEA,EN,Federal Contract Tower,0,6,9,0,15,0,0,27,0,27,0,6,36,0,42,6,0,6,48
07/31/2021,IPT,PA,AEA,EN,Federal Contract Tower,0,3,4,0,7,0,5,29,0,34,0,8,33,0,41,0,0,0,41
08/01/2021,IPT,PA,AEA,EN,Federal Contract Tower,0,2,6,0,8,0,8,17,0,25,0,10,23,0,33,0,0,0,33
08/02/2021,IPT,PA,AEA,EN,Federal Contract Tower,0,3,5,0,8,0,6,38,0,44,0,9,43,0,52,0,0,0,52
08/03/2021,IPT,PA,AEA,EN,Federal Contract Tower,0,2,3,0,5,0,2,24,0,26,0,4,27,0,31,10,0,10,41
08/04/2021,IPT,PA,AEA,EN,Federal Contract Tower,0,1,6,0,7,0,0,32,0,32,0,1,38,0,39,10,0,10,49
08/05/2021,IPT,PA,AEA,EN,Federal Contract Tower,0,4,2,0,6,0,0,23,0,23,0,4,25,0,29,2,0,2,31
08/06/2021,IPT,PA,AEA,EN,Federal Contract Tower,0,4,13,0,17,0,8,28,0,36,0,12,41,0,53,10,0,10,63
08/07/2021,IPT,PA,AEA,EN,Federal Contract Tower,0,4,6,0,10,0,6,25,0,31,0,10,31,0,41,0,0,0,41
08/08/2021,IPT,PA,AEA,EN,Federal Contract Tower,0,1,4,1,6,0,0,32,0,32,0,1,36,1,38,0,0,0,38
08/09/2021,IPT,PA,AEA,EN,Federal Contract Tower,0,3,8,0,11,0,5,39,0,44,0,8,47,0,55,6,0,6,61
08/10/2021,IPT,PA,AEA,EN,Federal Contract Tower,0,2,3,0,5,0,0,1,0,1,0,2,4,0,6,0,0,0,6
08/12/2021,IPT,PA,AEA,EN,Federal Contract Tower,0,5,12,0,17,0,0,19,0,19,0,5,31,0,36,0,0,0,36
08/13/2021,IPT,PA,AEA,EN,Federal Contract Tower,0,7,5,0,12,0,2,18,0,20,0,9,23,0,32,0,0,0,32
08/14/2021,IPT,PA,AEA,EN,Federal Contract Tower,0,3,5,0,8,0,4,18,0,22,0,7,23,0,30,0,0,0,30
08/15/2021,IPT,PA,AEA,EN,Federal Contract Tower,2,4,6,0,12,0,5,37,0,42,2,9,43,0,54,6,0,6,60
08/16/2021,IPT,PA,AEA,EN,Federal Contract Tower,0,3,7,0,10,0,2,41,0,43,0,5,48,0,53,8,0,8,61
08/17/2021,IPT,PA,AEA,EN,Federal Contract Tower,0,2,5,0,7,0,4,1,0,5,0,6,6,0,12,0,0,0,12
08/18/2021,IPT,PA,AEA,EN,Federal Contract Tower,0,3,4,0,7,0,0,1,0,1,0,3,5,0,8,0,0,0,8
08/19/2021,IPT,PA,AEA,EN,Federal Contract Tower,0,4,12,0,16,0,9,16,0,25,0,13,28,0,41,24,0,24,65
08/20/2021,IPT,PA,AEA,EN,Federal Contract Tower,0,4,13,0,17,0,0,45,0,45,0,4,58,0,62,32,0,32,94
08/21/2021,IPT,PA,AEA,EN,Federal Contract Tower,0,3,10,0,13,0,0,45,0,45,0,3,55,0,58,6,0,6,64
08/22/2021,IPT,PA,AEA,EN,Federal Contract Tower,6,4,9,0,19,0,2,16,0,18,6,6,25,0,37,0,0,0,37
08/23/2021,IPT,PA,AEA,EN,Federal Contract Tower,0,2,9,0,11,0,5,22,0,27,0,7,31,0,38,0,0,0,38
08/24/2021,IPT,PA,AEA,EN,Federal Contract Tower,0,3,4,0,7,0,0,45,0,45,0,3,49,0,52,36,0,36,88
08/25/2021,IPT,PA,AEA,EN,Federal Contract Tower,0,4,6,0,10,0,0,27,0,27,0,4,33,0,37,36,0,36,73
08/26/2021,IPT,PA,AEA,EN,Federal Contract Tower,0,6,4,0,10,0,0,0,0,0,0,6,4,0,10,0,0,0,10
08/27/2021,IPT,PA,AEA,EN,Federal Contract Tower,0,5,4,0,9,0,0,20,0,20,0,5,24,0,29,0,0,0,29
08/28/2021,IPT,PA,AEA,EN,Federal Contract Tower,0,5,13,0,18,0,6,16,0,22,0,11,29,0,40,10,0,10,50
08/29/2021,IPT,PA,AEA,EN,Federal Contract Tower,0,5,5,0,10,0,4,27,0,31,0,9,32,0,41,12,0,12,53
08/30/2021,IPT,PA,AEA,EN,Federal Contract Tower,0,3,10,0,13,0,2,24,2,28,0,5,34,2,41,0,0,0,41
08/31/2021,IPT,PA,AEA,EN,Federal Contract Tower,0,6,4,0,10,0,2,37,4,43,0,8,41,4,53,8,18,26,79
09/01/2021,IPT,PA,AEA,EN,Federal Contract Tower,0,6,0,0,6,0,0,0,0,0,0,6,0,0,6,0,0,0,6
09/02/2021,IPT,PA,AEA,EN,Federal Contract Tower,0,7,0,0,7,0,1,19,0,20,0,8,19,0,27,18,0,18,45
09/03/2021,IPT,PA,AEA,EN,Federal Contract Tower,0,4,4,0,8,0,5,28,0,33,0,9,32,0,41,6,0,6,47
09/04/2021,IPT,PA,AEA,EN,Federal Contract Tower,0,4,4,0,8,0,4,50,0,54,0,8,54,0,62,8,0,8,70
09/05/2021,IPT,PA,AEA,EN,Federal Contract Tower,0,3,2,0,5,0,8,8,0,16,0,11,10,0,21,16,0,16,37
09/06/2021,IPT,PA,AEA,EN,Federal Contract Tower,0,2,9,0,11,0,10,33,0,43,0,12,42,0,54,8,0,8,62
09/07/2021,IPT,PA,AEA,EN,Federal Contract Tower,0,1,2,0,3,0,0,5,2,7,0,1,7,2,10,0,0,0,10
09/08/2021,IPT,PA,AEA,EN,Federal Contract Tower,0,1,7,0,8,0,2,3,0,5,0,3,10,0,13,0,0,0,13
09/09/2021,IPT,PA,AEA,EN,Federal Contract Tower,0,4,8,0,12,0,3,13,0,16,0,7,21,0,28,0,0,0,28
09/10/2021,IPT,PA,AEA,EN,Federal Contract Tower,0,3,6,0,9,0,0,59,0,59,0,3,65,0,68,18,0,18,86
09/11/2021,IPT,PA,AEA,EN,Federal Contract Tower,0,4,5,0,9,0,2,54,0,56,0,6,59,0,65,14,0,14,79
09/12/2021,IPT,PA,AEA,EN,Federal Contract Tower,0,2,9,0,11,0,8,30,0,38,0,10,39,0,49,0,0,0,49
09/13/2021,IPT,PA,AEA,EN,Federal Contract Tower,0,3,13,0,16,0,2,39,0,41,0,5,52,0,57,34,0,34,91
09/14/2021,IPT,PA,AEA,EN,Federal Contract Tower,0,2,8,0,10,0,1,10,2,13,0,3,18,2,23,2,6,8,31
09/15/2021,IPT,PA,AEA,EN,Federal Contract Tower,0,1,3,0,4,0,2,4,0,6,0,3,7,0,10,0,0,0,10
09/16/2021,IPT,PA,AEA,EN,Federal Contract Tower,0,3,9,1,13,0,5,16,0,21,0,8,25,1,34,16,0,16,50
09/17/2021,IPT,PA,AEA,EN,Federal Contract Tower,0,14,17,0,31,0,8,19,0,27,0,22,36,0,58,8,0,8,66
09/18/2021,IPT,PA,AEA,EN,Federal Contract Tower,0,10,13,0,23,0,12,29,0,41,0,22,42,0,64,2,0,2,66
09/19/2021,IPT,PA,AEA,EN,Federal Contract Tower,0,12,9,0,21,0,6,51,0,57,0,18,60,0,78,6,0,6,84
09/20/2021,IPT,PA,AEA,EN,Federal Contract Tower,0,4,5,0,9,0,7,44,0,51,0,11,49,0,60,2,0,2,62
09/21/2021,IPT,PA,AEA,EN,Federal Contract Tower,0,2,8,0,10,0,2,25,0,27,0,4,33,0,37,12,0,12,49
09/22/2021,IPT,PA,AEA,EN,Federal Contract Tower,0,1,1,0,2,0,1,4,0,5,0,2,5,0,7,0,0,0,7
09/23/2021,IPT,PA,AEA,EN,Federal Contract Tower,0,7,4,0,11,0,4,8,0,12,0,11,12,0,23,0,0,0,23
09/24/2021,IPT,PA,AEA,EN,Federal Contract Tower,0,8,11,0,19,0,8,26,0,34,0,16,37,0,53,20,0,20,73
09/25/2021,IPT,PA,AEA,EN,Federal Contract Tower,0,4,3,0,7,0,9,27,0,36,0,13,30,0,43,8,0,8,51
09/26/2021,IPT,PA,AEA,EN,Federal Contract Tower,0,2,6,0,8,0,7,45,5,57,0,9,51,5,65,10,0,10,75
09/27/2021,IPT,PA,AEA,EN,Federal Contract Tower,0,3,5,0,8,0,3,44,0,47,0,6,49,0,55,12,0,12,67
09/28/2021,IPT,PA,AEA,EN,Federal Contract Tower,0,2,5,0,7,0,0,9,0,9,0,2,14,0,16,6,0,6,22
09/29/2021,IPT,PA,AEA,EN,Federal Contract Tower,0,6,16,0,22,0,4,37,0,41,0,10,53,0,63,6,0,6,69
09/30/2021,IPT,PA,AEA,EN,Federal Contract Tower,0,3,11,0,14,0,3,24,0,27,0,6,35,0,41,38,0,38,79
10/01/2021,IPT,PA,AEA,EN,Federal Contract Tower,0,3,13,0,16,0,3,40,0,43,0,6,53,0,59,10,0,10,69
10/02/2021,IPT,PA,AEA,EN,Federal Contract Tower,0,0,8,0,8,0,3,40,0,43,0,3,48,0,51,12,0,12,63
10/03/2021,IPT,PA,AEA,EN,Federal Contract Tower,0,0,7,0,7,0,4,0,0,4,0,4,7,0,11,0,0,0,11
10/04/2021,IPT,PA,AEA,EN,Federal Contract Tower,0,1,12,0,13,0,0,6,0,6,0,1,18,0,19,4,0,4,23
10/05/2021,IPT,PA,AEA,EN,Federal Contract Tower,0,1,13,0,14,0,0,13,0,13,0,1,26,0,27,0,0,0,27
10/06/2021,IPT,PA,AEA,EN,Federal Contract Tower,0,9,3,0,12,0,4,11,0,15,0,13,14,0,27,32,0,32,59
10/07/2021,IPT,PA,AEA,EN,Federal Contract Tower,0,2,14,0,16,0,4,21,0,25,0,6,35,0,41,32,0,32,73
10/08/2021,IPT,PA,AEA,EN,Federal Contract Tower,0,1,11,0,12,0,7,25,0,32,0,8,36,0,44,36,0,36,80
10/09/2021,IPT,PA,AEA,EN,Federal Contract Tower,0,3,6,0,9,0,5,16,0,21,0,8,22,0,30,2,0,2,32
10/10/2021,IPT,PA,AEA,EN,Federal Contract Tower,0,0,5,0,5,0,0,0,0,0,0,0,5,0,5,0,0,0,5
10/11/2021,IPT,PA,AEA,EN,Federal Contract Tower,0,1,16,0,17,0,2,8,0,10,0,3,24,0,27,0,0,0,27
10/12/2021,IPT,PA,AEA,EN,Federal Contract Tower,0,2,16,0,18,0,3,9,0,12,0,5,25,0,30,0,0,0,30
10/13/2021,IPT,PA,AEA,EN,Federal Contract Tower,0,4,8,0,12,0,2,10,0,12,0,6,18,0,24,6,2,8,32
10/14/2021,IPT,PA,AEA,EN,Federal Contract Tower,0,2,11,0,13,0,32,0,0,32,0,34,11,0,45,18,0,18,63
10/15/2021,IPT,PA,AEA,EN,Federal Contract Tower,0,2,12,0,14,0,6,24,0,30,0,8,36,0,44,2,0,2,46
10/16/2021,IPT,PA,AEA,EN,Federal Contract Tower,0,1,1,0,2,0,0,0,0,0,0,1,1,0,2,0,0,0,2
10/17/2021,IPT,PA,AEA,EN,Federal Contract Tower,0,0,2,0,2,0,4,10,0,14,0,4,12,0,16,0,0,0,16
10/18/2021,IPT,PA,AEA,EN,Federal Contract Tower,0,4,8,0,12,0,8,2,0,10,0,12,10,0,22,0,0,0,22
10/19/2021,IPT,PA,AEA,EN,Federal Contract Tower,0,1,8,0,9,0,1,31,0,32,0,2,39,0,41,36,0,36,77
10/20/2021,IPT,PA,AEA,EN,Federal Contract Tower,0,1,8,0,9,0,2,37,0,39,0,3,45,0,48,18,0,18,66
10/21/2021,IPT,PA,AEA,EN,Federal Contract Tower,0,4,5,0,9,0,5,33,0,38,0,9,38,0,47,0,0,0,47
10/22/2021,IPT,PA,AEA,EN,Federal Contract Tower,0,9,12,0,21,0,4,24,0,28,0,13,36,0,49,0,0,0,49
10/23/2021,IPT,PA,AEA,EN,Federal Contract Tower,0,3,3,0,6,0,4,15,0,19,0,7,18,0,25,6,0,6,31
10/24/2021,IPT,PA,AEA,EN,Federal Contract Tower,0,2,4,0,6,0,0,6,0,6,0,2,10,0,12,0,0,0,12
10/25/2021,IPT,PA,AEA,EN,Federal Contract Tower,0,5,4,0,9,0,0,27,2,29,0,5,31,2,38,2,0,2,40
10/26/2021,IPT,PA,AEA,EN,Federal Contract Tower,0,10,6,2,18,0,0,0,0,0,0,10,6,2,18,0,0,0,18
10/27/2021,IPT,PA,AEA,EN,Federal Contract Tower,0,6,5,1,12,0,3,19,1,23,0,9,24,2,35,16,0,16,51
10/28/2021,IPT,PA,AEA,EN,Federal Contract Tower,0,3,3,0,6,0,7,29,0,36,0,10,32,0,42,4,0,4,46
10/29/2021,IPT,PA,AEA,EN,Federal Contract Tower,0,5,1,0,6,0,0,0,0,0,0,5,1,0,6,0,0,0,6
10/30/2021,IPT,PA,AEA,EN,Federal Contract Tower,0,2,13,0,15,0,0,0,0,0,0,2,13,0,15,0,0,0,15
10/31/2021,IPT,PA,AEA,EN,Federal Contract Tower,0,0,4,0,4,0,2,0,0,2,0,2,4,0,6,0,0,0,6
11/01/2021,IPT,PA,AEA,EN,Federal Contract Tower,0,1,1,0,2,0,5,28,0,33,0,6,29,0,35,0,0,0,35
11/02/2021,IPT,PA,AEA,EN,Federal Contract Tower,0,4,2,0,6,0,0,12,0,12,0,4,14,0,18,10,0,10,28
11/03/2021,IPT,PA,AEA,EN,Federal Contract Tower,0,2,3,4,9,0,0,0,0,0,0,2,3,4,9,2,0,2,11
11/04/2021,IPT,PA,AEA,EN,Federal Contract Tower,0,6,6,0,12,0,2,22,0,24,0,8,28,0,36,14,0,14,50
11/05/2021,IPT,PA,AEA,EN,Federal Contract Tower,0,2,9,0,11,0,5,19,0,24,0,7,28,0,35,14,0,14,49
11/06/2021,IPT,PA,AEA,EN,Federal Contract Tower,0,3,8,0,11,0,12,58,0,70,0,15,66,0,81,52,0,52,133
11/07/2021,IPT,PA,AEA,EN,Federal Contract Tower,0,0,6,0,6,0,5,40,0,45,0,5,46,0,51,34,0,34,85
11/08/2021,IPT,PA,AEA,EN,Federal Contract Tower,0,5,6,0,11,0,7,52,0,59,0,12,58,0,70,10,0,10,80
11/09/2021,IPT,PA,AEA,EN,Federal Contract Tower,0,2,6,0,8,0,9,43,0,52,0,11,49,0,60,10,0,10,70
11/10/2021,IPT,PA,AEA,EN,Federal Contract Tower,0,4,9,0,13,0,5,22,0,27,0,9,31,0,40,18,0,18,58
11/11/2021,IPT,PA,AEA,EN,Federal Contract Tower,0,2,4,0,6,0,2,17,0,19,0,4,21,0,25,14,0,14,39
11/12/2021,IPT,PA,AEA,EN,Federal Contract Tower,0,5,7,0,12,0,5,16,0,21,0,10,23,0,33,2,0,2,35
11/13/2021,IPT,PA,AEA,EN,Federal Contract Tower,0,0,6,0,6,0,0,8,0,8,0,0,14,0,14,0,0,0,14
11/14/2021,IPT,PA,AEA,EN,Federal Contract Tower,0,0,2,0,2,0,0,16,0,16,0,0,18,0,18,4,0,4,22
11/15/2021,IPT,PA,AEA,EN,Federal Contract Tower,0,1,4,0,5,0,5,15,0,20,0,6,19,0,25,0,0,0,25
11/16/2021,IPT,PA,AEA,EN,Federal Contract Tower,0,2,4,0,6,0,6,22,0,28,0,8,26,0,34,28,0,28,62
11/17/2021,IPT,PA,AEA,EN,Federal Contract Tower,0,2,14,0,16,0,1,17,0,18,0,3,31,0,34,6,0,6,40
11/18/2021,IPT,PA,AEA,EN,Federal Contract Tower,0,2,7,0,9,0,2,5,0,7,0,4,12,0,16,28,0,28,44
11/19/2021,IPT,PA,AEA,EN,Federal Contract Tower,0,2,7,0,9,0,8,15,0,23,0,10,22,0,32,4,0,4,36
11/20/2021,IPT,PA,AEA,EN,Federal Contract Tower,0,3,3,0,6,0,7,26,0,33,0,10,29,0,39,6,0,6,45
11/21/2021,IPT,PA,AEA,EN,Federal Contract Tower,0,0,5,0,5,0,2,12,0,14,0,2,17,0,19,12,0,12,31
11/22/2021,IPT,PA,AEA,EN,Federal Contract Tower,0,1,2,0,3,0,0,8,0,8,0,1,10,0,11,0,0,0,11
11/23/2021,IPT,PA,AEA,EN,Federal Contract Tower,0,2,2,0,4,0,3,13,0,16,0,5,15,0,20,0,0,0,20
11/24/2021,IPT,PA,AEA,EN,Federal Contract Tower,0,3,4,3,10,0,0,0,0,0,0,3,4,3,10,28,0,28,38
11/25/2021,IPT,PA,AEA,EN,Federal Contract Tower,0,0,0,0,0,0,1,15,0,16,0,1,15,0,16,28,0,28,44
11/26/2021,IPT,PA,AEA,EN,Federal Contract Tower,0,2,3,0,5,0,0,3,0,3,0,2,6,0,8,0,0,0,8
11/27/2021,IPT,PA,AEA,EN,Federal Contract Tower,0,1,4,0,5,0,2,9,0,11,0,3,13,0,16,0,0,0,16
11/28/2021,IPT,PA,AEA,EN,Federal Contract Tower,0,2,6,0,8,0,0,2,0,2,0,2,8,0,10,0,0,0,10
11/29/2021,IPT,PA,AEA,EN,Federal Contract Tower,0,1,7,2,10,0,7,18,0,25,0,8,25,2,35,0,0,0,35
11/30/2021,IPT,PA,AEA,EN,Federal Contract Tower,0,2,4,0,6,0,0,0,0,0,0,2,4,0,6,0,0,0,6
12/01/2021,IPT,PA,AEA,EN,Federal Contract Tower,0,5,3,0,8,0,3,14,0,17,0,8,17,0,25,36,0,36,61
12/02/2021,IPT,PA,AEA,EN,Federal Contract Tower,0,4,6,0,10,0,2,5,0,7,0,6,11,0,17,0,0,0,17
12/03/2021,IPT,PA,AEA,EN,Federal Contract Tower,0,3,5,0,8,0,0,33,0,33,0,3,38,0,41,6,0,6,47
12/04/2021,IPT,PA,AEA,EN,Federal Contract Tower,0,1,4,0,5,0,0,24,0,24,0,1,28,0,29,10,0,10,39
12/05/2021,IPT,PA,AEA,EN,Federal Contract Tower,0,0,4,0,4,0,4,22,0,26,0,4,26,0,30,0,0,0,30
12/06/2021,IPT,PA,AEA,EN,Federal Contract Tower,0,1,6,0,7,0,1,4,0,5,0,2,10,0,12,0,0,0,12
12/07/2021,IPT,PA,AEA,EN,Federal Contract Tower,0,2,4,0,6,0,11,22,0,33,0,13,26,0,39,0,0,0,39
12/08/2021,IPT,PA,AEA,EN,Federal Contract Tower,0,2,3,0,5,0,0,0,0,0,0,2,3,0,5,0,0,0,5
12/09/2021,IPT,PA,AEA,EN,Federal Contract Tower,0,2,8,0,10,0,1,21,6,28,0,3,29,6,38,16,4,20,58
12/10/2021,IPT,PA,AEA,EN,Federal Contract Tower,0,2,9,0,11,0,2,11,0,13,0,4,20,0,24,0,0,0,24
12/11/2021,IPT,PA,AEA,EN,Federal Contract Tower,0,1,0,0,1,0,0,0,0,0,0,1,0,0,1,0,0,0,1
12/12/2021,IPT,PA,AEA,EN,Federal Contract Tower,0,0,4,0,4,0,0,35,0,35,0,0,39,0,39,4,0,4,43
12/13/2021,IPT,PA,AEA,EN,Federal Contract Tower,0,1,1,0,2,0,14,33,0,47,0,15,34,0,49,22,0,22,71
12/14/2021,IPT,PA,AEA,EN,Federal Contract Tower,0,2,1,0,3,0,0,47,0,47,0,2,48,0,50,6,0,6,56
12/15/2021,IPT,PA,AEA,EN,Federal Contract Tower,0,2,4,0,6,0,3,15,0,18,0,5,19,0,24,0,0,0,24
12/16/2021,IPT,PA,AEA,EN,Federal Contract Tower,0,2,4,0,6,0,8,22,0,30,0,10,26,0,36,8,0,8,44
12/17/2021,IPT,PA,AEA,EN,Federal Contract Tower,0,2,6,0,8,0,9,23,0,32,0,11,29,0,40,8,0,8,48
12/18/2021,IPT,PA,AEA,EN,Federal Contract Tower,0,1,3,0,4,0,0,0,0,0,0,1,3,0,4,0,0,0,4
12/19/2021,IPT,PA,AEA,EN,Federal Contract Tower,0,0,2,0,2,0,10,22,0,32,0,10,24,0,34,0,0,0,34
12/20/2021,IPT,PA,AEA,EN,Federal Contract Tower,0,1,4,2,7,0,1,32,0,33,0,2,36,2,40,0,0,0,40
12/21/2021,IPT,PA,AEA,EN,Federal Contract Tower,0,6,5,0,11,0,6,48,0,54,0,12,53,0,65,0,0,0,65
12/22/2021,IPT,PA,AEA,EN,Federal Contract Tower,0,7,2,0,9,0,2,9,4,15,0,9,11,4,24,0,0,0,24
12/23/2021,IPT,PA,AEA,EN,Federal Contract Tower,0,5,6,0,11,0,1,14,0,15,0,6,20,0,26,32,0,32,58
12/24/2021,IPT,PA,AEA,EN,Federal Contract Tower,0,1,2,0,3,0,9,15,0,24,0,10,17,0,27,14,0,14,41
12/25/2021,IPT,PA,AEA,EN,Federal Contract Tower,0,0,1,0,1,0,0,0,0,0,0,0,1,0,1,0,0,0,1
12/26/2021,IPT,PA,AEA,EN,Federal Contract Tower,0,1,2,0,3,0,0,19,0,19,0,1,21,0,22,6,0,6,28
12/27/2021,IPT,PA,AEA,EN,Federal Contract Tower,0,1,2,0,3,0,0,4,0,4,0,1,6,0,7,0,0,0,7
12/28/2021,IPT,PA,AEA,EN,Federal Contract Tower,0,7,5,0,12,0,0,4,0,4,0,7,9,0,16,0,0,0,16
12/29/2021,IPT,PA,AEA,EN,Federal Contract Tower,0,4,13,0,17,0,0,0,0,0,0,4,13,0,17,6,0,6,23
12/31/2021,IPT,PA,AEA,EN,Federal Contract Tower,0,0,4,0,4,0,0,3,0,3,0,0,7,0,7,10,0,10,17
01/01/2022,IPT,PA,AEA,EN,Federal Contract Tower,0,0,2,0,2,0,0,0,0,0,0,0,2,0,2,0,0,0,2
01/02/2022,IPT,PA,AEA,EN,Federal Contract Tower,0,0,2,0,2,0,0,0,0,0,0,0,2,0,2,0,0,0,2
01/03/2022,IPT,PA,AEA,EN,Federal Contract Tower,0,3,2,0,5,0,6,20,0,26,0,9,22,0,31,0,0,0,31
01/04/2022,IPT,PA,AEA,EN,Federal Contract Tower,0,2,3,0,5,0,0,22,10,32,0,2,25,10,37,24,8,32,69
01/05/2022,IPT,PA,AEA,EN,Federal Contract Tower,0,2,3,0,5,0,3,8,0,11,0,5,11,0,16,0,0,0,16
01/06/2022,IPT,PA,AEA,EN,Federal Contract Tower,0,4,4,0,8,0,2,12,0,14,0,6,16,0,22,6,0,6,28
01/07/2022,IPT,PA,AEA,EN,Federal Contract Tower,0,3,7,0,10,0,3,0,0,3,0,6,7,0,13,0,0,0,13
01/08/2022,IPT,PA,AEA,EN,Federal Contract Tower,0,3,5,0,8,0,4,28,0,32,0,7,33,0,40,46,0,46,86
01/09/2022,IPT,PA,AEA,EN,Federal Contract Tower,0,2,1,0,3,0,0,0,0,0,0,2,1,0,3,0,0,0,3
01/10/2022,IPT,PA,AEA,EN,Federal Contract Tower,0,2,2,0,4,0,3,3,0,6,0,5,5,0,10,0,0,0,10
01/11/2022,IPT,PA,AEA,EN,Federal Contract Tower,0,2,3,0,5,0,2,6,0,8,0,4,9,0,13,0,0,0,13
01/12/2022,IPT,PA,AEA,EN,Federal Contract Tower,0,2,0,0,2,0,2,5,0,7,0,4,5,0,9,4,0,4,13
01/13/2022,IPT,PA,AEA,EN,Federal Contract Tower,0,2,3,0,5,0,2,8,0,10,0,4,11,0,15,30,0,30,45
01/14/2022,IPT,PA,AEA,EN,Federal Contract Tower,0,3,3,0,6,0,8,2,0,10,0,11,5,0,16,0,0,0,16
01/15/2022,IPT,PA,AEA,EN,Federal Contract Tower,0,1,6,0,7,0,17,13,0,30,0,18,19,0,37,6,0,6,43
01/16/2022,IPT,PA,AEA,EN,Federal Contract Tower,0,0,4,0,4,0,0,5,0,5,0,0,9,0,9,4,0,4,13
01/17/2022,IPT,PA,AEA,EN,Federal Contract Tower,0,1,2,0,3,0,0,0,0,0,0,1,2,0,3,0,0,0,3
01/18/2022,IPT,PA,AEA,EN,Federal Contract Tower,0,2,5,0,7,0,5,0,0,5,0,7,5,0,12,0,0,0,12
01/19/2022,IPT,PA,AEA,EN,Federal Contract Tower,0,2,5,0,7,0,5,21,0,26,0,7,26,0,33,6,0,6,39
01/20/2022,IPT,PA,AEA,EN,Federal Contract Tower,0,2,2,3,7,0,5,9,6,20,0,7,11,9,27,4,16,20,47
01/21/2022,IPT,PA,AEA,EN,Federal Contract Tower,0,4,7,0,11,0,2,13,0,15,0,6,20,0,26,0,0,0,26
01/22/2022,IPT,PA,AEA,EN,Federal Contract Tower,0,1,2,0,3,0,2,11,0,13,0,3,13,0,16,8,0,8,24
01/23/2022,IPT,PA,AEA,EN,Federal Contract Tower,0,0,0,0,0,0,2,6,0,8,0,2,6,0,8,14,0,14,22
01/24/2022,IPT,PA,AEA,EN,Federal Contract Tower,0,1,5,0,6,0,5,9,0,14,0,6,14,0,20,26,0,26,46
01/25/2022,IPT,PA,AEA,EN,Federal Contract Tower,0,7,5,0,12,0,0,0,0,0,0,7,5,0,12,0,0,0,12
01/26/2022,IPT,PA,AEA,EN,Federal Contract Tower,0,2,8,0,10,0,5,15,0,20,0,7,23,0,30,0,2,2,32
01/27/2022,IPT,PA,AEA,EN,Federal Contract Tower,0,2,14,0,16,0,4,24,0,28,0,6,38,0,44,4,0,4,48
01/28/2022,IPT,PA,AEA,EN,Federal Contract Tower,0,2,1,0,3,0,0,0,0,0,0,2,1,0,3,0,0,0,3
01/29/2022,IPT,PA,AEA,EN,Federal Contract Tower,0,1,0,0,1,0,0,3,0,3,0,1,3,0,4,0,0,0,4
01/30/2022,IPT,PA,AEA,EN,Federal Contract Tower,0,0,7,0,7,0,5,22,0,27,0,5,29,0,34,24,0,24,58
01/31/2022,IPT,PA,AEA,EN,Federal Contract Tower,0,0,8,0,8,0,16,14,0,30,0,16,22,0,38,6,0,6,44
02/01/2022,IPT,PA,AEA,EN,Federal Contract Tower,0,2,9,0,11,0,0,35,0,35,0,2,44,0,46,0,0,0,46
02/02/2022,IPT,PA,AEA,EN,Federal Contract Tower,0,6,3,0,9,0,3,5,0,8,0,9,8,0,17,0,0,0,17
02/03/2022,IPT,PA,AEA,EN,Federal Contract Tower,0,0,1,0,1,0,0,0,0,0,0,0,1,0,1,0,0,0,1
02/04/2022,IPT,PA,AEA,EN,Federal Contract Tower,0,0,0,0,0,0,0,1,0,1,0,0,1,0,1,0,0,0,1
02/05/2022,IPT,PA,AEA,EN,Federal Contract Tower,0,0,2,0,2,0,0,3,0,3,0,0,5,0,5,0,0,0,5
02/06/2022,IPT,PA,AEA,EN,Federal Contract Tower,0,0,2,0,2,0,1,37,0,38,0,1,39,0,40,8,0,8,48
02/07/2022,IPT,PA,AEA,EN,Federal Contract Tower,0,3,10,2,15,0,2,20,0,22,0,5,30,2,37,0,0,0,37
02/08/2022,IPT,PA,AEA,EN,Federal Contract Tower,0,3,6,0,9,0,0,2,0,2,0,3,8,0,11,0,0,0,11
02/09/2022,IPT,PA,AEA,EN,Federal Contract Tower,0,3,13,0,16,0,0,43,0,43,0,3,56,0,59,8,0,8,67
02/10/2022,IPT,PA,AEA,EN,Federal Contract Tower,0,3,5,0,8,0,2,6,0,8,0,5,11,0,16,0,0,0,16
02/11/2022,IPT,PA,AEA,EN,Federal Contract Tower,0,3,4,0,7,0,10,28,0,38,0,13,32,0,45,0,0,0,45
02/12/2022,IPT,PA,AEA,EN,Federal Contract Tower,0,1,1,0,2,0,2,11,0,13,0,3,12,0,15,0,0,0,15
02/13/2022,IPT,PA,AEA,EN,Federal Contract Tower,0,0,3,0,3,0,6,20,0,26,0,6,23,0,29,30,0,30,59
02/14/2022,IPT,PA,AEA,EN,Federal Contract Tower,0,0,5,0,5,0,7,21,0,28,0,7,26,0,33,2,0,2,35
02/15/2022,IPT,PA,AEA,EN,Federal Contract Tower,0,3,7,0,10,0,0,28,0,28,0,3,35,0,38,0,0,0,38
02/16/2022,IPT,PA,AEA,EN,Federal Contract Tower,0,2,11,0,13,0,4,18,0,22,0,6,29,0,35,0,0,0,35
02/17/2022,IPT,PA,AEA,EN,Federal Contract Tower,0,4,7,0,11,0,0,0,0,0,0,4,7,0,11,0,0,0,11
02/18/2022,IPT,PA,AEA,EN,Federal Contract Tower,0,1,4,0,5,0,3,11,0,14,0,4,15,0,19,0,0,0,19
02/19/2022,IPT,PA,AEA,EN,Federal Contract Tower,0,0,6,0,6,0,0,0,0,0,0,0,6,0,6,0,0,0,6
02/20/2022,IPT,PA,AEA,EN,Federal Contract Tower,0,0,2,0,2,0,5,22,0,27,0,5,24,0,29,16,0,16,45
02/21/2022,IPT,PA,AEA,EN,Federal Contract Tower,0,1,14,0,15,0,2,56,0,58,0,3,70,0,73,2,0,2,75
02/22/2022,IPT,PA,AEA,EN,Federal Contract Tower,0,2,8,0,10,0,1,1,0,2,0,3,9,0,12,0,0,0,12
02/23/2022,IPT,PA,AEA,EN,Federal Contract Tower,0,2,14,0,16,0,2,4,6,12,0,4,18,6,28,0,0,0,28
02/24/2022,IPT,PA,AEA,EN,Federal Contract Tower,0,1,8,0,9,0,4,13,0,17,0,5,21,0,26,0,0,0,26
02/25/2022,IPT,PA,AEA,EN,Federal Contract Tower,0,1,0,0,1,0,0,0,0,0,0,1,0,0,1,0,0,0,1
02/26/2022,IPT,PA,AEA,EN,Federal Contract Tower,0,3,3,0,6,0,6,22,0,28,0,9,25,0,34,6,0,6,40
02/27/2022,IPT,PA,AEA,EN,Federal Contract Tower,0,1,14,0,15,0,4,12,0,16,0,5,26,0,31,0,0,0,31
02/28/2022,IPT,PA,AEA,EN,Federal Contract Tower,0,3,8,0,11,0,2,38,0,40,0,5,46,0,51,10,0,10,61
03/01/2022,IPT,PA,AEA,EN,Federal Contract Tower,0,4,7,0,11,0,0,16,0,16,0,4,23,0,27,0,0,0,27
03/02/2022,IPT,PA,AEA,EN,Federal Contract Tower,0,2,7,0,9,0,7,41,0,48,0,9,48,0,57,28,0,28,85
03/03/2022,IPT,PA,AEA,EN,Federal Contract Tower,0,3,5,0,8,0,0,20,2,22,0,3,25,2,30,2,0,2,32
03/04/2022,IPT,PA,AEA,EN,Federal Contract Tower,0,6,7,0,13,0,9,31,0,40,0,15,38,0,53,2,0,2,55
03/05/2022,IPT,PA,AEA,EN,Federal Contract Tower,0,0,10,0,10,0,4,24,0,28,0,4,34,0,38,6,0,6,44
03/06/2022,IPT,PA,AEA,EN,Federal Contract Tower,0,0,5,0,5,0,2,4,0,6,0,2,9,0,11,0,0,0,11
03/07/2022,IPT,PA,AEA,EN,Federal Contract Tower,0,1,3,0,4,0,0,0,0,0,0,1,3,0,4,0,0,0,4
03/08/2022,IPT,PA,AEA,EN,Federal Contract Tower,0,2,1,0,3,0,3,10,2,15,0,5,11,2,18,0,0,0,18
03/09/2022,IPT,PA,AEA,EN,Federal Contract Tower,0,1,4,0,5,0,0,0,0,0,0,1,4,0,5,0,0,0,5
03/10/2022,IPT,PA,AEA,EN,Federal Contract Tower,0,4,7,1,12,0,2,3,1,6,0,6,10,2,18,0,0,0,18
03/11/2022,IPT,PA,AEA,EN,Federal Contract Tower,0,3,9,0,12,0,6,23,0,29,0,9,32,0,41,40,0,40,81
03/12/2022,IPT,PA,AEA,EN,Federal Contract Tower,0,4,2,0,6,0,0,0,0,0,0,4,2,0,6,0,0,0,6
03/13/2022,IPT,PA,AEA,EN,Federal Contract Tower,0,0,0,0,0,0,6,2,0,8,0,6,2,0,8,0,0,0,8
03/14/2022,IPT,PA,AEA,EN,Federal Contract Tower,0,1,3,0,4,0,8,34,0,42,0,9,37,0,46,10,0,10,56
03/15/2022,IPT,PA,AEA,EN,Federal Contract Tower,0,2,1,0,3,0,1,23,0,24,0,3,24,0,27,0,0,0,27
03/16/2022,IPT,PA,AEA,EN,Federal Contract Tower,0,3,7,0,10,0,0,41,0,41,0,3,48,0,51,6,0,6,57
03/17/2022,IPT,PA,AEA,EN,Federal Contract Tower,0,2,11,0,13,0,5,11,0,16,0,7,22,0,29,10,0,10,39
03/18/2022,IPT,PA,AEA,EN,Federal Contract Tower,0,2,6,0,8,0,4,28,0,32,0,6,34,0,40,20,0,20,60
03/19/2022,IPT,PA,AEA,EN,Federal Contract Tower,0,4,2,0,6,0,0,6,0,6,0,4,8,0,12,0,0,0,12
03/20/2022,IPT,PA,AEA,EN,Federal Contract Tower,0,0,10,0,10,0,7,14,0,21,0,7,24,0,31,32,0,32,63
03/21/2022,IPT,PA,AEA,EN,Federal Contract Tower,0,1,7,0,8,0,5,36,0,41,0,6,43,0,49,2,0,2,51
03/22/2022,IPT,PA,AEA,EN,Federal Contract Tower,0,2,2,0,4,0,0,25,2,27,0,2,27,2,31,12,2,14,45
03/23/2022,IPT,PA,AEA,EN,Federal Contract Tower,0,3,1,0,4,0,1,12,0,13,0,4,13,0,17,0,0,0,17
03/24/2022,IPT,PA,AEA,EN,Federal Contract Tower,0,3,10,0,13,0,0,0,0,0,0,3,10,0,13,0,0,0,13
03/25/2022,IPT,PA,AEA,EN,Federal Contract Tower,0,1,12,0,13,0,3,18,0,21,0,4,30,0,34,8,0,8,42
03/26/2022,IPT,PA,AEA,EN,Federal Contract Tower,0,1,3,0,4,0,2,1,0,3,0,3,4,0,7,0,0,0,7
03/27/2022,IPT,PA,AEA,EN,Federal Contract Tower,0,0,1,0,1,0,0,0,0,0,0,0,1,0,1,0,0,0,1
03/28/2022,IPT,PA,AEA,EN,Federal Contract Tower,0,1,6,0,7,0,2,3,0,5,0,3,9,0,12,0,0,0,12
03/29/2022,IPT,PA,AEA,EN,Federal Contract Tower,0,2,6,0,8,0,2,23,2,27,0,4,29,2,35,0,8,8,43
03/30/2022,IPT,PA,AEA,EN,Federal Contract Tower,0,6,1,0,7,0,2,4,0,6,0,8,5,0,13,0,0,0,13
03/31/2022,IPT,PA,AEA,EN,Federal Contract Tower,0,2,1,0,3,0,1,2,0,3,0,3,3,0,6,0,0,0,6
04/01/2022,IPT,PA,AEA,EN,Federal Contract Tower,0,6,1,0,7,0,4,5,0,9,0,10,6,0,16,18,0,18,34
04/02/2022,IPT,PA,AEA,EN,Federal Contract Tower,0,3,8,0,11,0,3,45,0,48,0,6,53,0,59,8,0,8,67
04/03/2022,IPT,PA,AEA,EN,Federal Contract Tower,0,1,4,0,5,0,4,1,0,5,0,5,5,0,10,0,0,0,10
04/04/2022,IPT,PA,AEA,EN,Federal Contract Tower,0,1,6,0,7,0,13,55,2,70,0,14,61,2,77,26,0,26,103
04/05/2022,IPT,PA,AEA,EN,Federal Contract Tower,0,1,11,0,12,0,2,33,0,35,0,3,44,0,47,0,0,0,47
04/06/2022,IPT,PA,AEA,EN,Federal Contract Tower,0,3,10,0,13,0,2,3,0,5,0,5,13,0,18,10,0,10,28
04/07/2022,IPT,PA,AEA,EN,Federal Contract Tower,0,3,3,0,6,0,0,0,0,0,0,3,3,0,6,0,0,0,6
04/08/2022,IPT,PA,AEA,EN,Federal Contract Tower,0,2,5,0,7,0,0,24,0,24,0,2,29,0,31,12,0,12,43
04/09/2022,IPT,PA,AEA,EN,Federal Contract Tower,0,1,2,0,3,0,0,5,0,5,0,1,7,0,8,26,0,26,34
04/10/2022,IPT,PA,AEA,EN,Federal Contract Tower,0,0,0,0,0,0,0,12,0,12,0,0,12,0,12,8,0,8,20
04/11/2022,IPT,PA,AEA,EN,Federal Contract Tower,0,1,6,0,7,0,4,68,4,76,0,5,74,4,83,0,0,0,83
04/12/2022,IPT,PA,AEA,EN,Federal Contract Tower,0,4,15,0,19,0,0,47,2,49,0,4,62,2,68,14,0,14,82
04/13/2022,IPT,PA,AEA,EN,Federal Contract Tower,0,4,8,1,13,0,4,21,1,26,0,8,29,2,39,0,0,0,39
04/14/2022,IPT,PA,AEA,EN,Federal Contract Tower,0,2,7,0,9,0,2,16,0,18,0,4,23,0,27,6,0,6,33
04/15/2022,IPT,PA,AEA,EN,Federal Contract Tower,0,2,2,0,4,0,0,26,0,26,0,2,28,0,30,0,0,0,30
04/16/2022,IPT,PA,AEA,EN,Federal Contract Tower,0,1,8,0,9,0,1,6,0,7,0,2,14,0,16,22,0,22,38
04/17/2022,IPT,PA,AEA,EN,Federal Contract Tower,0,2,0,0,2,0,0,3,0,3,0,2,3,0,5,0,0,0,5
04/18/2022,IPT,PA,AEA,EN,Federal Contract Tower,0,0,4,0,4,0,0,9,0,9,0,0,13,0,13,0,0,0,13
04/19/2022,IPT,PA,AEA,EN,Federal Contract Tower,0,1,8,0,9,0,0,5,0,5,0,1,13,0,14,0,2,2,16
04/20/2022,IPT,PA,AEA,EN,Federal Contract Tower,0,6,9,0,15,0,5,28,2,35,0,11,37,2,50,12,0,12,62
04/21/2022,IPT,PA,AEA,EN,Federal Contract Tower,0,4,5,0,9,0,1,6,0,7,0,5,11,0,16,4,0,4,20
04/22/2022,IPT,PA,AEA,EN,Federal Contract Tower,0,5,5,0,10,0,12,36,0,48,0,17,41,0,58,8,0,8,66
04/23/2022,IPT,PA,AEA,EN,Federal Contract Tower,0,0,7,0,7,0,1,16,0,17,0,1,23,0,24,10,0,10,34
04/24/2022,IPT,PA,AEA,EN,Federal Contract Tower,0,1,9,0,10,0,3,41,0,44,0,4,50,0,54,10,0,10,64
04/25/2022,IPT,PA,AEA,EN,Federal Contract Tower,0,1,11,0,12,0,5,38,0,43,0,6,49,0,55,0,0,0,55
04/26/2022,IPT,PA,AEA,EN,Federal Contract Tower,0,3,6,0,9,0,0,1,0,1,0,3,7,0,10,0,0,0,10
04/27/2022,IPT,PA,AEA,EN,Federal Contract Tower,0,2,2,1,5,0,1,2,7,10,0,3,4,8,15,0,0,0,15
04/28/2022,IPT,PA,AEA,EN,Federal Contract Tower,0,2,8,2,12,0,13,4,1,18,0,15,12,3,30,0,0,0,30
04/29/2022,IPT,PA,AEA,EN,Federal Contract Tower,0,2,9,0,11,0,15,27,0,42,0,17,36,0,53,0,0,0,53
04/30/2022,IPT,PA,AEA,EN,Federal Contract Tower,0,4,3,0,7,0,6,30,0,36,0,10,33,0,43,12,0,12,55
05/01/2022,IPT,PA,AEA,EN,Federal Contract Tower,0,0,5,0,5,0,2,30,0,32,0,2,35,0,37,0,0,0,37
05/02/2022,IPT,PA,AEA,EN,Federal Contract Tower,0,1,23,0,24,0,0,19,0,19,0,1,42,0,43,18,0,18,61
05/03/2022,IPT,PA,AEA,EN,Federal Contract Tower,0,2,4,0,6,0,0,25,0,25,0,2,29,0,31,6,0,6,37
05/04/2022,IPT,PA,AEA,EN,Federal Contract Tower,0,2,5,0,7,0,0,0,0,0,0,2,5,0,7,0,0,0,7
05/05/2022,IPT,PA,AEA,EN,Federal Contract Tower,0,3,2,0,5,0,1,45,0,46,0,4,47,0,51,32,0,32,83
05/06/2022,IPT,PA,AEA,EN,Federal Contract Tower,0,6,9,0,15,0,0,0,0,0,0,6,9,0,15,0,0,0,15
05/07/2022,IPT,PA,AEA,EN,Federal Contract Tower,0,1,2,0,3,0,7,1,0,8,0,8,3,0,11,0,0,0,11
05/08/2022,IPT,PA,AEA,EN,Federal Contract Tower,0,0,7,0,7,0,5,34,0,39,0,5,41,0,46,20,0,20,66
05/09/2022,IPT,PA,AEA,EN,Federal Contract Tower,0,1,10,1,12,0,9,62,6,77,0,10,72,7,89,8,8,16,105
05/10/2022,IPT,PA,AEA,EN,Federal Contract Tower,0,2,5,1,8,0,2,39,4,45,0,4,44,5,53,44,2,46,99
05/11/2022,IPT,PA,AEA,EN,Federal Contract Tower,0,3,8,0,11,0,4,43,0,47,0,7,51,0,58,10,0,10,68
05/12/2022,IPT,PA,AEA,EN,Federal Contract Tower,0,2,10,0,12,0,6,24,2,32,0,8,34,2,44,8,0,8,52
05/13/2022,IPT,PA,AEA,EN,Federal Contract Tower,0,2,9,0,11,0,4,14,0,18,0,6,23,0,29,14,0,14,43
05/14/2022,IPT,PA,AEA,EN,Federal Contract Tower,0,1,6,0,7,0,5,4,0,9,0,6,10,0,16,0,0,0,16
05/15/2022,IPT,PA,AEA,EN,Federal Contract Tower,0,0,7,0,7,0,10,42,0,52,0,10,49,0,59,0,0,0,59
05/16/2022,IPT,PA,AEA,EN,Federal Contract Tower,0,5,0,0,5,0,10,20,0,30,0,15,20,0,35,0,0,0,35
05/17/2022,IPT,PA,AEA,EN,Federal Contract Tower,0,2,5,7,14,0,4,28,1,33,0,6,33,8,47,2,0,2,49
05/18/2022,IPT,PA,AEA,EN,Federal Contract Tower,0,2,7,0,9,0,7,36,0,43,0,9,43,0,52,12,0,12,64
05/19/2022,IPT,PA,AEA,EN,Federal Contract Tower,0,2,10,0,12,0,3,21,0,24,0,5,31,0,36,0,0,0,36
05/20/2022,IPT,PA,AEA,EN,Federal Contract Tower,0,4,8,0,12,0,5,22,0,27,0,9,30,0,39,6,0,6,45
05/21/2022,IPT,PA,AEA,EN,Federal Contract Tower,0,3,5,0,8,0,3,30,0,33,0,6,35,0,41,8,0,8,49
05/22/2022,IPT,PA,AEA,EN,Federal Contract Tower,0,2,4,0,6,0,9,17,0,26,0,11,21,0,32,0,0,0,32
05/23/2022,IPT,PA,AEA,EN,Federal Contract Tower,0,1,6,0,7,0,7,32,0,39,0,8,38,0,46,0,0,0,46
05/24/2022,IPT,PA,AEA,EN,Federal Contract Tower,0,2,13,0,15,0,1,37,4,42,0,3,50,4,57,16,0,16,73
05/25/2022,IPT,PA,AEA,EN,Federal Contract Tower,0,3,13,0,16,0,2,31,2,35,0,5,44,2,51,2,0,2,53
05/26/2022,IPT,PA,AEA,EN,Federal Contract Tower,0,4,13,0,17,0,3,15,2,20,0,7,28,2,37,0,0,0,37
05/27/2022,IPT,PA,AEA,EN,Federal Contract Tower,0,3,4,0,7,0,4,7,0,11,0,7,11,0,18,0,0,0,18
05/28/2022,IPT,PA,AEA,EN,Federal Contract Tower,0,3,4,0,7,0,2,18,0,20,0,5,22,0,27,4,0,4,31
05/29/2022,IPT,PA,AEA,EN,Federal Contract Tower,0,0,5,0,5,0,2,26,0,28,0,2,31,0,33,4,0,4,37
05/30/2022,IPT,PA,AEA,EN,Federal Contract Tower,0,0,3,0,3,0,4,61,0,65,0,4,64,0,68,10,0,10,78
05/31/2022,IPT,PA,AEA,EN,Federal Contract Tower,0,1,1,3,5,0,2,41,1,44,0,3,42,4,49,16,0,16,65
06/01/2022,IPT,PA,AEA,EN,Federal Contract Tower,0,8,11,0,19,0,1,44,0,45,0,9,55,0,64,8,0,8,72
06/02/2022,IPT,PA,AEA,EN,Federal Contract Tower,0,2,9,0,11,0,2,6,0,8,0,4,15,0,19,0,0,0,19
06/03/2022,IPT,PA,AEA,EN,Federal Contract Tower,0,6,7,0,13,0,9,40,0,49,0,15,47,0,62,2,0,2,64
06/04/2022,IPT,PA,AEA,EN,Federal Contract Tower,0,7,9,0,16,0,6,27,0,33,0,13,36,0,49,6,0,6,55
06/05/2022,IPT,PA,AEA,EN,Federal Contract Tower,0,8,6,0,14,0,5,35,0,40,0,13,41,0,54,4,0,4,58
06/06/2022,IPT,PA,AEA,EN,Federal Contract Tower,0,1,3,0,4,0,9,38,0,47,0,10,41,0,51,6,0,6,57
06/07/2022,IPT,PA,AEA,EN,Federal Contract Tower,0,2,1,0,3,0,0,1,0,1,0,2,2,0,4,0,0,0,4
06/08/2022,IPT,PA,AEA,EN,Federal Contract Tower,0,4,7,0,11,0,2,39,2,43,0,6,46,2,54,22,0,22,76
06/09/2022,IPT,PA,AEA,EN,Federal Contract Tower,0,4,6,0,10,0,1,35,0,36,0,5,41,0,46,0,0,0,46
06/10/2022,IPT,PA,AEA,EN,Federal Contract Tower,0,1,9,0,10,0,5,59,0,64,0,6,68,0,74,6,0,6,80
06/11/2022,IPT,PA,AEA,EN,Federal Contract Tower,0,0,4,0,4,0,7,61,0,68,0,7,65,0,72,22,0,22,94
06/12/2022,IPT,PA,AEA,EN,Federal Contract Tower,0,0,9,0,9,0,4,16,0,20,0,4,25,0,29,0,0,0,29
06/13/2022,IPT,PA,AEA,EN,Federal Contract Tower,0,0,7,0,7,0,6,32,0,38,0,6,39,0,45,8,0,8,53
06/14/2022,IPT,PA,AEA,EN,Federal Contract Tower,0,3,5,0,8,0,2,25,0,27,0,5,30,0,35,0,0,0,35
06/15/2022,IPT,PA,AEA,EN,Federal Contract Tower,0,2,11,0,13,0,5,21,0,26,0,7,32,0,39,0,0,0,39
06/16/2022,IPT,PA,AEA,EN,Federal Contract Tower,0,2,14,0,16,0,2,11,0,13,0,4,25,0,29,0,0,0,29
06/17/2022,IPT,PA,AEA,EN,Federal Contract Tower,0,5,1,2,8,0,5,52,4,61,0,10,53,6,69,0,0,0,69
06/18/2022,IPT,PA,AEA,EN,Federal Contract Tower,0,2,5,0,7,0,3,62,0,65,0,5,67,0,72,0,0,0,72
06/19/2022,IPT,PA,AEA,EN,Federal Contract Tower,0,2,5,0,7,0,6,39,0,45,0,8,44,0,52,4,0,4,56
06/20/2022,IPT,PA,AEA,EN,Federal Contract Tower,0,1,10,0,11,0,10,59,0,69,0,11,69,0,80,26,0,26,106
06/21/2022,IPT,PA,AEA,EN,Federal Contract Tower,0,3,10,0,13,0,0,46,0,46,0,3,56,0,59,14,0,14,73
06/22/2022,IPT,PA,AEA,EN,Federal Contract Tower,0,4,5,0,9,0,5,21,2,28,0,9,26,2,37,0,0,0,37
06/23/2022,IPT,PA,AEA,EN,Federal Contract Tower,0,2,10,0,12,0,2,6,0,8,0,4,16,0,20,0,0,0,20
06/24/2022,IPT,PA,AEA,EN,Federal Contract Tower,0,2,15,0,17,0,6,40,0,46,0,8,55,0,63,22,0,22,85
06/25/2022,IPT,PA,AEA,EN,Federal Contract Tower,0,1,6,0,7,0,8,47,0,55,0,9,53,0,62,10,0,10,72
06/26/2022,IPT,PA,AEA,EN,Federal Contract Tower,0,0,5,0,5,0,2,35,0,37,0,2,40,0,42,0,0,0,42
06/27/2022,IPT,PA,AEA,EN,Federal Contract Tower,0,1,11,2,14,0,8,34,0,42,0,9,45,2,56,0,0,0,56
06/28/2022,IPT,PA,AEA,EN,Federal Contract Tower,0,2,0,0,2,0,5,32,0,37,0,7,32,0,39,18,0,18,57
06/29/2022,IPT,PA,AEA,EN,Federal Contract Tower,0,2,2,0,4,0,8,39,0,47,0,10,41,0,51,22,0,22,73
06/30/2022,IPT,PA,AEA,EN,Federal Contract Tower,0,2,6,0,8,0,4,47,0,51,0,6,53,0,59,30,0,30,89
07/01/2022,IPT,PA,AEA,EN,Federal Contract Tower,0,4,6,0,10,0,15,32,0,47,0,19,38,0,57,8,0,8,65
07/02/2022,IPT,PA,AEA,EN,Federal Contract Tower,0,1,2,0,3,0,7,23,0,30,0,8,25,0,33,10,0,10,43
07/03/2022,IPT,PA,AEA,EN,Federal Contract Tower,0,0,1,0,1,0,2,31,0,33,0,2,32,0,34,16,0,16,50
07/04/2022,IPT,PA,AEA,EN,Federal Contract Tower,0,1,5,0,6,0,3,52,0,55,0,4,57,0,61,32,0,32,93
07/05/2022,IPT,PA,AEA,EN,Federal Contract Tower,0,2,5,0,7,0,0,36,0,36,0,2,41,0,43,4,0,4,47
07/06/2022,IPT,PA,AEA,EN,Federal Contract Tower,0,5,4,0,9,0,4,32,0,36,0,9,36,0,45,4,0,4,49
07/07/2022,IPT,PA,AEA,EN,Federal Contract Tower,0,3,5,0,8,0,2,26,0,28,0,5,31,0,36,0,0,0,36
07/08/2022,IPT,PA,AEA,EN,Federal Contract Tower,0,4,12,0,16,0,4,27,0,31,0,8,39,0,47,10,0,10,57
07/09/2022,IPT,PA,AEA,EN,Federal Contract Tower,0,1,8,0,9,0,0,48,0,48,0,1,56,0,57,24,0,24,81
07/10/2022,IPT,PA,AEA,EN,Federal Contract Tower,0,2,6,0,8,0,0,72,0,72,0,2,78,0,80,14,0,14,94
07/11/2022,IPT,PA,AEA,EN,Federal Contract Tower,0,1,7,0,8,0,8,51,0,59,0,9,58,0,67,8,0,8,75
07/12/2022,IPT,PA,AEA,EN,Federal Contract Tower,0,4,2,0,6,0,0,2,0,2,0,4,4,0,8,0,0,0,8
07/13/2022,IPT,PA,AEA,EN,Federal Contract Tower,0,2,8,1,11,0,0,33,1,34,0,2,41,2,45,6,0,6,51
07/14/2022,IPT,PA,AEA,EN,Federal Contract Tower,0,4,12,0,16,0,0,24,0,24,0,4,36,0,40,20,0,20,60
07/15/2022,IPT,PA,AEA,EN,Federal Contract Tower,0,4,12,0,16,0,4,34,0,38,0,8,46,0,54,4,0,4,58
07/16/2022,IPT,PA,AEA,EN,Federal Contract Tower,0,3,6,0,9,0,4,27,0,31,0,7,33,0,40,6,0,6,46
07/17/2022,IPT,PA,AEA,EN,Federal Contract Tower,0,0,13,0,13,0,0,36,0,36,0,0,49,0,49,0,0,0,49
07/18/2022,IPT,PA,AEA,EN,Federal Contract Tower,0,1,4,0,5,0,7,2,0,9,0,8,6,0,14,0,0,0,14
07/19/2022,IPT,PA,AEA,EN,Federal Contract Tower,0,0,4,0,4,0,16,45,4,65,0,16,49,4,69,8,0,8,77
07/20/2022,IPT,PA,AEA,EN,Federal Contract Tower,0,2,6,0,8,0,6,32,0,38,0,8,38,0,46,2,2,4,50
07/21/2022,IPT,PA,AEA,EN,Federal Contract Tower,0,2,8,0,10,0,5,18,0,23,0,7,26,0,33,0,0,0,33
07/22/2022,IPT,PA,AEA,EN,Federal Contract Tower,0,3,6,0,9,0,4,18,0,22,0,7,24,0,31,6,0,6,37
07/23/2022,IPT,PA,AEA,EN,Federal Contract Tower,0,3,3,0,6,0,1,18,0,19,0,4,21,0,25,0,2,2,27
07/24/2022,IPT,PA,AEA,EN,Federal Contract Tower,0,2,5,0,7,0,0,28,0,28,0,2,33,0,35,0,0,0,35
07/25/2022,IPT,PA,AEA,EN,Federal Contract Tower,0,1,8,0,9,0,6,12,0,18,0,7,20,0,27,6,0,6,33
07/26/2022,IPT,PA,AEA,EN,Federal Contract Tower,0,5,8,0,13,0,10,51,0,61,0,15,59,0,74,0,0,0,74
07/27/2022,IPT,PA,AEA,EN,Federal Contract Tower,0,2,9,0,11,0,6,22,0,28,0,8,31,0,39,34,0,34,73
07/28/2022,IPT,PA,AEA,EN,Federal Contract Tower,0,5,14,0,19,0,4,18,0,22,0,9,32,0,41,24,0,24,65
07/29/2022,IPT,PA,AEA,EN,Federal Contract Tower,0,4,7,0,11,0,4,12,0,16,0,8,19,0,27,0,8,8,35
07/30/2022,IPT,PA,AEA,EN,Federal Contract Tower,0,1,6,0,7,0,4,38,0,42,0,5,44,0,49,6,0,6,55
07/31/2022,IPT,PA,AEA,EN,Federal Contract Tower,0,1,8,0,9,0,0,37,0,37,0,1,45,0,46,4,0,4,50
08/01/2022,IPT,PA,AEA,EN,Federal Contract Tower,0,3,9,0,12,0,6,41,0,47,0,9,50,0,59,4,0,4,63
08/02/2022,IPT,PA,AEA,EN,Federal Contract Tower,0,2,8,0,10,0,7,41,0,48,0,9,49,0,58,2,0,2,60
08/03/2022,IPT,PA,AEA,EN,Federal Contract Tower,0,2,8,0,10,0,10,48,0,58,0,12,56,0,68,8,0,8,76
08/05/2022,IPT,PA,AEA,EN,Federal Contract Tower,0,2,4,0,6,0,1,8,0,9,0,3,12,0,15,0,0,0,15
08/06/2022,IPT,PA,AEA,EN,Federal Contract Tower,0,1,4,0,5,0,3,10,0,13,0,4,14,0,18,16,0,16,34
08/07/2022,IPT,PA,AEA,EN,Federal Contract Tower,0,0,3,0,3,0,5,18,0,23,0,5,21,0,26,14,0,14,40
08/08/2022,IPT,PA,AEA,EN,Federal Contract Tower,0,1,10,0,11,0,0,18,0,18,0,1,28,0,29,12,0,12,41
08/09/2022,IPT,PA,AEA,EN,Federal Contract Tower,0,2,7,0,9,0,15,8,0,23,0,17,15,0,32,12,0,12,44
08/10/2022,IPT,PA,AEA,EN,Federal Contract Tower,0,4,3,0,7,0,8,30,0,38,0,12,33,0,45,0,0,0,45
08/11/2022,IPT,PA,AEA,EN,Federal Contract Tower,0,4,9,0,13,0,6,26,0,32,0,10,35,0,45,6,0,6,51
08/12/2022,IPT,PA,AEA,EN,Federal Contract Tower,0,3,5,0,8,0,4,30,2,36,0,7,35,2,44,48,0,48,92
08/13/2022,IPT,PA,AEA,EN,Federal Contract Tower,0,3,1,0,4,0,2,30,0,32,0,5,31,0,36,34,0,34,70
08/14/2022,IPT,PA,AEA,EN,Federal Contract Tower,0,0,8,0,8,0,3,39,0,42,0,3,47,0,50,0,0,0,50
08/15/2022,IPT,PA,AEA,EN,Federal Contract Tower,0,3,6,0,9,0,2,17,0,19,0,5,23,0,28,18,0,18,46
08/16/2022,IPT,PA,AEA,EN,Federal Contract Tower,0,4,11,0,15,0,2,23,0,25,0,6,34,0,40,0,0,0,40
08/17/2022,IPT,PA,AEA,EN,Federal Contract Tower,0,1,11,0,12,0,3,31,0,34,0,4,42,0,46,2,0,2,48
08/18/2022,IPT,PA,AEA,EN,Federal Contract Tower,0,1,10,0,11,0,2,26,0,28,0,3,36,0,39,4,0,4,43
08/19/2022,IPT,PA,AEA,EN,Federal Contract Tower,0,1,11,0,12,0,2,38,0,40,0,3,49,0,52,20,0,20,72
08/20/2022,IPT,PA,AEA,EN,Federal Contract Tower,0,2,10,0,12,0,0,46,0,46,0,2,56,0,58,12,0,12,70
08/21/2022,IPT,PA,AEA,EN,Federal Contract Tower,4,6,18,0,28,0,2,25,6,33,4,8,43,6,61,0,0,0,61
08/22/2022,IPT,PA,AEA,EN,Federal Contract Tower,0,4,11,0,15,0,2,4,0,6,0,6,15,0,21,0,0,0,21
08/23/2022,IPT,PA,AEA,EN,Federal Contract Tower,0,2,3,0,5,0,0,28,0,28,0,2,31,0,33,0,0,0,33
08/24/2022,IPT,PA,AEA,EN,Federal Contract Tower,0,1,6,0,7,0,2,39,0,41,0,3,45,0,48,8,0,8,56
08/25/2022,IPT,PA,AEA,EN,Federal Contract Tower,0,10,4,0,14,0,0,18,0,18,0,10,22,0,32,10,0,10,42
08/26/2022,IPT,PA,AEA,EN,Federal Contract Tower,0,3,7,0,10,0,1,13,0,14,0,4,20,0,24,10,0,10,34
08/27/2022,IPT,PA,AEA,EN,Federal Contract Tower,0,2,9,0,11,0,6,37,0,43,0,8,46,0,54,20,0,20,74
08/28/2022,IPT,PA,AEA,EN,Federal Contract Tower,0,0,7,0,7,0,8,36,0,44,0,8,43,0,51,2,0,2,53
08/29/2022,IPT,PA,AEA,EN,Federal Contract Tower,0,3,9,0,12,0,4,19,0,23,0,7,28,0,35,0,0,0,35
08/30/2022,IPT,PA,AEA,EN,Federal Contract Tower,0,4,3,0,7,0,4,20,0,24,0,8,23,0,31,18,0,18,49
08/31/2022,IPT,PA,AEA,EN,Federal Contract Tower,0,2,2,0,4,0,7,27,2,36,0,9,29,2,40,0,0,0,40
09/01/2022,IPT,PA,AEA,EN,Federal Contract Tower,0,4,5,0,9,0,0,27,0,27,0,4,32,0,36,2,0,2,38
09/02/2022,IPT,PA,AEA,EN,Federal Contract Tower,0,3,4,0,7,0,1,13,0,14,0,4,17,0,21,20,0,20,41
09/03/2022,IPT,PA,AEA,EN,Federal Contract Tower,0,4,12,0,16,0,0,20,0,20,0,4,32,0,36,14,0,14,50
09/04/2022,IPT,PA,AEA,EN,Federal Contract Tower,0,0,1,0,1,0,2,2,0,4,0,2,3,0,5,0,0,0,5
09/05/2022,IPT,PA,AEA,EN,Federal Contract Tower,0,3,4,0,7,0,0,0,0,0,0,3,4,0,7,0,0,0,7
09/06/2022,IPT,PA,AEA,EN,Federal Contract Tower,0,3,5,0,8,0,3,0,0,3,0,6,5,0,11,0,0,0,11
09/07/2022,IPT,PA,AEA,EN,Federal Contract Tower,0,9,5,0,14,0,0,0,0,0,0,9,5,0,14,0,0,0,14
09/08/2022,IPT,PA,AEA,EN,Federal Contract Tower,0,4,6,0,10,0,1,15,0,16,0,5,21,0,26,0,2,2,28
09/09/2022,IPT,PA,AEA,EN,Federal Contract Tower,0,5,10,0,15,0,7,43,0,50,0,12,53,0,65,8,0,8,73
09/10/2022,IPT,PA,AEA,EN,Federal Contract Tower,0,1,6,0,7,0,2,57,0,59,0,3,63,0,66,18,0,18,84
09/11/2022,IPT,PA,AEA,EN,Federal Contract Tower,0,1,3,2,6,0,0,0,0,0,0,1,3,2,6,0,0,0,6
09/12/2022,IPT,PA,AEA,EN,Federal Contract Tower,0,5,5,2,12,0,2,0,0,2,0,7,5,2,14,0,0,0,14
09/13/2022,IPT,PA,AEA,EN,Federal Contract Tower,0,3,6,2,11,0,2,22,0,24,0,5,28,2,35,12,0,12,47
09/14/2022,IPT,PA,AEA,EN,Federal Contract Tower,0,2,11,0,13,0,6,35,0,41,0,8,46,0,54,10,0,10,64
09/15/2022,IPT,PA,AEA,EN,Federal Contract Tower,0,4,1,0,5,0,0,17,0,17,0,4,18,0,22,4,0,4,26
09/16/2022,IPT,PA,AEA,EN,Federal Contract Tower,0,5,9,0,14,0,0,36,0,36,0,5,45,0,50,24,0,24,74
09/17/2022,IPT,PA,AEA,EN,Federal Contract Tower,0,4,3,0,7,0,0,27,2,29,0,4,30,2,36,48,6,54,90
09/18/2022,IPT,PA,AEA,EN,Federal Contract Tower,0,2,8,0,10,0,0,34,0,34,0,2,42,0,44,14,0,14,58
09/19/2022,IPT,PA,AEA,EN,Federal Contract Tower,0,1,6,0,7,0,0,13,0,13,0,1,19,0,20,6,0,6,26
09/20/2022,IPT,PA,AEA,EN,Federal Contract Tower,0,1,15,0,16,0,0,29,0,29,0,1,44,0,45,4,0,4,49
09/21/2022,IPT,PA,AEA,EN,Federal Contract Tower,0,1,4,0,5,0,10,5,0,15,0,11,9,0,20,4,0,4,24
09/22/2022,IPT,PA,AEA,EN,Federal Contract Tower,0,2,7,0,9,0,2,5,0,7,0,4,12,0,16,0,0,0,16
09/23/2022,IPT,PA,AEA,EN,Federal Contract Tower,0,2,3,0,5,0,5,28,0,33,0,7,31,0,38,0,0,0,38
09/24/2022,IPT,PA,AEA,EN,Federal Contract Tower,0,1,1,0,2,0,0,30,0,30,0,1,31,0,32,34,0,34,66
09/25/2022,IPT,PA,AEA,EN,Federal Contract Tower,0,0,2,0,2,0,5,1,0,6,0,5,3,0,8,0,0,0,8
09/26/2022,IPT,PA,AEA,EN,Federal Contract Tower,0,1,4,0,5,0,3,12,0,15,0,4,16,0,20,2,0,2,22
09/27/2022,IPT,PA,AEA,EN,Federal Contract Tower,0,7,11,0,18,0,5,19,0,24,0,12,30,0,42,6,0,6,48
09/28/2022,IPT,PA,AEA,EN,Federal Contract Tower,0,2,12,0,14,0,4,9,0,13,0,6,21,0,27,0,0,0,27
09/29/2022,IPT,PA,AEA,EN,Federal Contract Tower,0,2,5,0,7,0,5,26,0,31,0,7,31,0,38,0,0,0,38
09/30/2022,IPT,PA,AEA,EN,Federal Contract Tower,0,1,11,0,12,0,1,21,0,22,0,2,32,0,34,8,0,8,42
10/01/2022,IPT,PA,AEA,EN,Federal Contract Tower,0,1,7,0,8,0,2,6,0,8,0,3,13,0,16,0,0,0,16
10/02/2022,IPT,PA,AEA,EN,Federal Contract Tower,0,0,8,0,8,0,4,10,0,14,0,4,18,0,22,2,0,2,24
10/03/2022,IPT,PA,AEA,EN,Federal Contract Tower,0,1,12,0,13,0,6,17,0,23,0,7,29,0,36,10,0,10,46
10/04/2022,IPT,PA,AEA,EN,Federal Contract Tower,0,2,11,0,13,0,0,0,0,0,0,2,11,0,13,0,0,0,13
10/05/2022,IPT,PA,AEA,EN,Federal Contract Tower,0,2,6,0,8,0,5,10,2,17,0,7,16,2,25,16,0,16,41
10/06/2022,IPT,PA,AEA,EN,Federal Contract Tower,0,3,6,0,9,0,4,31,0,35,0,7,37,0,44,0,0,0,44
10/07/2022,IPT,PA,AEA,EN,Federal Contract Tower,0,0,12,0,12,0,3,11,0,14,0,3,23,0,26,0,0,0,26
10/08/2022,IPT,PA,AEA,EN,Federal Contract Tower,0,1,2,0,3,0,4,15,0,19,0,5,17,0,22,10,0,10,32
10/09/2022,IPT,PA,AEA,EN,Federal Contract Tower,0,2,2,0,4,0,7,25,0,32,0,9,27,0,36,16,0,16,52
10/10/2022,IPT,PA,AEA,EN,Federal Contract Tower,0,1,6,0,7,0,0,41,0,41,0,1,47,0,48,0,0,0,48
10/11/2022,IPT,PA,AEA,EN,Federal Contract Tower,0,5,10,0,15,0,0,13,0,13,0,5,23,0,28,0,0,0,28
10/12/2022,IPT,PA,AEA,EN,Federal Contract Tower,0,6,3,0,9,0,0,13,0,13,0,6,16,0,22,0,0,0,22
10/13/2022,IPT,PA,AEA,EN,Federal Contract Tower,0,3,11,0,14,0,0,4,0,4,0,3,15,0,18,0,0,0,18
10/14/2022,IPT,PA,AEA,EN,Federal Contract Tower,0,1,13,0,14,0,3,35,2,40,0,4,48,2,54,14,0,14,68
10/15/2022,IPT,PA,AEA,EN,Federal Contract Tower,0,0,5,0,5,0,5,26,0,31,0,5,31,0,36,12,0,12,48
10/16/2022,IPT,PA,AEA,EN,Federal Contract Tower,0,0,8,0,8,0,0,45,0,45,0,0,53,0,53,2,0,2,55
10/17/2022,IPT,PA,AEA,EN,Federal Contract Tower,0,1,9,0,10,0,6,7,0,13,0,7,16,0,23,0,0,0,23
10/18/2022,IPT,PA,AEA,EN,Federal Contract Tower,0,3,5,0,8,0,7,17,0,24,0,10,22,0,32,0,0,0,32
10/19/2022,IPT,PA,AEA,EN,Federal Contract Tower,0,3,7,0,10,0,5,13,4,22,0,8,20,4,32,10,0,10,42
10/20/2022,IPT,PA,AEA,EN,Federal Contract Tower,0,3,11,0,14,0,3,13,0,16,0,6,24,0,30,0,0,0,30
10/21/2022,IPT,PA,AEA,EN,Federal Contract Tower,0,6,5,0,11,0,4,31,1,36,0,10,36,1,47,2,0,2,49
10/22/2022,IPT,PA,AEA,EN,Federal Contract Tower,0,1,5,0,6,0,0,21,0,21,0,1,26,0,27,20,0,20,47
10/23/2022,IPT,PA,AEA,EN,Federal Contract Tower,0,0,7,0,7,0,0,29,0,29,0,0,36,0,36,10,0,10,46
10/24/2022,IPT,PA,AEA,EN,Federal Contract Tower,0,4,13,0,17,0,1,14,0,15,0,5,27,0,32,0,0,0,32
10/25/2022,IPT,PA,AEA,EN,Federal Contract Tower,0,1,11,0,12,0,3,2,0,5,0,4,13,0,17,0,0,0,17
10/26/2022,IPT,PA,AEA,EN,Federal Contract Tower,0,4,6,0,10,0,4,4,0,8,0,8,10,0,18,0,0,0,18
10/27/2022,IPT,PA,AEA,EN,Federal Contract Tower,0,2,4,0,6,0,3,8,1,12,0,5,12,1,18,4,0,4,22
10/28/2022,IPT,PA,AEA,EN,Federal Contract Tower,0,2,8,0,10,0,6,43,0,49,0,8,51,0,59,8,0,8,67
10/29/2022,IPT,PA,AEA,EN,Federal Contract Tower,0,2,8,0,10,0,0,38,0,38,0,2,46,0,48,10,0,10,58
10/30/2022,IPT,PA,AEA,EN,Federal Contract Tower,0,2,2,0,4,0,1,33,0,34,0,3,35,0,38,12,0,12,50
10/31/2022,IPT,PA,AEA,EN,Federal Contract Tower,0,4,4,0,8,0,8,14,1,23,0,12,18,1,31,0,0,0,31
11/01/2022,IPT,PA,AEA,EN,Federal Contract Tower,0,0,6,0,6,0,1,3,0,4,0,1,9,0,10,2,0,2,12
11/02/2022,IPT,PA,AEA,EN,Federal Contract Tower,0,1,11,0,12,0,2,28,0,30,0,3,39,0,42,16,0,16,58
11/03/2022,IPT,PA,AEA,EN,Federal Contract Tower,0,1,6,0,7,0,8,7,0,15,0,9,13,0,22,0,0,0,22
11/04/2022,IPT,PA,AEA,EN,Federal Contract Tower,0,1,12,0,13,0,3,18,0,21,0,4,30,0,34,0,0,0,34
11/05/2022,IPT,PA,AEA,EN,Federal Contract Tower,0,1,10,0,11,0,0,4,0,4,0,1,14,0,15,0,0,0,15
11/06/2022,IPT,PA,AEA,EN,Federal Contract Tower,0,0,7,0,7,0,5,6,0,11,0,5,13,0,18,0,0,0,18
11/07/2022,IPT,PA,AEA,EN,Federal Contract Tower,0,1,5,0,6,0,5,7,0,12,0,6,12,0,18,0,0,0,18
11/08/2022,IPT,PA,AEA,EN,Federal Contract Tower,0,3,0,0,3,0,0,11,0,11,0,3,11,0,14,0,0,0,14
11/09/2022,IPT,PA,AEA,EN,Federal Contract Tower,0,2,6,0,8,0,4,16,0,20,0,6,22,0,28,6,0,6,34
11/10/2022,IPT,PA,AEA,EN,Federal Contract Tower,0,2,17,0,19,0,8,37,0,45,0,10,54,0,64,8,0,8,72
11/11/2022,IPT,PA,AEA,EN,Federal Contract Tower,0,6,5,0,11,0,0,0,0,0,0,6,5,0,11,0,0,0,11
11/12/2022,IPT,PA,AEA,EN,Federal Contract Tower,0,1,5,0,6,0,6,13,0,19,0,7,18,0,25,0,0,0,25
11/13/2022,IPT,PA,AEA,EN,Federal Contract Tower,0,0,0,0,0,0,12,7,0,19,0,12,7,0,19,6,0,6,25
11/14/2022,IPT,PA,AEA,EN,Federal Contract Tower,0,1,5,0,6,0,8,24,0,32,0,9,29,0,38,10,0,10,48
11/15/2022,IPT,PA,AEA,EN,Federal Contract Tower,0,2,0,0,2,0,0,1,0,1,0,2,1,0,3,0,0,0,3
11/16/2022,IPT,PA,AEA,EN,Federal Contract Tower,0,4,4,0,8,0,2,8,0,10,0,6,12,0,18,0,0,0,18
11/17/2022,IPT,PA,AEA,EN,Federal Contract Tower,0,4,3,0,7,0,3,6,0,9,0,7,9,0,16,4,0,4,20
11/18/2022,IPT,PA,AEA,EN,Federal Contract Tower,0,2,5,2,9,0,9,5,0,14,0,11,10,2,23,0,0,0,23
11/19/2022,IPT,PA,AEA,EN,Federal Contract Tower,0,3,2,0,5,0,11,16,0,27,0,14,18,0,32,6,0,6,38
11/20/2022,IPT,PA,AEA,EN,Federal Contract Tower,0,1,4,0,5,0,6,9,0,15,0,7,13,0,20,0,0,0,20
11/21/2022,IPT,PA,AEA,EN,Federal Contract Tower,0,1,4,0,5,0,1,24,0,25,0,2,28,0,30,2,0,2,32
11/22/2022,IPT,PA,AEA,EN,Federal Contract Tower,0,2,7,0,9,0,4,32,0,36,0,6,39,0,45,0,0,0,45
11/23/2022,IPT,PA,AEA,EN,Federal Contract Tower,0,4,6,0,10,0,0,32,2,34,0,4,38,2,44,6,0,6,50
11/24/2022,IPT,PA,AEA,EN,Federal Contract Tower,0,0,0,0,0,0,0,3,0,3,0,0,3,0,3,0,0,0,3
11/25/2022,IPT,PA,AEA,EN,Federal Contract Tower,0,2,2,0,4,0,0,0,0,0,0,2,2,0,4,0,0,0,4
11/26/2022,IPT,PA,AEA,EN,Federal Contract Tower,0,1,2,0,3,0,0,21,0,21,0,1,23,0,24,20,0,20,44
11/27/2022,IPT,PA,AEA,EN,Federal Contract Tower,0,5,3,0,8,0,0,0,0,0,0,5,3,0,8,0,0,0,8
11/28/2022,IPT,PA,AEA,EN,Federal Contract Tower,0,2,5,0,7,0,0,3,2,5,0,2,8,2,12,0,0,0,12
11/29/2022,IPT,PA,AEA,EN,Federal Contract Tower,0,3,1,0,4,0,3,18,6,27,0,6,19,6,31,0,0,0,31
11/30/2022,IPT,PA,AEA,EN,Federal Contract Tower,0,4,3,0,7,0,0,3,0,3,0,4,6,0,10,0,0,0,10
12/01/2022,IPT,PA,AEA,EN,Federal Contract Tower,0,2,6,0,8,0,4,12,0,16,0,6,18,0,24,0,0,0,24
12/02/2022,IPT,PA,AEA,EN,Federal Contract Tower,0,2,8,0,10,0,4,24,0,28,0,6,32,0,38,10,0,10,48
12/03/2022,IPT,PA,AEA,EN,Federal Contract Tower,0,1,2,0,3,0,4,0,0,4,0,5,2,0,7,0,0,0,7
12/04/2022,IPT,PA,AEA,EN,Federal Contract Tower,0,0,0,0,0,0,6,37,0,43,0,6,37,0,43,32,0,32,75
12/05/2022,IPT,PA,AEA,EN,Federal Contract Tower,0,3,8,0,11,0,0,29,0,29,0,3,37,0,40,6,0,6,46
12/07/2022,IPT,PA,AEA,EN,Federal Contract Tower,0,1,4,0,5,0,0,0,0,0,0,1,4,0,5,0,0,0,5
12/08/2022,IPT,PA,AEA,EN,Federal Contract Tower,0,3,10,0,13,0,2,11,0,13,0,5,21,0,26,0,0,0,26
12/09/2022,IPT,PA,AEA,EN,Federal Contract Tower,0,2,9,0,11,0,5,12,0,17,0,7,21,0,28,18,0,18,46
12/10/2022,IPT,PA,AEA,EN,Federal Contract Tower,0,1,4,0,5,0,0,40,0,40,0,1,44,0,45,26,0,26,71
12/11/2022,IPT,PA,AEA,EN,Federal Contract Tower,0,0,1,0,1,0,0,0,0,0,0,0,1,0,1,0,0,0,1
12/12/2022,IPT,PA,AEA,EN,Federal Contract Tower,0,1,10,0,11,0,0,1,0,1,0,1,11,0,12,0,0,0,12
12/13/2022,IPT,PA,AEA,EN,Federal Contract Tower,0,5,5,0,10,0,11,21,2,34,0,16,26,2,44,0,0,0,44
12/14/2022,IPT,PA,AEA,EN,Federal Contract Tower,0,3,3,0,6,0,4,23,1,28,0,7,26,1,34,8,0,8,42
12/15/2022,IPT,PA,AEA,EN,Federal Contract Tower,0,0,0,0,0,0,0,0,0,0,0,0,0,0,0,0,0,0,0
12/16/2022,IPT,PA,AEA,EN,Federal Contract Tower,0,1,4,0,5,0,3,2,0,5,0,4,6,0,10,0,0,0,10
12/17/2022,IPT,PA,AEA,EN,Federal Contract Tower,0,1,4,0,5,0,1,3,0,4,0,2,7,0,9,0,0,0,9
12/18/2022,IPT,PA,AEA,EN,Federal Contract Tower,0,0,3,0,3,0,2,12,0,14,0,2,15,0,17,0,0,0,17
12/19/2022,IPT,PA,AEA,EN,Federal Contract Tower,0,1,9,0,10,0,0,14,4,18,0,1,23,4,28,0,0,0,28
12/20/2022,IPT,PA,AEA,EN,Federal Contract Tower,0,1,10,0,11,0,5,21,4,30,0,6,31,4,41,4,0,4,45
12/21/2022,IPT,PA,AEA,EN,Federal Contract Tower,0,1,8,0,9,0,7,36,0,43,0,8,44,0,52,20,0,20,72
12/22/2022,IPT,PA,AEA,EN,Federal Contract Tower,0,5,1,0,6,0,3,0,0,3,0,8,1,0,9,0,0,0,9
12/23/2022,IPT,PA,AEA,EN,Federal Contract Tower,0,0,1,0,1,0,0,0,0,0,0,0,1,0,1,0,0,0,1
12/24/2022,IPT,PA,AEA,EN,Federal Contract Tower,0,0,1,0,1,0,4,3,0,7,0,4,4,0,8,0,0,0,8
12/25/2022,IPT,PA,AEA,EN,Federal Contract Tower,0,2,0,0,2,0,2,0,0,2,0,4,0,0,4,0,0,0,4
12/26/2022,IPT,PA,AEA,EN,Federal Contract Tower,0,0,3,0,3,0,5,18,0,23,0,5,21,0,26,0,0,0,26
12/27/2022,IPT,PA,AEA,EN,Federal Contract Tower,0,1,1,0,2,0,13,6,0,19,0,14,7,0,21,0,0,0,21
12/28/2022,IPT,PA,AEA,EN,Federal Contract Tower,0,3,1,0,4,0,1,21,0,22,0,4,22,0,26,10,0,10,36
12/29/2022,IPT,PA,AEA,EN,Federal Contract Tower,0,2,9,0,11,0,0,18,0,18,0,2,27,0,29,8,0,8,37
12/30/2022,IPT,PA,AEA,EN,Federal Contract Tower,0,4,7,0,11,0,1,18,0,19,0,5,25,0,30,12,0,12,42
12/31/2022,IPT,PA,AEA,EN,Federal Contract Tower,0,2,7,0,9,0,0,0,0,0,0,2,7,0,9,0,0,0,9
01/01/2023,IPT,PA,AEA,EN,Federal Contract Tower,0,2,4,0,6,0,12,15,0,27,0,14,19,0,33,2,0,2,35
01/02/2023,IPT,PA,AEA,EN,Federal Contract Tower,0,0,8,0,8,0,2,14,0,16,0,2,22,0,24,4,0,4,28
01/03/2023,IPT,PA,AEA,EN,Federal Contract Tower,0,1,4,0,5,0,0,0,0,0,0,1,4,0,5,0,0,0,5
01/04/2023,IPT,PA,AEA,EN,Federal Contract Tower,0,2,8,0,10,0,0,0,0,0,0,2,8,0,10,0,0,0,10
01/05/2023,IPT,PA,AEA,EN,Federal Contract Tower,0,3,8,1,12,0,3,23,1,27,0,6,31,2,39,4,0,4,43
01/06/2023,IPT,PA,AEA,EN,Federal Contract Tower,0,5,1,0,6,0,0,1,2,3,0,5,2,2,9,0,0,0,9
01/07/2023,IPT,PA,AEA,EN,Federal Contract Tower,0,1,3,0,4,0,2,4,0,6,0,3,7,0,10,0,0,0,10
01/08/2023,IPT,PA,AEA,EN,Federal Contract Tower,0,0,5,0,5,0,1,29,0,30,0,1,34,0,35,38,0,38,73
01/09/2023,IPT,PA,AEA,EN,Federal Contract Tower,0,3,4,0,7,0,8,14,0,22,0,11,18,0,29,0,2,2,31
01/10/2023,IPT,PA,AEA,EN,Federal Contract Tower,0,2,8,0,10,0,5,7,0,12,0,7,15,0,22,10,0,10,32
01/11/2023,IPT,PA,AEA,EN,Federal Contract Tower,0,1,5,0,6,0,5,25,0,30,0,6,30,0,36,6,0,6,42
01/12/2023,IPT,PA,AEA,EN,Federal Contract Tower,0,1,2,0,3,0,0,0,0,0,0,1,2,0,3,0,0,0,3
01/13/2023,IPT,PA,AEA,EN,Federal Contract Tower,0,1,3,0,4,0,0,3,0,3,0,1,6,0,7,0,0,0,7
01/14/2023,IPT,PA,AEA,EN,Federal Contract Tower,0,1,2,0,3,0,1,3,0,4,0,2,5,0,7,14,0,14,21
01/15/2023,IPT,PA,AEA,EN,Federal Contract Tower,0,2,10,0,12,0,4,14,0,18,0,6,24,0,30,14,0,14,44
01/16/2023,IPT,PA,AEA,EN,Federal Contract Tower,0,3,14,0,17,0,8,25,0,33,0,11,39,0,50,6,0,6,56
01/17/2023,IPT,PA,AEA,EN,Federal Contract Tower,0,4,4,0,8,0,0,2,0,2,0,4,6,0,10,0,0,0,10
01/18/2023,IPT,PA,AEA,EN,Federal Contract Tower,0,2,2,0,4,0,0,7,0,7,0,2,9,0,11,0,0,0,11
01/19/2023,IPT,PA,AEA,EN,Federal Contract Tower,0,2,1,0,3,0,0,0,0,0,0,2,1,0,3,0,0,0,3
01/20/2023,IPT,PA,AEA,EN,Federal Contract Tower,0,2,2,0,4,0,0,0,0,0,0,2,2,0,4,0,0,0,4
01/21/2023,IPT,PA,AEA,EN,Federal Contract Tower,0,1,3,0,4,0,0,16,0,16,0,1,19,0,20,0,0,0,20
01/22/2023,IPT,PA,AEA,EN,Federal Contract Tower,0,0,2,0,2,0,1,2,0,3,0,1,4,0,5,0,0,0,5
01/23/2023,IPT,PA,AEA,EN,Federal Contract Tower,0,1,2,0,3,0,3,0,0,3,0,4,2,0,6,0,0,0,6
01/24/2023,IPT,PA,AEA,EN,Federal Contract Tower,0,2,4,1,7,0,11,25,1,37,0,13,29,2,44,0,0,0,44
01/25/2023,IPT,PA,AEA,EN,Federal Contract Tower,0,2,0,0,2,0,0,0,0,0,0,2,0,0,2,0,0,0,2
01/26/2023,IPT,PA,AEA,EN,Federal Contract Tower,0,2,5,0,7,0,0,0,0,0,0,2,5,0,7,0,0,0,7
01/27/2023,IPT,PA,AEA,EN,Federal Contract Tower,0,1,5,0,6,0,2,7,8,17,0,3,12,8,23,10,0,10,33
01/28/2023,IPT,PA,AEA,EN,Federal Contract Tower,0,1,8,0,9,0,7,26,0,33,0,8,34,0,42,6,0,6,48
01/29/2023,IPT,PA,AEA,EN,Federal Contract Tower,0,0,2,0,2,0,0,8,0,8,0,0,10,0,10,6,0,6,16
01/30/2023,IPT,PA,AEA,EN,Federal Contract Tower,0,1,3,0,4,0,5,2,0,7,0,6,5,0,11,0,0,0,11
01/31/2023,IPT,PA,AEA,EN,Federal Contract Tower,0,2,1,0,3,0,7,6,2,15,0,9,7,2,18,20,0,20,38
02/01/2023,IPT,PA,AEA,EN,Federal Contract Tower,0,1,7,0,8,0,5,26,3,34,0,6,33,3,42,4,0,4,46
02/02/2023,IPT,PA,AEA,EN,Federal Contract Tower,0,3,8,1,12,0,24,19,1,44,0,27,27,2,56,0,0,0,56
02/03/2023,IPT,PA,AEA,EN,Federal Contract Tower,0,6,2,0,8,0,1,3,2,6,0,7,5,2,14,0,0,0,14
02/04/2023,IPT,PA,AEA,EN,Federal Contract Tower,0,1,7,0,8,0,0,27,0,27,0,1,34,0,35,6,0,6,41
02/05/2023,IPT,PA,AEA,EN,Federal Contract Tower,0,0,3,0,3,0,7,14,2,23,0,7,17,2,26,10,0,10,36
02/06/2023,IPT,PA,AEA,EN,Federal Contract Tower,0,3,2,0,5,0,4,4,0,8,0,7,6,0,13,0,0,0,13
02/07/2023,IPT,PA,AEA,EN,Federal Contract Tower,0,2,2,0,4,0,0,25,2,27,0,2,27,2,31,8,0,8,39
02/08/2023,IPT,PA,AEA,EN,Federal Contract Tower,0,2,3,0,5,0,0,13,0,13,0,2,16,0,18,0,0,0,18
02/09/2023,IPT,PA,AEA,EN,Federal Contract Tower,0,4,3,0,7,0,1,10,0,11,0,5,13,0,18,10,0,10,28
02/10/2023,IPT,PA,AEA,EN,Federal Contract Tower,0,1,6,0,7,0,2,7,0,9,0,3,13,0,16,0,0,0,16
02/11/2023,IPT,PA,AEA,EN,Federal Contract Tower,0,1,2,0,3,0,3,24,0,27,0,4,26,0,30,14,0,14,44
02/12/2023,IPT,PA,AEA,EN,Federal Contract Tower,0,2,2,0,4,0,3,42,2,47,0,5,44,2,51,34,0,34,85
02/13/2023,IPT,PA,AEA,EN,Federal Contract Tower,0,1,5,0,6,0,4,28,0,32,0,5,33,0,38,0,0,0,38
02/14/2023,IPT,PA,AEA,EN,Federal Contract Tower,0,2,12,0,14,0,10,30,2,42,0,12,42,2,56,12,0,12,68
02/15/2023,IPT,PA,AEA,EN,Federal Contract Tower,0,2,4,0,6,0,4,6,2,12,0,6,10,2,18,0,0,0,18
02/16/2023,IPT,PA,AEA,EN,Federal Contract Tower,0,5,7,0,12,0,2,2,0,4,0,7,9,0,16,0,0,0,16
02/17/2023,IPT,PA,AEA,EN,Federal Contract Tower,0,3,3,0,6,0,0,3,0,3,0,3,6,0,9,0,0,0,9
02/18/2023,IPT,PA,AEA,EN,Federal Contract Tower,0,1,4,0,5,0,3,26,0,29,0,4,30,0,34,2,0,2,36
02/19/2023,IPT,PA,AEA,EN,Federal Contract Tower,0,0,4,0,4,0,2,13,0,15,0,2,17,0,19,0,0,0,19
02/20/2023,IPT,PA,AEA,EN,Federal Contract Tower,0,2,4,0,6,0,11,13,0,24,0,13,17,0,30,0,0,0,30
02/21/2023,IPT,PA,AEA,EN,Federal Contract Tower,0,4,8,0,12,0,0,1,0,1,0,4,9,0,13,0,0,0,13
02/22/2023,IPT,PA,AEA,EN,Federal Contract Tower,0,3,2,0,5,0,0,0,0,0,0,3,2,0,5,0,0,0,5
02/23/2023,IPT,PA,AEA,EN,Federal Contract Tower,0,2,5,0,7,0,15,5,0,20,0,17,10,0,27,8,0,8,35
02/24/2023,IPT,PA,AEA,EN,Federal Contract Tower,0,2,5,0,7,0,0,7,0,7,0,2,12,0,14,0,0,0,14
02/25/2023,IPT,PA,AEA,EN,Federal Contract Tower,0,2,1,0,3,0,3,6,0,9,0,5,7,0,12,0,0,0,12
02/26/2023,IPT,PA,AEA,EN,Federal Contract Tower,0,6,6,0,12,0,0,20,0,20,0,6,26,0,32,0,0,0,32
02/27/2023,IPT,PA,AEA,EN,Federal Contract Tower,0,0,5,0,5,0,3,18,0,21,0,3,23,0,26,8,0,8,34
02/28/2023,IPT,PA,AEA,EN,Federal Contract Tower,0,7,1,0,8,0,1,0,0,1,0,8,1,0,9,0,0,0,9
03/01/2023,IPT,PA,AEA,EN,Federal Contract Tower,0,3,11,0,14,0,2,9,0,11,0,5,20,0,25,0,0,0,25
03/02/2023,IPT,PA,AEA,EN,Federal Contract Tower,0,2,3,0,5,0,2,7,0,9,0,4,10,0,14,0,0,0,14
03/03/2023,IPT,PA,AEA,EN,Federal Contract Tower,0,3,1,0,4,0,1,2,0,3,0,4,3,0,7,0,0,0,7
03/04/2023,IPT,PA,AEA,EN,Federal Contract Tower,0,1,2,0,3,0,5,0,0,5,0,6,2,0,8,0,0,0,8
03/05/2023,IPT,PA,AEA,EN,Federal Contract Tower,0,1,7,0,8,0,4,17,0,21,0,5,24,0,29,14,0,14,43
03/06/2023,IPT,PA,AEA,EN,Federal Contract Tower,0,1,10,2,13,0,2,17,0,19,0,3,27,2,32,4,0,4,36
03/07/2023,IPT,PA,AEA,EN,Federal Contract Tower,0,1,7,0,8,0,5,7,0,12,0,6,14,0,20,0,0,0,20
03/08/2023,IPT,PA,AEA,EN,Federal Contract Tower,0,2,6,1,9,0,3,11,3,17,0,5,17,4,26,0,0,0,26
03/09/2023,IPT,PA,AEA,EN,Federal Contract Tower,0,1,8,1,10,0,3,20,9,32,0,4,28,10,42,14,0,14,56
03/10/2023,IPT,PA,AEA,EN,Federal Contract Tower,0,2,2,0,4,0,0,0,0,0,0,2,2,0,4,0,0,0,4
03/11/2023,IPT,PA,AEA,EN,Federal Contract Tower,0,1,3,0,4,0,3,1,0,4,0,4,4,0,8,0,0,0,8
03/12/2023,IPT,PA,AEA,EN,Federal Contract Tower,0,2,6,0,8,0,4,13,0,17,0,6,19,0,25,0,0,0,25
03/13/2023,IPT,PA,AEA,EN,Federal Contract Tower,0,1,5,0,6,0,0,0,1,1,0,1,5,1,7,0,0,0,7
03/14/2023,IPT,PA,AEA,EN,Federal Contract Tower,0,1,5,0,6,0,0,0,1,1,0,1,5,1,7,0,0,0,7
03/15/2023,IPT,PA,AEA,EN,Federal Contract Tower,0,2,5,0,7,0,6,4,0,10,0,8,9,0,17,4,0,4,21
03/16/2023,IPT,PA,AEA,EN,Federal Contract Tower,0,2,3,0,5,0,2,43,0,45,0,4,46,0,50,14,0,14,64
03/17/2023,IPT,PA,AEA,EN,Federal Contract Tower,0,4,11,0,15,0,0,1,0,1,0,4,12,0,16,0,0,0,16
03/18/2023,IPT,PA,AEA,EN,Federal Contract Tower,0,3,2,0,5,0,3,8,0,11,0,6,10,0,16,0,0,0,16
03/19/2023,IPT,PA,AEA,EN,Federal Contract Tower,0,0,6,0,6,0,2,11,0,13,0,2,17,0,19,0,2,2,21
03/20/2023,IPT,PA,AEA,EN,Federal Contract Tower,0,1,5,0,6,0,5,44,1,50,0,6,49,1,56,30,0,30,86
03/21/2023,IPT,PA,AEA,EN,Federal Contract Tower,0,3,2,0,5,0,2,30,4,36,0,5,32,4,41,6,2,8,49
03/22/2023,IPT,PA,AEA,EN,Federal Contract Tower,0,2,2,0,4,0,0,20,0,20,0,2,22,0,24,4,0,4,28
03/23/2023,IPT,PA,AEA,EN,Federal Contract Tower,0,4,2,0,6,0,0,4,0,4,0,4,6,0,10,0,0,0,10
03/24/2023,IPT,PA,AEA,EN,Federal Contract Tower,0,2,20,0,22,0,1,29,0,30,0,3,49,0,52,0,0,0,52
03/25/2023,IPT,PA,AEA,EN,Federal Contract Tower,0,1,3,0,4,0,0,2,0,2,0,1,5,0,6,0,0,0,6
03/26/2023,IPT,PA,AEA,EN,Federal Contract Tower,0,0,11,0,11,0,2,18,0,20,0,2,29,0,31,16,0,16,47
03/27/2023,IPT,PA,AEA,EN,Federal Contract Tower,0,1,2,0,3,0,2,1,0,3,0,3,3,0,6,0,0,0,6
03/28/2023,IPT,PA,AEA,EN,Federal Contract Tower,0,2,10,0,12,0,5,14,0,19,0,7,24,0,31,0,0,0,31
03/29/2023,IPT,PA,AEA,EN,Federal Contract Tower,0,1,6,0,7,0,8,17,0,25,0,9,23,0,32,32,0,32,64
03/30/2023,IPT,PA,AEA,EN,Federal Contract Tower,0,2,14,0,16,0,2,16,0,18,0,4,30,0,34,2,0,2,36
03/31/2023,IPT,PA,AEA,EN,Federal Contract Tower,0,3,2,0,5,0,1,1,0,2,0,4,3,0,7,0,0,0,7
04/01/2023,IPT,PA,AEA,EN,Federal Contract Tower,0,1,2,0,3,0,1,7,0,8,0,2,9,0,11,14,0,14,25
04/02/2023,IPT,PA,AEA,EN,Federal Contract Tower,0,1,11,0,12,0,7,22,0,29,0,8,33,0,41,32,0,32,73
04/03/2023,IPT,PA,AEA,EN,Federal Contract Tower,0,4,4,0,8,0,5,6,0,11,0,9,10,0,19,2,0,2,21
04/04/2023,IPT,PA,AEA,EN,Federal Contract Tower,0,4,4,3,11,0,3,26,3,32,0,7,30,6,43,0,0,0,43
04/05/2023,IPT,PA,AEA,EN,Federal Contract Tower,0,2,2,0,4,0,3,2,0,5,0,5,4,0,9,0,0,0,9
04/06/2023,IPT,PA,AEA,EN,Federal Contract Tower,0,2,6,0,8,0,0,6,0,6,0,2,12,0,14,6,0,6,20
04/07/2023,IPT,PA,AEA,EN,Federal Contract Tower,0,4,3,0,7,0,0,29,0,29,0,4,32,0,36,12,0,12,48
04/08/2023,IPT,PA,AEA,EN,Federal Contract Tower,0,3,1,0,4,0,2,48,0,50,0,5,49,0,54,78,0,78,132
04/09/2023,IPT,PA,AEA,EN,Federal Contract Tower,0,0,2,0,2,0,2,38,3,43,0,2,40,3,45,30,0,30,75
04/10/2023,IPT,PA,AEA,EN,Federal Contract Tower,0,3,8,2,13,0,5,41,0,46,0,8,49,2,59,14,0,14,73
04/11/2023,IPT,PA,AEA,EN,Federal Contract Tower,0,2,7,1,10,0,5,25,17,47,0,7,32,18,57,2,0,2,59
04/12/2023,IPT,PA,AEA,EN,Federal Contract Tower,0,4,1,0,5,0,5,20,1,26,0,9,21,1,31,0,0,0,31
04/13/2023,IPT,PA,AEA,EN,Federal Contract Tower,0,9,6,0,15,0,3,27,0,30,0,12,33,0,45,4,0,4,49
04/14/2023,IPT,PA,AEA,EN,Federal Contract Tower,0,4,9,0,13,0,2,45,0,47,0,6,54,0,60,26,0,26,86
04/15/2023,IPT,PA,AEA,EN,Federal Contract Tower,0,1,4,0,5,0,2,8,0,10,0,3,12,0,15,20,0,20,35
04/16/2023,IPT,PA,AEA,EN,Federal Contract Tower,0,0,7,0,7,0,5,23,0,28,0,5,30,0,35,0,0,0,35
04/17/2023,IPT,PA,AEA,EN,Federal Contract Tower,0,1,2,0,3,0,8,0,0,8,0,9,2,0,11,0,0,0,11
04/18/2023,IPT,PA,AEA,EN,Federal Contract Tower,0,6,11,0,17,0,4,5,0,9,0,10,16,0,26,0,0,0,26
04/19/2023,IPT,PA,AEA,EN,Federal Contract Tower,0,2,2,0,4,0,6,22,0,28,0,8,24,0,32,4,0,4,36
04/20/2023,IPT,PA,AEA,EN,Federal Contract Tower,0,4,5,1,10,0,6,32,1,39,0,10,37,2,49,0,0,0,49
04/21/2023,IPT,PA,AEA,EN,Federal Contract Tower,0,4,9,0,13,0,8,18,2,28,0,12,27,2,41,12,0,12,53
04/22/2023,IPT,PA,AEA,EN,Federal Contract Tower,0,1,1,0,2,0,3,4,0,7,0,4,5,0,9,0,0,0,9
04/23/2023,IPT,PA,AEA,EN,Federal Contract Tower,0,0,3,0,3,0,8,23,0,31,0,8,26,0,34,10,0,10,44
04/24/2023,IPT,PA,AEA,EN,Federal Contract Tower,0,1,7,0,8,0,4,14,2,20,0,5,21,2,28,0,0,0,28
04/25/2023,IPT,PA,AEA,EN,Federal Contract Tower,0,4,9,0,13,0,11,24,2,37,0,15,33,2,50,10,0,10,60
04/26/2023,IPT,PA,AEA,EN,Federal Contract Tower,0,2,3,0,5,0,8,17,0,25,0,10,20,0,30,14,0,14,44
04/27/2023,IPT,PA,AEA,EN,Federal Contract Tower,0,1,17,0,18,0,3,29,2,34,0,4,46,2,52,16,0,16,68
04/28/2023,IPT,PA,AEA,EN,Federal Contract Tower,0,5,6,0,11,0,0,1,1,2,0,5,7,1,13,0,0,0,13
04/29/2023,IPT,PA,AEA,EN,Federal Contract Tower,0,5,0,0,5,0,0,1,0,1,0,5,1,0,6,0,0,0,6
04/30/2023,IPT,PA,AEA,EN,Federal Contract Tower,0,0,2,0,2,0,0,0,0,0,0,0,2,0,2,0,0,0,2
05/01/2023,IPT,PA,AEA,EN,Federal Contract Tower,0,1,3,0,4,0,0,1,0,1,0,1,4,0,5,0,0,0,5
05/02/2023,IPT,PA,AEA,EN,Federal Contract Tower,0,2,6,0,8,0,0,0,0,0,0,2,6,0,8,0,0,0,8
05/03/2023,IPT,PA,AEA,EN,Federal Contract Tower,0,2,5,0,7,0,0,4,0,4,0,2,9,0,11,0,0,0,11
05/04/2023,IPT,PA,AEA,EN,Federal Contract Tower,0,1,9,0,10,0,2,6,1,9,0,3,15,1,19,0,0,0,19
05/05/2023,IPT,PA,AEA,EN,Federal Contract Tower,0,2,11,2,15,0,7,18,0,25,0,9,29,2,40,0,0,0,40
05/06/2023,IPT,PA,AEA,EN,Federal Contract Tower,0,1,10,0,11,0,3,33,0,36,0,4,43,0,47,8,0,8,55
05/07/2023,IPT,PA,AEA,EN,Federal Contract Tower,0,0,7,0,7,0,0,25,2,27,0,0,32,2,34,0,0,0,34
05/08/2023,IPT,PA,AEA,EN,Federal Contract Tower,0,0,13,0,13,0,4,36,0,40,0,4,49,0,53,2,0,2,55
05/09/2023,IPT,PA,AEA,EN,Federal Contract Tower,0,8,16,0,24,0,3,20,0,23,0,11,36,0,47,6,0,6,53
05/10/2023,IPT,PA,AEA,EN,Federal Contract Tower,0,2,7,0,9,0,1,20,0,21,0,3,27,0,30,12,0,12,42
05/11/2023,IPT,PA,AEA,EN,Federal Contract Tower,0,4,12,0,16,0,2,19,0,21,0,6,31,0,37,0,0,0,37
05/12/2023,IPT,PA,AEA,EN,Federal Contract Tower,0,6,4,0,10,0,6,17,1,24,0,12,21,1,34,8,0,8,42
05/13/2023,IPT,PA,AEA,EN,Federal Contract Tower,0,2,6,0,8,0,2,10,0,12,0,4,16,0,20,2,0,2,22
05/14/2023,IPT,PA,AEA,EN,Federal Contract Tower,0,2,7,0,9,0,4,29,0,33,0,6,36,0,42,0,0,0,42
05/15/2023,IPT,PA,AEA,EN,Federal Contract Tower,0,5,6,1,12,0,5,35,1,41,0,10,41,2,53,10,0,10,63
05/16/2023,IPT,PA,AEA,EN,Federal Contract Tower,0,2,6,0,8,0,17,22,0,39,0,19,28,0,47,0,0,0,47
05/17/2023,IPT,PA,AEA,EN,Federal Contract Tower,0,1,5,2,8,0,4,18,2,24,0,5,23,4,32,0,0,0,32
05/18/2023,IPT,PA,AEA,EN,Federal Contract Tower,0,2,14,0,16,0,4,32,0,36,0,6,46,0,52,34,0,34,86
05/19/2023,IPT,PA,AEA,EN,Federal Contract Tower,0,2,10,0,12,0,2,20,0,22,0,4,30,0,34,6,0,6,40
05/20/2023,IPT,PA,AEA,EN,Federal Contract Tower,0,1,7,0,8,0,3,2,0,5,0,4,9,0,13,6,0,6,19
05/21/2023,IPT,PA,AEA,EN,Federal Contract Tower,0,0,0,0,0,0,11,16,0,27,0,11,16,0,27,0,0,0,27
05/22/2023,IPT,PA,AEA,EN,Federal Contract Tower,0,1,5,0,6,0,9,27,0,36,0,10,32,0,42,28,0,28,70
05/23/2023,IPT,PA,AEA,EN,Federal Contract Tower,0,2,12,0,14,0,4,29,0,33,0,6,41,0,47,0,0,0,47
05/24/2023,IPT,PA,AEA,EN,Federal Contract Tower,0,2,7,0,9,0,6,27,2,35,0,8,34,2,44,0,0,0,44
05/25/2023,IPT,PA,AEA,EN,Federal Contract Tower,0,2,3,0,5,0,3,24,0,27,0,5,27,0,32,6,0,6,38
05/26/2023,IPT,PA,AEA,EN,Federal Contract Tower,0,1,0,0,1,0,5,40,0,45,0,6,40,0,46,12,0,12,58
05/27/2023,IPT,PA,AEA,EN,Federal Contract Tower,0,2,3,0,5,0,2,27,0,29,0,4,30,0,34,24,0,24,58
05/28/2023,IPT,PA,AEA,EN,Federal Contract Tower,0,0,0,0,0,0,10,38,0,48,0,10,38,0,48,12,0,12,60
05/29/2023,IPT,PA,AEA,EN,Federal Contract Tower,0,0,1,0,1,0,5,45,0,50,0,5,46,0,51,10,0,10,61
05/30/2023,IPT,PA,AEA,EN,Federal Contract Tower,0,0,6,0,6,0,2,38,0,40,0,2,44,0,46,4,0,4,50
05/31/2023,IPT,PA,AEA,EN,Federal Contract Tower,0,4,11,0,15,0,0,25,0,25,0,4,36,0,40,14,0,14,54
06/01/2023,IPT,PA,AEA,EN,Federal Contract Tower,0,1,10,0,11,0,2,52,0,54,0,3,62,0,65,16,0,16,81
06/02/2023,IPT,PA,AEA,EN,Federal Contract Tower,0,0,8,1,9,0,0,58,0,58,0,0,66,1,67,12,0,12,79
06/03/2023,IPT,PA,AEA,EN,Federal Contract Tower,0,2,2,0,4,0,2,45,0,47,0,4,47,0,51,14,0,14,65
06/04/2023,IPT,PA,AEA,EN,Federal Contract Tower,0,3,9,0,12,0,4,55,0,59,0,7,64,0,71,4,0,4,75
06/05/2023,IPT,PA,AEA,EN,Federal Contract Tower,0,2,5,0,7,0,0,46,0,46,0,2,51,0,53,18,0,18,71
06/06/2023,IPT,PA,AEA,EN,Federal Contract Tower,0,0,13,0,13,0,4,34,0,38,0,4,47,0,51,2,0,2,53
06/07/2023,IPT,PA,AEA,EN,Federal Contract Tower,0,2,5,2,9,0,0,3,0,3,0,2,8,2,12,0,0,0,12
06/08/2023,IPT,PA,AEA,EN,Federal Contract Tower,0,1,16,0,17,0,5,18,0,23,0,6,34,0,40,0,0,0,40
06/09/2023,IPT,PA,AEA,EN,Federal Contract Tower,0,1,9,0,10,4,22,0,0,26,4,23,9,0,36,14,0,14,50
06/10/2023,IPT,PA,AEA,EN,Federal Contract Tower,0,2,3,0,5,0,7,17,2,26,0,9,20,2,31,24,0,24,55
06/11/2023,IPT,PA,AEA,EN,Federal Contract Tower,0,2,6,0,8,0,9,29,0,38,0,11,35,0,46,6,0,6,52
06/12/2023,IPT,PA,AEA,EN,Federal Contract Tower,0,0,2,0,2,0,5,0,0,5,0,5,2,0,7,0,0,0,7
06/13/2023,IPT,PA,AEA,EN,Federal Contract Tower,0,2,8,0,10,0,5,32,0,37,0,7,40,0,47,32,0,32,79
06/15/2023,IPT,PA,AEA,EN,Federal Contract Tower,0,1,8,0,9,0,5,31,0,36,0,6,39,0,45,2,0,2,47
06/16/2023,IPT,PA,AEA,EN,Federal Contract Tower,0,3,4,0,7,0,1,4,0,5,0,4,8,0,12,0,0,0,12
06/17/2023,IPT,PA,AEA,EN,Federal Contract Tower,0,0,11,0,11,0,4,19,0,23,0,4,30,0,34,6,0,6,40
06/18/2023,IPT,PA,AEA,EN,Federal Contract Tower,0,0,6,0,6,0,4,32,0,36,0,4,38,0,42,18,0,18,60
06/19/2023,IPT,PA,AEA,EN,Federal Contract Tower,0,2,7,0,9,0,6,34,0,40,0,8,41,0,49,16,0,16,65
06/20/2023,IPT,PA,AEA,EN,Federal Contract Tower,0,1,10,0,11,0,11,33,0,44,0,12,43,0,55,8,0,8,63
06/21/2023,IPT,PA,AEA,EN,Federal Contract Tower,0,2,5,0,7,0,6,36,0,42,0,8,41,0,49,4,0,4,53
06/22/2023,IPT,PA,AEA,EN,Federal Contract Tower,0,2,8,0,10,0,4,3,0,7,0,6,11,0,17,0,0,0,17
06/23/2023,IPT,PA,AEA,EN,Federal Contract Tower,0,2,5,2,9,0,0,1,0,1,0,2,6,2,10,0,0,0,10
06/24/2023,IPT,PA,AEA,EN,Federal Contract Tower,0,0,7,0,7,0,2,12,0,14,0,2,19,0,21,0,0,0,21
06/25/2023,IPT,PA,AEA,EN,Federal Contract Tower,0,0,3,0,3,0,13,18,0,31,0,13,21,0,34,0,0,0,34
06/26/2023,IPT,PA,AEA,EN,Federal Contract Tower,0,0,5,0,5,0,0,0,0,0,0,0,5,0,5,0,0,0,5
06/27/2023,IPT,PA,AEA,EN,Federal Contract Tower,0,2,3,0,5,0,0,2,0,2,0,2,5,0,7,0,0,0,7
06/28/2023,IPT,PA,AEA,EN,Federal Contract Tower,0,0,10,2,12,0,2,5,0,7,0,2,15,2,19,20,0,20,39
06/29/2023,IPT,PA,AEA,EN,Federal Contract Tower,0,1,24,0,25,0,0,6,0,6,0,1,30,0,31,8,0,8,39
06/30/2023,IPT,PA,AEA,EN,Federal Contract Tower,0,2,4,0,6,0,2,4,0,6,0,4,8,0,12,0,0,0,12
07/01/2023,IPT,PA,AEA,EN,Federal Contract Tower,0,1,2,0,3,0,1,7,0,8,0,2,9,0,11,0,0,0,11
07/02/2023,IPT,PA,AEA,EN,Federal Contract Tower,0,0,1,0,1,0,0,4,0,4,0,0,5,0,5,0,0,0,5
07/03/2023,IPT,PA,AEA,EN,Federal Contract Tower,0,2,3,0,5,0,4,3,0,7,0,6,6,0,12,0,0,0,12
07/04/2023,IPT,PA,AEA,EN,Federal Contract Tower,0,0,3,0,3,0,7,25,0,32,0,7,28,0,35,4,0,4,39
07/05/2023,IPT,PA,AEA,EN,Federal Contract Tower,0,1,9,1,11,0,0,38,1,39,0,1,47,2,50,6,12,18,68
07/06/2023,IPT,PA,AEA,EN,Federal Contract Tower,0,0,1,0,1,0,4,22,0,26,0,4,23,0,27,4,0,4,31
07/07/2023,IPT,PA,AEA,EN,Federal Contract Tower,0,3,1,0,4,0,0,6,0,6,0,3,7,0,10,0,0,0,10
07/08/2023,IPT,PA,AEA,EN,Federal Contract Tower,0,0,7,0,7,0,7,35,0,42,0,7,42,0,49,16,2,18,67
07/09/2023,IPT,PA,AEA,EN,Federal Contract Tower,0,0,6,0,6,0,0,0,0,0,0,0,6,0,6,0,0,0,6
07/10/2023,IPT,PA,AEA,EN,Federal Contract Tower,0,0,7,0,7,0,2,28,0,30,0,2,35,0,37,0,0,0,37
07/11/2023,IPT,PA,AEA,EN,Federal Contract Tower,0,0,8,1,9,0,2,41,2,45,0,2,49,3,54,0,8,8,62
07/12/2023,IPT,PA,AEA,EN,Federal Contract Tower,0,0,13,0,13,0,2,26,0,28,0,2,39,0,41,0,0,0,41
07/13/2023,IPT,PA,AEA,EN,Federal Contract Tower,0,2,4,0,6,0,3,26,0,29,0,5,30,0,35,0,0,0,35
07/14/2023,IPT,PA,AEA,EN,Federal Contract Tower,0,3,13,0,16,0,2,7,0,9,0,5,20,0,25,0,0,0,25
07/15/2023,IPT,PA,AEA,EN,Federal Contract Tower,0,0,4,0,4,0,0,17,0,17,0,0,21,0,21,32,0,32,53
07/16/2023,IPT,PA,AEA,EN,Federal Contract Tower,0,1,3,0,4,0,5,23,0,28,0,6,26,0,32,4,0,4,36
07/17/2023,IPT,PA,AEA,EN,Federal Contract Tower,0,2,9,0,11,0,0,31,0,31,0,2,40,0,42,0,0,0,42
07/18/2023,IPT,PA,AEA,EN,Federal Contract Tower,0,0,6,0,6,0,3,15,0,18,0,3,21,0,24,0,0,0,24
07/19/2023,IPT,PA,AEA,EN,Federal Contract Tower,0,0,6,0,6,0,3,33,0,36,0,3,39,0,42,0,0,0,42
07/20/2023,IPT,PA,AEA,EN,Federal Contract Tower,0,0,3,0,3,0,6,25,0,31,0,6,28,0,34,4,0,4,38
07/21/2023,IPT,PA,AEA,EN,Federal Contract Tower,0,0,9,0,9,0,2,9,0,11,0,2,18,0,20,10,0,10,30
07/22/2023,IPT,PA,AEA,EN,Federal Contract Tower,0,0,4,0,4,0,5,32,0,37,0,5,36,0,41,16,0,16,57
07/23/2023,IPT,PA,AEA,EN,Federal Contract Tower,0,1,8,0,9,0,2,29,0,31,0,3,37,0,40,0,0,0,40
07/24/2023,IPT,PA,AEA,EN,Federal Contract Tower,0,0,3,2,5,0,3,15,0,18,0,3,18,2,23,4,0,4,27
07/25/2023,IPT,PA,AEA,EN,Federal Contract Tower,0,0,10,0,10,0,0,9,0,9,0,0,19,0,19,2,2,4,23
07/26/2023,IPT,PA,AEA,EN,Federal Contract Tower,0,3,8,0,11,0,0,30,0,30,0,3,38,0,41,4,0,4,45
07/27/2023,IPT,PA,AEA,EN,Federal Contract Tower,0,9,5,0,14,0,4,12,0,16,0,13,17,0,30,0,0,0,30
07/28/2023,IPT,PA,AEA,EN,Federal Contract Tower,0,0,6,0,6,0,1,20,0,21,0,1,26,0,27,4,0,4,31
07/29/2023,IPT,PA,AEA,EN,Federal Contract Tower,0,0,7,0,7,0,2,5,0,7,0,2,12,0,14,0,0,0,14
07/30/2023,IPT,PA,AEA,EN,Federal Contract Tower,0,0,14,0,14,0,3,27,0,30,0,3,41,0,44,2,0,2,46
07/31/2023,IPT,PA,AEA,EN,Federal Contract Tower,0,0,7,0,7,0,2,27,0,29,0,2,34,0,36,6,0,6,42
08/01/2023,IPT,PA,AEA,EN,Federal Contract Tower,0,0,12,0,12,0,0,27,0,27,0,0,39,0,39,8,0,8,47
08/02/2023,IPT,PA,AEA,EN,Federal Contract Tower,0,0,4,1,5,0,1,43,0,44,0,1,47,1,49,30,0,30,79
08/03/2023,IPT,PA,AEA,EN,Federal Contract Tower,0,0,12,0,12,0,2,23,0,25,0,2,35,0,37,2,0,2,39
08/04/2023,IPT,PA,AEA,EN,Federal Contract Tower,0,0,1,0,1,0,3,13,0,16,0,3,14,0,17,0,0,0,17
08/05/2023,IPT,PA,AEA,EN,Federal Contract Tower,0,0,3,0,3,0,8,16,0,24,0,8,19,0,27,20,0,20,47
08/06/2023,IPT,PA,AEA,EN,Federal Contract Tower,0,0,5,0,5,0,3,19,0,22,0,3,24,0,27,16,0,16,43
08/07/2023,IPT,PA,AEA,EN,Federal Contract Tower,0,0,1,0,1,0,0,0,0,0,0,0,1,0,1,0,0,0,1
08/08/2023,IPT,PA,AEA,EN,Federal Contract Tower,0,0,4,0,4,0,5,11,0,16,0,5,15,0,20,0,0,0,20
08/09/2023,IPT,PA,AEA,EN,Federal Contract Tower,0,1,12,0,13,0,7,29,0,36,0,8,41,0,49,12,0,12,61
08/10/2023,IPT,PA,AEA,EN,Federal Contract Tower,0,0,6,0,6,0,2,5,0,7,0,2,11,0,13,0,0,0,13
08/11/2023,IPT,PA,AEA,EN,Federal Contract Tower,0,3,11,1,15,0,4,22,4,30,0,7,33,5,45,12,0,12,57
08/12/2023,IPT,PA,AEA,EN,Federal Contract Tower,0,3,2,0,5,0,0,9,0,9,0,3,11,0,14,10,0,10,24
08/13/2023,IPT,PA,AEA,EN,Federal Contract Tower,0,1,7,0,8,0,10,28,0,38,0,11,35,0,46,28,0,28,74
08/14/2023,IPT,PA,AEA,EN,Federal Contract Tower,0,0,9,0,9,0,6,13,2,21,0,6,22,2,30,0,0,0,30
08/15/2023,IPT,PA,AEA,EN,Federal Contract Tower,0,0,11,0,11,0,2,4,0,6,0,2,15,0,17,0,0,0,17
08/16/2023,IPT,PA,AEA,EN,Federal Contract Tower,0,1,16,3,20,0,1,13,7,21,0,2,29,10,41,0,0,0,41
08/17/2023,IPT,PA,AEA,EN,Federal Contract Tower,0,2,10,0,12,0,0,2,0,2,0,2,12,0,14,0,0,0,14
08/18/2023,IPT,PA,AEA,EN,Federal Contract Tower,0,2,6,0,8,0,6,19,0,25,0,8,25,0,33,0,0,0,33
08/19/2023,IPT,PA,AEA,EN,Federal Contract Tower,0,6,8,0,14,0,4,27,0,31,0,10,35,0,45,6,0,6,51
08/20/2023,IPT,PA,AEA,EN,Federal Contract Tower,2,2,4,0,8,0,0,30,0,30,2,2,34,0,38,0,0,0,38
08/21/2023,IPT,PA,AEA,EN,Federal Contract Tower,0,0,9,0,9,0,6,36,0,42,0,6,45,0,51,28,0,28,79
08/22/2023,IPT,PA,AEA,EN,Federal Contract Tower,0,0,5,0,5,0,9,27,2,38,0,9,32,2,43,20,0,20,63
08/23/2023,IPT,PA,AEA,EN,Federal Contract Tower,0,2,7,0,9,0,1,16,0,17,0,3,23,0,26,10,0,10,36
08/24/2023,IPT,PA,AEA,EN,Federal Contract Tower,0,0,6,0,6,0,2,1,0,3,0,2,7,0,9,0,0,0,9
08/25/2023,IPT,PA,AEA,EN,Federal Contract Tower,0,0,8,0,8,0,6,3,0,9,0,6,11,0,17,0,0,0,17
08/26/2023,IPT,PA,AEA,EN,Federal Contract Tower,0,3,11,0,14,0,1,25,0,26,0,4,36,0,40,10,0,10,50
08/27/2023,IPT,PA,AEA,EN,Federal Contract Tower,0,4,11,0,15,0,8,30,5,43,0,12,41,5,58,0,0,0,58
08/28/2023,IPT,PA,AEA,EN,Federal Contract Tower,0,0,15,0,15,0,4,11,0,15,0,4,26,0,30,18,0,18,48
08/29/2023,IPT,PA,AEA,EN,Federal Contract Tower,0,4,10,0,14,0,4,8,0,12,0,8,18,0,26,12,0,12,38
08/30/2023,IPT,PA,AEA,EN,Federal Contract Tower,0,0,9,0,9,0,4,17,0,21,0,4,26,0,30,0,0,0,30
08/31/2023,IPT,PA,AEA,EN,Federal Contract Tower,0,0,9,0,9,0,5,21,0,26,0,5,30,0,35,1,0,1,36
