01/01/2020,ISM,FL,ASO,ES,Federal Contract Tower,0,22,42,0,64,0,2,79,0,81,0,24,121,0,145,46,0,46,191
01/02/2020,ISM,FL,ASO,ES,Federal Contract Tower,0,9,88,0,97,0,6,149,0,155,0,15,237,0,252,150,0,150,402
01/03/2020,ISM,FL,ASO,ES,Federal Contract Tower,0,10,82,0,92,0,3,84,0,87,0,13,166,0,179,170,0,170,349
01/04/2020,ISM,FL,ASO,ES,Federal Contract Tower,0,10,60,0,70,0,3,38,0,41,0,13,98,0,111,16,0,16,127
01/05/2020,ISM,FL,ASO,ES,Federal Contract Tower,0,17,87,0,104,0,1,119,0,120,0,18,206,0,224,88,0,88,312
01/06/2020,ISM,FL,ASO,ES,Federal Contract Tower,0,14,118,0,132,0,0,161,0,161,0,14,279,0,293,200,0,200,493
01/07/2020,ISM,FL,ASO,ES,Federal Contract Tower,0,4,92,0,96,0,3,173,0,176,0,7,265,0,272,174,0,174,446
01/08/2020,ISM,FL,ASO,ES,Federal Contract Tower,0,4,93,0,97,0,2,181,0,183,0,6,274,0,280,266,0,266,546
01/09/2020,ISM,FL,ASO,ES,Federal Contract Tower,0,12,106,0,118,0,2,101,0,103,0,14,207,0,221,66,0,66,287
01/10/2020,ISM,FL,ASO,ES,Federal Contract Tower,0,16,104,0,120,0,10,169,0,179,0,26,273,0,299,256,0,256,555
01/11/2020,ISM,FL,ASO,ES,Federal Contract Tower,0,4,73,0,77,0,0,57,0,57,0,4,130,0,134,93,0,93,227
01/12/2020,ISM,FL,ASO,ES,Federal Contract Tower,0,18,120,0,138,0,8,78,0,86,0,26,198,0,224,78,0,78,302
01/13/2020,ISM,FL,ASO,ES,Federal Contract Tower,0,12,106,0,118,0,4,182,0,186,0,16,288,0,304,244,0,244,548
01/14/2020,ISM,FL,ASO,ES,Federal Contract Tower,0,11,104,0,115,0,4,129,0,133,0,15,233,0,248,130,0,130,378
01/15/2020,ISM,FL,ASO,ES,Federal Contract Tower,0,15,111,0,126,0,2,98,0,100,0,17,209,0,226,98,0,98,324
01/16/2020,ISM,FL,ASO,ES,Federal Contract Tower,0,7,62,0,69,0,2,118,0,120,0,9,180,0,189,162,0,162,351
01/17/2020,ISM,FL,ASO,ES,Federal Contract Tower,0,15,94,0,109,0,3,115,0,118,0,18,209,0,227,92,0,92,319
01/18/2020,ISM,FL,ASO,ES,Federal Contract Tower,0,18,59,0,77,0,7,110,0,117,0,25,169,0,194,166,0,166,360
01/19/2020,ISM,FL,ASO,ES,Federal Contract Tower,0,12,42,0,54,0,2,59,0,61,0,14,101,0,115,34,0,34,149
01/20/2020,ISM,FL,ASO,ES,Federal Contract Tower,0,13,105,0,118,0,0,146,0,146,0,13,251,0,264,172,0,172,436
01/21/2020,ISM,FL,ASO,ES,Federal Contract Tower,0,12,112,0,124,0,0,132,0,132,0,12,244,0,256,106,0,106,362
01/22/2020,ISM,FL,ASO,ES,Federal Contract Tower,0,11,102,0,113,0,3,73,0,76,0,14,175,0,189,124,0,124,313
01/23/2020,ISM,FL,ASO,ES,Federal Contract Tower,0,17,119,0,136,0,2,37,0,39,0,19,156,0,175,18,0,18,193
01/24/2020,ISM,FL,ASO,ES,Federal Contract Tower,0,6,123,4,133,0,2,199,0,201,0,8,322,4,334,374,0,374,708
01/25/2020,ISM,FL,ASO,ES,Federal Contract Tower,0,8,87,0,95,0,2,246,0,248,0,10,333,0,343,256,0,256,599
01/26/2020,ISM,FL,ASO,ES,Federal Contract Tower,0,10,69,0,79,0,2,107,0,109,0,12,176,0,188,112,0,112,300
01/27/2020,ISM,FL,ASO,ES,Federal Contract Tower,0,19,88,0,107,0,2,145,0,147,0,21,233,0,254,198,0,198,452
01/28/2020,ISM,FL,ASO,ES,Federal Contract Tower,0,9,77,0,86,0,6,185,0,191,0,15,262,0,277,192,0,192,469
01/29/2020,ISM,FL,ASO,ES,Federal Contract Tower,0,10,96,6,112,0,6,128,0,134,0,16,224,6,246,216,0,216,462
01/30/2020,ISM,FL,ASO,ES,Federal Contract Tower,0,19,105,0,124,0,0,88,0,88,0,19,193,0,212,166,6,172,384
01/31/2020,ISM,FL,ASO,ES,Federal Contract Tower,0,14,94,0,108,0,3,138,0,141,0,17,232,0,249,190,0,190,439
02/01/2020,ISM,FL,ASO,ES,Federal Contract Tower,0,7,34,0,41,0,0,13,0,13,0,7,47,0,54,0,0,0,54
02/02/2020,ISM,FL,ASO,ES,Federal Contract Tower,0,15,79,0,94,0,0,72,0,72,0,15,151,0,166,54,0,54,220
02/03/2020,ISM,FL,ASO,ES,Federal Contract Tower,0,14,97,0,111,0,2,157,0,159,0,16,254,0,270,208,0,208,478
02/04/2020,ISM,FL,ASO,ES,Federal Contract Tower,0,16,114,0,130,0,8,201,0,209,0,24,315,0,339,170,0,170,509
02/05/2020,ISM,FL,ASO,ES,Federal Contract Tower,0,12,121,0,133,0,4,171,0,175,0,16,292,0,308,252,0,252,560
02/06/2020,ISM,FL,ASO,ES,Federal Contract Tower,0,15,52,0,67,0,4,28,0,32,0,19,80,0,99,24,0,24,123
02/07/2020,ISM,FL,ASO,ES,Federal Contract Tower,0,14,84,0,98,0,3,102,0,105,0,17,186,0,203,72,0,72,275
02/08/2020,ISM,FL,ASO,ES,Federal Contract Tower,0,7,96,0,103,0,3,170,0,173,0,10,266,0,276,210,0,210,486
02/09/2020,ISM,FL,ASO,ES,Federal Contract Tower,0,13,100,0,113,0,4,88,0,92,0,17,188,0,205,66,0,66,271
02/10/2020,ISM,FL,ASO,ES,Federal Contract Tower,0,13,114,0,127,0,10,131,0,141,0,23,245,0,268,236,0,236,504
02/11/2020,ISM,FL,ASO,ES,Federal Contract Tower,0,6,118,0,124,0,6,165,0,171,0,12,283,0,295,132,0,132,427
02/12/2020,ISM,FL,ASO,ES,Federal Contract Tower,0,9,122,0,131,0,3,145,0,148,0,12,267,0,279,132,0,132,411
02/13/2020,ISM,FL,ASO,ES,Federal Contract Tower,0,25,106,0,131,0,3,91,0,94,0,28,197,0,225,176,0,176,401
02/14/2020,ISM,FL,ASO,ES,Federal Contract Tower,0,24,97,0,121,0,0,49,0,49,0,24,146,0,170,38,0,38,208
02/15/2020,ISM,FL,ASO,ES,Federal Contract Tower,0,10,104,0,114,0,1,127,0,128,0,11,231,0,242,158,0,158,400
02/16/2020,ISM,FL,ASO,ES,Federal Contract Tower,0,12,96,0,108,0,4,70,0,74,0,16,166,0,182,96,0,96,278
02/17/2020,ISM,FL,ASO,ES,Federal Contract Tower,0,25,124,0,149,0,8,123,0,131,0,33,247,0,280,164,0,164,444
02/18/2020,ISM,FL,ASO,ES,Federal Contract Tower,0,17,124,0,141,0,6,191,0,197,0,23,315,0,338,200,0,200,538
02/19/2020,ISM,FL,ASO,ES,Federal Contract Tower,0,16,86,0,102,0,3,183,0,186,0,19,269,0,288,344,0,344,632
02/20/2020,ISM,FL,ASO,ES,Federal Contract Tower,0,11,111,0,122,0,2,85,0,87,0,13,196,0,209,118,0,118,327
02/21/2020,ISM,FL,ASO,ES,Federal Contract Tower,0,15,66,0,81,0,0,24,0,24,0,15,90,0,105,6,0,6,111
02/22/2020,ISM,FL,ASO,ES,Federal Contract Tower,0,13,60,0,73,0,6,182,0,188,0,19,242,0,261,130,0,130,391
02/23/2020,ISM,FL,ASO,ES,Federal Contract Tower,0,26,82,0,108,0,4,88,0,92,0,30,170,0,200,156,0,156,356
02/24/2020,ISM,FL,ASO,ES,Federal Contract Tower,0,12,105,0,117,0,8,158,0,166,0,20,263,0,283,218,0,218,501
02/25/2020,ISM,FL,ASO,ES,Federal Contract Tower,0,11,68,0,79,0,2,161,0,163,0,13,229,0,242,166,0,166,408
02/26/2020,ISM,FL,ASO,ES,Federal Contract Tower,0,15,67,0,82,0,6,87,0,93,0,21,154,0,175,238,0,238,413
02/27/2020,ISM,FL,ASO,ES,Federal Contract Tower,0,14,112,0,126,0,9,234,0,243,0,23,346,0,369,372,0,372,741
02/28/2020,ISM,FL,ASO,ES,Federal Contract Tower,0,13,98,0,111,0,3,182,0,185,0,16,280,0,296,198,0,198,494
02/29/2020,ISM,FL,ASO,ES,Federal Contract Tower,0,7,93,0,100,0,4,151,0,155,0,11,244,0,255,164,0,164,419
03/01/2020,ISM,FL,ASO,ES,Federal Contract Tower,0,8,92,0,100,0,8,78,0,86,0,16,170,0,186,88,0,88,274
03/02/2020,ISM,FL,ASO,ES,Federal Contract Tower,0,12,125,0,137,0,10,171,0,181,0,22,296,0,318,208,0,208,526
03/03/2020,ISM,FL,ASO,ES,Federal Contract Tower,0,7,80,0,87,0,4,183,0,187,0,11,263,0,274,220,0,220,494
03/04/2020,ISM,FL,ASO,ES,Federal Contract Tower,0,12,87,0,99,0,8,124,0,132,0,20,211,0,231,186,0,186,417
03/05/2020,ISM,FL,ASO,ES,Federal Contract Tower,0,12,62,0,74,0,0,84,0,84,0,12,146,0,158,78,0,78,236
03/06/2020,ISM,FL,ASO,ES,Federal Contract Tower,0,10,103,0,113,0,7,140,0,147,0,17,243,0,260,158,0,158,418
03/07/2020,ISM,FL,ASO,ES,Federal Contract Tower,0,3,72,0,75,0,6,201,0,207,0,9,273,0,282,194,0,194,476
03/08/2020,ISM,FL,ASO,ES,Federal Contract Tower,0,15,86,0,101,0,2,59,0,61,0,17,145,0,162,14,0,14,176
03/09/2020,ISM,FL,ASO,ES,Federal Contract Tower,0,14,53,0,67,0,4,78,0,82,0,18,131,0,149,60,0,60,209
03/10/2020,ISM,FL,ASO,ES,Federal Contract Tower,0,6,97,2,105,0,9,202,0,211,0,15,299,2,316,302,0,302,618
03/11/2020,ISM,FL,ASO,ES,Federal Contract Tower,0,5,127,0,132,0,2,169,0,171,0,7,296,0,303,162,0,162,465
03/12/2020,ISM,FL,ASO,ES,Federal Contract Tower,0,15,81,4,100,0,0,180,0,180,0,15,261,4,280,236,0,236,516
03/13/2020,ISM,FL,ASO,ES,Federal Contract Tower,0,16,99,0,115,0,7,162,0,169,0,23,261,0,284,280,0,280,564
03/14/2020,ISM,FL,ASO,ES,Federal Contract Tower,0,9,73,0,82,0,6,137,0,143,0,15,210,0,225,264,0,264,489
03/15/2020,ISM,FL,ASO,ES,Federal Contract Tower,0,15,66,0,81,0,5,72,0,77,0,20,138,0,158,82,0,82,240
03/16/2020,ISM,FL,ASO,ES,Federal Contract Tower,0,7,79,0,86,0,3,115,0,118,0,10,194,0,204,208,0,208,412
03/17/2020,ISM,FL,ASO,ES,Federal Contract Tower,0,7,73,0,80,0,0,133,0,133,0,7,206,0,213,258,0,258,471
03/18/2020,ISM,FL,ASO,ES,Federal Contract Tower,0,2,62,0,64,0,0,124,0,124,0,2,186,0,188,198,0,198,386
03/19/2020,ISM,FL,ASO,ES,Federal Contract Tower,0,2,75,2,79,0,10,132,0,142,0,12,207,2,221,208,0,208,429
03/20/2020,ISM,FL,ASO,ES,Federal Contract Tower,0,6,64,0,70,0,7,141,0,148,0,13,205,0,218,254,0,254,472
03/21/2020,ISM,FL,ASO,ES,Federal Contract Tower,0,8,73,6,87,0,2,114,0,116,0,10,187,6,203,172,0,172,375
03/22/2020,ISM,FL,ASO,ES,Federal Contract Tower,0,5,43,0,48,0,2,27,0,29,0,7,70,0,77,18,0,18,95
03/23/2020,ISM,FL,ASO,ES,Federal Contract Tower,0,0,75,0,75,0,4,94,0,98,0,4,169,0,173,212,0,212,385
03/24/2020,ISM,FL,ASO,ES,Federal Contract Tower,0,2,55,0,57,0,2,94,0,96,0,4,149,0,153,212,0,212,365
03/25/2020,ISM,FL,ASO,ES,Federal Contract Tower,0,0,56,0,56,0,1,73,0,74,0,1,129,0,130,140,0,140,270
03/26/2020,ISM,FL,ASO,ES,Federal Contract Tower,0,2,64,0,66,0,4,92,0,96,0,6,156,0,162,152,0,152,314
03/27/2020,ISM,FL,ASO,ES,Federal Contract Tower,0,2,96,0,98,0,2,76,0,78,0,4,172,0,176,158,0,158,334
03/28/2020,ISM,FL,ASO,ES,Federal Contract Tower,0,0,49,0,49,0,3,66,0,69,0,3,115,0,118,150,0,150,268
03/29/2020,ISM,FL,ASO,ES,Federal Contract Tower,0,4,25,0,29,0,2,34,0,36,0,6,59,0,65,40,0,40,105
03/30/2020,ISM,FL,ASO,ES,Federal Contract Tower,0,1,47,0,48,0,2,105,0,107,0,3,152,0,155,102,0,102,257
03/31/2020,ISM,FL,ASO,ES,Federal Contract Tower,0,3,32,0,35,0,2,69,0,71,0,5,101,0,106,102,0,102,208
04/02/2020,ISM,FL,ASO,ES,Federal Contract Tower,0,2,38,0,40,0,2,111,0,113,0,4,149,0,153,180,0,180,333
04/03/2020,ISM,FL,ASO,ES,Federal Contract Tower,0,0,52,0,52,0,0,85,0,85,0,0,137,0,137,154,0,154,291
04/04/2020,ISM,FL,ASO,ES,Federal Contract Tower,0,0,15,0,15,0,1,53,0,54,0,1,68,0,69,66,0,66,135
04/05/2020,ISM,FL,ASO,ES,Federal Contract Tower,0,0,16,0,16,0,2,4,0,6,0,2,20,0,22,18,0,18,40
04/06/2020,ISM,FL,ASO,ES,Federal Contract Tower,0,0,38,0,38,0,3,49,0,52,0,3,87,0,90,116,0,116,206
04/07/2020,ISM,FL,ASO,ES,Federal Contract Tower,0,0,36,0,36,0,6,76,0,82,0,6,112,0,118,102,0,102,220
04/08/2020,ISM,FL,ASO,ES,Federal Contract Tower,0,4,63,0,67,0,1,54,0,55,0,5,117,0,122,100,0,100,222
04/09/2020,ISM,FL,ASO,ES,Federal Contract Tower,0,3,35,0,38,0,5,44,0,49,0,8,79,0,87,120,0,120,207
04/10/2020,ISM,FL,ASO,ES,Federal Contract Tower,0,1,38,0,39,0,3,60,0,63,0,4,98,0,102,102,0,102,204
04/11/2020,ISM,FL,ASO,ES,Federal Contract Tower,0,0,30,0,30,0,6,89,0,95,0,6,119,0,125,94,0,94,219
04/12/2020,ISM,FL,ASO,ES,Federal Contract Tower,0,0,18,0,18,0,2,12,0,14,0,2,30,0,32,4,0,4,36
04/13/2020,ISM,FL,ASO,ES,Federal Contract Tower,0,2,18,0,20,0,4,10,0,14,0,6,28,0,34,10,0,10,44
04/14/2020,ISM,FL,ASO,ES,Federal Contract Tower,0,3,52,0,55,0,0,61,0,61,0,3,113,0,116,126,0,126,242
04/15/2020,ISM,FL,ASO,ES,Federal Contract Tower,0,1,22,0,23,0,2,29,0,31,0,3,51,0,54,40,0,40,94
04/16/2020,ISM,FL,ASO,ES,Federal Contract Tower,0,0,53,0,53,0,0,2,0,2,0,0,55,0,55,8,0,8,63
04/17/2020,ISM,FL,ASO,ES,Federal Contract Tower,0,0,57,0,57,0,6,49,0,55,0,6,106,0,112,68,0,68,180
04/18/2020,ISM,FL,ASO,ES,Federal Contract Tower,0,0,26,0,26,0,0,12,0,12,0,0,38,0,38,22,0,22,60
04/19/2020,ISM,FL,ASO,ES,Federal Contract Tower,0,0,20,4,24,0,4,30,0,34,0,4,50,4,58,28,0,28,86
04/20/2020,ISM,FL,ASO,ES,Federal Contract Tower,0,0,13,0,13,0,0,7,0,7,0,0,20,0,20,6,0,6,26
04/21/2020,ISM,FL,ASO,ES,Federal Contract Tower,0,0,51,0,51,0,4,120,0,124,0,4,171,0,175,98,0,98,273
04/22/2020,ISM,FL,ASO,ES,Federal Contract Tower,0,3,49,0,52,0,4,110,0,114,0,7,159,0,166,228,0,228,394
04/23/2020,ISM,FL,ASO,ES,Federal Contract Tower,0,1,32,4,37,0,5,72,0,77,0,6,104,4,114,132,0,132,246
04/24/2020,ISM,FL,ASO,ES,Federal Contract Tower,0,0,0,0,0,0,0,3,0,3,0,0,3,0,3,0,0,0,3
04/25/2020,ISM,FL,ASO,ES,Federal Contract Tower,0,2,18,0,20,0,1,43,0,44,0,3,61,0,64,72,0,72,136
04/26/2020,ISM,FL,ASO,ES,Federal Contract Tower,0,1,19,2,22,0,4,35,0,39,0,5,54,2,61,76,2,78,139
04/27/2020,ISM,FL,ASO,ES,Federal Contract Tower,0,0,26,0,26,0,4,135,0,139,0,4,161,0,165,238,0,238,403
04/28/2020,ISM,FL,ASO,ES,Federal Contract Tower,0,2,35,0,37,0,6,112,0,118,0,8,147,0,155,110,0,110,265
04/29/2020,ISM,FL,ASO,ES,Federal Contract Tower,0,2,39,0,41,0,2,90,0,92,0,4,129,0,133,90,0,90,223
04/30/2020,ISM,FL,ASO,ES,Federal Contract Tower,0,1,38,0,39,0,0,30,0,30,0,1,68,0,69,40,0,40,109
05/01/2020,ISM,FL,ASO,ES,Federal Contract Tower,0,1,46,0,47,0,0,108,0,108,0,1,154,0,155,190,0,190,345
05/02/2020,ISM,FL,ASO,ES,Federal Contract Tower,0,1,25,0,26,0,5,83,0,88,0,6,108,0,114,90,0,90,204
05/03/2020,ISM,FL,ASO,ES,Federal Contract Tower,0,2,15,0,17,0,4,49,0,53,0,6,64,0,70,32,0,32,102
05/04/2020,ISM,FL,ASO,ES,Federal Contract Tower,0,0,37,0,37,0,0,117,0,117,0,0,154,0,154,140,0,140,294
05/05/2020,ISM,FL,ASO,ES,Federal Contract Tower,0,3,42,0,45,0,4,127,0,131,0,7,169,0,176,162,0,162,338
05/06/2020,ISM,FL,ASO,ES,Federal Contract Tower,0,0,38,0,38,0,3,105,0,108,0,3,143,0,146,106,0,106,252
05/07/2020,ISM,FL,ASO,ES,Federal Contract Tower,0,1,48,0,49,0,0,101,0,101,0,1,149,0,150,250,0,250,400
05/08/2020,ISM,FL,ASO,ES,Federal Contract Tower,0,4,53,0,57,0,0,124,0,124,0,4,177,0,181,238,0,238,419
05/09/2020,ISM,FL,ASO,ES,Federal Contract Tower,0,3,28,0,31,0,1,74,0,75,0,4,102,0,106,162,0,162,268
05/10/2020,ISM,FL,ASO,ES,Federal Contract Tower,0,1,28,0,29,0,2,6,0,8,0,3,34,0,37,14,0,14,51
05/11/2020,ISM,FL,ASO,ES,Federal Contract Tower,0,2,55,0,57,0,4,69,0,73,0,6,124,0,130,186,0,186,316
05/12/2020,ISM,FL,ASO,ES,Federal Contract Tower,0,0,32,0,32,0,0,117,0,117,0,0,149,0,149,186,0,186,335
05/13/2020,ISM,FL,ASO,ES,Federal Contract Tower,0,0,63,0,63,0,0,77,0,77,0,0,140,0,140,158,0,158,298
05/14/2020,ISM,FL,ASO,ES,Federal Contract Tower,0,0,40,0,40,0,5,56,0,61,0,5,96,0,101,134,0,134,235
05/15/2020,ISM,FL,ASO,ES,Federal Contract Tower,0,1,39,0,40,0,0,63,0,63,0,1,102,0,103,172,0,172,275
05/16/2020,ISM,FL,ASO,ES,Federal Contract Tower,0,5,37,0,42,0,0,20,0,20,0,5,57,0,62,42,0,42,104
05/17/2020,ISM,FL,ASO,ES,Federal Contract Tower,0,8,33,0,41,0,2,55,0,57,0,10,88,0,98,134,0,134,232
05/18/2020,ISM,FL,ASO,ES,Federal Contract Tower,0,5,21,0,26,0,2,41,0,43,0,7,62,0,69,174,0,174,243
05/19/2020,ISM,FL,ASO,ES,Federal Contract Tower,0,3,66,0,69,0,2,109,0,111,0,5,175,0,180,182,0,182,362
05/20/2020,ISM,FL,ASO,ES,Federal Contract Tower,0,6,43,2,51,0,0,121,0,121,0,6,164,2,172,236,0,236,408
05/21/2020,ISM,FL,ASO,ES,Federal Contract Tower,0,3,46,0,49,0,1,87,0,88,0,4,133,0,137,276,0,276,413
05/22/2020,ISM,FL,ASO,ES,Federal Contract Tower,0,2,57,0,59,0,1,67,0,68,0,3,124,0,127,252,0,252,379
05/23/2020,ISM,FL,ASO,ES,Federal Contract Tower,0,2,52,0,54,0,1,86,0,87,0,3,138,0,141,134,0,134,275
05/24/2020,ISM,FL,ASO,ES,Federal Contract Tower,0,0,30,0,30,0,6,41,0,47,0,6,71,0,77,56,0,56,133
05/25/2020,ISM,FL,ASO,ES,Federal Contract Tower,0,1,15,0,16,0,0,6,0,6,0,1,21,0,22,8,0,8,30
05/26/2020,ISM,FL,ASO,ES,Federal Contract Tower,0,5,74,0,79,0,0,51,0,51,0,5,125,0,130,186,0,186,316
05/27/2020,ISM,FL,ASO,ES,Federal Contract Tower,0,3,58,0,61,0,0,38,0,38,0,3,96,0,99,116,0,116,215
05/28/2020,ISM,FL,ASO,ES,Federal Contract Tower,0,2,90,0,92,0,32,0,0,32,0,34,90,0,124,106,0,106,230
05/29/2020,ISM,FL,ASO,ES,Federal Contract Tower,0,0,75,4,79,0,2,79,0,81,0,2,154,4,160,172,0,172,332
05/30/2020,ISM,FL,ASO,ES,Federal Contract Tower,0,1,67,0,68,0,4,65,0,69,0,5,132,0,137,150,0,150,287
05/31/2020,ISM,FL,ASO,ES,Federal Contract Tower,0,2,37,0,39,0,2,52,0,54,0,4,89,0,93,104,0,104,197
06/01/2020,ISM,FL,ASO,ES,Federal Contract Tower,0,1,67,0,68,0,0,90,0,90,0,1,157,0,158,170,0,170,328
06/02/2020,ISM,FL,ASO,ES,Federal Contract Tower,0,4,73,0,77,0,0,32,0,32,0,4,105,0,109,22,0,22,131
06/03/2020,ISM,FL,ASO,ES,Federal Contract Tower,0,4,80,0,84,0,0,88,0,88,0,4,168,0,172,172,0,172,344
06/04/2020,ISM,FL,ASO,ES,Federal Contract Tower,0,2,66,0,68,0,0,20,0,20,0,2,86,0,88,20,0,20,108
06/05/2020,ISM,FL,ASO,ES,Federal Contract Tower,0,1,82,0,83,0,0,80,0,80,0,1,162,0,163,250,0,250,413
06/06/2020,ISM,FL,ASO,ES,Federal Contract Tower,0,4,35,0,39,0,1,13,0,14,0,5,48,0,53,30,0,30,83
06/07/2020,ISM,FL,ASO,ES,Federal Contract Tower,0,6,42,0,48,0,2,14,0,16,0,8,56,0,64,52,0,52,116
06/08/2020,ISM,FL,ASO,ES,Federal Contract Tower,0,5,57,0,62,0,2,63,0,65,0,7,120,0,127,192,0,192,319
06/09/2020,ISM,FL,ASO,ES,Federal Contract Tower,0,3,46,0,49,0,0,108,0,108,0,3,154,0,157,230,0,230,387
06/10/2020,ISM,FL,ASO,ES,Federal Contract Tower,0,4,60,0,64,0,0,128,0,128,0,4,188,0,192,238,0,238,430
06/11/2020,ISM,FL,ASO,ES,Federal Contract Tower,0,9,51,0,60,0,3,110,0,113,0,12,161,0,173,118,0,118,291
06/12/2020,ISM,FL,ASO,ES,Federal Contract Tower,0,0,92,2,94,0,5,142,0,147,0,5,234,2,241,168,0,168,409
06/13/2020,ISM,FL,ASO,ES,Federal Contract Tower,0,7,77,0,84,0,1,97,0,98,0,8,174,0,182,168,0,168,350
06/14/2020,ISM,FL,ASO,ES,Federal Contract Tower,0,7,32,0,39,0,0,64,0,64,0,7,96,0,103,78,0,78,181
06/15/2020,ISM,FL,ASO,ES,Federal Contract Tower,0,2,66,2,70,0,0,123,2,125,0,2,189,4,195,224,0,224,419
06/16/2020,ISM,FL,ASO,ES,Federal Contract Tower,0,1,86,0,87,0,2,174,0,176,0,3,260,0,263,224,0,224,487
06/17/2020,ISM,FL,ASO,ES,Federal Contract Tower,0,4,84,0,88,0,4,135,0,139,0,8,219,0,227,244,0,244,471
06/18/2020,ISM,FL,ASO,ES,Federal Contract Tower,0,6,56,0,62,0,1,126,0,127,0,7,182,0,189,194,0,194,383
06/19/2020,ISM,FL,ASO,ES,Federal Contract Tower,0,5,50,0,55,0,1,82,0,83,0,6,132,0,138,174,0,174,312
06/20/2020,ISM,FL,ASO,ES,Federal Contract Tower,0,5,90,0,95,0,0,94,0,94,0,5,184,0,189,110,0,110,299
06/21/2020,ISM,FL,ASO,ES,Federal Contract Tower,0,3,33,0,36,0,4,64,0,68,0,7,97,0,104,86,0,86,190
06/22/2020,ISM,FL,ASO,ES,Federal Contract Tower,0,3,66,0,69,0,6,148,0,154,0,9,214,0,223,214,0,214,437
06/23/2020,ISM,FL,ASO,ES,Federal Contract Tower,0,1,40,2,43,0,0,118,0,118,0,1,158,2,161,168,0,168,329
06/24/2020,ISM,FL,ASO,ES,Federal Contract Tower,0,1,97,0,98,0,6,129,0,135,0,7,226,0,233,186,0,186,419
06/25/2020,ISM,FL,ASO,ES,Federal Contract Tower,0,5,59,4,68,0,1,131,0,132,0,6,190,4,200,118,0,118,318
06/26/2020,ISM,FL,ASO,ES,Federal Contract Tower,0,7,95,2,104,0,7,114,0,121,0,14,209,2,225,216,0,216,441
06/27/2020,ISM,FL,ASO,ES,Federal Contract Tower,0,8,63,0,71,0,4,118,0,122,0,12,181,0,193,136,0,136,329
06/28/2020,ISM,FL,ASO,ES,Federal Contract Tower,0,0,25,0,25,0,0,59,0,59,0,0,84,0,84,22,0,22,106
06/29/2020,ISM,FL,ASO,ES,Federal Contract Tower,0,5,80,4,89,0,2,82,0,84,0,7,162,4,173,146,0,146,319
06/30/2020,ISM,FL,ASO,ES,Federal Contract Tower,0,8,48,0,56,0,0,118,0,118,0,8,166,0,174,230,0,230,404
07/01/2020,ISM,FL,ASO,ES,Federal Contract Tower,0,8,42,0,50,0,3,96,0,99,0,11,138,0,149,234,0,234,383
07/02/2020,ISM,FL,ASO,ES,Federal Contract Tower,0,2,56,2,60,0,1,101,0,102,0,3,157,2,162,200,0,200,362
07/03/2020,ISM,FL,ASO,ES,Federal Contract Tower,0,2,45,0,47,0,7,81,0,88,0,9,126,0,135,130,0,130,265
07/04/2020,ISM,FL,ASO,ES,Federal Contract Tower,0,0,10,0,10,0,2,51,0,53,0,2,61,0,63,96,0,96,159
07/05/2020,ISM,FL,ASO,ES,Federal Contract Tower,0,3,17,0,20,0,2,36,0,38,0,5,53,0,58,30,0,30,88
07/06/2020,ISM,FL,ASO,ES,Federal Contract Tower,0,1,76,0,77,0,4,83,0,87,0,5,159,0,164,108,0,108,272
07/07/2020,ISM,FL,ASO,ES,Federal Contract Tower,0,1,65,0,66,0,3,111,0,114,0,4,176,0,180,168,0,168,348
07/08/2020,ISM,FL,ASO,ES,Federal Contract Tower,0,1,36,4,41,0,6,116,0,122,0,7,152,4,163,208,0,208,371
07/09/2020,ISM,FL,ASO,ES,Federal Contract Tower,0,3,61,0,64,0,2,131,3,136,0,5,192,3,200,240,0,240,440
07/10/2020,ISM,FL,ASO,ES,Federal Contract Tower,0,3,45,0,48,0,4,91,0,95,0,7,136,0,143,222,0,222,365
07/11/2020,ISM,FL,ASO,ES,Federal Contract Tower,0,4,49,0,53,0,3,76,0,79,0,7,125,0,132,134,0,134,266
07/12/2020,ISM,FL,ASO,ES,Federal Contract Tower,0,5,30,0,35,0,2,49,0,51,0,7,79,0,86,21,0,21,107
07/13/2020,ISM,FL,ASO,ES,Federal Contract Tower,0,2,81,0,83,0,4,123,0,127,0,6,204,0,210,220,0,220,430
07/14/2020,ISM,FL,ASO,ES,Federal Contract Tower,0,0,78,0,78,0,4,139,0,143,0,4,217,0,221,142,0,142,363
07/15/2020,ISM,FL,ASO,ES,Federal Contract Tower,0,1,46,0,47,0,1,102,0,103,0,2,148,0,150,220,0,220,370
07/16/2020,ISM,FL,ASO,ES,Federal Contract Tower,0,0,88,2,90,0,0,137,0,137,0,0,225,2,227,248,0,248,475
07/17/2020,ISM,FL,ASO,ES,Federal Contract Tower,0,2,101,0,103,0,8,113,0,121,0,10,214,0,224,188,0,188,412
07/18/2020,ISM,FL,ASO,ES,Federal Contract Tower,0,5,16,0,21,0,5,79,0,84,0,10,95,0,105,110,0,110,215
07/19/2020,ISM,FL,ASO,ES,Federal Contract Tower,0,2,21,0,23,0,4,60,0,64,0,6,81,0,87,112,0,112,199
07/20/2020,ISM,FL,ASO,ES,Federal Contract Tower,0,10,56,0,66,0,2,104,0,106,0,12,160,0,172,250,0,250,422
07/21/2020,ISM,FL,ASO,ES,Federal Contract Tower,0,5,59,0,64,0,5,93,0,98,0,10,152,0,162,178,0,178,340
07/22/2020,ISM,FL,ASO,ES,Federal Contract Tower,0,1,63,0,64,0,3,85,0,88,0,4,148,0,152,90,0,90,242
07/23/2020,ISM,FL,ASO,ES,Federal Contract Tower,0,0,67,0,67,0,4,61,0,65,0,4,128,0,132,127,0,127,259
07/24/2020,ISM,FL,ASO,ES,Federal Contract Tower,0,9,99,8,116,0,3,108,0,111,0,12,207,8,227,160,0,160,387
07/25/2020,ISM,FL,ASO,ES,Federal Contract Tower,0,1,50,0,51,0,0,95,0,95,0,1,145,0,146,102,0,102,248
07/26/2020,ISM,FL,ASO,ES,Federal Contract Tower,0,0,19,0,19,0,0,48,0,48,0,0,67,0,67,110,0,110,177
07/27/2020,ISM,FL,ASO,ES,Federal Contract Tower,0,4,37,4,45,0,2,83,0,85,0,6,120,4,130,124,0,124,254
07/28/2020,ISM,FL,ASO,ES,Federal Contract Tower,0,5,50,0,55,0,4,86,0,90,0,9,136,0,145,214,0,214,359
07/29/2020,ISM,FL,ASO,ES,Federal Contract Tower,0,5,47,0,52,0,0,109,0,109,0,5,156,0,161,132,0,132,293
07/30/2020,ISM,FL,ASO,ES,Federal Contract Tower,0,1,96,0,97,0,3,124,0,127,0,4,220,0,224,230,0,230,454
07/31/2020,ISM,FL,ASO,ES,Federal Contract Tower,0,4,66,0,70,0,1,120,0,121,0,5,186,0,191,214,0,214,405
08/01/2020,ISM,FL,ASO,ES,Federal Contract Tower,0,4,28,0,32,0,7,93,0,100,0,11,121,0,132,162,0,162,294
08/02/2020,ISM,FL,ASO,ES,Federal Contract Tower,0,12,11,0,23,0,6,14,0,20,0,18,25,0,43,8,0,8,51
08/03/2020,ISM,FL,ASO,ES,Federal Contract Tower,0,4,26,0,30,0,0,63,0,63,0,4,89,0,93,62,0,62,155
08/04/2020,ISM,FL,ASO,ES,Federal Contract Tower,0,5,36,0,41,0,4,88,0,92,0,9,124,0,133,128,0,128,261
08/05/2020,ISM,FL,ASO,ES,Federal Contract Tower,0,6,58,0,64,0,0,97,0,97,0,6,155,0,161,156,0,156,317
08/06/2020,ISM,FL,ASO,ES,Federal Contract Tower,0,1,64,0,65,0,4,108,0,112,0,5,172,0,177,150,0,150,327
08/07/2020,ISM,FL,ASO,ES,Federal Contract Tower,0,2,68,0,70,0,3,107,0,110,0,5,175,0,180,244,0,244,424
08/08/2020,ISM,FL,ASO,ES,Federal Contract Tower,0,1,25,0,26,0,4,114,0,118,0,5,139,0,144,234,0,234,378
08/09/2020,ISM,FL,ASO,ES,Federal Contract Tower,0,3,33,0,36,0,5,54,0,59,0,8,87,0,95,44,0,44,139
08/10/2020,ISM,FL,ASO,ES,Federal Contract Tower,0,1,74,0,75,0,2,90,0,92,0,3,164,0,167,160,0,160,327
08/11/2020,ISM,FL,ASO,ES,Federal Contract Tower,0,3,52,0,55,0,6,85,0,91,0,9,137,0,146,212,0,212,358
08/12/2020,ISM,FL,ASO,ES,Federal Contract Tower,0,8,59,4,71,0,2,77,0,79,0,10,136,4,150,228,0,228,378
08/13/2020,ISM,FL,ASO,ES,Federal Contract Tower,0,6,42,0,48,0,5,69,0,74,0,11,111,0,122,56,0,56,178
08/14/2020,ISM,FL,ASO,ES,Federal Contract Tower,0,4,63,0,67,0,6,103,0,109,0,10,166,0,176,154,0,154,330
08/15/2020,ISM,FL,ASO,ES,Federal Contract Tower,0,5,24,0,29,0,10,112,0,122,0,15,136,0,151,250,0,250,401
08/16/2020,ISM,FL,ASO,ES,Federal Contract Tower,0,5,43,0,48,0,2,63,0,65,0,7,106,0,113,62,0,62,175
08/17/2020,ISM,FL,ASO,ES,Federal Contract Tower,0,1,50,0,51,0,1,85,0,86,0,2,135,0,137,184,0,184,321
08/19/2020,ISM,FL,ASO,ES,Federal Contract Tower,0,2,84,0,86,0,6,85,0,91,0,8,169,0,177,194,0,194,371
08/20/2020,ISM,FL,ASO,ES,Federal Contract Tower,4,0,46,0,50,0,2,77,0,79,4,2,123,0,129,218,0,218,347
08/21/2020,ISM,FL,ASO,ES,Federal Contract Tower,0,3,70,0,73,0,0,83,0,83,0,3,153,0,156,108,0,108,264
08/22/2020,ISM,FL,ASO,ES,Federal Contract Tower,0,5,28,0,33,0,4,97,0,101,0,9,125,0,134,140,0,140,274
08/23/2020,ISM,FL,ASO,ES,Federal Contract Tower,0,10,29,0,39,0,4,61,0,65,0,14,90,0,104,40,0,40,144
08/24/2020,ISM,FL,ASO,ES,Federal Contract Tower,0,3,54,0,57,0,0,42,0,42,0,3,96,0,99,40,0,40,139
08/25/2020,ISM,FL,ASO,ES,Federal Contract Tower,0,5,107,0,112,0,0,66,0,66,0,5,173,0,178,132,0,132,310
08/26/2020,ISM,FL,ASO,ES,Federal Contract Tower,0,5,73,0,78,0,2,77,0,79,0,7,150,0,157,136,0,136,293
08/27/2020,ISM,FL,ASO,ES,Federal Contract Tower,0,3,73,0,76,0,1,82,0,83,0,4,155,0,159,128,0,128,287
08/28/2020,ISM,FL,ASO,ES,Federal Contract Tower,0,3,64,0,67,0,3,95,0,98,0,6,159,0,165,162,0,162,327
08/29/2020,ISM,FL,ASO,ES,Federal Contract Tower,0,8,47,0,55,0,0,110,0,110,0,8,157,0,165,136,0,136,301
08/30/2020,ISM,FL,ASO,ES,Federal Contract Tower,0,5,16,0,21,0,0,26,0,26,0,5,42,0,47,56,0,56,103
08/31/2020,ISM,FL,ASO,ES,Federal Contract Tower,0,0,46,0,46,0,1,44,0,45,0,1,90,0,91,42,0,42,133
09/01/2020,ISM,FL,ASO,ES,Federal Contract Tower,0,11,54,0,65,0,0,86,0,86,0,11,140,0,151,118,0,118,269
09/02/2020,ISM,FL,ASO,ES,Federal Contract Tower,0,43,29,0,72,0,4,93,0,97,0,47,122,0,169,68,0,68,237
09/03/2020,ISM,FL,ASO,ES,Federal Contract Tower,0,33,40,0,73,0,2,88,0,90,0,35,128,0,163,144,0,144,307
09/04/2020,ISM,FL,ASO,ES,Federal Contract Tower,0,8,62,0,70,0,4,72,0,76,0,12,134,0,146,86,0,86,232
09/05/2020,ISM,FL,ASO,ES,Federal Contract Tower,0,4,31,1,36,0,3,95,6,104,0,7,126,7,140,140,0,140,280
09/06/2020,ISM,FL,ASO,ES,Federal Contract Tower,0,0,16,0,16,0,4,44,0,48,0,4,60,0,64,20,0,20,84
09/07/2020,ISM,FL,ASO,ES,Federal Contract Tower,0,6,38,0,44,0,0,65,0,65,0,6,103,0,109,126,0,126,235
09/08/2020,ISM,FL,ASO,ES,Federal Contract Tower,0,4,59,0,63,0,2,75,0,77,0,6,134,0,140,142,0,142,282
09/09/2020,ISM,FL,ASO,ES,Federal Contract Tower,0,0,66,0,66,0,2,79,2,83,0,2,145,2,149,124,0,124,273
09/10/2020,ISM,FL,ASO,ES,Federal Contract Tower,0,4,76,0,80,0,0,76,0,76,0,4,152,0,156,86,0,86,242
09/11/2020,ISM,FL,ASO,ES,Federal Contract Tower,0,2,70,0,72,0,4,73,0,77,0,6,143,0,149,162,0,162,311
09/12/2020,ISM,FL,ASO,ES,Federal Contract Tower,0,1,23,0,24,0,0,42,0,42,0,1,65,0,66,68,0,68,134
09/13/2020,ISM,FL,ASO,ES,Federal Contract Tower,0,5,39,0,44,0,2,42,0,44,0,7,81,0,88,80,0,80,168
09/14/2020,ISM,FL,ASO,ES,Federal Contract Tower,0,8,44,0,52,0,1,83,0,84,0,9,127,0,136,176,0,176,312
09/15/2020,ISM,FL,ASO,ES,Federal Contract Tower,0,2,98,2,102,0,2,100,0,102,0,4,198,2,204,186,0,186,390
09/16/2020,ISM,FL,ASO,ES,Federal Contract Tower,0,4,62,0,66,0,4,100,0,104,0,8,162,0,170,192,0,192,362
09/17/2020,ISM,FL,ASO,ES,Federal Contract Tower,0,1,65,0,66,0,4,78,0,82,0,5,143,0,148,66,0,66,214
09/18/2020,ISM,FL,ASO,ES,Federal Contract Tower,0,4,59,0,63,0,4,56,0,60,0,8,115,0,123,76,0,76,199
09/20/2020,ISM,FL,ASO,ES,Federal Contract Tower,0,6,22,0,28,0,1,21,0,22,0,7,43,0,50,0,0,0,50
09/21/2020,ISM,FL,ASO,ES,Federal Contract Tower,0,6,42,0,48,0,6,40,0,46,0,12,82,0,94,30,0,30,124
09/22/2020,ISM,FL,ASO,ES,Federal Contract Tower,0,3,63,2,68,0,3,89,0,92,0,6,152,2,160,120,0,120,280
09/23/2020,ISM,FL,ASO,ES,Federal Contract Tower,0,5,81,0,86,0,3,117,0,120,0,8,198,0,206,200,0,200,406
09/24/2020,ISM,FL,ASO,ES,Federal Contract Tower,0,2,88,0,90,0,1,127,0,128,0,3,215,0,218,246,0,246,464
09/25/2020,ISM,FL,ASO,ES,Federal Contract Tower,0,2,64,0,66,0,6,106,0,112,0,8,170,0,178,188,0,188,366
09/26/2020,ISM,FL,ASO,ES,Federal Contract Tower,0,2,49,0,51,0,4,126,0,130,0,6,175,0,181,160,0,160,341
09/27/2020,ISM,FL,ASO,ES,Federal Contract Tower,0,3,27,0,30,0,2,70,0,72,0,5,97,0,102,88,0,88,190
09/28/2020,ISM,FL,ASO,ES,Federal Contract Tower,0,4,47,0,51,0,4,74,0,78,0,8,121,0,129,124,0,124,253
09/29/2020,ISM,FL,ASO,ES,Federal Contract Tower,0,9,42,0,51,0,2,24,0,26,0,11,66,0,77,50,0,50,127
09/30/2020,ISM,FL,ASO,ES,Federal Contract Tower,0,6,66,2,74,0,4,101,0,105,0,10,167,2,179,138,0,138,317
10/01/2020,ISM,FL,ASO,ES,Federal Contract Tower,0,6,61,0,67,0,0,104,0,104,0,6,165,0,171,208,0,208,379
10/02/2020,ISM,FL,ASO,ES,Federal Contract Tower,0,11,38,0,49,0,2,110,2,114,0,13,148,2,163,146,0,146,309
10/03/2020,ISM,FL,ASO,ES,Federal Contract Tower,0,6,34,0,40,0,4,105,0,109,0,10,139,0,149,76,0,76,225
10/04/2020,ISM,FL,ASO,ES,Federal Contract Tower,0,15,16,0,31,0,5,16,0,21,0,20,32,0,52,8,0,8,60
10/05/2020,ISM,FL,ASO,ES,Federal Contract Tower,0,3,75,0,78,0,3,55,0,58,0,6,130,0,136,62,0,62,198
10/06/2020,ISM,FL,ASO,ES,Federal Contract Tower,0,8,83,0,91,0,5,84,0,89,0,13,167,0,180,230,0,230,410
10/07/2020,ISM,FL,ASO,ES,Federal Contract Tower,0,14,92,0,106,0,2,79,0,81,0,16,171,0,187,216,0,216,403
10/08/2020,ISM,FL,ASO,ES,Federal Contract Tower,0,9,100,0,109,0,6,100,0,106,0,15,200,0,215,232,0,232,447
10/09/2020,ISM,FL,ASO,ES,Federal Contract Tower,0,9,72,0,81,0,3,97,0,100,0,12,169,0,181,138,0,138,319
10/10/2020,ISM,FL,ASO,ES,Federal Contract Tower,0,5,38,1,44,0,2,118,1,121,0,7,156,2,165,142,0,142,307
10/11/2020,ISM,FL,ASO,ES,Federal Contract Tower,0,15,36,0,51,0,0,59,0,59,0,15,95,0,110,52,0,52,162
10/12/2020,ISM,FL,ASO,ES,Federal Contract Tower,0,6,43,0,49,0,6,62,0,68,0,12,105,0,117,130,0,130,247
10/13/2020,ISM,FL,ASO,ES,Federal Contract Tower,0,8,83,0,91,0,0,96,0,96,0,8,179,0,187,78,0,78,265
10/14/2020,ISM,FL,ASO,ES,Federal Contract Tower,0,11,79,0,90,0,5,100,0,105,0,16,179,0,195,262,0,262,457
10/15/2020,ISM,FL,ASO,ES,Federal Contract Tower,0,7,84,0,91,0,6,100,0,106,0,13,184,0,197,94,0,94,291
10/16/2020,ISM,FL,ASO,ES,Federal Contract Tower,0,13,50,0,63,0,4,89,0,93,0,17,139,0,156,114,0,114,270
10/17/2020,ISM,FL,ASO,ES,Federal Contract Tower,0,5,72,0,77,0,4,75,0,79,0,9,147,0,156,90,0,90,246
10/18/2020,ISM,FL,ASO,ES,Federal Contract Tower,0,17,41,0,58,0,2,68,0,70,0,19,109,0,128,14,0,14,142
10/19/2020,ISM,FL,ASO,ES,Federal Contract Tower,0,6,34,0,40,0,0,44,0,44,0,6,78,0,84,42,0,42,126
10/20/2020,ISM,FL,ASO,ES,Federal Contract Tower,0,2,64,0,66,0,2,61,0,63,0,4,125,0,129,182,0,182,311
10/21/2020,ISM,FL,ASO,ES,Federal Contract Tower,0,7,63,0,70,0,4,60,0,64,0,11,123,0,134,74,0,74,208
10/22/2020,ISM,FL,ASO,ES,Federal Contract Tower,0,7,63,0,70,0,3,84,0,87,0,10,147,0,157,174,0,174,331
10/23/2020,ISM,FL,ASO,ES,Federal Contract Tower,0,6,65,0,71,0,1,88,0,89,0,7,153,0,160,122,0,122,282
10/24/2020,ISM,FL,ASO,ES,Federal Contract Tower,0,8,44,0,52,0,7,121,0,128,0,15,165,0,180,192,0,192,372
10/25/2020,ISM,FL,ASO,ES,Federal Contract Tower,0,10,44,0,54,0,4,65,0,69,0,14,109,0,123,62,0,62,185
10/26/2020,ISM,FL,ASO,ES,Federal Contract Tower,0,5,98,10,113,0,2,105,0,107,0,7,203,10,220,178,0,178,398
10/27/2020,ISM,FL,ASO,ES,Federal Contract Tower,0,4,69,0,73,0,3,70,0,73,0,7,139,0,146,24,0,24,170
10/28/2020,ISM,FL,ASO,ES,Federal Contract Tower,0,8,69,0,77,0,5,101,0,106,0,13,170,0,183,134,0,134,317
10/29/2020,ISM,FL,ASO,ES,Federal Contract Tower,0,2,63,2,67,0,5,64,0,69,0,7,127,2,136,60,0,60,196
10/30/2020,ISM,FL,ASO,ES,Federal Contract Tower,0,5,33,0,38,0,0,102,0,102,0,5,135,0,140,70,0,70,210
10/31/2020,ISM,FL,ASO,ES,Federal Contract Tower,0,7,38,0,45,0,2,109,0,111,0,9,147,0,156,104,0,104,260
11/01/2020,ISM,FL,ASO,ES,Federal Contract Tower,0,7,26,0,33,0,4,76,0,80,0,11,102,0,113,54,0,54,167
11/02/2020,ISM,FL,ASO,ES,Federal Contract Tower,0,9,27,0,36,0,2,53,0,55,0,11,80,0,91,20,0,20,111
11/03/2020,ISM,FL,ASO,ES,Federal Contract Tower,0,4,57,0,61,0,4,105,0,109,0,8,162,0,170,118,0,118,288
11/04/2020,ISM,FL,ASO,ES,Federal Contract Tower,0,10,58,4,72,0,2,62,0,64,0,12,120,4,136,84,0,84,220
11/05/2020,ISM,FL,ASO,ES,Federal Contract Tower,0,7,91,2,100,0,3,93,0,96,0,10,184,2,196,60,0,60,256
11/06/2020,ISM,FL,ASO,ES,Federal Contract Tower,0,9,50,0,59,0,0,100,0,100,0,9,150,0,159,204,0,204,363
11/07/2020,ISM,FL,ASO,ES,Federal Contract Tower,0,7,44,0,51,0,4,95,0,99,0,11,139,0,150,98,0,98,248
11/08/2020,ISM,FL,ASO,ES,Federal Contract Tower,0,14,26,0,40,0,4,28,0,32,0,18,54,0,72,24,0,24,96
11/09/2020,ISM,FL,ASO,ES,Federal Contract Tower,0,11,13,0,24,0,0,16,0,16,0,11,29,0,40,0,0,0,40
11/10/2020,ISM,FL,ASO,ES,Federal Contract Tower,0,2,49,0,51,0,0,29,0,29,0,2,78,0,80,28,0,28,108
11/11/2020,ISM,FL,ASO,ES,Federal Contract Tower,0,4,24,0,28,0,1,19,0,20,0,5,43,0,48,34,0,34,82
11/12/2020,ISM,FL,ASO,ES,Federal Contract Tower,0,3,38,0,41,0,2,15,0,17,0,5,53,0,58,6,0,6,64
11/13/2020,ISM,FL,ASO,ES,Federal Contract Tower,0,2,100,0,102,0,9,56,0,65,0,11,156,0,167,80,0,80,247
11/14/2020,ISM,FL,ASO,ES,Federal Contract Tower,0,3,73,0,76,0,0,126,0,126,0,3,199,0,202,104,0,104,306
11/15/2020,ISM,FL,ASO,ES,Federal Contract Tower,0,9,39,0,48,0,2,74,0,76,0,11,113,0,124,78,0,78,202
11/16/2020,ISM,FL,ASO,ES,Federal Contract Tower,0,3,65,0,68,0,4,61,0,65,0,7,126,0,133,76,0,76,209
11/17/2020,ISM,FL,ASO,ES,Federal Contract Tower,0,1,60,0,61,0,2,92,0,94,0,3,152,0,155,114,0,114,269
11/19/2020,ISM,FL,ASO,ES,Federal Contract Tower,0,5,61,0,66,0,4,90,0,94,0,9,151,0,160,138,0,138,298
11/20/2020,ISM,FL,ASO,ES,Federal Contract Tower,0,17,58,0,75,0,6,115,0,121,0,23,173,0,196,154,0,154,350
11/21/2020,ISM,FL,ASO,ES,Federal Contract Tower,0,7,60,0,67,0,2,72,0,74,0,9,132,0,141,126,0,126,267
11/22/2020,ISM,FL,ASO,ES,Federal Contract Tower,0,9,47,0,56,0,0,40,0,40,0,9,87,0,96,56,0,56,152
11/23/2020,ISM,FL,ASO,ES,Federal Contract Tower,0,11,66,4,81,0,7,94,0,101,0,18,160,4,182,180,0,180,362
11/24/2020,ISM,FL,ASO,ES,Federal Contract Tower,0,9,55,0,64,0,5,127,0,132,0,14,182,0,196,120,0,120,316
11/25/2020,ISM,FL,ASO,ES,Federal Contract Tower,0,8,77,0,85,0,2,148,0,150,0,10,225,0,235,128,0,128,363
11/26/2020,ISM,FL,ASO,ES,Federal Contract Tower,0,2,22,0,24,0,4,56,0,60,0,6,78,0,84,56,0,56,140
11/27/2020,ISM,FL,ASO,ES,Federal Contract Tower,0,5,48,0,53,0,6,123,0,129,0,11,171,0,182,136,0,136,318
11/28/2020,ISM,FL,ASO,ES,Federal Contract Tower,0,14,47,0,61,0,5,103,0,108,0,19,150,0,169,156,0,156,325
11/29/2020,ISM,FL,ASO,ES,Federal Contract Tower,0,17,57,0,74,0,2,63,0,65,0,19,120,0,139,116,0,116,255
11/30/2020,ISM,FL,ASO,ES,Federal Contract Tower,0,10,52,2,64,0,2,29,0,31,0,12,81,2,95,56,0,56,151
12/01/2020,ISM,FL,ASO,ES,Federal Contract Tower,0,8,52,0,60,0,6,94,0,100,0,14,146,0,160,138,0,138,298
12/02/2020,ISM,FL,ASO,ES,Federal Contract Tower,0,12,70,0,82,0,5,98,0,103,0,17,168,0,185,160,0,160,345
12/03/2020,ISM,FL,ASO,ES,Federal Contract Tower,0,16,66,0,82,0,9,105,0,114,0,25,171,0,196,90,0,90,286
12/04/2020,ISM,FL,ASO,ES,Federal Contract Tower,0,11,77,0,88,0,1,96,0,97,0,12,173,0,185,128,0,128,313
12/05/2020,ISM,FL,ASO,ES,Federal Contract Tower,0,4,69,0,73,0,2,90,0,92,0,6,159,0,165,152,0,152,317
12/06/2020,ISM,FL,ASO,ES,Federal Contract Tower,0,18,43,0,61,0,2,94,0,96,0,20,137,0,157,130,0,130,287
12/07/2020,ISM,FL,ASO,ES,Federal Contract Tower,0,9,40,0,49,0,3,17,0,20,0,12,57,0,69,0,0,0,69
12/08/2020,ISM,FL,ASO,ES,Federal Contract Tower,0,7,67,0,74,0,8,134,0,142,0,15,201,0,216,216,0,216,432
12/09/2020,ISM,FL,ASO,ES,Federal Contract Tower,0,11,83,0,94,0,2,114,0,116,0,13,197,0,210,158,0,158,368
12/10/2020,ISM,FL,ASO,ES,Federal Contract Tower,0,14,97,0,111,0,4,119,6,129,0,18,216,6,240,198,0,198,438
12/11/2020,ISM,FL,ASO,ES,Federal Contract Tower,0,8,54,4,66,0,11,113,0,124,0,19,167,4,190,168,0,168,358
12/12/2020,ISM,FL,ASO,ES,Federal Contract Tower,0,3,51,0,54,0,3,100,0,103,0,6,151,0,157,134,0,134,291
12/13/2020,ISM,FL,ASO,ES,Federal Contract Tower,0,5,43,0,48,0,2,72,0,74,0,7,115,0,122,112,0,112,234
12/14/2020,ISM,FL,ASO,ES,Federal Contract Tower,0,14,63,4,81,0,4,65,0,69,0,18,128,4,150,198,0,198,348
12/15/2020,ISM,FL,ASO,ES,Federal Contract Tower,0,2,120,4,126,0,4,79,0,83,0,6,199,4,209,146,0,146,355
12/16/2020,ISM,FL,ASO,ES,Federal Contract Tower,0,3,62,0,65,0,0,46,0,46,0,3,108,0,111,104,0,104,215
12/17/2020,ISM,FL,ASO,ES,Federal Contract Tower,0,8,89,0,97,0,37,0,0,37,0,45,89,0,134,60,0,60,194
12/18/2020,ISM,FL,ASO,ES,Federal Contract Tower,0,10,47,0,57,0,11,107,0,118,0,21,154,0,175,126,0,126,301
12/19/2020,ISM,FL,ASO,ES,Federal Contract Tower,0,8,36,0,44,0,5,112,0,117,0,13,148,0,161,138,0,138,299
12/20/2020,ISM,FL,ASO,ES,Federal Contract Tower,0,13,37,0,50,0,0,61,0,61,0,13,98,0,111,128,0,128,239
12/21/2020,ISM,FL,ASO,ES,Federal Contract Tower,0,11,57,0,68,0,0,81,0,81,0,11,138,0,149,228,0,228,377
12/22/2020,ISM,FL,ASO,ES,Federal Contract Tower,0,7,55,0,62,0,2,129,0,131,0,9,184,0,193,200,0,200,393
12/23/2020,ISM,FL,ASO,ES,Federal Contract Tower,0,6,50,0,56,0,4,102,0,106,0,10,152,0,162,96,0,96,258
12/24/2020,ISM,FL,ASO,ES,Federal Contract Tower,0,4,14,0,18,0,6,40,0,46,0,10,54,0,64,72,0,72,136
12/25/2020,ISM,FL,ASO,ES,Federal Contract Tower,0,6,9,0,15,0,4,35,0,39,0,10,44,0,54,10,0,10,64
12/26/2020,ISM,FL,ASO,ES,Federal Contract Tower,0,6,58,0,64,0,1,76,0,77,0,7,134,0,141,108,0,108,249
12/27/2020,ISM,FL,ASO,ES,Federal Contract Tower,0,20,34,0,54,0,0,90,0,90,0,20,124,0,144,70,0,70,214
12/28/2020,ISM,FL,ASO,ES,Federal Contract Tower,0,11,54,0,65,0,5,73,0,78,0,16,127,0,143,164,0,164,307
12/29/2020,ISM,FL,ASO,ES,Federal Contract Tower,0,6,58,0,64,0,4,104,0,108,0,10,162,0,172,102,0,102,274
12/30/2020,ISM,FL,ASO,ES,Federal Contract Tower,0,9,67,0,76,0,13,96,0,109,0,22,163,0,185,134,0,134,319
12/31/2020,ISM,FL,ASO,ES,Federal Contract Tower,0,11,43,0,54,0,2,81,0,83,0,13,124,0,137,148,0,148,285
01/01/2021,ISM,FL,ASO,ES,Federal Contract Tower,0,10,38,0,48,0,4,78,0,82,0,14,116,0,130,72,0,72,202
01/02/2021,ISM,FL,ASO,ES,Federal Contract Tower,0,20,50,0,70,0,0,66,0,66,0,20,116,0,136,82,0,82,218
01/03/2021,ISM,FL,ASO,ES,Federal Contract Tower,0,22,53,0,75,0,5,46,0,51,0,27,99,0,126,42,0,42,168
01/04/2021,ISM,FL,ASO,ES,Federal Contract Tower,0,12,52,0,64,0,5,112,0,117,0,17,164,0,181,196,0,196,377
01/05/2021,ISM,FL,ASO,ES,Federal Contract Tower,0,8,50,0,58,0,4,115,0,119,0,12,165,0,177,166,0,166,343
01/06/2021,ISM,FL,ASO,ES,Federal Contract Tower,0,7,64,2,73,0,4,63,0,67,0,11,127,2,140,196,0,196,336
01/07/2021,ISM,FL,ASO,ES,Federal Contract Tower,0,9,66,0,75,0,0,108,0,108,0,9,174,0,183,166,0,166,349
01/08/2021,ISM,FL,ASO,ES,Federal Contract Tower,0,2,38,0,40,0,8,75,0,83,0,10,113,0,123,94,0,94,217
01/09/2021,ISM,FL,ASO,ES,Federal Contract Tower,0,3,48,0,51,0,2,108,0,110,0,5,156,0,161,166,0,166,327
01/10/2021,ISM,FL,ASO,ES,Federal Contract Tower,0,6,31,3,40,0,5,109,0,114,0,11,140,3,154,206,0,206,360
01/11/2021,ISM,FL,ASO,ES,Federal Contract Tower,0,8,42,0,50,0,2,97,0,99,0,10,139,0,149,272,0,272,421
01/12/2021,ISM,FL,ASO,ES,Federal Contract Tower,0,3,77,0,80,0,4,65,0,69,0,7,142,0,149,164,0,164,313
01/13/2021,ISM,FL,ASO,ES,Federal Contract Tower,0,7,64,0,71,0,5,23,0,28,0,12,87,0,99,82,0,82,181
01/14/2021,ISM,FL,ASO,ES,Federal Contract Tower,0,9,57,0,66,0,2,90,0,92,0,11,147,0,158,262,0,262,420
01/15/2021,ISM,FL,ASO,ES,Federal Contract Tower,0,6,102,0,108,0,6,104,0,110,0,12,206,0,218,180,0,180,398
01/16/2021,ISM,FL,ASO,ES,Federal Contract Tower,0,9,54,0,63,0,4,112,0,116,0,13,166,0,179,118,0,118,297
01/17/2021,ISM,FL,ASO,ES,Federal Contract Tower,0,14,40,0,54,0,4,94,0,98,0,18,134,0,152,192,0,192,344
01/18/2021,ISM,FL,ASO,ES,Federal Contract Tower,0,7,53,0,60,0,3,108,0,111,0,10,161,0,171,218,0,218,389
01/19/2021,ISM,FL,ASO,ES,Federal Contract Tower,0,2,44,0,46,0,2,113,0,115,0,4,157,0,161,216,0,216,377
01/20/2021,ISM,FL,ASO,ES,Federal Contract Tower,0,6,50,0,56,0,6,105,0,111,0,12,155,0,167,232,0,232,399
01/21/2021,ISM,FL,ASO,ES,Federal Contract Tower,0,8,63,0,71,0,0,116,0,116,0,8,179,0,187,142,0,142,329
01/22/2021,ISM,FL,ASO,ES,Federal Contract Tower,0,3,44,0,47,0,13,115,0,128,0,16,159,0,175,144,0,144,319
01/23/2021,ISM,FL,ASO,ES,Federal Contract Tower,0,4,37,0,41,0,1,0,0,1,0,5,37,0,42,0,0,0,42
01/24/2021,ISM,FL,ASO,ES,Federal Contract Tower,0,10,43,0,53,0,2,106,0,108,0,12,149,0,161,136,0,136,297
01/25/2021,ISM,FL,ASO,ES,Federal Contract Tower,0,1,64,0,65,0,0,68,0,68,0,1,132,0,133,180,0,180,313
01/26/2021,ISM,FL,ASO,ES,Federal Contract Tower,0,6,47,0,53,0,1,63,0,64,0,7,110,0,117,114,0,114,231
01/27/2021,ISM,FL,ASO,ES,Federal Contract Tower,0,6,44,0,50,0,2,65,0,67,0,8,109,0,117,68,0,68,185
01/28/2021,ISM,FL,ASO,ES,Federal Contract Tower,0,6,37,0,43,0,4,79,0,83,0,10,116,0,126,184,0,184,310
01/29/2021,ISM,FL,ASO,ES,Federal Contract Tower,0,7,48,0,55,0,4,131,0,135,0,11,179,0,190,332,0,332,522
01/30/2021,ISM,FL,ASO,ES,Federal Contract Tower,0,3,25,0,28,0,6,144,0,150,0,9,169,0,178,216,0,216,394
01/31/2021,ISM,FL,ASO,ES,Federal Contract Tower,0,11,41,0,52,0,6,76,0,82,0,17,117,0,134,128,0,128,262
02/01/2021,ISM,FL,ASO,ES,Federal Contract Tower,0,6,19,0,25,0,3,30,0,33,0,9,49,0,58,38,0,38,96
02/02/2021,ISM,FL,ASO,ES,Federal Contract Tower,0,10,27,0,37,0,2,43,0,45,0,12,70,0,82,14,0,14,96
02/03/2021,ISM,FL,ASO,ES,Federal Contract Tower,0,8,40,0,48,0,4,108,0,112,0,12,148,0,160,324,0,324,484
02/04/2021,ISM,FL,ASO,ES,Federal Contract Tower,0,5,62,0,67,0,5,111,0,116,0,10,173,0,183,274,0,274,457
02/05/2021,ISM,FL,ASO,ES,Federal Contract Tower,0,7,79,0,86,0,6,152,0,158,0,13,231,0,244,270,0,270,514
02/06/2021,ISM,FL,ASO,ES,Federal Contract Tower,0,5,46,0,51,0,2,24,0,26,0,7,70,0,77,50,0,50,127
02/07/2021,ISM,FL,ASO,ES,Federal Contract Tower,0,4,31,0,35,0,2,43,0,45,0,6,74,0,80,70,0,70,150
02/08/2021,ISM,FL,ASO,ES,Federal Contract Tower,0,6,66,0,72,0,8,45,0,53,0,14,111,0,125,122,0,122,247
02/09/2021,ISM,FL,ASO,ES,Federal Contract Tower,0,8,28,0,36,0,8,75,0,83,0,16,103,0,119,132,0,132,251
02/10/2021,ISM,FL,ASO,ES,Federal Contract Tower,0,10,55,0,65,0,4,111,0,115,0,14,166,0,180,158,0,158,338
02/11/2021,ISM,FL,ASO,ES,Federal Contract Tower,0,12,58,0,70,0,3,113,0,116,0,15,171,0,186,228,0,228,414
02/12/2021,ISM,FL,ASO,ES,Federal Contract Tower,0,12,81,0,93,0,7,80,0,87,0,19,161,0,180,134,0,134,314
02/13/2021,ISM,FL,ASO,ES,Federal Contract Tower,0,11,33,0,44,0,0,56,0,56,0,11,89,0,100,30,0,30,130
02/14/2021,ISM,FL,ASO,ES,Federal Contract Tower,0,11,34,0,45,0,5,108,0,113,0,16,142,0,158,76,0,76,234
02/15/2021,ISM,FL,ASO,ES,Federal Contract Tower,0,18,67,0,85,0,4,69,0,73,0,22,136,0,158,60,0,60,218
02/16/2021,ISM,FL,ASO,ES,Federal Contract Tower,0,17,67,0,84,0,5,79,0,84,0,22,146,0,168,206,0,206,374
02/17/2021,ISM,FL,ASO,ES,Federal Contract Tower,0,3,76,0,79,0,0,55,0,55,0,3,131,0,134,36,0,36,170
02/18/2021,ISM,FL,ASO,ES,Federal Contract Tower,0,2,61,0,63,0,6,133,0,139,0,8,194,0,202,162,0,162,364
02/19/2021,ISM,FL,ASO,ES,Federal Contract Tower,0,11,54,0,65,0,3,40,0,43,0,14,94,0,108,32,0,32,140
02/20/2021,ISM,FL,ASO,ES,Federal Contract Tower,0,7,45,0,52,0,1,166,0,167,0,8,211,0,219,186,0,186,405
02/21/2021,ISM,FL,ASO,ES,Federal Contract Tower,0,12,34,0,46,0,6,53,0,59,0,18,87,0,105,78,0,78,183
02/22/2021,ISM,FL,ASO,ES,Federal Contract Tower,0,6,61,0,67,0,4,95,0,99,0,10,156,0,166,206,0,206,372
02/23/2021,ISM,FL,ASO,ES,Federal Contract Tower,0,4,59,0,63,0,4,125,0,129,0,8,184,0,192,306,0,306,498
02/24/2021,ISM,FL,ASO,ES,Federal Contract Tower,0,8,58,6,72,0,4,142,0,146,0,12,200,6,218,232,0,232,450
02/25/2021,ISM,FL,ASO,ES,Federal Contract Tower,0,10,48,2,60,0,6,123,0,129,0,16,171,2,189,200,0,200,389
02/26/2021,ISM,FL,ASO,ES,Federal Contract Tower,0,11,47,0,58,0,10,121,0,131,0,21,168,0,189,224,0,224,413
02/27/2021,ISM,FL,ASO,ES,Federal Contract Tower,0,9,27,0,36,0,1,119,0,120,0,10,146,0,156,158,0,158,314
02/28/2021,ISM,FL,ASO,ES,Federal Contract Tower,0,12,35,0,47,0,5,90,0,95,0,17,125,0,142,126,0,126,268
03/01/2021,ISM,FL,ASO,ES,Federal Contract Tower,0,19,64,0,83,0,4,78,0,82,0,23,142,0,165,212,0,212,377
03/02/2021,ISM,FL,ASO,ES,Federal Contract Tower,0,8,26,0,34,0,9,75,0,84,0,17,101,0,118,154,0,154,272
03/03/2021,ISM,FL,ASO,ES,Federal Contract Tower,0,7,44,0,51,0,4,63,0,67,0,11,107,0,118,70,0,70,188
03/04/2021,ISM,FL,ASO,ES,Federal Contract Tower,0,12,50,0,62,0,4,105,0,109,0,16,155,0,171,200,0,200,371
03/05/2021,ISM,FL,ASO,ES,Federal Contract Tower,0,6,49,0,55,0,2,149,0,151,0,8,198,0,206,238,0,238,444
03/06/2021,ISM,FL,ASO,ES,Federal Contract Tower,0,8,22,0,30,0,6,70,0,76,0,14,92,0,106,78,0,78,184
03/07/2021,ISM,FL,ASO,ES,Federal Contract Tower,0,11,55,0,66,0,4,86,0,90,0,15,141,0,156,102,0,102,258
03/08/2021,ISM,FL,ASO,ES,Federal Contract Tower,0,15,51,0,66,0,2,110,8,120,0,17,161,8,186,204,0,204,390
03/09/2021,ISM,FL,ASO,ES,Federal Contract Tower,0,9,42,2,53,0,3,146,0,149,0,12,188,2,202,76,0,76,278
03/10/2021,ISM,FL,ASO,ES,Federal Contract Tower,0,6,51,0,57,0,3,116,2,121,0,9,167,2,178,226,0,226,404
03/11/2021,ISM,FL,ASO,ES,Federal Contract Tower,0,9,49,0,58,0,3,128,0,131,0,12,177,0,189,230,0,230,419
03/12/2021,ISM,FL,ASO,ES,Federal Contract Tower,0,17,46,2,65,0,8,137,0,145,0,25,183,2,210,214,0,214,424
03/13/2021,ISM,FL,ASO,ES,Federal Contract Tower,0,15,53,0,68,0,7,150,0,157,0,22,203,0,225,248,0,248,473
03/14/2021,ISM,FL,ASO,ES,Federal Contract Tower,0,11,59,0,70,0,0,129,0,129,0,11,188,0,199,164,0,164,363
03/15/2021,ISM,FL,ASO,ES,Federal Contract Tower,0,6,23,0,29,0,2,128,0,130,0,8,151,0,159,152,0,152,311
03/16/2021,ISM,FL,ASO,ES,Federal Contract Tower,0,3,60,0,63,0,8,120,0,128,0,11,180,0,191,208,0,208,399
03/17/2021,ISM,FL,ASO,ES,Federal Contract Tower,0,17,74,0,91,0,4,135,0,139,0,21,209,0,230,166,0,166,396
03/18/2021,ISM,FL,ASO,ES,Federal Contract Tower,0,9,53,0,62,0,3,74,0,77,0,12,127,0,139,16,0,16,155
03/19/2021,ISM,FL,ASO,ES,Federal Contract Tower,0,14,54,0,68,0,5,132,0,137,0,19,186,0,205,288,0,288,493
03/20/2021,ISM,FL,ASO,ES,Federal Contract Tower,0,18,59,0,77,0,3,91,0,94,0,21,150,0,171,98,0,98,269
03/21/2021,ISM,FL,ASO,ES,Federal Contract Tower,0,24,65,0,89,0,3,66,0,69,0,27,131,0,158,52,0,52,210
03/22/2021,ISM,FL,ASO,ES,Federal Contract Tower,0,12,63,2,77,0,2,37,2,41,0,14,100,4,118,56,0,56,174
03/23/2021,ISM,FL,ASO,ES,Federal Contract Tower,0,4,29,0,33,0,3,95,0,98,0,7,124,0,131,186,0,186,317
03/24/2021,ISM,FL,ASO,ES,Federal Contract Tower,0,13,63,0,76,0,0,171,0,171,0,13,234,0,247,322,0,322,569
03/25/2021,ISM,FL,ASO,ES,Federal Contract Tower,0,14,95,0,109,0,2,100,0,102,0,16,195,0,211,139,0,139,350
03/26/2021,ISM,FL,ASO,ES,Federal Contract Tower,0,7,85,0,92,0,1,134,0,135,0,8,219,0,227,184,0,184,411
03/27/2021,ISM,FL,ASO,ES,Federal Contract Tower,0,8,77,0,85,0,3,151,0,154,0,11,228,0,239,176,0,176,415
03/28/2021,ISM,FL,ASO,ES,Federal Contract Tower,0,13,65,0,78,0,4,77,0,81,0,17,142,0,159,118,0,118,277
03/29/2021,ISM,FL,ASO,ES,Federal Contract Tower,0,5,53,0,58,0,8,96,0,104,0,13,149,0,162,194,0,194,356
03/30/2021,ISM,FL,ASO,ES,Federal Contract Tower,0,16,82,2,100,0,2,123,0,125,0,18,205,2,225,242,0,242,467
03/31/2021,ISM,FL,ASO,ES,Federal Contract Tower,0,9,55,2,66,0,4,128,0,132,0,13,183,2,198,198,0,198,396
04/01/2021,ISM,FL,ASO,ES,Federal Contract Tower,0,17,58,0,75,0,2,99,0,101,0,19,157,0,176,188,0,188,364
04/02/2021,ISM,FL,ASO,ES,Federal Contract Tower,0,21,54,0,75,0,5,110,0,115,0,26,164,0,190,98,0,98,288
04/03/2021,ISM,FL,ASO,ES,Federal Contract Tower,0,3,40,0,43,0,2,132,0,134,0,5,172,0,177,96,0,96,273
04/04/2021,ISM,FL,ASO,ES,Federal Contract Tower,0,15,40,0,55,0,6,92,0,98,0,21,132,0,153,110,0,110,263
04/05/2021,ISM,FL,ASO,ES,Federal Contract Tower,0,18,67,0,85,0,6,154,0,160,0,24,221,0,245,224,0,224,469
04/06/2021,ISM,FL,ASO,ES,Federal Contract Tower,0,4,63,0,67,0,3,148,0,151,0,7,211,0,218,236,0,236,454
04/07/2021,ISM,FL,ASO,ES,Federal Contract Tower,0,10,50,0,60,0,4,157,0,161,0,14,207,0,221,322,0,322,543
04/08/2021,ISM,FL,ASO,ES,Federal Contract Tower,0,13,62,2,77,0,0,122,0,122,0,13,184,2,199,204,0,204,403
04/09/2021,ISM,FL,ASO,ES,Federal Contract Tower,0,13,66,0,79,0,6,133,0,139,0,19,199,0,218,264,0,264,482
04/10/2021,ISM,FL,ASO,ES,Federal Contract Tower,0,16,37,0,53,0,6,139,0,145,0,22,176,0,198,130,0,130,328
04/11/2021,ISM,FL,ASO,ES,Federal Contract Tower,0,10,27,0,37,0,0,27,0,27,0,10,54,0,64,42,0,42,106
04/12/2021,ISM,FL,ASO,ES,Federal Contract Tower,0,12,63,0,75,0,5,100,0,105,0,17,163,0,180,182,0,182,362
04/13/2021,ISM,FL,ASO,ES,Federal Contract Tower,0,5,50,0,55,0,2,133,0,135,0,7,183,0,190,286,0,286,476
04/14/2021,ISM,FL,ASO,ES,Federal Contract Tower,0,6,84,0,90,0,7,163,0,170,0,13,247,0,260,352,0,352,612
04/15/2021,ISM,FL,ASO,ES,Federal Contract Tower,0,8,72,0,80,0,1,99,0,100,0,9,171,0,180,326,0,326,506
04/16/2021,ISM,FL,ASO,ES,Federal Contract Tower,0,19,55,0,74,0,2,114,0,116,0,21,169,0,190,162,0,162,352
04/17/2021,ISM,FL,ASO,ES,Federal Contract Tower,0,5,41,0,46,0,0,70,0,70,0,5,111,0,116,58,0,58,174
04/18/2021,ISM,FL,ASO,ES,Federal Contract Tower,0,6,53,0,59,0,2,64,0,66,0,8,117,0,125,28,0,28,153
04/19/2021,ISM,FL,ASO,ES,Federal Contract Tower,0,8,18,0,26,0,2,30,0,32,0,10,48,0,58,116,0,116,174
04/20/2021,ISM,FL,ASO,ES,Federal Contract Tower,0,11,20,0,31,0,0,20,0,20,0,11,40,0,51,42,0,42,93
04/21/2021,ISM,FL,ASO,ES,Federal Contract Tower,0,15,46,0,61,0,5,130,0,135,0,20,176,0,196,270,0,270,466
04/22/2021,ISM,FL,ASO,ES,Federal Contract Tower,0,9,52,2,63,0,4,131,0,135,0,13,183,2,198,324,0,324,522
04/23/2021,ISM,FL,ASO,ES,Federal Contract Tower,0,8,55,0,63,0,4,143,0,147,0,12,198,0,210,272,0,272,482
04/24/2021,ISM,FL,ASO,ES,Federal Contract Tower,0,14,34,0,48,0,6,130,0,136,0,20,164,0,184,154,0,154,338
04/25/2021,ISM,FL,ASO,ES,Federal Contract Tower,0,21,42,0,63,0,8,59,0,67,0,29,101,0,130,66,0,66,196
04/26/2021,ISM,FL,ASO,ES,Federal Contract Tower,0,3,47,0,50,0,4,86,0,90,0,7,133,0,140,368,0,368,508
04/27/2021,ISM,FL,ASO,ES,Federal Contract Tower,0,15,45,0,60,0,5,132,0,137,0,20,177,0,197,236,0,236,433
04/28/2021,ISM,FL,ASO,ES,Federal Contract Tower,0,14,33,1,48,0,1,98,1,100,0,15,131,2,148,498,0,498,646
04/29/2021,ISM,FL,ASO,ES,Federal Contract Tower,0,12,44,0,56,0,6,130,0,136,0,18,174,0,192,362,0,362,554
04/30/2021,ISM,FL,ASO,ES,Federal Contract Tower,0,10,57,0,67,0,5,122,0,127,0,15,179,0,194,222,0,222,416
05/01/2021,ISM,FL,ASO,ES,Federal Contract Tower,0,4,37,0,41,0,6,89,0,95,0,10,126,0,136,176,0,176,312
05/02/2021,ISM,FL,ASO,ES,Federal Contract Tower,0,14,44,0,58,0,2,96,0,98,0,16,140,0,156,146,0,146,302
05/03/2021,ISM,FL,ASO,ES,Federal Contract Tower,0,10,33,0,43,0,4,98,0,102,0,14,131,0,145,160,0,160,305
05/04/2021,ISM,FL,ASO,ES,Federal Contract Tower,0,7,58,0,65,0,3,85,0,88,0,10,143,0,153,158,0,158,311
05/05/2021,ISM,FL,ASO,ES,Federal Contract Tower,0,8,70,0,78,0,1,125,0,126,0,9,195,0,204,204,0,204,408
05/06/2021,ISM,FL,ASO,ES,Federal Contract Tower,0,1,49,0,50,0,1,70,0,71,0,2,119,0,121,168,0,168,289
05/07/2021,ISM,FL,ASO,ES,Federal Contract Tower,0,8,57,0,65,0,3,161,0,164,0,11,218,0,229,331,0,331,560
05/08/2021,ISM,FL,ASO,ES,Federal Contract Tower,0,4,21,0,25,0,7,126,0,133,0,11,147,0,158,256,0,256,414
05/09/2021,ISM,FL,ASO,ES,Federal Contract Tower,0,20,42,0,62,0,4,94,0,98,0,24,136,0,160,152,0,152,312
05/10/2021,ISM,FL,ASO,ES,Federal Contract Tower,0,8,44,0,52,0,6,117,0,123,0,14,161,0,175,184,0,184,359
05/11/2021,ISM,FL,ASO,ES,Federal Contract Tower,0,14,59,0,73,0,4,91,0,95,0,18,150,0,168,232,0,232,400
05/12/2021,ISM,FL,ASO,ES,Federal Contract Tower,0,8,38,0,46,0,0,63,0,63,0,8,101,0,109,292,0,292,401
05/13/2021,ISM,FL,ASO,ES,Federal Contract Tower,0,9,31,0,40,0,8,65,0,73,0,17,96,0,113,182,0,182,295
05/14/2021,ISM,FL,ASO,ES,Federal Contract Tower,0,13,64,0,77,0,1,137,0,138,0,14,201,0,215,230,0,230,445
05/15/2021,ISM,FL,ASO,ES,Federal Contract Tower,0,17,52,0,69,0,3,101,0,104,0,20,153,0,173,142,0,142,315
05/16/2021,ISM,FL,ASO,ES,Federal Contract Tower,0,17,35,0,52,0,10,98,0,108,0,27,133,0,160,88,0,88,248
05/17/2021,ISM,FL,ASO,ES,Federal Contract Tower,0,10,50,0,60,0,2,118,0,120,0,12,168,0,180,220,0,220,400
05/18/2021,ISM,FL,ASO,ES,Federal Contract Tower,0,9,32,0,41,0,5,99,0,104,0,14,131,0,145,234,0,234,379
05/19/2021,ISM,FL,ASO,ES,Federal Contract Tower,0,7,64,0,71,0,11,79,0,90,0,18,143,0,161,150,0,150,311
05/20/2021,ISM,FL,ASO,ES,Federal Contract Tower,0,6,48,0,54,0,4,52,0,56,0,10,100,0,110,122,0,122,232
05/21/2021,ISM,FL,ASO,ES,Federal Contract Tower,0,8,54,0,62,0,2,88,0,90,0,10,142,0,152,240,0,240,392
05/22/2021,ISM,FL,ASO,ES,Federal Contract Tower,0,10,38,1,49,0,3,124,0,127,0,13,162,1,176,134,0,134,310
05/23/2021,ISM,FL,ASO,ES,Federal Contract Tower,0,10,39,0,49,0,4,119,0,123,0,14,158,0,172,222,0,222,394
05/24/2021,ISM,FL,ASO,ES,Federal Contract Tower,0,10,44,0,54,0,2,126,0,128,0,12,170,0,182,284,0,284,466
05/25/2021,ISM,FL,ASO,ES,Federal Contract Tower,0,8,60,0,68,0,0,135,0,135,0,8,195,0,203,322,0,322,525
05/26/2021,ISM,FL,ASO,ES,Federal Contract Tower,0,23,87,0,110,0,7,131,0,138,0,30,218,0,248,304,0,304,552
05/27/2021,ISM,FL,ASO,ES,Federal Contract Tower,0,14,64,0,78,0,4,133,0,137,0,18,197,0,215,302,0,302,517
05/28/2021,ISM,FL,ASO,ES,Federal Contract Tower,0,11,57,0,68,0,1,111,0,112,0,12,168,0,180,274,0,274,454
05/29/2021,ISM,FL,ASO,ES,Federal Contract Tower,0,11,35,0,46,0,0,91,0,91,0,11,126,0,137,150,0,150,287
05/30/2021,ISM,FL,ASO,ES,Federal Contract Tower,0,8,31,0,39,0,4,72,0,76,0,12,103,0,115,68,0,68,183
05/31/2021,ISM,FL,ASO,ES,Federal Contract Tower,0,14,45,0,59,0,7,92,0,99,0,21,137,0,158,142,0,142,300
06/01/2021,ISM,FL,ASO,ES,Federal Contract Tower,0,4,53,0,57,0,6,89,0,95,0,10,142,0,152,178,0,178,330
06/02/2021,ISM,FL,ASO,ES,Federal Contract Tower,0,0,56,0,56,0,3,99,0,102,0,3,155,0,158,318,0,318,476
06/03/2021,ISM,FL,ASO,ES,Federal Contract Tower,0,10,50,0,60,0,0,50,0,50,0,10,100,0,110,130,0,130,240
06/04/2021,ISM,FL,ASO,ES,Federal Contract Tower,0,1,28,0,29,0,1,65,0,66,0,2,93,0,95,216,0,216,311
06/05/2021,ISM,FL,ASO,ES,Federal Contract Tower,0,10,51,0,61,0,4,91,0,95,0,14,142,0,156,198,0,198,354
06/06/2021,ISM,FL,ASO,ES,Federal Contract Tower,0,4,47,0,51,0,4,97,0,101,0,8,144,0,152,200,0,200,352
06/07/2021,ISM,FL,ASO,ES,Federal Contract Tower,0,4,54,0,58,0,8,100,0,108,0,12,154,0,166,206,0,206,372
06/08/2021,ISM,FL,ASO,ES,Federal Contract Tower,0,12,52,0,64,0,8,133,0,141,0,20,185,0,205,222,0,222,427
06/09/2021,ISM,FL,ASO,ES,Federal Contract Tower,0,5,73,0,78,0,7,135,0,142,0,12,208,0,220,264,0,264,484
06/10/2021,ISM,FL,ASO,ES,Federal Contract Tower,0,6,60,0,66,0,12,163,0,175,0,18,223,0,241,280,0,280,521
06/11/2021,ISM,FL,ASO,ES,Federal Contract Tower,0,8,67,0,75,0,4,114,0,118,0,12,181,0,193,172,0,172,365
06/12/2021,ISM,FL,ASO,ES,Federal Contract Tower,0,7,72,0,79,0,3,124,0,127,0,10,196,0,206,162,0,162,368
06/13/2021,ISM,FL,ASO,ES,Federal Contract Tower,0,7,41,0,48,0,2,65,0,67,0,9,106,0,115,84,0,84,199
06/14/2021,ISM,FL,ASO,ES,Federal Contract Tower,0,4,39,0,43,0,0,81,0,81,0,4,120,0,124,142,0,142,266
06/15/2021,ISM,FL,ASO,ES,Federal Contract Tower,0,4,33,0,37,0,2,37,0,39,0,6,70,0,76,28,0,28,104
06/16/2021,ISM,FL,ASO,ES,Federal Contract Tower,0,10,40,0,50,0,3,87,0,90,0,13,127,0,140,128,0,128,268
06/17/2021,ISM,FL,ASO,ES,Federal Contract Tower,0,9,55,0,64,0,2,111,0,113,0,11,166,0,177,254,0,254,431
06/18/2021,ISM,FL,ASO,ES,Federal Contract Tower,0,9,60,0,69,0,3,144,0,147,0,12,204,0,216,216,0,216,432
06/19/2021,ISM,FL,ASO,ES,Federal Contract Tower,0,7,65,0,72,0,6,93,0,99,0,13,158,0,171,128,0,128,299
06/20/2021,ISM,FL,ASO,ES,Federal Contract Tower,0,4,33,0,37,0,6,118,0,124,0,10,151,0,161,224,0,224,385
06/21/2021,ISM,FL,ASO,ES,Federal Contract Tower,0,23,43,0,66,0,3,103,0,106,0,26,146,0,172,136,0,136,308
06/22/2021,ISM,FL,ASO,ES,Federal Contract Tower,0,8,54,0,62,0,2,86,0,88,0,10,140,0,150,68,0,68,218
06/23/2021,ISM,FL,ASO,ES,Federal Contract Tower,0,5,70,0,75,0,0,129,0,129,0,5,199,0,204,272,0,272,476
06/24/2021,ISM,FL,ASO,ES,Federal Contract Tower,0,7,57,0,64,0,10,102,0,112,0,17,159,0,176,90,0,90,266
06/25/2021,ISM,FL,ASO,ES,Federal Contract Tower,0,8,47,0,55,0,0,81,0,81,0,8,128,0,136,180,0,180,316
06/26/2021,ISM,FL,ASO,ES,Federal Contract Tower,0,7,77,0,84,0,2,127,0,129,0,9,204,0,213,204,0,204,417
06/27/2021,ISM,FL,ASO,ES,Federal Contract Tower,0,7,42,0,49,0,8,129,0,137,0,15,171,0,186,152,0,152,338
06/28/2021,ISM,FL,ASO,ES,Federal Contract Tower,0,4,52,0,56,0,5,117,0,122,0,9,169,0,178,224,0,224,402
06/29/2021,ISM,FL,ASO,ES,Federal Contract Tower,0,4,35,2,41,0,0,99,0,99,0,4,134,2,140,90,0,90,230
06/30/2021,ISM,FL,ASO,ES,Federal Contract Tower,0,6,33,0,39,0,0,93,0,93,0,6,126,0,132,166,0,166,298
07/01/2021,ISM,FL,ASO,ES,Federal Contract Tower,0,3,34,2,39,0,4,104,0,108,0,7,138,2,147,198,0,198,345
07/02/2021,ISM,FL,ASO,ES,Federal Contract Tower,0,4,46,0,50,0,0,66,0,66,0,4,112,0,116,122,0,122,238
07/03/2021,ISM,FL,ASO,ES,Federal Contract Tower,0,3,25,0,28,0,0,28,0,28,0,3,53,0,56,18,0,18,74
07/04/2021,ISM,FL,ASO,ES,Federal Contract Tower,0,9,8,0,17,0,6,51,0,57,0,15,59,0,74,72,0,72,146
07/05/2021,ISM,FL,ASO,ES,Federal Contract Tower,0,14,42,0,56,0,0,88,0,88,0,14,130,0,144,136,0,136,280
07/06/2021,ISM,FL,ASO,ES,Federal Contract Tower,0,1,26,0,27,0,1,47,0,48,0,2,73,0,75,82,0,82,157
07/07/2021,ISM,FL,ASO,ES,Federal Contract Tower,0,6,19,0,25,0,1,18,0,19,0,7,37,0,44,4,0,4,48
07/08/2021,ISM,FL,ASO,ES,Federal Contract Tower,0,13,40,0,53,0,5,86,0,91,0,18,126,0,144,196,0,196,340
07/09/2021,ISM,FL,ASO,ES,Federal Contract Tower,0,12,56,0,68,0,2,126,0,128,0,14,182,0,196,148,0,148,344
07/10/2021,ISM,FL,ASO,ES,Federal Contract Tower,0,7,35,0,42,0,2,126,0,128,0,9,161,0,170,172,0,172,342
07/11/2021,ISM,FL,ASO,ES,Federal Contract Tower,0,8,50,0,58,0,2,95,0,97,0,10,145,0,155,118,0,118,273
07/12/2021,ISM,FL,ASO,ES,Federal Contract Tower,0,6,32,0,38,0,0,0,0,0,0,6,32,0,38,84,0,84,122
07/13/2021,ISM,FL,ASO,ES,Federal Contract Tower,0,6,49,0,55,0,5,92,0,97,0,11,141,0,152,138,0,138,290
07/14/2021,ISM,FL,ASO,ES,Federal Contract Tower,0,5,43,0,48,0,2,87,0,89,0,7,130,0,137,270,0,270,407
07/15/2021,ISM,FL,ASO,ES,Federal Contract Tower,0,12,38,0,50,0,5,139,0,144,0,17,177,0,194,162,0,162,356
07/16/2021,ISM,FL,ASO,ES,Federal Contract Tower,0,9,24,0,33,0,3,86,0,89,0,12,110,0,122,158,0,158,280
07/17/2021,ISM,FL,ASO,ES,Federal Contract Tower,0,8,52,0,60,0,4,115,0,119,0,12,167,0,179,194,0,194,373
07/18/2021,ISM,FL,ASO,ES,Federal Contract Tower,0,2,31,0,33,0,6,76,0,82,0,8,107,0,115,78,0,78,193
07/19/2021,ISM,FL,ASO,ES,Federal Contract Tower,0,10,37,0,47,0,0,96,0,96,0,10,133,0,143,136,0,136,279
07/20/2021,ISM,FL,ASO,ES,Federal Contract Tower,0,8,31,0,39,0,4,114,0,118,0,12,145,0,157,214,0,214,371
07/21/2021,ISM,FL,ASO,ES,Federal Contract Tower,0,11,50,0,61,0,2,128,0,130,0,13,178,0,191,228,0,228,419
07/22/2021,ISM,FL,ASO,ES,Federal Contract Tower,0,8,42,0,50,0,6,116,0,122,0,14,158,0,172,224,0,224,396
07/23/2021,ISM,FL,ASO,ES,Federal Contract Tower,0,5,29,0,34,0,0,109,0,109,0,5,138,0,143,172,0,172,315
07/24/2021,ISM,FL,ASO,ES,Federal Contract Tower,0,12,48,2,62,0,6,98,0,104,0,18,146,2,166,264,0,264,430
07/25/2021,ISM,FL,ASO,ES,Federal Contract Tower,0,12,37,0,49,0,6,98,0,104,0,18,135,0,153,210,0,210,363
07/26/2021,ISM,FL,ASO,ES,Federal Contract Tower,0,9,66,0,75,0,3,73,0,76,0,12,139,0,151,182,0,182,333
07/27/2021,ISM,FL,ASO,ES,Federal Contract Tower,0,2,36,0,38,0,2,108,2,112,0,4,144,2,150,110,0,110,260
07/28/2021,ISM,FL,ASO,ES,Federal Contract Tower,0,5,42,0,47,0,0,94,0,94,0,5,136,0,141,156,0,156,297
07/29/2021,ISM,FL,ASO,ES,Federal Contract Tower,0,10,56,2,68,0,3,117,0,120,0,13,173,2,188,170,0,170,358
07/30/2021,ISM,FL,ASO,ES,Federal Contract Tower,0,14,53,0,67,0,5,143,0,148,0,19,196,0,215,226,0,226,441
07/31/2021,ISM,FL,ASO,ES,Federal Contract Tower,0,5,54,0,59,0,1,131,0,132,0,6,185,0,191,148,0,148,339
08/01/2021,ISM,FL,ASO,ES,Federal Contract Tower,0,3,51,0,54,0,2,88,0,90,0,5,139,0,144,108,0,108,252
08/02/2021,ISM,FL,ASO,ES,Federal Contract Tower,0,2,28,0,30,0,3,99,0,102,0,5,127,0,132,156,0,156,288
08/03/2021,ISM,FL,ASO,ES,Federal Contract Tower,0,6,34,0,40,0,4,78,0,82,0,10,112,0,122,142,0,142,264
08/04/2021,ISM,FL,ASO,ES,Federal Contract Tower,0,14,28,0,42,0,0,44,0,44,0,14,72,0,86,160,0,160,246
08/05/2021,ISM,FL,ASO,ES,Federal Contract Tower,0,22,58,0,80,0,3,126,0,129,0,25,184,0,209,184,0,184,393
08/06/2021,ISM,FL,ASO,ES,Federal Contract Tower,0,5,53,0,58,0,1,106,0,107,0,6,159,0,165,180,0,180,345
08/07/2021,ISM,FL,ASO,ES,Federal Contract Tower,0,9,38,0,47,0,1,123,0,124,0,10,161,0,171,78,0,78,249
08/08/2021,ISM,FL,ASO,ES,Federal Contract Tower,0,14,25,0,39,0,3,91,0,94,0,17,116,0,133,192,0,192,325
08/09/2021,ISM,FL,ASO,ES,Federal Contract Tower,0,13,43,0,56,0,5,93,0,98,0,18,136,0,154,358,0,358,512
08/10/2021,ISM,FL,ASO,ES,Federal Contract Tower,0,4,48,0,52,0,6,152,0,158,0,10,200,0,210,184,0,184,394
08/11/2021,ISM,FL,ASO,ES,Federal Contract Tower,0,6,56,0,62,0,0,103,0,103,0,6,159,0,165,170,0,170,335
08/12/2021,ISM,FL,ASO,ES,Federal Contract Tower,0,1,32,0,33,0,5,136,0,141,0,6,168,0,174,248,0,248,422
08/13/2021,ISM,FL,ASO,ES,Federal Contract Tower,0,2,48,0,50,0,3,85,0,88,0,5,133,0,138,96,0,96,234
08/14/2021,ISM,FL,ASO,ES,Federal Contract Tower,0,7,31,0,38,0,3,80,0,83,0,10,111,0,121,116,0,116,237
08/15/2021,ISM,FL,ASO,ES,Federal Contract Tower,0,6,29,0,35,0,0,51,0,51,0,6,80,0,86,72,0,72,158
08/16/2021,ISM,FL,ASO,ES,Federal Contract Tower,0,2,48,0,50,0,0,79,0,79,0,2,127,0,129,168,0,168,297
08/17/2021,ISM,FL,ASO,ES,Federal Contract Tower,0,3,13,0,16,0,4,121,0,125,0,7,134,0,141,180,0,180,321
08/18/2021,ISM,FL,ASO,ES,Federal Contract Tower,0,1,34,0,35,0,6,108,0,114,0,7,142,0,149,295,0,295,444
08/19/2021,ISM,FL,ASO,ES,Federal Contract Tower,0,5,32,0,37,0,2,124,0,126,0,7,156,0,163,190,0,190,353
08/20/2021,ISM,FL,ASO,ES,Federal Contract Tower,0,6,25,0,31,0,4,104,0,108,0,10,129,0,139,264,0,264,403
08/21/2021,ISM,FL,ASO,ES,Federal Contract Tower,0,4,32,0,36,0,2,110,0,112,0,6,142,0,148,176,0,176,324
08/22/2021,ISM,FL,ASO,ES,Federal Contract Tower,0,10,28,0,38,0,0,84,0,84,0,10,112,0,122,200,0,200,322
08/23/2021,ISM,FL,ASO,ES,Federal Contract Tower,0,9,26,0,35,0,2,59,0,61,0,11,85,0,96,164,0,164,260
08/24/2021,ISM,FL,ASO,ES,Federal Contract Tower,0,3,28,0,31,0,2,99,0,101,0,5,127,0,132,216,0,216,348
08/25/2021,ISM,FL,ASO,ES,Federal Contract Tower,0,6,54,0,60,0,6,115,0,121,0,12,169,0,181,232,0,232,413
08/26/2021,ISM,FL,ASO,ES,Federal Contract Tower,0,2,57,0,59,0,3,119,0,122,0,5,176,0,181,200,0,200,381
08/27/2021,ISM,FL,ASO,ES,Federal Contract Tower,2,4,37,0,43,0,2,70,0,72,2,6,107,0,115,102,0,102,217
08/28/2021,ISM,FL,ASO,ES,Federal Contract Tower,0,2,34,0,36,0,2,87,0,89,0,4,121,0,125,136,0,136,261
08/29/2021,ISM,FL,ASO,ES,Federal Contract Tower,0,5,48,0,53,0,2,96,0,98,0,7,144,0,151,150,0,150,301
08/30/2021,ISM,FL,ASO,ES,Federal Contract Tower,0,2,26,0,28,0,4,113,0,117,0,6,139,0,145,152,0,152,297
08/31/2021,ISM,FL,ASO,ES,Federal Contract Tower,0,6,52,0,58,0,3,116,0,119,0,9,168,0,177,160,0,160,337
09/01/2021,ISM,FL,ASO,ES,Federal Contract Tower,0,7,32,0,39,0,2,47,0,49,0,9,79,0,88,240,0,240,328
09/02/2021,ISM,FL,ASO,ES,Federal Contract Tower,2,17,28,0,47,0,2,99,0,101,2,19,127,0,148,204,0,204,352
09/03/2021,ISM,FL,ASO,ES,Federal Contract Tower,0,9,47,0,56,0,3,92,0,95,0,12,139,0,151,100,0,100,251
09/04/2021,ISM,FL,ASO,ES,Federal Contract Tower,0,8,23,0,31,0,0,99,0,99,0,8,122,0,130,118,0,118,248
09/05/2021,ISM,FL,ASO,ES,Federal Contract Tower,0,6,21,0,27,0,4,57,0,61,0,10,78,0,88,54,0,54,142
09/06/2021,ISM,FL,ASO,ES,Federal Contract Tower,0,17,50,0,67,0,2,68,0,70,0,19,118,0,137,174,0,174,311
09/07/2021,ISM,FL,ASO,ES,Federal Contract Tower,0,8,41,0,49,0,1,113,0,114,0,9,154,0,163,240,0,240,403
09/08/2021,ISM,FL,ASO,ES,Federal Contract Tower,0,7,57,0,64,0,4,110,0,114,0,11,167,0,178,120,0,120,298
09/09/2021,ISM,FL,ASO,ES,Federal Contract Tower,0,6,25,0,31,0,6,89,0,95,0,12,114,0,126,174,0,174,300
09/10/2021,ISM,FL,ASO,ES,Federal Contract Tower,0,11,32,0,43,0,2,84,0,86,0,13,116,0,129,170,0,170,299
09/11/2021,ISM,FL,ASO,ES,Federal Contract Tower,0,5,20,0,25,0,2,91,0,93,0,7,111,0,118,156,0,156,274
09/12/2021,ISM,FL,ASO,ES,Federal Contract Tower,0,16,24,0,40,0,0,70,0,70,0,16,94,0,110,134,0,134,244
09/13/2021,ISM,FL,ASO,ES,Federal Contract Tower,0,7,22,0,29,0,2,93,0,95,0,9,115,0,124,100,0,100,224
09/14/2021,ISM,FL,ASO,ES,Federal Contract Tower,0,5,32,0,37,0,0,89,0,89,0,5,121,0,126,158,0,158,284
09/15/2021,ISM,FL,ASO,ES,Federal Contract Tower,0,2,56,0,58,0,2,95,0,97,0,4,151,0,155,176,0,176,331
09/16/2021,ISM,FL,ASO,ES,Federal Contract Tower,0,1,41,0,42,0,0,92,0,92,0,1,133,0,134,158,0,158,292
09/17/2021,ISM,FL,ASO,ES,Federal Contract Tower,0,2,76,0,78,0,0,50,0,50,0,2,126,0,128,88,0,88,216
09/18/2021,ISM,FL,ASO,ES,Federal Contract Tower,0,3,39,5,47,0,0,83,0,83,0,3,122,5,130,115,0,115,245
09/19/2021,ISM,FL,ASO,ES,Federal Contract Tower,0,7,47,0,54,0,0,75,0,75,0,7,122,0,129,198,0,198,327
09/20/2021,ISM,FL,ASO,ES,Federal Contract Tower,0,1,70,0,71,0,0,78,0,78,0,1,148,0,149,72,0,72,221
09/21/2021,ISM,FL,ASO,ES,Federal Contract Tower,0,8,68,0,76,0,4,113,0,117,0,12,181,0,193,160,0,160,353
09/22/2021,ISM,FL,ASO,ES,Federal Contract Tower,0,6,58,0,64,0,2,64,0,66,0,8,122,0,130,160,0,160,290
09/23/2021,ISM,FL,ASO,ES,Federal Contract Tower,0,11,75,0,86,0,2,106,0,108,0,13,181,0,194,228,0,228,422
09/24/2021,ISM,FL,ASO,ES,Federal Contract Tower,0,11,69,2,82,0,3,140,0,143,0,14,209,2,225,238,0,238,463
09/25/2021,ISM,FL,ASO,ES,Federal Contract Tower,0,4,20,0,24,0,1,135,0,136,0,5,155,0,160,262,0,262,422
09/26/2021,ISM,FL,ASO,ES,Federal Contract Tower,0,11,30,0,41,0,8,110,0,118,0,19,140,0,159,198,0,198,357
09/27/2021,ISM,FL,ASO,ES,Federal Contract Tower,0,15,39,0,54,0,5,107,0,112,0,20,146,0,166,136,0,136,302
09/28/2021,ISM,FL,ASO,ES,Federal Contract Tower,0,7,28,0,35,0,6,145,0,151,0,13,173,0,186,240,0,240,426
09/29/2021,ISM,FL,ASO,ES,Federal Contract Tower,0,12,50,0,62,0,1,105,0,106,0,13,155,0,168,278,0,278,446
09/30/2021,ISM,FL,ASO,ES,Federal Contract Tower,0,12,80,0,92,0,2,122,0,124,0,14,202,0,216,232,0,232,448
10/01/2021,ISM,FL,ASO,ES,Federal Contract Tower,0,7,54,0,61,0,8,111,0,119,0,15,165,0,180,218,0,218,398
10/02/2021,ISM,FL,ASO,ES,Federal Contract Tower,0,10,48,0,58,0,5,112,0,117,0,15,160,0,175,114,0,114,289
10/03/2021,ISM,FL,ASO,ES,Federal Contract Tower,0,4,59,0,63,0,4,97,0,101,0,8,156,0,164,118,0,118,282
10/04/2021,ISM,FL,ASO,ES,Federal Contract Tower,0,10,54,0,64,0,4,105,0,109,0,14,159,0,173,230,0,230,403
10/05/2021,ISM,FL,ASO,ES,Federal Contract Tower,0,6,52,0,58,0,4,150,0,154,0,10,202,0,212,290,0,290,502
10/06/2021,ISM,FL,ASO,ES,Federal Contract Tower,0,17,48,0,65,0,3,106,0,109,0,20,154,0,174,232,0,232,406
10/07/2021,ISM,FL,ASO,ES,Federal Contract Tower,0,14,61,0,75,0,2,111,0,113,0,16,172,0,188,212,0,212,400
10/08/2021,ISM,FL,ASO,ES,Federal Contract Tower,0,17,65,0,82,0,0,101,0,101,0,17,166,0,183,234,0,234,417
10/09/2021,ISM,FL,ASO,ES,Federal Contract Tower,0,18,57,0,75,0,2,87,0,89,0,20,144,0,164,86,0,86,250
10/10/2021,ISM,FL,ASO,ES,Federal Contract Tower,0,21,60,0,81,0,3,101,0,104,0,24,161,0,185,176,0,176,361
10/11/2021,ISM,FL,ASO,ES,Federal Contract Tower,0,20,75,0,95,0,2,94,0,96,0,22,169,0,191,148,0,148,339
10/12/2021,ISM,FL,ASO,ES,Federal Contract Tower,0,15,69,0,84,0,4,116,2,122,0,19,185,2,206,180,0,180,386
10/13/2021,ISM,FL,ASO,ES,Federal Contract Tower,0,9,61,0,70,0,0,130,0,130,0,9,191,0,200,150,0,150,350
10/14/2021,ISM,FL,ASO,ES,Federal Contract Tower,0,15,68,0,83,0,2,133,0,135,0,17,201,0,218,180,0,180,398
10/15/2021,ISM,FL,ASO,ES,Federal Contract Tower,0,19,65,0,84,0,6,100,0,106,0,25,165,0,190,156,0,156,346
10/16/2021,ISM,FL,ASO,ES,Federal Contract Tower,0,16,46,0,62,0,8,114,0,122,0,24,160,0,184,160,0,160,344
10/17/2021,ISM,FL,ASO,ES,Federal Contract Tower,0,11,60,0,71,0,10,132,0,142,0,21,192,0,213,214,0,214,427
10/18/2021,ISM,FL,ASO,ES,Federal Contract Tower,0,19,49,0,68,0,8,100,0,108,0,27,149,0,176,248,0,248,424
10/19/2021,ISM,FL,ASO,ES,Federal Contract Tower,0,11,42,0,53,0,4,104,0,108,0,15,146,0,161,112,0,112,273
10/20/2021,ISM,FL,ASO,ES,Federal Contract Tower,0,17,69,0,86,0,4,133,0,137,0,21,202,0,223,218,0,218,441
10/21/2021,ISM,FL,ASO,ES,Federal Contract Tower,0,9,60,0,69,0,0,0,0,0,0,9,60,0,69,134,0,134,203
10/22/2021,ISM,FL,ASO,ES,Federal Contract Tower,0,6,47,0,53,0,11,136,0,147,0,17,183,0,200,172,0,172,372
10/23/2021,ISM,FL,ASO,ES,Federal Contract Tower,0,13,34,0,47,0,4,106,0,110,0,17,140,0,157,122,0,122,279
10/24/2021,ISM,FL,ASO,ES,Federal Contract Tower,0,14,48,0,62,0,4,93,0,97,0,18,141,0,159,70,0,70,229
10/25/2021,ISM,FL,ASO,ES,Federal Contract Tower,0,5,46,0,51,0,0,42,0,42,0,5,88,0,93,44,0,44,137
10/26/2021,ISM,FL,ASO,ES,Federal Contract Tower,0,8,50,0,58,0,4,87,0,91,0,12,137,0,149,70,0,70,219
10/27/2021,ISM,FL,ASO,ES,Federal Contract Tower,0,9,67,4,80,0,7,142,0,149,0,16,209,4,229,150,0,150,379
10/28/2021,ISM,FL,ASO,ES,Federal Contract Tower,0,15,33,0,48,0,0,23,0,23,0,15,56,0,71,44,0,44,115
10/29/2021,ISM,FL,ASO,ES,Federal Contract Tower,0,11,55,0,66,0,5,84,0,89,0,16,139,0,155,92,0,92,247
10/30/2021,ISM,FL,ASO,ES,Federal Contract Tower,0,7,40,0,47,0,3,101,0,104,0,10,141,0,151,180,0,180,331
10/31/2021,ISM,FL,ASO,ES,Federal Contract Tower,0,10,51,2,63,0,6,125,0,131,0,16,176,2,194,118,0,118,312
11/01/2021,ISM,FL,ASO,ES,Federal Contract Tower,0,7,50,0,57,0,3,124,0,127,0,10,174,0,184,130,0,130,314
11/02/2021,ISM,FL,ASO,ES,Federal Contract Tower,0,19,48,0,67,0,5,114,0,119,0,24,162,0,186,306,0,306,492
11/03/2021,ISM,FL,ASO,ES,Federal Contract Tower,0,11,56,0,67,0,1,150,0,151,0,12,206,0,218,202,0,202,420
11/04/2021,ISM,FL,ASO,ES,Federal Contract Tower,0,7,73,0,80,0,0,124,0,124,0,7,197,0,204,170,0,170,374
11/05/2021,ISM,FL,ASO,ES,Federal Contract Tower,0,9,38,0,47,0,0,1,0,1,0,9,39,0,48,0,0,0,48
11/06/2021,ISM,FL,ASO,ES,Federal Contract Tower,0,14,38,0,52,0,3,48,0,51,0,17,86,0,103,14,0,14,117
11/07/2021,ISM,FL,ASO,ES,Federal Contract Tower,0,14,71,0,85,0,6,122,0,128,0,20,193,0,213,186,0,186,399
11/08/2021,ISM,FL,ASO,ES,Federal Contract Tower,0,10,53,0,63,0,6,129,0,135,0,16,182,0,198,176,0,176,374
11/09/2021,ISM,FL,ASO,ES,Federal Contract Tower,0,14,50,0,64,0,2,119,0,121,0,16,169,0,185,302,0,302,487
11/10/2021,ISM,FL,ASO,ES,Federal Contract Tower,0,21,76,0,97,0,1,62,0,63,0,22,138,0,160,98,0,98,258
11/11/2021,ISM,FL,ASO,ES,Federal Contract Tower,0,9,74,0,83,0,5,101,0,106,0,14,175,0,189,162,0,162,351
11/12/2021,ISM,FL,ASO,ES,Federal Contract Tower,0,8,59,0,67,0,1,96,0,97,0,9,155,0,164,142,0,142,306
11/13/2021,ISM,FL,ASO,ES,Federal Contract Tower,0,16,58,0,74,0,3,96,0,99,0,19,154,0,173,156,0,156,329
11/14/2021,ISM,FL,ASO,ES,Federal Contract Tower,0,19,50,0,69,0,8,104,0,112,0,27,154,0,181,130,0,130,311
11/15/2021,ISM,FL,ASO,ES,Federal Contract Tower,0,15,60,2,77,0,8,113,0,121,0,23,173,2,198,134,0,134,332
11/16/2021,ISM,FL,ASO,ES,Federal Contract Tower,0,10,61,0,71,0,4,117,0,121,0,14,178,0,192,206,0,206,398
11/17/2021,ISM,FL,ASO,ES,Federal Contract Tower,0,14,84,0,98,0,15,119,0,134,0,29,203,0,232,352,0,352,584
11/18/2021,ISM,FL,ASO,ES,Federal Contract Tower,0,11,84,2,97,0,4,58,0,62,0,15,142,2,159,240,0,240,399
11/19/2021,ISM,FL,ASO,ES,Federal Contract Tower,0,15,70,0,85,0,5,103,0,108,0,20,173,0,193,114,0,114,307
11/20/2021,ISM,FL,ASO,ES,Federal Contract Tower,0,33,53,0,86,0,2,25,0,27,0,35,78,0,113,28,0,28,141
11/21/2021,ISM,FL,ASO,ES,Federal Contract Tower,0,14,43,2,59,0,4,65,9,78,0,18,108,11,137,92,0,92,229
11/22/2021,ISM,FL,ASO,ES,Federal Contract Tower,0,11,64,0,75,0,7,68,0,75,0,18,132,0,150,30,0,30,180
11/23/2021,ISM,FL,ASO,ES,Federal Contract Tower,0,15,52,0,67,0,3,107,0,110,0,18,159,0,177,118,0,118,295
11/24/2021,ISM,FL,ASO,ES,Federal Contract Tower,0,15,83,0,98,0,9,160,0,169,0,24,243,0,267,98,0,98,365
11/25/2021,ISM,FL,ASO,ES,Federal Contract Tower,0,4,22,0,26,0,1,54,0,55,0,5,76,0,81,26,0,26,107
11/26/2021,ISM,FL,ASO,ES,Federal Contract Tower,0,14,67,0,81,0,6,81,0,87,0,20,148,0,168,30,2,32,200
11/27/2021,ISM,FL,ASO,ES,Federal Contract Tower,0,11,58,0,69,0,6,109,0,115,0,17,167,0,184,116,0,116,300
11/28/2021,ISM,FL,ASO,ES,Federal Contract Tower,0,26,65,0,91,0,5,103,0,108,0,31,168,0,199,28,0,28,227
11/29/2021,ISM,FL,ASO,ES,Federal Contract Tower,0,10,44,0,54,0,5,89,0,94,0,15,133,0,148,184,0,184,332
11/30/2021,ISM,FL,ASO,ES,Federal Contract Tower,0,8,41,2,51,0,5,110,0,115,0,13,151,2,166,192,0,192,358
12/01/2021,ISM,FL,ASO,ES,Federal Contract Tower,0,18,77,0,95,0,3,116,0,119,0,21,193,0,214,200,0,200,414
12/02/2021,ISM,FL,ASO,ES,Federal Contract Tower,0,18,63,6,87,0,8,96,0,104,0,26,159,6,191,220,0,220,411
12/03/2021,ISM,FL,ASO,ES,Federal Contract Tower,0,17,58,0,75,0,6,104,0,110,0,23,162,0,185,146,0,146,331
12/04/2021,ISM,FL,ASO,ES,Federal Contract Tower,0,19,44,0,63,0,3,80,0,83,0,22,124,0,146,160,0,160,306
12/05/2021,ISM,FL,ASO,ES,Federal Contract Tower,0,20,71,0,91,0,6,71,0,77,0,26,142,0,168,114,0,114,282
12/06/2021,ISM,FL,ASO,ES,Federal Contract Tower,0,18,68,0,86,0,4,84,0,88,0,22,152,0,174,158,0,158,332
12/07/2021,ISM,FL,ASO,ES,Federal Contract Tower,0,10,42,0,52,0,4,77,0,81,0,14,119,0,133,110,0,110,243
12/08/2021,ISM,FL,ASO,ES,Federal Contract Tower,0,16,63,0,79,0,4,84,0,88,0,20,147,0,167,150,0,150,317
12/09/2021,ISM,FL,ASO,ES,Federal Contract Tower,0,18,71,0,89,0,1,50,0,51,0,19,121,0,140,110,0,110,250
12/10/2021,ISM,FL,ASO,ES,Federal Contract Tower,0,32,95,0,127,0,7,60,0,67,0,39,155,0,194,94,0,94,288
12/11/2021,ISM,FL,ASO,ES,Federal Contract Tower,0,5,63,0,68,0,9,84,0,93,0,14,147,0,161,94,0,94,255
12/12/2021,ISM,FL,ASO,ES,Federal Contract Tower,0,16,72,0,88,0,2,81,0,83,0,18,153,0,171,98,0,98,269
12/13/2021,ISM,FL,ASO,ES,Federal Contract Tower,0,6,64,0,70,0,3,97,0,100,0,9,161,0,170,134,0,134,304
12/14/2021,ISM,FL,ASO,ES,Federal Contract Tower,0,9,55,0,64,0,2,82,0,84,0,11,137,0,148,152,0,152,300
12/15/2021,ISM,FL,ASO,ES,Federal Contract Tower,0,12,77,0,89,0,4,79,0,83,0,16,156,0,172,110,0,110,282
12/16/2021,ISM,FL,ASO,ES,Federal Contract Tower,0,19,87,0,106,0,1,119,0,120,0,20,206,0,226,252,0,252,478
12/17/2021,ISM,FL,ASO,ES,Federal Contract Tower,0,9,73,0,82,0,0,107,0,107,0,9,180,0,189,130,0,130,319
12/18/2021,ISM,FL,ASO,ES,Federal Contract Tower,0,11,38,0,49,0,6,104,0,110,0,17,142,0,159,170,0,170,329
12/19/2021,ISM,FL,ASO,ES,Federal Contract Tower,0,23,53,0,76,0,2,68,0,70,0,25,121,0,146,34,0,34,180
12/20/2021,ISM,FL,ASO,ES,Federal Contract Tower,0,14,68,0,82,0,2,53,0,55,0,16,121,0,137,64,0,64,201
12/21/2021,ISM,FL,ASO,ES,Federal Contract Tower,0,10,34,0,44,0,0,4,0,4,0,10,38,0,48,6,0,6,54
12/22/2021,ISM,FL,ASO,ES,Federal Contract Tower,0,17,59,0,76,0,5,60,0,65,0,22,119,0,141,88,0,88,229
12/23/2021,ISM,FL,ASO,ES,Federal Contract Tower,0,19,69,0,88,0,6,117,0,123,0,25,186,0,211,200,0,200,411
12/24/2021,ISM,FL,ASO,ES,Federal Contract Tower,0,10,37,0,47,0,8,73,0,81,0,18,110,0,128,76,0,76,204
12/25/2021,ISM,FL,ASO,ES,Federal Contract Tower,0,12,10,0,22,0,2,52,0,54,0,14,62,0,76,2,0,2,78
12/26/2021,ISM,FL,ASO,ES,Federal Contract Tower,0,27,49,0,76,0,6,92,0,98,0,33,141,0,174,40,0,40,214
12/27/2021,ISM,FL,ASO,ES,Federal Contract Tower,0,13,76,0,89,0,10,121,0,131,0,23,197,0,220,184,0,184,404
12/28/2021,ISM,FL,ASO,ES,Federal Contract Tower,0,24,64,0,88,0,4,100,0,104,0,28,164,0,192,102,0,102,294
12/29/2021,ISM,FL,ASO,ES,Federal Contract Tower,0,11,53,0,64,0,5,135,0,140,0,16,188,0,204,164,0,164,368
12/30/2021,ISM,FL,ASO,ES,Federal Contract Tower,0,22,47,0,69,0,6,107,0,113,0,28,154,0,182,96,0,96,278
12/31/2021,ISM,FL,ASO,ES,Federal Contract Tower,0,14,49,5,68,0,3,93,0,96,0,17,142,5,164,124,0,124,288
01/01/2022,ISM,FL,ASO,ES,Federal Contract Tower,0,11,42,0,53,0,7,77,0,84,0,18,119,0,137,52,0,52,189
01/02/2022,ISM,FL,ASO,ES,Federal Contract Tower,0,28,61,0,89,0,12,63,0,75,0,40,124,0,164,72,0,72,236
01/03/2022,ISM,FL,ASO,ES,Federal Contract Tower,0,13,70,0,83,0,10,94,0,104,0,23,164,0,187,90,0,90,277
01/04/2022,ISM,FL,ASO,ES,Federal Contract Tower,0,15,47,0,62,0,6,104,0,110,0,21,151,0,172,138,0,138,310
01/05/2022,ISM,FL,ASO,ES,Federal Contract Tower,0,11,62,0,73,0,8,112,0,120,0,19,174,0,193,149,0,149,342
01/06/2022,ISM,FL,ASO,ES,Federal Contract Tower,0,14,55,0,69,0,9,122,0,131,0,23,177,0,200,182,0,182,382
01/07/2022,ISM,FL,ASO,ES,Federal Contract Tower,0,14,60,0,74,0,8,122,0,130,0,22,182,0,204,180,0,180,384
01/08/2022,ISM,FL,ASO,ES,Federal Contract Tower,0,18,46,0,64,0,2,100,0,102,0,20,146,0,166,116,0,116,282
01/09/2022,ISM,FL,ASO,ES,Federal Contract Tower,0,19,52,0,71,0,4,108,0,112,0,23,160,0,183,92,0,92,275
01/10/2022,ISM,FL,ASO,ES,Federal Contract Tower,0,15,50,0,65,0,2,78,0,80,0,17,128,0,145,154,0,154,299
01/11/2022,ISM,FL,ASO,ES,Federal Contract Tower,0,19,57,0,76,0,4,128,0,132,0,23,185,0,208,128,0,128,336
01/12/2022,ISM,FL,ASO,ES,Federal Contract Tower,0,9,67,0,76,0,6,134,0,140,0,15,201,0,216,164,0,164,380
01/13/2022,ISM,FL,ASO,ES,Federal Contract Tower,0,8,85,0,93,0,3,109,0,112,0,11,194,0,205,146,0,146,351
01/14/2022,ISM,FL,ASO,ES,Federal Contract Tower,0,19,73,2,94,0,3,113,2,118,0,22,186,4,212,174,0,174,386
01/15/2022,ISM,FL,ASO,ES,Federal Contract Tower,0,23,89,0,112,0,8,143,0,151,0,31,232,0,263,128,0,128,391
01/16/2022,ISM,FL,ASO,ES,Federal Contract Tower,0,15,39,0,54,0,1,26,0,27,0,16,65,0,81,0,0,0,81
01/17/2022,ISM,FL,ASO,ES,Federal Contract Tower,0,21,86,0,107,0,8,82,0,90,0,29,168,0,197,68,0,68,265
01/18/2022,ISM,FL,ASO,ES,Federal Contract Tower,0,25,64,0,89,0,3,147,0,150,0,28,211,0,239,154,0,154,393
01/19/2022,ISM,FL,ASO,ES,Federal Contract Tower,0,20,82,0,102,0,4,145,0,149,0,24,227,0,251,220,0,220,471
01/20/2022,ISM,FL,ASO,ES,Federal Contract Tower,0,20,105,0,125,0,2,176,0,178,0,22,281,0,303,190,0,190,493
01/21/2022,ISM,FL,ASO,ES,Federal Contract Tower,0,5,61,0,66,0,6,105,0,111,0,11,166,0,177,312,0,312,489
01/22/2022,ISM,FL,ASO,ES,Federal Contract Tower,0,15,28,0,43,0,0,0,0,0,0,15,28,0,43,0,0,0,43
01/23/2022,ISM,FL,ASO,ES,Federal Contract Tower,0,10,76,0,86,0,4,49,0,53,0,14,125,0,139,72,0,72,211
01/24/2022,ISM,FL,ASO,ES,Federal Contract Tower,0,7,64,0,71,0,3,135,0,138,0,10,199,0,209,294,0,294,503
01/25/2022,ISM,FL,ASO,ES,Federal Contract Tower,0,4,36,0,40,0,1,27,0,28,0,5,63,0,68,122,0,122,190
01/26/2022,ISM,FL,ASO,ES,Federal Contract Tower,0,14,33,0,47,0,0,0,0,0,0,14,33,0,47,0,0,0,47
01/27/2022,ISM,FL,ASO,ES,Federal Contract Tower,0,12,71,0,83,0,2,49,0,51,0,14,120,0,134,70,0,70,204
01/28/2022,ISM,FL,ASO,ES,Federal Contract Tower,0,20,57,0,77,0,5,60,0,65,0,25,117,0,142,148,0,148,290
01/29/2022,ISM,FL,ASO,ES,Federal Contract Tower,0,7,38,0,45,0,4,125,0,129,0,11,163,0,174,36,0,36,210
01/30/2022,ISM,FL,ASO,ES,Federal Contract Tower,0,20,86,0,106,0,8,171,0,179,0,28,257,0,285,210,0,210,495
01/31/2022,ISM,FL,ASO,ES,Federal Contract Tower,0,7,64,0,71,0,3,111,0,114,0,10,175,0,185,268,0,268,453
02/01/2022,ISM,FL,ASO,ES,Federal Contract Tower,0,10,59,0,69,0,6,147,0,153,0,16,206,0,222,284,0,284,506
02/02/2022,ISM,FL,ASO,ES,Federal Contract Tower,0,6,93,0,99,0,0,155,0,155,0,6,248,0,254,258,0,258,512
02/03/2022,ISM,FL,ASO,ES,Federal Contract Tower,0,14,76,0,90,0,3,129,0,132,0,17,205,0,222,356,0,356,578
02/04/2022,ISM,FL,ASO,ES,Federal Contract Tower,0,9,93,10,112,0,8,130,0,138,0,17,223,10,250,260,0,260,510
02/05/2022,ISM,FL,ASO,ES,Federal Contract Tower,0,14,59,0,73,0,0,50,0,50,0,14,109,0,123,90,0,90,213
02/06/2022,ISM,FL,ASO,ES,Federal Contract Tower,0,21,80,0,101,0,1,18,0,19,0,22,98,0,120,64,0,64,184
02/07/2022,ISM,FL,ASO,ES,Federal Contract Tower,0,18,69,0,87,0,2,78,0,80,0,20,147,0,167,148,0,148,315
02/08/2022,ISM,FL,ASO,ES,Federal Contract Tower,0,24,73,0,97,0,0,28,0,28,0,24,101,0,125,52,0,52,177
02/09/2022,ISM,FL,ASO,ES,Federal Contract Tower,0,20,81,0,101,0,3,142,0,145,0,23,223,0,246,228,0,228,474
02/10/2022,ISM,FL,ASO,ES,Federal Contract Tower,0,25,129,0,154,0,4,196,0,200,0,29,325,0,354,162,0,162,516
02/11/2022,ISM,FL,ASO,ES,Federal Contract Tower,0,17,89,0,106,0,4,161,0,165,0,21,250,0,271,270,0,270,541
02/12/2022,ISM,FL,ASO,ES,Federal Contract Tower,0,12,91,0,103,0,6,150,0,156,0,18,241,0,259,156,0,156,415
02/13/2022,ISM,FL,ASO,ES,Federal Contract Tower,0,22,70,0,92,0,2,76,0,78,0,24,146,0,170,58,0,58,228
02/14/2022,ISM,FL,ASO,ES,Federal Contract Tower,0,13,97,0,110,0,6,160,0,166,0,19,257,0,276,222,0,222,498
02/15/2022,ISM,FL,ASO,ES,Federal Contract Tower,0,16,61,0,77,0,5,131,0,136,0,21,192,0,213,136,0,136,349
02/16/2022,ISM,FL,ASO,ES,Federal Contract Tower,0,13,78,0,91,0,3,139,0,142,0,16,217,0,233,170,0,170,403
02/17/2022,ISM,FL,ASO,ES,Federal Contract Tower,0,28,96,0,124,0,2,128,0,130,0,30,224,0,254,290,0,290,544
02/18/2022,ISM,FL,ASO,ES,Federal Contract Tower,0,23,114,2,139,0,6,108,0,114,0,29,222,2,253,230,0,230,483
02/19/2022,ISM,FL,ASO,ES,Federal Contract Tower,0,12,69,0,81,0,2,109,0,111,0,14,178,0,192,130,0,130,322
02/20/2022,ISM,FL,ASO,ES,Federal Contract Tower,0,24,76,0,100,0,3,127,0,130,0,27,203,0,230,162,0,162,392
02/21/2022,ISM,FL,ASO,ES,Federal Contract Tower,0,31,73,0,104,0,3,168,0,171,0,34,241,0,275,332,0,332,607
02/22/2022,ISM,FL,ASO,ES,Federal Contract Tower,0,23,73,0,96,0,3,192,0,195,0,26,265,0,291,230,0,230,521
02/23/2022,ISM,FL,ASO,ES,Federal Contract Tower,0,19,86,0,105,0,3,154,0,157,0,22,240,0,262,162,0,162,424
02/24/2022,ISM,FL,ASO,ES,Federal Contract Tower,0,19,123,0,142,0,3,172,0,175,0,22,295,0,317,244,0,244,561
02/25/2022,ISM,FL,ASO,ES,Federal Contract Tower,0,18,79,0,97,0,2,149,0,151,0,20,228,0,248,254,0,254,502
02/26/2022,ISM,FL,ASO,ES,Federal Contract Tower,0,26,68,0,94,0,5,167,0,172,0,31,235,0,266,248,0,248,514
02/27/2022,ISM,FL,ASO,ES,Federal Contract Tower,0,21,76,0,97,0,8,121,0,129,0,29,197,0,226,192,0,192,418
02/28/2022,ISM,FL,ASO,ES,Federal Contract Tower,0,22,86,0,108,0,2,83,0,85,0,24,169,0,193,146,0,146,339
03/01/2022,ISM,FL,ASO,ES,Federal Contract Tower,0,13,65,0,78,0,4,113,0,117,0,17,178,0,195,256,0,256,451
03/02/2022,ISM,FL,ASO,ES,Federal Contract Tower,0,6,69,0,75,0,3,150,0,153,0,9,219,0,228,346,0,346,574
03/03/2022,ISM,FL,ASO,ES,Federal Contract Tower,0,20,88,0,108,0,6,173,0,179,0,26,261,0,287,330,0,330,617
03/04/2022,ISM,FL,ASO,ES,Federal Contract Tower,0,11,79,0,90,0,13,170,0,183,0,24,249,0,273,368,0,368,641
03/05/2022,ISM,FL,ASO,ES,Federal Contract Tower,0,12,75,0,87,0,6,114,0,120,0,18,189,0,207,172,0,172,379
03/06/2022,ISM,FL,ASO,ES,Federal Contract Tower,0,12,97,0,109,0,4,151,0,155,0,16,248,0,264,156,0,156,420
03/07/2022,ISM,FL,ASO,ES,Federal Contract Tower,0,25,54,0,79,0,0,74,0,74,0,25,128,0,153,264,0,264,417
03/08/2022,ISM,FL,ASO,ES,Federal Contract Tower,0,13,74,0,87,0,2,69,0,71,0,15,143,0,158,136,0,136,294
03/09/2022,ISM,FL,ASO,ES,Federal Contract Tower,0,17,73,0,90,0,1,55,0,56,0,18,128,0,146,84,0,84,230
03/10/2022,ISM,FL,ASO,ES,Federal Contract Tower,0,7,81,0,88,0,0,32,0,32,0,7,113,0,120,218,0,218,338
03/11/2022,ISM,FL,ASO,ES,Federal Contract Tower,0,4,80,0,84,0,7,118,0,125,0,11,198,0,209,184,0,184,393
03/12/2022,ISM,FL,ASO,ES,Federal Contract Tower,0,17,44,0,61,0,2,23,0,25,0,19,67,0,86,2,0,2,88
03/13/2022,ISM,FL,ASO,ES,Federal Contract Tower,0,22,92,0,114,0,4,132,0,136,0,26,224,0,250,102,0,102,352
03/14/2022,ISM,FL,ASO,ES,Federal Contract Tower,0,12,83,0,95,0,1,149,0,150,0,13,232,0,245,220,0,220,465
03/15/2022,ISM,FL,ASO,ES,Federal Contract Tower,0,19,58,0,77,0,6,150,0,156,0,25,208,0,233,230,0,230,463
03/16/2022,ISM,FL,ASO,ES,Federal Contract Tower,0,16,45,0,61,0,2,107,0,109,0,18,152,0,170,138,0,138,308
03/17/2022,ISM,FL,ASO,ES,Federal Contract Tower,0,3,95,0,98,0,1,125,0,126,0,4,220,0,224,208,0,208,432
03/18/2022,ISM,FL,ASO,ES,Federal Contract Tower,0,6,83,0,89,0,4,156,0,160,0,10,239,0,249,136,0,136,385
03/19/2022,ISM,FL,ASO,ES,Federal Contract Tower,0,21,87,0,108,0,6,123,0,129,0,27,210,0,237,180,0,180,417
03/20/2022,ISM,FL,ASO,ES,Federal Contract Tower,0,16,55,0,71,0,4,127,0,131,0,20,182,0,202,166,0,166,368
03/21/2022,ISM,FL,ASO,ES,Federal Contract Tower,0,9,55,0,64,0,3,153,0,156,0,12,208,0,220,200,0,200,420
03/22/2022,ISM,FL,ASO,ES,Federal Contract Tower,0,18,87,0,105,0,6,161,0,167,0,24,248,0,272,334,0,334,606
03/23/2022,ISM,FL,ASO,ES,Federal Contract Tower,0,9,34,0,43,0,4,102,0,106,0,13,136,0,149,140,0,140,289
03/24/2022,ISM,FL,ASO,ES,Federal Contract Tower,0,18,48,0,66,0,0,31,0,31,0,18,79,0,97,22,0,22,119
03/25/2022,ISM,FL,ASO,ES,Federal Contract Tower,0,25,75,0,100,0,8,138,0,146,0,33,213,0,246,230,0,230,476
03/26/2022,ISM,FL,ASO,ES,Federal Contract Tower,0,23,57,0,80,0,15,144,0,159,0,38,201,0,239,150,0,150,389
03/27/2022,ISM,FL,ASO,ES,Federal Contract Tower,0,17,42,0,59,0,4,142,0,146,0,21,184,0,205,124,0,124,329
03/28/2022,ISM,FL,ASO,ES,Federal Contract Tower,0,11,68,0,79,0,10,134,0,144,0,21,202,0,223,176,0,176,399
03/29/2022,ISM,FL,ASO,ES,Federal Contract Tower,0,11,59,0,70,0,4,133,0,137,0,15,192,0,207,180,0,180,387
03/30/2022,ISM,FL,ASO,ES,Federal Contract Tower,0,19,80,0,99,0,0,97,0,97,0,19,177,0,196,204,0,204,400
03/31/2022,ISM,FL,ASO,ES,Federal Contract Tower,0,14,68,0,82,0,3,65,0,68,0,17,133,0,150,160,0,160,310
04/01/2022,ISM,FL,ASO,ES,Federal Contract Tower,0,24,93,0,117,0,0,73,0,73,0,24,166,0,190,108,0,108,298
04/02/2022,ISM,FL,ASO,ES,Federal Contract Tower,0,11,63,0,74,0,0,18,0,18,0,11,81,0,92,44,0,44,136
04/03/2022,ISM,FL,ASO,ES,Federal Contract Tower,0,18,87,0,105,0,2,82,0,84,0,20,169,0,189,58,0,58,247
04/04/2022,ISM,FL,ASO,ES,Federal Contract Tower,0,16,83,0,99,0,5,119,0,124,0,21,202,0,223,218,0,218,441
04/05/2022,ISM,FL,ASO,ES,Federal Contract Tower,0,10,86,0,96,0,4,76,0,80,0,14,162,0,176,52,0,52,228
04/06/2022,ISM,FL,ASO,ES,Federal Contract Tower,0,17,96,0,113,0,6,75,0,81,0,23,171,0,194,86,0,86,280
04/07/2022,ISM,FL,ASO,ES,Federal Contract Tower,0,13,64,0,77,0,2,21,0,23,0,15,85,0,100,50,0,50,150
04/08/2022,ISM,FL,ASO,ES,Federal Contract Tower,0,25,85,0,110,0,5,110,0,115,0,30,195,0,225,128,0,128,353
04/09/2022,ISM,FL,ASO,ES,Federal Contract Tower,0,26,73,0,99,0,4,95,0,99,0,30,168,0,198,88,0,88,286
04/10/2022,ISM,FL,ASO,ES,Federal Contract Tower,0,29,106,0,135,0,0,155,0,155,0,29,261,0,290,160,0,160,450
04/11/2022,ISM,FL,ASO,ES,Federal Contract Tower,0,15,76,5,96,0,5,138,0,143,0,20,214,5,239,202,0,202,441
04/12/2022,ISM,FL,ASO,ES,Federal Contract Tower,0,10,57,0,67,0,6,157,0,163,0,16,214,0,230,202,0,202,432
04/13/2022,ISM,FL,ASO,ES,Federal Contract Tower,0,13,69,0,82,0,6,162,0,168,0,19,231,0,250,248,0,248,498
04/14/2022,ISM,FL,ASO,ES,Federal Contract Tower,0,30,82,0,112,0,5,134,0,139,0,35,216,0,251,189,0,189,440
04/15/2022,ISM,FL,ASO,ES,Federal Contract Tower,0,14,52,0,66,0,1,116,0,117,0,15,168,0,183,114,0,114,297
04/16/2022,ISM,FL,ASO,ES,Federal Contract Tower,0,12,48,0,60,0,5,123,0,128,0,17,171,0,188,166,0,166,354
04/17/2022,ISM,FL,ASO,ES,Federal Contract Tower,0,11,40,0,51,0,4,83,0,87,0,15,123,0,138,88,0,88,226
04/18/2022,ISM,FL,ASO,ES,Federal Contract Tower,0,22,63,0,85,0,2,121,0,123,0,24,184,0,208,204,0,204,412
04/19/2022,ISM,FL,ASO,ES,Federal Contract Tower,0,14,67,1,82,0,4,116,0,120,0,18,183,1,202,110,0,110,312
04/20/2022,ISM,FL,ASO,ES,Federal Contract Tower,0,12,76,0,88,0,6,153,0,159,0,18,229,0,247,74,0,74,321
04/21/2022,ISM,FL,ASO,ES,Federal Contract Tower,0,16,67,0,83,0,3,132,0,135,0,19,199,0,218,86,0,86,304
04/22/2022,ISM,FL,ASO,ES,Federal Contract Tower,0,18,89,0,107,0,4,89,0,93,0,22,178,0,200,116,0,116,316
04/23/2022,ISM,FL,ASO,ES,Federal Contract Tower,0,22,39,0,61,0,6,134,0,140,0,28,173,0,201,148,0,148,349
04/24/2022,ISM,FL,ASO,ES,Federal Contract Tower,0,27,59,0,86,0,4,139,0,143,0,31,198,0,229,132,0,132,361
04/25/2022,ISM,FL,ASO,ES,Federal Contract Tower,0,12,54,0,66,0,6,134,0,140,0,18,188,0,206,176,0,176,382
04/26/2022,ISM,FL,ASO,ES,Federal Contract Tower,0,13,79,0,92,0,6,136,0,142,0,19,215,0,234,238,0,238,472
04/27/2022,ISM,FL,ASO,ES,Federal Contract Tower,0,18,64,0,82,0,12,141,0,153,0,30,205,0,235,162,0,162,397
04/28/2022,ISM,FL,ASO,ES,Federal Contract Tower,0,15,95,0,110,0,3,86,0,89,0,18,181,0,199,168,0,168,367
04/29/2022,ISM,FL,ASO,ES,Federal Contract Tower,0,5,72,0,77,0,2,103,0,105,0,7,175,0,182,120,0,120,302
04/30/2022,ISM,FL,ASO,ES,Federal Contract Tower,0,11,44,0,55,0,4,103,0,107,0,15,147,0,162,126,0,126,288
05/01/2022,ISM,FL,ASO,ES,Federal Contract Tower,0,15,73,0,88,0,3,90,0,93,0,18,163,0,181,24,0,24,205
05/02/2022,ISM,FL,ASO,ES,Federal Contract Tower,0,11,53,0,64,0,4,101,0,105,0,15,154,0,169,166,0,166,335
05/03/2022,ISM,FL,ASO,ES,Federal Contract Tower,0,4,63,0,67,0,4,94,0,98,0,8,157,0,165,192,0,192,357
05/04/2022,ISM,FL,ASO,ES,Federal Contract Tower,0,5,62,0,67,0,7,155,0,162,0,12,217,0,229,234,0,234,463
05/05/2022,ISM,FL,ASO,ES,Federal Contract Tower,0,11,62,0,73,0,11,96,0,107,0,22,158,0,180,214,0,214,394
05/06/2022,ISM,FL,ASO,ES,Federal Contract Tower,0,18,52,0,70,0,3,116,0,119,0,21,168,0,189,60,0,60,249
05/07/2022,ISM,FL,ASO,ES,Federal Contract Tower,0,16,26,0,42,0,12,82,0,94,0,28,108,0,136,106,0,106,242
05/08/2022,ISM,FL,ASO,ES,Federal Contract Tower,0,22,46,0,68,0,2,110,0,112,0,24,156,0,180,26,0,26,206
05/09/2022,ISM,FL,ASO,ES,Federal Contract Tower,0,10,51,1,62,0,3,95,0,98,0,13,146,1,160,132,0,132,292
05/10/2022,ISM,FL,ASO,ES,Federal Contract Tower,0,11,28,1,40,0,4,124,2,130,0,15,152,3,170,160,0,160,330
05/11/2022,ISM,FL,ASO,ES,Federal Contract Tower,0,6,50,1,57,0,6,100,2,108,0,12,150,3,165,176,0,176,341
05/12/2022,ISM,FL,ASO,ES,Federal Contract Tower,0,11,50,0,61,0,8,88,0,96,0,19,138,0,157,150,0,150,307
05/13/2022,ISM,FL,ASO,ES,Federal Contract Tower,0,10,47,0,57,0,8,90,0,98,0,18,137,0,155,110,0,110,265
05/14/2022,ISM,FL,ASO,ES,Federal Contract Tower,0,6,49,0,55,0,4,145,0,149,0,10,194,0,204,122,0,122,326
05/15/2022,ISM,FL,ASO,ES,Federal Contract Tower,0,9,61,0,70,0,4,53,0,57,0,13,114,0,127,98,0,98,225
05/16/2022,ISM,FL,ASO,ES,Federal Contract Tower,0,11,49,0,60,0,6,108,0,114,0,17,157,0,174,154,0,154,328
05/17/2022,ISM,FL,ASO,ES,Federal Contract Tower,0,13,57,0,70,0,2,134,0,136,0,15,191,0,206,138,0,138,344
05/18/2022,ISM,FL,ASO,ES,Federal Contract Tower,0,26,75,0,101,0,8,138,0,146,0,34,213,0,247,277,0,277,524
05/19/2022,ISM,FL,ASO,ES,Federal Contract Tower,0,12,56,2,70,0,3,140,0,143,0,15,196,2,213,202,0,202,415
05/20/2022,ISM,FL,ASO,ES,Federal Contract Tower,0,10,35,0,45,0,4,44,0,48,0,14,79,0,93,34,0,34,127
05/21/2022,ISM,FL,ASO,ES,Federal Contract Tower,0,8,33,0,41,0,4,53,0,57,0,12,86,0,98,160,0,160,258
05/22/2022,ISM,FL,ASO,ES,Federal Contract Tower,0,15,97,0,112,0,3,86,0,89,0,18,183,0,201,164,0,164,365
05/23/2022,ISM,FL,ASO,ES,Federal Contract Tower,0,17,53,0,70,0,10,121,0,131,0,27,174,0,201,182,0,182,383
05/24/2022,ISM,FL,ASO,ES,Federal Contract Tower,0,4,33,0,37,0,3,114,0,117,0,7,147,0,154,0,176,176,330
05/25/2022,ISM,FL,ASO,ES,Federal Contract Tower,0,5,55,0,60,0,5,126,0,131,0,10,181,0,191,176,0,176,367
05/26/2022,ISM,FL,ASO,ES,Federal Contract Tower,0,6,47,0,53,0,5,149,0,154,0,11,196,0,207,234,0,234,441
05/27/2022,ISM,FL,ASO,ES,Federal Contract Tower,0,16,59,0,75,0,6,88,0,94,0,22,147,0,169,92,0,92,261
05/28/2022,ISM,FL,ASO,ES,Federal Contract Tower,0,16,38,0,54,0,1,77,0,78,0,17,115,0,132,84,0,84,216
05/29/2022,ISM,FL,ASO,ES,Federal Contract Tower,0,9,28,0,37,0,4,102,0,106,0,13,130,0,143,138,0,138,281
05/30/2022,ISM,FL,ASO,ES,Federal Contract Tower,0,13,46,0,59,0,2,124,0,126,0,15,170,0,185,218,0,218,403
05/31/2022,ISM,FL,ASO,ES,Federal Contract Tower,0,7,67,0,74,0,2,94,0,96,0,9,161,0,170,166,0,166,336
06/01/2022,ISM,FL,ASO,ES,Federal Contract Tower,0,12,33,3,48,0,2,113,0,115,0,14,146,3,163,124,0,124,287
06/02/2022,ISM,FL,ASO,ES,Federal Contract Tower,0,6,66,0,72,0,10,114,0,124,0,16,180,0,196,282,0,282,478
06/03/2022,ISM,FL,ASO,ES,Federal Contract Tower,0,9,43,0,52,0,2,88,0,90,0,11,131,0,142,200,0,200,342
06/04/2022,ISM,FL,ASO,ES,Federal Contract Tower,0,8,20,0,28,0,2,32,0,34,0,10,52,0,62,0,0,0,62
06/05/2022,ISM,FL,ASO,ES,Federal Contract Tower,0,9,52,1,62,0,1,118,1,120,0,10,170,2,182,204,0,204,386
06/06/2022,ISM,FL,ASO,ES,Federal Contract Tower,0,4,73,0,77,0,2,48,0,50,0,6,121,0,127,128,0,128,255
06/07/2022,ISM,FL,ASO,ES,Federal Contract Tower,0,6,66,2,74,0,1,149,1,151,0,7,215,3,225,184,0,184,409
06/08/2022,ISM,FL,ASO,ES,Federal Contract Tower,0,4,53,0,57,0,2,106,0,108,0,6,159,0,165,220,0,220,385
06/09/2022,ISM,FL,ASO,ES,Federal Contract Tower,0,12,61,0,73,0,0,94,0,94,0,12,155,0,167,230,0,230,397
06/10/2022,ISM,FL,ASO,ES,Federal Contract Tower,0,15,60,0,75,0,2,83,0,85,0,17,143,0,160,154,0,154,314
06/11/2022,ISM,FL,ASO,ES,Federal Contract Tower,0,12,26,0,38,0,2,90,0,92,0,14,116,0,130,80,0,80,210
06/12/2022,ISM,FL,ASO,ES,Federal Contract Tower,0,17,46,0,63,0,2,105,0,107,0,19,151,0,170,54,0,54,224
06/13/2022,ISM,FL,ASO,ES,Federal Contract Tower,0,5,61,0,66,0,4,112,0,116,0,9,173,0,182,152,0,152,334
06/14/2022,ISM,FL,ASO,ES,Federal Contract Tower,0,7,59,0,66,0,6,105,0,111,0,13,164,0,177,162,0,162,339
06/15/2022,ISM,FL,ASO,ES,Federal Contract Tower,0,12,48,0,60,0,6,83,0,89,0,18,131,0,149,214,0,214,363
06/16/2022,ISM,FL,ASO,ES,Federal Contract Tower,0,3,59,0,62,0,15,99,0,114,0,18,158,0,176,150,0,150,326
06/17/2022,ISM,FL,ASO,ES,Federal Contract Tower,0,6,83,0,89,0,6,114,0,120,0,12,197,0,209,132,0,132,341
06/18/2022,ISM,FL,ASO,ES,Federal Contract Tower,0,9,54,0,63,0,2,101,0,103,0,11,155,0,166,62,0,62,228
06/19/2022,ISM,FL,ASO,ES,Federal Contract Tower,0,10,47,0,57,0,0,72,0,72,0,10,119,0,129,80,0,80,209
06/20/2022,ISM,FL,ASO,ES,Federal Contract Tower,0,13,56,0,69,0,2,69,0,71,0,15,125,0,140,82,0,82,222
06/21/2022,ISM,FL,ASO,ES,Federal Contract Tower,0,6,39,0,45,0,6,110,2,118,0,12,149,2,163,178,0,178,341
06/22/2022,ISM,FL,ASO,ES,Federal Contract Tower,0,1,43,0,44,0,5,93,2,100,0,6,136,2,144,241,0,241,385
06/23/2022,ISM,FL,ASO,ES,Federal Contract Tower,1,15,37,1,54,0,2,96,0,98,1,17,133,1,152,118,0,118,270
06/24/2022,ISM,FL,ASO,ES,Federal Contract Tower,0,6,37,0,43,0,2,75,1,78,0,8,112,1,121,68,0,68,189
06/25/2022,ISM,FL,ASO,ES,Federal Contract Tower,0,8,21,0,29,0,0,63,0,63,0,8,84,0,92,88,0,88,180
06/26/2022,ISM,FL,ASO,ES,Federal Contract Tower,0,6,46,0,52,0,4,77,0,81,0,10,123,0,133,112,0,112,245
06/27/2022,ISM,FL,ASO,ES,Federal Contract Tower,0,15,37,0,52,0,2,83,0,85,0,17,120,0,137,94,0,94,231
06/28/2022,ISM,FL,ASO,ES,Federal Contract Tower,0,9,66,0,75,0,4,106,0,110,0,13,172,0,185,174,0,174,359
06/29/2022,ISM,FL,ASO,ES,Federal Contract Tower,0,12,31,0,43,0,0,123,0,123,0,12,154,0,166,172,0,172,338
06/30/2022,ISM,FL,ASO,ES,Federal Contract Tower,0,23,53,0,76,0,5,95,0,100,0,28,148,0,176,144,0,144,320
07/01/2022,ISM,FL,ASO,ES,Federal Contract Tower,0,10,39,0,49,0,5,98,0,103,0,15,137,0,152,128,0,128,280
07/02/2022,ISM,FL,ASO,ES,Federal Contract Tower,0,10,34,0,44,0,2,74,0,76,0,12,108,0,120,208,0,208,328
07/03/2022,ISM,FL,ASO,ES,Federal Contract Tower,0,2,21,0,23,0,4,70,0,74,0,6,91,0,97,80,0,80,177
07/04/2022,ISM,FL,ASO,ES,Federal Contract Tower,0,2,23,0,25,0,5,86,0,91,0,7,109,0,116,104,0,104,220
07/05/2022,ISM,FL,ASO,ES,Federal Contract Tower,0,14,34,0,48,0,2,135,0,137,0,16,169,0,185,92,0,92,277
07/06/2022,ISM,FL,ASO,ES,Federal Contract Tower,0,7,39,0,46,0,6,125,0,131,0,13,164,0,177,142,0,142,319
07/07/2022,ISM,FL,ASO,ES,Federal Contract Tower,0,1,60,0,61,0,3,100,0,103,0,4,160,0,164,164,0,164,328
07/08/2022,ISM,FL,ASO,ES,Federal Contract Tower,0,2,36,0,38,0,2,111,0,113,0,4,147,0,151,214,0,214,365
07/09/2022,ISM,FL,ASO,ES,Federal Contract Tower,0,10,29,0,39,0,0,105,0,105,0,10,134,0,144,176,0,176,320
07/10/2022,ISM,FL,ASO,ES,Federal Contract Tower,0,4,43,0,47,0,4,66,0,70,0,8,109,0,117,104,0,104,221
07/11/2022,ISM,FL,ASO,ES,Federal Contract Tower,0,2,48,2,52,0,1,83,0,84,0,3,131,2,136,154,0,154,290
07/12/2022,ISM,FL,ASO,ES,Federal Contract Tower,0,2,32,0,34,0,5,121,0,126,0,7,153,0,160,310,0,310,470
07/13/2022,ISM,FL,ASO,ES,Federal Contract Tower,0,7,34,0,41,0,2,152,0,154,0,9,186,0,195,282,0,282,477
07/14/2022,ISM,FL,ASO,ES,Federal Contract Tower,0,3,49,0,52,0,3,114,0,117,0,6,163,0,169,148,0,148,317
07/15/2022,ISM,FL,ASO,ES,Federal Contract Tower,0,7,42,0,49,0,2,163,0,165,0,9,205,0,214,154,0,154,368
07/16/2022,ISM,FL,ASO,ES,Federal Contract Tower,0,3,24,0,27,0,0,150,0,150,0,3,174,0,177,90,0,90,267
07/17/2022,ISM,FL,ASO,ES,Federal Contract Tower,0,5,30,0,35,0,0,83,0,83,0,5,113,0,118,160,0,160,278
07/18/2022,ISM,FL,ASO,ES,Federal Contract Tower,0,7,42,0,49,0,3,92,0,95,0,10,134,0,144,144,0,144,288
07/19/2022,ISM,FL,ASO,ES,Federal Contract Tower,0,3,37,0,40,0,6,94,0,100,0,9,131,0,140,232,0,232,372
07/20/2022,ISM,FL,ASO,ES,Federal Contract Tower,0,1,53,0,54,0,0,93,0,93,0,1,146,0,147,130,0,130,277
07/21/2022,ISM,FL,ASO,ES,Federal Contract Tower,0,16,44,0,60,0,0,124,0,124,0,16,168,0,184,170,0,170,354
07/22/2022,ISM,FL,ASO,ES,Federal Contract Tower,0,10,48,0,58,0,8,106,0,114,0,18,154,0,172,114,0,114,286
07/23/2022,ISM,FL,ASO,ES,Federal Contract Tower,0,8,34,0,42,0,0,114,0,114,0,8,148,0,156,158,0,158,314
07/24/2022,ISM,FL,ASO,ES,Federal Contract Tower,0,1,37,0,38,0,4,103,0,107,0,5,140,0,145,98,0,98,243
07/25/2022,ISM,FL,ASO,ES,Federal Contract Tower,0,2,34,0,36,0,3,97,0,100,0,5,131,0,136,156,0,156,292
07/26/2022,ISM,FL,ASO,ES,Federal Contract Tower,0,10,29,0,39,0,8,87,0,95,0,18,116,0,134,152,0,152,286
07/27/2022,ISM,FL,ASO,ES,Federal Contract Tower,0,3,32,0,35,0,1,137,0,138,0,4,169,0,173,204,0,204,377
07/28/2022,ISM,FL,ASO,ES,Federal Contract Tower,0,9,55,0,64,0,3,105,0,108,0,12,160,0,172,222,0,222,394
07/29/2022,ISM,FL,ASO,ES,Federal Contract Tower,0,6,45,0,51,0,2,114,0,116,0,8,159,0,167,130,2,132,299
07/30/2022,ISM,FL,ASO,ES,Federal Contract Tower,0,3,53,0,56,0,9,134,0,143,0,12,187,0,199,138,0,138,337
07/31/2022,ISM,FL,ASO,ES,Federal Contract Tower,0,12,31,0,43,0,4,113,0,117,0,16,144,0,160,158,0,158,318
08/01/2022,ISM,FL,ASO,ES,Federal Contract Tower,0,4,53,0,57,0,9,88,0,97,0,13,141,0,154,142,0,142,296
08/02/2022,ISM,FL,ASO,ES,Federal Contract Tower,0,6,51,0,57,0,2,84,0,86,0,8,135,0,143,92,0,92,235
08/03/2022,ISM,FL,ASO,ES,Federal Contract Tower,0,19,50,0,69,0,8,97,0,105,0,27,147,0,174,134,0,134,308
08/04/2022,ISM,FL,ASO,ES,Federal Contract Tower,0,9,53,0,62,0,1,137,0,138,0,10,190,0,200,160,0,160,360
08/05/2022,ISM,FL,ASO,ES,Federal Contract Tower,0,4,37,0,41,0,1,81,0,82,0,5,118,0,123,168,0,168,291
08/06/2022,ISM,FL,ASO,ES,Federal Contract Tower,0,8,30,0,38,0,4,158,0,162,0,12,188,0,200,226,0,226,426
08/07/2022,ISM,FL,ASO,ES,Federal Contract Tower,0,11,40,0,51,0,0,89,0,89,0,11,129,0,140,110,0,110,250
08/08/2022,ISM,FL,ASO,ES,Federal Contract Tower,0,4,39,0,43,0,0,80,0,80,0,4,119,0,123,198,0,198,321
08/09/2022,ISM,FL,ASO,ES,Federal Contract Tower,0,2,48,0,50,0,4,104,0,108,0,6,152,0,158,106,0,106,264
08/10/2022,ISM,FL,ASO,ES,Federal Contract Tower,0,4,47,0,51,0,5,117,0,122,0,9,164,0,173,130,0,130,303
08/11/2022,ISM,FL,ASO,ES,Federal Contract Tower,0,5,52,0,57,0,0,102,0,102,0,5,154,0,159,118,0,118,277
08/12/2022,ISM,FL,ASO,ES,Federal Contract Tower,0,4,53,0,57,0,6,104,0,110,0,10,157,0,167,144,0,144,311
08/13/2022,ISM,FL,ASO,ES,Federal Contract Tower,0,9,30,0,39,0,2,107,0,109,0,11,137,0,148,206,0,206,354
08/14/2022,ISM,FL,ASO,ES,Federal Contract Tower,0,7,46,0,53,0,0,106,0,106,0,7,152,0,159,118,0,118,277
08/15/2022,ISM,FL,ASO,ES,Federal Contract Tower,0,4,62,0,66,0,5,117,0,122,0,9,179,0,188,204,0,204,392
08/16/2022,ISM,FL,ASO,ES,Federal Contract Tower,0,10,34,0,44,0,6,106,0,112,0,16,140,0,156,162,0,162,318
08/17/2022,ISM,FL,ASO,ES,Federal Contract Tower,0,5,59,0,64,0,4,106,0,110,0,9,165,0,174,170,0,170,344
08/18/2022,ISM,FL,ASO,ES,Federal Contract Tower,0,3,55,0,58,0,5,114,0,119,0,8,169,0,177,114,0,114,291
08/19/2022,ISM,FL,ASO,ES,Federal Contract Tower,0,5,37,0,42,0,3,134,0,137,0,8,171,0,179,185,0,185,364
08/20/2022,ISM,FL,ASO,ES,Federal Contract Tower,0,3,29,0,32,0,4,177,0,181,0,7,206,0,213,198,0,198,411
08/21/2022,ISM,FL,ASO,ES,Federal Contract Tower,0,2,28,0,30,0,0,116,0,116,0,2,144,0,146,94,0,94,240
08/22/2022,ISM,FL,ASO,ES,Federal Contract Tower,0,8,43,0,51,0,4,132,0,136,0,12,175,0,187,68,0,68,255
08/23/2022,ISM,FL,ASO,ES,Federal Contract Tower,0,6,35,0,41,0,3,123,0,126,0,9,158,0,167,168,0,168,335
08/24/2022,ISM,FL,ASO,ES,Federal Contract Tower,0,7,38,2,47,0,5,101,0,106,0,12,139,2,153,190,0,190,343
08/25/2022,ISM,FL,ASO,ES,Federal Contract Tower,0,2,27,0,29,0,2,107,0,109,0,4,134,0,138,220,0,220,358
08/26/2022,ISM,FL,ASO,ES,Federal Contract Tower,0,1,33,0,34,0,2,88,0,90,0,3,121,0,124,114,0,114,238
08/27/2022,ISM,FL,ASO,ES,Federal Contract Tower,0,4,33,0,37,0,7,151,0,158,0,11,184,0,195,154,0,154,349
08/28/2022,ISM,FL,ASO,ES,Federal Contract Tower,0,4,36,2,42,0,6,100,0,106,0,10,136,2,148,114,0,114,262
08/29/2022,ISM,FL,ASO,ES,Federal Contract Tower,0,2,37,0,39,0,3,110,0,113,0,5,147,0,152,176,0,176,328
08/30/2022,ISM,FL,ASO,ES,Federal Contract Tower,0,4,40,0,44,0,2,125,0,127,0,6,165,0,171,172,0,172,343
08/31/2022,ISM,FL,ASO,ES,Federal Contract Tower,0,7,40,0,47,0,4,93,0,97,0,11,133,0,144,140,0,140,284
09/01/2022,ISM,FL,ASO,ES,Federal Contract Tower,0,11,38,0,49,0,5,88,0,93,0,16,126,0,142,222,0,222,364
09/02/2022,ISM,FL,ASO,ES,Federal Contract Tower,0,6,40,0,46,0,2,93,0,95,0,8,133,0,141,186,0,186,327
09/03/2022,ISM,FL,ASO,ES,Federal Contract Tower,0,4,22,0,26,0,3,127,0,130,0,7,149,0,156,164,0,164,320
09/04/2022,ISM,FL,ASO,ES,Federal Contract Tower,0,6,26,0,32,0,2,136,0,138,0,8,162,0,170,136,0,136,306
09/05/2022,ISM,FL,ASO,ES,Federal Contract Tower,0,15,37,0,52,0,6,132,0,138,0,21,169,0,190,182,0,182,372
09/06/2022,ISM,FL,ASO,ES,Federal Contract Tower,0,3,33,0,36,0,6,106,0,112,0,9,139,0,148,82,0,82,230
09/07/2022,ISM,FL,ASO,ES,Federal Contract Tower,0,2,42,0,44,0,6,99,0,105,0,8,141,0,149,112,0,112,261
09/08/2022,ISM,FL,ASO,ES,Federal Contract Tower,0,6,45,0,51,0,2,88,0,90,0,8,133,0,141,120,0,120,261
09/09/2022,ISM,FL,ASO,ES,Federal Contract Tower,0,7,33,0,40,0,2,90,0,92,0,9,123,0,132,126,0,126,258
09/10/2022,ISM,FL,ASO,ES,Federal Contract Tower,0,11,32,0,43,0,3,136,0,139,0,14,168,0,182,170,0,170,352
09/11/2022,ISM,FL,ASO,ES,Federal Contract Tower,0,5,40,0,45,0,0,137,0,137,0,5,177,0,182,82,0,82,264
09/12/2022,ISM,FL,ASO,ES,Federal Contract Tower,0,6,46,0,52,0,3,92,0,95,0,9,138,0,147,156,0,156,303
09/13/2022,ISM,FL,ASO,ES,Federal Contract Tower,0,9,39,0,48,0,6,120,0,126,0,15,159,0,174,252,0,252,426
09/14/2022,ISM,FL,ASO,ES,Federal Contract Tower,0,12,44,0,56,0,2,84,0,86,0,14,128,0,142,158,0,158,300
09/15/2022,ISM,FL,ASO,ES,Federal Contract Tower,0,8,49,0,57,0,2,79,0,81,0,10,128,0,138,214,0,214,352
09/16/2022,ISM,FL,ASO,ES,Federal Contract Tower,0,7,36,1,44,0,2,89,0,91,0,9,125,1,135,130,0,130,265
09/17/2022,ISM,FL,ASO,ES,Federal Contract Tower,0,6,60,0,66,0,2,91,0,93,0,8,151,0,159,204,0,204,363
09/18/2022,ISM,FL,ASO,ES,Federal Contract Tower,0,8,52,0,60,0,2,67,0,69,0,10,119,0,129,112,0,112,241
09/19/2022,ISM,FL,ASO,ES,Federal Contract Tower,0,5,51,0,56,0,2,73,0,75,0,7,124,0,131,66,0,66,197
09/20/2022,ISM,FL,ASO,ES,Federal Contract Tower,0,8,50,1,59,0,3,109,0,112,0,11,159,1,171,162,0,162,333
09/21/2022,ISM,FL,ASO,ES,Federal Contract Tower,0,7,46,0,53,0,1,92,0,93,0,8,138,0,146,138,0,138,284
09/22/2022,ISM,FL,ASO,ES,Federal Contract Tower,0,12,56,0,68,0,8,127,0,135,0,20,183,0,203,200,0,200,403
09/23/2022,ISM,FL,ASO,ES,Federal Contract Tower,0,14,40,0,54,0,7,138,0,145,0,21,178,0,199,114,0,114,313
09/24/2022,ISM,FL,ASO,ES,Federal Contract Tower,0,6,37,0,43,0,9,115,0,124,0,15,152,0,167,136,0,136,303
09/25/2022,ISM,FL,ASO,ES,Federal Contract Tower,0,8,33,0,41,0,2,116,0,118,0,10,149,0,159,136,0,136,295
09/26/2022,ISM,FL,ASO,ES,Federal Contract Tower,0,10,35,0,45,0,8,86,0,94,0,18,121,0,139,166,0,166,305
09/27/2022,ISM,FL,ASO,ES,Federal Contract Tower,0,10,16,0,26,0,1,74,0,75,0,11,90,0,101,52,0,52,153
09/30/2022,ISM,FL,ASO,ES,Federal Contract Tower,0,1,20,0,21,0,12,29,0,41,0,13,49,0,62,17,0,17,79
10/01/2022,ISM,FL,ASO,ES,Federal Contract Tower,0,7,17,0,24,0,4,141,0,145,0,11,158,0,169,170,0,170,339
10/02/2022,ISM,FL,ASO,ES,Federal Contract Tower,0,2,59,0,61,0,4,152,0,156,0,6,211,0,217,178,0,178,395
10/03/2022,ISM,FL,ASO,ES,Federal Contract Tower,0,9,46,0,55,0,2,177,0,179,0,11,223,0,234,138,0,138,372
10/04/2022,ISM,FL,ASO,ES,Federal Contract Tower,0,11,56,0,67,0,2,176,0,178,0,13,232,0,245,180,0,180,425
10/05/2022,ISM,FL,ASO,ES,Federal Contract Tower,0,7,55,1,63,0,0,157,1,158,0,7,212,2,221,92,0,92,313
10/06/2022,ISM,FL,ASO,ES,Federal Contract Tower,0,17,66,0,83,0,5,151,0,156,0,22,217,0,239,222,0,222,461
10/07/2022,ISM,FL,ASO,ES,Federal Contract Tower,0,15,57,0,72,0,10,136,0,146,0,25,193,0,218,134,0,134,352
10/08/2022,ISM,FL,ASO,ES,Federal Contract Tower,0,11,55,0,66,0,5,126,0,131,0,16,181,0,197,140,0,140,337
10/09/2022,ISM,FL,ASO,ES,Federal Contract Tower,0,20,60,0,80,0,4,100,0,104,0,24,160,0,184,100,0,100,284
10/10/2022,ISM,FL,ASO,ES,Federal Contract Tower,0,20,82,0,102,0,3,85,0,88,0,23,167,0,190,188,0,188,378
10/11/2022,ISM,FL,ASO,ES,Federal Contract Tower,0,21,65,0,86,0,4,121,0,125,0,25,186,0,211,140,0,140,351
10/12/2022,ISM,FL,ASO,ES,Federal Contract Tower,0,13,68,0,81,0,2,128,0,130,0,15,196,0,211,182,0,182,393
10/13/2022,ISM,FL,ASO,ES,Federal Contract Tower,0,23,70,0,93,0,1,85,0,86,0,24,155,0,179,242,0,242,421
10/14/2022,ISM,FL,ASO,ES,Federal Contract Tower,0,15,78,0,93,0,9,136,0,145,0,24,214,0,238,154,0,154,392
10/15/2022,ISM,FL,ASO,ES,Federal Contract Tower,0,10,62,0,72,0,4,130,0,134,0,14,192,0,206,154,0,154,360
10/16/2022,ISM,FL,ASO,ES,Federal Contract Tower,0,23,85,0,108,0,3,109,0,112,0,26,194,0,220,40,0,40,260
10/17/2022,ISM,FL,ASO,ES,Federal Contract Tower,0,10,92,0,102,0,8,129,0,137,0,18,221,0,239,124,0,124,363
10/18/2022,ISM,FL,ASO,ES,Federal Contract Tower,0,19,90,0,109,0,4,130,0,134,0,23,220,0,243,134,0,134,377
10/19/2022,ISM,FL,ASO,ES,Federal Contract Tower,0,19,103,0,122,0,2,170,0,172,0,21,273,0,294,100,0,100,394
10/20/2022,ISM,FL,ASO,ES,Federal Contract Tower,0,22,88,0,110,0,3,132,0,135,0,25,220,0,245,86,0,86,331
10/21/2022,ISM,FL,ASO,ES,Federal Contract Tower,0,15,53,0,68,0,7,158,0,165,0,22,211,0,233,88,0,88,321
10/22/2022,ISM,FL,ASO,ES,Federal Contract Tower,0,9,54,0,63,0,4,109,0,113,0,13,163,0,176,96,0,96,272
10/23/2022,ISM,FL,ASO,ES,Federal Contract Tower,0,14,65,0,79,0,0,101,0,101,0,14,166,0,180,50,0,50,230
10/24/2022,ISM,FL,ASO,ES,Federal Contract Tower,0,17,71,0,88,0,2,97,0,99,0,19,168,0,187,170,0,170,357
10/25/2022,ISM,FL,ASO,ES,Federal Contract Tower,0,6,69,2,77,0,1,148,0,149,0,7,217,2,226,222,0,222,448
10/26/2022,ISM,FL,ASO,ES,Federal Contract Tower,0,7,87,0,94,0,0,125,0,125,0,7,212,0,219,186,0,186,405
10/27/2022,ISM,FL,ASO,ES,Federal Contract Tower,0,10,75,0,85,0,3,150,0,153,0,13,225,0,238,154,0,154,392
10/28/2022,ISM,FL,ASO,ES,Federal Contract Tower,0,16,63,0,79,0,7,119,0,126,0,23,182,0,205,108,0,108,313
10/29/2022,ISM,FL,ASO,ES,Federal Contract Tower,0,6,66,0,72,0,3,65,0,68,0,9,131,0,140,40,0,40,180
10/30/2022,ISM,FL,ASO,ES,Federal Contract Tower,0,7,53,0,60,0,4,108,0,112,0,11,161,0,172,100,0,100,272
10/31/2022,ISM,FL,ASO,ES,Federal Contract Tower,0,6,56,0,62,0,12,129,0,141,0,18,185,0,203,60,0,60,263
11/01/2022,ISM,FL,ASO,ES,Federal Contract Tower,0,0,0,0,0,0,2,59,0,61,0,2,59,0,61,126,0,126,187
11/02/2022,ISM,FL,ASO,ES,Federal Contract Tower,0,7,97,0,104,0,3,103,0,106,0,10,200,0,210,168,0,168,378
11/03/2022,ISM,FL,ASO,ES,Federal Contract Tower,0,9,59,0,68,0,0,140,0,140,0,9,199,0,208,152,0,152,360
11/04/2022,ISM,FL,ASO,ES,Federal Contract Tower,0,14,71,0,85,0,2,144,0,146,0,16,215,0,231,72,0,72,303
11/05/2022,ISM,FL,ASO,ES,Federal Contract Tower,0,5,49,0,54,0,3,164,0,167,0,8,213,0,221,114,0,114,335
11/06/2022,ISM,FL,ASO,ES,Federal Contract Tower,0,11,66,0,77,0,4,77,0,81,0,15,143,0,158,92,0,92,250
11/07/2022,ISM,FL,ASO,ES,Federal Contract Tower,0,13,56,0,69,0,2,90,0,92,0,15,146,0,161,100,0,100,261
11/08/2022,ISM,FL,ASO,ES,Federal Contract Tower,0,9,51,0,60,0,5,41,0,46,0,14,92,0,106,56,0,56,162
11/09/2022,ISM,FL,ASO,ES,Federal Contract Tower,0,4,22,0,26,0,0,2,0,2,0,4,24,0,28,0,0,0,28
11/11/2022,ISM,FL,ASO,ES,Federal Contract Tower,0,12,47,0,59,0,9,48,0,57,0,21,95,0,116,18,0,18,134
11/12/2022,ISM,FL,ASO,ES,Federal Contract Tower,0,9,51,0,60,0,4,123,0,127,0,13,174,0,187,164,0,164,351
11/13/2022,ISM,FL,ASO,ES,Federal Contract Tower,0,21,51,0,72,0,8,93,0,101,0,29,144,0,173,92,0,92,265
11/14/2022,ISM,FL,ASO,ES,Federal Contract Tower,0,13,98,0,111,0,4,152,0,156,0,17,250,0,267,118,0,118,385
11/15/2022,ISM,FL,ASO,ES,Federal Contract Tower,0,24,59,0,83,0,2,128,0,130,0,26,187,0,213,236,0,236,449
11/16/2022,ISM,FL,ASO,ES,Federal Contract Tower,0,20,75,0,95,0,4,59,0,63,0,24,134,0,158,161,0,161,319
11/17/2022,ISM,FL,ASO,ES,Federal Contract Tower,0,16,92,0,108,0,0,176,0,176,0,16,268,0,284,232,0,232,516
11/18/2022,ISM,FL,ASO,ES,Federal Contract Tower,0,13,108,0,121,0,4,147,0,151,0,17,255,0,272,144,0,144,416
11/19/2022,ISM,FL,ASO,ES,Federal Contract Tower,0,22,67,0,89,0,2,127,0,129,0,24,194,0,218,212,0,212,430
11/20/2022,ISM,FL,ASO,ES,Federal Contract Tower,0,24,65,0,89,0,0,34,0,34,0,24,99,0,123,94,0,94,217
11/21/2022,ISM,FL,ASO,ES,Federal Contract Tower,0,8,58,0,66,0,7,109,0,116,0,15,167,0,182,156,0,156,338
11/22/2022,ISM,FL,ASO,ES,Federal Contract Tower,0,26,81,0,107,0,0,10,0,10,0,26,91,0,117,0,0,0,117
11/23/2022,ISM,FL,ASO,ES,Federal Contract Tower,0,9,75,0,84,0,2,48,0,50,0,11,123,0,134,136,0,136,270
11/24/2022,ISM,FL,ASO,ES,Federal Contract Tower,0,6,29,0,35,0,4,56,0,60,0,10,85,0,95,60,0,60,155
11/25/2022,ISM,FL,ASO,ES,Federal Contract Tower,0,11,56,0,67,0,2,105,0,107,0,13,161,0,174,72,2,74,248
11/26/2022,ISM,FL,ASO,ES,Federal Contract Tower,0,18,50,0,68,0,4,78,0,82,0,22,128,0,150,134,0,134,284
11/27/2022,ISM,FL,ASO,ES,Federal Contract Tower,0,31,75,0,106,0,2,76,0,78,0,33,151,0,184,28,0,28,212
11/28/2022,ISM,FL,ASO,ES,Federal Contract Tower,0,11,56,0,67,0,6,153,0,159,0,17,209,0,226,204,0,204,430
11/29/2022,ISM,FL,ASO,ES,Federal Contract Tower,0,12,79,0,91,0,9,176,0,185,0,21,255,0,276,236,0,236,512
11/30/2022,ISM,FL,ASO,ES,Federal Contract Tower,0,9,69,0,78,0,5,155,0,160,0,14,224,0,238,206,0,206,444
12/01/2022,ISM,FL,ASO,ES,Federal Contract Tower,0,15,79,0,94,0,2,132,0,134,0,17,211,0,228,160,0,160,388
12/02/2022,ISM,FL,ASO,ES,Federal Contract Tower,0,33,68,0,101,0,12,106,0,118,0,45,174,0,219,164,0,164,383
12/03/2022,ISM,FL,ASO,ES,Federal Contract Tower,0,13,39,0,52,0,6,173,0,179,0,19,212,0,231,218,0,218,449
12/04/2022,ISM,FL,ASO,ES,Federal Contract Tower,0,29,68,0,97,0,12,123,0,135,0,41,191,0,232,144,0,144,376
12/05/2022,ISM,FL,ASO,ES,Federal Contract Tower,0,12,60,0,72,0,6,124,0,130,0,18,184,0,202,156,0,156,358
12/06/2022,ISM,FL,ASO,ES,Federal Contract Tower,0,9,55,0,64,0,4,143,0,147,0,13,198,0,211,244,0,244,455
12/07/2022,ISM,FL,ASO,ES,Federal Contract Tower,0,14,66,0,80,0,5,146,0,151,0,19,212,0,231,238,0,238,469
12/08/2022,ISM,FL,ASO,ES,Federal Contract Tower,0,8,85,0,93,0,10,161,0,171,0,18,246,0,264,184,0,184,448
12/09/2022,ISM,FL,ASO,ES,Federal Contract Tower,0,19,78,0,97,0,6,129,0,135,0,25,207,0,232,214,0,214,446
12/10/2022,ISM,FL,ASO,ES,Federal Contract Tower,0,6,39,0,45,0,2,125,0,127,0,8,164,0,172,134,0,134,306
12/11/2022,ISM,FL,ASO,ES,Federal Contract Tower,0,24,50,0,74,0,2,97,0,99,0,26,147,0,173,98,0,98,271
12/12/2022,ISM,FL,ASO,ES,Federal Contract Tower,0,7,51,0,58,0,4,111,0,115,0,11,162,0,173,122,0,122,295
12/13/2022,ISM,FL,ASO,ES,Federal Contract Tower,0,0,68,0,68,0,2,94,0,96,0,2,162,0,164,168,0,168,332
12/14/2022,ISM,FL,ASO,ES,Federal Contract Tower,0,12,78,2,92,0,5,111,0,116,0,17,189,2,208,172,0,172,380
12/15/2022,ISM,FL,ASO,ES,Federal Contract Tower,0,13,41,0,54,0,0,35,0,35,0,13,76,0,89,56,0,56,145
12/16/2022,ISM,FL,ASO,ES,Federal Contract Tower,0,17,92,0,109,0,3,108,0,111,0,20,200,0,220,136,0,136,356
12/17/2022,ISM,FL,ASO,ES,Federal Contract Tower,0,13,47,0,60,0,3,124,0,127,0,16,171,0,187,134,0,134,321
12/18/2022,ISM,FL,ASO,ES,Federal Contract Tower,0,10,61,0,71,0,5,85,0,90,0,15,146,0,161,96,0,96,257
12/19/2022,ISM,FL,ASO,ES,Federal Contract Tower,0,9,58,0,67,0,4,96,0,100,0,13,154,0,167,188,0,188,355
12/20/2022,ISM,FL,ASO,ES,Federal Contract Tower,0,9,50,1,60,0,3,93,1,97,0,12,143,2,157,138,0,138,295
12/21/2022,ISM,FL,ASO,ES,Federal Contract Tower,0,16,56,0,72,0,0,30,0,30,0,16,86,0,102,8,0,8,110
12/22/2022,ISM,FL,ASO,ES,Federal Contract Tower,0,16,42,0,58,0,0,11,0,11,0,16,53,0,69,0,0,0,69
12/23/2022,ISM,FL,ASO,ES,Federal Contract Tower,0,5,37,0,42,0,7,91,0,98,0,12,128,0,140,132,0,132,272
12/24/2022,ISM,FL,ASO,ES,Federal Contract Tower,0,7,13,0,20,0,3,72,0,75,0,10,85,0,95,42,0,42,137
12/25/2022,ISM,FL,ASO,ES,Federal Contract Tower,0,8,9,0,17,0,4,56,0,60,0,12,65,0,77,8,0,8,85
12/26/2022,ISM,FL,ASO,ES,Federal Contract Tower,0,20,62,0,82,0,4,108,0,112,0,24,170,0,194,112,0,112,306
12/27/2022,ISM,FL,ASO,ES,Federal Contract Tower,0,14,46,0,60,0,8,134,0,142,0,22,180,0,202,172,0,172,374
12/28/2022,ISM,FL,ASO,ES,Federal Contract Tower,0,18,72,0,90,0,7,168,0,175,0,25,240,0,265,148,0,148,413
12/29/2022,ISM,FL,ASO,ES,Federal Contract Tower,0,16,89,0,105,0,3,133,0,136,0,19,222,0,241,206,0,206,447
12/30/2022,ISM,FL,ASO,ES,Federal Contract Tower,0,7,59,0,66,0,6,161,0,167,0,13,220,0,233,176,0,176,409
12/31/2022,ISM,FL,ASO,ES,Federal Contract Tower,0,13,30,0,43,0,0,39,0,39,0,13,69,0,82,30,0,30,112
01/01/2023,ISM,FL,ASO,ES,Federal Contract Tower,0,14,63,0,77,0,4,62,0,66,0,18,125,0,143,20,0,20,163
01/02/2023,ISM,FL,ASO,ES,Federal Contract Tower,0,15,65,0,80,0,2,116,0,118,0,17,181,0,198,232,0,232,430
01/03/2023,ISM,FL,ASO,ES,Federal Contract Tower,0,14,69,0,83,0,4,127,0,131,0,18,196,0,214,260,0,260,474
01/04/2023,ISM,FL,ASO,ES,Federal Contract Tower,0,17,67,0,84,0,5,50,0,55,0,22,117,0,139,126,0,126,265
01/05/2023,ISM,FL,ASO,ES,Federal Contract Tower,0,20,60,0,80,0,6,61,0,67,0,26,121,0,147,98,0,98,245
01/06/2023,ISM,FL,ASO,ES,Federal Contract Tower,0,18,78,0,96,0,10,153,0,163,0,28,231,0,259,134,0,134,393
01/07/2023,ISM,FL,ASO,ES,Federal Contract Tower,0,12,61,0,73,0,8,171,0,179,0,20,232,0,252,120,0,120,372
01/08/2023,ISM,FL,ASO,ES,Federal Contract Tower,0,26,75,0,101,0,4,132,0,136,0,30,207,0,237,170,0,170,407
01/09/2023,ISM,FL,ASO,ES,Federal Contract Tower,0,13,66,0,79,0,0,178,0,178,0,13,244,0,257,296,0,296,553
01/10/2023,ISM,FL,ASO,ES,Federal Contract Tower,0,9,64,2,75,0,4,115,0,119,0,13,179,2,194,164,0,164,358
01/11/2023,ISM,FL,ASO,ES,Federal Contract Tower,0,11,92,0,103,0,5,161,0,166,0,16,253,0,269,252,0,252,521
01/12/2023,ISM,FL,ASO,ES,Federal Contract Tower,0,12,103,2,117,0,6,131,0,137,0,18,234,2,254,188,0,188,442
01/13/2023,ISM,FL,ASO,ES,Federal Contract Tower,0,17,73,0,90,0,1,63,0,64,0,18,136,0,154,4,0,4,158
01/14/2023,ISM,FL,ASO,ES,Federal Contract Tower,0,18,51,0,69,0,5,87,0,92,0,23,138,0,161,60,0,60,221
01/15/2023,ISM,FL,ASO,ES,Federal Contract Tower,0,13,64,0,77,0,5,108,0,113,0,18,172,0,190,94,0,94,284
01/16/2023,ISM,FL,ASO,ES,Federal Contract Tower,0,23,88,0,111,0,13,173,0,186,0,36,261,0,297,216,0,216,513
01/17/2023,ISM,FL,ASO,ES,Federal Contract Tower,0,9,72,0,81,0,9,162,0,171,0,18,234,0,252,166,0,166,418
01/18/2023,ISM,FL,ASO,ES,Federal Contract Tower,0,16,90,0,106,0,6,144,0,150,0,22,234,0,256,160,0,160,416
01/19/2023,ISM,FL,ASO,ES,Federal Contract Tower,0,22,76,0,98,0,5,193,0,198,0,27,269,0,296,182,0,182,478
01/20/2023,ISM,FL,ASO,ES,Federal Contract Tower,0,6,61,2,69,0,4,167,8,179,0,10,228,10,248,140,0,140,388
01/21/2023,ISM,FL,ASO,ES,Federal Contract Tower,0,11,59,0,70,0,3,142,9,154,0,14,201,9,224,168,0,168,392
01/22/2023,ISM,FL,ASO,ES,Federal Contract Tower,0,8,49,0,57,0,6,80,0,86,0,14,129,0,143,66,0,66,209
01/23/2023,ISM,FL,ASO,ES,Federal Contract Tower,0,14,56,0,70,0,5,127,2,134,0,19,183,2,204,164,0,164,368
01/24/2023,ISM,FL,ASO,ES,Federal Contract Tower,0,16,75,0,91,0,1,160,0,161,0,17,235,0,252,166,0,166,418
01/25/2023,ISM,FL,ASO,ES,Federal Contract Tower,0,19,60,0,79,0,4,108,0,112,0,23,168,0,191,86,0,86,277
01/26/2023,ISM,FL,ASO,ES,Federal Contract Tower,0,20,81,0,101,0,1,157,1,159,0,21,238,1,260,256,0,256,516
01/27/2023,ISM,FL,ASO,ES,Federal Contract Tower,0,11,61,0,72,0,2,149,0,151,0,13,210,0,223,164,0,164,387
01/28/2023,ISM,FL,ASO,ES,Federal Contract Tower,0,20,59,0,79,0,5,143,0,148,0,25,202,0,227,146,0,146,373
01/29/2023,ISM,FL,ASO,ES,Federal Contract Tower,0,13,68,0,81,0,5,124,0,129,0,18,192,0,210,140,0,140,350
01/30/2023,ISM,FL,ASO,ES,Federal Contract Tower,0,17,66,0,83,0,10,91,0,101,0,27,157,0,184,182,0,182,366
01/31/2023,ISM,FL,ASO,ES,Federal Contract Tower,0,6,50,0,56,0,4,143,0,147,0,10,193,0,203,160,0,160,363
02/01/2023,ISM,FL,ASO,ES,Federal Contract Tower,0,4,64,0,68,0,11,129,0,140,0,15,193,0,208,212,0,212,420
02/02/2023,ISM,FL,ASO,ES,Federal Contract Tower,0,10,83,0,93,0,4,166,0,170,0,14,249,0,263,252,0,252,515
02/03/2023,ISM,FL,ASO,ES,Federal Contract Tower,0,18,61,7,86,0,0,15,0,15,0,18,76,7,101,2,0,2,103
02/04/2023,ISM,FL,ASO,ES,Federal Contract Tower,0,15,59,0,74,0,7,134,0,141,0,22,193,0,215,100,0,100,315
02/05/2023,ISM,FL,ASO,ES,Federal Contract Tower,0,20,52,0,72,0,7,54,0,61,0,27,106,0,133,46,0,46,179
02/06/2023,ISM,FL,ASO,ES,Federal Contract Tower,0,25,65,0,90,0,10,132,0,142,0,35,197,0,232,186,0,186,418
02/07/2023,ISM,FL,ASO,ES,Federal Contract Tower,0,10,63,0,73,0,6,165,0,171,0,16,228,0,244,135,0,135,379
02/08/2023,ISM,FL,ASO,ES,Federal Contract Tower,0,18,69,0,87,0,5,153,0,158,0,23,222,0,245,200,0,200,445
02/09/2023,ISM,FL,ASO,ES,Federal Contract Tower,0,35,99,0,134,0,7,139,0,146,0,42,238,0,280,134,0,134,414
02/10/2023,ISM,FL,ASO,ES,Federal Contract Tower,0,33,78,0,111,0,2,132,0,134,0,35,210,0,245,224,0,224,469
02/11/2023,ISM,FL,ASO,ES,Federal Contract Tower,0,12,96,0,108,0,8,127,0,135,0,20,223,0,243,52,0,52,295
02/12/2023,ISM,FL,ASO,ES,Federal Contract Tower,0,19,56,0,75,0,3,46,0,49,0,22,102,0,124,16,0,16,140
02/13/2023,ISM,FL,ASO,ES,Federal Contract Tower,0,15,74,0,89,0,6,166,0,172,0,21,240,0,261,100,0,100,361
02/14/2023,ISM,FL,ASO,ES,Federal Contract Tower,0,6,66,0,72,0,10,191,0,201,0,16,257,0,273,28,0,28,301
02/15/2023,ISM,FL,ASO,ES,Federal Contract Tower,0,22,87,0,109,0,2,120,0,122,0,24,207,0,231,76,0,76,307
02/16/2023,ISM,FL,ASO,ES,Federal Contract Tower,0,20,103,0,123,0,7,176,0,183,0,27,279,0,306,74,0,74,380
02/17/2023,ISM,FL,ASO,ES,Federal Contract Tower,0,24,121,0,145,0,1,120,0,121,0,25,241,0,266,44,0,44,310
02/18/2023,ISM,FL,ASO,ES,Federal Contract Tower,0,11,67,0,78,0,5,167,0,172,0,16,234,0,250,90,0,90,340
02/19/2023,ISM,FL,ASO,ES,Federal Contract Tower,0,26,84,0,110,0,5,128,0,133,0,31,212,0,243,54,0,54,297
02/20/2023,ISM,FL,ASO,ES,Federal Contract Tower,0,24,104,0,128,0,7,143,0,150,0,31,247,0,278,158,0,158,436
02/21/2023,ISM,FL,ASO,ES,Federal Contract Tower,0,15,100,0,115,0,4,129,0,133,0,19,229,0,248,144,0,144,392
02/22/2023,ISM,FL,ASO,ES,Federal Contract Tower,0,19,83,0,102,0,1,123,0,124,0,20,206,0,226,98,0,98,324
02/23/2023,ISM,FL,ASO,ES,Federal Contract Tower,0,20,95,0,115,0,8,162,0,170,0,28,257,0,285,156,0,156,441
02/24/2023,ISM,FL,ASO,ES,Federal Contract Tower,0,13,102,0,115,0,3,128,0,131,0,16,230,0,246,150,0,150,396
02/25/2023,ISM,FL,ASO,ES,Federal Contract Tower,0,17,96,0,113,0,7,156,0,163,0,24,252,0,276,108,0,108,384
02/26/2023,ISM,FL,ASO,ES,Federal Contract Tower,0,18,69,0,87,0,2,122,0,124,0,20,191,0,211,72,0,72,283
02/27/2023,ISM,FL,ASO,ES,Federal Contract Tower,0,14,81,0,95,0,4,82,0,86,0,18,163,0,181,58,0,58,239
02/28/2023,ISM,FL,ASO,ES,Federal Contract Tower,0,6,98,0,104,0,2,91,0,93,0,8,189,0,197,140,0,140,337
03/01/2023,ISM,FL,ASO,ES,Federal Contract Tower,0,17,106,0,123,0,7,95,0,102,0,24,201,0,225,92,0,92,317
03/02/2023,ISM,FL,ASO,ES,Federal Contract Tower,0,23,115,0,138,0,6,166,0,172,0,29,281,0,310,270,0,270,580
03/03/2023,ISM,FL,ASO,ES,Federal Contract Tower,0,16,61,0,77,0,1,84,0,85,0,17,145,0,162,27,0,27,189
03/04/2023,ISM,FL,ASO,ES,Federal Contract Tower,0,19,96,0,115,0,7,108,0,115,0,26,204,0,230,112,0,112,342
03/05/2023,ISM,FL,ASO,ES,Federal Contract Tower,0,19,90,0,109,0,4,162,0,166,0,23,252,0,275,84,0,84,359
03/06/2023,ISM,FL,ASO,ES,Federal Contract Tower,0,17,58,0,75,0,10,146,0,156,0,27,204,0,231,144,0,144,375
03/07/2023,ISM,FL,ASO,ES,Federal Contract Tower,0,26,87,0,113,0,5,171,0,176,0,31,258,0,289,174,0,174,463
03/08/2023,ISM,FL,ASO,ES,Federal Contract Tower,0,16,83,0,99,0,5,99,0,104,0,21,182,0,203,96,0,96,299
03/09/2023,ISM,FL,ASO,ES,Federal Contract Tower,0,29,85,0,114,0,8,166,0,174,0,37,251,0,288,202,0,202,490
03/10/2023,ISM,FL,ASO,ES,Federal Contract Tower,0,30,128,0,158,0,8,140,0,148,0,38,268,0,306,132,0,132,438
03/11/2023,ISM,FL,ASO,ES,Federal Contract Tower,0,21,96,0,117,0,7,111,0,118,0,28,207,0,235,164,0,164,399
03/12/2023,ISM,FL,ASO,ES,Federal Contract Tower,0,18,96,0,114,0,4,152,0,156,0,22,248,0,270,134,0,134,404
03/13/2023,ISM,FL,ASO,ES,Federal Contract Tower,0,21,38,0,59,0,0,23,0,23,0,21,61,0,82,4,0,4,86
03/14/2023,ISM,FL,ASO,ES,Federal Contract Tower,0,17,92,0,109,0,4,175,0,179,0,21,267,0,288,160,0,160,448
03/15/2023,ISM,FL,ASO,ES,Federal Contract Tower,0,15,96,0,111,0,5,112,0,117,0,20,208,0,228,138,0,138,366
03/16/2023,ISM,FL,ASO,ES,Federal Contract Tower,0,18,81,0,99,0,6,197,0,203,0,24,278,0,302,246,0,246,548
03/17/2023,ISM,FL,ASO,ES,Federal Contract Tower,0,21,97,0,118,0,6,128,0,134,0,27,225,0,252,154,0,154,406
03/18/2023,ISM,FL,ASO,ES,Federal Contract Tower,0,19,62,0,81,0,1,193,0,194,0,20,255,0,275,140,0,140,415
03/19/2023,ISM,FL,ASO,ES,Federal Contract Tower,0,25,83,0,108,0,6,92,0,98,0,31,175,0,206,146,0,146,352
03/20/2023,ISM,FL,ASO,ES,Federal Contract Tower,0,9,66,0,75,0,2,116,0,118,0,11,182,0,193,158,0,158,351
03/21/2023,ISM,FL,ASO,ES,Federal Contract Tower,0,8,53,7,68,0,6,162,0,168,0,14,215,7,236,144,0,144,380
03/22/2023,ISM,FL,ASO,ES,Federal Contract Tower,0,17,74,0,91,0,3,156,0,159,0,20,230,0,250,174,0,174,424
03/23/2023,ISM,FL,ASO,ES,Federal Contract Tower,0,15,88,0,103,0,8,148,0,156,0,23,236,0,259,208,0,208,467
03/24/2023,ISM,FL,ASO,ES,Federal Contract Tower,0,18,69,0,87,0,1,137,0,138,0,19,206,0,225,182,0,182,407
03/25/2023,ISM,FL,ASO,ES,Federal Contract Tower,0,14,75,0,89,0,2,94,0,96,0,16,169,0,185,89,0,89,274
03/26/2023,ISM,FL,ASO,ES,Federal Contract Tower,0,13,54,1,68,0,4,92,0,96,0,17,146,1,164,68,0,68,232
03/27/2023,ISM,FL,ASO,ES,Federal Contract Tower,0,9,60,0,69,0,8,157,0,165,0,17,217,0,234,142,0,142,376
03/28/2023,ISM,FL,ASO,ES,Federal Contract Tower,0,12,68,0,80,0,5,103,0,108,0,17,171,0,188,144,0,144,332
03/29/2023,ISM,FL,ASO,ES,Federal Contract Tower,0,15,97,0,112,0,4,123,0,127,0,19,220,0,239,168,0,168,407
03/30/2023,ISM,FL,ASO,ES,Federal Contract Tower,0,18,73,0,91,0,9,194,0,203,0,27,267,0,294,204,0,204,498
03/31/2023,ISM,FL,ASO,ES,Federal Contract Tower,0,19,64,0,83,0,1,137,0,138,0,20,201,0,221,60,0,60,281
04/01/2023,ISM,FL,ASO,ES,Federal Contract Tower,0,16,56,0,72,0,7,109,0,116,0,23,165,0,188,38,0,38,226
04/02/2023,ISM,FL,ASO,ES,Federal Contract Tower,0,27,66,0,93,0,3,134,0,137,0,30,200,0,230,64,0,64,294
04/03/2023,ISM,FL,ASO,ES,Federal Contract Tower,0,19,86,1,106,0,5,80,0,85,0,24,166,1,191,100,0,100,291
04/04/2023,ISM,FL,ASO,ES,Federal Contract Tower,0,20,91,0,111,0,6,160,0,166,0,26,251,0,277,144,0,144,421
04/05/2023,ISM,FL,ASO,ES,Federal Contract Tower,0,14,78,0,92,0,6,116,0,122,0,20,194,0,214,164,0,164,378
04/06/2023,ISM,FL,ASO,ES,Federal Contract Tower,0,8,74,3,85,0,6,140,0,146,0,14,214,3,231,178,0,178,409
04/07/2023,ISM,FL,ASO,ES,Federal Contract Tower,0,18,64,0,82,0,3,162,0,165,0,21,226,0,247,202,0,202,449
04/08/2023,ISM,FL,ASO,ES,Federal Contract Tower,0,7,50,0,57,0,8,122,0,130,0,15,172,0,187,186,0,186,373
04/09/2023,ISM,FL,ASO,ES,Federal Contract Tower,0,8,41,0,49,0,4,39,0,43,0,12,80,0,92,16,0,16,108
04/10/2023,ISM,FL,ASO,ES,Federal Contract Tower,0,13,54,0,67,0,5,73,0,78,0,18,127,0,145,76,0,76,221
04/11/2023,ISM,FL,ASO,ES,Federal Contract Tower,0,19,55,0,74,0,12,118,0,130,0,31,173,0,204,56,0,56,260
04/12/2023,ISM,FL,ASO,ES,Federal Contract Tower,0,12,58,0,70,0,1,74,0,75,0,13,132,0,145,62,0,62,207
04/13/2023,ISM,FL,ASO,ES,Federal Contract Tower,0,8,94,0,102,0,2,100,0,102,0,10,194,0,204,74,0,74,278
04/14/2023,ISM,FL,ASO,ES,Federal Contract Tower,0,18,78,0,96,0,1,131,0,132,0,19,209,0,228,128,0,128,356
04/16/2023,ISM,FL,ASO,ES,Federal Contract Tower,0,24,64,0,88,0,3,114,0,117,0,27,178,0,205,46,0,46,251
04/17/2023,ISM,FL,ASO,ES,Federal Contract Tower,0,8,58,0,66,0,2,60,0,62,0,10,118,0,128,90,0,90,218
04/18/2023,ISM,FL,ASO,ES,Federal Contract Tower,0,15,62,0,77,0,6,205,0,211,0,21,267,0,288,200,0,200,488
04/19/2023,ISM,FL,ASO,ES,Federal Contract Tower,0,12,85,0,97,0,8,144,0,152,0,20,229,0,249,179,0,179,428
04/20/2023,ISM,FL,ASO,ES,Federal Contract Tower,0,23,86,0,109,0,6,120,0,126,0,29,206,0,235,114,0,114,349
04/21/2023,ISM,FL,ASO,ES,Federal Contract Tower,0,13,78,0,91,0,4,138,0,142,0,17,216,0,233,170,0,170,403
04/22/2023,ISM,FL,ASO,ES,Federal Contract Tower,0,3,47,0,50,0,5,114,0,119,0,8,161,0,169,156,0,156,325
04/23/2023,ISM,FL,ASO,ES,Federal Contract Tower,0,16,51,0,67,0,4,113,0,117,0,20,164,0,184,120,0,120,304
04/24/2023,ISM,FL,ASO,ES,Federal Contract Tower,0,7,63,0,70,0,0,88,0,88,0,7,151,0,158,182,0,182,340
04/25/2023,ISM,FL,ASO,ES,Federal Contract Tower,0,8,63,0,71,0,1,115,0,116,0,9,178,0,187,180,0,180,367
04/26/2023,ISM,FL,ASO,ES,Federal Contract Tower,0,19,80,0,99,0,2,107,0,109,0,21,187,0,208,140,0,140,348
04/27/2023,ISM,FL,ASO,ES,Federal Contract Tower,0,11,67,0,78,0,3,154,0,157,0,14,221,0,235,102,0,102,337
04/28/2023,ISM,FL,ASO,ES,Federal Contract Tower,0,18,56,0,74,0,0,83,0,83,0,18,139,0,157,102,0,102,259
04/29/2023,ISM,FL,ASO,ES,Federal Contract Tower,0,8,36,0,44,0,3,132,0,135,0,11,168,0,179,78,0,78,257
04/30/2023,ISM,FL,ASO,ES,Federal Contract Tower,0,25,45,0,70,0,0,47,0,47,0,25,92,0,117,10,0,10,127
05/01/2023,ISM,FL,ASO,ES,Federal Contract Tower,0,21,56,0,77,0,4,117,0,121,0,25,173,0,198,186,0,186,384
05/02/2023,ISM,FL,ASO,ES,Federal Contract Tower,0,9,64,0,73,0,2,146,0,148,0,11,210,0,221,118,0,118,339
05/03/2023,ISM,FL,ASO,ES,Federal Contract Tower,0,7,88,0,95,0,1,171,0,172,0,8,259,0,267,240,0,240,507
05/04/2023,ISM,FL,ASO,ES,Federal Contract Tower,0,15,84,0,99,0,2,187,0,189,0,17,271,0,288,204,0,204,492
05/05/2023,ISM,FL,ASO,ES,Federal Contract Tower,0,13,61,0,74,0,1,129,0,130,0,14,190,0,204,138,0,138,342
05/06/2023,ISM,FL,ASO,ES,Federal Contract Tower,0,7,36,0,43,0,3,101,0,104,0,10,137,0,147,106,0,106,253
05/07/2023,ISM,FL,ASO,ES,Federal Contract Tower,0,18,63,0,81,0,5,103,0,108,0,23,166,0,189,64,0,64,253
05/08/2023,ISM,FL,ASO,ES,Federal Contract Tower,0,10,53,0,63,0,6,125,0,131,0,16,178,0,194,162,0,162,356
05/09/2023,ISM,FL,ASO,ES,Federal Contract Tower,0,9,75,0,84,0,5,115,0,120,0,14,190,0,204,183,0,183,387
05/10/2023,ISM,FL,ASO,ES,Federal Contract Tower,0,18,89,0,107,0,4,119,0,123,0,22,208,0,230,238,0,238,468
05/11/2023,ISM,FL,ASO,ES,Federal Contract Tower,0,10,70,0,80,0,7,88,0,95,0,17,158,0,175,160,0,160,335
05/12/2023,ISM,FL,ASO,ES,Federal Contract Tower,0,12,64,0,76,0,7,118,0,125,0,19,182,0,201,97,0,97,298
05/13/2023,ISM,FL,ASO,ES,Federal Contract Tower,0,9,44,0,53,0,5,159,0,164,0,14,203,0,217,238,0,238,455
05/14/2023,ISM,FL,ASO,ES,Federal Contract Tower,0,14,49,0,63,0,7,123,0,130,0,21,172,0,193,54,0,54,247
05/15/2023,ISM,FL,ASO,ES,Federal Contract Tower,0,17,50,2,69,0,7,104,0,111,0,24,154,2,180,112,0,112,292
05/16/2023,ISM,FL,ASO,ES,Federal Contract Tower,0,14,78,1,93,0,0,141,0,141,0,14,219,1,234,250,0,250,484
05/17/2023,ISM,FL,ASO,ES,Federal Contract Tower,0,20,75,0,95,0,0,123,0,123,0,20,198,0,218,90,0,90,308
05/18/2023,ISM,FL,ASO,ES,Federal Contract Tower,0,26,46,0,72,0,0,99,0,99,0,26,145,0,171,140,0,140,311
05/19/2023,ISM,FL,ASO,ES,Federal Contract Tower,0,13,69,0,82,0,3,125,0,128,0,16,194,0,210,134,0,134,344
05/20/2023,ISM,FL,ASO,ES,Federal Contract Tower,0,13,50,0,63,0,3,131,0,134,0,16,181,0,197,166,0,166,363
05/21/2023,ISM,FL,ASO,ES,Federal Contract Tower,0,14,61,0,75,0,2,86,0,88,0,16,147,0,163,130,0,130,293
05/22/2023,ISM,FL,ASO,ES,Federal Contract Tower,0,17,41,0,58,0,2,65,0,67,0,19,106,0,125,114,0,114,239
05/23/2023,ISM,FL,ASO,ES,Federal Contract Tower,0,9,50,2,61,0,0,115,0,115,0,9,165,2,176,116,0,116,292
05/24/2023,ISM,FL,ASO,ES,Federal Contract Tower,0,11,43,0,54,0,3,87,0,90,0,14,130,0,144,90,0,90,234
05/25/2023,ISM,FL,ASO,ES,Federal Contract Tower,0,8,63,0,71,0,2,127,0,129,0,10,190,0,200,148,0,148,348
05/26/2023,ISM,FL,ASO,ES,Federal Contract Tower,0,18,54,0,72,0,7,82,0,89,0,25,136,0,161,32,0,32,193
05/27/2023,ISM,FL,ASO,ES,Federal Contract Tower,0,14,51,0,65,0,11,148,0,159,0,25,199,0,224,196,0,196,420
05/28/2023,ISM,FL,ASO,ES,Federal Contract Tower,0,10,39,0,49,0,7,171,0,178,0,17,210,0,227,76,0,76,303
05/29/2023,ISM,FL,ASO,ES,Federal Contract Tower,0,13,41,0,54,0,6,142,0,148,0,19,183,0,202,182,0,182,384
05/30/2023,ISM,FL,ASO,ES,Federal Contract Tower,0,13,75,0,88,0,2,193,0,195,0,15,268,0,283,216,0,216,499
05/31/2023,ISM,FL,ASO,ES,Federal Contract Tower,0,9,51,0,60,0,2,107,0,109,0,11,158,0,169,162,0,162,331
06/01/2023,ISM,FL,ASO,ES,Federal Contract Tower,0,13,41,0,54,0,2,94,0,96,0,15,135,0,150,172,0,172,322
06/02/2023,ISM,FL,ASO,ES,Federal Contract Tower,0,11,42,0,53,0,1,118,0,119,0,12,160,0,172,142,0,142,314
06/03/2023,ISM,FL,ASO,ES,Federal Contract Tower,0,7,51,0,58,0,0,52,0,52,0,7,103,0,110,48,0,48,158
06/05/2023,ISM,FL,ASO,ES,Federal Contract Tower,0,11,61,0,72,0,6,89,0,95,0,17,150,0,167,166,0,166,333
06/06/2023,ISM,FL,ASO,ES,Federal Contract Tower,0,10,64,0,74,0,4,177,0,181,0,14,241,0,255,280,0,280,535
06/07/2023,ISM,FL,ASO,ES,Federal Contract Tower,0,14,60,0,74,0,2,99,0,101,0,16,159,0,175,188,0,188,363
06/08/2023,ISM,FL,ASO,ES,Federal Contract Tower,0,19,53,0,72,0,6,93,0,99,0,25,146,0,171,156,0,156,327
06/09/2023,ISM,FL,ASO,ES,Federal Contract Tower,0,16,67,0,83,0,3,145,0,148,0,19,212,0,231,164,0,164,395
06/10/2023,ISM,FL,ASO,ES,Federal Contract Tower,0,8,48,0,56,0,3,115,0,118,0,11,163,0,174,192,0,192,366
06/11/2023,ISM,FL,ASO,ES,Federal Contract Tower,0,10,55,0,65,0,2,137,0,139,0,12,192,0,204,154,0,154,358
06/12/2023,ISM,FL,ASO,ES,Federal Contract Tower,0,9,60,1,70,0,7,121,1,129,0,16,181,2,199,224,0,224,423
06/13/2023,ISM,FL,ASO,ES,Federal Contract Tower,0,9,42,0,51,0,7,151,0,158,0,16,193,0,209,202,0,202,411
06/14/2023,ISM,FL,ASO,ES,Federal Contract Tower,0,3,52,0,55,0,4,113,0,117,0,7,165,0,172,210,0,210,382
06/15/2023,ISM,FL,ASO,ES,Federal Contract Tower,0,6,40,0,46,0,4,134,0,138,0,10,174,0,184,196,0,196,380
06/16/2023,ISM,FL,ASO,ES,Federal Contract Tower,0,8,53,0,61,0,2,92,0,94,0,10,145,0,155,118,0,118,273
06/17/2023,ISM,FL,ASO,ES,Federal Contract Tower,0,8,33,0,41,0,3,96,0,99,0,11,129,0,140,78,0,78,218
06/18/2023,ISM,FL,ASO,ES,Federal Contract Tower,0,10,36,0,46,0,2,80,0,82,0,12,116,0,128,106,0,106,234
06/19/2023,ISM,FL,ASO,ES,Federal Contract Tower,0,5,23,0,28,0,4,119,0,123,0,9,142,0,151,240,0,240,391
06/20/2023,ISM,FL,ASO,ES,Federal Contract Tower,0,13,46,0,59,0,0,102,0,102,0,13,148,0,161,186,0,186,347
06/21/2023,ISM,FL,ASO,ES,Federal Contract Tower,0,5,44,0,49,0,4,67,0,71,0,9,111,0,120,48,0,48,168
06/22/2023,ISM,FL,ASO,ES,Federal Contract Tower,0,16,40,0,56,0,2,140,0,142,0,18,180,0,198,276,0,276,474
06/23/2023,ISM,FL,ASO,ES,Federal Contract Tower,0,7,60,0,67,0,1,80,0,81,0,8,140,0,148,140,0,140,288
06/24/2023,ISM,FL,ASO,ES,Federal Contract Tower,0,14,49,0,63,0,0,102,0,102,0,14,151,0,165,132,0,132,297
06/25/2023,ISM,FL,ASO,ES,Federal Contract Tower,0,9,44,0,53,0,3,132,0,135,0,12,176,0,188,110,0,110,298
06/26/2023,ISM,FL,ASO,ES,Federal Contract Tower,0,12,83,0,95,0,3,119,0,122,0,15,202,0,217,226,0,226,443
06/27/2023,ISM,FL,ASO,ES,Federal Contract Tower,0,9,56,0,65,0,1,188,0,189,0,10,244,0,254,204,0,204,458
06/28/2023,ISM,FL,ASO,ES,Federal Contract Tower,0,15,82,0,97,0,1,76,0,77,0,16,158,0,174,198,0,198,372
06/29/2023,ISM,FL,ASO,ES,Federal Contract Tower,0,13,87,0,100,0,5,130,0,135,0,18,217,0,235,158,0,158,393
06/30/2023,ISM,FL,ASO,ES,Federal Contract Tower,0,17,71,0,88,0,3,153,0,156,0,20,224,0,244,128,0,128,372
07/01/2023,ISM,FL,ASO,ES,Federal Contract Tower,0,8,54,0,62,0,4,127,0,131,0,12,181,0,193,190,0,190,383
07/02/2023,ISM,FL,ASO,ES,Federal Contract Tower,0,9,27,0,36,0,4,83,0,87,0,13,110,0,123,158,0,158,281
07/03/2023,ISM,FL,ASO,ES,Federal Contract Tower,0,5,20,0,25,0,4,82,0,86,0,9,102,0,111,92,0,92,203
07/04/2023,ISM,FL,ASO,ES,Federal Contract Tower,0,7,34,0,41,0,5,102,0,107,0,12,136,0,148,96,0,96,244
07/05/2023,ISM,FL,ASO,ES,Federal Contract Tower,0,10,54,1,65,0,3,94,1,98,0,13,148,2,163,132,0,132,295
07/06/2023,ISM,FL,ASO,ES,Federal Contract Tower,0,12,51,0,63,0,8,178,0,186,0,20,229,0,249,206,0,206,455
07/07/2023,ISM,FL,ASO,ES,Federal Contract Tower,0,13,37,0,50,0,2,82,0,84,0,15,119,0,134,114,0,114,248
07/08/2023,ISM,FL,ASO,ES,Federal Contract Tower,0,10,42,0,52,0,5,117,0,122,0,15,159,0,174,120,0,120,294
07/09/2023,ISM,FL,ASO,ES,Federal Contract Tower,0,9,47,0,56,0,3,148,0,151,0,12,195,0,207,118,0,118,325
07/10/2023,ISM,FL,ASO,ES,Federal Contract Tower,0,6,62,0,68,0,2,87,0,89,0,8,149,0,157,122,0,122,279
07/11/2023,ISM,FL,ASO,ES,Federal Contract Tower,0,6,54,0,60,0,2,118,0,120,0,8,172,0,180,176,0,176,356
07/12/2023,ISM,FL,ASO,ES,Federal Contract Tower,0,7,52,0,59,0,3,101,0,104,0,10,153,0,163,244,0,244,407
07/13/2023,ISM,FL,ASO,ES,Federal Contract Tower,0,14,46,0,60,0,11,104,0,115,0,25,150,0,175,132,0,132,307
07/14/2023,ISM,FL,ASO,ES,Federal Contract Tower,0,5,44,0,49,0,4,133,0,137,0,9,177,0,186,168,0,168,354
07/15/2023,ISM,FL,ASO,ES,Federal Contract Tower,0,8,36,0,44,0,1,135,0,136,0,9,171,0,180,166,0,166,346
07/16/2023,ISM,FL,ASO,ES,Federal Contract Tower,0,8,43,0,51,0,0,64,0,64,0,8,107,0,115,166,0,166,281
07/17/2023,ISM,FL,ASO,ES,Federal Contract Tower,0,18,32,0,50,0,0,108,0,108,0,18,140,0,158,156,0,156,314
07/18/2023,ISM,FL,ASO,ES,Federal Contract Tower,0,9,38,0,47,0,7,135,0,142,0,16,173,0,189,214,0,214,403
07/19/2023,ISM,FL,ASO,ES,Federal Contract Tower,0,8,47,0,55,0,5,131,0,136,0,13,178,0,191,222,0,222,413
07/20/2023,ISM,FL,ASO,ES,Federal Contract Tower,0,9,63,0,72,0,8,184,0,192,0,17,247,0,264,250,0,250,514
07/21/2023,ISM,FL,ASO,ES,Federal Contract Tower,0,11,62,0,73,0,4,143,0,147,0,15,205,0,220,196,0,196,416
07/22/2023,ISM,FL,ASO,ES,Federal Contract Tower,0,4,44,0,48,0,2,137,0,139,0,6,181,0,187,166,0,166,353
07/23/2023,ISM,FL,ASO,ES,Federal Contract Tower,0,16,49,0,65,0,5,92,0,97,0,21,141,0,162,108,0,108,270
07/24/2023,ISM,FL,ASO,ES,Federal Contract Tower,0,2,39,0,41,0,7,91,0,98,0,9,130,0,139,168,0,168,307
07/25/2023,ISM,FL,ASO,ES,Federal Contract Tower,0,4,57,0,61,0,3,148,0,151,0,7,205,0,212,166,0,166,378
07/26/2023,ISM,FL,ASO,ES,Federal Contract Tower,0,8,40,0,48,0,4,96,0,100,0,12,136,0,148,178,0,178,326
07/27/2023,ISM,FL,ASO,ES,Federal Contract Tower,0,7,58,0,65,0,2,101,0,103,0,9,159,0,168,216,0,216,384
07/28/2023,ISM,FL,ASO,ES,Federal Contract Tower,0,5,57,0,62,0,0,131,0,131,0,5,188,0,193,168,0,168,361
07/29/2023,ISM,FL,ASO,ES,Federal Contract Tower,0,11,37,0,48,0,2,121,0,123,0,13,158,0,171,108,0,108,279
07/30/2023,ISM,FL,ASO,ES,Federal Contract Tower,0,9,33,0,42,0,4,127,0,131,0,13,160,0,173,130,0,130,303
07/31/2023,ISM,FL,ASO,ES,Federal Contract Tower,0,7,40,0,47,0,2,90,0,92,0,9,130,0,139,100,0,100,239
08/01/2023,ISM,FL,ASO,ES,Federal Contract Tower,0,3,48,0,51,0,3,128,0,131,0,6,176,0,182,164,0,164,346
08/02/2023,ISM,FL,ASO,ES,Federal Contract Tower,0,6,44,0,50,0,1,109,0,110,0,7,153,0,160,160,0,160,320
08/03/2023,ISM,FL,ASO,ES,Federal Contract Tower,0,11,51,0,62,0,4,128,0,132,0,15,179,0,194,242,0,242,436
08/04/2023,ISM,FL,ASO,ES,Federal Contract Tower,0,4,48,0,52,0,5,138,0,143,0,9,186,0,195,154,0,154,349
08/05/2023,ISM,FL,ASO,ES,Federal Contract Tower,0,7,46,0,53,0,1,155,0,156,0,8,201,0,209,130,0,130,339
08/06/2023,ISM,FL,ASO,ES,Federal Contract Tower,0,10,31,0,41,0,3,82,0,85,0,13,113,0,126,112,0,112,238
08/07/2023,ISM,FL,ASO,ES,Federal Contract Tower,0,4,52,0,56,0,4,116,0,120,0,8,168,0,176,216,0,216,392
08/08/2023,ISM,FL,ASO,ES,Federal Contract Tower,0,2,35,0,37,0,0,0,0,0,0,2,35,0,37,108,0,108,145
08/09/2023,ISM,FL,ASO,ES,Federal Contract Tower,0,11,67,0,78,0,12,134,0,146,0,23,201,0,224,166,0,166,390
08/10/2023,ISM,FL,ASO,ES,Federal Contract Tower,0,9,36,0,45,0,2,102,0,104,0,11,138,0,149,179,0,179,328
08/11/2023,ISM,FL,ASO,ES,Federal Contract Tower,0,10,45,0,55,0,6,120,0,126,0,16,165,0,181,192,0,192,373
08/12/2023,ISM,FL,ASO,ES,Federal Contract Tower,0,3,45,0,48,0,2,104,0,106,0,5,149,0,154,114,0,114,268
08/13/2023,ISM,FL,ASO,ES,Federal Contract Tower,0,4,44,0,48,0,2,84,0,86,0,6,128,0,134,86,0,86,220
08/14/2023,ISM,FL,ASO,ES,Federal Contract Tower,0,4,43,0,47,0,4,99,0,103,0,8,142,0,150,136,0,136,286
08/15/2023,ISM,FL,ASO,ES,Federal Contract Tower,0,7,54,0,61,0,2,144,0,146,0,9,198,0,207,126,0,126,333
08/16/2023,ISM,FL,ASO,ES,Federal Contract Tower,0,8,43,0,51,0,4,115,0,119,0,12,158,0,170,128,0,128,298
08/17/2023,ISM,FL,ASO,ES,Federal Contract Tower,0,3,51,0,54,0,3,103,0,106,0,6,154,0,160,180,0,180,340
08/18/2023,ISM,FL,ASO,ES,Federal Contract Tower,0,5,38,0,43,0,0,120,0,120,0,5,158,0,163,126,0,126,289
08/19/2023,ISM,FL,ASO,ES,Federal Contract Tower,0,6,50,0,56,0,6,133,0,139,0,12,183,0,195,186,0,186,381
08/20/2023,ISM,FL,ASO,ES,Federal Contract Tower,0,7,40,0,47,0,0,106,0,106,0,7,146,0,153,58,0,58,211
08/21/2023,ISM,FL,ASO,ES,Federal Contract Tower,0,14,56,0,70,0,5,126,0,131,0,19,182,0,201,74,0,74,275
08/22/2023,ISM,FL,ASO,ES,Federal Contract Tower,0,11,54,0,65,0,5,164,0,169,0,16,218,0,234,190,0,190,424
08/23/2023,ISM,FL,ASO,ES,Federal Contract Tower,0,9,49,0,58,0,6,118,0,124,0,15,167,0,182,188,0,188,370
08/24/2023,ISM,FL,ASO,ES,Federal Contract Tower,0,5,49,0,54,0,7,104,0,111,0,12,153,0,165,176,0,176,341
08/25/2023,ISM,FL,ASO,ES,Federal Contract Tower,0,7,47,0,54,0,3,102,0,105,0,10,149,0,159,156,0,156,315
08/26/2023,ISM,FL,ASO,ES,Federal Contract Tower,0,8,41,0,49,0,7,110,0,117,0,15,151,0,166,284,0,284,450
08/27/2023,ISM,FL,ASO,ES,Federal Contract Tower,0,2,35,0,37,0,2,117,0,119,0,4,152,0,156,144,0,144,300
08/28/2023,ISM,FL,ASO,ES,Federal Contract Tower,0,12,56,0,68,0,4,77,0,81,0,16,133,0,149,168,0,168,317
08/29/2023,ISM,FL,ASO,ES,Federal Contract Tower,0,9,31,0,40,0,4,107,0,111,0,13,138,0,151,164,0,164,315
08/30/2023,ISM,FL,ASO,ES,Federal Contract Tower,0,0,1,0,1,0,6,2,0,8,0,6,3,0,9,16,0,16,25
08/31/2023,ISM,FL,ASO,ES,Federal Contract Tower,0,7,20,0,27,0,4,72,0,76,0,11,92,0,103,203,0,203,306
01/01/2020,ISM,FL,ASO,ES,Federal Contract Tower,0,22,42,0,64,0,2,79,0,81,0,24,121,0,145,46,0,46,191
01/02/2020,ISM,FL,ASO,ES,Federal Contract Tower,0,9,88,0,97,0,6,149,0,155,0,15,237,0,252,150,0,150,402
01/03/2020,ISM,FL,ASO,ES,Federal Contract Tower,0,10,82,0,92,0,3,84,0,87,0,13,166,0,179,170,0,170,349
01/04/2020,ISM,FL,ASO,ES,Federal Contract Tower,0,10,60,0,70,0,3,38,0,41,0,13,98,0,111,16,0,16,127
01/05/2020,ISM,FL,ASO,ES,Federal Contract Tower,0,17,87,0,104,0,1,119,0,120,0,18,206,0,224,88,0,88,312
01/06/2020,ISM,FL,ASO,ES,Federal Contract Tower,0,14,118,0,132,0,0,161,0,161,0,14,279,0,293,200,0,200,493
01/07/2020,ISM,FL,ASO,ES,Federal Contract Tower,0,4,92,0,96,0,3,173,0,176,0,7,265,0,272,174,0,174,446
01/08/2020,ISM,FL,ASO,ES,Federal Contract Tower,0,4,93,0,97,0,2,181,0,183,0,6,274,0,280,266,0,266,546
01/09/2020,ISM,FL,ASO,ES,Federal Contract Tower,0,12,106,0,118,0,2,101,0,103,0,14,207,0,221,66,0,66,287
01/10/2020,ISM,FL,ASO,ES,Federal Contract Tower,0,16,104,0,120,0,10,169,0,179,0,26,273,0,299,256,0,256,555
01/11/2020,ISM,FL,ASO,ES,Federal Contract Tower,0,4,73,0,77,0,0,57,0,57,0,4,130,0,134,93,0,93,227
01/12/2020,ISM,FL,ASO,ES,Federal Contract Tower,0,18,120,0,138,0,8,78,0,86,0,26,198,0,224,78,0,78,302
01/13/2020,ISM,FL,ASO,ES,Federal Contract Tower,0,12,106,0,118,0,4,182,0,186,0,16,288,0,304,244,0,244,548
01/14/2020,ISM,FL,ASO,ES,Federal Contract Tower,0,11,104,0,115,0,4,129,0,133,0,15,233,0,248,130,0,130,378
01/15/2020,ISM,FL,ASO,ES,Federal Contract Tower,0,15,111,0,126,0,2,98,0,100,0,17,209,0,226,98,0,98,324
01/16/2020,ISM,FL,ASO,ES,Federal Contract Tower,0,7,62,0,69,0,2,118,0,120,0,9,180,0,189,162,0,162,351
01/17/2020,ISM,FL,ASO,ES,Federal Contract Tower,0,15,94,0,109,0,3,115,0,118,0,18,209,0,227,92,0,92,319
01/18/2020,ISM,FL,ASO,ES,Federal Contract Tower,0,18,59,0,77,0,7,110,0,117,0,25,169,0,194,166,0,166,360
01/19/2020,ISM,FL,ASO,ES,Federal Contract Tower,0,12,42,0,54,0,2,59,0,61,0,14,101,0,115,34,0,34,149
01/20/2020,ISM,FL,ASO,ES,Federal Contract Tower,0,13,105,0,118,0,0,146,0,146,0,13,251,0,264,172,0,172,436
01/21/2020,ISM,FL,ASO,ES,Federal Contract Tower,0,12,112,0,124,0,0,132,0,132,0,12,244,0,256,106,0,106,362
01/22/2020,ISM,FL,ASO,ES,Federal Contract Tower,0,11,102,0,113,0,3,73,0,76,0,14,175,0,189,124,0,124,313
01/23/2020,ISM,FL,ASO,ES,Federal Contract Tower,0,17,119,0,136,0,2,37,0,39,0,19,156,0,175,18,0,18,193
01/24/2020,ISM,FL,ASO,ES,Federal Contract Tower,0,6,123,4,133,0,2,199,0,201,0,8,322,4,334,374,0,374,708
01/25/2020,ISM,FL,ASO,ES,Federal Contract Tower,0,8,87,0,95,0,2,246,0,248,0,10,333,0,343,256,0,256,599
01/26/2020,ISM,FL,ASO,ES,Federal Contract Tower,0,10,69,0,79,0,2,107,0,109,0,12,176,0,188,112,0,112,300
01/27/2020,ISM,FL,ASO,ES,Federal Contract Tower,0,19,88,0,107,0,2,145,0,147,0,21,233,0,254,198,0,198,452
01/28/2020,ISM,FL,ASO,ES,Federal Contract Tower,0,9,77,0,86,0,6,185,0,191,0,15,262,0,277,192,0,192,469
01/29/2020,ISM,FL,ASO,ES,Federal Contract Tower,0,10,96,6,112,0,6,128,0,134,0,16,224,6,246,216,0,216,462
01/30/2020,ISM,FL,ASO,ES,Federal Contract Tower,0,19,105,0,124,0,0,88,0,88,0,19,193,0,212,166,6,172,384
01/31/2020,ISM,FL,ASO,ES,Federal Contract Tower,0,14,94,0,108,0,3,138,0,141,0,17,232,0,249,190,0,190,439
02/01/2020,ISM,FL,ASO,ES,Federal Contract Tower,0,7,34,0,41,0,0,13,0,13,0,7,47,0,54,0,0,0,54
02/02/2020,ISM,FL,ASO,ES,Federal Contract Tower,0,15,79,0,94,0,0,72,0,72,0,15,151,0,166,54,0,54,220
02/03/2020,ISM,FL,ASO,ES,Federal Contract Tower,0,14,97,0,111,0,2,157,0,159,0,16,254,0,270,208,0,208,478
02/04/2020,ISM,FL,ASO,ES,Federal Contract Tower,0,16,114,0,130,0,8,201,0,209,0,24,315,0,339,170,0,170,509
02/05/2020,ISM,FL,ASO,ES,Federal Contract Tower,0,12,121,0,133,0,4,171,0,175,0,16,292,0,308,252,0,252,560
02/06/2020,ISM,FL,ASO,ES,Federal Contract Tower,0,15,52,0,67,0,4,28,0,32,0,19,80,0,99,24,0,24,123
02/07/2020,ISM,FL,ASO,ES,Federal Contract Tower,0,14,84,0,98,0,3,102,0,105,0,17,186,0,203,72,0,72,275
02/08/2020,ISM,FL,ASO,ES,Federal Contract Tower,0,7,96,0,103,0,3,170,0,173,0,10,266,0,276,210,0,210,486
02/09/2020,ISM,FL,ASO,ES,Federal Contract Tower,0,13,100,0,113,0,4,88,0,92,0,17,188,0,205,66,0,66,271
02/10/2020,ISM,FL,ASO,ES,Federal Contract Tower,0,13,114,0,127,0,10,131,0,141,0,23,245,0,268,236,0,236,504
02/11/2020,ISM,FL,ASO,ES,Federal Contract Tower,0,6,118,0,124,0,6,165,0,171,0,12,283,0,295,132,0,132,427
02/12/2020,ISM,FL,ASO,ES,Federal Contract Tower,0,9,122,0,131,0,3,145,0,148,0,12,267,0,279,132,0,132,411
02/13/2020,ISM,FL,ASO,ES,Federal Contract Tower,0,25,106,0,131,0,3,91,0,94,0,28,197,0,225,176,0,176,401
02/14/2020,ISM,FL,ASO,ES,Federal Contract Tower,0,24,97,0,121,0,0,49,0,49,0,24,146,0,170,38,0,38,208
02/15/2020,ISM,FL,ASO,ES,Federal Contract Tower,0,10,104,0,114,0,1,127,0,128,0,11,231,0,242,158,0,158,400
02/16/2020,ISM,FL,ASO,ES,Federal Contract Tower,0,12,96,0,108,0,4,70,0,74,0,16,166,0,182,96,0,96,278
02/17/2020,ISM,FL,ASO,ES,Federal Contract Tower,0,25,124,0,149,0,8,123,0,131,0,33,247,0,280,164,0,164,444
02/18/2020,ISM,FL,ASO,ES,Federal Contract Tower,0,17,124,0,141,0,6,191,0,197,0,23,315,0,338,200,0,200,538
02/19/2020,ISM,FL,ASO,ES,Federal Contract Tower,0,16,86,0,102,0,3,183,0,186,0,19,269,0,288,344,0,344,632
02/20/2020,ISM,FL,ASO,ES,Federal Contract Tower,0,11,111,0,122,0,2,85,0,87,0,13,196,0,209,118,0,118,327
02/21/2020,ISM,FL,ASO,ES,Federal Contract Tower,0,15,66,0,81,0,0,24,0,24,0,15,90,0,105,6,0,6,111
02/22/2020,ISM,FL,ASO,ES,Federal Contract Tower,0,13,60,0,73,0,6,182,0,188,0,19,242,0,261,130,0,130,391
02/23/2020,ISM,FL,ASO,ES,Federal Contract Tower,0,26,82,0,108,0,4,88,0,92,0,30,170,0,200,156,0,156,356
02/24/2020,ISM,FL,ASO,ES,Federal Contract Tower,0,12,105,0,117,0,8,158,0,166,0,20,263,0,283,218,0,218,501
02/25/2020,ISM,FL,ASO,ES,Federal Contract Tower,0,11,68,0,79,0,2,161,0,163,0,13,229,0,242,166,0,166,408
02/26/2020,ISM,FL,ASO,ES,Federal Contract Tower,0,15,67,0,82,0,6,87,0,93,0,21,154,0,175,238,0,238,413
02/27/2020,ISM,FL,ASO,ES,Federal Contract Tower,0,14,112,0,126,0,9,234,0,243,0,23,346,0,369,372,0,372,741
02/28/2020,ISM,FL,ASO,ES,Federal Contract Tower,0,13,98,0,111,0,3,182,0,185,0,16,280,0,296,198,0,198,494
02/29/2020,ISM,FL,ASO,ES,Federal Contract Tower,0,7,93,0,100,0,4,151,0,155,0,11,244,0,255,164,0,164,419
03/01/2020,ISM,FL,ASO,ES,Federal Contract Tower,0,8,92,0,100,0,8,78,0,86,0,16,170,0,186,88,0,88,274
03/02/2020,ISM,FL,ASO,ES,Federal Contract Tower,0,12,125,0,137,0,10,171,0,181,0,22,296,0,318,208,0,208,526
03/03/2020,ISM,FL,ASO,ES,Federal Contract Tower,0,7,80,0,87,0,4,183,0,187,0,11,263,0,274,220,0,220,494
03/04/2020,ISM,FL,ASO,ES,Federal Contract Tower,0,12,87,0,99,0,8,124,0,132,0,20,211,0,231,186,0,186,417
03/05/2020,ISM,FL,ASO,ES,Federal Contract Tower,0,12,62,0,74,0,0,84,0,84,0,12,146,0,158,78,0,78,236
03/06/2020,ISM,FL,ASO,ES,Federal Contract Tower,0,10,103,0,113,0,7,140,0,147,0,17,243,0,260,158,0,158,418
03/07/2020,ISM,FL,ASO,ES,Federal Contract Tower,0,3,72,0,75,0,6,201,0,207,0,9,273,0,282,194,0,194,476
03/08/2020,ISM,FL,ASO,ES,Federal Contract Tower,0,15,86,0,101,0,2,59,0,61,0,17,145,0,162,14,0,14,176
03/09/2020,ISM,FL,ASO,ES,Federal Contract Tower,0,14,53,0,67,0,4,78,0,82,0,18,131,0,149,60,0,60,209
03/10/2020,ISM,FL,ASO,ES,Federal Contract Tower,0,6,97,2,105,0,9,202,0,211,0,15,299,2,316,302,0,302,618
03/11/2020,ISM,FL,ASO,ES,Federal Contract Tower,0,5,127,0,132,0,2,169,0,171,0,7,296,0,303,162,0,162,465
03/12/2020,ISM,FL,ASO,ES,Federal Contract Tower,0,15,81,4,100,0,0,180,0,180,0,15,261,4,280,236,0,236,516
03/13/2020,ISM,FL,ASO,ES,Federal Contract Tower,0,16,99,0,115,0,7,162,0,169,0,23,261,0,284,280,0,280,564
03/14/2020,ISM,FL,ASO,ES,Federal Contract Tower,0,9,73,0,82,0,6,137,0,143,0,15,210,0,225,264,0,264,489
03/15/2020,ISM,FL,ASO,ES,Federal Contract Tower,0,15,66,0,81,0,5,72,0,77,0,20,138,0,158,82,0,82,240
03/16/2020,ISM,FL,ASO,ES,Federal Contract Tower,0,7,79,0,86,0,3,115,0,118,0,10,194,0,204,208,0,208,412
03/17/2020,ISM,FL,ASO,ES,Federal Contract Tower,0,7,73,0,80,0,0,133,0,133,0,7,206,0,213,258,0,258,471
03/18/2020,ISM,FL,ASO,ES,Federal Contract Tower,0,2,62,0,64,0,0,124,0,124,0,2,186,0,188,198,0,198,386
03/19/2020,ISM,FL,ASO,ES,Federal Contract Tower,0,2,75,2,79,0,10,132,0,142,0,12,207,2,221,208,0,208,429
03/20/2020,ISM,FL,ASO,ES,Federal Contract Tower,0,6,64,0,70,0,7,141,0,148,0,13,205,0,218,254,0,254,472
03/21/2020,ISM,FL,ASO,ES,Federal Contract Tower,0,8,73,6,87,0,2,114,0,116,0,10,187,6,203,172,0,172,375
03/22/2020,ISM,FL,ASO,ES,Federal Contract Tower,0,5,43,0,48,0,2,27,0,29,0,7,70,0,77,18,0,18,95
03/23/2020,ISM,FL,ASO,ES,Federal Contract Tower,0,0,75,0,75,0,4,94,0,98,0,4,169,0,173,212,0,212,385
03/24/2020,ISM,FL,ASO,ES,Federal Contract Tower,0,2,55,0,57,0,2,94,0,96,0,4,149,0,153,212,0,212,365
03/25/2020,ISM,FL,ASO,ES,Federal Contract Tower,0,0,56,0,56,0,1,73,0,74,0,1,129,0,130,140,0,140,270
03/26/2020,ISM,FL,ASO,ES,Federal Contract Tower,0,2,64,0,66,0,4,92,0,96,0,6,156,0,162,152,0,152,314
03/27/2020,ISM,FL,ASO,ES,Federal Contract Tower,0,2,96,0,98,0,2,76,0,78,0,4,172,0,176,158,0,158,334
03/28/2020,ISM,FL,ASO,ES,Federal Contract Tower,0,0,49,0,49,0,3,66,0,69,0,3,115,0,118,150,0,150,268
03/29/2020,ISM,FL,ASO,ES,Federal Contract Tower,0,4,25,0,29,0,2,34,0,36,0,6,59,0,65,40,0,40,105
03/30/2020,ISM,FL,ASO,ES,Federal Contract Tower,0,1,47,0,48,0,2,105,0,107,0,3,152,0,155,102,0,102,257
03/31/2020,ISM,FL,ASO,ES,Federal Contract Tower,0,3,32,0,35,0,2,69,0,71,0,5,101,0,106,102,0,102,208
04/02/2020,ISM,FL,ASO,ES,Federal Contract Tower,0,2,38,0,40,0,2,111,0,113,0,4,149,0,153,180,0,180,333
04/03/2020,ISM,FL,ASO,ES,Federal Contract Tower,0,0,52,0,52,0,0,85,0,85,0,0,137,0,137,154,0,154,291
04/04/2020,ISM,FL,ASO,ES,Federal Contract Tower,0,0,15,0,15,0,1,53,0,54,0,1,68,0,69,66,0,66,135
04/05/2020,ISM,FL,ASO,ES,Federal Contract Tower,0,0,16,0,16,0,2,4,0,6,0,2,20,0,22,18,0,18,40
04/06/2020,ISM,FL,ASO,ES,Federal Contract Tower,0,0,38,0,38,0,3,49,0,52,0,3,87,0,90,116,0,116,206
04/07/2020,ISM,FL,ASO,ES,Federal Contract Tower,0,0,36,0,36,0,6,76,0,82,0,6,112,0,118,102,0,102,220
04/08/2020,ISM,FL,ASO,ES,Federal Contract Tower,0,4,63,0,67,0,1,54,0,55,0,5,117,0,122,100,0,100,222
04/09/2020,ISM,FL,ASO,ES,Federal Contract Tower,0,3,35,0,38,0,5,44,0,49,0,8,79,0,87,120,0,120,207
04/10/2020,ISM,FL,ASO,ES,Federal Contract Tower,0,1,38,0,39,0,3,60,0,63,0,4,98,0,102,102,0,102,204
04/11/2020,ISM,FL,ASO,ES,Federal Contract Tower,0,0,30,0,30,0,6,89,0,95,0,6,119,0,125,94,0,94,219
04/12/2020,ISM,FL,ASO,ES,Federal Contract Tower,0,0,18,0,18,0,2,12,0,14,0,2,30,0,32,4,0,4,36
04/13/2020,ISM,FL,ASO,ES,Federal Contract Tower,0,2,18,0,20,0,4,10,0,14,0,6,28,0,34,10,0,10,44
04/14/2020,ISM,FL,ASO,ES,Federal Contract Tower,0,3,52,0,55,0,0,61,0,61,0,3,113,0,116,126,0,126,242
04/15/2020,ISM,FL,ASO,ES,Federal Contract Tower,0,1,22,0,23,0,2,29,0,31,0,3,51,0,54,40,0,40,94
04/16/2020,ISM,FL,ASO,ES,Federal Contract Tower,0,0,53,0,53,0,0,2,0,2,0,0,55,0,55,8,0,8,63
04/17/2020,ISM,FL,ASO,ES,Federal Contract Tower,0,0,57,0,57,0,6,49,0,55,0,6,106,0,112,68,0,68,180
04/18/2020,ISM,FL,ASO,ES,Federal Contract Tower,0,0,26,0,26,0,0,12,0,12,0,0,38,0,38,22,0,22,60
04/19/2020,ISM,FL,ASO,ES,Federal Contract Tower,0,0,20,4,24,0,4,30,0,34,0,4,50,4,58,28,0,28,86
04/20/2020,ISM,FL,ASO,ES,Federal Contract Tower,0,0,13,0,13,0,0,7,0,7,0,0,20,0,20,6,0,6,26
04/21/2020,ISM,FL,ASO,ES,Federal Contract Tower,0,0,51,0,51,0,4,120,0,124,0,4,171,0,175,98,0,98,273
04/22/2020,ISM,FL,ASO,ES,Federal Contract Tower,0,3,49,0,52,0,4,110,0,114,0,7,159,0,166,228,0,228,394
04/23/2020,ISM,FL,ASO,ES,Federal Contract Tower,0,1,32,4,37,0,5,72,0,77,0,6,104,4,114,132,0,132,246
04/24/2020,ISM,FL,ASO,ES,Federal Contract Tower,0,0,0,0,0,0,0,3,0,3,0,0,3,0,3,0,0,0,3
04/25/2020,ISM,FL,ASO,ES,Federal Contract Tower,0,2,18,0,20,0,1,43,0,44,0,3,61,0,64,72,0,72,136
04/26/2020,ISM,FL,ASO,ES,Federal Contract Tower,0,1,19,2,22,0,4,35,0,39,0,5,54,2,61,76,2,78,139
04/27/2020,ISM,FL,ASO,ES,Federal Contract Tower,0,0,26,0,26,0,4,135,0,139,0,4,161,0,165,238,0,238,403
04/28/2020,ISM,FL,ASO,ES,Federal Contract Tower,0,2,35,0,37,0,6,112,0,118,0,8,147,0,155,110,0,110,265
04/29/2020,ISM,FL,ASO,ES,Federal Contract Tower,0,2,39,0,41,0,2,90,0,92,0,4,129,0,133,90,0,90,223
04/30/2020,ISM,FL,ASO,ES,Federal Contract Tower,0,1,38,0,39,0,0,30,0,30,0,1,68,0,69,40,0,40,109
05/01/2020,ISM,FL,ASO,ES,Federal Contract Tower,0,1,46,0,47,0,0,108,0,108,0,1,154,0,155,190,0,190,345
05/02/2020,ISM,FL,ASO,ES,Federal Contract Tower,0,1,25,0,26,0,5,83,0,88,0,6,108,0,114,90,0,90,204
05/03/2020,ISM,FL,ASO,ES,Federal Contract Tower,0,2,15,0,17,0,4,49,0,53,0,6,64,0,70,32,0,32,102
05/04/2020,ISM,FL,ASO,ES,Federal Contract Tower,0,0,37,0,37,0,0,117,0,117,0,0,154,0,154,140,0,140,294
05/05/2020,ISM,FL,ASO,ES,Federal Contract Tower,0,3,42,0,45,0,4,127,0,131,0,7,169,0,176,162,0,162,338
05/06/2020,ISM,FL,ASO,ES,Federal Contract Tower,0,0,38,0,38,0,3,105,0,108,0,3,143,0,146,106,0,106,252
05/07/2020,ISM,FL,ASO,ES,Federal Contract Tower,0,1,48,0,49,0,0,101,0,101,0,1,149,0,150,250,0,250,400
05/08/2020,ISM,FL,ASO,ES,Federal Contract Tower,0,4,53,0,57,0,0,124,0,124,0,4,177,0,181,238,0,238,419
05/09/2020,ISM,FL,ASO,ES,Federal Contract Tower,0,3,28,0,31,0,1,74,0,75,0,4,102,0,106,162,0,162,268
05/10/2020,ISM,FL,ASO,ES,Federal Contract Tower,0,1,28,0,29,0,2,6,0,8,0,3,34,0,37,14,0,14,51
05/11/2020,ISM,FL,ASO,ES,Federal Contract Tower,0,2,55,0,57,0,4,69,0,73,0,6,124,0,130,186,0,186,316
05/12/2020,ISM,FL,ASO,ES,Federal Contract Tower,0,0,32,0,32,0,0,117,0,117,0,0,149,0,149,186,0,186,335
05/13/2020,ISM,FL,ASO,ES,Federal Contract Tower,0,0,63,0,63,0,0,77,0,77,0,0,140,0,140,158,0,158,298
05/14/2020,ISM,FL,ASO,ES,Federal Contract Tower,0,0,40,0,40,0,5,56,0,61,0,5,96,0,101,134,0,134,235
05/15/2020,ISM,FL,ASO,ES,Federal Contract Tower,0,1,39,0,40,0,0,63,0,63,0,1,102,0,103,172,0,172,275
05/16/2020,ISM,FL,ASO,ES,Federal Contract Tower,0,5,37,0,42,0,0,20,0,20,0,5,57,0,62,42,0,42,104
05/17/2020,ISM,FL,ASO,ES,Federal Contract Tower,0,8,33,0,41,0,2,55,0,57,0,10,88,0,98,134,0,134,232
05/18/2020,ISM,FL,ASO,ES,Federal Contract Tower,0,5,21,0,26,0,2,41,0,43,0,7,62,0,69,174,0,174,243
05/19/2020,ISM,FL,ASO,ES,Federal Contract Tower,0,3,66,0,69,0,2,109,0,111,0,5,175,0,180,182,0,182,362
05/20/2020,ISM,FL,ASO,ES,Federal Contract Tower,0,6,43,2,51,0,0,121,0,121,0,6,164,2,172,236,0,236,408
05/21/2020,ISM,FL,ASO,ES,Federal Contract Tower,0,3,46,0,49,0,1,87,0,88,0,4,133,0,137,276,0,276,413
05/22/2020,ISM,FL,ASO,ES,Federal Contract Tower,0,2,57,0,59,0,1,67,0,68,0,3,124,0,127,252,0,252,379
05/23/2020,ISM,FL,ASO,ES,Federal Contract Tower,0,2,52,0,54,0,1,86,0,87,0,3,138,0,141,134,0,134,275
05/24/2020,ISM,FL,ASO,ES,Federal Contract Tower,0,0,30,0,30,0,6,41,0,47,0,6,71,0,77,56,0,56,133
05/25/2020,ISM,FL,ASO,ES,Federal Contract Tower,0,1,15,0,16,0,0,6,0,6,0,1,21,0,22,8,0,8,30
05/26/2020,ISM,FL,ASO,ES,Federal Contract Tower,0,5,74,0,79,0,0,51,0,51,0,5,125,0,130,186,0,186,316
05/27/2020,ISM,FL,ASO,ES,Federal Contract Tower,0,3,58,0,61,0,0,38,0,38,0,3,96,0,99,116,0,116,215
05/28/2020,ISM,FL,ASO,ES,Federal Contract Tower,0,2,90,0,92,0,32,0,0,32,0,34,90,0,124,106,0,106,230
05/29/2020,ISM,FL,ASO,ES,Federal Contract Tower,0,0,75,4,79,0,2,79,0,81,0,2,154,4,160,172,0,172,332
05/30/2020,ISM,FL,ASO,ES,Federal Contract Tower,0,1,67,0,68,0,4,65,0,69,0,5,132,0,137,150,0,150,287
05/31/2020,ISM,FL,ASO,ES,Federal Contract Tower,0,2,37,0,39,0,2,52,0,54,0,4,89,0,93,104,0,104,197
06/01/2020,ISM,FL,ASO,ES,Federal Contract Tower,0,1,67,0,68,0,0,90,0,90,0,1,157,0,158,170,0,170,328
06/02/2020,ISM,FL,ASO,ES,Federal Contract Tower,0,4,73,0,77,0,0,32,0,32,0,4,105,0,109,22,0,22,131
06/03/2020,ISM,FL,ASO,ES,Federal Contract Tower,0,4,80,0,84,0,0,88,0,88,0,4,168,0,172,172,0,172,344
06/04/2020,ISM,FL,ASO,ES,Federal Contract Tower,0,2,66,0,68,0,0,20,0,20,0,2,86,0,88,20,0,20,108
06/05/2020,ISM,FL,ASO,ES,Federal Contract Tower,0,1,82,0,83,0,0,80,0,80,0,1,162,0,163,250,0,250,413
06/06/2020,ISM,FL,ASO,ES,Federal Contract Tower,0,4,35,0,39,0,1,13,0,14,0,5,48,0,53,30,0,30,83
06/07/2020,ISM,FL,ASO,ES,Federal Contract Tower,0,6,42,0,48,0,2,14,0,16,0,8,56,0,64,52,0,52,116
06/08/2020,ISM,FL,ASO,ES,Federal Contract Tower,0,5,57,0,62,0,2,63,0,65,0,7,120,0,127,192,0,192,319
06/09/2020,ISM,FL,ASO,ES,Federal Contract Tower,0,3,46,0,49,0,0,108,0,108,0,3,154,0,157,230,0,230,387
06/10/2020,ISM,FL,ASO,ES,Federal Contract Tower,0,4,60,0,64,0,0,128,0,128,0,4,188,0,192,238,0,238,430
06/11/2020,ISM,FL,ASO,ES,Federal Contract Tower,0,9,51,0,60,0,3,110,0,113,0,12,161,0,173,118,0,118,291
06/12/2020,ISM,FL,ASO,ES,Federal Contract Tower,0,0,92,2,94,0,5,142,0,147,0,5,234,2,241,168,0,168,409
06/13/2020,ISM,FL,ASO,ES,Federal Contract Tower,0,7,77,0,84,0,1,97,0,98,0,8,174,0,182,168,0,168,350
06/14/2020,ISM,FL,ASO,ES,Federal Contract Tower,0,7,32,0,39,0,0,64,0,64,0,7,96,0,103,78,0,78,181
06/15/2020,ISM,FL,ASO,ES,Federal Contract Tower,0,2,66,2,70,0,0,123,2,125,0,2,189,4,195,224,0,224,419
06/16/2020,ISM,FL,ASO,ES,Federal Contract Tower,0,1,86,0,87,0,2,174,0,176,0,3,260,0,263,224,0,224,487
06/17/2020,ISM,FL,ASO,ES,Federal Contract Tower,0,4,84,0,88,0,4,135,0,139,0,8,219,0,227,244,0,244,471
06/18/2020,ISM,FL,ASO,ES,Federal Contract Tower,0,6,56,0,62,0,1,126,0,127,0,7,182,0,189,194,0,194,383
06/19/2020,ISM,FL,ASO,ES,Federal Contract Tower,0,5,50,0,55,0,1,82,0,83,0,6,132,0,138,174,0,174,312
06/20/2020,ISM,FL,ASO,ES,Federal Contract Tower,0,5,90,0,95,0,0,94,0,94,0,5,184,0,189,110,0,110,299
06/21/2020,ISM,FL,ASO,ES,Federal Contract Tower,0,3,33,0,36,0,4,64,0,68,0,7,97,0,104,86,0,86,190
06/22/2020,ISM,FL,ASO,ES,Federal Contract Tower,0,3,66,0,69,0,6,148,0,154,0,9,214,0,223,214,0,214,437
06/23/2020,ISM,FL,ASO,ES,Federal Contract Tower,0,1,40,2,43,0,0,118,0,118,0,1,158,2,161,168,0,168,329
06/24/2020,ISM,FL,ASO,ES,Federal Contract Tower,0,1,97,0,98,0,6,129,0,135,0,7,226,0,233,186,0,186,419
06/25/2020,ISM,FL,ASO,ES,Federal Contract Tower,0,5,59,4,68,0,1,131,0,132,0,6,190,4,200,118,0,118,318
06/26/2020,ISM,FL,ASO,ES,Federal Contract Tower,0,7,95,2,104,0,7,114,0,121,0,14,209,2,225,216,0,216,441
06/27/2020,ISM,FL,ASO,ES,Federal Contract Tower,0,8,63,0,71,0,4,118,0,122,0,12,181,0,193,136,0,136,329
06/28/2020,ISM,FL,ASO,ES,Federal Contract Tower,0,0,25,0,25,0,0,59,0,59,0,0,84,0,84,22,0,22,106
06/29/2020,ISM,FL,ASO,ES,Federal Contract Tower,0,5,80,4,89,0,2,82,0,84,0,7,162,4,173,146,0,146,319
06/30/2020,ISM,FL,ASO,ES,Federal Contract Tower,0,8,48,0,56,0,0,118,0,118,0,8,166,0,174,230,0,230,404
07/01/2020,ISM,FL,ASO,ES,Federal Contract Tower,0,8,42,0,50,0,3,96,0,99,0,11,138,0,149,234,0,234,383
07/02/2020,ISM,FL,ASO,ES,Federal Contract Tower,0,2,56,2,60,0,1,101,0,102,0,3,157,2,162,200,0,200,362
07/03/2020,ISM,FL,ASO,ES,Federal Contract Tower,0,2,45,0,47,0,7,81,0,88,0,9,126,0,135,130,0,130,265
07/04/2020,ISM,FL,ASO,ES,Federal Contract Tower,0,0,10,0,10,0,2,51,0,53,0,2,61,0,63,96,0,96,159
07/05/2020,ISM,FL,ASO,ES,Federal Contract Tower,0,3,17,0,20,0,2,36,0,38,0,5,53,0,58,30,0,30,88
07/06/2020,ISM,FL,ASO,ES,Federal Contract Tower,0,1,76,0,77,0,4,83,0,87,0,5,159,0,164,108,0,108,272
07/07/2020,ISM,FL,ASO,ES,Federal Contract Tower,0,1,65,0,66,0,3,111,0,114,0,4,176,0,180,168,0,168,348
07/08/2020,ISM,FL,ASO,ES,Federal Contract Tower,0,1,36,4,41,0,6,116,0,122,0,7,152,4,163,208,0,208,371
07/09/2020,ISM,FL,ASO,ES,Federal Contract Tower,0,3,61,0,64,0,2,131,3,136,0,5,192,3,200,240,0,240,440
07/10/2020,ISM,FL,ASO,ES,Federal Contract Tower,0,3,45,0,48,0,4,91,0,95,0,7,136,0,143,222,0,222,365
07/11/2020,ISM,FL,ASO,ES,Federal Contract Tower,0,4,49,0,53,0,3,76,0,79,0,7,125,0,132,134,0,134,266
07/12/2020,ISM,FL,ASO,ES,Federal Contract Tower,0,5,30,0,35,0,2,49,0,51,0,7,79,0,86,21,0,21,107
07/13/2020,ISM,FL,ASO,ES,Federal Contract Tower,0,2,81,0,83,0,4,123,0,127,0,6,204,0,210,220,0,220,430
07/14/2020,ISM,FL,ASO,ES,Federal Contract Tower,0,0,78,0,78,0,4,139,0,143,0,4,217,0,221,142,0,142,363
07/15/2020,ISM,FL,ASO,ES,Federal Contract Tower,0,1,46,0,47,0,1,102,0,103,0,2,148,0,150,220,0,220,370
07/16/2020,ISM,FL,ASO,ES,Federal Contract Tower,0,0,88,2,90,0,0,137,0,137,0,0,225,2,227,248,0,248,475
07/17/2020,ISM,FL,ASO,ES,Federal Contract Tower,0,2,101,0,103,0,8,113,0,121,0,10,214,0,224,188,0,188,412
07/18/2020,ISM,FL,ASO,ES,Federal Contract Tower,0,5,16,0,21,0,5,79,0,84,0,10,95,0,105,110,0,110,215
07/19/2020,ISM,FL,ASO,ES,Federal Contract Tower,0,2,21,0,23,0,4,60,0,64,0,6,81,0,87,112,0,112,199
07/20/2020,ISM,FL,ASO,ES,Federal Contract Tower,0,10,56,0,66,0,2,104,0,106,0,12,160,0,172,250,0,250,422
07/21/2020,ISM,FL,ASO,ES,Federal Contract Tower,0,5,59,0,64,0,5,93,0,98,0,10,152,0,162,178,0,178,340
07/22/2020,ISM,FL,ASO,ES,Federal Contract Tower,0,1,63,0,64,0,3,85,0,88,0,4,148,0,152,90,0,90,242
07/23/2020,ISM,FL,ASO,ES,Federal Contract Tower,0,0,67,0,67,0,4,61,0,65,0,4,128,0,132,127,0,127,259
07/24/2020,ISM,FL,ASO,ES,Federal Contract Tower,0,9,99,8,116,0,3,108,0,111,0,12,207,8,227,160,0,160,387
07/25/2020,ISM,FL,ASO,ES,Federal Contract Tower,0,1,50,0,51,0,0,95,0,95,0,1,145,0,146,102,0,102,248
07/26/2020,ISM,FL,ASO,ES,Federal Contract Tower,0,0,19,0,19,0,0,48,0,48,0,0,67,0,67,110,0,110,177
07/27/2020,ISM,FL,ASO,ES,Federal Contract Tower,0,4,37,4,45,0,2,83,0,85,0,6,120,4,130,124,0,124,254
07/28/2020,ISM,FL,ASO,ES,Federal Contract Tower,0,5,50,0,55,0,4,86,0,90,0,9,136,0,145,214,0,214,359
07/29/2020,ISM,FL,ASO,ES,Federal Contract Tower,0,5,47,0,52,0,0,109,0,109,0,5,156,0,161,132,0,132,293
07/30/2020,ISM,FL,ASO,ES,Federal Contract Tower,0,1,96,0,97,0,3,124,0,127,0,4,220,0,224,230,0,230,454
07/31/2020,ISM,FL,ASO,ES,Federal Contract Tower,0,4,66,0,70,0,1,120,0,121,0,5,186,0,191,214,0,214,405
08/01/2020,ISM,FL,ASO,ES,Federal Contract Tower,0,4,28,0,32,0,7,93,0,100,0,11,121,0,132,162,0,162,294
08/02/2020,ISM,FL,ASO,ES,Federal Contract Tower,0,12,11,0,23,0,6,14,0,20,0,18,25,0,43,8,0,8,51
08/03/2020,ISM,FL,ASO,ES,Federal Contract Tower,0,4,26,0,30,0,0,63,0,63,0,4,89,0,93,62,0,62,155
08/04/2020,ISM,FL,ASO,ES,Federal Contract Tower,0,5,36,0,41,0,4,88,0,92,0,9,124,0,133,128,0,128,261
08/05/2020,ISM,FL,ASO,ES,Federal Contract Tower,0,6,58,0,64,0,0,97,0,97,0,6,155,0,161,156,0,156,317
08/06/2020,ISM,FL,ASO,ES,Federal Contract Tower,0,1,64,0,65,0,4,108,0,112,0,5,172,0,177,150,0,150,327
08/07/2020,ISM,FL,ASO,ES,Federal Contract Tower,0,2,68,0,70,0,3,107,0,110,0,5,175,0,180,244,0,244,424
08/08/2020,ISM,FL,ASO,ES,Federal Contract Tower,0,1,25,0,26,0,4,114,0,118,0,5,139,0,144,234,0,234,378
08/09/2020,ISM,FL,ASO,ES,Federal Contract Tower,0,3,33,0,36,0,5,54,0,59,0,8,87,0,95,44,0,44,139
08/10/2020,ISM,FL,ASO,ES,Federal Contract Tower,0,1,74,0,75,0,2,90,0,92,0,3,164,0,167,160,0,160,327
08/11/2020,ISM,FL,ASO,ES,Federal Contract Tower,0,3,52,0,55,0,6,85,0,91,0,9,137,0,146,212,0,212,358
08/12/2020,ISM,FL,ASO,ES,Federal Contract Tower,0,8,59,4,71,0,2,77,0,79,0,10,136,4,150,228,0,228,378
08/13/2020,ISM,FL,ASO,ES,Federal Contract Tower,0,6,42,0,48,0,5,69,0,74,0,11,111,0,122,56,0,56,178
08/14/2020,ISM,FL,ASO,ES,Federal Contract Tower,0,4,63,0,67,0,6,103,0,109,0,10,166,0,176,154,0,154,330
08/15/2020,ISM,FL,ASO,ES,Federal Contract Tower,0,5,24,0,29,0,10,112,0,122,0,15,136,0,151,250,0,250,401
08/16/2020,ISM,FL,ASO,ES,Federal Contract Tower,0,5,43,0,48,0,2,63,0,65,0,7,106,0,113,62,0,62,175
08/17/2020,ISM,FL,ASO,ES,Federal Contract Tower,0,1,50,0,51,0,1,85,0,86,0,2,135,0,137,184,0,184,321
08/19/2020,ISM,FL,ASO,ES,Federal Contract Tower,0,2,84,0,86,0,6,85,0,91,0,8,169,0,177,194,0,194,371
08/20/2020,ISM,FL,ASO,ES,Federal Contract Tower,4,0,46,0,50,0,2,77,0,79,4,2,123,0,129,218,0,218,347
08/21/2020,ISM,FL,ASO,ES,Federal Contract Tower,0,3,70,0,73,0,0,83,0,83,0,3,153,0,156,108,0,108,264
08/22/2020,ISM,FL,ASO,ES,Federal Contract Tower,0,5,28,0,33,0,4,97,0,101,0,9,125,0,134,140,0,140,274
08/23/2020,ISM,FL,ASO,ES,Federal Contract Tower,0,10,29,0,39,0,4,61,0,65,0,14,90,0,104,40,0,40,144
08/24/2020,ISM,FL,ASO,ES,Federal Contract Tower,0,3,54,0,57,0,0,42,0,42,0,3,96,0,99,40,0,40,139
08/25/2020,ISM,FL,ASO,ES,Federal Contract Tower,0,5,107,0,112,0,0,66,0,66,0,5,173,0,178,132,0,132,310
08/26/2020,ISM,FL,ASO,ES,Federal Contract Tower,0,5,73,0,78,0,2,77,0,79,0,7,150,0,157,136,0,136,293
08/27/2020,ISM,FL,ASO,ES,Federal Contract Tower,0,3,73,0,76,0,1,82,0,83,0,4,155,0,159,128,0,128,287
08/28/2020,ISM,FL,ASO,ES,Federal Contract Tower,0,3,64,0,67,0,3,95,0,98,0,6,159,0,165,162,0,162,327
08/29/2020,ISM,FL,ASO,ES,Federal Contract Tower,0,8,47,0,55,0,0,110,0,110,0,8,157,0,165,136,0,136,301
08/30/2020,ISM,FL,ASO,ES,Federal Contract Tower,0,5,16,0,21,0,0,26,0,26,0,5,42,0,47,56,0,56,103
08/31/2020,ISM,FL,ASO,ES,Federal Contract Tower,0,0,46,0,46,0,1,44,0,45,0,1,90,0,91,42,0,42,133
09/01/2020,ISM,FL,ASO,ES,Federal Contract Tower,0,11,54,0,65,0,0,86,0,86,0,11,140,0,151,118,0,118,269
09/02/2020,ISM,FL,ASO,ES,Federal Contract Tower,0,43,29,0,72,0,4,93,0,97,0,47,122,0,169,68,0,68,237
09/03/2020,ISM,FL,ASO,ES,Federal Contract Tower,0,33,40,0,73,0,2,88,0,90,0,35,128,0,163,144,0,144,307
09/04/2020,ISM,FL,ASO,ES,Federal Contract Tower,0,8,62,0,70,0,4,72,0,76,0,12,134,0,146,86,0,86,232
09/05/2020,ISM,FL,ASO,ES,Federal Contract Tower,0,4,31,1,36,0,3,95,6,104,0,7,126,7,140,140,0,140,280
09/06/2020,ISM,FL,ASO,ES,Federal Contract Tower,0,0,16,0,16,0,4,44,0,48,0,4,60,0,64,20,0,20,84
09/07/2020,ISM,FL,ASO,ES,Federal Contract Tower,0,6,38,0,44,0,0,65,0,65,0,6,103,0,109,126,0,126,235
09/08/2020,ISM,FL,ASO,ES,Federal Contract Tower,0,4,59,0,63,0,2,75,0,77,0,6,134,0,140,142,0,142,282
09/09/2020,ISM,FL,ASO,ES,Federal Contract Tower,0,0,66,0,66,0,2,79,2,83,0,2,145,2,149,124,0,124,273
09/10/2020,ISM,FL,ASO,ES,Federal Contract Tower,0,4,76,0,80,0,0,76,0,76,0,4,152,0,156,86,0,86,242
09/11/2020,ISM,FL,ASO,ES,Federal Contract Tower,0,2,70,0,72,0,4,73,0,77,0,6,143,0,149,162,0,162,311
09/12/2020,ISM,FL,ASO,ES,Federal Contract Tower,0,1,23,0,24,0,0,42,0,42,0,1,65,0,66,68,0,68,134
09/13/2020,ISM,FL,ASO,ES,Federal Contract Tower,0,5,39,0,44,0,2,42,0,44,0,7,81,0,88,80,0,80,168
09/14/2020,ISM,FL,ASO,ES,Federal Contract Tower,0,8,44,0,52,0,1,83,0,84,0,9,127,0,136,176,0,176,312
09/15/2020,ISM,FL,ASO,ES,Federal Contract Tower,0,2,98,2,102,0,2,100,0,102,0,4,198,2,204,186,0,186,390
09/16/2020,ISM,FL,ASO,ES,Federal Contract Tower,0,4,62,0,66,0,4,100,0,104,0,8,162,0,170,192,0,192,362
09/17/2020,ISM,FL,ASO,ES,Federal Contract Tower,0,1,65,0,66,0,4,78,0,82,0,5,143,0,148,66,0,66,214
09/18/2020,ISM,FL,ASO,ES,Federal Contract Tower,0,4,59,0,63,0,4,56,0,60,0,8,115,0,123,76,0,76,199
09/20/2020,ISM,FL,ASO,ES,Federal Contract Tower,0,6,22,0,28,0,1,21,0,22,0,7,43,0,50,0,0,0,50
09/21/2020,ISM,FL,ASO,ES,Federal Contract Tower,0,6,42,0,48,0,6,40,0,46,0,12,82,0,94,30,0,30,124
09/22/2020,ISM,FL,ASO,ES,Federal Contract Tower,0,3,63,2,68,0,3,89,0,92,0,6,152,2,160,120,0,120,280
09/23/2020,ISM,FL,ASO,ES,Federal Contract Tower,0,5,81,0,86,0,3,117,0,120,0,8,198,0,206,200,0,200,406
09/24/2020,ISM,FL,ASO,ES,Federal Contract Tower,0,2,88,0,90,0,1,127,0,128,0,3,215,0,218,246,0,246,464
09/25/2020,ISM,FL,ASO,ES,Federal Contract Tower,0,2,64,0,66,0,6,106,0,112,0,8,170,0,178,188,0,188,366
09/26/2020,ISM,FL,ASO,ES,Federal Contract Tower,0,2,49,0,51,0,4,126,0,130,0,6,175,0,181,160,0,160,341
09/27/2020,ISM,FL,ASO,ES,Federal Contract Tower,0,3,27,0,30,0,2,70,0,72,0,5,97,0,102,88,0,88,190
09/28/2020,ISM,FL,ASO,ES,Federal Contract Tower,0,4,47,0,51,0,4,74,0,78,0,8,121,0,129,124,0,124,253
09/29/2020,ISM,FL,ASO,ES,Federal Contract Tower,0,9,42,0,51,0,2,24,0,26,0,11,66,0,77,50,0,50,127
09/30/2020,ISM,FL,ASO,ES,Federal Contract Tower,0,6,66,2,74,0,4,101,0,105,0,10,167,2,179,138,0,138,317
10/01/2020,ISM,FL,ASO,ES,Federal Contract Tower,0,6,61,0,67,0,0,104,0,104,0,6,165,0,171,208,0,208,379
10/02/2020,ISM,FL,ASO,ES,Federal Contract Tower,0,11,38,0,49,0,2,110,2,114,0,13,148,2,163,146,0,146,309
10/03/2020,ISM,FL,ASO,ES,Federal Contract Tower,0,6,34,0,40,0,4,105,0,109,0,10,139,0,149,76,0,76,225
10/04/2020,ISM,FL,ASO,ES,Federal Contract Tower,0,15,16,0,31,0,5,16,0,21,0,20,32,0,52,8,0,8,60
10/05/2020,ISM,FL,ASO,ES,Federal Contract Tower,0,3,75,0,78,0,3,55,0,58,0,6,130,0,136,62,0,62,198
10/06/2020,ISM,FL,ASO,ES,Federal Contract Tower,0,8,83,0,91,0,5,84,0,89,0,13,167,0,180,230,0,230,410
10/07/2020,ISM,FL,ASO,ES,Federal Contract Tower,0,14,92,0,106,0,2,79,0,81,0,16,171,0,187,216,0,216,403
10/08/2020,ISM,FL,ASO,ES,Federal Contract Tower,0,9,100,0,109,0,6,100,0,106,0,15,200,0,215,232,0,232,447
10/09/2020,ISM,FL,ASO,ES,Federal Contract Tower,0,9,72,0,81,0,3,97,0,100,0,12,169,0,181,138,0,138,319
10/10/2020,ISM,FL,ASO,ES,Federal Contract Tower,0,5,38,1,44,0,2,118,1,121,0,7,156,2,165,142,0,142,307
10/11/2020,ISM,FL,ASO,ES,Federal Contract Tower,0,15,36,0,51,0,0,59,0,59,0,15,95,0,110,52,0,52,162
10/12/2020,ISM,FL,ASO,ES,Federal Contract Tower,0,6,43,0,49,0,6,62,0,68,0,12,105,0,117,130,0,130,247
10/13/2020,ISM,FL,ASO,ES,Federal Contract Tower,0,8,83,0,91,0,0,96,0,96,0,8,179,0,187,78,0,78,265
10/14/2020,ISM,FL,ASO,ES,Federal Contract Tower,0,11,79,0,90,0,5,100,0,105,0,16,179,0,195,262,0,262,457
10/15/2020,ISM,FL,ASO,ES,Federal Contract Tower,0,7,84,0,91,0,6,100,0,106,0,13,184,0,197,94,0,94,291
10/16/2020,ISM,FL,ASO,ES,Federal Contract Tower,0,13,50,0,63,0,4,89,0,93,0,17,139,0,156,114,0,114,270
10/17/2020,ISM,FL,ASO,ES,Federal Contract Tower,0,5,72,0,77,0,4,75,0,79,0,9,147,0,156,90,0,90,246
10/18/2020,ISM,FL,ASO,ES,Federal Contract Tower,0,17,41,0,58,0,2,68,0,70,0,19,109,0,128,14,0,14,142
10/19/2020,ISM,FL,ASO,ES,Federal Contract Tower,0,6,34,0,40,0,0,44,0,44,0,6,78,0,84,42,0,42,126
10/20/2020,ISM,FL,ASO,ES,Federal Contract Tower,0,2,64,0,66,0,2,61,0,63,0,4,125,0,129,182,0,182,311
10/21/2020,ISM,FL,ASO,ES,Federal Contract Tower,0,7,63,0,70,0,4,60,0,64,0,11,123,0,134,74,0,74,208
10/22/2020,ISM,FL,ASO,ES,Federal Contract Tower,0,7,63,0,70,0,3,84,0,87,0,10,147,0,157,174,0,174,331
10/23/2020,ISM,FL,ASO,ES,Federal Contract Tower,0,6,65,0,71,0,1,88,0,89,0,7,153,0,160,122,0,122,282
10/24/2020,ISM,FL,ASO,ES,Federal Contract Tower,0,8,44,0,52,0,7,121,0,128,0,15,165,0,180,192,0,192,372
10/25/2020,ISM,FL,ASO,ES,Federal Contract Tower,0,10,44,0,54,0,4,65,0,69,0,14,109,0,123,62,0,62,185
10/26/2020,ISM,FL,ASO,ES,Federal Contract Tower,0,5,98,10,113,0,2,105,0,107,0,7,203,10,220,178,0,178,398
10/27/2020,ISM,FL,ASO,ES,Federal Contract Tower,0,4,69,0,73,0,3,70,0,73,0,7,139,0,146,24,0,24,170
10/28/2020,ISM,FL,ASO,ES,Federal Contract Tower,0,8,69,0,77,0,5,101,0,106,0,13,170,0,183,134,0,134,317
10/29/2020,ISM,FL,ASO,ES,Federal Contract Tower,0,2,63,2,67,0,5,64,0,69,0,7,127,2,136,60,0,60,196
10/30/2020,ISM,FL,ASO,ES,Federal Contract Tower,0,5,33,0,38,0,0,102,0,102,0,5,135,0,140,70,0,70,210
10/31/2020,ISM,FL,ASO,ES,Federal Contract Tower,0,7,38,0,45,0,2,109,0,111,0,9,147,0,156,104,0,104,260
11/01/2020,ISM,FL,ASO,ES,Federal Contract Tower,0,7,26,0,33,0,4,76,0,80,0,11,102,0,113,54,0,54,167
11/02/2020,ISM,FL,ASO,ES,Federal Contract Tower,0,9,27,0,36,0,2,53,0,55,0,11,80,0,91,20,0,20,111
11/03/2020,ISM,FL,ASO,ES,Federal Contract Tower,0,4,57,0,61,0,4,105,0,109,0,8,162,0,170,118,0,118,288
11/04/2020,ISM,FL,ASO,ES,Federal Contract Tower,0,10,58,4,72,0,2,62,0,64,0,12,120,4,136,84,0,84,220
11/05/2020,ISM,FL,ASO,ES,Federal Contract Tower,0,7,91,2,100,0,3,93,0,96,0,10,184,2,196,60,0,60,256
11/06/2020,ISM,FL,ASO,ES,Federal Contract Tower,0,9,50,0,59,0,0,100,0,100,0,9,150,0,159,204,0,204,363
11/07/2020,ISM,FL,ASO,ES,Federal Contract Tower,0,7,44,0,51,0,4,95,0,99,0,11,139,0,150,98,0,98,248
11/08/2020,ISM,FL,ASO,ES,Federal Contract Tower,0,14,26,0,40,0,4,28,0,32,0,18,54,0,72,24,0,24,96
11/09/2020,ISM,FL,ASO,ES,Federal Contract Tower,0,11,13,0,24,0,0,16,0,16,0,11,29,0,40,0,0,0,40
11/10/2020,ISM,FL,ASO,ES,Federal Contract Tower,0,2,49,0,51,0,0,29,0,29,0,2,78,0,80,28,0,28,108
11/11/2020,ISM,FL,ASO,ES,Federal Contract Tower,0,4,24,0,28,0,1,19,0,20,0,5,43,0,48,34,0,34,82
11/12/2020,ISM,FL,ASO,ES,Federal Contract Tower,0,3,38,0,41,0,2,15,0,17,0,5,53,0,58,6,0,6,64
11/13/2020,ISM,FL,ASO,ES,Federal Contract Tower,0,2,100,0,102,0,9,56,0,65,0,11,156,0,167,80,0,80,247
11/14/2020,ISM,FL,ASO,ES,Federal Contract Tower,0,3,73,0,76,0,0,126,0,126,0,3,199,0,202,104,0,104,306
11/15/2020,ISM,FL,ASO,ES,Federal Contract Tower,0,9,39,0,48,0,2,74,0,76,0,11,113,0,124,78,0,78,202
11/16/2020,ISM,FL,ASO,ES,Federal Contract Tower,0,3,65,0,68,0,4,61,0,65,0,7,126,0,133,76,0,76,209
11/17/2020,ISM,FL,ASO,ES,Federal Contract Tower,0,1,60,0,61,0,2,92,0,94,0,3,152,0,155,114,0,114,269
11/19/2020,ISM,FL,ASO,ES,Federal Contract Tower,0,5,61,0,66,0,4,90,0,94,0,9,151,0,160,138,0,138,298
11/20/2020,ISM,FL,ASO,ES,Federal Contract Tower,0,17,58,0,75,0,6,115,0,121,0,23,173,0,196,154,0,154,350
11/21/2020,ISM,FL,ASO,ES,Federal Contract Tower,0,7,60,0,67,0,2,72,0,74,0,9,132,0,141,126,0,126,267
11/22/2020,ISM,FL,ASO,ES,Federal Contract Tower,0,9,47,0,56,0,0,40,0,40,0,9,87,0,96,56,0,56,152
11/23/2020,ISM,FL,ASO,ES,Federal Contract Tower,0,11,66,4,81,0,7,94,0,101,0,18,160,4,182,180,0,180,362
11/24/2020,ISM,FL,ASO,ES,Federal Contract Tower,0,9,55,0,64,0,5,127,0,132,0,14,182,0,196,120,0,120,316
11/25/2020,ISM,FL,ASO,ES,Federal Contract Tower,0,8,77,0,85,0,2,148,0,150,0,10,225,0,235,128,0,128,363
11/26/2020,ISM,FL,ASO,ES,Federal Contract Tower,0,2,22,0,24,0,4,56,0,60,0,6,78,0,84,56,0,56,140
11/27/2020,ISM,FL,ASO,ES,Federal Contract Tower,0,5,48,0,53,0,6,123,0,129,0,11,171,0,182,136,0,136,318
11/28/2020,ISM,FL,ASO,ES,Federal Contract Tower,0,14,47,0,61,0,5,103,0,108,0,19,150,0,169,156,0,156,325
11/29/2020,ISM,FL,ASO,ES,Federal Contract Tower,0,17,57,0,74,0,2,63,0,65,0,19,120,0,139,116,0,116,255
11/30/2020,ISM,FL,ASO,ES,Federal Contract Tower,0,10,52,2,64,0,2,29,0,31,0,12,81,2,95,56,0,56,151
12/01/2020,ISM,FL,ASO,ES,Federal Contract Tower,0,8,52,0,60,0,6,94,0,100,0,14,146,0,160,138,0,138,298
12/02/2020,ISM,FL,ASO,ES,Federal Contract Tower,0,12,70,0,82,0,5,98,0,103,0,17,168,0,185,160,0,160,345
12/03/2020,ISM,FL,ASO,ES,Federal Contract Tower,0,16,66,0,82,0,9,105,0,114,0,25,171,0,196,90,0,90,286
12/04/2020,ISM,FL,ASO,ES,Federal Contract Tower,0,11,77,0,88,0,1,96,0,97,0,12,173,0,185,128,0,128,313
12/05/2020,ISM,FL,ASO,ES,Federal Contract Tower,0,4,69,0,73,0,2,90,0,92,0,6,159,0,165,152,0,152,317
12/06/2020,ISM,FL,ASO,ES,Federal Contract Tower,0,18,43,0,61,0,2,94,0,96,0,20,137,0,157,130,0,130,287
12/07/2020,ISM,FL,ASO,ES,Federal Contract Tower,0,9,40,0,49,0,3,17,0,20,0,12,57,0,69,0,0,0,69
12/08/2020,ISM,FL,ASO,ES,Federal Contract Tower,0,7,67,0,74,0,8,134,0,142,0,15,201,0,216,216,0,216,432
12/09/2020,ISM,FL,ASO,ES,Federal Contract Tower,0,11,83,0,94,0,2,114,0,116,0,13,197,0,210,158,0,158,368
12/10/2020,ISM,FL,ASO,ES,Federal Contract Tower,0,14,97,0,111,0,4,119,6,129,0,18,216,6,240,198,0,198,438
12/11/2020,ISM,FL,ASO,ES,Federal Contract Tower,0,8,54,4,66,0,11,113,0,124,0,19,167,4,190,168,0,168,358
12/12/2020,ISM,FL,ASO,ES,Federal Contract Tower,0,3,51,0,54,0,3,100,0,103,0,6,151,0,157,134,0,134,291
12/13/2020,ISM,FL,ASO,ES,Federal Contract Tower,0,5,43,0,48,0,2,72,0,74,0,7,115,0,122,112,0,112,234
12/14/2020,ISM,FL,ASO,ES,Federal Contract Tower,0,14,63,4,81,0,4,65,0,69,0,18,128,4,150,198,0,198,348
12/15/2020,ISM,FL,ASO,ES,Federal Contract Tower,0,2,120,4,126,0,4,79,0,83,0,6,199,4,209,146,0,146,355
12/16/2020,ISM,FL,ASO,ES,Federal Contract Tower,0,3,62,0,65,0,0,46,0,46,0,3,108,0,111,104,0,104,215
12/17/2020,ISM,FL,ASO,ES,Federal Contract Tower,0,8,89,0,97,0,37,0,0,37,0,45,89,0,134,60,0,60,194
12/18/2020,ISM,FL,ASO,ES,Federal Contract Tower,0,10,47,0,57,0,11,107,0,118,0,21,154,0,175,126,0,126,301
12/19/2020,ISM,FL,ASO,ES,Federal Contract Tower,0,8,36,0,44,0,5,112,0,117,0,13,148,0,161,138,0,138,299
12/20/2020,ISM,FL,ASO,ES,Federal Contract Tower,0,13,37,0,50,0,0,61,0,61,0,13,98,0,111,128,0,128,239
12/21/2020,ISM,FL,ASO,ES,Federal Contract Tower,0,11,57,0,68,0,0,81,0,81,0,11,138,0,149,228,0,228,377
12/22/2020,ISM,FL,ASO,ES,Federal Contract Tower,0,7,55,0,62,0,2,129,0,131,0,9,184,0,193,200,0,200,393
12/23/2020,ISM,FL,ASO,ES,Federal Contract Tower,0,6,50,0,56,0,4,102,0,106,0,10,152,0,162,96,0,96,258
12/24/2020,ISM,FL,ASO,ES,Federal Contract Tower,0,4,14,0,18,0,6,40,0,46,0,10,54,0,64,72,0,72,136
12/25/2020,ISM,FL,ASO,ES,Federal Contract Tower,0,6,9,0,15,0,4,35,0,39,0,10,44,0,54,10,0,10,64
12/26/2020,ISM,FL,ASO,ES,Federal Contract Tower,0,6,58,0,64,0,1,76,0,77,0,7,134,0,141,108,0,108,249
12/27/2020,ISM,FL,ASO,ES,Federal Contract Tower,0,20,34,0,54,0,0,90,0,90,0,20,124,0,144,70,0,70,214
12/28/2020,ISM,FL,ASO,ES,Federal Contract Tower,0,11,54,0,65,0,5,73,0,78,0,16,127,0,143,164,0,164,307
12/29/2020,ISM,FL,ASO,ES,Federal Contract Tower,0,6,58,0,64,0,4,104,0,108,0,10,162,0,172,102,0,102,274
12/30/2020,ISM,FL,ASO,ES,Federal Contract Tower,0,9,67,0,76,0,13,96,0,109,0,22,163,0,185,134,0,134,319
12/31/2020,ISM,FL,ASO,ES,Federal Contract Tower,0,11,43,0,54,0,2,81,0,83,0,13,124,0,137,148,0,148,285
01/01/2021,ISM,FL,ASO,ES,Federal Contract Tower,0,10,38,0,48,0,4,78,0,82,0,14,116,0,130,72,0,72,202
01/02/2021,ISM,FL,ASO,ES,Federal Contract Tower,0,20,50,0,70,0,0,66,0,66,0,20,116,0,136,82,0,82,218
01/03/2021,ISM,FL,ASO,ES,Federal Contract Tower,0,22,53,0,75,0,5,46,0,51,0,27,99,0,126,42,0,42,168
01/04/2021,ISM,FL,ASO,ES,Federal Contract Tower,0,12,52,0,64,0,5,112,0,117,0,17,164,0,181,196,0,196,377
01/05/2021,ISM,FL,ASO,ES,Federal Contract Tower,0,8,50,0,58,0,4,115,0,119,0,12,165,0,177,166,0,166,343
01/06/2021,ISM,FL,ASO,ES,Federal Contract Tower,0,7,64,2,73,0,4,63,0,67,0,11,127,2,140,196,0,196,336
01/07/2021,ISM,FL,ASO,ES,Federal Contract Tower,0,9,66,0,75,0,0,108,0,108,0,9,174,0,183,166,0,166,349
01/08/2021,ISM,FL,ASO,ES,Federal Contract Tower,0,2,38,0,40,0,8,75,0,83,0,10,113,0,123,94,0,94,217
01/09/2021,ISM,FL,ASO,ES,Federal Contract Tower,0,3,48,0,51,0,2,108,0,110,0,5,156,0,161,166,0,166,327
01/10/2021,ISM,FL,ASO,ES,Federal Contract Tower,0,6,31,3,40,0,5,109,0,114,0,11,140,3,154,206,0,206,360
01/11/2021,ISM,FL,ASO,ES,Federal Contract Tower,0,8,42,0,50,0,2,97,0,99,0,10,139,0,149,272,0,272,421
01/12/2021,ISM,FL,ASO,ES,Federal Contract Tower,0,3,77,0,80,0,4,65,0,69,0,7,142,0,149,164,0,164,313
01/13/2021,ISM,FL,ASO,ES,Federal Contract Tower,0,7,64,0,71,0,5,23,0,28,0,12,87,0,99,82,0,82,181
01/14/2021,ISM,FL,ASO,ES,Federal Contract Tower,0,9,57,0,66,0,2,90,0,92,0,11,147,0,158,262,0,262,420
01/15/2021,ISM,FL,ASO,ES,Federal Contract Tower,0,6,102,0,108,0,6,104,0,110,0,12,206,0,218,180,0,180,398
01/16/2021,ISM,FL,ASO,ES,Federal Contract Tower,0,9,54,0,63,0,4,112,0,116,0,13,166,0,179,118,0,118,297
01/17/2021,ISM,FL,ASO,ES,Federal Contract Tower,0,14,40,0,54,0,4,94,0,98,0,18,134,0,152,192,0,192,344
01/18/2021,ISM,FL,ASO,ES,Federal Contract Tower,0,7,53,0,60,0,3,108,0,111,0,10,161,0,171,218,0,218,389
01/19/2021,ISM,FL,ASO,ES,Federal Contract Tower,0,2,44,0,46,0,2,113,0,115,0,4,157,0,161,216,0,216,377
01/20/2021,ISM,FL,ASO,ES,Federal Contract Tower,0,6,50,0,56,0,6,105,0,111,0,12,155,0,167,232,0,232,399
01/21/2021,ISM,FL,ASO,ES,Federal Contract Tower,0,8,63,0,71,0,0,116,0,116,0,8,179,0,187,142,0,142,329
01/22/2021,ISM,FL,ASO,ES,Federal Contract Tower,0,3,44,0,47,0,13,115,0,128,0,16,159,0,175,144,0,144,319
01/23/2021,ISM,FL,ASO,ES,Federal Contract Tower,0,4,37,0,41,0,1,0,0,1,0,5,37,0,42,0,0,0,42
01/24/2021,ISM,FL,ASO,ES,Federal Contract Tower,0,10,43,0,53,0,2,106,0,108,0,12,149,0,161,136,0,136,297
01/25/2021,ISM,FL,ASO,ES,Federal Contract Tower,0,1,64,0,65,0,0,68,0,68,0,1,132,0,133,180,0,180,313
01/26/2021,ISM,FL,ASO,ES,Federal Contract Tower,0,6,47,0,53,0,1,63,0,64,0,7,110,0,117,114,0,114,231
01/27/2021,ISM,FL,ASO,ES,Federal Contract Tower,0,6,44,0,50,0,2,65,0,67,0,8,109,0,117,68,0,68,185
01/28/2021,ISM,FL,ASO,ES,Federal Contract Tower,0,6,37,0,43,0,4,79,0,83,0,10,116,0,126,184,0,184,310
01/29/2021,ISM,FL,ASO,ES,Federal Contract Tower,0,7,48,0,55,0,4,131,0,135,0,11,179,0,190,332,0,332,522
01/30/2021,ISM,FL,ASO,ES,Federal Contract Tower,0,3,25,0,28,0,6,144,0,150,0,9,169,0,178,216,0,216,394
01/31/2021,ISM,FL,ASO,ES,Federal Contract Tower,0,11,41,0,52,0,6,76,0,82,0,17,117,0,134,128,0,128,262
02/01/2021,ISM,FL,ASO,ES,Federal Contract Tower,0,6,19,0,25,0,3,30,0,33,0,9,49,0,58,38,0,38,96
02/02/2021,ISM,FL,ASO,ES,Federal Contract Tower,0,10,27,0,37,0,2,43,0,45,0,12,70,0,82,14,0,14,96
02/03/2021,ISM,FL,ASO,ES,Federal Contract Tower,0,8,40,0,48,0,4,108,0,112,0,12,148,0,160,324,0,324,484
02/04/2021,ISM,FL,ASO,ES,Federal Contract Tower,0,5,62,0,67,0,5,111,0,116,0,10,173,0,183,274,0,274,457
02/05/2021,ISM,FL,ASO,ES,Federal Contract Tower,0,7,79,0,86,0,6,152,0,158,0,13,231,0,244,270,0,270,514
02/06/2021,ISM,FL,ASO,ES,Federal Contract Tower,0,5,46,0,51,0,2,24,0,26,0,7,70,0,77,50,0,50,127
02/07/2021,ISM,FL,ASO,ES,Federal Contract Tower,0,4,31,0,35,0,2,43,0,45,0,6,74,0,80,70,0,70,150
02/08/2021,ISM,FL,ASO,ES,Federal Contract Tower,0,6,66,0,72,0,8,45,0,53,0,14,111,0,125,122,0,122,247
02/09/2021,ISM,FL,ASO,ES,Federal Contract Tower,0,8,28,0,36,0,8,75,0,83,0,16,103,0,119,132,0,132,251
02/10/2021,ISM,FL,ASO,ES,Federal Contract Tower,0,10,55,0,65,0,4,111,0,115,0,14,166,0,180,158,0,158,338
02/11/2021,ISM,FL,ASO,ES,Federal Contract Tower,0,12,58,0,70,0,3,113,0,116,0,15,171,0,186,228,0,228,414
02/12/2021,ISM,FL,ASO,ES,Federal Contract Tower,0,12,81,0,93,0,7,80,0,87,0,19,161,0,180,134,0,134,314
02/13/2021,ISM,FL,ASO,ES,Federal Contract Tower,0,11,33,0,44,0,0,56,0,56,0,11,89,0,100,30,0,30,130
02/14/2021,ISM,FL,ASO,ES,Federal Contract Tower,0,11,34,0,45,0,5,108,0,113,0,16,142,0,158,76,0,76,234
02/15/2021,ISM,FL,ASO,ES,Federal Contract Tower,0,18,67,0,85,0,4,69,0,73,0,22,136,0,158,60,0,60,218
02/16/2021,ISM,FL,ASO,ES,Federal Contract Tower,0,17,67,0,84,0,5,79,0,84,0,22,146,0,168,206,0,206,374
02/17/2021,ISM,FL,ASO,ES,Federal Contract Tower,0,3,76,0,79,0,0,55,0,55,0,3,131,0,134,36,0,36,170
02/18/2021,ISM,FL,ASO,ES,Federal Contract Tower,0,2,61,0,63,0,6,133,0,139,0,8,194,0,202,162,0,162,364
02/19/2021,ISM,FL,ASO,ES,Federal Contract Tower,0,11,54,0,65,0,3,40,0,43,0,14,94,0,108,32,0,32,140
02/20/2021,ISM,FL,ASO,ES,Federal Contract Tower,0,7,45,0,52,0,1,166,0,167,0,8,211,0,219,186,0,186,405
02/21/2021,ISM,FL,ASO,ES,Federal Contract Tower,0,12,34,0,46,0,6,53,0,59,0,18,87,0,105,78,0,78,183
02/22/2021,ISM,FL,ASO,ES,Federal Contract Tower,0,6,61,0,67,0,4,95,0,99,0,10,156,0,166,206,0,206,372
02/23/2021,ISM,FL,ASO,ES,Federal Contract Tower,0,4,59,0,63,0,4,125,0,129,0,8,184,0,192,306,0,306,498
02/24/2021,ISM,FL,ASO,ES,Federal Contract Tower,0,8,58,6,72,0,4,142,0,146,0,12,200,6,218,232,0,232,450
02/25/2021,ISM,FL,ASO,ES,Federal Contract Tower,0,10,48,2,60,0,6,123,0,129,0,16,171,2,189,200,0,200,389
02/26/2021,ISM,FL,ASO,ES,Federal Contract Tower,0,11,47,0,58,0,10,121,0,131,0,21,168,0,189,224,0,224,413
02/27/2021,ISM,FL,ASO,ES,Federal Contract Tower,0,9,27,0,36,0,1,119,0,120,0,10,146,0,156,158,0,158,314
02/28/2021,ISM,FL,ASO,ES,Federal Contract Tower,0,12,35,0,47,0,5,90,0,95,0,17,125,0,142,126,0,126,268
03/01/2021,ISM,FL,ASO,ES,Federal Contract Tower,0,19,64,0,83,0,4,78,0,82,0,23,142,0,165,212,0,212,377
03/02/2021,ISM,FL,ASO,ES,Federal Contract Tower,0,8,26,0,34,0,9,75,0,84,0,17,101,0,118,154,0,154,272
03/03/2021,ISM,FL,ASO,ES,Federal Contract Tower,0,7,44,0,51,0,4,63,0,67,0,11,107,0,118,70,0,70,188
03/04/2021,ISM,FL,ASO,ES,Federal Contract Tower,0,12,50,0,62,0,4,105,0,109,0,16,155,0,171,200,0,200,371
03/05/2021,ISM,FL,ASO,ES,Federal Contract Tower,0,6,49,0,55,0,2,149,0,151,0,8,198,0,206,238,0,238,444
03/06/2021,ISM,FL,ASO,ES,Federal Contract Tower,0,8,22,0,30,0,6,70,0,76,0,14,92,0,106,78,0,78,184
03/07/2021,ISM,FL,ASO,ES,Federal Contract Tower,0,11,55,0,66,0,4,86,0,90,0,15,141,0,156,102,0,102,258
03/08/2021,ISM,FL,ASO,ES,Federal Contract Tower,0,15,51,0,66,0,2,110,8,120,0,17,161,8,186,204,0,204,390
03/09/2021,ISM,FL,ASO,ES,Federal Contract Tower,0,9,42,2,53,0,3,146,0,149,0,12,188,2,202,76,0,76,278
03/10/2021,ISM,FL,ASO,ES,Federal Contract Tower,0,6,51,0,57,0,3,116,2,121,0,9,167,2,178,226,0,226,404
03/11/2021,ISM,FL,ASO,ES,Federal Contract Tower,0,9,49,0,58,0,3,128,0,131,0,12,177,0,189,230,0,230,419
03/12/2021,ISM,FL,ASO,ES,Federal Contract Tower,0,17,46,2,65,0,8,137,0,145,0,25,183,2,210,214,0,214,424
03/13/2021,ISM,FL,ASO,ES,Federal Contract Tower,0,15,53,0,68,0,7,150,0,157,0,22,203,0,225,248,0,248,473
03/14/2021,ISM,FL,ASO,ES,Federal Contract Tower,0,11,59,0,70,0,0,129,0,129,0,11,188,0,199,164,0,164,363
03/15/2021,ISM,FL,ASO,ES,Federal Contract Tower,0,6,23,0,29,0,2,128,0,130,0,8,151,0,159,152,0,152,311
03/16/2021,ISM,FL,ASO,ES,Federal Contract Tower,0,3,60,0,63,0,8,120,0,128,0,11,180,0,191,208,0,208,399
03/17/2021,ISM,FL,ASO,ES,Federal Contract Tower,0,17,74,0,91,0,4,135,0,139,0,21,209,0,230,166,0,166,396
03/18/2021,ISM,FL,ASO,ES,Federal Contract Tower,0,9,53,0,62,0,3,74,0,77,0,12,127,0,139,16,0,16,155
03/19/2021,ISM,FL,ASO,ES,Federal Contract Tower,0,14,54,0,68,0,5,132,0,137,0,19,186,0,205,288,0,288,493
03/20/2021,ISM,FL,ASO,ES,Federal Contract Tower,0,18,59,0,77,0,3,91,0,94,0,21,150,0,171,98,0,98,269
03/21/2021,ISM,FL,ASO,ES,Federal Contract Tower,0,24,65,0,89,0,3,66,0,69,0,27,131,0,158,52,0,52,210
03/22/2021,ISM,FL,ASO,ES,Federal Contract Tower,0,12,63,2,77,0,2,37,2,41,0,14,100,4,118,56,0,56,174
03/23/2021,ISM,FL,ASO,ES,Federal Contract Tower,0,4,29,0,33,0,3,95,0,98,0,7,124,0,131,186,0,186,317
03/24/2021,ISM,FL,ASO,ES,Federal Contract Tower,0,13,63,0,76,0,0,171,0,171,0,13,234,0,247,322,0,322,569
03/25/2021,ISM,FL,ASO,ES,Federal Contract Tower,0,14,95,0,109,0,2,100,0,102,0,16,195,0,211,139,0,139,350
03/26/2021,ISM,FL,ASO,ES,Federal Contract Tower,0,7,85,0,92,0,1,134,0,135,0,8,219,0,227,184,0,184,411
03/27/2021,ISM,FL,ASO,ES,Federal Contract Tower,0,8,77,0,85,0,3,151,0,154,0,11,228,0,239,176,0,176,415
03/28/2021,ISM,FL,ASO,ES,Federal Contract Tower,0,13,65,0,78,0,4,77,0,81,0,17,142,0,159,118,0,118,277
03/29/2021,ISM,FL,ASO,ES,Federal Contract Tower,0,5,53,0,58,0,8,96,0,104,0,13,149,0,162,194,0,194,356
03/30/2021,ISM,FL,ASO,ES,Federal Contract Tower,0,16,82,2,100,0,2,123,0,125,0,18,205,2,225,242,0,242,467
03/31/2021,ISM,FL,ASO,ES,Federal Contract Tower,0,9,55,2,66,0,4,128,0,132,0,13,183,2,198,198,0,198,396
04/01/2021,ISM,FL,ASO,ES,Federal Contract Tower,0,17,58,0,75,0,2,99,0,101,0,19,157,0,176,188,0,188,364
04/02/2021,ISM,FL,ASO,ES,Federal Contract Tower,0,21,54,0,75,0,5,110,0,115,0,26,164,0,190,98,0,98,288
04/03/2021,ISM,FL,ASO,ES,Federal Contract Tower,0,3,40,0,43,0,2,132,0,134,0,5,172,0,177,96,0,96,273
04/04/2021,ISM,FL,ASO,ES,Federal Contract Tower,0,15,40,0,55,0,6,92,0,98,0,21,132,0,153,110,0,110,263
04/05/2021,ISM,FL,ASO,ES,Federal Contract Tower,0,18,67,0,85,0,6,154,0,160,0,24,221,0,245,224,0,224,469
04/06/2021,ISM,FL,ASO,ES,Federal Contract Tower,0,4,63,0,67,0,3,148,0,151,0,7,211,0,218,236,0,236,454
04/07/2021,ISM,FL,ASO,ES,Federal Contract Tower,0,10,50,0,60,0,4,157,0,161,0,14,207,0,221,322,0,322,543
04/08/2021,ISM,FL,ASO,ES,Federal Contract Tower,0,13,62,2,77,0,0,122,0,122,0,13,184,2,199,204,0,204,403
04/09/2021,ISM,FL,ASO,ES,Federal Contract Tower,0,13,66,0,79,0,6,133,0,139,0,19,199,0,218,264,0,264,482
04/10/2021,ISM,FL,ASO,ES,Federal Contract Tower,0,16,37,0,53,0,6,139,0,145,0,22,176,0,198,130,0,130,328
04/11/2021,ISM,FL,ASO,ES,Federal Contract Tower,0,10,27,0,37,0,0,27,0,27,0,10,54,0,64,42,0,42,106
04/12/2021,ISM,FL,ASO,ES,Federal Contract Tower,0,12,63,0,75,0,5,100,0,105,0,17,163,0,180,182,0,182,362
04/13/2021,ISM,FL,ASO,ES,Federal Contract Tower,0,5,50,0,55,0,2,133,0,135,0,7,183,0,190,286,0,286,476
04/14/2021,ISM,FL,ASO,ES,Federal Contract Tower,0,6,84,0,90,0,7,163,0,170,0,13,247,0,260,352,0,352,612
04/15/2021,ISM,FL,ASO,ES,Federal Contract Tower,0,8,72,0,80,0,1,99,0,100,0,9,171,0,180,326,0,326,506
04/16/2021,ISM,FL,ASO,ES,Federal Contract Tower,0,19,55,0,74,0,2,114,0,116,0,21,169,0,190,162,0,162,352
04/17/2021,ISM,FL,ASO,ES,Federal Contract Tower,0,5,41,0,46,0,0,70,0,70,0,5,111,0,116,58,0,58,174
04/18/2021,ISM,FL,ASO,ES,Federal Contract Tower,0,6,53,0,59,0,2,64,0,66,0,8,117,0,125,28,0,28,153
04/19/2021,ISM,FL,ASO,ES,Federal Contract Tower,0,8,18,0,26,0,2,30,0,32,0,10,48,0,58,116,0,116,174
04/20/2021,ISM,FL,ASO,ES,Federal Contract Tower,0,11,20,0,31,0,0,20,0,20,0,11,40,0,51,42,0,42,93
04/21/2021,ISM,FL,ASO,ES,Federal Contract Tower,0,15,46,0,61,0,5,130,0,135,0,20,176,0,196,270,0,270,466
04/22/2021,ISM,FL,ASO,ES,Federal Contract Tower,0,9,52,2,63,0,4,131,0,135,0,13,183,2,198,324,0,324,522
04/23/2021,ISM,FL,ASO,ES,Federal Contract Tower,0,8,55,0,63,0,4,143,0,147,0,12,198,0,210,272,0,272,482
04/24/2021,ISM,FL,ASO,ES,Federal Contract Tower,0,14,34,0,48,0,6,130,0,136,0,20,164,0,184,154,0,154,338
04/25/2021,ISM,FL,ASO,ES,Federal Contract Tower,0,21,42,0,63,0,8,59,0,67,0,29,101,0,130,66,0,66,196
04/26/2021,ISM,FL,ASO,ES,Federal Contract Tower,0,3,47,0,50,0,4,86,0,90,0,7,133,0,140,368,0,368,508
04/27/2021,ISM,FL,ASO,ES,Federal Contract Tower,0,15,45,0,60,0,5,132,0,137,0,20,177,0,197,236,0,236,433
04/28/2021,ISM,FL,ASO,ES,Federal Contract Tower,0,14,33,1,48,0,1,98,1,100,0,15,131,2,148,498,0,498,646
04/29/2021,ISM,FL,ASO,ES,Federal Contract Tower,0,12,44,0,56,0,6,130,0,136,0,18,174,0,192,362,0,362,554
04/30/2021,ISM,FL,ASO,ES,Federal Contract Tower,0,10,57,0,67,0,5,122,0,127,0,15,179,0,194,222,0,222,416
05/01/2021,ISM,FL,ASO,ES,Federal Contract Tower,0,4,37,0,41,0,6,89,0,95,0,10,126,0,136,176,0,176,312
05/02/2021,ISM,FL,ASO,ES,Federal Contract Tower,0,14,44,0,58,0,2,96,0,98,0,16,140,0,156,146,0,146,302
05/03/2021,ISM,FL,ASO,ES,Federal Contract Tower,0,10,33,0,43,0,4,98,0,102,0,14,131,0,145,160,0,160,305
05/04/2021,ISM,FL,ASO,ES,Federal Contract Tower,0,7,58,0,65,0,3,85,0,88,0,10,143,0,153,158,0,158,311
05/05/2021,ISM,FL,ASO,ES,Federal Contract Tower,0,8,70,0,78,0,1,125,0,126,0,9,195,0,204,204,0,204,408
05/06/2021,ISM,FL,ASO,ES,Federal Contract Tower,0,1,49,0,50,0,1,70,0,71,0,2,119,0,121,168,0,168,289
05/07/2021,ISM,FL,ASO,ES,Federal Contract Tower,0,8,57,0,65,0,3,161,0,164,0,11,218,0,229,331,0,331,560
05/08/2021,ISM,FL,ASO,ES,Federal Contract Tower,0,4,21,0,25,0,7,126,0,133,0,11,147,0,158,256,0,256,414
05/09/2021,ISM,FL,ASO,ES,Federal Contract Tower,0,20,42,0,62,0,4,94,0,98,0,24,136,0,160,152,0,152,312
05/10/2021,ISM,FL,ASO,ES,Federal Contract Tower,0,8,44,0,52,0,6,117,0,123,0,14,161,0,175,184,0,184,359
05/11/2021,ISM,FL,ASO,ES,Federal Contract Tower,0,14,59,0,73,0,4,91,0,95,0,18,150,0,168,232,0,232,400
05/12/2021,ISM,FL,ASO,ES,Federal Contract Tower,0,8,38,0,46,0,0,63,0,63,0,8,101,0,109,292,0,292,401
05/13/2021,ISM,FL,ASO,ES,Federal Contract Tower,0,9,31,0,40,0,8,65,0,73,0,17,96,0,113,182,0,182,295
05/14/2021,ISM,FL,ASO,ES,Federal Contract Tower,0,13,64,0,77,0,1,137,0,138,0,14,201,0,215,230,0,230,445
05/15/2021,ISM,FL,ASO,ES,Federal Contract Tower,0,17,52,0,69,0,3,101,0,104,0,20,153,0,173,142,0,142,315
05/16/2021,ISM,FL,ASO,ES,Federal Contract Tower,0,17,35,0,52,0,10,98,0,108,0,27,133,0,160,88,0,88,248
05/17/2021,ISM,FL,ASO,ES,Federal Contract Tower,0,10,50,0,60,0,2,118,0,120,0,12,168,0,180,220,0,220,400
05/18/2021,ISM,FL,ASO,ES,Federal Contract Tower,0,9,32,0,41,0,5,99,0,104,0,14,131,0,145,234,0,234,379
05/19/2021,ISM,FL,ASO,ES,Federal Contract Tower,0,7,64,0,71,0,11,79,0,90,0,18,143,0,161,150,0,150,311
05/20/2021,ISM,FL,ASO,ES,Federal Contract Tower,0,6,48,0,54,0,4,52,0,56,0,10,100,0,110,122,0,122,232
05/21/2021,ISM,FL,ASO,ES,Federal Contract Tower,0,8,54,0,62,0,2,88,0,90,0,10,142,0,152,240,0,240,392
05/22/2021,ISM,FL,ASO,ES,Federal Contract Tower,0,10,38,1,49,0,3,124,0,127,0,13,162,1,176,134,0,134,310
05/23/2021,ISM,FL,ASO,ES,Federal Contract Tower,0,10,39,0,49,0,4,119,0,123,0,14,158,0,172,222,0,222,394
05/24/2021,ISM,FL,ASO,ES,Federal Contract Tower,0,10,44,0,54,0,2,126,0,128,0,12,170,0,182,284,0,284,466
05/25/2021,ISM,FL,ASO,ES,Federal Contract Tower,0,8,60,0,68,0,0,135,0,135,0,8,195,0,203,322,0,322,525
05/26/2021,ISM,FL,ASO,ES,Federal Contract Tower,0,23,87,0,110,0,7,131,0,138,0,30,218,0,248,304,0,304,552
05/27/2021,ISM,FL,ASO,ES,Federal Contract Tower,0,14,64,0,78,0,4,133,0,137,0,18,197,0,215,302,0,302,517
05/28/2021,ISM,FL,ASO,ES,Federal Contract Tower,0,11,57,0,68,0,1,111,0,112,0,12,168,0,180,274,0,274,454
05/29/2021,ISM,FL,ASO,ES,Federal Contract Tower,0,11,35,0,46,0,0,91,0,91,0,11,126,0,137,150,0,150,287
05/30/2021,ISM,FL,ASO,ES,Federal Contract Tower,0,8,31,0,39,0,4,72,0,76,0,12,103,0,115,68,0,68,183
05/31/2021,ISM,FL,ASO,ES,Federal Contract Tower,0,14,45,0,59,0,7,92,0,99,0,21,137,0,158,142,0,142,300
06/01/2021,ISM,FL,ASO,ES,Federal Contract Tower,0,4,53,0,57,0,6,89,0,95,0,10,142,0,152,178,0,178,330
06/02/2021,ISM,FL,ASO,ES,Federal Contract Tower,0,0,56,0,56,0,3,99,0,102,0,3,155,0,158,318,0,318,476
06/03/2021,ISM,FL,ASO,ES,Federal Contract Tower,0,10,50,0,60,0,0,50,0,50,0,10,100,0,110,130,0,130,240
06/04/2021,ISM,FL,ASO,ES,Federal Contract Tower,0,1,28,0,29,0,1,65,0,66,0,2,93,0,95,216,0,216,311
06/05/2021,ISM,FL,ASO,ES,Federal Contract Tower,0,10,51,0,61,0,4,91,0,95,0,14,142,0,156,198,0,198,354
06/06/2021,ISM,FL,ASO,ES,Federal Contract Tower,0,4,47,0,51,0,4,97,0,101,0,8,144,0,152,200,0,200,352
06/07/2021,ISM,FL,ASO,ES,Federal Contract Tower,0,4,54,0,58,0,8,100,0,108,0,12,154,0,166,206,0,206,372
06/08/2021,ISM,FL,ASO,ES,Federal Contract Tower,0,12,52,0,64,0,8,133,0,141,0,20,185,0,205,222,0,222,427
06/09/2021,ISM,FL,ASO,ES,Federal Contract Tower,0,5,73,0,78,0,7,135,0,142,0,12,208,0,220,264,0,264,484
06/10/2021,ISM,FL,ASO,ES,Federal Contract Tower,0,6,60,0,66,0,12,163,0,175,0,18,223,0,241,280,0,280,521
06/11/2021,ISM,FL,ASO,ES,Federal Contract Tower,0,8,67,0,75,0,4,114,0,118,0,12,181,0,193,172,0,172,365
06/12/2021,ISM,FL,ASO,ES,Federal Contract Tower,0,7,72,0,79,0,3,124,0,127,0,10,196,0,206,162,0,162,368
06/13/2021,ISM,FL,ASO,ES,Federal Contract Tower,0,7,41,0,48,0,2,65,0,67,0,9,106,0,115,84,0,84,199
06/14/2021,ISM,FL,ASO,ES,Federal Contract Tower,0,4,39,0,43,0,0,81,0,81,0,4,120,0,124,142,0,142,266
06/15/2021,ISM,FL,ASO,ES,Federal Contract Tower,0,4,33,0,37,0,2,37,0,39,0,6,70,0,76,28,0,28,104
06/16/2021,ISM,FL,ASO,ES,Federal Contract Tower,0,10,40,0,50,0,3,87,0,90,0,13,127,0,140,128,0,128,268
06/17/2021,ISM,FL,ASO,ES,Federal Contract Tower,0,9,55,0,64,0,2,111,0,113,0,11,166,0,177,254,0,254,431
06/18/2021,ISM,FL,ASO,ES,Federal Contract Tower,0,9,60,0,69,0,3,144,0,147,0,12,204,0,216,216,0,216,432
06/19/2021,ISM,FL,ASO,ES,Federal Contract Tower,0,7,65,0,72,0,6,93,0,99,0,13,158,0,171,128,0,128,299
06/20/2021,ISM,FL,ASO,ES,Federal Contract Tower,0,4,33,0,37,0,6,118,0,124,0,10,151,0,161,224,0,224,385
06/21/2021,ISM,FL,ASO,ES,Federal Contract Tower,0,23,43,0,66,0,3,103,0,106,0,26,146,0,172,136,0,136,308
06/22/2021,ISM,FL,ASO,ES,Federal Contract Tower,0,8,54,0,62,0,2,86,0,88,0,10,140,0,150,68,0,68,218
06/23/2021,ISM,FL,ASO,ES,Federal Contract Tower,0,5,70,0,75,0,0,129,0,129,0,5,199,0,204,272,0,272,476
06/24/2021,ISM,FL,ASO,ES,Federal Contract Tower,0,7,57,0,64,0,10,102,0,112,0,17,159,0,176,90,0,90,266
06/25/2021,ISM,FL,ASO,ES,Federal Contract Tower,0,8,47,0,55,0,0,81,0,81,0,8,128,0,136,180,0,180,316
06/26/2021,ISM,FL,ASO,ES,Federal Contract Tower,0,7,77,0,84,0,2,127,0,129,0,9,204,0,213,204,0,204,417
06/27/2021,ISM,FL,ASO,ES,Federal Contract Tower,0,7,42,0,49,0,8,129,0,137,0,15,171,0,186,152,0,152,338
06/28/2021,ISM,FL,ASO,ES,Federal Contract Tower,0,4,52,0,56,0,5,117,0,122,0,9,169,0,178,224,0,224,402
06/29/2021,ISM,FL,ASO,ES,Federal Contract Tower,0,4,35,2,41,0,0,99,0,99,0,4,134,2,140,90,0,90,230
06/30/2021,ISM,FL,ASO,ES,Federal Contract Tower,0,6,33,0,39,0,0,93,0,93,0,6,126,0,132,166,0,166,298
07/01/2021,ISM,FL,ASO,ES,Federal Contract Tower,0,3,34,2,39,0,4,104,0,108,0,7,138,2,147,198,0,198,345
07/02/2021,ISM,FL,ASO,ES,Federal Contract Tower,0,4,46,0,50,0,0,66,0,66,0,4,112,0,116,122,0,122,238
07/03/2021,ISM,FL,ASO,ES,Federal Contract Tower,0,3,25,0,28,0,0,28,0,28,0,3,53,0,56,18,0,18,74
07/04/2021,ISM,FL,ASO,ES,Federal Contract Tower,0,9,8,0,17,0,6,51,0,57,0,15,59,0,74,72,0,72,146
07/05/2021,ISM,FL,ASO,ES,Federal Contract Tower,0,14,42,0,56,0,0,88,0,88,0,14,130,0,144,136,0,136,280
07/06/2021,ISM,FL,ASO,ES,Federal Contract Tower,0,1,26,0,27,0,1,47,0,48,0,2,73,0,75,82,0,82,157
07/07/2021,ISM,FL,ASO,ES,Federal Contract Tower,0,6,19,0,25,0,1,18,0,19,0,7,37,0,44,4,0,4,48
07/08/2021,ISM,FL,ASO,ES,Federal Contract Tower,0,13,40,0,53,0,5,86,0,91,0,18,126,0,144,196,0,196,340
07/09/2021,ISM,FL,ASO,ES,Federal Contract Tower,0,12,56,0,68,0,2,126,0,128,0,14,182,0,196,148,0,148,344
07/10/2021,ISM,FL,ASO,ES,Federal Contract Tower,0,7,35,0,42,0,2,126,0,128,0,9,161,0,170,172,0,172,342
07/11/2021,ISM,FL,ASO,ES,Federal Contract Tower,0,8,50,0,58,0,2,95,0,97,0,10,145,0,155,118,0,118,273
07/12/2021,ISM,FL,ASO,ES,Federal Contract Tower,0,6,32,0,38,0,0,0,0,0,0,6,32,0,38,84,0,84,122
07/13/2021,ISM,FL,ASO,ES,Federal Contract Tower,0,6,49,0,55,0,5,92,0,97,0,11,141,0,152,138,0,138,290
07/14/2021,ISM,FL,ASO,ES,Federal Contract Tower,0,5,43,0,48,0,2,87,0,89,0,7,130,0,137,270,0,270,407
07/15/2021,ISM,FL,ASO,ES,Federal Contract Tower,0,12,38,0,50,0,5,139,0,144,0,17,177,0,194,162,0,162,356
07/16/2021,ISM,FL,ASO,ES,Federal Contract Tower,0,9,24,0,33,0,3,86,0,89,0,12,110,0,122,158,0,158,280
07/17/2021,ISM,FL,ASO,ES,Federal Contract Tower,0,8,52,0,60,0,4,115,0,119,0,12,167,0,179,194,0,194,373
07/18/2021,ISM,FL,ASO,ES,Federal Contract Tower,0,2,31,0,33,0,6,76,0,82,0,8,107,0,115,78,0,78,193
07/19/2021,ISM,FL,ASO,ES,Federal Contract Tower,0,10,37,0,47,0,0,96,0,96,0,10,133,0,143,136,0,136,279
07/20/2021,ISM,FL,ASO,ES,Federal Contract Tower,0,8,31,0,39,0,4,114,0,118,0,12,145,0,157,214,0,214,371
07/21/2021,ISM,FL,ASO,ES,Federal Contract Tower,0,11,50,0,61,0,2,128,0,130,0,13,178,0,191,228,0,228,419
07/22/2021,ISM,FL,ASO,ES,Federal Contract Tower,0,8,42,0,50,0,6,116,0,122,0,14,158,0,172,224,0,224,396
07/23/2021,ISM,FL,ASO,ES,Federal Contract Tower,0,5,29,0,34,0,0,109,0,109,0,5,138,0,143,172,0,172,315
07/24/2021,ISM,FL,ASO,ES,Federal Contract Tower,0,12,48,2,62,0,6,98,0,104,0,18,146,2,166,264,0,264,430
07/25/2021,ISM,FL,ASO,ES,Federal Contract Tower,0,12,37,0,49,0,6,98,0,104,0,18,135,0,153,210,0,210,363
07/26/2021,ISM,FL,ASO,ES,Federal Contract Tower,0,9,66,0,75,0,3,73,0,76,0,12,139,0,151,182,0,182,333
07/27/2021,ISM,FL,ASO,ES,Federal Contract Tower,0,2,36,0,38,0,2,108,2,112,0,4,144,2,150,110,0,110,260
07/28/2021,ISM,FL,ASO,ES,Federal Contract Tower,0,5,42,0,47,0,0,94,0,94,0,5,136,0,141,156,0,156,297
07/29/2021,ISM,FL,ASO,ES,Federal Contract Tower,0,10,56,2,68,0,3,117,0,120,0,13,173,2,188,170,0,170,358
07/30/2021,ISM,FL,ASO,ES,Federal Contract Tower,0,14,53,0,67,0,5,143,0,148,0,19,196,0,215,226,0,226,441
07/31/2021,ISM,FL,ASO,ES,Federal Contract Tower,0,5,54,0,59,0,1,131,0,132,0,6,185,0,191,148,0,148,339
08/01/2021,ISM,FL,ASO,ES,Federal Contract Tower,0,3,51,0,54,0,2,88,0,90,0,5,139,0,144,108,0,108,252
08/02/2021,ISM,FL,ASO,ES,Federal Contract Tower,0,2,28,0,30,0,3,99,0,102,0,5,127,0,132,156,0,156,288
08/03/2021,ISM,FL,ASO,ES,Federal Contract Tower,0,6,34,0,40,0,4,78,0,82,0,10,112,0,122,142,0,142,264
08/04/2021,ISM,FL,ASO,ES,Federal Contract Tower,0,14,28,0,42,0,0,44,0,44,0,14,72,0,86,160,0,160,246
08/05/2021,ISM,FL,ASO,ES,Federal Contract Tower,0,22,58,0,80,0,3,126,0,129,0,25,184,0,209,184,0,184,393
08/06/2021,ISM,FL,ASO,ES,Federal Contract Tower,0,5,53,0,58,0,1,106,0,107,0,6,159,0,165,180,0,180,345
08/07/2021,ISM,FL,ASO,ES,Federal Contract Tower,0,9,38,0,47,0,1,123,0,124,0,10,161,0,171,78,0,78,249
08/08/2021,ISM,FL,ASO,ES,Federal Contract Tower,0,14,25,0,39,0,3,91,0,94,0,17,116,0,133,192,0,192,325
08/09/2021,ISM,FL,ASO,ES,Federal Contract Tower,0,13,43,0,56,0,5,93,0,98,0,18,136,0,154,358,0,358,512
08/10/2021,ISM,FL,ASO,ES,Federal Contract Tower,0,4,48,0,52,0,6,152,0,158,0,10,200,0,210,184,0,184,394
08/11/2021,ISM,FL,ASO,ES,Federal Contract Tower,0,6,56,0,62,0,0,103,0,103,0,6,159,0,165,170,0,170,335
08/12/2021,ISM,FL,ASO,ES,Federal Contract Tower,0,1,32,0,33,0,5,136,0,141,0,6,168,0,174,248,0,248,422
08/13/2021,ISM,FL,ASO,ES,Federal Contract Tower,0,2,48,0,50,0,3,85,0,88,0,5,133,0,138,96,0,96,234
08/14/2021,ISM,FL,ASO,ES,Federal Contract Tower,0,7,31,0,38,0,3,80,0,83,0,10,111,0,121,116,0,116,237
08/15/2021,ISM,FL,ASO,ES,Federal Contract Tower,0,6,29,0,35,0,0,51,0,51,0,6,80,0,86,72,0,72,158
08/16/2021,ISM,FL,ASO,ES,Federal Contract Tower,0,2,48,0,50,0,0,79,0,79,0,2,127,0,129,168,0,168,297
08/17/2021,ISM,FL,ASO,ES,Federal Contract Tower,0,3,13,0,16,0,4,121,0,125,0,7,134,0,141,180,0,180,321
08/18/2021,ISM,FL,ASO,ES,Federal Contract Tower,0,1,34,0,35,0,6,108,0,114,0,7,142,0,149,295,0,295,444
08/19/2021,ISM,FL,ASO,ES,Federal Contract Tower,0,5,32,0,37,0,2,124,0,126,0,7,156,0,163,190,0,190,353
08/20/2021,ISM,FL,ASO,ES,Federal Contract Tower,0,6,25,0,31,0,4,104,0,108,0,10,129,0,139,264,0,264,403
08/21/2021,ISM,FL,ASO,ES,Federal Contract Tower,0,4,32,0,36,0,2,110,0,112,0,6,142,0,148,176,0,176,324
08/22/2021,ISM,FL,ASO,ES,Federal Contract Tower,0,10,28,0,38,0,0,84,0,84,0,10,112,0,122,200,0,200,322
08/23/2021,ISM,FL,ASO,ES,Federal Contract Tower,0,9,26,0,35,0,2,59,0,61,0,11,85,0,96,164,0,164,260
08/24/2021,ISM,FL,ASO,ES,Federal Contract Tower,0,3,28,0,31,0,2,99,0,101,0,5,127,0,132,216,0,216,348
08/25/2021,ISM,FL,ASO,ES,Federal Contract Tower,0,6,54,0,60,0,6,115,0,121,0,12,169,0,181,232,0,232,413
08/26/2021,ISM,FL,ASO,ES,Federal Contract Tower,0,2,57,0,59,0,3,119,0,122,0,5,176,0,181,200,0,200,381
08/27/2021,ISM,FL,ASO,ES,Federal Contract Tower,2,4,37,0,43,0,2,70,0,72,2,6,107,0,115,102,0,102,217
08/28/2021,ISM,FL,ASO,ES,Federal Contract Tower,0,2,34,0,36,0,2,87,0,89,0,4,121,0,125,136,0,136,261
08/29/2021,ISM,FL,ASO,ES,Federal Contract Tower,0,5,48,0,53,0,2,96,0,98,0,7,144,0,151,150,0,150,301
08/30/2021,ISM,FL,ASO,ES,Federal Contract Tower,0,2,26,0,28,0,4,113,0,117,0,6,139,0,145,152,0,152,297
08/31/2021,ISM,FL,ASO,ES,Federal Contract Tower,0,6,52,0,58,0,3,116,0,119,0,9,168,0,177,160,0,160,337
09/01/2021,ISM,FL,ASO,ES,Federal Contract Tower,0,7,32,0,39,0,2,47,0,49,0,9,79,0,88,240,0,240,328
09/02/2021,ISM,FL,ASO,ES,Federal Contract Tower,2,17,28,0,47,0,2,99,0,101,2,19,127,0,148,204,0,204,352
09/03/2021,ISM,FL,ASO,ES,Federal Contract Tower,0,9,47,0,56,0,3,92,0,95,0,12,139,0,151,100,0,100,251
09/04/2021,ISM,FL,ASO,ES,Federal Contract Tower,0,8,23,0,31,0,0,99,0,99,0,8,122,0,130,118,0,118,248
09/05/2021,ISM,FL,ASO,ES,Federal Contract Tower,0,6,21,0,27,0,4,57,0,61,0,10,78,0,88,54,0,54,142
09/06/2021,ISM,FL,ASO,ES,Federal Contract Tower,0,17,50,0,67,0,2,68,0,70,0,19,118,0,137,174,0,174,311
09/07/2021,ISM,FL,ASO,ES,Federal Contract Tower,0,8,41,0,49,0,1,113,0,114,0,9,154,0,163,240,0,240,403
09/08/2021,ISM,FL,ASO,ES,Federal Contract Tower,0,7,57,0,64,0,4,110,0,114,0,11,167,0,178,120,0,120,298
09/09/2021,ISM,FL,ASO,ES,Federal Contract Tower,0,6,25,0,31,0,6,89,0,95,0,12,114,0,126,174,0,174,300
09/10/2021,ISM,FL,ASO,ES,Federal Contract Tower,0,11,32,0,43,0,2,84,0,86,0,13,116,0,129,170,0,170,299
09/11/2021,ISM,FL,ASO,ES,Federal Contract Tower,0,5,20,0,25,0,2,91,0,93,0,7,111,0,118,156,0,156,274
09/12/2021,ISM,FL,ASO,ES,Federal Contract Tower,0,16,24,0,40,0,0,70,0,70,0,16,94,0,110,134,0,134,244
09/13/2021,ISM,FL,ASO,ES,Federal Contract Tower,0,7,22,0,29,0,2,93,0,95,0,9,115,0,124,100,0,100,224
09/14/2021,ISM,FL,ASO,ES,Federal Contract Tower,0,5,32,0,37,0,0,89,0,89,0,5,121,0,126,158,0,158,284
09/15/2021,ISM,FL,ASO,ES,Federal Contract Tower,0,2,56,0,58,0,2,95,0,97,0,4,151,0,155,176,0,176,331
09/16/2021,ISM,FL,ASO,ES,Federal Contract Tower,0,1,41,0,42,0,0,92,0,92,0,1,133,0,134,158,0,158,292
09/17/2021,ISM,FL,ASO,ES,Federal Contract Tower,0,2,76,0,78,0,0,50,0,50,0,2,126,0,128,88,0,88,216
09/18/2021,ISM,FL,ASO,ES,Federal Contract Tower,0,3,39,5,47,0,0,83,0,83,0,3,122,5,130,115,0,115,245
09/19/2021,ISM,FL,ASO,ES,Federal Contract Tower,0,7,47,0,54,0,0,75,0,75,0,7,122,0,129,198,0,198,327
09/20/2021,ISM,FL,ASO,ES,Federal Contract Tower,0,1,70,0,71,0,0,78,0,78,0,1,148,0,149,72,0,72,221
09/21/2021,ISM,FL,ASO,ES,Federal Contract Tower,0,8,68,0,76,0,4,113,0,117,0,12,181,0,193,160,0,160,353
09/22/2021,ISM,FL,ASO,ES,Federal Contract Tower,0,6,58,0,64,0,2,64,0,66,0,8,122,0,130,160,0,160,290
09/23/2021,ISM,FL,ASO,ES,Federal Contract Tower,0,11,75,0,86,0,2,106,0,108,0,13,181,0,194,228,0,228,422
09/24/2021,ISM,FL,ASO,ES,Federal Contract Tower,0,11,69,2,82,0,3,140,0,143,0,14,209,2,225,238,0,238,463
09/25/2021,ISM,FL,ASO,ES,Federal Contract Tower,0,4,20,0,24,0,1,135,0,136,0,5,155,0,160,262,0,262,422
09/26/2021,ISM,FL,ASO,ES,Federal Contract Tower,0,11,30,0,41,0,8,110,0,118,0,19,140,0,159,198,0,198,357
09/27/2021,ISM,FL,ASO,ES,Federal Contract Tower,0,15,39,0,54,0,5,107,0,112,0,20,146,0,166,136,0,136,302
09/28/2021,ISM,FL,ASO,ES,Federal Contract Tower,0,7,28,0,35,0,6,145,0,151,0,13,173,0,186,240,0,240,426
09/29/2021,ISM,FL,ASO,ES,Federal Contract Tower,0,12,50,0,62,0,1,105,0,106,0,13,155,0,168,278,0,278,446
09/30/2021,ISM,FL,ASO,ES,Federal Contract Tower,0,12,80,0,92,0,2,122,0,124,0,14,202,0,216,232,0,232,448
10/01/2021,ISM,FL,ASO,ES,Federal Contract Tower,0,7,54,0,61,0,8,111,0,119,0,15,165,0,180,218,0,218,398
10/02/2021,ISM,FL,ASO,ES,Federal Contract Tower,0,10,48,0,58,0,5,112,0,117,0,15,160,0,175,114,0,114,289
10/03/2021,ISM,FL,ASO,ES,Federal Contract Tower,0,4,59,0,63,0,4,97,0,101,0,8,156,0,164,118,0,118,282
10/04/2021,ISM,FL,ASO,ES,Federal Contract Tower,0,10,54,0,64,0,4,105,0,109,0,14,159,0,173,230,0,230,403
10/05/2021,ISM,FL,ASO,ES,Federal Contract Tower,0,6,52,0,58,0,4,150,0,154,0,10,202,0,212,290,0,290,502
10/06/2021,ISM,FL,ASO,ES,Federal Contract Tower,0,17,48,0,65,0,3,106,0,109,0,20,154,0,174,232,0,232,406
10/07/2021,ISM,FL,ASO,ES,Federal Contract Tower,0,14,61,0,75,0,2,111,0,113,0,16,172,0,188,212,0,212,400
10/08/2021,ISM,FL,ASO,ES,Federal Contract Tower,0,17,65,0,82,0,0,101,0,101,0,17,166,0,183,234,0,234,417
10/09/2021,ISM,FL,ASO,ES,Federal Contract Tower,0,18,57,0,75,0,2,87,0,89,0,20,144,0,164,86,0,86,250
10/10/2021,ISM,FL,ASO,ES,Federal Contract Tower,0,21,60,0,81,0,3,101,0,104,0,24,161,0,185,176,0,176,361
10/11/2021,ISM,FL,ASO,ES,Federal Contract Tower,0,20,75,0,95,0,2,94,0,96,0,22,169,0,191,148,0,148,339
10/12/2021,ISM,FL,ASO,ES,Federal Contract Tower,0,15,69,0,84,0,4,116,2,122,0,19,185,2,206,180,0,180,386
10/13/2021,ISM,FL,ASO,ES,Federal Contract Tower,0,9,61,0,70,0,0,130,0,130,0,9,191,0,200,150,0,150,350
10/14/2021,ISM,FL,ASO,ES,Federal Contract Tower,0,15,68,0,83,0,2,133,0,135,0,17,201,0,218,180,0,180,398
10/15/2021,ISM,FL,ASO,ES,Federal Contract Tower,0,19,65,0,84,0,6,100,0,106,0,25,165,0,190,156,0,156,346
10/16/2021,ISM,FL,ASO,ES,Federal Contract Tower,0,16,46,0,62,0,8,114,0,122,0,24,160,0,184,160,0,160,344
10/17/2021,ISM,FL,ASO,ES,Federal Contract Tower,0,11,60,0,71,0,10,132,0,142,0,21,192,0,213,214,0,214,427
10/18/2021,ISM,FL,ASO,ES,Federal Contract Tower,0,19,49,0,68,0,8,100,0,108,0,27,149,0,176,248,0,248,424
10/19/2021,ISM,FL,ASO,ES,Federal Contract Tower,0,11,42,0,53,0,4,104,0,108,0,15,146,0,161,112,0,112,273
10/20/2021,ISM,FL,ASO,ES,Federal Contract Tower,0,17,69,0,86,0,4,133,0,137,0,21,202,0,223,218,0,218,441
10/21/2021,ISM,FL,ASO,ES,Federal Contract Tower,0,9,60,0,69,0,0,0,0,0,0,9,60,0,69,134,0,134,203
10/22/2021,ISM,FL,ASO,ES,Federal Contract Tower,0,6,47,0,53,0,11,136,0,147,0,17,183,0,200,172,0,172,372
10/23/2021,ISM,FL,ASO,ES,Federal Contract Tower,0,13,34,0,47,0,4,106,0,110,0,17,140,0,157,122,0,122,279
10/24/2021,ISM,FL,ASO,ES,Federal Contract Tower,0,14,48,0,62,0,4,93,0,97,0,18,141,0,159,70,0,70,229
10/25/2021,ISM,FL,ASO,ES,Federal Contract Tower,0,5,46,0,51,0,0,42,0,42,0,5,88,0,93,44,0,44,137
10/26/2021,ISM,FL,ASO,ES,Federal Contract Tower,0,8,50,0,58,0,4,87,0,91,0,12,137,0,149,70,0,70,219
10/27/2021,ISM,FL,ASO,ES,Federal Contract Tower,0,9,67,4,80,0,7,142,0,149,0,16,209,4,229,150,0,150,379
10/28/2021,ISM,FL,ASO,ES,Federal Contract Tower,0,15,33,0,48,0,0,23,0,23,0,15,56,0,71,44,0,44,115
10/29/2021,ISM,FL,ASO,ES,Federal Contract Tower,0,11,55,0,66,0,5,84,0,89,0,16,139,0,155,92,0,92,247
10/30/2021,ISM,FL,ASO,ES,Federal Contract Tower,0,7,40,0,47,0,3,101,0,104,0,10,141,0,151,180,0,180,331
10/31/2021,ISM,FL,ASO,ES,Federal Contract Tower,0,10,51,2,63,0,6,125,0,131,0,16,176,2,194,118,0,118,312
11/01/2021,ISM,FL,ASO,ES,Federal Contract Tower,0,7,50,0,57,0,3,124,0,127,0,10,174,0,184,130,0,130,314
11/02/2021,ISM,FL,ASO,ES,Federal Contract Tower,0,19,48,0,67,0,5,114,0,119,0,24,162,0,186,306,0,306,492
11/03/2021,ISM,FL,ASO,ES,Federal Contract Tower,0,11,56,0,67,0,1,150,0,151,0,12,206,0,218,202,0,202,420
11/04/2021,ISM,FL,ASO,ES,Federal Contract Tower,0,7,73,0,80,0,0,124,0,124,0,7,197,0,204,170,0,170,374
11/05/2021,ISM,FL,ASO,ES,Federal Contract Tower,0,9,38,0,47,0,0,1,0,1,0,9,39,0,48,0,0,0,48
11/06/2021,ISM,FL,ASO,ES,Federal Contract Tower,0,14,38,0,52,0,3,48,0,51,0,17,86,0,103,14,0,14,117
11/07/2021,ISM,FL,ASO,ES,Federal Contract Tower,0,14,71,0,85,0,6,122,0,128,0,20,193,0,213,186,0,186,399
11/08/2021,ISM,FL,ASO,ES,Federal Contract Tower,0,10,53,0,63,0,6,129,0,135,0,16,182,0,198,176,0,176,374
11/09/2021,ISM,FL,ASO,ES,Federal Contract Tower,0,14,50,0,64,0,2,119,0,121,0,16,169,0,185,302,0,302,487
11/10/2021,ISM,FL,ASO,ES,Federal Contract Tower,0,21,76,0,97,0,1,62,0,63,0,22,138,0,160,98,0,98,258
11/11/2021,ISM,FL,ASO,ES,Federal Contract Tower,0,9,74,0,83,0,5,101,0,106,0,14,175,0,189,162,0,162,351
11/12/2021,ISM,FL,ASO,ES,Federal Contract Tower,0,8,59,0,67,0,1,96,0,97,0,9,155,0,164,142,0,142,306
11/13/2021,ISM,FL,ASO,ES,Federal Contract Tower,0,16,58,0,74,0,3,96,0,99,0,19,154,0,173,156,0,156,329
11/14/2021,ISM,FL,ASO,ES,Federal Contract Tower,0,19,50,0,69,0,8,104,0,112,0,27,154,0,181,130,0,130,311
11/15/2021,ISM,FL,ASO,ES,Federal Contract Tower,0,15,60,2,77,0,8,113,0,121,0,23,173,2,198,134,0,134,332
11/16/2021,ISM,FL,ASO,ES,Federal Contract Tower,0,10,61,0,71,0,4,117,0,121,0,14,178,0,192,206,0,206,398
11/17/2021,ISM,FL,ASO,ES,Federal Contract Tower,0,14,84,0,98,0,15,119,0,134,0,29,203,0,232,352,0,352,584
11/18/2021,ISM,FL,ASO,ES,Federal Contract Tower,0,11,84,2,97,0,4,58,0,62,0,15,142,2,159,240,0,240,399
11/19/2021,ISM,FL,ASO,ES,Federal Contract Tower,0,15,70,0,85,0,5,103,0,108,0,20,173,0,193,114,0,114,307
11/20/2021,ISM,FL,ASO,ES,Federal Contract Tower,0,33,53,0,86,0,2,25,0,27,0,35,78,0,113,28,0,28,141
11/21/2021,ISM,FL,ASO,ES,Federal Contract Tower,0,14,43,2,59,0,4,65,9,78,0,18,108,11,137,92,0,92,229
11/22/2021,ISM,FL,ASO,ES,Federal Contract Tower,0,11,64,0,75,0,7,68,0,75,0,18,132,0,150,30,0,30,180
11/23/2021,ISM,FL,ASO,ES,Federal Contract Tower,0,15,52,0,67,0,3,107,0,110,0,18,159,0,177,118,0,118,295
11/24/2021,ISM,FL,ASO,ES,Federal Contract Tower,0,15,83,0,98,0,9,160,0,169,0,24,243,0,267,98,0,98,365
11/25/2021,ISM,FL,ASO,ES,Federal Contract Tower,0,4,22,0,26,0,1,54,0,55,0,5,76,0,81,26,0,26,107
11/26/2021,ISM,FL,ASO,ES,Federal Contract Tower,0,14,67,0,81,0,6,81,0,87,0,20,148,0,168,30,2,32,200
11/27/2021,ISM,FL,ASO,ES,Federal Contract Tower,0,11,58,0,69,0,6,109,0,115,0,17,167,0,184,116,0,116,300
11/28/2021,ISM,FL,ASO,ES,Federal Contract Tower,0,26,65,0,91,0,5,103,0,108,0,31,168,0,199,28,0,28,227
11/29/2021,ISM,FL,ASO,ES,Federal Contract Tower,0,10,44,0,54,0,5,89,0,94,0,15,133,0,148,184,0,184,332
11/30/2021,ISM,FL,ASO,ES,Federal Contract Tower,0,8,41,2,51,0,5,110,0,115,0,13,151,2,166,192,0,192,358
12/01/2021,ISM,FL,ASO,ES,Federal Contract Tower,0,18,77,0,95,0,3,116,0,119,0,21,193,0,214,200,0,200,414
12/02/2021,ISM,FL,ASO,ES,Federal Contract Tower,0,18,63,6,87,0,8,96,0,104,0,26,159,6,191,220,0,220,411
12/03/2021,ISM,FL,ASO,ES,Federal Contract Tower,0,17,58,0,75,0,6,104,0,110,0,23,162,0,185,146,0,146,331
12/04/2021,ISM,FL,ASO,ES,Federal Contract Tower,0,19,44,0,63,0,3,80,0,83,0,22,124,0,146,160,0,160,306
12/05/2021,ISM,FL,ASO,ES,Federal Contract Tower,0,20,71,0,91,0,6,71,0,77,0,26,142,0,168,114,0,114,282
12/06/2021,ISM,FL,ASO,ES,Federal Contract Tower,0,18,68,0,86,0,4,84,0,88,0,22,152,0,174,158,0,158,332
12/07/2021,ISM,FL,ASO,ES,Federal Contract Tower,0,10,42,0,52,0,4,77,0,81,0,14,119,0,133,110,0,110,243
12/08/2021,ISM,FL,ASO,ES,Federal Contract Tower,0,16,63,0,79,0,4,84,0,88,0,20,147,0,167,150,0,150,317
12/09/2021,ISM,FL,ASO,ES,Federal Contract Tower,0,18,71,0,89,0,1,50,0,51,0,19,121,0,140,110,0,110,250
12/10/2021,ISM,FL,ASO,ES,Federal Contract Tower,0,32,95,0,127,0,7,60,0,67,0,39,155,0,194,94,0,94,288
12/11/2021,ISM,FL,ASO,ES,Federal Contract Tower,0,5,63,0,68,0,9,84,0,93,0,14,147,0,161,94,0,94,255
12/12/2021,ISM,FL,ASO,ES,Federal Contract Tower,0,16,72,0,88,0,2,81,0,83,0,18,153,0,171,98,0,98,269
12/13/2021,ISM,FL,ASO,ES,Federal Contract Tower,0,6,64,0,70,0,3,97,0,100,0,9,161,0,170,134,0,134,304
12/14/2021,ISM,FL,ASO,ES,Federal Contract Tower,0,9,55,0,64,0,2,82,0,84,0,11,137,0,148,152,0,152,300
12/15/2021,ISM,FL,ASO,ES,Federal Contract Tower,0,12,77,0,89,0,4,79,0,83,0,16,156,0,172,110,0,110,282
12/16/2021,ISM,FL,ASO,ES,Federal Contract Tower,0,19,87,0,106,0,1,119,0,120,0,20,206,0,226,252,0,252,478
12/17/2021,ISM,FL,ASO,ES,Federal Contract Tower,0,9,73,0,82,0,0,107,0,107,0,9,180,0,189,130,0,130,319
12/18/2021,ISM,FL,ASO,ES,Federal Contract Tower,0,11,38,0,49,0,6,104,0,110,0,17,142,0,159,170,0,170,329
12/19/2021,ISM,FL,ASO,ES,Federal Contract Tower,0,23,53,0,76,0,2,68,0,70,0,25,121,0,146,34,0,34,180
12/20/2021,ISM,FL,ASO,ES,Federal Contract Tower,0,14,68,0,82,0,2,53,0,55,0,16,121,0,137,64,0,64,201
12/21/2021,ISM,FL,ASO,ES,Federal Contract Tower,0,10,34,0,44,0,0,4,0,4,0,10,38,0,48,6,0,6,54
12/22/2021,ISM,FL,ASO,ES,Federal Contract Tower,0,17,59,0,76,0,5,60,0,65,0,22,119,0,141,88,0,88,229
12/23/2021,ISM,FL,ASO,ES,Federal Contract Tower,0,19,69,0,88,0,6,117,0,123,0,25,186,0,211,200,0,200,411
12/24/2021,ISM,FL,ASO,ES,Federal Contract Tower,0,10,37,0,47,0,8,73,0,81,0,18,110,0,128,76,0,76,204
12/25/2021,ISM,FL,ASO,ES,Federal Contract Tower,0,12,10,0,22,0,2,52,0,54,0,14,62,0,76,2,0,2,78
12/26/2021,ISM,FL,ASO,ES,Federal Contract Tower,0,27,49,0,76,0,6,92,0,98,0,33,141,0,174,40,0,40,214
12/27/2021,ISM,FL,ASO,ES,Federal Contract Tower,0,13,76,0,89,0,10,121,0,131,0,23,197,0,220,184,0,184,404
12/28/2021,ISM,FL,ASO,ES,Federal Contract Tower,0,24,64,0,88,0,4,100,0,104,0,28,164,0,192,102,0,102,294
12/29/2021,ISM,FL,ASO,ES,Federal Contract Tower,0,11,53,0,64,0,5,135,0,140,0,16,188,0,204,164,0,164,368
12/30/2021,ISM,FL,ASO,ES,Federal Contract Tower,0,22,47,0,69,0,6,107,0,113,0,28,154,0,182,96,0,96,278
12/31/2021,ISM,FL,ASO,ES,Federal Contract Tower,0,14,49,5,68,0,3,93,0,96,0,17,142,5,164,124,0,124,288
01/01/2022,ISM,FL,ASO,ES,Federal Contract Tower,0,11,42,0,53,0,7,77,0,84,0,18,119,0,137,52,0,52,189
01/02/2022,ISM,FL,ASO,ES,Federal Contract Tower,0,28,61,0,89,0,12,63,0,75,0,40,124,0,164,72,0,72,236
01/03/2022,ISM,FL,ASO,ES,Federal Contract Tower,0,13,70,0,83,0,10,94,0,104,0,23,164,0,187,90,0,90,277
01/04/2022,ISM,FL,ASO,ES,Federal Contract Tower,0,15,47,0,62,0,6,104,0,110,0,21,151,0,172,138,0,138,310
01/05/2022,ISM,FL,ASO,ES,Federal Contract Tower,0,11,62,0,73,0,8,112,0,120,0,19,174,0,193,149,0,149,342
01/06/2022,ISM,FL,ASO,ES,Federal Contract Tower,0,14,55,0,69,0,9,122,0,131,0,23,177,0,200,182,0,182,382
01/07/2022,ISM,FL,ASO,ES,Federal Contract Tower,0,14,60,0,74,0,8,122,0,130,0,22,182,0,204,180,0,180,384
01/08/2022,ISM,FL,ASO,ES,Federal Contract Tower,0,18,46,0,64,0,2,100,0,102,0,20,146,0,166,116,0,116,282
01/09/2022,ISM,FL,ASO,ES,Federal Contract Tower,0,19,52,0,71,0,4,108,0,112,0,23,160,0,183,92,0,92,275
01/10/2022,ISM,FL,ASO,ES,Federal Contract Tower,0,15,50,0,65,0,2,78,0,80,0,17,128,0,145,154,0,154,299
01/11/2022,ISM,FL,ASO,ES,Federal Contract Tower,0,19,57,0,76,0,4,128,0,132,0,23,185,0,208,128,0,128,336
01/12/2022,ISM,FL,ASO,ES,Federal Contract Tower,0,9,67,0,76,0,6,134,0,140,0,15,201,0,216,164,0,164,380
01/13/2022,ISM,FL,ASO,ES,Federal Contract Tower,0,8,85,0,93,0,3,109,0,112,0,11,194,0,205,146,0,146,351
01/14/2022,ISM,FL,ASO,ES,Federal Contract Tower,0,19,73,2,94,0,3,113,2,118,0,22,186,4,212,174,0,174,386
01/15/2022,ISM,FL,ASO,ES,Federal Contract Tower,0,23,89,0,112,0,8,143,0,151,0,31,232,0,263,128,0,128,391
01/16/2022,ISM,FL,ASO,ES,Federal Contract Tower,0,15,39,0,54,0,1,26,0,27,0,16,65,0,81,0,0,0,81
01/17/2022,ISM,FL,ASO,ES,Federal Contract Tower,0,21,86,0,107,0,8,82,0,90,0,29,168,0,197,68,0,68,265
01/18/2022,ISM,FL,ASO,ES,Federal Contract Tower,0,25,64,0,89,0,3,147,0,150,0,28,211,0,239,154,0,154,393
01/19/2022,ISM,FL,ASO,ES,Federal Contract Tower,0,20,82,0,102,0,4,145,0,149,0,24,227,0,251,220,0,220,471
01/20/2022,ISM,FL,ASO,ES,Federal Contract Tower,0,20,105,0,125,0,2,176,0,178,0,22,281,0,303,190,0,190,493
01/21/2022,ISM,FL,ASO,ES,Federal Contract Tower,0,5,61,0,66,0,6,105,0,111,0,11,166,0,177,312,0,312,489
01/22/2022,ISM,FL,ASO,ES,Federal Contract Tower,0,15,28,0,43,0,0,0,0,0,0,15,28,0,43,0,0,0,43
01/23/2022,ISM,FL,ASO,ES,Federal Contract Tower,0,10,76,0,86,0,4,49,0,53,0,14,125,0,139,72,0,72,211
01/24/2022,ISM,FL,ASO,ES,Federal Contract Tower,0,7,64,0,71,0,3,135,0,138,0,10,199,0,209,294,0,294,503
01/25/2022,ISM,FL,ASO,ES,Federal Contract Tower,0,4,36,0,40,0,1,27,0,28,0,5,63,0,68,122,0,122,190
01/26/2022,ISM,FL,ASO,ES,Federal Contract Tower,0,14,33,0,47,0,0,0,0,0,0,14,33,0,47,0,0,0,47
01/27/2022,ISM,FL,ASO,ES,Federal Contract Tower,0,12,71,0,83,0,2,49,0,51,0,14,120,0,134,70,0,70,204
01/28/2022,ISM,FL,ASO,ES,Federal Contract Tower,0,20,57,0,77,0,5,60,0,65,0,25,117,0,142,148,0,148,290
01/29/2022,ISM,FL,ASO,ES,Federal Contract Tower,0,7,38,0,45,0,4,125,0,129,0,11,163,0,174,36,0,36,210
01/30/2022,ISM,FL,ASO,ES,Federal Contract Tower,0,20,86,0,106,0,8,171,0,179,0,28,257,0,285,210,0,210,495
01/31/2022,ISM,FL,ASO,ES,Federal Contract Tower,0,7,64,0,71,0,3,111,0,114,0,10,175,0,185,268,0,268,453
02/01/2022,ISM,FL,ASO,ES,Federal Contract Tower,0,10,59,0,69,0,6,147,0,153,0,16,206,0,222,284,0,284,506
02/02/2022,ISM,FL,ASO,ES,Federal Contract Tower,0,6,93,0,99,0,0,155,0,155,0,6,248,0,254,258,0,258,512
02/03/2022,ISM,FL,ASO,ES,Federal Contract Tower,0,14,76,0,90,0,3,129,0,132,0,17,205,0,222,356,0,356,578
02/04/2022,ISM,FL,ASO,ES,Federal Contract Tower,0,9,93,10,112,0,8,130,0,138,0,17,223,10,250,260,0,260,510
02/05/2022,ISM,FL,ASO,ES,Federal Contract Tower,0,14,59,0,73,0,0,50,0,50,0,14,109,0,123,90,0,90,213
02/06/2022,ISM,FL,ASO,ES,Federal Contract Tower,0,21,80,0,101,0,1,18,0,19,0,22,98,0,120,64,0,64,184
02/07/2022,ISM,FL,ASO,ES,Federal Contract Tower,0,18,69,0,87,0,2,78,0,80,0,20,147,0,167,148,0,148,315
02/08/2022,ISM,FL,ASO,ES,Federal Contract Tower,0,24,73,0,97,0,0,28,0,28,0,24,101,0,125,52,0,52,177
02/09/2022,ISM,FL,ASO,ES,Federal Contract Tower,0,20,81,0,101,0,3,142,0,145,0,23,223,0,246,228,0,228,474
02/10/2022,ISM,FL,ASO,ES,Federal Contract Tower,0,25,129,0,154,0,4,196,0,200,0,29,325,0,354,162,0,162,516
02/11/2022,ISM,FL,ASO,ES,Federal Contract Tower,0,17,89,0,106,0,4,161,0,165,0,21,250,0,271,270,0,270,541
02/12/2022,ISM,FL,ASO,ES,Federal Contract Tower,0,12,91,0,103,0,6,150,0,156,0,18,241,0,259,156,0,156,415
02/13/2022,ISM,FL,ASO,ES,Federal Contract Tower,0,22,70,0,92,0,2,76,0,78,0,24,146,0,170,58,0,58,228
02/14/2022,ISM,FL,ASO,ES,Federal Contract Tower,0,13,97,0,110,0,6,160,0,166,0,19,257,0,276,222,0,222,498
02/15/2022,ISM,FL,ASO,ES,Federal Contract Tower,0,16,61,0,77,0,5,131,0,136,0,21,192,0,213,136,0,136,349
02/16/2022,ISM,FL,ASO,ES,Federal Contract Tower,0,13,78,0,91,0,3,139,0,142,0,16,217,0,233,170,0,170,403
02/17/2022,ISM,FL,ASO,ES,Federal Contract Tower,0,28,96,0,124,0,2,128,0,130,0,30,224,0,254,290,0,290,544
02/18/2022,ISM,FL,ASO,ES,Federal Contract Tower,0,23,114,2,139,0,6,108,0,114,0,29,222,2,253,230,0,230,483
02/19/2022,ISM,FL,ASO,ES,Federal Contract Tower,0,12,69,0,81,0,2,109,0,111,0,14,178,0,192,130,0,130,322
02/20/2022,ISM,FL,ASO,ES,Federal Contract Tower,0,24,76,0,100,0,3,127,0,130,0,27,203,0,230,162,0,162,392
02/21/2022,ISM,FL,ASO,ES,Federal Contract Tower,0,31,73,0,104,0,3,168,0,171,0,34,241,0,275,332,0,332,607
02/22/2022,ISM,FL,ASO,ES,Federal Contract Tower,0,23,73,0,96,0,3,192,0,195,0,26,265,0,291,230,0,230,521
02/23/2022,ISM,FL,ASO,ES,Federal Contract Tower,0,19,86,0,105,0,3,154,0,157,0,22,240,0,262,162,0,162,424
02/24/2022,ISM,FL,ASO,ES,Federal Contract Tower,0,19,123,0,142,0,3,172,0,175,0,22,295,0,317,244,0,244,561
02/25/2022,ISM,FL,ASO,ES,Federal Contract Tower,0,18,79,0,97,0,2,149,0,151,0,20,228,0,248,254,0,254,502
02/26/2022,ISM,FL,ASO,ES,Federal Contract Tower,0,26,68,0,94,0,5,167,0,172,0,31,235,0,266,248,0,248,514
02/27/2022,ISM,FL,ASO,ES,Federal Contract Tower,0,21,76,0,97,0,8,121,0,129,0,29,197,0,226,192,0,192,418
02/28/2022,ISM,FL,ASO,ES,Federal Contract Tower,0,22,86,0,108,0,2,83,0,85,0,24,169,0,193,146,0,146,339
03/01/2022,ISM,FL,ASO,ES,Federal Contract Tower,0,13,65,0,78,0,4,113,0,117,0,17,178,0,195,256,0,256,451
03/02/2022,ISM,FL,ASO,ES,Federal Contract Tower,0,6,69,0,75,0,3,150,0,153,0,9,219,0,228,346,0,346,574
03/03/2022,ISM,FL,ASO,ES,Federal Contract Tower,0,20,88,0,108,0,6,173,0,179,0,26,261,0,287,330,0,330,617
03/04/2022,ISM,FL,ASO,ES,Federal Contract Tower,0,11,79,0,90,0,13,170,0,183,0,24,249,0,273,368,0,368,641
03/05/2022,ISM,FL,ASO,ES,Federal Contract Tower,0,12,75,0,87,0,6,114,0,120,0,18,189,0,207,172,0,172,379
03/06/2022,ISM,FL,ASO,ES,Federal Contract Tower,0,12,97,0,109,0,4,151,0,155,0,16,248,0,264,156,0,156,420
03/07/2022,ISM,FL,ASO,ES,Federal Contract Tower,0,25,54,0,79,0,0,74,0,74,0,25,128,0,153,264,0,264,417
03/08/2022,ISM,FL,ASO,ES,Federal Contract Tower,0,13,74,0,87,0,2,69,0,71,0,15,143,0,158,136,0,136,294
03/09/2022,ISM,FL,ASO,ES,Federal Contract Tower,0,17,73,0,90,0,1,55,0,56,0,18,128,0,146,84,0,84,230
03/10/2022,ISM,FL,ASO,ES,Federal Contract Tower,0,7,81,0,88,0,0,32,0,32,0,7,113,0,120,218,0,218,338
03/11/2022,ISM,FL,ASO,ES,Federal Contract Tower,0,4,80,0,84,0,7,118,0,125,0,11,198,0,209,184,0,184,393
03/12/2022,ISM,FL,ASO,ES,Federal Contract Tower,0,17,44,0,61,0,2,23,0,25,0,19,67,0,86,2,0,2,88
03/13/2022,ISM,FL,ASO,ES,Federal Contract Tower,0,22,92,0,114,0,4,132,0,136,0,26,224,0,250,102,0,102,352
03/14/2022,ISM,FL,ASO,ES,Federal Contract Tower,0,12,83,0,95,0,1,149,0,150,0,13,232,0,245,220,0,220,465
03/15/2022,ISM,FL,ASO,ES,Federal Contract Tower,0,19,58,0,77,0,6,150,0,156,0,25,208,0,233,230,0,230,463
03/16/2022,ISM,FL,ASO,ES,Federal Contract Tower,0,16,45,0,61,0,2,107,0,109,0,18,152,0,170,138,0,138,308
03/17/2022,ISM,FL,ASO,ES,Federal Contract Tower,0,3,95,0,98,0,1,125,0,126,0,4,220,0,224,208,0,208,432
03/18/2022,ISM,FL,ASO,ES,Federal Contract Tower,0,6,83,0,89,0,4,156,0,160,0,10,239,0,249,136,0,136,385
03/19/2022,ISM,FL,ASO,ES,Federal Contract Tower,0,21,87,0,108,0,6,123,0,129,0,27,210,0,237,180,0,180,417
03/20/2022,ISM,FL,ASO,ES,Federal Contract Tower,0,16,55,0,71,0,4,127,0,131,0,20,182,0,202,166,0,166,368
03/21/2022,ISM,FL,ASO,ES,Federal Contract Tower,0,9,55,0,64,0,3,153,0,156,0,12,208,0,220,200,0,200,420
03/22/2022,ISM,FL,ASO,ES,Federal Contract Tower,0,18,87,0,105,0,6,161,0,167,0,24,248,0,272,334,0,334,606
03/23/2022,ISM,FL,ASO,ES,Federal Contract Tower,0,9,34,0,43,0,4,102,0,106,0,13,136,0,149,140,0,140,289
03/24/2022,ISM,FL,ASO,ES,Federal Contract Tower,0,18,48,0,66,0,0,31,0,31,0,18,79,0,97,22,0,22,119
03/25/2022,ISM,FL,ASO,ES,Federal Contract Tower,0,25,75,0,100,0,8,138,0,146,0,33,213,0,246,230,0,230,476
03/26/2022,ISM,FL,ASO,ES,Federal Contract Tower,0,23,57,0,80,0,15,144,0,159,0,38,201,0,239,150,0,150,389
03/27/2022,ISM,FL,ASO,ES,Federal Contract Tower,0,17,42,0,59,0,4,142,0,146,0,21,184,0,205,124,0,124,329
03/28/2022,ISM,FL,ASO,ES,Federal Contract Tower,0,11,68,0,79,0,10,134,0,144,0,21,202,0,223,176,0,176,399
03/29/2022,ISM,FL,ASO,ES,Federal Contract Tower,0,11,59,0,70,0,4,133,0,137,0,15,192,0,207,180,0,180,387
03/30/2022,ISM,FL,ASO,ES,Federal Contract Tower,0,19,80,0,99,0,0,97,0,97,0,19,177,0,196,204,0,204,400
03/31/2022,ISM,FL,ASO,ES,Federal Contract Tower,0,14,68,0,82,0,3,65,0,68,0,17,133,0,150,160,0,160,310
04/01/2022,ISM,FL,ASO,ES,Federal Contract Tower,0,24,93,0,117,0,0,73,0,73,0,24,166,0,190,108,0,108,298
04/02/2022,ISM,FL,ASO,ES,Federal Contract Tower,0,11,63,0,74,0,0,18,0,18,0,11,81,0,92,44,0,44,136
04/03/2022,ISM,FL,ASO,ES,Federal Contract Tower,0,18,87,0,105,0,2,82,0,84,0,20,169,0,189,58,0,58,247
04/04/2022,ISM,FL,ASO,ES,Federal Contract Tower,0,16,83,0,99,0,5,119,0,124,0,21,202,0,223,218,0,218,441
04/05/2022,ISM,FL,ASO,ES,Federal Contract Tower,0,10,86,0,96,0,4,76,0,80,0,14,162,0,176,52,0,52,228
04/06/2022,ISM,FL,ASO,ES,Federal Contract Tower,0,17,96,0,113,0,6,75,0,81,0,23,171,0,194,86,0,86,280
04/07/2022,ISM,FL,ASO,ES,Federal Contract Tower,0,13,64,0,77,0,2,21,0,23,0,15,85,0,100,50,0,50,150
04/08/2022,ISM,FL,ASO,ES,Federal Contract Tower,0,25,85,0,110,0,5,110,0,115,0,30,195,0,225,128,0,128,353
04/09/2022,ISM,FL,ASO,ES,Federal Contract Tower,0,26,73,0,99,0,4,95,0,99,0,30,168,0,198,88,0,88,286
04/10/2022,ISM,FL,ASO,ES,Federal Contract Tower,0,29,106,0,135,0,0,155,0,155,0,29,261,0,290,160,0,160,450
04/11/2022,ISM,FL,ASO,ES,Federal Contract Tower,0,15,76,5,96,0,5,138,0,143,0,20,214,5,239,202,0,202,441
04/12/2022,ISM,FL,ASO,ES,Federal Contract Tower,0,10,57,0,67,0,6,157,0,163,0,16,214,0,230,202,0,202,432
04/13/2022,ISM,FL,ASO,ES,Federal Contract Tower,0,13,69,0,82,0,6,162,0,168,0,19,231,0,250,248,0,248,498
04/14/2022,ISM,FL,ASO,ES,Federal Contract Tower,0,30,82,0,112,0,5,134,0,139,0,35,216,0,251,189,0,189,440
04/15/2022,ISM,FL,ASO,ES,Federal Contract Tower,0,14,52,0,66,0,1,116,0,117,0,15,168,0,183,114,0,114,297
04/16/2022,ISM,FL,ASO,ES,Federal Contract Tower,0,12,48,0,60,0,5,123,0,128,0,17,171,0,188,166,0,166,354
04/17/2022,ISM,FL,ASO,ES,Federal Contract Tower,0,11,40,0,51,0,4,83,0,87,0,15,123,0,138,88,0,88,226
04/18/2022,ISM,FL,ASO,ES,Federal Contract Tower,0,22,63,0,85,0,2,121,0,123,0,24,184,0,208,204,0,204,412
04/19/2022,ISM,FL,ASO,ES,Federal Contract Tower,0,14,67,1,82,0,4,116,0,120,0,18,183,1,202,110,0,110,312
04/20/2022,ISM,FL,ASO,ES,Federal Contract Tower,0,12,76,0,88,0,6,153,0,159,0,18,229,0,247,74,0,74,321
04/21/2022,ISM,FL,ASO,ES,Federal Contract Tower,0,16,67,0,83,0,3,132,0,135,0,19,199,0,218,86,0,86,304
04/22/2022,ISM,FL,ASO,ES,Federal Contract Tower,0,18,89,0,107,0,4,89,0,93,0,22,178,0,200,116,0,116,316
04/23/2022,ISM,FL,ASO,ES,Federal Contract Tower,0,22,39,0,61,0,6,134,0,140,0,28,173,0,201,148,0,148,349
04/24/2022,ISM,FL,ASO,ES,Federal Contract Tower,0,27,59,0,86,0,4,139,0,143,0,31,198,0,229,132,0,132,361
04/25/2022,ISM,FL,ASO,ES,Federal Contract Tower,0,12,54,0,66,0,6,134,0,140,0,18,188,0,206,176,0,176,382
04/26/2022,ISM,FL,ASO,ES,Federal Contract Tower,0,13,79,0,92,0,6,136,0,142,0,19,215,0,234,238,0,238,472
04/27/2022,ISM,FL,ASO,ES,Federal Contract Tower,0,18,64,0,82,0,12,141,0,153,0,30,205,0,235,162,0,162,397
04/28/2022,ISM,FL,ASO,ES,Federal Contract Tower,0,15,95,0,110,0,3,86,0,89,0,18,181,0,199,168,0,168,367
04/29/2022,ISM,FL,ASO,ES,Federal Contract Tower,0,5,72,0,77,0,2,103,0,105,0,7,175,0,182,120,0,120,302
04/30/2022,ISM,FL,ASO,ES,Federal Contract Tower,0,11,44,0,55,0,4,103,0,107,0,15,147,0,162,126,0,126,288
05/01/2022,ISM,FL,ASO,ES,Federal Contract Tower,0,15,73,0,88,0,3,90,0,93,0,18,163,0,181,24,0,24,205
05/02/2022,ISM,FL,ASO,ES,Federal Contract Tower,0,11,53,0,64,0,4,101,0,105,0,15,154,0,169,166,0,166,335
05/03/2022,ISM,FL,ASO,ES,Federal Contract Tower,0,4,63,0,67,0,4,94,0,98,0,8,157,0,165,192,0,192,357
05/04/2022,ISM,FL,ASO,ES,Federal Contract Tower,0,5,62,0,67,0,7,155,0,162,0,12,217,0,229,234,0,234,463
05/05/2022,ISM,FL,ASO,ES,Federal Contract Tower,0,11,62,0,73,0,11,96,0,107,0,22,158,0,180,214,0,214,394
05/06/2022,ISM,FL,ASO,ES,Federal Contract Tower,0,18,52,0,70,0,3,116,0,119,0,21,168,0,189,60,0,60,249
05/07/2022,ISM,FL,ASO,ES,Federal Contract Tower,0,16,26,0,42,0,12,82,0,94,0,28,108,0,136,106,0,106,242
05/08/2022,ISM,FL,ASO,ES,Federal Contract Tower,0,22,46,0,68,0,2,110,0,112,0,24,156,0,180,26,0,26,206
05/09/2022,ISM,FL,ASO,ES,Federal Contract Tower,0,10,51,1,62,0,3,95,0,98,0,13,146,1,160,132,0,132,292
05/10/2022,ISM,FL,ASO,ES,Federal Contract Tower,0,11,28,1,40,0,4,124,2,130,0,15,152,3,170,160,0,160,330
05/11/2022,ISM,FL,ASO,ES,Federal Contract Tower,0,6,50,1,57,0,6,100,2,108,0,12,150,3,165,176,0,176,341
05/12/2022,ISM,FL,ASO,ES,Federal Contract Tower,0,11,50,0,61,0,8,88,0,96,0,19,138,0,157,150,0,150,307
05/13/2022,ISM,FL,ASO,ES,Federal Contract Tower,0,10,47,0,57,0,8,90,0,98,0,18,137,0,155,110,0,110,265
05/14/2022,ISM,FL,ASO,ES,Federal Contract Tower,0,6,49,0,55,0,4,145,0,149,0,10,194,0,204,122,0,122,326
05/15/2022,ISM,FL,ASO,ES,Federal Contract Tower,0,9,61,0,70,0,4,53,0,57,0,13,114,0,127,98,0,98,225
05/16/2022,ISM,FL,ASO,ES,Federal Contract Tower,0,11,49,0,60,0,6,108,0,114,0,17,157,0,174,154,0,154,328
05/17/2022,ISM,FL,ASO,ES,Federal Contract Tower,0,13,57,0,70,0,2,134,0,136,0,15,191,0,206,138,0,138,344
05/18/2022,ISM,FL,ASO,ES,Federal Contract Tower,0,26,75,0,101,0,8,138,0,146,0,34,213,0,247,277,0,277,524
05/19/2022,ISM,FL,ASO,ES,Federal Contract Tower,0,12,56,2,70,0,3,140,0,143,0,15,196,2,213,202,0,202,415
05/20/2022,ISM,FL,ASO,ES,Federal Contract Tower,0,10,35,0,45,0,4,44,0,48,0,14,79,0,93,34,0,34,127
05/21/2022,ISM,FL,ASO,ES,Federal Contract Tower,0,8,33,0,41,0,4,53,0,57,0,12,86,0,98,160,0,160,258
05/22/2022,ISM,FL,ASO,ES,Federal Contract Tower,0,15,97,0,112,0,3,86,0,89,0,18,183,0,201,164,0,164,365
05/23/2022,ISM,FL,ASO,ES,Federal Contract Tower,0,17,53,0,70,0,10,121,0,131,0,27,174,0,201,182,0,182,383
05/24/2022,ISM,FL,ASO,ES,Federal Contract Tower,0,4,33,0,37,0,3,114,0,117,0,7,147,0,154,0,176,176,330
05/25/2022,ISM,FL,ASO,ES,Federal Contract Tower,0,5,55,0,60,0,5,126,0,131,0,10,181,0,191,176,0,176,367
05/26/2022,ISM,FL,ASO,ES,Federal Contract Tower,0,6,47,0,53,0,5,149,0,154,0,11,196,0,207,234,0,234,441
05/27/2022,ISM,FL,ASO,ES,Federal Contract Tower,0,16,59,0,75,0,6,88,0,94,0,22,147,0,169,92,0,92,261
05/28/2022,ISM,FL,ASO,ES,Federal Contract Tower,0,16,38,0,54,0,1,77,0,78,0,17,115,0,132,84,0,84,216
05/29/2022,ISM,FL,ASO,ES,Federal Contract Tower,0,9,28,0,37,0,4,102,0,106,0,13,130,0,143,138,0,138,281
05/30/2022,ISM,FL,ASO,ES,Federal Contract Tower,0,13,46,0,59,0,2,124,0,126,0,15,170,0,185,218,0,218,403
05/31/2022,ISM,FL,ASO,ES,Federal Contract Tower,0,7,67,0,74,0,2,94,0,96,0,9,161,0,170,166,0,166,336
06/01/2022,ISM,FL,ASO,ES,Federal Contract Tower,0,12,33,3,48,0,2,113,0,115,0,14,146,3,163,124,0,124,287
06/02/2022,ISM,FL,ASO,ES,Federal Contract Tower,0,6,66,0,72,0,10,114,0,124,0,16,180,0,196,282,0,282,478
06/03/2022,ISM,FL,ASO,ES,Federal Contract Tower,0,9,43,0,52,0,2,88,0,90,0,11,131,0,142,200,0,200,342
06/04/2022,ISM,FL,ASO,ES,Federal Contract Tower,0,8,20,0,28,0,2,32,0,34,0,10,52,0,62,0,0,0,62
06/05/2022,ISM,FL,ASO,ES,Federal Contract Tower,0,9,52,1,62,0,1,118,1,120,0,10,170,2,182,204,0,204,386
06/06/2022,ISM,FL,ASO,ES,Federal Contract Tower,0,4,73,0,77,0,2,48,0,50,0,6,121,0,127,128,0,128,255
06/07/2022,ISM,FL,ASO,ES,Federal Contract Tower,0,6,66,2,74,0,1,149,1,151,0,7,215,3,225,184,0,184,409
06/08/2022,ISM,FL,ASO,ES,Federal Contract Tower,0,4,53,0,57,0,2,106,0,108,0,6,159,0,165,220,0,220,385
06/09/2022,ISM,FL,ASO,ES,Federal Contract Tower,0,12,61,0,73,0,0,94,0,94,0,12,155,0,167,230,0,230,397
06/10/2022,ISM,FL,ASO,ES,Federal Contract Tower,0,15,60,0,75,0,2,83,0,85,0,17,143,0,160,154,0,154,314
06/11/2022,ISM,FL,ASO,ES,Federal Contract Tower,0,12,26,0,38,0,2,90,0,92,0,14,116,0,130,80,0,80,210
06/12/2022,ISM,FL,ASO,ES,Federal Contract Tower,0,17,46,0,63,0,2,105,0,107,0,19,151,0,170,54,0,54,224
06/13/2022,ISM,FL,ASO,ES,Federal Contract Tower,0,5,61,0,66,0,4,112,0,116,0,9,173,0,182,152,0,152,334
06/14/2022,ISM,FL,ASO,ES,Federal Contract Tower,0,7,59,0,66,0,6,105,0,111,0,13,164,0,177,162,0,162,339
06/15/2022,ISM,FL,ASO,ES,Federal Contract Tower,0,12,48,0,60,0,6,83,0,89,0,18,131,0,149,214,0,214,363
06/16/2022,ISM,FL,ASO,ES,Federal Contract Tower,0,3,59,0,62,0,15,99,0,114,0,18,158,0,176,150,0,150,326
06/17/2022,ISM,FL,ASO,ES,Federal Contract Tower,0,6,83,0,89,0,6,114,0,120,0,12,197,0,209,132,0,132,341
06/18/2022,ISM,FL,ASO,ES,Federal Contract Tower,0,9,54,0,63,0,2,101,0,103,0,11,155,0,166,62,0,62,228
06/19/2022,ISM,FL,ASO,ES,Federal Contract Tower,0,10,47,0,57,0,0,72,0,72,0,10,119,0,129,80,0,80,209
06/20/2022,ISM,FL,ASO,ES,Federal Contract Tower,0,13,56,0,69,0,2,69,0,71,0,15,125,0,140,82,0,82,222
06/21/2022,ISM,FL,ASO,ES,Federal Contract Tower,0,6,39,0,45,0,6,110,2,118,0,12,149,2,163,178,0,178,341
06/22/2022,ISM,FL,ASO,ES,Federal Contract Tower,0,1,43,0,44,0,5,93,2,100,0,6,136,2,144,241,0,241,385
06/23/2022,ISM,FL,ASO,ES,Federal Contract Tower,1,15,37,1,54,0,2,96,0,98,1,17,133,1,152,118,0,118,270
06/24/2022,ISM,FL,ASO,ES,Federal Contract Tower,0,6,37,0,43,0,2,75,1,78,0,8,112,1,121,68,0,68,189
06/25/2022,ISM,FL,ASO,ES,Federal Contract Tower,0,8,21,0,29,0,0,63,0,63,0,8,84,0,92,88,0,88,180
06/26/2022,ISM,FL,ASO,ES,Federal Contract Tower,0,6,46,0,52,0,4,77,0,81,0,10,123,0,133,112,0,112,245
06/27/2022,ISM,FL,ASO,ES,Federal Contract Tower,0,15,37,0,52,0,2,83,0,85,0,17,120,0,137,94,0,94,231
06/28/2022,ISM,FL,ASO,ES,Federal Contract Tower,0,9,66,0,75,0,4,106,0,110,0,13,172,0,185,174,0,174,359
06/29/2022,ISM,FL,ASO,ES,Federal Contract Tower,0,12,31,0,43,0,0,123,0,123,0,12,154,0,166,172,0,172,338
06/30/2022,ISM,FL,ASO,ES,Federal Contract Tower,0,23,53,0,76,0,5,95,0,100,0,28,148,0,176,144,0,144,320
07/01/2022,ISM,FL,ASO,ES,Federal Contract Tower,0,10,39,0,49,0,5,98,0,103,0,15,137,0,152,128,0,128,280
07/02/2022,ISM,FL,ASO,ES,Federal Contract Tower,0,10,34,0,44,0,2,74,0,76,0,12,108,0,120,208,0,208,328
07/03/2022,ISM,FL,ASO,ES,Federal Contract Tower,0,2,21,0,23,0,4,70,0,74,0,6,91,0,97,80,0,80,177
07/04/2022,ISM,FL,ASO,ES,Federal Contract Tower,0,2,23,0,25,0,5,86,0,91,0,7,109,0,116,104,0,104,220
07/05/2022,ISM,FL,ASO,ES,Federal Contract Tower,0,14,34,0,48,0,2,135,0,137,0,16,169,0,185,92,0,92,277
07/06/2022,ISM,FL,ASO,ES,Federal Contract Tower,0,7,39,0,46,0,6,125,0,131,0,13,164,0,177,142,0,142,319
07/07/2022,ISM,FL,ASO,ES,Federal Contract Tower,0,1,60,0,61,0,3,100,0,103,0,4,160,0,164,164,0,164,328
07/08/2022,ISM,FL,ASO,ES,Federal Contract Tower,0,2,36,0,38,0,2,111,0,113,0,4,147,0,151,214,0,214,365
07/09/2022,ISM,FL,ASO,ES,Federal Contract Tower,0,10,29,0,39,0,0,105,0,105,0,10,134,0,144,176,0,176,320
07/10/2022,ISM,FL,ASO,ES,Federal Contract Tower,0,4,43,0,47,0,4,66,0,70,0,8,109,0,117,104,0,104,221
07/11/2022,ISM,FL,ASO,ES,Federal Contract Tower,0,2,48,2,52,0,1,83,0,84,0,3,131,2,136,154,0,154,290
07/12/2022,ISM,FL,ASO,ES,Federal Contract Tower,0,2,32,0,34,0,5,121,0,126,0,7,153,0,160,310,0,310,470
07/13/2022,ISM,FL,ASO,ES,Federal Contract Tower,0,7,34,0,41,0,2,152,0,154,0,9,186,0,195,282,0,282,477
07/14/2022,ISM,FL,ASO,ES,Federal Contract Tower,0,3,49,0,52,0,3,114,0,117,0,6,163,0,169,148,0,148,317
07/15/2022,ISM,FL,ASO,ES,Federal Contract Tower,0,7,42,0,49,0,2,163,0,165,0,9,205,0,214,154,0,154,368
07/16/2022,ISM,FL,ASO,ES,Federal Contract Tower,0,3,24,0,27,0,0,150,0,150,0,3,174,0,177,90,0,90,267
07/17/2022,ISM,FL,ASO,ES,Federal Contract Tower,0,5,30,0,35,0,0,83,0,83,0,5,113,0,118,160,0,160,278
07/18/2022,ISM,FL,ASO,ES,Federal Contract Tower,0,7,42,0,49,0,3,92,0,95,0,10,134,0,144,144,0,144,288
07/19/2022,ISM,FL,ASO,ES,Federal Contract Tower,0,3,37,0,40,0,6,94,0,100,0,9,131,0,140,232,0,232,372
07/20/2022,ISM,FL,ASO,ES,Federal Contract Tower,0,1,53,0,54,0,0,93,0,93,0,1,146,0,147,130,0,130,277
07/21/2022,ISM,FL,ASO,ES,Federal Contract Tower,0,16,44,0,60,0,0,124,0,124,0,16,168,0,184,170,0,170,354
07/22/2022,ISM,FL,ASO,ES,Federal Contract Tower,0,10,48,0,58,0,8,106,0,114,0,18,154,0,172,114,0,114,286
07/23/2022,ISM,FL,ASO,ES,Federal Contract Tower,0,8,34,0,42,0,0,114,0,114,0,8,148,0,156,158,0,158,314
07/24/2022,ISM,FL,ASO,ES,Federal Contract Tower,0,1,37,0,38,0,4,103,0,107,0,5,140,0,145,98,0,98,243
07/25/2022,ISM,FL,ASO,ES,Federal Contract Tower,0,2,34,0,36,0,3,97,0,100,0,5,131,0,136,156,0,156,292
07/26/2022,ISM,FL,ASO,ES,Federal Contract Tower,0,10,29,0,39,0,8,87,0,95,0,18,116,0,134,152,0,152,286
07/27/2022,ISM,FL,ASO,ES,Federal Contract Tower,0,3,32,0,35,0,1,137,0,138,0,4,169,0,173,204,0,204,377
07/28/2022,ISM,FL,ASO,ES,Federal Contract Tower,0,9,55,0,64,0,3,105,0,108,0,12,160,0,172,222,0,222,394
07/29/2022,ISM,FL,ASO,ES,Federal Contract Tower,0,6,45,0,51,0,2,114,0,116,0,8,159,0,167,130,2,132,299
07/30/2022,ISM,FL,ASO,ES,Federal Contract Tower,0,3,53,0,56,0,9,134,0,143,0,12,187,0,199,138,0,138,337
07/31/2022,ISM,FL,ASO,ES,Federal Contract Tower,0,12,31,0,43,0,4,113,0,117,0,16,144,0,160,158,0,158,318
08/01/2022,ISM,FL,ASO,ES,Federal Contract Tower,0,4,53,0,57,0,9,88,0,97,0,13,141,0,154,142,0,142,296
08/02/2022,ISM,FL,ASO,ES,Federal Contract Tower,0,6,51,0,57,0,2,84,0,86,0,8,135,0,143,92,0,92,235
08/03/2022,ISM,FL,ASO,ES,Federal Contract Tower,0,19,50,0,69,0,8,97,0,105,0,27,147,0,174,134,0,134,308
08/04/2022,ISM,FL,ASO,ES,Federal Contract Tower,0,9,53,0,62,0,1,137,0,138,0,10,190,0,200,160,0,160,360
08/05/2022,ISM,FL,ASO,ES,Federal Contract Tower,0,4,37,0,41,0,1,81,0,82,0,5,118,0,123,168,0,168,291
08/06/2022,ISM,FL,ASO,ES,Federal Contract Tower,0,8,30,0,38,0,4,158,0,162,0,12,188,0,200,226,0,226,426
08/07/2022,ISM,FL,ASO,ES,Federal Contract Tower,0,11,40,0,51,0,0,89,0,89,0,11,129,0,140,110,0,110,250
08/08/2022,ISM,FL,ASO,ES,Federal Contract Tower,0,4,39,0,43,0,0,80,0,80,0,4,119,0,123,198,0,198,321
08/09/2022,ISM,FL,ASO,ES,Federal Contract Tower,0,2,48,0,50,0,4,104,0,108,0,6,152,0,158,106,0,106,264
08/10/2022,ISM,FL,ASO,ES,Federal Contract Tower,0,4,47,0,51,0,5,117,0,122,0,9,164,0,173,130,0,130,303
08/11/2022,ISM,FL,ASO,ES,Federal Contract Tower,0,5,52,0,57,0,0,102,0,102,0,5,154,0,159,118,0,118,277
08/12/2022,ISM,FL,ASO,ES,Federal Contract Tower,0,4,53,0,57,0,6,104,0,110,0,10,157,0,167,144,0,144,311
08/13/2022,ISM,FL,ASO,ES,Federal Contract Tower,0,9,30,0,39,0,2,107,0,109,0,11,137,0,148,206,0,206,354
08/14/2022,ISM,FL,ASO,ES,Federal Contract Tower,0,7,46,0,53,0,0,106,0,106,0,7,152,0,159,118,0,118,277
08/15/2022,ISM,FL,ASO,ES,Federal Contract Tower,0,4,62,0,66,0,5,117,0,122,0,9,179,0,188,204,0,204,392
08/16/2022,ISM,FL,ASO,ES,Federal Contract Tower,0,10,34,0,44,0,6,106,0,112,0,16,140,0,156,162,0,162,318
08/17/2022,ISM,FL,ASO,ES,Federal Contract Tower,0,5,59,0,64,0,4,106,0,110,0,9,165,0,174,170,0,170,344
08/18/2022,ISM,FL,ASO,ES,Federal Contract Tower,0,3,55,0,58,0,5,114,0,119,0,8,169,0,177,114,0,114,291
08/19/2022,ISM,FL,ASO,ES,Federal Contract Tower,0,5,37,0,42,0,3,134,0,137,0,8,171,0,179,185,0,185,364
08/20/2022,ISM,FL,ASO,ES,Federal Contract Tower,0,3,29,0,32,0,4,177,0,181,0,7,206,0,213,198,0,198,411
08/21/2022,ISM,FL,ASO,ES,Federal Contract Tower,0,2,28,0,30,0,0,116,0,116,0,2,144,0,146,94,0,94,240
08/22/2022,ISM,FL,ASO,ES,Federal Contract Tower,0,8,43,0,51,0,4,132,0,136,0,12,175,0,187,68,0,68,255
08/23/2022,ISM,FL,ASO,ES,Federal Contract Tower,0,6,35,0,41,0,3,123,0,126,0,9,158,0,167,168,0,168,335
08/24/2022,ISM,FL,ASO,ES,Federal Contract Tower,0,7,38,2,47,0,5,101,0,106,0,12,139,2,153,190,0,190,343
08/25/2022,ISM,FL,ASO,ES,Federal Contract Tower,0,2,27,0,29,0,2,107,0,109,0,4,134,0,138,220,0,220,358
08/26/2022,ISM,FL,ASO,ES,Federal Contract Tower,0,1,33,0,34,0,2,88,0,90,0,3,121,0,124,114,0,114,238
08/27/2022,ISM,FL,ASO,ES,Federal Contract Tower,0,4,33,0,37,0,7,151,0,158,0,11,184,0,195,154,0,154,349
08/28/2022,ISM,FL,ASO,ES,Federal Contract Tower,0,4,36,2,42,0,6,100,0,106,0,10,136,2,148,114,0,114,262
08/29/2022,ISM,FL,ASO,ES,Federal Contract Tower,0,2,37,0,39,0,3,110,0,113,0,5,147,0,152,176,0,176,328
08/30/2022,ISM,FL,ASO,ES,Federal Contract Tower,0,4,40,0,44,0,2,125,0,127,0,6,165,0,171,172,0,172,343
08/31/2022,ISM,FL,ASO,ES,Federal Contract Tower,0,7,40,0,47,0,4,93,0,97,0,11,133,0,144,140,0,140,284
09/01/2022,ISM,FL,ASO,ES,Federal Contract Tower,0,11,38,0,49,0,5,88,0,93,0,16,126,0,142,222,0,222,364
09/02/2022,ISM,FL,ASO,ES,Federal Contract Tower,0,6,40,0,46,0,2,93,0,95,0,8,133,0,141,186,0,186,327
09/03/2022,ISM,FL,ASO,ES,Federal Contract Tower,0,4,22,0,26,0,3,127,0,130,0,7,149,0,156,164,0,164,320
09/04/2022,ISM,FL,ASO,ES,Federal Contract Tower,0,6,26,0,32,0,2,136,0,138,0,8,162,0,170,136,0,136,306
09/05/2022,ISM,FL,ASO,ES,Federal Contract Tower,0,15,37,0,52,0,6,132,0,138,0,21,169,0,190,182,0,182,372
09/06/2022,ISM,FL,ASO,ES,Federal Contract Tower,0,3,33,0,36,0,6,106,0,112,0,9,139,0,148,82,0,82,230
09/07/2022,ISM,FL,ASO,ES,Federal Contract Tower,0,2,42,0,44,0,6,99,0,105,0,8,141,0,149,112,0,112,261
09/08/2022,ISM,FL,ASO,ES,Federal Contract Tower,0,6,45,0,51,0,2,88,0,90,0,8,133,0,141,120,0,120,261
09/09/2022,ISM,FL,ASO,ES,Federal Contract Tower,0,7,33,0,40,0,2,90,0,92,0,9,123,0,132,126,0,126,258
09/10/2022,ISM,FL,ASO,ES,Federal Contract Tower,0,11,32,0,43,0,3,136,0,139,0,14,168,0,182,170,0,170,352
09/11/2022,ISM,FL,ASO,ES,Federal Contract Tower,0,5,40,0,45,0,0,137,0,137,0,5,177,0,182,82,0,82,264
09/12/2022,ISM,FL,ASO,ES,Federal Contract Tower,0,6,46,0,52,0,3,92,0,95,0,9,138,0,147,156,0,156,303
09/13/2022,ISM,FL,ASO,ES,Federal Contract Tower,0,9,39,0,48,0,6,120,0,126,0,15,159,0,174,252,0,252,426
09/14/2022,ISM,FL,ASO,ES,Federal Contract Tower,0,12,44,0,56,0,2,84,0,86,0,14,128,0,142,158,0,158,300
09/15/2022,ISM,FL,ASO,ES,Federal Contract Tower,0,8,49,0,57,0,2,79,0,81,0,10,128,0,138,214,0,214,352
09/16/2022,ISM,FL,ASO,ES,Federal Contract Tower,0,7,36,1,44,0,2,89,0,91,0,9,125,1,135,130,0,130,265
09/17/2022,ISM,FL,ASO,ES,Federal Contract Tower,0,6,60,0,66,0,2,91,0,93,0,8,151,0,159,204,0,204,363
09/18/2022,ISM,FL,ASO,ES,Federal Contract Tower,0,8,52,0,60,0,2,67,0,69,0,10,119,0,129,112,0,112,241
09/19/2022,ISM,FL,ASO,ES,Federal Contract Tower,0,5,51,0,56,0,2,73,0,75,0,7,124,0,131,66,0,66,197
09/20/2022,ISM,FL,ASO,ES,Federal Contract Tower,0,8,50,1,59,0,3,109,0,112,0,11,159,1,171,162,0,162,333
09/21/2022,ISM,FL,ASO,ES,Federal Contract Tower,0,7,46,0,53,0,1,92,0,93,0,8,138,0,146,138,0,138,284
09/22/2022,ISM,FL,ASO,ES,Federal Contract Tower,0,12,56,0,68,0,8,127,0,135,0,20,183,0,203,200,0,200,403
09/23/2022,ISM,FL,ASO,ES,Federal Contract Tower,0,14,40,0,54,0,7,138,0,145,0,21,178,0,199,114,0,114,313
09/24/2022,ISM,FL,ASO,ES,Federal Contract Tower,0,6,37,0,43,0,9,115,0,124,0,15,152,0,167,136,0,136,303
09/25/2022,ISM,FL,ASO,ES,Federal Contract Tower,0,8,33,0,41,0,2,116,0,118,0,10,149,0,159,136,0,136,295
09/26/2022,ISM,FL,ASO,ES,Federal Contract Tower,0,10,35,0,45,0,8,86,0,94,0,18,121,0,139,166,0,166,305
09/27/2022,ISM,FL,ASO,ES,Federal Contract Tower,0,10,16,0,26,0,1,74,0,75,0,11,90,0,101,52,0,52,153
09/30/2022,ISM,FL,ASO,ES,Federal Contract Tower,0,1,20,0,21,0,12,29,0,41,0,13,49,0,62,17,0,17,79
10/01/2022,ISM,FL,ASO,ES,Federal Contract Tower,0,7,17,0,24,0,4,141,0,145,0,11,158,0,169,170,0,170,339
10/02/2022,ISM,FL,ASO,ES,Federal Contract Tower,0,2,59,0,61,0,4,152,0,156,0,6,211,0,217,178,0,178,395
10/03/2022,ISM,FL,ASO,ES,Federal Contract Tower,0,9,46,0,55,0,2,177,0,179,0,11,223,0,234,138,0,138,372
10/04/2022,ISM,FL,ASO,ES,Federal Contract Tower,0,11,56,0,67,0,2,176,0,178,0,13,232,0,245,180,0,180,425
10/05/2022,ISM,FL,ASO,ES,Federal Contract Tower,0,7,55,1,63,0,0,157,1,158,0,7,212,2,221,92,0,92,313
10/06/2022,ISM,FL,ASO,ES,Federal Contract Tower,0,17,66,0,83,0,5,151,0,156,0,22,217,0,239,222,0,222,461
10/07/2022,ISM,FL,ASO,ES,Federal Contract Tower,0,15,57,0,72,0,10,136,0,146,0,25,193,0,218,134,0,134,352
10/08/2022,ISM,FL,ASO,ES,Federal Contract Tower,0,11,55,0,66,0,5,126,0,131,0,16,181,0,197,140,0,140,337
10/09/2022,ISM,FL,ASO,ES,Federal Contract Tower,0,20,60,0,80,0,4,100,0,104,0,24,160,0,184,100,0,100,284
10/10/2022,ISM,FL,ASO,ES,Federal Contract Tower,0,20,82,0,102,0,3,85,0,88,0,23,167,0,190,188,0,188,378
10/11/2022,ISM,FL,ASO,ES,Federal Contract Tower,0,21,65,0,86,0,4,121,0,125,0,25,186,0,211,140,0,140,351
10/12/2022,ISM,FL,ASO,ES,Federal Contract Tower,0,13,68,0,81,0,2,128,0,130,0,15,196,0,211,182,0,182,393
10/13/2022,ISM,FL,ASO,ES,Federal Contract Tower,0,23,70,0,93,0,1,85,0,86,0,24,155,0,179,242,0,242,421
10/14/2022,ISM,FL,ASO,ES,Federal Contract Tower,0,15,78,0,93,0,9,136,0,145,0,24,214,0,238,154,0,154,392
10/15/2022,ISM,FL,ASO,ES,Federal Contract Tower,0,10,62,0,72,0,4,130,0,134,0,14,192,0,206,154,0,154,360
10/16/2022,ISM,FL,ASO,ES,Federal Contract Tower,0,23,85,0,108,0,3,109,0,112,0,26,194,0,220,40,0,40,260
10/17/2022,ISM,FL,ASO,ES,Federal Contract Tower,0,10,92,0,102,0,8,129,0,137,0,18,221,0,239,124,0,124,363
10/18/2022,ISM,FL,ASO,ES,Federal Contract Tower,0,19,90,0,109,0,4,130,0,134,0,23,220,0,243,134,0,134,377
10/19/2022,ISM,FL,ASO,ES,Federal Contract Tower,0,19,103,0,122,0,2,170,0,172,0,21,273,0,294,100,0,100,394
10/20/2022,ISM,FL,ASO,ES,Federal Contract Tower,0,22,88,0,110,0,3,132,0,135,0,25,220,0,245,86,0,86,331
10/21/2022,ISM,FL,ASO,ES,Federal Contract Tower,0,15,53,0,68,0,7,158,0,165,0,22,211,0,233,88,0,88,321
10/22/2022,ISM,FL,ASO,ES,Federal Contract Tower,0,9,54,0,63,0,4,109,0,113,0,13,163,0,176,96,0,96,272
10/23/2022,ISM,FL,ASO,ES,Federal Contract Tower,0,14,65,0,79,0,0,101,0,101,0,14,166,0,180,50,0,50,230
10/24/2022,ISM,FL,ASO,ES,Federal Contract Tower,0,17,71,0,88,0,2,97,0,99,0,19,168,0,187,170,0,170,357
10/25/2022,ISM,FL,ASO,ES,Federal Contract Tower,0,6,69,2,77,0,1,148,0,149,0,7,217,2,226,222,0,222,448
10/26/2022,ISM,FL,ASO,ES,Federal Contract Tower,0,7,87,0,94,0,0,125,0,125,0,7,212,0,219,186,0,186,405
10/27/2022,ISM,FL,ASO,ES,Federal Contract Tower,0,10,75,0,85,0,3,150,0,153,0,13,225,0,238,154,0,154,392
10/28/2022,ISM,FL,ASO,ES,Federal Contract Tower,0,16,63,0,79,0,7,119,0,126,0,23,182,0,205,108,0,108,313
10/29/2022,ISM,FL,ASO,ES,Federal Contract Tower,0,6,66,0,72,0,3,65,0,68,0,9,131,0,140,40,0,40,180
10/30/2022,ISM,FL,ASO,ES,Federal Contract Tower,0,7,53,0,60,0,4,108,0,112,0,11,161,0,172,100,0,100,272
10/31/2022,ISM,FL,ASO,ES,Federal Contract Tower,0,6,56,0,62,0,12,129,0,141,0,18,185,0,203,60,0,60,263
11/01/2022,ISM,FL,ASO,ES,Federal Contract Tower,0,0,0,0,0,0,2,59,0,61,0,2,59,0,61,126,0,126,187
11/02/2022,ISM,FL,ASO,ES,Federal Contract Tower,0,7,97,0,104,0,3,103,0,106,0,10,200,0,210,168,0,168,378
11/03/2022,ISM,FL,ASO,ES,Federal Contract Tower,0,9,59,0,68,0,0,140,0,140,0,9,199,0,208,152,0,152,360
11/04/2022,ISM,FL,ASO,ES,Federal Contract Tower,0,14,71,0,85,0,2,144,0,146,0,16,215,0,231,72,0,72,303
11/05/2022,ISM,FL,ASO,ES,Federal Contract Tower,0,5,49,0,54,0,3,164,0,167,0,8,213,0,221,114,0,114,335
11/06/2022,ISM,FL,ASO,ES,Federal Contract Tower,0,11,66,0,77,0,4,77,0,81,0,15,143,0,158,92,0,92,250
11/07/2022,ISM,FL,ASO,ES,Federal Contract Tower,0,13,56,0,69,0,2,90,0,92,0,15,146,0,161,100,0,100,261
11/08/2022,ISM,FL,ASO,ES,Federal Contract Tower,0,9,51,0,60,0,5,41,0,46,0,14,92,0,106,56,0,56,162
11/09/2022,ISM,FL,ASO,ES,Federal Contract Tower,0,4,22,0,26,0,0,2,0,2,0,4,24,0,28,0,0,0,28
11/11/2022,ISM,FL,ASO,ES,Federal Contract Tower,0,12,47,0,59,0,9,48,0,57,0,21,95,0,116,18,0,18,134
11/12/2022,ISM,FL,ASO,ES,Federal Contract Tower,0,9,51,0,60,0,4,123,0,127,0,13,174,0,187,164,0,164,351
11/13/2022,ISM,FL,ASO,ES,Federal Contract Tower,0,21,51,0,72,0,8,93,0,101,0,29,144,0,173,92,0,92,265
11/14/2022,ISM,FL,ASO,ES,Federal Contract Tower,0,13,98,0,111,0,4,152,0,156,0,17,250,0,267,118,0,118,385
11/15/2022,ISM,FL,ASO,ES,Federal Contract Tower,0,24,59,0,83,0,2,128,0,130,0,26,187,0,213,236,0,236,449
11/16/2022,ISM,FL,ASO,ES,Federal Contract Tower,0,20,75,0,95,0,4,59,0,63,0,24,134,0,158,161,0,161,319
11/17/2022,ISM,FL,ASO,ES,Federal Contract Tower,0,16,92,0,108,0,0,176,0,176,0,16,268,0,284,232,0,232,516
11/18/2022,ISM,FL,ASO,ES,Federal Contract Tower,0,13,108,0,121,0,4,147,0,151,0,17,255,0,272,144,0,144,416
11/19/2022,ISM,FL,ASO,ES,Federal Contract Tower,0,22,67,0,89,0,2,127,0,129,0,24,194,0,218,212,0,212,430
11/20/2022,ISM,FL,ASO,ES,Federal Contract Tower,0,24,65,0,89,0,0,34,0,34,0,24,99,0,123,94,0,94,217
11/21/2022,ISM,FL,ASO,ES,Federal Contract Tower,0,8,58,0,66,0,7,109,0,116,0,15,167,0,182,156,0,156,338
11/22/2022,ISM,FL,ASO,ES,Federal Contract Tower,0,26,81,0,107,0,0,10,0,10,0,26,91,0,117,0,0,0,117
11/23/2022,ISM,FL,ASO,ES,Federal Contract Tower,0,9,75,0,84,0,2,48,0,50,0,11,123,0,134,136,0,136,270
11/24/2022,ISM,FL,ASO,ES,Federal Contract Tower,0,6,29,0,35,0,4,56,0,60,0,10,85,0,95,60,0,60,155
11/25/2022,ISM,FL,ASO,ES,Federal Contract Tower,0,11,56,0,67,0,2,105,0,107,0,13,161,0,174,72,2,74,248
11/26/2022,ISM,FL,ASO,ES,Federal Contract Tower,0,18,50,0,68,0,4,78,0,82,0,22,128,0,150,134,0,134,284
11/27/2022,ISM,FL,ASO,ES,Federal Contract Tower,0,31,75,0,106,0,2,76,0,78,0,33,151,0,184,28,0,28,212
11/28/2022,ISM,FL,ASO,ES,Federal Contract Tower,0,11,56,0,67,0,6,153,0,159,0,17,209,0,226,204,0,204,430
11/29/2022,ISM,FL,ASO,ES,Federal Contract Tower,0,12,79,0,91,0,9,176,0,185,0,21,255,0,276,236,0,236,512
11/30/2022,ISM,FL,ASO,ES,Federal Contract Tower,0,9,69,0,78,0,5,155,0,160,0,14,224,0,238,206,0,206,444
12/01/2022,ISM,FL,ASO,ES,Federal Contract Tower,0,15,79,0,94,0,2,132,0,134,0,17,211,0,228,160,0,160,388
12/02/2022,ISM,FL,ASO,ES,Federal Contract Tower,0,33,68,0,101,0,12,106,0,118,0,45,174,0,219,164,0,164,383
12/03/2022,ISM,FL,ASO,ES,Federal Contract Tower,0,13,39,0,52,0,6,173,0,179,0,19,212,0,231,218,0,218,449
12/04/2022,ISM,FL,ASO,ES,Federal Contract Tower,0,29,68,0,97,0,12,123,0,135,0,41,191,0,232,144,0,144,376
12/05/2022,ISM,FL,ASO,ES,Federal Contract Tower,0,12,60,0,72,0,6,124,0,130,0,18,184,0,202,156,0,156,358
12/06/2022,ISM,FL,ASO,ES,Federal Contract Tower,0,9,55,0,64,0,4,143,0,147,0,13,198,0,211,244,0,244,455
12/07/2022,ISM,FL,ASO,ES,Federal Contract Tower,0,14,66,0,80,0,5,146,0,151,0,19,212,0,231,238,0,238,469
12/08/2022,ISM,FL,ASO,ES,Federal Contract Tower,0,8,85,0,93,0,10,161,0,171,0,18,246,0,264,184,0,184,448
12/09/2022,ISM,FL,ASO,ES,Federal Contract Tower,0,19,78,0,97,0,6,129,0,135,0,25,207,0,232,214,0,214,446
12/10/2022,ISM,FL,ASO,ES,Federal Contract Tower,0,6,39,0,45,0,2,125,0,127,0,8,164,0,172,134,0,134,306
12/11/2022,ISM,FL,ASO,ES,Federal Contract Tower,0,24,50,0,74,0,2,97,0,99,0,26,147,0,173,98,0,98,271
12/12/2022,ISM,FL,ASO,ES,Federal Contract Tower,0,7,51,0,58,0,4,111,0,115,0,11,162,0,173,122,0,122,295
12/13/2022,ISM,FL,ASO,ES,Federal Contract Tower,0,0,68,0,68,0,2,94,0,96,0,2,162,0,164,168,0,168,332
12/14/2022,ISM,FL,ASO,ES,Federal Contract Tower,0,12,78,2,92,0,5,111,0,116,0,17,189,2,208,172,0,172,380
12/15/2022,ISM,FL,ASO,ES,Federal Contract Tower,0,13,41,0,54,0,0,35,0,35,0,13,76,0,89,56,0,56,145
12/16/2022,ISM,FL,ASO,ES,Federal Contract Tower,0,17,92,0,109,0,3,108,0,111,0,20,200,0,220,136,0,136,356
12/17/2022,ISM,FL,ASO,ES,Federal Contract Tower,0,13,47,0,60,0,3,124,0,127,0,16,171,0,187,134,0,134,321
12/18/2022,ISM,FL,ASO,ES,Federal Contract Tower,0,10,61,0,71,0,5,85,0,90,0,15,146,0,161,96,0,96,257
12/19/2022,ISM,FL,ASO,ES,Federal Contract Tower,0,9,58,0,67,0,4,96,0,100,0,13,154,0,167,188,0,188,355
12/20/2022,ISM,FL,ASO,ES,Federal Contract Tower,0,9,50,1,60,0,3,93,1,97,0,12,143,2,157,138,0,138,295
12/21/2022,ISM,FL,ASO,ES,Federal Contract Tower,0,16,56,0,72,0,0,30,0,30,0,16,86,0,102,8,0,8,110
12/22/2022,ISM,FL,ASO,ES,Federal Contract Tower,0,16,42,0,58,0,0,11,0,11,0,16,53,0,69,0,0,0,69
12/23/2022,ISM,FL,ASO,ES,Federal Contract Tower,0,5,37,0,42,0,7,91,0,98,0,12,128,0,140,132,0,132,272
12/24/2022,ISM,FL,ASO,ES,Federal Contract Tower,0,7,13,0,20,0,3,72,0,75,0,10,85,0,95,42,0,42,137
12/25/2022,ISM,FL,ASO,ES,Federal Contract Tower,0,8,9,0,17,0,4,56,0,60,0,12,65,0,77,8,0,8,85
12/26/2022,ISM,FL,ASO,ES,Federal Contract Tower,0,20,62,0,82,0,4,108,0,112,0,24,170,0,194,112,0,112,306
12/27/2022,ISM,FL,ASO,ES,Federal Contract Tower,0,14,46,0,60,0,8,134,0,142,0,22,180,0,202,172,0,172,374
12/28/2022,ISM,FL,ASO,ES,Federal Contract Tower,0,18,72,0,90,0,7,168,0,175,0,25,240,0,265,148,0,148,413
12/29/2022,ISM,FL,ASO,ES,Federal Contract Tower,0,16,89,0,105,0,3,133,0,136,0,19,222,0,241,206,0,206,447
12/30/2022,ISM,FL,ASO,ES,Federal Contract Tower,0,7,59,0,66,0,6,161,0,167,0,13,220,0,233,176,0,176,409
12/31/2022,ISM,FL,ASO,ES,Federal Contract Tower,0,13,30,0,43,0,0,39,0,39,0,13,69,0,82,30,0,30,112
01/01/2023,ISM,FL,ASO,ES,Federal Contract Tower,0,14,63,0,77,0,4,62,0,66,0,18,125,0,143,20,0,20,163
01/02/2023,ISM,FL,ASO,ES,Federal Contract Tower,0,15,65,0,80,0,2,116,0,118,0,17,181,0,198,232,0,232,430
01/03/2023,ISM,FL,ASO,ES,Federal Contract Tower,0,14,69,0,83,0,4,127,0,131,0,18,196,0,214,260,0,260,474
01/04/2023,ISM,FL,ASO,ES,Federal Contract Tower,0,17,67,0,84,0,5,50,0,55,0,22,117,0,139,126,0,126,265
01/05/2023,ISM,FL,ASO,ES,Federal Contract Tower,0,20,60,0,80,0,6,61,0,67,0,26,121,0,147,98,0,98,245
01/06/2023,ISM,FL,ASO,ES,Federal Contract Tower,0,18,78,0,96,0,10,153,0,163,0,28,231,0,259,134,0,134,393
01/07/2023,ISM,FL,ASO,ES,Federal Contract Tower,0,12,61,0,73,0,8,171,0,179,0,20,232,0,252,120,0,120,372
01/08/2023,ISM,FL,ASO,ES,Federal Contract Tower,0,26,75,0,101,0,4,132,0,136,0,30,207,0,237,170,0,170,407
01/09/2023,ISM,FL,ASO,ES,Federal Contract Tower,0,13,66,0,79,0,0,178,0,178,0,13,244,0,257,296,0,296,553
01/10/2023,ISM,FL,ASO,ES,Federal Contract Tower,0,9,64,2,75,0,4,115,0,119,0,13,179,2,194,164,0,164,358
01/11/2023,ISM,FL,ASO,ES,Federal Contract Tower,0,11,92,0,103,0,5,161,0,166,0,16,253,0,269,252,0,252,521
01/12/2023,ISM,FL,ASO,ES,Federal Contract Tower,0,12,103,2,117,0,6,131,0,137,0,18,234,2,254,188,0,188,442
01/13/2023,ISM,FL,ASO,ES,Federal Contract Tower,0,17,73,0,90,0,1,63,0,64,0,18,136,0,154,4,0,4,158
01/14/2023,ISM,FL,ASO,ES,Federal Contract Tower,0,18,51,0,69,0,5,87,0,92,0,23,138,0,161,60,0,60,221
01/15/2023,ISM,FL,ASO,ES,Federal Contract Tower,0,13,64,0,77,0,5,108,0,113,0,18,172,0,190,94,0,94,284
01/16/2023,ISM,FL,ASO,ES,Federal Contract Tower,0,23,88,0,111,0,13,173,0,186,0,36,261,0,297,216,0,216,513
01/17/2023,ISM,FL,ASO,ES,Federal Contract Tower,0,9,72,0,81,0,9,162,0,171,0,18,234,0,252,166,0,166,418
01/18/2023,ISM,FL,ASO,ES,Federal Contract Tower,0,16,90,0,106,0,6,144,0,150,0,22,234,0,256,160,0,160,416
01/19/2023,ISM,FL,ASO,ES,Federal Contract Tower,0,22,76,0,98,0,5,193,0,198,0,27,269,0,296,182,0,182,478
01/20/2023,ISM,FL,ASO,ES,Federal Contract Tower,0,6,61,2,69,0,4,167,8,179,0,10,228,10,248,140,0,140,388
01/21/2023,ISM,FL,ASO,ES,Federal Contract Tower,0,11,59,0,70,0,3,142,9,154,0,14,201,9,224,168,0,168,392
01/22/2023,ISM,FL,ASO,ES,Federal Contract Tower,0,8,49,0,57,0,6,80,0,86,0,14,129,0,143,66,0,66,209
01/23/2023,ISM,FL,ASO,ES,Federal Contract Tower,0,14,56,0,70,0,5,127,2,134,0,19,183,2,204,164,0,164,368
01/24/2023,ISM,FL,ASO,ES,Federal Contract Tower,0,16,75,0,91,0,1,160,0,161,0,17,235,0,252,166,0,166,418
01/25/2023,ISM,FL,ASO,ES,Federal Contract Tower,0,19,60,0,79,0,4,108,0,112,0,23,168,0,191,86,0,86,277
01/26/2023,ISM,FL,ASO,ES,Federal Contract Tower,0,20,81,0,101,0,1,157,1,159,0,21,238,1,260,256,0,256,516
01/27/2023,ISM,FL,ASO,ES,Federal Contract Tower,0,11,61,0,72,0,2,149,0,151,0,13,210,0,223,164,0,164,387
01/28/2023,ISM,FL,ASO,ES,Federal Contract Tower,0,20,59,0,79,0,5,143,0,148,0,25,202,0,227,146,0,146,373
01/29/2023,ISM,FL,ASO,ES,Federal Contract Tower,0,13,68,0,81,0,5,124,0,129,0,18,192,0,210,140,0,140,350
01/30/2023,ISM,FL,ASO,ES,Federal Contract Tower,0,17,66,0,83,0,10,91,0,101,0,27,157,0,184,182,0,182,366
01/31/2023,ISM,FL,ASO,ES,Federal Contract Tower,0,6,50,0,56,0,4,143,0,147,0,10,193,0,203,160,0,160,363
02/01/2023,ISM,FL,ASO,ES,Federal Contract Tower,0,4,64,0,68,0,11,129,0,140,0,15,193,0,208,212,0,212,420
02/02/2023,ISM,FL,ASO,ES,Federal Contract Tower,0,10,83,0,93,0,4,166,0,170,0,14,249,0,263,252,0,252,515
02/03/2023,ISM,FL,ASO,ES,Federal Contract Tower,0,18,61,7,86,0,0,15,0,15,0,18,76,7,101,2,0,2,103
02/04/2023,ISM,FL,ASO,ES,Federal Contract Tower,0,15,59,0,74,0,7,134,0,141,0,22,193,0,215,100,0,100,315
02/05/2023,ISM,FL,ASO,ES,Federal Contract Tower,0,20,52,0,72,0,7,54,0,61,0,27,106,0,133,46,0,46,179
02/06/2023,ISM,FL,ASO,ES,Federal Contract Tower,0,25,65,0,90,0,10,132,0,142,0,35,197,0,232,186,0,186,418
02/07/2023,ISM,FL,ASO,ES,Federal Contract Tower,0,10,63,0,73,0,6,165,0,171,0,16,228,0,244,135,0,135,379
02/08/2023,ISM,FL,ASO,ES,Federal Contract Tower,0,18,69,0,87,0,5,153,0,158,0,23,222,0,245,200,0,200,445
02/09/2023,ISM,FL,ASO,ES,Federal Contract Tower,0,35,99,0,134,0,7,139,0,146,0,42,238,0,280,134,0,134,414
02/10/2023,ISM,FL,ASO,ES,Federal Contract Tower,0,33,78,0,111,0,2,132,0,134,0,35,210,0,245,224,0,224,469
02/11/2023,ISM,FL,ASO,ES,Federal Contract Tower,0,12,96,0,108,0,8,127,0,135,0,20,223,0,243,52,0,52,295
02/12/2023,ISM,FL,ASO,ES,Federal Contract Tower,0,19,56,0,75,0,3,46,0,49,0,22,102,0,124,16,0,16,140
02/13/2023,ISM,FL,ASO,ES,Federal Contract Tower,0,15,74,0,89,0,6,166,0,172,0,21,240,0,261,100,0,100,361
02/14/2023,ISM,FL,ASO,ES,Federal Contract Tower,0,6,66,0,72,0,10,191,0,201,0,16,257,0,273,28,0,28,301
02/15/2023,ISM,FL,ASO,ES,Federal Contract Tower,0,22,87,0,109,0,2,120,0,122,0,24,207,0,231,76,0,76,307
02/16/2023,ISM,FL,ASO,ES,Federal Contract Tower,0,20,103,0,123,0,7,176,0,183,0,27,279,0,306,74,0,74,380
02/17/2023,ISM,FL,ASO,ES,Federal Contract Tower,0,24,121,0,145,0,1,120,0,121,0,25,241,0,266,44,0,44,310
02/18/2023,ISM,FL,ASO,ES,Federal Contract Tower,0,11,67,0,78,0,5,167,0,172,0,16,234,0,250,90,0,90,340
02/19/2023,ISM,FL,ASO,ES,Federal Contract Tower,0,26,84,0,110,0,5,128,0,133,0,31,212,0,243,54,0,54,297
02/20/2023,ISM,FL,ASO,ES,Federal Contract Tower,0,24,104,0,128,0,7,143,0,150,0,31,247,0,278,158,0,158,436
02/21/2023,ISM,FL,ASO,ES,Federal Contract Tower,0,15,100,0,115,0,4,129,0,133,0,19,229,0,248,144,0,144,392
02/22/2023,ISM,FL,ASO,ES,Federal Contract Tower,0,19,83,0,102,0,1,123,0,124,0,20,206,0,226,98,0,98,324
02/23/2023,ISM,FL,ASO,ES,Federal Contract Tower,0,20,95,0,115,0,8,162,0,170,0,28,257,0,285,156,0,156,441
02/24/2023,ISM,FL,ASO,ES,Federal Contract Tower,0,13,102,0,115,0,3,128,0,131,0,16,230,0,246,150,0,150,396
02/25/2023,ISM,FL,ASO,ES,Federal Contract Tower,0,17,96,0,113,0,7,156,0,163,0,24,252,0,276,108,0,108,384
02/26/2023,ISM,FL,ASO,ES,Federal Contract Tower,0,18,69,0,87,0,2,122,0,124,0,20,191,0,211,72,0,72,283
02/27/2023,ISM,FL,ASO,ES,Federal Contract Tower,0,14,81,0,95,0,4,82,0,86,0,18,163,0,181,58,0,58,239
02/28/2023,ISM,FL,ASO,ES,Federal Contract Tower,0,6,98,0,104,0,2,91,0,93,0,8,189,0,197,140,0,140,337
03/01/2023,ISM,FL,ASO,ES,Federal Contract Tower,0,17,106,0,123,0,7,95,0,102,0,24,201,0,225,92,0,92,317
03/02/2023,ISM,FL,ASO,ES,Federal Contract Tower,0,23,115,0,138,0,6,166,0,172,0,29,281,0,310,270,0,270,580
03/03/2023,ISM,FL,ASO,ES,Federal Contract Tower,0,16,61,0,77,0,1,84,0,85,0,17,145,0,162,27,0,27,189
03/04/2023,ISM,FL,ASO,ES,Federal Contract Tower,0,19,96,0,115,0,7,108,0,115,0,26,204,0,230,112,0,112,342
03/05/2023,ISM,FL,ASO,ES,Federal Contract Tower,0,19,90,0,109,0,4,162,0,166,0,23,252,0,275,84,0,84,359
03/06/2023,ISM,FL,ASO,ES,Federal Contract Tower,0,17,58,0,75,0,10,146,0,156,0,27,204,0,231,144,0,144,375
03/07/2023,ISM,FL,ASO,ES,Federal Contract Tower,0,26,87,0,113,0,5,171,0,176,0,31,258,0,289,174,0,174,463
03/08/2023,ISM,FL,ASO,ES,Federal Contract Tower,0,16,83,0,99,0,5,99,0,104,0,21,182,0,203,96,0,96,299
03/09/2023,ISM,FL,ASO,ES,Federal Contract Tower,0,29,85,0,114,0,8,166,0,174,0,37,251,0,288,202,0,202,490
03/10/2023,ISM,FL,ASO,ES,Federal Contract Tower,0,30,128,0,158,0,8,140,0,148,0,38,268,0,306,132,0,132,438
03/11/2023,ISM,FL,ASO,ES,Federal Contract Tower,0,21,96,0,117,0,7,111,0,118,0,28,207,0,235,164,0,164,399
03/12/2023,ISM,FL,ASO,ES,Federal Contract Tower,0,18,96,0,114,0,4,152,0,156,0,22,248,0,270,134,0,134,404
03/13/2023,ISM,FL,ASO,ES,Federal Contract Tower,0,21,38,0,59,0,0,23,0,23,0,21,61,0,82,4,0,4,86
03/14/2023,ISM,FL,ASO,ES,Federal Contract Tower,0,17,92,0,109,0,4,175,0,179,0,21,267,0,288,160,0,160,448
03/15/2023,ISM,FL,ASO,ES,Federal Contract Tower,0,15,96,0,111,0,5,112,0,117,0,20,208,0,228,138,0,138,366
03/16/2023,ISM,FL,ASO,ES,Federal Contract Tower,0,18,81,0,99,0,6,197,0,203,0,24,278,0,302,246,0,246,548
03/17/2023,ISM,FL,ASO,ES,Federal Contract Tower,0,21,97,0,118,0,6,128,0,134,0,27,225,0,252,154,0,154,406
03/18/2023,ISM,FL,ASO,ES,Federal Contract Tower,0,19,62,0,81,0,1,193,0,194,0,20,255,0,275,140,0,140,415
03/19/2023,ISM,FL,ASO,ES,Federal Contract Tower,0,25,83,0,108,0,6,92,0,98,0,31,175,0,206,146,0,146,352
03/20/2023,ISM,FL,ASO,ES,Federal Contract Tower,0,9,66,0,75,0,2,116,0,118,0,11,182,0,193,158,0,158,351
03/21/2023,ISM,FL,ASO,ES,Federal Contract Tower,0,8,53,7,68,0,6,162,0,168,0,14,215,7,236,144,0,144,380
03/22/2023,ISM,FL,ASO,ES,Federal Contract Tower,0,17,74,0,91,0,3,156,0,159,0,20,230,0,250,174,0,174,424
03/23/2023,ISM,FL,ASO,ES,Federal Contract Tower,0,15,88,0,103,0,8,148,0,156,0,23,236,0,259,208,0,208,467
03/24/2023,ISM,FL,ASO,ES,Federal Contract Tower,0,18,69,0,87,0,1,137,0,138,0,19,206,0,225,182,0,182,407
03/25/2023,ISM,FL,ASO,ES,Federal Contract Tower,0,14,75,0,89,0,2,94,0,96,0,16,169,0,185,89,0,89,274
03/26/2023,ISM,FL,ASO,ES,Federal Contract Tower,0,13,54,1,68,0,4,92,0,96,0,17,146,1,164,68,0,68,232
03/27/2023,ISM,FL,ASO,ES,Federal Contract Tower,0,9,60,0,69,0,8,157,0,165,0,17,217,0,234,142,0,142,376
03/28/2023,ISM,FL,ASO,ES,Federal Contract Tower,0,12,68,0,80,0,5,103,0,108,0,17,171,0,188,144,0,144,332
03/29/2023,ISM,FL,ASO,ES,Federal Contract Tower,0,15,97,0,112,0,4,123,0,127,0,19,220,0,239,168,0,168,407
03/30/2023,ISM,FL,ASO,ES,Federal Contract Tower,0,18,73,0,91,0,9,194,0,203,0,27,267,0,294,204,0,204,498
03/31/2023,ISM,FL,ASO,ES,Federal Contract Tower,0,19,64,0,83,0,1,137,0,138,0,20,201,0,221,60,0,60,281
04/01/2023,ISM,FL,ASO,ES,Federal Contract Tower,0,16,56,0,72,0,7,109,0,116,0,23,165,0,188,38,0,38,226
04/02/2023,ISM,FL,ASO,ES,Federal Contract Tower,0,27,66,0,93,0,3,134,0,137,0,30,200,0,230,64,0,64,294
04/03/2023,ISM,FL,ASO,ES,Federal Contract Tower,0,19,86,1,106,0,5,80,0,85,0,24,166,1,191,100,0,100,291
04/04/2023,ISM,FL,ASO,ES,Federal Contract Tower,0,20,91,0,111,0,6,160,0,166,0,26,251,0,277,144,0,144,421
04/05/2023,ISM,FL,ASO,ES,Federal Contract Tower,0,14,78,0,92,0,6,116,0,122,0,20,194,0,214,164,0,164,378
04/06/2023,ISM,FL,ASO,ES,Federal Contract Tower,0,8,74,3,85,0,6,140,0,146,0,14,214,3,231,178,0,178,409
04/07/2023,ISM,FL,ASO,ES,Federal Contract Tower,0,18,64,0,82,0,3,162,0,165,0,21,226,0,247,202,0,202,449
04/08/2023,ISM,FL,ASO,ES,Federal Contract Tower,0,7,50,0,57,0,8,122,0,130,0,15,172,0,187,186,0,186,373
04/09/2023,ISM,FL,ASO,ES,Federal Contract Tower,0,8,41,0,49,0,4,39,0,43,0,12,80,0,92,16,0,16,108
04/10/2023,ISM,FL,ASO,ES,Federal Contract Tower,0,13,54,0,67,0,5,73,0,78,0,18,127,0,145,76,0,76,221
04/11/2023,ISM,FL,ASO,ES,Federal Contract Tower,0,19,55,0,74,0,12,118,0,130,0,31,173,0,204,56,0,56,260
04/12/2023,ISM,FL,ASO,ES,Federal Contract Tower,0,12,58,0,70,0,1,74,0,75,0,13,132,0,145,62,0,62,207
04/13/2023,ISM,FL,ASO,ES,Federal Contract Tower,0,8,94,0,102,0,2,100,0,102,0,10,194,0,204,74,0,74,278
04/14/2023,ISM,FL,ASO,ES,Federal Contract Tower,0,18,78,0,96,0,1,131,0,132,0,19,209,0,228,128,0,128,356
04/16/2023,ISM,FL,ASO,ES,Federal Contract Tower,0,24,64,0,88,0,3,114,0,117,0,27,178,0,205,46,0,46,251
04/17/2023,ISM,FL,ASO,ES,Federal Contract Tower,0,8,58,0,66,0,2,60,0,62,0,10,118,0,128,90,0,90,218
04/18/2023,ISM,FL,ASO,ES,Federal Contract Tower,0,15,62,0,77,0,6,205,0,211,0,21,267,0,288,200,0,200,488
04/19/2023,ISM,FL,ASO,ES,Federal Contract Tower,0,12,85,0,97,0,8,144,0,152,0,20,229,0,249,179,0,179,428
04/20/2023,ISM,FL,ASO,ES,Federal Contract Tower,0,23,86,0,109,0,6,120,0,126,0,29,206,0,235,114,0,114,349
04/21/2023,ISM,FL,ASO,ES,Federal Contract Tower,0,13,78,0,91,0,4,138,0,142,0,17,216,0,233,170,0,170,403
04/22/2023,ISM,FL,ASO,ES,Federal Contract Tower,0,3,47,0,50,0,5,114,0,119,0,8,161,0,169,156,0,156,325
04/23/2023,ISM,FL,ASO,ES,Federal Contract Tower,0,16,51,0,67,0,4,113,0,117,0,20,164,0,184,120,0,120,304
04/24/2023,ISM,FL,ASO,ES,Federal Contract Tower,0,7,63,0,70,0,0,88,0,88,0,7,151,0,158,182,0,182,340
04/25/2023,ISM,FL,ASO,ES,Federal Contract Tower,0,8,63,0,71,0,1,115,0,116,0,9,178,0,187,180,0,180,367
04/26/2023,ISM,FL,ASO,ES,Federal Contract Tower,0,19,80,0,99,0,2,107,0,109,0,21,187,0,208,140,0,140,348
04/27/2023,ISM,FL,ASO,ES,Federal Contract Tower,0,11,67,0,78,0,3,154,0,157,0,14,221,0,235,102,0,102,337
04/28/2023,ISM,FL,ASO,ES,Federal Contract Tower,0,18,56,0,74,0,0,83,0,83,0,18,139,0,157,102,0,102,259
04/29/2023,ISM,FL,ASO,ES,Federal Contract Tower,0,8,36,0,44,0,3,132,0,135,0,11,168,0,179,78,0,78,257
04/30/2023,ISM,FL,ASO,ES,Federal Contract Tower,0,25,45,0,70,0,0,47,0,47,0,25,92,0,117,10,0,10,127
05/01/2023,ISM,FL,ASO,ES,Federal Contract Tower,0,21,56,0,77,0,4,117,0,121,0,25,173,0,198,186,0,186,384
05/02/2023,ISM,FL,ASO,ES,Federal Contract Tower,0,9,64,0,73,0,2,146,0,148,0,11,210,0,221,118,0,118,339
05/03/2023,ISM,FL,ASO,ES,Federal Contract Tower,0,7,88,0,95,0,1,171,0,172,0,8,259,0,267,240,0,240,507
05/04/2023,ISM,FL,ASO,ES,Federal Contract Tower,0,15,84,0,99,0,2,187,0,189,0,17,271,0,288,204,0,204,492
05/05/2023,ISM,FL,ASO,ES,Federal Contract Tower,0,13,61,0,74,0,1,129,0,130,0,14,190,0,204,138,0,138,342
05/06/2023,ISM,FL,ASO,ES,Federal Contract Tower,0,7,36,0,43,0,3,101,0,104,0,10,137,0,147,106,0,106,253
05/07/2023,ISM,FL,ASO,ES,Federal Contract Tower,0,18,63,0,81,0,5,103,0,108,0,23,166,0,189,64,0,64,253
05/08/2023,ISM,FL,ASO,ES,Federal Contract Tower,0,10,53,0,63,0,6,125,0,131,0,16,178,0,194,162,0,162,356
05/09/2023,ISM,FL,ASO,ES,Federal Contract Tower,0,9,75,0,84,0,5,115,0,120,0,14,190,0,204,183,0,183,387
05/10/2023,ISM,FL,ASO,ES,Federal Contract Tower,0,18,89,0,107,0,4,119,0,123,0,22,208,0,230,238,0,238,468
05/11/2023,ISM,FL,ASO,ES,Federal Contract Tower,0,10,70,0,80,0,7,88,0,95,0,17,158,0,175,160,0,160,335
05/12/2023,ISM,FL,ASO,ES,Federal Contract Tower,0,12,64,0,76,0,7,118,0,125,0,19,182,0,201,97,0,97,298
05/13/2023,ISM,FL,ASO,ES,Federal Contract Tower,0,9,44,0,53,0,5,159,0,164,0,14,203,0,217,238,0,238,455
05/14/2023,ISM,FL,ASO,ES,Federal Contract Tower,0,14,49,0,63,0,7,123,0,130,0,21,172,0,193,54,0,54,247
05/15/2023,ISM,FL,ASO,ES,Federal Contract Tower,0,17,50,2,69,0,7,104,0,111,0,24,154,2,180,112,0,112,292
05/16/2023,ISM,FL,ASO,ES,Federal Contract Tower,0,14,78,1,93,0,0,141,0,141,0,14,219,1,234,250,0,250,484
05/17/2023,ISM,FL,ASO,ES,Federal Contract Tower,0,20,75,0,95,0,0,123,0,123,0,20,198,0,218,90,0,90,308
05/18/2023,ISM,FL,ASO,ES,Federal Contract Tower,0,26,46,0,72,0,0,99,0,99,0,26,145,0,171,140,0,140,311
05/19/2023,ISM,FL,ASO,ES,Federal Contract Tower,0,13,69,0,82,0,3,125,0,128,0,16,194,0,210,134,0,134,344
05/20/2023,ISM,FL,ASO,ES,Federal Contract Tower,0,13,50,0,63,0,3,131,0,134,0,16,181,0,197,166,0,166,363
05/21/2023,ISM,FL,ASO,ES,Federal Contract Tower,0,14,61,0,75,0,2,86,0,88,0,16,147,0,163,130,0,130,293
05/22/2023,ISM,FL,ASO,ES,Federal Contract Tower,0,17,41,0,58,0,2,65,0,67,0,19,106,0,125,114,0,114,239
05/23/2023,ISM,FL,ASO,ES,Federal Contract Tower,0,9,50,2,61,0,0,115,0,115,0,9,165,2,176,116,0,116,292
05/24/2023,ISM,FL,ASO,ES,Federal Contract Tower,0,11,43,0,54,0,3,87,0,90,0,14,130,0,144,90,0,90,234
05/25/2023,ISM,FL,ASO,ES,Federal Contract Tower,0,8,63,0,71,0,2,127,0,129,0,10,190,0,200,148,0,148,348
05/26/2023,ISM,FL,ASO,ES,Federal Contract Tower,0,18,54,0,72,0,7,82,0,89,0,25,136,0,161,32,0,32,193
05/27/2023,ISM,FL,ASO,ES,Federal Contract Tower,0,14,51,0,65,0,11,148,0,159,0,25,199,0,224,196,0,196,420
05/28/2023,ISM,FL,ASO,ES,Federal Contract Tower,0,10,39,0,49,0,7,171,0,178,0,17,210,0,227,76,0,76,303
05/29/2023,ISM,FL,ASO,ES,Federal Contract Tower,0,13,41,0,54,0,6,142,0,148,0,19,183,0,202,182,0,182,384
05/30/2023,ISM,FL,ASO,ES,Federal Contract Tower,0,13,75,0,88,0,2,193,0,195,0,15,268,0,283,216,0,216,499
05/31/2023,ISM,FL,ASO,ES,Federal Contract Tower,0,9,51,0,60,0,2,107,0,109,0,11,158,0,169,162,0,162,331
06/01/2023,ISM,FL,ASO,ES,Federal Contract Tower,0,13,41,0,54,0,2,94,0,96,0,15,135,0,150,172,0,172,322
06/02/2023,ISM,FL,ASO,ES,Federal Contract Tower,0,11,42,0,53,0,1,118,0,119,0,12,160,0,172,142,0,142,314
06/03/2023,ISM,FL,ASO,ES,Federal Contract Tower,0,7,51,0,58,0,0,52,0,52,0,7,103,0,110,48,0,48,158
06/05/2023,ISM,FL,ASO,ES,Federal Contract Tower,0,11,61,0,72,0,6,89,0,95,0,17,150,0,167,166,0,166,333
06/06/2023,ISM,FL,ASO,ES,Federal Contract Tower,0,10,64,0,74,0,4,177,0,181,0,14,241,0,255,280,0,280,535
06/07/2023,ISM,FL,ASO,ES,Federal Contract Tower,0,14,60,0,74,0,2,99,0,101,0,16,159,0,175,188,0,188,363
06/08/2023,ISM,FL,ASO,ES,Federal Contract Tower,0,19,53,0,72,0,6,93,0,99,0,25,146,0,171,156,0,156,327
06/09/2023,ISM,FL,ASO,ES,Federal Contract Tower,0,16,67,0,83,0,3,145,0,148,0,19,212,0,231,164,0,164,395
06/10/2023,ISM,FL,ASO,ES,Federal Contract Tower,0,8,48,0,56,0,3,115,0,118,0,11,163,0,174,192,0,192,366
06/11/2023,ISM,FL,ASO,ES,Federal Contract Tower,0,10,55,0,65,0,2,137,0,139,0,12,192,0,204,154,0,154,358
06/12/2023,ISM,FL,ASO,ES,Federal Contract Tower,0,9,60,1,70,0,7,121,1,129,0,16,181,2,199,224,0,224,423
06/13/2023,ISM,FL,ASO,ES,Federal Contract Tower,0,9,42,0,51,0,7,151,0,158,0,16,193,0,209,202,0,202,411
06/14/2023,ISM,FL,ASO,ES,Federal Contract Tower,0,3,52,0,55,0,4,113,0,117,0,7,165,0,172,210,0,210,382
06/15/2023,ISM,FL,ASO,ES,Federal Contract Tower,0,6,40,0,46,0,4,134,0,138,0,10,174,0,184,196,0,196,380
06/16/2023,ISM,FL,ASO,ES,Federal Contract Tower,0,8,53,0,61,0,2,92,0,94,0,10,145,0,155,118,0,118,273
06/17/2023,ISM,FL,ASO,ES,Federal Contract Tower,0,8,33,0,41,0,3,96,0,99,0,11,129,0,140,78,0,78,218
06/18/2023,ISM,FL,ASO,ES,Federal Contract Tower,0,10,36,0,46,0,2,80,0,82,0,12,116,0,128,106,0,106,234
06/19/2023,ISM,FL,ASO,ES,Federal Contract Tower,0,5,23,0,28,0,4,119,0,123,0,9,142,0,151,240,0,240,391
06/20/2023,ISM,FL,ASO,ES,Federal Contract Tower,0,13,46,0,59,0,0,102,0,102,0,13,148,0,161,186,0,186,347
06/21/2023,ISM,FL,ASO,ES,Federal Contract Tower,0,5,44,0,49,0,4,67,0,71,0,9,111,0,120,48,0,48,168
06/22/2023,ISM,FL,ASO,ES,Federal Contract Tower,0,16,40,0,56,0,2,140,0,142,0,18,180,0,198,276,0,276,474
06/23/2023,ISM,FL,ASO,ES,Federal Contract Tower,0,7,60,0,67,0,1,80,0,81,0,8,140,0,148,140,0,140,288
06/24/2023,ISM,FL,ASO,ES,Federal Contract Tower,0,14,49,0,63,0,0,102,0,102,0,14,151,0,165,132,0,132,297
06/25/2023,ISM,FL,ASO,ES,Federal Contract Tower,0,9,44,0,53,0,3,132,0,135,0,12,176,0,188,110,0,110,298
06/26/2023,ISM,FL,ASO,ES,Federal Contract Tower,0,12,83,0,95,0,3,119,0,122,0,15,202,0,217,226,0,226,443
06/27/2023,ISM,FL,ASO,ES,Federal Contract Tower,0,9,56,0,65,0,1,188,0,189,0,10,244,0,254,204,0,204,458
06/28/2023,ISM,FL,ASO,ES,Federal Contract Tower,0,15,82,0,97,0,1,76,0,77,0,16,158,0,174,198,0,198,372
06/29/2023,ISM,FL,ASO,ES,Federal Contract Tower,0,13,87,0,100,0,5,130,0,135,0,18,217,0,235,158,0,158,393
06/30/2023,ISM,FL,ASO,ES,Federal Contract Tower,0,17,71,0,88,0,3,153,0,156,0,20,224,0,244,128,0,128,372
07/01/2023,ISM,FL,ASO,ES,Federal Contract Tower,0,8,54,0,62,0,4,127,0,131,0,12,181,0,193,190,0,190,383
07/02/2023,ISM,FL,ASO,ES,Federal Contract Tower,0,9,27,0,36,0,4,83,0,87,0,13,110,0,123,158,0,158,281
07/03/2023,ISM,FL,ASO,ES,Federal Contract Tower,0,5,20,0,25,0,4,82,0,86,0,9,102,0,111,92,0,92,203
07/04/2023,ISM,FL,ASO,ES,Federal Contract Tower,0,7,34,0,41,0,5,102,0,107,0,12,136,0,148,96,0,96,244
07/05/2023,ISM,FL,ASO,ES,Federal Contract Tower,0,10,54,1,65,0,3,94,1,98,0,13,148,2,163,132,0,132,295
07/06/2023,ISM,FL,ASO,ES,Federal Contract Tower,0,12,51,0,63,0,8,178,0,186,0,20,229,0,249,206,0,206,455
07/07/2023,ISM,FL,ASO,ES,Federal Contract Tower,0,13,37,0,50,0,2,82,0,84,0,15,119,0,134,114,0,114,248
07/08/2023,ISM,FL,ASO,ES,Federal Contract Tower,0,10,42,0,52,0,5,117,0,122,0,15,159,0,174,120,0,120,294
07/09/2023,ISM,FL,ASO,ES,Federal Contract Tower,0,9,47,0,56,0,3,148,0,151,0,12,195,0,207,118,0,118,325
07/10/2023,ISM,FL,ASO,ES,Federal Contract Tower,0,6,62,0,68,0,2,87,0,89,0,8,149,0,157,122,0,122,279
07/11/2023,ISM,FL,ASO,ES,Federal Contract Tower,0,6,54,0,60,0,2,118,0,120,0,8,172,0,180,176,0,176,356
07/12/2023,ISM,FL,ASO,ES,Federal Contract Tower,0,7,52,0,59,0,3,101,0,104,0,10,153,0,163,244,0,244,407
07/13/2023,ISM,FL,ASO,ES,Federal Contract Tower,0,14,46,0,60,0,11,104,0,115,0,25,150,0,175,132,0,132,307
07/14/2023,ISM,FL,ASO,ES,Federal Contract Tower,0,5,44,0,49,0,4,133,0,137,0,9,177,0,186,168,0,168,354
07/15/2023,ISM,FL,ASO,ES,Federal Contract Tower,0,8,36,0,44,0,1,135,0,136,0,9,171,0,180,166,0,166,346
07/16/2023,ISM,FL,ASO,ES,Federal Contract Tower,0,8,43,0,51,0,0,64,0,64,0,8,107,0,115,166,0,166,281
07/17/2023,ISM,FL,ASO,ES,Federal Contract Tower,0,18,32,0,50,0,0,108,0,108,0,18,140,0,158,156,0,156,314
07/18/2023,ISM,FL,ASO,ES,Federal Contract Tower,0,9,38,0,47,0,7,135,0,142,0,16,173,0,189,214,0,214,403
07/19/2023,ISM,FL,ASO,ES,Federal Contract Tower,0,8,47,0,55,0,5,131,0,136,0,13,178,0,191,222,0,222,413
07/20/2023,ISM,FL,ASO,ES,Federal Contract Tower,0,9,63,0,72,0,8,184,0,192,0,17,247,0,264,250,0,250,514
07/21/2023,ISM,FL,ASO,ES,Federal Contract Tower,0,11,62,0,73,0,4,143,0,147,0,15,205,0,220,196,0,196,416
07/22/2023,ISM,FL,ASO,ES,Federal Contract Tower,0,4,44,0,48,0,2,137,0,139,0,6,181,0,187,166,0,166,353
07/23/2023,ISM,FL,ASO,ES,Federal Contract Tower,0,16,49,0,65,0,5,92,0,97,0,21,141,0,162,108,0,108,270
07/24/2023,ISM,FL,ASO,ES,Federal Contract Tower,0,2,39,0,41,0,7,91,0,98,0,9,130,0,139,168,0,168,307
07/25/2023,ISM,FL,ASO,ES,Federal Contract Tower,0,4,57,0,61,0,3,148,0,151,0,7,205,0,212,166,0,166,378
07/26/2023,ISM,FL,ASO,ES,Federal Contract Tower,0,8,40,0,48,0,4,96,0,100,0,12,136,0,148,178,0,178,326
07/27/2023,ISM,FL,ASO,ES,Federal Contract Tower,0,7,58,0,65,0,2,101,0,103,0,9,159,0,168,216,0,216,384
07/28/2023,ISM,FL,ASO,ES,Federal Contract Tower,0,5,57,0,62,0,0,131,0,131,0,5,188,0,193,168,0,168,361
07/29/2023,ISM,FL,ASO,ES,Federal Contract Tower,0,11,37,0,48,0,2,121,0,123,0,13,158,0,171,108,0,108,279
07/30/2023,ISM,FL,ASO,ES,Federal Contract Tower,0,9,33,0,42,0,4,127,0,131,0,13,160,0,173,130,0,130,303
07/31/2023,ISM,FL,ASO,ES,Federal Contract Tower,0,7,40,0,47,0,2,90,0,92,0,9,130,0,139,100,0,100,239
08/01/2023,ISM,FL,ASO,ES,Federal Contract Tower,0,3,48,0,51,0,3,128,0,131,0,6,176,0,182,164,0,164,346
08/02/2023,ISM,FL,ASO,ES,Federal Contract Tower,0,6,44,0,50,0,1,109,0,110,0,7,153,0,160,160,0,160,320
08/03/2023,ISM,FL,ASO,ES,Federal Contract Tower,0,11,51,0,62,0,4,128,0,132,0,15,179,0,194,242,0,242,436
08/04/2023,ISM,FL,ASO,ES,Federal Contract Tower,0,4,48,0,52,0,5,138,0,143,0,9,186,0,195,154,0,154,349
08/05/2023,ISM,FL,ASO,ES,Federal Contract Tower,0,7,46,0,53,0,1,155,0,156,0,8,201,0,209,130,0,130,339
08/06/2023,ISM,FL,ASO,ES,Federal Contract Tower,0,10,31,0,41,0,3,82,0,85,0,13,113,0,126,112,0,112,238
08/07/2023,ISM,FL,ASO,ES,Federal Contract Tower,0,4,52,0,56,0,4,116,0,120,0,8,168,0,176,216,0,216,392
08/08/2023,ISM,FL,ASO,ES,Federal Contract Tower,0,2,35,0,37,0,0,0,0,0,0,2,35,0,37,108,0,108,145
08/09/2023,ISM,FL,ASO,ES,Federal Contract Tower,0,11,67,0,78,0,12,134,0,146,0,23,201,0,224,166,0,166,390
08/10/2023,ISM,FL,ASO,ES,Federal Contract Tower,0,9,36,0,45,0,2,102,0,104,0,11,138,0,149,179,0,179,328
08/11/2023,ISM,FL,ASO,ES,Federal Contract Tower,0,10,45,0,55,0,6,120,0,126,0,16,165,0,181,192,0,192,373
08/12/2023,ISM,FL,ASO,ES,Federal Contract Tower,0,3,45,0,48,0,2,104,0,106,0,5,149,0,154,114,0,114,268
08/13/2023,ISM,FL,ASO,ES,Federal Contract Tower,0,4,44,0,48,0,2,84,0,86,0,6,128,0,134,86,0,86,220
08/14/2023,ISM,FL,ASO,ES,Federal Contract Tower,0,4,43,0,47,0,4,99,0,103,0,8,142,0,150,136,0,136,286
08/15/2023,ISM,FL,ASO,ES,Federal Contract Tower,0,7,54,0,61,0,2,144,0,146,0,9,198,0,207,126,0,126,333
08/16/2023,ISM,FL,ASO,ES,Federal Contract Tower,0,8,43,0,51,0,4,115,0,119,0,12,158,0,170,128,0,128,298
08/17/2023,ISM,FL,ASO,ES,Federal Contract Tower,0,3,51,0,54,0,3,103,0,106,0,6,154,0,160,180,0,180,340
08/18/2023,ISM,FL,ASO,ES,Federal Contract Tower,0,5,38,0,43,0,0,120,0,120,0,5,158,0,163,126,0,126,289
08/19/2023,ISM,FL,ASO,ES,Federal Contract Tower,0,6,50,0,56,0,6,133,0,139,0,12,183,0,195,186,0,186,381
08/20/2023,ISM,FL,ASO,ES,Federal Contract Tower,0,7,40,0,47,0,0,106,0,106,0,7,146,0,153,58,0,58,211
08/21/2023,ISM,FL,ASO,ES,Federal Contract Tower,0,14,56,0,70,0,5,126,0,131,0,19,182,0,201,74,0,74,275
08/22/2023,ISM,FL,ASO,ES,Federal Contract Tower,0,11,54,0,65,0,5,164,0,169,0,16,218,0,234,190,0,190,424
08/23/2023,ISM,FL,ASO,ES,Federal Contract Tower,0,9,49,0,58,0,6,118,0,124,0,15,167,0,182,188,0,188,370
08/24/2023,ISM,FL,ASO,ES,Federal Contract Tower,0,5,49,0,54,0,7,104,0,111,0,12,153,0,165,176,0,176,341
08/25/2023,ISM,FL,ASO,ES,Federal Contract Tower,0,7,47,0,54,0,3,102,0,105,0,10,149,0,159,156,0,156,315
08/26/2023,ISM,FL,ASO,ES,Federal Contract Tower,0,8,41,0,49,0,7,110,0,117,0,15,151,0,166,284,0,284,450
08/27/2023,ISM,FL,ASO,ES,Federal Contract Tower,0,2,35,0,37,0,2,117,0,119,0,4,152,0,156,144,0,144,300
08/28/2023,ISM,FL,ASO,ES,Federal Contract Tower,0,12,56,0,68,0,4,77,0,81,0,16,133,0,149,168,0,168,317
08/29/2023,ISM,FL,ASO,ES,Federal Contract Tower,0,9,31,0,40,0,4,107,0,111,0,13,138,0,151,164,0,164,315
08/30/2023,ISM,FL,ASO,ES,Federal Contract Tower,0,0,1,0,1,0,6,2,0,8,0,6,3,0,9,16,0,16,25
08/31/2023,ISM,FL,ASO,ES,Federal Contract Tower,0,7,20,0,27,0,4,72,0,76,0,11,92,0,103,203,0,203,306
