01/01/2020,ISO,NC,ASO,EN,Federal Contract Tower,0,1,1,0,2,0,0,11,0,11,0,1,12,0,13,10,0,10,23
01/02/2020,ISO,NC,ASO,EN,Federal Contract Tower,0,0,9,0,9,0,0,5,0,5,0,0,14,0,14,0,0,0,14
01/03/2020,ISO,NC,ASO,EN,Federal Contract Tower,0,0,1,0,1,0,0,0,0,0,0,0,1,0,1,0,0,0,1
01/04/2020,ISO,NC,ASO,EN,Federal Contract Tower,0,0,8,0,8,0,0,2,0,2,0,0,10,0,10,0,0,0,10
01/05/2020,ISO,NC,ASO,EN,Federal Contract Tower,0,0,4,0,4,0,0,8,0,8,0,0,12,0,12,12,0,12,24
01/06/2020,ISO,NC,ASO,EN,Federal Contract Tower,0,0,2,3,5,0,2,6,4,12,0,2,8,7,17,0,28,28,45
01/07/2020,ISO,NC,ASO,EN,Federal Contract Tower,0,0,5,18,23,0,0,4,7,11,0,0,9,25,34,0,60,60,94
01/08/2020,ISO,NC,ASO,EN,Federal Contract Tower,0,0,5,3,8,0,2,6,7,15,0,2,11,10,23,10,78,88,111
01/09/2020,ISO,NC,ASO,EN,Federal Contract Tower,0,2,9,29,40,0,1,17,3,21,0,3,26,32,61,6,62,68,129
01/10/2020,ISO,NC,ASO,EN,Federal Contract Tower,0,0,18,15,33,0,0,12,3,15,0,0,30,18,48,30,70,100,148
01/11/2020,ISO,NC,ASO,EN,Federal Contract Tower,0,0,4,4,8,0,0,4,0,4,0,0,8,4,12,0,16,16,28
01/12/2020,ISO,NC,ASO,EN,Federal Contract Tower,0,0,3,0,3,0,0,2,0,2,0,0,5,0,5,10,0,10,15
01/13/2020,ISO,NC,ASO,EN,Federal Contract Tower,0,0,8,0,8,0,0,0,0,0,0,0,8,0,8,0,0,0,8
01/14/2020,ISO,NC,ASO,EN,Federal Contract Tower,0,0,6,13,19,0,0,2,0,2,0,0,8,13,21,6,32,38,59
01/15/2020,ISO,NC,ASO,EN,Federal Contract Tower,0,2,10,13,25,0,0,0,2,2,0,2,10,15,27,20,10,30,57
01/16/2020,ISO,NC,ASO,EN,Federal Contract Tower,0,0,9,22,31,0,5,5,4,14,0,5,14,26,45,0,40,40,85
01/17/2020,ISO,NC,ASO,EN,Federal Contract Tower,0,2,11,8,21,0,0,7,6,13,0,2,18,14,34,0,38,38,72
01/18/2020,ISO,NC,ASO,EN,Federal Contract Tower,0,0,7,0,7,0,0,18,0,18,0,0,25,0,25,28,0,28,53
01/19/2020,ISO,NC,ASO,EN,Federal Contract Tower,0,2,3,0,5,0,0,2,0,2,0,2,5,0,7,16,0,16,23
01/20/2020,ISO,NC,ASO,EN,Federal Contract Tower,0,0,8,0,8,0,0,6,0,6,0,0,14,0,14,30,0,30,44
01/21/2020,ISO,NC,ASO,EN,Federal Contract Tower,0,0,7,6,13,0,1,11,2,14,0,1,18,8,27,6,0,6,33
01/22/2020,ISO,NC,ASO,EN,Federal Contract Tower,0,0,6,14,20,0,1,18,3,22,0,1,24,17,42,8,56,64,106
01/23/2020,ISO,NC,ASO,EN,Federal Contract Tower,0,0,20,20,40,0,1,12,4,17,0,1,32,24,57,16,36,52,109
01/24/2020,ISO,NC,ASO,EN,Federal Contract Tower,0,0,11,10,21,0,0,2,2,4,0,0,13,12,25,0,18,18,43
01/25/2020,ISO,NC,ASO,EN,Federal Contract Tower,0,0,6,0,6,0,0,10,2,12,0,0,16,2,18,0,8,8,26
01/26/2020,ISO,NC,ASO,EN,Federal Contract Tower,0,0,2,6,8,0,0,20,0,20,0,0,22,6,28,12,16,28,56
01/27/2020,ISO,NC,ASO,EN,Federal Contract Tower,0,2,10,11,23,0,0,9,4,13,0,2,19,15,36,10,36,46,82
01/28/2020,ISO,NC,ASO,EN,Federal Contract Tower,0,0,8,17,25,0,0,19,9,28,0,0,27,26,53,14,62,76,129
01/29/2020,ISO,NC,ASO,EN,Federal Contract Tower,0,0,4,12,16,0,7,20,0,27,0,7,24,12,43,28,44,72,115
01/30/2020,ISO,NC,ASO,EN,Federal Contract Tower,0,6,9,3,18,0,0,8,3,11,0,6,17,6,29,6,44,50,79
01/31/2020,ISO,NC,ASO,EN,Federal Contract Tower,0,1,8,44,53,0,0,6,0,6,0,1,14,44,59,2,40,42,101
02/01/2020,ISO,NC,ASO,EN,Federal Contract Tower,0,0,6,0,6,0,0,0,0,0,0,0,6,0,6,0,0,0,6
02/02/2020,ISO,NC,ASO,EN,Federal Contract Tower,0,0,3,2,5,0,0,13,2,15,0,0,16,4,20,24,0,24,44
02/03/2020,ISO,NC,ASO,EN,Federal Contract Tower,0,0,10,8,18,0,0,17,4,21,0,0,27,12,39,10,50,60,99
02/04/2020,ISO,NC,ASO,EN,Federal Contract Tower,0,0,7,16,23,0,5,6,6,17,0,5,13,22,40,8,80,88,128
02/05/2020,ISO,NC,ASO,EN,Federal Contract Tower,0,0,7,34,41,0,0,7,1,8,0,0,14,35,49,30,116,146,195
02/06/2020,ISO,NC,ASO,EN,Federal Contract Tower,0,0,1,0,1,0,0,0,0,0,0,0,1,0,1,0,0,0,1
02/07/2020,ISO,NC,ASO,EN,Federal Contract Tower,0,0,3,10,13,0,0,2,0,2,0,0,5,10,15,0,30,30,45
02/08/2020,ISO,NC,ASO,EN,Federal Contract Tower,0,0,5,2,7,0,0,7,0,7,0,0,12,2,14,24,10,34,48
02/09/2020,ISO,NC,ASO,EN,Federal Contract Tower,0,0,12,2,14,0,0,11,0,11,0,0,23,2,25,20,2,22,47
02/10/2020,ISO,NC,ASO,EN,Federal Contract Tower,0,0,9,12,21,0,0,7,6,13,0,0,16,18,34,14,26,40,74
02/11/2020,ISO,NC,ASO,EN,Federal Contract Tower,0,1,12,15,28,0,0,2,9,11,0,1,14,24,39,0,48,48,87
02/12/2020,ISO,NC,ASO,EN,Federal Contract Tower,0,1,12,9,22,0,9,2,1,12,0,10,14,10,34,0,12,12,46
02/13/2020,ISO,NC,ASO,EN,Federal Contract Tower,0,1,4,4,9,0,0,0,0,0,0,1,4,4,9,0,48,48,57
02/14/2020,ISO,NC,ASO,EN,Federal Contract Tower,0,2,13,2,17,0,0,7,2,9,0,2,20,4,26,2,18,20,46
02/15/2020,ISO,NC,ASO,EN,Federal Contract Tower,0,0,2,0,2,0,0,13,0,13,0,0,15,0,15,14,0,14,29
02/16/2020,ISO,NC,ASO,EN,Federal Contract Tower,0,2,9,0,11,0,0,8,0,8,0,2,17,0,19,0,0,0,19
02/17/2020,ISO,NC,ASO,EN,Federal Contract Tower,0,0,11,0,11,0,3,13,0,16,0,3,24,0,27,0,0,0,27
02/18/2020,ISO,NC,ASO,EN,Federal Contract Tower,0,2,12,6,20,0,0,2,0,2,0,2,14,6,22,2,24,26,48
02/19/2020,ISO,NC,ASO,EN,Federal Contract Tower,0,0,7,15,22,0,0,5,1,6,0,0,12,16,28,10,34,44,72
02/20/2020,ISO,NC,ASO,EN,Federal Contract Tower,0,0,6,0,6,0,0,2,2,4,0,0,8,2,10,0,6,6,16
02/21/2020,ISO,NC,ASO,EN,Federal Contract Tower,0,1,3,4,8,0,0,4,0,4,0,1,7,4,12,0,12,12,24
02/22/2020,ISO,NC,ASO,EN,Federal Contract Tower,0,0,4,0,4,0,0,7,0,7,0,0,11,0,11,42,0,42,53
02/23/2020,ISO,NC,ASO,EN,Federal Contract Tower,0,0,9,0,9,0,0,8,0,8,0,0,17,0,17,16,0,16,33
02/24/2020,ISO,NC,ASO,EN,Federal Contract Tower,0,0,13,12,25,0,0,7,5,12,0,0,20,17,37,12,34,46,83
02/25/2020,ISO,NC,ASO,EN,Federal Contract Tower,0,1,4,8,13,0,0,0,2,2,0,1,4,10,15,12,50,62,77
02/26/2020,ISO,NC,ASO,EN,Federal Contract Tower,0,6,7,2,15,0,0,0,2,2,0,6,7,4,17,0,24,24,41
02/27/2020,ISO,NC,ASO,EN,Federal Contract Tower,0,1,10,18,29,0,3,8,0,11,0,4,18,18,40,34,24,58,98
02/28/2020,ISO,NC,ASO,EN,Federal Contract Tower,0,2,9,16,27,0,0,27,1,28,0,2,36,17,55,0,26,26,81
02/29/2020,ISO,NC,ASO,EN,Federal Contract Tower,0,1,7,0,8,0,0,2,0,2,0,1,9,0,10,2,0,2,12
03/01/2020,ISO,NC,ASO,EN,Federal Contract Tower,0,0,6,0,6,0,0,19,0,19,0,0,25,0,25,62,0,62,87
03/02/2020,ISO,NC,ASO,EN,Federal Contract Tower,0,0,3,6,9,0,4,14,5,23,0,4,17,11,32,0,26,26,58
03/03/2020,ISO,NC,ASO,EN,Federal Contract Tower,0,0,2,8,10,0,0,0,0,0,0,0,2,8,10,0,18,18,28
03/04/2020,ISO,NC,ASO,EN,Federal Contract Tower,0,0,3,17,20,0,0,14,1,15,0,0,17,18,35,10,54,64,99
03/05/2020,ISO,NC,ASO,EN,Federal Contract Tower,0,0,6,7,13,0,0,0,1,1,0,0,6,8,14,0,26,26,40
03/06/2020,ISO,NC,ASO,EN,Federal Contract Tower,0,0,4,2,6,0,0,0,2,2,0,0,4,4,8,0,20,20,28
03/07/2020,ISO,NC,ASO,EN,Federal Contract Tower,0,0,3,0,3,0,0,1,0,1,0,0,4,0,4,0,0,0,4
03/08/2020,ISO,NC,ASO,EN,Federal Contract Tower,0,0,7,0,7,0,0,25,0,25,0,0,32,0,32,38,0,38,70
03/09/2020,ISO,NC,ASO,EN,Federal Contract Tower,0,1,3,12,16,0,8,14,2,24,0,9,17,14,40,8,16,24,64
03/10/2020,ISO,NC,ASO,EN,Federal Contract Tower,0,0,6,14,20,0,5,18,11,34,0,5,24,25,54,20,22,42,96
03/11/2020,ISO,NC,ASO,EN,Federal Contract Tower,0,0,9,6,15,0,6,12,2,20,0,6,21,8,35,18,66,84,119
03/12/2020,ISO,NC,ASO,EN,Federal Contract Tower,0,0,5,8,13,0,1,17,9,27,0,1,22,17,40,30,78,108,148
03/13/2020,ISO,NC,ASO,EN,Federal Contract Tower,0,2,10,3,15,0,0,17,6,23,0,2,27,9,38,8,51,59,97
03/14/2020,ISO,NC,ASO,EN,Federal Contract Tower,0,0,7,0,7,0,0,36,0,36,0,0,43,0,43,4,0,4,47
03/15/2020,ISO,NC,ASO,EN,Federal Contract Tower,0,0,4,0,4,0,0,0,0,0,0,0,4,0,4,0,0,0,4
03/16/2020,ISO,NC,ASO,EN,Federal Contract Tower,0,0,10,20,30,0,1,24,0,25,0,1,34,20,55,54,10,64,119
03/17/2020,ISO,NC,ASO,EN,Federal Contract Tower,0,0,11,23,34,0,0,2,0,2,0,0,13,23,36,0,0,0,36
03/18/2020,ISO,NC,ASO,EN,Federal Contract Tower,0,0,4,8,12,0,2,3,0,5,0,2,7,8,17,12,10,22,39
03/19/2020,ISO,NC,ASO,EN,Federal Contract Tower,0,0,8,6,14,0,1,9,0,10,0,1,17,6,24,24,8,32,56
03/20/2020,ISO,NC,ASO,EN,Federal Contract Tower,0,0,4,4,8,0,0,12,0,12,0,0,16,4,20,24,2,26,46
03/21/2020,ISO,NC,ASO,EN,Federal Contract Tower,0,0,15,0,15,0,0,6,0,6,0,0,21,0,21,0,0,0,21
03/22/2020,ISO,NC,ASO,EN,Federal Contract Tower,0,0,2,0,2,0,0,6,0,6,0,0,8,0,8,12,0,12,20
03/23/2020,ISO,NC,ASO,EN,Federal Contract Tower,0,0,5,2,7,0,0,0,0,0,0,0,5,2,7,0,0,0,7
03/24/2020,ISO,NC,ASO,EN,Federal Contract Tower,0,0,8,7,15,0,0,2,0,2,0,0,10,7,17,0,12,12,29
03/25/2020,ISO,NC,ASO,EN,Federal Contract Tower,0,0,4,2,6,0,0,0,0,0,0,0,4,2,6,8,0,8,14
03/26/2020,ISO,NC,ASO,EN,Federal Contract Tower,0,0,6,20,26,4,0,13,0,17,4,0,19,20,43,20,14,34,77
03/27/2020,ISO,NC,ASO,EN,Federal Contract Tower,0,1,10,0,11,0,3,24,0,27,0,4,34,0,38,4,0,4,42
03/28/2020,ISO,NC,ASO,EN,Federal Contract Tower,0,0,6,0,6,0,0,8,0,8,0,0,14,0,14,16,0,16,30
03/29/2020,ISO,NC,ASO,EN,Federal Contract Tower,0,0,2,0,2,0,4,10,0,14,0,4,12,0,16,0,0,0,16
03/30/2020,ISO,NC,ASO,EN,Federal Contract Tower,0,0,12,4,16,0,5,12,6,23,0,5,24,10,39,0,34,34,73
03/31/2020,ISO,NC,ASO,EN,Federal Contract Tower,0,0,8,18,26,0,0,3,4,7,0,0,11,22,33,6,32,38,71
04/01/2020,ISO,NC,ASO,EN,Federal Contract Tower,0,0,4,16,20,0,0,0,2,2,0,0,4,18,22,0,44,44,66
04/02/2020,ISO,NC,ASO,EN,Federal Contract Tower,0,0,10,1,11,0,6,6,3,15,0,6,16,4,26,0,38,38,64
04/03/2020,ISO,NC,ASO,EN,Federal Contract Tower,0,0,5,12,17,0,0,14,0,14,0,0,19,12,31,0,38,38,69
04/04/2020,ISO,NC,ASO,EN,Federal Contract Tower,0,0,0,0,0,0,0,21,0,21,0,0,21,0,21,12,0,12,33
04/05/2020,ISO,NC,ASO,EN,Federal Contract Tower,0,0,2,0,2,0,6,12,0,18,0,6,14,0,20,18,0,18,38
04/06/2020,ISO,NC,ASO,EN,Federal Contract Tower,0,0,9,11,20,0,3,12,7,22,0,3,21,18,42,2,40,42,84
04/07/2020,ISO,NC,ASO,EN,Federal Contract Tower,0,0,4,14,18,0,2,3,2,7,0,2,7,16,25,0,0,0,25
04/08/2020,ISO,NC,ASO,EN,Federal Contract Tower,0,0,4,5,9,0,3,5,1,9,0,3,9,6,18,0,36,36,54
04/09/2020,ISO,NC,ASO,EN,Federal Contract Tower,0,0,0,2,2,0,0,9,1,10,0,0,9,3,12,0,20,20,32
04/10/2020,ISO,NC,ASO,EN,Federal Contract Tower,0,0,4,3,7,0,0,9,1,10,0,0,13,4,17,0,14,14,31
04/11/2020,ISO,NC,ASO,EN,Federal Contract Tower,0,0,1,0,1,0,0,27,0,27,0,0,28,0,28,30,0,30,58
04/12/2020,ISO,NC,ASO,EN,Federal Contract Tower,0,0,0,0,0,0,2,12,0,14,0,2,12,0,14,6,0,6,20
04/13/2020,ISO,NC,ASO,EN,Federal Contract Tower,0,0,1,2,3,0,0,2,4,6,0,0,3,6,9,0,38,38,47
04/14/2020,ISO,NC,ASO,EN,Federal Contract Tower,0,0,5,7,12,0,1,7,3,11,0,1,12,10,23,8,20,28,51
04/15/2020,ISO,NC,ASO,EN,Federal Contract Tower,0,0,2,4,6,0,0,2,2,4,0,0,4,6,10,2,46,48,58
04/16/2020,ISO,NC,ASO,EN,Federal Contract Tower,0,0,8,2,10,0,4,8,4,16,0,4,16,6,26,8,56,64,90
04/17/2020,ISO,NC,ASO,EN,Federal Contract Tower,0,0,4,30,34,0,0,21,2,23,0,0,25,32,57,29,42,71,128
04/18/2020,ISO,NC,ASO,EN,Federal Contract Tower,0,0,7,0,7,0,0,10,0,10,0,0,17,0,17,0,0,0,17
04/19/2020,ISO,NC,ASO,EN,Federal Contract Tower,0,0,4,0,4,0,0,0,0,0,0,0,4,0,4,0,0,0,4
04/20/2020,ISO,NC,ASO,EN,Federal Contract Tower,0,2,7,4,13,0,0,2,0,2,0,2,9,4,15,4,4,8,23
04/21/2020,ISO,NC,ASO,EN,Federal Contract Tower,0,0,4,30,34,0,4,6,2,12,0,4,10,32,46,2,32,34,80
04/22/2020,ISO,NC,ASO,EN,Federal Contract Tower,0,0,2,6,8,0,5,19,2,26,0,5,21,8,34,14,26,40,74
04/23/2020,ISO,NC,ASO,EN,Federal Contract Tower,0,0,2,4,6,0,0,0,2,2,0,0,2,6,8,0,26,26,34
04/24/2020,ISO,NC,ASO,EN,Federal Contract Tower,0,0,4,10,14,0,0,1,4,5,0,0,5,14,19,26,8,34,53
04/25/2020,ISO,NC,ASO,EN,Federal Contract Tower,0,0,1,0,1,0,0,0,0,0,0,0,1,0,1,0,0,0,1
04/26/2020,ISO,NC,ASO,EN,Federal Contract Tower,0,0,4,0,4,0,4,9,2,15,0,4,13,2,19,0,22,22,41
04/27/2020,ISO,NC,ASO,EN,Federal Contract Tower,0,0,9,15,24,0,4,12,1,17,0,4,21,16,41,10,48,58,99
04/28/2020,ISO,NC,ASO,EN,Federal Contract Tower,0,1,4,8,13,0,5,14,6,25,0,6,18,14,38,6,48,54,92
04/29/2020,ISO,NC,ASO,EN,Federal Contract Tower,0,0,6,4,10,0,5,10,2,17,0,5,16,6,27,0,14,14,41
04/30/2020,ISO,NC,ASO,EN,Federal Contract Tower,0,1,14,0,15,0,0,2,2,4,0,1,16,2,19,0,0,0,19
05/01/2020,ISO,NC,ASO,EN,Federal Contract Tower,0,0,15,10,25,0,0,14,2,16,0,0,29,12,41,20,82,102,143
05/02/2020,ISO,NC,ASO,EN,Federal Contract Tower,0,0,4,1,5,0,0,4,3,7,0,0,8,4,12,20,14,34,46
05/03/2020,ISO,NC,ASO,EN,Federal Contract Tower,0,0,7,0,7,0,0,11,0,11,0,0,18,0,18,30,0,30,48
05/04/2020,ISO,NC,ASO,EN,Federal Contract Tower,0,1,10,23,34,0,1,8,0,9,0,2,18,23,43,18,54,72,115
05/05/2020,ISO,NC,ASO,EN,Federal Contract Tower,0,0,5,5,10,0,0,3,3,6,0,0,8,8,16,4,44,48,64
05/06/2020,ISO,NC,ASO,EN,Federal Contract Tower,0,2,10,13,25,0,0,5,2,7,0,2,15,15,32,6,64,70,102
05/07/2020,ISO,NC,ASO,EN,Federal Contract Tower,0,0,12,5,17,0,2,14,1,17,0,2,26,6,34,18,30,48,82
05/08/2020,ISO,NC,ASO,EN,Federal Contract Tower,0,0,15,6,21,0,0,9,0,9,0,0,24,6,30,0,39,39,69
05/09/2020,ISO,NC,ASO,EN,Federal Contract Tower,0,0,5,1,6,0,0,17,1,18,0,0,22,2,24,26,10,36,60
05/10/2020,ISO,NC,ASO,EN,Federal Contract Tower,0,0,8,0,8,0,0,22,0,22,0,0,30,0,30,20,0,20,50
05/11/2020,ISO,NC,ASO,EN,Federal Contract Tower,0,0,8,4,12,0,3,20,6,29,0,3,28,10,41,4,42,46,87
05/12/2020,ISO,NC,ASO,EN,Federal Contract Tower,0,1,22,5,28,0,0,47,3,50,0,1,69,8,78,8,76,84,162
05/13/2020,ISO,NC,ASO,EN,Federal Contract Tower,0,2,9,24,35,0,3,54,6,63,0,5,63,30,98,14,100,114,212
05/14/2020,ISO,NC,ASO,EN,Federal Contract Tower,0,0,7,9,16,0,1,5,7,13,0,1,12,16,29,0,38,38,67
05/15/2020,ISO,NC,ASO,EN,Federal Contract Tower,0,0,13,9,22,0,0,13,1,14,0,0,26,10,36,10,42,52,88
05/16/2020,ISO,NC,ASO,EN,Federal Contract Tower,0,0,12,0,12,0,0,4,0,4,0,0,16,0,16,6,0,6,22
05/17/2020,ISO,NC,ASO,EN,Federal Contract Tower,0,0,6,0,6,0,0,2,0,2,0,0,8,0,8,0,0,0,8
05/18/2020,ISO,NC,ASO,EN,Federal Contract Tower,0,0,6,0,6,0,0,0,0,0,0,0,6,0,6,0,0,0,6
05/19/2020,ISO,NC,ASO,EN,Federal Contract Tower,0,1,15,2,18,0,0,0,0,0,0,1,15,2,18,0,0,0,18
05/20/2020,ISO,NC,ASO,EN,Federal Contract Tower,0,0,11,0,11,0,0,0,0,0,0,0,11,0,11,0,0,0,11
05/21/2020,ISO,NC,ASO,EN,Federal Contract Tower,0,1,7,0,8,0,0,0,0,0,0,1,7,0,8,0,0,0,8
05/22/2020,ISO,NC,ASO,EN,Federal Contract Tower,0,0,7,2,9,0,0,4,0,4,0,0,11,2,13,2,0,2,15
05/23/2020,ISO,NC,ASO,EN,Federal Contract Tower,0,0,5,0,5,0,0,3,0,3,0,0,8,0,8,2,0,2,10
05/24/2020,ISO,NC,ASO,EN,Federal Contract Tower,0,2,15,1,18,0,0,15,0,15,0,2,30,1,33,27,0,27,60
05/25/2020,ISO,NC,ASO,EN,Federal Contract Tower,0,0,12,0,12,0,0,3,0,3,0,0,15,0,15,0,0,0,15
05/26/2020,ISO,NC,ASO,EN,Federal Contract Tower,0,0,12,1,13,0,0,0,1,1,0,0,12,2,14,0,0,0,14
05/27/2020,ISO,NC,ASO,EN,Federal Contract Tower,0,5,2,10,17,0,0,2,0,2,0,5,4,10,19,6,18,24,43
05/28/2020,ISO,NC,ASO,EN,Federal Contract Tower,0,0,8,8,16,0,0,0,0,0,0,0,8,8,16,10,24,34,50
05/29/2020,ISO,NC,ASO,EN,Federal Contract Tower,0,0,8,4,12,0,0,0,0,0,0,0,8,4,12,0,8,8,20
05/30/2020,ISO,NC,ASO,EN,Federal Contract Tower,0,1,3,0,4,0,0,2,0,2,0,1,5,0,6,6,0,6,12
05/31/2020,ISO,NC,ASO,EN,Federal Contract Tower,0,0,6,0,6,0,0,16,0,16,0,0,22,0,22,46,0,46,68
06/01/2020,ISO,NC,ASO,EN,Federal Contract Tower,0,0,15,0,15,0,0,9,0,9,0,0,24,0,24,2,4,6,30
06/02/2020,ISO,NC,ASO,EN,Federal Contract Tower,0,0,12,10,22,0,2,12,5,19,0,2,24,15,41,8,58,66,107
06/03/2020,ISO,NC,ASO,EN,Federal Contract Tower,0,2,4,30,36,0,3,1,4,8,0,5,5,34,44,4,108,112,156
06/04/2020,ISO,NC,ASO,EN,Federal Contract Tower,0,1,14,13,28,0,0,10,0,10,0,1,24,13,38,10,82,92,130
06/05/2020,ISO,NC,ASO,EN,Federal Contract Tower,0,0,6,6,12,0,0,1,2,3,0,0,7,8,15,6,38,44,59
06/06/2020,ISO,NC,ASO,EN,Federal Contract Tower,0,0,9,0,9,0,0,0,0,0,0,0,9,0,9,2,0,2,11
06/07/2020,ISO,NC,ASO,EN,Federal Contract Tower,0,0,6,0,6,0,0,2,0,2,0,0,8,0,8,4,0,4,12
06/08/2020,ISO,NC,ASO,EN,Federal Contract Tower,0,1,11,19,31,0,3,2,9,14,0,4,13,28,45,8,30,38,83
06/09/2020,ISO,NC,ASO,EN,Federal Contract Tower,0,0,10,1,11,0,0,3,1,4,0,0,13,2,15,0,14,14,29
06/10/2020,ISO,NC,ASO,EN,Federal Contract Tower,0,0,10,36,46,0,2,0,0,2,0,2,10,36,48,0,50,50,98
06/11/2020,ISO,NC,ASO,EN,Federal Contract Tower,0,1,10,2,13,0,0,0,0,0,0,1,10,2,13,0,0,0,13
06/12/2020,ISO,NC,ASO,EN,Federal Contract Tower,0,0,3,1,4,0,0,2,1,3,0,0,5,2,7,4,8,12,19
06/13/2020,ISO,NC,ASO,EN,Federal Contract Tower,0,0,7,0,7,0,0,4,0,4,0,0,11,0,11,6,0,6,17
06/14/2020,ISO,NC,ASO,EN,Federal Contract Tower,0,0,4,0,4,0,0,2,0,2,0,0,6,0,6,0,0,0,6
06/15/2020,ISO,NC,ASO,EN,Federal Contract Tower,0,0,6,0,6,0,0,0,0,0,0,0,6,0,6,0,0,0,6
06/16/2020,ISO,NC,ASO,EN,Federal Contract Tower,0,0,8,0,8,0,0,0,0,0,0,0,8,0,8,0,0,0,8
06/17/2020,ISO,NC,ASO,EN,Federal Contract Tower,0,0,14,8,22,0,0,1,3,4,0,0,15,11,26,0,58,58,84
06/18/2020,ISO,NC,ASO,EN,Federal Contract Tower,0,0,14,13,27,0,3,9,6,18,0,3,23,19,45,10,104,114,159
06/19/2020,ISO,NC,ASO,EN,Federal Contract Tower,0,0,10,12,22,0,3,0,0,3,0,3,10,12,25,0,14,14,39
06/20/2020,ISO,NC,ASO,EN,Federal Contract Tower,0,0,11,0,11,0,0,2,0,2,0,0,13,0,13,0,0,0,13
06/21/2020,ISO,NC,ASO,EN,Federal Contract Tower,0,0,1,0,1,0,0,13,0,13,0,0,14,0,14,8,0,8,22
06/22/2020,ISO,NC,ASO,EN,Federal Contract Tower,0,1,9,11,21,0,0,11,3,14,0,1,20,14,35,6,40,46,81
06/23/2020,ISO,NC,ASO,EN,Federal Contract Tower,0,1,17,7,25,0,6,10,5,21,0,7,27,12,46,4,46,50,96
06/24/2020,ISO,NC,ASO,EN,Federal Contract Tower,0,0,17,8,25,0,2,10,2,14,0,2,27,10,39,20,22,42,81
06/25/2020,ISO,NC,ASO,EN,Federal Contract Tower,0,2,11,4,17,0,0,2,0,2,0,2,13,4,19,4,0,4,23
06/26/2020,ISO,NC,ASO,EN,Federal Contract Tower,0,4,9,0,13,0,3,17,12,32,0,7,26,12,45,4,56,60,105
06/27/2020,ISO,NC,ASO,EN,Federal Contract Tower,0,0,10,0,10,0,0,6,0,6,0,0,16,0,16,8,6,14,30
06/28/2020,ISO,NC,ASO,EN,Federal Contract Tower,0,0,8,0,8,0,0,2,0,2,0,0,10,0,10,2,0,2,12
06/29/2020,ISO,NC,ASO,EN,Federal Contract Tower,0,2,7,9,18,0,1,22,8,31,0,3,29,17,49,46,36,82,131
06/30/2020,ISO,NC,ASO,EN,Federal Contract Tower,0,1,14,11,26,0,2,11,3,16,0,3,25,14,42,22,14,36,78
07/01/2020,ISO,NC,ASO,EN,Federal Contract Tower,0,0,5,22,27,0,0,6,2,8,0,0,11,24,35,0,22,22,57
07/02/2020,ISO,NC,ASO,EN,Federal Contract Tower,0,0,7,2,9,0,8,7,0,15,0,8,14,2,24,18,18,36,60
07/03/2020,ISO,NC,ASO,EN,Federal Contract Tower,0,0,9,2,11,0,0,17,0,17,0,0,26,2,28,40,0,40,68
07/04/2020,ISO,NC,ASO,EN,Federal Contract Tower,0,0,5,0,5,0,0,4,0,4,0,0,9,0,9,0,0,0,9
07/05/2020,ISO,NC,ASO,EN,Federal Contract Tower,0,0,0,1,1,0,0,0,0,0,0,0,0,1,1,14,0,14,15
07/06/2020,ISO,NC,ASO,EN,Federal Contract Tower,0,0,7,2,9,0,4,5,2,11,0,4,12,4,20,12,22,34,54
07/07/2020,ISO,NC,ASO,EN,Federal Contract Tower,0,1,5,1,7,0,0,2,3,5,0,1,7,4,12,4,24,28,40
07/08/2020,ISO,NC,ASO,EN,Federal Contract Tower,0,0,10,0,10,0,0,0,0,0,0,0,10,0,10,0,0,0,10
07/09/2020,ISO,NC,ASO,EN,Federal Contract Tower,0,0,2,18,20,0,0,0,4,4,0,0,2,22,24,0,18,18,42
07/10/2020,ISO,NC,ASO,EN,Federal Contract Tower,0,1,2,6,9,0,4,5,10,19,0,5,7,16,28,22,48,70,98
07/11/2020,ISO,NC,ASO,EN,Federal Contract Tower,0,0,5,0,5,0,0,8,0,8,0,0,13,0,13,27,0,27,40
07/12/2020,ISO,NC,ASO,EN,Federal Contract Tower,0,0,5,5,10,0,0,16,0,16,0,0,21,5,26,16,16,32,58
07/13/2020,ISO,NC,ASO,EN,Federal Contract Tower,1,2,4,14,21,0,0,7,7,14,1,2,11,21,35,14,24,38,73
07/14/2020,ISO,NC,ASO,EN,Federal Contract Tower,0,0,1,6,7,0,0,13,7,20,0,0,14,13,27,6,98,104,131
07/15/2020,ISO,NC,ASO,EN,Federal Contract Tower,0,2,2,22,26,0,3,10,6,19,0,5,12,28,45,10,68,78,123
07/16/2020,ISO,NC,ASO,EN,Federal Contract Tower,0,0,4,10,14,0,4,7,8,19,0,4,11,18,33,10,42,52,85
07/17/2020,ISO,NC,ASO,EN,Federal Contract Tower,0,3,10,4,17,0,0,6,2,8,0,3,16,6,25,8,58,66,91
07/18/2020,ISO,NC,ASO,EN,Federal Contract Tower,0,0,2,0,2,0,0,6,0,6,0,0,8,0,8,4,0,4,12
07/19/2020,ISO,NC,ASO,EN,Federal Contract Tower,0,0,2,0,2,0,0,9,0,9,0,0,11,0,11,30,0,30,41
07/20/2020,ISO,NC,ASO,EN,Federal Contract Tower,0,0,7,6,13,0,1,4,2,7,0,1,11,8,20,22,4,26,46
07/21/2020,ISO,NC,ASO,EN,Federal Contract Tower,0,1,2,15,18,0,7,9,6,22,0,8,11,21,40,28,68,96,136
07/22/2020,ISO,NC,ASO,EN,Federal Contract Tower,0,1,8,13,22,0,3,7,3,13,0,4,15,16,35,14,46,60,95
07/23/2020,ISO,NC,ASO,EN,Federal Contract Tower,0,0,4,21,25,0,11,5,1,17,0,11,9,22,42,0,16,16,58
07/24/2020,ISO,NC,ASO,EN,Federal Contract Tower,0,2,9,4,15,0,2,0,0,2,0,4,9,4,17,0,26,26,43
07/25/2020,ISO,NC,ASO,EN,Federal Contract Tower,0,0,5,0,5,0,2,3,0,5,0,2,8,0,10,0,0,0,10
07/26/2020,ISO,NC,ASO,EN,Federal Contract Tower,0,0,1,0,1,0,5,6,0,11,0,5,7,0,12,0,0,0,12
07/27/2020,ISO,NC,ASO,EN,Federal Contract Tower,0,0,8,26,34,0,7,10,7,24,0,7,18,33,58,22,36,58,116
07/28/2020,ISO,NC,ASO,EN,Federal Contract Tower,0,2,2,0,4,0,5,6,0,11,0,7,8,0,15,0,0,0,15
07/29/2020,ISO,NC,ASO,EN,Federal Contract Tower,0,3,4,12,19,0,3,0,2,5,0,6,4,14,24,0,24,24,48
07/30/2020,ISO,NC,ASO,EN,Federal Contract Tower,0,0,3,6,9,0,4,4,0,8,0,4,7,6,17,6,0,6,23
07/31/2020,ISO,NC,ASO,EN,Federal Contract Tower,0,0,15,0,15,0,3,0,0,3,0,3,15,0,18,4,0,4,22
08/01/2020,ISO,NC,ASO,EN,Federal Contract Tower,0,0,3,0,3,0,0,0,0,0,0,0,3,0,3,0,0,0,3
08/02/2020,ISO,NC,ASO,EN,Federal Contract Tower,0,0,1,0,1,0,0,1,0,1,0,0,2,0,2,4,0,4,6
08/03/2020,ISO,NC,ASO,EN,Federal Contract Tower,0,3,2,2,7,0,0,0,2,2,0,3,2,4,9,0,12,12,21
08/04/2020,ISO,NC,ASO,EN,Federal Contract Tower,0,1,5,0,6,0,0,0,0,0,0,1,5,0,6,0,0,0,6
08/05/2020,ISO,NC,ASO,EN,Federal Contract Tower,0,0,3,4,7,0,0,10,1,11,0,0,13,5,18,18,14,32,50
08/06/2020,ISO,NC,ASO,EN,Federal Contract Tower,0,3,15,1,19,0,0,2,7,9,0,3,17,8,28,0,38,38,66
08/07/2020,ISO,NC,ASO,EN,Federal Contract Tower,0,0,4,0,4,0,2,0,2,4,0,2,4,2,8,0,0,0,8
08/08/2020,ISO,NC,ASO,EN,Federal Contract Tower,0,0,2,0,2,0,0,7,0,7,0,0,9,0,9,6,0,6,15
08/09/2020,ISO,NC,ASO,EN,Federal Contract Tower,0,0,6,0,6,0,0,3,0,3,0,0,9,0,9,8,0,8,17
08/10/2020,ISO,NC,ASO,EN,Federal Contract Tower,0,0,4,7,11,0,2,2,3,7,0,2,6,10,18,14,4,18,36
08/11/2020,ISO,NC,ASO,EN,Federal Contract Tower,0,0,6,0,6,0,0,7,0,7,0,0,13,0,13,6,0,6,19
08/12/2020,ISO,NC,ASO,EN,Federal Contract Tower,0,0,7,1,8,0,5,10,1,16,0,5,17,2,24,2,0,2,26
08/13/2020,ISO,NC,ASO,EN,Federal Contract Tower,0,0,5,10,15,0,2,2,0,4,0,2,7,10,19,0,34,34,53
08/14/2020,ISO,NC,ASO,EN,Federal Contract Tower,0,2,8,2,12,0,3,10,0,13,0,5,18,2,25,10,0,10,35
08/15/2020,ISO,NC,ASO,EN,Federal Contract Tower,0,0,6,0,6,0,0,1,0,1,0,0,7,0,7,0,0,0,7
08/16/2020,ISO,NC,ASO,EN,Federal Contract Tower,0,0,5,0,5,0,0,0,0,0,0,0,5,0,5,0,0,0,5
08/17/2020,ISO,NC,ASO,EN,Federal Contract Tower,0,2,3,6,11,0,0,7,2,9,0,2,10,8,20,4,16,20,40
08/18/2020,ISO,NC,ASO,EN,Federal Contract Tower,0,2,9,10,21,0,1,21,7,29,0,3,30,17,50,64,46,110,160
08/19/2020,ISO,NC,ASO,EN,Federal Contract Tower,0,1,7,0,8,0,0,3,0,3,0,1,10,0,11,8,0,8,19
08/20/2020,ISO,NC,ASO,EN,Federal Contract Tower,0,0,4,7,11,0,0,0,0,0,0,0,4,7,11,0,10,10,21
08/21/2020,ISO,NC,ASO,EN,Federal Contract Tower,0,0,4,30,34,0,2,6,4,12,0,2,10,34,46,16,131,147,193
08/22/2020,ISO,NC,ASO,EN,Federal Contract Tower,0,0,6,0,6,0,0,0,0,0,0,0,6,0,6,0,0,0,6
08/23/2020,ISO,NC,ASO,EN,Federal Contract Tower,0,0,7,0,7,0,0,5,0,5,0,0,12,0,12,42,0,42,54
08/24/2020,ISO,NC,ASO,EN,Federal Contract Tower,0,0,8,10,18,0,0,4,0,4,0,0,12,10,22,6,22,28,50
08/25/2020,ISO,NC,ASO,EN,Federal Contract Tower,0,4,2,16,22,0,6,2,0,8,0,10,4,16,30,24,38,62,92
08/26/2020,ISO,NC,ASO,EN,Federal Contract Tower,0,0,3,9,12,0,3,14,0,17,0,3,17,9,29,10,50,60,89
08/27/2020,ISO,NC,ASO,EN,Federal Contract Tower,0,2,8,11,21,0,3,9,2,14,0,5,17,13,35,0,4,4,39
08/28/2020,ISO,NC,ASO,EN,Federal Contract Tower,1,0,2,4,7,0,4,8,4,16,1,4,10,8,23,24,44,68,91
08/29/2020,ISO,NC,ASO,EN,Federal Contract Tower,0,1,5,2,8,0,0,0,0,0,0,1,5,2,8,4,0,4,12
08/30/2020,ISO,NC,ASO,EN,Federal Contract Tower,0,0,3,2,5,0,0,1,0,1,0,0,4,2,6,12,0,12,18
08/31/2020,ISO,NC,ASO,EN,Federal Contract Tower,0,0,15,24,39,0,4,8,5,17,0,4,23,29,56,8,34,42,98
09/01/2020,ISO,NC,ASO,EN,Federal Contract Tower,0,0,8,30,38,0,0,4,12,16,0,0,12,42,54,0,48,48,102
09/02/2020,ISO,NC,ASO,EN,Federal Contract Tower,0,0,11,20,31,0,6,9,2,17,0,6,20,22,48,36,36,72,120
09/03/2020,ISO,NC,ASO,EN,Federal Contract Tower,0,0,9,13,22,0,19,8,4,31,0,19,17,17,53,0,5,5,58
09/04/2020,ISO,NC,ASO,EN,Federal Contract Tower,0,0,6,6,12,0,1,13,0,14,0,1,19,6,26,50,16,66,92
09/05/2020,ISO,NC,ASO,EN,Federal Contract Tower,0,0,2,0,2,0,0,8,0,8,0,0,10,0,10,12,0,12,22
09/06/2020,ISO,NC,ASO,EN,Federal Contract Tower,0,0,0,0,0,0,0,1,0,1,0,0,1,0,1,22,0,22,23
09/07/2020,ISO,NC,ASO,EN,Federal Contract Tower,0,0,5,0,5,0,0,10,0,10,0,0,15,0,15,12,0,12,27
09/08/2020,ISO,NC,ASO,EN,Federal Contract Tower,0,0,11,4,15,0,0,1,2,3,0,0,12,6,18,0,0,0,18
09/09/2020,ISO,NC,ASO,EN,Federal Contract Tower,0,0,6,14,20,0,0,0,0,0,0,0,6,14,20,0,0,0,20
09/10/2020,ISO,NC,ASO,EN,Federal Contract Tower,0,7,9,3,19,0,0,4,1,5,0,7,13,4,24,0,0,0,24
09/11/2020,ISO,NC,ASO,EN,Federal Contract Tower,0,0,6,12,18,0,0,0,4,4,0,0,6,16,22,0,26,26,48
09/12/2020,ISO,NC,ASO,EN,Federal Contract Tower,0,0,6,4,10,0,0,1,2,3,0,0,7,6,13,0,18,18,31
09/13/2020,ISO,NC,ASO,EN,Federal Contract Tower,0,0,5,0,5,0,0,9,0,9,0,0,14,0,14,14,24,38,52
09/14/2020,ISO,NC,ASO,EN,Federal Contract Tower,0,1,12,24,37,0,0,0,0,0,0,1,12,24,37,6,0,6,43
09/15/2020,ISO,NC,ASO,EN,Federal Contract Tower,0,1,11,19,31,0,21,3,2,26,0,22,14,21,57,66,18,84,141
09/16/2020,ISO,NC,ASO,EN,Federal Contract Tower,0,1,12,13,26,0,4,9,1,14,0,5,21,14,40,48,8,56,96
09/17/2020,ISO,NC,ASO,EN,Federal Contract Tower,0,0,3,0,3,0,0,0,0,0,0,0,3,0,3,0,0,0,3
09/18/2020,ISO,NC,ASO,EN,Federal Contract Tower,0,2,9,1,12,0,0,0,0,0,0,2,9,1,12,0,0,0,12
09/19/2020,ISO,NC,ASO,EN,Federal Contract Tower,0,0,15,2,17,0,0,4,2,6,0,0,19,4,23,6,32,38,61
09/20/2020,ISO,NC,ASO,EN,Federal Contract Tower,0,0,6,0,6,0,0,3,0,3,0,0,9,0,9,12,0,12,21
09/21/2020,ISO,NC,ASO,EN,Federal Contract Tower,0,0,18,11,29,0,3,9,3,15,0,3,27,14,44,12,40,52,96
09/22/2020,ISO,NC,ASO,EN,Federal Contract Tower,0,0,9,11,20,0,7,12,8,27,0,7,21,19,47,24,30,54,101
09/23/2020,ISO,NC,ASO,EN,Federal Contract Tower,0,0,5,8,13,0,33,9,12,54,0,33,14,20,67,14,60,74,141
09/24/2020,ISO,NC,ASO,EN,Federal Contract Tower,0,0,9,11,20,0,0,13,10,23,0,0,22,21,43,14,96,110,153
09/25/2020,ISO,NC,ASO,EN,Federal Contract Tower,0,0,7,1,8,0,0,0,0,0,0,0,7,1,8,0,0,0,8
09/26/2020,ISO,NC,ASO,EN,Federal Contract Tower,0,0,4,0,4,0,0,2,0,2,0,0,6,0,6,0,0,0,6
09/27/2020,ISO,NC,ASO,EN,Federal Contract Tower,0,0,8,1,9,0,0,3,0,3,0,0,11,1,12,2,0,2,14
09/28/2020,ISO,NC,ASO,EN,Federal Contract Tower,0,2,9,11,22,0,1,3,11,15,0,3,12,22,37,10,38,48,85
09/29/2020,ISO,NC,ASO,EN,Federal Contract Tower,0,1,3,8,12,0,2,3,4,9,0,3,6,12,21,0,4,4,25
09/30/2020,ISO,NC,ASO,EN,Federal Contract Tower,2,1,7,8,18,0,26,12,4,42,2,27,19,12,60,4,18,22,82
10/01/2020,ISO,NC,ASO,EN,Federal Contract Tower,0,2,7,20,29,0,2,16,13,31,0,4,23,33,60,10,88,98,158
10/02/2020,ISO,NC,ASO,EN,Federal Contract Tower,0,1,9,22,32,0,6,5,5,16,0,7,14,27,48,18,66,84,132
10/03/2020,ISO,NC,ASO,EN,Federal Contract Tower,0,0,2,2,4,0,0,10,2,12,0,0,12,4,16,14,24,38,54
10/04/2020,ISO,NC,ASO,EN,Federal Contract Tower,0,0,6,12,18,0,0,10,0,10,0,0,16,12,28,26,0,26,54
10/05/2020,ISO,NC,ASO,EN,Federal Contract Tower,0,1,10,13,24,0,0,16,4,20,0,1,26,17,44,16,66,82,126
10/06/2020,ISO,NC,ASO,EN,Federal Contract Tower,0,0,9,17,26,0,2,11,6,19,0,2,20,23,45,8,101,109,154
10/07/2020,ISO,NC,ASO,EN,Federal Contract Tower,0,1,7,13,21,0,4,12,3,19,0,5,19,16,40,38,60,98,138
10/08/2020,ISO,NC,ASO,EN,Federal Contract Tower,0,3,15,22,40,0,3,16,8,27,0,6,31,30,67,52,92,144,211
10/09/2020,ISO,NC,ASO,EN,Federal Contract Tower,0,4,6,9,19,0,2,11,2,15,0,6,17,11,34,14,60,74,108
10/10/2020,ISO,NC,ASO,EN,Federal Contract Tower,0,0,5,5,10,0,0,2,2,4,0,0,7,7,14,0,46,46,60
10/11/2020,ISO,NC,ASO,EN,Federal Contract Tower,0,0,5,0,5,0,0,0,0,0,0,0,5,0,5,0,0,0,5
10/12/2020,ISO,NC,ASO,EN,Federal Contract Tower,0,0,13,4,17,0,0,1,0,1,0,0,14,4,18,4,24,28,46
10/13/2020,ISO,NC,ASO,EN,Federal Contract Tower,0,0,10,13,23,0,4,7,3,14,0,4,17,16,37,8,80,88,125
10/14/2020,ISO,NC,ASO,EN,Federal Contract Tower,0,0,7,56,63,0,30,12,7,49,0,30,19,63,112,56,110,166,278
10/15/2020,ISO,NC,ASO,EN,Federal Contract Tower,0,0,7,25,32,0,1,9,2,12,0,1,16,27,44,44,36,80,124
10/16/2020,ISO,NC,ASO,EN,Federal Contract Tower,0,0,4,23,27,0,2,0,0,2,0,2,4,23,29,0,22,22,51
10/17/2020,ISO,NC,ASO,EN,Federal Contract Tower,0,1,12,4,17,0,0,8,2,10,0,1,20,6,27,0,32,32,59
10/18/2020,ISO,NC,ASO,EN,Federal Contract Tower,0,0,8,5,13,0,0,23,2,25,0,0,31,7,38,34,20,54,92
10/19/2020,ISO,NC,ASO,EN,Federal Contract Tower,0,1,2,9,12,0,1,6,1,8,0,2,8,10,20,4,76,80,100
10/20/2020,ISO,NC,ASO,EN,Federal Contract Tower,0,0,8,9,17,0,3,5,3,11,0,3,13,12,28,16,20,36,64
10/21/2020,ISO,NC,ASO,EN,Federal Contract Tower,0,0,17,28,45,0,2,3,5,10,0,2,20,33,55,10,96,106,161
10/22/2020,ISO,NC,ASO,EN,Federal Contract Tower,0,0,17,12,29,0,2,10,2,14,0,2,27,14,43,38,44,82,125
10/23/2020,ISO,NC,ASO,EN,Federal Contract Tower,0,0,4,23,27,0,5,10,11,26,0,5,14,34,53,15,76,91,144
10/24/2020,ISO,NC,ASO,EN,Federal Contract Tower,0,0,3,3,6,0,0,9,0,9,0,0,12,3,15,42,0,42,57
10/25/2020,ISO,NC,ASO,EN,Federal Contract Tower,0,0,0,3,3,0,0,0,0,0,0,0,0,3,3,0,0,0,3
10/26/2020,ISO,NC,ASO,EN,Federal Contract Tower,0,1,2,5,8,0,4,6,1,11,0,5,8,6,19,24,10,34,53
10/27/2020,ISO,NC,ASO,EN,Federal Contract Tower,0,0,6,11,17,0,6,3,1,10,0,6,9,12,27,10,18,28,55
10/28/2020,ISO,NC,ASO,EN,Federal Contract Tower,0,2,8,4,14,0,2,7,0,9,0,4,15,4,23,12,32,44,67
10/29/2020,ISO,NC,ASO,EN,Federal Contract Tower,0,0,5,2,7,0,2,2,4,8,0,2,7,6,15,2,50,52,67
10/30/2020,ISO,NC,ASO,EN,Federal Contract Tower,0,1,10,11,22,0,4,2,2,8,0,5,12,13,30,4,34,38,68
10/31/2020,ISO,NC,ASO,EN,Federal Contract Tower,0,0,12,0,12,0,0,29,0,29,0,0,41,0,41,58,0,58,99
11/01/2020,ISO,NC,ASO,EN,Federal Contract Tower,0,0,8,1,9,0,0,3,1,4,0,0,11,2,13,0,0,0,13
11/02/2020,ISO,NC,ASO,EN,Federal Contract Tower,0,0,4,19,23,0,2,7,7,16,0,2,11,26,39,18,24,42,81
11/03/2020,ISO,NC,ASO,EN,Federal Contract Tower,0,0,6,17,23,0,9,13,8,30,0,9,19,25,53,28,92,120,173
11/04/2020,ISO,NC,ASO,EN,Federal Contract Tower,0,0,11,12,23,0,2,9,10,21,0,2,20,22,44,8,50,58,102
11/05/2020,ISO,NC,ASO,EN,Federal Contract Tower,0,0,6,17,23,0,4,11,10,25,0,4,17,27,48,24,69,93,141
11/06/2020,ISO,NC,ASO,EN,Federal Contract Tower,0,0,3,7,10,0,0,0,3,3,0,0,3,10,13,4,16,20,33
11/07/2020,ISO,NC,ASO,EN,Federal Contract Tower,0,0,5,4,9,0,3,11,0,14,0,3,16,4,23,26,0,26,49
11/08/2020,ISO,NC,ASO,EN,Federal Contract Tower,0,0,6,0,6,0,0,12,0,12,0,0,18,0,18,12,0,12,30
11/09/2020,ISO,NC,ASO,EN,Federal Contract Tower,0,1,14,5,20,0,4,10,4,18,0,5,24,9,38,6,28,34,72
11/10/2020,ISO,NC,ASO,EN,Federal Contract Tower,0,2,1,23,26,0,4,2,8,14,0,6,3,31,40,6,20,26,66
11/11/2020,ISO,NC,ASO,EN,Federal Contract Tower,0,6,12,0,18,0,0,0,0,0,0,6,12,0,18,2,0,2,20
11/12/2020,ISO,NC,ASO,EN,Federal Contract Tower,0,1,4,0,5,0,0,0,0,0,0,1,4,0,5,0,0,0,5
11/13/2020,ISO,NC,ASO,EN,Federal Contract Tower,0,0,14,6,20,0,0,0,0,0,0,0,14,6,20,0,0,0,20
11/14/2020,ISO,NC,ASO,EN,Federal Contract Tower,0,0,11,0,11,0,0,10,0,10,0,0,21,0,21,26,0,26,47
11/16/2020,ISO,NC,ASO,EN,Federal Contract Tower,0,1,6,13,20,0,2,5,8,15,0,3,11,21,35,6,16,22,57
11/17/2020,ISO,NC,ASO,EN,Federal Contract Tower,0,0,5,10,15,0,4,1,8,13,0,4,6,18,28,8,40,48,76
11/18/2020,ISO,NC,ASO,EN,Federal Contract Tower,0,4,4,4,12,0,3,4,6,13,0,7,8,10,25,10,20,30,55
11/19/2020,ISO,NC,ASO,EN,Federal Contract Tower,0,2,8,19,29,0,8,6,3,17,0,10,14,22,46,24,22,46,92
11/20/2020,ISO,NC,ASO,EN,Federal Contract Tower,0,1,11,11,23,0,4,18,6,28,0,5,29,17,51,40,46,86,137
11/21/2020,ISO,NC,ASO,EN,Federal Contract Tower,0,1,6,10,17,0,2,15,4,21,0,3,21,14,38,36,70,106,144
11/22/2020,ISO,NC,ASO,EN,Federal Contract Tower,0,0,7,4,11,0,0,8,0,8,0,0,15,4,19,26,8,34,53
11/23/2020,ISO,NC,ASO,EN,Federal Contract Tower,0,1,4,11,16,1,5,5,12,23,1,6,9,23,39,14,56,70,109
11/24/2020,ISO,NC,ASO,EN,Federal Contract Tower,0,0,9,9,18,0,11,14,11,36,0,11,23,20,54,42,18,60,114
11/25/2020,ISO,NC,ASO,EN,Federal Contract Tower,0,0,4,10,14,0,1,14,0,15,0,1,18,10,29,10,0,10,39
11/26/2020,ISO,NC,ASO,EN,Federal Contract Tower,0,0,2,0,2,0,0,2,0,2,0,0,4,0,4,0,0,0,4
11/27/2020,ISO,NC,ASO,EN,Federal Contract Tower,0,1,8,0,9,0,0,0,0,0,0,1,8,0,9,0,0,0,9
11/28/2020,ISO,NC,ASO,EN,Federal Contract Tower,0,0,6,0,6,0,0,0,0,0,0,0,6,0,6,20,0,20,26
11/29/2020,ISO,NC,ASO,EN,Federal Contract Tower,0,0,8,0,8,0,0,2,0,2,0,0,10,0,10,8,0,8,18
11/30/2020,ISO,NC,ASO,EN,Federal Contract Tower,0,0,10,7,17,0,0,2,5,7,0,0,12,12,24,0,36,36,60
12/01/2020,ISO,NC,ASO,EN,Federal Contract Tower,0,7,9,29,45,0,3,4,16,23,0,10,13,45,68,0,64,64,132
12/02/2020,ISO,NC,ASO,EN,Federal Contract Tower,0,0,5,27,32,0,4,11,5,20,0,4,16,32,52,8,34,42,94
12/03/2020,ISO,NC,ASO,EN,Federal Contract Tower,0,0,5,17,22,0,4,17,10,31,0,4,22,27,53,12,37,49,102
12/04/2020,ISO,NC,ASO,EN,Federal Contract Tower,0,0,8,10,18,0,2,0,6,8,0,2,8,16,26,0,54,54,80
12/05/2020,ISO,NC,ASO,EN,Federal Contract Tower,0,0,6,0,6,0,0,3,2,5,0,0,9,2,11,0,12,12,23
12/06/2020,ISO,NC,ASO,EN,Federal Contract Tower,0,0,3,0,3,0,1,19,2,22,0,1,22,2,25,40,42,82,107
12/07/2020,ISO,NC,ASO,EN,Federal Contract Tower,0,0,7,6,13,0,0,0,0,0,0,0,7,6,13,0,0,0,13
12/08/2020,ISO,NC,ASO,EN,Federal Contract Tower,0,0,4,11,15,0,3,10,11,24,0,3,14,22,39,4,20,24,63
12/09/2020,ISO,NC,ASO,EN,Federal Contract Tower,0,0,5,11,16,0,4,10,3,17,0,4,15,14,33,28,78,106,139
12/10/2020,ISO,NC,ASO,EN,Federal Contract Tower,0,0,5,14,19,0,8,8,7,23,0,8,13,21,42,0,106,106,148
12/11/2020,ISO,NC,ASO,EN,Federal Contract Tower,0,0,12,19,31,0,2,4,7,13,0,2,16,26,44,10,70,80,124
12/12/2020,ISO,NC,ASO,EN,Federal Contract Tower,0,2,6,0,8,0,0,8,0,8,0,2,14,0,16,58,0,58,74
12/13/2020,ISO,NC,ASO,EN,Federal Contract Tower,0,0,6,0,6,0,0,0,0,0,0,0,6,0,6,0,0,0,6
12/14/2020,ISO,NC,ASO,EN,Federal Contract Tower,0,0,2,4,6,0,0,1,0,1,0,0,3,4,7,0,0,0,7
12/15/2020,ISO,NC,ASO,EN,Federal Contract Tower,0,0,9,9,18,0,3,10,7,20,0,3,19,16,38,10,70,80,118
12/16/2020,ISO,NC,ASO,EN,Federal Contract Tower,0,0,7,0,7,0,0,0,0,0,0,0,7,0,7,0,0,0,7
12/17/2020,ISO,NC,ASO,EN,Federal Contract Tower,0,0,14,18,32,0,0,1,2,3,0,0,15,20,35,0,46,46,81
12/18/2020,ISO,NC,ASO,EN,Federal Contract Tower,0,0,11,13,24,0,0,8,3,11,0,0,19,16,35,6,28,34,69
12/19/2020,ISO,NC,ASO,EN,Federal Contract Tower,0,0,10,0,10,0,0,11,0,11,0,0,21,0,21,16,0,16,37
12/20/2020,ISO,NC,ASO,EN,Federal Contract Tower,0,0,0,4,4,0,0,0,0,0,0,0,0,4,4,0,0,0,4
12/21/2020,ISO,NC,ASO,EN,Federal Contract Tower,0,0,6,21,27,0,0,5,4,9,0,0,11,25,36,10,12,22,58
12/22/2020,ISO,NC,ASO,EN,Federal Contract Tower,0,0,6,7,13,0,2,7,7,16,0,2,13,14,29,22,36,58,87
12/23/2020,ISO,NC,ASO,EN,Federal Contract Tower,0,0,10,20,30,0,1,12,3,16,0,1,22,23,46,14,40,54,100
12/24/2020,ISO,NC,ASO,EN,Federal Contract Tower,0,1,6,0,7,0,0,2,0,2,0,1,8,0,9,0,0,0,9
12/25/2020,ISO,NC,ASO,EN,Federal Contract Tower,0,0,10,0,10,0,0,0,0,0,0,0,10,0,10,0,0,0,10
12/26/2020,ISO,NC,ASO,EN,Federal Contract Tower,0,0,6,0,6,0,0,4,0,4,0,0,10,0,10,6,0,6,16
12/27/2020,ISO,NC,ASO,EN,Federal Contract Tower,0,0,6,0,6,0,0,6,0,6,0,0,12,0,12,6,0,6,18
12/28/2020,ISO,NC,ASO,EN,Federal Contract Tower,0,0,4,18,22,0,0,3,6,9,0,0,7,24,31,16,30,46,77
12/29/2020,ISO,NC,ASO,EN,Federal Contract Tower,0,0,8,12,20,0,0,11,4,15,0,0,19,16,35,6,18,24,59
12/30/2020,ISO,NC,ASO,EN,Federal Contract Tower,0,0,5,0,5,0,0,8,0,8,0,0,13,0,13,18,0,18,31
12/31/2020,ISO,NC,ASO,EN,Federal Contract Tower,0,0,4,0,4,0,0,0,0,0,0,0,4,0,4,0,0,0,4
01/01/2021,ISO,NC,ASO,EN,Federal Contract Tower,0,0,1,0,1,0,0,0,0,0,0,0,1,0,1,0,0,0,1
01/02/2021,ISO,NC,ASO,EN,Federal Contract Tower,0,0,8,0,8,0,0,0,0,0,0,0,8,0,8,0,0,0,8
01/03/2021,ISO,NC,ASO,EN,Federal Contract Tower,0,0,5,0,5,0,0,0,0,0,0,0,5,0,5,0,0,0,5
01/04/2021,ISO,NC,ASO,EN,Federal Contract Tower,0,0,8,14,22,0,2,8,6,16,0,2,16,20,38,12,36,48,86
01/05/2021,ISO,NC,ASO,EN,Federal Contract Tower,0,2,8,8,18,0,2,5,0,7,0,4,13,8,25,14,44,58,83
01/06/2021,ISO,NC,ASO,EN,Federal Contract Tower,0,0,7,25,32,0,6,12,6,24,0,6,19,31,56,16,80,96,152
01/07/2021,ISO,NC,ASO,EN,Federal Contract Tower,0,0,6,6,12,0,3,15,2,20,0,3,21,8,32,30,32,62,94
01/08/2021,ISO,NC,ASO,EN,Federal Contract Tower,0,0,6,0,6,0,3,8,0,11,0,3,14,0,17,18,14,32,49
01/09/2021,ISO,NC,ASO,EN,Federal Contract Tower,0,0,9,1,10,0,0,14,1,15,0,0,23,2,25,40,10,50,75
01/10/2021,ISO,NC,ASO,EN,Federal Contract Tower,0,0,13,2,15,0,0,15,1,16,0,0,28,3,31,62,38,100,131
01/11/2021,ISO,NC,ASO,EN,Federal Contract Tower,0,0,3,13,16,0,6,5,4,15,0,6,8,17,31,22,48,70,101
01/12/2021,ISO,NC,ASO,EN,Federal Contract Tower,0,0,3,2,5,0,0,4,0,4,0,0,7,2,9,4,0,4,13
01/13/2021,ISO,NC,ASO,EN,Federal Contract Tower,0,0,6,7,13,0,4,17,4,25,0,4,23,11,38,58,18,76,114
01/14/2021,ISO,NC,ASO,EN,Federal Contract Tower,0,0,13,2,15,0,0,1,0,1,0,0,14,2,16,0,0,0,16
01/15/2021,ISO,NC,ASO,EN,Federal Contract Tower,1,0,10,10,21,0,4,3,5,12,1,4,13,15,33,0,56,56,89
01/16/2021,ISO,NC,ASO,EN,Federal Contract Tower,0,0,4,0,4,0,0,0,0,0,0,0,4,0,4,6,0,6,10
01/17/2021,ISO,NC,ASO,EN,Federal Contract Tower,0,0,10,0,10,0,0,10,0,10,0,0,20,0,20,20,0,20,40
01/18/2021,ISO,NC,ASO,EN,Federal Contract Tower,0,4,12,0,16,0,0,3,0,3,0,4,15,0,19,2,0,2,21
01/19/2021,ISO,NC,ASO,EN,Federal Contract Tower,0,2,9,6,17,0,4,20,2,26,0,6,29,8,43,26,36,62,105
01/20/2021,ISO,NC,ASO,EN,Federal Contract Tower,0,0,2,16,18,0,5,9,0,14,0,5,11,16,32,0,30,30,62
01/21/2021,ISO,NC,ASO,EN,Federal Contract Tower,0,0,5,6,11,0,5,10,11,26,0,5,15,17,37,22,114,136,173
01/22/2021,ISO,NC,ASO,EN,Federal Contract Tower,0,0,9,7,16,0,8,18,7,33,0,8,27,14,49,66,100,166,215
01/23/2021,ISO,NC,ASO,EN,Federal Contract Tower,0,0,2,0,2,0,0,2,0,2,0,0,4,0,4,24,0,24,28
01/24/2021,ISO,NC,ASO,EN,Federal Contract Tower,0,0,7,0,7,0,0,9,0,9,0,0,16,0,16,50,0,50,66
01/25/2021,ISO,NC,ASO,EN,Federal Contract Tower,0,0,3,0,3,0,0,0,0,0,0,0,3,0,3,0,0,0,3
01/26/2021,ISO,NC,ASO,EN,Federal Contract Tower,0,0,4,0,4,0,0,0,0,0,0,0,4,0,4,0,0,0,4
01/27/2021,ISO,NC,ASO,EN,Federal Contract Tower,0,0,8,4,12,0,0,1,2,3,0,0,9,6,15,0,14,14,29
01/28/2021,ISO,NC,ASO,EN,Federal Contract Tower,0,2,6,2,10,0,0,0,0,0,0,2,6,2,10,0,0,0,10
01/29/2021,ISO,NC,ASO,EN,Federal Contract Tower,0,0,8,18,26,0,2,6,9,17,0,2,14,27,43,20,34,54,97
01/30/2021,ISO,NC,ASO,EN,Federal Contract Tower,0,0,13,4,17,0,0,28,2,30,0,0,41,6,47,30,20,50,97
01/31/2021,ISO,NC,ASO,EN,Federal Contract Tower,0,0,2,0,2,0,0,0,0,0,0,0,2,0,2,0,0,0,2
02/01/2021,ISO,NC,ASO,EN,Federal Contract Tower,0,0,5,5,10,0,0,0,0,0,0,0,5,5,10,0,0,0,10
02/02/2021,ISO,NC,ASO,EN,Federal Contract Tower,0,0,4,4,8,0,4,0,2,6,0,4,4,6,14,8,0,8,22
02/03/2021,ISO,NC,ASO,EN,Federal Contract Tower,0,3,7,24,34,0,8,6,7,21,0,11,13,31,55,54,64,118,173
02/04/2021,ISO,NC,ASO,EN,Federal Contract Tower,0,0,10,18,28,0,4,6,2,12,0,4,16,20,40,4,88,92,132
02/06/2021,ISO,NC,ASO,EN,Federal Contract Tower,0,0,9,2,11,0,0,16,0,16,0,0,25,2,27,76,22,98,125
02/07/2021,ISO,NC,ASO,EN,Federal Contract Tower,0,0,6,1,7,0,0,0,0,0,0,0,6,1,7,0,0,0,7
02/08/2021,ISO,NC,ASO,EN,Federal Contract Tower,0,1,9,11,21,0,1,5,7,13,0,2,14,18,34,12,50,62,96
02/09/2021,ISO,NC,ASO,EN,Federal Contract Tower,0,1,12,13,26,0,2,18,15,35,0,3,30,28,61,20,92,112,173
02/10/2021,ISO,NC,ASO,EN,Federal Contract Tower,0,0,13,17,30,0,4,9,6,19,0,4,22,23,49,20,62,82,131
02/11/2021,ISO,NC,ASO,EN,Federal Contract Tower,0,0,14,3,17,0,0,0,0,0,0,0,14,3,17,4,0,4,21
02/12/2021,ISO,NC,ASO,EN,Federal Contract Tower,0,0,8,2,10,0,0,0,0,0,0,0,8,2,10,0,0,0,10
02/13/2021,ISO,NC,ASO,EN,Federal Contract Tower,0,2,6,0,8,0,0,0,0,0,0,2,6,0,8,0,0,0,8
02/14/2021,ISO,NC,ASO,EN,Federal Contract Tower,0,0,2,0,2,0,0,0,0,0,0,0,2,0,2,0,0,0,2
02/15/2021,ISO,NC,ASO,EN,Federal Contract Tower,0,0,9,0,9,0,0,0,0,0,0,0,9,0,9,0,0,0,9
02/16/2021,ISO,NC,ASO,EN,Federal Contract Tower,0,3,4,31,38,0,2,5,2,9,0,5,9,33,47,6,30,36,83
02/17/2021,ISO,NC,ASO,EN,Federal Contract Tower,0,1,15,16,32,0,6,8,3,17,0,7,23,19,49,24,64,88,137
02/18/2021,ISO,NC,ASO,EN,Federal Contract Tower,0,0,4,0,4,0,0,0,0,0,0,0,4,0,4,0,0,0,4
02/19/2021,ISO,NC,ASO,EN,Federal Contract Tower,0,0,9,0,9,0,0,0,0,0,0,0,9,0,9,0,0,0,9
02/20/2021,ISO,NC,ASO,EN,Federal Contract Tower,0,0,7,0,7,0,0,1,0,1,0,0,8,0,8,0,0,0,8
02/21/2021,ISO,NC,ASO,EN,Federal Contract Tower,0,0,17,0,17,0,0,18,0,18,0,0,35,0,35,68,0,68,103
02/22/2021,ISO,NC,ASO,EN,Federal Contract Tower,0,0,13,22,35,0,0,2,8,10,0,0,15,30,45,0,34,34,79
02/23/2021,ISO,NC,ASO,EN,Federal Contract Tower,0,0,7,37,44,0,8,12,17,37,0,8,19,54,81,32,92,124,205
02/24/2021,ISO,NC,ASO,EN,Federal Contract Tower,0,0,7,29,36,0,12,12,5,29,0,12,19,34,65,30,94,124,189
02/25/2021,ISO,NC,ASO,EN,Federal Contract Tower,0,2,2,24,28,0,4,13,8,25,0,6,15,32,53,34,50,84,137
02/26/2021,ISO,NC,ASO,EN,Federal Contract Tower,0,0,6,12,18,0,2,2,11,15,0,2,8,23,33,0,28,28,61
02/27/2021,ISO,NC,ASO,EN,Federal Contract Tower,1,0,5,2,8,0,5,1,2,8,1,5,6,4,16,20,6,26,42
02/28/2021,ISO,NC,ASO,EN,Federal Contract Tower,1,0,12,2,15,0,2,7,1,10,1,2,19,3,25,28,0,28,53
03/01/2021,ISO,NC,ASO,EN,Federal Contract Tower,0,1,4,24,29,0,3,4,17,24,0,4,8,41,53,16,120,136,189
03/02/2021,ISO,NC,ASO,EN,Federal Contract Tower,0,1,10,18,29,0,13,16,10,39,0,14,26,28,68,34,118,152,220
03/03/2021,ISO,NC,ASO,EN,Federal Contract Tower,0,2,7,11,20,0,4,8,6,18,0,6,15,17,38,36,90,126,164
03/04/2021,ISO,NC,ASO,EN,Federal Contract Tower,0,0,13,17,30,0,6,20,17,43,0,6,33,34,73,10,44,54,127
03/05/2021,ISO,NC,ASO,EN,Federal Contract Tower,0,4,11,4,19,0,17,19,6,42,0,21,30,10,61,34,22,56,117
03/06/2021,ISO,NC,ASO,EN,Federal Contract Tower,0,0,7,0,7,0,2,10,0,12,0,2,17,0,19,6,0,6,25
03/07/2021,ISO,NC,ASO,EN,Federal Contract Tower,0,0,9,0,9,0,6,26,0,32,0,6,35,0,41,20,0,20,61
03/08/2021,ISO,NC,ASO,EN,Federal Contract Tower,0,1,8,16,25,0,17,24,4,45,0,18,32,20,70,56,26,82,152
03/09/2021,ISO,NC,ASO,EN,Federal Contract Tower,0,0,11,24,35,0,13,16,9,38,0,13,27,33,73,16,26,42,115
03/10/2021,ISO,NC,ASO,EN,Federal Contract Tower,0,3,9,4,16,0,13,11,7,31,0,16,20,11,47,8,72,80,127
03/11/2021,ISO,NC,ASO,EN,Federal Contract Tower,0,1,1,16,18,0,19,13,14,46,0,20,14,30,64,26,50,76,140
03/12/2021,ISO,NC,ASO,EN,Federal Contract Tower,0,0,10,6,16,0,18,9,5,32,0,18,19,11,48,12,38,50,98
03/13/2021,ISO,NC,ASO,EN,Federal Contract Tower,0,0,6,7,13,0,11,12,2,25,0,11,18,9,38,68,44,112,150
03/14/2021,ISO,NC,ASO,EN,Federal Contract Tower,0,0,8,0,8,0,5,23,0,28,0,5,31,0,36,64,10,74,110
03/15/2021,ISO,NC,ASO,EN,Federal Contract Tower,0,2,6,10,18,0,7,8,6,21,0,9,14,16,39,18,46,64,103
03/16/2021,ISO,NC,ASO,EN,Federal Contract Tower,0,0,5,2,7,0,0,0,0,0,0,0,5,2,7,0,0,0,7
03/17/2021,ISO,NC,ASO,EN,Federal Contract Tower,0,3,2,17,22,0,0,0,0,0,0,3,2,17,22,0,0,0,22
03/18/2021,ISO,NC,ASO,EN,Federal Contract Tower,0,2,1,0,3,0,0,0,0,0,0,2,1,0,3,0,0,0,3
03/19/2021,ISO,NC,ASO,EN,Federal Contract Tower,0,0,10,7,17,0,0,0,0,0,0,0,10,7,17,0,0,0,17
03/20/2021,ISO,NC,ASO,EN,Federal Contract Tower,0,0,2,2,4,0,0,3,0,3,0,0,5,2,7,17,0,17,24
03/21/2021,ISO,NC,ASO,EN,Federal Contract Tower,0,0,2,0,2,0,0,0,0,0,0,0,2,0,2,0,0,0,2
03/22/2021,ISO,NC,ASO,EN,Federal Contract Tower,0,1,7,7,15,0,3,1,1,5,0,4,8,8,20,30,54,84,104
03/23/2021,ISO,NC,ASO,EN,Federal Contract Tower,0,5,4,0,9,0,0,0,0,0,0,5,4,0,9,0,0,0,9
03/24/2021,ISO,NC,ASO,EN,Federal Contract Tower,0,1,12,21,34,0,0,1,1,2,0,1,13,22,36,24,38,62,98
03/25/2021,ISO,NC,ASO,EN,Federal Contract Tower,0,3,8,5,16,0,4,7,3,14,0,7,15,8,30,36,20,56,86
03/26/2021,ISO,NC,ASO,EN,Federal Contract Tower,0,1,4,2,7,0,8,2,3,13,0,9,6,5,20,16,22,38,58
03/27/2021,ISO,NC,ASO,EN,Federal Contract Tower,0,0,1,0,1,0,2,4,0,6,0,2,5,0,7,0,0,0,7
03/28/2021,ISO,NC,ASO,EN,Federal Contract Tower,0,0,1,0,1,0,2,1,0,3,0,2,2,0,4,0,0,0,4
03/29/2021,ISO,NC,ASO,EN,Federal Contract Tower,0,0,10,11,21,0,5,8,6,19,0,5,18,17,40,14,42,56,96
03/30/2021,ISO,NC,ASO,EN,Federal Contract Tower,0,0,7,28,35,0,7,7,8,22,0,7,14,36,57,0,84,84,141
03/31/2021,ISO,NC,ASO,EN,Federal Contract Tower,0,3,2,12,17,0,0,0,20,20,0,3,2,32,37,0,22,22,59
04/01/2021,ISO,NC,ASO,EN,Federal Contract Tower,0,1,7,7,15,0,2,5,1,8,0,3,12,8,23,12,0,12,35
04/02/2021,ISO,NC,ASO,EN,Federal Contract Tower,0,0,10,0,10,0,0,7,0,7,0,0,17,0,17,0,0,0,17
04/03/2021,ISO,NC,ASO,EN,Federal Contract Tower,0,0,4,0,4,0,12,8,0,20,0,12,12,0,24,38,0,38,62
04/04/2021,ISO,NC,ASO,EN,Federal Contract Tower,0,0,4,0,4,0,12,12,0,24,0,12,16,0,28,0,0,0,28
04/05/2021,ISO,NC,ASO,EN,Federal Contract Tower,0,0,7,19,26,0,15,10,9,34,0,15,17,28,60,48,100,148,208
04/06/2021,ISO,NC,ASO,EN,Federal Contract Tower,0,2,11,18,31,0,14,23,14,51,0,16,34,32,82,38,56,94,176
04/07/2021,ISO,NC,ASO,EN,Federal Contract Tower,0,0,8,27,35,0,9,57,17,83,0,9,65,44,118,18,98,116,234
04/08/2021,ISO,NC,ASO,EN,Federal Contract Tower,0,6,8,22,36,0,14,8,15,37,0,20,16,37,73,8,56,64,137
04/09/2021,ISO,NC,ASO,EN,Federal Contract Tower,0,1,7,9,17,0,10,6,4,20,0,11,13,13,37,0,76,76,113
04/10/2021,ISO,NC,ASO,EN,Federal Contract Tower,1,0,5,0,6,0,6,11,0,17,1,6,16,0,23,4,0,4,27
04/11/2021,ISO,NC,ASO,EN,Federal Contract Tower,0,0,8,0,8,0,0,1,0,1,0,0,9,0,9,4,0,4,13
04/12/2021,ISO,NC,ASO,EN,Federal Contract Tower,0,1,14,5,20,0,13,9,12,34,0,14,23,17,54,8,24,32,86
04/13/2021,ISO,NC,ASO,EN,Federal Contract Tower,0,2,11,31,44,0,6,5,10,21,0,8,16,41,65,8,114,122,187
04/14/2021,ISO,NC,ASO,EN,Federal Contract Tower,0,5,6,15,26,0,13,14,8,35,0,18,20,23,61,24,44,68,129
04/15/2021,ISO,NC,ASO,EN,Federal Contract Tower,0,0,11,12,23,0,5,8,0,13,0,5,19,12,36,32,24,56,92
04/16/2021,ISO,NC,ASO,EN,Federal Contract Tower,0,2,7,9,18,0,16,16,22,54,0,18,23,31,72,8,58,66,138
04/17/2021,ISO,NC,ASO,EN,Federal Contract Tower,0,0,4,4,8,0,5,7,2,14,0,5,11,6,22,17,6,23,45
04/18/2021,ISO,NC,ASO,EN,Federal Contract Tower,0,0,5,0,5,0,4,8,0,12,0,4,13,0,17,18,0,18,35
04/19/2021,ISO,NC,ASO,EN,Federal Contract Tower,0,2,4,22,28,0,10,4,10,24,0,12,8,32,52,0,48,48,100
04/20/2021,ISO,NC,ASO,EN,Federal Contract Tower,0,0,5,31,36,0,3,11,25,39,0,3,16,56,75,2,128,130,205
04/21/2021,ISO,NC,ASO,EN,Federal Contract Tower,0,4,3,12,19,0,6,4,9,19,0,10,7,21,38,0,50,50,88
04/22/2021,ISO,NC,ASO,EN,Federal Contract Tower,0,2,17,9,28,0,11,12,7,30,0,13,29,16,58,8,0,8,66
04/23/2021,ISO,NC,ASO,EN,Federal Contract Tower,0,1,5,15,21,0,15,13,8,36,0,16,18,23,57,20,58,78,135
04/24/2021,ISO,NC,ASO,EN,Federal Contract Tower,0,0,9,0,9,0,0,6,0,6,0,0,15,0,15,0,0,0,15
04/25/2021,ISO,NC,ASO,EN,Federal Contract Tower,0,0,6,0,6,0,2,2,0,4,0,2,8,0,10,0,0,0,10
04/26/2021,ISO,NC,ASO,EN,Federal Contract Tower,0,3,13,8,24,0,4,21,10,35,0,7,34,18,59,48,41,89,148
04/27/2021,ISO,NC,ASO,EN,Federal Contract Tower,0,2,12,5,19,0,7,9,3,19,0,9,21,8,38,10,58,68,106
04/28/2021,ISO,NC,ASO,EN,Federal Contract Tower,0,3,10,6,19,0,11,10,9,30,0,14,20,15,49,2,32,34,83
04/29/2021,ISO,NC,ASO,EN,Federal Contract Tower,0,6,6,13,25,0,12,2,22,36,0,18,8,35,61,0,136,136,197
04/30/2021,ISO,NC,ASO,EN,Federal Contract Tower,0,4,8,3,15,0,20,7,5,32,0,24,15,8,47,2,0,2,49
05/01/2021,ISO,NC,ASO,EN,Federal Contract Tower,0,0,5,4,9,0,14,13,4,31,0,14,18,8,40,26,10,36,76
05/02/2021,ISO,NC,ASO,EN,Federal Contract Tower,0,0,7,0,7,0,10,5,0,15,0,10,12,0,22,0,0,0,22
05/03/2021,ISO,NC,ASO,EN,Federal Contract Tower,0,2,8,9,19,0,1,0,2,3,0,3,8,11,22,0,0,0,22
05/04/2021,ISO,NC,ASO,EN,Federal Contract Tower,0,0,11,6,17,0,6,8,4,18,0,6,19,10,35,20,50,70,105
05/05/2021,ISO,NC,ASO,EN,Federal Contract Tower,0,4,8,15,27,0,7,2,4,13,0,11,10,19,40,10,18,28,68
05/06/2021,ISO,NC,ASO,EN,Federal Contract Tower,0,2,9,13,24,0,9,14,5,28,0,11,23,18,52,20,24,44,96
05/07/2021,ISO,NC,ASO,EN,Federal Contract Tower,1,0,5,10,16,0,0,0,0,0,1,0,5,10,16,2,22,24,40
05/08/2021,ISO,NC,ASO,EN,Federal Contract Tower,0,0,3,2,5,0,20,7,2,29,0,20,10,4,34,16,16,32,66
05/09/2021,ISO,NC,ASO,EN,Federal Contract Tower,0,0,2,2,4,0,17,4,0,21,0,17,6,2,25,2,3,5,30
05/10/2021,ISO,NC,ASO,EN,Federal Contract Tower,0,3,5,7,15,0,10,2,12,24,0,13,7,19,39,0,70,70,109
05/11/2021,ISO,NC,ASO,EN,Federal Contract Tower,0,2,13,15,30,0,7,13,6,26,0,9,26,21,56,2,28,30,86
05/12/2021,ISO,NC,ASO,EN,Federal Contract Tower,0,0,11,0,11,0,0,0,0,0,0,0,11,0,11,0,0,0,11
05/13/2021,ISO,NC,ASO,EN,Federal Contract Tower,0,1,6,2,9,0,5,13,2,20,0,6,19,4,29,18,16,34,63
05/14/2021,ISO,NC,ASO,EN,Federal Contract Tower,0,5,7,13,25,0,14,4,6,24,0,19,11,19,49,25,4,29,78
05/15/2021,ISO,NC,ASO,EN,Federal Contract Tower,0,0,1,0,1,0,12,17,0,29,0,12,18,0,30,20,0,20,50
05/16/2021,ISO,NC,ASO,EN,Federal Contract Tower,0,0,1,8,9,0,11,8,0,19,0,11,9,8,28,8,0,8,36
05/17/2021,ISO,NC,ASO,EN,Federal Contract Tower,0,3,6,9,18,0,17,7,5,29,0,20,13,14,47,10,50,60,107
05/18/2021,ISO,NC,ASO,EN,Federal Contract Tower,0,1,12,8,21,0,11,9,1,21,0,12,21,9,42,32,30,62,104
05/19/2021,ISO,NC,ASO,EN,Federal Contract Tower,0,2,10,26,38,0,8,8,5,21,0,10,18,31,59,16,52,68,127
05/20/2021,ISO,NC,ASO,EN,Federal Contract Tower,0,1,13,1,15,0,9,22,3,34,0,10,35,4,49,34,22,56,105
05/21/2021,ISO,NC,ASO,EN,Federal Contract Tower,0,0,10,14,24,0,14,23,5,42,0,14,33,19,66,14,12,26,92
05/22/2021,ISO,NC,ASO,EN,Federal Contract Tower,0,0,6,4,10,0,15,10,0,25,0,15,16,4,35,10,0,10,45
05/23/2021,ISO,NC,ASO,EN,Federal Contract Tower,0,0,7,0,7,0,18,9,0,27,0,18,16,0,34,6,0,6,40
05/24/2021,ISO,NC,ASO,EN,Federal Contract Tower,0,0,4,18,22,0,15,9,7,31,0,15,13,25,53,0,40,40,93
05/25/2021,ISO,NC,ASO,EN,Federal Contract Tower,0,1,10,20,31,0,7,3,2,12,0,8,13,22,43,8,20,28,71
05/26/2021,ISO,NC,ASO,EN,Federal Contract Tower,0,0,6,12,18,0,15,13,14,42,0,15,19,26,60,8,64,72,132
05/27/2021,ISO,NC,ASO,EN,Federal Contract Tower,0,0,9,8,17,0,8,17,0,25,0,8,26,8,42,22,30,52,94
05/28/2021,ISO,NC,ASO,EN,Federal Contract Tower,0,2,10,1,13,0,15,8,1,24,0,17,18,2,37,6,12,18,55
05/29/2021,ISO,NC,ASO,EN,Federal Contract Tower,0,0,2,0,2,0,18,0,0,18,0,18,2,0,20,0,0,0,20
05/30/2021,ISO,NC,ASO,EN,Federal Contract Tower,0,2,16,12,30,0,0,0,0,0,0,2,16,12,30,0,0,0,30
05/31/2021,ISO,NC,ASO,EN,Federal Contract Tower,0,0,3,0,3,0,16,2,0,18,0,16,5,0,21,6,0,6,27
06/01/2021,ISO,NC,ASO,EN,Federal Contract Tower,0,0,6,5,11,0,5,17,1,23,0,5,23,6,34,18,16,34,68
06/02/2021,ISO,NC,ASO,EN,Federal Contract Tower,0,2,6,5,13,0,2,1,6,9,0,4,7,11,22,0,50,50,72
06/03/2021,ISO,NC,ASO,EN,Federal Contract Tower,0,0,6,0,6,0,0,0,0,0,0,0,6,0,6,0,0,0,6
06/04/2021,ISO,NC,ASO,EN,Federal Contract Tower,0,0,8,9,17,0,1,1,2,4,0,1,9,11,21,0,30,30,51
06/05/2021,ISO,NC,ASO,EN,Federal Contract Tower,0,4,5,1,10,0,0,6,0,6,0,4,11,1,16,8,12,20,36
06/06/2021,ISO,NC,ASO,EN,Federal Contract Tower,0,2,5,0,7,0,0,4,0,4,0,2,9,0,11,14,0,14,25
06/07/2021,ISO,NC,ASO,EN,Federal Contract Tower,0,0,4,12,16,0,0,0,0,0,0,0,4,12,16,0,0,0,16
06/08/2021,ISO,NC,ASO,EN,Federal Contract Tower,0,0,7,21,28,0,0,2,1,3,0,0,9,22,31,0,58,58,89
06/09/2021,ISO,NC,ASO,EN,Federal Contract Tower,0,5,13,5,23,0,0,4,11,15,0,5,17,16,38,4,40,44,82
06/10/2021,ISO,NC,ASO,EN,Federal Contract Tower,0,3,12,4,19,0,0,1,4,5,0,3,13,8,24,10,0,10,34
06/11/2021,ISO,NC,ASO,EN,Federal Contract Tower,0,2,5,0,7,0,0,6,10,16,0,2,11,10,23,14,36,50,73
06/12/2021,ISO,NC,ASO,EN,Federal Contract Tower,0,0,2,0,2,0,0,0,0,0,0,0,2,0,2,0,0,0,2
06/13/2021,ISO,NC,ASO,EN,Federal Contract Tower,0,0,3,1,4,0,0,6,0,6,0,0,9,1,10,2,0,2,12
06/14/2021,ISO,NC,ASO,EN,Federal Contract Tower,0,0,8,20,28,0,16,8,10,34,0,16,16,30,62,68,70,138,200
06/15/2021,ISO,NC,ASO,EN,Federal Contract Tower,0,0,6,9,15,0,5,12,4,21,0,5,18,13,36,38,14,52,88
06/16/2021,ISO,NC,ASO,EN,Federal Contract Tower,0,2,9,10,21,0,1,15,1,17,0,3,24,11,38,16,0,16,54
06/17/2021,ISO,NC,ASO,EN,Federal Contract Tower,0,2,10,31,43,0,3,21,16,40,0,5,31,47,83,26,66,92,175
06/18/2021,ISO,NC,ASO,EN,Federal Contract Tower,0,3,4,2,9,0,5,20,0,25,0,8,24,2,34,16,0,16,50
06/19/2021,ISO,NC,ASO,EN,Federal Contract Tower,0,0,11,0,11,0,0,4,0,4,0,0,15,0,15,0,0,0,15
06/20/2021,ISO,NC,ASO,EN,Federal Contract Tower,0,0,0,0,0,0,0,0,0,0,0,0,0,0,0,0,0,0,0
06/21/2021,ISO,NC,ASO,EN,Federal Contract Tower,0,0,9,12,21,0,0,3,8,11,0,0,12,20,32,0,12,12,44
06/22/2021,ISO,NC,ASO,EN,Federal Contract Tower,0,0,3,7,10,0,0,0,0,0,0,0,3,7,10,0,0,0,10
06/23/2021,ISO,NC,ASO,EN,Federal Contract Tower,0,0,8,6,14,0,0,15,11,26,0,0,23,17,40,28,16,44,84
06/24/2021,ISO,NC,ASO,EN,Federal Contract Tower,0,0,11,11,22,0,2,4,1,7,0,2,15,12,29,0,10,10,39
06/25/2021,ISO,NC,ASO,EN,Federal Contract Tower,0,4,19,6,29,0,0,5,4,9,0,4,24,10,38,26,0,26,64
06/26/2021,ISO,NC,ASO,EN,Federal Contract Tower,0,2,4,0,6,0,0,0,0,0,0,2,4,0,6,0,0,0,6
06/27/2021,ISO,NC,ASO,EN,Federal Contract Tower,0,2,10,0,12,0,0,2,0,2,0,2,12,0,14,0,0,0,14
06/28/2021,ISO,NC,ASO,EN,Federal Contract Tower,0,0,10,12,22,0,0,6,2,8,0,0,16,14,30,2,26,28,58
06/29/2021,ISO,NC,ASO,EN,Federal Contract Tower,0,0,10,9,19,0,2,7,11,20,0,2,17,20,39,28,30,58,97
06/30/2021,ISO,NC,ASO,EN,Federal Contract Tower,0,0,7,10,17,0,3,18,9,30,0,3,25,19,47,26,28,54,101
07/01/2021,ISO,NC,ASO,EN,Federal Contract Tower,0,3,13,6,22,0,3,11,11,25,0,6,24,17,47,0,32,32,79
07/02/2021,ISO,NC,ASO,EN,Federal Contract Tower,0,1,7,0,8,0,0,0,0,0,0,1,7,0,8,0,0,0,8
07/03/2021,ISO,NC,ASO,EN,Federal Contract Tower,0,0,4,0,4,0,0,10,0,10,0,0,14,0,14,10,0,10,24
07/04/2021,ISO,NC,ASO,EN,Federal Contract Tower,0,0,4,0,4,0,0,4,0,4,0,0,8,0,8,8,0,8,16
07/05/2021,ISO,NC,ASO,EN,Federal Contract Tower,0,0,7,0,7,0,0,14,0,14,0,0,21,0,21,16,0,16,37
07/06/2021,ISO,NC,ASO,EN,Federal Contract Tower,0,0,3,7,10,0,0,14,4,18,0,0,17,11,28,24,6,30,58
07/07/2021,ISO,NC,ASO,EN,Federal Contract Tower,0,0,0,2,2,0,0,7,4,11,0,0,7,6,13,13,0,13,26
07/08/2021,ISO,NC,ASO,EN,Federal Contract Tower,0,0,3,0,3,0,0,1,0,1,0,0,4,0,4,0,0,0,4
07/09/2021,ISO,NC,ASO,EN,Federal Contract Tower,0,2,5,10,17,0,5,6,7,18,0,7,11,17,35,12,76,88,123
07/10/2021,ISO,NC,ASO,EN,Federal Contract Tower,0,0,5,0,5,0,0,25,0,25,0,0,30,0,30,45,0,45,75
07/11/2021,ISO,NC,ASO,EN,Federal Contract Tower,0,0,4,0,4,0,0,3,0,3,0,0,7,0,7,6,0,6,13
07/12/2021,ISO,NC,ASO,EN,Federal Contract Tower,0,1,5,19,25,0,0,6,5,11,0,1,11,24,36,40,36,76,112
07/13/2021,ISO,NC,ASO,EN,Federal Contract Tower,0,1,4,6,11,0,2,9,8,19,0,3,13,14,30,12,38,50,80
07/14/2021,ISO,NC,ASO,EN,Federal Contract Tower,0,0,6,7,13,0,2,21,14,37,0,2,27,21,50,22,94,116,166
07/15/2021,ISO,NC,ASO,EN,Federal Contract Tower,0,0,4,5,9,0,2,10,9,21,0,2,14,14,30,12,58,70,100
07/16/2021,ISO,NC,ASO,EN,Federal Contract Tower,0,0,7,11,18,0,2,11,1,14,0,2,18,12,32,8,14,22,54
07/17/2021,ISO,NC,ASO,EN,Federal Contract Tower,0,0,11,1,12,0,0,26,1,27,0,0,37,2,39,40,0,40,79
07/18/2021,ISO,NC,ASO,EN,Federal Contract Tower,0,0,6,0,6,0,4,4,0,8,0,4,10,0,14,0,0,0,14
07/19/2021,ISO,NC,ASO,EN,Federal Contract Tower,0,0,12,0,12,0,0,0,0,0,0,0,12,0,12,0,0,0,12
07/20/2021,ISO,NC,ASO,EN,Federal Contract Tower,0,0,9,0,9,0,1,4,1,6,0,1,13,1,15,14,8,22,37
07/21/2021,ISO,NC,ASO,EN,Federal Contract Tower,0,2,10,6,18,0,1,9,10,20,0,3,19,16,38,4,54,58,96
07/22/2021,ISO,NC,ASO,EN,Federal Contract Tower,0,2,9,5,16,0,2,13,5,20,0,4,22,10,36,10,52,62,98
07/23/2021,ISO,NC,ASO,EN,Federal Contract Tower,0,3,10,11,24,0,2,0,9,11,0,5,10,20,35,50,40,90,125
07/24/2021,ISO,NC,ASO,EN,Federal Contract Tower,0,1,5,0,6,0,0,17,0,17,0,1,22,0,23,30,0,30,53
07/25/2021,ISO,NC,ASO,EN,Federal Contract Tower,0,2,7,0,9,0,0,8,0,8,0,2,15,0,17,16,0,16,33
07/26/2021,ISO,NC,ASO,EN,Federal Contract Tower,0,6,13,12,31,0,0,5,6,11,0,6,18,18,42,24,16,40,82
07/27/2021,ISO,NC,ASO,EN,Federal Contract Tower,0,2,15,20,37,0,8,9,9,26,0,10,24,29,63,10,62,72,135
07/28/2021,ISO,NC,ASO,EN,Federal Contract Tower,0,1,4,11,16,0,2,5,3,10,0,3,9,14,26,16,8,24,50
07/29/2021,ISO,NC,ASO,EN,Federal Contract Tower,0,2,6,5,13,0,2,10,12,24,0,4,16,17,37,6,64,70,107
07/30/2021,ISO,NC,ASO,EN,Federal Contract Tower,1,0,6,9,16,0,1,3,0,4,1,1,9,9,20,0,0,0,20
07/31/2021,ISO,NC,ASO,EN,Federal Contract Tower,0,1,8,0,9,0,0,7,0,7,0,1,15,0,16,2,0,2,18
08/01/2021,ISO,NC,ASO,EN,Federal Contract Tower,0,5,7,0,12,0,0,4,0,4,0,5,11,0,16,4,0,4,20
08/02/2021,ISO,NC,ASO,EN,Federal Contract Tower,0,1,6,8,15,0,0,2,4,6,0,1,8,12,21,10,18,28,49
08/03/2021,ISO,NC,ASO,EN,Federal Contract Tower,0,4,5,6,15,0,0,6,0,6,0,4,11,6,21,10,0,10,31
08/04/2021,ISO,NC,ASO,EN,Federal Contract Tower,0,3,5,3,11,0,1,0,1,2,0,4,5,4,13,0,14,14,27
08/05/2021,ISO,NC,ASO,EN,Federal Contract Tower,0,2,5,8,15,0,3,10,2,15,0,5,15,10,30,4,26,30,60
08/06/2021,ISO,NC,ASO,EN,Federal Contract Tower,0,1,14,10,25,0,7,17,5,29,0,8,31,15,54,31,20,51,105
08/07/2021,ISO,NC,ASO,EN,Federal Contract Tower,0,4,2,2,8,0,0,8,1,9,0,4,10,3,17,0,0,0,17
08/08/2021,ISO,NC,ASO,EN,Federal Contract Tower,0,0,6,1,7,0,0,3,0,3,0,0,9,1,10,40,0,40,50
08/09/2021,ISO,NC,ASO,EN,Federal Contract Tower,0,3,12,6,21,0,0,20,2,22,0,3,32,8,43,40,59,99,142
08/10/2021,ISO,NC,ASO,EN,Federal Contract Tower,0,0,4,12,16,0,1,6,9,16,0,1,10,21,32,16,56,72,104
08/11/2021,ISO,NC,ASO,EN,Federal Contract Tower,0,1,9,8,18,0,0,16,7,23,0,1,25,15,41,14,32,46,87
08/12/2021,ISO,NC,ASO,EN,Federal Contract Tower,0,6,5,10,21,0,0,19,4,23,0,6,24,14,44,4,28,32,76
08/13/2021,ISO,NC,ASO,EN,Federal Contract Tower,0,1,2,5,8,0,0,13,4,17,0,1,15,9,25,14,52,66,91
08/14/2021,ISO,NC,ASO,EN,Federal Contract Tower,0,2,0,2,4,0,0,6,0,6,0,2,6,2,10,6,0,6,16
08/15/2021,ISO,NC,ASO,EN,Federal Contract Tower,0,0,2,0,2,0,0,6,0,6,0,0,8,0,8,26,0,26,34
08/16/2021,ISO,NC,ASO,EN,Federal Contract Tower,0,3,5,9,17,0,0,2,3,5,0,3,7,12,22,0,38,38,60
08/17/2021,ISO,NC,ASO,EN,Federal Contract Tower,0,0,6,14,20,0,0,2,0,2,0,0,8,14,22,0,30,30,52
08/18/2021,ISO,NC,ASO,EN,Federal Contract Tower,0,0,2,2,4,0,2,7,0,9,0,2,9,2,13,10,14,24,37
08/19/2021,ISO,NC,ASO,EN,Federal Contract Tower,0,0,14,18,32,0,5,20,7,32,0,5,34,25,64,16,5,21,85
08/20/2021,ISO,NC,ASO,EN,Federal Contract Tower,0,5,9,4,18,0,0,4,4,8,0,5,13,8,26,0,20,20,46
08/21/2021,ISO,NC,ASO,EN,Federal Contract Tower,0,2,8,0,10,0,0,4,0,4,0,2,12,0,14,0,0,0,14
08/22/2021,ISO,NC,ASO,EN,Federal Contract Tower,0,2,3,0,5,0,0,12,0,12,0,2,15,0,17,20,0,20,37
08/23/2021,ISO,NC,ASO,EN,Federal Contract Tower,0,0,16,22,38,0,0,14,4,18,0,0,30,26,56,24,12,36,92
08/24/2021,ISO,NC,ASO,EN,Federal Contract Tower,0,1,7,10,18,0,2,8,3,13,0,3,15,13,31,20,16,36,67
08/25/2021,ISO,NC,ASO,EN,Federal Contract Tower,0,2,2,18,22,0,2,3,1,6,0,4,5,19,28,6,34,40,68
08/26/2021,ISO,NC,ASO,EN,Federal Contract Tower,0,0,17,11,28,0,2,16,2,20,0,2,33,13,48,14,32,46,94
08/27/2021,ISO,NC,ASO,EN,Federal Contract Tower,0,0,3,4,7,0,2,12,8,22,0,2,15,12,29,34,10,44,73
08/28/2021,ISO,NC,ASO,EN,Federal Contract Tower,0,4,1,0,5,0,0,14,3,17,0,4,15,3,22,12,0,12,34
08/29/2021,ISO,NC,ASO,EN,Federal Contract Tower,0,0,7,4,11,0,0,4,1,5,0,0,11,5,16,22,24,46,62
08/30/2021,ISO,NC,ASO,EN,Federal Contract Tower,0,0,8,16,24,0,0,18,5,23,0,0,26,21,47,26,34,60,107
08/31/2021,ISO,NC,ASO,EN,Federal Contract Tower,0,3,11,22,36,0,4,10,10,24,0,7,21,32,60,4,76,80,140
09/01/2021,ISO,NC,ASO,EN,Federal Contract Tower,0,5,9,1,15,0,0,0,1,1,0,5,9,2,16,10,2,12,28
09/02/2021,ISO,NC,ASO,EN,Federal Contract Tower,0,3,7,7,17,0,4,5,3,12,0,7,12,10,29,12,76,88,117
09/03/2021,ISO,NC,ASO,EN,Federal Contract Tower,0,3,3,4,10,0,3,10,2,15,0,6,13,6,25,22,0,22,47
09/04/2021,ISO,NC,ASO,EN,Federal Contract Tower,0,0,1,4,5,0,0,25,2,27,0,0,26,6,32,2,10,12,44
09/05/2021,ISO,NC,ASO,EN,Federal Contract Tower,0,2,1,0,3,0,0,15,0,15,0,2,16,0,18,2,0,2,20
09/06/2021,ISO,NC,ASO,EN,Federal Contract Tower,0,0,14,0,14,0,2,22,0,24,0,2,36,0,38,40,0,40,78
09/07/2021,ISO,NC,ASO,EN,Federal Contract Tower,0,1,2,10,13,0,2,3,7,12,0,3,5,17,25,8,26,34,59
09/08/2021,ISO,NC,ASO,EN,Federal Contract Tower,0,0,9,22,31,0,1,5,10,16,0,1,14,32,47,12,32,44,91
09/09/2021,ISO,NC,ASO,EN,Federal Contract Tower,0,3,4,7,14,0,0,0,3,3,0,3,4,10,17,0,6,6,23
09/10/2021,ISO,NC,ASO,EN,Federal Contract Tower,0,2,7,16,25,0,9,11,15,35,0,11,18,31,60,12,76,88,148
09/11/2021,ISO,NC,ASO,EN,Federal Contract Tower,0,0,1,2,3,0,0,6,4,10,0,0,7,6,13,8,12,20,33
09/12/2021,ISO,NC,ASO,EN,Federal Contract Tower,0,2,5,0,7,0,0,19,0,19,0,2,24,0,26,4,0,4,30
09/13/2021,ISO,NC,ASO,EN,Federal Contract Tower,0,0,6,11,17,0,6,17,4,27,0,6,23,15,44,40,72,112,156
09/14/2021,ISO,NC,ASO,EN,Federal Contract Tower,0,2,16,11,29,0,0,15,4,19,0,2,31,15,48,24,44,68,116
09/15/2021,ISO,NC,ASO,EN,Federal Contract Tower,0,2,4,8,14,0,0,10,11,21,0,2,14,19,35,24,37,61,96
09/16/2021,ISO,NC,ASO,EN,Federal Contract Tower,0,5,13,31,49,0,7,5,15,27,0,12,18,46,76,48,90,138,214
09/17/2021,ISO,NC,ASO,EN,Federal Contract Tower,0,2,10,7,19,0,0,0,6,6,0,2,10,13,25,0,22,22,47
09/18/2021,ISO,NC,ASO,EN,Federal Contract Tower,0,0,7,0,7,0,0,1,0,1,0,0,8,0,8,10,0,10,18
09/19/2021,ISO,NC,ASO,EN,Federal Contract Tower,0,2,4,0,6,0,0,16,0,16,0,2,20,0,22,18,0,18,40
09/20/2021,ISO,NC,ASO,EN,Federal Contract Tower,0,2,16,19,37,0,3,9,1,13,0,5,25,20,50,64,110,174,224
09/21/2021,ISO,NC,ASO,EN,Federal Contract Tower,0,0,17,32,49,0,2,7,8,17,0,2,24,40,66,2,94,96,162
09/22/2021,ISO,NC,ASO,EN,Federal Contract Tower,0,0,9,15,24,0,0,1,2,3,0,0,10,17,27,0,6,6,33
09/23/2021,ISO,NC,ASO,EN,Federal Contract Tower,0,3,2,0,5,0,1,19,5,25,0,4,21,5,30,54,34,88,118
09/24/2021,ISO,NC,ASO,EN,Federal Contract Tower,0,2,9,22,33,0,6,21,6,33,0,8,30,28,66,54,52,106,172
09/25/2021,ISO,NC,ASO,EN,Federal Contract Tower,0,0,4,0,4,0,4,14,0,18,0,4,18,0,22,4,0,4,26
09/26/2021,ISO,NC,ASO,EN,Federal Contract Tower,0,0,5,0,5,0,0,5,5,10,0,0,10,5,15,0,2,2,17
09/27/2021,ISO,NC,ASO,EN,Federal Contract Tower,0,0,4,4,8,0,3,9,6,18,0,3,13,10,26,2,20,22,48
09/28/2021,ISO,NC,ASO,EN,Federal Contract Tower,0,1,2,3,6,0,3,19,4,26,0,4,21,7,32,104,8,112,144
09/29/2021,ISO,NC,ASO,EN,Federal Contract Tower,0,0,11,22,33,0,5,8,1,14,0,5,19,23,47,46,64,110,157
09/30/2021,ISO,NC,ASO,EN,Federal Contract Tower,0,5,4,10,19,0,4,9,2,15,0,9,13,12,34,0,44,44,78
10/01/2021,ISO,NC,ASO,EN,Federal Contract Tower,0,7,16,34,57,0,0,23,5,28,0,7,39,39,85,52,2,54,139
10/02/2021,ISO,NC,ASO,EN,Federal Contract Tower,0,1,4,2,7,0,0,4,0,4,0,1,8,2,11,2,0,2,13
10/03/2021,ISO,NC,ASO,EN,Federal Contract Tower,0,2,4,0,6,0,0,6,0,6,0,2,10,0,12,26,0,26,38
10/04/2021,ISO,NC,ASO,EN,Federal Contract Tower,0,4,11,13,28,0,3,6,3,12,0,7,17,16,40,32,34,66,106
10/05/2021,ISO,NC,ASO,EN,Federal Contract Tower,0,3,8,30,41,0,2,2,6,10,0,5,10,36,51,76,54,130,181
10/06/2021,ISO,NC,ASO,EN,Federal Contract Tower,0,0,12,27,39,0,0,12,12,24,0,0,24,39,63,30,76,106,169
10/07/2021,ISO,NC,ASO,EN,Federal Contract Tower,0,0,27,3,30,0,0,0,2,2,0,0,27,5,32,20,8,28,60
10/08/2021,ISO,NC,ASO,EN,Federal Contract Tower,0,0,14,2,16,0,0,0,0,0,0,0,14,2,16,0,0,0,16
10/09/2021,ISO,NC,ASO,EN,Federal Contract Tower,0,0,0,0,0,0,0,0,0,0,0,0,0,0,0,0,0,0,0
10/10/2021,ISO,NC,ASO,EN,Federal Contract Tower,0,2,14,0,16,0,0,0,0,0,0,2,14,0,16,0,0,0,16
10/11/2021,ISO,NC,ASO,EN,Federal Contract Tower,0,0,16,0,16,0,1,0,0,1,0,1,16,0,17,12,0,12,29
10/12/2021,ISO,NC,ASO,EN,Federal Contract Tower,0,1,12,33,46,0,0,3,2,5,0,1,15,35,51,22,12,34,85
10/13/2021,ISO,NC,ASO,EN,Federal Contract Tower,0,3,12,18,33,0,1,1,5,7,0,4,13,23,40,4,18,22,62
10/14/2021,ISO,NC,ASO,EN,Federal Contract Tower,0,0,8,25,33,0,0,14,11,25,0,0,22,36,58,22,48,70,128
10/15/2021,ISO,NC,ASO,EN,Federal Contract Tower,0,2,8,14,24,0,0,18,8,26,0,2,26,22,50,22,36,58,108
10/16/2021,ISO,NC,ASO,EN,Federal Contract Tower,0,0,3,2,5,0,3,6,0,9,0,3,9,2,14,8,28,36,50
10/17/2021,ISO,NC,ASO,EN,Federal Contract Tower,0,1,1,0,2,0,0,3,0,3,0,1,4,0,5,16,0,16,21
10/18/2021,ISO,NC,ASO,EN,Federal Contract Tower,0,1,13,10,24,0,2,15,7,24,0,3,28,17,48,28,100,128,176
10/19/2021,ISO,NC,ASO,EN,Federal Contract Tower,0,2,5,10,17,0,6,18,4,28,0,8,23,14,45,86,0,86,131
10/20/2021,ISO,NC,ASO,EN,Federal Contract Tower,0,1,16,24,41,0,4,38,7,49,0,5,54,31,90,54,86,140,230
10/21/2021,ISO,NC,ASO,EN,Federal Contract Tower,0,2,8,14,24,0,2,14,12,28,0,4,22,26,52,36,120,156,208
10/22/2021,ISO,NC,ASO,EN,Federal Contract Tower,0,0,4,2,6,0,1,17,0,18,0,1,21,2,24,18,34,52,76
10/23/2021,ISO,NC,ASO,EN,Federal Contract Tower,0,0,14,0,14,0,0,10,0,10,0,0,24,0,24,2,0,2,26
10/24/2021,ISO,NC,ASO,EN,Federal Contract Tower,0,0,10,0,10,0,2,12,0,14,0,2,22,0,24,12,0,12,36
10/25/2021,ISO,NC,ASO,EN,Federal Contract Tower,0,0,8,11,19,0,4,6,6,16,0,4,14,17,35,8,8,16,51
10/26/2021,ISO,NC,ASO,EN,Federal Contract Tower,0,0,5,4,9,0,4,3,6,13,0,4,8,10,22,2,48,50,72
10/27/2021,ISO,NC,ASO,EN,Federal Contract Tower,0,1,10,13,24,0,4,17,4,25,0,5,27,17,49,44,10,54,103
10/28/2021,ISO,NC,ASO,EN,Federal Contract Tower,0,0,3,5,8,0,1,14,5,20,0,1,17,10,28,4,46,50,78
10/29/2021,ISO,NC,ASO,EN,Federal Contract Tower,0,1,9,6,16,0,0,0,4,4,0,1,9,10,20,0,20,20,40
10/30/2021,ISO,NC,ASO,EN,Federal Contract Tower,0,2,5,6,13,0,8,11,5,24,0,10,16,11,37,24,10,34,71
10/31/2021,ISO,NC,ASO,EN,Federal Contract Tower,0,3,7,2,12,0,0,2,0,2,0,3,9,2,14,0,0,0,14
11/01/2021,ISO,NC,ASO,EN,Federal Contract Tower,0,0,11,31,42,0,0,26,8,34,0,0,37,39,76,48,124,172,248
11/02/2021,ISO,NC,ASO,EN,Federal Contract Tower,0,0,7,23,30,0,5,25,11,41,0,5,32,34,71,62,108,170,241
11/03/2021,ISO,NC,ASO,EN,Federal Contract Tower,0,1,6,46,53,0,4,12,14,30,0,5,18,60,83,17,70,87,170
11/04/2021,ISO,NC,ASO,EN,Federal Contract Tower,0,2,1,13,16,0,0,2,3,5,0,2,3,16,21,0,10,10,31
11/05/2021,ISO,NC,ASO,EN,Federal Contract Tower,0,0,2,41,43,0,18,4,0,22,0,18,6,41,65,48,14,62,127
11/06/2021,ISO,NC,ASO,EN,Federal Contract Tower,0,0,8,1,9,0,2,3,1,6,0,2,11,2,15,0,0,0,15
11/07/2021,ISO,NC,ASO,EN,Federal Contract Tower,0,0,2,0,2,0,0,2,0,2,0,0,4,0,4,8,0,8,12
11/08/2021,ISO,NC,ASO,EN,Federal Contract Tower,0,16,21,18,55,0,4,27,11,42,0,20,48,29,97,38,30,68,165
11/09/2021,ISO,NC,ASO,EN,Federal Contract Tower,0,5,15,20,40,0,6,20,27,53,0,11,35,47,93,116,6,122,215
11/10/2021,ISO,NC,ASO,EN,Federal Contract Tower,0,2,15,12,29,0,6,20,6,32,0,8,35,18,61,48,20,68,129
11/11/2021,ISO,NC,ASO,EN,Federal Contract Tower,0,2,26,2,30,1,5,20,0,26,1,7,46,2,56,74,0,74,130
11/12/2021,ISO,NC,ASO,EN,Federal Contract Tower,0,2,13,0,15,0,9,6,0,15,0,11,19,0,30,66,0,66,96
11/13/2021,ISO,NC,ASO,EN,Federal Contract Tower,0,0,5,0,5,0,9,12,0,21,0,9,17,0,26,24,0,24,50
11/14/2021,ISO,NC,ASO,EN,Federal Contract Tower,0,2,3,0,5,0,8,20,0,28,0,10,23,0,33,8,0,8,41
11/15/2021,ISO,NC,ASO,EN,Federal Contract Tower,0,0,4,13,17,0,15,19,20,54,0,15,23,33,71,40,26,66,137
11/16/2021,ISO,NC,ASO,EN,Federal Contract Tower,0,0,12,21,33,0,1,12,14,27,0,1,24,35,60,10,44,54,114
11/17/2021,ISO,NC,ASO,EN,Federal Contract Tower,0,2,3,16,21,0,10,25,7,42,0,12,28,23,63,26,56,82,145
11/18/2021,ISO,NC,ASO,EN,Federal Contract Tower,0,6,20,35,61,0,10,18,27,55,0,16,38,62,116,40,116,156,272
11/19/2021,ISO,NC,ASO,EN,Federal Contract Tower,0,0,9,6,15,0,13,6,2,21,0,13,15,8,36,4,26,30,66
11/20/2021,ISO,NC,ASO,EN,Federal Contract Tower,0,0,4,1,5,0,10,25,1,36,0,10,29,2,41,26,10,36,77
11/21/2021,ISO,NC,ASO,EN,Federal Contract Tower,0,0,4,0,4,0,2,11,0,13,0,2,15,0,17,22,0,22,39
11/22/2021,ISO,NC,ASO,EN,Federal Contract Tower,0,1,7,9,17,0,0,0,0,0,0,1,7,9,17,0,0,0,17
11/23/2021,ISO,NC,ASO,EN,Federal Contract Tower,0,0,6,23,29,0,9,8,12,29,0,9,14,35,58,35,28,63,121
11/24/2021,ISO,NC,ASO,EN,Federal Contract Tower,0,0,13,0,13,0,1,20,0,21,0,1,33,0,34,46,0,46,80
11/25/2021,ISO,NC,ASO,EN,Federal Contract Tower,0,0,3,0,3,0,0,2,0,2,0,0,5,0,5,14,0,14,19
11/26/2021,ISO,NC,ASO,EN,Federal Contract Tower,0,2,5,0,7,0,0,0,0,0,0,2,5,0,7,0,0,0,7
11/27/2021,ISO,NC,ASO,EN,Federal Contract Tower,0,3,5,0,8,0,0,14,0,14,0,3,19,0,22,4,0,4,26
11/28/2021,ISO,NC,ASO,EN,Federal Contract Tower,0,2,6,0,8,0,5,8,0,13,0,7,14,0,21,26,0,26,47
11/29/2021,ISO,NC,ASO,EN,Federal Contract Tower,0,0,12,12,24,0,16,22,10,48,0,16,34,22,72,14,4,18,90
11/30/2021,ISO,NC,ASO,EN,Federal Contract Tower,0,0,6,28,34,0,9,14,35,58,0,9,20,63,92,18,80,98,190
12/01/2021,ISO,NC,ASO,EN,Federal Contract Tower,0,2,10,30,42,0,5,10,9,24,0,7,20,39,66,6,80,86,152
12/02/2021,ISO,NC,ASO,EN,Federal Contract Tower,0,1,16,26,43,0,13,15,13,41,0,14,31,39,84,24,146,170,254
12/03/2021,ISO,NC,ASO,EN,Federal Contract Tower,0,1,14,13,28,0,15,8,10,33,0,16,22,23,61,4,30,34,95
12/04/2021,ISO,NC,ASO,EN,Federal Contract Tower,0,0,3,0,3,0,13,6,0,19,0,13,9,0,22,24,0,24,46
12/05/2021,ISO,NC,ASO,EN,Federal Contract Tower,0,0,6,3,9,0,12,1,1,14,0,12,7,4,23,0,36,36,59
12/06/2021,ISO,NC,ASO,EN,Federal Contract Tower,0,0,21,8,29,0,10,8,6,24,0,10,29,14,53,2,10,12,65
12/07/2021,ISO,NC,ASO,EN,Federal Contract Tower,0,0,16,11,27,0,11,7,7,25,0,11,23,18,52,8,10,18,70
12/08/2021,ISO,NC,ASO,EN,Federal Contract Tower,0,0,9,3,12,0,0,0,0,0,0,0,9,3,12,0,0,0,12
12/09/2021,ISO,NC,ASO,EN,Federal Contract Tower,0,3,6,14,23,0,10,15,8,33,0,13,21,22,56,16,82,98,154
12/10/2021,ISO,NC,ASO,EN,Federal Contract Tower,0,2,7,39,48,0,1,5,13,19,0,3,12,52,67,10,44,54,121
12/11/2021,ISO,NC,ASO,EN,Federal Contract Tower,0,0,4,0,4,0,0,3,0,3,0,0,7,0,7,0,0,0,7
12/12/2021,ISO,NC,ASO,EN,Federal Contract Tower,0,2,2,0,4,0,0,5,4,9,0,2,7,4,13,2,0,2,15
12/13/2021,ISO,NC,ASO,EN,Federal Contract Tower,0,5,17,13,35,0,8,8,8,24,0,13,25,21,59,6,70,76,135
12/14/2021,ISO,NC,ASO,EN,Federal Contract Tower,0,2,24,17,43,0,24,14,7,45,0,26,38,24,88,10,38,48,136
12/15/2021,ISO,NC,ASO,EN,Federal Contract Tower,0,0,11,4,15,0,0,8,4,12,0,0,19,8,27,0,24,24,51
12/16/2021,ISO,NC,ASO,EN,Federal Contract Tower,0,1,10,2,13,0,0,10,2,12,0,1,20,4,25,20,8,28,53
12/17/2021,ISO,NC,ASO,EN,Federal Contract Tower,0,2,11,16,29,0,2,0,2,4,0,4,11,18,33,0,0,0,33
12/18/2021,ISO,NC,ASO,EN,Federal Contract Tower,0,2,6,2,10,0,0,0,4,4,0,2,6,6,14,0,18,18,32
12/19/2021,ISO,NC,ASO,EN,Federal Contract Tower,0,3,4,0,7,0,0,0,0,0,0,3,4,0,7,0,0,0,7
12/20/2021,ISO,NC,ASO,EN,Federal Contract Tower,0,0,11,4,15,0,0,5,6,11,0,0,16,10,26,18,12,30,56
12/21/2021,ISO,NC,ASO,EN,Federal Contract Tower,0,1,9,36,46,0,0,6,0,6,0,1,15,36,52,4,16,20,72
12/23/2021,ISO,NC,ASO,EN,Federal Contract Tower,0,2,22,6,30,0,1,15,0,16,0,3,37,6,46,6,0,6,52
12/24/2021,ISO,NC,ASO,EN,Federal Contract Tower,0,1,2,0,3,0,0,10,0,10,0,1,12,0,13,0,0,0,13
12/25/2021,ISO,NC,ASO,EN,Federal Contract Tower,0,0,1,0,1,0,0,0,0,0,0,0,1,0,1,0,0,0,1
12/26/2021,ISO,NC,ASO,EN,Federal Contract Tower,0,0,10,0,10,0,0,6,0,6,0,0,16,0,16,2,0,2,18
12/27/2021,ISO,NC,ASO,EN,Federal Contract Tower,0,0,8,4,12,0,0,9,2,11,0,0,17,6,23,0,6,6,29
12/28/2021,ISO,NC,ASO,EN,Federal Contract Tower,0,0,4,12,16,0,2,7,0,9,0,2,11,12,25,6,0,6,31
12/29/2021,ISO,NC,ASO,EN,Federal Contract Tower,0,0,2,3,5,0,1,8,2,11,0,1,10,5,16,2,2,4,20
12/30/2021,ISO,NC,ASO,EN,Federal Contract Tower,0,0,5,0,5,0,0,0,3,3,0,0,5,3,8,0,50,50,58
12/31/2021,ISO,NC,ASO,EN,Federal Contract Tower,0,2,9,1,12,0,0,4,1,5,0,2,13,2,17,44,12,56,73
01/01/2022,ISO,NC,ASO,EN,Federal Contract Tower,0,0,5,0,5,0,0,0,0,0,0,0,5,0,5,0,0,0,5
01/02/2022,ISO,NC,ASO,EN,Federal Contract Tower,0,0,4,0,4,0,0,0,0,0,0,0,4,0,4,0,0,0,4
01/03/2022,ISO,NC,ASO,EN,Federal Contract Tower,0,0,3,0,3,0,0,0,2,2,0,0,3,2,5,0,0,0,5
01/04/2022,ISO,NC,ASO,EN,Federal Contract Tower,0,1,6,3,10,0,3,18,12,33,0,4,24,15,43,22,0,22,65
01/05/2022,ISO,NC,ASO,EN,Federal Contract Tower,0,3,8,10,21,0,0,0,0,0,0,3,8,10,21,0,0,0,21
01/06/2022,ISO,NC,ASO,EN,Federal Contract Tower,0,0,6,24,30,0,4,10,9,23,0,4,16,33,53,16,38,54,107
01/07/2022,ISO,NC,ASO,EN,Federal Contract Tower,0,5,5,7,17,0,3,9,0,12,0,8,14,7,29,0,0,0,29
01/08/2022,ISO,NC,ASO,EN,Federal Contract Tower,0,0,3,4,7,0,0,5,1,6,0,0,8,5,13,16,5,21,34
01/09/2022,ISO,NC,ASO,EN,Federal Contract Tower,0,2,3,10,15,0,0,2,0,2,0,2,5,10,17,2,0,2,19
01/10/2022,ISO,NC,ASO,EN,Federal Contract Tower,0,2,5,6,13,0,0,11,8,19,0,2,16,14,32,2,18,20,52
01/11/2022,ISO,NC,ASO,EN,Federal Contract Tower,0,4,18,12,34,0,3,9,14,26,0,7,27,26,60,10,72,82,142
01/12/2022,ISO,NC,ASO,EN,Federal Contract Tower,0,0,10,21,31,0,1,9,8,18,0,1,19,29,49,26,86,112,161
01/13/2022,ISO,NC,ASO,EN,Federal Contract Tower,0,0,12,31,43,0,0,10,4,14,0,0,22,35,57,22,72,94,151
01/14/2022,ISO,NC,ASO,EN,Federal Contract Tower,0,0,7,9,16,0,0,12,2,14,0,0,19,11,30,6,20,26,56
01/15/2022,ISO,NC,ASO,EN,Federal Contract Tower,0,0,2,0,2,0,0,0,0,0,0,0,2,0,2,0,0,0,2
01/16/2022,ISO,NC,ASO,EN,Federal Contract Tower,0,0,0,0,0,0,0,0,0,0,0,0,0,0,0,0,0,0,0
01/17/2022,ISO,NC,ASO,EN,Federal Contract Tower,0,0,4,1,5,0,0,1,3,4,0,0,5,4,9,0,4,4,13
01/18/2022,ISO,NC,ASO,EN,Federal Contract Tower,0,0,15,9,24,0,0,2,8,10,0,0,17,17,34,2,42,44,78
01/19/2022,ISO,NC,ASO,EN,Federal Contract Tower,0,3,10,17,30,0,1,6,11,18,0,4,16,28,48,48,44,92,140
01/20/2022,ISO,NC,ASO,EN,Federal Contract Tower,0,0,4,7,11,0,1,0,4,5,0,1,4,11,16,0,0,0,16
01/21/2022,ISO,NC,ASO,EN,Federal Contract Tower,0,0,0,0,0,0,0,0,0,0,0,0,0,0,0,0,0,0,0
01/22/2022,ISO,NC,ASO,EN,Federal Contract Tower,0,0,1,0,1,0,0,3,0,3,0,0,4,0,4,0,0,0,4
01/23/2022,ISO,NC,ASO,EN,Federal Contract Tower,0,0,4,0,4,0,0,6,0,6,0,0,10,0,10,0,0,0,10
01/24/2022,ISO,NC,ASO,EN,Federal Contract Tower,2,0,13,9,24,0,2,11,3,16,2,2,24,12,40,20,0,20,60
01/25/2022,ISO,NC,ASO,EN,Federal Contract Tower,0,0,3,19,22,0,2,11,6,19,0,2,14,25,41,46,26,72,113
01/26/2022,ISO,NC,ASO,EN,Federal Contract Tower,0,0,7,8,15,0,0,17,5,22,0,0,24,13,37,24,8,32,69
01/27/2022,ISO,NC,ASO,EN,Federal Contract Tower,0,2,13,6,21,0,3,24,8,35,0,5,37,14,56,26,10,36,92
01/28/2022,ISO,NC,ASO,EN,Federal Contract Tower,0,4,12,9,25,0,0,8,11,19,0,4,20,20,44,12,78,90,134
01/29/2022,ISO,NC,ASO,EN,Federal Contract Tower,0,0,0,0,0,0,0,0,0,0,0,0,0,0,0,0,0,0,0
01/30/2022,ISO,NC,ASO,EN,Federal Contract Tower,0,0,20,0,20,0,0,14,0,14,0,0,34,0,34,18,0,18,52
01/31/2022,ISO,NC,ASO,EN,Federal Contract Tower,0,0,4,23,27,0,4,3,13,20,0,4,7,36,47,6,30,36,83
02/01/2022,ISO,NC,ASO,EN,Federal Contract Tower,0,0,9,26,35,0,5,9,15,29,0,5,18,41,64,2,56,58,122
02/02/2022,ISO,NC,ASO,EN,Federal Contract Tower,0,0,4,9,13,0,0,4,5,9,0,0,8,14,22,0,28,28,50
02/03/2022,ISO,NC,ASO,EN,Federal Contract Tower,0,0,9,33,42,0,0,5,4,9,0,0,14,37,51,0,72,72,123
02/04/2022,ISO,NC,ASO,EN,Federal Contract Tower,0,0,4,6,10,0,0,0,6,6,0,0,4,12,16,0,0,0,16
02/05/2022,ISO,NC,ASO,EN,Federal Contract Tower,0,0,13,1,14,0,2,4,1,7,0,2,17,2,21,0,4,4,25
02/06/2022,ISO,NC,ASO,EN,Federal Contract Tower,0,3,2,0,5,0,0,13,0,13,0,3,15,0,18,22,0,22,40
02/07/2022,ISO,NC,ASO,EN,Federal Contract Tower,0,4,4,2,10,0,0,1,0,1,0,4,5,2,11,0,0,0,11
02/08/2022,ISO,NC,ASO,EN,Federal Contract Tower,0,5,13,25,43,0,0,3,30,33,0,5,16,55,76,0,38,38,114
02/09/2022,ISO,NC,ASO,EN,Federal Contract Tower,0,0,19,13,32,0,3,20,13,36,0,3,39,26,68,37,80,117,185
02/10/2022,ISO,NC,ASO,EN,Federal Contract Tower,0,0,12,14,26,0,0,12,13,25,0,0,24,27,51,8,100,108,159
02/11/2022,ISO,NC,ASO,EN,Federal Contract Tower,0,0,17,7,24,0,0,18,12,30,0,0,35,19,54,24,20,44,98
02/12/2022,ISO,NC,ASO,EN,Federal Contract Tower,0,0,1,0,1,0,0,6,0,6,0,0,7,0,7,28,0,28,35
02/13/2022,ISO,NC,ASO,EN,Federal Contract Tower,0,0,2,0,2,0,0,0,0,0,0,0,2,0,2,0,0,0,2
02/14/2022,ISO,NC,ASO,EN,Federal Contract Tower,0,0,4,3,7,0,3,11,1,15,0,3,15,4,22,12,4,16,38
02/15/2022,ISO,NC,ASO,EN,Federal Contract Tower,0,0,5,12,17,0,2,8,8,18,0,2,13,20,35,6,54,60,95
02/16/2022,ISO,NC,ASO,EN,Federal Contract Tower,0,2,13,14,29,0,3,17,12,32,0,5,30,26,61,58,44,102,163
02/17/2022,ISO,NC,ASO,EN,Federal Contract Tower,0,0,0,10,10,0,0,3,9,12,0,0,3,19,22,4,36,40,62
02/18/2022,ISO,NC,ASO,EN,Federal Contract Tower,0,3,9,7,19,0,4,3,7,14,0,7,12,14,33,16,4,20,53
02/19/2022,ISO,NC,ASO,EN,Federal Contract Tower,0,0,10,0,10,0,2,3,0,5,0,2,13,0,15,2,0,2,17
02/20/2022,ISO,NC,ASO,EN,Federal Contract Tower,0,2,6,0,8,0,0,1,0,1,0,2,7,0,9,0,0,0,9
02/21/2022,ISO,NC,ASO,EN,Federal Contract Tower,0,2,10,0,12,0,0,7,0,7,0,2,17,0,19,32,0,32,51
02/22/2022,ISO,NC,ASO,EN,Federal Contract Tower,0,0,13,4,17,0,0,3,8,11,0,0,16,12,28,0,32,32,60
02/23/2022,ISO,NC,ASO,EN,Federal Contract Tower,0,4,23,16,43,0,0,6,14,20,0,4,29,30,63,10,26,36,99
02/24/2022,ISO,NC,ASO,EN,Federal Contract Tower,0,2,1,31,34,0,0,0,4,4,0,2,1,35,38,0,50,50,88
02/25/2022,ISO,NC,ASO,EN,Federal Contract Tower,2,1,7,3,13,0,0,0,5,5,2,1,7,8,18,0,20,20,38
02/26/2022,ISO,NC,ASO,EN,Federal Contract Tower,0,2,6,0,8,0,0,2,2,4,0,2,8,2,12,6,0,6,18
02/27/2022,ISO,NC,ASO,EN,Federal Contract Tower,0,1,9,0,10,0,0,0,0,0,0,1,9,0,10,10,0,10,20
02/28/2022,ISO,NC,ASO,EN,Federal Contract Tower,0,0,34,16,50,0,2,19,5,26,0,2,53,21,76,62,58,120,196
03/01/2022,ISO,NC,ASO,EN,Federal Contract Tower,0,0,25,14,39,0,0,15,5,20,0,0,40,19,59,38,40,78,137
03/02/2022,ISO,NC,ASO,EN,Federal Contract Tower,0,2,7,20,29,0,1,21,10,32,0,3,28,30,61,32,50,82,143
03/03/2022,ISO,NC,ASO,EN,Federal Contract Tower,0,2,9,17,28,0,2,13,7,22,0,4,22,24,50,0,34,34,84
03/04/2022,ISO,NC,ASO,EN,Federal Contract Tower,0,4,7,6,17,0,0,14,10,24,0,4,21,16,41,20,52,72,113
03/05/2022,ISO,NC,ASO,EN,Federal Contract Tower,0,2,14,0,16,0,0,3,0,3,0,2,17,0,19,0,0,0,19
03/06/2022,ISO,NC,ASO,EN,Federal Contract Tower,0,2,3,0,5,0,0,7,0,7,0,2,10,0,12,24,0,24,36
03/07/2022,ISO,NC,ASO,EN,Federal Contract Tower,0,1,7,12,20,0,27,1,15,43,0,28,8,27,63,0,38,38,101
03/08/2022,ISO,NC,ASO,EN,Federal Contract Tower,0,1,14,23,38,0,0,3,14,17,0,1,17,37,55,6,92,98,153
03/09/2022,ISO,NC,ASO,EN,Federal Contract Tower,0,1,12,2,15,0,0,0,0,0,0,1,12,2,15,0,4,4,19
03/10/2022,ISO,NC,ASO,EN,Federal Contract Tower,0,1,9,21,31,0,0,0,0,0,0,1,9,21,31,0,0,0,31
03/11/2022,ISO,NC,ASO,EN,Federal Contract Tower,0,0,13,10,23,0,0,0,0,0,0,0,13,10,23,0,0,0,23
03/12/2022,ISO,NC,ASO,EN,Federal Contract Tower,0,2,2,0,4,0,0,0,0,0,0,2,2,0,4,0,0,0,4
03/13/2022,ISO,NC,ASO,EN,Federal Contract Tower,0,2,16,1,19,0,0,7,1,8,0,2,23,2,27,40,0,40,67
03/14/2022,ISO,NC,ASO,EN,Federal Contract Tower,0,0,12,5,17,0,0,24,5,29,0,0,36,10,46,56,56,112,158
03/15/2022,ISO,NC,ASO,EN,Federal Contract Tower,0,4,21,11,36,0,0,23,14,37,0,4,44,25,73,42,50,92,165
03/16/2022,ISO,NC,ASO,EN,Federal Contract Tower,0,3,13,10,26,0,0,15,5,20,0,3,28,15,46,24,34,58,104
03/17/2022,ISO,NC,ASO,EN,Federal Contract Tower,0,4,5,11,20,0,0,1,5,6,0,4,6,16,26,13,52,65,91
03/18/2022,ISO,NC,ASO,EN,Federal Contract Tower,0,3,12,3,18,0,0,10,4,14,0,3,22,7,32,46,8,54,86
03/19/2022,ISO,NC,ASO,EN,Federal Contract Tower,0,0,9,0,9,0,2,0,0,2,0,2,9,0,11,0,0,0,11
03/20/2022,ISO,NC,ASO,EN,Federal Contract Tower,0,2,9,0,11,0,0,12,0,12,0,2,21,0,23,0,2,2,25
03/21/2022,ISO,NC,ASO,EN,Federal Contract Tower,0,1,12,17,30,0,0,18,18,36,0,1,30,35,66,10,50,60,126
03/22/2022,ISO,NC,ASO,EN,Federal Contract Tower,0,0,6,19,25,0,2,9,14,25,0,2,15,33,50,52,74,126,176
03/23/2022,ISO,NC,ASO,EN,Federal Contract Tower,0,2,20,24,46,0,1,6,10,17,0,3,26,34,63,10,24,34,97
03/24/2022,ISO,NC,ASO,EN,Federal Contract Tower,0,0,5,6,11,0,0,0,0,0,0,0,5,6,11,0,0,0,11
03/25/2022,ISO,NC,ASO,EN,Federal Contract Tower,0,0,14,3,17,0,0,15,13,28,0,0,29,16,45,28,28,56,101
03/26/2022,ISO,NC,ASO,EN,Federal Contract Tower,0,3,6,2,11,0,0,14,0,14,0,3,20,2,25,0,0,0,25
03/27/2022,ISO,NC,ASO,EN,Federal Contract Tower,0,5,15,0,20,0,0,25,0,25,0,5,40,0,45,26,0,26,71
03/28/2022,ISO,NC,ASO,EN,Federal Contract Tower,0,0,8,18,26,0,1,10,12,23,0,1,18,30,49,2,74,76,125
03/29/2022,ISO,NC,ASO,EN,Federal Contract Tower,0,0,12,30,42,0,0,12,6,18,0,0,24,36,60,38,108,146,206
03/30/2022,ISO,NC,ASO,EN,Federal Contract Tower,0,2,9,9,20,0,0,2,5,7,0,2,11,14,27,16,36,52,79
03/31/2022,ISO,NC,ASO,EN,Federal Contract Tower,0,0,7,0,7,0,0,0,2,2,0,0,7,2,9,0,6,6,15
04/01/2022,ISO,NC,ASO,EN,Federal Contract Tower,0,0,10,8,18,0,0,5,2,7,0,0,15,10,25,4,26,30,55
04/02/2022,ISO,NC,ASO,EN,Federal Contract Tower,0,2,5,0,7,0,0,4,0,4,0,2,9,0,11,0,0,0,11
04/03/2022,ISO,NC,ASO,EN,Federal Contract Tower,0,3,5,0,8,0,2,8,0,10,0,5,13,0,18,6,0,6,24
04/04/2022,ISO,NC,ASO,EN,Federal Contract Tower,0,2,8,10,20,0,0,15,5,20,0,2,23,15,40,38,32,70,110
04/05/2022,ISO,NC,ASO,EN,Federal Contract Tower,0,0,5,9,14,0,0,4,6,10,0,0,9,15,24,2,0,2,26
04/06/2022,ISO,NC,ASO,EN,Federal Contract Tower,0,4,12,8,24,0,0,5,5,10,0,4,17,13,34,6,62,68,102
04/07/2022,ISO,NC,ASO,EN,Federal Contract Tower,0,0,12,10,22,0,0,1,5,6,0,0,13,15,28,0,14,14,42
04/08/2022,ISO,NC,ASO,EN,Federal Contract Tower,0,0,15,6,21,0,0,7,3,10,0,0,22,9,31,14,42,56,87
04/09/2022,ISO,NC,ASO,EN,Federal Contract Tower,0,0,11,6,17,0,0,6,0,6,0,0,17,6,23,6,24,30,53
04/10/2022,ISO,NC,ASO,EN,Federal Contract Tower,0,0,3,0,3,0,0,6,0,6,0,0,9,0,9,0,0,0,9
04/11/2022,ISO,NC,ASO,EN,Federal Contract Tower,0,0,13,14,27,0,0,19,1,20,0,0,32,15,47,40,22,62,109
04/12/2022,ISO,NC,ASO,EN,Federal Contract Tower,0,0,9,13,22,0,0,5,15,20,0,0,14,28,42,0,50,50,92
04/13/2022,ISO,NC,ASO,EN,Federal Contract Tower,0,2,7,20,29,0,0,10,11,21,0,2,17,31,50,44,72,116,166
04/14/2022,ISO,NC,ASO,EN,Federal Contract Tower,0,0,15,9,24,0,0,5,3,8,0,0,20,12,32,2,16,18,50
04/15/2022,ISO,NC,ASO,EN,Federal Contract Tower,0,2,16,0,18,0,0,21,3,24,0,2,37,3,42,18,0,18,60
04/16/2022,ISO,NC,ASO,EN,Federal Contract Tower,0,0,6,0,6,0,0,8,2,10,0,0,14,2,16,10,0,10,26
04/17/2022,ISO,NC,ASO,EN,Federal Contract Tower,0,2,4,0,6,0,0,1,0,1,0,2,5,0,7,0,0,0,7
04/18/2022,ISO,NC,ASO,EN,Federal Contract Tower,0,0,7,2,9,0,0,0,0,0,0,0,7,2,9,0,0,0,9
04/19/2022,ISO,NC,ASO,EN,Federal Contract Tower,0,0,17,6,23,0,0,12,8,20,0,0,29,14,43,24,82,106,149
04/20/2022,ISO,NC,ASO,EN,Federal Contract Tower,0,2,27,9,38,0,0,23,7,30,0,2,50,16,68,56,56,112,180
04/21/2022,ISO,NC,ASO,EN,Federal Contract Tower,0,0,11,19,30,0,0,10,6,16,0,0,21,25,46,32,48,80,126
04/22/2022,ISO,NC,ASO,EN,Federal Contract Tower,0,0,4,6,10,0,2,20,10,32,0,2,24,16,42,22,40,62,104
04/23/2022,ISO,NC,ASO,EN,Federal Contract Tower,0,2,7,3,12,0,0,8,4,12,0,2,15,7,24,10,0,10,34
04/24/2022,ISO,NC,ASO,EN,Federal Contract Tower,0,0,12,1,13,0,0,13,0,13,0,0,25,1,26,38,0,38,64
04/25/2022,ISO,NC,ASO,EN,Federal Contract Tower,0,0,14,12,26,0,0,27,11,38,0,0,41,23,64,34,84,118,182
04/26/2022,ISO,NC,ASO,EN,Federal Contract Tower,0,0,10,2,12,0,0,6,0,6,0,0,16,2,18,16,26,42,60
04/27/2022,ISO,NC,ASO,EN,Federal Contract Tower,0,0,8,13,21,0,0,10,5,15,0,0,18,18,36,22,6,28,64
04/28/2022,ISO,NC,ASO,EN,Federal Contract Tower,0,0,8,10,18,0,2,25,9,36,0,2,33,19,54,50,20,70,124
04/29/2022,ISO,NC,ASO,EN,Federal Contract Tower,0,3,11,6,20,0,0,19,2,21,0,3,30,8,41,14,12,26,67
04/30/2022,ISO,NC,ASO,EN,Federal Contract Tower,0,0,3,0,3,0,0,10,0,10,0,0,13,0,13,2,0,2,15
05/01/2022,ISO,NC,ASO,EN,Federal Contract Tower,0,2,2,0,4,0,0,16,0,16,0,2,18,0,20,14,0,14,34
05/02/2022,ISO,NC,ASO,EN,Federal Contract Tower,0,2,22,8,32,0,0,17,10,27,0,2,39,18,59,4,36,40,99
05/03/2022,ISO,NC,ASO,EN,Federal Contract Tower,0,1,18,34,53,0,0,13,19,32,0,1,31,53,85,4,94,98,183
05/04/2022,ISO,NC,ASO,EN,Federal Contract Tower,0,0,10,12,22,0,0,4,8,12,0,0,14,20,34,10,8,18,52
05/05/2022,ISO,NC,ASO,EN,Federal Contract Tower,0,5,32,32,69,0,0,3,2,5,0,5,35,34,74,6,4,10,84
05/06/2022,ISO,NC,ASO,EN,Federal Contract Tower,0,0,11,6,17,0,0,2,1,3,0,0,13,7,20,0,8,8,28
05/07/2022,ISO,NC,ASO,EN,Federal Contract Tower,0,0,4,0,4,0,0,16,0,16,0,0,20,0,20,10,0,10,30
05/08/2022,ISO,NC,ASO,EN,Federal Contract Tower,0,0,8,0,8,0,0,0,0,0,0,0,8,0,8,0,0,0,8
05/09/2022,ISO,NC,ASO,EN,Federal Contract Tower,0,0,12,18,30,0,0,6,2,8,0,0,18,20,38,4,12,16,54
05/10/2022,ISO,NC,ASO,EN,Federal Contract Tower,0,1,9,16,26,0,0,6,8,14,0,1,15,24,40,0,94,94,134
05/11/2022,ISO,NC,ASO,EN,Federal Contract Tower,0,0,6,16,22,0,0,7,3,10,0,0,13,19,32,0,52,52,84
05/12/2022,ISO,NC,ASO,EN,Federal Contract Tower,0,1,12,8,21,0,1,0,0,1,0,2,12,8,22,0,0,0,22
05/13/2022,ISO,NC,ASO,EN,Federal Contract Tower,0,2,10,4,16,0,0,2,6,8,0,2,12,10,24,0,6,6,30
05/14/2022,ISO,NC,ASO,EN,Federal Contract Tower,0,0,1,25,26,0,0,6,0,6,0,0,7,25,32,0,24,24,56
05/15/2022,ISO,NC,ASO,EN,Federal Contract Tower,0,2,9,1,12,0,0,22,0,22,0,2,31,1,34,72,22,94,128
05/16/2022,ISO,NC,ASO,EN,Federal Contract Tower,0,3,12,24,39,0,0,14,17,31,0,3,26,41,70,12,56,68,138
05/17/2022,ISO,NC,ASO,EN,Federal Contract Tower,0,0,9,24,33,0,3,19,12,34,0,3,28,36,67,24,6,30,97
05/18/2022,ISO,NC,ASO,EN,Federal Contract Tower,0,0,6,11,17,0,0,20,6,26,0,0,26,17,43,16,34,50,93
05/19/2022,ISO,NC,ASO,EN,Federal Contract Tower,0,1,19,27,47,0,0,9,6,15,0,1,28,33,62,16,94,110,172
05/20/2022,ISO,NC,ASO,EN,Federal Contract Tower,0,1,9,16,26,0,0,20,14,34,0,1,29,30,60,10,38,48,108
05/21/2022,ISO,NC,ASO,EN,Federal Contract Tower,1,2,14,0,17,0,1,14,0,15,1,3,28,0,32,12,0,12,44
05/22/2022,ISO,NC,ASO,EN,Federal Contract Tower,0,0,4,0,4,0,0,7,0,7,0,0,11,0,11,2,0,2,13
05/23/2022,ISO,NC,ASO,EN,Federal Contract Tower,0,0,7,10,17,0,0,5,8,13,0,0,12,18,30,0,0,0,30
05/24/2022,ISO,NC,ASO,EN,Federal Contract Tower,0,0,17,10,27,0,0,0,13,13,0,0,17,23,40,0,42,42,82
05/25/2022,ISO,NC,ASO,EN,Federal Contract Tower,0,1,23,5,29,0,2,4,2,8,0,3,27,7,37,16,2,18,55
05/26/2022,ISO,NC,ASO,EN,Federal Contract Tower,0,1,23,5,29,0,2,4,2,8,0,3,27,7,37,16,2,18,55
05/27/2022,ISO,NC,ASO,EN,Federal Contract Tower,2,1,5,0,8,0,0,0,0,0,2,1,5,0,8,0,0,0,8
05/28/2022,ISO,NC,ASO,EN,Federal Contract Tower,0,4,7,0,11,0,0,13,0,13,0,4,20,0,24,30,0,30,54
05/29/2022,ISO,NC,ASO,EN,Federal Contract Tower,0,2,4,0,6,0,0,12,0,12,0,2,16,0,18,20,0,20,38
05/30/2022,ISO,NC,ASO,EN,Federal Contract Tower,0,0,7,0,7,0,0,18,0,18,0,0,25,0,25,24,0,24,49
05/31/2022,ISO,NC,ASO,EN,Federal Contract Tower,0,3,12,31,46,0,0,28,10,38,0,3,40,41,84,4,36,40,124
06/01/2022,ISO,NC,ASO,EN,Federal Contract Tower,0,0,5,20,25,0,2,20,8,30,0,2,25,28,55,24,74,98,153
06/02/2022,ISO,NC,ASO,EN,Federal Contract Tower,0,0,6,29,35,0,0,16,9,25,0,0,22,38,60,14,26,40,100
06/03/2022,ISO,NC,ASO,EN,Federal Contract Tower,0,0,9,8,17,0,0,19,13,32,0,0,28,21,49,28,28,56,105
06/04/2022,ISO,NC,ASO,EN,Federal Contract Tower,0,1,3,0,4,0,2,14,3,19,0,3,17,3,23,32,0,32,55
06/05/2022,ISO,NC,ASO,EN,Federal Contract Tower,0,0,5,0,5,0,0,2,0,2,0,0,7,0,7,2,0,2,9
06/06/2022,ISO,NC,ASO,EN,Federal Contract Tower,0,0,8,14,22,0,0,22,12,34,0,0,30,26,56,14,72,86,142
06/07/2022,ISO,NC,ASO,EN,Federal Contract Tower,0,0,8,32,40,0,0,10,17,27,0,0,18,49,67,10,98,108,175
06/08/2022,ISO,NC,ASO,EN,Federal Contract Tower,0,0,7,1,8,0,0,12,0,12,0,0,19,1,20,8,0,8,28
06/09/2022,ISO,NC,ASO,EN,Federal Contract Tower,0,0,12,13,25,0,0,10,5,15,0,0,22,18,40,16,8,24,64
06/10/2022,ISO,NC,ASO,EN,Federal Contract Tower,0,3,11,2,16,0,0,34,2,36,0,3,45,4,52,32,12,44,96
06/11/2022,ISO,NC,ASO,EN,Federal Contract Tower,0,1,13,0,14,0,0,6,0,6,0,1,19,0,20,20,0,20,40
06/12/2022,ISO,NC,ASO,EN,Federal Contract Tower,0,2,3,2,7,0,0,4,2,6,0,2,7,4,13,8,10,18,31
06/13/2022,ISO,NC,ASO,EN,Federal Contract Tower,0,0,10,14,24,0,0,13,11,24,0,0,23,25,48,20,18,38,86
06/14/2022,ISO,NC,ASO,EN,Federal Contract Tower,0,0,11,14,25,0,0,5,13,18,0,0,16,27,43,0,52,52,95
06/15/2022,ISO,NC,ASO,EN,Federal Contract Tower,0,0,15,16,31,0,0,21,6,27,0,0,36,22,58,36,46,82,140
06/16/2022,ISO,NC,ASO,EN,Federal Contract Tower,0,0,10,6,16,0,0,10,2,12,0,0,20,8,28,12,34,46,74
06/17/2022,ISO,NC,ASO,EN,Federal Contract Tower,0,0,7,6,13,0,0,8,7,15,0,0,15,13,28,16,30,46,74
06/18/2022,ISO,NC,ASO,EN,Federal Contract Tower,0,0,15,6,21,0,0,12,0,12,0,0,27,6,33,24,0,24,57
06/19/2022,ISO,NC,ASO,EN,Federal Contract Tower,0,0,3,0,3,0,0,8,0,8,0,0,11,0,11,4,0,4,15
06/20/2022,ISO,NC,ASO,EN,Federal Contract Tower,0,0,7,0,7,0,0,12,0,12,0,0,19,0,19,10,0,10,29
06/21/2022,ISO,NC,ASO,EN,Federal Contract Tower,0,2,11,5,18,0,0,14,11,25,0,2,25,16,43,26,12,38,81
06/22/2022,ISO,NC,ASO,EN,Federal Contract Tower,0,10,16,9,35,0,0,16,6,22,0,10,32,15,57,10,102,112,169
06/23/2022,ISO,NC,ASO,EN,Federal Contract Tower,0,1,5,14,20,0,0,8,3,11,0,1,13,17,31,0,18,18,49
06/24/2022,ISO,NC,ASO,EN,Federal Contract Tower,0,1,14,5,20,0,0,19,16,35,0,1,33,21,55,22,34,56,111
06/25/2022,ISO,NC,ASO,EN,Federal Contract Tower,0,2,6,0,8,0,0,3,0,3,0,2,9,0,11,4,0,4,15
06/26/2022,ISO,NC,ASO,EN,Federal Contract Tower,0,2,9,0,11,0,0,11,0,11,0,2,20,0,22,12,0,12,34
06/27/2022,ISO,NC,ASO,EN,Federal Contract Tower,0,0,3,6,9,0,0,2,8,10,0,0,5,14,19,2,20,22,41
06/28/2022,ISO,NC,ASO,EN,Federal Contract Tower,0,0,13,16,29,0,0,14,13,27,0,0,27,29,56,20,22,42,98
06/29/2022,ISO,NC,ASO,EN,Federal Contract Tower,0,1,11,4,16,0,0,2,1,3,0,1,13,5,19,10,14,24,43
06/30/2022,ISO,NC,ASO,EN,Federal Contract Tower,0,0,11,18,29,0,0,9,9,18,0,0,20,27,47,2,50,52,99
07/01/2022,ISO,NC,ASO,EN,Federal Contract Tower,0,0,5,3,8,0,0,10,1,11,0,0,15,4,19,12,4,16,35
07/02/2022,ISO,NC,ASO,EN,Federal Contract Tower,0,0,5,0,5,0,0,1,0,1,0,0,6,0,6,0,0,0,6
07/03/2022,ISO,NC,ASO,EN,Federal Contract Tower,0,0,3,0,3,0,0,0,0,0,0,0,3,0,3,0,0,0,3
07/04/2022,ISO,NC,ASO,EN,Federal Contract Tower,0,0,8,0,8,0,0,3,0,3,0,0,11,0,11,0,0,0,11
07/05/2022,ISO,NC,ASO,EN,Federal Contract Tower,0,0,7,2,9,0,0,3,0,3,0,0,10,2,12,2,0,2,14
07/06/2022,ISO,NC,ASO,EN,Federal Contract Tower,0,0,10,15,25,0,0,19,1,20,0,0,29,16,45,4,36,40,85
07/07/2022,ISO,NC,ASO,EN,Federal Contract Tower,0,0,8,22,30,0,0,8,2,10,0,0,16,24,40,2,74,76,116
07/08/2022,ISO,NC,ASO,EN,Federal Contract Tower,0,2,12,10,24,0,0,0,0,0,0,2,12,10,24,0,0,0,24
07/09/2022,ISO,NC,ASO,EN,Federal Contract Tower,0,0,6,2,8,0,0,2,0,2,0,0,8,2,10,14,0,14,24
07/10/2022,ISO,NC,ASO,EN,Federal Contract Tower,0,2,6,0,8,0,0,1,0,1,0,2,7,0,9,0,0,0,9
07/11/2022,ISO,NC,ASO,EN,Federal Contract Tower,0,0,18,18,36,0,0,2,3,5,0,0,20,21,41,0,12,12,53
07/12/2022,ISO,NC,ASO,EN,Federal Contract Tower,0,0,13,26,39,0,0,13,11,24,0,0,26,37,63,18,88,106,169
07/13/2022,ISO,NC,ASO,EN,Federal Contract Tower,0,0,6,4,10,0,0,4,4,8,0,0,10,8,18,0,2,2,20
07/14/2022,ISO,NC,ASO,EN,Federal Contract Tower,0,0,10,9,19,0,0,0,4,4,0,0,10,13,23,0,38,38,61
07/15/2022,ISO,NC,ASO,EN,Federal Contract Tower,0,0,11,12,23,0,0,10,7,17,0,0,21,19,40,0,12,12,52
07/16/2022,ISO,NC,ASO,EN,Federal Contract Tower,0,0,12,1,13,0,0,7,18,25,0,0,19,19,38,0,0,0,38
07/17/2022,ISO,NC,ASO,EN,Federal Contract Tower,0,0,13,2,15,0,0,19,0,19,0,0,32,2,34,34,10,44,78
07/18/2022,ISO,NC,ASO,EN,Federal Contract Tower,0,0,13,4,17,0,0,14,1,15,0,0,27,5,32,16,2,18,50
07/19/2022,ISO,NC,ASO,EN,Federal Contract Tower,0,2,7,16,25,0,0,7,8,15,0,2,14,24,40,10,52,62,102
07/20/2022,ISO,NC,ASO,EN,Federal Contract Tower,0,0,7,15,22,0,4,10,4,18,0,4,17,19,40,23,48,71,111
07/21/2022,ISO,NC,ASO,EN,Federal Contract Tower,0,0,12,10,22,0,1,11,7,19,0,1,23,17,41,2,50,52,93
07/22/2022,ISO,NC,ASO,EN,Federal Contract Tower,0,2,16,11,29,0,0,13,4,17,0,2,29,15,46,46,68,114,160
07/23/2022,ISO,NC,ASO,EN,Federal Contract Tower,0,2,4,0,6,0,0,22,4,26,0,2,26,4,32,14,18,32,64
07/24/2022,ISO,NC,ASO,EN,Federal Contract Tower,0,2,4,0,6,0,0,0,0,0,0,2,4,0,6,2,0,2,8
07/25/2022,ISO,NC,ASO,EN,Federal Contract Tower,0,2,9,12,23,0,0,7,9,16,0,2,16,21,39,0,42,42,81
07/26/2022,ISO,NC,ASO,EN,Federal Contract Tower,0,5,14,23,42,0,0,9,5,14,0,5,23,28,56,28,50,78,134
07/27/2022,ISO,NC,ASO,EN,Federal Contract Tower,0,0,20,7,27,0,0,11,5,16,0,0,31,12,43,4,18,22,65
07/28/2022,ISO,NC,ASO,EN,Federal Contract Tower,0,1,11,24,36,0,0,9,4,13,0,1,20,28,49,0,44,44,93
07/29/2022,ISO,NC,ASO,EN,Federal Contract Tower,0,0,1,9,10,0,0,11,4,15,0,0,12,13,25,4,22,26,51
07/30/2022,ISO,NC,ASO,EN,Federal Contract Tower,0,1,3,0,4,0,0,12,0,12,0,1,15,0,16,8,0,8,24
07/31/2022,ISO,NC,ASO,EN,Federal Contract Tower,0,0,9,0,9,0,0,2,0,2,0,0,11,0,11,0,0,0,11
08/01/2022,ISO,NC,ASO,EN,Federal Contract Tower,0,0,14,9,23,0,0,8,5,13,0,0,22,14,36,32,10,42,78
08/02/2022,ISO,NC,ASO,EN,Federal Contract Tower,0,2,14,6,22,0,0,10,2,12,0,2,24,8,34,20,10,30,64
08/03/2022,ISO,NC,ASO,EN,Federal Contract Tower,0,0,12,15,27,0,0,20,7,27,0,0,32,22,54,24,20,44,98
08/04/2022,ISO,NC,ASO,EN,Federal Contract Tower,0,0,8,17,25,0,0,7,7,14,0,0,15,24,39,18,50,68,107
08/05/2022,ISO,NC,ASO,EN,Federal Contract Tower,0,2,11,13,26,0,0,21,9,30,0,2,32,22,56,48,40,88,144
08/06/2022,ISO,NC,ASO,EN,Federal Contract Tower,0,0,7,6,13,0,0,0,0,0,0,0,7,6,13,0,18,18,31
08/07/2022,ISO,NC,ASO,EN,Federal Contract Tower,0,2,6,0,8,0,0,16,0,16,0,2,22,0,24,16,0,16,40
08/08/2022,ISO,NC,ASO,EN,Federal Contract Tower,0,0,6,9,15,0,0,19,8,27,0,0,25,17,42,24,10,34,76
08/09/2022,ISO,NC,ASO,EN,Federal Contract Tower,0,1,8,7,16,0,2,17,1,20,0,3,25,8,36,8,8,16,52
08/10/2022,ISO,NC,ASO,EN,Federal Contract Tower,0,4,8,11,23,0,0,17,4,21,0,4,25,15,44,40,24,64,108
08/11/2022,ISO,NC,ASO,EN,Federal Contract Tower,0,5,14,2,21,0,0,6,4,10,0,5,20,6,31,0,12,12,43
08/12/2022,ISO,NC,ASO,EN,Federal Contract Tower,0,3,4,4,11,0,0,0,0,0,0,3,4,4,11,0,0,0,11
08/13/2022,ISO,NC,ASO,EN,Federal Contract Tower,0,6,0,0,6,0,0,15,0,15,0,6,15,0,21,4,0,4,25
08/14/2022,ISO,NC,ASO,EN,Federal Contract Tower,0,3,3,0,6,0,0,14,0,14,0,3,17,0,20,0,0,0,20
08/15/2022,ISO,NC,ASO,EN,Federal Contract Tower,0,0,11,2,13,0,0,6,0,6,0,0,17,2,19,12,0,12,31
08/16/2022,ISO,NC,ASO,EN,Federal Contract Tower,0,6,12,16,34,0,0,5,6,11,0,6,17,22,45,8,42,50,95
08/17/2022,ISO,NC,ASO,EN,Federal Contract Tower,0,3,14,9,26,0,0,4,9,13,0,3,18,18,39,0,34,34,73
08/18/2022,ISO,NC,ASO,EN,Federal Contract Tower,0,9,4,19,32,0,2,23,17,42,0,11,27,36,74,10,110,120,194
08/19/2022,ISO,NC,ASO,EN,Federal Contract Tower,10,0,3,4,17,1,0,7,4,12,11,0,10,8,29,24,8,32,61
08/20/2022,ISO,NC,ASO,EN,Federal Contract Tower,0,4,14,0,18,0,0,7,0,7,0,4,21,0,25,8,0,8,33
08/21/2022,ISO,NC,ASO,EN,Federal Contract Tower,0,4,1,0,5,0,0,11,0,11,0,4,12,0,16,0,0,0,16
08/22/2022,ISO,NC,ASO,EN,Federal Contract Tower,0,6,9,8,23,0,0,2,11,13,0,6,11,19,36,0,18,18,54
08/23/2022,ISO,NC,ASO,EN,Federal Contract Tower,0,14,5,14,33,0,0,4,5,9,0,14,9,19,42,4,32,36,78
08/24/2022,ISO,NC,ASO,EN,Federal Contract Tower,0,8,3,5,16,0,3,26,8,37,0,11,29,13,53,46,12,58,111
08/25/2022,ISO,NC,ASO,EN,Federal Contract Tower,0,7,8,13,28,0,0,11,7,18,0,7,19,20,46,6,10,16,62
08/26/2022,ISO,NC,ASO,EN,Federal Contract Tower,0,8,9,14,31,0,0,13,8,21,0,8,22,22,52,40,56,96,148
08/27/2022,ISO,NC,ASO,EN,Federal Contract Tower,0,2,1,0,3,0,0,19,0,19,0,2,20,0,22,30,0,30,52
08/28/2022,ISO,NC,ASO,EN,Federal Contract Tower,0,3,2,0,5,0,0,10,0,10,0,3,12,0,15,22,0,22,37
08/29/2022,ISO,NC,ASO,EN,Federal Contract Tower,0,6,6,11,23,0,2,3,7,12,0,8,9,18,35,8,20,28,63
08/30/2022,ISO,NC,ASO,EN,Federal Contract Tower,0,3,8,17,28,0,0,6,11,17,0,3,14,28,45,6,76,82,127
08/31/2022,ISO,NC,ASO,EN,Federal Contract Tower,0,9,7,26,42,0,0,13,15,28,0,9,20,41,70,30,102,132,202
09/01/2022,ISO,NC,ASO,EN,Federal Contract Tower,0,10,18,9,37,0,4,24,9,37,0,14,42,18,74,13,30,43,117
09/02/2022,ISO,NC,ASO,EN,Federal Contract Tower,0,8,5,2,15,0,0,19,0,19,0,8,24,2,34,6,38,44,78
09/03/2022,ISO,NC,ASO,EN,Federal Contract Tower,0,4,5,4,13,0,2,7,0,9,0,6,12,4,22,0,0,0,22
09/04/2022,ISO,NC,ASO,EN,Federal Contract Tower,0,6,2,0,8,0,0,16,0,16,0,6,18,0,24,18,0,18,42
09/05/2022,ISO,NC,ASO,EN,Federal Contract Tower,0,6,0,0,6,0,0,7,0,7,0,6,7,0,13,8,0,8,21
09/06/2022,ISO,NC,ASO,EN,Federal Contract Tower,0,5,3,11,19,0,0,4,5,9,0,5,7,16,28,2,20,22,50
09/07/2022,ISO,NC,ASO,EN,Federal Contract Tower,0,6,2,14,22,0,0,1,6,7,0,6,3,20,29,8,66,74,103
09/08/2022,ISO,NC,ASO,EN,Federal Contract Tower,0,7,10,29,46,0,0,5,12,17,0,7,15,41,63,12,52,64,127
09/09/2022,ISO,NC,ASO,EN,Federal Contract Tower,0,1,3,12,16,0,0,13,11,24,0,1,16,23,40,24,22,46,86
09/10/2022,ISO,NC,ASO,EN,Federal Contract Tower,0,0,8,2,10,0,0,0,1,1,0,0,8,3,11,0,6,6,17
09/11/2022,ISO,NC,ASO,EN,Federal Contract Tower,0,5,2,3,10,0,0,3,1,4,0,5,5,4,14,4,0,4,18
09/12/2022,ISO,NC,ASO,EN,Federal Contract Tower,0,3,7,9,19,0,0,3,4,7,0,3,10,13,26,12,10,22,48
09/13/2022,ISO,NC,ASO,EN,Federal Contract Tower,0,3,9,15,27,0,1,18,8,27,0,4,27,23,54,26,46,72,126
09/14/2022,ISO,NC,ASO,EN,Federal Contract Tower,0,4,9,10,23,0,0,38,11,49,0,4,47,21,72,34,92,126,198
09/15/2022,ISO,NC,ASO,EN,Federal Contract Tower,0,5,12,12,29,0,0,32,4,36,0,5,44,16,65,18,14,32,97
09/16/2022,ISO,NC,ASO,EN,Federal Contract Tower,0,6,7,11,24,0,2,31,12,45,0,8,38,23,69,6,22,28,97
09/17/2022,ISO,NC,ASO,EN,Federal Contract Tower,0,5,2,0,7,0,0,28,0,28,0,5,30,0,35,38,12,50,85
09/18/2022,ISO,NC,ASO,EN,Federal Contract Tower,0,4,0,0,4,0,0,20,0,20,0,4,20,0,24,7,0,7,31
09/19/2022,ISO,NC,ASO,EN,Federal Contract Tower,0,4,8,10,22,0,0,16,13,29,0,4,24,23,51,26,0,26,77
09/20/2022,ISO,NC,ASO,EN,Federal Contract Tower,0,7,11,15,33,0,0,11,10,21,0,7,22,25,54,18,47,65,119
09/21/2022,ISO,NC,ASO,EN,Federal Contract Tower,0,9,7,17,33,0,2,15,10,27,0,11,22,27,60,24,58,82,142
09/22/2022,ISO,NC,ASO,EN,Federal Contract Tower,0,4,6,5,15,0,0,4,7,11,0,4,10,12,26,14,73,87,113
09/23/2022,ISO,NC,ASO,EN,Federal Contract Tower,0,3,6,8,17,0,2,13,11,26,0,5,19,19,43,36,72,108,151
09/24/2022,ISO,NC,ASO,EN,Federal Contract Tower,0,6,13,0,19,0,0,21,0,21,0,6,34,0,40,24,0,24,64
09/25/2022,ISO,NC,ASO,EN,Federal Contract Tower,0,1,3,0,4,0,19,13,0,32,0,20,16,0,36,20,0,20,56
09/26/2022,ISO,NC,ASO,EN,Federal Contract Tower,0,3,14,22,39,0,6,16,14,36,0,9,30,36,75,24,38,62,137
09/27/2022,ISO,NC,ASO,EN,Federal Contract Tower,0,5,8,19,32,0,0,14,17,31,0,5,22,36,63,30,64,94,157
09/28/2022,ISO,NC,ASO,EN,Federal Contract Tower,0,5,7,21,33,0,0,29,10,39,0,5,36,31,72,36,32,68,140
09/29/2022,ISO,NC,ASO,EN,Federal Contract Tower,0,9,2,15,26,0,2,0,1,3,0,11,2,16,29,0,4,4,33
09/30/2022,ISO,NC,ASO,EN,Federal Contract Tower,0,0,2,0,2,0,0,0,0,0,0,0,2,0,2,0,0,0,2
10/01/2022,ISO,NC,ASO,EN,Federal Contract Tower,0,3,2,0,5,0,0,5,0,5,0,3,7,0,10,4,0,4,14
10/02/2022,ISO,NC,ASO,EN,Federal Contract Tower,0,1,5,2,8,0,0,5,0,5,0,1,10,2,13,30,16,46,59
10/03/2022,ISO,NC,ASO,EN,Federal Contract Tower,0,2,11,4,17,0,0,0,0,0,0,2,11,4,17,0,0,0,17
10/04/2022,ISO,NC,ASO,EN,Federal Contract Tower,0,3,14,28,45,0,0,9,2,11,0,3,23,30,56,0,12,12,68
10/05/2022,ISO,NC,ASO,EN,Federal Contract Tower,0,2,3,9,14,0,0,20,8,28,0,2,23,17,42,26,34,60,102
10/06/2022,ISO,NC,ASO,EN,Federal Contract Tower,0,3,1,18,22,0,0,21,6,27,0,3,22,24,49,32,52,84,133
10/07/2022,ISO,NC,ASO,EN,Federal Contract Tower,0,2,16,9,27,0,0,28,0,28,0,2,44,9,55,50,35,85,140
10/08/2022,ISO,NC,ASO,EN,Federal Contract Tower,0,2,0,1,3,0,0,22,1,23,0,2,22,2,26,12,8,20,46
10/09/2022,ISO,NC,ASO,EN,Federal Contract Tower,0,3,1,0,4,0,0,8,0,8,0,3,9,0,12,10,0,10,22
10/10/2022,ISO,NC,ASO,EN,Federal Contract Tower,0,1,10,0,11,0,0,8,0,8,0,1,18,0,19,30,0,30,49
10/11/2022,ISO,NC,ASO,EN,Federal Contract Tower,0,5,9,6,20,0,0,7,3,10,0,5,16,9,30,24,40,64,94
10/12/2022,ISO,NC,ASO,EN,Federal Contract Tower,0,6,11,19,36,0,0,15,15,30,0,6,26,34,66,24,60,84,150
10/13/2022,ISO,NC,ASO,EN,Federal Contract Tower,0,5,2,7,14,0,0,0,8,8,0,5,2,15,22,0,20,20,42
10/14/2022,ISO,NC,ASO,EN,Federal Contract Tower,0,4,12,17,33,0,2,4,11,17,0,6,16,28,50,6,22,28,78
10/15/2022,ISO,NC,ASO,EN,Federal Contract Tower,0,4,2,6,12,0,3,6,2,11,0,7,8,8,23,62,32,94,117
10/16/2022,ISO,NC,ASO,EN,Federal Contract Tower,0,11,3,0,14,0,0,11,4,15,0,11,14,4,29,12,52,64,93
10/17/2022,ISO,NC,ASO,EN,Federal Contract Tower,0,6,4,7,17,0,0,0,5,5,0,6,4,12,22,0,44,44,66
10/18/2022,ISO,NC,ASO,EN,Federal Contract Tower,0,3,7,5,15,0,0,11,6,17,0,3,18,11,32,14,46,60,92
10/19/2022,ISO,NC,ASO,EN,Federal Contract Tower,0,5,8,10,23,0,0,17,5,22,0,5,25,15,45,14,34,48,93
10/20/2022,ISO,NC,ASO,EN,Federal Contract Tower,0,8,8,16,32,0,0,15,8,23,0,8,23,24,55,6,36,42,97
10/21/2022,ISO,NC,ASO,EN,Federal Contract Tower,0,2,0,10,12,0,0,15,7,22,0,2,15,17,34,16,92,108,142
10/22/2022,ISO,NC,ASO,EN,Federal Contract Tower,0,3,4,0,7,0,2,11,0,13,0,5,15,0,20,38,0,38,58
10/23/2022,ISO,NC,ASO,EN,Federal Contract Tower,0,0,1,0,1,0,0,4,0,4,0,0,5,0,5,0,0,0,5
10/24/2022,ISO,NC,ASO,EN,Federal Contract Tower,0,5,4,17,26,0,0,10,4,14,0,5,14,21,40,8,48,56,96
10/25/2022,ISO,NC,ASO,EN,Federal Contract Tower,0,3,7,20,30,0,0,2,1,3,0,3,9,21,33,0,4,4,37
10/26/2022,ISO,NC,ASO,EN,Federal Contract Tower,0,5,10,24,39,0,0,0,9,9,0,5,10,33,48,0,56,56,104
10/27/2022,ISO,NC,ASO,EN,Federal Contract Tower,0,4,10,15,29,0,12,7,0,19,0,16,17,15,48,20,38,58,106
10/28/2022,ISO,NC,ASO,EN,Federal Contract Tower,0,4,5,7,16,0,0,15,2,17,0,4,20,9,33,4,62,66,99
10/29/2022,ISO,NC,ASO,EN,Federal Contract Tower,0,5,7,0,12,0,0,1,0,1,0,5,8,0,13,0,0,0,13
10/30/2022,ISO,NC,ASO,EN,Federal Contract Tower,0,4,1,0,5,0,0,10,0,10,0,4,11,0,15,10,0,10,25
10/31/2022,ISO,NC,ASO,EN,Federal Contract Tower,0,5,13,13,31,0,0,13,9,22,0,5,26,22,53,22,22,44,97
11/01/2022,ISO,NC,ASO,EN,Federal Contract Tower,0,4,10,22,36,0,0,9,1,10,0,4,19,23,46,14,2,16,62
11/02/2022,ISO,NC,ASO,EN,Federal Contract Tower,0,4,8,18,30,0,0,32,5,37,0,4,40,23,67,42,54,96,163
11/03/2022,ISO,NC,ASO,EN,Federal Contract Tower,0,1,10,18,29,0,0,6,8,14,0,1,16,26,43,6,2,8,51
11/04/2022,ISO,NC,ASO,EN,Federal Contract Tower,0,4,5,4,13,0,0,2,6,8,0,4,7,10,21,0,2,2,23
11/05/2022,ISO,NC,ASO,EN,Federal Contract Tower,0,3,5,0,8,0,0,13,0,13,0,3,18,0,21,12,0,12,33
11/06/2022,ISO,NC,ASO,EN,Federal Contract Tower,0,2,0,2,4,0,0,3,2,5,0,2,3,4,9,0,8,8,17
11/07/2022,ISO,NC,ASO,EN,Federal Contract Tower,0,3,11,9,23,0,0,25,15,40,0,3,36,24,63,16,56,72,135
11/08/2022,ISO,NC,ASO,EN,Federal Contract Tower,0,3,7,16,26,0,0,5,10,15,0,3,12,26,41,0,38,38,79
11/09/2022,ISO,NC,ASO,EN,Federal Contract Tower,0,7,19,12,38,0,0,5,4,9,0,7,24,16,47,0,46,46,93
11/10/2022,ISO,NC,ASO,EN,Federal Contract Tower,0,3,7,7,17,0,0,0,4,4,0,3,7,11,21,0,10,10,31
11/11/2022,ISO,NC,ASO,EN,Federal Contract Tower,0,6,3,0,9,0,0,0,0,0,0,6,3,0,9,0,0,0,9
11/12/2022,ISO,NC,ASO,EN,Federal Contract Tower,0,0,6,0,6,0,0,2,0,2,0,0,8,0,8,0,0,0,8
11/13/2022,ISO,NC,ASO,EN,Federal Contract Tower,0,3,2,1,6,0,0,2,0,2,0,3,4,1,8,2,0,2,10
11/14/2022,ISO,NC,ASO,EN,Federal Contract Tower,0,1,14,9,24,0,0,10,5,15,0,1,24,14,39,24,0,24,63
11/15/2022,ISO,NC,ASO,EN,Federal Contract Tower,0,2,5,30,37,0,0,4,21,25,0,2,9,51,62,4,70,74,136
11/16/2022,ISO,NC,ASO,EN,Federal Contract Tower,0,8,11,6,25,0,0,16,3,19,0,8,27,9,44,2,46,48,92
11/17/2022,ISO,NC,ASO,EN,Federal Contract Tower,0,4,8,14,26,0,0,20,19,39,0,4,28,33,65,14,56,70,135
11/18/2022,ISO,NC,ASO,EN,Federal Contract Tower,0,3,6,6,15,0,0,26,9,35,0,3,32,15,50,46,34,80,130
11/19/2022,ISO,NC,ASO,EN,Federal Contract Tower,0,2,6,2,10,0,0,24,2,26,0,2,30,4,36,18,0,18,54
11/20/2022,ISO,NC,ASO,EN,Federal Contract Tower,0,1,5,0,6,0,0,9,0,9,0,1,14,0,15,0,0,0,15
11/21/2022,ISO,NC,ASO,EN,Federal Contract Tower,0,2,6,5,13,0,0,9,13,22,0,2,15,18,35,28,54,82,117
11/22/2022,ISO,NC,ASO,EN,Federal Contract Tower,0,10,5,11,26,0,0,21,4,25,0,10,26,15,51,50,58,108,159
11/23/2022,ISO,NC,ASO,EN,Federal Contract Tower,0,3,0,2,5,0,0,14,2,16,0,3,14,4,21,20,46,66,87
11/24/2022,ISO,NC,ASO,EN,Federal Contract Tower,0,3,1,0,4,0,0,6,0,6,0,3,7,0,10,0,0,0,10
11/25/2022,ISO,NC,ASO,EN,Federal Contract Tower,0,0,0,0,0,0,0,4,0,4,0,0,4,0,4,16,0,16,20
11/26/2022,ISO,NC,ASO,EN,Federal Contract Tower,0,4,4,0,8,0,0,11,0,11,0,4,15,0,19,18,0,18,37
11/27/2022,ISO,NC,ASO,EN,Federal Contract Tower,0,10,1,0,11,0,0,0,0,0,0,10,1,0,11,0,0,0,11
11/28/2022,ISO,NC,ASO,EN,Federal Contract Tower,0,5,8,18,31,0,0,10,15,25,0,5,18,33,56,22,60,82,138
11/29/2022,ISO,NC,ASO,EN,Federal Contract Tower,0,7,4,30,41,0,0,8,19,27,0,7,12,49,68,0,52,52,120
11/30/2022,ISO,NC,ASO,EN,Federal Contract Tower,0,6,7,4,17,0,0,0,7,7,0,6,7,11,24,0,6,6,30
12/01/2022,ISO,NC,ASO,EN,Federal Contract Tower,1,3,11,13,28,0,4,11,12,27,1,7,22,25,55,10,44,54,109
12/02/2022,ISO,NC,ASO,EN,Federal Contract Tower,0,2,10,7,19,0,0,6,9,15,0,2,16,16,34,12,40,52,86
12/03/2022,ISO,NC,ASO,EN,Federal Contract Tower,0,4,6,0,10,0,0,0,0,0,0,4,6,0,10,14,0,14,24
12/04/2022,ISO,NC,ASO,EN,Federal Contract Tower,0,5,0,0,5,0,0,12,0,12,0,5,12,0,17,14,0,14,31
12/05/2022,ISO,NC,ASO,EN,Federal Contract Tower,0,5,8,11,24,0,0,23,3,26,0,5,31,14,50,34,10,44,94
12/06/2022,ISO,NC,ASO,EN,Federal Contract Tower,0,4,10,11,25,0,0,9,17,26,0,4,19,28,51,10,80,90,141
12/07/2022,ISO,NC,ASO,EN,Federal Contract Tower,0,1,8,14,23,0,1,6,57,64,0,2,14,71,87,0,20,20,107
12/08/2022,ISO,NC,ASO,EN,Federal Contract Tower,0,13,10,34,57,0,2,1,40,43,0,15,11,74,100,0,26,26,126
12/09/2022,ISO,NC,ASO,EN,Federal Contract Tower,0,5,1,22,28,0,0,6,12,18,0,5,7,34,46,26,56,82,128
12/10/2022,ISO,NC,ASO,EN,Federal Contract Tower,0,6,8,0,14,0,10,11,0,21,0,16,19,0,35,20,0,20,55
12/11/2022,ISO,NC,ASO,EN,Federal Contract Tower,0,6,1,0,7,0,1,12,0,13,0,7,13,0,20,44,0,44,64
12/12/2022,ISO,NC,ASO,EN,Federal Contract Tower,0,6,8,21,35,0,0,11,8,19,0,6,19,29,54,18,104,122,176
12/13/2022,ISO,NC,ASO,EN,Federal Contract Tower,0,9,8,13,30,0,0,22,22,44,0,9,30,35,74,58,56,114,188
12/14/2022,ISO,NC,ASO,EN,Federal Contract Tower,0,8,8,31,47,0,0,8,9,17,0,8,16,40,64,4,48,52,116
12/15/2022,ISO,NC,ASO,EN,Federal Contract Tower,0,4,0,0,4,0,0,0,0,0,0,4,0,0,4,0,0,0,4
12/16/2022,ISO,NC,ASO,EN,Federal Contract Tower,0,6,2,3,11,0,0,9,1,10,0,6,11,4,21,20,16,36,57
12/17/2022,ISO,NC,ASO,EN,Federal Contract Tower,0,8,4,2,14,0,0,20,2,22,0,8,24,4,36,20,14,34,70
12/18/2022,ISO,NC,ASO,EN,Federal Contract Tower,0,9,0,0,9,0,0,8,0,8,0,9,8,0,17,2,0,2,19
12/19/2022,ISO,NC,ASO,EN,Federal Contract Tower,0,7,1,14,22,0,0,5,4,9,0,7,6,18,31,28,10,38,69
12/20/2022,ISO,NC,ASO,EN,Federal Contract Tower,0,6,3,12,21,0,2,14,6,22,0,8,17,18,43,19,52,71,114
12/21/2022,ISO,NC,ASO,EN,Federal Contract Tower,0,9,4,17,30,0,3,14,2,19,0,12,18,19,49,0,14,14,63
12/22/2022,ISO,NC,ASO,EN,Federal Contract Tower,0,5,1,0,6,0,0,0,0,0,0,5,1,0,6,0,0,0,6
12/23/2022,ISO,NC,ASO,EN,Federal Contract Tower,2,5,1,0,8,0,0,0,0,0,2,5,1,0,8,0,0,0,8
12/24/2022,ISO,NC,ASO,EN,Federal Contract Tower,0,4,0,0,4,0,0,0,0,0,0,4,0,0,4,2,0,2,6
12/25/2022,ISO,NC,ASO,EN,Federal Contract Tower,0,3,2,0,5,0,1,2,0,3,0,4,4,0,8,0,0,0,8
12/26/2022,ISO,NC,ASO,EN,Federal Contract Tower,0,11,4,0,15,0,0,5,0,5,0,11,9,0,20,14,0,14,34
12/27/2022,ISO,NC,ASO,EN,Federal Contract Tower,0,5,8,3,16,0,0,6,3,9,0,5,14,6,25,18,4,22,47
12/28/2022,ISO,NC,ASO,EN,Federal Contract Tower,0,8,9,17,34,0,0,17,6,23,0,8,26,23,57,22,62,84,141
12/29/2022,ISO,NC,ASO,EN,Federal Contract Tower,0,3,0,13,16,0,4,21,6,31,0,7,21,19,47,8,52,60,107
12/30/2022,ISO,NC,ASO,EN,Federal Contract Tower,0,5,7,0,12,0,1,10,4,15,0,6,17,4,27,6,24,30,57
12/31/2022,ISO,NC,ASO,EN,Federal Contract Tower,0,4,0,0,4,0,1,0,0,1,0,5,0,0,5,0,0,0,5
01/01/2023,ISO,NC,ASO,EN,Federal Contract Tower,0,5,2,0,7,0,0,0,0,0,0,5,2,0,7,8,0,8,15
01/02/2023,ISO,NC,ASO,EN,Federal Contract Tower,0,10,3,0,13,0,1,4,0,5,0,11,7,0,18,6,0,6,24
01/03/2023,ISO,NC,ASO,EN,Federal Contract Tower,0,4,5,12,21,0,0,19,4,23,0,4,24,16,44,60,20,80,124
01/04/2023,ISO,NC,ASO,EN,Federal Contract Tower,0,6,3,18,27,0,0,4,2,6,0,6,7,20,33,0,24,24,57
01/05/2023,ISO,NC,ASO,EN,Federal Contract Tower,0,5,7,29,41,0,3,29,7,39,0,8,36,36,80,42,72,114,194
01/06/2023,ISO,NC,ASO,EN,Federal Contract Tower,0,14,3,10,27,0,2,22,11,35,0,16,25,21,62,4,52,56,118
01/07/2023,ISO,NC,ASO,EN,Federal Contract Tower,0,6,3,2,11,0,1,18,0,19,0,7,21,2,30,24,0,24,54
01/08/2023,ISO,NC,ASO,EN,Federal Contract Tower,0,3,2,0,5,0,0,1,0,1,0,3,3,0,6,0,0,0,6
01/09/2023,ISO,NC,ASO,EN,Federal Contract Tower,0,4,3,5,12,0,0,5,36,41,0,4,8,41,53,2,62,64,117
01/10/2023,ISO,NC,ASO,EN,Federal Contract Tower,0,7,4,24,35,0,0,11,18,29,0,7,15,42,64,20,90,110,174
01/11/2023,ISO,NC,ASO,EN,Federal Contract Tower,0,5,17,13,35,0,0,23,12,35,0,5,40,25,70,23,60,83,153
01/12/2023,ISO,NC,ASO,EN,Federal Contract Tower,0,5,9,25,39,0,0,3,6,9,0,5,12,31,48,4,118,122,170
01/13/2023,ISO,NC,ASO,EN,Federal Contract Tower,0,9,5,3,17,0,0,4,6,10,0,9,9,9,27,6,0,6,33
01/14/2023,ISO,NC,ASO,EN,Federal Contract Tower,0,6,2,0,8,0,0,11,0,11,0,6,13,0,19,20,0,20,39
01/15/2023,ISO,NC,ASO,EN,Federal Contract Tower,0,8,2,0,10,0,0,20,0,20,0,8,22,0,30,24,0,24,54
01/16/2023,ISO,NC,ASO,EN,Federal Contract Tower,0,10,4,0,14,0,0,16,0,16,0,10,20,0,30,68,0,68,98
01/17/2023,ISO,NC,ASO,EN,Federal Contract Tower,0,5,10,2,17,0,0,4,4,8,0,5,14,6,25,0,2,2,27
01/18/2023,ISO,NC,ASO,EN,Federal Contract Tower,0,10,10,31,51,0,6,25,14,45,0,16,35,45,96,20,88,108,204
01/19/2023,ISO,NC,ASO,EN,Federal Contract Tower,0,16,6,21,43,0,6,6,6,18,0,22,12,27,61,0,108,108,169
01/20/2023,ISO,NC,ASO,EN,Federal Contract Tower,0,16,6,14,36,0,0,14,8,22,0,16,20,22,58,82,40,122,180
01/21/2023,ISO,NC,ASO,EN,Federal Contract Tower,0,9,6,2,17,0,2,45,2,49,0,11,51,4,66,26,28,54,120
01/22/2023,ISO,NC,ASO,EN,Federal Contract Tower,1,6,1,0,8,0,0,0,0,0,1,6,1,0,8,0,0,0,8
01/23/2023,ISO,NC,ASO,EN,Federal Contract Tower,0,9,3,8,20,0,0,2,8,10,0,9,5,16,30,4,24,28,58
01/24/2023,ISO,NC,ASO,EN,Federal Contract Tower,0,5,10,11,26,0,2,26,7,35,0,7,36,18,61,36,64,100,161
01/25/2023,ISO,NC,ASO,EN,Federal Contract Tower,0,4,3,4,11,0,0,0,7,7,0,4,3,11,18,0,28,28,46
01/26/2023,ISO,NC,ASO,EN,Federal Contract Tower,0,6,9,6,21,0,0,25,6,31,0,6,34,12,52,38,52,90,142
01/27/2023,ISO,NC,ASO,EN,Federal Contract Tower,0,13,10,12,35,0,0,24,8,32,0,13,34,20,67,54,40,94,161
01/28/2023,ISO,NC,ASO,EN,Federal Contract Tower,0,3,6,0,9,0,0,28,0,28,0,3,34,0,37,32,0,32,69
01/29/2023,ISO,NC,ASO,EN,Federal Contract Tower,0,10,1,0,11,0,0,10,0,10,0,10,11,0,21,20,0,20,41
01/30/2023,ISO,NC,ASO,EN,Federal Contract Tower,0,6,6,7,19,0,0,0,0,0,0,6,6,7,19,0,0,0,19
01/31/2023,ISO,NC,ASO,EN,Federal Contract Tower,0,8,3,9,20,0,0,0,0,0,0,8,3,9,20,0,0,0,20
02/01/2023,ISO,NC,ASO,EN,Federal Contract Tower,0,13,2,7,22,0,1,0,0,1,0,14,2,7,23,0,0,0,23
02/02/2023,ISO,NC,ASO,EN,Federal Contract Tower,0,6,1,8,15,0,0,0,0,0,0,6,1,8,15,0,0,0,15
02/03/2023,ISO,NC,ASO,EN,Federal Contract Tower,0,6,13,5,24,0,0,13,10,23,0,6,26,15,47,56,16,72,119
02/04/2023,ISO,NC,ASO,EN,Federal Contract Tower,0,4,13,2,19,0,0,36,1,37,0,4,49,3,56,30,12,42,98
02/05/2023,ISO,NC,ASO,EN,Federal Contract Tower,0,3,5,4,12,0,0,0,2,2,0,3,5,6,14,0,6,6,20
02/06/2023,ISO,NC,ASO,EN,Federal Contract Tower,0,13,5,11,29,0,0,12,5,17,0,13,17,16,46,24,30,54,100
02/07/2023,ISO,NC,ASO,EN,Federal Contract Tower,0,9,3,14,26,0,0,22,10,32,0,9,25,24,58,50,18,68,126
02/08/2023,ISO,NC,ASO,EN,Federal Contract Tower,0,12,8,11,31,0,0,23,8,31,0,12,31,19,62,20,40,60,122
02/09/2023,ISO,NC,ASO,EN,Federal Contract Tower,0,8,5,15,28,0,8,9,12,29,0,16,14,27,57,34,50,84,141
02/10/2023,ISO,NC,ASO,EN,Federal Contract Tower,0,17,4,13,34,0,0,3,8,11,0,17,7,21,45,0,32,32,77
02/11/2023,ISO,NC,ASO,EN,Federal Contract Tower,0,9,5,2,16,0,0,6,2,8,0,9,11,4,24,0,0,0,24
02/12/2023,ISO,NC,ASO,EN,Federal Contract Tower,0,3,0,0,3,0,0,0,0,0,0,3,0,0,3,0,0,0,3
02/13/2023,ISO,NC,ASO,EN,Federal Contract Tower,0,8,12,6,26,0,0,20,4,24,0,8,32,10,50,52,18,70,120
02/14/2023,ISO,NC,ASO,EN,Federal Contract Tower,0,8,17,26,51,0,0,19,15,34,0,8,36,41,85,43,98,141,226
02/15/2023,ISO,NC,ASO,EN,Federal Contract Tower,0,14,16,44,74,0,0,23,10,33,0,14,39,54,107,20,118,138,245
02/16/2023,ISO,NC,ASO,EN,Federal Contract Tower,0,6,19,14,39,0,0,20,9,29,0,6,39,23,68,44,104,148,216
02/17/2023,ISO,NC,ASO,EN,Federal Contract Tower,0,7,7,3,17,0,0,1,1,2,0,7,8,4,19,0,0,0,19
02/18/2023,ISO,NC,ASO,EN,Federal Contract Tower,0,12,16,0,28,0,0,18,0,18,0,12,34,0,46,50,0,50,96
02/19/2023,ISO,NC,ASO,EN,Federal Contract Tower,0,10,7,0,17,0,2,13,0,15,0,12,20,0,32,2,0,2,34
02/20/2023,ISO,NC,ASO,EN,Federal Contract Tower,0,17,6,0,23,0,0,22,0,22,0,17,28,0,45,60,0,60,105
02/21/2023,ISO,NC,ASO,EN,Federal Contract Tower,0,11,12,18,41,0,0,10,6,16,0,11,22,24,57,36,28,64,121
02/22/2023,ISO,NC,ASO,EN,Federal Contract Tower,0,7,14,20,41,0,0,10,13,23,0,7,24,33,64,2,42,44,108
02/23/2023,ISO,NC,ASO,EN,Federal Contract Tower,0,13,7,11,31,0,0,1,4,5,0,13,8,15,36,2,28,30,66
02/24/2023,ISO,NC,ASO,EN,Federal Contract Tower,0,10,7,16,33,0,0,11,2,13,0,10,18,18,46,48,22,70,116
02/25/2023,ISO,NC,ASO,EN,Federal Contract Tower,0,11,9,0,20,0,0,0,0,0,0,11,9,0,20,0,0,0,20
02/26/2023,ISO,NC,ASO,EN,Federal Contract Tower,0,9,8,3,20,0,0,1,0,1,0,9,9,3,21,0,0,0,21
02/27/2023,ISO,NC,ASO,EN,Federal Contract Tower,0,8,2,15,25,0,0,10,7,17,0,8,12,22,42,6,30,36,78
02/28/2023,ISO,NC,ASO,EN,Federal Contract Tower,0,19,9,12,40,0,0,11,12,23,0,19,20,24,63,50,42,92,155
03/01/2023,ISO,NC,ASO,EN,Federal Contract Tower,0,9,1,10,20,0,2,11,13,26,0,11,12,23,46,8,52,60,106
03/02/2023,ISO,NC,ASO,EN,Federal Contract Tower,0,4,13,20,37,0,0,11,7,18,0,4,24,27,55,4,14,18,73
03/03/2023,ISO,NC,ASO,EN,Federal Contract Tower,0,11,6,6,23,0,0,3,9,12,0,11,9,15,35,0,10,10,45
03/04/2023,ISO,NC,ASO,EN,Federal Contract Tower,0,19,1,0,20,0,1,5,0,6,0,20,6,0,26,18,0,18,44
03/05/2023,ISO,NC,ASO,EN,Federal Contract Tower,0,4,10,0,14,0,0,15,0,15,0,4,25,0,29,32,0,32,61
03/06/2023,ISO,NC,ASO,EN,Federal Contract Tower,0,5,5,14,24,0,0,8,5,13,0,5,13,19,37,42,36,78,115
03/07/2023,ISO,NC,ASO,EN,Federal Contract Tower,0,2,5,32,39,0,0,6,7,13,0,2,11,39,52,6,32,38,90
03/08/2023,ISO,NC,ASO,EN,Federal Contract Tower,0,6,11,12,29,0,0,9,6,15,0,6,20,18,44,22,34,56,100
03/09/2023,ISO,NC,ASO,EN,Federal Contract Tower,0,7,3,8,18,0,0,35,7,42,0,7,38,15,60,44,60,104,164
03/10/2023,ISO,NC,ASO,EN,Federal Contract Tower,0,4,14,12,30,0,0,0,0,0,0,4,14,12,30,0,20,20,50
03/11/2023,ISO,NC,ASO,EN,Federal Contract Tower,0,6,4,0,10,0,0,7,0,7,0,6,11,0,17,8,0,8,25
03/12/2023,ISO,NC,ASO,EN,Federal Contract Tower,0,3,1,0,4,0,0,2,0,2,0,3,3,0,6,6,0,6,12
03/13/2023,ISO,NC,ASO,EN,Federal Contract Tower,0,7,1,26,34,0,0,2,2,4,0,7,3,28,38,4,8,12,50
03/14/2023,ISO,NC,ASO,EN,Federal Contract Tower,0,8,4,10,22,0,0,7,8,15,0,8,11,18,37,2,32,34,71
03/15/2023,ISO,NC,ASO,EN,Federal Contract Tower,0,7,1,6,14,0,0,6,5,11,0,7,7,11,25,3,0,3,28
03/16/2023,ISO,NC,ASO,EN,Federal Contract Tower,0,6,14,4,24,0,1,41,8,50,0,7,55,12,74,42,30,72,146
03/17/2023,ISO,NC,ASO,EN,Federal Contract Tower,0,6,6,29,41,0,2,6,19,27,0,8,12,48,68,2,96,98,166
03/18/2023,ISO,NC,ASO,EN,Federal Contract Tower,0,8,2,6,16,0,0,6,0,6,0,8,8,6,22,18,0,18,40
03/19/2023,ISO,NC,ASO,EN,Federal Contract Tower,0,11,2,0,13,0,2,17,0,19,0,13,19,0,32,26,0,26,58
03/20/2023,ISO,NC,ASO,EN,Federal Contract Tower,0,6,11,14,31,0,0,20,3,23,0,6,31,17,54,39,80,119,173
03/21/2023,ISO,NC,ASO,EN,Federal Contract Tower,0,8,6,34,48,0,0,14,15,29,0,8,20,49,77,28,86,114,191
03/22/2023,ISO,NC,ASO,EN,Federal Contract Tower,0,3,2,44,49,0,1,16,10,27,0,4,18,54,76,20,98,118,194
03/23/2023,ISO,NC,ASO,EN,Federal Contract Tower,0,4,1,4,9,0,0,11,4,15,0,4,12,8,24,6,8,14,38
03/24/2023,ISO,NC,ASO,EN,Federal Contract Tower,0,11,10,8,29,0,3,11,1,15,0,14,21,9,44,16,14,30,74
03/25/2023,ISO,NC,ASO,EN,Federal Contract Tower,0,4,5,0,9,0,0,0,0,0,0,4,5,0,9,0,0,0,9
03/26/2023,ISO,NC,ASO,EN,Federal Contract Tower,0,3,8,6,17,0,0,0,0,0,0,3,8,6,17,42,0,42,59
03/27/2023,ISO,NC,ASO,EN,Federal Contract Tower,0,3,20,3,26,0,0,8,3,11,0,3,28,6,37,8,12,20,57
03/28/2023,ISO,NC,ASO,EN,Federal Contract Tower,0,6,11,34,51,0,0,29,1,30,0,6,40,35,81,58,28,86,167
03/29/2023,ISO,NC,ASO,EN,Federal Contract Tower,0,10,13,2,25,0,2,13,2,17,0,12,26,4,42,26,0,26,68
03/30/2023,ISO,NC,ASO,EN,Federal Contract Tower,0,14,15,3,32,0,6,22,6,34,0,20,37,9,66,14,6,20,86
03/31/2023,ISO,NC,ASO,EN,Federal Contract Tower,0,6,6,2,14,0,0,10,2,12,0,6,16,4,26,0,12,12,38
04/01/2023,ISO,NC,ASO,EN,Federal Contract Tower,0,4,6,0,10,0,0,0,0,0,0,4,6,0,10,0,0,0,10
04/02/2023,ISO,NC,ASO,EN,Federal Contract Tower,0,8,6,0,14,0,0,21,0,21,0,8,27,0,35,14,0,14,49
04/03/2023,ISO,NC,ASO,EN,Federal Contract Tower,0,3,9,13,25,0,0,12,9,21,0,3,21,22,46,10,44,54,100
04/04/2023,ISO,NC,ASO,EN,Federal Contract Tower,0,4,6,29,39,0,0,10,11,21,0,4,16,40,60,0,18,18,78
04/05/2023,ISO,NC,ASO,EN,Federal Contract Tower,0,8,4,14,26,0,1,10,11,22,0,9,14,25,48,8,24,32,80
04/06/2023,ISO,NC,ASO,EN,Federal Contract Tower,0,7,8,2,17,0,0,19,4,23,0,7,27,6,40,16,6,22,62
04/07/2023,ISO,NC,ASO,EN,Federal Contract Tower,0,12,8,6,26,0,0,0,0,0,0,12,8,6,26,0,0,0,26
04/08/2023,ISO,NC,ASO,EN,Federal Contract Tower,0,3,1,0,4,0,0,0,0,0,0,3,1,0,4,0,0,0,4
04/09/2023,ISO,NC,ASO,EN,Federal Contract Tower,0,13,3,0,16,0,0,4,0,4,0,13,7,0,20,6,0,6,26
04/10/2023,ISO,NC,ASO,EN,Federal Contract Tower,0,4,5,6,15,0,2,18,2,22,0,6,23,8,37,44,28,72,109
04/11/2023,ISO,NC,ASO,EN,Federal Contract Tower,0,5,8,32,45,0,2,22,5,29,0,7,30,37,74,42,14,56,130
04/12/2023,ISO,NC,ASO,EN,Federal Contract Tower,0,11,7,8,26,0,2,26,13,41,0,13,33,21,67,14,50,64,131
04/13/2023,ISO,NC,ASO,EN,Federal Contract Tower,0,5,12,8,25,0,0,21,9,30,0,5,33,17,55,34,18,52,107
04/14/2023,ISO,NC,ASO,EN,Federal Contract Tower,0,2,3,2,7,0,0,3,0,3,0,2,6,2,10,0,0,0,10
04/15/2023,ISO,NC,ASO,EN,Federal Contract Tower,0,8,8,0,16,0,0,36,0,36,0,8,44,0,52,34,0,34,86
04/16/2023,ISO,NC,ASO,EN,Federal Contract Tower,0,3,5,0,8,0,0,18,0,18,0,3,23,0,26,0,0,0,26
04/17/2023,ISO,NC,ASO,EN,Federal Contract Tower,0,9,10,21,40,0,2,17,13,32,0,11,27,34,72,18,40,58,130
04/18/2023,ISO,NC,ASO,EN,Federal Contract Tower,0,12,18,13,43,0,2,12,18,32,0,14,30,31,75,44,72,116,191
04/19/2023,ISO,NC,ASO,EN,Federal Contract Tower,0,3,6,8,17,0,0,31,5,36,0,3,37,13,53,18,10,28,81
04/20/2023,ISO,NC,ASO,EN,Federal Contract Tower,0,4,6,25,35,0,2,34,6,42,0,6,40,31,77,30,66,96,173
04/21/2023,ISO,NC,ASO,EN,Federal Contract Tower,0,5,4,5,14,0,0,20,2,22,0,5,24,7,36,10,16,26,62
04/22/2023,ISO,NC,ASO,EN,Federal Contract Tower,0,2,0,0,2,0,2,0,0,2,0,4,0,0,4,0,0,0,4
04/23/2023,ISO,NC,ASO,EN,Federal Contract Tower,0,6,2,0,8,0,0,22,0,22,0,6,24,0,30,12,0,12,42
04/24/2023,ISO,NC,ASO,EN,Federal Contract Tower,0,3,7,8,18,0,0,8,8,16,0,3,15,16,34,25,38,63,97
04/25/2023,ISO,NC,ASO,EN,Federal Contract Tower,0,0,9,5,14,0,0,44,5,49,0,0,53,10,63,40,54,94,157
04/26/2023,ISO,NC,ASO,EN,Federal Contract Tower,0,5,8,16,29,0,0,19,6,25,0,5,27,22,54,18,4,22,76
04/27/2023,ISO,NC,ASO,EN,Federal Contract Tower,0,4,15,37,56,0,3,4,2,9,0,7,19,39,65,0,30,30,95
04/28/2023,ISO,NC,ASO,EN,Federal Contract Tower,0,11,4,4,19,0,0,2,2,4,0,11,6,6,23,6,2,8,31
04/29/2023,ISO,NC,ASO,EN,Federal Contract Tower,0,5,4,0,9,0,0,18,0,18,0,5,22,0,27,24,0,24,51
04/30/2023,ISO,NC,ASO,EN,Federal Contract Tower,0,6,3,1,10,0,0,2,0,2,0,6,5,1,12,0,0,0,12
05/01/2023,ISO,NC,ASO,EN,Federal Contract Tower,0,4,3,4,11,0,0,20,6,26,0,4,23,10,37,28,34,62,99
05/02/2023,ISO,NC,ASO,EN,Federal Contract Tower,0,1,7,16,24,0,0,10,9,19,0,1,17,25,43,12,22,34,77
05/03/2023,ISO,NC,ASO,EN,Federal Contract Tower,0,6,2,11,19,0,2,8,6,16,0,8,10,17,35,10,0,10,45
05/04/2023,ISO,NC,ASO,EN,Federal Contract Tower,1,4,20,16,41,0,2,34,6,42,1,6,54,22,83,30,50,80,163
05/05/2023,ISO,NC,ASO,EN,Federal Contract Tower,1,5,11,9,26,0,0,27,4,31,1,5,38,13,57,38,28,66,123
05/06/2023,ISO,NC,ASO,EN,Federal Contract Tower,0,5,5,8,18,0,1,21,0,22,0,6,26,8,40,40,0,40,80
05/07/2023,ISO,NC,ASO,EN,Federal Contract Tower,0,4,4,0,8,0,2,21,0,23,0,6,25,0,31,20,0,20,51
05/08/2023,ISO,NC,ASO,EN,Federal Contract Tower,0,3,4,13,20,0,0,17,8,25,0,3,21,21,45,26,30,56,101
05/09/2023,ISO,NC,ASO,EN,Federal Contract Tower,0,1,7,23,31,0,0,10,12,22,0,1,17,35,53,52,12,64,117
05/10/2023,ISO,NC,ASO,EN,Federal Contract Tower,0,2,11,33,46,0,1,29,30,60,0,3,40,63,106,24,88,112,218
05/11/2023,ISO,NC,ASO,EN,Federal Contract Tower,0,9,9,14,32,0,1,27,7,35,0,10,36,21,67,6,16,22,89
05/12/2023,ISO,NC,ASO,EN,Federal Contract Tower,0,5,10,12,27,0,6,44,9,59,0,11,54,21,86,28,14,42,128
05/13/2023,ISO,NC,ASO,EN,Federal Contract Tower,0,5,4,0,9,0,1,23,0,24,0,6,27,0,33,54,0,54,87
05/14/2023,ISO,NC,ASO,EN,Federal Contract Tower,0,3,7,0,10,0,0,8,0,8,0,3,15,0,18,2,0,2,20
05/15/2023,ISO,NC,ASO,EN,Federal Contract Tower,0,2,5,8,15,0,2,34,5,41,0,4,39,13,56,70,0,70,126
05/16/2023,ISO,NC,ASO,EN,Federal Contract Tower,0,3,13,7,23,0,2,6,10,18,0,5,19,17,41,18,28,46,87
05/17/2023,ISO,NC,ASO,EN,Federal Contract Tower,0,7,17,22,46,0,0,25,1,26,0,7,42,23,72,66,60,126,198
05/18/2023,ISO,NC,ASO,EN,Federal Contract Tower,0,2,11,12,25,0,2,19,9,30,0,4,30,21,55,22,30,52,107
05/19/2023,ISO,NC,ASO,EN,Federal Contract Tower,0,3,10,0,13,0,0,0,0,0,0,3,10,0,13,0,0,0,13
05/20/2023,ISO,NC,ASO,EN,Federal Contract Tower,0,0,11,0,11,0,0,1,0,1,0,0,12,0,12,16,0,16,28
05/21/2023,ISO,NC,ASO,EN,Federal Contract Tower,0,1,8,0,9,0,0,3,0,3,0,1,11,0,12,0,0,0,12
05/22/2023,ISO,NC,ASO,EN,Federal Contract Tower,0,6,8,2,16,0,0,0,2,2,0,6,8,4,18,2,14,16,34
05/23/2023,ISO,NC,ASO,EN,Federal Contract Tower,0,6,10,23,39,0,0,21,12,33,0,6,31,35,72,86,42,128,200
05/24/2023,ISO,NC,ASO,EN,Federal Contract Tower,0,5,14,39,58,0,8,38,6,52,0,13,52,45,110,20,84,104,214
05/25/2023,ISO,NC,ASO,EN,Federal Contract Tower,0,1,8,14,23,0,2,17,4,23,0,3,25,18,46,32,22,54,100
05/26/2023,ISO,NC,ASO,EN,Federal Contract Tower,0,4,10,2,16,0,0,9,3,12,0,4,19,5,28,0,16,16,44
05/27/2023,ISO,NC,ASO,EN,Federal Contract Tower,0,4,2,0,6,0,0,0,0,0,0,4,2,0,6,0,0,0,6
05/28/2023,ISO,NC,ASO,EN,Federal Contract Tower,0,7,5,0,12,0,0,0,0,0,0,7,5,0,12,0,0,0,12
05/29/2023,ISO,NC,ASO,EN,Federal Contract Tower,0,4,11,0,15,0,1,11,0,12,0,5,22,0,27,8,0,8,35
05/30/2023,ISO,NC,ASO,EN,Federal Contract Tower,0,9,23,19,51,0,0,10,14,24,0,9,33,33,75,34,38,72,147
05/31/2023,ISO,NC,ASO,EN,Federal Contract Tower,0,3,13,17,33,0,0,5,4,9,0,3,18,21,42,18,0,18,60
06/01/2023,ISO,NC,ASO,EN,Federal Contract Tower,0,6,13,12,31,0,0,7,6,13,0,6,20,18,44,0,34,34,78
06/02/2023,ISO,NC,ASO,EN,Federal Contract Tower,0,9,37,6,52,0,0,25,0,25,0,9,62,6,77,56,10,66,143
06/03/2023,ISO,NC,ASO,EN,Federal Contract Tower,0,2,17,0,19,0,0,17,6,23,0,2,34,6,42,12,0,12,54
06/04/2023,ISO,NC,ASO,EN,Federal Contract Tower,0,1,13,0,14,0,2,9,0,11,0,3,22,0,25,8,0,8,33
06/05/2023,ISO,NC,ASO,EN,Federal Contract Tower,0,3,20,15,38,0,0,34,14,48,0,3,54,29,86,26,21,47,133
06/06/2023,ISO,NC,ASO,EN,Federal Contract Tower,0,2,19,16,37,0,0,16,10,26,0,2,35,26,63,14,20,34,97
06/07/2023,ISO,NC,ASO,EN,Federal Contract Tower,0,4,25,21,50,0,0,11,9,20,0,4,36,30,70,8,50,58,128
06/08/2023,ISO,NC,ASO,EN,Federal Contract Tower,0,10,14,34,58,0,1,10,5,16,0,11,24,39,74,16,30,46,120
06/09/2023,ISO,NC,ASO,EN,Federal Contract Tower,0,10,7,8,25,0,2,13,4,19,0,12,20,12,44,26,10,36,80
06/10/2023,ISO,NC,ASO,EN,Federal Contract Tower,0,4,4,0,8,0,2,44,2,48,0,6,48,2,56,32,12,44,100
06/11/2023,ISO,NC,ASO,EN,Federal Contract Tower,0,8,9,0,17,0,6,25,0,31,0,14,34,0,48,16,0,16,64
06/12/2023,ISO,NC,ASO,EN,Federal Contract Tower,0,3,6,4,13,0,1,6,4,11,0,4,12,8,24,8,16,24,48
06/13/2023,ISO,NC,ASO,EN,Federal Contract Tower,0,4,16,12,32,0,0,33,12,45,0,4,49,24,77,74,52,126,203
06/14/2023,ISO,NC,ASO,EN,Federal Contract Tower,0,4,12,25,41,0,0,17,7,24,0,4,29,32,65,20,86,106,171
06/15/2023,ISO,NC,ASO,EN,Federal Contract Tower,0,3,17,6,26,0,0,31,10,41,0,3,48,16,67,30,36,66,133
06/16/2023,ISO,NC,ASO,EN,Federal Contract Tower,0,3,12,3,18,0,0,33,1,34,0,3,45,4,52,14,30,44,96
06/17/2023,ISO,NC,ASO,EN,Federal Contract Tower,0,2,4,1,7,0,2,33,0,35,0,4,37,1,42,40,10,50,92
06/18/2023,ISO,NC,ASO,EN,Federal Contract Tower,0,0,19,0,19,0,6,15,0,21,0,6,34,0,40,32,0,32,72
06/19/2023,ISO,NC,ASO,EN,Federal Contract Tower,0,3,8,2,13,0,0,18,2,20,0,3,26,4,33,20,12,32,65
06/20/2023,ISO,NC,ASO,EN,Federal Contract Tower,0,6,2,15,23,0,0,2,4,6,0,6,4,19,29,6,32,38,67
06/21/2023,ISO,NC,ASO,EN,Federal Contract Tower,0,9,22,8,39,0,0,5,7,12,0,9,27,15,51,10,46,56,107
06/22/2023,ISO,NC,ASO,EN,Federal Contract Tower,0,5,11,6,22,0,0,2,0,2,0,5,13,6,24,14,0,14,38
06/23/2023,ISO,NC,ASO,EN,Federal Contract Tower,0,7,3,26,36,0,0,4,9,13,0,7,7,35,49,8,60,68,117
06/24/2023,ISO,NC,ASO,EN,Federal Contract Tower,0,4,12,1,17,0,1,15,0,16,0,5,27,1,33,10,0,10,43
06/25/2023,ISO,NC,ASO,EN,Federal Contract Tower,0,6,8,12,26,0,9,9,2,20,0,15,17,14,46,20,4,24,70
06/26/2023,ISO,NC,ASO,EN,Federal Contract Tower,0,4,25,18,47,0,3,15,21,39,0,7,40,39,86,14,52,66,152
06/27/2023,ISO,NC,ASO,EN,Federal Contract Tower,0,14,20,21,55,0,5,36,14,55,0,19,56,35,110,88,94,182,292
06/28/2023,ISO,NC,ASO,EN,Federal Contract Tower,0,4,11,32,47,0,2,22,13,37,0,6,33,45,84,36,8,44,128
06/29/2023,ISO,NC,ASO,EN,Federal Contract Tower,0,7,17,10,34,0,2,28,5,35,0,9,45,15,69,42,32,74,143
06/30/2023,ISO,NC,ASO,EN,Federal Contract Tower,0,9,15,4,28,0,1,16,0,17,0,10,31,4,45,18,16,34,79
07/01/2023,ISO,NC,ASO,EN,Federal Contract Tower,0,6,10,0,16,0,0,7,0,7,0,6,17,0,23,0,0,0,23
07/02/2023,ISO,NC,ASO,EN,Federal Contract Tower,0,4,7,0,11,0,4,17,0,21,0,8,24,0,32,0,0,0,32
07/03/2023,ISO,NC,ASO,EN,Federal Contract Tower,0,0,2,0,2,0,6,7,0,13,0,6,9,0,15,34,0,34,49
07/04/2023,ISO,NC,ASO,EN,Federal Contract Tower,0,2,1,0,3,0,9,9,0,18,0,11,10,0,21,0,0,0,21
07/05/2023,ISO,NC,ASO,EN,Federal Contract Tower,0,5,5,5,15,0,0,24,10,34,0,5,29,15,49,16,82,98,147
07/06/2023,ISO,NC,ASO,EN,Federal Contract Tower,0,5,5,4,14,0,1,15,4,20,0,6,20,8,34,8,10,18,52
07/07/2023,ISO,NC,ASO,EN,Federal Contract Tower,0,3,13,16,32,0,0,26,1,27,0,3,39,17,59,34,24,58,117
07/08/2023,ISO,NC,ASO,EN,Federal Contract Tower,0,4,6,8,18,0,0,18,0,18,0,4,24,8,36,4,0,4,40
07/09/2023,ISO,NC,ASO,EN,Federal Contract Tower,0,6,3,0,9,0,0,10,0,10,0,6,13,0,19,6,0,6,25
07/10/2023,ISO,NC,ASO,EN,Federal Contract Tower,0,11,9,9,29,0,3,30,5,38,0,14,39,14,67,18,30,48,115
07/11/2023,ISO,NC,ASO,EN,Federal Contract Tower,0,5,25,22,52,0,1,36,4,41,0,6,61,26,93,50,54,104,197
07/12/2023,ISO,NC,ASO,EN,Federal Contract Tower,0,10,12,16,38,0,2,29,2,33,0,12,41,18,71,30,54,84,155
07/13/2023,ISO,NC,ASO,EN,Federal Contract Tower,1,10,14,8,33,0,0,38,2,40,1,10,52,10,73,80,24,104,177
07/14/2023,ISO,NC,ASO,EN,Federal Contract Tower,0,1,6,2,9,0,0,7,2,9,0,1,13,4,18,0,0,0,18
07/15/2023,ISO,NC,ASO,EN,Federal Contract Tower,0,9,3,2,14,0,0,7,0,7,0,9,10,2,21,0,2,2,23
07/16/2023,ISO,NC,ASO,EN,Federal Contract Tower,0,6,7,2,15,0,2,19,0,21,0,8,26,2,36,0,0,0,36
07/17/2023,ISO,NC,ASO,EN,Federal Contract Tower,0,9,13,12,34,0,0,38,6,44,0,9,51,18,78,82,40,122,200
07/18/2023,ISO,NC,ASO,EN,Federal Contract Tower,0,8,8,26,42,0,0,13,11,24,0,8,21,37,66,28,12,40,106
07/19/2023,ISO,NC,ASO,EN,Federal Contract Tower,1,3,7,18,29,0,0,15,4,19,1,3,22,22,48,20,30,50,98
07/20/2023,ISO,NC,ASO,EN,Federal Contract Tower,0,3,10,9,22,0,4,31,11,46,0,7,41,20,68,22,14,36,104
07/21/2023,ISO,NC,ASO,EN,Federal Contract Tower,0,8,17,7,32,0,1,23,8,32,0,9,40,15,64,8,26,34,98
07/22/2023,ISO,NC,ASO,EN,Federal Contract Tower,0,3,13,4,20,0,0,12,0,12,0,3,25,4,32,12,0,12,44
07/23/2023,ISO,NC,ASO,EN,Federal Contract Tower,0,5,13,0,18,0,0,17,0,17,0,5,30,0,35,26,0,26,61
07/24/2023,ISO,NC,ASO,EN,Federal Contract Tower,0,4,9,12,25,0,0,1,8,9,0,4,10,20,34,0,20,20,54
07/25/2023,ISO,NC,ASO,EN,Federal Contract Tower,0,6,6,33,45,0,0,28,18,46,0,6,34,51,91,4,44,48,139
07/26/2023,ISO,NC,ASO,EN,Federal Contract Tower,0,4,7,35,46,0,4,31,28,63,0,8,38,63,109,38,90,128,237
07/27/2023,ISO,NC,ASO,EN,Federal Contract Tower,0,6,7,19,32,0,2,24,28,54,0,8,31,47,86,30,16,46,132
07/28/2023,ISO,NC,ASO,EN,Federal Contract Tower,0,6,21,14,41,0,0,21,11,32,0,6,42,25,73,10,10,20,93
07/29/2023,ISO,NC,ASO,EN,Federal Contract Tower,0,3,5,0,8,0,0,9,0,9,0,3,14,0,17,2,0,2,19
07/30/2023,ISO,NC,ASO,EN,Federal Contract Tower,0,7,11,0,18,0,0,14,0,14,0,7,25,0,32,4,0,4,36
07/31/2023,ISO,NC,ASO,EN,Federal Contract Tower,0,1,6,12,19,0,0,15,4,19,0,1,21,16,38,36,32,68,106
08/01/2023,ISO,NC,ASO,EN,Federal Contract Tower,0,12,3,20,35,0,0,21,9,30,0,12,24,29,65,32,44,76,141
08/02/2023,ISO,NC,ASO,EN,Federal Contract Tower,0,1,5,8,14,0,0,38,3,41,0,1,43,11,55,8,24,32,87
08/03/2023,ISO,NC,ASO,EN,Federal Contract Tower,0,2,7,11,20,0,0,21,7,28,0,2,28,18,48,28,24,52,100
08/04/2023,ISO,NC,ASO,EN,Federal Contract Tower,0,8,23,8,39,0,0,2,4,6,0,8,25,12,45,2,8,10,55
08/05/2023,ISO,NC,ASO,EN,Federal Contract Tower,0,5,4,0,9,0,0,2,0,2,0,5,6,0,11,2,0,2,13
08/06/2023,ISO,NC,ASO,EN,Federal Contract Tower,0,8,6,0,14,0,1,20,0,21,0,9,26,0,35,2,0,2,37
08/07/2023,ISO,NC,ASO,EN,Federal Contract Tower,0,3,7,16,26,0,0,7,15,22,0,3,14,31,48,4,18,22,70
08/08/2023,ISO,NC,ASO,EN,Federal Contract Tower,0,0,11,14,25,0,0,16,10,26,0,0,27,24,51,4,26,30,81
08/09/2023,ISO,NC,ASO,EN,Federal Contract Tower,0,7,11,13,31,0,0,44,9,53,0,7,55,22,84,64,52,116,200
08/10/2023,ISO,NC,ASO,EN,Federal Contract Tower,0,2,2,3,7,0,0,0,9,9,0,2,2,12,16,10,8,18,34
08/11/2023,ISO,NC,ASO,EN,Federal Contract Tower,0,7,7,12,26,0,0,22,4,26,0,7,29,16,52,60,38,98,150
08/12/2023,ISO,NC,ASO,EN,Federal Contract Tower,0,0,1,0,1,0,0,17,0,17,0,0,18,0,18,24,0,24,42
08/13/2023,ISO,NC,ASO,EN,Federal Contract Tower,0,2,3,3,8,0,3,17,1,21,0,5,20,4,29,24,20,44,73
08/14/2023,ISO,NC,ASO,EN,Federal Contract Tower,0,2,11,9,22,0,0,23,20,43,0,2,34,29,65,22,40,62,127
08/15/2023,ISO,NC,ASO,EN,Federal Contract Tower,0,7,7,11,25,0,1,10,9,20,0,8,17,20,45,34,8,42,87
08/16/2023,ISO,NC,ASO,EN,Federal Contract Tower,0,6,5,15,26,0,0,24,14,38,0,6,29,29,64,42,46,88,152
08/17/2023,ISO,NC,ASO,EN,Federal Contract Tower,0,5,6,25,36,0,0,12,20,32,0,5,18,45,68,40,56,96,164
08/18/2023,ISO,NC,ASO,EN,Federal Contract Tower,0,7,6,7,20,0,4,21,8,33,0,11,27,15,53,84,0,84,137
08/19/2023,ISO,NC,ASO,EN,Federal Contract Tower,0,0,7,8,15,0,4,31,0,35,0,4,38,8,50,12,0,12,62
08/20/2023,ISO,NC,ASO,EN,Federal Contract Tower,0,6,4,0,10,0,0,5,0,5,0,6,9,0,15,54,0,54,69
08/21/2023,ISO,NC,ASO,EN,Federal Contract Tower,0,3,6,12,21,0,0,20,12,32,0,3,26,24,53,32,42,74,127
08/22/2023,ISO,NC,ASO,EN,Federal Contract Tower,0,2,12,9,23,0,1,13,15,29,0,3,25,24,52,24,38,62,114
08/23/2023,ISO,NC,ASO,EN,Federal Contract Tower,0,4,28,26,58,0,4,22,3,29,0,8,50,29,87,58,76,134,221
08/24/2023,ISO,NC,ASO,EN,Federal Contract Tower,0,8,9,8,25,0,0,34,7,41,0,8,43,15,66,54,44,98,164
08/25/2023,ISO,NC,ASO,EN,Federal Contract Tower,0,7,6,32,45,0,4,29,6,39,0,11,35,38,84,38,60,98,182
08/26/2023,ISO,NC,ASO,EN,Federal Contract Tower,0,2,16,0,18,0,2,15,0,17,0,4,31,0,35,40,0,40,75
08/27/2023,ISO,NC,ASO,EN,Federal Contract Tower,0,0,3,0,3,0,0,4,0,4,0,0,7,0,7,0,0,0,7
08/28/2023,ISO,NC,ASO,EN,Federal Contract Tower,0,3,0,13,16,0,0,2,4,6,0,3,2,17,22,2,16,18,40
08/29/2023,ISO,NC,ASO,EN,Federal Contract Tower,0,4,19,8,31,0,0,8,3,11,0,4,27,11,42,26,16,42,84
08/30/2023,ISO,NC,ASO,EN,Federal Contract Tower,0,2,3,3,8,0,0,0,1,1,0,2,3,4,9,0,0,0,9
08/31/2023,ISO,NC,ASO,EN,Federal Contract Tower,0,6,0,6,12,0,0,4,0,4,0,6,4,6,16,2,0,2,18
01/01/2020,ISO,NC,ASO,EN,Federal Contract Tower,0,1,1,0,2,0,0,11,0,11,0,1,12,0,13,10,0,10,23
01/02/2020,ISO,NC,ASO,EN,Federal Contract Tower,0,0,9,0,9,0,0,5,0,5,0,0,14,0,14,0,0,0,14
01/03/2020,ISO,NC,ASO,EN,Federal Contract Tower,0,0,1,0,1,0,0,0,0,0,0,0,1,0,1,0,0,0,1
01/04/2020,ISO,NC,ASO,EN,Federal Contract Tower,0,0,8,0,8,0,0,2,0,2,0,0,10,0,10,0,0,0,10
01/05/2020,ISO,NC,ASO,EN,Federal Contract Tower,0,0,4,0,4,0,0,8,0,8,0,0,12,0,12,12,0,12,24
01/06/2020,ISO,NC,ASO,EN,Federal Contract Tower,0,0,2,3,5,0,2,6,4,12,0,2,8,7,17,0,28,28,45
01/07/2020,ISO,NC,ASO,EN,Federal Contract Tower,0,0,5,18,23,0,0,4,7,11,0,0,9,25,34,0,60,60,94
01/08/2020,ISO,NC,ASO,EN,Federal Contract Tower,0,0,5,3,8,0,2,6,7,15,0,2,11,10,23,10,78,88,111
01/09/2020,ISO,NC,ASO,EN,Federal Contract Tower,0,2,9,29,40,0,1,17,3,21,0,3,26,32,61,6,62,68,129
01/10/2020,ISO,NC,ASO,EN,Federal Contract Tower,0,0,18,15,33,0,0,12,3,15,0,0,30,18,48,30,70,100,148
01/11/2020,ISO,NC,ASO,EN,Federal Contract Tower,0,0,4,4,8,0,0,4,0,4,0,0,8,4,12,0,16,16,28
01/12/2020,ISO,NC,ASO,EN,Federal Contract Tower,0,0,3,0,3,0,0,2,0,2,0,0,5,0,5,10,0,10,15
01/13/2020,ISO,NC,ASO,EN,Federal Contract Tower,0,0,8,0,8,0,0,0,0,0,0,0,8,0,8,0,0,0,8
01/14/2020,ISO,NC,ASO,EN,Federal Contract Tower,0,0,6,13,19,0,0,2,0,2,0,0,8,13,21,6,32,38,59
01/15/2020,ISO,NC,ASO,EN,Federal Contract Tower,0,2,10,13,25,0,0,0,2,2,0,2,10,15,27,20,10,30,57
01/16/2020,ISO,NC,ASO,EN,Federal Contract Tower,0,0,9,22,31,0,5,5,4,14,0,5,14,26,45,0,40,40,85
01/17/2020,ISO,NC,ASO,EN,Federal Contract Tower,0,2,11,8,21,0,0,7,6,13,0,2,18,14,34,0,38,38,72
01/18/2020,ISO,NC,ASO,EN,Federal Contract Tower,0,0,7,0,7,0,0,18,0,18,0,0,25,0,25,28,0,28,53
01/19/2020,ISO,NC,ASO,EN,Federal Contract Tower,0,2,3,0,5,0,0,2,0,2,0,2,5,0,7,16,0,16,23
01/20/2020,ISO,NC,ASO,EN,Federal Contract Tower,0,0,8,0,8,0,0,6,0,6,0,0,14,0,14,30,0,30,44
01/21/2020,ISO,NC,ASO,EN,Federal Contract Tower,0,0,7,6,13,0,1,11,2,14,0,1,18,8,27,6,0,6,33
01/22/2020,ISO,NC,ASO,EN,Federal Contract Tower,0,0,6,14,20,0,1,18,3,22,0,1,24,17,42,8,56,64,106
01/23/2020,ISO,NC,ASO,EN,Federal Contract Tower,0,0,20,20,40,0,1,12,4,17,0,1,32,24,57,16,36,52,109
01/24/2020,ISO,NC,ASO,EN,Federal Contract Tower,0,0,11,10,21,0,0,2,2,4,0,0,13,12,25,0,18,18,43
01/25/2020,ISO,NC,ASO,EN,Federal Contract Tower,0,0,6,0,6,0,0,10,2,12,0,0,16,2,18,0,8,8,26
01/26/2020,ISO,NC,ASO,EN,Federal Contract Tower,0,0,2,6,8,0,0,20,0,20,0,0,22,6,28,12,16,28,56
01/27/2020,ISO,NC,ASO,EN,Federal Contract Tower,0,2,10,11,23,0,0,9,4,13,0,2,19,15,36,10,36,46,82
01/28/2020,ISO,NC,ASO,EN,Federal Contract Tower,0,0,8,17,25,0,0,19,9,28,0,0,27,26,53,14,62,76,129
01/29/2020,ISO,NC,ASO,EN,Federal Contract Tower,0,0,4,12,16,0,7,20,0,27,0,7,24,12,43,28,44,72,115
01/30/2020,ISO,NC,ASO,EN,Federal Contract Tower,0,6,9,3,18,0,0,8,3,11,0,6,17,6,29,6,44,50,79
01/31/2020,ISO,NC,ASO,EN,Federal Contract Tower,0,1,8,44,53,0,0,6,0,6,0,1,14,44,59,2,40,42,101
02/01/2020,ISO,NC,ASO,EN,Federal Contract Tower,0,0,6,0,6,0,0,0,0,0,0,0,6,0,6,0,0,0,6
02/02/2020,ISO,NC,ASO,EN,Federal Contract Tower,0,0,3,2,5,0,0,13,2,15,0,0,16,4,20,24,0,24,44
02/03/2020,ISO,NC,ASO,EN,Federal Contract Tower,0,0,10,8,18,0,0,17,4,21,0,0,27,12,39,10,50,60,99
02/04/2020,ISO,NC,ASO,EN,Federal Contract Tower,0,0,7,16,23,0,5,6,6,17,0,5,13,22,40,8,80,88,128
02/05/2020,ISO,NC,ASO,EN,Federal Contract Tower,0,0,7,34,41,0,0,7,1,8,0,0,14,35,49,30,116,146,195
02/06/2020,ISO,NC,ASO,EN,Federal Contract Tower,0,0,1,0,1,0,0,0,0,0,0,0,1,0,1,0,0,0,1
02/07/2020,ISO,NC,ASO,EN,Federal Contract Tower,0,0,3,10,13,0,0,2,0,2,0,0,5,10,15,0,30,30,45
02/08/2020,ISO,NC,ASO,EN,Federal Contract Tower,0,0,5,2,7,0,0,7,0,7,0,0,12,2,14,24,10,34,48
02/09/2020,ISO,NC,ASO,EN,Federal Contract Tower,0,0,12,2,14,0,0,11,0,11,0,0,23,2,25,20,2,22,47
02/10/2020,ISO,NC,ASO,EN,Federal Contract Tower,0,0,9,12,21,0,0,7,6,13,0,0,16,18,34,14,26,40,74
02/11/2020,ISO,NC,ASO,EN,Federal Contract Tower,0,1,12,15,28,0,0,2,9,11,0,1,14,24,39,0,48,48,87
02/12/2020,ISO,NC,ASO,EN,Federal Contract Tower,0,1,12,9,22,0,9,2,1,12,0,10,14,10,34,0,12,12,46
02/13/2020,ISO,NC,ASO,EN,Federal Contract Tower,0,1,4,4,9,0,0,0,0,0,0,1,4,4,9,0,48,48,57
02/14/2020,ISO,NC,ASO,EN,Federal Contract Tower,0,2,13,2,17,0,0,7,2,9,0,2,20,4,26,2,18,20,46
02/15/2020,ISO,NC,ASO,EN,Federal Contract Tower,0,0,2,0,2,0,0,13,0,13,0,0,15,0,15,14,0,14,29
02/16/2020,ISO,NC,ASO,EN,Federal Contract Tower,0,2,9,0,11,0,0,8,0,8,0,2,17,0,19,0,0,0,19
02/17/2020,ISO,NC,ASO,EN,Federal Contract Tower,0,0,11,0,11,0,3,13,0,16,0,3,24,0,27,0,0,0,27
02/18/2020,ISO,NC,ASO,EN,Federal Contract Tower,0,2,12,6,20,0,0,2,0,2,0,2,14,6,22,2,24,26,48
02/19/2020,ISO,NC,ASO,EN,Federal Contract Tower,0,0,7,15,22,0,0,5,1,6,0,0,12,16,28,10,34,44,72
02/20/2020,ISO,NC,ASO,EN,Federal Contract Tower,0,0,6,0,6,0,0,2,2,4,0,0,8,2,10,0,6,6,16
02/21/2020,ISO,NC,ASO,EN,Federal Contract Tower,0,1,3,4,8,0,0,4,0,4,0,1,7,4,12,0,12,12,24
02/22/2020,ISO,NC,ASO,EN,Federal Contract Tower,0,0,4,0,4,0,0,7,0,7,0,0,11,0,11,42,0,42,53
02/23/2020,ISO,NC,ASO,EN,Federal Contract Tower,0,0,9,0,9,0,0,8,0,8,0,0,17,0,17,16,0,16,33
02/24/2020,ISO,NC,ASO,EN,Federal Contract Tower,0,0,13,12,25,0,0,7,5,12,0,0,20,17,37,12,34,46,83
02/25/2020,ISO,NC,ASO,EN,Federal Contract Tower,0,1,4,8,13,0,0,0,2,2,0,1,4,10,15,12,50,62,77
02/26/2020,ISO,NC,ASO,EN,Federal Contract Tower,0,6,7,2,15,0,0,0,2,2,0,6,7,4,17,0,24,24,41
02/27/2020,ISO,NC,ASO,EN,Federal Contract Tower,0,1,10,18,29,0,3,8,0,11,0,4,18,18,40,34,24,58,98
02/28/2020,ISO,NC,ASO,EN,Federal Contract Tower,0,2,9,16,27,0,0,27,1,28,0,2,36,17,55,0,26,26,81
02/29/2020,ISO,NC,ASO,EN,Federal Contract Tower,0,1,7,0,8,0,0,2,0,2,0,1,9,0,10,2,0,2,12
03/01/2020,ISO,NC,ASO,EN,Federal Contract Tower,0,0,6,0,6,0,0,19,0,19,0,0,25,0,25,62,0,62,87
03/02/2020,ISO,NC,ASO,EN,Federal Contract Tower,0,0,3,6,9,0,4,14,5,23,0,4,17,11,32,0,26,26,58
03/03/2020,ISO,NC,ASO,EN,Federal Contract Tower,0,0,2,8,10,0,0,0,0,0,0,0,2,8,10,0,18,18,28
03/04/2020,ISO,NC,ASO,EN,Federal Contract Tower,0,0,3,17,20,0,0,14,1,15,0,0,17,18,35,10,54,64,99
03/05/2020,ISO,NC,ASO,EN,Federal Contract Tower,0,0,6,7,13,0,0,0,1,1,0,0,6,8,14,0,26,26,40
03/06/2020,ISO,NC,ASO,EN,Federal Contract Tower,0,0,4,2,6,0,0,0,2,2,0,0,4,4,8,0,20,20,28
03/07/2020,ISO,NC,ASO,EN,Federal Contract Tower,0,0,3,0,3,0,0,1,0,1,0,0,4,0,4,0,0,0,4
03/08/2020,ISO,NC,ASO,EN,Federal Contract Tower,0,0,7,0,7,0,0,25,0,25,0,0,32,0,32,38,0,38,70
03/09/2020,ISO,NC,ASO,EN,Federal Contract Tower,0,1,3,12,16,0,8,14,2,24,0,9,17,14,40,8,16,24,64
03/10/2020,ISO,NC,ASO,EN,Federal Contract Tower,0,0,6,14,20,0,5,18,11,34,0,5,24,25,54,20,22,42,96
03/11/2020,ISO,NC,ASO,EN,Federal Contract Tower,0,0,9,6,15,0,6,12,2,20,0,6,21,8,35,18,66,84,119
03/12/2020,ISO,NC,ASO,EN,Federal Contract Tower,0,0,5,8,13,0,1,17,9,27,0,1,22,17,40,30,78,108,148
03/13/2020,ISO,NC,ASO,EN,Federal Contract Tower,0,2,10,3,15,0,0,17,6,23,0,2,27,9,38,8,51,59,97
03/14/2020,ISO,NC,ASO,EN,Federal Contract Tower,0,0,7,0,7,0,0,36,0,36,0,0,43,0,43,4,0,4,47
03/15/2020,ISO,NC,ASO,EN,Federal Contract Tower,0,0,4,0,4,0,0,0,0,0,0,0,4,0,4,0,0,0,4
03/16/2020,ISO,NC,ASO,EN,Federal Contract Tower,0,0,10,20,30,0,1,24,0,25,0,1,34,20,55,54,10,64,119
03/17/2020,ISO,NC,ASO,EN,Federal Contract Tower,0,0,11,23,34,0,0,2,0,2,0,0,13,23,36,0,0,0,36
03/18/2020,ISO,NC,ASO,EN,Federal Contract Tower,0,0,4,8,12,0,2,3,0,5,0,2,7,8,17,12,10,22,39
03/19/2020,ISO,NC,ASO,EN,Federal Contract Tower,0,0,8,6,14,0,1,9,0,10,0,1,17,6,24,24,8,32,56
03/20/2020,ISO,NC,ASO,EN,Federal Contract Tower,0,0,4,4,8,0,0,12,0,12,0,0,16,4,20,24,2,26,46
03/21/2020,ISO,NC,ASO,EN,Federal Contract Tower,0,0,15,0,15,0,0,6,0,6,0,0,21,0,21,0,0,0,21
03/22/2020,ISO,NC,ASO,EN,Federal Contract Tower,0,0,2,0,2,0,0,6,0,6,0,0,8,0,8,12,0,12,20
03/23/2020,ISO,NC,ASO,EN,Federal Contract Tower,0,0,5,2,7,0,0,0,0,0,0,0,5,2,7,0,0,0,7
03/24/2020,ISO,NC,ASO,EN,Federal Contract Tower,0,0,8,7,15,0,0,2,0,2,0,0,10,7,17,0,12,12,29
03/25/2020,ISO,NC,ASO,EN,Federal Contract Tower,0,0,4,2,6,0,0,0,0,0,0,0,4,2,6,8,0,8,14
03/26/2020,ISO,NC,ASO,EN,Federal Contract Tower,0,0,6,20,26,4,0,13,0,17,4,0,19,20,43,20,14,34,77
03/27/2020,ISO,NC,ASO,EN,Federal Contract Tower,0,1,10,0,11,0,3,24,0,27,0,4,34,0,38,4,0,4,42
03/28/2020,ISO,NC,ASO,EN,Federal Contract Tower,0,0,6,0,6,0,0,8,0,8,0,0,14,0,14,16,0,16,30
03/29/2020,ISO,NC,ASO,EN,Federal Contract Tower,0,0,2,0,2,0,4,10,0,14,0,4,12,0,16,0,0,0,16
03/30/2020,ISO,NC,ASO,EN,Federal Contract Tower,0,0,12,4,16,0,5,12,6,23,0,5,24,10,39,0,34,34,73
03/31/2020,ISO,NC,ASO,EN,Federal Contract Tower,0,0,8,18,26,0,0,3,4,7,0,0,11,22,33,6,32,38,71
04/01/2020,ISO,NC,ASO,EN,Federal Contract Tower,0,0,4,16,20,0,0,0,2,2,0,0,4,18,22,0,44,44,66
04/02/2020,ISO,NC,ASO,EN,Federal Contract Tower,0,0,10,1,11,0,6,6,3,15,0,6,16,4,26,0,38,38,64
04/03/2020,ISO,NC,ASO,EN,Federal Contract Tower,0,0,5,12,17,0,0,14,0,14,0,0,19,12,31,0,38,38,69
04/04/2020,ISO,NC,ASO,EN,Federal Contract Tower,0,0,0,0,0,0,0,21,0,21,0,0,21,0,21,12,0,12,33
04/05/2020,ISO,NC,ASO,EN,Federal Contract Tower,0,0,2,0,2,0,6,12,0,18,0,6,14,0,20,18,0,18,38
04/06/2020,ISO,NC,ASO,EN,Federal Contract Tower,0,0,9,11,20,0,3,12,7,22,0,3,21,18,42,2,40,42,84
04/07/2020,ISO,NC,ASO,EN,Federal Contract Tower,0,0,4,14,18,0,2,3,2,7,0,2,7,16,25,0,0,0,25
04/08/2020,ISO,NC,ASO,EN,Federal Contract Tower,0,0,4,5,9,0,3,5,1,9,0,3,9,6,18,0,36,36,54
04/09/2020,ISO,NC,ASO,EN,Federal Contract Tower,0,0,0,2,2,0,0,9,1,10,0,0,9,3,12,0,20,20,32
04/10/2020,ISO,NC,ASO,EN,Federal Contract Tower,0,0,4,3,7,0,0,9,1,10,0,0,13,4,17,0,14,14,31
04/11/2020,ISO,NC,ASO,EN,Federal Contract Tower,0,0,1,0,1,0,0,27,0,27,0,0,28,0,28,30,0,30,58
04/12/2020,ISO,NC,ASO,EN,Federal Contract Tower,0,0,0,0,0,0,2,12,0,14,0,2,12,0,14,6,0,6,20
04/13/2020,ISO,NC,ASO,EN,Federal Contract Tower,0,0,1,2,3,0,0,2,4,6,0,0,3,6,9,0,38,38,47
04/14/2020,ISO,NC,ASO,EN,Federal Contract Tower,0,0,5,7,12,0,1,7,3,11,0,1,12,10,23,8,20,28,51
04/15/2020,ISO,NC,ASO,EN,Federal Contract Tower,0,0,2,4,6,0,0,2,2,4,0,0,4,6,10,2,46,48,58
04/16/2020,ISO,NC,ASO,EN,Federal Contract Tower,0,0,8,2,10,0,4,8,4,16,0,4,16,6,26,8,56,64,90
04/17/2020,ISO,NC,ASO,EN,Federal Contract Tower,0,0,4,30,34,0,0,21,2,23,0,0,25,32,57,29,42,71,128
04/18/2020,ISO,NC,ASO,EN,Federal Contract Tower,0,0,7,0,7,0,0,10,0,10,0,0,17,0,17,0,0,0,17
04/19/2020,ISO,NC,ASO,EN,Federal Contract Tower,0,0,4,0,4,0,0,0,0,0,0,0,4,0,4,0,0,0,4
04/20/2020,ISO,NC,ASO,EN,Federal Contract Tower,0,2,7,4,13,0,0,2,0,2,0,2,9,4,15,4,4,8,23
04/21/2020,ISO,NC,ASO,EN,Federal Contract Tower,0,0,4,30,34,0,4,6,2,12,0,4,10,32,46,2,32,34,80
04/22/2020,ISO,NC,ASO,EN,Federal Contract Tower,0,0,2,6,8,0,5,19,2,26,0,5,21,8,34,14,26,40,74
04/23/2020,ISO,NC,ASO,EN,Federal Contract Tower,0,0,2,4,6,0,0,0,2,2,0,0,2,6,8,0,26,26,34
04/24/2020,ISO,NC,ASO,EN,Federal Contract Tower,0,0,4,10,14,0,0,1,4,5,0,0,5,14,19,26,8,34,53
04/25/2020,ISO,NC,ASO,EN,Federal Contract Tower,0,0,1,0,1,0,0,0,0,0,0,0,1,0,1,0,0,0,1
04/26/2020,ISO,NC,ASO,EN,Federal Contract Tower,0,0,4,0,4,0,4,9,2,15,0,4,13,2,19,0,22,22,41
04/27/2020,ISO,NC,ASO,EN,Federal Contract Tower,0,0,9,15,24,0,4,12,1,17,0,4,21,16,41,10,48,58,99
04/28/2020,ISO,NC,ASO,EN,Federal Contract Tower,0,1,4,8,13,0,5,14,6,25,0,6,18,14,38,6,48,54,92
04/29/2020,ISO,NC,ASO,EN,Federal Contract Tower,0,0,6,4,10,0,5,10,2,17,0,5,16,6,27,0,14,14,41
04/30/2020,ISO,NC,ASO,EN,Federal Contract Tower,0,1,14,0,15,0,0,2,2,4,0,1,16,2,19,0,0,0,19
05/01/2020,ISO,NC,ASO,EN,Federal Contract Tower,0,0,15,10,25,0,0,14,2,16,0,0,29,12,41,20,82,102,143
05/02/2020,ISO,NC,ASO,EN,Federal Contract Tower,0,0,4,1,5,0,0,4,3,7,0,0,8,4,12,20,14,34,46
05/03/2020,ISO,NC,ASO,EN,Federal Contract Tower,0,0,7,0,7,0,0,11,0,11,0,0,18,0,18,30,0,30,48
05/04/2020,ISO,NC,ASO,EN,Federal Contract Tower,0,1,10,23,34,0,1,8,0,9,0,2,18,23,43,18,54,72,115
05/05/2020,ISO,NC,ASO,EN,Federal Contract Tower,0,0,5,5,10,0,0,3,3,6,0,0,8,8,16,4,44,48,64
05/06/2020,ISO,NC,ASO,EN,Federal Contract Tower,0,2,10,13,25,0,0,5,2,7,0,2,15,15,32,6,64,70,102
05/07/2020,ISO,NC,ASO,EN,Federal Contract Tower,0,0,12,5,17,0,2,14,1,17,0,2,26,6,34,18,30,48,82
05/08/2020,ISO,NC,ASO,EN,Federal Contract Tower,0,0,15,6,21,0,0,9,0,9,0,0,24,6,30,0,39,39,69
05/09/2020,ISO,NC,ASO,EN,Federal Contract Tower,0,0,5,1,6,0,0,17,1,18,0,0,22,2,24,26,10,36,60
05/10/2020,ISO,NC,ASO,EN,Federal Contract Tower,0,0,8,0,8,0,0,22,0,22,0,0,30,0,30,20,0,20,50
05/11/2020,ISO,NC,ASO,EN,Federal Contract Tower,0,0,8,4,12,0,3,20,6,29,0,3,28,10,41,4,42,46,87
05/12/2020,ISO,NC,ASO,EN,Federal Contract Tower,0,1,22,5,28,0,0,47,3,50,0,1,69,8,78,8,76,84,162
05/13/2020,ISO,NC,ASO,EN,Federal Contract Tower,0,2,9,24,35,0,3,54,6,63,0,5,63,30,98,14,100,114,212
05/14/2020,ISO,NC,ASO,EN,Federal Contract Tower,0,0,7,9,16,0,1,5,7,13,0,1,12,16,29,0,38,38,67
05/15/2020,ISO,NC,ASO,EN,Federal Contract Tower,0,0,13,9,22,0,0,13,1,14,0,0,26,10,36,10,42,52,88
05/16/2020,ISO,NC,ASO,EN,Federal Contract Tower,0,0,12,0,12,0,0,4,0,4,0,0,16,0,16,6,0,6,22
05/17/2020,ISO,NC,ASO,EN,Federal Contract Tower,0,0,6,0,6,0,0,2,0,2,0,0,8,0,8,0,0,0,8
05/18/2020,ISO,NC,ASO,EN,Federal Contract Tower,0,0,6,0,6,0,0,0,0,0,0,0,6,0,6,0,0,0,6
05/19/2020,ISO,NC,ASO,EN,Federal Contract Tower,0,1,15,2,18,0,0,0,0,0,0,1,15,2,18,0,0,0,18
05/20/2020,ISO,NC,ASO,EN,Federal Contract Tower,0,0,11,0,11,0,0,0,0,0,0,0,11,0,11,0,0,0,11
05/21/2020,ISO,NC,ASO,EN,Federal Contract Tower,0,1,7,0,8,0,0,0,0,0,0,1,7,0,8,0,0,0,8
05/22/2020,ISO,NC,ASO,EN,Federal Contract Tower,0,0,7,2,9,0,0,4,0,4,0,0,11,2,13,2,0,2,15
05/23/2020,ISO,NC,ASO,EN,Federal Contract Tower,0,0,5,0,5,0,0,3,0,3,0,0,8,0,8,2,0,2,10
05/24/2020,ISO,NC,ASO,EN,Federal Contract Tower,0,2,15,1,18,0,0,15,0,15,0,2,30,1,33,27,0,27,60
05/25/2020,ISO,NC,ASO,EN,Federal Contract Tower,0,0,12,0,12,0,0,3,0,3,0,0,15,0,15,0,0,0,15
05/26/2020,ISO,NC,ASO,EN,Federal Contract Tower,0,0,12,1,13,0,0,0,1,1,0,0,12,2,14,0,0,0,14
05/27/2020,ISO,NC,ASO,EN,Federal Contract Tower,0,5,2,10,17,0,0,2,0,2,0,5,4,10,19,6,18,24,43
05/28/2020,ISO,NC,ASO,EN,Federal Contract Tower,0,0,8,8,16,0,0,0,0,0,0,0,8,8,16,10,24,34,50
05/29/2020,ISO,NC,ASO,EN,Federal Contract Tower,0,0,8,4,12,0,0,0,0,0,0,0,8,4,12,0,8,8,20
05/30/2020,ISO,NC,ASO,EN,Federal Contract Tower,0,1,3,0,4,0,0,2,0,2,0,1,5,0,6,6,0,6,12
05/31/2020,ISO,NC,ASO,EN,Federal Contract Tower,0,0,6,0,6,0,0,16,0,16,0,0,22,0,22,46,0,46,68
06/01/2020,ISO,NC,ASO,EN,Federal Contract Tower,0,0,15,0,15,0,0,9,0,9,0,0,24,0,24,2,4,6,30
06/02/2020,ISO,NC,ASO,EN,Federal Contract Tower,0,0,12,10,22,0,2,12,5,19,0,2,24,15,41,8,58,66,107
06/03/2020,ISO,NC,ASO,EN,Federal Contract Tower,0,2,4,30,36,0,3,1,4,8,0,5,5,34,44,4,108,112,156
06/04/2020,ISO,NC,ASO,EN,Federal Contract Tower,0,1,14,13,28,0,0,10,0,10,0,1,24,13,38,10,82,92,130
06/05/2020,ISO,NC,ASO,EN,Federal Contract Tower,0,0,6,6,12,0,0,1,2,3,0,0,7,8,15,6,38,44,59
06/06/2020,ISO,NC,ASO,EN,Federal Contract Tower,0,0,9,0,9,0,0,0,0,0,0,0,9,0,9,2,0,2,11
06/07/2020,ISO,NC,ASO,EN,Federal Contract Tower,0,0,6,0,6,0,0,2,0,2,0,0,8,0,8,4,0,4,12
06/08/2020,ISO,NC,ASO,EN,Federal Contract Tower,0,1,11,19,31,0,3,2,9,14,0,4,13,28,45,8,30,38,83
06/09/2020,ISO,NC,ASO,EN,Federal Contract Tower,0,0,10,1,11,0,0,3,1,4,0,0,13,2,15,0,14,14,29
06/10/2020,ISO,NC,ASO,EN,Federal Contract Tower,0,0,10,36,46,0,2,0,0,2,0,2,10,36,48,0,50,50,98
06/11/2020,ISO,NC,ASO,EN,Federal Contract Tower,0,1,10,2,13,0,0,0,0,0,0,1,10,2,13,0,0,0,13
06/12/2020,ISO,NC,ASO,EN,Federal Contract Tower,0,0,3,1,4,0,0,2,1,3,0,0,5,2,7,4,8,12,19
06/13/2020,ISO,NC,ASO,EN,Federal Contract Tower,0,0,7,0,7,0,0,4,0,4,0,0,11,0,11,6,0,6,17
06/14/2020,ISO,NC,ASO,EN,Federal Contract Tower,0,0,4,0,4,0,0,2,0,2,0,0,6,0,6,0,0,0,6
06/15/2020,ISO,NC,ASO,EN,Federal Contract Tower,0,0,6,0,6,0,0,0,0,0,0,0,6,0,6,0,0,0,6
06/16/2020,ISO,NC,ASO,EN,Federal Contract Tower,0,0,8,0,8,0,0,0,0,0,0,0,8,0,8,0,0,0,8
06/17/2020,ISO,NC,ASO,EN,Federal Contract Tower,0,0,14,8,22,0,0,1,3,4,0,0,15,11,26,0,58,58,84
06/18/2020,ISO,NC,ASO,EN,Federal Contract Tower,0,0,14,13,27,0,3,9,6,18,0,3,23,19,45,10,104,114,159
06/19/2020,ISO,NC,ASO,EN,Federal Contract Tower,0,0,10,12,22,0,3,0,0,3,0,3,10,12,25,0,14,14,39
06/20/2020,ISO,NC,ASO,EN,Federal Contract Tower,0,0,11,0,11,0,0,2,0,2,0,0,13,0,13,0,0,0,13
06/21/2020,ISO,NC,ASO,EN,Federal Contract Tower,0,0,1,0,1,0,0,13,0,13,0,0,14,0,14,8,0,8,22
06/22/2020,ISO,NC,ASO,EN,Federal Contract Tower,0,1,9,11,21,0,0,11,3,14,0,1,20,14,35,6,40,46,81
06/23/2020,ISO,NC,ASO,EN,Federal Contract Tower,0,1,17,7,25,0,6,10,5,21,0,7,27,12,46,4,46,50,96
06/24/2020,ISO,NC,ASO,EN,Federal Contract Tower,0,0,17,8,25,0,2,10,2,14,0,2,27,10,39,20,22,42,81
06/25/2020,ISO,NC,ASO,EN,Federal Contract Tower,0,2,11,4,17,0,0,2,0,2,0,2,13,4,19,4,0,4,23
06/26/2020,ISO,NC,ASO,EN,Federal Contract Tower,0,4,9,0,13,0,3,17,12,32,0,7,26,12,45,4,56,60,105
06/27/2020,ISO,NC,ASO,EN,Federal Contract Tower,0,0,10,0,10,0,0,6,0,6,0,0,16,0,16,8,6,14,30
06/28/2020,ISO,NC,ASO,EN,Federal Contract Tower,0,0,8,0,8,0,0,2,0,2,0,0,10,0,10,2,0,2,12
06/29/2020,ISO,NC,ASO,EN,Federal Contract Tower,0,2,7,9,18,0,1,22,8,31,0,3,29,17,49,46,36,82,131
06/30/2020,ISO,NC,ASO,EN,Federal Contract Tower,0,1,14,11,26,0,2,11,3,16,0,3,25,14,42,22,14,36,78
07/01/2020,ISO,NC,ASO,EN,Federal Contract Tower,0,0,5,22,27,0,0,6,2,8,0,0,11,24,35,0,22,22,57
07/02/2020,ISO,NC,ASO,EN,Federal Contract Tower,0,0,7,2,9,0,8,7,0,15,0,8,14,2,24,18,18,36,60
07/03/2020,ISO,NC,ASO,EN,Federal Contract Tower,0,0,9,2,11,0,0,17,0,17,0,0,26,2,28,40,0,40,68
07/04/2020,ISO,NC,ASO,EN,Federal Contract Tower,0,0,5,0,5,0,0,4,0,4,0,0,9,0,9,0,0,0,9
07/05/2020,ISO,NC,ASO,EN,Federal Contract Tower,0,0,0,1,1,0,0,0,0,0,0,0,0,1,1,14,0,14,15
07/06/2020,ISO,NC,ASO,EN,Federal Contract Tower,0,0,7,2,9,0,4,5,2,11,0,4,12,4,20,12,22,34,54
07/07/2020,ISO,NC,ASO,EN,Federal Contract Tower,0,1,5,1,7,0,0,2,3,5,0,1,7,4,12,4,24,28,40
07/08/2020,ISO,NC,ASO,EN,Federal Contract Tower,0,0,10,0,10,0,0,0,0,0,0,0,10,0,10,0,0,0,10
07/09/2020,ISO,NC,ASO,EN,Federal Contract Tower,0,0,2,18,20,0,0,0,4,4,0,0,2,22,24,0,18,18,42
07/10/2020,ISO,NC,ASO,EN,Federal Contract Tower,0,1,2,6,9,0,4,5,10,19,0,5,7,16,28,22,48,70,98
07/11/2020,ISO,NC,ASO,EN,Federal Contract Tower,0,0,5,0,5,0,0,8,0,8,0,0,13,0,13,27,0,27,40
07/12/2020,ISO,NC,ASO,EN,Federal Contract Tower,0,0,5,5,10,0,0,16,0,16,0,0,21,5,26,16,16,32,58
07/13/2020,ISO,NC,ASO,EN,Federal Contract Tower,1,2,4,14,21,0,0,7,7,14,1,2,11,21,35,14,24,38,73
07/14/2020,ISO,NC,ASO,EN,Federal Contract Tower,0,0,1,6,7,0,0,13,7,20,0,0,14,13,27,6,98,104,131
07/15/2020,ISO,NC,ASO,EN,Federal Contract Tower,0,2,2,22,26,0,3,10,6,19,0,5,12,28,45,10,68,78,123
07/16/2020,ISO,NC,ASO,EN,Federal Contract Tower,0,0,4,10,14,0,4,7,8,19,0,4,11,18,33,10,42,52,85
07/17/2020,ISO,NC,ASO,EN,Federal Contract Tower,0,3,10,4,17,0,0,6,2,8,0,3,16,6,25,8,58,66,91
07/18/2020,ISO,NC,ASO,EN,Federal Contract Tower,0,0,2,0,2,0,0,6,0,6,0,0,8,0,8,4,0,4,12
07/19/2020,ISO,NC,ASO,EN,Federal Contract Tower,0,0,2,0,2,0,0,9,0,9,0,0,11,0,11,30,0,30,41
07/20/2020,ISO,NC,ASO,EN,Federal Contract Tower,0,0,7,6,13,0,1,4,2,7,0,1,11,8,20,22,4,26,46
07/21/2020,ISO,NC,ASO,EN,Federal Contract Tower,0,1,2,15,18,0,7,9,6,22,0,8,11,21,40,28,68,96,136
07/22/2020,ISO,NC,ASO,EN,Federal Contract Tower,0,1,8,13,22,0,3,7,3,13,0,4,15,16,35,14,46,60,95
07/23/2020,ISO,NC,ASO,EN,Federal Contract Tower,0,0,4,21,25,0,11,5,1,17,0,11,9,22,42,0,16,16,58
07/24/2020,ISO,NC,ASO,EN,Federal Contract Tower,0,2,9,4,15,0,2,0,0,2,0,4,9,4,17,0,26,26,43
07/25/2020,ISO,NC,ASO,EN,Federal Contract Tower,0,0,5,0,5,0,2,3,0,5,0,2,8,0,10,0,0,0,10
07/26/2020,ISO,NC,ASO,EN,Federal Contract Tower,0,0,1,0,1,0,5,6,0,11,0,5,7,0,12,0,0,0,12
07/27/2020,ISO,NC,ASO,EN,Federal Contract Tower,0,0,8,26,34,0,7,10,7,24,0,7,18,33,58,22,36,58,116
07/28/2020,ISO,NC,ASO,EN,Federal Contract Tower,0,2,2,0,4,0,5,6,0,11,0,7,8,0,15,0,0,0,15
07/29/2020,ISO,NC,ASO,EN,Federal Contract Tower,0,3,4,12,19,0,3,0,2,5,0,6,4,14,24,0,24,24,48
07/30/2020,ISO,NC,ASO,EN,Federal Contract Tower,0,0,3,6,9,0,4,4,0,8,0,4,7,6,17,6,0,6,23
07/31/2020,ISO,NC,ASO,EN,Federal Contract Tower,0,0,15,0,15,0,3,0,0,3,0,3,15,0,18,4,0,4,22
08/01/2020,ISO,NC,ASO,EN,Federal Contract Tower,0,0,3,0,3,0,0,0,0,0,0,0,3,0,3,0,0,0,3
08/02/2020,ISO,NC,ASO,EN,Federal Contract Tower,0,0,1,0,1,0,0,1,0,1,0,0,2,0,2,4,0,4,6
08/03/2020,ISO,NC,ASO,EN,Federal Contract Tower,0,3,2,2,7,0,0,0,2,2,0,3,2,4,9,0,12,12,21
08/04/2020,ISO,NC,ASO,EN,Federal Contract Tower,0,1,5,0,6,0,0,0,0,0,0,1,5,0,6,0,0,0,6
08/05/2020,ISO,NC,ASO,EN,Federal Contract Tower,0,0,3,4,7,0,0,10,1,11,0,0,13,5,18,18,14,32,50
08/06/2020,ISO,NC,ASO,EN,Federal Contract Tower,0,3,15,1,19,0,0,2,7,9,0,3,17,8,28,0,38,38,66
08/07/2020,ISO,NC,ASO,EN,Federal Contract Tower,0,0,4,0,4,0,2,0,2,4,0,2,4,2,8,0,0,0,8
08/08/2020,ISO,NC,ASO,EN,Federal Contract Tower,0,0,2,0,2,0,0,7,0,7,0,0,9,0,9,6,0,6,15
08/09/2020,ISO,NC,ASO,EN,Federal Contract Tower,0,0,6,0,6,0,0,3,0,3,0,0,9,0,9,8,0,8,17
08/10/2020,ISO,NC,ASO,EN,Federal Contract Tower,0,0,4,7,11,0,2,2,3,7,0,2,6,10,18,14,4,18,36
08/11/2020,ISO,NC,ASO,EN,Federal Contract Tower,0,0,6,0,6,0,0,7,0,7,0,0,13,0,13,6,0,6,19
08/12/2020,ISO,NC,ASO,EN,Federal Contract Tower,0,0,7,1,8,0,5,10,1,16,0,5,17,2,24,2,0,2,26
08/13/2020,ISO,NC,ASO,EN,Federal Contract Tower,0,0,5,10,15,0,2,2,0,4,0,2,7,10,19,0,34,34,53
08/14/2020,ISO,NC,ASO,EN,Federal Contract Tower,0,2,8,2,12,0,3,10,0,13,0,5,18,2,25,10,0,10,35
08/15/2020,ISO,NC,ASO,EN,Federal Contract Tower,0,0,6,0,6,0,0,1,0,1,0,0,7,0,7,0,0,0,7
08/16/2020,ISO,NC,ASO,EN,Federal Contract Tower,0,0,5,0,5,0,0,0,0,0,0,0,5,0,5,0,0,0,5
08/17/2020,ISO,NC,ASO,EN,Federal Contract Tower,0,2,3,6,11,0,0,7,2,9,0,2,10,8,20,4,16,20,40
08/18/2020,ISO,NC,ASO,EN,Federal Contract Tower,0,2,9,10,21,0,1,21,7,29,0,3,30,17,50,64,46,110,160
08/19/2020,ISO,NC,ASO,EN,Federal Contract Tower,0,1,7,0,8,0,0,3,0,3,0,1,10,0,11,8,0,8,19
08/20/2020,ISO,NC,ASO,EN,Federal Contract Tower,0,0,4,7,11,0,0,0,0,0,0,0,4,7,11,0,10,10,21
08/21/2020,ISO,NC,ASO,EN,Federal Contract Tower,0,0,4,30,34,0,2,6,4,12,0,2,10,34,46,16,131,147,193
08/22/2020,ISO,NC,ASO,EN,Federal Contract Tower,0,0,6,0,6,0,0,0,0,0,0,0,6,0,6,0,0,0,6
08/23/2020,ISO,NC,ASO,EN,Federal Contract Tower,0,0,7,0,7,0,0,5,0,5,0,0,12,0,12,42,0,42,54
08/24/2020,ISO,NC,ASO,EN,Federal Contract Tower,0,0,8,10,18,0,0,4,0,4,0,0,12,10,22,6,22,28,50
08/25/2020,ISO,NC,ASO,EN,Federal Contract Tower,0,4,2,16,22,0,6,2,0,8,0,10,4,16,30,24,38,62,92
08/26/2020,ISO,NC,ASO,EN,Federal Contract Tower,0,0,3,9,12,0,3,14,0,17,0,3,17,9,29,10,50,60,89
08/27/2020,ISO,NC,ASO,EN,Federal Contract Tower,0,2,8,11,21,0,3,9,2,14,0,5,17,13,35,0,4,4,39
08/28/2020,ISO,NC,ASO,EN,Federal Contract Tower,1,0,2,4,7,0,4,8,4,16,1,4,10,8,23,24,44,68,91
08/29/2020,ISO,NC,ASO,EN,Federal Contract Tower,0,1,5,2,8,0,0,0,0,0,0,1,5,2,8,4,0,4,12
08/30/2020,ISO,NC,ASO,EN,Federal Contract Tower,0,0,3,2,5,0,0,1,0,1,0,0,4,2,6,12,0,12,18
08/31/2020,ISO,NC,ASO,EN,Federal Contract Tower,0,0,15,24,39,0,4,8,5,17,0,4,23,29,56,8,34,42,98
09/01/2020,ISO,NC,ASO,EN,Federal Contract Tower,0,0,8,30,38,0,0,4,12,16,0,0,12,42,54,0,48,48,102
09/02/2020,ISO,NC,ASO,EN,Federal Contract Tower,0,0,11,20,31,0,6,9,2,17,0,6,20,22,48,36,36,72,120
09/03/2020,ISO,NC,ASO,EN,Federal Contract Tower,0,0,9,13,22,0,19,8,4,31,0,19,17,17,53,0,5,5,58
09/04/2020,ISO,NC,ASO,EN,Federal Contract Tower,0,0,6,6,12,0,1,13,0,14,0,1,19,6,26,50,16,66,92
09/05/2020,ISO,NC,ASO,EN,Federal Contract Tower,0,0,2,0,2,0,0,8,0,8,0,0,10,0,10,12,0,12,22
09/06/2020,ISO,NC,ASO,EN,Federal Contract Tower,0,0,0,0,0,0,0,1,0,1,0,0,1,0,1,22,0,22,23
09/07/2020,ISO,NC,ASO,EN,Federal Contract Tower,0,0,5,0,5,0,0,10,0,10,0,0,15,0,15,12,0,12,27
09/08/2020,ISO,NC,ASO,EN,Federal Contract Tower,0,0,11,4,15,0,0,1,2,3,0,0,12,6,18,0,0,0,18
09/09/2020,ISO,NC,ASO,EN,Federal Contract Tower,0,0,6,14,20,0,0,0,0,0,0,0,6,14,20,0,0,0,20
09/10/2020,ISO,NC,ASO,EN,Federal Contract Tower,0,7,9,3,19,0,0,4,1,5,0,7,13,4,24,0,0,0,24
09/11/2020,ISO,NC,ASO,EN,Federal Contract Tower,0,0,6,12,18,0,0,0,4,4,0,0,6,16,22,0,26,26,48
09/12/2020,ISO,NC,ASO,EN,Federal Contract Tower,0,0,6,4,10,0,0,1,2,3,0,0,7,6,13,0,18,18,31
09/13/2020,ISO,NC,ASO,EN,Federal Contract Tower,0,0,5,0,5,0,0,9,0,9,0,0,14,0,14,14,24,38,52
09/14/2020,ISO,NC,ASO,EN,Federal Contract Tower,0,1,12,24,37,0,0,0,0,0,0,1,12,24,37,6,0,6,43
09/15/2020,ISO,NC,ASO,EN,Federal Contract Tower,0,1,11,19,31,0,21,3,2,26,0,22,14,21,57,66,18,84,141
09/16/2020,ISO,NC,ASO,EN,Federal Contract Tower,0,1,12,13,26,0,4,9,1,14,0,5,21,14,40,48,8,56,96
09/17/2020,ISO,NC,ASO,EN,Federal Contract Tower,0,0,3,0,3,0,0,0,0,0,0,0,3,0,3,0,0,0,3
09/18/2020,ISO,NC,ASO,EN,Federal Contract Tower,0,2,9,1,12,0,0,0,0,0,0,2,9,1,12,0,0,0,12
09/19/2020,ISO,NC,ASO,EN,Federal Contract Tower,0,0,15,2,17,0,0,4,2,6,0,0,19,4,23,6,32,38,61
09/20/2020,ISO,NC,ASO,EN,Federal Contract Tower,0,0,6,0,6,0,0,3,0,3,0,0,9,0,9,12,0,12,21
09/21/2020,ISO,NC,ASO,EN,Federal Contract Tower,0,0,18,11,29,0,3,9,3,15,0,3,27,14,44,12,40,52,96
09/22/2020,ISO,NC,ASO,EN,Federal Contract Tower,0,0,9,11,20,0,7,12,8,27,0,7,21,19,47,24,30,54,101
09/23/2020,ISO,NC,ASO,EN,Federal Contract Tower,0,0,5,8,13,0,33,9,12,54,0,33,14,20,67,14,60,74,141
09/24/2020,ISO,NC,ASO,EN,Federal Contract Tower,0,0,9,11,20,0,0,13,10,23,0,0,22,21,43,14,96,110,153
09/25/2020,ISO,NC,ASO,EN,Federal Contract Tower,0,0,7,1,8,0,0,0,0,0,0,0,7,1,8,0,0,0,8
09/26/2020,ISO,NC,ASO,EN,Federal Contract Tower,0,0,4,0,4,0,0,2,0,2,0,0,6,0,6,0,0,0,6
09/27/2020,ISO,NC,ASO,EN,Federal Contract Tower,0,0,8,1,9,0,0,3,0,3,0,0,11,1,12,2,0,2,14
09/28/2020,ISO,NC,ASO,EN,Federal Contract Tower,0,2,9,11,22,0,1,3,11,15,0,3,12,22,37,10,38,48,85
09/29/2020,ISO,NC,ASO,EN,Federal Contract Tower,0,1,3,8,12,0,2,3,4,9,0,3,6,12,21,0,4,4,25
09/30/2020,ISO,NC,ASO,EN,Federal Contract Tower,2,1,7,8,18,0,26,12,4,42,2,27,19,12,60,4,18,22,82
10/01/2020,ISO,NC,ASO,EN,Federal Contract Tower,0,2,7,20,29,0,2,16,13,31,0,4,23,33,60,10,88,98,158
10/02/2020,ISO,NC,ASO,EN,Federal Contract Tower,0,1,9,22,32,0,6,5,5,16,0,7,14,27,48,18,66,84,132
10/03/2020,ISO,NC,ASO,EN,Federal Contract Tower,0,0,2,2,4,0,0,10,2,12,0,0,12,4,16,14,24,38,54
10/04/2020,ISO,NC,ASO,EN,Federal Contract Tower,0,0,6,12,18,0,0,10,0,10,0,0,16,12,28,26,0,26,54
10/05/2020,ISO,NC,ASO,EN,Federal Contract Tower,0,1,10,13,24,0,0,16,4,20,0,1,26,17,44,16,66,82,126
10/06/2020,ISO,NC,ASO,EN,Federal Contract Tower,0,0,9,17,26,0,2,11,6,19,0,2,20,23,45,8,101,109,154
10/07/2020,ISO,NC,ASO,EN,Federal Contract Tower,0,1,7,13,21,0,4,12,3,19,0,5,19,16,40,38,60,98,138
10/08/2020,ISO,NC,ASO,EN,Federal Contract Tower,0,3,15,22,40,0,3,16,8,27,0,6,31,30,67,52,92,144,211
10/09/2020,ISO,NC,ASO,EN,Federal Contract Tower,0,4,6,9,19,0,2,11,2,15,0,6,17,11,34,14,60,74,108
10/10/2020,ISO,NC,ASO,EN,Federal Contract Tower,0,0,5,5,10,0,0,2,2,4,0,0,7,7,14,0,46,46,60
10/11/2020,ISO,NC,ASO,EN,Federal Contract Tower,0,0,5,0,5,0,0,0,0,0,0,0,5,0,5,0,0,0,5
10/12/2020,ISO,NC,ASO,EN,Federal Contract Tower,0,0,13,4,17,0,0,1,0,1,0,0,14,4,18,4,24,28,46
10/13/2020,ISO,NC,ASO,EN,Federal Contract Tower,0,0,10,13,23,0,4,7,3,14,0,4,17,16,37,8,80,88,125
10/14/2020,ISO,NC,ASO,EN,Federal Contract Tower,0,0,7,56,63,0,30,12,7,49,0,30,19,63,112,56,110,166,278
10/15/2020,ISO,NC,ASO,EN,Federal Contract Tower,0,0,7,25,32,0,1,9,2,12,0,1,16,27,44,44,36,80,124
10/16/2020,ISO,NC,ASO,EN,Federal Contract Tower,0,0,4,23,27,0,2,0,0,2,0,2,4,23,29,0,22,22,51
10/17/2020,ISO,NC,ASO,EN,Federal Contract Tower,0,1,12,4,17,0,0,8,2,10,0,1,20,6,27,0,32,32,59
10/18/2020,ISO,NC,ASO,EN,Federal Contract Tower,0,0,8,5,13,0,0,23,2,25,0,0,31,7,38,34,20,54,92
10/19/2020,ISO,NC,ASO,EN,Federal Contract Tower,0,1,2,9,12,0,1,6,1,8,0,2,8,10,20,4,76,80,100
10/20/2020,ISO,NC,ASO,EN,Federal Contract Tower,0,0,8,9,17,0,3,5,3,11,0,3,13,12,28,16,20,36,64
10/21/2020,ISO,NC,ASO,EN,Federal Contract Tower,0,0,17,28,45,0,2,3,5,10,0,2,20,33,55,10,96,106,161
10/22/2020,ISO,NC,ASO,EN,Federal Contract Tower,0,0,17,12,29,0,2,10,2,14,0,2,27,14,43,38,44,82,125
10/23/2020,ISO,NC,ASO,EN,Federal Contract Tower,0,0,4,23,27,0,5,10,11,26,0,5,14,34,53,15,76,91,144
10/24/2020,ISO,NC,ASO,EN,Federal Contract Tower,0,0,3,3,6,0,0,9,0,9,0,0,12,3,15,42,0,42,57
10/25/2020,ISO,NC,ASO,EN,Federal Contract Tower,0,0,0,3,3,0,0,0,0,0,0,0,0,3,3,0,0,0,3
10/26/2020,ISO,NC,ASO,EN,Federal Contract Tower,0,1,2,5,8,0,4,6,1,11,0,5,8,6,19,24,10,34,53
10/27/2020,ISO,NC,ASO,EN,Federal Contract Tower,0,0,6,11,17,0,6,3,1,10,0,6,9,12,27,10,18,28,55
10/28/2020,ISO,NC,ASO,EN,Federal Contract Tower,0,2,8,4,14,0,2,7,0,9,0,4,15,4,23,12,32,44,67
10/29/2020,ISO,NC,ASO,EN,Federal Contract Tower,0,0,5,2,7,0,2,2,4,8,0,2,7,6,15,2,50,52,67
10/30/2020,ISO,NC,ASO,EN,Federal Contract Tower,0,1,10,11,22,0,4,2,2,8,0,5,12,13,30,4,34,38,68
10/31/2020,ISO,NC,ASO,EN,Federal Contract Tower,0,0,12,0,12,0,0,29,0,29,0,0,41,0,41,58,0,58,99
11/01/2020,ISO,NC,ASO,EN,Federal Contract Tower,0,0,8,1,9,0,0,3,1,4,0,0,11,2,13,0,0,0,13
11/02/2020,ISO,NC,ASO,EN,Federal Contract Tower,0,0,4,19,23,0,2,7,7,16,0,2,11,26,39,18,24,42,81
11/03/2020,ISO,NC,ASO,EN,Federal Contract Tower,0,0,6,17,23,0,9,13,8,30,0,9,19,25,53,28,92,120,173
11/04/2020,ISO,NC,ASO,EN,Federal Contract Tower,0,0,11,12,23,0,2,9,10,21,0,2,20,22,44,8,50,58,102
11/05/2020,ISO,NC,ASO,EN,Federal Contract Tower,0,0,6,17,23,0,4,11,10,25,0,4,17,27,48,24,69,93,141
11/06/2020,ISO,NC,ASO,EN,Federal Contract Tower,0,0,3,7,10,0,0,0,3,3,0,0,3,10,13,4,16,20,33
11/07/2020,ISO,NC,ASO,EN,Federal Contract Tower,0,0,5,4,9,0,3,11,0,14,0,3,16,4,23,26,0,26,49
11/08/2020,ISO,NC,ASO,EN,Federal Contract Tower,0,0,6,0,6,0,0,12,0,12,0,0,18,0,18,12,0,12,30
11/09/2020,ISO,NC,ASO,EN,Federal Contract Tower,0,1,14,5,20,0,4,10,4,18,0,5,24,9,38,6,28,34,72
11/10/2020,ISO,NC,ASO,EN,Federal Contract Tower,0,2,1,23,26,0,4,2,8,14,0,6,3,31,40,6,20,26,66
11/11/2020,ISO,NC,ASO,EN,Federal Contract Tower,0,6,12,0,18,0,0,0,0,0,0,6,12,0,18,2,0,2,20
11/12/2020,ISO,NC,ASO,EN,Federal Contract Tower,0,1,4,0,5,0,0,0,0,0,0,1,4,0,5,0,0,0,5
11/13/2020,ISO,NC,ASO,EN,Federal Contract Tower,0,0,14,6,20,0,0,0,0,0,0,0,14,6,20,0,0,0,20
11/14/2020,ISO,NC,ASO,EN,Federal Contract Tower,0,0,11,0,11,0,0,10,0,10,0,0,21,0,21,26,0,26,47
11/16/2020,ISO,NC,ASO,EN,Federal Contract Tower,0,1,6,13,20,0,2,5,8,15,0,3,11,21,35,6,16,22,57
11/17/2020,ISO,NC,ASO,EN,Federal Contract Tower,0,0,5,10,15,0,4,1,8,13,0,4,6,18,28,8,40,48,76
11/18/2020,ISO,NC,ASO,EN,Federal Contract Tower,0,4,4,4,12,0,3,4,6,13,0,7,8,10,25,10,20,30,55
11/19/2020,ISO,NC,ASO,EN,Federal Contract Tower,0,2,8,19,29,0,8,6,3,17,0,10,14,22,46,24,22,46,92
11/20/2020,ISO,NC,ASO,EN,Federal Contract Tower,0,1,11,11,23,0,4,18,6,28,0,5,29,17,51,40,46,86,137
11/21/2020,ISO,NC,ASO,EN,Federal Contract Tower,0,1,6,10,17,0,2,15,4,21,0,3,21,14,38,36,70,106,144
11/22/2020,ISO,NC,ASO,EN,Federal Contract Tower,0,0,7,4,11,0,0,8,0,8,0,0,15,4,19,26,8,34,53
11/23/2020,ISO,NC,ASO,EN,Federal Contract Tower,0,1,4,11,16,1,5,5,12,23,1,6,9,23,39,14,56,70,109
11/24/2020,ISO,NC,ASO,EN,Federal Contract Tower,0,0,9,9,18,0,11,14,11,36,0,11,23,20,54,42,18,60,114
11/25/2020,ISO,NC,ASO,EN,Federal Contract Tower,0,0,4,10,14,0,1,14,0,15,0,1,18,10,29,10,0,10,39
11/26/2020,ISO,NC,ASO,EN,Federal Contract Tower,0,0,2,0,2,0,0,2,0,2,0,0,4,0,4,0,0,0,4
11/27/2020,ISO,NC,ASO,EN,Federal Contract Tower,0,1,8,0,9,0,0,0,0,0,0,1,8,0,9,0,0,0,9
11/28/2020,ISO,NC,ASO,EN,Federal Contract Tower,0,0,6,0,6,0,0,0,0,0,0,0,6,0,6,20,0,20,26
11/29/2020,ISO,NC,ASO,EN,Federal Contract Tower,0,0,8,0,8,0,0,2,0,2,0,0,10,0,10,8,0,8,18
11/30/2020,ISO,NC,ASO,EN,Federal Contract Tower,0,0,10,7,17,0,0,2,5,7,0,0,12,12,24,0,36,36,60
12/01/2020,ISO,NC,ASO,EN,Federal Contract Tower,0,7,9,29,45,0,3,4,16,23,0,10,13,45,68,0,64,64,132
12/02/2020,ISO,NC,ASO,EN,Federal Contract Tower,0,0,5,27,32,0,4,11,5,20,0,4,16,32,52,8,34,42,94
12/03/2020,ISO,NC,ASO,EN,Federal Contract Tower,0,0,5,17,22,0,4,17,10,31,0,4,22,27,53,12,37,49,102
12/04/2020,ISO,NC,ASO,EN,Federal Contract Tower,0,0,8,10,18,0,2,0,6,8,0,2,8,16,26,0,54,54,80
12/05/2020,ISO,NC,ASO,EN,Federal Contract Tower,0,0,6,0,6,0,0,3,2,5,0,0,9,2,11,0,12,12,23
12/06/2020,ISO,NC,ASO,EN,Federal Contract Tower,0,0,3,0,3,0,1,19,2,22,0,1,22,2,25,40,42,82,107
12/07/2020,ISO,NC,ASO,EN,Federal Contract Tower,0,0,7,6,13,0,0,0,0,0,0,0,7,6,13,0,0,0,13
12/08/2020,ISO,NC,ASO,EN,Federal Contract Tower,0,0,4,11,15,0,3,10,11,24,0,3,14,22,39,4,20,24,63
12/09/2020,ISO,NC,ASO,EN,Federal Contract Tower,0,0,5,11,16,0,4,10,3,17,0,4,15,14,33,28,78,106,139
12/10/2020,ISO,NC,ASO,EN,Federal Contract Tower,0,0,5,14,19,0,8,8,7,23,0,8,13,21,42,0,106,106,148
12/11/2020,ISO,NC,ASO,EN,Federal Contract Tower,0,0,12,19,31,0,2,4,7,13,0,2,16,26,44,10,70,80,124
12/12/2020,ISO,NC,ASO,EN,Federal Contract Tower,0,2,6,0,8,0,0,8,0,8,0,2,14,0,16,58,0,58,74
12/13/2020,ISO,NC,ASO,EN,Federal Contract Tower,0,0,6,0,6,0,0,0,0,0,0,0,6,0,6,0,0,0,6
12/14/2020,ISO,NC,ASO,EN,Federal Contract Tower,0,0,2,4,6,0,0,1,0,1,0,0,3,4,7,0,0,0,7
12/15/2020,ISO,NC,ASO,EN,Federal Contract Tower,0,0,9,9,18,0,3,10,7,20,0,3,19,16,38,10,70,80,118
12/16/2020,ISO,NC,ASO,EN,Federal Contract Tower,0,0,7,0,7,0,0,0,0,0,0,0,7,0,7,0,0,0,7
12/17/2020,ISO,NC,ASO,EN,Federal Contract Tower,0,0,14,18,32,0,0,1,2,3,0,0,15,20,35,0,46,46,81
12/18/2020,ISO,NC,ASO,EN,Federal Contract Tower,0,0,11,13,24,0,0,8,3,11,0,0,19,16,35,6,28,34,69
12/19/2020,ISO,NC,ASO,EN,Federal Contract Tower,0,0,10,0,10,0,0,11,0,11,0,0,21,0,21,16,0,16,37
12/20/2020,ISO,NC,ASO,EN,Federal Contract Tower,0,0,0,4,4,0,0,0,0,0,0,0,0,4,4,0,0,0,4
12/21/2020,ISO,NC,ASO,EN,Federal Contract Tower,0,0,6,21,27,0,0,5,4,9,0,0,11,25,36,10,12,22,58
12/22/2020,ISO,NC,ASO,EN,Federal Contract Tower,0,0,6,7,13,0,2,7,7,16,0,2,13,14,29,22,36,58,87
12/23/2020,ISO,NC,ASO,EN,Federal Contract Tower,0,0,10,20,30,0,1,12,3,16,0,1,22,23,46,14,40,54,100
12/24/2020,ISO,NC,ASO,EN,Federal Contract Tower,0,1,6,0,7,0,0,2,0,2,0,1,8,0,9,0,0,0,9
12/25/2020,ISO,NC,ASO,EN,Federal Contract Tower,0,0,10,0,10,0,0,0,0,0,0,0,10,0,10,0,0,0,10
12/26/2020,ISO,NC,ASO,EN,Federal Contract Tower,0,0,6,0,6,0,0,4,0,4,0,0,10,0,10,6,0,6,16
12/27/2020,ISO,NC,ASO,EN,Federal Contract Tower,0,0,6,0,6,0,0,6,0,6,0,0,12,0,12,6,0,6,18
12/28/2020,ISO,NC,ASO,EN,Federal Contract Tower,0,0,4,18,22,0,0,3,6,9,0,0,7,24,31,16,30,46,77
12/29/2020,ISO,NC,ASO,EN,Federal Contract Tower,0,0,8,12,20,0,0,11,4,15,0,0,19,16,35,6,18,24,59
12/30/2020,ISO,NC,ASO,EN,Federal Contract Tower,0,0,5,0,5,0,0,8,0,8,0,0,13,0,13,18,0,18,31
12/31/2020,ISO,NC,ASO,EN,Federal Contract Tower,0,0,4,0,4,0,0,0,0,0,0,0,4,0,4,0,0,0,4
01/01/2021,ISO,NC,ASO,EN,Federal Contract Tower,0,0,1,0,1,0,0,0,0,0,0,0,1,0,1,0,0,0,1
01/02/2021,ISO,NC,ASO,EN,Federal Contract Tower,0,0,8,0,8,0,0,0,0,0,0,0,8,0,8,0,0,0,8
01/03/2021,ISO,NC,ASO,EN,Federal Contract Tower,0,0,5,0,5,0,0,0,0,0,0,0,5,0,5,0,0,0,5
01/04/2021,ISO,NC,ASO,EN,Federal Contract Tower,0,0,8,14,22,0,2,8,6,16,0,2,16,20,38,12,36,48,86
01/05/2021,ISO,NC,ASO,EN,Federal Contract Tower,0,2,8,8,18,0,2,5,0,7,0,4,13,8,25,14,44,58,83
01/06/2021,ISO,NC,ASO,EN,Federal Contract Tower,0,0,7,25,32,0,6,12,6,24,0,6,19,31,56,16,80,96,152
01/07/2021,ISO,NC,ASO,EN,Federal Contract Tower,0,0,6,6,12,0,3,15,2,20,0,3,21,8,32,30,32,62,94
01/08/2021,ISO,NC,ASO,EN,Federal Contract Tower,0,0,6,0,6,0,3,8,0,11,0,3,14,0,17,18,14,32,49
01/09/2021,ISO,NC,ASO,EN,Federal Contract Tower,0,0,9,1,10,0,0,14,1,15,0,0,23,2,25,40,10,50,75
01/10/2021,ISO,NC,ASO,EN,Federal Contract Tower,0,0,13,2,15,0,0,15,1,16,0,0,28,3,31,62,38,100,131
01/11/2021,ISO,NC,ASO,EN,Federal Contract Tower,0,0,3,13,16,0,6,5,4,15,0,6,8,17,31,22,48,70,101
01/12/2021,ISO,NC,ASO,EN,Federal Contract Tower,0,0,3,2,5,0,0,4,0,4,0,0,7,2,9,4,0,4,13
01/13/2021,ISO,NC,ASO,EN,Federal Contract Tower,0,0,6,7,13,0,4,17,4,25,0,4,23,11,38,58,18,76,114
01/14/2021,ISO,NC,ASO,EN,Federal Contract Tower,0,0,13,2,15,0,0,1,0,1,0,0,14,2,16,0,0,0,16
01/15/2021,ISO,NC,ASO,EN,Federal Contract Tower,1,0,10,10,21,0,4,3,5,12,1,4,13,15,33,0,56,56,89
01/16/2021,ISO,NC,ASO,EN,Federal Contract Tower,0,0,4,0,4,0,0,0,0,0,0,0,4,0,4,6,0,6,10
01/17/2021,ISO,NC,ASO,EN,Federal Contract Tower,0,0,10,0,10,0,0,10,0,10,0,0,20,0,20,20,0,20,40
01/18/2021,ISO,NC,ASO,EN,Federal Contract Tower,0,4,12,0,16,0,0,3,0,3,0,4,15,0,19,2,0,2,21
01/19/2021,ISO,NC,ASO,EN,Federal Contract Tower,0,2,9,6,17,0,4,20,2,26,0,6,29,8,43,26,36,62,105
01/20/2021,ISO,NC,ASO,EN,Federal Contract Tower,0,0,2,16,18,0,5,9,0,14,0,5,11,16,32,0,30,30,62
01/21/2021,ISO,NC,ASO,EN,Federal Contract Tower,0,0,5,6,11,0,5,10,11,26,0,5,15,17,37,22,114,136,173
01/22/2021,ISO,NC,ASO,EN,Federal Contract Tower,0,0,9,7,16,0,8,18,7,33,0,8,27,14,49,66,100,166,215
01/23/2021,ISO,NC,ASO,EN,Federal Contract Tower,0,0,2,0,2,0,0,2,0,2,0,0,4,0,4,24,0,24,28
01/24/2021,ISO,NC,ASO,EN,Federal Contract Tower,0,0,7,0,7,0,0,9,0,9,0,0,16,0,16,50,0,50,66
01/25/2021,ISO,NC,ASO,EN,Federal Contract Tower,0,0,3,0,3,0,0,0,0,0,0,0,3,0,3,0,0,0,3
01/26/2021,ISO,NC,ASO,EN,Federal Contract Tower,0,0,4,0,4,0,0,0,0,0,0,0,4,0,4,0,0,0,4
01/27/2021,ISO,NC,ASO,EN,Federal Contract Tower,0,0,8,4,12,0,0,1,2,3,0,0,9,6,15,0,14,14,29
01/28/2021,ISO,NC,ASO,EN,Federal Contract Tower,0,2,6,2,10,0,0,0,0,0,0,2,6,2,10,0,0,0,10
01/29/2021,ISO,NC,ASO,EN,Federal Contract Tower,0,0,8,18,26,0,2,6,9,17,0,2,14,27,43,20,34,54,97
01/30/2021,ISO,NC,ASO,EN,Federal Contract Tower,0,0,13,4,17,0,0,28,2,30,0,0,41,6,47,30,20,50,97
01/31/2021,ISO,NC,ASO,EN,Federal Contract Tower,0,0,2,0,2,0,0,0,0,0,0,0,2,0,2,0,0,0,2
02/01/2021,ISO,NC,ASO,EN,Federal Contract Tower,0,0,5,5,10,0,0,0,0,0,0,0,5,5,10,0,0,0,10
02/02/2021,ISO,NC,ASO,EN,Federal Contract Tower,0,0,4,4,8,0,4,0,2,6,0,4,4,6,14,8,0,8,22
02/03/2021,ISO,NC,ASO,EN,Federal Contract Tower,0,3,7,24,34,0,8,6,7,21,0,11,13,31,55,54,64,118,173
02/04/2021,ISO,NC,ASO,EN,Federal Contract Tower,0,0,10,18,28,0,4,6,2,12,0,4,16,20,40,4,88,92,132
02/06/2021,ISO,NC,ASO,EN,Federal Contract Tower,0,0,9,2,11,0,0,16,0,16,0,0,25,2,27,76,22,98,125
02/07/2021,ISO,NC,ASO,EN,Federal Contract Tower,0,0,6,1,7,0,0,0,0,0,0,0,6,1,7,0,0,0,7
02/08/2021,ISO,NC,ASO,EN,Federal Contract Tower,0,1,9,11,21,0,1,5,7,13,0,2,14,18,34,12,50,62,96
02/09/2021,ISO,NC,ASO,EN,Federal Contract Tower,0,1,12,13,26,0,2,18,15,35,0,3,30,28,61,20,92,112,173
02/10/2021,ISO,NC,ASO,EN,Federal Contract Tower,0,0,13,17,30,0,4,9,6,19,0,4,22,23,49,20,62,82,131
02/11/2021,ISO,NC,ASO,EN,Federal Contract Tower,0,0,14,3,17,0,0,0,0,0,0,0,14,3,17,4,0,4,21
02/12/2021,ISO,NC,ASO,EN,Federal Contract Tower,0,0,8,2,10,0,0,0,0,0,0,0,8,2,10,0,0,0,10
02/13/2021,ISO,NC,ASO,EN,Federal Contract Tower,0,2,6,0,8,0,0,0,0,0,0,2,6,0,8,0,0,0,8
02/14/2021,ISO,NC,ASO,EN,Federal Contract Tower,0,0,2,0,2,0,0,0,0,0,0,0,2,0,2,0,0,0,2
02/15/2021,ISO,NC,ASO,EN,Federal Contract Tower,0,0,9,0,9,0,0,0,0,0,0,0,9,0,9,0,0,0,9
02/16/2021,ISO,NC,ASO,EN,Federal Contract Tower,0,3,4,31,38,0,2,5,2,9,0,5,9,33,47,6,30,36,83
02/17/2021,ISO,NC,ASO,EN,Federal Contract Tower,0,1,15,16,32,0,6,8,3,17,0,7,23,19,49,24,64,88,137
02/18/2021,ISO,NC,ASO,EN,Federal Contract Tower,0,0,4,0,4,0,0,0,0,0,0,0,4,0,4,0,0,0,4
02/19/2021,ISO,NC,ASO,EN,Federal Contract Tower,0,0,9,0,9,0,0,0,0,0,0,0,9,0,9,0,0,0,9
02/20/2021,ISO,NC,ASO,EN,Federal Contract Tower,0,0,7,0,7,0,0,1,0,1,0,0,8,0,8,0,0,0,8
02/21/2021,ISO,NC,ASO,EN,Federal Contract Tower,0,0,17,0,17,0,0,18,0,18,0,0,35,0,35,68,0,68,103
02/22/2021,ISO,NC,ASO,EN,Federal Contract Tower,0,0,13,22,35,0,0,2,8,10,0,0,15,30,45,0,34,34,79
02/23/2021,ISO,NC,ASO,EN,Federal Contract Tower,0,0,7,37,44,0,8,12,17,37,0,8,19,54,81,32,92,124,205
02/24/2021,ISO,NC,ASO,EN,Federal Contract Tower,0,0,7,29,36,0,12,12,5,29,0,12,19,34,65,30,94,124,189
02/25/2021,ISO,NC,ASO,EN,Federal Contract Tower,0,2,2,24,28,0,4,13,8,25,0,6,15,32,53,34,50,84,137
02/26/2021,ISO,NC,ASO,EN,Federal Contract Tower,0,0,6,12,18,0,2,2,11,15,0,2,8,23,33,0,28,28,61
02/27/2021,ISO,NC,ASO,EN,Federal Contract Tower,1,0,5,2,8,0,5,1,2,8,1,5,6,4,16,20,6,26,42
02/28/2021,ISO,NC,ASO,EN,Federal Contract Tower,1,0,12,2,15,0,2,7,1,10,1,2,19,3,25,28,0,28,53
03/01/2021,ISO,NC,ASO,EN,Federal Contract Tower,0,1,4,24,29,0,3,4,17,24,0,4,8,41,53,16,120,136,189
03/02/2021,ISO,NC,ASO,EN,Federal Contract Tower,0,1,10,18,29,0,13,16,10,39,0,14,26,28,68,34,118,152,220
03/03/2021,ISO,NC,ASO,EN,Federal Contract Tower,0,2,7,11,20,0,4,8,6,18,0,6,15,17,38,36,90,126,164
03/04/2021,ISO,NC,ASO,EN,Federal Contract Tower,0,0,13,17,30,0,6,20,17,43,0,6,33,34,73,10,44,54,127
03/05/2021,ISO,NC,ASO,EN,Federal Contract Tower,0,4,11,4,19,0,17,19,6,42,0,21,30,10,61,34,22,56,117
03/06/2021,ISO,NC,ASO,EN,Federal Contract Tower,0,0,7,0,7,0,2,10,0,12,0,2,17,0,19,6,0,6,25
03/07/2021,ISO,NC,ASO,EN,Federal Contract Tower,0,0,9,0,9,0,6,26,0,32,0,6,35,0,41,20,0,20,61
03/08/2021,ISO,NC,ASO,EN,Federal Contract Tower,0,1,8,16,25,0,17,24,4,45,0,18,32,20,70,56,26,82,152
03/09/2021,ISO,NC,ASO,EN,Federal Contract Tower,0,0,11,24,35,0,13,16,9,38,0,13,27,33,73,16,26,42,115
03/10/2021,ISO,NC,ASO,EN,Federal Contract Tower,0,3,9,4,16,0,13,11,7,31,0,16,20,11,47,8,72,80,127
03/11/2021,ISO,NC,ASO,EN,Federal Contract Tower,0,1,1,16,18,0,19,13,14,46,0,20,14,30,64,26,50,76,140
03/12/2021,ISO,NC,ASO,EN,Federal Contract Tower,0,0,10,6,16,0,18,9,5,32,0,18,19,11,48,12,38,50,98
03/13/2021,ISO,NC,ASO,EN,Federal Contract Tower,0,0,6,7,13,0,11,12,2,25,0,11,18,9,38,68,44,112,150
03/14/2021,ISO,NC,ASO,EN,Federal Contract Tower,0,0,8,0,8,0,5,23,0,28,0,5,31,0,36,64,10,74,110
03/15/2021,ISO,NC,ASO,EN,Federal Contract Tower,0,2,6,10,18,0,7,8,6,21,0,9,14,16,39,18,46,64,103
03/16/2021,ISO,NC,ASO,EN,Federal Contract Tower,0,0,5,2,7,0,0,0,0,0,0,0,5,2,7,0,0,0,7
03/17/2021,ISO,NC,ASO,EN,Federal Contract Tower,0,3,2,17,22,0,0,0,0,0,0,3,2,17,22,0,0,0,22
03/18/2021,ISO,NC,ASO,EN,Federal Contract Tower,0,2,1,0,3,0,0,0,0,0,0,2,1,0,3,0,0,0,3
03/19/2021,ISO,NC,ASO,EN,Federal Contract Tower,0,0,10,7,17,0,0,0,0,0,0,0,10,7,17,0,0,0,17
03/20/2021,ISO,NC,ASO,EN,Federal Contract Tower,0,0,2,2,4,0,0,3,0,3,0,0,5,2,7,17,0,17,24
03/21/2021,ISO,NC,ASO,EN,Federal Contract Tower,0,0,2,0,2,0,0,0,0,0,0,0,2,0,2,0,0,0,2
03/22/2021,ISO,NC,ASO,EN,Federal Contract Tower,0,1,7,7,15,0,3,1,1,5,0,4,8,8,20,30,54,84,104
03/23/2021,ISO,NC,ASO,EN,Federal Contract Tower,0,5,4,0,9,0,0,0,0,0,0,5,4,0,9,0,0,0,9
03/24/2021,ISO,NC,ASO,EN,Federal Contract Tower,0,1,12,21,34,0,0,1,1,2,0,1,13,22,36,24,38,62,98
03/25/2021,ISO,NC,ASO,EN,Federal Contract Tower,0,3,8,5,16,0,4,7,3,14,0,7,15,8,30,36,20,56,86
03/26/2021,ISO,NC,ASO,EN,Federal Contract Tower,0,1,4,2,7,0,8,2,3,13,0,9,6,5,20,16,22,38,58
03/27/2021,ISO,NC,ASO,EN,Federal Contract Tower,0,0,1,0,1,0,2,4,0,6,0,2,5,0,7,0,0,0,7
03/28/2021,ISO,NC,ASO,EN,Federal Contract Tower,0,0,1,0,1,0,2,1,0,3,0,2,2,0,4,0,0,0,4
03/29/2021,ISO,NC,ASO,EN,Federal Contract Tower,0,0,10,11,21,0,5,8,6,19,0,5,18,17,40,14,42,56,96
03/30/2021,ISO,NC,ASO,EN,Federal Contract Tower,0,0,7,28,35,0,7,7,8,22,0,7,14,36,57,0,84,84,141
03/31/2021,ISO,NC,ASO,EN,Federal Contract Tower,0,3,2,12,17,0,0,0,20,20,0,3,2,32,37,0,22,22,59
04/01/2021,ISO,NC,ASO,EN,Federal Contract Tower,0,1,7,7,15,0,2,5,1,8,0,3,12,8,23,12,0,12,35
04/02/2021,ISO,NC,ASO,EN,Federal Contract Tower,0,0,10,0,10,0,0,7,0,7,0,0,17,0,17,0,0,0,17
04/03/2021,ISO,NC,ASO,EN,Federal Contract Tower,0,0,4,0,4,0,12,8,0,20,0,12,12,0,24,38,0,38,62
04/04/2021,ISO,NC,ASO,EN,Federal Contract Tower,0,0,4,0,4,0,12,12,0,24,0,12,16,0,28,0,0,0,28
04/05/2021,ISO,NC,ASO,EN,Federal Contract Tower,0,0,7,19,26,0,15,10,9,34,0,15,17,28,60,48,100,148,208
04/06/2021,ISO,NC,ASO,EN,Federal Contract Tower,0,2,11,18,31,0,14,23,14,51,0,16,34,32,82,38,56,94,176
04/07/2021,ISO,NC,ASO,EN,Federal Contract Tower,0,0,8,27,35,0,9,57,17,83,0,9,65,44,118,18,98,116,234
04/08/2021,ISO,NC,ASO,EN,Federal Contract Tower,0,6,8,22,36,0,14,8,15,37,0,20,16,37,73,8,56,64,137
04/09/2021,ISO,NC,ASO,EN,Federal Contract Tower,0,1,7,9,17,0,10,6,4,20,0,11,13,13,37,0,76,76,113
04/10/2021,ISO,NC,ASO,EN,Federal Contract Tower,1,0,5,0,6,0,6,11,0,17,1,6,16,0,23,4,0,4,27
04/11/2021,ISO,NC,ASO,EN,Federal Contract Tower,0,0,8,0,8,0,0,1,0,1,0,0,9,0,9,4,0,4,13
04/12/2021,ISO,NC,ASO,EN,Federal Contract Tower,0,1,14,5,20,0,13,9,12,34,0,14,23,17,54,8,24,32,86
04/13/2021,ISO,NC,ASO,EN,Federal Contract Tower,0,2,11,31,44,0,6,5,10,21,0,8,16,41,65,8,114,122,187
04/14/2021,ISO,NC,ASO,EN,Federal Contract Tower,0,5,6,15,26,0,13,14,8,35,0,18,20,23,61,24,44,68,129
04/15/2021,ISO,NC,ASO,EN,Federal Contract Tower,0,0,11,12,23,0,5,8,0,13,0,5,19,12,36,32,24,56,92
04/16/2021,ISO,NC,ASO,EN,Federal Contract Tower,0,2,7,9,18,0,16,16,22,54,0,18,23,31,72,8,58,66,138
04/17/2021,ISO,NC,ASO,EN,Federal Contract Tower,0,0,4,4,8,0,5,7,2,14,0,5,11,6,22,17,6,23,45
04/18/2021,ISO,NC,ASO,EN,Federal Contract Tower,0,0,5,0,5,0,4,8,0,12,0,4,13,0,17,18,0,18,35
04/19/2021,ISO,NC,ASO,EN,Federal Contract Tower,0,2,4,22,28,0,10,4,10,24,0,12,8,32,52,0,48,48,100
04/20/2021,ISO,NC,ASO,EN,Federal Contract Tower,0,0,5,31,36,0,3,11,25,39,0,3,16,56,75,2,128,130,205
04/21/2021,ISO,NC,ASO,EN,Federal Contract Tower,0,4,3,12,19,0,6,4,9,19,0,10,7,21,38,0,50,50,88
04/22/2021,ISO,NC,ASO,EN,Federal Contract Tower,0,2,17,9,28,0,11,12,7,30,0,13,29,16,58,8,0,8,66
04/23/2021,ISO,NC,ASO,EN,Federal Contract Tower,0,1,5,15,21,0,15,13,8,36,0,16,18,23,57,20,58,78,135
04/24/2021,ISO,NC,ASO,EN,Federal Contract Tower,0,0,9,0,9,0,0,6,0,6,0,0,15,0,15,0,0,0,15
04/25/2021,ISO,NC,ASO,EN,Federal Contract Tower,0,0,6,0,6,0,2,2,0,4,0,2,8,0,10,0,0,0,10
04/26/2021,ISO,NC,ASO,EN,Federal Contract Tower,0,3,13,8,24,0,4,21,10,35,0,7,34,18,59,48,41,89,148
04/27/2021,ISO,NC,ASO,EN,Federal Contract Tower,0,2,12,5,19,0,7,9,3,19,0,9,21,8,38,10,58,68,106
04/28/2021,ISO,NC,ASO,EN,Federal Contract Tower,0,3,10,6,19,0,11,10,9,30,0,14,20,15,49,2,32,34,83
04/29/2021,ISO,NC,ASO,EN,Federal Contract Tower,0,6,6,13,25,0,12,2,22,36,0,18,8,35,61,0,136,136,197
04/30/2021,ISO,NC,ASO,EN,Federal Contract Tower,0,4,8,3,15,0,20,7,5,32,0,24,15,8,47,2,0,2,49
05/01/2021,ISO,NC,ASO,EN,Federal Contract Tower,0,0,5,4,9,0,14,13,4,31,0,14,18,8,40,26,10,36,76
05/02/2021,ISO,NC,ASO,EN,Federal Contract Tower,0,0,7,0,7,0,10,5,0,15,0,10,12,0,22,0,0,0,22
05/03/2021,ISO,NC,ASO,EN,Federal Contract Tower,0,2,8,9,19,0,1,0,2,3,0,3,8,11,22,0,0,0,22
05/04/2021,ISO,NC,ASO,EN,Federal Contract Tower,0,0,11,6,17,0,6,8,4,18,0,6,19,10,35,20,50,70,105
05/05/2021,ISO,NC,ASO,EN,Federal Contract Tower,0,4,8,15,27,0,7,2,4,13,0,11,10,19,40,10,18,28,68
05/06/2021,ISO,NC,ASO,EN,Federal Contract Tower,0,2,9,13,24,0,9,14,5,28,0,11,23,18,52,20,24,44,96
05/07/2021,ISO,NC,ASO,EN,Federal Contract Tower,1,0,5,10,16,0,0,0,0,0,1,0,5,10,16,2,22,24,40
05/08/2021,ISO,NC,ASO,EN,Federal Contract Tower,0,0,3,2,5,0,20,7,2,29,0,20,10,4,34,16,16,32,66
05/09/2021,ISO,NC,ASO,EN,Federal Contract Tower,0,0,2,2,4,0,17,4,0,21,0,17,6,2,25,2,3,5,30
05/10/2021,ISO,NC,ASO,EN,Federal Contract Tower,0,3,5,7,15,0,10,2,12,24,0,13,7,19,39,0,70,70,109
05/11/2021,ISO,NC,ASO,EN,Federal Contract Tower,0,2,13,15,30,0,7,13,6,26,0,9,26,21,56,2,28,30,86
05/12/2021,ISO,NC,ASO,EN,Federal Contract Tower,0,0,11,0,11,0,0,0,0,0,0,0,11,0,11,0,0,0,11
05/13/2021,ISO,NC,ASO,EN,Federal Contract Tower,0,1,6,2,9,0,5,13,2,20,0,6,19,4,29,18,16,34,63
05/14/2021,ISO,NC,ASO,EN,Federal Contract Tower,0,5,7,13,25,0,14,4,6,24,0,19,11,19,49,25,4,29,78
05/15/2021,ISO,NC,ASO,EN,Federal Contract Tower,0,0,1,0,1,0,12,17,0,29,0,12,18,0,30,20,0,20,50
05/16/2021,ISO,NC,ASO,EN,Federal Contract Tower,0,0,1,8,9,0,11,8,0,19,0,11,9,8,28,8,0,8,36
05/17/2021,ISO,NC,ASO,EN,Federal Contract Tower,0,3,6,9,18,0,17,7,5,29,0,20,13,14,47,10,50,60,107
05/18/2021,ISO,NC,ASO,EN,Federal Contract Tower,0,1,12,8,21,0,11,9,1,21,0,12,21,9,42,32,30,62,104
05/19/2021,ISO,NC,ASO,EN,Federal Contract Tower,0,2,10,26,38,0,8,8,5,21,0,10,18,31,59,16,52,68,127
05/20/2021,ISO,NC,ASO,EN,Federal Contract Tower,0,1,13,1,15,0,9,22,3,34,0,10,35,4,49,34,22,56,105
05/21/2021,ISO,NC,ASO,EN,Federal Contract Tower,0,0,10,14,24,0,14,23,5,42,0,14,33,19,66,14,12,26,92
05/22/2021,ISO,NC,ASO,EN,Federal Contract Tower,0,0,6,4,10,0,15,10,0,25,0,15,16,4,35,10,0,10,45
05/23/2021,ISO,NC,ASO,EN,Federal Contract Tower,0,0,7,0,7,0,18,9,0,27,0,18,16,0,34,6,0,6,40
05/24/2021,ISO,NC,ASO,EN,Federal Contract Tower,0,0,4,18,22,0,15,9,7,31,0,15,13,25,53,0,40,40,93
05/25/2021,ISO,NC,ASO,EN,Federal Contract Tower,0,1,10,20,31,0,7,3,2,12,0,8,13,22,43,8,20,28,71
05/26/2021,ISO,NC,ASO,EN,Federal Contract Tower,0,0,6,12,18,0,15,13,14,42,0,15,19,26,60,8,64,72,132
05/27/2021,ISO,NC,ASO,EN,Federal Contract Tower,0,0,9,8,17,0,8,17,0,25,0,8,26,8,42,22,30,52,94
05/28/2021,ISO,NC,ASO,EN,Federal Contract Tower,0,2,10,1,13,0,15,8,1,24,0,17,18,2,37,6,12,18,55
05/29/2021,ISO,NC,ASO,EN,Federal Contract Tower,0,0,2,0,2,0,18,0,0,18,0,18,2,0,20,0,0,0,20
05/30/2021,ISO,NC,ASO,EN,Federal Contract Tower,0,2,16,12,30,0,0,0,0,0,0,2,16,12,30,0,0,0,30
05/31/2021,ISO,NC,ASO,EN,Federal Contract Tower,0,0,3,0,3,0,16,2,0,18,0,16,5,0,21,6,0,6,27
06/01/2021,ISO,NC,ASO,EN,Federal Contract Tower,0,0,6,5,11,0,5,17,1,23,0,5,23,6,34,18,16,34,68
06/02/2021,ISO,NC,ASO,EN,Federal Contract Tower,0,2,6,5,13,0,2,1,6,9,0,4,7,11,22,0,50,50,72
06/03/2021,ISO,NC,ASO,EN,Federal Contract Tower,0,0,6,0,6,0,0,0,0,0,0,0,6,0,6,0,0,0,6
06/04/2021,ISO,NC,ASO,EN,Federal Contract Tower,0,0,8,9,17,0,1,1,2,4,0,1,9,11,21,0,30,30,51
06/05/2021,ISO,NC,ASO,EN,Federal Contract Tower,0,4,5,1,10,0,0,6,0,6,0,4,11,1,16,8,12,20,36
06/06/2021,ISO,NC,ASO,EN,Federal Contract Tower,0,2,5,0,7,0,0,4,0,4,0,2,9,0,11,14,0,14,25
06/07/2021,ISO,NC,ASO,EN,Federal Contract Tower,0,0,4,12,16,0,0,0,0,0,0,0,4,12,16,0,0,0,16
06/08/2021,ISO,NC,ASO,EN,Federal Contract Tower,0,0,7,21,28,0,0,2,1,3,0,0,9,22,31,0,58,58,89
06/09/2021,ISO,NC,ASO,EN,Federal Contract Tower,0,5,13,5,23,0,0,4,11,15,0,5,17,16,38,4,40,44,82
06/10/2021,ISO,NC,ASO,EN,Federal Contract Tower,0,3,12,4,19,0,0,1,4,5,0,3,13,8,24,10,0,10,34
06/11/2021,ISO,NC,ASO,EN,Federal Contract Tower,0,2,5,0,7,0,0,6,10,16,0,2,11,10,23,14,36,50,73
06/12/2021,ISO,NC,ASO,EN,Federal Contract Tower,0,0,2,0,2,0,0,0,0,0,0,0,2,0,2,0,0,0,2
06/13/2021,ISO,NC,ASO,EN,Federal Contract Tower,0,0,3,1,4,0,0,6,0,6,0,0,9,1,10,2,0,2,12
06/14/2021,ISO,NC,ASO,EN,Federal Contract Tower,0,0,8,20,28,0,16,8,10,34,0,16,16,30,62,68,70,138,200
06/15/2021,ISO,NC,ASO,EN,Federal Contract Tower,0,0,6,9,15,0,5,12,4,21,0,5,18,13,36,38,14,52,88
06/16/2021,ISO,NC,ASO,EN,Federal Contract Tower,0,2,9,10,21,0,1,15,1,17,0,3,24,11,38,16,0,16,54
06/17/2021,ISO,NC,ASO,EN,Federal Contract Tower,0,2,10,31,43,0,3,21,16,40,0,5,31,47,83,26,66,92,175
06/18/2021,ISO,NC,ASO,EN,Federal Contract Tower,0,3,4,2,9,0,5,20,0,25,0,8,24,2,34,16,0,16,50
06/19/2021,ISO,NC,ASO,EN,Federal Contract Tower,0,0,11,0,11,0,0,4,0,4,0,0,15,0,15,0,0,0,15
06/20/2021,ISO,NC,ASO,EN,Federal Contract Tower,0,0,0,0,0,0,0,0,0,0,0,0,0,0,0,0,0,0,0
06/21/2021,ISO,NC,ASO,EN,Federal Contract Tower,0,0,9,12,21,0,0,3,8,11,0,0,12,20,32,0,12,12,44
06/22/2021,ISO,NC,ASO,EN,Federal Contract Tower,0,0,3,7,10,0,0,0,0,0,0,0,3,7,10,0,0,0,10
06/23/2021,ISO,NC,ASO,EN,Federal Contract Tower,0,0,8,6,14,0,0,15,11,26,0,0,23,17,40,28,16,44,84
06/24/2021,ISO,NC,ASO,EN,Federal Contract Tower,0,0,11,11,22,0,2,4,1,7,0,2,15,12,29,0,10,10,39
06/25/2021,ISO,NC,ASO,EN,Federal Contract Tower,0,4,19,6,29,0,0,5,4,9,0,4,24,10,38,26,0,26,64
06/26/2021,ISO,NC,ASO,EN,Federal Contract Tower,0,2,4,0,6,0,0,0,0,0,0,2,4,0,6,0,0,0,6
06/27/2021,ISO,NC,ASO,EN,Federal Contract Tower,0,2,10,0,12,0,0,2,0,2,0,2,12,0,14,0,0,0,14
06/28/2021,ISO,NC,ASO,EN,Federal Contract Tower,0,0,10,12,22,0,0,6,2,8,0,0,16,14,30,2,26,28,58
06/29/2021,ISO,NC,ASO,EN,Federal Contract Tower,0,0,10,9,19,0,2,7,11,20,0,2,17,20,39,28,30,58,97
06/30/2021,ISO,NC,ASO,EN,Federal Contract Tower,0,0,7,10,17,0,3,18,9,30,0,3,25,19,47,26,28,54,101
07/01/2021,ISO,NC,ASO,EN,Federal Contract Tower,0,3,13,6,22,0,3,11,11,25,0,6,24,17,47,0,32,32,79
07/02/2021,ISO,NC,ASO,EN,Federal Contract Tower,0,1,7,0,8,0,0,0,0,0,0,1,7,0,8,0,0,0,8
07/03/2021,ISO,NC,ASO,EN,Federal Contract Tower,0,0,4,0,4,0,0,10,0,10,0,0,14,0,14,10,0,10,24
07/04/2021,ISO,NC,ASO,EN,Federal Contract Tower,0,0,4,0,4,0,0,4,0,4,0,0,8,0,8,8,0,8,16
07/05/2021,ISO,NC,ASO,EN,Federal Contract Tower,0,0,7,0,7,0,0,14,0,14,0,0,21,0,21,16,0,16,37
07/06/2021,ISO,NC,ASO,EN,Federal Contract Tower,0,0,3,7,10,0,0,14,4,18,0,0,17,11,28,24,6,30,58
07/07/2021,ISO,NC,ASO,EN,Federal Contract Tower,0,0,0,2,2,0,0,7,4,11,0,0,7,6,13,13,0,13,26
07/08/2021,ISO,NC,ASO,EN,Federal Contract Tower,0,0,3,0,3,0,0,1,0,1,0,0,4,0,4,0,0,0,4
07/09/2021,ISO,NC,ASO,EN,Federal Contract Tower,0,2,5,10,17,0,5,6,7,18,0,7,11,17,35,12,76,88,123
07/10/2021,ISO,NC,ASO,EN,Federal Contract Tower,0,0,5,0,5,0,0,25,0,25,0,0,30,0,30,45,0,45,75
07/11/2021,ISO,NC,ASO,EN,Federal Contract Tower,0,0,4,0,4,0,0,3,0,3,0,0,7,0,7,6,0,6,13
07/12/2021,ISO,NC,ASO,EN,Federal Contract Tower,0,1,5,19,25,0,0,6,5,11,0,1,11,24,36,40,36,76,112
07/13/2021,ISO,NC,ASO,EN,Federal Contract Tower,0,1,4,6,11,0,2,9,8,19,0,3,13,14,30,12,38,50,80
07/14/2021,ISO,NC,ASO,EN,Federal Contract Tower,0,0,6,7,13,0,2,21,14,37,0,2,27,21,50,22,94,116,166
07/15/2021,ISO,NC,ASO,EN,Federal Contract Tower,0,0,4,5,9,0,2,10,9,21,0,2,14,14,30,12,58,70,100
07/16/2021,ISO,NC,ASO,EN,Federal Contract Tower,0,0,7,11,18,0,2,11,1,14,0,2,18,12,32,8,14,22,54
07/17/2021,ISO,NC,ASO,EN,Federal Contract Tower,0,0,11,1,12,0,0,26,1,27,0,0,37,2,39,40,0,40,79
07/18/2021,ISO,NC,ASO,EN,Federal Contract Tower,0,0,6,0,6,0,4,4,0,8,0,4,10,0,14,0,0,0,14
07/19/2021,ISO,NC,ASO,EN,Federal Contract Tower,0,0,12,0,12,0,0,0,0,0,0,0,12,0,12,0,0,0,12
07/20/2021,ISO,NC,ASO,EN,Federal Contract Tower,0,0,9,0,9,0,1,4,1,6,0,1,13,1,15,14,8,22,37
07/21/2021,ISO,NC,ASO,EN,Federal Contract Tower,0,2,10,6,18,0,1,9,10,20,0,3,19,16,38,4,54,58,96
07/22/2021,ISO,NC,ASO,EN,Federal Contract Tower,0,2,9,5,16,0,2,13,5,20,0,4,22,10,36,10,52,62,98
07/23/2021,ISO,NC,ASO,EN,Federal Contract Tower,0,3,10,11,24,0,2,0,9,11,0,5,10,20,35,50,40,90,125
07/24/2021,ISO,NC,ASO,EN,Federal Contract Tower,0,1,5,0,6,0,0,17,0,17,0,1,22,0,23,30,0,30,53
07/25/2021,ISO,NC,ASO,EN,Federal Contract Tower,0,2,7,0,9,0,0,8,0,8,0,2,15,0,17,16,0,16,33
07/26/2021,ISO,NC,ASO,EN,Federal Contract Tower,0,6,13,12,31,0,0,5,6,11,0,6,18,18,42,24,16,40,82
07/27/2021,ISO,NC,ASO,EN,Federal Contract Tower,0,2,15,20,37,0,8,9,9,26,0,10,24,29,63,10,62,72,135
07/28/2021,ISO,NC,ASO,EN,Federal Contract Tower,0,1,4,11,16,0,2,5,3,10,0,3,9,14,26,16,8,24,50
07/29/2021,ISO,NC,ASO,EN,Federal Contract Tower,0,2,6,5,13,0,2,10,12,24,0,4,16,17,37,6,64,70,107
07/30/2021,ISO,NC,ASO,EN,Federal Contract Tower,1,0,6,9,16,0,1,3,0,4,1,1,9,9,20,0,0,0,20
07/31/2021,ISO,NC,ASO,EN,Federal Contract Tower,0,1,8,0,9,0,0,7,0,7,0,1,15,0,16,2,0,2,18
08/01/2021,ISO,NC,ASO,EN,Federal Contract Tower,0,5,7,0,12,0,0,4,0,4,0,5,11,0,16,4,0,4,20
08/02/2021,ISO,NC,ASO,EN,Federal Contract Tower,0,1,6,8,15,0,0,2,4,6,0,1,8,12,21,10,18,28,49
08/03/2021,ISO,NC,ASO,EN,Federal Contract Tower,0,4,5,6,15,0,0,6,0,6,0,4,11,6,21,10,0,10,31
08/04/2021,ISO,NC,ASO,EN,Federal Contract Tower,0,3,5,3,11,0,1,0,1,2,0,4,5,4,13,0,14,14,27
08/05/2021,ISO,NC,ASO,EN,Federal Contract Tower,0,2,5,8,15,0,3,10,2,15,0,5,15,10,30,4,26,30,60
08/06/2021,ISO,NC,ASO,EN,Federal Contract Tower,0,1,14,10,25,0,7,17,5,29,0,8,31,15,54,31,20,51,105
08/07/2021,ISO,NC,ASO,EN,Federal Contract Tower,0,4,2,2,8,0,0,8,1,9,0,4,10,3,17,0,0,0,17
08/08/2021,ISO,NC,ASO,EN,Federal Contract Tower,0,0,6,1,7,0,0,3,0,3,0,0,9,1,10,40,0,40,50
08/09/2021,ISO,NC,ASO,EN,Federal Contract Tower,0,3,12,6,21,0,0,20,2,22,0,3,32,8,43,40,59,99,142
08/10/2021,ISO,NC,ASO,EN,Federal Contract Tower,0,0,4,12,16,0,1,6,9,16,0,1,10,21,32,16,56,72,104
08/11/2021,ISO,NC,ASO,EN,Federal Contract Tower,0,1,9,8,18,0,0,16,7,23,0,1,25,15,41,14,32,46,87
08/12/2021,ISO,NC,ASO,EN,Federal Contract Tower,0,6,5,10,21,0,0,19,4,23,0,6,24,14,44,4,28,32,76
08/13/2021,ISO,NC,ASO,EN,Federal Contract Tower,0,1,2,5,8,0,0,13,4,17,0,1,15,9,25,14,52,66,91
08/14/2021,ISO,NC,ASO,EN,Federal Contract Tower,0,2,0,2,4,0,0,6,0,6,0,2,6,2,10,6,0,6,16
08/15/2021,ISO,NC,ASO,EN,Federal Contract Tower,0,0,2,0,2,0,0,6,0,6,0,0,8,0,8,26,0,26,34
08/16/2021,ISO,NC,ASO,EN,Federal Contract Tower,0,3,5,9,17,0,0,2,3,5,0,3,7,12,22,0,38,38,60
08/17/2021,ISO,NC,ASO,EN,Federal Contract Tower,0,0,6,14,20,0,0,2,0,2,0,0,8,14,22,0,30,30,52
08/18/2021,ISO,NC,ASO,EN,Federal Contract Tower,0,0,2,2,4,0,2,7,0,9,0,2,9,2,13,10,14,24,37
08/19/2021,ISO,NC,ASO,EN,Federal Contract Tower,0,0,14,18,32,0,5,20,7,32,0,5,34,25,64,16,5,21,85
08/20/2021,ISO,NC,ASO,EN,Federal Contract Tower,0,5,9,4,18,0,0,4,4,8,0,5,13,8,26,0,20,20,46
08/21/2021,ISO,NC,ASO,EN,Federal Contract Tower,0,2,8,0,10,0,0,4,0,4,0,2,12,0,14,0,0,0,14
08/22/2021,ISO,NC,ASO,EN,Federal Contract Tower,0,2,3,0,5,0,0,12,0,12,0,2,15,0,17,20,0,20,37
08/23/2021,ISO,NC,ASO,EN,Federal Contract Tower,0,0,16,22,38,0,0,14,4,18,0,0,30,26,56,24,12,36,92
08/24/2021,ISO,NC,ASO,EN,Federal Contract Tower,0,1,7,10,18,0,2,8,3,13,0,3,15,13,31,20,16,36,67
08/25/2021,ISO,NC,ASO,EN,Federal Contract Tower,0,2,2,18,22,0,2,3,1,6,0,4,5,19,28,6,34,40,68
08/26/2021,ISO,NC,ASO,EN,Federal Contract Tower,0,0,17,11,28,0,2,16,2,20,0,2,33,13,48,14,32,46,94
08/27/2021,ISO,NC,ASO,EN,Federal Contract Tower,0,0,3,4,7,0,2,12,8,22,0,2,15,12,29,34,10,44,73
08/28/2021,ISO,NC,ASO,EN,Federal Contract Tower,0,4,1,0,5,0,0,14,3,17,0,4,15,3,22,12,0,12,34
08/29/2021,ISO,NC,ASO,EN,Federal Contract Tower,0,0,7,4,11,0,0,4,1,5,0,0,11,5,16,22,24,46,62
08/30/2021,ISO,NC,ASO,EN,Federal Contract Tower,0,0,8,16,24,0,0,18,5,23,0,0,26,21,47,26,34,60,107
08/31/2021,ISO,NC,ASO,EN,Federal Contract Tower,0,3,11,22,36,0,4,10,10,24,0,7,21,32,60,4,76,80,140
09/01/2021,ISO,NC,ASO,EN,Federal Contract Tower,0,5,9,1,15,0,0,0,1,1,0,5,9,2,16,10,2,12,28
09/02/2021,ISO,NC,ASO,EN,Federal Contract Tower,0,3,7,7,17,0,4,5,3,12,0,7,12,10,29,12,76,88,117
09/03/2021,ISO,NC,ASO,EN,Federal Contract Tower,0,3,3,4,10,0,3,10,2,15,0,6,13,6,25,22,0,22,47
09/04/2021,ISO,NC,ASO,EN,Federal Contract Tower,0,0,1,4,5,0,0,25,2,27,0,0,26,6,32,2,10,12,44
09/05/2021,ISO,NC,ASO,EN,Federal Contract Tower,0,2,1,0,3,0,0,15,0,15,0,2,16,0,18,2,0,2,20
09/06/2021,ISO,NC,ASO,EN,Federal Contract Tower,0,0,14,0,14,0,2,22,0,24,0,2,36,0,38,40,0,40,78
09/07/2021,ISO,NC,ASO,EN,Federal Contract Tower,0,1,2,10,13,0,2,3,7,12,0,3,5,17,25,8,26,34,59
09/08/2021,ISO,NC,ASO,EN,Federal Contract Tower,0,0,9,22,31,0,1,5,10,16,0,1,14,32,47,12,32,44,91
09/09/2021,ISO,NC,ASO,EN,Federal Contract Tower,0,3,4,7,14,0,0,0,3,3,0,3,4,10,17,0,6,6,23
09/10/2021,ISO,NC,ASO,EN,Federal Contract Tower,0,2,7,16,25,0,9,11,15,35,0,11,18,31,60,12,76,88,148
09/11/2021,ISO,NC,ASO,EN,Federal Contract Tower,0,0,1,2,3,0,0,6,4,10,0,0,7,6,13,8,12,20,33
09/12/2021,ISO,NC,ASO,EN,Federal Contract Tower,0,2,5,0,7,0,0,19,0,19,0,2,24,0,26,4,0,4,30
09/13/2021,ISO,NC,ASO,EN,Federal Contract Tower,0,0,6,11,17,0,6,17,4,27,0,6,23,15,44,40,72,112,156
09/14/2021,ISO,NC,ASO,EN,Federal Contract Tower,0,2,16,11,29,0,0,15,4,19,0,2,31,15,48,24,44,68,116
09/15/2021,ISO,NC,ASO,EN,Federal Contract Tower,0,2,4,8,14,0,0,10,11,21,0,2,14,19,35,24,37,61,96
09/16/2021,ISO,NC,ASO,EN,Federal Contract Tower,0,5,13,31,49,0,7,5,15,27,0,12,18,46,76,48,90,138,214
09/17/2021,ISO,NC,ASO,EN,Federal Contract Tower,0,2,10,7,19,0,0,0,6,6,0,2,10,13,25,0,22,22,47
09/18/2021,ISO,NC,ASO,EN,Federal Contract Tower,0,0,7,0,7,0,0,1,0,1,0,0,8,0,8,10,0,10,18
09/19/2021,ISO,NC,ASO,EN,Federal Contract Tower,0,2,4,0,6,0,0,16,0,16,0,2,20,0,22,18,0,18,40
09/20/2021,ISO,NC,ASO,EN,Federal Contract Tower,0,2,16,19,37,0,3,9,1,13,0,5,25,20,50,64,110,174,224
09/21/2021,ISO,NC,ASO,EN,Federal Contract Tower,0,0,17,32,49,0,2,7,8,17,0,2,24,40,66,2,94,96,162
09/22/2021,ISO,NC,ASO,EN,Federal Contract Tower,0,0,9,15,24,0,0,1,2,3,0,0,10,17,27,0,6,6,33
09/23/2021,ISO,NC,ASO,EN,Federal Contract Tower,0,3,2,0,5,0,1,19,5,25,0,4,21,5,30,54,34,88,118
09/24/2021,ISO,NC,ASO,EN,Federal Contract Tower,0,2,9,22,33,0,6,21,6,33,0,8,30,28,66,54,52,106,172
09/25/2021,ISO,NC,ASO,EN,Federal Contract Tower,0,0,4,0,4,0,4,14,0,18,0,4,18,0,22,4,0,4,26
09/26/2021,ISO,NC,ASO,EN,Federal Contract Tower,0,0,5,0,5,0,0,5,5,10,0,0,10,5,15,0,2,2,17
09/27/2021,ISO,NC,ASO,EN,Federal Contract Tower,0,0,4,4,8,0,3,9,6,18,0,3,13,10,26,2,20,22,48
09/28/2021,ISO,NC,ASO,EN,Federal Contract Tower,0,1,2,3,6,0,3,19,4,26,0,4,21,7,32,104,8,112,144
09/29/2021,ISO,NC,ASO,EN,Federal Contract Tower,0,0,11,22,33,0,5,8,1,14,0,5,19,23,47,46,64,110,157
09/30/2021,ISO,NC,ASO,EN,Federal Contract Tower,0,5,4,10,19,0,4,9,2,15,0,9,13,12,34,0,44,44,78
10/01/2021,ISO,NC,ASO,EN,Federal Contract Tower,0,7,16,34,57,0,0,23,5,28,0,7,39,39,85,52,2,54,139
10/02/2021,ISO,NC,ASO,EN,Federal Contract Tower,0,1,4,2,7,0,0,4,0,4,0,1,8,2,11,2,0,2,13
10/03/2021,ISO,NC,ASO,EN,Federal Contract Tower,0,2,4,0,6,0,0,6,0,6,0,2,10,0,12,26,0,26,38
10/04/2021,ISO,NC,ASO,EN,Federal Contract Tower,0,4,11,13,28,0,3,6,3,12,0,7,17,16,40,32,34,66,106
10/05/2021,ISO,NC,ASO,EN,Federal Contract Tower,0,3,8,30,41,0,2,2,6,10,0,5,10,36,51,76,54,130,181
10/06/2021,ISO,NC,ASO,EN,Federal Contract Tower,0,0,12,27,39,0,0,12,12,24,0,0,24,39,63,30,76,106,169
10/07/2021,ISO,NC,ASO,EN,Federal Contract Tower,0,0,27,3,30,0,0,0,2,2,0,0,27,5,32,20,8,28,60
10/08/2021,ISO,NC,ASO,EN,Federal Contract Tower,0,0,14,2,16,0,0,0,0,0,0,0,14,2,16,0,0,0,16
10/09/2021,ISO,NC,ASO,EN,Federal Contract Tower,0,0,0,0,0,0,0,0,0,0,0,0,0,0,0,0,0,0,0
10/10/2021,ISO,NC,ASO,EN,Federal Contract Tower,0,2,14,0,16,0,0,0,0,0,0,2,14,0,16,0,0,0,16
10/11/2021,ISO,NC,ASO,EN,Federal Contract Tower,0,0,16,0,16,0,1,0,0,1,0,1,16,0,17,12,0,12,29
10/12/2021,ISO,NC,ASO,EN,Federal Contract Tower,0,1,12,33,46,0,0,3,2,5,0,1,15,35,51,22,12,34,85
10/13/2021,ISO,NC,ASO,EN,Federal Contract Tower,0,3,12,18,33,0,1,1,5,7,0,4,13,23,40,4,18,22,62
10/14/2021,ISO,NC,ASO,EN,Federal Contract Tower,0,0,8,25,33,0,0,14,11,25,0,0,22,36,58,22,48,70,128
10/15/2021,ISO,NC,ASO,EN,Federal Contract Tower,0,2,8,14,24,0,0,18,8,26,0,2,26,22,50,22,36,58,108
10/16/2021,ISO,NC,ASO,EN,Federal Contract Tower,0,0,3,2,5,0,3,6,0,9,0,3,9,2,14,8,28,36,50
10/17/2021,ISO,NC,ASO,EN,Federal Contract Tower,0,1,1,0,2,0,0,3,0,3,0,1,4,0,5,16,0,16,21
10/18/2021,ISO,NC,ASO,EN,Federal Contract Tower,0,1,13,10,24,0,2,15,7,24,0,3,28,17,48,28,100,128,176
10/19/2021,ISO,NC,ASO,EN,Federal Contract Tower,0,2,5,10,17,0,6,18,4,28,0,8,23,14,45,86,0,86,131
10/20/2021,ISO,NC,ASO,EN,Federal Contract Tower,0,1,16,24,41,0,4,38,7,49,0,5,54,31,90,54,86,140,230
10/21/2021,ISO,NC,ASO,EN,Federal Contract Tower,0,2,8,14,24,0,2,14,12,28,0,4,22,26,52,36,120,156,208
10/22/2021,ISO,NC,ASO,EN,Federal Contract Tower,0,0,4,2,6,0,1,17,0,18,0,1,21,2,24,18,34,52,76
10/23/2021,ISO,NC,ASO,EN,Federal Contract Tower,0,0,14,0,14,0,0,10,0,10,0,0,24,0,24,2,0,2,26
10/24/2021,ISO,NC,ASO,EN,Federal Contract Tower,0,0,10,0,10,0,2,12,0,14,0,2,22,0,24,12,0,12,36
10/25/2021,ISO,NC,ASO,EN,Federal Contract Tower,0,0,8,11,19,0,4,6,6,16,0,4,14,17,35,8,8,16,51
10/26/2021,ISO,NC,ASO,EN,Federal Contract Tower,0,0,5,4,9,0,4,3,6,13,0,4,8,10,22,2,48,50,72
10/27/2021,ISO,NC,ASO,EN,Federal Contract Tower,0,1,10,13,24,0,4,17,4,25,0,5,27,17,49,44,10,54,103
10/28/2021,ISO,NC,ASO,EN,Federal Contract Tower,0,0,3,5,8,0,1,14,5,20,0,1,17,10,28,4,46,50,78
10/29/2021,ISO,NC,ASO,EN,Federal Contract Tower,0,1,9,6,16,0,0,0,4,4,0,1,9,10,20,0,20,20,40
10/30/2021,ISO,NC,ASO,EN,Federal Contract Tower,0,2,5,6,13,0,8,11,5,24,0,10,16,11,37,24,10,34,71
10/31/2021,ISO,NC,ASO,EN,Federal Contract Tower,0,3,7,2,12,0,0,2,0,2,0,3,9,2,14,0,0,0,14
11/01/2021,ISO,NC,ASO,EN,Federal Contract Tower,0,0,11,31,42,0,0,26,8,34,0,0,37,39,76,48,124,172,248
11/02/2021,ISO,NC,ASO,EN,Federal Contract Tower,0,0,7,23,30,0,5,25,11,41,0,5,32,34,71,62,108,170,241
11/03/2021,ISO,NC,ASO,EN,Federal Contract Tower,0,1,6,46,53,0,4,12,14,30,0,5,18,60,83,17,70,87,170
11/04/2021,ISO,NC,ASO,EN,Federal Contract Tower,0,2,1,13,16,0,0,2,3,5,0,2,3,16,21,0,10,10,31
11/05/2021,ISO,NC,ASO,EN,Federal Contract Tower,0,0,2,41,43,0,18,4,0,22,0,18,6,41,65,48,14,62,127
11/06/2021,ISO,NC,ASO,EN,Federal Contract Tower,0,0,8,1,9,0,2,3,1,6,0,2,11,2,15,0,0,0,15
11/07/2021,ISO,NC,ASO,EN,Federal Contract Tower,0,0,2,0,2,0,0,2,0,2,0,0,4,0,4,8,0,8,12
11/08/2021,ISO,NC,ASO,EN,Federal Contract Tower,0,16,21,18,55,0,4,27,11,42,0,20,48,29,97,38,30,68,165
11/09/2021,ISO,NC,ASO,EN,Federal Contract Tower,0,5,15,20,40,0,6,20,27,53,0,11,35,47,93,116,6,122,215
11/10/2021,ISO,NC,ASO,EN,Federal Contract Tower,0,2,15,12,29,0,6,20,6,32,0,8,35,18,61,48,20,68,129
11/11/2021,ISO,NC,ASO,EN,Federal Contract Tower,0,2,26,2,30,1,5,20,0,26,1,7,46,2,56,74,0,74,130
11/12/2021,ISO,NC,ASO,EN,Federal Contract Tower,0,2,13,0,15,0,9,6,0,15,0,11,19,0,30,66,0,66,96
11/13/2021,ISO,NC,ASO,EN,Federal Contract Tower,0,0,5,0,5,0,9,12,0,21,0,9,17,0,26,24,0,24,50
11/14/2021,ISO,NC,ASO,EN,Federal Contract Tower,0,2,3,0,5,0,8,20,0,28,0,10,23,0,33,8,0,8,41
11/15/2021,ISO,NC,ASO,EN,Federal Contract Tower,0,0,4,13,17,0,15,19,20,54,0,15,23,33,71,40,26,66,137
11/16/2021,ISO,NC,ASO,EN,Federal Contract Tower,0,0,12,21,33,0,1,12,14,27,0,1,24,35,60,10,44,54,114
11/17/2021,ISO,NC,ASO,EN,Federal Contract Tower,0,2,3,16,21,0,10,25,7,42,0,12,28,23,63,26,56,82,145
11/18/2021,ISO,NC,ASO,EN,Federal Contract Tower,0,6,20,35,61,0,10,18,27,55,0,16,38,62,116,40,116,156,272
11/19/2021,ISO,NC,ASO,EN,Federal Contract Tower,0,0,9,6,15,0,13,6,2,21,0,13,15,8,36,4,26,30,66
11/20/2021,ISO,NC,ASO,EN,Federal Contract Tower,0,0,4,1,5,0,10,25,1,36,0,10,29,2,41,26,10,36,77
11/21/2021,ISO,NC,ASO,EN,Federal Contract Tower,0,0,4,0,4,0,2,11,0,13,0,2,15,0,17,22,0,22,39
11/22/2021,ISO,NC,ASO,EN,Federal Contract Tower,0,1,7,9,17,0,0,0,0,0,0,1,7,9,17,0,0,0,17
11/23/2021,ISO,NC,ASO,EN,Federal Contract Tower,0,0,6,23,29,0,9,8,12,29,0,9,14,35,58,35,28,63,121
11/24/2021,ISO,NC,ASO,EN,Federal Contract Tower,0,0,13,0,13,0,1,20,0,21,0,1,33,0,34,46,0,46,80
11/25/2021,ISO,NC,ASO,EN,Federal Contract Tower,0,0,3,0,3,0,0,2,0,2,0,0,5,0,5,14,0,14,19
11/26/2021,ISO,NC,ASO,EN,Federal Contract Tower,0,2,5,0,7,0,0,0,0,0,0,2,5,0,7,0,0,0,7
11/27/2021,ISO,NC,ASO,EN,Federal Contract Tower,0,3,5,0,8,0,0,14,0,14,0,3,19,0,22,4,0,4,26
11/28/2021,ISO,NC,ASO,EN,Federal Contract Tower,0,2,6,0,8,0,5,8,0,13,0,7,14,0,21,26,0,26,47
11/29/2021,ISO,NC,ASO,EN,Federal Contract Tower,0,0,12,12,24,0,16,22,10,48,0,16,34,22,72,14,4,18,90
11/30/2021,ISO,NC,ASO,EN,Federal Contract Tower,0,0,6,28,34,0,9,14,35,58,0,9,20,63,92,18,80,98,190
12/01/2021,ISO,NC,ASO,EN,Federal Contract Tower,0,2,10,30,42,0,5,10,9,24,0,7,20,39,66,6,80,86,152
12/02/2021,ISO,NC,ASO,EN,Federal Contract Tower,0,1,16,26,43,0,13,15,13,41,0,14,31,39,84,24,146,170,254
12/03/2021,ISO,NC,ASO,EN,Federal Contract Tower,0,1,14,13,28,0,15,8,10,33,0,16,22,23,61,4,30,34,95
12/04/2021,ISO,NC,ASO,EN,Federal Contract Tower,0,0,3,0,3,0,13,6,0,19,0,13,9,0,22,24,0,24,46
12/05/2021,ISO,NC,ASO,EN,Federal Contract Tower,0,0,6,3,9,0,12,1,1,14,0,12,7,4,23,0,36,36,59
12/06/2021,ISO,NC,ASO,EN,Federal Contract Tower,0,0,21,8,29,0,10,8,6,24,0,10,29,14,53,2,10,12,65
12/07/2021,ISO,NC,ASO,EN,Federal Contract Tower,0,0,16,11,27,0,11,7,7,25,0,11,23,18,52,8,10,18,70
12/08/2021,ISO,NC,ASO,EN,Federal Contract Tower,0,0,9,3,12,0,0,0,0,0,0,0,9,3,12,0,0,0,12
12/09/2021,ISO,NC,ASO,EN,Federal Contract Tower,0,3,6,14,23,0,10,15,8,33,0,13,21,22,56,16,82,98,154
12/10/2021,ISO,NC,ASO,EN,Federal Contract Tower,0,2,7,39,48,0,1,5,13,19,0,3,12,52,67,10,44,54,121
12/11/2021,ISO,NC,ASO,EN,Federal Contract Tower,0,0,4,0,4,0,0,3,0,3,0,0,7,0,7,0,0,0,7
12/12/2021,ISO,NC,ASO,EN,Federal Contract Tower,0,2,2,0,4,0,0,5,4,9,0,2,7,4,13,2,0,2,15
12/13/2021,ISO,NC,ASO,EN,Federal Contract Tower,0,5,17,13,35,0,8,8,8,24,0,13,25,21,59,6,70,76,135
12/14/2021,ISO,NC,ASO,EN,Federal Contract Tower,0,2,24,17,43,0,24,14,7,45,0,26,38,24,88,10,38,48,136
12/15/2021,ISO,NC,ASO,EN,Federal Contract Tower,0,0,11,4,15,0,0,8,4,12,0,0,19,8,27,0,24,24,51
12/16/2021,ISO,NC,ASO,EN,Federal Contract Tower,0,1,10,2,13,0,0,10,2,12,0,1,20,4,25,20,8,28,53
12/17/2021,ISO,NC,ASO,EN,Federal Contract Tower,0,2,11,16,29,0,2,0,2,4,0,4,11,18,33,0,0,0,33
12/18/2021,ISO,NC,ASO,EN,Federal Contract Tower,0,2,6,2,10,0,0,0,4,4,0,2,6,6,14,0,18,18,32
12/19/2021,ISO,NC,ASO,EN,Federal Contract Tower,0,3,4,0,7,0,0,0,0,0,0,3,4,0,7,0,0,0,7
12/20/2021,ISO,NC,ASO,EN,Federal Contract Tower,0,0,11,4,15,0,0,5,6,11,0,0,16,10,26,18,12,30,56
12/21/2021,ISO,NC,ASO,EN,Federal Contract Tower,0,1,9,36,46,0,0,6,0,6,0,1,15,36,52,4,16,20,72
12/23/2021,ISO,NC,ASO,EN,Federal Contract Tower,0,2,22,6,30,0,1,15,0,16,0,3,37,6,46,6,0,6,52
12/24/2021,ISO,NC,ASO,EN,Federal Contract Tower,0,1,2,0,3,0,0,10,0,10,0,1,12,0,13,0,0,0,13
12/25/2021,ISO,NC,ASO,EN,Federal Contract Tower,0,0,1,0,1,0,0,0,0,0,0,0,1,0,1,0,0,0,1
12/26/2021,ISO,NC,ASO,EN,Federal Contract Tower,0,0,10,0,10,0,0,6,0,6,0,0,16,0,16,2,0,2,18
12/27/2021,ISO,NC,ASO,EN,Federal Contract Tower,0,0,8,4,12,0,0,9,2,11,0,0,17,6,23,0,6,6,29
12/28/2021,ISO,NC,ASO,EN,Federal Contract Tower,0,0,4,12,16,0,2,7,0,9,0,2,11,12,25,6,0,6,31
12/29/2021,ISO,NC,ASO,EN,Federal Contract Tower,0,0,2,3,5,0,1,8,2,11,0,1,10,5,16,2,2,4,20
12/30/2021,ISO,NC,ASO,EN,Federal Contract Tower,0,0,5,0,5,0,0,0,3,3,0,0,5,3,8,0,50,50,58
12/31/2021,ISO,NC,ASO,EN,Federal Contract Tower,0,2,9,1,12,0,0,4,1,5,0,2,13,2,17,44,12,56,73
01/01/2022,ISO,NC,ASO,EN,Federal Contract Tower,0,0,5,0,5,0,0,0,0,0,0,0,5,0,5,0,0,0,5
01/02/2022,ISO,NC,ASO,EN,Federal Contract Tower,0,0,4,0,4,0,0,0,0,0,0,0,4,0,4,0,0,0,4
01/03/2022,ISO,NC,ASO,EN,Federal Contract Tower,0,0,3,0,3,0,0,0,2,2,0,0,3,2,5,0,0,0,5
01/04/2022,ISO,NC,ASO,EN,Federal Contract Tower,0,1,6,3,10,0,3,18,12,33,0,4,24,15,43,22,0,22,65
01/05/2022,ISO,NC,ASO,EN,Federal Contract Tower,0,3,8,10,21,0,0,0,0,0,0,3,8,10,21,0,0,0,21
01/06/2022,ISO,NC,ASO,EN,Federal Contract Tower,0,0,6,24,30,0,4,10,9,23,0,4,16,33,53,16,38,54,107
01/07/2022,ISO,NC,ASO,EN,Federal Contract Tower,0,5,5,7,17,0,3,9,0,12,0,8,14,7,29,0,0,0,29
01/08/2022,ISO,NC,ASO,EN,Federal Contract Tower,0,0,3,4,7,0,0,5,1,6,0,0,8,5,13,16,5,21,34
01/09/2022,ISO,NC,ASO,EN,Federal Contract Tower,0,2,3,10,15,0,0,2,0,2,0,2,5,10,17,2,0,2,19
01/10/2022,ISO,NC,ASO,EN,Federal Contract Tower,0,2,5,6,13,0,0,11,8,19,0,2,16,14,32,2,18,20,52
01/11/2022,ISO,NC,ASO,EN,Federal Contract Tower,0,4,18,12,34,0,3,9,14,26,0,7,27,26,60,10,72,82,142
01/12/2022,ISO,NC,ASO,EN,Federal Contract Tower,0,0,10,21,31,0,1,9,8,18,0,1,19,29,49,26,86,112,161
01/13/2022,ISO,NC,ASO,EN,Federal Contract Tower,0,0,12,31,43,0,0,10,4,14,0,0,22,35,57,22,72,94,151
01/14/2022,ISO,NC,ASO,EN,Federal Contract Tower,0,0,7,9,16,0,0,12,2,14,0,0,19,11,30,6,20,26,56
01/15/2022,ISO,NC,ASO,EN,Federal Contract Tower,0,0,2,0,2,0,0,0,0,0,0,0,2,0,2,0,0,0,2
01/16/2022,ISO,NC,ASO,EN,Federal Contract Tower,0,0,0,0,0,0,0,0,0,0,0,0,0,0,0,0,0,0,0
01/17/2022,ISO,NC,ASO,EN,Federal Contract Tower,0,0,4,1,5,0,0,1,3,4,0,0,5,4,9,0,4,4,13
01/18/2022,ISO,NC,ASO,EN,Federal Contract Tower,0,0,15,9,24,0,0,2,8,10,0,0,17,17,34,2,42,44,78
01/19/2022,ISO,NC,ASO,EN,Federal Contract Tower,0,3,10,17,30,0,1,6,11,18,0,4,16,28,48,48,44,92,140
01/20/2022,ISO,NC,ASO,EN,Federal Contract Tower,0,0,4,7,11,0,1,0,4,5,0,1,4,11,16,0,0,0,16
01/21/2022,ISO,NC,ASO,EN,Federal Contract Tower,0,0,0,0,0,0,0,0,0,0,0,0,0,0,0,0,0,0,0
01/22/2022,ISO,NC,ASO,EN,Federal Contract Tower,0,0,1,0,1,0,0,3,0,3,0,0,4,0,4,0,0,0,4
01/23/2022,ISO,NC,ASO,EN,Federal Contract Tower,0,0,4,0,4,0,0,6,0,6,0,0,10,0,10,0,0,0,10
01/24/2022,ISO,NC,ASO,EN,Federal Contract Tower,2,0,13,9,24,0,2,11,3,16,2,2,24,12,40,20,0,20,60
01/25/2022,ISO,NC,ASO,EN,Federal Contract Tower,0,0,3,19,22,0,2,11,6,19,0,2,14,25,41,46,26,72,113
01/26/2022,ISO,NC,ASO,EN,Federal Contract Tower,0,0,7,8,15,0,0,17,5,22,0,0,24,13,37,24,8,32,69
01/27/2022,ISO,NC,ASO,EN,Federal Contract Tower,0,2,13,6,21,0,3,24,8,35,0,5,37,14,56,26,10,36,92
01/28/2022,ISO,NC,ASO,EN,Federal Contract Tower,0,4,12,9,25,0,0,8,11,19,0,4,20,20,44,12,78,90,134
01/29/2022,ISO,NC,ASO,EN,Federal Contract Tower,0,0,0,0,0,0,0,0,0,0,0,0,0,0,0,0,0,0,0
01/30/2022,ISO,NC,ASO,EN,Federal Contract Tower,0,0,20,0,20,0,0,14,0,14,0,0,34,0,34,18,0,18,52
01/31/2022,ISO,NC,ASO,EN,Federal Contract Tower,0,0,4,23,27,0,4,3,13,20,0,4,7,36,47,6,30,36,83
02/01/2022,ISO,NC,ASO,EN,Federal Contract Tower,0,0,9,26,35,0,5,9,15,29,0,5,18,41,64,2,56,58,122
02/02/2022,ISO,NC,ASO,EN,Federal Contract Tower,0,0,4,9,13,0,0,4,5,9,0,0,8,14,22,0,28,28,50
02/03/2022,ISO,NC,ASO,EN,Federal Contract Tower,0,0,9,33,42,0,0,5,4,9,0,0,14,37,51,0,72,72,123
02/04/2022,ISO,NC,ASO,EN,Federal Contract Tower,0,0,4,6,10,0,0,0,6,6,0,0,4,12,16,0,0,0,16
02/05/2022,ISO,NC,ASO,EN,Federal Contract Tower,0,0,13,1,14,0,2,4,1,7,0,2,17,2,21,0,4,4,25
02/06/2022,ISO,NC,ASO,EN,Federal Contract Tower,0,3,2,0,5,0,0,13,0,13,0,3,15,0,18,22,0,22,40
02/07/2022,ISO,NC,ASO,EN,Federal Contract Tower,0,4,4,2,10,0,0,1,0,1,0,4,5,2,11,0,0,0,11
02/08/2022,ISO,NC,ASO,EN,Federal Contract Tower,0,5,13,25,43,0,0,3,30,33,0,5,16,55,76,0,38,38,114
02/09/2022,ISO,NC,ASO,EN,Federal Contract Tower,0,0,19,13,32,0,3,20,13,36,0,3,39,26,68,37,80,117,185
02/10/2022,ISO,NC,ASO,EN,Federal Contract Tower,0,0,12,14,26,0,0,12,13,25,0,0,24,27,51,8,100,108,159
02/11/2022,ISO,NC,ASO,EN,Federal Contract Tower,0,0,17,7,24,0,0,18,12,30,0,0,35,19,54,24,20,44,98
02/12/2022,ISO,NC,ASO,EN,Federal Contract Tower,0,0,1,0,1,0,0,6,0,6,0,0,7,0,7,28,0,28,35
02/13/2022,ISO,NC,ASO,EN,Federal Contract Tower,0,0,2,0,2,0,0,0,0,0,0,0,2,0,2,0,0,0,2
02/14/2022,ISO,NC,ASO,EN,Federal Contract Tower,0,0,4,3,7,0,3,11,1,15,0,3,15,4,22,12,4,16,38
02/15/2022,ISO,NC,ASO,EN,Federal Contract Tower,0,0,5,12,17,0,2,8,8,18,0,2,13,20,35,6,54,60,95
02/16/2022,ISO,NC,ASO,EN,Federal Contract Tower,0,2,13,14,29,0,3,17,12,32,0,5,30,26,61,58,44,102,163
02/17/2022,ISO,NC,ASO,EN,Federal Contract Tower,0,0,0,10,10,0,0,3,9,12,0,0,3,19,22,4,36,40,62
02/18/2022,ISO,NC,ASO,EN,Federal Contract Tower,0,3,9,7,19,0,4,3,7,14,0,7,12,14,33,16,4,20,53
02/19/2022,ISO,NC,ASO,EN,Federal Contract Tower,0,0,10,0,10,0,2,3,0,5,0,2,13,0,15,2,0,2,17
02/20/2022,ISO,NC,ASO,EN,Federal Contract Tower,0,2,6,0,8,0,0,1,0,1,0,2,7,0,9,0,0,0,9
02/21/2022,ISO,NC,ASO,EN,Federal Contract Tower,0,2,10,0,12,0,0,7,0,7,0,2,17,0,19,32,0,32,51
02/22/2022,ISO,NC,ASO,EN,Federal Contract Tower,0,0,13,4,17,0,0,3,8,11,0,0,16,12,28,0,32,32,60
02/23/2022,ISO,NC,ASO,EN,Federal Contract Tower,0,4,23,16,43,0,0,6,14,20,0,4,29,30,63,10,26,36,99
02/24/2022,ISO,NC,ASO,EN,Federal Contract Tower,0,2,1,31,34,0,0,0,4,4,0,2,1,35,38,0,50,50,88
02/25/2022,ISO,NC,ASO,EN,Federal Contract Tower,2,1,7,3,13,0,0,0,5,5,2,1,7,8,18,0,20,20,38
02/26/2022,ISO,NC,ASO,EN,Federal Contract Tower,0,2,6,0,8,0,0,2,2,4,0,2,8,2,12,6,0,6,18
02/27/2022,ISO,NC,ASO,EN,Federal Contract Tower,0,1,9,0,10,0,0,0,0,0,0,1,9,0,10,10,0,10,20
02/28/2022,ISO,NC,ASO,EN,Federal Contract Tower,0,0,34,16,50,0,2,19,5,26,0,2,53,21,76,62,58,120,196
03/01/2022,ISO,NC,ASO,EN,Federal Contract Tower,0,0,25,14,39,0,0,15,5,20,0,0,40,19,59,38,40,78,137
03/02/2022,ISO,NC,ASO,EN,Federal Contract Tower,0,2,7,20,29,0,1,21,10,32,0,3,28,30,61,32,50,82,143
03/03/2022,ISO,NC,ASO,EN,Federal Contract Tower,0,2,9,17,28,0,2,13,7,22,0,4,22,24,50,0,34,34,84
03/04/2022,ISO,NC,ASO,EN,Federal Contract Tower,0,4,7,6,17,0,0,14,10,24,0,4,21,16,41,20,52,72,113
03/05/2022,ISO,NC,ASO,EN,Federal Contract Tower,0,2,14,0,16,0,0,3,0,3,0,2,17,0,19,0,0,0,19
03/06/2022,ISO,NC,ASO,EN,Federal Contract Tower,0,2,3,0,5,0,0,7,0,7,0,2,10,0,12,24,0,24,36
03/07/2022,ISO,NC,ASO,EN,Federal Contract Tower,0,1,7,12,20,0,27,1,15,43,0,28,8,27,63,0,38,38,101
03/08/2022,ISO,NC,ASO,EN,Federal Contract Tower,0,1,14,23,38,0,0,3,14,17,0,1,17,37,55,6,92,98,153
03/09/2022,ISO,NC,ASO,EN,Federal Contract Tower,0,1,12,2,15,0,0,0,0,0,0,1,12,2,15,0,4,4,19
03/10/2022,ISO,NC,ASO,EN,Federal Contract Tower,0,1,9,21,31,0,0,0,0,0,0,1,9,21,31,0,0,0,31
03/11/2022,ISO,NC,ASO,EN,Federal Contract Tower,0,0,13,10,23,0,0,0,0,0,0,0,13,10,23,0,0,0,23
03/12/2022,ISO,NC,ASO,EN,Federal Contract Tower,0,2,2,0,4,0,0,0,0,0,0,2,2,0,4,0,0,0,4
03/13/2022,ISO,NC,ASO,EN,Federal Contract Tower,0,2,16,1,19,0,0,7,1,8,0,2,23,2,27,40,0,40,67
03/14/2022,ISO,NC,ASO,EN,Federal Contract Tower,0,0,12,5,17,0,0,24,5,29,0,0,36,10,46,56,56,112,158
03/15/2022,ISO,NC,ASO,EN,Federal Contract Tower,0,4,21,11,36,0,0,23,14,37,0,4,44,25,73,42,50,92,165
03/16/2022,ISO,NC,ASO,EN,Federal Contract Tower,0,3,13,10,26,0,0,15,5,20,0,3,28,15,46,24,34,58,104
03/17/2022,ISO,NC,ASO,EN,Federal Contract Tower,0,4,5,11,20,0,0,1,5,6,0,4,6,16,26,13,52,65,91
03/18/2022,ISO,NC,ASO,EN,Federal Contract Tower,0,3,12,3,18,0,0,10,4,14,0,3,22,7,32,46,8,54,86
03/19/2022,ISO,NC,ASO,EN,Federal Contract Tower,0,0,9,0,9,0,2,0,0,2,0,2,9,0,11,0,0,0,11
03/20/2022,ISO,NC,ASO,EN,Federal Contract Tower,0,2,9,0,11,0,0,12,0,12,0,2,21,0,23,0,2,2,25
03/21/2022,ISO,NC,ASO,EN,Federal Contract Tower,0,1,12,17,30,0,0,18,18,36,0,1,30,35,66,10,50,60,126
03/22/2022,ISO,NC,ASO,EN,Federal Contract Tower,0,0,6,19,25,0,2,9,14,25,0,2,15,33,50,52,74,126,176
03/23/2022,ISO,NC,ASO,EN,Federal Contract Tower,0,2,20,24,46,0,1,6,10,17,0,3,26,34,63,10,24,34,97
03/24/2022,ISO,NC,ASO,EN,Federal Contract Tower,0,0,5,6,11,0,0,0,0,0,0,0,5,6,11,0,0,0,11
03/25/2022,ISO,NC,ASO,EN,Federal Contract Tower,0,0,14,3,17,0,0,15,13,28,0,0,29,16,45,28,28,56,101
03/26/2022,ISO,NC,ASO,EN,Federal Contract Tower,0,3,6,2,11,0,0,14,0,14,0,3,20,2,25,0,0,0,25
03/27/2022,ISO,NC,ASO,EN,Federal Contract Tower,0,5,15,0,20,0,0,25,0,25,0,5,40,0,45,26,0,26,71
03/28/2022,ISO,NC,ASO,EN,Federal Contract Tower,0,0,8,18,26,0,1,10,12,23,0,1,18,30,49,2,74,76,125
03/29/2022,ISO,NC,ASO,EN,Federal Contract Tower,0,0,12,30,42,0,0,12,6,18,0,0,24,36,60,38,108,146,206
03/30/2022,ISO,NC,ASO,EN,Federal Contract Tower,0,2,9,9,20,0,0,2,5,7,0,2,11,14,27,16,36,52,79
03/31/2022,ISO,NC,ASO,EN,Federal Contract Tower,0,0,7,0,7,0,0,0,2,2,0,0,7,2,9,0,6,6,15
04/01/2022,ISO,NC,ASO,EN,Federal Contract Tower,0,0,10,8,18,0,0,5,2,7,0,0,15,10,25,4,26,30,55
04/02/2022,ISO,NC,ASO,EN,Federal Contract Tower,0,2,5,0,7,0,0,4,0,4,0,2,9,0,11,0,0,0,11
04/03/2022,ISO,NC,ASO,EN,Federal Contract Tower,0,3,5,0,8,0,2,8,0,10,0,5,13,0,18,6,0,6,24
04/04/2022,ISO,NC,ASO,EN,Federal Contract Tower,0,2,8,10,20,0,0,15,5,20,0,2,23,15,40,38,32,70,110
04/05/2022,ISO,NC,ASO,EN,Federal Contract Tower,0,0,5,9,14,0,0,4,6,10,0,0,9,15,24,2,0,2,26
04/06/2022,ISO,NC,ASO,EN,Federal Contract Tower,0,4,12,8,24,0,0,5,5,10,0,4,17,13,34,6,62,68,102
04/07/2022,ISO,NC,ASO,EN,Federal Contract Tower,0,0,12,10,22,0,0,1,5,6,0,0,13,15,28,0,14,14,42
04/08/2022,ISO,NC,ASO,EN,Federal Contract Tower,0,0,15,6,21,0,0,7,3,10,0,0,22,9,31,14,42,56,87
04/09/2022,ISO,NC,ASO,EN,Federal Contract Tower,0,0,11,6,17,0,0,6,0,6,0,0,17,6,23,6,24,30,53
04/10/2022,ISO,NC,ASO,EN,Federal Contract Tower,0,0,3,0,3,0,0,6,0,6,0,0,9,0,9,0,0,0,9
04/11/2022,ISO,NC,ASO,EN,Federal Contract Tower,0,0,13,14,27,0,0,19,1,20,0,0,32,15,47,40,22,62,109
04/12/2022,ISO,NC,ASO,EN,Federal Contract Tower,0,0,9,13,22,0,0,5,15,20,0,0,14,28,42,0,50,50,92
04/13/2022,ISO,NC,ASO,EN,Federal Contract Tower,0,2,7,20,29,0,0,10,11,21,0,2,17,31,50,44,72,116,166
04/14/2022,ISO,NC,ASO,EN,Federal Contract Tower,0,0,15,9,24,0,0,5,3,8,0,0,20,12,32,2,16,18,50
04/15/2022,ISO,NC,ASO,EN,Federal Contract Tower,0,2,16,0,18,0,0,21,3,24,0,2,37,3,42,18,0,18,60
04/16/2022,ISO,NC,ASO,EN,Federal Contract Tower,0,0,6,0,6,0,0,8,2,10,0,0,14,2,16,10,0,10,26
04/17/2022,ISO,NC,ASO,EN,Federal Contract Tower,0,2,4,0,6,0,0,1,0,1,0,2,5,0,7,0,0,0,7
04/18/2022,ISO,NC,ASO,EN,Federal Contract Tower,0,0,7,2,9,0,0,0,0,0,0,0,7,2,9,0,0,0,9
04/19/2022,ISO,NC,ASO,EN,Federal Contract Tower,0,0,17,6,23,0,0,12,8,20,0,0,29,14,43,24,82,106,149
04/20/2022,ISO,NC,ASO,EN,Federal Contract Tower,0,2,27,9,38,0,0,23,7,30,0,2,50,16,68,56,56,112,180
04/21/2022,ISO,NC,ASO,EN,Federal Contract Tower,0,0,11,19,30,0,0,10,6,16,0,0,21,25,46,32,48,80,126
04/22/2022,ISO,NC,ASO,EN,Federal Contract Tower,0,0,4,6,10,0,2,20,10,32,0,2,24,16,42,22,40,62,104
04/23/2022,ISO,NC,ASO,EN,Federal Contract Tower,0,2,7,3,12,0,0,8,4,12,0,2,15,7,24,10,0,10,34
04/24/2022,ISO,NC,ASO,EN,Federal Contract Tower,0,0,12,1,13,0,0,13,0,13,0,0,25,1,26,38,0,38,64
04/25/2022,ISO,NC,ASO,EN,Federal Contract Tower,0,0,14,12,26,0,0,27,11,38,0,0,41,23,64,34,84,118,182
04/26/2022,ISO,NC,ASO,EN,Federal Contract Tower,0,0,10,2,12,0,0,6,0,6,0,0,16,2,18,16,26,42,60
04/27/2022,ISO,NC,ASO,EN,Federal Contract Tower,0,0,8,13,21,0,0,10,5,15,0,0,18,18,36,22,6,28,64
04/28/2022,ISO,NC,ASO,EN,Federal Contract Tower,0,0,8,10,18,0,2,25,9,36,0,2,33,19,54,50,20,70,124
04/29/2022,ISO,NC,ASO,EN,Federal Contract Tower,0,3,11,6,20,0,0,19,2,21,0,3,30,8,41,14,12,26,67
04/30/2022,ISO,NC,ASO,EN,Federal Contract Tower,0,0,3,0,3,0,0,10,0,10,0,0,13,0,13,2,0,2,15
05/01/2022,ISO,NC,ASO,EN,Federal Contract Tower,0,2,2,0,4,0,0,16,0,16,0,2,18,0,20,14,0,14,34
05/02/2022,ISO,NC,ASO,EN,Federal Contract Tower,0,2,22,8,32,0,0,17,10,27,0,2,39,18,59,4,36,40,99
05/03/2022,ISO,NC,ASO,EN,Federal Contract Tower,0,1,18,34,53,0,0,13,19,32,0,1,31,53,85,4,94,98,183
05/04/2022,ISO,NC,ASO,EN,Federal Contract Tower,0,0,10,12,22,0,0,4,8,12,0,0,14,20,34,10,8,18,52
05/05/2022,ISO,NC,ASO,EN,Federal Contract Tower,0,5,32,32,69,0,0,3,2,5,0,5,35,34,74,6,4,10,84
05/06/2022,ISO,NC,ASO,EN,Federal Contract Tower,0,0,11,6,17,0,0,2,1,3,0,0,13,7,20,0,8,8,28
05/07/2022,ISO,NC,ASO,EN,Federal Contract Tower,0,0,4,0,4,0,0,16,0,16,0,0,20,0,20,10,0,10,30
05/08/2022,ISO,NC,ASO,EN,Federal Contract Tower,0,0,8,0,8,0,0,0,0,0,0,0,8,0,8,0,0,0,8
05/09/2022,ISO,NC,ASO,EN,Federal Contract Tower,0,0,12,18,30,0,0,6,2,8,0,0,18,20,38,4,12,16,54
05/10/2022,ISO,NC,ASO,EN,Federal Contract Tower,0,1,9,16,26,0,0,6,8,14,0,1,15,24,40,0,94,94,134
05/11/2022,ISO,NC,ASO,EN,Federal Contract Tower,0,0,6,16,22,0,0,7,3,10,0,0,13,19,32,0,52,52,84
05/12/2022,ISO,NC,ASO,EN,Federal Contract Tower,0,1,12,8,21,0,1,0,0,1,0,2,12,8,22,0,0,0,22
05/13/2022,ISO,NC,ASO,EN,Federal Contract Tower,0,2,10,4,16,0,0,2,6,8,0,2,12,10,24,0,6,6,30
05/14/2022,ISO,NC,ASO,EN,Federal Contract Tower,0,0,1,25,26,0,0,6,0,6,0,0,7,25,32,0,24,24,56
05/15/2022,ISO,NC,ASO,EN,Federal Contract Tower,0,2,9,1,12,0,0,22,0,22,0,2,31,1,34,72,22,94,128
05/16/2022,ISO,NC,ASO,EN,Federal Contract Tower,0,3,12,24,39,0,0,14,17,31,0,3,26,41,70,12,56,68,138
05/17/2022,ISO,NC,ASO,EN,Federal Contract Tower,0,0,9,24,33,0,3,19,12,34,0,3,28,36,67,24,6,30,97
05/18/2022,ISO,NC,ASO,EN,Federal Contract Tower,0,0,6,11,17,0,0,20,6,26,0,0,26,17,43,16,34,50,93
05/19/2022,ISO,NC,ASO,EN,Federal Contract Tower,0,1,19,27,47,0,0,9,6,15,0,1,28,33,62,16,94,110,172
05/20/2022,ISO,NC,ASO,EN,Federal Contract Tower,0,1,9,16,26,0,0,20,14,34,0,1,29,30,60,10,38,48,108
05/21/2022,ISO,NC,ASO,EN,Federal Contract Tower,1,2,14,0,17,0,1,14,0,15,1,3,28,0,32,12,0,12,44
05/22/2022,ISO,NC,ASO,EN,Federal Contract Tower,0,0,4,0,4,0,0,7,0,7,0,0,11,0,11,2,0,2,13
05/23/2022,ISO,NC,ASO,EN,Federal Contract Tower,0,0,7,10,17,0,0,5,8,13,0,0,12,18,30,0,0,0,30
05/24/2022,ISO,NC,ASO,EN,Federal Contract Tower,0,0,17,10,27,0,0,0,13,13,0,0,17,23,40,0,42,42,82
05/25/2022,ISO,NC,ASO,EN,Federal Contract Tower,0,1,23,5,29,0,2,4,2,8,0,3,27,7,37,16,2,18,55
05/26/2022,ISO,NC,ASO,EN,Federal Contract Tower,0,1,23,5,29,0,2,4,2,8,0,3,27,7,37,16,2,18,55
05/27/2022,ISO,NC,ASO,EN,Federal Contract Tower,2,1,5,0,8,0,0,0,0,0,2,1,5,0,8,0,0,0,8
05/28/2022,ISO,NC,ASO,EN,Federal Contract Tower,0,4,7,0,11,0,0,13,0,13,0,4,20,0,24,30,0,30,54
05/29/2022,ISO,NC,ASO,EN,Federal Contract Tower,0,2,4,0,6,0,0,12,0,12,0,2,16,0,18,20,0,20,38
05/30/2022,ISO,NC,ASO,EN,Federal Contract Tower,0,0,7,0,7,0,0,18,0,18,0,0,25,0,25,24,0,24,49
05/31/2022,ISO,NC,ASO,EN,Federal Contract Tower,0,3,12,31,46,0,0,28,10,38,0,3,40,41,84,4,36,40,124
06/01/2022,ISO,NC,ASO,EN,Federal Contract Tower,0,0,5,20,25,0,2,20,8,30,0,2,25,28,55,24,74,98,153
06/02/2022,ISO,NC,ASO,EN,Federal Contract Tower,0,0,6,29,35,0,0,16,9,25,0,0,22,38,60,14,26,40,100
06/03/2022,ISO,NC,ASO,EN,Federal Contract Tower,0,0,9,8,17,0,0,19,13,32,0,0,28,21,49,28,28,56,105
06/04/2022,ISO,NC,ASO,EN,Federal Contract Tower,0,1,3,0,4,0,2,14,3,19,0,3,17,3,23,32,0,32,55
06/05/2022,ISO,NC,ASO,EN,Federal Contract Tower,0,0,5,0,5,0,0,2,0,2,0,0,7,0,7,2,0,2,9
06/06/2022,ISO,NC,ASO,EN,Federal Contract Tower,0,0,8,14,22,0,0,22,12,34,0,0,30,26,56,14,72,86,142
06/07/2022,ISO,NC,ASO,EN,Federal Contract Tower,0,0,8,32,40,0,0,10,17,27,0,0,18,49,67,10,98,108,175
06/08/2022,ISO,NC,ASO,EN,Federal Contract Tower,0,0,7,1,8,0,0,12,0,12,0,0,19,1,20,8,0,8,28
06/09/2022,ISO,NC,ASO,EN,Federal Contract Tower,0,0,12,13,25,0,0,10,5,15,0,0,22,18,40,16,8,24,64
06/10/2022,ISO,NC,ASO,EN,Federal Contract Tower,0,3,11,2,16,0,0,34,2,36,0,3,45,4,52,32,12,44,96
06/11/2022,ISO,NC,ASO,EN,Federal Contract Tower,0,1,13,0,14,0,0,6,0,6,0,1,19,0,20,20,0,20,40
06/12/2022,ISO,NC,ASO,EN,Federal Contract Tower,0,2,3,2,7,0,0,4,2,6,0,2,7,4,13,8,10,18,31
06/13/2022,ISO,NC,ASO,EN,Federal Contract Tower,0,0,10,14,24,0,0,13,11,24,0,0,23,25,48,20,18,38,86
06/14/2022,ISO,NC,ASO,EN,Federal Contract Tower,0,0,11,14,25,0,0,5,13,18,0,0,16,27,43,0,52,52,95
06/15/2022,ISO,NC,ASO,EN,Federal Contract Tower,0,0,15,16,31,0,0,21,6,27,0,0,36,22,58,36,46,82,140
06/16/2022,ISO,NC,ASO,EN,Federal Contract Tower,0,0,10,6,16,0,0,10,2,12,0,0,20,8,28,12,34,46,74
06/17/2022,ISO,NC,ASO,EN,Federal Contract Tower,0,0,7,6,13,0,0,8,7,15,0,0,15,13,28,16,30,46,74
06/18/2022,ISO,NC,ASO,EN,Federal Contract Tower,0,0,15,6,21,0,0,12,0,12,0,0,27,6,33,24,0,24,57
06/19/2022,ISO,NC,ASO,EN,Federal Contract Tower,0,0,3,0,3,0,0,8,0,8,0,0,11,0,11,4,0,4,15
06/20/2022,ISO,NC,ASO,EN,Federal Contract Tower,0,0,7,0,7,0,0,12,0,12,0,0,19,0,19,10,0,10,29
06/21/2022,ISO,NC,ASO,EN,Federal Contract Tower,0,2,11,5,18,0,0,14,11,25,0,2,25,16,43,26,12,38,81
06/22/2022,ISO,NC,ASO,EN,Federal Contract Tower,0,10,16,9,35,0,0,16,6,22,0,10,32,15,57,10,102,112,169
06/23/2022,ISO,NC,ASO,EN,Federal Contract Tower,0,1,5,14,20,0,0,8,3,11,0,1,13,17,31,0,18,18,49
06/24/2022,ISO,NC,ASO,EN,Federal Contract Tower,0,1,14,5,20,0,0,19,16,35,0,1,33,21,55,22,34,56,111
06/25/2022,ISO,NC,ASO,EN,Federal Contract Tower,0,2,6,0,8,0,0,3,0,3,0,2,9,0,11,4,0,4,15
06/26/2022,ISO,NC,ASO,EN,Federal Contract Tower,0,2,9,0,11,0,0,11,0,11,0,2,20,0,22,12,0,12,34
06/27/2022,ISO,NC,ASO,EN,Federal Contract Tower,0,0,3,6,9,0,0,2,8,10,0,0,5,14,19,2,20,22,41
06/28/2022,ISO,NC,ASO,EN,Federal Contract Tower,0,0,13,16,29,0,0,14,13,27,0,0,27,29,56,20,22,42,98
06/29/2022,ISO,NC,ASO,EN,Federal Contract Tower,0,1,11,4,16,0,0,2,1,3,0,1,13,5,19,10,14,24,43
06/30/2022,ISO,NC,ASO,EN,Federal Contract Tower,0,0,11,18,29,0,0,9,9,18,0,0,20,27,47,2,50,52,99
07/01/2022,ISO,NC,ASO,EN,Federal Contract Tower,0,0,5,3,8,0,0,10,1,11,0,0,15,4,19,12,4,16,35
07/02/2022,ISO,NC,ASO,EN,Federal Contract Tower,0,0,5,0,5,0,0,1,0,1,0,0,6,0,6,0,0,0,6
07/03/2022,ISO,NC,ASO,EN,Federal Contract Tower,0,0,3,0,3,0,0,0,0,0,0,0,3,0,3,0,0,0,3
07/04/2022,ISO,NC,ASO,EN,Federal Contract Tower,0,0,8,0,8,0,0,3,0,3,0,0,11,0,11,0,0,0,11
07/05/2022,ISO,NC,ASO,EN,Federal Contract Tower,0,0,7,2,9,0,0,3,0,3,0,0,10,2,12,2,0,2,14
07/06/2022,ISO,NC,ASO,EN,Federal Contract Tower,0,0,10,15,25,0,0,19,1,20,0,0,29,16,45,4,36,40,85
07/07/2022,ISO,NC,ASO,EN,Federal Contract Tower,0,0,8,22,30,0,0,8,2,10,0,0,16,24,40,2,74,76,116
07/08/2022,ISO,NC,ASO,EN,Federal Contract Tower,0,2,12,10,24,0,0,0,0,0,0,2,12,10,24,0,0,0,24
07/09/2022,ISO,NC,ASO,EN,Federal Contract Tower,0,0,6,2,8,0,0,2,0,2,0,0,8,2,10,14,0,14,24
07/10/2022,ISO,NC,ASO,EN,Federal Contract Tower,0,2,6,0,8,0,0,1,0,1,0,2,7,0,9,0,0,0,9
07/11/2022,ISO,NC,ASO,EN,Federal Contract Tower,0,0,18,18,36,0,0,2,3,5,0,0,20,21,41,0,12,12,53
07/12/2022,ISO,NC,ASO,EN,Federal Contract Tower,0,0,13,26,39,0,0,13,11,24,0,0,26,37,63,18,88,106,169
07/13/2022,ISO,NC,ASO,EN,Federal Contract Tower,0,0,6,4,10,0,0,4,4,8,0,0,10,8,18,0,2,2,20
07/14/2022,ISO,NC,ASO,EN,Federal Contract Tower,0,0,10,9,19,0,0,0,4,4,0,0,10,13,23,0,38,38,61
07/15/2022,ISO,NC,ASO,EN,Federal Contract Tower,0,0,11,12,23,0,0,10,7,17,0,0,21,19,40,0,12,12,52
07/16/2022,ISO,NC,ASO,EN,Federal Contract Tower,0,0,12,1,13,0,0,7,18,25,0,0,19,19,38,0,0,0,38
07/17/2022,ISO,NC,ASO,EN,Federal Contract Tower,0,0,13,2,15,0,0,19,0,19,0,0,32,2,34,34,10,44,78
07/18/2022,ISO,NC,ASO,EN,Federal Contract Tower,0,0,13,4,17,0,0,14,1,15,0,0,27,5,32,16,2,18,50
07/19/2022,ISO,NC,ASO,EN,Federal Contract Tower,0,2,7,16,25,0,0,7,8,15,0,2,14,24,40,10,52,62,102
07/20/2022,ISO,NC,ASO,EN,Federal Contract Tower,0,0,7,15,22,0,4,10,4,18,0,4,17,19,40,23,48,71,111
07/21/2022,ISO,NC,ASO,EN,Federal Contract Tower,0,0,12,10,22,0,1,11,7,19,0,1,23,17,41,2,50,52,93
07/22/2022,ISO,NC,ASO,EN,Federal Contract Tower,0,2,16,11,29,0,0,13,4,17,0,2,29,15,46,46,68,114,160
07/23/2022,ISO,NC,ASO,EN,Federal Contract Tower,0,2,4,0,6,0,0,22,4,26,0,2,26,4,32,14,18,32,64
07/24/2022,ISO,NC,ASO,EN,Federal Contract Tower,0,2,4,0,6,0,0,0,0,0,0,2,4,0,6,2,0,2,8
07/25/2022,ISO,NC,ASO,EN,Federal Contract Tower,0,2,9,12,23,0,0,7,9,16,0,2,16,21,39,0,42,42,81
07/26/2022,ISO,NC,ASO,EN,Federal Contract Tower,0,5,14,23,42,0,0,9,5,14,0,5,23,28,56,28,50,78,134
07/27/2022,ISO,NC,ASO,EN,Federal Contract Tower,0,0,20,7,27,0,0,11,5,16,0,0,31,12,43,4,18,22,65
07/28/2022,ISO,NC,ASO,EN,Federal Contract Tower,0,1,11,24,36,0,0,9,4,13,0,1,20,28,49,0,44,44,93
07/29/2022,ISO,NC,ASO,EN,Federal Contract Tower,0,0,1,9,10,0,0,11,4,15,0,0,12,13,25,4,22,26,51
07/30/2022,ISO,NC,ASO,EN,Federal Contract Tower,0,1,3,0,4,0,0,12,0,12,0,1,15,0,16,8,0,8,24
07/31/2022,ISO,NC,ASO,EN,Federal Contract Tower,0,0,9,0,9,0,0,2,0,2,0,0,11,0,11,0,0,0,11
08/01/2022,ISO,NC,ASO,EN,Federal Contract Tower,0,0,14,9,23,0,0,8,5,13,0,0,22,14,36,32,10,42,78
08/02/2022,ISO,NC,ASO,EN,Federal Contract Tower,0,2,14,6,22,0,0,10,2,12,0,2,24,8,34,20,10,30,64
08/03/2022,ISO,NC,ASO,EN,Federal Contract Tower,0,0,12,15,27,0,0,20,7,27,0,0,32,22,54,24,20,44,98
08/04/2022,ISO,NC,ASO,EN,Federal Contract Tower,0,0,8,17,25,0,0,7,7,14,0,0,15,24,39,18,50,68,107
08/05/2022,ISO,NC,ASO,EN,Federal Contract Tower,0,2,11,13,26,0,0,21,9,30,0,2,32,22,56,48,40,88,144
08/06/2022,ISO,NC,ASO,EN,Federal Contract Tower,0,0,7,6,13,0,0,0,0,0,0,0,7,6,13,0,18,18,31
08/07/2022,ISO,NC,ASO,EN,Federal Contract Tower,0,2,6,0,8,0,0,16,0,16,0,2,22,0,24,16,0,16,40
08/08/2022,ISO,NC,ASO,EN,Federal Contract Tower,0,0,6,9,15,0,0,19,8,27,0,0,25,17,42,24,10,34,76
08/09/2022,ISO,NC,ASO,EN,Federal Contract Tower,0,1,8,7,16,0,2,17,1,20,0,3,25,8,36,8,8,16,52
08/10/2022,ISO,NC,ASO,EN,Federal Contract Tower,0,4,8,11,23,0,0,17,4,21,0,4,25,15,44,40,24,64,108
08/11/2022,ISO,NC,ASO,EN,Federal Contract Tower,0,5,14,2,21,0,0,6,4,10,0,5,20,6,31,0,12,12,43
08/12/2022,ISO,NC,ASO,EN,Federal Contract Tower,0,3,4,4,11,0,0,0,0,0,0,3,4,4,11,0,0,0,11
08/13/2022,ISO,NC,ASO,EN,Federal Contract Tower,0,6,0,0,6,0,0,15,0,15,0,6,15,0,21,4,0,4,25
08/14/2022,ISO,NC,ASO,EN,Federal Contract Tower,0,3,3,0,6,0,0,14,0,14,0,3,17,0,20,0,0,0,20
08/15/2022,ISO,NC,ASO,EN,Federal Contract Tower,0,0,11,2,13,0,0,6,0,6,0,0,17,2,19,12,0,12,31
08/16/2022,ISO,NC,ASO,EN,Federal Contract Tower,0,6,12,16,34,0,0,5,6,11,0,6,17,22,45,8,42,50,95
08/17/2022,ISO,NC,ASO,EN,Federal Contract Tower,0,3,14,9,26,0,0,4,9,13,0,3,18,18,39,0,34,34,73
08/18/2022,ISO,NC,ASO,EN,Federal Contract Tower,0,9,4,19,32,0,2,23,17,42,0,11,27,36,74,10,110,120,194
08/19/2022,ISO,NC,ASO,EN,Federal Contract Tower,10,0,3,4,17,1,0,7,4,12,11,0,10,8,29,24,8,32,61
08/20/2022,ISO,NC,ASO,EN,Federal Contract Tower,0,4,14,0,18,0,0,7,0,7,0,4,21,0,25,8,0,8,33
08/21/2022,ISO,NC,ASO,EN,Federal Contract Tower,0,4,1,0,5,0,0,11,0,11,0,4,12,0,16,0,0,0,16
08/22/2022,ISO,NC,ASO,EN,Federal Contract Tower,0,6,9,8,23,0,0,2,11,13,0,6,11,19,36,0,18,18,54
08/23/2022,ISO,NC,ASO,EN,Federal Contract Tower,0,14,5,14,33,0,0,4,5,9,0,14,9,19,42,4,32,36,78
08/24/2022,ISO,NC,ASO,EN,Federal Contract Tower,0,8,3,5,16,0,3,26,8,37,0,11,29,13,53,46,12,58,111
08/25/2022,ISO,NC,ASO,EN,Federal Contract Tower,0,7,8,13,28,0,0,11,7,18,0,7,19,20,46,6,10,16,62
08/26/2022,ISO,NC,ASO,EN,Federal Contract Tower,0,8,9,14,31,0,0,13,8,21,0,8,22,22,52,40,56,96,148
08/27/2022,ISO,NC,ASO,EN,Federal Contract Tower,0,2,1,0,3,0,0,19,0,19,0,2,20,0,22,30,0,30,52
08/28/2022,ISO,NC,ASO,EN,Federal Contract Tower,0,3,2,0,5,0,0,10,0,10,0,3,12,0,15,22,0,22,37
08/29/2022,ISO,NC,ASO,EN,Federal Contract Tower,0,6,6,11,23,0,2,3,7,12,0,8,9,18,35,8,20,28,63
08/30/2022,ISO,NC,ASO,EN,Federal Contract Tower,0,3,8,17,28,0,0,6,11,17,0,3,14,28,45,6,76,82,127
08/31/2022,ISO,NC,ASO,EN,Federal Contract Tower,0,9,7,26,42,0,0,13,15,28,0,9,20,41,70,30,102,132,202
09/01/2022,ISO,NC,ASO,EN,Federal Contract Tower,0,10,18,9,37,0,4,24,9,37,0,14,42,18,74,13,30,43,117
09/02/2022,ISO,NC,ASO,EN,Federal Contract Tower,0,8,5,2,15,0,0,19,0,19,0,8,24,2,34,6,38,44,78
09/03/2022,ISO,NC,ASO,EN,Federal Contract Tower,0,4,5,4,13,0,2,7,0,9,0,6,12,4,22,0,0,0,22
09/04/2022,ISO,NC,ASO,EN,Federal Contract Tower,0,6,2,0,8,0,0,16,0,16,0,6,18,0,24,18,0,18,42
09/05/2022,ISO,NC,ASO,EN,Federal Contract Tower,0,6,0,0,6,0,0,7,0,7,0,6,7,0,13,8,0,8,21
09/06/2022,ISO,NC,ASO,EN,Federal Contract Tower,0,5,3,11,19,0,0,4,5,9,0,5,7,16,28,2,20,22,50
09/07/2022,ISO,NC,ASO,EN,Federal Contract Tower,0,6,2,14,22,0,0,1,6,7,0,6,3,20,29,8,66,74,103
09/08/2022,ISO,NC,ASO,EN,Federal Contract Tower,0,7,10,29,46,0,0,5,12,17,0,7,15,41,63,12,52,64,127
09/09/2022,ISO,NC,ASO,EN,Federal Contract Tower,0,1,3,12,16,0,0,13,11,24,0,1,16,23,40,24,22,46,86
09/10/2022,ISO,NC,ASO,EN,Federal Contract Tower,0,0,8,2,10,0,0,0,1,1,0,0,8,3,11,0,6,6,17
09/11/2022,ISO,NC,ASO,EN,Federal Contract Tower,0,5,2,3,10,0,0,3,1,4,0,5,5,4,14,4,0,4,18
09/12/2022,ISO,NC,ASO,EN,Federal Contract Tower,0,3,7,9,19,0,0,3,4,7,0,3,10,13,26,12,10,22,48
09/13/2022,ISO,NC,ASO,EN,Federal Contract Tower,0,3,9,15,27,0,1,18,8,27,0,4,27,23,54,26,46,72,126
09/14/2022,ISO,NC,ASO,EN,Federal Contract Tower,0,4,9,10,23,0,0,38,11,49,0,4,47,21,72,34,92,126,198
09/15/2022,ISO,NC,ASO,EN,Federal Contract Tower,0,5,12,12,29,0,0,32,4,36,0,5,44,16,65,18,14,32,97
09/16/2022,ISO,NC,ASO,EN,Federal Contract Tower,0,6,7,11,24,0,2,31,12,45,0,8,38,23,69,6,22,28,97
09/17/2022,ISO,NC,ASO,EN,Federal Contract Tower,0,5,2,0,7,0,0,28,0,28,0,5,30,0,35,38,12,50,85
09/18/2022,ISO,NC,ASO,EN,Federal Contract Tower,0,4,0,0,4,0,0,20,0,20,0,4,20,0,24,7,0,7,31
09/19/2022,ISO,NC,ASO,EN,Federal Contract Tower,0,4,8,10,22,0,0,16,13,29,0,4,24,23,51,26,0,26,77
09/20/2022,ISO,NC,ASO,EN,Federal Contract Tower,0,7,11,15,33,0,0,11,10,21,0,7,22,25,54,18,47,65,119
09/21/2022,ISO,NC,ASO,EN,Federal Contract Tower,0,9,7,17,33,0,2,15,10,27,0,11,22,27,60,24,58,82,142
09/22/2022,ISO,NC,ASO,EN,Federal Contract Tower,0,4,6,5,15,0,0,4,7,11,0,4,10,12,26,14,73,87,113
09/23/2022,ISO,NC,ASO,EN,Federal Contract Tower,0,3,6,8,17,0,2,13,11,26,0,5,19,19,43,36,72,108,151
09/24/2022,ISO,NC,ASO,EN,Federal Contract Tower,0,6,13,0,19,0,0,21,0,21,0,6,34,0,40,24,0,24,64
09/25/2022,ISO,NC,ASO,EN,Federal Contract Tower,0,1,3,0,4,0,19,13,0,32,0,20,16,0,36,20,0,20,56
09/26/2022,ISO,NC,ASO,EN,Federal Contract Tower,0,3,14,22,39,0,6,16,14,36,0,9,30,36,75,24,38,62,137
09/27/2022,ISO,NC,ASO,EN,Federal Contract Tower,0,5,8,19,32,0,0,14,17,31,0,5,22,36,63,30,64,94,157
09/28/2022,ISO,NC,ASO,EN,Federal Contract Tower,0,5,7,21,33,0,0,29,10,39,0,5,36,31,72,36,32,68,140
09/29/2022,ISO,NC,ASO,EN,Federal Contract Tower,0,9,2,15,26,0,2,0,1,3,0,11,2,16,29,0,4,4,33
09/30/2022,ISO,NC,ASO,EN,Federal Contract Tower,0,0,2,0,2,0,0,0,0,0,0,0,2,0,2,0,0,0,2
10/01/2022,ISO,NC,ASO,EN,Federal Contract Tower,0,3,2,0,5,0,0,5,0,5,0,3,7,0,10,4,0,4,14
10/02/2022,ISO,NC,ASO,EN,Federal Contract Tower,0,1,5,2,8,0,0,5,0,5,0,1,10,2,13,30,16,46,59
10/03/2022,ISO,NC,ASO,EN,Federal Contract Tower,0,2,11,4,17,0,0,0,0,0,0,2,11,4,17,0,0,0,17
10/04/2022,ISO,NC,ASO,EN,Federal Contract Tower,0,3,14,28,45,0,0,9,2,11,0,3,23,30,56,0,12,12,68
10/05/2022,ISO,NC,ASO,EN,Federal Contract Tower,0,2,3,9,14,0,0,20,8,28,0,2,23,17,42,26,34,60,102
10/06/2022,ISO,NC,ASO,EN,Federal Contract Tower,0,3,1,18,22,0,0,21,6,27,0,3,22,24,49,32,52,84,133
10/07/2022,ISO,NC,ASO,EN,Federal Contract Tower,0,2,16,9,27,0,0,28,0,28,0,2,44,9,55,50,35,85,140
10/08/2022,ISO,NC,ASO,EN,Federal Contract Tower,0,2,0,1,3,0,0,22,1,23,0,2,22,2,26,12,8,20,46
10/09/2022,ISO,NC,ASO,EN,Federal Contract Tower,0,3,1,0,4,0,0,8,0,8,0,3,9,0,12,10,0,10,22
10/10/2022,ISO,NC,ASO,EN,Federal Contract Tower,0,1,10,0,11,0,0,8,0,8,0,1,18,0,19,30,0,30,49
10/11/2022,ISO,NC,ASO,EN,Federal Contract Tower,0,5,9,6,20,0,0,7,3,10,0,5,16,9,30,24,40,64,94
10/12/2022,ISO,NC,ASO,EN,Federal Contract Tower,0,6,11,19,36,0,0,15,15,30,0,6,26,34,66,24,60,84,150
10/13/2022,ISO,NC,ASO,EN,Federal Contract Tower,0,5,2,7,14,0,0,0,8,8,0,5,2,15,22,0,20,20,42
10/14/2022,ISO,NC,ASO,EN,Federal Contract Tower,0,4,12,17,33,0,2,4,11,17,0,6,16,28,50,6,22,28,78
10/15/2022,ISO,NC,ASO,EN,Federal Contract Tower,0,4,2,6,12,0,3,6,2,11,0,7,8,8,23,62,32,94,117
10/16/2022,ISO,NC,ASO,EN,Federal Contract Tower,0,11,3,0,14,0,0,11,4,15,0,11,14,4,29,12,52,64,93
10/17/2022,ISO,NC,ASO,EN,Federal Contract Tower,0,6,4,7,17,0,0,0,5,5,0,6,4,12,22,0,44,44,66
10/18/2022,ISO,NC,ASO,EN,Federal Contract Tower,0,3,7,5,15,0,0,11,6,17,0,3,18,11,32,14,46,60,92
10/19/2022,ISO,NC,ASO,EN,Federal Contract Tower,0,5,8,10,23,0,0,17,5,22,0,5,25,15,45,14,34,48,93
10/20/2022,ISO,NC,ASO,EN,Federal Contract Tower,0,8,8,16,32,0,0,15,8,23,0,8,23,24,55,6,36,42,97
10/21/2022,ISO,NC,ASO,EN,Federal Contract Tower,0,2,0,10,12,0,0,15,7,22,0,2,15,17,34,16,92,108,142
10/22/2022,ISO,NC,ASO,EN,Federal Contract Tower,0,3,4,0,7,0,2,11,0,13,0,5,15,0,20,38,0,38,58
10/23/2022,ISO,NC,ASO,EN,Federal Contract Tower,0,0,1,0,1,0,0,4,0,4,0,0,5,0,5,0,0,0,5
10/24/2022,ISO,NC,ASO,EN,Federal Contract Tower,0,5,4,17,26,0,0,10,4,14,0,5,14,21,40,8,48,56,96
10/25/2022,ISO,NC,ASO,EN,Federal Contract Tower,0,3,7,20,30,0,0,2,1,3,0,3,9,21,33,0,4,4,37
10/26/2022,ISO,NC,ASO,EN,Federal Contract Tower,0,5,10,24,39,0,0,0,9,9,0,5,10,33,48,0,56,56,104
10/27/2022,ISO,NC,ASO,EN,Federal Contract Tower,0,4,10,15,29,0,12,7,0,19,0,16,17,15,48,20,38,58,106
10/28/2022,ISO,NC,ASO,EN,Federal Contract Tower,0,4,5,7,16,0,0,15,2,17,0,4,20,9,33,4,62,66,99
10/29/2022,ISO,NC,ASO,EN,Federal Contract Tower,0,5,7,0,12,0,0,1,0,1,0,5,8,0,13,0,0,0,13
10/30/2022,ISO,NC,ASO,EN,Federal Contract Tower,0,4,1,0,5,0,0,10,0,10,0,4,11,0,15,10,0,10,25
10/31/2022,ISO,NC,ASO,EN,Federal Contract Tower,0,5,13,13,31,0,0,13,9,22,0,5,26,22,53,22,22,44,97
11/01/2022,ISO,NC,ASO,EN,Federal Contract Tower,0,4,10,22,36,0,0,9,1,10,0,4,19,23,46,14,2,16,62
11/02/2022,ISO,NC,ASO,EN,Federal Contract Tower,0,4,8,18,30,0,0,32,5,37,0,4,40,23,67,42,54,96,163
11/03/2022,ISO,NC,ASO,EN,Federal Contract Tower,0,1,10,18,29,0,0,6,8,14,0,1,16,26,43,6,2,8,51
11/04/2022,ISO,NC,ASO,EN,Federal Contract Tower,0,4,5,4,13,0,0,2,6,8,0,4,7,10,21,0,2,2,23
11/05/2022,ISO,NC,ASO,EN,Federal Contract Tower,0,3,5,0,8,0,0,13,0,13,0,3,18,0,21,12,0,12,33
11/06/2022,ISO,NC,ASO,EN,Federal Contract Tower,0,2,0,2,4,0,0,3,2,5,0,2,3,4,9,0,8,8,17
11/07/2022,ISO,NC,ASO,EN,Federal Contract Tower,0,3,11,9,23,0,0,25,15,40,0,3,36,24,63,16,56,72,135
11/08/2022,ISO,NC,ASO,EN,Federal Contract Tower,0,3,7,16,26,0,0,5,10,15,0,3,12,26,41,0,38,38,79
11/09/2022,ISO,NC,ASO,EN,Federal Contract Tower,0,7,19,12,38,0,0,5,4,9,0,7,24,16,47,0,46,46,93
11/10/2022,ISO,NC,ASO,EN,Federal Contract Tower,0,3,7,7,17,0,0,0,4,4,0,3,7,11,21,0,10,10,31
11/11/2022,ISO,NC,ASO,EN,Federal Contract Tower,0,6,3,0,9,0,0,0,0,0,0,6,3,0,9,0,0,0,9
11/12/2022,ISO,NC,ASO,EN,Federal Contract Tower,0,0,6,0,6,0,0,2,0,2,0,0,8,0,8,0,0,0,8
11/13/2022,ISO,NC,ASO,EN,Federal Contract Tower,0,3,2,1,6,0,0,2,0,2,0,3,4,1,8,2,0,2,10
11/14/2022,ISO,NC,ASO,EN,Federal Contract Tower,0,1,14,9,24,0,0,10,5,15,0,1,24,14,39,24,0,24,63
11/15/2022,ISO,NC,ASO,EN,Federal Contract Tower,0,2,5,30,37,0,0,4,21,25,0,2,9,51,62,4,70,74,136
11/16/2022,ISO,NC,ASO,EN,Federal Contract Tower,0,8,11,6,25,0,0,16,3,19,0,8,27,9,44,2,46,48,92
11/17/2022,ISO,NC,ASO,EN,Federal Contract Tower,0,4,8,14,26,0,0,20,19,39,0,4,28,33,65,14,56,70,135
11/18/2022,ISO,NC,ASO,EN,Federal Contract Tower,0,3,6,6,15,0,0,26,9,35,0,3,32,15,50,46,34,80,130
11/19/2022,ISO,NC,ASO,EN,Federal Contract Tower,0,2,6,2,10,0,0,24,2,26,0,2,30,4,36,18,0,18,54
11/20/2022,ISO,NC,ASO,EN,Federal Contract Tower,0,1,5,0,6,0,0,9,0,9,0,1,14,0,15,0,0,0,15
11/21/2022,ISO,NC,ASO,EN,Federal Contract Tower,0,2,6,5,13,0,0,9,13,22,0,2,15,18,35,28,54,82,117
11/22/2022,ISO,NC,ASO,EN,Federal Contract Tower,0,10,5,11,26,0,0,21,4,25,0,10,26,15,51,50,58,108,159
11/23/2022,ISO,NC,ASO,EN,Federal Contract Tower,0,3,0,2,5,0,0,14,2,16,0,3,14,4,21,20,46,66,87
11/24/2022,ISO,NC,ASO,EN,Federal Contract Tower,0,3,1,0,4,0,0,6,0,6,0,3,7,0,10,0,0,0,10
11/25/2022,ISO,NC,ASO,EN,Federal Contract Tower,0,0,0,0,0,0,0,4,0,4,0,0,4,0,4,16,0,16,20
11/26/2022,ISO,NC,ASO,EN,Federal Contract Tower,0,4,4,0,8,0,0,11,0,11,0,4,15,0,19,18,0,18,37
11/27/2022,ISO,NC,ASO,EN,Federal Contract Tower,0,10,1,0,11,0,0,0,0,0,0,10,1,0,11,0,0,0,11
11/28/2022,ISO,NC,ASO,EN,Federal Contract Tower,0,5,8,18,31,0,0,10,15,25,0,5,18,33,56,22,60,82,138
11/29/2022,ISO,NC,ASO,EN,Federal Contract Tower,0,7,4,30,41,0,0,8,19,27,0,7,12,49,68,0,52,52,120
11/30/2022,ISO,NC,ASO,EN,Federal Contract Tower,0,6,7,4,17,0,0,0,7,7,0,6,7,11,24,0,6,6,30
12/01/2022,ISO,NC,ASO,EN,Federal Contract Tower,1,3,11,13,28,0,4,11,12,27,1,7,22,25,55,10,44,54,109
12/02/2022,ISO,NC,ASO,EN,Federal Contract Tower,0,2,10,7,19,0,0,6,9,15,0,2,16,16,34,12,40,52,86
12/03/2022,ISO,NC,ASO,EN,Federal Contract Tower,0,4,6,0,10,0,0,0,0,0,0,4,6,0,10,14,0,14,24
12/04/2022,ISO,NC,ASO,EN,Federal Contract Tower,0,5,0,0,5,0,0,12,0,12,0,5,12,0,17,14,0,14,31
12/05/2022,ISO,NC,ASO,EN,Federal Contract Tower,0,5,8,11,24,0,0,23,3,26,0,5,31,14,50,34,10,44,94
12/06/2022,ISO,NC,ASO,EN,Federal Contract Tower,0,4,10,11,25,0,0,9,17,26,0,4,19,28,51,10,80,90,141
12/07/2022,ISO,NC,ASO,EN,Federal Contract Tower,0,1,8,14,23,0,1,6,57,64,0,2,14,71,87,0,20,20,107
12/08/2022,ISO,NC,ASO,EN,Federal Contract Tower,0,13,10,34,57,0,2,1,40,43,0,15,11,74,100,0,26,26,126
12/09/2022,ISO,NC,ASO,EN,Federal Contract Tower,0,5,1,22,28,0,0,6,12,18,0,5,7,34,46,26,56,82,128
12/10/2022,ISO,NC,ASO,EN,Federal Contract Tower,0,6,8,0,14,0,10,11,0,21,0,16,19,0,35,20,0,20,55
12/11/2022,ISO,NC,ASO,EN,Federal Contract Tower,0,6,1,0,7,0,1,12,0,13,0,7,13,0,20,44,0,44,64
12/12/2022,ISO,NC,ASO,EN,Federal Contract Tower,0,6,8,21,35,0,0,11,8,19,0,6,19,29,54,18,104,122,176
12/13/2022,ISO,NC,ASO,EN,Federal Contract Tower,0,9,8,13,30,0,0,22,22,44,0,9,30,35,74,58,56,114,188
12/14/2022,ISO,NC,ASO,EN,Federal Contract Tower,0,8,8,31,47,0,0,8,9,17,0,8,16,40,64,4,48,52,116
12/15/2022,ISO,NC,ASO,EN,Federal Contract Tower,0,4,0,0,4,0,0,0,0,0,0,4,0,0,4,0,0,0,4
12/16/2022,ISO,NC,ASO,EN,Federal Contract Tower,0,6,2,3,11,0,0,9,1,10,0,6,11,4,21,20,16,36,57
12/17/2022,ISO,NC,ASO,EN,Federal Contract Tower,0,8,4,2,14,0,0,20,2,22,0,8,24,4,36,20,14,34,70
12/18/2022,ISO,NC,ASO,EN,Federal Contract Tower,0,9,0,0,9,0,0,8,0,8,0,9,8,0,17,2,0,2,19
12/19/2022,ISO,NC,ASO,EN,Federal Contract Tower,0,7,1,14,22,0,0,5,4,9,0,7,6,18,31,28,10,38,69
12/20/2022,ISO,NC,ASO,EN,Federal Contract Tower,0,6,3,12,21,0,2,14,6,22,0,8,17,18,43,19,52,71,114
12/21/2022,ISO,NC,ASO,EN,Federal Contract Tower,0,9,4,17,30,0,3,14,2,19,0,12,18,19,49,0,14,14,63
12/22/2022,ISO,NC,ASO,EN,Federal Contract Tower,0,5,1,0,6,0,0,0,0,0,0,5,1,0,6,0,0,0,6
12/23/2022,ISO,NC,ASO,EN,Federal Contract Tower,2,5,1,0,8,0,0,0,0,0,2,5,1,0,8,0,0,0,8
12/24/2022,ISO,NC,ASO,EN,Federal Contract Tower,0,4,0,0,4,0,0,0,0,0,0,4,0,0,4,2,0,2,6
12/25/2022,ISO,NC,ASO,EN,Federal Contract Tower,0,3,2,0,5,0,1,2,0,3,0,4,4,0,8,0,0,0,8
12/26/2022,ISO,NC,ASO,EN,Federal Contract Tower,0,11,4,0,15,0,0,5,0,5,0,11,9,0,20,14,0,14,34
12/27/2022,ISO,NC,ASO,EN,Federal Contract Tower,0,5,8,3,16,0,0,6,3,9,0,5,14,6,25,18,4,22,47
12/28/2022,ISO,NC,ASO,EN,Federal Contract Tower,0,8,9,17,34,0,0,17,6,23,0,8,26,23,57,22,62,84,141
12/29/2022,ISO,NC,ASO,EN,Federal Contract Tower,0,3,0,13,16,0,4,21,6,31,0,7,21,19,47,8,52,60,107
12/30/2022,ISO,NC,ASO,EN,Federal Contract Tower,0,5,7,0,12,0,1,10,4,15,0,6,17,4,27,6,24,30,57
12/31/2022,ISO,NC,ASO,EN,Federal Contract Tower,0,4,0,0,4,0,1,0,0,1,0,5,0,0,5,0,0,0,5
01/01/2023,ISO,NC,ASO,EN,Federal Contract Tower,0,5,2,0,7,0,0,0,0,0,0,5,2,0,7,8,0,8,15
01/02/2023,ISO,NC,ASO,EN,Federal Contract Tower,0,10,3,0,13,0,1,4,0,5,0,11,7,0,18,6,0,6,24
01/03/2023,ISO,NC,ASO,EN,Federal Contract Tower,0,4,5,12,21,0,0,19,4,23,0,4,24,16,44,60,20,80,124
01/04/2023,ISO,NC,ASO,EN,Federal Contract Tower,0,6,3,18,27,0,0,4,2,6,0,6,7,20,33,0,24,24,57
01/05/2023,ISO,NC,ASO,EN,Federal Contract Tower,0,5,7,29,41,0,3,29,7,39,0,8,36,36,80,42,72,114,194
01/06/2023,ISO,NC,ASO,EN,Federal Contract Tower,0,14,3,10,27,0,2,22,11,35,0,16,25,21,62,4,52,56,118
01/07/2023,ISO,NC,ASO,EN,Federal Contract Tower,0,6,3,2,11,0,1,18,0,19,0,7,21,2,30,24,0,24,54
01/08/2023,ISO,NC,ASO,EN,Federal Contract Tower,0,3,2,0,5,0,0,1,0,1,0,3,3,0,6,0,0,0,6
01/09/2023,ISO,NC,ASO,EN,Federal Contract Tower,0,4,3,5,12,0,0,5,36,41,0,4,8,41,53,2,62,64,117
01/10/2023,ISO,NC,ASO,EN,Federal Contract Tower,0,7,4,24,35,0,0,11,18,29,0,7,15,42,64,20,90,110,174
01/11/2023,ISO,NC,ASO,EN,Federal Contract Tower,0,5,17,13,35,0,0,23,12,35,0,5,40,25,70,23,60,83,153
01/12/2023,ISO,NC,ASO,EN,Federal Contract Tower,0,5,9,25,39,0,0,3,6,9,0,5,12,31,48,4,118,122,170
01/13/2023,ISO,NC,ASO,EN,Federal Contract Tower,0,9,5,3,17,0,0,4,6,10,0,9,9,9,27,6,0,6,33
01/14/2023,ISO,NC,ASO,EN,Federal Contract Tower,0,6,2,0,8,0,0,11,0,11,0,6,13,0,19,20,0,20,39
01/15/2023,ISO,NC,ASO,EN,Federal Contract Tower,0,8,2,0,10,0,0,20,0,20,0,8,22,0,30,24,0,24,54
01/16/2023,ISO,NC,ASO,EN,Federal Contract Tower,0,10,4,0,14,0,0,16,0,16,0,10,20,0,30,68,0,68,98
01/17/2023,ISO,NC,ASO,EN,Federal Contract Tower,0,5,10,2,17,0,0,4,4,8,0,5,14,6,25,0,2,2,27
01/18/2023,ISO,NC,ASO,EN,Federal Contract Tower,0,10,10,31,51,0,6,25,14,45,0,16,35,45,96,20,88,108,204
01/19/2023,ISO,NC,ASO,EN,Federal Contract Tower,0,16,6,21,43,0,6,6,6,18,0,22,12,27,61,0,108,108,169
01/20/2023,ISO,NC,ASO,EN,Federal Contract Tower,0,16,6,14,36,0,0,14,8,22,0,16,20,22,58,82,40,122,180
01/21/2023,ISO,NC,ASO,EN,Federal Contract Tower,0,9,6,2,17,0,2,45,2,49,0,11,51,4,66,26,28,54,120
01/22/2023,ISO,NC,ASO,EN,Federal Contract Tower,1,6,1,0,8,0,0,0,0,0,1,6,1,0,8,0,0,0,8
01/23/2023,ISO,NC,ASO,EN,Federal Contract Tower,0,9,3,8,20,0,0,2,8,10,0,9,5,16,30,4,24,28,58
01/24/2023,ISO,NC,ASO,EN,Federal Contract Tower,0,5,10,11,26,0,2,26,7,35,0,7,36,18,61,36,64,100,161
01/25/2023,ISO,NC,ASO,EN,Federal Contract Tower,0,4,3,4,11,0,0,0,7,7,0,4,3,11,18,0,28,28,46
01/26/2023,ISO,NC,ASO,EN,Federal Contract Tower,0,6,9,6,21,0,0,25,6,31,0,6,34,12,52,38,52,90,142
01/27/2023,ISO,NC,ASO,EN,Federal Contract Tower,0,13,10,12,35,0,0,24,8,32,0,13,34,20,67,54,40,94,161
01/28/2023,ISO,NC,ASO,EN,Federal Contract Tower,0,3,6,0,9,0,0,28,0,28,0,3,34,0,37,32,0,32,69
01/29/2023,ISO,NC,ASO,EN,Federal Contract Tower,0,10,1,0,11,0,0,10,0,10,0,10,11,0,21,20,0,20,41
01/30/2023,ISO,NC,ASO,EN,Federal Contract Tower,0,6,6,7,19,0,0,0,0,0,0,6,6,7,19,0,0,0,19
01/31/2023,ISO,NC,ASO,EN,Federal Contract Tower,0,8,3,9,20,0,0,0,0,0,0,8,3,9,20,0,0,0,20
02/01/2023,ISO,NC,ASO,EN,Federal Contract Tower,0,13,2,7,22,0,1,0,0,1,0,14,2,7,23,0,0,0,23
02/02/2023,ISO,NC,ASO,EN,Federal Contract Tower,0,6,1,8,15,0,0,0,0,0,0,6,1,8,15,0,0,0,15
02/03/2023,ISO,NC,ASO,EN,Federal Contract Tower,0,6,13,5,24,0,0,13,10,23,0,6,26,15,47,56,16,72,119
02/04/2023,ISO,NC,ASO,EN,Federal Contract Tower,0,4,13,2,19,0,0,36,1,37,0,4,49,3,56,30,12,42,98
02/05/2023,ISO,NC,ASO,EN,Federal Contract Tower,0,3,5,4,12,0,0,0,2,2,0,3,5,6,14,0,6,6,20
02/06/2023,ISO,NC,ASO,EN,Federal Contract Tower,0,13,5,11,29,0,0,12,5,17,0,13,17,16,46,24,30,54,100
02/07/2023,ISO,NC,ASO,EN,Federal Contract Tower,0,9,3,14,26,0,0,22,10,32,0,9,25,24,58,50,18,68,126
02/08/2023,ISO,NC,ASO,EN,Federal Contract Tower,0,12,8,11,31,0,0,23,8,31,0,12,31,19,62,20,40,60,122
02/09/2023,ISO,NC,ASO,EN,Federal Contract Tower,0,8,5,15,28,0,8,9,12,29,0,16,14,27,57,34,50,84,141
02/10/2023,ISO,NC,ASO,EN,Federal Contract Tower,0,17,4,13,34,0,0,3,8,11,0,17,7,21,45,0,32,32,77
02/11/2023,ISO,NC,ASO,EN,Federal Contract Tower,0,9,5,2,16,0,0,6,2,8,0,9,11,4,24,0,0,0,24
02/12/2023,ISO,NC,ASO,EN,Federal Contract Tower,0,3,0,0,3,0,0,0,0,0,0,3,0,0,3,0,0,0,3
02/13/2023,ISO,NC,ASO,EN,Federal Contract Tower,0,8,12,6,26,0,0,20,4,24,0,8,32,10,50,52,18,70,120
02/14/2023,ISO,NC,ASO,EN,Federal Contract Tower,0,8,17,26,51,0,0,19,15,34,0,8,36,41,85,43,98,141,226
02/15/2023,ISO,NC,ASO,EN,Federal Contract Tower,0,14,16,44,74,0,0,23,10,33,0,14,39,54,107,20,118,138,245
02/16/2023,ISO,NC,ASO,EN,Federal Contract Tower,0,6,19,14,39,0,0,20,9,29,0,6,39,23,68,44,104,148,216
02/17/2023,ISO,NC,ASO,EN,Federal Contract Tower,0,7,7,3,17,0,0,1,1,2,0,7,8,4,19,0,0,0,19
02/18/2023,ISO,NC,ASO,EN,Federal Contract Tower,0,12,16,0,28,0,0,18,0,18,0,12,34,0,46,50,0,50,96
02/19/2023,ISO,NC,ASO,EN,Federal Contract Tower,0,10,7,0,17,0,2,13,0,15,0,12,20,0,32,2,0,2,34
02/20/2023,ISO,NC,ASO,EN,Federal Contract Tower,0,17,6,0,23,0,0,22,0,22,0,17,28,0,45,60,0,60,105
02/21/2023,ISO,NC,ASO,EN,Federal Contract Tower,0,11,12,18,41,0,0,10,6,16,0,11,22,24,57,36,28,64,121
02/22/2023,ISO,NC,ASO,EN,Federal Contract Tower,0,7,14,20,41,0,0,10,13,23,0,7,24,33,64,2,42,44,108
02/23/2023,ISO,NC,ASO,EN,Federal Contract Tower,0,13,7,11,31,0,0,1,4,5,0,13,8,15,36,2,28,30,66
02/24/2023,ISO,NC,ASO,EN,Federal Contract Tower,0,10,7,16,33,0,0,11,2,13,0,10,18,18,46,48,22,70,116
02/25/2023,ISO,NC,ASO,EN,Federal Contract Tower,0,11,9,0,20,0,0,0,0,0,0,11,9,0,20,0,0,0,20
02/26/2023,ISO,NC,ASO,EN,Federal Contract Tower,0,9,8,3,20,0,0,1,0,1,0,9,9,3,21,0,0,0,21
02/27/2023,ISO,NC,ASO,EN,Federal Contract Tower,0,8,2,15,25,0,0,10,7,17,0,8,12,22,42,6,30,36,78
02/28/2023,ISO,NC,ASO,EN,Federal Contract Tower,0,19,9,12,40,0,0,11,12,23,0,19,20,24,63,50,42,92,155
03/01/2023,ISO,NC,ASO,EN,Federal Contract Tower,0,9,1,10,20,0,2,11,13,26,0,11,12,23,46,8,52,60,106
03/02/2023,ISO,NC,ASO,EN,Federal Contract Tower,0,4,13,20,37,0,0,11,7,18,0,4,24,27,55,4,14,18,73
03/03/2023,ISO,NC,ASO,EN,Federal Contract Tower,0,11,6,6,23,0,0,3,9,12,0,11,9,15,35,0,10,10,45
03/04/2023,ISO,NC,ASO,EN,Federal Contract Tower,0,19,1,0,20,0,1,5,0,6,0,20,6,0,26,18,0,18,44
03/05/2023,ISO,NC,ASO,EN,Federal Contract Tower,0,4,10,0,14,0,0,15,0,15,0,4,25,0,29,32,0,32,61
03/06/2023,ISO,NC,ASO,EN,Federal Contract Tower,0,5,5,14,24,0,0,8,5,13,0,5,13,19,37,42,36,78,115
03/07/2023,ISO,NC,ASO,EN,Federal Contract Tower,0,2,5,32,39,0,0,6,7,13,0,2,11,39,52,6,32,38,90
03/08/2023,ISO,NC,ASO,EN,Federal Contract Tower,0,6,11,12,29,0,0,9,6,15,0,6,20,18,44,22,34,56,100
03/09/2023,ISO,NC,ASO,EN,Federal Contract Tower,0,7,3,8,18,0,0,35,7,42,0,7,38,15,60,44,60,104,164
03/10/2023,ISO,NC,ASO,EN,Federal Contract Tower,0,4,14,12,30,0,0,0,0,0,0,4,14,12,30,0,20,20,50
03/11/2023,ISO,NC,ASO,EN,Federal Contract Tower,0,6,4,0,10,0,0,7,0,7,0,6,11,0,17,8,0,8,25
03/12/2023,ISO,NC,ASO,EN,Federal Contract Tower,0,3,1,0,4,0,0,2,0,2,0,3,3,0,6,6,0,6,12
03/13/2023,ISO,NC,ASO,EN,Federal Contract Tower,0,7,1,26,34,0,0,2,2,4,0,7,3,28,38,4,8,12,50
03/14/2023,ISO,NC,ASO,EN,Federal Contract Tower,0,8,4,10,22,0,0,7,8,15,0,8,11,18,37,2,32,34,71
03/15/2023,ISO,NC,ASO,EN,Federal Contract Tower,0,7,1,6,14,0,0,6,5,11,0,7,7,11,25,3,0,3,28
03/16/2023,ISO,NC,ASO,EN,Federal Contract Tower,0,6,14,4,24,0,1,41,8,50,0,7,55,12,74,42,30,72,146
03/17/2023,ISO,NC,ASO,EN,Federal Contract Tower,0,6,6,29,41,0,2,6,19,27,0,8,12,48,68,2,96,98,166
03/18/2023,ISO,NC,ASO,EN,Federal Contract Tower,0,8,2,6,16,0,0,6,0,6,0,8,8,6,22,18,0,18,40
03/19/2023,ISO,NC,ASO,EN,Federal Contract Tower,0,11,2,0,13,0,2,17,0,19,0,13,19,0,32,26,0,26,58
03/20/2023,ISO,NC,ASO,EN,Federal Contract Tower,0,6,11,14,31,0,0,20,3,23,0,6,31,17,54,39,80,119,173
03/21/2023,ISO,NC,ASO,EN,Federal Contract Tower,0,8,6,34,48,0,0,14,15,29,0,8,20,49,77,28,86,114,191
03/22/2023,ISO,NC,ASO,EN,Federal Contract Tower,0,3,2,44,49,0,1,16,10,27,0,4,18,54,76,20,98,118,194
03/23/2023,ISO,NC,ASO,EN,Federal Contract Tower,0,4,1,4,9,0,0,11,4,15,0,4,12,8,24,6,8,14,38
03/24/2023,ISO,NC,ASO,EN,Federal Contract Tower,0,11,10,8,29,0,3,11,1,15,0,14,21,9,44,16,14,30,74
03/25/2023,ISO,NC,ASO,EN,Federal Contract Tower,0,4,5,0,9,0,0,0,0,0,0,4,5,0,9,0,0,0,9
03/26/2023,ISO,NC,ASO,EN,Federal Contract Tower,0,3,8,6,17,0,0,0,0,0,0,3,8,6,17,42,0,42,59
03/27/2023,ISO,NC,ASO,EN,Federal Contract Tower,0,3,20,3,26,0,0,8,3,11,0,3,28,6,37,8,12,20,57
03/28/2023,ISO,NC,ASO,EN,Federal Contract Tower,0,6,11,34,51,0,0,29,1,30,0,6,40,35,81,58,28,86,167
03/29/2023,ISO,NC,ASO,EN,Federal Contract Tower,0,10,13,2,25,0,2,13,2,17,0,12,26,4,42,26,0,26,68
03/30/2023,ISO,NC,ASO,EN,Federal Contract Tower,0,14,15,3,32,0,6,22,6,34,0,20,37,9,66,14,6,20,86
03/31/2023,ISO,NC,ASO,EN,Federal Contract Tower,0,6,6,2,14,0,0,10,2,12,0,6,16,4,26,0,12,12,38
04/01/2023,ISO,NC,ASO,EN,Federal Contract Tower,0,4,6,0,10,0,0,0,0,0,0,4,6,0,10,0,0,0,10
04/02/2023,ISO,NC,ASO,EN,Federal Contract Tower,0,8,6,0,14,0,0,21,0,21,0,8,27,0,35,14,0,14,49
04/03/2023,ISO,NC,ASO,EN,Federal Contract Tower,0,3,9,13,25,0,0,12,9,21,0,3,21,22,46,10,44,54,100
04/04/2023,ISO,NC,ASO,EN,Federal Contract Tower,0,4,6,29,39,0,0,10,11,21,0,4,16,40,60,0,18,18,78
04/05/2023,ISO,NC,ASO,EN,Federal Contract Tower,0,8,4,14,26,0,1,10,11,22,0,9,14,25,48,8,24,32,80
04/06/2023,ISO,NC,ASO,EN,Federal Contract Tower,0,7,8,2,17,0,0,19,4,23,0,7,27,6,40,16,6,22,62
04/07/2023,ISO,NC,ASO,EN,Federal Contract Tower,0,12,8,6,26,0,0,0,0,0,0,12,8,6,26,0,0,0,26
04/08/2023,ISO,NC,ASO,EN,Federal Contract Tower,0,3,1,0,4,0,0,0,0,0,0,3,1,0,4,0,0,0,4
04/09/2023,ISO,NC,ASO,EN,Federal Contract Tower,0,13,3,0,16,0,0,4,0,4,0,13,7,0,20,6,0,6,26
04/10/2023,ISO,NC,ASO,EN,Federal Contract Tower,0,4,5,6,15,0,2,18,2,22,0,6,23,8,37,44,28,72,109
04/11/2023,ISO,NC,ASO,EN,Federal Contract Tower,0,5,8,32,45,0,2,22,5,29,0,7,30,37,74,42,14,56,130
04/12/2023,ISO,NC,ASO,EN,Federal Contract Tower,0,11,7,8,26,0,2,26,13,41,0,13,33,21,67,14,50,64,131
04/13/2023,ISO,NC,ASO,EN,Federal Contract Tower,0,5,12,8,25,0,0,21,9,30,0,5,33,17,55,34,18,52,107
04/14/2023,ISO,NC,ASO,EN,Federal Contract Tower,0,2,3,2,7,0,0,3,0,3,0,2,6,2,10,0,0,0,10
04/15/2023,ISO,NC,ASO,EN,Federal Contract Tower,0,8,8,0,16,0,0,36,0,36,0,8,44,0,52,34,0,34,86
04/16/2023,ISO,NC,ASO,EN,Federal Contract Tower,0,3,5,0,8,0,0,18,0,18,0,3,23,0,26,0,0,0,26
04/17/2023,ISO,NC,ASO,EN,Federal Contract Tower,0,9,10,21,40,0,2,17,13,32,0,11,27,34,72,18,40,58,130
04/18/2023,ISO,NC,ASO,EN,Federal Contract Tower,0,12,18,13,43,0,2,12,18,32,0,14,30,31,75,44,72,116,191
04/19/2023,ISO,NC,ASO,EN,Federal Contract Tower,0,3,6,8,17,0,0,31,5,36,0,3,37,13,53,18,10,28,81
04/20/2023,ISO,NC,ASO,EN,Federal Contract Tower,0,4,6,25,35,0,2,34,6,42,0,6,40,31,77,30,66,96,173
04/21/2023,ISO,NC,ASO,EN,Federal Contract Tower,0,5,4,5,14,0,0,20,2,22,0,5,24,7,36,10,16,26,62
04/22/2023,ISO,NC,ASO,EN,Federal Contract Tower,0,2,0,0,2,0,2,0,0,2,0,4,0,0,4,0,0,0,4
04/23/2023,ISO,NC,ASO,EN,Federal Contract Tower,0,6,2,0,8,0,0,22,0,22,0,6,24,0,30,12,0,12,42
04/24/2023,ISO,NC,ASO,EN,Federal Contract Tower,0,3,7,8,18,0,0,8,8,16,0,3,15,16,34,25,38,63,97
04/25/2023,ISO,NC,ASO,EN,Federal Contract Tower,0,0,9,5,14,0,0,44,5,49,0,0,53,10,63,40,54,94,157
04/26/2023,ISO,NC,ASO,EN,Federal Contract Tower,0,5,8,16,29,0,0,19,6,25,0,5,27,22,54,18,4,22,76
04/27/2023,ISO,NC,ASO,EN,Federal Contract Tower,0,4,15,37,56,0,3,4,2,9,0,7,19,39,65,0,30,30,95
04/28/2023,ISO,NC,ASO,EN,Federal Contract Tower,0,11,4,4,19,0,0,2,2,4,0,11,6,6,23,6,2,8,31
04/29/2023,ISO,NC,ASO,EN,Federal Contract Tower,0,5,4,0,9,0,0,18,0,18,0,5,22,0,27,24,0,24,51
04/30/2023,ISO,NC,ASO,EN,Federal Contract Tower,0,6,3,1,10,0,0,2,0,2,0,6,5,1,12,0,0,0,12
05/01/2023,ISO,NC,ASO,EN,Federal Contract Tower,0,4,3,4,11,0,0,20,6,26,0,4,23,10,37,28,34,62,99
05/02/2023,ISO,NC,ASO,EN,Federal Contract Tower,0,1,7,16,24,0,0,10,9,19,0,1,17,25,43,12,22,34,77
05/03/2023,ISO,NC,ASO,EN,Federal Contract Tower,0,6,2,11,19,0,2,8,6,16,0,8,10,17,35,10,0,10,45
05/04/2023,ISO,NC,ASO,EN,Federal Contract Tower,1,4,20,16,41,0,2,34,6,42,1,6,54,22,83,30,50,80,163
05/05/2023,ISO,NC,ASO,EN,Federal Contract Tower,1,5,11,9,26,0,0,27,4,31,1,5,38,13,57,38,28,66,123
05/06/2023,ISO,NC,ASO,EN,Federal Contract Tower,0,5,5,8,18,0,1,21,0,22,0,6,26,8,40,40,0,40,80
05/07/2023,ISO,NC,ASO,EN,Federal Contract Tower,0,4,4,0,8,0,2,21,0,23,0,6,25,0,31,20,0,20,51
05/08/2023,ISO,NC,ASO,EN,Federal Contract Tower,0,3,4,13,20,0,0,17,8,25,0,3,21,21,45,26,30,56,101
05/09/2023,ISO,NC,ASO,EN,Federal Contract Tower,0,1,7,23,31,0,0,10,12,22,0,1,17,35,53,52,12,64,117
05/10/2023,ISO,NC,ASO,EN,Federal Contract Tower,0,2,11,33,46,0,1,29,30,60,0,3,40,63,106,24,88,112,218
05/11/2023,ISO,NC,ASO,EN,Federal Contract Tower,0,9,9,14,32,0,1,27,7,35,0,10,36,21,67,6,16,22,89
05/12/2023,ISO,NC,ASO,EN,Federal Contract Tower,0,5,10,12,27,0,6,44,9,59,0,11,54,21,86,28,14,42,128
05/13/2023,ISO,NC,ASO,EN,Federal Contract Tower,0,5,4,0,9,0,1,23,0,24,0,6,27,0,33,54,0,54,87
05/14/2023,ISO,NC,ASO,EN,Federal Contract Tower,0,3,7,0,10,0,0,8,0,8,0,3,15,0,18,2,0,2,20
05/15/2023,ISO,NC,ASO,EN,Federal Contract Tower,0,2,5,8,15,0,2,34,5,41,0,4,39,13,56,70,0,70,126
05/16/2023,ISO,NC,ASO,EN,Federal Contract Tower,0,3,13,7,23,0,2,6,10,18,0,5,19,17,41,18,28,46,87
05/17/2023,ISO,NC,ASO,EN,Federal Contract Tower,0,7,17,22,46,0,0,25,1,26,0,7,42,23,72,66,60,126,198
05/18/2023,ISO,NC,ASO,EN,Federal Contract Tower,0,2,11,12,25,0,2,19,9,30,0,4,30,21,55,22,30,52,107
05/19/2023,ISO,NC,ASO,EN,Federal Contract Tower,0,3,10,0,13,0,0,0,0,0,0,3,10,0,13,0,0,0,13
05/20/2023,ISO,NC,ASO,EN,Federal Contract Tower,0,0,11,0,11,0,0,1,0,1,0,0,12,0,12,16,0,16,28
05/21/2023,ISO,NC,ASO,EN,Federal Contract Tower,0,1,8,0,9,0,0,3,0,3,0,1,11,0,12,0,0,0,12
05/22/2023,ISO,NC,ASO,EN,Federal Contract Tower,0,6,8,2,16,0,0,0,2,2,0,6,8,4,18,2,14,16,34
05/23/2023,ISO,NC,ASO,EN,Federal Contract Tower,0,6,10,23,39,0,0,21,12,33,0,6,31,35,72,86,42,128,200
05/24/2023,ISO,NC,ASO,EN,Federal Contract Tower,0,5,14,39,58,0,8,38,6,52,0,13,52,45,110,20,84,104,214
05/25/2023,ISO,NC,ASO,EN,Federal Contract Tower,0,1,8,14,23,0,2,17,4,23,0,3,25,18,46,32,22,54,100
05/26/2023,ISO,NC,ASO,EN,Federal Contract Tower,0,4,10,2,16,0,0,9,3,12,0,4,19,5,28,0,16,16,44
05/27/2023,ISO,NC,ASO,EN,Federal Contract Tower,0,4,2,0,6,0,0,0,0,0,0,4,2,0,6,0,0,0,6
05/28/2023,ISO,NC,ASO,EN,Federal Contract Tower,0,7,5,0,12,0,0,0,0,0,0,7,5,0,12,0,0,0,12
05/29/2023,ISO,NC,ASO,EN,Federal Contract Tower,0,4,11,0,15,0,1,11,0,12,0,5,22,0,27,8,0,8,35
05/30/2023,ISO,NC,ASO,EN,Federal Contract Tower,0,9,23,19,51,0,0,10,14,24,0,9,33,33,75,34,38,72,147
05/31/2023,ISO,NC,ASO,EN,Federal Contract Tower,0,3,13,17,33,0,0,5,4,9,0,3,18,21,42,18,0,18,60
06/01/2023,ISO,NC,ASO,EN,Federal Contract Tower,0,6,13,12,31,0,0,7,6,13,0,6,20,18,44,0,34,34,78
06/02/2023,ISO,NC,ASO,EN,Federal Contract Tower,0,9,37,6,52,0,0,25,0,25,0,9,62,6,77,56,10,66,143
06/03/2023,ISO,NC,ASO,EN,Federal Contract Tower,0,2,17,0,19,0,0,17,6,23,0,2,34,6,42,12,0,12,54
06/04/2023,ISO,NC,ASO,EN,Federal Contract Tower,0,1,13,0,14,0,2,9,0,11,0,3,22,0,25,8,0,8,33
06/05/2023,ISO,NC,ASO,EN,Federal Contract Tower,0,3,20,15,38,0,0,34,14,48,0,3,54,29,86,26,21,47,133
06/06/2023,ISO,NC,ASO,EN,Federal Contract Tower,0,2,19,16,37,0,0,16,10,26,0,2,35,26,63,14,20,34,97
06/07/2023,ISO,NC,ASO,EN,Federal Contract Tower,0,4,25,21,50,0,0,11,9,20,0,4,36,30,70,8,50,58,128
06/08/2023,ISO,NC,ASO,EN,Federal Contract Tower,0,10,14,34,58,0,1,10,5,16,0,11,24,39,74,16,30,46,120
06/09/2023,ISO,NC,ASO,EN,Federal Contract Tower,0,10,7,8,25,0,2,13,4,19,0,12,20,12,44,26,10,36,80
06/10/2023,ISO,NC,ASO,EN,Federal Contract Tower,0,4,4,0,8,0,2,44,2,48,0,6,48,2,56,32,12,44,100
06/11/2023,ISO,NC,ASO,EN,Federal Contract Tower,0,8,9,0,17,0,6,25,0,31,0,14,34,0,48,16,0,16,64
06/12/2023,ISO,NC,ASO,EN,Federal Contract Tower,0,3,6,4,13,0,1,6,4,11,0,4,12,8,24,8,16,24,48
06/13/2023,ISO,NC,ASO,EN,Federal Contract Tower,0,4,16,12,32,0,0,33,12,45,0,4,49,24,77,74,52,126,203
06/14/2023,ISO,NC,ASO,EN,Federal Contract Tower,0,4,12,25,41,0,0,17,7,24,0,4,29,32,65,20,86,106,171
06/15/2023,ISO,NC,ASO,EN,Federal Contract Tower,0,3,17,6,26,0,0,31,10,41,0,3,48,16,67,30,36,66,133
06/16/2023,ISO,NC,ASO,EN,Federal Contract Tower,0,3,12,3,18,0,0,33,1,34,0,3,45,4,52,14,30,44,96
06/17/2023,ISO,NC,ASO,EN,Federal Contract Tower,0,2,4,1,7,0,2,33,0,35,0,4,37,1,42,40,10,50,92
06/18/2023,ISO,NC,ASO,EN,Federal Contract Tower,0,0,19,0,19,0,6,15,0,21,0,6,34,0,40,32,0,32,72
06/19/2023,ISO,NC,ASO,EN,Federal Contract Tower,0,3,8,2,13,0,0,18,2,20,0,3,26,4,33,20,12,32,65
06/20/2023,ISO,NC,ASO,EN,Federal Contract Tower,0,6,2,15,23,0,0,2,4,6,0,6,4,19,29,6,32,38,67
06/21/2023,ISO,NC,ASO,EN,Federal Contract Tower,0,9,22,8,39,0,0,5,7,12,0,9,27,15,51,10,46,56,107
06/22/2023,ISO,NC,ASO,EN,Federal Contract Tower,0,5,11,6,22,0,0,2,0,2,0,5,13,6,24,14,0,14,38
06/23/2023,ISO,NC,ASO,EN,Federal Contract Tower,0,7,3,26,36,0,0,4,9,13,0,7,7,35,49,8,60,68,117
06/24/2023,ISO,NC,ASO,EN,Federal Contract Tower,0,4,12,1,17,0,1,15,0,16,0,5,27,1,33,10,0,10,43
06/25/2023,ISO,NC,ASO,EN,Federal Contract Tower,0,6,8,12,26,0,9,9,2,20,0,15,17,14,46,20,4,24,70
06/26/2023,ISO,NC,ASO,EN,Federal Contract Tower,0,4,25,18,47,0,3,15,21,39,0,7,40,39,86,14,52,66,152
06/27/2023,ISO,NC,ASO,EN,Federal Contract Tower,0,14,20,21,55,0,5,36,14,55,0,19,56,35,110,88,94,182,292
06/28/2023,ISO,NC,ASO,EN,Federal Contract Tower,0,4,11,32,47,0,2,22,13,37,0,6,33,45,84,36,8,44,128
06/29/2023,ISO,NC,ASO,EN,Federal Contract Tower,0,7,17,10,34,0,2,28,5,35,0,9,45,15,69,42,32,74,143
06/30/2023,ISO,NC,ASO,EN,Federal Contract Tower,0,9,15,4,28,0,1,16,0,17,0,10,31,4,45,18,16,34,79
07/01/2023,ISO,NC,ASO,EN,Federal Contract Tower,0,6,10,0,16,0,0,7,0,7,0,6,17,0,23,0,0,0,23
07/02/2023,ISO,NC,ASO,EN,Federal Contract Tower,0,4,7,0,11,0,4,17,0,21,0,8,24,0,32,0,0,0,32
07/03/2023,ISO,NC,ASO,EN,Federal Contract Tower,0,0,2,0,2,0,6,7,0,13,0,6,9,0,15,34,0,34,49
07/04/2023,ISO,NC,ASO,EN,Federal Contract Tower,0,2,1,0,3,0,9,9,0,18,0,11,10,0,21,0,0,0,21
07/05/2023,ISO,NC,ASO,EN,Federal Contract Tower,0,5,5,5,15,0,0,24,10,34,0,5,29,15,49,16,82,98,147
07/06/2023,ISO,NC,ASO,EN,Federal Contract Tower,0,5,5,4,14,0,1,15,4,20,0,6,20,8,34,8,10,18,52
07/07/2023,ISO,NC,ASO,EN,Federal Contract Tower,0,3,13,16,32,0,0,26,1,27,0,3,39,17,59,34,24,58,117
07/08/2023,ISO,NC,ASO,EN,Federal Contract Tower,0,4,6,8,18,0,0,18,0,18,0,4,24,8,36,4,0,4,40
07/09/2023,ISO,NC,ASO,EN,Federal Contract Tower,0,6,3,0,9,0,0,10,0,10,0,6,13,0,19,6,0,6,25
07/10/2023,ISO,NC,ASO,EN,Federal Contract Tower,0,11,9,9,29,0,3,30,5,38,0,14,39,14,67,18,30,48,115
07/11/2023,ISO,NC,ASO,EN,Federal Contract Tower,0,5,25,22,52,0,1,36,4,41,0,6,61,26,93,50,54,104,197
07/12/2023,ISO,NC,ASO,EN,Federal Contract Tower,0,10,12,16,38,0,2,29,2,33,0,12,41,18,71,30,54,84,155
07/13/2023,ISO,NC,ASO,EN,Federal Contract Tower,1,10,14,8,33,0,0,38,2,40,1,10,52,10,73,80,24,104,177
07/14/2023,ISO,NC,ASO,EN,Federal Contract Tower,0,1,6,2,9,0,0,7,2,9,0,1,13,4,18,0,0,0,18
07/15/2023,ISO,NC,ASO,EN,Federal Contract Tower,0,9,3,2,14,0,0,7,0,7,0,9,10,2,21,0,2,2,23
07/16/2023,ISO,NC,ASO,EN,Federal Contract Tower,0,6,7,2,15,0,2,19,0,21,0,8,26,2,36,0,0,0,36
07/17/2023,ISO,NC,ASO,EN,Federal Contract Tower,0,9,13,12,34,0,0,38,6,44,0,9,51,18,78,82,40,122,200
07/18/2023,ISO,NC,ASO,EN,Federal Contract Tower,0,8,8,26,42,0,0,13,11,24,0,8,21,37,66,28,12,40,106
07/19/2023,ISO,NC,ASO,EN,Federal Contract Tower,1,3,7,18,29,0,0,15,4,19,1,3,22,22,48,20,30,50,98
07/20/2023,ISO,NC,ASO,EN,Federal Contract Tower,0,3,10,9,22,0,4,31,11,46,0,7,41,20,68,22,14,36,104
07/21/2023,ISO,NC,ASO,EN,Federal Contract Tower,0,8,17,7,32,0,1,23,8,32,0,9,40,15,64,8,26,34,98
07/22/2023,ISO,NC,ASO,EN,Federal Contract Tower,0,3,13,4,20,0,0,12,0,12,0,3,25,4,32,12,0,12,44
07/23/2023,ISO,NC,ASO,EN,Federal Contract Tower,0,5,13,0,18,0,0,17,0,17,0,5,30,0,35,26,0,26,61
07/24/2023,ISO,NC,ASO,EN,Federal Contract Tower,0,4,9,12,25,0,0,1,8,9,0,4,10,20,34,0,20,20,54
07/25/2023,ISO,NC,ASO,EN,Federal Contract Tower,0,6,6,33,45,0,0,28,18,46,0,6,34,51,91,4,44,48,139
07/26/2023,ISO,NC,ASO,EN,Federal Contract Tower,0,4,7,35,46,0,4,31,28,63,0,8,38,63,109,38,90,128,237
07/27/2023,ISO,NC,ASO,EN,Federal Contract Tower,0,6,7,19,32,0,2,24,28,54,0,8,31,47,86,30,16,46,132
07/28/2023,ISO,NC,ASO,EN,Federal Contract Tower,0,6,21,14,41,0,0,21,11,32,0,6,42,25,73,10,10,20,93
07/29/2023,ISO,NC,ASO,EN,Federal Contract Tower,0,3,5,0,8,0,0,9,0,9,0,3,14,0,17,2,0,2,19
07/30/2023,ISO,NC,ASO,EN,Federal Contract Tower,0,7,11,0,18,0,0,14,0,14,0,7,25,0,32,4,0,4,36
07/31/2023,ISO,NC,ASO,EN,Federal Contract Tower,0,1,6,12,19,0,0,15,4,19,0,1,21,16,38,36,32,68,106
08/01/2023,ISO,NC,ASO,EN,Federal Contract Tower,0,12,3,20,35,0,0,21,9,30,0,12,24,29,65,32,44,76,141
08/02/2023,ISO,NC,ASO,EN,Federal Contract Tower,0,1,5,8,14,0,0,38,3,41,0,1,43,11,55,8,24,32,87
08/03/2023,ISO,NC,ASO,EN,Federal Contract Tower,0,2,7,11,20,0,0,21,7,28,0,2,28,18,48,28,24,52,100
08/04/2023,ISO,NC,ASO,EN,Federal Contract Tower,0,8,23,8,39,0,0,2,4,6,0,8,25,12,45,2,8,10,55
08/05/2023,ISO,NC,ASO,EN,Federal Contract Tower,0,5,4,0,9,0,0,2,0,2,0,5,6,0,11,2,0,2,13
08/06/2023,ISO,NC,ASO,EN,Federal Contract Tower,0,8,6,0,14,0,1,20,0,21,0,9,26,0,35,2,0,2,37
08/07/2023,ISO,NC,ASO,EN,Federal Contract Tower,0,3,7,16,26,0,0,7,15,22,0,3,14,31,48,4,18,22,70
08/08/2023,ISO,NC,ASO,EN,Federal Contract Tower,0,0,11,14,25,0,0,16,10,26,0,0,27,24,51,4,26,30,81
08/09/2023,ISO,NC,ASO,EN,Federal Contract Tower,0,7,11,13,31,0,0,44,9,53,0,7,55,22,84,64,52,116,200
08/10/2023,ISO,NC,ASO,EN,Federal Contract Tower,0,2,2,3,7,0,0,0,9,9,0,2,2,12,16,10,8,18,34
08/11/2023,ISO,NC,ASO,EN,Federal Contract Tower,0,7,7,12,26,0,0,22,4,26,0,7,29,16,52,60,38,98,150
08/12/2023,ISO,NC,ASO,EN,Federal Contract Tower,0,0,1,0,1,0,0,17,0,17,0,0,18,0,18,24,0,24,42
08/13/2023,ISO,NC,ASO,EN,Federal Contract Tower,0,2,3,3,8,0,3,17,1,21,0,5,20,4,29,24,20,44,73
08/14/2023,ISO,NC,ASO,EN,Federal Contract Tower,0,2,11,9,22,0,0,23,20,43,0,2,34,29,65,22,40,62,127
08/15/2023,ISO,NC,ASO,EN,Federal Contract Tower,0,7,7,11,25,0,1,10,9,20,0,8,17,20,45,34,8,42,87
08/16/2023,ISO,NC,ASO,EN,Federal Contract Tower,0,6,5,15,26,0,0,24,14,38,0,6,29,29,64,42,46,88,152
08/17/2023,ISO,NC,ASO,EN,Federal Contract Tower,0,5,6,25,36,0,0,12,20,32,0,5,18,45,68,40,56,96,164
08/18/2023,ISO,NC,ASO,EN,Federal Contract Tower,0,7,6,7,20,0,4,21,8,33,0,11,27,15,53,84,0,84,137
08/19/2023,ISO,NC,ASO,EN,Federal Contract Tower,0,0,7,8,15,0,4,31,0,35,0,4,38,8,50,12,0,12,62
08/20/2023,ISO,NC,ASO,EN,Federal Contract Tower,0,6,4,0,10,0,0,5,0,5,0,6,9,0,15,54,0,54,69
08/21/2023,ISO,NC,ASO,EN,Federal Contract Tower,0,3,6,12,21,0,0,20,12,32,0,3,26,24,53,32,42,74,127
08/22/2023,ISO,NC,ASO,EN,Federal Contract Tower,0,2,12,9,23,0,1,13,15,29,0,3,25,24,52,24,38,62,114
08/23/2023,ISO,NC,ASO,EN,Federal Contract Tower,0,4,28,26,58,0,4,22,3,29,0,8,50,29,87,58,76,134,221
08/24/2023,ISO,NC,ASO,EN,Federal Contract Tower,0,8,9,8,25,0,0,34,7,41,0,8,43,15,66,54,44,98,164
08/25/2023,ISO,NC,ASO,EN,Federal Contract Tower,0,7,6,32,45,0,4,29,6,39,0,11,35,38,84,38,60,98,182
08/26/2023,ISO,NC,ASO,EN,Federal Contract Tower,0,2,16,0,18,0,2,15,0,17,0,4,31,0,35,40,0,40,75
08/27/2023,ISO,NC,ASO,EN,Federal Contract Tower,0,0,3,0,3,0,0,4,0,4,0,0,7,0,7,0,0,0,7
08/28/2023,ISO,NC,ASO,EN,Federal Contract Tower,0,3,0,13,16,0,0,2,4,6,0,3,2,17,22,2,16,18,40
08/29/2023,ISO,NC,ASO,EN,Federal Contract Tower,0,4,19,8,31,0,0,8,3,11,0,4,27,11,42,26,16,42,84
08/30/2023,ISO,NC,ASO,EN,Federal Contract Tower,0,2,3,3,8,0,0,0,1,1,0,2,3,4,9,0,0,0,9
08/31/2023,ISO,NC,ASO,EN,Federal Contract Tower,0,6,0,6,12,0,0,4,0,4,0,6,4,6,16,2,0,2,18
