01/01/2020,ISP,NY,AEA,EN,Towers with Radar,34,11,12,0,57,0,3,57,0,60,34,14,69,0,117,60,0,60,177
01/02/2020,ISP,NY,AEA,EN,Towers with Radar,40,14,34,0,88,0,14,192,2,208,40,28,226,2,296,292,0,292,588
01/03/2020,ISP,NY,AEA,EN,Towers with Radar,38,8,16,0,62,0,2,2,0,4,38,10,18,0,66,0,0,0,66
01/04/2020,ISP,NY,AEA,EN,Towers with Radar,30,11,16,0,57,0,0,0,0,0,30,11,16,0,57,0,0,0,57
01/05/2020,ISP,NY,AEA,EN,Towers with Radar,36,17,21,0,74,0,2,22,0,24,36,19,43,0,98,74,0,74,172
01/06/2020,ISP,NY,AEA,EN,Towers with Radar,29,8,27,2,66,0,8,124,0,132,29,16,151,2,198,266,0,266,464
01/07/2020,ISP,NY,AEA,EN,Towers with Radar,31,8,28,1,68,0,13,159,9,181,31,21,187,10,249,284,12,296,545
01/08/2020,ISP,NY,AEA,EN,Towers with Radar,29,6,16,2,53,0,7,61,4,72,29,13,77,6,125,96,10,106,231
01/09/2020,ISP,NY,AEA,EN,Towers with Radar,32,10,37,0,79,0,12,201,2,215,32,22,238,2,294,280,0,280,574
01/10/2020,ISP,NY,AEA,EN,Towers with Radar,30,13,35,0,78,0,8,79,2,89,30,21,114,2,167,162,0,162,329
01/11/2020,ISP,NY,AEA,EN,Towers with Radar,30,2,14,1,47,0,1,5,3,9,30,3,19,4,56,4,20,24,80
01/12/2020,ISP,NY,AEA,EN,Towers with Radar,34,10,12,1,57,0,4,22,5,31,34,14,34,6,88,44,10,54,142
01/13/2020,ISP,NY,AEA,EN,Towers with Radar,30,9,17,0,56,0,2,22,3,27,30,11,39,3,83,262,0,262,345
01/14/2020,ISP,NY,AEA,EN,Towers with Radar,31,7,27,1,66,0,5,91,2,98,31,12,118,3,164,356,24,380,544
01/15/2020,ISP,NY,AEA,EN,Towers with Radar,29,4,41,0,74,0,15,202,6,223,29,19,243,6,297,298,0,298,595
01/16/2020,ISP,NY,AEA,EN,Towers with Radar,33,10,18,1,62,0,5,11,0,16,33,15,29,1,78,4,0,4,82
01/17/2020,ISP,NY,AEA,EN,Towers with Radar,34,10,28,1,73,0,7,42,0,49,34,17,70,1,122,36,0,36,158
01/18/2020,ISP,NY,AEA,EN,Towers with Radar,30,7,9,2,48,0,0,80,2,82,30,7,89,4,130,178,0,178,308
01/19/2020,ISP,NY,AEA,EN,Towers with Radar,32,6,21,1,60,0,1,87,3,91,32,7,108,4,151,196,0,196,347
01/20/2020,ISP,NY,AEA,EN,Towers with Radar,35,14,24,0,73,0,3,109,0,112,35,17,133,0,185,162,0,162,347
01/21/2020,ISP,NY,AEA,EN,Towers with Radar,31,2,24,2,59,0,11,152,6,169,31,13,176,8,228,304,0,304,532
01/22/2020,ISP,NY,AEA,EN,Towers with Radar,29,3,40,0,72,0,9,208,12,229,29,12,248,12,301,314,0,314,615
01/23/2020,ISP,NY,AEA,EN,Towers with Radar,32,10,40,0,82,0,9,173,4,186,32,19,213,4,268,298,0,298,566
01/24/2020,ISP,NY,AEA,EN,Towers with Radar,28,11,29,3,71,0,8,177,9,194,28,19,206,12,265,216,0,216,481
01/25/2020,ISP,NY,AEA,EN,Towers with Radar,34,4,17,0,55,0,0,0,0,0,34,4,17,0,55,0,0,0,55
01/26/2020,ISP,NY,AEA,EN,Towers with Radar,31,14,34,0,79,0,3,178,2,183,31,17,212,2,262,278,0,278,540
01/27/2020,ISP,NY,AEA,EN,Towers with Radar,30,12,32,2,76,0,14,112,4,130,30,26,144,6,206,256,0,256,462
01/28/2020,ISP,NY,AEA,EN,Towers with Radar,31,9,35,0,75,0,15,125,4,144,31,24,160,4,219,336,18,354,573
01/29/2020,ISP,NY,AEA,EN,Towers with Radar,29,9,33,1,72,0,9,150,11,170,29,18,183,12,242,268,0,268,510
01/30/2020,ISP,NY,AEA,EN,Towers with Radar,35,11,36,3,85,0,22,140,9,171,35,33,176,12,256,332,0,332,588
01/31/2020,ISP,NY,AEA,EN,Towers with Radar,29,12,36,2,79,0,15,141,2,158,29,27,177,4,237,298,0,298,535
02/01/2020,ISP,NY,AEA,EN,Towers with Radar,32,4,7,0,43,0,0,2,0,2,32,4,9,0,45,0,0,0,45
02/02/2020,ISP,NY,AEA,EN,Towers with Radar,32,14,31,0,77,0,0,73,4,77,32,14,104,4,154,266,0,266,420
02/03/2020,ISP,NY,AEA,EN,Towers with Radar,28,15,29,1,73,0,12,136,5,153,28,27,165,6,226,302,0,302,528
02/04/2020,ISP,NY,AEA,EN,Towers with Radar,30,3,19,0,52,0,4,45,3,52,30,7,64,3,104,126,0,126,230
02/05/2020,ISP,NY,AEA,EN,Towers with Radar,28,5,26,3,62,0,14,103,4,121,28,19,129,7,183,374,30,404,587
02/06/2020,ISP,NY,AEA,EN,Towers with Radar,28,11,6,0,45,0,0,0,0,0,28,11,6,0,45,0,0,0,45
02/07/2020,ISP,NY,AEA,EN,Towers with Radar,29,15,7,0,51,0,0,1,0,1,29,15,8,0,52,0,0,0,52
02/08/2020,ISP,NY,AEA,EN,Towers with Radar,32,8,27,1,68,0,4,147,11,162,32,12,174,12,230,238,0,238,468
02/09/2020,ISP,NY,AEA,EN,Towers with Radar,31,4,36,1,72,0,5,170,13,188,31,9,206,14,260,338,0,338,598
02/10/2020,ISP,NY,AEA,EN,Towers with Radar,29,9,11,0,49,0,4,10,4,18,29,13,21,4,67,0,4,4,71
02/11/2020,ISP,NY,AEA,EN,Towers with Radar,31,7,9,0,47,0,5,5,0,10,31,12,14,0,57,8,0,8,65
02/12/2020,ISP,NY,AEA,EN,Towers with Radar,28,10,55,1,94,0,19,185,12,216,28,29,240,13,310,304,6,310,620
02/13/2020,ISP,NY,AEA,EN,Towers with Radar,34,16,9,0,59,0,2,2,0,4,34,18,11,0,63,0,0,0,63
02/14/2020,ISP,NY,AEA,EN,Towers with Radar,30,18,38,1,87,0,9,139,3,151,30,27,177,4,238,162,0,162,400
02/15/2020,ISP,NY,AEA,EN,Towers with Radar,30,14,34,0,78,0,3,152,4,159,30,17,186,4,237,414,0,414,651
02/16/2020,ISP,NY,AEA,EN,Towers with Radar,32,11,26,0,69,0,1,158,4,163,32,12,184,4,232,254,0,254,486
02/17/2020,ISP,NY,AEA,EN,Towers with Radar,29,15,49,0,93,0,10,171,2,183,29,25,220,2,276,342,0,342,618
02/18/2020,ISP,NY,AEA,EN,Towers with Radar,31,9,33,3,76,0,2,5,1,8,31,11,38,4,84,104,0,104,188
02/19/2020,ISP,NY,AEA,EN,Towers with Radar,27,19,33,5,84,0,14,134,10,158,27,33,167,15,242,164,8,172,414
02/20/2020,ISP,NY,AEA,EN,Towers with Radar,32,15,32,1,80,0,10,144,9,163,32,25,176,10,243,398,0,398,641
02/21/2020,ISP,NY,AEA,EN,Towers with Radar,30,14,26,1,71,0,8,124,11,143,30,22,150,12,214,276,0,276,490
02/22/2020,ISP,NY,AEA,EN,Towers with Radar,33,13,34,2,82,0,7,181,2,190,33,20,215,4,272,284,0,284,556
02/23/2020,ISP,NY,AEA,EN,Towers with Radar,34,16,40,0,90,0,0,196,4,200,34,16,236,4,290,188,0,188,478
02/24/2020,ISP,NY,AEA,EN,Towers with Radar,31,16,35,1,83,0,11,141,5,157,31,27,176,6,240,332,0,332,572
02/25/2020,ISP,NY,AEA,EN,Towers with Radar,31,7,18,0,56,0,2,27,3,32,31,9,45,3,88,154,0,154,242
02/26/2020,ISP,NY,AEA,EN,Towers with Radar,27,11,15,2,55,0,2,3,2,7,27,13,18,4,62,0,16,16,78
02/27/2020,ISP,NY,AEA,EN,Towers with Radar,32,17,12,0,61,0,4,10,0,14,32,21,22,0,75,12,0,12,87
02/28/2020,ISP,NY,AEA,EN,Towers with Radar,30,10,21,1,62,0,4,32,8,44,30,14,53,9,106,56,2,58,164
02/29/2020,ISP,NY,AEA,EN,Towers with Radar,33,7,35,0,75,0,4,163,2,169,33,11,198,2,244,240,0,240,484
03/01/2020,ISP,NY,AEA,EN,Towers with Radar,31,7,40,2,80,0,3,146,3,152,31,10,186,5,232,110,0,110,342
03/02/2020,ISP,NY,AEA,EN,Towers with Radar,30,13,24,0,67,0,13,129,7,149,30,26,153,7,216,110,0,110,326
03/03/2020,ISP,NY,AEA,EN,Towers with Radar,30,12,46,3,91,0,4,74,3,81,30,16,120,6,172,132,0,132,304
03/04/2020,ISP,NY,AEA,EN,Towers with Radar,29,10,26,0,65,0,12,31,6,49,29,22,57,6,114,34,6,40,154
03/05/2020,ISP,NY,AEA,EN,Towers with Radar,32,13,40,3,88,0,14,214,10,238,32,27,254,13,326,414,16,430,756
03/06/2020,ISP,NY,AEA,EN,Towers with Radar,30,23,35,0,88,0,7,92,2,101,30,30,127,2,189,284,0,284,473
03/07/2020,ISP,NY,AEA,EN,Towers with Radar,28,9,9,3,49,0,0,27,10,37,28,9,36,13,86,54,0,54,140
03/08/2020,ISP,NY,AEA,EN,Towers with Radar,36,16,48,0,100,0,10,230,20,260,36,26,278,20,360,268,0,268,628
03/09/2020,ISP,NY,AEA,EN,Towers with Radar,34,16,43,2,95,0,17,158,6,181,34,33,201,8,276,216,0,216,492
03/10/2020,ISP,NY,AEA,EN,Towers with Radar,35,16,33,5,89,0,10,92,5,107,35,26,125,10,196,190,0,190,386
03/11/2020,ISP,NY,AEA,EN,Towers with Radar,31,10,32,2,75,0,13,189,7,209,31,23,221,9,284,354,0,354,638
03/12/2020,ISP,NY,AEA,EN,Towers with Radar,33,11,37,0,81,0,7,29,4,40,33,18,66,4,121,94,0,94,215
03/13/2020,ISP,NY,AEA,EN,Towers with Radar,38,9,22,0,69,0,0,12,0,12,38,9,34,0,81,22,0,22,103
03/14/2020,ISP,NY,AEA,EN,Towers with Radar,27,8,44,0,79,0,0,196,0,196,27,8,240,0,275,272,0,272,547
03/15/2020,ISP,NY,AEA,EN,Towers with Radar,36,11,33,0,80,0,4,210,0,214,36,15,243,0,294,308,0,308,602
03/16/2020,ISP,NY,AEA,EN,Towers with Radar,33,11,32,0,76,0,1,120,3,124,33,12,152,3,200,420,0,420,620
03/17/2020,ISP,NY,AEA,EN,Towers with Radar,33,7,15,0,55,0,3,7,0,10,33,10,22,0,65,64,0,64,129
03/18/2020,ISP,NY,AEA,EN,Towers with Radar,32,7,29,1,69,0,3,184,6,193,32,10,213,7,262,380,0,380,642
03/19/2020,ISP,NY,AEA,EN,Towers with Radar,35,8,20,0,63,0,0,0,0,0,35,8,20,0,63,24,0,24,87
03/20/2020,ISP,NY,AEA,EN,Towers with Radar,31,10,9,0,50,0,0,4,0,4,31,10,13,0,54,10,0,10,64
03/21/2020,ISP,NY,AEA,EN,Towers with Radar,24,5,21,0,50,0,3,138,0,141,24,8,159,0,191,252,0,252,443
03/22/2020,ISP,NY,AEA,EN,Towers with Radar,34,5,12,0,51,0,0,105,0,105,34,5,117,0,156,264,0,264,420
03/23/2020,ISP,NY,AEA,EN,Towers with Radar,28,6,7,0,41,0,0,0,0,0,28,6,7,0,41,0,0,0,41
03/24/2020,ISP,NY,AEA,EN,Towers with Radar,28,9,8,0,45,0,6,43,4,53,28,15,51,4,98,48,0,48,146
03/25/2020,ISP,NY,AEA,EN,Towers with Radar,25,2,7,0,34,0,2,7,4,13,25,4,14,4,47,22,0,22,69
03/26/2020,ISP,NY,AEA,EN,Towers with Radar,22,6,13,0,41,0,6,68,3,77,22,12,81,3,118,72,0,72,190
03/27/2020,ISP,NY,AEA,EN,Towers with Radar,20,5,10,0,35,0,6,35,0,41,20,11,45,0,76,22,0,22,98
03/28/2020,ISP,NY,AEA,EN,Towers with Radar,14,5,11,0,30,0,0,16,0,16,14,5,27,0,46,24,0,24,70
03/29/2020,ISP,NY,AEA,EN,Towers with Radar,16,7,14,0,37,0,0,0,0,0,16,7,14,0,37,0,0,0,37
03/30/2020,ISP,NY,AEA,EN,Towers with Radar,15,7,9,0,31,0,0,9,2,11,15,7,18,2,42,24,0,24,66
03/31/2020,ISP,NY,AEA,EN,Towers with Radar,15,6,8,0,29,0,8,23,4,35,15,14,31,4,64,70,0,70,134
04/01/2020,ISP,NY,AEA,EN,Towers with Radar,12,8,6,1,27,0,8,29,5,42,12,16,35,6,69,28,0,28,97
04/02/2020,ISP,NY,AEA,EN,Towers with Radar,8,10,3,0,21,0,2,19,4,25,8,12,22,4,46,8,0,8,54
04/03/2020,ISP,NY,AEA,EN,Towers with Radar,8,4,4,0,16,0,2,6,0,8,8,6,10,0,24,0,0,0,24
04/04/2020,ISP,NY,AEA,EN,Towers with Radar,8,11,16,0,35,0,2,26,0,28,8,13,42,0,63,30,0,30,93
04/05/2020,ISP,NY,AEA,EN,Towers with Radar,10,6,18,0,34,0,2,17,0,19,10,8,35,0,53,26,0,26,79
04/06/2020,ISP,NY,AEA,EN,Towers with Radar,8,6,14,0,28,0,2,73,1,76,8,8,87,1,104,62,0,62,166
04/07/2020,ISP,NY,AEA,EN,Towers with Radar,10,3,7,2,22,0,2,42,3,47,10,5,49,5,69,70,0,70,139
04/08/2020,ISP,NY,AEA,EN,Towers with Radar,8,1,8,0,17,0,6,9,3,18,8,7,17,3,35,14,0,14,49
04/09/2020,ISP,NY,AEA,EN,Towers with Radar,8,3,1,0,12,0,2,0,0,2,8,5,1,0,14,0,0,0,14
04/10/2020,ISP,NY,AEA,EN,Towers with Radar,10,3,9,0,22,0,9,4,0,13,10,12,13,0,35,0,0,0,35
04/11/2020,ISP,NY,AEA,EN,Towers with Radar,12,4,7,0,23,0,3,35,0,38,12,7,42,0,61,48,0,48,109
04/12/2020,ISP,NY,AEA,EN,Towers with Radar,10,0,8,0,18,0,2,41,0,43,10,2,49,0,61,72,0,72,133
04/13/2020,ISP,NY,AEA,EN,Towers with Radar,2,0,2,0,4,0,0,0,0,0,2,0,2,0,4,0,0,0,4
04/14/2020,ISP,NY,AEA,EN,Towers with Radar,4,2,14,0,20,0,6,57,2,65,4,8,71,2,85,100,0,100,185
04/15/2020,ISP,NY,AEA,EN,Towers with Radar,6,0,5,1,12,0,2,19,3,24,6,2,24,4,36,22,0,22,58
04/16/2020,ISP,NY,AEA,EN,Towers with Radar,6,0,5,0,11,0,2,26,8,36,6,2,31,8,47,22,0,22,69
04/17/2020,ISP,NY,AEA,EN,Towers with Radar,6,3,10,2,21,0,4,21,0,25,6,7,31,2,46,32,0,32,78
04/18/2020,ISP,NY,AEA,EN,Towers with Radar,6,1,7,0,14,0,0,5,0,5,6,1,12,0,19,6,0,6,25
04/19/2020,ISP,NY,AEA,EN,Towers with Radar,2,0,13,0,15,0,4,51,0,55,2,4,64,0,70,34,0,34,104
04/20/2020,ISP,NY,AEA,EN,Towers with Radar,8,0,14,0,22,0,2,28,6,36,8,2,42,6,58,66,0,66,124
04/21/2020,ISP,NY,AEA,EN,Towers with Radar,4,0,4,0,8,0,3,6,2,11,4,3,10,2,19,0,0,0,19
04/22/2020,ISP,NY,AEA,EN,Towers with Radar,4,3,1,0,8,0,2,18,8,28,4,5,19,8,36,48,0,48,84
04/23/2020,ISP,NY,AEA,EN,Towers with Radar,6,5,21,0,32,0,3,66,1,70,6,8,87,1,102,96,0,96,198
04/24/2020,ISP,NY,AEA,EN,Towers with Radar,4,0,11,0,15,0,2,2,0,4,4,2,13,0,19,0,0,0,19
04/25/2020,ISP,NY,AEA,EN,Towers with Radar,2,0,19,2,23,0,0,155,2,157,2,0,174,4,180,242,0,242,422
04/26/2020,ISP,NY,AEA,EN,Towers with Radar,2,3,13,0,18,0,0,5,0,5,2,3,18,0,23,0,0,0,23
04/27/2020,ISP,NY,AEA,EN,Towers with Radar,8,1,1,0,10,0,2,6,0,8,8,3,7,0,18,8,0,8,26
04/28/2020,ISP,NY,AEA,EN,Towers with Radar,4,2,17,3,26,0,4,119,3,126,4,6,136,6,152,128,0,128,280
04/29/2020,ISP,NY,AEA,EN,Towers with Radar,4,4,10,4,22,0,2,27,0,29,4,6,37,4,51,24,0,24,75
04/30/2020,ISP,NY,AEA,EN,Towers with Radar,4,2,3,0,9,0,0,0,0,0,4,2,3,0,9,0,0,0,9
05/01/2020,ISP,NY,AEA,EN,Towers with Radar,4,2,16,0,22,0,0,2,2,4,4,2,18,2,26,1,0,1,27
05/02/2020,ISP,NY,AEA,EN,Towers with Radar,4,0,17,2,23,0,3,73,2,78,4,3,90,4,101,72,0,72,173
05/03/2020,ISP,NY,AEA,EN,Towers with Radar,2,2,10,0,14,0,0,43,0,43,2,2,53,0,57,46,0,46,103
05/04/2020,ISP,NY,AEA,EN,Towers with Radar,4,3,17,0,24,0,0,40,5,45,4,3,57,5,69,48,0,48,117
05/05/2020,ISP,NY,AEA,EN,Towers with Radar,2,2,12,0,16,0,7,40,1,48,2,9,52,1,64,24,0,24,88
05/06/2020,ISP,NY,AEA,EN,Towers with Radar,2,4,11,1,18,0,4,15,3,22,2,8,26,4,40,18,0,18,58
05/07/2020,ISP,NY,AEA,EN,Towers with Radar,2,3,22,0,27,0,5,58,3,66,2,8,80,3,93,66,0,66,159
05/08/2020,ISP,NY,AEA,EN,Towers with Radar,4,2,13,0,19,0,5,42,0,47,4,7,55,0,66,70,0,70,136
05/09/2020,ISP,NY,AEA,EN,Towers with Radar,2,2,2,0,6,0,2,3,0,5,2,4,5,0,11,18,0,18,29
05/10/2020,ISP,NY,AEA,EN,Towers with Radar,2,5,12,0,19,0,0,21,0,21,2,5,33,0,40,8,0,8,48
05/11/2020,ISP,NY,AEA,EN,Towers with Radar,4,6,4,0,14,0,4,15,2,21,4,10,19,2,35,26,0,26,61
05/12/2020,ISP,NY,AEA,EN,Towers with Radar,2,2,16,0,20,0,2,33,4,39,2,4,49,4,59,0,0,0,59
05/13/2020,ISP,NY,AEA,EN,Towers with Radar,2,5,16,0,23,0,3,104,7,114,2,8,120,7,137,106,0,106,243
05/14/2020,ISP,NY,AEA,EN,Towers with Radar,3,4,16,0,23,0,8,77,2,87,3,12,93,2,110,70,0,70,180
05/15/2020,ISP,NY,AEA,EN,Towers with Radar,5,2,10,0,17,0,3,43,0,46,5,5,53,0,63,80,0,80,143
05/16/2020,ISP,NY,AEA,EN,Towers with Radar,2,3,5,0,10,0,6,71,0,77,2,9,76,0,87,78,0,78,165
05/17/2020,ISP,NY,AEA,EN,Towers with Radar,5,2,21,0,28,0,4,85,0,89,5,6,106,0,117,118,0,118,235
05/18/2020,ISP,NY,AEA,EN,Towers with Radar,7,2,5,2,16,0,8,27,2,37,7,10,32,4,53,38,2,40,93
05/19/2020,ISP,NY,AEA,EN,Towers with Radar,4,8,3,1,16,0,3,14,5,22,4,11,17,6,38,18,0,18,56
05/20/2020,ISP,NY,AEA,EN,Towers with Radar,4,4,9,0,17,0,9,28,8,45,4,13,37,8,62,36,0,36,98
05/21/2020,ISP,NY,AEA,EN,Towers with Radar,8,6,16,2,32,0,5,72,4,81,8,11,88,6,113,60,0,60,173
05/22/2020,ISP,NY,AEA,EN,Towers with Radar,10,3,9,0,22,0,3,74,0,77,10,6,83,0,99,64,0,64,163
05/23/2020,ISP,NY,AEA,EN,Towers with Radar,4,1,13,0,18,0,1,0,0,1,4,2,13,0,19,0,0,0,19
05/24/2020,ISP,NY,AEA,EN,Towers with Radar,6,0,12,0,18,0,1,18,0,19,6,1,30,0,37,46,0,46,83
05/25/2020,ISP,NY,AEA,EN,Towers with Radar,6,1,33,0,40,0,6,2,0,8,6,7,35,0,48,36,0,36,84
05/26/2020,ISP,NY,AEA,EN,Towers with Radar,4,2,15,3,24,0,0,18,3,21,4,2,33,6,45,56,0,56,101
05/27/2020,ISP,NY,AEA,EN,Towers with Radar,6,4,29,1,40,0,4,40,2,46,6,8,69,3,86,90,0,90,176
05/28/2020,ISP,NY,AEA,EN,Towers with Radar,4,4,17,0,25,0,4,4,0,8,4,8,21,0,33,24,0,24,57
05/29/2020,ISP,NY,AEA,EN,Towers with Radar,8,7,5,0,20,0,0,0,0,0,8,7,5,0,20,0,0,0,20
05/30/2020,ISP,NY,AEA,EN,Towers with Radar,4,4,21,0,29,0,2,69,0,71,4,6,90,0,100,134,0,134,234
05/31/2020,ISP,NY,AEA,EN,Towers with Radar,4,5,16,0,25,0,1,71,0,72,4,6,87,0,97,188,0,188,285
06/01/2020,ISP,NY,AEA,EN,Towers with Radar,8,6,11,0,25,0,2,87,9,98,8,8,98,9,123,306,0,306,429
06/02/2020,ISP,NY,AEA,EN,Towers with Radar,4,0,28,0,32,0,2,70,4,76,4,2,98,4,108,210,0,210,318
06/03/2020,ISP,NY,AEA,EN,Towers with Radar,4,5,19,0,28,0,3,34,1,38,4,8,53,1,66,80,0,80,146
06/04/2020,ISP,NY,AEA,EN,Towers with Radar,5,7,18,0,30,0,1,94,3,98,5,8,112,3,128,154,0,154,282
06/05/2020,ISP,NY,AEA,EN,Towers with Radar,7,3,27,0,37,0,1,9,0,10,7,4,36,0,47,96,0,96,143
06/06/2020,ISP,NY,AEA,EN,Towers with Radar,6,4,28,0,38,0,2,34,0,36,6,6,62,0,74,84,0,84,158
06/07/2020,ISP,NY,AEA,EN,Towers with Radar,12,6,28,0,46,0,6,81,2,89,12,12,109,2,135,82,0,82,217
06/08/2020,ISP,NY,AEA,EN,Towers with Radar,15,2,17,0,34,0,5,91,2,98,15,7,108,2,132,158,0,158,290
06/09/2020,ISP,NY,AEA,EN,Towers with Radar,10,1,21,2,34,0,4,84,5,93,10,5,105,7,127,194,14,208,335
06/10/2020,ISP,NY,AEA,EN,Towers with Radar,10,7,35,2,54,0,5,81,4,90,10,12,116,6,144,158,0,158,302
06/11/2020,ISP,NY,AEA,EN,Towers with Radar,10,5,14,0,29,0,1,0,0,1,10,6,14,0,30,0,0,0,30
06/12/2020,ISP,NY,AEA,EN,Towers with Radar,11,6,28,0,45,0,5,97,7,109,11,11,125,7,154,146,0,146,300
06/13/2020,ISP,NY,AEA,EN,Towers with Radar,12,3,26,0,41,0,3,131,2,136,12,6,157,2,177,172,0,172,349
06/14/2020,ISP,NY,AEA,EN,Towers with Radar,9,4,22,0,35,0,2,94,0,96,9,6,116,0,131,178,0,178,309
06/15/2020,ISP,NY,AEA,EN,Towers with Radar,11,3,24,0,38,0,8,94,4,106,11,11,118,4,144,314,24,338,482
06/16/2020,ISP,NY,AEA,EN,Towers with Radar,12,6,19,2,39,0,5,103,8,116,12,11,122,10,155,236,0,236,391
06/17/2020,ISP,NY,AEA,EN,Towers with Radar,10,3,35,2,50,0,3,85,2,90,10,6,120,4,140,212,26,238,378
06/18/2020,ISP,NY,AEA,EN,Towers with Radar,13,3,31,2,49,0,0,6,0,6,13,3,37,2,55,38,0,38,93
06/19/2020,ISP,NY,AEA,EN,Towers with Radar,11,7,35,0,53,0,4,61,0,65,11,11,96,0,118,70,0,70,188
06/20/2020,ISP,NY,AEA,EN,Towers with Radar,13,3,32,0,48,0,4,127,0,131,13,7,159,0,179,218,0,218,397
06/21/2020,ISP,NY,AEA,EN,Towers with Radar,12,5,18,0,35,0,6,92,0,98,12,11,110,0,133,134,0,134,267
06/22/2020,ISP,NY,AEA,EN,Towers with Radar,12,2,22,2,38,0,12,97,6,115,12,14,119,8,153,168,0,168,321
06/23/2020,ISP,NY,AEA,EN,Towers with Radar,12,7,18,1,38,0,3,91,6,100,12,10,109,7,138,246,0,246,384
06/24/2020,ISP,NY,AEA,EN,Towers with Radar,12,5,28,0,45,0,3,56,1,60,12,8,84,1,105,106,0,106,211
06/25/2020,ISP,NY,AEA,EN,Towers with Radar,14,1,27,1,43,0,4,92,4,100,14,5,119,5,143,282,0,282,425
06/26/2020,ISP,NY,AEA,EN,Towers with Radar,17,3,26,0,46,0,2,105,2,109,17,5,131,2,155,196,0,196,351
06/27/2020,ISP,NY,AEA,EN,Towers with Radar,15,4,22,0,41,0,1,69,0,70,15,5,91,0,111,196,0,196,307
06/28/2020,ISP,NY,AEA,EN,Towers with Radar,16,8,12,0,36,0,1,82,0,83,16,9,94,0,119,184,0,184,303
06/29/2020,ISP,NY,AEA,EN,Towers with Radar,16,2,19,0,37,0,0,66,4,70,16,2,85,4,107,284,0,284,391
06/30/2020,ISP,NY,AEA,EN,Towers with Radar,12,3,25,0,40,0,1,19,2,22,12,4,44,2,62,98,12,110,172
07/01/2020,ISP,NY,AEA,EN,Towers with Radar,15,14,25,0,54,0,3,34,1,38,15,17,59,1,92,222,0,222,314
07/02/2020,ISP,NY,AEA,EN,Towers with Radar,16,7,20,0,43,0,2,131,9,142,16,9,151,9,185,168,0,168,353
07/03/2020,ISP,NY,AEA,EN,Towers with Radar,19,1,31,0,51,0,5,95,0,100,19,6,126,0,151,128,0,128,279
07/04/2020,ISP,NY,AEA,EN,Towers with Radar,16,0,20,0,36,0,4,60,0,64,16,4,80,0,100,92,0,92,192
07/05/2020,ISP,NY,AEA,EN,Towers with Radar,18,5,26,0,49,0,2,65,0,67,18,7,91,0,116,90,0,90,206
07/06/2020,ISP,NY,AEA,EN,Towers with Radar,20,9,26,0,55,0,0,134,2,136,20,9,160,2,191,200,0,200,391
07/07/2020,ISP,NY,AEA,EN,Towers with Radar,13,6,39,2,60,0,1,2,0,3,13,7,41,2,63,0,0,0,63
07/08/2020,ISP,NY,AEA,EN,Towers with Radar,15,8,28,0,51,0,5,30,6,41,15,13,58,6,92,106,4,110,202
07/09/2020,ISP,NY,AEA,EN,Towers with Radar,16,5,24,1,46,0,3,150,10,163,16,8,174,11,209,436,0,436,645
07/10/2020,ISP,NY,AEA,EN,Towers with Radar,8,10,9,0,27,0,1,1,0,2,8,11,10,0,29,0,0,0,29
07/11/2020,ISP,NY,AEA,EN,Towers with Radar,10,3,31,0,44,0,0,0,0,0,10,3,31,0,44,8,0,8,52
07/12/2020,ISP,NY,AEA,EN,Towers with Radar,15,6,31,0,52,0,2,174,2,178,15,8,205,2,230,288,0,288,518
07/13/2020,ISP,NY,AEA,EN,Towers with Radar,12,2,18,2,34,0,4,126,4,134,12,6,144,6,168,364,0,364,532
07/14/2020,ISP,NY,AEA,EN,Towers with Radar,10,13,31,3,57,0,6,210,7,223,10,19,241,10,280,424,0,424,704
07/15/2020,ISP,NY,AEA,EN,Towers with Radar,14,7,22,6,49,0,4,139,4,147,14,11,161,10,196,536,0,536,732
07/16/2020,ISP,NY,AEA,EN,Towers with Radar,15,4,18,0,37,0,4,186,6,196,15,8,204,6,233,422,0,422,655
07/17/2020,ISP,NY,AEA,EN,Towers with Radar,14,5,40,0,59,0,3,10,2,15,14,8,50,2,74,22,4,26,100
07/18/2020,ISP,NY,AEA,EN,Towers with Radar,10,5,30,1,46,0,5,185,5,195,10,10,215,6,241,284,0,284,525
07/19/2020,ISP,NY,AEA,EN,Towers with Radar,16,11,35,0,62,0,1,152,0,153,16,12,187,0,215,176,0,176,391
07/20/2020,ISP,NY,AEA,EN,Towers with Radar,14,10,16,0,40,0,5,130,10,145,14,15,146,10,185,328,0,328,513
07/21/2020,ISP,NY,AEA,EN,Towers with Radar,12,11,42,0,65,0,8,209,8,225,12,19,251,8,290,312,0,312,602
07/22/2020,ISP,NY,AEA,EN,Towers with Radar,11,11,35,1,58,0,8,123,5,136,11,19,158,6,194,368,0,368,562
07/23/2020,ISP,NY,AEA,EN,Towers with Radar,13,17,28,0,58,0,1,110,12,123,13,18,138,12,181,214,25,239,420
07/24/2020,ISP,NY,AEA,EN,Towers with Radar,13,7,35,2,57,0,3,66,2,71,13,10,101,4,128,166,0,166,294
07/25/2020,ISP,NY,AEA,EN,Towers with Radar,12,4,58,0,74,0,9,162,6,177,12,13,220,6,251,302,0,302,553
07/26/2020,ISP,NY,AEA,EN,Towers with Radar,13,12,21,0,46,0,1,145,6,152,13,13,166,6,198,248,0,248,446
07/27/2020,ISP,NY,AEA,EN,Towers with Radar,11,7,20,2,40,0,4,177,12,193,11,11,197,14,233,382,0,382,615
07/28/2020,ISP,NY,AEA,EN,Towers with Radar,10,6,19,1,36,0,4,123,11,138,10,10,142,12,174,270,0,270,444
07/29/2020,ISP,NY,AEA,EN,Towers with Radar,12,3,33,0,48,0,1,201,20,222,12,4,234,20,270,402,0,402,672
07/30/2020,ISP,NY,AEA,EN,Towers with Radar,12,5,22,0,39,0,4,150,9,163,12,9,172,9,202,318,0,318,520
07/31/2020,ISP,NY,AEA,EN,Towers with Radar,12,8,30,1,51,0,3,32,3,38,12,11,62,4,89,124,0,124,213
08/01/2020,ISP,NY,AEA,EN,Towers with Radar,9,6,34,0,49,0,3,192,2,197,9,9,226,2,246,308,0,308,554
08/02/2020,ISP,NY,AEA,EN,Towers with Radar,12,4,15,0,31,0,6,19,0,25,12,10,34,0,56,20,0,20,76
08/03/2020,ISP,NY,AEA,EN,Towers with Radar,10,5,17,2,34,0,7,182,3,192,10,12,199,5,226,374,0,374,600
08/04/2020,ISP,NY,AEA,EN,Towers with Radar,6,3,0,0,9,0,1,0,2,3,6,4,0,2,12,0,0,0,12
08/05/2020,ISP,NY,AEA,EN,Towers with Radar,8,11,35,0,54,0,6,165,6,177,8,17,200,6,231,314,0,314,545
08/06/2020,ISP,NY,AEA,EN,Towers with Radar,17,11,20,1,49,0,8,109,2,119,17,19,129,3,168,312,20,332,500
08/07/2020,ISP,NY,AEA,EN,Towers with Radar,9,5,29,3,46,0,1,45,1,47,9,6,74,4,93,152,6,158,251
08/08/2020,ISP,NY,AEA,EN,Towers with Radar,11,6,38,0,55,0,0,44,0,44,11,6,82,0,99,80,0,80,179
08/09/2020,ISP,NY,AEA,EN,Towers with Radar,16,9,33,0,58,0,1,156,0,157,16,10,189,0,215,280,0,280,495
08/10/2020,ISP,NY,AEA,EN,Towers with Radar,11,8,26,1,46,0,4,178,6,188,11,12,204,7,234,310,26,336,570
08/11/2020,ISP,NY,AEA,EN,Towers with Radar,12,5,37,2,56,0,1,52,2,55,12,6,89,4,111,82,0,82,193
08/12/2020,ISP,NY,AEA,EN,Towers with Radar,12,9,33,0,54,0,3,28,0,31,12,12,61,0,85,90,0,90,175
08/13/2020,ISP,NY,AEA,EN,Towers with Radar,19,7,21,0,47,0,5,53,6,64,19,12,74,6,111,74,32,106,217
08/14/2020,ISP,NY,AEA,EN,Towers with Radar,15,9,34,1,59,0,3,160,3,166,15,12,194,4,225,378,0,378,603
08/15/2020,ISP,NY,AEA,EN,Towers with Radar,15,4,30,1,50,0,4,147,4,155,15,8,177,5,205,398,0,398,603
08/16/2020,ISP,NY,AEA,EN,Towers with Radar,18,9,35,0,62,0,0,2,0,2,18,9,37,0,64,0,0,0,64
08/17/2020,ISP,NY,AEA,EN,Towers with Radar,15,2,21,2,40,0,5,138,4,147,15,7,159,6,187,356,0,356,543
08/18/2020,ISP,NY,AEA,EN,Towers with Radar,11,6,34,1,52,0,15,152,6,173,11,21,186,7,225,342,0,342,567
08/19/2020,ISP,NY,AEA,EN,Towers with Radar,12,20,25,6,63,0,4,42,3,49,12,24,67,9,112,124,4,128,240
08/20/2020,ISP,NY,AEA,EN,Towers with Radar,19,9,31,4,63,0,9,204,7,220,19,18,235,11,283,378,0,378,661
08/21/2020,ISP,NY,AEA,EN,Towers with Radar,13,6,49,0,68,0,9,231,2,242,13,15,280,2,310,318,0,318,628
08/22/2020,ISP,NY,AEA,EN,Towers with Radar,17,18,24,0,59,0,1,121,0,122,17,19,145,0,181,226,0,226,407
08/23/2020,ISP,NY,AEA,EN,Towers with Radar,16,10,35,0,61,0,3,132,1,136,16,13,167,1,197,306,0,306,503
08/24/2020,ISP,NY,AEA,EN,Towers with Radar,15,6,22,0,43,0,0,103,4,107,15,6,125,4,150,288,0,288,438
08/25/2020,ISP,NY,AEA,EN,Towers with Radar,12,15,28,0,55,0,6,120,5,131,12,21,148,5,186,170,0,170,356
08/26/2020,ISP,NY,AEA,EN,Towers with Radar,12,16,23,2,53,0,12,205,4,221,12,28,228,6,274,170,8,178,452
08/27/2020,ISP,NY,AEA,EN,Towers with Radar,19,16,25,0,60,0,4,94,0,98,19,20,119,0,158,192,0,192,350
08/28/2020,ISP,NY,AEA,EN,Towers with Radar,13,12,36,1,62,0,10,177,4,191,13,22,213,5,253,332,0,332,585
08/29/2020,ISP,NY,AEA,EN,Towers with Radar,15,6,10,0,31,0,0,6,0,6,15,6,16,0,37,0,0,0,37
08/30/2020,ISP,NY,AEA,EN,Towers with Radar,16,15,38,0,69,0,5,181,0,186,16,20,219,0,255,272,0,272,527
08/31/2020,ISP,NY,AEA,EN,Towers with Radar,15,11,29,0,55,0,12,162,5,179,15,23,191,5,234,488,0,488,722
09/01/2020,ISP,NY,AEA,EN,Towers with Radar,12,8,40,2,62,0,3,77,4,84,12,11,117,6,146,190,0,190,336
09/02/2020,ISP,NY,AEA,EN,Towers with Radar,12,21,38,2,73,0,0,2,2,4,12,21,40,4,77,20,26,46,123
09/03/2020,ISP,NY,AEA,EN,Towers with Radar,18,7,50,2,77,0,12,128,4,144,18,19,178,6,221,282,0,282,503
09/04/2020,ISP,NY,AEA,EN,Towers with Radar,14,9,33,0,56,0,6,207,2,215,14,15,240,2,271,396,0,396,667
09/05/2020,ISP,NY,AEA,EN,Towers with Radar,16,8,29,0,53,0,8,179,0,187,16,16,208,0,240,262,0,262,502
09/06/2020,ISP,NY,AEA,EN,Towers with Radar,9,3,30,0,42,0,7,130,0,137,9,10,160,0,179,196,0,196,375
09/07/2020,ISP,NY,AEA,EN,Towers with Radar,7,9,42,0,58,0,4,158,0,162,7,13,200,0,220,200,0,200,420
09/08/2020,ISP,NY,AEA,EN,Towers with Radar,8,13,18,3,42,0,10,95,5,110,8,23,113,8,152,156,0,156,308
09/09/2020,ISP,NY,AEA,EN,Towers with Radar,5,10,45,1,61,0,3,75,3,81,5,13,120,4,142,232,18,250,392
09/10/2020,ISP,NY,AEA,EN,Towers with Radar,9,9,18,0,36,0,0,14,2,16,9,9,32,2,52,0,0,0,52
09/11/2020,ISP,NY,AEA,EN,Towers with Radar,8,8,41,0,57,0,6,150,4,160,8,14,191,4,217,228,0,228,445
09/12/2020,ISP,NY,AEA,EN,Towers with Radar,8,7,25,0,40,0,25,176,6,207,8,32,201,6,247,378,0,378,625
09/13/2020,ISP,NY,AEA,EN,Towers with Radar,10,9,24,0,43,0,2,58,1,61,10,11,82,1,104,328,0,328,432
09/14/2020,ISP,NY,AEA,EN,Towers with Radar,7,5,28,0,40,0,14,116,4,134,7,19,144,4,174,200,0,200,374
09/15/2020,ISP,NY,AEA,EN,Towers with Radar,5,6,33,4,48,0,17,179,5,201,5,23,212,9,249,270,0,270,519
09/16/2020,ISP,NY,AEA,EN,Towers with Radar,6,8,39,0,53,0,26,154,6,186,6,34,193,6,239,442,0,442,681
09/17/2020,ISP,NY,AEA,EN,Towers with Radar,10,15,36,0,61,0,16,126,7,149,10,31,162,7,210,374,18,392,602
09/18/2020,ISP,NY,AEA,EN,Towers with Radar,10,4,36,0,50,0,7,61,0,68,10,11,97,0,118,88,0,88,206
09/19/2020,ISP,NY,AEA,EN,Towers with Radar,9,5,25,0,39,0,14,156,0,170,9,19,181,0,209,235,0,235,444
09/20/2020,ISP,NY,AEA,EN,Towers with Radar,10,9,24,0,43,0,10,109,0,119,10,19,133,0,162,242,0,242,404
09/21/2020,ISP,NY,AEA,EN,Towers with Radar,7,9,30,0,46,0,11,133,3,147,7,20,163,3,193,290,0,290,483
09/22/2020,ISP,NY,AEA,EN,Towers with Radar,8,2,32,0,42,0,13,121,1,135,8,15,153,1,177,222,0,222,399
09/23/2020,ISP,NY,AEA,EN,Towers with Radar,6,4,40,0,50,0,11,184,4,199,6,15,224,4,249,286,10,296,545
09/24/2020,ISP,NY,AEA,EN,Towers with Radar,9,9,49,0,67,0,13,163,2,178,9,22,212,2,245,360,0,360,605
09/25/2020,ISP,NY,AEA,EN,Towers with Radar,12,11,38,2,63,0,13,127,0,140,12,24,165,2,203,296,0,296,499
09/26/2020,ISP,NY,AEA,EN,Towers with Radar,11,5,30,0,46,0,8,93,0,101,11,13,123,0,147,222,0,222,369
09/27/2020,ISP,NY,AEA,EN,Towers with Radar,11,12,37,0,60,0,0,11,0,11,11,12,48,0,71,36,0,36,107
09/28/2020,ISP,NY,AEA,EN,Towers with Radar,7,2,33,0,42,0,0,21,0,21,7,2,54,0,63,32,0,32,95
09/29/2020,ISP,NY,AEA,EN,Towers with Radar,8,3,36,1,48,0,1,9,1,11,8,4,45,2,59,10,0,10,69
09/30/2020,ISP,NY,AEA,EN,Towers with Radar,6,3,18,0,27,0,9,49,0,58,6,12,67,0,85,50,0,50,135
10/01/2020,ISP,NY,AEA,EN,Towers with Radar,9,10,43,1,63,0,17,202,5,224,9,27,245,6,287,324,0,324,611
10/02/2020,ISP,NY,AEA,EN,Towers with Radar,10,11,31,0,52,0,12,157,0,169,10,23,188,0,221,392,0,392,613
10/03/2020,ISP,NY,AEA,EN,Towers with Radar,9,10,38,0,57,0,25,198,0,223,9,35,236,0,280,312,0,312,592
10/04/2020,ISP,NY,AEA,EN,Towers with Radar,13,8,32,0,53,0,6,176,0,182,13,14,208,0,235,354,0,354,589
10/05/2020,ISP,NY,AEA,EN,Towers with Radar,14,7,46,0,67,0,2,55,0,57,14,9,101,0,124,260,0,260,384
10/06/2020,ISP,NY,AEA,EN,Towers with Radar,9,8,28,0,45,0,14,127,4,145,9,22,155,4,190,298,0,298,488
10/07/2020,ISP,NY,AEA,EN,Towers with Radar,11,13,16,0,40,0,7,52,3,62,11,20,68,3,102,122,0,122,224
10/08/2020,ISP,NY,AEA,EN,Towers with Radar,18,8,25,1,52,0,10,82,3,95,18,18,107,4,147,128,0,128,275
10/09/2020,ISP,NY,AEA,EN,Towers with Radar,16,14,31,0,61,0,17,176,1,194,16,31,207,1,255,310,0,310,565
10/10/2020,ISP,NY,AEA,EN,Towers with Radar,16,6,16,0,38,0,5,92,0,97,16,11,108,0,135,84,0,84,219
10/11/2020,ISP,NY,AEA,EN,Towers with Radar,17,8,35,0,60,0,3,131,0,134,17,11,166,0,194,348,0,348,542
10/12/2020,ISP,NY,AEA,EN,Towers with Radar,17,7,14,0,38,0,0,0,0,0,17,7,14,0,38,0,0,0,38
10/13/2020,ISP,NY,AEA,EN,Towers with Radar,13,5,21,0,39,0,1,0,0,1,13,6,21,0,40,0,0,0,40
10/14/2020,ISP,NY,AEA,EN,Towers with Radar,10,19,55,1,85,0,12,222,10,244,10,31,277,11,329,298,14,312,641
10/15/2020,ISP,NY,AEA,EN,Towers with Radar,15,13,26,3,57,0,9,111,11,131,15,22,137,14,188,164,18,182,370
10/16/2020,ISP,NY,AEA,EN,Towers with Radar,15,10,30,2,57,0,1,4,0,5,15,11,34,2,62,0,0,0,62
10/17/2020,ISP,NY,AEA,EN,Towers with Radar,16,7,39,2,64,0,26,163,10,199,16,33,202,12,263,402,0,402,665
10/18/2020,ISP,NY,AEA,EN,Towers with Radar,16,12,27,0,55,0,9,208,2,219,16,21,235,2,274,358,0,358,632
10/19/2020,ISP,NY,AEA,EN,Towers with Radar,15,14,35,0,64,0,9,126,2,137,15,23,161,2,201,356,0,356,557
10/20/2020,ISP,NY,AEA,EN,Towers with Radar,12,5,21,0,38,0,0,0,0,0,12,5,21,0,38,0,0,0,38
10/21/2020,ISP,NY,AEA,EN,Towers with Radar,10,3,47,0,60,0,0,0,0,0,10,3,47,0,60,0,0,0,60
10/22/2020,ISP,NY,AEA,EN,Towers with Radar,15,11,42,0,68,0,0,8,0,8,15,11,50,0,76,40,0,40,116
10/23/2020,ISP,NY,AEA,EN,Towers with Radar,16,11,45,0,72,0,0,0,0,0,16,11,45,0,72,0,0,0,72
10/24/2020,ISP,NY,AEA,EN,Towers with Radar,15,6,54,0,75,0,4,47,0,51,15,10,101,0,126,184,0,184,310
10/25/2020,ISP,NY,AEA,EN,Towers with Radar,15,8,46,0,69,0,4,226,2,232,15,12,272,2,301,484,0,484,785
10/26/2020,ISP,NY,AEA,EN,Towers with Radar,16,6,18,0,40,0,0,2,0,2,16,6,20,0,42,0,0,0,42
10/27/2020,ISP,NY,AEA,EN,Towers with Radar,11,6,38,0,55,0,19,153,3,175,11,25,191,3,230,288,0,288,518
10/28/2020,ISP,NY,AEA,EN,Towers with Radar,10,10,26,0,46,0,2,16,0,18,10,12,42,0,64,46,52,98,162
10/29/2020,ISP,NY,AEA,EN,Towers with Radar,15,11,14,0,40,0,1,0,0,1,15,12,14,0,41,0,0,0,41
10/30/2020,ISP,NY,AEA,EN,Towers with Radar,18,10,11,0,39,0,1,7,0,8,18,11,18,0,47,58,0,58,105
10/31/2020,ISP,NY,AEA,EN,Towers with Radar,14,11,49,0,74,0,10,238,0,248,14,21,287,0,322,478,0,478,800
11/01/2020,ISP,NY,AEA,EN,Towers with Radar,16,8,32,0,56,0,0,50,0,50,16,8,82,0,106,146,0,146,252
11/02/2020,ISP,NY,AEA,EN,Towers with Radar,18,7,4,0,29,0,2,6,1,9,18,9,10,1,38,10,0,10,48
11/03/2020,ISP,NY,AEA,EN,Towers with Radar,10,3,21,0,34,0,7,66,8,81,10,10,87,8,115,120,0,120,235
11/04/2020,ISP,NY,AEA,EN,Towers with Radar,9,8,53,2,72,0,16,217,11,244,9,24,270,13,316,358,0,358,674
11/05/2020,ISP,NY,AEA,EN,Towers with Radar,20,13,36,1,70,0,3,124,10,137,20,16,160,11,207,200,24,224,431
11/06/2020,ISP,NY,AEA,EN,Towers with Radar,21,11,34,1,67,0,10,137,7,154,21,21,171,8,221,204,0,204,425
11/07/2020,ISP,NY,AEA,EN,Towers with Radar,19,14,35,4,72,0,7,233,11,251,19,21,268,15,323,332,0,332,655
11/08/2020,ISP,NY,AEA,EN,Towers with Radar,18,10,37,2,67,0,5,197,5,207,18,15,234,7,274,378,0,378,652
11/09/2020,ISP,NY,AEA,EN,Towers with Radar,18,11,49,2,80,0,6,153,4,163,18,17,202,6,243,292,14,306,549
11/10/2020,ISP,NY,AEA,EN,Towers with Radar,7,10,38,4,59,0,7,161,2,170,7,17,199,6,229,372,0,372,601
11/11/2020,ISP,NY,AEA,EN,Towers with Radar,8,4,6,0,18,0,1,4,0,5,8,5,10,0,23,0,0,0,23
11/12/2020,ISP,NY,AEA,EN,Towers with Radar,19,15,18,0,52,0,2,11,5,18,19,17,29,5,70,62,32,94,164
11/13/2020,ISP,NY,AEA,EN,Towers with Radar,18,13,25,0,56,0,2,4,0,6,18,15,29,0,62,0,0,0,62
11/14/2020,ISP,NY,AEA,EN,Towers with Radar,18,5,41,0,64,0,8,195,0,203,18,13,236,0,267,346,0,346,613
11/15/2020,ISP,NY,AEA,EN,Towers with Radar,22,12,20,0,54,0,2,63,2,67,22,14,83,2,121,166,0,166,287
11/16/2020,ISP,NY,AEA,EN,Towers with Radar,19,8,13,0,40,0,9,57,0,66,19,17,70,0,106,184,0,184,290
11/17/2020,ISP,NY,AEA,EN,Towers with Radar,6,15,28,1,50,0,3,106,4,113,6,18,134,5,163,288,0,288,451
11/18/2020,ISP,NY,AEA,EN,Towers with Radar,7,3,23,4,37,0,7,80,13,100,7,10,103,17,137,48,22,70,207
11/19/2020,ISP,NY,AEA,EN,Towers with Radar,19,12,38,3,72,0,7,146,5,158,19,19,184,8,230,322,8,330,560
11/20/2020,ISP,NY,AEA,EN,Towers with Radar,19,11,47,0,77,0,13,134,4,151,19,24,181,4,228,210,0,210,438
11/21/2020,ISP,NY,AEA,EN,Towers with Radar,30,9,29,0,68,0,11,179,0,190,30,20,208,0,258,376,0,376,634
11/22/2020,ISP,NY,AEA,EN,Towers with Radar,20,10,24,0,54,0,0,49,0,49,20,10,73,0,103,332,0,332,435
11/23/2020,ISP,NY,AEA,EN,Towers with Radar,21,9,21,2,53,0,2,16,5,23,21,11,37,7,76,32,0,32,108
11/24/2020,ISP,NY,AEA,EN,Towers with Radar,17,18,46,0,81,0,6,185,9,200,17,24,231,9,281,424,0,424,705
11/25/2020,ISP,NY,AEA,EN,Towers with Radar,18,11,29,0,58,0,2,110,2,114,18,13,139,2,172,328,0,328,500
11/26/2020,ISP,NY,AEA,EN,Towers with Radar,12,4,5,0,21,0,0,0,0,0,12,4,5,0,21,0,0,0,21
11/27/2020,ISP,NY,AEA,EN,Towers with Radar,20,7,35,0,62,0,4,169,0,173,20,11,204,0,235,298,0,298,533
11/28/2020,ISP,NY,AEA,EN,Towers with Radar,26,10,31,0,67,0,6,185,0,191,26,16,216,0,258,252,0,252,510
11/29/2020,ISP,NY,AEA,EN,Towers with Radar,20,20,26,0,66,0,4,197,0,201,20,24,223,0,267,340,0,340,607
11/30/2020,ISP,NY,AEA,EN,Towers with Radar,20,6,7,0,33,0,0,0,0,0,20,6,7,0,33,0,0,0,33
12/01/2020,ISP,NY,AEA,EN,Towers with Radar,15,11,23,0,49,0,6,48,2,56,15,17,71,2,105,62,14,76,181
12/02/2020,ISP,NY,AEA,EN,Towers with Radar,8,6,23,3,40,0,3,84,9,96,8,9,107,12,136,220,0,220,356
12/03/2020,ISP,NY,AEA,EN,Towers with Radar,11,16,41,3,71,0,19,219,11,249,11,35,260,14,320,360,10,370,690
12/04/2020,ISP,NY,AEA,EN,Towers with Radar,12,15,23,1,51,0,20,82,2,104,12,35,105,3,155,362,0,362,517
12/05/2020,ISP,NY,AEA,EN,Towers with Radar,15,6,1,0,22,0,0,4,0,4,15,6,5,0,26,24,0,24,50
12/06/2020,ISP,NY,AEA,EN,Towers with Radar,11,13,23,0,47,0,9,92,0,101,11,22,115,0,148,150,0,150,298
12/07/2020,ISP,NY,AEA,EN,Towers with Radar,13,13,31,1,58,0,7,148,3,158,13,20,179,4,216,300,0,300,516
12/08/2020,ISP,NY,AEA,EN,Towers with Radar,7,7,11,0,25,0,6,55,4,65,7,13,66,4,90,268,10,278,368
12/09/2020,ISP,NY,AEA,EN,Towers with Radar,7,4,30,3,44,0,2,126,7,135,7,6,156,10,179,298,0,298,477
12/10/2020,ISP,NY,AEA,EN,Towers with Radar,11,12,30,2,55,0,10,143,14,167,11,22,173,16,222,278,36,314,536
12/11/2020,ISP,NY,AEA,EN,Towers with Radar,12,11,40,0,63,0,1,144,2,147,12,12,184,2,210,312,0,312,522
12/12/2020,ISP,NY,AEA,EN,Towers with Radar,18,2,21,0,41,0,0,0,0,0,18,2,21,0,41,0,0,0,41
12/13/2020,ISP,NY,AEA,EN,Towers with Radar,11,10,33,0,54,0,0,195,0,195,11,10,228,0,249,262,0,262,511
12/14/2020,ISP,NY,AEA,EN,Towers with Radar,11,12,16,0,39,0,0,6,0,6,11,12,22,0,45,30,0,30,75
12/15/2020,ISP,NY,AEA,EN,Towers with Radar,8,13,30,2,53,0,9,141,6,156,8,22,171,8,209,262,0,262,471
12/16/2020,ISP,NY,AEA,EN,Towers with Radar,2,10,15,2,29,0,3,50,3,56,2,13,65,5,85,234,0,234,319
12/17/2020,ISP,NY,AEA,EN,Towers with Radar,10,14,3,0,27,0,0,2,2,4,10,14,5,2,31,0,10,10,41
12/18/2020,ISP,NY,AEA,EN,Towers with Radar,19,32,15,0,66,0,11,58,2,71,19,43,73,2,137,78,0,78,215
12/19/2020,ISP,NY,AEA,EN,Towers with Radar,29,14,20,0,63,0,1,86,0,87,29,15,106,0,150,200,0,200,350
12/20/2020,ISP,NY,AEA,EN,Towers with Radar,18,11,14,0,43,0,0,36,0,36,18,11,50,0,79,70,0,70,149
12/21/2020,ISP,NY,AEA,EN,Towers with Radar,19,9,24,1,53,0,0,36,4,40,19,9,60,5,93,158,14,172,265
12/22/2020,ISP,NY,AEA,EN,Towers with Radar,20,8,19,0,47,0,6,83,2,91,20,14,102,2,138,194,0,194,332
12/23/2020,ISP,NY,AEA,EN,Towers with Radar,23,14,35,0,72,0,9,187,2,198,23,23,222,2,270,342,0,342,612
12/24/2020,ISP,NY,AEA,EN,Towers with Radar,14,8,8,0,30,0,3,25,0,28,14,11,33,0,58,50,0,50,108
12/25/2020,ISP,NY,AEA,EN,Towers with Radar,16,8,2,0,26,0,2,0,0,2,16,10,2,0,28,0,0,0,28
12/26/2020,ISP,NY,AEA,EN,Towers with Radar,32,19,16,0,67,0,5,97,0,102,32,24,113,0,169,126,0,126,295
12/27/2020,ISP,NY,AEA,EN,Towers with Radar,26,14,29,0,69,0,2,152,1,155,26,16,181,1,224,266,0,266,490
12/28/2020,ISP,NY,AEA,EN,Towers with Radar,22,9,36,1,68,0,12,85,5,102,22,21,121,6,170,256,8,264,434
12/29/2020,ISP,NY,AEA,EN,Towers with Radar,22,16,12,10,60,0,2,60,7,69,22,18,72,17,129,100,10,110,239
12/30/2020,ISP,NY,AEA,EN,Towers with Radar,21,21,21,0,63,0,8,217,4,229,21,29,238,4,292,356,0,356,648
12/31/2020,ISP,NY,AEA,EN,Towers with Radar,14,14,10,1,39,0,4,24,1,29,14,18,34,2,68,54,0,54,122
01/01/2021,ISP,NY,AEA,EN,Towers with Radar,16,7,12,0,35,0,2,58,0,60,16,9,70,0,95,82,0,82,177
01/02/2021,ISP,NY,AEA,EN,Towers with Radar,33,9,19,0,61,0,4,35,0,39,33,13,54,0,100,32,0,32,132
01/03/2021,ISP,NY,AEA,EN,Towers with Radar,26,37,31,0,94,0,0,5,2,7,26,37,36,2,101,132,0,132,233
01/04/2021,ISP,NY,AEA,EN,Towers with Radar,20,11,28,0,59,0,3,116,4,123,20,14,144,4,182,218,0,218,400
01/05/2021,ISP,NY,AEA,EN,Towers with Radar,24,7,34,0,65,0,11,126,6,143,24,18,160,6,208,328,0,328,536
01/06/2021,ISP,NY,AEA,EN,Towers with Radar,16,10,26,1,53,0,3,127,6,136,16,13,153,7,189,104,26,130,319
01/07/2021,ISP,NY,AEA,EN,Towers with Radar,14,7,28,2,51,0,3,141,5,149,14,10,169,7,200,270,16,286,486
01/08/2021,ISP,NY,AEA,EN,Towers with Radar,14,9,27,0,50,0,5,150,0,155,14,14,177,0,205,452,0,452,657
01/09/2021,ISP,NY,AEA,EN,Towers with Radar,15,4,26,0,45,0,7,140,0,147,15,11,166,0,192,236,0,236,428
01/10/2021,ISP,NY,AEA,EN,Towers with Radar,12,15,27,0,54,0,7,153,0,160,12,22,180,0,214,332,0,332,546
01/11/2021,ISP,NY,AEA,EN,Towers with Radar,9,11,20,3,43,0,6,121,5,132,9,17,141,8,175,428,2,430,605
01/12/2021,ISP,NY,AEA,EN,Towers with Radar,8,4,27,0,39,0,8,123,8,139,8,12,150,8,178,288,14,302,480
01/13/2021,ISP,NY,AEA,EN,Towers with Radar,8,10,44,1,63,0,8,140,4,152,8,18,184,5,215,352,42,394,609
01/14/2021,ISP,NY,AEA,EN,Towers with Radar,14,15,40,3,72,0,10,124,9,143,14,25,164,12,215,448,0,448,663
01/15/2021,ISP,NY,AEA,EN,Towers with Radar,14,19,15,0,48,0,0,13,0,13,14,19,28,0,61,0,0,0,61
01/16/2021,ISP,NY,AEA,EN,Towers with Radar,14,15,14,0,43,0,4,9,0,13,14,19,23,0,56,130,0,130,186
01/17/2021,ISP,NY,AEA,EN,Towers with Radar,16,12,18,0,46,0,2,40,0,42,16,14,58,0,88,38,0,38,126
01/18/2021,ISP,NY,AEA,EN,Towers with Radar,13,13,36,0,62,0,3,152,0,155,13,16,188,0,217,262,0,262,479
01/19/2021,ISP,NY,AEA,EN,Towers with Radar,9,8,22,0,39,0,7,99,7,113,9,15,121,7,152,262,16,278,430
01/20/2021,ISP,NY,AEA,EN,Towers with Radar,8,7,14,1,30,0,11,26,7,44,8,18,40,8,74,28,0,28,102
01/21/2021,ISP,NY,AEA,EN,Towers with Radar,14,8,39,0,61,0,7,143,1,151,14,15,182,1,212,316,0,316,528
01/22/2021,ISP,NY,AEA,EN,Towers with Radar,13,15,23,0,51,0,16,121,0,137,13,31,144,0,188,260,0,260,448
01/23/2021,ISP,NY,AEA,EN,Towers with Radar,13,6,11,0,30,0,0,22,8,30,13,6,33,8,60,8,0,8,68
01/24/2021,ISP,NY,AEA,EN,Towers with Radar,14,10,25,0,49,0,2,110,1,113,14,12,135,1,162,198,0,198,360
01/25/2021,ISP,NY,AEA,EN,Towers with Radar,14,12,33,0,59,0,8,160,2,170,14,20,193,2,229,356,0,356,585
01/26/2021,ISP,NY,AEA,EN,Towers with Radar,10,5,6,0,21,0,1,25,0,26,10,6,31,0,47,78,0,78,125
01/27/2021,ISP,NY,AEA,EN,Towers with Radar,8,6,13,0,27,0,3,26,3,32,8,9,39,3,59,138,0,138,197
01/28/2021,ISP,NY,AEA,EN,Towers with Radar,14,8,23,4,49,0,4,49,1,54,14,12,72,5,103,84,0,84,187
01/29/2021,ISP,NY,AEA,EN,Towers with Radar,13,9,9,0,31,0,3,4,0,7,13,12,13,0,38,0,0,0,38
01/30/2021,ISP,NY,AEA,EN,Towers with Radar,15,5,38,0,58,0,2,149,1,152,15,7,187,1,210,152,0,152,362
01/31/2021,ISP,NY,AEA,EN,Towers with Radar,7,11,45,0,63,0,2,147,0,149,7,13,192,0,212,398,0,398,610
02/01/2021,ISP,NY,AEA,EN,Towers with Radar,0,0,2,0,2,0,0,0,0,0,0,0,2,0,2,0,0,0,2
02/02/2021,ISP,NY,AEA,EN,Towers with Radar,5,6,10,0,21,0,0,1,0,1,5,6,11,0,22,0,0,0,22
02/03/2021,ISP,NY,AEA,EN,Towers with Radar,10,12,26,0,48,0,8,40,0,48,10,20,66,0,96,134,0,134,230
02/04/2021,ISP,NY,AEA,EN,Towers with Radar,12,10,35,0,57,0,11,137,4,152,12,21,172,4,209,192,0,192,401
02/05/2021,ISP,NY,AEA,EN,Towers with Radar,14,8,16,0,38,0,3,21,0,24,14,11,37,0,62,40,0,40,102
02/06/2021,ISP,NY,AEA,EN,Towers with Radar,15,6,34,0,55,0,8,116,0,124,15,14,150,0,179,178,0,178,357
02/07/2021,ISP,NY,AEA,EN,Towers with Radar,10,4,8,0,22,0,0,0,0,0,10,4,8,0,22,0,0,0,22
02/08/2021,ISP,NY,AEA,EN,Towers with Radar,13,19,31,1,64,0,13,87,9,109,13,32,118,10,173,30,2,32,205
02/09/2021,ISP,NY,AEA,EN,Towers with Radar,9,8,8,0,25,0,0,3,0,3,9,8,11,0,28,12,0,12,40
02/10/2021,ISP,NY,AEA,EN,Towers with Radar,8,22,52,0,82,0,16,142,7,165,8,38,194,7,247,374,28,402,649
02/11/2021,ISP,NY,AEA,EN,Towers with Radar,15,16,17,1,49,0,2,44,7,53,15,18,61,8,102,108,26,134,236
02/12/2021,ISP,NY,AEA,EN,Towers with Radar,16,19,30,0,65,0,11,147,2,160,16,30,177,2,225,210,0,210,435
02/13/2021,ISP,NY,AEA,EN,Towers with Radar,16,8,40,0,64,0,5,106,0,111,16,13,146,0,175,242,0,242,417
02/14/2021,ISP,NY,AEA,EN,Towers with Radar,18,9,4,0,31,0,4,5,0,9,18,13,9,0,40,92,0,92,132
02/15/2021,ISP,NY,AEA,EN,Towers with Radar,12,5,9,0,26,0,0,0,0,0,12,5,9,0,26,16,0,16,42
02/16/2021,ISP,NY,AEA,EN,Towers with Radar,12,6,18,0,36,0,9,24,2,35,12,15,42,2,71,102,26,128,199
02/17/2021,ISP,NY,AEA,EN,Towers with Radar,11,14,52,10,87,0,9,170,11,190,11,23,222,21,277,392,0,392,669
02/18/2021,ISP,NY,AEA,EN,Towers with Radar,13,1,8,0,22,0,0,0,0,0,13,1,8,0,22,0,0,0,22
02/19/2021,ISP,NY,AEA,EN,Towers with Radar,13,14,18,0,45,0,0,0,0,0,13,14,18,0,45,0,0,0,45
02/20/2021,ISP,NY,AEA,EN,Towers with Radar,18,19,29,0,66,0,2,59,2,63,18,21,88,2,129,172,0,172,301
02/21/2021,ISP,NY,AEA,EN,Towers with Radar,18,11,33,0,62,0,2,157,0,159,18,13,190,0,221,256,0,256,477
02/22/2021,ISP,NY,AEA,EN,Towers with Radar,10,16,15,0,41,0,1,27,2,30,10,17,42,2,71,66,0,66,137
02/23/2021,ISP,NY,AEA,EN,Towers with Radar,12,5,28,2,47,0,8,73,4,85,12,13,101,6,132,174,0,174,306
02/24/2021,ISP,NY,AEA,EN,Towers with Radar,11,19,33,0,63,0,10,155,8,173,11,29,188,8,236,308,0,308,544
02/25/2021,ISP,NY,AEA,EN,Towers with Radar,16,8,25,1,50,0,4,75,6,85,16,12,100,7,135,70,6,76,211
02/26/2021,ISP,NY,AEA,EN,Towers with Radar,16,21,44,1,82,0,20,204,9,233,16,41,248,10,315,440,0,440,755
02/27/2021,ISP,NY,AEA,EN,Towers with Radar,20,9,22,0,51,0,0,5,0,5,20,9,27,0,56,6,0,6,62
02/28/2021,ISP,NY,AEA,EN,Towers with Radar,18,17,29,0,64,0,2,86,2,90,18,19,115,2,154,272,0,272,426
03/01/2021,ISP,NY,AEA,EN,Towers with Radar,12,7,6,0,25,0,2,15,4,21,12,9,21,4,46,6,0,6,52
03/02/2021,ISP,NY,AEA,EN,Towers with Radar,12,4,5,0,21,0,3,11,0,14,12,7,16,0,35,0,0,0,35
03/03/2021,ISP,NY,AEA,EN,Towers with Radar,10,8,57,2,77,0,18,177,7,202,10,26,234,9,279,400,26,426,705
03/04/2021,ISP,NY,AEA,EN,Towers with Radar,14,19,22,1,56,0,11,85,12,108,14,30,107,13,164,66,10,76,240
03/05/2021,ISP,NY,AEA,EN,Towers with Radar,18,15,17,0,50,0,4,40,2,46,18,19,57,2,96,44,0,44,140
03/06/2021,ISP,NY,AEA,EN,Towers with Radar,18,8,23,0,49,0,5,115,0,120,18,13,138,0,169,300,0,300,469
03/07/2021,ISP,NY,AEA,EN,Towers with Radar,24,9,37,0,70,0,2,177,0,179,24,11,214,0,249,388,0,388,637
03/08/2021,ISP,NY,AEA,EN,Towers with Radar,24,7,37,1,69,0,16,110,7,133,24,23,147,8,202,442,0,442,644
03/09/2021,ISP,NY,AEA,EN,Towers with Radar,14,8,26,1,49,0,16,119,8,143,14,24,145,9,192,328,0,328,520
03/10/2021,ISP,NY,AEA,EN,Towers with Radar,12,6,38,0,56,0,8,153,6,167,12,14,191,6,223,424,0,424,647
03/11/2021,ISP,NY,AEA,EN,Towers with Radar,16,18,41,1,76,0,8,98,14,120,16,26,139,15,196,262,18,280,476
03/12/2021,ISP,NY,AEA,EN,Towers with Radar,19,20,27,2,68,0,14,127,2,143,19,34,154,4,211,378,0,378,589
03/13/2021,ISP,NY,AEA,EN,Towers with Radar,20,7,25,0,52,0,3,111,0,114,20,10,136,0,166,152,0,152,318
03/14/2021,ISP,NY,AEA,EN,Towers with Radar,22,10,9,0,41,0,6,44,0,50,22,16,53,0,91,44,0,44,135
03/15/2021,ISP,NY,AEA,EN,Towers with Radar,20,15,21,1,57,0,3,43,3,49,20,18,64,4,106,14,4,18,124
03/16/2021,ISP,NY,AEA,EN,Towers with Radar,20,10,34,1,65,0,6,154,2,162,20,16,188,3,227,328,6,334,561
03/17/2021,ISP,NY,AEA,EN,Towers with Radar,16,8,29,0,53,0,4,46,3,53,16,12,75,3,106,282,0,282,388
03/18/2021,ISP,NY,AEA,EN,Towers with Radar,18,11,22,0,51,0,1,1,0,2,18,12,23,0,53,0,0,0,53
03/19/2021,ISP,NY,AEA,EN,Towers with Radar,20,12,10,4,46,0,3,19,6,28,20,15,29,10,74,0,26,26,100
03/20/2021,ISP,NY,AEA,EN,Towers with Radar,18,13,37,2,70,0,11,219,6,236,18,24,256,8,306,462,0,462,768
03/21/2021,ISP,NY,AEA,EN,Towers with Radar,20,12,31,0,63,0,4,231,3,238,20,16,262,3,301,390,0,390,691
03/22/2021,ISP,NY,AEA,EN,Towers with Radar,19,13,24,0,56,0,15,153,0,168,19,28,177,0,224,382,0,382,606
03/23/2021,ISP,NY,AEA,EN,Towers with Radar,17,9,47,1,74,0,0,123,9,132,17,9,170,10,206,294,0,294,500
03/24/2021,ISP,NY,AEA,EN,Towers with Radar,16,11,25,0,52,0,5,17,0,22,16,16,42,0,74,36,0,36,110
03/25/2021,ISP,NY,AEA,EN,Towers with Radar,19,16,35,7,77,0,0,38,4,42,19,16,73,11,119,152,0,152,271
03/26/2021,ISP,NY,AEA,EN,Towers with Radar,23,15,13,0,51,0,0,4,0,4,23,15,17,0,55,0,0,0,55
03/27/2021,ISP,NY,AEA,EN,Towers with Radar,21,13,52,1,87,0,13,225,1,239,21,26,277,2,326,372,0,372,698
03/28/2021,ISP,NY,AEA,EN,Towers with Radar,30,24,17,0,71,0,1,3,0,4,30,25,20,0,75,48,0,48,123
03/29/2021,ISP,NY,AEA,EN,Towers with Radar,20,12,13,3,48,0,6,22,1,29,20,18,35,4,77,84,0,84,161
03/30/2021,ISP,NY,AEA,EN,Towers with Radar,18,8,47,0,73,0,8,204,5,217,18,16,251,5,290,288,0,288,578
03/31/2021,ISP,NY,AEA,EN,Towers with Radar,21,5,22,1,49,0,2,57,3,62,21,7,79,4,111,62,0,62,173
04/01/2021,ISP,NY,AEA,EN,Towers with Radar,20,11,16,1,48,0,4,15,3,22,20,15,31,4,70,0,0,0,70
04/02/2021,ISP,NY,AEA,EN,Towers with Radar,23,17,45,1,86,0,12,134,7,153,23,29,179,8,239,268,0,268,507
04/03/2021,ISP,NY,AEA,EN,Towers with Radar,19,15,34,0,68,0,10,215,0,225,19,25,249,0,293,380,0,380,673
04/04/2021,ISP,NY,AEA,EN,Towers with Radar,20,10,34,0,64,0,4,144,0,148,20,14,178,0,212,372,0,372,584
04/05/2021,ISP,NY,AEA,EN,Towers with Radar,24,22,29,2,77,0,7,110,10,127,24,29,139,12,204,80,0,80,284
04/06/2021,ISP,NY,AEA,EN,Towers with Radar,21,13,28,0,62,0,23,137,12,172,21,36,165,12,234,314,6,320,554
04/07/2021,ISP,NY,AEA,EN,Towers with Radar,20,14,40,1,75,0,25,169,8,202,20,39,209,9,277,572,12,584,861
04/08/2021,ISP,NY,AEA,EN,Towers with Radar,18,9,50,2,79,0,21,200,13,234,18,30,250,15,313,426,30,456,769
04/09/2021,ISP,NY,AEA,EN,Towers with Radar,22,10,35,0,67,0,2,35,0,37,22,12,70,0,104,144,0,144,248
04/10/2021,ISP,NY,AEA,EN,Towers with Radar,22,6,45,0,73,0,2,45,0,47,22,8,90,0,120,196,0,196,316
04/11/2021,ISP,NY,AEA,EN,Towers with Radar,13,15,16,0,44,0,0,0,0,0,13,15,16,0,44,0,0,0,44
04/12/2021,ISP,NY,AEA,EN,Towers with Radar,19,8,27,0,54,0,2,22,4,28,19,10,49,4,82,56,0,56,138
04/13/2021,ISP,NY,AEA,EN,Towers with Radar,18,8,40,17,83,0,17,148,6,171,18,25,188,23,254,412,0,412,666
04/14/2021,ISP,NY,AEA,EN,Towers with Radar,18,12,30,5,65,0,13,166,9,188,18,25,196,14,253,370,28,398,651
04/15/2021,ISP,NY,AEA,EN,Towers with Radar,22,12,22,0,56,0,0,0,0,0,22,12,22,0,56,0,0,0,56
04/16/2021,ISP,NY,AEA,EN,Towers with Radar,20,10,29,0,59,0,2,44,4,50,20,12,73,4,109,110,22,132,241
04/17/2021,ISP,NY,AEA,EN,Towers with Radar,24,8,33,0,65,0,16,156,0,172,24,24,189,0,237,426,0,426,663
04/18/2021,ISP,NY,AEA,EN,Towers with Radar,24,12,44,0,80,0,6,208,2,216,24,18,252,2,296,442,0,442,738
04/19/2021,ISP,NY,AEA,EN,Towers with Radar,26,21,32,0,79,0,14,165,4,183,26,35,197,4,262,318,0,318,580
04/20/2021,ISP,NY,AEA,EN,Towers with Radar,20,15,39,1,75,0,19,162,8,189,20,34,201,9,264,310,4,314,578
04/21/2021,ISP,NY,AEA,EN,Towers with Radar,18,3,10,2,33,0,4,27,10,41,18,7,37,12,74,98,8,106,180
04/22/2021,ISP,NY,AEA,EN,Towers with Radar,23,11,9,4,47,0,5,18,8,31,23,16,27,12,78,14,6,20,98
04/23/2021,ISP,NY,AEA,EN,Towers with Radar,25,16,44,0,85,0,18,75,2,95,25,34,119,2,180,104,0,104,284
04/24/2021,ISP,NY,AEA,EN,Towers with Radar,24,5,54,3,86,0,10,258,7,275,24,15,312,10,361,482,0,482,843
04/25/2021,ISP,NY,AEA,EN,Towers with Radar,22,15,24,0,61,0,5,21,0,26,22,20,45,0,87,138,0,138,225
04/26/2021,ISP,NY,AEA,EN,Towers with Radar,22,12,19,0,53,0,2,66,4,72,22,14,85,4,125,84,4,88,213
04/27/2021,ISP,NY,AEA,EN,Towers with Radar,20,12,51,0,83,0,5,196,6,207,20,17,247,6,290,372,2,374,664
04/28/2021,ISP,NY,AEA,EN,Towers with Radar,20,13,37,2,72,0,7,187,16,210,20,20,224,18,282,414,20,434,716
04/29/2021,ISP,NY,AEA,EN,Towers with Radar,24,16,31,0,71,0,2,44,3,49,24,18,75,3,120,258,10,268,388
04/30/2021,ISP,NY,AEA,EN,Towers with Radar,19,18,15,0,52,0,3,18,2,23,19,21,33,2,75,46,0,46,121
05/01/2021,ISP,NY,AEA,EN,Towers with Radar,26,12,24,0,62,0,4,136,0,140,26,16,160,0,202,318,0,318,520
05/02/2021,ISP,NY,AEA,EN,Towers with Radar,22,19,46,0,87,0,7,212,0,219,22,26,258,0,306,346,0,346,652
05/03/2021,ISP,NY,AEA,EN,Towers with Radar,24,10,37,0,71,0,9,99,2,110,24,19,136,2,181,352,0,352,533
05/04/2021,ISP,NY,AEA,EN,Towers with Radar,17,6,31,0,54,0,3,24,0,27,17,9,55,0,81,168,12,180,261
05/05/2021,ISP,NY,AEA,EN,Towers with Radar,19,8,21,0,48,0,0,1,0,1,19,8,22,0,49,0,0,0,49
05/06/2021,ISP,NY,AEA,EN,Towers with Radar,21,17,40,0,78,0,14,204,12,230,21,31,244,12,308,326,4,330,638
05/07/2021,ISP,NY,AEA,EN,Towers with Radar,21,9,24,0,54,0,15,179,6,200,21,24,203,6,254,530,0,530,784
05/08/2021,ISP,NY,AEA,EN,Towers with Radar,24,12,16,1,53,0,4,91,1,96,24,16,107,2,149,316,0,316,465
05/09/2021,ISP,NY,AEA,EN,Towers with Radar,21,12,27,0,60,0,5,104,2,111,21,17,131,2,171,188,0,188,359
05/10/2021,ISP,NY,AEA,EN,Towers with Radar,25,12,25,1,63,0,8,57,3,68,25,20,82,4,131,214,26,240,371
05/11/2021,ISP,NY,AEA,EN,Towers with Radar,19,11,38,1,69,0,11,113,9,133,19,22,151,10,202,270,0,270,472
05/12/2021,ISP,NY,AEA,EN,Towers with Radar,21,13,29,5,68,0,6,181,8,195,21,19,210,13,263,374,0,374,637
05/13/2021,ISP,NY,AEA,EN,Towers with Radar,23,19,29,2,73,0,10,193,9,212,23,29,222,11,285,422,24,446,731
05/14/2021,ISP,NY,AEA,EN,Towers with Radar,24,16,32,0,72,0,10,189,7,206,24,26,221,7,278,372,0,372,650
05/15/2021,ISP,NY,AEA,EN,Towers with Radar,25,7,31,0,63,0,4,215,5,224,25,11,246,5,287,500,8,508,795
05/16/2021,ISP,NY,AEA,EN,Towers with Radar,21,17,42,0,80,0,4,176,2,182,21,21,218,2,262,324,0,324,586
05/17/2021,ISP,NY,AEA,EN,Towers with Radar,25,17,33,0,75,0,12,159,6,177,25,29,192,6,252,390,0,390,642
05/18/2021,ISP,NY,AEA,EN,Towers with Radar,19,14,35,1,69,0,17,163,5,185,19,31,198,6,254,318,0,318,572
05/19/2021,ISP,NY,AEA,EN,Towers with Radar,22,16,35,1,74,0,15,218,8,241,22,31,253,9,315,400,2,402,717
05/20/2021,ISP,NY,AEA,EN,Towers with Radar,25,19,46,1,91,0,21,172,5,198,25,40,218,6,289,410,0,410,699
05/21/2021,ISP,NY,AEA,EN,Towers with Radar,24,9,30,1,64,0,8,162,3,173,24,17,192,4,237,276,0,276,513
05/22/2021,ISP,NY,AEA,EN,Towers with Radar,25,19,31,0,75,0,9,182,5,196,25,28,213,5,271,432,4,436,707
05/23/2021,ISP,NY,AEA,EN,Towers with Radar,21,11,26,1,59,0,4,141,1,146,21,15,167,2,205,286,32,318,523
05/24/2021,ISP,NY,AEA,EN,Towers with Radar,26,9,34,1,70,0,10,138,2,150,26,19,172,3,220,254,1,255,475
05/25/2021,ISP,NY,AEA,EN,Towers with Radar,20,16,41,0,77,0,12,151,4,167,20,28,192,4,244,300,0,300,544
05/26/2021,ISP,NY,AEA,EN,Towers with Radar,22,14,39,1,76,0,0,8,2,10,22,14,47,3,86,0,0,0,86
05/27/2021,ISP,NY,AEA,EN,Towers with Radar,24,21,41,5,91,0,13,191,13,217,24,34,232,18,308,288,12,300,608
05/28/2021,ISP,NY,AEA,EN,Towers with Radar,22,13,23,4,62,0,2,84,9,95,22,15,107,13,157,38,0,38,195
05/29/2021,ISP,NY,AEA,EN,Towers with Radar,20,5,5,0,30,0,0,2,0,2,20,5,7,0,32,0,0,0,32
05/30/2021,ISP,NY,AEA,EN,Towers with Radar,20,6,5,0,31,0,0,1,0,1,20,6,6,0,32,0,0,0,32
05/31/2021,ISP,NY,AEA,EN,Towers with Radar,26,15,32,1,74,0,2,49,2,53,26,17,81,3,127,206,0,206,333
06/01/2021,ISP,NY,AEA,EN,Towers with Radar,20,7,36,1,64,0,6,188,7,201,20,13,224,8,265,366,0,366,631
06/02/2021,ISP,NY,AEA,EN,Towers with Radar,22,9,44,3,78,0,9,217,6,232,22,18,261,9,310,366,2,368,678
06/03/2021,ISP,NY,AEA,EN,Towers with Radar,22,13,20,0,55,0,0,0,0,0,22,13,20,0,55,0,0,0,55
06/04/2021,ISP,NY,AEA,EN,Towers with Radar,22,21,30,5,78,0,0,4,0,4,22,21,34,5,82,0,0,0,82
06/05/2021,ISP,NY,AEA,EN,Towers with Radar,20,14,44,0,78,0,5,193,4,202,20,19,237,4,280,306,2,308,588
06/06/2021,ISP,NY,AEA,EN,Towers with Radar,22,14,28,0,64,0,7,214,8,229,22,21,242,8,293,442,0,442,735
06/07/2021,ISP,NY,AEA,EN,Towers with Radar,23,13,35,1,72,0,9,169,3,181,23,22,204,4,253,434,0,434,687
06/08/2021,ISP,NY,AEA,EN,Towers with Radar,19,11,17,3,50,0,3,107,5,115,19,14,124,8,165,154,0,154,319
06/09/2021,ISP,NY,AEA,EN,Towers with Radar,22,13,51,1,87,0,11,143,7,161,22,24,194,8,248,330,0,330,578
06/10/2021,ISP,NY,AEA,EN,Towers with Radar,23,17,35,0,75,0,8,191,12,211,23,25,226,12,286,342,16,358,644
06/11/2021,ISP,NY,AEA,EN,Towers with Radar,25,17,31,0,73,0,6,142,5,153,25,23,173,5,226,242,0,242,468
06/12/2021,ISP,NY,AEA,EN,Towers with Radar,25,8,36,2,71,0,4,130,4,138,25,12,166,6,209,372,0,372,581
06/13/2021,ISP,NY,AEA,EN,Towers with Radar,23,26,43,1,93,0,3,160,0,163,23,29,203,1,256,182,0,182,438
06/14/2021,ISP,NY,AEA,EN,Towers with Radar,25,10,22,0,57,0,0,38,0,38,25,10,60,0,95,162,0,162,257
06/15/2021,ISP,NY,AEA,EN,Towers with Radar,19,16,31,2,68,0,13,85,8,106,19,29,116,10,174,290,0,290,464
06/16/2021,ISP,NY,AEA,EN,Towers with Radar,23,25,32,6,86,0,15,205,8,228,23,40,237,14,314,340,0,340,654
06/17/2021,ISP,NY,AEA,EN,Towers with Radar,24,16,37,0,77,0,20,185,7,212,24,36,222,7,289,382,0,382,671
06/18/2021,ISP,NY,AEA,EN,Towers with Radar,26,16,34,0,76,0,13,188,0,201,26,29,222,0,277,242,0,242,519
06/19/2021,ISP,NY,AEA,EN,Towers with Radar,25,9,25,0,59,0,4,155,0,159,25,13,180,0,218,292,0,292,510
06/20/2021,ISP,NY,AEA,EN,Towers with Radar,26,22,38,0,86,0,6,171,0,177,26,28,209,0,263,340,0,340,603
06/21/2021,ISP,NY,AEA,EN,Towers with Radar,21,15,35,0,71,0,0,8,0,8,21,15,43,0,79,0,0,0,79
06/22/2021,ISP,NY,AEA,EN,Towers with Radar,21,8,29,1,59,0,8,38,1,47,21,16,67,2,106,148,0,148,254
06/23/2021,ISP,NY,AEA,EN,Towers with Radar,24,21,35,1,81,0,18,232,10,260,24,39,267,11,341,512,0,512,853
06/24/2021,ISP,NY,AEA,EN,Towers with Radar,25,20,55,3,103,0,15,197,10,222,25,35,252,13,325,410,0,410,735
06/25/2021,ISP,NY,AEA,EN,Towers with Radar,26,11,38,0,75,0,4,66,4,74,26,15,104,4,149,182,0,182,331
06/26/2021,ISP,NY,AEA,EN,Towers with Radar,23,12,36,0,71,0,0,17,0,17,23,12,53,0,88,30,0,30,118
06/27/2021,ISP,NY,AEA,EN,Towers with Radar,23,22,28,0,73,0,2,68,0,70,23,24,96,0,143,92,0,92,235
06/28/2021,ISP,NY,AEA,EN,Towers with Radar,27,15,52,1,95,0,13,223,6,242,27,28,275,7,337,376,0,376,713
06/29/2021,ISP,NY,AEA,EN,Towers with Radar,24,9,41,9,83,0,11,211,9,231,24,20,252,18,314,442,0,442,756
06/30/2021,ISP,NY,AEA,EN,Towers with Radar,24,16,49,1,90,0,5,193,13,211,24,21,242,14,301,322,0,322,623
07/01/2021,ISP,NY,AEA,EN,Towers with Radar,20,15,37,1,73,0,5,79,1,85,20,20,116,2,158,188,0,188,346
07/02/2021,ISP,NY,AEA,EN,Towers with Radar,26,12,38,0,76,0,2,25,0,27,26,14,63,0,103,24,0,24,127
07/03/2021,ISP,NY,AEA,EN,Towers with Radar,23,11,30,0,64,0,0,3,0,3,23,11,33,0,67,0,0,0,67
07/04/2021,ISP,NY,AEA,EN,Towers with Radar,24,8,33,0,65,0,8,86,0,94,24,16,119,0,159,162,0,162,321
07/05/2021,ISP,NY,AEA,EN,Towers with Radar,26,16,73,0,115,0,1,76,0,77,26,17,149,0,192,226,0,226,418
07/06/2021,ISP,NY,AEA,EN,Towers with Radar,20,15,40,1,76,0,11,170,7,188,20,26,210,8,264,320,0,320,584
07/07/2021,ISP,NY,AEA,EN,Towers with Radar,28,14,39,1,82,0,13,224,11,248,28,27,263,12,330,438,16,454,784
07/08/2021,ISP,NY,AEA,EN,Towers with Radar,23,21,38,10,92,0,2,12,2,16,23,23,50,12,108,2,10,12,120
07/09/2021,ISP,NY,AEA,EN,Towers with Radar,25,12,20,0,57,0,2,34,0,36,25,14,54,0,93,92,0,92,185
07/10/2021,ISP,NY,AEA,EN,Towers with Radar,25,21,56,0,102,0,6,83,0,89,25,27,139,0,191,334,0,334,525
07/11/2021,ISP,NY,AEA,EN,Towers with Radar,24,18,72,0,114,0,3,21,2,26,24,21,93,2,140,58,0,58,198
07/12/2021,ISP,NY,AEA,EN,Towers with Radar,23,15,28,1,67,0,0,4,0,4,23,15,32,1,71,4,0,4,75
07/13/2021,ISP,NY,AEA,EN,Towers with Radar,30,9,24,3,66,0,0,0,1,1,30,9,24,4,67,0,0,0,67
07/14/2021,ISP,NY,AEA,EN,Towers with Radar,28,14,55,5,102,0,4,112,4,120,28,18,167,9,222,270,0,270,492
07/15/2021,ISP,NY,AEA,EN,Towers with Radar,25,17,43,0,85,0,18,261,6,285,25,35,304,6,370,308,0,308,678
07/16/2021,ISP,NY,AEA,EN,Towers with Radar,25,10,42,0,77,0,10,193,2,205,25,20,235,2,282,380,0,380,662
07/17/2021,ISP,NY,AEA,EN,Towers with Radar,24,10,33,0,67,0,0,130,3,133,24,10,163,3,200,270,0,270,470
07/18/2021,ISP,NY,AEA,EN,Towers with Radar,23,12,53,3,91,0,6,49,8,63,23,18,102,11,154,232,16,248,402
07/19/2021,ISP,NY,AEA,EN,Towers with Radar,24,12,38,2,76,0,4,115,9,128,24,16,153,11,204,388,26,414,618
07/20/2021,ISP,NY,AEA,EN,Towers with Radar,24,14,46,0,84,0,5,151,11,167,24,19,197,11,251,416,8,424,675
07/21/2021,ISP,NY,AEA,EN,Towers with Radar,27,19,30,0,76,0,12,100,11,123,27,31,130,11,199,278,0,278,477
07/22/2021,ISP,NY,AEA,EN,Towers with Radar,24,9,41,0,74,0,13,245,6,264,24,22,286,6,338,388,0,388,726
07/23/2021,ISP,NY,AEA,EN,Towers with Radar,26,13,41,0,80,0,12,224,3,239,26,25,265,3,319,350,0,350,669
07/24/2021,ISP,NY,AEA,EN,Towers with Radar,25,14,30,1,70,0,3,216,3,222,25,17,246,4,292,304,0,304,596
07/25/2021,ISP,NY,AEA,EN,Towers with Radar,24,14,50,1,89,0,0,27,0,27,24,14,77,1,116,28,0,28,144
07/26/2021,ISP,NY,AEA,EN,Towers with Radar,26,22,51,2,101,0,5,170,0,175,26,27,221,2,276,378,0,378,654
07/27/2021,ISP,NY,AEA,EN,Towers with Radar,25,12,45,0,82,0,15,224,2,241,25,27,269,2,323,264,0,264,587
07/28/2021,ISP,NY,AEA,EN,Towers with Radar,30,8,38,0,76,0,29,161,2,192,30,37,199,2,268,408,0,408,676
07/29/2021,ISP,NY,AEA,EN,Towers with Radar,23,11,30,0,64,0,4,40,4,48,23,15,70,4,112,138,0,138,250
07/30/2021,ISP,NY,AEA,EN,Towers with Radar,27,16,48,1,92,0,8,170,1,179,27,24,218,2,271,274,4,278,549
07/31/2021,ISP,NY,AEA,EN,Towers with Radar,25,16,39,0,80,0,12,234,4,250,25,28,273,4,330,350,0,350,680
08/01/2021,ISP,NY,AEA,EN,Towers with Radar,22,30,42,1,95,0,4,147,3,154,22,34,189,4,249,268,0,268,517
08/02/2021,ISP,NY,AEA,EN,Towers with Radar,26,11,46,0,83,0,11,151,6,168,26,22,197,6,251,316,0,316,567
08/03/2021,ISP,NY,AEA,EN,Towers with Radar,25,24,41,2,92,0,11,178,7,196,25,35,219,9,288,390,0,390,678
08/04/2021,ISP,NY,AEA,EN,Towers with Radar,29,14,49,0,92,0,6,135,8,149,29,20,184,8,241,274,0,274,515
08/05/2021,ISP,NY,AEA,EN,Towers with Radar,27,15,51,0,93,0,4,39,2,45,27,19,90,2,138,154,0,154,292
08/06/2021,ISP,NY,AEA,EN,Towers with Radar,26,16,60,0,102,0,17,241,4,262,26,33,301,4,364,432,0,432,796
08/07/2021,ISP,NY,AEA,EN,Towers with Radar,25,9,36,1,71,0,4,182,1,187,25,13,218,2,258,262,0,262,520
08/08/2021,ISP,NY,AEA,EN,Towers with Radar,25,19,37,0,81,0,1,25,0,26,25,20,62,0,107,190,0,190,297
08/09/2021,ISP,NY,AEA,EN,Towers with Radar,28,21,50,0,99,0,2,17,0,19,28,23,67,0,118,2,0,2,120
08/10/2021,ISP,NY,AEA,EN,Towers with Radar,23,13,55,5,96,0,4,40,5,49,23,17,95,10,145,76,0,76,221
08/11/2021,ISP,NY,AEA,EN,Towers with Radar,25,10,57,5,97,0,6,167,5,178,25,16,224,10,275,384,22,406,681
08/12/2021,ISP,NY,AEA,EN,Towers with Radar,25,14,54,0,93,0,5,182,8,195,25,19,236,8,288,288,16,304,592
08/13/2021,ISP,NY,AEA,EN,Towers with Radar,25,8,40,0,73,0,8,181,2,191,25,16,221,2,264,294,0,294,558
08/14/2021,ISP,NY,AEA,EN,Towers with Radar,26,6,26,0,58,0,8,117,0,125,26,14,143,0,183,298,0,298,481
08/15/2021,ISP,NY,AEA,EN,Towers with Radar,28,12,27,0,67,0,1,225,2,228,28,13,252,2,295,276,0,276,571
08/16/2021,ISP,NY,AEA,EN,Towers with Radar,27,14,26,0,67,0,9,192,9,210,27,23,218,9,277,298,0,298,575
08/17/2021,ISP,NY,AEA,EN,Towers with Radar,25,19,43,8,95,0,17,160,3,180,25,36,203,11,275,234,0,234,509
08/18/2021,ISP,NY,AEA,EN,Towers with Radar,27,11,49,0,87,0,7,77,2,86,27,18,126,2,173,186,0,186,359
08/19/2021,ISP,NY,AEA,EN,Towers with Radar,25,11,34,1,71,0,2,53,4,59,25,13,87,5,130,48,0,48,178
08/20/2021,ISP,NY,AEA,EN,Towers with Radar,28,15,59,0,102,0,12,187,3,202,28,27,246,3,304,280,0,280,584
08/21/2021,ISP,NY,AEA,EN,Towers with Radar,26,19,40,0,85,0,2,60,0,62,26,21,100,0,147,162,0,162,309
08/22/2021,ISP,NY,AEA,EN,Towers with Radar,0,1,4,0,5,0,0,0,0,0,0,1,4,0,5,0,0,0,5
08/23/2021,ISP,NY,AEA,EN,Towers with Radar,22,15,29,0,66,0,0,0,0,0,22,15,29,0,66,18,0,18,84
08/24/2021,ISP,NY,AEA,EN,Towers with Radar,24,10,43,0,77,0,12,204,8,224,24,22,247,8,301,390,0,390,691
08/25/2021,ISP,NY,AEA,EN,Towers with Radar,26,12,42,2,82,0,14,274,10,298,26,26,316,12,380,436,8,444,824
08/26/2021,ISP,NY,AEA,EN,Towers with Radar,26,14,47,1,88,0,8,180,9,197,26,22,227,10,285,442,12,454,739
08/27/2021,ISP,NY,AEA,EN,Towers with Radar,28,17,19,0,64,0,6,163,6,175,28,23,182,6,239,286,0,286,525
08/28/2021,ISP,NY,AEA,EN,Towers with Radar,30,11,21,0,62,0,6,55,0,61,30,17,76,0,123,142,0,142,265
08/29/2021,ISP,NY,AEA,EN,Towers with Radar,26,24,52,0,102,0,5,29,0,34,26,29,81,0,136,108,0,108,244
08/30/2021,ISP,NY,AEA,EN,Towers with Radar,26,15,32,0,73,0,0,46,0,46,26,15,78,0,119,78,0,78,197
08/31/2021,ISP,NY,AEA,EN,Towers with Radar,24,13,34,2,73,0,16,163,12,191,24,29,197,14,264,384,0,384,648
09/01/2021,ISP,NY,AEA,EN,Towers with Radar,25,13,7,0,45,0,6,16,0,22,25,19,23,0,67,112,0,112,179
09/02/2021,ISP,NY,AEA,EN,Towers with Radar,25,11,17,2,55,0,15,48,4,67,25,26,65,6,122,34,4,38,160
09/03/2021,ISP,NY,AEA,EN,Towers with Radar,27,10,37,1,75,0,17,215,3,235,27,27,252,4,310,288,0,288,598
09/04/2021,ISP,NY,AEA,EN,Towers with Radar,27,11,30,0,68,0,8,205,2,215,27,19,235,2,283,350,0,350,633
09/05/2021,ISP,NY,AEA,EN,Towers with Radar,26,9,36,0,71,0,2,78,0,80,26,11,114,0,151,148,0,148,299
09/06/2021,ISP,NY,AEA,EN,Towers with Radar,27,19,36,0,82,0,0,116,0,116,27,19,152,0,198,282,0,282,480
09/07/2021,ISP,NY,AEA,EN,Towers with Radar,23,11,40,0,74,0,9,155,7,171,23,20,195,7,245,358,0,358,603
09/08/2021,ISP,NY,AEA,EN,Towers with Radar,24,16,20,0,60,0,14,94,8,116,24,30,114,8,176,194,0,194,370
09/09/2021,ISP,NY,AEA,EN,Towers with Radar,14,16,14,0,44,0,2,5,2,9,14,18,19,2,53,2,0,2,55
09/10/2021,ISP,NY,AEA,EN,Towers with Radar,24,14,49,0,87,0,13,187,2,202,24,27,236,2,289,224,0,224,513
09/11/2021,ISP,NY,AEA,EN,Towers with Radar,24,15,31,0,70,0,19,224,3,246,24,34,255,3,316,396,6,402,718
09/12/2021,ISP,NY,AEA,EN,Towers with Radar,24,15,39,0,78,0,11,179,4,194,24,26,218,4,272,206,0,206,478
09/13/2021,ISP,NY,AEA,EN,Towers with Radar,25,17,53,0,95,0,7,151,2,160,25,24,204,2,255,260,0,260,515
09/14/2021,ISP,NY,AEA,EN,Towers with Radar,22,11,44,1,78,0,15,158,5,178,22,26,202,6,256,370,4,374,630
09/15/2021,ISP,NY,AEA,EN,Towers with Radar,22,15,44,3,84,0,9,83,5,97,22,24,127,8,181,102,26,128,309
09/16/2021,ISP,NY,AEA,EN,Towers with Radar,26,9,25,0,60,0,4,35,0,39,26,13,60,0,99,176,0,176,275
09/17/2021,ISP,NY,AEA,EN,Towers with Radar,25,17,53,0,95,0,0,1,0,1,25,17,54,0,96,50,0,50,146
09/18/2021,ISP,NY,AEA,EN,Towers with Radar,26,11,49,0,86,0,8,159,2,169,26,19,208,2,255,384,0,384,639
09/19/2021,ISP,NY,AEA,EN,Towers with Radar,29,14,43,0,86,0,10,201,0,211,29,24,244,0,297,282,0,282,579
09/20/2021,ISP,NY,AEA,EN,Towers with Radar,25,17,46,1,89,0,12,165,5,182,25,29,211,6,271,344,0,344,615
09/21/2021,ISP,NY,AEA,EN,Towers with Radar,24,17,57,1,99,0,13,138,1,152,24,30,195,2,251,394,0,394,645
09/22/2021,ISP,NY,AEA,EN,Towers with Radar,22,5,27,0,54,0,3,38,4,45,22,8,65,4,99,108,10,118,217
09/23/2021,ISP,NY,AEA,EN,Towers with Radar,20,9,31,0,60,0,6,38,4,48,20,15,69,4,108,38,12,50,158
09/24/2021,ISP,NY,AEA,EN,Towers with Radar,24,15,44,1,84,0,7,105,1,113,24,22,149,2,197,218,0,218,415
09/25/2021,ISP,NY,AEA,EN,Towers with Radar,26,8,47,1,82,0,17,207,1,225,26,25,254,2,307,352,0,352,659
09/26/2021,ISP,NY,AEA,EN,Towers with Radar,26,11,32,0,69,0,6,149,0,155,26,17,181,0,224,222,0,222,446
09/27/2021,ISP,NY,AEA,EN,Towers with Radar,24,13,42,0,79,0,16,171,4,191,24,29,213,4,270,264,0,264,534
09/28/2021,ISP,NY,AEA,EN,Towers with Radar,20,8,31,1,60,0,5,53,1,59,20,13,84,2,119,132,0,132,251
09/29/2021,ISP,NY,AEA,EN,Towers with Radar,22,8,49,0,79,0,21,165,8,194,22,29,214,8,273,310,0,310,583
09/30/2021,ISP,NY,AEA,EN,Towers with Radar,22,12,51,3,88,0,13,176,6,195,22,25,227,9,283,410,12,422,705
10/01/2021,ISP,NY,AEA,EN,Towers with Radar,26,16,38,0,80,0,19,162,2,183,26,35,200,2,263,290,0,290,553
10/02/2021,ISP,NY,AEA,EN,Towers with Radar,26,14,30,0,70,0,15,180,0,195,26,29,210,0,265,424,0,424,689
10/03/2021,ISP,NY,AEA,EN,Towers with Radar,24,13,45,0,82,0,2,167,0,169,24,15,212,0,251,306,0,306,557
10/04/2021,ISP,NY,AEA,EN,Towers with Radar,24,13,38,0,75,0,0,1,0,1,24,13,39,0,76,0,0,0,76
10/05/2021,ISP,NY,AEA,EN,Towers with Radar,22,7,53,0,82,0,2,16,0,18,22,9,69,0,100,38,0,38,138
10/06/2021,ISP,NY,AEA,EN,Towers with Radar,24,11,34,2,71,0,9,157,2,168,24,20,191,4,239,450,0,450,689
10/07/2021,ISP,NY,AEA,EN,Towers with Radar,33,17,63,5,118,0,7,169,9,185,33,24,232,14,303,350,10,360,663
10/08/2021,ISP,NY,AEA,EN,Towers with Radar,31,17,37,1,86,0,5,128,2,135,31,22,165,3,221,242,0,242,463
10/09/2021,ISP,NY,AEA,EN,Towers with Radar,28,21,33,0,82,0,0,70,2,72,28,21,103,2,154,192,0,192,346
10/10/2021,ISP,NY,AEA,EN,Towers with Radar,24,11,38,1,74,0,0,2,0,2,24,11,40,1,76,0,0,0,76
10/11/2021,ISP,NY,AEA,EN,Towers with Radar,29,19,34,0,82,0,3,92,0,95,29,22,126,0,177,222,0,222,399
10/12/2021,ISP,NY,AEA,EN,Towers with Radar,31,13,45,0,89,0,4,114,2,120,31,17,159,2,209,234,0,234,443
10/13/2021,ISP,NY,AEA,EN,Towers with Radar,26,12,58,0,96,0,0,100,2,102,26,12,158,2,198,112,0,112,310
10/14/2021,ISP,NY,AEA,EN,Towers with Radar,34,16,41,2,93,0,15,163,2,180,34,31,204,4,273,266,0,266,539
10/15/2021,ISP,NY,AEA,EN,Towers with Radar,32,12,26,2,72,0,13,205,4,222,32,25,231,6,294,388,0,388,682
10/16/2021,ISP,NY,AEA,EN,Towers with Radar,35,8,15,0,58,0,6,20,0,26,35,14,35,0,84,28,0,28,112
10/17/2021,ISP,NY,AEA,EN,Towers with Radar,34,14,39,0,87,0,9,169,1,179,34,23,208,1,266,222,0,222,488
10/18/2021,ISP,NY,AEA,EN,Towers with Radar,30,17,27,0,74,0,5,79,0,84,30,22,106,0,158,208,0,208,366
10/19/2021,ISP,NY,AEA,EN,Towers with Radar,31,8,41,0,80,0,6,160,8,174,31,14,201,8,254,114,0,114,368
10/20/2021,ISP,NY,AEA,EN,Towers with Radar,30,16,46,0,92,0,19,168,8,195,30,35,214,8,287,218,4,222,509
10/21/2021,ISP,NY,AEA,EN,Towers with Radar,32,11,42,1,86,0,20,184,1,205,32,31,226,2,291,324,0,324,615
10/22/2021,ISP,NY,AEA,EN,Towers with Radar,32,12,47,6,97,0,16,173,9,198,32,28,220,15,295,256,0,256,551
10/23/2021,ISP,NY,AEA,EN,Towers with Radar,31,12,19,1,63,0,4,186,23,213,31,16,205,24,276,340,0,340,616
10/24/2021,ISP,NY,AEA,EN,Towers with Radar,34,17,41,2,94,0,9,186,7,202,34,26,227,9,296,214,0,214,510
10/25/2021,ISP,NY,AEA,EN,Towers with Radar,30,23,34,1,88,0,11,81,1,93,30,34,115,2,181,246,0,246,427
10/26/2021,ISP,NY,AEA,EN,Towers with Radar,32,7,13,0,52,0,0,0,0,0,32,7,13,0,52,0,0,0,52
10/27/2021,ISP,NY,AEA,EN,Towers with Radar,30,8,18,2,58,0,2,4,4,10,30,10,22,6,68,0,0,0,68
10/28/2021,ISP,NY,AEA,EN,Towers with Radar,34,15,67,3,119,0,2,108,13,123,34,17,175,16,242,342,13,355,597
10/29/2021,ISP,NY,AEA,EN,Towers with Radar,31,17,29,0,77,0,6,65,0,71,31,23,94,0,148,182,0,182,330
10/30/2021,ISP,NY,AEA,EN,Towers with Radar,37,10,16,0,63,0,0,6,0,6,37,10,22,0,69,0,0,0,69
10/31/2021,ISP,NY,AEA,EN,Towers with Radar,34,12,36,0,82,0,2,113,2,117,34,14,149,2,199,178,0,178,377
11/01/2021,ISP,NY,AEA,EN,Towers with Radar,29,6,24,1,60,0,14,133,6,153,29,20,157,7,213,176,12,188,401
11/02/2021,ISP,NY,AEA,EN,Towers with Radar,32,10,30,0,72,0,15,146,6,167,32,25,176,6,239,330,0,330,569
11/03/2021,ISP,NY,AEA,EN,Towers with Radar,28,17,27,0,72,0,18,195,13,226,28,35,222,13,298,364,6,370,668
11/04/2021,ISP,NY,AEA,EN,Towers with Radar,36,18,45,0,99,0,13,175,10,198,36,31,220,10,297,336,0,336,633
11/05/2021,ISP,NY,AEA,EN,Towers with Radar,31,13,35,0,79,0,14,143,8,165,31,27,178,8,244,378,0,378,622
11/06/2021,ISP,NY,AEA,EN,Towers with Radar,32,16,34,0,82,0,12,168,9,189,32,28,202,9,271,266,4,270,541
11/07/2021,ISP,NY,AEA,EN,Towers with Radar,36,19,24,0,79,0,0,127,14,141,36,19,151,14,220,246,0,246,466
11/08/2021,ISP,NY,AEA,EN,Towers with Radar,28,9,30,5,72,0,11,155,9,175,28,20,185,14,247,322,0,322,569
11/09/2021,ISP,NY,AEA,EN,Towers with Radar,30,14,45,3,92,0,9,156,9,174,30,23,201,12,266,358,4,362,628
11/10/2021,ISP,NY,AEA,EN,Towers with Radar,29,11,42,2,84,0,15,168,12,195,29,26,210,14,279,266,24,290,569
11/11/2021,ISP,NY,AEA,EN,Towers with Radar,31,10,17,0,58,0,7,166,0,173,31,17,183,0,231,352,0,352,583
11/12/2021,ISP,NY,AEA,EN,Towers with Radar,30,22,17,0,69,0,2,13,0,15,30,24,30,0,84,6,0,6,90
11/13/2021,ISP,NY,AEA,EN,Towers with Radar,41,17,22,0,80,0,7,78,0,85,41,24,100,0,165,154,0,154,319
11/14/2021,ISP,NY,AEA,EN,Towers with Radar,32,22,45,0,99,0,6,152,0,158,32,28,197,0,257,276,0,276,533
11/15/2021,ISP,NY,AEA,EN,Towers with Radar,30,18,10,1,59,0,3,71,2,76,30,21,81,3,135,194,0,194,329
11/16/2021,ISP,NY,AEA,EN,Towers with Radar,29,11,46,9,95,0,14,138,2,154,29,25,184,11,249,284,2,286,535
11/17/2021,ISP,NY,AEA,EN,Towers with Radar,29,10,44,2,85,0,11,183,2,196,29,21,227,4,281,298,0,298,579
11/18/2021,ISP,NY,AEA,EN,Towers with Radar,33,16,52,2,103,0,8,147,12,167,33,24,199,14,270,290,12,302,572
11/19/2021,ISP,NY,AEA,EN,Towers with Radar,36,12,25,0,73,0,12,93,7,112,36,24,118,7,185,186,0,186,371
11/20/2021,ISP,NY,AEA,EN,Towers with Radar,34,7,41,0,82,0,7,199,0,206,34,14,240,0,288,314,0,314,602
11/21/2021,ISP,NY,AEA,EN,Towers with Radar,33,11,34,0,78,0,7,134,0,141,33,18,168,0,219,238,0,238,457
11/22/2021,ISP,NY,AEA,EN,Towers with Radar,34,9,24,1,68,0,4,48,1,53,34,13,72,2,121,104,12,116,237
11/23/2021,ISP,NY,AEA,EN,Towers with Radar,35,19,33,1,88,0,13,84,13,110,35,32,117,14,198,102,14,116,314
11/24/2021,ISP,NY,AEA,EN,Towers with Radar,37,12,44,0,93,0,11,180,0,191,37,23,224,0,284,184,0,184,468
11/25/2021,ISP,NY,AEA,EN,Towers with Radar,29,5,6,0,40,0,9,33,0,42,29,14,39,0,82,70,0,70,152
11/26/2021,ISP,NY,AEA,EN,Towers with Radar,29,8,5,0,42,0,2,7,0,9,29,10,12,0,51,24,0,24,75
11/27/2021,ISP,NY,AEA,EN,Towers with Radar,34,14,27,0,75,0,10,25,0,35,34,24,52,0,110,4,0,4,114
11/28/2021,ISP,NY,AEA,EN,Towers with Radar,34,23,27,0,84,0,2,52,0,54,34,25,79,0,138,436,0,436,574
11/29/2021,ISP,NY,AEA,EN,Towers with Radar,39,18,24,0,81,0,4,99,0,103,39,22,123,0,184,260,0,260,444
11/30/2021,ISP,NY,AEA,EN,Towers with Radar,32,19,44,0,95,0,12,110,6,128,32,31,154,6,223,244,0,244,467
12/01/2021,ISP,NY,AEA,EN,Towers with Radar,32,14,48,4,98,0,12,183,9,204,32,26,231,13,302,232,0,232,534
12/02/2021,ISP,NY,AEA,EN,Towers with Radar,32,12,41,1,86,0,11,128,10,149,32,23,169,11,235,172,4,176,411
12/03/2021,ISP,NY,AEA,EN,Towers with Radar,33,13,34,0,80,0,9,93,4,106,33,22,127,4,186,142,0,142,328
12/04/2021,ISP,NY,AEA,EN,Towers with Radar,37,9,29,0,75,0,9,195,0,204,37,18,224,0,279,294,0,294,573
12/05/2021,ISP,NY,AEA,EN,Towers with Radar,32,13,30,0,75,0,2,211,0,213,32,15,241,0,288,306,0,306,594
12/06/2021,ISP,NY,AEA,EN,Towers with Radar,32,13,26,0,71,0,2,5,0,7,32,15,31,0,78,0,0,0,78
12/07/2021,ISP,NY,AEA,EN,Towers with Radar,29,7,31,2,69,0,21,154,14,189,29,28,185,16,258,234,0,234,492
12/08/2021,ISP,NY,AEA,EN,Towers with Radar,29,11,18,1,59,0,3,23,1,27,29,14,41,2,86,88,14,102,188
12/09/2021,ISP,NY,AEA,EN,Towers with Radar,29,15,41,2,87,0,11,152,12,175,29,26,193,14,262,256,8,264,526
12/10/2021,ISP,NY,AEA,EN,Towers with Radar,32,18,23,1,74,0,13,142,6,161,32,31,165,7,235,298,0,298,533
12/11/2021,ISP,NY,AEA,EN,Towers with Radar,39,5,12,0,56,0,0,0,0,0,39,5,12,0,56,0,0,0,56
12/12/2021,ISP,NY,AEA,EN,Towers with Radar,31,9,19,1,60,0,6,103,10,119,31,15,122,11,179,112,8,120,299
12/13/2021,ISP,NY,AEA,EN,Towers with Radar,30,10,37,1,78,0,11,135,5,151,30,21,172,6,229,186,4,190,419
12/14/2021,ISP,NY,AEA,EN,Towers with Radar,29,6,24,1,60,0,13,142,10,165,29,19,166,11,225,274,0,274,499
12/15/2021,ISP,NY,AEA,EN,Towers with Radar,29,14,49,3,95,0,11,131,9,151,29,25,180,12,246,226,18,244,490
12/16/2021,ISP,NY,AEA,EN,Towers with Radar,30,18,40,2,90,0,9,166,14,189,30,27,206,16,279,166,0,166,445
12/17/2021,ISP,NY,AEA,EN,Towers with Radar,31,15,28,0,74,0,9,155,5,169,31,24,183,5,243,216,0,216,459
12/18/2021,ISP,NY,AEA,EN,Towers with Radar,35,11,11,0,57,0,0,8,0,8,35,11,19,0,65,2,0,2,67
12/19/2021,ISP,NY,AEA,EN,Towers with Radar,34,11,25,0,70,0,4,31,0,35,34,15,56,0,105,28,0,28,133
12/20/2021,ISP,NY,AEA,EN,Towers with Radar,32,11,33,1,77,0,11,156,5,172,32,22,189,6,249,284,4,288,537
12/21/2021,ISP,NY,AEA,EN,Towers with Radar,33,11,36,6,86,0,8,137,8,153,33,19,173,14,239,256,4,260,499
12/22/2021,ISP,NY,AEA,EN,Towers with Radar,34,13,13,2,62,0,2,43,2,47,34,15,56,4,109,92,0,92,201
12/23/2021,ISP,NY,AEA,EN,Towers with Radar,34,18,38,0,90,0,19,140,4,163,34,37,178,4,253,208,0,208,461
12/24/2021,ISP,NY,AEA,EN,Towers with Radar,30,8,18,0,56,0,2,12,0,14,30,10,30,0,70,54,0,54,124
12/25/2021,ISP,NY,AEA,EN,Towers with Radar,37,11,6,0,54,0,0,0,0,0,37,11,6,0,54,0,0,0,54
12/26/2021,ISP,NY,AEA,EN,Towers with Radar,34,12,28,0,74,0,0,116,0,116,34,12,144,0,190,310,0,310,500
12/27/2021,ISP,NY,AEA,EN,Towers with Radar,36,10,29,0,75,0,1,101,2,104,36,11,130,2,179,126,0,126,305
12/28/2021,ISP,NY,AEA,EN,Towers with Radar,35,9,39,3,86,0,4,84,2,90,35,13,123,5,176,172,0,172,348
12/29/2021,ISP,NY,AEA,EN,Towers with Radar,32,12,11,0,55,0,2,0,0,2,32,14,11,0,57,18,0,18,75
12/30/2021,ISP,NY,AEA,EN,Towers with Radar,31,8,20,0,59,0,0,4,0,4,31,8,24,0,63,32,0,32,95
12/31/2021,ISP,NY,AEA,EN,Towers with Radar,27,6,22,0,55,0,2,2,0,4,27,8,24,0,59,0,0,0,59
01/01/2022,ISP,NY,AEA,EN,Towers with Radar,32,16,16,0,64,0,0,0,0,0,32,16,16,0,64,0,0,0,64
01/02/2022,ISP,NY,AEA,EN,Towers with Radar,27,15,29,0,71,0,2,3,0,5,27,17,32,0,76,10,0,10,86
01/03/2022,ISP,NY,AEA,EN,Towers with Radar,26,11,12,0,49,0,4,9,0,13,26,15,21,0,62,0,0,0,62
01/04/2022,ISP,NY,AEA,EN,Towers with Radar,26,9,48,2,85,0,4,205,4,213,26,13,253,6,298,270,0,270,568
01/05/2022,ISP,NY,AEA,EN,Towers with Radar,25,18,6,0,49,0,0,1,0,1,25,18,7,0,50,4,0,4,54
01/06/2022,ISP,NY,AEA,EN,Towers with Radar,22,11,39,3,75,0,8,138,15,161,22,19,177,18,236,168,26,194,430
01/07/2022,ISP,NY,AEA,EN,Towers with Radar,23,14,3,0,40,0,0,7,2,9,23,14,10,2,49,0,6,6,55
01/08/2022,ISP,NY,AEA,EN,Towers with Radar,34,8,40,0,82,0,5,150,0,155,34,13,190,0,237,308,0,308,545
01/09/2022,ISP,NY,AEA,EN,Towers with Radar,29,16,10,0,55,0,4,16,0,20,29,20,26,0,75,52,0,52,127
01/10/2022,ISP,NY,AEA,EN,Towers with Radar,28,11,19,10,68,0,6,79,4,89,28,17,98,14,157,112,0,112,269
01/11/2022,ISP,NY,AEA,EN,Towers with Radar,29,6,18,0,53,0,5,58,2,65,29,11,76,2,118,168,0,168,286
01/12/2022,ISP,NY,AEA,EN,Towers with Radar,28,8,19,0,55,0,8,92,6,106,28,16,111,6,161,86,4,90,251
01/13/2022,ISP,NY,AEA,EN,Towers with Radar,31,14,35,0,80,0,21,184,8,213,31,35,219,8,293,320,0,320,613
01/14/2022,ISP,NY,AEA,EN,Towers with Radar,30,17,19,0,66,0,3,53,2,58,30,20,72,2,124,98,0,98,222
01/15/2022,ISP,NY,AEA,EN,Towers with Radar,37,13,23,0,73,0,3,72,0,75,37,16,95,0,148,52,0,52,200
01/16/2022,ISP,NY,AEA,EN,Towers with Radar,31,10,11,0,52,0,0,71,0,71,31,10,82,0,123,300,0,300,423
01/17/2022,ISP,NY,AEA,EN,Towers with Radar,26,12,15,0,53,0,4,3,0,7,26,16,18,0,60,8,0,8,68
01/18/2022,ISP,NY,AEA,EN,Towers with Radar,29,4,20,0,53,0,5,22,6,33,29,9,42,6,86,8,0,8,94
01/19/2022,ISP,NY,AEA,EN,Towers with Radar,28,8,22,1,59,0,9,75,14,98,28,17,97,15,157,222,10,232,389
01/20/2022,ISP,NY,AEA,EN,Towers with Radar,26,9,14,0,49,0,2,18,4,24,26,11,32,4,73,106,14,120,193
01/21/2022,ISP,NY,AEA,EN,Towers with Radar,27,16,23,0,66,0,12,119,6,137,27,28,142,6,203,166,8,174,377
01/22/2022,ISP,NY,AEA,EN,Towers with Radar,35,7,21,0,63,0,7,136,4,147,35,14,157,4,210,366,46,412,622
01/23/2022,ISP,NY,AEA,EN,Towers with Radar,28,15,29,4,76,0,5,153,4,162,28,20,182,8,238,342,6,348,586
01/24/2022,ISP,NY,AEA,EN,Towers with Radar,29,5,24,0,58,0,0,82,0,82,29,5,106,0,140,248,0,248,388
01/25/2022,ISP,NY,AEA,EN,Towers with Radar,26,7,28,2,63,0,12,92,8,112,26,19,120,10,175,336,14,350,525
01/26/2022,ISP,NY,AEA,EN,Towers with Radar,29,9,31,0,69,0,12,119,4,135,29,21,150,4,204,280,10,290,494
01/27/2022,ISP,NY,AEA,EN,Towers with Radar,28,8,37,4,77,0,12,173,5,190,28,20,210,9,267,240,0,240,507
01/28/2022,ISP,NY,AEA,EN,Towers with Radar,25,10,22,0,57,0,2,24,0,26,25,12,46,0,83,124,0,124,207
01/29/2022,ISP,NY,AEA,EN,Towers with Radar,0,0,0,0,0,0,0,0,0,0,0,0,0,0,0,0,0,0,0
01/30/2022,ISP,NY,AEA,EN,Towers with Radar,10,16,13,0,39,0,4,6,0,10,10,20,19,0,49,2,0,2,51
01/31/2022,ISP,NY,AEA,EN,Towers with Radar,26,10,24,0,60,0,2,81,6,89,26,12,105,6,149,194,0,194,343
02/01/2022,ISP,NY,AEA,EN,Towers with Radar,28,6,33,3,70,0,2,124,0,126,28,8,157,3,196,307,0,307,503
02/02/2022,ISP,NY,AEA,EN,Towers with Radar,28,8,24,0,60,0,2,36,2,40,28,10,60,2,100,97,0,97,197
02/03/2022,ISP,NY,AEA,EN,Towers with Radar,22,13,17,0,52,0,0,0,0,0,22,13,17,0,52,0,0,0,52
02/04/2022,ISP,NY,AEA,EN,Towers with Radar,26,12,9,0,47,0,0,0,0,0,26,12,9,0,47,0,0,0,47
02/05/2022,ISP,NY,AEA,EN,Towers with Radar,35,9,17,0,61,0,4,70,0,74,35,13,87,0,135,120,0,120,255
02/06/2022,ISP,NY,AEA,EN,Towers with Radar,28,14,27,0,69,0,6,182,0,188,28,20,209,0,257,372,0,372,629
02/07/2022,ISP,NY,AEA,EN,Towers with Radar,20,12,14,0,46,0,0,0,0,0,20,12,14,0,46,0,0,0,46
02/08/2022,ISP,NY,AEA,EN,Towers with Radar,27,9,22,1,59,0,6,75,11,92,27,15,97,12,151,256,10,266,417
02/09/2022,ISP,NY,AEA,EN,Towers with Radar,28,11,27,1,67,0,16,216,11,243,28,27,243,12,310,382,16,398,708
02/10/2022,ISP,NY,AEA,EN,Towers with Radar,28,17,41,2,88,0,6,121,10,137,28,23,162,12,225,268,34,302,527
02/11/2022,ISP,NY,AEA,EN,Towers with Radar,28,8,27,1,64,0,15,149,9,173,28,23,176,10,237,222,16,238,475
02/12/2022,ISP,NY,AEA,EN,Towers with Radar,35,4,40,1,80,0,7,185,5,197,35,11,225,6,277,238,0,238,515
02/13/2022,ISP,NY,AEA,EN,Towers with Radar,27,6,7,0,40,0,0,0,0,0,27,6,7,0,40,0,0,0,40
02/14/2022,ISP,NY,AEA,EN,Towers with Radar,29,9,20,0,58,0,7,40,14,61,29,16,60,14,119,158,14,172,291
02/15/2022,ISP,NY,AEA,EN,Towers with Radar,29,10,26,1,66,0,15,135,7,157,29,25,161,8,223,306,0,306,529
02/16/2022,ISP,NY,AEA,EN,Towers with Radar,28,12,37,3,80,0,6,113,11,130,28,18,150,14,210,218,28,246,456
02/17/2022,ISP,NY,AEA,EN,Towers with Radar,32,12,22,1,67,0,2,14,7,23,32,14,36,8,90,48,0,48,138
02/18/2022,ISP,NY,AEA,EN,Towers with Radar,32,10,18,0,60,0,5,17,0,22,32,15,35,0,82,18,0,18,100
02/19/2022,ISP,NY,AEA,EN,Towers with Radar,37,10,14,0,61,0,2,40,2,44,37,12,54,2,105,54,0,54,159
02/20/2022,ISP,NY,AEA,EN,Towers with Radar,36,9,49,0,94,0,5,185,2,192,36,14,234,2,286,280,0,280,566
02/21/2022,ISP,NY,AEA,EN,Towers with Radar,34,13,28,0,75,0,14,207,0,221,34,27,235,0,296,414,0,414,710
02/22/2022,ISP,NY,AEA,EN,Towers with Radar,30,8,10,2,50,0,2,0,0,2,30,10,10,2,52,0,0,0,52
02/23/2022,ISP,NY,AEA,EN,Towers with Radar,32,8,31,1,72,0,8,98,15,121,32,16,129,16,193,198,12,210,403
02/24/2022,ISP,NY,AEA,EN,Towers with Radar,31,8,30,1,70,0,12,144,7,163,31,20,174,8,233,384,30,414,647
02/25/2022,ISP,NY,AEA,EN,Towers with Radar,32,13,11,0,56,0,0,2,0,2,32,13,13,0,58,0,0,0,58
02/26/2022,ISP,NY,AEA,EN,Towers with Radar,37,17,36,0,90,0,5,196,0,201,37,22,232,0,291,304,0,304,595
02/27/2022,ISP,NY,AEA,EN,Towers with Radar,32,12,34,2,80,0,1,89,5,95,32,13,123,7,175,80,0,80,255
02/28/2022,ISP,NY,AEA,EN,Towers with Radar,34,15,29,0,78,0,11,128,0,139,34,26,157,0,217,318,0,318,535
03/01/2022,ISP,NY,AEA,EN,Towers with Radar,30,10,27,1,68,0,13,112,7,132,30,23,139,8,200,322,0,322,522
03/02/2022,ISP,NY,AEA,EN,Towers with Radar,32,7,58,6,103,0,17,192,16,225,32,24,250,22,328,296,2,298,626
03/03/2022,ISP,NY,AEA,EN,Towers with Radar,32,11,20,1,64,0,8,96,15,119,32,19,116,16,183,192,20,212,395
03/04/2022,ISP,NY,AEA,EN,Towers with Radar,32,12,37,2,83,0,17,180,6,203,32,29,217,8,286,302,0,302,588
03/05/2022,ISP,NY,AEA,EN,Towers with Radar,37,10,38,0,85,0,5,181,2,188,37,15,219,2,273,366,0,366,639
03/06/2022,ISP,NY,AEA,EN,Towers with Radar,31,7,23,0,61,0,1,7,0,8,31,8,30,0,69,0,0,0,69
03/07/2022,ISP,NY,AEA,EN,Towers with Radar,34,13,25,0,72,0,2,21,2,25,34,15,46,2,97,36,0,36,133
03/08/2022,ISP,NY,AEA,EN,Towers with Radar,29,4,23,0,56,0,4,91,7,102,29,8,114,7,158,68,0,68,226
03/09/2022,ISP,NY,AEA,EN,Towers with Radar,32,5,9,0,46,0,0,0,0,0,32,5,9,0,46,0,0,0,46
03/10/2022,ISP,NY,AEA,EN,Towers with Radar,32,23,40,2,97,0,5,139,8,152,32,28,179,10,249,260,30,290,539
03/11/2022,ISP,NY,AEA,EN,Towers with Radar,36,16,26,2,80,0,14,165,8,187,36,30,191,10,267,266,0,266,533
03/12/2022,ISP,NY,AEA,EN,Towers with Radar,23,2,3,0,28,0,0,0,0,0,23,2,3,0,28,0,0,0,28
03/13/2022,ISP,NY,AEA,EN,Towers with Radar,31,9,29,1,70,0,1,50,1,52,31,10,79,2,122,38,0,38,160
03/14/2022,ISP,NY,AEA,EN,Towers with Radar,35,14,35,2,86,0,9,171,16,196,35,23,206,18,282,288,0,288,570
03/15/2022,ISP,NY,AEA,EN,Towers with Radar,29,11,43,4,87,0,10,173,8,191,29,21,216,12,278,332,4,336,614
03/16/2022,ISP,NY,AEA,EN,Towers with Radar,31,8,39,2,80,0,12,192,12,216,31,20,231,14,296,274,34,308,604
03/17/2022,ISP,NY,AEA,EN,Towers with Radar,33,12,24,0,69,0,0,0,0,0,33,12,24,0,69,0,0,0,69
03/18/2022,ISP,NY,AEA,EN,Towers with Radar,38,12,33,0,83,0,13,123,7,143,38,25,156,7,226,230,0,230,456
03/19/2022,ISP,NY,AEA,EN,Towers with Radar,32,5,22,0,59,0,0,4,0,4,32,5,26,0,63,0,0,0,63
03/20/2022,ISP,NY,AEA,EN,Towers with Radar,32,13,34,2,81,0,2,168,4,174,32,15,202,6,255,222,0,222,477
03/21/2022,ISP,NY,AEA,EN,Towers with Radar,37,9,31,0,77,0,8,121,8,137,37,17,152,8,214,224,0,224,438
03/22/2022,ISP,NY,AEA,EN,Towers with Radar,27,8,31,4,70,0,8,155,12,175,27,16,186,16,245,278,18,296,541
03/23/2022,ISP,NY,AEA,EN,Towers with Radar,31,9,32,7,79,0,8,131,4,143,31,17,163,11,222,248,4,252,474
03/24/2022,ISP,NY,AEA,EN,Towers with Radar,32,5,16,0,53,0,2,0,0,2,32,7,16,0,55,0,0,0,55
03/25/2022,ISP,NY,AEA,EN,Towers with Radar,38,13,46,1,98,0,11,142,12,165,38,24,188,13,263,422,12,434,697
03/26/2022,ISP,NY,AEA,EN,Towers with Radar,34,11,19,0,64,0,6,80,0,86,34,17,99,0,150,236,0,236,386
03/27/2022,ISP,NY,AEA,EN,Towers with Radar,36,13,29,0,78,0,0,91,1,92,36,13,120,1,170,84,0,84,254
03/28/2022,ISP,NY,AEA,EN,Towers with Radar,39,11,15,2,67,0,2,5,4,11,39,13,20,6,78,0,16,16,94
03/29/2022,ISP,NY,AEA,EN,Towers with Radar,30,7,27,1,65,0,7,96,9,112,30,14,123,10,177,158,0,158,335
03/30/2022,ISP,NY,AEA,EN,Towers with Radar,26,10,32,1,69,0,13,182,11,206,26,23,214,12,275,486,18,504,779
03/31/2022,ISP,NY,AEA,EN,Towers with Radar,30,14,15,0,59,0,0,0,0,0,30,14,15,0,59,0,0,0,59
04/01/2022,ISP,NY,AEA,EN,Towers with Radar,31,12,29,2,74,0,3,62,6,71,31,15,91,8,145,230,0,230,375
04/02/2022,ISP,NY,AEA,EN,Towers with Radar,18,9,41,2,70,0,6,192,1,199,18,15,233,3,269,464,0,464,733
04/03/2022,ISP,NY,AEA,EN,Towers with Radar,22,11,24,1,58,0,0,15,0,15,22,11,39,1,73,140,0,140,213
04/04/2022,ISP,NY,AEA,EN,Towers with Radar,32,13,21,1,67,0,13,168,9,190,32,26,189,10,257,250,34,284,541
04/05/2022,ISP,NY,AEA,EN,Towers with Radar,22,12,27,0,61,0,8,141,6,155,22,20,168,6,216,370,0,370,586
04/06/2022,ISP,NY,AEA,EN,Towers with Radar,26,5,24,0,55,0,0,1,0,1,26,5,25,0,56,0,0,0,56
04/07/2022,ISP,NY,AEA,EN,Towers with Radar,27,10,22,0,59,0,2,0,0,2,27,12,22,0,61,4,0,4,65
04/08/2022,ISP,NY,AEA,EN,Towers with Radar,30,13,62,1,106,0,16,149,3,168,30,29,211,4,274,404,2,406,680
04/09/2022,ISP,NY,AEA,EN,Towers with Radar,31,6,26,0,63,0,7,68,0,75,31,13,94,0,138,386,0,386,524
04/10/2022,ISP,NY,AEA,EN,Towers with Radar,26,14,31,0,71,0,17,92,0,109,26,31,123,0,180,286,0,286,466
04/11/2022,ISP,NY,AEA,EN,Towers with Radar,31,13,38,0,82,0,11,183,6,200,31,24,221,6,282,520,0,520,802
04/12/2022,ISP,NY,AEA,EN,Towers with Radar,29,6,37,4,76,0,15,121,8,144,29,21,158,12,220,426,2,428,648
04/13/2022,ISP,NY,AEA,EN,Towers with Radar,32,11,38,6,87,0,17,168,9,194,32,28,206,15,281,552,6,558,839
04/14/2022,ISP,NY,AEA,EN,Towers with Radar,27,16,37,4,84,0,8,101,4,113,27,24,138,8,197,370,6,376,573
04/15/2022,ISP,NY,AEA,EN,Towers with Radar,32,15,44,0,91,0,10,172,4,186,32,25,216,4,277,388,0,388,665
04/16/2022,ISP,NY,AEA,EN,Towers with Radar,33,12,22,1,68,0,2,81,1,84,33,14,103,2,152,62,0,62,214
04/17/2022,ISP,NY,AEA,EN,Towers with Radar,29,13,22,0,64,0,5,50,0,55,29,18,72,0,119,112,0,112,231
04/18/2022,ISP,NY,AEA,EN,Towers with Radar,33,11,25,0,69,0,10,104,2,116,33,21,129,2,185,406,0,406,591
04/19/2022,ISP,NY,AEA,EN,Towers with Radar,31,12,14,2,59,0,2,10,0,12,31,14,24,2,71,0,0,0,71
04/20/2022,ISP,NY,AEA,EN,Towers with Radar,30,15,37,1,83,0,9,111,7,127,30,24,148,8,210,296,0,296,506
04/21/2022,ISP,NY,AEA,EN,Towers with Radar,30,10,40,1,81,0,8,161,7,176,30,18,201,8,257,370,6,376,633
04/22/2022,ISP,NY,AEA,EN,Towers with Radar,35,9,42,0,86,0,10,134,0,144,35,19,176,0,230,448,0,448,678
04/23/2022,ISP,NY,AEA,EN,Towers with Radar,33,11,30,0,74,0,9,202,5,216,33,20,232,5,290,602,0,602,892
04/24/2022,ISP,NY,AEA,EN,Towers with Radar,30,18,40,0,88,0,3,127,3,133,30,21,167,3,221,430,0,430,651
04/25/2022,ISP,NY,AEA,EN,Towers with Radar,33,20,28,0,81,0,1,109,1,111,33,21,137,1,192,364,0,364,556
04/26/2022,ISP,NY,AEA,EN,Towers with Radar,28,11,31,2,72,0,3,9,0,12,28,14,40,2,84,24,0,24,108
04/27/2022,ISP,NY,AEA,EN,Towers with Radar,23,11,20,0,54,0,8,60,4,72,23,19,80,4,126,186,0,186,312
04/28/2022,ISP,NY,AEA,EN,Towers with Radar,25,14,21,0,60,0,8,31,2,41,25,22,52,2,101,172,0,172,273
04/29/2022,ISP,NY,AEA,EN,Towers with Radar,27,14,37,1,79,0,7,100,1,108,27,21,137,2,187,230,0,230,417
04/30/2022,ISP,NY,AEA,EN,Towers with Radar,25,9,35,1,70,0,15,179,1,195,25,24,214,2,265,534,0,534,799
05/01/2022,ISP,NY,AEA,EN,Towers with Radar,26,6,54,0,86,0,6,198,2,206,26,12,252,2,292,656,0,656,948
05/02/2022,ISP,NY,AEA,EN,Towers with Radar,27,9,19,0,55,0,0,1,0,1,27,9,20,0,56,4,0,4,60
05/03/2022,ISP,NY,AEA,EN,Towers with Radar,26,9,44,0,79,0,8,32,3,43,26,17,76,3,122,370,0,370,492
05/04/2022,ISP,NY,AEA,EN,Towers with Radar,23,15,22,0,60,0,0,5,0,5,23,15,27,0,65,220,0,220,285
05/05/2022,ISP,NY,AEA,EN,Towers with Radar,27,12,38,1,78,0,14,215,8,237,27,26,253,9,315,674,6,680,995
05/06/2022,ISP,NY,AEA,EN,Towers with Radar,28,11,40,0,79,0,2,31,0,33,28,13,71,0,112,306,0,306,418
05/07/2022,ISP,NY,AEA,EN,Towers with Radar,23,17,9,0,49,0,4,2,0,6,23,21,11,0,55,0,0,0,55
05/08/2022,ISP,NY,AEA,EN,Towers with Radar,30,15,12,1,58,0,1,17,1,19,30,16,29,2,77,54,0,54,131
05/09/2022,ISP,NY,AEA,EN,Towers with Radar,30,15,11,0,56,0,8,21,2,31,30,23,32,2,87,112,0,112,199
05/10/2022,ISP,NY,AEA,EN,Towers with Radar,27,8,28,0,63,0,8,48,4,60,27,16,76,4,123,68,0,68,191
05/11/2022,ISP,NY,AEA,EN,Towers with Radar,23,8,44,1,76,0,5,113,6,124,23,13,157,7,200,434,10,444,644
05/12/2022,ISP,NY,AEA,EN,Towers with Radar,25,11,37,0,73,0,9,47,2,58,25,20,84,2,131,448,0,448,579
05/13/2022,ISP,NY,AEA,EN,Towers with Radar,25,11,24,0,60,0,0,3,0,3,25,11,27,0,63,26,0,26,89
05/14/2022,ISP,NY,AEA,EN,Towers with Radar,24,13,31,0,68,0,0,3,0,3,24,13,34,0,71,0,0,0,71
05/15/2022,ISP,NY,AEA,EN,Towers with Radar,22,15,33,0,70,0,1,58,0,59,22,16,91,0,129,306,0,306,435
05/16/2022,ISP,NY,AEA,EN,Towers with Radar,28,12,19,0,59,0,0,22,1,23,28,12,41,1,82,58,0,58,140
05/17/2022,ISP,NY,AEA,EN,Towers with Radar,23,9,35,0,67,0,13,172,7,192,23,22,207,7,259,610,0,610,869
05/18/2022,ISP,NY,AEA,EN,Towers with Radar,23,14,56,1,94,0,16,240,11,267,23,30,296,12,361,678,0,678,1039
05/19/2022,ISP,NY,AEA,EN,Towers with Radar,28,8,36,0,72,0,2,8,0,10,28,10,44,0,82,176,0,176,258
05/20/2022,ISP,NY,AEA,EN,Towers with Radar,30,22,48,2,102,0,2,30,0,32,30,24,78,2,134,120,0,120,254
05/21/2022,ISP,NY,AEA,EN,Towers with Radar,25,8,36,0,69,0,7,151,0,158,25,15,187,0,227,568,0,568,795
05/22/2022,ISP,NY,AEA,EN,Towers with Radar,26,10,41,0,77,0,4,177,0,181,26,14,218,0,258,456,0,456,714
05/23/2022,ISP,NY,AEA,EN,Towers with Radar,26,17,23,0,66,0,3,133,0,136,26,20,156,0,202,398,0,398,600
05/24/2022,ISP,NY,AEA,EN,Towers with Radar,22,12,38,0,72,0,19,167,5,191,22,31,205,5,263,556,0,556,819
05/25/2022,ISP,NY,AEA,EN,Towers with Radar,24,14,40,0,78,0,13,209,9,231,24,27,249,9,309,594,0,594,903
05/26/2022,ISP,NY,AEA,EN,Towers with Radar,29,15,50,0,94,0,14,145,4,163,29,29,195,4,257,434,8,442,699
05/27/2022,ISP,NY,AEA,EN,Towers with Radar,24,10,22,0,56,0,0,0,0,0,24,10,22,0,56,0,0,0,56
05/28/2022,ISP,NY,AEA,EN,Towers with Radar,25,5,23,3,56,0,2,27,0,29,25,7,50,3,85,66,0,66,151
05/29/2022,ISP,NY,AEA,EN,Towers with Radar,31,10,28,0,69,0,0,160,7,167,31,10,188,7,236,400,12,412,648
05/30/2022,ISP,NY,AEA,EN,Towers with Radar,29,10,50,0,89,0,7,190,4,201,29,17,240,4,290,464,0,464,754
05/31/2022,ISP,NY,AEA,EN,Towers with Radar,24,16,41,2,83,0,15,158,2,175,24,31,199,4,258,570,0,570,828
06/01/2022,ISP,NY,AEA,EN,Towers with Radar,23,10,32,0,65,0,6,54,2,62,23,16,86,2,127,274,0,274,401
06/02/2022,ISP,NY,AEA,EN,Towers with Radar,28,13,34,1,76,0,1,11,3,15,28,14,45,4,91,94,0,94,185
06/03/2022,ISP,NY,AEA,EN,Towers with Radar,26,8,50,0,84,0,2,52,0,54,26,10,102,0,138,366,0,366,504
06/04/2022,ISP,NY,AEA,EN,Towers with Radar,26,6,35,2,69,0,6,174,2,182,26,12,209,4,251,360,0,360,611
06/05/2022,ISP,NY,AEA,EN,Towers with Radar,28,9,35,1,73,0,8,183,1,192,28,17,218,2,265,376,0,376,641
06/06/2022,ISP,NY,AEA,EN,Towers with Radar,25,13,32,0,70,0,6,168,2,176,25,19,200,2,246,440,0,440,686
06/07/2022,ISP,NY,AEA,EN,Towers with Radar,23,16,18,11,68,0,5,115,0,120,23,21,133,11,188,176,0,176,364
06/08/2022,ISP,NY,AEA,EN,Towers with Radar,23,13,39,4,79,0,8,88,2,98,23,21,127,6,177,284,0,284,461
06/09/2022,ISP,NY,AEA,EN,Towers with Radar,21,18,23,2,64,0,1,46,2,49,21,19,69,4,113,114,0,114,227
06/10/2022,ISP,NY,AEA,EN,Towers with Radar,20,13,41,2,76,0,13,230,0,243,20,26,271,2,319,388,0,388,707
06/11/2022,ISP,NY,AEA,EN,Towers with Radar,25,6,29,2,62,0,11,163,5,179,25,17,192,7,241,370,0,370,611
06/12/2022,ISP,NY,AEA,EN,Towers with Radar,25,11,42,0,78,0,0,36,0,36,25,11,78,0,114,112,0,112,226
06/13/2022,ISP,NY,AEA,EN,Towers with Radar,19,12,34,0,65,0,1,157,0,158,19,13,191,0,223,484,2,486,709
06/14/2022,ISP,NY,AEA,EN,Towers with Radar,20,12,47,0,79,0,11,176,5,192,20,23,223,5,271,520,0,520,791
06/15/2022,ISP,NY,AEA,EN,Towers with Radar,17,12,28,0,57,0,13,152,2,167,17,25,180,2,224,426,2,428,652
06/16/2022,ISP,NY,AEA,EN,Towers with Radar,20,10,51,1,82,0,0,58,3,61,20,10,109,4,143,284,8,292,435
06/17/2022,ISP,NY,AEA,EN,Towers with Radar,21,18,36,1,76,0,5,48,2,55,21,23,84,3,131,166,0,166,297
06/18/2022,ISP,NY,AEA,EN,Towers with Radar,25,5,18,0,48,0,7,84,0,91,25,12,102,0,139,158,2,160,299
06/19/2022,ISP,NY,AEA,EN,Towers with Radar,24,14,34,0,72,0,8,85,0,93,24,22,119,0,165,94,0,94,259
06/20/2022,ISP,NY,AEA,EN,Towers with Radar,22,13,43,0,78,0,11,204,2,217,22,24,247,2,295,484,0,484,779
06/21/2022,ISP,NY,AEA,EN,Towers with Radar,21,13,40,0,74,0,7,161,2,170,21,20,201,2,244,534,0,534,778
06/22/2022,ISP,NY,AEA,EN,Towers with Radar,18,14,39,2,73,0,2,2,0,4,18,16,41,2,77,0,0,0,77
06/23/2022,ISP,NY,AEA,EN,Towers with Radar,22,17,53,2,94,0,12,133,0,145,22,29,186,2,239,280,0,280,519
06/24/2022,ISP,NY,AEA,EN,Towers with Radar,18,21,36,0,75,0,11,154,2,167,18,32,190,2,242,324,0,324,566
06/25/2022,ISP,NY,AEA,EN,Towers with Radar,27,12,32,0,71,0,15,197,2,214,27,27,229,2,285,376,0,376,661
06/26/2022,ISP,NY,AEA,EN,Towers with Radar,25,20,33,1,79,0,10,165,1,176,25,30,198,2,255,450,0,450,705
06/27/2022,ISP,NY,AEA,EN,Towers with Radar,17,11,20,0,48,0,0,3,0,3,17,11,23,0,51,36,0,36,87
06/28/2022,ISP,NY,AEA,EN,Towers with Radar,22,17,35,1,75,0,8,201,1,210,22,25,236,2,285,544,0,544,829
06/29/2022,ISP,NY,AEA,EN,Towers with Radar,18,9,47,1,75,0,8,204,3,215,18,17,251,4,290,478,4,482,772
06/30/2022,ISP,NY,AEA,EN,Towers with Radar,22,15,49,3,89,0,8,176,3,187,22,23,225,6,276,272,2,274,550
07/01/2022,ISP,NY,AEA,EN,Towers with Radar,19,19,32,0,70,0,13,149,4,166,19,32,181,4,236,368,0,368,604
07/02/2022,ISP,NY,AEA,EN,Towers with Radar,25,4,18,0,47,0,0,31,2,33,25,4,49,2,80,170,0,170,250
07/03/2022,ISP,NY,AEA,EN,Towers with Radar,27,8,28,0,63,0,11,143,2,156,27,19,171,2,219,432,0,432,651
07/04/2022,ISP,NY,AEA,EN,Towers with Radar,20,9,13,1,43,0,14,179,3,196,20,23,192,4,239,340,0,340,579
07/05/2022,ISP,NY,AEA,EN,Towers with Radar,23,18,31,0,72,0,9,121,0,130,23,27,152,0,202,258,0,258,460
07/06/2022,ISP,NY,AEA,EN,Towers with Radar,18,11,24,2,55,0,7,144,0,151,18,18,168,2,206,362,0,362,568
07/07/2022,ISP,NY,AEA,EN,Towers with Radar,25,13,36,2,76,0,8,126,2,136,25,21,162,4,212,308,2,310,522
07/08/2022,ISP,NY,AEA,EN,Towers with Radar,20,14,35,0,69,0,4,142,0,146,20,18,177,0,215,216,0,216,431
07/09/2022,ISP,NY,AEA,EN,Towers with Radar,24,10,38,1,73,0,14,192,1,207,24,24,230,2,280,280,0,280,560
07/10/2022,ISP,NY,AEA,EN,Towers with Radar,26,13,47,1,87,0,15,195,1,211,26,28,242,2,298,338,0,338,636
07/11/2022,ISP,NY,AEA,EN,Towers with Radar,22,15,30,0,67,0,14,151,0,165,22,29,181,0,232,352,0,352,584
07/12/2022,ISP,NY,AEA,EN,Towers with Radar,24,13,32,1,70,0,8,58,1,67,24,21,90,2,137,74,0,74,211
07/13/2022,ISP,NY,AEA,EN,Towers with Radar,17,9,40,1,67,0,14,228,4,246,17,23,268,5,313,326,0,326,639
07/14/2022,ISP,NY,AEA,EN,Towers with Radar,24,16,34,1,75,0,10,126,3,139,24,26,160,4,214,404,0,404,618
07/15/2022,ISP,NY,AEA,EN,Towers with Radar,20,14,40,2,76,0,19,194,4,217,20,33,234,6,293,384,0,384,677
07/16/2022,ISP,NY,AEA,EN,Towers with Radar,22,14,48,1,85,0,2,35,1,38,22,16,83,2,123,124,0,124,247
07/17/2022,ISP,NY,AEA,EN,Towers with Radar,25,23,47,0,95,0,19,152,2,173,25,42,199,2,268,442,0,442,710
07/18/2022,ISP,NY,AEA,EN,Towers with Radar,20,18,31,3,72,0,0,5,0,5,20,18,36,3,77,0,10,10,87
07/19/2022,ISP,NY,AEA,EN,Towers with Radar,23,11,54,2,90,0,17,186,4,207,23,28,240,6,297,496,0,496,793
07/20/2022,ISP,NY,AEA,EN,Towers with Radar,17,14,39,0,70,0,19,170,6,195,17,33,209,6,265,412,0,412,677
07/21/2022,ISP,NY,AEA,EN,Towers with Radar,24,17,33,0,74,0,13,86,2,101,24,30,119,2,175,182,12,194,369
07/22/2022,ISP,NY,AEA,EN,Towers with Radar,19,14,42,2,77,0,9,220,2,231,19,23,262,4,308,466,0,466,774
07/23/2022,ISP,NY,AEA,EN,Towers with Radar,27,13,34,0,74,0,13,168,0,181,27,26,202,0,255,434,0,434,689
07/24/2022,ISP,NY,AEA,EN,Towers with Radar,24,16,36,0,76,0,3,113,6,122,24,19,149,6,198,318,0,318,516
07/25/2022,ISP,NY,AEA,EN,Towers with Radar,15,10,14,0,39,0,0,22,2,24,15,10,36,2,63,4,0,4,67
07/26/2022,ISP,NY,AEA,EN,Towers with Radar,23,18,40,0,81,0,12,196,5,213,23,30,236,5,294,608,0,608,902
07/27/2022,ISP,NY,AEA,EN,Towers with Radar,18,18,55,4,95,0,15,217,8,240,18,33,272,12,335,500,0,500,835
07/28/2022,ISP,NY,AEA,EN,Towers with Radar,23,15,46,2,86,0,5,58,1,64,23,20,104,3,150,216,0,216,366
07/29/2022,ISP,NY,AEA,EN,Towers with Radar,19,14,25,0,58,0,10,159,0,169,19,24,184,0,227,332,0,332,559
07/30/2022,ISP,NY,AEA,EN,Towers with Radar,25,15,21,0,61,0,7,157,2,166,25,22,178,2,227,284,0,284,511
07/31/2022,ISP,NY,AEA,EN,Towers with Radar,23,19,42,0,84,0,8,143,2,153,23,27,185,2,237,262,0,262,499
08/01/2022,ISP,NY,AEA,EN,Towers with Radar,20,12,49,0,81,0,0,11,2,13,20,12,60,2,94,54,0,54,148
08/02/2022,ISP,NY,AEA,EN,Towers with Radar,23,13,29,0,65,0,15,141,2,158,23,28,170,2,223,418,0,418,641
08/03/2022,ISP,NY,AEA,EN,Towers with Radar,17,14,40,2,73,0,16,178,4,198,17,30,218,6,271,432,0,432,703
08/04/2022,ISP,NY,AEA,EN,Towers with Radar,19,17,38,0,74,0,11,138,1,150,19,28,176,1,224,308,0,308,532
08/05/2022,ISP,NY,AEA,EN,Towers with Radar,18,14,34,0,66,0,8,122,1,131,18,22,156,1,197,314,0,314,511
08/06/2022,ISP,NY,AEA,EN,Towers with Radar,26,15,26,0,67,0,5,96,1,102,26,20,122,1,169,168,0,168,337
08/07/2022,ISP,NY,AEA,EN,Towers with Radar,25,17,29,0,71,0,13,91,2,106,25,30,120,2,177,206,0,206,383
08/08/2022,ISP,NY,AEA,EN,Towers with Radar,21,10,37,2,70,0,3,114,4,121,21,13,151,6,191,240,0,240,431
08/09/2022,ISP,NY,AEA,EN,Towers with Radar,21,9,14,2,46,0,5,120,2,127,21,14,134,4,173,188,0,188,361
08/10/2022,ISP,NY,AEA,EN,Towers with Radar,16,14,47,2,79,0,6,138,0,144,16,20,185,2,223,328,0,328,551
08/11/2022,ISP,NY,AEA,EN,Towers with Radar,21,11,45,0,77,0,9,84,1,94,21,20,129,1,171,242,0,242,413
08/12/2022,ISP,NY,AEA,EN,Towers with Radar,19,15,31,0,65,0,23,187,0,210,19,38,218,0,275,428,0,428,703
08/13/2022,ISP,NY,AEA,EN,Towers with Radar,24,10,25,0,59,0,6,208,4,218,24,16,233,4,277,526,0,526,803
08/14/2022,ISP,NY,AEA,EN,Towers with Radar,24,18,41,0,83,0,4,169,5,178,24,22,210,5,261,422,0,422,683
08/15/2022,ISP,NY,AEA,EN,Towers with Radar,23,16,36,0,75,0,3,155,0,158,23,19,191,0,233,364,0,364,597
08/16/2022,ISP,NY,AEA,EN,Towers with Radar,22,16,33,1,72,0,11,146,6,163,22,27,179,7,235,394,0,394,629
08/17/2022,ISP,NY,AEA,EN,Towers with Radar,18,10,54,0,82,0,7,146,2,155,18,17,200,2,237,412,0,412,649
08/18/2022,ISP,NY,AEA,EN,Towers with Radar,23,10,41,2,76,0,17,147,3,167,23,27,188,5,243,350,0,350,593
08/19/2022,ISP,NY,AEA,EN,Towers with Radar,18,19,34,0,71,0,13,176,5,194,18,32,210,5,265,416,10,426,691
08/20/2022,ISP,NY,AEA,EN,Towers with Radar,25,8,33,0,66,0,8,183,4,195,25,16,216,4,261,428,0,428,689
08/21/2022,ISP,NY,AEA,EN,Towers with Radar,24,15,35,0,74,0,2,70,0,72,24,17,105,0,146,310,0,310,456
08/22/2022,ISP,NY,AEA,EN,Towers with Radar,21,10,38,0,69,0,0,8,0,8,21,10,46,0,77,0,0,0,77
08/23/2022,ISP,NY,AEA,EN,Towers with Radar,21,10,32,0,63,0,5,43,0,48,21,15,75,0,111,170,0,170,281
08/24/2022,ISP,NY,AEA,EN,Towers with Radar,16,7,42,0,65,0,16,210,3,229,16,23,252,3,294,310,0,310,604
08/25/2022,ISP,NY,AEA,EN,Towers with Radar,24,10,48,0,82,0,11,190,8,209,24,21,238,8,291,362,0,362,653
08/26/2022,ISP,NY,AEA,EN,Towers with Radar,18,15,31,0,64,0,9,146,2,157,18,24,177,2,221,308,0,308,529
08/27/2022,ISP,NY,AEA,EN,Towers with Radar,25,8,24,0,57,0,7,170,2,179,25,15,194,2,236,326,0,326,562
08/28/2022,ISP,NY,AEA,EN,Towers with Radar,23,10,35,0,68,0,0,97,0,97,23,10,132,0,165,308,0,308,473
08/29/2022,ISP,NY,AEA,EN,Towers with Radar,20,10,40,2,72,0,10,62,4,76,20,20,102,6,148,316,6,322,470
08/30/2022,ISP,NY,AEA,EN,Towers with Radar,17,12,29,1,59,0,6,61,7,74,17,18,90,8,133,126,0,126,259
08/31/2022,ISP,NY,AEA,EN,Towers with Radar,17,7,48,1,73,0,20,184,5,209,17,27,232,6,282,390,0,390,672
09/01/2022,ISP,NY,AEA,EN,Towers with Radar,24,13,40,2,79,0,11,193,8,212,24,24,233,10,291,308,0,308,599
09/02/2022,ISP,NY,AEA,EN,Towers with Radar,22,12,32,0,66,0,8,213,7,228,22,20,245,7,294,430,16,446,740
09/03/2022,ISP,NY,AEA,EN,Towers with Radar,25,8,26,0,59,0,4,199,3,206,25,12,225,3,265,524,0,524,789
09/04/2022,ISP,NY,AEA,EN,Towers with Radar,19,11,27,0,57,0,7,128,2,137,19,18,155,2,194,442,0,442,636
09/05/2022,ISP,NY,AEA,EN,Towers with Radar,23,10,38,0,71,0,5,60,0,65,23,15,98,0,136,320,0,320,456
09/06/2022,ISP,NY,AEA,EN,Towers with Radar,21,11,21,0,53,0,2,0,0,2,21,13,21,0,55,0,18,18,73
09/07/2022,ISP,NY,AEA,EN,Towers with Radar,16,8,39,2,65,0,5,33,4,42,16,13,72,6,107,172,0,172,279
09/08/2022,ISP,NY,AEA,EN,Towers with Radar,14,9,46,0,69,0,23,142,8,173,14,32,188,8,242,434,0,434,676
09/09/2022,ISP,NY,AEA,EN,Towers with Radar,17,9,36,2,64,0,14,180,2,196,17,23,216,4,260,328,0,328,588
09/10/2022,ISP,NY,AEA,EN,Towers with Radar,19,8,47,0,74,0,10,227,0,237,19,18,274,0,311,392,0,392,703
09/11/2022,ISP,NY,AEA,EN,Towers with Radar,20,12,38,0,70,0,2,124,2,128,20,14,162,2,198,266,0,266,464
09/12/2022,ISP,NY,AEA,EN,Towers with Radar,16,7,43,0,66,0,0,39,0,39,16,7,82,0,105,88,0,88,193
09/13/2022,ISP,NY,AEA,EN,Towers with Radar,17,4,26,1,48,0,2,50,5,57,17,6,76,6,105,184,0,184,289
09/14/2022,ISP,NY,AEA,EN,Towers with Radar,17,13,35,2,67,0,21,219,10,250,17,34,254,12,317,388,0,388,705
09/15/2022,ISP,NY,AEA,EN,Towers with Radar,16,12,46,0,74,0,11,149,1,161,16,23,195,1,235,270,0,270,505
09/16/2022,ISP,NY,AEA,EN,Towers with Radar,18,5,42,4,69,0,13,183,4,200,18,18,225,8,269,390,0,390,659
09/17/2022,ISP,NY,AEA,EN,Towers with Radar,20,4,27,0,51,0,13,209,2,224,20,17,236,2,275,338,0,338,613
09/18/2022,ISP,NY,AEA,EN,Towers with Radar,19,11,49,0,79,0,5,179,0,184,19,16,228,0,263,284,0,284,547
09/19/2022,ISP,NY,AEA,EN,Towers with Radar,20,12,44,0,76,0,8,103,2,113,20,20,147,2,189,410,0,410,599
09/20/2022,ISP,NY,AEA,EN,Towers with Radar,18,13,38,0,69,0,14,130,2,146,18,27,168,2,215,386,0,386,601
09/21/2022,ISP,NY,AEA,EN,Towers with Radar,17,9,38,0,64,0,10,204,4,218,17,19,242,4,282,438,0,438,720
09/22/2022,ISP,NY,AEA,EN,Towers with Radar,17,10,22,0,49,0,4,14,0,18,17,14,36,0,67,32,0,32,99
09/23/2022,ISP,NY,AEA,EN,Towers with Radar,20,7,20,0,47,0,10,27,5,42,20,17,47,5,89,20,0,20,109
09/24/2022,ISP,NY,AEA,EN,Towers with Radar,22,7,19,0,48,0,6,180,4,190,22,13,199,4,238,392,0,392,630
09/25/2022,ISP,NY,AEA,EN,Towers with Radar,24,9,37,0,70,0,2,127,2,131,24,11,164,2,201,304,0,304,505
09/26/2022,ISP,NY,AEA,EN,Towers with Radar,19,8,46,0,73,0,7,109,2,118,19,15,155,2,191,290,0,290,481
09/27/2022,ISP,NY,AEA,EN,Towers with Radar,17,10,39,1,67,0,18,136,8,162,17,28,175,9,229,368,0,368,597
09/28/2022,ISP,NY,AEA,EN,Towers with Radar,9,8,43,0,60,0,10,168,2,180,9,18,211,2,240,406,0,406,646
09/29/2022,ISP,NY,AEA,EN,Towers with Radar,12,10,37,0,59,0,20,134,3,157,12,30,171,3,216,388,0,388,604
09/30/2022,ISP,NY,AEA,EN,Towers with Radar,12,19,50,0,81,0,12,165,0,177,12,31,215,0,258,508,0,508,766
10/01/2022,ISP,NY,AEA,EN,Towers with Radar,20,4,16,2,42,0,0,2,0,2,20,4,18,2,44,0,0,0,44
10/02/2022,ISP,NY,AEA,EN,Towers with Radar,23,6,18,0,47,0,0,4,0,4,23,6,22,0,51,0,0,0,51
10/03/2022,ISP,NY,AEA,EN,Towers with Radar,21,8,19,0,48,0,0,8,1,9,21,8,27,1,57,0,0,0,57
10/04/2022,ISP,NY,AEA,EN,Towers with Radar,18,7,13,0,38,0,2,0,0,2,18,9,13,0,40,0,0,0,40
10/05/2022,ISP,NY,AEA,EN,Towers with Radar,18,4,24,2,48,0,2,0,0,2,18,6,24,2,50,10,0,10,60
10/06/2022,ISP,NY,AEA,EN,Towers with Radar,20,9,50,0,79,0,18,193,3,214,20,27,243,3,293,488,0,488,781
10/07/2022,ISP,NY,AEA,EN,Towers with Radar,20,10,42,0,72,0,15,165,6,186,20,25,207,6,258,430,0,430,688
10/08/2022,ISP,NY,AEA,EN,Towers with Radar,21,11,19,0,51,0,21,144,2,167,21,32,163,2,218,284,0,284,502
10/09/2022,ISP,NY,AEA,EN,Towers with Radar,25,6,30,0,61,0,8,178,2,188,25,14,208,2,249,290,0,290,539
10/10/2022,ISP,NY,AEA,EN,Towers with Radar,19,11,32,0,62,0,15,172,2,189,19,26,204,2,251,344,0,344,595
10/11/2022,ISP,NY,AEA,EN,Towers with Radar,18,23,46,0,87,0,22,169,5,196,18,45,215,5,283,336,0,336,619
10/12/2022,ISP,NY,AEA,EN,Towers with Radar,17,5,44,0,66,0,13,198,7,218,17,18,242,7,284,360,0,360,644
10/13/2022,ISP,NY,AEA,EN,Towers with Radar,19,8,27,0,54,0,8,12,0,20,19,16,39,0,74,22,0,22,96
10/14/2022,ISP,NY,AEA,EN,Towers with Radar,20,9,58,0,87,0,10,92,3,105,20,19,150,3,192,230,0,230,422
10/15/2022,ISP,NY,AEA,EN,Towers with Radar,21,8,43,0,72,0,7,191,0,198,21,15,234,0,270,426,0,426,696
10/16/2022,ISP,NY,AEA,EN,Towers with Radar,25,5,40,0,70,0,12,197,2,211,25,17,237,2,281,318,0,318,599
10/17/2022,ISP,NY,AEA,EN,Towers with Radar,20,6,52,0,78,0,0,20,0,20,20,6,72,0,98,68,0,68,166
10/18/2022,ISP,NY,AEA,EN,Towers with Radar,18,10,36,0,64,0,17,149,4,170,18,27,185,4,234,310,0,310,544
10/19/2022,ISP,NY,AEA,EN,Towers with Radar,20,9,49,0,78,0,16,166,6,188,20,25,215,6,266,220,0,220,486
10/20/2022,ISP,NY,AEA,EN,Towers with Radar,19,13,31,0,63,0,11,120,1,132,19,24,151,1,195,210,0,210,405
10/21/2022,ISP,NY,AEA,EN,Towers with Radar,24,4,33,0,61,0,13,166,2,181,24,17,199,2,242,374,0,374,616
10/22/2022,ISP,NY,AEA,EN,Towers with Radar,21,2,25,1,49,0,11,176,1,188,21,13,201,2,237,416,0,416,653
10/23/2022,ISP,NY,AEA,EN,Towers with Radar,24,10,28,0,62,0,4,53,1,58,24,14,81,1,120,214,0,214,334
10/24/2022,ISP,NY,AEA,EN,Towers with Radar,23,8,26,0,57,0,0,0,0,0,23,8,26,0,57,0,0,0,57
10/25/2022,ISP,NY,AEA,EN,Towers with Radar,18,12,33,0,63,0,0,5,0,5,18,12,38,0,68,30,22,52,120
10/26/2022,ISP,NY,AEA,EN,Towers with Radar,17,3,21,0,41,0,0,4,0,4,17,3,25,0,45,24,0,24,69
10/27/2022,ISP,NY,AEA,EN,Towers with Radar,21,3,45,0,69,0,40,157,6,203,21,43,202,6,272,206,0,206,478
10/28/2022,ISP,NY,AEA,EN,Towers with Radar,19,7,41,0,67,0,38,157,1,196,19,45,198,1,263,422,0,422,685
10/29/2022,ISP,NY,AEA,EN,Towers with Radar,21,4,43,0,68,0,12,147,4,163,21,16,190,4,231,370,0,370,601
10/30/2022,ISP,NY,AEA,EN,Towers with Radar,24,2,38,0,64,0,12,190,0,202,24,14,228,0,266,464,0,464,730
10/31/2022,ISP,NY,AEA,EN,Towers with Radar,20,6,49,0,75,0,13,103,3,119,20,19,152,3,194,388,0,388,582
11/01/2022,ISP,NY,AEA,EN,Towers with Radar,18,5,24,0,47,0,0,16,0,16,18,5,40,0,63,40,0,40,103
11/02/2022,ISP,NY,AEA,EN,Towers with Radar,17,8,32,0,57,0,16,142,2,160,17,24,174,2,217,456,20,476,693
11/03/2022,ISP,NY,AEA,EN,Towers with Radar,19,7,38,0,64,0,10,182,4,196,19,17,220,4,260,416,0,416,676
11/04/2022,ISP,NY,AEA,EN,Towers with Radar,20,15,40,1,76,0,9,112,5,126,20,24,152,6,202,258,0,258,460
11/05/2022,ISP,NY,AEA,EN,Towers with Radar,21,3,41,0,65,0,5,157,1,163,21,8,198,1,228,424,0,424,652
11/06/2022,ISP,NY,AEA,EN,Towers with Radar,23,6,38,0,67,0,7,120,9,136,23,13,158,9,203,220,0,220,423
11/07/2022,ISP,NY,AEA,EN,Towers with Radar,22,3,36,0,61,0,27,118,4,149,22,30,154,4,210,410,0,410,620
11/08/2022,ISP,NY,AEA,EN,Towers with Radar,21,4,22,0,47,0,11,111,4,126,21,15,133,4,173,212,0,212,385
11/09/2022,ISP,NY,AEA,EN,Towers with Radar,13,7,35,1,56,0,18,140,3,161,13,25,175,4,217,514,10,524,741
11/10/2022,ISP,NY,AEA,EN,Towers with Radar,19,1,51,0,71,0,10,128,4,142,19,11,179,4,213,428,0,428,641
11/11/2022,ISP,NY,AEA,EN,Towers with Radar,22,7,20,0,49,0,6,9,0,15,22,13,29,0,64,12,0,12,76
11/12/2022,ISP,NY,AEA,EN,Towers with Radar,26,7,26,0,59,0,4,51,0,55,26,11,77,0,114,136,0,136,250
11/13/2022,ISP,NY,AEA,EN,Towers with Radar,24,5,34,1,64,0,9,32,1,42,24,14,66,2,106,202,0,202,308
11/14/2022,ISP,NY,AEA,EN,Towers with Radar,23,3,38,0,64,0,14,150,2,166,23,17,188,2,230,444,0,444,674
11/15/2022,ISP,NY,AEA,EN,Towers with Radar,22,9,29,0,60,0,11,157,6,174,22,20,186,6,234,410,0,410,644
11/16/2022,ISP,NY,AEA,EN,Towers with Radar,19,5,7,0,31,0,1,20,0,21,19,6,27,0,52,54,0,54,106
11/17/2022,ISP,NY,AEA,EN,Towers with Radar,22,9,39,0,70,0,7,92,4,103,22,16,131,4,173,216,0,216,389
11/18/2022,ISP,NY,AEA,EN,Towers with Radar,24,13,37,1,75,0,18,135,3,156,24,31,172,4,231,302,0,302,533
11/19/2022,ISP,NY,AEA,EN,Towers with Radar,25,6,37,0,68,0,0,171,2,173,25,6,208,2,241,330,0,330,571
11/20/2022,ISP,NY,AEA,EN,Towers with Radar,24,8,19,0,51,0,4,30,0,34,24,12,49,0,85,14,6,20,105
11/21/2022,ISP,NY,AEA,EN,Towers with Radar,20,14,30,0,64,0,14,113,1,128,20,28,143,1,192,344,4,348,540
11/22/2022,ISP,NY,AEA,EN,Towers with Radar,26,14,34,2,76,0,10,187,2,199,26,24,221,4,275,328,0,328,603
11/23/2022,ISP,NY,AEA,EN,Towers with Radar,23,8,32,1,64,0,9,134,4,147,23,17,166,5,211,404,0,404,615
11/24/2022,ISP,NY,AEA,EN,Towers with Radar,24,0,8,0,32,0,4,51,0,55,24,4,59,0,87,106,0,106,193
11/25/2022,ISP,NY,AEA,EN,Towers with Radar,24,2,15,0,41,0,3,23,0,26,24,5,38,0,67,28,0,28,95
11/26/2022,ISP,NY,AEA,EN,Towers with Radar,27,6,43,1,77,0,5,182,4,191,27,11,225,5,268,362,0,362,630
11/27/2022,ISP,NY,AEA,EN,Towers with Radar,28,13,28,1,70,0,1,59,3,63,28,14,87,4,133,134,0,134,267
11/28/2022,ISP,NY,AEA,EN,Towers with Radar,26,8,32,4,70,0,6,72,4,82,26,14,104,8,152,280,18,298,450
11/29/2022,ISP,NY,AEA,EN,Towers with Radar,22,9,39,0,70,0,10,156,8,174,22,19,195,8,244,296,0,296,540
11/30/2022,ISP,NY,AEA,EN,Towers with Radar,18,4,16,0,38,0,2,10,3,15,18,6,26,3,53,40,24,64,117
12/01/2022,ISP,NY,AEA,EN,Towers with Radar,24,12,26,0,62,0,9,36,2,47,24,21,62,2,109,74,0,74,183
12/02/2022,ISP,NY,AEA,EN,Towers with Radar,24,10,39,0,73,0,15,208,3,226,24,25,247,3,299,356,0,356,655
12/03/2022,ISP,NY,AEA,EN,Towers with Radar,33,9,4,1,47,0,0,1,0,1,33,9,5,1,48,0,0,0,48
12/04/2022,ISP,NY,AEA,EN,Towers with Radar,22,8,30,1,61,0,8,202,1,211,22,16,232,2,272,408,0,408,680
12/05/2022,ISP,NY,AEA,EN,Towers with Radar,24,9,31,0,64,0,14,142,2,158,24,23,173,2,222,314,0,314,536
12/06/2022,ISP,NY,AEA,EN,Towers with Radar,19,9,21,2,51,0,3,58,4,65,19,12,79,6,116,142,0,142,258
12/07/2022,ISP,NY,AEA,EN,Towers with Radar,22,8,22,0,52,0,0,0,0,0,22,8,22,0,52,0,0,0,52
12/08/2022,ISP,NY,AEA,EN,Towers with Radar,25,6,38,0,69,0,17,185,4,206,25,23,223,4,275,344,0,344,619
12/09/2022,ISP,NY,AEA,EN,Towers with Radar,25,7,30,0,62,0,13,161,5,179,25,20,191,5,241,328,0,328,569
12/10/2022,ISP,NY,AEA,EN,Towers with Radar,25,4,20,0,49,0,4,99,6,109,25,8,119,6,158,280,0,280,438
12/11/2022,ISP,NY,AEA,EN,Towers with Radar,22,6,18,0,46,0,2,13,0,15,22,8,31,0,61,128,0,128,189
12/12/2022,ISP,NY,AEA,EN,Towers with Radar,23,4,18,0,45,0,9,24,0,33,23,13,42,0,78,126,0,126,204
12/13/2022,ISP,NY,AEA,EN,Towers with Radar,21,8,29,0,58,0,14,152,4,170,21,22,181,4,228,366,4,370,598
12/14/2022,ISP,NY,AEA,EN,Towers with Radar,20,5,17,0,42,0,9,99,2,110,20,14,116,2,152,186,0,186,338
12/15/2022,ISP,NY,AEA,EN,Towers with Radar,21,11,17,2,51,0,4,54,2,60,21,15,71,4,111,314,30,344,455
12/16/2022,ISP,NY,AEA,EN,Towers with Radar,22,7,6,0,35,0,0,0,0,0,22,7,6,0,35,0,0,0,35
12/17/2022,ISP,NY,AEA,EN,Towers with Radar,25,3,37,0,65,0,4,126,0,130,25,7,163,0,195,146,0,146,341
12/18/2022,ISP,NY,AEA,EN,Towers with Radar,22,5,31,1,59,0,8,163,2,173,22,13,194,3,232,316,0,316,548
12/19/2022,ISP,NY,AEA,EN,Towers with Radar,24,5,17,5,51,0,8,109,5,122,24,13,126,10,173,278,0,278,451
12/20/2022,ISP,NY,AEA,EN,Towers with Radar,18,6,24,1,49,0,11,152,4,167,18,17,176,5,216,366,0,366,582
12/21/2022,ISP,NY,AEA,EN,Towers with Radar,23,13,36,0,72,0,20,170,2,192,23,33,206,2,264,436,0,436,700
12/22/2022,ISP,NY,AEA,EN,Towers with Radar,27,17,30,0,74,0,4,39,0,43,27,21,69,0,117,130,0,130,247
12/23/2022,ISP,NY,AEA,EN,Towers with Radar,25,7,1,0,33,0,0,0,0,0,25,7,1,0,33,0,0,0,33
12/24/2022,ISP,NY,AEA,EN,Towers with Radar,17,8,7,0,32,0,6,16,0,22,17,14,23,0,54,0,0,0,54
12/25/2022,ISP,NY,AEA,EN,Towers with Radar,18,6,5,2,31,0,1,13,0,14,18,7,18,2,45,0,0,0,45
12/26/2022,ISP,NY,AEA,EN,Towers with Radar,18,17,45,0,80,0,10,144,0,154,18,27,189,0,234,188,0,188,422
12/27/2022,ISP,NY,AEA,EN,Towers with Radar,10,9,37,0,56,0,2,138,4,144,10,11,175,4,200,312,0,312,512
12/28/2022,ISP,NY,AEA,EN,Towers with Radar,10,9,28,1,48,0,4,126,2,132,10,13,154,3,180,258,0,258,438
12/29/2022,ISP,NY,AEA,EN,Towers with Radar,14,6,31,1,52,0,11,178,0,189,14,17,209,1,241,284,3,287,528
12/30/2022,ISP,NY,AEA,EN,Towers with Radar,21,2,39,0,62,0,13,180,4,197,21,15,219,4,259,274,0,274,533
12/31/2022,ISP,NY,AEA,EN,Towers with Radar,25,3,12,0,40,0,0,0,0,0,25,3,12,0,40,0,0,0,40
01/01/2023,ISP,NY,AEA,EN,Towers with Radar,19,10,12,0,41,0,7,67,1,75,19,17,79,1,116,104,0,104,220
01/02/2023,ISP,NY,AEA,EN,Towers with Radar,24,17,43,0,84,0,2,175,0,177,24,19,218,0,261,332,0,332,593
01/03/2023,ISP,NY,AEA,EN,Towers with Radar,18,10,22,0,50,0,2,2,0,4,18,12,24,0,54,0,0,0,54
01/04/2023,ISP,NY,AEA,EN,Towers with Radar,18,5,27,2,52,0,2,74,8,84,18,7,101,10,136,240,0,240,376
01/05/2023,ISP,NY,AEA,EN,Towers with Radar,20,2,21,0,43,0,0,0,0,0,20,2,21,0,43,0,0,0,43
01/06/2023,ISP,NY,AEA,EN,Towers with Radar,29,6,25,0,60,0,2,14,0,16,29,8,39,0,76,18,0,18,94
01/07/2023,ISP,NY,AEA,EN,Towers with Radar,27,2,32,0,61,0,4,196,0,200,27,6,228,0,261,358,0,358,619
01/08/2023,ISP,NY,AEA,EN,Towers with Radar,29,6,38,0,73,0,8,144,0,152,29,14,182,0,225,272,0,272,497
01/09/2023,ISP,NY,AEA,EN,Towers with Radar,23,2,32,0,57,0,7,88,5,100,23,9,120,5,157,322,0,322,479
01/10/2023,ISP,NY,AEA,EN,Towers with Radar,24,5,46,0,75,0,9,141,0,150,24,14,187,0,225,544,0,544,769
01/11/2023,ISP,NY,AEA,EN,Towers with Radar,16,3,42,0,61,0,14,171,3,188,16,17,213,3,249,404,0,404,653
01/12/2023,ISP,NY,AEA,EN,Towers with Radar,22,7,16,0,45,0,6,8,0,14,22,13,24,0,59,88,0,88,147
01/13/2023,ISP,NY,AEA,EN,Towers with Radar,25,9,19,0,53,0,2,8,0,10,25,11,27,0,63,4,0,4,67
01/14/2023,ISP,NY,AEA,EN,Towers with Radar,29,3,8,0,40,0,6,23,0,29,29,9,31,0,69,126,0,126,195
01/15/2023,ISP,NY,AEA,EN,Towers with Radar,30,2,18,0,50,0,7,51,0,58,30,9,69,0,108,58,0,58,166
01/16/2023,ISP,NY,AEA,EN,Towers with Radar,25,11,33,0,69,0,7,142,0,149,25,18,175,0,218,274,0,274,492
01/17/2023,ISP,NY,AEA,EN,Towers with Radar,23,12,58,0,93,0,11,171,6,188,23,23,229,6,281,304,0,304,585
01/18/2023,ISP,NY,AEA,EN,Towers with Radar,22,12,34,0,68,0,21,118,3,142,22,33,152,3,210,134,0,134,344
01/19/2023,ISP,NY,AEA,EN,Towers with Radar,23,6,8,0,37,0,2,10,0,12,23,8,18,0,49,36,0,36,85
01/20/2023,ISP,NY,AEA,EN,Towers with Radar,25,7,32,0,64,0,11,100,2,113,25,18,132,2,177,144,0,144,321
01/21/2023,ISP,NY,AEA,EN,Towers with Radar,27,4,37,0,68,0,5,178,0,183,27,9,215,0,251,398,0,398,649
01/22/2023,ISP,NY,AEA,EN,Towers with Radar,28,8,26,0,62,0,2,123,2,127,28,10,149,2,189,348,0,348,537
01/23/2023,ISP,NY,AEA,EN,Towers with Radar,25,1,7,0,33,0,0,1,0,1,25,1,8,0,34,0,0,0,34
01/24/2023,ISP,NY,AEA,EN,Towers with Radar,25,8,65,0,98,0,7,152,1,160,25,15,217,1,258,266,0,266,524
01/25/2023,ISP,NY,AEA,EN,Towers with Radar,20,0,14,0,34,0,8,33,2,43,20,8,47,2,77,208,0,208,285
01/26/2023,ISP,NY,AEA,EN,Towers with Radar,24,14,14,0,52,0,3,11,0,14,24,17,25,0,66,18,0,18,84
01/27/2023,ISP,NY,AEA,EN,Towers with Radar,25,5,39,0,69,0,12,169,4,185,25,17,208,4,254,266,0,266,520
01/28/2023,ISP,NY,AEA,EN,Towers with Radar,28,6,44,0,78,0,4,150,3,157,28,10,194,3,235,264,0,264,499
01/29/2023,ISP,NY,AEA,EN,Towers with Radar,29,9,35,0,73,0,6,150,1,157,29,15,185,1,230,278,0,278,508
01/30/2023,ISP,NY,AEA,EN,Towers with Radar,23,11,50,2,86,0,17,135,4,156,23,28,185,6,242,348,0,348,590
01/31/2023,ISP,NY,AEA,EN,Towers with Radar,23,4,22,0,49,0,8,34,0,42,23,12,56,0,91,148,0,148,239
02/01/2023,ISP,NY,AEA,EN,Towers with Radar,20,14,32,0,66,0,14,128,0,142,20,28,160,0,208,294,0,294,502
02/02/2023,ISP,NY,AEA,EN,Towers with Radar,25,15,47,1,88,0,9,180,1,190,25,24,227,2,278,262,0,262,540
02/03/2023,ISP,NY,AEA,EN,Towers with Radar,24,11,9,4,48,0,5,12,0,17,24,16,21,4,65,0,0,0,65
02/04/2023,ISP,NY,AEA,EN,Towers with Radar,27,6,27,0,60,0,12,71,1,84,27,18,98,1,144,62,0,62,206
02/05/2023,ISP,NY,AEA,EN,Towers with Radar,29,4,29,0,62,0,1,116,0,117,29,5,145,0,179,162,0,162,341
02/06/2023,ISP,NY,AEA,EN,Towers with Radar,24,10,29,0,63,0,12,94,0,106,24,22,123,0,169,186,0,186,355
02/07/2023,ISP,NY,AEA,EN,Towers with Radar,26,14,31,0,71,0,13,145,0,158,26,27,176,0,229,322,0,322,551
02/08/2023,ISP,NY,AEA,EN,Towers with Radar,21,11,59,0,91,0,26,159,3,188,21,37,218,3,279,338,0,338,617
02/09/2023,ISP,NY,AEA,EN,Towers with Radar,28,7,44,0,79,0,12,102,0,114,28,19,146,0,193,292,0,292,485
02/10/2023,ISP,NY,AEA,EN,Towers with Radar,27,6,24,0,57,0,6,97,0,103,27,12,121,0,160,184,0,184,344
02/11/2023,ISP,NY,AEA,EN,Towers with Radar,27,1,30,0,58,0,9,178,0,187,27,10,208,0,245,240,0,240,485
02/12/2023,ISP,NY,AEA,EN,Towers with Radar,30,4,30,0,64,0,1,173,0,174,30,5,203,0,238,212,0,212,450
02/13/2023,ISP,NY,AEA,EN,Towers with Radar,24,6,31,0,61,0,6,102,0,108,24,12,133,0,169,350,0,350,519
02/14/2023,ISP,NY,AEA,EN,Towers with Radar,26,8,30,0,64,0,7,131,0,138,26,15,161,0,202,249,0,249,451
02/15/2023,ISP,NY,AEA,EN,Towers with Radar,21,15,28,2,66,0,15,99,2,116,21,30,127,4,182,128,0,128,310
02/16/2023,ISP,NY,AEA,EN,Towers with Radar,25,12,33,0,70,0,15,111,0,126,25,27,144,0,196,264,0,264,460
02/17/2023,ISP,NY,AEA,EN,Towers with Radar,25,6,16,0,47,0,2,3,0,5,25,8,19,0,52,0,0,0,52
02/18/2023,ISP,NY,AEA,EN,Towers with Radar,29,6,33,0,68,0,10,181,0,191,29,16,214,0,259,246,0,246,505
02/19/2023,ISP,NY,AEA,EN,Towers with Radar,29,1,36,0,66,0,4,133,0,137,29,5,169,0,203,236,0,236,439
02/20/2023,ISP,NY,AEA,EN,Towers with Radar,25,6,33,0,64,0,7,93,2,102,25,13,126,2,166,204,0,204,370
02/21/2023,ISP,NY,AEA,EN,Towers with Radar,25,3,20,2,50,0,2,2,2,6,25,5,22,4,56,0,0,0,56
02/22/2023,ISP,NY,AEA,EN,Towers with Radar,23,10,26,1,60,0,10,97,2,109,23,20,123,3,169,250,0,250,419
02/23/2023,ISP,NY,AEA,EN,Towers with Radar,25,6,12,0,43,0,0,0,0,0,25,6,12,0,43,0,0,0,43
02/24/2023,ISP,NY,AEA,EN,Towers with Radar,23,6,19,0,48,0,11,43,2,56,23,17,62,2,104,30,0,30,134
02/25/2023,ISP,NY,AEA,EN,Towers with Radar,31,7,26,1,65,0,5,114,1,120,31,12,140,2,185,424,0,424,609
02/26/2023,ISP,NY,AEA,EN,Towers with Radar,29,10,27,0,66,0,1,45,0,46,29,11,72,0,112,272,0,272,384
02/27/2023,ISP,NY,AEA,EN,Towers with Radar,26,8,43,0,77,0,12,152,2,166,26,20,195,2,243,342,0,342,585
02/28/2023,ISP,NY,AEA,EN,Towers with Radar,29,3,7,0,39,0,0,0,0,0,29,3,7,0,39,0,0,0,39
03/01/2023,ISP,NY,AEA,EN,Towers with Radar,22,12,43,1,78,0,15,159,3,177,22,27,202,4,255,294,0,294,549
03/02/2023,ISP,NY,AEA,EN,Towers with Radar,27,9,21,0,57,0,3,17,0,20,27,12,38,0,77,58,0,58,135
03/03/2023,ISP,NY,AEA,EN,Towers with Radar,27,9,31,3,70,0,21,142,5,168,27,30,173,8,238,364,6,370,608
03/04/2023,ISP,NY,AEA,EN,Towers with Radar,27,9,16,0,52,0,5,31,0,36,27,14,47,0,88,140,0,140,228
03/05/2023,ISP,NY,AEA,EN,Towers with Radar,32,13,33,0,78,0,15,221,2,238,32,28,254,2,316,310,0,310,626
03/06/2023,ISP,NY,AEA,EN,Towers with Radar,23,12,33,0,68,0,16,128,4,148,23,28,161,4,216,324,0,324,540
03/07/2023,ISP,NY,AEA,EN,Towers with Radar,26,8,25,0,59,0,8,39,0,47,26,16,64,0,106,104,0,104,210
03/08/2023,ISP,NY,AEA,EN,Towers with Radar,22,6,19,0,47,0,16,42,2,60,22,22,61,2,107,38,0,38,145
03/09/2023,ISP,NY,AEA,EN,Towers with Radar,21,14,37,0,72,0,22,146,2,170,21,36,183,2,242,352,0,352,594
03/10/2023,ISP,NY,AEA,EN,Towers with Radar,23,17,27,0,67,0,10,79,0,89,23,27,106,0,156,376,0,376,532
03/11/2023,ISP,NY,AEA,EN,Towers with Radar,23,10,5,0,38,0,2,8,0,10,23,12,13,0,48,10,0,10,58
03/12/2023,ISP,NY,AEA,EN,Towers with Radar,26,13,32,0,71,0,11,197,0,208,26,24,229,0,279,408,0,408,687
03/13/2023,ISP,NY,AEA,EN,Towers with Radar,20,8,13,0,41,0,0,4,0,4,20,8,17,0,45,10,0,10,55
03/14/2023,ISP,NY,AEA,EN,Towers with Radar,24,3,7,0,34,0,0,0,0,0,24,3,7,0,34,0,0,0,34
03/15/2023,ISP,NY,AEA,EN,Towers with Radar,25,8,9,0,42,0,6,4,0,10,25,14,13,0,52,8,0,8,60
03/16/2023,ISP,NY,AEA,EN,Towers with Radar,26,22,51,0,99,0,17,182,2,201,26,39,233,2,300,422,0,422,722
03/17/2023,ISP,NY,AEA,EN,Towers with Radar,23,29,43,0,95,0,29,146,4,179,23,58,189,4,274,406,0,406,680
03/18/2023,ISP,NY,AEA,EN,Towers with Radar,29,8,30,0,67,0,8,163,0,171,29,16,193,0,238,414,0,414,652
03/19/2023,ISP,NY,AEA,EN,Towers with Radar,29,10,24,2,65,0,4,73,0,77,29,14,97,2,142,72,0,72,214
03/20/2023,ISP,NY,AEA,EN,Towers with Radar,25,13,41,0,79,0,23,179,2,204,25,36,220,2,283,312,0,312,595
03/21/2023,ISP,NY,AEA,EN,Towers with Radar,25,12,43,0,80,0,22,167,2,191,25,34,210,2,271,384,0,384,655
03/22/2023,ISP,NY,AEA,EN,Towers with Radar,22,6,49,0,77,0,14,160,2,176,22,20,209,2,253,334,0,334,587
03/23/2023,ISP,NY,AEA,EN,Towers with Radar,27,7,17,1,52,0,4,7,3,14,27,11,24,4,66,36,0,36,102
03/24/2023,ISP,NY,AEA,EN,Towers with Radar,25,22,26,0,73,0,21,111,1,133,25,43,137,1,206,298,0,298,504
03/25/2023,ISP,NY,AEA,EN,Towers with Radar,26,8,6,0,40,0,0,11,2,13,26,8,17,2,53,26,0,26,79
03/26/2023,ISP,NY,AEA,EN,Towers with Radar,27,9,23,0,59,0,7,135,6,148,27,16,158,6,207,264,0,264,471
03/27/2023,ISP,NY,AEA,EN,Towers with Radar,25,13,22,0,60,0,18,102,0,120,25,31,124,0,180,290,0,290,470
03/28/2023,ISP,NY,AEA,EN,Towers with Radar,23,8,24,2,57,0,9,48,0,57,23,17,72,2,114,208,0,208,322
03/29/2023,ISP,NY,AEA,EN,Towers with Radar,20,18,29,1,68,0,31,191,4,226,20,49,220,5,294,290,0,290,584
03/30/2023,ISP,NY,AEA,EN,Towers with Radar,29,20,26,2,77,0,25,136,0,161,29,45,162,2,238,256,0,256,494
03/31/2023,ISP,NY,AEA,EN,Towers with Radar,26,28,28,0,82,0,25,110,2,137,26,53,138,2,219,348,0,348,567
04/01/2023,ISP,NY,AEA,EN,Towers with Radar,25,12,4,0,41,0,2,1,0,3,25,14,5,0,44,2,0,2,46
04/02/2023,ISP,NY,AEA,EN,Towers with Radar,28,14,16,0,58,0,15,93,4,112,28,29,109,4,170,94,0,94,264
04/03/2023,ISP,NY,AEA,EN,Towers with Radar,24,10,24,0,58,0,14,93,0,107,24,24,117,0,165,240,0,240,405
04/04/2023,ISP,NY,AEA,EN,Towers with Radar,25,19,34,0,78,0,20,122,2,144,25,39,156,2,222,308,0,308,530
04/05/2023,ISP,NY,AEA,EN,Towers with Radar,23,4,10,0,37,0,0,0,0,0,23,4,10,0,37,10,0,10,47
04/06/2023,ISP,NY,AEA,EN,Towers with Radar,26,13,28,3,70,0,3,28,1,32,26,16,56,4,102,158,0,158,260
04/07/2023,ISP,NY,AEA,EN,Towers with Radar,24,11,35,0,70,0,28,167,3,198,24,39,202,3,268,420,0,420,688
04/08/2023,ISP,NY,AEA,EN,Towers with Radar,28,15,27,0,70,0,22,211,0,233,28,37,238,0,303,342,0,342,645
04/09/2023,ISP,NY,AEA,EN,Towers with Radar,28,16,21,0,65,0,11,125,0,136,28,27,146,0,201,274,2,276,477
04/10/2023,ISP,NY,AEA,EN,Towers with Radar,24,28,40,0,92,0,23,153,4,180,24,51,193,4,272,344,0,344,616
04/11/2023,ISP,NY,AEA,EN,Towers with Radar,20,24,46,1,91,0,23,159,1,183,20,47,205,2,274,398,0,398,672
04/12/2023,ISP,NY,AEA,EN,Towers with Radar,20,15,33,0,68,0,28,124,2,154,20,43,157,2,222,310,0,310,532
04/13/2023,ISP,NY,AEA,EN,Towers with Radar,21,19,33,2,75,0,39,164,4,207,21,58,197,6,282,464,0,464,746
04/14/2023,ISP,NY,AEA,EN,Towers with Radar,21,24,29,0,74,0,37,202,0,239,21,61,231,0,313,408,0,408,721
04/15/2023,ISP,NY,AEA,EN,Towers with Radar,26,5,25,0,56,0,0,0,0,0,26,5,25,0,56,0,0,0,56
04/16/2023,ISP,NY,AEA,EN,Towers with Radar,25,18,21,0,64,0,0,5,0,5,25,18,26,0,69,62,0,62,131
04/17/2023,ISP,NY,AEA,EN,Towers with Radar,25,10,20,0,55,0,0,20,0,20,25,10,40,0,75,42,0,42,117
04/18/2023,ISP,NY,AEA,EN,Towers with Radar,22,19,24,0,65,0,20,83,3,106,22,39,107,3,171,208,0,208,379
04/19/2023,ISP,NY,AEA,EN,Towers with Radar,19,21,33,0,73,0,31,136,9,176,19,52,169,9,249,444,0,444,693
04/20/2023,ISP,NY,AEA,EN,Towers with Radar,25,19,40,0,84,0,32,194,5,231,25,51,234,5,315,478,0,478,793
04/21/2023,ISP,NY,AEA,EN,Towers with Radar,24,21,19,0,64,0,29,135,0,164,24,50,154,0,228,406,0,406,634
04/22/2023,ISP,NY,AEA,EN,Towers with Radar,20,13,28,0,61,0,0,18,2,20,20,13,46,2,81,122,0,122,203
04/23/2023,ISP,NY,AEA,EN,Towers with Radar,27,14,18,1,60,0,4,64,1,69,27,18,82,2,129,302,0,302,431
04/24/2023,ISP,NY,AEA,EN,Towers with Radar,24,22,32,2,80,0,33,125,2,160,24,55,157,4,240,452,0,452,692
04/25/2023,ISP,NY,AEA,EN,Towers with Radar,21,26,32,1,80,0,40,177,3,220,21,66,209,4,300,398,0,398,698
04/26/2023,ISP,NY,AEA,EN,Towers with Radar,20,25,33,1,79,0,17,125,4,146,20,42,158,5,225,424,0,424,649
04/27/2023,ISP,NY,AEA,EN,Towers with Radar,21,21,32,0,74,0,21,69,6,96,21,42,101,6,170,404,0,404,574
04/28/2023,ISP,NY,AEA,EN,Towers with Radar,24,26,38,1,89,0,17,114,1,132,24,43,152,2,221,278,0,278,499
04/29/2023,ISP,NY,AEA,EN,Towers with Radar,23,5,13,0,41,0,0,0,0,0,23,5,13,0,41,0,0,0,41
04/30/2023,ISP,NY,AEA,EN,Towers with Radar,24,11,6,0,41,0,0,0,0,0,24,11,6,0,41,0,0,0,41
05/01/2023,ISP,NY,AEA,EN,Towers with Radar,22,13,23,0,58,0,15,63,0,78,22,28,86,0,136,208,0,208,344
05/02/2023,ISP,NY,AEA,EN,Towers with Radar,21,7,21,0,49,0,20,63,0,83,21,27,84,0,132,292,0,292,424
05/03/2023,ISP,NY,AEA,EN,Towers with Radar,20,19,45,0,84,0,42,148,2,192,20,61,193,2,276,428,0,428,704
05/04/2023,ISP,NY,AEA,EN,Towers with Radar,24,13,31,0,68,0,16,72,0,88,24,29,103,0,156,436,0,436,592
05/05/2023,ISP,NY,AEA,EN,Towers with Radar,23,18,32,1,74,0,27,141,1,169,23,45,173,2,243,428,0,428,671
05/06/2023,ISP,NY,AEA,EN,Towers with Radar,24,14,29,0,67,0,23,184,1,208,24,37,213,1,275,338,0,338,613
05/07/2023,ISP,NY,AEA,EN,Towers with Radar,26,19,30,0,75,0,17,190,4,211,26,36,220,4,286,352,0,352,638
05/08/2023,ISP,NY,AEA,EN,Towers with Radar,23,15,35,1,74,0,21,168,3,192,23,36,203,4,266,394,0,394,660
05/09/2023,ISP,NY,AEA,EN,Towers with Radar,19,23,46,0,88,0,29,146,0,175,19,52,192,0,263,448,0,448,711
05/10/2023,ISP,NY,AEA,EN,Towers with Radar,20,25,25,1,71,0,30,138,3,171,20,55,163,4,242,406,0,406,648
05/11/2023,ISP,NY,AEA,EN,Towers with Radar,26,16,34,1,77,0,40,183,1,224,26,56,217,2,301,376,0,376,677
05/12/2023,ISP,NY,AEA,EN,Towers with Radar,20,19,31,0,70,0,38,174,3,215,20,57,205,3,285,350,0,350,635
05/13/2023,ISP,NY,AEA,EN,Towers with Radar,22,7,29,0,58,0,17,130,0,147,22,24,159,0,205,280,0,280,485
05/14/2023,ISP,NY,AEA,EN,Towers with Radar,29,10,12,0,51,0,8,122,0,130,29,18,134,0,181,230,0,230,411
05/15/2023,ISP,NY,AEA,EN,Towers with Radar,20,8,30,5,63,0,7,159,3,169,20,15,189,8,232,280,0,280,512
05/16/2023,ISP,NY,AEA,EN,Towers with Radar,24,11,29,3,67,0,16,135,5,156,24,27,164,8,223,208,0,208,431
05/17/2023,ISP,NY,AEA,EN,Towers with Radar,22,17,20,2,61,0,19,89,2,110,22,36,109,4,171,142,0,142,313
05/18/2023,ISP,NY,AEA,EN,Towers with Radar,26,15,53,0,94,0,29,163,9,201,26,44,216,9,295,344,0,344,639
05/19/2023,ISP,NY,AEA,EN,Towers with Radar,21,26,44,2,93,0,37,147,0,184,21,63,191,2,277,282,0,282,559
05/20/2023,ISP,NY,AEA,EN,Towers with Radar,24,7,10,0,41,0,0,0,0,0,24,7,10,0,41,0,0,0,41
05/21/2023,ISP,NY,AEA,EN,Towers with Radar,27,18,36,0,81,0,15,163,6,184,27,33,199,6,265,302,0,302,567
05/22/2023,ISP,NY,AEA,EN,Towers with Radar,21,12,32,0,65,0,15,154,2,171,21,27,186,2,236,386,0,386,622
05/23/2023,ISP,NY,AEA,EN,Towers with Radar,21,24,45,0,90,0,18,160,2,180,21,42,205,2,270,482,0,482,752
05/24/2023,ISP,NY,AEA,EN,Towers with Radar,21,16,35,1,73,0,31,191,4,226,21,47,226,5,299,376,0,376,675
05/25/2023,ISP,NY,AEA,EN,Towers with Radar,29,25,32,8,94,0,29,150,2,181,29,54,182,10,275,290,2,292,567
05/26/2023,ISP,NY,AEA,EN,Towers with Radar,21,15,22,4,62,0,27,151,7,185,21,42,173,11,247,156,0,156,403
05/27/2023,ISP,NY,AEA,EN,Towers with Radar,24,4,9,2,39,0,9,157,9,175,24,13,166,11,214,150,0,150,364
05/28/2023,ISP,NY,AEA,EN,Towers with Radar,32,11,25,4,72,0,19,172,6,197,32,30,197,10,269,188,0,188,457
05/29/2023,ISP,NY,AEA,EN,Towers with Radar,20,10,28,2,60,0,6,140,3,149,20,16,168,5,209,202,0,202,411
05/30/2023,ISP,NY,AEA,EN,Towers with Radar,22,20,28,3,73,0,34,131,4,169,22,54,159,7,242,328,0,328,570
05/31/2023,ISP,NY,AEA,EN,Towers with Radar,20,12,38,3,73,0,16,137,3,156,20,28,175,6,229,324,0,324,553
06/01/2023,ISP,NY,AEA,EN,Towers with Radar,27,19,40,3,89,0,44,150,2,196,27,63,190,5,285,384,0,384,669
06/02/2023,ISP,NY,AEA,EN,Towers with Radar,21,13,42,0,76,0,12,127,1,140,21,25,169,1,216,334,0,334,550
06/03/2023,ISP,NY,AEA,EN,Towers with Radar,26,9,18,2,55,0,0,38,0,38,26,9,56,2,93,170,0,170,263
06/04/2023,ISP,NY,AEA,EN,Towers with Radar,28,18,41,1,88,0,5,159,1,165,28,23,200,2,253,372,0,372,625
06/05/2023,ISP,NY,AEA,EN,Towers with Radar,20,18,32,0,70,0,24,136,2,162,20,42,168,2,232,396,0,396,628
06/06/2023,ISP,NY,AEA,EN,Towers with Radar,21,19,24,0,64,0,7,49,2,58,21,26,73,2,122,264,0,264,386
06/07/2023,ISP,NY,AEA,EN,Towers with Radar,19,24,41,0,84,0,8,29,0,37,19,32,70,0,121,178,0,178,299
06/08/2023,ISP,NY,AEA,EN,Towers with Radar,28,12,34,0,74,0,10,27,0,37,28,22,61,0,111,114,0,114,225
06/09/2023,ISP,NY,AEA,EN,Towers with Radar,22,16,38,1,77,0,11,105,1,117,22,27,143,2,194,324,0,324,518
06/10/2023,ISP,NY,AEA,EN,Towers with Radar,24,13,28,0,65,0,11,148,0,159,24,24,176,0,224,410,0,410,634
06/11/2023,ISP,NY,AEA,EN,Towers with Radar,30,10,35,0,75,0,17,180,2,199,30,27,215,2,274,392,0,392,666
06/12/2023,ISP,NY,AEA,EN,Towers with Radar,19,26,25,0,70,0,11,46,0,57,19,37,71,0,127,144,0,144,271
06/13/2023,ISP,NY,AEA,EN,Towers with Radar,20,21,42,3,86,0,19,126,4,149,20,40,168,7,235,468,0,468,703
06/14/2023,ISP,NY,AEA,EN,Towers with Radar,18,11,24,1,54,0,18,86,1,105,18,29,110,2,159,206,0,206,365
06/15/2023,ISP,NY,AEA,EN,Towers with Radar,27,22,35,0,84,0,34,196,2,232,27,56,231,2,316,640,0,640,956
06/16/2023,ISP,NY,AEA,EN,Towers with Radar,24,31,42,0,97,0,30,124,0,154,24,61,166,0,251,210,0,210,461
06/17/2023,ISP,NY,AEA,EN,Towers with Radar,24,9,23,0,56,0,6,55,0,61,24,15,78,0,117,134,0,134,251
06/18/2023,ISP,NY,AEA,EN,Towers with Radar,30,6,23,0,59,0,13,156,1,170,30,19,179,1,229,364,0,364,593
06/19/2023,ISP,NY,AEA,EN,Towers with Radar,20,16,27,0,63,0,30,200,2,232,20,46,227,2,295,574,0,574,869
06/20/2023,ISP,NY,AEA,EN,Towers with Radar,23,21,34,1,79,0,27,125,3,155,23,48,159,4,234,466,0,466,700
06/21/2023,ISP,NY,AEA,EN,Towers with Radar,16,14,23,2,55,0,16,153,5,174,16,30,176,7,229,304,0,304,533
06/22/2023,ISP,NY,AEA,EN,Towers with Radar,24,8,44,0,76,0,2,22,2,26,24,10,66,2,102,6,0,6,108
06/23/2023,ISP,NY,AEA,EN,Towers with Radar,19,9,33,0,61,0,2,1,0,3,19,11,34,0,64,0,0,0,64
06/24/2023,ISP,NY,AEA,EN,Towers with Radar,22,15,39,0,76,0,0,3,0,3,22,15,42,0,79,0,0,0,79
06/25/2023,ISP,NY,AEA,EN,Towers with Radar,31,17,33,2,83,0,10,69,5,84,31,27,102,7,167,298,0,298,465
06/26/2023,ISP,NY,AEA,EN,Towers with Radar,19,18,20,0,57,0,7,29,0,36,19,25,49,0,93,48,0,48,141
06/27/2023,ISP,NY,AEA,EN,Towers with Radar,22,17,27,0,66,0,6,29,0,35,22,23,56,0,101,66,8,74,175
06/28/2023,ISP,NY,AEA,EN,Towers with Radar,23,18,35,0,76,0,6,86,2,94,23,24,121,2,170,362,0,362,532
06/29/2023,ISP,NY,AEA,EN,Towers with Radar,30,17,52,0,99,0,29,199,7,235,30,46,251,7,334,574,0,574,908
06/30/2023,ISP,NY,AEA,EN,Towers with Radar,21,16,61,0,98,0,2,17,0,19,21,18,78,0,117,78,0,78,195
07/01/2023,ISP,NY,AEA,EN,Towers with Radar,25,28,32,0,85,0,18,134,2,154,25,46,166,2,239,426,0,426,665
07/02/2023,ISP,NY,AEA,EN,Towers with Radar,29,10,27,0,66,0,2,10,0,12,29,12,37,0,78,40,0,40,118
07/03/2023,ISP,NY,AEA,EN,Towers with Radar,20,13,32,0,65,0,20,109,1,130,20,33,141,1,195,384,0,384,579
07/04/2023,ISP,NY,AEA,EN,Towers with Radar,23,6,18,0,47,0,6,44,1,51,23,12,62,1,98,122,0,122,220
07/05/2023,ISP,NY,AEA,EN,Towers with Radar,21,14,34,0,69,0,33,163,4,200,21,47,197,4,269,376,0,376,645
07/06/2023,ISP,NY,AEA,EN,Towers with Radar,30,15,24,0,69,0,28,169,2,199,30,43,193,2,268,328,0,328,596
07/07/2023,ISP,NY,AEA,EN,Towers with Radar,21,23,39,0,83,0,13,101,2,116,21,36,140,2,199,280,0,280,479
07/08/2023,ISP,NY,AEA,EN,Towers with Radar,23,23,35,0,81,0,12,76,0,88,23,35,111,0,169,278,0,278,447
07/09/2023,ISP,NY,AEA,EN,Towers with Radar,22,24,45,0,91,0,0,26,0,26,22,24,71,0,117,102,0,102,219
07/10/2023,ISP,NY,AEA,EN,Towers with Radar,21,19,22,1,63,0,18,83,1,102,21,37,105,2,165,304,0,304,469
07/11/2023,ISP,NY,AEA,EN,Towers with Radar,27,16,25,1,69,0,43,220,1,264,27,59,245,2,333,410,0,410,743
07/12/2023,ISP,NY,AEA,EN,Towers with Radar,24,19,41,0,84,0,31,200,6,237,24,50,241,6,321,318,0,318,639
07/13/2023,ISP,NY,AEA,EN,Towers with Radar,32,20,36,3,91,0,22,108,2,132,32,42,144,5,223,250,0,250,473
07/14/2023,ISP,NY,AEA,EN,Towers with Radar,25,14,20,0,59,0,2,18,0,20,25,16,38,0,79,84,0,84,163
07/15/2023,ISP,NY,AEA,EN,Towers with Radar,29,15,40,0,84,0,9,32,6,47,29,24,72,6,131,216,0,216,347
07/16/2023,ISP,NY,AEA,EN,Towers with Radar,30,12,17,0,59,0,0,4,0,4,30,12,21,0,63,0,0,0,63
07/17/2023,ISP,NY,AEA,EN,Towers with Radar,25,27,53,0,105,0,23,103,5,131,25,50,156,5,236,250,0,250,486
07/18/2023,ISP,NY,AEA,EN,Towers with Radar,23,7,34,0,64,0,2,17,0,19,23,9,51,0,83,42,0,42,125
07/19/2023,ISP,NY,AEA,EN,Towers with Radar,23,28,42,2,95,0,21,134,5,160,23,49,176,7,255,468,4,472,727
07/20/2023,ISP,NY,AEA,EN,Towers with Radar,30,27,50,0,107,0,39,237,2,278,30,66,287,2,385,474,0,474,859
07/21/2023,ISP,NY,AEA,EN,Towers with Radar,24,8,20,0,52,0,5,36,1,42,24,13,56,1,94,144,0,144,238
07/22/2023,ISP,NY,AEA,EN,Towers with Radar,28,20,25,0,73,0,25,212,5,242,28,45,237,5,315,402,0,402,717
07/23/2023,ISP,NY,AEA,EN,Towers with Radar,32,16,27,0,75,0,19,218,2,239,32,35,245,2,314,338,0,338,652
07/24/2023,ISP,NY,AEA,EN,Towers with Radar,23,31,32,1,87,0,42,146,3,191,23,73,178,4,278,444,0,444,722
07/25/2023,ISP,NY,AEA,EN,Towers with Radar,27,19,27,0,73,0,19,141,4,164,27,38,168,4,237,266,0,266,503
07/26/2023,ISP,NY,AEA,EN,Towers with Radar,24,26,42,0,92,0,28,183,4,215,24,54,225,4,307,504,0,504,811
07/27/2023,ISP,NY,AEA,EN,Towers with Radar,30,13,27,9,79,0,7,45,1,53,30,20,72,10,132,28,0,28,160
07/28/2023,ISP,NY,AEA,EN,Towers with Radar,25,18,25,1,69,0,23,169,1,193,25,41,194,2,262,426,0,426,688
07/29/2023,ISP,NY,AEA,EN,Towers with Radar,28,14,28,0,70,0,8,111,4,123,28,22,139,4,193,202,0,202,395
07/30/2023,ISP,NY,AEA,EN,Towers with Radar,32,19,28,0,79,0,9,187,1,197,32,28,215,1,276,408,0,408,684
07/31/2023,ISP,NY,AEA,EN,Towers with Radar,25,22,26,0,73,0,27,143,2,172,25,49,169,2,245,356,0,356,601
08/01/2023,ISP,NY,AEA,EN,Towers with Radar,24,17,13,0,54,0,37,139,4,180,24,54,152,4,234,344,0,344,578
08/02/2023,ISP,NY,AEA,EN,Towers with Radar,22,23,32,1,78,0,25,182,3,210,22,48,214,4,288,404,0,404,692
08/03/2023,ISP,NY,AEA,EN,Towers with Radar,31,8,25,1,65,0,27,168,6,201,31,35,193,7,266,284,0,284,550
08/04/2023,ISP,NY,AEA,EN,Towers with Radar,24,22,29,2,77,0,2,57,0,59,24,24,86,2,136,204,0,204,340
08/05/2023,ISP,NY,AEA,EN,Towers with Radar,29,12,22,0,63,0,18,149,0,167,29,30,171,0,230,414,0,414,644
08/06/2023,ISP,NY,AEA,EN,Towers with Radar,31,11,27,0,69,0,8,161,2,171,31,19,188,2,240,276,0,276,516
08/07/2023,ISP,NY,AEA,EN,Towers with Radar,22,14,18,0,54,0,0,2,0,2,22,14,20,0,56,0,0,0,56
08/08/2023,ISP,NY,AEA,EN,Towers with Radar,22,17,22,0,61,0,7,72,3,82,22,24,94,3,143,240,0,240,383
08/09/2023,ISP,NY,AEA,EN,Towers with Radar,28,24,38,4,94,0,34,163,7,204,28,58,201,11,298,386,0,386,684
08/10/2023,ISP,NY,AEA,EN,Towers with Radar,27,19,20,0,66,0,14,67,0,81,27,33,87,0,147,166,0,166,313
08/11/2023,ISP,NY,AEA,EN,Towers with Radar,23,25,32,4,84,0,33,204,2,239,23,58,236,6,323,380,0,380,703
08/12/2023,ISP,NY,AEA,EN,Towers with Radar,30,21,29,0,80,0,15,123,0,138,30,36,152,0,218,212,0,212,430
08/13/2023,ISP,NY,AEA,EN,Towers with Radar,32,14,48,0,94,0,15,112,2,129,32,29,160,2,223,204,0,204,427
08/14/2023,ISP,NY,AEA,EN,Towers with Radar,25,25,33,0,83,0,38,161,2,201,25,63,194,2,284,410,0,410,694
08/15/2023,ISP,NY,AEA,EN,Towers with Radar,23,9,25,0,57,0,3,17,0,20,23,12,42,0,77,30,0,30,107
08/16/2023,ISP,NY,AEA,EN,Towers with Radar,24,17,36,1,78,0,11,83,4,98,24,28,119,5,176,428,0,428,604
08/17/2023,ISP,NY,AEA,EN,Towers with Radar,27,21,26,2,76,0,2,18,0,20,27,23,44,2,96,32,0,32,128
08/18/2023,ISP,NY,AEA,EN,Towers with Radar,28,16,29,0,73,0,22,125,1,148,28,38,154,1,221,228,0,228,449
08/19/2023,ISP,NY,AEA,EN,Towers with Radar,33,15,24,1,73,0,15,190,1,206,33,30,214,2,279,336,0,336,615
08/20/2023,ISP,NY,AEA,EN,Towers with Radar,28,14,29,1,72,0,23,195,6,224,28,37,224,7,296,240,0,240,536
08/21/2023,ISP,NY,AEA,EN,Towers with Radar,28,19,31,1,79,0,30,130,1,161,28,49,161,2,240,350,0,350,590
08/22/2023,ISP,NY,AEA,EN,Towers with Radar,25,11,39,1,76,0,31,148,3,182,25,42,187,4,258,324,0,324,582
08/23/2023,ISP,NY,AEA,EN,Towers with Radar,27,12,26,0,65,0,18,188,8,214,27,30,214,8,279,474,0,474,753
08/24/2023,ISP,NY,AEA,EN,Towers with Radar,30,35,39,0,104,0,9,99,4,112,30,44,138,4,216,304,0,304,520
08/25/2023,ISP,NY,AEA,EN,Towers with Radar,29,9,31,0,69,0,0,16,0,16,29,9,47,0,85,0,0,0,85
08/26/2023,ISP,NY,AEA,EN,Towers with Radar,38,20,23,1,82,0,15,128,1,144,38,35,151,2,226,226,0,226,452
08/27/2023,ISP,NY,AEA,EN,Towers with Radar,30,13,27,0,70,0,17,204,2,223,30,30,231,2,293,300,0,300,593
08/28/2023,ISP,NY,AEA,EN,Towers with Radar,25,9,50,0,84,0,2,36,0,38,25,11,86,0,122,350,0,350,472
08/29/2023,ISP,NY,AEA,EN,Towers with Radar,19,8,27,2,56,0,4,16,0,20,19,12,43,2,76,56,0,56,132
08/30/2023,ISP,NY,AEA,EN,Towers with Radar,22,16,39,1,78,0,11,77,7,95,22,27,116,8,173,162,0,162,335
08/31/2023,ISP,NY,AEA,EN,Towers with Radar,28,15,43,2,88,0,29,202,3,234,28,44,245,5,322,312,0,312,634
01/01/2020,ISP,NY,AEA,EN,Towers with Radar,34,11,12,0,57,0,3,57,0,60,34,14,69,0,117,60,0,60,177
01/02/2020,ISP,NY,AEA,EN,Towers with Radar,40,14,34,0,88,0,14,192,2,208,40,28,226,2,296,292,0,292,588
01/03/2020,ISP,NY,AEA,EN,Towers with Radar,38,8,16,0,62,0,2,2,0,4,38,10,18,0,66,0,0,0,66
01/04/2020,ISP,NY,AEA,EN,Towers with Radar,30,11,16,0,57,0,0,0,0,0,30,11,16,0,57,0,0,0,57
01/05/2020,ISP,NY,AEA,EN,Towers with Radar,36,17,21,0,74,0,2,22,0,24,36,19,43,0,98,74,0,74,172
01/06/2020,ISP,NY,AEA,EN,Towers with Radar,29,8,27,2,66,0,8,124,0,132,29,16,151,2,198,266,0,266,464
01/07/2020,ISP,NY,AEA,EN,Towers with Radar,31,8,28,1,68,0,13,159,9,181,31,21,187,10,249,284,12,296,545
01/08/2020,ISP,NY,AEA,EN,Towers with Radar,29,6,16,2,53,0,7,61,4,72,29,13,77,6,125,96,10,106,231
01/09/2020,ISP,NY,AEA,EN,Towers with Radar,32,10,37,0,79,0,12,201,2,215,32,22,238,2,294,280,0,280,574
01/10/2020,ISP,NY,AEA,EN,Towers with Radar,30,13,35,0,78,0,8,79,2,89,30,21,114,2,167,162,0,162,329
01/11/2020,ISP,NY,AEA,EN,Towers with Radar,30,2,14,1,47,0,1,5,3,9,30,3,19,4,56,4,20,24,80
01/12/2020,ISP,NY,AEA,EN,Towers with Radar,34,10,12,1,57,0,4,22,5,31,34,14,34,6,88,44,10,54,142
01/13/2020,ISP,NY,AEA,EN,Towers with Radar,30,9,17,0,56,0,2,22,3,27,30,11,39,3,83,262,0,262,345
01/14/2020,ISP,NY,AEA,EN,Towers with Radar,31,7,27,1,66,0,5,91,2,98,31,12,118,3,164,356,24,380,544
01/15/2020,ISP,NY,AEA,EN,Towers with Radar,29,4,41,0,74,0,15,202,6,223,29,19,243,6,297,298,0,298,595
01/16/2020,ISP,NY,AEA,EN,Towers with Radar,33,10,18,1,62,0,5,11,0,16,33,15,29,1,78,4,0,4,82
01/17/2020,ISP,NY,AEA,EN,Towers with Radar,34,10,28,1,73,0,7,42,0,49,34,17,70,1,122,36,0,36,158
01/18/2020,ISP,NY,AEA,EN,Towers with Radar,30,7,9,2,48,0,0,80,2,82,30,7,89,4,130,178,0,178,308
01/19/2020,ISP,NY,AEA,EN,Towers with Radar,32,6,21,1,60,0,1,87,3,91,32,7,108,4,151,196,0,196,347
01/20/2020,ISP,NY,AEA,EN,Towers with Radar,35,14,24,0,73,0,3,109,0,112,35,17,133,0,185,162,0,162,347
01/21/2020,ISP,NY,AEA,EN,Towers with Radar,31,2,24,2,59,0,11,152,6,169,31,13,176,8,228,304,0,304,532
01/22/2020,ISP,NY,AEA,EN,Towers with Radar,29,3,40,0,72,0,9,208,12,229,29,12,248,12,301,314,0,314,615
01/23/2020,ISP,NY,AEA,EN,Towers with Radar,32,10,40,0,82,0,9,173,4,186,32,19,213,4,268,298,0,298,566
01/24/2020,ISP,NY,AEA,EN,Towers with Radar,28,11,29,3,71,0,8,177,9,194,28,19,206,12,265,216,0,216,481
01/25/2020,ISP,NY,AEA,EN,Towers with Radar,34,4,17,0,55,0,0,0,0,0,34,4,17,0,55,0,0,0,55
01/26/2020,ISP,NY,AEA,EN,Towers with Radar,31,14,34,0,79,0,3,178,2,183,31,17,212,2,262,278,0,278,540
01/27/2020,ISP,NY,AEA,EN,Towers with Radar,30,12,32,2,76,0,14,112,4,130,30,26,144,6,206,256,0,256,462
01/28/2020,ISP,NY,AEA,EN,Towers with Radar,31,9,35,0,75,0,15,125,4,144,31,24,160,4,219,336,18,354,573
01/29/2020,ISP,NY,AEA,EN,Towers with Radar,29,9,33,1,72,0,9,150,11,170,29,18,183,12,242,268,0,268,510
01/30/2020,ISP,NY,AEA,EN,Towers with Radar,35,11,36,3,85,0,22,140,9,171,35,33,176,12,256,332,0,332,588
01/31/2020,ISP,NY,AEA,EN,Towers with Radar,29,12,36,2,79,0,15,141,2,158,29,27,177,4,237,298,0,298,535
02/01/2020,ISP,NY,AEA,EN,Towers with Radar,32,4,7,0,43,0,0,2,0,2,32,4,9,0,45,0,0,0,45
02/02/2020,ISP,NY,AEA,EN,Towers with Radar,32,14,31,0,77,0,0,73,4,77,32,14,104,4,154,266,0,266,420
02/03/2020,ISP,NY,AEA,EN,Towers with Radar,28,15,29,1,73,0,12,136,5,153,28,27,165,6,226,302,0,302,528
02/04/2020,ISP,NY,AEA,EN,Towers with Radar,30,3,19,0,52,0,4,45,3,52,30,7,64,3,104,126,0,126,230
02/05/2020,ISP,NY,AEA,EN,Towers with Radar,28,5,26,3,62,0,14,103,4,121,28,19,129,7,183,374,30,404,587
02/06/2020,ISP,NY,AEA,EN,Towers with Radar,28,11,6,0,45,0,0,0,0,0,28,11,6,0,45,0,0,0,45
02/07/2020,ISP,NY,AEA,EN,Towers with Radar,29,15,7,0,51,0,0,1,0,1,29,15,8,0,52,0,0,0,52
02/08/2020,ISP,NY,AEA,EN,Towers with Radar,32,8,27,1,68,0,4,147,11,162,32,12,174,12,230,238,0,238,468
02/09/2020,ISP,NY,AEA,EN,Towers with Radar,31,4,36,1,72,0,5,170,13,188,31,9,206,14,260,338,0,338,598
02/10/2020,ISP,NY,AEA,EN,Towers with Radar,29,9,11,0,49,0,4,10,4,18,29,13,21,4,67,0,4,4,71
02/11/2020,ISP,NY,AEA,EN,Towers with Radar,31,7,9,0,47,0,5,5,0,10,31,12,14,0,57,8,0,8,65
02/12/2020,ISP,NY,AEA,EN,Towers with Radar,28,10,55,1,94,0,19,185,12,216,28,29,240,13,310,304,6,310,620
02/13/2020,ISP,NY,AEA,EN,Towers with Radar,34,16,9,0,59,0,2,2,0,4,34,18,11,0,63,0,0,0,63
02/14/2020,ISP,NY,AEA,EN,Towers with Radar,30,18,38,1,87,0,9,139,3,151,30,27,177,4,238,162,0,162,400
02/15/2020,ISP,NY,AEA,EN,Towers with Radar,30,14,34,0,78,0,3,152,4,159,30,17,186,4,237,414,0,414,651
02/16/2020,ISP,NY,AEA,EN,Towers with Radar,32,11,26,0,69,0,1,158,4,163,32,12,184,4,232,254,0,254,486
02/17/2020,ISP,NY,AEA,EN,Towers with Radar,29,15,49,0,93,0,10,171,2,183,29,25,220,2,276,342,0,342,618
02/18/2020,ISP,NY,AEA,EN,Towers with Radar,31,9,33,3,76,0,2,5,1,8,31,11,38,4,84,104,0,104,188
02/19/2020,ISP,NY,AEA,EN,Towers with Radar,27,19,33,5,84,0,14,134,10,158,27,33,167,15,242,164,8,172,414
02/20/2020,ISP,NY,AEA,EN,Towers with Radar,32,15,32,1,80,0,10,144,9,163,32,25,176,10,243,398,0,398,641
02/21/2020,ISP,NY,AEA,EN,Towers with Radar,30,14,26,1,71,0,8,124,11,143,30,22,150,12,214,276,0,276,490
02/22/2020,ISP,NY,AEA,EN,Towers with Radar,33,13,34,2,82,0,7,181,2,190,33,20,215,4,272,284,0,284,556
02/23/2020,ISP,NY,AEA,EN,Towers with Radar,34,16,40,0,90,0,0,196,4,200,34,16,236,4,290,188,0,188,478
02/24/2020,ISP,NY,AEA,EN,Towers with Radar,31,16,35,1,83,0,11,141,5,157,31,27,176,6,240,332,0,332,572
02/25/2020,ISP,NY,AEA,EN,Towers with Radar,31,7,18,0,56,0,2,27,3,32,31,9,45,3,88,154,0,154,242
02/26/2020,ISP,NY,AEA,EN,Towers with Radar,27,11,15,2,55,0,2,3,2,7,27,13,18,4,62,0,16,16,78
02/27/2020,ISP,NY,AEA,EN,Towers with Radar,32,17,12,0,61,0,4,10,0,14,32,21,22,0,75,12,0,12,87
02/28/2020,ISP,NY,AEA,EN,Towers with Radar,30,10,21,1,62,0,4,32,8,44,30,14,53,9,106,56,2,58,164
02/29/2020,ISP,NY,AEA,EN,Towers with Radar,33,7,35,0,75,0,4,163,2,169,33,11,198,2,244,240,0,240,484
03/01/2020,ISP,NY,AEA,EN,Towers with Radar,31,7,40,2,80,0,3,146,3,152,31,10,186,5,232,110,0,110,342
03/02/2020,ISP,NY,AEA,EN,Towers with Radar,30,13,24,0,67,0,13,129,7,149,30,26,153,7,216,110,0,110,326
03/03/2020,ISP,NY,AEA,EN,Towers with Radar,30,12,46,3,91,0,4,74,3,81,30,16,120,6,172,132,0,132,304
03/04/2020,ISP,NY,AEA,EN,Towers with Radar,29,10,26,0,65,0,12,31,6,49,29,22,57,6,114,34,6,40,154
03/05/2020,ISP,NY,AEA,EN,Towers with Radar,32,13,40,3,88,0,14,214,10,238,32,27,254,13,326,414,16,430,756
03/06/2020,ISP,NY,AEA,EN,Towers with Radar,30,23,35,0,88,0,7,92,2,101,30,30,127,2,189,284,0,284,473
03/07/2020,ISP,NY,AEA,EN,Towers with Radar,28,9,9,3,49,0,0,27,10,37,28,9,36,13,86,54,0,54,140
03/08/2020,ISP,NY,AEA,EN,Towers with Radar,36,16,48,0,100,0,10,230,20,260,36,26,278,20,360,268,0,268,628
03/09/2020,ISP,NY,AEA,EN,Towers with Radar,34,16,43,2,95,0,17,158,6,181,34,33,201,8,276,216,0,216,492
03/10/2020,ISP,NY,AEA,EN,Towers with Radar,35,16,33,5,89,0,10,92,5,107,35,26,125,10,196,190,0,190,386
03/11/2020,ISP,NY,AEA,EN,Towers with Radar,31,10,32,2,75,0,13,189,7,209,31,23,221,9,284,354,0,354,638
03/12/2020,ISP,NY,AEA,EN,Towers with Radar,33,11,37,0,81,0,7,29,4,40,33,18,66,4,121,94,0,94,215
03/13/2020,ISP,NY,AEA,EN,Towers with Radar,38,9,22,0,69,0,0,12,0,12,38,9,34,0,81,22,0,22,103
03/14/2020,ISP,NY,AEA,EN,Towers with Radar,27,8,44,0,79,0,0,196,0,196,27,8,240,0,275,272,0,272,547
03/15/2020,ISP,NY,AEA,EN,Towers with Radar,36,11,33,0,80,0,4,210,0,214,36,15,243,0,294,308,0,308,602
03/16/2020,ISP,NY,AEA,EN,Towers with Radar,33,11,32,0,76,0,1,120,3,124,33,12,152,3,200,420,0,420,620
03/17/2020,ISP,NY,AEA,EN,Towers with Radar,33,7,15,0,55,0,3,7,0,10,33,10,22,0,65,64,0,64,129
03/18/2020,ISP,NY,AEA,EN,Towers with Radar,32,7,29,1,69,0,3,184,6,193,32,10,213,7,262,380,0,380,642
03/19/2020,ISP,NY,AEA,EN,Towers with Radar,35,8,20,0,63,0,0,0,0,0,35,8,20,0,63,24,0,24,87
03/20/2020,ISP,NY,AEA,EN,Towers with Radar,31,10,9,0,50,0,0,4,0,4,31,10,13,0,54,10,0,10,64
03/21/2020,ISP,NY,AEA,EN,Towers with Radar,24,5,21,0,50,0,3,138,0,141,24,8,159,0,191,252,0,252,443
03/22/2020,ISP,NY,AEA,EN,Towers with Radar,34,5,12,0,51,0,0,105,0,105,34,5,117,0,156,264,0,264,420
03/23/2020,ISP,NY,AEA,EN,Towers with Radar,28,6,7,0,41,0,0,0,0,0,28,6,7,0,41,0,0,0,41
03/24/2020,ISP,NY,AEA,EN,Towers with Radar,28,9,8,0,45,0,6,43,4,53,28,15,51,4,98,48,0,48,146
03/25/2020,ISP,NY,AEA,EN,Towers with Radar,25,2,7,0,34,0,2,7,4,13,25,4,14,4,47,22,0,22,69
03/26/2020,ISP,NY,AEA,EN,Towers with Radar,22,6,13,0,41,0,6,68,3,77,22,12,81,3,118,72,0,72,190
03/27/2020,ISP,NY,AEA,EN,Towers with Radar,20,5,10,0,35,0,6,35,0,41,20,11,45,0,76,22,0,22,98
03/28/2020,ISP,NY,AEA,EN,Towers with Radar,14,5,11,0,30,0,0,16,0,16,14,5,27,0,46,24,0,24,70
03/29/2020,ISP,NY,AEA,EN,Towers with Radar,16,7,14,0,37,0,0,0,0,0,16,7,14,0,37,0,0,0,37
03/30/2020,ISP,NY,AEA,EN,Towers with Radar,15,7,9,0,31,0,0,9,2,11,15,7,18,2,42,24,0,24,66
03/31/2020,ISP,NY,AEA,EN,Towers with Radar,15,6,8,0,29,0,8,23,4,35,15,14,31,4,64,70,0,70,134
04/01/2020,ISP,NY,AEA,EN,Towers with Radar,12,8,6,1,27,0,8,29,5,42,12,16,35,6,69,28,0,28,97
04/02/2020,ISP,NY,AEA,EN,Towers with Radar,8,10,3,0,21,0,2,19,4,25,8,12,22,4,46,8,0,8,54
04/03/2020,ISP,NY,AEA,EN,Towers with Radar,8,4,4,0,16,0,2,6,0,8,8,6,10,0,24,0,0,0,24
04/04/2020,ISP,NY,AEA,EN,Towers with Radar,8,11,16,0,35,0,2,26,0,28,8,13,42,0,63,30,0,30,93
04/05/2020,ISP,NY,AEA,EN,Towers with Radar,10,6,18,0,34,0,2,17,0,19,10,8,35,0,53,26,0,26,79
04/06/2020,ISP,NY,AEA,EN,Towers with Radar,8,6,14,0,28,0,2,73,1,76,8,8,87,1,104,62,0,62,166
04/07/2020,ISP,NY,AEA,EN,Towers with Radar,10,3,7,2,22,0,2,42,3,47,10,5,49,5,69,70,0,70,139
04/08/2020,ISP,NY,AEA,EN,Towers with Radar,8,1,8,0,17,0,6,9,3,18,8,7,17,3,35,14,0,14,49
04/09/2020,ISP,NY,AEA,EN,Towers with Radar,8,3,1,0,12,0,2,0,0,2,8,5,1,0,14,0,0,0,14
04/10/2020,ISP,NY,AEA,EN,Towers with Radar,10,3,9,0,22,0,9,4,0,13,10,12,13,0,35,0,0,0,35
04/11/2020,ISP,NY,AEA,EN,Towers with Radar,12,4,7,0,23,0,3,35,0,38,12,7,42,0,61,48,0,48,109
04/12/2020,ISP,NY,AEA,EN,Towers with Radar,10,0,8,0,18,0,2,41,0,43,10,2,49,0,61,72,0,72,133
04/13/2020,ISP,NY,AEA,EN,Towers with Radar,2,0,2,0,4,0,0,0,0,0,2,0,2,0,4,0,0,0,4
04/14/2020,ISP,NY,AEA,EN,Towers with Radar,4,2,14,0,20,0,6,57,2,65,4,8,71,2,85,100,0,100,185
04/15/2020,ISP,NY,AEA,EN,Towers with Radar,6,0,5,1,12,0,2,19,3,24,6,2,24,4,36,22,0,22,58
04/16/2020,ISP,NY,AEA,EN,Towers with Radar,6,0,5,0,11,0,2,26,8,36,6,2,31,8,47,22,0,22,69
04/17/2020,ISP,NY,AEA,EN,Towers with Radar,6,3,10,2,21,0,4,21,0,25,6,7,31,2,46,32,0,32,78
04/18/2020,ISP,NY,AEA,EN,Towers with Radar,6,1,7,0,14,0,0,5,0,5,6,1,12,0,19,6,0,6,25
04/19/2020,ISP,NY,AEA,EN,Towers with Radar,2,0,13,0,15,0,4,51,0,55,2,4,64,0,70,34,0,34,104
04/20/2020,ISP,NY,AEA,EN,Towers with Radar,8,0,14,0,22,0,2,28,6,36,8,2,42,6,58,66,0,66,124
04/21/2020,ISP,NY,AEA,EN,Towers with Radar,4,0,4,0,8,0,3,6,2,11,4,3,10,2,19,0,0,0,19
04/22/2020,ISP,NY,AEA,EN,Towers with Radar,4,3,1,0,8,0,2,18,8,28,4,5,19,8,36,48,0,48,84
04/23/2020,ISP,NY,AEA,EN,Towers with Radar,6,5,21,0,32,0,3,66,1,70,6,8,87,1,102,96,0,96,198
04/24/2020,ISP,NY,AEA,EN,Towers with Radar,4,0,11,0,15,0,2,2,0,4,4,2,13,0,19,0,0,0,19
04/25/2020,ISP,NY,AEA,EN,Towers with Radar,2,0,19,2,23,0,0,155,2,157,2,0,174,4,180,242,0,242,422
04/26/2020,ISP,NY,AEA,EN,Towers with Radar,2,3,13,0,18,0,0,5,0,5,2,3,18,0,23,0,0,0,23
04/27/2020,ISP,NY,AEA,EN,Towers with Radar,8,1,1,0,10,0,2,6,0,8,8,3,7,0,18,8,0,8,26
04/28/2020,ISP,NY,AEA,EN,Towers with Radar,4,2,17,3,26,0,4,119,3,126,4,6,136,6,152,128,0,128,280
04/29/2020,ISP,NY,AEA,EN,Towers with Radar,4,4,10,4,22,0,2,27,0,29,4,6,37,4,51,24,0,24,75
04/30/2020,ISP,NY,AEA,EN,Towers with Radar,4,2,3,0,9,0,0,0,0,0,4,2,3,0,9,0,0,0,9
05/01/2020,ISP,NY,AEA,EN,Towers with Radar,4,2,16,0,22,0,0,2,2,4,4,2,18,2,26,1,0,1,27
05/02/2020,ISP,NY,AEA,EN,Towers with Radar,4,0,17,2,23,0,3,73,2,78,4,3,90,4,101,72,0,72,173
05/03/2020,ISP,NY,AEA,EN,Towers with Radar,2,2,10,0,14,0,0,43,0,43,2,2,53,0,57,46,0,46,103
05/04/2020,ISP,NY,AEA,EN,Towers with Radar,4,3,17,0,24,0,0,40,5,45,4,3,57,5,69,48,0,48,117
05/05/2020,ISP,NY,AEA,EN,Towers with Radar,2,2,12,0,16,0,7,40,1,48,2,9,52,1,64,24,0,24,88
05/06/2020,ISP,NY,AEA,EN,Towers with Radar,2,4,11,1,18,0,4,15,3,22,2,8,26,4,40,18,0,18,58
05/07/2020,ISP,NY,AEA,EN,Towers with Radar,2,3,22,0,27,0,5,58,3,66,2,8,80,3,93,66,0,66,159
05/08/2020,ISP,NY,AEA,EN,Towers with Radar,4,2,13,0,19,0,5,42,0,47,4,7,55,0,66,70,0,70,136
05/09/2020,ISP,NY,AEA,EN,Towers with Radar,2,2,2,0,6,0,2,3,0,5,2,4,5,0,11,18,0,18,29
05/10/2020,ISP,NY,AEA,EN,Towers with Radar,2,5,12,0,19,0,0,21,0,21,2,5,33,0,40,8,0,8,48
05/11/2020,ISP,NY,AEA,EN,Towers with Radar,4,6,4,0,14,0,4,15,2,21,4,10,19,2,35,26,0,26,61
05/12/2020,ISP,NY,AEA,EN,Towers with Radar,2,2,16,0,20,0,2,33,4,39,2,4,49,4,59,0,0,0,59
05/13/2020,ISP,NY,AEA,EN,Towers with Radar,2,5,16,0,23,0,3,104,7,114,2,8,120,7,137,106,0,106,243
05/14/2020,ISP,NY,AEA,EN,Towers with Radar,3,4,16,0,23,0,8,77,2,87,3,12,93,2,110,70,0,70,180
05/15/2020,ISP,NY,AEA,EN,Towers with Radar,5,2,10,0,17,0,3,43,0,46,5,5,53,0,63,80,0,80,143
05/16/2020,ISP,NY,AEA,EN,Towers with Radar,2,3,5,0,10,0,6,71,0,77,2,9,76,0,87,78,0,78,165
05/17/2020,ISP,NY,AEA,EN,Towers with Radar,5,2,21,0,28,0,4,85,0,89,5,6,106,0,117,118,0,118,235
05/18/2020,ISP,NY,AEA,EN,Towers with Radar,7,2,5,2,16,0,8,27,2,37,7,10,32,4,53,38,2,40,93
05/19/2020,ISP,NY,AEA,EN,Towers with Radar,4,8,3,1,16,0,3,14,5,22,4,11,17,6,38,18,0,18,56
05/20/2020,ISP,NY,AEA,EN,Towers with Radar,4,4,9,0,17,0,9,28,8,45,4,13,37,8,62,36,0,36,98
05/21/2020,ISP,NY,AEA,EN,Towers with Radar,8,6,16,2,32,0,5,72,4,81,8,11,88,6,113,60,0,60,173
05/22/2020,ISP,NY,AEA,EN,Towers with Radar,10,3,9,0,22,0,3,74,0,77,10,6,83,0,99,64,0,64,163
05/23/2020,ISP,NY,AEA,EN,Towers with Radar,4,1,13,0,18,0,1,0,0,1,4,2,13,0,19,0,0,0,19
05/24/2020,ISP,NY,AEA,EN,Towers with Radar,6,0,12,0,18,0,1,18,0,19,6,1,30,0,37,46,0,46,83
05/25/2020,ISP,NY,AEA,EN,Towers with Radar,6,1,33,0,40,0,6,2,0,8,6,7,35,0,48,36,0,36,84
05/26/2020,ISP,NY,AEA,EN,Towers with Radar,4,2,15,3,24,0,0,18,3,21,4,2,33,6,45,56,0,56,101
05/27/2020,ISP,NY,AEA,EN,Towers with Radar,6,4,29,1,40,0,4,40,2,46,6,8,69,3,86,90,0,90,176
05/28/2020,ISP,NY,AEA,EN,Towers with Radar,4,4,17,0,25,0,4,4,0,8,4,8,21,0,33,24,0,24,57
05/29/2020,ISP,NY,AEA,EN,Towers with Radar,8,7,5,0,20,0,0,0,0,0,8,7,5,0,20,0,0,0,20
05/30/2020,ISP,NY,AEA,EN,Towers with Radar,4,4,21,0,29,0,2,69,0,71,4,6,90,0,100,134,0,134,234
05/31/2020,ISP,NY,AEA,EN,Towers with Radar,4,5,16,0,25,0,1,71,0,72,4,6,87,0,97,188,0,188,285
06/01/2020,ISP,NY,AEA,EN,Towers with Radar,8,6,11,0,25,0,2,87,9,98,8,8,98,9,123,306,0,306,429
06/02/2020,ISP,NY,AEA,EN,Towers with Radar,4,0,28,0,32,0,2,70,4,76,4,2,98,4,108,210,0,210,318
06/03/2020,ISP,NY,AEA,EN,Towers with Radar,4,5,19,0,28,0,3,34,1,38,4,8,53,1,66,80,0,80,146
06/04/2020,ISP,NY,AEA,EN,Towers with Radar,5,7,18,0,30,0,1,94,3,98,5,8,112,3,128,154,0,154,282
06/05/2020,ISP,NY,AEA,EN,Towers with Radar,7,3,27,0,37,0,1,9,0,10,7,4,36,0,47,96,0,96,143
06/06/2020,ISP,NY,AEA,EN,Towers with Radar,6,4,28,0,38,0,2,34,0,36,6,6,62,0,74,84,0,84,158
06/07/2020,ISP,NY,AEA,EN,Towers with Radar,12,6,28,0,46,0,6,81,2,89,12,12,109,2,135,82,0,82,217
06/08/2020,ISP,NY,AEA,EN,Towers with Radar,15,2,17,0,34,0,5,91,2,98,15,7,108,2,132,158,0,158,290
06/09/2020,ISP,NY,AEA,EN,Towers with Radar,10,1,21,2,34,0,4,84,5,93,10,5,105,7,127,194,14,208,335
06/10/2020,ISP,NY,AEA,EN,Towers with Radar,10,7,35,2,54,0,5,81,4,90,10,12,116,6,144,158,0,158,302
06/11/2020,ISP,NY,AEA,EN,Towers with Radar,10,5,14,0,29,0,1,0,0,1,10,6,14,0,30,0,0,0,30
06/12/2020,ISP,NY,AEA,EN,Towers with Radar,11,6,28,0,45,0,5,97,7,109,11,11,125,7,154,146,0,146,300
06/13/2020,ISP,NY,AEA,EN,Towers with Radar,12,3,26,0,41,0,3,131,2,136,12,6,157,2,177,172,0,172,349
06/14/2020,ISP,NY,AEA,EN,Towers with Radar,9,4,22,0,35,0,2,94,0,96,9,6,116,0,131,178,0,178,309
06/15/2020,ISP,NY,AEA,EN,Towers with Radar,11,3,24,0,38,0,8,94,4,106,11,11,118,4,144,314,24,338,482
06/16/2020,ISP,NY,AEA,EN,Towers with Radar,12,6,19,2,39,0,5,103,8,116,12,11,122,10,155,236,0,236,391
06/17/2020,ISP,NY,AEA,EN,Towers with Radar,10,3,35,2,50,0,3,85,2,90,10,6,120,4,140,212,26,238,378
06/18/2020,ISP,NY,AEA,EN,Towers with Radar,13,3,31,2,49,0,0,6,0,6,13,3,37,2,55,38,0,38,93
06/19/2020,ISP,NY,AEA,EN,Towers with Radar,11,7,35,0,53,0,4,61,0,65,11,11,96,0,118,70,0,70,188
06/20/2020,ISP,NY,AEA,EN,Towers with Radar,13,3,32,0,48,0,4,127,0,131,13,7,159,0,179,218,0,218,397
06/21/2020,ISP,NY,AEA,EN,Towers with Radar,12,5,18,0,35,0,6,92,0,98,12,11,110,0,133,134,0,134,267
06/22/2020,ISP,NY,AEA,EN,Towers with Radar,12,2,22,2,38,0,12,97,6,115,12,14,119,8,153,168,0,168,321
06/23/2020,ISP,NY,AEA,EN,Towers with Radar,12,7,18,1,38,0,3,91,6,100,12,10,109,7,138,246,0,246,384
06/24/2020,ISP,NY,AEA,EN,Towers with Radar,12,5,28,0,45,0,3,56,1,60,12,8,84,1,105,106,0,106,211
06/25/2020,ISP,NY,AEA,EN,Towers with Radar,14,1,27,1,43,0,4,92,4,100,14,5,119,5,143,282,0,282,425
06/26/2020,ISP,NY,AEA,EN,Towers with Radar,17,3,26,0,46,0,2,105,2,109,17,5,131,2,155,196,0,196,351
06/27/2020,ISP,NY,AEA,EN,Towers with Radar,15,4,22,0,41,0,1,69,0,70,15,5,91,0,111,196,0,196,307
06/28/2020,ISP,NY,AEA,EN,Towers with Radar,16,8,12,0,36,0,1,82,0,83,16,9,94,0,119,184,0,184,303
06/29/2020,ISP,NY,AEA,EN,Towers with Radar,16,2,19,0,37,0,0,66,4,70,16,2,85,4,107,284,0,284,391
06/30/2020,ISP,NY,AEA,EN,Towers with Radar,12,3,25,0,40,0,1,19,2,22,12,4,44,2,62,98,12,110,172
07/01/2020,ISP,NY,AEA,EN,Towers with Radar,15,14,25,0,54,0,3,34,1,38,15,17,59,1,92,222,0,222,314
07/02/2020,ISP,NY,AEA,EN,Towers with Radar,16,7,20,0,43,0,2,131,9,142,16,9,151,9,185,168,0,168,353
07/03/2020,ISP,NY,AEA,EN,Towers with Radar,19,1,31,0,51,0,5,95,0,100,19,6,126,0,151,128,0,128,279
07/04/2020,ISP,NY,AEA,EN,Towers with Radar,16,0,20,0,36,0,4,60,0,64,16,4,80,0,100,92,0,92,192
07/05/2020,ISP,NY,AEA,EN,Towers with Radar,18,5,26,0,49,0,2,65,0,67,18,7,91,0,116,90,0,90,206
07/06/2020,ISP,NY,AEA,EN,Towers with Radar,20,9,26,0,55,0,0,134,2,136,20,9,160,2,191,200,0,200,391
07/07/2020,ISP,NY,AEA,EN,Towers with Radar,13,6,39,2,60,0,1,2,0,3,13,7,41,2,63,0,0,0,63
07/08/2020,ISP,NY,AEA,EN,Towers with Radar,15,8,28,0,51,0,5,30,6,41,15,13,58,6,92,106,4,110,202
07/09/2020,ISP,NY,AEA,EN,Towers with Radar,16,5,24,1,46,0,3,150,10,163,16,8,174,11,209,436,0,436,645
07/10/2020,ISP,NY,AEA,EN,Towers with Radar,8,10,9,0,27,0,1,1,0,2,8,11,10,0,29,0,0,0,29
07/11/2020,ISP,NY,AEA,EN,Towers with Radar,10,3,31,0,44,0,0,0,0,0,10,3,31,0,44,8,0,8,52
07/12/2020,ISP,NY,AEA,EN,Towers with Radar,15,6,31,0,52,0,2,174,2,178,15,8,205,2,230,288,0,288,518
07/13/2020,ISP,NY,AEA,EN,Towers with Radar,12,2,18,2,34,0,4,126,4,134,12,6,144,6,168,364,0,364,532
07/14/2020,ISP,NY,AEA,EN,Towers with Radar,10,13,31,3,57,0,6,210,7,223,10,19,241,10,280,424,0,424,704
07/15/2020,ISP,NY,AEA,EN,Towers with Radar,14,7,22,6,49,0,4,139,4,147,14,11,161,10,196,536,0,536,732
07/16/2020,ISP,NY,AEA,EN,Towers with Radar,15,4,18,0,37,0,4,186,6,196,15,8,204,6,233,422,0,422,655
07/17/2020,ISP,NY,AEA,EN,Towers with Radar,14,5,40,0,59,0,3,10,2,15,14,8,50,2,74,22,4,26,100
07/18/2020,ISP,NY,AEA,EN,Towers with Radar,10,5,30,1,46,0,5,185,5,195,10,10,215,6,241,284,0,284,525
07/19/2020,ISP,NY,AEA,EN,Towers with Radar,16,11,35,0,62,0,1,152,0,153,16,12,187,0,215,176,0,176,391
07/20/2020,ISP,NY,AEA,EN,Towers with Radar,14,10,16,0,40,0,5,130,10,145,14,15,146,10,185,328,0,328,513
07/21/2020,ISP,NY,AEA,EN,Towers with Radar,12,11,42,0,65,0,8,209,8,225,12,19,251,8,290,312,0,312,602
07/22/2020,ISP,NY,AEA,EN,Towers with Radar,11,11,35,1,58,0,8,123,5,136,11,19,158,6,194,368,0,368,562
07/23/2020,ISP,NY,AEA,EN,Towers with Radar,13,17,28,0,58,0,1,110,12,123,13,18,138,12,181,214,25,239,420
07/24/2020,ISP,NY,AEA,EN,Towers with Radar,13,7,35,2,57,0,3,66,2,71,13,10,101,4,128,166,0,166,294
07/25/2020,ISP,NY,AEA,EN,Towers with Radar,12,4,58,0,74,0,9,162,6,177,12,13,220,6,251,302,0,302,553
07/26/2020,ISP,NY,AEA,EN,Towers with Radar,13,12,21,0,46,0,1,145,6,152,13,13,166,6,198,248,0,248,446
07/27/2020,ISP,NY,AEA,EN,Towers with Radar,11,7,20,2,40,0,4,177,12,193,11,11,197,14,233,382,0,382,615
07/28/2020,ISP,NY,AEA,EN,Towers with Radar,10,6,19,1,36,0,4,123,11,138,10,10,142,12,174,270,0,270,444
07/29/2020,ISP,NY,AEA,EN,Towers with Radar,12,3,33,0,48,0,1,201,20,222,12,4,234,20,270,402,0,402,672
07/30/2020,ISP,NY,AEA,EN,Towers with Radar,12,5,22,0,39,0,4,150,9,163,12,9,172,9,202,318,0,318,520
07/31/2020,ISP,NY,AEA,EN,Towers with Radar,12,8,30,1,51,0,3,32,3,38,12,11,62,4,89,124,0,124,213
08/01/2020,ISP,NY,AEA,EN,Towers with Radar,9,6,34,0,49,0,3,192,2,197,9,9,226,2,246,308,0,308,554
08/02/2020,ISP,NY,AEA,EN,Towers with Radar,12,4,15,0,31,0,6,19,0,25,12,10,34,0,56,20,0,20,76
08/03/2020,ISP,NY,AEA,EN,Towers with Radar,10,5,17,2,34,0,7,182,3,192,10,12,199,5,226,374,0,374,600
08/04/2020,ISP,NY,AEA,EN,Towers with Radar,6,3,0,0,9,0,1,0,2,3,6,4,0,2,12,0,0,0,12
08/05/2020,ISP,NY,AEA,EN,Towers with Radar,8,11,35,0,54,0,6,165,6,177,8,17,200,6,231,314,0,314,545
08/06/2020,ISP,NY,AEA,EN,Towers with Radar,17,11,20,1,49,0,8,109,2,119,17,19,129,3,168,312,20,332,500
08/07/2020,ISP,NY,AEA,EN,Towers with Radar,9,5,29,3,46,0,1,45,1,47,9,6,74,4,93,152,6,158,251
08/08/2020,ISP,NY,AEA,EN,Towers with Radar,11,6,38,0,55,0,0,44,0,44,11,6,82,0,99,80,0,80,179
08/09/2020,ISP,NY,AEA,EN,Towers with Radar,16,9,33,0,58,0,1,156,0,157,16,10,189,0,215,280,0,280,495
08/10/2020,ISP,NY,AEA,EN,Towers with Radar,11,8,26,1,46,0,4,178,6,188,11,12,204,7,234,310,26,336,570
08/11/2020,ISP,NY,AEA,EN,Towers with Radar,12,5,37,2,56,0,1,52,2,55,12,6,89,4,111,82,0,82,193
08/12/2020,ISP,NY,AEA,EN,Towers with Radar,12,9,33,0,54,0,3,28,0,31,12,12,61,0,85,90,0,90,175
08/13/2020,ISP,NY,AEA,EN,Towers with Radar,19,7,21,0,47,0,5,53,6,64,19,12,74,6,111,74,32,106,217
08/14/2020,ISP,NY,AEA,EN,Towers with Radar,15,9,34,1,59,0,3,160,3,166,15,12,194,4,225,378,0,378,603
08/15/2020,ISP,NY,AEA,EN,Towers with Radar,15,4,30,1,50,0,4,147,4,155,15,8,177,5,205,398,0,398,603
08/16/2020,ISP,NY,AEA,EN,Towers with Radar,18,9,35,0,62,0,0,2,0,2,18,9,37,0,64,0,0,0,64
08/17/2020,ISP,NY,AEA,EN,Towers with Radar,15,2,21,2,40,0,5,138,4,147,15,7,159,6,187,356,0,356,543
08/18/2020,ISP,NY,AEA,EN,Towers with Radar,11,6,34,1,52,0,15,152,6,173,11,21,186,7,225,342,0,342,567
08/19/2020,ISP,NY,AEA,EN,Towers with Radar,12,20,25,6,63,0,4,42,3,49,12,24,67,9,112,124,4,128,240
08/20/2020,ISP,NY,AEA,EN,Towers with Radar,19,9,31,4,63,0,9,204,7,220,19,18,235,11,283,378,0,378,661
08/21/2020,ISP,NY,AEA,EN,Towers with Radar,13,6,49,0,68,0,9,231,2,242,13,15,280,2,310,318,0,318,628
08/22/2020,ISP,NY,AEA,EN,Towers with Radar,17,18,24,0,59,0,1,121,0,122,17,19,145,0,181,226,0,226,407
08/23/2020,ISP,NY,AEA,EN,Towers with Radar,16,10,35,0,61,0,3,132,1,136,16,13,167,1,197,306,0,306,503
08/24/2020,ISP,NY,AEA,EN,Towers with Radar,15,6,22,0,43,0,0,103,4,107,15,6,125,4,150,288,0,288,438
08/25/2020,ISP,NY,AEA,EN,Towers with Radar,12,15,28,0,55,0,6,120,5,131,12,21,148,5,186,170,0,170,356
08/26/2020,ISP,NY,AEA,EN,Towers with Radar,12,16,23,2,53,0,12,205,4,221,12,28,228,6,274,170,8,178,452
08/27/2020,ISP,NY,AEA,EN,Towers with Radar,19,16,25,0,60,0,4,94,0,98,19,20,119,0,158,192,0,192,350
08/28/2020,ISP,NY,AEA,EN,Towers with Radar,13,12,36,1,62,0,10,177,4,191,13,22,213,5,253,332,0,332,585
08/29/2020,ISP,NY,AEA,EN,Towers with Radar,15,6,10,0,31,0,0,6,0,6,15,6,16,0,37,0,0,0,37
08/30/2020,ISP,NY,AEA,EN,Towers with Radar,16,15,38,0,69,0,5,181,0,186,16,20,219,0,255,272,0,272,527
08/31/2020,ISP,NY,AEA,EN,Towers with Radar,15,11,29,0,55,0,12,162,5,179,15,23,191,5,234,488,0,488,722
09/01/2020,ISP,NY,AEA,EN,Towers with Radar,12,8,40,2,62,0,3,77,4,84,12,11,117,6,146,190,0,190,336
09/02/2020,ISP,NY,AEA,EN,Towers with Radar,12,21,38,2,73,0,0,2,2,4,12,21,40,4,77,20,26,46,123
09/03/2020,ISP,NY,AEA,EN,Towers with Radar,18,7,50,2,77,0,12,128,4,144,18,19,178,6,221,282,0,282,503
09/04/2020,ISP,NY,AEA,EN,Towers with Radar,14,9,33,0,56,0,6,207,2,215,14,15,240,2,271,396,0,396,667
09/05/2020,ISP,NY,AEA,EN,Towers with Radar,16,8,29,0,53,0,8,179,0,187,16,16,208,0,240,262,0,262,502
09/06/2020,ISP,NY,AEA,EN,Towers with Radar,9,3,30,0,42,0,7,130,0,137,9,10,160,0,179,196,0,196,375
09/07/2020,ISP,NY,AEA,EN,Towers with Radar,7,9,42,0,58,0,4,158,0,162,7,13,200,0,220,200,0,200,420
09/08/2020,ISP,NY,AEA,EN,Towers with Radar,8,13,18,3,42,0,10,95,5,110,8,23,113,8,152,156,0,156,308
09/09/2020,ISP,NY,AEA,EN,Towers with Radar,5,10,45,1,61,0,3,75,3,81,5,13,120,4,142,232,18,250,392
09/10/2020,ISP,NY,AEA,EN,Towers with Radar,9,9,18,0,36,0,0,14,2,16,9,9,32,2,52,0,0,0,52
09/11/2020,ISP,NY,AEA,EN,Towers with Radar,8,8,41,0,57,0,6,150,4,160,8,14,191,4,217,228,0,228,445
09/12/2020,ISP,NY,AEA,EN,Towers with Radar,8,7,25,0,40,0,25,176,6,207,8,32,201,6,247,378,0,378,625
09/13/2020,ISP,NY,AEA,EN,Towers with Radar,10,9,24,0,43,0,2,58,1,61,10,11,82,1,104,328,0,328,432
09/14/2020,ISP,NY,AEA,EN,Towers with Radar,7,5,28,0,40,0,14,116,4,134,7,19,144,4,174,200,0,200,374
09/15/2020,ISP,NY,AEA,EN,Towers with Radar,5,6,33,4,48,0,17,179,5,201,5,23,212,9,249,270,0,270,519
09/16/2020,ISP,NY,AEA,EN,Towers with Radar,6,8,39,0,53,0,26,154,6,186,6,34,193,6,239,442,0,442,681
09/17/2020,ISP,NY,AEA,EN,Towers with Radar,10,15,36,0,61,0,16,126,7,149,10,31,162,7,210,374,18,392,602
09/18/2020,ISP,NY,AEA,EN,Towers with Radar,10,4,36,0,50,0,7,61,0,68,10,11,97,0,118,88,0,88,206
09/19/2020,ISP,NY,AEA,EN,Towers with Radar,9,5,25,0,39,0,14,156,0,170,9,19,181,0,209,235,0,235,444
09/20/2020,ISP,NY,AEA,EN,Towers with Radar,10,9,24,0,43,0,10,109,0,119,10,19,133,0,162,242,0,242,404
09/21/2020,ISP,NY,AEA,EN,Towers with Radar,7,9,30,0,46,0,11,133,3,147,7,20,163,3,193,290,0,290,483
09/22/2020,ISP,NY,AEA,EN,Towers with Radar,8,2,32,0,42,0,13,121,1,135,8,15,153,1,177,222,0,222,399
09/23/2020,ISP,NY,AEA,EN,Towers with Radar,6,4,40,0,50,0,11,184,4,199,6,15,224,4,249,286,10,296,545
09/24/2020,ISP,NY,AEA,EN,Towers with Radar,9,9,49,0,67,0,13,163,2,178,9,22,212,2,245,360,0,360,605
09/25/2020,ISP,NY,AEA,EN,Towers with Radar,12,11,38,2,63,0,13,127,0,140,12,24,165,2,203,296,0,296,499
09/26/2020,ISP,NY,AEA,EN,Towers with Radar,11,5,30,0,46,0,8,93,0,101,11,13,123,0,147,222,0,222,369
09/27/2020,ISP,NY,AEA,EN,Towers with Radar,11,12,37,0,60,0,0,11,0,11,11,12,48,0,71,36,0,36,107
09/28/2020,ISP,NY,AEA,EN,Towers with Radar,7,2,33,0,42,0,0,21,0,21,7,2,54,0,63,32,0,32,95
09/29/2020,ISP,NY,AEA,EN,Towers with Radar,8,3,36,1,48,0,1,9,1,11,8,4,45,2,59,10,0,10,69
09/30/2020,ISP,NY,AEA,EN,Towers with Radar,6,3,18,0,27,0,9,49,0,58,6,12,67,0,85,50,0,50,135
10/01/2020,ISP,NY,AEA,EN,Towers with Radar,9,10,43,1,63,0,17,202,5,224,9,27,245,6,287,324,0,324,611
10/02/2020,ISP,NY,AEA,EN,Towers with Radar,10,11,31,0,52,0,12,157,0,169,10,23,188,0,221,392,0,392,613
10/03/2020,ISP,NY,AEA,EN,Towers with Radar,9,10,38,0,57,0,25,198,0,223,9,35,236,0,280,312,0,312,592
10/04/2020,ISP,NY,AEA,EN,Towers with Radar,13,8,32,0,53,0,6,176,0,182,13,14,208,0,235,354,0,354,589
10/05/2020,ISP,NY,AEA,EN,Towers with Radar,14,7,46,0,67,0,2,55,0,57,14,9,101,0,124,260,0,260,384
10/06/2020,ISP,NY,AEA,EN,Towers with Radar,9,8,28,0,45,0,14,127,4,145,9,22,155,4,190,298,0,298,488
10/07/2020,ISP,NY,AEA,EN,Towers with Radar,11,13,16,0,40,0,7,52,3,62,11,20,68,3,102,122,0,122,224
10/08/2020,ISP,NY,AEA,EN,Towers with Radar,18,8,25,1,52,0,10,82,3,95,18,18,107,4,147,128,0,128,275
10/09/2020,ISP,NY,AEA,EN,Towers with Radar,16,14,31,0,61,0,17,176,1,194,16,31,207,1,255,310,0,310,565
10/10/2020,ISP,NY,AEA,EN,Towers with Radar,16,6,16,0,38,0,5,92,0,97,16,11,108,0,135,84,0,84,219
10/11/2020,ISP,NY,AEA,EN,Towers with Radar,17,8,35,0,60,0,3,131,0,134,17,11,166,0,194,348,0,348,542
10/12/2020,ISP,NY,AEA,EN,Towers with Radar,17,7,14,0,38,0,0,0,0,0,17,7,14,0,38,0,0,0,38
10/13/2020,ISP,NY,AEA,EN,Towers with Radar,13,5,21,0,39,0,1,0,0,1,13,6,21,0,40,0,0,0,40
10/14/2020,ISP,NY,AEA,EN,Towers with Radar,10,19,55,1,85,0,12,222,10,244,10,31,277,11,329,298,14,312,641
10/15/2020,ISP,NY,AEA,EN,Towers with Radar,15,13,26,3,57,0,9,111,11,131,15,22,137,14,188,164,18,182,370
10/16/2020,ISP,NY,AEA,EN,Towers with Radar,15,10,30,2,57,0,1,4,0,5,15,11,34,2,62,0,0,0,62
10/17/2020,ISP,NY,AEA,EN,Towers with Radar,16,7,39,2,64,0,26,163,10,199,16,33,202,12,263,402,0,402,665
10/18/2020,ISP,NY,AEA,EN,Towers with Radar,16,12,27,0,55,0,9,208,2,219,16,21,235,2,274,358,0,358,632
10/19/2020,ISP,NY,AEA,EN,Towers with Radar,15,14,35,0,64,0,9,126,2,137,15,23,161,2,201,356,0,356,557
10/20/2020,ISP,NY,AEA,EN,Towers with Radar,12,5,21,0,38,0,0,0,0,0,12,5,21,0,38,0,0,0,38
10/21/2020,ISP,NY,AEA,EN,Towers with Radar,10,3,47,0,60,0,0,0,0,0,10,3,47,0,60,0,0,0,60
10/22/2020,ISP,NY,AEA,EN,Towers with Radar,15,11,42,0,68,0,0,8,0,8,15,11,50,0,76,40,0,40,116
10/23/2020,ISP,NY,AEA,EN,Towers with Radar,16,11,45,0,72,0,0,0,0,0,16,11,45,0,72,0,0,0,72
10/24/2020,ISP,NY,AEA,EN,Towers with Radar,15,6,54,0,75,0,4,47,0,51,15,10,101,0,126,184,0,184,310
10/25/2020,ISP,NY,AEA,EN,Towers with Radar,15,8,46,0,69,0,4,226,2,232,15,12,272,2,301,484,0,484,785
10/26/2020,ISP,NY,AEA,EN,Towers with Radar,16,6,18,0,40,0,0,2,0,2,16,6,20,0,42,0,0,0,42
10/27/2020,ISP,NY,AEA,EN,Towers with Radar,11,6,38,0,55,0,19,153,3,175,11,25,191,3,230,288,0,288,518
10/28/2020,ISP,NY,AEA,EN,Towers with Radar,10,10,26,0,46,0,2,16,0,18,10,12,42,0,64,46,52,98,162
10/29/2020,ISP,NY,AEA,EN,Towers with Radar,15,11,14,0,40,0,1,0,0,1,15,12,14,0,41,0,0,0,41
10/30/2020,ISP,NY,AEA,EN,Towers with Radar,18,10,11,0,39,0,1,7,0,8,18,11,18,0,47,58,0,58,105
10/31/2020,ISP,NY,AEA,EN,Towers with Radar,14,11,49,0,74,0,10,238,0,248,14,21,287,0,322,478,0,478,800
11/01/2020,ISP,NY,AEA,EN,Towers with Radar,16,8,32,0,56,0,0,50,0,50,16,8,82,0,106,146,0,146,252
11/02/2020,ISP,NY,AEA,EN,Towers with Radar,18,7,4,0,29,0,2,6,1,9,18,9,10,1,38,10,0,10,48
11/03/2020,ISP,NY,AEA,EN,Towers with Radar,10,3,21,0,34,0,7,66,8,81,10,10,87,8,115,120,0,120,235
11/04/2020,ISP,NY,AEA,EN,Towers with Radar,9,8,53,2,72,0,16,217,11,244,9,24,270,13,316,358,0,358,674
11/05/2020,ISP,NY,AEA,EN,Towers with Radar,20,13,36,1,70,0,3,124,10,137,20,16,160,11,207,200,24,224,431
11/06/2020,ISP,NY,AEA,EN,Towers with Radar,21,11,34,1,67,0,10,137,7,154,21,21,171,8,221,204,0,204,425
11/07/2020,ISP,NY,AEA,EN,Towers with Radar,19,14,35,4,72,0,7,233,11,251,19,21,268,15,323,332,0,332,655
11/08/2020,ISP,NY,AEA,EN,Towers with Radar,18,10,37,2,67,0,5,197,5,207,18,15,234,7,274,378,0,378,652
11/09/2020,ISP,NY,AEA,EN,Towers with Radar,18,11,49,2,80,0,6,153,4,163,18,17,202,6,243,292,14,306,549
11/10/2020,ISP,NY,AEA,EN,Towers with Radar,7,10,38,4,59,0,7,161,2,170,7,17,199,6,229,372,0,372,601
11/11/2020,ISP,NY,AEA,EN,Towers with Radar,8,4,6,0,18,0,1,4,0,5,8,5,10,0,23,0,0,0,23
11/12/2020,ISP,NY,AEA,EN,Towers with Radar,19,15,18,0,52,0,2,11,5,18,19,17,29,5,70,62,32,94,164
11/13/2020,ISP,NY,AEA,EN,Towers with Radar,18,13,25,0,56,0,2,4,0,6,18,15,29,0,62,0,0,0,62
11/14/2020,ISP,NY,AEA,EN,Towers with Radar,18,5,41,0,64,0,8,195,0,203,18,13,236,0,267,346,0,346,613
11/15/2020,ISP,NY,AEA,EN,Towers with Radar,22,12,20,0,54,0,2,63,2,67,22,14,83,2,121,166,0,166,287
11/16/2020,ISP,NY,AEA,EN,Towers with Radar,19,8,13,0,40,0,9,57,0,66,19,17,70,0,106,184,0,184,290
11/17/2020,ISP,NY,AEA,EN,Towers with Radar,6,15,28,1,50,0,3,106,4,113,6,18,134,5,163,288,0,288,451
11/18/2020,ISP,NY,AEA,EN,Towers with Radar,7,3,23,4,37,0,7,80,13,100,7,10,103,17,137,48,22,70,207
11/19/2020,ISP,NY,AEA,EN,Towers with Radar,19,12,38,3,72,0,7,146,5,158,19,19,184,8,230,322,8,330,560
11/20/2020,ISP,NY,AEA,EN,Towers with Radar,19,11,47,0,77,0,13,134,4,151,19,24,181,4,228,210,0,210,438
11/21/2020,ISP,NY,AEA,EN,Towers with Radar,30,9,29,0,68,0,11,179,0,190,30,20,208,0,258,376,0,376,634
11/22/2020,ISP,NY,AEA,EN,Towers with Radar,20,10,24,0,54,0,0,49,0,49,20,10,73,0,103,332,0,332,435
11/23/2020,ISP,NY,AEA,EN,Towers with Radar,21,9,21,2,53,0,2,16,5,23,21,11,37,7,76,32,0,32,108
11/24/2020,ISP,NY,AEA,EN,Towers with Radar,17,18,46,0,81,0,6,185,9,200,17,24,231,9,281,424,0,424,705
11/25/2020,ISP,NY,AEA,EN,Towers with Radar,18,11,29,0,58,0,2,110,2,114,18,13,139,2,172,328,0,328,500
11/26/2020,ISP,NY,AEA,EN,Towers with Radar,12,4,5,0,21,0,0,0,0,0,12,4,5,0,21,0,0,0,21
11/27/2020,ISP,NY,AEA,EN,Towers with Radar,20,7,35,0,62,0,4,169,0,173,20,11,204,0,235,298,0,298,533
11/28/2020,ISP,NY,AEA,EN,Towers with Radar,26,10,31,0,67,0,6,185,0,191,26,16,216,0,258,252,0,252,510
11/29/2020,ISP,NY,AEA,EN,Towers with Radar,20,20,26,0,66,0,4,197,0,201,20,24,223,0,267,340,0,340,607
11/30/2020,ISP,NY,AEA,EN,Towers with Radar,20,6,7,0,33,0,0,0,0,0,20,6,7,0,33,0,0,0,33
12/01/2020,ISP,NY,AEA,EN,Towers with Radar,15,11,23,0,49,0,6,48,2,56,15,17,71,2,105,62,14,76,181
12/02/2020,ISP,NY,AEA,EN,Towers with Radar,8,6,23,3,40,0,3,84,9,96,8,9,107,12,136,220,0,220,356
12/03/2020,ISP,NY,AEA,EN,Towers with Radar,11,16,41,3,71,0,19,219,11,249,11,35,260,14,320,360,10,370,690
12/04/2020,ISP,NY,AEA,EN,Towers with Radar,12,15,23,1,51,0,20,82,2,104,12,35,105,3,155,362,0,362,517
12/05/2020,ISP,NY,AEA,EN,Towers with Radar,15,6,1,0,22,0,0,4,0,4,15,6,5,0,26,24,0,24,50
12/06/2020,ISP,NY,AEA,EN,Towers with Radar,11,13,23,0,47,0,9,92,0,101,11,22,115,0,148,150,0,150,298
12/07/2020,ISP,NY,AEA,EN,Towers with Radar,13,13,31,1,58,0,7,148,3,158,13,20,179,4,216,300,0,300,516
12/08/2020,ISP,NY,AEA,EN,Towers with Radar,7,7,11,0,25,0,6,55,4,65,7,13,66,4,90,268,10,278,368
12/09/2020,ISP,NY,AEA,EN,Towers with Radar,7,4,30,3,44,0,2,126,7,135,7,6,156,10,179,298,0,298,477
12/10/2020,ISP,NY,AEA,EN,Towers with Radar,11,12,30,2,55,0,10,143,14,167,11,22,173,16,222,278,36,314,536
12/11/2020,ISP,NY,AEA,EN,Towers with Radar,12,11,40,0,63,0,1,144,2,147,12,12,184,2,210,312,0,312,522
12/12/2020,ISP,NY,AEA,EN,Towers with Radar,18,2,21,0,41,0,0,0,0,0,18,2,21,0,41,0,0,0,41
12/13/2020,ISP,NY,AEA,EN,Towers with Radar,11,10,33,0,54,0,0,195,0,195,11,10,228,0,249,262,0,262,511
12/14/2020,ISP,NY,AEA,EN,Towers with Radar,11,12,16,0,39,0,0,6,0,6,11,12,22,0,45,30,0,30,75
12/15/2020,ISP,NY,AEA,EN,Towers with Radar,8,13,30,2,53,0,9,141,6,156,8,22,171,8,209,262,0,262,471
12/16/2020,ISP,NY,AEA,EN,Towers with Radar,2,10,15,2,29,0,3,50,3,56,2,13,65,5,85,234,0,234,319
12/17/2020,ISP,NY,AEA,EN,Towers with Radar,10,14,3,0,27,0,0,2,2,4,10,14,5,2,31,0,10,10,41
12/18/2020,ISP,NY,AEA,EN,Towers with Radar,19,32,15,0,66,0,11,58,2,71,19,43,73,2,137,78,0,78,215
12/19/2020,ISP,NY,AEA,EN,Towers with Radar,29,14,20,0,63,0,1,86,0,87,29,15,106,0,150,200,0,200,350
12/20/2020,ISP,NY,AEA,EN,Towers with Radar,18,11,14,0,43,0,0,36,0,36,18,11,50,0,79,70,0,70,149
12/21/2020,ISP,NY,AEA,EN,Towers with Radar,19,9,24,1,53,0,0,36,4,40,19,9,60,5,93,158,14,172,265
12/22/2020,ISP,NY,AEA,EN,Towers with Radar,20,8,19,0,47,0,6,83,2,91,20,14,102,2,138,194,0,194,332
12/23/2020,ISP,NY,AEA,EN,Towers with Radar,23,14,35,0,72,0,9,187,2,198,23,23,222,2,270,342,0,342,612
12/24/2020,ISP,NY,AEA,EN,Towers with Radar,14,8,8,0,30,0,3,25,0,28,14,11,33,0,58,50,0,50,108
12/25/2020,ISP,NY,AEA,EN,Towers with Radar,16,8,2,0,26,0,2,0,0,2,16,10,2,0,28,0,0,0,28
12/26/2020,ISP,NY,AEA,EN,Towers with Radar,32,19,16,0,67,0,5,97,0,102,32,24,113,0,169,126,0,126,295
12/27/2020,ISP,NY,AEA,EN,Towers with Radar,26,14,29,0,69,0,2,152,1,155,26,16,181,1,224,266,0,266,490
12/28/2020,ISP,NY,AEA,EN,Towers with Radar,22,9,36,1,68,0,12,85,5,102,22,21,121,6,170,256,8,264,434
12/29/2020,ISP,NY,AEA,EN,Towers with Radar,22,16,12,10,60,0,2,60,7,69,22,18,72,17,129,100,10,110,239
12/30/2020,ISP,NY,AEA,EN,Towers with Radar,21,21,21,0,63,0,8,217,4,229,21,29,238,4,292,356,0,356,648
12/31/2020,ISP,NY,AEA,EN,Towers with Radar,14,14,10,1,39,0,4,24,1,29,14,18,34,2,68,54,0,54,122
01/01/2021,ISP,NY,AEA,EN,Towers with Radar,16,7,12,0,35,0,2,58,0,60,16,9,70,0,95,82,0,82,177
01/02/2021,ISP,NY,AEA,EN,Towers with Radar,33,9,19,0,61,0,4,35,0,39,33,13,54,0,100,32,0,32,132
01/03/2021,ISP,NY,AEA,EN,Towers with Radar,26,37,31,0,94,0,0,5,2,7,26,37,36,2,101,132,0,132,233
01/04/2021,ISP,NY,AEA,EN,Towers with Radar,20,11,28,0,59,0,3,116,4,123,20,14,144,4,182,218,0,218,400
01/05/2021,ISP,NY,AEA,EN,Towers with Radar,24,7,34,0,65,0,11,126,6,143,24,18,160,6,208,328,0,328,536
01/06/2021,ISP,NY,AEA,EN,Towers with Radar,16,10,26,1,53,0,3,127,6,136,16,13,153,7,189,104,26,130,319
01/07/2021,ISP,NY,AEA,EN,Towers with Radar,14,7,28,2,51,0,3,141,5,149,14,10,169,7,200,270,16,286,486
01/08/2021,ISP,NY,AEA,EN,Towers with Radar,14,9,27,0,50,0,5,150,0,155,14,14,177,0,205,452,0,452,657
01/09/2021,ISP,NY,AEA,EN,Towers with Radar,15,4,26,0,45,0,7,140,0,147,15,11,166,0,192,236,0,236,428
01/10/2021,ISP,NY,AEA,EN,Towers with Radar,12,15,27,0,54,0,7,153,0,160,12,22,180,0,214,332,0,332,546
01/11/2021,ISP,NY,AEA,EN,Towers with Radar,9,11,20,3,43,0,6,121,5,132,9,17,141,8,175,428,2,430,605
01/12/2021,ISP,NY,AEA,EN,Towers with Radar,8,4,27,0,39,0,8,123,8,139,8,12,150,8,178,288,14,302,480
01/13/2021,ISP,NY,AEA,EN,Towers with Radar,8,10,44,1,63,0,8,140,4,152,8,18,184,5,215,352,42,394,609
01/14/2021,ISP,NY,AEA,EN,Towers with Radar,14,15,40,3,72,0,10,124,9,143,14,25,164,12,215,448,0,448,663
01/15/2021,ISP,NY,AEA,EN,Towers with Radar,14,19,15,0,48,0,0,13,0,13,14,19,28,0,61,0,0,0,61
01/16/2021,ISP,NY,AEA,EN,Towers with Radar,14,15,14,0,43,0,4,9,0,13,14,19,23,0,56,130,0,130,186
01/17/2021,ISP,NY,AEA,EN,Towers with Radar,16,12,18,0,46,0,2,40,0,42,16,14,58,0,88,38,0,38,126
01/18/2021,ISP,NY,AEA,EN,Towers with Radar,13,13,36,0,62,0,3,152,0,155,13,16,188,0,217,262,0,262,479
01/19/2021,ISP,NY,AEA,EN,Towers with Radar,9,8,22,0,39,0,7,99,7,113,9,15,121,7,152,262,16,278,430
01/20/2021,ISP,NY,AEA,EN,Towers with Radar,8,7,14,1,30,0,11,26,7,44,8,18,40,8,74,28,0,28,102
01/21/2021,ISP,NY,AEA,EN,Towers with Radar,14,8,39,0,61,0,7,143,1,151,14,15,182,1,212,316,0,316,528
01/22/2021,ISP,NY,AEA,EN,Towers with Radar,13,15,23,0,51,0,16,121,0,137,13,31,144,0,188,260,0,260,448
01/23/2021,ISP,NY,AEA,EN,Towers with Radar,13,6,11,0,30,0,0,22,8,30,13,6,33,8,60,8,0,8,68
01/24/2021,ISP,NY,AEA,EN,Towers with Radar,14,10,25,0,49,0,2,110,1,113,14,12,135,1,162,198,0,198,360
01/25/2021,ISP,NY,AEA,EN,Towers with Radar,14,12,33,0,59,0,8,160,2,170,14,20,193,2,229,356,0,356,585
01/26/2021,ISP,NY,AEA,EN,Towers with Radar,10,5,6,0,21,0,1,25,0,26,10,6,31,0,47,78,0,78,125
01/27/2021,ISP,NY,AEA,EN,Towers with Radar,8,6,13,0,27,0,3,26,3,32,8,9,39,3,59,138,0,138,197
01/28/2021,ISP,NY,AEA,EN,Towers with Radar,14,8,23,4,49,0,4,49,1,54,14,12,72,5,103,84,0,84,187
01/29/2021,ISP,NY,AEA,EN,Towers with Radar,13,9,9,0,31,0,3,4,0,7,13,12,13,0,38,0,0,0,38
01/30/2021,ISP,NY,AEA,EN,Towers with Radar,15,5,38,0,58,0,2,149,1,152,15,7,187,1,210,152,0,152,362
01/31/2021,ISP,NY,AEA,EN,Towers with Radar,7,11,45,0,63,0,2,147,0,149,7,13,192,0,212,398,0,398,610
02/01/2021,ISP,NY,AEA,EN,Towers with Radar,0,0,2,0,2,0,0,0,0,0,0,0,2,0,2,0,0,0,2
02/02/2021,ISP,NY,AEA,EN,Towers with Radar,5,6,10,0,21,0,0,1,0,1,5,6,11,0,22,0,0,0,22
02/03/2021,ISP,NY,AEA,EN,Towers with Radar,10,12,26,0,48,0,8,40,0,48,10,20,66,0,96,134,0,134,230
02/04/2021,ISP,NY,AEA,EN,Towers with Radar,12,10,35,0,57,0,11,137,4,152,12,21,172,4,209,192,0,192,401
02/05/2021,ISP,NY,AEA,EN,Towers with Radar,14,8,16,0,38,0,3,21,0,24,14,11,37,0,62,40,0,40,102
02/06/2021,ISP,NY,AEA,EN,Towers with Radar,15,6,34,0,55,0,8,116,0,124,15,14,150,0,179,178,0,178,357
02/07/2021,ISP,NY,AEA,EN,Towers with Radar,10,4,8,0,22,0,0,0,0,0,10,4,8,0,22,0,0,0,22
02/08/2021,ISP,NY,AEA,EN,Towers with Radar,13,19,31,1,64,0,13,87,9,109,13,32,118,10,173,30,2,32,205
02/09/2021,ISP,NY,AEA,EN,Towers with Radar,9,8,8,0,25,0,0,3,0,3,9,8,11,0,28,12,0,12,40
02/10/2021,ISP,NY,AEA,EN,Towers with Radar,8,22,52,0,82,0,16,142,7,165,8,38,194,7,247,374,28,402,649
02/11/2021,ISP,NY,AEA,EN,Towers with Radar,15,16,17,1,49,0,2,44,7,53,15,18,61,8,102,108,26,134,236
02/12/2021,ISP,NY,AEA,EN,Towers with Radar,16,19,30,0,65,0,11,147,2,160,16,30,177,2,225,210,0,210,435
02/13/2021,ISP,NY,AEA,EN,Towers with Radar,16,8,40,0,64,0,5,106,0,111,16,13,146,0,175,242,0,242,417
02/14/2021,ISP,NY,AEA,EN,Towers with Radar,18,9,4,0,31,0,4,5,0,9,18,13,9,0,40,92,0,92,132
02/15/2021,ISP,NY,AEA,EN,Towers with Radar,12,5,9,0,26,0,0,0,0,0,12,5,9,0,26,16,0,16,42
02/16/2021,ISP,NY,AEA,EN,Towers with Radar,12,6,18,0,36,0,9,24,2,35,12,15,42,2,71,102,26,128,199
02/17/2021,ISP,NY,AEA,EN,Towers with Radar,11,14,52,10,87,0,9,170,11,190,11,23,222,21,277,392,0,392,669
02/18/2021,ISP,NY,AEA,EN,Towers with Radar,13,1,8,0,22,0,0,0,0,0,13,1,8,0,22,0,0,0,22
02/19/2021,ISP,NY,AEA,EN,Towers with Radar,13,14,18,0,45,0,0,0,0,0,13,14,18,0,45,0,0,0,45
02/20/2021,ISP,NY,AEA,EN,Towers with Radar,18,19,29,0,66,0,2,59,2,63,18,21,88,2,129,172,0,172,301
02/21/2021,ISP,NY,AEA,EN,Towers with Radar,18,11,33,0,62,0,2,157,0,159,18,13,190,0,221,256,0,256,477
02/22/2021,ISP,NY,AEA,EN,Towers with Radar,10,16,15,0,41,0,1,27,2,30,10,17,42,2,71,66,0,66,137
02/23/2021,ISP,NY,AEA,EN,Towers with Radar,12,5,28,2,47,0,8,73,4,85,12,13,101,6,132,174,0,174,306
02/24/2021,ISP,NY,AEA,EN,Towers with Radar,11,19,33,0,63,0,10,155,8,173,11,29,188,8,236,308,0,308,544
02/25/2021,ISP,NY,AEA,EN,Towers with Radar,16,8,25,1,50,0,4,75,6,85,16,12,100,7,135,70,6,76,211
02/26/2021,ISP,NY,AEA,EN,Towers with Radar,16,21,44,1,82,0,20,204,9,233,16,41,248,10,315,440,0,440,755
02/27/2021,ISP,NY,AEA,EN,Towers with Radar,20,9,22,0,51,0,0,5,0,5,20,9,27,0,56,6,0,6,62
02/28/2021,ISP,NY,AEA,EN,Towers with Radar,18,17,29,0,64,0,2,86,2,90,18,19,115,2,154,272,0,272,426
03/01/2021,ISP,NY,AEA,EN,Towers with Radar,12,7,6,0,25,0,2,15,4,21,12,9,21,4,46,6,0,6,52
03/02/2021,ISP,NY,AEA,EN,Towers with Radar,12,4,5,0,21,0,3,11,0,14,12,7,16,0,35,0,0,0,35
03/03/2021,ISP,NY,AEA,EN,Towers with Radar,10,8,57,2,77,0,18,177,7,202,10,26,234,9,279,400,26,426,705
03/04/2021,ISP,NY,AEA,EN,Towers with Radar,14,19,22,1,56,0,11,85,12,108,14,30,107,13,164,66,10,76,240
03/05/2021,ISP,NY,AEA,EN,Towers with Radar,18,15,17,0,50,0,4,40,2,46,18,19,57,2,96,44,0,44,140
03/06/2021,ISP,NY,AEA,EN,Towers with Radar,18,8,23,0,49,0,5,115,0,120,18,13,138,0,169,300,0,300,469
03/07/2021,ISP,NY,AEA,EN,Towers with Radar,24,9,37,0,70,0,2,177,0,179,24,11,214,0,249,388,0,388,637
03/08/2021,ISP,NY,AEA,EN,Towers with Radar,24,7,37,1,69,0,16,110,7,133,24,23,147,8,202,442,0,442,644
03/09/2021,ISP,NY,AEA,EN,Towers with Radar,14,8,26,1,49,0,16,119,8,143,14,24,145,9,192,328,0,328,520
03/10/2021,ISP,NY,AEA,EN,Towers with Radar,12,6,38,0,56,0,8,153,6,167,12,14,191,6,223,424,0,424,647
03/11/2021,ISP,NY,AEA,EN,Towers with Radar,16,18,41,1,76,0,8,98,14,120,16,26,139,15,196,262,18,280,476
03/12/2021,ISP,NY,AEA,EN,Towers with Radar,19,20,27,2,68,0,14,127,2,143,19,34,154,4,211,378,0,378,589
03/13/2021,ISP,NY,AEA,EN,Towers with Radar,20,7,25,0,52,0,3,111,0,114,20,10,136,0,166,152,0,152,318
03/14/2021,ISP,NY,AEA,EN,Towers with Radar,22,10,9,0,41,0,6,44,0,50,22,16,53,0,91,44,0,44,135
03/15/2021,ISP,NY,AEA,EN,Towers with Radar,20,15,21,1,57,0,3,43,3,49,20,18,64,4,106,14,4,18,124
03/16/2021,ISP,NY,AEA,EN,Towers with Radar,20,10,34,1,65,0,6,154,2,162,20,16,188,3,227,328,6,334,561
03/17/2021,ISP,NY,AEA,EN,Towers with Radar,16,8,29,0,53,0,4,46,3,53,16,12,75,3,106,282,0,282,388
03/18/2021,ISP,NY,AEA,EN,Towers with Radar,18,11,22,0,51,0,1,1,0,2,18,12,23,0,53,0,0,0,53
03/19/2021,ISP,NY,AEA,EN,Towers with Radar,20,12,10,4,46,0,3,19,6,28,20,15,29,10,74,0,26,26,100
03/20/2021,ISP,NY,AEA,EN,Towers with Radar,18,13,37,2,70,0,11,219,6,236,18,24,256,8,306,462,0,462,768
03/21/2021,ISP,NY,AEA,EN,Towers with Radar,20,12,31,0,63,0,4,231,3,238,20,16,262,3,301,390,0,390,691
03/22/2021,ISP,NY,AEA,EN,Towers with Radar,19,13,24,0,56,0,15,153,0,168,19,28,177,0,224,382,0,382,606
03/23/2021,ISP,NY,AEA,EN,Towers with Radar,17,9,47,1,74,0,0,123,9,132,17,9,170,10,206,294,0,294,500
03/24/2021,ISP,NY,AEA,EN,Towers with Radar,16,11,25,0,52,0,5,17,0,22,16,16,42,0,74,36,0,36,110
03/25/2021,ISP,NY,AEA,EN,Towers with Radar,19,16,35,7,77,0,0,38,4,42,19,16,73,11,119,152,0,152,271
03/26/2021,ISP,NY,AEA,EN,Towers with Radar,23,15,13,0,51,0,0,4,0,4,23,15,17,0,55,0,0,0,55
03/27/2021,ISP,NY,AEA,EN,Towers with Radar,21,13,52,1,87,0,13,225,1,239,21,26,277,2,326,372,0,372,698
03/28/2021,ISP,NY,AEA,EN,Towers with Radar,30,24,17,0,71,0,1,3,0,4,30,25,20,0,75,48,0,48,123
03/29/2021,ISP,NY,AEA,EN,Towers with Radar,20,12,13,3,48,0,6,22,1,29,20,18,35,4,77,84,0,84,161
03/30/2021,ISP,NY,AEA,EN,Towers with Radar,18,8,47,0,73,0,8,204,5,217,18,16,251,5,290,288,0,288,578
03/31/2021,ISP,NY,AEA,EN,Towers with Radar,21,5,22,1,49,0,2,57,3,62,21,7,79,4,111,62,0,62,173
04/01/2021,ISP,NY,AEA,EN,Towers with Radar,20,11,16,1,48,0,4,15,3,22,20,15,31,4,70,0,0,0,70
04/02/2021,ISP,NY,AEA,EN,Towers with Radar,23,17,45,1,86,0,12,134,7,153,23,29,179,8,239,268,0,268,507
04/03/2021,ISP,NY,AEA,EN,Towers with Radar,19,15,34,0,68,0,10,215,0,225,19,25,249,0,293,380,0,380,673
04/04/2021,ISP,NY,AEA,EN,Towers with Radar,20,10,34,0,64,0,4,144,0,148,20,14,178,0,212,372,0,372,584
04/05/2021,ISP,NY,AEA,EN,Towers with Radar,24,22,29,2,77,0,7,110,10,127,24,29,139,12,204,80,0,80,284
04/06/2021,ISP,NY,AEA,EN,Towers with Radar,21,13,28,0,62,0,23,137,12,172,21,36,165,12,234,314,6,320,554
04/07/2021,ISP,NY,AEA,EN,Towers with Radar,20,14,40,1,75,0,25,169,8,202,20,39,209,9,277,572,12,584,861
04/08/2021,ISP,NY,AEA,EN,Towers with Radar,18,9,50,2,79,0,21,200,13,234,18,30,250,15,313,426,30,456,769
04/09/2021,ISP,NY,AEA,EN,Towers with Radar,22,10,35,0,67,0,2,35,0,37,22,12,70,0,104,144,0,144,248
04/10/2021,ISP,NY,AEA,EN,Towers with Radar,22,6,45,0,73,0,2,45,0,47,22,8,90,0,120,196,0,196,316
04/11/2021,ISP,NY,AEA,EN,Towers with Radar,13,15,16,0,44,0,0,0,0,0,13,15,16,0,44,0,0,0,44
04/12/2021,ISP,NY,AEA,EN,Towers with Radar,19,8,27,0,54,0,2,22,4,28,19,10,49,4,82,56,0,56,138
04/13/2021,ISP,NY,AEA,EN,Towers with Radar,18,8,40,17,83,0,17,148,6,171,18,25,188,23,254,412,0,412,666
04/14/2021,ISP,NY,AEA,EN,Towers with Radar,18,12,30,5,65,0,13,166,9,188,18,25,196,14,253,370,28,398,651
04/15/2021,ISP,NY,AEA,EN,Towers with Radar,22,12,22,0,56,0,0,0,0,0,22,12,22,0,56,0,0,0,56
04/16/2021,ISP,NY,AEA,EN,Towers with Radar,20,10,29,0,59,0,2,44,4,50,20,12,73,4,109,110,22,132,241
04/17/2021,ISP,NY,AEA,EN,Towers with Radar,24,8,33,0,65,0,16,156,0,172,24,24,189,0,237,426,0,426,663
04/18/2021,ISP,NY,AEA,EN,Towers with Radar,24,12,44,0,80,0,6,208,2,216,24,18,252,2,296,442,0,442,738
04/19/2021,ISP,NY,AEA,EN,Towers with Radar,26,21,32,0,79,0,14,165,4,183,26,35,197,4,262,318,0,318,580
04/20/2021,ISP,NY,AEA,EN,Towers with Radar,20,15,39,1,75,0,19,162,8,189,20,34,201,9,264,310,4,314,578
04/21/2021,ISP,NY,AEA,EN,Towers with Radar,18,3,10,2,33,0,4,27,10,41,18,7,37,12,74,98,8,106,180
04/22/2021,ISP,NY,AEA,EN,Towers with Radar,23,11,9,4,47,0,5,18,8,31,23,16,27,12,78,14,6,20,98
04/23/2021,ISP,NY,AEA,EN,Towers with Radar,25,16,44,0,85,0,18,75,2,95,25,34,119,2,180,104,0,104,284
04/24/2021,ISP,NY,AEA,EN,Towers with Radar,24,5,54,3,86,0,10,258,7,275,24,15,312,10,361,482,0,482,843
04/25/2021,ISP,NY,AEA,EN,Towers with Radar,22,15,24,0,61,0,5,21,0,26,22,20,45,0,87,138,0,138,225
04/26/2021,ISP,NY,AEA,EN,Towers with Radar,22,12,19,0,53,0,2,66,4,72,22,14,85,4,125,84,4,88,213
04/27/2021,ISP,NY,AEA,EN,Towers with Radar,20,12,51,0,83,0,5,196,6,207,20,17,247,6,290,372,2,374,664
04/28/2021,ISP,NY,AEA,EN,Towers with Radar,20,13,37,2,72,0,7,187,16,210,20,20,224,18,282,414,20,434,716
04/29/2021,ISP,NY,AEA,EN,Towers with Radar,24,16,31,0,71,0,2,44,3,49,24,18,75,3,120,258,10,268,388
04/30/2021,ISP,NY,AEA,EN,Towers with Radar,19,18,15,0,52,0,3,18,2,23,19,21,33,2,75,46,0,46,121
05/01/2021,ISP,NY,AEA,EN,Towers with Radar,26,12,24,0,62,0,4,136,0,140,26,16,160,0,202,318,0,318,520
05/02/2021,ISP,NY,AEA,EN,Towers with Radar,22,19,46,0,87,0,7,212,0,219,22,26,258,0,306,346,0,346,652
05/03/2021,ISP,NY,AEA,EN,Towers with Radar,24,10,37,0,71,0,9,99,2,110,24,19,136,2,181,352,0,352,533
05/04/2021,ISP,NY,AEA,EN,Towers with Radar,17,6,31,0,54,0,3,24,0,27,17,9,55,0,81,168,12,180,261
05/05/2021,ISP,NY,AEA,EN,Towers with Radar,19,8,21,0,48,0,0,1,0,1,19,8,22,0,49,0,0,0,49
05/06/2021,ISP,NY,AEA,EN,Towers with Radar,21,17,40,0,78,0,14,204,12,230,21,31,244,12,308,326,4,330,638
05/07/2021,ISP,NY,AEA,EN,Towers with Radar,21,9,24,0,54,0,15,179,6,200,21,24,203,6,254,530,0,530,784
05/08/2021,ISP,NY,AEA,EN,Towers with Radar,24,12,16,1,53,0,4,91,1,96,24,16,107,2,149,316,0,316,465
05/09/2021,ISP,NY,AEA,EN,Towers with Radar,21,12,27,0,60,0,5,104,2,111,21,17,131,2,171,188,0,188,359
05/10/2021,ISP,NY,AEA,EN,Towers with Radar,25,12,25,1,63,0,8,57,3,68,25,20,82,4,131,214,26,240,371
05/11/2021,ISP,NY,AEA,EN,Towers with Radar,19,11,38,1,69,0,11,113,9,133,19,22,151,10,202,270,0,270,472
05/12/2021,ISP,NY,AEA,EN,Towers with Radar,21,13,29,5,68,0,6,181,8,195,21,19,210,13,263,374,0,374,637
05/13/2021,ISP,NY,AEA,EN,Towers with Radar,23,19,29,2,73,0,10,193,9,212,23,29,222,11,285,422,24,446,731
05/14/2021,ISP,NY,AEA,EN,Towers with Radar,24,16,32,0,72,0,10,189,7,206,24,26,221,7,278,372,0,372,650
05/15/2021,ISP,NY,AEA,EN,Towers with Radar,25,7,31,0,63,0,4,215,5,224,25,11,246,5,287,500,8,508,795
05/16/2021,ISP,NY,AEA,EN,Towers with Radar,21,17,42,0,80,0,4,176,2,182,21,21,218,2,262,324,0,324,586
05/17/2021,ISP,NY,AEA,EN,Towers with Radar,25,17,33,0,75,0,12,159,6,177,25,29,192,6,252,390,0,390,642
05/18/2021,ISP,NY,AEA,EN,Towers with Radar,19,14,35,1,69,0,17,163,5,185,19,31,198,6,254,318,0,318,572
05/19/2021,ISP,NY,AEA,EN,Towers with Radar,22,16,35,1,74,0,15,218,8,241,22,31,253,9,315,400,2,402,717
05/20/2021,ISP,NY,AEA,EN,Towers with Radar,25,19,46,1,91,0,21,172,5,198,25,40,218,6,289,410,0,410,699
05/21/2021,ISP,NY,AEA,EN,Towers with Radar,24,9,30,1,64,0,8,162,3,173,24,17,192,4,237,276,0,276,513
05/22/2021,ISP,NY,AEA,EN,Towers with Radar,25,19,31,0,75,0,9,182,5,196,25,28,213,5,271,432,4,436,707
05/23/2021,ISP,NY,AEA,EN,Towers with Radar,21,11,26,1,59,0,4,141,1,146,21,15,167,2,205,286,32,318,523
05/24/2021,ISP,NY,AEA,EN,Towers with Radar,26,9,34,1,70,0,10,138,2,150,26,19,172,3,220,254,1,255,475
05/25/2021,ISP,NY,AEA,EN,Towers with Radar,20,16,41,0,77,0,12,151,4,167,20,28,192,4,244,300,0,300,544
05/26/2021,ISP,NY,AEA,EN,Towers with Radar,22,14,39,1,76,0,0,8,2,10,22,14,47,3,86,0,0,0,86
05/27/2021,ISP,NY,AEA,EN,Towers with Radar,24,21,41,5,91,0,13,191,13,217,24,34,232,18,308,288,12,300,608
05/28/2021,ISP,NY,AEA,EN,Towers with Radar,22,13,23,4,62,0,2,84,9,95,22,15,107,13,157,38,0,38,195
05/29/2021,ISP,NY,AEA,EN,Towers with Radar,20,5,5,0,30,0,0,2,0,2,20,5,7,0,32,0,0,0,32
05/30/2021,ISP,NY,AEA,EN,Towers with Radar,20,6,5,0,31,0,0,1,0,1,20,6,6,0,32,0,0,0,32
05/31/2021,ISP,NY,AEA,EN,Towers with Radar,26,15,32,1,74,0,2,49,2,53,26,17,81,3,127,206,0,206,333
06/01/2021,ISP,NY,AEA,EN,Towers with Radar,20,7,36,1,64,0,6,188,7,201,20,13,224,8,265,366,0,366,631
06/02/2021,ISP,NY,AEA,EN,Towers with Radar,22,9,44,3,78,0,9,217,6,232,22,18,261,9,310,366,2,368,678
06/03/2021,ISP,NY,AEA,EN,Towers with Radar,22,13,20,0,55,0,0,0,0,0,22,13,20,0,55,0,0,0,55
06/04/2021,ISP,NY,AEA,EN,Towers with Radar,22,21,30,5,78,0,0,4,0,4,22,21,34,5,82,0,0,0,82
06/05/2021,ISP,NY,AEA,EN,Towers with Radar,20,14,44,0,78,0,5,193,4,202,20,19,237,4,280,306,2,308,588
06/06/2021,ISP,NY,AEA,EN,Towers with Radar,22,14,28,0,64,0,7,214,8,229,22,21,242,8,293,442,0,442,735
06/07/2021,ISP,NY,AEA,EN,Towers with Radar,23,13,35,1,72,0,9,169,3,181,23,22,204,4,253,434,0,434,687
06/08/2021,ISP,NY,AEA,EN,Towers with Radar,19,11,17,3,50,0,3,107,5,115,19,14,124,8,165,154,0,154,319
06/09/2021,ISP,NY,AEA,EN,Towers with Radar,22,13,51,1,87,0,11,143,7,161,22,24,194,8,248,330,0,330,578
06/10/2021,ISP,NY,AEA,EN,Towers with Radar,23,17,35,0,75,0,8,191,12,211,23,25,226,12,286,342,16,358,644
06/11/2021,ISP,NY,AEA,EN,Towers with Radar,25,17,31,0,73,0,6,142,5,153,25,23,173,5,226,242,0,242,468
06/12/2021,ISP,NY,AEA,EN,Towers with Radar,25,8,36,2,71,0,4,130,4,138,25,12,166,6,209,372,0,372,581
06/13/2021,ISP,NY,AEA,EN,Towers with Radar,23,26,43,1,93,0,3,160,0,163,23,29,203,1,256,182,0,182,438
06/14/2021,ISP,NY,AEA,EN,Towers with Radar,25,10,22,0,57,0,0,38,0,38,25,10,60,0,95,162,0,162,257
06/15/2021,ISP,NY,AEA,EN,Towers with Radar,19,16,31,2,68,0,13,85,8,106,19,29,116,10,174,290,0,290,464
06/16/2021,ISP,NY,AEA,EN,Towers with Radar,23,25,32,6,86,0,15,205,8,228,23,40,237,14,314,340,0,340,654
06/17/2021,ISP,NY,AEA,EN,Towers with Radar,24,16,37,0,77,0,20,185,7,212,24,36,222,7,289,382,0,382,671
06/18/2021,ISP,NY,AEA,EN,Towers with Radar,26,16,34,0,76,0,13,188,0,201,26,29,222,0,277,242,0,242,519
06/19/2021,ISP,NY,AEA,EN,Towers with Radar,25,9,25,0,59,0,4,155,0,159,25,13,180,0,218,292,0,292,510
06/20/2021,ISP,NY,AEA,EN,Towers with Radar,26,22,38,0,86,0,6,171,0,177,26,28,209,0,263,340,0,340,603
06/21/2021,ISP,NY,AEA,EN,Towers with Radar,21,15,35,0,71,0,0,8,0,8,21,15,43,0,79,0,0,0,79
06/22/2021,ISP,NY,AEA,EN,Towers with Radar,21,8,29,1,59,0,8,38,1,47,21,16,67,2,106,148,0,148,254
06/23/2021,ISP,NY,AEA,EN,Towers with Radar,24,21,35,1,81,0,18,232,10,260,24,39,267,11,341,512,0,512,853
06/24/2021,ISP,NY,AEA,EN,Towers with Radar,25,20,55,3,103,0,15,197,10,222,25,35,252,13,325,410,0,410,735
06/25/2021,ISP,NY,AEA,EN,Towers with Radar,26,11,38,0,75,0,4,66,4,74,26,15,104,4,149,182,0,182,331
06/26/2021,ISP,NY,AEA,EN,Towers with Radar,23,12,36,0,71,0,0,17,0,17,23,12,53,0,88,30,0,30,118
06/27/2021,ISP,NY,AEA,EN,Towers with Radar,23,22,28,0,73,0,2,68,0,70,23,24,96,0,143,92,0,92,235
06/28/2021,ISP,NY,AEA,EN,Towers with Radar,27,15,52,1,95,0,13,223,6,242,27,28,275,7,337,376,0,376,713
06/29/2021,ISP,NY,AEA,EN,Towers with Radar,24,9,41,9,83,0,11,211,9,231,24,20,252,18,314,442,0,442,756
06/30/2021,ISP,NY,AEA,EN,Towers with Radar,24,16,49,1,90,0,5,193,13,211,24,21,242,14,301,322,0,322,623
07/01/2021,ISP,NY,AEA,EN,Towers with Radar,20,15,37,1,73,0,5,79,1,85,20,20,116,2,158,188,0,188,346
07/02/2021,ISP,NY,AEA,EN,Towers with Radar,26,12,38,0,76,0,2,25,0,27,26,14,63,0,103,24,0,24,127
07/03/2021,ISP,NY,AEA,EN,Towers with Radar,23,11,30,0,64,0,0,3,0,3,23,11,33,0,67,0,0,0,67
07/04/2021,ISP,NY,AEA,EN,Towers with Radar,24,8,33,0,65,0,8,86,0,94,24,16,119,0,159,162,0,162,321
07/05/2021,ISP,NY,AEA,EN,Towers with Radar,26,16,73,0,115,0,1,76,0,77,26,17,149,0,192,226,0,226,418
07/06/2021,ISP,NY,AEA,EN,Towers with Radar,20,15,40,1,76,0,11,170,7,188,20,26,210,8,264,320,0,320,584
07/07/2021,ISP,NY,AEA,EN,Towers with Radar,28,14,39,1,82,0,13,224,11,248,28,27,263,12,330,438,16,454,784
07/08/2021,ISP,NY,AEA,EN,Towers with Radar,23,21,38,10,92,0,2,12,2,16,23,23,50,12,108,2,10,12,120
07/09/2021,ISP,NY,AEA,EN,Towers with Radar,25,12,20,0,57,0,2,34,0,36,25,14,54,0,93,92,0,92,185
07/10/2021,ISP,NY,AEA,EN,Towers with Radar,25,21,56,0,102,0,6,83,0,89,25,27,139,0,191,334,0,334,525
07/11/2021,ISP,NY,AEA,EN,Towers with Radar,24,18,72,0,114,0,3,21,2,26,24,21,93,2,140,58,0,58,198
07/12/2021,ISP,NY,AEA,EN,Towers with Radar,23,15,28,1,67,0,0,4,0,4,23,15,32,1,71,4,0,4,75
07/13/2021,ISP,NY,AEA,EN,Towers with Radar,30,9,24,3,66,0,0,0,1,1,30,9,24,4,67,0,0,0,67
07/14/2021,ISP,NY,AEA,EN,Towers with Radar,28,14,55,5,102,0,4,112,4,120,28,18,167,9,222,270,0,270,492
07/15/2021,ISP,NY,AEA,EN,Towers with Radar,25,17,43,0,85,0,18,261,6,285,25,35,304,6,370,308,0,308,678
07/16/2021,ISP,NY,AEA,EN,Towers with Radar,25,10,42,0,77,0,10,193,2,205,25,20,235,2,282,380,0,380,662
07/17/2021,ISP,NY,AEA,EN,Towers with Radar,24,10,33,0,67,0,0,130,3,133,24,10,163,3,200,270,0,270,470
07/18/2021,ISP,NY,AEA,EN,Towers with Radar,23,12,53,3,91,0,6,49,8,63,23,18,102,11,154,232,16,248,402
07/19/2021,ISP,NY,AEA,EN,Towers with Radar,24,12,38,2,76,0,4,115,9,128,24,16,153,11,204,388,26,414,618
07/20/2021,ISP,NY,AEA,EN,Towers with Radar,24,14,46,0,84,0,5,151,11,167,24,19,197,11,251,416,8,424,675
07/21/2021,ISP,NY,AEA,EN,Towers with Radar,27,19,30,0,76,0,12,100,11,123,27,31,130,11,199,278,0,278,477
07/22/2021,ISP,NY,AEA,EN,Towers with Radar,24,9,41,0,74,0,13,245,6,264,24,22,286,6,338,388,0,388,726
07/23/2021,ISP,NY,AEA,EN,Towers with Radar,26,13,41,0,80,0,12,224,3,239,26,25,265,3,319,350,0,350,669
07/24/2021,ISP,NY,AEA,EN,Towers with Radar,25,14,30,1,70,0,3,216,3,222,25,17,246,4,292,304,0,304,596
07/25/2021,ISP,NY,AEA,EN,Towers with Radar,24,14,50,1,89,0,0,27,0,27,24,14,77,1,116,28,0,28,144
07/26/2021,ISP,NY,AEA,EN,Towers with Radar,26,22,51,2,101,0,5,170,0,175,26,27,221,2,276,378,0,378,654
07/27/2021,ISP,NY,AEA,EN,Towers with Radar,25,12,45,0,82,0,15,224,2,241,25,27,269,2,323,264,0,264,587
07/28/2021,ISP,NY,AEA,EN,Towers with Radar,30,8,38,0,76,0,29,161,2,192,30,37,199,2,268,408,0,408,676
07/29/2021,ISP,NY,AEA,EN,Towers with Radar,23,11,30,0,64,0,4,40,4,48,23,15,70,4,112,138,0,138,250
07/30/2021,ISP,NY,AEA,EN,Towers with Radar,27,16,48,1,92,0,8,170,1,179,27,24,218,2,271,274,4,278,549
07/31/2021,ISP,NY,AEA,EN,Towers with Radar,25,16,39,0,80,0,12,234,4,250,25,28,273,4,330,350,0,350,680
08/01/2021,ISP,NY,AEA,EN,Towers with Radar,22,30,42,1,95,0,4,147,3,154,22,34,189,4,249,268,0,268,517
08/02/2021,ISP,NY,AEA,EN,Towers with Radar,26,11,46,0,83,0,11,151,6,168,26,22,197,6,251,316,0,316,567
08/03/2021,ISP,NY,AEA,EN,Towers with Radar,25,24,41,2,92,0,11,178,7,196,25,35,219,9,288,390,0,390,678
08/04/2021,ISP,NY,AEA,EN,Towers with Radar,29,14,49,0,92,0,6,135,8,149,29,20,184,8,241,274,0,274,515
08/05/2021,ISP,NY,AEA,EN,Towers with Radar,27,15,51,0,93,0,4,39,2,45,27,19,90,2,138,154,0,154,292
08/06/2021,ISP,NY,AEA,EN,Towers with Radar,26,16,60,0,102,0,17,241,4,262,26,33,301,4,364,432,0,432,796
08/07/2021,ISP,NY,AEA,EN,Towers with Radar,25,9,36,1,71,0,4,182,1,187,25,13,218,2,258,262,0,262,520
08/08/2021,ISP,NY,AEA,EN,Towers with Radar,25,19,37,0,81,0,1,25,0,26,25,20,62,0,107,190,0,190,297
08/09/2021,ISP,NY,AEA,EN,Towers with Radar,28,21,50,0,99,0,2,17,0,19,28,23,67,0,118,2,0,2,120
08/10/2021,ISP,NY,AEA,EN,Towers with Radar,23,13,55,5,96,0,4,40,5,49,23,17,95,10,145,76,0,76,221
08/11/2021,ISP,NY,AEA,EN,Towers with Radar,25,10,57,5,97,0,6,167,5,178,25,16,224,10,275,384,22,406,681
08/12/2021,ISP,NY,AEA,EN,Towers with Radar,25,14,54,0,93,0,5,182,8,195,25,19,236,8,288,288,16,304,592
08/13/2021,ISP,NY,AEA,EN,Towers with Radar,25,8,40,0,73,0,8,181,2,191,25,16,221,2,264,294,0,294,558
08/14/2021,ISP,NY,AEA,EN,Towers with Radar,26,6,26,0,58,0,8,117,0,125,26,14,143,0,183,298,0,298,481
08/15/2021,ISP,NY,AEA,EN,Towers with Radar,28,12,27,0,67,0,1,225,2,228,28,13,252,2,295,276,0,276,571
08/16/2021,ISP,NY,AEA,EN,Towers with Radar,27,14,26,0,67,0,9,192,9,210,27,23,218,9,277,298,0,298,575
08/17/2021,ISP,NY,AEA,EN,Towers with Radar,25,19,43,8,95,0,17,160,3,180,25,36,203,11,275,234,0,234,509
08/18/2021,ISP,NY,AEA,EN,Towers with Radar,27,11,49,0,87,0,7,77,2,86,27,18,126,2,173,186,0,186,359
08/19/2021,ISP,NY,AEA,EN,Towers with Radar,25,11,34,1,71,0,2,53,4,59,25,13,87,5,130,48,0,48,178
08/20/2021,ISP,NY,AEA,EN,Towers with Radar,28,15,59,0,102,0,12,187,3,202,28,27,246,3,304,280,0,280,584
08/21/2021,ISP,NY,AEA,EN,Towers with Radar,26,19,40,0,85,0,2,60,0,62,26,21,100,0,147,162,0,162,309
08/22/2021,ISP,NY,AEA,EN,Towers with Radar,0,1,4,0,5,0,0,0,0,0,0,1,4,0,5,0,0,0,5
08/23/2021,ISP,NY,AEA,EN,Towers with Radar,22,15,29,0,66,0,0,0,0,0,22,15,29,0,66,18,0,18,84
08/24/2021,ISP,NY,AEA,EN,Towers with Radar,24,10,43,0,77,0,12,204,8,224,24,22,247,8,301,390,0,390,691
08/25/2021,ISP,NY,AEA,EN,Towers with Radar,26,12,42,2,82,0,14,274,10,298,26,26,316,12,380,436,8,444,824
08/26/2021,ISP,NY,AEA,EN,Towers with Radar,26,14,47,1,88,0,8,180,9,197,26,22,227,10,285,442,12,454,739
08/27/2021,ISP,NY,AEA,EN,Towers with Radar,28,17,19,0,64,0,6,163,6,175,28,23,182,6,239,286,0,286,525
08/28/2021,ISP,NY,AEA,EN,Towers with Radar,30,11,21,0,62,0,6,55,0,61,30,17,76,0,123,142,0,142,265
08/29/2021,ISP,NY,AEA,EN,Towers with Radar,26,24,52,0,102,0,5,29,0,34,26,29,81,0,136,108,0,108,244
08/30/2021,ISP,NY,AEA,EN,Towers with Radar,26,15,32,0,73,0,0,46,0,46,26,15,78,0,119,78,0,78,197
08/31/2021,ISP,NY,AEA,EN,Towers with Radar,24,13,34,2,73,0,16,163,12,191,24,29,197,14,264,384,0,384,648
09/01/2021,ISP,NY,AEA,EN,Towers with Radar,25,13,7,0,45,0,6,16,0,22,25,19,23,0,67,112,0,112,179
09/02/2021,ISP,NY,AEA,EN,Towers with Radar,25,11,17,2,55,0,15,48,4,67,25,26,65,6,122,34,4,38,160
09/03/2021,ISP,NY,AEA,EN,Towers with Radar,27,10,37,1,75,0,17,215,3,235,27,27,252,4,310,288,0,288,598
09/04/2021,ISP,NY,AEA,EN,Towers with Radar,27,11,30,0,68,0,8,205,2,215,27,19,235,2,283,350,0,350,633
09/05/2021,ISP,NY,AEA,EN,Towers with Radar,26,9,36,0,71,0,2,78,0,80,26,11,114,0,151,148,0,148,299
09/06/2021,ISP,NY,AEA,EN,Towers with Radar,27,19,36,0,82,0,0,116,0,116,27,19,152,0,198,282,0,282,480
09/07/2021,ISP,NY,AEA,EN,Towers with Radar,23,11,40,0,74,0,9,155,7,171,23,20,195,7,245,358,0,358,603
09/08/2021,ISP,NY,AEA,EN,Towers with Radar,24,16,20,0,60,0,14,94,8,116,24,30,114,8,176,194,0,194,370
09/09/2021,ISP,NY,AEA,EN,Towers with Radar,14,16,14,0,44,0,2,5,2,9,14,18,19,2,53,2,0,2,55
09/10/2021,ISP,NY,AEA,EN,Towers with Radar,24,14,49,0,87,0,13,187,2,202,24,27,236,2,289,224,0,224,513
09/11/2021,ISP,NY,AEA,EN,Towers with Radar,24,15,31,0,70,0,19,224,3,246,24,34,255,3,316,396,6,402,718
09/12/2021,ISP,NY,AEA,EN,Towers with Radar,24,15,39,0,78,0,11,179,4,194,24,26,218,4,272,206,0,206,478
09/13/2021,ISP,NY,AEA,EN,Towers with Radar,25,17,53,0,95,0,7,151,2,160,25,24,204,2,255,260,0,260,515
09/14/2021,ISP,NY,AEA,EN,Towers with Radar,22,11,44,1,78,0,15,158,5,178,22,26,202,6,256,370,4,374,630
09/15/2021,ISP,NY,AEA,EN,Towers with Radar,22,15,44,3,84,0,9,83,5,97,22,24,127,8,181,102,26,128,309
09/16/2021,ISP,NY,AEA,EN,Towers with Radar,26,9,25,0,60,0,4,35,0,39,26,13,60,0,99,176,0,176,275
09/17/2021,ISP,NY,AEA,EN,Towers with Radar,25,17,53,0,95,0,0,1,0,1,25,17,54,0,96,50,0,50,146
09/18/2021,ISP,NY,AEA,EN,Towers with Radar,26,11,49,0,86,0,8,159,2,169,26,19,208,2,255,384,0,384,639
09/19/2021,ISP,NY,AEA,EN,Towers with Radar,29,14,43,0,86,0,10,201,0,211,29,24,244,0,297,282,0,282,579
09/20/2021,ISP,NY,AEA,EN,Towers with Radar,25,17,46,1,89,0,12,165,5,182,25,29,211,6,271,344,0,344,615
09/21/2021,ISP,NY,AEA,EN,Towers with Radar,24,17,57,1,99,0,13,138,1,152,24,30,195,2,251,394,0,394,645
09/22/2021,ISP,NY,AEA,EN,Towers with Radar,22,5,27,0,54,0,3,38,4,45,22,8,65,4,99,108,10,118,217
09/23/2021,ISP,NY,AEA,EN,Towers with Radar,20,9,31,0,60,0,6,38,4,48,20,15,69,4,108,38,12,50,158
09/24/2021,ISP,NY,AEA,EN,Towers with Radar,24,15,44,1,84,0,7,105,1,113,24,22,149,2,197,218,0,218,415
09/25/2021,ISP,NY,AEA,EN,Towers with Radar,26,8,47,1,82,0,17,207,1,225,26,25,254,2,307,352,0,352,659
09/26/2021,ISP,NY,AEA,EN,Towers with Radar,26,11,32,0,69,0,6,149,0,155,26,17,181,0,224,222,0,222,446
09/27/2021,ISP,NY,AEA,EN,Towers with Radar,24,13,42,0,79,0,16,171,4,191,24,29,213,4,270,264,0,264,534
09/28/2021,ISP,NY,AEA,EN,Towers with Radar,20,8,31,1,60,0,5,53,1,59,20,13,84,2,119,132,0,132,251
09/29/2021,ISP,NY,AEA,EN,Towers with Radar,22,8,49,0,79,0,21,165,8,194,22,29,214,8,273,310,0,310,583
09/30/2021,ISP,NY,AEA,EN,Towers with Radar,22,12,51,3,88,0,13,176,6,195,22,25,227,9,283,410,12,422,705
10/01/2021,ISP,NY,AEA,EN,Towers with Radar,26,16,38,0,80,0,19,162,2,183,26,35,200,2,263,290,0,290,553
10/02/2021,ISP,NY,AEA,EN,Towers with Radar,26,14,30,0,70,0,15,180,0,195,26,29,210,0,265,424,0,424,689
10/03/2021,ISP,NY,AEA,EN,Towers with Radar,24,13,45,0,82,0,2,167,0,169,24,15,212,0,251,306,0,306,557
10/04/2021,ISP,NY,AEA,EN,Towers with Radar,24,13,38,0,75,0,0,1,0,1,24,13,39,0,76,0,0,0,76
10/05/2021,ISP,NY,AEA,EN,Towers with Radar,22,7,53,0,82,0,2,16,0,18,22,9,69,0,100,38,0,38,138
10/06/2021,ISP,NY,AEA,EN,Towers with Radar,24,11,34,2,71,0,9,157,2,168,24,20,191,4,239,450,0,450,689
10/07/2021,ISP,NY,AEA,EN,Towers with Radar,33,17,63,5,118,0,7,169,9,185,33,24,232,14,303,350,10,360,663
10/08/2021,ISP,NY,AEA,EN,Towers with Radar,31,17,37,1,86,0,5,128,2,135,31,22,165,3,221,242,0,242,463
10/09/2021,ISP,NY,AEA,EN,Towers with Radar,28,21,33,0,82,0,0,70,2,72,28,21,103,2,154,192,0,192,346
10/10/2021,ISP,NY,AEA,EN,Towers with Radar,24,11,38,1,74,0,0,2,0,2,24,11,40,1,76,0,0,0,76
10/11/2021,ISP,NY,AEA,EN,Towers with Radar,29,19,34,0,82,0,3,92,0,95,29,22,126,0,177,222,0,222,399
10/12/2021,ISP,NY,AEA,EN,Towers with Radar,31,13,45,0,89,0,4,114,2,120,31,17,159,2,209,234,0,234,443
10/13/2021,ISP,NY,AEA,EN,Towers with Radar,26,12,58,0,96,0,0,100,2,102,26,12,158,2,198,112,0,112,310
10/14/2021,ISP,NY,AEA,EN,Towers with Radar,34,16,41,2,93,0,15,163,2,180,34,31,204,4,273,266,0,266,539
10/15/2021,ISP,NY,AEA,EN,Towers with Radar,32,12,26,2,72,0,13,205,4,222,32,25,231,6,294,388,0,388,682
10/16/2021,ISP,NY,AEA,EN,Towers with Radar,35,8,15,0,58,0,6,20,0,26,35,14,35,0,84,28,0,28,112
10/17/2021,ISP,NY,AEA,EN,Towers with Radar,34,14,39,0,87,0,9,169,1,179,34,23,208,1,266,222,0,222,488
10/18/2021,ISP,NY,AEA,EN,Towers with Radar,30,17,27,0,74,0,5,79,0,84,30,22,106,0,158,208,0,208,366
10/19/2021,ISP,NY,AEA,EN,Towers with Radar,31,8,41,0,80,0,6,160,8,174,31,14,201,8,254,114,0,114,368
10/20/2021,ISP,NY,AEA,EN,Towers with Radar,30,16,46,0,92,0,19,168,8,195,30,35,214,8,287,218,4,222,509
10/21/2021,ISP,NY,AEA,EN,Towers with Radar,32,11,42,1,86,0,20,184,1,205,32,31,226,2,291,324,0,324,615
10/22/2021,ISP,NY,AEA,EN,Towers with Radar,32,12,47,6,97,0,16,173,9,198,32,28,220,15,295,256,0,256,551
10/23/2021,ISP,NY,AEA,EN,Towers with Radar,31,12,19,1,63,0,4,186,23,213,31,16,205,24,276,340,0,340,616
10/24/2021,ISP,NY,AEA,EN,Towers with Radar,34,17,41,2,94,0,9,186,7,202,34,26,227,9,296,214,0,214,510
10/25/2021,ISP,NY,AEA,EN,Towers with Radar,30,23,34,1,88,0,11,81,1,93,30,34,115,2,181,246,0,246,427
10/26/2021,ISP,NY,AEA,EN,Towers with Radar,32,7,13,0,52,0,0,0,0,0,32,7,13,0,52,0,0,0,52
10/27/2021,ISP,NY,AEA,EN,Towers with Radar,30,8,18,2,58,0,2,4,4,10,30,10,22,6,68,0,0,0,68
10/28/2021,ISP,NY,AEA,EN,Towers with Radar,34,15,67,3,119,0,2,108,13,123,34,17,175,16,242,342,13,355,597
10/29/2021,ISP,NY,AEA,EN,Towers with Radar,31,17,29,0,77,0,6,65,0,71,31,23,94,0,148,182,0,182,330
10/30/2021,ISP,NY,AEA,EN,Towers with Radar,37,10,16,0,63,0,0,6,0,6,37,10,22,0,69,0,0,0,69
10/31/2021,ISP,NY,AEA,EN,Towers with Radar,34,12,36,0,82,0,2,113,2,117,34,14,149,2,199,178,0,178,377
11/01/2021,ISP,NY,AEA,EN,Towers with Radar,29,6,24,1,60,0,14,133,6,153,29,20,157,7,213,176,12,188,401
11/02/2021,ISP,NY,AEA,EN,Towers with Radar,32,10,30,0,72,0,15,146,6,167,32,25,176,6,239,330,0,330,569
11/03/2021,ISP,NY,AEA,EN,Towers with Radar,28,17,27,0,72,0,18,195,13,226,28,35,222,13,298,364,6,370,668
11/04/2021,ISP,NY,AEA,EN,Towers with Radar,36,18,45,0,99,0,13,175,10,198,36,31,220,10,297,336,0,336,633
11/05/2021,ISP,NY,AEA,EN,Towers with Radar,31,13,35,0,79,0,14,143,8,165,31,27,178,8,244,378,0,378,622
11/06/2021,ISP,NY,AEA,EN,Towers with Radar,32,16,34,0,82,0,12,168,9,189,32,28,202,9,271,266,4,270,541
11/07/2021,ISP,NY,AEA,EN,Towers with Radar,36,19,24,0,79,0,0,127,14,141,36,19,151,14,220,246,0,246,466
11/08/2021,ISP,NY,AEA,EN,Towers with Radar,28,9,30,5,72,0,11,155,9,175,28,20,185,14,247,322,0,322,569
11/09/2021,ISP,NY,AEA,EN,Towers with Radar,30,14,45,3,92,0,9,156,9,174,30,23,201,12,266,358,4,362,628
11/10/2021,ISP,NY,AEA,EN,Towers with Radar,29,11,42,2,84,0,15,168,12,195,29,26,210,14,279,266,24,290,569
11/11/2021,ISP,NY,AEA,EN,Towers with Radar,31,10,17,0,58,0,7,166,0,173,31,17,183,0,231,352,0,352,583
11/12/2021,ISP,NY,AEA,EN,Towers with Radar,30,22,17,0,69,0,2,13,0,15,30,24,30,0,84,6,0,6,90
11/13/2021,ISP,NY,AEA,EN,Towers with Radar,41,17,22,0,80,0,7,78,0,85,41,24,100,0,165,154,0,154,319
11/14/2021,ISP,NY,AEA,EN,Towers with Radar,32,22,45,0,99,0,6,152,0,158,32,28,197,0,257,276,0,276,533
11/15/2021,ISP,NY,AEA,EN,Towers with Radar,30,18,10,1,59,0,3,71,2,76,30,21,81,3,135,194,0,194,329
11/16/2021,ISP,NY,AEA,EN,Towers with Radar,29,11,46,9,95,0,14,138,2,154,29,25,184,11,249,284,2,286,535
11/17/2021,ISP,NY,AEA,EN,Towers with Radar,29,10,44,2,85,0,11,183,2,196,29,21,227,4,281,298,0,298,579
11/18/2021,ISP,NY,AEA,EN,Towers with Radar,33,16,52,2,103,0,8,147,12,167,33,24,199,14,270,290,12,302,572
11/19/2021,ISP,NY,AEA,EN,Towers with Radar,36,12,25,0,73,0,12,93,7,112,36,24,118,7,185,186,0,186,371
11/20/2021,ISP,NY,AEA,EN,Towers with Radar,34,7,41,0,82,0,7,199,0,206,34,14,240,0,288,314,0,314,602
11/21/2021,ISP,NY,AEA,EN,Towers with Radar,33,11,34,0,78,0,7,134,0,141,33,18,168,0,219,238,0,238,457
11/22/2021,ISP,NY,AEA,EN,Towers with Radar,34,9,24,1,68,0,4,48,1,53,34,13,72,2,121,104,12,116,237
11/23/2021,ISP,NY,AEA,EN,Towers with Radar,35,19,33,1,88,0,13,84,13,110,35,32,117,14,198,102,14,116,314
11/24/2021,ISP,NY,AEA,EN,Towers with Radar,37,12,44,0,93,0,11,180,0,191,37,23,224,0,284,184,0,184,468
11/25/2021,ISP,NY,AEA,EN,Towers with Radar,29,5,6,0,40,0,9,33,0,42,29,14,39,0,82,70,0,70,152
11/26/2021,ISP,NY,AEA,EN,Towers with Radar,29,8,5,0,42,0,2,7,0,9,29,10,12,0,51,24,0,24,75
11/27/2021,ISP,NY,AEA,EN,Towers with Radar,34,14,27,0,75,0,10,25,0,35,34,24,52,0,110,4,0,4,114
11/28/2021,ISP,NY,AEA,EN,Towers with Radar,34,23,27,0,84,0,2,52,0,54,34,25,79,0,138,436,0,436,574
11/29/2021,ISP,NY,AEA,EN,Towers with Radar,39,18,24,0,81,0,4,99,0,103,39,22,123,0,184,260,0,260,444
11/30/2021,ISP,NY,AEA,EN,Towers with Radar,32,19,44,0,95,0,12,110,6,128,32,31,154,6,223,244,0,244,467
12/01/2021,ISP,NY,AEA,EN,Towers with Radar,32,14,48,4,98,0,12,183,9,204,32,26,231,13,302,232,0,232,534
12/02/2021,ISP,NY,AEA,EN,Towers with Radar,32,12,41,1,86,0,11,128,10,149,32,23,169,11,235,172,4,176,411
12/03/2021,ISP,NY,AEA,EN,Towers with Radar,33,13,34,0,80,0,9,93,4,106,33,22,127,4,186,142,0,142,328
12/04/2021,ISP,NY,AEA,EN,Towers with Radar,37,9,29,0,75,0,9,195,0,204,37,18,224,0,279,294,0,294,573
12/05/2021,ISP,NY,AEA,EN,Towers with Radar,32,13,30,0,75,0,2,211,0,213,32,15,241,0,288,306,0,306,594
12/06/2021,ISP,NY,AEA,EN,Towers with Radar,32,13,26,0,71,0,2,5,0,7,32,15,31,0,78,0,0,0,78
12/07/2021,ISP,NY,AEA,EN,Towers with Radar,29,7,31,2,69,0,21,154,14,189,29,28,185,16,258,234,0,234,492
12/08/2021,ISP,NY,AEA,EN,Towers with Radar,29,11,18,1,59,0,3,23,1,27,29,14,41,2,86,88,14,102,188
12/09/2021,ISP,NY,AEA,EN,Towers with Radar,29,15,41,2,87,0,11,152,12,175,29,26,193,14,262,256,8,264,526
12/10/2021,ISP,NY,AEA,EN,Towers with Radar,32,18,23,1,74,0,13,142,6,161,32,31,165,7,235,298,0,298,533
12/11/2021,ISP,NY,AEA,EN,Towers with Radar,39,5,12,0,56,0,0,0,0,0,39,5,12,0,56,0,0,0,56
12/12/2021,ISP,NY,AEA,EN,Towers with Radar,31,9,19,1,60,0,6,103,10,119,31,15,122,11,179,112,8,120,299
12/13/2021,ISP,NY,AEA,EN,Towers with Radar,30,10,37,1,78,0,11,135,5,151,30,21,172,6,229,186,4,190,419
12/14/2021,ISP,NY,AEA,EN,Towers with Radar,29,6,24,1,60,0,13,142,10,165,29,19,166,11,225,274,0,274,499
12/15/2021,ISP,NY,AEA,EN,Towers with Radar,29,14,49,3,95,0,11,131,9,151,29,25,180,12,246,226,18,244,490
12/16/2021,ISP,NY,AEA,EN,Towers with Radar,30,18,40,2,90,0,9,166,14,189,30,27,206,16,279,166,0,166,445
12/17/2021,ISP,NY,AEA,EN,Towers with Radar,31,15,28,0,74,0,9,155,5,169,31,24,183,5,243,216,0,216,459
12/18/2021,ISP,NY,AEA,EN,Towers with Radar,35,11,11,0,57,0,0,8,0,8,35,11,19,0,65,2,0,2,67
12/19/2021,ISP,NY,AEA,EN,Towers with Radar,34,11,25,0,70,0,4,31,0,35,34,15,56,0,105,28,0,28,133
12/20/2021,ISP,NY,AEA,EN,Towers with Radar,32,11,33,1,77,0,11,156,5,172,32,22,189,6,249,284,4,288,537
12/21/2021,ISP,NY,AEA,EN,Towers with Radar,33,11,36,6,86,0,8,137,8,153,33,19,173,14,239,256,4,260,499
12/22/2021,ISP,NY,AEA,EN,Towers with Radar,34,13,13,2,62,0,2,43,2,47,34,15,56,4,109,92,0,92,201
12/23/2021,ISP,NY,AEA,EN,Towers with Radar,34,18,38,0,90,0,19,140,4,163,34,37,178,4,253,208,0,208,461
12/24/2021,ISP,NY,AEA,EN,Towers with Radar,30,8,18,0,56,0,2,12,0,14,30,10,30,0,70,54,0,54,124
12/25/2021,ISP,NY,AEA,EN,Towers with Radar,37,11,6,0,54,0,0,0,0,0,37,11,6,0,54,0,0,0,54
12/26/2021,ISP,NY,AEA,EN,Towers with Radar,34,12,28,0,74,0,0,116,0,116,34,12,144,0,190,310,0,310,500
12/27/2021,ISP,NY,AEA,EN,Towers with Radar,36,10,29,0,75,0,1,101,2,104,36,11,130,2,179,126,0,126,305
12/28/2021,ISP,NY,AEA,EN,Towers with Radar,35,9,39,3,86,0,4,84,2,90,35,13,123,5,176,172,0,172,348
12/29/2021,ISP,NY,AEA,EN,Towers with Radar,32,12,11,0,55,0,2,0,0,2,32,14,11,0,57,18,0,18,75
12/30/2021,ISP,NY,AEA,EN,Towers with Radar,31,8,20,0,59,0,0,4,0,4,31,8,24,0,63,32,0,32,95
12/31/2021,ISP,NY,AEA,EN,Towers with Radar,27,6,22,0,55,0,2,2,0,4,27,8,24,0,59,0,0,0,59
01/01/2022,ISP,NY,AEA,EN,Towers with Radar,32,16,16,0,64,0,0,0,0,0,32,16,16,0,64,0,0,0,64
01/02/2022,ISP,NY,AEA,EN,Towers with Radar,27,15,29,0,71,0,2,3,0,5,27,17,32,0,76,10,0,10,86
01/03/2022,ISP,NY,AEA,EN,Towers with Radar,26,11,12,0,49,0,4,9,0,13,26,15,21,0,62,0,0,0,62
01/04/2022,ISP,NY,AEA,EN,Towers with Radar,26,9,48,2,85,0,4,205,4,213,26,13,253,6,298,270,0,270,568
01/05/2022,ISP,NY,AEA,EN,Towers with Radar,25,18,6,0,49,0,0,1,0,1,25,18,7,0,50,4,0,4,54
01/06/2022,ISP,NY,AEA,EN,Towers with Radar,22,11,39,3,75,0,8,138,15,161,22,19,177,18,236,168,26,194,430
01/07/2022,ISP,NY,AEA,EN,Towers with Radar,23,14,3,0,40,0,0,7,2,9,23,14,10,2,49,0,6,6,55
01/08/2022,ISP,NY,AEA,EN,Towers with Radar,34,8,40,0,82,0,5,150,0,155,34,13,190,0,237,308,0,308,545
01/09/2022,ISP,NY,AEA,EN,Towers with Radar,29,16,10,0,55,0,4,16,0,20,29,20,26,0,75,52,0,52,127
01/10/2022,ISP,NY,AEA,EN,Towers with Radar,28,11,19,10,68,0,6,79,4,89,28,17,98,14,157,112,0,112,269
01/11/2022,ISP,NY,AEA,EN,Towers with Radar,29,6,18,0,53,0,5,58,2,65,29,11,76,2,118,168,0,168,286
01/12/2022,ISP,NY,AEA,EN,Towers with Radar,28,8,19,0,55,0,8,92,6,106,28,16,111,6,161,86,4,90,251
01/13/2022,ISP,NY,AEA,EN,Towers with Radar,31,14,35,0,80,0,21,184,8,213,31,35,219,8,293,320,0,320,613
01/14/2022,ISP,NY,AEA,EN,Towers with Radar,30,17,19,0,66,0,3,53,2,58,30,20,72,2,124,98,0,98,222
01/15/2022,ISP,NY,AEA,EN,Towers with Radar,37,13,23,0,73,0,3,72,0,75,37,16,95,0,148,52,0,52,200
01/16/2022,ISP,NY,AEA,EN,Towers with Radar,31,10,11,0,52,0,0,71,0,71,31,10,82,0,123,300,0,300,423
01/17/2022,ISP,NY,AEA,EN,Towers with Radar,26,12,15,0,53,0,4,3,0,7,26,16,18,0,60,8,0,8,68
01/18/2022,ISP,NY,AEA,EN,Towers with Radar,29,4,20,0,53,0,5,22,6,33,29,9,42,6,86,8,0,8,94
01/19/2022,ISP,NY,AEA,EN,Towers with Radar,28,8,22,1,59,0,9,75,14,98,28,17,97,15,157,222,10,232,389
01/20/2022,ISP,NY,AEA,EN,Towers with Radar,26,9,14,0,49,0,2,18,4,24,26,11,32,4,73,106,14,120,193
01/21/2022,ISP,NY,AEA,EN,Towers with Radar,27,16,23,0,66,0,12,119,6,137,27,28,142,6,203,166,8,174,377
01/22/2022,ISP,NY,AEA,EN,Towers with Radar,35,7,21,0,63,0,7,136,4,147,35,14,157,4,210,366,46,412,622
01/23/2022,ISP,NY,AEA,EN,Towers with Radar,28,15,29,4,76,0,5,153,4,162,28,20,182,8,238,342,6,348,586
01/24/2022,ISP,NY,AEA,EN,Towers with Radar,29,5,24,0,58,0,0,82,0,82,29,5,106,0,140,248,0,248,388
01/25/2022,ISP,NY,AEA,EN,Towers with Radar,26,7,28,2,63,0,12,92,8,112,26,19,120,10,175,336,14,350,525
01/26/2022,ISP,NY,AEA,EN,Towers with Radar,29,9,31,0,69,0,12,119,4,135,29,21,150,4,204,280,10,290,494
01/27/2022,ISP,NY,AEA,EN,Towers with Radar,28,8,37,4,77,0,12,173,5,190,28,20,210,9,267,240,0,240,507
01/28/2022,ISP,NY,AEA,EN,Towers with Radar,25,10,22,0,57,0,2,24,0,26,25,12,46,0,83,124,0,124,207
01/29/2022,ISP,NY,AEA,EN,Towers with Radar,0,0,0,0,0,0,0,0,0,0,0,0,0,0,0,0,0,0,0
01/30/2022,ISP,NY,AEA,EN,Towers with Radar,10,16,13,0,39,0,4,6,0,10,10,20,19,0,49,2,0,2,51
01/31/2022,ISP,NY,AEA,EN,Towers with Radar,26,10,24,0,60,0,2,81,6,89,26,12,105,6,149,194,0,194,343
02/01/2022,ISP,NY,AEA,EN,Towers with Radar,28,6,33,3,70,0,2,124,0,126,28,8,157,3,196,307,0,307,503
02/02/2022,ISP,NY,AEA,EN,Towers with Radar,28,8,24,0,60,0,2,36,2,40,28,10,60,2,100,97,0,97,197
02/03/2022,ISP,NY,AEA,EN,Towers with Radar,22,13,17,0,52,0,0,0,0,0,22,13,17,0,52,0,0,0,52
02/04/2022,ISP,NY,AEA,EN,Towers with Radar,26,12,9,0,47,0,0,0,0,0,26,12,9,0,47,0,0,0,47
02/05/2022,ISP,NY,AEA,EN,Towers with Radar,35,9,17,0,61,0,4,70,0,74,35,13,87,0,135,120,0,120,255
02/06/2022,ISP,NY,AEA,EN,Towers with Radar,28,14,27,0,69,0,6,182,0,188,28,20,209,0,257,372,0,372,629
02/07/2022,ISP,NY,AEA,EN,Towers with Radar,20,12,14,0,46,0,0,0,0,0,20,12,14,0,46,0,0,0,46
02/08/2022,ISP,NY,AEA,EN,Towers with Radar,27,9,22,1,59,0,6,75,11,92,27,15,97,12,151,256,10,266,417
02/09/2022,ISP,NY,AEA,EN,Towers with Radar,28,11,27,1,67,0,16,216,11,243,28,27,243,12,310,382,16,398,708
02/10/2022,ISP,NY,AEA,EN,Towers with Radar,28,17,41,2,88,0,6,121,10,137,28,23,162,12,225,268,34,302,527
02/11/2022,ISP,NY,AEA,EN,Towers with Radar,28,8,27,1,64,0,15,149,9,173,28,23,176,10,237,222,16,238,475
02/12/2022,ISP,NY,AEA,EN,Towers with Radar,35,4,40,1,80,0,7,185,5,197,35,11,225,6,277,238,0,238,515
02/13/2022,ISP,NY,AEA,EN,Towers with Radar,27,6,7,0,40,0,0,0,0,0,27,6,7,0,40,0,0,0,40
02/14/2022,ISP,NY,AEA,EN,Towers with Radar,29,9,20,0,58,0,7,40,14,61,29,16,60,14,119,158,14,172,291
02/15/2022,ISP,NY,AEA,EN,Towers with Radar,29,10,26,1,66,0,15,135,7,157,29,25,161,8,223,306,0,306,529
02/16/2022,ISP,NY,AEA,EN,Towers with Radar,28,12,37,3,80,0,6,113,11,130,28,18,150,14,210,218,28,246,456
02/17/2022,ISP,NY,AEA,EN,Towers with Radar,32,12,22,1,67,0,2,14,7,23,32,14,36,8,90,48,0,48,138
02/18/2022,ISP,NY,AEA,EN,Towers with Radar,32,10,18,0,60,0,5,17,0,22,32,15,35,0,82,18,0,18,100
02/19/2022,ISP,NY,AEA,EN,Towers with Radar,37,10,14,0,61,0,2,40,2,44,37,12,54,2,105,54,0,54,159
02/20/2022,ISP,NY,AEA,EN,Towers with Radar,36,9,49,0,94,0,5,185,2,192,36,14,234,2,286,280,0,280,566
02/21/2022,ISP,NY,AEA,EN,Towers with Radar,34,13,28,0,75,0,14,207,0,221,34,27,235,0,296,414,0,414,710
02/22/2022,ISP,NY,AEA,EN,Towers with Radar,30,8,10,2,50,0,2,0,0,2,30,10,10,2,52,0,0,0,52
02/23/2022,ISP,NY,AEA,EN,Towers with Radar,32,8,31,1,72,0,8,98,15,121,32,16,129,16,193,198,12,210,403
02/24/2022,ISP,NY,AEA,EN,Towers with Radar,31,8,30,1,70,0,12,144,7,163,31,20,174,8,233,384,30,414,647
02/25/2022,ISP,NY,AEA,EN,Towers with Radar,32,13,11,0,56,0,0,2,0,2,32,13,13,0,58,0,0,0,58
02/26/2022,ISP,NY,AEA,EN,Towers with Radar,37,17,36,0,90,0,5,196,0,201,37,22,232,0,291,304,0,304,595
02/27/2022,ISP,NY,AEA,EN,Towers with Radar,32,12,34,2,80,0,1,89,5,95,32,13,123,7,175,80,0,80,255
02/28/2022,ISP,NY,AEA,EN,Towers with Radar,34,15,29,0,78,0,11,128,0,139,34,26,157,0,217,318,0,318,535
03/01/2022,ISP,NY,AEA,EN,Towers with Radar,30,10,27,1,68,0,13,112,7,132,30,23,139,8,200,322,0,322,522
03/02/2022,ISP,NY,AEA,EN,Towers with Radar,32,7,58,6,103,0,17,192,16,225,32,24,250,22,328,296,2,298,626
03/03/2022,ISP,NY,AEA,EN,Towers with Radar,32,11,20,1,64,0,8,96,15,119,32,19,116,16,183,192,20,212,395
03/04/2022,ISP,NY,AEA,EN,Towers with Radar,32,12,37,2,83,0,17,180,6,203,32,29,217,8,286,302,0,302,588
03/05/2022,ISP,NY,AEA,EN,Towers with Radar,37,10,38,0,85,0,5,181,2,188,37,15,219,2,273,366,0,366,639
03/06/2022,ISP,NY,AEA,EN,Towers with Radar,31,7,23,0,61,0,1,7,0,8,31,8,30,0,69,0,0,0,69
03/07/2022,ISP,NY,AEA,EN,Towers with Radar,34,13,25,0,72,0,2,21,2,25,34,15,46,2,97,36,0,36,133
03/08/2022,ISP,NY,AEA,EN,Towers with Radar,29,4,23,0,56,0,4,91,7,102,29,8,114,7,158,68,0,68,226
03/09/2022,ISP,NY,AEA,EN,Towers with Radar,32,5,9,0,46,0,0,0,0,0,32,5,9,0,46,0,0,0,46
03/10/2022,ISP,NY,AEA,EN,Towers with Radar,32,23,40,2,97,0,5,139,8,152,32,28,179,10,249,260,30,290,539
03/11/2022,ISP,NY,AEA,EN,Towers with Radar,36,16,26,2,80,0,14,165,8,187,36,30,191,10,267,266,0,266,533
03/12/2022,ISP,NY,AEA,EN,Towers with Radar,23,2,3,0,28,0,0,0,0,0,23,2,3,0,28,0,0,0,28
03/13/2022,ISP,NY,AEA,EN,Towers with Radar,31,9,29,1,70,0,1,50,1,52,31,10,79,2,122,38,0,38,160
03/14/2022,ISP,NY,AEA,EN,Towers with Radar,35,14,35,2,86,0,9,171,16,196,35,23,206,18,282,288,0,288,570
03/15/2022,ISP,NY,AEA,EN,Towers with Radar,29,11,43,4,87,0,10,173,8,191,29,21,216,12,278,332,4,336,614
03/16/2022,ISP,NY,AEA,EN,Towers with Radar,31,8,39,2,80,0,12,192,12,216,31,20,231,14,296,274,34,308,604
03/17/2022,ISP,NY,AEA,EN,Towers with Radar,33,12,24,0,69,0,0,0,0,0,33,12,24,0,69,0,0,0,69
03/18/2022,ISP,NY,AEA,EN,Towers with Radar,38,12,33,0,83,0,13,123,7,143,38,25,156,7,226,230,0,230,456
03/19/2022,ISP,NY,AEA,EN,Towers with Radar,32,5,22,0,59,0,0,4,0,4,32,5,26,0,63,0,0,0,63
03/20/2022,ISP,NY,AEA,EN,Towers with Radar,32,13,34,2,81,0,2,168,4,174,32,15,202,6,255,222,0,222,477
03/21/2022,ISP,NY,AEA,EN,Towers with Radar,37,9,31,0,77,0,8,121,8,137,37,17,152,8,214,224,0,224,438
03/22/2022,ISP,NY,AEA,EN,Towers with Radar,27,8,31,4,70,0,8,155,12,175,27,16,186,16,245,278,18,296,541
03/23/2022,ISP,NY,AEA,EN,Towers with Radar,31,9,32,7,79,0,8,131,4,143,31,17,163,11,222,248,4,252,474
03/24/2022,ISP,NY,AEA,EN,Towers with Radar,32,5,16,0,53,0,2,0,0,2,32,7,16,0,55,0,0,0,55
03/25/2022,ISP,NY,AEA,EN,Towers with Radar,38,13,46,1,98,0,11,142,12,165,38,24,188,13,263,422,12,434,697
03/26/2022,ISP,NY,AEA,EN,Towers with Radar,34,11,19,0,64,0,6,80,0,86,34,17,99,0,150,236,0,236,386
03/27/2022,ISP,NY,AEA,EN,Towers with Radar,36,13,29,0,78,0,0,91,1,92,36,13,120,1,170,84,0,84,254
03/28/2022,ISP,NY,AEA,EN,Towers with Radar,39,11,15,2,67,0,2,5,4,11,39,13,20,6,78,0,16,16,94
03/29/2022,ISP,NY,AEA,EN,Towers with Radar,30,7,27,1,65,0,7,96,9,112,30,14,123,10,177,158,0,158,335
03/30/2022,ISP,NY,AEA,EN,Towers with Radar,26,10,32,1,69,0,13,182,11,206,26,23,214,12,275,486,18,504,779
03/31/2022,ISP,NY,AEA,EN,Towers with Radar,30,14,15,0,59,0,0,0,0,0,30,14,15,0,59,0,0,0,59
04/01/2022,ISP,NY,AEA,EN,Towers with Radar,31,12,29,2,74,0,3,62,6,71,31,15,91,8,145,230,0,230,375
04/02/2022,ISP,NY,AEA,EN,Towers with Radar,18,9,41,2,70,0,6,192,1,199,18,15,233,3,269,464,0,464,733
04/03/2022,ISP,NY,AEA,EN,Towers with Radar,22,11,24,1,58,0,0,15,0,15,22,11,39,1,73,140,0,140,213
04/04/2022,ISP,NY,AEA,EN,Towers with Radar,32,13,21,1,67,0,13,168,9,190,32,26,189,10,257,250,34,284,541
04/05/2022,ISP,NY,AEA,EN,Towers with Radar,22,12,27,0,61,0,8,141,6,155,22,20,168,6,216,370,0,370,586
04/06/2022,ISP,NY,AEA,EN,Towers with Radar,26,5,24,0,55,0,0,1,0,1,26,5,25,0,56,0,0,0,56
04/07/2022,ISP,NY,AEA,EN,Towers with Radar,27,10,22,0,59,0,2,0,0,2,27,12,22,0,61,4,0,4,65
04/08/2022,ISP,NY,AEA,EN,Towers with Radar,30,13,62,1,106,0,16,149,3,168,30,29,211,4,274,404,2,406,680
04/09/2022,ISP,NY,AEA,EN,Towers with Radar,31,6,26,0,63,0,7,68,0,75,31,13,94,0,138,386,0,386,524
04/10/2022,ISP,NY,AEA,EN,Towers with Radar,26,14,31,0,71,0,17,92,0,109,26,31,123,0,180,286,0,286,466
04/11/2022,ISP,NY,AEA,EN,Towers with Radar,31,13,38,0,82,0,11,183,6,200,31,24,221,6,282,520,0,520,802
04/12/2022,ISP,NY,AEA,EN,Towers with Radar,29,6,37,4,76,0,15,121,8,144,29,21,158,12,220,426,2,428,648
04/13/2022,ISP,NY,AEA,EN,Towers with Radar,32,11,38,6,87,0,17,168,9,194,32,28,206,15,281,552,6,558,839
04/14/2022,ISP,NY,AEA,EN,Towers with Radar,27,16,37,4,84,0,8,101,4,113,27,24,138,8,197,370,6,376,573
04/15/2022,ISP,NY,AEA,EN,Towers with Radar,32,15,44,0,91,0,10,172,4,186,32,25,216,4,277,388,0,388,665
04/16/2022,ISP,NY,AEA,EN,Towers with Radar,33,12,22,1,68,0,2,81,1,84,33,14,103,2,152,62,0,62,214
04/17/2022,ISP,NY,AEA,EN,Towers with Radar,29,13,22,0,64,0,5,50,0,55,29,18,72,0,119,112,0,112,231
04/18/2022,ISP,NY,AEA,EN,Towers with Radar,33,11,25,0,69,0,10,104,2,116,33,21,129,2,185,406,0,406,591
04/19/2022,ISP,NY,AEA,EN,Towers with Radar,31,12,14,2,59,0,2,10,0,12,31,14,24,2,71,0,0,0,71
04/20/2022,ISP,NY,AEA,EN,Towers with Radar,30,15,37,1,83,0,9,111,7,127,30,24,148,8,210,296,0,296,506
04/21/2022,ISP,NY,AEA,EN,Towers with Radar,30,10,40,1,81,0,8,161,7,176,30,18,201,8,257,370,6,376,633
04/22/2022,ISP,NY,AEA,EN,Towers with Radar,35,9,42,0,86,0,10,134,0,144,35,19,176,0,230,448,0,448,678
04/23/2022,ISP,NY,AEA,EN,Towers with Radar,33,11,30,0,74,0,9,202,5,216,33,20,232,5,290,602,0,602,892
04/24/2022,ISP,NY,AEA,EN,Towers with Radar,30,18,40,0,88,0,3,127,3,133,30,21,167,3,221,430,0,430,651
04/25/2022,ISP,NY,AEA,EN,Towers with Radar,33,20,28,0,81,0,1,109,1,111,33,21,137,1,192,364,0,364,556
04/26/2022,ISP,NY,AEA,EN,Towers with Radar,28,11,31,2,72,0,3,9,0,12,28,14,40,2,84,24,0,24,108
04/27/2022,ISP,NY,AEA,EN,Towers with Radar,23,11,20,0,54,0,8,60,4,72,23,19,80,4,126,186,0,186,312
04/28/2022,ISP,NY,AEA,EN,Towers with Radar,25,14,21,0,60,0,8,31,2,41,25,22,52,2,101,172,0,172,273
04/29/2022,ISP,NY,AEA,EN,Towers with Radar,27,14,37,1,79,0,7,100,1,108,27,21,137,2,187,230,0,230,417
04/30/2022,ISP,NY,AEA,EN,Towers with Radar,25,9,35,1,70,0,15,179,1,195,25,24,214,2,265,534,0,534,799
05/01/2022,ISP,NY,AEA,EN,Towers with Radar,26,6,54,0,86,0,6,198,2,206,26,12,252,2,292,656,0,656,948
05/02/2022,ISP,NY,AEA,EN,Towers with Radar,27,9,19,0,55,0,0,1,0,1,27,9,20,0,56,4,0,4,60
05/03/2022,ISP,NY,AEA,EN,Towers with Radar,26,9,44,0,79,0,8,32,3,43,26,17,76,3,122,370,0,370,492
05/04/2022,ISP,NY,AEA,EN,Towers with Radar,23,15,22,0,60,0,0,5,0,5,23,15,27,0,65,220,0,220,285
05/05/2022,ISP,NY,AEA,EN,Towers with Radar,27,12,38,1,78,0,14,215,8,237,27,26,253,9,315,674,6,680,995
05/06/2022,ISP,NY,AEA,EN,Towers with Radar,28,11,40,0,79,0,2,31,0,33,28,13,71,0,112,306,0,306,418
05/07/2022,ISP,NY,AEA,EN,Towers with Radar,23,17,9,0,49,0,4,2,0,6,23,21,11,0,55,0,0,0,55
05/08/2022,ISP,NY,AEA,EN,Towers with Radar,30,15,12,1,58,0,1,17,1,19,30,16,29,2,77,54,0,54,131
05/09/2022,ISP,NY,AEA,EN,Towers with Radar,30,15,11,0,56,0,8,21,2,31,30,23,32,2,87,112,0,112,199
05/10/2022,ISP,NY,AEA,EN,Towers with Radar,27,8,28,0,63,0,8,48,4,60,27,16,76,4,123,68,0,68,191
05/11/2022,ISP,NY,AEA,EN,Towers with Radar,23,8,44,1,76,0,5,113,6,124,23,13,157,7,200,434,10,444,644
05/12/2022,ISP,NY,AEA,EN,Towers with Radar,25,11,37,0,73,0,9,47,2,58,25,20,84,2,131,448,0,448,579
05/13/2022,ISP,NY,AEA,EN,Towers with Radar,25,11,24,0,60,0,0,3,0,3,25,11,27,0,63,26,0,26,89
05/14/2022,ISP,NY,AEA,EN,Towers with Radar,24,13,31,0,68,0,0,3,0,3,24,13,34,0,71,0,0,0,71
05/15/2022,ISP,NY,AEA,EN,Towers with Radar,22,15,33,0,70,0,1,58,0,59,22,16,91,0,129,306,0,306,435
05/16/2022,ISP,NY,AEA,EN,Towers with Radar,28,12,19,0,59,0,0,22,1,23,28,12,41,1,82,58,0,58,140
05/17/2022,ISP,NY,AEA,EN,Towers with Radar,23,9,35,0,67,0,13,172,7,192,23,22,207,7,259,610,0,610,869
05/18/2022,ISP,NY,AEA,EN,Towers with Radar,23,14,56,1,94,0,16,240,11,267,23,30,296,12,361,678,0,678,1039
05/19/2022,ISP,NY,AEA,EN,Towers with Radar,28,8,36,0,72,0,2,8,0,10,28,10,44,0,82,176,0,176,258
05/20/2022,ISP,NY,AEA,EN,Towers with Radar,30,22,48,2,102,0,2,30,0,32,30,24,78,2,134,120,0,120,254
05/21/2022,ISP,NY,AEA,EN,Towers with Radar,25,8,36,0,69,0,7,151,0,158,25,15,187,0,227,568,0,568,795
05/22/2022,ISP,NY,AEA,EN,Towers with Radar,26,10,41,0,77,0,4,177,0,181,26,14,218,0,258,456,0,456,714
05/23/2022,ISP,NY,AEA,EN,Towers with Radar,26,17,23,0,66,0,3,133,0,136,26,20,156,0,202,398,0,398,600
05/24/2022,ISP,NY,AEA,EN,Towers with Radar,22,12,38,0,72,0,19,167,5,191,22,31,205,5,263,556,0,556,819
05/25/2022,ISP,NY,AEA,EN,Towers with Radar,24,14,40,0,78,0,13,209,9,231,24,27,249,9,309,594,0,594,903
05/26/2022,ISP,NY,AEA,EN,Towers with Radar,29,15,50,0,94,0,14,145,4,163,29,29,195,4,257,434,8,442,699
05/27/2022,ISP,NY,AEA,EN,Towers with Radar,24,10,22,0,56,0,0,0,0,0,24,10,22,0,56,0,0,0,56
05/28/2022,ISP,NY,AEA,EN,Towers with Radar,25,5,23,3,56,0,2,27,0,29,25,7,50,3,85,66,0,66,151
05/29/2022,ISP,NY,AEA,EN,Towers with Radar,31,10,28,0,69,0,0,160,7,167,31,10,188,7,236,400,12,412,648
05/30/2022,ISP,NY,AEA,EN,Towers with Radar,29,10,50,0,89,0,7,190,4,201,29,17,240,4,290,464,0,464,754
05/31/2022,ISP,NY,AEA,EN,Towers with Radar,24,16,41,2,83,0,15,158,2,175,24,31,199,4,258,570,0,570,828
06/01/2022,ISP,NY,AEA,EN,Towers with Radar,23,10,32,0,65,0,6,54,2,62,23,16,86,2,127,274,0,274,401
06/02/2022,ISP,NY,AEA,EN,Towers with Radar,28,13,34,1,76,0,1,11,3,15,28,14,45,4,91,94,0,94,185
06/03/2022,ISP,NY,AEA,EN,Towers with Radar,26,8,50,0,84,0,2,52,0,54,26,10,102,0,138,366,0,366,504
06/04/2022,ISP,NY,AEA,EN,Towers with Radar,26,6,35,2,69,0,6,174,2,182,26,12,209,4,251,360,0,360,611
06/05/2022,ISP,NY,AEA,EN,Towers with Radar,28,9,35,1,73,0,8,183,1,192,28,17,218,2,265,376,0,376,641
06/06/2022,ISP,NY,AEA,EN,Towers with Radar,25,13,32,0,70,0,6,168,2,176,25,19,200,2,246,440,0,440,686
06/07/2022,ISP,NY,AEA,EN,Towers with Radar,23,16,18,11,68,0,5,115,0,120,23,21,133,11,188,176,0,176,364
06/08/2022,ISP,NY,AEA,EN,Towers with Radar,23,13,39,4,79,0,8,88,2,98,23,21,127,6,177,284,0,284,461
06/09/2022,ISP,NY,AEA,EN,Towers with Radar,21,18,23,2,64,0,1,46,2,49,21,19,69,4,113,114,0,114,227
06/10/2022,ISP,NY,AEA,EN,Towers with Radar,20,13,41,2,76,0,13,230,0,243,20,26,271,2,319,388,0,388,707
06/11/2022,ISP,NY,AEA,EN,Towers with Radar,25,6,29,2,62,0,11,163,5,179,25,17,192,7,241,370,0,370,611
06/12/2022,ISP,NY,AEA,EN,Towers with Radar,25,11,42,0,78,0,0,36,0,36,25,11,78,0,114,112,0,112,226
06/13/2022,ISP,NY,AEA,EN,Towers with Radar,19,12,34,0,65,0,1,157,0,158,19,13,191,0,223,484,2,486,709
06/14/2022,ISP,NY,AEA,EN,Towers with Radar,20,12,47,0,79,0,11,176,5,192,20,23,223,5,271,520,0,520,791
06/15/2022,ISP,NY,AEA,EN,Towers with Radar,17,12,28,0,57,0,13,152,2,167,17,25,180,2,224,426,2,428,652
06/16/2022,ISP,NY,AEA,EN,Towers with Radar,20,10,51,1,82,0,0,58,3,61,20,10,109,4,143,284,8,292,435
06/17/2022,ISP,NY,AEA,EN,Towers with Radar,21,18,36,1,76,0,5,48,2,55,21,23,84,3,131,166,0,166,297
06/18/2022,ISP,NY,AEA,EN,Towers with Radar,25,5,18,0,48,0,7,84,0,91,25,12,102,0,139,158,2,160,299
06/19/2022,ISP,NY,AEA,EN,Towers with Radar,24,14,34,0,72,0,8,85,0,93,24,22,119,0,165,94,0,94,259
06/20/2022,ISP,NY,AEA,EN,Towers with Radar,22,13,43,0,78,0,11,204,2,217,22,24,247,2,295,484,0,484,779
06/21/2022,ISP,NY,AEA,EN,Towers with Radar,21,13,40,0,74,0,7,161,2,170,21,20,201,2,244,534,0,534,778
06/22/2022,ISP,NY,AEA,EN,Towers with Radar,18,14,39,2,73,0,2,2,0,4,18,16,41,2,77,0,0,0,77
06/23/2022,ISP,NY,AEA,EN,Towers with Radar,22,17,53,2,94,0,12,133,0,145,22,29,186,2,239,280,0,280,519
06/24/2022,ISP,NY,AEA,EN,Towers with Radar,18,21,36,0,75,0,11,154,2,167,18,32,190,2,242,324,0,324,566
06/25/2022,ISP,NY,AEA,EN,Towers with Radar,27,12,32,0,71,0,15,197,2,214,27,27,229,2,285,376,0,376,661
06/26/2022,ISP,NY,AEA,EN,Towers with Radar,25,20,33,1,79,0,10,165,1,176,25,30,198,2,255,450,0,450,705
06/27/2022,ISP,NY,AEA,EN,Towers with Radar,17,11,20,0,48,0,0,3,0,3,17,11,23,0,51,36,0,36,87
06/28/2022,ISP,NY,AEA,EN,Towers with Radar,22,17,35,1,75,0,8,201,1,210,22,25,236,2,285,544,0,544,829
06/29/2022,ISP,NY,AEA,EN,Towers with Radar,18,9,47,1,75,0,8,204,3,215,18,17,251,4,290,478,4,482,772
06/30/2022,ISP,NY,AEA,EN,Towers with Radar,22,15,49,3,89,0,8,176,3,187,22,23,225,6,276,272,2,274,550
07/01/2022,ISP,NY,AEA,EN,Towers with Radar,19,19,32,0,70,0,13,149,4,166,19,32,181,4,236,368,0,368,604
07/02/2022,ISP,NY,AEA,EN,Towers with Radar,25,4,18,0,47,0,0,31,2,33,25,4,49,2,80,170,0,170,250
07/03/2022,ISP,NY,AEA,EN,Towers with Radar,27,8,28,0,63,0,11,143,2,156,27,19,171,2,219,432,0,432,651
07/04/2022,ISP,NY,AEA,EN,Towers with Radar,20,9,13,1,43,0,14,179,3,196,20,23,192,4,239,340,0,340,579
07/05/2022,ISP,NY,AEA,EN,Towers with Radar,23,18,31,0,72,0,9,121,0,130,23,27,152,0,202,258,0,258,460
07/06/2022,ISP,NY,AEA,EN,Towers with Radar,18,11,24,2,55,0,7,144,0,151,18,18,168,2,206,362,0,362,568
07/07/2022,ISP,NY,AEA,EN,Towers with Radar,25,13,36,2,76,0,8,126,2,136,25,21,162,4,212,308,2,310,522
07/08/2022,ISP,NY,AEA,EN,Towers with Radar,20,14,35,0,69,0,4,142,0,146,20,18,177,0,215,216,0,216,431
07/09/2022,ISP,NY,AEA,EN,Towers with Radar,24,10,38,1,73,0,14,192,1,207,24,24,230,2,280,280,0,280,560
07/10/2022,ISP,NY,AEA,EN,Towers with Radar,26,13,47,1,87,0,15,195,1,211,26,28,242,2,298,338,0,338,636
07/11/2022,ISP,NY,AEA,EN,Towers with Radar,22,15,30,0,67,0,14,151,0,165,22,29,181,0,232,352,0,352,584
07/12/2022,ISP,NY,AEA,EN,Towers with Radar,24,13,32,1,70,0,8,58,1,67,24,21,90,2,137,74,0,74,211
07/13/2022,ISP,NY,AEA,EN,Towers with Radar,17,9,40,1,67,0,14,228,4,246,17,23,268,5,313,326,0,326,639
07/14/2022,ISP,NY,AEA,EN,Towers with Radar,24,16,34,1,75,0,10,126,3,139,24,26,160,4,214,404,0,404,618
07/15/2022,ISP,NY,AEA,EN,Towers with Radar,20,14,40,2,76,0,19,194,4,217,20,33,234,6,293,384,0,384,677
07/16/2022,ISP,NY,AEA,EN,Towers with Radar,22,14,48,1,85,0,2,35,1,38,22,16,83,2,123,124,0,124,247
07/17/2022,ISP,NY,AEA,EN,Towers with Radar,25,23,47,0,95,0,19,152,2,173,25,42,199,2,268,442,0,442,710
07/18/2022,ISP,NY,AEA,EN,Towers with Radar,20,18,31,3,72,0,0,5,0,5,20,18,36,3,77,0,10,10,87
07/19/2022,ISP,NY,AEA,EN,Towers with Radar,23,11,54,2,90,0,17,186,4,207,23,28,240,6,297,496,0,496,793
07/20/2022,ISP,NY,AEA,EN,Towers with Radar,17,14,39,0,70,0,19,170,6,195,17,33,209,6,265,412,0,412,677
07/21/2022,ISP,NY,AEA,EN,Towers with Radar,24,17,33,0,74,0,13,86,2,101,24,30,119,2,175,182,12,194,369
07/22/2022,ISP,NY,AEA,EN,Towers with Radar,19,14,42,2,77,0,9,220,2,231,19,23,262,4,308,466,0,466,774
07/23/2022,ISP,NY,AEA,EN,Towers with Radar,27,13,34,0,74,0,13,168,0,181,27,26,202,0,255,434,0,434,689
07/24/2022,ISP,NY,AEA,EN,Towers with Radar,24,16,36,0,76,0,3,113,6,122,24,19,149,6,198,318,0,318,516
07/25/2022,ISP,NY,AEA,EN,Towers with Radar,15,10,14,0,39,0,0,22,2,24,15,10,36,2,63,4,0,4,67
07/26/2022,ISP,NY,AEA,EN,Towers with Radar,23,18,40,0,81,0,12,196,5,213,23,30,236,5,294,608,0,608,902
07/27/2022,ISP,NY,AEA,EN,Towers with Radar,18,18,55,4,95,0,15,217,8,240,18,33,272,12,335,500,0,500,835
07/28/2022,ISP,NY,AEA,EN,Towers with Radar,23,15,46,2,86,0,5,58,1,64,23,20,104,3,150,216,0,216,366
07/29/2022,ISP,NY,AEA,EN,Towers with Radar,19,14,25,0,58,0,10,159,0,169,19,24,184,0,227,332,0,332,559
07/30/2022,ISP,NY,AEA,EN,Towers with Radar,25,15,21,0,61,0,7,157,2,166,25,22,178,2,227,284,0,284,511
07/31/2022,ISP,NY,AEA,EN,Towers with Radar,23,19,42,0,84,0,8,143,2,153,23,27,185,2,237,262,0,262,499
08/01/2022,ISP,NY,AEA,EN,Towers with Radar,20,12,49,0,81,0,0,11,2,13,20,12,60,2,94,54,0,54,148
08/02/2022,ISP,NY,AEA,EN,Towers with Radar,23,13,29,0,65,0,15,141,2,158,23,28,170,2,223,418,0,418,641
08/03/2022,ISP,NY,AEA,EN,Towers with Radar,17,14,40,2,73,0,16,178,4,198,17,30,218,6,271,432,0,432,703
08/04/2022,ISP,NY,AEA,EN,Towers with Radar,19,17,38,0,74,0,11,138,1,150,19,28,176,1,224,308,0,308,532
08/05/2022,ISP,NY,AEA,EN,Towers with Radar,18,14,34,0,66,0,8,122,1,131,18,22,156,1,197,314,0,314,511
08/06/2022,ISP,NY,AEA,EN,Towers with Radar,26,15,26,0,67,0,5,96,1,102,26,20,122,1,169,168,0,168,337
08/07/2022,ISP,NY,AEA,EN,Towers with Radar,25,17,29,0,71,0,13,91,2,106,25,30,120,2,177,206,0,206,383
08/08/2022,ISP,NY,AEA,EN,Towers with Radar,21,10,37,2,70,0,3,114,4,121,21,13,151,6,191,240,0,240,431
08/09/2022,ISP,NY,AEA,EN,Towers with Radar,21,9,14,2,46,0,5,120,2,127,21,14,134,4,173,188,0,188,361
08/10/2022,ISP,NY,AEA,EN,Towers with Radar,16,14,47,2,79,0,6,138,0,144,16,20,185,2,223,328,0,328,551
08/11/2022,ISP,NY,AEA,EN,Towers with Radar,21,11,45,0,77,0,9,84,1,94,21,20,129,1,171,242,0,242,413
08/12/2022,ISP,NY,AEA,EN,Towers with Radar,19,15,31,0,65,0,23,187,0,210,19,38,218,0,275,428,0,428,703
08/13/2022,ISP,NY,AEA,EN,Towers with Radar,24,10,25,0,59,0,6,208,4,218,24,16,233,4,277,526,0,526,803
08/14/2022,ISP,NY,AEA,EN,Towers with Radar,24,18,41,0,83,0,4,169,5,178,24,22,210,5,261,422,0,422,683
08/15/2022,ISP,NY,AEA,EN,Towers with Radar,23,16,36,0,75,0,3,155,0,158,23,19,191,0,233,364,0,364,597
08/16/2022,ISP,NY,AEA,EN,Towers with Radar,22,16,33,1,72,0,11,146,6,163,22,27,179,7,235,394,0,394,629
08/17/2022,ISP,NY,AEA,EN,Towers with Radar,18,10,54,0,82,0,7,146,2,155,18,17,200,2,237,412,0,412,649
08/18/2022,ISP,NY,AEA,EN,Towers with Radar,23,10,41,2,76,0,17,147,3,167,23,27,188,5,243,350,0,350,593
08/19/2022,ISP,NY,AEA,EN,Towers with Radar,18,19,34,0,71,0,13,176,5,194,18,32,210,5,265,416,10,426,691
08/20/2022,ISP,NY,AEA,EN,Towers with Radar,25,8,33,0,66,0,8,183,4,195,25,16,216,4,261,428,0,428,689
08/21/2022,ISP,NY,AEA,EN,Towers with Radar,24,15,35,0,74,0,2,70,0,72,24,17,105,0,146,310,0,310,456
08/22/2022,ISP,NY,AEA,EN,Towers with Radar,21,10,38,0,69,0,0,8,0,8,21,10,46,0,77,0,0,0,77
08/23/2022,ISP,NY,AEA,EN,Towers with Radar,21,10,32,0,63,0,5,43,0,48,21,15,75,0,111,170,0,170,281
08/24/2022,ISP,NY,AEA,EN,Towers with Radar,16,7,42,0,65,0,16,210,3,229,16,23,252,3,294,310,0,310,604
08/25/2022,ISP,NY,AEA,EN,Towers with Radar,24,10,48,0,82,0,11,190,8,209,24,21,238,8,291,362,0,362,653
08/26/2022,ISP,NY,AEA,EN,Towers with Radar,18,15,31,0,64,0,9,146,2,157,18,24,177,2,221,308,0,308,529
08/27/2022,ISP,NY,AEA,EN,Towers with Radar,25,8,24,0,57,0,7,170,2,179,25,15,194,2,236,326,0,326,562
08/28/2022,ISP,NY,AEA,EN,Towers with Radar,23,10,35,0,68,0,0,97,0,97,23,10,132,0,165,308,0,308,473
08/29/2022,ISP,NY,AEA,EN,Towers with Radar,20,10,40,2,72,0,10,62,4,76,20,20,102,6,148,316,6,322,470
08/30/2022,ISP,NY,AEA,EN,Towers with Radar,17,12,29,1,59,0,6,61,7,74,17,18,90,8,133,126,0,126,259
08/31/2022,ISP,NY,AEA,EN,Towers with Radar,17,7,48,1,73,0,20,184,5,209,17,27,232,6,282,390,0,390,672
09/01/2022,ISP,NY,AEA,EN,Towers with Radar,24,13,40,2,79,0,11,193,8,212,24,24,233,10,291,308,0,308,599
09/02/2022,ISP,NY,AEA,EN,Towers with Radar,22,12,32,0,66,0,8,213,7,228,22,20,245,7,294,430,16,446,740
09/03/2022,ISP,NY,AEA,EN,Towers with Radar,25,8,26,0,59,0,4,199,3,206,25,12,225,3,265,524,0,524,789
09/04/2022,ISP,NY,AEA,EN,Towers with Radar,19,11,27,0,57,0,7,128,2,137,19,18,155,2,194,442,0,442,636
09/05/2022,ISP,NY,AEA,EN,Towers with Radar,23,10,38,0,71,0,5,60,0,65,23,15,98,0,136,320,0,320,456
09/06/2022,ISP,NY,AEA,EN,Towers with Radar,21,11,21,0,53,0,2,0,0,2,21,13,21,0,55,0,18,18,73
09/07/2022,ISP,NY,AEA,EN,Towers with Radar,16,8,39,2,65,0,5,33,4,42,16,13,72,6,107,172,0,172,279
09/08/2022,ISP,NY,AEA,EN,Towers with Radar,14,9,46,0,69,0,23,142,8,173,14,32,188,8,242,434,0,434,676
09/09/2022,ISP,NY,AEA,EN,Towers with Radar,17,9,36,2,64,0,14,180,2,196,17,23,216,4,260,328,0,328,588
09/10/2022,ISP,NY,AEA,EN,Towers with Radar,19,8,47,0,74,0,10,227,0,237,19,18,274,0,311,392,0,392,703
09/11/2022,ISP,NY,AEA,EN,Towers with Radar,20,12,38,0,70,0,2,124,2,128,20,14,162,2,198,266,0,266,464
09/12/2022,ISP,NY,AEA,EN,Towers with Radar,16,7,43,0,66,0,0,39,0,39,16,7,82,0,105,88,0,88,193
09/13/2022,ISP,NY,AEA,EN,Towers with Radar,17,4,26,1,48,0,2,50,5,57,17,6,76,6,105,184,0,184,289
09/14/2022,ISP,NY,AEA,EN,Towers with Radar,17,13,35,2,67,0,21,219,10,250,17,34,254,12,317,388,0,388,705
09/15/2022,ISP,NY,AEA,EN,Towers with Radar,16,12,46,0,74,0,11,149,1,161,16,23,195,1,235,270,0,270,505
09/16/2022,ISP,NY,AEA,EN,Towers with Radar,18,5,42,4,69,0,13,183,4,200,18,18,225,8,269,390,0,390,659
09/17/2022,ISP,NY,AEA,EN,Towers with Radar,20,4,27,0,51,0,13,209,2,224,20,17,236,2,275,338,0,338,613
09/18/2022,ISP,NY,AEA,EN,Towers with Radar,19,11,49,0,79,0,5,179,0,184,19,16,228,0,263,284,0,284,547
09/19/2022,ISP,NY,AEA,EN,Towers with Radar,20,12,44,0,76,0,8,103,2,113,20,20,147,2,189,410,0,410,599
09/20/2022,ISP,NY,AEA,EN,Towers with Radar,18,13,38,0,69,0,14,130,2,146,18,27,168,2,215,386,0,386,601
09/21/2022,ISP,NY,AEA,EN,Towers with Radar,17,9,38,0,64,0,10,204,4,218,17,19,242,4,282,438,0,438,720
09/22/2022,ISP,NY,AEA,EN,Towers with Radar,17,10,22,0,49,0,4,14,0,18,17,14,36,0,67,32,0,32,99
09/23/2022,ISP,NY,AEA,EN,Towers with Radar,20,7,20,0,47,0,10,27,5,42,20,17,47,5,89,20,0,20,109
09/24/2022,ISP,NY,AEA,EN,Towers with Radar,22,7,19,0,48,0,6,180,4,190,22,13,199,4,238,392,0,392,630
09/25/2022,ISP,NY,AEA,EN,Towers with Radar,24,9,37,0,70,0,2,127,2,131,24,11,164,2,201,304,0,304,505
09/26/2022,ISP,NY,AEA,EN,Towers with Radar,19,8,46,0,73,0,7,109,2,118,19,15,155,2,191,290,0,290,481
09/27/2022,ISP,NY,AEA,EN,Towers with Radar,17,10,39,1,67,0,18,136,8,162,17,28,175,9,229,368,0,368,597
09/28/2022,ISP,NY,AEA,EN,Towers with Radar,9,8,43,0,60,0,10,168,2,180,9,18,211,2,240,406,0,406,646
09/29/2022,ISP,NY,AEA,EN,Towers with Radar,12,10,37,0,59,0,20,134,3,157,12,30,171,3,216,388,0,388,604
09/30/2022,ISP,NY,AEA,EN,Towers with Radar,12,19,50,0,81,0,12,165,0,177,12,31,215,0,258,508,0,508,766
10/01/2022,ISP,NY,AEA,EN,Towers with Radar,20,4,16,2,42,0,0,2,0,2,20,4,18,2,44,0,0,0,44
10/02/2022,ISP,NY,AEA,EN,Towers with Radar,23,6,18,0,47,0,0,4,0,4,23,6,22,0,51,0,0,0,51
10/03/2022,ISP,NY,AEA,EN,Towers with Radar,21,8,19,0,48,0,0,8,1,9,21,8,27,1,57,0,0,0,57
10/04/2022,ISP,NY,AEA,EN,Towers with Radar,18,7,13,0,38,0,2,0,0,2,18,9,13,0,40,0,0,0,40
10/05/2022,ISP,NY,AEA,EN,Towers with Radar,18,4,24,2,48,0,2,0,0,2,18,6,24,2,50,10,0,10,60
10/06/2022,ISP,NY,AEA,EN,Towers with Radar,20,9,50,0,79,0,18,193,3,214,20,27,243,3,293,488,0,488,781
10/07/2022,ISP,NY,AEA,EN,Towers with Radar,20,10,42,0,72,0,15,165,6,186,20,25,207,6,258,430,0,430,688
10/08/2022,ISP,NY,AEA,EN,Towers with Radar,21,11,19,0,51,0,21,144,2,167,21,32,163,2,218,284,0,284,502
10/09/2022,ISP,NY,AEA,EN,Towers with Radar,25,6,30,0,61,0,8,178,2,188,25,14,208,2,249,290,0,290,539
10/10/2022,ISP,NY,AEA,EN,Towers with Radar,19,11,32,0,62,0,15,172,2,189,19,26,204,2,251,344,0,344,595
10/11/2022,ISP,NY,AEA,EN,Towers with Radar,18,23,46,0,87,0,22,169,5,196,18,45,215,5,283,336,0,336,619
10/12/2022,ISP,NY,AEA,EN,Towers with Radar,17,5,44,0,66,0,13,198,7,218,17,18,242,7,284,360,0,360,644
10/13/2022,ISP,NY,AEA,EN,Towers with Radar,19,8,27,0,54,0,8,12,0,20,19,16,39,0,74,22,0,22,96
10/14/2022,ISP,NY,AEA,EN,Towers with Radar,20,9,58,0,87,0,10,92,3,105,20,19,150,3,192,230,0,230,422
10/15/2022,ISP,NY,AEA,EN,Towers with Radar,21,8,43,0,72,0,7,191,0,198,21,15,234,0,270,426,0,426,696
10/16/2022,ISP,NY,AEA,EN,Towers with Radar,25,5,40,0,70,0,12,197,2,211,25,17,237,2,281,318,0,318,599
10/17/2022,ISP,NY,AEA,EN,Towers with Radar,20,6,52,0,78,0,0,20,0,20,20,6,72,0,98,68,0,68,166
10/18/2022,ISP,NY,AEA,EN,Towers with Radar,18,10,36,0,64,0,17,149,4,170,18,27,185,4,234,310,0,310,544
10/19/2022,ISP,NY,AEA,EN,Towers with Radar,20,9,49,0,78,0,16,166,6,188,20,25,215,6,266,220,0,220,486
10/20/2022,ISP,NY,AEA,EN,Towers with Radar,19,13,31,0,63,0,11,120,1,132,19,24,151,1,195,210,0,210,405
10/21/2022,ISP,NY,AEA,EN,Towers with Radar,24,4,33,0,61,0,13,166,2,181,24,17,199,2,242,374,0,374,616
10/22/2022,ISP,NY,AEA,EN,Towers with Radar,21,2,25,1,49,0,11,176,1,188,21,13,201,2,237,416,0,416,653
10/23/2022,ISP,NY,AEA,EN,Towers with Radar,24,10,28,0,62,0,4,53,1,58,24,14,81,1,120,214,0,214,334
10/24/2022,ISP,NY,AEA,EN,Towers with Radar,23,8,26,0,57,0,0,0,0,0,23,8,26,0,57,0,0,0,57
10/25/2022,ISP,NY,AEA,EN,Towers with Radar,18,12,33,0,63,0,0,5,0,5,18,12,38,0,68,30,22,52,120
10/26/2022,ISP,NY,AEA,EN,Towers with Radar,17,3,21,0,41,0,0,4,0,4,17,3,25,0,45,24,0,24,69
10/27/2022,ISP,NY,AEA,EN,Towers with Radar,21,3,45,0,69,0,40,157,6,203,21,43,202,6,272,206,0,206,478
10/28/2022,ISP,NY,AEA,EN,Towers with Radar,19,7,41,0,67,0,38,157,1,196,19,45,198,1,263,422,0,422,685
10/29/2022,ISP,NY,AEA,EN,Towers with Radar,21,4,43,0,68,0,12,147,4,163,21,16,190,4,231,370,0,370,601
10/30/2022,ISP,NY,AEA,EN,Towers with Radar,24,2,38,0,64,0,12,190,0,202,24,14,228,0,266,464,0,464,730
10/31/2022,ISP,NY,AEA,EN,Towers with Radar,20,6,49,0,75,0,13,103,3,119,20,19,152,3,194,388,0,388,582
11/01/2022,ISP,NY,AEA,EN,Towers with Radar,18,5,24,0,47,0,0,16,0,16,18,5,40,0,63,40,0,40,103
11/02/2022,ISP,NY,AEA,EN,Towers with Radar,17,8,32,0,57,0,16,142,2,160,17,24,174,2,217,456,20,476,693
11/03/2022,ISP,NY,AEA,EN,Towers with Radar,19,7,38,0,64,0,10,182,4,196,19,17,220,4,260,416,0,416,676
11/04/2022,ISP,NY,AEA,EN,Towers with Radar,20,15,40,1,76,0,9,112,5,126,20,24,152,6,202,258,0,258,460
11/05/2022,ISP,NY,AEA,EN,Towers with Radar,21,3,41,0,65,0,5,157,1,163,21,8,198,1,228,424,0,424,652
11/06/2022,ISP,NY,AEA,EN,Towers with Radar,23,6,38,0,67,0,7,120,9,136,23,13,158,9,203,220,0,220,423
11/07/2022,ISP,NY,AEA,EN,Towers with Radar,22,3,36,0,61,0,27,118,4,149,22,30,154,4,210,410,0,410,620
11/08/2022,ISP,NY,AEA,EN,Towers with Radar,21,4,22,0,47,0,11,111,4,126,21,15,133,4,173,212,0,212,385
11/09/2022,ISP,NY,AEA,EN,Towers with Radar,13,7,35,1,56,0,18,140,3,161,13,25,175,4,217,514,10,524,741
11/10/2022,ISP,NY,AEA,EN,Towers with Radar,19,1,51,0,71,0,10,128,4,142,19,11,179,4,213,428,0,428,641
11/11/2022,ISP,NY,AEA,EN,Towers with Radar,22,7,20,0,49,0,6,9,0,15,22,13,29,0,64,12,0,12,76
11/12/2022,ISP,NY,AEA,EN,Towers with Radar,26,7,26,0,59,0,4,51,0,55,26,11,77,0,114,136,0,136,250
11/13/2022,ISP,NY,AEA,EN,Towers with Radar,24,5,34,1,64,0,9,32,1,42,24,14,66,2,106,202,0,202,308
11/14/2022,ISP,NY,AEA,EN,Towers with Radar,23,3,38,0,64,0,14,150,2,166,23,17,188,2,230,444,0,444,674
11/15/2022,ISP,NY,AEA,EN,Towers with Radar,22,9,29,0,60,0,11,157,6,174,22,20,186,6,234,410,0,410,644
11/16/2022,ISP,NY,AEA,EN,Towers with Radar,19,5,7,0,31,0,1,20,0,21,19,6,27,0,52,54,0,54,106
11/17/2022,ISP,NY,AEA,EN,Towers with Radar,22,9,39,0,70,0,7,92,4,103,22,16,131,4,173,216,0,216,389
11/18/2022,ISP,NY,AEA,EN,Towers with Radar,24,13,37,1,75,0,18,135,3,156,24,31,172,4,231,302,0,302,533
11/19/2022,ISP,NY,AEA,EN,Towers with Radar,25,6,37,0,68,0,0,171,2,173,25,6,208,2,241,330,0,330,571
11/20/2022,ISP,NY,AEA,EN,Towers with Radar,24,8,19,0,51,0,4,30,0,34,24,12,49,0,85,14,6,20,105
11/21/2022,ISP,NY,AEA,EN,Towers with Radar,20,14,30,0,64,0,14,113,1,128,20,28,143,1,192,344,4,348,540
11/22/2022,ISP,NY,AEA,EN,Towers with Radar,26,14,34,2,76,0,10,187,2,199,26,24,221,4,275,328,0,328,603
11/23/2022,ISP,NY,AEA,EN,Towers with Radar,23,8,32,1,64,0,9,134,4,147,23,17,166,5,211,404,0,404,615
11/24/2022,ISP,NY,AEA,EN,Towers with Radar,24,0,8,0,32,0,4,51,0,55,24,4,59,0,87,106,0,106,193
11/25/2022,ISP,NY,AEA,EN,Towers with Radar,24,2,15,0,41,0,3,23,0,26,24,5,38,0,67,28,0,28,95
11/26/2022,ISP,NY,AEA,EN,Towers with Radar,27,6,43,1,77,0,5,182,4,191,27,11,225,5,268,362,0,362,630
11/27/2022,ISP,NY,AEA,EN,Towers with Radar,28,13,28,1,70,0,1,59,3,63,28,14,87,4,133,134,0,134,267
11/28/2022,ISP,NY,AEA,EN,Towers with Radar,26,8,32,4,70,0,6,72,4,82,26,14,104,8,152,280,18,298,450
11/29/2022,ISP,NY,AEA,EN,Towers with Radar,22,9,39,0,70,0,10,156,8,174,22,19,195,8,244,296,0,296,540
11/30/2022,ISP,NY,AEA,EN,Towers with Radar,18,4,16,0,38,0,2,10,3,15,18,6,26,3,53,40,24,64,117
12/01/2022,ISP,NY,AEA,EN,Towers with Radar,24,12,26,0,62,0,9,36,2,47,24,21,62,2,109,74,0,74,183
12/02/2022,ISP,NY,AEA,EN,Towers with Radar,24,10,39,0,73,0,15,208,3,226,24,25,247,3,299,356,0,356,655
12/03/2022,ISP,NY,AEA,EN,Towers with Radar,33,9,4,1,47,0,0,1,0,1,33,9,5,1,48,0,0,0,48
12/04/2022,ISP,NY,AEA,EN,Towers with Radar,22,8,30,1,61,0,8,202,1,211,22,16,232,2,272,408,0,408,680
12/05/2022,ISP,NY,AEA,EN,Towers with Radar,24,9,31,0,64,0,14,142,2,158,24,23,173,2,222,314,0,314,536
12/06/2022,ISP,NY,AEA,EN,Towers with Radar,19,9,21,2,51,0,3,58,4,65,19,12,79,6,116,142,0,142,258
12/07/2022,ISP,NY,AEA,EN,Towers with Radar,22,8,22,0,52,0,0,0,0,0,22,8,22,0,52,0,0,0,52
12/08/2022,ISP,NY,AEA,EN,Towers with Radar,25,6,38,0,69,0,17,185,4,206,25,23,223,4,275,344,0,344,619
12/09/2022,ISP,NY,AEA,EN,Towers with Radar,25,7,30,0,62,0,13,161,5,179,25,20,191,5,241,328,0,328,569
12/10/2022,ISP,NY,AEA,EN,Towers with Radar,25,4,20,0,49,0,4,99,6,109,25,8,119,6,158,280,0,280,438
12/11/2022,ISP,NY,AEA,EN,Towers with Radar,22,6,18,0,46,0,2,13,0,15,22,8,31,0,61,128,0,128,189
12/12/2022,ISP,NY,AEA,EN,Towers with Radar,23,4,18,0,45,0,9,24,0,33,23,13,42,0,78,126,0,126,204
12/13/2022,ISP,NY,AEA,EN,Towers with Radar,21,8,29,0,58,0,14,152,4,170,21,22,181,4,228,366,4,370,598
12/14/2022,ISP,NY,AEA,EN,Towers with Radar,20,5,17,0,42,0,9,99,2,110,20,14,116,2,152,186,0,186,338
12/15/2022,ISP,NY,AEA,EN,Towers with Radar,21,11,17,2,51,0,4,54,2,60,21,15,71,4,111,314,30,344,455
12/16/2022,ISP,NY,AEA,EN,Towers with Radar,22,7,6,0,35,0,0,0,0,0,22,7,6,0,35,0,0,0,35
12/17/2022,ISP,NY,AEA,EN,Towers with Radar,25,3,37,0,65,0,4,126,0,130,25,7,163,0,195,146,0,146,341
12/18/2022,ISP,NY,AEA,EN,Towers with Radar,22,5,31,1,59,0,8,163,2,173,22,13,194,3,232,316,0,316,548
12/19/2022,ISP,NY,AEA,EN,Towers with Radar,24,5,17,5,51,0,8,109,5,122,24,13,126,10,173,278,0,278,451
12/20/2022,ISP,NY,AEA,EN,Towers with Radar,18,6,24,1,49,0,11,152,4,167,18,17,176,5,216,366,0,366,582
12/21/2022,ISP,NY,AEA,EN,Towers with Radar,23,13,36,0,72,0,20,170,2,192,23,33,206,2,264,436,0,436,700
12/22/2022,ISP,NY,AEA,EN,Towers with Radar,27,17,30,0,74,0,4,39,0,43,27,21,69,0,117,130,0,130,247
12/23/2022,ISP,NY,AEA,EN,Towers with Radar,25,7,1,0,33,0,0,0,0,0,25,7,1,0,33,0,0,0,33
12/24/2022,ISP,NY,AEA,EN,Towers with Radar,17,8,7,0,32,0,6,16,0,22,17,14,23,0,54,0,0,0,54
12/25/2022,ISP,NY,AEA,EN,Towers with Radar,18,6,5,2,31,0,1,13,0,14,18,7,18,2,45,0,0,0,45
12/26/2022,ISP,NY,AEA,EN,Towers with Radar,18,17,45,0,80,0,10,144,0,154,18,27,189,0,234,188,0,188,422
12/27/2022,ISP,NY,AEA,EN,Towers with Radar,10,9,37,0,56,0,2,138,4,144,10,11,175,4,200,312,0,312,512
12/28/2022,ISP,NY,AEA,EN,Towers with Radar,10,9,28,1,48,0,4,126,2,132,10,13,154,3,180,258,0,258,438
12/29/2022,ISP,NY,AEA,EN,Towers with Radar,14,6,31,1,52,0,11,178,0,189,14,17,209,1,241,284,3,287,528
12/30/2022,ISP,NY,AEA,EN,Towers with Radar,21,2,39,0,62,0,13,180,4,197,21,15,219,4,259,274,0,274,533
12/31/2022,ISP,NY,AEA,EN,Towers with Radar,25,3,12,0,40,0,0,0,0,0,25,3,12,0,40,0,0,0,40
01/01/2023,ISP,NY,AEA,EN,Towers with Radar,19,10,12,0,41,0,7,67,1,75,19,17,79,1,116,104,0,104,220
01/02/2023,ISP,NY,AEA,EN,Towers with Radar,24,17,43,0,84,0,2,175,0,177,24,19,218,0,261,332,0,332,593
01/03/2023,ISP,NY,AEA,EN,Towers with Radar,18,10,22,0,50,0,2,2,0,4,18,12,24,0,54,0,0,0,54
01/04/2023,ISP,NY,AEA,EN,Towers with Radar,18,5,27,2,52,0,2,74,8,84,18,7,101,10,136,240,0,240,376
01/05/2023,ISP,NY,AEA,EN,Towers with Radar,20,2,21,0,43,0,0,0,0,0,20,2,21,0,43,0,0,0,43
01/06/2023,ISP,NY,AEA,EN,Towers with Radar,29,6,25,0,60,0,2,14,0,16,29,8,39,0,76,18,0,18,94
01/07/2023,ISP,NY,AEA,EN,Towers with Radar,27,2,32,0,61,0,4,196,0,200,27,6,228,0,261,358,0,358,619
01/08/2023,ISP,NY,AEA,EN,Towers with Radar,29,6,38,0,73,0,8,144,0,152,29,14,182,0,225,272,0,272,497
01/09/2023,ISP,NY,AEA,EN,Towers with Radar,23,2,32,0,57,0,7,88,5,100,23,9,120,5,157,322,0,322,479
01/10/2023,ISP,NY,AEA,EN,Towers with Radar,24,5,46,0,75,0,9,141,0,150,24,14,187,0,225,544,0,544,769
01/11/2023,ISP,NY,AEA,EN,Towers with Radar,16,3,42,0,61,0,14,171,3,188,16,17,213,3,249,404,0,404,653
01/12/2023,ISP,NY,AEA,EN,Towers with Radar,22,7,16,0,45,0,6,8,0,14,22,13,24,0,59,88,0,88,147
01/13/2023,ISP,NY,AEA,EN,Towers with Radar,25,9,19,0,53,0,2,8,0,10,25,11,27,0,63,4,0,4,67
01/14/2023,ISP,NY,AEA,EN,Towers with Radar,29,3,8,0,40,0,6,23,0,29,29,9,31,0,69,126,0,126,195
01/15/2023,ISP,NY,AEA,EN,Towers with Radar,30,2,18,0,50,0,7,51,0,58,30,9,69,0,108,58,0,58,166
01/16/2023,ISP,NY,AEA,EN,Towers with Radar,25,11,33,0,69,0,7,142,0,149,25,18,175,0,218,274,0,274,492
01/17/2023,ISP,NY,AEA,EN,Towers with Radar,23,12,58,0,93,0,11,171,6,188,23,23,229,6,281,304,0,304,585
01/18/2023,ISP,NY,AEA,EN,Towers with Radar,22,12,34,0,68,0,21,118,3,142,22,33,152,3,210,134,0,134,344
01/19/2023,ISP,NY,AEA,EN,Towers with Radar,23,6,8,0,37,0,2,10,0,12,23,8,18,0,49,36,0,36,85
01/20/2023,ISP,NY,AEA,EN,Towers with Radar,25,7,32,0,64,0,11,100,2,113,25,18,132,2,177,144,0,144,321
01/21/2023,ISP,NY,AEA,EN,Towers with Radar,27,4,37,0,68,0,5,178,0,183,27,9,215,0,251,398,0,398,649
01/22/2023,ISP,NY,AEA,EN,Towers with Radar,28,8,26,0,62,0,2,123,2,127,28,10,149,2,189,348,0,348,537
01/23/2023,ISP,NY,AEA,EN,Towers with Radar,25,1,7,0,33,0,0,1,0,1,25,1,8,0,34,0,0,0,34
01/24/2023,ISP,NY,AEA,EN,Towers with Radar,25,8,65,0,98,0,7,152,1,160,25,15,217,1,258,266,0,266,524
01/25/2023,ISP,NY,AEA,EN,Towers with Radar,20,0,14,0,34,0,8,33,2,43,20,8,47,2,77,208,0,208,285
01/26/2023,ISP,NY,AEA,EN,Towers with Radar,24,14,14,0,52,0,3,11,0,14,24,17,25,0,66,18,0,18,84
01/27/2023,ISP,NY,AEA,EN,Towers with Radar,25,5,39,0,69,0,12,169,4,185,25,17,208,4,254,266,0,266,520
01/28/2023,ISP,NY,AEA,EN,Towers with Radar,28,6,44,0,78,0,4,150,3,157,28,10,194,3,235,264,0,264,499
01/29/2023,ISP,NY,AEA,EN,Towers with Radar,29,9,35,0,73,0,6,150,1,157,29,15,185,1,230,278,0,278,508
01/30/2023,ISP,NY,AEA,EN,Towers with Radar,23,11,50,2,86,0,17,135,4,156,23,28,185,6,242,348,0,348,590
01/31/2023,ISP,NY,AEA,EN,Towers with Radar,23,4,22,0,49,0,8,34,0,42,23,12,56,0,91,148,0,148,239
02/01/2023,ISP,NY,AEA,EN,Towers with Radar,20,14,32,0,66,0,14,128,0,142,20,28,160,0,208,294,0,294,502
02/02/2023,ISP,NY,AEA,EN,Towers with Radar,25,15,47,1,88,0,9,180,1,190,25,24,227,2,278,262,0,262,540
02/03/2023,ISP,NY,AEA,EN,Towers with Radar,24,11,9,4,48,0,5,12,0,17,24,16,21,4,65,0,0,0,65
02/04/2023,ISP,NY,AEA,EN,Towers with Radar,27,6,27,0,60,0,12,71,1,84,27,18,98,1,144,62,0,62,206
02/05/2023,ISP,NY,AEA,EN,Towers with Radar,29,4,29,0,62,0,1,116,0,117,29,5,145,0,179,162,0,162,341
02/06/2023,ISP,NY,AEA,EN,Towers with Radar,24,10,29,0,63,0,12,94,0,106,24,22,123,0,169,186,0,186,355
02/07/2023,ISP,NY,AEA,EN,Towers with Radar,26,14,31,0,71,0,13,145,0,158,26,27,176,0,229,322,0,322,551
02/08/2023,ISP,NY,AEA,EN,Towers with Radar,21,11,59,0,91,0,26,159,3,188,21,37,218,3,279,338,0,338,617
02/09/2023,ISP,NY,AEA,EN,Towers with Radar,28,7,44,0,79,0,12,102,0,114,28,19,146,0,193,292,0,292,485
02/10/2023,ISP,NY,AEA,EN,Towers with Radar,27,6,24,0,57,0,6,97,0,103,27,12,121,0,160,184,0,184,344
02/11/2023,ISP,NY,AEA,EN,Towers with Radar,27,1,30,0,58,0,9,178,0,187,27,10,208,0,245,240,0,240,485
02/12/2023,ISP,NY,AEA,EN,Towers with Radar,30,4,30,0,64,0,1,173,0,174,30,5,203,0,238,212,0,212,450
02/13/2023,ISP,NY,AEA,EN,Towers with Radar,24,6,31,0,61,0,6,102,0,108,24,12,133,0,169,350,0,350,519
02/14/2023,ISP,NY,AEA,EN,Towers with Radar,26,8,30,0,64,0,7,131,0,138,26,15,161,0,202,249,0,249,451
02/15/2023,ISP,NY,AEA,EN,Towers with Radar,21,15,28,2,66,0,15,99,2,116,21,30,127,4,182,128,0,128,310
02/16/2023,ISP,NY,AEA,EN,Towers with Radar,25,12,33,0,70,0,15,111,0,126,25,27,144,0,196,264,0,264,460
02/17/2023,ISP,NY,AEA,EN,Towers with Radar,25,6,16,0,47,0,2,3,0,5,25,8,19,0,52,0,0,0,52
02/18/2023,ISP,NY,AEA,EN,Towers with Radar,29,6,33,0,68,0,10,181,0,191,29,16,214,0,259,246,0,246,505
02/19/2023,ISP,NY,AEA,EN,Towers with Radar,29,1,36,0,66,0,4,133,0,137,29,5,169,0,203,236,0,236,439
02/20/2023,ISP,NY,AEA,EN,Towers with Radar,25,6,33,0,64,0,7,93,2,102,25,13,126,2,166,204,0,204,370
02/21/2023,ISP,NY,AEA,EN,Towers with Radar,25,3,20,2,50,0,2,2,2,6,25,5,22,4,56,0,0,0,56
02/22/2023,ISP,NY,AEA,EN,Towers with Radar,23,10,26,1,60,0,10,97,2,109,23,20,123,3,169,250,0,250,419
02/23/2023,ISP,NY,AEA,EN,Towers with Radar,25,6,12,0,43,0,0,0,0,0,25,6,12,0,43,0,0,0,43
02/24/2023,ISP,NY,AEA,EN,Towers with Radar,23,6,19,0,48,0,11,43,2,56,23,17,62,2,104,30,0,30,134
02/25/2023,ISP,NY,AEA,EN,Towers with Radar,31,7,26,1,65,0,5,114,1,120,31,12,140,2,185,424,0,424,609
02/26/2023,ISP,NY,AEA,EN,Towers with Radar,29,10,27,0,66,0,1,45,0,46,29,11,72,0,112,272,0,272,384
02/27/2023,ISP,NY,AEA,EN,Towers with Radar,26,8,43,0,77,0,12,152,2,166,26,20,195,2,243,342,0,342,585
02/28/2023,ISP,NY,AEA,EN,Towers with Radar,29,3,7,0,39,0,0,0,0,0,29,3,7,0,39,0,0,0,39
03/01/2023,ISP,NY,AEA,EN,Towers with Radar,22,12,43,1,78,0,15,159,3,177,22,27,202,4,255,294,0,294,549
03/02/2023,ISP,NY,AEA,EN,Towers with Radar,27,9,21,0,57,0,3,17,0,20,27,12,38,0,77,58,0,58,135
03/03/2023,ISP,NY,AEA,EN,Towers with Radar,27,9,31,3,70,0,21,142,5,168,27,30,173,8,238,364,6,370,608
03/04/2023,ISP,NY,AEA,EN,Towers with Radar,27,9,16,0,52,0,5,31,0,36,27,14,47,0,88,140,0,140,228
03/05/2023,ISP,NY,AEA,EN,Towers with Radar,32,13,33,0,78,0,15,221,2,238,32,28,254,2,316,310,0,310,626
03/06/2023,ISP,NY,AEA,EN,Towers with Radar,23,12,33,0,68,0,16,128,4,148,23,28,161,4,216,324,0,324,540
03/07/2023,ISP,NY,AEA,EN,Towers with Radar,26,8,25,0,59,0,8,39,0,47,26,16,64,0,106,104,0,104,210
03/08/2023,ISP,NY,AEA,EN,Towers with Radar,22,6,19,0,47,0,16,42,2,60,22,22,61,2,107,38,0,38,145
03/09/2023,ISP,NY,AEA,EN,Towers with Radar,21,14,37,0,72,0,22,146,2,170,21,36,183,2,242,352,0,352,594
03/10/2023,ISP,NY,AEA,EN,Towers with Radar,23,17,27,0,67,0,10,79,0,89,23,27,106,0,156,376,0,376,532
03/11/2023,ISP,NY,AEA,EN,Towers with Radar,23,10,5,0,38,0,2,8,0,10,23,12,13,0,48,10,0,10,58
03/12/2023,ISP,NY,AEA,EN,Towers with Radar,26,13,32,0,71,0,11,197,0,208,26,24,229,0,279,408,0,408,687
03/13/2023,ISP,NY,AEA,EN,Towers with Radar,20,8,13,0,41,0,0,4,0,4,20,8,17,0,45,10,0,10,55
03/14/2023,ISP,NY,AEA,EN,Towers with Radar,24,3,7,0,34,0,0,0,0,0,24,3,7,0,34,0,0,0,34
03/15/2023,ISP,NY,AEA,EN,Towers with Radar,25,8,9,0,42,0,6,4,0,10,25,14,13,0,52,8,0,8,60
03/16/2023,ISP,NY,AEA,EN,Towers with Radar,26,22,51,0,99,0,17,182,2,201,26,39,233,2,300,422,0,422,722
03/17/2023,ISP,NY,AEA,EN,Towers with Radar,23,29,43,0,95,0,29,146,4,179,23,58,189,4,274,406,0,406,680
03/18/2023,ISP,NY,AEA,EN,Towers with Radar,29,8,30,0,67,0,8,163,0,171,29,16,193,0,238,414,0,414,652
03/19/2023,ISP,NY,AEA,EN,Towers with Radar,29,10,24,2,65,0,4,73,0,77,29,14,97,2,142,72,0,72,214
03/20/2023,ISP,NY,AEA,EN,Towers with Radar,25,13,41,0,79,0,23,179,2,204,25,36,220,2,283,312,0,312,595
03/21/2023,ISP,NY,AEA,EN,Towers with Radar,25,12,43,0,80,0,22,167,2,191,25,34,210,2,271,384,0,384,655
03/22/2023,ISP,NY,AEA,EN,Towers with Radar,22,6,49,0,77,0,14,160,2,176,22,20,209,2,253,334,0,334,587
03/23/2023,ISP,NY,AEA,EN,Towers with Radar,27,7,17,1,52,0,4,7,3,14,27,11,24,4,66,36,0,36,102
03/24/2023,ISP,NY,AEA,EN,Towers with Radar,25,22,26,0,73,0,21,111,1,133,25,43,137,1,206,298,0,298,504
03/25/2023,ISP,NY,AEA,EN,Towers with Radar,26,8,6,0,40,0,0,11,2,13,26,8,17,2,53,26,0,26,79
03/26/2023,ISP,NY,AEA,EN,Towers with Radar,27,9,23,0,59,0,7,135,6,148,27,16,158,6,207,264,0,264,471
03/27/2023,ISP,NY,AEA,EN,Towers with Radar,25,13,22,0,60,0,18,102,0,120,25,31,124,0,180,290,0,290,470
03/28/2023,ISP,NY,AEA,EN,Towers with Radar,23,8,24,2,57,0,9,48,0,57,23,17,72,2,114,208,0,208,322
03/29/2023,ISP,NY,AEA,EN,Towers with Radar,20,18,29,1,68,0,31,191,4,226,20,49,220,5,294,290,0,290,584
03/30/2023,ISP,NY,AEA,EN,Towers with Radar,29,20,26,2,77,0,25,136,0,161,29,45,162,2,238,256,0,256,494
03/31/2023,ISP,NY,AEA,EN,Towers with Radar,26,28,28,0,82,0,25,110,2,137,26,53,138,2,219,348,0,348,567
04/01/2023,ISP,NY,AEA,EN,Towers with Radar,25,12,4,0,41,0,2,1,0,3,25,14,5,0,44,2,0,2,46
04/02/2023,ISP,NY,AEA,EN,Towers with Radar,28,14,16,0,58,0,15,93,4,112,28,29,109,4,170,94,0,94,264
04/03/2023,ISP,NY,AEA,EN,Towers with Radar,24,10,24,0,58,0,14,93,0,107,24,24,117,0,165,240,0,240,405
04/04/2023,ISP,NY,AEA,EN,Towers with Radar,25,19,34,0,78,0,20,122,2,144,25,39,156,2,222,308,0,308,530
04/05/2023,ISP,NY,AEA,EN,Towers with Radar,23,4,10,0,37,0,0,0,0,0,23,4,10,0,37,10,0,10,47
04/06/2023,ISP,NY,AEA,EN,Towers with Radar,26,13,28,3,70,0,3,28,1,32,26,16,56,4,102,158,0,158,260
04/07/2023,ISP,NY,AEA,EN,Towers with Radar,24,11,35,0,70,0,28,167,3,198,24,39,202,3,268,420,0,420,688
04/08/2023,ISP,NY,AEA,EN,Towers with Radar,28,15,27,0,70,0,22,211,0,233,28,37,238,0,303,342,0,342,645
04/09/2023,ISP,NY,AEA,EN,Towers with Radar,28,16,21,0,65,0,11,125,0,136,28,27,146,0,201,274,2,276,477
04/10/2023,ISP,NY,AEA,EN,Towers with Radar,24,28,40,0,92,0,23,153,4,180,24,51,193,4,272,344,0,344,616
04/11/2023,ISP,NY,AEA,EN,Towers with Radar,20,24,46,1,91,0,23,159,1,183,20,47,205,2,274,398,0,398,672
04/12/2023,ISP,NY,AEA,EN,Towers with Radar,20,15,33,0,68,0,28,124,2,154,20,43,157,2,222,310,0,310,532
04/13/2023,ISP,NY,AEA,EN,Towers with Radar,21,19,33,2,75,0,39,164,4,207,21,58,197,6,282,464,0,464,746
04/14/2023,ISP,NY,AEA,EN,Towers with Radar,21,24,29,0,74,0,37,202,0,239,21,61,231,0,313,408,0,408,721
04/15/2023,ISP,NY,AEA,EN,Towers with Radar,26,5,25,0,56,0,0,0,0,0,26,5,25,0,56,0,0,0,56
04/16/2023,ISP,NY,AEA,EN,Towers with Radar,25,18,21,0,64,0,0,5,0,5,25,18,26,0,69,62,0,62,131
04/17/2023,ISP,NY,AEA,EN,Towers with Radar,25,10,20,0,55,0,0,20,0,20,25,10,40,0,75,42,0,42,117
04/18/2023,ISP,NY,AEA,EN,Towers with Radar,22,19,24,0,65,0,20,83,3,106,22,39,107,3,171,208,0,208,379
04/19/2023,ISP,NY,AEA,EN,Towers with Radar,19,21,33,0,73,0,31,136,9,176,19,52,169,9,249,444,0,444,693
04/20/2023,ISP,NY,AEA,EN,Towers with Radar,25,19,40,0,84,0,32,194,5,231,25,51,234,5,315,478,0,478,793
04/21/2023,ISP,NY,AEA,EN,Towers with Radar,24,21,19,0,64,0,29,135,0,164,24,50,154,0,228,406,0,406,634
04/22/2023,ISP,NY,AEA,EN,Towers with Radar,20,13,28,0,61,0,0,18,2,20,20,13,46,2,81,122,0,122,203
04/23/2023,ISP,NY,AEA,EN,Towers with Radar,27,14,18,1,60,0,4,64,1,69,27,18,82,2,129,302,0,302,431
04/24/2023,ISP,NY,AEA,EN,Towers with Radar,24,22,32,2,80,0,33,125,2,160,24,55,157,4,240,452,0,452,692
04/25/2023,ISP,NY,AEA,EN,Towers with Radar,21,26,32,1,80,0,40,177,3,220,21,66,209,4,300,398,0,398,698
04/26/2023,ISP,NY,AEA,EN,Towers with Radar,20,25,33,1,79,0,17,125,4,146,20,42,158,5,225,424,0,424,649
04/27/2023,ISP,NY,AEA,EN,Towers with Radar,21,21,32,0,74,0,21,69,6,96,21,42,101,6,170,404,0,404,574
04/28/2023,ISP,NY,AEA,EN,Towers with Radar,24,26,38,1,89,0,17,114,1,132,24,43,152,2,221,278,0,278,499
04/29/2023,ISP,NY,AEA,EN,Towers with Radar,23,5,13,0,41,0,0,0,0,0,23,5,13,0,41,0,0,0,41
04/30/2023,ISP,NY,AEA,EN,Towers with Radar,24,11,6,0,41,0,0,0,0,0,24,11,6,0,41,0,0,0,41
05/01/2023,ISP,NY,AEA,EN,Towers with Radar,22,13,23,0,58,0,15,63,0,78,22,28,86,0,136,208,0,208,344
05/02/2023,ISP,NY,AEA,EN,Towers with Radar,21,7,21,0,49,0,20,63,0,83,21,27,84,0,132,292,0,292,424
05/03/2023,ISP,NY,AEA,EN,Towers with Radar,20,19,45,0,84,0,42,148,2,192,20,61,193,2,276,428,0,428,704
05/04/2023,ISP,NY,AEA,EN,Towers with Radar,24,13,31,0,68,0,16,72,0,88,24,29,103,0,156,436,0,436,592
05/05/2023,ISP,NY,AEA,EN,Towers with Radar,23,18,32,1,74,0,27,141,1,169,23,45,173,2,243,428,0,428,671
05/06/2023,ISP,NY,AEA,EN,Towers with Radar,24,14,29,0,67,0,23,184,1,208,24,37,213,1,275,338,0,338,613
05/07/2023,ISP,NY,AEA,EN,Towers with Radar,26,19,30,0,75,0,17,190,4,211,26,36,220,4,286,352,0,352,638
05/08/2023,ISP,NY,AEA,EN,Towers with Radar,23,15,35,1,74,0,21,168,3,192,23,36,203,4,266,394,0,394,660
05/09/2023,ISP,NY,AEA,EN,Towers with Radar,19,23,46,0,88,0,29,146,0,175,19,52,192,0,263,448,0,448,711
05/10/2023,ISP,NY,AEA,EN,Towers with Radar,20,25,25,1,71,0,30,138,3,171,20,55,163,4,242,406,0,406,648
05/11/2023,ISP,NY,AEA,EN,Towers with Radar,26,16,34,1,77,0,40,183,1,224,26,56,217,2,301,376,0,376,677
05/12/2023,ISP,NY,AEA,EN,Towers with Radar,20,19,31,0,70,0,38,174,3,215,20,57,205,3,285,350,0,350,635
05/13/2023,ISP,NY,AEA,EN,Towers with Radar,22,7,29,0,58,0,17,130,0,147,22,24,159,0,205,280,0,280,485
05/14/2023,ISP,NY,AEA,EN,Towers with Radar,29,10,12,0,51,0,8,122,0,130,29,18,134,0,181,230,0,230,411
05/15/2023,ISP,NY,AEA,EN,Towers with Radar,20,8,30,5,63,0,7,159,3,169,20,15,189,8,232,280,0,280,512
05/16/2023,ISP,NY,AEA,EN,Towers with Radar,24,11,29,3,67,0,16,135,5,156,24,27,164,8,223,208,0,208,431
05/17/2023,ISP,NY,AEA,EN,Towers with Radar,22,17,20,2,61,0,19,89,2,110,22,36,109,4,171,142,0,142,313
05/18/2023,ISP,NY,AEA,EN,Towers with Radar,26,15,53,0,94,0,29,163,9,201,26,44,216,9,295,344,0,344,639
05/19/2023,ISP,NY,AEA,EN,Towers with Radar,21,26,44,2,93,0,37,147,0,184,21,63,191,2,277,282,0,282,559
05/20/2023,ISP,NY,AEA,EN,Towers with Radar,24,7,10,0,41,0,0,0,0,0,24,7,10,0,41,0,0,0,41
05/21/2023,ISP,NY,AEA,EN,Towers with Radar,27,18,36,0,81,0,15,163,6,184,27,33,199,6,265,302,0,302,567
05/22/2023,ISP,NY,AEA,EN,Towers with Radar,21,12,32,0,65,0,15,154,2,171,21,27,186,2,236,386,0,386,622
05/23/2023,ISP,NY,AEA,EN,Towers with Radar,21,24,45,0,90,0,18,160,2,180,21,42,205,2,270,482,0,482,752
05/24/2023,ISP,NY,AEA,EN,Towers with Radar,21,16,35,1,73,0,31,191,4,226,21,47,226,5,299,376,0,376,675
05/25/2023,ISP,NY,AEA,EN,Towers with Radar,29,25,32,8,94,0,29,150,2,181,29,54,182,10,275,290,2,292,567
05/26/2023,ISP,NY,AEA,EN,Towers with Radar,21,15,22,4,62,0,27,151,7,185,21,42,173,11,247,156,0,156,403
05/27/2023,ISP,NY,AEA,EN,Towers with Radar,24,4,9,2,39,0,9,157,9,175,24,13,166,11,214,150,0,150,364
05/28/2023,ISP,NY,AEA,EN,Towers with Radar,32,11,25,4,72,0,19,172,6,197,32,30,197,10,269,188,0,188,457
05/29/2023,ISP,NY,AEA,EN,Towers with Radar,20,10,28,2,60,0,6,140,3,149,20,16,168,5,209,202,0,202,411
05/30/2023,ISP,NY,AEA,EN,Towers with Radar,22,20,28,3,73,0,34,131,4,169,22,54,159,7,242,328,0,328,570
05/31/2023,ISP,NY,AEA,EN,Towers with Radar,20,12,38,3,73,0,16,137,3,156,20,28,175,6,229,324,0,324,553
06/01/2023,ISP,NY,AEA,EN,Towers with Radar,27,19,40,3,89,0,44,150,2,196,27,63,190,5,285,384,0,384,669
06/02/2023,ISP,NY,AEA,EN,Towers with Radar,21,13,42,0,76,0,12,127,1,140,21,25,169,1,216,334,0,334,550
06/03/2023,ISP,NY,AEA,EN,Towers with Radar,26,9,18,2,55,0,0,38,0,38,26,9,56,2,93,170,0,170,263
06/04/2023,ISP,NY,AEA,EN,Towers with Radar,28,18,41,1,88,0,5,159,1,165,28,23,200,2,253,372,0,372,625
06/05/2023,ISP,NY,AEA,EN,Towers with Radar,20,18,32,0,70,0,24,136,2,162,20,42,168,2,232,396,0,396,628
06/06/2023,ISP,NY,AEA,EN,Towers with Radar,21,19,24,0,64,0,7,49,2,58,21,26,73,2,122,264,0,264,386
06/07/2023,ISP,NY,AEA,EN,Towers with Radar,19,24,41,0,84,0,8,29,0,37,19,32,70,0,121,178,0,178,299
06/08/2023,ISP,NY,AEA,EN,Towers with Radar,28,12,34,0,74,0,10,27,0,37,28,22,61,0,111,114,0,114,225
06/09/2023,ISP,NY,AEA,EN,Towers with Radar,22,16,38,1,77,0,11,105,1,117,22,27,143,2,194,324,0,324,518
06/10/2023,ISP,NY,AEA,EN,Towers with Radar,24,13,28,0,65,0,11,148,0,159,24,24,176,0,224,410,0,410,634
06/11/2023,ISP,NY,AEA,EN,Towers with Radar,30,10,35,0,75,0,17,180,2,199,30,27,215,2,274,392,0,392,666
06/12/2023,ISP,NY,AEA,EN,Towers with Radar,19,26,25,0,70,0,11,46,0,57,19,37,71,0,127,144,0,144,271
06/13/2023,ISP,NY,AEA,EN,Towers with Radar,20,21,42,3,86,0,19,126,4,149,20,40,168,7,235,468,0,468,703
06/14/2023,ISP,NY,AEA,EN,Towers with Radar,18,11,24,1,54,0,18,86,1,105,18,29,110,2,159,206,0,206,365
06/15/2023,ISP,NY,AEA,EN,Towers with Radar,27,22,35,0,84,0,34,196,2,232,27,56,231,2,316,640,0,640,956
06/16/2023,ISP,NY,AEA,EN,Towers with Radar,24,31,42,0,97,0,30,124,0,154,24,61,166,0,251,210,0,210,461
06/17/2023,ISP,NY,AEA,EN,Towers with Radar,24,9,23,0,56,0,6,55,0,61,24,15,78,0,117,134,0,134,251
06/18/2023,ISP,NY,AEA,EN,Towers with Radar,30,6,23,0,59,0,13,156,1,170,30,19,179,1,229,364,0,364,593
06/19/2023,ISP,NY,AEA,EN,Towers with Radar,20,16,27,0,63,0,30,200,2,232,20,46,227,2,295,574,0,574,869
06/20/2023,ISP,NY,AEA,EN,Towers with Radar,23,21,34,1,79,0,27,125,3,155,23,48,159,4,234,466,0,466,700
06/21/2023,ISP,NY,AEA,EN,Towers with Radar,16,14,23,2,55,0,16,153,5,174,16,30,176,7,229,304,0,304,533
06/22/2023,ISP,NY,AEA,EN,Towers with Radar,24,8,44,0,76,0,2,22,2,26,24,10,66,2,102,6,0,6,108
06/23/2023,ISP,NY,AEA,EN,Towers with Radar,19,9,33,0,61,0,2,1,0,3,19,11,34,0,64,0,0,0,64
06/24/2023,ISP,NY,AEA,EN,Towers with Radar,22,15,39,0,76,0,0,3,0,3,22,15,42,0,79,0,0,0,79
06/25/2023,ISP,NY,AEA,EN,Towers with Radar,31,17,33,2,83,0,10,69,5,84,31,27,102,7,167,298,0,298,465
06/26/2023,ISP,NY,AEA,EN,Towers with Radar,19,18,20,0,57,0,7,29,0,36,19,25,49,0,93,48,0,48,141
06/27/2023,ISP,NY,AEA,EN,Towers with Radar,22,17,27,0,66,0,6,29,0,35,22,23,56,0,101,66,8,74,175
06/28/2023,ISP,NY,AEA,EN,Towers with Radar,23,18,35,0,76,0,6,86,2,94,23,24,121,2,170,362,0,362,532
06/29/2023,ISP,NY,AEA,EN,Towers with Radar,30,17,52,0,99,0,29,199,7,235,30,46,251,7,334,574,0,574,908
06/30/2023,ISP,NY,AEA,EN,Towers with Radar,21,16,61,0,98,0,2,17,0,19,21,18,78,0,117,78,0,78,195
07/01/2023,ISP,NY,AEA,EN,Towers with Radar,25,28,32,0,85,0,18,134,2,154,25,46,166,2,239,426,0,426,665
07/02/2023,ISP,NY,AEA,EN,Towers with Radar,29,10,27,0,66,0,2,10,0,12,29,12,37,0,78,40,0,40,118
07/03/2023,ISP,NY,AEA,EN,Towers with Radar,20,13,32,0,65,0,20,109,1,130,20,33,141,1,195,384,0,384,579
07/04/2023,ISP,NY,AEA,EN,Towers with Radar,23,6,18,0,47,0,6,44,1,51,23,12,62,1,98,122,0,122,220
07/05/2023,ISP,NY,AEA,EN,Towers with Radar,21,14,34,0,69,0,33,163,4,200,21,47,197,4,269,376,0,376,645
07/06/2023,ISP,NY,AEA,EN,Towers with Radar,30,15,24,0,69,0,28,169,2,199,30,43,193,2,268,328,0,328,596
07/07/2023,ISP,NY,AEA,EN,Towers with Radar,21,23,39,0,83,0,13,101,2,116,21,36,140,2,199,280,0,280,479
07/08/2023,ISP,NY,AEA,EN,Towers with Radar,23,23,35,0,81,0,12,76,0,88,23,35,111,0,169,278,0,278,447
07/09/2023,ISP,NY,AEA,EN,Towers with Radar,22,24,45,0,91,0,0,26,0,26,22,24,71,0,117,102,0,102,219
07/10/2023,ISP,NY,AEA,EN,Towers with Radar,21,19,22,1,63,0,18,83,1,102,21,37,105,2,165,304,0,304,469
07/11/2023,ISP,NY,AEA,EN,Towers with Radar,27,16,25,1,69,0,43,220,1,264,27,59,245,2,333,410,0,410,743
07/12/2023,ISP,NY,AEA,EN,Towers with Radar,24,19,41,0,84,0,31,200,6,237,24,50,241,6,321,318,0,318,639
07/13/2023,ISP,NY,AEA,EN,Towers with Radar,32,20,36,3,91,0,22,108,2,132,32,42,144,5,223,250,0,250,473
07/14/2023,ISP,NY,AEA,EN,Towers with Radar,25,14,20,0,59,0,2,18,0,20,25,16,38,0,79,84,0,84,163
07/15/2023,ISP,NY,AEA,EN,Towers with Radar,29,15,40,0,84,0,9,32,6,47,29,24,72,6,131,216,0,216,347
07/16/2023,ISP,NY,AEA,EN,Towers with Radar,30,12,17,0,59,0,0,4,0,4,30,12,21,0,63,0,0,0,63
07/17/2023,ISP,NY,AEA,EN,Towers with Radar,25,27,53,0,105,0,23,103,5,131,25,50,156,5,236,250,0,250,486
07/18/2023,ISP,NY,AEA,EN,Towers with Radar,23,7,34,0,64,0,2,17,0,19,23,9,51,0,83,42,0,42,125
07/19/2023,ISP,NY,AEA,EN,Towers with Radar,23,28,42,2,95,0,21,134,5,160,23,49,176,7,255,468,4,472,727
07/20/2023,ISP,NY,AEA,EN,Towers with Radar,30,27,50,0,107,0,39,237,2,278,30,66,287,2,385,474,0,474,859
07/21/2023,ISP,NY,AEA,EN,Towers with Radar,24,8,20,0,52,0,5,36,1,42,24,13,56,1,94,144,0,144,238
07/22/2023,ISP,NY,AEA,EN,Towers with Radar,28,20,25,0,73,0,25,212,5,242,28,45,237,5,315,402,0,402,717
07/23/2023,ISP,NY,AEA,EN,Towers with Radar,32,16,27,0,75,0,19,218,2,239,32,35,245,2,314,338,0,338,652
07/24/2023,ISP,NY,AEA,EN,Towers with Radar,23,31,32,1,87,0,42,146,3,191,23,73,178,4,278,444,0,444,722
07/25/2023,ISP,NY,AEA,EN,Towers with Radar,27,19,27,0,73,0,19,141,4,164,27,38,168,4,237,266,0,266,503
07/26/2023,ISP,NY,AEA,EN,Towers with Radar,24,26,42,0,92,0,28,183,4,215,24,54,225,4,307,504,0,504,811
07/27/2023,ISP,NY,AEA,EN,Towers with Radar,30,13,27,9,79,0,7,45,1,53,30,20,72,10,132,28,0,28,160
07/28/2023,ISP,NY,AEA,EN,Towers with Radar,25,18,25,1,69,0,23,169,1,193,25,41,194,2,262,426,0,426,688
07/29/2023,ISP,NY,AEA,EN,Towers with Radar,28,14,28,0,70,0,8,111,4,123,28,22,139,4,193,202,0,202,395
07/30/2023,ISP,NY,AEA,EN,Towers with Radar,32,19,28,0,79,0,9,187,1,197,32,28,215,1,276,408,0,408,684
07/31/2023,ISP,NY,AEA,EN,Towers with Radar,25,22,26,0,73,0,27,143,2,172,25,49,169,2,245,356,0,356,601
08/01/2023,ISP,NY,AEA,EN,Towers with Radar,24,17,13,0,54,0,37,139,4,180,24,54,152,4,234,344,0,344,578
08/02/2023,ISP,NY,AEA,EN,Towers with Radar,22,23,32,1,78,0,25,182,3,210,22,48,214,4,288,404,0,404,692
08/03/2023,ISP,NY,AEA,EN,Towers with Radar,31,8,25,1,65,0,27,168,6,201,31,35,193,7,266,284,0,284,550
08/04/2023,ISP,NY,AEA,EN,Towers with Radar,24,22,29,2,77,0,2,57,0,59,24,24,86,2,136,204,0,204,340
08/05/2023,ISP,NY,AEA,EN,Towers with Radar,29,12,22,0,63,0,18,149,0,167,29,30,171,0,230,414,0,414,644
08/06/2023,ISP,NY,AEA,EN,Towers with Radar,31,11,27,0,69,0,8,161,2,171,31,19,188,2,240,276,0,276,516
08/07/2023,ISP,NY,AEA,EN,Towers with Radar,22,14,18,0,54,0,0,2,0,2,22,14,20,0,56,0,0,0,56
08/08/2023,ISP,NY,AEA,EN,Towers with Radar,22,17,22,0,61,0,7,72,3,82,22,24,94,3,143,240,0,240,383
08/09/2023,ISP,NY,AEA,EN,Towers with Radar,28,24,38,4,94,0,34,163,7,204,28,58,201,11,298,386,0,386,684
08/10/2023,ISP,NY,AEA,EN,Towers with Radar,27,19,20,0,66,0,14,67,0,81,27,33,87,0,147,166,0,166,313
08/11/2023,ISP,NY,AEA,EN,Towers with Radar,23,25,32,4,84,0,33,204,2,239,23,58,236,6,323,380,0,380,703
08/12/2023,ISP,NY,AEA,EN,Towers with Radar,30,21,29,0,80,0,15,123,0,138,30,36,152,0,218,212,0,212,430
08/13/2023,ISP,NY,AEA,EN,Towers with Radar,32,14,48,0,94,0,15,112,2,129,32,29,160,2,223,204,0,204,427
08/14/2023,ISP,NY,AEA,EN,Towers with Radar,25,25,33,0,83,0,38,161,2,201,25,63,194,2,284,410,0,410,694
08/15/2023,ISP,NY,AEA,EN,Towers with Radar,23,9,25,0,57,0,3,17,0,20,23,12,42,0,77,30,0,30,107
08/16/2023,ISP,NY,AEA,EN,Towers with Radar,24,17,36,1,78,0,11,83,4,98,24,28,119,5,176,428,0,428,604
08/17/2023,ISP,NY,AEA,EN,Towers with Radar,27,21,26,2,76,0,2,18,0,20,27,23,44,2,96,32,0,32,128
08/18/2023,ISP,NY,AEA,EN,Towers with Radar,28,16,29,0,73,0,22,125,1,148,28,38,154,1,221,228,0,228,449
08/19/2023,ISP,NY,AEA,EN,Towers with Radar,33,15,24,1,73,0,15,190,1,206,33,30,214,2,279,336,0,336,615
08/20/2023,ISP,NY,AEA,EN,Towers with Radar,28,14,29,1,72,0,23,195,6,224,28,37,224,7,296,240,0,240,536
08/21/2023,ISP,NY,AEA,EN,Towers with Radar,28,19,31,1,79,0,30,130,1,161,28,49,161,2,240,350,0,350,590
08/22/2023,ISP,NY,AEA,EN,Towers with Radar,25,11,39,1,76,0,31,148,3,182,25,42,187,4,258,324,0,324,582
08/23/2023,ISP,NY,AEA,EN,Towers with Radar,27,12,26,0,65,0,18,188,8,214,27,30,214,8,279,474,0,474,753
08/24/2023,ISP,NY,AEA,EN,Towers with Radar,30,35,39,0,104,0,9,99,4,112,30,44,138,4,216,304,0,304,520
08/25/2023,ISP,NY,AEA,EN,Towers with Radar,29,9,31,0,69,0,0,16,0,16,29,9,47,0,85,0,0,0,85
08/26/2023,ISP,NY,AEA,EN,Towers with Radar,38,20,23,1,82,0,15,128,1,144,38,35,151,2,226,226,0,226,452
08/27/2023,ISP,NY,AEA,EN,Towers with Radar,30,13,27,0,70,0,17,204,2,223,30,30,231,2,293,300,0,300,593
08/28/2023,ISP,NY,AEA,EN,Towers with Radar,25,9,50,0,84,0,2,36,0,38,25,11,86,0,122,350,0,350,472
08/29/2023,ISP,NY,AEA,EN,Towers with Radar,19,8,27,2,56,0,4,16,0,20,19,12,43,2,76,56,0,56,132
08/30/2023,ISP,NY,AEA,EN,Towers with Radar,22,16,39,1,78,0,11,77,7,95,22,27,116,8,173,162,0,162,335
08/31/2023,ISP,NY,AEA,EN,Towers with Radar,28,15,43,2,88,0,29,202,3,234,28,44,245,5,322,312,0,312,634
