01/01/2020,ITO,HI,AWP,WE,Combined TRACON& Tower with Radar,39,8,4,0,51,0,0,65,4,69,39,8,69,4,120,30,0,30,150
01/02/2020,ITO,HI,AWP,WE,Combined TRACON& Tower with Radar,45,8,1,3,57,0,0,77,6,83,45,8,78,9,140,24,28,52,192
01/03/2020,ITO,HI,AWP,WE,Combined TRACON& Tower with Radar,50,6,5,8,69,0,0,76,2,78,50,6,81,10,147,30,4,34,181
01/04/2020,ITO,HI,AWP,WE,Combined TRACON& Tower with Radar,40,14,3,0,57,0,0,39,0,39,40,14,42,0,96,14,0,14,110
01/05/2020,ITO,HI,AWP,WE,Combined TRACON& Tower with Radar,39,7,0,0,46,0,2,39,0,41,39,9,39,0,87,20,0,20,107
01/06/2020,ITO,HI,AWP,WE,Combined TRACON& Tower with Radar,48,5,0,1,54,0,0,48,0,48,48,5,48,1,102,18,0,18,120
01/07/2020,ITO,HI,AWP,WE,Combined TRACON& Tower with Radar,44,16,2,1,63,0,3,56,0,59,44,19,58,1,122,42,20,62,184
01/08/2020,ITO,HI,AWP,WE,Combined TRACON& Tower with Radar,40,10,0,8,58,0,0,31,3,34,40,10,31,11,92,20,6,26,118
01/09/2020,ITO,HI,AWP,WE,Combined TRACON& Tower with Radar,51,7,4,3,65,0,1,25,0,26,51,8,29,3,91,10,0,10,101
01/10/2020,ITO,HI,AWP,WE,Combined TRACON& Tower with Radar,44,8,0,0,52,0,0,29,0,29,44,8,29,0,81,14,0,14,95
01/11/2020,ITO,HI,AWP,WE,Combined TRACON& Tower with Radar,34,11,3,2,50,0,1,25,4,30,34,12,28,6,80,14,2,16,96
01/12/2020,ITO,HI,AWP,WE,Combined TRACON& Tower with Radar,37,2,0,3,42,0,0,0,0,0,37,2,0,3,42,0,0,0,42
01/13/2020,ITO,HI,AWP,WE,Combined TRACON& Tower with Radar,40,9,0,0,49,0,0,12,0,12,40,9,12,0,61,14,0,14,75
01/14/2020,ITO,HI,AWP,WE,Combined TRACON& Tower with Radar,40,6,5,6,57,0,1,61,2,64,40,7,66,8,121,52,12,64,185
01/15/2020,ITO,HI,AWP,WE,Combined TRACON& Tower with Radar,40,7,2,3,52,0,0,32,3,35,40,7,34,6,87,18,0,18,105
01/16/2020,ITO,HI,AWP,WE,Combined TRACON& Tower with Radar,43,15,2,1,61,0,2,2,4,8,43,17,4,5,69,0,22,22,91
01/17/2020,ITO,HI,AWP,WE,Combined TRACON& Tower with Radar,43,11,2,1,57,0,0,31,0,31,43,11,33,1,88,28,0,28,116
01/18/2020,ITO,HI,AWP,WE,Combined TRACON& Tower with Radar,32,6,5,1,44,0,4,51,1,56,32,10,56,2,100,38,0,38,138
01/19/2020,ITO,HI,AWP,WE,Combined TRACON& Tower with Radar,39,9,2,0,50,0,0,46,0,46,39,9,48,0,96,28,0,28,124
01/20/2020,ITO,HI,AWP,WE,Combined TRACON& Tower with Radar,50,5,1,1,57,0,1,48,0,49,50,6,49,1,106,16,0,16,122
01/21/2020,ITO,HI,AWP,WE,Combined TRACON& Tower with Radar,45,7,1,1,54,0,0,65,2,67,45,7,66,3,121,24,2,26,147
01/22/2020,ITO,HI,AWP,WE,Combined TRACON& Tower with Radar,49,12,1,5,67,0,0,57,2,59,49,12,58,7,126,24,0,24,150
01/23/2020,ITO,HI,AWP,WE,Combined TRACON& Tower with Radar,51,13,3,2,69,0,0,43,5,48,51,13,46,7,117,14,14,28,145
01/24/2020,ITO,HI,AWP,WE,Combined TRACON& Tower with Radar,58,9,1,0,68,0,0,48,0,48,58,9,49,0,116,26,0,26,142
01/25/2020,ITO,HI,AWP,WE,Combined TRACON& Tower with Radar,41,9,4,4,58,0,0,51,0,51,41,9,55,4,109,22,4,26,135
01/26/2020,ITO,HI,AWP,WE,Combined TRACON& Tower with Radar,46,1,3,0,50,0,1,66,1,68,46,2,69,1,118,24,0,24,142
01/27/2020,ITO,HI,AWP,WE,Combined TRACON& Tower with Radar,47,9,0,2,58,0,0,55,6,61,47,9,55,8,119,14,12,26,145
01/28/2020,ITO,HI,AWP,WE,Combined TRACON& Tower with Radar,49,11,1,4,65,0,0,54,4,58,49,11,55,8,123,34,18,52,175
01/29/2020,ITO,HI,AWP,WE,Combined TRACON& Tower with Radar,46,6,0,8,60,0,1,49,1,51,46,7,49,9,111,24,0,24,135
01/30/2020,ITO,HI,AWP,WE,Combined TRACON& Tower with Radar,52,6,1,5,64,0,0,40,2,42,52,6,41,7,106,22,0,22,128
01/31/2020,ITO,HI,AWP,WE,Combined TRACON& Tower with Radar,56,5,0,0,61,0,0,43,0,43,56,5,43,0,104,16,0,16,120
02/01/2020,ITO,HI,AWP,WE,Combined TRACON& Tower with Radar,43,9,2,0,54,0,1,38,0,39,43,10,40,0,93,16,0,16,109
02/02/2020,ITO,HI,AWP,WE,Combined TRACON& Tower with Radar,43,2,0,0,45,0,0,21,0,21,43,2,21,0,66,27,0,27,93
02/03/2020,ITO,HI,AWP,WE,Combined TRACON& Tower with Radar,51,12,0,2,65,0,0,33,0,33,51,12,33,2,98,34,0,34,132
02/04/2020,ITO,HI,AWP,WE,Combined TRACON& Tower with Radar,48,10,9,3,70,0,0,65,4,69,48,10,74,7,139,24,8,32,171
02/05/2020,ITO,HI,AWP,WE,Combined TRACON& Tower with Radar,48,11,2,0,61,0,3,26,0,29,48,14,28,0,90,12,0,12,102
02/06/2020,ITO,HI,AWP,WE,Combined TRACON& Tower with Radar,49,9,1,12,71,0,0,22,2,24,49,9,23,14,95,46,0,46,141
02/07/2020,ITO,HI,AWP,WE,Combined TRACON& Tower with Radar,52,7,5,2,66,0,0,37,2,39,52,7,42,4,105,48,4,52,157
02/08/2020,ITO,HI,AWP,WE,Combined TRACON& Tower with Radar,49,7,3,2,61,0,2,37,5,44,49,9,40,7,105,24,0,24,129
02/09/2020,ITO,HI,AWP,WE,Combined TRACON& Tower with Radar,43,7,1,3,54,0,0,33,2,35,43,7,34,5,89,20,0,20,109
02/10/2020,ITO,HI,AWP,WE,Combined TRACON& Tower with Radar,52,7,1,0,60,0,0,37,0,37,52,7,38,0,97,32,0,32,129
02/11/2020,ITO,HI,AWP,WE,Combined TRACON& Tower with Radar,50,15,5,0,70,0,0,53,2,55,50,15,58,2,125,46,22,68,193
02/12/2020,ITO,HI,AWP,WE,Combined TRACON& Tower with Radar,48,9,5,2,64,0,0,41,4,45,48,9,46,6,109,12,4,16,125
02/13/2020,ITO,HI,AWP,WE,Combined TRACON& Tower with Radar,46,10,4,5,65,0,0,35,5,40,46,10,39,10,105,4,34,38,143
02/14/2020,ITO,HI,AWP,WE,Combined TRACON& Tower with Radar,55,12,0,2,69,0,0,46,10,56,55,12,46,12,125,18,0,18,143
02/15/2020,ITO,HI,AWP,WE,Combined TRACON& Tower with Radar,40,4,0,0,44,0,0,30,1,31,40,4,30,1,75,16,0,16,91
02/16/2020,ITO,HI,AWP,WE,Combined TRACON& Tower with Radar,41,4,0,0,45,0,0,42,0,42,41,4,42,0,87,46,0,46,133
02/17/2020,ITO,HI,AWP,WE,Combined TRACON& Tower with Radar,56,7,1,0,64,0,2,55,0,57,56,9,56,0,121,30,0,30,151
02/18/2020,ITO,HI,AWP,WE,Combined TRACON& Tower with Radar,47,12,2,1,62,0,0,71,1,72,47,12,73,2,134,18,8,26,160
02/19/2020,ITO,HI,AWP,WE,Combined TRACON& Tower with Radar,51,14,1,3,69,0,0,41,4,45,51,14,42,7,114,22,8,30,144
02/20/2020,ITO,HI,AWP,WE,Combined TRACON& Tower with Radar,51,10,2,0,63,0,0,43,2,45,51,10,45,2,108,18,12,30,138
02/21/2020,ITO,HI,AWP,WE,Combined TRACON& Tower with Radar,55,11,6,0,72,0,2,36,0,38,55,13,42,0,110,20,0,20,130
02/22/2020,ITO,HI,AWP,WE,Combined TRACON& Tower with Radar,40,4,1,0,45,0,2,27,0,29,40,6,28,0,74,14,0,14,88
02/23/2020,ITO,HI,AWP,WE,Combined TRACON& Tower with Radar,43,17,2,0,62,0,2,34,0,36,43,19,36,0,98,16,0,16,114
02/24/2020,ITO,HI,AWP,WE,Combined TRACON& Tower with Radar,50,8,2,0,60,0,0,29,0,29,50,8,31,0,89,12,0,12,101
02/25/2020,ITO,HI,AWP,WE,Combined TRACON& Tower with Radar,50,14,5,4,73,0,0,56,2,58,50,14,61,6,131,18,10,28,159
02/26/2020,ITO,HI,AWP,WE,Combined TRACON& Tower with Radar,49,10,2,8,69,0,0,28,4,32,49,10,30,12,101,16,26,42,143
02/27/2020,ITO,HI,AWP,WE,Combined TRACON& Tower with Radar,46,12,2,5,65,0,0,44,2,46,46,12,46,7,111,40,22,62,173
02/28/2020,ITO,HI,AWP,WE,Combined TRACON& Tower with Radar,54,6,0,2,62,0,0,19,0,19,54,6,19,2,81,14,0,14,95
02/29/2020,ITO,HI,AWP,WE,Combined TRACON& Tower with Radar,40,8,3,1,52,0,2,23,2,27,40,10,26,3,79,24,0,24,103
03/01/2020,ITO,HI,AWP,WE,Combined TRACON& Tower with Radar,43,2,3,1,49,0,0,24,0,24,43,2,27,1,73,18,0,18,91
03/02/2020,ITO,HI,AWP,WE,Combined TRACON& Tower with Radar,52,9,3,0,64,0,0,33,0,33,52,9,36,0,97,30,0,30,127
03/03/2020,ITO,HI,AWP,WE,Combined TRACON& Tower with Radar,55,7,19,5,86,0,0,1,0,1,55,7,20,5,87,16,0,16,103
03/04/2020,ITO,HI,AWP,WE,Combined TRACON& Tower with Radar,50,8,2,5,65,0,1,29,2,32,50,9,31,7,97,54,0,54,151
03/05/2020,ITO,HI,AWP,WE,Combined TRACON& Tower with Radar,53,14,3,0,70,0,2,29,2,33,53,16,32,2,103,46,10,56,159
03/06/2020,ITO,HI,AWP,WE,Combined TRACON& Tower with Radar,58,9,1,4,72,0,0,17,0,17,58,9,18,4,89,28,0,28,117
03/07/2020,ITO,HI,AWP,WE,Combined TRACON& Tower with Radar,44,8,3,2,57,0,0,27,1,28,44,8,30,3,85,30,10,40,125
03/08/2020,ITO,HI,AWP,WE,Combined TRACON& Tower with Radar,40,11,3,2,56,0,0,34,0,34,40,11,37,2,90,10,0,10,100
03/09/2020,ITO,HI,AWP,WE,Combined TRACON& Tower with Radar,57,6,0,3,66,0,0,30,0,30,57,6,30,3,96,38,10,48,144
03/10/2020,ITO,HI,AWP,WE,Combined TRACON& Tower with Radar,54,7,2,9,72,0,0,68,4,72,54,7,70,13,144,36,2,38,182
03/11/2020,ITO,HI,AWP,WE,Combined TRACON& Tower with Radar,49,10,4,3,66,0,0,68,2,70,49,10,72,5,136,34,8,42,178
03/12/2020,ITO,HI,AWP,WE,Combined TRACON& Tower with Radar,56,4,5,8,73,0,0,33,2,35,56,4,38,10,108,40,12,52,160
03/13/2020,ITO,HI,AWP,WE,Combined TRACON& Tower with Radar,56,6,3,0,65,0,0,24,2,26,56,6,27,2,91,26,2,28,119
03/14/2020,ITO,HI,AWP,WE,Combined TRACON& Tower with Radar,42,5,0,7,54,0,0,9,2,11,42,5,9,9,65,22,0,22,87
03/15/2020,ITO,HI,AWP,WE,Combined TRACON& Tower with Radar,42,3,2,0,47,0,0,11,0,11,42,3,13,0,58,20,0,20,78
03/16/2020,ITO,HI,AWP,WE,Combined TRACON& Tower with Radar,52,8,0,5,65,0,1,29,0,30,52,9,29,5,95,36,0,36,131
03/17/2020,ITO,HI,AWP,WE,Combined TRACON& Tower with Radar,58,10,1,0,69,0,0,7,0,7,58,10,8,0,76,30,0,30,106
03/18/2020,ITO,HI,AWP,WE,Combined TRACON& Tower with Radar,55,11,2,1,69,0,4,18,0,22,55,15,20,1,91,16,0,16,107
03/19/2020,ITO,HI,AWP,WE,Combined TRACON& Tower with Radar,52,10,3,2,67,0,0,27,3,30,52,10,30,5,97,14,22,36,133
03/20/2020,ITO,HI,AWP,WE,Combined TRACON& Tower with Radar,54,6,2,6,68,0,0,13,0,13,54,6,15,6,81,8,8,16,97
03/21/2020,ITO,HI,AWP,WE,Combined TRACON& Tower with Radar,43,3,1,0,47,0,0,2,0,2,43,3,3,0,49,0,0,0,49
03/22/2020,ITO,HI,AWP,WE,Combined TRACON& Tower with Radar,41,2,1,0,44,0,2,0,0,2,41,4,1,0,46,2,0,2,48
03/23/2020,ITO,HI,AWP,WE,Combined TRACON& Tower with Radar,50,12,0,0,62,0,0,0,0,0,50,12,0,0,62,2,0,2,64
03/24/2020,ITO,HI,AWP,WE,Combined TRACON& Tower with Radar,45,4,2,4,55,0,0,23,5,28,45,4,25,9,83,10,14,24,107
03/25/2020,ITO,HI,AWP,WE,Combined TRACON& Tower with Radar,47,4,2,1,54,0,0,0,1,1,47,4,2,2,55,0,0,0,55
03/26/2020,ITO,HI,AWP,WE,Combined TRACON& Tower with Radar,45,15,15,4,79,0,0,1,0,1,45,15,16,4,80,0,34,34,114
03/27/2020,ITO,HI,AWP,WE,Combined TRACON& Tower with Radar,40,6,3,0,49,0,0,0,0,0,40,6,3,0,49,0,0,0,49
03/28/2020,ITO,HI,AWP,WE,Combined TRACON& Tower with Radar,25,6,2,0,33,0,0,2,0,2,25,6,4,0,35,0,0,0,35
03/29/2020,ITO,HI,AWP,WE,Combined TRACON& Tower with Radar,32,8,0,0,40,0,0,0,0,0,32,8,0,0,40,0,0,0,40
03/30/2020,ITO,HI,AWP,WE,Combined TRACON& Tower with Radar,38,7,2,0,47,0,0,0,0,0,38,7,2,0,47,0,0,0,47
03/31/2020,ITO,HI,AWP,WE,Combined TRACON& Tower with Radar,32,4,0,6,42,0,0,0,3,3,32,4,0,9,45,4,22,26,71
04/01/2020,ITO,HI,AWP,WE,Combined TRACON& Tower with Radar,23,7,1,9,40,0,0,8,2,10,23,7,9,11,50,6,4,10,60
04/02/2020,ITO,HI,AWP,WE,Combined TRACON& Tower with Radar,19,7,0,0,26,0,0,5,4,9,19,7,5,4,35,2,16,18,53
04/03/2020,ITO,HI,AWP,WE,Combined TRACON& Tower with Radar,28,9,0,3,40,0,0,6,2,8,28,9,6,5,48,8,20,28,76
04/04/2020,ITO,HI,AWP,WE,Combined TRACON& Tower with Radar,20,5,1,0,26,0,0,5,0,5,20,5,6,0,31,18,0,18,49
04/05/2020,ITO,HI,AWP,WE,Combined TRACON& Tower with Radar,13,3,2,0,18,0,0,0,0,0,13,3,2,0,18,0,0,0,18
04/06/2020,ITO,HI,AWP,WE,Combined TRACON& Tower with Radar,26,7,0,0,33,0,0,8,0,8,26,7,8,0,41,0,0,0,41
04/07/2020,ITO,HI,AWP,WE,Combined TRACON& Tower with Radar,20,5,0,5,30,0,0,3,0,3,20,5,3,5,33,0,10,10,43
04/08/2020,ITO,HI,AWP,WE,Combined TRACON& Tower with Radar,20,10,0,0,30,0,0,4,4,8,20,10,4,4,38,0,6,6,44
04/09/2020,ITO,HI,AWP,WE,Combined TRACON& Tower with Radar,20,6,1,0,27,0,0,5,2,7,20,6,6,2,34,0,14,14,48
04/10/2020,ITO,HI,AWP,WE,Combined TRACON& Tower with Radar,20,7,0,1,28,0,1,4,2,7,20,8,4,3,35,14,2,16,51
04/11/2020,ITO,HI,AWP,WE,Combined TRACON& Tower with Radar,17,11,0,0,28,0,0,8,1,9,17,11,8,1,37,14,0,14,51
04/12/2020,ITO,HI,AWP,WE,Combined TRACON& Tower with Radar,12,5,1,0,18,0,0,0,0,0,12,5,1,0,18,0,0,0,18
04/13/2020,ITO,HI,AWP,WE,Combined TRACON& Tower with Radar,22,6,0,0,28,0,0,2,0,2,22,6,2,0,30,0,0,0,30
04/14/2020,ITO,HI,AWP,WE,Combined TRACON& Tower with Radar,20,7,4,1,32,0,1,0,1,2,20,8,4,2,34,0,2,2,36
04/15/2020,ITO,HI,AWP,WE,Combined TRACON& Tower with Radar,21,5,15,6,47,0,0,10,6,16,21,5,25,12,63,2,26,28,91
04/16/2020,ITO,HI,AWP,WE,Combined TRACON& Tower with Radar,29,9,3,3,44,0,0,3,4,7,29,9,6,7,51,10,0,10,61
04/17/2020,ITO,HI,AWP,WE,Combined TRACON& Tower with Radar,21,9,1,2,33,0,0,2,2,4,21,9,3,4,37,0,0,0,37
04/18/2020,ITO,HI,AWP,WE,Combined TRACON& Tower with Radar,16,5,0,0,21,0,2,3,0,5,16,7,3,0,26,12,0,12,38
04/19/2020,ITO,HI,AWP,WE,Combined TRACON& Tower with Radar,14,3,0,0,17,0,2,7,0,9,14,5,7,0,26,8,0,8,34
04/20/2020,ITO,HI,AWP,WE,Combined TRACON& Tower with Radar,19,5,0,0,24,0,0,2,0,2,19,5,2,0,26,12,0,12,38
04/21/2020,ITO,HI,AWP,WE,Combined TRACON& Tower with Radar,23,13,1,4,41,0,0,8,8,16,23,13,9,12,57,6,24,30,87
04/22/2020,ITO,HI,AWP,WE,Combined TRACON& Tower with Radar,21,16,0,0,37,0,2,4,0,6,21,18,4,0,43,0,0,0,43
04/23/2020,ITO,HI,AWP,WE,Combined TRACON& Tower with Radar,20,9,4,2,35,0,0,2,2,4,20,9,6,4,39,0,2,2,41
04/24/2020,ITO,HI,AWP,WE,Combined TRACON& Tower with Radar,21,9,3,5,38,0,0,2,4,6,21,9,5,9,44,0,12,12,56
04/25/2020,ITO,HI,AWP,WE,Combined TRACON& Tower with Radar,15,7,0,2,24,0,2,3,0,5,15,9,3,2,29,0,6,6,35
04/26/2020,ITO,HI,AWP,WE,Combined TRACON& Tower with Radar,14,4,3,0,21,0,0,4,0,4,14,4,7,0,25,0,0,0,25
04/27/2020,ITO,HI,AWP,WE,Combined TRACON& Tower with Radar,20,4,0,0,24,0,0,5,0,5,20,4,5,0,29,6,0,6,35
04/28/2020,ITO,HI,AWP,WE,Combined TRACON& Tower with Radar,20,7,3,6,36,0,0,7,4,11,20,7,10,10,47,2,17,19,66
04/29/2020,ITO,HI,AWP,WE,Combined TRACON& Tower with Radar,23,7,0,1,31,0,0,4,3,7,23,7,4,4,38,0,4,4,42
04/30/2020,ITO,HI,AWP,WE,Combined TRACON& Tower with Radar,20,3,0,6,29,0,0,4,7,11,20,3,4,13,40,2,22,24,64
05/01/2020,ITO,HI,AWP,WE,Combined TRACON& Tower with Radar,23,15,3,2,43,0,0,6,4,10,23,15,9,6,53,0,8,8,61
05/02/2020,ITO,HI,AWP,WE,Combined TRACON& Tower with Radar,17,4,0,1,22,0,2,5,1,8,17,6,5,2,30,10,2,12,42
05/03/2020,ITO,HI,AWP,WE,Combined TRACON& Tower with Radar,11,0,1,0,12,0,0,6,0,6,11,0,7,0,18,0,0,0,18
05/04/2020,ITO,HI,AWP,WE,Combined TRACON& Tower with Radar,26,6,0,0,32,0,0,2,0,2,26,6,2,0,34,19,0,19,53
05/05/2020,ITO,HI,AWP,WE,Combined TRACON& Tower with Radar,23,12,7,7,49,0,0,4,4,8,23,12,11,11,57,10,24,34,91
05/06/2020,ITO,HI,AWP,WE,Combined TRACON& Tower with Radar,22,7,0,0,29,0,0,6,2,8,22,7,6,2,37,2,14,16,53
05/07/2020,ITO,HI,AWP,WE,Combined TRACON& Tower with Radar,24,8,2,1,35,0,0,10,4,14,24,8,12,5,49,12,0,12,61
05/08/2020,ITO,HI,AWP,WE,Combined TRACON& Tower with Radar,20,13,3,3,39,0,2,6,1,9,20,15,9,4,48,2,0,2,50
05/09/2020,ITO,HI,AWP,WE,Combined TRACON& Tower with Radar,18,7,0,0,25,0,0,1,0,1,18,7,1,0,26,10,0,10,36
05/10/2020,ITO,HI,AWP,WE,Combined TRACON& Tower with Radar,13,0,0,0,13,0,0,4,0,4,13,0,4,0,17,0,0,0,17
05/11/2020,ITO,HI,AWP,WE,Combined TRACON& Tower with Radar,20,6,0,4,30,0,0,2,0,2,20,6,2,4,32,16,6,22,54
05/12/2020,ITO,HI,AWP,WE,Combined TRACON& Tower with Radar,19,12,1,2,34,0,0,6,4,10,19,12,7,6,44,12,10,22,66
05/13/2020,ITO,HI,AWP,WE,Combined TRACON& Tower with Radar,19,7,0,2,28,0,0,9,9,18,19,7,9,11,46,48,2,50,96
05/14/2020,ITO,HI,AWP,WE,Combined TRACON& Tower with Radar,24,10,1,5,40,0,0,5,5,10,24,10,6,10,50,2,0,2,52
05/15/2020,ITO,HI,AWP,WE,Combined TRACON& Tower with Radar,21,7,5,8,41,0,2,5,13,20,21,9,10,21,61,2,2,4,65
05/16/2020,ITO,HI,AWP,WE,Combined TRACON& Tower with Radar,18,7,2,0,27,0,0,2,0,2,18,7,4,0,29,0,0,0,29
05/17/2020,ITO,HI,AWP,WE,Combined TRACON& Tower with Radar,14,2,0,2,18,0,0,12,3,15,14,2,12,5,33,8,0,8,41
05/18/2020,ITO,HI,AWP,WE,Combined TRACON& Tower with Radar,26,1,2,8,37,0,3,7,0,10,26,4,9,8,47,16,22,38,85
05/19/2020,ITO,HI,AWP,WE,Combined TRACON& Tower with Radar,22,9,7,11,49,0,0,3,0,3,22,9,10,11,52,28,26,54,106
05/20/2020,ITO,HI,AWP,WE,Combined TRACON& Tower with Radar,23,7,0,5,35,0,2,2,3,7,23,9,2,8,42,12,8,20,62
05/21/2020,ITO,HI,AWP,WE,Combined TRACON& Tower with Radar,23,9,8,6,46,0,1,8,0,9,23,10,16,6,55,0,20,20,75
05/22/2020,ITO,HI,AWP,WE,Combined TRACON& Tower with Radar,22,5,0,0,27,0,1,0,2,3,22,6,0,2,30,2,2,4,34
05/23/2020,ITO,HI,AWP,WE,Combined TRACON& Tower with Radar,21,7,1,4,33,0,2,2,0,4,21,9,3,4,37,0,14,14,51
05/24/2020,ITO,HI,AWP,WE,Combined TRACON& Tower with Radar,15,1,5,0,21,0,2,1,0,3,15,3,6,0,24,0,0,0,24
05/25/2020,ITO,HI,AWP,WE,Combined TRACON& Tower with Radar,16,4,1,0,21,0,0,13,0,13,16,4,14,0,34,46,0,46,80
05/26/2020,ITO,HI,AWP,WE,Combined TRACON& Tower with Radar,31,10,0,5,46,0,1,4,2,7,31,11,4,7,53,0,0,0,53
05/27/2020,ITO,HI,AWP,WE,Combined TRACON& Tower with Radar,19,4,1,8,32,0,1,3,2,6,19,5,4,10,38,22,4,26,64
05/28/2020,ITO,HI,AWP,WE,Combined TRACON& Tower with Radar,24,9,4,9,46,0,1,8,1,10,24,10,12,10,56,6,0,6,62
05/29/2020,ITO,HI,AWP,WE,Combined TRACON& Tower with Radar,21,9,4,1,35,0,0,8,2,10,21,9,12,3,45,0,0,0,45
05/30/2020,ITO,HI,AWP,WE,Combined TRACON& Tower with Radar,20,6,2,2,30,0,0,4,0,4,20,6,6,2,34,0,0,0,34
05/31/2020,ITO,HI,AWP,WE,Combined TRACON& Tower with Radar,18,3,0,0,21,0,3,7,0,10,18,6,7,0,31,0,0,0,31
06/01/2020,ITO,HI,AWP,WE,Combined TRACON& Tower with Radar,23,9,1,4,37,0,0,3,0,3,23,9,4,4,40,16,8,24,64
06/02/2020,ITO,HI,AWP,WE,Combined TRACON& Tower with Radar,20,10,2,6,38,0,0,4,0,4,20,10,6,6,42,0,18,18,60
06/03/2020,ITO,HI,AWP,WE,Combined TRACON& Tower with Radar,20,11,7,7,45,0,2,4,4,10,20,13,11,11,55,6,16,22,77
06/04/2020,ITO,HI,AWP,WE,Combined TRACON& Tower with Radar,23,5,0,3,31,0,0,2,1,3,23,5,2,4,34,42,0,42,76
06/05/2020,ITO,HI,AWP,WE,Combined TRACON& Tower with Radar,24,5,3,4,36,0,0,4,4,8,24,5,7,8,44,30,4,34,78
06/06/2020,ITO,HI,AWP,WE,Combined TRACON& Tower with Radar,19,5,0,0,24,0,0,8,0,8,19,5,8,0,32,10,0,10,42
06/07/2020,ITO,HI,AWP,WE,Combined TRACON& Tower with Radar,17,4,0,0,21,0,2,3,0,5,17,6,3,0,26,0,0,0,26
06/08/2020,ITO,HI,AWP,WE,Combined TRACON& Tower with Radar,22,7,0,3,32,0,2,2,0,4,22,9,2,3,36,0,0,0,36
06/09/2020,ITO,HI,AWP,WE,Combined TRACON& Tower with Radar,24,8,1,6,39,0,1,5,5,11,24,9,6,11,50,18,12,30,80
06/10/2020,ITO,HI,AWP,WE,Combined TRACON& Tower with Radar,23,10,3,3,39,0,0,4,1,5,23,10,7,4,44,30,4,34,78
06/11/2020,ITO,HI,AWP,WE,Combined TRACON& Tower with Radar,23,6,0,9,38,0,0,2,5,7,23,6,2,14,45,0,12,12,57
06/12/2020,ITO,HI,AWP,WE,Combined TRACON& Tower with Radar,23,6,3,3,35,0,0,5,0,5,23,6,8,3,40,6,0,6,46
06/13/2020,ITO,HI,AWP,WE,Combined TRACON& Tower with Radar,24,9,4,2,39,0,0,6,5,11,24,9,10,7,50,0,0,0,50
06/14/2020,ITO,HI,AWP,WE,Combined TRACON& Tower with Radar,21,1,0,7,29,0,2,1,11,14,21,3,1,18,43,0,12,12,55
06/15/2020,ITO,HI,AWP,WE,Combined TRACON& Tower with Radar,22,8,9,8,47,0,3,6,15,24,22,11,15,23,71,12,18,30,101
06/16/2020,ITO,HI,AWP,WE,Combined TRACON& Tower with Radar,24,6,0,7,37,0,0,6,2,8,24,6,6,9,45,2,2,4,49
06/17/2020,ITO,HI,AWP,WE,Combined TRACON& Tower with Radar,32,7,5,6,50,0,0,6,2,8,32,7,11,8,58,16,26,42,100
06/18/2020,ITO,HI,AWP,WE,Combined TRACON& Tower with Radar,28,12,5,7,52,0,0,7,3,10,28,12,12,10,62,8,12,20,82
06/19/2020,ITO,HI,AWP,WE,Combined TRACON& Tower with Radar,30,5,0,1,36,0,0,6,6,12,30,5,6,7,48,6,14,20,68
06/20/2020,ITO,HI,AWP,WE,Combined TRACON& Tower with Radar,24,14,2,0,40,0,1,3,0,4,24,15,5,0,44,0,0,0,44
06/21/2020,ITO,HI,AWP,WE,Combined TRACON& Tower with Radar,21,10,0,0,31,0,2,0,0,2,21,12,0,0,33,4,0,4,37
06/22/2020,ITO,HI,AWP,WE,Combined TRACON& Tower with Radar,28,8,0,0,36,0,2,2,2,6,28,10,2,2,42,0,0,0,42
06/23/2020,ITO,HI,AWP,WE,Combined TRACON& Tower with Radar,24,12,4,1,41,0,5,6,3,14,24,17,10,4,55,0,2,2,57
06/24/2020,ITO,HI,AWP,WE,Combined TRACON& Tower with Radar,23,12,3,2,40,0,0,10,3,13,23,12,13,5,53,6,2,8,61
06/25/2020,ITO,HI,AWP,WE,Combined TRACON& Tower with Radar,28,11,1,3,43,0,1,6,2,9,28,12,7,5,52,0,0,0,52
06/26/2020,ITO,HI,AWP,WE,Combined TRACON& Tower with Radar,28,8,0,0,36,0,1,12,0,13,28,9,12,0,49,12,0,12,61
06/27/2020,ITO,HI,AWP,WE,Combined TRACON& Tower with Radar,20,5,0,0,25,0,0,5,0,5,20,5,5,0,30,0,0,0,30
06/28/2020,ITO,HI,AWP,WE,Combined TRACON& Tower with Radar,27,2,1,1,31,0,0,3,0,3,27,2,4,1,34,0,0,0,34
06/29/2020,ITO,HI,AWP,WE,Combined TRACON& Tower with Radar,29,6,0,6,41,0,7,2,2,11,29,13,2,8,52,0,0,0,52
06/30/2020,ITO,HI,AWP,WE,Combined TRACON& Tower with Radar,26,10,2,8,46,0,6,6,2,14,26,16,8,10,60,6,4,10,70
07/01/2020,ITO,HI,AWP,WE,Combined TRACON& Tower with Radar,29,5,1,3,38,0,0,5,4,9,29,5,6,7,47,6,4,10,57
07/02/2020,ITO,HI,AWP,WE,Combined TRACON& Tower with Radar,37,6,0,1,44,0,2,12,3,17,37,8,12,4,61,0,4,4,65
07/03/2020,ITO,HI,AWP,WE,Combined TRACON& Tower with Radar,35,10,2,0,47,0,0,2,0,2,35,10,4,0,49,8,0,8,57
07/04/2020,ITO,HI,AWP,WE,Combined TRACON& Tower with Radar,27,5,5,0,37,0,0,3,0,3,27,5,8,0,40,0,0,0,40
07/05/2020,ITO,HI,AWP,WE,Combined TRACON& Tower with Radar,35,3,1,0,39,0,4,3,0,7,35,7,4,0,46,4,0,4,50
07/06/2020,ITO,HI,AWP,WE,Combined TRACON& Tower with Radar,30,14,0,6,50,0,6,3,0,9,30,20,3,6,59,24,0,24,83
07/07/2020,ITO,HI,AWP,WE,Combined TRACON& Tower with Radar,32,7,0,8,47,0,0,8,0,8,32,7,8,8,55,8,12,20,75
07/08/2020,ITO,HI,AWP,WE,Combined TRACON& Tower with Radar,32,9,4,8,53,0,0,3,2,5,32,9,7,10,58,8,8,16,74
07/09/2020,ITO,HI,AWP,WE,Combined TRACON& Tower with Radar,35,8,1,1,45,0,1,9,1,11,35,9,10,2,56,0,0,0,56
07/10/2020,ITO,HI,AWP,WE,Combined TRACON& Tower with Radar,34,7,0,1,42,0,0,4,1,5,34,7,4,2,47,0,2,2,49
07/11/2020,ITO,HI,AWP,WE,Combined TRACON& Tower with Radar,23,11,3,3,40,0,1,8,2,11,23,12,11,5,51,10,0,10,61
07/12/2020,ITO,HI,AWP,WE,Combined TRACON& Tower with Radar,26,3,1,3,33,0,2,2,0,4,26,5,3,3,37,0,0,0,37
07/13/2020,ITO,HI,AWP,WE,Combined TRACON& Tower with Radar,31,7,1,2,41,0,3,4,1,8,31,10,5,3,49,0,0,0,49
07/14/2020,ITO,HI,AWP,WE,Combined TRACON& Tower with Radar,30,12,7,0,49,0,0,1,0,1,30,12,8,0,50,4,0,4,54
07/15/2020,ITO,HI,AWP,WE,Combined TRACON& Tower with Radar,32,4,0,1,37,0,0,4,1,5,32,4,4,2,42,0,0,0,42
07/16/2020,ITO,HI,AWP,WE,Combined TRACON& Tower with Radar,37,7,2,2,48,0,3,2,5,10,37,10,4,7,58,0,24,24,82
07/17/2020,ITO,HI,AWP,WE,Combined TRACON& Tower with Radar,38,3,4,3,48,0,0,3,7,10,38,3,7,10,58,0,18,18,76
07/18/2020,ITO,HI,AWP,WE,Combined TRACON& Tower with Radar,25,8,2,6,41,0,1,7,10,18,25,9,9,16,59,14,15,29,88
07/19/2020,ITO,HI,AWP,WE,Combined TRACON& Tower with Radar,30,3,0,0,33,0,0,0,6,6,30,3,0,6,39,0,4,4,43
07/20/2020,ITO,HI,AWP,WE,Combined TRACON& Tower with Radar,36,7,4,0,47,0,0,4,0,4,36,7,8,0,51,0,0,0,51
07/21/2020,ITO,HI,AWP,WE,Combined TRACON& Tower with Radar,36,3,2,0,41,0,0,5,0,5,36,3,7,0,46,4,0,4,50
07/22/2020,ITO,HI,AWP,WE,Combined TRACON& Tower with Radar,34,5,7,14,60,0,0,11,0,11,34,5,18,14,71,24,0,24,95
07/23/2020,ITO,HI,AWP,WE,Combined TRACON& Tower with Radar,34,2,2,6,44,0,0,2,5,7,34,2,4,11,51,10,6,16,67
07/24/2020,ITO,HI,AWP,WE,Combined TRACON& Tower with Radar,37,6,2,4,49,0,3,8,2,13,37,9,10,6,62,6,0,6,68
07/25/2020,ITO,HI,AWP,WE,Combined TRACON& Tower with Radar,24,4,2,2,32,0,2,4,0,6,24,6,6,2,38,2,0,2,40
07/26/2020,ITO,HI,AWP,WE,Combined TRACON& Tower with Radar,2,6,0,1,9,0,2,0,0,2,2,8,0,1,11,0,0,0,11
07/27/2020,ITO,HI,AWP,WE,Combined TRACON& Tower with Radar,31,11,2,0,44,0,1,2,1,4,31,12,4,1,48,6,0,6,54
07/28/2020,ITO,HI,AWP,WE,Combined TRACON& Tower with Radar,33,12,3,8,56,0,0,15,0,15,33,12,18,8,71,0,8,8,79
07/29/2020,ITO,HI,AWP,WE,Combined TRACON& Tower with Radar,32,5,2,0,39,0,0,9,3,12,32,5,11,3,51,2,0,2,53
07/30/2020,ITO,HI,AWP,WE,Combined TRACON& Tower with Radar,33,7,0,1,41,0,2,4,0,6,33,9,4,1,47,10,0,10,57
07/31/2020,ITO,HI,AWP,WE,Combined TRACON& Tower with Radar,33,3,0,1,37,0,0,2,2,4,33,3,2,3,41,4,0,4,45
08/01/2020,ITO,HI,AWP,WE,Combined TRACON& Tower with Radar,26,8,1,2,37,0,0,6,4,10,26,8,7,6,47,0,0,0,47
08/02/2020,ITO,HI,AWP,WE,Combined TRACON& Tower with Radar,29,2,0,0,31,0,4,4,2,10,29,6,4,2,41,0,8,8,49
08/03/2020,ITO,HI,AWP,WE,Combined TRACON& Tower with Radar,35,15,0,3,53,0,2,2,0,4,35,17,2,3,57,2,14,16,73
08/04/2020,ITO,HI,AWP,WE,Combined TRACON& Tower with Radar,33,18,1,8,60,0,0,7,5,12,33,18,8,13,72,2,22,24,96
08/05/2020,ITO,HI,AWP,WE,Combined TRACON& Tower with Radar,38,10,0,1,49,0,0,12,1,13,38,10,12,2,62,22,0,22,84
08/06/2020,ITO,HI,AWP,WE,Combined TRACON& Tower with Radar,38,6,0,9,53,0,0,2,2,4,38,6,2,11,57,0,6,6,63
08/07/2020,ITO,HI,AWP,WE,Combined TRACON& Tower with Radar,36,23,5,5,69,0,0,5,0,5,36,23,10,5,74,24,0,24,98
08/08/2020,ITO,HI,AWP,WE,Combined TRACON& Tower with Radar,28,7,1,0,36,0,0,5,0,5,28,7,6,0,41,4,0,4,45
08/09/2020,ITO,HI,AWP,WE,Combined TRACON& Tower with Radar,28,9,0,0,37,0,3,5,0,8,28,12,5,0,45,12,0,12,57
08/10/2020,ITO,HI,AWP,WE,Combined TRACON& Tower with Radar,37,8,7,0,52,0,2,9,0,11,37,10,16,0,63,8,0,8,71
08/11/2020,ITO,HI,AWP,WE,Combined TRACON& Tower with Radar,34,7,0,1,42,0,0,7,1,8,34,7,7,2,50,0,12,12,62
08/12/2020,ITO,HI,AWP,WE,Combined TRACON& Tower with Radar,24,5,0,1,30,0,0,3,1,4,24,5,3,2,34,10,2,12,46
08/13/2020,ITO,HI,AWP,WE,Combined TRACON& Tower with Radar,27,6,4,2,39,0,1,4,4,9,27,7,8,6,48,0,0,0,48
08/14/2020,ITO,HI,AWP,WE,Combined TRACON& Tower with Radar,27,8,6,0,41,0,0,2,0,2,27,8,8,0,43,0,0,0,43
08/15/2020,ITO,HI,AWP,WE,Combined TRACON& Tower with Radar,23,5,5,0,33,0,0,2,1,3,23,5,7,1,36,0,0,0,36
08/16/2020,ITO,HI,AWP,WE,Combined TRACON& Tower with Radar,21,0,3,0,24,0,0,4,0,4,21,0,7,0,28,8,0,8,36
08/17/2020,ITO,HI,AWP,WE,Combined TRACON& Tower with Radar,32,5,0,2,39,0,0,5,2,7,32,5,5,4,46,2,2,4,50
08/18/2020,ITO,HI,AWP,WE,Combined TRACON& Tower with Radar,28,3,3,0,34,0,0,3,1,4,28,3,6,1,38,2,8,10,48
08/19/2020,ITO,HI,AWP,WE,Combined TRACON& Tower with Radar,24,8,1,1,34,0,0,4,1,5,24,8,5,2,39,32,2,34,73
08/20/2020,ITO,HI,AWP,WE,Combined TRACON& Tower with Radar,22,5,0,1,28,0,0,1,2,3,22,5,1,3,31,0,2,2,33
08/21/2020,ITO,HI,AWP,WE,Combined TRACON& Tower with Radar,29,4,1,0,34,0,0,11,0,11,29,4,12,0,45,0,0,0,45
08/22/2020,ITO,HI,AWP,WE,Combined TRACON& Tower with Radar,23,5,0,1,29,0,0,7,2,9,23,5,7,3,38,2,0,2,40
08/23/2020,ITO,HI,AWP,WE,Combined TRACON& Tower with Radar,22,0,0,1,23,0,1,12,0,13,22,1,12,1,36,50,0,50,86
08/24/2020,ITO,HI,AWP,WE,Combined TRACON& Tower with Radar,25,4,0,0,29,0,0,7,0,7,25,4,7,0,36,2,0,2,38
08/25/2020,ITO,HI,AWP,WE,Combined TRACON& Tower with Radar,24,11,9,4,48,0,0,8,0,8,24,11,17,4,56,6,2,8,64
08/26/2020,ITO,HI,AWP,WE,Combined TRACON& Tower with Radar,21,9,1,5,36,0,1,6,3,10,21,10,7,8,46,28,2,30,76
08/27/2020,ITO,HI,AWP,WE,Combined TRACON& Tower with Radar,23,10,1,0,34,0,0,11,2,13,23,10,12,2,47,8,4,12,59
08/28/2020,ITO,HI,AWP,WE,Combined TRACON& Tower with Radar,26,6,0,0,32,0,0,8,0,8,26,6,8,0,40,0,0,0,40
08/29/2020,ITO,HI,AWP,WE,Combined TRACON& Tower with Radar,22,5,1,0,28,0,0,12,0,12,22,5,13,0,40,0,0,0,40
08/30/2020,ITO,HI,AWP,WE,Combined TRACON& Tower with Radar,20,7,4,0,31,0,2,3,0,5,20,9,7,0,36,28,0,28,64
08/31/2020,ITO,HI,AWP,WE,Combined TRACON& Tower with Radar,24,10,2,3,39,0,0,2,0,2,24,10,4,3,41,14,0,14,55
09/01/2020,ITO,HI,AWP,WE,Combined TRACON& Tower with Radar,22,7,0,14,43,0,0,7,2,9,22,7,7,16,52,0,42,42,94
09/02/2020,ITO,HI,AWP,WE,Combined TRACON& Tower with Radar,24,7,4,1,36,0,0,4,1,5,24,7,8,2,41,2,2,4,45
09/03/2020,ITO,HI,AWP,WE,Combined TRACON& Tower with Radar,30,8,8,7,53,0,3,3,4,10,30,11,11,11,63,10,6,16,79
09/04/2020,ITO,HI,AWP,WE,Combined TRACON& Tower with Radar,23,4,4,1,32,0,0,8,0,8,23,4,12,1,40,0,0,0,40
09/05/2020,ITO,HI,AWP,WE,Combined TRACON& Tower with Radar,19,2,2,0,23,0,4,2,3,9,19,6,4,3,32,0,8,8,40
09/06/2020,ITO,HI,AWP,WE,Combined TRACON& Tower with Radar,15,1,2,0,18,0,0,6,0,6,15,1,8,0,24,2,0,2,26
09/07/2020,ITO,HI,AWP,WE,Combined TRACON& Tower with Radar,18,2,0,0,20,0,2,3,0,5,18,4,3,0,25,16,0,16,41
09/08/2020,ITO,HI,AWP,WE,Combined TRACON& Tower with Radar,23,10,5,0,38,0,0,2,2,4,23,10,7,2,42,0,6,6,48
09/09/2020,ITO,HI,AWP,WE,Combined TRACON& Tower with Radar,22,8,3,2,35,0,0,0,2,2,22,8,3,4,37,0,6,6,43
09/10/2020,ITO,HI,AWP,WE,Combined TRACON& Tower with Radar,27,6,3,3,39,0,0,2,1,3,27,6,5,4,42,0,0,0,42
09/11/2020,ITO,HI,AWP,WE,Combined TRACON& Tower with Radar,21,7,0,2,30,0,0,0,4,4,21,7,0,6,34,0,2,2,36
09/12/2020,ITO,HI,AWP,WE,Combined TRACON& Tower with Radar,17,5,5,0,27,0,0,10,0,10,17,5,15,0,37,6,0,6,43
09/13/2020,ITO,HI,AWP,WE,Combined TRACON& Tower with Radar,15,5,1,0,21,0,1,7,0,8,15,6,8,0,29,0,0,0,29
09/14/2020,ITO,HI,AWP,WE,Combined TRACON& Tower with Radar,21,6,2,0,29,0,0,6,1,7,21,6,8,1,36,2,0,2,38
09/15/2020,ITO,HI,AWP,WE,Combined TRACON& Tower with Radar,21,16,2,1,40,0,0,7,4,11,21,16,9,5,51,20,0,20,71
09/16/2020,ITO,HI,AWP,WE,Combined TRACON& Tower with Radar,20,14,1,13,48,0,1,6,2,9,20,15,7,15,57,4,10,14,71
09/17/2020,ITO,HI,AWP,WE,Combined TRACON& Tower with Radar,22,7,0,9,38,0,0,6,3,9,22,7,6,12,47,0,44,44,91
09/18/2020,ITO,HI,AWP,WE,Combined TRACON& Tower with Radar,22,6,1,0,29,0,0,2,2,4,22,6,3,2,33,2,0,2,35
09/19/2020,ITO,HI,AWP,WE,Combined TRACON& Tower with Radar,19,5,1,0,25,0,0,2,0,2,19,5,3,0,27,10,0,10,37
09/20/2020,ITO,HI,AWP,WE,Combined TRACON& Tower with Radar,16,3,0,0,19,0,1,12,0,13,16,4,12,0,32,2,0,2,34
09/21/2020,ITO,HI,AWP,WE,Combined TRACON& Tower with Radar,20,8,3,12,43,0,0,6,0,6,20,8,9,12,49,0,0,0,49
09/22/2020,ITO,HI,AWP,WE,Combined TRACON& Tower with Radar,21,6,0,4,31,0,1,5,2,8,21,7,5,6,39,0,30,30,69
09/23/2020,ITO,HI,AWP,WE,Combined TRACON& Tower with Radar,20,6,5,4,35,0,1,5,0,6,20,7,10,4,41,0,0,0,41
09/24/2020,ITO,HI,AWP,WE,Combined TRACON& Tower with Radar,23,4,4,7,38,0,0,4,2,6,23,4,8,9,44,20,0,20,64
09/25/2020,ITO,HI,AWP,WE,Combined TRACON& Tower with Radar,25,26,4,2,57,0,0,10,0,10,25,26,14,2,67,0,0,0,67
09/26/2020,ITO,HI,AWP,WE,Combined TRACON& Tower with Radar,16,8,3,0,27,0,0,6,0,6,16,8,9,0,33,0,0,0,33
09/27/2020,ITO,HI,AWP,WE,Combined TRACON& Tower with Radar,14,0,2,4,20,0,0,2,0,2,14,0,4,4,22,14,0,14,36
09/28/2020,ITO,HI,AWP,WE,Combined TRACON& Tower with Radar,21,6,2,2,31,0,0,9,0,9,21,6,11,2,40,18,0,18,58
09/29/2020,ITO,HI,AWP,WE,Combined TRACON& Tower with Radar,20,7,5,3,35,0,0,4,4,8,20,7,9,7,43,0,4,4,47
09/30/2020,ITO,HI,AWP,WE,Combined TRACON& Tower with Radar,19,12,2,1,34,0,0,6,0,6,19,12,8,1,40,8,2,10,50
10/01/2020,ITO,HI,AWP,WE,Combined TRACON& Tower with Radar,19,5,0,0,24,0,0,1,0,1,19,5,1,0,25,0,0,0,25
10/02/2020,ITO,HI,AWP,WE,Combined TRACON& Tower with Radar,22,6,0,3,31,0,0,3,4,7,22,6,3,7,38,0,14,14,52
10/03/2020,ITO,HI,AWP,WE,Combined TRACON& Tower with Radar,17,4,1,4,26,0,0,1,0,1,17,4,2,4,27,8,0,8,35
10/04/2020,ITO,HI,AWP,WE,Combined TRACON& Tower with Radar,14,8,2,0,24,0,0,4,0,4,14,8,6,0,28,0,0,0,28
10/05/2020,ITO,HI,AWP,WE,Combined TRACON& Tower with Radar,25,4,1,4,34,0,0,3,0,3,25,4,4,4,37,4,6,10,47
10/06/2020,ITO,HI,AWP,WE,Combined TRACON& Tower with Radar,18,8,2,1,29,0,0,3,1,4,18,8,5,2,33,0,4,4,37
10/07/2020,ITO,HI,AWP,WE,Combined TRACON& Tower with Radar,18,17,9,6,50,0,0,2,0,2,18,17,11,6,52,3,2,5,57
10/08/2020,ITO,HI,AWP,WE,Combined TRACON& Tower with Radar,22,6,2,2,32,0,0,2,4,6,22,6,4,6,38,2,10,12,50
10/09/2020,ITO,HI,AWP,WE,Combined TRACON& Tower with Radar,24,5,4,5,38,0,0,3,0,3,24,5,7,5,41,0,8,8,49
10/10/2020,ITO,HI,AWP,WE,Combined TRACON& Tower with Radar,25,11,3,0,39,0,0,2,0,2,25,11,5,0,41,4,0,4,45
10/11/2020,ITO,HI,AWP,WE,Combined TRACON& Tower with Radar,14,4,0,0,18,0,0,2,0,2,14,4,2,0,20,0,0,0,20
10/12/2020,ITO,HI,AWP,WE,Combined TRACON& Tower with Radar,21,4,1,0,26,0,0,5,0,5,21,4,6,0,31,5,0,5,36
10/13/2020,ITO,HI,AWP,WE,Combined TRACON& Tower with Radar,24,2,0,2,28,0,0,2,2,4,24,2,2,4,32,0,12,12,44
10/14/2020,ITO,HI,AWP,WE,Combined TRACON& Tower with Radar,21,5,7,16,49,0,0,9,1,10,21,5,16,17,59,2,0,2,61
10/15/2020,ITO,HI,AWP,WE,Combined TRACON& Tower with Radar,27,7,12,3,49,0,2,9,8,19,27,9,21,11,68,0,0,0,68
10/16/2020,ITO,HI,AWP,WE,Combined TRACON& Tower with Radar,32,17,2,0,51,0,0,6,0,6,32,17,8,0,57,0,0,0,57
10/17/2020,ITO,HI,AWP,WE,Combined TRACON& Tower with Radar,26,12,2,1,41,0,0,2,0,2,26,12,4,1,43,10,0,10,53
10/18/2020,ITO,HI,AWP,WE,Combined TRACON& Tower with Radar,21,4,0,0,25,0,0,0,0,0,21,4,0,0,25,0,0,0,25
10/19/2020,ITO,HI,AWP,WE,Combined TRACON& Tower with Radar,26,16,1,4,47,0,0,9,1,10,26,16,10,5,57,16,0,16,73
10/20/2020,ITO,HI,AWP,WE,Combined TRACON& Tower with Radar,28,6,2,1,37,0,0,5,5,10,28,6,7,6,47,0,8,8,55
10/21/2020,ITO,HI,AWP,WE,Combined TRACON& Tower with Radar,27,5,0,6,38,0,2,10,2,14,27,7,10,8,52,0,0,0,52
10/22/2020,ITO,HI,AWP,WE,Combined TRACON& Tower with Radar,28,2,10,1,41,0,3,4,3,10,28,5,14,4,51,0,0,0,51
10/23/2020,ITO,HI,AWP,WE,Combined TRACON& Tower with Radar,30,7,3,8,48,0,0,7,2,9,30,7,10,10,57,2,2,4,61
10/24/2020,ITO,HI,AWP,WE,Combined TRACON& Tower with Radar,27,15,3,1,46,0,0,0,0,0,27,15,3,1,46,0,0,0,46
10/25/2020,ITO,HI,AWP,WE,Combined TRACON& Tower with Radar,21,4,0,0,25,0,0,4,0,4,21,4,4,0,29,0,0,0,29
10/26/2020,ITO,HI,AWP,WE,Combined TRACON& Tower with Radar,27,11,1,2,41,0,0,4,0,4,27,11,5,2,45,0,8,8,53
10/27/2020,ITO,HI,AWP,WE,Combined TRACON& Tower with Radar,27,6,3,1,37,0,0,5,0,5,27,6,8,1,42,10,0,10,52
10/28/2020,ITO,HI,AWP,WE,Combined TRACON& Tower with Radar,29,11,3,0,43,0,0,5,0,5,29,11,8,0,48,2,0,2,50
10/29/2020,ITO,HI,AWP,WE,Combined TRACON& Tower with Radar,26,11,17,3,57,0,0,2,2,4,26,11,19,5,61,0,0,0,61
10/30/2020,ITO,HI,AWP,WE,Combined TRACON& Tower with Radar,28,6,5,11,50,0,0,4,0,4,28,6,9,11,54,0,10,10,64
10/31/2020,ITO,HI,AWP,WE,Combined TRACON& Tower with Radar,24,5,5,4,38,0,0,4,1,5,24,5,9,5,43,0,0,0,43
11/01/2020,ITO,HI,AWP,WE,Combined TRACON& Tower with Radar,22,2,0,0,24,0,0,2,0,2,22,2,2,0,26,0,0,0,26
11/02/2020,ITO,HI,AWP,WE,Combined TRACON& Tower with Radar,30,9,4,0,43,0,0,2,0,2,30,9,6,0,45,0,0,0,45
11/03/2020,ITO,HI,AWP,WE,Combined TRACON& Tower with Radar,29,10,3,0,42,0,6,4,9,19,29,16,7,9,61,0,6,6,67
11/04/2020,ITO,HI,AWP,WE,Combined TRACON& Tower with Radar,27,5,1,2,35,0,0,6,3,9,27,5,7,5,44,0,4,4,48
11/05/2020,ITO,HI,AWP,WE,Combined TRACON& Tower with Radar,35,8,1,0,44,0,0,7,2,9,35,8,8,2,53,20,0,20,73
11/06/2020,ITO,HI,AWP,WE,Combined TRACON& Tower with Radar,30,9,5,0,44,0,0,4,0,4,30,9,9,0,48,0,0,0,48
11/07/2020,ITO,HI,AWP,WE,Combined TRACON& Tower with Radar,25,4,4,1,34,0,0,0,1,1,25,4,4,2,35,0,0,0,35
11/08/2020,ITO,HI,AWP,WE,Combined TRACON& Tower with Radar,23,0,4,0,27,0,0,6,0,6,23,0,10,0,33,2,0,2,35
11/09/2020,ITO,HI,AWP,WE,Combined TRACON& Tower with Radar,30,9,4,0,43,0,0,13,0,13,30,9,17,0,56,2,0,2,58
11/10/2020,ITO,HI,AWP,WE,Combined TRACON& Tower with Radar,29,7,3,1,40,0,0,1,1,2,29,7,4,2,42,0,10,10,52
11/11/2020,ITO,HI,AWP,WE,Combined TRACON& Tower with Radar,29,2,0,0,31,0,1,4,0,5,29,3,4,0,36,0,0,0,36
11/12/2020,ITO,HI,AWP,WE,Combined TRACON& Tower with Radar,34,3,0,6,43,0,0,4,1,5,34,3,4,7,48,0,6,6,54
11/13/2020,ITO,HI,AWP,WE,Combined TRACON& Tower with Radar,33,6,4,6,49,0,0,4,3,7,33,6,8,9,56,2,30,32,88
11/14/2020,ITO,HI,AWP,WE,Combined TRACON& Tower with Radar,31,4,1,2,38,0,0,4,2,6,31,4,5,4,44,0,4,4,48
11/15/2020,ITO,HI,AWP,WE,Combined TRACON& Tower with Radar,22,3,3,0,28,0,1,5,0,6,22,4,8,0,34,8,0,8,42
11/16/2020,ITO,HI,AWP,WE,Combined TRACON& Tower with Radar,28,12,0,4,44,0,2,11,0,13,28,14,11,4,57,2,0,2,59
11/17/2020,ITO,HI,AWP,WE,Combined TRACON& Tower with Radar,30,4,7,11,52,0,0,5,4,9,30,4,12,15,61,2,16,18,79
11/18/2020,ITO,HI,AWP,WE,Combined TRACON& Tower with Radar,32,7,1,8,48,0,1,8,5,14,32,8,9,13,62,0,18,18,80
11/19/2020,ITO,HI,AWP,WE,Combined TRACON& Tower with Radar,36,7,4,2,49,0,0,8,1,9,36,7,12,3,58,0,20,20,78
11/20/2020,ITO,HI,AWP,WE,Combined TRACON& Tower with Radar,33,7,3,0,43,0,0,5,0,5,33,7,8,0,48,0,0,0,48
11/21/2020,ITO,HI,AWP,WE,Combined TRACON& Tower with Radar,29,9,0,4,42,0,8,3,0,11,29,17,3,4,53,8,0,8,61
11/22/2020,ITO,HI,AWP,WE,Combined TRACON& Tower with Radar,31,2,0,0,33,0,0,4,0,4,31,2,4,0,37,4,0,4,41
11/23/2020,ITO,HI,AWP,WE,Combined TRACON& Tower with Radar,34,10,3,3,50,0,0,3,0,3,34,10,6,3,53,6,2,8,61
11/24/2020,ITO,HI,AWP,WE,Combined TRACON& Tower with Radar,38,16,2,9,65,0,0,3,4,7,38,16,5,13,72,0,30,30,102
11/25/2020,ITO,HI,AWP,WE,Combined TRACON& Tower with Radar,36,2,6,3,47,0,0,1,0,1,36,2,7,3,48,0,0,0,48
11/26/2020,ITO,HI,AWP,WE,Combined TRACON& Tower with Radar,30,0,0,0,30,0,0,0,0,0,30,0,0,0,30,0,0,0,30
11/27/2020,ITO,HI,AWP,WE,Combined TRACON& Tower with Radar,36,4,1,0,41,0,0,9,0,9,36,4,10,0,50,0,0,0,50
11/28/2020,ITO,HI,AWP,WE,Combined TRACON& Tower with Radar,32,4,3,0,39,0,0,3,0,3,32,4,6,0,42,2,0,2,44
11/29/2020,ITO,HI,AWP,WE,Combined TRACON& Tower with Radar,30,4,2,3,39,0,0,5,1,6,30,4,7,4,45,0,0,0,45
11/30/2020,ITO,HI,AWP,WE,Combined TRACON& Tower with Radar,42,5,0,2,49,0,0,8,1,9,42,5,8,3,58,4,0,4,62
12/01/2020,ITO,HI,AWP,WE,Combined TRACON& Tower with Radar,36,3,4,2,45,0,0,9,2,11,36,3,13,4,56,0,14,14,70
12/02/2020,ITO,HI,AWP,WE,Combined TRACON& Tower with Radar,40,6,3,1,50,0,0,5,1,6,40,6,8,2,56,0,0,0,56
12/03/2020,ITO,HI,AWP,WE,Combined TRACON& Tower with Radar,37,10,1,5,53,0,3,9,4,16,37,13,10,9,69,26,4,30,99
12/04/2020,ITO,HI,AWP,WE,Combined TRACON& Tower with Radar,35,7,2,0,44,0,2,9,0,11,35,9,11,0,55,0,0,0,55
12/05/2020,ITO,HI,AWP,WE,Combined TRACON& Tower with Radar,30,7,0,11,48,0,2,1,0,3,30,9,1,11,51,8,0,8,59
12/06/2020,ITO,HI,AWP,WE,Combined TRACON& Tower with Radar,32,5,3,0,40,0,0,3,0,3,32,5,6,0,43,0,0,0,43
12/07/2020,ITO,HI,AWP,WE,Combined TRACON& Tower with Radar,40,3,16,0,59,0,0,10,0,10,40,3,26,0,69,0,0,0,69
12/08/2020,ITO,HI,AWP,WE,Combined TRACON& Tower with Radar,35,6,0,0,41,0,0,2,3,5,35,6,2,3,46,0,8,8,54
12/09/2020,ITO,HI,AWP,WE,Combined TRACON& Tower with Radar,38,7,0,2,47,0,1,4,2,7,38,8,4,4,54,0,5,5,59
12/10/2020,ITO,HI,AWP,WE,Combined TRACON& Tower with Radar,36,4,8,0,48,0,2,8,5,15,36,6,16,5,63,2,4,6,69
12/11/2020,ITO,HI,AWP,WE,Combined TRACON& Tower with Radar,33,3,3,3,42,0,0,6,0,6,33,3,9,3,48,6,0,6,54
12/12/2020,ITO,HI,AWP,WE,Combined TRACON& Tower with Radar,29,5,5,1,40,0,0,6,0,6,29,5,11,1,46,0,0,0,46
12/13/2020,ITO,HI,AWP,WE,Combined TRACON& Tower with Radar,35,4,3,3,45,0,0,8,0,8,35,4,11,3,53,0,0,0,53
12/14/2020,ITO,HI,AWP,WE,Combined TRACON& Tower with Radar,40,8,8,0,56,0,0,10,0,10,40,8,18,0,66,0,0,0,66
12/15/2020,ITO,HI,AWP,WE,Combined TRACON& Tower with Radar,38,4,0,0,42,0,0,6,0,6,38,4,6,0,48,0,2,2,50
12/16/2020,ITO,HI,AWP,WE,Combined TRACON& Tower with Radar,32,4,0,2,38,0,0,2,0,2,32,4,2,2,40,18,0,18,58
12/17/2020,ITO,HI,AWP,WE,Combined TRACON& Tower with Radar,34,7,4,0,45,0,0,4,0,4,34,7,8,0,49,0,0,0,49
12/18/2020,ITO,HI,AWP,WE,Combined TRACON& Tower with Radar,35,8,11,0,54,0,0,2,0,2,35,8,13,0,56,2,0,2,58
12/19/2020,ITO,HI,AWP,WE,Combined TRACON& Tower with Radar,27,2,2,0,31,0,0,0,0,0,27,2,2,0,31,0,0,0,31
12/20/2020,ITO,HI,AWP,WE,Combined TRACON& Tower with Radar,26,4,0,4,34,2,0,0,0,2,28,4,0,4,36,0,0,0,36
12/21/2020,ITO,HI,AWP,WE,Combined TRACON& Tower with Radar,32,4,7,1,44,0,2,19,1,22,32,6,26,2,66,20,0,20,86
12/22/2020,ITO,HI,AWP,WE,Combined TRACON& Tower with Radar,32,6,3,0,41,0,3,18,5,26,32,9,21,5,67,10,14,24,91
12/23/2020,ITO,HI,AWP,WE,Combined TRACON& Tower with Radar,30,4,2,0,36,0,2,18,2,22,30,6,20,2,58,12,0,12,70
12/24/2020,ITO,HI,AWP,WE,Combined TRACON& Tower with Radar,31,10,0,0,41,0,0,19,0,19,31,10,19,0,60,2,0,2,62
12/25/2020,ITO,HI,AWP,WE,Combined TRACON& Tower with Radar,22,2,1,0,25,0,0,6,0,6,22,2,7,0,31,0,0,0,31
12/26/2020,ITO,HI,AWP,WE,Combined TRACON& Tower with Radar,25,6,4,2,37,0,0,8,0,8,25,6,12,2,45,0,0,0,45
12/27/2020,ITO,HI,AWP,WE,Combined TRACON& Tower with Radar,25,4,3,0,32,0,2,9,0,11,25,6,12,0,43,2,0,2,45
12/28/2020,ITO,HI,AWP,WE,Combined TRACON& Tower with Radar,32,5,0,0,37,0,0,21,0,21,32,5,21,0,58,4,0,4,62
12/29/2020,ITO,HI,AWP,WE,Combined TRACON& Tower with Radar,32,8,0,0,40,0,6,14,0,20,32,14,14,0,60,10,0,10,70
12/30/2020,ITO,HI,AWP,WE,Combined TRACON& Tower with Radar,40,8,1,6,55,0,3,22,0,25,40,11,23,6,80,4,0,4,84
12/31/2020,ITO,HI,AWP,WE,Combined TRACON& Tower with Radar,38,2,1,0,41,0,1,17,0,18,38,3,18,0,59,4,0,4,63
01/01/2021,ITO,HI,AWP,WE,Combined TRACON& Tower with Radar,25,2,5,0,32,0,2,3,0,5,25,4,8,0,37,6,0,6,43
01/02/2021,ITO,HI,AWP,WE,Combined TRACON& Tower with Radar,21,8,11,0,40,0,0,19,0,19,21,8,30,0,59,16,0,16,75
01/03/2021,ITO,HI,AWP,WE,Combined TRACON& Tower with Radar,21,2,0,0,23,0,10,14,0,24,21,12,14,0,47,6,0,6,53
01/04/2021,ITO,HI,AWP,WE,Combined TRACON& Tower with Radar,34,5,0,0,39,0,0,9,0,9,34,5,9,0,48,10,0,10,58
01/05/2021,ITO,HI,AWP,WE,Combined TRACON& Tower with Radar,31,6,7,2,46,0,0,39,0,39,31,6,46,2,85,16,0,16,101
01/06/2021,ITO,HI,AWP,WE,Combined TRACON& Tower with Radar,33,5,0,4,42,0,0,17,0,17,33,5,17,4,59,2,0,2,61
01/07/2021,ITO,HI,AWP,WE,Combined TRACON& Tower with Radar,34,6,4,0,44,0,1,14,2,17,34,7,18,2,61,0,0,0,61
01/08/2021,ITO,HI,AWP,WE,Combined TRACON& Tower with Radar,34,7,7,2,50,0,0,16,3,19,34,7,23,5,69,4,12,16,85
01/09/2021,ITO,HI,AWP,WE,Combined TRACON& Tower with Radar,26,3,2,0,31,0,0,7,5,12,26,3,9,5,43,10,2,12,55
01/10/2021,ITO,HI,AWP,WE,Combined TRACON& Tower with Radar,25,3,2,0,30,0,0,4,0,4,25,3,6,0,34,0,0,0,34
01/11/2021,ITO,HI,AWP,WE,Combined TRACON& Tower with Radar,32,4,4,0,40,0,0,14,0,14,32,4,18,0,54,4,0,4,58
01/12/2021,ITO,HI,AWP,WE,Combined TRACON& Tower with Radar,31,6,8,0,45,0,0,8,1,9,31,6,16,1,54,0,8,8,62
01/13/2021,ITO,HI,AWP,WE,Combined TRACON& Tower with Radar,29,7,6,6,48,0,0,14,0,14,29,7,20,6,62,4,6,10,72
01/14/2021,ITO,HI,AWP,WE,Combined TRACON& Tower with Radar,31,3,5,1,40,0,1,17,1,19,31,4,22,2,59,4,2,6,65
01/15/2021,ITO,HI,AWP,WE,Combined TRACON& Tower with Radar,43,6,6,3,58,0,2,16,0,18,43,8,22,3,76,24,0,24,100
01/16/2021,ITO,HI,AWP,WE,Combined TRACON& Tower with Radar,27,10,2,0,39,0,1,5,0,6,27,11,7,0,45,6,0,6,51
01/17/2021,ITO,HI,AWP,WE,Combined TRACON& Tower with Radar,25,1,2,0,28,0,6,11,0,17,25,7,13,0,45,0,0,0,45
01/18/2021,ITO,HI,AWP,WE,Combined TRACON& Tower with Radar,32,5,4,5,46,0,0,3,1,4,32,5,7,6,50,4,6,10,60
01/19/2021,ITO,HI,AWP,WE,Combined TRACON& Tower with Radar,32,5,3,0,40,0,0,4,0,4,32,5,7,0,44,4,0,4,48
01/20/2021,ITO,HI,AWP,WE,Combined TRACON& Tower with Radar,36,9,10,0,55,0,0,14,3,17,36,9,24,3,72,12,36,48,120
01/21/2021,ITO,HI,AWP,WE,Combined TRACON& Tower with Radar,30,7,1,8,46,0,0,4,2,6,30,7,5,10,52,4,0,4,56
01/22/2021,ITO,HI,AWP,WE,Combined TRACON& Tower with Radar,38,10,4,2,54,0,0,16,4,20,38,10,20,6,74,0,22,22,96
01/23/2021,ITO,HI,AWP,WE,Combined TRACON& Tower with Radar,23,9,7,0,39,0,0,8,0,8,23,9,15,0,47,0,0,0,47
01/24/2021,ITO,HI,AWP,WE,Combined TRACON& Tower with Radar,23,4,6,0,33,0,0,10,0,10,23,4,16,0,43,14,0,14,57
01/25/2021,ITO,HI,AWP,WE,Combined TRACON& Tower with Radar,38,6,8,2,54,0,0,0,0,0,38,6,8,2,54,26,0,26,80
01/26/2021,ITO,HI,AWP,WE,Combined TRACON& Tower with Radar,29,6,4,5,44,0,0,0,0,0,29,6,4,5,44,6,10,16,60
01/27/2021,ITO,HI,AWP,WE,Combined TRACON& Tower with Radar,31,4,4,2,41,0,0,0,0,0,31,4,4,2,41,4,0,4,45
01/28/2021,ITO,HI,AWP,WE,Combined TRACON& Tower with Radar,30,5,6,12,53,0,0,12,3,15,30,5,18,15,68,50,23,73,141
01/29/2021,ITO,HI,AWP,WE,Combined TRACON& Tower with Radar,30,13,6,0,49,0,0,7,0,7,30,13,13,0,56,8,0,8,64
01/30/2021,ITO,HI,AWP,WE,Combined TRACON& Tower with Radar,21,10,6,0,37,0,0,10,0,10,21,10,16,0,47,30,0,30,77
01/31/2021,ITO,HI,AWP,WE,Combined TRACON& Tower with Radar,24,5,4,0,33,0,2,2,0,4,24,7,6,0,37,0,0,0,37
02/01/2021,ITO,HI,AWP,WE,Combined TRACON& Tower with Radar,31,16,7,0,54,0,3,4,2,9,31,19,11,2,63,4,0,4,67
02/02/2021,ITO,HI,AWP,WE,Combined TRACON& Tower with Radar,28,17,3,2,50,0,0,19,0,19,28,17,22,2,69,42,0,42,111
02/03/2021,ITO,HI,AWP,WE,Combined TRACON& Tower with Radar,28,8,1,0,37,0,0,11,2,13,28,8,12,2,50,4,2,6,56
02/04/2021,ITO,HI,AWP,WE,Combined TRACON& Tower with Radar,28,8,13,2,51,0,0,20,1,21,28,8,33,3,72,10,0,10,82
02/05/2021,ITO,HI,AWP,WE,Combined TRACON& Tower with Radar,28,7,4,3,42,0,0,7,1,8,28,7,11,4,50,12,14,26,76
02/06/2021,ITO,HI,AWP,WE,Combined TRACON& Tower with Radar,21,8,4,0,33,0,0,10,0,10,21,8,14,0,43,74,0,74,117
02/07/2021,ITO,HI,AWP,WE,Combined TRACON& Tower with Radar,25,6,9,0,40,0,1,11,0,12,25,7,20,0,52,12,0,12,64
02/08/2021,ITO,HI,AWP,WE,Combined TRACON& Tower with Radar,24,14,3,0,41,0,0,9,0,9,24,14,12,0,50,2,0,2,52
02/09/2021,ITO,HI,AWP,WE,Combined TRACON& Tower with Radar,31,11,8,0,50,0,0,5,0,5,31,11,13,0,55,10,0,10,65
02/10/2021,ITO,HI,AWP,WE,Combined TRACON& Tower with Radar,27,7,0,9,43,0,3,21,1,25,27,10,21,10,68,38,0,38,106
02/11/2021,ITO,HI,AWP,WE,Combined TRACON& Tower with Radar,25,7,1,5,38,0,1,15,3,19,25,8,16,8,57,14,4,18,75
02/12/2021,ITO,HI,AWP,WE,Combined TRACON& Tower with Radar,35,1,9,0,45,0,0,27,0,27,35,1,36,0,72,28,0,28,100
02/13/2021,ITO,HI,AWP,WE,Combined TRACON& Tower with Radar,23,7,2,0,32,0,1,7,2,10,23,8,9,2,42,0,0,0,42
02/14/2021,ITO,HI,AWP,WE,Combined TRACON& Tower with Radar,23,2,0,0,25,0,0,5,0,5,23,2,5,0,30,2,0,2,32
02/15/2021,ITO,HI,AWP,WE,Combined TRACON& Tower with Radar,26,10,1,0,37,0,0,8,0,8,26,10,9,0,45,6,0,6,51
02/16/2021,ITO,HI,AWP,WE,Combined TRACON& Tower with Radar,29,5,3,2,39,0,2,23,2,27,29,7,26,4,66,22,0,22,88
02/17/2021,ITO,HI,AWP,WE,Combined TRACON& Tower with Radar,28,7,1,2,38,0,0,8,0,8,28,7,9,2,46,16,0,16,62
02/18/2021,ITO,HI,AWP,WE,Combined TRACON& Tower with Radar,39,5,6,4,54,0,0,14,0,14,39,5,20,4,68,2,0,2,70
02/19/2021,ITO,HI,AWP,WE,Combined TRACON& Tower with Radar,29,10,1,0,40,0,0,20,2,22,29,10,21,2,62,8,0,8,70
02/20/2021,ITO,HI,AWP,WE,Combined TRACON& Tower with Radar,25,9,2,0,36,0,0,2,0,2,25,9,4,0,38,0,10,10,48
02/21/2021,ITO,HI,AWP,WE,Combined TRACON& Tower with Radar,25,4,0,0,29,0,0,1,0,1,25,4,1,0,30,10,0,10,40
02/22/2021,ITO,HI,AWP,WE,Combined TRACON& Tower with Radar,28,9,0,1,38,0,0,16,0,16,28,9,16,1,54,4,0,4,58
02/23/2021,ITO,HI,AWP,WE,Combined TRACON& Tower with Radar,32,6,5,7,50,0,1,10,0,11,32,7,15,7,61,2,0,2,63
02/24/2021,ITO,HI,AWP,WE,Combined TRACON& Tower with Radar,31,8,0,9,48,0,0,6,5,11,31,8,6,14,59,4,20,24,83
02/25/2021,ITO,HI,AWP,WE,Combined TRACON& Tower with Radar,32,8,0,11,51,0,0,15,1,16,32,8,15,12,67,6,36,42,109
02/26/2021,ITO,HI,AWP,WE,Combined TRACON& Tower with Radar,31,6,0,8,45,0,2,7,0,9,31,8,7,8,54,6,6,12,66
02/27/2021,ITO,HI,AWP,WE,Combined TRACON& Tower with Radar,30,4,0,0,34,0,0,2,0,2,30,4,2,0,36,0,0,0,36
02/28/2021,ITO,HI,AWP,WE,Combined TRACON& Tower with Radar,30,7,0,5,42,0,0,4,0,4,30,7,4,5,46,0,0,0,46
03/01/2021,ITO,HI,AWP,WE,Combined TRACON& Tower with Radar,29,5,0,0,34,0,0,10,0,10,29,5,10,0,44,10,0,10,54
03/02/2021,ITO,HI,AWP,WE,Combined TRACON& Tower with Radar,31,3,2,6,42,0,0,12,0,12,31,3,14,6,54,10,0,10,64
03/03/2021,ITO,HI,AWP,WE,Combined TRACON& Tower with Radar,33,9,6,1,49,0,2,22,1,25,33,11,28,2,74,4,16,20,94
03/04/2021,ITO,HI,AWP,WE,Combined TRACON& Tower with Radar,29,8,2,6,45,0,0,28,4,32,29,8,30,10,77,8,22,30,107
03/05/2021,ITO,HI,AWP,WE,Combined TRACON& Tower with Radar,31,6,0,0,37,0,0,24,0,24,31,6,24,0,61,6,0,6,67
03/06/2021,ITO,HI,AWP,WE,Combined TRACON& Tower with Radar,27,6,1,0,34,1,0,12,0,13,28,6,13,0,47,2,0,2,49
03/07/2021,ITO,HI,AWP,WE,Combined TRACON& Tower with Radar,27,2,1,0,30,0,0,4,0,4,27,2,5,0,34,0,0,0,34
03/08/2021,ITO,HI,AWP,WE,Combined TRACON& Tower with Radar,28,10,2,0,40,0,0,3,0,3,28,10,5,0,43,2,0,2,45
03/09/2021,ITO,HI,AWP,WE,Combined TRACON& Tower with Radar,33,8,4,0,45,0,0,2,0,2,33,8,6,0,47,0,0,0,47
03/10/2021,ITO,HI,AWP,WE,Combined TRACON& Tower with Radar,29,6,2,1,38,0,0,1,2,3,29,6,3,3,41,0,2,2,43
03/11/2021,ITO,HI,AWP,WE,Combined TRACON& Tower with Radar,29,25,0,3,57,0,0,6,2,8,29,25,6,5,65,8,8,16,81
03/12/2021,ITO,HI,AWP,WE,Combined TRACON& Tower with Radar,35,9,1,12,57,0,0,12,0,12,35,9,13,12,69,8,4,12,81
03/13/2021,ITO,HI,AWP,WE,Combined TRACON& Tower with Radar,23,10,4,2,39,0,1,0,0,1,23,11,4,2,40,0,0,0,40
03/14/2021,ITO,HI,AWP,WE,Combined TRACON& Tower with Radar,29,0,4,4,37,0,1,4,0,5,29,1,8,4,42,2,0,2,44
03/15/2021,ITO,HI,AWP,WE,Combined TRACON& Tower with Radar,28,9,2,2,41,0,0,32,2,34,28,9,34,4,75,10,0,10,85
03/16/2021,ITO,HI,AWP,WE,Combined TRACON& Tower with Radar,32,8,0,2,42,0,1,27,0,28,32,9,27,2,70,8,0,8,78
03/17/2021,ITO,HI,AWP,WE,Combined TRACON& Tower with Radar,32,8,5,6,51,0,0,19,0,19,32,8,24,6,70,12,6,18,88
03/18/2021,ITO,HI,AWP,WE,Combined TRACON& Tower with Radar,31,10,2,4,47,0,0,12,0,12,31,10,14,4,59,4,0,4,63
03/19/2021,ITO,HI,AWP,WE,Combined TRACON& Tower with Radar,32,9,1,0,42,0,0,34,0,34,32,9,35,0,76,6,0,6,82
03/20/2021,ITO,HI,AWP,WE,Combined TRACON& Tower with Radar,25,16,7,3,51,0,0,2,1,3,25,16,9,4,54,0,6,6,60
03/21/2021,ITO,HI,AWP,WE,Combined TRACON& Tower with Radar,27,16,1,0,44,0,15,7,0,22,27,31,8,0,66,4,0,4,70
03/22/2021,ITO,HI,AWP,WE,Combined TRACON& Tower with Radar,31,7,3,3,44,1,0,4,2,7,32,7,7,5,51,4,0,4,55
03/23/2021,ITO,HI,AWP,WE,Combined TRACON& Tower with Radar,34,8,13,2,57,0,0,34,0,34,34,8,47,2,91,14,0,14,105
03/24/2021,ITO,HI,AWP,WE,Combined TRACON& Tower with Radar,31,10,1,0,42,0,0,19,0,19,31,10,20,0,61,8,0,8,69
03/25/2021,ITO,HI,AWP,WE,Combined TRACON& Tower with Radar,33,15,7,2,57,0,1,32,7,40,33,16,39,9,97,8,6,14,111
03/26/2021,ITO,HI,AWP,WE,Combined TRACON& Tower with Radar,31,7,1,3,42,0,0,47,3,50,31,7,48,6,92,10,8,18,110
03/27/2021,ITO,HI,AWP,WE,Combined TRACON& Tower with Radar,31,7,1,1,40,0,0,13,0,13,31,7,14,1,53,4,0,4,57
03/28/2021,ITO,HI,AWP,WE,Combined TRACON& Tower with Radar,28,8,1,0,37,0,0,0,0,0,28,8,1,0,37,0,0,0,37
03/29/2021,ITO,HI,AWP,WE,Combined TRACON& Tower with Radar,33,10,1,0,44,0,2,20,0,22,33,12,21,0,66,8,0,8,74
03/30/2021,ITO,HI,AWP,WE,Combined TRACON& Tower with Radar,37,13,4,2,56,0,2,16,0,18,37,15,20,2,74,6,0,6,80
03/31/2021,ITO,HI,AWP,WE,Combined TRACON& Tower with Radar,32,12,3,2,49,0,0,29,4,33,32,12,32,6,82,18,2,20,102
04/01/2021,ITO,HI,AWP,WE,Combined TRACON& Tower with Radar,35,4,3,2,44,0,0,37,2,39,35,4,40,4,83,12,16,28,111
04/02/2021,ITO,HI,AWP,WE,Combined TRACON& Tower with Radar,36,3,1,0,40,0,1,46,0,47,36,4,47,0,87,14,0,14,101
04/03/2021,ITO,HI,AWP,WE,Combined TRACON& Tower with Radar,27,10,1,1,39,0,0,13,0,13,27,10,14,1,52,14,0,14,66
04/04/2021,ITO,HI,AWP,WE,Combined TRACON& Tower with Radar,30,4,3,2,39,0,0,0,1,1,30,4,3,3,40,0,4,4,44
04/05/2021,ITO,HI,AWP,WE,Combined TRACON& Tower with Radar,34,12,4,1,51,0,0,11,2,13,34,12,15,3,64,8,0,8,72
04/06/2021,ITO,HI,AWP,WE,Combined TRACON& Tower with Radar,34,9,3,0,46,0,0,1,0,1,34,9,4,0,47,0,0,0,47
04/07/2021,ITO,HI,AWP,WE,Combined TRACON& Tower with Radar,41,13,3,1,58,0,0,30,1,31,41,13,33,2,89,8,0,8,97
04/08/2021,ITO,HI,AWP,WE,Combined TRACON& Tower with Radar,40,10,2,0,52,0,0,48,0,48,40,10,50,0,100,12,0,12,112
04/09/2021,ITO,HI,AWP,WE,Combined TRACON& Tower with Radar,42,10,1,2,55,0,0,46,2,48,42,10,47,4,103,12,2,14,117
04/10/2021,ITO,HI,AWP,WE,Combined TRACON& Tower with Radar,31,17,4,2,54,0,1,12,4,17,31,18,16,6,71,2,4,6,77
04/11/2021,ITO,HI,AWP,WE,Combined TRACON& Tower with Radar,35,3,1,4,43,0,0,10,0,10,35,3,11,4,53,2,0,2,55
04/12/2021,ITO,HI,AWP,WE,Combined TRACON& Tower with Radar,39,15,2,4,60,0,2,21,3,26,39,17,23,7,86,8,30,38,124
04/13/2021,ITO,HI,AWP,WE,Combined TRACON& Tower with Radar,38,14,5,4,61,0,0,20,4,24,38,14,25,8,85,42,28,70,155
04/14/2021,ITO,HI,AWP,WE,Combined TRACON& Tower with Radar,41,5,0,4,50,0,0,25,5,30,41,5,25,9,80,10,4,14,94
04/15/2021,ITO,HI,AWP,WE,Combined TRACON& Tower with Radar,42,3,2,1,48,0,0,31,0,31,42,3,33,1,79,14,0,14,93
04/16/2021,ITO,HI,AWP,WE,Combined TRACON& Tower with Radar,44,10,3,0,57,0,1,44,2,47,44,11,47,2,104,24,0,24,128
04/17/2021,ITO,HI,AWP,WE,Combined TRACON& Tower with Radar,33,5,3,7,48,2,0,12,2,16,35,5,15,9,64,16,0,16,80
04/18/2021,ITO,HI,AWP,WE,Combined TRACON& Tower with Radar,30,0,5,2,37,0,4,9,0,13,30,4,14,2,50,4,0,4,54
04/19/2021,ITO,HI,AWP,WE,Combined TRACON& Tower with Radar,39,7,1,1,48,0,6,43,0,49,39,13,44,1,97,8,0,8,105
04/20/2021,ITO,HI,AWP,WE,Combined TRACON& Tower with Radar,37,12,10,2,61,0,7,25,8,40,37,19,35,10,101,44,8,52,153
04/21/2021,ITO,HI,AWP,WE,Combined TRACON& Tower with Radar,36,10,0,0,46,0,5,34,2,41,36,15,34,2,87,12,0,12,99
04/22/2021,ITO,HI,AWP,WE,Combined TRACON& Tower with Radar,42,17,2,0,61,0,5,37,4,46,42,22,39,4,107,14,0,14,121
04/23/2021,ITO,HI,AWP,WE,Combined TRACON& Tower with Radar,44,11,4,0,59,0,3,29,4,36,44,14,33,4,95,16,0,16,111
04/24/2021,ITO,HI,AWP,WE,Combined TRACON& Tower with Radar,29,10,2,5,46,0,0,5,0,5,29,10,7,5,51,0,0,0,51
04/25/2021,ITO,HI,AWP,WE,Combined TRACON& Tower with Radar,32,6,0,0,38,0,3,6,0,9,32,9,6,0,47,0,0,0,47
04/26/2021,ITO,HI,AWP,WE,Combined TRACON& Tower with Radar,40,11,2,2,55,0,3,30,1,34,40,14,32,3,89,10,0,10,99
04/27/2021,ITO,HI,AWP,WE,Combined TRACON& Tower with Radar,33,15,2,10,60,0,5,23,0,28,33,20,25,10,88,12,7,19,107
04/28/2021,ITO,HI,AWP,WE,Combined TRACON& Tower with Radar,38,8,4,7,57,0,6,24,2,32,38,14,28,9,89,24,6,30,119
04/29/2021,ITO,HI,AWP,WE,Combined TRACON& Tower with Radar,40,9,0,0,49,0,1,30,0,31,40,10,30,0,80,27,0,27,107
04/30/2021,ITO,HI,AWP,WE,Combined TRACON& Tower with Radar,46,7,0,3,56,0,2,34,1,37,46,9,34,4,93,12,0,12,105
05/01/2021,ITO,HI,AWP,WE,Combined TRACON& Tower with Radar,29,17,1,9,56,0,1,12,2,15,29,18,13,11,71,2,0,2,73
05/02/2021,ITO,HI,AWP,WE,Combined TRACON& Tower with Radar,32,14,1,4,51,0,3,6,0,9,32,17,7,4,60,0,0,0,60
05/03/2021,ITO,HI,AWP,WE,Combined TRACON& Tower with Radar,42,13,2,9,66,0,8,35,3,46,42,21,37,12,112,10,12,22,134
05/04/2021,ITO,HI,AWP,WE,Combined TRACON& Tower with Radar,35,23,0,11,69,0,7,34,3,44,35,30,34,14,113,22,10,32,145
05/05/2021,ITO,HI,AWP,WE,Combined TRACON& Tower with Radar,37,18,0,11,66,0,4,12,4,20,37,22,12,15,86,4,16,20,106
05/06/2021,ITO,HI,AWP,WE,Combined TRACON& Tower with Radar,35,14,1,1,51,0,4,25,1,30,35,18,26,2,81,22,0,22,103
05/07/2021,ITO,HI,AWP,WE,Combined TRACON& Tower with Radar,44,13,2,0,59,0,3,28,0,31,44,16,30,0,90,14,0,14,104
05/08/2021,ITO,HI,AWP,WE,Combined TRACON& Tower with Radar,34,11,2,2,49,0,3,11,2,16,34,14,13,4,65,6,4,10,75
05/09/2021,ITO,HI,AWP,WE,Combined TRACON& Tower with Radar,32,11,2,5,50,0,4,12,0,16,32,15,14,5,66,2,0,2,68
05/10/2021,ITO,HI,AWP,WE,Combined TRACON& Tower with Radar,41,8,1,0,50,0,4,34,0,38,41,12,35,0,88,16,0,16,104
05/11/2021,ITO,HI,AWP,WE,Combined TRACON& Tower with Radar,36,14,5,5,60,0,6,31,1,38,36,20,36,6,98,16,0,16,114
05/12/2021,ITO,HI,AWP,WE,Combined TRACON& Tower with Radar,34,12,4,1,51,0,5,36,2,43,34,17,40,3,94,8,0,8,102
05/13/2021,ITO,HI,AWP,WE,Combined TRACON& Tower with Radar,46,19,5,2,72,0,1,27,5,33,46,20,32,7,105,10,0,10,115
05/14/2021,ITO,HI,AWP,WE,Combined TRACON& Tower with Radar,43,9,2,0,54,0,2,35,2,39,43,11,37,2,93,18,20,38,131
05/15/2021,ITO,HI,AWP,WE,Combined TRACON& Tower with Radar,32,23,2,0,57,0,5,12,0,17,32,28,14,0,74,0,0,0,74
05/16/2021,ITO,HI,AWP,WE,Combined TRACON& Tower with Radar,35,6,1,1,43,0,4,3,1,8,35,10,4,2,51,0,10,10,61
05/17/2021,ITO,HI,AWP,WE,Combined TRACON& Tower with Radar,36,25,0,0,61,0,7,45,0,52,36,32,45,0,113,26,0,26,139
05/18/2021,ITO,HI,AWP,WE,Combined TRACON& Tower with Radar,35,17,3,0,55,0,3,38,4,45,35,20,41,4,100,10,28,38,138
05/19/2021,ITO,HI,AWP,WE,Combined TRACON& Tower with Radar,44,9,1,6,60,0,6,53,1,60,44,15,54,7,120,22,0,22,142
05/20/2021,ITO,HI,AWP,WE,Combined TRACON& Tower with Radar,39,11,3,0,53,0,3,22,2,27,39,14,25,2,80,26,12,38,118
05/21/2021,ITO,HI,AWP,WE,Combined TRACON& Tower with Radar,51,11,1,0,63,0,0,4,0,4,51,11,5,0,67,4,4,8,75
05/22/2021,ITO,HI,AWP,WE,Combined TRACON& Tower with Radar,30,12,1,0,43,0,6,18,0,24,30,18,19,0,67,10,0,10,77
05/23/2021,ITO,HI,AWP,WE,Combined TRACON& Tower with Radar,32,6,0,0,38,0,6,7,2,15,32,12,7,2,53,0,0,0,53
05/24/2021,ITO,HI,AWP,WE,Combined TRACON& Tower with Radar,37,17,3,0,57,0,8,55,0,63,37,25,58,0,120,24,0,24,144
05/25/2021,ITO,HI,AWP,WE,Combined TRACON& Tower with Radar,38,15,0,1,54,0,5,57,10,72,38,20,57,11,126,17,14,31,157
05/26/2021,ITO,HI,AWP,WE,Combined TRACON& Tower with Radar,33,9,2,1,45,0,5,36,1,42,33,14,38,2,87,10,2,12,99
05/27/2021,ITO,HI,AWP,WE,Combined TRACON& Tower with Radar,38,10,2,4,54,0,6,49,2,57,38,16,51,6,111,24,4,28,139
05/28/2021,ITO,HI,AWP,WE,Combined TRACON& Tower with Radar,41,14,1,0,56,0,5,60,0,65,41,19,61,0,121,18,0,18,139
05/29/2021,ITO,HI,AWP,WE,Combined TRACON& Tower with Radar,31,12,3,0,46,0,5,10,0,15,31,17,13,0,61,0,0,0,61
05/30/2021,ITO,HI,AWP,WE,Combined TRACON& Tower with Radar,33,7,4,0,44,0,7,17,0,24,33,14,21,0,68,10,0,10,78
05/31/2021,ITO,HI,AWP,WE,Combined TRACON& Tower with Radar,33,14,5,2,54,0,3,33,0,36,33,17,38,2,90,12,0,12,102
06/01/2021,ITO,HI,AWP,WE,Combined TRACON& Tower with Radar,41,8,2,2,53,0,6,54,0,60,41,14,56,2,113,14,13,27,140
06/02/2021,ITO,HI,AWP,WE,Combined TRACON& Tower with Radar,42,18,1,3,64,0,4,45,1,50,42,22,46,4,114,12,0,12,126
06/03/2021,ITO,HI,AWP,WE,Combined TRACON& Tower with Radar,41,12,2,0,55,0,6,40,0,46,41,18,42,0,101,12,0,12,113
06/04/2021,ITO,HI,AWP,WE,Combined TRACON& Tower with Radar,51,14,2,1,68,0,11,44,2,57,51,25,46,3,125,55,0,55,180
06/05/2021,ITO,HI,AWP,WE,Combined TRACON& Tower with Radar,37,15,4,3,59,0,7,13,1,21,37,22,17,4,80,22,6,28,108
06/06/2021,ITO,HI,AWP,WE,Combined TRACON& Tower with Radar,37,10,3,2,52,0,5,16,10,31,37,15,19,12,83,0,30,30,113
06/07/2021,ITO,HI,AWP,WE,Combined TRACON& Tower with Radar,41,17,4,2,64,0,4,46,2,52,41,21,50,4,116,28,20,48,164
06/08/2021,ITO,HI,AWP,WE,Combined TRACON& Tower with Radar,42,11,0,2,55,0,5,36,0,41,42,16,36,2,96,40,8,48,144
06/09/2021,ITO,HI,AWP,WE,Combined TRACON& Tower with Radar,41,15,0,7,63,0,3,27,4,34,41,18,27,11,97,14,0,14,111
06/10/2021,ITO,HI,AWP,WE,Combined TRACON& Tower with Radar,48,18,8,2,76,0,2,25,1,28,48,20,33,3,104,12,2,14,118
06/11/2021,ITO,HI,AWP,WE,Combined TRACON& Tower with Radar,45,12,1,1,59,0,6,49,11,66,45,18,50,12,125,39,6,45,170
06/12/2021,ITO,HI,AWP,WE,Combined TRACON& Tower with Radar,32,8,1,2,43,0,2,7,0,9,32,10,8,2,52,16,0,16,68
06/13/2021,ITO,HI,AWP,WE,Combined TRACON& Tower with Radar,35,9,1,2,47,0,4,0,3,7,35,13,1,5,54,0,2,2,56
06/14/2021,ITO,HI,AWP,WE,Combined TRACON& Tower with Radar,43,15,3,1,62,4,4,31,8,47,47,19,34,9,109,12,20,32,141
06/15/2021,ITO,HI,AWP,WE,Combined TRACON& Tower with Radar,45,10,0,4,59,0,13,47,11,71,45,23,47,15,130,28,24,52,182
06/16/2021,ITO,HI,AWP,WE,Combined TRACON& Tower with Radar,41,15,1,5,62,0,1,31,3,35,41,16,32,8,97,16,12,28,125
06/17/2021,ITO,HI,AWP,WE,Combined TRACON& Tower with Radar,42,19,1,1,63,0,0,6,5,11,42,19,7,6,74,6,12,18,92
06/18/2021,ITO,HI,AWP,WE,Combined TRACON& Tower with Radar,40,10,0,2,52,0,3,46,7,56,40,13,46,9,108,20,18,38,146
06/19/2021,ITO,HI,AWP,WE,Combined TRACON& Tower with Radar,35,9,3,0,47,0,6,22,1,29,35,15,25,1,76,6,0,6,82
06/20/2021,ITO,HI,AWP,WE,Combined TRACON& Tower with Radar,41,7,4,1,53,0,6,9,6,21,41,13,13,7,74,2,2,4,78
06/21/2021,ITO,HI,AWP,WE,Combined TRACON& Tower with Radar,38,16,5,9,68,0,7,52,2,61,38,23,57,11,129,18,0,18,147
06/22/2021,ITO,HI,AWP,WE,Combined TRACON& Tower with Radar,39,8,2,2,51,0,11,48,2,61,39,19,50,4,112,18,4,22,134
06/23/2021,ITO,HI,AWP,WE,Combined TRACON& Tower with Radar,46,15,5,11,77,0,3,58,3,64,46,18,63,14,141,20,8,28,169
06/24/2021,ITO,HI,AWP,WE,Combined TRACON& Tower with Radar,45,15,2,9,71,0,4,30,2,36,45,19,32,11,107,20,20,40,147
06/25/2021,ITO,HI,AWP,WE,Combined TRACON& Tower with Radar,46,5,2,7,60,0,6,52,5,63,46,11,54,12,123,12,0,12,135
06/26/2021,ITO,HI,AWP,WE,Combined TRACON& Tower with Radar,39,7,16,0,62,0,7,24,0,31,39,14,40,0,93,4,0,4,97
06/27/2021,ITO,HI,AWP,WE,Combined TRACON& Tower with Radar,42,8,1,0,51,0,2,5,0,7,42,10,6,0,58,0,0,0,58
06/28/2021,ITO,HI,AWP,WE,Combined TRACON& Tower with Radar,42,7,0,0,49,0,8,60,0,68,42,15,60,0,117,20,0,20,137
06/29/2021,ITO,HI,AWP,WE,Combined TRACON& Tower with Radar,44,13,3,0,60,0,4,52,0,56,44,17,55,0,116,8,0,8,124
06/30/2021,ITO,HI,AWP,WE,Combined TRACON& Tower with Radar,45,13,1,1,60,0,5,30,4,39,45,18,31,5,99,14,2,16,115
07/01/2021,ITO,HI,AWP,WE,Combined TRACON& Tower with Radar,42,20,1,0,63,0,3,29,0,32,42,23,30,0,95,12,0,12,107
07/02/2021,ITO,HI,AWP,WE,Combined TRACON& Tower with Radar,43,18,5,0,66,0,5,30,0,35,43,23,35,0,101,18,4,22,123
07/03/2021,ITO,HI,AWP,WE,Combined TRACON& Tower with Radar,37,18,7,0,62,0,5,31,0,36,37,23,38,0,98,4,0,4,102
07/04/2021,ITO,HI,AWP,WE,Combined TRACON& Tower with Radar,28,13,2,0,43,0,5,4,0,9,28,18,6,0,52,0,0,0,52
07/05/2021,ITO,HI,AWP,WE,Combined TRACON& Tower with Radar,35,10,0,2,47,0,4,26,0,30,35,14,26,2,77,12,0,12,89
07/06/2021,ITO,HI,AWP,WE,Combined TRACON& Tower with Radar,41,23,1,0,65,0,4,29,0,33,41,27,30,0,98,18,0,18,116
07/07/2021,ITO,HI,AWP,WE,Combined TRACON& Tower with Radar,39,17,1,2,59,0,2,43,1,46,39,19,44,3,105,20,6,26,131
07/08/2021,ITO,HI,AWP,WE,Combined TRACON& Tower with Radar,38,14,1,7,60,0,4,50,5,59,38,18,51,12,119,39,10,49,168
07/09/2021,ITO,HI,AWP,WE,Combined TRACON& Tower with Radar,42,11,2,2,57,0,4,39,0,43,42,15,41,2,100,12,12,24,124
07/10/2021,ITO,HI,AWP,WE,Combined TRACON& Tower with Radar,39,10,1,2,52,0,6,15,1,22,39,16,16,3,74,8,0,8,82
07/11/2021,ITO,HI,AWP,WE,Combined TRACON& Tower with Radar,34,7,7,4,52,0,4,10,4,18,34,11,17,8,70,10,4,14,84
07/12/2021,ITO,HI,AWP,WE,Combined TRACON& Tower with Radar,40,13,2,0,55,0,5,41,0,46,40,18,43,0,101,18,0,18,119
07/13/2021,ITO,HI,AWP,WE,Combined TRACON& Tower with Radar,43,11,1,0,55,0,3,42,2,47,43,14,43,2,102,14,0,14,116
07/14/2021,ITO,HI,AWP,WE,Combined TRACON& Tower with Radar,39,14,6,0,59,0,7,40,1,48,39,21,46,1,107,10,2,12,119
07/15/2021,ITO,HI,AWP,WE,Combined TRACON& Tower with Radar,44,18,3,6,71,0,4,56,3,63,44,22,59,9,134,14,2,16,150
07/16/2021,ITO,HI,AWP,WE,Combined TRACON& Tower with Radar,44,18,3,4,69,0,3,33,3,39,44,21,36,7,108,10,0,10,118
07/17/2021,ITO,HI,AWP,WE,Combined TRACON& Tower with Radar,29,19,8,5,61,0,7,14,3,24,29,26,22,8,85,6,0,6,91
07/18/2021,ITO,HI,AWP,WE,Combined TRACON& Tower with Radar,35,14,15,2,66,0,1,11,0,12,35,15,26,2,78,12,0,12,90
07/19/2021,ITO,HI,AWP,WE,Combined TRACON& Tower with Radar,43,17,5,5,70,0,1,47,7,55,43,18,52,12,125,18,14,32,157
07/20/2021,ITO,HI,AWP,WE,Combined TRACON& Tower with Radar,39,21,4,0,64,0,38,1,4,43,39,59,5,4,107,12,36,48,155
07/21/2021,ITO,HI,AWP,WE,Combined TRACON& Tower with Radar,44,22,2,13,81,0,37,1,1,39,44,59,3,14,120,12,0,12,132
07/22/2021,ITO,HI,AWP,WE,Combined TRACON& Tower with Radar,36,27,4,1,68,0,29,6,5,40,36,56,10,6,108,22,16,38,146
07/23/2021,ITO,HI,AWP,WE,Combined TRACON& Tower with Radar,42,20,3,0,65,0,28,5,3,36,42,48,8,3,101,12,6,18,119
07/24/2021,ITO,HI,AWP,WE,Combined TRACON& Tower with Radar,30,16,0,1,47,0,16,0,0,16,30,32,0,1,63,4,0,4,67
07/25/2021,ITO,HI,AWP,WE,Combined TRACON& Tower with Radar,32,12,3,0,47,0,4,0,0,4,32,16,3,0,51,0,0,0,51
07/26/2021,ITO,HI,AWP,WE,Combined TRACON& Tower with Radar,43,23,3,0,69,0,3,3,0,6,43,26,6,0,75,11,0,11,86
07/27/2021,ITO,HI,AWP,WE,Combined TRACON& Tower with Radar,38,17,1,2,58,0,26,0,3,29,38,43,1,5,87,8,0,8,95
07/28/2021,ITO,HI,AWP,WE,Combined TRACON& Tower with Radar,37,19,6,1,63,0,37,6,0,43,37,56,12,1,106,28,0,28,134
07/29/2021,ITO,HI,AWP,WE,Combined TRACON& Tower with Radar,40,15,3,0,58,0,43,11,5,59,40,58,14,5,117,20,20,40,157
07/30/2021,ITO,HI,AWP,WE,Combined TRACON& Tower with Radar,40,14,5,6,65,0,22,21,0,43,40,36,26,6,108,8,0,8,116
07/31/2021,ITO,HI,AWP,WE,Combined TRACON& Tower with Radar,32,11,1,0,44,0,22,0,0,22,32,33,1,0,66,25,0,25,91
08/01/2021,ITO,HI,AWP,WE,Combined TRACON& Tower with Radar,37,7,0,2,46,0,10,3,3,16,37,17,3,5,62,0,0,0,62
08/02/2021,ITO,HI,AWP,WE,Combined TRACON& Tower with Radar,43,13,0,5,61,0,34,8,1,43,43,47,8,6,104,18,4,22,126
08/03/2021,ITO,HI,AWP,WE,Combined TRACON& Tower with Radar,39,17,3,4,63,0,38,13,2,53,39,55,16,6,116,26,18,44,160
08/04/2021,ITO,HI,AWP,WE,Combined TRACON& Tower with Radar,41,19,2,4,66,0,39,4,4,47,41,58,6,8,113,16,10,26,139
08/05/2021,ITO,HI,AWP,WE,Combined TRACON& Tower with Radar,41,16,3,8,68,0,45,4,5,54,41,61,7,13,122,12,12,24,146
08/06/2021,ITO,HI,AWP,WE,Combined TRACON& Tower with Radar,41,14,0,4,59,0,48,8,0,56,41,62,8,4,115,30,0,30,145
08/07/2021,ITO,HI,AWP,WE,Combined TRACON& Tower with Radar,33,10,1,3,47,0,23,6,6,35,33,33,7,9,82,4,18,22,104
08/08/2021,ITO,HI,AWP,WE,Combined TRACON& Tower with Radar,33,12,2,4,51,0,5,6,1,12,33,17,8,5,63,0,0,0,63
08/09/2021,ITO,HI,AWP,WE,Combined TRACON& Tower with Radar,46,18,2,1,67,0,45,10,3,58,46,63,12,4,125,40,0,40,165
08/10/2021,ITO,HI,AWP,WE,Combined TRACON& Tower with Radar,39,16,1,2,58,0,30,4,4,38,39,46,5,6,96,14,20,34,130
08/11/2021,ITO,HI,AWP,WE,Combined TRACON& Tower with Radar,41,9,5,3,58,0,21,3,6,30,41,30,8,9,88,10,29,39,127
08/12/2021,ITO,HI,AWP,WE,Combined TRACON& Tower with Radar,47,6,3,4,60,0,42,8,5,55,47,48,11,9,115,36,20,56,171
08/13/2021,ITO,HI,AWP,WE,Combined TRACON& Tower with Radar,42,9,0,4,55,0,46,3,0,49,42,55,3,4,104,56,0,56,160
08/14/2021,ITO,HI,AWP,WE,Combined TRACON& Tower with Radar,37,10,0,3,50,0,20,6,1,27,37,30,6,4,77,14,2,16,93
08/15/2021,ITO,HI,AWP,WE,Combined TRACON& Tower with Radar,38,7,1,0,46,0,16,9,0,25,38,23,10,0,71,12,0,12,83
08/16/2021,ITO,HI,AWP,WE,Combined TRACON& Tower with Radar,41,13,1,0,55,0,36,9,2,47,41,49,10,2,102,14,0,14,116
08/17/2021,ITO,HI,AWP,WE,Combined TRACON& Tower with Radar,40,12,1,1,54,0,39,7,2,48,40,51,8,3,102,8,4,12,114
08/18/2021,ITO,HI,AWP,WE,Combined TRACON& Tower with Radar,41,15,2,6,64,0,20,3,3,26,41,35,5,9,90,10,6,16,106
08/19/2021,ITO,HI,AWP,WE,Combined TRACON& Tower with Radar,42,13,4,8,67,0,35,12,7,54,42,48,16,15,121,46,22,68,189
08/20/2021,ITO,HI,AWP,WE,Combined TRACON& Tower with Radar,45,11,1,3,60,0,61,3,0,64,45,72,4,3,124,36,0,36,160
08/21/2021,ITO,HI,AWP,WE,Combined TRACON& Tower with Radar,40,9,2,3,54,0,19,2,4,25,40,28,4,7,79,4,0,4,83
08/22/2021,ITO,HI,AWP,WE,Combined TRACON& Tower with Radar,32,7,0,1,40,0,4,0,1,5,32,11,0,2,45,0,2,2,47
08/23/2021,ITO,HI,AWP,WE,Combined TRACON& Tower with Radar,40,17,0,0,57,0,8,0,3,11,40,25,0,3,68,12,0,12,80
08/24/2021,ITO,HI,AWP,WE,Combined TRACON& Tower with Radar,41,11,2,7,61,0,31,3,11,45,41,42,5,18,106,12,26,38,144
08/25/2021,ITO,HI,AWP,WE,Combined TRACON& Tower with Radar,39,21,1,9,70,0,43,3,9,55,39,64,4,18,125,36,18,54,179
08/26/2021,ITO,HI,AWP,WE,Combined TRACON& Tower with Radar,35,14,2,6,57,0,28,7,2,37,35,42,9,8,94,24,28,52,146
08/27/2021,ITO,HI,AWP,WE,Combined TRACON& Tower with Radar,43,10,3,0,56,0,23,2,4,29,43,33,5,4,85,14,12,26,111
08/28/2021,ITO,HI,AWP,WE,Combined TRACON& Tower with Radar,35,12,2,0,49,0,23,2,0,25,35,35,4,0,74,9,0,9,83
08/29/2021,ITO,HI,AWP,WE,Combined TRACON& Tower with Radar,29,10,1,0,40,0,13,4,3,20,29,23,5,3,60,18,0,18,78
08/30/2021,ITO,HI,AWP,WE,Combined TRACON& Tower with Radar,36,18,1,4,59,0,18,3,2,23,36,36,4,6,82,18,0,18,100
08/31/2021,ITO,HI,AWP,WE,Combined TRACON& Tower with Radar,41,9,1,1,52,0,28,11,4,43,41,37,12,5,95,32,2,34,129
09/01/2021,ITO,HI,AWP,WE,Combined TRACON& Tower with Radar,39,14,3,5,61,0,29,7,1,37,39,43,10,6,98,16,0,16,114
09/02/2021,ITO,HI,AWP,WE,Combined TRACON& Tower with Radar,39,15,4,2,60,0,24,10,0,34,39,39,14,2,94,16,0,16,110
09/03/2021,ITO,HI,AWP,WE,Combined TRACON& Tower with Radar,41,10,2,0,53,0,29,5,3,37,41,39,7,3,90,31,2,33,123
09/04/2021,ITO,HI,AWP,WE,Combined TRACON& Tower with Radar,36,9,0,4,49,0,28,5,0,33,36,37,5,4,82,4,8,12,94
09/05/2021,ITO,HI,AWP,WE,Combined TRACON& Tower with Radar,35,4,0,2,41,0,2,3,0,5,35,6,3,2,46,0,0,0,46
09/06/2021,ITO,HI,AWP,WE,Combined TRACON& Tower with Radar,39,18,0,4,61,0,38,5,2,45,39,56,5,6,106,34,0,34,140
09/07/2021,ITO,HI,AWP,WE,Combined TRACON& Tower with Radar,38,16,0,7,61,0,34,5,5,44,38,50,5,12,105,22,20,42,147
09/08/2021,ITO,HI,AWP,WE,Combined TRACON& Tower with Radar,40,15,4,8,67,0,28,8,4,40,40,43,12,12,107,8,56,64,171
09/09/2021,ITO,HI,AWP,WE,Combined TRACON& Tower with Radar,37,13,3,1,54,0,28,1,4,33,37,41,4,5,87,14,26,40,127
09/10/2021,ITO,HI,AWP,WE,Combined TRACON& Tower with Radar,38,8,0,7,53,0,32,8,5,45,38,40,8,12,98,28,6,34,132
09/11/2021,ITO,HI,AWP,WE,Combined TRACON& Tower with Radar,36,10,0,0,46,0,16,2,0,18,36,26,2,0,64,6,0,6,70
09/12/2021,ITO,HI,AWP,WE,Combined TRACON& Tower with Radar,30,8,0,1,39,0,3,0,0,3,30,11,0,1,42,0,4,4,46
09/13/2021,ITO,HI,AWP,WE,Combined TRACON& Tower with Radar,39,19,1,10,69,0,25,2,1,28,39,44,3,11,97,34,0,34,131
09/14/2021,ITO,HI,AWP,WE,Combined TRACON& Tower with Radar,41,23,3,3,70,0,31,6,2,39,41,54,9,5,109,22,0,22,131
09/15/2021,ITO,HI,AWP,WE,Combined TRACON& Tower with Radar,41,13,1,3,58,0,26,6,1,33,41,39,7,4,91,14,2,16,107
09/16/2021,ITO,HI,AWP,WE,Combined TRACON& Tower with Radar,39,13,0,5,57,0,19,3,2,24,39,32,3,7,81,10,30,40,121
09/17/2021,ITO,HI,AWP,WE,Combined TRACON& Tower with Radar,40,13,2,5,60,0,34,4,0,38,40,47,6,5,98,24,0,24,122
09/18/2021,ITO,HI,AWP,WE,Combined TRACON& Tower with Radar,32,18,0,1,51,0,17,2,0,19,32,35,2,1,70,4,2,6,76
09/19/2021,ITO,HI,AWP,WE,Combined TRACON& Tower with Radar,31,11,0,0,42,0,4,2,2,8,31,15,2,2,50,10,0,10,60
09/20/2021,ITO,HI,AWP,WE,Combined TRACON& Tower with Radar,44,15,1,5,65,0,18,6,1,25,44,33,7,6,90,18,0,18,108
09/21/2021,ITO,HI,AWP,WE,Combined TRACON& Tower with Radar,38,14,0,11,63,0,1,2,2,5,38,15,2,13,68,4,14,18,86
09/22/2021,ITO,HI,AWP,WE,Combined TRACON& Tower with Radar,39,18,2,4,63,0,36,7,7,50,39,54,9,11,113,30,10,40,153
09/23/2021,ITO,HI,AWP,WE,Combined TRACON& Tower with Radar,42,10,0,4,56,0,37,3,2,42,42,47,3,6,98,28,12,40,138
09/24/2021,ITO,HI,AWP,WE,Combined TRACON& Tower with Radar,39,12,1,4,56,0,20,5,3,28,39,32,6,7,84,12,22,34,118
09/25/2021,ITO,HI,AWP,WE,Combined TRACON& Tower with Radar,33,6,0,2,41,0,22,0,2,24,33,28,0,4,65,14,2,16,81
09/26/2021,ITO,HI,AWP,WE,Combined TRACON& Tower with Radar,31,13,1,3,48,0,0,2,0,2,31,13,3,3,50,0,0,0,50
09/27/2021,ITO,HI,AWP,WE,Combined TRACON& Tower with Radar,44,12,0,6,62,0,24,4,0,28,44,36,4,6,90,14,6,20,110
09/28/2021,ITO,HI,AWP,WE,Combined TRACON& Tower with Radar,43,14,1,9,67,0,8,2,0,10,43,22,3,9,77,16,38,54,131
09/29/2021,ITO,HI,AWP,WE,Combined TRACON& Tower with Radar,41,15,2,4,62,0,29,1,0,30,41,44,3,4,92,24,6,30,122
09/30/2021,ITO,HI,AWP,WE,Combined TRACON& Tower with Radar,44,31,2,6,83,0,0,3,0,3,44,31,5,6,86,0,2,2,88
10/01/2021,ITO,HI,AWP,WE,Combined TRACON& Tower with Radar,37,20,1,0,58,0,32,5,4,41,37,52,6,4,99,18,16,34,133
10/02/2021,ITO,HI,AWP,WE,Combined TRACON& Tower with Radar,30,14,4,2,50,2,17,4,1,24,32,31,8,3,74,12,0,12,86
10/03/2021,ITO,HI,AWP,WE,Combined TRACON& Tower with Radar,26,14,5,2,47,0,7,7,2,16,26,21,12,4,63,12,2,14,77
10/04/2021,ITO,HI,AWP,WE,Combined TRACON& Tower with Radar,39,16,1,1,57,0,39,4,3,46,39,55,5,4,103,48,0,48,151
10/05/2021,ITO,HI,AWP,WE,Combined TRACON& Tower with Radar,38,13,4,1,56,0,45,8,0,53,38,58,12,1,109,54,0,54,163
10/06/2021,ITO,HI,AWP,WE,Combined TRACON& Tower with Radar,39,15,0,6,60,0,38,8,0,46,39,53,8,6,106,34,6,40,146
10/07/2021,ITO,HI,AWP,WE,Combined TRACON& Tower with Radar,42,20,11,5,78,0,37,4,2,43,42,57,15,7,121,20,0,20,141
10/08/2021,ITO,HI,AWP,WE,Combined TRACON& Tower with Radar,36,17,1,0,54,0,29,3,0,32,36,46,4,0,86,8,0,8,94
10/09/2021,ITO,HI,AWP,WE,Combined TRACON& Tower with Radar,33,16,0,2,51,0,6,2,0,8,33,22,2,2,59,4,0,4,63
10/10/2021,ITO,HI,AWP,WE,Combined TRACON& Tower with Radar,25,15,1,0,41,0,4,2,0,6,25,19,3,0,47,2,0,2,49
10/11/2021,ITO,HI,AWP,WE,Combined TRACON& Tower with Radar,42,13,1,0,56,0,23,2,0,25,42,36,3,0,81,8,0,8,89
10/12/2021,ITO,HI,AWP,WE,Combined TRACON& Tower with Radar,39,24,0,3,66,0,8,2,1,11,39,32,2,4,77,4,0,4,81
10/13/2021,ITO,HI,AWP,WE,Combined TRACON& Tower with Radar,36,15,0,12,63,0,18,3,1,22,36,33,3,13,85,10,0,10,95
10/14/2021,ITO,HI,AWP,WE,Combined TRACON& Tower with Radar,34,16,3,3,56,0,28,6,1,35,34,44,9,4,91,14,2,16,107
10/15/2021,ITO,HI,AWP,WE,Combined TRACON& Tower with Radar,38,18,2,0,58,0,28,4,0,32,38,46,6,0,90,20,0,20,110
10/16/2021,ITO,HI,AWP,WE,Combined TRACON& Tower with Radar,31,15,5,0,51,0,10,3,5,18,31,25,8,5,69,4,22,26,95
10/17/2021,ITO,HI,AWP,WE,Combined TRACON& Tower with Radar,30,10,4,0,44,0,16,2,0,18,30,26,6,0,62,4,0,4,66
10/18/2021,ITO,HI,AWP,WE,Combined TRACON& Tower with Radar,36,16,4,0,56,0,41,7,0,48,36,57,11,0,104,16,0,16,120
10/19/2021,ITO,HI,AWP,WE,Combined TRACON& Tower with Radar,35,17,5,0,57,0,46,5,2,53,35,63,10,2,110,18,2,20,130
10/20/2021,ITO,HI,AWP,WE,Combined TRACON& Tower with Radar,38,18,5,0,61,0,49,15,3,67,38,67,20,3,128,12,2,14,142
10/21/2021,ITO,HI,AWP,WE,Combined TRACON& Tower with Radar,37,10,4,4,55,0,48,15,5,68,37,58,19,9,123,10,16,26,149
10/22/2021,ITO,HI,AWP,WE,Combined TRACON& Tower with Radar,36,13,3,4,56,0,42,7,1,50,36,55,10,5,106,18,0,18,124
10/23/2021,ITO,HI,AWP,WE,Combined TRACON& Tower with Radar,37,15,3,0,55,0,27,8,0,35,37,42,11,0,90,34,0,34,124
10/24/2021,ITO,HI,AWP,WE,Combined TRACON& Tower with Radar,29,16,2,0,47,0,16,1,0,17,29,32,3,0,64,8,0,8,72
10/25/2021,ITO,HI,AWP,WE,Combined TRACON& Tower with Radar,37,15,1,0,53,0,37,0,0,37,37,52,1,0,90,12,0,12,102
10/26/2021,ITO,HI,AWP,WE,Combined TRACON& Tower with Radar,36,19,4,0,59,0,40,3,2,45,36,59,7,2,104,12,4,16,120
10/27/2021,ITO,HI,AWP,WE,Combined TRACON& Tower with Radar,35,13,2,6,56,0,39,6,8,53,35,52,8,14,109,20,10,30,139
10/28/2021,ITO,HI,AWP,WE,Combined TRACON& Tower with Radar,37,14,5,2,58,0,33,12,2,47,37,47,17,4,105,32,8,40,145
10/29/2021,ITO,HI,AWP,WE,Combined TRACON& Tower with Radar,37,17,1,0,55,0,32,9,0,41,37,49,10,0,96,26,0,26,122
10/30/2021,ITO,HI,AWP,WE,Combined TRACON& Tower with Radar,35,16,3,0,54,0,23,5,0,28,35,39,8,0,82,23,0,23,105
10/31/2021,ITO,HI,AWP,WE,Combined TRACON& Tower with Radar,25,12,5,0,42,0,17,4,0,21,25,29,9,0,63,4,0,4,67
11/01/2021,ITO,HI,AWP,WE,Combined TRACON& Tower with Radar,40,17,1,1,59,0,33,2,2,37,40,50,3,3,96,8,2,10,106
11/02/2021,ITO,HI,AWP,WE,Combined TRACON& Tower with Radar,38,13,6,2,59,0,27,9,2,38,38,40,15,4,97,26,0,26,123
11/03/2021,ITO,HI,AWP,WE,Combined TRACON& Tower with Radar,37,20,1,1,59,0,37,5,4,46,37,57,6,5,105,12,0,12,117
11/04/2021,ITO,HI,AWP,WE,Combined TRACON& Tower with Radar,36,18,3,9,66,0,39,5,6,50,36,57,8,15,116,30,0,30,146
11/05/2021,ITO,HI,AWP,WE,Combined TRACON& Tower with Radar,38,15,1,4,58,0,41,7,5,53,38,56,8,9,111,10,10,20,131
11/06/2021,ITO,HI,AWP,WE,Combined TRACON& Tower with Radar,33,12,1,2,48,0,26,1,2,29,33,38,2,4,77,6,0,6,83
11/07/2021,ITO,HI,AWP,WE,Combined TRACON& Tower with Radar,27,17,4,3,51,0,7,5,0,12,27,24,9,3,63,0,0,0,63
11/08/2021,ITO,HI,AWP,WE,Combined TRACON& Tower with Radar,38,14,2,2,56,0,42,5,6,53,38,56,7,8,109,20,2,22,131
11/09/2021,ITO,HI,AWP,WE,Combined TRACON& Tower with Radar,38,20,3,2,63,0,53,7,2,62,38,73,10,4,125,16,0,16,141
11/10/2021,ITO,HI,AWP,WE,Combined TRACON& Tower with Radar,38,13,3,4,58,0,41,8,1,50,38,54,11,5,108,12,0,12,120
11/11/2021,ITO,HI,AWP,WE,Combined TRACON& Tower with Radar,36,16,3,0,55,0,49,7,0,56,36,65,10,0,111,18,0,18,129
11/12/2021,ITO,HI,AWP,WE,Combined TRACON& Tower with Radar,36,13,2,1,52,0,47,7,0,54,36,60,9,1,106,12,0,12,118
11/13/2021,ITO,HI,AWP,WE,Combined TRACON& Tower with Radar,34,13,3,0,50,0,6,0,0,6,34,19,3,0,56,4,0,4,60
11/14/2021,ITO,HI,AWP,WE,Combined TRACON& Tower with Radar,28,14,2,0,44,0,3,3,0,6,28,17,5,0,50,10,0,10,60
11/15/2021,ITO,HI,AWP,WE,Combined TRACON& Tower with Radar,44,12,3,0,59,0,9,0,0,9,44,21,3,0,68,12,0,12,80
11/16/2021,ITO,HI,AWP,WE,Combined TRACON& Tower with Radar,35,23,1,2,61,0,28,10,1,39,35,51,11,3,100,26,0,26,126
11/17/2021,ITO,HI,AWP,WE,Combined TRACON& Tower with Radar,37,19,3,4,63,0,10,7,1,18,37,29,10,5,81,36,8,44,125
11/18/2021,ITO,HI,AWP,WE,Combined TRACON& Tower with Radar,35,17,3,7,62,0,28,3,2,33,35,45,6,9,95,24,6,30,125
11/19/2021,ITO,HI,AWP,WE,Combined TRACON& Tower with Radar,42,15,3,0,60,0,61,6,0,67,42,76,9,0,127,36,0,36,163
11/20/2021,ITO,HI,AWP,WE,Combined TRACON& Tower with Radar,34,12,2,0,48,0,38,1,0,39,34,50,3,0,87,12,0,12,99
11/21/2021,ITO,HI,AWP,WE,Combined TRACON& Tower with Radar,29,10,0,0,39,0,37,7,0,44,29,47,7,0,83,14,0,14,97
11/22/2021,ITO,HI,AWP,WE,Combined TRACON& Tower with Radar,40,12,5,0,57,0,42,6,0,48,40,54,11,0,105,16,0,16,121
11/23/2021,ITO,HI,AWP,WE,Combined TRACON& Tower with Radar,36,17,1,5,59,0,58,9,5,72,36,75,10,10,131,22,2,24,155
11/24/2021,ITO,HI,AWP,WE,Combined TRACON& Tower with Radar,38,14,0,2,54,0,46,7,2,55,38,60,7,4,109,28,2,30,139
11/25/2021,ITO,HI,AWP,WE,Combined TRACON& Tower with Radar,31,14,1,0,46,0,2,4,0,6,31,16,5,0,52,6,0,6,58
11/26/2021,ITO,HI,AWP,WE,Combined TRACON& Tower with Radar,36,14,7,0,57,0,46,6,0,52,36,60,13,0,109,14,0,14,123
11/27/2021,ITO,HI,AWP,WE,Combined TRACON& Tower with Radar,36,15,4,0,55,0,28,4,0,32,36,43,8,0,87,2,0,2,89
11/28/2021,ITO,HI,AWP,WE,Combined TRACON& Tower with Radar,31,7,2,2,42,0,9,4,2,15,31,16,6,4,57,14,0,14,71
11/29/2021,ITO,HI,AWP,WE,Combined TRACON& Tower with Radar,40,20,0,2,62,0,37,2,0,39,40,57,2,2,101,18,10,28,129
11/30/2021,ITO,HI,AWP,WE,Combined TRACON& Tower with Radar,35,19,0,1,55,2,27,3,0,32,37,46,3,1,87,12,0,12,99
12/01/2021,ITO,HI,AWP,WE,Combined TRACON& Tower with Radar,41,17,3,4,65,0,14,2,0,16,41,31,5,4,81,14,0,14,95
12/02/2021,ITO,HI,AWP,WE,Combined TRACON& Tower with Radar,41,15,2,4,62,0,30,5,1,36,41,45,7,5,98,26,4,30,128
12/03/2021,ITO,HI,AWP,WE,Combined TRACON& Tower with Radar,42,19,3,0,64,0,25,7,4,36,42,44,10,4,100,12,6,18,118
12/04/2021,ITO,HI,AWP,WE,Combined TRACON& Tower with Radar,38,19,5,2,64,0,0,3,0,3,38,19,8,2,67,0,0,0,67
12/05/2021,ITO,HI,AWP,WE,Combined TRACON& Tower with Radar,30,10,3,2,45,0,0,0,0,0,30,10,3,2,45,0,0,0,45
12/06/2021,ITO,HI,AWP,WE,Combined TRACON& Tower with Radar,39,11,1,0,51,0,0,1,0,1,39,11,2,0,52,0,0,0,52
12/07/2021,ITO,HI,AWP,WE,Combined TRACON& Tower with Radar,37,13,0,0,50,0,21,3,2,26,37,34,3,2,76,12,42,54,130
12/08/2021,ITO,HI,AWP,WE,Combined TRACON& Tower with Radar,38,22,3,5,68,0,6,8,1,15,38,28,11,6,83,8,36,44,127
12/09/2021,ITO,HI,AWP,WE,Combined TRACON& Tower with Radar,37,16,9,18,80,0,44,5,3,52,37,60,14,21,132,26,38,64,196
12/10/2021,ITO,HI,AWP,WE,Combined TRACON& Tower with Radar,40,14,2,3,59,0,30,5,2,37,40,44,7,5,96,8,2,10,106
12/11/2021,ITO,HI,AWP,WE,Combined TRACON& Tower with Radar,41,14,3,0,58,0,23,3,0,26,41,37,6,0,84,4,0,4,88
12/12/2021,ITO,HI,AWP,WE,Combined TRACON& Tower with Radar,29,18,1,2,50,0,16,1,1,18,29,34,2,3,68,2,0,2,70
12/13/2021,ITO,HI,AWP,WE,Combined TRACON& Tower with Radar,43,24,10,8,85,0,36,6,0,42,43,60,16,8,127,10,0,10,137
12/14/2021,ITO,HI,AWP,WE,Combined TRACON& Tower with Radar,42,23,3,2,70,0,34,25,3,62,42,57,28,5,132,18,2,20,152
12/15/2021,ITO,HI,AWP,WE,Combined TRACON& Tower with Radar,43,17,2,3,65,0,40,1,0,41,43,57,3,3,106,22,14,36,142
12/16/2021,ITO,HI,AWP,WE,Combined TRACON& Tower with Radar,46,22,0,1,69,0,38,5,5,48,46,60,5,6,117,18,2,20,137
12/17/2021,ITO,HI,AWP,WE,Combined TRACON& Tower with Radar,46,22,1,1,70,0,36,4,0,40,46,58,5,1,110,26,0,26,136
12/18/2021,ITO,HI,AWP,WE,Combined TRACON& Tower with Radar,43,9,1,1,54,0,31,2,0,33,43,40,3,1,87,28,0,28,115
12/19/2021,ITO,HI,AWP,WE,Combined TRACON& Tower with Radar,37,8,1,0,46,0,15,1,0,16,37,23,2,0,62,8,0,8,70
12/20/2021,ITO,HI,AWP,WE,Combined TRACON& Tower with Radar,45,20,3,0,68,0,40,4,1,45,45,60,7,1,113,16,8,24,137
12/21/2021,ITO,HI,AWP,WE,Combined TRACON& Tower with Radar,45,17,6,3,71,0,0,1,0,1,45,17,7,3,72,0,0,0,72
12/22/2021,ITO,HI,AWP,WE,Combined TRACON& Tower with Radar,40,18,3,0,61,0,0,0,0,0,40,18,3,0,61,0,0,0,61
12/23/2021,ITO,HI,AWP,WE,Combined TRACON& Tower with Radar,44,23,1,0,68,0,31,1,0,32,44,54,2,0,100,10,0,10,110
12/24/2021,ITO,HI,AWP,WE,Combined TRACON& Tower with Radar,45,20,0,0,65,0,56,9,0,65,45,76,9,0,130,42,0,42,172
12/25/2021,ITO,HI,AWP,WE,Combined TRACON& Tower with Radar,38,5,1,0,44,0,27,5,0,32,38,32,6,0,76,6,0,6,82
12/26/2021,ITO,HI,AWP,WE,Combined TRACON& Tower with Radar,39,7,4,0,50,0,27,6,0,33,39,34,10,0,83,6,0,6,89
12/27/2021,ITO,HI,AWP,WE,Combined TRACON& Tower with Radar,38,17,2,1,58,0,60,6,0,66,38,77,8,1,124,12,0,12,136
12/28/2021,ITO,HI,AWP,WE,Combined TRACON& Tower with Radar,44,18,4,0,66,0,36,13,2,51,44,54,17,2,117,10,0,10,127
12/29/2021,ITO,HI,AWP,WE,Combined TRACON& Tower with Radar,39,19,2,4,64,0,27,6,4,37,39,46,8,8,101,6,2,8,109
12/30/2021,ITO,HI,AWP,WE,Combined TRACON& Tower with Radar,35,24,3,0,62,0,0,1,0,1,35,24,4,0,63,0,0,0,63
12/31/2021,ITO,HI,AWP,WE,Combined TRACON& Tower with Radar,46,15,1,0,62,0,2,1,0,3,46,17,2,0,65,0,0,0,65
01/01/2022,ITO,HI,AWP,WE,Combined TRACON& Tower with Radar,30,7,2,0,39,0,30,0,0,30,30,37,2,0,69,12,0,12,81
01/02/2022,ITO,HI,AWP,WE,Combined TRACON& Tower with Radar,32,11,2,0,45,0,34,8,0,42,32,45,10,0,87,18,0,18,105
01/03/2022,ITO,HI,AWP,WE,Combined TRACON& Tower with Radar,51,13,0,2,66,0,39,10,0,49,51,52,10,2,115,12,0,12,127
01/04/2022,ITO,HI,AWP,WE,Combined TRACON& Tower with Radar,43,14,5,2,64,0,53,11,0,64,43,67,16,2,128,26,0,26,154
01/05/2022,ITO,HI,AWP,WE,Combined TRACON& Tower with Radar,38,12,0,9,59,0,59,11,2,72,38,71,11,11,131,28,16,44,175
01/06/2022,ITO,HI,AWP,WE,Combined TRACON& Tower with Radar,37,14,1,3,55,0,43,8,1,52,37,57,9,4,107,14,6,20,127
01/07/2022,ITO,HI,AWP,WE,Combined TRACON& Tower with Radar,38,11,0,9,58,0,40,5,0,45,38,51,5,9,103,10,32,42,145
01/08/2022,ITO,HI,AWP,WE,Combined TRACON& Tower with Radar,31,10,6,1,48,0,31,7,5,43,31,41,13,6,91,12,12,24,115
01/09/2022,ITO,HI,AWP,WE,Combined TRACON& Tower with Radar,32,14,4,4,54,0,26,6,1,33,32,40,10,5,87,16,0,16,103
01/10/2022,ITO,HI,AWP,WE,Combined TRACON& Tower with Radar,38,16,0,4,58,0,32,14,0,46,38,48,14,4,104,12,0,12,116
01/11/2022,ITO,HI,AWP,WE,Combined TRACON& Tower with Radar,36,22,7,2,67,0,51,6,4,61,36,73,13,6,128,10,0,10,138
01/12/2022,ITO,HI,AWP,WE,Combined TRACON& Tower with Radar,37,15,1,7,60,0,41,6,2,49,37,56,7,9,109,12,0,12,121
01/13/2022,ITO,HI,AWP,WE,Combined TRACON& Tower with Radar,38,16,2,3,59,0,35,4,6,45,38,51,6,9,104,30,16,46,150
01/14/2022,ITO,HI,AWP,WE,Combined TRACON& Tower with Radar,36,9,3,0,48,0,38,7,0,45,36,47,10,0,93,10,0,10,103
01/15/2022,ITO,HI,AWP,WE,Combined TRACON& Tower with Radar,32,18,0,1,51,0,23,5,1,29,32,41,5,2,80,8,2,10,90
01/16/2022,ITO,HI,AWP,WE,Combined TRACON& Tower with Radar,25,8,0,3,36,0,16,7,0,23,25,24,7,3,59,12,0,12,71
01/17/2022,ITO,HI,AWP,WE,Combined TRACON& Tower with Radar,32,6,0,0,38,0,44,11,0,55,32,50,11,0,93,10,0,10,103
01/18/2022,ITO,HI,AWP,WE,Combined TRACON& Tower with Radar,35,15,0,1,51,0,33,10,2,45,35,48,10,3,96,22,10,32,128
01/19/2022,ITO,HI,AWP,WE,Combined TRACON& Tower with Radar,33,16,1,14,64,0,22,3,2,27,33,38,4,16,91,10,0,10,101
01/20/2022,ITO,HI,AWP,WE,Combined TRACON& Tower with Radar,47,19,0,19,85,0,1,2,8,11,47,20,2,27,96,4,52,56,152
01/21/2022,ITO,HI,AWP,WE,Combined TRACON& Tower with Radar,36,11,3,1,51,0,35,4,3,42,36,46,7,4,93,26,0,26,119
01/22/2022,ITO,HI,AWP,WE,Combined TRACON& Tower with Radar,30,13,1,0,44,0,38,4,0,42,30,51,5,0,86,12,0,12,98
01/23/2022,ITO,HI,AWP,WE,Combined TRACON& Tower with Radar,28,11,4,2,45,0,33,7,9,49,28,44,11,11,94,8,2,10,104
01/24/2022,ITO,HI,AWP,WE,Combined TRACON& Tower with Radar,38,15,2,0,55,0,35,5,2,42,38,50,7,2,97,20,0,20,117
01/25/2022,ITO,HI,AWP,WE,Combined TRACON& Tower with Radar,34,17,1,2,54,0,25,4,3,32,34,42,5,5,86,12,0,12,98
01/26/2022,ITO,HI,AWP,WE,Combined TRACON& Tower with Radar,38,12,0,0,50,0,40,7,2,49,38,52,7,2,99,34,0,34,133
01/27/2022,ITO,HI,AWP,WE,Combined TRACON& Tower with Radar,38,14,2,4,58,0,31,6,3,40,38,45,8,7,98,22,13,35,133
01/28/2022,ITO,HI,AWP,WE,Combined TRACON& Tower with Radar,39,11,3,0,53,0,29,2,0,31,39,40,5,0,84,12,0,12,96
01/29/2022,ITO,HI,AWP,WE,Combined TRACON& Tower with Radar,27,7,1,1,36,0,23,7,1,31,27,30,8,2,67,46,0,46,113
01/30/2022,ITO,HI,AWP,WE,Combined TRACON& Tower with Radar,30,4,0,0,34,0,25,3,0,28,30,29,3,0,62,57,0,57,119
01/31/2022,ITO,HI,AWP,WE,Combined TRACON& Tower with Radar,35,18,3,0,56,0,31,4,2,37,35,49,7,2,93,14,0,14,107
02/01/2022,ITO,HI,AWP,WE,Combined TRACON& Tower with Radar,32,11,5,3,51,0,19,3,3,25,32,30,8,6,76,10,32,42,118
02/02/2022,ITO,HI,AWP,WE,Combined TRACON& Tower with Radar,32,9,3,2,46,0,49,5,6,60,32,58,8,8,106,26,40,66,172
02/03/2022,ITO,HI,AWP,WE,Combined TRACON& Tower with Radar,34,12,5,1,52,0,46,1,2,49,34,58,6,3,101,12,0,12,113
02/04/2022,ITO,HI,AWP,WE,Combined TRACON& Tower with Radar,35,7,1,2,45,0,22,6,3,31,35,29,7,5,76,34,0,34,110
02/05/2022,ITO,HI,AWP,WE,Combined TRACON& Tower with Radar,33,11,4,5,53,0,29,3,10,42,33,40,7,15,95,18,32,50,145
02/06/2022,ITO,HI,AWP,WE,Combined TRACON& Tower with Radar,24,13,21,3,61,0,21,5,0,26,24,34,26,3,87,26,2,28,115
02/07/2022,ITO,HI,AWP,WE,Combined TRACON& Tower with Radar,35,11,0,0,46,0,28,6,0,34,35,39,6,0,80,12,0,12,92
02/08/2022,ITO,HI,AWP,WE,Combined TRACON& Tower with Radar,31,13,6,8,58,0,20,12,8,40,31,33,18,16,98,50,18,68,166
02/09/2022,ITO,HI,AWP,WE,Combined TRACON& Tower with Radar,31,16,3,14,64,0,42,11,5,58,31,58,14,19,122,54,8,62,184
02/10/2022,ITO,HI,AWP,WE,Combined TRACON& Tower with Radar,33,13,2,3,51,0,40,16,4,60,33,53,18,7,111,14,34,48,159
02/11/2022,ITO,HI,AWP,WE,Combined TRACON& Tower with Radar,33,12,0,7,52,0,41,11,6,58,33,53,11,13,110,16,40,56,166
02/12/2022,ITO,HI,AWP,WE,Combined TRACON& Tower with Radar,29,7,1,1,38,0,34,8,0,42,29,41,9,1,80,12,0,12,92
02/13/2022,ITO,HI,AWP,WE,Combined TRACON& Tower with Radar,22,9,2,0,33,0,26,4,0,30,22,35,6,0,63,8,0,8,71
02/14/2022,ITO,HI,AWP,WE,Combined TRACON& Tower with Radar,34,13,3,2,52,0,41,7,2,50,34,54,10,4,102,12,4,16,118
02/15/2022,ITO,HI,AWP,WE,Combined TRACON& Tower with Radar,33,20,3,5,61,0,42,6,5,53,33,62,9,10,114,38,18,56,170
02/16/2022,ITO,HI,AWP,WE,Combined TRACON& Tower with Radar,39,18,7,6,70,0,50,10,2,62,39,68,17,8,132,16,30,46,178
02/17/2022,ITO,HI,AWP,WE,Combined TRACON& Tower with Radar,33,15,0,4,52,0,17,5,0,22,33,32,5,4,74,12,0,12,86
02/18/2022,ITO,HI,AWP,WE,Combined TRACON& Tower with Radar,36,13,1,0,50,0,44,3,0,47,36,57,4,0,97,20,0,20,117
02/19/2022,ITO,HI,AWP,WE,Combined TRACON& Tower with Radar,32,9,0,0,41,0,20,1,0,21,32,29,1,0,62,4,0,4,66
02/20/2022,ITO,HI,AWP,WE,Combined TRACON& Tower with Radar,24,8,1,2,35,0,26,4,0,30,24,34,5,2,65,4,0,4,69
02/21/2022,ITO,HI,AWP,WE,Combined TRACON& Tower with Radar,33,11,1,0,45,0,58,7,0,65,33,69,8,0,110,16,0,16,126
02/22/2022,ITO,HI,AWP,WE,Combined TRACON& Tower with Radar,35,13,0,3,51,0,39,5,1,45,35,52,5,4,96,48,22,70,166
02/23/2022,ITO,HI,AWP,WE,Combined TRACON& Tower with Radar,36,14,2,6,58,0,54,8,1,63,36,68,10,7,121,18,2,20,141
02/24/2022,ITO,HI,AWP,WE,Combined TRACON& Tower with Radar,34,16,1,4,55,0,48,1,6,55,34,64,2,10,110,12,8,20,130
02/25/2022,ITO,HI,AWP,WE,Combined TRACON& Tower with Radar,35,12,3,0,50,0,44,6,2,52,35,56,9,2,102,12,8,20,122
02/26/2022,ITO,HI,AWP,WE,Combined TRACON& Tower with Radar,31,8,1,3,43,0,35,6,1,42,31,43,7,4,85,6,12,18,103
02/27/2022,ITO,HI,AWP,WE,Combined TRACON& Tower with Radar,24,12,4,0,40,0,22,4,3,29,24,34,8,3,69,6,0,6,75
02/28/2022,ITO,HI,AWP,WE,Combined TRACON& Tower with Radar,30,13,2,5,50,0,26,11,0,37,30,39,13,5,87,6,0,6,93
03/01/2022,ITO,HI,AWP,WE,Combined TRACON& Tower with Radar,30,12,5,4,51,0,52,14,0,66,30,64,19,4,117,38,0,38,155
03/02/2022,ITO,HI,AWP,WE,Combined TRACON& Tower with Radar,35,12,2,0,49,0,33,8,0,41,35,45,10,0,90,12,18,30,120
03/03/2022,ITO,HI,AWP,WE,Combined TRACON& Tower with Radar,35,13,0,9,57,0,36,1,0,37,35,49,1,9,94,10,0,10,104
03/04/2022,ITO,HI,AWP,WE,Combined TRACON& Tower with Radar,36,14,2,14,66,0,22,6,0,28,36,36,8,14,94,14,0,14,108
03/05/2022,ITO,HI,AWP,WE,Combined TRACON& Tower with Radar,33,14,2,6,55,0,19,5,4,28,33,33,7,10,83,8,0,8,91
03/06/2022,ITO,HI,AWP,WE,Combined TRACON& Tower with Radar,27,3,4,2,36,0,14,2,0,16,27,17,6,2,52,30,0,30,82
03/07/2022,ITO,HI,AWP,WE,Combined TRACON& Tower with Radar,35,14,2,5,56,0,49,12,1,62,35,63,14,6,118,18,2,20,138
03/08/2022,ITO,HI,AWP,WE,Combined TRACON& Tower with Radar,33,11,1,7,52,0,50,9,4,63,33,61,10,11,115,20,8,28,143
03/09/2022,ITO,HI,AWP,WE,Combined TRACON& Tower with Radar,35,14,2,6,57,0,33,6,1,40,35,47,8,7,97,8,4,12,109
03/10/2022,ITO,HI,AWP,WE,Combined TRACON& Tower with Radar,33,19,9,5,66,0,33,4,6,43,33,52,13,11,109,14,38,52,161
03/11/2022,ITO,HI,AWP,WE,Combined TRACON& Tower with Radar,35,18,3,3,59,0,42,10,2,54,35,60,13,5,113,20,0,20,133
03/12/2022,ITO,HI,AWP,WE,Combined TRACON& Tower with Radar,27,9,3,0,39,0,21,3,0,24,27,30,6,0,63,4,0,4,67
03/13/2022,ITO,HI,AWP,WE,Combined TRACON& Tower with Radar,37,7,3,3,50,0,30,4,0,34,37,37,7,3,84,28,4,32,116
03/14/2022,ITO,HI,AWP,WE,Combined TRACON& Tower with Radar,44,17,1,0,62,0,39,7,0,46,44,56,8,0,108,14,0,14,122
03/15/2022,ITO,HI,AWP,WE,Combined TRACON& Tower with Radar,41,19,3,0,63,0,22,6,0,28,41,41,9,0,91,24,0,24,115
03/16/2022,ITO,HI,AWP,WE,Combined TRACON& Tower with Radar,40,16,2,3,61,0,12,6,3,21,40,28,8,6,82,8,0,8,90
03/17/2022,ITO,HI,AWP,WE,Combined TRACON& Tower with Radar,41,17,0,3,61,0,44,4,5,53,41,61,4,8,114,12,6,18,132
03/18/2022,ITO,HI,AWP,WE,Combined TRACON& Tower with Radar,41,19,5,0,65,0,49,5,0,54,41,68,10,0,119,10,0,10,129
03/19/2022,ITO,HI,AWP,WE,Combined TRACON& Tower with Radar,34,11,0,0,45,0,42,2,0,44,34,53,2,0,89,14,0,14,103
03/20/2022,ITO,HI,AWP,WE,Combined TRACON& Tower with Radar,31,9,4,0,44,0,30,4,0,34,31,39,8,0,78,6,0,6,84
03/21/2022,ITO,HI,AWP,WE,Combined TRACON& Tower with Radar,45,16,2,0,63,0,57,8,0,65,45,73,10,0,128,18,0,18,146
03/22/2022,ITO,HI,AWP,WE,Combined TRACON& Tower with Radar,40,16,2,2,60,0,50,6,5,61,40,66,8,7,121,18,36,54,175
03/23/2022,ITO,HI,AWP,WE,Combined TRACON& Tower with Radar,40,15,1,2,58,0,27,3,2,32,40,42,4,4,90,10,4,14,104
03/24/2022,ITO,HI,AWP,WE,Combined TRACON& Tower with Radar,40,16,2,2,60,0,44,4,4,52,40,60,6,6,112,6,34,40,152
03/25/2022,ITO,HI,AWP,WE,Combined TRACON& Tower with Radar,43,16,1,0,60,0,45,7,2,54,43,61,8,2,114,30,28,58,172
03/26/2022,ITO,HI,AWP,WE,Combined TRACON& Tower with Radar,33,13,10,0,56,0,38,1,0,39,33,51,11,0,95,10,0,10,105
03/27/2022,ITO,HI,AWP,WE,Combined TRACON& Tower with Radar,32,9,0,0,41,0,28,8,0,36,32,37,8,0,77,34,0,34,111
03/28/2022,ITO,HI,AWP,WE,Combined TRACON& Tower with Radar,42,13,3,0,58,0,44,4,2,50,42,57,7,2,108,14,0,14,122
03/29/2022,ITO,HI,AWP,WE,Combined TRACON& Tower with Radar,42,12,0,2,56,0,45,3,0,48,42,57,3,2,104,14,4,18,122
03/30/2022,ITO,HI,AWP,WE,Combined TRACON& Tower with Radar,41,14,1,3,59,0,41,3,2,46,41,55,4,5,105,14,2,16,121
03/31/2022,ITO,HI,AWP,WE,Combined TRACON& Tower with Radar,37,11,2,0,50,0,43,7,0,50,37,54,9,0,100,8,0,8,108
04/01/2022,ITO,HI,AWP,WE,Combined TRACON& Tower with Radar,40,14,0,3,57,0,35,6,1,42,40,49,6,4,99,18,4,22,121
04/02/2022,ITO,HI,AWP,WE,Combined TRACON& Tower with Radar,33,18,2,0,53,0,28,0,0,28,33,46,2,0,81,6,0,6,87
04/03/2022,ITO,HI,AWP,WE,Combined TRACON& Tower with Radar,34,14,5,7,60,0,12,4,1,17,34,26,9,8,77,14,0,14,91
04/04/2022,ITO,HI,AWP,WE,Combined TRACON& Tower with Radar,41,15,0,18,74,0,32,4,2,38,41,47,4,20,112,14,2,16,128
04/05/2022,ITO,HI,AWP,WE,Combined TRACON& Tower with Radar,43,14,0,4,61,0,23,7,1,31,43,37,7,5,92,12,0,12,104
04/06/2022,ITO,HI,AWP,WE,Combined TRACON& Tower with Radar,38,12,3,6,59,0,2,2,0,4,38,14,5,6,63,4,10,14,77
04/07/2022,ITO,HI,AWP,WE,Combined TRACON& Tower with Radar,40,15,3,7,65,0,34,2,5,41,40,49,5,12,106,14,4,18,124
04/08/2022,ITO,HI,AWP,WE,Combined TRACON& Tower with Radar,34,15,3,0,52,0,0,1,0,1,34,15,4,0,53,0,0,0,53
04/09/2022,ITO,HI,AWP,WE,Combined TRACON& Tower with Radar,34,15,4,2,55,0,23,0,0,23,34,38,4,2,78,4,0,4,82
04/10/2022,ITO,HI,AWP,WE,Combined TRACON& Tower with Radar,35,11,4,3,53,0,5,0,0,5,35,16,4,3,58,10,0,10,68
04/11/2022,ITO,HI,AWP,WE,Combined TRACON& Tower with Radar,45,21,3,3,72,0,37,2,2,41,45,58,5,5,113,20,22,42,155
04/12/2022,ITO,HI,AWP,WE,Combined TRACON& Tower with Radar,41,18,3,0,62,0,20,4,0,24,41,38,7,0,86,36,18,54,140
04/13/2022,ITO,HI,AWP,WE,Combined TRACON& Tower with Radar,42,20,1,1,64,0,54,1,2,57,42,74,2,3,121,24,0,24,145
04/14/2022,ITO,HI,AWP,WE,Combined TRACON& Tower with Radar,43,19,1,16,79,0,47,7,3,57,43,66,8,19,136,22,30,52,188
04/15/2022,ITO,HI,AWP,WE,Combined TRACON& Tower with Radar,36,14,4,3,57,0,41,5,0,46,36,55,9,3,103,18,0,18,121
04/16/2022,ITO,HI,AWP,WE,Combined TRACON& Tower with Radar,36,14,5,0,55,0,0,0,0,0,36,14,5,0,55,0,0,0,55
04/17/2022,ITO,HI,AWP,WE,Combined TRACON& Tower with Radar,35,14,3,0,52,0,16,3,0,19,35,30,6,0,71,12,0,12,83
04/18/2022,ITO,HI,AWP,WE,Combined TRACON& Tower with Radar,41,17,4,2,64,0,54,5,0,59,41,71,9,2,123,32,4,36,159
04/19/2022,ITO,HI,AWP,WE,Combined TRACON& Tower with Radar,42,19,3,2,66,0,61,9,0,70,42,80,12,2,136,14,0,14,150
04/20/2022,ITO,HI,AWP,WE,Combined TRACON& Tower with Radar,39,16,5,2,62,0,56,8,0,64,39,72,13,2,126,20,0,20,146
04/21/2022,ITO,HI,AWP,WE,Combined TRACON& Tower with Radar,41,17,1,0,59,0,45,1,4,50,41,62,2,4,109,14,2,16,125
04/22/2022,ITO,HI,AWP,WE,Combined TRACON& Tower with Radar,43,16,3,0,62,0,29,1,0,30,43,45,4,0,92,44,0,44,136
04/23/2022,ITO,HI,AWP,WE,Combined TRACON& Tower with Radar,37,10,5,1,53,0,24,0,0,24,37,34,5,1,77,14,0,14,91
04/24/2022,ITO,HI,AWP,WE,Combined TRACON& Tower with Radar,37,10,3,0,50,0,4,0,0,4,37,14,3,0,54,4,0,4,58
04/25/2022,ITO,HI,AWP,WE,Combined TRACON& Tower with Radar,41,22,0,0,63,0,35,5,0,40,41,57,5,0,103,20,0,20,123
04/26/2022,ITO,HI,AWP,WE,Combined TRACON& Tower with Radar,41,15,0,1,57,0,44,6,2,52,41,59,6,3,109,38,14,52,161
04/27/2022,ITO,HI,AWP,WE,Combined TRACON& Tower with Radar,40,14,4,5,63,0,24,1,1,26,40,38,5,6,89,22,0,22,111
04/28/2022,ITO,HI,AWP,WE,Combined TRACON& Tower with Radar,31,16,1,3,51,0,35,11,2,48,31,51,12,5,99,14,8,22,121
04/29/2022,ITO,HI,AWP,WE,Combined TRACON& Tower with Radar,39,14,6,3,62,0,28,4,3,35,39,42,10,6,97,16,0,16,113
04/30/2022,ITO,HI,AWP,WE,Combined TRACON& Tower with Radar,33,13,8,2,56,0,22,2,1,25,33,35,10,3,81,12,0,12,93
05/01/2022,ITO,HI,AWP,WE,Combined TRACON& Tower with Radar,33,19,1,0,53,0,3,0,2,5,33,22,1,2,58,2,0,2,60
05/02/2022,ITO,HI,AWP,WE,Combined TRACON& Tower with Radar,43,17,3,0,63,0,6,0,0,6,43,23,3,0,69,10,0,10,79
05/03/2022,ITO,HI,AWP,WE,Combined TRACON& Tower with Radar,38,17,15,0,70,0,2,0,0,2,38,19,15,0,72,4,0,4,76
05/04/2022,ITO,HI,AWP,WE,Combined TRACON& Tower with Radar,37,18,2,0,57,0,21,0,0,21,37,39,2,0,78,18,0,18,96
05/05/2022,ITO,HI,AWP,WE,Combined TRACON& Tower with Radar,40,16,1,2,59,0,2,3,0,5,40,18,4,2,64,20,0,20,84
05/06/2022,ITO,HI,AWP,WE,Combined TRACON& Tower with Radar,41,12,2,7,62,1,19,1,1,22,42,31,3,8,84,8,0,8,92
05/07/2022,ITO,HI,AWP,WE,Combined TRACON& Tower with Radar,36,12,1,0,49,0,16,0,0,16,36,28,1,0,65,8,0,8,73
05/08/2022,ITO,HI,AWP,WE,Combined TRACON& Tower with Radar,31,15,0,0,46,0,35,2,1,38,31,50,2,1,84,4,0,4,88
05/09/2022,ITO,HI,AWP,WE,Combined TRACON& Tower with Radar,40,13,0,0,53,0,51,4,2,57,40,64,4,2,110,16,8,24,134
05/10/2022,ITO,HI,AWP,WE,Combined TRACON& Tower with Radar,39,11,12,0,62,0,54,5,4,63,39,65,17,4,125,19,2,21,146
05/11/2022,ITO,HI,AWP,WE,Combined TRACON& Tower with Radar,42,18,4,18,82,0,39,10,5,54,42,57,14,23,136,42,22,64,200
05/12/2022,ITO,HI,AWP,WE,Combined TRACON& Tower with Radar,39,15,4,2,60,0,40,23,3,66,39,55,27,5,126,60,2,62,188
05/13/2022,ITO,HI,AWP,WE,Combined TRACON& Tower with Radar,41,20,2,3,66,0,39,7,1,47,41,59,9,4,113,12,0,12,125
05/14/2022,ITO,HI,AWP,WE,Combined TRACON& Tower with Radar,34,12,0,11,57,0,27,5,8,40,34,39,5,19,97,32,18,50,147
05/15/2022,ITO,HI,AWP,WE,Combined TRACON& Tower with Radar,33,16,2,5,56,0,29,6,2,37,33,45,8,7,93,36,0,36,129
05/16/2022,ITO,HI,AWP,WE,Combined TRACON& Tower with Radar,44,18,4,3,69,0,35,7,3,45,44,53,11,6,114,46,0,46,160
05/17/2022,ITO,HI,AWP,WE,Combined TRACON& Tower with Radar,41,18,2,4,65,0,30,9,3,42,41,48,11,7,107,90,2,92,199
05/18/2022,ITO,HI,AWP,WE,Combined TRACON& Tower with Radar,37,20,1,4,62,0,62,7,1,70,37,82,8,5,132,50,2,52,184
05/19/2022,ITO,HI,AWP,WE,Combined TRACON& Tower with Radar,43,24,5,5,77,0,18,9,2,29,43,42,14,7,106,26,14,40,146
05/20/2022,ITO,HI,AWP,WE,Combined TRACON& Tower with Radar,40,9,2,0,51,0,28,7,0,35,40,37,9,0,86,26,0,26,112
05/21/2022,ITO,HI,AWP,WE,Combined TRACON& Tower with Radar,33,8,1,0,42,0,38,4,0,42,33,46,5,0,84,12,0,12,96
05/22/2022,ITO,HI,AWP,WE,Combined TRACON& Tower with Radar,34,10,5,0,49,0,27,6,0,33,34,37,11,0,82,8,0,8,90
05/23/2022,ITO,HI,AWP,WE,Combined TRACON& Tower with Radar,42,14,2,0,58,0,37,6,0,43,42,51,8,0,101,26,0,26,127
05/24/2022,ITO,HI,AWP,WE,Combined TRACON& Tower with Radar,42,8,2,6,58,0,39,11,2,52,42,47,13,8,110,28,28,56,166
05/25/2022,ITO,HI,AWP,WE,Combined TRACON& Tower with Radar,37,14,1,6,58,0,43,14,2,59,37,57,15,8,117,22,16,38,155
05/26/2022,ITO,HI,AWP,WE,Combined TRACON& Tower with Radar,41,9,1,0,51,0,38,6,4,48,41,47,7,4,99,24,10,34,133
05/27/2022,ITO,HI,AWP,WE,Combined TRACON& Tower with Radar,41,14,2,0,57,0,47,7,0,54,41,61,9,0,111,14,0,14,125
05/28/2022,ITO,HI,AWP,WE,Combined TRACON& Tower with Radar,34,17,1,1,53,0,26,2,1,29,34,43,3,2,82,52,8,60,142
05/29/2022,ITO,HI,AWP,WE,Combined TRACON& Tower with Radar,33,14,4,2,53,0,11,2,0,13,33,25,6,2,66,4,0,4,70
05/30/2022,ITO,HI,AWP,WE,Combined TRACON& Tower with Radar,41,14,1,0,56,0,51,6,0,57,41,65,7,0,113,16,0,16,129
05/31/2022,ITO,HI,AWP,WE,Combined TRACON& Tower with Radar,42,17,2,4,65,0,53,8,2,63,42,70,10,6,128,24,24,48,176
06/01/2022,ITO,HI,AWP,WE,Combined TRACON& Tower with Radar,41,20,1,1,63,0,62,8,1,71,41,82,9,2,134,16,2,18,152
06/02/2022,ITO,HI,AWP,WE,Combined TRACON& Tower with Radar,42,14,2,1,59,0,35,3,0,38,42,49,5,1,97,10,26,36,133
06/03/2022,ITO,HI,AWP,WE,Combined TRACON& Tower with Radar,39,21,4,2,66,0,41,9,0,50,39,62,13,2,116,12,0,12,128
06/04/2022,ITO,HI,AWP,WE,Combined TRACON& Tower with Radar,35,15,0,7,57,0,6,0,7,13,35,21,0,14,70,10,60,70,140
06/05/2022,ITO,HI,AWP,WE,Combined TRACON& Tower with Radar,36,8,3,4,51,0,11,0,2,13,36,19,3,6,64,4,24,28,92
06/06/2022,ITO,HI,AWP,WE,Combined TRACON& Tower with Radar,43,14,2,1,60,0,62,10,0,72,43,76,12,1,132,22,0,22,154
06/07/2022,ITO,HI,AWP,WE,Combined TRACON& Tower with Radar,41,9,5,1,56,0,56,7,3,66,41,65,12,4,122,10,10,20,142
06/08/2022,ITO,HI,AWP,WE,Combined TRACON& Tower with Radar,42,15,4,2,63,0,61,4,1,66,42,76,8,3,129,28,0,28,157
06/09/2022,ITO,HI,AWP,WE,Combined TRACON& Tower with Radar,42,20,0,1,63,0,18,6,4,28,42,38,6,5,91,12,28,40,131
06/10/2022,ITO,HI,AWP,WE,Combined TRACON& Tower with Radar,42,14,4,0,60,0,26,10,4,40,42,40,14,4,100,22,22,44,144
06/11/2022,ITO,HI,AWP,WE,Combined TRACON& Tower with Radar,36,11,5,3,55,0,19,4,6,29,36,30,9,9,84,4,2,6,90
06/12/2022,ITO,HI,AWP,WE,Combined TRACON& Tower with Radar,34,16,12,6,68,0,17,3,0,20,34,33,15,6,88,20,16,36,124
06/13/2022,ITO,HI,AWP,WE,Combined TRACON& Tower with Radar,44,25,8,0,77,0,53,6,3,62,44,78,14,3,139,8,2,10,149
06/14/2022,ITO,HI,AWP,WE,Combined TRACON& Tower with Radar,44,14,3,5,66,0,48,8,6,62,44,62,11,11,128,30,54,84,212
06/15/2022,ITO,HI,AWP,WE,Combined TRACON& Tower with Radar,42,16,1,4,63,0,43,1,2,46,42,59,2,6,109,6,4,10,119
06/16/2022,ITO,HI,AWP,WE,Combined TRACON& Tower with Radar,44,15,1,1,61,0,29,3,5,37,44,44,4,6,98,16,18,34,132
06/17/2022,ITO,HI,AWP,WE,Combined TRACON& Tower with Radar,43,22,6,8,79,0,29,1,2,32,43,51,7,10,111,18,6,24,135
06/18/2022,ITO,HI,AWP,WE,Combined TRACON& Tower with Radar,37,9,4,2,52,0,44,0,1,45,37,53,4,3,97,8,0,8,105
06/19/2022,ITO,HI,AWP,WE,Combined TRACON& Tower with Radar,35,9,4,3,51,0,26,0,0,26,35,35,4,3,77,4,0,4,81
06/20/2022,ITO,HI,AWP,WE,Combined TRACON& Tower with Radar,47,13,1,0,61,0,39,2,0,41,47,52,3,0,102,16,0,16,118
06/21/2022,ITO,HI,AWP,WE,Combined TRACON& Tower with Radar,50,16,1,10,77,0,62,2,1,65,50,78,3,11,142,18,34,52,194
06/22/2022,ITO,HI,AWP,WE,Combined TRACON& Tower with Radar,40,16,1,9,66,0,45,3,1,49,40,61,4,10,115,42,18,60,175
06/23/2022,ITO,HI,AWP,WE,Combined TRACON& Tower with Radar,41,12,0,7,60,0,20,10,2,32,41,32,10,9,92,12,58,70,162
06/24/2022,ITO,HI,AWP,WE,Combined TRACON& Tower with Radar,41,19,1,0,61,0,36,8,2,46,41,55,9,2,107,25,7,32,139
06/25/2022,ITO,HI,AWP,WE,Combined TRACON& Tower with Radar,36,11,2,3,52,0,17,4,0,21,36,28,6,3,73,14,8,22,95
06/26/2022,ITO,HI,AWP,WE,Combined TRACON& Tower with Radar,38,5,3,0,46,0,20,7,0,27,38,25,10,0,73,8,0,8,81
06/27/2022,ITO,HI,AWP,WE,Combined TRACON& Tower with Radar,45,23,5,2,75,0,42,13,0,55,45,65,18,2,130,32,0,32,162
06/28/2022,ITO,HI,AWP,WE,Combined TRACON& Tower with Radar,42,13,1,3,59,0,52,2,0,54,42,65,3,3,113,28,2,30,143
06/29/2022,ITO,HI,AWP,WE,Combined TRACON& Tower with Radar,39,14,1,8,62,0,53,5,1,59,39,67,6,9,121,40,10,50,171
06/30/2022,ITO,HI,AWP,WE,Combined TRACON& Tower with Radar,46,17,1,3,67,0,56,4,4,64,46,73,5,7,131,42,14,56,187
07/01/2022,ITO,HI,AWP,WE,Combined TRACON& Tower with Radar,41,15,4,0,60,0,59,3,0,62,41,74,7,0,122,22,0,22,144
07/02/2022,ITO,HI,AWP,WE,Combined TRACON& Tower with Radar,38,10,4,3,55,0,22,4,1,27,38,32,8,4,82,2,4,6,88
07/03/2022,ITO,HI,AWP,WE,Combined TRACON& Tower with Radar,31,8,1,1,41,0,15,0,0,15,31,23,1,1,56,0,0,0,56
07/04/2022,ITO,HI,AWP,WE,Combined TRACON& Tower with Radar,21,5,1,0,27,0,27,0,0,27,21,32,1,0,54,10,0,10,64
07/05/2022,ITO,HI,AWP,WE,Combined TRACON& Tower with Radar,66,32,5,1,104,0,60,5,2,67,66,92,10,3,171,18,46,64,235
07/06/2022,ITO,HI,AWP,WE,Combined TRACON& Tower with Radar,44,12,0,2,58,0,60,9,5,74,44,72,9,7,132,28,18,46,178
07/07/2022,ITO,HI,AWP,WE,Combined TRACON& Tower with Radar,47,17,0,7,71,0,63,12,3,78,47,80,12,10,149,19,4,23,172
07/08/2022,ITO,HI,AWP,WE,Combined TRACON& Tower with Radar,38,14,3,3,58,0,45,7,5,57,38,59,10,8,115,14,14,28,143
07/09/2022,ITO,HI,AWP,WE,Combined TRACON& Tower with Radar,39,14,7,2,62,0,26,2,0,28,39,40,9,2,90,4,0,4,94
07/10/2022,ITO,HI,AWP,WE,Combined TRACON& Tower with Radar,36,10,3,4,53,0,12,6,0,18,36,22,9,4,71,10,0,10,81
07/11/2022,ITO,HI,AWP,WE,Combined TRACON& Tower with Radar,49,17,1,1,68,0,50,11,0,61,49,67,12,1,129,20,0,20,149
07/12/2022,ITO,HI,AWP,WE,Combined TRACON& Tower with Radar,42,21,0,4,67,0,75,5,6,86,42,96,5,10,153,20,30,50,203
07/13/2022,ITO,HI,AWP,WE,Combined TRACON& Tower with Radar,45,21,3,2,71,0,1,1,1,3,45,22,4,3,74,14,2,16,90
07/14/2022,ITO,HI,AWP,WE,Combined TRACON& Tower with Radar,44,13,1,0,58,0,84,24,42,150,44,97,25,42,208,50,38,88,296
07/15/2022,ITO,HI,AWP,WE,Combined TRACON& Tower with Radar,46,17,0,0,63,0,48,1,0,49,46,65,1,0,112,38,36,74,186
07/16/2022,ITO,HI,AWP,WE,Combined TRACON& Tower with Radar,40,13,6,1,60,0,3,0,0,3,40,16,6,1,63,8,0,8,71
07/17/2022,ITO,HI,AWP,WE,Combined TRACON& Tower with Radar,36,11,2,2,51,0,20,5,3,28,36,31,7,5,79,4,2,6,85
07/18/2022,ITO,HI,AWP,WE,Combined TRACON& Tower with Radar,49,12,4,0,65,0,58,7,3,68,49,70,11,3,133,52,2,54,187
07/19/2022,ITO,HI,AWP,WE,Combined TRACON& Tower with Radar,45,17,2,11,75,0,73,5,9,87,45,90,7,20,162,32,52,84,246
07/20/2022,ITO,HI,AWP,WE,Combined TRACON& Tower with Radar,43,13,1,8,65,0,53,1,2,56,43,66,2,10,121,24,20,44,165
07/21/2022,ITO,HI,AWP,WE,Combined TRACON& Tower with Radar,48,19,1,9,77,0,9,3,2,14,48,28,4,11,91,12,16,28,119
07/22/2022,ITO,HI,AWP,WE,Combined TRACON& Tower with Radar,45,17,3,4,69,0,48,5,4,57,45,65,8,8,126,24,4,28,154
07/23/2022,ITO,HI,AWP,WE,Combined TRACON& Tower with Radar,36,14,8,0,58,0,6,0,0,6,36,20,8,0,64,6,0,6,70
07/24/2022,ITO,HI,AWP,WE,Combined TRACON& Tower with Radar,35,9,2,0,46,0,37,6,1,44,35,46,8,1,90,24,0,24,114
07/25/2022,ITO,HI,AWP,WE,Combined TRACON& Tower with Radar,55,16,2,2,75,0,69,5,6,80,55,85,7,8,155,22,2,24,179
07/26/2022,ITO,HI,AWP,WE,Combined TRACON& Tower with Radar,44,13,1,9,67,0,13,3,5,21,44,26,4,14,88,20,18,38,126
07/27/2022,ITO,HI,AWP,WE,Combined TRACON& Tower with Radar,43,13,2,5,63,0,73,6,2,81,43,86,8,7,144,26,6,32,176
07/28/2022,ITO,HI,AWP,WE,Combined TRACON& Tower with Radar,43,8,0,1,52,0,73,8,1,82,43,81,8,2,134,22,0,22,156
07/29/2022,ITO,HI,AWP,WE,Combined TRACON& Tower with Radar,45,11,1,6,63,0,60,7,1,68,45,71,8,7,131,22,0,22,153
07/30/2022,ITO,HI,AWP,WE,Combined TRACON& Tower with Radar,37,8,2,3,50,0,41,2,6,49,37,49,4,9,99,8,8,16,115
07/31/2022,ITO,HI,AWP,WE,Combined TRACON& Tower with Radar,39,7,0,1,47,0,28,1,7,36,39,35,1,8,83,8,16,24,107
08/01/2022,ITO,HI,AWP,WE,Combined TRACON& Tower with Radar,45,20,2,10,77,0,56,4,7,67,45,76,6,17,144,20,13,33,177
08/02/2022,ITO,HI,AWP,WE,Combined TRACON& Tower with Radar,40,14,1,12,67,0,58,4,4,66,40,72,5,16,133,38,32,70,203
08/03/2022,ITO,HI,AWP,WE,Combined TRACON& Tower with Radar,43,5,0,4,52,0,59,6,10,75,43,64,6,14,127,26,28,54,181
08/04/2022,ITO,HI,AWP,WE,Combined TRACON& Tower with Radar,44,8,2,13,67,0,63,10,6,79,44,71,12,19,146,48,12,60,206
08/05/2022,ITO,HI,AWP,WE,Combined TRACON& Tower with Radar,44,9,0,13,66,0,33,0,13,46,44,42,0,26,112,24,44,68,180
08/06/2022,ITO,HI,AWP,WE,Combined TRACON& Tower with Radar,35,8,1,5,49,0,41,1,11,53,35,49,2,16,102,36,8,44,146
08/07/2022,ITO,HI,AWP,WE,Combined TRACON& Tower with Radar,36,1,0,5,42,0,33,4,11,48,36,34,4,16,90,4,30,34,124
08/08/2022,ITO,HI,AWP,WE,Combined TRACON& Tower with Radar,50,15,0,11,76,0,15,9,3,27,50,30,9,14,103,36,43,79,182
08/09/2022,ITO,HI,AWP,WE,Combined TRACON& Tower with Radar,39,12,0,7,58,0,67,4,5,76,39,79,4,12,134,28,0,28,162
08/10/2022,ITO,HI,AWP,WE,Combined TRACON& Tower with Radar,41,11,0,8,60,0,63,3,6,72,41,74,3,14,132,74,18,92,224
08/11/2022,ITO,HI,AWP,WE,Combined TRACON& Tower with Radar,45,14,0,6,65,0,62,5,5,72,45,76,5,11,137,24,6,30,167
08/12/2022,ITO,HI,AWP,WE,Combined TRACON& Tower with Radar,44,7,1,0,52,0,56,10,0,66,44,63,11,0,118,40,0,40,158
08/13/2022,ITO,HI,AWP,WE,Combined TRACON& Tower with Radar,36,9,1,0,46,0,43,4,0,47,36,52,5,0,93,8,0,8,101
08/14/2022,ITO,HI,AWP,WE,Combined TRACON& Tower with Radar,38,7,2,2,49,0,33,3,1,37,38,40,5,3,86,16,0,16,102
08/15/2022,ITO,HI,AWP,WE,Combined TRACON& Tower with Radar,48,11,0,8,67,0,53,11,7,71,48,64,11,15,138,20,16,36,174
08/16/2022,ITO,HI,AWP,WE,Combined TRACON& Tower with Radar,41,15,5,0,61,0,65,8,3,76,41,80,13,3,137,42,0,42,179
08/17/2022,ITO,HI,AWP,WE,Combined TRACON& Tower with Radar,42,14,3,8,67,0,48,14,3,65,42,62,17,11,132,63,2,65,197
08/18/2022,ITO,HI,AWP,WE,Combined TRACON& Tower with Radar,43,12,1,4,60,0,46,11,3,60,43,58,12,7,120,60,0,60,180
08/19/2022,ITO,HI,AWP,WE,Combined TRACON& Tower with Radar,42,11,0,2,55,0,31,4,7,42,42,42,4,9,97,58,0,58,155
08/20/2022,ITO,HI,AWP,WE,Combined TRACON& Tower with Radar,37,9,1,0,47,0,41,3,0,44,37,50,4,0,91,28,0,28,119
08/21/2022,ITO,HI,AWP,WE,Combined TRACON& Tower with Radar,37,7,0,0,44,0,38,9,0,47,37,45,9,0,91,8,0,8,99
08/22/2022,ITO,HI,AWP,WE,Combined TRACON& Tower with Radar,47,14,1,2,64,0,37,8,1,46,47,51,9,3,110,20,0,20,130
08/23/2022,ITO,HI,AWP,WE,Combined TRACON& Tower with Radar,43,12,3,3,61,0,9,2,1,12,43,21,5,4,73,20,16,36,109
08/24/2022,ITO,HI,AWP,WE,Combined TRACON& Tower with Radar,42,8,2,4,56,0,57,6,1,64,42,65,8,5,120,40,0,40,160
08/25/2022,ITO,HI,AWP,WE,Combined TRACON& Tower with Radar,42,9,0,0,51,0,43,10,4,57,42,52,10,4,108,25,39,64,172
08/26/2022,ITO,HI,AWP,WE,Combined TRACON& Tower with Radar,44,13,0,6,63,0,37,2,0,39,44,50,2,6,102,38,16,54,156
08/27/2022,ITO,HI,AWP,WE,Combined TRACON& Tower with Radar,36,7,2,1,46,0,28,14,0,42,36,35,16,1,88,12,0,12,100
08/28/2022,ITO,HI,AWP,WE,Combined TRACON& Tower with Radar,38,13,3,1,55,0,31,11,0,42,38,44,14,1,97,9,0,9,106
08/29/2022,ITO,HI,AWP,WE,Combined TRACON& Tower with Radar,43,15,1,0,59,0,48,9,0,57,43,63,10,0,116,26,0,26,142
08/30/2022,ITO,HI,AWP,WE,Combined TRACON& Tower with Radar,39,9,3,0,51,0,32,10,2,44,39,41,13,2,95,60,10,70,165
08/31/2022,ITO,HI,AWP,WE,Combined TRACON& Tower with Radar,41,13,1,5,60,0,52,12,12,76,41,65,13,17,136,66,2,68,204
09/01/2022,ITO,HI,AWP,WE,Combined TRACON& Tower with Radar,41,20,2,4,67,0,33,5,4,42,41,53,7,8,109,32,4,36,145
09/02/2022,ITO,HI,AWP,WE,Combined TRACON& Tower with Radar,44,11,4,0,59,0,44,7,2,53,44,55,11,2,112,34,0,34,146
09/03/2022,ITO,HI,AWP,WE,Combined TRACON& Tower with Radar,37,5,1,0,43,0,25,3,0,28,37,30,4,0,71,8,0,8,79
09/04/2022,ITO,HI,AWP,WE,Combined TRACON& Tower with Radar,38,8,4,0,50,0,28,2,0,30,38,36,6,0,80,12,0,12,92
09/05/2022,ITO,HI,AWP,WE,Combined TRACON& Tower with Radar,40,14,3,0,57,0,54,0,0,54,40,68,3,0,111,16,0,16,127
09/06/2022,ITO,HI,AWP,WE,Combined TRACON& Tower with Radar,42,13,2,0,57,0,53,2,2,57,42,66,4,2,114,20,2,22,136
09/07/2022,ITO,HI,AWP,WE,Combined TRACON& Tower with Radar,38,9,1,2,50,0,52,8,2,62,38,61,9,4,112,22,0,22,134
09/08/2022,ITO,HI,AWP,WE,Combined TRACON& Tower with Radar,40,13,3,3,59,0,53,3,3,59,40,66,6,6,118,20,2,22,140
09/09/2022,ITO,HI,AWP,WE,Combined TRACON& Tower with Radar,42,12,2,10,66,0,41,18,1,60,42,53,20,11,126,12,7,19,145
09/10/2022,ITO,HI,AWP,WE,Combined TRACON& Tower with Radar,36,12,0,3,51,0,18,5,9,32,36,30,5,12,83,40,0,40,123
09/11/2022,ITO,HI,AWP,WE,Combined TRACON& Tower with Radar,38,8,1,2,49,0,28,10,2,40,38,36,11,4,89,20,0,20,109
09/12/2022,ITO,HI,AWP,WE,Combined TRACON& Tower with Radar,42,18,1,6,67,0,53,7,0,60,42,71,8,6,127,26,0,26,153
09/13/2022,ITO,HI,AWP,WE,Combined TRACON& Tower with Radar,41,15,2,2,60,0,41,14,2,57,41,56,16,4,117,58,2,60,177
09/14/2022,ITO,HI,AWP,WE,Combined TRACON& Tower with Radar,40,11,0,3,54,0,38,2,3,43,40,49,2,6,97,10,18,28,125
09/15/2022,ITO,HI,AWP,WE,Combined TRACON& Tower with Radar,39,15,7,4,65,0,7,3,4,14,39,22,10,8,79,4,4,8,87
09/16/2022,ITO,HI,AWP,WE,Combined TRACON& Tower with Radar,43,18,1,0,62,0,49,11,0,60,43,67,12,0,122,46,0,46,168
09/17/2022,ITO,HI,AWP,WE,Combined TRACON& Tower with Radar,38,7,3,1,49,0,32,7,3,42,38,39,10,4,91,18,0,18,109
09/18/2022,ITO,HI,AWP,WE,Combined TRACON& Tower with Radar,33,7,3,1,44,0,18,1,0,19,33,25,4,1,63,12,0,12,75
09/19/2022,ITO,HI,AWP,WE,Combined TRACON& Tower with Radar,43,12,12,2,69,0,27,3,0,30,43,39,15,2,99,12,0,12,111
09/20/2022,ITO,HI,AWP,WE,Combined TRACON& Tower with Radar,39,10,0,4,53,0,61,5,0,66,39,71,5,4,119,50,18,68,187
09/21/2022,ITO,HI,AWP,WE,Combined TRACON& Tower with Radar,39,12,2,2,55,0,51,6,3,60,39,63,8,5,115,26,2,28,143
09/22/2022,ITO,HI,AWP,WE,Combined TRACON& Tower with Radar,41,17,0,5,63,0,41,3,9,53,41,58,3,14,116,24,0,24,140
09/23/2022,ITO,HI,AWP,WE,Combined TRACON& Tower with Radar,42,12,5,9,68,0,34,10,0,44,42,46,15,9,112,38,0,38,150
09/24/2022,ITO,HI,AWP,WE,Combined TRACON& Tower with Radar,41,8,6,1,56,0,21,2,0,23,41,29,8,1,79,22,0,22,101
09/25/2022,ITO,HI,AWP,WE,Combined TRACON& Tower with Radar,36,5,5,0,46,0,18,11,0,29,36,23,16,0,75,20,0,20,95
09/26/2022,ITO,HI,AWP,WE,Combined TRACON& Tower with Radar,41,10,5,3,59,0,54,18,0,72,41,64,23,3,131,28,0,28,159
09/27/2022,ITO,HI,AWP,WE,Combined TRACON& Tower with Radar,45,17,5,4,71,0,60,8,5,73,45,77,13,9,144,38,6,44,188
09/28/2022,ITO,HI,AWP,WE,Combined TRACON& Tower with Radar,40,13,3,15,71,0,56,11,4,71,40,69,14,19,142,30,8,38,180
09/29/2022,ITO,HI,AWP,WE,Combined TRACON& Tower with Radar,39,11,2,5,57,0,48,12,3,63,39,59,14,8,120,14,20,34,154
09/30/2022,ITO,HI,AWP,WE,Combined TRACON& Tower with Radar,43,7,3,2,55,0,36,6,0,42,43,43,9,2,97,24,0,24,121
10/01/2022,ITO,HI,AWP,WE,Combined TRACON& Tower with Radar,38,8,1,3,50,0,25,5,0,30,38,33,6,3,80,6,0,6,86
10/02/2022,ITO,HI,AWP,WE,Combined TRACON& Tower with Radar,36,6,2,3,47,0,38,8,0,46,36,44,10,3,93,36,0,36,129
10/03/2022,ITO,HI,AWP,WE,Combined TRACON& Tower with Radar,40,14,0,0,54,0,42,5,0,47,40,56,5,0,101,14,0,14,115
10/04/2022,ITO,HI,AWP,WE,Combined TRACON& Tower with Radar,40,9,1,0,50,0,45,1,5,51,40,54,2,5,101,20,28,48,149
10/05/2022,ITO,HI,AWP,WE,Combined TRACON& Tower with Radar,41,11,1,6,59,0,41,3,1,45,41,52,4,7,104,40,0,40,144
10/06/2022,ITO,HI,AWP,WE,Combined TRACON& Tower with Radar,40,12,2,1,55,0,38,10,1,49,40,50,12,2,104,46,2,48,152
10/07/2022,ITO,HI,AWP,WE,Combined TRACON& Tower with Radar,42,9,1,2,54,0,46,7,0,53,42,55,8,2,107,14,0,14,121
10/08/2022,ITO,HI,AWP,WE,Combined TRACON& Tower with Radar,37,8,2,0,47,0,24,5,1,30,37,32,7,1,77,8,0,8,85
10/09/2022,ITO,HI,AWP,WE,Combined TRACON& Tower with Radar,36,9,4,0,49,0,26,3,0,29,36,35,7,0,78,8,0,8,86
10/10/2022,ITO,HI,AWP,WE,Combined TRACON& Tower with Radar,40,12,3,0,55,0,44,9,0,53,40,56,12,0,108,22,0,22,130
10/11/2022,ITO,HI,AWP,WE,Combined TRACON& Tower with Radar,40,9,1,0,50,0,57,10,2,69,40,66,11,2,119,24,0,24,143
10/12/2022,ITO,HI,AWP,WE,Combined TRACON& Tower with Radar,39,8,0,2,49,0,50,7,3,60,39,58,7,5,109,32,2,34,143
10/13/2022,ITO,HI,AWP,WE,Combined TRACON& Tower with Radar,41,7,3,5,56,0,40,4,3,47,41,47,7,8,103,14,10,24,127
10/14/2022,ITO,HI,AWP,WE,Combined TRACON& Tower with Radar,42,5,1,3,51,0,37,2,3,42,42,42,3,6,93,14,2,16,109
10/15/2022,ITO,HI,AWP,WE,Combined TRACON& Tower with Radar,38,10,1,2,51,0,7,0,0,7,38,17,1,2,58,4,31,35,93
10/16/2022,ITO,HI,AWP,WE,Combined TRACON& Tower with Radar,36,7,0,2,45,0,33,5,0,38,36,40,5,2,83,14,0,14,97
10/17/2022,ITO,HI,AWP,WE,Combined TRACON& Tower with Radar,47,9,2,2,60,0,51,2,1,54,47,60,4,3,114,12,0,12,126
10/18/2022,ITO,HI,AWP,WE,Combined TRACON& Tower with Radar,42,13,2,1,58,0,47,2,1,50,42,60,4,2,108,20,0,20,128
10/19/2022,ITO,HI,AWP,WE,Combined TRACON& Tower with Radar,39,7,0,3,49,0,40,7,0,47,39,47,7,3,96,24,0,24,120
10/20/2022,ITO,HI,AWP,WE,Combined TRACON& Tower with Radar,40,6,2,5,53,0,47,4,0,51,40,53,6,5,104,14,0,14,118
10/21/2022,ITO,HI,AWP,WE,Combined TRACON& Tower with Radar,43,7,0,3,53,0,38,2,0,40,43,45,2,3,93,42,0,42,135
10/22/2022,ITO,HI,AWP,WE,Combined TRACON& Tower with Radar,37,11,2,0,50,0,34,1,2,37,37,45,3,2,87,16,0,16,103
10/23/2022,ITO,HI,AWP,WE,Combined TRACON& Tower with Radar,36,7,2,0,45,0,14,2,0,16,36,21,4,0,61,18,0,18,79
10/24/2022,ITO,HI,AWP,WE,Combined TRACON& Tower with Radar,42,9,2,0,53,0,53,7,0,60,42,62,9,0,113,22,0,22,135
10/25/2022,ITO,HI,AWP,WE,Combined TRACON& Tower with Radar,40,9,1,6,56,0,45,3,5,53,40,54,4,11,109,14,10,24,133
10/26/2022,ITO,HI,AWP,WE,Combined TRACON& Tower with Radar,39,10,4,3,56,0,50,5,1,56,39,60,9,4,112,18,6,24,136
10/27/2022,ITO,HI,AWP,WE,Combined TRACON& Tower with Radar,40,6,0,0,46,0,43,3,2,48,40,49,3,2,94,32,18,50,144
10/28/2022,ITO,HI,AWP,WE,Combined TRACON& Tower with Radar,44,12,0,17,73,0,36,4,6,46,44,48,4,23,119,24,10,34,153
10/29/2022,ITO,HI,AWP,WE,Combined TRACON& Tower with Radar,37,10,4,6,57,0,22,3,0,25,37,32,7,6,82,24,0,24,106
10/30/2022,ITO,HI,AWP,WE,Combined TRACON& Tower with Radar,40,5,2,1,48,0,19,8,1,28,40,24,10,2,76,8,0,8,84
10/31/2022,ITO,HI,AWP,WE,Combined TRACON& Tower with Radar,38,6,0,4,48,0,26,6,1,33,38,32,6,5,81,16,0,16,97
11/01/2022,ITO,HI,AWP,WE,Combined TRACON& Tower with Radar,43,8,9,10,70,0,39,7,7,53,43,47,16,17,123,28,10,38,161
11/02/2022,ITO,HI,AWP,WE,Combined TRACON& Tower with Radar,37,4,2,8,51,0,34,9,6,49,37,38,11,14,100,16,2,18,118
11/03/2022,ITO,HI,AWP,WE,Combined TRACON& Tower with Radar,41,8,1,3,53,0,1,3,0,4,41,9,4,3,57,0,0,0,57
11/04/2022,ITO,HI,AWP,WE,Combined TRACON& Tower with Radar,45,13,3,4,65,0,5,1,0,6,45,18,4,4,71,4,0,4,75
11/05/2022,ITO,HI,AWP,WE,Combined TRACON& Tower with Radar,37,14,2,11,64,0,25,6,2,33,37,39,8,13,97,14,0,14,111
11/06/2022,ITO,HI,AWP,WE,Combined TRACON& Tower with Radar,39,5,4,5,53,0,32,11,2,45,39,37,15,7,98,30,4,34,132
11/07/2022,ITO,HI,AWP,WE,Combined TRACON& Tower with Radar,38,6,3,4,51,0,45,5,4,54,38,51,8,8,105,28,4,32,137
11/08/2022,ITO,HI,AWP,WE,Combined TRACON& Tower with Radar,45,4,12,3,64,0,45,5,0,50,45,49,17,3,114,30,26,56,170
11/09/2022,ITO,HI,AWP,WE,Combined TRACON& Tower with Radar,42,11,2,6,61,0,49,3,0,52,42,60,5,6,113,20,8,28,141
11/10/2022,ITO,HI,AWP,WE,Combined TRACON& Tower with Radar,46,19,2,10,77,0,33,16,5,54,46,52,18,15,131,16,18,34,165
11/11/2022,ITO,HI,AWP,WE,Combined TRACON& Tower with Radar,43,8,2,0,53,0,31,9,2,42,43,39,11,2,95,16,0,16,111
11/12/2022,ITO,HI,AWP,WE,Combined TRACON& Tower with Radar,44,8,0,2,54,0,35,6,0,41,44,43,6,2,95,48,0,48,143
11/13/2022,ITO,HI,AWP,WE,Combined TRACON& Tower with Radar,39,8,3,0,50,0,39,8,0,47,39,47,11,0,97,40,0,40,137
11/14/2022,ITO,HI,AWP,WE,Combined TRACON& Tower with Radar,40,9,1,0,50,0,35,10,0,45,40,44,11,0,95,26,0,26,121
11/15/2022,ITO,HI,AWP,WE,Combined TRACON& Tower with Radar,42,9,2,1,54,0,45,3,2,50,42,54,5,3,104,78,6,84,188
11/16/2022,ITO,HI,AWP,WE,Combined TRACON& Tower with Radar,44,9,0,2,55,0,42,9,6,57,44,51,9,8,112,32,12,44,156
11/17/2022,ITO,HI,AWP,WE,Combined TRACON& Tower with Radar,46,16,2,0,64,0,30,5,5,40,46,46,7,5,104,24,0,24,128
11/18/2022,ITO,HI,AWP,WE,Combined TRACON& Tower with Radar,46,11,1,4,62,0,32,11,5,48,46,43,12,9,110,10,0,10,120
11/19/2022,ITO,HI,AWP,WE,Combined TRACON& Tower with Radar,40,3,1,1,45,0,31,7,3,41,40,34,8,4,86,30,6,36,122
11/20/2022,ITO,HI,AWP,WE,Combined TRACON& Tower with Radar,43,6,2,0,51,0,27,10,2,39,43,33,12,2,90,26,0,26,116
11/21/2022,ITO,HI,AWP,WE,Combined TRACON& Tower with Radar,47,15,5,7,74,0,44,7,6,57,47,59,12,13,131,40,0,40,171
11/22/2022,ITO,HI,AWP,WE,Combined TRACON& Tower with Radar,42,9,3,5,59,0,33,4,3,40,42,42,7,8,99,12,16,28,127
11/23/2022,ITO,HI,AWP,WE,Combined TRACON& Tower with Radar,46,14,1,1,62,0,39,3,0,42,46,53,4,1,104,12,0,12,116
11/24/2022,ITO,HI,AWP,WE,Combined TRACON& Tower with Radar,37,14,5,1,57,0,21,0,0,21,37,35,5,1,78,18,0,18,96
11/25/2022,ITO,HI,AWP,WE,Combined TRACON& Tower with Radar,45,11,1,1,58,0,38,0,0,38,45,49,1,1,96,14,0,14,110
11/26/2022,ITO,HI,AWP,WE,Combined TRACON& Tower with Radar,43,8,1,8,60,0,32,7,0,39,43,40,8,8,99,20,0,20,119
11/27/2022,ITO,HI,AWP,WE,Combined TRACON& Tower with Radar,41,5,1,0,47,0,27,9,0,36,41,32,10,0,83,58,0,58,141
11/28/2022,ITO,HI,AWP,WE,Combined TRACON& Tower with Radar,33,14,1,2,50,0,12,4,2,18,33,26,5,4,68,48,0,48,116
11/29/2022,ITO,HI,AWP,WE,Combined TRACON& Tower with Radar,46,10,2,1,59,0,33,6,0,39,46,43,8,1,98,16,0,16,114
11/30/2022,ITO,HI,AWP,WE,Combined TRACON& Tower with Radar,46,9,4,11,70,0,27,11,3,41,46,36,15,14,111,24,6,30,141
12/01/2022,ITO,HI,AWP,WE,Combined TRACON& Tower with Radar,46,8,0,2,56,0,34,7,1,42,46,42,7,3,98,14,0,14,112
12/02/2022,ITO,HI,AWP,WE,Combined TRACON& Tower with Radar,44,10,5,0,59,0,12,10,0,22,44,22,15,0,81,8,0,8,89
12/03/2022,ITO,HI,AWP,WE,Combined TRACON& Tower with Radar,41,11,1,3,56,0,4,2,4,10,41,15,3,7,66,4,4,8,74
12/04/2022,ITO,HI,AWP,WE,Combined TRACON& Tower with Radar,38,9,3,2,52,3,24,17,3,47,41,33,20,5,99,14,0,14,113
12/05/2022,ITO,HI,AWP,WE,Combined TRACON& Tower with Radar,44,15,2,0,61,0,31,9,4,44,44,46,11,4,105,10,0,10,115
12/06/2022,ITO,HI,AWP,WE,Combined TRACON& Tower with Radar,42,18,2,6,68,0,4,5,0,9,42,22,7,6,77,22,4,26,103
12/07/2022,ITO,HI,AWP,WE,Combined TRACON& Tower with Radar,44,19,2,7,72,0,30,8,1,39,44,49,10,8,111,6,4,10,121
12/08/2022,ITO,HI,AWP,WE,Combined TRACON& Tower with Radar,41,15,3,4,63,0,29,17,9,55,41,44,20,13,118,28,8,36,154
12/09/2022,ITO,HI,AWP,WE,Combined TRACON& Tower with Radar,49,8,1,5,63,0,34,4,6,44,49,42,5,11,107,6,6,12,119
12/10/2022,ITO,HI,AWP,WE,Combined TRACON& Tower with Radar,37,10,2,0,49,0,22,4,2,28,37,32,6,2,77,8,0,8,85
12/11/2022,ITO,HI,AWP,WE,Combined TRACON& Tower with Radar,40,10,2,0,52,0,25,9,2,36,40,35,11,2,88,16,0,16,104
12/12/2022,ITO,HI,AWP,WE,Combined TRACON& Tower with Radar,48,14,2,2,66,0,9,5,2,16,48,23,7,4,82,12,0,12,94
12/13/2022,ITO,HI,AWP,WE,Combined TRACON& Tower with Radar,40,17,6,8,71,0,26,4,1,31,40,43,10,9,102,8,0,8,110
12/14/2022,ITO,HI,AWP,WE,Combined TRACON& Tower with Radar,44,12,2,1,59,0,40,3,1,44,44,52,5,2,103,20,4,24,127
12/15/2022,ITO,HI,AWP,WE,Combined TRACON& Tower with Radar,45,15,2,3,65,0,43,22,3,68,45,58,24,6,133,16,0,16,149
12/16/2022,ITO,HI,AWP,WE,Combined TRACON& Tower with Radar,47,12,0,2,61,0,40,3,0,43,47,52,3,2,104,26,0,26,130
12/17/2022,ITO,HI,AWP,WE,Combined TRACON& Tower with Radar,42,10,0,0,52,0,32,3,0,35,42,42,3,0,87,10,0,10,97
12/18/2022,ITO,HI,AWP,WE,Combined TRACON& Tower with Radar,34,1,0,0,35,0,30,2,0,32,34,31,2,0,67,6,0,6,73
12/19/2022,ITO,HI,AWP,WE,Combined TRACON& Tower with Radar,43,13,0,0,56,0,0,0,0,0,43,13,0,0,56,0,0,0,56
12/20/2022,ITO,HI,AWP,WE,Combined TRACON& Tower with Radar,47,16,1,3,67,0,54,13,2,69,47,70,14,5,136,32,24,56,192
12/21/2022,ITO,HI,AWP,WE,Combined TRACON& Tower with Radar,57,16,0,1,74,0,50,16,2,68,57,66,16,3,142,24,0,24,166
12/22/2022,ITO,HI,AWP,WE,Combined TRACON& Tower with Radar,50,12,1,3,66,0,87,13,0,100,50,99,14,3,166,38,0,38,204
12/23/2022,ITO,HI,AWP,WE,Combined TRACON& Tower with Radar,50,6,0,0,56,0,58,7,0,65,50,64,7,0,121,20,0,20,141
12/24/2022,ITO,HI,AWP,WE,Combined TRACON& Tower with Radar,42,2,0,0,44,0,60,9,0,69,42,62,9,0,113,14,0,14,127
12/25/2022,ITO,HI,AWP,WE,Combined TRACON& Tower with Radar,31,3,0,0,34,0,5,2,0,7,31,8,2,0,41,0,0,0,41
12/26/2022,ITO,HI,AWP,WE,Combined TRACON& Tower with Radar,51,5,3,0,59,0,60,6,0,66,51,65,9,0,125,46,0,46,171
12/27/2022,ITO,HI,AWP,WE,Combined TRACON& Tower with Radar,49,11,8,5,73,0,79,9,2,90,49,90,17,7,163,24,30,54,217
12/28/2022,ITO,HI,AWP,WE,Combined TRACON& Tower with Radar,48,14,0,2,64,0,70,6,6,82,48,84,6,8,146,16,10,26,172
12/29/2022,ITO,HI,AWP,WE,Combined TRACON& Tower with Radar,50,17,3,0,70,0,58,7,1,66,50,75,10,1,136,14,0,14,150
12/30/2022,ITO,HI,AWP,WE,Combined TRACON& Tower with Radar,49,9,2,0,60,0,67,8,2,77,49,76,10,2,137,16,0,16,153
12/31/2022,ITO,HI,AWP,WE,Combined TRACON& Tower with Radar,44,5,4,0,53,0,56,0,0,56,44,61,4,0,109,16,0,16,125
01/01/2023,ITO,HI,AWP,WE,Combined TRACON& Tower with Radar,47,9,2,1,59,0,54,0,0,54,47,63,2,1,113,8,0,8,121
01/02/2023,ITO,HI,AWP,WE,Combined TRACON& Tower with Radar,51,9,5,0,65,0,75,12,0,87,51,84,17,0,152,10,0,10,162
01/03/2023,ITO,HI,AWP,WE,Combined TRACON& Tower with Radar,46,10,4,0,60,0,46,4,2,52,46,56,8,2,112,14,16,30,142
01/04/2023,ITO,HI,AWP,WE,Combined TRACON& Tower with Radar,49,9,0,6,64,0,54,6,1,61,49,63,6,7,125,10,0,10,135
01/05/2023,ITO,HI,AWP,WE,Combined TRACON& Tower with Radar,46,14,1,5,66,0,48,11,2,61,46,62,12,7,127,22,26,48,175
01/06/2023,ITO,HI,AWP,WE,Combined TRACON& Tower with Radar,46,5,4,7,62,0,41,10,0,51,46,46,14,7,113,16,0,16,129
01/07/2023,ITO,HI,AWP,WE,Combined TRACON& Tower with Radar,40,10,5,3,58,0,60,23,5,88,40,70,28,8,146,16,4,20,166
01/08/2023,ITO,HI,AWP,WE,Combined TRACON& Tower with Radar,38,4,0,4,46,0,48,10,0,58,38,52,10,4,104,32,0,32,136
01/09/2023,ITO,HI,AWP,WE,Combined TRACON& Tower with Radar,48,7,0,0,55,0,58,17,0,75,48,65,17,0,130,26,0,26,156
01/10/2023,ITO,HI,AWP,WE,Combined TRACON& Tower with Radar,37,11,0,3,51,0,61,12,1,74,37,72,12,4,125,18,0,18,143
01/11/2023,ITO,HI,AWP,WE,Combined TRACON& Tower with Radar,43,5,1,6,55,0,39,8,1,48,43,44,9,7,103,22,6,28,131
01/12/2023,ITO,HI,AWP,WE,Combined TRACON& Tower with Radar,48,9,3,3,63,0,56,9,2,67,48,65,12,5,130,20,2,22,152
01/13/2023,ITO,HI,AWP,WE,Combined TRACON& Tower with Radar,44,3,3,1,51,0,54,8,0,62,44,57,11,1,113,18,0,18,131
01/14/2023,ITO,HI,AWP,WE,Combined TRACON& Tower with Radar,41,10,2,0,53,0,47,6,4,57,41,57,8,4,110,16,2,18,128
01/15/2023,ITO,HI,AWP,WE,Combined TRACON& Tower with Radar,35,7,2,0,44,0,46,4,0,50,35,53,6,0,94,10,0,10,104
01/16/2023,ITO,HI,AWP,WE,Combined TRACON& Tower with Radar,45,5,2,0,52,0,61,4,0,65,45,66,6,0,117,10,0,10,127
01/17/2023,ITO,HI,AWP,WE,Combined TRACON& Tower with Radar,38,12,2,1,53,0,43,5,0,48,38,55,7,1,101,16,0,16,117
01/18/2023,ITO,HI,AWP,WE,Combined TRACON& Tower with Radar,41,7,1,8,57,0,51,10,2,63,41,58,11,10,120,24,2,26,146
01/19/2023,ITO,HI,AWP,WE,Combined TRACON& Tower with Radar,43,18,4,2,67,0,66,8,0,74,43,84,12,2,141,34,8,42,183
01/20/2023,ITO,HI,AWP,WE,Combined TRACON& Tower with Radar,48,13,3,8,72,0,30,13,4,47,48,43,16,12,119,22,6,28,147
01/21/2023,ITO,HI,AWP,WE,Combined TRACON& Tower with Radar,41,10,5,0,56,0,42,4,8,54,41,52,9,8,110,10,2,12,122
01/22/2023,ITO,HI,AWP,WE,Combined TRACON& Tower with Radar,37,5,1,1,44,0,37,6,8,51,37,42,7,9,95,8,0,8,103
01/23/2023,ITO,HI,AWP,WE,Combined TRACON& Tower with Radar,45,4,2,1,52,0,45,6,3,54,45,49,8,4,106,48,0,48,154
01/24/2023,ITO,HI,AWP,WE,Combined TRACON& Tower with Radar,39,6,3,2,50,0,55,10,0,65,39,61,13,2,115,51,0,51,166
01/25/2023,ITO,HI,AWP,WE,Combined TRACON& Tower with Radar,42,16,7,0,65,0,46,6,0,52,42,62,13,0,117,26,0,26,143
01/26/2023,ITO,HI,AWP,WE,Combined TRACON& Tower with Radar,45,16,2,9,72,0,35,5,1,41,45,51,7,10,113,8,22,30,143
01/27/2023,ITO,HI,AWP,WE,Combined TRACON& Tower with Radar,45,19,2,13,79,0,37,5,0,42,45,56,7,13,121,32,6,38,159
01/28/2023,ITO,HI,AWP,WE,Combined TRACON& Tower with Radar,38,11,4,0,53,0,16,2,0,18,38,27,6,0,71,4,0,4,75
01/29/2023,ITO,HI,AWP,WE,Combined TRACON& Tower with Radar,36,8,0,0,44,0,12,2,0,14,36,20,2,0,58,12,0,12,70
01/30/2023,ITO,HI,AWP,WE,Combined TRACON& Tower with Radar,44,15,0,0,59,0,2,0,0,2,44,17,0,0,61,0,0,0,61
01/31/2023,ITO,HI,AWP,WE,Combined TRACON& Tower with Radar,37,15,3,7,62,0,9,13,1,23,37,24,16,8,85,4,2,6,91
02/01/2023,ITO,HI,AWP,WE,Combined TRACON& Tower with Radar,41,14,4,1,60,0,50,11,1,62,41,64,15,2,122,36,0,36,158
02/02/2023,ITO,HI,AWP,WE,Combined TRACON& Tower with Radar,38,7,1,4,50,0,38,10,2,50,38,45,11,6,100,18,2,20,120
02/03/2023,ITO,HI,AWP,WE,Combined TRACON& Tower with Radar,46,8,2,2,58,0,33,12,1,46,46,41,14,3,104,31,0,31,135
02/04/2023,ITO,HI,AWP,WE,Combined TRACON& Tower with Radar,33,11,3,2,49,0,17,0,0,17,33,28,3,2,66,8,4,12,78
02/05/2023,ITO,HI,AWP,WE,Combined TRACON& Tower with Radar,37,7,0,2,46,0,16,0,0,16,37,23,0,2,62,8,2,10,72
02/06/2023,ITO,HI,AWP,WE,Combined TRACON& Tower with Radar,46,10,1,7,64,0,21,6,0,27,46,31,7,7,91,10,0,10,101
02/07/2023,ITO,HI,AWP,WE,Combined TRACON& Tower with Radar,41,10,2,5,58,0,9,6,0,15,41,19,8,5,73,2,0,2,75
02/08/2023,ITO,HI,AWP,WE,Combined TRACON& Tower with Radar,44,11,2,3,60,0,35,4,1,40,44,46,6,4,100,16,0,16,116
02/09/2023,ITO,HI,AWP,WE,Combined TRACON& Tower with Radar,44,12,0,17,73,0,19,3,1,23,44,31,3,18,96,10,12,22,118
02/10/2023,ITO,HI,AWP,WE,Combined TRACON& Tower with Radar,46,19,1,1,67,0,14,9,0,23,46,33,10,1,90,10,0,10,100
02/11/2023,ITO,HI,AWP,WE,Combined TRACON& Tower with Radar,38,8,7,0,53,0,4,2,0,6,38,12,9,0,59,14,0,14,73
02/12/2023,ITO,HI,AWP,WE,Combined TRACON& Tower with Radar,37,6,0,0,43,0,1,2,0,3,37,7,2,0,46,2,0,2,48
02/13/2023,ITO,HI,AWP,WE,Combined TRACON& Tower with Radar,44,10,0,2,56,0,33,2,0,35,44,43,2,2,91,28,0,28,119
02/14/2023,ITO,HI,AWP,WE,Combined TRACON& Tower with Radar,38,13,7,7,65,0,39,9,3,51,38,52,16,10,116,14,0,14,130
02/15/2023,ITO,HI,AWP,WE,Combined TRACON& Tower with Radar,42,5,3,11,61,0,33,10,4,47,42,38,13,15,108,26,20,46,154
02/16/2023,ITO,HI,AWP,WE,Combined TRACON& Tower with Radar,52,11,2,4,69,0,0,5,0,5,52,11,7,4,74,74,0,74,148
02/17/2023,ITO,HI,AWP,WE,Combined TRACON& Tower with Radar,45,4,0,0,49,0,0,0,0,0,45,4,0,0,49,2,0,2,51
02/18/2023,ITO,HI,AWP,WE,Combined TRACON& Tower with Radar,35,10,0,1,46,0,0,0,0,0,35,10,0,1,46,0,0,0,46
02/19/2023,ITO,HI,AWP,WE,Combined TRACON& Tower with Radar,41,8,1,0,50,0,2,1,0,3,41,10,2,0,53,2,0,2,55
02/20/2023,ITO,HI,AWP,WE,Combined TRACON& Tower with Radar,48,6,2,0,56,0,0,9,0,9,48,6,11,0,65,0,0,0,65
02/21/2023,ITO,HI,AWP,WE,Combined TRACON& Tower with Radar,42,9,1,11,63,0,19,10,0,29,42,28,11,11,92,12,2,14,106
02/22/2023,ITO,HI,AWP,WE,Combined TRACON& Tower with Radar,42,11,1,2,56,0,2,4,0,6,42,13,5,2,62,4,0,4,66
02/23/2023,ITO,HI,AWP,WE,Combined TRACON& Tower with Radar,47,25,1,8,81,0,6,3,0,9,47,31,4,8,90,12,6,18,108
02/24/2023,ITO,HI,AWP,WE,Combined TRACON& Tower with Radar,43,6,0,4,53,0,9,6,0,15,43,15,6,4,68,10,0,10,78
02/25/2023,ITO,HI,AWP,WE,Combined TRACON& Tower with Radar,39,3,1,0,43,0,28,6,0,34,39,31,7,0,77,18,0,18,95
02/26/2023,ITO,HI,AWP,WE,Combined TRACON& Tower with Radar,39,2,2,0,43,0,22,2,0,24,39,24,4,0,67,14,0,14,81
02/27/2023,ITO,HI,AWP,WE,Combined TRACON& Tower with Radar,42,5,0,5,52,0,23,9,0,32,42,28,9,5,84,28,0,28,112
02/28/2023,ITO,HI,AWP,WE,Combined TRACON& Tower with Radar,48,9,0,8,65,0,6,2,0,8,48,15,2,8,73,6,18,24,97
03/01/2023,ITO,HI,AWP,WE,Combined TRACON& Tower with Radar,48,11,0,9,68,0,12,2,1,15,48,23,2,10,83,12,0,12,95
03/02/2023,ITO,HI,AWP,WE,Combined TRACON& Tower with Radar,45,8,0,5,58,0,9,1,0,10,45,17,1,5,68,2,0,2,70
03/03/2023,ITO,HI,AWP,WE,Combined TRACON& Tower with Radar,47,5,2,3,57,0,9,2,0,11,47,14,4,3,68,4,0,4,72
03/04/2023,ITO,HI,AWP,WE,Combined TRACON& Tower with Radar,40,6,1,2,49,0,22,2,9,33,40,28,3,11,82,12,10,22,104
03/05/2023,ITO,HI,AWP,WE,Combined TRACON& Tower with Radar,36,4,6,4,50,0,37,13,1,51,36,41,19,5,101,22,12,34,135
03/06/2023,ITO,HI,AWP,WE,Combined TRACON& Tower with Radar,45,12,0,0,57,0,46,10,0,56,45,58,10,0,113,29,1,30,143
03/07/2023,ITO,HI,AWP,WE,Combined TRACON& Tower with Radar,39,10,4,2,55,0,42,6,4,52,39,52,10,6,107,18,0,18,125
03/08/2023,ITO,HI,AWP,WE,Combined TRACON& Tower with Radar,42,5,1,0,48,0,25,3,2,30,42,30,4,2,78,8,4,12,90
03/09/2023,ITO,HI,AWP,WE,Combined TRACON& Tower with Radar,45,7,4,5,61,0,30,5,5,40,45,37,9,10,101,12,6,18,119
03/10/2023,ITO,HI,AWP,WE,Combined TRACON& Tower with Radar,45,10,1,1,57,0,39,12,0,51,45,49,13,1,108,12,0,12,120
03/11/2023,ITO,HI,AWP,WE,Combined TRACON& Tower with Radar,41,6,3,3,53,0,24,10,2,36,41,30,13,5,89,22,0,22,111
03/12/2023,ITO,HI,AWP,WE,Combined TRACON& Tower with Radar,39,5,2,4,50,0,12,3,0,15,39,17,5,4,65,14,0,14,79
03/13/2023,ITO,HI,AWP,WE,Combined TRACON& Tower with Radar,48,9,2,1,60,0,19,6,0,25,48,28,8,1,85,20,0,20,105
03/14/2023,ITO,HI,AWP,WE,Combined TRACON& Tower with Radar,44,6,5,4,59,0,57,8,1,66,44,63,13,5,125,38,0,38,163
03/15/2023,ITO,HI,AWP,WE,Combined TRACON& Tower with Radar,42,9,2,0,53,0,51,24,2,77,42,60,26,2,130,24,0,24,154
03/16/2023,ITO,HI,AWP,WE,Combined TRACON& Tower with Radar,46,12,0,1,59,0,59,4,0,63,46,71,4,1,122,18,0,18,140
03/17/2023,ITO,HI,AWP,WE,Combined TRACON& Tower with Radar,50,7,4,0,61,0,51,9,0,60,50,58,13,0,121,12,0,12,133
03/18/2023,ITO,HI,AWP,WE,Combined TRACON& Tower with Radar,40,6,2,1,49,0,31,10,0,41,40,37,12,1,90,69,0,69,159
03/19/2023,ITO,HI,AWP,WE,Combined TRACON& Tower with Radar,38,3,0,4,45,0,35,0,2,37,38,38,0,6,82,10,0,10,92
03/20/2023,ITO,HI,AWP,WE,Combined TRACON& Tower with Radar,43,7,0,0,50,0,36,5,0,41,43,43,5,0,91,20,0,20,111
03/21/2023,ITO,HI,AWP,WE,Combined TRACON& Tower with Radar,46,10,1,0,57,0,47,7,0,54,46,57,8,0,111,22,24,46,157
03/22/2023,ITO,HI,AWP,WE,Combined TRACON& Tower with Radar,45,7,0,3,55,0,0,4,0,4,45,7,4,3,59,0,0,0,59
03/23/2023,ITO,HI,AWP,WE,Combined TRACON& Tower with Radar,49,5,2,0,56,0,10,6,2,18,49,15,8,2,74,20,16,36,110
03/24/2023,ITO,HI,AWP,WE,Combined TRACON& Tower with Radar,47,5,3,0,55,0,39,3,0,42,47,44,6,0,97,18,0,18,115
03/25/2023,ITO,HI,AWP,WE,Combined TRACON& Tower with Radar,43,8,2,0,53,0,29,1,0,30,43,37,3,0,83,14,0,14,97
03/26/2023,ITO,HI,AWP,WE,Combined TRACON& Tower with Radar,40,2,1,1,44,0,24,5,0,29,40,26,6,1,73,49,0,49,122
03/27/2023,ITO,HI,AWP,WE,Combined TRACON& Tower with Radar,44,8,2,0,54,0,33,11,0,44,44,41,13,0,98,22,0,22,120
03/28/2023,ITO,HI,AWP,WE,Combined TRACON& Tower with Radar,47,10,1,6,64,0,27,6,2,35,47,37,7,8,99,18,4,22,121
03/29/2023,ITO,HI,AWP,WE,Combined TRACON& Tower with Radar,48,2,4,0,54,0,10,2,0,12,48,12,6,0,66,28,0,28,94
03/30/2023,ITO,HI,AWP,WE,Combined TRACON& Tower with Radar,46,9,4,3,62,0,17,1,0,18,46,26,5,3,80,12,20,32,112
03/31/2023,ITO,HI,AWP,WE,Combined TRACON& Tower with Radar,50,10,2,2,64,0,37,7,0,44,50,47,9,2,108,10,0,10,118
04/01/2023,ITO,HI,AWP,WE,Combined TRACON& Tower with Radar,40,5,0,2,47,0,30,3,0,33,40,35,3,2,80,14,0,14,94
04/02/2023,ITO,HI,AWP,WE,Combined TRACON& Tower with Radar,38,3,4,2,47,0,4,1,0,5,38,7,5,2,52,8,0,8,60
04/03/2023,ITO,HI,AWP,WE,Combined TRACON& Tower with Radar,46,4,1,4,55,0,29,3,0,32,46,33,4,4,87,34,8,42,129
04/04/2023,ITO,HI,AWP,WE,Combined TRACON& Tower with Radar,42,6,6,4,58,0,41,2,9,52,42,47,8,13,110,36,10,46,156
04/05/2023,ITO,HI,AWP,WE,Combined TRACON& Tower with Radar,49,10,0,4,63,0,24,4,7,35,49,34,4,11,98,10,30,40,138
04/06/2023,ITO,HI,AWP,WE,Combined TRACON& Tower with Radar,49,4,0,10,63,0,20,5,6,31,49,24,5,16,94,10,20,30,124
04/07/2023,ITO,HI,AWP,WE,Combined TRACON& Tower with Radar,57,5,4,1,67,0,31,4,0,35,57,36,8,1,102,42,0,42,144
04/08/2023,ITO,HI,AWP,WE,Combined TRACON& Tower with Radar,38,3,0,0,41,0,20,6,0,26,38,23,6,0,67,34,0,34,101
04/09/2023,ITO,HI,AWP,WE,Combined TRACON& Tower with Radar,40,0,0,0,40,0,13,4,0,17,40,13,4,0,57,6,0,6,63
04/10/2023,ITO,HI,AWP,WE,Combined TRACON& Tower with Radar,46,3,4,1,54,0,31,12,1,44,46,34,16,2,98,66,0,66,164
04/11/2023,ITO,HI,AWP,WE,Combined TRACON& Tower with Radar,49,11,2,1,63,0,38,7,1,46,49,49,9,2,109,10,24,34,143
04/12/2023,ITO,HI,AWP,WE,Combined TRACON& Tower with Radar,60,10,1,2,73,0,35,13,3,51,60,45,14,5,124,28,26,54,178
04/13/2023,ITO,HI,AWP,WE,Combined TRACON& Tower with Radar,56,10,7,0,73,0,9,4,0,13,56,19,11,0,86,20,0,20,106
04/14/2023,ITO,HI,AWP,WE,Combined TRACON& Tower with Radar,52,3,1,1,57,0,37,10,6,53,52,40,11,7,110,14,28,42,152
04/15/2023,ITO,HI,AWP,WE,Combined TRACON& Tower with Radar,45,7,1,0,53,0,28,16,3,47,45,35,17,3,100,42,18,60,160
04/16/2023,ITO,HI,AWP,WE,Combined TRACON& Tower with Radar,64,7,4,1,76,0,18,8,1,27,64,25,12,2,103,8,0,8,111
04/17/2023,ITO,HI,AWP,WE,Combined TRACON& Tower with Radar,56,7,6,3,72,0,32,13,1,46,56,39,19,4,118,24,6,30,148
04/18/2023,ITO,HI,AWP,WE,Combined TRACON& Tower with Radar,44,4,4,1,53,0,34,2,2,38,44,38,6,3,91,14,0,14,105
04/19/2023,ITO,HI,AWP,WE,Combined TRACON& Tower with Radar,43,17,1,8,69,0,0,3,0,3,43,17,4,8,72,0,12,12,84
04/20/2023,ITO,HI,AWP,WE,Combined TRACON& Tower with Radar,49,6,3,8,66,0,29,10,14,53,49,35,13,22,119,16,56,72,191
04/21/2023,ITO,HI,AWP,WE,Combined TRACON& Tower with Radar,52,10,3,6,71,0,20,10,0,30,52,30,13,6,101,36,0,36,137
04/22/2023,ITO,HI,AWP,WE,Combined TRACON& Tower with Radar,40,8,3,3,54,0,23,18,1,42,40,31,21,4,96,61,0,61,157
04/23/2023,ITO,HI,AWP,WE,Combined TRACON& Tower with Radar,39,1,0,3,43,0,14,10,2,26,39,15,10,5,69,8,10,18,87
04/24/2023,ITO,HI,AWP,WE,Combined TRACON& Tower with Radar,50,6,0,3,59,0,30,6,1,37,50,36,6,4,96,10,2,12,108
04/25/2023,ITO,HI,AWP,WE,Combined TRACON& Tower with Radar,40,9,2,0,51,0,33,14,3,50,40,42,16,3,101,12,32,44,145
04/26/2023,ITO,HI,AWP,WE,Combined TRACON& Tower with Radar,44,5,1,7,57,0,42,9,1,52,44,47,10,8,109,18,0,18,127
04/27/2023,ITO,HI,AWP,WE,Combined TRACON& Tower with Radar,50,6,2,5,63,0,35,16,7,58,50,41,18,12,121,12,40,52,173
04/28/2023,ITO,HI,AWP,WE,Combined TRACON& Tower with Radar,51,7,1,6,65,0,34,9,12,55,51,41,10,18,120,16,4,20,140
04/29/2023,ITO,HI,AWP,WE,Combined TRACON& Tower with Radar,50,7,3,1,61,0,3,2,1,6,50,10,5,2,67,0,0,0,67
04/30/2023,ITO,HI,AWP,WE,Combined TRACON& Tower with Radar,42,6,0,0,48,0,21,5,0,26,42,27,5,0,74,65,0,65,139
05/01/2023,ITO,HI,AWP,WE,Combined TRACON& Tower with Radar,42,9,0,0,51,0,26,11,0,37,42,35,11,0,88,40,0,40,128
05/02/2023,ITO,HI,AWP,WE,Combined TRACON& Tower with Radar,47,4,0,4,55,0,45,6,0,51,47,49,6,4,106,16,0,16,122
05/03/2023,ITO,HI,AWP,WE,Combined TRACON& Tower with Radar,47,7,0,4,58,0,35,13,2,50,47,42,13,6,108,10,0,10,118
05/04/2023,ITO,HI,AWP,WE,Combined TRACON& Tower with Radar,49,1,0,6,56,0,19,7,4,30,49,20,7,10,86,20,2,22,108
05/05/2023,ITO,HI,AWP,WE,Combined TRACON& Tower with Radar,47,6,0,5,58,0,26,4,2,32,47,32,4,7,90,8,0,8,98
05/06/2023,ITO,HI,AWP,WE,Combined TRACON& Tower with Radar,41,6,0,2,49,0,24,3,0,27,41,30,3,2,76,12,0,12,88
05/07/2023,ITO,HI,AWP,WE,Combined TRACON& Tower with Radar,40,6,0,4,50,0,16,8,0,24,40,22,8,4,74,10,0,10,84
05/08/2023,ITO,HI,AWP,WE,Combined TRACON& Tower with Radar,51,3,0,0,54,0,32,9,3,44,51,35,9,3,98,12,0,12,110
05/09/2023,ITO,HI,AWP,WE,Combined TRACON& Tower with Radar,41,11,2,3,57,0,9,2,3,14,41,20,4,6,71,4,20,24,95
05/10/2023,ITO,HI,AWP,WE,Combined TRACON& Tower with Radar,45,15,2,6,68,0,34,3,4,41,45,49,5,10,109,66,8,74,183
05/11/2023,ITO,HI,AWP,WE,Combined TRACON& Tower with Radar,50,6,0,7,63,0,27,3,3,33,50,33,3,10,96,12,0,12,108
05/12/2023,ITO,HI,AWP,WE,Combined TRACON& Tower with Radar,48,7,0,1,56,0,36,8,3,47,48,43,8,4,103,28,0,28,131
05/13/2023,ITO,HI,AWP,WE,Combined TRACON& Tower with Radar,46,9,0,0,55,0,15,6,0,21,46,24,6,0,76,28,0,28,104
05/14/2023,ITO,HI,AWP,WE,Combined TRACON& Tower with Radar,41,5,1,0,47,0,24,3,0,27,41,29,4,0,74,22,0,22,96
05/15/2023,ITO,HI,AWP,WE,Combined TRACON& Tower with Radar,47,20,6,1,74,0,6,4,0,10,47,26,10,1,84,8,0,8,92
05/16/2023,ITO,HI,AWP,WE,Combined TRACON& Tower with Radar,43,19,8,2,72,0,30,10,0,40,43,49,18,2,112,22,0,22,134
05/17/2023,ITO,HI,AWP,WE,Combined TRACON& Tower with Radar,51,6,1,6,64,0,9,6,0,15,51,15,7,6,79,2,0,2,81
05/18/2023,ITO,HI,AWP,WE,Combined TRACON& Tower with Radar,50,6,0,3,59,0,29,13,1,43,50,35,13,4,102,14,2,16,118
05/19/2023,ITO,HI,AWP,WE,Combined TRACON& Tower with Radar,50,4,3,1,58,0,23,6,0,29,50,27,9,1,87,18,0,18,105
05/20/2023,ITO,HI,AWP,WE,Combined TRACON& Tower with Radar,44,4,4,0,52,0,18,11,0,29,44,22,15,0,81,10,0,10,91
05/21/2023,ITO,HI,AWP,WE,Combined TRACON& Tower with Radar,43,7,7,0,57,0,21,2,0,23,43,28,9,0,80,9,0,9,89
05/22/2023,ITO,HI,AWP,WE,Combined TRACON& Tower with Radar,46,2,1,0,49,0,10,4,0,14,46,12,5,0,63,18,0,18,81
05/23/2023,ITO,HI,AWP,WE,Combined TRACON& Tower with Radar,42,12,2,4,60,0,37,5,4,46,42,49,7,8,106,26,0,26,132
05/24/2023,ITO,HI,AWP,WE,Combined TRACON& Tower with Radar,47,10,2,5,64,0,40,13,0,53,47,50,15,5,117,14,0,14,131
05/25/2023,ITO,HI,AWP,WE,Combined TRACON& Tower with Radar,42,10,1,3,56,0,30,6,2,38,42,40,7,5,94,14,0,14,108
05/26/2023,ITO,HI,AWP,WE,Combined TRACON& Tower with Radar,53,8,3,2,66,0,24,4,0,28,53,32,7,2,94,26,0,26,120
05/27/2023,ITO,HI,AWP,WE,Combined TRACON& Tower with Radar,46,9,2,0,57,0,33,4,0,37,46,42,6,0,94,14,0,14,108
05/28/2023,ITO,HI,AWP,WE,Combined TRACON& Tower with Radar,41,3,0,0,44,0,13,10,0,23,41,16,10,0,67,20,0,20,87
05/29/2023,ITO,HI,AWP,WE,Combined TRACON& Tower with Radar,48,4,5,0,57,0,34,7,0,41,48,38,12,0,98,12,0,12,110
05/30/2023,ITO,HI,AWP,WE,Combined TRACON& Tower with Radar,47,13,3,2,65,0,33,12,3,48,47,46,15,5,113,18,8,26,139
05/31/2023,ITO,HI,AWP,WE,Combined TRACON& Tower with Radar,47,7,1,0,55,0,26,6,2,34,47,33,7,2,89,44,2,46,135
06/01/2023,ITO,HI,AWP,WE,Combined TRACON& Tower with Radar,52,11,1,2,66,0,12,8,0,20,52,23,9,2,86,8,0,8,94
06/02/2023,ITO,HI,AWP,WE,Combined TRACON& Tower with Radar,52,7,2,5,66,0,36,3,0,39,52,43,5,5,105,16,0,16,121
06/03/2023,ITO,HI,AWP,WE,Combined TRACON& Tower with Radar,46,4,1,6,57,0,49,7,0,56,46,53,8,6,113,16,0,16,129
06/04/2023,ITO,HI,AWP,WE,Combined TRACON& Tower with Radar,44,5,2,3,54,0,26,5,0,31,44,31,7,3,85,6,0,6,91
06/05/2023,ITO,HI,AWP,WE,Combined TRACON& Tower with Radar,46,4,0,0,50,0,34,17,0,51,46,38,17,0,101,32,0,32,133
06/06/2023,ITO,HI,AWP,WE,Combined TRACON& Tower with Radar,47,11,2,4,64,0,45,11,3,59,47,56,13,7,123,20,0,20,143
06/07/2023,ITO,HI,AWP,WE,Combined TRACON& Tower with Radar,42,6,3,2,53,0,50,12,1,63,42,56,15,3,116,34,4,38,154
06/08/2023,ITO,HI,AWP,WE,Combined TRACON& Tower with Radar,55,7,2,4,68,0,47,9,0,56,55,54,11,4,124,26,0,26,150
06/09/2023,ITO,HI,AWP,WE,Combined TRACON& Tower with Radar,52,8,3,0,63,0,60,13,0,73,52,68,16,0,136,59,0,59,195
06/10/2023,ITO,HI,AWP,WE,Combined TRACON& Tower with Radar,47,3,1,1,52,0,47,8,0,55,47,50,9,1,107,12,0,12,119
06/11/2023,ITO,HI,AWP,WE,Combined TRACON& Tower with Radar,44,2,0,1,47,0,25,3,2,30,44,27,3,3,77,8,0,8,85
06/12/2023,ITO,HI,AWP,WE,Combined TRACON& Tower with Radar,51,8,0,0,59,0,44,7,0,51,51,52,7,0,110,22,0,22,132
06/13/2023,ITO,HI,AWP,WE,Combined TRACON& Tower with Radar,41,11,2,2,56,0,63,12,0,75,41,74,14,2,131,70,0,70,201
06/14/2023,ITO,HI,AWP,WE,Combined TRACON& Tower with Radar,45,7,2,9,63,0,56,13,7,76,45,63,15,16,139,52,0,52,191
06/15/2023,ITO,HI,AWP,WE,Combined TRACON& Tower with Radar,49,4,1,2,56,0,62,10,0,72,49,66,11,2,128,14,0,14,142
06/16/2023,ITO,HI,AWP,WE,Combined TRACON& Tower with Radar,51,9,0,0,60,0,42,10,0,52,51,51,10,0,112,22,0,22,134
06/17/2023,ITO,HI,AWP,WE,Combined TRACON& Tower with Radar,46,12,2,0,60,0,66,4,0,70,46,78,6,0,130,22,0,22,152
06/18/2023,ITO,HI,AWP,WE,Combined TRACON& Tower with Radar,45,1,0,0,46,0,19,16,0,35,45,20,16,0,81,6,0,6,87
06/19/2023,ITO,HI,AWP,WE,Combined TRACON& Tower with Radar,56,6,2,0,64,0,39,8,0,47,56,45,10,0,111,32,0,32,143
06/20/2023,ITO,HI,AWP,WE,Combined TRACON& Tower with Radar,46,8,9,2,65,0,62,5,0,67,46,70,14,2,132,20,0,20,152
06/21/2023,ITO,HI,AWP,WE,Combined TRACON& Tower with Radar,45,9,2,2,58,0,56,13,1,70,45,65,15,3,128,34,0,34,162
06/22/2023,ITO,HI,AWP,WE,Combined TRACON& Tower with Radar,55,6,1,0,62,0,64,4,0,68,55,70,5,0,130,46,0,46,176
06/23/2023,ITO,HI,AWP,WE,Combined TRACON& Tower with Radar,58,7,0,2,67,0,39,6,0,45,58,46,6,2,112,42,0,42,154
06/24/2023,ITO,HI,AWP,WE,Combined TRACON& Tower with Radar,44,4,1,0,49,0,42,2,0,44,44,46,3,0,93,20,0,20,113
06/25/2023,ITO,HI,AWP,WE,Combined TRACON& Tower with Radar,40,0,3,0,43,0,17,5,0,22,40,17,8,0,65,4,0,4,69
06/26/2023,ITO,HI,AWP,WE,Combined TRACON& Tower with Radar,50,5,0,0,55,0,41,5,0,46,50,46,5,0,101,18,0,18,119
06/27/2023,ITO,HI,AWP,WE,Combined TRACON& Tower with Radar,49,6,3,8,66,0,16,6,3,25,49,22,9,11,91,28,6,34,125
06/28/2023,ITO,HI,AWP,WE,Combined TRACON& Tower with Radar,47,3,0,2,52,0,56,6,0,62,47,59,6,2,114,22,0,22,136
06/29/2023,ITO,HI,AWP,WE,Combined TRACON& Tower with Radar,56,8,1,7,72,0,57,2,1,60,56,65,3,8,132,16,14,30,162
06/30/2023,ITO,HI,AWP,WE,Combined TRACON& Tower with Radar,58,5,1,6,70,0,36,9,0,45,58,41,10,6,115,18,0,18,133
07/01/2023,ITO,HI,AWP,WE,Combined TRACON& Tower with Radar,46,3,0,0,49,0,43,2,0,45,46,46,2,0,94,8,0,8,102
07/02/2023,ITO,HI,AWP,WE,Combined TRACON& Tower with Radar,44,7,2,1,54,0,28,4,2,34,44,35,6,3,88,22,0,22,110
07/03/2023,ITO,HI,AWP,WE,Combined TRACON& Tower with Radar,49,5,0,4,58,0,40,2,0,42,49,45,2,4,100,16,0,16,116
07/04/2023,ITO,HI,AWP,WE,Combined TRACON& Tower with Radar,44,6,2,0,52,0,59,0,0,59,44,65,2,0,111,12,0,12,123
07/05/2023,ITO,HI,AWP,WE,Combined TRACON& Tower with Radar,43,10,1,4,58,0,49,12,1,62,43,59,13,5,120,16,2,18,138
07/06/2023,ITO,HI,AWP,WE,Combined TRACON& Tower with Radar,56,7,2,2,67,0,27,11,0,38,56,34,13,2,105,18,0,18,123
07/07/2023,ITO,HI,AWP,WE,Combined TRACON& Tower with Radar,56,15,5,2,78,0,37,1,0,38,56,52,6,2,116,10,0,10,126
07/08/2023,ITO,HI,AWP,WE,Combined TRACON& Tower with Radar,40,11,1,4,56,0,19,1,0,20,40,30,2,4,76,12,0,12,88
07/09/2023,ITO,HI,AWP,WE,Combined TRACON& Tower with Radar,44,5,4,1,54,0,34,4,2,40,44,39,8,3,94,22,2,24,118
07/10/2023,ITO,HI,AWP,WE,Combined TRACON& Tower with Radar,51,9,0,4,64,0,44,14,8,66,51,53,14,12,130,20,0,20,150
07/11/2023,ITO,HI,AWP,WE,Combined TRACON& Tower with Radar,47,10,4,6,67,0,44,9,5,58,47,54,13,11,125,18,0,18,143
07/12/2023,ITO,HI,AWP,WE,Combined TRACON& Tower with Radar,49,11,2,9,71,0,61,8,8,77,49,72,10,17,148,16,0,16,164
07/13/2023,ITO,HI,AWP,WE,Combined TRACON& Tower with Radar,53,13,2,2,70,0,27,2,2,31,53,40,4,4,101,10,0,10,111
07/14/2023,ITO,HI,AWP,WE,Combined TRACON& Tower with Radar,53,4,0,4,61,0,43,15,3,61,53,47,15,7,122,6,2,8,130
07/15/2023,ITO,HI,AWP,WE,Combined TRACON& Tower with Radar,46,10,1,2,59,0,43,2,4,49,46,53,3,6,108,12,0,12,120
07/16/2023,ITO,HI,AWP,WE,Combined TRACON& Tower with Radar,45,2,7,0,54,0,36,3,2,41,45,38,10,2,95,8,0,8,103
07/17/2023,ITO,HI,AWP,WE,Combined TRACON& Tower with Radar,55,7,0,12,74,0,45,8,1,54,55,52,8,13,128,28,2,30,158
07/18/2023,ITO,HI,AWP,WE,Combined TRACON& Tower with Radar,51,4,8,3,66,0,33,0,0,33,51,37,8,3,99,36,4,40,139
07/19/2023,ITO,HI,AWP,WE,Combined TRACON& Tower with Radar,51,6,0,2,59,0,0,0,0,0,51,6,0,2,59,0,0,0,59
07/20/2023,ITO,HI,AWP,WE,Combined TRACON& Tower with Radar,56,14,3,8,81,0,23,11,0,34,56,37,14,8,115,32,0,32,147
07/21/2023,ITO,HI,AWP,WE,Combined TRACON& Tower with Radar,53,10,1,1,65,0,53,14,0,67,53,63,15,1,132,16,0,16,148
07/22/2023,ITO,HI,AWP,WE,Combined TRACON& Tower with Radar,46,5,1,2,54,0,37,4,0,41,46,42,5,2,95,12,0,12,107
07/23/2023,ITO,HI,AWP,WE,Combined TRACON& Tower with Radar,47,1,0,4,52,0,26,2,1,29,47,27,2,5,81,6,0,6,87
07/24/2023,ITO,HI,AWP,WE,Combined TRACON& Tower with Radar,53,4,2,4,63,0,48,10,0,58,53,52,12,4,121,10,0,10,131
07/25/2023,ITO,HI,AWP,WE,Combined TRACON& Tower with Radar,46,8,0,0,54,0,52,10,0,62,46,60,10,0,116,52,0,52,168
07/26/2023,ITO,HI,AWP,WE,Combined TRACON& Tower with Radar,49,6,2,2,59,0,48,5,0,53,49,54,7,2,112,38,0,38,150
07/27/2023,ITO,HI,AWP,WE,Combined TRACON& Tower with Radar,54,9,1,10,74,0,44,9,3,56,54,53,10,13,130,62,16,78,208
07/28/2023,ITO,HI,AWP,WE,Combined TRACON& Tower with Radar,59,5,4,1,69,0,42,11,1,54,59,47,15,2,123,54,22,76,199
07/29/2023,ITO,HI,AWP,WE,Combined TRACON& Tower with Radar,51,5,4,2,62,0,41,6,2,49,51,46,10,4,111,10,0,10,121
07/30/2023,ITO,HI,AWP,WE,Combined TRACON& Tower with Radar,45,2,1,0,48,0,31,4,9,44,45,33,5,9,92,20,0,20,112
07/31/2023,ITO,HI,AWP,WE,Combined TRACON& Tower with Radar,44,3,2,1,50,0,41,13,0,54,44,44,15,1,104,28,0,28,132
08/01/2023,ITO,HI,AWP,WE,Combined TRACON& Tower with Radar,50,7,1,2,60,0,56,9,2,67,50,63,10,4,127,34,4,38,165
08/02/2023,ITO,HI,AWP,WE,Combined TRACON& Tower with Radar,50,7,4,9,70,0,35,12,0,47,50,42,16,9,117,36,0,36,153
08/03/2023,ITO,HI,AWP,WE,Combined TRACON& Tower with Radar,52,6,1,3,62,0,44,9,0,53,52,50,10,3,115,18,0,18,133
08/04/2023,ITO,HI,AWP,WE,Combined TRACON& Tower with Radar,57,6,4,2,69,0,35,15,0,50,57,41,19,2,119,22,0,22,141
08/05/2023,ITO,HI,AWP,WE,Combined TRACON& Tower with Radar,50,6,1,10,67,0,28,7,0,35,50,34,8,10,102,18,0,18,120
08/06/2023,ITO,HI,AWP,WE,Combined TRACON& Tower with Radar,48,2,0,6,56,0,26,4,0,30,48,28,4,6,86,10,0,10,96
08/07/2023,ITO,HI,AWP,WE,Combined TRACON& Tower with Radar,53,10,1,3,67,0,36,8,2,46,53,46,9,5,113,46,2,48,161
08/08/2023,ITO,HI,AWP,WE,Combined TRACON& Tower with Radar,53,2,1,5,61,0,44,10,9,63,53,46,11,14,124,42,0,42,166
08/09/2023,ITO,HI,AWP,WE,Combined TRACON& Tower with Radar,50,7,1,4,62,0,32,6,6,44,50,39,7,10,106,24,0,24,130
08/10/2023,ITO,HI,AWP,WE,Combined TRACON& Tower with Radar,51,5,4,8,68,0,38,7,0,45,51,43,11,8,113,32,2,34,147
08/11/2023,ITO,HI,AWP,WE,Combined TRACON& Tower with Radar,53,8,0,4,65,0,21,4,8,33,53,29,4,12,98,85,0,85,183
08/12/2023,ITO,HI,AWP,WE,Combined TRACON& Tower with Radar,51,2,1,2,56,0,37,12,7,56,51,39,13,9,112,48,0,48,160
08/13/2023,ITO,HI,AWP,WE,Combined TRACON& Tower with Radar,49,5,3,4,61,0,21,10,0,31,49,26,13,4,92,18,0,18,110
08/14/2023,ITO,HI,AWP,WE,Combined TRACON& Tower with Radar,53,6,1,6,66,0,46,12,0,58,53,52,13,6,124,68,0,68,192
08/15/2023,ITO,HI,AWP,WE,Combined TRACON& Tower with Radar,46,3,8,6,63,0,46,6,0,52,46,49,14,6,115,58,0,58,173
08/16/2023,ITO,HI,AWP,WE,Combined TRACON& Tower with Radar,47,6,0,1,54,0,42,8,0,50,47,48,8,1,104,64,0,64,168
08/17/2023,ITO,HI,AWP,WE,Combined TRACON& Tower with Radar,54,13,2,1,70,0,40,11,3,54,54,53,13,4,124,50,10,60,184
08/18/2023,ITO,HI,AWP,WE,Combined TRACON& Tower with Radar,50,3,2,1,56,0,36,8,0,44,50,39,10,1,100,48,0,48,148
08/19/2023,ITO,HI,AWP,WE,Combined TRACON& Tower with Radar,43,5,0,0,48,0,26,12,1,39,43,31,12,1,87,16,0,16,103
08/20/2023,ITO,HI,AWP,WE,Combined TRACON& Tower with Radar,43,1,3,0,47,0,15,6,0,21,43,16,9,0,68,28,0,28,96
08/21/2023,ITO,HI,AWP,WE,Combined TRACON& Tower with Radar,49,3,3,8,63,0,10,7,0,17,49,13,10,8,80,18,0,18,98
08/22/2023,ITO,HI,AWP,WE,Combined TRACON& Tower with Radar,54,17,3,6,80,0,45,11,1,57,54,62,14,7,137,34,50,84,221
08/23/2023,ITO,HI,AWP,WE,Combined TRACON& Tower with Radar,46,9,1,5,61,4,22,6,2,34,50,31,7,7,95,37,0,37,132
08/24/2023,ITO,HI,AWP,WE,Combined TRACON& Tower with Radar,52,5,1,4,62,0,23,12,0,35,52,28,13,4,97,60,0,60,157
08/25/2023,ITO,HI,AWP,WE,Combined TRACON& Tower with Radar,56,5,0,2,63,0,43,6,0,49,56,48,6,2,112,36,0,36,148
08/26/2023,ITO,HI,AWP,WE,Combined TRACON& Tower with Radar,45,9,1,2,57,0,15,13,0,28,45,24,14,2,85,24,0,24,109
08/27/2023,ITO,HI,AWP,WE,Combined TRACON& Tower with Radar,46,4,2,0,52,0,21,4,0,25,46,25,6,0,77,22,0,22,99
08/28/2023,ITO,HI,AWP,WE,Combined TRACON& Tower with Radar,52,3,0,2,57,0,15,4,0,19,52,18,4,2,76,13,0,13,89
08/29/2023,ITO,HI,AWP,WE,Combined TRACON& Tower with Radar,50,7,1,0,58,0,31,12,0,43,50,38,13,0,101,48,0,48,149
08/30/2023,ITO,HI,AWP,WE,Combined TRACON& Tower with Radar,50,10,2,5,67,0,33,5,6,44,50,43,7,11,111,18,18,36,147
08/31/2023,ITO,HI,AWP,WE,Combined TRACON& Tower with Radar,58,5,0,0,63,0,30,14,0,44,58,35,14,0,107,18,0,18,125
01/01/2020,ITO,HI,AWP,WE,Combined TRACON& Tower with Radar,39,8,4,0,51,0,0,65,4,69,39,8,69,4,120,30,0,30,150
01/02/2020,ITO,HI,AWP,WE,Combined TRACON& Tower with Radar,45,8,1,3,57,0,0,77,6,83,45,8,78,9,140,24,28,52,192
01/03/2020,ITO,HI,AWP,WE,Combined TRACON& Tower with Radar,50,6,5,8,69,0,0,76,2,78,50,6,81,10,147,30,4,34,181
01/04/2020,ITO,HI,AWP,WE,Combined TRACON& Tower with Radar,40,14,3,0,57,0,0,39,0,39,40,14,42,0,96,14,0,14,110
01/05/2020,ITO,HI,AWP,WE,Combined TRACON& Tower with Radar,39,7,0,0,46,0,2,39,0,41,39,9,39,0,87,20,0,20,107
01/06/2020,ITO,HI,AWP,WE,Combined TRACON& Tower with Radar,48,5,0,1,54,0,0,48,0,48,48,5,48,1,102,18,0,18,120
01/07/2020,ITO,HI,AWP,WE,Combined TRACON& Tower with Radar,44,16,2,1,63,0,3,56,0,59,44,19,58,1,122,42,20,62,184
01/08/2020,ITO,HI,AWP,WE,Combined TRACON& Tower with Radar,40,10,0,8,58,0,0,31,3,34,40,10,31,11,92,20,6,26,118
01/09/2020,ITO,HI,AWP,WE,Combined TRACON& Tower with Radar,51,7,4,3,65,0,1,25,0,26,51,8,29,3,91,10,0,10,101
01/10/2020,ITO,HI,AWP,WE,Combined TRACON& Tower with Radar,44,8,0,0,52,0,0,29,0,29,44,8,29,0,81,14,0,14,95
01/11/2020,ITO,HI,AWP,WE,Combined TRACON& Tower with Radar,34,11,3,2,50,0,1,25,4,30,34,12,28,6,80,14,2,16,96
01/12/2020,ITO,HI,AWP,WE,Combined TRACON& Tower with Radar,37,2,0,3,42,0,0,0,0,0,37,2,0,3,42,0,0,0,42
01/13/2020,ITO,HI,AWP,WE,Combined TRACON& Tower with Radar,40,9,0,0,49,0,0,12,0,12,40,9,12,0,61,14,0,14,75
01/14/2020,ITO,HI,AWP,WE,Combined TRACON& Tower with Radar,40,6,5,6,57,0,1,61,2,64,40,7,66,8,121,52,12,64,185
01/15/2020,ITO,HI,AWP,WE,Combined TRACON& Tower with Radar,40,7,2,3,52,0,0,32,3,35,40,7,34,6,87,18,0,18,105
01/16/2020,ITO,HI,AWP,WE,Combined TRACON& Tower with Radar,43,15,2,1,61,0,2,2,4,8,43,17,4,5,69,0,22,22,91
01/17/2020,ITO,HI,AWP,WE,Combined TRACON& Tower with Radar,43,11,2,1,57,0,0,31,0,31,43,11,33,1,88,28,0,28,116
01/18/2020,ITO,HI,AWP,WE,Combined TRACON& Tower with Radar,32,6,5,1,44,0,4,51,1,56,32,10,56,2,100,38,0,38,138
01/19/2020,ITO,HI,AWP,WE,Combined TRACON& Tower with Radar,39,9,2,0,50,0,0,46,0,46,39,9,48,0,96,28,0,28,124
01/20/2020,ITO,HI,AWP,WE,Combined TRACON& Tower with Radar,50,5,1,1,57,0,1,48,0,49,50,6,49,1,106,16,0,16,122
01/21/2020,ITO,HI,AWP,WE,Combined TRACON& Tower with Radar,45,7,1,1,54,0,0,65,2,67,45,7,66,3,121,24,2,26,147
01/22/2020,ITO,HI,AWP,WE,Combined TRACON& Tower with Radar,49,12,1,5,67,0,0,57,2,59,49,12,58,7,126,24,0,24,150
01/23/2020,ITO,HI,AWP,WE,Combined TRACON& Tower with Radar,51,13,3,2,69,0,0,43,5,48,51,13,46,7,117,14,14,28,145
01/24/2020,ITO,HI,AWP,WE,Combined TRACON& Tower with Radar,58,9,1,0,68,0,0,48,0,48,58,9,49,0,116,26,0,26,142
01/25/2020,ITO,HI,AWP,WE,Combined TRACON& Tower with Radar,41,9,4,4,58,0,0,51,0,51,41,9,55,4,109,22,4,26,135
01/26/2020,ITO,HI,AWP,WE,Combined TRACON& Tower with Radar,46,1,3,0,50,0,1,66,1,68,46,2,69,1,118,24,0,24,142
01/27/2020,ITO,HI,AWP,WE,Combined TRACON& Tower with Radar,47,9,0,2,58,0,0,55,6,61,47,9,55,8,119,14,12,26,145
01/28/2020,ITO,HI,AWP,WE,Combined TRACON& Tower with Radar,49,11,1,4,65,0,0,54,4,58,49,11,55,8,123,34,18,52,175
01/29/2020,ITO,HI,AWP,WE,Combined TRACON& Tower with Radar,46,6,0,8,60,0,1,49,1,51,46,7,49,9,111,24,0,24,135
01/30/2020,ITO,HI,AWP,WE,Combined TRACON& Tower with Radar,52,6,1,5,64,0,0,40,2,42,52,6,41,7,106,22,0,22,128
01/31/2020,ITO,HI,AWP,WE,Combined TRACON& Tower with Radar,56,5,0,0,61,0,0,43,0,43,56,5,43,0,104,16,0,16,120
02/01/2020,ITO,HI,AWP,WE,Combined TRACON& Tower with Radar,43,9,2,0,54,0,1,38,0,39,43,10,40,0,93,16,0,16,109
02/02/2020,ITO,HI,AWP,WE,Combined TRACON& Tower with Radar,43,2,0,0,45,0,0,21,0,21,43,2,21,0,66,27,0,27,93
02/03/2020,ITO,HI,AWP,WE,Combined TRACON& Tower with Radar,51,12,0,2,65,0,0,33,0,33,51,12,33,2,98,34,0,34,132
02/04/2020,ITO,HI,AWP,WE,Combined TRACON& Tower with Radar,48,10,9,3,70,0,0,65,4,69,48,10,74,7,139,24,8,32,171
02/05/2020,ITO,HI,AWP,WE,Combined TRACON& Tower with Radar,48,11,2,0,61,0,3,26,0,29,48,14,28,0,90,12,0,12,102
02/06/2020,ITO,HI,AWP,WE,Combined TRACON& Tower with Radar,49,9,1,12,71,0,0,22,2,24,49,9,23,14,95,46,0,46,141
02/07/2020,ITO,HI,AWP,WE,Combined TRACON& Tower with Radar,52,7,5,2,66,0,0,37,2,39,52,7,42,4,105,48,4,52,157
02/08/2020,ITO,HI,AWP,WE,Combined TRACON& Tower with Radar,49,7,3,2,61,0,2,37,5,44,49,9,40,7,105,24,0,24,129
02/09/2020,ITO,HI,AWP,WE,Combined TRACON& Tower with Radar,43,7,1,3,54,0,0,33,2,35,43,7,34,5,89,20,0,20,109
02/10/2020,ITO,HI,AWP,WE,Combined TRACON& Tower with Radar,52,7,1,0,60,0,0,37,0,37,52,7,38,0,97,32,0,32,129
02/11/2020,ITO,HI,AWP,WE,Combined TRACON& Tower with Radar,50,15,5,0,70,0,0,53,2,55,50,15,58,2,125,46,22,68,193
02/12/2020,ITO,HI,AWP,WE,Combined TRACON& Tower with Radar,48,9,5,2,64,0,0,41,4,45,48,9,46,6,109,12,4,16,125
02/13/2020,ITO,HI,AWP,WE,Combined TRACON& Tower with Radar,46,10,4,5,65,0,0,35,5,40,46,10,39,10,105,4,34,38,143
02/14/2020,ITO,HI,AWP,WE,Combined TRACON& Tower with Radar,55,12,0,2,69,0,0,46,10,56,55,12,46,12,125,18,0,18,143
02/15/2020,ITO,HI,AWP,WE,Combined TRACON& Tower with Radar,40,4,0,0,44,0,0,30,1,31,40,4,30,1,75,16,0,16,91
02/16/2020,ITO,HI,AWP,WE,Combined TRACON& Tower with Radar,41,4,0,0,45,0,0,42,0,42,41,4,42,0,87,46,0,46,133
02/17/2020,ITO,HI,AWP,WE,Combined TRACON& Tower with Radar,56,7,1,0,64,0,2,55,0,57,56,9,56,0,121,30,0,30,151
02/18/2020,ITO,HI,AWP,WE,Combined TRACON& Tower with Radar,47,12,2,1,62,0,0,71,1,72,47,12,73,2,134,18,8,26,160
02/19/2020,ITO,HI,AWP,WE,Combined TRACON& Tower with Radar,51,14,1,3,69,0,0,41,4,45,51,14,42,7,114,22,8,30,144
02/20/2020,ITO,HI,AWP,WE,Combined TRACON& Tower with Radar,51,10,2,0,63,0,0,43,2,45,51,10,45,2,108,18,12,30,138
02/21/2020,ITO,HI,AWP,WE,Combined TRACON& Tower with Radar,55,11,6,0,72,0,2,36,0,38,55,13,42,0,110,20,0,20,130
02/22/2020,ITO,HI,AWP,WE,Combined TRACON& Tower with Radar,40,4,1,0,45,0,2,27,0,29,40,6,28,0,74,14,0,14,88
02/23/2020,ITO,HI,AWP,WE,Combined TRACON& Tower with Radar,43,17,2,0,62,0,2,34,0,36,43,19,36,0,98,16,0,16,114
02/24/2020,ITO,HI,AWP,WE,Combined TRACON& Tower with Radar,50,8,2,0,60,0,0,29,0,29,50,8,31,0,89,12,0,12,101
02/25/2020,ITO,HI,AWP,WE,Combined TRACON& Tower with Radar,50,14,5,4,73,0,0,56,2,58,50,14,61,6,131,18,10,28,159
02/26/2020,ITO,HI,AWP,WE,Combined TRACON& Tower with Radar,49,10,2,8,69,0,0,28,4,32,49,10,30,12,101,16,26,42,143
02/27/2020,ITO,HI,AWP,WE,Combined TRACON& Tower with Radar,46,12,2,5,65,0,0,44,2,46,46,12,46,7,111,40,22,62,173
02/28/2020,ITO,HI,AWP,WE,Combined TRACON& Tower with Radar,54,6,0,2,62,0,0,19,0,19,54,6,19,2,81,14,0,14,95
02/29/2020,ITO,HI,AWP,WE,Combined TRACON& Tower with Radar,40,8,3,1,52,0,2,23,2,27,40,10,26,3,79,24,0,24,103
03/01/2020,ITO,HI,AWP,WE,Combined TRACON& Tower with Radar,43,2,3,1,49,0,0,24,0,24,43,2,27,1,73,18,0,18,91
03/02/2020,ITO,HI,AWP,WE,Combined TRACON& Tower with Radar,52,9,3,0,64,0,0,33,0,33,52,9,36,0,97,30,0,30,127
03/03/2020,ITO,HI,AWP,WE,Combined TRACON& Tower with Radar,55,7,19,5,86,0,0,1,0,1,55,7,20,5,87,16,0,16,103
03/04/2020,ITO,HI,AWP,WE,Combined TRACON& Tower with Radar,50,8,2,5,65,0,1,29,2,32,50,9,31,7,97,54,0,54,151
03/05/2020,ITO,HI,AWP,WE,Combined TRACON& Tower with Radar,53,14,3,0,70,0,2,29,2,33,53,16,32,2,103,46,10,56,159
03/06/2020,ITO,HI,AWP,WE,Combined TRACON& Tower with Radar,58,9,1,4,72,0,0,17,0,17,58,9,18,4,89,28,0,28,117
03/07/2020,ITO,HI,AWP,WE,Combined TRACON& Tower with Radar,44,8,3,2,57,0,0,27,1,28,44,8,30,3,85,30,10,40,125
03/08/2020,ITO,HI,AWP,WE,Combined TRACON& Tower with Radar,40,11,3,2,56,0,0,34,0,34,40,11,37,2,90,10,0,10,100
03/09/2020,ITO,HI,AWP,WE,Combined TRACON& Tower with Radar,57,6,0,3,66,0,0,30,0,30,57,6,30,3,96,38,10,48,144
03/10/2020,ITO,HI,AWP,WE,Combined TRACON& Tower with Radar,54,7,2,9,72,0,0,68,4,72,54,7,70,13,144,36,2,38,182
03/11/2020,ITO,HI,AWP,WE,Combined TRACON& Tower with Radar,49,10,4,3,66,0,0,68,2,70,49,10,72,5,136,34,8,42,178
03/12/2020,ITO,HI,AWP,WE,Combined TRACON& Tower with Radar,56,4,5,8,73,0,0,33,2,35,56,4,38,10,108,40,12,52,160
03/13/2020,ITO,HI,AWP,WE,Combined TRACON& Tower with Radar,56,6,3,0,65,0,0,24,2,26,56,6,27,2,91,26,2,28,119
03/14/2020,ITO,HI,AWP,WE,Combined TRACON& Tower with Radar,42,5,0,7,54,0,0,9,2,11,42,5,9,9,65,22,0,22,87
03/15/2020,ITO,HI,AWP,WE,Combined TRACON& Tower with Radar,42,3,2,0,47,0,0,11,0,11,42,3,13,0,58,20,0,20,78
03/16/2020,ITO,HI,AWP,WE,Combined TRACON& Tower with Radar,52,8,0,5,65,0,1,29,0,30,52,9,29,5,95,36,0,36,131
03/17/2020,ITO,HI,AWP,WE,Combined TRACON& Tower with Radar,58,10,1,0,69,0,0,7,0,7,58,10,8,0,76,30,0,30,106
03/18/2020,ITO,HI,AWP,WE,Combined TRACON& Tower with Radar,55,11,2,1,69,0,4,18,0,22,55,15,20,1,91,16,0,16,107
03/19/2020,ITO,HI,AWP,WE,Combined TRACON& Tower with Radar,52,10,3,2,67,0,0,27,3,30,52,10,30,5,97,14,22,36,133
03/20/2020,ITO,HI,AWP,WE,Combined TRACON& Tower with Radar,54,6,2,6,68,0,0,13,0,13,54,6,15,6,81,8,8,16,97
03/21/2020,ITO,HI,AWP,WE,Combined TRACON& Tower with Radar,43,3,1,0,47,0,0,2,0,2,43,3,3,0,49,0,0,0,49
03/22/2020,ITO,HI,AWP,WE,Combined TRACON& Tower with Radar,41,2,1,0,44,0,2,0,0,2,41,4,1,0,46,2,0,2,48
03/23/2020,ITO,HI,AWP,WE,Combined TRACON& Tower with Radar,50,12,0,0,62,0,0,0,0,0,50,12,0,0,62,2,0,2,64
03/24/2020,ITO,HI,AWP,WE,Combined TRACON& Tower with Radar,45,4,2,4,55,0,0,23,5,28,45,4,25,9,83,10,14,24,107
03/25/2020,ITO,HI,AWP,WE,Combined TRACON& Tower with Radar,47,4,2,1,54,0,0,0,1,1,47,4,2,2,55,0,0,0,55
03/26/2020,ITO,HI,AWP,WE,Combined TRACON& Tower with Radar,45,15,15,4,79,0,0,1,0,1,45,15,16,4,80,0,34,34,114
03/27/2020,ITO,HI,AWP,WE,Combined TRACON& Tower with Radar,40,6,3,0,49,0,0,0,0,0,40,6,3,0,49,0,0,0,49
03/28/2020,ITO,HI,AWP,WE,Combined TRACON& Tower with Radar,25,6,2,0,33,0,0,2,0,2,25,6,4,0,35,0,0,0,35
03/29/2020,ITO,HI,AWP,WE,Combined TRACON& Tower with Radar,32,8,0,0,40,0,0,0,0,0,32,8,0,0,40,0,0,0,40
03/30/2020,ITO,HI,AWP,WE,Combined TRACON& Tower with Radar,38,7,2,0,47,0,0,0,0,0,38,7,2,0,47,0,0,0,47
03/31/2020,ITO,HI,AWP,WE,Combined TRACON& Tower with Radar,32,4,0,6,42,0,0,0,3,3,32,4,0,9,45,4,22,26,71
04/01/2020,ITO,HI,AWP,WE,Combined TRACON& Tower with Radar,23,7,1,9,40,0,0,8,2,10,23,7,9,11,50,6,4,10,60
04/02/2020,ITO,HI,AWP,WE,Combined TRACON& Tower with Radar,19,7,0,0,26,0,0,5,4,9,19,7,5,4,35,2,16,18,53
04/03/2020,ITO,HI,AWP,WE,Combined TRACON& Tower with Radar,28,9,0,3,40,0,0,6,2,8,28,9,6,5,48,8,20,28,76
04/04/2020,ITO,HI,AWP,WE,Combined TRACON& Tower with Radar,20,5,1,0,26,0,0,5,0,5,20,5,6,0,31,18,0,18,49
04/05/2020,ITO,HI,AWP,WE,Combined TRACON& Tower with Radar,13,3,2,0,18,0,0,0,0,0,13,3,2,0,18,0,0,0,18
04/06/2020,ITO,HI,AWP,WE,Combined TRACON& Tower with Radar,26,7,0,0,33,0,0,8,0,8,26,7,8,0,41,0,0,0,41
04/07/2020,ITO,HI,AWP,WE,Combined TRACON& Tower with Radar,20,5,0,5,30,0,0,3,0,3,20,5,3,5,33,0,10,10,43
04/08/2020,ITO,HI,AWP,WE,Combined TRACON& Tower with Radar,20,10,0,0,30,0,0,4,4,8,20,10,4,4,38,0,6,6,44
04/09/2020,ITO,HI,AWP,WE,Combined TRACON& Tower with Radar,20,6,1,0,27,0,0,5,2,7,20,6,6,2,34,0,14,14,48
04/10/2020,ITO,HI,AWP,WE,Combined TRACON& Tower with Radar,20,7,0,1,28,0,1,4,2,7,20,8,4,3,35,14,2,16,51
04/11/2020,ITO,HI,AWP,WE,Combined TRACON& Tower with Radar,17,11,0,0,28,0,0,8,1,9,17,11,8,1,37,14,0,14,51
04/12/2020,ITO,HI,AWP,WE,Combined TRACON& Tower with Radar,12,5,1,0,18,0,0,0,0,0,12,5,1,0,18,0,0,0,18
04/13/2020,ITO,HI,AWP,WE,Combined TRACON& Tower with Radar,22,6,0,0,28,0,0,2,0,2,22,6,2,0,30,0,0,0,30
04/14/2020,ITO,HI,AWP,WE,Combined TRACON& Tower with Radar,20,7,4,1,32,0,1,0,1,2,20,8,4,2,34,0,2,2,36
04/15/2020,ITO,HI,AWP,WE,Combined TRACON& Tower with Radar,21,5,15,6,47,0,0,10,6,16,21,5,25,12,63,2,26,28,91
04/16/2020,ITO,HI,AWP,WE,Combined TRACON& Tower with Radar,29,9,3,3,44,0,0,3,4,7,29,9,6,7,51,10,0,10,61
04/17/2020,ITO,HI,AWP,WE,Combined TRACON& Tower with Radar,21,9,1,2,33,0,0,2,2,4,21,9,3,4,37,0,0,0,37
04/18/2020,ITO,HI,AWP,WE,Combined TRACON& Tower with Radar,16,5,0,0,21,0,2,3,0,5,16,7,3,0,26,12,0,12,38
04/19/2020,ITO,HI,AWP,WE,Combined TRACON& Tower with Radar,14,3,0,0,17,0,2,7,0,9,14,5,7,0,26,8,0,8,34
04/20/2020,ITO,HI,AWP,WE,Combined TRACON& Tower with Radar,19,5,0,0,24,0,0,2,0,2,19,5,2,0,26,12,0,12,38
04/21/2020,ITO,HI,AWP,WE,Combined TRACON& Tower with Radar,23,13,1,4,41,0,0,8,8,16,23,13,9,12,57,6,24,30,87
04/22/2020,ITO,HI,AWP,WE,Combined TRACON& Tower with Radar,21,16,0,0,37,0,2,4,0,6,21,18,4,0,43,0,0,0,43
04/23/2020,ITO,HI,AWP,WE,Combined TRACON& Tower with Radar,20,9,4,2,35,0,0,2,2,4,20,9,6,4,39,0,2,2,41
04/24/2020,ITO,HI,AWP,WE,Combined TRACON& Tower with Radar,21,9,3,5,38,0,0,2,4,6,21,9,5,9,44,0,12,12,56
04/25/2020,ITO,HI,AWP,WE,Combined TRACON& Tower with Radar,15,7,0,2,24,0,2,3,0,5,15,9,3,2,29,0,6,6,35
04/26/2020,ITO,HI,AWP,WE,Combined TRACON& Tower with Radar,14,4,3,0,21,0,0,4,0,4,14,4,7,0,25,0,0,0,25
04/27/2020,ITO,HI,AWP,WE,Combined TRACON& Tower with Radar,20,4,0,0,24,0,0,5,0,5,20,4,5,0,29,6,0,6,35
04/28/2020,ITO,HI,AWP,WE,Combined TRACON& Tower with Radar,20,7,3,6,36,0,0,7,4,11,20,7,10,10,47,2,17,19,66
04/29/2020,ITO,HI,AWP,WE,Combined TRACON& Tower with Radar,23,7,0,1,31,0,0,4,3,7,23,7,4,4,38,0,4,4,42
04/30/2020,ITO,HI,AWP,WE,Combined TRACON& Tower with Radar,20,3,0,6,29,0,0,4,7,11,20,3,4,13,40,2,22,24,64
05/01/2020,ITO,HI,AWP,WE,Combined TRACON& Tower with Radar,23,15,3,2,43,0,0,6,4,10,23,15,9,6,53,0,8,8,61
05/02/2020,ITO,HI,AWP,WE,Combined TRACON& Tower with Radar,17,4,0,1,22,0,2,5,1,8,17,6,5,2,30,10,2,12,42
05/03/2020,ITO,HI,AWP,WE,Combined TRACON& Tower with Radar,11,0,1,0,12,0,0,6,0,6,11,0,7,0,18,0,0,0,18
05/04/2020,ITO,HI,AWP,WE,Combined TRACON& Tower with Radar,26,6,0,0,32,0,0,2,0,2,26,6,2,0,34,19,0,19,53
05/05/2020,ITO,HI,AWP,WE,Combined TRACON& Tower with Radar,23,12,7,7,49,0,0,4,4,8,23,12,11,11,57,10,24,34,91
05/06/2020,ITO,HI,AWP,WE,Combined TRACON& Tower with Radar,22,7,0,0,29,0,0,6,2,8,22,7,6,2,37,2,14,16,53
05/07/2020,ITO,HI,AWP,WE,Combined TRACON& Tower with Radar,24,8,2,1,35,0,0,10,4,14,24,8,12,5,49,12,0,12,61
05/08/2020,ITO,HI,AWP,WE,Combined TRACON& Tower with Radar,20,13,3,3,39,0,2,6,1,9,20,15,9,4,48,2,0,2,50
05/09/2020,ITO,HI,AWP,WE,Combined TRACON& Tower with Radar,18,7,0,0,25,0,0,1,0,1,18,7,1,0,26,10,0,10,36
05/10/2020,ITO,HI,AWP,WE,Combined TRACON& Tower with Radar,13,0,0,0,13,0,0,4,0,4,13,0,4,0,17,0,0,0,17
05/11/2020,ITO,HI,AWP,WE,Combined TRACON& Tower with Radar,20,6,0,4,30,0,0,2,0,2,20,6,2,4,32,16,6,22,54
05/12/2020,ITO,HI,AWP,WE,Combined TRACON& Tower with Radar,19,12,1,2,34,0,0,6,4,10,19,12,7,6,44,12,10,22,66
05/13/2020,ITO,HI,AWP,WE,Combined TRACON& Tower with Radar,19,7,0,2,28,0,0,9,9,18,19,7,9,11,46,48,2,50,96
05/14/2020,ITO,HI,AWP,WE,Combined TRACON& Tower with Radar,24,10,1,5,40,0,0,5,5,10,24,10,6,10,50,2,0,2,52
05/15/2020,ITO,HI,AWP,WE,Combined TRACON& Tower with Radar,21,7,5,8,41,0,2,5,13,20,21,9,10,21,61,2,2,4,65
05/16/2020,ITO,HI,AWP,WE,Combined TRACON& Tower with Radar,18,7,2,0,27,0,0,2,0,2,18,7,4,0,29,0,0,0,29
05/17/2020,ITO,HI,AWP,WE,Combined TRACON& Tower with Radar,14,2,0,2,18,0,0,12,3,15,14,2,12,5,33,8,0,8,41
05/18/2020,ITO,HI,AWP,WE,Combined TRACON& Tower with Radar,26,1,2,8,37,0,3,7,0,10,26,4,9,8,47,16,22,38,85
05/19/2020,ITO,HI,AWP,WE,Combined TRACON& Tower with Radar,22,9,7,11,49,0,0,3,0,3,22,9,10,11,52,28,26,54,106
05/20/2020,ITO,HI,AWP,WE,Combined TRACON& Tower with Radar,23,7,0,5,35,0,2,2,3,7,23,9,2,8,42,12,8,20,62
05/21/2020,ITO,HI,AWP,WE,Combined TRACON& Tower with Radar,23,9,8,6,46,0,1,8,0,9,23,10,16,6,55,0,20,20,75
05/22/2020,ITO,HI,AWP,WE,Combined TRACON& Tower with Radar,22,5,0,0,27,0,1,0,2,3,22,6,0,2,30,2,2,4,34
05/23/2020,ITO,HI,AWP,WE,Combined TRACON& Tower with Radar,21,7,1,4,33,0,2,2,0,4,21,9,3,4,37,0,14,14,51
05/24/2020,ITO,HI,AWP,WE,Combined TRACON& Tower with Radar,15,1,5,0,21,0,2,1,0,3,15,3,6,0,24,0,0,0,24
05/25/2020,ITO,HI,AWP,WE,Combined TRACON& Tower with Radar,16,4,1,0,21,0,0,13,0,13,16,4,14,0,34,46,0,46,80
05/26/2020,ITO,HI,AWP,WE,Combined TRACON& Tower with Radar,31,10,0,5,46,0,1,4,2,7,31,11,4,7,53,0,0,0,53
05/27/2020,ITO,HI,AWP,WE,Combined TRACON& Tower with Radar,19,4,1,8,32,0,1,3,2,6,19,5,4,10,38,22,4,26,64
05/28/2020,ITO,HI,AWP,WE,Combined TRACON& Tower with Radar,24,9,4,9,46,0,1,8,1,10,24,10,12,10,56,6,0,6,62
05/29/2020,ITO,HI,AWP,WE,Combined TRACON& Tower with Radar,21,9,4,1,35,0,0,8,2,10,21,9,12,3,45,0,0,0,45
05/30/2020,ITO,HI,AWP,WE,Combined TRACON& Tower with Radar,20,6,2,2,30,0,0,4,0,4,20,6,6,2,34,0,0,0,34
05/31/2020,ITO,HI,AWP,WE,Combined TRACON& Tower with Radar,18,3,0,0,21,0,3,7,0,10,18,6,7,0,31,0,0,0,31
06/01/2020,ITO,HI,AWP,WE,Combined TRACON& Tower with Radar,23,9,1,4,37,0,0,3,0,3,23,9,4,4,40,16,8,24,64
06/02/2020,ITO,HI,AWP,WE,Combined TRACON& Tower with Radar,20,10,2,6,38,0,0,4,0,4,20,10,6,6,42,0,18,18,60
06/03/2020,ITO,HI,AWP,WE,Combined TRACON& Tower with Radar,20,11,7,7,45,0,2,4,4,10,20,13,11,11,55,6,16,22,77
06/04/2020,ITO,HI,AWP,WE,Combined TRACON& Tower with Radar,23,5,0,3,31,0,0,2,1,3,23,5,2,4,34,42,0,42,76
06/05/2020,ITO,HI,AWP,WE,Combined TRACON& Tower with Radar,24,5,3,4,36,0,0,4,4,8,24,5,7,8,44,30,4,34,78
06/06/2020,ITO,HI,AWP,WE,Combined TRACON& Tower with Radar,19,5,0,0,24,0,0,8,0,8,19,5,8,0,32,10,0,10,42
06/07/2020,ITO,HI,AWP,WE,Combined TRACON& Tower with Radar,17,4,0,0,21,0,2,3,0,5,17,6,3,0,26,0,0,0,26
06/08/2020,ITO,HI,AWP,WE,Combined TRACON& Tower with Radar,22,7,0,3,32,0,2,2,0,4,22,9,2,3,36,0,0,0,36
06/09/2020,ITO,HI,AWP,WE,Combined TRACON& Tower with Radar,24,8,1,6,39,0,1,5,5,11,24,9,6,11,50,18,12,30,80
06/10/2020,ITO,HI,AWP,WE,Combined TRACON& Tower with Radar,23,10,3,3,39,0,0,4,1,5,23,10,7,4,44,30,4,34,78
06/11/2020,ITO,HI,AWP,WE,Combined TRACON& Tower with Radar,23,6,0,9,38,0,0,2,5,7,23,6,2,14,45,0,12,12,57
06/12/2020,ITO,HI,AWP,WE,Combined TRACON& Tower with Radar,23,6,3,3,35,0,0,5,0,5,23,6,8,3,40,6,0,6,46
06/13/2020,ITO,HI,AWP,WE,Combined TRACON& Tower with Radar,24,9,4,2,39,0,0,6,5,11,24,9,10,7,50,0,0,0,50
06/14/2020,ITO,HI,AWP,WE,Combined TRACON& Tower with Radar,21,1,0,7,29,0,2,1,11,14,21,3,1,18,43,0,12,12,55
06/15/2020,ITO,HI,AWP,WE,Combined TRACON& Tower with Radar,22,8,9,8,47,0,3,6,15,24,22,11,15,23,71,12,18,30,101
06/16/2020,ITO,HI,AWP,WE,Combined TRACON& Tower with Radar,24,6,0,7,37,0,0,6,2,8,24,6,6,9,45,2,2,4,49
06/17/2020,ITO,HI,AWP,WE,Combined TRACON& Tower with Radar,32,7,5,6,50,0,0,6,2,8,32,7,11,8,58,16,26,42,100
06/18/2020,ITO,HI,AWP,WE,Combined TRACON& Tower with Radar,28,12,5,7,52,0,0,7,3,10,28,12,12,10,62,8,12,20,82
06/19/2020,ITO,HI,AWP,WE,Combined TRACON& Tower with Radar,30,5,0,1,36,0,0,6,6,12,30,5,6,7,48,6,14,20,68
06/20/2020,ITO,HI,AWP,WE,Combined TRACON& Tower with Radar,24,14,2,0,40,0,1,3,0,4,24,15,5,0,44,0,0,0,44
06/21/2020,ITO,HI,AWP,WE,Combined TRACON& Tower with Radar,21,10,0,0,31,0,2,0,0,2,21,12,0,0,33,4,0,4,37
06/22/2020,ITO,HI,AWP,WE,Combined TRACON& Tower with Radar,28,8,0,0,36,0,2,2,2,6,28,10,2,2,42,0,0,0,42
06/23/2020,ITO,HI,AWP,WE,Combined TRACON& Tower with Radar,24,12,4,1,41,0,5,6,3,14,24,17,10,4,55,0,2,2,57
06/24/2020,ITO,HI,AWP,WE,Combined TRACON& Tower with Radar,23,12,3,2,40,0,0,10,3,13,23,12,13,5,53,6,2,8,61
06/25/2020,ITO,HI,AWP,WE,Combined TRACON& Tower with Radar,28,11,1,3,43,0,1,6,2,9,28,12,7,5,52,0,0,0,52
06/26/2020,ITO,HI,AWP,WE,Combined TRACON& Tower with Radar,28,8,0,0,36,0,1,12,0,13,28,9,12,0,49,12,0,12,61
06/27/2020,ITO,HI,AWP,WE,Combined TRACON& Tower with Radar,20,5,0,0,25,0,0,5,0,5,20,5,5,0,30,0,0,0,30
06/28/2020,ITO,HI,AWP,WE,Combined TRACON& Tower with Radar,27,2,1,1,31,0,0,3,0,3,27,2,4,1,34,0,0,0,34
06/29/2020,ITO,HI,AWP,WE,Combined TRACON& Tower with Radar,29,6,0,6,41,0,7,2,2,11,29,13,2,8,52,0,0,0,52
06/30/2020,ITO,HI,AWP,WE,Combined TRACON& Tower with Radar,26,10,2,8,46,0,6,6,2,14,26,16,8,10,60,6,4,10,70
07/01/2020,ITO,HI,AWP,WE,Combined TRACON& Tower with Radar,29,5,1,3,38,0,0,5,4,9,29,5,6,7,47,6,4,10,57
07/02/2020,ITO,HI,AWP,WE,Combined TRACON& Tower with Radar,37,6,0,1,44,0,2,12,3,17,37,8,12,4,61,0,4,4,65
07/03/2020,ITO,HI,AWP,WE,Combined TRACON& Tower with Radar,35,10,2,0,47,0,0,2,0,2,35,10,4,0,49,8,0,8,57
07/04/2020,ITO,HI,AWP,WE,Combined TRACON& Tower with Radar,27,5,5,0,37,0,0,3,0,3,27,5,8,0,40,0,0,0,40
07/05/2020,ITO,HI,AWP,WE,Combined TRACON& Tower with Radar,35,3,1,0,39,0,4,3,0,7,35,7,4,0,46,4,0,4,50
07/06/2020,ITO,HI,AWP,WE,Combined TRACON& Tower with Radar,30,14,0,6,50,0,6,3,0,9,30,20,3,6,59,24,0,24,83
07/07/2020,ITO,HI,AWP,WE,Combined TRACON& Tower with Radar,32,7,0,8,47,0,0,8,0,8,32,7,8,8,55,8,12,20,75
07/08/2020,ITO,HI,AWP,WE,Combined TRACON& Tower with Radar,32,9,4,8,53,0,0,3,2,5,32,9,7,10,58,8,8,16,74
07/09/2020,ITO,HI,AWP,WE,Combined TRACON& Tower with Radar,35,8,1,1,45,0,1,9,1,11,35,9,10,2,56,0,0,0,56
07/10/2020,ITO,HI,AWP,WE,Combined TRACON& Tower with Radar,34,7,0,1,42,0,0,4,1,5,34,7,4,2,47,0,2,2,49
07/11/2020,ITO,HI,AWP,WE,Combined TRACON& Tower with Radar,23,11,3,3,40,0,1,8,2,11,23,12,11,5,51,10,0,10,61
07/12/2020,ITO,HI,AWP,WE,Combined TRACON& Tower with Radar,26,3,1,3,33,0,2,2,0,4,26,5,3,3,37,0,0,0,37
07/13/2020,ITO,HI,AWP,WE,Combined TRACON& Tower with Radar,31,7,1,2,41,0,3,4,1,8,31,10,5,3,49,0,0,0,49
07/14/2020,ITO,HI,AWP,WE,Combined TRACON& Tower with Radar,30,12,7,0,49,0,0,1,0,1,30,12,8,0,50,4,0,4,54
07/15/2020,ITO,HI,AWP,WE,Combined TRACON& Tower with Radar,32,4,0,1,37,0,0,4,1,5,32,4,4,2,42,0,0,0,42
07/16/2020,ITO,HI,AWP,WE,Combined TRACON& Tower with Radar,37,7,2,2,48,0,3,2,5,10,37,10,4,7,58,0,24,24,82
07/17/2020,ITO,HI,AWP,WE,Combined TRACON& Tower with Radar,38,3,4,3,48,0,0,3,7,10,38,3,7,10,58,0,18,18,76
07/18/2020,ITO,HI,AWP,WE,Combined TRACON& Tower with Radar,25,8,2,6,41,0,1,7,10,18,25,9,9,16,59,14,15,29,88
07/19/2020,ITO,HI,AWP,WE,Combined TRACON& Tower with Radar,30,3,0,0,33,0,0,0,6,6,30,3,0,6,39,0,4,4,43
07/20/2020,ITO,HI,AWP,WE,Combined TRACON& Tower with Radar,36,7,4,0,47,0,0,4,0,4,36,7,8,0,51,0,0,0,51
07/21/2020,ITO,HI,AWP,WE,Combined TRACON& Tower with Radar,36,3,2,0,41,0,0,5,0,5,36,3,7,0,46,4,0,4,50
07/22/2020,ITO,HI,AWP,WE,Combined TRACON& Tower with Radar,34,5,7,14,60,0,0,11,0,11,34,5,18,14,71,24,0,24,95
07/23/2020,ITO,HI,AWP,WE,Combined TRACON& Tower with Radar,34,2,2,6,44,0,0,2,5,7,34,2,4,11,51,10,6,16,67
07/24/2020,ITO,HI,AWP,WE,Combined TRACON& Tower with Radar,37,6,2,4,49,0,3,8,2,13,37,9,10,6,62,6,0,6,68
07/25/2020,ITO,HI,AWP,WE,Combined TRACON& Tower with Radar,24,4,2,2,32,0,2,4,0,6,24,6,6,2,38,2,0,2,40
07/26/2020,ITO,HI,AWP,WE,Combined TRACON& Tower with Radar,2,6,0,1,9,0,2,0,0,2,2,8,0,1,11,0,0,0,11
07/27/2020,ITO,HI,AWP,WE,Combined TRACON& Tower with Radar,31,11,2,0,44,0,1,2,1,4,31,12,4,1,48,6,0,6,54
07/28/2020,ITO,HI,AWP,WE,Combined TRACON& Tower with Radar,33,12,3,8,56,0,0,15,0,15,33,12,18,8,71,0,8,8,79
07/29/2020,ITO,HI,AWP,WE,Combined TRACON& Tower with Radar,32,5,2,0,39,0,0,9,3,12,32,5,11,3,51,2,0,2,53
07/30/2020,ITO,HI,AWP,WE,Combined TRACON& Tower with Radar,33,7,0,1,41,0,2,4,0,6,33,9,4,1,47,10,0,10,57
07/31/2020,ITO,HI,AWP,WE,Combined TRACON& Tower with Radar,33,3,0,1,37,0,0,2,2,4,33,3,2,3,41,4,0,4,45
08/01/2020,ITO,HI,AWP,WE,Combined TRACON& Tower with Radar,26,8,1,2,37,0,0,6,4,10,26,8,7,6,47,0,0,0,47
08/02/2020,ITO,HI,AWP,WE,Combined TRACON& Tower with Radar,29,2,0,0,31,0,4,4,2,10,29,6,4,2,41,0,8,8,49
08/03/2020,ITO,HI,AWP,WE,Combined TRACON& Tower with Radar,35,15,0,3,53,0,2,2,0,4,35,17,2,3,57,2,14,16,73
08/04/2020,ITO,HI,AWP,WE,Combined TRACON& Tower with Radar,33,18,1,8,60,0,0,7,5,12,33,18,8,13,72,2,22,24,96
08/05/2020,ITO,HI,AWP,WE,Combined TRACON& Tower with Radar,38,10,0,1,49,0,0,12,1,13,38,10,12,2,62,22,0,22,84
08/06/2020,ITO,HI,AWP,WE,Combined TRACON& Tower with Radar,38,6,0,9,53,0,0,2,2,4,38,6,2,11,57,0,6,6,63
08/07/2020,ITO,HI,AWP,WE,Combined TRACON& Tower with Radar,36,23,5,5,69,0,0,5,0,5,36,23,10,5,74,24,0,24,98
08/08/2020,ITO,HI,AWP,WE,Combined TRACON& Tower with Radar,28,7,1,0,36,0,0,5,0,5,28,7,6,0,41,4,0,4,45
08/09/2020,ITO,HI,AWP,WE,Combined TRACON& Tower with Radar,28,9,0,0,37,0,3,5,0,8,28,12,5,0,45,12,0,12,57
08/10/2020,ITO,HI,AWP,WE,Combined TRACON& Tower with Radar,37,8,7,0,52,0,2,9,0,11,37,10,16,0,63,8,0,8,71
08/11/2020,ITO,HI,AWP,WE,Combined TRACON& Tower with Radar,34,7,0,1,42,0,0,7,1,8,34,7,7,2,50,0,12,12,62
08/12/2020,ITO,HI,AWP,WE,Combined TRACON& Tower with Radar,24,5,0,1,30,0,0,3,1,4,24,5,3,2,34,10,2,12,46
08/13/2020,ITO,HI,AWP,WE,Combined TRACON& Tower with Radar,27,6,4,2,39,0,1,4,4,9,27,7,8,6,48,0,0,0,48
08/14/2020,ITO,HI,AWP,WE,Combined TRACON& Tower with Radar,27,8,6,0,41,0,0,2,0,2,27,8,8,0,43,0,0,0,43
08/15/2020,ITO,HI,AWP,WE,Combined TRACON& Tower with Radar,23,5,5,0,33,0,0,2,1,3,23,5,7,1,36,0,0,0,36
08/16/2020,ITO,HI,AWP,WE,Combined TRACON& Tower with Radar,21,0,3,0,24,0,0,4,0,4,21,0,7,0,28,8,0,8,36
08/17/2020,ITO,HI,AWP,WE,Combined TRACON& Tower with Radar,32,5,0,2,39,0,0,5,2,7,32,5,5,4,46,2,2,4,50
08/18/2020,ITO,HI,AWP,WE,Combined TRACON& Tower with Radar,28,3,3,0,34,0,0,3,1,4,28,3,6,1,38,2,8,10,48
08/19/2020,ITO,HI,AWP,WE,Combined TRACON& Tower with Radar,24,8,1,1,34,0,0,4,1,5,24,8,5,2,39,32,2,34,73
08/20/2020,ITO,HI,AWP,WE,Combined TRACON& Tower with Radar,22,5,0,1,28,0,0,1,2,3,22,5,1,3,31,0,2,2,33
08/21/2020,ITO,HI,AWP,WE,Combined TRACON& Tower with Radar,29,4,1,0,34,0,0,11,0,11,29,4,12,0,45,0,0,0,45
08/22/2020,ITO,HI,AWP,WE,Combined TRACON& Tower with Radar,23,5,0,1,29,0,0,7,2,9,23,5,7,3,38,2,0,2,40
08/23/2020,ITO,HI,AWP,WE,Combined TRACON& Tower with Radar,22,0,0,1,23,0,1,12,0,13,22,1,12,1,36,50,0,50,86
08/24/2020,ITO,HI,AWP,WE,Combined TRACON& Tower with Radar,25,4,0,0,29,0,0,7,0,7,25,4,7,0,36,2,0,2,38
08/25/2020,ITO,HI,AWP,WE,Combined TRACON& Tower with Radar,24,11,9,4,48,0,0,8,0,8,24,11,17,4,56,6,2,8,64
08/26/2020,ITO,HI,AWP,WE,Combined TRACON& Tower with Radar,21,9,1,5,36,0,1,6,3,10,21,10,7,8,46,28,2,30,76
08/27/2020,ITO,HI,AWP,WE,Combined TRACON& Tower with Radar,23,10,1,0,34,0,0,11,2,13,23,10,12,2,47,8,4,12,59
08/28/2020,ITO,HI,AWP,WE,Combined TRACON& Tower with Radar,26,6,0,0,32,0,0,8,0,8,26,6,8,0,40,0,0,0,40
08/29/2020,ITO,HI,AWP,WE,Combined TRACON& Tower with Radar,22,5,1,0,28,0,0,12,0,12,22,5,13,0,40,0,0,0,40
08/30/2020,ITO,HI,AWP,WE,Combined TRACON& Tower with Radar,20,7,4,0,31,0,2,3,0,5,20,9,7,0,36,28,0,28,64
08/31/2020,ITO,HI,AWP,WE,Combined TRACON& Tower with Radar,24,10,2,3,39,0,0,2,0,2,24,10,4,3,41,14,0,14,55
09/01/2020,ITO,HI,AWP,WE,Combined TRACON& Tower with Radar,22,7,0,14,43,0,0,7,2,9,22,7,7,16,52,0,42,42,94
09/02/2020,ITO,HI,AWP,WE,Combined TRACON& Tower with Radar,24,7,4,1,36,0,0,4,1,5,24,7,8,2,41,2,2,4,45
09/03/2020,ITO,HI,AWP,WE,Combined TRACON& Tower with Radar,30,8,8,7,53,0,3,3,4,10,30,11,11,11,63,10,6,16,79
09/04/2020,ITO,HI,AWP,WE,Combined TRACON& Tower with Radar,23,4,4,1,32,0,0,8,0,8,23,4,12,1,40,0,0,0,40
09/05/2020,ITO,HI,AWP,WE,Combined TRACON& Tower with Radar,19,2,2,0,23,0,4,2,3,9,19,6,4,3,32,0,8,8,40
09/06/2020,ITO,HI,AWP,WE,Combined TRACON& Tower with Radar,15,1,2,0,18,0,0,6,0,6,15,1,8,0,24,2,0,2,26
09/07/2020,ITO,HI,AWP,WE,Combined TRACON& Tower with Radar,18,2,0,0,20,0,2,3,0,5,18,4,3,0,25,16,0,16,41
09/08/2020,ITO,HI,AWP,WE,Combined TRACON& Tower with Radar,23,10,5,0,38,0,0,2,2,4,23,10,7,2,42,0,6,6,48
09/09/2020,ITO,HI,AWP,WE,Combined TRACON& Tower with Radar,22,8,3,2,35,0,0,0,2,2,22,8,3,4,37,0,6,6,43
09/10/2020,ITO,HI,AWP,WE,Combined TRACON& Tower with Radar,27,6,3,3,39,0,0,2,1,3,27,6,5,4,42,0,0,0,42
09/11/2020,ITO,HI,AWP,WE,Combined TRACON& Tower with Radar,21,7,0,2,30,0,0,0,4,4,21,7,0,6,34,0,2,2,36
09/12/2020,ITO,HI,AWP,WE,Combined TRACON& Tower with Radar,17,5,5,0,27,0,0,10,0,10,17,5,15,0,37,6,0,6,43
09/13/2020,ITO,HI,AWP,WE,Combined TRACON& Tower with Radar,15,5,1,0,21,0,1,7,0,8,15,6,8,0,29,0,0,0,29
09/14/2020,ITO,HI,AWP,WE,Combined TRACON& Tower with Radar,21,6,2,0,29,0,0,6,1,7,21,6,8,1,36,2,0,2,38
09/15/2020,ITO,HI,AWP,WE,Combined TRACON& Tower with Radar,21,16,2,1,40,0,0,7,4,11,21,16,9,5,51,20,0,20,71
09/16/2020,ITO,HI,AWP,WE,Combined TRACON& Tower with Radar,20,14,1,13,48,0,1,6,2,9,20,15,7,15,57,4,10,14,71
09/17/2020,ITO,HI,AWP,WE,Combined TRACON& Tower with Radar,22,7,0,9,38,0,0,6,3,9,22,7,6,12,47,0,44,44,91
09/18/2020,ITO,HI,AWP,WE,Combined TRACON& Tower with Radar,22,6,1,0,29,0,0,2,2,4,22,6,3,2,33,2,0,2,35
09/19/2020,ITO,HI,AWP,WE,Combined TRACON& Tower with Radar,19,5,1,0,25,0,0,2,0,2,19,5,3,0,27,10,0,10,37
09/20/2020,ITO,HI,AWP,WE,Combined TRACON& Tower with Radar,16,3,0,0,19,0,1,12,0,13,16,4,12,0,32,2,0,2,34
09/21/2020,ITO,HI,AWP,WE,Combined TRACON& Tower with Radar,20,8,3,12,43,0,0,6,0,6,20,8,9,12,49,0,0,0,49
09/22/2020,ITO,HI,AWP,WE,Combined TRACON& Tower with Radar,21,6,0,4,31,0,1,5,2,8,21,7,5,6,39,0,30,30,69
09/23/2020,ITO,HI,AWP,WE,Combined TRACON& Tower with Radar,20,6,5,4,35,0,1,5,0,6,20,7,10,4,41,0,0,0,41
09/24/2020,ITO,HI,AWP,WE,Combined TRACON& Tower with Radar,23,4,4,7,38,0,0,4,2,6,23,4,8,9,44,20,0,20,64
09/25/2020,ITO,HI,AWP,WE,Combined TRACON& Tower with Radar,25,26,4,2,57,0,0,10,0,10,25,26,14,2,67,0,0,0,67
09/26/2020,ITO,HI,AWP,WE,Combined TRACON& Tower with Radar,16,8,3,0,27,0,0,6,0,6,16,8,9,0,33,0,0,0,33
09/27/2020,ITO,HI,AWP,WE,Combined TRACON& Tower with Radar,14,0,2,4,20,0,0,2,0,2,14,0,4,4,22,14,0,14,36
09/28/2020,ITO,HI,AWP,WE,Combined TRACON& Tower with Radar,21,6,2,2,31,0,0,9,0,9,21,6,11,2,40,18,0,18,58
09/29/2020,ITO,HI,AWP,WE,Combined TRACON& Tower with Radar,20,7,5,3,35,0,0,4,4,8,20,7,9,7,43,0,4,4,47
09/30/2020,ITO,HI,AWP,WE,Combined TRACON& Tower with Radar,19,12,2,1,34,0,0,6,0,6,19,12,8,1,40,8,2,10,50
10/01/2020,ITO,HI,AWP,WE,Combined TRACON& Tower with Radar,19,5,0,0,24,0,0,1,0,1,19,5,1,0,25,0,0,0,25
10/02/2020,ITO,HI,AWP,WE,Combined TRACON& Tower with Radar,22,6,0,3,31,0,0,3,4,7,22,6,3,7,38,0,14,14,52
10/03/2020,ITO,HI,AWP,WE,Combined TRACON& Tower with Radar,17,4,1,4,26,0,0,1,0,1,17,4,2,4,27,8,0,8,35
10/04/2020,ITO,HI,AWP,WE,Combined TRACON& Tower with Radar,14,8,2,0,24,0,0,4,0,4,14,8,6,0,28,0,0,0,28
10/05/2020,ITO,HI,AWP,WE,Combined TRACON& Tower with Radar,25,4,1,4,34,0,0,3,0,3,25,4,4,4,37,4,6,10,47
10/06/2020,ITO,HI,AWP,WE,Combined TRACON& Tower with Radar,18,8,2,1,29,0,0,3,1,4,18,8,5,2,33,0,4,4,37
10/07/2020,ITO,HI,AWP,WE,Combined TRACON& Tower with Radar,18,17,9,6,50,0,0,2,0,2,18,17,11,6,52,3,2,5,57
10/08/2020,ITO,HI,AWP,WE,Combined TRACON& Tower with Radar,22,6,2,2,32,0,0,2,4,6,22,6,4,6,38,2,10,12,50
10/09/2020,ITO,HI,AWP,WE,Combined TRACON& Tower with Radar,24,5,4,5,38,0,0,3,0,3,24,5,7,5,41,0,8,8,49
10/10/2020,ITO,HI,AWP,WE,Combined TRACON& Tower with Radar,25,11,3,0,39,0,0,2,0,2,25,11,5,0,41,4,0,4,45
10/11/2020,ITO,HI,AWP,WE,Combined TRACON& Tower with Radar,14,4,0,0,18,0,0,2,0,2,14,4,2,0,20,0,0,0,20
10/12/2020,ITO,HI,AWP,WE,Combined TRACON& Tower with Radar,21,4,1,0,26,0,0,5,0,5,21,4,6,0,31,5,0,5,36
10/13/2020,ITO,HI,AWP,WE,Combined TRACON& Tower with Radar,24,2,0,2,28,0,0,2,2,4,24,2,2,4,32,0,12,12,44
10/14/2020,ITO,HI,AWP,WE,Combined TRACON& Tower with Radar,21,5,7,16,49,0,0,9,1,10,21,5,16,17,59,2,0,2,61
10/15/2020,ITO,HI,AWP,WE,Combined TRACON& Tower with Radar,27,7,12,3,49,0,2,9,8,19,27,9,21,11,68,0,0,0,68
10/16/2020,ITO,HI,AWP,WE,Combined TRACON& Tower with Radar,32,17,2,0,51,0,0,6,0,6,32,17,8,0,57,0,0,0,57
10/17/2020,ITO,HI,AWP,WE,Combined TRACON& Tower with Radar,26,12,2,1,41,0,0,2,0,2,26,12,4,1,43,10,0,10,53
10/18/2020,ITO,HI,AWP,WE,Combined TRACON& Tower with Radar,21,4,0,0,25,0,0,0,0,0,21,4,0,0,25,0,0,0,25
10/19/2020,ITO,HI,AWP,WE,Combined TRACON& Tower with Radar,26,16,1,4,47,0,0,9,1,10,26,16,10,5,57,16,0,16,73
10/20/2020,ITO,HI,AWP,WE,Combined TRACON& Tower with Radar,28,6,2,1,37,0,0,5,5,10,28,6,7,6,47,0,8,8,55
10/21/2020,ITO,HI,AWP,WE,Combined TRACON& Tower with Radar,27,5,0,6,38,0,2,10,2,14,27,7,10,8,52,0,0,0,52
10/22/2020,ITO,HI,AWP,WE,Combined TRACON& Tower with Radar,28,2,10,1,41,0,3,4,3,10,28,5,14,4,51,0,0,0,51
10/23/2020,ITO,HI,AWP,WE,Combined TRACON& Tower with Radar,30,7,3,8,48,0,0,7,2,9,30,7,10,10,57,2,2,4,61
10/24/2020,ITO,HI,AWP,WE,Combined TRACON& Tower with Radar,27,15,3,1,46,0,0,0,0,0,27,15,3,1,46,0,0,0,46
10/25/2020,ITO,HI,AWP,WE,Combined TRACON& Tower with Radar,21,4,0,0,25,0,0,4,0,4,21,4,4,0,29,0,0,0,29
10/26/2020,ITO,HI,AWP,WE,Combined TRACON& Tower with Radar,27,11,1,2,41,0,0,4,0,4,27,11,5,2,45,0,8,8,53
10/27/2020,ITO,HI,AWP,WE,Combined TRACON& Tower with Radar,27,6,3,1,37,0,0,5,0,5,27,6,8,1,42,10,0,10,52
10/28/2020,ITO,HI,AWP,WE,Combined TRACON& Tower with Radar,29,11,3,0,43,0,0,5,0,5,29,11,8,0,48,2,0,2,50
10/29/2020,ITO,HI,AWP,WE,Combined TRACON& Tower with Radar,26,11,17,3,57,0,0,2,2,4,26,11,19,5,61,0,0,0,61
10/30/2020,ITO,HI,AWP,WE,Combined TRACON& Tower with Radar,28,6,5,11,50,0,0,4,0,4,28,6,9,11,54,0,10,10,64
10/31/2020,ITO,HI,AWP,WE,Combined TRACON& Tower with Radar,24,5,5,4,38,0,0,4,1,5,24,5,9,5,43,0,0,0,43
11/01/2020,ITO,HI,AWP,WE,Combined TRACON& Tower with Radar,22,2,0,0,24,0,0,2,0,2,22,2,2,0,26,0,0,0,26
11/02/2020,ITO,HI,AWP,WE,Combined TRACON& Tower with Radar,30,9,4,0,43,0,0,2,0,2,30,9,6,0,45,0,0,0,45
11/03/2020,ITO,HI,AWP,WE,Combined TRACON& Tower with Radar,29,10,3,0,42,0,6,4,9,19,29,16,7,9,61,0,6,6,67
11/04/2020,ITO,HI,AWP,WE,Combined TRACON& Tower with Radar,27,5,1,2,35,0,0,6,3,9,27,5,7,5,44,0,4,4,48
11/05/2020,ITO,HI,AWP,WE,Combined TRACON& Tower with Radar,35,8,1,0,44,0,0,7,2,9,35,8,8,2,53,20,0,20,73
11/06/2020,ITO,HI,AWP,WE,Combined TRACON& Tower with Radar,30,9,5,0,44,0,0,4,0,4,30,9,9,0,48,0,0,0,48
11/07/2020,ITO,HI,AWP,WE,Combined TRACON& Tower with Radar,25,4,4,1,34,0,0,0,1,1,25,4,4,2,35,0,0,0,35
11/08/2020,ITO,HI,AWP,WE,Combined TRACON& Tower with Radar,23,0,4,0,27,0,0,6,0,6,23,0,10,0,33,2,0,2,35
11/09/2020,ITO,HI,AWP,WE,Combined TRACON& Tower with Radar,30,9,4,0,43,0,0,13,0,13,30,9,17,0,56,2,0,2,58
11/10/2020,ITO,HI,AWP,WE,Combined TRACON& Tower with Radar,29,7,3,1,40,0,0,1,1,2,29,7,4,2,42,0,10,10,52
11/11/2020,ITO,HI,AWP,WE,Combined TRACON& Tower with Radar,29,2,0,0,31,0,1,4,0,5,29,3,4,0,36,0,0,0,36
11/12/2020,ITO,HI,AWP,WE,Combined TRACON& Tower with Radar,34,3,0,6,43,0,0,4,1,5,34,3,4,7,48,0,6,6,54
11/13/2020,ITO,HI,AWP,WE,Combined TRACON& Tower with Radar,33,6,4,6,49,0,0,4,3,7,33,6,8,9,56,2,30,32,88
11/14/2020,ITO,HI,AWP,WE,Combined TRACON& Tower with Radar,31,4,1,2,38,0,0,4,2,6,31,4,5,4,44,0,4,4,48
11/15/2020,ITO,HI,AWP,WE,Combined TRACON& Tower with Radar,22,3,3,0,28,0,1,5,0,6,22,4,8,0,34,8,0,8,42
11/16/2020,ITO,HI,AWP,WE,Combined TRACON& Tower with Radar,28,12,0,4,44,0,2,11,0,13,28,14,11,4,57,2,0,2,59
11/17/2020,ITO,HI,AWP,WE,Combined TRACON& Tower with Radar,30,4,7,11,52,0,0,5,4,9,30,4,12,15,61,2,16,18,79
11/18/2020,ITO,HI,AWP,WE,Combined TRACON& Tower with Radar,32,7,1,8,48,0,1,8,5,14,32,8,9,13,62,0,18,18,80
11/19/2020,ITO,HI,AWP,WE,Combined TRACON& Tower with Radar,36,7,4,2,49,0,0,8,1,9,36,7,12,3,58,0,20,20,78
11/20/2020,ITO,HI,AWP,WE,Combined TRACON& Tower with Radar,33,7,3,0,43,0,0,5,0,5,33,7,8,0,48,0,0,0,48
11/21/2020,ITO,HI,AWP,WE,Combined TRACON& Tower with Radar,29,9,0,4,42,0,8,3,0,11,29,17,3,4,53,8,0,8,61
11/22/2020,ITO,HI,AWP,WE,Combined TRACON& Tower with Radar,31,2,0,0,33,0,0,4,0,4,31,2,4,0,37,4,0,4,41
11/23/2020,ITO,HI,AWP,WE,Combined TRACON& Tower with Radar,34,10,3,3,50,0,0,3,0,3,34,10,6,3,53,6,2,8,61
11/24/2020,ITO,HI,AWP,WE,Combined TRACON& Tower with Radar,38,16,2,9,65,0,0,3,4,7,38,16,5,13,72,0,30,30,102
11/25/2020,ITO,HI,AWP,WE,Combined TRACON& Tower with Radar,36,2,6,3,47,0,0,1,0,1,36,2,7,3,48,0,0,0,48
11/26/2020,ITO,HI,AWP,WE,Combined TRACON& Tower with Radar,30,0,0,0,30,0,0,0,0,0,30,0,0,0,30,0,0,0,30
11/27/2020,ITO,HI,AWP,WE,Combined TRACON& Tower with Radar,36,4,1,0,41,0,0,9,0,9,36,4,10,0,50,0,0,0,50
11/28/2020,ITO,HI,AWP,WE,Combined TRACON& Tower with Radar,32,4,3,0,39,0,0,3,0,3,32,4,6,0,42,2,0,2,44
11/29/2020,ITO,HI,AWP,WE,Combined TRACON& Tower with Radar,30,4,2,3,39,0,0,5,1,6,30,4,7,4,45,0,0,0,45
11/30/2020,ITO,HI,AWP,WE,Combined TRACON& Tower with Radar,42,5,0,2,49,0,0,8,1,9,42,5,8,3,58,4,0,4,62
12/01/2020,ITO,HI,AWP,WE,Combined TRACON& Tower with Radar,36,3,4,2,45,0,0,9,2,11,36,3,13,4,56,0,14,14,70
12/02/2020,ITO,HI,AWP,WE,Combined TRACON& Tower with Radar,40,6,3,1,50,0,0,5,1,6,40,6,8,2,56,0,0,0,56
12/03/2020,ITO,HI,AWP,WE,Combined TRACON& Tower with Radar,37,10,1,5,53,0,3,9,4,16,37,13,10,9,69,26,4,30,99
12/04/2020,ITO,HI,AWP,WE,Combined TRACON& Tower with Radar,35,7,2,0,44,0,2,9,0,11,35,9,11,0,55,0,0,0,55
12/05/2020,ITO,HI,AWP,WE,Combined TRACON& Tower with Radar,30,7,0,11,48,0,2,1,0,3,30,9,1,11,51,8,0,8,59
12/06/2020,ITO,HI,AWP,WE,Combined TRACON& Tower with Radar,32,5,3,0,40,0,0,3,0,3,32,5,6,0,43,0,0,0,43
12/07/2020,ITO,HI,AWP,WE,Combined TRACON& Tower with Radar,40,3,16,0,59,0,0,10,0,10,40,3,26,0,69,0,0,0,69
12/08/2020,ITO,HI,AWP,WE,Combined TRACON& Tower with Radar,35,6,0,0,41,0,0,2,3,5,35,6,2,3,46,0,8,8,54
12/09/2020,ITO,HI,AWP,WE,Combined TRACON& Tower with Radar,38,7,0,2,47,0,1,4,2,7,38,8,4,4,54,0,5,5,59
12/10/2020,ITO,HI,AWP,WE,Combined TRACON& Tower with Radar,36,4,8,0,48,0,2,8,5,15,36,6,16,5,63,2,4,6,69
12/11/2020,ITO,HI,AWP,WE,Combined TRACON& Tower with Radar,33,3,3,3,42,0,0,6,0,6,33,3,9,3,48,6,0,6,54
12/12/2020,ITO,HI,AWP,WE,Combined TRACON& Tower with Radar,29,5,5,1,40,0,0,6,0,6,29,5,11,1,46,0,0,0,46
12/13/2020,ITO,HI,AWP,WE,Combined TRACON& Tower with Radar,35,4,3,3,45,0,0,8,0,8,35,4,11,3,53,0,0,0,53
12/14/2020,ITO,HI,AWP,WE,Combined TRACON& Tower with Radar,40,8,8,0,56,0,0,10,0,10,40,8,18,0,66,0,0,0,66
12/15/2020,ITO,HI,AWP,WE,Combined TRACON& Tower with Radar,38,4,0,0,42,0,0,6,0,6,38,4,6,0,48,0,2,2,50
12/16/2020,ITO,HI,AWP,WE,Combined TRACON& Tower with Radar,32,4,0,2,38,0,0,2,0,2,32,4,2,2,40,18,0,18,58
12/17/2020,ITO,HI,AWP,WE,Combined TRACON& Tower with Radar,34,7,4,0,45,0,0,4,0,4,34,7,8,0,49,0,0,0,49
12/18/2020,ITO,HI,AWP,WE,Combined TRACON& Tower with Radar,35,8,11,0,54,0,0,2,0,2,35,8,13,0,56,2,0,2,58
12/19/2020,ITO,HI,AWP,WE,Combined TRACON& Tower with Radar,27,2,2,0,31,0,0,0,0,0,27,2,2,0,31,0,0,0,31
12/20/2020,ITO,HI,AWP,WE,Combined TRACON& Tower with Radar,26,4,0,4,34,2,0,0,0,2,28,4,0,4,36,0,0,0,36
12/21/2020,ITO,HI,AWP,WE,Combined TRACON& Tower with Radar,32,4,7,1,44,0,2,19,1,22,32,6,26,2,66,20,0,20,86
12/22/2020,ITO,HI,AWP,WE,Combined TRACON& Tower with Radar,32,6,3,0,41,0,3,18,5,26,32,9,21,5,67,10,14,24,91
12/23/2020,ITO,HI,AWP,WE,Combined TRACON& Tower with Radar,30,4,2,0,36,0,2,18,2,22,30,6,20,2,58,12,0,12,70
12/24/2020,ITO,HI,AWP,WE,Combined TRACON& Tower with Radar,31,10,0,0,41,0,0,19,0,19,31,10,19,0,60,2,0,2,62
12/25/2020,ITO,HI,AWP,WE,Combined TRACON& Tower with Radar,22,2,1,0,25,0,0,6,0,6,22,2,7,0,31,0,0,0,31
12/26/2020,ITO,HI,AWP,WE,Combined TRACON& Tower with Radar,25,6,4,2,37,0,0,8,0,8,25,6,12,2,45,0,0,0,45
12/27/2020,ITO,HI,AWP,WE,Combined TRACON& Tower with Radar,25,4,3,0,32,0,2,9,0,11,25,6,12,0,43,2,0,2,45
12/28/2020,ITO,HI,AWP,WE,Combined TRACON& Tower with Radar,32,5,0,0,37,0,0,21,0,21,32,5,21,0,58,4,0,4,62
12/29/2020,ITO,HI,AWP,WE,Combined TRACON& Tower with Radar,32,8,0,0,40,0,6,14,0,20,32,14,14,0,60,10,0,10,70
12/30/2020,ITO,HI,AWP,WE,Combined TRACON& Tower with Radar,40,8,1,6,55,0,3,22,0,25,40,11,23,6,80,4,0,4,84
12/31/2020,ITO,HI,AWP,WE,Combined TRACON& Tower with Radar,38,2,1,0,41,0,1,17,0,18,38,3,18,0,59,4,0,4,63
01/01/2021,ITO,HI,AWP,WE,Combined TRACON& Tower with Radar,25,2,5,0,32,0,2,3,0,5,25,4,8,0,37,6,0,6,43
01/02/2021,ITO,HI,AWP,WE,Combined TRACON& Tower with Radar,21,8,11,0,40,0,0,19,0,19,21,8,30,0,59,16,0,16,75
01/03/2021,ITO,HI,AWP,WE,Combined TRACON& Tower with Radar,21,2,0,0,23,0,10,14,0,24,21,12,14,0,47,6,0,6,53
01/04/2021,ITO,HI,AWP,WE,Combined TRACON& Tower with Radar,34,5,0,0,39,0,0,9,0,9,34,5,9,0,48,10,0,10,58
01/05/2021,ITO,HI,AWP,WE,Combined TRACON& Tower with Radar,31,6,7,2,46,0,0,39,0,39,31,6,46,2,85,16,0,16,101
01/06/2021,ITO,HI,AWP,WE,Combined TRACON& Tower with Radar,33,5,0,4,42,0,0,17,0,17,33,5,17,4,59,2,0,2,61
01/07/2021,ITO,HI,AWP,WE,Combined TRACON& Tower with Radar,34,6,4,0,44,0,1,14,2,17,34,7,18,2,61,0,0,0,61
01/08/2021,ITO,HI,AWP,WE,Combined TRACON& Tower with Radar,34,7,7,2,50,0,0,16,3,19,34,7,23,5,69,4,12,16,85
01/09/2021,ITO,HI,AWP,WE,Combined TRACON& Tower with Radar,26,3,2,0,31,0,0,7,5,12,26,3,9,5,43,10,2,12,55
01/10/2021,ITO,HI,AWP,WE,Combined TRACON& Tower with Radar,25,3,2,0,30,0,0,4,0,4,25,3,6,0,34,0,0,0,34
01/11/2021,ITO,HI,AWP,WE,Combined TRACON& Tower with Radar,32,4,4,0,40,0,0,14,0,14,32,4,18,0,54,4,0,4,58
01/12/2021,ITO,HI,AWP,WE,Combined TRACON& Tower with Radar,31,6,8,0,45,0,0,8,1,9,31,6,16,1,54,0,8,8,62
01/13/2021,ITO,HI,AWP,WE,Combined TRACON& Tower with Radar,29,7,6,6,48,0,0,14,0,14,29,7,20,6,62,4,6,10,72
01/14/2021,ITO,HI,AWP,WE,Combined TRACON& Tower with Radar,31,3,5,1,40,0,1,17,1,19,31,4,22,2,59,4,2,6,65
01/15/2021,ITO,HI,AWP,WE,Combined TRACON& Tower with Radar,43,6,6,3,58,0,2,16,0,18,43,8,22,3,76,24,0,24,100
01/16/2021,ITO,HI,AWP,WE,Combined TRACON& Tower with Radar,27,10,2,0,39,0,1,5,0,6,27,11,7,0,45,6,0,6,51
01/17/2021,ITO,HI,AWP,WE,Combined TRACON& Tower with Radar,25,1,2,0,28,0,6,11,0,17,25,7,13,0,45,0,0,0,45
01/18/2021,ITO,HI,AWP,WE,Combined TRACON& Tower with Radar,32,5,4,5,46,0,0,3,1,4,32,5,7,6,50,4,6,10,60
01/19/2021,ITO,HI,AWP,WE,Combined TRACON& Tower with Radar,32,5,3,0,40,0,0,4,0,4,32,5,7,0,44,4,0,4,48
01/20/2021,ITO,HI,AWP,WE,Combined TRACON& Tower with Radar,36,9,10,0,55,0,0,14,3,17,36,9,24,3,72,12,36,48,120
01/21/2021,ITO,HI,AWP,WE,Combined TRACON& Tower with Radar,30,7,1,8,46,0,0,4,2,6,30,7,5,10,52,4,0,4,56
01/22/2021,ITO,HI,AWP,WE,Combined TRACON& Tower with Radar,38,10,4,2,54,0,0,16,4,20,38,10,20,6,74,0,22,22,96
01/23/2021,ITO,HI,AWP,WE,Combined TRACON& Tower with Radar,23,9,7,0,39,0,0,8,0,8,23,9,15,0,47,0,0,0,47
01/24/2021,ITO,HI,AWP,WE,Combined TRACON& Tower with Radar,23,4,6,0,33,0,0,10,0,10,23,4,16,0,43,14,0,14,57
01/25/2021,ITO,HI,AWP,WE,Combined TRACON& Tower with Radar,38,6,8,2,54,0,0,0,0,0,38,6,8,2,54,26,0,26,80
01/26/2021,ITO,HI,AWP,WE,Combined TRACON& Tower with Radar,29,6,4,5,44,0,0,0,0,0,29,6,4,5,44,6,10,16,60
01/27/2021,ITO,HI,AWP,WE,Combined TRACON& Tower with Radar,31,4,4,2,41,0,0,0,0,0,31,4,4,2,41,4,0,4,45
01/28/2021,ITO,HI,AWP,WE,Combined TRACON& Tower with Radar,30,5,6,12,53,0,0,12,3,15,30,5,18,15,68,50,23,73,141
01/29/2021,ITO,HI,AWP,WE,Combined TRACON& Tower with Radar,30,13,6,0,49,0,0,7,0,7,30,13,13,0,56,8,0,8,64
01/30/2021,ITO,HI,AWP,WE,Combined TRACON& Tower with Radar,21,10,6,0,37,0,0,10,0,10,21,10,16,0,47,30,0,30,77
01/31/2021,ITO,HI,AWP,WE,Combined TRACON& Tower with Radar,24,5,4,0,33,0,2,2,0,4,24,7,6,0,37,0,0,0,37
02/01/2021,ITO,HI,AWP,WE,Combined TRACON& Tower with Radar,31,16,7,0,54,0,3,4,2,9,31,19,11,2,63,4,0,4,67
02/02/2021,ITO,HI,AWP,WE,Combined TRACON& Tower with Radar,28,17,3,2,50,0,0,19,0,19,28,17,22,2,69,42,0,42,111
02/03/2021,ITO,HI,AWP,WE,Combined TRACON& Tower with Radar,28,8,1,0,37,0,0,11,2,13,28,8,12,2,50,4,2,6,56
02/04/2021,ITO,HI,AWP,WE,Combined TRACON& Tower with Radar,28,8,13,2,51,0,0,20,1,21,28,8,33,3,72,10,0,10,82
02/05/2021,ITO,HI,AWP,WE,Combined TRACON& Tower with Radar,28,7,4,3,42,0,0,7,1,8,28,7,11,4,50,12,14,26,76
02/06/2021,ITO,HI,AWP,WE,Combined TRACON& Tower with Radar,21,8,4,0,33,0,0,10,0,10,21,8,14,0,43,74,0,74,117
02/07/2021,ITO,HI,AWP,WE,Combined TRACON& Tower with Radar,25,6,9,0,40,0,1,11,0,12,25,7,20,0,52,12,0,12,64
02/08/2021,ITO,HI,AWP,WE,Combined TRACON& Tower with Radar,24,14,3,0,41,0,0,9,0,9,24,14,12,0,50,2,0,2,52
02/09/2021,ITO,HI,AWP,WE,Combined TRACON& Tower with Radar,31,11,8,0,50,0,0,5,0,5,31,11,13,0,55,10,0,10,65
02/10/2021,ITO,HI,AWP,WE,Combined TRACON& Tower with Radar,27,7,0,9,43,0,3,21,1,25,27,10,21,10,68,38,0,38,106
02/11/2021,ITO,HI,AWP,WE,Combined TRACON& Tower with Radar,25,7,1,5,38,0,1,15,3,19,25,8,16,8,57,14,4,18,75
02/12/2021,ITO,HI,AWP,WE,Combined TRACON& Tower with Radar,35,1,9,0,45,0,0,27,0,27,35,1,36,0,72,28,0,28,100
02/13/2021,ITO,HI,AWP,WE,Combined TRACON& Tower with Radar,23,7,2,0,32,0,1,7,2,10,23,8,9,2,42,0,0,0,42
02/14/2021,ITO,HI,AWP,WE,Combined TRACON& Tower with Radar,23,2,0,0,25,0,0,5,0,5,23,2,5,0,30,2,0,2,32
02/15/2021,ITO,HI,AWP,WE,Combined TRACON& Tower with Radar,26,10,1,0,37,0,0,8,0,8,26,10,9,0,45,6,0,6,51
02/16/2021,ITO,HI,AWP,WE,Combined TRACON& Tower with Radar,29,5,3,2,39,0,2,23,2,27,29,7,26,4,66,22,0,22,88
02/17/2021,ITO,HI,AWP,WE,Combined TRACON& Tower with Radar,28,7,1,2,38,0,0,8,0,8,28,7,9,2,46,16,0,16,62
02/18/2021,ITO,HI,AWP,WE,Combined TRACON& Tower with Radar,39,5,6,4,54,0,0,14,0,14,39,5,20,4,68,2,0,2,70
02/19/2021,ITO,HI,AWP,WE,Combined TRACON& Tower with Radar,29,10,1,0,40,0,0,20,2,22,29,10,21,2,62,8,0,8,70
02/20/2021,ITO,HI,AWP,WE,Combined TRACON& Tower with Radar,25,9,2,0,36,0,0,2,0,2,25,9,4,0,38,0,10,10,48
02/21/2021,ITO,HI,AWP,WE,Combined TRACON& Tower with Radar,25,4,0,0,29,0,0,1,0,1,25,4,1,0,30,10,0,10,40
02/22/2021,ITO,HI,AWP,WE,Combined TRACON& Tower with Radar,28,9,0,1,38,0,0,16,0,16,28,9,16,1,54,4,0,4,58
02/23/2021,ITO,HI,AWP,WE,Combined TRACON& Tower with Radar,32,6,5,7,50,0,1,10,0,11,32,7,15,7,61,2,0,2,63
02/24/2021,ITO,HI,AWP,WE,Combined TRACON& Tower with Radar,31,8,0,9,48,0,0,6,5,11,31,8,6,14,59,4,20,24,83
02/25/2021,ITO,HI,AWP,WE,Combined TRACON& Tower with Radar,32,8,0,11,51,0,0,15,1,16,32,8,15,12,67,6,36,42,109
02/26/2021,ITO,HI,AWP,WE,Combined TRACON& Tower with Radar,31,6,0,8,45,0,2,7,0,9,31,8,7,8,54,6,6,12,66
02/27/2021,ITO,HI,AWP,WE,Combined TRACON& Tower with Radar,30,4,0,0,34,0,0,2,0,2,30,4,2,0,36,0,0,0,36
02/28/2021,ITO,HI,AWP,WE,Combined TRACON& Tower with Radar,30,7,0,5,42,0,0,4,0,4,30,7,4,5,46,0,0,0,46
03/01/2021,ITO,HI,AWP,WE,Combined TRACON& Tower with Radar,29,5,0,0,34,0,0,10,0,10,29,5,10,0,44,10,0,10,54
03/02/2021,ITO,HI,AWP,WE,Combined TRACON& Tower with Radar,31,3,2,6,42,0,0,12,0,12,31,3,14,6,54,10,0,10,64
03/03/2021,ITO,HI,AWP,WE,Combined TRACON& Tower with Radar,33,9,6,1,49,0,2,22,1,25,33,11,28,2,74,4,16,20,94
03/04/2021,ITO,HI,AWP,WE,Combined TRACON& Tower with Radar,29,8,2,6,45,0,0,28,4,32,29,8,30,10,77,8,22,30,107
03/05/2021,ITO,HI,AWP,WE,Combined TRACON& Tower with Radar,31,6,0,0,37,0,0,24,0,24,31,6,24,0,61,6,0,6,67
03/06/2021,ITO,HI,AWP,WE,Combined TRACON& Tower with Radar,27,6,1,0,34,1,0,12,0,13,28,6,13,0,47,2,0,2,49
03/07/2021,ITO,HI,AWP,WE,Combined TRACON& Tower with Radar,27,2,1,0,30,0,0,4,0,4,27,2,5,0,34,0,0,0,34
03/08/2021,ITO,HI,AWP,WE,Combined TRACON& Tower with Radar,28,10,2,0,40,0,0,3,0,3,28,10,5,0,43,2,0,2,45
03/09/2021,ITO,HI,AWP,WE,Combined TRACON& Tower with Radar,33,8,4,0,45,0,0,2,0,2,33,8,6,0,47,0,0,0,47
03/10/2021,ITO,HI,AWP,WE,Combined TRACON& Tower with Radar,29,6,2,1,38,0,0,1,2,3,29,6,3,3,41,0,2,2,43
03/11/2021,ITO,HI,AWP,WE,Combined TRACON& Tower with Radar,29,25,0,3,57,0,0,6,2,8,29,25,6,5,65,8,8,16,81
03/12/2021,ITO,HI,AWP,WE,Combined TRACON& Tower with Radar,35,9,1,12,57,0,0,12,0,12,35,9,13,12,69,8,4,12,81
03/13/2021,ITO,HI,AWP,WE,Combined TRACON& Tower with Radar,23,10,4,2,39,0,1,0,0,1,23,11,4,2,40,0,0,0,40
03/14/2021,ITO,HI,AWP,WE,Combined TRACON& Tower with Radar,29,0,4,4,37,0,1,4,0,5,29,1,8,4,42,2,0,2,44
03/15/2021,ITO,HI,AWP,WE,Combined TRACON& Tower with Radar,28,9,2,2,41,0,0,32,2,34,28,9,34,4,75,10,0,10,85
03/16/2021,ITO,HI,AWP,WE,Combined TRACON& Tower with Radar,32,8,0,2,42,0,1,27,0,28,32,9,27,2,70,8,0,8,78
03/17/2021,ITO,HI,AWP,WE,Combined TRACON& Tower with Radar,32,8,5,6,51,0,0,19,0,19,32,8,24,6,70,12,6,18,88
03/18/2021,ITO,HI,AWP,WE,Combined TRACON& Tower with Radar,31,10,2,4,47,0,0,12,0,12,31,10,14,4,59,4,0,4,63
03/19/2021,ITO,HI,AWP,WE,Combined TRACON& Tower with Radar,32,9,1,0,42,0,0,34,0,34,32,9,35,0,76,6,0,6,82
03/20/2021,ITO,HI,AWP,WE,Combined TRACON& Tower with Radar,25,16,7,3,51,0,0,2,1,3,25,16,9,4,54,0,6,6,60
03/21/2021,ITO,HI,AWP,WE,Combined TRACON& Tower with Radar,27,16,1,0,44,0,15,7,0,22,27,31,8,0,66,4,0,4,70
03/22/2021,ITO,HI,AWP,WE,Combined TRACON& Tower with Radar,31,7,3,3,44,1,0,4,2,7,32,7,7,5,51,4,0,4,55
03/23/2021,ITO,HI,AWP,WE,Combined TRACON& Tower with Radar,34,8,13,2,57,0,0,34,0,34,34,8,47,2,91,14,0,14,105
03/24/2021,ITO,HI,AWP,WE,Combined TRACON& Tower with Radar,31,10,1,0,42,0,0,19,0,19,31,10,20,0,61,8,0,8,69
03/25/2021,ITO,HI,AWP,WE,Combined TRACON& Tower with Radar,33,15,7,2,57,0,1,32,7,40,33,16,39,9,97,8,6,14,111
03/26/2021,ITO,HI,AWP,WE,Combined TRACON& Tower with Radar,31,7,1,3,42,0,0,47,3,50,31,7,48,6,92,10,8,18,110
03/27/2021,ITO,HI,AWP,WE,Combined TRACON& Tower with Radar,31,7,1,1,40,0,0,13,0,13,31,7,14,1,53,4,0,4,57
03/28/2021,ITO,HI,AWP,WE,Combined TRACON& Tower with Radar,28,8,1,0,37,0,0,0,0,0,28,8,1,0,37,0,0,0,37
03/29/2021,ITO,HI,AWP,WE,Combined TRACON& Tower with Radar,33,10,1,0,44,0,2,20,0,22,33,12,21,0,66,8,0,8,74
03/30/2021,ITO,HI,AWP,WE,Combined TRACON& Tower with Radar,37,13,4,2,56,0,2,16,0,18,37,15,20,2,74,6,0,6,80
03/31/2021,ITO,HI,AWP,WE,Combined TRACON& Tower with Radar,32,12,3,2,49,0,0,29,4,33,32,12,32,6,82,18,2,20,102
04/01/2021,ITO,HI,AWP,WE,Combined TRACON& Tower with Radar,35,4,3,2,44,0,0,37,2,39,35,4,40,4,83,12,16,28,111
04/02/2021,ITO,HI,AWP,WE,Combined TRACON& Tower with Radar,36,3,1,0,40,0,1,46,0,47,36,4,47,0,87,14,0,14,101
04/03/2021,ITO,HI,AWP,WE,Combined TRACON& Tower with Radar,27,10,1,1,39,0,0,13,0,13,27,10,14,1,52,14,0,14,66
04/04/2021,ITO,HI,AWP,WE,Combined TRACON& Tower with Radar,30,4,3,2,39,0,0,0,1,1,30,4,3,3,40,0,4,4,44
04/05/2021,ITO,HI,AWP,WE,Combined TRACON& Tower with Radar,34,12,4,1,51,0,0,11,2,13,34,12,15,3,64,8,0,8,72
04/06/2021,ITO,HI,AWP,WE,Combined TRACON& Tower with Radar,34,9,3,0,46,0,0,1,0,1,34,9,4,0,47,0,0,0,47
04/07/2021,ITO,HI,AWP,WE,Combined TRACON& Tower with Radar,41,13,3,1,58,0,0,30,1,31,41,13,33,2,89,8,0,8,97
04/08/2021,ITO,HI,AWP,WE,Combined TRACON& Tower with Radar,40,10,2,0,52,0,0,48,0,48,40,10,50,0,100,12,0,12,112
04/09/2021,ITO,HI,AWP,WE,Combined TRACON& Tower with Radar,42,10,1,2,55,0,0,46,2,48,42,10,47,4,103,12,2,14,117
04/10/2021,ITO,HI,AWP,WE,Combined TRACON& Tower with Radar,31,17,4,2,54,0,1,12,4,17,31,18,16,6,71,2,4,6,77
04/11/2021,ITO,HI,AWP,WE,Combined TRACON& Tower with Radar,35,3,1,4,43,0,0,10,0,10,35,3,11,4,53,2,0,2,55
04/12/2021,ITO,HI,AWP,WE,Combined TRACON& Tower with Radar,39,15,2,4,60,0,2,21,3,26,39,17,23,7,86,8,30,38,124
04/13/2021,ITO,HI,AWP,WE,Combined TRACON& Tower with Radar,38,14,5,4,61,0,0,20,4,24,38,14,25,8,85,42,28,70,155
04/14/2021,ITO,HI,AWP,WE,Combined TRACON& Tower with Radar,41,5,0,4,50,0,0,25,5,30,41,5,25,9,80,10,4,14,94
04/15/2021,ITO,HI,AWP,WE,Combined TRACON& Tower with Radar,42,3,2,1,48,0,0,31,0,31,42,3,33,1,79,14,0,14,93
04/16/2021,ITO,HI,AWP,WE,Combined TRACON& Tower with Radar,44,10,3,0,57,0,1,44,2,47,44,11,47,2,104,24,0,24,128
04/17/2021,ITO,HI,AWP,WE,Combined TRACON& Tower with Radar,33,5,3,7,48,2,0,12,2,16,35,5,15,9,64,16,0,16,80
04/18/2021,ITO,HI,AWP,WE,Combined TRACON& Tower with Radar,30,0,5,2,37,0,4,9,0,13,30,4,14,2,50,4,0,4,54
04/19/2021,ITO,HI,AWP,WE,Combined TRACON& Tower with Radar,39,7,1,1,48,0,6,43,0,49,39,13,44,1,97,8,0,8,105
04/20/2021,ITO,HI,AWP,WE,Combined TRACON& Tower with Radar,37,12,10,2,61,0,7,25,8,40,37,19,35,10,101,44,8,52,153
04/21/2021,ITO,HI,AWP,WE,Combined TRACON& Tower with Radar,36,10,0,0,46,0,5,34,2,41,36,15,34,2,87,12,0,12,99
04/22/2021,ITO,HI,AWP,WE,Combined TRACON& Tower with Radar,42,17,2,0,61,0,5,37,4,46,42,22,39,4,107,14,0,14,121
04/23/2021,ITO,HI,AWP,WE,Combined TRACON& Tower with Radar,44,11,4,0,59,0,3,29,4,36,44,14,33,4,95,16,0,16,111
04/24/2021,ITO,HI,AWP,WE,Combined TRACON& Tower with Radar,29,10,2,5,46,0,0,5,0,5,29,10,7,5,51,0,0,0,51
04/25/2021,ITO,HI,AWP,WE,Combined TRACON& Tower with Radar,32,6,0,0,38,0,3,6,0,9,32,9,6,0,47,0,0,0,47
04/26/2021,ITO,HI,AWP,WE,Combined TRACON& Tower with Radar,40,11,2,2,55,0,3,30,1,34,40,14,32,3,89,10,0,10,99
04/27/2021,ITO,HI,AWP,WE,Combined TRACON& Tower with Radar,33,15,2,10,60,0,5,23,0,28,33,20,25,10,88,12,7,19,107
04/28/2021,ITO,HI,AWP,WE,Combined TRACON& Tower with Radar,38,8,4,7,57,0,6,24,2,32,38,14,28,9,89,24,6,30,119
04/29/2021,ITO,HI,AWP,WE,Combined TRACON& Tower with Radar,40,9,0,0,49,0,1,30,0,31,40,10,30,0,80,27,0,27,107
04/30/2021,ITO,HI,AWP,WE,Combined TRACON& Tower with Radar,46,7,0,3,56,0,2,34,1,37,46,9,34,4,93,12,0,12,105
05/01/2021,ITO,HI,AWP,WE,Combined TRACON& Tower with Radar,29,17,1,9,56,0,1,12,2,15,29,18,13,11,71,2,0,2,73
05/02/2021,ITO,HI,AWP,WE,Combined TRACON& Tower with Radar,32,14,1,4,51,0,3,6,0,9,32,17,7,4,60,0,0,0,60
05/03/2021,ITO,HI,AWP,WE,Combined TRACON& Tower with Radar,42,13,2,9,66,0,8,35,3,46,42,21,37,12,112,10,12,22,134
05/04/2021,ITO,HI,AWP,WE,Combined TRACON& Tower with Radar,35,23,0,11,69,0,7,34,3,44,35,30,34,14,113,22,10,32,145
05/05/2021,ITO,HI,AWP,WE,Combined TRACON& Tower with Radar,37,18,0,11,66,0,4,12,4,20,37,22,12,15,86,4,16,20,106
05/06/2021,ITO,HI,AWP,WE,Combined TRACON& Tower with Radar,35,14,1,1,51,0,4,25,1,30,35,18,26,2,81,22,0,22,103
05/07/2021,ITO,HI,AWP,WE,Combined TRACON& Tower with Radar,44,13,2,0,59,0,3,28,0,31,44,16,30,0,90,14,0,14,104
05/08/2021,ITO,HI,AWP,WE,Combined TRACON& Tower with Radar,34,11,2,2,49,0,3,11,2,16,34,14,13,4,65,6,4,10,75
05/09/2021,ITO,HI,AWP,WE,Combined TRACON& Tower with Radar,32,11,2,5,50,0,4,12,0,16,32,15,14,5,66,2,0,2,68
05/10/2021,ITO,HI,AWP,WE,Combined TRACON& Tower with Radar,41,8,1,0,50,0,4,34,0,38,41,12,35,0,88,16,0,16,104
05/11/2021,ITO,HI,AWP,WE,Combined TRACON& Tower with Radar,36,14,5,5,60,0,6,31,1,38,36,20,36,6,98,16,0,16,114
05/12/2021,ITO,HI,AWP,WE,Combined TRACON& Tower with Radar,34,12,4,1,51,0,5,36,2,43,34,17,40,3,94,8,0,8,102
05/13/2021,ITO,HI,AWP,WE,Combined TRACON& Tower with Radar,46,19,5,2,72,0,1,27,5,33,46,20,32,7,105,10,0,10,115
05/14/2021,ITO,HI,AWP,WE,Combined TRACON& Tower with Radar,43,9,2,0,54,0,2,35,2,39,43,11,37,2,93,18,20,38,131
05/15/2021,ITO,HI,AWP,WE,Combined TRACON& Tower with Radar,32,23,2,0,57,0,5,12,0,17,32,28,14,0,74,0,0,0,74
05/16/2021,ITO,HI,AWP,WE,Combined TRACON& Tower with Radar,35,6,1,1,43,0,4,3,1,8,35,10,4,2,51,0,10,10,61
05/17/2021,ITO,HI,AWP,WE,Combined TRACON& Tower with Radar,36,25,0,0,61,0,7,45,0,52,36,32,45,0,113,26,0,26,139
05/18/2021,ITO,HI,AWP,WE,Combined TRACON& Tower with Radar,35,17,3,0,55,0,3,38,4,45,35,20,41,4,100,10,28,38,138
05/19/2021,ITO,HI,AWP,WE,Combined TRACON& Tower with Radar,44,9,1,6,60,0,6,53,1,60,44,15,54,7,120,22,0,22,142
05/20/2021,ITO,HI,AWP,WE,Combined TRACON& Tower with Radar,39,11,3,0,53,0,3,22,2,27,39,14,25,2,80,26,12,38,118
05/21/2021,ITO,HI,AWP,WE,Combined TRACON& Tower with Radar,51,11,1,0,63,0,0,4,0,4,51,11,5,0,67,4,4,8,75
05/22/2021,ITO,HI,AWP,WE,Combined TRACON& Tower with Radar,30,12,1,0,43,0,6,18,0,24,30,18,19,0,67,10,0,10,77
05/23/2021,ITO,HI,AWP,WE,Combined TRACON& Tower with Radar,32,6,0,0,38,0,6,7,2,15,32,12,7,2,53,0,0,0,53
05/24/2021,ITO,HI,AWP,WE,Combined TRACON& Tower with Radar,37,17,3,0,57,0,8,55,0,63,37,25,58,0,120,24,0,24,144
05/25/2021,ITO,HI,AWP,WE,Combined TRACON& Tower with Radar,38,15,0,1,54,0,5,57,10,72,38,20,57,11,126,17,14,31,157
05/26/2021,ITO,HI,AWP,WE,Combined TRACON& Tower with Radar,33,9,2,1,45,0,5,36,1,42,33,14,38,2,87,10,2,12,99
05/27/2021,ITO,HI,AWP,WE,Combined TRACON& Tower with Radar,38,10,2,4,54,0,6,49,2,57,38,16,51,6,111,24,4,28,139
05/28/2021,ITO,HI,AWP,WE,Combined TRACON& Tower with Radar,41,14,1,0,56,0,5,60,0,65,41,19,61,0,121,18,0,18,139
05/29/2021,ITO,HI,AWP,WE,Combined TRACON& Tower with Radar,31,12,3,0,46,0,5,10,0,15,31,17,13,0,61,0,0,0,61
05/30/2021,ITO,HI,AWP,WE,Combined TRACON& Tower with Radar,33,7,4,0,44,0,7,17,0,24,33,14,21,0,68,10,0,10,78
05/31/2021,ITO,HI,AWP,WE,Combined TRACON& Tower with Radar,33,14,5,2,54,0,3,33,0,36,33,17,38,2,90,12,0,12,102
06/01/2021,ITO,HI,AWP,WE,Combined TRACON& Tower with Radar,41,8,2,2,53,0,6,54,0,60,41,14,56,2,113,14,13,27,140
06/02/2021,ITO,HI,AWP,WE,Combined TRACON& Tower with Radar,42,18,1,3,64,0,4,45,1,50,42,22,46,4,114,12,0,12,126
06/03/2021,ITO,HI,AWP,WE,Combined TRACON& Tower with Radar,41,12,2,0,55,0,6,40,0,46,41,18,42,0,101,12,0,12,113
06/04/2021,ITO,HI,AWP,WE,Combined TRACON& Tower with Radar,51,14,2,1,68,0,11,44,2,57,51,25,46,3,125,55,0,55,180
06/05/2021,ITO,HI,AWP,WE,Combined TRACON& Tower with Radar,37,15,4,3,59,0,7,13,1,21,37,22,17,4,80,22,6,28,108
06/06/2021,ITO,HI,AWP,WE,Combined TRACON& Tower with Radar,37,10,3,2,52,0,5,16,10,31,37,15,19,12,83,0,30,30,113
06/07/2021,ITO,HI,AWP,WE,Combined TRACON& Tower with Radar,41,17,4,2,64,0,4,46,2,52,41,21,50,4,116,28,20,48,164
06/08/2021,ITO,HI,AWP,WE,Combined TRACON& Tower with Radar,42,11,0,2,55,0,5,36,0,41,42,16,36,2,96,40,8,48,144
06/09/2021,ITO,HI,AWP,WE,Combined TRACON& Tower with Radar,41,15,0,7,63,0,3,27,4,34,41,18,27,11,97,14,0,14,111
06/10/2021,ITO,HI,AWP,WE,Combined TRACON& Tower with Radar,48,18,8,2,76,0,2,25,1,28,48,20,33,3,104,12,2,14,118
06/11/2021,ITO,HI,AWP,WE,Combined TRACON& Tower with Radar,45,12,1,1,59,0,6,49,11,66,45,18,50,12,125,39,6,45,170
06/12/2021,ITO,HI,AWP,WE,Combined TRACON& Tower with Radar,32,8,1,2,43,0,2,7,0,9,32,10,8,2,52,16,0,16,68
06/13/2021,ITO,HI,AWP,WE,Combined TRACON& Tower with Radar,35,9,1,2,47,0,4,0,3,7,35,13,1,5,54,0,2,2,56
06/14/2021,ITO,HI,AWP,WE,Combined TRACON& Tower with Radar,43,15,3,1,62,4,4,31,8,47,47,19,34,9,109,12,20,32,141
06/15/2021,ITO,HI,AWP,WE,Combined TRACON& Tower with Radar,45,10,0,4,59,0,13,47,11,71,45,23,47,15,130,28,24,52,182
06/16/2021,ITO,HI,AWP,WE,Combined TRACON& Tower with Radar,41,15,1,5,62,0,1,31,3,35,41,16,32,8,97,16,12,28,125
06/17/2021,ITO,HI,AWP,WE,Combined TRACON& Tower with Radar,42,19,1,1,63,0,0,6,5,11,42,19,7,6,74,6,12,18,92
06/18/2021,ITO,HI,AWP,WE,Combined TRACON& Tower with Radar,40,10,0,2,52,0,3,46,7,56,40,13,46,9,108,20,18,38,146
06/19/2021,ITO,HI,AWP,WE,Combined TRACON& Tower with Radar,35,9,3,0,47,0,6,22,1,29,35,15,25,1,76,6,0,6,82
06/20/2021,ITO,HI,AWP,WE,Combined TRACON& Tower with Radar,41,7,4,1,53,0,6,9,6,21,41,13,13,7,74,2,2,4,78
06/21/2021,ITO,HI,AWP,WE,Combined TRACON& Tower with Radar,38,16,5,9,68,0,7,52,2,61,38,23,57,11,129,18,0,18,147
06/22/2021,ITO,HI,AWP,WE,Combined TRACON& Tower with Radar,39,8,2,2,51,0,11,48,2,61,39,19,50,4,112,18,4,22,134
06/23/2021,ITO,HI,AWP,WE,Combined TRACON& Tower with Radar,46,15,5,11,77,0,3,58,3,64,46,18,63,14,141,20,8,28,169
06/24/2021,ITO,HI,AWP,WE,Combined TRACON& Tower with Radar,45,15,2,9,71,0,4,30,2,36,45,19,32,11,107,20,20,40,147
06/25/2021,ITO,HI,AWP,WE,Combined TRACON& Tower with Radar,46,5,2,7,60,0,6,52,5,63,46,11,54,12,123,12,0,12,135
06/26/2021,ITO,HI,AWP,WE,Combined TRACON& Tower with Radar,39,7,16,0,62,0,7,24,0,31,39,14,40,0,93,4,0,4,97
06/27/2021,ITO,HI,AWP,WE,Combined TRACON& Tower with Radar,42,8,1,0,51,0,2,5,0,7,42,10,6,0,58,0,0,0,58
06/28/2021,ITO,HI,AWP,WE,Combined TRACON& Tower with Radar,42,7,0,0,49,0,8,60,0,68,42,15,60,0,117,20,0,20,137
06/29/2021,ITO,HI,AWP,WE,Combined TRACON& Tower with Radar,44,13,3,0,60,0,4,52,0,56,44,17,55,0,116,8,0,8,124
06/30/2021,ITO,HI,AWP,WE,Combined TRACON& Tower with Radar,45,13,1,1,60,0,5,30,4,39,45,18,31,5,99,14,2,16,115
07/01/2021,ITO,HI,AWP,WE,Combined TRACON& Tower with Radar,42,20,1,0,63,0,3,29,0,32,42,23,30,0,95,12,0,12,107
07/02/2021,ITO,HI,AWP,WE,Combined TRACON& Tower with Radar,43,18,5,0,66,0,5,30,0,35,43,23,35,0,101,18,4,22,123
07/03/2021,ITO,HI,AWP,WE,Combined TRACON& Tower with Radar,37,18,7,0,62,0,5,31,0,36,37,23,38,0,98,4,0,4,102
07/04/2021,ITO,HI,AWP,WE,Combined TRACON& Tower with Radar,28,13,2,0,43,0,5,4,0,9,28,18,6,0,52,0,0,0,52
07/05/2021,ITO,HI,AWP,WE,Combined TRACON& Tower with Radar,35,10,0,2,47,0,4,26,0,30,35,14,26,2,77,12,0,12,89
07/06/2021,ITO,HI,AWP,WE,Combined TRACON& Tower with Radar,41,23,1,0,65,0,4,29,0,33,41,27,30,0,98,18,0,18,116
07/07/2021,ITO,HI,AWP,WE,Combined TRACON& Tower with Radar,39,17,1,2,59,0,2,43,1,46,39,19,44,3,105,20,6,26,131
07/08/2021,ITO,HI,AWP,WE,Combined TRACON& Tower with Radar,38,14,1,7,60,0,4,50,5,59,38,18,51,12,119,39,10,49,168
07/09/2021,ITO,HI,AWP,WE,Combined TRACON& Tower with Radar,42,11,2,2,57,0,4,39,0,43,42,15,41,2,100,12,12,24,124
07/10/2021,ITO,HI,AWP,WE,Combined TRACON& Tower with Radar,39,10,1,2,52,0,6,15,1,22,39,16,16,3,74,8,0,8,82
07/11/2021,ITO,HI,AWP,WE,Combined TRACON& Tower with Radar,34,7,7,4,52,0,4,10,4,18,34,11,17,8,70,10,4,14,84
07/12/2021,ITO,HI,AWP,WE,Combined TRACON& Tower with Radar,40,13,2,0,55,0,5,41,0,46,40,18,43,0,101,18,0,18,119
07/13/2021,ITO,HI,AWP,WE,Combined TRACON& Tower with Radar,43,11,1,0,55,0,3,42,2,47,43,14,43,2,102,14,0,14,116
07/14/2021,ITO,HI,AWP,WE,Combined TRACON& Tower with Radar,39,14,6,0,59,0,7,40,1,48,39,21,46,1,107,10,2,12,119
07/15/2021,ITO,HI,AWP,WE,Combined TRACON& Tower with Radar,44,18,3,6,71,0,4,56,3,63,44,22,59,9,134,14,2,16,150
07/16/2021,ITO,HI,AWP,WE,Combined TRACON& Tower with Radar,44,18,3,4,69,0,3,33,3,39,44,21,36,7,108,10,0,10,118
07/17/2021,ITO,HI,AWP,WE,Combined TRACON& Tower with Radar,29,19,8,5,61,0,7,14,3,24,29,26,22,8,85,6,0,6,91
07/18/2021,ITO,HI,AWP,WE,Combined TRACON& Tower with Radar,35,14,15,2,66,0,1,11,0,12,35,15,26,2,78,12,0,12,90
07/19/2021,ITO,HI,AWP,WE,Combined TRACON& Tower with Radar,43,17,5,5,70,0,1,47,7,55,43,18,52,12,125,18,14,32,157
07/20/2021,ITO,HI,AWP,WE,Combined TRACON& Tower with Radar,39,21,4,0,64,0,38,1,4,43,39,59,5,4,107,12,36,48,155
07/21/2021,ITO,HI,AWP,WE,Combined TRACON& Tower with Radar,44,22,2,13,81,0,37,1,1,39,44,59,3,14,120,12,0,12,132
07/22/2021,ITO,HI,AWP,WE,Combined TRACON& Tower with Radar,36,27,4,1,68,0,29,6,5,40,36,56,10,6,108,22,16,38,146
07/23/2021,ITO,HI,AWP,WE,Combined TRACON& Tower with Radar,42,20,3,0,65,0,28,5,3,36,42,48,8,3,101,12,6,18,119
07/24/2021,ITO,HI,AWP,WE,Combined TRACON& Tower with Radar,30,16,0,1,47,0,16,0,0,16,30,32,0,1,63,4,0,4,67
07/25/2021,ITO,HI,AWP,WE,Combined TRACON& Tower with Radar,32,12,3,0,47,0,4,0,0,4,32,16,3,0,51,0,0,0,51
07/26/2021,ITO,HI,AWP,WE,Combined TRACON& Tower with Radar,43,23,3,0,69,0,3,3,0,6,43,26,6,0,75,11,0,11,86
07/27/2021,ITO,HI,AWP,WE,Combined TRACON& Tower with Radar,38,17,1,2,58,0,26,0,3,29,38,43,1,5,87,8,0,8,95
07/28/2021,ITO,HI,AWP,WE,Combined TRACON& Tower with Radar,37,19,6,1,63,0,37,6,0,43,37,56,12,1,106,28,0,28,134
07/29/2021,ITO,HI,AWP,WE,Combined TRACON& Tower with Radar,40,15,3,0,58,0,43,11,5,59,40,58,14,5,117,20,20,40,157
07/30/2021,ITO,HI,AWP,WE,Combined TRACON& Tower with Radar,40,14,5,6,65,0,22,21,0,43,40,36,26,6,108,8,0,8,116
07/31/2021,ITO,HI,AWP,WE,Combined TRACON& Tower with Radar,32,11,1,0,44,0,22,0,0,22,32,33,1,0,66,25,0,25,91
08/01/2021,ITO,HI,AWP,WE,Combined TRACON& Tower with Radar,37,7,0,2,46,0,10,3,3,16,37,17,3,5,62,0,0,0,62
08/02/2021,ITO,HI,AWP,WE,Combined TRACON& Tower with Radar,43,13,0,5,61,0,34,8,1,43,43,47,8,6,104,18,4,22,126
08/03/2021,ITO,HI,AWP,WE,Combined TRACON& Tower with Radar,39,17,3,4,63,0,38,13,2,53,39,55,16,6,116,26,18,44,160
08/04/2021,ITO,HI,AWP,WE,Combined TRACON& Tower with Radar,41,19,2,4,66,0,39,4,4,47,41,58,6,8,113,16,10,26,139
08/05/2021,ITO,HI,AWP,WE,Combined TRACON& Tower with Radar,41,16,3,8,68,0,45,4,5,54,41,61,7,13,122,12,12,24,146
08/06/2021,ITO,HI,AWP,WE,Combined TRACON& Tower with Radar,41,14,0,4,59,0,48,8,0,56,41,62,8,4,115,30,0,30,145
08/07/2021,ITO,HI,AWP,WE,Combined TRACON& Tower with Radar,33,10,1,3,47,0,23,6,6,35,33,33,7,9,82,4,18,22,104
08/08/2021,ITO,HI,AWP,WE,Combined TRACON& Tower with Radar,33,12,2,4,51,0,5,6,1,12,33,17,8,5,63,0,0,0,63
08/09/2021,ITO,HI,AWP,WE,Combined TRACON& Tower with Radar,46,18,2,1,67,0,45,10,3,58,46,63,12,4,125,40,0,40,165
08/10/2021,ITO,HI,AWP,WE,Combined TRACON& Tower with Radar,39,16,1,2,58,0,30,4,4,38,39,46,5,6,96,14,20,34,130
08/11/2021,ITO,HI,AWP,WE,Combined TRACON& Tower with Radar,41,9,5,3,58,0,21,3,6,30,41,30,8,9,88,10,29,39,127
08/12/2021,ITO,HI,AWP,WE,Combined TRACON& Tower with Radar,47,6,3,4,60,0,42,8,5,55,47,48,11,9,115,36,20,56,171
08/13/2021,ITO,HI,AWP,WE,Combined TRACON& Tower with Radar,42,9,0,4,55,0,46,3,0,49,42,55,3,4,104,56,0,56,160
08/14/2021,ITO,HI,AWP,WE,Combined TRACON& Tower with Radar,37,10,0,3,50,0,20,6,1,27,37,30,6,4,77,14,2,16,93
08/15/2021,ITO,HI,AWP,WE,Combined TRACON& Tower with Radar,38,7,1,0,46,0,16,9,0,25,38,23,10,0,71,12,0,12,83
08/16/2021,ITO,HI,AWP,WE,Combined TRACON& Tower with Radar,41,13,1,0,55,0,36,9,2,47,41,49,10,2,102,14,0,14,116
08/17/2021,ITO,HI,AWP,WE,Combined TRACON& Tower with Radar,40,12,1,1,54,0,39,7,2,48,40,51,8,3,102,8,4,12,114
08/18/2021,ITO,HI,AWP,WE,Combined TRACON& Tower with Radar,41,15,2,6,64,0,20,3,3,26,41,35,5,9,90,10,6,16,106
08/19/2021,ITO,HI,AWP,WE,Combined TRACON& Tower with Radar,42,13,4,8,67,0,35,12,7,54,42,48,16,15,121,46,22,68,189
08/20/2021,ITO,HI,AWP,WE,Combined TRACON& Tower with Radar,45,11,1,3,60,0,61,3,0,64,45,72,4,3,124,36,0,36,160
08/21/2021,ITO,HI,AWP,WE,Combined TRACON& Tower with Radar,40,9,2,3,54,0,19,2,4,25,40,28,4,7,79,4,0,4,83
08/22/2021,ITO,HI,AWP,WE,Combined TRACON& Tower with Radar,32,7,0,1,40,0,4,0,1,5,32,11,0,2,45,0,2,2,47
08/23/2021,ITO,HI,AWP,WE,Combined TRACON& Tower with Radar,40,17,0,0,57,0,8,0,3,11,40,25,0,3,68,12,0,12,80
08/24/2021,ITO,HI,AWP,WE,Combined TRACON& Tower with Radar,41,11,2,7,61,0,31,3,11,45,41,42,5,18,106,12,26,38,144
08/25/2021,ITO,HI,AWP,WE,Combined TRACON& Tower with Radar,39,21,1,9,70,0,43,3,9,55,39,64,4,18,125,36,18,54,179
08/26/2021,ITO,HI,AWP,WE,Combined TRACON& Tower with Radar,35,14,2,6,57,0,28,7,2,37,35,42,9,8,94,24,28,52,146
08/27/2021,ITO,HI,AWP,WE,Combined TRACON& Tower with Radar,43,10,3,0,56,0,23,2,4,29,43,33,5,4,85,14,12,26,111
08/28/2021,ITO,HI,AWP,WE,Combined TRACON& Tower with Radar,35,12,2,0,49,0,23,2,0,25,35,35,4,0,74,9,0,9,83
08/29/2021,ITO,HI,AWP,WE,Combined TRACON& Tower with Radar,29,10,1,0,40,0,13,4,3,20,29,23,5,3,60,18,0,18,78
08/30/2021,ITO,HI,AWP,WE,Combined TRACON& Tower with Radar,36,18,1,4,59,0,18,3,2,23,36,36,4,6,82,18,0,18,100
08/31/2021,ITO,HI,AWP,WE,Combined TRACON& Tower with Radar,41,9,1,1,52,0,28,11,4,43,41,37,12,5,95,32,2,34,129
09/01/2021,ITO,HI,AWP,WE,Combined TRACON& Tower with Radar,39,14,3,5,61,0,29,7,1,37,39,43,10,6,98,16,0,16,114
09/02/2021,ITO,HI,AWP,WE,Combined TRACON& Tower with Radar,39,15,4,2,60,0,24,10,0,34,39,39,14,2,94,16,0,16,110
09/03/2021,ITO,HI,AWP,WE,Combined TRACON& Tower with Radar,41,10,2,0,53,0,29,5,3,37,41,39,7,3,90,31,2,33,123
09/04/2021,ITO,HI,AWP,WE,Combined TRACON& Tower with Radar,36,9,0,4,49,0,28,5,0,33,36,37,5,4,82,4,8,12,94
09/05/2021,ITO,HI,AWP,WE,Combined TRACON& Tower with Radar,35,4,0,2,41,0,2,3,0,5,35,6,3,2,46,0,0,0,46
09/06/2021,ITO,HI,AWP,WE,Combined TRACON& Tower with Radar,39,18,0,4,61,0,38,5,2,45,39,56,5,6,106,34,0,34,140
09/07/2021,ITO,HI,AWP,WE,Combined TRACON& Tower with Radar,38,16,0,7,61,0,34,5,5,44,38,50,5,12,105,22,20,42,147
09/08/2021,ITO,HI,AWP,WE,Combined TRACON& Tower with Radar,40,15,4,8,67,0,28,8,4,40,40,43,12,12,107,8,56,64,171
09/09/2021,ITO,HI,AWP,WE,Combined TRACON& Tower with Radar,37,13,3,1,54,0,28,1,4,33,37,41,4,5,87,14,26,40,127
09/10/2021,ITO,HI,AWP,WE,Combined TRACON& Tower with Radar,38,8,0,7,53,0,32,8,5,45,38,40,8,12,98,28,6,34,132
09/11/2021,ITO,HI,AWP,WE,Combined TRACON& Tower with Radar,36,10,0,0,46,0,16,2,0,18,36,26,2,0,64,6,0,6,70
09/12/2021,ITO,HI,AWP,WE,Combined TRACON& Tower with Radar,30,8,0,1,39,0,3,0,0,3,30,11,0,1,42,0,4,4,46
09/13/2021,ITO,HI,AWP,WE,Combined TRACON& Tower with Radar,39,19,1,10,69,0,25,2,1,28,39,44,3,11,97,34,0,34,131
09/14/2021,ITO,HI,AWP,WE,Combined TRACON& Tower with Radar,41,23,3,3,70,0,31,6,2,39,41,54,9,5,109,22,0,22,131
09/15/2021,ITO,HI,AWP,WE,Combined TRACON& Tower with Radar,41,13,1,3,58,0,26,6,1,33,41,39,7,4,91,14,2,16,107
09/16/2021,ITO,HI,AWP,WE,Combined TRACON& Tower with Radar,39,13,0,5,57,0,19,3,2,24,39,32,3,7,81,10,30,40,121
09/17/2021,ITO,HI,AWP,WE,Combined TRACON& Tower with Radar,40,13,2,5,60,0,34,4,0,38,40,47,6,5,98,24,0,24,122
09/18/2021,ITO,HI,AWP,WE,Combined TRACON& Tower with Radar,32,18,0,1,51,0,17,2,0,19,32,35,2,1,70,4,2,6,76
09/19/2021,ITO,HI,AWP,WE,Combined TRACON& Tower with Radar,31,11,0,0,42,0,4,2,2,8,31,15,2,2,50,10,0,10,60
09/20/2021,ITO,HI,AWP,WE,Combined TRACON& Tower with Radar,44,15,1,5,65,0,18,6,1,25,44,33,7,6,90,18,0,18,108
09/21/2021,ITO,HI,AWP,WE,Combined TRACON& Tower with Radar,38,14,0,11,63,0,1,2,2,5,38,15,2,13,68,4,14,18,86
09/22/2021,ITO,HI,AWP,WE,Combined TRACON& Tower with Radar,39,18,2,4,63,0,36,7,7,50,39,54,9,11,113,30,10,40,153
09/23/2021,ITO,HI,AWP,WE,Combined TRACON& Tower with Radar,42,10,0,4,56,0,37,3,2,42,42,47,3,6,98,28,12,40,138
09/24/2021,ITO,HI,AWP,WE,Combined TRACON& Tower with Radar,39,12,1,4,56,0,20,5,3,28,39,32,6,7,84,12,22,34,118
09/25/2021,ITO,HI,AWP,WE,Combined TRACON& Tower with Radar,33,6,0,2,41,0,22,0,2,24,33,28,0,4,65,14,2,16,81
09/26/2021,ITO,HI,AWP,WE,Combined TRACON& Tower with Radar,31,13,1,3,48,0,0,2,0,2,31,13,3,3,50,0,0,0,50
09/27/2021,ITO,HI,AWP,WE,Combined TRACON& Tower with Radar,44,12,0,6,62,0,24,4,0,28,44,36,4,6,90,14,6,20,110
09/28/2021,ITO,HI,AWP,WE,Combined TRACON& Tower with Radar,43,14,1,9,67,0,8,2,0,10,43,22,3,9,77,16,38,54,131
09/29/2021,ITO,HI,AWP,WE,Combined TRACON& Tower with Radar,41,15,2,4,62,0,29,1,0,30,41,44,3,4,92,24,6,30,122
09/30/2021,ITO,HI,AWP,WE,Combined TRACON& Tower with Radar,44,31,2,6,83,0,0,3,0,3,44,31,5,6,86,0,2,2,88
10/01/2021,ITO,HI,AWP,WE,Combined TRACON& Tower with Radar,37,20,1,0,58,0,32,5,4,41,37,52,6,4,99,18,16,34,133
10/02/2021,ITO,HI,AWP,WE,Combined TRACON& Tower with Radar,30,14,4,2,50,2,17,4,1,24,32,31,8,3,74,12,0,12,86
10/03/2021,ITO,HI,AWP,WE,Combined TRACON& Tower with Radar,26,14,5,2,47,0,7,7,2,16,26,21,12,4,63,12,2,14,77
10/04/2021,ITO,HI,AWP,WE,Combined TRACON& Tower with Radar,39,16,1,1,57,0,39,4,3,46,39,55,5,4,103,48,0,48,151
10/05/2021,ITO,HI,AWP,WE,Combined TRACON& Tower with Radar,38,13,4,1,56,0,45,8,0,53,38,58,12,1,109,54,0,54,163
10/06/2021,ITO,HI,AWP,WE,Combined TRACON& Tower with Radar,39,15,0,6,60,0,38,8,0,46,39,53,8,6,106,34,6,40,146
10/07/2021,ITO,HI,AWP,WE,Combined TRACON& Tower with Radar,42,20,11,5,78,0,37,4,2,43,42,57,15,7,121,20,0,20,141
10/08/2021,ITO,HI,AWP,WE,Combined TRACON& Tower with Radar,36,17,1,0,54,0,29,3,0,32,36,46,4,0,86,8,0,8,94
10/09/2021,ITO,HI,AWP,WE,Combined TRACON& Tower with Radar,33,16,0,2,51,0,6,2,0,8,33,22,2,2,59,4,0,4,63
10/10/2021,ITO,HI,AWP,WE,Combined TRACON& Tower with Radar,25,15,1,0,41,0,4,2,0,6,25,19,3,0,47,2,0,2,49
10/11/2021,ITO,HI,AWP,WE,Combined TRACON& Tower with Radar,42,13,1,0,56,0,23,2,0,25,42,36,3,0,81,8,0,8,89
10/12/2021,ITO,HI,AWP,WE,Combined TRACON& Tower with Radar,39,24,0,3,66,0,8,2,1,11,39,32,2,4,77,4,0,4,81
10/13/2021,ITO,HI,AWP,WE,Combined TRACON& Tower with Radar,36,15,0,12,63,0,18,3,1,22,36,33,3,13,85,10,0,10,95
10/14/2021,ITO,HI,AWP,WE,Combined TRACON& Tower with Radar,34,16,3,3,56,0,28,6,1,35,34,44,9,4,91,14,2,16,107
10/15/2021,ITO,HI,AWP,WE,Combined TRACON& Tower with Radar,38,18,2,0,58,0,28,4,0,32,38,46,6,0,90,20,0,20,110
10/16/2021,ITO,HI,AWP,WE,Combined TRACON& Tower with Radar,31,15,5,0,51,0,10,3,5,18,31,25,8,5,69,4,22,26,95
10/17/2021,ITO,HI,AWP,WE,Combined TRACON& Tower with Radar,30,10,4,0,44,0,16,2,0,18,30,26,6,0,62,4,0,4,66
10/18/2021,ITO,HI,AWP,WE,Combined TRACON& Tower with Radar,36,16,4,0,56,0,41,7,0,48,36,57,11,0,104,16,0,16,120
10/19/2021,ITO,HI,AWP,WE,Combined TRACON& Tower with Radar,35,17,5,0,57,0,46,5,2,53,35,63,10,2,110,18,2,20,130
10/20/2021,ITO,HI,AWP,WE,Combined TRACON& Tower with Radar,38,18,5,0,61,0,49,15,3,67,38,67,20,3,128,12,2,14,142
10/21/2021,ITO,HI,AWP,WE,Combined TRACON& Tower with Radar,37,10,4,4,55,0,48,15,5,68,37,58,19,9,123,10,16,26,149
10/22/2021,ITO,HI,AWP,WE,Combined TRACON& Tower with Radar,36,13,3,4,56,0,42,7,1,50,36,55,10,5,106,18,0,18,124
10/23/2021,ITO,HI,AWP,WE,Combined TRACON& Tower with Radar,37,15,3,0,55,0,27,8,0,35,37,42,11,0,90,34,0,34,124
10/24/2021,ITO,HI,AWP,WE,Combined TRACON& Tower with Radar,29,16,2,0,47,0,16,1,0,17,29,32,3,0,64,8,0,8,72
10/25/2021,ITO,HI,AWP,WE,Combined TRACON& Tower with Radar,37,15,1,0,53,0,37,0,0,37,37,52,1,0,90,12,0,12,102
10/26/2021,ITO,HI,AWP,WE,Combined TRACON& Tower with Radar,36,19,4,0,59,0,40,3,2,45,36,59,7,2,104,12,4,16,120
10/27/2021,ITO,HI,AWP,WE,Combined TRACON& Tower with Radar,35,13,2,6,56,0,39,6,8,53,35,52,8,14,109,20,10,30,139
10/28/2021,ITO,HI,AWP,WE,Combined TRACON& Tower with Radar,37,14,5,2,58,0,33,12,2,47,37,47,17,4,105,32,8,40,145
10/29/2021,ITO,HI,AWP,WE,Combined TRACON& Tower with Radar,37,17,1,0,55,0,32,9,0,41,37,49,10,0,96,26,0,26,122
10/30/2021,ITO,HI,AWP,WE,Combined TRACON& Tower with Radar,35,16,3,0,54,0,23,5,0,28,35,39,8,0,82,23,0,23,105
10/31/2021,ITO,HI,AWP,WE,Combined TRACON& Tower with Radar,25,12,5,0,42,0,17,4,0,21,25,29,9,0,63,4,0,4,67
11/01/2021,ITO,HI,AWP,WE,Combined TRACON& Tower with Radar,40,17,1,1,59,0,33,2,2,37,40,50,3,3,96,8,2,10,106
11/02/2021,ITO,HI,AWP,WE,Combined TRACON& Tower with Radar,38,13,6,2,59,0,27,9,2,38,38,40,15,4,97,26,0,26,123
11/03/2021,ITO,HI,AWP,WE,Combined TRACON& Tower with Radar,37,20,1,1,59,0,37,5,4,46,37,57,6,5,105,12,0,12,117
11/04/2021,ITO,HI,AWP,WE,Combined TRACON& Tower with Radar,36,18,3,9,66,0,39,5,6,50,36,57,8,15,116,30,0,30,146
11/05/2021,ITO,HI,AWP,WE,Combined TRACON& Tower with Radar,38,15,1,4,58,0,41,7,5,53,38,56,8,9,111,10,10,20,131
11/06/2021,ITO,HI,AWP,WE,Combined TRACON& Tower with Radar,33,12,1,2,48,0,26,1,2,29,33,38,2,4,77,6,0,6,83
11/07/2021,ITO,HI,AWP,WE,Combined TRACON& Tower with Radar,27,17,4,3,51,0,7,5,0,12,27,24,9,3,63,0,0,0,63
11/08/2021,ITO,HI,AWP,WE,Combined TRACON& Tower with Radar,38,14,2,2,56,0,42,5,6,53,38,56,7,8,109,20,2,22,131
11/09/2021,ITO,HI,AWP,WE,Combined TRACON& Tower with Radar,38,20,3,2,63,0,53,7,2,62,38,73,10,4,125,16,0,16,141
11/10/2021,ITO,HI,AWP,WE,Combined TRACON& Tower with Radar,38,13,3,4,58,0,41,8,1,50,38,54,11,5,108,12,0,12,120
11/11/2021,ITO,HI,AWP,WE,Combined TRACON& Tower with Radar,36,16,3,0,55,0,49,7,0,56,36,65,10,0,111,18,0,18,129
11/12/2021,ITO,HI,AWP,WE,Combined TRACON& Tower with Radar,36,13,2,1,52,0,47,7,0,54,36,60,9,1,106,12,0,12,118
11/13/2021,ITO,HI,AWP,WE,Combined TRACON& Tower with Radar,34,13,3,0,50,0,6,0,0,6,34,19,3,0,56,4,0,4,60
11/14/2021,ITO,HI,AWP,WE,Combined TRACON& Tower with Radar,28,14,2,0,44,0,3,3,0,6,28,17,5,0,50,10,0,10,60
11/15/2021,ITO,HI,AWP,WE,Combined TRACON& Tower with Radar,44,12,3,0,59,0,9,0,0,9,44,21,3,0,68,12,0,12,80
11/16/2021,ITO,HI,AWP,WE,Combined TRACON& Tower with Radar,35,23,1,2,61,0,28,10,1,39,35,51,11,3,100,26,0,26,126
11/17/2021,ITO,HI,AWP,WE,Combined TRACON& Tower with Radar,37,19,3,4,63,0,10,7,1,18,37,29,10,5,81,36,8,44,125
11/18/2021,ITO,HI,AWP,WE,Combined TRACON& Tower with Radar,35,17,3,7,62,0,28,3,2,33,35,45,6,9,95,24,6,30,125
11/19/2021,ITO,HI,AWP,WE,Combined TRACON& Tower with Radar,42,15,3,0,60,0,61,6,0,67,42,76,9,0,127,36,0,36,163
11/20/2021,ITO,HI,AWP,WE,Combined TRACON& Tower with Radar,34,12,2,0,48,0,38,1,0,39,34,50,3,0,87,12,0,12,99
11/21/2021,ITO,HI,AWP,WE,Combined TRACON& Tower with Radar,29,10,0,0,39,0,37,7,0,44,29,47,7,0,83,14,0,14,97
11/22/2021,ITO,HI,AWP,WE,Combined TRACON& Tower with Radar,40,12,5,0,57,0,42,6,0,48,40,54,11,0,105,16,0,16,121
11/23/2021,ITO,HI,AWP,WE,Combined TRACON& Tower with Radar,36,17,1,5,59,0,58,9,5,72,36,75,10,10,131,22,2,24,155
11/24/2021,ITO,HI,AWP,WE,Combined TRACON& Tower with Radar,38,14,0,2,54,0,46,7,2,55,38,60,7,4,109,28,2,30,139
11/25/2021,ITO,HI,AWP,WE,Combined TRACON& Tower with Radar,31,14,1,0,46,0,2,4,0,6,31,16,5,0,52,6,0,6,58
11/26/2021,ITO,HI,AWP,WE,Combined TRACON& Tower with Radar,36,14,7,0,57,0,46,6,0,52,36,60,13,0,109,14,0,14,123
11/27/2021,ITO,HI,AWP,WE,Combined TRACON& Tower with Radar,36,15,4,0,55,0,28,4,0,32,36,43,8,0,87,2,0,2,89
11/28/2021,ITO,HI,AWP,WE,Combined TRACON& Tower with Radar,31,7,2,2,42,0,9,4,2,15,31,16,6,4,57,14,0,14,71
11/29/2021,ITO,HI,AWP,WE,Combined TRACON& Tower with Radar,40,20,0,2,62,0,37,2,0,39,40,57,2,2,101,18,10,28,129
11/30/2021,ITO,HI,AWP,WE,Combined TRACON& Tower with Radar,35,19,0,1,55,2,27,3,0,32,37,46,3,1,87,12,0,12,99
12/01/2021,ITO,HI,AWP,WE,Combined TRACON& Tower with Radar,41,17,3,4,65,0,14,2,0,16,41,31,5,4,81,14,0,14,95
12/02/2021,ITO,HI,AWP,WE,Combined TRACON& Tower with Radar,41,15,2,4,62,0,30,5,1,36,41,45,7,5,98,26,4,30,128
12/03/2021,ITO,HI,AWP,WE,Combined TRACON& Tower with Radar,42,19,3,0,64,0,25,7,4,36,42,44,10,4,100,12,6,18,118
12/04/2021,ITO,HI,AWP,WE,Combined TRACON& Tower with Radar,38,19,5,2,64,0,0,3,0,3,38,19,8,2,67,0,0,0,67
12/05/2021,ITO,HI,AWP,WE,Combined TRACON& Tower with Radar,30,10,3,2,45,0,0,0,0,0,30,10,3,2,45,0,0,0,45
12/06/2021,ITO,HI,AWP,WE,Combined TRACON& Tower with Radar,39,11,1,0,51,0,0,1,0,1,39,11,2,0,52,0,0,0,52
12/07/2021,ITO,HI,AWP,WE,Combined TRACON& Tower with Radar,37,13,0,0,50,0,21,3,2,26,37,34,3,2,76,12,42,54,130
12/08/2021,ITO,HI,AWP,WE,Combined TRACON& Tower with Radar,38,22,3,5,68,0,6,8,1,15,38,28,11,6,83,8,36,44,127
12/09/2021,ITO,HI,AWP,WE,Combined TRACON& Tower with Radar,37,16,9,18,80,0,44,5,3,52,37,60,14,21,132,26,38,64,196
12/10/2021,ITO,HI,AWP,WE,Combined TRACON& Tower with Radar,40,14,2,3,59,0,30,5,2,37,40,44,7,5,96,8,2,10,106
12/11/2021,ITO,HI,AWP,WE,Combined TRACON& Tower with Radar,41,14,3,0,58,0,23,3,0,26,41,37,6,0,84,4,0,4,88
12/12/2021,ITO,HI,AWP,WE,Combined TRACON& Tower with Radar,29,18,1,2,50,0,16,1,1,18,29,34,2,3,68,2,0,2,70
12/13/2021,ITO,HI,AWP,WE,Combined TRACON& Tower with Radar,43,24,10,8,85,0,36,6,0,42,43,60,16,8,127,10,0,10,137
12/14/2021,ITO,HI,AWP,WE,Combined TRACON& Tower with Radar,42,23,3,2,70,0,34,25,3,62,42,57,28,5,132,18,2,20,152
12/15/2021,ITO,HI,AWP,WE,Combined TRACON& Tower with Radar,43,17,2,3,65,0,40,1,0,41,43,57,3,3,106,22,14,36,142
12/16/2021,ITO,HI,AWP,WE,Combined TRACON& Tower with Radar,46,22,0,1,69,0,38,5,5,48,46,60,5,6,117,18,2,20,137
12/17/2021,ITO,HI,AWP,WE,Combined TRACON& Tower with Radar,46,22,1,1,70,0,36,4,0,40,46,58,5,1,110,26,0,26,136
12/18/2021,ITO,HI,AWP,WE,Combined TRACON& Tower with Radar,43,9,1,1,54,0,31,2,0,33,43,40,3,1,87,28,0,28,115
12/19/2021,ITO,HI,AWP,WE,Combined TRACON& Tower with Radar,37,8,1,0,46,0,15,1,0,16,37,23,2,0,62,8,0,8,70
12/20/2021,ITO,HI,AWP,WE,Combined TRACON& Tower with Radar,45,20,3,0,68,0,40,4,1,45,45,60,7,1,113,16,8,24,137
12/21/2021,ITO,HI,AWP,WE,Combined TRACON& Tower with Radar,45,17,6,3,71,0,0,1,0,1,45,17,7,3,72,0,0,0,72
12/22/2021,ITO,HI,AWP,WE,Combined TRACON& Tower with Radar,40,18,3,0,61,0,0,0,0,0,40,18,3,0,61,0,0,0,61
12/23/2021,ITO,HI,AWP,WE,Combined TRACON& Tower with Radar,44,23,1,0,68,0,31,1,0,32,44,54,2,0,100,10,0,10,110
12/24/2021,ITO,HI,AWP,WE,Combined TRACON& Tower with Radar,45,20,0,0,65,0,56,9,0,65,45,76,9,0,130,42,0,42,172
12/25/2021,ITO,HI,AWP,WE,Combined TRACON& Tower with Radar,38,5,1,0,44,0,27,5,0,32,38,32,6,0,76,6,0,6,82
12/26/2021,ITO,HI,AWP,WE,Combined TRACON& Tower with Radar,39,7,4,0,50,0,27,6,0,33,39,34,10,0,83,6,0,6,89
12/27/2021,ITO,HI,AWP,WE,Combined TRACON& Tower with Radar,38,17,2,1,58,0,60,6,0,66,38,77,8,1,124,12,0,12,136
12/28/2021,ITO,HI,AWP,WE,Combined TRACON& Tower with Radar,44,18,4,0,66,0,36,13,2,51,44,54,17,2,117,10,0,10,127
12/29/2021,ITO,HI,AWP,WE,Combined TRACON& Tower with Radar,39,19,2,4,64,0,27,6,4,37,39,46,8,8,101,6,2,8,109
12/30/2021,ITO,HI,AWP,WE,Combined TRACON& Tower with Radar,35,24,3,0,62,0,0,1,0,1,35,24,4,0,63,0,0,0,63
12/31/2021,ITO,HI,AWP,WE,Combined TRACON& Tower with Radar,46,15,1,0,62,0,2,1,0,3,46,17,2,0,65,0,0,0,65
01/01/2022,ITO,HI,AWP,WE,Combined TRACON& Tower with Radar,30,7,2,0,39,0,30,0,0,30,30,37,2,0,69,12,0,12,81
01/02/2022,ITO,HI,AWP,WE,Combined TRACON& Tower with Radar,32,11,2,0,45,0,34,8,0,42,32,45,10,0,87,18,0,18,105
01/03/2022,ITO,HI,AWP,WE,Combined TRACON& Tower with Radar,51,13,0,2,66,0,39,10,0,49,51,52,10,2,115,12,0,12,127
01/04/2022,ITO,HI,AWP,WE,Combined TRACON& Tower with Radar,43,14,5,2,64,0,53,11,0,64,43,67,16,2,128,26,0,26,154
01/05/2022,ITO,HI,AWP,WE,Combined TRACON& Tower with Radar,38,12,0,9,59,0,59,11,2,72,38,71,11,11,131,28,16,44,175
01/06/2022,ITO,HI,AWP,WE,Combined TRACON& Tower with Radar,37,14,1,3,55,0,43,8,1,52,37,57,9,4,107,14,6,20,127
01/07/2022,ITO,HI,AWP,WE,Combined TRACON& Tower with Radar,38,11,0,9,58,0,40,5,0,45,38,51,5,9,103,10,32,42,145
01/08/2022,ITO,HI,AWP,WE,Combined TRACON& Tower with Radar,31,10,6,1,48,0,31,7,5,43,31,41,13,6,91,12,12,24,115
01/09/2022,ITO,HI,AWP,WE,Combined TRACON& Tower with Radar,32,14,4,4,54,0,26,6,1,33,32,40,10,5,87,16,0,16,103
01/10/2022,ITO,HI,AWP,WE,Combined TRACON& Tower with Radar,38,16,0,4,58,0,32,14,0,46,38,48,14,4,104,12,0,12,116
01/11/2022,ITO,HI,AWP,WE,Combined TRACON& Tower with Radar,36,22,7,2,67,0,51,6,4,61,36,73,13,6,128,10,0,10,138
01/12/2022,ITO,HI,AWP,WE,Combined TRACON& Tower with Radar,37,15,1,7,60,0,41,6,2,49,37,56,7,9,109,12,0,12,121
01/13/2022,ITO,HI,AWP,WE,Combined TRACON& Tower with Radar,38,16,2,3,59,0,35,4,6,45,38,51,6,9,104,30,16,46,150
01/14/2022,ITO,HI,AWP,WE,Combined TRACON& Tower with Radar,36,9,3,0,48,0,38,7,0,45,36,47,10,0,93,10,0,10,103
01/15/2022,ITO,HI,AWP,WE,Combined TRACON& Tower with Radar,32,18,0,1,51,0,23,5,1,29,32,41,5,2,80,8,2,10,90
01/16/2022,ITO,HI,AWP,WE,Combined TRACON& Tower with Radar,25,8,0,3,36,0,16,7,0,23,25,24,7,3,59,12,0,12,71
01/17/2022,ITO,HI,AWP,WE,Combined TRACON& Tower with Radar,32,6,0,0,38,0,44,11,0,55,32,50,11,0,93,10,0,10,103
01/18/2022,ITO,HI,AWP,WE,Combined TRACON& Tower with Radar,35,15,0,1,51,0,33,10,2,45,35,48,10,3,96,22,10,32,128
01/19/2022,ITO,HI,AWP,WE,Combined TRACON& Tower with Radar,33,16,1,14,64,0,22,3,2,27,33,38,4,16,91,10,0,10,101
01/20/2022,ITO,HI,AWP,WE,Combined TRACON& Tower with Radar,47,19,0,19,85,0,1,2,8,11,47,20,2,27,96,4,52,56,152
01/21/2022,ITO,HI,AWP,WE,Combined TRACON& Tower with Radar,36,11,3,1,51,0,35,4,3,42,36,46,7,4,93,26,0,26,119
01/22/2022,ITO,HI,AWP,WE,Combined TRACON& Tower with Radar,30,13,1,0,44,0,38,4,0,42,30,51,5,0,86,12,0,12,98
01/23/2022,ITO,HI,AWP,WE,Combined TRACON& Tower with Radar,28,11,4,2,45,0,33,7,9,49,28,44,11,11,94,8,2,10,104
01/24/2022,ITO,HI,AWP,WE,Combined TRACON& Tower with Radar,38,15,2,0,55,0,35,5,2,42,38,50,7,2,97,20,0,20,117
01/25/2022,ITO,HI,AWP,WE,Combined TRACON& Tower with Radar,34,17,1,2,54,0,25,4,3,32,34,42,5,5,86,12,0,12,98
01/26/2022,ITO,HI,AWP,WE,Combined TRACON& Tower with Radar,38,12,0,0,50,0,40,7,2,49,38,52,7,2,99,34,0,34,133
01/27/2022,ITO,HI,AWP,WE,Combined TRACON& Tower with Radar,38,14,2,4,58,0,31,6,3,40,38,45,8,7,98,22,13,35,133
01/28/2022,ITO,HI,AWP,WE,Combined TRACON& Tower with Radar,39,11,3,0,53,0,29,2,0,31,39,40,5,0,84,12,0,12,96
01/29/2022,ITO,HI,AWP,WE,Combined TRACON& Tower with Radar,27,7,1,1,36,0,23,7,1,31,27,30,8,2,67,46,0,46,113
01/30/2022,ITO,HI,AWP,WE,Combined TRACON& Tower with Radar,30,4,0,0,34,0,25,3,0,28,30,29,3,0,62,57,0,57,119
01/31/2022,ITO,HI,AWP,WE,Combined TRACON& Tower with Radar,35,18,3,0,56,0,31,4,2,37,35,49,7,2,93,14,0,14,107
02/01/2022,ITO,HI,AWP,WE,Combined TRACON& Tower with Radar,32,11,5,3,51,0,19,3,3,25,32,30,8,6,76,10,32,42,118
02/02/2022,ITO,HI,AWP,WE,Combined TRACON& Tower with Radar,32,9,3,2,46,0,49,5,6,60,32,58,8,8,106,26,40,66,172
02/03/2022,ITO,HI,AWP,WE,Combined TRACON& Tower with Radar,34,12,5,1,52,0,46,1,2,49,34,58,6,3,101,12,0,12,113
02/04/2022,ITO,HI,AWP,WE,Combined TRACON& Tower with Radar,35,7,1,2,45,0,22,6,3,31,35,29,7,5,76,34,0,34,110
02/05/2022,ITO,HI,AWP,WE,Combined TRACON& Tower with Radar,33,11,4,5,53,0,29,3,10,42,33,40,7,15,95,18,32,50,145
02/06/2022,ITO,HI,AWP,WE,Combined TRACON& Tower with Radar,24,13,21,3,61,0,21,5,0,26,24,34,26,3,87,26,2,28,115
02/07/2022,ITO,HI,AWP,WE,Combined TRACON& Tower with Radar,35,11,0,0,46,0,28,6,0,34,35,39,6,0,80,12,0,12,92
02/08/2022,ITO,HI,AWP,WE,Combined TRACON& Tower with Radar,31,13,6,8,58,0,20,12,8,40,31,33,18,16,98,50,18,68,166
02/09/2022,ITO,HI,AWP,WE,Combined TRACON& Tower with Radar,31,16,3,14,64,0,42,11,5,58,31,58,14,19,122,54,8,62,184
02/10/2022,ITO,HI,AWP,WE,Combined TRACON& Tower with Radar,33,13,2,3,51,0,40,16,4,60,33,53,18,7,111,14,34,48,159
02/11/2022,ITO,HI,AWP,WE,Combined TRACON& Tower with Radar,33,12,0,7,52,0,41,11,6,58,33,53,11,13,110,16,40,56,166
02/12/2022,ITO,HI,AWP,WE,Combined TRACON& Tower with Radar,29,7,1,1,38,0,34,8,0,42,29,41,9,1,80,12,0,12,92
02/13/2022,ITO,HI,AWP,WE,Combined TRACON& Tower with Radar,22,9,2,0,33,0,26,4,0,30,22,35,6,0,63,8,0,8,71
02/14/2022,ITO,HI,AWP,WE,Combined TRACON& Tower with Radar,34,13,3,2,52,0,41,7,2,50,34,54,10,4,102,12,4,16,118
02/15/2022,ITO,HI,AWP,WE,Combined TRACON& Tower with Radar,33,20,3,5,61,0,42,6,5,53,33,62,9,10,114,38,18,56,170
02/16/2022,ITO,HI,AWP,WE,Combined TRACON& Tower with Radar,39,18,7,6,70,0,50,10,2,62,39,68,17,8,132,16,30,46,178
02/17/2022,ITO,HI,AWP,WE,Combined TRACON& Tower with Radar,33,15,0,4,52,0,17,5,0,22,33,32,5,4,74,12,0,12,86
02/18/2022,ITO,HI,AWP,WE,Combined TRACON& Tower with Radar,36,13,1,0,50,0,44,3,0,47,36,57,4,0,97,20,0,20,117
02/19/2022,ITO,HI,AWP,WE,Combined TRACON& Tower with Radar,32,9,0,0,41,0,20,1,0,21,32,29,1,0,62,4,0,4,66
02/20/2022,ITO,HI,AWP,WE,Combined TRACON& Tower with Radar,24,8,1,2,35,0,26,4,0,30,24,34,5,2,65,4,0,4,69
02/21/2022,ITO,HI,AWP,WE,Combined TRACON& Tower with Radar,33,11,1,0,45,0,58,7,0,65,33,69,8,0,110,16,0,16,126
02/22/2022,ITO,HI,AWP,WE,Combined TRACON& Tower with Radar,35,13,0,3,51,0,39,5,1,45,35,52,5,4,96,48,22,70,166
02/23/2022,ITO,HI,AWP,WE,Combined TRACON& Tower with Radar,36,14,2,6,58,0,54,8,1,63,36,68,10,7,121,18,2,20,141
02/24/2022,ITO,HI,AWP,WE,Combined TRACON& Tower with Radar,34,16,1,4,55,0,48,1,6,55,34,64,2,10,110,12,8,20,130
02/25/2022,ITO,HI,AWP,WE,Combined TRACON& Tower with Radar,35,12,3,0,50,0,44,6,2,52,35,56,9,2,102,12,8,20,122
02/26/2022,ITO,HI,AWP,WE,Combined TRACON& Tower with Radar,31,8,1,3,43,0,35,6,1,42,31,43,7,4,85,6,12,18,103
02/27/2022,ITO,HI,AWP,WE,Combined TRACON& Tower with Radar,24,12,4,0,40,0,22,4,3,29,24,34,8,3,69,6,0,6,75
02/28/2022,ITO,HI,AWP,WE,Combined TRACON& Tower with Radar,30,13,2,5,50,0,26,11,0,37,30,39,13,5,87,6,0,6,93
03/01/2022,ITO,HI,AWP,WE,Combined TRACON& Tower with Radar,30,12,5,4,51,0,52,14,0,66,30,64,19,4,117,38,0,38,155
03/02/2022,ITO,HI,AWP,WE,Combined TRACON& Tower with Radar,35,12,2,0,49,0,33,8,0,41,35,45,10,0,90,12,18,30,120
03/03/2022,ITO,HI,AWP,WE,Combined TRACON& Tower with Radar,35,13,0,9,57,0,36,1,0,37,35,49,1,9,94,10,0,10,104
03/04/2022,ITO,HI,AWP,WE,Combined TRACON& Tower with Radar,36,14,2,14,66,0,22,6,0,28,36,36,8,14,94,14,0,14,108
03/05/2022,ITO,HI,AWP,WE,Combined TRACON& Tower with Radar,33,14,2,6,55,0,19,5,4,28,33,33,7,10,83,8,0,8,91
03/06/2022,ITO,HI,AWP,WE,Combined TRACON& Tower with Radar,27,3,4,2,36,0,14,2,0,16,27,17,6,2,52,30,0,30,82
03/07/2022,ITO,HI,AWP,WE,Combined TRACON& Tower with Radar,35,14,2,5,56,0,49,12,1,62,35,63,14,6,118,18,2,20,138
03/08/2022,ITO,HI,AWP,WE,Combined TRACON& Tower with Radar,33,11,1,7,52,0,50,9,4,63,33,61,10,11,115,20,8,28,143
03/09/2022,ITO,HI,AWP,WE,Combined TRACON& Tower with Radar,35,14,2,6,57,0,33,6,1,40,35,47,8,7,97,8,4,12,109
03/10/2022,ITO,HI,AWP,WE,Combined TRACON& Tower with Radar,33,19,9,5,66,0,33,4,6,43,33,52,13,11,109,14,38,52,161
03/11/2022,ITO,HI,AWP,WE,Combined TRACON& Tower with Radar,35,18,3,3,59,0,42,10,2,54,35,60,13,5,113,20,0,20,133
03/12/2022,ITO,HI,AWP,WE,Combined TRACON& Tower with Radar,27,9,3,0,39,0,21,3,0,24,27,30,6,0,63,4,0,4,67
03/13/2022,ITO,HI,AWP,WE,Combined TRACON& Tower with Radar,37,7,3,3,50,0,30,4,0,34,37,37,7,3,84,28,4,32,116
03/14/2022,ITO,HI,AWP,WE,Combined TRACON& Tower with Radar,44,17,1,0,62,0,39,7,0,46,44,56,8,0,108,14,0,14,122
03/15/2022,ITO,HI,AWP,WE,Combined TRACON& Tower with Radar,41,19,3,0,63,0,22,6,0,28,41,41,9,0,91,24,0,24,115
03/16/2022,ITO,HI,AWP,WE,Combined TRACON& Tower with Radar,40,16,2,3,61,0,12,6,3,21,40,28,8,6,82,8,0,8,90
03/17/2022,ITO,HI,AWP,WE,Combined TRACON& Tower with Radar,41,17,0,3,61,0,44,4,5,53,41,61,4,8,114,12,6,18,132
03/18/2022,ITO,HI,AWP,WE,Combined TRACON& Tower with Radar,41,19,5,0,65,0,49,5,0,54,41,68,10,0,119,10,0,10,129
03/19/2022,ITO,HI,AWP,WE,Combined TRACON& Tower with Radar,34,11,0,0,45,0,42,2,0,44,34,53,2,0,89,14,0,14,103
03/20/2022,ITO,HI,AWP,WE,Combined TRACON& Tower with Radar,31,9,4,0,44,0,30,4,0,34,31,39,8,0,78,6,0,6,84
03/21/2022,ITO,HI,AWP,WE,Combined TRACON& Tower with Radar,45,16,2,0,63,0,57,8,0,65,45,73,10,0,128,18,0,18,146
03/22/2022,ITO,HI,AWP,WE,Combined TRACON& Tower with Radar,40,16,2,2,60,0,50,6,5,61,40,66,8,7,121,18,36,54,175
03/23/2022,ITO,HI,AWP,WE,Combined TRACON& Tower with Radar,40,15,1,2,58,0,27,3,2,32,40,42,4,4,90,10,4,14,104
03/24/2022,ITO,HI,AWP,WE,Combined TRACON& Tower with Radar,40,16,2,2,60,0,44,4,4,52,40,60,6,6,112,6,34,40,152
03/25/2022,ITO,HI,AWP,WE,Combined TRACON& Tower with Radar,43,16,1,0,60,0,45,7,2,54,43,61,8,2,114,30,28,58,172
03/26/2022,ITO,HI,AWP,WE,Combined TRACON& Tower with Radar,33,13,10,0,56,0,38,1,0,39,33,51,11,0,95,10,0,10,105
03/27/2022,ITO,HI,AWP,WE,Combined TRACON& Tower with Radar,32,9,0,0,41,0,28,8,0,36,32,37,8,0,77,34,0,34,111
03/28/2022,ITO,HI,AWP,WE,Combined TRACON& Tower with Radar,42,13,3,0,58,0,44,4,2,50,42,57,7,2,108,14,0,14,122
03/29/2022,ITO,HI,AWP,WE,Combined TRACON& Tower with Radar,42,12,0,2,56,0,45,3,0,48,42,57,3,2,104,14,4,18,122
03/30/2022,ITO,HI,AWP,WE,Combined TRACON& Tower with Radar,41,14,1,3,59,0,41,3,2,46,41,55,4,5,105,14,2,16,121
03/31/2022,ITO,HI,AWP,WE,Combined TRACON& Tower with Radar,37,11,2,0,50,0,43,7,0,50,37,54,9,0,100,8,0,8,108
04/01/2022,ITO,HI,AWP,WE,Combined TRACON& Tower with Radar,40,14,0,3,57,0,35,6,1,42,40,49,6,4,99,18,4,22,121
04/02/2022,ITO,HI,AWP,WE,Combined TRACON& Tower with Radar,33,18,2,0,53,0,28,0,0,28,33,46,2,0,81,6,0,6,87
04/03/2022,ITO,HI,AWP,WE,Combined TRACON& Tower with Radar,34,14,5,7,60,0,12,4,1,17,34,26,9,8,77,14,0,14,91
04/04/2022,ITO,HI,AWP,WE,Combined TRACON& Tower with Radar,41,15,0,18,74,0,32,4,2,38,41,47,4,20,112,14,2,16,128
04/05/2022,ITO,HI,AWP,WE,Combined TRACON& Tower with Radar,43,14,0,4,61,0,23,7,1,31,43,37,7,5,92,12,0,12,104
04/06/2022,ITO,HI,AWP,WE,Combined TRACON& Tower with Radar,38,12,3,6,59,0,2,2,0,4,38,14,5,6,63,4,10,14,77
04/07/2022,ITO,HI,AWP,WE,Combined TRACON& Tower with Radar,40,15,3,7,65,0,34,2,5,41,40,49,5,12,106,14,4,18,124
04/08/2022,ITO,HI,AWP,WE,Combined TRACON& Tower with Radar,34,15,3,0,52,0,0,1,0,1,34,15,4,0,53,0,0,0,53
04/09/2022,ITO,HI,AWP,WE,Combined TRACON& Tower with Radar,34,15,4,2,55,0,23,0,0,23,34,38,4,2,78,4,0,4,82
04/10/2022,ITO,HI,AWP,WE,Combined TRACON& Tower with Radar,35,11,4,3,53,0,5,0,0,5,35,16,4,3,58,10,0,10,68
04/11/2022,ITO,HI,AWP,WE,Combined TRACON& Tower with Radar,45,21,3,3,72,0,37,2,2,41,45,58,5,5,113,20,22,42,155
04/12/2022,ITO,HI,AWP,WE,Combined TRACON& Tower with Radar,41,18,3,0,62,0,20,4,0,24,41,38,7,0,86,36,18,54,140
04/13/2022,ITO,HI,AWP,WE,Combined TRACON& Tower with Radar,42,20,1,1,64,0,54,1,2,57,42,74,2,3,121,24,0,24,145
04/14/2022,ITO,HI,AWP,WE,Combined TRACON& Tower with Radar,43,19,1,16,79,0,47,7,3,57,43,66,8,19,136,22,30,52,188
04/15/2022,ITO,HI,AWP,WE,Combined TRACON& Tower with Radar,36,14,4,3,57,0,41,5,0,46,36,55,9,3,103,18,0,18,121
04/16/2022,ITO,HI,AWP,WE,Combined TRACON& Tower with Radar,36,14,5,0,55,0,0,0,0,0,36,14,5,0,55,0,0,0,55
04/17/2022,ITO,HI,AWP,WE,Combined TRACON& Tower with Radar,35,14,3,0,52,0,16,3,0,19,35,30,6,0,71,12,0,12,83
04/18/2022,ITO,HI,AWP,WE,Combined TRACON& Tower with Radar,41,17,4,2,64,0,54,5,0,59,41,71,9,2,123,32,4,36,159
04/19/2022,ITO,HI,AWP,WE,Combined TRACON& Tower with Radar,42,19,3,2,66,0,61,9,0,70,42,80,12,2,136,14,0,14,150
04/20/2022,ITO,HI,AWP,WE,Combined TRACON& Tower with Radar,39,16,5,2,62,0,56,8,0,64,39,72,13,2,126,20,0,20,146
04/21/2022,ITO,HI,AWP,WE,Combined TRACON& Tower with Radar,41,17,1,0,59,0,45,1,4,50,41,62,2,4,109,14,2,16,125
04/22/2022,ITO,HI,AWP,WE,Combined TRACON& Tower with Radar,43,16,3,0,62,0,29,1,0,30,43,45,4,0,92,44,0,44,136
04/23/2022,ITO,HI,AWP,WE,Combined TRACON& Tower with Radar,37,10,5,1,53,0,24,0,0,24,37,34,5,1,77,14,0,14,91
04/24/2022,ITO,HI,AWP,WE,Combined TRACON& Tower with Radar,37,10,3,0,50,0,4,0,0,4,37,14,3,0,54,4,0,4,58
04/25/2022,ITO,HI,AWP,WE,Combined TRACON& Tower with Radar,41,22,0,0,63,0,35,5,0,40,41,57,5,0,103,20,0,20,123
04/26/2022,ITO,HI,AWP,WE,Combined TRACON& Tower with Radar,41,15,0,1,57,0,44,6,2,52,41,59,6,3,109,38,14,52,161
04/27/2022,ITO,HI,AWP,WE,Combined TRACON& Tower with Radar,40,14,4,5,63,0,24,1,1,26,40,38,5,6,89,22,0,22,111
04/28/2022,ITO,HI,AWP,WE,Combined TRACON& Tower with Radar,31,16,1,3,51,0,35,11,2,48,31,51,12,5,99,14,8,22,121
04/29/2022,ITO,HI,AWP,WE,Combined TRACON& Tower with Radar,39,14,6,3,62,0,28,4,3,35,39,42,10,6,97,16,0,16,113
04/30/2022,ITO,HI,AWP,WE,Combined TRACON& Tower with Radar,33,13,8,2,56,0,22,2,1,25,33,35,10,3,81,12,0,12,93
05/01/2022,ITO,HI,AWP,WE,Combined TRACON& Tower with Radar,33,19,1,0,53,0,3,0,2,5,33,22,1,2,58,2,0,2,60
05/02/2022,ITO,HI,AWP,WE,Combined TRACON& Tower with Radar,43,17,3,0,63,0,6,0,0,6,43,23,3,0,69,10,0,10,79
05/03/2022,ITO,HI,AWP,WE,Combined TRACON& Tower with Radar,38,17,15,0,70,0,2,0,0,2,38,19,15,0,72,4,0,4,76
05/04/2022,ITO,HI,AWP,WE,Combined TRACON& Tower with Radar,37,18,2,0,57,0,21,0,0,21,37,39,2,0,78,18,0,18,96
05/05/2022,ITO,HI,AWP,WE,Combined TRACON& Tower with Radar,40,16,1,2,59,0,2,3,0,5,40,18,4,2,64,20,0,20,84
05/06/2022,ITO,HI,AWP,WE,Combined TRACON& Tower with Radar,41,12,2,7,62,1,19,1,1,22,42,31,3,8,84,8,0,8,92
05/07/2022,ITO,HI,AWP,WE,Combined TRACON& Tower with Radar,36,12,1,0,49,0,16,0,0,16,36,28,1,0,65,8,0,8,73
05/08/2022,ITO,HI,AWP,WE,Combined TRACON& Tower with Radar,31,15,0,0,46,0,35,2,1,38,31,50,2,1,84,4,0,4,88
05/09/2022,ITO,HI,AWP,WE,Combined TRACON& Tower with Radar,40,13,0,0,53,0,51,4,2,57,40,64,4,2,110,16,8,24,134
05/10/2022,ITO,HI,AWP,WE,Combined TRACON& Tower with Radar,39,11,12,0,62,0,54,5,4,63,39,65,17,4,125,19,2,21,146
05/11/2022,ITO,HI,AWP,WE,Combined TRACON& Tower with Radar,42,18,4,18,82,0,39,10,5,54,42,57,14,23,136,42,22,64,200
05/12/2022,ITO,HI,AWP,WE,Combined TRACON& Tower with Radar,39,15,4,2,60,0,40,23,3,66,39,55,27,5,126,60,2,62,188
05/13/2022,ITO,HI,AWP,WE,Combined TRACON& Tower with Radar,41,20,2,3,66,0,39,7,1,47,41,59,9,4,113,12,0,12,125
05/14/2022,ITO,HI,AWP,WE,Combined TRACON& Tower with Radar,34,12,0,11,57,0,27,5,8,40,34,39,5,19,97,32,18,50,147
05/15/2022,ITO,HI,AWP,WE,Combined TRACON& Tower with Radar,33,16,2,5,56,0,29,6,2,37,33,45,8,7,93,36,0,36,129
05/16/2022,ITO,HI,AWP,WE,Combined TRACON& Tower with Radar,44,18,4,3,69,0,35,7,3,45,44,53,11,6,114,46,0,46,160
05/17/2022,ITO,HI,AWP,WE,Combined TRACON& Tower with Radar,41,18,2,4,65,0,30,9,3,42,41,48,11,7,107,90,2,92,199
05/18/2022,ITO,HI,AWP,WE,Combined TRACON& Tower with Radar,37,20,1,4,62,0,62,7,1,70,37,82,8,5,132,50,2,52,184
05/19/2022,ITO,HI,AWP,WE,Combined TRACON& Tower with Radar,43,24,5,5,77,0,18,9,2,29,43,42,14,7,106,26,14,40,146
05/20/2022,ITO,HI,AWP,WE,Combined TRACON& Tower with Radar,40,9,2,0,51,0,28,7,0,35,40,37,9,0,86,26,0,26,112
05/21/2022,ITO,HI,AWP,WE,Combined TRACON& Tower with Radar,33,8,1,0,42,0,38,4,0,42,33,46,5,0,84,12,0,12,96
05/22/2022,ITO,HI,AWP,WE,Combined TRACON& Tower with Radar,34,10,5,0,49,0,27,6,0,33,34,37,11,0,82,8,0,8,90
05/23/2022,ITO,HI,AWP,WE,Combined TRACON& Tower with Radar,42,14,2,0,58,0,37,6,0,43,42,51,8,0,101,26,0,26,127
05/24/2022,ITO,HI,AWP,WE,Combined TRACON& Tower with Radar,42,8,2,6,58,0,39,11,2,52,42,47,13,8,110,28,28,56,166
05/25/2022,ITO,HI,AWP,WE,Combined TRACON& Tower with Radar,37,14,1,6,58,0,43,14,2,59,37,57,15,8,117,22,16,38,155
05/26/2022,ITO,HI,AWP,WE,Combined TRACON& Tower with Radar,41,9,1,0,51,0,38,6,4,48,41,47,7,4,99,24,10,34,133
05/27/2022,ITO,HI,AWP,WE,Combined TRACON& Tower with Radar,41,14,2,0,57,0,47,7,0,54,41,61,9,0,111,14,0,14,125
05/28/2022,ITO,HI,AWP,WE,Combined TRACON& Tower with Radar,34,17,1,1,53,0,26,2,1,29,34,43,3,2,82,52,8,60,142
05/29/2022,ITO,HI,AWP,WE,Combined TRACON& Tower with Radar,33,14,4,2,53,0,11,2,0,13,33,25,6,2,66,4,0,4,70
05/30/2022,ITO,HI,AWP,WE,Combined TRACON& Tower with Radar,41,14,1,0,56,0,51,6,0,57,41,65,7,0,113,16,0,16,129
05/31/2022,ITO,HI,AWP,WE,Combined TRACON& Tower with Radar,42,17,2,4,65,0,53,8,2,63,42,70,10,6,128,24,24,48,176
06/01/2022,ITO,HI,AWP,WE,Combined TRACON& Tower with Radar,41,20,1,1,63,0,62,8,1,71,41,82,9,2,134,16,2,18,152
06/02/2022,ITO,HI,AWP,WE,Combined TRACON& Tower with Radar,42,14,2,1,59,0,35,3,0,38,42,49,5,1,97,10,26,36,133
06/03/2022,ITO,HI,AWP,WE,Combined TRACON& Tower with Radar,39,21,4,2,66,0,41,9,0,50,39,62,13,2,116,12,0,12,128
06/04/2022,ITO,HI,AWP,WE,Combined TRACON& Tower with Radar,35,15,0,7,57,0,6,0,7,13,35,21,0,14,70,10,60,70,140
06/05/2022,ITO,HI,AWP,WE,Combined TRACON& Tower with Radar,36,8,3,4,51,0,11,0,2,13,36,19,3,6,64,4,24,28,92
06/06/2022,ITO,HI,AWP,WE,Combined TRACON& Tower with Radar,43,14,2,1,60,0,62,10,0,72,43,76,12,1,132,22,0,22,154
06/07/2022,ITO,HI,AWP,WE,Combined TRACON& Tower with Radar,41,9,5,1,56,0,56,7,3,66,41,65,12,4,122,10,10,20,142
06/08/2022,ITO,HI,AWP,WE,Combined TRACON& Tower with Radar,42,15,4,2,63,0,61,4,1,66,42,76,8,3,129,28,0,28,157
06/09/2022,ITO,HI,AWP,WE,Combined TRACON& Tower with Radar,42,20,0,1,63,0,18,6,4,28,42,38,6,5,91,12,28,40,131
06/10/2022,ITO,HI,AWP,WE,Combined TRACON& Tower with Radar,42,14,4,0,60,0,26,10,4,40,42,40,14,4,100,22,22,44,144
06/11/2022,ITO,HI,AWP,WE,Combined TRACON& Tower with Radar,36,11,5,3,55,0,19,4,6,29,36,30,9,9,84,4,2,6,90
06/12/2022,ITO,HI,AWP,WE,Combined TRACON& Tower with Radar,34,16,12,6,68,0,17,3,0,20,34,33,15,6,88,20,16,36,124
06/13/2022,ITO,HI,AWP,WE,Combined TRACON& Tower with Radar,44,25,8,0,77,0,53,6,3,62,44,78,14,3,139,8,2,10,149
06/14/2022,ITO,HI,AWP,WE,Combined TRACON& Tower with Radar,44,14,3,5,66,0,48,8,6,62,44,62,11,11,128,30,54,84,212
06/15/2022,ITO,HI,AWP,WE,Combined TRACON& Tower with Radar,42,16,1,4,63,0,43,1,2,46,42,59,2,6,109,6,4,10,119
06/16/2022,ITO,HI,AWP,WE,Combined TRACON& Tower with Radar,44,15,1,1,61,0,29,3,5,37,44,44,4,6,98,16,18,34,132
06/17/2022,ITO,HI,AWP,WE,Combined TRACON& Tower with Radar,43,22,6,8,79,0,29,1,2,32,43,51,7,10,111,18,6,24,135
06/18/2022,ITO,HI,AWP,WE,Combined TRACON& Tower with Radar,37,9,4,2,52,0,44,0,1,45,37,53,4,3,97,8,0,8,105
06/19/2022,ITO,HI,AWP,WE,Combined TRACON& Tower with Radar,35,9,4,3,51,0,26,0,0,26,35,35,4,3,77,4,0,4,81
06/20/2022,ITO,HI,AWP,WE,Combined TRACON& Tower with Radar,47,13,1,0,61,0,39,2,0,41,47,52,3,0,102,16,0,16,118
06/21/2022,ITO,HI,AWP,WE,Combined TRACON& Tower with Radar,50,16,1,10,77,0,62,2,1,65,50,78,3,11,142,18,34,52,194
06/22/2022,ITO,HI,AWP,WE,Combined TRACON& Tower with Radar,40,16,1,9,66,0,45,3,1,49,40,61,4,10,115,42,18,60,175
06/23/2022,ITO,HI,AWP,WE,Combined TRACON& Tower with Radar,41,12,0,7,60,0,20,10,2,32,41,32,10,9,92,12,58,70,162
06/24/2022,ITO,HI,AWP,WE,Combined TRACON& Tower with Radar,41,19,1,0,61,0,36,8,2,46,41,55,9,2,107,25,7,32,139
06/25/2022,ITO,HI,AWP,WE,Combined TRACON& Tower with Radar,36,11,2,3,52,0,17,4,0,21,36,28,6,3,73,14,8,22,95
06/26/2022,ITO,HI,AWP,WE,Combined TRACON& Tower with Radar,38,5,3,0,46,0,20,7,0,27,38,25,10,0,73,8,0,8,81
06/27/2022,ITO,HI,AWP,WE,Combined TRACON& Tower with Radar,45,23,5,2,75,0,42,13,0,55,45,65,18,2,130,32,0,32,162
06/28/2022,ITO,HI,AWP,WE,Combined TRACON& Tower with Radar,42,13,1,3,59,0,52,2,0,54,42,65,3,3,113,28,2,30,143
06/29/2022,ITO,HI,AWP,WE,Combined TRACON& Tower with Radar,39,14,1,8,62,0,53,5,1,59,39,67,6,9,121,40,10,50,171
06/30/2022,ITO,HI,AWP,WE,Combined TRACON& Tower with Radar,46,17,1,3,67,0,56,4,4,64,46,73,5,7,131,42,14,56,187
07/01/2022,ITO,HI,AWP,WE,Combined TRACON& Tower with Radar,41,15,4,0,60,0,59,3,0,62,41,74,7,0,122,22,0,22,144
07/02/2022,ITO,HI,AWP,WE,Combined TRACON& Tower with Radar,38,10,4,3,55,0,22,4,1,27,38,32,8,4,82,2,4,6,88
07/03/2022,ITO,HI,AWP,WE,Combined TRACON& Tower with Radar,31,8,1,1,41,0,15,0,0,15,31,23,1,1,56,0,0,0,56
07/04/2022,ITO,HI,AWP,WE,Combined TRACON& Tower with Radar,21,5,1,0,27,0,27,0,0,27,21,32,1,0,54,10,0,10,64
07/05/2022,ITO,HI,AWP,WE,Combined TRACON& Tower with Radar,66,32,5,1,104,0,60,5,2,67,66,92,10,3,171,18,46,64,235
07/06/2022,ITO,HI,AWP,WE,Combined TRACON& Tower with Radar,44,12,0,2,58,0,60,9,5,74,44,72,9,7,132,28,18,46,178
07/07/2022,ITO,HI,AWP,WE,Combined TRACON& Tower with Radar,47,17,0,7,71,0,63,12,3,78,47,80,12,10,149,19,4,23,172
07/08/2022,ITO,HI,AWP,WE,Combined TRACON& Tower with Radar,38,14,3,3,58,0,45,7,5,57,38,59,10,8,115,14,14,28,143
07/09/2022,ITO,HI,AWP,WE,Combined TRACON& Tower with Radar,39,14,7,2,62,0,26,2,0,28,39,40,9,2,90,4,0,4,94
07/10/2022,ITO,HI,AWP,WE,Combined TRACON& Tower with Radar,36,10,3,4,53,0,12,6,0,18,36,22,9,4,71,10,0,10,81
07/11/2022,ITO,HI,AWP,WE,Combined TRACON& Tower with Radar,49,17,1,1,68,0,50,11,0,61,49,67,12,1,129,20,0,20,149
07/12/2022,ITO,HI,AWP,WE,Combined TRACON& Tower with Radar,42,21,0,4,67,0,75,5,6,86,42,96,5,10,153,20,30,50,203
07/13/2022,ITO,HI,AWP,WE,Combined TRACON& Tower with Radar,45,21,3,2,71,0,1,1,1,3,45,22,4,3,74,14,2,16,90
07/14/2022,ITO,HI,AWP,WE,Combined TRACON& Tower with Radar,44,13,1,0,58,0,84,24,42,150,44,97,25,42,208,50,38,88,296
07/15/2022,ITO,HI,AWP,WE,Combined TRACON& Tower with Radar,46,17,0,0,63,0,48,1,0,49,46,65,1,0,112,38,36,74,186
07/16/2022,ITO,HI,AWP,WE,Combined TRACON& Tower with Radar,40,13,6,1,60,0,3,0,0,3,40,16,6,1,63,8,0,8,71
07/17/2022,ITO,HI,AWP,WE,Combined TRACON& Tower with Radar,36,11,2,2,51,0,20,5,3,28,36,31,7,5,79,4,2,6,85
07/18/2022,ITO,HI,AWP,WE,Combined TRACON& Tower with Radar,49,12,4,0,65,0,58,7,3,68,49,70,11,3,133,52,2,54,187
07/19/2022,ITO,HI,AWP,WE,Combined TRACON& Tower with Radar,45,17,2,11,75,0,73,5,9,87,45,90,7,20,162,32,52,84,246
07/20/2022,ITO,HI,AWP,WE,Combined TRACON& Tower with Radar,43,13,1,8,65,0,53,1,2,56,43,66,2,10,121,24,20,44,165
07/21/2022,ITO,HI,AWP,WE,Combined TRACON& Tower with Radar,48,19,1,9,77,0,9,3,2,14,48,28,4,11,91,12,16,28,119
07/22/2022,ITO,HI,AWP,WE,Combined TRACON& Tower with Radar,45,17,3,4,69,0,48,5,4,57,45,65,8,8,126,24,4,28,154
07/23/2022,ITO,HI,AWP,WE,Combined TRACON& Tower with Radar,36,14,8,0,58,0,6,0,0,6,36,20,8,0,64,6,0,6,70
07/24/2022,ITO,HI,AWP,WE,Combined TRACON& Tower with Radar,35,9,2,0,46,0,37,6,1,44,35,46,8,1,90,24,0,24,114
07/25/2022,ITO,HI,AWP,WE,Combined TRACON& Tower with Radar,55,16,2,2,75,0,69,5,6,80,55,85,7,8,155,22,2,24,179
07/26/2022,ITO,HI,AWP,WE,Combined TRACON& Tower with Radar,44,13,1,9,67,0,13,3,5,21,44,26,4,14,88,20,18,38,126
07/27/2022,ITO,HI,AWP,WE,Combined TRACON& Tower with Radar,43,13,2,5,63,0,73,6,2,81,43,86,8,7,144,26,6,32,176
07/28/2022,ITO,HI,AWP,WE,Combined TRACON& Tower with Radar,43,8,0,1,52,0,73,8,1,82,43,81,8,2,134,22,0,22,156
07/29/2022,ITO,HI,AWP,WE,Combined TRACON& Tower with Radar,45,11,1,6,63,0,60,7,1,68,45,71,8,7,131,22,0,22,153
07/30/2022,ITO,HI,AWP,WE,Combined TRACON& Tower with Radar,37,8,2,3,50,0,41,2,6,49,37,49,4,9,99,8,8,16,115
07/31/2022,ITO,HI,AWP,WE,Combined TRACON& Tower with Radar,39,7,0,1,47,0,28,1,7,36,39,35,1,8,83,8,16,24,107
08/01/2022,ITO,HI,AWP,WE,Combined TRACON& Tower with Radar,45,20,2,10,77,0,56,4,7,67,45,76,6,17,144,20,13,33,177
08/02/2022,ITO,HI,AWP,WE,Combined TRACON& Tower with Radar,40,14,1,12,67,0,58,4,4,66,40,72,5,16,133,38,32,70,203
08/03/2022,ITO,HI,AWP,WE,Combined TRACON& Tower with Radar,43,5,0,4,52,0,59,6,10,75,43,64,6,14,127,26,28,54,181
08/04/2022,ITO,HI,AWP,WE,Combined TRACON& Tower with Radar,44,8,2,13,67,0,63,10,6,79,44,71,12,19,146,48,12,60,206
08/05/2022,ITO,HI,AWP,WE,Combined TRACON& Tower with Radar,44,9,0,13,66,0,33,0,13,46,44,42,0,26,112,24,44,68,180
08/06/2022,ITO,HI,AWP,WE,Combined TRACON& Tower with Radar,35,8,1,5,49,0,41,1,11,53,35,49,2,16,102,36,8,44,146
08/07/2022,ITO,HI,AWP,WE,Combined TRACON& Tower with Radar,36,1,0,5,42,0,33,4,11,48,36,34,4,16,90,4,30,34,124
08/08/2022,ITO,HI,AWP,WE,Combined TRACON& Tower with Radar,50,15,0,11,76,0,15,9,3,27,50,30,9,14,103,36,43,79,182
08/09/2022,ITO,HI,AWP,WE,Combined TRACON& Tower with Radar,39,12,0,7,58,0,67,4,5,76,39,79,4,12,134,28,0,28,162
08/10/2022,ITO,HI,AWP,WE,Combined TRACON& Tower with Radar,41,11,0,8,60,0,63,3,6,72,41,74,3,14,132,74,18,92,224
08/11/2022,ITO,HI,AWP,WE,Combined TRACON& Tower with Radar,45,14,0,6,65,0,62,5,5,72,45,76,5,11,137,24,6,30,167
08/12/2022,ITO,HI,AWP,WE,Combined TRACON& Tower with Radar,44,7,1,0,52,0,56,10,0,66,44,63,11,0,118,40,0,40,158
08/13/2022,ITO,HI,AWP,WE,Combined TRACON& Tower with Radar,36,9,1,0,46,0,43,4,0,47,36,52,5,0,93,8,0,8,101
08/14/2022,ITO,HI,AWP,WE,Combined TRACON& Tower with Radar,38,7,2,2,49,0,33,3,1,37,38,40,5,3,86,16,0,16,102
08/15/2022,ITO,HI,AWP,WE,Combined TRACON& Tower with Radar,48,11,0,8,67,0,53,11,7,71,48,64,11,15,138,20,16,36,174
08/16/2022,ITO,HI,AWP,WE,Combined TRACON& Tower with Radar,41,15,5,0,61,0,65,8,3,76,41,80,13,3,137,42,0,42,179
08/17/2022,ITO,HI,AWP,WE,Combined TRACON& Tower with Radar,42,14,3,8,67,0,48,14,3,65,42,62,17,11,132,63,2,65,197
08/18/2022,ITO,HI,AWP,WE,Combined TRACON& Tower with Radar,43,12,1,4,60,0,46,11,3,60,43,58,12,7,120,60,0,60,180
08/19/2022,ITO,HI,AWP,WE,Combined TRACON& Tower with Radar,42,11,0,2,55,0,31,4,7,42,42,42,4,9,97,58,0,58,155
08/20/2022,ITO,HI,AWP,WE,Combined TRACON& Tower with Radar,37,9,1,0,47,0,41,3,0,44,37,50,4,0,91,28,0,28,119
08/21/2022,ITO,HI,AWP,WE,Combined TRACON& Tower with Radar,37,7,0,0,44,0,38,9,0,47,37,45,9,0,91,8,0,8,99
08/22/2022,ITO,HI,AWP,WE,Combined TRACON& Tower with Radar,47,14,1,2,64,0,37,8,1,46,47,51,9,3,110,20,0,20,130
08/23/2022,ITO,HI,AWP,WE,Combined TRACON& Tower with Radar,43,12,3,3,61,0,9,2,1,12,43,21,5,4,73,20,16,36,109
08/24/2022,ITO,HI,AWP,WE,Combined TRACON& Tower with Radar,42,8,2,4,56,0,57,6,1,64,42,65,8,5,120,40,0,40,160
08/25/2022,ITO,HI,AWP,WE,Combined TRACON& Tower with Radar,42,9,0,0,51,0,43,10,4,57,42,52,10,4,108,25,39,64,172
08/26/2022,ITO,HI,AWP,WE,Combined TRACON& Tower with Radar,44,13,0,6,63,0,37,2,0,39,44,50,2,6,102,38,16,54,156
08/27/2022,ITO,HI,AWP,WE,Combined TRACON& Tower with Radar,36,7,2,1,46,0,28,14,0,42,36,35,16,1,88,12,0,12,100
08/28/2022,ITO,HI,AWP,WE,Combined TRACON& Tower with Radar,38,13,3,1,55,0,31,11,0,42,38,44,14,1,97,9,0,9,106
08/29/2022,ITO,HI,AWP,WE,Combined TRACON& Tower with Radar,43,15,1,0,59,0,48,9,0,57,43,63,10,0,116,26,0,26,142
08/30/2022,ITO,HI,AWP,WE,Combined TRACON& Tower with Radar,39,9,3,0,51,0,32,10,2,44,39,41,13,2,95,60,10,70,165
08/31/2022,ITO,HI,AWP,WE,Combined TRACON& Tower with Radar,41,13,1,5,60,0,52,12,12,76,41,65,13,17,136,66,2,68,204
09/01/2022,ITO,HI,AWP,WE,Combined TRACON& Tower with Radar,41,20,2,4,67,0,33,5,4,42,41,53,7,8,109,32,4,36,145
09/02/2022,ITO,HI,AWP,WE,Combined TRACON& Tower with Radar,44,11,4,0,59,0,44,7,2,53,44,55,11,2,112,34,0,34,146
09/03/2022,ITO,HI,AWP,WE,Combined TRACON& Tower with Radar,37,5,1,0,43,0,25,3,0,28,37,30,4,0,71,8,0,8,79
09/04/2022,ITO,HI,AWP,WE,Combined TRACON& Tower with Radar,38,8,4,0,50,0,28,2,0,30,38,36,6,0,80,12,0,12,92
09/05/2022,ITO,HI,AWP,WE,Combined TRACON& Tower with Radar,40,14,3,0,57,0,54,0,0,54,40,68,3,0,111,16,0,16,127
09/06/2022,ITO,HI,AWP,WE,Combined TRACON& Tower with Radar,42,13,2,0,57,0,53,2,2,57,42,66,4,2,114,20,2,22,136
09/07/2022,ITO,HI,AWP,WE,Combined TRACON& Tower with Radar,38,9,1,2,50,0,52,8,2,62,38,61,9,4,112,22,0,22,134
09/08/2022,ITO,HI,AWP,WE,Combined TRACON& Tower with Radar,40,13,3,3,59,0,53,3,3,59,40,66,6,6,118,20,2,22,140
09/09/2022,ITO,HI,AWP,WE,Combined TRACON& Tower with Radar,42,12,2,10,66,0,41,18,1,60,42,53,20,11,126,12,7,19,145
09/10/2022,ITO,HI,AWP,WE,Combined TRACON& Tower with Radar,36,12,0,3,51,0,18,5,9,32,36,30,5,12,83,40,0,40,123
09/11/2022,ITO,HI,AWP,WE,Combined TRACON& Tower with Radar,38,8,1,2,49,0,28,10,2,40,38,36,11,4,89,20,0,20,109
09/12/2022,ITO,HI,AWP,WE,Combined TRACON& Tower with Radar,42,18,1,6,67,0,53,7,0,60,42,71,8,6,127,26,0,26,153
09/13/2022,ITO,HI,AWP,WE,Combined TRACON& Tower with Radar,41,15,2,2,60,0,41,14,2,57,41,56,16,4,117,58,2,60,177
09/14/2022,ITO,HI,AWP,WE,Combined TRACON& Tower with Radar,40,11,0,3,54,0,38,2,3,43,40,49,2,6,97,10,18,28,125
09/15/2022,ITO,HI,AWP,WE,Combined TRACON& Tower with Radar,39,15,7,4,65,0,7,3,4,14,39,22,10,8,79,4,4,8,87
09/16/2022,ITO,HI,AWP,WE,Combined TRACON& Tower with Radar,43,18,1,0,62,0,49,11,0,60,43,67,12,0,122,46,0,46,168
09/17/2022,ITO,HI,AWP,WE,Combined TRACON& Tower with Radar,38,7,3,1,49,0,32,7,3,42,38,39,10,4,91,18,0,18,109
09/18/2022,ITO,HI,AWP,WE,Combined TRACON& Tower with Radar,33,7,3,1,44,0,18,1,0,19,33,25,4,1,63,12,0,12,75
09/19/2022,ITO,HI,AWP,WE,Combined TRACON& Tower with Radar,43,12,12,2,69,0,27,3,0,30,43,39,15,2,99,12,0,12,111
09/20/2022,ITO,HI,AWP,WE,Combined TRACON& Tower with Radar,39,10,0,4,53,0,61,5,0,66,39,71,5,4,119,50,18,68,187
09/21/2022,ITO,HI,AWP,WE,Combined TRACON& Tower with Radar,39,12,2,2,55,0,51,6,3,60,39,63,8,5,115,26,2,28,143
09/22/2022,ITO,HI,AWP,WE,Combined TRACON& Tower with Radar,41,17,0,5,63,0,41,3,9,53,41,58,3,14,116,24,0,24,140
09/23/2022,ITO,HI,AWP,WE,Combined TRACON& Tower with Radar,42,12,5,9,68,0,34,10,0,44,42,46,15,9,112,38,0,38,150
09/24/2022,ITO,HI,AWP,WE,Combined TRACON& Tower with Radar,41,8,6,1,56,0,21,2,0,23,41,29,8,1,79,22,0,22,101
09/25/2022,ITO,HI,AWP,WE,Combined TRACON& Tower with Radar,36,5,5,0,46,0,18,11,0,29,36,23,16,0,75,20,0,20,95
09/26/2022,ITO,HI,AWP,WE,Combined TRACON& Tower with Radar,41,10,5,3,59,0,54,18,0,72,41,64,23,3,131,28,0,28,159
09/27/2022,ITO,HI,AWP,WE,Combined TRACON& Tower with Radar,45,17,5,4,71,0,60,8,5,73,45,77,13,9,144,38,6,44,188
09/28/2022,ITO,HI,AWP,WE,Combined TRACON& Tower with Radar,40,13,3,15,71,0,56,11,4,71,40,69,14,19,142,30,8,38,180
09/29/2022,ITO,HI,AWP,WE,Combined TRACON& Tower with Radar,39,11,2,5,57,0,48,12,3,63,39,59,14,8,120,14,20,34,154
09/30/2022,ITO,HI,AWP,WE,Combined TRACON& Tower with Radar,43,7,3,2,55,0,36,6,0,42,43,43,9,2,97,24,0,24,121
10/01/2022,ITO,HI,AWP,WE,Combined TRACON& Tower with Radar,38,8,1,3,50,0,25,5,0,30,38,33,6,3,80,6,0,6,86
10/02/2022,ITO,HI,AWP,WE,Combined TRACON& Tower with Radar,36,6,2,3,47,0,38,8,0,46,36,44,10,3,93,36,0,36,129
10/03/2022,ITO,HI,AWP,WE,Combined TRACON& Tower with Radar,40,14,0,0,54,0,42,5,0,47,40,56,5,0,101,14,0,14,115
10/04/2022,ITO,HI,AWP,WE,Combined TRACON& Tower with Radar,40,9,1,0,50,0,45,1,5,51,40,54,2,5,101,20,28,48,149
10/05/2022,ITO,HI,AWP,WE,Combined TRACON& Tower with Radar,41,11,1,6,59,0,41,3,1,45,41,52,4,7,104,40,0,40,144
10/06/2022,ITO,HI,AWP,WE,Combined TRACON& Tower with Radar,40,12,2,1,55,0,38,10,1,49,40,50,12,2,104,46,2,48,152
10/07/2022,ITO,HI,AWP,WE,Combined TRACON& Tower with Radar,42,9,1,2,54,0,46,7,0,53,42,55,8,2,107,14,0,14,121
10/08/2022,ITO,HI,AWP,WE,Combined TRACON& Tower with Radar,37,8,2,0,47,0,24,5,1,30,37,32,7,1,77,8,0,8,85
10/09/2022,ITO,HI,AWP,WE,Combined TRACON& Tower with Radar,36,9,4,0,49,0,26,3,0,29,36,35,7,0,78,8,0,8,86
10/10/2022,ITO,HI,AWP,WE,Combined TRACON& Tower with Radar,40,12,3,0,55,0,44,9,0,53,40,56,12,0,108,22,0,22,130
10/11/2022,ITO,HI,AWP,WE,Combined TRACON& Tower with Radar,40,9,1,0,50,0,57,10,2,69,40,66,11,2,119,24,0,24,143
10/12/2022,ITO,HI,AWP,WE,Combined TRACON& Tower with Radar,39,8,0,2,49,0,50,7,3,60,39,58,7,5,109,32,2,34,143
10/13/2022,ITO,HI,AWP,WE,Combined TRACON& Tower with Radar,41,7,3,5,56,0,40,4,3,47,41,47,7,8,103,14,10,24,127
10/14/2022,ITO,HI,AWP,WE,Combined TRACON& Tower with Radar,42,5,1,3,51,0,37,2,3,42,42,42,3,6,93,14,2,16,109
10/15/2022,ITO,HI,AWP,WE,Combined TRACON& Tower with Radar,38,10,1,2,51,0,7,0,0,7,38,17,1,2,58,4,31,35,93
10/16/2022,ITO,HI,AWP,WE,Combined TRACON& Tower with Radar,36,7,0,2,45,0,33,5,0,38,36,40,5,2,83,14,0,14,97
10/17/2022,ITO,HI,AWP,WE,Combined TRACON& Tower with Radar,47,9,2,2,60,0,51,2,1,54,47,60,4,3,114,12,0,12,126
10/18/2022,ITO,HI,AWP,WE,Combined TRACON& Tower with Radar,42,13,2,1,58,0,47,2,1,50,42,60,4,2,108,20,0,20,128
10/19/2022,ITO,HI,AWP,WE,Combined TRACON& Tower with Radar,39,7,0,3,49,0,40,7,0,47,39,47,7,3,96,24,0,24,120
10/20/2022,ITO,HI,AWP,WE,Combined TRACON& Tower with Radar,40,6,2,5,53,0,47,4,0,51,40,53,6,5,104,14,0,14,118
10/21/2022,ITO,HI,AWP,WE,Combined TRACON& Tower with Radar,43,7,0,3,53,0,38,2,0,40,43,45,2,3,93,42,0,42,135
10/22/2022,ITO,HI,AWP,WE,Combined TRACON& Tower with Radar,37,11,2,0,50,0,34,1,2,37,37,45,3,2,87,16,0,16,103
10/23/2022,ITO,HI,AWP,WE,Combined TRACON& Tower with Radar,36,7,2,0,45,0,14,2,0,16,36,21,4,0,61,18,0,18,79
10/24/2022,ITO,HI,AWP,WE,Combined TRACON& Tower with Radar,42,9,2,0,53,0,53,7,0,60,42,62,9,0,113,22,0,22,135
10/25/2022,ITO,HI,AWP,WE,Combined TRACON& Tower with Radar,40,9,1,6,56,0,45,3,5,53,40,54,4,11,109,14,10,24,133
10/26/2022,ITO,HI,AWP,WE,Combined TRACON& Tower with Radar,39,10,4,3,56,0,50,5,1,56,39,60,9,4,112,18,6,24,136
10/27/2022,ITO,HI,AWP,WE,Combined TRACON& Tower with Radar,40,6,0,0,46,0,43,3,2,48,40,49,3,2,94,32,18,50,144
10/28/2022,ITO,HI,AWP,WE,Combined TRACON& Tower with Radar,44,12,0,17,73,0,36,4,6,46,44,48,4,23,119,24,10,34,153
10/29/2022,ITO,HI,AWP,WE,Combined TRACON& Tower with Radar,37,10,4,6,57,0,22,3,0,25,37,32,7,6,82,24,0,24,106
10/30/2022,ITO,HI,AWP,WE,Combined TRACON& Tower with Radar,40,5,2,1,48,0,19,8,1,28,40,24,10,2,76,8,0,8,84
10/31/2022,ITO,HI,AWP,WE,Combined TRACON& Tower with Radar,38,6,0,4,48,0,26,6,1,33,38,32,6,5,81,16,0,16,97
11/01/2022,ITO,HI,AWP,WE,Combined TRACON& Tower with Radar,43,8,9,10,70,0,39,7,7,53,43,47,16,17,123,28,10,38,161
11/02/2022,ITO,HI,AWP,WE,Combined TRACON& Tower with Radar,37,4,2,8,51,0,34,9,6,49,37,38,11,14,100,16,2,18,118
11/03/2022,ITO,HI,AWP,WE,Combined TRACON& Tower with Radar,41,8,1,3,53,0,1,3,0,4,41,9,4,3,57,0,0,0,57
11/04/2022,ITO,HI,AWP,WE,Combined TRACON& Tower with Radar,45,13,3,4,65,0,5,1,0,6,45,18,4,4,71,4,0,4,75
11/05/2022,ITO,HI,AWP,WE,Combined TRACON& Tower with Radar,37,14,2,11,64,0,25,6,2,33,37,39,8,13,97,14,0,14,111
11/06/2022,ITO,HI,AWP,WE,Combined TRACON& Tower with Radar,39,5,4,5,53,0,32,11,2,45,39,37,15,7,98,30,4,34,132
11/07/2022,ITO,HI,AWP,WE,Combined TRACON& Tower with Radar,38,6,3,4,51,0,45,5,4,54,38,51,8,8,105,28,4,32,137
11/08/2022,ITO,HI,AWP,WE,Combined TRACON& Tower with Radar,45,4,12,3,64,0,45,5,0,50,45,49,17,3,114,30,26,56,170
11/09/2022,ITO,HI,AWP,WE,Combined TRACON& Tower with Radar,42,11,2,6,61,0,49,3,0,52,42,60,5,6,113,20,8,28,141
11/10/2022,ITO,HI,AWP,WE,Combined TRACON& Tower with Radar,46,19,2,10,77,0,33,16,5,54,46,52,18,15,131,16,18,34,165
11/11/2022,ITO,HI,AWP,WE,Combined TRACON& Tower with Radar,43,8,2,0,53,0,31,9,2,42,43,39,11,2,95,16,0,16,111
11/12/2022,ITO,HI,AWP,WE,Combined TRACON& Tower with Radar,44,8,0,2,54,0,35,6,0,41,44,43,6,2,95,48,0,48,143
11/13/2022,ITO,HI,AWP,WE,Combined TRACON& Tower with Radar,39,8,3,0,50,0,39,8,0,47,39,47,11,0,97,40,0,40,137
11/14/2022,ITO,HI,AWP,WE,Combined TRACON& Tower with Radar,40,9,1,0,50,0,35,10,0,45,40,44,11,0,95,26,0,26,121
11/15/2022,ITO,HI,AWP,WE,Combined TRACON& Tower with Radar,42,9,2,1,54,0,45,3,2,50,42,54,5,3,104,78,6,84,188
11/16/2022,ITO,HI,AWP,WE,Combined TRACON& Tower with Radar,44,9,0,2,55,0,42,9,6,57,44,51,9,8,112,32,12,44,156
11/17/2022,ITO,HI,AWP,WE,Combined TRACON& Tower with Radar,46,16,2,0,64,0,30,5,5,40,46,46,7,5,104,24,0,24,128
11/18/2022,ITO,HI,AWP,WE,Combined TRACON& Tower with Radar,46,11,1,4,62,0,32,11,5,48,46,43,12,9,110,10,0,10,120
11/19/2022,ITO,HI,AWP,WE,Combined TRACON& Tower with Radar,40,3,1,1,45,0,31,7,3,41,40,34,8,4,86,30,6,36,122
11/20/2022,ITO,HI,AWP,WE,Combined TRACON& Tower with Radar,43,6,2,0,51,0,27,10,2,39,43,33,12,2,90,26,0,26,116
11/21/2022,ITO,HI,AWP,WE,Combined TRACON& Tower with Radar,47,15,5,7,74,0,44,7,6,57,47,59,12,13,131,40,0,40,171
11/22/2022,ITO,HI,AWP,WE,Combined TRACON& Tower with Radar,42,9,3,5,59,0,33,4,3,40,42,42,7,8,99,12,16,28,127
11/23/2022,ITO,HI,AWP,WE,Combined TRACON& Tower with Radar,46,14,1,1,62,0,39,3,0,42,46,53,4,1,104,12,0,12,116
11/24/2022,ITO,HI,AWP,WE,Combined TRACON& Tower with Radar,37,14,5,1,57,0,21,0,0,21,37,35,5,1,78,18,0,18,96
11/25/2022,ITO,HI,AWP,WE,Combined TRACON& Tower with Radar,45,11,1,1,58,0,38,0,0,38,45,49,1,1,96,14,0,14,110
11/26/2022,ITO,HI,AWP,WE,Combined TRACON& Tower with Radar,43,8,1,8,60,0,32,7,0,39,43,40,8,8,99,20,0,20,119
11/27/2022,ITO,HI,AWP,WE,Combined TRACON& Tower with Radar,41,5,1,0,47,0,27,9,0,36,41,32,10,0,83,58,0,58,141
11/28/2022,ITO,HI,AWP,WE,Combined TRACON& Tower with Radar,33,14,1,2,50,0,12,4,2,18,33,26,5,4,68,48,0,48,116
11/29/2022,ITO,HI,AWP,WE,Combined TRACON& Tower with Radar,46,10,2,1,59,0,33,6,0,39,46,43,8,1,98,16,0,16,114
11/30/2022,ITO,HI,AWP,WE,Combined TRACON& Tower with Radar,46,9,4,11,70,0,27,11,3,41,46,36,15,14,111,24,6,30,141
12/01/2022,ITO,HI,AWP,WE,Combined TRACON& Tower with Radar,46,8,0,2,56,0,34,7,1,42,46,42,7,3,98,14,0,14,112
12/02/2022,ITO,HI,AWP,WE,Combined TRACON& Tower with Radar,44,10,5,0,59,0,12,10,0,22,44,22,15,0,81,8,0,8,89
12/03/2022,ITO,HI,AWP,WE,Combined TRACON& Tower with Radar,41,11,1,3,56,0,4,2,4,10,41,15,3,7,66,4,4,8,74
12/04/2022,ITO,HI,AWP,WE,Combined TRACON& Tower with Radar,38,9,3,2,52,3,24,17,3,47,41,33,20,5,99,14,0,14,113
12/05/2022,ITO,HI,AWP,WE,Combined TRACON& Tower with Radar,44,15,2,0,61,0,31,9,4,44,44,46,11,4,105,10,0,10,115
12/06/2022,ITO,HI,AWP,WE,Combined TRACON& Tower with Radar,42,18,2,6,68,0,4,5,0,9,42,22,7,6,77,22,4,26,103
12/07/2022,ITO,HI,AWP,WE,Combined TRACON& Tower with Radar,44,19,2,7,72,0,30,8,1,39,44,49,10,8,111,6,4,10,121
12/08/2022,ITO,HI,AWP,WE,Combined TRACON& Tower with Radar,41,15,3,4,63,0,29,17,9,55,41,44,20,13,118,28,8,36,154
12/09/2022,ITO,HI,AWP,WE,Combined TRACON& Tower with Radar,49,8,1,5,63,0,34,4,6,44,49,42,5,11,107,6,6,12,119
12/10/2022,ITO,HI,AWP,WE,Combined TRACON& Tower with Radar,37,10,2,0,49,0,22,4,2,28,37,32,6,2,77,8,0,8,85
12/11/2022,ITO,HI,AWP,WE,Combined TRACON& Tower with Radar,40,10,2,0,52,0,25,9,2,36,40,35,11,2,88,16,0,16,104
12/12/2022,ITO,HI,AWP,WE,Combined TRACON& Tower with Radar,48,14,2,2,66,0,9,5,2,16,48,23,7,4,82,12,0,12,94
12/13/2022,ITO,HI,AWP,WE,Combined TRACON& Tower with Radar,40,17,6,8,71,0,26,4,1,31,40,43,10,9,102,8,0,8,110
12/14/2022,ITO,HI,AWP,WE,Combined TRACON& Tower with Radar,44,12,2,1,59,0,40,3,1,44,44,52,5,2,103,20,4,24,127
12/15/2022,ITO,HI,AWP,WE,Combined TRACON& Tower with Radar,45,15,2,3,65,0,43,22,3,68,45,58,24,6,133,16,0,16,149
12/16/2022,ITO,HI,AWP,WE,Combined TRACON& Tower with Radar,47,12,0,2,61,0,40,3,0,43,47,52,3,2,104,26,0,26,130
12/17/2022,ITO,HI,AWP,WE,Combined TRACON& Tower with Radar,42,10,0,0,52,0,32,3,0,35,42,42,3,0,87,10,0,10,97
12/18/2022,ITO,HI,AWP,WE,Combined TRACON& Tower with Radar,34,1,0,0,35,0,30,2,0,32,34,31,2,0,67,6,0,6,73
12/19/2022,ITO,HI,AWP,WE,Combined TRACON& Tower with Radar,43,13,0,0,56,0,0,0,0,0,43,13,0,0,56,0,0,0,56
12/20/2022,ITO,HI,AWP,WE,Combined TRACON& Tower with Radar,47,16,1,3,67,0,54,13,2,69,47,70,14,5,136,32,24,56,192
12/21/2022,ITO,HI,AWP,WE,Combined TRACON& Tower with Radar,57,16,0,1,74,0,50,16,2,68,57,66,16,3,142,24,0,24,166
12/22/2022,ITO,HI,AWP,WE,Combined TRACON& Tower with Radar,50,12,1,3,66,0,87,13,0,100,50,99,14,3,166,38,0,38,204
12/23/2022,ITO,HI,AWP,WE,Combined TRACON& Tower with Radar,50,6,0,0,56,0,58,7,0,65,50,64,7,0,121,20,0,20,141
12/24/2022,ITO,HI,AWP,WE,Combined TRACON& Tower with Radar,42,2,0,0,44,0,60,9,0,69,42,62,9,0,113,14,0,14,127
12/25/2022,ITO,HI,AWP,WE,Combined TRACON& Tower with Radar,31,3,0,0,34,0,5,2,0,7,31,8,2,0,41,0,0,0,41
12/26/2022,ITO,HI,AWP,WE,Combined TRACON& Tower with Radar,51,5,3,0,59,0,60,6,0,66,51,65,9,0,125,46,0,46,171
12/27/2022,ITO,HI,AWP,WE,Combined TRACON& Tower with Radar,49,11,8,5,73,0,79,9,2,90,49,90,17,7,163,24,30,54,217
12/28/2022,ITO,HI,AWP,WE,Combined TRACON& Tower with Radar,48,14,0,2,64,0,70,6,6,82,48,84,6,8,146,16,10,26,172
12/29/2022,ITO,HI,AWP,WE,Combined TRACON& Tower with Radar,50,17,3,0,70,0,58,7,1,66,50,75,10,1,136,14,0,14,150
12/30/2022,ITO,HI,AWP,WE,Combined TRACON& Tower with Radar,49,9,2,0,60,0,67,8,2,77,49,76,10,2,137,16,0,16,153
12/31/2022,ITO,HI,AWP,WE,Combined TRACON& Tower with Radar,44,5,4,0,53,0,56,0,0,56,44,61,4,0,109,16,0,16,125
01/01/2023,ITO,HI,AWP,WE,Combined TRACON& Tower with Radar,47,9,2,1,59,0,54,0,0,54,47,63,2,1,113,8,0,8,121
01/02/2023,ITO,HI,AWP,WE,Combined TRACON& Tower with Radar,51,9,5,0,65,0,75,12,0,87,51,84,17,0,152,10,0,10,162
01/03/2023,ITO,HI,AWP,WE,Combined TRACON& Tower with Radar,46,10,4,0,60,0,46,4,2,52,46,56,8,2,112,14,16,30,142
01/04/2023,ITO,HI,AWP,WE,Combined TRACON& Tower with Radar,49,9,0,6,64,0,54,6,1,61,49,63,6,7,125,10,0,10,135
01/05/2023,ITO,HI,AWP,WE,Combined TRACON& Tower with Radar,46,14,1,5,66,0,48,11,2,61,46,62,12,7,127,22,26,48,175
01/06/2023,ITO,HI,AWP,WE,Combined TRACON& Tower with Radar,46,5,4,7,62,0,41,10,0,51,46,46,14,7,113,16,0,16,129
01/07/2023,ITO,HI,AWP,WE,Combined TRACON& Tower with Radar,40,10,5,3,58,0,60,23,5,88,40,70,28,8,146,16,4,20,166
01/08/2023,ITO,HI,AWP,WE,Combined TRACON& Tower with Radar,38,4,0,4,46,0,48,10,0,58,38,52,10,4,104,32,0,32,136
01/09/2023,ITO,HI,AWP,WE,Combined TRACON& Tower with Radar,48,7,0,0,55,0,58,17,0,75,48,65,17,0,130,26,0,26,156
01/10/2023,ITO,HI,AWP,WE,Combined TRACON& Tower with Radar,37,11,0,3,51,0,61,12,1,74,37,72,12,4,125,18,0,18,143
01/11/2023,ITO,HI,AWP,WE,Combined TRACON& Tower with Radar,43,5,1,6,55,0,39,8,1,48,43,44,9,7,103,22,6,28,131
01/12/2023,ITO,HI,AWP,WE,Combined TRACON& Tower with Radar,48,9,3,3,63,0,56,9,2,67,48,65,12,5,130,20,2,22,152
01/13/2023,ITO,HI,AWP,WE,Combined TRACON& Tower with Radar,44,3,3,1,51,0,54,8,0,62,44,57,11,1,113,18,0,18,131
01/14/2023,ITO,HI,AWP,WE,Combined TRACON& Tower with Radar,41,10,2,0,53,0,47,6,4,57,41,57,8,4,110,16,2,18,128
01/15/2023,ITO,HI,AWP,WE,Combined TRACON& Tower with Radar,35,7,2,0,44,0,46,4,0,50,35,53,6,0,94,10,0,10,104
01/16/2023,ITO,HI,AWP,WE,Combined TRACON& Tower with Radar,45,5,2,0,52,0,61,4,0,65,45,66,6,0,117,10,0,10,127
01/17/2023,ITO,HI,AWP,WE,Combined TRACON& Tower with Radar,38,12,2,1,53,0,43,5,0,48,38,55,7,1,101,16,0,16,117
01/18/2023,ITO,HI,AWP,WE,Combined TRACON& Tower with Radar,41,7,1,8,57,0,51,10,2,63,41,58,11,10,120,24,2,26,146
01/19/2023,ITO,HI,AWP,WE,Combined TRACON& Tower with Radar,43,18,4,2,67,0,66,8,0,74,43,84,12,2,141,34,8,42,183
01/20/2023,ITO,HI,AWP,WE,Combined TRACON& Tower with Radar,48,13,3,8,72,0,30,13,4,47,48,43,16,12,119,22,6,28,147
01/21/2023,ITO,HI,AWP,WE,Combined TRACON& Tower with Radar,41,10,5,0,56,0,42,4,8,54,41,52,9,8,110,10,2,12,122
01/22/2023,ITO,HI,AWP,WE,Combined TRACON& Tower with Radar,37,5,1,1,44,0,37,6,8,51,37,42,7,9,95,8,0,8,103
01/23/2023,ITO,HI,AWP,WE,Combined TRACON& Tower with Radar,45,4,2,1,52,0,45,6,3,54,45,49,8,4,106,48,0,48,154
01/24/2023,ITO,HI,AWP,WE,Combined TRACON& Tower with Radar,39,6,3,2,50,0,55,10,0,65,39,61,13,2,115,51,0,51,166
01/25/2023,ITO,HI,AWP,WE,Combined TRACON& Tower with Radar,42,16,7,0,65,0,46,6,0,52,42,62,13,0,117,26,0,26,143
01/26/2023,ITO,HI,AWP,WE,Combined TRACON& Tower with Radar,45,16,2,9,72,0,35,5,1,41,45,51,7,10,113,8,22,30,143
01/27/2023,ITO,HI,AWP,WE,Combined TRACON& Tower with Radar,45,19,2,13,79,0,37,5,0,42,45,56,7,13,121,32,6,38,159
01/28/2023,ITO,HI,AWP,WE,Combined TRACON& Tower with Radar,38,11,4,0,53,0,16,2,0,18,38,27,6,0,71,4,0,4,75
01/29/2023,ITO,HI,AWP,WE,Combined TRACON& Tower with Radar,36,8,0,0,44,0,12,2,0,14,36,20,2,0,58,12,0,12,70
01/30/2023,ITO,HI,AWP,WE,Combined TRACON& Tower with Radar,44,15,0,0,59,0,2,0,0,2,44,17,0,0,61,0,0,0,61
01/31/2023,ITO,HI,AWP,WE,Combined TRACON& Tower with Radar,37,15,3,7,62,0,9,13,1,23,37,24,16,8,85,4,2,6,91
02/01/2023,ITO,HI,AWP,WE,Combined TRACON& Tower with Radar,41,14,4,1,60,0,50,11,1,62,41,64,15,2,122,36,0,36,158
02/02/2023,ITO,HI,AWP,WE,Combined TRACON& Tower with Radar,38,7,1,4,50,0,38,10,2,50,38,45,11,6,100,18,2,20,120
02/03/2023,ITO,HI,AWP,WE,Combined TRACON& Tower with Radar,46,8,2,2,58,0,33,12,1,46,46,41,14,3,104,31,0,31,135
02/04/2023,ITO,HI,AWP,WE,Combined TRACON& Tower with Radar,33,11,3,2,49,0,17,0,0,17,33,28,3,2,66,8,4,12,78
02/05/2023,ITO,HI,AWP,WE,Combined TRACON& Tower with Radar,37,7,0,2,46,0,16,0,0,16,37,23,0,2,62,8,2,10,72
02/06/2023,ITO,HI,AWP,WE,Combined TRACON& Tower with Radar,46,10,1,7,64,0,21,6,0,27,46,31,7,7,91,10,0,10,101
02/07/2023,ITO,HI,AWP,WE,Combined TRACON& Tower with Radar,41,10,2,5,58,0,9,6,0,15,41,19,8,5,73,2,0,2,75
02/08/2023,ITO,HI,AWP,WE,Combined TRACON& Tower with Radar,44,11,2,3,60,0,35,4,1,40,44,46,6,4,100,16,0,16,116
02/09/2023,ITO,HI,AWP,WE,Combined TRACON& Tower with Radar,44,12,0,17,73,0,19,3,1,23,44,31,3,18,96,10,12,22,118
02/10/2023,ITO,HI,AWP,WE,Combined TRACON& Tower with Radar,46,19,1,1,67,0,14,9,0,23,46,33,10,1,90,10,0,10,100
02/11/2023,ITO,HI,AWP,WE,Combined TRACON& Tower with Radar,38,8,7,0,53,0,4,2,0,6,38,12,9,0,59,14,0,14,73
02/12/2023,ITO,HI,AWP,WE,Combined TRACON& Tower with Radar,37,6,0,0,43,0,1,2,0,3,37,7,2,0,46,2,0,2,48
02/13/2023,ITO,HI,AWP,WE,Combined TRACON& Tower with Radar,44,10,0,2,56,0,33,2,0,35,44,43,2,2,91,28,0,28,119
02/14/2023,ITO,HI,AWP,WE,Combined TRACON& Tower with Radar,38,13,7,7,65,0,39,9,3,51,38,52,16,10,116,14,0,14,130
02/15/2023,ITO,HI,AWP,WE,Combined TRACON& Tower with Radar,42,5,3,11,61,0,33,10,4,47,42,38,13,15,108,26,20,46,154
02/16/2023,ITO,HI,AWP,WE,Combined TRACON& Tower with Radar,52,11,2,4,69,0,0,5,0,5,52,11,7,4,74,74,0,74,148
02/17/2023,ITO,HI,AWP,WE,Combined TRACON& Tower with Radar,45,4,0,0,49,0,0,0,0,0,45,4,0,0,49,2,0,2,51
02/18/2023,ITO,HI,AWP,WE,Combined TRACON& Tower with Radar,35,10,0,1,46,0,0,0,0,0,35,10,0,1,46,0,0,0,46
02/19/2023,ITO,HI,AWP,WE,Combined TRACON& Tower with Radar,41,8,1,0,50,0,2,1,0,3,41,10,2,0,53,2,0,2,55
02/20/2023,ITO,HI,AWP,WE,Combined TRACON& Tower with Radar,48,6,2,0,56,0,0,9,0,9,48,6,11,0,65,0,0,0,65
02/21/2023,ITO,HI,AWP,WE,Combined TRACON& Tower with Radar,42,9,1,11,63,0,19,10,0,29,42,28,11,11,92,12,2,14,106
02/22/2023,ITO,HI,AWP,WE,Combined TRACON& Tower with Radar,42,11,1,2,56,0,2,4,0,6,42,13,5,2,62,4,0,4,66
02/23/2023,ITO,HI,AWP,WE,Combined TRACON& Tower with Radar,47,25,1,8,81,0,6,3,0,9,47,31,4,8,90,12,6,18,108
02/24/2023,ITO,HI,AWP,WE,Combined TRACON& Tower with Radar,43,6,0,4,53,0,9,6,0,15,43,15,6,4,68,10,0,10,78
02/25/2023,ITO,HI,AWP,WE,Combined TRACON& Tower with Radar,39,3,1,0,43,0,28,6,0,34,39,31,7,0,77,18,0,18,95
02/26/2023,ITO,HI,AWP,WE,Combined TRACON& Tower with Radar,39,2,2,0,43,0,22,2,0,24,39,24,4,0,67,14,0,14,81
02/27/2023,ITO,HI,AWP,WE,Combined TRACON& Tower with Radar,42,5,0,5,52,0,23,9,0,32,42,28,9,5,84,28,0,28,112
02/28/2023,ITO,HI,AWP,WE,Combined TRACON& Tower with Radar,48,9,0,8,65,0,6,2,0,8,48,15,2,8,73,6,18,24,97
03/01/2023,ITO,HI,AWP,WE,Combined TRACON& Tower with Radar,48,11,0,9,68,0,12,2,1,15,48,23,2,10,83,12,0,12,95
03/02/2023,ITO,HI,AWP,WE,Combined TRACON& Tower with Radar,45,8,0,5,58,0,9,1,0,10,45,17,1,5,68,2,0,2,70
03/03/2023,ITO,HI,AWP,WE,Combined TRACON& Tower with Radar,47,5,2,3,57,0,9,2,0,11,47,14,4,3,68,4,0,4,72
03/04/2023,ITO,HI,AWP,WE,Combined TRACON& Tower with Radar,40,6,1,2,49,0,22,2,9,33,40,28,3,11,82,12,10,22,104
03/05/2023,ITO,HI,AWP,WE,Combined TRACON& Tower with Radar,36,4,6,4,50,0,37,13,1,51,36,41,19,5,101,22,12,34,135
03/06/2023,ITO,HI,AWP,WE,Combined TRACON& Tower with Radar,45,12,0,0,57,0,46,10,0,56,45,58,10,0,113,29,1,30,143
03/07/2023,ITO,HI,AWP,WE,Combined TRACON& Tower with Radar,39,10,4,2,55,0,42,6,4,52,39,52,10,6,107,18,0,18,125
03/08/2023,ITO,HI,AWP,WE,Combined TRACON& Tower with Radar,42,5,1,0,48,0,25,3,2,30,42,30,4,2,78,8,4,12,90
03/09/2023,ITO,HI,AWP,WE,Combined TRACON& Tower with Radar,45,7,4,5,61,0,30,5,5,40,45,37,9,10,101,12,6,18,119
03/10/2023,ITO,HI,AWP,WE,Combined TRACON& Tower with Radar,45,10,1,1,57,0,39,12,0,51,45,49,13,1,108,12,0,12,120
03/11/2023,ITO,HI,AWP,WE,Combined TRACON& Tower with Radar,41,6,3,3,53,0,24,10,2,36,41,30,13,5,89,22,0,22,111
03/12/2023,ITO,HI,AWP,WE,Combined TRACON& Tower with Radar,39,5,2,4,50,0,12,3,0,15,39,17,5,4,65,14,0,14,79
03/13/2023,ITO,HI,AWP,WE,Combined TRACON& Tower with Radar,48,9,2,1,60,0,19,6,0,25,48,28,8,1,85,20,0,20,105
03/14/2023,ITO,HI,AWP,WE,Combined TRACON& Tower with Radar,44,6,5,4,59,0,57,8,1,66,44,63,13,5,125,38,0,38,163
03/15/2023,ITO,HI,AWP,WE,Combined TRACON& Tower with Radar,42,9,2,0,53,0,51,24,2,77,42,60,26,2,130,24,0,24,154
03/16/2023,ITO,HI,AWP,WE,Combined TRACON& Tower with Radar,46,12,0,1,59,0,59,4,0,63,46,71,4,1,122,18,0,18,140
03/17/2023,ITO,HI,AWP,WE,Combined TRACON& Tower with Radar,50,7,4,0,61,0,51,9,0,60,50,58,13,0,121,12,0,12,133
03/18/2023,ITO,HI,AWP,WE,Combined TRACON& Tower with Radar,40,6,2,1,49,0,31,10,0,41,40,37,12,1,90,69,0,69,159
03/19/2023,ITO,HI,AWP,WE,Combined TRACON& Tower with Radar,38,3,0,4,45,0,35,0,2,37,38,38,0,6,82,10,0,10,92
03/20/2023,ITO,HI,AWP,WE,Combined TRACON& Tower with Radar,43,7,0,0,50,0,36,5,0,41,43,43,5,0,91,20,0,20,111
03/21/2023,ITO,HI,AWP,WE,Combined TRACON& Tower with Radar,46,10,1,0,57,0,47,7,0,54,46,57,8,0,111,22,24,46,157
03/22/2023,ITO,HI,AWP,WE,Combined TRACON& Tower with Radar,45,7,0,3,55,0,0,4,0,4,45,7,4,3,59,0,0,0,59
03/23/2023,ITO,HI,AWP,WE,Combined TRACON& Tower with Radar,49,5,2,0,56,0,10,6,2,18,49,15,8,2,74,20,16,36,110
03/24/2023,ITO,HI,AWP,WE,Combined TRACON& Tower with Radar,47,5,3,0,55,0,39,3,0,42,47,44,6,0,97,18,0,18,115
03/25/2023,ITO,HI,AWP,WE,Combined TRACON& Tower with Radar,43,8,2,0,53,0,29,1,0,30,43,37,3,0,83,14,0,14,97
03/26/2023,ITO,HI,AWP,WE,Combined TRACON& Tower with Radar,40,2,1,1,44,0,24,5,0,29,40,26,6,1,73,49,0,49,122
03/27/2023,ITO,HI,AWP,WE,Combined TRACON& Tower with Radar,44,8,2,0,54,0,33,11,0,44,44,41,13,0,98,22,0,22,120
03/28/2023,ITO,HI,AWP,WE,Combined TRACON& Tower with Radar,47,10,1,6,64,0,27,6,2,35,47,37,7,8,99,18,4,22,121
03/29/2023,ITO,HI,AWP,WE,Combined TRACON& Tower with Radar,48,2,4,0,54,0,10,2,0,12,48,12,6,0,66,28,0,28,94
03/30/2023,ITO,HI,AWP,WE,Combined TRACON& Tower with Radar,46,9,4,3,62,0,17,1,0,18,46,26,5,3,80,12,20,32,112
03/31/2023,ITO,HI,AWP,WE,Combined TRACON& Tower with Radar,50,10,2,2,64,0,37,7,0,44,50,47,9,2,108,10,0,10,118
04/01/2023,ITO,HI,AWP,WE,Combined TRACON& Tower with Radar,40,5,0,2,47,0,30,3,0,33,40,35,3,2,80,14,0,14,94
04/02/2023,ITO,HI,AWP,WE,Combined TRACON& Tower with Radar,38,3,4,2,47,0,4,1,0,5,38,7,5,2,52,8,0,8,60
04/03/2023,ITO,HI,AWP,WE,Combined TRACON& Tower with Radar,46,4,1,4,55,0,29,3,0,32,46,33,4,4,87,34,8,42,129
04/04/2023,ITO,HI,AWP,WE,Combined TRACON& Tower with Radar,42,6,6,4,58,0,41,2,9,52,42,47,8,13,110,36,10,46,156
04/05/2023,ITO,HI,AWP,WE,Combined TRACON& Tower with Radar,49,10,0,4,63,0,24,4,7,35,49,34,4,11,98,10,30,40,138
04/06/2023,ITO,HI,AWP,WE,Combined TRACON& Tower with Radar,49,4,0,10,63,0,20,5,6,31,49,24,5,16,94,10,20,30,124
04/07/2023,ITO,HI,AWP,WE,Combined TRACON& Tower with Radar,57,5,4,1,67,0,31,4,0,35,57,36,8,1,102,42,0,42,144
04/08/2023,ITO,HI,AWP,WE,Combined TRACON& Tower with Radar,38,3,0,0,41,0,20,6,0,26,38,23,6,0,67,34,0,34,101
04/09/2023,ITO,HI,AWP,WE,Combined TRACON& Tower with Radar,40,0,0,0,40,0,13,4,0,17,40,13,4,0,57,6,0,6,63
04/10/2023,ITO,HI,AWP,WE,Combined TRACON& Tower with Radar,46,3,4,1,54,0,31,12,1,44,46,34,16,2,98,66,0,66,164
04/11/2023,ITO,HI,AWP,WE,Combined TRACON& Tower with Radar,49,11,2,1,63,0,38,7,1,46,49,49,9,2,109,10,24,34,143
04/12/2023,ITO,HI,AWP,WE,Combined TRACON& Tower with Radar,60,10,1,2,73,0,35,13,3,51,60,45,14,5,124,28,26,54,178
04/13/2023,ITO,HI,AWP,WE,Combined TRACON& Tower with Radar,56,10,7,0,73,0,9,4,0,13,56,19,11,0,86,20,0,20,106
04/14/2023,ITO,HI,AWP,WE,Combined TRACON& Tower with Radar,52,3,1,1,57,0,37,10,6,53,52,40,11,7,110,14,28,42,152
04/15/2023,ITO,HI,AWP,WE,Combined TRACON& Tower with Radar,45,7,1,0,53,0,28,16,3,47,45,35,17,3,100,42,18,60,160
04/16/2023,ITO,HI,AWP,WE,Combined TRACON& Tower with Radar,64,7,4,1,76,0,18,8,1,27,64,25,12,2,103,8,0,8,111
04/17/2023,ITO,HI,AWP,WE,Combined TRACON& Tower with Radar,56,7,6,3,72,0,32,13,1,46,56,39,19,4,118,24,6,30,148
04/18/2023,ITO,HI,AWP,WE,Combined TRACON& Tower with Radar,44,4,4,1,53,0,34,2,2,38,44,38,6,3,91,14,0,14,105
04/19/2023,ITO,HI,AWP,WE,Combined TRACON& Tower with Radar,43,17,1,8,69,0,0,3,0,3,43,17,4,8,72,0,12,12,84
04/20/2023,ITO,HI,AWP,WE,Combined TRACON& Tower with Radar,49,6,3,8,66,0,29,10,14,53,49,35,13,22,119,16,56,72,191
04/21/2023,ITO,HI,AWP,WE,Combined TRACON& Tower with Radar,52,10,3,6,71,0,20,10,0,30,52,30,13,6,101,36,0,36,137
04/22/2023,ITO,HI,AWP,WE,Combined TRACON& Tower with Radar,40,8,3,3,54,0,23,18,1,42,40,31,21,4,96,61,0,61,157
04/23/2023,ITO,HI,AWP,WE,Combined TRACON& Tower with Radar,39,1,0,3,43,0,14,10,2,26,39,15,10,5,69,8,10,18,87
04/24/2023,ITO,HI,AWP,WE,Combined TRACON& Tower with Radar,50,6,0,3,59,0,30,6,1,37,50,36,6,4,96,10,2,12,108
04/25/2023,ITO,HI,AWP,WE,Combined TRACON& Tower with Radar,40,9,2,0,51,0,33,14,3,50,40,42,16,3,101,12,32,44,145
04/26/2023,ITO,HI,AWP,WE,Combined TRACON& Tower with Radar,44,5,1,7,57,0,42,9,1,52,44,47,10,8,109,18,0,18,127
04/27/2023,ITO,HI,AWP,WE,Combined TRACON& Tower with Radar,50,6,2,5,63,0,35,16,7,58,50,41,18,12,121,12,40,52,173
04/28/2023,ITO,HI,AWP,WE,Combined TRACON& Tower with Radar,51,7,1,6,65,0,34,9,12,55,51,41,10,18,120,16,4,20,140
04/29/2023,ITO,HI,AWP,WE,Combined TRACON& Tower with Radar,50,7,3,1,61,0,3,2,1,6,50,10,5,2,67,0,0,0,67
04/30/2023,ITO,HI,AWP,WE,Combined TRACON& Tower with Radar,42,6,0,0,48,0,21,5,0,26,42,27,5,0,74,65,0,65,139
05/01/2023,ITO,HI,AWP,WE,Combined TRACON& Tower with Radar,42,9,0,0,51,0,26,11,0,37,42,35,11,0,88,40,0,40,128
05/02/2023,ITO,HI,AWP,WE,Combined TRACON& Tower with Radar,47,4,0,4,55,0,45,6,0,51,47,49,6,4,106,16,0,16,122
05/03/2023,ITO,HI,AWP,WE,Combined TRACON& Tower with Radar,47,7,0,4,58,0,35,13,2,50,47,42,13,6,108,10,0,10,118
05/04/2023,ITO,HI,AWP,WE,Combined TRACON& Tower with Radar,49,1,0,6,56,0,19,7,4,30,49,20,7,10,86,20,2,22,108
05/05/2023,ITO,HI,AWP,WE,Combined TRACON& Tower with Radar,47,6,0,5,58,0,26,4,2,32,47,32,4,7,90,8,0,8,98
05/06/2023,ITO,HI,AWP,WE,Combined TRACON& Tower with Radar,41,6,0,2,49,0,24,3,0,27,41,30,3,2,76,12,0,12,88
05/07/2023,ITO,HI,AWP,WE,Combined TRACON& Tower with Radar,40,6,0,4,50,0,16,8,0,24,40,22,8,4,74,10,0,10,84
05/08/2023,ITO,HI,AWP,WE,Combined TRACON& Tower with Radar,51,3,0,0,54,0,32,9,3,44,51,35,9,3,98,12,0,12,110
05/09/2023,ITO,HI,AWP,WE,Combined TRACON& Tower with Radar,41,11,2,3,57,0,9,2,3,14,41,20,4,6,71,4,20,24,95
05/10/2023,ITO,HI,AWP,WE,Combined TRACON& Tower with Radar,45,15,2,6,68,0,34,3,4,41,45,49,5,10,109,66,8,74,183
05/11/2023,ITO,HI,AWP,WE,Combined TRACON& Tower with Radar,50,6,0,7,63,0,27,3,3,33,50,33,3,10,96,12,0,12,108
05/12/2023,ITO,HI,AWP,WE,Combined TRACON& Tower with Radar,48,7,0,1,56,0,36,8,3,47,48,43,8,4,103,28,0,28,131
05/13/2023,ITO,HI,AWP,WE,Combined TRACON& Tower with Radar,46,9,0,0,55,0,15,6,0,21,46,24,6,0,76,28,0,28,104
05/14/2023,ITO,HI,AWP,WE,Combined TRACON& Tower with Radar,41,5,1,0,47,0,24,3,0,27,41,29,4,0,74,22,0,22,96
05/15/2023,ITO,HI,AWP,WE,Combined TRACON& Tower with Radar,47,20,6,1,74,0,6,4,0,10,47,26,10,1,84,8,0,8,92
05/16/2023,ITO,HI,AWP,WE,Combined TRACON& Tower with Radar,43,19,8,2,72,0,30,10,0,40,43,49,18,2,112,22,0,22,134
05/17/2023,ITO,HI,AWP,WE,Combined TRACON& Tower with Radar,51,6,1,6,64,0,9,6,0,15,51,15,7,6,79,2,0,2,81
05/18/2023,ITO,HI,AWP,WE,Combined TRACON& Tower with Radar,50,6,0,3,59,0,29,13,1,43,50,35,13,4,102,14,2,16,118
05/19/2023,ITO,HI,AWP,WE,Combined TRACON& Tower with Radar,50,4,3,1,58,0,23,6,0,29,50,27,9,1,87,18,0,18,105
05/20/2023,ITO,HI,AWP,WE,Combined TRACON& Tower with Radar,44,4,4,0,52,0,18,11,0,29,44,22,15,0,81,10,0,10,91
05/21/2023,ITO,HI,AWP,WE,Combined TRACON& Tower with Radar,43,7,7,0,57,0,21,2,0,23,43,28,9,0,80,9,0,9,89
05/22/2023,ITO,HI,AWP,WE,Combined TRACON& Tower with Radar,46,2,1,0,49,0,10,4,0,14,46,12,5,0,63,18,0,18,81
05/23/2023,ITO,HI,AWP,WE,Combined TRACON& Tower with Radar,42,12,2,4,60,0,37,5,4,46,42,49,7,8,106,26,0,26,132
05/24/2023,ITO,HI,AWP,WE,Combined TRACON& Tower with Radar,47,10,2,5,64,0,40,13,0,53,47,50,15,5,117,14,0,14,131
05/25/2023,ITO,HI,AWP,WE,Combined TRACON& Tower with Radar,42,10,1,3,56,0,30,6,2,38,42,40,7,5,94,14,0,14,108
05/26/2023,ITO,HI,AWP,WE,Combined TRACON& Tower with Radar,53,8,3,2,66,0,24,4,0,28,53,32,7,2,94,26,0,26,120
05/27/2023,ITO,HI,AWP,WE,Combined TRACON& Tower with Radar,46,9,2,0,57,0,33,4,0,37,46,42,6,0,94,14,0,14,108
05/28/2023,ITO,HI,AWP,WE,Combined TRACON& Tower with Radar,41,3,0,0,44,0,13,10,0,23,41,16,10,0,67,20,0,20,87
05/29/2023,ITO,HI,AWP,WE,Combined TRACON& Tower with Radar,48,4,5,0,57,0,34,7,0,41,48,38,12,0,98,12,0,12,110
05/30/2023,ITO,HI,AWP,WE,Combined TRACON& Tower with Radar,47,13,3,2,65,0,33,12,3,48,47,46,15,5,113,18,8,26,139
05/31/2023,ITO,HI,AWP,WE,Combined TRACON& Tower with Radar,47,7,1,0,55,0,26,6,2,34,47,33,7,2,89,44,2,46,135
06/01/2023,ITO,HI,AWP,WE,Combined TRACON& Tower with Radar,52,11,1,2,66,0,12,8,0,20,52,23,9,2,86,8,0,8,94
06/02/2023,ITO,HI,AWP,WE,Combined TRACON& Tower with Radar,52,7,2,5,66,0,36,3,0,39,52,43,5,5,105,16,0,16,121
06/03/2023,ITO,HI,AWP,WE,Combined TRACON& Tower with Radar,46,4,1,6,57,0,49,7,0,56,46,53,8,6,113,16,0,16,129
06/04/2023,ITO,HI,AWP,WE,Combined TRACON& Tower with Radar,44,5,2,3,54,0,26,5,0,31,44,31,7,3,85,6,0,6,91
06/05/2023,ITO,HI,AWP,WE,Combined TRACON& Tower with Radar,46,4,0,0,50,0,34,17,0,51,46,38,17,0,101,32,0,32,133
06/06/2023,ITO,HI,AWP,WE,Combined TRACON& Tower with Radar,47,11,2,4,64,0,45,11,3,59,47,56,13,7,123,20,0,20,143
06/07/2023,ITO,HI,AWP,WE,Combined TRACON& Tower with Radar,42,6,3,2,53,0,50,12,1,63,42,56,15,3,116,34,4,38,154
06/08/2023,ITO,HI,AWP,WE,Combined TRACON& Tower with Radar,55,7,2,4,68,0,47,9,0,56,55,54,11,4,124,26,0,26,150
06/09/2023,ITO,HI,AWP,WE,Combined TRACON& Tower with Radar,52,8,3,0,63,0,60,13,0,73,52,68,16,0,136,59,0,59,195
06/10/2023,ITO,HI,AWP,WE,Combined TRACON& Tower with Radar,47,3,1,1,52,0,47,8,0,55,47,50,9,1,107,12,0,12,119
06/11/2023,ITO,HI,AWP,WE,Combined TRACON& Tower with Radar,44,2,0,1,47,0,25,3,2,30,44,27,3,3,77,8,0,8,85
06/12/2023,ITO,HI,AWP,WE,Combined TRACON& Tower with Radar,51,8,0,0,59,0,44,7,0,51,51,52,7,0,110,22,0,22,132
06/13/2023,ITO,HI,AWP,WE,Combined TRACON& Tower with Radar,41,11,2,2,56,0,63,12,0,75,41,74,14,2,131,70,0,70,201
06/14/2023,ITO,HI,AWP,WE,Combined TRACON& Tower with Radar,45,7,2,9,63,0,56,13,7,76,45,63,15,16,139,52,0,52,191
06/15/2023,ITO,HI,AWP,WE,Combined TRACON& Tower with Radar,49,4,1,2,56,0,62,10,0,72,49,66,11,2,128,14,0,14,142
06/16/2023,ITO,HI,AWP,WE,Combined TRACON& Tower with Radar,51,9,0,0,60,0,42,10,0,52,51,51,10,0,112,22,0,22,134
06/17/2023,ITO,HI,AWP,WE,Combined TRACON& Tower with Radar,46,12,2,0,60,0,66,4,0,70,46,78,6,0,130,22,0,22,152
06/18/2023,ITO,HI,AWP,WE,Combined TRACON& Tower with Radar,45,1,0,0,46,0,19,16,0,35,45,20,16,0,81,6,0,6,87
06/19/2023,ITO,HI,AWP,WE,Combined TRACON& Tower with Radar,56,6,2,0,64,0,39,8,0,47,56,45,10,0,111,32,0,32,143
06/20/2023,ITO,HI,AWP,WE,Combined TRACON& Tower with Radar,46,8,9,2,65,0,62,5,0,67,46,70,14,2,132,20,0,20,152
06/21/2023,ITO,HI,AWP,WE,Combined TRACON& Tower with Radar,45,9,2,2,58,0,56,13,1,70,45,65,15,3,128,34,0,34,162
06/22/2023,ITO,HI,AWP,WE,Combined TRACON& Tower with Radar,55,6,1,0,62,0,64,4,0,68,55,70,5,0,130,46,0,46,176
06/23/2023,ITO,HI,AWP,WE,Combined TRACON& Tower with Radar,58,7,0,2,67,0,39,6,0,45,58,46,6,2,112,42,0,42,154
06/24/2023,ITO,HI,AWP,WE,Combined TRACON& Tower with Radar,44,4,1,0,49,0,42,2,0,44,44,46,3,0,93,20,0,20,113
06/25/2023,ITO,HI,AWP,WE,Combined TRACON& Tower with Radar,40,0,3,0,43,0,17,5,0,22,40,17,8,0,65,4,0,4,69
06/26/2023,ITO,HI,AWP,WE,Combined TRACON& Tower with Radar,50,5,0,0,55,0,41,5,0,46,50,46,5,0,101,18,0,18,119
06/27/2023,ITO,HI,AWP,WE,Combined TRACON& Tower with Radar,49,6,3,8,66,0,16,6,3,25,49,22,9,11,91,28,6,34,125
06/28/2023,ITO,HI,AWP,WE,Combined TRACON& Tower with Radar,47,3,0,2,52,0,56,6,0,62,47,59,6,2,114,22,0,22,136
06/29/2023,ITO,HI,AWP,WE,Combined TRACON& Tower with Radar,56,8,1,7,72,0,57,2,1,60,56,65,3,8,132,16,14,30,162
06/30/2023,ITO,HI,AWP,WE,Combined TRACON& Tower with Radar,58,5,1,6,70,0,36,9,0,45,58,41,10,6,115,18,0,18,133
07/01/2023,ITO,HI,AWP,WE,Combined TRACON& Tower with Radar,46,3,0,0,49,0,43,2,0,45,46,46,2,0,94,8,0,8,102
07/02/2023,ITO,HI,AWP,WE,Combined TRACON& Tower with Radar,44,7,2,1,54,0,28,4,2,34,44,35,6,3,88,22,0,22,110
07/03/2023,ITO,HI,AWP,WE,Combined TRACON& Tower with Radar,49,5,0,4,58,0,40,2,0,42,49,45,2,4,100,16,0,16,116
07/04/2023,ITO,HI,AWP,WE,Combined TRACON& Tower with Radar,44,6,2,0,52,0,59,0,0,59,44,65,2,0,111,12,0,12,123
07/05/2023,ITO,HI,AWP,WE,Combined TRACON& Tower with Radar,43,10,1,4,58,0,49,12,1,62,43,59,13,5,120,16,2,18,138
07/06/2023,ITO,HI,AWP,WE,Combined TRACON& Tower with Radar,56,7,2,2,67,0,27,11,0,38,56,34,13,2,105,18,0,18,123
07/07/2023,ITO,HI,AWP,WE,Combined TRACON& Tower with Radar,56,15,5,2,78,0,37,1,0,38,56,52,6,2,116,10,0,10,126
07/08/2023,ITO,HI,AWP,WE,Combined TRACON& Tower with Radar,40,11,1,4,56,0,19,1,0,20,40,30,2,4,76,12,0,12,88
07/09/2023,ITO,HI,AWP,WE,Combined TRACON& Tower with Radar,44,5,4,1,54,0,34,4,2,40,44,39,8,3,94,22,2,24,118
07/10/2023,ITO,HI,AWP,WE,Combined TRACON& Tower with Radar,51,9,0,4,64,0,44,14,8,66,51,53,14,12,130,20,0,20,150
07/11/2023,ITO,HI,AWP,WE,Combined TRACON& Tower with Radar,47,10,4,6,67,0,44,9,5,58,47,54,13,11,125,18,0,18,143
07/12/2023,ITO,HI,AWP,WE,Combined TRACON& Tower with Radar,49,11,2,9,71,0,61,8,8,77,49,72,10,17,148,16,0,16,164
07/13/2023,ITO,HI,AWP,WE,Combined TRACON& Tower with Radar,53,13,2,2,70,0,27,2,2,31,53,40,4,4,101,10,0,10,111
07/14/2023,ITO,HI,AWP,WE,Combined TRACON& Tower with Radar,53,4,0,4,61,0,43,15,3,61,53,47,15,7,122,6,2,8,130
07/15/2023,ITO,HI,AWP,WE,Combined TRACON& Tower with Radar,46,10,1,2,59,0,43,2,4,49,46,53,3,6,108,12,0,12,120
07/16/2023,ITO,HI,AWP,WE,Combined TRACON& Tower with Radar,45,2,7,0,54,0,36,3,2,41,45,38,10,2,95,8,0,8,103
07/17/2023,ITO,HI,AWP,WE,Combined TRACON& Tower with Radar,55,7,0,12,74,0,45,8,1,54,55,52,8,13,128,28,2,30,158
07/18/2023,ITO,HI,AWP,WE,Combined TRACON& Tower with Radar,51,4,8,3,66,0,33,0,0,33,51,37,8,3,99,36,4,40,139
07/19/2023,ITO,HI,AWP,WE,Combined TRACON& Tower with Radar,51,6,0,2,59,0,0,0,0,0,51,6,0,2,59,0,0,0,59
07/20/2023,ITO,HI,AWP,WE,Combined TRACON& Tower with Radar,56,14,3,8,81,0,23,11,0,34,56,37,14,8,115,32,0,32,147
07/21/2023,ITO,HI,AWP,WE,Combined TRACON& Tower with Radar,53,10,1,1,65,0,53,14,0,67,53,63,15,1,132,16,0,16,148
07/22/2023,ITO,HI,AWP,WE,Combined TRACON& Tower with Radar,46,5,1,2,54,0,37,4,0,41,46,42,5,2,95,12,0,12,107
07/23/2023,ITO,HI,AWP,WE,Combined TRACON& Tower with Radar,47,1,0,4,52,0,26,2,1,29,47,27,2,5,81,6,0,6,87
07/24/2023,ITO,HI,AWP,WE,Combined TRACON& Tower with Radar,53,4,2,4,63,0,48,10,0,58,53,52,12,4,121,10,0,10,131
07/25/2023,ITO,HI,AWP,WE,Combined TRACON& Tower with Radar,46,8,0,0,54,0,52,10,0,62,46,60,10,0,116,52,0,52,168
07/26/2023,ITO,HI,AWP,WE,Combined TRACON& Tower with Radar,49,6,2,2,59,0,48,5,0,53,49,54,7,2,112,38,0,38,150
07/27/2023,ITO,HI,AWP,WE,Combined TRACON& Tower with Radar,54,9,1,10,74,0,44,9,3,56,54,53,10,13,130,62,16,78,208
07/28/2023,ITO,HI,AWP,WE,Combined TRACON& Tower with Radar,59,5,4,1,69,0,42,11,1,54,59,47,15,2,123,54,22,76,199
07/29/2023,ITO,HI,AWP,WE,Combined TRACON& Tower with Radar,51,5,4,2,62,0,41,6,2,49,51,46,10,4,111,10,0,10,121
07/30/2023,ITO,HI,AWP,WE,Combined TRACON& Tower with Radar,45,2,1,0,48,0,31,4,9,44,45,33,5,9,92,20,0,20,112
07/31/2023,ITO,HI,AWP,WE,Combined TRACON& Tower with Radar,44,3,2,1,50,0,41,13,0,54,44,44,15,1,104,28,0,28,132
08/01/2023,ITO,HI,AWP,WE,Combined TRACON& Tower with Radar,50,7,1,2,60,0,56,9,2,67,50,63,10,4,127,34,4,38,165
08/02/2023,ITO,HI,AWP,WE,Combined TRACON& Tower with Radar,50,7,4,9,70,0,35,12,0,47,50,42,16,9,117,36,0,36,153
08/03/2023,ITO,HI,AWP,WE,Combined TRACON& Tower with Radar,52,6,1,3,62,0,44,9,0,53,52,50,10,3,115,18,0,18,133
08/04/2023,ITO,HI,AWP,WE,Combined TRACON& Tower with Radar,57,6,4,2,69,0,35,15,0,50,57,41,19,2,119,22,0,22,141
08/05/2023,ITO,HI,AWP,WE,Combined TRACON& Tower with Radar,50,6,1,10,67,0,28,7,0,35,50,34,8,10,102,18,0,18,120
08/06/2023,ITO,HI,AWP,WE,Combined TRACON& Tower with Radar,48,2,0,6,56,0,26,4,0,30,48,28,4,6,86,10,0,10,96
08/07/2023,ITO,HI,AWP,WE,Combined TRACON& Tower with Radar,53,10,1,3,67,0,36,8,2,46,53,46,9,5,113,46,2,48,161
08/08/2023,ITO,HI,AWP,WE,Combined TRACON& Tower with Radar,53,2,1,5,61,0,44,10,9,63,53,46,11,14,124,42,0,42,166
08/09/2023,ITO,HI,AWP,WE,Combined TRACON& Tower with Radar,50,7,1,4,62,0,32,6,6,44,50,39,7,10,106,24,0,24,130
08/10/2023,ITO,HI,AWP,WE,Combined TRACON& Tower with Radar,51,5,4,8,68,0,38,7,0,45,51,43,11,8,113,32,2,34,147
08/11/2023,ITO,HI,AWP,WE,Combined TRACON& Tower with Radar,53,8,0,4,65,0,21,4,8,33,53,29,4,12,98,85,0,85,183
08/12/2023,ITO,HI,AWP,WE,Combined TRACON& Tower with Radar,51,2,1,2,56,0,37,12,7,56,51,39,13,9,112,48,0,48,160
08/13/2023,ITO,HI,AWP,WE,Combined TRACON& Tower with Radar,49,5,3,4,61,0,21,10,0,31,49,26,13,4,92,18,0,18,110
08/14/2023,ITO,HI,AWP,WE,Combined TRACON& Tower with Radar,53,6,1,6,66,0,46,12,0,58,53,52,13,6,124,68,0,68,192
08/15/2023,ITO,HI,AWP,WE,Combined TRACON& Tower with Radar,46,3,8,6,63,0,46,6,0,52,46,49,14,6,115,58,0,58,173
08/16/2023,ITO,HI,AWP,WE,Combined TRACON& Tower with Radar,47,6,0,1,54,0,42,8,0,50,47,48,8,1,104,64,0,64,168
08/17/2023,ITO,HI,AWP,WE,Combined TRACON& Tower with Radar,54,13,2,1,70,0,40,11,3,54,54,53,13,4,124,50,10,60,184
08/18/2023,ITO,HI,AWP,WE,Combined TRACON& Tower with Radar,50,3,2,1,56,0,36,8,0,44,50,39,10,1,100,48,0,48,148
08/19/2023,ITO,HI,AWP,WE,Combined TRACON& Tower with Radar,43,5,0,0,48,0,26,12,1,39,43,31,12,1,87,16,0,16,103
08/20/2023,ITO,HI,AWP,WE,Combined TRACON& Tower with Radar,43,1,3,0,47,0,15,6,0,21,43,16,9,0,68,28,0,28,96
08/21/2023,ITO,HI,AWP,WE,Combined TRACON& Tower with Radar,49,3,3,8,63,0,10,7,0,17,49,13,10,8,80,18,0,18,98
08/22/2023,ITO,HI,AWP,WE,Combined TRACON& Tower with Radar,54,17,3,6,80,0,45,11,1,57,54,62,14,7,137,34,50,84,221
08/23/2023,ITO,HI,AWP,WE,Combined TRACON& Tower with Radar,46,9,1,5,61,4,22,6,2,34,50,31,7,7,95,37,0,37,132
08/24/2023,ITO,HI,AWP,WE,Combined TRACON& Tower with Radar,52,5,1,4,62,0,23,12,0,35,52,28,13,4,97,60,0,60,157
08/25/2023,ITO,HI,AWP,WE,Combined TRACON& Tower with Radar,56,5,0,2,63,0,43,6,0,49,56,48,6,2,112,36,0,36,148
08/26/2023,ITO,HI,AWP,WE,Combined TRACON& Tower with Radar,45,9,1,2,57,0,15,13,0,28,45,24,14,2,85,24,0,24,109
08/27/2023,ITO,HI,AWP,WE,Combined TRACON& Tower with Radar,46,4,2,0,52,0,21,4,0,25,46,25,6,0,77,22,0,22,99
08/28/2023,ITO,HI,AWP,WE,Combined TRACON& Tower with Radar,52,3,0,2,57,0,15,4,0,19,52,18,4,2,76,13,0,13,89
08/29/2023,ITO,HI,AWP,WE,Combined TRACON& Tower with Radar,50,7,1,0,58,0,31,12,0,43,50,38,13,0,101,48,0,48,149
08/30/2023,ITO,HI,AWP,WE,Combined TRACON& Tower with Radar,50,10,2,5,67,0,33,5,6,44,50,43,7,11,111,18,18,36,147
08/31/2023,ITO,HI,AWP,WE,Combined TRACON& Tower with Radar,58,5,0,0,63,0,30,14,0,44,58,35,14,0,107,18,0,18,125
