01/01/2020,IWA,AZ,AWP,WE,Federal Contract Tower,29,1,10,0,40,0,5,26,0,31,29,6,36,0,71,117,0,117,188
01/02/2020,IWA,AZ,AWP,WE,Federal Contract Tower,52,21,41,0,114,0,144,93,0,237,52,165,134,0,351,56,0,56,407
01/03/2020,IWA,AZ,AWP,WE,Federal Contract Tower,42,15,27,0,84,0,145,110,0,255,42,160,137,0,339,363,0,363,702
01/04/2020,IWA,AZ,AWP,WE,Federal Contract Tower,42,8,23,0,73,0,156,86,0,242,42,164,109,0,315,292,0,292,607
01/05/2020,IWA,AZ,AWP,WE,Federal Contract Tower,52,6,24,0,82,0,75,82,1,158,52,81,106,1,240,276,1,277,517
01/06/2020,IWA,AZ,AWP,WE,Federal Contract Tower,45,23,42,3,113,0,154,114,7,275,45,177,156,10,388,332,0,332,720
01/07/2020,IWA,AZ,AWP,WE,Federal Contract Tower,10,16,32,9,67,0,141,151,6,298,10,157,183,15,365,434,0,434,799
01/08/2020,IWA,AZ,AWP,WE,Federal Contract Tower,30,26,21,2,79,0,125,146,3,274,30,151,167,5,353,446,4,450,803
01/09/2020,IWA,AZ,AWP,WE,Federal Contract Tower,51,20,36,1,108,0,145,119,6,270,51,165,155,7,378,347,48,395,773
01/10/2020,IWA,AZ,AWP,WE,Federal Contract Tower,42,12,27,13,94,0,110,137,3,250,42,122,164,16,344,234,27,261,605
01/11/2020,IWA,AZ,AWP,WE,Federal Contract Tower,30,9,20,10,69,0,142,87,1,230,30,151,107,11,299,407,2,409,708
01/12/2020,IWA,AZ,AWP,WE,Federal Contract Tower,46,8,31,5,90,0,61,79,4,144,46,69,110,9,234,236,0,236,470
01/13/2020,IWA,AZ,AWP,WE,Federal Contract Tower,40,18,26,0,84,0,157,122,4,283,40,175,148,4,367,307,0,307,674
01/14/2020,IWA,AZ,AWP,WE,Federal Contract Tower,10,11,27,2,50,0,150,117,0,267,10,161,144,2,317,456,0,456,773
01/15/2020,IWA,AZ,AWP,WE,Federal Contract Tower,25,15,26,1,67,0,154,127,0,281,25,169,153,1,348,508,0,508,856
01/16/2020,IWA,AZ,AWP,WE,Federal Contract Tower,52,7,23,11,93,0,102,81,4,187,52,109,104,15,280,353,18,371,651
01/17/2020,IWA,AZ,AWP,WE,Federal Contract Tower,40,13,37,4,94,0,197,173,3,373,40,210,210,7,467,467,2,469,936
01/18/2020,IWA,AZ,AWP,WE,Federal Contract Tower,29,10,26,2,67,0,125,102,6,233,29,135,128,8,300,476,0,476,776
01/19/2020,IWA,AZ,AWP,WE,Federal Contract Tower,48,7,15,1,71,0,67,72,12,151,48,74,87,13,222,303,8,311,533
01/20/2020,IWA,AZ,AWP,WE,Federal Contract Tower,38,11,38,4,91,0,161,153,11,325,38,172,191,15,416,575,1,576,992
01/21/2020,IWA,AZ,AWP,WE,Federal Contract Tower,16,25,52,7,100,0,16,41,0,57,16,41,93,7,157,145,4,149,306
01/22/2020,IWA,AZ,AWP,WE,Federal Contract Tower,26,32,56,2,116,0,95,101,0,196,26,127,157,2,312,453,0,453,765
01/23/2020,IWA,AZ,AWP,WE,Federal Contract Tower,50,7,34,3,94,0,189,176,6,371,50,196,210,9,465,550,10,560,1025
01/24/2020,IWA,AZ,AWP,WE,Federal Contract Tower,45,12,40,15,112,0,177,208,9,394,45,189,248,24,506,473,14,487,993
01/25/2020,IWA,AZ,AWP,WE,Federal Contract Tower,30,8,13,6,57,0,151,121,14,286,30,159,134,20,343,442,0,442,785
01/26/2020,IWA,AZ,AWP,WE,Federal Contract Tower,53,7,11,15,86,0,108,93,6,207,53,115,104,21,293,505,0,505,798
01/27/2020,IWA,AZ,AWP,WE,Federal Contract Tower,44,31,50,2,127,0,167,175,1,343,44,198,225,3,470,548,0,548,1018
01/28/2020,IWA,AZ,AWP,WE,Federal Contract Tower,14,17,40,2,73,0,181,201,7,389,14,198,241,9,462,535,15,550,1012
01/29/2020,IWA,AZ,AWP,WE,Federal Contract Tower,31,25,46,4,106,0,167,169,0,336,31,192,215,4,442,495,6,501,943
01/30/2020,IWA,AZ,AWP,WE,Federal Contract Tower,54,42,67,1,164,0,220,138,3,361,54,262,205,4,525,401,2,403,928
01/31/2020,IWA,AZ,AWP,WE,Federal Contract Tower,47,22,70,5,144,0,203,209,13,425,47,225,279,18,569,368,2,370,939
02/01/2020,IWA,AZ,AWP,CE,Federal Contract Tower,34,9,19,4,66,0,152,124,0,276,34,161,143,4,342,495,0,495,837
02/02/2020,IWA,AZ,AWP,CE,Federal Contract Tower,46,8,21,2,77,0,69,81,12,162,46,77,102,14,239,276,0,276,515
02/03/2020,IWA,AZ,AWP,CE,Federal Contract Tower,44,43,40,5,132,0,153,111,0,264,44,196,151,5,396,356,0,356,752
02/04/2020,IWA,AZ,AWP,CE,Federal Contract Tower,14,16,26,6,62,0,214,162,2,378,14,230,188,8,440,552,0,552,992
02/05/2020,IWA,AZ,AWP,CE,Federal Contract Tower,29,21,38,3,91,0,157,159,5,321,29,178,197,8,412,555,4,559,971
02/06/2020,IWA,AZ,AWP,CE,Federal Contract Tower,47,16,38,12,113,0,179,182,5,366,47,195,220,17,479,493,19,512,991
02/07/2020,IWA,AZ,AWP,CE,Federal Contract Tower,46,14,26,9,95,0,185,151,8,344,46,199,177,17,439,615,0,615,1054
02/08/2020,IWA,AZ,AWP,CE,Federal Contract Tower,34,13,26,4,77,0,141,134,14,289,34,154,160,18,366,504,0,504,870
02/09/2020,IWA,AZ,AWP,CE,Federal Contract Tower,48,10,33,4,95,0,79,94,6,179,48,89,127,10,274,347,0,347,621
02/10/2020,IWA,AZ,AWP,CE,Federal Contract Tower,40,9,14,1,64,0,109,94,5,208,40,118,108,6,272,469,0,469,741
02/11/2020,IWA,AZ,AWP,CE,Federal Contract Tower,16,21,35,6,78,0,116,98,3,217,16,137,133,9,295,509,18,527,822
02/12/2020,IWA,AZ,AWP,CE,Federal Contract Tower,43,23,34,1,101,0,203,139,0,342,43,226,173,1,443,501,0,501,944
02/13/2020,IWA,AZ,AWP,CE,Federal Contract Tower,53,32,61,2,148,0,178,153,4,335,53,210,214,6,483,508,0,508,991
02/14/2020,IWA,AZ,AWP,CE,Federal Contract Tower,60,12,38,1,111,0,115,131,8,254,60,127,169,9,365,667,9,676,1041
02/15/2020,IWA,AZ,AWP,CE,Federal Contract Tower,38,9,25,5,77,0,125,129,6,260,38,134,154,11,337,487,2,489,826
02/16/2020,IWA,AZ,AWP,CE,Federal Contract Tower,54,8,16,2,80,0,105,94,4,203,54,113,110,6,283,335,4,339,622
02/17/2020,IWA,AZ,AWP,CE,Federal Contract Tower,49,12,36,0,97,0,192,152,3,347,49,204,188,3,444,600,0,600,1044
02/18/2020,IWA,AZ,AWP,CE,Federal Contract Tower,34,19,23,1,77,0,190,182,3,375,34,209,205,4,452,599,0,599,1051
02/19/2020,IWA,AZ,AWP,CE,Federal Contract Tower,42,15,35,3,95,0,115,124,1,240,42,130,159,4,335,513,0,513,848
02/20/2020,IWA,AZ,AWP,CE,Federal Contract Tower,55,39,56,8,158,0,171,189,3,363,55,210,245,11,521,607,8,615,1136
02/21/2020,IWA,AZ,AWP,CE,Federal Contract Tower,58,15,36,5,114,0,110,113,0,223,58,125,149,5,337,355,0,355,692
02/22/2020,IWA,AZ,AWP,CE,Federal Contract Tower,38,12,31,4,85,0,0,2,0,2,38,12,33,4,87,0,0,0,87
02/23/2020,IWA,AZ,AWP,CE,Federal Contract Tower,53,10,37,11,111,0,115,155,1,271,53,125,192,12,382,505,0,505,887
02/24/2020,IWA,AZ,AWP,CE,Federal Contract Tower,58,18,54,3,133,0,216,184,4,404,58,234,238,7,537,706,0,706,1243
02/25/2020,IWA,AZ,AWP,CE,Federal Contract Tower,28,16,48,16,108,0,94,106,12,212,28,110,154,28,320,306,0,306,626
02/26/2020,IWA,AZ,AWP,CE,Federal Contract Tower,49,17,33,8,107,0,183,235,13,431,49,200,268,21,538,431,12,443,981
02/27/2020,IWA,AZ,AWP,CE,Federal Contract Tower,59,18,34,0,111,0,197,216,4,417,59,215,250,4,528,468,0,468,996
02/28/2020,IWA,AZ,AWP,CE,Federal Contract Tower,53,20,35,7,115,0,219,177,2,398,53,239,212,9,513,507,0,507,1020
02/29/2020,IWA,AZ,AWP,CE,Federal Contract Tower,46,14,30,2,92,0,136,108,1,245,46,150,138,3,337,485,2,487,824
03/01/2020,IWA,AZ,AWP,CE,Federal Contract Tower,60,6,36,2,104,0,96,89,1,186,60,102,125,3,290,295,0,295,585
03/02/2020,IWA,AZ,AWP,CE,Federal Contract Tower,55,17,32,0,104,0,148,165,3,316,55,165,197,3,420,466,0,466,886
03/04/2020,IWA,AZ,AWP,CE,Federal Contract Tower,74,29,35,2,140,0,158,190,3,351,74,187,225,5,491,481,8,489,980
03/05/2020,IWA,AZ,AWP,CE,Federal Contract Tower,56,19,35,6,116,0,174,155,4,333,56,193,190,10,449,483,12,495,944
03/06/2020,IWA,AZ,AWP,CE,Federal Contract Tower,60,15,39,7,121,0,117,116,4,237,60,132,155,11,358,304,7,311,669
03/07/2020,IWA,AZ,AWP,CE,Federal Contract Tower,65,6,16,0,87,0,73,73,1,147,65,79,89,1,234,121,3,124,358
03/08/2020,IWA,AZ,AWP,CE,Federal Contract Tower,58,17,21,6,102,0,49,87,1,137,58,66,108,7,239,278,4,282,521
03/09/2020,IWA,AZ,AWP,CE,Federal Contract Tower,53,27,29,2,111,0,176,163,1,340,53,203,192,3,451,497,1,498,949
03/10/2020,IWA,AZ,AWP,CE,Federal Contract Tower,43,29,37,1,110,0,90,119,1,210,43,119,156,2,320,402,0,402,722
03/11/2020,IWA,AZ,AWP,CE,Federal Contract Tower,77,40,43,0,160,0,29,24,2,55,77,69,67,2,215,86,0,86,301
03/12/2020,IWA,AZ,AWP,CE,Federal Contract Tower,57,18,28,2,105,0,47,41,2,90,57,65,69,4,195,362,0,362,557
03/13/2020,IWA,AZ,AWP,CE,Federal Contract Tower,56,21,40,0,117,0,56,60,0,116,56,77,100,0,233,174,0,174,407
03/14/2020,IWA,AZ,AWP,CE,Federal Contract Tower,77,17,24,0,118,0,170,109,0,279,77,187,133,0,397,412,0,412,809
03/15/2020,IWA,AZ,AWP,CE,Federal Contract Tower,60,7,35,0,102,0,91,106,4,201,60,98,141,4,303,420,0,420,723
03/16/2020,IWA,AZ,AWP,CE,Federal Contract Tower,55,12,25,0,92,0,203,148,0,351,55,215,173,0,443,552,0,552,995
03/17/2020,IWA,AZ,AWP,CE,Federal Contract Tower,50,31,34,0,115,0,161,153,0,314,50,192,187,0,429,473,0,473,902
03/18/2020,IWA,AZ,AWP,CE,Federal Contract Tower,69,9,19,3,100,25,35,0,0,60,94,44,19,3,160,75,0,75,235
03/19/2020,IWA,AZ,AWP,CE,Federal Contract Tower,51,16,41,2,110,0,99,86,2,187,51,115,127,4,297,463,4,467,764
03/20/2020,IWA,AZ,AWP,CE,Federal Contract Tower,46,13,43,6,108,0,170,146,0,316,46,183,189,6,424,580,0,580,1004
03/21/2020,IWA,AZ,AWP,CE,Federal Contract Tower,65,8,43,0,116,0,137,110,0,247,65,145,153,0,363,331,0,331,694
03/22/2020,IWA,AZ,AWP,CE,Federal Contract Tower,49,2,30,0,81,0,59,84,0,143,49,61,114,0,224,304,0,304,528
03/23/2020,IWA,AZ,AWP,CE,Federal Contract Tower,42,20,41,0,103,0,137,86,2,225,42,157,127,2,328,396,0,396,724
03/24/2020,IWA,AZ,AWP,CE,Federal Contract Tower,35,12,50,2,99,0,160,127,4,291,35,172,177,6,390,323,16,339,729
03/25/2020,IWA,AZ,AWP,CE,Federal Contract Tower,27,16,24,1,68,0,173,124,1,298,27,189,148,2,366,415,0,415,781
03/26/2020,IWA,AZ,AWP,CE,Federal Contract Tower,22,19,75,3,119,0,156,144,2,302,22,175,219,5,421,444,18,462,883
03/27/2020,IWA,AZ,AWP,CE,Federal Contract Tower,20,16,39,0,75,0,95,94,15,204,20,111,133,15,279,218,0,218,497
03/28/2020,IWA,AZ,AWP,CE,Federal Contract Tower,27,8,39,0,74,0,111,105,0,216,27,119,144,0,290,409,0,409,699
03/29/2020,IWA,AZ,AWP,CE,Federal Contract Tower,11,11,30,0,52,0,65,90,0,155,11,76,120,0,207,395,0,395,602
03/30/2020,IWA,AZ,AWP,CE,Federal Contract Tower,7,22,50,0,79,0,135,112,0,247,7,157,162,0,326,513,0,513,839
03/31/2020,IWA,AZ,AWP,CE,Federal Contract Tower,16,23,36,4,79,0,99,112,0,211,16,122,148,4,290,461,5,466,756
04/01/2020,IWA,AZ,AWP,CE,Federal Contract Tower,0,21,42,0,63,0,71,100,5,176,0,92,142,5,239,330,8,338,577
04/02/2020,IWA,AZ,AWP,CE,Federal Contract Tower,19,22,47,0,88,0,104,117,2,223,19,126,164,2,311,386,0,386,697
04/03/2020,IWA,AZ,AWP,CE,Federal Contract Tower,14,13,45,2,74,0,95,107,2,204,14,108,152,4,278,265,0,265,543
04/04/2020,IWA,AZ,AWP,CE,Federal Contract Tower,11,13,28,0,52,0,96,81,0,177,11,109,109,0,229,200,0,200,429
04/05/2020,IWA,AZ,AWP,CE,Federal Contract Tower,8,10,41,0,59,0,50,77,0,127,8,60,118,0,186,303,0,303,489
04/06/2020,IWA,AZ,AWP,CE,Federal Contract Tower,4,22,39,0,65,0,97,99,2,198,4,119,138,2,263,331,4,335,598
04/07/2020,IWA,AZ,AWP,CE,Federal Contract Tower,3,10,46,10,69,0,106,119,2,227,3,116,165,12,296,366,1,367,663
04/08/2020,IWA,AZ,AWP,CE,Federal Contract Tower,4,13,11,5,33,0,47,66,1,114,4,60,77,6,147,215,19,234,381
04/09/2020,IWA,AZ,AWP,CE,Federal Contract Tower,12,21,56,8,97,0,99,141,2,242,12,120,197,10,339,455,0,455,794
04/10/2020,IWA,AZ,AWP,CE,Federal Contract Tower,16,12,51,2,81,0,19,110,1,130,16,31,161,3,211,196,0,196,407
04/11/2020,IWA,AZ,AWP,CE,Federal Contract Tower,3,8,3,0,14,0,28,45,0,73,3,36,48,0,87,216,0,216,303
04/12/2020,IWA,AZ,AWP,CE,Federal Contract Tower,1,18,9,0,28,0,12,59,0,71,1,30,68,0,99,116,0,116,215
04/13/2020,IWA,AZ,AWP,CE,Federal Contract Tower,5,13,32,1,51,0,71,85,2,158,5,84,117,3,209,265,0,265,474
04/14/2020,IWA,AZ,AWP,CE,Federal Contract Tower,0,21,42,0,63,0,71,100,5,176,0,92,142,5,239,330,8,338,577
04/15/2020,IWA,AZ,AWP,CE,Federal Contract Tower,4,16,48,0,68,0,77,130,4,211,4,93,178,4,279,435,12,447,726
04/16/2020,IWA,AZ,AWP,CE,Federal Contract Tower,13,21,38,0,72,0,82,103,0,185,13,103,141,0,257,344,0,344,601
04/17/2020,IWA,AZ,AWP,CE,Federal Contract Tower,5,6,18,0,29,0,74,98,3,175,5,80,116,3,204,219,18,237,441
04/18/2020,IWA,AZ,AWP,CE,Federal Contract Tower,12,16,32,0,60,0,55,94,2,151,12,71,126,2,211,236,8,244,455
04/19/2020,IWA,AZ,AWP,CE,Federal Contract Tower,10,12,32,0,54,0,14,90,0,104,10,26,122,0,158,271,0,271,429
04/20/2020,IWA,AZ,AWP,CE,Federal Contract Tower,0,25,35,2,62,0,85,89,0,174,0,110,124,2,236,440,0,440,676
04/21/2020,IWA,AZ,AWP,CE,Federal Contract Tower,7,24,46,3,80,0,98,126,0,224,7,122,172,3,304,371,12,383,687
04/22/2020,IWA,AZ,AWP,CE,Federal Contract Tower,8,37,44,2,91,0,101,128,8,237,8,138,172,10,328,433,6,439,767
04/23/2020,IWA,AZ,AWP,CE,Federal Contract Tower,15,19,40,4,78,0,89,100,5,194,15,108,140,9,272,433,0,433,705
04/24/2020,IWA,AZ,AWP,CE,Federal Contract Tower,10,33,56,0,99,0,92,106,0,198,10,125,162,0,297,313,0,313,610
04/25/2020,IWA,AZ,AWP,CE,Federal Contract Tower,9,10,28,0,47,0,77,76,1,154,9,87,104,1,201,283,0,283,484
04/26/2020,IWA,AZ,AWP,CE,Federal Contract Tower,13,10,13,0,36,0,14,72,0,86,13,24,85,0,122,226,0,226,348
04/27/2020,IWA,AZ,AWP,CE,Federal Contract Tower,7,19,29,8,63,0,86,95,0,181,7,105,124,8,244,371,0,371,615
04/28/2020,IWA,AZ,AWP,CE,Federal Contract Tower,6,18,49,3,76,0,109,110,4,223,6,127,159,7,299,359,31,390,689
04/29/2020,IWA,AZ,AWP,CE,Federal Contract Tower,9,26,30,2,67,0,123,82,4,209,9,149,112,6,276,421,14,435,711
04/30/2020,IWA,AZ,AWP,CE,Federal Contract Tower,19,25,49,9,102,0,108,92,0,200,19,133,141,9,302,381,1,382,684
05/01/2020,IWA,AZ,AWP,CE,Federal Contract Tower,14,23,39,0,76,0,96,107,0,203,14,119,146,0,279,320,0,320,599
05/02/2020,IWA,AZ,AWP,CE,Federal Contract Tower,14,18,24,1,57,0,77,88,3,168,14,95,112,4,225,285,0,285,510
05/03/2020,IWA,AZ,AWP,CE,Federal Contract Tower,23,10,15,0,48,0,30,64,0,94,23,40,79,0,142,256,0,256,398
05/04/2020,IWA,AZ,AWP,CE,Federal Contract Tower,10,36,35,2,83,0,132,88,0,220,10,168,123,2,303,469,0,469,772
05/05/2020,IWA,AZ,AWP,CE,Federal Contract Tower,4,22,34,0,60,0,55,79,1,135,4,77,113,1,195,193,0,193,388
05/06/2020,IWA,AZ,AWP,CE,Federal Contract Tower,4,20,31,2,57,0,105,123,4,232,4,125,154,6,289,306,8,314,603
05/07/2020,IWA,AZ,AWP,CE,Federal Contract Tower,27,32,25,0,84,0,94,99,4,197,27,126,124,4,281,378,4,382,663
05/08/2020,IWA,AZ,AWP,CE,Federal Contract Tower,18,26,25,0,69,0,123,94,0,217,18,149,119,0,286,371,0,371,657
05/09/2020,IWA,AZ,AWP,CE,Federal Contract Tower,18,17,22,0,57,0,71,86,0,157,18,88,108,0,214,247,0,247,461
05/10/2020,IWA,AZ,AWP,CE,Federal Contract Tower,30,15,7,0,52,0,26,28,0,54,30,41,35,0,106,246,0,246,352
05/11/2020,IWA,AZ,AWP,CE,Federal Contract Tower,15,29,21,0,65,0,119,96,1,216,15,148,117,1,281,338,0,338,619
05/12/2020,IWA,AZ,AWP,CE,Federal Contract Tower,4,25,42,0,71,0,104,119,5,228,4,129,161,5,299,409,6,415,714
05/13/2020,IWA,AZ,AWP,CE,Federal Contract Tower,6,31,44,5,86,0,128,94,6,228,6,159,138,11,314,442,16,458,772
05/14/2020,IWA,AZ,AWP,CE,Federal Contract Tower,28,33,39,2,102,0,121,116,0,237,28,154,155,2,339,408,0,408,747
05/15/2020,IWA,AZ,AWP,CE,Federal Contract Tower,28,32,30,0,90,0,125,113,1,239,28,157,143,1,329,353,0,353,682
05/16/2020,IWA,AZ,AWP,CE,Federal Contract Tower,27,29,21,0,77,0,93,67,0,160,27,122,88,0,237,295,0,295,532
05/17/2020,IWA,AZ,AWP,CE,Federal Contract Tower,28,20,12,0,60,0,59,47,0,106,28,79,59,0,166,160,0,160,326
05/18/2020,IWA,AZ,AWP,CE,Federal Contract Tower,23,23,27,6,79,0,150,91,5,246,23,173,118,11,325,410,1,411,736
05/19/2020,IWA,AZ,AWP,CE,Federal Contract Tower,3,53,24,1,81,0,113,80,3,196,3,166,104,4,277,367,0,367,644
05/20/2020,IWA,AZ,AWP,CE,Federal Contract Tower,6,43,40,0,89,0,151,141,10,302,6,194,181,10,391,562,0,562,953
05/21/2020,IWA,AZ,AWP,CE,Federal Contract Tower,31,33,44,2,110,0,140,116,5,261,31,173,160,7,371,494,0,494,865
05/22/2020,IWA,AZ,AWP,CE,Federal Contract Tower,38,25,26,2,91,0,129,94,0,223,38,154,120,2,314,523,0,523,837
05/23/2020,IWA,AZ,AWP,CE,Federal Contract Tower,28,22,17,0,67,0,71,77,0,148,28,93,94,0,215,333,0,333,548
05/24/2020,IWA,AZ,AWP,CE,Federal Contract Tower,27,14,14,2,57,0,48,47,0,95,27,62,61,2,152,203,0,203,355
05/25/2020,IWA,AZ,AWP,CE,Federal Contract Tower,32,14,19,0,65,0,117,111,0,228,32,131,130,0,293,506,0,506,799
05/26/2020,IWA,AZ,AWP,CE,Federal Contract Tower,2,34,40,5,81,0,116,104,5,225,2,150,144,10,306,464,20,484,790
05/27/2020,IWA,AZ,AWP,CE,Federal Contract Tower,3,42,30,4,79,0,136,110,2,248,3,178,140,6,327,404,0,404,731
05/28/2020,IWA,AZ,AWP,CE,Federal Contract Tower,34,33,32,1,100,0,138,109,1,248,34,171,141,2,348,524,12,536,884
05/29/2020,IWA,AZ,AWP,CE,Federal Contract Tower,32,20,30,4,86,0,105,118,1,224,32,125,148,5,310,380,10,390,700
05/30/2020,IWA,AZ,AWP,CE,Federal Contract Tower,25,5,17,3,50,0,69,78,0,147,25,74,95,3,197,280,0,280,477
05/31/2020,IWA,AZ,AWP,CE,Federal Contract Tower,32,4,12,2,50,0,46,96,3,145,32,50,108,5,195,126,6,132,327
06/01/2020,IWA,AZ,AWP,CE,Federal Contract Tower,32,26,47,4,109,0,108,115,5,228,32,134,162,9,337,493,28,521,858
06/02/2020,IWA,AZ,AWP,CE,Federal Contract Tower,10,22,47,8,87,0,122,137,6,265,10,144,184,14,352,475,30,505,857
06/03/2020,IWA,AZ,AWP,CE,Federal Contract Tower,17,29,36,5,87,0,120,115,0,235,17,149,151,5,322,495,0,495,817
06/04/2020,IWA,AZ,AWP,CE,Federal Contract Tower,32,29,38,2,101,0,144,111,2,257,32,173,149,4,358,471,12,483,841
06/05/2020,IWA,AZ,AWP,CE,Federal Contract Tower,38,24,23,1,86,0,98,103,10,211,38,122,126,11,297,392,2,394,691
06/06/2020,IWA,AZ,AWP,CE,Federal Contract Tower,36,18,12,2,68,0,77,112,6,195,36,95,124,8,263,239,0,239,502
06/07/2020,IWA,AZ,AWP,CE,Federal Contract Tower,29,15,12,0,56,0,51,110,3,164,29,66,122,3,220,221,0,221,441
06/08/2020,IWA,AZ,AWP,CE,Federal Contract Tower,32,34,37,1,104,0,107,136,2,245,32,141,173,3,349,441,0,441,790
06/09/2020,IWA,AZ,AWP,CE,Federal Contract Tower,5,38,32,4,79,0,141,125,2,268,5,179,157,6,347,587,11,598,945
06/10/2020,IWA,AZ,AWP,CE,Federal Contract Tower,19,40,40,2,101,0,119,119,0,238,19,159,159,2,339,547,0,547,886
06/11/2020,IWA,AZ,AWP,CE,Federal Contract Tower,32,38,23,0,93,0,123,97,1,221,32,161,120,1,314,430,0,430,744
06/12/2020,IWA,AZ,AWP,CE,Federal Contract Tower,41,23,17,0,81,0,98,41,0,139,41,121,58,0,220,218,0,218,438
06/13/2020,IWA,AZ,AWP,CE,Federal Contract Tower,36,26,10,4,76,0,74,62,0,136,36,100,72,4,212,175,0,175,387
06/14/2020,IWA,AZ,AWP,CE,Federal Contract Tower,32,18,12,0,62,0,53,44,0,97,32,71,56,0,159,64,0,64,223
06/15/2020,IWA,AZ,AWP,CE,Federal Contract Tower,35,21,23,0,79,0,119,53,1,173,35,140,76,1,252,217,0,217,469
06/16/2020,IWA,AZ,AWP,CE,Federal Contract Tower,9,31,26,3,69,0,102,65,14,181,9,133,91,17,250,410,2,412,662
06/17/2020,IWA,AZ,AWP,CE,Federal Contract Tower,20,35,26,2,83,0,93,79,0,172,20,128,105,2,255,327,8,335,590
06/18/2020,IWA,AZ,AWP,CE,Federal Contract Tower,33,30,26,0,89,0,92,100,4,196,33,122,126,4,285,532,15,547,832
06/19/2020,IWA,AZ,AWP,CE,Federal Contract Tower,42,40,29,0,111,0,121,98,0,219,42,161,127,0,330,423,0,423,753
06/20/2020,IWA,AZ,AWP,CE,Federal Contract Tower,39,23,21,0,83,0,58,94,0,152,39,81,115,0,235,352,0,352,587
06/21/2020,IWA,AZ,AWP,CE,Federal Contract Tower,29,14,18,0,61,0,45,81,0,126,29,59,99,0,187,129,0,129,316
06/22/2020,IWA,AZ,AWP,CE,Federal Contract Tower,35,40,45,2,122,0,143,94,3,240,35,183,139,5,362,582,0,582,944
06/23/2020,IWA,AZ,AWP,CE,Federal Contract Tower,8,31,27,4,70,0,87,99,6,192,8,118,126,10,262,343,9,352,614
06/24/2020,IWA,AZ,AWP,CE,Federal Contract Tower,22,30,55,4,111,0,122,122,4,248,22,152,177,8,359,576,13,589,948
06/25/2020,IWA,AZ,AWP,CE,Federal Contract Tower,32,42,38,2,114,0,125,123,9,257,32,167,161,11,371,433,14,447,818
06/26/2020,IWA,AZ,AWP,CE,Federal Contract Tower,39,32,45,5,121,0,110,110,4,224,39,142,155,9,345,370,0,370,715
06/27/2020,IWA,AZ,AWP,CE,Federal Contract Tower,38,32,12,0,82,0,78,78,0,156,38,110,90,0,238,386,0,386,624
06/28/2020,IWA,AZ,AWP,CE,Federal Contract Tower,31,10,9,0,50,0,48,64,0,112,31,58,73,0,162,214,0,214,376
06/29/2020,IWA,AZ,AWP,CE,Federal Contract Tower,37,32,33,4,106,0,85,78,0,163,37,117,111,4,269,368,0,368,637
06/30/2020,IWA,AZ,AWP,CE,Federal Contract Tower,10,33,31,4,78,0,136,118,1,255,10,169,149,5,333,517,5,522,855
07/01/2020,IWA,AZ,AWP,CE,Federal Contract Tower,31,36,35,1,103,0,111,103,1,215,31,147,138,2,318,317,0,317,635
07/02/2020,IWA,AZ,AWP,CE,Federal Contract Tower,35,38,47,0,120,0,118,110,0,228,35,156,157,0,348,369,1,370,718
07/03/2020,IWA,AZ,AWP,CE,Federal Contract Tower,38,35,28,0,101,0,99,105,0,204,38,134,133,0,305,402,0,402,707
07/04/2020,IWA,AZ,AWP,CE,Federal Contract Tower,30,18,9,0,57,0,24,38,0,62,30,42,47,0,119,44,0,44,163
07/05/2020,IWA,AZ,AWP,CE,Federal Contract Tower,33,13,7,0,53,0,35,73,0,108,33,48,80,0,161,78,0,78,239
07/06/2020,IWA,AZ,AWP,CE,Federal Contract Tower,34,41,32,1,108,0,96,76,2,174,34,137,108,3,282,269,0,269,551
07/07/2020,IWA,AZ,AWP,CE,Federal Contract Tower,28,25,44,1,98,0,86,96,2,184,28,111,140,3,282,319,2,321,603
07/08/2020,IWA,AZ,AWP,CE,Federal Contract Tower,28,29,42,8,107,0,106,93,2,201,28,135,135,10,308,380,6,386,694
07/09/2020,IWA,AZ,AWP,CE,Federal Contract Tower,35,42,43,3,123,0,98,97,0,195,35,140,140,3,318,415,0,415,733
07/10/2020,IWA,AZ,AWP,CE,Federal Contract Tower,41,32,33,0,106,0,97,82,3,182,41,129,115,3,288,285,0,285,573
07/11/2020,IWA,AZ,AWP,CE,Federal Contract Tower,28,28,24,0,80,0,52,56,0,108,28,80,80,0,188,120,0,120,308
07/12/2020,IWA,AZ,AWP,CE,Federal Contract Tower,34,13,9,2,58,0,35,36,0,71,34,48,45,2,129,132,0,132,261
07/13/2020,IWA,AZ,AWP,CE,Federal Contract Tower,37,24,32,2,95,0,128,139,6,273,37,152,171,8,368,321,1,322,690
07/14/2020,IWA,AZ,AWP,CE,Federal Contract Tower,11,27,16,0,54,0,120,124,0,244,11,147,140,0,298,329,0,329,627
07/15/2020,IWA,AZ,AWP,CE,Federal Contract Tower,32,19,19,0,70,0,145,102,2,249,32,164,121,2,319,399,0,399,718
07/16/2020,IWA,AZ,AWP,CE,Federal Contract Tower,38,26,27,0,91,0,124,76,0,200,38,150,103,0,291,296,0,296,587
07/17/2020,IWA,AZ,AWP,CE,Federal Contract Tower,35,40,25,2,102,0,110,103,3,216,35,150,128,5,318,410,9,419,737
07/18/2020,IWA,AZ,AWP,CE,Federal Contract Tower,31,32,26,0,89,0,88,60,0,148,31,120,86,0,237,208,0,208,445
07/19/2020,IWA,AZ,AWP,CE,Federal Contract Tower,35,23,20,0,78,0,38,37,0,75,35,61,57,0,153,71,0,71,224
07/20/2020,IWA,AZ,AWP,CE,Federal Contract Tower,40,45,30,0,115,0,119,90,0,209,40,164,120,0,324,373,0,373,697
07/21/2020,IWA,AZ,AWP,CE,Federal Contract Tower,9,42,37,2,90,0,110,110,4,224,9,152,147,6,314,482,19,501,815
07/22/2020,IWA,AZ,AWP,CE,Federal Contract Tower,31,34,21,3,89,0,96,85,2,183,31,130,106,5,272,372,5,377,649
07/23/2020,IWA,AZ,AWP,CE,Federal Contract Tower,39,9,18,6,72,0,60,67,1,128,39,69,85,7,200,261,0,261,461
07/24/2020,IWA,AZ,AWP,CE,Federal Contract Tower,34,23,22,2,81,0,113,123,0,236,34,136,145,2,317,394,8,402,719
07/25/2020,IWA,AZ,AWP,CE,Federal Contract Tower,30,16,15,8,69,0,74,77,0,151,30,90,92,8,220,228,0,228,448
07/26/2020,IWA,AZ,AWP,CE,Federal Contract Tower,35,25,14,0,74,0,57,49,0,106,35,82,63,0,180,107,0,107,287
07/27/2020,IWA,AZ,AWP,CE,Federal Contract Tower,39,21,21,7,88,0,112,79,0,191,39,133,100,7,279,407,10,417,696
07/28/2020,IWA,AZ,AWP,CE,Federal Contract Tower,8,32,29,0,69,0,120,120,5,245,8,152,149,5,314,395,0,395,709
07/29/2020,IWA,AZ,AWP,CE,Federal Contract Tower,28,56,30,1,115,0,134,110,6,250,28,190,140,7,365,441,0,441,806
07/30/2020,IWA,AZ,AWP,CE,Federal Contract Tower,34,30,40,9,113,0,126,94,4,224,34,156,134,13,337,385,6,391,728
07/31/2020,IWA,AZ,AWP,CE,Federal Contract Tower,34,21,41,0,96,0,86,83,1,170,34,107,124,1,266,320,0,320,586
08/01/2020,IWA,AZ,AWP,CE,Federal Contract Tower,32,23,24,0,79,0,48,50,0,98,32,71,74,0,177,156,0,156,333
08/02/2020,IWA,AZ,AWP,CE,Federal Contract Tower,34,15,13,0,62,0,49,46,0,95,34,64,59,0,157,161,0,161,318
08/03/2020,IWA,AZ,AWP,CE,Federal Contract Tower,41,16,19,2,78,0,71,122,1,194,41,87,141,3,272,336,0,336,608
08/04/2020,IWA,AZ,AWP,CE,Federal Contract Tower,14,40,31,5,90,0,91,116,1,208,14,131,147,6,298,419,3,422,720
08/05/2020,IWA,AZ,AWP,CE,Federal Contract Tower,26,15,20,6,67,0,61,99,7,167,26,76,119,13,234,442,12,454,688
08/06/2020,IWA,AZ,AWP,CE,Federal Contract Tower,40,48,39,1,128,0,96,131,3,230,40,144,170,4,358,314,0,314,672
08/07/2020,IWA,AZ,AWP,CE,Federal Contract Tower,40,35,30,2,107,0,82,120,2,204,40,117,150,4,311,261,0,261,572
08/08/2020,IWA,AZ,AWP,CE,Federal Contract Tower,40,20,24,0,84,0,43,63,5,111,40,63,87,5,195,223,0,223,418
08/09/2020,IWA,AZ,AWP,CE,Federal Contract Tower,34,15,11,0,60,0,25,41,2,68,34,40,52,2,128,177,0,177,305
08/10/2020,IWA,AZ,AWP,CE,Federal Contract Tower,43,38,32,9,122,0,99,128,16,243,43,137,160,25,365,284,8,292,657
08/11/2020,IWA,AZ,AWP,CE,Federal Contract Tower,12,29,28,0,69,0,120,121,0,241,12,149,149,0,310,291,0,291,601
08/12/2020,IWA,AZ,AWP,CE,Federal Contract Tower,23,48,28,2,101,0,150,121,2,273,23,198,149,4,374,366,6,372,746
08/13/2020,IWA,AZ,AWP,CE,Federal Contract Tower,39,36,28,0,103,0,131,139,6,276,39,167,167,6,379,358,8,366,745
08/14/2020,IWA,AZ,AWP,CE,Federal Contract Tower,36,28,34,0,98,0,150,107,6,263,36,178,141,6,361,370,1,371,732
08/15/2020,IWA,AZ,AWP,CE,Federal Contract Tower,38,25,26,0,89,0,111,74,16,201,38,136,100,16,290,278,0,278,568
08/16/2020,IWA,AZ,AWP,CE,Federal Contract Tower,35,12,8,0,55,0,58,49,4,111,35,70,57,4,166,153,0,153,319
08/17/2020,IWA,AZ,AWP,CE,Federal Contract Tower,39,9,16,1,65,0,109,102,1,212,39,118,118,2,277,189,0,189,466
08/18/2020,IWA,AZ,AWP,CE,Federal Contract Tower,19,17,32,0,68,0,128,127,5,260,19,145,159,5,328,407,2,409,737
08/19/2020,IWA,AZ,AWP,CE,Federal Contract Tower,6,39,36,3,84,0,180,141,2,323,6,219,177,5,407,515,6,521,928
08/20/2020,IWA,AZ,AWP,CE,Federal Contract Tower,44,25,30,0,99,0,97,105,0,202,44,122,135,0,301,294,0,294,595
08/21/2020,IWA,AZ,AWP,CE,Federal Contract Tower,34,55,52,1,142,0,176,167,2,345,34,231,219,3,487,274,0,274,761
08/22/2020,IWA,AZ,AWP,CE,Federal Contract Tower,6,28,28,1,63,0,123,111,8,242,6,151,139,9,305,337,0,337,642
08/23/2020,IWA,AZ,AWP,CE,Federal Contract Tower,43,21,16,1,81,0,78,58,6,142,43,99,74,7,223,255,0,255,478
08/24/2020,IWA,AZ,AWP,CE,Federal Contract Tower,26,17,16,1,60,0,129,139,0,268,26,146,155,1,328,431,0,431,759
08/25/2020,IWA,AZ,AWP,CE,Federal Contract Tower,15,23,36,6,80,0,120,161,1,282,15,143,197,7,362,452,5,457,819
08/26/2020,IWA,AZ,AWP,CE,Federal Contract Tower,9,25,43,7,84,0,153,166,3,322,9,178,209,10,406,473,4,477,883
08/27/2020,IWA,AZ,AWP,CE,Federal Contract Tower,39,25,57,11,132,0,133,134,1,268,39,158,191,12,400,247,11,258,658
08/28/2020,IWA,AZ,AWP,CE,Federal Contract Tower,31,38,38,0,107,0,161,152,7,320,31,199,190,7,427,479,0,479,906
08/29/2020,IWA,AZ,AWP,CE,Federal Contract Tower,4,24,30,2,60,0,106,133,8,247,4,130,163,10,307,322,0,322,629
08/30/2020,IWA,AZ,AWP,CE,Federal Contract Tower,40,23,17,0,80,0,56,49,15,120,40,79,66,15,200,187,0,187,387
08/31/2020,IWA,AZ,AWP,CE,Federal Contract Tower,29,29,39,6,103,0,194,151,1,346,29,223,190,7,449,564,0,564,1013
09/01/2020,IWA,AZ,AWP,CE,Federal Contract Tower,8,52,38,3,101,0,231,145,1,377,8,283,183,4,478,660,12,672,1150
09/02/2020,IWA,AZ,AWP,CE,Federal Contract Tower,10,57,44,2,113,0,243,127,5,375,10,300,171,7,488,595,2,597,1085
09/03/2020,IWA,AZ,AWP,CE,Federal Contract Tower,38,51,40,3,132,0,223,130,0,353,38,274,170,3,485,583,2,585,1070
09/04/2020,IWA,AZ,AWP,CE,Federal Contract Tower,33,23,46,5,107,0,151,124,2,277,33,174,170,7,384,330,0,330,714
09/05/2020,IWA,AZ,AWP,CE,Federal Contract Tower,10,10,15,0,35,0,88,67,2,157,10,98,82,2,192,271,0,271,463
09/06/2020,IWA,AZ,AWP,CE,Federal Contract Tower,35,25,12,0,72,0,83,56,0,139,35,108,68,0,211,168,0,168,379
09/07/2020,IWA,AZ,AWP,CE,Federal Contract Tower,36,30,42,1,109,0,154,120,5,279,36,184,162,6,388,325,0,325,713
09/08/2020,IWA,AZ,AWP,CE,Federal Contract Tower,7,30,28,1,66,0,149,74,1,224,7,179,102,2,290,410,0,410,700
09/09/2020,IWA,AZ,AWP,CE,Federal Contract Tower,12,32,44,8,96,0,230,180,17,427,12,262,224,25,523,758,0,758,1281
09/10/2020,IWA,AZ,AWP,CE,Federal Contract Tower,33,35,32,2,102,0,211,124,0,335,33,246,156,2,437,675,8,683,1120
09/11/2020,IWA,AZ,AWP,CE,Federal Contract Tower,32,40,45,2,119,0,172,124,7,303,32,212,169,9,422,480,3,483,905
09/12/2020,IWA,AZ,AWP,CE,Federal Contract Tower,6,25,24,4,59,0,117,83,13,213,6,142,107,17,272,362,0,362,634
09/13/2020,IWA,AZ,AWP,CE,Federal Contract Tower,32,7,13,0,52,0,76,83,6,165,32,83,96,6,217,477,0,477,694
09/14/2020,IWA,AZ,AWP,CE,Federal Contract Tower,29,12,24,0,65,0,109,109,0,218,29,121,133,0,283,452,0,452,735
09/15/2020,IWA,AZ,AWP,CE,Federal Contract Tower,7,50,43,2,102,0,180,182,0,362,7,230,225,2,464,582,0,582,1046
09/16/2020,IWA,AZ,AWP,CE,Federal Contract Tower,7,34,47,0,88,0,184,170,0,354,7,218,217,0,442,641,0,641,1083
09/17/2020,IWA,AZ,AWP,CE,Federal Contract Tower,40,30,45,9,124,0,187,124,0,311,40,217,169,9,435,673,0,673,1108
09/18/2020,IWA,AZ,AWP,CE,Federal Contract Tower,32,18,32,0,82,0,151,114,0,265,32,169,146,0,347,515,0,515,862
09/19/2020,IWA,AZ,AWP,CE,Federal Contract Tower,7,9,20,0,36,0,90,55,0,145,7,99,75,0,181,286,0,286,467
09/20/2020,IWA,AZ,AWP,CE,Federal Contract Tower,37,14,28,0,79,0,54,56,0,110,37,68,84,0,189,224,0,224,413
09/21/2020,IWA,AZ,AWP,CE,Federal Contract Tower,27,40,57,2,126,0,189,158,3,350,27,229,215,5,476,559,18,577,1053
09/22/2020,IWA,AZ,AWP,CE,Federal Contract Tower,10,51,44,2,107,0,202,159,4,365,10,253,203,6,472,766,0,766,1238
09/23/2020,IWA,AZ,AWP,CE,Federal Contract Tower,8,37,51,10,106,0,145,111,1,257,8,182,162,11,363,689,0,689,1052
09/24/2020,IWA,AZ,AWP,CE,Federal Contract Tower,39,45,28,8,120,0,147,181,4,332,39,192,209,12,452,690,11,701,1153
09/25/2020,IWA,AZ,AWP,CE,Federal Contract Tower,33,31,50,2,116,0,156,160,4,320,33,187,210,6,436,652,0,652,1088
09/26/2020,IWA,AZ,AWP,CE,Federal Contract Tower,9,22,31,1,63,0,91,120,3,214,9,113,151,4,277,362,0,362,639
09/27/2020,IWA,AZ,AWP,CE,Federal Contract Tower,36,22,20,1,79,0,58,75,1,134,36,80,95,2,213,318,0,318,531
09/28/2020,IWA,AZ,AWP,CE,Federal Contract Tower,32,24,33,5,94,0,143,106,1,250,32,167,139,6,344,595,0,595,939
09/29/2020,IWA,AZ,AWP,CE,Federal Contract Tower,11,24,41,0,76,0,165,155,1,321,11,189,196,1,397,698,0,698,1095
09/30/2020,IWA,AZ,AWP,CE,Federal Contract Tower,15,30,52,7,104,0,147,126,4,277,15,177,178,11,381,662,5,667,1048
10/01/2020,IWA,AZ,AWP,CE,Federal Contract Tower,41,32,40,4,117,0,145,111,2,258,41,177,151,6,375,695,10,705,1080
10/02/2020,IWA,AZ,AWP,CE,Federal Contract Tower,34,35,58,2,129,0,149,193,5,347,34,184,251,7,476,606,0,606,1082
10/03/2020,IWA,AZ,AWP,CE,Federal Contract Tower,17,23,22,0,62,0,92,61,3,156,17,115,83,3,218,265,0,265,483
10/04/2020,IWA,AZ,AWP,CE,Federal Contract Tower,43,17,17,2,79,0,45,44,0,89,43,62,61,2,168,284,0,284,452
10/05/2020,IWA,AZ,AWP,CE,Federal Contract Tower,34,27,44,0,105,0,153,125,2,280,34,180,169,2,385,753,0,753,1138
10/06/2020,IWA,AZ,AWP,CE,Federal Contract Tower,22,29,46,9,106,0,169,111,1,281,22,198,157,10,387,812,0,812,1199
10/07/2020,IWA,AZ,AWP,CE,Federal Contract Tower,26,27,39,2,94,0,153,122,2,277,26,180,161,4,371,716,14,730,1101
10/08/2020,IWA,AZ,AWP,CE,Federal Contract Tower,43,31,34,0,108,0,164,96,6,266,43,195,130,6,374,637,6,643,1017
10/09/2020,IWA,AZ,AWP,CE,Federal Contract Tower,33,20,33,1,87,0,146,118,3,267,33,166,151,4,354,580,1,581,935
10/10/2020,IWA,AZ,AWP,CE,Federal Contract Tower,22,21,20,4,67,0,108,106,7,221,22,129,126,11,288,336,4,340,628
10/11/2020,IWA,AZ,AWP,CE,Federal Contract Tower,45,14,21,0,80,0,63,73,0,136,45,77,94,0,216,303,0,303,519
10/12/2020,IWA,AZ,AWP,CE,Federal Contract Tower,32,24,40,3,99,0,171,95,0,266,32,195,135,3,365,490,0,490,855
10/13/2020,IWA,AZ,AWP,CE,Federal Contract Tower,18,33,55,3,109,0,145,126,0,271,18,178,181,3,380,663,0,663,1043
10/14/2020,IWA,AZ,AWP,CE,Federal Contract Tower,25,37,19,4,85,0,158,106,5,269,25,195,125,9,354,668,6,674,1028
10/15/2020,IWA,AZ,AWP,CE,Federal Contract Tower,42,30,51,9,132,0,159,178,4,341,42,189,229,13,473,754,7,761,1234
10/16/2020,IWA,AZ,AWP,CE,Federal Contract Tower,33,26,36,2,97,0,135,178,0,313,33,161,214,2,410,311,0,311,721
10/17/2020,IWA,AZ,AWP,CE,Federal Contract Tower,21,19,23,2,65,0,95,111,4,210,21,114,134,6,275,323,8,331,606
10/18/2020,IWA,AZ,AWP,CE,Federal Contract Tower,41,18,26,2,87,0,75,74,0,149,41,93,100,2,236,328,0,328,564
10/19/2020,IWA,AZ,AWP,CE,Federal Contract Tower,29,22,28,5,84,0,74,125,0,199,29,96,153,5,283,453,0,453,736
10/20/2020,IWA,AZ,AWP,CE,Federal Contract Tower,19,29,44,4,96,0,203,156,2,361,19,232,200,6,457,852,13,865,1322
10/21/2020,IWA,AZ,AWP,CE,Federal Contract Tower,20,32,40,1,93,0,180,173,1,354,20,212,213,2,447,917,18,935,1382
10/22/2020,IWA,AZ,AWP,CE,Federal Contract Tower,43,30,44,3,120,0,176,158,7,341,43,206,202,10,461,561,44,605,1066
10/23/2020,IWA,AZ,AWP,CE,Federal Contract Tower,32,31,50,3,116,0,151,145,4,300,32,182,195,7,416,444,14,458,874
10/24/2020,IWA,AZ,AWP,CE,Federal Contract Tower,21,21,22,0,64,0,113,85,2,200,21,134,107,2,264,425,0,425,689
10/25/2020,IWA,AZ,AWP,CE,Federal Contract Tower,44,20,20,3,87,0,66,52,2,120,44,86,72,5,207,252,4,256,463
10/26/2020,IWA,AZ,AWP,CE,Federal Contract Tower,29,24,49,0,102,0,138,98,0,236,29,162,147,0,338,435,0,435,773
10/27/2020,IWA,AZ,AWP,CE,Federal Contract Tower,18,21,50,5,94,0,166,148,1,315,18,187,198,6,409,768,19,787,1196
10/28/2020,IWA,AZ,AWP,CE,Federal Contract Tower,15,19,42,5,81,0,164,144,0,308,15,183,186,5,389,589,0,589,978
10/29/2020,IWA,AZ,AWP,CE,Federal Contract Tower,48,22,45,2,117,0,157,138,3,298,48,179,183,5,415,793,3,796,1211
10/30/2020,IWA,AZ,AWP,CE,Federal Contract Tower,40,28,40,3,111,0,160,131,1,292,40,188,171,4,403,656,0,656,1059
10/31/2020,IWA,AZ,AWP,CE,Federal Contract Tower,21,22,25,2,70,0,69,94,6,169,21,91,119,8,239,415,19,434,673
11/01/2020,IWA,AZ,AWP,CE,Federal Contract Tower,44,6,13,0,63,0,43,76,3,122,44,49,89,3,185,194,0,194,379
11/02/2020,IWA,AZ,AWP,CE,Federal Contract Tower,32,8,33,2,75,0,137,124,0,261,32,145,157,2,336,571,0,571,907
11/03/2020,IWA,AZ,AWP,CE,Federal Contract Tower,14,30,31,1,76,0,217,141,2,360,14,247,172,3,436,549,0,549,985
11/04/2020,IWA,AZ,AWP,CE,Federal Contract Tower,20,33,59,2,114,0,178,144,1,323,20,211,203,3,437,737,0,737,1174
11/05/2020,IWA,AZ,AWP,CE,Federal Contract Tower,43,14,24,6,87,0,138,144,0,282,43,152,168,6,369,509,6,515,884
11/06/2020,IWA,AZ,AWP,CE,Federal Contract Tower,32,30,44,0,106,0,147,127,1,275,32,177,171,1,381,747,4,751,1132
11/07/2020,IWA,AZ,AWP,CE,Federal Contract Tower,18,6,9,2,35,0,16,28,0,44,18,22,37,2,79,105,0,105,184
11/08/2020,IWA,AZ,AWP,CE,Federal Contract Tower,42,18,28,3,91,0,45,87,1,133,42,63,115,4,224,357,0,357,581
11/09/2020,IWA,AZ,AWP,CE,Federal Contract Tower,28,37,58,3,126,0,142,124,0,266,28,179,182,3,392,625,7,632,1024
11/10/2020,IWA,AZ,AWP,CE,Federal Contract Tower,10,33,33,0,76,0,162,146,0,308,10,195,179,0,384,820,0,820,1204
11/11/2020,IWA,AZ,AWP,CE,Federal Contract Tower,20,33,46,0,99,0,171,152,2,325,20,204,198,2,424,656,0,656,1080
11/12/2020,IWA,AZ,AWP,CE,Federal Contract Tower,46,40,30,6,122,0,163,143,3,309,46,203,173,9,431,773,0,773,1204
11/13/2020,IWA,AZ,AWP,CE,Federal Contract Tower,32,32,42,5,111,0,148,153,2,303,32,180,195,7,414,962,1,963,1377
11/14/2020,IWA,AZ,AWP,CE,Federal Contract Tower,22,32,37,2,93,0,99,83,3,185,22,131,120,5,278,526,2,528,806
11/15/2020,IWA,AZ,AWP,CE,Federal Contract Tower,45,14,10,2,71,0,55,88,0,143,45,69,98,2,214,377,0,377,591
11/16/2020,IWA,AZ,AWP,CE,Federal Contract Tower,29,22,16,1,68,0,148,148,1,297,29,170,164,2,365,590,0,590,955
11/17/2020,IWA,AZ,AWP,CE,Federal Contract Tower,10,29,23,0,62,0,149,151,1,301,10,178,174,1,363,660,0,660,1023
11/18/2020,IWA,AZ,AWP,CE,Federal Contract Tower,15,42,30,1,88,0,141,165,2,308,15,183,195,3,396,612,0,612,1008
11/19/2020,IWA,AZ,AWP,CE,Federal Contract Tower,40,37,28,3,108,0,146,123,3,272,40,183,151,6,380,597,2,599,979
11/20/2020,IWA,AZ,AWP,CE,Federal Contract Tower,37,38,45,3,123,0,143,145,1,289,37,181,190,4,412,569,0,569,981
11/21/2020,IWA,AZ,AWP,CE,Federal Contract Tower,22,31,39,0,92,0,102,82,5,189,22,133,121,5,281,352,0,352,633
11/22/2020,IWA,AZ,AWP,CE,Federal Contract Tower,46,15,16,0,77,0,57,72,5,134,46,72,88,5,211,264,0,264,475
11/23/2020,IWA,AZ,AWP,CE,Federal Contract Tower,31,43,41,3,118,0,158,124,0,282,31,201,165,3,400,470,0,470,870
11/24/2020,IWA,AZ,AWP,CE,Federal Contract Tower,58,48,41,3,150,0,129,93,3,225,58,177,134,6,375,533,5,538,913
11/25/2020,IWA,AZ,AWP,CE,Federal Contract Tower,48,35,36,2,121,0,140,82,0,222,48,175,118,2,343,347,0,347,690
11/26/2020,IWA,AZ,AWP,CE,Federal Contract Tower,22,11,5,0,38,0,6,21,0,27,22,17,26,0,65,49,0,49,114
11/27/2020,IWA,AZ,AWP,CE,Federal Contract Tower,29,22,20,0,71,0,91,46,0,137,29,113,66,0,208,318,0,318,526
11/28/2020,IWA,AZ,AWP,CE,Federal Contract Tower,42,27,21,0,90,0,92,62,0,154,42,119,83,0,244,330,0,330,574
11/29/2020,IWA,AZ,AWP,CE,Federal Contract Tower,52,30,22,0,104,0,56,67,3,126,52,86,89,3,230,255,0,255,485
11/30/2020,IWA,AZ,AWP,CE,Federal Contract Tower,40,25,32,0,97,0,124,96,3,223,40,149,128,3,320,444,0,444,764
12/01/2020,IWA,AZ,AWP,CE,Federal Contract Tower,7,39,30,6,82,0,155,111,0,266,7,194,141,6,348,680,0,680,1028
12/02/2020,IWA,AZ,AWP,CE,Federal Contract Tower,12,29,44,5,90,0,122,120,3,245,12,151,164,8,335,473,14,487,822
12/03/2020,IWA,AZ,AWP,CE,Federal Contract Tower,42,33,40,2,117,0,130,95,0,225,42,163,135,2,342,501,0,501,843
12/04/2020,IWA,AZ,AWP,CE,Federal Contract Tower,42,45,62,1,150,0,128,142,0,270,42,173,204,1,420,565,0,565,985
12/05/2020,IWA,AZ,AWP,CE,Federal Contract Tower,16,49,32,1,98,0,94,74,0,168,16,143,106,1,266,253,0,253,519
12/06/2020,IWA,AZ,AWP,CE,Federal Contract Tower,50,18,24,0,92,0,61,87,4,152,50,79,111,4,244,359,0,359,603
12/07/2020,IWA,AZ,AWP,CE,Federal Contract Tower,28,19,26,0,73,0,92,100,0,192,28,111,126,0,265,394,0,394,659
12/08/2020,IWA,AZ,AWP,CE,Federal Contract Tower,6,19,32,1,58,0,104,119,3,226,6,123,151,4,284,348,12,360,644
12/09/2020,IWA,AZ,AWP,CE,Federal Contract Tower,15,37,39,2,93,0,106,124,7,237,15,143,163,9,330,480,14,494,824
12/10/2020,IWA,AZ,AWP,CE,Federal Contract Tower,42,46,33,2,123,0,7,8,6,21,42,53,41,8,144,45,0,45,189
12/11/2020,IWA,AZ,AWP,CE,Federal Contract Tower,30,36,45,4,115,0,128,116,4,248,30,164,161,8,363,523,0,523,886
12/12/2020,IWA,AZ,AWP,CE,Federal Contract Tower,15,30,19,0,64,0,71,68,0,139,15,101,87,0,203,290,0,290,493
12/13/2020,IWA,AZ,AWP,CE,Federal Contract Tower,40,14,21,0,75,0,55,54,0,109,40,69,75,0,184,150,0,150,334
12/14/2020,IWA,AZ,AWP,CE,Federal Contract Tower,26,32,44,4,106,0,121,109,0,230,26,153,153,4,336,339,0,339,675
12/15/2020,IWA,AZ,AWP,CE,Federal Contract Tower,10,52,30,0,92,0,118,116,0,234,10,170,146,0,326,256,0,256,582
12/16/2020,IWA,AZ,AWP,CE,Federal Contract Tower,7,44,52,0,103,0,116,92,4,212,7,160,144,4,315,483,8,491,806
12/17/2020,IWA,AZ,AWP,CE,Federal Contract Tower,24,34,34,5,97,0,92,92,4,188,24,126,126,9,285,420,15,435,720
12/18/2020,IWA,AZ,AWP,CE,Federal Contract Tower,40,45,29,3,117,0,140,91,6,237,40,185,120,9,354,296,12,308,662
12/19/2020,IWA,AZ,AWP,CE,Federal Contract Tower,44,21,17,0,82,0,97,60,9,166,44,118,77,9,248,258,6,264,512
12/20/2020,IWA,AZ,AWP,CE,Federal Contract Tower,40,13,7,0,60,0,42,26,4,72,40,55,33,4,132,260,0,260,392
12/21/2020,IWA,AZ,AWP,CE,Federal Contract Tower,48,15,20,0,83,0,90,56,3,149,48,105,76,3,232,330,0,330,562
12/22/2020,IWA,AZ,AWP,CE,Federal Contract Tower,39,31,23,4,97,0,80,55,3,138,39,111,78,7,235,314,28,342,577
12/23/2020,IWA,AZ,AWP,CE,Federal Contract Tower,47,20,21,0,88,0,50,40,0,90,47,70,61,0,178,107,0,107,285
12/24/2020,IWA,AZ,AWP,CE,Federal Contract Tower,49,19,8,0,76,0,40,32,0,72,49,59,40,0,148,82,0,82,230
12/25/2020,IWA,AZ,AWP,CE,Federal Contract Tower,9,9,1,0,19,0,6,18,0,24,9,15,19,0,43,10,0,10,53
12/26/2020,IWA,AZ,AWP,CE,Federal Contract Tower,42,17,18,0,77,0,68,36,0,104,42,85,54,0,181,131,0,131,312
12/27/2020,IWA,AZ,AWP,CE,Federal Contract Tower,42,19,12,0,73,0,60,22,1,83,42,79,34,1,156,77,0,77,233
12/28/2020,IWA,AZ,AWP,CE,Federal Contract Tower,49,24,18,4,95,0,84,33,1,118,49,108,51,5,213,91,0,91,304
12/29/2020,IWA,AZ,AWP,CE,Federal Contract Tower,37,28,26,0,91,0,121,46,5,172,37,149,72,5,263,382,0,382,645
12/30/2020,IWA,AZ,AWP,CE,Federal Contract Tower,44,28,40,2,114,0,88,46,7,141,44,116,86,9,255,129,0,129,384
12/31/2020,IWA,AZ,AWP,CE,Federal Contract Tower,51,22,17,0,90,0,92,33,0,125,51,114,50,0,215,371,0,371,586
01/01/2021,IWA,AZ,AWP,CE,Federal Contract Tower,6,13,11,0,30,0,10,25,0,35,6,23,36,0,65,123,0,123,188
01/02/2021,IWA,AZ,AWP,CE,Federal Contract Tower,45,24,27,0,96,0,86,45,0,131,45,110,72,0,227,197,0,197,424
01/03/2021,IWA,AZ,AWP,CE,Federal Contract Tower,44,20,15,0,79,0,55,39,0,94,44,75,54,0,173,118,0,118,291
01/04/2021,IWA,AZ,AWP,CE,Federal Contract Tower,39,42,34,4,119,0,126,56,0,182,39,168,90,4,301,267,0,267,568
01/05/2021,IWA,AZ,AWP,CE,Federal Contract Tower,6,38,38,2,84,0,112,89,2,203,6,150,127,4,287,379,0,379,666
01/06/2021,IWA,AZ,AWP,CE,Federal Contract Tower,18,35,41,4,98,0,100,81,6,187,18,135,122,10,285,409,20,429,714
01/07/2021,IWA,AZ,AWP,CE,Federal Contract Tower,39,34,41,2,116,0,93,98,0,191,39,127,139,2,307,469,4,473,780
01/08/2021,IWA,AZ,AWP,CE,Federal Contract Tower,38,28,40,2,108,0,82,91,0,173,38,110,131,2,281,349,0,349,630
01/09/2021,IWA,AZ,AWP,CE,Federal Contract Tower,26,31,29,2,88,0,51,37,2,90,26,82,66,4,178,118,0,118,296
01/10/2021,IWA,AZ,AWP,CE,Federal Contract Tower,43,19,19,0,81,0,32,48,3,83,43,51,67,3,164,209,0,209,373
01/11/2021,IWA,AZ,AWP,CE,Federal Contract Tower,34,22,40,29,125,0,61,116,9,186,34,83,156,38,311,390,3,393,704
01/12/2021,IWA,AZ,AWP,CE,Federal Contract Tower,6,28,36,2,72,0,71,144,1,216,6,99,180,3,288,458,9,467,755
01/13/2021,IWA,AZ,AWP,CE,Federal Contract Tower,18,22,46,5,91,0,91,155,6,252,18,113,201,11,343,473,9,482,825
01/14/2021,IWA,AZ,AWP,CE,Federal Contract Tower,35,21,56,2,114,0,70,126,0,196,35,91,182,2,310,565,0,565,875
01/15/2021,IWA,AZ,AWP,CE,Federal Contract Tower,36,19,43,2,100,0,72,150,2,224,36,91,193,4,324,487,5,492,816
01/16/2021,IWA,AZ,AWP,CE,Federal Contract Tower,24,31,30,0,85,0,64,80,3,147,24,95,110,3,232,327,0,327,559
01/17/2021,IWA,AZ,AWP,CE,Federal Contract Tower,44,20,22,0,86,0,48,51,3,102,44,68,73,3,188,136,0,136,324
01/18/2021,IWA,AZ,AWP,CE,Federal Contract Tower,30,25,27,0,82,0,91,131,0,222,30,116,158,0,304,438,0,438,742
01/19/2021,IWA,AZ,AWP,CE,Federal Contract Tower,6,16,22,5,49,0,43,78,0,121,6,59,100,5,170,524,18,542,712
01/20/2021,IWA,AZ,AWP,CE,Federal Contract Tower,18,14,21,2,55,0,60,100,0,160,18,74,121,2,215,436,7,443,658
01/21/2021,IWA,AZ,AWP,CE,Federal Contract Tower,41,15,34,0,90,0,72,97,0,169,41,87,131,0,259,566,0,566,825
01/22/2021,IWA,AZ,AWP,CE,Federal Contract Tower,26,13,36,4,79,0,80,134,4,218,26,93,170,8,297,439,0,439,736
01/23/2021,IWA,AZ,AWP,CE,Federal Contract Tower,21,8,24,3,56,0,37,55,10,102,21,45,79,13,158,239,0,239,397
01/24/2021,IWA,AZ,AWP,CE,Federal Contract Tower,39,10,16,6,71,0,5,17,1,23,39,15,33,7,94,19,0,19,113
01/25/2021,IWA,AZ,AWP,CE,Federal Contract Tower,32,7,7,0,46,0,16,16,0,32,32,23,23,0,78,27,0,27,105
01/26/2021,IWA,AZ,AWP,CE,Federal Contract Tower,5,38,19,5,67,0,76,66,0,142,5,114,85,5,209,439,0,439,648
01/27/2021,IWA,AZ,AWP,CE,Federal Contract Tower,17,20,29,3,69,0,153,162,0,315,17,173,191,3,384,645,0,645,1029
01/28/2021,IWA,AZ,AWP,CE,Federal Contract Tower,39,10,31,2,82,0,122,147,0,269,39,132,178,2,351,721,0,721,1072
01/29/2021,IWA,AZ,AWP,CE,Federal Contract Tower,35,19,22,5,81,0,63,73,1,137,35,82,95,6,218,333,0,333,551
01/30/2021,IWA,AZ,AWP,CE,Federal Contract Tower,23,15,28,0,66,0,117,85,11,213,23,132,113,11,279,342,2,344,623
01/31/2021,IWA,AZ,AWP,CE,Federal Contract Tower,39,22,24,0,85,0,69,87,6,162,39,91,111,6,247,189,0,189,436
02/01/2021,IWA,AZ,AWP,CE,Federal Contract Tower,28,26,43,5,102,0,153,104,2,259,28,179,147,7,361,549,17,566,927
02/02/2021,IWA,AZ,AWP,CE,Federal Contract Tower,6,30,46,6,88,0,179,147,3,329,6,209,193,9,417,735,8,743,1160
02/03/2021,IWA,AZ,AWP,CE,Federal Contract Tower,18,25,41,0,84,0,138,125,0,263,18,163,166,0,347,560,0,560,907
02/04/2021,IWA,AZ,AWP,CE,Federal Contract Tower,40,27,47,10,124,0,140,123,0,263,40,167,170,10,387,558,21,579,966
02/05/2021,IWA,AZ,AWP,CE,Federal Contract Tower,34,20,45,2,101,0,156,143,2,301,34,176,188,4,402,408,0,408,810
02/06/2021,IWA,AZ,AWP,CE,Federal Contract Tower,21,25,35,3,84,0,69,63,1,133,21,94,98,4,217,284,0,284,501
02/07/2021,IWA,AZ,AWP,CE,Federal Contract Tower,41,11,27,0,79,0,46,58,0,104,41,57,85,0,183,180,0,180,363
02/08/2021,IWA,AZ,AWP,CE,Federal Contract Tower,32,19,54,2,107,0,134,166,0,300,32,153,220,2,407,479,0,479,886
02/09/2021,IWA,AZ,AWP,CE,Federal Contract Tower,5,24,36,2,67,0,148,121,6,275,5,172,157,8,342,478,25,503,845
02/10/2021,IWA,AZ,AWP,CE,Federal Contract Tower,37,24,39,28,128,0,153,141,7,301,37,177,180,35,429,354,74,428,857
02/11/2021,IWA,AZ,AWP,CE,Federal Contract Tower,49,29,47,25,150,0,161,143,17,321,49,190,190,42,471,562,56,618,1089
02/12/2021,IWA,AZ,AWP,CE,Federal Contract Tower,53,13,39,18,123,0,124,127,12,263,53,137,166,30,386,421,24,445,831
02/13/2021,IWA,AZ,AWP,CE,Federal Contract Tower,40,12,15,2,69,0,56,73,13,142,40,68,88,15,211,169,1,170,381
02/14/2021,IWA,AZ,AWP,CE,Federal Contract Tower,53,18,18,7,96,0,58,74,8,140,53,76,92,15,236,170,20,190,426
02/15/2021,IWA,AZ,AWP,CE,Federal Contract Tower,42,21,38,5,106,0,139,156,8,303,42,160,194,13,409,464,45,509,918
02/16/2021,IWA,AZ,AWP,CE,Federal Contract Tower,30,22,46,6,104,0,102,154,4,260,30,124,200,10,364,450,17,467,831
02/17/2021,IWA,AZ,AWP,CE,Federal Contract Tower,35,31,51,8,125,0,115,140,5,260,35,146,191,13,385,412,9,421,806
02/18/2021,IWA,AZ,AWP,CE,Federal Contract Tower,48,35,46,7,136,0,132,146,4,282,48,167,192,11,418,540,29,569,987
02/19/2021,IWA,AZ,AWP,CE,Federal Contract Tower,59,35,54,14,162,0,106,144,8,258,59,141,198,22,420,477,34,511,931
02/20/2021,IWA,AZ,AWP,CE,Federal Contract Tower,37,12,36,6,91,0,73,64,11,148,37,85,100,17,239,254,36,290,529
02/21/2021,IWA,AZ,AWP,CE,Federal Contract Tower,54,22,35,5,116,0,38,85,4,127,54,60,120,9,243,235,72,307,550
02/22/2021,IWA,AZ,AWP,CE,Federal Contract Tower,56,18,59,5,138,0,124,143,4,271,56,142,202,9,409,500,1,501,910
02/23/2021,IWA,AZ,AWP,CE,Federal Contract Tower,31,37,45,8,121,0,164,145,0,309,31,201,190,8,430,667,25,692,1122
02/24/2021,IWA,AZ,AWP,CE,Federal Contract Tower,36,36,50,1,123,0,139,179,4,322,36,175,229,5,445,525,14,539,984
02/25/2021,IWA,AZ,AWP,CE,Federal Contract Tower,52,23,36,9,120,0,132,138,1,271,52,155,174,10,391,530,0,530,921
02/26/2021,IWA,AZ,AWP,CE,Federal Contract Tower,57,32,51,14,154,0,115,143,11,269,57,147,194,25,423,464,1,465,888
02/27/2021,IWA,AZ,AWP,CE,Federal Contract Tower,49,21,29,15,114,0,65,98,7,170,49,86,127,22,284,387,0,387,671
02/28/2021,IWA,AZ,AWP,CE,Federal Contract Tower,60,20,27,11,118,5,28,54,6,93,65,48,81,17,211,88,15,103,314
03/01/2021,IWA,AZ,AWP,CE,Federal Contract Tower,50,27,32,9,118,0,145,150,3,298,50,172,182,12,416,422,0,422,838
03/02/2021,IWA,AZ,AWP,CE,Federal Contract Tower,28,8,40,3,79,0,128,114,18,260,28,136,154,21,339,385,2,387,726
03/03/2021,IWA,AZ,AWP,CE,Federal Contract Tower,58,13,33,0,104,0,73,108,4,185,58,86,141,4,289,278,0,278,567
03/04/2021,IWA,AZ,AWP,CE,Federal Contract Tower,60,30,54,2,146,2,146,198,3,349,62,176,252,5,495,458,5,463,958
03/05/2021,IWA,AZ,AWP,CE,Federal Contract Tower,57,42,60,15,174,0,150,155,10,315,57,192,215,25,489,485,17,502,991
03/06/2021,IWA,AZ,AWP,CE,Federal Contract Tower,64,11,14,4,93,0,49,46,7,102,64,60,60,11,195,187,3,190,385
03/07/2021,IWA,AZ,AWP,CE,Federal Contract Tower,54,11,15,18,98,0,50,60,1,111,54,61,75,19,209,354,1,355,564
03/08/2021,IWA,AZ,AWP,CE,Federal Contract Tower,53,32,47,5,137,0,113,121,0,234,53,145,168,5,371,383,0,383,754
03/09/2021,IWA,AZ,AWP,CE,Federal Contract Tower,41,23,44,0,108,0,81,86,0,167,41,104,130,0,275,337,0,337,612
03/10/2021,IWA,AZ,AWP,CE,Federal Contract Tower,60,41,48,0,149,0,159,148,0,307,60,200,196,0,456,410,0,410,866
03/11/2021,IWA,AZ,AWP,CE,Federal Contract Tower,51,25,37,15,128,0,155,173,4,332,51,180,210,19,460,558,11,569,1029
03/12/2021,IWA,AZ,AWP,CE,Federal Contract Tower,58,12,26,5,101,0,53,58,3,114,58,65,84,8,215,325,8,333,548
03/13/2021,IWA,AZ,AWP,CE,Federal Contract Tower,76,17,17,2,112,0,49,34,2,85,76,66,51,4,197,166,0,166,363
03/14/2021,IWA,AZ,AWP,CE,Federal Contract Tower,54,22,37,9,122,0,47,69,0,116,54,69,106,9,238,217,0,217,455
03/15/2021,IWA,AZ,AWP,CE,Federal Contract Tower,47,25,34,11,117,0,104,145,2,251,47,129,179,13,368,522,4,526,894
03/16/2021,IWA,AZ,AWP,CE,Federal Contract Tower,50,31,55,3,139,0,104,145,0,249,50,135,200,3,388,634,0,634,1022
03/17/2021,IWA,AZ,AWP,CE,Federal Contract Tower,59,33,56,5,153,0,112,147,1,260,59,145,203,6,413,508,0,508,921
03/18/2021,IWA,AZ,AWP,CE,Federal Contract Tower,51,35,53,9,148,0,118,152,1,271,51,153,205,10,419,650,14,664,1083
03/19/2021,IWA,AZ,AWP,CE,Federal Contract Tower,57,37,48,8,150,0,126,164,2,292,57,163,212,10,442,568,19,587,1029
03/20/2021,IWA,AZ,AWP,CE,Federal Contract Tower,80,23,24,1,128,0,73,63,0,136,80,96,87,1,264,308,0,308,572
03/21/2021,IWA,AZ,AWP,CE,Federal Contract Tower,57,27,19,5,108,0,53,56,0,109,57,80,75,5,217,292,0,292,509
03/22/2021,IWA,AZ,AWP,CE,Federal Contract Tower,52,43,50,2,147,0,123,122,3,248,52,166,172,5,395,374,8,382,777
03/23/2021,IWA,AZ,AWP,CE,Federal Contract Tower,42,22,51,12,127,0,88,132,3,223,42,110,183,15,350,452,22,474,824
03/24/2021,IWA,AZ,AWP,CE,Federal Contract Tower,52,31,38,5,126,0,125,156,5,286,52,156,194,10,412,663,0,663,1075
03/25/2021,IWA,AZ,AWP,CE,Federal Contract Tower,54,16,20,4,94,0,51,85,1,137,54,67,105,5,231,250,26,276,507
03/26/2021,IWA,AZ,AWP,CE,Federal Contract Tower,54,28,42,3,127,0,67,102,0,169,54,95,144,3,296,430,19,449,745
03/27/2021,IWA,AZ,AWP,CE,Federal Contract Tower,62,29,40,4,135,0,74,87,0,161,62,103,127,4,296,397,0,397,693
03/28/2021,IWA,AZ,AWP,CE,Federal Contract Tower,54,16,44,5,119,0,61,88,1,150,54,77,132,6,269,297,5,302,571
03/29/2021,IWA,AZ,AWP,CE,Federal Contract Tower,44,40,62,6,152,0,104,134,2,240,44,144,196,8,392,598,8,606,998
03/30/2021,IWA,AZ,AWP,CE,Federal Contract Tower,30,41,54,6,131,0,122,172,3,297,30,163,226,9,428,773,14,787,1215
03/31/2021,IWA,AZ,AWP,CE,Federal Contract Tower,41,38,59,4,142,0,110,165,7,282,41,148,224,11,424,663,0,663,1087
04/01/2021,IWA,AZ,AWP,CE,Federal Contract Tower,56,13,23,4,96,0,43,81,2,126,56,56,104,6,222,322,14,336,558
04/02/2021,IWA,AZ,AWP,CE,Federal Contract Tower,59,34,50,6,149,0,91,142,0,233,59,125,192,6,382,549,2,551,933
04/03/2021,IWA,AZ,AWP,CE,Federal Contract Tower,50,17,18,3,88,0,43,100,0,143,50,60,118,3,231,269,28,297,528
04/04/2021,IWA,AZ,AWP,CE,Federal Contract Tower,52,8,20,1,81,0,21,44,0,65,52,29,64,1,146,47,0,47,193
04/05/2021,IWA,AZ,AWP,CE,Federal Contract Tower,51,30,49,7,137,0,86,123,0,209,51,116,172,7,346,354,0,354,700
04/06/2021,IWA,AZ,AWP,CE,Federal Contract Tower,25,25,65,1,116,0,92,147,1,240,25,117,212,2,356,480,0,480,836
04/07/2021,IWA,AZ,AWP,CE,Federal Contract Tower,45,31,46,0,122,0,122,183,2,307,45,153,229,2,429,690,0,690,1119
04/08/2021,IWA,AZ,AWP,CE,Federal Contract Tower,50,45,51,2,148,0,107,150,0,257,50,152,201,2,405,493,6,499,904
04/09/2021,IWA,AZ,AWP,CE,Federal Contract Tower,52,33,49,10,144,0,101,121,0,222,52,134,170,10,366,369,12,381,747
04/10/2021,IWA,AZ,AWP,CE,Federal Contract Tower,42,20,30,2,94,0,70,86,11,167,42,90,116,13,261,283,2,285,546
04/11/2021,IWA,AZ,AWP,CE,Federal Contract Tower,52,15,27,4,98,0,42,52,7,101,52,57,79,11,199,170,0,170,369
04/12/2021,IWA,AZ,AWP,CE,Federal Contract Tower,52,31,54,18,155,0,105,142,24,271,52,136,196,42,426,636,4,640,1066
04/13/2021,IWA,AZ,AWP,CE,Federal Contract Tower,16,27,45,26,114,0,125,124,19,268,16,152,169,45,382,430,66,496,878
04/14/2021,IWA,AZ,AWP,CE,Federal Contract Tower,18,29,42,44,133,0,79,142,27,248,18,108,184,71,381,410,24,434,815
04/15/2021,IWA,AZ,AWP,CE,Federal Contract Tower,44,30,40,29,143,0,103,131,8,242,44,133,171,37,385,582,33,615,1000
04/16/2021,IWA,AZ,AWP,CE,Federal Contract Tower,42,48,42,20,152,0,110,142,8,260,42,158,184,28,412,587,12,599,1011
04/17/2021,IWA,AZ,AWP,CE,Federal Contract Tower,26,30,31,15,102,0,69,85,8,162,26,99,116,23,264,386,4,390,654
04/18/2021,IWA,AZ,AWP,CE,Federal Contract Tower,40,5,14,5,64,0,26,34,5,65,40,31,48,10,129,80,0,80,209
04/19/2021,IWA,AZ,AWP,CE,Federal Contract Tower,41,27,50,12,130,0,117,153,1,271,41,144,203,13,401,434,0,434,835
04/20/2021,IWA,AZ,AWP,CE,Federal Contract Tower,11,37,39,15,102,0,108,119,4,231,11,145,158,19,333,564,22,586,919
04/21/2021,IWA,AZ,AWP,CE,Federal Contract Tower,20,10,22,10,62,0,46,81,2,129,20,56,103,12,191,185,9,194,385
04/22/2021,IWA,AZ,AWP,CE,Federal Contract Tower,39,29,47,17,132,0,108,140,11,259,39,137,187,28,391,574,19,593,984
04/23/2021,IWA,AZ,AWP,CE,Federal Contract Tower,43,35,45,21,144,0,90,127,3,220,43,125,172,24,364,423,7,430,794
04/24/2021,IWA,AZ,AWP,CE,Federal Contract Tower,20,25,34,8,87,0,74,93,7,174,20,99,127,15,261,298,1,299,560
04/25/2021,IWA,AZ,AWP,CE,Federal Contract Tower,44,12,31,2,89,0,45,90,0,135,44,57,121,2,224,201,0,201,425
04/26/2021,IWA,AZ,AWP,CE,Federal Contract Tower,39,26,54,7,126,0,120,97,8,225,39,146,151,15,351,385,0,385,736
04/27/2021,IWA,AZ,AWP,CE,Federal Contract Tower,14,32,32,3,81,0,125,103,2,230,14,157,135,5,311,676,0,676,987
04/28/2021,IWA,AZ,AWP,CE,Federal Contract Tower,17,17,25,14,73,0,97,94,10,201,17,114,119,24,274,467,14,481,755
04/29/2021,IWA,AZ,AWP,CE,Federal Contract Tower,41,18,52,10,121,0,94,98,2,194,41,112,150,12,315,486,0,486,801
04/30/2021,IWA,AZ,AWP,CE,Federal Contract Tower,45,15,36,5,101,0,102,90,0,192,45,117,126,5,293,350,0,350,643
05/01/2021,IWA,AZ,AWP,CE,Federal Contract Tower,18,24,20,2,64,0,114,53,7,174,18,138,73,9,238,279,14,293,531
05/02/2021,IWA,AZ,AWP,CE,Federal Contract Tower,40,16,21,2,79,0,40,72,0,112,40,56,93,2,191,121,0,121,312
05/03/2021,IWA,AZ,AWP,CE,Federal Contract Tower,46,47,29,0,122,0,133,96,0,229,46,180,125,0,351,534,0,534,885
05/04/2021,IWA,AZ,AWP,CE,Federal Contract Tower,12,48,47,4,111,0,145,123,1,269,12,193,170,5,380,433,0,433,813
05/05/2021,IWA,AZ,AWP,CE,Federal Contract Tower,17,32,44,6,99,0,112,128,4,244,17,144,172,10,343,407,20,427,770
05/06/2021,IWA,AZ,AWP,CE,Federal Contract Tower,42,35,33,2,112,0,118,118,3,239,42,153,151,5,351,535,7,542,893
05/07/2021,IWA,AZ,AWP,CE,Federal Contract Tower,57,44,48,6,155,0,140,102,1,243,57,184,150,7,398,371,6,377,775
05/08/2021,IWA,AZ,AWP,CE,Federal Contract Tower,19,35,23,0,77,0,106,91,1,198,19,141,114,1,275,339,0,339,614
05/09/2021,IWA,AZ,AWP,CE,Federal Contract Tower,39,28,19,1,87,0,51,79,0,130,39,79,98,1,217,148,0,148,365
05/10/2021,IWA,AZ,AWP,CE,Federal Contract Tower,43,40,43,16,142,0,135,103,1,239,43,175,146,17,381,436,33,469,850
05/11/2021,IWA,AZ,AWP,CE,Federal Contract Tower,15,32,34,4,85,0,134,113,2,249,15,166,147,6,334,386,156,542,876
05/12/2021,IWA,AZ,AWP,CE,Federal Contract Tower,19,39,48,6,112,0,106,96,1,203,19,145,144,7,315,509,0,509,824
05/13/2021,IWA,AZ,AWP,CE,Federal Contract Tower,41,25,30,4,100,0,87,76,0,163,41,112,106,4,263,506,0,506,769
05/14/2021,IWA,AZ,AWP,CE,Federal Contract Tower,48,32,28,24,132,0,118,115,2,235,48,150,143,26,367,533,8,541,908
05/15/2021,IWA,AZ,AWP,CE,Federal Contract Tower,19,21,16,1,57,0,53,45,2,100,19,74,61,3,157,131,0,131,288
05/16/2021,IWA,AZ,AWP,CE,Federal Contract Tower,43,11,12,4,70,0,47,45,0,92,43,58,57,4,162,238,0,238,400
05/17/2021,IWA,AZ,AWP,CE,Federal Contract Tower,44,16,35,10,105,0,70,131,4,205,44,86,166,14,310,382,0,382,692
05/18/2021,IWA,AZ,AWP,CE,Federal Contract Tower,13,31,48,22,114,0,88,127,8,223,13,119,175,30,337,465,10,475,812
05/19/2021,IWA,AZ,AWP,CE,Federal Contract Tower,18,36,49,13,116,0,145,118,2,265,18,181,167,15,381,425,23,448,829
05/20/2021,IWA,AZ,AWP,CE,Federal Contract Tower,39,21,31,16,107,0,110,103,2,215,39,131,134,18,322,424,9,433,755
05/21/2021,IWA,AZ,AWP,CE,Federal Contract Tower,41,28,32,12,113,1,84,65,5,155,42,112,97,17,268,287,0,287,555
05/22/2021,IWA,AZ,AWP,CE,Federal Contract Tower,17,16,23,3,59,0,78,75,5,158,17,94,98,8,217,276,1,277,494
05/23/2021,IWA,AZ,AWP,CE,Federal Contract Tower,47,17,34,3,101,0,58,93,2,153,47,75,127,5,254,280,6,286,540
05/24/2021,IWA,AZ,AWP,CE,Federal Contract Tower,41,38,34,6,119,0,109,113,0,222,41,147,147,6,341,457,8,465,806
05/25/2021,IWA,AZ,AWP,CE,Federal Contract Tower,11,33,31,4,79,0,141,143,6,290,11,174,174,10,369,628,0,628,997
05/26/2021,IWA,AZ,AWP,CE,Federal Contract Tower,31,29,42,0,102,0,117,126,4,247,31,146,168,4,349,432,0,432,781
05/27/2021,IWA,AZ,AWP,CE,Federal Contract Tower,33,30,55,3,121,0,109,91,3,203,33,139,146,6,324,536,21,557,881
05/28/2021,IWA,AZ,AWP,CE,Federal Contract Tower,45,20,38,2,105,0,67,118,0,185,45,87,156,2,290,301,0,301,591
05/29/2021,IWA,AZ,AWP,CE,Federal Contract Tower,38,15,10,1,64,0,56,48,0,104,38,71,58,1,168,142,0,142,310
05/30/2021,IWA,AZ,AWP,CE,Federal Contract Tower,42,11,11,2,66,0,21,46,0,67,42,32,57,2,133,143,0,143,276
05/31/2021,IWA,AZ,AWP,CE,Federal Contract Tower,41,24,22,0,87,0,75,52,0,127,41,99,74,0,214,227,0,227,441
06/01/2021,IWA,AZ,AWP,CE,Federal Contract Tower,18,32,27,11,88,2,88,76,2,168,20,120,103,13,256,415,28,443,699
06/02/2021,IWA,AZ,AWP,CE,Federal Contract Tower,38,37,34,2,111,2,111,127,4,244,40,148,161,6,355,365,10,375,730
06/03/2021,IWA,AZ,AWP,CE,Federal Contract Tower,38,23,27,3,91,6,96,102,8,212,44,119,129,11,303,517,4,521,824
06/04/2021,IWA,AZ,AWP,CE,Federal Contract Tower,48,35,35,3,121,0,124,145,1,270,48,159,180,4,391,486,0,486,877
06/05/2021,IWA,AZ,AWP,CE,Federal Contract Tower,40,21,28,1,90,7,76,123,1,207,47,97,151,2,297,231,0,231,528
06/06/2021,IWA,AZ,AWP,CE,Federal Contract Tower,43,8,13,2,66,7,37,100,2,146,50,45,113,4,212,143,14,157,369
06/07/2021,IWA,AZ,AWP,CE,Federal Contract Tower,42,16,19,0,77,0,76,145,0,221,42,92,164,0,298,416,0,416,714
06/08/2021,IWA,AZ,AWP,CE,Federal Contract Tower,28,20,29,5,82,17,108,149,1,275,45,128,178,6,357,512,14,526,883
06/09/2021,IWA,AZ,AWP,CE,Federal Contract Tower,37,24,30,2,93,34,123,131,1,289,71,147,161,3,382,437,6,443,825
06/10/2021,IWA,AZ,AWP,CE,Federal Contract Tower,37,28,28,5,98,13,117,167,1,298,50,145,195,6,396,387,0,387,783
06/11/2021,IWA,AZ,AWP,CE,Federal Contract Tower,41,26,35,2,104,3,96,144,0,243,44,122,179,2,347,432,0,432,779
06/12/2021,IWA,AZ,AWP,CE,Federal Contract Tower,44,19,16,2,81,0,86,90,0,176,44,105,106,2,257,221,0,221,478
06/13/2021,IWA,AZ,AWP,CE,Federal Contract Tower,39,5,15,3,62,0,28,61,0,89,39,33,76,3,151,123,0,123,274
06/14/2021,IWA,AZ,AWP,CE,Federal Contract Tower,40,19,29,4,92,0,98,132,5,235,40,117,161,9,327,240,0,240,567
06/15/2021,IWA,AZ,AWP,CE,Federal Contract Tower,29,10,26,3,68,0,109,106,5,220,29,119,132,8,288,303,10,313,601
06/16/2021,IWA,AZ,AWP,CE,Federal Contract Tower,38,21,31,1,91,30,92,143,3,268,68,113,174,4,359,349,0,349,708
06/17/2021,IWA,AZ,AWP,CE,Federal Contract Tower,37,19,22,2,80,3,73,103,3,182,40,92,125,5,262,481,6,487,749
06/18/2021,IWA,AZ,AWP,CE,Federal Contract Tower,41,18,25,0,84,10,68,106,3,187,51,86,131,3,271,345,0,345,616
06/19/2021,IWA,AZ,AWP,CE,Federal Contract Tower,45,21,16,0,82,13,69,62,0,144,58,90,78,0,226,205,0,205,431
06/20/2021,IWA,AZ,AWP,CE,Federal Contract Tower,40,10,16,0,66,14,43,50,0,107,54,53,66,0,173,119,0,119,292
06/21/2021,IWA,AZ,AWP,CE,Federal Contract Tower,39,24,37,2,102,15,100,106,1,222,54,124,143,3,324,302,2,304,628
06/22/2021,IWA,AZ,AWP,CE,Federal Contract Tower,24,31,23,4,82,3,72,107,1,183,27,103,130,5,265,461,2,463,728
06/23/2021,IWA,AZ,AWP,CE,Federal Contract Tower,41,30,24,0,95,1,90,77,2,170,42,120,101,2,265,437,0,437,702
06/24/2021,IWA,AZ,AWP,CE,Federal Contract Tower,34,29,32,3,98,1,106,145,2,254,35,135,177,5,352,563,8,571,923
06/25/2021,IWA,AZ,AWP,CE,Federal Contract Tower,47,32,28,3,110,12,82,100,0,194,59,114,128,3,304,454,0,454,758
06/26/2021,IWA,AZ,AWP,CE,Federal Contract Tower,45,16,20,2,83,2,49,54,0,105,47,65,74,2,188,305,0,305,493
06/27/2021,IWA,AZ,AWP,CE,Federal Contract Tower,39,11,18,2,70,2,29,60,0,91,41,40,78,2,161,148,0,148,309
06/28/2021,IWA,AZ,AWP,CE,Federal Contract Tower,39,16,11,2,68,0,90,53,4,147,39,106,64,6,215,127,5,132,347
06/29/2021,IWA,AZ,AWP,CE,Federal Contract Tower,32,17,27,2,78,0,71,113,1,185,32,88,140,3,263,495,0,495,758
06/30/2021,IWA,AZ,AWP,CE,Federal Contract Tower,42,24,35,2,103,7,98,105,2,212,49,122,140,4,315,447,2,449,764
07/01/2021,IWA,AZ,AWP,CE,Federal Contract Tower,36,27,27,7,97,10,88,111,1,210,46,115,138,8,307,425,0,425,732
07/02/2021,IWA,AZ,AWP,CE,Federal Contract Tower,43,21,25,2,91,0,50,72,0,122,43,71,97,2,213,278,0,278,491
07/03/2021,IWA,AZ,AWP,CE,Federal Contract Tower,47,7,20,1,75,3,27,60,0,90,50,34,80,1,165,114,0,114,279
07/04/2021,IWA,AZ,AWP,CE,Federal Contract Tower,37,4,3,0,44,0,20,39,0,59,37,24,42,0,103,99,0,99,202
07/05/2021,IWA,AZ,AWP,CE,Federal Contract Tower,38,11,27,0,76,0,50,83,0,133,38,61,110,0,209,305,0,305,514
07/06/2021,IWA,AZ,AWP,CE,Federal Contract Tower,30,12,20,1,63,4,54,108,0,166,34,66,128,1,229,497,0,497,726
07/07/2021,IWA,AZ,AWP,CE,Federal Contract Tower,42,17,41,6,106,1,108,105,0,214,43,125,146,6,320,380,4,384,704
07/08/2021,IWA,AZ,AWP,CE,Federal Contract Tower,36,29,42,15,122,1,70,98,33,202,37,99,140,48,324,492,0,492,816
07/09/2021,IWA,AZ,AWP,CE,Federal Contract Tower,45,29,33,7,114,0,78,100,8,186,45,107,133,15,300,463,19,482,782
07/10/2021,IWA,AZ,AWP,CE,Federal Contract Tower,44,10,19,0,73,0,15,73,2,90,44,25,92,2,163,290,0,290,453
07/11/2021,IWA,AZ,AWP,CE,Federal Contract Tower,39,9,17,3,68,0,21,54,0,75,39,30,71,3,143,172,0,172,315
07/12/2021,IWA,AZ,AWP,CE,Federal Contract Tower,39,20,31,4,94,0,28,85,2,115,39,48,116,6,209,333,4,337,546
07/13/2021,IWA,AZ,AWP,CE,Federal Contract Tower,32,14,35,7,88,0,57,79,0,136,32,71,114,7,224,280,0,280,504
07/14/2021,IWA,AZ,AWP,CE,Federal Contract Tower,39,21,19,3,82,0,44,42,2,88,39,65,61,5,170,413,5,418,588
07/15/2021,IWA,AZ,AWP,CE,Federal Contract Tower,34,21,23,0,78,0,76,96,3,175,34,97,119,3,253,457,6,463,716
07/16/2021,IWA,AZ,AWP,CE,Federal Contract Tower,42,20,28,1,91,0,52,54,1,107,42,72,82,2,198,242,0,242,440
07/17/2021,IWA,AZ,AWP,CE,Federal Contract Tower,40,15,22,1,78,0,79,82,0,161,40,94,104,1,239,305,0,305,544
07/18/2021,IWA,AZ,AWP,CE,Federal Contract Tower,35,8,22,2,67,0,13,43,0,56,35,21,65,2,123,188,0,188,311
07/19/2021,IWA,AZ,AWP,CE,Federal Contract Tower,35,26,27,2,90,0,82,101,0,183,35,108,128,2,273,514,0,514,787
07/20/2021,IWA,AZ,AWP,CE,Federal Contract Tower,30,22,29,9,90,0,86,106,2,194,30,108,135,11,284,494,7,501,785
07/21/2021,IWA,AZ,AWP,CE,Federal Contract Tower,41,18,27,5,91,0,72,133,0,205,41,90,160,5,296,463,9,472,768
07/22/2021,IWA,AZ,AWP,CE,Federal Contract Tower,35,26,35,5,101,0,97,81,0,178,35,123,116,5,279,353,74,427,706
07/23/2021,IWA,AZ,AWP,CE,Federal Contract Tower,34,10,27,0,71,0,14,13,2,29,34,24,40,2,100,98,0,98,198
07/24/2021,IWA,AZ,AWP,CE,Federal Contract Tower,39,25,17,2,83,0,14,15,0,29,39,39,32,2,112,88,0,88,200
07/25/2021,IWA,AZ,AWP,CE,Federal Contract Tower,38,14,24,2,78,0,7,14,2,23,38,21,38,4,101,55,0,55,156
07/26/2021,IWA,AZ,AWP,CE,Federal Contract Tower,38,26,45,2,111,0,124,116,0,240,38,150,161,2,351,381,0,381,732
07/27/2021,IWA,AZ,AWP,CE,Federal Contract Tower,25,25,44,5,99,0,100,90,5,195,25,125,134,10,294,419,16,435,729
07/28/2021,IWA,AZ,AWP,CE,Federal Contract Tower,39,26,28,9,102,0,131,144,15,290,39,157,172,24,392,540,38,578,970
07/29/2021,IWA,AZ,AWP,CE,Federal Contract Tower,37,17,35,4,93,0,83,79,0,162,37,100,114,4,255,525,0,525,780
07/30/2021,IWA,AZ,AWP,CE,Federal Contract Tower,47,16,25,6,94,0,69,83,2,154,47,85,108,8,248,406,10,416,664
07/31/2021,IWA,AZ,AWP,CE,Federal Contract Tower,44,19,18,0,81,0,74,59,0,133,44,93,77,0,214,301,0,301,515
08/01/2021,IWA,AZ,AWP,CE,Federal Contract Tower,39,16,20,1,76,0,29,24,0,53,39,45,44,1,129,156,0,156,285
08/02/2021,IWA,AZ,AWP,CE,Federal Contract Tower,41,23,27,0,91,0,82,83,0,165,41,105,110,0,256,427,0,427,683
08/03/2021,IWA,AZ,AWP,CE,Federal Contract Tower,20,15,22,0,57,0,86,90,7,183,20,101,112,7,240,406,6,412,652
08/04/2021,IWA,AZ,AWP,CE,Federal Contract Tower,32,17,26,7,82,0,65,93,2,160,32,82,119,9,242,356,4,360,602
08/05/2021,IWA,AZ,AWP,CE,Federal Contract Tower,36,15,40,4,95,0,88,77,7,172,36,103,117,11,267,398,6,404,671
08/06/2021,IWA,AZ,AWP,CE,Federal Contract Tower,46,19,24,0,89,0,110,84,0,194,46,129,108,0,283,375,0,375,658
08/07/2021,IWA,AZ,AWP,CE,Federal Contract Tower,37,21,19,9,86,0,76,53,3,132,37,97,72,12,218,216,3,219,437
08/08/2021,IWA,AZ,AWP,CE,Federal Contract Tower,40,17,18,2,77,0,61,36,0,97,40,78,54,2,174,137,0,137,311
08/09/2021,IWA,AZ,AWP,CE,Federal Contract Tower,38,18,21,0,77,0,42,71,0,113,38,60,92,0,190,374,0,374,564
08/10/2021,IWA,AZ,AWP,CE,Federal Contract Tower,14,9,27,2,52,0,50,78,4,132,14,59,105,6,184,397,2,399,583
08/11/2021,IWA,AZ,AWP,CE,Federal Contract Tower,31,26,31,4,92,0,71,88,2,161,31,97,119,6,253,353,2,355,608
08/12/2021,IWA,AZ,AWP,CE,Federal Contract Tower,41,21,39,5,106,0,62,85,2,149,41,83,124,7,255,560,4,564,819
08/13/2021,IWA,AZ,AWP,CE,Federal Contract Tower,41,18,28,2,89,0,85,131,0,216,41,103,159,2,305,435,0,435,740
08/14/2021,IWA,AZ,AWP,CE,Federal Contract Tower,32,11,23,1,67,0,38,53,1,92,32,49,76,2,159,374,0,374,533
08/15/2021,IWA,AZ,AWP,CE,Federal Contract Tower,36,7,19,3,65,0,32,46,0,78,36,39,65,3,143,218,0,218,361
08/16/2021,IWA,AZ,AWP,CE,Federal Contract Tower,36,15,27,0,78,0,89,112,0,201,36,104,139,0,279,366,0,366,645
08/17/2021,IWA,AZ,AWP,CE,Federal Contract Tower,8,10,28,0,46,0,72,104,0,176,8,82,132,0,222,679,0,679,901
08/18/2021,IWA,AZ,AWP,CE,Federal Contract Tower,11,18,32,2,63,0,48,59,2,109,11,66,91,4,172,274,0,274,446
08/19/2021,IWA,AZ,AWP,CE,Federal Contract Tower,46,16,32,2,96,0,60,106,2,168,46,76,138,4,264,462,4,466,730
08/20/2021,IWA,AZ,AWP,CE,Federal Contract Tower,35,11,25,0,71,0,66,113,0,179,35,77,138,0,250,465,0,465,715
08/21/2021,IWA,AZ,AWP,CE,Federal Contract Tower,14,11,15,0,40,0,50,65,2,117,14,61,80,2,157,210,0,210,367
08/22/2021,IWA,AZ,AWP,CE,Federal Contract Tower,45,4,24,0,73,0,26,48,0,74,45,30,72,0,147,204,0,204,351
08/23/2021,IWA,AZ,AWP,CE,Federal Contract Tower,33,16,25,3,77,0,67,87,2,156,33,83,112,5,233,358,0,358,591
08/24/2021,IWA,AZ,AWP,CE,Federal Contract Tower,13,23,25,1,62,0,97,123,1,221,13,120,148,2,283,468,0,468,751
08/25/2021,IWA,AZ,AWP,CE,Federal Contract Tower,12,17,24,7,60,0,93,113,1,207,12,110,137,8,267,347,0,347,614
08/26/2021,IWA,AZ,AWP,CE,Federal Contract Tower,48,14,34,1,97,1,81,85,5,172,49,95,119,6,269,355,16,371,640
08/27/2021,IWA,AZ,AWP,CE,Federal Contract Tower,33,6,28,19,86,0,85,111,0,196,33,91,139,19,282,387,0,387,669
08/28/2021,IWA,AZ,AWP,CE,Federal Contract Tower,15,8,12,0,35,0,63,65,0,128,15,71,77,0,163,321,0,321,484
08/29/2021,IWA,AZ,AWP,CE,Federal Contract Tower,47,6,12,0,65,0,27,40,0,67,47,33,52,0,132,102,0,102,234
08/30/2021,IWA,AZ,AWP,CE,Federal Contract Tower,32,31,23,0,86,0,122,104,0,226,32,153,127,0,312,512,0,512,824
08/31/2021,IWA,AZ,AWP,CE,Federal Contract Tower,14,18,23,3,58,0,104,109,3,216,14,122,132,6,274,324,31,355,629
09/01/2021,IWA,AZ,AWP,CE,Federal Contract Tower,14,24,47,2,87,0,65,76,0,141,14,89,123,2,228,270,6,276,504
09/02/2021,IWA,AZ,AWP,CE,Federal Contract Tower,47,22,40,5,114,0,121,99,3,223,47,143,139,8,337,432,6,438,775
09/03/2021,IWA,AZ,AWP,CE,Federal Contract Tower,35,26,28,3,92,0,112,103,5,220,35,138,131,8,312,264,0,264,576
09/04/2021,IWA,AZ,AWP,CE,Federal Contract Tower,12,18,22,0,52,0,86,83,0,169,12,104,105,0,221,449,0,449,670
09/05/2021,IWA,AZ,AWP,CE,Federal Contract Tower,44,9,16,0,69,0,32,104,0,136,44,41,120,0,205,153,0,153,358
09/06/2021,IWA,AZ,AWP,CE,Federal Contract Tower,40,5,12,1,58,0,81,81,0,162,40,86,93,1,220,290,0,290,510
09/07/2021,IWA,AZ,AWP,CE,Federal Contract Tower,11,24,43,2,80,0,109,106,6,221,11,133,149,8,301,493,35,528,829
09/08/2021,IWA,AZ,AWP,CE,Federal Contract Tower,17,29,35,2,83,0,142,144,2,288,17,171,179,4,371,578,0,578,949
09/09/2021,IWA,AZ,AWP,CE,Federal Contract Tower,42,15,25,0,82,0,99,96,0,195,42,114,121,0,277,416,0,416,693
09/10/2021,IWA,AZ,AWP,CE,Federal Contract Tower,32,6,37,0,75,0,79,86,1,166,32,85,123,1,241,322,0,322,563
09/11/2021,IWA,AZ,AWP,CE,Federal Contract Tower,13,18,18,0,49,0,72,82,0,154,13,90,100,0,203,351,0,351,554
09/12/2021,IWA,AZ,AWP,CE,Federal Contract Tower,48,13,15,0,76,0,27,53,0,80,48,40,68,0,156,120,0,120,276
09/13/2021,IWA,AZ,AWP,CE,Federal Contract Tower,27,20,24,5,76,0,80,107,1,188,27,100,131,6,264,573,0,573,837
09/14/2021,IWA,AZ,AWP,CE,Federal Contract Tower,12,22,21,0,55,0,89,112,0,201,12,111,133,0,256,646,0,646,902
09/15/2021,IWA,AZ,AWP,CE,Federal Contract Tower,11,35,35,0,81,0,97,116,0,213,11,132,151,0,294,503,0,503,797
09/16/2021,IWA,AZ,AWP,CE,Federal Contract Tower,51,13,35,2,101,0,81,130,2,213,51,94,165,4,314,536,4,540,854
09/17/2021,IWA,AZ,AWP,CE,Federal Contract Tower,37,21,25,0,83,0,75,122,2,199,37,96,147,2,282,476,6,482,764
09/18/2021,IWA,AZ,AWP,CE,Federal Contract Tower,13,5,23,0,41,0,33,62,0,95,13,38,85,0,136,309,0,309,445
09/19/2021,IWA,AZ,AWP,CE,Federal Contract Tower,44,17,24,0,85,0,39,41,0,80,44,56,65,0,165,307,0,307,472
09/20/2021,IWA,AZ,AWP,CE,Federal Contract Tower,33,24,29,0,86,0,76,147,0,223,33,100,176,0,309,512,0,512,821
09/21/2021,IWA,AZ,AWP,CE,Federal Contract Tower,12,25,24,0,61,0,103,120,1,224,12,128,144,1,285,640,0,640,925
09/22/2021,IWA,AZ,AWP,CE,Federal Contract Tower,13,24,20,7,64,0,97,109,1,207,13,121,129,8,271,384,0,384,655
09/23/2021,IWA,AZ,AWP,CE,Federal Contract Tower,46,15,13,23,97,0,89,113,6,208,46,104,126,29,305,458,0,458,763
09/24/2021,IWA,AZ,AWP,CE,Federal Contract Tower,38,18,27,18,101,0,52,53,1,106,38,70,80,19,207,168,0,168,375
09/25/2021,IWA,AZ,AWP,CE,Federal Contract Tower,13,12,21,0,46,0,41,76,0,117,13,53,97,0,163,340,0,340,503
09/26/2021,IWA,AZ,AWP,CE,Federal Contract Tower,44,7,12,0,63,0,3,8,0,11,44,10,20,0,74,0,0,0,74
09/27/2021,IWA,AZ,AWP,CE,Federal Contract Tower,32,27,30,0,89,0,87,111,0,198,32,114,141,0,287,641,0,641,928
09/28/2021,IWA,AZ,AWP,CE,Federal Contract Tower,14,19,26,6,65,0,68,135,2,205,14,87,161,8,270,569,0,569,839
09/29/2021,IWA,AZ,AWP,CE,Federal Contract Tower,18,29,31,12,90,0,95,150,0,245,18,124,181,12,335,536,14,550,885
09/30/2021,IWA,AZ,AWP,CE,Federal Contract Tower,48,15,27,2,92,0,74,106,4,184,48,89,133,6,276,517,0,517,793
10/01/2021,IWA,AZ,AWP,CE,Federal Contract Tower,40,27,30,13,110,0,94,143,3,240,40,121,173,16,350,537,4,541,891
10/02/2021,IWA,AZ,AWP,CE,Federal Contract Tower,22,11,33,3,69,0,53,88,4,145,22,64,121,7,214,317,0,317,531
10/03/2021,IWA,AZ,AWP,CE,Federal Contract Tower,46,6,16,9,77,0,13,63,14,90,46,19,79,23,167,247,0,247,414
10/04/2021,IWA,AZ,AWP,CE,Federal Contract Tower,32,20,20,8,80,0,62,88,23,173,32,82,108,31,253,465,0,465,718
10/05/2021,IWA,AZ,AWP,CE,Federal Contract Tower,18,19,34,0,71,0,56,73,0,129,18,75,107,0,200,503,0,503,703
10/06/2021,IWA,AZ,AWP,CE,Federal Contract Tower,26,41,40,2,109,0,106,152,5,263,26,147,192,7,372,685,0,685,1057
10/07/2021,IWA,AZ,AWP,CE,Federal Contract Tower,53,27,29,9,118,0,93,130,8,231,53,120,159,17,349,592,19,611,960
10/08/2021,IWA,AZ,AWP,CE,Federal Contract Tower,35,21,38,2,96,0,69,134,0,203,35,90,172,2,299,626,0,626,925
10/09/2021,IWA,AZ,AWP,CE,Federal Contract Tower,33,7,13,0,53,0,47,74,1,122,33,54,87,1,175,429,0,429,604
10/10/2021,IWA,AZ,AWP,CE,Federal Contract Tower,48,3,23,0,74,0,23,67,3,93,48,26,90,3,167,338,0,338,505
10/11/2021,IWA,AZ,AWP,CE,Federal Contract Tower,33,9,22,2,66,0,62,73,2,137,33,71,95,4,203,308,14,322,525
10/12/2021,IWA,AZ,AWP,CE,Federal Contract Tower,25,28,37,3,93,0,82,73,1,156,25,110,110,4,249,439,0,439,688
10/13/2021,IWA,AZ,AWP,CE,Federal Contract Tower,25,25,27,8,85,1,106,153,16,276,26,131,180,24,361,643,0,643,1004
10/14/2021,IWA,AZ,AWP,CE,Federal Contract Tower,51,28,40,8,127,0,126,141,17,284,51,154,181,25,411,682,0,682,1093
10/15/2021,IWA,AZ,AWP,CE,Federal Contract Tower,33,31,25,2,91,0,78,124,0,202,33,109,149,2,293,322,0,322,615
10/16/2021,IWA,AZ,AWP,CE,Federal Contract Tower,36,7,14,0,57,0,24,92,21,137,36,31,106,21,194,268,1,269,463
10/17/2021,IWA,AZ,AWP,CE,Federal Contract Tower,46,18,20,4,88,0,44,79,0,123,46,62,99,4,211,285,0,285,496
10/18/2021,IWA,AZ,AWP,CE,Federal Contract Tower,31,18,30,0,79,0,72,96,0,168,31,90,126,0,247,318,0,318,565
10/19/2021,IWA,AZ,AWP,CE,Federal Contract Tower,23,35,33,3,94,0,100,123,4,227,23,135,156,7,321,763,0,763,1084
10/20/2021,IWA,AZ,AWP,CE,Federal Contract Tower,23,36,36,4,99,0,112,149,0,261,23,148,185,4,360,603,0,603,963
10/21/2021,IWA,AZ,AWP,CE,Federal Contract Tower,49,34,40,0,123,0,95,146,5,246,49,129,186,5,369,425,8,433,802
10/22/2021,IWA,AZ,AWP,CE,Federal Contract Tower,37,27,41,3,108,0,61,144,2,207,37,88,185,5,315,627,3,630,945
10/23/2021,IWA,AZ,AWP,CE,Federal Contract Tower,29,5,26,0,60,0,38,90,1,129,29,43,116,1,189,380,0,380,569
10/24/2021,IWA,AZ,AWP,CE,Federal Contract Tower,39,9,27,0,75,0,37,90,0,127,39,46,117,0,202,127,0,127,329
10/25/2021,IWA,AZ,AWP,CE,Federal Contract Tower,35,24,20,2,81,0,68,87,2,157,35,92,107,4,238,371,0,371,609
10/26/2021,IWA,AZ,AWP,CE,Federal Contract Tower,20,31,40,3,94,0,84,131,3,218,20,115,171,6,312,579,2,581,893
10/27/2021,IWA,AZ,AWP,CE,Federal Contract Tower,25,34,27,3,89,0,123,158,4,285,25,157,185,7,374,628,9,637,1011
10/28/2021,IWA,AZ,AWP,CE,Federal Contract Tower,51,29,38,2,120,0,72,139,6,217,51,101,177,8,337,548,16,564,901
10/29/2021,IWA,AZ,AWP,CE,Federal Contract Tower,36,10,27,0,73,0,67,114,1,182,36,77,141,1,255,486,0,486,741
10/30/2021,IWA,AZ,AWP,CE,Federal Contract Tower,29,12,32,0,73,0,32,96,1,129,29,44,128,1,202,336,0,336,538
10/31/2021,IWA,AZ,AWP,CE,Federal Contract Tower,41,16,25,0,82,0,44,54,0,98,41,60,79,0,180,273,0,273,453
11/01/2021,IWA,AZ,AWP,CE,Federal Contract Tower,34,18,33,4,89,0,74,98,0,172,34,92,131,4,261,588,1,589,850
11/02/2021,IWA,AZ,AWP,CE,Federal Contract Tower,22,32,40,5,99,0,82,179,2,263,22,114,219,7,362,565,0,565,927
11/03/2021,IWA,AZ,AWP,CE,Federal Contract Tower,25,32,27,0,84,0,112,145,2,259,25,144,172,2,343,491,14,505,848
11/04/2021,IWA,AZ,AWP,CE,Federal Contract Tower,47,8,36,2,93,0,95,119,0,214,47,103,155,2,307,420,0,420,727
11/05/2021,IWA,AZ,AWP,CE,Federal Contract Tower,39,23,51,7,120,0,68,155,0,223,39,91,206,7,343,374,0,374,717
11/06/2021,IWA,AZ,AWP,CE,Federal Contract Tower,23,16,22,0,61,0,64,73,2,139,23,80,95,2,200,253,0,253,453
11/07/2021,IWA,AZ,AWP,CE,Federal Contract Tower,45,12,34,4,95,0,31,63,2,96,45,43,97,6,191,251,0,251,442
11/08/2021,IWA,AZ,AWP,CE,Federal Contract Tower,34,23,35,4,96,0,94,126,0,220,34,117,161,4,316,546,0,546,862
11/09/2021,IWA,AZ,AWP,CE,Federal Contract Tower,22,26,52,7,107,0,84,140,4,228,22,110,192,11,335,600,4,604,939
11/10/2021,IWA,AZ,AWP,CE,Federal Contract Tower,20,28,44,6,98,0,83,140,3,226,20,111,184,9,324,530,9,539,863
11/11/2021,IWA,AZ,AWP,CE,Federal Contract Tower,45,35,45,4,129,0,75,122,2,199,45,110,167,6,328,469,0,469,797
11/12/2021,IWA,AZ,AWP,CE,Federal Contract Tower,36,25,30,3,94,0,72,123,2,197,36,97,153,5,291,522,0,522,813
11/13/2021,IWA,AZ,AWP,CE,Federal Contract Tower,22,11,23,4,60,0,52,95,0,147,22,63,118,4,207,278,0,278,485
11/14/2021,IWA,AZ,AWP,CE,Federal Contract Tower,49,7,30,0,86,0,37,98,0,135,49,44,128,0,221,127,0,127,348
11/15/2021,IWA,AZ,AWP,CE,Federal Contract Tower,36,21,38,4,99,0,69,127,0,196,36,90,165,4,295,489,8,497,792
11/16/2021,IWA,AZ,AWP,CE,Federal Contract Tower,21,26,28,2,77,0,79,129,0,208,21,105,157,2,285,564,28,592,877
11/17/2021,IWA,AZ,AWP,CE,Federal Contract Tower,19,33,37,3,92,0,91,138,2,231,19,124,175,5,323,508,38,546,869
11/18/2021,IWA,AZ,AWP,CE,Federal Contract Tower,54,22,43,11,130,0,77,133,2,212,54,99,176,13,342,461,13,474,816
11/19/2021,IWA,AZ,AWP,CE,Federal Contract Tower,42,12,34,3,91,0,76,108,1,185,42,88,142,4,276,545,4,549,825
11/20/2021,IWA,AZ,AWP,CE,Federal Contract Tower,22,17,31,1,71,0,40,91,0,131,22,57,122,1,202,365,0,365,567
11/21/2021,IWA,AZ,AWP,CE,Federal Contract Tower,54,15,27,5,101,0,44,49,0,93,54,59,76,5,194,129,8,137,331
11/22/2021,IWA,AZ,AWP,CE,Federal Contract Tower,47,10,26,7,90,0,73,118,2,193,47,83,144,9,283,462,18,480,763
11/23/2021,IWA,AZ,AWP,CE,Federal Contract Tower,60,19,51,0,130,0,92,100,0,192,60,111,151,0,322,538,0,538,860
11/24/2021,IWA,AZ,AWP,CE,Federal Contract Tower,59,17,33,2,111,0,77,96,0,173,59,94,129,2,284,470,0,470,754
11/25/2021,IWA,AZ,AWP,CE,Federal Contract Tower,29,2,3,0,34,0,4,9,0,13,29,6,12,0,47,0,0,0,47
11/26/2021,IWA,AZ,AWP,CE,Federal Contract Tower,31,6,16,0,53,0,45,56,0,101,31,51,72,0,154,156,0,156,310
11/27/2021,IWA,AZ,AWP,CE,Federal Contract Tower,43,9,21,0,73,0,45,47,0,92,43,54,68,0,165,255,0,255,420
11/28/2021,IWA,AZ,AWP,CE,Federal Contract Tower,53,7,32,0,92,0,22,76,0,98,53,29,108,0,190,209,0,209,399
11/29/2021,IWA,AZ,AWP,CE,Federal Contract Tower,62,25,28,0,115,0,91,141,0,232,62,116,169,0,347,408,0,408,755
11/30/2021,IWA,AZ,AWP,CE,Federal Contract Tower,12,19,21,2,54,0,77,93,2,172,12,96,114,4,226,507,0,507,733
12/01/2021,IWA,AZ,AWP,CE,Federal Contract Tower,9,24,35,6,74,0,86,118,3,207,9,110,153,9,281,532,10,542,823
12/02/2021,IWA,AZ,AWP,CE,Federal Contract Tower,53,18,39,2,112,0,89,96,1,186,53,107,135,3,298,542,0,542,840
12/03/2021,IWA,AZ,AWP,CE,Federal Contract Tower,39,17,38,5,99,0,74,142,0,216,39,91,180,5,315,486,0,486,801
12/04/2021,IWA,AZ,AWP,CE,Federal Contract Tower,20,13,36,2,71,0,35,82,0,117,20,48,118,2,188,330,0,330,518
12/05/2021,IWA,AZ,AWP,CE,Federal Contract Tower,54,6,27,6,93,0,30,76,4,110,54,36,103,10,203,241,0,241,444
12/06/2021,IWA,AZ,AWP,CE,Federal Contract Tower,47,25,36,1,109,0,76,113,2,191,47,101,149,3,300,473,0,473,773
12/07/2021,IWA,AZ,AWP,CE,Federal Contract Tower,12,13,32,2,59,0,95,126,0,221,12,108,158,2,280,720,0,720,1000
12/08/2021,IWA,AZ,AWP,CE,Federal Contract Tower,13,26,55,4,98,0,79,125,0,204,13,105,180,4,302,574,0,574,876
12/09/2021,IWA,AZ,AWP,CE,Federal Contract Tower,45,11,46,3,105,0,62,98,6,166,45,73,144,9,271,400,0,400,671
12/10/2021,IWA,AZ,AWP,CE,Federal Contract Tower,44,20,33,3,100,0,66,88,0,154,44,86,121,3,254,343,6,349,603
12/11/2021,IWA,AZ,AWP,CE,Federal Contract Tower,26,4,18,3,51,0,29,98,3,130,26,33,116,6,181,419,3,422,603
12/12/2021,IWA,AZ,AWP,CE,Federal Contract Tower,54,4,32,6,96,0,28,74,3,105,54,32,106,9,201,281,0,281,482
12/13/2021,IWA,AZ,AWP,CE,Federal Contract Tower,42,12,27,2,83,0,55,110,2,167,42,67,137,4,250,423,0,423,673
12/14/2021,IWA,AZ,AWP,CE,Federal Contract Tower,12,17,29,2,60,0,88,88,7,183,12,105,117,9,243,412,24,436,679
12/15/2021,IWA,AZ,AWP,CE,Federal Contract Tower,23,13,36,7,79,0,78,112,4,194,23,91,148,11,273,530,10,540,813
12/16/2021,IWA,AZ,AWP,CE,Federal Contract Tower,56,13,45,14,128,0,80,126,1,207,56,93,171,15,335,450,2,452,787
12/17/2021,IWA,AZ,AWP,CE,Federal Contract Tower,58,20,34,7,119,0,76,140,2,218,58,96,174,9,337,483,4,487,824
12/18/2021,IWA,AZ,AWP,CE,Federal Contract Tower,38,12,29,1,80,0,35,73,2,110,38,47,102,3,190,251,0,251,441
12/19/2021,IWA,AZ,AWP,CE,Federal Contract Tower,58,15,34,6,113,0,42,55,4,101,58,57,89,10,214,286,0,286,500
12/20/2021,IWA,AZ,AWP,CE,Federal Contract Tower,59,15,36,3,113,0,82,71,3,156,59,97,107,6,269,420,0,420,689
12/21/2021,IWA,AZ,AWP,CE,Federal Contract Tower,43,12,38,2,95,0,76,86,1,163,43,88,124,3,258,395,2,397,655
12/22/2021,IWA,AZ,AWP,CE,Federal Contract Tower,61,18,32,2,113,0,90,79,0,169,61,108,111,2,282,354,0,354,636
12/23/2021,IWA,AZ,AWP,CE,Federal Contract Tower,57,18,39,2,116,0,39,64,3,106,57,57,103,5,222,185,6,191,413
12/24/2021,IWA,AZ,AWP,CE,Federal Contract Tower,55,9,6,0,70,0,0,1,0,1,55,9,7,0,71,0,0,0,71
12/25/2021,IWA,AZ,AWP,CE,Federal Contract Tower,22,4,3,0,29,0,11,0,0,11,22,15,3,0,40,0,0,0,40
12/26/2021,IWA,AZ,AWP,CE,Federal Contract Tower,51,1,11,0,63,0,14,23,0,37,51,15,34,0,100,57,0,57,157
12/27/2021,IWA,AZ,AWP,CE,Federal Contract Tower,49,7,19,0,75,0,29,37,0,66,49,36,56,0,141,128,0,128,269
12/28/2021,IWA,AZ,AWP,CE,Federal Contract Tower,45,6,21,5,77,0,26,17,3,46,45,32,38,8,123,249,0,249,372
12/29/2021,IWA,AZ,AWP,CE,Federal Contract Tower,51,8,17,1,77,0,21,53,6,80,51,29,70,7,157,203,0,203,360
12/30/2021,IWA,AZ,AWP,CE,Federal Contract Tower,48,4,19,2,73,0,21,45,0,66,48,25,64,2,139,135,0,135,274
12/31/2021,IWA,AZ,AWP,CE,Federal Contract Tower,48,3,12,0,63,0,3,6,0,9,48,6,18,0,72,20,0,20,92
01/01/2022,IWA,AZ,AWP,CE,Federal Contract Tower,29,5,7,0,41,0,18,22,0,40,29,23,29,0,81,40,0,40,121
01/02/2022,IWA,AZ,AWP,CE,Federal Contract Tower,49,9,14,0,72,0,28,44,0,72,49,37,58,0,144,98,0,98,242
01/03/2022,IWA,AZ,AWP,CE,Federal Contract Tower,53,10,29,0,92,0,45,76,0,121,53,55,105,0,213,415,0,415,628
01/04/2022,IWA,AZ,AWP,CE,Federal Contract Tower,11,19,27,1,58,0,58,81,2,141,11,77,108,3,199,285,0,285,484
01/05/2022,IWA,AZ,AWP,CE,Federal Contract Tower,27,20,29,2,78,0,67,71,0,138,27,87,100,2,216,411,15,426,642
01/06/2022,IWA,AZ,AWP,CE,Federal Contract Tower,47,17,23,2,89,0,56,97,2,155,47,73,120,4,244,258,0,258,502
01/07/2022,IWA,AZ,AWP,CE,Federal Contract Tower,51,21,28,5,105,0,57,114,0,171,51,78,142,5,276,449,5,454,730
01/08/2022,IWA,AZ,AWP,CE,Federal Contract Tower,29,12,20,4,65,0,36,56,1,93,29,48,76,5,158,180,0,180,338
01/09/2022,IWA,AZ,AWP,CE,Federal Contract Tower,53,15,14,10,92,0,14,50,17,81,53,29,64,27,173,112,0,112,285
01/10/2022,IWA,AZ,AWP,CE,Federal Contract Tower,57,9,22,10,98,0,52,84,36,172,57,61,106,46,270,297,24,321,591
01/11/2022,IWA,AZ,AWP,CE,Federal Contract Tower,9,14,40,1,64,0,72,101,0,173,9,86,141,1,237,434,0,434,671
01/12/2022,IWA,AZ,AWP,CE,Federal Contract Tower,25,13,35,2,75,0,82,160,4,246,25,95,195,6,321,546,20,566,887
01/13/2022,IWA,AZ,AWP,CE,Federal Contract Tower,53,15,38,8,114,0,72,103,11,186,53,87,141,19,300,390,3,393,693
01/14/2022,IWA,AZ,AWP,CE,Federal Contract Tower,51,6,35,6,98,0,28,105,11,144,51,34,140,17,242,407,8,415,657
01/15/2022,IWA,AZ,AWP,CE,Federal Contract Tower,29,6,27,0,62,0,39,62,14,115,29,45,89,14,177,233,0,233,410
01/16/2022,IWA,AZ,AWP,CE,Federal Contract Tower,55,4,28,4,91,0,33,66,19,118,55,37,94,23,209,255,1,256,465
01/17/2022,IWA,AZ,AWP,CE,Federal Contract Tower,43,11,32,0,86,0,55,80,15,150,43,66,112,15,236,306,0,306,542
01/18/2022,IWA,AZ,AWP,CE,Federal Contract Tower,16,17,31,5,69,0,52,98,11,161,16,69,129,16,230,492,10,502,732
01/19/2022,IWA,AZ,AWP,CE,Federal Contract Tower,26,16,35,2,79,0,83,118,2,203,26,99,153,4,282,584,0,584,866
01/20/2022,IWA,AZ,AWP,CE,Federal Contract Tower,50,15,27,6,98,0,75,115,2,192,50,90,142,8,290,365,4,369,659
01/21/2022,IWA,AZ,AWP,CE,Federal Contract Tower,50,9,36,10,105,0,85,149,2,236,50,94,185,12,341,419,0,419,760
01/22/2022,IWA,AZ,AWP,CE,Federal Contract Tower,28,2,25,0,55,0,34,62,0,96,28,36,87,0,151,246,0,246,397
01/23/2022,IWA,AZ,AWP,CE,Federal Contract Tower,57,3,30,4,94,0,16,123,3,142,57,19,153,7,236,320,0,320,556
01/24/2022,IWA,AZ,AWP,CE,Federal Contract Tower,53,13,49,4,119,0,96,111,0,207,53,109,160,4,326,497,2,499,825
01/25/2022,IWA,AZ,AWP,CE,Federal Contract Tower,17,19,33,1,70,1,98,106,3,208,18,117,139,4,278,663,0,663,941
01/26/2022,IWA,AZ,AWP,CE,Federal Contract Tower,26,24,39,4,93,0,79,124,7,210,26,103,163,11,303,518,0,518,821
01/27/2022,IWA,AZ,AWP,CE,Federal Contract Tower,57,18,48,7,130,0,64,113,4,181,57,82,161,11,311,519,13,532,843
01/28/2022,IWA,AZ,AWP,CE,Federal Contract Tower,51,11,21,6,89,0,48,40,19,107,51,59,61,25,196,155,3,158,354
01/29/2022,IWA,AZ,AWP,CE,Federal Contract Tower,34,5,20,3,62,0,45,97,26,168,34,50,117,29,230,268,2,270,500
01/30/2022,IWA,AZ,AWP,CE,Federal Contract Tower,56,10,28,1,95,0,38,95,0,133,56,48,123,1,228,434,0,434,662
01/31/2022,IWA,AZ,AWP,CE,Federal Contract Tower,55,16,45,0,116,0,112,130,2,244,55,128,175,2,360,531,14,545,905
02/01/2022,IWA,AZ,AWP,CE,Federal Contract Tower,17,16,29,19,81,0,135,137,7,279,17,151,166,26,360,621,21,642,1002
02/02/2022,IWA,AZ,AWP,CE,Federal Contract Tower,32,16,30,34,112,0,99,94,11,204,32,115,124,45,316,374,14,388,704
02/03/2022,IWA,AZ,AWP,CE,Federal Contract Tower,47,23,33,13,116,0,114,142,1,257,47,137,175,14,373,618,0,618,991
02/04/2022,IWA,AZ,AWP,CE,Federal Contract Tower,52,10,27,33,122,1,87,154,17,259,53,97,181,50,381,504,83,587,968
02/05/2022,IWA,AZ,AWP,CE,Federal Contract Tower,30,16,37,30,113,0,71,97,20,188,30,87,134,50,301,309,32,341,642
02/06/2022,IWA,AZ,AWP,CE,Federal Contract Tower,62,11,34,35,142,0,30,73,24,127,62,41,107,59,269,278,14,292,561
02/07/2022,IWA,AZ,AWP,CE,Federal Contract Tower,55,9,20,26,110,0,86,101,16,203,55,95,121,42,313,455,21,476,789
02/08/2022,IWA,AZ,AWP,CE,Federal Contract Tower,23,21,44,31,119,0,101,113,15,229,23,122,157,46,348,782,29,811,1159
02/09/2022,IWA,AZ,AWP,CE,Federal Contract Tower,25,21,30,42,118,0,86,157,12,255,25,107,187,54,373,683,20,703,1076
02/10/2022,IWA,AZ,AWP,CE,Federal Contract Tower,61,15,28,25,129,0,79,133,20,232,61,94,161,45,361,550,31,581,942
02/11/2022,IWA,AZ,AWP,CE,Federal Contract Tower,54,20,48,6,128,0,94,166,0,260,54,114,214,6,388,618,0,618,1006
02/12/2022,IWA,AZ,AWP,CE,Federal Contract Tower,30,14,32,20,96,0,49,64,19,132,30,63,96,39,228,296,31,327,555
02/13/2022,IWA,AZ,AWP,CE,Federal Contract Tower,56,2,22,25,105,0,31,65,18,114,56,33,87,43,219,169,33,202,421
02/14/2022,IWA,AZ,AWP,CE,Federal Contract Tower,57,23,31,28,139,1,64,121,26,212,58,87,152,54,351,407,45,452,803
02/15/2022,IWA,AZ,AWP,CE,Federal Contract Tower,21,15,27,28,91,0,67,64,20,151,21,82,91,48,242,340,55,395,637
02/16/2022,IWA,AZ,AWP,CE,Federal Contract Tower,47,16,26,6,95,0,58,74,7,139,47,74,100,13,234,722,9,731,965
02/17/2022,IWA,AZ,AWP,CE,Federal Contract Tower,50,18,35,40,143,0,78,145,22,245,50,96,180,62,388,461,54,515,903
02/18/2022,IWA,AZ,AWP,CE,Federal Contract Tower,50,20,39,28,137,0,105,137,0,242,50,125,176,28,379,538,1,539,918
02/19/2022,IWA,AZ,AWP,CE,Federal Contract Tower,50,11,22,0,83,0,28,96,0,124,50,39,118,0,207,283,0,283,490
02/20/2022,IWA,AZ,AWP,CE,Federal Contract Tower,53,3,63,3,122,0,19,76,4,99,53,22,139,7,221,175,0,175,396
02/21/2022,IWA,AZ,AWP,CE,Federal Contract Tower,47,8,31,2,88,0,45,99,1,145,47,53,130,3,233,276,0,276,509
02/22/2022,IWA,AZ,AWP,CE,Federal Contract Tower,38,10,23,2,73,0,56,84,1,141,38,66,107,3,214,353,0,353,567
02/23/2022,IWA,AZ,AWP,CE,Federal Contract Tower,52,11,11,0,74,0,11,13,1,25,52,22,24,1,99,21,0,21,120
02/24/2022,IWA,AZ,AWP,CE,Federal Contract Tower,49,20,47,1,117,0,89,155,0,244,49,109,202,1,361,624,0,624,985
02/25/2022,IWA,AZ,AWP,CE,Federal Contract Tower,46,27,41,9,123,0,84,177,7,268,46,111,218,16,391,647,10,657,1048
02/26/2022,IWA,AZ,AWP,CE,Federal Contract Tower,62,17,35,4,118,0,42,104,0,146,62,59,139,4,264,349,0,349,613
02/27/2022,IWA,AZ,AWP,CE,Federal Contract Tower,52,12,35,0,99,0,31,82,0,113,52,43,117,0,212,247,0,247,459
02/28/2022,IWA,AZ,AWP,CE,Federal Contract Tower,52,28,34,2,116,0,111,118,1,230,52,139,152,3,346,615,0,615,961
03/01/2022,IWA,AZ,AWP,CE,Federal Contract Tower,36,21,33,6,96,0,117,184,2,303,36,138,217,8,399,488,0,488,887
03/02/2022,IWA,AZ,AWP,CE,Federal Contract Tower,54,24,40,8,126,0,113,182,3,298,54,137,222,11,424,570,3,573,997
03/03/2022,IWA,AZ,AWP,CE,Federal Contract Tower,60,16,24,6,106,0,112,141,0,253,60,128,165,6,359,522,0,522,881
03/04/2022,IWA,AZ,AWP,CE,Federal Contract Tower,52,12,30,6,100,0,45,83,0,128,52,57,113,6,228,145,8,153,381
03/05/2022,IWA,AZ,AWP,CE,Federal Contract Tower,80,9,19,3,111,0,62,96,0,158,80,71,115,3,269,254,0,254,523
03/06/2022,IWA,AZ,AWP,CE,Federal Contract Tower,50,12,30,12,104,0,50,81,1,132,50,62,111,13,236,234,0,234,470
03/07/2022,IWA,AZ,AWP,CE,Federal Contract Tower,50,30,30,4,114,0,117,111,0,228,50,147,141,4,342,463,0,463,805
03/08/2022,IWA,AZ,AWP,CE,Federal Contract Tower,28,34,31,4,97,0,110,140,6,256,28,144,171,10,353,646,8,654,1007
03/09/2022,IWA,AZ,AWP,CE,Federal Contract Tower,54,19,41,3,117,0,129,151,1,281,54,148,192,4,398,644,1,645,1043
03/10/2022,IWA,AZ,AWP,CE,Federal Contract Tower,60,23,32,11,126,0,81,127,0,208,60,104,159,11,334,409,17,426,760
03/11/2022,IWA,AZ,AWP,CE,Federal Contract Tower,56,24,54,9,143,0,108,174,0,282,56,132,228,9,425,789,1,790,1215
03/12/2022,IWA,AZ,AWP,CE,Federal Contract Tower,87,20,22,0,129,0,75,91,1,167,87,95,113,1,296,294,0,294,590
03/13/2022,IWA,AZ,AWP,CE,Federal Contract Tower,52,16,32,11,111,0,49,73,6,128,52,65,105,17,239,232,0,232,471
03/14/2022,IWA,AZ,AWP,CE,Federal Contract Tower,47,18,28,9,102,0,145,164,4,313,47,163,192,13,415,752,0,752,1167
03/15/2022,IWA,AZ,AWP,CE,Federal Contract Tower,33,21,36,9,99,0,151,168,6,325,33,172,204,15,424,939,0,939,1363
03/16/2022,IWA,AZ,AWP,CE,Federal Contract Tower,61,17,39,9,126,0,96,153,6,255,61,113,192,15,381,566,25,591,972
03/17/2022,IWA,AZ,AWP,CE,Federal Contract Tower,57,26,64,0,147,0,101,180,0,281,57,127,244,0,428,473,0,473,901
03/18/2022,IWA,AZ,AWP,CE,Federal Contract Tower,57,21,57,1,136,0,120,143,3,266,57,141,200,4,402,708,0,708,1110
03/19/2022,IWA,AZ,AWP,CE,Federal Contract Tower,89,11,21,0,121,0,58,90,0,148,89,69,111,0,269,345,0,345,614
03/20/2022,IWA,AZ,AWP,CE,Federal Contract Tower,48,11,26,2,87,0,23,51,0,74,48,34,77,2,161,220,0,220,381
03/21/2022,IWA,AZ,AWP,CE,Federal Contract Tower,51,28,48,6,133,0,88,136,2,226,51,116,184,8,359,508,1,509,868
03/22/2022,IWA,AZ,AWP,CE,Federal Contract Tower,26,37,29,3,95,0,124,144,3,271,26,161,173,6,366,666,2,668,1034
03/23/2022,IWA,AZ,AWP,CE,Federal Contract Tower,57,38,52,0,147,0,136,147,4,287,57,174,199,4,434,652,0,652,1086
03/24/2022,IWA,AZ,AWP,CE,Federal Contract Tower,54,33,36,4,127,0,125,131,2,258,54,158,167,6,385,666,6,672,1057
03/25/2022,IWA,AZ,AWP,CE,Federal Contract Tower,56,14,50,15,135,1,85,147,0,233,57,99,197,15,368,644,2,646,1014
03/26/2022,IWA,AZ,AWP,CE,Federal Contract Tower,70,18,29,3,120,0,66,81,0,147,70,84,110,3,267,404,0,404,671
03/27/2022,IWA,AZ,AWP,CE,Federal Contract Tower,54,14,23,2,93,0,51,54,0,105,54,65,77,2,198,394,0,394,592
03/28/2022,IWA,AZ,AWP,CE,Federal Contract Tower,48,14,14,3,79,0,103,76,7,186,48,117,90,10,265,319,10,329,594
03/29/2022,IWA,AZ,AWP,CE,Federal Contract Tower,26,25,33,3,87,0,59,56,3,118,26,84,89,6,205,100,0,100,305
03/30/2022,IWA,AZ,AWP,CE,Federal Contract Tower,52,31,47,4,134,0,117,158,4,279,52,148,205,8,413,644,7,651,1064
03/31/2022,IWA,AZ,AWP,CE,Federal Contract Tower,51,22,36,6,115,0,102,152,2,256,51,124,188,8,371,762,0,762,1133
04/01/2022,IWA,AZ,AWP,CE,Federal Contract Tower,39,17,36,2,94,0,117,147,1,265,39,134,183,3,359,597,4,601,960
04/02/2022,IWA,AZ,AWP,CE,Federal Contract Tower,58,2,33,0,93,0,102,101,0,203,58,104,134,0,296,214,0,214,510
04/03/2022,IWA,AZ,AWP,CE,Federal Contract Tower,50,14,22,0,86,0,25,94,0,119,50,39,116,0,205,238,0,238,443
04/04/2022,IWA,AZ,AWP,CE,Federal Contract Tower,39,26,47,5,117,0,124,143,2,269,39,150,190,7,386,673,0,673,1059
04/05/2022,IWA,AZ,AWP,CE,Federal Contract Tower,22,38,32,9,101,0,117,139,4,260,22,155,171,13,361,648,10,658,1019
04/06/2022,IWA,AZ,AWP,CE,Federal Contract Tower,51,25,44,14,134,0,110,165,7,282,51,135,209,21,416,545,25,570,986
04/07/2022,IWA,AZ,AWP,CE,Federal Contract Tower,59,11,28,6,104,0,87,111,1,199,59,98,139,7,303,245,15,260,563
04/08/2022,IWA,AZ,AWP,CE,Federal Contract Tower,42,14,34,3,93,0,91,135,0,226,42,105,169,3,319,372,0,372,691
04/09/2022,IWA,AZ,AWP,CE,Federal Contract Tower,51,17,27,3,98,0,47,65,10,122,51,64,92,13,220,289,0,289,509
04/10/2022,IWA,AZ,AWP,CE,Federal Contract Tower,50,20,30,0,100,0,46,67,0,113,50,66,97,0,213,130,0,130,343
04/11/2022,IWA,AZ,AWP,CE,Federal Contract Tower,31,30,43,4,108,0,86,86,7,179,31,116,129,11,287,262,5,267,554
04/12/2022,IWA,AZ,AWP,CE,Federal Contract Tower,15,26,45,15,101,0,59,92,3,154,15,85,137,18,255,301,14,315,570
04/13/2022,IWA,AZ,AWP,CE,Federal Contract Tower,43,25,45,2,115,0,120,193,1,314,43,145,238,3,429,668,0,668,1097
04/14/2022,IWA,AZ,AWP,CE,Federal Contract Tower,50,28,58,5,141,0,110,193,0,303,50,138,251,5,444,544,3,547,991
04/15/2022,IWA,AZ,AWP,CE,Federal Contract Tower,38,24,44,4,110,0,89,181,0,270,38,113,225,4,380,576,0,576,956
04/16/2022,IWA,AZ,AWP,CE,Federal Contract Tower,54,14,28,0,96,0,68,91,0,159,54,82,119,0,255,282,0,282,537
04/17/2022,IWA,AZ,AWP,CE,Federal Contract Tower,42,20,22,0,84,0,39,65,0,104,42,59,87,0,188,240,0,240,428
04/18/2022,IWA,AZ,AWP,CE,Federal Contract Tower,35,25,65,4,129,4,98,145,2,249,39,123,210,6,378,584,11,595,973
04/19/2022,IWA,AZ,AWP,CE,Federal Contract Tower,21,32,32,9,94,0,109,111,1,221,21,141,143,10,315,513,6,519,834
04/20/2022,IWA,AZ,AWP,CE,Federal Contract Tower,48,28,55,8,139,0,120,142,0,262,48,148,197,8,401,446,0,446,847
04/21/2022,IWA,AZ,AWP,CE,Federal Contract Tower,46,25,66,9,146,0,111,140,3,254,46,136,206,12,400,535,4,539,939
04/22/2022,IWA,AZ,AWP,CE,Federal Contract Tower,37,12,34,8,91,1,62,75,1,139,38,74,109,9,230,190,0,190,420
04/23/2022,IWA,AZ,AWP,CE,Federal Contract Tower,50,16,40,3,109,0,81,93,11,185,50,97,133,14,294,603,0,603,897
04/24/2022,IWA,AZ,AWP,CE,Federal Contract Tower,46,21,31,10,108,0,57,98,3,158,46,78,129,13,266,326,0,326,592
04/25/2022,IWA,AZ,AWP,CE,Federal Contract Tower,35,25,46,12,118,0,122,164,6,292,35,147,210,18,410,583,0,583,993
04/26/2022,IWA,AZ,AWP,CE,Federal Contract Tower,16,26,34,11,87,0,113,125,9,247,16,139,159,20,334,624,0,624,958
04/27/2022,IWA,AZ,AWP,CE,Federal Contract Tower,40,27,63,5,135,0,89,152,9,250,40,116,215,14,385,517,6,523,908
04/28/2022,IWA,AZ,AWP,CE,Federal Contract Tower,40,19,30,6,95,1,93,131,5,230,41,112,161,11,325,476,2,478,803
04/29/2022,IWA,AZ,AWP,CE,Federal Contract Tower,39,24,55,8,126,0,82,177,4,263,39,106,232,12,389,506,21,527,916
04/30/2022,IWA,AZ,AWP,CE,Federal Contract Tower,50,11,41,7,109,0,59,102,2,163,50,70,143,9,272,314,6,320,592
05/01/2022,IWA,AZ,AWP,CE,Federal Contract Tower,38,14,20,7,79,0,39,77,1,117,38,53,97,8,196,218,14,232,428
05/02/2022,IWA,AZ,AWP,CE,Federal Contract Tower,42,33,41,7,123,7,96,108,6,217,49,129,149,13,340,552,6,558,898
05/03/2022,IWA,AZ,AWP,CE,Federal Contract Tower,14,27,54,3,98,0,97,96,6,199,14,124,150,9,297,416,0,416,713
05/04/2022,IWA,AZ,AWP,CE,Federal Contract Tower,36,21,54,5,116,0,95,165,3,263,36,116,219,8,379,585,0,585,964
05/05/2022,IWA,AZ,AWP,CE,Federal Contract Tower,38,23,51,6,118,0,112,140,2,254,38,135,191,8,372,636,1,637,1009
05/06/2022,IWA,AZ,AWP,CE,Federal Contract Tower,38,17,45,6,106,0,75,128,3,206,38,92,173,9,312,532,0,532,844
05/07/2022,IWA,AZ,AWP,CE,Federal Contract Tower,33,18,19,2,72,0,56,61,0,117,33,74,80,2,189,336,0,336,525
05/08/2022,IWA,AZ,AWP,CE,Federal Contract Tower,35,13,13,0,61,0,34,54,0,88,35,47,67,0,149,153,0,153,302
05/09/2022,IWA,AZ,AWP,CE,Federal Contract Tower,33,13,55,3,104,0,100,107,1,208,33,113,162,4,312,382,0,382,694
05/10/2022,IWA,AZ,AWP,CE,Federal Contract Tower,12,34,49,6,101,0,125,125,0,250,12,159,174,6,351,540,0,540,891
05/11/2022,IWA,AZ,AWP,CE,Federal Contract Tower,29,37,48,8,122,0,116,131,1,248,29,153,179,9,370,553,0,553,923
05/12/2022,IWA,AZ,AWP,CE,Federal Contract Tower,38,30,39,3,110,0,104,143,4,251,38,134,182,7,361,494,2,496,857
05/13/2022,IWA,AZ,AWP,CE,Federal Contract Tower,35,18,47,4,104,0,95,125,1,221,35,113,172,5,325,400,1,401,726
05/14/2022,IWA,AZ,AWP,CE,Federal Contract Tower,32,6,17,1,56,1,54,73,0,128,33,60,90,1,184,366,0,366,550
05/15/2022,IWA,AZ,AWP,CE,Federal Contract Tower,37,13,39,3,92,0,44,86,0,130,37,57,125,3,222,120,0,120,342
05/16/2022,IWA,AZ,AWP,CE,Federal Contract Tower,36,29,55,0,120,0,73,131,0,204,36,102,186,0,324,457,0,457,781
05/17/2022,IWA,AZ,AWP,CE,Federal Contract Tower,12,22,44,2,80,0,135,97,4,236,12,157,141,6,316,570,2,572,888
05/18/2022,IWA,AZ,AWP,CE,Federal Contract Tower,24,23,54,0,101,0,109,129,5,243,24,132,183,5,344,529,0,529,873
05/19/2022,IWA,AZ,AWP,CE,Federal Contract Tower,37,33,44,0,114,0,87,112,1,200,37,120,156,1,314,456,0,456,770
05/20/2022,IWA,AZ,AWP,CE,Federal Contract Tower,36,16,37,3,92,0,37,66,0,103,36,53,103,3,195,259,0,259,454
05/21/2022,IWA,AZ,AWP,CE,Federal Contract Tower,28,14,24,4,70,0,66,85,0,151,28,80,109,4,221,247,0,247,468
05/22/2022,IWA,AZ,AWP,CE,Federal Contract Tower,34,20,27,1,82,0,24,67,5,96,34,44,94,6,178,142,53,195,373
05/23/2022,IWA,AZ,AWP,CE,Federal Contract Tower,37,23,45,0,105,0,90,100,0,190,37,113,145,0,295,342,0,342,637
05/24/2022,IWA,AZ,AWP,CE,Federal Contract Tower,19,30,38,5,92,0,98,94,4,196,19,128,132,9,288,612,20,632,920
05/25/2022,IWA,AZ,AWP,CE,Federal Contract Tower,27,28,44,2,101,0,85,138,4,227,27,113,182,6,328,359,9,368,696
05/26/2022,IWA,AZ,AWP,CE,Federal Contract Tower,37,17,41,9,104,0,98,93,3,194,37,115,134,12,298,379,6,385,683
05/27/2022,IWA,AZ,AWP,CE,Federal Contract Tower,41,16,34,0,91,0,71,108,1,180,41,87,142,1,271,558,0,558,829
05/28/2022,IWA,AZ,AWP,CE,Federal Contract Tower,33,21,20,0,74,0,60,69,0,129,33,81,89,0,203,299,0,299,502
05/29/2022,IWA,AZ,AWP,CE,Federal Contract Tower,41,20,19,2,82,0,28,37,0,65,41,48,56,2,147,93,0,93,240
05/30/2022,IWA,AZ,AWP,CE,Federal Contract Tower,43,15,19,0,77,7,83,72,1,163,50,98,91,1,240,295,0,295,535
05/31/2022,IWA,AZ,AWP,CE,Federal Contract Tower,20,39,43,2,104,0,89,102,0,191,20,128,145,2,295,416,0,416,711
06/01/2022,IWA,AZ,AWP,CE,Federal Contract Tower,28,22,42,6,98,0,115,121,0,236,28,137,163,6,334,642,0,642,976
06/02/2022,IWA,AZ,AWP,CE,Federal Contract Tower,37,20,43,2,102,1,89,127,7,224,38,109,170,9,326,456,4,460,786
06/03/2022,IWA,AZ,AWP,CE,Federal Contract Tower,35,23,32,5,95,0,83,100,2,185,35,106,132,7,280,324,0,324,604
06/04/2022,IWA,AZ,AWP,CE,Federal Contract Tower,34,16,17,2,69,0,76,69,2,147,34,92,86,4,216,169,0,169,385
06/05/2022,IWA,AZ,AWP,CE,Federal Contract Tower,35,15,31,0,81,0,43,49,0,92,35,58,80,0,173,173,0,173,346
06/06/2022,IWA,AZ,AWP,CE,Federal Contract Tower,26,27,36,2,91,0,97,112,2,211,26,124,148,4,302,292,16,308,610
06/07/2022,IWA,AZ,AWP,CE,Federal Contract Tower,16,27,30,1,74,0,101,120,3,224,16,128,150,4,298,505,0,505,803
06/08/2022,IWA,AZ,AWP,CE,Federal Contract Tower,28,23,24,0,75,0,107,86,1,194,28,130,110,1,269,500,0,500,769
06/09/2022,IWA,AZ,AWP,CE,Federal Contract Tower,34,39,37,4,114,0,112,96,4,212,34,151,133,8,326,550,14,564,890
06/10/2022,IWA,AZ,AWP,CE,Federal Contract Tower,30,43,34,2,109,0,109,117,0,226,30,152,151,2,335,626,0,626,961
06/11/2022,IWA,AZ,AWP,CE,Federal Contract Tower,34,19,20,1,74,0,83,63,0,146,34,102,83,1,220,337,0,337,557
06/12/2022,IWA,AZ,AWP,CE,Federal Contract Tower,31,13,17,3,64,0,78,44,2,124,31,91,61,5,188,150,0,150,338
06/13/2022,IWA,AZ,AWP,CE,Federal Contract Tower,29,25,23,5,82,0,98,103,3,204,29,123,126,8,286,327,0,327,613
06/14/2022,IWA,AZ,AWP,CE,Federal Contract Tower,17,30,13,3,63,6,121,135,6,268,23,151,148,9,331,627,0,627,958
06/15/2022,IWA,AZ,AWP,CE,Federal Contract Tower,33,30,42,7,112,2,143,114,1,260,35,173,156,8,372,645,0,645,1017
06/16/2022,IWA,AZ,AWP,CE,Federal Contract Tower,32,30,34,9,105,0,140,155,2,297,32,170,189,11,402,514,11,525,927
06/17/2022,IWA,AZ,AWP,CE,Federal Contract Tower,33,3,21,3,60,0,96,121,1,218,33,99,142,4,278,427,0,427,705
06/19/2022,IWA,AZ,AWP,CE,Federal Contract Tower,32,21,21,0,74,0,66,73,0,139,32,87,94,0,213,211,0,211,424
06/20/2022,IWA,AZ,AWP,CE,Federal Contract Tower,31,17,30,1,79,3,122,104,1,230,34,139,134,2,309,454,0,454,763
06/21/2022,IWA,AZ,AWP,CE,Federal Contract Tower,17,20,23,10,70,4,84,76,4,168,21,104,99,14,238,597,23,620,858
06/22/2022,IWA,AZ,AWP,CE,Federal Contract Tower,36,25,42,12,115,0,112,113,4,229,36,137,155,16,344,523,0,523,867
06/23/2022,IWA,AZ,AWP,CE,Federal Contract Tower,32,21,22,1,76,0,70,97,1,168,32,91,119,2,244,436,0,436,680
06/24/2022,IWA,AZ,AWP,CE,Federal Contract Tower,32,15,36,9,92,0,57,83,3,143,32,72,119,12,235,205,7,212,447
06/25/2022,IWA,AZ,AWP,CE,Federal Contract Tower,29,18,19,2,68,0,82,72,0,154,29,100,91,2,222,455,0,455,677
06/26/2022,IWA,AZ,AWP,CE,Federal Contract Tower,33,12,16,3,64,0,28,51,1,80,33,40,67,4,144,155,0,155,299
06/27/2022,IWA,AZ,AWP,CE,Federal Contract Tower,31,10,26,2,69,0,102,97,2,201,31,112,123,4,270,569,37,606,876
06/28/2022,IWA,AZ,AWP,CE,Federal Contract Tower,13,11,23,1,48,0,100,88,3,191,13,111,111,4,239,699,2,701,940
06/29/2022,IWA,AZ,AWP,CE,Federal Contract Tower,32,22,13,0,67,0,91,97,3,191,32,113,110,3,258,479,0,479,737
06/30/2022,IWA,AZ,AWP,CE,Federal Contract Tower,32,31,27,0,90,0,172,74,0,246,32,203,101,0,336,525,0,525,861
07/01/2022,IWA,AZ,AWP,CE,Federal Contract Tower,38,18,29,0,85,0,66,82,0,148,38,84,111,0,233,405,0,405,638
07/02/2022,IWA,AZ,AWP,CE,Federal Contract Tower,32,13,26,0,71,0,93,60,0,153,32,106,86,0,224,522,0,522,746
07/03/2022,IWA,AZ,AWP,CE,Federal Contract Tower,35,6,9,0,50,0,46,33,0,79,35,52,42,0,129,232,0,232,361
07/04/2022,IWA,AZ,AWP,CE,Federal Contract Tower,31,10,22,0,63,0,37,52,0,89,31,47,74,0,152,284,0,284,436
07/05/2022,IWA,AZ,AWP,CE,Federal Contract Tower,30,17,34,0,81,0,99,87,0,186,30,116,121,0,267,649,0,649,916
07/06/2022,IWA,AZ,AWP,CE,Federal Contract Tower,35,24,37,1,97,0,113,89,15,217,35,137,126,16,314,488,1,489,803
07/07/2022,IWA,AZ,AWP,CE,Federal Contract Tower,37,17,34,9,97,0,95,103,21,219,37,112,137,30,316,563,11,574,890
07/08/2022,IWA,AZ,AWP,CE,Federal Contract Tower,36,21,30,0,87,0,80,78,1,159,36,101,108,1,246,444,0,444,690
07/09/2022,IWA,AZ,AWP,CE,Federal Contract Tower,34,11,24,2,71,0,58,65,0,123,34,69,89,2,194,345,4,349,543
07/10/2022,IWA,AZ,AWP,CE,Federal Contract Tower,35,14,29,0,78,0,49,50,2,101,35,63,79,2,179,303,0,303,482
07/11/2022,IWA,AZ,AWP,CE,Federal Contract Tower,35,25,34,2,96,0,61,91,5,157,35,86,125,7,253,363,12,375,628
07/12/2022,IWA,AZ,AWP,CE,Federal Contract Tower,13,14,15,7,49,0,89,122,0,211,13,103,137,7,260,599,13,612,872
07/13/2022,IWA,AZ,AWP,CE,Federal Contract Tower,28,23,20,0,71,0,67,93,0,160,28,90,113,0,231,447,0,447,678
07/14/2022,IWA,AZ,AWP,CE,Federal Contract Tower,34,32,53,2,121,0,84,93,0,177,34,116,146,2,298,486,0,486,784
07/15/2022,IWA,AZ,AWP,CE,Federal Contract Tower,37,21,23,1,82,0,97,87,0,184,37,118,110,1,266,423,0,423,689
07/16/2022,IWA,AZ,AWP,CE,Federal Contract Tower,39,17,17,0,73,0,60,59,0,119,39,77,76,0,192,287,0,287,479
07/17/2022,IWA,AZ,AWP,CE,Federal Contract Tower,33,12,25,2,72,0,46,64,2,112,33,58,89,4,184,214,0,214,398
07/18/2022,IWA,AZ,AWP,CE,Federal Contract Tower,34,48,58,1,141,0,92,83,1,176,34,140,141,2,317,545,1,546,863
07/19/2022,IWA,AZ,AWP,CE,Federal Contract Tower,12,20,40,1,73,0,94,93,1,188,12,114,133,2,261,538,0,538,799
07/20/2022,IWA,AZ,AWP,CE,Federal Contract Tower,34,47,44,0,125,0,96,87,4,187,34,143,131,4,312,515,0,515,827
07/21/2022,IWA,AZ,AWP,CE,Federal Contract Tower,36,29,35,2,102,0,83,107,3,193,36,112,142,5,295,510,2,512,807
07/22/2022,IWA,AZ,AWP,CE,Federal Contract Tower,34,23,30,1,88,0,90,106,0,196,34,113,136,1,284,433,0,433,717
07/23/2022,IWA,AZ,AWP,CE,Federal Contract Tower,34,16,20,0,70,0,37,44,0,81,34,53,64,0,151,259,0,259,410
07/24/2022,IWA,AZ,AWP,CE,Federal Contract Tower,33,14,17,0,64,0,19,19,0,38,33,33,36,0,102,235,0,235,337
07/25/2022,IWA,AZ,AWP,CE,Federal Contract Tower,36,21,25,4,86,0,79,88,0,167,36,100,113,4,253,538,0,538,791
07/26/2022,IWA,AZ,AWP,CE,Federal Contract Tower,14,21,23,4,62,0,91,63,0,154,14,112,86,4,216,779,10,789,1005
07/27/2022,IWA,AZ,AWP,CE,Federal Contract Tower,32,35,25,7,99,0,69,69,0,138,32,104,94,7,237,535,0,535,772
07/28/2022,IWA,AZ,AWP,CE,Federal Contract Tower,36,4,18,3,61,0,60,76,11,147,36,64,94,14,208,488,39,527,735
07/29/2022,IWA,AZ,AWP,CE,Federal Contract Tower,32,21,30,0,83,0,70,119,1,190,32,91,149,1,273,669,0,669,942
07/30/2022,IWA,AZ,AWP,CE,Federal Contract Tower,32,18,22,0,72,0,37,50,0,87,32,55,72,0,159,285,0,285,444
07/31/2022,IWA,AZ,AWP,CE,Federal Contract Tower,39,4,14,4,61,0,44,81,5,130,39,48,95,9,191,285,0,285,476
08/01/2022,IWA,AZ,AWP,CE,Federal Contract Tower,32,37,42,1,112,0,90,98,4,192,32,127,140,5,304,521,8,529,833
08/02/2022,IWA,AZ,AWP,CE,Federal Contract Tower,20,31,43,0,94,0,95,136,8,239,20,126,179,8,333,629,0,629,962
08/03/2022,IWA,AZ,AWP,CE,Federal Contract Tower,30,27,9,3,69,0,59,76,9,144,30,86,85,12,213,373,26,399,612
08/04/2022,IWA,AZ,AWP,CE,Federal Contract Tower,35,15,32,5,87,0,77,89,4,170,35,92,121,9,257,476,25,501,758
08/05/2022,IWA,AZ,AWP,CE,Federal Contract Tower,33,20,34,7,94,0,94,129,5,228,33,114,163,12,322,458,4,462,784
08/06/2022,IWA,AZ,AWP,CE,Federal Contract Tower,32,18,19,1,70,0,52,58,1,111,32,70,77,2,181,304,0,304,485
08/07/2022,IWA,AZ,AWP,CE,Federal Contract Tower,31,11,26,0,68,0,25,36,1,62,31,36,62,1,130,163,0,163,293
08/08/2022,IWA,AZ,AWP,CE,Federal Contract Tower,32,24,33,4,93,0,82,92,15,189,32,106,125,19,282,260,12,272,554
08/09/2022,IWA,AZ,AWP,CE,Federal Contract Tower,14,22,25,0,61,0,69,101,14,184,14,91,126,14,245,522,17,539,784
08/10/2022,IWA,AZ,AWP,CE,Federal Contract Tower,28,22,32,1,83,0,67,92,10,169,28,89,124,11,252,369,3,372,624
08/11/2022,IWA,AZ,AWP,CE,Federal Contract Tower,34,15,20,5,74,0,83,135,10,228,34,98,155,15,302,433,30,463,765
08/12/2022,IWA,AZ,AWP,CE,Federal Contract Tower,33,16,12,3,64,0,64,82,3,149,33,80,94,6,213,426,0,426,639
08/13/2022,IWA,AZ,AWP,CE,Federal Contract Tower,30,17,28,0,75,0,45,78,0,123,30,62,106,0,198,228,0,228,426
08/14/2022,IWA,AZ,AWP,CE,Federal Contract Tower,32,20,36,0,88,0,16,38,0,54,32,36,74,0,142,189,0,189,331
08/15/2022,IWA,AZ,AWP,CE,Federal Contract Tower,35,20,31,4,90,0,85,88,2,175,35,105,119,6,265,520,6,526,791
08/16/2022,IWA,AZ,AWP,CE,Federal Contract Tower,20,24,25,9,78,0,98,90,0,188,20,122,115,9,266,578,37,615,881
08/17/2022,IWA,AZ,AWP,CE,Federal Contract Tower,16,27,31,4,78,0,79,81,2,162,16,106,112,6,240,384,3,387,627
08/18/2022,IWA,AZ,AWP,CE,Federal Contract Tower,40,20,46,8,114,0,74,93,0,167,40,94,139,8,281,341,0,341,622
08/19/2022,IWA,AZ,AWP,CE,Federal Contract Tower,33,26,23,2,84,0,41,68,2,111,33,67,91,4,195,297,0,297,492
08/20/2022,IWA,AZ,AWP,CE,Federal Contract Tower,12,5,10,2,29,0,32,32,0,64,12,37,42,2,93,351,0,351,444
08/21/2022,IWA,AZ,AWP,CE,Federal Contract Tower,31,14,24,1,70,0,31,58,0,89,31,45,82,1,159,286,0,286,445
08/22/2022,IWA,AZ,AWP,CE,Federal Contract Tower,33,20,35,5,93,0,69,130,10,209,33,89,165,15,302,465,12,477,779
08/23/2022,IWA,AZ,AWP,CE,Federal Contract Tower,15,10,12,9,46,0,83,110,8,201,15,93,122,17,247,602,38,640,887
08/24/2022,IWA,AZ,AWP,CE,Federal Contract Tower,14,14,19,4,51,0,108,127,7,242,14,122,146,11,293,421,0,421,714
08/25/2022,IWA,AZ,AWP,CE,Federal Contract Tower,36,16,27,2,81,0,78,122,0,200,36,94,149,2,281,558,0,558,839
08/26/2022,IWA,AZ,AWP,CE,Federal Contract Tower,32,15,35,9,91,0,108,133,3,244,32,123,168,12,335,475,22,497,832
08/27/2022,IWA,AZ,AWP,CE,Federal Contract Tower,11,14,24,0,49,0,46,82,0,128,11,60,106,0,177,355,0,355,532
08/28/2022,IWA,AZ,AWP,CE,Federal Contract Tower,36,6,14,2,58,0,26,83,0,109,36,32,97,2,167,91,0,91,258
08/29/2022,IWA,AZ,AWP,CE,Federal Contract Tower,28,9,15,0,52,0,88,158,2,248,28,97,173,2,300,16,0,16,316
08/30/2022,IWA,AZ,AWP,CE,Federal Contract Tower,19,14,21,2,56,0,113,144,1,258,19,127,165,3,314,130,0,130,444
08/31/2022,IWA,AZ,AWP,CE,Federal Contract Tower,12,21,22,8,63,0,116,143,9,268,12,137,165,17,331,216,2,218,549
09/01/2022,IWA,AZ,AWP,CE,Federal Contract Tower,29,12,24,11,76,0,130,125,5,260,29,142,149,16,336,341,4,345,681
09/02/2022,IWA,AZ,AWP,CE,Federal Contract Tower,42,12,28,7,89,0,110,128,9,247,42,122,156,16,336,412,1,413,749
09/03/2022,IWA,AZ,AWP,CE,Federal Contract Tower,17,2,10,1,30,0,63,88,1,152,17,65,98,2,182,270,0,270,452
09/04/2022,IWA,AZ,AWP,CE,Federal Contract Tower,35,3,15,2,55,0,35,51,2,88,35,38,66,4,143,161,0,161,304
09/05/2022,IWA,AZ,AWP,CE,Federal Contract Tower,39,7,17,5,68,0,116,121,6,243,39,123,138,11,311,600,2,602,913
09/06/2022,IWA,AZ,AWP,CE,Federal Contract Tower,26,10,23,10,69,0,141,96,0,237,26,151,119,10,306,588,0,588,894
09/07/2022,IWA,AZ,AWP,CE,Federal Contract Tower,14,19,31,2,66,0,146,110,0,256,14,165,141,2,322,439,0,439,761
09/08/2022,IWA,AZ,AWP,CE,Federal Contract Tower,39,14,21,8,82,0,139,170,0,309,39,153,191,8,391,443,1,444,835
09/09/2022,IWA,AZ,AWP,CE,Federal Contract Tower,43,17,14,2,76,0,100,143,1,244,43,117,157,3,320,603,0,603,923
09/10/2022,IWA,AZ,AWP,CE,Federal Contract Tower,16,8,25,0,49,0,81,94,0,175,16,89,119,0,224,376,0,376,600
09/11/2022,IWA,AZ,AWP,CE,Federal Contract Tower,34,8,20,1,63,0,32,82,1,115,34,40,102,2,178,177,0,177,355
09/12/2022,IWA,AZ,AWP,CE,Federal Contract Tower,36,21,37,2,96,0,119,109,3,231,36,140,146,5,327,546,0,546,873
09/13/2022,IWA,AZ,AWP,CE,Federal Contract Tower,16,20,18,4,58,0,151,137,2,290,16,171,155,6,348,748,26,774,1122
09/14/2022,IWA,AZ,AWP,CE,Federal Contract Tower,13,21,28,2,64,0,112,146,0,258,13,133,174,2,322,678,0,678,1000
09/15/2022,IWA,AZ,AWP,CE,Federal Contract Tower,39,10,36,3,88,0,129,141,4,274,39,139,177,7,362,523,0,523,885
09/16/2022,IWA,AZ,AWP,CE,Federal Contract Tower,36,16,36,9,97,0,117,150,0,267,36,133,186,9,364,591,0,591,955
09/17/2022,IWA,AZ,AWP,CE,Federal Contract Tower,16,9,19,0,44,0,53,99,1,153,16,62,118,1,197,426,0,426,623
09/18/2022,IWA,AZ,AWP,CE,Federal Contract Tower,34,10,33,7,84,0,53,79,5,137,34,63,112,12,221,410,2,412,633
09/19/2022,IWA,AZ,AWP,CE,Federal Contract Tower,33,14,27,4,78,0,124,114,0,238,33,138,141,4,316,754,2,756,1072
09/20/2022,IWA,AZ,AWP,CE,Federal Contract Tower,16,31,32,0,79,0,123,116,0,239,16,154,148,0,318,692,0,692,1010
09/21/2022,IWA,AZ,AWP,CE,Federal Contract Tower,14,26,17,0,57,0,75,100,0,175,14,101,117,0,232,561,0,561,793
09/22/2022,IWA,AZ,AWP,CE,Federal Contract Tower,42,7,35,4,88,0,148,114,3,265,42,155,149,7,353,739,0,739,1092
09/23/2022,IWA,AZ,AWP,CE,Federal Contract Tower,38,24,28,11,101,0,123,116,3,242,38,147,144,14,343,508,0,508,851
09/24/2022,IWA,AZ,AWP,CE,Federal Contract Tower,13,13,21,0,47,0,81,116,0,197,13,94,137,0,244,438,0,438,682
09/25/2022,IWA,AZ,AWP,CE,Federal Contract Tower,40,13,25,3,81,0,44,63,0,107,40,57,88,3,188,361,0,361,549
09/26/2022,IWA,AZ,AWP,CE,Federal Contract Tower,31,12,30,7,80,0,89,115,0,204,31,101,145,7,284,412,0,412,696
09/27/2022,IWA,AZ,AWP,CE,Federal Contract Tower,17,16,15,0,48,0,129,123,0,252,17,145,138,0,300,640,0,640,940
09/28/2022,IWA,AZ,AWP,CE,Federal Contract Tower,16,20,18,6,60,87,135,1,0,223,103,155,19,6,283,461,0,461,744
09/29/2022,IWA,AZ,AWP,CE,Federal Contract Tower,38,13,8,6,65,0,150,174,2,326,38,163,182,8,391,851,0,851,1242
09/30/2022,IWA,AZ,AWP,CE,Federal Contract Tower,32,18,35,2,87,0,111,167,3,281,32,129,202,5,368,613,0,613,981
10/01/2022,IWA,AZ,AWP,CE,Federal Contract Tower,16,13,19,0,48,0,93,126,0,219,16,106,145,0,267,660,0,660,927
10/02/2022,IWA,AZ,AWP,CE,Federal Contract Tower,37,5,18,0,60,0,39,83,0,122,37,44,101,0,182,369,0,369,551
10/03/2022,IWA,AZ,AWP,CE,Federal Contract Tower,32,7,33,8,80,0,65,123,4,192,32,72,156,12,272,472,6,478,750
10/04/2022,IWA,AZ,AWP,CE,Federal Contract Tower,20,13,18,2,53,0,135,114,0,249,20,148,132,2,302,698,0,698,1000
10/05/2022,IWA,AZ,AWP,CE,Federal Contract Tower,35,22,28,3,88,0,123,139,3,265,35,145,167,6,353,613,11,624,977
10/06/2022,IWA,AZ,AWP,CE,Federal Contract Tower,45,16,19,3,83,0,101,114,0,215,45,117,133,3,298,496,0,496,794
10/07/2022,IWA,AZ,AWP,CE,Federal Contract Tower,39,8,17,2,66,0,85,111,1,197,39,93,128,3,263,554,0,554,817
10/08/2022,IWA,AZ,AWP,CE,Federal Contract Tower,29,10,18,0,57,0,93,86,0,179,29,103,104,0,236,377,0,377,613
10/09/2022,IWA,AZ,AWP,CE,Federal Contract Tower,41,15,32,0,88,0,42,51,0,93,41,57,83,0,181,342,0,342,523
10/10/2022,IWA,AZ,AWP,CE,Federal Contract Tower,38,11,28,2,79,0,112,124,0,236,38,123,152,2,315,510,0,510,825
10/11/2022,IWA,AZ,AWP,CE,Federal Contract Tower,19,14,26,7,66,0,97,150,21,268,19,111,176,28,334,725,20,745,1079
10/12/2022,IWA,AZ,AWP,CE,Federal Contract Tower,24,20,24,10,78,0,120,135,14,269,24,140,159,24,347,666,43,709,1056
10/13/2022,IWA,AZ,AWP,CE,Federal Contract Tower,36,29,31,9,105,0,116,124,8,248,36,145,155,17,353,497,21,518,871
10/14/2022,IWA,AZ,AWP,CE,Federal Contract Tower,35,20,29,2,86,0,123,136,2,261,35,143,165,4,347,504,2,506,853
10/15/2022,IWA,AZ,AWP,CE,Federal Contract Tower,25,8,13,3,49,0,13,28,4,45,25,21,41,7,94,150,0,150,244
10/16/2022,IWA,AZ,AWP,CE,Federal Contract Tower,33,7,14,2,56,0,4,11,0,15,33,11,25,2,71,49,0,49,120
10/17/2022,IWA,AZ,AWP,CE,Federal Contract Tower,33,20,34,3,90,0,130,137,2,269,33,150,171,5,359,684,0,684,1043
10/18/2022,IWA,AZ,AWP,CE,Federal Contract Tower,20,18,20,2,60,0,95,113,11,219,20,113,133,13,279,448,4,452,731
10/19/2022,IWA,AZ,AWP,CE,Federal Contract Tower,24,19,18,6,67,0,120,115,1,236,24,139,133,7,303,518,0,518,821
10/20/2022,IWA,AZ,AWP,CE,Federal Contract Tower,35,18,22,3,78,0,146,114,1,261,35,164,136,4,339,802,5,807,1146
10/21/2022,IWA,AZ,AWP,CE,Federal Contract Tower,33,21,17,17,88,0,111,102,5,218,33,132,119,22,306,594,1,595,901
10/22/2022,IWA,AZ,AWP,CE,Federal Contract Tower,28,6,13,6,53,0,37,91,2,130,28,43,104,8,183,297,6,303,486
10/23/2022,IWA,AZ,AWP,CE,Federal Contract Tower,32,20,20,14,86,0,45,54,7,106,32,65,74,21,192,171,2,173,365
10/24/2022,IWA,AZ,AWP,CE,Federal Contract Tower,33,17,17,5,72,0,110,116,8,234,33,127,133,13,306,766,0,766,1072
10/25/2022,IWA,AZ,AWP,CE,Federal Contract Tower,19,20,19,7,65,0,126,125,5,256,19,146,144,12,321,749,0,749,1070
10/26/2022,IWA,AZ,AWP,CE,Federal Contract Tower,27,19,31,2,79,0,120,114,0,234,27,139,145,2,313,481,0,481,794
10/27/2022,IWA,AZ,AWP,CE,Federal Contract Tower,41,15,24,4,84,0,104,122,3,229,41,119,146,7,313,618,0,618,931
10/28/2022,IWA,AZ,AWP,CE,Federal Contract Tower,29,11,18,13,71,0,99,138,2,239,29,110,156,15,310,651,0,651,961
10/29/2022,IWA,AZ,AWP,CE,Federal Contract Tower,25,6,10,3,44,0,77,110,8,195,25,83,120,11,239,446,0,446,685
10/30/2022,IWA,AZ,AWP,CE,Federal Contract Tower,35,5,18,12,70,0,32,76,0,108,35,37,94,12,178,320,0,320,498
10/31/2022,IWA,AZ,AWP,CE,Federal Contract Tower,30,14,23,2,69,0,81,105,0,186,30,95,128,2,255,654,0,654,909
11/01/2022,IWA,AZ,AWP,CE,Federal Contract Tower,23,19,27,2,71,0,102,98,1,201,23,121,125,3,272,614,0,614,886
11/02/2022,IWA,AZ,AWP,CE,Federal Contract Tower,29,18,20,8,75,0,61,108,1,170,29,79,128,9,245,460,0,460,705
11/03/2022,IWA,AZ,AWP,CE,Federal Contract Tower,38,8,28,12,86,0,52,55,3,110,38,60,83,15,196,199,13,212,408
11/04/2022,IWA,AZ,AWP,CE,Federal Contract Tower,33,15,36,10,94,0,115,138,2,255,33,130,174,12,349,655,7,662,1011
11/05/2022,IWA,AZ,AWP,CE,Federal Contract Tower,22,7,14,5,48,0,70,112,1,183,22,77,126,6,231,609,0,609,840
11/06/2022,IWA,AZ,AWP,CE,Federal Contract Tower,31,15,15,8,69,0,53,67,0,120,31,68,82,8,189,487,0,487,676
11/07/2022,IWA,AZ,AWP,CE,Federal Contract Tower,33,15,30,10,88,0,83,124,0,207,33,98,154,10,295,608,0,608,903
11/08/2022,IWA,AZ,AWP,CE,Federal Contract Tower,24,12,19,8,63,0,100,123,2,225,24,112,142,10,288,625,0,625,913
11/09/2022,IWA,AZ,AWP,CE,Federal Contract Tower,30,20,20,6,76,0,35,53,0,88,30,55,73,6,164,180,0,180,344
11/10/2022,IWA,AZ,AWP,CE,Federal Contract Tower,44,24,30,6,104,0,115,162,0,277,44,139,192,6,381,598,0,598,979
11/11/2022,IWA,AZ,AWP,CE,Federal Contract Tower,36,12,20,0,68,0,103,131,0,234,36,115,151,0,302,483,0,483,785
11/12/2022,IWA,AZ,AWP,CE,Federal Contract Tower,30,7,15,0,52,0,78,123,0,201,30,85,138,0,253,368,0,368,621
11/13/2022,IWA,AZ,AWP,CE,Federal Contract Tower,38,9,15,1,63,0,50,89,0,139,38,59,104,1,202,244,0,244,446
11/14/2022,IWA,AZ,AWP,CE,Federal Contract Tower,33,13,15,8,69,0,105,107,1,213,33,118,122,9,282,620,7,627,909
11/15/2022,IWA,AZ,AWP,CE,Federal Contract Tower,27,14,18,10,69,0,95,120,0,215,27,109,138,10,284,560,1,561,845
11/16/2022,IWA,AZ,AWP,CE,Federal Contract Tower,29,25,12,12,78,0,55,100,2,157,29,80,112,14,235,329,5,334,569
11/17/2022,IWA,AZ,AWP,CE,Federal Contract Tower,38,20,36,6,100,0,73,109,1,183,38,93,145,7,283,584,0,584,867
11/18/2022,IWA,AZ,AWP,CE,Federal Contract Tower,39,16,28,13,96,0,82,149,4,235,39,98,177,17,331,661,0,661,992
11/19/2022,IWA,AZ,AWP,CE,Federal Contract Tower,30,16,13,2,61,0,74,113,0,187,30,90,126,2,248,391,0,391,639
11/20/2022,IWA,AZ,AWP,CE,Federal Contract Tower,37,11,16,9,73,0,50,78,1,129,37,61,94,10,202,328,0,328,530
11/21/2022,IWA,AZ,AWP,CE,Federal Contract Tower,40,11,29,2,82,0,77,126,0,203,40,88,155,2,285,374,0,374,659
11/22/2022,IWA,AZ,AWP,CE,Federal Contract Tower,49,11,37,1,98,0,75,116,1,192,49,86,153,2,290,413,11,424,714
11/23/2022,IWA,AZ,AWP,CE,Federal Contract Tower,48,11,24,0,83,0,71,106,0,177,48,82,130,0,260,438,0,438,698
11/24/2022,IWA,AZ,AWP,CE,Federal Contract Tower,25,6,8,0,39,0,15,21,0,36,25,21,29,0,75,12,0,12,87
11/25/2022,IWA,AZ,AWP,CE,Federal Contract Tower,23,9,7,0,39,0,54,45,0,99,23,63,52,0,138,242,0,242,380
11/26/2022,IWA,AZ,AWP,CE,Federal Contract Tower,19,10,14,0,43,0,41,53,0,94,19,51,67,0,137,2,0,2,139
11/27/2022,IWA,AZ,AWP,CE,Federal Contract Tower,45,13,32,0,90,0,23,66,0,89,45,36,98,0,179,202,0,202,381
11/28/2022,IWA,AZ,AWP,CE,Federal Contract Tower,49,12,21,6,88,0,58,88,0,146,49,70,109,6,234,360,2,362,596
11/29/2022,IWA,AZ,AWP,CE,Federal Contract Tower,19,6,21,9,55,0,73,88,2,163,19,79,109,11,218,349,22,371,589
11/30/2022,IWA,AZ,AWP,CE,Federal Contract Tower,27,16,13,8,64,0,89,96,0,185,27,105,109,8,249,397,6,403,652
12/01/2022,IWA,AZ,AWP,CE,Federal Contract Tower,42,16,20,6,84,0,107,131,0,238,42,123,151,6,322,493,3,496,818
12/02/2022,IWA,AZ,AWP,CE,Federal Contract Tower,43,10,13,10,76,0,100,149,2,251,43,110,162,12,327,368,0,368,695
12/03/2022,IWA,AZ,AWP,CE,Federal Contract Tower,28,11,28,0,67,0,19,41,2,62,28,30,69,2,129,168,0,168,297
12/04/2022,IWA,AZ,AWP,CE,Federal Contract Tower,45,22,32,5,104,0,1,13,0,14,45,23,45,5,118,79,0,79,197
12/05/2022,IWA,AZ,AWP,CE,Federal Contract Tower,37,25,30,6,98,0,50,81,0,131,37,75,111,6,229,242,0,242,471
12/06/2022,IWA,AZ,AWP,CE,Federal Contract Tower,12,7,26,14,59,0,81,131,3,215,12,88,157,17,274,453,12,465,739
12/07/2022,IWA,AZ,AWP,CE,Federal Contract Tower,19,13,20,15,67,1,86,127,12,226,20,99,147,27,293,408,14,422,715
12/08/2022,IWA,AZ,AWP,CE,Federal Contract Tower,43,10,22,20,95,0,86,135,15,236,43,96,157,35,331,494,52,546,877
12/09/2022,IWA,AZ,AWP,CE,Federal Contract Tower,48,20,26,21,115,0,82,155,7,244,48,102,181,28,359,433,10,443,802
12/10/2022,IWA,AZ,AWP,CE,Federal Contract Tower,30,6,21,2,59,0,38,98,2,138,30,44,119,4,197,310,0,310,507
12/11/2022,IWA,AZ,AWP,CE,Federal Contract Tower,39,6,15,20,80,0,32,98,2,132,39,38,113,22,212,329,0,329,541
12/12/2022,IWA,AZ,AWP,CE,Federal Contract Tower,42,11,19,4,76,0,18,56,1,75,42,29,75,5,151,419,0,419,570
12/13/2022,IWA,AZ,AWP,CE,Federal Contract Tower,15,11,18,9,53,0,59,55,0,114,15,70,73,9,167,362,0,362,529
12/14/2022,IWA,AZ,AWP,CE,Federal Contract Tower,9,18,25,6,58,0,80,102,4,186,9,98,127,10,244,353,10,363,607
12/15/2022,IWA,AZ,AWP,CE,Federal Contract Tower,34,10,31,5,80,0,90,106,0,196,34,100,137,5,276,327,3,330,606
12/16/2022,IWA,AZ,AWP,CE,Federal Contract Tower,42,7,31,11,91,0,85,127,5,217,42,92,158,16,308,339,10,349,657
12/17/2022,IWA,AZ,AWP,CE,Federal Contract Tower,41,5,13,11,70,0,41,90,6,137,41,46,103,17,207,278,18,296,503
12/18/2022,IWA,AZ,AWP,CE,Federal Contract Tower,49,3,10,8,70,0,32,74,4,110,49,35,84,12,180,189,0,189,369
12/19/2022,IWA,AZ,AWP,CE,Federal Contract Tower,40,17,25,3,85,0,60,96,1,157,40,77,121,4,242,353,0,353,595
12/20/2022,IWA,AZ,AWP,CE,Federal Contract Tower,45,9,30,6,90,0,82,111,0,193,45,91,141,6,283,312,1,313,596
12/21/2022,IWA,AZ,AWP,CE,Federal Contract Tower,52,14,16,2,84,0,95,96,1,192,52,109,112,3,276,381,9,390,666
12/22/2022,IWA,AZ,AWP,CE,Federal Contract Tower,35,14,19,5,73,0,72,78,0,150,35,86,97,5,223,339,0,339,562
12/23/2022,IWA,AZ,AWP,CE,Federal Contract Tower,34,12,20,1,67,0,90,42,0,132,34,102,62,1,199,230,0,230,429
12/24/2022,IWA,AZ,AWP,CE,Federal Contract Tower,31,5,5,0,41,0,12,11,0,23,31,17,16,0,64,24,0,24,88
12/25/2022,IWA,AZ,AWP,CE,Federal Contract Tower,35,1,0,0,36,0,8,5,0,13,35,9,5,0,49,0,0,0,49
12/26/2022,IWA,AZ,AWP,CE,Federal Contract Tower,46,6,23,0,75,0,44,29,0,73,46,50,52,0,148,119,0,119,267
12/27/2022,IWA,AZ,AWP,CE,Federal Contract Tower,47,1,19,2,69,0,62,57,1,120,47,63,76,3,189,202,0,202,391
12/28/2022,IWA,AZ,AWP,CE,Federal Contract Tower,45,16,22,0,83,0,4,0,0,4,45,20,22,0,87,8,0,8,95
12/29/2022,IWA,AZ,AWP,CE,Federal Contract Tower,47,13,11,1,72,0,58,54,0,112,47,71,65,1,184,304,4,308,492
12/30/2022,IWA,AZ,AWP,CE,Federal Contract Tower,49,14,25,0,88,0,9,11,0,20,49,23,36,0,108,77,0,77,185
12/31/2022,IWA,AZ,AWP,CE,Federal Contract Tower,45,3,9,0,57,0,11,56,0,67,45,14,65,0,124,203,0,203,327
01/01/2023,IWA,AZ,AWP,CE,Federal Contract Tower,41,5,9,0,55,0,0,0,0,0,41,5,9,0,55,0,0,0,55
01/02/2023,IWA,AZ,AWP,CE,Federal Contract Tower,43,2,9,0,54,0,56,34,0,90,43,58,43,0,144,287,0,287,431
01/03/2023,IWA,AZ,AWP,CE,Federal Contract Tower,41,5,19,2,67,0,65,81,5,151,41,70,100,7,218,583,14,597,815
01/04/2023,IWA,AZ,AWP,CE,Federal Contract Tower,34,13,25,5,77,0,97,135,3,235,34,110,160,8,312,394,0,394,706
01/05/2023,IWA,AZ,AWP,CE,Federal Contract Tower,38,12,23,2,75,0,93,125,0,218,38,105,148,2,293,415,0,415,708
01/06/2023,IWA,AZ,AWP,CE,Federal Contract Tower,40,13,28,3,84,0,77,151,1,229,40,90,179,4,313,462,2,464,777
01/07/2023,IWA,AZ,AWP,CE,Federal Contract Tower,26,10,22,11,69,0,63,90,2,155,26,73,112,13,224,398,8,406,630
01/08/2023,IWA,AZ,AWP,CE,Federal Contract Tower,39,6,31,5,81,0,33,84,3,120,39,39,115,8,201,264,1,265,466
01/09/2023,IWA,AZ,AWP,CE,Federal Contract Tower,39,11,26,10,86,0,80,143,6,229,39,91,169,16,315,396,0,396,711
01/10/2023,IWA,AZ,AWP,CE,Federal Contract Tower,20,10,40,4,74,0,79,147,2,228,20,89,187,6,302,598,0,598,900
01/11/2023,IWA,AZ,AWP,CE,Federal Contract Tower,31,15,25,6,77,0,86,119,3,208,31,101,144,9,285,479,36,515,800
01/12/2023,IWA,AZ,AWP,CE,Federal Contract Tower,44,11,29,3,87,0,90,150,0,240,44,101,179,3,327,582,0,582,909
01/13/2023,IWA,AZ,AWP,CE,Federal Contract Tower,44,9,29,8,90,0,75,158,1,234,44,84,187,9,324,301,10,311,635
01/14/2023,IWA,AZ,AWP,CE,Federal Contract Tower,30,10,22,2,64,0,45,113,2,160,30,55,135,4,224,486,0,486,710
01/15/2023,IWA,AZ,AWP,CE,Federal Contract Tower,37,11,14,2,64,0,6,15,1,22,37,17,29,3,86,70,0,70,156
01/16/2023,IWA,AZ,AWP,CE,Federal Contract Tower,39,10,12,0,61,0,9,13,0,22,39,19,25,0,83,30,0,30,113
01/17/2023,IWA,AZ,AWP,CE,Federal Contract Tower,14,18,18,5,55,0,66,135,0,201,14,84,153,5,256,346,2,348,604
01/18/2023,IWA,AZ,AWP,CE,Federal Contract Tower,34,21,30,3,88,0,84,158,0,242,34,105,188,3,330,559,3,562,892
01/19/2023,IWA,AZ,AWP,CE,Federal Contract Tower,39,10,22,7,78,0,104,181,1,286,39,114,203,8,364,599,0,599,963
01/20/2023,IWA,AZ,AWP,CE,Federal Contract Tower,39,13,37,1,90,0,102,200,2,304,39,115,237,3,394,527,0,527,921
01/21/2023,IWA,AZ,AWP,CE,Federal Contract Tower,26,4,26,0,56,0,48,117,1,166,26,52,143,1,222,429,0,429,651
01/22/2023,IWA,AZ,AWP,CE,Federal Contract Tower,39,5,24,1,69,0,34,100,0,134,39,39,124,1,203,438,0,438,641
01/23/2023,IWA,AZ,AWP,CE,Federal Contract Tower,42,7,18,6,73,0,87,130,0,217,42,94,148,6,290,554,0,554,844
01/24/2023,IWA,AZ,AWP,CE,Federal Contract Tower,18,10,28,6,62,0,113,144,6,263,18,123,172,12,325,482,1,483,808
01/25/2023,IWA,AZ,AWP,CE,Federal Contract Tower,35,13,26,4,78,0,139,186,0,325,35,152,212,4,403,690,0,690,1093
01/26/2023,IWA,AZ,AWP,CE,Federal Contract Tower,40,20,24,7,91,0,92,85,10,187,40,112,109,17,278,140,10,150,428
01/27/2023,IWA,AZ,AWP,CE,Federal Contract Tower,39,14,30,15,98,0,135,191,3,329,39,149,221,18,427,616,2,618,1045
01/28/2023,IWA,AZ,AWP,CE,Federal Contract Tower,32,2,20,2,56,0,87,160,2,249,32,89,180,4,305,546,0,546,851
01/29/2023,IWA,AZ,AWP,CE,Federal Contract Tower,38,5,14,14,71,0,40,90,3,133,38,45,104,17,204,394,0,394,598
01/30/2023,IWA,AZ,AWP,CE,Federal Contract Tower,41,8,23,4,76,0,81,116,2,199,41,89,139,6,275,422,0,422,697
01/31/2023,IWA,AZ,AWP,CE,Federal Contract Tower,17,10,23,19,69,0,102,106,2,210,17,112,129,21,279,677,9,686,965
02/01/2023,IWA,AZ,AWP,CE,Federal Contract Tower,35,18,39,8,100,0,132,140,1,273,35,150,179,9,373,504,11,515,888
02/02/2023,IWA,AZ,AWP,CE,Federal Contract Tower,44,16,25,6,91,0,125,168,0,293,44,141,193,6,384,485,0,485,869
02/03/2023,IWA,AZ,AWP,CE,Federal Contract Tower,39,12,44,15,110,0,96,137,4,237,39,108,181,19,347,442,4,446,793
02/04/2023,IWA,AZ,AWP,CE,Federal Contract Tower,30,7,26,3,66,0,61,101,0,162,30,68,127,3,228,409,1,410,638
02/05/2023,IWA,AZ,AWP,CE,Federal Contract Tower,42,5,15,17,79,0,42,96,6,144,42,47,111,23,223,210,0,210,433
02/06/2023,IWA,AZ,AWP,CE,Federal Contract Tower,42,11,23,10,86,0,117,112,2,231,42,128,135,12,317,426,10,436,753
02/07/2023,IWA,AZ,AWP,CE,Federal Contract Tower,21,14,27,4,66,0,91,98,3,192,21,105,125,7,258,459,10,469,727
02/08/2023,IWA,AZ,AWP,CE,Federal Contract Tower,33,14,26,5,78,0,134,111,0,245,33,148,137,5,323,471,9,480,803
02/09/2023,IWA,AZ,AWP,CE,Federal Contract Tower,47,13,23,0,83,0,47,65,5,117,47,60,88,5,200,145,0,145,345
02/10/2023,IWA,AZ,AWP,CE,Federal Contract Tower,42,4,52,2,100,0,67,69,0,136,42,71,121,2,236,202,0,202,438
02/11/2023,IWA,AZ,AWP,CE,Federal Contract Tower,27,7,23,0,57,0,32,42,0,74,27,39,65,0,131,86,0,86,217
02/12/2023,IWA,AZ,AWP,CE,Federal Contract Tower,48,17,33,0,98,0,7,33,0,40,48,24,66,0,138,87,0,87,225
02/13/2023,IWA,AZ,AWP,CE,Federal Contract Tower,42,19,80,0,141,0,27,44,0,71,42,46,124,0,212,148,0,148,360
02/14/2023,IWA,AZ,AWP,CE,Federal Contract Tower,22,9,32,0,63,0,4,22,0,26,22,13,54,0,89,142,0,142,231
02/15/2023,IWA,AZ,AWP,CE,Federal Contract Tower,33,20,27,0,80,0,135,125,0,260,33,155,152,0,340,481,0,481,821
02/16/2023,IWA,AZ,AWP,CE,Federal Contract Tower,48,17,42,6,113,0,125,140,2,267,48,142,182,8,380,427,1,428,808
02/17/2023,IWA,AZ,AWP,CE,Federal Contract Tower,40,4,31,4,79,0,77,89,1,167,40,81,120,5,246,576,0,576,822
02/18/2023,IWA,AZ,AWP,CE,Federal Contract Tower,40,5,27,0,72,0,94,134,0,228,40,99,161,0,300,517,0,517,817
02/19/2023,IWA,AZ,AWP,CE,Federal Contract Tower,43,6,27,0,76,0,47,98,0,145,43,53,125,0,221,435,0,435,656
02/20/2023,IWA,AZ,AWP,CE,Federal Contract Tower,41,11,32,1,85,0,117,153,0,270,41,128,185,1,355,503,4,507,862
02/21/2023,IWA,AZ,AWP,CE,Federal Contract Tower,26,20,32,5,83,0,30,71,0,101,26,50,103,5,184,539,13,552,736
02/22/2023,IWA,AZ,AWP,CE,Federal Contract Tower,30,16,17,0,63,0,7,1,0,8,30,23,18,0,71,19,0,19,90
02/23/2023,IWA,AZ,AWP,CE,Federal Contract Tower,46,6,31,7,90,0,113,129,1,243,46,119,160,8,333,525,2,527,860
02/24/2023,IWA,AZ,AWP,CE,Federal Contract Tower,41,15,22,8,86,0,116,146,0,262,41,131,168,8,348,584,25,609,957
02/25/2023,IWA,AZ,AWP,CE,Federal Contract Tower,40,8,22,2,72,0,85,131,0,216,40,93,153,2,288,407,0,407,695
02/26/2023,IWA,AZ,AWP,CE,Federal Contract Tower,44,15,20,1,80,0,10,35,0,45,44,25,55,1,125,100,0,100,225
02/27/2023,IWA,AZ,AWP,CE,Federal Contract Tower,41,19,28,4,92,0,160,182,0,342,41,179,210,4,434,482,0,482,916
02/28/2023,IWA,AZ,AWP,CE,Federal Contract Tower,27,14,35,11,87,0,127,142,0,269,27,141,177,11,356,584,0,584,940
03/01/2023,IWA,AZ,AWP,CE,Federal Contract Tower,36,18,11,0,65,0,57,71,0,128,36,75,82,0,193,357,0,357,550
03/02/2023,IWA,AZ,AWP,CE,Federal Contract Tower,48,26,19,1,94,0,85,111,2,198,48,111,130,3,292,628,8,636,928
03/03/2023,IWA,AZ,AWP,CE,Federal Contract Tower,44,14,34,3,95,0,127,209,7,343,44,141,243,10,438,467,4,471,909
03/04/2023,IWA,AZ,AWP,CE,Federal Contract Tower,39,16,19,3,77,0,96,108,0,204,39,112,127,3,281,428,0,428,709
03/05/2023,IWA,AZ,AWP,CE,Federal Contract Tower,41,13,42,0,96,0,73,100,0,173,41,86,142,0,269,423,0,423,692
03/06/2023,IWA,AZ,AWP,CE,Federal Contract Tower,46,11,27,5,89,0,133,187,0,320,46,144,214,5,409,565,0,565,974
03/07/2023,IWA,AZ,AWP,CE,Federal Contract Tower,26,23,29,2,80,0,113,144,0,257,26,136,173,2,337,558,0,558,895
03/08/2023,IWA,AZ,AWP,CE,Federal Contract Tower,42,25,24,3,94,0,115,129,0,244,42,140,153,3,338,414,0,414,752
03/09/2023,IWA,AZ,AWP,CE,Federal Contract Tower,47,36,21,8,112,0,150,134,1,285,47,186,155,9,397,559,0,559,956
03/10/2023,IWA,AZ,AWP,CE,Federal Contract Tower,44,17,17,5,83,0,163,122,0,285,44,180,139,5,368,506,0,506,874
03/11/2023,IWA,AZ,AWP,CE,Federal Contract Tower,57,17,11,0,85,0,65,49,2,116,57,82,60,2,201,329,2,331,532
03/12/2023,IWA,AZ,AWP,CE,Federal Contract Tower,47,23,13,4,87,0,66,54,3,123,47,89,67,7,210,292,4,296,506
03/13/2023,IWA,AZ,AWP,CE,Federal Contract Tower,46,24,14,4,88,0,147,119,5,271,46,171,133,9,359,422,0,422,781
03/14/2023,IWA,AZ,AWP,CE,Federal Contract Tower,29,18,17,4,68,0,116,114,0,230,29,134,131,4,298,499,10,509,807
03/15/2023,IWA,AZ,AWP,CE,Federal Contract Tower,42,23,15,1,81,0,48,63,2,113,42,71,78,3,194,398,0,398,592
03/16/2023,IWA,AZ,AWP,CE,Federal Contract Tower,46,35,31,4,116,0,103,113,0,216,46,138,144,4,332,651,0,651,983
03/17/2023,IWA,AZ,AWP,CE,Federal Contract Tower,43,22,32,0,97,0,165,81,1,247,43,187,113,1,344,389,0,389,733
03/18/2023,IWA,AZ,AWP,CE,Federal Contract Tower,59,22,20,1,102,0,79,44,1,124,59,101,64,2,226,157,3,160,386
03/19/2023,IWA,AZ,AWP,CE,Federal Contract Tower,53,18,21,5,97,0,59,31,0,90,53,77,52,5,187,202,0,202,389
03/20/2023,IWA,AZ,AWP,CE,Federal Contract Tower,45,20,20,5,90,0,163,72,2,237,45,183,92,7,327,612,15,627,954
03/21/2023,IWA,AZ,AWP,CE,Federal Contract Tower,25,8,20,5,58,0,54,49,0,103,25,62,69,5,161,336,19,355,516
03/22/2023,IWA,AZ,AWP,CE,Federal Contract Tower,42,17,15,0,74,0,61,45,2,108,42,78,60,2,182,320,0,320,502
03/23/2023,IWA,AZ,AWP,CE,Federal Contract Tower,45,20,15,3,83,0,194,138,4,336,45,214,153,7,419,670,23,693,1112
03/24/2023,IWA,AZ,AWP,CE,Federal Contract Tower,46,28,17,5,96,0,156,55,1,212,46,184,72,6,308,590,0,590,898
03/25/2023,IWA,AZ,AWP,CE,Federal Contract Tower,49,25,23,2,99,0,121,47,3,171,49,146,70,5,270,352,0,352,622
03/26/2023,IWA,AZ,AWP,CE,Federal Contract Tower,44,14,17,5,80,0,74,36,0,110,44,88,53,5,190,292,0,292,482
03/27/2023,IWA,AZ,AWP,CE,Federal Contract Tower,41,20,20,4,85,0,175,76,2,253,41,195,96,6,338,531,16,547,885
03/28/2023,IWA,AZ,AWP,CE,Federal Contract Tower,24,25,17,2,68,0,195,57,0,252,24,220,74,2,320,526,0,526,846
03/29/2023,IWA,AZ,AWP,CE,Federal Contract Tower,39,21,21,1,82,0,191,59,0,250,39,212,80,1,332,425,0,425,757
03/30/2023,IWA,AZ,AWP,CE,Federal Contract Tower,51,7,23,5,86,0,95,39,0,134,51,102,62,5,220,180,4,184,404
03/31/2023,IWA,AZ,AWP,CE,Federal Contract Tower,35,31,18,7,91,0,202,52,2,256,35,233,70,9,347,437,8,445,792
04/01/2023,IWA,AZ,AWP,CE,Federal Contract Tower,46,21,16,4,87,0,174,29,0,203,46,195,45,4,290,371,0,371,661
04/02/2023,IWA,AZ,AWP,CE,Federal Contract Tower,44,20,21,6,91,0,119,44,0,163,44,139,65,6,254,280,0,280,534
04/03/2023,IWA,AZ,AWP,CE,Federal Contract Tower,32,6,23,4,65,0,75,29,0,104,32,81,52,4,169,191,1,192,361
04/04/2023,IWA,AZ,AWP,CE,Federal Contract Tower,25,17,15,6,63,0,97,52,6,155,25,114,67,12,218,179,8,187,405
04/05/2023,IWA,AZ,AWP,CE,Federal Contract Tower,41,38,20,1,100,0,215,54,2,271,41,253,74,3,371,596,0,596,967
04/06/2023,IWA,AZ,AWP,CE,Federal Contract Tower,47,43,21,4,115,0,203,33,1,237,47,246,54,5,352,534,0,534,886
04/07/2023,IWA,AZ,AWP,CE,Federal Contract Tower,33,31,12,0,76,0,173,53,0,226,33,204,65,0,302,534,3,537,839
04/08/2023,IWA,AZ,AWP,CE,Federal Contract Tower,45,25,15,2,87,0,106,27,0,133,45,131,42,2,220,364,67,431,651
04/09/2023,IWA,AZ,AWP,CE,Federal Contract Tower,48,9,7,0,64,0,67,17,0,84,48,76,24,0,148,183,0,183,331
04/10/2023,IWA,AZ,AWP,CE,Federal Contract Tower,41,20,18,0,79,0,168,27,0,195,41,188,45,0,274,413,0,413,687
04/11/2023,IWA,AZ,AWP,CE,Federal Contract Tower,18,25,12,0,55,0,189,25,9,223,18,214,37,9,278,436,16,452,730
04/12/2023,IWA,AZ,AWP,CE,Federal Contract Tower,39,30,12,4,85,0,167,38,0,205,39,197,50,4,290,357,14,371,661
04/13/2023,IWA,AZ,AWP,CE,Federal Contract Tower,43,13,11,3,70,0,147,30,5,182,43,160,41,8,252,119,17,136,388
04/14/2023,IWA,AZ,AWP,CE,Federal Contract Tower,33,27,19,2,81,0,246,42,0,288,33,273,61,2,369,303,8,311,680
04/15/2023,IWA,AZ,AWP,CE,Federal Contract Tower,34,14,12,1,61,0,130,28,0,158,34,144,40,1,219,385,0,385,604
04/16/2023,IWA,AZ,AWP,CE,Federal Contract Tower,43,14,14,1,72,0,99,25,0,124,43,113,39,1,196,321,0,321,517
04/17/2023,IWA,AZ,AWP,CE,Federal Contract Tower,36,20,21,0,77,0,180,30,0,210,36,200,51,0,287,460,0,460,747
04/18/2023,IWA,AZ,AWP,CE,Federal Contract Tower,13,20,17,5,55,0,155,36,1,192,13,175,53,6,247,440,2,442,689
04/19/2023,IWA,AZ,AWP,CE,Federal Contract Tower,33,17,18,1,69,0,152,24,0,176,33,169,42,1,245,339,0,339,584
04/20/2023,IWA,AZ,AWP,CE,Federal Contract Tower,43,31,21,6,101,0,190,53,4,247,43,221,74,10,348,547,0,547,895
04/21/2023,IWA,AZ,AWP,CE,Federal Contract Tower,29,26,14,3,72,0,175,56,0,231,29,201,70,3,303,339,0,339,642
04/22/2023,IWA,AZ,AWP,CE,Federal Contract Tower,30,32,14,1,77,0,123,37,0,160,30,155,51,1,237,180,0,180,417
04/23/2023,IWA,AZ,AWP,CE,Federal Contract Tower,43,23,16,4,86,0,95,21,1,117,43,118,37,5,203,247,0,247,450
04/24/2023,IWA,AZ,AWP,CE,Federal Contract Tower,31,26,16,0,73,0,178,26,0,204,31,204,42,0,277,380,0,380,657
04/25/2023,IWA,AZ,AWP,CE,Federal Contract Tower,13,17,20,9,59,0,175,41,4,220,13,192,61,13,279,410,0,410,689
04/26/2023,IWA,AZ,AWP,CE,Federal Contract Tower,32,12,16,1,61,0,200,30,0,230,32,212,46,1,291,456,0,456,747
04/27/2023,IWA,AZ,AWP,CE,Federal Contract Tower,47,20,18,2,87,0,172,46,2,220,47,192,64,4,307,527,0,527,834
04/28/2023,IWA,AZ,AWP,CE,Federal Contract Tower,37,25,31,8,101,0,174,42,0,216,37,199,73,8,317,615,16,631,948
04/29/2023,IWA,AZ,AWP,CE,Federal Contract Tower,26,29,11,12,78,0,116,31,6,153,26,145,42,18,231,474,16,490,721
04/30/2023,IWA,AZ,AWP,CE,Federal Contract Tower,34,29,21,9,93,0,106,20,3,129,34,135,41,12,222,262,3,265,487
05/01/2023,IWA,AZ,AWP,CE,Federal Contract Tower,31,11,22,4,68,0,96,33,1,130,31,107,55,5,198,267,0,267,465
05/02/2023,IWA,AZ,AWP,CE,Federal Contract Tower,10,18,17,3,48,0,190,48,0,238,10,208,65,3,286,425,19,444,730
05/03/2023,IWA,AZ,AWP,CE,Federal Contract Tower,26,27,16,1,70,0,158,60,4,222,26,185,76,5,292,432,3,435,727
05/04/2023,IWA,AZ,AWP,CE,Federal Contract Tower,39,13,14,0,66,0,130,48,1,179,39,143,62,1,245,402,0,402,647
05/05/2023,IWA,AZ,AWP,CE,Federal Contract Tower,33,17,18,7,75,0,170,63,2,235,33,187,81,9,310,565,2,567,877
05/06/2023,IWA,AZ,AWP,CE,Federal Contract Tower,26,12,8,0,46,0,141,36,0,177,26,153,44,0,223,268,0,268,491
05/07/2023,IWA,AZ,AWP,CE,Federal Contract Tower,37,20,7,4,68,0,121,29,2,152,37,141,36,6,220,420,0,420,640
05/08/2023,IWA,AZ,AWP,CE,Federal Contract Tower,29,17,18,3,67,0,195,78,2,275,29,212,96,5,342,548,0,548,890
05/09/2023,IWA,AZ,AWP,CE,Federal Contract Tower,11,27,13,3,54,0,200,59,0,259,11,227,72,3,313,626,0,626,939
05/10/2023,IWA,AZ,AWP,CE,Federal Contract Tower,28,18,13,6,65,0,167,54,0,221,28,185,67,6,286,518,5,523,809
05/11/2023,IWA,AZ,AWP,CE,Federal Contract Tower,37,19,14,2,72,0,192,36,3,231,37,211,50,5,303,532,0,532,835
05/12/2023,IWA,AZ,AWP,CE,Federal Contract Tower,33,22,18,2,75,0,171,33,0,204,33,193,51,2,279,440,3,443,722
05/13/2023,IWA,AZ,AWP,CE,Federal Contract Tower,24,22,17,16,79,0,93,22,0,115,24,115,39,16,194,280,52,332,526
05/14/2023,IWA,AZ,AWP,CE,Federal Contract Tower,38,17,11,10,76,0,36,19,1,56,38,53,30,11,132,140,0,140,272
05/15/2023,IWA,AZ,AWP,CE,Federal Contract Tower,30,7,12,0,49,0,101,33,2,136,30,108,45,2,185,215,0,215,400
05/16/2023,IWA,AZ,AWP,CE,Federal Contract Tower,11,13,16,0,40,0,135,32,0,167,11,148,48,0,207,358,0,358,565
05/17/2023,IWA,AZ,AWP,CE,Federal Contract Tower,23,26,20,12,81,0,216,36,0,252,23,242,56,12,333,489,0,489,822
05/18/2023,IWA,AZ,AWP,CE,Federal Contract Tower,27,18,17,2,64,0,176,54,0,230,27,194,71,2,294,533,0,533,827
05/19/2023,IWA,AZ,AWP,CE,Federal Contract Tower,27,22,17,3,69,0,167,53,2,222,27,189,70,5,291,386,0,386,677
05/20/2023,IWA,AZ,AWP,CE,Federal Contract Tower,19,31,11,1,62,0,133,18,1,152,19,164,29,2,214,339,0,339,553
05/21/2023,IWA,AZ,AWP,CE,Federal Contract Tower,27,27,4,2,60,0,65,11,1,77,27,92,15,3,137,207,0,207,344
05/22/2023,IWA,AZ,AWP,CE,Federal Contract Tower,25,10,23,3,61,0,160,24,3,187,25,170,47,6,248,397,0,397,645
05/23/2023,IWA,AZ,AWP,CE,Federal Contract Tower,20,10,24,6,60,0,191,77,2,270,20,201,101,8,330,492,14,506,836
05/24/2023,IWA,AZ,AWP,CE,Federal Contract Tower,27,26,26,2,81,0,204,38,3,245,27,230,64,5,326,435,10,445,771
05/25/2023,IWA,AZ,AWP,CE,Federal Contract Tower,30,20,22,2,74,0,163,37,1,201,30,183,59,3,275,351,6,357,632
05/26/2023,IWA,AZ,AWP,CE,Federal Contract Tower,32,20,11,0,63,0,141,50,0,191,32,161,61,0,254,350,0,350,604
05/27/2023,IWA,AZ,AWP,CE,Federal Contract Tower,20,10,3,0,33,0,124,20,0,144,20,134,23,0,177,398,0,398,575
05/28/2023,IWA,AZ,AWP,CE,Federal Contract Tower,27,18,5,0,50,0,58,20,0,78,27,76,25,0,128,84,0,84,212
05/29/2023,IWA,AZ,AWP,CE,Federal Contract Tower,27,14,10,0,51,0,139,11,0,150,27,153,21,0,201,307,0,307,508
05/30/2023,IWA,AZ,AWP,CE,Federal Contract Tower,24,14,27,1,66,0,128,44,0,172,24,142,71,1,238,447,16,463,701
05/31/2023,IWA,AZ,AWP,CE,Federal Contract Tower,32,15,25,2,74,0,165,26,0,191,32,180,51,2,265,268,0,268,533
06/01/2023,IWA,AZ,AWP,CE,Federal Contract Tower,31,18,14,6,69,0,214,38,0,252,31,232,52,6,321,497,18,515,836
06/02/2023,IWA,AZ,AWP,CE,Federal Contract Tower,30,22,13,2,67,0,182,42,1,225,30,204,55,3,292,471,0,471,763
06/03/2023,IWA,AZ,AWP,CE,Federal Contract Tower,24,10,8,1,43,0,137,29,11,177,24,147,37,12,220,406,0,406,626
06/04/2023,IWA,AZ,AWP,CE,Federal Contract Tower,26,8,6,0,40,0,119,31,0,150,26,127,37,0,190,297,0,297,487
06/05/2023,IWA,AZ,AWP,CE,Federal Contract Tower,28,12,17,0,57,0,215,41,0,256,28,227,58,0,313,488,0,488,801
06/06/2023,IWA,AZ,AWP,CE,Federal Contract Tower,18,20,12,2,52,0,224,44,3,271,18,244,56,5,323,450,0,450,773
06/07/2023,IWA,AZ,AWP,CE,Federal Contract Tower,28,26,20,0,74,0,214,37,0,251,28,240,57,0,325,613,0,613,938
06/08/2023,IWA,AZ,AWP,CE,Federal Contract Tower,30,22,21,0,73,0,203,41,0,244,30,225,62,0,317,452,0,452,769
06/09/2023,IWA,AZ,AWP,CE,Federal Contract Tower,30,12,10,4,56,0,218,24,0,242,30,230,34,4,298,592,10,602,900
06/10/2023,IWA,AZ,AWP,CE,Federal Contract Tower,23,10,5,15,53,0,137,19,4,160,23,147,24,19,213,396,13,409,622
06/11/2023,IWA,AZ,AWP,CE,Federal Contract Tower,26,10,13,0,49,0,66,8,0,74,26,76,21,0,123,254,0,254,377
06/12/2023,IWA,AZ,AWP,CE,Federal Contract Tower,25,19,24,4,72,0,219,42,2,263,25,238,66,6,335,596,7,603,938
06/13/2023,IWA,AZ,AWP,CE,Federal Contract Tower,19,16,23,4,62,0,179,57,2,238,19,195,80,6,300,629,0,629,929
06/14/2023,IWA,AZ,AWP,CE,Federal Contract Tower,35,24,24,0,83,0,208,54,0,262,35,232,78,0,345,739,0,739,1084
06/15/2023,IWA,AZ,AWP,CE,Federal Contract Tower,31,25,15,2,73,0,216,65,1,282,31,241,80,3,355,642,4,646,1001
06/16/2023,IWA,AZ,AWP,CE,Federal Contract Tower,28,17,15,2,62,0,185,49,8,242,28,202,64,10,304,464,8,472,776
06/17/2023,IWA,AZ,AWP,CE,Federal Contract Tower,25,14,11,0,50,0,169,35,2,206,25,183,46,2,256,468,0,468,724
06/18/2023,IWA,AZ,AWP,CE,Federal Contract Tower,26,12,9,0,47,0,92,17,1,110,26,104,26,1,157,202,2,204,361
06/19/2023,IWA,AZ,AWP,CE,Federal Contract Tower,31,24,15,0,70,0,196,38,0,234,31,220,53,0,304,423,0,423,727
06/20/2023,IWA,AZ,AWP,CE,Federal Contract Tower,16,23,20,2,61,0,208,57,1,266,16,231,77,3,327,365,0,365,692
06/21/2023,IWA,AZ,AWP,CE,Federal Contract Tower,26,15,25,0,66,0,217,44,0,261,26,232,69,0,327,536,0,536,863
06/22/2023,IWA,AZ,AWP,CE,Federal Contract Tower,29,22,14,2,67,0,220,51,2,273,29,242,65,4,340,592,0,592,932
06/23/2023,IWA,AZ,AWP,CE,Federal Contract Tower,33,27,16,1,77,0,203,55,0,258,33,230,71,1,335,574,3,577,912
06/24/2023,IWA,AZ,AWP,CE,Federal Contract Tower,28,18,8,0,54,0,143,28,1,172,28,161,36,1,226,297,0,297,523
06/25/2023,IWA,AZ,AWP,CE,Federal Contract Tower,27,18,7,2,54,0,74,30,0,104,27,92,37,2,158,94,0,94,252
06/26/2023,IWA,AZ,AWP,CE,Federal Contract Tower,29,17,15,5,66,0,159,34,2,195,29,176,49,7,261,388,11,399,660
06/27/2023,IWA,AZ,AWP,CE,Federal Contract Tower,19,19,18,0,56,0,184,61,1,246,19,203,79,1,302,399,15,414,716
06/28/2023,IWA,AZ,AWP,CE,Federal Contract Tower,30,16,23,4,73,0,173,40,6,219,30,189,63,10,292,368,18,386,678
06/29/2023,IWA,AZ,AWP,CE,Federal Contract Tower,33,34,22,2,91,0,215,29,12,256,33,249,51,14,347,433,2,435,782
06/30/2023,IWA,AZ,AWP,CE,Federal Contract Tower,34,16,7,0,57,0,213,26,0,239,34,229,33,0,296,405,0,405,701
07/01/2023,IWA,AZ,AWP,CE,Federal Contract Tower,26,20,6,0,52,0,112,24,0,136,26,132,30,0,188,167,0,167,355
07/02/2023,IWA,AZ,AWP,CE,Federal Contract Tower,26,8,3,1,38,0,74,14,0,88,26,82,17,1,126,101,0,101,227
07/03/2023,IWA,AZ,AWP,CE,Federal Contract Tower,26,14,12,0,52,0,176,20,0,196,26,190,32,0,248,274,0,274,522
07/04/2023,IWA,AZ,AWP,CE,Federal Contract Tower,12,8,1,0,21,0,54,14,0,68,12,62,15,0,89,118,0,118,207
07/05/2023,IWA,AZ,AWP,CE,Federal Contract Tower,26,26,12,2,66,0,158,59,2,219,26,184,71,4,285,455,22,477,762
07/06/2023,IWA,AZ,AWP,CE,Federal Contract Tower,24,13,13,2,52,0,188,64,2,254,24,201,77,4,306,579,26,605,911
07/07/2023,IWA,AZ,AWP,CE,Federal Contract Tower,26,20,14,2,62,0,201,43,0,244,26,221,57,2,306,444,10,454,760
07/08/2023,IWA,AZ,AWP,CE,Federal Contract Tower,33,13,7,0,53,0,153,6,0,159,33,166,13,0,212,416,0,416,628
07/09/2023,IWA,AZ,AWP,CE,Federal Contract Tower,25,7,8,0,40,0,90,9,2,101,25,97,17,2,141,218,0,218,359
07/10/2023,IWA,AZ,AWP,CE,Federal Contract Tower,26,20,17,4,67,0,182,33,11,226,26,202,50,15,293,462,8,470,763
07/11/2023,IWA,AZ,AWP,CE,Federal Contract Tower,20,17,10,8,55,0,200,30,18,248,20,217,40,26,303,415,2,417,720
07/12/2023,IWA,AZ,AWP,CE,Federal Contract Tower,34,21,14,4,73,0,199,22,0,221,34,220,36,4,294,371,0,371,665
07/13/2023,IWA,AZ,AWP,CE,Federal Contract Tower,30,17,16,0,63,0,165,22,0,187,30,182,38,0,250,350,1,351,601
07/14/2023,IWA,AZ,AWP,CE,Federal Contract Tower,31,22,13,0,66,0,146,36,1,183,31,168,49,1,249,331,4,335,584
07/15/2023,IWA,AZ,AWP,CE,Federal Contract Tower,28,12,11,0,51,0,107,13,0,120,28,119,24,0,171,257,0,257,428
07/16/2023,IWA,AZ,AWP,CE,Federal Contract Tower,23,12,9,1,45,0,77,22,0,99,23,89,31,1,144,274,0,274,418
07/17/2023,IWA,AZ,AWP,CE,Federal Contract Tower,33,8,13,1,55,0,147,16,1,164,33,155,29,2,219,276,2,278,497
07/18/2023,IWA,AZ,AWP,CE,Federal Contract Tower,18,19,17,4,58,0,159,22,0,181,18,178,39,4,239,421,0,421,660
07/19/2023,IWA,AZ,AWP,CE,Federal Contract Tower,32,17,18,0,67,0,170,33,3,206,32,187,51,3,273,360,0,360,633
07/20/2023,IWA,AZ,AWP,CE,Federal Contract Tower,30,16,11,0,57,0,123,32,2,157,30,139,43,2,214,431,0,431,645
07/21/2023,IWA,AZ,AWP,CE,Federal Contract Tower,28,13,13,3,57,0,152,15,0,167,28,165,28,3,224,437,0,437,661
07/22/2023,IWA,AZ,AWP,CE,Federal Contract Tower,34,13,10,1,58,0,116,2,0,118,34,129,12,1,176,214,0,214,390
07/23/2023,IWA,AZ,AWP,CE,Federal Contract Tower,25,10,14,0,49,0,114,17,0,131,25,124,31,0,180,113,0,113,293
07/24/2023,IWA,AZ,AWP,CE,Federal Contract Tower,34,16,15,5,70,0,148,29,3,180,34,164,44,8,250,432,0,432,682
07/25/2023,IWA,AZ,AWP,CE,Federal Contract Tower,23,16,12,2,53,0,176,31,12,219,23,192,43,14,272,296,0,296,568
07/26/2023,IWA,AZ,AWP,CE,Federal Contract Tower,30,30,14,0,74,0,153,20,3,176,30,183,34,3,250,262,0,262,512
07/27/2023,IWA,AZ,AWP,CE,Federal Contract Tower,29,21,13,0,63,0,149,34,2,185,29,170,47,2,248,299,0,299,547
07/28/2023,IWA,AZ,AWP,CE,Federal Contract Tower,31,25,22,1,79,0,148,62,2,212,31,173,84,3,291,384,0,384,675
07/29/2023,IWA,AZ,AWP,CE,Federal Contract Tower,29,15,6,0,50,0,145,26,0,171,29,160,32,0,221,258,0,258,479
07/30/2023,IWA,AZ,AWP,CE,Federal Contract Tower,27,10,7,0,44,0,29,5,0,34,27,39,12,0,78,107,0,107,185
07/31/2023,IWA,AZ,AWP,CE,Federal Contract Tower,32,14,12,4,62,0,114,41,2,157,32,128,53,6,219,262,0,262,481
08/01/2023,IWA,AZ,AWP,CE,Federal Contract Tower,18,26,21,0,65,0,118,32,0,150,18,144,53,0,215,366,0,366,581
08/02/2023,IWA,AZ,AWP,CE,Federal Contract Tower,30,14,17,2,63,0,124,33,0,157,30,138,50,2,220,361,0,361,581
08/03/2023,IWA,AZ,AWP,CE,Federal Contract Tower,27,19,18,1,65,0,166,41,5,212,27,185,59,6,277,426,0,426,703
08/04/2023,IWA,AZ,AWP,CE,Federal Contract Tower,28,17,13,2,60,0,143,42,2,187,28,160,55,4,247,365,0,365,612
08/05/2023,IWA,AZ,AWP,CE,Federal Contract Tower,31,15,16,3,65,0,118,23,0,141,31,133,39,3,206,234,0,234,440
08/06/2023,IWA,AZ,AWP,CE,Federal Contract Tower,27,16,7,0,50,0,84,25,0,109,27,100,32,0,159,246,0,246,405
08/07/2023,IWA,AZ,AWP,CE,Federal Contract Tower,29,18,13,0,60,0,152,22,2,176,29,170,35,2,236,329,0,329,565
08/08/2023,IWA,AZ,AWP,CE,Federal Contract Tower,19,11,11,0,41,0,82,22,0,104,19,93,33,0,145,222,0,222,367
08/09/2023,IWA,AZ,AWP,CE,Federal Contract Tower,29,26,22,0,77,0,165,25,1,191,29,191,47,1,268,380,0,380,648
08/10/2023,IWA,AZ,AWP,CE,Federal Contract Tower,35,25,14,2,76,0,170,29,0,199,35,195,43,2,275,368,11,379,654
08/11/2023,IWA,AZ,AWP,CE,Federal Contract Tower,33,13,11,1,58,0,139,49,3,191,33,152,60,4,249,402,0,402,651
08/12/2023,IWA,AZ,AWP,CE,Federal Contract Tower,29,13,11,0,53,0,103,24,0,127,29,116,35,0,180,384,0,384,564
08/13/2023,IWA,AZ,AWP,CE,Federal Contract Tower,28,18,6,1,53,0,73,8,0,81,28,91,14,1,134,193,0,193,327
08/14/2023,IWA,AZ,AWP,CE,Federal Contract Tower,34,18,11,0,63,0,154,32,1,187,34,172,43,1,250,456,8,464,714
08/15/2023,IWA,AZ,AWP,CE,Federal Contract Tower,16,6,16,3,41,0,161,43,0,204,16,167,59,3,245,500,0,500,745
08/16/2023,IWA,AZ,AWP,CE,Federal Contract Tower,13,7,9,3,32,0,150,29,0,179,13,157,38,3,211,551,4,555,766
08/17/2023,IWA,AZ,AWP,CE,Federal Contract Tower,32,12,18,1,63,0,149,17,0,166,32,161,35,1,229,459,0,459,688
08/18/2023,IWA,AZ,AWP,CE,Federal Contract Tower,31,8,21,1,61,0,93,30,1,124,31,101,51,2,185,229,0,229,414
08/19/2023,IWA,AZ,AWP,CE,Federal Contract Tower,12,16,9,2,39,0,135,35,0,170,12,151,44,2,209,487,0,487,696
08/20/2023,IWA,AZ,AWP,CE,Federal Contract Tower,38,6,3,0,47,0,35,12,0,47,38,41,15,0,94,101,0,101,195
08/21/2023,IWA,AZ,AWP,CE,Federal Contract Tower,26,19,12,4,61,0,99,28,8,135,26,118,40,12,196,345,0,345,541
08/22/2023,IWA,AZ,AWP,CE,Federal Contract Tower,20,27,15,2,64,0,257,34,4,295,20,284,49,6,359,706,6,712,1071
08/23/2023,IWA,AZ,AWP,CE,Federal Contract Tower,14,9,16,5,44,0,217,26,1,244,14,226,42,6,288,569,24,593,881
08/24/2023,IWA,AZ,AWP,CE,Federal Contract Tower,44,23,27,2,96,0,318,29,0,347,44,341,56,2,443,793,0,793,1236
08/25/2023,IWA,AZ,AWP,CE,Federal Contract Tower,35,19,17,3,74,0,265,22,0,287,35,284,39,3,361,791,0,791,1152
08/26/2023,IWA,AZ,AWP,CE,Federal Contract Tower,11,13,3,3,30,0,153,13,1,167,11,166,16,4,197,353,0,353,550
08/27/2023,IWA,AZ,AWP,CE,Federal Contract Tower,37,13,4,4,58,0,89,9,1,99,37,102,13,5,157,292,0,292,449
08/28/2023,IWA,AZ,AWP,CE,Federal Contract Tower,30,21,18,1,70,0,229,45,0,274,30,250,63,1,344,563,0,563,907
08/29/2023,IWA,AZ,AWP,CE,Federal Contract Tower,18,13,19,1,51,0,250,40,0,290,18,263,59,1,341,532,0,532,873
08/30/2023,IWA,AZ,AWP,CE,Federal Contract Tower,15,25,14,6,60,0,286,39,0,325,15,311,53,6,385,733,17,750,1135
08/31/2023,IWA,AZ,AWP,CE,Federal Contract Tower,39,14,14,5,72,0,222,34,0,256,39,236,48,5,328,473,5,478,806
01/01/2020,IWA,AZ,AWP,WE,Federal Contract Tower,29,1,10,0,40,0,5,26,0,31,29,6,36,0,71,117,0,117,188
01/02/2020,IWA,AZ,AWP,WE,Federal Contract Tower,52,21,41,0,114,0,144,93,0,237,52,165,134,0,351,56,0,56,407
01/03/2020,IWA,AZ,AWP,WE,Federal Contract Tower,42,15,27,0,84,0,145,110,0,255,42,160,137,0,339,363,0,363,702
01/04/2020,IWA,AZ,AWP,WE,Federal Contract Tower,42,8,23,0,73,0,156,86,0,242,42,164,109,0,315,292,0,292,607
01/05/2020,IWA,AZ,AWP,WE,Federal Contract Tower,52,6,24,0,82,0,75,82,1,158,52,81,106,1,240,276,1,277,517
01/06/2020,IWA,AZ,AWP,WE,Federal Contract Tower,45,23,42,3,113,0,154,114,7,275,45,177,156,10,388,332,0,332,720
01/07/2020,IWA,AZ,AWP,WE,Federal Contract Tower,10,16,32,9,67,0,141,151,6,298,10,157,183,15,365,434,0,434,799
01/08/2020,IWA,AZ,AWP,WE,Federal Contract Tower,30,26,21,2,79,0,125,146,3,274,30,151,167,5,353,446,4,450,803
01/09/2020,IWA,AZ,AWP,WE,Federal Contract Tower,51,20,36,1,108,0,145,119,6,270,51,165,155,7,378,347,48,395,773
01/10/2020,IWA,AZ,AWP,WE,Federal Contract Tower,42,12,27,13,94,0,110,137,3,250,42,122,164,16,344,234,27,261,605
01/11/2020,IWA,AZ,AWP,WE,Federal Contract Tower,30,9,20,10,69,0,142,87,1,230,30,151,107,11,299,407,2,409,708
01/12/2020,IWA,AZ,AWP,WE,Federal Contract Tower,46,8,31,5,90,0,61,79,4,144,46,69,110,9,234,236,0,236,470
01/13/2020,IWA,AZ,AWP,WE,Federal Contract Tower,40,18,26,0,84,0,157,122,4,283,40,175,148,4,367,307,0,307,674
01/14/2020,IWA,AZ,AWP,WE,Federal Contract Tower,10,11,27,2,50,0,150,117,0,267,10,161,144,2,317,456,0,456,773
01/15/2020,IWA,AZ,AWP,WE,Federal Contract Tower,25,15,26,1,67,0,154,127,0,281,25,169,153,1,348,508,0,508,856
01/16/2020,IWA,AZ,AWP,WE,Federal Contract Tower,52,7,23,11,93,0,102,81,4,187,52,109,104,15,280,353,18,371,651
01/17/2020,IWA,AZ,AWP,WE,Federal Contract Tower,40,13,37,4,94,0,197,173,3,373,40,210,210,7,467,467,2,469,936
01/18/2020,IWA,AZ,AWP,WE,Federal Contract Tower,29,10,26,2,67,0,125,102,6,233,29,135,128,8,300,476,0,476,776
01/19/2020,IWA,AZ,AWP,WE,Federal Contract Tower,48,7,15,1,71,0,67,72,12,151,48,74,87,13,222,303,8,311,533
01/20/2020,IWA,AZ,AWP,WE,Federal Contract Tower,38,11,38,4,91,0,161,153,11,325,38,172,191,15,416,575,1,576,992
01/21/2020,IWA,AZ,AWP,WE,Federal Contract Tower,16,25,52,7,100,0,16,41,0,57,16,41,93,7,157,145,4,149,306
01/22/2020,IWA,AZ,AWP,WE,Federal Contract Tower,26,32,56,2,116,0,95,101,0,196,26,127,157,2,312,453,0,453,765
01/23/2020,IWA,AZ,AWP,WE,Federal Contract Tower,50,7,34,3,94,0,189,176,6,371,50,196,210,9,465,550,10,560,1025
01/24/2020,IWA,AZ,AWP,WE,Federal Contract Tower,45,12,40,15,112,0,177,208,9,394,45,189,248,24,506,473,14,487,993
01/25/2020,IWA,AZ,AWP,WE,Federal Contract Tower,30,8,13,6,57,0,151,121,14,286,30,159,134,20,343,442,0,442,785
01/26/2020,IWA,AZ,AWP,WE,Federal Contract Tower,53,7,11,15,86,0,108,93,6,207,53,115,104,21,293,505,0,505,798
01/27/2020,IWA,AZ,AWP,WE,Federal Contract Tower,44,31,50,2,127,0,167,175,1,343,44,198,225,3,470,548,0,548,1018
01/28/2020,IWA,AZ,AWP,WE,Federal Contract Tower,14,17,40,2,73,0,181,201,7,389,14,198,241,9,462,535,15,550,1012
01/29/2020,IWA,AZ,AWP,WE,Federal Contract Tower,31,25,46,4,106,0,167,169,0,336,31,192,215,4,442,495,6,501,943
01/30/2020,IWA,AZ,AWP,WE,Federal Contract Tower,54,42,67,1,164,0,220,138,3,361,54,262,205,4,525,401,2,403,928
01/31/2020,IWA,AZ,AWP,WE,Federal Contract Tower,47,22,70,5,144,0,203,209,13,425,47,225,279,18,569,368,2,370,939
02/01/2020,IWA,AZ,AWP,CE,Federal Contract Tower,34,9,19,4,66,0,152,124,0,276,34,161,143,4,342,495,0,495,837
02/02/2020,IWA,AZ,AWP,CE,Federal Contract Tower,46,8,21,2,77,0,69,81,12,162,46,77,102,14,239,276,0,276,515
02/03/2020,IWA,AZ,AWP,CE,Federal Contract Tower,44,43,40,5,132,0,153,111,0,264,44,196,151,5,396,356,0,356,752
02/04/2020,IWA,AZ,AWP,CE,Federal Contract Tower,14,16,26,6,62,0,214,162,2,378,14,230,188,8,440,552,0,552,992
02/05/2020,IWA,AZ,AWP,CE,Federal Contract Tower,29,21,38,3,91,0,157,159,5,321,29,178,197,8,412,555,4,559,971
02/06/2020,IWA,AZ,AWP,CE,Federal Contract Tower,47,16,38,12,113,0,179,182,5,366,47,195,220,17,479,493,19,512,991
02/07/2020,IWA,AZ,AWP,CE,Federal Contract Tower,46,14,26,9,95,0,185,151,8,344,46,199,177,17,439,615,0,615,1054
02/08/2020,IWA,AZ,AWP,CE,Federal Contract Tower,34,13,26,4,77,0,141,134,14,289,34,154,160,18,366,504,0,504,870
02/09/2020,IWA,AZ,AWP,CE,Federal Contract Tower,48,10,33,4,95,0,79,94,6,179,48,89,127,10,274,347,0,347,621
02/10/2020,IWA,AZ,AWP,CE,Federal Contract Tower,40,9,14,1,64,0,109,94,5,208,40,118,108,6,272,469,0,469,741
02/11/2020,IWA,AZ,AWP,CE,Federal Contract Tower,16,21,35,6,78,0,116,98,3,217,16,137,133,9,295,509,18,527,822
02/12/2020,IWA,AZ,AWP,CE,Federal Contract Tower,43,23,34,1,101,0,203,139,0,342,43,226,173,1,443,501,0,501,944
02/13/2020,IWA,AZ,AWP,CE,Federal Contract Tower,53,32,61,2,148,0,178,153,4,335,53,210,214,6,483,508,0,508,991
02/14/2020,IWA,AZ,AWP,CE,Federal Contract Tower,60,12,38,1,111,0,115,131,8,254,60,127,169,9,365,667,9,676,1041
02/15/2020,IWA,AZ,AWP,CE,Federal Contract Tower,38,9,25,5,77,0,125,129,6,260,38,134,154,11,337,487,2,489,826
02/16/2020,IWA,AZ,AWP,CE,Federal Contract Tower,54,8,16,2,80,0,105,94,4,203,54,113,110,6,283,335,4,339,622
02/17/2020,IWA,AZ,AWP,CE,Federal Contract Tower,49,12,36,0,97,0,192,152,3,347,49,204,188,3,444,600,0,600,1044
02/18/2020,IWA,AZ,AWP,CE,Federal Contract Tower,34,19,23,1,77,0,190,182,3,375,34,209,205,4,452,599,0,599,1051
02/19/2020,IWA,AZ,AWP,CE,Federal Contract Tower,42,15,35,3,95,0,115,124,1,240,42,130,159,4,335,513,0,513,848
02/20/2020,IWA,AZ,AWP,CE,Federal Contract Tower,55,39,56,8,158,0,171,189,3,363,55,210,245,11,521,607,8,615,1136
02/21/2020,IWA,AZ,AWP,CE,Federal Contract Tower,58,15,36,5,114,0,110,113,0,223,58,125,149,5,337,355,0,355,692
02/22/2020,IWA,AZ,AWP,CE,Federal Contract Tower,38,12,31,4,85,0,0,2,0,2,38,12,33,4,87,0,0,0,87
02/23/2020,IWA,AZ,AWP,CE,Federal Contract Tower,53,10,37,11,111,0,115,155,1,271,53,125,192,12,382,505,0,505,887
02/24/2020,IWA,AZ,AWP,CE,Federal Contract Tower,58,18,54,3,133,0,216,184,4,404,58,234,238,7,537,706,0,706,1243
02/25/2020,IWA,AZ,AWP,CE,Federal Contract Tower,28,16,48,16,108,0,94,106,12,212,28,110,154,28,320,306,0,306,626
02/26/2020,IWA,AZ,AWP,CE,Federal Contract Tower,49,17,33,8,107,0,183,235,13,431,49,200,268,21,538,431,12,443,981
02/27/2020,IWA,AZ,AWP,CE,Federal Contract Tower,59,18,34,0,111,0,197,216,4,417,59,215,250,4,528,468,0,468,996
02/28/2020,IWA,AZ,AWP,CE,Federal Contract Tower,53,20,35,7,115,0,219,177,2,398,53,239,212,9,513,507,0,507,1020
02/29/2020,IWA,AZ,AWP,CE,Federal Contract Tower,46,14,30,2,92,0,136,108,1,245,46,150,138,3,337,485,2,487,824
03/01/2020,IWA,AZ,AWP,CE,Federal Contract Tower,60,6,36,2,104,0,96,89,1,186,60,102,125,3,290,295,0,295,585
03/02/2020,IWA,AZ,AWP,CE,Federal Contract Tower,55,17,32,0,104,0,148,165,3,316,55,165,197,3,420,466,0,466,886
03/04/2020,IWA,AZ,AWP,CE,Federal Contract Tower,74,29,35,2,140,0,158,190,3,351,74,187,225,5,491,481,8,489,980
03/05/2020,IWA,AZ,AWP,CE,Federal Contract Tower,56,19,35,6,116,0,174,155,4,333,56,193,190,10,449,483,12,495,944
03/06/2020,IWA,AZ,AWP,CE,Federal Contract Tower,60,15,39,7,121,0,117,116,4,237,60,132,155,11,358,304,7,311,669
03/07/2020,IWA,AZ,AWP,CE,Federal Contract Tower,65,6,16,0,87,0,73,73,1,147,65,79,89,1,234,121,3,124,358
03/08/2020,IWA,AZ,AWP,CE,Federal Contract Tower,58,17,21,6,102,0,49,87,1,137,58,66,108,7,239,278,4,282,521
03/09/2020,IWA,AZ,AWP,CE,Federal Contract Tower,53,27,29,2,111,0,176,163,1,340,53,203,192,3,451,497,1,498,949
03/10/2020,IWA,AZ,AWP,CE,Federal Contract Tower,43,29,37,1,110,0,90,119,1,210,43,119,156,2,320,402,0,402,722
03/11/2020,IWA,AZ,AWP,CE,Federal Contract Tower,77,40,43,0,160,0,29,24,2,55,77,69,67,2,215,86,0,86,301
03/12/2020,IWA,AZ,AWP,CE,Federal Contract Tower,57,18,28,2,105,0,47,41,2,90,57,65,69,4,195,362,0,362,557
03/13/2020,IWA,AZ,AWP,CE,Federal Contract Tower,56,21,40,0,117,0,56,60,0,116,56,77,100,0,233,174,0,174,407
03/14/2020,IWA,AZ,AWP,CE,Federal Contract Tower,77,17,24,0,118,0,170,109,0,279,77,187,133,0,397,412,0,412,809
03/15/2020,IWA,AZ,AWP,CE,Federal Contract Tower,60,7,35,0,102,0,91,106,4,201,60,98,141,4,303,420,0,420,723
03/16/2020,IWA,AZ,AWP,CE,Federal Contract Tower,55,12,25,0,92,0,203,148,0,351,55,215,173,0,443,552,0,552,995
03/17/2020,IWA,AZ,AWP,CE,Federal Contract Tower,50,31,34,0,115,0,161,153,0,314,50,192,187,0,429,473,0,473,902
03/18/2020,IWA,AZ,AWP,CE,Federal Contract Tower,69,9,19,3,100,25,35,0,0,60,94,44,19,3,160,75,0,75,235
03/19/2020,IWA,AZ,AWP,CE,Federal Contract Tower,51,16,41,2,110,0,99,86,2,187,51,115,127,4,297,463,4,467,764
03/20/2020,IWA,AZ,AWP,CE,Federal Contract Tower,46,13,43,6,108,0,170,146,0,316,46,183,189,6,424,580,0,580,1004
03/21/2020,IWA,AZ,AWP,CE,Federal Contract Tower,65,8,43,0,116,0,137,110,0,247,65,145,153,0,363,331,0,331,694
03/22/2020,IWA,AZ,AWP,CE,Federal Contract Tower,49,2,30,0,81,0,59,84,0,143,49,61,114,0,224,304,0,304,528
03/23/2020,IWA,AZ,AWP,CE,Federal Contract Tower,42,20,41,0,103,0,137,86,2,225,42,157,127,2,328,396,0,396,724
03/24/2020,IWA,AZ,AWP,CE,Federal Contract Tower,35,12,50,2,99,0,160,127,4,291,35,172,177,6,390,323,16,339,729
03/25/2020,IWA,AZ,AWP,CE,Federal Contract Tower,27,16,24,1,68,0,173,124,1,298,27,189,148,2,366,415,0,415,781
03/26/2020,IWA,AZ,AWP,CE,Federal Contract Tower,22,19,75,3,119,0,156,144,2,302,22,175,219,5,421,444,18,462,883
03/27/2020,IWA,AZ,AWP,CE,Federal Contract Tower,20,16,39,0,75,0,95,94,15,204,20,111,133,15,279,218,0,218,497
03/28/2020,IWA,AZ,AWP,CE,Federal Contract Tower,27,8,39,0,74,0,111,105,0,216,27,119,144,0,290,409,0,409,699
03/29/2020,IWA,AZ,AWP,CE,Federal Contract Tower,11,11,30,0,52,0,65,90,0,155,11,76,120,0,207,395,0,395,602
03/30/2020,IWA,AZ,AWP,CE,Federal Contract Tower,7,22,50,0,79,0,135,112,0,247,7,157,162,0,326,513,0,513,839
03/31/2020,IWA,AZ,AWP,CE,Federal Contract Tower,16,23,36,4,79,0,99,112,0,211,16,122,148,4,290,461,5,466,756
04/01/2020,IWA,AZ,AWP,CE,Federal Contract Tower,0,21,42,0,63,0,71,100,5,176,0,92,142,5,239,330,8,338,577
04/02/2020,IWA,AZ,AWP,CE,Federal Contract Tower,19,22,47,0,88,0,104,117,2,223,19,126,164,2,311,386,0,386,697
04/03/2020,IWA,AZ,AWP,CE,Federal Contract Tower,14,13,45,2,74,0,95,107,2,204,14,108,152,4,278,265,0,265,543
04/04/2020,IWA,AZ,AWP,CE,Federal Contract Tower,11,13,28,0,52,0,96,81,0,177,11,109,109,0,229,200,0,200,429
04/05/2020,IWA,AZ,AWP,CE,Federal Contract Tower,8,10,41,0,59,0,50,77,0,127,8,60,118,0,186,303,0,303,489
04/06/2020,IWA,AZ,AWP,CE,Federal Contract Tower,4,22,39,0,65,0,97,99,2,198,4,119,138,2,263,331,4,335,598
04/07/2020,IWA,AZ,AWP,CE,Federal Contract Tower,3,10,46,10,69,0,106,119,2,227,3,116,165,12,296,366,1,367,663
04/08/2020,IWA,AZ,AWP,CE,Federal Contract Tower,4,13,11,5,33,0,47,66,1,114,4,60,77,6,147,215,19,234,381
04/09/2020,IWA,AZ,AWP,CE,Federal Contract Tower,12,21,56,8,97,0,99,141,2,242,12,120,197,10,339,455,0,455,794
04/10/2020,IWA,AZ,AWP,CE,Federal Contract Tower,16,12,51,2,81,0,19,110,1,130,16,31,161,3,211,196,0,196,407
04/11/2020,IWA,AZ,AWP,CE,Federal Contract Tower,3,8,3,0,14,0,28,45,0,73,3,36,48,0,87,216,0,216,303
04/12/2020,IWA,AZ,AWP,CE,Federal Contract Tower,1,18,9,0,28,0,12,59,0,71,1,30,68,0,99,116,0,116,215
04/13/2020,IWA,AZ,AWP,CE,Federal Contract Tower,5,13,32,1,51,0,71,85,2,158,5,84,117,3,209,265,0,265,474
04/14/2020,IWA,AZ,AWP,CE,Federal Contract Tower,0,21,42,0,63,0,71,100,5,176,0,92,142,5,239,330,8,338,577
04/15/2020,IWA,AZ,AWP,CE,Federal Contract Tower,4,16,48,0,68,0,77,130,4,211,4,93,178,4,279,435,12,447,726
04/16/2020,IWA,AZ,AWP,CE,Federal Contract Tower,13,21,38,0,72,0,82,103,0,185,13,103,141,0,257,344,0,344,601
04/17/2020,IWA,AZ,AWP,CE,Federal Contract Tower,5,6,18,0,29,0,74,98,3,175,5,80,116,3,204,219,18,237,441
04/18/2020,IWA,AZ,AWP,CE,Federal Contract Tower,12,16,32,0,60,0,55,94,2,151,12,71,126,2,211,236,8,244,455
04/19/2020,IWA,AZ,AWP,CE,Federal Contract Tower,10,12,32,0,54,0,14,90,0,104,10,26,122,0,158,271,0,271,429
04/20/2020,IWA,AZ,AWP,CE,Federal Contract Tower,0,25,35,2,62,0,85,89,0,174,0,110,124,2,236,440,0,440,676
04/21/2020,IWA,AZ,AWP,CE,Federal Contract Tower,7,24,46,3,80,0,98,126,0,224,7,122,172,3,304,371,12,383,687
04/22/2020,IWA,AZ,AWP,CE,Federal Contract Tower,8,37,44,2,91,0,101,128,8,237,8,138,172,10,328,433,6,439,767
04/23/2020,IWA,AZ,AWP,CE,Federal Contract Tower,15,19,40,4,78,0,89,100,5,194,15,108,140,9,272,433,0,433,705
04/24/2020,IWA,AZ,AWP,CE,Federal Contract Tower,10,33,56,0,99,0,92,106,0,198,10,125,162,0,297,313,0,313,610
04/25/2020,IWA,AZ,AWP,CE,Federal Contract Tower,9,10,28,0,47,0,77,76,1,154,9,87,104,1,201,283,0,283,484
04/26/2020,IWA,AZ,AWP,CE,Federal Contract Tower,13,10,13,0,36,0,14,72,0,86,13,24,85,0,122,226,0,226,348
04/27/2020,IWA,AZ,AWP,CE,Federal Contract Tower,7,19,29,8,63,0,86,95,0,181,7,105,124,8,244,371,0,371,615
04/28/2020,IWA,AZ,AWP,CE,Federal Contract Tower,6,18,49,3,76,0,109,110,4,223,6,127,159,7,299,359,31,390,689
04/29/2020,IWA,AZ,AWP,CE,Federal Contract Tower,9,26,30,2,67,0,123,82,4,209,9,149,112,6,276,421,14,435,711
04/30/2020,IWA,AZ,AWP,CE,Federal Contract Tower,19,25,49,9,102,0,108,92,0,200,19,133,141,9,302,381,1,382,684
05/01/2020,IWA,AZ,AWP,CE,Federal Contract Tower,14,23,39,0,76,0,96,107,0,203,14,119,146,0,279,320,0,320,599
05/02/2020,IWA,AZ,AWP,CE,Federal Contract Tower,14,18,24,1,57,0,77,88,3,168,14,95,112,4,225,285,0,285,510
05/03/2020,IWA,AZ,AWP,CE,Federal Contract Tower,23,10,15,0,48,0,30,64,0,94,23,40,79,0,142,256,0,256,398
05/04/2020,IWA,AZ,AWP,CE,Federal Contract Tower,10,36,35,2,83,0,132,88,0,220,10,168,123,2,303,469,0,469,772
05/05/2020,IWA,AZ,AWP,CE,Federal Contract Tower,4,22,34,0,60,0,55,79,1,135,4,77,113,1,195,193,0,193,388
05/06/2020,IWA,AZ,AWP,CE,Federal Contract Tower,4,20,31,2,57,0,105,123,4,232,4,125,154,6,289,306,8,314,603
05/07/2020,IWA,AZ,AWP,CE,Federal Contract Tower,27,32,25,0,84,0,94,99,4,197,27,126,124,4,281,378,4,382,663
05/08/2020,IWA,AZ,AWP,CE,Federal Contract Tower,18,26,25,0,69,0,123,94,0,217,18,149,119,0,286,371,0,371,657
05/09/2020,IWA,AZ,AWP,CE,Federal Contract Tower,18,17,22,0,57,0,71,86,0,157,18,88,108,0,214,247,0,247,461
05/10/2020,IWA,AZ,AWP,CE,Federal Contract Tower,30,15,7,0,52,0,26,28,0,54,30,41,35,0,106,246,0,246,352
05/11/2020,IWA,AZ,AWP,CE,Federal Contract Tower,15,29,21,0,65,0,119,96,1,216,15,148,117,1,281,338,0,338,619
05/12/2020,IWA,AZ,AWP,CE,Federal Contract Tower,4,25,42,0,71,0,104,119,5,228,4,129,161,5,299,409,6,415,714
05/13/2020,IWA,AZ,AWP,CE,Federal Contract Tower,6,31,44,5,86,0,128,94,6,228,6,159,138,11,314,442,16,458,772
05/14/2020,IWA,AZ,AWP,CE,Federal Contract Tower,28,33,39,2,102,0,121,116,0,237,28,154,155,2,339,408,0,408,747
05/15/2020,IWA,AZ,AWP,CE,Federal Contract Tower,28,32,30,0,90,0,125,113,1,239,28,157,143,1,329,353,0,353,682
05/16/2020,IWA,AZ,AWP,CE,Federal Contract Tower,27,29,21,0,77,0,93,67,0,160,27,122,88,0,237,295,0,295,532
05/17/2020,IWA,AZ,AWP,CE,Federal Contract Tower,28,20,12,0,60,0,59,47,0,106,28,79,59,0,166,160,0,160,326
05/18/2020,IWA,AZ,AWP,CE,Federal Contract Tower,23,23,27,6,79,0,150,91,5,246,23,173,118,11,325,410,1,411,736
05/19/2020,IWA,AZ,AWP,CE,Federal Contract Tower,3,53,24,1,81,0,113,80,3,196,3,166,104,4,277,367,0,367,644
05/20/2020,IWA,AZ,AWP,CE,Federal Contract Tower,6,43,40,0,89,0,151,141,10,302,6,194,181,10,391,562,0,562,953
05/21/2020,IWA,AZ,AWP,CE,Federal Contract Tower,31,33,44,2,110,0,140,116,5,261,31,173,160,7,371,494,0,494,865
05/22/2020,IWA,AZ,AWP,CE,Federal Contract Tower,38,25,26,2,91,0,129,94,0,223,38,154,120,2,314,523,0,523,837
05/23/2020,IWA,AZ,AWP,CE,Federal Contract Tower,28,22,17,0,67,0,71,77,0,148,28,93,94,0,215,333,0,333,548
05/24/2020,IWA,AZ,AWP,CE,Federal Contract Tower,27,14,14,2,57,0,48,47,0,95,27,62,61,2,152,203,0,203,355
05/25/2020,IWA,AZ,AWP,CE,Federal Contract Tower,32,14,19,0,65,0,117,111,0,228,32,131,130,0,293,506,0,506,799
05/26/2020,IWA,AZ,AWP,CE,Federal Contract Tower,2,34,40,5,81,0,116,104,5,225,2,150,144,10,306,464,20,484,790
05/27/2020,IWA,AZ,AWP,CE,Federal Contract Tower,3,42,30,4,79,0,136,110,2,248,3,178,140,6,327,404,0,404,731
05/28/2020,IWA,AZ,AWP,CE,Federal Contract Tower,34,33,32,1,100,0,138,109,1,248,34,171,141,2,348,524,12,536,884
05/29/2020,IWA,AZ,AWP,CE,Federal Contract Tower,32,20,30,4,86,0,105,118,1,224,32,125,148,5,310,380,10,390,700
05/30/2020,IWA,AZ,AWP,CE,Federal Contract Tower,25,5,17,3,50,0,69,78,0,147,25,74,95,3,197,280,0,280,477
05/31/2020,IWA,AZ,AWP,CE,Federal Contract Tower,32,4,12,2,50,0,46,96,3,145,32,50,108,5,195,126,6,132,327
06/01/2020,IWA,AZ,AWP,CE,Federal Contract Tower,32,26,47,4,109,0,108,115,5,228,32,134,162,9,337,493,28,521,858
06/02/2020,IWA,AZ,AWP,CE,Federal Contract Tower,10,22,47,8,87,0,122,137,6,265,10,144,184,14,352,475,30,505,857
06/03/2020,IWA,AZ,AWP,CE,Federal Contract Tower,17,29,36,5,87,0,120,115,0,235,17,149,151,5,322,495,0,495,817
06/04/2020,IWA,AZ,AWP,CE,Federal Contract Tower,32,29,38,2,101,0,144,111,2,257,32,173,149,4,358,471,12,483,841
06/05/2020,IWA,AZ,AWP,CE,Federal Contract Tower,38,24,23,1,86,0,98,103,10,211,38,122,126,11,297,392,2,394,691
06/06/2020,IWA,AZ,AWP,CE,Federal Contract Tower,36,18,12,2,68,0,77,112,6,195,36,95,124,8,263,239,0,239,502
06/07/2020,IWA,AZ,AWP,CE,Federal Contract Tower,29,15,12,0,56,0,51,110,3,164,29,66,122,3,220,221,0,221,441
06/08/2020,IWA,AZ,AWP,CE,Federal Contract Tower,32,34,37,1,104,0,107,136,2,245,32,141,173,3,349,441,0,441,790
06/09/2020,IWA,AZ,AWP,CE,Federal Contract Tower,5,38,32,4,79,0,141,125,2,268,5,179,157,6,347,587,11,598,945
06/10/2020,IWA,AZ,AWP,CE,Federal Contract Tower,19,40,40,2,101,0,119,119,0,238,19,159,159,2,339,547,0,547,886
06/11/2020,IWA,AZ,AWP,CE,Federal Contract Tower,32,38,23,0,93,0,123,97,1,221,32,161,120,1,314,430,0,430,744
06/12/2020,IWA,AZ,AWP,CE,Federal Contract Tower,41,23,17,0,81,0,98,41,0,139,41,121,58,0,220,218,0,218,438
06/13/2020,IWA,AZ,AWP,CE,Federal Contract Tower,36,26,10,4,76,0,74,62,0,136,36,100,72,4,212,175,0,175,387
06/14/2020,IWA,AZ,AWP,CE,Federal Contract Tower,32,18,12,0,62,0,53,44,0,97,32,71,56,0,159,64,0,64,223
06/15/2020,IWA,AZ,AWP,CE,Federal Contract Tower,35,21,23,0,79,0,119,53,1,173,35,140,76,1,252,217,0,217,469
06/16/2020,IWA,AZ,AWP,CE,Federal Contract Tower,9,31,26,3,69,0,102,65,14,181,9,133,91,17,250,410,2,412,662
06/17/2020,IWA,AZ,AWP,CE,Federal Contract Tower,20,35,26,2,83,0,93,79,0,172,20,128,105,2,255,327,8,335,590
06/18/2020,IWA,AZ,AWP,CE,Federal Contract Tower,33,30,26,0,89,0,92,100,4,196,33,122,126,4,285,532,15,547,832
06/19/2020,IWA,AZ,AWP,CE,Federal Contract Tower,42,40,29,0,111,0,121,98,0,219,42,161,127,0,330,423,0,423,753
06/20/2020,IWA,AZ,AWP,CE,Federal Contract Tower,39,23,21,0,83,0,58,94,0,152,39,81,115,0,235,352,0,352,587
06/21/2020,IWA,AZ,AWP,CE,Federal Contract Tower,29,14,18,0,61,0,45,81,0,126,29,59,99,0,187,129,0,129,316
06/22/2020,IWA,AZ,AWP,CE,Federal Contract Tower,35,40,45,2,122,0,143,94,3,240,35,183,139,5,362,582,0,582,944
06/23/2020,IWA,AZ,AWP,CE,Federal Contract Tower,8,31,27,4,70,0,87,99,6,192,8,118,126,10,262,343,9,352,614
06/24/2020,IWA,AZ,AWP,CE,Federal Contract Tower,22,30,55,4,111,0,122,122,4,248,22,152,177,8,359,576,13,589,948
06/25/2020,IWA,AZ,AWP,CE,Federal Contract Tower,32,42,38,2,114,0,125,123,9,257,32,167,161,11,371,433,14,447,818
06/26/2020,IWA,AZ,AWP,CE,Federal Contract Tower,39,32,45,5,121,0,110,110,4,224,39,142,155,9,345,370,0,370,715
06/27/2020,IWA,AZ,AWP,CE,Federal Contract Tower,38,32,12,0,82,0,78,78,0,156,38,110,90,0,238,386,0,386,624
06/28/2020,IWA,AZ,AWP,CE,Federal Contract Tower,31,10,9,0,50,0,48,64,0,112,31,58,73,0,162,214,0,214,376
06/29/2020,IWA,AZ,AWP,CE,Federal Contract Tower,37,32,33,4,106,0,85,78,0,163,37,117,111,4,269,368,0,368,637
06/30/2020,IWA,AZ,AWP,CE,Federal Contract Tower,10,33,31,4,78,0,136,118,1,255,10,169,149,5,333,517,5,522,855
07/01/2020,IWA,AZ,AWP,CE,Federal Contract Tower,31,36,35,1,103,0,111,103,1,215,31,147,138,2,318,317,0,317,635
07/02/2020,IWA,AZ,AWP,CE,Federal Contract Tower,35,38,47,0,120,0,118,110,0,228,35,156,157,0,348,369,1,370,718
07/03/2020,IWA,AZ,AWP,CE,Federal Contract Tower,38,35,28,0,101,0,99,105,0,204,38,134,133,0,305,402,0,402,707
07/04/2020,IWA,AZ,AWP,CE,Federal Contract Tower,30,18,9,0,57,0,24,38,0,62,30,42,47,0,119,44,0,44,163
07/05/2020,IWA,AZ,AWP,CE,Federal Contract Tower,33,13,7,0,53,0,35,73,0,108,33,48,80,0,161,78,0,78,239
07/06/2020,IWA,AZ,AWP,CE,Federal Contract Tower,34,41,32,1,108,0,96,76,2,174,34,137,108,3,282,269,0,269,551
07/07/2020,IWA,AZ,AWP,CE,Federal Contract Tower,28,25,44,1,98,0,86,96,2,184,28,111,140,3,282,319,2,321,603
07/08/2020,IWA,AZ,AWP,CE,Federal Contract Tower,28,29,42,8,107,0,106,93,2,201,28,135,135,10,308,380,6,386,694
07/09/2020,IWA,AZ,AWP,CE,Federal Contract Tower,35,42,43,3,123,0,98,97,0,195,35,140,140,3,318,415,0,415,733
07/10/2020,IWA,AZ,AWP,CE,Federal Contract Tower,41,32,33,0,106,0,97,82,3,182,41,129,115,3,288,285,0,285,573
07/11/2020,IWA,AZ,AWP,CE,Federal Contract Tower,28,28,24,0,80,0,52,56,0,108,28,80,80,0,188,120,0,120,308
07/12/2020,IWA,AZ,AWP,CE,Federal Contract Tower,34,13,9,2,58,0,35,36,0,71,34,48,45,2,129,132,0,132,261
07/13/2020,IWA,AZ,AWP,CE,Federal Contract Tower,37,24,32,2,95,0,128,139,6,273,37,152,171,8,368,321,1,322,690
07/14/2020,IWA,AZ,AWP,CE,Federal Contract Tower,11,27,16,0,54,0,120,124,0,244,11,147,140,0,298,329,0,329,627
07/15/2020,IWA,AZ,AWP,CE,Federal Contract Tower,32,19,19,0,70,0,145,102,2,249,32,164,121,2,319,399,0,399,718
07/16/2020,IWA,AZ,AWP,CE,Federal Contract Tower,38,26,27,0,91,0,124,76,0,200,38,150,103,0,291,296,0,296,587
07/17/2020,IWA,AZ,AWP,CE,Federal Contract Tower,35,40,25,2,102,0,110,103,3,216,35,150,128,5,318,410,9,419,737
07/18/2020,IWA,AZ,AWP,CE,Federal Contract Tower,31,32,26,0,89,0,88,60,0,148,31,120,86,0,237,208,0,208,445
07/19/2020,IWA,AZ,AWP,CE,Federal Contract Tower,35,23,20,0,78,0,38,37,0,75,35,61,57,0,153,71,0,71,224
07/20/2020,IWA,AZ,AWP,CE,Federal Contract Tower,40,45,30,0,115,0,119,90,0,209,40,164,120,0,324,373,0,373,697
07/21/2020,IWA,AZ,AWP,CE,Federal Contract Tower,9,42,37,2,90,0,110,110,4,224,9,152,147,6,314,482,19,501,815
07/22/2020,IWA,AZ,AWP,CE,Federal Contract Tower,31,34,21,3,89,0,96,85,2,183,31,130,106,5,272,372,5,377,649
07/23/2020,IWA,AZ,AWP,CE,Federal Contract Tower,39,9,18,6,72,0,60,67,1,128,39,69,85,7,200,261,0,261,461
07/24/2020,IWA,AZ,AWP,CE,Federal Contract Tower,34,23,22,2,81,0,113,123,0,236,34,136,145,2,317,394,8,402,719
07/25/2020,IWA,AZ,AWP,CE,Federal Contract Tower,30,16,15,8,69,0,74,77,0,151,30,90,92,8,220,228,0,228,448
07/26/2020,IWA,AZ,AWP,CE,Federal Contract Tower,35,25,14,0,74,0,57,49,0,106,35,82,63,0,180,107,0,107,287
07/27/2020,IWA,AZ,AWP,CE,Federal Contract Tower,39,21,21,7,88,0,112,79,0,191,39,133,100,7,279,407,10,417,696
07/28/2020,IWA,AZ,AWP,CE,Federal Contract Tower,8,32,29,0,69,0,120,120,5,245,8,152,149,5,314,395,0,395,709
07/29/2020,IWA,AZ,AWP,CE,Federal Contract Tower,28,56,30,1,115,0,134,110,6,250,28,190,140,7,365,441,0,441,806
07/30/2020,IWA,AZ,AWP,CE,Federal Contract Tower,34,30,40,9,113,0,126,94,4,224,34,156,134,13,337,385,6,391,728
07/31/2020,IWA,AZ,AWP,CE,Federal Contract Tower,34,21,41,0,96,0,86,83,1,170,34,107,124,1,266,320,0,320,586
08/01/2020,IWA,AZ,AWP,CE,Federal Contract Tower,32,23,24,0,79,0,48,50,0,98,32,71,74,0,177,156,0,156,333
08/02/2020,IWA,AZ,AWP,CE,Federal Contract Tower,34,15,13,0,62,0,49,46,0,95,34,64,59,0,157,161,0,161,318
08/03/2020,IWA,AZ,AWP,CE,Federal Contract Tower,41,16,19,2,78,0,71,122,1,194,41,87,141,3,272,336,0,336,608
08/04/2020,IWA,AZ,AWP,CE,Federal Contract Tower,14,40,31,5,90,0,91,116,1,208,14,131,147,6,298,419,3,422,720
08/05/2020,IWA,AZ,AWP,CE,Federal Contract Tower,26,15,20,6,67,0,61,99,7,167,26,76,119,13,234,442,12,454,688
08/06/2020,IWA,AZ,AWP,CE,Federal Contract Tower,40,48,39,1,128,0,96,131,3,230,40,144,170,4,358,314,0,314,672
08/07/2020,IWA,AZ,AWP,CE,Federal Contract Tower,40,35,30,2,107,0,82,120,2,204,40,117,150,4,311,261,0,261,572
08/08/2020,IWA,AZ,AWP,CE,Federal Contract Tower,40,20,24,0,84,0,43,63,5,111,40,63,87,5,195,223,0,223,418
08/09/2020,IWA,AZ,AWP,CE,Federal Contract Tower,34,15,11,0,60,0,25,41,2,68,34,40,52,2,128,177,0,177,305
08/10/2020,IWA,AZ,AWP,CE,Federal Contract Tower,43,38,32,9,122,0,99,128,16,243,43,137,160,25,365,284,8,292,657
08/11/2020,IWA,AZ,AWP,CE,Federal Contract Tower,12,29,28,0,69,0,120,121,0,241,12,149,149,0,310,291,0,291,601
08/12/2020,IWA,AZ,AWP,CE,Federal Contract Tower,23,48,28,2,101,0,150,121,2,273,23,198,149,4,374,366,6,372,746
08/13/2020,IWA,AZ,AWP,CE,Federal Contract Tower,39,36,28,0,103,0,131,139,6,276,39,167,167,6,379,358,8,366,745
08/14/2020,IWA,AZ,AWP,CE,Federal Contract Tower,36,28,34,0,98,0,150,107,6,263,36,178,141,6,361,370,1,371,732
08/15/2020,IWA,AZ,AWP,CE,Federal Contract Tower,38,25,26,0,89,0,111,74,16,201,38,136,100,16,290,278,0,278,568
08/16/2020,IWA,AZ,AWP,CE,Federal Contract Tower,35,12,8,0,55,0,58,49,4,111,35,70,57,4,166,153,0,153,319
08/17/2020,IWA,AZ,AWP,CE,Federal Contract Tower,39,9,16,1,65,0,109,102,1,212,39,118,118,2,277,189,0,189,466
08/18/2020,IWA,AZ,AWP,CE,Federal Contract Tower,19,17,32,0,68,0,128,127,5,260,19,145,159,5,328,407,2,409,737
08/19/2020,IWA,AZ,AWP,CE,Federal Contract Tower,6,39,36,3,84,0,180,141,2,323,6,219,177,5,407,515,6,521,928
08/20/2020,IWA,AZ,AWP,CE,Federal Contract Tower,44,25,30,0,99,0,97,105,0,202,44,122,135,0,301,294,0,294,595
08/21/2020,IWA,AZ,AWP,CE,Federal Contract Tower,34,55,52,1,142,0,176,167,2,345,34,231,219,3,487,274,0,274,761
08/22/2020,IWA,AZ,AWP,CE,Federal Contract Tower,6,28,28,1,63,0,123,111,8,242,6,151,139,9,305,337,0,337,642
08/23/2020,IWA,AZ,AWP,CE,Federal Contract Tower,43,21,16,1,81,0,78,58,6,142,43,99,74,7,223,255,0,255,478
08/24/2020,IWA,AZ,AWP,CE,Federal Contract Tower,26,17,16,1,60,0,129,139,0,268,26,146,155,1,328,431,0,431,759
08/25/2020,IWA,AZ,AWP,CE,Federal Contract Tower,15,23,36,6,80,0,120,161,1,282,15,143,197,7,362,452,5,457,819
08/26/2020,IWA,AZ,AWP,CE,Federal Contract Tower,9,25,43,7,84,0,153,166,3,322,9,178,209,10,406,473,4,477,883
08/27/2020,IWA,AZ,AWP,CE,Federal Contract Tower,39,25,57,11,132,0,133,134,1,268,39,158,191,12,400,247,11,258,658
08/28/2020,IWA,AZ,AWP,CE,Federal Contract Tower,31,38,38,0,107,0,161,152,7,320,31,199,190,7,427,479,0,479,906
08/29/2020,IWA,AZ,AWP,CE,Federal Contract Tower,4,24,30,2,60,0,106,133,8,247,4,130,163,10,307,322,0,322,629
08/30/2020,IWA,AZ,AWP,CE,Federal Contract Tower,40,23,17,0,80,0,56,49,15,120,40,79,66,15,200,187,0,187,387
08/31/2020,IWA,AZ,AWP,CE,Federal Contract Tower,29,29,39,6,103,0,194,151,1,346,29,223,190,7,449,564,0,564,1013
09/01/2020,IWA,AZ,AWP,CE,Federal Contract Tower,8,52,38,3,101,0,231,145,1,377,8,283,183,4,478,660,12,672,1150
09/02/2020,IWA,AZ,AWP,CE,Federal Contract Tower,10,57,44,2,113,0,243,127,5,375,10,300,171,7,488,595,2,597,1085
09/03/2020,IWA,AZ,AWP,CE,Federal Contract Tower,38,51,40,3,132,0,223,130,0,353,38,274,170,3,485,583,2,585,1070
09/04/2020,IWA,AZ,AWP,CE,Federal Contract Tower,33,23,46,5,107,0,151,124,2,277,33,174,170,7,384,330,0,330,714
09/05/2020,IWA,AZ,AWP,CE,Federal Contract Tower,10,10,15,0,35,0,88,67,2,157,10,98,82,2,192,271,0,271,463
09/06/2020,IWA,AZ,AWP,CE,Federal Contract Tower,35,25,12,0,72,0,83,56,0,139,35,108,68,0,211,168,0,168,379
09/07/2020,IWA,AZ,AWP,CE,Federal Contract Tower,36,30,42,1,109,0,154,120,5,279,36,184,162,6,388,325,0,325,713
09/08/2020,IWA,AZ,AWP,CE,Federal Contract Tower,7,30,28,1,66,0,149,74,1,224,7,179,102,2,290,410,0,410,700
09/09/2020,IWA,AZ,AWP,CE,Federal Contract Tower,12,32,44,8,96,0,230,180,17,427,12,262,224,25,523,758,0,758,1281
09/10/2020,IWA,AZ,AWP,CE,Federal Contract Tower,33,35,32,2,102,0,211,124,0,335,33,246,156,2,437,675,8,683,1120
09/11/2020,IWA,AZ,AWP,CE,Federal Contract Tower,32,40,45,2,119,0,172,124,7,303,32,212,169,9,422,480,3,483,905
09/12/2020,IWA,AZ,AWP,CE,Federal Contract Tower,6,25,24,4,59,0,117,83,13,213,6,142,107,17,272,362,0,362,634
09/13/2020,IWA,AZ,AWP,CE,Federal Contract Tower,32,7,13,0,52,0,76,83,6,165,32,83,96,6,217,477,0,477,694
09/14/2020,IWA,AZ,AWP,CE,Federal Contract Tower,29,12,24,0,65,0,109,109,0,218,29,121,133,0,283,452,0,452,735
09/15/2020,IWA,AZ,AWP,CE,Federal Contract Tower,7,50,43,2,102,0,180,182,0,362,7,230,225,2,464,582,0,582,1046
09/16/2020,IWA,AZ,AWP,CE,Federal Contract Tower,7,34,47,0,88,0,184,170,0,354,7,218,217,0,442,641,0,641,1083
09/17/2020,IWA,AZ,AWP,CE,Federal Contract Tower,40,30,45,9,124,0,187,124,0,311,40,217,169,9,435,673,0,673,1108
09/18/2020,IWA,AZ,AWP,CE,Federal Contract Tower,32,18,32,0,82,0,151,114,0,265,32,169,146,0,347,515,0,515,862
09/19/2020,IWA,AZ,AWP,CE,Federal Contract Tower,7,9,20,0,36,0,90,55,0,145,7,99,75,0,181,286,0,286,467
09/20/2020,IWA,AZ,AWP,CE,Federal Contract Tower,37,14,28,0,79,0,54,56,0,110,37,68,84,0,189,224,0,224,413
09/21/2020,IWA,AZ,AWP,CE,Federal Contract Tower,27,40,57,2,126,0,189,158,3,350,27,229,215,5,476,559,18,577,1053
09/22/2020,IWA,AZ,AWP,CE,Federal Contract Tower,10,51,44,2,107,0,202,159,4,365,10,253,203,6,472,766,0,766,1238
09/23/2020,IWA,AZ,AWP,CE,Federal Contract Tower,8,37,51,10,106,0,145,111,1,257,8,182,162,11,363,689,0,689,1052
09/24/2020,IWA,AZ,AWP,CE,Federal Contract Tower,39,45,28,8,120,0,147,181,4,332,39,192,209,12,452,690,11,701,1153
09/25/2020,IWA,AZ,AWP,CE,Federal Contract Tower,33,31,50,2,116,0,156,160,4,320,33,187,210,6,436,652,0,652,1088
09/26/2020,IWA,AZ,AWP,CE,Federal Contract Tower,9,22,31,1,63,0,91,120,3,214,9,113,151,4,277,362,0,362,639
09/27/2020,IWA,AZ,AWP,CE,Federal Contract Tower,36,22,20,1,79,0,58,75,1,134,36,80,95,2,213,318,0,318,531
09/28/2020,IWA,AZ,AWP,CE,Federal Contract Tower,32,24,33,5,94,0,143,106,1,250,32,167,139,6,344,595,0,595,939
09/29/2020,IWA,AZ,AWP,CE,Federal Contract Tower,11,24,41,0,76,0,165,155,1,321,11,189,196,1,397,698,0,698,1095
09/30/2020,IWA,AZ,AWP,CE,Federal Contract Tower,15,30,52,7,104,0,147,126,4,277,15,177,178,11,381,662,5,667,1048
10/01/2020,IWA,AZ,AWP,CE,Federal Contract Tower,41,32,40,4,117,0,145,111,2,258,41,177,151,6,375,695,10,705,1080
10/02/2020,IWA,AZ,AWP,CE,Federal Contract Tower,34,35,58,2,129,0,149,193,5,347,34,184,251,7,476,606,0,606,1082
10/03/2020,IWA,AZ,AWP,CE,Federal Contract Tower,17,23,22,0,62,0,92,61,3,156,17,115,83,3,218,265,0,265,483
10/04/2020,IWA,AZ,AWP,CE,Federal Contract Tower,43,17,17,2,79,0,45,44,0,89,43,62,61,2,168,284,0,284,452
10/05/2020,IWA,AZ,AWP,CE,Federal Contract Tower,34,27,44,0,105,0,153,125,2,280,34,180,169,2,385,753,0,753,1138
10/06/2020,IWA,AZ,AWP,CE,Federal Contract Tower,22,29,46,9,106,0,169,111,1,281,22,198,157,10,387,812,0,812,1199
10/07/2020,IWA,AZ,AWP,CE,Federal Contract Tower,26,27,39,2,94,0,153,122,2,277,26,180,161,4,371,716,14,730,1101
10/08/2020,IWA,AZ,AWP,CE,Federal Contract Tower,43,31,34,0,108,0,164,96,6,266,43,195,130,6,374,637,6,643,1017
10/09/2020,IWA,AZ,AWP,CE,Federal Contract Tower,33,20,33,1,87,0,146,118,3,267,33,166,151,4,354,580,1,581,935
10/10/2020,IWA,AZ,AWP,CE,Federal Contract Tower,22,21,20,4,67,0,108,106,7,221,22,129,126,11,288,336,4,340,628
10/11/2020,IWA,AZ,AWP,CE,Federal Contract Tower,45,14,21,0,80,0,63,73,0,136,45,77,94,0,216,303,0,303,519
10/12/2020,IWA,AZ,AWP,CE,Federal Contract Tower,32,24,40,3,99,0,171,95,0,266,32,195,135,3,365,490,0,490,855
10/13/2020,IWA,AZ,AWP,CE,Federal Contract Tower,18,33,55,3,109,0,145,126,0,271,18,178,181,3,380,663,0,663,1043
10/14/2020,IWA,AZ,AWP,CE,Federal Contract Tower,25,37,19,4,85,0,158,106,5,269,25,195,125,9,354,668,6,674,1028
10/15/2020,IWA,AZ,AWP,CE,Federal Contract Tower,42,30,51,9,132,0,159,178,4,341,42,189,229,13,473,754,7,761,1234
10/16/2020,IWA,AZ,AWP,CE,Federal Contract Tower,33,26,36,2,97,0,135,178,0,313,33,161,214,2,410,311,0,311,721
10/17/2020,IWA,AZ,AWP,CE,Federal Contract Tower,21,19,23,2,65,0,95,111,4,210,21,114,134,6,275,323,8,331,606
10/18/2020,IWA,AZ,AWP,CE,Federal Contract Tower,41,18,26,2,87,0,75,74,0,149,41,93,100,2,236,328,0,328,564
10/19/2020,IWA,AZ,AWP,CE,Federal Contract Tower,29,22,28,5,84,0,74,125,0,199,29,96,153,5,283,453,0,453,736
10/20/2020,IWA,AZ,AWP,CE,Federal Contract Tower,19,29,44,4,96,0,203,156,2,361,19,232,200,6,457,852,13,865,1322
10/21/2020,IWA,AZ,AWP,CE,Federal Contract Tower,20,32,40,1,93,0,180,173,1,354,20,212,213,2,447,917,18,935,1382
10/22/2020,IWA,AZ,AWP,CE,Federal Contract Tower,43,30,44,3,120,0,176,158,7,341,43,206,202,10,461,561,44,605,1066
10/23/2020,IWA,AZ,AWP,CE,Federal Contract Tower,32,31,50,3,116,0,151,145,4,300,32,182,195,7,416,444,14,458,874
10/24/2020,IWA,AZ,AWP,CE,Federal Contract Tower,21,21,22,0,64,0,113,85,2,200,21,134,107,2,264,425,0,425,689
10/25/2020,IWA,AZ,AWP,CE,Federal Contract Tower,44,20,20,3,87,0,66,52,2,120,44,86,72,5,207,252,4,256,463
10/26/2020,IWA,AZ,AWP,CE,Federal Contract Tower,29,24,49,0,102,0,138,98,0,236,29,162,147,0,338,435,0,435,773
10/27/2020,IWA,AZ,AWP,CE,Federal Contract Tower,18,21,50,5,94,0,166,148,1,315,18,187,198,6,409,768,19,787,1196
10/28/2020,IWA,AZ,AWP,CE,Federal Contract Tower,15,19,42,5,81,0,164,144,0,308,15,183,186,5,389,589,0,589,978
10/29/2020,IWA,AZ,AWP,CE,Federal Contract Tower,48,22,45,2,117,0,157,138,3,298,48,179,183,5,415,793,3,796,1211
10/30/2020,IWA,AZ,AWP,CE,Federal Contract Tower,40,28,40,3,111,0,160,131,1,292,40,188,171,4,403,656,0,656,1059
10/31/2020,IWA,AZ,AWP,CE,Federal Contract Tower,21,22,25,2,70,0,69,94,6,169,21,91,119,8,239,415,19,434,673
11/01/2020,IWA,AZ,AWP,CE,Federal Contract Tower,44,6,13,0,63,0,43,76,3,122,44,49,89,3,185,194,0,194,379
11/02/2020,IWA,AZ,AWP,CE,Federal Contract Tower,32,8,33,2,75,0,137,124,0,261,32,145,157,2,336,571,0,571,907
11/03/2020,IWA,AZ,AWP,CE,Federal Contract Tower,14,30,31,1,76,0,217,141,2,360,14,247,172,3,436,549,0,549,985
11/04/2020,IWA,AZ,AWP,CE,Federal Contract Tower,20,33,59,2,114,0,178,144,1,323,20,211,203,3,437,737,0,737,1174
11/05/2020,IWA,AZ,AWP,CE,Federal Contract Tower,43,14,24,6,87,0,138,144,0,282,43,152,168,6,369,509,6,515,884
11/06/2020,IWA,AZ,AWP,CE,Federal Contract Tower,32,30,44,0,106,0,147,127,1,275,32,177,171,1,381,747,4,751,1132
11/07/2020,IWA,AZ,AWP,CE,Federal Contract Tower,18,6,9,2,35,0,16,28,0,44,18,22,37,2,79,105,0,105,184
11/08/2020,IWA,AZ,AWP,CE,Federal Contract Tower,42,18,28,3,91,0,45,87,1,133,42,63,115,4,224,357,0,357,581
11/09/2020,IWA,AZ,AWP,CE,Federal Contract Tower,28,37,58,3,126,0,142,124,0,266,28,179,182,3,392,625,7,632,1024
11/10/2020,IWA,AZ,AWP,CE,Federal Contract Tower,10,33,33,0,76,0,162,146,0,308,10,195,179,0,384,820,0,820,1204
11/11/2020,IWA,AZ,AWP,CE,Federal Contract Tower,20,33,46,0,99,0,171,152,2,325,20,204,198,2,424,656,0,656,1080
11/12/2020,IWA,AZ,AWP,CE,Federal Contract Tower,46,40,30,6,122,0,163,143,3,309,46,203,173,9,431,773,0,773,1204
11/13/2020,IWA,AZ,AWP,CE,Federal Contract Tower,32,32,42,5,111,0,148,153,2,303,32,180,195,7,414,962,1,963,1377
11/14/2020,IWA,AZ,AWP,CE,Federal Contract Tower,22,32,37,2,93,0,99,83,3,185,22,131,120,5,278,526,2,528,806
11/15/2020,IWA,AZ,AWP,CE,Federal Contract Tower,45,14,10,2,71,0,55,88,0,143,45,69,98,2,214,377,0,377,591
11/16/2020,IWA,AZ,AWP,CE,Federal Contract Tower,29,22,16,1,68,0,148,148,1,297,29,170,164,2,365,590,0,590,955
11/17/2020,IWA,AZ,AWP,CE,Federal Contract Tower,10,29,23,0,62,0,149,151,1,301,10,178,174,1,363,660,0,660,1023
11/18/2020,IWA,AZ,AWP,CE,Federal Contract Tower,15,42,30,1,88,0,141,165,2,308,15,183,195,3,396,612,0,612,1008
11/19/2020,IWA,AZ,AWP,CE,Federal Contract Tower,40,37,28,3,108,0,146,123,3,272,40,183,151,6,380,597,2,599,979
11/20/2020,IWA,AZ,AWP,CE,Federal Contract Tower,37,38,45,3,123,0,143,145,1,289,37,181,190,4,412,569,0,569,981
11/21/2020,IWA,AZ,AWP,CE,Federal Contract Tower,22,31,39,0,92,0,102,82,5,189,22,133,121,5,281,352,0,352,633
11/22/2020,IWA,AZ,AWP,CE,Federal Contract Tower,46,15,16,0,77,0,57,72,5,134,46,72,88,5,211,264,0,264,475
11/23/2020,IWA,AZ,AWP,CE,Federal Contract Tower,31,43,41,3,118,0,158,124,0,282,31,201,165,3,400,470,0,470,870
11/24/2020,IWA,AZ,AWP,CE,Federal Contract Tower,58,48,41,3,150,0,129,93,3,225,58,177,134,6,375,533,5,538,913
11/25/2020,IWA,AZ,AWP,CE,Federal Contract Tower,48,35,36,2,121,0,140,82,0,222,48,175,118,2,343,347,0,347,690
11/26/2020,IWA,AZ,AWP,CE,Federal Contract Tower,22,11,5,0,38,0,6,21,0,27,22,17,26,0,65,49,0,49,114
11/27/2020,IWA,AZ,AWP,CE,Federal Contract Tower,29,22,20,0,71,0,91,46,0,137,29,113,66,0,208,318,0,318,526
11/28/2020,IWA,AZ,AWP,CE,Federal Contract Tower,42,27,21,0,90,0,92,62,0,154,42,119,83,0,244,330,0,330,574
11/29/2020,IWA,AZ,AWP,CE,Federal Contract Tower,52,30,22,0,104,0,56,67,3,126,52,86,89,3,230,255,0,255,485
11/30/2020,IWA,AZ,AWP,CE,Federal Contract Tower,40,25,32,0,97,0,124,96,3,223,40,149,128,3,320,444,0,444,764
12/01/2020,IWA,AZ,AWP,CE,Federal Contract Tower,7,39,30,6,82,0,155,111,0,266,7,194,141,6,348,680,0,680,1028
12/02/2020,IWA,AZ,AWP,CE,Federal Contract Tower,12,29,44,5,90,0,122,120,3,245,12,151,164,8,335,473,14,487,822
12/03/2020,IWA,AZ,AWP,CE,Federal Contract Tower,42,33,40,2,117,0,130,95,0,225,42,163,135,2,342,501,0,501,843
12/04/2020,IWA,AZ,AWP,CE,Federal Contract Tower,42,45,62,1,150,0,128,142,0,270,42,173,204,1,420,565,0,565,985
12/05/2020,IWA,AZ,AWP,CE,Federal Contract Tower,16,49,32,1,98,0,94,74,0,168,16,143,106,1,266,253,0,253,519
12/06/2020,IWA,AZ,AWP,CE,Federal Contract Tower,50,18,24,0,92,0,61,87,4,152,50,79,111,4,244,359,0,359,603
12/07/2020,IWA,AZ,AWP,CE,Federal Contract Tower,28,19,26,0,73,0,92,100,0,192,28,111,126,0,265,394,0,394,659
12/08/2020,IWA,AZ,AWP,CE,Federal Contract Tower,6,19,32,1,58,0,104,119,3,226,6,123,151,4,284,348,12,360,644
12/09/2020,IWA,AZ,AWP,CE,Federal Contract Tower,15,37,39,2,93,0,106,124,7,237,15,143,163,9,330,480,14,494,824
12/10/2020,IWA,AZ,AWP,CE,Federal Contract Tower,42,46,33,2,123,0,7,8,6,21,42,53,41,8,144,45,0,45,189
12/11/2020,IWA,AZ,AWP,CE,Federal Contract Tower,30,36,45,4,115,0,128,116,4,248,30,164,161,8,363,523,0,523,886
12/12/2020,IWA,AZ,AWP,CE,Federal Contract Tower,15,30,19,0,64,0,71,68,0,139,15,101,87,0,203,290,0,290,493
12/13/2020,IWA,AZ,AWP,CE,Federal Contract Tower,40,14,21,0,75,0,55,54,0,109,40,69,75,0,184,150,0,150,334
12/14/2020,IWA,AZ,AWP,CE,Federal Contract Tower,26,32,44,4,106,0,121,109,0,230,26,153,153,4,336,339,0,339,675
12/15/2020,IWA,AZ,AWP,CE,Federal Contract Tower,10,52,30,0,92,0,118,116,0,234,10,170,146,0,326,256,0,256,582
12/16/2020,IWA,AZ,AWP,CE,Federal Contract Tower,7,44,52,0,103,0,116,92,4,212,7,160,144,4,315,483,8,491,806
12/17/2020,IWA,AZ,AWP,CE,Federal Contract Tower,24,34,34,5,97,0,92,92,4,188,24,126,126,9,285,420,15,435,720
12/18/2020,IWA,AZ,AWP,CE,Federal Contract Tower,40,45,29,3,117,0,140,91,6,237,40,185,120,9,354,296,12,308,662
12/19/2020,IWA,AZ,AWP,CE,Federal Contract Tower,44,21,17,0,82,0,97,60,9,166,44,118,77,9,248,258,6,264,512
12/20/2020,IWA,AZ,AWP,CE,Federal Contract Tower,40,13,7,0,60,0,42,26,4,72,40,55,33,4,132,260,0,260,392
12/21/2020,IWA,AZ,AWP,CE,Federal Contract Tower,48,15,20,0,83,0,90,56,3,149,48,105,76,3,232,330,0,330,562
12/22/2020,IWA,AZ,AWP,CE,Federal Contract Tower,39,31,23,4,97,0,80,55,3,138,39,111,78,7,235,314,28,342,577
12/23/2020,IWA,AZ,AWP,CE,Federal Contract Tower,47,20,21,0,88,0,50,40,0,90,47,70,61,0,178,107,0,107,285
12/24/2020,IWA,AZ,AWP,CE,Federal Contract Tower,49,19,8,0,76,0,40,32,0,72,49,59,40,0,148,82,0,82,230
12/25/2020,IWA,AZ,AWP,CE,Federal Contract Tower,9,9,1,0,19,0,6,18,0,24,9,15,19,0,43,10,0,10,53
12/26/2020,IWA,AZ,AWP,CE,Federal Contract Tower,42,17,18,0,77,0,68,36,0,104,42,85,54,0,181,131,0,131,312
12/27/2020,IWA,AZ,AWP,CE,Federal Contract Tower,42,19,12,0,73,0,60,22,1,83,42,79,34,1,156,77,0,77,233
12/28/2020,IWA,AZ,AWP,CE,Federal Contract Tower,49,24,18,4,95,0,84,33,1,118,49,108,51,5,213,91,0,91,304
12/29/2020,IWA,AZ,AWP,CE,Federal Contract Tower,37,28,26,0,91,0,121,46,5,172,37,149,72,5,263,382,0,382,645
12/30/2020,IWA,AZ,AWP,CE,Federal Contract Tower,44,28,40,2,114,0,88,46,7,141,44,116,86,9,255,129,0,129,384
12/31/2020,IWA,AZ,AWP,CE,Federal Contract Tower,51,22,17,0,90,0,92,33,0,125,51,114,50,0,215,371,0,371,586
01/01/2021,IWA,AZ,AWP,CE,Federal Contract Tower,6,13,11,0,30,0,10,25,0,35,6,23,36,0,65,123,0,123,188
01/02/2021,IWA,AZ,AWP,CE,Federal Contract Tower,45,24,27,0,96,0,86,45,0,131,45,110,72,0,227,197,0,197,424
01/03/2021,IWA,AZ,AWP,CE,Federal Contract Tower,44,20,15,0,79,0,55,39,0,94,44,75,54,0,173,118,0,118,291
01/04/2021,IWA,AZ,AWP,CE,Federal Contract Tower,39,42,34,4,119,0,126,56,0,182,39,168,90,4,301,267,0,267,568
01/05/2021,IWA,AZ,AWP,CE,Federal Contract Tower,6,38,38,2,84,0,112,89,2,203,6,150,127,4,287,379,0,379,666
01/06/2021,IWA,AZ,AWP,CE,Federal Contract Tower,18,35,41,4,98,0,100,81,6,187,18,135,122,10,285,409,20,429,714
01/07/2021,IWA,AZ,AWP,CE,Federal Contract Tower,39,34,41,2,116,0,93,98,0,191,39,127,139,2,307,469,4,473,780
01/08/2021,IWA,AZ,AWP,CE,Federal Contract Tower,38,28,40,2,108,0,82,91,0,173,38,110,131,2,281,349,0,349,630
01/09/2021,IWA,AZ,AWP,CE,Federal Contract Tower,26,31,29,2,88,0,51,37,2,90,26,82,66,4,178,118,0,118,296
01/10/2021,IWA,AZ,AWP,CE,Federal Contract Tower,43,19,19,0,81,0,32,48,3,83,43,51,67,3,164,209,0,209,373
01/11/2021,IWA,AZ,AWP,CE,Federal Contract Tower,34,22,40,29,125,0,61,116,9,186,34,83,156,38,311,390,3,393,704
01/12/2021,IWA,AZ,AWP,CE,Federal Contract Tower,6,28,36,2,72,0,71,144,1,216,6,99,180,3,288,458,9,467,755
01/13/2021,IWA,AZ,AWP,CE,Federal Contract Tower,18,22,46,5,91,0,91,155,6,252,18,113,201,11,343,473,9,482,825
01/14/2021,IWA,AZ,AWP,CE,Federal Contract Tower,35,21,56,2,114,0,70,126,0,196,35,91,182,2,310,565,0,565,875
01/15/2021,IWA,AZ,AWP,CE,Federal Contract Tower,36,19,43,2,100,0,72,150,2,224,36,91,193,4,324,487,5,492,816
01/16/2021,IWA,AZ,AWP,CE,Federal Contract Tower,24,31,30,0,85,0,64,80,3,147,24,95,110,3,232,327,0,327,559
01/17/2021,IWA,AZ,AWP,CE,Federal Contract Tower,44,20,22,0,86,0,48,51,3,102,44,68,73,3,188,136,0,136,324
01/18/2021,IWA,AZ,AWP,CE,Federal Contract Tower,30,25,27,0,82,0,91,131,0,222,30,116,158,0,304,438,0,438,742
01/19/2021,IWA,AZ,AWP,CE,Federal Contract Tower,6,16,22,5,49,0,43,78,0,121,6,59,100,5,170,524,18,542,712
01/20/2021,IWA,AZ,AWP,CE,Federal Contract Tower,18,14,21,2,55,0,60,100,0,160,18,74,121,2,215,436,7,443,658
01/21/2021,IWA,AZ,AWP,CE,Federal Contract Tower,41,15,34,0,90,0,72,97,0,169,41,87,131,0,259,566,0,566,825
01/22/2021,IWA,AZ,AWP,CE,Federal Contract Tower,26,13,36,4,79,0,80,134,4,218,26,93,170,8,297,439,0,439,736
01/23/2021,IWA,AZ,AWP,CE,Federal Contract Tower,21,8,24,3,56,0,37,55,10,102,21,45,79,13,158,239,0,239,397
01/24/2021,IWA,AZ,AWP,CE,Federal Contract Tower,39,10,16,6,71,0,5,17,1,23,39,15,33,7,94,19,0,19,113
01/25/2021,IWA,AZ,AWP,CE,Federal Contract Tower,32,7,7,0,46,0,16,16,0,32,32,23,23,0,78,27,0,27,105
01/26/2021,IWA,AZ,AWP,CE,Federal Contract Tower,5,38,19,5,67,0,76,66,0,142,5,114,85,5,209,439,0,439,648
01/27/2021,IWA,AZ,AWP,CE,Federal Contract Tower,17,20,29,3,69,0,153,162,0,315,17,173,191,3,384,645,0,645,1029
01/28/2021,IWA,AZ,AWP,CE,Federal Contract Tower,39,10,31,2,82,0,122,147,0,269,39,132,178,2,351,721,0,721,1072
01/29/2021,IWA,AZ,AWP,CE,Federal Contract Tower,35,19,22,5,81,0,63,73,1,137,35,82,95,6,218,333,0,333,551
01/30/2021,IWA,AZ,AWP,CE,Federal Contract Tower,23,15,28,0,66,0,117,85,11,213,23,132,113,11,279,342,2,344,623
01/31/2021,IWA,AZ,AWP,CE,Federal Contract Tower,39,22,24,0,85,0,69,87,6,162,39,91,111,6,247,189,0,189,436
02/01/2021,IWA,AZ,AWP,CE,Federal Contract Tower,28,26,43,5,102,0,153,104,2,259,28,179,147,7,361,549,17,566,927
02/02/2021,IWA,AZ,AWP,CE,Federal Contract Tower,6,30,46,6,88,0,179,147,3,329,6,209,193,9,417,735,8,743,1160
02/03/2021,IWA,AZ,AWP,CE,Federal Contract Tower,18,25,41,0,84,0,138,125,0,263,18,163,166,0,347,560,0,560,907
02/04/2021,IWA,AZ,AWP,CE,Federal Contract Tower,40,27,47,10,124,0,140,123,0,263,40,167,170,10,387,558,21,579,966
02/05/2021,IWA,AZ,AWP,CE,Federal Contract Tower,34,20,45,2,101,0,156,143,2,301,34,176,188,4,402,408,0,408,810
02/06/2021,IWA,AZ,AWP,CE,Federal Contract Tower,21,25,35,3,84,0,69,63,1,133,21,94,98,4,217,284,0,284,501
02/07/2021,IWA,AZ,AWP,CE,Federal Contract Tower,41,11,27,0,79,0,46,58,0,104,41,57,85,0,183,180,0,180,363
02/08/2021,IWA,AZ,AWP,CE,Federal Contract Tower,32,19,54,2,107,0,134,166,0,300,32,153,220,2,407,479,0,479,886
02/09/2021,IWA,AZ,AWP,CE,Federal Contract Tower,5,24,36,2,67,0,148,121,6,275,5,172,157,8,342,478,25,503,845
02/10/2021,IWA,AZ,AWP,CE,Federal Contract Tower,37,24,39,28,128,0,153,141,7,301,37,177,180,35,429,354,74,428,857
02/11/2021,IWA,AZ,AWP,CE,Federal Contract Tower,49,29,47,25,150,0,161,143,17,321,49,190,190,42,471,562,56,618,1089
02/12/2021,IWA,AZ,AWP,CE,Federal Contract Tower,53,13,39,18,123,0,124,127,12,263,53,137,166,30,386,421,24,445,831
02/13/2021,IWA,AZ,AWP,CE,Federal Contract Tower,40,12,15,2,69,0,56,73,13,142,40,68,88,15,211,169,1,170,381
02/14/2021,IWA,AZ,AWP,CE,Federal Contract Tower,53,18,18,7,96,0,58,74,8,140,53,76,92,15,236,170,20,190,426
02/15/2021,IWA,AZ,AWP,CE,Federal Contract Tower,42,21,38,5,106,0,139,156,8,303,42,160,194,13,409,464,45,509,918
02/16/2021,IWA,AZ,AWP,CE,Federal Contract Tower,30,22,46,6,104,0,102,154,4,260,30,124,200,10,364,450,17,467,831
02/17/2021,IWA,AZ,AWP,CE,Federal Contract Tower,35,31,51,8,125,0,115,140,5,260,35,146,191,13,385,412,9,421,806
02/18/2021,IWA,AZ,AWP,CE,Federal Contract Tower,48,35,46,7,136,0,132,146,4,282,48,167,192,11,418,540,29,569,987
02/19/2021,IWA,AZ,AWP,CE,Federal Contract Tower,59,35,54,14,162,0,106,144,8,258,59,141,198,22,420,477,34,511,931
02/20/2021,IWA,AZ,AWP,CE,Federal Contract Tower,37,12,36,6,91,0,73,64,11,148,37,85,100,17,239,254,36,290,529
02/21/2021,IWA,AZ,AWP,CE,Federal Contract Tower,54,22,35,5,116,0,38,85,4,127,54,60,120,9,243,235,72,307,550
02/22/2021,IWA,AZ,AWP,CE,Federal Contract Tower,56,18,59,5,138,0,124,143,4,271,56,142,202,9,409,500,1,501,910
02/23/2021,IWA,AZ,AWP,CE,Federal Contract Tower,31,37,45,8,121,0,164,145,0,309,31,201,190,8,430,667,25,692,1122
02/24/2021,IWA,AZ,AWP,CE,Federal Contract Tower,36,36,50,1,123,0,139,179,4,322,36,175,229,5,445,525,14,539,984
02/25/2021,IWA,AZ,AWP,CE,Federal Contract Tower,52,23,36,9,120,0,132,138,1,271,52,155,174,10,391,530,0,530,921
02/26/2021,IWA,AZ,AWP,CE,Federal Contract Tower,57,32,51,14,154,0,115,143,11,269,57,147,194,25,423,464,1,465,888
02/27/2021,IWA,AZ,AWP,CE,Federal Contract Tower,49,21,29,15,114,0,65,98,7,170,49,86,127,22,284,387,0,387,671
02/28/2021,IWA,AZ,AWP,CE,Federal Contract Tower,60,20,27,11,118,5,28,54,6,93,65,48,81,17,211,88,15,103,314
03/01/2021,IWA,AZ,AWP,CE,Federal Contract Tower,50,27,32,9,118,0,145,150,3,298,50,172,182,12,416,422,0,422,838
03/02/2021,IWA,AZ,AWP,CE,Federal Contract Tower,28,8,40,3,79,0,128,114,18,260,28,136,154,21,339,385,2,387,726
03/03/2021,IWA,AZ,AWP,CE,Federal Contract Tower,58,13,33,0,104,0,73,108,4,185,58,86,141,4,289,278,0,278,567
03/04/2021,IWA,AZ,AWP,CE,Federal Contract Tower,60,30,54,2,146,2,146,198,3,349,62,176,252,5,495,458,5,463,958
03/05/2021,IWA,AZ,AWP,CE,Federal Contract Tower,57,42,60,15,174,0,150,155,10,315,57,192,215,25,489,485,17,502,991
03/06/2021,IWA,AZ,AWP,CE,Federal Contract Tower,64,11,14,4,93,0,49,46,7,102,64,60,60,11,195,187,3,190,385
03/07/2021,IWA,AZ,AWP,CE,Federal Contract Tower,54,11,15,18,98,0,50,60,1,111,54,61,75,19,209,354,1,355,564
03/08/2021,IWA,AZ,AWP,CE,Federal Contract Tower,53,32,47,5,137,0,113,121,0,234,53,145,168,5,371,383,0,383,754
03/09/2021,IWA,AZ,AWP,CE,Federal Contract Tower,41,23,44,0,108,0,81,86,0,167,41,104,130,0,275,337,0,337,612
03/10/2021,IWA,AZ,AWP,CE,Federal Contract Tower,60,41,48,0,149,0,159,148,0,307,60,200,196,0,456,410,0,410,866
03/11/2021,IWA,AZ,AWP,CE,Federal Contract Tower,51,25,37,15,128,0,155,173,4,332,51,180,210,19,460,558,11,569,1029
03/12/2021,IWA,AZ,AWP,CE,Federal Contract Tower,58,12,26,5,101,0,53,58,3,114,58,65,84,8,215,325,8,333,548
03/13/2021,IWA,AZ,AWP,CE,Federal Contract Tower,76,17,17,2,112,0,49,34,2,85,76,66,51,4,197,166,0,166,363
03/14/2021,IWA,AZ,AWP,CE,Federal Contract Tower,54,22,37,9,122,0,47,69,0,116,54,69,106,9,238,217,0,217,455
03/15/2021,IWA,AZ,AWP,CE,Federal Contract Tower,47,25,34,11,117,0,104,145,2,251,47,129,179,13,368,522,4,526,894
03/16/2021,IWA,AZ,AWP,CE,Federal Contract Tower,50,31,55,3,139,0,104,145,0,249,50,135,200,3,388,634,0,634,1022
03/17/2021,IWA,AZ,AWP,CE,Federal Contract Tower,59,33,56,5,153,0,112,147,1,260,59,145,203,6,413,508,0,508,921
03/18/2021,IWA,AZ,AWP,CE,Federal Contract Tower,51,35,53,9,148,0,118,152,1,271,51,153,205,10,419,650,14,664,1083
03/19/2021,IWA,AZ,AWP,CE,Federal Contract Tower,57,37,48,8,150,0,126,164,2,292,57,163,212,10,442,568,19,587,1029
03/20/2021,IWA,AZ,AWP,CE,Federal Contract Tower,80,23,24,1,128,0,73,63,0,136,80,96,87,1,264,308,0,308,572
03/21/2021,IWA,AZ,AWP,CE,Federal Contract Tower,57,27,19,5,108,0,53,56,0,109,57,80,75,5,217,292,0,292,509
03/22/2021,IWA,AZ,AWP,CE,Federal Contract Tower,52,43,50,2,147,0,123,122,3,248,52,166,172,5,395,374,8,382,777
03/23/2021,IWA,AZ,AWP,CE,Federal Contract Tower,42,22,51,12,127,0,88,132,3,223,42,110,183,15,350,452,22,474,824
03/24/2021,IWA,AZ,AWP,CE,Federal Contract Tower,52,31,38,5,126,0,125,156,5,286,52,156,194,10,412,663,0,663,1075
03/25/2021,IWA,AZ,AWP,CE,Federal Contract Tower,54,16,20,4,94,0,51,85,1,137,54,67,105,5,231,250,26,276,507
03/26/2021,IWA,AZ,AWP,CE,Federal Contract Tower,54,28,42,3,127,0,67,102,0,169,54,95,144,3,296,430,19,449,745
03/27/2021,IWA,AZ,AWP,CE,Federal Contract Tower,62,29,40,4,135,0,74,87,0,161,62,103,127,4,296,397,0,397,693
03/28/2021,IWA,AZ,AWP,CE,Federal Contract Tower,54,16,44,5,119,0,61,88,1,150,54,77,132,6,269,297,5,302,571
03/29/2021,IWA,AZ,AWP,CE,Federal Contract Tower,44,40,62,6,152,0,104,134,2,240,44,144,196,8,392,598,8,606,998
03/30/2021,IWA,AZ,AWP,CE,Federal Contract Tower,30,41,54,6,131,0,122,172,3,297,30,163,226,9,428,773,14,787,1215
03/31/2021,IWA,AZ,AWP,CE,Federal Contract Tower,41,38,59,4,142,0,110,165,7,282,41,148,224,11,424,663,0,663,1087
04/01/2021,IWA,AZ,AWP,CE,Federal Contract Tower,56,13,23,4,96,0,43,81,2,126,56,56,104,6,222,322,14,336,558
04/02/2021,IWA,AZ,AWP,CE,Federal Contract Tower,59,34,50,6,149,0,91,142,0,233,59,125,192,6,382,549,2,551,933
04/03/2021,IWA,AZ,AWP,CE,Federal Contract Tower,50,17,18,3,88,0,43,100,0,143,50,60,118,3,231,269,28,297,528
04/04/2021,IWA,AZ,AWP,CE,Federal Contract Tower,52,8,20,1,81,0,21,44,0,65,52,29,64,1,146,47,0,47,193
04/05/2021,IWA,AZ,AWP,CE,Federal Contract Tower,51,30,49,7,137,0,86,123,0,209,51,116,172,7,346,354,0,354,700
04/06/2021,IWA,AZ,AWP,CE,Federal Contract Tower,25,25,65,1,116,0,92,147,1,240,25,117,212,2,356,480,0,480,836
04/07/2021,IWA,AZ,AWP,CE,Federal Contract Tower,45,31,46,0,122,0,122,183,2,307,45,153,229,2,429,690,0,690,1119
04/08/2021,IWA,AZ,AWP,CE,Federal Contract Tower,50,45,51,2,148,0,107,150,0,257,50,152,201,2,405,493,6,499,904
04/09/2021,IWA,AZ,AWP,CE,Federal Contract Tower,52,33,49,10,144,0,101,121,0,222,52,134,170,10,366,369,12,381,747
04/10/2021,IWA,AZ,AWP,CE,Federal Contract Tower,42,20,30,2,94,0,70,86,11,167,42,90,116,13,261,283,2,285,546
04/11/2021,IWA,AZ,AWP,CE,Federal Contract Tower,52,15,27,4,98,0,42,52,7,101,52,57,79,11,199,170,0,170,369
04/12/2021,IWA,AZ,AWP,CE,Federal Contract Tower,52,31,54,18,155,0,105,142,24,271,52,136,196,42,426,636,4,640,1066
04/13/2021,IWA,AZ,AWP,CE,Federal Contract Tower,16,27,45,26,114,0,125,124,19,268,16,152,169,45,382,430,66,496,878
04/14/2021,IWA,AZ,AWP,CE,Federal Contract Tower,18,29,42,44,133,0,79,142,27,248,18,108,184,71,381,410,24,434,815
04/15/2021,IWA,AZ,AWP,CE,Federal Contract Tower,44,30,40,29,143,0,103,131,8,242,44,133,171,37,385,582,33,615,1000
04/16/2021,IWA,AZ,AWP,CE,Federal Contract Tower,42,48,42,20,152,0,110,142,8,260,42,158,184,28,412,587,12,599,1011
04/17/2021,IWA,AZ,AWP,CE,Federal Contract Tower,26,30,31,15,102,0,69,85,8,162,26,99,116,23,264,386,4,390,654
04/18/2021,IWA,AZ,AWP,CE,Federal Contract Tower,40,5,14,5,64,0,26,34,5,65,40,31,48,10,129,80,0,80,209
04/19/2021,IWA,AZ,AWP,CE,Federal Contract Tower,41,27,50,12,130,0,117,153,1,271,41,144,203,13,401,434,0,434,835
04/20/2021,IWA,AZ,AWP,CE,Federal Contract Tower,11,37,39,15,102,0,108,119,4,231,11,145,158,19,333,564,22,586,919
04/21/2021,IWA,AZ,AWP,CE,Federal Contract Tower,20,10,22,10,62,0,46,81,2,129,20,56,103,12,191,185,9,194,385
04/22/2021,IWA,AZ,AWP,CE,Federal Contract Tower,39,29,47,17,132,0,108,140,11,259,39,137,187,28,391,574,19,593,984
04/23/2021,IWA,AZ,AWP,CE,Federal Contract Tower,43,35,45,21,144,0,90,127,3,220,43,125,172,24,364,423,7,430,794
04/24/2021,IWA,AZ,AWP,CE,Federal Contract Tower,20,25,34,8,87,0,74,93,7,174,20,99,127,15,261,298,1,299,560
04/25/2021,IWA,AZ,AWP,CE,Federal Contract Tower,44,12,31,2,89,0,45,90,0,135,44,57,121,2,224,201,0,201,425
04/26/2021,IWA,AZ,AWP,CE,Federal Contract Tower,39,26,54,7,126,0,120,97,8,225,39,146,151,15,351,385,0,385,736
04/27/2021,IWA,AZ,AWP,CE,Federal Contract Tower,14,32,32,3,81,0,125,103,2,230,14,157,135,5,311,676,0,676,987
04/28/2021,IWA,AZ,AWP,CE,Federal Contract Tower,17,17,25,14,73,0,97,94,10,201,17,114,119,24,274,467,14,481,755
04/29/2021,IWA,AZ,AWP,CE,Federal Contract Tower,41,18,52,10,121,0,94,98,2,194,41,112,150,12,315,486,0,486,801
04/30/2021,IWA,AZ,AWP,CE,Federal Contract Tower,45,15,36,5,101,0,102,90,0,192,45,117,126,5,293,350,0,350,643
05/01/2021,IWA,AZ,AWP,CE,Federal Contract Tower,18,24,20,2,64,0,114,53,7,174,18,138,73,9,238,279,14,293,531
05/02/2021,IWA,AZ,AWP,CE,Federal Contract Tower,40,16,21,2,79,0,40,72,0,112,40,56,93,2,191,121,0,121,312
05/03/2021,IWA,AZ,AWP,CE,Federal Contract Tower,46,47,29,0,122,0,133,96,0,229,46,180,125,0,351,534,0,534,885
05/04/2021,IWA,AZ,AWP,CE,Federal Contract Tower,12,48,47,4,111,0,145,123,1,269,12,193,170,5,380,433,0,433,813
05/05/2021,IWA,AZ,AWP,CE,Federal Contract Tower,17,32,44,6,99,0,112,128,4,244,17,144,172,10,343,407,20,427,770
05/06/2021,IWA,AZ,AWP,CE,Federal Contract Tower,42,35,33,2,112,0,118,118,3,239,42,153,151,5,351,535,7,542,893
05/07/2021,IWA,AZ,AWP,CE,Federal Contract Tower,57,44,48,6,155,0,140,102,1,243,57,184,150,7,398,371,6,377,775
05/08/2021,IWA,AZ,AWP,CE,Federal Contract Tower,19,35,23,0,77,0,106,91,1,198,19,141,114,1,275,339,0,339,614
05/09/2021,IWA,AZ,AWP,CE,Federal Contract Tower,39,28,19,1,87,0,51,79,0,130,39,79,98,1,217,148,0,148,365
05/10/2021,IWA,AZ,AWP,CE,Federal Contract Tower,43,40,43,16,142,0,135,103,1,239,43,175,146,17,381,436,33,469,850
05/11/2021,IWA,AZ,AWP,CE,Federal Contract Tower,15,32,34,4,85,0,134,113,2,249,15,166,147,6,334,386,156,542,876
05/12/2021,IWA,AZ,AWP,CE,Federal Contract Tower,19,39,48,6,112,0,106,96,1,203,19,145,144,7,315,509,0,509,824
05/13/2021,IWA,AZ,AWP,CE,Federal Contract Tower,41,25,30,4,100,0,87,76,0,163,41,112,106,4,263,506,0,506,769
05/14/2021,IWA,AZ,AWP,CE,Federal Contract Tower,48,32,28,24,132,0,118,115,2,235,48,150,143,26,367,533,8,541,908
05/15/2021,IWA,AZ,AWP,CE,Federal Contract Tower,19,21,16,1,57,0,53,45,2,100,19,74,61,3,157,131,0,131,288
05/16/2021,IWA,AZ,AWP,CE,Federal Contract Tower,43,11,12,4,70,0,47,45,0,92,43,58,57,4,162,238,0,238,400
05/17/2021,IWA,AZ,AWP,CE,Federal Contract Tower,44,16,35,10,105,0,70,131,4,205,44,86,166,14,310,382,0,382,692
05/18/2021,IWA,AZ,AWP,CE,Federal Contract Tower,13,31,48,22,114,0,88,127,8,223,13,119,175,30,337,465,10,475,812
05/19/2021,IWA,AZ,AWP,CE,Federal Contract Tower,18,36,49,13,116,0,145,118,2,265,18,181,167,15,381,425,23,448,829
05/20/2021,IWA,AZ,AWP,CE,Federal Contract Tower,39,21,31,16,107,0,110,103,2,215,39,131,134,18,322,424,9,433,755
05/21/2021,IWA,AZ,AWP,CE,Federal Contract Tower,41,28,32,12,113,1,84,65,5,155,42,112,97,17,268,287,0,287,555
05/22/2021,IWA,AZ,AWP,CE,Federal Contract Tower,17,16,23,3,59,0,78,75,5,158,17,94,98,8,217,276,1,277,494
05/23/2021,IWA,AZ,AWP,CE,Federal Contract Tower,47,17,34,3,101,0,58,93,2,153,47,75,127,5,254,280,6,286,540
05/24/2021,IWA,AZ,AWP,CE,Federal Contract Tower,41,38,34,6,119,0,109,113,0,222,41,147,147,6,341,457,8,465,806
05/25/2021,IWA,AZ,AWP,CE,Federal Contract Tower,11,33,31,4,79,0,141,143,6,290,11,174,174,10,369,628,0,628,997
05/26/2021,IWA,AZ,AWP,CE,Federal Contract Tower,31,29,42,0,102,0,117,126,4,247,31,146,168,4,349,432,0,432,781
05/27/2021,IWA,AZ,AWP,CE,Federal Contract Tower,33,30,55,3,121,0,109,91,3,203,33,139,146,6,324,536,21,557,881
05/28/2021,IWA,AZ,AWP,CE,Federal Contract Tower,45,20,38,2,105,0,67,118,0,185,45,87,156,2,290,301,0,301,591
05/29/2021,IWA,AZ,AWP,CE,Federal Contract Tower,38,15,10,1,64,0,56,48,0,104,38,71,58,1,168,142,0,142,310
05/30/2021,IWA,AZ,AWP,CE,Federal Contract Tower,42,11,11,2,66,0,21,46,0,67,42,32,57,2,133,143,0,143,276
05/31/2021,IWA,AZ,AWP,CE,Federal Contract Tower,41,24,22,0,87,0,75,52,0,127,41,99,74,0,214,227,0,227,441
06/01/2021,IWA,AZ,AWP,CE,Federal Contract Tower,18,32,27,11,88,2,88,76,2,168,20,120,103,13,256,415,28,443,699
06/02/2021,IWA,AZ,AWP,CE,Federal Contract Tower,38,37,34,2,111,2,111,127,4,244,40,148,161,6,355,365,10,375,730
06/03/2021,IWA,AZ,AWP,CE,Federal Contract Tower,38,23,27,3,91,6,96,102,8,212,44,119,129,11,303,517,4,521,824
06/04/2021,IWA,AZ,AWP,CE,Federal Contract Tower,48,35,35,3,121,0,124,145,1,270,48,159,180,4,391,486,0,486,877
06/05/2021,IWA,AZ,AWP,CE,Federal Contract Tower,40,21,28,1,90,7,76,123,1,207,47,97,151,2,297,231,0,231,528
06/06/2021,IWA,AZ,AWP,CE,Federal Contract Tower,43,8,13,2,66,7,37,100,2,146,50,45,113,4,212,143,14,157,369
06/07/2021,IWA,AZ,AWP,CE,Federal Contract Tower,42,16,19,0,77,0,76,145,0,221,42,92,164,0,298,416,0,416,714
06/08/2021,IWA,AZ,AWP,CE,Federal Contract Tower,28,20,29,5,82,17,108,149,1,275,45,128,178,6,357,512,14,526,883
06/09/2021,IWA,AZ,AWP,CE,Federal Contract Tower,37,24,30,2,93,34,123,131,1,289,71,147,161,3,382,437,6,443,825
06/10/2021,IWA,AZ,AWP,CE,Federal Contract Tower,37,28,28,5,98,13,117,167,1,298,50,145,195,6,396,387,0,387,783
06/11/2021,IWA,AZ,AWP,CE,Federal Contract Tower,41,26,35,2,104,3,96,144,0,243,44,122,179,2,347,432,0,432,779
06/12/2021,IWA,AZ,AWP,CE,Federal Contract Tower,44,19,16,2,81,0,86,90,0,176,44,105,106,2,257,221,0,221,478
06/13/2021,IWA,AZ,AWP,CE,Federal Contract Tower,39,5,15,3,62,0,28,61,0,89,39,33,76,3,151,123,0,123,274
06/14/2021,IWA,AZ,AWP,CE,Federal Contract Tower,40,19,29,4,92,0,98,132,5,235,40,117,161,9,327,240,0,240,567
06/15/2021,IWA,AZ,AWP,CE,Federal Contract Tower,29,10,26,3,68,0,109,106,5,220,29,119,132,8,288,303,10,313,601
06/16/2021,IWA,AZ,AWP,CE,Federal Contract Tower,38,21,31,1,91,30,92,143,3,268,68,113,174,4,359,349,0,349,708
06/17/2021,IWA,AZ,AWP,CE,Federal Contract Tower,37,19,22,2,80,3,73,103,3,182,40,92,125,5,262,481,6,487,749
06/18/2021,IWA,AZ,AWP,CE,Federal Contract Tower,41,18,25,0,84,10,68,106,3,187,51,86,131,3,271,345,0,345,616
06/19/2021,IWA,AZ,AWP,CE,Federal Contract Tower,45,21,16,0,82,13,69,62,0,144,58,90,78,0,226,205,0,205,431
06/20/2021,IWA,AZ,AWP,CE,Federal Contract Tower,40,10,16,0,66,14,43,50,0,107,54,53,66,0,173,119,0,119,292
06/21/2021,IWA,AZ,AWP,CE,Federal Contract Tower,39,24,37,2,102,15,100,106,1,222,54,124,143,3,324,302,2,304,628
06/22/2021,IWA,AZ,AWP,CE,Federal Contract Tower,24,31,23,4,82,3,72,107,1,183,27,103,130,5,265,461,2,463,728
06/23/2021,IWA,AZ,AWP,CE,Federal Contract Tower,41,30,24,0,95,1,90,77,2,170,42,120,101,2,265,437,0,437,702
06/24/2021,IWA,AZ,AWP,CE,Federal Contract Tower,34,29,32,3,98,1,106,145,2,254,35,135,177,5,352,563,8,571,923
06/25/2021,IWA,AZ,AWP,CE,Federal Contract Tower,47,32,28,3,110,12,82,100,0,194,59,114,128,3,304,454,0,454,758
06/26/2021,IWA,AZ,AWP,CE,Federal Contract Tower,45,16,20,2,83,2,49,54,0,105,47,65,74,2,188,305,0,305,493
06/27/2021,IWA,AZ,AWP,CE,Federal Contract Tower,39,11,18,2,70,2,29,60,0,91,41,40,78,2,161,148,0,148,309
06/28/2021,IWA,AZ,AWP,CE,Federal Contract Tower,39,16,11,2,68,0,90,53,4,147,39,106,64,6,215,127,5,132,347
06/29/2021,IWA,AZ,AWP,CE,Federal Contract Tower,32,17,27,2,78,0,71,113,1,185,32,88,140,3,263,495,0,495,758
06/30/2021,IWA,AZ,AWP,CE,Federal Contract Tower,42,24,35,2,103,7,98,105,2,212,49,122,140,4,315,447,2,449,764
07/01/2021,IWA,AZ,AWP,CE,Federal Contract Tower,36,27,27,7,97,10,88,111,1,210,46,115,138,8,307,425,0,425,732
07/02/2021,IWA,AZ,AWP,CE,Federal Contract Tower,43,21,25,2,91,0,50,72,0,122,43,71,97,2,213,278,0,278,491
07/03/2021,IWA,AZ,AWP,CE,Federal Contract Tower,47,7,20,1,75,3,27,60,0,90,50,34,80,1,165,114,0,114,279
07/04/2021,IWA,AZ,AWP,CE,Federal Contract Tower,37,4,3,0,44,0,20,39,0,59,37,24,42,0,103,99,0,99,202
07/05/2021,IWA,AZ,AWP,CE,Federal Contract Tower,38,11,27,0,76,0,50,83,0,133,38,61,110,0,209,305,0,305,514
07/06/2021,IWA,AZ,AWP,CE,Federal Contract Tower,30,12,20,1,63,4,54,108,0,166,34,66,128,1,229,497,0,497,726
07/07/2021,IWA,AZ,AWP,CE,Federal Contract Tower,42,17,41,6,106,1,108,105,0,214,43,125,146,6,320,380,4,384,704
07/08/2021,IWA,AZ,AWP,CE,Federal Contract Tower,36,29,42,15,122,1,70,98,33,202,37,99,140,48,324,492,0,492,816
07/09/2021,IWA,AZ,AWP,CE,Federal Contract Tower,45,29,33,7,114,0,78,100,8,186,45,107,133,15,300,463,19,482,782
07/10/2021,IWA,AZ,AWP,CE,Federal Contract Tower,44,10,19,0,73,0,15,73,2,90,44,25,92,2,163,290,0,290,453
07/11/2021,IWA,AZ,AWP,CE,Federal Contract Tower,39,9,17,3,68,0,21,54,0,75,39,30,71,3,143,172,0,172,315
07/12/2021,IWA,AZ,AWP,CE,Federal Contract Tower,39,20,31,4,94,0,28,85,2,115,39,48,116,6,209,333,4,337,546
07/13/2021,IWA,AZ,AWP,CE,Federal Contract Tower,32,14,35,7,88,0,57,79,0,136,32,71,114,7,224,280,0,280,504
07/14/2021,IWA,AZ,AWP,CE,Federal Contract Tower,39,21,19,3,82,0,44,42,2,88,39,65,61,5,170,413,5,418,588
07/15/2021,IWA,AZ,AWP,CE,Federal Contract Tower,34,21,23,0,78,0,76,96,3,175,34,97,119,3,253,457,6,463,716
07/16/2021,IWA,AZ,AWP,CE,Federal Contract Tower,42,20,28,1,91,0,52,54,1,107,42,72,82,2,198,242,0,242,440
07/17/2021,IWA,AZ,AWP,CE,Federal Contract Tower,40,15,22,1,78,0,79,82,0,161,40,94,104,1,239,305,0,305,544
07/18/2021,IWA,AZ,AWP,CE,Federal Contract Tower,35,8,22,2,67,0,13,43,0,56,35,21,65,2,123,188,0,188,311
07/19/2021,IWA,AZ,AWP,CE,Federal Contract Tower,35,26,27,2,90,0,82,101,0,183,35,108,128,2,273,514,0,514,787
07/20/2021,IWA,AZ,AWP,CE,Federal Contract Tower,30,22,29,9,90,0,86,106,2,194,30,108,135,11,284,494,7,501,785
07/21/2021,IWA,AZ,AWP,CE,Federal Contract Tower,41,18,27,5,91,0,72,133,0,205,41,90,160,5,296,463,9,472,768
07/22/2021,IWA,AZ,AWP,CE,Federal Contract Tower,35,26,35,5,101,0,97,81,0,178,35,123,116,5,279,353,74,427,706
07/23/2021,IWA,AZ,AWP,CE,Federal Contract Tower,34,10,27,0,71,0,14,13,2,29,34,24,40,2,100,98,0,98,198
07/24/2021,IWA,AZ,AWP,CE,Federal Contract Tower,39,25,17,2,83,0,14,15,0,29,39,39,32,2,112,88,0,88,200
07/25/2021,IWA,AZ,AWP,CE,Federal Contract Tower,38,14,24,2,78,0,7,14,2,23,38,21,38,4,101,55,0,55,156
07/26/2021,IWA,AZ,AWP,CE,Federal Contract Tower,38,26,45,2,111,0,124,116,0,240,38,150,161,2,351,381,0,381,732
07/27/2021,IWA,AZ,AWP,CE,Federal Contract Tower,25,25,44,5,99,0,100,90,5,195,25,125,134,10,294,419,16,435,729
07/28/2021,IWA,AZ,AWP,CE,Federal Contract Tower,39,26,28,9,102,0,131,144,15,290,39,157,172,24,392,540,38,578,970
07/29/2021,IWA,AZ,AWP,CE,Federal Contract Tower,37,17,35,4,93,0,83,79,0,162,37,100,114,4,255,525,0,525,780
07/30/2021,IWA,AZ,AWP,CE,Federal Contract Tower,47,16,25,6,94,0,69,83,2,154,47,85,108,8,248,406,10,416,664
07/31/2021,IWA,AZ,AWP,CE,Federal Contract Tower,44,19,18,0,81,0,74,59,0,133,44,93,77,0,214,301,0,301,515
08/01/2021,IWA,AZ,AWP,CE,Federal Contract Tower,39,16,20,1,76,0,29,24,0,53,39,45,44,1,129,156,0,156,285
08/02/2021,IWA,AZ,AWP,CE,Federal Contract Tower,41,23,27,0,91,0,82,83,0,165,41,105,110,0,256,427,0,427,683
08/03/2021,IWA,AZ,AWP,CE,Federal Contract Tower,20,15,22,0,57,0,86,90,7,183,20,101,112,7,240,406,6,412,652
08/04/2021,IWA,AZ,AWP,CE,Federal Contract Tower,32,17,26,7,82,0,65,93,2,160,32,82,119,9,242,356,4,360,602
08/05/2021,IWA,AZ,AWP,CE,Federal Contract Tower,36,15,40,4,95,0,88,77,7,172,36,103,117,11,267,398,6,404,671
08/06/2021,IWA,AZ,AWP,CE,Federal Contract Tower,46,19,24,0,89,0,110,84,0,194,46,129,108,0,283,375,0,375,658
08/07/2021,IWA,AZ,AWP,CE,Federal Contract Tower,37,21,19,9,86,0,76,53,3,132,37,97,72,12,218,216,3,219,437
08/08/2021,IWA,AZ,AWP,CE,Federal Contract Tower,40,17,18,2,77,0,61,36,0,97,40,78,54,2,174,137,0,137,311
08/09/2021,IWA,AZ,AWP,CE,Federal Contract Tower,38,18,21,0,77,0,42,71,0,113,38,60,92,0,190,374,0,374,564
08/10/2021,IWA,AZ,AWP,CE,Federal Contract Tower,14,9,27,2,52,0,50,78,4,132,14,59,105,6,184,397,2,399,583
08/11/2021,IWA,AZ,AWP,CE,Federal Contract Tower,31,26,31,4,92,0,71,88,2,161,31,97,119,6,253,353,2,355,608
08/12/2021,IWA,AZ,AWP,CE,Federal Contract Tower,41,21,39,5,106,0,62,85,2,149,41,83,124,7,255,560,4,564,819
08/13/2021,IWA,AZ,AWP,CE,Federal Contract Tower,41,18,28,2,89,0,85,131,0,216,41,103,159,2,305,435,0,435,740
08/14/2021,IWA,AZ,AWP,CE,Federal Contract Tower,32,11,23,1,67,0,38,53,1,92,32,49,76,2,159,374,0,374,533
08/15/2021,IWA,AZ,AWP,CE,Federal Contract Tower,36,7,19,3,65,0,32,46,0,78,36,39,65,3,143,218,0,218,361
08/16/2021,IWA,AZ,AWP,CE,Federal Contract Tower,36,15,27,0,78,0,89,112,0,201,36,104,139,0,279,366,0,366,645
08/17/2021,IWA,AZ,AWP,CE,Federal Contract Tower,8,10,28,0,46,0,72,104,0,176,8,82,132,0,222,679,0,679,901
08/18/2021,IWA,AZ,AWP,CE,Federal Contract Tower,11,18,32,2,63,0,48,59,2,109,11,66,91,4,172,274,0,274,446
08/19/2021,IWA,AZ,AWP,CE,Federal Contract Tower,46,16,32,2,96,0,60,106,2,168,46,76,138,4,264,462,4,466,730
08/20/2021,IWA,AZ,AWP,CE,Federal Contract Tower,35,11,25,0,71,0,66,113,0,179,35,77,138,0,250,465,0,465,715
08/21/2021,IWA,AZ,AWP,CE,Federal Contract Tower,14,11,15,0,40,0,50,65,2,117,14,61,80,2,157,210,0,210,367
08/22/2021,IWA,AZ,AWP,CE,Federal Contract Tower,45,4,24,0,73,0,26,48,0,74,45,30,72,0,147,204,0,204,351
08/23/2021,IWA,AZ,AWP,CE,Federal Contract Tower,33,16,25,3,77,0,67,87,2,156,33,83,112,5,233,358,0,358,591
08/24/2021,IWA,AZ,AWP,CE,Federal Contract Tower,13,23,25,1,62,0,97,123,1,221,13,120,148,2,283,468,0,468,751
08/25/2021,IWA,AZ,AWP,CE,Federal Contract Tower,12,17,24,7,60,0,93,113,1,207,12,110,137,8,267,347,0,347,614
08/26/2021,IWA,AZ,AWP,CE,Federal Contract Tower,48,14,34,1,97,1,81,85,5,172,49,95,119,6,269,355,16,371,640
08/27/2021,IWA,AZ,AWP,CE,Federal Contract Tower,33,6,28,19,86,0,85,111,0,196,33,91,139,19,282,387,0,387,669
08/28/2021,IWA,AZ,AWP,CE,Federal Contract Tower,15,8,12,0,35,0,63,65,0,128,15,71,77,0,163,321,0,321,484
08/29/2021,IWA,AZ,AWP,CE,Federal Contract Tower,47,6,12,0,65,0,27,40,0,67,47,33,52,0,132,102,0,102,234
08/30/2021,IWA,AZ,AWP,CE,Federal Contract Tower,32,31,23,0,86,0,122,104,0,226,32,153,127,0,312,512,0,512,824
08/31/2021,IWA,AZ,AWP,CE,Federal Contract Tower,14,18,23,3,58,0,104,109,3,216,14,122,132,6,274,324,31,355,629
09/01/2021,IWA,AZ,AWP,CE,Federal Contract Tower,14,24,47,2,87,0,65,76,0,141,14,89,123,2,228,270,6,276,504
09/02/2021,IWA,AZ,AWP,CE,Federal Contract Tower,47,22,40,5,114,0,121,99,3,223,47,143,139,8,337,432,6,438,775
09/03/2021,IWA,AZ,AWP,CE,Federal Contract Tower,35,26,28,3,92,0,112,103,5,220,35,138,131,8,312,264,0,264,576
09/04/2021,IWA,AZ,AWP,CE,Federal Contract Tower,12,18,22,0,52,0,86,83,0,169,12,104,105,0,221,449,0,449,670
09/05/2021,IWA,AZ,AWP,CE,Federal Contract Tower,44,9,16,0,69,0,32,104,0,136,44,41,120,0,205,153,0,153,358
09/06/2021,IWA,AZ,AWP,CE,Federal Contract Tower,40,5,12,1,58,0,81,81,0,162,40,86,93,1,220,290,0,290,510
09/07/2021,IWA,AZ,AWP,CE,Federal Contract Tower,11,24,43,2,80,0,109,106,6,221,11,133,149,8,301,493,35,528,829
09/08/2021,IWA,AZ,AWP,CE,Federal Contract Tower,17,29,35,2,83,0,142,144,2,288,17,171,179,4,371,578,0,578,949
09/09/2021,IWA,AZ,AWP,CE,Federal Contract Tower,42,15,25,0,82,0,99,96,0,195,42,114,121,0,277,416,0,416,693
09/10/2021,IWA,AZ,AWP,CE,Federal Contract Tower,32,6,37,0,75,0,79,86,1,166,32,85,123,1,241,322,0,322,563
09/11/2021,IWA,AZ,AWP,CE,Federal Contract Tower,13,18,18,0,49,0,72,82,0,154,13,90,100,0,203,351,0,351,554
09/12/2021,IWA,AZ,AWP,CE,Federal Contract Tower,48,13,15,0,76,0,27,53,0,80,48,40,68,0,156,120,0,120,276
09/13/2021,IWA,AZ,AWP,CE,Federal Contract Tower,27,20,24,5,76,0,80,107,1,188,27,100,131,6,264,573,0,573,837
09/14/2021,IWA,AZ,AWP,CE,Federal Contract Tower,12,22,21,0,55,0,89,112,0,201,12,111,133,0,256,646,0,646,902
09/15/2021,IWA,AZ,AWP,CE,Federal Contract Tower,11,35,35,0,81,0,97,116,0,213,11,132,151,0,294,503,0,503,797
09/16/2021,IWA,AZ,AWP,CE,Federal Contract Tower,51,13,35,2,101,0,81,130,2,213,51,94,165,4,314,536,4,540,854
09/17/2021,IWA,AZ,AWP,CE,Federal Contract Tower,37,21,25,0,83,0,75,122,2,199,37,96,147,2,282,476,6,482,764
09/18/2021,IWA,AZ,AWP,CE,Federal Contract Tower,13,5,23,0,41,0,33,62,0,95,13,38,85,0,136,309,0,309,445
09/19/2021,IWA,AZ,AWP,CE,Federal Contract Tower,44,17,24,0,85,0,39,41,0,80,44,56,65,0,165,307,0,307,472
09/20/2021,IWA,AZ,AWP,CE,Federal Contract Tower,33,24,29,0,86,0,76,147,0,223,33,100,176,0,309,512,0,512,821
09/21/2021,IWA,AZ,AWP,CE,Federal Contract Tower,12,25,24,0,61,0,103,120,1,224,12,128,144,1,285,640,0,640,925
09/22/2021,IWA,AZ,AWP,CE,Federal Contract Tower,13,24,20,7,64,0,97,109,1,207,13,121,129,8,271,384,0,384,655
09/23/2021,IWA,AZ,AWP,CE,Federal Contract Tower,46,15,13,23,97,0,89,113,6,208,46,104,126,29,305,458,0,458,763
09/24/2021,IWA,AZ,AWP,CE,Federal Contract Tower,38,18,27,18,101,0,52,53,1,106,38,70,80,19,207,168,0,168,375
09/25/2021,IWA,AZ,AWP,CE,Federal Contract Tower,13,12,21,0,46,0,41,76,0,117,13,53,97,0,163,340,0,340,503
09/26/2021,IWA,AZ,AWP,CE,Federal Contract Tower,44,7,12,0,63,0,3,8,0,11,44,10,20,0,74,0,0,0,74
09/27/2021,IWA,AZ,AWP,CE,Federal Contract Tower,32,27,30,0,89,0,87,111,0,198,32,114,141,0,287,641,0,641,928
09/28/2021,IWA,AZ,AWP,CE,Federal Contract Tower,14,19,26,6,65,0,68,135,2,205,14,87,161,8,270,569,0,569,839
09/29/2021,IWA,AZ,AWP,CE,Federal Contract Tower,18,29,31,12,90,0,95,150,0,245,18,124,181,12,335,536,14,550,885
09/30/2021,IWA,AZ,AWP,CE,Federal Contract Tower,48,15,27,2,92,0,74,106,4,184,48,89,133,6,276,517,0,517,793
10/01/2021,IWA,AZ,AWP,CE,Federal Contract Tower,40,27,30,13,110,0,94,143,3,240,40,121,173,16,350,537,4,541,891
10/02/2021,IWA,AZ,AWP,CE,Federal Contract Tower,22,11,33,3,69,0,53,88,4,145,22,64,121,7,214,317,0,317,531
10/03/2021,IWA,AZ,AWP,CE,Federal Contract Tower,46,6,16,9,77,0,13,63,14,90,46,19,79,23,167,247,0,247,414
10/04/2021,IWA,AZ,AWP,CE,Federal Contract Tower,32,20,20,8,80,0,62,88,23,173,32,82,108,31,253,465,0,465,718
10/05/2021,IWA,AZ,AWP,CE,Federal Contract Tower,18,19,34,0,71,0,56,73,0,129,18,75,107,0,200,503,0,503,703
10/06/2021,IWA,AZ,AWP,CE,Federal Contract Tower,26,41,40,2,109,0,106,152,5,263,26,147,192,7,372,685,0,685,1057
10/07/2021,IWA,AZ,AWP,CE,Federal Contract Tower,53,27,29,9,118,0,93,130,8,231,53,120,159,17,349,592,19,611,960
10/08/2021,IWA,AZ,AWP,CE,Federal Contract Tower,35,21,38,2,96,0,69,134,0,203,35,90,172,2,299,626,0,626,925
10/09/2021,IWA,AZ,AWP,CE,Federal Contract Tower,33,7,13,0,53,0,47,74,1,122,33,54,87,1,175,429,0,429,604
10/10/2021,IWA,AZ,AWP,CE,Federal Contract Tower,48,3,23,0,74,0,23,67,3,93,48,26,90,3,167,338,0,338,505
10/11/2021,IWA,AZ,AWP,CE,Federal Contract Tower,33,9,22,2,66,0,62,73,2,137,33,71,95,4,203,308,14,322,525
10/12/2021,IWA,AZ,AWP,CE,Federal Contract Tower,25,28,37,3,93,0,82,73,1,156,25,110,110,4,249,439,0,439,688
10/13/2021,IWA,AZ,AWP,CE,Federal Contract Tower,25,25,27,8,85,1,106,153,16,276,26,131,180,24,361,643,0,643,1004
10/14/2021,IWA,AZ,AWP,CE,Federal Contract Tower,51,28,40,8,127,0,126,141,17,284,51,154,181,25,411,682,0,682,1093
10/15/2021,IWA,AZ,AWP,CE,Federal Contract Tower,33,31,25,2,91,0,78,124,0,202,33,109,149,2,293,322,0,322,615
10/16/2021,IWA,AZ,AWP,CE,Federal Contract Tower,36,7,14,0,57,0,24,92,21,137,36,31,106,21,194,268,1,269,463
10/17/2021,IWA,AZ,AWP,CE,Federal Contract Tower,46,18,20,4,88,0,44,79,0,123,46,62,99,4,211,285,0,285,496
10/18/2021,IWA,AZ,AWP,CE,Federal Contract Tower,31,18,30,0,79,0,72,96,0,168,31,90,126,0,247,318,0,318,565
10/19/2021,IWA,AZ,AWP,CE,Federal Contract Tower,23,35,33,3,94,0,100,123,4,227,23,135,156,7,321,763,0,763,1084
10/20/2021,IWA,AZ,AWP,CE,Federal Contract Tower,23,36,36,4,99,0,112,149,0,261,23,148,185,4,360,603,0,603,963
10/21/2021,IWA,AZ,AWP,CE,Federal Contract Tower,49,34,40,0,123,0,95,146,5,246,49,129,186,5,369,425,8,433,802
10/22/2021,IWA,AZ,AWP,CE,Federal Contract Tower,37,27,41,3,108,0,61,144,2,207,37,88,185,5,315,627,3,630,945
10/23/2021,IWA,AZ,AWP,CE,Federal Contract Tower,29,5,26,0,60,0,38,90,1,129,29,43,116,1,189,380,0,380,569
10/24/2021,IWA,AZ,AWP,CE,Federal Contract Tower,39,9,27,0,75,0,37,90,0,127,39,46,117,0,202,127,0,127,329
10/25/2021,IWA,AZ,AWP,CE,Federal Contract Tower,35,24,20,2,81,0,68,87,2,157,35,92,107,4,238,371,0,371,609
10/26/2021,IWA,AZ,AWP,CE,Federal Contract Tower,20,31,40,3,94,0,84,131,3,218,20,115,171,6,312,579,2,581,893
10/27/2021,IWA,AZ,AWP,CE,Federal Contract Tower,25,34,27,3,89,0,123,158,4,285,25,157,185,7,374,628,9,637,1011
10/28/2021,IWA,AZ,AWP,CE,Federal Contract Tower,51,29,38,2,120,0,72,139,6,217,51,101,177,8,337,548,16,564,901
10/29/2021,IWA,AZ,AWP,CE,Federal Contract Tower,36,10,27,0,73,0,67,114,1,182,36,77,141,1,255,486,0,486,741
10/30/2021,IWA,AZ,AWP,CE,Federal Contract Tower,29,12,32,0,73,0,32,96,1,129,29,44,128,1,202,336,0,336,538
10/31/2021,IWA,AZ,AWP,CE,Federal Contract Tower,41,16,25,0,82,0,44,54,0,98,41,60,79,0,180,273,0,273,453
11/01/2021,IWA,AZ,AWP,CE,Federal Contract Tower,34,18,33,4,89,0,74,98,0,172,34,92,131,4,261,588,1,589,850
11/02/2021,IWA,AZ,AWP,CE,Federal Contract Tower,22,32,40,5,99,0,82,179,2,263,22,114,219,7,362,565,0,565,927
11/03/2021,IWA,AZ,AWP,CE,Federal Contract Tower,25,32,27,0,84,0,112,145,2,259,25,144,172,2,343,491,14,505,848
11/04/2021,IWA,AZ,AWP,CE,Federal Contract Tower,47,8,36,2,93,0,95,119,0,214,47,103,155,2,307,420,0,420,727
11/05/2021,IWA,AZ,AWP,CE,Federal Contract Tower,39,23,51,7,120,0,68,155,0,223,39,91,206,7,343,374,0,374,717
11/06/2021,IWA,AZ,AWP,CE,Federal Contract Tower,23,16,22,0,61,0,64,73,2,139,23,80,95,2,200,253,0,253,453
11/07/2021,IWA,AZ,AWP,CE,Federal Contract Tower,45,12,34,4,95,0,31,63,2,96,45,43,97,6,191,251,0,251,442
11/08/2021,IWA,AZ,AWP,CE,Federal Contract Tower,34,23,35,4,96,0,94,126,0,220,34,117,161,4,316,546,0,546,862
11/09/2021,IWA,AZ,AWP,CE,Federal Contract Tower,22,26,52,7,107,0,84,140,4,228,22,110,192,11,335,600,4,604,939
11/10/2021,IWA,AZ,AWP,CE,Federal Contract Tower,20,28,44,6,98,0,83,140,3,226,20,111,184,9,324,530,9,539,863
11/11/2021,IWA,AZ,AWP,CE,Federal Contract Tower,45,35,45,4,129,0,75,122,2,199,45,110,167,6,328,469,0,469,797
11/12/2021,IWA,AZ,AWP,CE,Federal Contract Tower,36,25,30,3,94,0,72,123,2,197,36,97,153,5,291,522,0,522,813
11/13/2021,IWA,AZ,AWP,CE,Federal Contract Tower,22,11,23,4,60,0,52,95,0,147,22,63,118,4,207,278,0,278,485
11/14/2021,IWA,AZ,AWP,CE,Federal Contract Tower,49,7,30,0,86,0,37,98,0,135,49,44,128,0,221,127,0,127,348
11/15/2021,IWA,AZ,AWP,CE,Federal Contract Tower,36,21,38,4,99,0,69,127,0,196,36,90,165,4,295,489,8,497,792
11/16/2021,IWA,AZ,AWP,CE,Federal Contract Tower,21,26,28,2,77,0,79,129,0,208,21,105,157,2,285,564,28,592,877
11/17/2021,IWA,AZ,AWP,CE,Federal Contract Tower,19,33,37,3,92,0,91,138,2,231,19,124,175,5,323,508,38,546,869
11/18/2021,IWA,AZ,AWP,CE,Federal Contract Tower,54,22,43,11,130,0,77,133,2,212,54,99,176,13,342,461,13,474,816
11/19/2021,IWA,AZ,AWP,CE,Federal Contract Tower,42,12,34,3,91,0,76,108,1,185,42,88,142,4,276,545,4,549,825
11/20/2021,IWA,AZ,AWP,CE,Federal Contract Tower,22,17,31,1,71,0,40,91,0,131,22,57,122,1,202,365,0,365,567
11/21/2021,IWA,AZ,AWP,CE,Federal Contract Tower,54,15,27,5,101,0,44,49,0,93,54,59,76,5,194,129,8,137,331
11/22/2021,IWA,AZ,AWP,CE,Federal Contract Tower,47,10,26,7,90,0,73,118,2,193,47,83,144,9,283,462,18,480,763
11/23/2021,IWA,AZ,AWP,CE,Federal Contract Tower,60,19,51,0,130,0,92,100,0,192,60,111,151,0,322,538,0,538,860
11/24/2021,IWA,AZ,AWP,CE,Federal Contract Tower,59,17,33,2,111,0,77,96,0,173,59,94,129,2,284,470,0,470,754
11/25/2021,IWA,AZ,AWP,CE,Federal Contract Tower,29,2,3,0,34,0,4,9,0,13,29,6,12,0,47,0,0,0,47
11/26/2021,IWA,AZ,AWP,CE,Federal Contract Tower,31,6,16,0,53,0,45,56,0,101,31,51,72,0,154,156,0,156,310
11/27/2021,IWA,AZ,AWP,CE,Federal Contract Tower,43,9,21,0,73,0,45,47,0,92,43,54,68,0,165,255,0,255,420
11/28/2021,IWA,AZ,AWP,CE,Federal Contract Tower,53,7,32,0,92,0,22,76,0,98,53,29,108,0,190,209,0,209,399
11/29/2021,IWA,AZ,AWP,CE,Federal Contract Tower,62,25,28,0,115,0,91,141,0,232,62,116,169,0,347,408,0,408,755
11/30/2021,IWA,AZ,AWP,CE,Federal Contract Tower,12,19,21,2,54,0,77,93,2,172,12,96,114,4,226,507,0,507,733
12/01/2021,IWA,AZ,AWP,CE,Federal Contract Tower,9,24,35,6,74,0,86,118,3,207,9,110,153,9,281,532,10,542,823
12/02/2021,IWA,AZ,AWP,CE,Federal Contract Tower,53,18,39,2,112,0,89,96,1,186,53,107,135,3,298,542,0,542,840
12/03/2021,IWA,AZ,AWP,CE,Federal Contract Tower,39,17,38,5,99,0,74,142,0,216,39,91,180,5,315,486,0,486,801
12/04/2021,IWA,AZ,AWP,CE,Federal Contract Tower,20,13,36,2,71,0,35,82,0,117,20,48,118,2,188,330,0,330,518
12/05/2021,IWA,AZ,AWP,CE,Federal Contract Tower,54,6,27,6,93,0,30,76,4,110,54,36,103,10,203,241,0,241,444
12/06/2021,IWA,AZ,AWP,CE,Federal Contract Tower,47,25,36,1,109,0,76,113,2,191,47,101,149,3,300,473,0,473,773
12/07/2021,IWA,AZ,AWP,CE,Federal Contract Tower,12,13,32,2,59,0,95,126,0,221,12,108,158,2,280,720,0,720,1000
12/08/2021,IWA,AZ,AWP,CE,Federal Contract Tower,13,26,55,4,98,0,79,125,0,204,13,105,180,4,302,574,0,574,876
12/09/2021,IWA,AZ,AWP,CE,Federal Contract Tower,45,11,46,3,105,0,62,98,6,166,45,73,144,9,271,400,0,400,671
12/10/2021,IWA,AZ,AWP,CE,Federal Contract Tower,44,20,33,3,100,0,66,88,0,154,44,86,121,3,254,343,6,349,603
12/11/2021,IWA,AZ,AWP,CE,Federal Contract Tower,26,4,18,3,51,0,29,98,3,130,26,33,116,6,181,419,3,422,603
12/12/2021,IWA,AZ,AWP,CE,Federal Contract Tower,54,4,32,6,96,0,28,74,3,105,54,32,106,9,201,281,0,281,482
12/13/2021,IWA,AZ,AWP,CE,Federal Contract Tower,42,12,27,2,83,0,55,110,2,167,42,67,137,4,250,423,0,423,673
12/14/2021,IWA,AZ,AWP,CE,Federal Contract Tower,12,17,29,2,60,0,88,88,7,183,12,105,117,9,243,412,24,436,679
12/15/2021,IWA,AZ,AWP,CE,Federal Contract Tower,23,13,36,7,79,0,78,112,4,194,23,91,148,11,273,530,10,540,813
12/16/2021,IWA,AZ,AWP,CE,Federal Contract Tower,56,13,45,14,128,0,80,126,1,207,56,93,171,15,335,450,2,452,787
12/17/2021,IWA,AZ,AWP,CE,Federal Contract Tower,58,20,34,7,119,0,76,140,2,218,58,96,174,9,337,483,4,487,824
12/18/2021,IWA,AZ,AWP,CE,Federal Contract Tower,38,12,29,1,80,0,35,73,2,110,38,47,102,3,190,251,0,251,441
12/19/2021,IWA,AZ,AWP,CE,Federal Contract Tower,58,15,34,6,113,0,42,55,4,101,58,57,89,10,214,286,0,286,500
12/20/2021,IWA,AZ,AWP,CE,Federal Contract Tower,59,15,36,3,113,0,82,71,3,156,59,97,107,6,269,420,0,420,689
12/21/2021,IWA,AZ,AWP,CE,Federal Contract Tower,43,12,38,2,95,0,76,86,1,163,43,88,124,3,258,395,2,397,655
12/22/2021,IWA,AZ,AWP,CE,Federal Contract Tower,61,18,32,2,113,0,90,79,0,169,61,108,111,2,282,354,0,354,636
12/23/2021,IWA,AZ,AWP,CE,Federal Contract Tower,57,18,39,2,116,0,39,64,3,106,57,57,103,5,222,185,6,191,413
12/24/2021,IWA,AZ,AWP,CE,Federal Contract Tower,55,9,6,0,70,0,0,1,0,1,55,9,7,0,71,0,0,0,71
12/25/2021,IWA,AZ,AWP,CE,Federal Contract Tower,22,4,3,0,29,0,11,0,0,11,22,15,3,0,40,0,0,0,40
12/26/2021,IWA,AZ,AWP,CE,Federal Contract Tower,51,1,11,0,63,0,14,23,0,37,51,15,34,0,100,57,0,57,157
12/27/2021,IWA,AZ,AWP,CE,Federal Contract Tower,49,7,19,0,75,0,29,37,0,66,49,36,56,0,141,128,0,128,269
12/28/2021,IWA,AZ,AWP,CE,Federal Contract Tower,45,6,21,5,77,0,26,17,3,46,45,32,38,8,123,249,0,249,372
12/29/2021,IWA,AZ,AWP,CE,Federal Contract Tower,51,8,17,1,77,0,21,53,6,80,51,29,70,7,157,203,0,203,360
12/30/2021,IWA,AZ,AWP,CE,Federal Contract Tower,48,4,19,2,73,0,21,45,0,66,48,25,64,2,139,135,0,135,274
12/31/2021,IWA,AZ,AWP,CE,Federal Contract Tower,48,3,12,0,63,0,3,6,0,9,48,6,18,0,72,20,0,20,92
01/01/2022,IWA,AZ,AWP,CE,Federal Contract Tower,29,5,7,0,41,0,18,22,0,40,29,23,29,0,81,40,0,40,121
01/02/2022,IWA,AZ,AWP,CE,Federal Contract Tower,49,9,14,0,72,0,28,44,0,72,49,37,58,0,144,98,0,98,242
01/03/2022,IWA,AZ,AWP,CE,Federal Contract Tower,53,10,29,0,92,0,45,76,0,121,53,55,105,0,213,415,0,415,628
01/04/2022,IWA,AZ,AWP,CE,Federal Contract Tower,11,19,27,1,58,0,58,81,2,141,11,77,108,3,199,285,0,285,484
01/05/2022,IWA,AZ,AWP,CE,Federal Contract Tower,27,20,29,2,78,0,67,71,0,138,27,87,100,2,216,411,15,426,642
01/06/2022,IWA,AZ,AWP,CE,Federal Contract Tower,47,17,23,2,89,0,56,97,2,155,47,73,120,4,244,258,0,258,502
01/07/2022,IWA,AZ,AWP,CE,Federal Contract Tower,51,21,28,5,105,0,57,114,0,171,51,78,142,5,276,449,5,454,730
01/08/2022,IWA,AZ,AWP,CE,Federal Contract Tower,29,12,20,4,65,0,36,56,1,93,29,48,76,5,158,180,0,180,338
01/09/2022,IWA,AZ,AWP,CE,Federal Contract Tower,53,15,14,10,92,0,14,50,17,81,53,29,64,27,173,112,0,112,285
01/10/2022,IWA,AZ,AWP,CE,Federal Contract Tower,57,9,22,10,98,0,52,84,36,172,57,61,106,46,270,297,24,321,591
01/11/2022,IWA,AZ,AWP,CE,Federal Contract Tower,9,14,40,1,64,0,72,101,0,173,9,86,141,1,237,434,0,434,671
01/12/2022,IWA,AZ,AWP,CE,Federal Contract Tower,25,13,35,2,75,0,82,160,4,246,25,95,195,6,321,546,20,566,887
01/13/2022,IWA,AZ,AWP,CE,Federal Contract Tower,53,15,38,8,114,0,72,103,11,186,53,87,141,19,300,390,3,393,693
01/14/2022,IWA,AZ,AWP,CE,Federal Contract Tower,51,6,35,6,98,0,28,105,11,144,51,34,140,17,242,407,8,415,657
01/15/2022,IWA,AZ,AWP,CE,Federal Contract Tower,29,6,27,0,62,0,39,62,14,115,29,45,89,14,177,233,0,233,410
01/16/2022,IWA,AZ,AWP,CE,Federal Contract Tower,55,4,28,4,91,0,33,66,19,118,55,37,94,23,209,255,1,256,465
01/17/2022,IWA,AZ,AWP,CE,Federal Contract Tower,43,11,32,0,86,0,55,80,15,150,43,66,112,15,236,306,0,306,542
01/18/2022,IWA,AZ,AWP,CE,Federal Contract Tower,16,17,31,5,69,0,52,98,11,161,16,69,129,16,230,492,10,502,732
01/19/2022,IWA,AZ,AWP,CE,Federal Contract Tower,26,16,35,2,79,0,83,118,2,203,26,99,153,4,282,584,0,584,866
01/20/2022,IWA,AZ,AWP,CE,Federal Contract Tower,50,15,27,6,98,0,75,115,2,192,50,90,142,8,290,365,4,369,659
01/21/2022,IWA,AZ,AWP,CE,Federal Contract Tower,50,9,36,10,105,0,85,149,2,236,50,94,185,12,341,419,0,419,760
01/22/2022,IWA,AZ,AWP,CE,Federal Contract Tower,28,2,25,0,55,0,34,62,0,96,28,36,87,0,151,246,0,246,397
01/23/2022,IWA,AZ,AWP,CE,Federal Contract Tower,57,3,30,4,94,0,16,123,3,142,57,19,153,7,236,320,0,320,556
01/24/2022,IWA,AZ,AWP,CE,Federal Contract Tower,53,13,49,4,119,0,96,111,0,207,53,109,160,4,326,497,2,499,825
01/25/2022,IWA,AZ,AWP,CE,Federal Contract Tower,17,19,33,1,70,1,98,106,3,208,18,117,139,4,278,663,0,663,941
01/26/2022,IWA,AZ,AWP,CE,Federal Contract Tower,26,24,39,4,93,0,79,124,7,210,26,103,163,11,303,518,0,518,821
01/27/2022,IWA,AZ,AWP,CE,Federal Contract Tower,57,18,48,7,130,0,64,113,4,181,57,82,161,11,311,519,13,532,843
01/28/2022,IWA,AZ,AWP,CE,Federal Contract Tower,51,11,21,6,89,0,48,40,19,107,51,59,61,25,196,155,3,158,354
01/29/2022,IWA,AZ,AWP,CE,Federal Contract Tower,34,5,20,3,62,0,45,97,26,168,34,50,117,29,230,268,2,270,500
01/30/2022,IWA,AZ,AWP,CE,Federal Contract Tower,56,10,28,1,95,0,38,95,0,133,56,48,123,1,228,434,0,434,662
01/31/2022,IWA,AZ,AWP,CE,Federal Contract Tower,55,16,45,0,116,0,112,130,2,244,55,128,175,2,360,531,14,545,905
02/01/2022,IWA,AZ,AWP,CE,Federal Contract Tower,17,16,29,19,81,0,135,137,7,279,17,151,166,26,360,621,21,642,1002
02/02/2022,IWA,AZ,AWP,CE,Federal Contract Tower,32,16,30,34,112,0,99,94,11,204,32,115,124,45,316,374,14,388,704
02/03/2022,IWA,AZ,AWP,CE,Federal Contract Tower,47,23,33,13,116,0,114,142,1,257,47,137,175,14,373,618,0,618,991
02/04/2022,IWA,AZ,AWP,CE,Federal Contract Tower,52,10,27,33,122,1,87,154,17,259,53,97,181,50,381,504,83,587,968
02/05/2022,IWA,AZ,AWP,CE,Federal Contract Tower,30,16,37,30,113,0,71,97,20,188,30,87,134,50,301,309,32,341,642
02/06/2022,IWA,AZ,AWP,CE,Federal Contract Tower,62,11,34,35,142,0,30,73,24,127,62,41,107,59,269,278,14,292,561
02/07/2022,IWA,AZ,AWP,CE,Federal Contract Tower,55,9,20,26,110,0,86,101,16,203,55,95,121,42,313,455,21,476,789
02/08/2022,IWA,AZ,AWP,CE,Federal Contract Tower,23,21,44,31,119,0,101,113,15,229,23,122,157,46,348,782,29,811,1159
02/09/2022,IWA,AZ,AWP,CE,Federal Contract Tower,25,21,30,42,118,0,86,157,12,255,25,107,187,54,373,683,20,703,1076
02/10/2022,IWA,AZ,AWP,CE,Federal Contract Tower,61,15,28,25,129,0,79,133,20,232,61,94,161,45,361,550,31,581,942
02/11/2022,IWA,AZ,AWP,CE,Federal Contract Tower,54,20,48,6,128,0,94,166,0,260,54,114,214,6,388,618,0,618,1006
02/12/2022,IWA,AZ,AWP,CE,Federal Contract Tower,30,14,32,20,96,0,49,64,19,132,30,63,96,39,228,296,31,327,555
02/13/2022,IWA,AZ,AWP,CE,Federal Contract Tower,56,2,22,25,105,0,31,65,18,114,56,33,87,43,219,169,33,202,421
02/14/2022,IWA,AZ,AWP,CE,Federal Contract Tower,57,23,31,28,139,1,64,121,26,212,58,87,152,54,351,407,45,452,803
02/15/2022,IWA,AZ,AWP,CE,Federal Contract Tower,21,15,27,28,91,0,67,64,20,151,21,82,91,48,242,340,55,395,637
02/16/2022,IWA,AZ,AWP,CE,Federal Contract Tower,47,16,26,6,95,0,58,74,7,139,47,74,100,13,234,722,9,731,965
02/17/2022,IWA,AZ,AWP,CE,Federal Contract Tower,50,18,35,40,143,0,78,145,22,245,50,96,180,62,388,461,54,515,903
02/18/2022,IWA,AZ,AWP,CE,Federal Contract Tower,50,20,39,28,137,0,105,137,0,242,50,125,176,28,379,538,1,539,918
02/19/2022,IWA,AZ,AWP,CE,Federal Contract Tower,50,11,22,0,83,0,28,96,0,124,50,39,118,0,207,283,0,283,490
02/20/2022,IWA,AZ,AWP,CE,Federal Contract Tower,53,3,63,3,122,0,19,76,4,99,53,22,139,7,221,175,0,175,396
02/21/2022,IWA,AZ,AWP,CE,Federal Contract Tower,47,8,31,2,88,0,45,99,1,145,47,53,130,3,233,276,0,276,509
02/22/2022,IWA,AZ,AWP,CE,Federal Contract Tower,38,10,23,2,73,0,56,84,1,141,38,66,107,3,214,353,0,353,567
02/23/2022,IWA,AZ,AWP,CE,Federal Contract Tower,52,11,11,0,74,0,11,13,1,25,52,22,24,1,99,21,0,21,120
02/24/2022,IWA,AZ,AWP,CE,Federal Contract Tower,49,20,47,1,117,0,89,155,0,244,49,109,202,1,361,624,0,624,985
02/25/2022,IWA,AZ,AWP,CE,Federal Contract Tower,46,27,41,9,123,0,84,177,7,268,46,111,218,16,391,647,10,657,1048
02/26/2022,IWA,AZ,AWP,CE,Federal Contract Tower,62,17,35,4,118,0,42,104,0,146,62,59,139,4,264,349,0,349,613
02/27/2022,IWA,AZ,AWP,CE,Federal Contract Tower,52,12,35,0,99,0,31,82,0,113,52,43,117,0,212,247,0,247,459
02/28/2022,IWA,AZ,AWP,CE,Federal Contract Tower,52,28,34,2,116,0,111,118,1,230,52,139,152,3,346,615,0,615,961
03/01/2022,IWA,AZ,AWP,CE,Federal Contract Tower,36,21,33,6,96,0,117,184,2,303,36,138,217,8,399,488,0,488,887
03/02/2022,IWA,AZ,AWP,CE,Federal Contract Tower,54,24,40,8,126,0,113,182,3,298,54,137,222,11,424,570,3,573,997
03/03/2022,IWA,AZ,AWP,CE,Federal Contract Tower,60,16,24,6,106,0,112,141,0,253,60,128,165,6,359,522,0,522,881
03/04/2022,IWA,AZ,AWP,CE,Federal Contract Tower,52,12,30,6,100,0,45,83,0,128,52,57,113,6,228,145,8,153,381
03/05/2022,IWA,AZ,AWP,CE,Federal Contract Tower,80,9,19,3,111,0,62,96,0,158,80,71,115,3,269,254,0,254,523
03/06/2022,IWA,AZ,AWP,CE,Federal Contract Tower,50,12,30,12,104,0,50,81,1,132,50,62,111,13,236,234,0,234,470
03/07/2022,IWA,AZ,AWP,CE,Federal Contract Tower,50,30,30,4,114,0,117,111,0,228,50,147,141,4,342,463,0,463,805
03/08/2022,IWA,AZ,AWP,CE,Federal Contract Tower,28,34,31,4,97,0,110,140,6,256,28,144,171,10,353,646,8,654,1007
03/09/2022,IWA,AZ,AWP,CE,Federal Contract Tower,54,19,41,3,117,0,129,151,1,281,54,148,192,4,398,644,1,645,1043
03/10/2022,IWA,AZ,AWP,CE,Federal Contract Tower,60,23,32,11,126,0,81,127,0,208,60,104,159,11,334,409,17,426,760
03/11/2022,IWA,AZ,AWP,CE,Federal Contract Tower,56,24,54,9,143,0,108,174,0,282,56,132,228,9,425,789,1,790,1215
03/12/2022,IWA,AZ,AWP,CE,Federal Contract Tower,87,20,22,0,129,0,75,91,1,167,87,95,113,1,296,294,0,294,590
03/13/2022,IWA,AZ,AWP,CE,Federal Contract Tower,52,16,32,11,111,0,49,73,6,128,52,65,105,17,239,232,0,232,471
03/14/2022,IWA,AZ,AWP,CE,Federal Contract Tower,47,18,28,9,102,0,145,164,4,313,47,163,192,13,415,752,0,752,1167
03/15/2022,IWA,AZ,AWP,CE,Federal Contract Tower,33,21,36,9,99,0,151,168,6,325,33,172,204,15,424,939,0,939,1363
03/16/2022,IWA,AZ,AWP,CE,Federal Contract Tower,61,17,39,9,126,0,96,153,6,255,61,113,192,15,381,566,25,591,972
03/17/2022,IWA,AZ,AWP,CE,Federal Contract Tower,57,26,64,0,147,0,101,180,0,281,57,127,244,0,428,473,0,473,901
03/18/2022,IWA,AZ,AWP,CE,Federal Contract Tower,57,21,57,1,136,0,120,143,3,266,57,141,200,4,402,708,0,708,1110
03/19/2022,IWA,AZ,AWP,CE,Federal Contract Tower,89,11,21,0,121,0,58,90,0,148,89,69,111,0,269,345,0,345,614
03/20/2022,IWA,AZ,AWP,CE,Federal Contract Tower,48,11,26,2,87,0,23,51,0,74,48,34,77,2,161,220,0,220,381
03/21/2022,IWA,AZ,AWP,CE,Federal Contract Tower,51,28,48,6,133,0,88,136,2,226,51,116,184,8,359,508,1,509,868
03/22/2022,IWA,AZ,AWP,CE,Federal Contract Tower,26,37,29,3,95,0,124,144,3,271,26,161,173,6,366,666,2,668,1034
03/23/2022,IWA,AZ,AWP,CE,Federal Contract Tower,57,38,52,0,147,0,136,147,4,287,57,174,199,4,434,652,0,652,1086
03/24/2022,IWA,AZ,AWP,CE,Federal Contract Tower,54,33,36,4,127,0,125,131,2,258,54,158,167,6,385,666,6,672,1057
03/25/2022,IWA,AZ,AWP,CE,Federal Contract Tower,56,14,50,15,135,1,85,147,0,233,57,99,197,15,368,644,2,646,1014
03/26/2022,IWA,AZ,AWP,CE,Federal Contract Tower,70,18,29,3,120,0,66,81,0,147,70,84,110,3,267,404,0,404,671
03/27/2022,IWA,AZ,AWP,CE,Federal Contract Tower,54,14,23,2,93,0,51,54,0,105,54,65,77,2,198,394,0,394,592
03/28/2022,IWA,AZ,AWP,CE,Federal Contract Tower,48,14,14,3,79,0,103,76,7,186,48,117,90,10,265,319,10,329,594
03/29/2022,IWA,AZ,AWP,CE,Federal Contract Tower,26,25,33,3,87,0,59,56,3,118,26,84,89,6,205,100,0,100,305
03/30/2022,IWA,AZ,AWP,CE,Federal Contract Tower,52,31,47,4,134,0,117,158,4,279,52,148,205,8,413,644,7,651,1064
03/31/2022,IWA,AZ,AWP,CE,Federal Contract Tower,51,22,36,6,115,0,102,152,2,256,51,124,188,8,371,762,0,762,1133
04/01/2022,IWA,AZ,AWP,CE,Federal Contract Tower,39,17,36,2,94,0,117,147,1,265,39,134,183,3,359,597,4,601,960
04/02/2022,IWA,AZ,AWP,CE,Federal Contract Tower,58,2,33,0,93,0,102,101,0,203,58,104,134,0,296,214,0,214,510
04/03/2022,IWA,AZ,AWP,CE,Federal Contract Tower,50,14,22,0,86,0,25,94,0,119,50,39,116,0,205,238,0,238,443
04/04/2022,IWA,AZ,AWP,CE,Federal Contract Tower,39,26,47,5,117,0,124,143,2,269,39,150,190,7,386,673,0,673,1059
04/05/2022,IWA,AZ,AWP,CE,Federal Contract Tower,22,38,32,9,101,0,117,139,4,260,22,155,171,13,361,648,10,658,1019
04/06/2022,IWA,AZ,AWP,CE,Federal Contract Tower,51,25,44,14,134,0,110,165,7,282,51,135,209,21,416,545,25,570,986
04/07/2022,IWA,AZ,AWP,CE,Federal Contract Tower,59,11,28,6,104,0,87,111,1,199,59,98,139,7,303,245,15,260,563
04/08/2022,IWA,AZ,AWP,CE,Federal Contract Tower,42,14,34,3,93,0,91,135,0,226,42,105,169,3,319,372,0,372,691
04/09/2022,IWA,AZ,AWP,CE,Federal Contract Tower,51,17,27,3,98,0,47,65,10,122,51,64,92,13,220,289,0,289,509
04/10/2022,IWA,AZ,AWP,CE,Federal Contract Tower,50,20,30,0,100,0,46,67,0,113,50,66,97,0,213,130,0,130,343
04/11/2022,IWA,AZ,AWP,CE,Federal Contract Tower,31,30,43,4,108,0,86,86,7,179,31,116,129,11,287,262,5,267,554
04/12/2022,IWA,AZ,AWP,CE,Federal Contract Tower,15,26,45,15,101,0,59,92,3,154,15,85,137,18,255,301,14,315,570
04/13/2022,IWA,AZ,AWP,CE,Federal Contract Tower,43,25,45,2,115,0,120,193,1,314,43,145,238,3,429,668,0,668,1097
04/14/2022,IWA,AZ,AWP,CE,Federal Contract Tower,50,28,58,5,141,0,110,193,0,303,50,138,251,5,444,544,3,547,991
04/15/2022,IWA,AZ,AWP,CE,Federal Contract Tower,38,24,44,4,110,0,89,181,0,270,38,113,225,4,380,576,0,576,956
04/16/2022,IWA,AZ,AWP,CE,Federal Contract Tower,54,14,28,0,96,0,68,91,0,159,54,82,119,0,255,282,0,282,537
04/17/2022,IWA,AZ,AWP,CE,Federal Contract Tower,42,20,22,0,84,0,39,65,0,104,42,59,87,0,188,240,0,240,428
04/18/2022,IWA,AZ,AWP,CE,Federal Contract Tower,35,25,65,4,129,4,98,145,2,249,39,123,210,6,378,584,11,595,973
04/19/2022,IWA,AZ,AWP,CE,Federal Contract Tower,21,32,32,9,94,0,109,111,1,221,21,141,143,10,315,513,6,519,834
04/20/2022,IWA,AZ,AWP,CE,Federal Contract Tower,48,28,55,8,139,0,120,142,0,262,48,148,197,8,401,446,0,446,847
04/21/2022,IWA,AZ,AWP,CE,Federal Contract Tower,46,25,66,9,146,0,111,140,3,254,46,136,206,12,400,535,4,539,939
04/22/2022,IWA,AZ,AWP,CE,Federal Contract Tower,37,12,34,8,91,1,62,75,1,139,38,74,109,9,230,190,0,190,420
04/23/2022,IWA,AZ,AWP,CE,Federal Contract Tower,50,16,40,3,109,0,81,93,11,185,50,97,133,14,294,603,0,603,897
04/24/2022,IWA,AZ,AWP,CE,Federal Contract Tower,46,21,31,10,108,0,57,98,3,158,46,78,129,13,266,326,0,326,592
04/25/2022,IWA,AZ,AWP,CE,Federal Contract Tower,35,25,46,12,118,0,122,164,6,292,35,147,210,18,410,583,0,583,993
04/26/2022,IWA,AZ,AWP,CE,Federal Contract Tower,16,26,34,11,87,0,113,125,9,247,16,139,159,20,334,624,0,624,958
04/27/2022,IWA,AZ,AWP,CE,Federal Contract Tower,40,27,63,5,135,0,89,152,9,250,40,116,215,14,385,517,6,523,908
04/28/2022,IWA,AZ,AWP,CE,Federal Contract Tower,40,19,30,6,95,1,93,131,5,230,41,112,161,11,325,476,2,478,803
04/29/2022,IWA,AZ,AWP,CE,Federal Contract Tower,39,24,55,8,126,0,82,177,4,263,39,106,232,12,389,506,21,527,916
04/30/2022,IWA,AZ,AWP,CE,Federal Contract Tower,50,11,41,7,109,0,59,102,2,163,50,70,143,9,272,314,6,320,592
05/01/2022,IWA,AZ,AWP,CE,Federal Contract Tower,38,14,20,7,79,0,39,77,1,117,38,53,97,8,196,218,14,232,428
05/02/2022,IWA,AZ,AWP,CE,Federal Contract Tower,42,33,41,7,123,7,96,108,6,217,49,129,149,13,340,552,6,558,898
05/03/2022,IWA,AZ,AWP,CE,Federal Contract Tower,14,27,54,3,98,0,97,96,6,199,14,124,150,9,297,416,0,416,713
05/04/2022,IWA,AZ,AWP,CE,Federal Contract Tower,36,21,54,5,116,0,95,165,3,263,36,116,219,8,379,585,0,585,964
05/05/2022,IWA,AZ,AWP,CE,Federal Contract Tower,38,23,51,6,118,0,112,140,2,254,38,135,191,8,372,636,1,637,1009
05/06/2022,IWA,AZ,AWP,CE,Federal Contract Tower,38,17,45,6,106,0,75,128,3,206,38,92,173,9,312,532,0,532,844
05/07/2022,IWA,AZ,AWP,CE,Federal Contract Tower,33,18,19,2,72,0,56,61,0,117,33,74,80,2,189,336,0,336,525
05/08/2022,IWA,AZ,AWP,CE,Federal Contract Tower,35,13,13,0,61,0,34,54,0,88,35,47,67,0,149,153,0,153,302
05/09/2022,IWA,AZ,AWP,CE,Federal Contract Tower,33,13,55,3,104,0,100,107,1,208,33,113,162,4,312,382,0,382,694
05/10/2022,IWA,AZ,AWP,CE,Federal Contract Tower,12,34,49,6,101,0,125,125,0,250,12,159,174,6,351,540,0,540,891
05/11/2022,IWA,AZ,AWP,CE,Federal Contract Tower,29,37,48,8,122,0,116,131,1,248,29,153,179,9,370,553,0,553,923
05/12/2022,IWA,AZ,AWP,CE,Federal Contract Tower,38,30,39,3,110,0,104,143,4,251,38,134,182,7,361,494,2,496,857
05/13/2022,IWA,AZ,AWP,CE,Federal Contract Tower,35,18,47,4,104,0,95,125,1,221,35,113,172,5,325,400,1,401,726
05/14/2022,IWA,AZ,AWP,CE,Federal Contract Tower,32,6,17,1,56,1,54,73,0,128,33,60,90,1,184,366,0,366,550
05/15/2022,IWA,AZ,AWP,CE,Federal Contract Tower,37,13,39,3,92,0,44,86,0,130,37,57,125,3,222,120,0,120,342
05/16/2022,IWA,AZ,AWP,CE,Federal Contract Tower,36,29,55,0,120,0,73,131,0,204,36,102,186,0,324,457,0,457,781
05/17/2022,IWA,AZ,AWP,CE,Federal Contract Tower,12,22,44,2,80,0,135,97,4,236,12,157,141,6,316,570,2,572,888
05/18/2022,IWA,AZ,AWP,CE,Federal Contract Tower,24,23,54,0,101,0,109,129,5,243,24,132,183,5,344,529,0,529,873
05/19/2022,IWA,AZ,AWP,CE,Federal Contract Tower,37,33,44,0,114,0,87,112,1,200,37,120,156,1,314,456,0,456,770
05/20/2022,IWA,AZ,AWP,CE,Federal Contract Tower,36,16,37,3,92,0,37,66,0,103,36,53,103,3,195,259,0,259,454
05/21/2022,IWA,AZ,AWP,CE,Federal Contract Tower,28,14,24,4,70,0,66,85,0,151,28,80,109,4,221,247,0,247,468
05/22/2022,IWA,AZ,AWP,CE,Federal Contract Tower,34,20,27,1,82,0,24,67,5,96,34,44,94,6,178,142,53,195,373
05/23/2022,IWA,AZ,AWP,CE,Federal Contract Tower,37,23,45,0,105,0,90,100,0,190,37,113,145,0,295,342,0,342,637
05/24/2022,IWA,AZ,AWP,CE,Federal Contract Tower,19,30,38,5,92,0,98,94,4,196,19,128,132,9,288,612,20,632,920
05/25/2022,IWA,AZ,AWP,CE,Federal Contract Tower,27,28,44,2,101,0,85,138,4,227,27,113,182,6,328,359,9,368,696
05/26/2022,IWA,AZ,AWP,CE,Federal Contract Tower,37,17,41,9,104,0,98,93,3,194,37,115,134,12,298,379,6,385,683
05/27/2022,IWA,AZ,AWP,CE,Federal Contract Tower,41,16,34,0,91,0,71,108,1,180,41,87,142,1,271,558,0,558,829
05/28/2022,IWA,AZ,AWP,CE,Federal Contract Tower,33,21,20,0,74,0,60,69,0,129,33,81,89,0,203,299,0,299,502
05/29/2022,IWA,AZ,AWP,CE,Federal Contract Tower,41,20,19,2,82,0,28,37,0,65,41,48,56,2,147,93,0,93,240
05/30/2022,IWA,AZ,AWP,CE,Federal Contract Tower,43,15,19,0,77,7,83,72,1,163,50,98,91,1,240,295,0,295,535
05/31/2022,IWA,AZ,AWP,CE,Federal Contract Tower,20,39,43,2,104,0,89,102,0,191,20,128,145,2,295,416,0,416,711
06/01/2022,IWA,AZ,AWP,CE,Federal Contract Tower,28,22,42,6,98,0,115,121,0,236,28,137,163,6,334,642,0,642,976
06/02/2022,IWA,AZ,AWP,CE,Federal Contract Tower,37,20,43,2,102,1,89,127,7,224,38,109,170,9,326,456,4,460,786
06/03/2022,IWA,AZ,AWP,CE,Federal Contract Tower,35,23,32,5,95,0,83,100,2,185,35,106,132,7,280,324,0,324,604
06/04/2022,IWA,AZ,AWP,CE,Federal Contract Tower,34,16,17,2,69,0,76,69,2,147,34,92,86,4,216,169,0,169,385
06/05/2022,IWA,AZ,AWP,CE,Federal Contract Tower,35,15,31,0,81,0,43,49,0,92,35,58,80,0,173,173,0,173,346
06/06/2022,IWA,AZ,AWP,CE,Federal Contract Tower,26,27,36,2,91,0,97,112,2,211,26,124,148,4,302,292,16,308,610
06/07/2022,IWA,AZ,AWP,CE,Federal Contract Tower,16,27,30,1,74,0,101,120,3,224,16,128,150,4,298,505,0,505,803
06/08/2022,IWA,AZ,AWP,CE,Federal Contract Tower,28,23,24,0,75,0,107,86,1,194,28,130,110,1,269,500,0,500,769
06/09/2022,IWA,AZ,AWP,CE,Federal Contract Tower,34,39,37,4,114,0,112,96,4,212,34,151,133,8,326,550,14,564,890
06/10/2022,IWA,AZ,AWP,CE,Federal Contract Tower,30,43,34,2,109,0,109,117,0,226,30,152,151,2,335,626,0,626,961
06/11/2022,IWA,AZ,AWP,CE,Federal Contract Tower,34,19,20,1,74,0,83,63,0,146,34,102,83,1,220,337,0,337,557
06/12/2022,IWA,AZ,AWP,CE,Federal Contract Tower,31,13,17,3,64,0,78,44,2,124,31,91,61,5,188,150,0,150,338
06/13/2022,IWA,AZ,AWP,CE,Federal Contract Tower,29,25,23,5,82,0,98,103,3,204,29,123,126,8,286,327,0,327,613
06/14/2022,IWA,AZ,AWP,CE,Federal Contract Tower,17,30,13,3,63,6,121,135,6,268,23,151,148,9,331,627,0,627,958
06/15/2022,IWA,AZ,AWP,CE,Federal Contract Tower,33,30,42,7,112,2,143,114,1,260,35,173,156,8,372,645,0,645,1017
06/16/2022,IWA,AZ,AWP,CE,Federal Contract Tower,32,30,34,9,105,0,140,155,2,297,32,170,189,11,402,514,11,525,927
06/17/2022,IWA,AZ,AWP,CE,Federal Contract Tower,33,3,21,3,60,0,96,121,1,218,33,99,142,4,278,427,0,427,705
06/19/2022,IWA,AZ,AWP,CE,Federal Contract Tower,32,21,21,0,74,0,66,73,0,139,32,87,94,0,213,211,0,211,424
06/20/2022,IWA,AZ,AWP,CE,Federal Contract Tower,31,17,30,1,79,3,122,104,1,230,34,139,134,2,309,454,0,454,763
06/21/2022,IWA,AZ,AWP,CE,Federal Contract Tower,17,20,23,10,70,4,84,76,4,168,21,104,99,14,238,597,23,620,858
06/22/2022,IWA,AZ,AWP,CE,Federal Contract Tower,36,25,42,12,115,0,112,113,4,229,36,137,155,16,344,523,0,523,867
06/23/2022,IWA,AZ,AWP,CE,Federal Contract Tower,32,21,22,1,76,0,70,97,1,168,32,91,119,2,244,436,0,436,680
06/24/2022,IWA,AZ,AWP,CE,Federal Contract Tower,32,15,36,9,92,0,57,83,3,143,32,72,119,12,235,205,7,212,447
06/25/2022,IWA,AZ,AWP,CE,Federal Contract Tower,29,18,19,2,68,0,82,72,0,154,29,100,91,2,222,455,0,455,677
06/26/2022,IWA,AZ,AWP,CE,Federal Contract Tower,33,12,16,3,64,0,28,51,1,80,33,40,67,4,144,155,0,155,299
06/27/2022,IWA,AZ,AWP,CE,Federal Contract Tower,31,10,26,2,69,0,102,97,2,201,31,112,123,4,270,569,37,606,876
06/28/2022,IWA,AZ,AWP,CE,Federal Contract Tower,13,11,23,1,48,0,100,88,3,191,13,111,111,4,239,699,2,701,940
06/29/2022,IWA,AZ,AWP,CE,Federal Contract Tower,32,22,13,0,67,0,91,97,3,191,32,113,110,3,258,479,0,479,737
06/30/2022,IWA,AZ,AWP,CE,Federal Contract Tower,32,31,27,0,90,0,172,74,0,246,32,203,101,0,336,525,0,525,861
07/01/2022,IWA,AZ,AWP,CE,Federal Contract Tower,38,18,29,0,85,0,66,82,0,148,38,84,111,0,233,405,0,405,638
07/02/2022,IWA,AZ,AWP,CE,Federal Contract Tower,32,13,26,0,71,0,93,60,0,153,32,106,86,0,224,522,0,522,746
07/03/2022,IWA,AZ,AWP,CE,Federal Contract Tower,35,6,9,0,50,0,46,33,0,79,35,52,42,0,129,232,0,232,361
07/04/2022,IWA,AZ,AWP,CE,Federal Contract Tower,31,10,22,0,63,0,37,52,0,89,31,47,74,0,152,284,0,284,436
07/05/2022,IWA,AZ,AWP,CE,Federal Contract Tower,30,17,34,0,81,0,99,87,0,186,30,116,121,0,267,649,0,649,916
07/06/2022,IWA,AZ,AWP,CE,Federal Contract Tower,35,24,37,1,97,0,113,89,15,217,35,137,126,16,314,488,1,489,803
07/07/2022,IWA,AZ,AWP,CE,Federal Contract Tower,37,17,34,9,97,0,95,103,21,219,37,112,137,30,316,563,11,574,890
07/08/2022,IWA,AZ,AWP,CE,Federal Contract Tower,36,21,30,0,87,0,80,78,1,159,36,101,108,1,246,444,0,444,690
07/09/2022,IWA,AZ,AWP,CE,Federal Contract Tower,34,11,24,2,71,0,58,65,0,123,34,69,89,2,194,345,4,349,543
07/10/2022,IWA,AZ,AWP,CE,Federal Contract Tower,35,14,29,0,78,0,49,50,2,101,35,63,79,2,179,303,0,303,482
07/11/2022,IWA,AZ,AWP,CE,Federal Contract Tower,35,25,34,2,96,0,61,91,5,157,35,86,125,7,253,363,12,375,628
07/12/2022,IWA,AZ,AWP,CE,Federal Contract Tower,13,14,15,7,49,0,89,122,0,211,13,103,137,7,260,599,13,612,872
07/13/2022,IWA,AZ,AWP,CE,Federal Contract Tower,28,23,20,0,71,0,67,93,0,160,28,90,113,0,231,447,0,447,678
07/14/2022,IWA,AZ,AWP,CE,Federal Contract Tower,34,32,53,2,121,0,84,93,0,177,34,116,146,2,298,486,0,486,784
07/15/2022,IWA,AZ,AWP,CE,Federal Contract Tower,37,21,23,1,82,0,97,87,0,184,37,118,110,1,266,423,0,423,689
07/16/2022,IWA,AZ,AWP,CE,Federal Contract Tower,39,17,17,0,73,0,60,59,0,119,39,77,76,0,192,287,0,287,479
07/17/2022,IWA,AZ,AWP,CE,Federal Contract Tower,33,12,25,2,72,0,46,64,2,112,33,58,89,4,184,214,0,214,398
07/18/2022,IWA,AZ,AWP,CE,Federal Contract Tower,34,48,58,1,141,0,92,83,1,176,34,140,141,2,317,545,1,546,863
07/19/2022,IWA,AZ,AWP,CE,Federal Contract Tower,12,20,40,1,73,0,94,93,1,188,12,114,133,2,261,538,0,538,799
07/20/2022,IWA,AZ,AWP,CE,Federal Contract Tower,34,47,44,0,125,0,96,87,4,187,34,143,131,4,312,515,0,515,827
07/21/2022,IWA,AZ,AWP,CE,Federal Contract Tower,36,29,35,2,102,0,83,107,3,193,36,112,142,5,295,510,2,512,807
07/22/2022,IWA,AZ,AWP,CE,Federal Contract Tower,34,23,30,1,88,0,90,106,0,196,34,113,136,1,284,433,0,433,717
07/23/2022,IWA,AZ,AWP,CE,Federal Contract Tower,34,16,20,0,70,0,37,44,0,81,34,53,64,0,151,259,0,259,410
07/24/2022,IWA,AZ,AWP,CE,Federal Contract Tower,33,14,17,0,64,0,19,19,0,38,33,33,36,0,102,235,0,235,337
07/25/2022,IWA,AZ,AWP,CE,Federal Contract Tower,36,21,25,4,86,0,79,88,0,167,36,100,113,4,253,538,0,538,791
07/26/2022,IWA,AZ,AWP,CE,Federal Contract Tower,14,21,23,4,62,0,91,63,0,154,14,112,86,4,216,779,10,789,1005
07/27/2022,IWA,AZ,AWP,CE,Federal Contract Tower,32,35,25,7,99,0,69,69,0,138,32,104,94,7,237,535,0,535,772
07/28/2022,IWA,AZ,AWP,CE,Federal Contract Tower,36,4,18,3,61,0,60,76,11,147,36,64,94,14,208,488,39,527,735
07/29/2022,IWA,AZ,AWP,CE,Federal Contract Tower,32,21,30,0,83,0,70,119,1,190,32,91,149,1,273,669,0,669,942
07/30/2022,IWA,AZ,AWP,CE,Federal Contract Tower,32,18,22,0,72,0,37,50,0,87,32,55,72,0,159,285,0,285,444
07/31/2022,IWA,AZ,AWP,CE,Federal Contract Tower,39,4,14,4,61,0,44,81,5,130,39,48,95,9,191,285,0,285,476
08/01/2022,IWA,AZ,AWP,CE,Federal Contract Tower,32,37,42,1,112,0,90,98,4,192,32,127,140,5,304,521,8,529,833
08/02/2022,IWA,AZ,AWP,CE,Federal Contract Tower,20,31,43,0,94,0,95,136,8,239,20,126,179,8,333,629,0,629,962
08/03/2022,IWA,AZ,AWP,CE,Federal Contract Tower,30,27,9,3,69,0,59,76,9,144,30,86,85,12,213,373,26,399,612
08/04/2022,IWA,AZ,AWP,CE,Federal Contract Tower,35,15,32,5,87,0,77,89,4,170,35,92,121,9,257,476,25,501,758
08/05/2022,IWA,AZ,AWP,CE,Federal Contract Tower,33,20,34,7,94,0,94,129,5,228,33,114,163,12,322,458,4,462,784
08/06/2022,IWA,AZ,AWP,CE,Federal Contract Tower,32,18,19,1,70,0,52,58,1,111,32,70,77,2,181,304,0,304,485
08/07/2022,IWA,AZ,AWP,CE,Federal Contract Tower,31,11,26,0,68,0,25,36,1,62,31,36,62,1,130,163,0,163,293
08/08/2022,IWA,AZ,AWP,CE,Federal Contract Tower,32,24,33,4,93,0,82,92,15,189,32,106,125,19,282,260,12,272,554
08/09/2022,IWA,AZ,AWP,CE,Federal Contract Tower,14,22,25,0,61,0,69,101,14,184,14,91,126,14,245,522,17,539,784
08/10/2022,IWA,AZ,AWP,CE,Federal Contract Tower,28,22,32,1,83,0,67,92,10,169,28,89,124,11,252,369,3,372,624
08/11/2022,IWA,AZ,AWP,CE,Federal Contract Tower,34,15,20,5,74,0,83,135,10,228,34,98,155,15,302,433,30,463,765
08/12/2022,IWA,AZ,AWP,CE,Federal Contract Tower,33,16,12,3,64,0,64,82,3,149,33,80,94,6,213,426,0,426,639
08/13/2022,IWA,AZ,AWP,CE,Federal Contract Tower,30,17,28,0,75,0,45,78,0,123,30,62,106,0,198,228,0,228,426
08/14/2022,IWA,AZ,AWP,CE,Federal Contract Tower,32,20,36,0,88,0,16,38,0,54,32,36,74,0,142,189,0,189,331
08/15/2022,IWA,AZ,AWP,CE,Federal Contract Tower,35,20,31,4,90,0,85,88,2,175,35,105,119,6,265,520,6,526,791
08/16/2022,IWA,AZ,AWP,CE,Federal Contract Tower,20,24,25,9,78,0,98,90,0,188,20,122,115,9,266,578,37,615,881
08/17/2022,IWA,AZ,AWP,CE,Federal Contract Tower,16,27,31,4,78,0,79,81,2,162,16,106,112,6,240,384,3,387,627
08/18/2022,IWA,AZ,AWP,CE,Federal Contract Tower,40,20,46,8,114,0,74,93,0,167,40,94,139,8,281,341,0,341,622
08/19/2022,IWA,AZ,AWP,CE,Federal Contract Tower,33,26,23,2,84,0,41,68,2,111,33,67,91,4,195,297,0,297,492
08/20/2022,IWA,AZ,AWP,CE,Federal Contract Tower,12,5,10,2,29,0,32,32,0,64,12,37,42,2,93,351,0,351,444
08/21/2022,IWA,AZ,AWP,CE,Federal Contract Tower,31,14,24,1,70,0,31,58,0,89,31,45,82,1,159,286,0,286,445
08/22/2022,IWA,AZ,AWP,CE,Federal Contract Tower,33,20,35,5,93,0,69,130,10,209,33,89,165,15,302,465,12,477,779
08/23/2022,IWA,AZ,AWP,CE,Federal Contract Tower,15,10,12,9,46,0,83,110,8,201,15,93,122,17,247,602,38,640,887
08/24/2022,IWA,AZ,AWP,CE,Federal Contract Tower,14,14,19,4,51,0,108,127,7,242,14,122,146,11,293,421,0,421,714
08/25/2022,IWA,AZ,AWP,CE,Federal Contract Tower,36,16,27,2,81,0,78,122,0,200,36,94,149,2,281,558,0,558,839
08/26/2022,IWA,AZ,AWP,CE,Federal Contract Tower,32,15,35,9,91,0,108,133,3,244,32,123,168,12,335,475,22,497,832
08/27/2022,IWA,AZ,AWP,CE,Federal Contract Tower,11,14,24,0,49,0,46,82,0,128,11,60,106,0,177,355,0,355,532
08/28/2022,IWA,AZ,AWP,CE,Federal Contract Tower,36,6,14,2,58,0,26,83,0,109,36,32,97,2,167,91,0,91,258
08/29/2022,IWA,AZ,AWP,CE,Federal Contract Tower,28,9,15,0,52,0,88,158,2,248,28,97,173,2,300,16,0,16,316
08/30/2022,IWA,AZ,AWP,CE,Federal Contract Tower,19,14,21,2,56,0,113,144,1,258,19,127,165,3,314,130,0,130,444
08/31/2022,IWA,AZ,AWP,CE,Federal Contract Tower,12,21,22,8,63,0,116,143,9,268,12,137,165,17,331,216,2,218,549
09/01/2022,IWA,AZ,AWP,CE,Federal Contract Tower,29,12,24,11,76,0,130,125,5,260,29,142,149,16,336,341,4,345,681
09/02/2022,IWA,AZ,AWP,CE,Federal Contract Tower,42,12,28,7,89,0,110,128,9,247,42,122,156,16,336,412,1,413,749
09/03/2022,IWA,AZ,AWP,CE,Federal Contract Tower,17,2,10,1,30,0,63,88,1,152,17,65,98,2,182,270,0,270,452
09/04/2022,IWA,AZ,AWP,CE,Federal Contract Tower,35,3,15,2,55,0,35,51,2,88,35,38,66,4,143,161,0,161,304
09/05/2022,IWA,AZ,AWP,CE,Federal Contract Tower,39,7,17,5,68,0,116,121,6,243,39,123,138,11,311,600,2,602,913
09/06/2022,IWA,AZ,AWP,CE,Federal Contract Tower,26,10,23,10,69,0,141,96,0,237,26,151,119,10,306,588,0,588,894
09/07/2022,IWA,AZ,AWP,CE,Federal Contract Tower,14,19,31,2,66,0,146,110,0,256,14,165,141,2,322,439,0,439,761
09/08/2022,IWA,AZ,AWP,CE,Federal Contract Tower,39,14,21,8,82,0,139,170,0,309,39,153,191,8,391,443,1,444,835
09/09/2022,IWA,AZ,AWP,CE,Federal Contract Tower,43,17,14,2,76,0,100,143,1,244,43,117,157,3,320,603,0,603,923
09/10/2022,IWA,AZ,AWP,CE,Federal Contract Tower,16,8,25,0,49,0,81,94,0,175,16,89,119,0,224,376,0,376,600
09/11/2022,IWA,AZ,AWP,CE,Federal Contract Tower,34,8,20,1,63,0,32,82,1,115,34,40,102,2,178,177,0,177,355
09/12/2022,IWA,AZ,AWP,CE,Federal Contract Tower,36,21,37,2,96,0,119,109,3,231,36,140,146,5,327,546,0,546,873
09/13/2022,IWA,AZ,AWP,CE,Federal Contract Tower,16,20,18,4,58,0,151,137,2,290,16,171,155,6,348,748,26,774,1122
09/14/2022,IWA,AZ,AWP,CE,Federal Contract Tower,13,21,28,2,64,0,112,146,0,258,13,133,174,2,322,678,0,678,1000
09/15/2022,IWA,AZ,AWP,CE,Federal Contract Tower,39,10,36,3,88,0,129,141,4,274,39,139,177,7,362,523,0,523,885
09/16/2022,IWA,AZ,AWP,CE,Federal Contract Tower,36,16,36,9,97,0,117,150,0,267,36,133,186,9,364,591,0,591,955
09/17/2022,IWA,AZ,AWP,CE,Federal Contract Tower,16,9,19,0,44,0,53,99,1,153,16,62,118,1,197,426,0,426,623
09/18/2022,IWA,AZ,AWP,CE,Federal Contract Tower,34,10,33,7,84,0,53,79,5,137,34,63,112,12,221,410,2,412,633
09/19/2022,IWA,AZ,AWP,CE,Federal Contract Tower,33,14,27,4,78,0,124,114,0,238,33,138,141,4,316,754,2,756,1072
09/20/2022,IWA,AZ,AWP,CE,Federal Contract Tower,16,31,32,0,79,0,123,116,0,239,16,154,148,0,318,692,0,692,1010
09/21/2022,IWA,AZ,AWP,CE,Federal Contract Tower,14,26,17,0,57,0,75,100,0,175,14,101,117,0,232,561,0,561,793
09/22/2022,IWA,AZ,AWP,CE,Federal Contract Tower,42,7,35,4,88,0,148,114,3,265,42,155,149,7,353,739,0,739,1092
09/23/2022,IWA,AZ,AWP,CE,Federal Contract Tower,38,24,28,11,101,0,123,116,3,242,38,147,144,14,343,508,0,508,851
09/24/2022,IWA,AZ,AWP,CE,Federal Contract Tower,13,13,21,0,47,0,81,116,0,197,13,94,137,0,244,438,0,438,682
09/25/2022,IWA,AZ,AWP,CE,Federal Contract Tower,40,13,25,3,81,0,44,63,0,107,40,57,88,3,188,361,0,361,549
09/26/2022,IWA,AZ,AWP,CE,Federal Contract Tower,31,12,30,7,80,0,89,115,0,204,31,101,145,7,284,412,0,412,696
09/27/2022,IWA,AZ,AWP,CE,Federal Contract Tower,17,16,15,0,48,0,129,123,0,252,17,145,138,0,300,640,0,640,940
09/28/2022,IWA,AZ,AWP,CE,Federal Contract Tower,16,20,18,6,60,87,135,1,0,223,103,155,19,6,283,461,0,461,744
09/29/2022,IWA,AZ,AWP,CE,Federal Contract Tower,38,13,8,6,65,0,150,174,2,326,38,163,182,8,391,851,0,851,1242
09/30/2022,IWA,AZ,AWP,CE,Federal Contract Tower,32,18,35,2,87,0,111,167,3,281,32,129,202,5,368,613,0,613,981
10/01/2022,IWA,AZ,AWP,CE,Federal Contract Tower,16,13,19,0,48,0,93,126,0,219,16,106,145,0,267,660,0,660,927
10/02/2022,IWA,AZ,AWP,CE,Federal Contract Tower,37,5,18,0,60,0,39,83,0,122,37,44,101,0,182,369,0,369,551
10/03/2022,IWA,AZ,AWP,CE,Federal Contract Tower,32,7,33,8,80,0,65,123,4,192,32,72,156,12,272,472,6,478,750
10/04/2022,IWA,AZ,AWP,CE,Federal Contract Tower,20,13,18,2,53,0,135,114,0,249,20,148,132,2,302,698,0,698,1000
10/05/2022,IWA,AZ,AWP,CE,Federal Contract Tower,35,22,28,3,88,0,123,139,3,265,35,145,167,6,353,613,11,624,977
10/06/2022,IWA,AZ,AWP,CE,Federal Contract Tower,45,16,19,3,83,0,101,114,0,215,45,117,133,3,298,496,0,496,794
10/07/2022,IWA,AZ,AWP,CE,Federal Contract Tower,39,8,17,2,66,0,85,111,1,197,39,93,128,3,263,554,0,554,817
10/08/2022,IWA,AZ,AWP,CE,Federal Contract Tower,29,10,18,0,57,0,93,86,0,179,29,103,104,0,236,377,0,377,613
10/09/2022,IWA,AZ,AWP,CE,Federal Contract Tower,41,15,32,0,88,0,42,51,0,93,41,57,83,0,181,342,0,342,523
10/10/2022,IWA,AZ,AWP,CE,Federal Contract Tower,38,11,28,2,79,0,112,124,0,236,38,123,152,2,315,510,0,510,825
10/11/2022,IWA,AZ,AWP,CE,Federal Contract Tower,19,14,26,7,66,0,97,150,21,268,19,111,176,28,334,725,20,745,1079
10/12/2022,IWA,AZ,AWP,CE,Federal Contract Tower,24,20,24,10,78,0,120,135,14,269,24,140,159,24,347,666,43,709,1056
10/13/2022,IWA,AZ,AWP,CE,Federal Contract Tower,36,29,31,9,105,0,116,124,8,248,36,145,155,17,353,497,21,518,871
10/14/2022,IWA,AZ,AWP,CE,Federal Contract Tower,35,20,29,2,86,0,123,136,2,261,35,143,165,4,347,504,2,506,853
10/15/2022,IWA,AZ,AWP,CE,Federal Contract Tower,25,8,13,3,49,0,13,28,4,45,25,21,41,7,94,150,0,150,244
10/16/2022,IWA,AZ,AWP,CE,Federal Contract Tower,33,7,14,2,56,0,4,11,0,15,33,11,25,2,71,49,0,49,120
10/17/2022,IWA,AZ,AWP,CE,Federal Contract Tower,33,20,34,3,90,0,130,137,2,269,33,150,171,5,359,684,0,684,1043
10/18/2022,IWA,AZ,AWP,CE,Federal Contract Tower,20,18,20,2,60,0,95,113,11,219,20,113,133,13,279,448,4,452,731
10/19/2022,IWA,AZ,AWP,CE,Federal Contract Tower,24,19,18,6,67,0,120,115,1,236,24,139,133,7,303,518,0,518,821
10/20/2022,IWA,AZ,AWP,CE,Federal Contract Tower,35,18,22,3,78,0,146,114,1,261,35,164,136,4,339,802,5,807,1146
10/21/2022,IWA,AZ,AWP,CE,Federal Contract Tower,33,21,17,17,88,0,111,102,5,218,33,132,119,22,306,594,1,595,901
10/22/2022,IWA,AZ,AWP,CE,Federal Contract Tower,28,6,13,6,53,0,37,91,2,130,28,43,104,8,183,297,6,303,486
10/23/2022,IWA,AZ,AWP,CE,Federal Contract Tower,32,20,20,14,86,0,45,54,7,106,32,65,74,21,192,171,2,173,365
10/24/2022,IWA,AZ,AWP,CE,Federal Contract Tower,33,17,17,5,72,0,110,116,8,234,33,127,133,13,306,766,0,766,1072
10/25/2022,IWA,AZ,AWP,CE,Federal Contract Tower,19,20,19,7,65,0,126,125,5,256,19,146,144,12,321,749,0,749,1070
10/26/2022,IWA,AZ,AWP,CE,Federal Contract Tower,27,19,31,2,79,0,120,114,0,234,27,139,145,2,313,481,0,481,794
10/27/2022,IWA,AZ,AWP,CE,Federal Contract Tower,41,15,24,4,84,0,104,122,3,229,41,119,146,7,313,618,0,618,931
10/28/2022,IWA,AZ,AWP,CE,Federal Contract Tower,29,11,18,13,71,0,99,138,2,239,29,110,156,15,310,651,0,651,961
10/29/2022,IWA,AZ,AWP,CE,Federal Contract Tower,25,6,10,3,44,0,77,110,8,195,25,83,120,11,239,446,0,446,685
10/30/2022,IWA,AZ,AWP,CE,Federal Contract Tower,35,5,18,12,70,0,32,76,0,108,35,37,94,12,178,320,0,320,498
10/31/2022,IWA,AZ,AWP,CE,Federal Contract Tower,30,14,23,2,69,0,81,105,0,186,30,95,128,2,255,654,0,654,909
11/01/2022,IWA,AZ,AWP,CE,Federal Contract Tower,23,19,27,2,71,0,102,98,1,201,23,121,125,3,272,614,0,614,886
11/02/2022,IWA,AZ,AWP,CE,Federal Contract Tower,29,18,20,8,75,0,61,108,1,170,29,79,128,9,245,460,0,460,705
11/03/2022,IWA,AZ,AWP,CE,Federal Contract Tower,38,8,28,12,86,0,52,55,3,110,38,60,83,15,196,199,13,212,408
11/04/2022,IWA,AZ,AWP,CE,Federal Contract Tower,33,15,36,10,94,0,115,138,2,255,33,130,174,12,349,655,7,662,1011
11/05/2022,IWA,AZ,AWP,CE,Federal Contract Tower,22,7,14,5,48,0,70,112,1,183,22,77,126,6,231,609,0,609,840
11/06/2022,IWA,AZ,AWP,CE,Federal Contract Tower,31,15,15,8,69,0,53,67,0,120,31,68,82,8,189,487,0,487,676
11/07/2022,IWA,AZ,AWP,CE,Federal Contract Tower,33,15,30,10,88,0,83,124,0,207,33,98,154,10,295,608,0,608,903
11/08/2022,IWA,AZ,AWP,CE,Federal Contract Tower,24,12,19,8,63,0,100,123,2,225,24,112,142,10,288,625,0,625,913
11/09/2022,IWA,AZ,AWP,CE,Federal Contract Tower,30,20,20,6,76,0,35,53,0,88,30,55,73,6,164,180,0,180,344
11/10/2022,IWA,AZ,AWP,CE,Federal Contract Tower,44,24,30,6,104,0,115,162,0,277,44,139,192,6,381,598,0,598,979
11/11/2022,IWA,AZ,AWP,CE,Federal Contract Tower,36,12,20,0,68,0,103,131,0,234,36,115,151,0,302,483,0,483,785
11/12/2022,IWA,AZ,AWP,CE,Federal Contract Tower,30,7,15,0,52,0,78,123,0,201,30,85,138,0,253,368,0,368,621
11/13/2022,IWA,AZ,AWP,CE,Federal Contract Tower,38,9,15,1,63,0,50,89,0,139,38,59,104,1,202,244,0,244,446
11/14/2022,IWA,AZ,AWP,CE,Federal Contract Tower,33,13,15,8,69,0,105,107,1,213,33,118,122,9,282,620,7,627,909
11/15/2022,IWA,AZ,AWP,CE,Federal Contract Tower,27,14,18,10,69,0,95,120,0,215,27,109,138,10,284,560,1,561,845
11/16/2022,IWA,AZ,AWP,CE,Federal Contract Tower,29,25,12,12,78,0,55,100,2,157,29,80,112,14,235,329,5,334,569
11/17/2022,IWA,AZ,AWP,CE,Federal Contract Tower,38,20,36,6,100,0,73,109,1,183,38,93,145,7,283,584,0,584,867
11/18/2022,IWA,AZ,AWP,CE,Federal Contract Tower,39,16,28,13,96,0,82,149,4,235,39,98,177,17,331,661,0,661,992
11/19/2022,IWA,AZ,AWP,CE,Federal Contract Tower,30,16,13,2,61,0,74,113,0,187,30,90,126,2,248,391,0,391,639
11/20/2022,IWA,AZ,AWP,CE,Federal Contract Tower,37,11,16,9,73,0,50,78,1,129,37,61,94,10,202,328,0,328,530
11/21/2022,IWA,AZ,AWP,CE,Federal Contract Tower,40,11,29,2,82,0,77,126,0,203,40,88,155,2,285,374,0,374,659
11/22/2022,IWA,AZ,AWP,CE,Federal Contract Tower,49,11,37,1,98,0,75,116,1,192,49,86,153,2,290,413,11,424,714
11/23/2022,IWA,AZ,AWP,CE,Federal Contract Tower,48,11,24,0,83,0,71,106,0,177,48,82,130,0,260,438,0,438,698
11/24/2022,IWA,AZ,AWP,CE,Federal Contract Tower,25,6,8,0,39,0,15,21,0,36,25,21,29,0,75,12,0,12,87
11/25/2022,IWA,AZ,AWP,CE,Federal Contract Tower,23,9,7,0,39,0,54,45,0,99,23,63,52,0,138,242,0,242,380
11/26/2022,IWA,AZ,AWP,CE,Federal Contract Tower,19,10,14,0,43,0,41,53,0,94,19,51,67,0,137,2,0,2,139
11/27/2022,IWA,AZ,AWP,CE,Federal Contract Tower,45,13,32,0,90,0,23,66,0,89,45,36,98,0,179,202,0,202,381
11/28/2022,IWA,AZ,AWP,CE,Federal Contract Tower,49,12,21,6,88,0,58,88,0,146,49,70,109,6,234,360,2,362,596
11/29/2022,IWA,AZ,AWP,CE,Federal Contract Tower,19,6,21,9,55,0,73,88,2,163,19,79,109,11,218,349,22,371,589
11/30/2022,IWA,AZ,AWP,CE,Federal Contract Tower,27,16,13,8,64,0,89,96,0,185,27,105,109,8,249,397,6,403,652
12/01/2022,IWA,AZ,AWP,CE,Federal Contract Tower,42,16,20,6,84,0,107,131,0,238,42,123,151,6,322,493,3,496,818
12/02/2022,IWA,AZ,AWP,CE,Federal Contract Tower,43,10,13,10,76,0,100,149,2,251,43,110,162,12,327,368,0,368,695
12/03/2022,IWA,AZ,AWP,CE,Federal Contract Tower,28,11,28,0,67,0,19,41,2,62,28,30,69,2,129,168,0,168,297
12/04/2022,IWA,AZ,AWP,CE,Federal Contract Tower,45,22,32,5,104,0,1,13,0,14,45,23,45,5,118,79,0,79,197
12/05/2022,IWA,AZ,AWP,CE,Federal Contract Tower,37,25,30,6,98,0,50,81,0,131,37,75,111,6,229,242,0,242,471
12/06/2022,IWA,AZ,AWP,CE,Federal Contract Tower,12,7,26,14,59,0,81,131,3,215,12,88,157,17,274,453,12,465,739
12/07/2022,IWA,AZ,AWP,CE,Federal Contract Tower,19,13,20,15,67,1,86,127,12,226,20,99,147,27,293,408,14,422,715
12/08/2022,IWA,AZ,AWP,CE,Federal Contract Tower,43,10,22,20,95,0,86,135,15,236,43,96,157,35,331,494,52,546,877
12/09/2022,IWA,AZ,AWP,CE,Federal Contract Tower,48,20,26,21,115,0,82,155,7,244,48,102,181,28,359,433,10,443,802
12/10/2022,IWA,AZ,AWP,CE,Federal Contract Tower,30,6,21,2,59,0,38,98,2,138,30,44,119,4,197,310,0,310,507
12/11/2022,IWA,AZ,AWP,CE,Federal Contract Tower,39,6,15,20,80,0,32,98,2,132,39,38,113,22,212,329,0,329,541
12/12/2022,IWA,AZ,AWP,CE,Federal Contract Tower,42,11,19,4,76,0,18,56,1,75,42,29,75,5,151,419,0,419,570
12/13/2022,IWA,AZ,AWP,CE,Federal Contract Tower,15,11,18,9,53,0,59,55,0,114,15,70,73,9,167,362,0,362,529
12/14/2022,IWA,AZ,AWP,CE,Federal Contract Tower,9,18,25,6,58,0,80,102,4,186,9,98,127,10,244,353,10,363,607
12/15/2022,IWA,AZ,AWP,CE,Federal Contract Tower,34,10,31,5,80,0,90,106,0,196,34,100,137,5,276,327,3,330,606
12/16/2022,IWA,AZ,AWP,CE,Federal Contract Tower,42,7,31,11,91,0,85,127,5,217,42,92,158,16,308,339,10,349,657
12/17/2022,IWA,AZ,AWP,CE,Federal Contract Tower,41,5,13,11,70,0,41,90,6,137,41,46,103,17,207,278,18,296,503
12/18/2022,IWA,AZ,AWP,CE,Federal Contract Tower,49,3,10,8,70,0,32,74,4,110,49,35,84,12,180,189,0,189,369
12/19/2022,IWA,AZ,AWP,CE,Federal Contract Tower,40,17,25,3,85,0,60,96,1,157,40,77,121,4,242,353,0,353,595
12/20/2022,IWA,AZ,AWP,CE,Federal Contract Tower,45,9,30,6,90,0,82,111,0,193,45,91,141,6,283,312,1,313,596
12/21/2022,IWA,AZ,AWP,CE,Federal Contract Tower,52,14,16,2,84,0,95,96,1,192,52,109,112,3,276,381,9,390,666
12/22/2022,IWA,AZ,AWP,CE,Federal Contract Tower,35,14,19,5,73,0,72,78,0,150,35,86,97,5,223,339,0,339,562
12/23/2022,IWA,AZ,AWP,CE,Federal Contract Tower,34,12,20,1,67,0,90,42,0,132,34,102,62,1,199,230,0,230,429
12/24/2022,IWA,AZ,AWP,CE,Federal Contract Tower,31,5,5,0,41,0,12,11,0,23,31,17,16,0,64,24,0,24,88
12/25/2022,IWA,AZ,AWP,CE,Federal Contract Tower,35,1,0,0,36,0,8,5,0,13,35,9,5,0,49,0,0,0,49
12/26/2022,IWA,AZ,AWP,CE,Federal Contract Tower,46,6,23,0,75,0,44,29,0,73,46,50,52,0,148,119,0,119,267
12/27/2022,IWA,AZ,AWP,CE,Federal Contract Tower,47,1,19,2,69,0,62,57,1,120,47,63,76,3,189,202,0,202,391
12/28/2022,IWA,AZ,AWP,CE,Federal Contract Tower,45,16,22,0,83,0,4,0,0,4,45,20,22,0,87,8,0,8,95
12/29/2022,IWA,AZ,AWP,CE,Federal Contract Tower,47,13,11,1,72,0,58,54,0,112,47,71,65,1,184,304,4,308,492
12/30/2022,IWA,AZ,AWP,CE,Federal Contract Tower,49,14,25,0,88,0,9,11,0,20,49,23,36,0,108,77,0,77,185
12/31/2022,IWA,AZ,AWP,CE,Federal Contract Tower,45,3,9,0,57,0,11,56,0,67,45,14,65,0,124,203,0,203,327
01/01/2023,IWA,AZ,AWP,CE,Federal Contract Tower,41,5,9,0,55,0,0,0,0,0,41,5,9,0,55,0,0,0,55
01/02/2023,IWA,AZ,AWP,CE,Federal Contract Tower,43,2,9,0,54,0,56,34,0,90,43,58,43,0,144,287,0,287,431
01/03/2023,IWA,AZ,AWP,CE,Federal Contract Tower,41,5,19,2,67,0,65,81,5,151,41,70,100,7,218,583,14,597,815
01/04/2023,IWA,AZ,AWP,CE,Federal Contract Tower,34,13,25,5,77,0,97,135,3,235,34,110,160,8,312,394,0,394,706
01/05/2023,IWA,AZ,AWP,CE,Federal Contract Tower,38,12,23,2,75,0,93,125,0,218,38,105,148,2,293,415,0,415,708
01/06/2023,IWA,AZ,AWP,CE,Federal Contract Tower,40,13,28,3,84,0,77,151,1,229,40,90,179,4,313,462,2,464,777
01/07/2023,IWA,AZ,AWP,CE,Federal Contract Tower,26,10,22,11,69,0,63,90,2,155,26,73,112,13,224,398,8,406,630
01/08/2023,IWA,AZ,AWP,CE,Federal Contract Tower,39,6,31,5,81,0,33,84,3,120,39,39,115,8,201,264,1,265,466
01/09/2023,IWA,AZ,AWP,CE,Federal Contract Tower,39,11,26,10,86,0,80,143,6,229,39,91,169,16,315,396,0,396,711
01/10/2023,IWA,AZ,AWP,CE,Federal Contract Tower,20,10,40,4,74,0,79,147,2,228,20,89,187,6,302,598,0,598,900
01/11/2023,IWA,AZ,AWP,CE,Federal Contract Tower,31,15,25,6,77,0,86,119,3,208,31,101,144,9,285,479,36,515,800
01/12/2023,IWA,AZ,AWP,CE,Federal Contract Tower,44,11,29,3,87,0,90,150,0,240,44,101,179,3,327,582,0,582,909
01/13/2023,IWA,AZ,AWP,CE,Federal Contract Tower,44,9,29,8,90,0,75,158,1,234,44,84,187,9,324,301,10,311,635
01/14/2023,IWA,AZ,AWP,CE,Federal Contract Tower,30,10,22,2,64,0,45,113,2,160,30,55,135,4,224,486,0,486,710
01/15/2023,IWA,AZ,AWP,CE,Federal Contract Tower,37,11,14,2,64,0,6,15,1,22,37,17,29,3,86,70,0,70,156
01/16/2023,IWA,AZ,AWP,CE,Federal Contract Tower,39,10,12,0,61,0,9,13,0,22,39,19,25,0,83,30,0,30,113
01/17/2023,IWA,AZ,AWP,CE,Federal Contract Tower,14,18,18,5,55,0,66,135,0,201,14,84,153,5,256,346,2,348,604
01/18/2023,IWA,AZ,AWP,CE,Federal Contract Tower,34,21,30,3,88,0,84,158,0,242,34,105,188,3,330,559,3,562,892
01/19/2023,IWA,AZ,AWP,CE,Federal Contract Tower,39,10,22,7,78,0,104,181,1,286,39,114,203,8,364,599,0,599,963
01/20/2023,IWA,AZ,AWP,CE,Federal Contract Tower,39,13,37,1,90,0,102,200,2,304,39,115,237,3,394,527,0,527,921
01/21/2023,IWA,AZ,AWP,CE,Federal Contract Tower,26,4,26,0,56,0,48,117,1,166,26,52,143,1,222,429,0,429,651
01/22/2023,IWA,AZ,AWP,CE,Federal Contract Tower,39,5,24,1,69,0,34,100,0,134,39,39,124,1,203,438,0,438,641
01/23/2023,IWA,AZ,AWP,CE,Federal Contract Tower,42,7,18,6,73,0,87,130,0,217,42,94,148,6,290,554,0,554,844
01/24/2023,IWA,AZ,AWP,CE,Federal Contract Tower,18,10,28,6,62,0,113,144,6,263,18,123,172,12,325,482,1,483,808
01/25/2023,IWA,AZ,AWP,CE,Federal Contract Tower,35,13,26,4,78,0,139,186,0,325,35,152,212,4,403,690,0,690,1093
01/26/2023,IWA,AZ,AWP,CE,Federal Contract Tower,40,20,24,7,91,0,92,85,10,187,40,112,109,17,278,140,10,150,428
01/27/2023,IWA,AZ,AWP,CE,Federal Contract Tower,39,14,30,15,98,0,135,191,3,329,39,149,221,18,427,616,2,618,1045
01/28/2023,IWA,AZ,AWP,CE,Federal Contract Tower,32,2,20,2,56,0,87,160,2,249,32,89,180,4,305,546,0,546,851
01/29/2023,IWA,AZ,AWP,CE,Federal Contract Tower,38,5,14,14,71,0,40,90,3,133,38,45,104,17,204,394,0,394,598
01/30/2023,IWA,AZ,AWP,CE,Federal Contract Tower,41,8,23,4,76,0,81,116,2,199,41,89,139,6,275,422,0,422,697
01/31/2023,IWA,AZ,AWP,CE,Federal Contract Tower,17,10,23,19,69,0,102,106,2,210,17,112,129,21,279,677,9,686,965
02/01/2023,IWA,AZ,AWP,CE,Federal Contract Tower,35,18,39,8,100,0,132,140,1,273,35,150,179,9,373,504,11,515,888
02/02/2023,IWA,AZ,AWP,CE,Federal Contract Tower,44,16,25,6,91,0,125,168,0,293,44,141,193,6,384,485,0,485,869
02/03/2023,IWA,AZ,AWP,CE,Federal Contract Tower,39,12,44,15,110,0,96,137,4,237,39,108,181,19,347,442,4,446,793
02/04/2023,IWA,AZ,AWP,CE,Federal Contract Tower,30,7,26,3,66,0,61,101,0,162,30,68,127,3,228,409,1,410,638
02/05/2023,IWA,AZ,AWP,CE,Federal Contract Tower,42,5,15,17,79,0,42,96,6,144,42,47,111,23,223,210,0,210,433
02/06/2023,IWA,AZ,AWP,CE,Federal Contract Tower,42,11,23,10,86,0,117,112,2,231,42,128,135,12,317,426,10,436,753
02/07/2023,IWA,AZ,AWP,CE,Federal Contract Tower,21,14,27,4,66,0,91,98,3,192,21,105,125,7,258,459,10,469,727
02/08/2023,IWA,AZ,AWP,CE,Federal Contract Tower,33,14,26,5,78,0,134,111,0,245,33,148,137,5,323,471,9,480,803
02/09/2023,IWA,AZ,AWP,CE,Federal Contract Tower,47,13,23,0,83,0,47,65,5,117,47,60,88,5,200,145,0,145,345
02/10/2023,IWA,AZ,AWP,CE,Federal Contract Tower,42,4,52,2,100,0,67,69,0,136,42,71,121,2,236,202,0,202,438
02/11/2023,IWA,AZ,AWP,CE,Federal Contract Tower,27,7,23,0,57,0,32,42,0,74,27,39,65,0,131,86,0,86,217
02/12/2023,IWA,AZ,AWP,CE,Federal Contract Tower,48,17,33,0,98,0,7,33,0,40,48,24,66,0,138,87,0,87,225
02/13/2023,IWA,AZ,AWP,CE,Federal Contract Tower,42,19,80,0,141,0,27,44,0,71,42,46,124,0,212,148,0,148,360
02/14/2023,IWA,AZ,AWP,CE,Federal Contract Tower,22,9,32,0,63,0,4,22,0,26,22,13,54,0,89,142,0,142,231
02/15/2023,IWA,AZ,AWP,CE,Federal Contract Tower,33,20,27,0,80,0,135,125,0,260,33,155,152,0,340,481,0,481,821
02/16/2023,IWA,AZ,AWP,CE,Federal Contract Tower,48,17,42,6,113,0,125,140,2,267,48,142,182,8,380,427,1,428,808
02/17/2023,IWA,AZ,AWP,CE,Federal Contract Tower,40,4,31,4,79,0,77,89,1,167,40,81,120,5,246,576,0,576,822
02/18/2023,IWA,AZ,AWP,CE,Federal Contract Tower,40,5,27,0,72,0,94,134,0,228,40,99,161,0,300,517,0,517,817
02/19/2023,IWA,AZ,AWP,CE,Federal Contract Tower,43,6,27,0,76,0,47,98,0,145,43,53,125,0,221,435,0,435,656
02/20/2023,IWA,AZ,AWP,CE,Federal Contract Tower,41,11,32,1,85,0,117,153,0,270,41,128,185,1,355,503,4,507,862
02/21/2023,IWA,AZ,AWP,CE,Federal Contract Tower,26,20,32,5,83,0,30,71,0,101,26,50,103,5,184,539,13,552,736
02/22/2023,IWA,AZ,AWP,CE,Federal Contract Tower,30,16,17,0,63,0,7,1,0,8,30,23,18,0,71,19,0,19,90
02/23/2023,IWA,AZ,AWP,CE,Federal Contract Tower,46,6,31,7,90,0,113,129,1,243,46,119,160,8,333,525,2,527,860
02/24/2023,IWA,AZ,AWP,CE,Federal Contract Tower,41,15,22,8,86,0,116,146,0,262,41,131,168,8,348,584,25,609,957
02/25/2023,IWA,AZ,AWP,CE,Federal Contract Tower,40,8,22,2,72,0,85,131,0,216,40,93,153,2,288,407,0,407,695
02/26/2023,IWA,AZ,AWP,CE,Federal Contract Tower,44,15,20,1,80,0,10,35,0,45,44,25,55,1,125,100,0,100,225
02/27/2023,IWA,AZ,AWP,CE,Federal Contract Tower,41,19,28,4,92,0,160,182,0,342,41,179,210,4,434,482,0,482,916
02/28/2023,IWA,AZ,AWP,CE,Federal Contract Tower,27,14,35,11,87,0,127,142,0,269,27,141,177,11,356,584,0,584,940
03/01/2023,IWA,AZ,AWP,CE,Federal Contract Tower,36,18,11,0,65,0,57,71,0,128,36,75,82,0,193,357,0,357,550
03/02/2023,IWA,AZ,AWP,CE,Federal Contract Tower,48,26,19,1,94,0,85,111,2,198,48,111,130,3,292,628,8,636,928
03/03/2023,IWA,AZ,AWP,CE,Federal Contract Tower,44,14,34,3,95,0,127,209,7,343,44,141,243,10,438,467,4,471,909
03/04/2023,IWA,AZ,AWP,CE,Federal Contract Tower,39,16,19,3,77,0,96,108,0,204,39,112,127,3,281,428,0,428,709
03/05/2023,IWA,AZ,AWP,CE,Federal Contract Tower,41,13,42,0,96,0,73,100,0,173,41,86,142,0,269,423,0,423,692
03/06/2023,IWA,AZ,AWP,CE,Federal Contract Tower,46,11,27,5,89,0,133,187,0,320,46,144,214,5,409,565,0,565,974
03/07/2023,IWA,AZ,AWP,CE,Federal Contract Tower,26,23,29,2,80,0,113,144,0,257,26,136,173,2,337,558,0,558,895
03/08/2023,IWA,AZ,AWP,CE,Federal Contract Tower,42,25,24,3,94,0,115,129,0,244,42,140,153,3,338,414,0,414,752
03/09/2023,IWA,AZ,AWP,CE,Federal Contract Tower,47,36,21,8,112,0,150,134,1,285,47,186,155,9,397,559,0,559,956
03/10/2023,IWA,AZ,AWP,CE,Federal Contract Tower,44,17,17,5,83,0,163,122,0,285,44,180,139,5,368,506,0,506,874
03/11/2023,IWA,AZ,AWP,CE,Federal Contract Tower,57,17,11,0,85,0,65,49,2,116,57,82,60,2,201,329,2,331,532
03/12/2023,IWA,AZ,AWP,CE,Federal Contract Tower,47,23,13,4,87,0,66,54,3,123,47,89,67,7,210,292,4,296,506
03/13/2023,IWA,AZ,AWP,CE,Federal Contract Tower,46,24,14,4,88,0,147,119,5,271,46,171,133,9,359,422,0,422,781
03/14/2023,IWA,AZ,AWP,CE,Federal Contract Tower,29,18,17,4,68,0,116,114,0,230,29,134,131,4,298,499,10,509,807
03/15/2023,IWA,AZ,AWP,CE,Federal Contract Tower,42,23,15,1,81,0,48,63,2,113,42,71,78,3,194,398,0,398,592
03/16/2023,IWA,AZ,AWP,CE,Federal Contract Tower,46,35,31,4,116,0,103,113,0,216,46,138,144,4,332,651,0,651,983
03/17/2023,IWA,AZ,AWP,CE,Federal Contract Tower,43,22,32,0,97,0,165,81,1,247,43,187,113,1,344,389,0,389,733
03/18/2023,IWA,AZ,AWP,CE,Federal Contract Tower,59,22,20,1,102,0,79,44,1,124,59,101,64,2,226,157,3,160,386
03/19/2023,IWA,AZ,AWP,CE,Federal Contract Tower,53,18,21,5,97,0,59,31,0,90,53,77,52,5,187,202,0,202,389
03/20/2023,IWA,AZ,AWP,CE,Federal Contract Tower,45,20,20,5,90,0,163,72,2,237,45,183,92,7,327,612,15,627,954
03/21/2023,IWA,AZ,AWP,CE,Federal Contract Tower,25,8,20,5,58,0,54,49,0,103,25,62,69,5,161,336,19,355,516
03/22/2023,IWA,AZ,AWP,CE,Federal Contract Tower,42,17,15,0,74,0,61,45,2,108,42,78,60,2,182,320,0,320,502
03/23/2023,IWA,AZ,AWP,CE,Federal Contract Tower,45,20,15,3,83,0,194,138,4,336,45,214,153,7,419,670,23,693,1112
03/24/2023,IWA,AZ,AWP,CE,Federal Contract Tower,46,28,17,5,96,0,156,55,1,212,46,184,72,6,308,590,0,590,898
03/25/2023,IWA,AZ,AWP,CE,Federal Contract Tower,49,25,23,2,99,0,121,47,3,171,49,146,70,5,270,352,0,352,622
03/26/2023,IWA,AZ,AWP,CE,Federal Contract Tower,44,14,17,5,80,0,74,36,0,110,44,88,53,5,190,292,0,292,482
03/27/2023,IWA,AZ,AWP,CE,Federal Contract Tower,41,20,20,4,85,0,175,76,2,253,41,195,96,6,338,531,16,547,885
03/28/2023,IWA,AZ,AWP,CE,Federal Contract Tower,24,25,17,2,68,0,195,57,0,252,24,220,74,2,320,526,0,526,846
03/29/2023,IWA,AZ,AWP,CE,Federal Contract Tower,39,21,21,1,82,0,191,59,0,250,39,212,80,1,332,425,0,425,757
03/30/2023,IWA,AZ,AWP,CE,Federal Contract Tower,51,7,23,5,86,0,95,39,0,134,51,102,62,5,220,180,4,184,404
03/31/2023,IWA,AZ,AWP,CE,Federal Contract Tower,35,31,18,7,91,0,202,52,2,256,35,233,70,9,347,437,8,445,792
04/01/2023,IWA,AZ,AWP,CE,Federal Contract Tower,46,21,16,4,87,0,174,29,0,203,46,195,45,4,290,371,0,371,661
04/02/2023,IWA,AZ,AWP,CE,Federal Contract Tower,44,20,21,6,91,0,119,44,0,163,44,139,65,6,254,280,0,280,534
04/03/2023,IWA,AZ,AWP,CE,Federal Contract Tower,32,6,23,4,65,0,75,29,0,104,32,81,52,4,169,191,1,192,361
04/04/2023,IWA,AZ,AWP,CE,Federal Contract Tower,25,17,15,6,63,0,97,52,6,155,25,114,67,12,218,179,8,187,405
04/05/2023,IWA,AZ,AWP,CE,Federal Contract Tower,41,38,20,1,100,0,215,54,2,271,41,253,74,3,371,596,0,596,967
04/06/2023,IWA,AZ,AWP,CE,Federal Contract Tower,47,43,21,4,115,0,203,33,1,237,47,246,54,5,352,534,0,534,886
04/07/2023,IWA,AZ,AWP,CE,Federal Contract Tower,33,31,12,0,76,0,173,53,0,226,33,204,65,0,302,534,3,537,839
04/08/2023,IWA,AZ,AWP,CE,Federal Contract Tower,45,25,15,2,87,0,106,27,0,133,45,131,42,2,220,364,67,431,651
04/09/2023,IWA,AZ,AWP,CE,Federal Contract Tower,48,9,7,0,64,0,67,17,0,84,48,76,24,0,148,183,0,183,331
04/10/2023,IWA,AZ,AWP,CE,Federal Contract Tower,41,20,18,0,79,0,168,27,0,195,41,188,45,0,274,413,0,413,687
04/11/2023,IWA,AZ,AWP,CE,Federal Contract Tower,18,25,12,0,55,0,189,25,9,223,18,214,37,9,278,436,16,452,730
04/12/2023,IWA,AZ,AWP,CE,Federal Contract Tower,39,30,12,4,85,0,167,38,0,205,39,197,50,4,290,357,14,371,661
04/13/2023,IWA,AZ,AWP,CE,Federal Contract Tower,43,13,11,3,70,0,147,30,5,182,43,160,41,8,252,119,17,136,388
04/14/2023,IWA,AZ,AWP,CE,Federal Contract Tower,33,27,19,2,81,0,246,42,0,288,33,273,61,2,369,303,8,311,680
04/15/2023,IWA,AZ,AWP,CE,Federal Contract Tower,34,14,12,1,61,0,130,28,0,158,34,144,40,1,219,385,0,385,604
04/16/2023,IWA,AZ,AWP,CE,Federal Contract Tower,43,14,14,1,72,0,99,25,0,124,43,113,39,1,196,321,0,321,517
04/17/2023,IWA,AZ,AWP,CE,Federal Contract Tower,36,20,21,0,77,0,180,30,0,210,36,200,51,0,287,460,0,460,747
04/18/2023,IWA,AZ,AWP,CE,Federal Contract Tower,13,20,17,5,55,0,155,36,1,192,13,175,53,6,247,440,2,442,689
04/19/2023,IWA,AZ,AWP,CE,Federal Contract Tower,33,17,18,1,69,0,152,24,0,176,33,169,42,1,245,339,0,339,584
04/20/2023,IWA,AZ,AWP,CE,Federal Contract Tower,43,31,21,6,101,0,190,53,4,247,43,221,74,10,348,547,0,547,895
04/21/2023,IWA,AZ,AWP,CE,Federal Contract Tower,29,26,14,3,72,0,175,56,0,231,29,201,70,3,303,339,0,339,642
04/22/2023,IWA,AZ,AWP,CE,Federal Contract Tower,30,32,14,1,77,0,123,37,0,160,30,155,51,1,237,180,0,180,417
04/23/2023,IWA,AZ,AWP,CE,Federal Contract Tower,43,23,16,4,86,0,95,21,1,117,43,118,37,5,203,247,0,247,450
04/24/2023,IWA,AZ,AWP,CE,Federal Contract Tower,31,26,16,0,73,0,178,26,0,204,31,204,42,0,277,380,0,380,657
04/25/2023,IWA,AZ,AWP,CE,Federal Contract Tower,13,17,20,9,59,0,175,41,4,220,13,192,61,13,279,410,0,410,689
04/26/2023,IWA,AZ,AWP,CE,Federal Contract Tower,32,12,16,1,61,0,200,30,0,230,32,212,46,1,291,456,0,456,747
04/27/2023,IWA,AZ,AWP,CE,Federal Contract Tower,47,20,18,2,87,0,172,46,2,220,47,192,64,4,307,527,0,527,834
04/28/2023,IWA,AZ,AWP,CE,Federal Contract Tower,37,25,31,8,101,0,174,42,0,216,37,199,73,8,317,615,16,631,948
04/29/2023,IWA,AZ,AWP,CE,Federal Contract Tower,26,29,11,12,78,0,116,31,6,153,26,145,42,18,231,474,16,490,721
04/30/2023,IWA,AZ,AWP,CE,Federal Contract Tower,34,29,21,9,93,0,106,20,3,129,34,135,41,12,222,262,3,265,487
05/01/2023,IWA,AZ,AWP,CE,Federal Contract Tower,31,11,22,4,68,0,96,33,1,130,31,107,55,5,198,267,0,267,465
05/02/2023,IWA,AZ,AWP,CE,Federal Contract Tower,10,18,17,3,48,0,190,48,0,238,10,208,65,3,286,425,19,444,730
05/03/2023,IWA,AZ,AWP,CE,Federal Contract Tower,26,27,16,1,70,0,158,60,4,222,26,185,76,5,292,432,3,435,727
05/04/2023,IWA,AZ,AWP,CE,Federal Contract Tower,39,13,14,0,66,0,130,48,1,179,39,143,62,1,245,402,0,402,647
05/05/2023,IWA,AZ,AWP,CE,Federal Contract Tower,33,17,18,7,75,0,170,63,2,235,33,187,81,9,310,565,2,567,877
05/06/2023,IWA,AZ,AWP,CE,Federal Contract Tower,26,12,8,0,46,0,141,36,0,177,26,153,44,0,223,268,0,268,491
05/07/2023,IWA,AZ,AWP,CE,Federal Contract Tower,37,20,7,4,68,0,121,29,2,152,37,141,36,6,220,420,0,420,640
05/08/2023,IWA,AZ,AWP,CE,Federal Contract Tower,29,17,18,3,67,0,195,78,2,275,29,212,96,5,342,548,0,548,890
05/09/2023,IWA,AZ,AWP,CE,Federal Contract Tower,11,27,13,3,54,0,200,59,0,259,11,227,72,3,313,626,0,626,939
05/10/2023,IWA,AZ,AWP,CE,Federal Contract Tower,28,18,13,6,65,0,167,54,0,221,28,185,67,6,286,518,5,523,809
05/11/2023,IWA,AZ,AWP,CE,Federal Contract Tower,37,19,14,2,72,0,192,36,3,231,37,211,50,5,303,532,0,532,835
05/12/2023,IWA,AZ,AWP,CE,Federal Contract Tower,33,22,18,2,75,0,171,33,0,204,33,193,51,2,279,440,3,443,722
05/13/2023,IWA,AZ,AWP,CE,Federal Contract Tower,24,22,17,16,79,0,93,22,0,115,24,115,39,16,194,280,52,332,526
05/14/2023,IWA,AZ,AWP,CE,Federal Contract Tower,38,17,11,10,76,0,36,19,1,56,38,53,30,11,132,140,0,140,272
05/15/2023,IWA,AZ,AWP,CE,Federal Contract Tower,30,7,12,0,49,0,101,33,2,136,30,108,45,2,185,215,0,215,400
05/16/2023,IWA,AZ,AWP,CE,Federal Contract Tower,11,13,16,0,40,0,135,32,0,167,11,148,48,0,207,358,0,358,565
05/17/2023,IWA,AZ,AWP,CE,Federal Contract Tower,23,26,20,12,81,0,216,36,0,252,23,242,56,12,333,489,0,489,822
05/18/2023,IWA,AZ,AWP,CE,Federal Contract Tower,27,18,17,2,64,0,176,54,0,230,27,194,71,2,294,533,0,533,827
05/19/2023,IWA,AZ,AWP,CE,Federal Contract Tower,27,22,17,3,69,0,167,53,2,222,27,189,70,5,291,386,0,386,677
05/20/2023,IWA,AZ,AWP,CE,Federal Contract Tower,19,31,11,1,62,0,133,18,1,152,19,164,29,2,214,339,0,339,553
05/21/2023,IWA,AZ,AWP,CE,Federal Contract Tower,27,27,4,2,60,0,65,11,1,77,27,92,15,3,137,207,0,207,344
05/22/2023,IWA,AZ,AWP,CE,Federal Contract Tower,25,10,23,3,61,0,160,24,3,187,25,170,47,6,248,397,0,397,645
05/23/2023,IWA,AZ,AWP,CE,Federal Contract Tower,20,10,24,6,60,0,191,77,2,270,20,201,101,8,330,492,14,506,836
05/24/2023,IWA,AZ,AWP,CE,Federal Contract Tower,27,26,26,2,81,0,204,38,3,245,27,230,64,5,326,435,10,445,771
05/25/2023,IWA,AZ,AWP,CE,Federal Contract Tower,30,20,22,2,74,0,163,37,1,201,30,183,59,3,275,351,6,357,632
05/26/2023,IWA,AZ,AWP,CE,Federal Contract Tower,32,20,11,0,63,0,141,50,0,191,32,161,61,0,254,350,0,350,604
05/27/2023,IWA,AZ,AWP,CE,Federal Contract Tower,20,10,3,0,33,0,124,20,0,144,20,134,23,0,177,398,0,398,575
05/28/2023,IWA,AZ,AWP,CE,Federal Contract Tower,27,18,5,0,50,0,58,20,0,78,27,76,25,0,128,84,0,84,212
05/29/2023,IWA,AZ,AWP,CE,Federal Contract Tower,27,14,10,0,51,0,139,11,0,150,27,153,21,0,201,307,0,307,508
05/30/2023,IWA,AZ,AWP,CE,Federal Contract Tower,24,14,27,1,66,0,128,44,0,172,24,142,71,1,238,447,16,463,701
05/31/2023,IWA,AZ,AWP,CE,Federal Contract Tower,32,15,25,2,74,0,165,26,0,191,32,180,51,2,265,268,0,268,533
06/01/2023,IWA,AZ,AWP,CE,Federal Contract Tower,31,18,14,6,69,0,214,38,0,252,31,232,52,6,321,497,18,515,836
06/02/2023,IWA,AZ,AWP,CE,Federal Contract Tower,30,22,13,2,67,0,182,42,1,225,30,204,55,3,292,471,0,471,763
06/03/2023,IWA,AZ,AWP,CE,Federal Contract Tower,24,10,8,1,43,0,137,29,11,177,24,147,37,12,220,406,0,406,626
06/04/2023,IWA,AZ,AWP,CE,Federal Contract Tower,26,8,6,0,40,0,119,31,0,150,26,127,37,0,190,297,0,297,487
06/05/2023,IWA,AZ,AWP,CE,Federal Contract Tower,28,12,17,0,57,0,215,41,0,256,28,227,58,0,313,488,0,488,801
06/06/2023,IWA,AZ,AWP,CE,Federal Contract Tower,18,20,12,2,52,0,224,44,3,271,18,244,56,5,323,450,0,450,773
06/07/2023,IWA,AZ,AWP,CE,Federal Contract Tower,28,26,20,0,74,0,214,37,0,251,28,240,57,0,325,613,0,613,938
06/08/2023,IWA,AZ,AWP,CE,Federal Contract Tower,30,22,21,0,73,0,203,41,0,244,30,225,62,0,317,452,0,452,769
06/09/2023,IWA,AZ,AWP,CE,Federal Contract Tower,30,12,10,4,56,0,218,24,0,242,30,230,34,4,298,592,10,602,900
06/10/2023,IWA,AZ,AWP,CE,Federal Contract Tower,23,10,5,15,53,0,137,19,4,160,23,147,24,19,213,396,13,409,622
06/11/2023,IWA,AZ,AWP,CE,Federal Contract Tower,26,10,13,0,49,0,66,8,0,74,26,76,21,0,123,254,0,254,377
06/12/2023,IWA,AZ,AWP,CE,Federal Contract Tower,25,19,24,4,72,0,219,42,2,263,25,238,66,6,335,596,7,603,938
06/13/2023,IWA,AZ,AWP,CE,Federal Contract Tower,19,16,23,4,62,0,179,57,2,238,19,195,80,6,300,629,0,629,929
06/14/2023,IWA,AZ,AWP,CE,Federal Contract Tower,35,24,24,0,83,0,208,54,0,262,35,232,78,0,345,739,0,739,1084
06/15/2023,IWA,AZ,AWP,CE,Federal Contract Tower,31,25,15,2,73,0,216,65,1,282,31,241,80,3,355,642,4,646,1001
06/16/2023,IWA,AZ,AWP,CE,Federal Contract Tower,28,17,15,2,62,0,185,49,8,242,28,202,64,10,304,464,8,472,776
06/17/2023,IWA,AZ,AWP,CE,Federal Contract Tower,25,14,11,0,50,0,169,35,2,206,25,183,46,2,256,468,0,468,724
06/18/2023,IWA,AZ,AWP,CE,Federal Contract Tower,26,12,9,0,47,0,92,17,1,110,26,104,26,1,157,202,2,204,361
06/19/2023,IWA,AZ,AWP,CE,Federal Contract Tower,31,24,15,0,70,0,196,38,0,234,31,220,53,0,304,423,0,423,727
06/20/2023,IWA,AZ,AWP,CE,Federal Contract Tower,16,23,20,2,61,0,208,57,1,266,16,231,77,3,327,365,0,365,692
06/21/2023,IWA,AZ,AWP,CE,Federal Contract Tower,26,15,25,0,66,0,217,44,0,261,26,232,69,0,327,536,0,536,863
06/22/2023,IWA,AZ,AWP,CE,Federal Contract Tower,29,22,14,2,67,0,220,51,2,273,29,242,65,4,340,592,0,592,932
06/23/2023,IWA,AZ,AWP,CE,Federal Contract Tower,33,27,16,1,77,0,203,55,0,258,33,230,71,1,335,574,3,577,912
06/24/2023,IWA,AZ,AWP,CE,Federal Contract Tower,28,18,8,0,54,0,143,28,1,172,28,161,36,1,226,297,0,297,523
06/25/2023,IWA,AZ,AWP,CE,Federal Contract Tower,27,18,7,2,54,0,74,30,0,104,27,92,37,2,158,94,0,94,252
06/26/2023,IWA,AZ,AWP,CE,Federal Contract Tower,29,17,15,5,66,0,159,34,2,195,29,176,49,7,261,388,11,399,660
06/27/2023,IWA,AZ,AWP,CE,Federal Contract Tower,19,19,18,0,56,0,184,61,1,246,19,203,79,1,302,399,15,414,716
06/28/2023,IWA,AZ,AWP,CE,Federal Contract Tower,30,16,23,4,73,0,173,40,6,219,30,189,63,10,292,368,18,386,678
06/29/2023,IWA,AZ,AWP,CE,Federal Contract Tower,33,34,22,2,91,0,215,29,12,256,33,249,51,14,347,433,2,435,782
06/30/2023,IWA,AZ,AWP,CE,Federal Contract Tower,34,16,7,0,57,0,213,26,0,239,34,229,33,0,296,405,0,405,701
07/01/2023,IWA,AZ,AWP,CE,Federal Contract Tower,26,20,6,0,52,0,112,24,0,136,26,132,30,0,188,167,0,167,355
07/02/2023,IWA,AZ,AWP,CE,Federal Contract Tower,26,8,3,1,38,0,74,14,0,88,26,82,17,1,126,101,0,101,227
07/03/2023,IWA,AZ,AWP,CE,Federal Contract Tower,26,14,12,0,52,0,176,20,0,196,26,190,32,0,248,274,0,274,522
07/04/2023,IWA,AZ,AWP,CE,Federal Contract Tower,12,8,1,0,21,0,54,14,0,68,12,62,15,0,89,118,0,118,207
07/05/2023,IWA,AZ,AWP,CE,Federal Contract Tower,26,26,12,2,66,0,158,59,2,219,26,184,71,4,285,455,22,477,762
07/06/2023,IWA,AZ,AWP,CE,Federal Contract Tower,24,13,13,2,52,0,188,64,2,254,24,201,77,4,306,579,26,605,911
07/07/2023,IWA,AZ,AWP,CE,Federal Contract Tower,26,20,14,2,62,0,201,43,0,244,26,221,57,2,306,444,10,454,760
07/08/2023,IWA,AZ,AWP,CE,Federal Contract Tower,33,13,7,0,53,0,153,6,0,159,33,166,13,0,212,416,0,416,628
07/09/2023,IWA,AZ,AWP,CE,Federal Contract Tower,25,7,8,0,40,0,90,9,2,101,25,97,17,2,141,218,0,218,359
07/10/2023,IWA,AZ,AWP,CE,Federal Contract Tower,26,20,17,4,67,0,182,33,11,226,26,202,50,15,293,462,8,470,763
07/11/2023,IWA,AZ,AWP,CE,Federal Contract Tower,20,17,10,8,55,0,200,30,18,248,20,217,40,26,303,415,2,417,720
07/12/2023,IWA,AZ,AWP,CE,Federal Contract Tower,34,21,14,4,73,0,199,22,0,221,34,220,36,4,294,371,0,371,665
07/13/2023,IWA,AZ,AWP,CE,Federal Contract Tower,30,17,16,0,63,0,165,22,0,187,30,182,38,0,250,350,1,351,601
07/14/2023,IWA,AZ,AWP,CE,Federal Contract Tower,31,22,13,0,66,0,146,36,1,183,31,168,49,1,249,331,4,335,584
07/15/2023,IWA,AZ,AWP,CE,Federal Contract Tower,28,12,11,0,51,0,107,13,0,120,28,119,24,0,171,257,0,257,428
07/16/2023,IWA,AZ,AWP,CE,Federal Contract Tower,23,12,9,1,45,0,77,22,0,99,23,89,31,1,144,274,0,274,418
07/17/2023,IWA,AZ,AWP,CE,Federal Contract Tower,33,8,13,1,55,0,147,16,1,164,33,155,29,2,219,276,2,278,497
07/18/2023,IWA,AZ,AWP,CE,Federal Contract Tower,18,19,17,4,58,0,159,22,0,181,18,178,39,4,239,421,0,421,660
07/19/2023,IWA,AZ,AWP,CE,Federal Contract Tower,32,17,18,0,67,0,170,33,3,206,32,187,51,3,273,360,0,360,633
07/20/2023,IWA,AZ,AWP,CE,Federal Contract Tower,30,16,11,0,57,0,123,32,2,157,30,139,43,2,214,431,0,431,645
07/21/2023,IWA,AZ,AWP,CE,Federal Contract Tower,28,13,13,3,57,0,152,15,0,167,28,165,28,3,224,437,0,437,661
07/22/2023,IWA,AZ,AWP,CE,Federal Contract Tower,34,13,10,1,58,0,116,2,0,118,34,129,12,1,176,214,0,214,390
07/23/2023,IWA,AZ,AWP,CE,Federal Contract Tower,25,10,14,0,49,0,114,17,0,131,25,124,31,0,180,113,0,113,293
07/24/2023,IWA,AZ,AWP,CE,Federal Contract Tower,34,16,15,5,70,0,148,29,3,180,34,164,44,8,250,432,0,432,682
07/25/2023,IWA,AZ,AWP,CE,Federal Contract Tower,23,16,12,2,53,0,176,31,12,219,23,192,43,14,272,296,0,296,568
07/26/2023,IWA,AZ,AWP,CE,Federal Contract Tower,30,30,14,0,74,0,153,20,3,176,30,183,34,3,250,262,0,262,512
07/27/2023,IWA,AZ,AWP,CE,Federal Contract Tower,29,21,13,0,63,0,149,34,2,185,29,170,47,2,248,299,0,299,547
07/28/2023,IWA,AZ,AWP,CE,Federal Contract Tower,31,25,22,1,79,0,148,62,2,212,31,173,84,3,291,384,0,384,675
07/29/2023,IWA,AZ,AWP,CE,Federal Contract Tower,29,15,6,0,50,0,145,26,0,171,29,160,32,0,221,258,0,258,479
07/30/2023,IWA,AZ,AWP,CE,Federal Contract Tower,27,10,7,0,44,0,29,5,0,34,27,39,12,0,78,107,0,107,185
07/31/2023,IWA,AZ,AWP,CE,Federal Contract Tower,32,14,12,4,62,0,114,41,2,157,32,128,53,6,219,262,0,262,481
08/01/2023,IWA,AZ,AWP,CE,Federal Contract Tower,18,26,21,0,65,0,118,32,0,150,18,144,53,0,215,366,0,366,581
08/02/2023,IWA,AZ,AWP,CE,Federal Contract Tower,30,14,17,2,63,0,124,33,0,157,30,138,50,2,220,361,0,361,581
08/03/2023,IWA,AZ,AWP,CE,Federal Contract Tower,27,19,18,1,65,0,166,41,5,212,27,185,59,6,277,426,0,426,703
08/04/2023,IWA,AZ,AWP,CE,Federal Contract Tower,28,17,13,2,60,0,143,42,2,187,28,160,55,4,247,365,0,365,612
08/05/2023,IWA,AZ,AWP,CE,Federal Contract Tower,31,15,16,3,65,0,118,23,0,141,31,133,39,3,206,234,0,234,440
08/06/2023,IWA,AZ,AWP,CE,Federal Contract Tower,27,16,7,0,50,0,84,25,0,109,27,100,32,0,159,246,0,246,405
08/07/2023,IWA,AZ,AWP,CE,Federal Contract Tower,29,18,13,0,60,0,152,22,2,176,29,170,35,2,236,329,0,329,565
08/08/2023,IWA,AZ,AWP,CE,Federal Contract Tower,19,11,11,0,41,0,82,22,0,104,19,93,33,0,145,222,0,222,367
08/09/2023,IWA,AZ,AWP,CE,Federal Contract Tower,29,26,22,0,77,0,165,25,1,191,29,191,47,1,268,380,0,380,648
08/10/2023,IWA,AZ,AWP,CE,Federal Contract Tower,35,25,14,2,76,0,170,29,0,199,35,195,43,2,275,368,11,379,654
08/11/2023,IWA,AZ,AWP,CE,Federal Contract Tower,33,13,11,1,58,0,139,49,3,191,33,152,60,4,249,402,0,402,651
08/12/2023,IWA,AZ,AWP,CE,Federal Contract Tower,29,13,11,0,53,0,103,24,0,127,29,116,35,0,180,384,0,384,564
08/13/2023,IWA,AZ,AWP,CE,Federal Contract Tower,28,18,6,1,53,0,73,8,0,81,28,91,14,1,134,193,0,193,327
08/14/2023,IWA,AZ,AWP,CE,Federal Contract Tower,34,18,11,0,63,0,154,32,1,187,34,172,43,1,250,456,8,464,714
08/15/2023,IWA,AZ,AWP,CE,Federal Contract Tower,16,6,16,3,41,0,161,43,0,204,16,167,59,3,245,500,0,500,745
08/16/2023,IWA,AZ,AWP,CE,Federal Contract Tower,13,7,9,3,32,0,150,29,0,179,13,157,38,3,211,551,4,555,766
08/17/2023,IWA,AZ,AWP,CE,Federal Contract Tower,32,12,18,1,63,0,149,17,0,166,32,161,35,1,229,459,0,459,688
08/18/2023,IWA,AZ,AWP,CE,Federal Contract Tower,31,8,21,1,61,0,93,30,1,124,31,101,51,2,185,229,0,229,414
08/19/2023,IWA,AZ,AWP,CE,Federal Contract Tower,12,16,9,2,39,0,135,35,0,170,12,151,44,2,209,487,0,487,696
08/20/2023,IWA,AZ,AWP,CE,Federal Contract Tower,38,6,3,0,47,0,35,12,0,47,38,41,15,0,94,101,0,101,195
08/21/2023,IWA,AZ,AWP,CE,Federal Contract Tower,26,19,12,4,61,0,99,28,8,135,26,118,40,12,196,345,0,345,541
08/22/2023,IWA,AZ,AWP,CE,Federal Contract Tower,20,27,15,2,64,0,257,34,4,295,20,284,49,6,359,706,6,712,1071
08/23/2023,IWA,AZ,AWP,CE,Federal Contract Tower,14,9,16,5,44,0,217,26,1,244,14,226,42,6,288,569,24,593,881
08/24/2023,IWA,AZ,AWP,CE,Federal Contract Tower,44,23,27,2,96,0,318,29,0,347,44,341,56,2,443,793,0,793,1236
08/25/2023,IWA,AZ,AWP,CE,Federal Contract Tower,35,19,17,3,74,0,265,22,0,287,35,284,39,3,361,791,0,791,1152
08/26/2023,IWA,AZ,AWP,CE,Federal Contract Tower,11,13,3,3,30,0,153,13,1,167,11,166,16,4,197,353,0,353,550
08/27/2023,IWA,AZ,AWP,CE,Federal Contract Tower,37,13,4,4,58,0,89,9,1,99,37,102,13,5,157,292,0,292,449
08/28/2023,IWA,AZ,AWP,CE,Federal Contract Tower,30,21,18,1,70,0,229,45,0,274,30,250,63,1,344,563,0,563,907
08/29/2023,IWA,AZ,AWP,CE,Federal Contract Tower,18,13,19,1,51,0,250,40,0,290,18,263,59,1,341,532,0,532,873
08/30/2023,IWA,AZ,AWP,CE,Federal Contract Tower,15,25,14,6,60,0,286,39,0,325,15,311,53,6,385,733,17,750,1135
08/31/2023,IWA,AZ,AWP,CE,Federal Contract Tower,39,14,14,5,72,0,222,34,0,256,39,236,48,5,328,473,5,478,806
