01/01/2020,IXD,KS,ACE,CE,Federal Contract Tower,0,0,8,0,8,0,0,32,0,32,0,0,40,0,40,36,0,36,76
01/02/2020,IXD,KS,ACE,CE,Federal Contract Tower,0,1,9,0,10,0,0,16,2,18,0,1,25,2,28,2,0,2,30
01/03/2020,IXD,KS,ACE,CE,Federal Contract Tower,0,8,18,0,26,0,3,29,1,33,0,11,47,1,59,22,0,22,81
01/04/2020,IXD,KS,ACE,CE,Federal Contract Tower,0,3,9,0,12,0,0,61,0,61,0,3,70,0,73,148,0,148,221
01/05/2020,IXD,KS,ACE,CE,Federal Contract Tower,0,4,4,0,8,0,0,28,0,28,0,4,32,0,36,16,0,16,52
01/06/2020,IXD,KS,ACE,CE,Federal Contract Tower,0,3,15,3,21,0,0,43,2,45,0,3,58,5,66,86,0,86,152
01/07/2020,IXD,KS,ACE,CE,Federal Contract Tower,0,3,15,1,19,0,0,38,1,39,0,3,53,2,58,82,0,82,140
01/08/2020,IXD,KS,ACE,CE,Federal Contract Tower,0,12,16,0,28,0,0,27,1,28,0,12,43,1,56,50,0,50,106
01/09/2020,IXD,KS,ACE,CE,Federal Contract Tower,0,4,16,0,20,0,0,13,8,21,0,4,29,8,41,22,4,26,67
01/10/2020,IXD,KS,ACE,CE,Federal Contract Tower,0,10,1,0,11,0,0,0,0,0,0,10,1,0,11,0,0,0,11
01/11/2020,IXD,KS,ACE,CE,Federal Contract Tower,0,0,0,0,0,0,0,0,0,0,0,0,0,0,0,0,0,0,0
01/12/2020,IXD,KS,ACE,CE,Federal Contract Tower,0,4,10,0,14,0,0,0,0,0,0,4,10,0,14,0,0,0,14
01/13/2020,IXD,KS,ACE,CE,Federal Contract Tower,0,13,7,2,22,0,0,26,0,26,0,13,33,2,48,46,0,46,94
01/14/2020,IXD,KS,ACE,CE,Federal Contract Tower,0,7,14,3,24,0,0,3,0,3,0,7,17,3,27,4,0,4,31
01/15/2020,IXD,KS,ACE,CE,Federal Contract Tower,0,15,46,0,61,0,0,0,2,2,0,15,46,2,63,0,0,0,63
01/16/2020,IXD,KS,ACE,CE,Federal Contract Tower,0,7,14,0,21,0,1,55,7,63,0,8,69,7,84,112,0,112,196
01/17/2020,IXD,KS,ACE,CE,Federal Contract Tower,0,1,4,0,5,0,0,0,0,0,0,1,4,0,5,0,0,0,5
01/18/2020,IXD,KS,ACE,CE,Federal Contract Tower,0,1,10,0,11,0,0,7,0,7,0,1,17,0,18,6,0,6,24
01/19/2020,IXD,KS,ACE,CE,Federal Contract Tower,0,4,6,0,10,0,2,23,0,25,0,6,29,0,35,38,0,38,73
01/20/2020,IXD,KS,ACE,CE,Federal Contract Tower,0,10,16,0,26,0,0,53,1,54,0,10,69,1,80,74,0,74,154
01/21/2020,IXD,KS,ACE,CE,Federal Contract Tower,0,7,34,0,41,0,1,56,6,63,0,8,90,6,104,72,0,72,176
01/22/2020,IXD,KS,ACE,CE,Federal Contract Tower,0,1,12,0,13,0,0,0,0,0,0,1,12,0,13,0,0,0,13
01/23/2020,IXD,KS,ACE,CE,Federal Contract Tower,0,6,10,0,16,0,0,0,0,0,0,6,10,0,16,0,0,0,16
01/24/2020,IXD,KS,ACE,CE,Federal Contract Tower,0,1,21,0,22,0,0,0,0,0,0,1,21,0,22,0,0,0,22
01/25/2020,IXD,KS,ACE,CE,Federal Contract Tower,0,0,12,0,12,0,0,0,0,0,0,0,12,0,12,0,0,0,12
01/26/2020,IXD,KS,ACE,CE,Federal Contract Tower,0,7,5,0,12,0,4,53,0,57,0,11,58,0,69,82,0,82,151
01/27/2020,IXD,KS,ACE,CE,Federal Contract Tower,0,8,21,0,29,0,0,27,4,31,0,8,48,4,60,24,0,24,84
01/28/2020,IXD,KS,ACE,CE,Federal Contract Tower,0,6,13,0,19,0,0,0,0,0,0,6,13,0,19,0,0,0,19
01/29/2020,IXD,KS,ACE,CE,Federal Contract Tower,0,6,31,0,37,0,2,0,11,13,0,8,31,11,50,28,0,28,78
01/30/2020,IXD,KS,ACE,CE,Federal Contract Tower,0,7,17,0,24,0,5,45,6,56,0,12,62,6,80,88,0,88,168
01/31/2020,IXD,KS,ACE,CE,Federal Contract Tower,0,13,21,2,36,0,0,10,6,16,0,13,31,8,52,38,4,42,94
02/01/2020,IXD,KS,ACE,CE,Federal Contract Tower,0,4,14,0,18,0,17,78,3,98,0,21,92,3,116,222,4,226,342
02/02/2020,IXD,KS,ACE,CE,Federal Contract Tower,0,4,1,1,6,0,0,58,2,60,0,4,59,3,66,92,0,92,158
02/03/2020,IXD,KS,ACE,CE,Federal Contract Tower,0,6,24,1,31,0,3,39,3,45,0,9,63,4,76,12,2,14,90
02/04/2020,IXD,KS,ACE,CE,Federal Contract Tower,0,4,10,0,14,0,0,0,0,0,0,4,10,0,14,0,0,0,14
02/05/2020,IXD,KS,ACE,CE,Federal Contract Tower,0,2,13,0,15,0,0,0,0,0,0,2,13,0,15,0,0,0,15
02/06/2020,IXD,KS,ACE,CE,Federal Contract Tower,0,7,22,0,29,0,4,55,12,71,0,11,77,12,100,124,0,124,224
02/07/2020,IXD,KS,ACE,CE,Federal Contract Tower,0,7,16,0,23,0,4,47,1,52,0,11,63,1,75,74,2,76,151
02/08/2020,IXD,KS,ACE,CE,Federal Contract Tower,0,3,7,2,12,0,7,82,0,89,0,10,89,2,101,156,0,156,257
02/09/2020,IXD,KS,ACE,CE,Federal Contract Tower,0,4,9,0,13,0,0,12,2,14,0,4,21,2,27,14,0,14,41
02/10/2020,IXD,KS,ACE,CE,Federal Contract Tower,0,6,18,0,24,0,5,77,3,85,0,11,95,3,109,102,0,102,211
02/11/2020,IXD,KS,ACE,CE,Federal Contract Tower,0,11,22,0,33,0,4,57,1,62,0,15,79,1,95,106,0,106,201
02/12/2020,IXD,KS,ACE,CE,Federal Contract Tower,0,6,7,0,13,0,0,0,0,0,0,6,7,0,13,0,0,0,13
02/13/2020,IXD,KS,ACE,CE,Federal Contract Tower,0,4,15,0,19,0,3,20,5,28,0,7,35,5,47,24,4,28,75
02/14/2020,IXD,KS,ACE,CE,Federal Contract Tower,0,1,15,0,16,0,0,19,2,21,0,1,34,2,37,58,8,66,103
02/15/2020,IXD,KS,ACE,CE,Federal Contract Tower,0,1,7,0,8,0,0,21,0,21,0,1,28,0,29,72,0,72,101
02/16/2020,IXD,KS,ACE,CE,Federal Contract Tower,0,2,8,0,10,0,0,73,0,73,0,2,81,0,83,220,0,220,303
02/17/2020,IXD,KS,ACE,CE,Federal Contract Tower,0,6,17,0,23,0,0,44,0,44,0,6,61,0,67,106,0,106,173
02/18/2020,IXD,KS,ACE,CE,Federal Contract Tower,0,6,36,1,43,0,15,44,8,67,0,21,80,9,110,136,0,136,246
02/19/2020,IXD,KS,ACE,CE,Federal Contract Tower,0,4,21,1,26,0,2,81,7,90,0,6,102,8,116,118,0,118,234
02/20/2020,IXD,KS,ACE,CE,Federal Contract Tower,0,7,18,0,25,0,9,53,8,70,0,16,71,8,95,22,0,22,117
02/21/2020,IXD,KS,ACE,CE,Federal Contract Tower,0,6,30,1,37,0,3,88,4,95,0,9,118,5,132,174,0,174,306
02/22/2020,IXD,KS,ACE,CE,Federal Contract Tower,0,1,10,0,11,0,2,57,0,59,0,3,67,0,70,54,0,54,124
02/23/2020,IXD,KS,ACE,CE,Federal Contract Tower,0,4,17,4,25,0,0,52,6,58,0,4,69,10,83,126,4,130,213
02/24/2020,IXD,KS,ACE,CE,Federal Contract Tower,0,3,16,2,21,0,0,0,3,3,0,3,16,5,24,0,14,14,38
02/25/2020,IXD,KS,ACE,CE,Federal Contract Tower,0,15,18,1,34,0,1,7,2,10,0,16,25,3,44,22,0,22,66
02/26/2020,IXD,KS,ACE,CE,Federal Contract Tower,0,6,18,0,24,0,14,31,6,51,0,20,49,6,75,76,0,76,151
02/27/2020,IXD,KS,ACE,CE,Federal Contract Tower,0,5,24,0,29,0,1,39,15,55,0,6,63,15,84,56,6,62,146
02/28/2020,IXD,KS,ACE,CE,Federal Contract Tower,0,5,21,0,26,0,12,49,0,61,0,17,70,0,87,92,0,92,179
02/29/2020,IXD,KS,ACE,CE,Federal Contract Tower,0,1,13,1,15,0,3,67,0,70,0,4,80,1,85,150,0,150,235
03/01/2020,IXD,KS,ACE,CE,Federal Contract Tower,0,1,8,2,11,0,0,42,0,42,0,1,50,2,53,82,0,82,135
03/02/2020,IXD,KS,ACE,CE,Federal Contract Tower,0,5,6,5,16,0,4,65,8,77,0,9,71,13,93,178,22,200,293
03/03/2020,IXD,KS,ACE,CE,Federal Contract Tower,0,0,16,1,17,0,4,82,0,86,0,4,98,1,103,114,0,114,217
03/04/2020,IXD,KS,ACE,CE,Federal Contract Tower,0,5,15,2,22,0,8,79,0,87,0,13,94,2,109,184,0,184,293
03/05/2020,IXD,KS,ACE,CE,Federal Contract Tower,0,3,11,0,14,0,5,43,8,56,0,8,54,8,70,2,0,2,72
03/06/2020,IXD,KS,ACE,CE,Federal Contract Tower,0,3,22,2,27,0,8,100,8,116,0,11,122,10,143,188,0,188,331
03/07/2020,IXD,KS,ACE,CE,Federal Contract Tower,0,5,5,0,10,0,5,38,8,51,0,10,43,8,61,46,0,46,107
03/08/2020,IXD,KS,ACE,CE,Federal Contract Tower,0,6,16,0,22,0,0,10,5,15,0,6,26,5,37,0,0,0,37
03/09/2020,IXD,KS,ACE,CE,Federal Contract Tower,0,9,11,0,20,0,0,0,0,0,0,9,11,0,20,0,0,0,20
03/10/2020,IXD,KS,ACE,CE,Federal Contract Tower,0,8,36,3,47,0,0,35,0,35,0,8,71,3,82,110,0,110,192
03/11/2020,IXD,KS,ACE,CE,Federal Contract Tower,0,6,21,0,27,0,4,80,2,86,0,10,101,2,113,153,0,153,266
03/12/2020,IXD,KS,ACE,CE,Federal Contract Tower,0,10,22,0,32,0,9,26,3,38,0,19,48,3,70,58,0,58,128
03/13/2020,IXD,KS,ACE,CE,Federal Contract Tower,0,6,17,1,24,0,8,65,0,73,0,14,82,1,97,130,0,130,227
03/14/2020,IXD,KS,ACE,CE,Federal Contract Tower,0,3,10,0,13,0,0,0,0,0,0,3,10,0,13,0,0,0,13
03/15/2020,IXD,KS,ACE,CE,Federal Contract Tower,0,2,5,0,7,0,0,2,0,2,0,2,7,0,9,24,0,24,33
03/16/2020,IXD,KS,ACE,CE,Federal Contract Tower,0,13,10,0,23,0,0,0,0,0,0,13,10,0,23,0,0,0,23
03/17/2020,IXD,KS,ACE,CE,Federal Contract Tower,0,13,2,0,15,0,1,20,0,21,0,14,22,0,36,68,0,68,104
03/18/2020,IXD,KS,ACE,CE,Federal Contract Tower,0,9,15,0,24,0,0,1,0,1,0,9,16,0,25,8,0,8,33
03/19/2020,IXD,KS,ACE,CE,Federal Contract Tower,0,8,10,0,18,0,1,1,0,2,0,9,11,0,20,14,0,14,34
03/20/2020,IXD,KS,ACE,CE,Federal Contract Tower,0,2,12,0,14,0,3,14,0,17,0,5,26,0,31,30,0,30,61
03/21/2020,IXD,KS,ACE,CE,Federal Contract Tower,0,6,12,0,18,0,1,90,0,91,0,7,102,0,109,174,0,174,283
03/22/2020,IXD,KS,ACE,CE,Federal Contract Tower,0,3,9,0,12,0,0,0,0,0,0,3,9,0,12,0,0,0,12
03/23/2020,IXD,KS,ACE,CE,Federal Contract Tower,0,3,8,0,11,0,0,0,1,1,0,3,8,1,12,0,0,0,12
03/24/2020,IXD,KS,ACE,CE,Federal Contract Tower,0,5,9,0,14,0,0,10,0,10,0,5,19,0,24,0,0,0,24
03/25/2020,IXD,KS,ACE,CE,Federal Contract Tower,0,3,4,0,7,0,8,9,1,18,0,11,13,1,25,26,0,26,51
03/26/2020,IXD,KS,ACE,CE,Federal Contract Tower,0,2,5,0,7,0,2,21,0,23,0,4,26,0,30,16,0,16,46
03/27/2020,IXD,KS,ACE,CE,Federal Contract Tower,0,3,4,0,7,0,0,3,0,3,0,3,7,0,10,4,0,4,14
03/28/2020,IXD,KS,ACE,CE,Federal Contract Tower,0,3,0,0,3,0,0,1,0,1,0,3,1,0,4,0,0,0,4
03/29/2020,IXD,KS,ACE,CE,Federal Contract Tower,0,2,5,0,7,0,0,15,0,15,0,2,20,0,22,8,0,8,30
03/30/2020,IXD,KS,ACE,CE,Federal Contract Tower,0,1,3,2,6,0,0,19,0,19,0,1,22,2,25,12,0,12,37
03/31/2020,IXD,KS,ACE,CE,Federal Contract Tower,0,5,2,0,7,0,6,26,0,32,0,11,28,0,39,18,0,18,57
04/01/2020,IXD,KS,ACE,CE,Federal Contract Tower,0,4,10,0,14,0,0,19,2,21,0,4,29,2,35,24,0,24,59
04/02/2020,IXD,KS,ACE,CE,Federal Contract Tower,0,2,4,0,6,0,0,4,2,6,0,2,8,2,12,8,0,8,20
04/03/2020,IXD,KS,ACE,CE,Federal Contract Tower,0,0,1,0,1,0,0,0,0,0,0,0,1,0,1,6,0,6,7
04/04/2020,IXD,KS,ACE,CE,Federal Contract Tower,0,0,10,0,10,0,1,9,0,10,0,1,19,0,20,22,0,22,42
04/05/2020,IXD,KS,ACE,CE,Federal Contract Tower,0,2,5,0,7,0,0,6,0,6,0,2,11,0,13,6,0,6,19
04/06/2020,IXD,KS,ACE,CE,Federal Contract Tower,0,5,3,0,8,0,0,1,4,5,0,5,4,4,13,0,0,0,13
04/07/2020,IXD,KS,ACE,CE,Federal Contract Tower,0,3,6,0,9,0,0,19,1,20,0,3,25,1,29,32,0,32,61
04/08/2020,IXD,KS,ACE,CE,Federal Contract Tower,0,1,8,0,9,0,0,6,5,11,0,1,14,5,20,0,0,0,20
04/09/2020,IXD,KS,ACE,CE,Federal Contract Tower,0,2,4,0,6,0,0,8,2,10,0,2,12,2,16,8,0,8,24
04/10/2020,IXD,KS,ACE,CE,Federal Contract Tower,0,4,0,0,4,0,0,41,1,42,0,4,41,1,46,30,0,30,76
04/11/2020,IXD,KS,ACE,CE,Federal Contract Tower,0,2,3,0,5,0,0,2,0,2,0,2,5,0,7,0,0,0,7
04/12/2020,IXD,KS,ACE,CE,Federal Contract Tower,0,2,0,0,2,0,0,0,0,0,0,2,0,0,2,0,0,0,2
04/13/2020,IXD,KS,ACE,CE,Federal Contract Tower,0,4,4,0,8,0,0,20,8,28,0,4,24,8,36,12,4,16,52
04/14/2020,IXD,KS,ACE,CE,Federal Contract Tower,0,3,3,2,8,0,0,26,3,29,0,3,29,5,37,36,6,42,79
04/15/2020,IXD,KS,ACE,CE,Federal Contract Tower,0,2,11,0,13,0,9,27,2,38,0,11,38,2,51,24,0,24,75
04/16/2020,IXD,KS,ACE,CE,Federal Contract Tower,0,2,1,0,3,0,0,10,0,10,0,2,11,0,13,0,4,4,17
04/17/2020,IXD,KS,ACE,CE,Federal Contract Tower,0,3,0,4,7,0,1,2,2,5,0,4,2,6,12,0,0,0,12
04/18/2020,IXD,KS,ACE,CE,Federal Contract Tower,0,0,4,0,4,0,0,14,0,14,0,0,18,0,18,38,0,38,56
04/19/2020,IXD,KS,ACE,CE,Federal Contract Tower,0,1,1,0,2,0,0,18,0,18,0,1,19,0,20,16,0,16,36
04/20/2020,IXD,KS,ACE,CE,Federal Contract Tower,0,2,7,0,9,0,0,33,4,37,0,2,40,4,46,48,8,56,102
04/21/2020,IXD,KS,ACE,CE,Federal Contract Tower,0,0,5,0,5,0,4,61,4,69,0,4,66,4,74,58,0,58,132
04/22/2020,IXD,KS,ACE,CE,Federal Contract Tower,0,1,3,0,4,0,1,5,2,8,0,2,8,2,12,0,6,6,18
04/23/2020,IXD,KS,ACE,CE,Federal Contract Tower,0,3,5,6,14,0,0,36,4,40,0,3,41,10,54,24,0,24,78
04/24/2020,IXD,KS,ACE,CE,Federal Contract Tower,0,0,0,0,0,0,0,2,0,2,0,0,2,0,2,0,0,0,2
04/25/2020,IXD,KS,ACE,CE,Federal Contract Tower,0,5,10,0,15,0,0,24,0,24,0,5,34,0,39,32,0,32,71
04/26/2020,IXD,KS,ACE,CE,Federal Contract Tower,0,3,5,0,8,0,0,44,0,44,0,3,49,0,52,108,0,108,160
04/27/2020,IXD,KS,ACE,CE,Federal Contract Tower,0,3,11,0,14,0,3,41,4,48,0,6,52,4,62,30,0,30,92
04/28/2020,IXD,KS,ACE,CE,Federal Contract Tower,0,1,2,2,5,0,2,21,5,28,0,3,23,7,33,6,0,6,39
04/29/2020,IXD,KS,ACE,CE,Federal Contract Tower,0,6,2,1,9,0,8,6,3,17,0,14,8,4,26,2,0,2,28
04/30/2020,IXD,KS,ACE,CE,Federal Contract Tower,0,6,9,0,15,0,13,89,4,106,0,19,98,4,121,140,0,140,261
05/01/2020,IXD,KS,ACE,CE,Federal Contract Tower,0,3,3,7,13,0,1,17,3,21,0,4,20,10,34,20,0,20,54
05/02/2020,IXD,KS,ACE,CE,Federal Contract Tower,0,1,7,0,8,0,1,46,0,47,0,2,53,0,55,70,0,70,125
05/03/2020,IXD,KS,ACE,CE,Federal Contract Tower,0,3,10,0,13,0,0,13,0,13,0,3,23,0,26,18,0,18,44
05/04/2020,IXD,KS,ACE,CE,Federal Contract Tower,0,4,3,4,11,0,0,0,0,0,0,4,3,4,11,0,0,0,11
05/05/2020,IXD,KS,ACE,CE,Federal Contract Tower,0,1,17,2,20,0,4,14,3,21,0,5,31,5,41,0,0,0,41
05/06/2020,IXD,KS,ACE,CE,Federal Contract Tower,0,1,31,0,32,0,6,78,7,91,0,7,109,7,123,152,0,152,275
05/07/2020,IXD,KS,ACE,CE,Federal Contract Tower,0,6,15,0,21,0,8,32,0,40,0,14,47,0,61,70,0,70,131
05/08/2020,IXD,KS,ACE,CE,Federal Contract Tower,0,3,15,2,20,0,5,61,3,69,0,8,76,5,89,36,0,36,125
05/09/2020,IXD,KS,ACE,CE,Federal Contract Tower,0,0,11,0,11,0,0,60,0,60,0,0,71,0,71,114,0,114,185
05/10/2020,IXD,KS,ACE,CE,Federal Contract Tower,0,0,3,0,3,0,0,15,0,15,0,0,18,0,18,10,0,10,28
05/11/2020,IXD,KS,ACE,CE,Federal Contract Tower,0,2,8,0,10,0,0,88,4,92,0,2,96,4,102,172,0,172,274
05/12/2020,IXD,KS,ACE,CE,Federal Contract Tower,0,3,24,0,27,0,0,22,2,24,0,3,46,2,51,38,0,38,89
05/13/2020,IXD,KS,ACE,CE,Federal Contract Tower,0,7,15,0,22,0,0,2,0,2,0,7,17,0,24,0,0,0,24
05/14/2020,IXD,KS,ACE,CE,Federal Contract Tower,0,4,15,0,19,0,2,16,5,23,0,6,31,5,42,66,12,78,120
05/15/2020,IXD,KS,ACE,CE,Federal Contract Tower,0,2,21,4,27,0,0,2,4,6,0,2,23,8,33,2,0,2,35
05/16/2020,IXD,KS,ACE,CE,Federal Contract Tower,0,0,6,0,6,0,0,9,0,9,0,0,15,0,15,84,0,84,99
05/17/2020,IXD,KS,ACE,CE,Federal Contract Tower,0,2,24,0,26,0,0,28,0,28,0,2,52,0,54,20,0,20,74
05/18/2020,IXD,KS,ACE,CE,Federal Contract Tower,0,6,22,0,28,0,0,63,15,78,0,6,85,15,106,140,0,140,246
05/19/2020,IXD,KS,ACE,CE,Federal Contract Tower,0,6,21,0,27,0,0,97,25,122,0,6,118,25,149,233,0,233,382
05/20/2020,IXD,KS,ACE,CE,Federal Contract Tower,0,15,48,3,66,0,9,28,29,66,0,24,76,32,132,102,0,102,234
05/21/2020,IXD,KS,ACE,CE,Federal Contract Tower,0,9,27,11,47,0,3,42,17,62,0,12,69,28,109,126,0,126,235
05/22/2020,IXD,KS,ACE,CE,Federal Contract Tower,0,6,8,0,14,0,2,25,18,45,0,8,33,18,59,80,0,80,139
05/23/2020,IXD,KS,ACE,CE,Federal Contract Tower,0,1,14,0,15,0,0,87,5,92,0,1,101,5,107,184,0,184,291
05/24/2020,IXD,KS,ACE,CE,Federal Contract Tower,0,0,5,0,5,0,0,26,0,26,0,0,31,0,31,110,0,110,141
05/25/2020,IXD,KS,ACE,CE,Federal Contract Tower,0,2,7,0,9,0,0,27,0,27,0,2,34,0,36,106,0,106,142
05/26/2020,IXD,KS,ACE,CE,Federal Contract Tower,0,4,28,0,32,0,0,2,0,2,0,4,30,0,34,0,0,0,34
05/27/2020,IXD,KS,ACE,CE,Federal Contract Tower,0,13,19,0,32,0,6,38,1,45,0,19,57,1,77,168,1,169,246
05/28/2020,IXD,KS,ACE,CE,Federal Contract Tower,0,2,21,0,23,0,0,7,2,9,0,2,28,2,32,26,8,34,66
05/29/2020,IXD,KS,ACE,CE,Federal Contract Tower,0,7,22,0,29,0,15,102,2,119,0,22,124,2,148,204,0,204,352
05/30/2020,IXD,KS,ACE,CE,Federal Contract Tower,0,4,15,0,19,0,0,83,12,95,0,4,98,12,114,200,2,202,316
05/31/2020,IXD,KS,ACE,CE,Federal Contract Tower,0,3,14,2,19,0,0,60,7,67,0,3,74,9,86,160,0,160,246
06/01/2020,IXD,KS,ACE,CE,Federal Contract Tower,0,2,13,0,15,0,0,66,4,70,0,2,79,4,85,194,0,194,279
06/02/2020,IXD,KS,ACE,CE,Federal Contract Tower,0,0,30,0,30,0,0,94,2,96,0,0,124,2,126,194,0,194,320
06/03/2020,IXD,KS,ACE,CE,Federal Contract Tower,0,1,23,0,24,0,2,77,9,88,0,3,100,9,112,188,0,188,300
06/04/2020,IXD,KS,ACE,CE,Federal Contract Tower,0,2,9,0,11,0,4,69,10,83,0,6,78,10,94,140,0,140,234
06/05/2020,IXD,KS,ACE,CE,Federal Contract Tower,0,3,16,0,19,0,9,76,4,89,0,12,92,4,108,238,0,238,346
06/06/2020,IXD,KS,ACE,CE,Federal Contract Tower,0,5,10,1,16,0,0,77,3,80,0,5,87,4,96,118,0,118,214
06/07/2020,IXD,KS,ACE,CE,Federal Contract Tower,0,3,3,4,10,0,1,74,0,75,0,4,77,4,85,56,0,56,141
06/08/2020,IXD,KS,ACE,CE,Federal Contract Tower,0,4,8,0,12,0,0,66,0,66,0,4,74,0,78,102,0,102,180
06/09/2020,IXD,KS,ACE,CE,Federal Contract Tower,0,6,9,0,15,0,1,57,4,62,0,7,66,4,77,118,0,118,195
06/10/2020,IXD,KS,ACE,CE,Federal Contract Tower,0,6,10,1,17,0,3,21,4,28,0,9,31,5,45,36,0,36,81
06/11/2020,IXD,KS,ACE,CE,Federal Contract Tower,0,3,20,1,24,0,2,117,8,127,0,5,137,9,151,256,2,258,409
06/12/2020,IXD,KS,ACE,CE,Federal Contract Tower,0,6,30,0,36,0,22,79,2,103,0,28,109,2,139,206,0,206,345
06/13/2020,IXD,KS,ACE,CE,Federal Contract Tower,0,7,11,0,18,0,0,83,2,85,0,7,94,2,103,200,0,200,303
06/14/2020,IXD,KS,ACE,CE,Federal Contract Tower,0,8,13,0,21,0,0,75,0,75,0,8,88,0,96,150,0,150,246
06/15/2020,IXD,KS,ACE,CE,Federal Contract Tower,0,3,18,0,21,0,2,92,7,101,0,5,110,7,122,126,2,128,250
06/16/2020,IXD,KS,ACE,CE,Federal Contract Tower,0,12,17,0,29,0,2,93,4,99,0,14,110,4,128,238,0,238,366
06/17/2020,IXD,KS,ACE,CE,Federal Contract Tower,0,10,20,0,30,0,2,98,2,102,0,12,118,2,132,188,2,190,322
06/18/2020,IXD,KS,ACE,CE,Federal Contract Tower,0,5,17,0,22,0,7,73,6,86,0,12,90,6,108,172,0,172,280
06/19/2020,IXD,KS,ACE,CE,Federal Contract Tower,0,11,11,0,22,0,2,24,0,26,0,13,35,0,48,54,0,54,102
06/20/2020,IXD,KS,ACE,CE,Federal Contract Tower,0,2,15,0,17,0,0,45,5,50,0,2,60,5,67,70,0,70,137
06/21/2020,IXD,KS,ACE,CE,Federal Contract Tower,0,1,14,0,15,0,1,75,3,79,0,2,89,3,94,166,0,166,260
06/22/2020,IXD,KS,ACE,CE,Federal Contract Tower,0,5,29,0,34,0,5,72,3,80,0,10,101,3,114,138,0,138,252
06/23/2020,IXD,KS,ACE,CE,Federal Contract Tower,0,5,15,0,20,0,5,83,5,93,0,10,98,5,113,168,0,168,281
06/24/2020,IXD,KS,ACE,CE,Federal Contract Tower,0,12,18,1,31,0,1,87,7,95,0,13,105,8,126,194,0,194,320
06/25/2020,IXD,KS,ACE,CE,Federal Contract Tower,0,10,19,1,30,0,2,96,3,101,0,12,115,4,131,166,0,166,297
06/26/2020,IXD,KS,ACE,CE,Federal Contract Tower,0,9,5,1,15,0,1,71,2,74,0,10,76,3,89,146,10,156,245
06/27/2020,IXD,KS,ACE,CE,Federal Contract Tower,0,0,24,0,24,0,0,7,0,7,0,0,31,0,31,44,0,44,75
06/28/2020,IXD,KS,ACE,CE,Federal Contract Tower,0,8,18,0,26,0,1,56,0,57,0,9,74,0,83,88,0,88,171
06/29/2020,IXD,KS,ACE,CE,Federal Contract Tower,0,6,15,0,21,0,0,49,0,49,0,6,64,0,70,166,0,166,236
06/30/2020,IXD,KS,ACE,CE,Federal Contract Tower,0,10,12,0,22,0,0,74,0,74,0,10,86,0,96,164,0,164,260
07/01/2020,IXD,KS,ACE,CE,Federal Contract Tower,0,4,23,2,29,0,1,46,0,47,0,5,69,2,76,188,0,188,264
07/02/2020,IXD,KS,ACE,CE,Federal Contract Tower,0,3,10,0,13,0,0,80,0,80,0,3,90,0,93,180,0,180,273
07/03/2020,IXD,KS,ACE,CE,Federal Contract Tower,0,1,6,0,7,0,0,60,0,60,0,1,66,0,67,134,0,134,201
07/04/2020,IXD,KS,ACE,CE,Federal Contract Tower,0,3,2,1,6,0,0,14,0,14,0,3,16,1,20,22,0,22,42
07/05/2020,IXD,KS,ACE,CE,Federal Contract Tower,0,0,20,0,20,0,0,50,0,50,0,0,70,0,70,124,0,124,194
07/06/2020,IXD,KS,ACE,CE,Federal Contract Tower,0,3,5,0,8,0,1,76,0,77,0,4,81,0,85,184,0,184,269
07/07/2020,IXD,KS,ACE,CE,Federal Contract Tower,0,1,21,0,22,0,1,80,1,82,0,2,101,1,104,212,14,226,330
07/08/2020,IXD,KS,ACE,CE,Federal Contract Tower,0,2,29,6,37,0,8,113,6,127,0,10,142,12,164,192,12,204,368
07/09/2020,IXD,KS,ACE,CE,Federal Contract Tower,0,2,10,0,12,0,2,68,5,75,0,4,78,5,87,190,0,190,277
07/10/2020,IXD,KS,ACE,CE,Federal Contract Tower,0,13,14,0,27,0,3,80,2,85,0,16,94,2,112,140,0,140,252
07/11/2020,IXD,KS,ACE,CE,Federal Contract Tower,0,2,9,0,11,0,0,59,1,60,0,2,68,1,71,66,0,66,137
07/12/2020,IXD,KS,ACE,CE,Federal Contract Tower,0,2,16,0,18,0,0,85,7,92,0,2,101,7,110,156,0,156,266
07/13/2020,IXD,KS,ACE,CE,Federal Contract Tower,0,7,19,0,26,0,0,89,7,96,0,7,108,7,122,190,6,196,318
07/14/2020,IXD,KS,ACE,CE,Federal Contract Tower,0,5,11,0,16,0,3,72,6,81,0,8,83,6,97,230,0,230,327
07/15/2020,IXD,KS,ACE,CE,Federal Contract Tower,0,6,12,3,21,0,0,35,4,39,0,6,47,7,60,160,0,160,220
07/16/2020,IXD,KS,ACE,CE,Federal Contract Tower,0,5,22,0,27,0,3,99,4,106,0,8,121,4,133,212,0,212,345
07/17/2020,IXD,KS,ACE,CE,Federal Contract Tower,0,9,20,0,29,0,2,82,4,88,0,11,102,4,117,224,0,224,341
07/18/2020,IXD,KS,ACE,CE,Federal Contract Tower,0,4,8,0,12,0,2,42,5,49,0,6,50,5,61,106,0,106,167
07/19/2020,IXD,KS,ACE,CE,Federal Contract Tower,0,3,8,1,12,0,2,43,2,47,0,5,51,3,59,120,0,120,179
07/20/2020,IXD,KS,ACE,CE,Federal Contract Tower,0,3,11,0,14,0,0,30,2,32,0,3,41,2,46,126,0,126,172
07/21/2020,IXD,KS,ACE,CE,Federal Contract Tower,0,12,14,2,28,0,3,33,3,39,0,15,47,5,67,94,0,94,161
07/22/2020,IXD,KS,ACE,CE,Federal Contract Tower,0,8,21,0,29,0,2,97,10,109,0,10,118,10,138,196,2,198,336
07/23/2020,IXD,KS,ACE,CE,Federal Contract Tower,0,13,37,2,52,0,1,132,11,144,0,14,169,13,196,322,0,322,518
07/24/2020,IXD,KS,ACE,CE,Federal Contract Tower,0,6,20,0,26,0,8,84,8,100,0,14,104,8,126,148,0,148,274
07/25/2020,IXD,KS,ACE,CE,Federal Contract Tower,0,2,15,4,21,0,4,52,2,58,0,6,67,6,79,174,6,180,259
07/26/2020,IXD,KS,ACE,CE,Federal Contract Tower,0,9,14,0,23,0,1,76,0,77,0,10,90,0,100,192,0,192,292
07/27/2020,IXD,KS,ACE,CE,Federal Contract Tower,0,18,12,0,30,0,1,41,2,44,0,19,53,2,74,94,0,94,168
07/28/2020,IXD,KS,ACE,CE,Federal Contract Tower,0,7,15,1,23,0,1,64,11,76,0,8,79,12,99,162,0,162,261
07/29/2020,IXD,KS,ACE,CE,Federal Contract Tower,0,6,16,1,23,0,1,7,0,8,0,7,23,1,31,8,0,8,39
07/30/2020,IXD,KS,ACE,CE,Federal Contract Tower,0,15,12,6,33,0,0,0,2,2,0,15,12,8,35,2,0,2,37
07/31/2020,IXD,KS,ACE,CE,Federal Contract Tower,0,5,25,0,30,0,2,43,5,50,0,7,68,5,80,60,0,60,140
08/01/2020,IXD,KS,ACE,CE,Federal Contract Tower,0,4,14,0,18,0,0,63,3,66,0,4,77,3,84,194,4,198,282
08/02/2020,IXD,KS,ACE,CE,Federal Contract Tower,0,2,12,0,14,0,0,62,0,62,0,2,74,0,76,152,0,152,228
08/03/2020,IXD,KS,ACE,CE,Federal Contract Tower,0,4,18,2,24,0,0,100,0,100,0,4,118,2,124,344,0,344,468
08/04/2020,IXD,KS,ACE,CE,Federal Contract Tower,0,1,24,0,25,0,5,117,6,128,0,6,141,6,153,218,0,218,371
08/05/2020,IXD,KS,ACE,CE,Federal Contract Tower,0,0,22,0,22,0,9,95,9,113,0,9,117,9,135,180,0,180,315
08/06/2020,IXD,KS,ACE,CE,Federal Contract Tower,0,6,23,0,29,0,6,94,12,112,0,12,117,12,141,284,6,290,431
08/07/2020,IXD,KS,ACE,CE,Federal Contract Tower,0,6,11,0,17,0,2,30,1,33,0,8,41,1,50,84,0,84,134
08/08/2020,IXD,KS,ACE,CE,Federal Contract Tower,0,7,16,1,24,0,3,42,0,45,0,10,58,1,69,122,0,122,191
08/09/2020,IXD,KS,ACE,CE,Federal Contract Tower,0,5,15,0,20,0,1,48,0,49,0,6,63,0,69,70,0,70,139
08/10/2020,IXD,KS,ACE,CE,Federal Contract Tower,0,9,28,0,37,0,0,88,8,96,0,9,116,8,133,172,0,172,305
08/11/2020,IXD,KS,ACE,CE,Federal Contract Tower,0,5,26,0,31,0,3,82,6,91,0,8,108,6,122,228,0,228,350
08/12/2020,IXD,KS,ACE,CE,Federal Contract Tower,0,8,17,1,26,0,9,86,1,96,0,17,103,2,122,184,0,184,306
08/13/2020,IXD,KS,ACE,CE,Federal Contract Tower,0,8,16,0,24,0,7,50,4,61,0,15,66,4,85,266,20,286,371
08/14/2020,IXD,KS,ACE,CE,Federal Contract Tower,0,11,30,4,45,0,7,98,3,108,0,18,128,7,153,156,0,156,309
08/15/2020,IXD,KS,ACE,CE,Federal Contract Tower,0,9,12,0,21,0,1,49,0,50,0,10,61,0,71,124,0,124,195
08/16/2020,IXD,KS,ACE,CE,Federal Contract Tower,0,6,18,0,24,0,4,76,4,84,0,10,94,4,108,192,0,192,300
08/17/2020,IXD,KS,ACE,CE,Federal Contract Tower,0,3,19,0,22,0,1,101,2,104,0,4,120,2,126,194,0,194,320
08/18/2020,IXD,KS,ACE,CE,Federal Contract Tower,0,7,14,0,21,0,8,107,4,119,0,15,121,4,140,214,0,214,354
08/19/2020,IXD,KS,ACE,CE,Federal Contract Tower,0,6,10,0,16,0,14,65,1,80,0,20,75,1,96,206,2,208,304
08/20/2020,IXD,KS,ACE,CE,Federal Contract Tower,0,6,24,2,32,0,16,75,5,96,0,22,99,7,128,92,2,94,222
08/21/2020,IXD,KS,ACE,CE,Federal Contract Tower,0,7,15,1,23,0,8,71,1,80,0,15,86,2,103,100,0,100,203
08/22/2020,IXD,KS,ACE,CE,Federal Contract Tower,0,3,6,0,9,0,9,53,5,67,0,12,59,5,76,102,0,102,178
08/23/2020,IXD,KS,ACE,CE,Federal Contract Tower,0,4,13,2,19,0,4,78,4,86,0,8,91,6,105,68,0,68,173
08/24/2020,IXD,KS,ACE,CE,Federal Contract Tower,0,5,20,3,28,0,2,67,5,74,0,7,87,8,102,132,2,134,236
08/25/2020,IXD,KS,ACE,CE,Federal Contract Tower,0,8,23,0,31,0,7,71,7,85,0,15,94,7,116,184,6,190,306
08/26/2020,IXD,KS,ACE,CE,Federal Contract Tower,0,8,20,2,30,0,13,95,3,111,0,21,115,5,141,192,0,192,333
08/27/2020,IXD,KS,ACE,CE,Federal Contract Tower,0,5,18,2,25,0,11,78,7,96,0,16,96,9,121,244,2,246,367
08/28/2020,IXD,KS,ACE,CE,Federal Contract Tower,0,6,14,2,22,0,10,98,4,112,0,16,112,6,134,188,0,188,322
08/29/2020,IXD,KS,ACE,CE,Federal Contract Tower,0,1,16,0,17,0,0,27,0,27,0,1,43,0,44,24,0,24,68
08/30/2020,IXD,KS,ACE,CE,Federal Contract Tower,0,4,25,0,29,0,2,61,0,63,0,6,86,0,92,152,0,152,244
08/31/2020,IXD,KS,ACE,CE,Federal Contract Tower,0,14,21,0,35,0,1,14,0,15,0,15,35,0,50,20,0,20,70
09/01/2020,IXD,KS,ACE,CE,Federal Contract Tower,0,15,17,1,33,0,2,30,2,34,0,17,47,3,67,112,0,112,179
09/02/2020,IXD,KS,ACE,CE,Federal Contract Tower,0,9,24,1,34,0,9,74,7,90,0,18,98,8,124,170,0,170,294
09/03/2020,IXD,KS,ACE,CE,Federal Contract Tower,0,10,23,3,36,0,8,49,6,63,0,18,72,9,99,116,4,120,219
09/04/2020,IXD,KS,ACE,CE,Federal Contract Tower,0,6,20,0,26,0,9,75,0,84,0,15,95,0,110,168,0,168,278
09/05/2020,IXD,KS,ACE,CE,Federal Contract Tower,0,4,1,0,5,0,4,90,0,94,0,8,91,0,99,166,0,166,265
09/06/2020,IXD,KS,ACE,CE,Federal Contract Tower,0,2,13,0,15,0,1,22,0,23,0,3,35,0,38,26,0,26,64
09/07/2020,IXD,KS,ACE,CE,Federal Contract Tower,0,9,15,0,24,0,0,63,0,63,0,9,78,0,87,118,0,118,205
09/08/2020,IXD,KS,ACE,CE,Federal Contract Tower,0,6,8,2,16,0,0,6,0,6,0,6,14,2,22,0,0,0,22
09/09/2020,IXD,KS,ACE,CE,Federal Contract Tower,0,9,21,0,30,0,0,0,0,0,0,9,21,0,30,0,0,0,30
09/10/2020,IXD,KS,ACE,CE,Federal Contract Tower,0,5,11,0,16,0,0,0,0,0,0,5,11,0,16,0,0,0,16
09/11/2020,IXD,KS,ACE,CE,Federal Contract Tower,0,6,27,0,33,0,0,6,2,8,0,6,33,2,41,2,0,2,43
09/12/2020,IXD,KS,ACE,CE,Federal Contract Tower,0,7,14,0,21,0,5,50,4,59,0,12,64,4,80,60,0,60,140
09/13/2020,IXD,KS,ACE,CE,Federal Contract Tower,0,5,13,0,18,0,0,70,10,80,0,5,83,10,98,126,0,126,224
09/14/2020,IXD,KS,ACE,CE,Federal Contract Tower,0,3,18,0,21,0,8,91,9,108,0,11,109,9,129,144,0,144,273
09/15/2020,IXD,KS,ACE,CE,Federal Contract Tower,0,3,12,0,15,0,11,78,3,92,0,14,90,3,107,188,0,188,295
09/16/2020,IXD,KS,ACE,CE,Federal Contract Tower,0,6,20,0,26,0,6,72,3,81,0,12,92,3,107,185,0,185,292
09/17/2020,IXD,KS,ACE,CE,Federal Contract Tower,0,3,25,1,29,0,9,64,6,79,0,12,89,7,108,222,0,222,330
09/18/2020,IXD,KS,ACE,CE,Federal Contract Tower,0,8,18,3,29,0,21,81,7,109,0,29,99,10,138,142,0,142,280
09/19/2020,IXD,KS,ACE,CE,Federal Contract Tower,0,1,8,0,9,0,0,76,1,77,0,1,84,1,86,56,0,56,142
09/20/2020,IXD,KS,ACE,CE,Federal Contract Tower,0,7,19,0,26,0,1,56,0,57,0,8,75,0,83,132,0,132,215
09/21/2020,IXD,KS,ACE,CE,Federal Contract Tower,0,7,17,0,24,0,7,84,4,95,0,14,101,4,119,216,0,216,335
09/22/2020,IXD,KS,ACE,CE,Federal Contract Tower,0,1,17,1,19,0,2,72,7,81,0,3,89,8,100,160,4,164,264
09/23/2020,IXD,KS,ACE,CE,Federal Contract Tower,0,5,38,0,43,0,7,56,7,70,0,12,94,7,113,128,0,128,241
09/24/2020,IXD,KS,ACE,CE,Federal Contract Tower,0,13,20,2,35,0,2,78,13,93,0,15,98,15,128,150,18,168,296
09/25/2020,IXD,KS,ACE,CE,Federal Contract Tower,0,10,25,3,38,0,9,86,5,100,0,19,111,8,138,100,2,102,240
09/26/2020,IXD,KS,ACE,CE,Federal Contract Tower,0,2,10,1,13,0,0,49,0,49,0,2,59,1,62,42,0,42,104
09/27/2020,IXD,KS,ACE,CE,Federal Contract Tower,0,11,17,1,29,0,0,8,0,8,0,11,25,1,37,32,0,32,69
09/28/2020,IXD,KS,ACE,CE,Federal Contract Tower,0,3,8,0,11,0,9,41,12,62,0,12,49,12,73,100,4,104,177
09/29/2020,IXD,KS,ACE,CE,Federal Contract Tower,0,2,15,0,17,0,6,87,0,93,0,8,102,0,110,170,0,170,280
09/30/2020,IXD,KS,ACE,CE,Federal Contract Tower,0,9,25,0,34,0,1,56,1,58,0,10,81,1,92,70,0,70,162
10/01/2020,IXD,KS,ACE,CE,Federal Contract Tower,0,10,27,0,37,0,7,52,0,59,0,17,79,0,96,72,0,72,168
10/02/2020,IXD,KS,ACE,CE,Federal Contract Tower,0,5,21,0,26,0,8,132,0,140,0,13,153,0,166,274,0,274,440
10/03/2020,IXD,KS,ACE,CE,Federal Contract Tower,0,2,8,0,10,0,1,58,0,59,0,3,66,0,69,202,0,202,271
10/04/2020,IXD,KS,ACE,CE,Federal Contract Tower,0,11,10,0,21,0,0,100,0,100,0,11,110,0,121,244,0,244,365
10/05/2020,IXD,KS,ACE,CE,Federal Contract Tower,0,6,20,0,26,0,4,43,2,49,0,10,63,2,75,28,0,28,103
10/06/2020,IXD,KS,ACE,CE,Federal Contract Tower,0,8,28,0,36,0,1,91,4,96,0,9,119,4,132,232,0,232,364
10/07/2020,IXD,KS,ACE,CE,Federal Contract Tower,0,7,13,0,20,0,6,59,4,69,0,13,72,4,89,226,0,226,315
10/08/2020,IXD,KS,ACE,CE,Federal Contract Tower,0,14,29,0,43,0,5,78,13,96,0,19,107,13,139,166,0,166,305
10/09/2020,IXD,KS,ACE,CE,Federal Contract Tower,0,7,32,0,39,0,9,58,0,67,0,16,90,0,106,100,0,100,206
10/10/2020,IXD,KS,ACE,CE,Federal Contract Tower,0,1,7,0,8,0,1,40,0,41,0,2,47,0,49,100,0,100,149
10/11/2020,IXD,KS,ACE,CE,Federal Contract Tower,0,8,18,0,26,0,0,38,0,38,0,8,56,0,64,116,0,116,180
10/12/2020,IXD,KS,ACE,CE,Federal Contract Tower,0,6,17,0,23,0,2,61,0,63,0,8,78,0,86,114,0,114,200
10/13/2020,IXD,KS,ACE,CE,Federal Contract Tower,0,7,24,0,31,0,1,92,3,96,0,8,116,3,127,136,0,136,263
10/14/2020,IXD,KS,ACE,CE,Federal Contract Tower,0,7,18,0,25,0,5,42,4,51,0,12,60,4,76,58,0,58,134
10/15/2020,IXD,KS,ACE,CE,Federal Contract Tower,0,5,15,2,22,0,6,63,5,74,0,11,78,7,96,164,6,170,266
10/16/2020,IXD,KS,ACE,CE,Federal Contract Tower,0,9,23,0,32,0,2,90,3,95,0,11,113,3,127,134,0,134,261
10/17/2020,IXD,KS,ACE,CE,Federal Contract Tower,0,1,25,0,26,0,0,4,0,4,0,1,29,0,30,0,0,0,30
10/18/2020,IXD,KS,ACE,CE,Federal Contract Tower,0,5,33,0,38,0,0,45,0,45,0,5,78,0,83,94,0,94,177
10/19/2020,IXD,KS,ACE,CE,Federal Contract Tower,0,2,22,0,24,0,5,78,2,85,0,7,100,2,109,214,0,214,323
10/20/2020,IXD,KS,ACE,CE,Federal Contract Tower,0,12,25,2,39,0,0,0,0,0,0,12,25,2,39,0,0,0,39
10/21/2020,IXD,KS,ACE,CE,Federal Contract Tower,0,10,36,0,46,0,0,0,0,0,0,10,36,0,46,0,0,0,46
10/22/2020,IXD,KS,ACE,CE,Federal Contract Tower,0,9,23,2,34,0,7,30,4,41,0,16,53,6,75,40,0,40,115
10/23/2020,IXD,KS,ACE,CE,Federal Contract Tower,0,8,20,0,28,0,2,14,4,20,0,10,34,4,48,102,0,102,150
10/24/2020,IXD,KS,ACE,CE,Federal Contract Tower,0,1,27,0,28,0,0,53,0,53,0,1,80,0,81,116,0,116,197
10/25/2020,IXD,KS,ACE,CE,Federal Contract Tower,0,3,16,0,19,0,0,5,0,5,0,3,21,0,24,68,0,68,92
10/26/2020,IXD,KS,ACE,CE,Federal Contract Tower,0,1,3,0,4,0,0,0,0,0,0,1,3,0,4,0,0,0,4
10/27/2020,IXD,KS,ACE,CE,Federal Contract Tower,0,4,11,0,15,0,6,3,0,9,0,10,14,0,24,20,0,20,44
10/28/2020,IXD,KS,ACE,CE,Federal Contract Tower,0,8,20,1,29,0,7,50,7,64,0,15,70,8,93,228,0,228,321
10/29/2020,IXD,KS,ACE,CE,Federal Contract Tower,0,7,14,0,21,0,7,50,2,59,0,14,64,2,80,92,0,92,172
10/30/2020,IXD,KS,ACE,CE,Federal Contract Tower,0,12,16,2,30,0,6,103,8,117,0,18,119,10,147,208,0,208,355
10/31/2020,IXD,KS,ACE,CE,Federal Contract Tower,0,2,13,2,17,0,0,41,0,41,0,2,54,2,58,60,0,60,118
11/01/2020,IXD,KS,ACE,CE,Federal Contract Tower,0,6,8,1,15,0,3,81,0,84,0,9,89,1,99,208,0,208,307
11/02/2020,IXD,KS,ACE,CE,Federal Contract Tower,0,14,14,0,28,0,1,87,6,94,0,15,101,6,122,114,0,114,236
11/03/2020,IXD,KS,ACE,CE,Federal Contract Tower,0,1,16,0,17,0,3,79,3,85,0,4,95,3,102,150,0,150,252
11/04/2020,IXD,KS,ACE,CE,Federal Contract Tower,0,4,18,0,22,0,8,76,0,84,0,12,94,0,106,154,0,154,260
11/05/2020,IXD,KS,ACE,CE,Federal Contract Tower,0,6,19,0,25,0,11,96,4,111,0,17,115,4,136,218,0,218,354
11/06/2020,IXD,KS,ACE,CE,Federal Contract Tower,0,3,13,0,16,0,3,44,4,51,0,6,57,4,67,94,0,94,161
11/07/2020,IXD,KS,ACE,CE,Federal Contract Tower,0,10,17,0,27,0,0,65,0,65,0,10,82,0,92,90,0,90,182
11/08/2020,IXD,KS,ACE,CE,Federal Contract Tower,0,4,15,1,20,0,0,17,6,23,0,4,32,7,43,80,0,80,123
11/09/2020,IXD,KS,ACE,CE,Federal Contract Tower,0,5,12,0,17,0,2,13,5,20,0,7,25,5,37,14,0,14,51
11/10/2020,IXD,KS,ACE,CE,Federal Contract Tower,0,8,8,0,16,0,3,0,3,6,0,11,8,3,22,0,0,0,22
11/11/2020,IXD,KS,ACE,CE,Federal Contract Tower,0,2,22,0,24,0,11,102,1,114,0,13,124,1,138,242,2,244,382
11/12/2020,IXD,KS,ACE,CE,Federal Contract Tower,0,4,40,0,44,0,10,58,5,73,0,14,98,5,117,90,4,94,211
11/13/2020,IXD,KS,ACE,CE,Federal Contract Tower,0,4,13,1,18,0,4,79,3,86,0,8,92,4,104,208,0,208,312
11/14/2020,IXD,KS,ACE,CE,Federal Contract Tower,0,0,7,0,7,0,0,0,0,0,0,0,7,0,7,0,0,0,7
11/15/2020,IXD,KS,ACE,CE,Federal Contract Tower,0,0,12,0,12,0,1,42,0,43,0,1,54,0,55,52,0,52,107
11/16/2020,IXD,KS,ACE,CE,Federal Contract Tower,0,4,23,4,31,0,4,67,2,73,0,8,90,6,104,116,0,116,220
11/17/2020,IXD,KS,ACE,CE,Federal Contract Tower,0,2,21,0,23,0,2,82,5,89,0,4,103,5,112,158,0,158,270
11/18/2020,IXD,KS,ACE,CE,Federal Contract Tower,0,11,14,0,25,0,5,7,4,16,0,16,21,4,41,40,0,40,81
11/19/2020,IXD,KS,ACE,CE,Federal Contract Tower,0,13,17,0,30,0,4,20,6,30,0,17,37,6,60,22,0,22,82
11/20/2020,IXD,KS,ACE,CE,Federal Contract Tower,0,4,23,1,28,0,6,70,4,80,0,10,93,5,108,148,4,152,260
11/21/2020,IXD,KS,ACE,CE,Federal Contract Tower,0,3,16,0,19,0,6,29,0,35,0,9,45,0,54,108,0,108,162
11/22/2020,IXD,KS,ACE,CE,Federal Contract Tower,0,5,10,1,16,0,0,53,0,53,0,5,63,1,69,180,0,180,249
11/23/2020,IXD,KS,ACE,CE,Federal Contract Tower,0,1,3,0,4,0,2,11,2,15,0,3,14,2,19,28,10,38,57
11/24/2020,IXD,KS,ACE,CE,Federal Contract Tower,0,14,12,0,26,0,0,0,2,2,0,14,12,2,28,14,0,14,42
11/25/2020,IXD,KS,ACE,CE,Federal Contract Tower,0,5,10,0,15,0,0,2,0,2,0,5,12,0,17,0,0,0,17
11/26/2020,IXD,KS,ACE,CE,Federal Contract Tower,0,5,5,0,10,0,0,21,0,21,0,5,26,0,31,54,0,54,85
11/27/2020,IXD,KS,ACE,CE,Federal Contract Tower,0,3,12,0,15,0,0,53,0,53,0,3,65,0,68,56,0,56,124
11/28/2020,IXD,KS,ACE,CE,Federal Contract Tower,0,5,14,0,19,0,0,86,0,86,0,5,100,0,105,200,0,200,305
11/29/2020,IXD,KS,ACE,CE,Federal Contract Tower,0,6,14,0,20,0,0,21,0,21,0,6,35,0,41,58,0,58,99
11/30/2020,IXD,KS,ACE,CE,Federal Contract Tower,0,3,14,0,17,0,7,64,2,73,0,10,78,2,90,118,0,118,208
12/01/2020,IXD,KS,ACE,CE,Federal Contract Tower,0,7,11,3,21,0,4,62,4,70,0,11,73,7,91,118,0,118,209
12/02/2020,IXD,KS,ACE,CE,Federal Contract Tower,0,6,10,2,18,0,4,43,4,51,0,10,53,6,69,158,0,158,227
12/03/2020,IXD,KS,ACE,CE,Federal Contract Tower,0,2,10,0,12,0,4,16,4,24,0,6,26,4,36,28,4,32,68
12/04/2020,IXD,KS,ACE,CE,Federal Contract Tower,0,1,8,0,9,0,6,74,4,84,0,7,82,4,93,78,2,80,173
12/05/2020,IXD,KS,ACE,CE,Federal Contract Tower,0,4,9,0,13,0,3,69,0,72,0,7,78,0,85,192,0,192,277
12/06/2020,IXD,KS,ACE,CE,Federal Contract Tower,0,1,20,0,21,0,0,95,0,95,0,1,115,0,116,188,0,188,304
12/07/2020,IXD,KS,ACE,CE,Federal Contract Tower,0,3,10,0,13,0,0,57,4,61,0,3,67,4,74,98,0,98,172
12/08/2020,IXD,KS,ACE,CE,Federal Contract Tower,0,7,21,4,32,0,3,71,2,76,0,10,92,6,108,158,0,158,266
12/09/2020,IXD,KS,ACE,CE,Federal Contract Tower,0,17,26,0,43,0,3,91,1,95,0,20,117,1,138,150,0,150,288
12/10/2020,IXD,KS,ACE,CE,Federal Contract Tower,0,9,22,0,31,0,11,86,8,105,0,20,108,8,136,252,4,256,392
12/11/2020,IXD,KS,ACE,CE,Federal Contract Tower,0,5,16,0,21,0,0,12,0,12,0,5,28,0,33,76,0,76,109
12/12/2020,IXD,KS,ACE,CE,Federal Contract Tower,0,4,10,0,14,0,0,2,0,2,0,4,12,0,16,30,0,30,46
12/13/2020,IXD,KS,ACE,CE,Federal Contract Tower,0,7,19,0,26,0,0,25,0,25,0,7,44,0,51,148,0,148,199
12/14/2020,IXD,KS,ACE,CE,Federal Contract Tower,0,3,18,0,21,0,2,40,2,44,0,5,58,2,65,154,0,154,219
12/15/2020,IXD,KS,ACE,CE,Federal Contract Tower,0,1,27,0,28,0,1,35,4,40,0,2,62,4,68,176,0,176,244
12/16/2020,IXD,KS,ACE,CE,Federal Contract Tower,0,7,21,1,29,0,2,16,4,22,0,9,37,5,51,62,0,62,113
12/17/2020,IXD,KS,ACE,CE,Federal Contract Tower,0,11,11,2,24,0,12,96,12,120,0,23,107,14,144,156,2,158,302
12/18/2020,IXD,KS,ACE,CE,Federal Contract Tower,0,9,25,0,34,0,1,26,0,27,0,10,51,0,61,26,0,26,87
12/19/2020,IXD,KS,ACE,CE,Federal Contract Tower,0,5,17,0,22,0,0,41,0,41,0,5,58,0,63,64,0,64,127
12/20/2020,IXD,KS,ACE,CE,Federal Contract Tower,0,3,18,0,21,0,3,94,0,97,0,6,112,0,118,220,0,220,338
12/21/2020,IXD,KS,ACE,CE,Federal Contract Tower,0,3,7,1,11,0,1,63,7,71,0,4,70,8,82,112,0,112,194
12/22/2020,IXD,KS,ACE,CE,Federal Contract Tower,0,11,29,0,40,0,3,50,0,53,0,14,79,0,93,50,0,50,143
12/23/2020,IXD,KS,ACE,CE,Federal Contract Tower,0,6,1,0,7,0,0,6,0,6,0,6,7,0,13,0,0,0,13
12/24/2020,IXD,KS,ACE,CE,Federal Contract Tower,0,0,13,0,13,0,0,15,0,15,0,0,28,0,28,10,0,10,38
12/25/2020,IXD,KS,ACE,CE,Federal Contract Tower,0,3,6,0,9,0,0,14,0,14,0,3,20,0,23,44,0,44,67
12/26/2020,IXD,KS,ACE,CE,Federal Contract Tower,0,8,18,0,26,0,0,77,0,77,0,8,95,0,103,134,0,134,237
12/27/2020,IXD,KS,ACE,CE,Federal Contract Tower,0,4,19,2,25,0,0,45,0,45,0,4,64,2,70,152,0,152,222
12/28/2020,IXD,KS,ACE,CE,Federal Contract Tower,0,2,21,0,23,0,0,39,7,46,0,2,60,7,69,166,0,166,235
12/29/2020,IXD,KS,ACE,CE,Federal Contract Tower,0,0,2,0,2,0,0,0,0,0,0,0,2,0,2,0,0,0,2
12/30/2020,IXD,KS,ACE,CE,Federal Contract Tower,0,6,12,0,18,0,3,48,2,53,0,9,60,2,71,90,0,90,161
12/31/2020,IXD,KS,ACE,CE,Federal Contract Tower,0,3,16,0,19,0,0,55,0,55,0,3,71,0,74,94,0,94,168
01/01/2021,IXD,KS,ACE,CE,Federal Contract Tower,0,0,1,0,1,0,0,0,0,0,0,0,1,0,1,0,0,0,1
01/02/2021,IXD,KS,ACE,CE,Federal Contract Tower,0,0,19,0,19,0,0,18,0,18,0,0,37,0,37,72,0,72,109
01/03/2021,IXD,KS,ACE,CE,Federal Contract Tower,0,3,9,0,12,0,0,0,0,0,0,3,9,0,12,0,0,0,12
01/04/2021,IXD,KS,ACE,CE,Federal Contract Tower,0,0,14,0,14,0,3,50,3,56,0,3,64,3,70,54,0,54,124
01/05/2021,IXD,KS,ACE,CE,Federal Contract Tower,0,6,21,1,28,0,1,82,1,84,0,7,103,2,112,122,0,122,234
01/06/2021,IXD,KS,ACE,CE,Federal Contract Tower,0,3,9,0,12,0,0,4,2,6,0,3,13,2,18,8,0,8,26
01/07/2021,IXD,KS,ACE,CE,Federal Contract Tower,0,9,19,0,28,0,0,5,8,13,0,9,24,8,41,14,2,16,57
01/08/2021,IXD,KS,ACE,CE,Federal Contract Tower,0,6,37,0,43,0,3,24,4,31,0,9,61,4,74,152,0,152,226
01/09/2021,IXD,KS,ACE,CE,Federal Contract Tower,0,0,4,0,4,0,0,32,12,44,0,0,36,12,48,170,6,176,224
01/10/2021,IXD,KS,ACE,CE,Federal Contract Tower,0,2,8,3,13,0,0,51,6,57,0,2,59,9,70,164,0,164,234
01/11/2021,IXD,KS,ACE,CE,Federal Contract Tower,0,6,7,1,14,0,3,57,3,63,0,9,64,4,77,138,0,138,215
01/12/2021,IXD,KS,ACE,CE,Federal Contract Tower,0,3,13,0,16,0,5,63,10,78,0,8,76,10,94,90,8,98,192
01/13/2021,IXD,KS,ACE,CE,Federal Contract Tower,0,2,27,1,30,0,9,65,3,77,0,11,92,4,107,144,0,144,251
01/14/2021,IXD,KS,ACE,CE,Federal Contract Tower,0,1,8,0,9,0,0,7,0,7,0,1,15,0,16,0,0,0,16
01/15/2021,IXD,KS,ACE,CE,Federal Contract Tower,0,1,9,0,10,0,0,0,0,0,0,1,9,0,10,0,0,0,10
01/16/2021,IXD,KS,ACE,CE,Federal Contract Tower,0,2,9,0,11,0,0,20,0,20,0,2,29,0,31,26,4,30,61
01/17/2021,IXD,KS,ACE,CE,Federal Contract Tower,0,1,16,0,17,0,0,49,0,49,0,1,65,0,66,154,0,154,220
01/18/2021,IXD,KS,ACE,CE,Federal Contract Tower,0,4,24,1,29,0,0,85,0,85,0,4,109,1,114,192,0,192,306
01/19/2021,IXD,KS,ACE,CE,Federal Contract Tower,0,3,20,0,23,0,7,41,10,58,0,10,61,10,81,58,10,68,149
01/20/2021,IXD,KS,ACE,CE,Federal Contract Tower,0,6,9,0,15,0,9,29,3,41,0,15,38,3,56,42,0,42,98
01/21/2021,IXD,KS,ACE,CE,Federal Contract Tower,0,10,21,0,31,0,6,94,13,113,0,16,115,13,144,252,0,252,396
01/22/2021,IXD,KS,ACE,CE,Federal Contract Tower,0,3,22,0,25,0,11,70,4,85,0,14,92,4,110,142,4,146,256
01/23/2021,IXD,KS,ACE,CE,Federal Contract Tower,0,1,6,12,19,0,0,66,0,66,0,1,72,12,85,44,0,44,129
01/24/2021,IXD,KS,ACE,CE,Federal Contract Tower,0,5,10,4,19,0,0,0,0,0,0,5,10,4,19,0,0,0,19
01/25/2021,IXD,KS,ACE,CE,Federal Contract Tower,0,1,16,0,17,0,0,0,0,0,0,1,16,0,17,0,0,0,17
01/26/2021,IXD,KS,ACE,CE,Federal Contract Tower,0,17,6,0,23,0,0,1,1,2,0,17,7,1,25,0,0,0,25
01/27/2021,IXD,KS,ACE,CE,Federal Contract Tower,0,16,10,0,26,0,0,2,1,3,0,16,12,1,29,6,0,6,35
01/28/2021,IXD,KS,ACE,CE,Federal Contract Tower,0,7,26,0,33,0,4,27,8,39,0,11,53,8,72,54,0,54,126
01/29/2021,IXD,KS,ACE,CE,Federal Contract Tower,0,11,11,2,24,0,7,69,1,77,0,18,80,3,101,96,0,96,197
01/30/2021,IXD,KS,ACE,CE,Federal Contract Tower,0,4,3,0,7,0,0,0,0,0,0,4,3,0,7,0,0,0,7
01/31/2021,IXD,KS,ACE,CE,Federal Contract Tower,0,6,3,0,9,0,0,2,0,2,0,6,5,0,11,4,0,4,15
02/01/2021,IXD,KS,ACE,CE,Federal Contract Tower,0,3,15,0,18,0,0,28,4,32,0,3,43,4,50,106,0,106,156
02/02/2021,IXD,KS,ACE,CE,Federal Contract Tower,0,3,13,0,16,0,1,24,2,27,0,4,37,2,43,48,0,48,91
02/03/2021,IXD,KS,ACE,CE,Federal Contract Tower,0,4,22,3,29,0,17,88,5,110,0,21,110,8,139,106,4,110,249
02/04/2021,IXD,KS,ACE,CE,Federal Contract Tower,0,4,15,0,19,0,2,3,8,13,0,6,18,8,32,0,4,4,36
02/05/2021,IXD,KS,ACE,CE,Federal Contract Tower,0,4,21,2,27,0,11,106,5,122,0,15,127,7,149,156,2,158,307
02/06/2021,IXD,KS,ACE,CE,Federal Contract Tower,0,1,8,0,9,0,0,9,2,11,0,1,17,2,20,52,0,52,72
02/07/2021,IXD,KS,ACE,CE,Federal Contract Tower,0,2,8,0,10,0,0,2,0,2,0,2,10,0,12,0,0,0,12
02/08/2021,IXD,KS,ACE,CE,Federal Contract Tower,0,5,8,0,13,0,0,0,0,0,0,5,8,0,13,0,0,0,13
02/09/2021,IXD,KS,ACE,CE,Federal Contract Tower,0,7,18,0,25,0,0,5,2,7,0,7,23,2,32,0,0,0,32
02/10/2021,IXD,KS,ACE,CE,Federal Contract Tower,0,3,17,0,20,0,2,5,8,15,0,5,22,8,35,14,18,32,67
02/11/2021,IXD,KS,ACE,CE,Federal Contract Tower,0,7,12,0,19,0,12,26,6,44,0,19,38,6,63,44,0,44,107
02/12/2021,IXD,KS,ACE,CE,Federal Contract Tower,0,6,13,0,19,0,7,25,0,32,0,13,38,0,51,42,0,42,93
02/13/2021,IXD,KS,ACE,CE,Federal Contract Tower,0,1,2,0,3,0,0,28,0,28,0,1,30,0,31,48,0,48,79
02/14/2021,IXD,KS,ACE,CE,Federal Contract Tower,0,0,3,0,3,0,0,2,0,2,0,0,5,0,5,12,0,12,17
02/15/2021,IXD,KS,ACE,CE,Federal Contract Tower,0,0,4,0,4,0,0,0,0,0,0,0,4,0,4,0,0,0,4
02/16/2021,IXD,KS,ACE,CE,Federal Contract Tower,0,3,11,0,14,0,3,3,2,8,0,6,14,2,22,0,0,0,22
02/17/2021,IXD,KS,ACE,CE,Federal Contract Tower,0,0,13,0,13,0,7,5,2,14,0,7,18,2,27,10,0,10,37
02/18/2021,IXD,KS,ACE,CE,Federal Contract Tower,0,7,13,3,23,0,7,37,9,53,0,14,50,12,76,108,8,116,192
02/19/2021,IXD,KS,ACE,CE,Federal Contract Tower,0,11,25,0,36,0,8,65,4,77,0,19,90,4,113,136,0,136,249
02/20/2021,IXD,KS,ACE,CE,Federal Contract Tower,0,4,13,0,17,0,0,88,0,88,0,4,101,0,105,186,0,186,291
02/21/2021,IXD,KS,ACE,CE,Federal Contract Tower,0,4,5,0,9,0,0,8,0,8,0,4,13,0,17,22,0,22,39
02/22/2021,IXD,KS,ACE,CE,Federal Contract Tower,0,6,18,0,24,0,8,80,2,90,0,14,98,2,114,80,2,82,196
02/23/2021,IXD,KS,ACE,CE,Federal Contract Tower,0,2,17,0,19,0,5,103,13,121,0,7,120,13,140,230,0,230,370
02/24/2021,IXD,KS,ACE,CE,Federal Contract Tower,0,5,14,0,19,0,9,55,3,67,0,14,69,3,86,94,0,94,180
02/25/2021,IXD,KS,ACE,CE,Federal Contract Tower,0,5,20,0,25,0,5,76,7,88,0,10,96,7,113,270,0,270,383
02/26/2021,IXD,KS,ACE,CE,Federal Contract Tower,0,2,20,1,23,0,4,54,1,59,0,6,74,2,82,130,2,132,214
02/27/2021,IXD,KS,ACE,CE,Federal Contract Tower,0,4,12,0,16,0,0,51,0,51,0,4,63,0,67,52,0,52,119
02/28/2021,IXD,KS,ACE,CE,Federal Contract Tower,0,5,19,0,24,0,0,68,0,68,0,5,87,0,92,162,0,162,254
03/01/2021,IXD,KS,ACE,CE,Federal Contract Tower,0,12,15,1,28,0,6,67,4,77,0,18,82,5,105,148,0,148,253
03/02/2021,IXD,KS,ACE,CE,Federal Contract Tower,0,6,32,0,38,0,14,74,8,96,0,20,106,8,134,114,0,114,248
03/03/2021,IXD,KS,ACE,CE,Federal Contract Tower,0,4,22,2,28,0,14,99,2,115,0,18,121,4,143,228,0,228,371
03/04/2021,IXD,KS,ACE,CE,Federal Contract Tower,0,9,13,0,22,0,14,72,10,96,0,23,85,10,118,88,0,88,206
03/05/2021,IXD,KS,ACE,CE,Federal Contract Tower,0,9,23,0,32,0,18,58,5,81,0,27,81,5,113,148,4,152,265
03/06/2021,IXD,KS,ACE,CE,Federal Contract Tower,0,0,6,0,6,0,4,87,6,97,0,4,93,6,103,170,2,172,275
03/07/2021,IXD,KS,ACE,CE,Federal Contract Tower,0,8,13,0,21,0,0,27,6,33,0,8,40,6,54,20,0,20,74
03/08/2021,IXD,KS,ACE,CE,Federal Contract Tower,0,5,19,0,24,0,23,36,5,64,0,28,55,5,88,70,0,70,158
03/09/2021,IXD,KS,ACE,CE,Federal Contract Tower,0,7,23,0,30,0,9,24,2,35,0,16,47,2,65,8,0,8,73
03/10/2021,IXD,KS,ACE,CE,Federal Contract Tower,0,4,17,0,21,0,0,6,1,7,0,4,23,1,28,0,2,2,30
03/11/2021,IXD,KS,ACE,CE,Federal Contract Tower,0,11,25,2,38,0,4,76,0,80,0,15,101,2,118,194,0,194,312
03/12/2021,IXD,KS,ACE,CE,Federal Contract Tower,0,13,14,0,27,0,12,7,0,19,0,25,21,0,46,46,0,46,92
03/13/2021,IXD,KS,ACE,CE,Federal Contract Tower,0,15,30,1,46,0,0,0,0,0,0,15,30,1,46,0,0,0,46
03/14/2021,IXD,KS,ACE,CE,Federal Contract Tower,0,9,9,0,18,0,0,0,0,0,0,9,9,0,18,0,0,0,18
03/15/2021,IXD,KS,ACE,CE,Federal Contract Tower,0,3,10,0,13,0,0,5,2,7,0,3,15,2,20,0,0,0,20
03/16/2021,IXD,KS,ACE,CE,Federal Contract Tower,0,7,31,2,40,0,0,8,0,8,0,7,39,2,48,4,0,4,52
03/17/2021,IXD,KS,ACE,CE,Federal Contract Tower,0,4,15,0,19,0,0,0,0,0,0,4,15,0,19,0,0,0,19
03/18/2021,IXD,KS,ACE,CE,Federal Contract Tower,0,8,22,22,52,0,0,11,9,20,0,8,33,31,72,10,20,30,102
03/19/2021,IXD,KS,ACE,CE,Federal Contract Tower,0,1,24,1,26,0,14,121,7,142,0,15,145,8,168,220,0,220,388
03/20/2021,IXD,KS,ACE,CE,Federal Contract Tower,0,7,19,0,26,0,3,93,0,96,0,10,112,0,122,184,0,184,306
03/21/2021,IXD,KS,ACE,CE,Federal Contract Tower,0,10,18,0,28,0,0,33,0,33,0,10,51,0,61,36,0,36,97
03/22/2021,IXD,KS,ACE,CE,Federal Contract Tower,0,8,15,1,24,0,14,49,4,67,0,22,64,5,91,68,0,68,159
03/23/2021,IXD,KS,ACE,CE,Federal Contract Tower,0,4,24,0,28,0,0,5,11,16,0,4,29,11,44,0,0,0,44
03/24/2021,IXD,KS,ACE,CE,Federal Contract Tower,0,12,32,12,56,0,12,11,6,29,0,24,43,18,85,70,2,72,157
03/25/2021,IXD,KS,ACE,CE,Federal Contract Tower,0,6,24,0,30,0,0,0,4,4,0,6,24,4,34,0,4,4,38
03/26/2021,IXD,KS,ACE,CE,Federal Contract Tower,0,10,22,10,42,0,7,78,2,87,0,17,100,12,129,136,0,136,265
03/27/2021,IXD,KS,ACE,CE,Federal Contract Tower,0,4,23,9,36,0,2,53,2,57,0,6,76,11,93,132,10,142,235
03/28/2021,IXD,KS,ACE,CE,Federal Contract Tower,0,6,20,1,27,0,0,115,0,115,0,6,135,1,142,168,0,168,310
03/29/2021,IXD,KS,ACE,CE,Federal Contract Tower,0,4,16,2,22,0,5,31,0,36,0,9,47,2,58,14,0,14,72
03/30/2021,IXD,KS,ACE,CE,Federal Contract Tower,0,8,12,0,20,0,13,59,2,74,0,21,71,2,94,60,0,60,154
03/31/2021,IXD,KS,ACE,CE,Federal Contract Tower,0,12,20,0,32,0,9,85,2,96,0,21,105,2,128,136,0,136,264
04/01/2021,IXD,KS,ACE,CE,Federal Contract Tower,0,10,23,3,36,0,4,100,10,114,0,14,123,13,150,238,2,240,390
04/02/2021,IXD,KS,ACE,CE,Federal Contract Tower,0,4,20,0,24,0,2,55,0,57,0,6,75,0,81,76,0,76,157
04/03/2021,IXD,KS,ACE,CE,Federal Contract Tower,0,1,9,1,11,0,0,59,1,60,0,1,68,2,71,62,18,80,151
04/04/2021,IXD,KS,ACE,CE,Federal Contract Tower,0,1,8,0,9,0,0,43,1,44,0,1,51,1,53,32,10,42,95
04/05/2021,IXD,KS,ACE,CE,Federal Contract Tower,0,10,20,0,30,0,6,44,8,58,0,16,64,8,88,48,0,48,136
04/06/2021,IXD,KS,ACE,CE,Federal Contract Tower,0,2,14,0,16,0,7,30,3,40,0,9,44,3,56,70,2,72,128
04/07/2021,IXD,KS,ACE,CE,Federal Contract Tower,0,14,12,0,26,0,2,4,1,7,0,16,16,1,33,0,0,0,33
04/08/2021,IXD,KS,ACE,CE,Federal Contract Tower,0,4,23,1,28,0,2,10,0,12,0,6,33,1,40,30,0,30,70
04/09/2021,IXD,KS,ACE,CE,Federal Contract Tower,0,13,29,2,44,0,19,124,10,153,0,32,153,12,197,204,8,212,409
04/10/2021,IXD,KS,ACE,CE,Federal Contract Tower,0,6,9,0,15,0,0,14,0,14,0,6,23,0,29,12,0,12,41
04/11/2021,IXD,KS,ACE,CE,Federal Contract Tower,0,6,24,0,30,0,10,84,10,104,0,16,108,10,134,196,6,202,336
04/12/2021,IXD,KS,ACE,CE,Federal Contract Tower,0,8,18,2,28,0,5,94,4,103,0,13,112,6,131,180,0,180,311
04/13/2021,IXD,KS,ACE,CE,Federal Contract Tower,0,14,18,4,36,0,8,68,6,82,0,22,86,10,118,146,4,150,268
04/14/2021,IXD,KS,ACE,CE,Federal Contract Tower,0,10,15,3,28,0,6,90,13,109,0,16,105,16,137,220,6,226,363
04/15/2021,IXD,KS,ACE,CE,Federal Contract Tower,0,6,31,22,59,0,6,93,5,104,0,12,124,27,163,192,12,204,367
04/16/2021,IXD,KS,ACE,CE,Federal Contract Tower,0,14,14,0,28,0,4,2,0,6,0,18,16,0,34,16,12,28,62
04/17/2021,IXD,KS,ACE,CE,Federal Contract Tower,0,5,11,0,16,0,0,25,0,25,0,5,36,0,41,102,0,102,143
04/18/2021,IXD,KS,ACE,CE,Federal Contract Tower,0,9,15,2,26,0,4,77,0,81,0,13,92,2,107,208,0,208,315
04/19/2021,IXD,KS,ACE,CE,Federal Contract Tower,0,6,23,1,30,0,5,60,4,69,0,11,83,5,99,284,0,284,383
04/20/2021,IXD,KS,ACE,CE,Federal Contract Tower,0,8,18,0,26,0,4,24,4,32,0,12,42,4,58,86,0,86,144
04/21/2021,IXD,KS,ACE,CE,Federal Contract Tower,0,13,35,0,48,0,6,80,4,90,0,19,115,4,138,168,0,168,306
04/22/2021,IXD,KS,ACE,CE,Federal Contract Tower,0,12,19,0,31,0,12,67,6,85,0,24,86,6,116,178,0,178,294
04/23/2021,IXD,KS,ACE,CE,Federal Contract Tower,0,11,14,0,25,0,4,23,6,33,0,15,37,6,58,126,0,126,184
04/24/2021,IXD,KS,ACE,CE,Federal Contract Tower,0,7,10,1,18,0,2,64,4,70,0,9,74,5,88,158,0,158,246
04/25/2021,IXD,KS,ACE,CE,Federal Contract Tower,0,8,16,0,24,0,8,58,0,66,0,16,74,0,90,164,0,164,254
04/26/2021,IXD,KS,ACE,CE,Federal Contract Tower,0,11,13,0,24,0,4,28,6,38,0,15,41,6,62,6,0,6,68
04/27/2021,IXD,KS,ACE,CE,Federal Contract Tower,0,13,19,1,33,0,6,25,1,32,0,19,44,2,65,78,0,78,143
04/28/2021,IXD,KS,ACE,CE,Federal Contract Tower,0,11,14,0,25,0,2,11,1,14,0,13,25,1,39,32,0,32,71
04/29/2021,IXD,KS,ACE,CE,Federal Contract Tower,0,16,13,1,30,0,12,86,12,110,0,28,99,13,140,180,0,180,320
04/30/2021,IXD,KS,ACE,CE,Federal Contract Tower,0,12,11,0,23,0,10,117,7,134,0,22,128,7,157,172,0,172,329
05/01/2021,IXD,KS,ACE,CE,Federal Contract Tower,0,2,20,8,30,0,2,62,4,68,0,4,82,12,98,70,4,74,172
05/02/2021,IXD,KS,ACE,CE,Federal Contract Tower,0,13,33,1,47,0,0,41,0,41,0,13,74,1,88,162,0,162,250
05/03/2021,IXD,KS,ACE,CE,Federal Contract Tower,0,4,26,2,32,0,0,35,0,35,0,4,61,2,67,116,0,116,183
05/04/2021,IXD,KS,ACE,CE,Federal Contract Tower,0,4,19,2,25,0,1,91,3,95,0,5,110,5,120,202,0,202,322
05/05/2021,IXD,KS,ACE,CE,Federal Contract Tower,0,5,22,0,27,0,4,90,3,97,0,9,112,3,124,228,0,228,352
05/06/2021,IXD,KS,ACE,CE,Federal Contract Tower,0,17,31,1,49,0,3,56,12,71,0,20,87,13,120,172,2,174,294
05/07/2021,IXD,KS,ACE,CE,Federal Contract Tower,0,4,24,0,28,0,1,70,2,73,0,5,94,2,101,140,0,140,241
05/08/2021,IXD,KS,ACE,CE,Federal Contract Tower,0,2,10,1,13,0,2,44,1,47,0,4,54,2,60,84,0,84,144
05/09/2021,IXD,KS,ACE,CE,Federal Contract Tower,0,2,15,0,17,0,0,13,0,13,0,2,28,0,30,58,0,58,88
05/10/2021,IXD,KS,ACE,CE,Federal Contract Tower,0,7,13,0,20,0,3,59,1,63,0,10,72,1,83,270,0,270,353
05/11/2021,IXD,KS,ACE,CE,Federal Contract Tower,0,10,18,0,28,0,1,45,3,49,0,11,63,3,77,176,2,178,255
05/12/2021,IXD,KS,ACE,CE,Federal Contract Tower,0,5,15,3,23,0,8,69,4,81,0,13,84,7,104,230,0,230,334
05/13/2021,IXD,KS,ACE,CE,Federal Contract Tower,0,4,19,0,23,0,4,111,5,120,0,8,130,5,143,306,0,306,449
05/14/2021,IXD,KS,ACE,CE,Federal Contract Tower,0,7,17,0,24,0,10,60,3,73,0,17,77,3,97,188,0,188,285
05/15/2021,IXD,KS,ACE,CE,Federal Contract Tower,0,3,15,1,19,0,0,11,2,13,0,3,26,3,32,74,0,74,106
05/16/2021,IXD,KS,ACE,CE,Federal Contract Tower,0,6,9,0,15,0,0,2,0,2,0,6,11,0,17,0,0,0,17
05/17/2021,IXD,KS,ACE,CE,Federal Contract Tower,0,7,32,4,43,0,0,0,0,0,0,7,32,4,43,0,0,0,43
05/18/2021,IXD,KS,ACE,CE,Federal Contract Tower,0,10,35,2,47,0,8,47,1,56,0,18,82,3,103,166,0,166,269
05/19/2021,IXD,KS,ACE,CE,Federal Contract Tower,0,8,32,0,40,0,0,6,2,8,0,8,38,2,48,18,0,18,66
05/20/2021,IXD,KS,ACE,CE,Federal Contract Tower,0,14,24,0,38,0,0,1,8,9,0,14,25,8,47,0,0,0,47
05/21/2021,IXD,KS,ACE,CE,Federal Contract Tower,0,7,23,4,34,0,0,26,2,28,0,7,49,6,62,130,0,130,192
05/22/2021,IXD,KS,ACE,CE,Federal Contract Tower,0,6,12,2,20,0,0,8,0,8,0,6,20,2,28,8,0,8,36
05/23/2021,IXD,KS,ACE,CE,Federal Contract Tower,0,5,15,0,20,0,2,67,0,69,0,7,82,0,89,344,0,344,433
05/24/2021,IXD,KS,ACE,CE,Federal Contract Tower,0,5,21,0,26,0,13,78,4,95,0,18,99,4,121,196,0,196,317
05/25/2021,IXD,KS,ACE,CE,Federal Contract Tower,0,12,39,1,52,0,0,70,0,70,0,12,109,1,122,254,0,254,376
05/26/2021,IXD,KS,ACE,CE,Federal Contract Tower,0,14,26,0,40,0,3,83,3,89,0,17,109,3,129,264,0,264,393
05/27/2021,IXD,KS,ACE,CE,Federal Contract Tower,0,7,12,0,19,0,1,18,2,21,0,8,30,2,40,76,18,94,134
05/28/2021,IXD,KS,ACE,CE,Federal Contract Tower,0,11,21,0,32,0,0,35,0,35,0,11,56,0,67,152,0,152,219
05/29/2021,IXD,KS,ACE,CE,Federal Contract Tower,0,6,10,0,16,0,0,67,0,67,0,6,77,0,83,236,0,236,319
05/30/2021,IXD,KS,ACE,CE,Federal Contract Tower,0,6,6,0,12,0,0,54,0,54,0,6,60,0,66,170,0,170,236
05/31/2021,IXD,KS,ACE,CE,Federal Contract Tower,0,7,9,0,16,0,0,12,0,12,0,7,21,0,28,32,0,32,60
06/01/2021,IXD,KS,ACE,CE,Federal Contract Tower,0,10,27,5,42,0,0,72,5,77,0,10,99,10,119,186,22,208,327
06/02/2021,IXD,KS,ACE,CE,Federal Contract Tower,0,12,24,1,37,0,1,105,2,108,0,13,129,3,145,338,0,338,483
06/03/2021,IXD,KS,ACE,CE,Federal Contract Tower,0,9,22,0,31,0,3,93,5,101,0,12,115,5,132,188,4,192,324
06/04/2021,IXD,KS,ACE,CE,Federal Contract Tower,0,5,21,1,27,0,5,112,2,119,0,10,133,3,146,308,0,308,454
06/05/2021,IXD,KS,ACE,CE,Federal Contract Tower,0,2,16,2,20,0,17,90,0,107,0,19,106,2,127,208,8,216,343
06/06/2021,IXD,KS,ACE,CE,Federal Contract Tower,0,10,21,0,31,0,1,36,6,43,0,11,57,6,74,112,0,112,186
06/07/2021,IXD,KS,ACE,CE,Federal Contract Tower,0,7,24,0,31,0,1,81,2,84,0,8,105,2,115,150,0,150,265
06/08/2021,IXD,KS,ACE,CE,Federal Contract Tower,0,3,16,0,19,0,5,88,12,105,0,8,104,12,124,202,6,208,332
06/09/2021,IXD,KS,ACE,CE,Federal Contract Tower,0,5,24,1,30,0,2,100,3,105,0,7,124,4,135,184,0,184,319
06/10/2021,IXD,KS,ACE,CE,Federal Contract Tower,0,6,9,0,15,0,4,93,10,107,0,10,102,10,122,238,6,244,366
06/11/2021,IXD,KS,ACE,CE,Federal Contract Tower,0,10,16,0,26,0,8,31,2,41,0,18,47,2,67,144,2,146,213
06/12/2021,IXD,KS,ACE,CE,Federal Contract Tower,0,3,19,0,22,0,2,73,0,75,0,5,92,0,97,180,0,180,277
06/13/2021,IXD,KS,ACE,CE,Federal Contract Tower,0,10,14,0,24,0,3,94,0,97,0,13,108,0,121,122,0,122,243
06/14/2021,IXD,KS,ACE,CE,Federal Contract Tower,0,4,24,1,29,0,6,67,2,75,0,10,91,3,104,124,0,124,228
06/15/2021,IXD,KS,ACE,CE,Federal Contract Tower,0,6,27,0,33,0,11,84,7,102,0,17,111,7,135,272,0,272,407
06/16/2021,IXD,KS,ACE,CE,Federal Contract Tower,0,10,24,2,36,0,6,86,4,96,0,16,110,6,132,192,0,192,324
06/17/2021,IXD,KS,ACE,CE,Federal Contract Tower,0,5,12,0,17,0,11,59,2,72,0,16,71,2,89,150,0,150,239
06/18/2021,IXD,KS,ACE,CE,Federal Contract Tower,0,5,19,0,24,0,9,59,0,68,0,14,78,0,92,156,0,156,248
06/19/2021,IXD,KS,ACE,CE,Federal Contract Tower,0,5,11,0,16,0,2,64,4,70,0,7,75,4,86,146,0,146,232
06/20/2021,IXD,KS,ACE,CE,Federal Contract Tower,0,9,13,0,22,0,0,37,0,37,0,9,50,0,59,38,0,38,97
06/21/2021,IXD,KS,ACE,CE,Federal Contract Tower,0,15,14,0,29,0,6,60,2,68,0,21,74,2,97,106,0,106,203
06/22/2021,IXD,KS,ACE,CE,Federal Contract Tower,0,10,21,2,33,0,4,91,8,103,0,14,112,10,136,184,0,184,320
06/23/2021,IXD,KS,ACE,CE,Federal Contract Tower,0,3,16,1,20,0,8,55,8,71,0,11,71,9,91,72,4,76,167
06/24/2021,IXD,KS,ACE,CE,Federal Contract Tower,0,13,15,0,28,0,1,25,4,30,0,14,40,4,58,56,14,70,128
06/25/2021,IXD,KS,ACE,CE,Federal Contract Tower,0,6,20,1,27,0,7,40,3,50,0,13,60,4,77,2,0,2,79
06/26/2021,IXD,KS,ACE,CE,Federal Contract Tower,0,2,13,0,15,0,0,16,0,16,0,2,29,0,31,12,0,12,43
06/27/2021,IXD,KS,ACE,CE,Federal Contract Tower,0,9,21,2,32,0,2,84,1,87,0,11,105,3,119,232,0,232,351
06/28/2021,IXD,KS,ACE,CE,Federal Contract Tower,0,4,26,0,30,0,0,29,0,29,0,4,55,0,59,50,0,50,109
06/29/2021,IXD,KS,ACE,CE,Federal Contract Tower,0,14,25,0,39,0,2,33,0,35,0,16,58,0,74,76,0,76,150
06/30/2021,IXD,KS,ACE,CE,Federal Contract Tower,0,7,23,8,38,0,0,7,1,8,0,7,30,9,46,2,0,2,48
07/01/2021,IXD,KS,ACE,CE,Federal Contract Tower,0,2,25,13,40,0,2,75,62,139,0,4,100,75,179,18,0,18,197
07/02/2021,IXD,KS,ACE,CE,Federal Contract Tower,0,3,10,5,18,0,3,46,4,53,0,6,56,9,71,52,0,52,123
07/03/2021,IXD,KS,ACE,CE,Federal Contract Tower,0,0,8,0,8,0,1,53,1,55,0,1,61,1,63,0,0,0,63
07/04/2021,IXD,KS,ACE,CE,Federal Contract Tower,0,0,0,2,2,0,0,43,16,59,0,0,43,18,61,20,0,20,81
07/05/2021,IXD,KS,ACE,CE,Federal Contract Tower,0,8,20,7,35,0,2,100,0,102,0,10,120,7,137,164,0,164,301
07/06/2021,IXD,KS,ACE,CE,Federal Contract Tower,0,12,22,1,35,0,1,119,8,128,0,13,141,9,163,292,2,294,457
07/07/2021,IXD,KS,ACE,CE,Federal Contract Tower,0,13,12,2,27,0,5,64,10,79,0,18,76,12,106,162,0,162,268
07/08/2021,IXD,KS,ACE,CE,Federal Contract Tower,0,10,33,5,48,0,8,109,2,119,0,18,142,7,167,192,0,192,359
07/09/2021,IXD,KS,ACE,CE,Federal Contract Tower,0,15,30,1,46,0,3,102,0,105,0,18,132,1,151,132,0,132,283
07/10/2021,IXD,KS,ACE,CE,Federal Contract Tower,0,4,7,2,13,0,24,2,0,26,0,28,9,2,39,100,0,100,139
07/11/2021,IXD,KS,ACE,CE,Federal Contract Tower,0,5,17,0,22,0,0,17,0,17,0,5,34,0,39,30,0,30,69
07/12/2021,IXD,KS,ACE,CE,Federal Contract Tower,0,8,17,3,28,0,7,78,4,89,0,15,95,7,117,210,0,210,327
07/13/2021,IXD,KS,ACE,CE,Federal Contract Tower,0,4,22,3,29,0,18,91,3,112,0,22,113,6,141,204,0,204,345
07/14/2021,IXD,KS,ACE,CE,Federal Contract Tower,0,9,22,2,33,0,16,76,11,103,0,25,98,13,136,124,0,124,260
07/15/2021,IXD,KS,ACE,CE,Federal Contract Tower,0,10,21,0,31,0,0,9,2,11,0,10,30,2,42,14,2,16,58
07/16/2021,IXD,KS,ACE,CE,Federal Contract Tower,0,9,37,0,46,0,15,63,2,80,0,24,100,2,126,196,0,196,322
07/17/2021,IXD,KS,ACE,CE,Federal Contract Tower,0,4,11,0,15,0,0,66,0,66,0,4,77,0,81,124,0,124,205
07/18/2021,IXD,KS,ACE,CE,Federal Contract Tower,0,7,22,0,29,0,3,64,0,67,0,10,86,0,96,168,0,168,264
07/19/2021,IXD,KS,ACE,CE,Federal Contract Tower,0,4,16,1,21,0,23,87,5,115,0,27,103,6,136,234,0,234,370
07/20/2021,IXD,KS,ACE,CE,Federal Contract Tower,0,7,19,0,26,0,11,84,3,98,0,18,103,3,124,184,0,184,308
07/21/2021,IXD,KS,ACE,CE,Federal Contract Tower,0,23,26,0,49,0,15,88,1,104,0,38,114,1,153,174,0,174,327
07/22/2021,IXD,KS,ACE,CE,Federal Contract Tower,0,16,30,0,46,0,13,81,1,95,0,29,111,1,141,152,0,152,293
07/23/2021,IXD,KS,ACE,CE,Federal Contract Tower,0,8,44,2,54,0,10,79,3,92,0,18,123,5,146,134,0,134,280
07/24/2021,IXD,KS,ACE,CE,Federal Contract Tower,0,3,5,11,19,0,1,69,3,73,0,4,74,14,92,100,0,100,192
07/25/2021,IXD,KS,ACE,CE,Federal Contract Tower,0,11,37,5,53,0,5,45,2,52,0,16,82,7,105,116,0,116,221
07/26/2021,IXD,KS,ACE,CE,Federal Contract Tower,0,5,29,0,34,0,4,72,3,79,0,9,101,3,113,162,0,162,275
07/27/2021,IXD,KS,ACE,CE,Federal Contract Tower,0,8,19,4,31,0,4,72,3,79,0,12,91,7,110,206,0,206,316
07/28/2021,IXD,KS,ACE,CE,Federal Contract Tower,0,4,24,0,28,0,5,77,1,83,0,9,101,1,111,108,0,108,219
07/29/2021,IXD,KS,ACE,CE,Federal Contract Tower,0,10,24,0,34,0,6,58,5,69,0,16,82,5,103,122,0,122,225
07/30/2021,IXD,KS,ACE,CE,Federal Contract Tower,0,4,34,0,38,0,1,71,0,72,0,5,105,0,110,116,0,116,226
07/31/2021,IXD,KS,ACE,CE,Federal Contract Tower,0,7,29,1,37,0,1,44,6,51,0,8,73,7,88,86,0,86,174
08/01/2021,IXD,KS,ACE,CE,Federal Contract Tower,0,7,30,0,37,0,0,67,0,67,0,7,97,0,104,160,0,160,264
08/02/2021,IXD,KS,ACE,CE,Federal Contract Tower,0,10,9,4,23,0,8,69,0,77,0,18,78,4,100,108,0,108,208
08/03/2021,IXD,KS,ACE,CE,Federal Contract Tower,0,6,30,1,37,0,4,64,7,75,0,10,94,8,112,174,0,174,286
08/04/2021,IXD,KS,ACE,CE,Federal Contract Tower,0,5,17,2,24,0,5,73,2,80,0,10,90,4,104,154,0,154,258
08/05/2021,IXD,KS,ACE,CE,Federal Contract Tower,0,10,23,0,33,0,8,79,4,91,0,18,102,4,124,158,0,158,282
08/06/2021,IXD,KS,ACE,CE,Federal Contract Tower,0,8,13,0,21,0,3,93,3,99,0,11,106,3,120,182,6,188,308
08/07/2021,IXD,KS,ACE,CE,Federal Contract Tower,0,8,9,0,17,0,0,73,2,75,0,8,82,2,92,116,0,116,208
08/08/2021,IXD,KS,ACE,CE,Federal Contract Tower,0,12,13,0,25,0,0,33,3,36,0,12,46,3,61,46,0,46,107
08/09/2021,IXD,KS,ACE,CE,Federal Contract Tower,0,6,30,0,36,0,2,71,2,75,0,8,101,2,111,136,0,136,247
08/10/2021,IXD,KS,ACE,CE,Federal Contract Tower,0,6,17,0,23,0,2,40,0,42,0,8,57,0,65,80,0,80,145
08/11/2021,IXD,KS,ACE,CE,Federal Contract Tower,0,10,20,0,30,0,5,63,2,70,0,15,83,2,100,66,0,66,166
08/12/2021,IXD,KS,ACE,CE,Federal Contract Tower,0,7,33,0,40,0,6,40,0,46,0,13,73,0,86,124,0,124,210
08/13/2021,IXD,KS,ACE,CE,Federal Contract Tower,0,14,25,5,44,0,0,51,10,61,0,14,76,15,105,160,2,162,267
08/14/2021,IXD,KS,ACE,CE,Federal Contract Tower,0,8,6,17,31,0,3,83,11,97,0,11,89,28,128,184,46,230,358
08/15/2021,IXD,KS,ACE,CE,Federal Contract Tower,0,4,14,11,29,0,0,115,1,116,0,4,129,12,145,94,0,94,239
08/16/2021,IXD,KS,ACE,CE,Federal Contract Tower,0,11,34,0,45,0,2,96,0,98,0,13,130,0,143,214,0,214,357
08/17/2021,IXD,KS,ACE,CE,Federal Contract Tower,0,11,24,1,36,0,7,82,10,99,0,18,106,11,135,108,0,108,243
08/18/2021,IXD,KS,ACE,CE,Federal Contract Tower,0,9,29,0,38,0,4,93,8,105,0,13,122,8,143,232,2,234,377
08/19/2021,IXD,KS,ACE,CE,Federal Contract Tower,0,14,36,1,51,0,8,67,11,86,0,22,103,12,137,110,0,110,247
08/20/2021,IXD,KS,ACE,CE,Federal Contract Tower,0,13,37,0,50,0,3,62,9,74,0,16,99,9,124,96,0,96,220
08/21/2021,IXD,KS,ACE,CE,Federal Contract Tower,0,5,26,0,31,0,0,69,0,69,0,5,95,0,100,114,0,114,214
08/22/2021,IXD,KS,ACE,CE,Federal Contract Tower,0,6,11,0,17,0,2,77,0,79,0,8,88,0,96,78,0,78,174
08/23/2021,IXD,KS,ACE,CE,Federal Contract Tower,0,4,23,0,27,0,2,73,13,88,0,6,96,13,115,76,0,76,191
08/24/2021,IXD,KS,ACE,CE,Federal Contract Tower,0,12,25,0,37,0,10,84,8,102,0,22,109,8,139,94,4,98,237
08/25/2021,IXD,KS,ACE,CE,Federal Contract Tower,0,5,18,4,27,0,3,63,7,73,0,8,81,11,100,80,0,80,180
08/26/2021,IXD,KS,ACE,CE,Federal Contract Tower,0,7,32,0,39,0,9,73,14,96,0,16,105,14,135,146,0,146,281
08/27/2021,IXD,KS,ACE,CE,Federal Contract Tower,0,9,17,10,36,0,7,62,6,75,0,16,79,16,111,62,0,62,173
08/28/2021,IXD,KS,ACE,CE,Federal Contract Tower,0,7,12,0,19,0,8,95,5,108,0,15,107,5,127,168,2,170,297
08/29/2021,IXD,KS,ACE,CE,Federal Contract Tower,0,2,16,0,18,0,1,88,0,89,0,3,104,0,107,72,0,72,179
08/30/2021,IXD,KS,ACE,CE,Federal Contract Tower,0,2,16,0,18,0,8,75,2,85,0,10,91,2,103,132,0,132,235
08/31/2021,IXD,KS,ACE,CE,Federal Contract Tower,0,10,20,0,30,0,0,75,7,82,0,10,95,7,112,132,0,132,244
09/01/2021,IXD,KS,ACE,CE,Federal Contract Tower,0,13,26,0,39,0,2,70,6,78,0,15,96,6,117,64,0,64,181
09/02/2021,IXD,KS,ACE,CE,Federal Contract Tower,0,9,23,2,34,0,11,83,7,101,0,20,106,9,135,88,12,100,235
09/03/2021,IXD,KS,ACE,CE,Federal Contract Tower,0,6,27,0,33,0,4,18,0,22,0,10,45,0,55,44,0,44,99
09/04/2021,IXD,KS,ACE,CE,Federal Contract Tower,0,7,16,0,23,0,1,15,0,16,0,8,31,0,39,28,0,28,67
09/05/2021,IXD,KS,ACE,CE,Federal Contract Tower,0,9,18,0,27,0,0,60,0,60,0,9,78,0,87,64,0,64,151
09/06/2021,IXD,KS,ACE,CE,Federal Contract Tower,0,4,27,0,31,0,0,90,0,90,0,4,117,0,121,68,0,68,189
09/07/2021,IXD,KS,ACE,CE,Federal Contract Tower,0,7,22,0,29,0,6,73,5,84,0,13,95,5,113,134,0,134,247
09/08/2021,IXD,KS,ACE,CE,Federal Contract Tower,0,16,31,0,47,0,8,82,5,95,0,24,113,5,142,148,0,148,290
09/09/2021,IXD,KS,ACE,CE,Federal Contract Tower,0,18,21,2,41,0,2,104,5,111,0,20,125,7,152,166,2,168,320
09/10/2021,IXD,KS,ACE,CE,Federal Contract Tower,0,7,25,16,48,0,2,71,7,80,0,9,96,23,128,166,24,190,318
09/11/2021,IXD,KS,ACE,CE,Federal Contract Tower,0,1,14,8,23,0,1,65,5,71,0,2,79,13,94,36,6,42,136
09/12/2021,IXD,KS,ACE,CE,Federal Contract Tower,0,7,20,4,31,0,0,55,8,63,0,7,75,12,94,86,6,92,186
09/13/2021,IXD,KS,ACE,CE,Federal Contract Tower,0,12,17,3,32,0,3,71,8,82,0,15,88,11,114,154,0,154,268
09/14/2021,IXD,KS,ACE,CE,Federal Contract Tower,0,3,17,0,20,0,4,68,11,83,0,7,85,11,103,160,0,160,263
09/15/2021,IXD,KS,ACE,CE,Federal Contract Tower,0,4,15,2,21,0,11,71,6,88,0,15,86,8,109,160,0,160,269
09/16/2021,IXD,KS,ACE,CE,Federal Contract Tower,0,5,47,0,52,0,14,84,4,102,0,19,131,4,154,162,0,162,316
09/17/2021,IXD,KS,ACE,CE,Federal Contract Tower,0,6,33,27,66,0,15,76,8,99,0,21,109,35,165,90,10,100,265
09/18/2021,IXD,KS,ACE,CE,Federal Contract Tower,0,4,18,2,24,0,0,106,0,106,0,4,124,2,130,68,0,68,198
09/19/2021,IXD,KS,ACE,CE,Federal Contract Tower,0,8,35,4,47,0,0,54,2,56,0,8,89,6,103,44,0,44,147
09/20/2021,IXD,KS,ACE,CE,Federal Contract Tower,0,6,15,0,21,0,6,28,7,41,0,12,43,7,62,8,4,12,74
09/21/2021,IXD,KS,ACE,CE,Federal Contract Tower,0,11,21,0,32,0,10,90,9,109,0,21,111,9,141,140,2,142,283
09/22/2021,IXD,KS,ACE,CE,Federal Contract Tower,0,22,22,8,52,0,22,96,8,126,0,44,118,16,178,260,8,268,446
09/23/2021,IXD,KS,ACE,CE,Federal Contract Tower,0,8,27,0,35,0,10,83,2,95,0,18,110,2,130,126,2,128,258
09/24/2021,IXD,KS,ACE,CE,Federal Contract Tower,0,10,12,0,22,0,6,46,0,52,0,16,58,0,74,88,0,88,162
09/25/2021,IXD,KS,ACE,CE,Federal Contract Tower,0,6,19,0,25,0,0,88,0,88,0,6,107,0,113,136,0,136,249
09/26/2021,IXD,KS,ACE,CE,Federal Contract Tower,0,8,14,0,22,0,2,42,0,44,0,10,56,0,66,28,0,28,94
09/27/2021,IXD,KS,ACE,CE,Federal Contract Tower,0,4,26,0,30,0,7,56,5,68,0,11,82,5,98,66,0,66,164
09/28/2021,IXD,KS,ACE,CE,Federal Contract Tower,0,13,30,5,48,0,24,93,1,118,0,37,123,6,166,74,0,74,240
09/29/2021,IXD,KS,ACE,CE,Federal Contract Tower,0,14,25,0,39,0,4,60,0,64,0,18,85,0,103,148,0,148,251
09/30/2021,IXD,KS,ACE,CE,Federal Contract Tower,0,8,20,4,32,0,2,35,0,37,0,10,55,4,69,106,0,106,175
10/01/2021,IXD,KS,ACE,CE,Federal Contract Tower,0,4,28,1,33,0,6,20,2,28,0,10,48,3,61,66,2,68,129
10/02/2021,IXD,KS,ACE,CE,Federal Contract Tower,0,6,20,0,26,0,0,17,0,17,0,6,37,0,43,14,0,14,57
10/03/2021,IXD,KS,ACE,CE,Federal Contract Tower,0,1,25,0,26,0,0,35,0,35,0,1,60,0,61,82,0,82,143
10/04/2021,IXD,KS,ACE,CE,Federal Contract Tower,0,0,22,2,24,0,3,83,0,86,0,3,105,2,110,184,0,184,294
10/05/2021,IXD,KS,ACE,CE,Federal Contract Tower,0,8,24,0,32,0,8,72,0,80,0,16,96,0,112,142,0,142,254
10/06/2021,IXD,KS,ACE,CE,Federal Contract Tower,0,8,28,0,36,0,0,29,2,31,0,8,57,2,67,124,0,124,191
10/07/2021,IXD,KS,ACE,CE,Federal Contract Tower,0,8,29,0,37,0,2,65,0,67,0,10,94,0,104,164,0,164,268
10/08/2021,IXD,KS,ACE,CE,Federal Contract Tower,0,8,14,0,22,0,3,105,0,108,0,11,119,0,130,150,0,150,280
10/09/2021,IXD,KS,ACE,CE,Federal Contract Tower,0,2,7,0,9,0,2,70,0,72,0,4,77,0,81,52,0,52,133
10/10/2021,IXD,KS,ACE,CE,Federal Contract Tower,0,2,21,0,23,0,0,47,12,59,0,2,68,12,82,54,24,78,160
10/11/2021,IXD,KS,ACE,CE,Federal Contract Tower,0,5,18,0,23,0,4,20,0,24,0,9,38,0,47,34,0,34,81
10/12/2021,IXD,KS,ACE,CE,Federal Contract Tower,0,6,31,0,37,0,10,77,4,91,0,16,108,4,128,166,0,166,294
10/13/2021,IXD,KS,ACE,CE,Federal Contract Tower,0,5,20,0,25,0,10,49,0,59,0,15,69,0,84,138,0,138,222
10/14/2021,IXD,KS,ACE,CE,Federal Contract Tower,0,5,23,0,28,0,3,76,0,79,0,8,99,0,107,162,0,162,269
10/15/2021,IXD,KS,ACE,CE,Federal Contract Tower,0,9,21,1,31,0,2,58,2,62,0,11,79,3,93,70,0,70,163
10/16/2021,IXD,KS,ACE,CE,Federal Contract Tower,0,3,15,0,18,0,1,92,0,93,0,4,107,0,111,84,0,84,195
10/17/2021,IXD,KS,ACE,CE,Federal Contract Tower,0,9,19,2,30,0,1,80,4,85,0,10,99,6,115,82,4,86,201
10/18/2021,IXD,KS,ACE,CE,Federal Contract Tower,0,3,21,0,24,0,8,78,0,86,0,11,99,0,110,128,0,128,238
10/19/2021,IXD,KS,ACE,CE,Federal Contract Tower,0,6,13,0,19,0,2,74,0,76,0,8,87,0,95,118,0,118,213
10/20/2021,IXD,KS,ACE,CE,Federal Contract Tower,0,8,29,0,37,0,1,69,0,70,0,9,98,0,107,118,0,118,225
10/21/2021,IXD,KS,ACE,CE,Federal Contract Tower,0,13,29,1,43,0,1,75,2,78,0,14,104,3,121,154,0,154,275
10/22/2021,IXD,KS,ACE,CE,Federal Contract Tower,0,5,28,0,33,0,3,90,0,93,0,8,118,0,126,154,0,154,280
10/23/2021,IXD,KS,ACE,CE,Federal Contract Tower,0,5,39,0,44,0,0,8,0,8,0,5,47,0,52,24,0,24,76
10/24/2021,IXD,KS,ACE,CE,Federal Contract Tower,0,14,33,0,47,0,1,2,0,3,0,15,35,0,50,2,0,2,52
10/25/2021,IXD,KS,ACE,CE,Federal Contract Tower,0,9,34,0,43,0,0,19,0,19,0,9,53,0,62,50,0,50,112
10/26/2021,IXD,KS,ACE,CE,Federal Contract Tower,0,14,30,2,46,0,3,37,0,40,0,17,67,2,86,22,0,22,108
10/27/2021,IXD,KS,ACE,CE,Federal Contract Tower,0,13,26,0,39,0,2,0,0,2,0,15,26,0,41,0,0,0,41
10/28/2021,IXD,KS,ACE,CE,Federal Contract Tower,0,10,29,0,39,0,0,4,0,4,0,10,33,0,43,4,0,4,47
10/29/2021,IXD,KS,ACE,CE,Federal Contract Tower,0,9,25,0,34,0,4,25,0,29,0,13,50,0,63,58,0,58,121
10/30/2021,IXD,KS,ACE,CE,Federal Contract Tower,0,2,14,2,18,0,2,115,0,117,0,4,129,2,135,160,0,160,295
10/31/2021,IXD,KS,ACE,CE,Federal Contract Tower,0,5,23,0,28,0,4,53,0,57,0,9,76,0,85,84,0,84,169
11/01/2021,IXD,KS,ACE,CE,Federal Contract Tower,0,12,22,0,34,0,7,18,0,25,0,19,40,0,59,44,0,44,103
11/02/2021,IXD,KS,ACE,CE,Federal Contract Tower,0,5,19,0,24,0,10,79,5,94,0,15,98,5,118,212,0,212,330
11/03/2021,IXD,KS,ACE,CE,Federal Contract Tower,0,7,29,0,36,0,11,83,0,94,0,18,112,0,130,120,0,120,250
11/04/2021,IXD,KS,ACE,CE,Federal Contract Tower,0,11,29,0,40,0,2,42,4,48,0,13,71,4,88,110,0,110,198
11/05/2021,IXD,KS,ACE,CE,Federal Contract Tower,0,12,27,0,39,0,5,68,4,77,0,17,95,4,116,92,0,92,208
11/06/2021,IXD,KS,ACE,CE,Federal Contract Tower,0,2,18,0,20,0,5,111,6,122,0,7,129,6,142,76,0,76,218
11/07/2021,IXD,KS,ACE,CE,Federal Contract Tower,0,4,15,0,19,0,5,46,2,53,0,9,61,2,72,16,0,16,88
11/08/2021,IXD,KS,ACE,CE,Federal Contract Tower,0,9,17,0,26,0,11,62,0,73,0,20,79,0,99,170,0,170,269
11/09/2021,IXD,KS,ACE,CE,Federal Contract Tower,0,3,24,0,27,0,10,75,0,85,0,13,99,0,112,156,0,156,268
11/10/2021,IXD,KS,ACE,CE,Federal Contract Tower,0,3,17,0,20,0,0,7,1,8,0,3,24,1,28,28,2,30,58
11/11/2021,IXD,KS,ACE,CE,Federal Contract Tower,0,8,27,0,35,0,3,59,0,62,0,11,86,0,97,42,0,42,139
11/12/2021,IXD,KS,ACE,CE,Federal Contract Tower,0,4,25,0,29,0,6,17,0,23,0,10,42,0,52,4,0,4,56
11/13/2021,IXD,KS,ACE,CE,Federal Contract Tower,0,4,7,0,11,0,1,100,0,101,0,5,107,0,112,180,0,180,292
11/14/2021,IXD,KS,ACE,CE,Federal Contract Tower,0,6,16,0,22,0,1,53,0,54,0,7,69,0,76,90,0,90,166
11/15/2021,IXD,KS,ACE,CE,Federal Contract Tower,0,6,21,0,27,0,3,50,2,55,0,9,71,2,82,66,0,66,148
11/16/2021,IXD,KS,ACE,CE,Federal Contract Tower,0,13,16,0,29,0,3,72,1,76,0,16,88,1,105,132,0,132,237
11/17/2021,IXD,KS,ACE,CE,Federal Contract Tower,0,1,35,1,37,0,8,42,1,51,0,9,77,2,88,46,0,46,134
11/18/2021,IXD,KS,ACE,CE,Federal Contract Tower,0,8,37,0,45,0,3,72,0,75,0,11,109,0,120,104,0,104,224
11/19/2021,IXD,KS,ACE,CE,Federal Contract Tower,0,6,17,0,23,0,5,57,0,62,0,11,74,0,85,30,0,30,115
11/20/2021,IXD,KS,ACE,CE,Federal Contract Tower,0,11,19,0,30,0,2,68,0,70,0,13,87,0,100,146,0,146,246
11/21/2021,IXD,KS,ACE,CE,Federal Contract Tower,0,3,33,0,36,0,6,58,0,64,0,9,91,0,100,90,0,90,190
11/22/2021,IXD,KS,ACE,CE,Federal Contract Tower,0,6,28,0,34,0,7,96,0,103,0,13,124,0,137,144,2,146,283
11/23/2021,IXD,KS,ACE,CE,Federal Contract Tower,0,11,19,0,30,0,8,79,0,87,0,19,98,0,117,62,0,62,179
11/24/2021,IXD,KS,ACE,CE,Federal Contract Tower,0,0,21,2,23,0,6,23,2,31,0,6,44,4,54,64,0,64,118
11/25/2021,IXD,KS,ACE,CE,Federal Contract Tower,0,0,4,0,4,0,0,15,0,15,0,0,19,0,19,20,0,20,39
11/26/2021,IXD,KS,ACE,CE,Federal Contract Tower,0,2,8,0,10,0,2,36,0,38,0,4,44,0,48,56,0,56,104
11/27/2021,IXD,KS,ACE,CE,Federal Contract Tower,0,3,16,0,19,0,0,52,0,52,0,3,68,0,71,108,0,108,179
11/28/2021,IXD,KS,ACE,CE,Federal Contract Tower,0,10,20,0,30,0,0,47,0,47,0,10,67,0,77,28,0,28,105
11/29/2021,IXD,KS,ACE,CE,Federal Contract Tower,0,14,11,0,25,0,3,55,0,58,0,17,66,0,83,90,0,90,173
11/30/2021,IXD,KS,ACE,CE,Federal Contract Tower,0,13,18,0,31,0,3,51,0,54,0,16,69,0,85,60,0,60,145
12/01/2021,IXD,KS,ACE,CE,Federal Contract Tower,0,12,21,0,33,0,4,82,0,86,0,16,103,0,119,82,0,82,201
12/02/2021,IXD,KS,ACE,CE,Federal Contract Tower,0,9,21,1,31,0,8,78,2,88,0,17,99,3,119,141,4,145,264
12/03/2021,IXD,KS,ACE,CE,Federal Contract Tower,0,4,21,10,35,0,1,87,0,88,0,5,108,10,123,190,0,190,313
12/04/2021,IXD,KS,ACE,CE,Federal Contract Tower,0,5,16,1,22,0,2,76,2,80,0,7,92,3,102,128,0,128,230
12/05/2021,IXD,KS,ACE,CE,Federal Contract Tower,0,8,19,0,27,0,0,27,0,27,0,8,46,0,54,32,0,32,86
12/06/2021,IXD,KS,ACE,CE,Federal Contract Tower,0,4,23,4,31,0,2,46,0,48,0,6,69,4,79,60,0,60,139
12/07/2021,IXD,KS,ACE,CE,Federal Contract Tower,0,3,25,1,29,0,4,77,1,82,0,7,102,2,111,78,6,84,195
12/08/2021,IXD,KS,ACE,CE,Federal Contract Tower,0,7,43,0,50,0,0,44,0,44,0,7,87,0,94,108,0,108,202
12/09/2021,IXD,KS,ACE,CE,Federal Contract Tower,0,5,21,5,31,0,2,75,0,77,0,7,96,5,108,92,0,92,200
12/10/2021,IXD,KS,ACE,CE,Federal Contract Tower,0,5,32,11,48,0,8,26,5,39,0,13,58,16,87,12,0,12,99
12/11/2021,IXD,KS,ACE,CE,Federal Contract Tower,0,4,9,1,14,0,4,63,5,72,0,8,72,6,86,84,0,84,170
12/12/2021,IXD,KS,ACE,CE,Federal Contract Tower,0,3,15,2,20,0,0,37,0,37,0,3,52,2,57,64,0,64,121
12/13/2021,IXD,KS,ACE,CE,Federal Contract Tower,0,4,30,2,36,0,8,76,0,84,0,12,106,2,120,168,0,168,288
12/14/2021,IXD,KS,ACE,CE,Federal Contract Tower,0,6,21,3,30,0,3,33,3,39,0,9,54,6,69,30,0,30,99
12/15/2021,IXD,KS,ACE,CE,Federal Contract Tower,0,5,18,0,23,0,0,0,0,0,0,5,18,0,23,0,0,0,23
12/16/2021,IXD,KS,ACE,CE,Federal Contract Tower,0,12,31,0,43,0,1,71,0,72,0,13,102,0,115,160,0,160,275
12/17/2021,IXD,KS,ACE,CE,Federal Contract Tower,0,8,22,1,31,0,0,31,0,31,0,8,53,1,62,22,0,22,84
12/18/2021,IXD,KS,ACE,CE,Federal Contract Tower,0,3,18,3,24,0,0,26,0,26,0,3,44,3,50,68,0,68,118
12/19/2021,IXD,KS,ACE,CE,Federal Contract Tower,0,8,19,1,28,0,4,50,0,54,0,12,69,1,82,116,0,116,198
12/20/2021,IXD,KS,ACE,CE,Federal Contract Tower,0,3,20,0,23,0,4,74,2,80,0,7,94,2,103,76,0,76,179
12/21/2021,IXD,KS,ACE,CE,Federal Contract Tower,0,6,30,2,38,0,1,74,1,76,0,7,104,3,114,90,6,96,210
12/22/2021,IXD,KS,ACE,CE,Federal Contract Tower,0,5,29,0,34,0,7,84,0,91,0,12,113,0,125,122,0,122,247
12/23/2021,IXD,KS,ACE,CE,Federal Contract Tower,0,1,22,0,23,0,0,61,0,61,0,1,83,0,84,150,0,150,234
12/24/2021,IXD,KS,ACE,CE,Federal Contract Tower,0,3,15,0,18,0,4,18,0,22,0,7,33,0,40,22,0,22,62
12/25/2021,IXD,KS,ACE,CE,Federal Contract Tower,0,3,1,0,4,0,0,18,0,18,0,3,19,0,22,2,0,2,24
12/26/2021,IXD,KS,ACE,CE,Federal Contract Tower,0,4,16,0,20,0,0,33,0,33,0,4,49,0,53,12,0,12,65
12/27/2021,IXD,KS,ACE,CE,Federal Contract Tower,0,7,28,0,35,0,0,53,0,53,0,7,81,0,88,80,0,80,168
12/28/2021,IXD,KS,ACE,CE,Federal Contract Tower,0,2,9,0,11,0,0,38,0,38,0,2,47,0,49,88,0,88,137
12/29/2021,IXD,KS,ACE,CE,Federal Contract Tower,0,7,30,2,39,0,1,40,0,41,0,8,70,2,80,156,0,156,236
12/30/2021,IXD,KS,ACE,CE,Federal Contract Tower,0,3,22,0,25,0,0,44,0,44,0,3,66,0,69,102,0,102,171
12/31/2021,IXD,KS,ACE,CE,Federal Contract Tower,0,2,23,0,25,0,0,55,0,55,0,2,78,0,80,94,0,94,174
01/01/2022,IXD,KS,ACE,CE,Federal Contract Tower,0,2,2,0,4,0,0,0,0,0,0,2,2,0,4,0,0,0,4
01/02/2022,IXD,KS,ACE,CE,Federal Contract Tower,0,1,23,0,24,0,0,24,0,24,0,1,47,0,48,6,0,6,54
01/03/2022,IXD,KS,ACE,CE,Federal Contract Tower,0,2,16,1,19,0,2,57,0,59,0,4,73,1,78,64,0,64,142
01/04/2022,IXD,KS,ACE,CE,Federal Contract Tower,0,2,12,0,14,0,2,26,0,28,0,4,38,0,42,12,0,12,54
01/05/2022,IXD,KS,ACE,CE,Federal Contract Tower,0,4,23,0,27,0,1,46,0,47,0,5,69,0,74,98,0,98,172
01/06/2022,IXD,KS,ACE,CE,Federal Contract Tower,0,2,15,0,17,0,1,27,0,28,0,3,42,0,45,24,0,24,69
01/07/2022,IXD,KS,ACE,CE,Federal Contract Tower,0,8,12,10,30,0,2,39,2,43,0,10,51,12,73,74,14,88,161
01/08/2022,IXD,KS,ACE,CE,Federal Contract Tower,0,0,10,0,10,0,0,0,0,0,0,0,10,0,10,0,0,0,10
01/09/2022,IXD,KS,ACE,CE,Federal Contract Tower,0,3,17,0,20,0,3,55,0,58,0,6,72,0,78,66,0,66,144
01/10/2022,IXD,KS,ACE,CE,Federal Contract Tower,0,4,17,0,21,0,0,73,0,73,0,4,90,0,94,138,0,138,232
01/11/2022,IXD,KS,ACE,CE,Federal Contract Tower,0,5,11,0,16,0,3,72,1,76,0,8,83,1,92,60,0,60,152
01/12/2022,IXD,KS,ACE,CE,Federal Contract Tower,0,7,28,0,35,0,2,86,0,88,0,9,114,0,123,174,0,174,297
01/13/2022,IXD,KS,ACE,CE,Federal Contract Tower,0,5,29,0,34,0,1,75,2,78,0,6,104,2,112,124,0,124,236
01/14/2022,IXD,KS,ACE,CE,Federal Contract Tower,0,6,25,1,32,0,0,48,0,48,0,6,73,1,80,98,0,98,178
01/15/2022,IXD,KS,ACE,CE,Federal Contract Tower,0,0,5,0,5,0,0,0,0,0,0,0,5,0,5,0,0,0,5
01/16/2022,IXD,KS,ACE,CE,Federal Contract Tower,0,2,15,0,17,0,0,4,0,4,0,2,19,0,21,0,0,0,21
01/17/2022,IXD,KS,ACE,CE,Federal Contract Tower,0,8,14,0,22,0,3,77,1,81,0,11,91,1,103,162,0,162,265
01/18/2022,IXD,KS,ACE,CE,Federal Contract Tower,0,4,26,2,32,0,4,74,0,78,0,8,100,2,110,164,0,164,274
01/19/2022,IXD,KS,ACE,CE,Federal Contract Tower,0,8,15,0,23,0,3,27,2,32,0,11,42,2,55,116,0,116,171
01/20/2022,IXD,KS,ACE,CE,Federal Contract Tower,0,5,14,2,21,0,2,38,1,41,0,7,52,3,62,84,0,84,146
01/21/2022,IXD,KS,ACE,CE,Federal Contract Tower,0,5,22,1,28,0,4,42,1,47,0,9,64,2,75,104,0,104,179
01/22/2022,IXD,KS,ACE,CE,Federal Contract Tower,0,3,7,0,10,0,0,95,0,95,0,3,102,0,105,134,0,134,239
01/23/2022,IXD,KS,ACE,CE,Federal Contract Tower,0,4,20,0,24,0,0,54,0,54,0,4,74,0,78,96,0,96,174
01/24/2022,IXD,KS,ACE,CE,Federal Contract Tower,0,1,19,0,20,0,2,56,0,58,0,3,75,0,78,78,0,78,156
01/25/2022,IXD,KS,ACE,CE,Federal Contract Tower,0,2,20,1,23,0,1,40,3,44,0,3,60,4,67,92,0,92,159
01/26/2022,IXD,KS,ACE,CE,Federal Contract Tower,0,2,23,0,25,0,7,62,0,69,0,9,85,0,94,148,0,148,242
01/27/2022,IXD,KS,ACE,CE,Federal Contract Tower,0,1,25,0,26,0,2,54,0,56,0,3,79,0,82,144,0,144,226
01/28/2022,IXD,KS,ACE,CE,Federal Contract Tower,0,2,10,0,12,0,4,52,0,56,0,6,62,0,68,118,0,118,186
01/29/2022,IXD,KS,ACE,CE,Federal Contract Tower,0,9,13,0,22,0,2,99,0,101,0,11,112,0,123,134,0,134,257
01/30/2022,IXD,KS,ACE,CE,Federal Contract Tower,0,4,16,0,20,0,0,42,0,42,0,4,58,0,62,92,0,92,154
01/31/2022,IXD,KS,ACE,CE,Federal Contract Tower,0,5,15,1,21,0,5,62,2,69,0,10,77,3,90,120,0,120,210
02/01/2022,IXD,KS,ACE,CE,Federal Contract Tower,0,13,24,0,37,0,0,16,0,16,0,13,40,0,53,40,0,40,93
02/02/2022,IXD,KS,ACE,CE,Federal Contract Tower,0,2,0,0,2,0,0,0,0,0,0,2,0,0,2,0,0,0,2
02/03/2022,IXD,KS,ACE,CE,Federal Contract Tower,0,4,21,0,25,0,0,21,0,21,0,4,42,0,46,36,0,36,82
02/04/2022,IXD,KS,ACE,CE,Federal Contract Tower,0,2,19,0,21,0,4,73,4,81,0,6,92,4,102,48,2,50,152
02/05/2022,IXD,KS,ACE,CE,Federal Contract Tower,0,3,14,0,17,0,0,59,0,59,0,3,73,0,76,78,0,78,154
02/06/2022,IXD,KS,ACE,CE,Federal Contract Tower,0,0,23,1,24,0,0,70,0,70,0,0,93,1,94,120,0,120,214
02/07/2022,IXD,KS,ACE,CE,Federal Contract Tower,0,2,15,0,17,0,0,66,0,66,0,2,81,0,83,98,0,98,181
02/08/2022,IXD,KS,ACE,CE,Federal Contract Tower,0,4,32,0,36,0,0,69,0,69,0,4,101,0,105,122,0,122,227
02/09/2022,IXD,KS,ACE,CE,Federal Contract Tower,0,6,19,0,25,0,4,53,2,59,0,10,72,2,84,76,2,78,162
02/10/2022,IXD,KS,ACE,CE,Federal Contract Tower,0,5,27,0,32,0,1,84,2,87,0,6,111,2,119,124,0,124,243
02/11/2022,IXD,KS,ACE,CE,Federal Contract Tower,0,1,24,0,25,0,0,35,1,36,0,1,59,1,61,24,0,24,85
02/12/2022,IXD,KS,ACE,CE,Federal Contract Tower,0,4,15,0,19,0,0,73,0,73,0,4,88,0,92,172,0,172,264
02/13/2022,IXD,KS,ACE,CE,Federal Contract Tower,0,3,19,0,22,0,2,59,0,61,0,5,78,0,83,84,0,84,167
02/14/2022,IXD,KS,ACE,CE,Federal Contract Tower,0,1,15,0,16,0,0,72,0,72,0,1,87,0,88,122,0,122,210
02/15/2022,IXD,KS,ACE,CE,Federal Contract Tower,0,13,19,0,32,0,0,31,1,32,0,13,50,1,64,8,0,8,72
02/16/2022,IXD,KS,ACE,CE,Federal Contract Tower,0,6,28,0,34,0,0,20,0,20,0,6,48,0,54,10,0,10,64
02/17/2022,IXD,KS,ACE,CE,Federal Contract Tower,0,4,7,0,11,0,0,0,0,0,0,4,7,0,11,0,0,0,11
02/18/2022,IXD,KS,ACE,CE,Federal Contract Tower,0,2,14,2,18,0,1,32,1,34,0,3,46,3,52,16,2,18,70
02/19/2022,IXD,KS,ACE,CE,Federal Contract Tower,0,0,12,0,12,0,2,94,0,96,0,2,106,0,108,194,0,194,302
02/20/2022,IXD,KS,ACE,CE,Federal Contract Tower,0,0,21,1,22,0,0,48,0,48,0,0,69,1,70,40,0,40,110
02/21/2022,IXD,KS,ACE,CE,Federal Contract Tower,0,4,15,1,20,0,2,56,0,58,0,6,71,1,78,34,0,34,112
02/22/2022,IXD,KS,ACE,CE,Federal Contract Tower,0,9,18,0,27,0,0,3,0,3,0,9,21,0,30,0,0,0,30
02/23/2022,IXD,KS,ACE,CE,Federal Contract Tower,0,8,24,0,32,0,3,33,1,37,0,11,57,1,69,52,0,52,121
02/24/2022,IXD,KS,ACE,CE,Federal Contract Tower,0,3,20,0,23,0,0,1,0,1,0,3,21,0,24,0,0,0,24
02/25/2022,IXD,KS,ACE,CE,Federal Contract Tower,0,9,14,2,25,0,18,61,2,81,0,27,75,4,106,122,2,124,230
02/26/2022,IXD,KS,ACE,CE,Federal Contract Tower,0,8,19,2,29,0,4,90,1,95,0,12,109,3,124,202,0,202,326
02/27/2022,IXD,KS,ACE,CE,Federal Contract Tower,0,5,15,2,22,0,0,90,0,90,0,5,105,2,112,118,0,118,230
02/28/2022,IXD,KS,ACE,CE,Federal Contract Tower,0,8,20,0,28,0,1,75,1,77,0,9,95,1,105,82,0,82,187
03/01/2022,IXD,KS,ACE,CE,Federal Contract Tower,0,2,13,0,15,0,2,76,1,79,0,4,89,1,94,140,0,140,234
03/02/2022,IXD,KS,ACE,CE,Federal Contract Tower,0,3,25,8,36,0,4,99,3,106,0,7,124,11,142,156,0,156,298
03/03/2022,IXD,KS,ACE,CE,Federal Contract Tower,0,10,26,0,36,0,6,86,0,92,0,16,112,0,128,198,0,198,326
03/04/2022,IXD,KS,ACE,CE,Federal Contract Tower,0,4,26,1,31,0,3,76,0,79,0,7,102,1,110,86,0,86,196
03/05/2022,IXD,KS,ACE,CE,Federal Contract Tower,0,3,13,0,16,0,0,9,3,12,0,3,22,3,28,22,0,22,50
03/06/2022,IXD,KS,ACE,CE,Federal Contract Tower,0,6,11,0,17,0,0,64,0,64,0,6,75,0,81,126,0,126,207
03/07/2022,IXD,KS,ACE,CE,Federal Contract Tower,0,7,16,0,23,0,0,6,1,7,0,7,22,1,30,18,0,18,48
03/08/2022,IXD,KS,ACE,CE,Federal Contract Tower,0,6,13,2,21,0,1,88,2,91,0,7,101,4,112,230,0,230,342
03/09/2022,IXD,KS,ACE,CE,Federal Contract Tower,0,15,17,0,32,0,1,89,0,90,0,16,106,0,122,134,0,134,256
03/10/2022,IXD,KS,ACE,CE,Federal Contract Tower,0,2,9,0,11,0,0,0,0,0,0,2,9,0,11,0,0,0,11
03/11/2022,IXD,KS,ACE,CE,Federal Contract Tower,0,11,20,0,31,0,6,53,0,59,0,17,73,0,90,100,0,100,190
03/12/2022,IXD,KS,ACE,CE,Federal Contract Tower,0,10,17,0,27,0,0,73,0,73,0,10,90,0,100,132,0,132,232
03/13/2022,IXD,KS,ACE,CE,Federal Contract Tower,0,11,17,0,28,0,0,50,0,50,0,11,67,0,78,74,0,74,152
03/14/2022,IXD,KS,ACE,CE,Federal Contract Tower,0,11,16,5,32,0,1,22,5,28,0,12,38,10,60,36,6,42,102
03/15/2022,IXD,KS,ACE,CE,Federal Contract Tower,0,5,20,0,25,0,4,82,0,86,0,9,102,0,111,212,0,212,323
03/16/2022,IXD,KS,ACE,CE,Federal Contract Tower,0,9,21,0,30,0,0,88,0,88,0,9,109,0,118,104,0,104,222
03/17/2022,IXD,KS,ACE,CE,Federal Contract Tower,0,4,20,0,24,0,1,58,3,62,0,5,78,3,86,134,0,134,220
03/18/2022,IXD,KS,ACE,CE,Federal Contract Tower,0,4,7,0,11,0,0,0,0,0,0,4,7,0,11,0,0,0,11
03/19/2022,IXD,KS,ACE,CE,Federal Contract Tower,0,6,18,0,24,0,3,103,0,106,0,9,121,0,130,200,0,200,330
03/20/2022,IXD,KS,ACE,CE,Federal Contract Tower,0,9,18,3,30,0,1,65,0,66,0,10,83,3,96,94,0,94,190
03/21/2022,IXD,KS,ACE,CE,Federal Contract Tower,0,7,20,0,27,0,5,29,1,35,0,12,49,1,62,68,0,68,130
03/22/2022,IXD,KS,ACE,CE,Federal Contract Tower,0,6,25,2,33,0,0,7,0,7,0,6,32,2,40,16,0,16,56
03/23/2022,IXD,KS,ACE,CE,Federal Contract Tower,0,8,14,0,22,0,0,0,2,2,0,8,14,2,24,0,2,2,26
03/24/2022,IXD,KS,ACE,CE,Federal Contract Tower,0,17,34,0,51,0,0,30,1,31,0,17,64,1,82,80,0,80,162
03/25/2022,IXD,KS,ACE,CE,Federal Contract Tower,0,5,23,3,31,0,6,57,3,66,0,11,80,6,97,40,2,42,139
03/26/2022,IXD,KS,ACE,CE,Federal Contract Tower,0,0,7,0,7,0,1,103,0,104,0,1,110,0,111,238,0,238,349
03/27/2022,IXD,KS,ACE,CE,Federal Contract Tower,0,7,20,0,27,0,1,78,1,80,0,8,98,1,107,140,0,140,247
03/28/2022,IXD,KS,ACE,CE,Federal Contract Tower,0,3,25,0,28,0,2,31,1,34,0,5,56,1,62,22,0,22,84
03/29/2022,IXD,KS,ACE,CE,Federal Contract Tower,0,15,14,0,29,0,0,20,1,21,0,15,34,1,50,10,0,10,60
03/30/2022,IXD,KS,ACE,CE,Federal Contract Tower,0,15,20,0,35,0,0,14,5,19,0,15,34,5,54,54,4,58,112
03/31/2022,IXD,KS,ACE,CE,Federal Contract Tower,0,9,17,0,26,0,1,25,2,28,0,10,42,2,54,64,0,64,118
04/01/2022,IXD,KS,ACE,CE,Federal Contract Tower,0,14,32,1,47,0,7,101,1,109,0,21,133,2,156,190,0,190,346
04/02/2022,IXD,KS,ACE,CE,Federal Contract Tower,0,4,21,0,25,0,2,89,0,91,0,6,110,0,116,142,0,142,258
04/03/2022,IXD,KS,ACE,CE,Federal Contract Tower,0,2,28,0,30,0,0,66,0,66,0,2,94,0,96,130,0,130,226
04/04/2022,IXD,KS,ACE,CE,Federal Contract Tower,0,4,21,1,26,0,0,74,1,75,0,4,95,2,101,118,0,118,219
04/05/2022,IXD,KS,ACE,CE,Federal Contract Tower,0,13,38,0,51,0,0,34,1,35,0,13,72,1,86,90,0,90,176
04/06/2022,IXD,KS,ACE,CE,Federal Contract Tower,0,3,16,0,19,0,0,43,0,43,0,3,59,0,62,60,0,60,122
04/07/2022,IXD,KS,ACE,CE,Federal Contract Tower,0,5,10,0,15,0,0,8,0,8,0,5,18,0,23,0,1,1,24
04/08/2022,IXD,KS,ACE,CE,Federal Contract Tower,0,1,17,0,18,0,0,40,0,40,0,1,57,0,58,52,0,52,110
04/09/2022,IXD,KS,ACE,CE,Federal Contract Tower,0,0,27,0,27,0,2,103,0,105,0,2,130,0,132,188,0,188,320
04/10/2022,IXD,KS,ACE,CE,Federal Contract Tower,0,11,17,0,28,0,0,24,0,24,0,11,41,0,52,14,0,14,66
04/11/2022,IXD,KS,ACE,CE,Federal Contract Tower,0,9,32,0,41,0,2,69,0,71,0,11,101,0,112,148,0,148,260
04/12/2022,IXD,KS,ACE,CE,Federal Contract Tower,0,4,20,0,24,0,0,7,0,7,0,4,27,0,31,2,0,2,33
04/13/2022,IXD,KS,ACE,CE,Federal Contract Tower,0,4,19,3,26,0,0,47,1,48,0,4,66,4,74,100,0,100,174
04/14/2022,IXD,KS,ACE,CE,Federal Contract Tower,0,9,37,0,46,0,5,88,2,95,0,14,125,2,141,208,0,208,349
04/15/2022,IXD,KS,ACE,CE,Federal Contract Tower,0,3,21,2,26,0,0,88,1,89,0,3,109,3,115,266,8,274,389
04/16/2022,IXD,KS,ACE,CE,Federal Contract Tower,0,5,9,0,14,0,0,82,0,82,0,5,91,0,96,172,0,172,268
04/17/2022,IXD,KS,ACE,CE,Federal Contract Tower,0,0,11,0,11,0,0,2,0,2,0,0,13,0,13,4,0,4,17
04/18/2022,IXD,KS,ACE,CE,Federal Contract Tower,0,5,22,1,28,0,0,84,0,84,0,5,106,1,112,62,0,62,174
04/19/2022,IXD,KS,ACE,CE,Federal Contract Tower,0,11,42,0,53,0,1,79,0,80,0,12,121,0,133,160,0,160,293
04/20/2022,IXD,KS,ACE,CE,Federal Contract Tower,0,5,36,0,41,0,0,2,0,2,0,5,38,0,43,0,0,0,43
04/21/2022,IXD,KS,ACE,CE,Federal Contract Tower,0,17,34,0,51,0,0,78,4,82,0,17,112,4,133,82,4,86,219
04/22/2022,IXD,KS,ACE,CE,Federal Contract Tower,0,10,23,3,36,0,0,9,0,9,0,10,32,3,45,0,0,0,45
04/23/2022,IXD,KS,ACE,CE,Federal Contract Tower,0,6,5,2,13,0,0,2,1,3,0,6,7,3,16,4,0,4,20
04/24/2022,IXD,KS,ACE,CE,Federal Contract Tower,0,8,16,2,26,0,2,70,1,73,0,10,86,3,99,106,0,106,205
04/25/2022,IXD,KS,ACE,CE,Federal Contract Tower,0,6,27,3,36,0,4,67,2,73,0,10,94,5,109,70,2,72,181
04/26/2022,IXD,KS,ACE,CE,Federal Contract Tower,0,8,23,0,31,0,0,142,1,143,0,8,165,1,174,254,0,254,428
04/27/2022,IXD,KS,ACE,CE,Federal Contract Tower,0,11,21,1,33,0,5,88,2,95,0,16,109,3,128,168,0,168,296
04/28/2022,IXD,KS,ACE,CE,Federal Contract Tower,0,14,9,0,23,0,3,47,0,50,0,17,56,0,73,138,0,138,211
04/29/2022,IXD,KS,ACE,CE,Federal Contract Tower,0,1,16,0,17,0,3,16,0,19,0,4,32,0,36,56,0,56,92
04/30/2022,IXD,KS,ACE,CE,Federal Contract Tower,0,5,6,0,11,0,0,30,0,30,0,5,36,0,41,46,0,46,87
05/01/2022,IXD,KS,ACE,CE,Federal Contract Tower,0,5,19,0,24,0,0,58,0,58,0,5,77,0,82,54,0,54,136
05/02/2022,IXD,KS,ACE,CE,Federal Contract Tower,0,16,27,0,43,0,2,14,0,16,0,18,41,0,59,40,0,40,99
05/03/2022,IXD,KS,ACE,CE,Federal Contract Tower,0,14,43,0,57,0,0,27,0,27,0,14,70,0,84,174,0,174,258
05/04/2022,IXD,KS,ACE,CE,Federal Contract Tower,0,12,26,0,38,0,0,17,0,17,0,12,43,0,55,58,0,58,113
05/05/2022,IXD,KS,ACE,CE,Federal Contract Tower,0,14,41,0,55,0,2,16,0,18,0,16,57,0,73,64,0,64,137
05/06/2022,IXD,KS,ACE,CE,Federal Contract Tower,0,18,33,1,52,0,7,51,0,58,0,25,84,1,110,176,0,176,286
05/07/2022,IXD,KS,ACE,CE,Federal Contract Tower,0,4,20,0,24,0,0,85,2,87,0,4,105,2,111,172,0,172,283
05/08/2022,IXD,KS,ACE,CE,Federal Contract Tower,0,4,20,4,28,0,0,27,2,29,0,4,47,6,57,62,0,62,119
05/09/2022,IXD,KS,ACE,CE,Federal Contract Tower,0,6,19,0,25,0,7,41,0,48,0,13,60,0,73,26,0,26,99
05/10/2022,IXD,KS,ACE,CE,Federal Contract Tower,0,6,34,1,41,0,8,82,5,95,0,14,116,6,136,204,4,208,344
05/11/2022,IXD,KS,ACE,CE,Federal Contract Tower,0,9,30,1,40,0,3,106,3,112,0,12,136,4,152,244,0,244,396
05/12/2022,IXD,KS,ACE,CE,Federal Contract Tower,0,4,45,0,49,0,0,115,3,118,0,4,160,3,167,198,0,198,365
05/13/2022,IXD,KS,ACE,CE,Federal Contract Tower,1,11,14,1,27,0,0,71,0,71,1,11,85,1,98,168,0,168,266
05/14/2022,IXD,KS,ACE,CE,Federal Contract Tower,0,17,15,1,33,0,1,110,0,111,0,18,125,1,144,294,0,294,438
05/15/2022,IXD,KS,ACE,CE,Federal Contract Tower,0,16,31,0,47,0,0,52,0,52,0,16,83,0,99,154,0,154,253
05/16/2022,IXD,KS,ACE,CE,Federal Contract Tower,0,10,26,0,36,0,3,77,0,80,0,13,103,0,116,214,0,214,330
05/17/2022,IXD,KS,ACE,CE,Federal Contract Tower,0,7,26,0,33,0,15,73,0,88,0,22,99,0,121,222,0,222,343
05/18/2022,IXD,KS,ACE,CE,Federal Contract Tower,0,7,31,2,40,0,8,110,0,118,0,15,141,2,158,238,0,238,396
05/19/2022,IXD,KS,ACE,CE,Federal Contract Tower,0,6,28,0,34,0,9,117,0,126,0,15,145,0,160,250,0,250,410
05/20/2022,IXD,KS,ACE,CE,Federal Contract Tower,0,4,17,2,23,0,5,73,0,78,0,9,90,2,101,256,0,256,357
05/21/2022,IXD,KS,ACE,CE,Federal Contract Tower,0,2,11,4,17,0,0,52,2,54,0,2,63,6,71,170,2,172,243
05/22/2022,IXD,KS,ACE,CE,Federal Contract Tower,0,2,20,4,26,0,3,94,3,100,0,5,114,7,126,100,0,100,226
05/23/2022,IXD,KS,ACE,CE,Federal Contract Tower,0,4,16,0,20,0,4,50,2,56,0,8,66,2,76,122,0,122,198
05/24/2022,IXD,KS,ACE,CE,Federal Contract Tower,0,2,20,0,22,0,0,0,0,0,0,2,20,0,22,0,0,0,22
05/25/2022,IXD,KS,ACE,CE,Federal Contract Tower,0,6,22,0,28,0,0,1,2,3,0,6,23,2,31,0,0,0,31
05/26/2022,IXD,KS,ACE,CE,Federal Contract Tower,0,12,37,2,51,0,0,3,0,3,0,12,40,2,54,2,0,2,56
05/27/2022,IXD,KS,ACE,CE,Federal Contract Tower,0,3,31,0,34,0,12,139,0,151,0,15,170,0,185,284,0,284,469
05/28/2022,IXD,KS,ACE,CE,Federal Contract Tower,0,1,22,0,23,0,2,75,0,77,0,3,97,0,100,102,0,102,202
05/29/2022,IXD,KS,ACE,CE,Federal Contract Tower,0,5,7,0,12,0,0,10,0,10,0,5,17,0,22,8,0,8,30
05/30/2022,IXD,KS,ACE,CE,Federal Contract Tower,0,9,24,0,33,0,0,19,0,19,0,9,43,0,52,4,0,4,56
05/31/2022,IXD,KS,ACE,CE,Federal Contract Tower,0,5,19,4,28,0,0,15,0,15,0,5,34,4,43,74,0,74,117
06/01/2022,IXD,KS,ACE,CE,Federal Contract Tower,0,5,33,0,38,0,1,64,0,65,0,6,97,0,103,172,0,172,275
06/02/2022,IXD,KS,ACE,CE,Federal Contract Tower,0,14,37,0,51,0,1,140,4,145,0,15,177,4,196,278,4,282,478
06/03/2022,IXD,KS,ACE,CE,Federal Contract Tower,0,2,22,2,26,0,8,135,10,153,0,10,157,12,179,308,6,314,493
06/04/2022,IXD,KS,ACE,CE,Federal Contract Tower,0,1,16,0,17,0,2,88,0,90,0,3,104,0,107,248,0,248,355
06/05/2022,IXD,KS,ACE,CE,Federal Contract Tower,0,5,28,3,36,0,1,49,2,52,0,6,77,5,88,174,0,174,262
06/06/2022,IXD,KS,ACE,CE,Federal Contract Tower,0,6,21,0,27,0,2,80,2,84,0,8,101,2,111,220,0,220,331
06/07/2022,IXD,KS,ACE,CE,Federal Contract Tower,0,8,25,1,34,0,0,87,2,89,0,8,112,3,123,232,0,232,355
06/08/2022,IXD,KS,ACE,CE,Federal Contract Tower,0,12,30,2,44,0,4,69,1,74,0,16,99,3,118,196,0,196,314
06/09/2022,IXD,KS,ACE,CE,Federal Contract Tower,0,6,25,2,33,0,2,113,2,117,0,8,138,4,150,192,0,192,342
06/10/2022,IXD,KS,ACE,CE,Federal Contract Tower,0,3,17,0,20,0,2,110,1,113,0,5,127,1,133,226,0,226,359
06/11/2022,IXD,KS,ACE,CE,Federal Contract Tower,0,4,25,1,30,0,5,81,2,88,0,9,106,3,118,139,14,153,271
06/12/2022,IXD,KS,ACE,CE,Federal Contract Tower,0,5,20,0,25,0,1,63,0,64,0,6,83,0,89,118,0,118,207
06/13/2022,IXD,KS,ACE,CE,Federal Contract Tower,0,11,19,0,30,0,6,71,0,77,0,17,90,0,107,108,0,108,215
06/14/2022,IXD,KS,ACE,CE,Federal Contract Tower,0,6,30,1,37,0,1,73,1,75,0,7,103,2,112,100,0,100,212
06/15/2022,IXD,KS,ACE,CE,Federal Contract Tower,0,16,35,0,51,0,1,73,5,79,0,17,108,5,130,134,0,134,264
06/16/2022,IXD,KS,ACE,CE,Federal Contract Tower,0,11,25,0,36,0,1,115,0,116,0,12,140,0,152,238,0,238,390
06/17/2022,IXD,KS,ACE,CE,Federal Contract Tower,0,6,17,0,23,0,13,155,0,168,0,19,172,0,191,206,0,206,397
06/18/2022,IXD,KS,ACE,CE,Federal Contract Tower,0,4,15,0,19,0,0,100,0,100,0,4,115,0,119,186,0,186,305
06/19/2022,IXD,KS,ACE,CE,Federal Contract Tower,0,6,11,0,17,0,1,66,0,67,0,7,77,0,84,186,0,186,270
06/20/2022,IXD,KS,ACE,CE,Federal Contract Tower,0,7,19,1,27,0,1,122,2,125,0,8,141,3,152,272,2,274,426
06/21/2022,IXD,KS,ACE,CE,Federal Contract Tower,0,13,13,0,26,0,6,123,6,135,0,19,136,6,161,158,0,158,319
06/22/2022,IXD,KS,ACE,CE,Federal Contract Tower,0,8,24,0,32,0,2,90,2,94,0,10,114,2,126,184,0,184,310
06/23/2022,IXD,KS,ACE,CE,Federal Contract Tower,0,11,23,0,34,0,4,74,2,80,0,15,97,2,114,224,0,224,338
06/24/2022,IXD,KS,ACE,CE,Federal Contract Tower,0,9,22,10,41,0,1,90,2,93,0,10,112,12,134,190,10,200,334
06/25/2022,IXD,KS,ACE,CE,Federal Contract Tower,0,5,11,0,16,0,1,87,0,88,0,6,98,0,104,202,0,202,306
06/26/2022,IXD,KS,ACE,CE,Federal Contract Tower,0,5,12,0,17,0,1,84,0,85,0,6,96,0,102,156,0,156,258
06/27/2022,IXD,KS,ACE,CE,Federal Contract Tower,0,5,21,0,26,0,10,128,0,138,0,15,149,0,164,216,0,216,380
06/28/2022,IXD,KS,ACE,CE,Federal Contract Tower,0,5,30,1,36,0,7,135,2,144,0,12,165,3,180,232,0,232,412
06/29/2022,IXD,KS,ACE,CE,Federal Contract Tower,0,4,39,0,43,0,1,100,1,102,0,5,139,1,145,236,4,240,385
06/30/2022,IXD,KS,ACE,CE,Federal Contract Tower,0,9,27,0,36,0,3,105,1,109,0,12,132,1,145,204,0,204,349
07/01/2022,IXD,KS,ACE,CE,Federal Contract Tower,0,6,23,0,29,0,0,96,0,96,0,6,119,0,125,190,0,190,315
07/02/2022,IXD,KS,ACE,CE,Federal Contract Tower,0,5,1,0,6,0,0,10,2,12,0,5,11,2,18,14,0,14,32
07/03/2022,IXD,KS,ACE,CE,Federal Contract Tower,0,2,16,0,18,0,0,21,0,21,0,2,37,0,39,44,0,44,83
07/04/2022,IXD,KS,ACE,CE,Federal Contract Tower,0,5,9,0,14,0,0,40,0,40,0,5,49,0,54,60,0,60,114
07/05/2022,IXD,KS,ACE,CE,Federal Contract Tower,0,9,23,0,32,0,2,85,0,87,0,11,108,0,119,130,0,130,249
07/06/2022,IXD,KS,ACE,CE,Federal Contract Tower,0,11,22,0,33,0,2,108,2,112,0,13,130,2,145,226,0,226,371
07/07/2022,IXD,KS,ACE,CE,Federal Contract Tower,0,11,24,1,36,0,8,82,1,91,0,19,106,2,127,190,0,190,317
07/08/2022,IXD,KS,ACE,CE,Federal Contract Tower,0,7,18,14,39,0,1,90,2,93,0,8,108,16,132,188,2,190,322
07/09/2022,IXD,KS,ACE,CE,Federal Contract Tower,0,5,31,4,40,0,2,75,1,78,0,7,106,5,118,158,6,164,282
07/10/2022,IXD,KS,ACE,CE,Federal Contract Tower,0,4,14,7,25,0,0,105,4,109,0,4,119,11,134,208,0,208,342
07/11/2022,IXD,KS,ACE,CE,Federal Contract Tower,0,6,18,0,24,0,4,72,1,77,0,10,90,1,101,170,0,170,271
07/12/2022,IXD,KS,ACE,CE,Federal Contract Tower,0,6,16,0,22,0,1,106,0,107,0,7,122,0,129,242,0,242,371
07/13/2022,IXD,KS,ACE,CE,Federal Contract Tower,0,5,27,0,32,0,2,106,0,108,0,7,133,0,140,172,0,172,312
07/14/2022,IXD,KS,ACE,CE,Federal Contract Tower,0,6,22,0,28,0,8,92,1,101,0,14,114,1,129,184,0,184,313
07/15/2022,IXD,KS,ACE,CE,Federal Contract Tower,0,5,22,0,27,0,4,82,0,86,0,9,104,0,113,154,0,154,267
07/16/2022,IXD,KS,ACE,CE,Federal Contract Tower,0,9,19,1,29,0,2,78,0,80,0,11,97,1,109,188,0,188,297
07/17/2022,IXD,KS,ACE,CE,Federal Contract Tower,0,2,43,1,46,0,1,68,0,69,0,3,111,1,115,136,0,136,251
07/18/2022,IXD,KS,ACE,CE,Federal Contract Tower,0,6,27,0,33,0,4,92,1,97,0,10,119,1,130,182,6,188,318
07/19/2022,IXD,KS,ACE,CE,Federal Contract Tower,0,6,27,0,33,0,2,107,0,109,0,8,134,0,142,216,0,216,358
07/20/2022,IXD,KS,ACE,CE,Federal Contract Tower,0,6,33,1,40,0,0,103,2,105,0,6,136,3,145,168,2,170,315
07/21/2022,IXD,KS,ACE,CE,Federal Contract Tower,0,12,39,0,51,0,2,93,4,99,0,14,132,4,150,158,0,158,308
07/22/2022,IXD,KS,ACE,CE,Federal Contract Tower,0,9,29,0,38,0,4,115,2,121,0,13,144,2,159,296,0,296,455
07/23/2022,IXD,KS,ACE,CE,Federal Contract Tower,0,2,19,1,22,0,0,50,0,50,0,2,69,1,72,114,0,114,186
07/24/2022,IXD,KS,ACE,CE,Federal Contract Tower,0,8,36,0,44,0,0,57,2,59,0,8,93,2,103,86,0,86,189
07/25/2022,IXD,KS,ACE,CE,Federal Contract Tower,0,11,23,5,39,0,2,22,2,26,0,13,45,7,65,24,10,34,99
07/26/2022,IXD,KS,ACE,CE,Federal Contract Tower,0,9,36,0,45,0,0,82,1,83,0,9,118,1,128,158,0,158,286
07/27/2022,IXD,KS,ACE,CE,Federal Contract Tower,0,9,54,1,64,0,0,54,1,55,0,9,108,2,119,124,0,124,243
07/28/2022,IXD,KS,ACE,CE,Federal Contract Tower,0,11,39,0,50,0,0,41,2,43,0,11,80,2,93,72,0,72,165
07/29/2022,IXD,KS,ACE,CE,Federal Contract Tower,0,10,20,0,30,0,1,109,1,111,0,11,129,1,141,242,0,242,383
07/30/2022,IXD,KS,ACE,CE,Federal Contract Tower,0,5,45,0,50,0,1,75,0,76,0,6,120,0,126,180,0,180,306
07/31/2022,IXD,KS,ACE,CE,Federal Contract Tower,0,7,35,0,42,0,4,56,0,60,0,11,91,0,102,166,0,166,268
08/01/2022,IXD,KS,ACE,CE,Federal Contract Tower,0,7,29,0,36,0,0,88,1,89,0,7,117,1,125,158,0,158,283
08/02/2022,IXD,KS,ACE,CE,Federal Contract Tower,0,0,19,0,19,0,2,109,0,111,0,2,128,0,130,222,0,222,352
08/03/2022,IXD,KS,ACE,CE,Federal Contract Tower,0,8,26,0,34,0,2,37,4,43,0,10,63,4,77,150,8,158,235
08/04/2022,IXD,KS,ACE,CE,Federal Contract Tower,0,8,35,0,43,0,1,90,0,91,0,9,125,0,134,176,0,176,310
08/05/2022,IXD,KS,ACE,CE,Federal Contract Tower,0,14,26,1,41,0,0,123,0,123,0,14,149,1,164,260,0,260,424
08/06/2022,IXD,KS,ACE,CE,Federal Contract Tower,0,2,13,0,15,0,1,101,5,107,0,3,114,5,122,100,4,104,226
08/07/2022,IXD,KS,ACE,CE,Federal Contract Tower,0,11,18,1,30,0,1,96,0,97,0,12,114,1,127,212,0,212,339
08/08/2022,IXD,KS,ACE,CE,Federal Contract Tower,0,7,50,3,60,0,0,29,1,30,0,7,79,4,90,24,0,24,114
08/09/2022,IXD,KS,ACE,CE,Federal Contract Tower,0,8,27,0,35,0,2,106,0,108,0,10,133,0,143,284,0,284,427
08/10/2022,IXD,KS,ACE,CE,Federal Contract Tower,0,5,28,4,37,0,0,149,2,151,0,5,177,6,188,238,6,244,432
08/11/2022,IXD,KS,ACE,CE,Federal Contract Tower,0,9,33,3,45,0,2,130,5,137,0,11,163,8,182,174,0,174,356
08/12/2022,IXD,KS,ACE,CE,Federal Contract Tower,0,5,9,2,16,0,6,112,1,119,0,11,121,3,135,230,0,230,365
08/13/2022,IXD,KS,ACE,CE,Federal Contract Tower,0,2,10,0,12,0,0,104,0,104,0,2,114,0,116,212,0,212,328
08/14/2022,IXD,KS,ACE,CE,Federal Contract Tower,0,3,13,0,16,0,3,94,0,97,0,6,107,0,113,198,0,198,311
08/15/2022,IXD,KS,ACE,CE,Federal Contract Tower,0,12,18,0,30,0,0,80,0,80,0,12,98,0,110,110,0,110,220
08/16/2022,IXD,KS,ACE,CE,Federal Contract Tower,0,6,18,0,24,0,0,0,2,2,0,6,18,2,26,0,0,0,26
08/17/2022,IXD,KS,ACE,CE,Federal Contract Tower,0,13,39,10,62,0,5,111,4,120,0,18,150,14,182,288,16,304,486
08/18/2022,IXD,KS,ACE,CE,Federal Contract Tower,0,13,31,0,44,0,4,118,2,124,0,17,149,2,168,208,0,208,376
08/19/2022,IXD,KS,ACE,CE,Federal Contract Tower,0,9,25,0,34,0,2,35,0,37,0,11,60,0,71,80,0,80,151
08/20/2022,IXD,KS,ACE,CE,Federal Contract Tower,0,0,17,9,26,0,0,131,6,137,0,0,148,15,163,270,0,270,433
08/21/2022,IXD,KS,ACE,CE,Federal Contract Tower,0,5,21,7,33,0,0,110,2,112,0,5,131,9,145,220,0,220,365
08/22/2022,IXD,KS,ACE,CE,Federal Contract Tower,0,6,26,0,32,0,0,99,2,101,0,6,125,2,133,228,0,228,361
08/23/2022,IXD,KS,ACE,CE,Federal Contract Tower,0,6,16,0,22,0,0,126,2,128,0,6,142,2,150,264,0,264,414
08/24/2022,IXD,KS,ACE,CE,Federal Contract Tower,0,3,27,0,30,0,4,124,1,129,0,7,151,1,159,230,0,230,389
08/25/2022,IXD,KS,ACE,CE,Federal Contract Tower,0,2,27,0,29,0,12,109,0,121,0,14,136,0,150,198,0,198,348
08/26/2022,IXD,KS,ACE,CE,Federal Contract Tower,0,3,20,0,23,0,6,89,2,97,0,9,109,2,120,166,0,166,286
08/27/2022,IXD,KS,ACE,CE,Federal Contract Tower,0,3,9,0,12,0,0,106,0,106,0,3,115,0,118,268,0,268,386
08/28/2022,IXD,KS,ACE,CE,Federal Contract Tower,0,2,23,0,25,0,0,76,0,76,0,2,99,0,101,192,0,192,293
08/29/2022,IXD,KS,ACE,CE,Federal Contract Tower,0,10,11,0,21,0,1,81,0,82,0,11,92,0,103,124,0,124,227
08/30/2022,IXD,KS,ACE,CE,Federal Contract Tower,0,7,23,0,30,0,8,97,0,105,0,15,120,0,135,236,0,236,371
08/31/2022,IXD,KS,ACE,CE,Federal Contract Tower,0,13,28,1,42,0,0,154,0,154,0,13,182,1,196,226,0,226,422
09/01/2022,IXD,KS,ACE,CE,Federal Contract Tower,0,8,12,12,32,0,2,89,30,121,0,10,101,42,153,118,2,120,273
09/02/2022,IXD,KS,ACE,CE,Federal Contract Tower,0,3,13,0,16,0,1,28,6,35,0,4,41,6,51,8,0,8,59
09/03/2022,IXD,KS,ACE,CE,Federal Contract Tower,0,0,10,0,10,0,0,23,0,23,0,0,33,0,33,6,0,6,39
09/04/2022,IXD,KS,ACE,CE,Federal Contract Tower,0,2,9,1,12,0,2,30,0,32,0,4,39,1,44,16,0,16,60
09/05/2022,IXD,KS,ACE,CE,Federal Contract Tower,0,6,20,12,38,0,1,49,0,50,0,7,69,12,88,110,0,110,198
09/06/2022,IXD,KS,ACE,CE,Federal Contract Tower,0,14,15,0,29,0,11,82,0,93,0,25,97,0,122,208,0,208,330
09/07/2022,IXD,KS,ACE,CE,Federal Contract Tower,0,14,39,1,54,0,1,114,2,117,0,15,153,3,171,190,0,190,361
09/08/2022,IXD,KS,ACE,CE,Federal Contract Tower,0,22,35,1,58,0,1,157,1,159,0,23,192,2,217,230,0,230,447
09/09/2022,IXD,KS,ACE,CE,Federal Contract Tower,0,23,33,1,57,0,1,114,0,115,0,24,147,1,172,242,0,242,414
09/10/2022,IXD,KS,ACE,CE,Federal Contract Tower,0,11,32,0,43,0,0,25,0,25,0,11,57,0,68,2,0,2,70
09/11/2022,IXD,KS,ACE,CE,Federal Contract Tower,0,23,21,0,44,0,1,102,0,103,0,24,123,0,147,164,0,164,311
09/12/2022,IXD,KS,ACE,CE,Federal Contract Tower,0,10,34,0,44,0,7,110,0,117,0,17,144,0,161,160,0,160,321
09/13/2022,IXD,KS,ACE,CE,Federal Contract Tower,0,4,26,0,30,0,7,114,0,121,0,11,140,0,151,254,0,254,405
09/14/2022,IXD,KS,ACE,CE,Federal Contract Tower,0,8,23,0,31,0,2,78,2,82,0,10,101,2,113,148,2,150,263
09/15/2022,IXD,KS,ACE,CE,Federal Contract Tower,0,9,38,2,49,0,9,97,3,109,0,18,135,5,158,180,0,180,338
09/16/2022,IXD,KS,ACE,CE,Federal Contract Tower,0,7,28,0,35,0,7,96,0,103,0,14,124,0,138,188,0,188,326
09/17/2022,IXD,KS,ACE,CE,Federal Contract Tower,0,8,18,2,28,0,2,54,0,56,0,10,72,2,84,100,0,100,184
09/18/2022,IXD,KS,ACE,CE,Federal Contract Tower,0,10,21,2,33,0,1,49,0,50,0,11,70,2,83,92,0,92,175
09/19/2022,IXD,KS,ACE,CE,Federal Contract Tower,0,10,17,0,27,0,5,89,0,94,0,15,106,0,121,196,2,198,319
09/20/2022,IXD,KS,ACE,CE,Federal Contract Tower,0,14,27,1,42,0,2,59,0,61,0,16,86,1,103,68,0,68,171
09/21/2022,IXD,KS,ACE,CE,Federal Contract Tower,0,16,26,0,42,0,6,90,3,99,0,22,116,3,141,152,0,152,293
09/22/2022,IXD,KS,ACE,CE,Federal Contract Tower,0,9,23,0,32,0,7,84,1,92,0,16,107,1,124,224,0,224,348
09/23/2022,IXD,KS,ACE,CE,Federal Contract Tower,0,9,29,1,39,0,12,78,0,90,0,21,107,1,129,152,0,152,281
09/24/2022,IXD,KS,ACE,CE,Federal Contract Tower,0,4,14,0,18,0,2,95,0,97,0,6,109,0,115,130,0,130,245
09/25/2022,IXD,KS,ACE,CE,Federal Contract Tower,0,2,16,1,19,0,0,54,2,56,0,2,70,3,75,90,0,90,165
09/26/2022,IXD,KS,ACE,CE,Federal Contract Tower,0,4,19,0,23,0,0,88,2,90,0,4,107,2,113,142,0,142,255
09/27/2022,IXD,KS,ACE,CE,Federal Contract Tower,0,7,34,0,41,0,1,101,1,103,0,8,135,1,144,128,0,128,272
09/28/2022,IXD,KS,ACE,CE,Federal Contract Tower,0,7,37,1,45,0,1,106,0,107,0,8,143,1,152,230,0,230,382
09/29/2022,IXD,KS,ACE,CE,Federal Contract Tower,0,2,19,0,21,0,0,99,0,99,0,2,118,0,120,142,0,142,262
09/30/2022,IXD,KS,ACE,CE,Federal Contract Tower,0,9,19,0,28,0,6,97,0,103,0,15,116,0,131,226,0,226,357
10/01/2022,IXD,KS,ACE,CE,Federal Contract Tower,0,0,12,0,12,0,2,96,0,98,0,2,108,0,110,132,0,132,242
10/02/2022,IXD,KS,ACE,CE,Federal Contract Tower,0,8,18,0,26,0,2,86,0,88,0,10,104,0,114,160,0,160,274
10/03/2022,IXD,KS,ACE,CE,Federal Contract Tower,0,5,18,0,23,0,6,83,2,91,0,11,101,2,114,128,0,128,242
10/04/2022,IXD,KS,ACE,CE,Federal Contract Tower,0,4,17,2,23,0,0,103,2,105,0,4,120,4,128,216,0,216,344
10/05/2022,IXD,KS,ACE,CE,Federal Contract Tower,0,10,42,0,52,0,2,123,1,126,0,12,165,1,178,210,0,210,388
10/06/2022,IXD,KS,ACE,CE,Federal Contract Tower,0,16,29,1,46,0,4,109,1,114,0,20,138,2,160,254,0,254,414
10/07/2022,IXD,KS,ACE,CE,Federal Contract Tower,0,13,23,0,36,0,3,149,0,152,0,16,172,0,188,186,0,186,374
10/08/2022,IXD,KS,ACE,CE,Federal Contract Tower,0,4,16,0,20,0,3,83,0,86,0,7,99,0,106,206,0,206,312
10/09/2022,IXD,KS,ACE,CE,Federal Contract Tower,0,8,21,0,29,0,0,88,0,88,0,8,109,0,117,174,0,174,291
10/10/2022,IXD,KS,ACE,CE,Federal Contract Tower,0,15,21,0,36,0,0,104,0,104,0,15,125,0,140,156,0,156,296
10/11/2022,IXD,KS,ACE,CE,Federal Contract Tower,0,7,35,0,42,0,0,33,1,34,0,7,68,1,76,56,0,56,132
10/12/2022,IXD,KS,ACE,CE,Federal Contract Tower,0,16,33,0,49,0,2,58,0,60,0,18,91,0,109,120,0,120,229
10/13/2022,IXD,KS,ACE,CE,Federal Contract Tower,0,9,29,2,40,0,0,67,1,68,0,9,96,3,108,50,0,50,158
10/14/2022,IXD,KS,ACE,CE,Federal Contract Tower,0,6,16,2,24,0,0,61,1,62,0,6,77,3,86,44,2,46,132
10/15/2022,IXD,KS,ACE,CE,Federal Contract Tower,0,6,19,1,26,0,3,114,2,119,0,9,133,3,145,172,4,176,321
10/16/2022,IXD,KS,ACE,CE,Federal Contract Tower,0,9,19,1,29,0,3,73,2,78,0,12,92,3,107,106,4,110,217
10/17/2022,IXD,KS,ACE,CE,Federal Contract Tower,0,12,35,2,49,0,1,88,1,90,0,13,123,3,139,138,4,142,281
10/18/2022,IXD,KS,ACE,CE,Federal Contract Tower,0,8,18,0,26,0,0,117,1,118,0,8,135,1,144,148,0,148,292
10/19/2022,IXD,KS,ACE,CE,Federal Contract Tower,0,9,24,1,34,0,2,99,4,105,0,11,123,5,139,152,0,152,291
10/20/2022,IXD,KS,ACE,CE,Federal Contract Tower,0,13,30,1,44,0,1,133,4,138,0,14,163,5,182,168,0,168,350
10/21/2022,IXD,KS,ACE,CE,Federal Contract Tower,0,14,16,0,30,0,0,89,0,89,0,14,105,0,119,176,0,176,295
10/22/2022,IXD,KS,ACE,CE,Federal Contract Tower,0,5,10,0,15,0,1,73,0,74,0,6,83,0,89,98,0,98,187
10/23/2022,IXD,KS,ACE,CE,Federal Contract Tower,0,6,26,1,33,0,0,10,0,10,0,6,36,1,43,4,0,4,47
10/24/2022,IXD,KS,ACE,CE,Federal Contract Tower,0,11,16,0,27,0,0,2,0,2,0,11,18,0,29,2,0,2,31
10/25/2022,IXD,KS,ACE,CE,Federal Contract Tower,0,13,33,0,46,0,0,83,0,83,0,13,116,0,129,166,0,166,295
10/26/2022,IXD,KS,ACE,CE,Federal Contract Tower,0,14,28,8,50,0,2,131,4,137,0,16,159,12,187,270,8,278,465
10/27/2022,IXD,KS,ACE,CE,Federal Contract Tower,0,7,28,4,39,0,0,92,2,94,0,7,120,6,133,102,2,104,237
10/28/2022,IXD,KS,ACE,CE,Federal Contract Tower,0,12,16,27,55,0,5,116,0,121,0,17,132,27,176,214,0,214,390
10/29/2022,IXD,KS,ACE,CE,Federal Contract Tower,0,2,19,34,55,0,0,118,4,122,0,2,137,38,177,154,12,166,343
10/30/2022,IXD,KS,ACE,CE,Federal Contract Tower,0,6,16,9,31,0,0,83,0,83,0,6,99,9,114,122,2,124,238
10/31/2022,IXD,KS,ACE,CE,Federal Contract Tower,0,10,21,0,31,0,1,83,0,84,0,11,104,0,115,136,0,136,251
11/01/2022,IXD,KS,ACE,CE,Federal Contract Tower,0,13,30,0,43,0,1,111,2,114,0,14,141,2,157,146,0,146,303
11/02/2022,IXD,KS,ACE,CE,Federal Contract Tower,0,8,29,0,37,0,1,68,1,70,0,9,97,1,107,104,0,104,211
11/03/2022,IXD,KS,ACE,CE,Federal Contract Tower,0,20,25,0,45,0,0,46,1,47,0,20,71,1,92,28,0,28,120
11/04/2022,IXD,KS,ACE,CE,Federal Contract Tower,0,12,12,0,24,0,0,1,0,1,0,12,13,0,25,0,0,0,25
11/05/2022,IXD,KS,ACE,CE,Federal Contract Tower,0,5,20,0,25,0,0,47,2,49,0,5,67,2,74,78,0,78,152
11/06/2022,IXD,KS,ACE,CE,Federal Contract Tower,0,8,25,0,33,0,0,117,0,117,0,8,142,0,150,138,0,138,288
11/07/2022,IXD,KS,ACE,CE,Federal Contract Tower,0,13,22,0,35,0,0,78,5,83,0,13,100,5,118,120,0,120,238
11/08/2022,IXD,KS,ACE,CE,Federal Contract Tower,0,8,59,0,67,0,1,7,0,8,0,9,66,0,75,20,0,20,95
11/09/2022,IXD,KS,ACE,CE,Federal Contract Tower,0,6,49,0,55,0,2,20,1,23,0,8,69,1,78,32,0,32,110
11/10/2022,IXD,KS,ACE,CE,Federal Contract Tower,0,7,28,0,35,0,1,15,1,17,0,8,43,1,52,54,0,54,106
11/11/2022,IXD,KS,ACE,CE,Federal Contract Tower,0,7,23,0,30,0,2,89,0,91,0,9,112,0,121,126,0,126,247
11/12/2022,IXD,KS,ACE,CE,Federal Contract Tower,0,8,12,0,20,0,1,41,0,42,0,9,53,0,62,144,0,144,206
11/13/2022,IXD,KS,ACE,CE,Federal Contract Tower,0,6,14,0,20,0,1,90,0,91,0,7,104,0,111,128,0,128,239
11/14/2022,IXD,KS,ACE,CE,Federal Contract Tower,0,11,28,0,39,0,0,91,0,91,0,11,119,0,130,166,0,166,296
11/15/2022,IXD,KS,ACE,CE,Federal Contract Tower,0,7,23,0,30,0,0,43,0,43,0,7,66,0,73,130,0,130,203
11/16/2022,IXD,KS,ACE,CE,Federal Contract Tower,0,14,23,0,37,0,1,95,0,96,0,15,118,0,133,100,4,104,237
11/17/2022,IXD,KS,ACE,CE,Federal Contract Tower,0,11,34,2,47,0,8,78,3,89,0,19,112,5,136,138,3,141,277
11/18/2022,IXD,KS,ACE,CE,Federal Contract Tower,0,7,25,3,35,0,8,84,1,93,0,15,109,4,128,120,5,125,253
11/19/2022,IXD,KS,ACE,CE,Federal Contract Tower,0,13,23,5,41,0,0,47,8,55,0,13,70,13,96,14,24,38,134
11/20/2022,IXD,KS,ACE,CE,Federal Contract Tower,0,6,22,3,31,0,4,83,0,87,0,10,105,3,118,94,0,94,212
11/21/2022,IXD,KS,ACE,CE,Federal Contract Tower,0,5,29,1,35,0,0,95,0,95,0,5,124,1,130,190,0,190,320
11/22/2022,IXD,KS,ACE,CE,Federal Contract Tower,0,6,19,2,27,0,3,96,5,104,0,9,115,7,131,128,0,128,259
11/23/2022,IXD,KS,ACE,CE,Federal Contract Tower,0,7,19,0,26,0,2,57,0,59,0,9,76,0,85,136,0,136,221
11/24/2022,IXD,KS,ACE,CE,Federal Contract Tower,0,0,4,0,4,0,0,11,0,11,0,0,15,0,15,0,0,0,15
11/25/2022,IXD,KS,ACE,CE,Federal Contract Tower,0,6,9,0,15,0,0,54,0,54,0,6,63,0,69,95,0,95,164
11/26/2022,IXD,KS,ACE,CE,Federal Contract Tower,0,3,14,0,17,0,0,59,0,59,0,3,73,0,76,66,0,66,142
11/27/2022,IXD,KS,ACE,CE,Federal Contract Tower,0,9,28,0,37,0,1,21,0,22,0,10,49,0,59,60,0,60,119
11/28/2022,IXD,KS,ACE,CE,Federal Contract Tower,0,6,30,3,39,0,0,70,3,73,0,6,100,6,112,150,0,150,262
11/29/2022,IXD,KS,ACE,CE,Federal Contract Tower,0,13,13,1,27,0,0,44,2,46,0,13,57,3,73,4,0,4,77
11/30/2022,IXD,KS,ACE,CE,Federal Contract Tower,0,7,30,2,39,0,0,97,3,100,0,7,127,5,139,152,0,152,291
12/01/2022,IXD,KS,ACE,CE,Federal Contract Tower,0,16,38,0,54,0,5,70,3,78,0,21,108,3,132,98,0,98,230
12/02/2022,IXD,KS,ACE,CE,Federal Contract Tower,0,12,15,10,37,0,0,11,2,13,0,12,26,12,50,0,8,8,58
12/03/2022,IXD,KS,ACE,CE,Federal Contract Tower,0,2,16,10,28,0,0,94,7,101,0,2,110,17,129,170,42,212,341
12/04/2022,IXD,KS,ACE,CE,Federal Contract Tower,0,5,12,0,17,0,0,92,4,96,0,5,104,4,113,170,0,170,283
12/05/2022,IXD,KS,ACE,CE,Federal Contract Tower,0,11,35,0,46,0,1,9,0,10,0,12,44,0,56,46,0,46,102
12/06/2022,IXD,KS,ACE,CE,Federal Contract Tower,0,13,17,1,31,0,0,28,4,32,0,13,45,5,63,130,0,130,193
12/07/2022,IXD,KS,ACE,CE,Federal Contract Tower,0,4,47,0,51,0,6,51,5,62,0,10,98,5,113,196,0,196,309
12/08/2022,IXD,KS,ACE,CE,Federal Contract Tower,0,4,12,1,17,0,0,0,0,0,0,4,12,1,17,0,0,0,17
12/09/2022,IXD,KS,ACE,CE,Federal Contract Tower,0,12,19,2,33,0,0,2,0,2,0,12,21,2,35,0,0,0,35
12/10/2022,IXD,KS,ACE,CE,Federal Contract Tower,0,4,14,0,18,0,0,0,0,0,0,4,14,0,18,0,0,0,18
12/11/2022,IXD,KS,ACE,CE,Federal Contract Tower,0,6,11,1,18,0,0,4,0,4,0,6,15,1,22,8,0,8,30
12/12/2022,IXD,KS,ACE,CE,Federal Contract Tower,0,10,21,0,31,0,0,0,0,0,0,10,21,0,31,0,0,0,31
12/13/2022,IXD,KS,ACE,CE,Federal Contract Tower,0,12,16,2,30,0,0,16,0,16,0,12,32,2,46,18,0,18,64
12/14/2022,IXD,KS,ACE,CE,Federal Contract Tower,0,13,25,0,38,0,5,133,2,140,0,18,158,2,178,200,0,200,378
12/15/2022,IXD,KS,ACE,CE,Federal Contract Tower,0,16,25,0,41,0,0,24,1,25,0,16,49,1,66,32,0,32,98
12/16/2022,IXD,KS,ACE,CE,Federal Contract Tower,0,10,23,2,35,0,3,44,3,50,0,13,67,5,85,62,0,62,147
12/17/2022,IXD,KS,ACE,CE,Federal Contract Tower,0,8,15,1,24,0,0,53,0,53,0,8,68,1,77,100,0,100,177
12/18/2022,IXD,KS,ACE,CE,Federal Contract Tower,0,3,18,1,22,0,4,111,0,115,0,7,129,1,137,214,0,214,351
12/19/2022,IXD,KS,ACE,CE,Federal Contract Tower,0,15,7,0,22,0,0,26,4,30,0,15,33,4,52,58,2,60,112
12/20/2022,IXD,KS,ACE,CE,Federal Contract Tower,0,10,26,0,36,0,0,51,0,51,0,10,77,0,87,140,0,140,227
12/21/2022,IXD,KS,ACE,CE,Federal Contract Tower,0,6,25,0,31,0,2,45,0,47,0,8,70,0,78,142,0,142,220
12/22/2022,IXD,KS,ACE,CE,Federal Contract Tower,0,0,0,0,0,0,0,0,0,0,0,0,0,0,0,0,0,0,0
12/23/2022,IXD,KS,ACE,CE,Federal Contract Tower,0,5,6,0,11,0,0,7,0,7,0,5,13,0,18,4,0,4,22
12/24/2022,IXD,KS,ACE,CE,Federal Contract Tower,0,0,3,0,3,0,0,13,0,13,0,0,16,0,16,24,0,24,40
12/25/2022,IXD,KS,ACE,CE,Federal Contract Tower,0,6,1,0,7,0,0,9,0,9,0,6,10,0,16,12,0,12,28
12/26/2022,IXD,KS,ACE,CE,Federal Contract Tower,0,4,22,0,26,0,0,13,0,13,0,4,35,0,39,6,0,6,45
12/27/2022,IXD,KS,ACE,CE,Federal Contract Tower,0,3,30,0,33,0,0,70,0,70,0,3,100,0,103,84,0,84,187
12/28/2022,IXD,KS,ACE,CE,Federal Contract Tower,0,7,23,0,30,0,9,40,0,49,0,16,63,0,79,22,0,22,101
12/29/2022,IXD,KS,ACE,CE,Federal Contract Tower,0,5,22,4,31,0,0,34,0,34,0,5,56,4,65,20,2,22,87
12/30/2022,IXD,KS,ACE,CE,Federal Contract Tower,0,9,31,0,40,0,4,94,0,98,0,13,125,0,138,132,0,132,270
12/31/2022,IXD,KS,ACE,CE,Federal Contract Tower,0,6,18,0,24,0,2,75,0,77,0,8,93,0,101,112,0,112,213
01/01/2023,IXD,KS,ACE,CE,Federal Contract Tower,0,9,18,0,27,0,1,55,0,56,0,10,73,0,83,76,0,76,159
01/02/2023,IXD,KS,ACE,CE,Federal Contract Tower,0,5,22,0,27,0,0,0,0,0,0,5,22,0,27,0,0,0,27
01/03/2023,IXD,KS,ACE,CE,Federal Contract Tower,0,9,13,0,22,0,0,24,0,24,0,9,37,0,46,54,0,54,100
01/04/2023,IXD,KS,ACE,CE,Federal Contract Tower,0,5,19,0,24,0,9,92,1,102,0,14,111,1,126,128,2,130,256
01/05/2023,IXD,KS,ACE,CE,Federal Contract Tower,0,5,18,0,23,0,8,114,2,124,0,13,132,2,147,158,0,158,305
01/06/2023,IXD,KS,ACE,CE,Federal Contract Tower,0,9,23,2,34,0,7,90,3,100,0,16,113,5,134,96,4,100,234
01/07/2023,IXD,KS,ACE,CE,Federal Contract Tower,0,2,7,0,9,0,0,29,0,29,0,2,36,0,38,78,0,78,116
01/08/2023,IXD,KS,ACE,CE,Federal Contract Tower,0,10,14,0,24,0,0,136,0,136,0,10,150,0,160,246,0,246,406
01/09/2023,IXD,KS,ACE,CE,Federal Contract Tower,0,9,20,1,30,0,0,72,3,75,0,9,92,4,105,90,0,90,195
01/10/2023,IXD,KS,ACE,CE,Federal Contract Tower,0,12,17,0,29,0,2,126,4,132,0,14,143,4,161,218,2,220,381
01/11/2023,IXD,KS,ACE,CE,Federal Contract Tower,0,8,18,1,27,0,2,96,3,101,0,10,114,4,128,132,0,132,260
01/12/2023,IXD,KS,ACE,CE,Federal Contract Tower,0,13,18,0,31,0,0,0,5,5,0,13,18,5,36,0,2,2,38
01/13/2023,IXD,KS,ACE,CE,Federal Contract Tower,0,5,29,0,34,0,0,67,0,67,0,5,96,0,101,134,0,134,235
01/14/2023,IXD,KS,ACE,CE,Federal Contract Tower,0,0,15,0,15,0,0,83,0,83,0,0,98,0,98,140,0,140,238
01/15/2023,IXD,KS,ACE,CE,Federal Contract Tower,0,2,14,0,16,0,0,39,0,39,0,2,53,0,55,46,0,46,101
01/16/2023,IXD,KS,ACE,CE,Federal Contract Tower,0,3,8,0,11,0,0,53,0,53,0,3,61,0,64,118,0,118,182
01/17/2023,IXD,KS,ACE,CE,Federal Contract Tower,0,6,25,0,31,0,0,65,2,67,0,6,90,2,98,110,12,122,220
01/18/2023,IXD,KS,ACE,CE,Federal Contract Tower,0,7,7,0,14,0,0,0,0,0,0,7,7,0,14,0,0,0,14
01/19/2023,IXD,KS,ACE,CE,Federal Contract Tower,0,7,23,1,31,0,0,5,10,15,0,7,28,11,46,20,22,42,88
01/20/2023,IXD,KS,ACE,CE,Federal Contract Tower,0,12,30,3,45,0,12,107,6,125,0,24,137,9,170,202,0,202,372
01/21/2023,IXD,KS,ACE,CE,Federal Contract Tower,0,2,15,0,17,0,0,55,0,55,0,2,70,0,72,114,0,114,186
01/22/2023,IXD,KS,ACE,CE,Federal Contract Tower,0,4,9,0,13,0,0,0,0,0,0,4,9,0,13,0,0,0,13
01/23/2023,IXD,KS,ACE,CE,Federal Contract Tower,0,8,10,0,18,0,1,88,10,99,0,9,98,10,117,108,18,126,243
01/24/2023,IXD,KS,ACE,CE,Federal Contract Tower,0,4,22,0,26,0,0,65,10,75,0,4,87,10,101,220,12,232,333
01/25/2023,IXD,KS,ACE,CE,Federal Contract Tower,0,3,14,0,17,0,1,10,4,15,0,4,24,4,32,52,0,52,84
01/26/2023,IXD,KS,ACE,CE,Federal Contract Tower,0,11,22,0,33,0,5,63,8,76,0,16,85,8,109,128,2,130,239
01/27/2023,IXD,KS,ACE,CE,Federal Contract Tower,0,14,23,0,37,0,10,96,6,112,0,24,119,6,149,152,0,152,301
01/28/2023,IXD,KS,ACE,CE,Federal Contract Tower,0,6,17,0,23,0,2,67,1,70,0,8,84,1,93,68,0,68,161
01/29/2023,IXD,KS,ACE,CE,Federal Contract Tower,0,2,13,0,15,0,0,7,0,7,0,2,20,0,22,32,0,32,54
01/30/2023,IXD,KS,ACE,CE,Federal Contract Tower,0,6,29,0,35,0,1,43,0,44,0,7,72,0,79,46,0,46,125
01/31/2023,IXD,KS,ACE,CE,Federal Contract Tower,0,5,11,1,17,0,0,76,15,91,0,5,87,16,108,154,4,158,266
02/01/2023,IXD,KS,ACE,CE,Federal Contract Tower,0,7,23,2,32,0,7,111,14,132,0,14,134,16,164,198,16,214,378
02/02/2023,IXD,KS,ACE,CE,Federal Contract Tower,0,3,27,0,30,0,8,89,13,110,0,11,116,13,140,98,20,118,258
02/03/2023,IXD,KS,ACE,CE,Federal Contract Tower,0,12,16,7,35,0,7,75,2,84,0,19,91,9,119,92,0,92,211
02/04/2023,IXD,KS,ACE,CE,Federal Contract Tower,0,4,8,2,14,0,0,47,4,51,0,4,55,6,65,32,2,34,99
02/05/2023,IXD,KS,ACE,CE,Federal Contract Tower,0,6,24,0,30,0,0,73,0,73,0,6,97,0,103,166,0,166,269
02/06/2023,IXD,KS,ACE,CE,Federal Contract Tower,0,12,14,1,27,0,0,20,2,22,0,12,34,3,49,0,0,0,49
02/07/2023,IXD,KS,ACE,CE,Federal Contract Tower,0,12,31,9,52,0,0,105,6,111,0,12,136,15,163,156,0,156,319
02/08/2023,IXD,KS,ACE,CE,Federal Contract Tower,0,10,28,0,38,0,0,51,7,58,0,10,79,7,96,80,0,80,176
02/09/2023,IXD,KS,ACE,CE,Federal Contract Tower,0,12,24,0,36,0,0,25,5,30,0,12,49,5,66,76,6,82,148
02/10/2023,IXD,KS,ACE,CE,Federal Contract Tower,0,11,24,14,49,0,2,68,2,72,0,13,92,16,121,152,0,152,273
02/11/2023,IXD,KS,ACE,CE,Federal Contract Tower,0,7,16,6,29,0,3,103,3,109,0,10,119,9,138,220,0,220,358
02/12/2023,IXD,KS,ACE,CE,Federal Contract Tower,0,6,11,2,19,0,2,48,4,54,0,8,59,6,73,92,0,92,165
02/13/2023,IXD,KS,ACE,CE,Federal Contract Tower,0,10,24,4,38,0,0,113,4,117,0,10,137,8,155,138,0,138,293
02/14/2023,IXD,KS,ACE,CE,Federal Contract Tower,0,6,10,0,16,0,0,3,6,9,0,6,13,6,25,0,6,6,31
02/15/2023,IXD,KS,ACE,CE,Federal Contract Tower,0,13,16,0,29,0,0,64,12,76,0,13,80,12,105,238,0,238,343
02/16/2023,IXD,KS,ACE,CE,Federal Contract Tower,0,8,6,2,16,0,0,0,0,0,0,8,6,2,16,0,0,0,16
02/17/2023,IXD,KS,ACE,CE,Federal Contract Tower,0,14,20,0,34,0,4,92,1,97,0,18,112,1,131,104,0,104,235
02/18/2023,IXD,KS,ACE,CE,Federal Contract Tower,0,5,7,0,12,0,0,48,0,48,0,5,55,0,60,78,0,78,138
02/19/2023,IXD,KS,ACE,CE,Federal Contract Tower,0,3,16,0,19,0,0,90,0,90,0,3,106,0,109,164,0,164,273
02/20/2023,IXD,KS,ACE,CE,Federal Contract Tower,0,3,25,0,28,0,0,123,0,123,0,3,148,0,151,146,0,146,297
02/21/2023,IXD,KS,ACE,CE,Federal Contract Tower,0,9,24,1,34,0,0,88,3,91,0,9,112,4,125,200,0,200,325
02/22/2023,IXD,KS,ACE,CE,Federal Contract Tower,0,4,22,0,26,0,2,21,0,23,0,6,43,0,49,50,0,50,99
02/23/2023,IXD,KS,ACE,CE,Federal Contract Tower,0,8,15,5,28,0,8,68,5,81,0,16,83,10,109,86,2,88,197
02/24/2023,IXD,KS,ACE,CE,Federal Contract Tower,0,4,31,0,35,0,8,73,1,82,0,12,104,1,117,122,0,122,239
02/25/2023,IXD,KS,ACE,CE,Federal Contract Tower,0,3,12,0,15,0,0,97,0,97,0,3,109,0,112,166,0,166,278
02/26/2023,IXD,KS,ACE,CE,Federal Contract Tower,0,1,18,0,19,0,0,0,0,0,0,1,18,0,19,0,0,0,19
02/27/2023,IXD,KS,ACE,CE,Federal Contract Tower,0,6,22,4,32,0,0,49,0,49,0,6,71,4,81,50,0,50,131
02/28/2023,IXD,KS,ACE,CE,Federal Contract Tower,0,6,27,0,33,0,0,99,4,103,0,6,126,4,136,134,0,134,270
03/01/2023,IXD,KS,ACE,CE,Federal Contract Tower,0,8,28,0,36,0,4,105,1,110,0,12,133,1,146,152,0,152,298
03/02/2023,IXD,KS,ACE,CE,Federal Contract Tower,0,8,12,2,22,0,5,70,0,75,0,13,82,2,97,122,4,126,223
03/03/2023,IXD,KS,ACE,CE,Federal Contract Tower,0,8,18,1,27,0,2,58,1,61,0,10,76,2,88,118,0,118,206
03/04/2023,IXD,KS,ACE,CE,Federal Contract Tower,0,6,10,5,21,0,3,99,0,102,0,9,109,5,123,152,0,152,275
03/05/2023,IXD,KS,ACE,CE,Federal Contract Tower,0,7,9,0,16,0,2,47,0,49,0,9,56,0,65,46,0,46,111
03/06/2023,IXD,KS,ACE,CE,Federal Contract Tower,0,17,22,1,40,0,0,98,0,98,0,17,120,1,138,132,0,132,270
03/07/2023,IXD,KS,ACE,CE,Federal Contract Tower,0,9,27,0,36,0,0,73,7,80,0,9,100,7,116,258,0,258,374
03/08/2023,IXD,KS,ACE,CE,Federal Contract Tower,0,5,19,0,24,0,0,0,0,0,0,5,19,0,24,0,0,0,24
03/09/2023,IXD,KS,ACE,CE,Federal Contract Tower,0,16,14,0,30,0,0,1,3,4,0,16,15,3,34,6,24,30,64
03/10/2023,IXD,KS,ACE,CE,Federal Contract Tower,0,16,26,0,42,0,0,123,2,125,0,16,149,2,167,282,0,282,449
03/11/2023,IXD,KS,ACE,CE,Federal Contract Tower,0,10,27,0,37,0,0,6,0,6,0,10,33,0,43,14,0,14,57
03/12/2023,IXD,KS,ACE,CE,Federal Contract Tower,0,11,14,0,25,0,0,70,0,70,0,11,84,0,95,74,0,74,169
03/13/2023,IXD,KS,ACE,CE,Federal Contract Tower,0,4,12,5,21,0,0,87,0,87,0,4,99,5,108,220,0,220,328
03/14/2023,IXD,KS,ACE,CE,Federal Contract Tower,0,1,15,1,17,0,0,124,0,124,0,1,139,1,141,226,2,228,369
03/15/2023,IXD,KS,ACE,CE,Federal Contract Tower,0,6,10,1,17,0,1,50,5,56,0,7,60,6,73,56,0,56,129
03/16/2023,IXD,KS,ACE,CE,Federal Contract Tower,0,9,11,0,20,0,1,26,0,27,0,10,37,0,47,82,0,82,129
03/17/2023,IXD,KS,ACE,CE,Federal Contract Tower,0,6,14,3,23,0,4,92,5,101,0,10,106,8,124,154,14,168,292
03/18/2023,IXD,KS,ACE,CE,Federal Contract Tower,0,4,15,2,21,0,0,65,3,68,0,4,80,5,89,32,0,32,121
03/19/2023,IXD,KS,ACE,CE,Federal Contract Tower,0,3,17,2,22,0,1,74,0,75,0,4,91,2,97,124,0,124,221
03/20/2023,IXD,KS,ACE,CE,Federal Contract Tower,0,17,22,0,39,0,0,50,2,52,0,17,72,2,91,78,0,78,169
03/21/2023,IXD,KS,ACE,CE,Federal Contract Tower,0,7,16,2,25,0,0,0,0,0,0,7,16,2,25,0,0,0,25
03/22/2023,IXD,KS,ACE,CE,Federal Contract Tower,0,7,32,0,39,0,4,48,4,56,0,11,80,4,95,130,2,132,227
03/23/2023,IXD,KS,ACE,CE,Federal Contract Tower,0,13,10,0,23,0,0,20,6,26,0,13,30,6,49,72,0,72,121
03/24/2023,IXD,KS,ACE,CE,Federal Contract Tower,0,15,22,1,38,0,6,79,4,89,0,21,101,5,127,154,0,154,281
03/25/2023,IXD,KS,ACE,CE,Federal Contract Tower,0,11,16,0,27,0,2,112,3,117,0,13,128,3,144,194,0,194,338
03/26/2023,IXD,KS,ACE,CE,Federal Contract Tower,0,6,15,0,21,0,0,33,2,35,0,6,48,2,56,96,0,96,152
03/27/2023,IXD,KS,ACE,CE,Federal Contract Tower,0,4,26,0,30,0,1,114,6,121,0,5,140,6,151,170,0,170,321
03/28/2023,IXD,KS,ACE,CE,Federal Contract Tower,0,15,27,2,44,0,1,74,6,81,0,16,101,8,125,178,6,184,309
03/29/2023,IXD,KS,ACE,CE,Federal Contract Tower,0,12,24,2,38,0,0,147,2,149,0,12,171,4,187,260,0,260,447
03/30/2023,IXD,KS,ACE,CE,Federal Contract Tower,0,17,19,0,36,0,2,42,6,50,0,19,61,6,86,86,2,88,174
03/31/2023,IXD,KS,ACE,CE,Federal Contract Tower,0,5,14,0,19,0,1,1,2,4,0,6,15,2,23,0,0,0,23
04/01/2023,IXD,KS,ACE,CE,Federal Contract Tower,0,4,12,0,16,0,0,63,2,65,0,4,75,2,81,76,2,78,159
04/02/2023,IXD,KS,ACE,CE,Federal Contract Tower,0,6,19,0,25,0,5,48,0,53,0,11,67,0,78,82,0,82,160
04/03/2023,IXD,KS,ACE,CE,Federal Contract Tower,0,15,33,1,49,0,0,103,1,104,0,15,136,2,153,298,0,298,451
04/04/2023,IXD,KS,ACE,CE,Federal Contract Tower,0,8,14,0,22,0,0,12,2,14,0,8,26,2,36,48,0,48,84
04/05/2023,IXD,KS,ACE,CE,Federal Contract Tower,0,12,23,0,35,0,0,83,4,87,0,12,106,4,122,158,0,158,280
04/06/2023,IXD,KS,ACE,CE,Federal Contract Tower,0,8,28,1,37,0,2,157,7,166,0,10,185,8,203,220,0,220,423
04/07/2023,IXD,KS,ACE,CE,Federal Contract Tower,0,2,13,7,22,0,0,133,7,140,0,2,146,14,162,288,18,306,468
04/08/2023,IXD,KS,ACE,CE,Federal Contract Tower,0,1,8,12,21,0,0,89,2,91,0,1,97,14,112,222,0,222,334
04/09/2023,IXD,KS,ACE,CE,Federal Contract Tower,0,7,2,1,10,0,0,35,1,36,0,7,37,2,46,56,0,56,102
04/10/2023,IXD,KS,ACE,CE,Federal Contract Tower,0,13,17,1,31,0,0,40,2,42,0,13,57,3,73,46,0,46,119
04/11/2023,IXD,KS,ACE,CE,Federal Contract Tower,0,20,21,0,41,0,0,96,2,98,0,20,117,2,139,260,0,260,399
04/12/2023,IXD,KS,ACE,CE,Federal Contract Tower,0,11,27,0,38,0,1,67,6,74,0,12,94,6,112,102,0,102,214
04/13/2023,IXD,KS,ACE,CE,Federal Contract Tower,0,21,19,1,41,0,2,76,3,81,0,23,95,4,122,154,0,154,276
04/14/2023,IXD,KS,ACE,CE,Federal Contract Tower,0,13,22,3,38,0,1,68,3,72,0,14,90,6,110,114,0,114,224
04/15/2023,IXD,KS,ACE,CE,Federal Contract Tower,0,1,21,0,22,0,0,2,2,4,0,1,23,2,26,0,0,0,26
04/16/2023,IXD,KS,ACE,CE,Federal Contract Tower,0,3,11,0,14,0,0,3,0,3,0,3,14,0,17,2,0,2,19
04/17/2023,IXD,KS,ACE,CE,Federal Contract Tower,0,11,15,3,29,0,0,115,3,118,0,11,130,6,147,150,0,150,297
04/18/2023,IXD,KS,ACE,CE,Federal Contract Tower,0,12,23,0,35,0,0,85,7,92,0,12,108,7,127,132,18,150,277
04/19/2023,IXD,KS,ACE,CE,Federal Contract Tower,0,11,23,2,36,0,2,15,6,23,0,13,38,8,59,10,2,12,71
04/20/2023,IXD,KS,ACE,CE,Federal Contract Tower,0,10,19,1,30,0,1,15,6,22,0,11,34,7,52,18,6,24,76
04/21/2023,IXD,KS,ACE,CE,Federal Contract Tower,0,13,26,8,47,0,1,80,5,86,0,14,106,13,133,66,0,66,199
04/22/2023,IXD,KS,ACE,CE,Federal Contract Tower,0,4,22,20,46,0,0,55,9,64,0,4,77,29,110,54,16,70,180
04/23/2023,IXD,KS,ACE,CE,Federal Contract Tower,0,7,34,6,47,0,0,90,18,108,0,7,124,24,155,170,0,170,325
04/24/2023,IXD,KS,ACE,CE,Federal Contract Tower,0,12,19,1,32,0,0,113,4,117,0,12,132,5,149,214,0,214,363
04/25/2023,IXD,KS,ACE,CE,Federal Contract Tower,0,7,16,0,23,0,0,115,7,122,0,7,131,7,145,282,0,282,427
04/26/2023,IXD,KS,ACE,CE,Federal Contract Tower,0,7,24,0,31,0,2,129,1,132,0,9,153,1,163,248,0,248,411
04/27/2023,IXD,KS,ACE,CE,Federal Contract Tower,0,5,21,2,28,0,3,161,0,164,0,8,182,2,192,264,0,264,456
04/28/2023,IXD,KS,ACE,CE,Federal Contract Tower,0,6,23,0,29,0,6,88,5,99,0,12,111,5,128,200,0,200,328
04/29/2023,IXD,KS,ACE,CE,Federal Contract Tower,0,3,14,0,17,0,0,101,1,102,0,3,115,1,119,62,0,62,181
04/30/2023,IXD,KS,ACE,CE,Federal Contract Tower,0,11,6,1,18,0,0,12,0,12,0,11,18,1,30,0,0,0,30
05/01/2023,IXD,KS,ACE,CE,Federal Contract Tower,0,4,21,0,25,0,0,41,0,41,0,4,62,0,66,30,0,30,96
05/02/2023,IXD,KS,ACE,CE,Federal Contract Tower,0,4,25,0,29,0,1,86,0,87,0,5,111,0,116,192,0,192,308
05/03/2023,IXD,KS,ACE,CE,Federal Contract Tower,0,7,21,0,28,0,4,184,3,191,0,11,205,3,219,382,0,382,601
05/04/2023,IXD,KS,ACE,CE,Federal Contract Tower,0,11,26,2,39,0,1,58,0,59,0,12,84,2,98,132,0,132,230
05/05/2023,IXD,KS,ACE,CE,Federal Contract Tower,0,15,38,0,53,0,5,64,4,73,0,20,102,4,126,260,0,260,386
05/06/2023,IXD,KS,ACE,CE,Federal Contract Tower,0,14,21,5,40,0,2,38,0,40,0,16,59,5,80,56,0,56,136
05/07/2023,IXD,KS,ACE,CE,Federal Contract Tower,0,21,22,2,45,0,1,78,6,85,0,22,100,8,130,94,0,94,224
05/08/2023,IXD,KS,ACE,CE,Federal Contract Tower,0,10,22,1,33,0,0,108,0,108,0,10,130,1,141,196,0,196,337
05/09/2023,IXD,KS,ACE,CE,Federal Contract Tower,0,7,20,0,27,0,0,63,2,65,0,7,83,2,92,56,0,56,148
05/10/2023,IXD,KS,ACE,CE,Federal Contract Tower,0,11,22,1,34,0,2,144,1,147,0,13,166,2,181,308,2,310,491
05/11/2023,IXD,KS,ACE,CE,Federal Contract Tower,0,13,39,0,52,0,0,9,0,9,0,13,48,0,61,2,0,2,63
05/12/2023,IXD,KS,ACE,CE,Federal Contract Tower,0,15,36,0,51,0,0,86,4,90,0,15,122,4,141,354,0,354,495
05/13/2023,IXD,KS,ACE,CE,Federal Contract Tower,0,0,9,0,9,0,0,125,0,125,0,0,134,0,134,188,0,188,322
05/14/2023,IXD,KS,ACE,CE,Federal Contract Tower,0,7,6,0,13,0,0,34,0,34,0,7,40,0,47,88,0,88,135
05/15/2023,IXD,KS,ACE,CE,Federal Contract Tower,0,9,28,1,38,0,0,0,0,0,0,9,28,1,38,6,0,6,44
05/16/2023,IXD,KS,ACE,CE,Federal Contract Tower,0,12,52,0,64,0,0,26,4,30,0,12,78,4,94,154,0,154,248
05/17/2023,IXD,KS,ACE,CE,Federal Contract Tower,0,8,26,3,37,0,0,190,3,193,0,8,216,6,230,296,0,296,526
05/18/2023,IXD,KS,ACE,CE,Federal Contract Tower,0,10,30,2,42,0,4,147,8,159,0,14,177,10,201,290,0,290,491
05/19/2023,IXD,KS,ACE,CE,Federal Contract Tower,0,11,50,3,64,0,0,36,4,40,0,11,86,7,104,42,4,46,150
05/20/2023,IXD,KS,ACE,CE,Federal Contract Tower,0,7,18,13,38,0,0,134,8,142,0,7,152,21,180,150,12,162,342
05/21/2023,IXD,KS,ACE,CE,Federal Contract Tower,0,6,16,6,28,0,0,106,8,114,0,6,122,14,142,118,0,118,260
05/22/2023,IXD,KS,ACE,CE,Federal Contract Tower,0,12,27,0,39,0,0,125,0,125,0,12,152,0,164,176,0,176,340
05/23/2023,IXD,KS,ACE,CE,Federal Contract Tower,0,3,30,0,33,0,0,162,8,170,0,3,192,8,203,198,0,198,401
05/24/2023,IXD,KS,ACE,CE,Federal Contract Tower,0,7,19,0,26,0,2,103,4,109,0,9,122,4,135,140,0,140,275
05/25/2023,IXD,KS,ACE,CE,Federal Contract Tower,0,5,32,2,39,0,5,110,2,117,0,10,142,4,156,240,0,240,396
05/26/2023,IXD,KS,ACE,CE,Federal Contract Tower,0,6,27,2,35,0,0,121,1,122,0,6,148,3,157,222,0,222,379
05/27/2023,IXD,KS,ACE,CE,Federal Contract Tower,0,1,10,0,11,0,0,115,0,115,0,1,125,0,126,216,0,216,342
05/28/2023,IXD,KS,ACE,CE,Federal Contract Tower,0,4,7,0,11,0,0,86,0,86,0,4,93,0,97,108,0,108,205
05/29/2023,IXD,KS,ACE,CE,Federal Contract Tower,0,8,13,0,21,0,0,87,0,87,0,8,100,0,108,140,0,140,248
05/30/2023,IXD,KS,ACE,CE,Federal Contract Tower,0,11,25,2,38,0,2,72,0,74,0,13,97,2,112,68,0,68,180
05/31/2023,IXD,KS,ACE,CE,Federal Contract Tower,0,5,25,4,34,0,88,2,0,90,0,93,27,4,124,201,4,205,329
06/01/2023,IXD,KS,ACE,CE,Federal Contract Tower,0,13,33,0,46,0,6,111,7,124,0,19,144,7,170,144,8,152,322
06/02/2023,IXD,KS,ACE,CE,Federal Contract Tower,0,18,15,1,34,0,7,105,2,114,0,25,120,3,148,186,0,186,334
06/03/2023,IXD,KS,ACE,CE,Federal Contract Tower,0,9,11,3,23,0,7,102,3,112,0,16,113,6,135,144,10,154,289
06/04/2023,IXD,KS,ACE,CE,Federal Contract Tower,0,9,12,3,24,0,0,92,0,92,0,9,104,3,116,116,0,116,232
06/05/2023,IXD,KS,ACE,CE,Federal Contract Tower,0,11,29,0,40,0,0,84,3,87,0,11,113,3,127,138,0,138,265
06/06/2023,IXD,KS,ACE,CE,Federal Contract Tower,0,11,28,5,44,0,0,117,9,126,0,11,145,14,170,270,2,272,442
06/07/2023,IXD,KS,ACE,CE,Federal Contract Tower,0,13,26,3,42,0,0,138,0,138,0,13,164,3,180,260,0,260,440
06/08/2023,IXD,KS,ACE,CE,Federal Contract Tower,0,12,25,2,39,0,5,125,3,133,0,17,150,5,172,192,0,192,364
06/09/2023,IXD,KS,ACE,CE,Federal Contract Tower,0,8,31,0,39,0,11,142,2,155,0,19,173,2,194,164,0,164,358
06/10/2023,IXD,KS,ACE,CE,Federal Contract Tower,0,4,21,0,25,0,1,22,5,28,0,5,43,5,53,64,0,64,117
06/11/2023,IXD,KS,ACE,CE,Federal Contract Tower,0,6,44,0,50,0,0,23,0,23,0,6,67,0,73,66,0,66,139
06/12/2023,IXD,KS,ACE,CE,Federal Contract Tower,0,15,39,2,56,0,1,119,2,122,0,16,158,4,178,232,0,232,410
06/13/2023,IXD,KS,ACE,CE,Federal Contract Tower,0,4,30,0,34,0,7,96,4,107,0,11,126,4,141,250,6,256,397
06/14/2023,IXD,KS,ACE,CE,Federal Contract Tower,0,14,24,0,38,0,0,89,3,92,0,14,113,3,130,188,8,196,326
06/15/2023,IXD,KS,ACE,CE,Federal Contract Tower,0,8,29,0,37,0,4,110,4,118,0,12,139,4,155,176,0,176,331
06/16/2023,IXD,KS,ACE,CE,Federal Contract Tower,0,4,20,0,24,0,5,121,1,127,0,9,141,1,151,214,0,214,365
06/17/2023,IXD,KS,ACE,CE,Federal Contract Tower,0,7,22,0,29,0,1,100,2,103,0,8,122,2,132,90,0,90,222
06/18/2023,IXD,KS,ACE,CE,Federal Contract Tower,0,5,13,0,18,0,0,25,0,25,0,5,38,0,43,64,0,64,107
06/19/2023,IXD,KS,ACE,CE,Federal Contract Tower,0,4,21,0,25,0,0,89,0,89,0,4,110,0,114,116,0,116,230
06/20/2023,IXD,KS,ACE,CE,Federal Contract Tower,0,2,30,0,32,0,0,76,3,79,0,2,106,3,111,154,2,156,267
06/21/2023,IXD,KS,ACE,CE,Federal Contract Tower,0,3,33,2,38,0,1,113,5,119,0,4,146,7,157,140,0,140,297
06/22/2023,IXD,KS,ACE,CE,Federal Contract Tower,0,1,25,0,26,0,3,111,4,118,0,4,136,4,144,232,0,232,376
06/23/2023,IXD,KS,ACE,CE,Federal Contract Tower,0,6,22,2,30,0,3,122,5,130,0,9,144,7,160,250,2,252,412
06/24/2023,IXD,KS,ACE,CE,Federal Contract Tower,0,3,14,0,17,0,1,60,1,62,0,4,74,1,79,72,0,72,151
06/25/2023,IXD,KS,ACE,CE,Federal Contract Tower,0,7,15,0,22,0,0,52,0,52,0,7,67,0,74,48,0,48,122
06/26/2023,IXD,KS,ACE,CE,Federal Contract Tower,0,9,27,1,37,0,0,94,3,97,0,9,121,4,134,136,4,140,274
06/27/2023,IXD,KS,ACE,CE,Federal Contract Tower,0,7,20,0,27,0,2,130,9,141,0,9,150,9,168,170,30,200,368
06/28/2023,IXD,KS,ACE,CE,Federal Contract Tower,0,12,33,0,45,0,3,101,1,105,0,15,134,1,150,138,0,138,288
06/29/2023,IXD,KS,ACE,CE,Federal Contract Tower,0,8,31,0,39,0,1,90,2,93,0,9,121,2,132,174,0,174,306
06/30/2023,IXD,KS,ACE,CE,Federal Contract Tower,0,4,26,0,30,0,4,94,2,100,0,8,120,2,130,134,0,134,264
07/01/2023,IXD,KS,ACE,CE,Federal Contract Tower,0,6,18,0,24,0,0,58,0,58,0,6,76,0,82,66,0,66,148
07/02/2023,IXD,KS,ACE,CE,Federal Contract Tower,0,7,16,0,23,0,0,72,2,74,0,7,88,2,97,76,0,76,173
07/03/2023,IXD,KS,ACE,CE,Federal Contract Tower,0,0,6,0,6,0,0,108,4,112,0,0,114,4,118,242,6,248,366
07/04/2023,IXD,KS,ACE,CE,Federal Contract Tower,0,2,2,0,4,0,0,68,0,68,0,2,70,0,72,78,0,78,150
07/05/2023,IXD,KS,ACE,CE,Federal Contract Tower,0,7,39,0,46,0,2,54,0,56,0,9,93,0,102,86,0,86,188
07/06/2023,IXD,KS,ACE,CE,Federal Contract Tower,0,7,14,9,30,0,3,152,5,160,0,10,166,14,190,272,4,276,466
07/07/2023,IXD,KS,ACE,CE,Federal Contract Tower,0,7,24,2,33,0,0,82,2,84,0,7,106,4,117,184,0,184,301
07/08/2023,IXD,KS,ACE,CE,Federal Contract Tower,0,10,32,0,42,0,0,36,3,39,0,10,68,3,81,40,0,40,121
07/09/2023,IXD,KS,ACE,CE,Federal Contract Tower,0,16,25,0,41,0,0,135,5,140,0,16,160,5,181,154,0,154,335
07/10/2023,IXD,KS,ACE,CE,Federal Contract Tower,0,6,22,0,28,0,0,116,1,117,0,6,138,1,145,158,0,158,303
07/11/2023,IXD,KS,ACE,CE,Federal Contract Tower,0,0,24,1,25,0,3,116,2,121,0,3,140,3,146,134,0,134,280
07/12/2023,IXD,KS,ACE,CE,Federal Contract Tower,0,8,27,0,35,0,4,74,1,79,0,12,101,1,114,106,0,106,220
07/13/2023,IXD,KS,ACE,CE,Federal Contract Tower,0,8,25,2,35,0,4,108,9,121,0,12,133,11,156,160,16,176,332
07/14/2023,IXD,KS,ACE,CE,Federal Contract Tower,0,9,11,2,22,0,4,55,1,60,0,13,66,3,82,74,0,74,156
07/15/2023,IXD,KS,ACE,CE,Federal Contract Tower,0,11,17,0,28,0,3,79,1,83,0,14,96,1,111,128,0,128,239
07/16/2023,IXD,KS,ACE,CE,Federal Contract Tower,0,9,21,0,30,0,0,72,0,72,0,9,93,0,102,120,0,120,222
07/17/2023,IXD,KS,ACE,CE,Federal Contract Tower,0,12,27,0,39,0,6,89,2,97,0,18,116,2,136,248,0,248,384
07/18/2023,IXD,KS,ACE,CE,Federal Contract Tower,0,14,23,0,37,0,2,83,5,90,0,16,106,5,127,54,0,54,181
07/19/2023,IXD,KS,ACE,CE,Federal Contract Tower,0,4,51,4,59,0,2,89,0,91,0,6,140,4,150,200,0,200,350
07/20/2023,IXD,KS,ACE,CE,Federal Contract Tower,0,10,32,0,42,0,4,122,1,127,0,14,154,1,169,210,0,210,379
07/21/2023,IXD,KS,ACE,CE,Federal Contract Tower,0,11,30,4,45,0,0,142,9,151,0,11,172,13,196,224,14,238,434
07/22/2023,IXD,KS,ACE,CE,Federal Contract Tower,0,3,19,2,24,0,0,108,2,110,0,3,127,4,134,180,0,180,314
07/23/2023,IXD,KS,ACE,CE,Federal Contract Tower,0,6,21,0,27,0,0,99,0,99,0,6,120,0,126,156,0,156,282
07/24/2023,IXD,KS,ACE,CE,Federal Contract Tower,0,11,17,0,28,0,0,61,4,65,0,11,78,4,93,84,0,84,177
07/25/2023,IXD,KS,ACE,CE,Federal Contract Tower,0,19,11,0,30,0,0,83,4,87,0,19,94,4,117,156,0,156,273
07/26/2023,IXD,KS,ACE,CE,Federal Contract Tower,0,10,22,0,32,0,2,80,6,88,0,12,102,6,120,110,0,110,230
07/27/2023,IXD,KS,ACE,CE,Federal Contract Tower,0,11,26,1,38,0,0,105,3,108,0,11,131,4,146,148,0,148,294
07/28/2023,IXD,KS,ACE,CE,Federal Contract Tower,0,8,17,0,25,0,1,84,1,86,0,9,101,1,111,87,0,87,198
07/29/2023,IXD,KS,ACE,CE,Federal Contract Tower,0,5,13,0,18,0,4,51,0,55,0,9,64,0,73,94,0,94,167
07/30/2023,IXD,KS,ACE,CE,Federal Contract Tower,0,8,18,0,26,0,0,71,0,71,0,8,89,0,97,120,0,120,217
07/31/2023,IXD,KS,ACE,CE,Federal Contract Tower,0,8,23,0,31,0,0,55,1,56,0,8,78,1,87,132,0,132,219
08/01/2023,IXD,KS,ACE,CE,Federal Contract Tower,0,8,16,0,24,0,0,97,4,101,0,8,113,4,125,130,0,130,255
08/02/2023,IXD,KS,ACE,CE,Federal Contract Tower,0,4,21,0,25,0,3,101,3,107,0,7,122,3,132,188,0,188,320
08/03/2023,IXD,KS,ACE,CE,Federal Contract Tower,0,13,30,0,43,0,5,49,6,60,0,18,79,6,103,156,0,156,259
08/04/2023,IXD,KS,ACE,CE,Federal Contract Tower,0,12,36,0,48,0,63,1,0,64,0,75,37,0,112,128,0,128,240
08/05/2023,IXD,KS,ACE,CE,Federal Contract Tower,0,0,30,0,30,0,0,69,5,74,0,0,99,5,104,130,0,130,234
08/06/2023,IXD,KS,ACE,CE,Federal Contract Tower,0,3,8,0,11,0,0,45,0,45,0,3,53,0,56,44,0,44,100
08/07/2023,IXD,KS,ACE,CE,Federal Contract Tower,0,18,43,2,63,0,0,73,0,73,0,18,116,2,136,166,0,166,302
08/08/2023,IXD,KS,ACE,CE,Federal Contract Tower,0,8,27,0,35,0,0,152,2,154,0,8,179,2,189,240,0,240,429
08/09/2023,IXD,KS,ACE,CE,Federal Contract Tower,0,17,27,2,46,0,3,65,1,69,0,20,92,3,115,120,0,120,235
08/10/2023,IXD,KS,ACE,CE,Federal Contract Tower,0,12,29,0,41,0,5,143,1,149,0,17,172,1,190,206,0,206,396
08/11/2023,IXD,KS,ACE,CE,Federal Contract Tower,0,12,11,0,23,0,7,115,4,126,0,19,126,4,149,162,0,162,311
08/13/2023,IXD,KS,ACE,CE,Federal Contract Tower,0,13,6,0,19,0,0,8,0,8,0,13,14,0,27,6,0,6,33
08/14/2023,IXD,KS,ACE,CE,Federal Contract Tower,0,16,31,4,51,0,0,109,2,111,0,16,140,6,162,102,0,102,264
08/15/2023,IXD,KS,ACE,CE,Federal Contract Tower,0,16,31,0,47,0,0,125,4,129,0,16,156,4,176,242,0,242,418
08/16/2023,IXD,KS,ACE,CE,Federal Contract Tower,0,19,28,2,49,0,1,154,8,163,0,20,182,10,212,208,0,208,420
08/17/2023,IXD,KS,ACE,CE,Federal Contract Tower,0,8,21,11,40,0,2,41,17,60,0,10,62,28,100,50,0,50,150
08/18/2023,IXD,KS,ACE,CE,Federal Contract Tower,0,7,9,4,20,0,0,13,0,13,0,7,22,4,33,24,0,24,57
08/19/2023,IXD,KS,ACE,CE,Federal Contract Tower,0,2,3,0,5,0,0,14,0,14,0,2,17,0,19,12,0,12,31
08/20/2023,IXD,KS,ACE,CE,Federal Contract Tower,0,2,10,9,21,0,0,27,2,29,0,2,37,11,50,0,0,0,50
08/21/2023,IXD,KS,ACE,CE,Federal Contract Tower,0,8,27,8,43,0,0,97,6,103,0,8,124,14,146,82,8,90,236
08/22/2023,IXD,KS,ACE,CE,Federal Contract Tower,0,7,25,1,33,0,1,61,3,65,0,8,86,4,98,40,0,40,138
08/23/2023,IXD,KS,ACE,CE,Federal Contract Tower,0,14,19,1,34,0,5,109,4,118,0,19,128,5,152,148,0,148,300
08/24/2023,IXD,KS,ACE,CE,Federal Contract Tower,0,15,24,0,39,0,2,113,4,119,0,17,137,4,158,94,0,94,252
08/25/2023,IXD,KS,ACE,CE,Federal Contract Tower,0,3,30,2,35,0,3,91,1,95,0,6,121,3,130,110,0,110,240
08/26/2023,IXD,KS,ACE,CE,Federal Contract Tower,0,2,20,0,22,0,0,41,0,41,0,2,61,0,63,74,0,74,137
08/27/2023,IXD,KS,ACE,CE,Federal Contract Tower,0,4,15,2,21,0,0,70,7,77,0,4,85,9,98,114,0,114,212
08/28/2023,IXD,KS,ACE,CE,Federal Contract Tower,0,3,21,1,25,0,0,121,4,125,0,3,142,5,150,200,0,200,350
08/29/2023,IXD,KS,ACE,CE,Federal Contract Tower,0,6,20,0,26,0,1,126,5,132,0,7,146,5,158,158,0,158,316
08/30/2023,IXD,KS,ACE,CE,Federal Contract Tower,0,5,24,0,29,0,0,115,4,119,0,5,139,4,148,208,2,210,358
08/31/2023,IXD,KS,ACE,CE,Federal Contract Tower,0,10,34,1,45,0,3,142,2,147,0,13,176,3,192,200,0,200,392
01/01/2020,IXD,KS,ACE,CE,Federal Contract Tower,0,0,8,0,8,0,0,32,0,32,0,0,40,0,40,36,0,36,76
01/02/2020,IXD,KS,ACE,CE,Federal Contract Tower,0,1,9,0,10,0,0,16,2,18,0,1,25,2,28,2,0,2,30
01/03/2020,IXD,KS,ACE,CE,Federal Contract Tower,0,8,18,0,26,0,3,29,1,33,0,11,47,1,59,22,0,22,81
01/04/2020,IXD,KS,ACE,CE,Federal Contract Tower,0,3,9,0,12,0,0,61,0,61,0,3,70,0,73,148,0,148,221
01/05/2020,IXD,KS,ACE,CE,Federal Contract Tower,0,4,4,0,8,0,0,28,0,28,0,4,32,0,36,16,0,16,52
01/06/2020,IXD,KS,ACE,CE,Federal Contract Tower,0,3,15,3,21,0,0,43,2,45,0,3,58,5,66,86,0,86,152
01/07/2020,IXD,KS,ACE,CE,Federal Contract Tower,0,3,15,1,19,0,0,38,1,39,0,3,53,2,58,82,0,82,140
01/08/2020,IXD,KS,ACE,CE,Federal Contract Tower,0,12,16,0,28,0,0,27,1,28,0,12,43,1,56,50,0,50,106
01/09/2020,IXD,KS,ACE,CE,Federal Contract Tower,0,4,16,0,20,0,0,13,8,21,0,4,29,8,41,22,4,26,67
01/10/2020,IXD,KS,ACE,CE,Federal Contract Tower,0,10,1,0,11,0,0,0,0,0,0,10,1,0,11,0,0,0,11
01/11/2020,IXD,KS,ACE,CE,Federal Contract Tower,0,0,0,0,0,0,0,0,0,0,0,0,0,0,0,0,0,0,0
01/12/2020,IXD,KS,ACE,CE,Federal Contract Tower,0,4,10,0,14,0,0,0,0,0,0,4,10,0,14,0,0,0,14
01/13/2020,IXD,KS,ACE,CE,Federal Contract Tower,0,13,7,2,22,0,0,26,0,26,0,13,33,2,48,46,0,46,94
01/14/2020,IXD,KS,ACE,CE,Federal Contract Tower,0,7,14,3,24,0,0,3,0,3,0,7,17,3,27,4,0,4,31
01/15/2020,IXD,KS,ACE,CE,Federal Contract Tower,0,15,46,0,61,0,0,0,2,2,0,15,46,2,63,0,0,0,63
01/16/2020,IXD,KS,ACE,CE,Federal Contract Tower,0,7,14,0,21,0,1,55,7,63,0,8,69,7,84,112,0,112,196
01/17/2020,IXD,KS,ACE,CE,Federal Contract Tower,0,1,4,0,5,0,0,0,0,0,0,1,4,0,5,0,0,0,5
01/18/2020,IXD,KS,ACE,CE,Federal Contract Tower,0,1,10,0,11,0,0,7,0,7,0,1,17,0,18,6,0,6,24
01/19/2020,IXD,KS,ACE,CE,Federal Contract Tower,0,4,6,0,10,0,2,23,0,25,0,6,29,0,35,38,0,38,73
01/20/2020,IXD,KS,ACE,CE,Federal Contract Tower,0,10,16,0,26,0,0,53,1,54,0,10,69,1,80,74,0,74,154
01/21/2020,IXD,KS,ACE,CE,Federal Contract Tower,0,7,34,0,41,0,1,56,6,63,0,8,90,6,104,72,0,72,176
01/22/2020,IXD,KS,ACE,CE,Federal Contract Tower,0,1,12,0,13,0,0,0,0,0,0,1,12,0,13,0,0,0,13
01/23/2020,IXD,KS,ACE,CE,Federal Contract Tower,0,6,10,0,16,0,0,0,0,0,0,6,10,0,16,0,0,0,16
01/24/2020,IXD,KS,ACE,CE,Federal Contract Tower,0,1,21,0,22,0,0,0,0,0,0,1,21,0,22,0,0,0,22
01/25/2020,IXD,KS,ACE,CE,Federal Contract Tower,0,0,12,0,12,0,0,0,0,0,0,0,12,0,12,0,0,0,12
01/26/2020,IXD,KS,ACE,CE,Federal Contract Tower,0,7,5,0,12,0,4,53,0,57,0,11,58,0,69,82,0,82,151
01/27/2020,IXD,KS,ACE,CE,Federal Contract Tower,0,8,21,0,29,0,0,27,4,31,0,8,48,4,60,24,0,24,84
01/28/2020,IXD,KS,ACE,CE,Federal Contract Tower,0,6,13,0,19,0,0,0,0,0,0,6,13,0,19,0,0,0,19
01/29/2020,IXD,KS,ACE,CE,Federal Contract Tower,0,6,31,0,37,0,2,0,11,13,0,8,31,11,50,28,0,28,78
01/30/2020,IXD,KS,ACE,CE,Federal Contract Tower,0,7,17,0,24,0,5,45,6,56,0,12,62,6,80,88,0,88,168
01/31/2020,IXD,KS,ACE,CE,Federal Contract Tower,0,13,21,2,36,0,0,10,6,16,0,13,31,8,52,38,4,42,94
02/01/2020,IXD,KS,ACE,CE,Federal Contract Tower,0,4,14,0,18,0,17,78,3,98,0,21,92,3,116,222,4,226,342
02/02/2020,IXD,KS,ACE,CE,Federal Contract Tower,0,4,1,1,6,0,0,58,2,60,0,4,59,3,66,92,0,92,158
02/03/2020,IXD,KS,ACE,CE,Federal Contract Tower,0,6,24,1,31,0,3,39,3,45,0,9,63,4,76,12,2,14,90
02/04/2020,IXD,KS,ACE,CE,Federal Contract Tower,0,4,10,0,14,0,0,0,0,0,0,4,10,0,14,0,0,0,14
02/05/2020,IXD,KS,ACE,CE,Federal Contract Tower,0,2,13,0,15,0,0,0,0,0,0,2,13,0,15,0,0,0,15
02/06/2020,IXD,KS,ACE,CE,Federal Contract Tower,0,7,22,0,29,0,4,55,12,71,0,11,77,12,100,124,0,124,224
02/07/2020,IXD,KS,ACE,CE,Federal Contract Tower,0,7,16,0,23,0,4,47,1,52,0,11,63,1,75,74,2,76,151
02/08/2020,IXD,KS,ACE,CE,Federal Contract Tower,0,3,7,2,12,0,7,82,0,89,0,10,89,2,101,156,0,156,257
02/09/2020,IXD,KS,ACE,CE,Federal Contract Tower,0,4,9,0,13,0,0,12,2,14,0,4,21,2,27,14,0,14,41
02/10/2020,IXD,KS,ACE,CE,Federal Contract Tower,0,6,18,0,24,0,5,77,3,85,0,11,95,3,109,102,0,102,211
02/11/2020,IXD,KS,ACE,CE,Federal Contract Tower,0,11,22,0,33,0,4,57,1,62,0,15,79,1,95,106,0,106,201
02/12/2020,IXD,KS,ACE,CE,Federal Contract Tower,0,6,7,0,13,0,0,0,0,0,0,6,7,0,13,0,0,0,13
02/13/2020,IXD,KS,ACE,CE,Federal Contract Tower,0,4,15,0,19,0,3,20,5,28,0,7,35,5,47,24,4,28,75
02/14/2020,IXD,KS,ACE,CE,Federal Contract Tower,0,1,15,0,16,0,0,19,2,21,0,1,34,2,37,58,8,66,103
02/15/2020,IXD,KS,ACE,CE,Federal Contract Tower,0,1,7,0,8,0,0,21,0,21,0,1,28,0,29,72,0,72,101
02/16/2020,IXD,KS,ACE,CE,Federal Contract Tower,0,2,8,0,10,0,0,73,0,73,0,2,81,0,83,220,0,220,303
02/17/2020,IXD,KS,ACE,CE,Federal Contract Tower,0,6,17,0,23,0,0,44,0,44,0,6,61,0,67,106,0,106,173
02/18/2020,IXD,KS,ACE,CE,Federal Contract Tower,0,6,36,1,43,0,15,44,8,67,0,21,80,9,110,136,0,136,246
02/19/2020,IXD,KS,ACE,CE,Federal Contract Tower,0,4,21,1,26,0,2,81,7,90,0,6,102,8,116,118,0,118,234
02/20/2020,IXD,KS,ACE,CE,Federal Contract Tower,0,7,18,0,25,0,9,53,8,70,0,16,71,8,95,22,0,22,117
02/21/2020,IXD,KS,ACE,CE,Federal Contract Tower,0,6,30,1,37,0,3,88,4,95,0,9,118,5,132,174,0,174,306
02/22/2020,IXD,KS,ACE,CE,Federal Contract Tower,0,1,10,0,11,0,2,57,0,59,0,3,67,0,70,54,0,54,124
02/23/2020,IXD,KS,ACE,CE,Federal Contract Tower,0,4,17,4,25,0,0,52,6,58,0,4,69,10,83,126,4,130,213
02/24/2020,IXD,KS,ACE,CE,Federal Contract Tower,0,3,16,2,21,0,0,0,3,3,0,3,16,5,24,0,14,14,38
02/25/2020,IXD,KS,ACE,CE,Federal Contract Tower,0,15,18,1,34,0,1,7,2,10,0,16,25,3,44,22,0,22,66
02/26/2020,IXD,KS,ACE,CE,Federal Contract Tower,0,6,18,0,24,0,14,31,6,51,0,20,49,6,75,76,0,76,151
02/27/2020,IXD,KS,ACE,CE,Federal Contract Tower,0,5,24,0,29,0,1,39,15,55,0,6,63,15,84,56,6,62,146
02/28/2020,IXD,KS,ACE,CE,Federal Contract Tower,0,5,21,0,26,0,12,49,0,61,0,17,70,0,87,92,0,92,179
02/29/2020,IXD,KS,ACE,CE,Federal Contract Tower,0,1,13,1,15,0,3,67,0,70,0,4,80,1,85,150,0,150,235
03/01/2020,IXD,KS,ACE,CE,Federal Contract Tower,0,1,8,2,11,0,0,42,0,42,0,1,50,2,53,82,0,82,135
03/02/2020,IXD,KS,ACE,CE,Federal Contract Tower,0,5,6,5,16,0,4,65,8,77,0,9,71,13,93,178,22,200,293
03/03/2020,IXD,KS,ACE,CE,Federal Contract Tower,0,0,16,1,17,0,4,82,0,86,0,4,98,1,103,114,0,114,217
03/04/2020,IXD,KS,ACE,CE,Federal Contract Tower,0,5,15,2,22,0,8,79,0,87,0,13,94,2,109,184,0,184,293
03/05/2020,IXD,KS,ACE,CE,Federal Contract Tower,0,3,11,0,14,0,5,43,8,56,0,8,54,8,70,2,0,2,72
03/06/2020,IXD,KS,ACE,CE,Federal Contract Tower,0,3,22,2,27,0,8,100,8,116,0,11,122,10,143,188,0,188,331
03/07/2020,IXD,KS,ACE,CE,Federal Contract Tower,0,5,5,0,10,0,5,38,8,51,0,10,43,8,61,46,0,46,107
03/08/2020,IXD,KS,ACE,CE,Federal Contract Tower,0,6,16,0,22,0,0,10,5,15,0,6,26,5,37,0,0,0,37
03/09/2020,IXD,KS,ACE,CE,Federal Contract Tower,0,9,11,0,20,0,0,0,0,0,0,9,11,0,20,0,0,0,20
03/10/2020,IXD,KS,ACE,CE,Federal Contract Tower,0,8,36,3,47,0,0,35,0,35,0,8,71,3,82,110,0,110,192
03/11/2020,IXD,KS,ACE,CE,Federal Contract Tower,0,6,21,0,27,0,4,80,2,86,0,10,101,2,113,153,0,153,266
03/12/2020,IXD,KS,ACE,CE,Federal Contract Tower,0,10,22,0,32,0,9,26,3,38,0,19,48,3,70,58,0,58,128
03/13/2020,IXD,KS,ACE,CE,Federal Contract Tower,0,6,17,1,24,0,8,65,0,73,0,14,82,1,97,130,0,130,227
03/14/2020,IXD,KS,ACE,CE,Federal Contract Tower,0,3,10,0,13,0,0,0,0,0,0,3,10,0,13,0,0,0,13
03/15/2020,IXD,KS,ACE,CE,Federal Contract Tower,0,2,5,0,7,0,0,2,0,2,0,2,7,0,9,24,0,24,33
03/16/2020,IXD,KS,ACE,CE,Federal Contract Tower,0,13,10,0,23,0,0,0,0,0,0,13,10,0,23,0,0,0,23
03/17/2020,IXD,KS,ACE,CE,Federal Contract Tower,0,13,2,0,15,0,1,20,0,21,0,14,22,0,36,68,0,68,104
03/18/2020,IXD,KS,ACE,CE,Federal Contract Tower,0,9,15,0,24,0,0,1,0,1,0,9,16,0,25,8,0,8,33
03/19/2020,IXD,KS,ACE,CE,Federal Contract Tower,0,8,10,0,18,0,1,1,0,2,0,9,11,0,20,14,0,14,34
03/20/2020,IXD,KS,ACE,CE,Federal Contract Tower,0,2,12,0,14,0,3,14,0,17,0,5,26,0,31,30,0,30,61
03/21/2020,IXD,KS,ACE,CE,Federal Contract Tower,0,6,12,0,18,0,1,90,0,91,0,7,102,0,109,174,0,174,283
03/22/2020,IXD,KS,ACE,CE,Federal Contract Tower,0,3,9,0,12,0,0,0,0,0,0,3,9,0,12,0,0,0,12
03/23/2020,IXD,KS,ACE,CE,Federal Contract Tower,0,3,8,0,11,0,0,0,1,1,0,3,8,1,12,0,0,0,12
03/24/2020,IXD,KS,ACE,CE,Federal Contract Tower,0,5,9,0,14,0,0,10,0,10,0,5,19,0,24,0,0,0,24
03/25/2020,IXD,KS,ACE,CE,Federal Contract Tower,0,3,4,0,7,0,8,9,1,18,0,11,13,1,25,26,0,26,51
03/26/2020,IXD,KS,ACE,CE,Federal Contract Tower,0,2,5,0,7,0,2,21,0,23,0,4,26,0,30,16,0,16,46
03/27/2020,IXD,KS,ACE,CE,Federal Contract Tower,0,3,4,0,7,0,0,3,0,3,0,3,7,0,10,4,0,4,14
03/28/2020,IXD,KS,ACE,CE,Federal Contract Tower,0,3,0,0,3,0,0,1,0,1,0,3,1,0,4,0,0,0,4
03/29/2020,IXD,KS,ACE,CE,Federal Contract Tower,0,2,5,0,7,0,0,15,0,15,0,2,20,0,22,8,0,8,30
03/30/2020,IXD,KS,ACE,CE,Federal Contract Tower,0,1,3,2,6,0,0,19,0,19,0,1,22,2,25,12,0,12,37
03/31/2020,IXD,KS,ACE,CE,Federal Contract Tower,0,5,2,0,7,0,6,26,0,32,0,11,28,0,39,18,0,18,57
04/01/2020,IXD,KS,ACE,CE,Federal Contract Tower,0,4,10,0,14,0,0,19,2,21,0,4,29,2,35,24,0,24,59
04/02/2020,IXD,KS,ACE,CE,Federal Contract Tower,0,2,4,0,6,0,0,4,2,6,0,2,8,2,12,8,0,8,20
04/03/2020,IXD,KS,ACE,CE,Federal Contract Tower,0,0,1,0,1,0,0,0,0,0,0,0,1,0,1,6,0,6,7
04/04/2020,IXD,KS,ACE,CE,Federal Contract Tower,0,0,10,0,10,0,1,9,0,10,0,1,19,0,20,22,0,22,42
04/05/2020,IXD,KS,ACE,CE,Federal Contract Tower,0,2,5,0,7,0,0,6,0,6,0,2,11,0,13,6,0,6,19
04/06/2020,IXD,KS,ACE,CE,Federal Contract Tower,0,5,3,0,8,0,0,1,4,5,0,5,4,4,13,0,0,0,13
04/07/2020,IXD,KS,ACE,CE,Federal Contract Tower,0,3,6,0,9,0,0,19,1,20,0,3,25,1,29,32,0,32,61
04/08/2020,IXD,KS,ACE,CE,Federal Contract Tower,0,1,8,0,9,0,0,6,5,11,0,1,14,5,20,0,0,0,20
04/09/2020,IXD,KS,ACE,CE,Federal Contract Tower,0,2,4,0,6,0,0,8,2,10,0,2,12,2,16,8,0,8,24
04/10/2020,IXD,KS,ACE,CE,Federal Contract Tower,0,4,0,0,4,0,0,41,1,42,0,4,41,1,46,30,0,30,76
04/11/2020,IXD,KS,ACE,CE,Federal Contract Tower,0,2,3,0,5,0,0,2,0,2,0,2,5,0,7,0,0,0,7
04/12/2020,IXD,KS,ACE,CE,Federal Contract Tower,0,2,0,0,2,0,0,0,0,0,0,2,0,0,2,0,0,0,2
04/13/2020,IXD,KS,ACE,CE,Federal Contract Tower,0,4,4,0,8,0,0,20,8,28,0,4,24,8,36,12,4,16,52
04/14/2020,IXD,KS,ACE,CE,Federal Contract Tower,0,3,3,2,8,0,0,26,3,29,0,3,29,5,37,36,6,42,79
04/15/2020,IXD,KS,ACE,CE,Federal Contract Tower,0,2,11,0,13,0,9,27,2,38,0,11,38,2,51,24,0,24,75
04/16/2020,IXD,KS,ACE,CE,Federal Contract Tower,0,2,1,0,3,0,0,10,0,10,0,2,11,0,13,0,4,4,17
04/17/2020,IXD,KS,ACE,CE,Federal Contract Tower,0,3,0,4,7,0,1,2,2,5,0,4,2,6,12,0,0,0,12
04/18/2020,IXD,KS,ACE,CE,Federal Contract Tower,0,0,4,0,4,0,0,14,0,14,0,0,18,0,18,38,0,38,56
04/19/2020,IXD,KS,ACE,CE,Federal Contract Tower,0,1,1,0,2,0,0,18,0,18,0,1,19,0,20,16,0,16,36
04/20/2020,IXD,KS,ACE,CE,Federal Contract Tower,0,2,7,0,9,0,0,33,4,37,0,2,40,4,46,48,8,56,102
04/21/2020,IXD,KS,ACE,CE,Federal Contract Tower,0,0,5,0,5,0,4,61,4,69,0,4,66,4,74,58,0,58,132
04/22/2020,IXD,KS,ACE,CE,Federal Contract Tower,0,1,3,0,4,0,1,5,2,8,0,2,8,2,12,0,6,6,18
04/23/2020,IXD,KS,ACE,CE,Federal Contract Tower,0,3,5,6,14,0,0,36,4,40,0,3,41,10,54,24,0,24,78
04/24/2020,IXD,KS,ACE,CE,Federal Contract Tower,0,0,0,0,0,0,0,2,0,2,0,0,2,0,2,0,0,0,2
04/25/2020,IXD,KS,ACE,CE,Federal Contract Tower,0,5,10,0,15,0,0,24,0,24,0,5,34,0,39,32,0,32,71
04/26/2020,IXD,KS,ACE,CE,Federal Contract Tower,0,3,5,0,8,0,0,44,0,44,0,3,49,0,52,108,0,108,160
04/27/2020,IXD,KS,ACE,CE,Federal Contract Tower,0,3,11,0,14,0,3,41,4,48,0,6,52,4,62,30,0,30,92
04/28/2020,IXD,KS,ACE,CE,Federal Contract Tower,0,1,2,2,5,0,2,21,5,28,0,3,23,7,33,6,0,6,39
04/29/2020,IXD,KS,ACE,CE,Federal Contract Tower,0,6,2,1,9,0,8,6,3,17,0,14,8,4,26,2,0,2,28
04/30/2020,IXD,KS,ACE,CE,Federal Contract Tower,0,6,9,0,15,0,13,89,4,106,0,19,98,4,121,140,0,140,261
05/01/2020,IXD,KS,ACE,CE,Federal Contract Tower,0,3,3,7,13,0,1,17,3,21,0,4,20,10,34,20,0,20,54
05/02/2020,IXD,KS,ACE,CE,Federal Contract Tower,0,1,7,0,8,0,1,46,0,47,0,2,53,0,55,70,0,70,125
05/03/2020,IXD,KS,ACE,CE,Federal Contract Tower,0,3,10,0,13,0,0,13,0,13,0,3,23,0,26,18,0,18,44
05/04/2020,IXD,KS,ACE,CE,Federal Contract Tower,0,4,3,4,11,0,0,0,0,0,0,4,3,4,11,0,0,0,11
05/05/2020,IXD,KS,ACE,CE,Federal Contract Tower,0,1,17,2,20,0,4,14,3,21,0,5,31,5,41,0,0,0,41
05/06/2020,IXD,KS,ACE,CE,Federal Contract Tower,0,1,31,0,32,0,6,78,7,91,0,7,109,7,123,152,0,152,275
05/07/2020,IXD,KS,ACE,CE,Federal Contract Tower,0,6,15,0,21,0,8,32,0,40,0,14,47,0,61,70,0,70,131
05/08/2020,IXD,KS,ACE,CE,Federal Contract Tower,0,3,15,2,20,0,5,61,3,69,0,8,76,5,89,36,0,36,125
05/09/2020,IXD,KS,ACE,CE,Federal Contract Tower,0,0,11,0,11,0,0,60,0,60,0,0,71,0,71,114,0,114,185
05/10/2020,IXD,KS,ACE,CE,Federal Contract Tower,0,0,3,0,3,0,0,15,0,15,0,0,18,0,18,10,0,10,28
05/11/2020,IXD,KS,ACE,CE,Federal Contract Tower,0,2,8,0,10,0,0,88,4,92,0,2,96,4,102,172,0,172,274
05/12/2020,IXD,KS,ACE,CE,Federal Contract Tower,0,3,24,0,27,0,0,22,2,24,0,3,46,2,51,38,0,38,89
05/13/2020,IXD,KS,ACE,CE,Federal Contract Tower,0,7,15,0,22,0,0,2,0,2,0,7,17,0,24,0,0,0,24
05/14/2020,IXD,KS,ACE,CE,Federal Contract Tower,0,4,15,0,19,0,2,16,5,23,0,6,31,5,42,66,12,78,120
05/15/2020,IXD,KS,ACE,CE,Federal Contract Tower,0,2,21,4,27,0,0,2,4,6,0,2,23,8,33,2,0,2,35
05/16/2020,IXD,KS,ACE,CE,Federal Contract Tower,0,0,6,0,6,0,0,9,0,9,0,0,15,0,15,84,0,84,99
05/17/2020,IXD,KS,ACE,CE,Federal Contract Tower,0,2,24,0,26,0,0,28,0,28,0,2,52,0,54,20,0,20,74
05/18/2020,IXD,KS,ACE,CE,Federal Contract Tower,0,6,22,0,28,0,0,63,15,78,0,6,85,15,106,140,0,140,246
05/19/2020,IXD,KS,ACE,CE,Federal Contract Tower,0,6,21,0,27,0,0,97,25,122,0,6,118,25,149,233,0,233,382
05/20/2020,IXD,KS,ACE,CE,Federal Contract Tower,0,15,48,3,66,0,9,28,29,66,0,24,76,32,132,102,0,102,234
05/21/2020,IXD,KS,ACE,CE,Federal Contract Tower,0,9,27,11,47,0,3,42,17,62,0,12,69,28,109,126,0,126,235
05/22/2020,IXD,KS,ACE,CE,Federal Contract Tower,0,6,8,0,14,0,2,25,18,45,0,8,33,18,59,80,0,80,139
05/23/2020,IXD,KS,ACE,CE,Federal Contract Tower,0,1,14,0,15,0,0,87,5,92,0,1,101,5,107,184,0,184,291
05/24/2020,IXD,KS,ACE,CE,Federal Contract Tower,0,0,5,0,5,0,0,26,0,26,0,0,31,0,31,110,0,110,141
05/25/2020,IXD,KS,ACE,CE,Federal Contract Tower,0,2,7,0,9,0,0,27,0,27,0,2,34,0,36,106,0,106,142
05/26/2020,IXD,KS,ACE,CE,Federal Contract Tower,0,4,28,0,32,0,0,2,0,2,0,4,30,0,34,0,0,0,34
05/27/2020,IXD,KS,ACE,CE,Federal Contract Tower,0,13,19,0,32,0,6,38,1,45,0,19,57,1,77,168,1,169,246
05/28/2020,IXD,KS,ACE,CE,Federal Contract Tower,0,2,21,0,23,0,0,7,2,9,0,2,28,2,32,26,8,34,66
05/29/2020,IXD,KS,ACE,CE,Federal Contract Tower,0,7,22,0,29,0,15,102,2,119,0,22,124,2,148,204,0,204,352
05/30/2020,IXD,KS,ACE,CE,Federal Contract Tower,0,4,15,0,19,0,0,83,12,95,0,4,98,12,114,200,2,202,316
05/31/2020,IXD,KS,ACE,CE,Federal Contract Tower,0,3,14,2,19,0,0,60,7,67,0,3,74,9,86,160,0,160,246
06/01/2020,IXD,KS,ACE,CE,Federal Contract Tower,0,2,13,0,15,0,0,66,4,70,0,2,79,4,85,194,0,194,279
06/02/2020,IXD,KS,ACE,CE,Federal Contract Tower,0,0,30,0,30,0,0,94,2,96,0,0,124,2,126,194,0,194,320
06/03/2020,IXD,KS,ACE,CE,Federal Contract Tower,0,1,23,0,24,0,2,77,9,88,0,3,100,9,112,188,0,188,300
06/04/2020,IXD,KS,ACE,CE,Federal Contract Tower,0,2,9,0,11,0,4,69,10,83,0,6,78,10,94,140,0,140,234
06/05/2020,IXD,KS,ACE,CE,Federal Contract Tower,0,3,16,0,19,0,9,76,4,89,0,12,92,4,108,238,0,238,346
06/06/2020,IXD,KS,ACE,CE,Federal Contract Tower,0,5,10,1,16,0,0,77,3,80,0,5,87,4,96,118,0,118,214
06/07/2020,IXD,KS,ACE,CE,Federal Contract Tower,0,3,3,4,10,0,1,74,0,75,0,4,77,4,85,56,0,56,141
06/08/2020,IXD,KS,ACE,CE,Federal Contract Tower,0,4,8,0,12,0,0,66,0,66,0,4,74,0,78,102,0,102,180
06/09/2020,IXD,KS,ACE,CE,Federal Contract Tower,0,6,9,0,15,0,1,57,4,62,0,7,66,4,77,118,0,118,195
06/10/2020,IXD,KS,ACE,CE,Federal Contract Tower,0,6,10,1,17,0,3,21,4,28,0,9,31,5,45,36,0,36,81
06/11/2020,IXD,KS,ACE,CE,Federal Contract Tower,0,3,20,1,24,0,2,117,8,127,0,5,137,9,151,256,2,258,409
06/12/2020,IXD,KS,ACE,CE,Federal Contract Tower,0,6,30,0,36,0,22,79,2,103,0,28,109,2,139,206,0,206,345
06/13/2020,IXD,KS,ACE,CE,Federal Contract Tower,0,7,11,0,18,0,0,83,2,85,0,7,94,2,103,200,0,200,303
06/14/2020,IXD,KS,ACE,CE,Federal Contract Tower,0,8,13,0,21,0,0,75,0,75,0,8,88,0,96,150,0,150,246
06/15/2020,IXD,KS,ACE,CE,Federal Contract Tower,0,3,18,0,21,0,2,92,7,101,0,5,110,7,122,126,2,128,250
06/16/2020,IXD,KS,ACE,CE,Federal Contract Tower,0,12,17,0,29,0,2,93,4,99,0,14,110,4,128,238,0,238,366
06/17/2020,IXD,KS,ACE,CE,Federal Contract Tower,0,10,20,0,30,0,2,98,2,102,0,12,118,2,132,188,2,190,322
06/18/2020,IXD,KS,ACE,CE,Federal Contract Tower,0,5,17,0,22,0,7,73,6,86,0,12,90,6,108,172,0,172,280
06/19/2020,IXD,KS,ACE,CE,Federal Contract Tower,0,11,11,0,22,0,2,24,0,26,0,13,35,0,48,54,0,54,102
06/20/2020,IXD,KS,ACE,CE,Federal Contract Tower,0,2,15,0,17,0,0,45,5,50,0,2,60,5,67,70,0,70,137
06/21/2020,IXD,KS,ACE,CE,Federal Contract Tower,0,1,14,0,15,0,1,75,3,79,0,2,89,3,94,166,0,166,260
06/22/2020,IXD,KS,ACE,CE,Federal Contract Tower,0,5,29,0,34,0,5,72,3,80,0,10,101,3,114,138,0,138,252
06/23/2020,IXD,KS,ACE,CE,Federal Contract Tower,0,5,15,0,20,0,5,83,5,93,0,10,98,5,113,168,0,168,281
06/24/2020,IXD,KS,ACE,CE,Federal Contract Tower,0,12,18,1,31,0,1,87,7,95,0,13,105,8,126,194,0,194,320
06/25/2020,IXD,KS,ACE,CE,Federal Contract Tower,0,10,19,1,30,0,2,96,3,101,0,12,115,4,131,166,0,166,297
06/26/2020,IXD,KS,ACE,CE,Federal Contract Tower,0,9,5,1,15,0,1,71,2,74,0,10,76,3,89,146,10,156,245
06/27/2020,IXD,KS,ACE,CE,Federal Contract Tower,0,0,24,0,24,0,0,7,0,7,0,0,31,0,31,44,0,44,75
06/28/2020,IXD,KS,ACE,CE,Federal Contract Tower,0,8,18,0,26,0,1,56,0,57,0,9,74,0,83,88,0,88,171
06/29/2020,IXD,KS,ACE,CE,Federal Contract Tower,0,6,15,0,21,0,0,49,0,49,0,6,64,0,70,166,0,166,236
06/30/2020,IXD,KS,ACE,CE,Federal Contract Tower,0,10,12,0,22,0,0,74,0,74,0,10,86,0,96,164,0,164,260
07/01/2020,IXD,KS,ACE,CE,Federal Contract Tower,0,4,23,2,29,0,1,46,0,47,0,5,69,2,76,188,0,188,264
07/02/2020,IXD,KS,ACE,CE,Federal Contract Tower,0,3,10,0,13,0,0,80,0,80,0,3,90,0,93,180,0,180,273
07/03/2020,IXD,KS,ACE,CE,Federal Contract Tower,0,1,6,0,7,0,0,60,0,60,0,1,66,0,67,134,0,134,201
07/04/2020,IXD,KS,ACE,CE,Federal Contract Tower,0,3,2,1,6,0,0,14,0,14,0,3,16,1,20,22,0,22,42
07/05/2020,IXD,KS,ACE,CE,Federal Contract Tower,0,0,20,0,20,0,0,50,0,50,0,0,70,0,70,124,0,124,194
07/06/2020,IXD,KS,ACE,CE,Federal Contract Tower,0,3,5,0,8,0,1,76,0,77,0,4,81,0,85,184,0,184,269
07/07/2020,IXD,KS,ACE,CE,Federal Contract Tower,0,1,21,0,22,0,1,80,1,82,0,2,101,1,104,212,14,226,330
07/08/2020,IXD,KS,ACE,CE,Federal Contract Tower,0,2,29,6,37,0,8,113,6,127,0,10,142,12,164,192,12,204,368
07/09/2020,IXD,KS,ACE,CE,Federal Contract Tower,0,2,10,0,12,0,2,68,5,75,0,4,78,5,87,190,0,190,277
07/10/2020,IXD,KS,ACE,CE,Federal Contract Tower,0,13,14,0,27,0,3,80,2,85,0,16,94,2,112,140,0,140,252
07/11/2020,IXD,KS,ACE,CE,Federal Contract Tower,0,2,9,0,11,0,0,59,1,60,0,2,68,1,71,66,0,66,137
07/12/2020,IXD,KS,ACE,CE,Federal Contract Tower,0,2,16,0,18,0,0,85,7,92,0,2,101,7,110,156,0,156,266
07/13/2020,IXD,KS,ACE,CE,Federal Contract Tower,0,7,19,0,26,0,0,89,7,96,0,7,108,7,122,190,6,196,318
07/14/2020,IXD,KS,ACE,CE,Federal Contract Tower,0,5,11,0,16,0,3,72,6,81,0,8,83,6,97,230,0,230,327
07/15/2020,IXD,KS,ACE,CE,Federal Contract Tower,0,6,12,3,21,0,0,35,4,39,0,6,47,7,60,160,0,160,220
07/16/2020,IXD,KS,ACE,CE,Federal Contract Tower,0,5,22,0,27,0,3,99,4,106,0,8,121,4,133,212,0,212,345
07/17/2020,IXD,KS,ACE,CE,Federal Contract Tower,0,9,20,0,29,0,2,82,4,88,0,11,102,4,117,224,0,224,341
07/18/2020,IXD,KS,ACE,CE,Federal Contract Tower,0,4,8,0,12,0,2,42,5,49,0,6,50,5,61,106,0,106,167
07/19/2020,IXD,KS,ACE,CE,Federal Contract Tower,0,3,8,1,12,0,2,43,2,47,0,5,51,3,59,120,0,120,179
07/20/2020,IXD,KS,ACE,CE,Federal Contract Tower,0,3,11,0,14,0,0,30,2,32,0,3,41,2,46,126,0,126,172
07/21/2020,IXD,KS,ACE,CE,Federal Contract Tower,0,12,14,2,28,0,3,33,3,39,0,15,47,5,67,94,0,94,161
07/22/2020,IXD,KS,ACE,CE,Federal Contract Tower,0,8,21,0,29,0,2,97,10,109,0,10,118,10,138,196,2,198,336
07/23/2020,IXD,KS,ACE,CE,Federal Contract Tower,0,13,37,2,52,0,1,132,11,144,0,14,169,13,196,322,0,322,518
07/24/2020,IXD,KS,ACE,CE,Federal Contract Tower,0,6,20,0,26,0,8,84,8,100,0,14,104,8,126,148,0,148,274
07/25/2020,IXD,KS,ACE,CE,Federal Contract Tower,0,2,15,4,21,0,4,52,2,58,0,6,67,6,79,174,6,180,259
07/26/2020,IXD,KS,ACE,CE,Federal Contract Tower,0,9,14,0,23,0,1,76,0,77,0,10,90,0,100,192,0,192,292
07/27/2020,IXD,KS,ACE,CE,Federal Contract Tower,0,18,12,0,30,0,1,41,2,44,0,19,53,2,74,94,0,94,168
07/28/2020,IXD,KS,ACE,CE,Federal Contract Tower,0,7,15,1,23,0,1,64,11,76,0,8,79,12,99,162,0,162,261
07/29/2020,IXD,KS,ACE,CE,Federal Contract Tower,0,6,16,1,23,0,1,7,0,8,0,7,23,1,31,8,0,8,39
07/30/2020,IXD,KS,ACE,CE,Federal Contract Tower,0,15,12,6,33,0,0,0,2,2,0,15,12,8,35,2,0,2,37
07/31/2020,IXD,KS,ACE,CE,Federal Contract Tower,0,5,25,0,30,0,2,43,5,50,0,7,68,5,80,60,0,60,140
08/01/2020,IXD,KS,ACE,CE,Federal Contract Tower,0,4,14,0,18,0,0,63,3,66,0,4,77,3,84,194,4,198,282
08/02/2020,IXD,KS,ACE,CE,Federal Contract Tower,0,2,12,0,14,0,0,62,0,62,0,2,74,0,76,152,0,152,228
08/03/2020,IXD,KS,ACE,CE,Federal Contract Tower,0,4,18,2,24,0,0,100,0,100,0,4,118,2,124,344,0,344,468
08/04/2020,IXD,KS,ACE,CE,Federal Contract Tower,0,1,24,0,25,0,5,117,6,128,0,6,141,6,153,218,0,218,371
08/05/2020,IXD,KS,ACE,CE,Federal Contract Tower,0,0,22,0,22,0,9,95,9,113,0,9,117,9,135,180,0,180,315
08/06/2020,IXD,KS,ACE,CE,Federal Contract Tower,0,6,23,0,29,0,6,94,12,112,0,12,117,12,141,284,6,290,431
08/07/2020,IXD,KS,ACE,CE,Federal Contract Tower,0,6,11,0,17,0,2,30,1,33,0,8,41,1,50,84,0,84,134
08/08/2020,IXD,KS,ACE,CE,Federal Contract Tower,0,7,16,1,24,0,3,42,0,45,0,10,58,1,69,122,0,122,191
08/09/2020,IXD,KS,ACE,CE,Federal Contract Tower,0,5,15,0,20,0,1,48,0,49,0,6,63,0,69,70,0,70,139
08/10/2020,IXD,KS,ACE,CE,Federal Contract Tower,0,9,28,0,37,0,0,88,8,96,0,9,116,8,133,172,0,172,305
08/11/2020,IXD,KS,ACE,CE,Federal Contract Tower,0,5,26,0,31,0,3,82,6,91,0,8,108,6,122,228,0,228,350
08/12/2020,IXD,KS,ACE,CE,Federal Contract Tower,0,8,17,1,26,0,9,86,1,96,0,17,103,2,122,184,0,184,306
08/13/2020,IXD,KS,ACE,CE,Federal Contract Tower,0,8,16,0,24,0,7,50,4,61,0,15,66,4,85,266,20,286,371
08/14/2020,IXD,KS,ACE,CE,Federal Contract Tower,0,11,30,4,45,0,7,98,3,108,0,18,128,7,153,156,0,156,309
08/15/2020,IXD,KS,ACE,CE,Federal Contract Tower,0,9,12,0,21,0,1,49,0,50,0,10,61,0,71,124,0,124,195
08/16/2020,IXD,KS,ACE,CE,Federal Contract Tower,0,6,18,0,24,0,4,76,4,84,0,10,94,4,108,192,0,192,300
08/17/2020,IXD,KS,ACE,CE,Federal Contract Tower,0,3,19,0,22,0,1,101,2,104,0,4,120,2,126,194,0,194,320
08/18/2020,IXD,KS,ACE,CE,Federal Contract Tower,0,7,14,0,21,0,8,107,4,119,0,15,121,4,140,214,0,214,354
08/19/2020,IXD,KS,ACE,CE,Federal Contract Tower,0,6,10,0,16,0,14,65,1,80,0,20,75,1,96,206,2,208,304
08/20/2020,IXD,KS,ACE,CE,Federal Contract Tower,0,6,24,2,32,0,16,75,5,96,0,22,99,7,128,92,2,94,222
08/21/2020,IXD,KS,ACE,CE,Federal Contract Tower,0,7,15,1,23,0,8,71,1,80,0,15,86,2,103,100,0,100,203
08/22/2020,IXD,KS,ACE,CE,Federal Contract Tower,0,3,6,0,9,0,9,53,5,67,0,12,59,5,76,102,0,102,178
08/23/2020,IXD,KS,ACE,CE,Federal Contract Tower,0,4,13,2,19,0,4,78,4,86,0,8,91,6,105,68,0,68,173
08/24/2020,IXD,KS,ACE,CE,Federal Contract Tower,0,5,20,3,28,0,2,67,5,74,0,7,87,8,102,132,2,134,236
08/25/2020,IXD,KS,ACE,CE,Federal Contract Tower,0,8,23,0,31,0,7,71,7,85,0,15,94,7,116,184,6,190,306
08/26/2020,IXD,KS,ACE,CE,Federal Contract Tower,0,8,20,2,30,0,13,95,3,111,0,21,115,5,141,192,0,192,333
08/27/2020,IXD,KS,ACE,CE,Federal Contract Tower,0,5,18,2,25,0,11,78,7,96,0,16,96,9,121,244,2,246,367
08/28/2020,IXD,KS,ACE,CE,Federal Contract Tower,0,6,14,2,22,0,10,98,4,112,0,16,112,6,134,188,0,188,322
08/29/2020,IXD,KS,ACE,CE,Federal Contract Tower,0,1,16,0,17,0,0,27,0,27,0,1,43,0,44,24,0,24,68
08/30/2020,IXD,KS,ACE,CE,Federal Contract Tower,0,4,25,0,29,0,2,61,0,63,0,6,86,0,92,152,0,152,244
08/31/2020,IXD,KS,ACE,CE,Federal Contract Tower,0,14,21,0,35,0,1,14,0,15,0,15,35,0,50,20,0,20,70
09/01/2020,IXD,KS,ACE,CE,Federal Contract Tower,0,15,17,1,33,0,2,30,2,34,0,17,47,3,67,112,0,112,179
09/02/2020,IXD,KS,ACE,CE,Federal Contract Tower,0,9,24,1,34,0,9,74,7,90,0,18,98,8,124,170,0,170,294
09/03/2020,IXD,KS,ACE,CE,Federal Contract Tower,0,10,23,3,36,0,8,49,6,63,0,18,72,9,99,116,4,120,219
09/04/2020,IXD,KS,ACE,CE,Federal Contract Tower,0,6,20,0,26,0,9,75,0,84,0,15,95,0,110,168,0,168,278
09/05/2020,IXD,KS,ACE,CE,Federal Contract Tower,0,4,1,0,5,0,4,90,0,94,0,8,91,0,99,166,0,166,265
09/06/2020,IXD,KS,ACE,CE,Federal Contract Tower,0,2,13,0,15,0,1,22,0,23,0,3,35,0,38,26,0,26,64
09/07/2020,IXD,KS,ACE,CE,Federal Contract Tower,0,9,15,0,24,0,0,63,0,63,0,9,78,0,87,118,0,118,205
09/08/2020,IXD,KS,ACE,CE,Federal Contract Tower,0,6,8,2,16,0,0,6,0,6,0,6,14,2,22,0,0,0,22
09/09/2020,IXD,KS,ACE,CE,Federal Contract Tower,0,9,21,0,30,0,0,0,0,0,0,9,21,0,30,0,0,0,30
09/10/2020,IXD,KS,ACE,CE,Federal Contract Tower,0,5,11,0,16,0,0,0,0,0,0,5,11,0,16,0,0,0,16
09/11/2020,IXD,KS,ACE,CE,Federal Contract Tower,0,6,27,0,33,0,0,6,2,8,0,6,33,2,41,2,0,2,43
09/12/2020,IXD,KS,ACE,CE,Federal Contract Tower,0,7,14,0,21,0,5,50,4,59,0,12,64,4,80,60,0,60,140
09/13/2020,IXD,KS,ACE,CE,Federal Contract Tower,0,5,13,0,18,0,0,70,10,80,0,5,83,10,98,126,0,126,224
09/14/2020,IXD,KS,ACE,CE,Federal Contract Tower,0,3,18,0,21,0,8,91,9,108,0,11,109,9,129,144,0,144,273
09/15/2020,IXD,KS,ACE,CE,Federal Contract Tower,0,3,12,0,15,0,11,78,3,92,0,14,90,3,107,188,0,188,295
09/16/2020,IXD,KS,ACE,CE,Federal Contract Tower,0,6,20,0,26,0,6,72,3,81,0,12,92,3,107,185,0,185,292
09/17/2020,IXD,KS,ACE,CE,Federal Contract Tower,0,3,25,1,29,0,9,64,6,79,0,12,89,7,108,222,0,222,330
09/18/2020,IXD,KS,ACE,CE,Federal Contract Tower,0,8,18,3,29,0,21,81,7,109,0,29,99,10,138,142,0,142,280
09/19/2020,IXD,KS,ACE,CE,Federal Contract Tower,0,1,8,0,9,0,0,76,1,77,0,1,84,1,86,56,0,56,142
09/20/2020,IXD,KS,ACE,CE,Federal Contract Tower,0,7,19,0,26,0,1,56,0,57,0,8,75,0,83,132,0,132,215
09/21/2020,IXD,KS,ACE,CE,Federal Contract Tower,0,7,17,0,24,0,7,84,4,95,0,14,101,4,119,216,0,216,335
09/22/2020,IXD,KS,ACE,CE,Federal Contract Tower,0,1,17,1,19,0,2,72,7,81,0,3,89,8,100,160,4,164,264
09/23/2020,IXD,KS,ACE,CE,Federal Contract Tower,0,5,38,0,43,0,7,56,7,70,0,12,94,7,113,128,0,128,241
09/24/2020,IXD,KS,ACE,CE,Federal Contract Tower,0,13,20,2,35,0,2,78,13,93,0,15,98,15,128,150,18,168,296
09/25/2020,IXD,KS,ACE,CE,Federal Contract Tower,0,10,25,3,38,0,9,86,5,100,0,19,111,8,138,100,2,102,240
09/26/2020,IXD,KS,ACE,CE,Federal Contract Tower,0,2,10,1,13,0,0,49,0,49,0,2,59,1,62,42,0,42,104
09/27/2020,IXD,KS,ACE,CE,Federal Contract Tower,0,11,17,1,29,0,0,8,0,8,0,11,25,1,37,32,0,32,69
09/28/2020,IXD,KS,ACE,CE,Federal Contract Tower,0,3,8,0,11,0,9,41,12,62,0,12,49,12,73,100,4,104,177
09/29/2020,IXD,KS,ACE,CE,Federal Contract Tower,0,2,15,0,17,0,6,87,0,93,0,8,102,0,110,170,0,170,280
09/30/2020,IXD,KS,ACE,CE,Federal Contract Tower,0,9,25,0,34,0,1,56,1,58,0,10,81,1,92,70,0,70,162
10/01/2020,IXD,KS,ACE,CE,Federal Contract Tower,0,10,27,0,37,0,7,52,0,59,0,17,79,0,96,72,0,72,168
10/02/2020,IXD,KS,ACE,CE,Federal Contract Tower,0,5,21,0,26,0,8,132,0,140,0,13,153,0,166,274,0,274,440
10/03/2020,IXD,KS,ACE,CE,Federal Contract Tower,0,2,8,0,10,0,1,58,0,59,0,3,66,0,69,202,0,202,271
10/04/2020,IXD,KS,ACE,CE,Federal Contract Tower,0,11,10,0,21,0,0,100,0,100,0,11,110,0,121,244,0,244,365
10/05/2020,IXD,KS,ACE,CE,Federal Contract Tower,0,6,20,0,26,0,4,43,2,49,0,10,63,2,75,28,0,28,103
10/06/2020,IXD,KS,ACE,CE,Federal Contract Tower,0,8,28,0,36,0,1,91,4,96,0,9,119,4,132,232,0,232,364
10/07/2020,IXD,KS,ACE,CE,Federal Contract Tower,0,7,13,0,20,0,6,59,4,69,0,13,72,4,89,226,0,226,315
10/08/2020,IXD,KS,ACE,CE,Federal Contract Tower,0,14,29,0,43,0,5,78,13,96,0,19,107,13,139,166,0,166,305
10/09/2020,IXD,KS,ACE,CE,Federal Contract Tower,0,7,32,0,39,0,9,58,0,67,0,16,90,0,106,100,0,100,206
10/10/2020,IXD,KS,ACE,CE,Federal Contract Tower,0,1,7,0,8,0,1,40,0,41,0,2,47,0,49,100,0,100,149
10/11/2020,IXD,KS,ACE,CE,Federal Contract Tower,0,8,18,0,26,0,0,38,0,38,0,8,56,0,64,116,0,116,180
10/12/2020,IXD,KS,ACE,CE,Federal Contract Tower,0,6,17,0,23,0,2,61,0,63,0,8,78,0,86,114,0,114,200
10/13/2020,IXD,KS,ACE,CE,Federal Contract Tower,0,7,24,0,31,0,1,92,3,96,0,8,116,3,127,136,0,136,263
10/14/2020,IXD,KS,ACE,CE,Federal Contract Tower,0,7,18,0,25,0,5,42,4,51,0,12,60,4,76,58,0,58,134
10/15/2020,IXD,KS,ACE,CE,Federal Contract Tower,0,5,15,2,22,0,6,63,5,74,0,11,78,7,96,164,6,170,266
10/16/2020,IXD,KS,ACE,CE,Federal Contract Tower,0,9,23,0,32,0,2,90,3,95,0,11,113,3,127,134,0,134,261
10/17/2020,IXD,KS,ACE,CE,Federal Contract Tower,0,1,25,0,26,0,0,4,0,4,0,1,29,0,30,0,0,0,30
10/18/2020,IXD,KS,ACE,CE,Federal Contract Tower,0,5,33,0,38,0,0,45,0,45,0,5,78,0,83,94,0,94,177
10/19/2020,IXD,KS,ACE,CE,Federal Contract Tower,0,2,22,0,24,0,5,78,2,85,0,7,100,2,109,214,0,214,323
10/20/2020,IXD,KS,ACE,CE,Federal Contract Tower,0,12,25,2,39,0,0,0,0,0,0,12,25,2,39,0,0,0,39
10/21/2020,IXD,KS,ACE,CE,Federal Contract Tower,0,10,36,0,46,0,0,0,0,0,0,10,36,0,46,0,0,0,46
10/22/2020,IXD,KS,ACE,CE,Federal Contract Tower,0,9,23,2,34,0,7,30,4,41,0,16,53,6,75,40,0,40,115
10/23/2020,IXD,KS,ACE,CE,Federal Contract Tower,0,8,20,0,28,0,2,14,4,20,0,10,34,4,48,102,0,102,150
10/24/2020,IXD,KS,ACE,CE,Federal Contract Tower,0,1,27,0,28,0,0,53,0,53,0,1,80,0,81,116,0,116,197
10/25/2020,IXD,KS,ACE,CE,Federal Contract Tower,0,3,16,0,19,0,0,5,0,5,0,3,21,0,24,68,0,68,92
10/26/2020,IXD,KS,ACE,CE,Federal Contract Tower,0,1,3,0,4,0,0,0,0,0,0,1,3,0,4,0,0,0,4
10/27/2020,IXD,KS,ACE,CE,Federal Contract Tower,0,4,11,0,15,0,6,3,0,9,0,10,14,0,24,20,0,20,44
10/28/2020,IXD,KS,ACE,CE,Federal Contract Tower,0,8,20,1,29,0,7,50,7,64,0,15,70,8,93,228,0,228,321
10/29/2020,IXD,KS,ACE,CE,Federal Contract Tower,0,7,14,0,21,0,7,50,2,59,0,14,64,2,80,92,0,92,172
10/30/2020,IXD,KS,ACE,CE,Federal Contract Tower,0,12,16,2,30,0,6,103,8,117,0,18,119,10,147,208,0,208,355
10/31/2020,IXD,KS,ACE,CE,Federal Contract Tower,0,2,13,2,17,0,0,41,0,41,0,2,54,2,58,60,0,60,118
11/01/2020,IXD,KS,ACE,CE,Federal Contract Tower,0,6,8,1,15,0,3,81,0,84,0,9,89,1,99,208,0,208,307
11/02/2020,IXD,KS,ACE,CE,Federal Contract Tower,0,14,14,0,28,0,1,87,6,94,0,15,101,6,122,114,0,114,236
11/03/2020,IXD,KS,ACE,CE,Federal Contract Tower,0,1,16,0,17,0,3,79,3,85,0,4,95,3,102,150,0,150,252
11/04/2020,IXD,KS,ACE,CE,Federal Contract Tower,0,4,18,0,22,0,8,76,0,84,0,12,94,0,106,154,0,154,260
11/05/2020,IXD,KS,ACE,CE,Federal Contract Tower,0,6,19,0,25,0,11,96,4,111,0,17,115,4,136,218,0,218,354
11/06/2020,IXD,KS,ACE,CE,Federal Contract Tower,0,3,13,0,16,0,3,44,4,51,0,6,57,4,67,94,0,94,161
11/07/2020,IXD,KS,ACE,CE,Federal Contract Tower,0,10,17,0,27,0,0,65,0,65,0,10,82,0,92,90,0,90,182
11/08/2020,IXD,KS,ACE,CE,Federal Contract Tower,0,4,15,1,20,0,0,17,6,23,0,4,32,7,43,80,0,80,123
11/09/2020,IXD,KS,ACE,CE,Federal Contract Tower,0,5,12,0,17,0,2,13,5,20,0,7,25,5,37,14,0,14,51
11/10/2020,IXD,KS,ACE,CE,Federal Contract Tower,0,8,8,0,16,0,3,0,3,6,0,11,8,3,22,0,0,0,22
11/11/2020,IXD,KS,ACE,CE,Federal Contract Tower,0,2,22,0,24,0,11,102,1,114,0,13,124,1,138,242,2,244,382
11/12/2020,IXD,KS,ACE,CE,Federal Contract Tower,0,4,40,0,44,0,10,58,5,73,0,14,98,5,117,90,4,94,211
11/13/2020,IXD,KS,ACE,CE,Federal Contract Tower,0,4,13,1,18,0,4,79,3,86,0,8,92,4,104,208,0,208,312
11/14/2020,IXD,KS,ACE,CE,Federal Contract Tower,0,0,7,0,7,0,0,0,0,0,0,0,7,0,7,0,0,0,7
11/15/2020,IXD,KS,ACE,CE,Federal Contract Tower,0,0,12,0,12,0,1,42,0,43,0,1,54,0,55,52,0,52,107
11/16/2020,IXD,KS,ACE,CE,Federal Contract Tower,0,4,23,4,31,0,4,67,2,73,0,8,90,6,104,116,0,116,220
11/17/2020,IXD,KS,ACE,CE,Federal Contract Tower,0,2,21,0,23,0,2,82,5,89,0,4,103,5,112,158,0,158,270
11/18/2020,IXD,KS,ACE,CE,Federal Contract Tower,0,11,14,0,25,0,5,7,4,16,0,16,21,4,41,40,0,40,81
11/19/2020,IXD,KS,ACE,CE,Federal Contract Tower,0,13,17,0,30,0,4,20,6,30,0,17,37,6,60,22,0,22,82
11/20/2020,IXD,KS,ACE,CE,Federal Contract Tower,0,4,23,1,28,0,6,70,4,80,0,10,93,5,108,148,4,152,260
11/21/2020,IXD,KS,ACE,CE,Federal Contract Tower,0,3,16,0,19,0,6,29,0,35,0,9,45,0,54,108,0,108,162
11/22/2020,IXD,KS,ACE,CE,Federal Contract Tower,0,5,10,1,16,0,0,53,0,53,0,5,63,1,69,180,0,180,249
11/23/2020,IXD,KS,ACE,CE,Federal Contract Tower,0,1,3,0,4,0,2,11,2,15,0,3,14,2,19,28,10,38,57
11/24/2020,IXD,KS,ACE,CE,Federal Contract Tower,0,14,12,0,26,0,0,0,2,2,0,14,12,2,28,14,0,14,42
11/25/2020,IXD,KS,ACE,CE,Federal Contract Tower,0,5,10,0,15,0,0,2,0,2,0,5,12,0,17,0,0,0,17
11/26/2020,IXD,KS,ACE,CE,Federal Contract Tower,0,5,5,0,10,0,0,21,0,21,0,5,26,0,31,54,0,54,85
11/27/2020,IXD,KS,ACE,CE,Federal Contract Tower,0,3,12,0,15,0,0,53,0,53,0,3,65,0,68,56,0,56,124
11/28/2020,IXD,KS,ACE,CE,Federal Contract Tower,0,5,14,0,19,0,0,86,0,86,0,5,100,0,105,200,0,200,305
11/29/2020,IXD,KS,ACE,CE,Federal Contract Tower,0,6,14,0,20,0,0,21,0,21,0,6,35,0,41,58,0,58,99
11/30/2020,IXD,KS,ACE,CE,Federal Contract Tower,0,3,14,0,17,0,7,64,2,73,0,10,78,2,90,118,0,118,208
12/01/2020,IXD,KS,ACE,CE,Federal Contract Tower,0,7,11,3,21,0,4,62,4,70,0,11,73,7,91,118,0,118,209
12/02/2020,IXD,KS,ACE,CE,Federal Contract Tower,0,6,10,2,18,0,4,43,4,51,0,10,53,6,69,158,0,158,227
12/03/2020,IXD,KS,ACE,CE,Federal Contract Tower,0,2,10,0,12,0,4,16,4,24,0,6,26,4,36,28,4,32,68
12/04/2020,IXD,KS,ACE,CE,Federal Contract Tower,0,1,8,0,9,0,6,74,4,84,0,7,82,4,93,78,2,80,173
12/05/2020,IXD,KS,ACE,CE,Federal Contract Tower,0,4,9,0,13,0,3,69,0,72,0,7,78,0,85,192,0,192,277
12/06/2020,IXD,KS,ACE,CE,Federal Contract Tower,0,1,20,0,21,0,0,95,0,95,0,1,115,0,116,188,0,188,304
12/07/2020,IXD,KS,ACE,CE,Federal Contract Tower,0,3,10,0,13,0,0,57,4,61,0,3,67,4,74,98,0,98,172
12/08/2020,IXD,KS,ACE,CE,Federal Contract Tower,0,7,21,4,32,0,3,71,2,76,0,10,92,6,108,158,0,158,266
12/09/2020,IXD,KS,ACE,CE,Federal Contract Tower,0,17,26,0,43,0,3,91,1,95,0,20,117,1,138,150,0,150,288
12/10/2020,IXD,KS,ACE,CE,Federal Contract Tower,0,9,22,0,31,0,11,86,8,105,0,20,108,8,136,252,4,256,392
12/11/2020,IXD,KS,ACE,CE,Federal Contract Tower,0,5,16,0,21,0,0,12,0,12,0,5,28,0,33,76,0,76,109
12/12/2020,IXD,KS,ACE,CE,Federal Contract Tower,0,4,10,0,14,0,0,2,0,2,0,4,12,0,16,30,0,30,46
12/13/2020,IXD,KS,ACE,CE,Federal Contract Tower,0,7,19,0,26,0,0,25,0,25,0,7,44,0,51,148,0,148,199
12/14/2020,IXD,KS,ACE,CE,Federal Contract Tower,0,3,18,0,21,0,2,40,2,44,0,5,58,2,65,154,0,154,219
12/15/2020,IXD,KS,ACE,CE,Federal Contract Tower,0,1,27,0,28,0,1,35,4,40,0,2,62,4,68,176,0,176,244
12/16/2020,IXD,KS,ACE,CE,Federal Contract Tower,0,7,21,1,29,0,2,16,4,22,0,9,37,5,51,62,0,62,113
12/17/2020,IXD,KS,ACE,CE,Federal Contract Tower,0,11,11,2,24,0,12,96,12,120,0,23,107,14,144,156,2,158,302
12/18/2020,IXD,KS,ACE,CE,Federal Contract Tower,0,9,25,0,34,0,1,26,0,27,0,10,51,0,61,26,0,26,87
12/19/2020,IXD,KS,ACE,CE,Federal Contract Tower,0,5,17,0,22,0,0,41,0,41,0,5,58,0,63,64,0,64,127
12/20/2020,IXD,KS,ACE,CE,Federal Contract Tower,0,3,18,0,21,0,3,94,0,97,0,6,112,0,118,220,0,220,338
12/21/2020,IXD,KS,ACE,CE,Federal Contract Tower,0,3,7,1,11,0,1,63,7,71,0,4,70,8,82,112,0,112,194
12/22/2020,IXD,KS,ACE,CE,Federal Contract Tower,0,11,29,0,40,0,3,50,0,53,0,14,79,0,93,50,0,50,143
12/23/2020,IXD,KS,ACE,CE,Federal Contract Tower,0,6,1,0,7,0,0,6,0,6,0,6,7,0,13,0,0,0,13
12/24/2020,IXD,KS,ACE,CE,Federal Contract Tower,0,0,13,0,13,0,0,15,0,15,0,0,28,0,28,10,0,10,38
12/25/2020,IXD,KS,ACE,CE,Federal Contract Tower,0,3,6,0,9,0,0,14,0,14,0,3,20,0,23,44,0,44,67
12/26/2020,IXD,KS,ACE,CE,Federal Contract Tower,0,8,18,0,26,0,0,77,0,77,0,8,95,0,103,134,0,134,237
12/27/2020,IXD,KS,ACE,CE,Federal Contract Tower,0,4,19,2,25,0,0,45,0,45,0,4,64,2,70,152,0,152,222
12/28/2020,IXD,KS,ACE,CE,Federal Contract Tower,0,2,21,0,23,0,0,39,7,46,0,2,60,7,69,166,0,166,235
12/29/2020,IXD,KS,ACE,CE,Federal Contract Tower,0,0,2,0,2,0,0,0,0,0,0,0,2,0,2,0,0,0,2
12/30/2020,IXD,KS,ACE,CE,Federal Contract Tower,0,6,12,0,18,0,3,48,2,53,0,9,60,2,71,90,0,90,161
12/31/2020,IXD,KS,ACE,CE,Federal Contract Tower,0,3,16,0,19,0,0,55,0,55,0,3,71,0,74,94,0,94,168
01/01/2021,IXD,KS,ACE,CE,Federal Contract Tower,0,0,1,0,1,0,0,0,0,0,0,0,1,0,1,0,0,0,1
01/02/2021,IXD,KS,ACE,CE,Federal Contract Tower,0,0,19,0,19,0,0,18,0,18,0,0,37,0,37,72,0,72,109
01/03/2021,IXD,KS,ACE,CE,Federal Contract Tower,0,3,9,0,12,0,0,0,0,0,0,3,9,0,12,0,0,0,12
01/04/2021,IXD,KS,ACE,CE,Federal Contract Tower,0,0,14,0,14,0,3,50,3,56,0,3,64,3,70,54,0,54,124
01/05/2021,IXD,KS,ACE,CE,Federal Contract Tower,0,6,21,1,28,0,1,82,1,84,0,7,103,2,112,122,0,122,234
01/06/2021,IXD,KS,ACE,CE,Federal Contract Tower,0,3,9,0,12,0,0,4,2,6,0,3,13,2,18,8,0,8,26
01/07/2021,IXD,KS,ACE,CE,Federal Contract Tower,0,9,19,0,28,0,0,5,8,13,0,9,24,8,41,14,2,16,57
01/08/2021,IXD,KS,ACE,CE,Federal Contract Tower,0,6,37,0,43,0,3,24,4,31,0,9,61,4,74,152,0,152,226
01/09/2021,IXD,KS,ACE,CE,Federal Contract Tower,0,0,4,0,4,0,0,32,12,44,0,0,36,12,48,170,6,176,224
01/10/2021,IXD,KS,ACE,CE,Federal Contract Tower,0,2,8,3,13,0,0,51,6,57,0,2,59,9,70,164,0,164,234
01/11/2021,IXD,KS,ACE,CE,Federal Contract Tower,0,6,7,1,14,0,3,57,3,63,0,9,64,4,77,138,0,138,215
01/12/2021,IXD,KS,ACE,CE,Federal Contract Tower,0,3,13,0,16,0,5,63,10,78,0,8,76,10,94,90,8,98,192
01/13/2021,IXD,KS,ACE,CE,Federal Contract Tower,0,2,27,1,30,0,9,65,3,77,0,11,92,4,107,144,0,144,251
01/14/2021,IXD,KS,ACE,CE,Federal Contract Tower,0,1,8,0,9,0,0,7,0,7,0,1,15,0,16,0,0,0,16
01/15/2021,IXD,KS,ACE,CE,Federal Contract Tower,0,1,9,0,10,0,0,0,0,0,0,1,9,0,10,0,0,0,10
01/16/2021,IXD,KS,ACE,CE,Federal Contract Tower,0,2,9,0,11,0,0,20,0,20,0,2,29,0,31,26,4,30,61
01/17/2021,IXD,KS,ACE,CE,Federal Contract Tower,0,1,16,0,17,0,0,49,0,49,0,1,65,0,66,154,0,154,220
01/18/2021,IXD,KS,ACE,CE,Federal Contract Tower,0,4,24,1,29,0,0,85,0,85,0,4,109,1,114,192,0,192,306
01/19/2021,IXD,KS,ACE,CE,Federal Contract Tower,0,3,20,0,23,0,7,41,10,58,0,10,61,10,81,58,10,68,149
01/20/2021,IXD,KS,ACE,CE,Federal Contract Tower,0,6,9,0,15,0,9,29,3,41,0,15,38,3,56,42,0,42,98
01/21/2021,IXD,KS,ACE,CE,Federal Contract Tower,0,10,21,0,31,0,6,94,13,113,0,16,115,13,144,252,0,252,396
01/22/2021,IXD,KS,ACE,CE,Federal Contract Tower,0,3,22,0,25,0,11,70,4,85,0,14,92,4,110,142,4,146,256
01/23/2021,IXD,KS,ACE,CE,Federal Contract Tower,0,1,6,12,19,0,0,66,0,66,0,1,72,12,85,44,0,44,129
01/24/2021,IXD,KS,ACE,CE,Federal Contract Tower,0,5,10,4,19,0,0,0,0,0,0,5,10,4,19,0,0,0,19
01/25/2021,IXD,KS,ACE,CE,Federal Contract Tower,0,1,16,0,17,0,0,0,0,0,0,1,16,0,17,0,0,0,17
01/26/2021,IXD,KS,ACE,CE,Federal Contract Tower,0,17,6,0,23,0,0,1,1,2,0,17,7,1,25,0,0,0,25
01/27/2021,IXD,KS,ACE,CE,Federal Contract Tower,0,16,10,0,26,0,0,2,1,3,0,16,12,1,29,6,0,6,35
01/28/2021,IXD,KS,ACE,CE,Federal Contract Tower,0,7,26,0,33,0,4,27,8,39,0,11,53,8,72,54,0,54,126
01/29/2021,IXD,KS,ACE,CE,Federal Contract Tower,0,11,11,2,24,0,7,69,1,77,0,18,80,3,101,96,0,96,197
01/30/2021,IXD,KS,ACE,CE,Federal Contract Tower,0,4,3,0,7,0,0,0,0,0,0,4,3,0,7,0,0,0,7
01/31/2021,IXD,KS,ACE,CE,Federal Contract Tower,0,6,3,0,9,0,0,2,0,2,0,6,5,0,11,4,0,4,15
02/01/2021,IXD,KS,ACE,CE,Federal Contract Tower,0,3,15,0,18,0,0,28,4,32,0,3,43,4,50,106,0,106,156
02/02/2021,IXD,KS,ACE,CE,Federal Contract Tower,0,3,13,0,16,0,1,24,2,27,0,4,37,2,43,48,0,48,91
02/03/2021,IXD,KS,ACE,CE,Federal Contract Tower,0,4,22,3,29,0,17,88,5,110,0,21,110,8,139,106,4,110,249
02/04/2021,IXD,KS,ACE,CE,Federal Contract Tower,0,4,15,0,19,0,2,3,8,13,0,6,18,8,32,0,4,4,36
02/05/2021,IXD,KS,ACE,CE,Federal Contract Tower,0,4,21,2,27,0,11,106,5,122,0,15,127,7,149,156,2,158,307
02/06/2021,IXD,KS,ACE,CE,Federal Contract Tower,0,1,8,0,9,0,0,9,2,11,0,1,17,2,20,52,0,52,72
02/07/2021,IXD,KS,ACE,CE,Federal Contract Tower,0,2,8,0,10,0,0,2,0,2,0,2,10,0,12,0,0,0,12
02/08/2021,IXD,KS,ACE,CE,Federal Contract Tower,0,5,8,0,13,0,0,0,0,0,0,5,8,0,13,0,0,0,13
02/09/2021,IXD,KS,ACE,CE,Federal Contract Tower,0,7,18,0,25,0,0,5,2,7,0,7,23,2,32,0,0,0,32
02/10/2021,IXD,KS,ACE,CE,Federal Contract Tower,0,3,17,0,20,0,2,5,8,15,0,5,22,8,35,14,18,32,67
02/11/2021,IXD,KS,ACE,CE,Federal Contract Tower,0,7,12,0,19,0,12,26,6,44,0,19,38,6,63,44,0,44,107
02/12/2021,IXD,KS,ACE,CE,Federal Contract Tower,0,6,13,0,19,0,7,25,0,32,0,13,38,0,51,42,0,42,93
02/13/2021,IXD,KS,ACE,CE,Federal Contract Tower,0,1,2,0,3,0,0,28,0,28,0,1,30,0,31,48,0,48,79
02/14/2021,IXD,KS,ACE,CE,Federal Contract Tower,0,0,3,0,3,0,0,2,0,2,0,0,5,0,5,12,0,12,17
02/15/2021,IXD,KS,ACE,CE,Federal Contract Tower,0,0,4,0,4,0,0,0,0,0,0,0,4,0,4,0,0,0,4
02/16/2021,IXD,KS,ACE,CE,Federal Contract Tower,0,3,11,0,14,0,3,3,2,8,0,6,14,2,22,0,0,0,22
02/17/2021,IXD,KS,ACE,CE,Federal Contract Tower,0,0,13,0,13,0,7,5,2,14,0,7,18,2,27,10,0,10,37
02/18/2021,IXD,KS,ACE,CE,Federal Contract Tower,0,7,13,3,23,0,7,37,9,53,0,14,50,12,76,108,8,116,192
02/19/2021,IXD,KS,ACE,CE,Federal Contract Tower,0,11,25,0,36,0,8,65,4,77,0,19,90,4,113,136,0,136,249
02/20/2021,IXD,KS,ACE,CE,Federal Contract Tower,0,4,13,0,17,0,0,88,0,88,0,4,101,0,105,186,0,186,291
02/21/2021,IXD,KS,ACE,CE,Federal Contract Tower,0,4,5,0,9,0,0,8,0,8,0,4,13,0,17,22,0,22,39
02/22/2021,IXD,KS,ACE,CE,Federal Contract Tower,0,6,18,0,24,0,8,80,2,90,0,14,98,2,114,80,2,82,196
02/23/2021,IXD,KS,ACE,CE,Federal Contract Tower,0,2,17,0,19,0,5,103,13,121,0,7,120,13,140,230,0,230,370
02/24/2021,IXD,KS,ACE,CE,Federal Contract Tower,0,5,14,0,19,0,9,55,3,67,0,14,69,3,86,94,0,94,180
02/25/2021,IXD,KS,ACE,CE,Federal Contract Tower,0,5,20,0,25,0,5,76,7,88,0,10,96,7,113,270,0,270,383
02/26/2021,IXD,KS,ACE,CE,Federal Contract Tower,0,2,20,1,23,0,4,54,1,59,0,6,74,2,82,130,2,132,214
02/27/2021,IXD,KS,ACE,CE,Federal Contract Tower,0,4,12,0,16,0,0,51,0,51,0,4,63,0,67,52,0,52,119
02/28/2021,IXD,KS,ACE,CE,Federal Contract Tower,0,5,19,0,24,0,0,68,0,68,0,5,87,0,92,162,0,162,254
03/01/2021,IXD,KS,ACE,CE,Federal Contract Tower,0,12,15,1,28,0,6,67,4,77,0,18,82,5,105,148,0,148,253
03/02/2021,IXD,KS,ACE,CE,Federal Contract Tower,0,6,32,0,38,0,14,74,8,96,0,20,106,8,134,114,0,114,248
03/03/2021,IXD,KS,ACE,CE,Federal Contract Tower,0,4,22,2,28,0,14,99,2,115,0,18,121,4,143,228,0,228,371
03/04/2021,IXD,KS,ACE,CE,Federal Contract Tower,0,9,13,0,22,0,14,72,10,96,0,23,85,10,118,88,0,88,206
03/05/2021,IXD,KS,ACE,CE,Federal Contract Tower,0,9,23,0,32,0,18,58,5,81,0,27,81,5,113,148,4,152,265
03/06/2021,IXD,KS,ACE,CE,Federal Contract Tower,0,0,6,0,6,0,4,87,6,97,0,4,93,6,103,170,2,172,275
03/07/2021,IXD,KS,ACE,CE,Federal Contract Tower,0,8,13,0,21,0,0,27,6,33,0,8,40,6,54,20,0,20,74
03/08/2021,IXD,KS,ACE,CE,Federal Contract Tower,0,5,19,0,24,0,23,36,5,64,0,28,55,5,88,70,0,70,158
03/09/2021,IXD,KS,ACE,CE,Federal Contract Tower,0,7,23,0,30,0,9,24,2,35,0,16,47,2,65,8,0,8,73
03/10/2021,IXD,KS,ACE,CE,Federal Contract Tower,0,4,17,0,21,0,0,6,1,7,0,4,23,1,28,0,2,2,30
03/11/2021,IXD,KS,ACE,CE,Federal Contract Tower,0,11,25,2,38,0,4,76,0,80,0,15,101,2,118,194,0,194,312
03/12/2021,IXD,KS,ACE,CE,Federal Contract Tower,0,13,14,0,27,0,12,7,0,19,0,25,21,0,46,46,0,46,92
03/13/2021,IXD,KS,ACE,CE,Federal Contract Tower,0,15,30,1,46,0,0,0,0,0,0,15,30,1,46,0,0,0,46
03/14/2021,IXD,KS,ACE,CE,Federal Contract Tower,0,9,9,0,18,0,0,0,0,0,0,9,9,0,18,0,0,0,18
03/15/2021,IXD,KS,ACE,CE,Federal Contract Tower,0,3,10,0,13,0,0,5,2,7,0,3,15,2,20,0,0,0,20
03/16/2021,IXD,KS,ACE,CE,Federal Contract Tower,0,7,31,2,40,0,0,8,0,8,0,7,39,2,48,4,0,4,52
03/17/2021,IXD,KS,ACE,CE,Federal Contract Tower,0,4,15,0,19,0,0,0,0,0,0,4,15,0,19,0,0,0,19
03/18/2021,IXD,KS,ACE,CE,Federal Contract Tower,0,8,22,22,52,0,0,11,9,20,0,8,33,31,72,10,20,30,102
03/19/2021,IXD,KS,ACE,CE,Federal Contract Tower,0,1,24,1,26,0,14,121,7,142,0,15,145,8,168,220,0,220,388
03/20/2021,IXD,KS,ACE,CE,Federal Contract Tower,0,7,19,0,26,0,3,93,0,96,0,10,112,0,122,184,0,184,306
03/21/2021,IXD,KS,ACE,CE,Federal Contract Tower,0,10,18,0,28,0,0,33,0,33,0,10,51,0,61,36,0,36,97
03/22/2021,IXD,KS,ACE,CE,Federal Contract Tower,0,8,15,1,24,0,14,49,4,67,0,22,64,5,91,68,0,68,159
03/23/2021,IXD,KS,ACE,CE,Federal Contract Tower,0,4,24,0,28,0,0,5,11,16,0,4,29,11,44,0,0,0,44
03/24/2021,IXD,KS,ACE,CE,Federal Contract Tower,0,12,32,12,56,0,12,11,6,29,0,24,43,18,85,70,2,72,157
03/25/2021,IXD,KS,ACE,CE,Federal Contract Tower,0,6,24,0,30,0,0,0,4,4,0,6,24,4,34,0,4,4,38
03/26/2021,IXD,KS,ACE,CE,Federal Contract Tower,0,10,22,10,42,0,7,78,2,87,0,17,100,12,129,136,0,136,265
03/27/2021,IXD,KS,ACE,CE,Federal Contract Tower,0,4,23,9,36,0,2,53,2,57,0,6,76,11,93,132,10,142,235
03/28/2021,IXD,KS,ACE,CE,Federal Contract Tower,0,6,20,1,27,0,0,115,0,115,0,6,135,1,142,168,0,168,310
03/29/2021,IXD,KS,ACE,CE,Federal Contract Tower,0,4,16,2,22,0,5,31,0,36,0,9,47,2,58,14,0,14,72
03/30/2021,IXD,KS,ACE,CE,Federal Contract Tower,0,8,12,0,20,0,13,59,2,74,0,21,71,2,94,60,0,60,154
03/31/2021,IXD,KS,ACE,CE,Federal Contract Tower,0,12,20,0,32,0,9,85,2,96,0,21,105,2,128,136,0,136,264
04/01/2021,IXD,KS,ACE,CE,Federal Contract Tower,0,10,23,3,36,0,4,100,10,114,0,14,123,13,150,238,2,240,390
04/02/2021,IXD,KS,ACE,CE,Federal Contract Tower,0,4,20,0,24,0,2,55,0,57,0,6,75,0,81,76,0,76,157
04/03/2021,IXD,KS,ACE,CE,Federal Contract Tower,0,1,9,1,11,0,0,59,1,60,0,1,68,2,71,62,18,80,151
04/04/2021,IXD,KS,ACE,CE,Federal Contract Tower,0,1,8,0,9,0,0,43,1,44,0,1,51,1,53,32,10,42,95
04/05/2021,IXD,KS,ACE,CE,Federal Contract Tower,0,10,20,0,30,0,6,44,8,58,0,16,64,8,88,48,0,48,136
04/06/2021,IXD,KS,ACE,CE,Federal Contract Tower,0,2,14,0,16,0,7,30,3,40,0,9,44,3,56,70,2,72,128
04/07/2021,IXD,KS,ACE,CE,Federal Contract Tower,0,14,12,0,26,0,2,4,1,7,0,16,16,1,33,0,0,0,33
04/08/2021,IXD,KS,ACE,CE,Federal Contract Tower,0,4,23,1,28,0,2,10,0,12,0,6,33,1,40,30,0,30,70
04/09/2021,IXD,KS,ACE,CE,Federal Contract Tower,0,13,29,2,44,0,19,124,10,153,0,32,153,12,197,204,8,212,409
04/10/2021,IXD,KS,ACE,CE,Federal Contract Tower,0,6,9,0,15,0,0,14,0,14,0,6,23,0,29,12,0,12,41
04/11/2021,IXD,KS,ACE,CE,Federal Contract Tower,0,6,24,0,30,0,10,84,10,104,0,16,108,10,134,196,6,202,336
04/12/2021,IXD,KS,ACE,CE,Federal Contract Tower,0,8,18,2,28,0,5,94,4,103,0,13,112,6,131,180,0,180,311
04/13/2021,IXD,KS,ACE,CE,Federal Contract Tower,0,14,18,4,36,0,8,68,6,82,0,22,86,10,118,146,4,150,268
04/14/2021,IXD,KS,ACE,CE,Federal Contract Tower,0,10,15,3,28,0,6,90,13,109,0,16,105,16,137,220,6,226,363
04/15/2021,IXD,KS,ACE,CE,Federal Contract Tower,0,6,31,22,59,0,6,93,5,104,0,12,124,27,163,192,12,204,367
04/16/2021,IXD,KS,ACE,CE,Federal Contract Tower,0,14,14,0,28,0,4,2,0,6,0,18,16,0,34,16,12,28,62
04/17/2021,IXD,KS,ACE,CE,Federal Contract Tower,0,5,11,0,16,0,0,25,0,25,0,5,36,0,41,102,0,102,143
04/18/2021,IXD,KS,ACE,CE,Federal Contract Tower,0,9,15,2,26,0,4,77,0,81,0,13,92,2,107,208,0,208,315
04/19/2021,IXD,KS,ACE,CE,Federal Contract Tower,0,6,23,1,30,0,5,60,4,69,0,11,83,5,99,284,0,284,383
04/20/2021,IXD,KS,ACE,CE,Federal Contract Tower,0,8,18,0,26,0,4,24,4,32,0,12,42,4,58,86,0,86,144
04/21/2021,IXD,KS,ACE,CE,Federal Contract Tower,0,13,35,0,48,0,6,80,4,90,0,19,115,4,138,168,0,168,306
04/22/2021,IXD,KS,ACE,CE,Federal Contract Tower,0,12,19,0,31,0,12,67,6,85,0,24,86,6,116,178,0,178,294
04/23/2021,IXD,KS,ACE,CE,Federal Contract Tower,0,11,14,0,25,0,4,23,6,33,0,15,37,6,58,126,0,126,184
04/24/2021,IXD,KS,ACE,CE,Federal Contract Tower,0,7,10,1,18,0,2,64,4,70,0,9,74,5,88,158,0,158,246
04/25/2021,IXD,KS,ACE,CE,Federal Contract Tower,0,8,16,0,24,0,8,58,0,66,0,16,74,0,90,164,0,164,254
04/26/2021,IXD,KS,ACE,CE,Federal Contract Tower,0,11,13,0,24,0,4,28,6,38,0,15,41,6,62,6,0,6,68
04/27/2021,IXD,KS,ACE,CE,Federal Contract Tower,0,13,19,1,33,0,6,25,1,32,0,19,44,2,65,78,0,78,143
04/28/2021,IXD,KS,ACE,CE,Federal Contract Tower,0,11,14,0,25,0,2,11,1,14,0,13,25,1,39,32,0,32,71
04/29/2021,IXD,KS,ACE,CE,Federal Contract Tower,0,16,13,1,30,0,12,86,12,110,0,28,99,13,140,180,0,180,320
04/30/2021,IXD,KS,ACE,CE,Federal Contract Tower,0,12,11,0,23,0,10,117,7,134,0,22,128,7,157,172,0,172,329
05/01/2021,IXD,KS,ACE,CE,Federal Contract Tower,0,2,20,8,30,0,2,62,4,68,0,4,82,12,98,70,4,74,172
05/02/2021,IXD,KS,ACE,CE,Federal Contract Tower,0,13,33,1,47,0,0,41,0,41,0,13,74,1,88,162,0,162,250
05/03/2021,IXD,KS,ACE,CE,Federal Contract Tower,0,4,26,2,32,0,0,35,0,35,0,4,61,2,67,116,0,116,183
05/04/2021,IXD,KS,ACE,CE,Federal Contract Tower,0,4,19,2,25,0,1,91,3,95,0,5,110,5,120,202,0,202,322
05/05/2021,IXD,KS,ACE,CE,Federal Contract Tower,0,5,22,0,27,0,4,90,3,97,0,9,112,3,124,228,0,228,352
05/06/2021,IXD,KS,ACE,CE,Federal Contract Tower,0,17,31,1,49,0,3,56,12,71,0,20,87,13,120,172,2,174,294
05/07/2021,IXD,KS,ACE,CE,Federal Contract Tower,0,4,24,0,28,0,1,70,2,73,0,5,94,2,101,140,0,140,241
05/08/2021,IXD,KS,ACE,CE,Federal Contract Tower,0,2,10,1,13,0,2,44,1,47,0,4,54,2,60,84,0,84,144
05/09/2021,IXD,KS,ACE,CE,Federal Contract Tower,0,2,15,0,17,0,0,13,0,13,0,2,28,0,30,58,0,58,88
05/10/2021,IXD,KS,ACE,CE,Federal Contract Tower,0,7,13,0,20,0,3,59,1,63,0,10,72,1,83,270,0,270,353
05/11/2021,IXD,KS,ACE,CE,Federal Contract Tower,0,10,18,0,28,0,1,45,3,49,0,11,63,3,77,176,2,178,255
05/12/2021,IXD,KS,ACE,CE,Federal Contract Tower,0,5,15,3,23,0,8,69,4,81,0,13,84,7,104,230,0,230,334
05/13/2021,IXD,KS,ACE,CE,Federal Contract Tower,0,4,19,0,23,0,4,111,5,120,0,8,130,5,143,306,0,306,449
05/14/2021,IXD,KS,ACE,CE,Federal Contract Tower,0,7,17,0,24,0,10,60,3,73,0,17,77,3,97,188,0,188,285
05/15/2021,IXD,KS,ACE,CE,Federal Contract Tower,0,3,15,1,19,0,0,11,2,13,0,3,26,3,32,74,0,74,106
05/16/2021,IXD,KS,ACE,CE,Federal Contract Tower,0,6,9,0,15,0,0,2,0,2,0,6,11,0,17,0,0,0,17
05/17/2021,IXD,KS,ACE,CE,Federal Contract Tower,0,7,32,4,43,0,0,0,0,0,0,7,32,4,43,0,0,0,43
05/18/2021,IXD,KS,ACE,CE,Federal Contract Tower,0,10,35,2,47,0,8,47,1,56,0,18,82,3,103,166,0,166,269
05/19/2021,IXD,KS,ACE,CE,Federal Contract Tower,0,8,32,0,40,0,0,6,2,8,0,8,38,2,48,18,0,18,66
05/20/2021,IXD,KS,ACE,CE,Federal Contract Tower,0,14,24,0,38,0,0,1,8,9,0,14,25,8,47,0,0,0,47
05/21/2021,IXD,KS,ACE,CE,Federal Contract Tower,0,7,23,4,34,0,0,26,2,28,0,7,49,6,62,130,0,130,192
05/22/2021,IXD,KS,ACE,CE,Federal Contract Tower,0,6,12,2,20,0,0,8,0,8,0,6,20,2,28,8,0,8,36
05/23/2021,IXD,KS,ACE,CE,Federal Contract Tower,0,5,15,0,20,0,2,67,0,69,0,7,82,0,89,344,0,344,433
05/24/2021,IXD,KS,ACE,CE,Federal Contract Tower,0,5,21,0,26,0,13,78,4,95,0,18,99,4,121,196,0,196,317
05/25/2021,IXD,KS,ACE,CE,Federal Contract Tower,0,12,39,1,52,0,0,70,0,70,0,12,109,1,122,254,0,254,376
05/26/2021,IXD,KS,ACE,CE,Federal Contract Tower,0,14,26,0,40,0,3,83,3,89,0,17,109,3,129,264,0,264,393
05/27/2021,IXD,KS,ACE,CE,Federal Contract Tower,0,7,12,0,19,0,1,18,2,21,0,8,30,2,40,76,18,94,134
05/28/2021,IXD,KS,ACE,CE,Federal Contract Tower,0,11,21,0,32,0,0,35,0,35,0,11,56,0,67,152,0,152,219
05/29/2021,IXD,KS,ACE,CE,Federal Contract Tower,0,6,10,0,16,0,0,67,0,67,0,6,77,0,83,236,0,236,319
05/30/2021,IXD,KS,ACE,CE,Federal Contract Tower,0,6,6,0,12,0,0,54,0,54,0,6,60,0,66,170,0,170,236
05/31/2021,IXD,KS,ACE,CE,Federal Contract Tower,0,7,9,0,16,0,0,12,0,12,0,7,21,0,28,32,0,32,60
06/01/2021,IXD,KS,ACE,CE,Federal Contract Tower,0,10,27,5,42,0,0,72,5,77,0,10,99,10,119,186,22,208,327
06/02/2021,IXD,KS,ACE,CE,Federal Contract Tower,0,12,24,1,37,0,1,105,2,108,0,13,129,3,145,338,0,338,483
06/03/2021,IXD,KS,ACE,CE,Federal Contract Tower,0,9,22,0,31,0,3,93,5,101,0,12,115,5,132,188,4,192,324
06/04/2021,IXD,KS,ACE,CE,Federal Contract Tower,0,5,21,1,27,0,5,112,2,119,0,10,133,3,146,308,0,308,454
06/05/2021,IXD,KS,ACE,CE,Federal Contract Tower,0,2,16,2,20,0,17,90,0,107,0,19,106,2,127,208,8,216,343
06/06/2021,IXD,KS,ACE,CE,Federal Contract Tower,0,10,21,0,31,0,1,36,6,43,0,11,57,6,74,112,0,112,186
06/07/2021,IXD,KS,ACE,CE,Federal Contract Tower,0,7,24,0,31,0,1,81,2,84,0,8,105,2,115,150,0,150,265
06/08/2021,IXD,KS,ACE,CE,Federal Contract Tower,0,3,16,0,19,0,5,88,12,105,0,8,104,12,124,202,6,208,332
06/09/2021,IXD,KS,ACE,CE,Federal Contract Tower,0,5,24,1,30,0,2,100,3,105,0,7,124,4,135,184,0,184,319
06/10/2021,IXD,KS,ACE,CE,Federal Contract Tower,0,6,9,0,15,0,4,93,10,107,0,10,102,10,122,238,6,244,366
06/11/2021,IXD,KS,ACE,CE,Federal Contract Tower,0,10,16,0,26,0,8,31,2,41,0,18,47,2,67,144,2,146,213
06/12/2021,IXD,KS,ACE,CE,Federal Contract Tower,0,3,19,0,22,0,2,73,0,75,0,5,92,0,97,180,0,180,277
06/13/2021,IXD,KS,ACE,CE,Federal Contract Tower,0,10,14,0,24,0,3,94,0,97,0,13,108,0,121,122,0,122,243
06/14/2021,IXD,KS,ACE,CE,Federal Contract Tower,0,4,24,1,29,0,6,67,2,75,0,10,91,3,104,124,0,124,228
06/15/2021,IXD,KS,ACE,CE,Federal Contract Tower,0,6,27,0,33,0,11,84,7,102,0,17,111,7,135,272,0,272,407
06/16/2021,IXD,KS,ACE,CE,Federal Contract Tower,0,10,24,2,36,0,6,86,4,96,0,16,110,6,132,192,0,192,324
06/17/2021,IXD,KS,ACE,CE,Federal Contract Tower,0,5,12,0,17,0,11,59,2,72,0,16,71,2,89,150,0,150,239
06/18/2021,IXD,KS,ACE,CE,Federal Contract Tower,0,5,19,0,24,0,9,59,0,68,0,14,78,0,92,156,0,156,248
06/19/2021,IXD,KS,ACE,CE,Federal Contract Tower,0,5,11,0,16,0,2,64,4,70,0,7,75,4,86,146,0,146,232
06/20/2021,IXD,KS,ACE,CE,Federal Contract Tower,0,9,13,0,22,0,0,37,0,37,0,9,50,0,59,38,0,38,97
06/21/2021,IXD,KS,ACE,CE,Federal Contract Tower,0,15,14,0,29,0,6,60,2,68,0,21,74,2,97,106,0,106,203
06/22/2021,IXD,KS,ACE,CE,Federal Contract Tower,0,10,21,2,33,0,4,91,8,103,0,14,112,10,136,184,0,184,320
06/23/2021,IXD,KS,ACE,CE,Federal Contract Tower,0,3,16,1,20,0,8,55,8,71,0,11,71,9,91,72,4,76,167
06/24/2021,IXD,KS,ACE,CE,Federal Contract Tower,0,13,15,0,28,0,1,25,4,30,0,14,40,4,58,56,14,70,128
06/25/2021,IXD,KS,ACE,CE,Federal Contract Tower,0,6,20,1,27,0,7,40,3,50,0,13,60,4,77,2,0,2,79
06/26/2021,IXD,KS,ACE,CE,Federal Contract Tower,0,2,13,0,15,0,0,16,0,16,0,2,29,0,31,12,0,12,43
06/27/2021,IXD,KS,ACE,CE,Federal Contract Tower,0,9,21,2,32,0,2,84,1,87,0,11,105,3,119,232,0,232,351
06/28/2021,IXD,KS,ACE,CE,Federal Contract Tower,0,4,26,0,30,0,0,29,0,29,0,4,55,0,59,50,0,50,109
06/29/2021,IXD,KS,ACE,CE,Federal Contract Tower,0,14,25,0,39,0,2,33,0,35,0,16,58,0,74,76,0,76,150
06/30/2021,IXD,KS,ACE,CE,Federal Contract Tower,0,7,23,8,38,0,0,7,1,8,0,7,30,9,46,2,0,2,48
07/01/2021,IXD,KS,ACE,CE,Federal Contract Tower,0,2,25,13,40,0,2,75,62,139,0,4,100,75,179,18,0,18,197
07/02/2021,IXD,KS,ACE,CE,Federal Contract Tower,0,3,10,5,18,0,3,46,4,53,0,6,56,9,71,52,0,52,123
07/03/2021,IXD,KS,ACE,CE,Federal Contract Tower,0,0,8,0,8,0,1,53,1,55,0,1,61,1,63,0,0,0,63
07/04/2021,IXD,KS,ACE,CE,Federal Contract Tower,0,0,0,2,2,0,0,43,16,59,0,0,43,18,61,20,0,20,81
07/05/2021,IXD,KS,ACE,CE,Federal Contract Tower,0,8,20,7,35,0,2,100,0,102,0,10,120,7,137,164,0,164,301
07/06/2021,IXD,KS,ACE,CE,Federal Contract Tower,0,12,22,1,35,0,1,119,8,128,0,13,141,9,163,292,2,294,457
07/07/2021,IXD,KS,ACE,CE,Federal Contract Tower,0,13,12,2,27,0,5,64,10,79,0,18,76,12,106,162,0,162,268
07/08/2021,IXD,KS,ACE,CE,Federal Contract Tower,0,10,33,5,48,0,8,109,2,119,0,18,142,7,167,192,0,192,359
07/09/2021,IXD,KS,ACE,CE,Federal Contract Tower,0,15,30,1,46,0,3,102,0,105,0,18,132,1,151,132,0,132,283
07/10/2021,IXD,KS,ACE,CE,Federal Contract Tower,0,4,7,2,13,0,24,2,0,26,0,28,9,2,39,100,0,100,139
07/11/2021,IXD,KS,ACE,CE,Federal Contract Tower,0,5,17,0,22,0,0,17,0,17,0,5,34,0,39,30,0,30,69
07/12/2021,IXD,KS,ACE,CE,Federal Contract Tower,0,8,17,3,28,0,7,78,4,89,0,15,95,7,117,210,0,210,327
07/13/2021,IXD,KS,ACE,CE,Federal Contract Tower,0,4,22,3,29,0,18,91,3,112,0,22,113,6,141,204,0,204,345
07/14/2021,IXD,KS,ACE,CE,Federal Contract Tower,0,9,22,2,33,0,16,76,11,103,0,25,98,13,136,124,0,124,260
07/15/2021,IXD,KS,ACE,CE,Federal Contract Tower,0,10,21,0,31,0,0,9,2,11,0,10,30,2,42,14,2,16,58
07/16/2021,IXD,KS,ACE,CE,Federal Contract Tower,0,9,37,0,46,0,15,63,2,80,0,24,100,2,126,196,0,196,322
07/17/2021,IXD,KS,ACE,CE,Federal Contract Tower,0,4,11,0,15,0,0,66,0,66,0,4,77,0,81,124,0,124,205
07/18/2021,IXD,KS,ACE,CE,Federal Contract Tower,0,7,22,0,29,0,3,64,0,67,0,10,86,0,96,168,0,168,264
07/19/2021,IXD,KS,ACE,CE,Federal Contract Tower,0,4,16,1,21,0,23,87,5,115,0,27,103,6,136,234,0,234,370
07/20/2021,IXD,KS,ACE,CE,Federal Contract Tower,0,7,19,0,26,0,11,84,3,98,0,18,103,3,124,184,0,184,308
07/21/2021,IXD,KS,ACE,CE,Federal Contract Tower,0,23,26,0,49,0,15,88,1,104,0,38,114,1,153,174,0,174,327
07/22/2021,IXD,KS,ACE,CE,Federal Contract Tower,0,16,30,0,46,0,13,81,1,95,0,29,111,1,141,152,0,152,293
07/23/2021,IXD,KS,ACE,CE,Federal Contract Tower,0,8,44,2,54,0,10,79,3,92,0,18,123,5,146,134,0,134,280
07/24/2021,IXD,KS,ACE,CE,Federal Contract Tower,0,3,5,11,19,0,1,69,3,73,0,4,74,14,92,100,0,100,192
07/25/2021,IXD,KS,ACE,CE,Federal Contract Tower,0,11,37,5,53,0,5,45,2,52,0,16,82,7,105,116,0,116,221
07/26/2021,IXD,KS,ACE,CE,Federal Contract Tower,0,5,29,0,34,0,4,72,3,79,0,9,101,3,113,162,0,162,275
07/27/2021,IXD,KS,ACE,CE,Federal Contract Tower,0,8,19,4,31,0,4,72,3,79,0,12,91,7,110,206,0,206,316
07/28/2021,IXD,KS,ACE,CE,Federal Contract Tower,0,4,24,0,28,0,5,77,1,83,0,9,101,1,111,108,0,108,219
07/29/2021,IXD,KS,ACE,CE,Federal Contract Tower,0,10,24,0,34,0,6,58,5,69,0,16,82,5,103,122,0,122,225
07/30/2021,IXD,KS,ACE,CE,Federal Contract Tower,0,4,34,0,38,0,1,71,0,72,0,5,105,0,110,116,0,116,226
07/31/2021,IXD,KS,ACE,CE,Federal Contract Tower,0,7,29,1,37,0,1,44,6,51,0,8,73,7,88,86,0,86,174
08/01/2021,IXD,KS,ACE,CE,Federal Contract Tower,0,7,30,0,37,0,0,67,0,67,0,7,97,0,104,160,0,160,264
08/02/2021,IXD,KS,ACE,CE,Federal Contract Tower,0,10,9,4,23,0,8,69,0,77,0,18,78,4,100,108,0,108,208
08/03/2021,IXD,KS,ACE,CE,Federal Contract Tower,0,6,30,1,37,0,4,64,7,75,0,10,94,8,112,174,0,174,286
08/04/2021,IXD,KS,ACE,CE,Federal Contract Tower,0,5,17,2,24,0,5,73,2,80,0,10,90,4,104,154,0,154,258
08/05/2021,IXD,KS,ACE,CE,Federal Contract Tower,0,10,23,0,33,0,8,79,4,91,0,18,102,4,124,158,0,158,282
08/06/2021,IXD,KS,ACE,CE,Federal Contract Tower,0,8,13,0,21,0,3,93,3,99,0,11,106,3,120,182,6,188,308
08/07/2021,IXD,KS,ACE,CE,Federal Contract Tower,0,8,9,0,17,0,0,73,2,75,0,8,82,2,92,116,0,116,208
08/08/2021,IXD,KS,ACE,CE,Federal Contract Tower,0,12,13,0,25,0,0,33,3,36,0,12,46,3,61,46,0,46,107
08/09/2021,IXD,KS,ACE,CE,Federal Contract Tower,0,6,30,0,36,0,2,71,2,75,0,8,101,2,111,136,0,136,247
08/10/2021,IXD,KS,ACE,CE,Federal Contract Tower,0,6,17,0,23,0,2,40,0,42,0,8,57,0,65,80,0,80,145
08/11/2021,IXD,KS,ACE,CE,Federal Contract Tower,0,10,20,0,30,0,5,63,2,70,0,15,83,2,100,66,0,66,166
08/12/2021,IXD,KS,ACE,CE,Federal Contract Tower,0,7,33,0,40,0,6,40,0,46,0,13,73,0,86,124,0,124,210
08/13/2021,IXD,KS,ACE,CE,Federal Contract Tower,0,14,25,5,44,0,0,51,10,61,0,14,76,15,105,160,2,162,267
08/14/2021,IXD,KS,ACE,CE,Federal Contract Tower,0,8,6,17,31,0,3,83,11,97,0,11,89,28,128,184,46,230,358
08/15/2021,IXD,KS,ACE,CE,Federal Contract Tower,0,4,14,11,29,0,0,115,1,116,0,4,129,12,145,94,0,94,239
08/16/2021,IXD,KS,ACE,CE,Federal Contract Tower,0,11,34,0,45,0,2,96,0,98,0,13,130,0,143,214,0,214,357
08/17/2021,IXD,KS,ACE,CE,Federal Contract Tower,0,11,24,1,36,0,7,82,10,99,0,18,106,11,135,108,0,108,243
08/18/2021,IXD,KS,ACE,CE,Federal Contract Tower,0,9,29,0,38,0,4,93,8,105,0,13,122,8,143,232,2,234,377
08/19/2021,IXD,KS,ACE,CE,Federal Contract Tower,0,14,36,1,51,0,8,67,11,86,0,22,103,12,137,110,0,110,247
08/20/2021,IXD,KS,ACE,CE,Federal Contract Tower,0,13,37,0,50,0,3,62,9,74,0,16,99,9,124,96,0,96,220
08/21/2021,IXD,KS,ACE,CE,Federal Contract Tower,0,5,26,0,31,0,0,69,0,69,0,5,95,0,100,114,0,114,214
08/22/2021,IXD,KS,ACE,CE,Federal Contract Tower,0,6,11,0,17,0,2,77,0,79,0,8,88,0,96,78,0,78,174
08/23/2021,IXD,KS,ACE,CE,Federal Contract Tower,0,4,23,0,27,0,2,73,13,88,0,6,96,13,115,76,0,76,191
08/24/2021,IXD,KS,ACE,CE,Federal Contract Tower,0,12,25,0,37,0,10,84,8,102,0,22,109,8,139,94,4,98,237
08/25/2021,IXD,KS,ACE,CE,Federal Contract Tower,0,5,18,4,27,0,3,63,7,73,0,8,81,11,100,80,0,80,180
08/26/2021,IXD,KS,ACE,CE,Federal Contract Tower,0,7,32,0,39,0,9,73,14,96,0,16,105,14,135,146,0,146,281
08/27/2021,IXD,KS,ACE,CE,Federal Contract Tower,0,9,17,10,36,0,7,62,6,75,0,16,79,16,111,62,0,62,173
08/28/2021,IXD,KS,ACE,CE,Federal Contract Tower,0,7,12,0,19,0,8,95,5,108,0,15,107,5,127,168,2,170,297
08/29/2021,IXD,KS,ACE,CE,Federal Contract Tower,0,2,16,0,18,0,1,88,0,89,0,3,104,0,107,72,0,72,179
08/30/2021,IXD,KS,ACE,CE,Federal Contract Tower,0,2,16,0,18,0,8,75,2,85,0,10,91,2,103,132,0,132,235
08/31/2021,IXD,KS,ACE,CE,Federal Contract Tower,0,10,20,0,30,0,0,75,7,82,0,10,95,7,112,132,0,132,244
09/01/2021,IXD,KS,ACE,CE,Federal Contract Tower,0,13,26,0,39,0,2,70,6,78,0,15,96,6,117,64,0,64,181
09/02/2021,IXD,KS,ACE,CE,Federal Contract Tower,0,9,23,2,34,0,11,83,7,101,0,20,106,9,135,88,12,100,235
09/03/2021,IXD,KS,ACE,CE,Federal Contract Tower,0,6,27,0,33,0,4,18,0,22,0,10,45,0,55,44,0,44,99
09/04/2021,IXD,KS,ACE,CE,Federal Contract Tower,0,7,16,0,23,0,1,15,0,16,0,8,31,0,39,28,0,28,67
09/05/2021,IXD,KS,ACE,CE,Federal Contract Tower,0,9,18,0,27,0,0,60,0,60,0,9,78,0,87,64,0,64,151
09/06/2021,IXD,KS,ACE,CE,Federal Contract Tower,0,4,27,0,31,0,0,90,0,90,0,4,117,0,121,68,0,68,189
09/07/2021,IXD,KS,ACE,CE,Federal Contract Tower,0,7,22,0,29,0,6,73,5,84,0,13,95,5,113,134,0,134,247
09/08/2021,IXD,KS,ACE,CE,Federal Contract Tower,0,16,31,0,47,0,8,82,5,95,0,24,113,5,142,148,0,148,290
09/09/2021,IXD,KS,ACE,CE,Federal Contract Tower,0,18,21,2,41,0,2,104,5,111,0,20,125,7,152,166,2,168,320
09/10/2021,IXD,KS,ACE,CE,Federal Contract Tower,0,7,25,16,48,0,2,71,7,80,0,9,96,23,128,166,24,190,318
09/11/2021,IXD,KS,ACE,CE,Federal Contract Tower,0,1,14,8,23,0,1,65,5,71,0,2,79,13,94,36,6,42,136
09/12/2021,IXD,KS,ACE,CE,Federal Contract Tower,0,7,20,4,31,0,0,55,8,63,0,7,75,12,94,86,6,92,186
09/13/2021,IXD,KS,ACE,CE,Federal Contract Tower,0,12,17,3,32,0,3,71,8,82,0,15,88,11,114,154,0,154,268
09/14/2021,IXD,KS,ACE,CE,Federal Contract Tower,0,3,17,0,20,0,4,68,11,83,0,7,85,11,103,160,0,160,263
09/15/2021,IXD,KS,ACE,CE,Federal Contract Tower,0,4,15,2,21,0,11,71,6,88,0,15,86,8,109,160,0,160,269
09/16/2021,IXD,KS,ACE,CE,Federal Contract Tower,0,5,47,0,52,0,14,84,4,102,0,19,131,4,154,162,0,162,316
09/17/2021,IXD,KS,ACE,CE,Federal Contract Tower,0,6,33,27,66,0,15,76,8,99,0,21,109,35,165,90,10,100,265
09/18/2021,IXD,KS,ACE,CE,Federal Contract Tower,0,4,18,2,24,0,0,106,0,106,0,4,124,2,130,68,0,68,198
09/19/2021,IXD,KS,ACE,CE,Federal Contract Tower,0,8,35,4,47,0,0,54,2,56,0,8,89,6,103,44,0,44,147
09/20/2021,IXD,KS,ACE,CE,Federal Contract Tower,0,6,15,0,21,0,6,28,7,41,0,12,43,7,62,8,4,12,74
09/21/2021,IXD,KS,ACE,CE,Federal Contract Tower,0,11,21,0,32,0,10,90,9,109,0,21,111,9,141,140,2,142,283
09/22/2021,IXD,KS,ACE,CE,Federal Contract Tower,0,22,22,8,52,0,22,96,8,126,0,44,118,16,178,260,8,268,446
09/23/2021,IXD,KS,ACE,CE,Federal Contract Tower,0,8,27,0,35,0,10,83,2,95,0,18,110,2,130,126,2,128,258
09/24/2021,IXD,KS,ACE,CE,Federal Contract Tower,0,10,12,0,22,0,6,46,0,52,0,16,58,0,74,88,0,88,162
09/25/2021,IXD,KS,ACE,CE,Federal Contract Tower,0,6,19,0,25,0,0,88,0,88,0,6,107,0,113,136,0,136,249
09/26/2021,IXD,KS,ACE,CE,Federal Contract Tower,0,8,14,0,22,0,2,42,0,44,0,10,56,0,66,28,0,28,94
09/27/2021,IXD,KS,ACE,CE,Federal Contract Tower,0,4,26,0,30,0,7,56,5,68,0,11,82,5,98,66,0,66,164
09/28/2021,IXD,KS,ACE,CE,Federal Contract Tower,0,13,30,5,48,0,24,93,1,118,0,37,123,6,166,74,0,74,240
09/29/2021,IXD,KS,ACE,CE,Federal Contract Tower,0,14,25,0,39,0,4,60,0,64,0,18,85,0,103,148,0,148,251
09/30/2021,IXD,KS,ACE,CE,Federal Contract Tower,0,8,20,4,32,0,2,35,0,37,0,10,55,4,69,106,0,106,175
10/01/2021,IXD,KS,ACE,CE,Federal Contract Tower,0,4,28,1,33,0,6,20,2,28,0,10,48,3,61,66,2,68,129
10/02/2021,IXD,KS,ACE,CE,Federal Contract Tower,0,6,20,0,26,0,0,17,0,17,0,6,37,0,43,14,0,14,57
10/03/2021,IXD,KS,ACE,CE,Federal Contract Tower,0,1,25,0,26,0,0,35,0,35,0,1,60,0,61,82,0,82,143
10/04/2021,IXD,KS,ACE,CE,Federal Contract Tower,0,0,22,2,24,0,3,83,0,86,0,3,105,2,110,184,0,184,294
10/05/2021,IXD,KS,ACE,CE,Federal Contract Tower,0,8,24,0,32,0,8,72,0,80,0,16,96,0,112,142,0,142,254
10/06/2021,IXD,KS,ACE,CE,Federal Contract Tower,0,8,28,0,36,0,0,29,2,31,0,8,57,2,67,124,0,124,191
10/07/2021,IXD,KS,ACE,CE,Federal Contract Tower,0,8,29,0,37,0,2,65,0,67,0,10,94,0,104,164,0,164,268
10/08/2021,IXD,KS,ACE,CE,Federal Contract Tower,0,8,14,0,22,0,3,105,0,108,0,11,119,0,130,150,0,150,280
10/09/2021,IXD,KS,ACE,CE,Federal Contract Tower,0,2,7,0,9,0,2,70,0,72,0,4,77,0,81,52,0,52,133
10/10/2021,IXD,KS,ACE,CE,Federal Contract Tower,0,2,21,0,23,0,0,47,12,59,0,2,68,12,82,54,24,78,160
10/11/2021,IXD,KS,ACE,CE,Federal Contract Tower,0,5,18,0,23,0,4,20,0,24,0,9,38,0,47,34,0,34,81
10/12/2021,IXD,KS,ACE,CE,Federal Contract Tower,0,6,31,0,37,0,10,77,4,91,0,16,108,4,128,166,0,166,294
10/13/2021,IXD,KS,ACE,CE,Federal Contract Tower,0,5,20,0,25,0,10,49,0,59,0,15,69,0,84,138,0,138,222
10/14/2021,IXD,KS,ACE,CE,Federal Contract Tower,0,5,23,0,28,0,3,76,0,79,0,8,99,0,107,162,0,162,269
10/15/2021,IXD,KS,ACE,CE,Federal Contract Tower,0,9,21,1,31,0,2,58,2,62,0,11,79,3,93,70,0,70,163
10/16/2021,IXD,KS,ACE,CE,Federal Contract Tower,0,3,15,0,18,0,1,92,0,93,0,4,107,0,111,84,0,84,195
10/17/2021,IXD,KS,ACE,CE,Federal Contract Tower,0,9,19,2,30,0,1,80,4,85,0,10,99,6,115,82,4,86,201
10/18/2021,IXD,KS,ACE,CE,Federal Contract Tower,0,3,21,0,24,0,8,78,0,86,0,11,99,0,110,128,0,128,238
10/19/2021,IXD,KS,ACE,CE,Federal Contract Tower,0,6,13,0,19,0,2,74,0,76,0,8,87,0,95,118,0,118,213
10/20/2021,IXD,KS,ACE,CE,Federal Contract Tower,0,8,29,0,37,0,1,69,0,70,0,9,98,0,107,118,0,118,225
10/21/2021,IXD,KS,ACE,CE,Federal Contract Tower,0,13,29,1,43,0,1,75,2,78,0,14,104,3,121,154,0,154,275
10/22/2021,IXD,KS,ACE,CE,Federal Contract Tower,0,5,28,0,33,0,3,90,0,93,0,8,118,0,126,154,0,154,280
10/23/2021,IXD,KS,ACE,CE,Federal Contract Tower,0,5,39,0,44,0,0,8,0,8,0,5,47,0,52,24,0,24,76
10/24/2021,IXD,KS,ACE,CE,Federal Contract Tower,0,14,33,0,47,0,1,2,0,3,0,15,35,0,50,2,0,2,52
10/25/2021,IXD,KS,ACE,CE,Federal Contract Tower,0,9,34,0,43,0,0,19,0,19,0,9,53,0,62,50,0,50,112
10/26/2021,IXD,KS,ACE,CE,Federal Contract Tower,0,14,30,2,46,0,3,37,0,40,0,17,67,2,86,22,0,22,108
10/27/2021,IXD,KS,ACE,CE,Federal Contract Tower,0,13,26,0,39,0,2,0,0,2,0,15,26,0,41,0,0,0,41
10/28/2021,IXD,KS,ACE,CE,Federal Contract Tower,0,10,29,0,39,0,0,4,0,4,0,10,33,0,43,4,0,4,47
10/29/2021,IXD,KS,ACE,CE,Federal Contract Tower,0,9,25,0,34,0,4,25,0,29,0,13,50,0,63,58,0,58,121
10/30/2021,IXD,KS,ACE,CE,Federal Contract Tower,0,2,14,2,18,0,2,115,0,117,0,4,129,2,135,160,0,160,295
10/31/2021,IXD,KS,ACE,CE,Federal Contract Tower,0,5,23,0,28,0,4,53,0,57,0,9,76,0,85,84,0,84,169
11/01/2021,IXD,KS,ACE,CE,Federal Contract Tower,0,12,22,0,34,0,7,18,0,25,0,19,40,0,59,44,0,44,103
11/02/2021,IXD,KS,ACE,CE,Federal Contract Tower,0,5,19,0,24,0,10,79,5,94,0,15,98,5,118,212,0,212,330
11/03/2021,IXD,KS,ACE,CE,Federal Contract Tower,0,7,29,0,36,0,11,83,0,94,0,18,112,0,130,120,0,120,250
11/04/2021,IXD,KS,ACE,CE,Federal Contract Tower,0,11,29,0,40,0,2,42,4,48,0,13,71,4,88,110,0,110,198
11/05/2021,IXD,KS,ACE,CE,Federal Contract Tower,0,12,27,0,39,0,5,68,4,77,0,17,95,4,116,92,0,92,208
11/06/2021,IXD,KS,ACE,CE,Federal Contract Tower,0,2,18,0,20,0,5,111,6,122,0,7,129,6,142,76,0,76,218
11/07/2021,IXD,KS,ACE,CE,Federal Contract Tower,0,4,15,0,19,0,5,46,2,53,0,9,61,2,72,16,0,16,88
11/08/2021,IXD,KS,ACE,CE,Federal Contract Tower,0,9,17,0,26,0,11,62,0,73,0,20,79,0,99,170,0,170,269
11/09/2021,IXD,KS,ACE,CE,Federal Contract Tower,0,3,24,0,27,0,10,75,0,85,0,13,99,0,112,156,0,156,268
11/10/2021,IXD,KS,ACE,CE,Federal Contract Tower,0,3,17,0,20,0,0,7,1,8,0,3,24,1,28,28,2,30,58
11/11/2021,IXD,KS,ACE,CE,Federal Contract Tower,0,8,27,0,35,0,3,59,0,62,0,11,86,0,97,42,0,42,139
11/12/2021,IXD,KS,ACE,CE,Federal Contract Tower,0,4,25,0,29,0,6,17,0,23,0,10,42,0,52,4,0,4,56
11/13/2021,IXD,KS,ACE,CE,Federal Contract Tower,0,4,7,0,11,0,1,100,0,101,0,5,107,0,112,180,0,180,292
11/14/2021,IXD,KS,ACE,CE,Federal Contract Tower,0,6,16,0,22,0,1,53,0,54,0,7,69,0,76,90,0,90,166
11/15/2021,IXD,KS,ACE,CE,Federal Contract Tower,0,6,21,0,27,0,3,50,2,55,0,9,71,2,82,66,0,66,148
11/16/2021,IXD,KS,ACE,CE,Federal Contract Tower,0,13,16,0,29,0,3,72,1,76,0,16,88,1,105,132,0,132,237
11/17/2021,IXD,KS,ACE,CE,Federal Contract Tower,0,1,35,1,37,0,8,42,1,51,0,9,77,2,88,46,0,46,134
11/18/2021,IXD,KS,ACE,CE,Federal Contract Tower,0,8,37,0,45,0,3,72,0,75,0,11,109,0,120,104,0,104,224
11/19/2021,IXD,KS,ACE,CE,Federal Contract Tower,0,6,17,0,23,0,5,57,0,62,0,11,74,0,85,30,0,30,115
11/20/2021,IXD,KS,ACE,CE,Federal Contract Tower,0,11,19,0,30,0,2,68,0,70,0,13,87,0,100,146,0,146,246
11/21/2021,IXD,KS,ACE,CE,Federal Contract Tower,0,3,33,0,36,0,6,58,0,64,0,9,91,0,100,90,0,90,190
11/22/2021,IXD,KS,ACE,CE,Federal Contract Tower,0,6,28,0,34,0,7,96,0,103,0,13,124,0,137,144,2,146,283
11/23/2021,IXD,KS,ACE,CE,Federal Contract Tower,0,11,19,0,30,0,8,79,0,87,0,19,98,0,117,62,0,62,179
11/24/2021,IXD,KS,ACE,CE,Federal Contract Tower,0,0,21,2,23,0,6,23,2,31,0,6,44,4,54,64,0,64,118
11/25/2021,IXD,KS,ACE,CE,Federal Contract Tower,0,0,4,0,4,0,0,15,0,15,0,0,19,0,19,20,0,20,39
11/26/2021,IXD,KS,ACE,CE,Federal Contract Tower,0,2,8,0,10,0,2,36,0,38,0,4,44,0,48,56,0,56,104
11/27/2021,IXD,KS,ACE,CE,Federal Contract Tower,0,3,16,0,19,0,0,52,0,52,0,3,68,0,71,108,0,108,179
11/28/2021,IXD,KS,ACE,CE,Federal Contract Tower,0,10,20,0,30,0,0,47,0,47,0,10,67,0,77,28,0,28,105
11/29/2021,IXD,KS,ACE,CE,Federal Contract Tower,0,14,11,0,25,0,3,55,0,58,0,17,66,0,83,90,0,90,173
11/30/2021,IXD,KS,ACE,CE,Federal Contract Tower,0,13,18,0,31,0,3,51,0,54,0,16,69,0,85,60,0,60,145
12/01/2021,IXD,KS,ACE,CE,Federal Contract Tower,0,12,21,0,33,0,4,82,0,86,0,16,103,0,119,82,0,82,201
12/02/2021,IXD,KS,ACE,CE,Federal Contract Tower,0,9,21,1,31,0,8,78,2,88,0,17,99,3,119,141,4,145,264
12/03/2021,IXD,KS,ACE,CE,Federal Contract Tower,0,4,21,10,35,0,1,87,0,88,0,5,108,10,123,190,0,190,313
12/04/2021,IXD,KS,ACE,CE,Federal Contract Tower,0,5,16,1,22,0,2,76,2,80,0,7,92,3,102,128,0,128,230
12/05/2021,IXD,KS,ACE,CE,Federal Contract Tower,0,8,19,0,27,0,0,27,0,27,0,8,46,0,54,32,0,32,86
12/06/2021,IXD,KS,ACE,CE,Federal Contract Tower,0,4,23,4,31,0,2,46,0,48,0,6,69,4,79,60,0,60,139
12/07/2021,IXD,KS,ACE,CE,Federal Contract Tower,0,3,25,1,29,0,4,77,1,82,0,7,102,2,111,78,6,84,195
12/08/2021,IXD,KS,ACE,CE,Federal Contract Tower,0,7,43,0,50,0,0,44,0,44,0,7,87,0,94,108,0,108,202
12/09/2021,IXD,KS,ACE,CE,Federal Contract Tower,0,5,21,5,31,0,2,75,0,77,0,7,96,5,108,92,0,92,200
12/10/2021,IXD,KS,ACE,CE,Federal Contract Tower,0,5,32,11,48,0,8,26,5,39,0,13,58,16,87,12,0,12,99
12/11/2021,IXD,KS,ACE,CE,Federal Contract Tower,0,4,9,1,14,0,4,63,5,72,0,8,72,6,86,84,0,84,170
12/12/2021,IXD,KS,ACE,CE,Federal Contract Tower,0,3,15,2,20,0,0,37,0,37,0,3,52,2,57,64,0,64,121
12/13/2021,IXD,KS,ACE,CE,Federal Contract Tower,0,4,30,2,36,0,8,76,0,84,0,12,106,2,120,168,0,168,288
12/14/2021,IXD,KS,ACE,CE,Federal Contract Tower,0,6,21,3,30,0,3,33,3,39,0,9,54,6,69,30,0,30,99
12/15/2021,IXD,KS,ACE,CE,Federal Contract Tower,0,5,18,0,23,0,0,0,0,0,0,5,18,0,23,0,0,0,23
12/16/2021,IXD,KS,ACE,CE,Federal Contract Tower,0,12,31,0,43,0,1,71,0,72,0,13,102,0,115,160,0,160,275
12/17/2021,IXD,KS,ACE,CE,Federal Contract Tower,0,8,22,1,31,0,0,31,0,31,0,8,53,1,62,22,0,22,84
12/18/2021,IXD,KS,ACE,CE,Federal Contract Tower,0,3,18,3,24,0,0,26,0,26,0,3,44,3,50,68,0,68,118
12/19/2021,IXD,KS,ACE,CE,Federal Contract Tower,0,8,19,1,28,0,4,50,0,54,0,12,69,1,82,116,0,116,198
12/20/2021,IXD,KS,ACE,CE,Federal Contract Tower,0,3,20,0,23,0,4,74,2,80,0,7,94,2,103,76,0,76,179
12/21/2021,IXD,KS,ACE,CE,Federal Contract Tower,0,6,30,2,38,0,1,74,1,76,0,7,104,3,114,90,6,96,210
12/22/2021,IXD,KS,ACE,CE,Federal Contract Tower,0,5,29,0,34,0,7,84,0,91,0,12,113,0,125,122,0,122,247
12/23/2021,IXD,KS,ACE,CE,Federal Contract Tower,0,1,22,0,23,0,0,61,0,61,0,1,83,0,84,150,0,150,234
12/24/2021,IXD,KS,ACE,CE,Federal Contract Tower,0,3,15,0,18,0,4,18,0,22,0,7,33,0,40,22,0,22,62
12/25/2021,IXD,KS,ACE,CE,Federal Contract Tower,0,3,1,0,4,0,0,18,0,18,0,3,19,0,22,2,0,2,24
12/26/2021,IXD,KS,ACE,CE,Federal Contract Tower,0,4,16,0,20,0,0,33,0,33,0,4,49,0,53,12,0,12,65
12/27/2021,IXD,KS,ACE,CE,Federal Contract Tower,0,7,28,0,35,0,0,53,0,53,0,7,81,0,88,80,0,80,168
12/28/2021,IXD,KS,ACE,CE,Federal Contract Tower,0,2,9,0,11,0,0,38,0,38,0,2,47,0,49,88,0,88,137
12/29/2021,IXD,KS,ACE,CE,Federal Contract Tower,0,7,30,2,39,0,1,40,0,41,0,8,70,2,80,156,0,156,236
12/30/2021,IXD,KS,ACE,CE,Federal Contract Tower,0,3,22,0,25,0,0,44,0,44,0,3,66,0,69,102,0,102,171
12/31/2021,IXD,KS,ACE,CE,Federal Contract Tower,0,2,23,0,25,0,0,55,0,55,0,2,78,0,80,94,0,94,174
01/01/2022,IXD,KS,ACE,CE,Federal Contract Tower,0,2,2,0,4,0,0,0,0,0,0,2,2,0,4,0,0,0,4
01/02/2022,IXD,KS,ACE,CE,Federal Contract Tower,0,1,23,0,24,0,0,24,0,24,0,1,47,0,48,6,0,6,54
01/03/2022,IXD,KS,ACE,CE,Federal Contract Tower,0,2,16,1,19,0,2,57,0,59,0,4,73,1,78,64,0,64,142
01/04/2022,IXD,KS,ACE,CE,Federal Contract Tower,0,2,12,0,14,0,2,26,0,28,0,4,38,0,42,12,0,12,54
01/05/2022,IXD,KS,ACE,CE,Federal Contract Tower,0,4,23,0,27,0,1,46,0,47,0,5,69,0,74,98,0,98,172
01/06/2022,IXD,KS,ACE,CE,Federal Contract Tower,0,2,15,0,17,0,1,27,0,28,0,3,42,0,45,24,0,24,69
01/07/2022,IXD,KS,ACE,CE,Federal Contract Tower,0,8,12,10,30,0,2,39,2,43,0,10,51,12,73,74,14,88,161
01/08/2022,IXD,KS,ACE,CE,Federal Contract Tower,0,0,10,0,10,0,0,0,0,0,0,0,10,0,10,0,0,0,10
01/09/2022,IXD,KS,ACE,CE,Federal Contract Tower,0,3,17,0,20,0,3,55,0,58,0,6,72,0,78,66,0,66,144
01/10/2022,IXD,KS,ACE,CE,Federal Contract Tower,0,4,17,0,21,0,0,73,0,73,0,4,90,0,94,138,0,138,232
01/11/2022,IXD,KS,ACE,CE,Federal Contract Tower,0,5,11,0,16,0,3,72,1,76,0,8,83,1,92,60,0,60,152
01/12/2022,IXD,KS,ACE,CE,Federal Contract Tower,0,7,28,0,35,0,2,86,0,88,0,9,114,0,123,174,0,174,297
01/13/2022,IXD,KS,ACE,CE,Federal Contract Tower,0,5,29,0,34,0,1,75,2,78,0,6,104,2,112,124,0,124,236
01/14/2022,IXD,KS,ACE,CE,Federal Contract Tower,0,6,25,1,32,0,0,48,0,48,0,6,73,1,80,98,0,98,178
01/15/2022,IXD,KS,ACE,CE,Federal Contract Tower,0,0,5,0,5,0,0,0,0,0,0,0,5,0,5,0,0,0,5
01/16/2022,IXD,KS,ACE,CE,Federal Contract Tower,0,2,15,0,17,0,0,4,0,4,0,2,19,0,21,0,0,0,21
01/17/2022,IXD,KS,ACE,CE,Federal Contract Tower,0,8,14,0,22,0,3,77,1,81,0,11,91,1,103,162,0,162,265
01/18/2022,IXD,KS,ACE,CE,Federal Contract Tower,0,4,26,2,32,0,4,74,0,78,0,8,100,2,110,164,0,164,274
01/19/2022,IXD,KS,ACE,CE,Federal Contract Tower,0,8,15,0,23,0,3,27,2,32,0,11,42,2,55,116,0,116,171
01/20/2022,IXD,KS,ACE,CE,Federal Contract Tower,0,5,14,2,21,0,2,38,1,41,0,7,52,3,62,84,0,84,146
01/21/2022,IXD,KS,ACE,CE,Federal Contract Tower,0,5,22,1,28,0,4,42,1,47,0,9,64,2,75,104,0,104,179
01/22/2022,IXD,KS,ACE,CE,Federal Contract Tower,0,3,7,0,10,0,0,95,0,95,0,3,102,0,105,134,0,134,239
01/23/2022,IXD,KS,ACE,CE,Federal Contract Tower,0,4,20,0,24,0,0,54,0,54,0,4,74,0,78,96,0,96,174
01/24/2022,IXD,KS,ACE,CE,Federal Contract Tower,0,1,19,0,20,0,2,56,0,58,0,3,75,0,78,78,0,78,156
01/25/2022,IXD,KS,ACE,CE,Federal Contract Tower,0,2,20,1,23,0,1,40,3,44,0,3,60,4,67,92,0,92,159
01/26/2022,IXD,KS,ACE,CE,Federal Contract Tower,0,2,23,0,25,0,7,62,0,69,0,9,85,0,94,148,0,148,242
01/27/2022,IXD,KS,ACE,CE,Federal Contract Tower,0,1,25,0,26,0,2,54,0,56,0,3,79,0,82,144,0,144,226
01/28/2022,IXD,KS,ACE,CE,Federal Contract Tower,0,2,10,0,12,0,4,52,0,56,0,6,62,0,68,118,0,118,186
01/29/2022,IXD,KS,ACE,CE,Federal Contract Tower,0,9,13,0,22,0,2,99,0,101,0,11,112,0,123,134,0,134,257
01/30/2022,IXD,KS,ACE,CE,Federal Contract Tower,0,4,16,0,20,0,0,42,0,42,0,4,58,0,62,92,0,92,154
01/31/2022,IXD,KS,ACE,CE,Federal Contract Tower,0,5,15,1,21,0,5,62,2,69,0,10,77,3,90,120,0,120,210
02/01/2022,IXD,KS,ACE,CE,Federal Contract Tower,0,13,24,0,37,0,0,16,0,16,0,13,40,0,53,40,0,40,93
02/02/2022,IXD,KS,ACE,CE,Federal Contract Tower,0,2,0,0,2,0,0,0,0,0,0,2,0,0,2,0,0,0,2
02/03/2022,IXD,KS,ACE,CE,Federal Contract Tower,0,4,21,0,25,0,0,21,0,21,0,4,42,0,46,36,0,36,82
02/04/2022,IXD,KS,ACE,CE,Federal Contract Tower,0,2,19,0,21,0,4,73,4,81,0,6,92,4,102,48,2,50,152
02/05/2022,IXD,KS,ACE,CE,Federal Contract Tower,0,3,14,0,17,0,0,59,0,59,0,3,73,0,76,78,0,78,154
02/06/2022,IXD,KS,ACE,CE,Federal Contract Tower,0,0,23,1,24,0,0,70,0,70,0,0,93,1,94,120,0,120,214
02/07/2022,IXD,KS,ACE,CE,Federal Contract Tower,0,2,15,0,17,0,0,66,0,66,0,2,81,0,83,98,0,98,181
02/08/2022,IXD,KS,ACE,CE,Federal Contract Tower,0,4,32,0,36,0,0,69,0,69,0,4,101,0,105,122,0,122,227
02/09/2022,IXD,KS,ACE,CE,Federal Contract Tower,0,6,19,0,25,0,4,53,2,59,0,10,72,2,84,76,2,78,162
02/10/2022,IXD,KS,ACE,CE,Federal Contract Tower,0,5,27,0,32,0,1,84,2,87,0,6,111,2,119,124,0,124,243
02/11/2022,IXD,KS,ACE,CE,Federal Contract Tower,0,1,24,0,25,0,0,35,1,36,0,1,59,1,61,24,0,24,85
02/12/2022,IXD,KS,ACE,CE,Federal Contract Tower,0,4,15,0,19,0,0,73,0,73,0,4,88,0,92,172,0,172,264
02/13/2022,IXD,KS,ACE,CE,Federal Contract Tower,0,3,19,0,22,0,2,59,0,61,0,5,78,0,83,84,0,84,167
02/14/2022,IXD,KS,ACE,CE,Federal Contract Tower,0,1,15,0,16,0,0,72,0,72,0,1,87,0,88,122,0,122,210
02/15/2022,IXD,KS,ACE,CE,Federal Contract Tower,0,13,19,0,32,0,0,31,1,32,0,13,50,1,64,8,0,8,72
02/16/2022,IXD,KS,ACE,CE,Federal Contract Tower,0,6,28,0,34,0,0,20,0,20,0,6,48,0,54,10,0,10,64
02/17/2022,IXD,KS,ACE,CE,Federal Contract Tower,0,4,7,0,11,0,0,0,0,0,0,4,7,0,11,0,0,0,11
02/18/2022,IXD,KS,ACE,CE,Federal Contract Tower,0,2,14,2,18,0,1,32,1,34,0,3,46,3,52,16,2,18,70
02/19/2022,IXD,KS,ACE,CE,Federal Contract Tower,0,0,12,0,12,0,2,94,0,96,0,2,106,0,108,194,0,194,302
02/20/2022,IXD,KS,ACE,CE,Federal Contract Tower,0,0,21,1,22,0,0,48,0,48,0,0,69,1,70,40,0,40,110
02/21/2022,IXD,KS,ACE,CE,Federal Contract Tower,0,4,15,1,20,0,2,56,0,58,0,6,71,1,78,34,0,34,112
02/22/2022,IXD,KS,ACE,CE,Federal Contract Tower,0,9,18,0,27,0,0,3,0,3,0,9,21,0,30,0,0,0,30
02/23/2022,IXD,KS,ACE,CE,Federal Contract Tower,0,8,24,0,32,0,3,33,1,37,0,11,57,1,69,52,0,52,121
02/24/2022,IXD,KS,ACE,CE,Federal Contract Tower,0,3,20,0,23,0,0,1,0,1,0,3,21,0,24,0,0,0,24
02/25/2022,IXD,KS,ACE,CE,Federal Contract Tower,0,9,14,2,25,0,18,61,2,81,0,27,75,4,106,122,2,124,230
02/26/2022,IXD,KS,ACE,CE,Federal Contract Tower,0,8,19,2,29,0,4,90,1,95,0,12,109,3,124,202,0,202,326
02/27/2022,IXD,KS,ACE,CE,Federal Contract Tower,0,5,15,2,22,0,0,90,0,90,0,5,105,2,112,118,0,118,230
02/28/2022,IXD,KS,ACE,CE,Federal Contract Tower,0,8,20,0,28,0,1,75,1,77,0,9,95,1,105,82,0,82,187
03/01/2022,IXD,KS,ACE,CE,Federal Contract Tower,0,2,13,0,15,0,2,76,1,79,0,4,89,1,94,140,0,140,234
03/02/2022,IXD,KS,ACE,CE,Federal Contract Tower,0,3,25,8,36,0,4,99,3,106,0,7,124,11,142,156,0,156,298
03/03/2022,IXD,KS,ACE,CE,Federal Contract Tower,0,10,26,0,36,0,6,86,0,92,0,16,112,0,128,198,0,198,326
03/04/2022,IXD,KS,ACE,CE,Federal Contract Tower,0,4,26,1,31,0,3,76,0,79,0,7,102,1,110,86,0,86,196
03/05/2022,IXD,KS,ACE,CE,Federal Contract Tower,0,3,13,0,16,0,0,9,3,12,0,3,22,3,28,22,0,22,50
03/06/2022,IXD,KS,ACE,CE,Federal Contract Tower,0,6,11,0,17,0,0,64,0,64,0,6,75,0,81,126,0,126,207
03/07/2022,IXD,KS,ACE,CE,Federal Contract Tower,0,7,16,0,23,0,0,6,1,7,0,7,22,1,30,18,0,18,48
03/08/2022,IXD,KS,ACE,CE,Federal Contract Tower,0,6,13,2,21,0,1,88,2,91,0,7,101,4,112,230,0,230,342
03/09/2022,IXD,KS,ACE,CE,Federal Contract Tower,0,15,17,0,32,0,1,89,0,90,0,16,106,0,122,134,0,134,256
03/10/2022,IXD,KS,ACE,CE,Federal Contract Tower,0,2,9,0,11,0,0,0,0,0,0,2,9,0,11,0,0,0,11
03/11/2022,IXD,KS,ACE,CE,Federal Contract Tower,0,11,20,0,31,0,6,53,0,59,0,17,73,0,90,100,0,100,190
03/12/2022,IXD,KS,ACE,CE,Federal Contract Tower,0,10,17,0,27,0,0,73,0,73,0,10,90,0,100,132,0,132,232
03/13/2022,IXD,KS,ACE,CE,Federal Contract Tower,0,11,17,0,28,0,0,50,0,50,0,11,67,0,78,74,0,74,152
03/14/2022,IXD,KS,ACE,CE,Federal Contract Tower,0,11,16,5,32,0,1,22,5,28,0,12,38,10,60,36,6,42,102
03/15/2022,IXD,KS,ACE,CE,Federal Contract Tower,0,5,20,0,25,0,4,82,0,86,0,9,102,0,111,212,0,212,323
03/16/2022,IXD,KS,ACE,CE,Federal Contract Tower,0,9,21,0,30,0,0,88,0,88,0,9,109,0,118,104,0,104,222
03/17/2022,IXD,KS,ACE,CE,Federal Contract Tower,0,4,20,0,24,0,1,58,3,62,0,5,78,3,86,134,0,134,220
03/18/2022,IXD,KS,ACE,CE,Federal Contract Tower,0,4,7,0,11,0,0,0,0,0,0,4,7,0,11,0,0,0,11
03/19/2022,IXD,KS,ACE,CE,Federal Contract Tower,0,6,18,0,24,0,3,103,0,106,0,9,121,0,130,200,0,200,330
03/20/2022,IXD,KS,ACE,CE,Federal Contract Tower,0,9,18,3,30,0,1,65,0,66,0,10,83,3,96,94,0,94,190
03/21/2022,IXD,KS,ACE,CE,Federal Contract Tower,0,7,20,0,27,0,5,29,1,35,0,12,49,1,62,68,0,68,130
03/22/2022,IXD,KS,ACE,CE,Federal Contract Tower,0,6,25,2,33,0,0,7,0,7,0,6,32,2,40,16,0,16,56
03/23/2022,IXD,KS,ACE,CE,Federal Contract Tower,0,8,14,0,22,0,0,0,2,2,0,8,14,2,24,0,2,2,26
03/24/2022,IXD,KS,ACE,CE,Federal Contract Tower,0,17,34,0,51,0,0,30,1,31,0,17,64,1,82,80,0,80,162
03/25/2022,IXD,KS,ACE,CE,Federal Contract Tower,0,5,23,3,31,0,6,57,3,66,0,11,80,6,97,40,2,42,139
03/26/2022,IXD,KS,ACE,CE,Federal Contract Tower,0,0,7,0,7,0,1,103,0,104,0,1,110,0,111,238,0,238,349
03/27/2022,IXD,KS,ACE,CE,Federal Contract Tower,0,7,20,0,27,0,1,78,1,80,0,8,98,1,107,140,0,140,247
03/28/2022,IXD,KS,ACE,CE,Federal Contract Tower,0,3,25,0,28,0,2,31,1,34,0,5,56,1,62,22,0,22,84
03/29/2022,IXD,KS,ACE,CE,Federal Contract Tower,0,15,14,0,29,0,0,20,1,21,0,15,34,1,50,10,0,10,60
03/30/2022,IXD,KS,ACE,CE,Federal Contract Tower,0,15,20,0,35,0,0,14,5,19,0,15,34,5,54,54,4,58,112
03/31/2022,IXD,KS,ACE,CE,Federal Contract Tower,0,9,17,0,26,0,1,25,2,28,0,10,42,2,54,64,0,64,118
04/01/2022,IXD,KS,ACE,CE,Federal Contract Tower,0,14,32,1,47,0,7,101,1,109,0,21,133,2,156,190,0,190,346
04/02/2022,IXD,KS,ACE,CE,Federal Contract Tower,0,4,21,0,25,0,2,89,0,91,0,6,110,0,116,142,0,142,258
04/03/2022,IXD,KS,ACE,CE,Federal Contract Tower,0,2,28,0,30,0,0,66,0,66,0,2,94,0,96,130,0,130,226
04/04/2022,IXD,KS,ACE,CE,Federal Contract Tower,0,4,21,1,26,0,0,74,1,75,0,4,95,2,101,118,0,118,219
04/05/2022,IXD,KS,ACE,CE,Federal Contract Tower,0,13,38,0,51,0,0,34,1,35,0,13,72,1,86,90,0,90,176
04/06/2022,IXD,KS,ACE,CE,Federal Contract Tower,0,3,16,0,19,0,0,43,0,43,0,3,59,0,62,60,0,60,122
04/07/2022,IXD,KS,ACE,CE,Federal Contract Tower,0,5,10,0,15,0,0,8,0,8,0,5,18,0,23,0,1,1,24
04/08/2022,IXD,KS,ACE,CE,Federal Contract Tower,0,1,17,0,18,0,0,40,0,40,0,1,57,0,58,52,0,52,110
04/09/2022,IXD,KS,ACE,CE,Federal Contract Tower,0,0,27,0,27,0,2,103,0,105,0,2,130,0,132,188,0,188,320
04/10/2022,IXD,KS,ACE,CE,Federal Contract Tower,0,11,17,0,28,0,0,24,0,24,0,11,41,0,52,14,0,14,66
04/11/2022,IXD,KS,ACE,CE,Federal Contract Tower,0,9,32,0,41,0,2,69,0,71,0,11,101,0,112,148,0,148,260
04/12/2022,IXD,KS,ACE,CE,Federal Contract Tower,0,4,20,0,24,0,0,7,0,7,0,4,27,0,31,2,0,2,33
04/13/2022,IXD,KS,ACE,CE,Federal Contract Tower,0,4,19,3,26,0,0,47,1,48,0,4,66,4,74,100,0,100,174
04/14/2022,IXD,KS,ACE,CE,Federal Contract Tower,0,9,37,0,46,0,5,88,2,95,0,14,125,2,141,208,0,208,349
04/15/2022,IXD,KS,ACE,CE,Federal Contract Tower,0,3,21,2,26,0,0,88,1,89,0,3,109,3,115,266,8,274,389
04/16/2022,IXD,KS,ACE,CE,Federal Contract Tower,0,5,9,0,14,0,0,82,0,82,0,5,91,0,96,172,0,172,268
04/17/2022,IXD,KS,ACE,CE,Federal Contract Tower,0,0,11,0,11,0,0,2,0,2,0,0,13,0,13,4,0,4,17
04/18/2022,IXD,KS,ACE,CE,Federal Contract Tower,0,5,22,1,28,0,0,84,0,84,0,5,106,1,112,62,0,62,174
04/19/2022,IXD,KS,ACE,CE,Federal Contract Tower,0,11,42,0,53,0,1,79,0,80,0,12,121,0,133,160,0,160,293
04/20/2022,IXD,KS,ACE,CE,Federal Contract Tower,0,5,36,0,41,0,0,2,0,2,0,5,38,0,43,0,0,0,43
04/21/2022,IXD,KS,ACE,CE,Federal Contract Tower,0,17,34,0,51,0,0,78,4,82,0,17,112,4,133,82,4,86,219
04/22/2022,IXD,KS,ACE,CE,Federal Contract Tower,0,10,23,3,36,0,0,9,0,9,0,10,32,3,45,0,0,0,45
04/23/2022,IXD,KS,ACE,CE,Federal Contract Tower,0,6,5,2,13,0,0,2,1,3,0,6,7,3,16,4,0,4,20
04/24/2022,IXD,KS,ACE,CE,Federal Contract Tower,0,8,16,2,26,0,2,70,1,73,0,10,86,3,99,106,0,106,205
04/25/2022,IXD,KS,ACE,CE,Federal Contract Tower,0,6,27,3,36,0,4,67,2,73,0,10,94,5,109,70,2,72,181
04/26/2022,IXD,KS,ACE,CE,Federal Contract Tower,0,8,23,0,31,0,0,142,1,143,0,8,165,1,174,254,0,254,428
04/27/2022,IXD,KS,ACE,CE,Federal Contract Tower,0,11,21,1,33,0,5,88,2,95,0,16,109,3,128,168,0,168,296
04/28/2022,IXD,KS,ACE,CE,Federal Contract Tower,0,14,9,0,23,0,3,47,0,50,0,17,56,0,73,138,0,138,211
04/29/2022,IXD,KS,ACE,CE,Federal Contract Tower,0,1,16,0,17,0,3,16,0,19,0,4,32,0,36,56,0,56,92
04/30/2022,IXD,KS,ACE,CE,Federal Contract Tower,0,5,6,0,11,0,0,30,0,30,0,5,36,0,41,46,0,46,87
05/01/2022,IXD,KS,ACE,CE,Federal Contract Tower,0,5,19,0,24,0,0,58,0,58,0,5,77,0,82,54,0,54,136
05/02/2022,IXD,KS,ACE,CE,Federal Contract Tower,0,16,27,0,43,0,2,14,0,16,0,18,41,0,59,40,0,40,99
05/03/2022,IXD,KS,ACE,CE,Federal Contract Tower,0,14,43,0,57,0,0,27,0,27,0,14,70,0,84,174,0,174,258
05/04/2022,IXD,KS,ACE,CE,Federal Contract Tower,0,12,26,0,38,0,0,17,0,17,0,12,43,0,55,58,0,58,113
05/05/2022,IXD,KS,ACE,CE,Federal Contract Tower,0,14,41,0,55,0,2,16,0,18,0,16,57,0,73,64,0,64,137
05/06/2022,IXD,KS,ACE,CE,Federal Contract Tower,0,18,33,1,52,0,7,51,0,58,0,25,84,1,110,176,0,176,286
05/07/2022,IXD,KS,ACE,CE,Federal Contract Tower,0,4,20,0,24,0,0,85,2,87,0,4,105,2,111,172,0,172,283
05/08/2022,IXD,KS,ACE,CE,Federal Contract Tower,0,4,20,4,28,0,0,27,2,29,0,4,47,6,57,62,0,62,119
05/09/2022,IXD,KS,ACE,CE,Federal Contract Tower,0,6,19,0,25,0,7,41,0,48,0,13,60,0,73,26,0,26,99
05/10/2022,IXD,KS,ACE,CE,Federal Contract Tower,0,6,34,1,41,0,8,82,5,95,0,14,116,6,136,204,4,208,344
05/11/2022,IXD,KS,ACE,CE,Federal Contract Tower,0,9,30,1,40,0,3,106,3,112,0,12,136,4,152,244,0,244,396
05/12/2022,IXD,KS,ACE,CE,Federal Contract Tower,0,4,45,0,49,0,0,115,3,118,0,4,160,3,167,198,0,198,365
05/13/2022,IXD,KS,ACE,CE,Federal Contract Tower,1,11,14,1,27,0,0,71,0,71,1,11,85,1,98,168,0,168,266
05/14/2022,IXD,KS,ACE,CE,Federal Contract Tower,0,17,15,1,33,0,1,110,0,111,0,18,125,1,144,294,0,294,438
05/15/2022,IXD,KS,ACE,CE,Federal Contract Tower,0,16,31,0,47,0,0,52,0,52,0,16,83,0,99,154,0,154,253
05/16/2022,IXD,KS,ACE,CE,Federal Contract Tower,0,10,26,0,36,0,3,77,0,80,0,13,103,0,116,214,0,214,330
05/17/2022,IXD,KS,ACE,CE,Federal Contract Tower,0,7,26,0,33,0,15,73,0,88,0,22,99,0,121,222,0,222,343
05/18/2022,IXD,KS,ACE,CE,Federal Contract Tower,0,7,31,2,40,0,8,110,0,118,0,15,141,2,158,238,0,238,396
05/19/2022,IXD,KS,ACE,CE,Federal Contract Tower,0,6,28,0,34,0,9,117,0,126,0,15,145,0,160,250,0,250,410
05/20/2022,IXD,KS,ACE,CE,Federal Contract Tower,0,4,17,2,23,0,5,73,0,78,0,9,90,2,101,256,0,256,357
05/21/2022,IXD,KS,ACE,CE,Federal Contract Tower,0,2,11,4,17,0,0,52,2,54,0,2,63,6,71,170,2,172,243
05/22/2022,IXD,KS,ACE,CE,Federal Contract Tower,0,2,20,4,26,0,3,94,3,100,0,5,114,7,126,100,0,100,226
05/23/2022,IXD,KS,ACE,CE,Federal Contract Tower,0,4,16,0,20,0,4,50,2,56,0,8,66,2,76,122,0,122,198
05/24/2022,IXD,KS,ACE,CE,Federal Contract Tower,0,2,20,0,22,0,0,0,0,0,0,2,20,0,22,0,0,0,22
05/25/2022,IXD,KS,ACE,CE,Federal Contract Tower,0,6,22,0,28,0,0,1,2,3,0,6,23,2,31,0,0,0,31
05/26/2022,IXD,KS,ACE,CE,Federal Contract Tower,0,12,37,2,51,0,0,3,0,3,0,12,40,2,54,2,0,2,56
05/27/2022,IXD,KS,ACE,CE,Federal Contract Tower,0,3,31,0,34,0,12,139,0,151,0,15,170,0,185,284,0,284,469
05/28/2022,IXD,KS,ACE,CE,Federal Contract Tower,0,1,22,0,23,0,2,75,0,77,0,3,97,0,100,102,0,102,202
05/29/2022,IXD,KS,ACE,CE,Federal Contract Tower,0,5,7,0,12,0,0,10,0,10,0,5,17,0,22,8,0,8,30
05/30/2022,IXD,KS,ACE,CE,Federal Contract Tower,0,9,24,0,33,0,0,19,0,19,0,9,43,0,52,4,0,4,56
05/31/2022,IXD,KS,ACE,CE,Federal Contract Tower,0,5,19,4,28,0,0,15,0,15,0,5,34,4,43,74,0,74,117
06/01/2022,IXD,KS,ACE,CE,Federal Contract Tower,0,5,33,0,38,0,1,64,0,65,0,6,97,0,103,172,0,172,275
06/02/2022,IXD,KS,ACE,CE,Federal Contract Tower,0,14,37,0,51,0,1,140,4,145,0,15,177,4,196,278,4,282,478
06/03/2022,IXD,KS,ACE,CE,Federal Contract Tower,0,2,22,2,26,0,8,135,10,153,0,10,157,12,179,308,6,314,493
06/04/2022,IXD,KS,ACE,CE,Federal Contract Tower,0,1,16,0,17,0,2,88,0,90,0,3,104,0,107,248,0,248,355
06/05/2022,IXD,KS,ACE,CE,Federal Contract Tower,0,5,28,3,36,0,1,49,2,52,0,6,77,5,88,174,0,174,262
06/06/2022,IXD,KS,ACE,CE,Federal Contract Tower,0,6,21,0,27,0,2,80,2,84,0,8,101,2,111,220,0,220,331
06/07/2022,IXD,KS,ACE,CE,Federal Contract Tower,0,8,25,1,34,0,0,87,2,89,0,8,112,3,123,232,0,232,355
06/08/2022,IXD,KS,ACE,CE,Federal Contract Tower,0,12,30,2,44,0,4,69,1,74,0,16,99,3,118,196,0,196,314
06/09/2022,IXD,KS,ACE,CE,Federal Contract Tower,0,6,25,2,33,0,2,113,2,117,0,8,138,4,150,192,0,192,342
06/10/2022,IXD,KS,ACE,CE,Federal Contract Tower,0,3,17,0,20,0,2,110,1,113,0,5,127,1,133,226,0,226,359
06/11/2022,IXD,KS,ACE,CE,Federal Contract Tower,0,4,25,1,30,0,5,81,2,88,0,9,106,3,118,139,14,153,271
06/12/2022,IXD,KS,ACE,CE,Federal Contract Tower,0,5,20,0,25,0,1,63,0,64,0,6,83,0,89,118,0,118,207
06/13/2022,IXD,KS,ACE,CE,Federal Contract Tower,0,11,19,0,30,0,6,71,0,77,0,17,90,0,107,108,0,108,215
06/14/2022,IXD,KS,ACE,CE,Federal Contract Tower,0,6,30,1,37,0,1,73,1,75,0,7,103,2,112,100,0,100,212
06/15/2022,IXD,KS,ACE,CE,Federal Contract Tower,0,16,35,0,51,0,1,73,5,79,0,17,108,5,130,134,0,134,264
06/16/2022,IXD,KS,ACE,CE,Federal Contract Tower,0,11,25,0,36,0,1,115,0,116,0,12,140,0,152,238,0,238,390
06/17/2022,IXD,KS,ACE,CE,Federal Contract Tower,0,6,17,0,23,0,13,155,0,168,0,19,172,0,191,206,0,206,397
06/18/2022,IXD,KS,ACE,CE,Federal Contract Tower,0,4,15,0,19,0,0,100,0,100,0,4,115,0,119,186,0,186,305
06/19/2022,IXD,KS,ACE,CE,Federal Contract Tower,0,6,11,0,17,0,1,66,0,67,0,7,77,0,84,186,0,186,270
06/20/2022,IXD,KS,ACE,CE,Federal Contract Tower,0,7,19,1,27,0,1,122,2,125,0,8,141,3,152,272,2,274,426
06/21/2022,IXD,KS,ACE,CE,Federal Contract Tower,0,13,13,0,26,0,6,123,6,135,0,19,136,6,161,158,0,158,319
06/22/2022,IXD,KS,ACE,CE,Federal Contract Tower,0,8,24,0,32,0,2,90,2,94,0,10,114,2,126,184,0,184,310
06/23/2022,IXD,KS,ACE,CE,Federal Contract Tower,0,11,23,0,34,0,4,74,2,80,0,15,97,2,114,224,0,224,338
06/24/2022,IXD,KS,ACE,CE,Federal Contract Tower,0,9,22,10,41,0,1,90,2,93,0,10,112,12,134,190,10,200,334
06/25/2022,IXD,KS,ACE,CE,Federal Contract Tower,0,5,11,0,16,0,1,87,0,88,0,6,98,0,104,202,0,202,306
06/26/2022,IXD,KS,ACE,CE,Federal Contract Tower,0,5,12,0,17,0,1,84,0,85,0,6,96,0,102,156,0,156,258
06/27/2022,IXD,KS,ACE,CE,Federal Contract Tower,0,5,21,0,26,0,10,128,0,138,0,15,149,0,164,216,0,216,380
06/28/2022,IXD,KS,ACE,CE,Federal Contract Tower,0,5,30,1,36,0,7,135,2,144,0,12,165,3,180,232,0,232,412
06/29/2022,IXD,KS,ACE,CE,Federal Contract Tower,0,4,39,0,43,0,1,100,1,102,0,5,139,1,145,236,4,240,385
06/30/2022,IXD,KS,ACE,CE,Federal Contract Tower,0,9,27,0,36,0,3,105,1,109,0,12,132,1,145,204,0,204,349
07/01/2022,IXD,KS,ACE,CE,Federal Contract Tower,0,6,23,0,29,0,0,96,0,96,0,6,119,0,125,190,0,190,315
07/02/2022,IXD,KS,ACE,CE,Federal Contract Tower,0,5,1,0,6,0,0,10,2,12,0,5,11,2,18,14,0,14,32
07/03/2022,IXD,KS,ACE,CE,Federal Contract Tower,0,2,16,0,18,0,0,21,0,21,0,2,37,0,39,44,0,44,83
07/04/2022,IXD,KS,ACE,CE,Federal Contract Tower,0,5,9,0,14,0,0,40,0,40,0,5,49,0,54,60,0,60,114
07/05/2022,IXD,KS,ACE,CE,Federal Contract Tower,0,9,23,0,32,0,2,85,0,87,0,11,108,0,119,130,0,130,249
07/06/2022,IXD,KS,ACE,CE,Federal Contract Tower,0,11,22,0,33,0,2,108,2,112,0,13,130,2,145,226,0,226,371
07/07/2022,IXD,KS,ACE,CE,Federal Contract Tower,0,11,24,1,36,0,8,82,1,91,0,19,106,2,127,190,0,190,317
07/08/2022,IXD,KS,ACE,CE,Federal Contract Tower,0,7,18,14,39,0,1,90,2,93,0,8,108,16,132,188,2,190,322
07/09/2022,IXD,KS,ACE,CE,Federal Contract Tower,0,5,31,4,40,0,2,75,1,78,0,7,106,5,118,158,6,164,282
07/10/2022,IXD,KS,ACE,CE,Federal Contract Tower,0,4,14,7,25,0,0,105,4,109,0,4,119,11,134,208,0,208,342
07/11/2022,IXD,KS,ACE,CE,Federal Contract Tower,0,6,18,0,24,0,4,72,1,77,0,10,90,1,101,170,0,170,271
07/12/2022,IXD,KS,ACE,CE,Federal Contract Tower,0,6,16,0,22,0,1,106,0,107,0,7,122,0,129,242,0,242,371
07/13/2022,IXD,KS,ACE,CE,Federal Contract Tower,0,5,27,0,32,0,2,106,0,108,0,7,133,0,140,172,0,172,312
07/14/2022,IXD,KS,ACE,CE,Federal Contract Tower,0,6,22,0,28,0,8,92,1,101,0,14,114,1,129,184,0,184,313
07/15/2022,IXD,KS,ACE,CE,Federal Contract Tower,0,5,22,0,27,0,4,82,0,86,0,9,104,0,113,154,0,154,267
07/16/2022,IXD,KS,ACE,CE,Federal Contract Tower,0,9,19,1,29,0,2,78,0,80,0,11,97,1,109,188,0,188,297
07/17/2022,IXD,KS,ACE,CE,Federal Contract Tower,0,2,43,1,46,0,1,68,0,69,0,3,111,1,115,136,0,136,251
07/18/2022,IXD,KS,ACE,CE,Federal Contract Tower,0,6,27,0,33,0,4,92,1,97,0,10,119,1,130,182,6,188,318
07/19/2022,IXD,KS,ACE,CE,Federal Contract Tower,0,6,27,0,33,0,2,107,0,109,0,8,134,0,142,216,0,216,358
07/20/2022,IXD,KS,ACE,CE,Federal Contract Tower,0,6,33,1,40,0,0,103,2,105,0,6,136,3,145,168,2,170,315
07/21/2022,IXD,KS,ACE,CE,Federal Contract Tower,0,12,39,0,51,0,2,93,4,99,0,14,132,4,150,158,0,158,308
07/22/2022,IXD,KS,ACE,CE,Federal Contract Tower,0,9,29,0,38,0,4,115,2,121,0,13,144,2,159,296,0,296,455
07/23/2022,IXD,KS,ACE,CE,Federal Contract Tower,0,2,19,1,22,0,0,50,0,50,0,2,69,1,72,114,0,114,186
07/24/2022,IXD,KS,ACE,CE,Federal Contract Tower,0,8,36,0,44,0,0,57,2,59,0,8,93,2,103,86,0,86,189
07/25/2022,IXD,KS,ACE,CE,Federal Contract Tower,0,11,23,5,39,0,2,22,2,26,0,13,45,7,65,24,10,34,99
07/26/2022,IXD,KS,ACE,CE,Federal Contract Tower,0,9,36,0,45,0,0,82,1,83,0,9,118,1,128,158,0,158,286
07/27/2022,IXD,KS,ACE,CE,Federal Contract Tower,0,9,54,1,64,0,0,54,1,55,0,9,108,2,119,124,0,124,243
07/28/2022,IXD,KS,ACE,CE,Federal Contract Tower,0,11,39,0,50,0,0,41,2,43,0,11,80,2,93,72,0,72,165
07/29/2022,IXD,KS,ACE,CE,Federal Contract Tower,0,10,20,0,30,0,1,109,1,111,0,11,129,1,141,242,0,242,383
07/30/2022,IXD,KS,ACE,CE,Federal Contract Tower,0,5,45,0,50,0,1,75,0,76,0,6,120,0,126,180,0,180,306
07/31/2022,IXD,KS,ACE,CE,Federal Contract Tower,0,7,35,0,42,0,4,56,0,60,0,11,91,0,102,166,0,166,268
08/01/2022,IXD,KS,ACE,CE,Federal Contract Tower,0,7,29,0,36,0,0,88,1,89,0,7,117,1,125,158,0,158,283
08/02/2022,IXD,KS,ACE,CE,Federal Contract Tower,0,0,19,0,19,0,2,109,0,111,0,2,128,0,130,222,0,222,352
08/03/2022,IXD,KS,ACE,CE,Federal Contract Tower,0,8,26,0,34,0,2,37,4,43,0,10,63,4,77,150,8,158,235
08/04/2022,IXD,KS,ACE,CE,Federal Contract Tower,0,8,35,0,43,0,1,90,0,91,0,9,125,0,134,176,0,176,310
08/05/2022,IXD,KS,ACE,CE,Federal Contract Tower,0,14,26,1,41,0,0,123,0,123,0,14,149,1,164,260,0,260,424
08/06/2022,IXD,KS,ACE,CE,Federal Contract Tower,0,2,13,0,15,0,1,101,5,107,0,3,114,5,122,100,4,104,226
08/07/2022,IXD,KS,ACE,CE,Federal Contract Tower,0,11,18,1,30,0,1,96,0,97,0,12,114,1,127,212,0,212,339
08/08/2022,IXD,KS,ACE,CE,Federal Contract Tower,0,7,50,3,60,0,0,29,1,30,0,7,79,4,90,24,0,24,114
08/09/2022,IXD,KS,ACE,CE,Federal Contract Tower,0,8,27,0,35,0,2,106,0,108,0,10,133,0,143,284,0,284,427
08/10/2022,IXD,KS,ACE,CE,Federal Contract Tower,0,5,28,4,37,0,0,149,2,151,0,5,177,6,188,238,6,244,432
08/11/2022,IXD,KS,ACE,CE,Federal Contract Tower,0,9,33,3,45,0,2,130,5,137,0,11,163,8,182,174,0,174,356
08/12/2022,IXD,KS,ACE,CE,Federal Contract Tower,0,5,9,2,16,0,6,112,1,119,0,11,121,3,135,230,0,230,365
08/13/2022,IXD,KS,ACE,CE,Federal Contract Tower,0,2,10,0,12,0,0,104,0,104,0,2,114,0,116,212,0,212,328
08/14/2022,IXD,KS,ACE,CE,Federal Contract Tower,0,3,13,0,16,0,3,94,0,97,0,6,107,0,113,198,0,198,311
08/15/2022,IXD,KS,ACE,CE,Federal Contract Tower,0,12,18,0,30,0,0,80,0,80,0,12,98,0,110,110,0,110,220
08/16/2022,IXD,KS,ACE,CE,Federal Contract Tower,0,6,18,0,24,0,0,0,2,2,0,6,18,2,26,0,0,0,26
08/17/2022,IXD,KS,ACE,CE,Federal Contract Tower,0,13,39,10,62,0,5,111,4,120,0,18,150,14,182,288,16,304,486
08/18/2022,IXD,KS,ACE,CE,Federal Contract Tower,0,13,31,0,44,0,4,118,2,124,0,17,149,2,168,208,0,208,376
08/19/2022,IXD,KS,ACE,CE,Federal Contract Tower,0,9,25,0,34,0,2,35,0,37,0,11,60,0,71,80,0,80,151
08/20/2022,IXD,KS,ACE,CE,Federal Contract Tower,0,0,17,9,26,0,0,131,6,137,0,0,148,15,163,270,0,270,433
08/21/2022,IXD,KS,ACE,CE,Federal Contract Tower,0,5,21,7,33,0,0,110,2,112,0,5,131,9,145,220,0,220,365
08/22/2022,IXD,KS,ACE,CE,Federal Contract Tower,0,6,26,0,32,0,0,99,2,101,0,6,125,2,133,228,0,228,361
08/23/2022,IXD,KS,ACE,CE,Federal Contract Tower,0,6,16,0,22,0,0,126,2,128,0,6,142,2,150,264,0,264,414
08/24/2022,IXD,KS,ACE,CE,Federal Contract Tower,0,3,27,0,30,0,4,124,1,129,0,7,151,1,159,230,0,230,389
08/25/2022,IXD,KS,ACE,CE,Federal Contract Tower,0,2,27,0,29,0,12,109,0,121,0,14,136,0,150,198,0,198,348
08/26/2022,IXD,KS,ACE,CE,Federal Contract Tower,0,3,20,0,23,0,6,89,2,97,0,9,109,2,120,166,0,166,286
08/27/2022,IXD,KS,ACE,CE,Federal Contract Tower,0,3,9,0,12,0,0,106,0,106,0,3,115,0,118,268,0,268,386
08/28/2022,IXD,KS,ACE,CE,Federal Contract Tower,0,2,23,0,25,0,0,76,0,76,0,2,99,0,101,192,0,192,293
08/29/2022,IXD,KS,ACE,CE,Federal Contract Tower,0,10,11,0,21,0,1,81,0,82,0,11,92,0,103,124,0,124,227
08/30/2022,IXD,KS,ACE,CE,Federal Contract Tower,0,7,23,0,30,0,8,97,0,105,0,15,120,0,135,236,0,236,371
08/31/2022,IXD,KS,ACE,CE,Federal Contract Tower,0,13,28,1,42,0,0,154,0,154,0,13,182,1,196,226,0,226,422
09/01/2022,IXD,KS,ACE,CE,Federal Contract Tower,0,8,12,12,32,0,2,89,30,121,0,10,101,42,153,118,2,120,273
09/02/2022,IXD,KS,ACE,CE,Federal Contract Tower,0,3,13,0,16,0,1,28,6,35,0,4,41,6,51,8,0,8,59
09/03/2022,IXD,KS,ACE,CE,Federal Contract Tower,0,0,10,0,10,0,0,23,0,23,0,0,33,0,33,6,0,6,39
09/04/2022,IXD,KS,ACE,CE,Federal Contract Tower,0,2,9,1,12,0,2,30,0,32,0,4,39,1,44,16,0,16,60
09/05/2022,IXD,KS,ACE,CE,Federal Contract Tower,0,6,20,12,38,0,1,49,0,50,0,7,69,12,88,110,0,110,198
09/06/2022,IXD,KS,ACE,CE,Federal Contract Tower,0,14,15,0,29,0,11,82,0,93,0,25,97,0,122,208,0,208,330
09/07/2022,IXD,KS,ACE,CE,Federal Contract Tower,0,14,39,1,54,0,1,114,2,117,0,15,153,3,171,190,0,190,361
09/08/2022,IXD,KS,ACE,CE,Federal Contract Tower,0,22,35,1,58,0,1,157,1,159,0,23,192,2,217,230,0,230,447
09/09/2022,IXD,KS,ACE,CE,Federal Contract Tower,0,23,33,1,57,0,1,114,0,115,0,24,147,1,172,242,0,242,414
09/10/2022,IXD,KS,ACE,CE,Federal Contract Tower,0,11,32,0,43,0,0,25,0,25,0,11,57,0,68,2,0,2,70
09/11/2022,IXD,KS,ACE,CE,Federal Contract Tower,0,23,21,0,44,0,1,102,0,103,0,24,123,0,147,164,0,164,311
09/12/2022,IXD,KS,ACE,CE,Federal Contract Tower,0,10,34,0,44,0,7,110,0,117,0,17,144,0,161,160,0,160,321
09/13/2022,IXD,KS,ACE,CE,Federal Contract Tower,0,4,26,0,30,0,7,114,0,121,0,11,140,0,151,254,0,254,405
09/14/2022,IXD,KS,ACE,CE,Federal Contract Tower,0,8,23,0,31,0,2,78,2,82,0,10,101,2,113,148,2,150,263
09/15/2022,IXD,KS,ACE,CE,Federal Contract Tower,0,9,38,2,49,0,9,97,3,109,0,18,135,5,158,180,0,180,338
09/16/2022,IXD,KS,ACE,CE,Federal Contract Tower,0,7,28,0,35,0,7,96,0,103,0,14,124,0,138,188,0,188,326
09/17/2022,IXD,KS,ACE,CE,Federal Contract Tower,0,8,18,2,28,0,2,54,0,56,0,10,72,2,84,100,0,100,184
09/18/2022,IXD,KS,ACE,CE,Federal Contract Tower,0,10,21,2,33,0,1,49,0,50,0,11,70,2,83,92,0,92,175
09/19/2022,IXD,KS,ACE,CE,Federal Contract Tower,0,10,17,0,27,0,5,89,0,94,0,15,106,0,121,196,2,198,319
09/20/2022,IXD,KS,ACE,CE,Federal Contract Tower,0,14,27,1,42,0,2,59,0,61,0,16,86,1,103,68,0,68,171
09/21/2022,IXD,KS,ACE,CE,Federal Contract Tower,0,16,26,0,42,0,6,90,3,99,0,22,116,3,141,152,0,152,293
09/22/2022,IXD,KS,ACE,CE,Federal Contract Tower,0,9,23,0,32,0,7,84,1,92,0,16,107,1,124,224,0,224,348
09/23/2022,IXD,KS,ACE,CE,Federal Contract Tower,0,9,29,1,39,0,12,78,0,90,0,21,107,1,129,152,0,152,281
09/24/2022,IXD,KS,ACE,CE,Federal Contract Tower,0,4,14,0,18,0,2,95,0,97,0,6,109,0,115,130,0,130,245
09/25/2022,IXD,KS,ACE,CE,Federal Contract Tower,0,2,16,1,19,0,0,54,2,56,0,2,70,3,75,90,0,90,165
09/26/2022,IXD,KS,ACE,CE,Federal Contract Tower,0,4,19,0,23,0,0,88,2,90,0,4,107,2,113,142,0,142,255
09/27/2022,IXD,KS,ACE,CE,Federal Contract Tower,0,7,34,0,41,0,1,101,1,103,0,8,135,1,144,128,0,128,272
09/28/2022,IXD,KS,ACE,CE,Federal Contract Tower,0,7,37,1,45,0,1,106,0,107,0,8,143,1,152,230,0,230,382
09/29/2022,IXD,KS,ACE,CE,Federal Contract Tower,0,2,19,0,21,0,0,99,0,99,0,2,118,0,120,142,0,142,262
09/30/2022,IXD,KS,ACE,CE,Federal Contract Tower,0,9,19,0,28,0,6,97,0,103,0,15,116,0,131,226,0,226,357
10/01/2022,IXD,KS,ACE,CE,Federal Contract Tower,0,0,12,0,12,0,2,96,0,98,0,2,108,0,110,132,0,132,242
10/02/2022,IXD,KS,ACE,CE,Federal Contract Tower,0,8,18,0,26,0,2,86,0,88,0,10,104,0,114,160,0,160,274
10/03/2022,IXD,KS,ACE,CE,Federal Contract Tower,0,5,18,0,23,0,6,83,2,91,0,11,101,2,114,128,0,128,242
10/04/2022,IXD,KS,ACE,CE,Federal Contract Tower,0,4,17,2,23,0,0,103,2,105,0,4,120,4,128,216,0,216,344
10/05/2022,IXD,KS,ACE,CE,Federal Contract Tower,0,10,42,0,52,0,2,123,1,126,0,12,165,1,178,210,0,210,388
10/06/2022,IXD,KS,ACE,CE,Federal Contract Tower,0,16,29,1,46,0,4,109,1,114,0,20,138,2,160,254,0,254,414
10/07/2022,IXD,KS,ACE,CE,Federal Contract Tower,0,13,23,0,36,0,3,149,0,152,0,16,172,0,188,186,0,186,374
10/08/2022,IXD,KS,ACE,CE,Federal Contract Tower,0,4,16,0,20,0,3,83,0,86,0,7,99,0,106,206,0,206,312
10/09/2022,IXD,KS,ACE,CE,Federal Contract Tower,0,8,21,0,29,0,0,88,0,88,0,8,109,0,117,174,0,174,291
10/10/2022,IXD,KS,ACE,CE,Federal Contract Tower,0,15,21,0,36,0,0,104,0,104,0,15,125,0,140,156,0,156,296
10/11/2022,IXD,KS,ACE,CE,Federal Contract Tower,0,7,35,0,42,0,0,33,1,34,0,7,68,1,76,56,0,56,132
10/12/2022,IXD,KS,ACE,CE,Federal Contract Tower,0,16,33,0,49,0,2,58,0,60,0,18,91,0,109,120,0,120,229
10/13/2022,IXD,KS,ACE,CE,Federal Contract Tower,0,9,29,2,40,0,0,67,1,68,0,9,96,3,108,50,0,50,158
10/14/2022,IXD,KS,ACE,CE,Federal Contract Tower,0,6,16,2,24,0,0,61,1,62,0,6,77,3,86,44,2,46,132
10/15/2022,IXD,KS,ACE,CE,Federal Contract Tower,0,6,19,1,26,0,3,114,2,119,0,9,133,3,145,172,4,176,321
10/16/2022,IXD,KS,ACE,CE,Federal Contract Tower,0,9,19,1,29,0,3,73,2,78,0,12,92,3,107,106,4,110,217
10/17/2022,IXD,KS,ACE,CE,Federal Contract Tower,0,12,35,2,49,0,1,88,1,90,0,13,123,3,139,138,4,142,281
10/18/2022,IXD,KS,ACE,CE,Federal Contract Tower,0,8,18,0,26,0,0,117,1,118,0,8,135,1,144,148,0,148,292
10/19/2022,IXD,KS,ACE,CE,Federal Contract Tower,0,9,24,1,34,0,2,99,4,105,0,11,123,5,139,152,0,152,291
10/20/2022,IXD,KS,ACE,CE,Federal Contract Tower,0,13,30,1,44,0,1,133,4,138,0,14,163,5,182,168,0,168,350
10/21/2022,IXD,KS,ACE,CE,Federal Contract Tower,0,14,16,0,30,0,0,89,0,89,0,14,105,0,119,176,0,176,295
10/22/2022,IXD,KS,ACE,CE,Federal Contract Tower,0,5,10,0,15,0,1,73,0,74,0,6,83,0,89,98,0,98,187
10/23/2022,IXD,KS,ACE,CE,Federal Contract Tower,0,6,26,1,33,0,0,10,0,10,0,6,36,1,43,4,0,4,47
10/24/2022,IXD,KS,ACE,CE,Federal Contract Tower,0,11,16,0,27,0,0,2,0,2,0,11,18,0,29,2,0,2,31
10/25/2022,IXD,KS,ACE,CE,Federal Contract Tower,0,13,33,0,46,0,0,83,0,83,0,13,116,0,129,166,0,166,295
10/26/2022,IXD,KS,ACE,CE,Federal Contract Tower,0,14,28,8,50,0,2,131,4,137,0,16,159,12,187,270,8,278,465
10/27/2022,IXD,KS,ACE,CE,Federal Contract Tower,0,7,28,4,39,0,0,92,2,94,0,7,120,6,133,102,2,104,237
10/28/2022,IXD,KS,ACE,CE,Federal Contract Tower,0,12,16,27,55,0,5,116,0,121,0,17,132,27,176,214,0,214,390
10/29/2022,IXD,KS,ACE,CE,Federal Contract Tower,0,2,19,34,55,0,0,118,4,122,0,2,137,38,177,154,12,166,343
10/30/2022,IXD,KS,ACE,CE,Federal Contract Tower,0,6,16,9,31,0,0,83,0,83,0,6,99,9,114,122,2,124,238
10/31/2022,IXD,KS,ACE,CE,Federal Contract Tower,0,10,21,0,31,0,1,83,0,84,0,11,104,0,115,136,0,136,251
11/01/2022,IXD,KS,ACE,CE,Federal Contract Tower,0,13,30,0,43,0,1,111,2,114,0,14,141,2,157,146,0,146,303
11/02/2022,IXD,KS,ACE,CE,Federal Contract Tower,0,8,29,0,37,0,1,68,1,70,0,9,97,1,107,104,0,104,211
11/03/2022,IXD,KS,ACE,CE,Federal Contract Tower,0,20,25,0,45,0,0,46,1,47,0,20,71,1,92,28,0,28,120
11/04/2022,IXD,KS,ACE,CE,Federal Contract Tower,0,12,12,0,24,0,0,1,0,1,0,12,13,0,25,0,0,0,25
11/05/2022,IXD,KS,ACE,CE,Federal Contract Tower,0,5,20,0,25,0,0,47,2,49,0,5,67,2,74,78,0,78,152
11/06/2022,IXD,KS,ACE,CE,Federal Contract Tower,0,8,25,0,33,0,0,117,0,117,0,8,142,0,150,138,0,138,288
11/07/2022,IXD,KS,ACE,CE,Federal Contract Tower,0,13,22,0,35,0,0,78,5,83,0,13,100,5,118,120,0,120,238
11/08/2022,IXD,KS,ACE,CE,Federal Contract Tower,0,8,59,0,67,0,1,7,0,8,0,9,66,0,75,20,0,20,95
11/09/2022,IXD,KS,ACE,CE,Federal Contract Tower,0,6,49,0,55,0,2,20,1,23,0,8,69,1,78,32,0,32,110
11/10/2022,IXD,KS,ACE,CE,Federal Contract Tower,0,7,28,0,35,0,1,15,1,17,0,8,43,1,52,54,0,54,106
11/11/2022,IXD,KS,ACE,CE,Federal Contract Tower,0,7,23,0,30,0,2,89,0,91,0,9,112,0,121,126,0,126,247
11/12/2022,IXD,KS,ACE,CE,Federal Contract Tower,0,8,12,0,20,0,1,41,0,42,0,9,53,0,62,144,0,144,206
11/13/2022,IXD,KS,ACE,CE,Federal Contract Tower,0,6,14,0,20,0,1,90,0,91,0,7,104,0,111,128,0,128,239
11/14/2022,IXD,KS,ACE,CE,Federal Contract Tower,0,11,28,0,39,0,0,91,0,91,0,11,119,0,130,166,0,166,296
11/15/2022,IXD,KS,ACE,CE,Federal Contract Tower,0,7,23,0,30,0,0,43,0,43,0,7,66,0,73,130,0,130,203
11/16/2022,IXD,KS,ACE,CE,Federal Contract Tower,0,14,23,0,37,0,1,95,0,96,0,15,118,0,133,100,4,104,237
11/17/2022,IXD,KS,ACE,CE,Federal Contract Tower,0,11,34,2,47,0,8,78,3,89,0,19,112,5,136,138,3,141,277
11/18/2022,IXD,KS,ACE,CE,Federal Contract Tower,0,7,25,3,35,0,8,84,1,93,0,15,109,4,128,120,5,125,253
11/19/2022,IXD,KS,ACE,CE,Federal Contract Tower,0,13,23,5,41,0,0,47,8,55,0,13,70,13,96,14,24,38,134
11/20/2022,IXD,KS,ACE,CE,Federal Contract Tower,0,6,22,3,31,0,4,83,0,87,0,10,105,3,118,94,0,94,212
11/21/2022,IXD,KS,ACE,CE,Federal Contract Tower,0,5,29,1,35,0,0,95,0,95,0,5,124,1,130,190,0,190,320
11/22/2022,IXD,KS,ACE,CE,Federal Contract Tower,0,6,19,2,27,0,3,96,5,104,0,9,115,7,131,128,0,128,259
11/23/2022,IXD,KS,ACE,CE,Federal Contract Tower,0,7,19,0,26,0,2,57,0,59,0,9,76,0,85,136,0,136,221
11/24/2022,IXD,KS,ACE,CE,Federal Contract Tower,0,0,4,0,4,0,0,11,0,11,0,0,15,0,15,0,0,0,15
11/25/2022,IXD,KS,ACE,CE,Federal Contract Tower,0,6,9,0,15,0,0,54,0,54,0,6,63,0,69,95,0,95,164
11/26/2022,IXD,KS,ACE,CE,Federal Contract Tower,0,3,14,0,17,0,0,59,0,59,0,3,73,0,76,66,0,66,142
11/27/2022,IXD,KS,ACE,CE,Federal Contract Tower,0,9,28,0,37,0,1,21,0,22,0,10,49,0,59,60,0,60,119
11/28/2022,IXD,KS,ACE,CE,Federal Contract Tower,0,6,30,3,39,0,0,70,3,73,0,6,100,6,112,150,0,150,262
11/29/2022,IXD,KS,ACE,CE,Federal Contract Tower,0,13,13,1,27,0,0,44,2,46,0,13,57,3,73,4,0,4,77
11/30/2022,IXD,KS,ACE,CE,Federal Contract Tower,0,7,30,2,39,0,0,97,3,100,0,7,127,5,139,152,0,152,291
12/01/2022,IXD,KS,ACE,CE,Federal Contract Tower,0,16,38,0,54,0,5,70,3,78,0,21,108,3,132,98,0,98,230
12/02/2022,IXD,KS,ACE,CE,Federal Contract Tower,0,12,15,10,37,0,0,11,2,13,0,12,26,12,50,0,8,8,58
12/03/2022,IXD,KS,ACE,CE,Federal Contract Tower,0,2,16,10,28,0,0,94,7,101,0,2,110,17,129,170,42,212,341
12/04/2022,IXD,KS,ACE,CE,Federal Contract Tower,0,5,12,0,17,0,0,92,4,96,0,5,104,4,113,170,0,170,283
12/05/2022,IXD,KS,ACE,CE,Federal Contract Tower,0,11,35,0,46,0,1,9,0,10,0,12,44,0,56,46,0,46,102
12/06/2022,IXD,KS,ACE,CE,Federal Contract Tower,0,13,17,1,31,0,0,28,4,32,0,13,45,5,63,130,0,130,193
12/07/2022,IXD,KS,ACE,CE,Federal Contract Tower,0,4,47,0,51,0,6,51,5,62,0,10,98,5,113,196,0,196,309
12/08/2022,IXD,KS,ACE,CE,Federal Contract Tower,0,4,12,1,17,0,0,0,0,0,0,4,12,1,17,0,0,0,17
12/09/2022,IXD,KS,ACE,CE,Federal Contract Tower,0,12,19,2,33,0,0,2,0,2,0,12,21,2,35,0,0,0,35
12/10/2022,IXD,KS,ACE,CE,Federal Contract Tower,0,4,14,0,18,0,0,0,0,0,0,4,14,0,18,0,0,0,18
12/11/2022,IXD,KS,ACE,CE,Federal Contract Tower,0,6,11,1,18,0,0,4,0,4,0,6,15,1,22,8,0,8,30
12/12/2022,IXD,KS,ACE,CE,Federal Contract Tower,0,10,21,0,31,0,0,0,0,0,0,10,21,0,31,0,0,0,31
12/13/2022,IXD,KS,ACE,CE,Federal Contract Tower,0,12,16,2,30,0,0,16,0,16,0,12,32,2,46,18,0,18,64
12/14/2022,IXD,KS,ACE,CE,Federal Contract Tower,0,13,25,0,38,0,5,133,2,140,0,18,158,2,178,200,0,200,378
12/15/2022,IXD,KS,ACE,CE,Federal Contract Tower,0,16,25,0,41,0,0,24,1,25,0,16,49,1,66,32,0,32,98
12/16/2022,IXD,KS,ACE,CE,Federal Contract Tower,0,10,23,2,35,0,3,44,3,50,0,13,67,5,85,62,0,62,147
12/17/2022,IXD,KS,ACE,CE,Federal Contract Tower,0,8,15,1,24,0,0,53,0,53,0,8,68,1,77,100,0,100,177
12/18/2022,IXD,KS,ACE,CE,Federal Contract Tower,0,3,18,1,22,0,4,111,0,115,0,7,129,1,137,214,0,214,351
12/19/2022,IXD,KS,ACE,CE,Federal Contract Tower,0,15,7,0,22,0,0,26,4,30,0,15,33,4,52,58,2,60,112
12/20/2022,IXD,KS,ACE,CE,Federal Contract Tower,0,10,26,0,36,0,0,51,0,51,0,10,77,0,87,140,0,140,227
12/21/2022,IXD,KS,ACE,CE,Federal Contract Tower,0,6,25,0,31,0,2,45,0,47,0,8,70,0,78,142,0,142,220
12/22/2022,IXD,KS,ACE,CE,Federal Contract Tower,0,0,0,0,0,0,0,0,0,0,0,0,0,0,0,0,0,0,0
12/23/2022,IXD,KS,ACE,CE,Federal Contract Tower,0,5,6,0,11,0,0,7,0,7,0,5,13,0,18,4,0,4,22
12/24/2022,IXD,KS,ACE,CE,Federal Contract Tower,0,0,3,0,3,0,0,13,0,13,0,0,16,0,16,24,0,24,40
12/25/2022,IXD,KS,ACE,CE,Federal Contract Tower,0,6,1,0,7,0,0,9,0,9,0,6,10,0,16,12,0,12,28
12/26/2022,IXD,KS,ACE,CE,Federal Contract Tower,0,4,22,0,26,0,0,13,0,13,0,4,35,0,39,6,0,6,45
12/27/2022,IXD,KS,ACE,CE,Federal Contract Tower,0,3,30,0,33,0,0,70,0,70,0,3,100,0,103,84,0,84,187
12/28/2022,IXD,KS,ACE,CE,Federal Contract Tower,0,7,23,0,30,0,9,40,0,49,0,16,63,0,79,22,0,22,101
12/29/2022,IXD,KS,ACE,CE,Federal Contract Tower,0,5,22,4,31,0,0,34,0,34,0,5,56,4,65,20,2,22,87
12/30/2022,IXD,KS,ACE,CE,Federal Contract Tower,0,9,31,0,40,0,4,94,0,98,0,13,125,0,138,132,0,132,270
12/31/2022,IXD,KS,ACE,CE,Federal Contract Tower,0,6,18,0,24,0,2,75,0,77,0,8,93,0,101,112,0,112,213
01/01/2023,IXD,KS,ACE,CE,Federal Contract Tower,0,9,18,0,27,0,1,55,0,56,0,10,73,0,83,76,0,76,159
01/02/2023,IXD,KS,ACE,CE,Federal Contract Tower,0,5,22,0,27,0,0,0,0,0,0,5,22,0,27,0,0,0,27
01/03/2023,IXD,KS,ACE,CE,Federal Contract Tower,0,9,13,0,22,0,0,24,0,24,0,9,37,0,46,54,0,54,100
01/04/2023,IXD,KS,ACE,CE,Federal Contract Tower,0,5,19,0,24,0,9,92,1,102,0,14,111,1,126,128,2,130,256
01/05/2023,IXD,KS,ACE,CE,Federal Contract Tower,0,5,18,0,23,0,8,114,2,124,0,13,132,2,147,158,0,158,305
01/06/2023,IXD,KS,ACE,CE,Federal Contract Tower,0,9,23,2,34,0,7,90,3,100,0,16,113,5,134,96,4,100,234
01/07/2023,IXD,KS,ACE,CE,Federal Contract Tower,0,2,7,0,9,0,0,29,0,29,0,2,36,0,38,78,0,78,116
01/08/2023,IXD,KS,ACE,CE,Federal Contract Tower,0,10,14,0,24,0,0,136,0,136,0,10,150,0,160,246,0,246,406
01/09/2023,IXD,KS,ACE,CE,Federal Contract Tower,0,9,20,1,30,0,0,72,3,75,0,9,92,4,105,90,0,90,195
01/10/2023,IXD,KS,ACE,CE,Federal Contract Tower,0,12,17,0,29,0,2,126,4,132,0,14,143,4,161,218,2,220,381
01/11/2023,IXD,KS,ACE,CE,Federal Contract Tower,0,8,18,1,27,0,2,96,3,101,0,10,114,4,128,132,0,132,260
01/12/2023,IXD,KS,ACE,CE,Federal Contract Tower,0,13,18,0,31,0,0,0,5,5,0,13,18,5,36,0,2,2,38
01/13/2023,IXD,KS,ACE,CE,Federal Contract Tower,0,5,29,0,34,0,0,67,0,67,0,5,96,0,101,134,0,134,235
01/14/2023,IXD,KS,ACE,CE,Federal Contract Tower,0,0,15,0,15,0,0,83,0,83,0,0,98,0,98,140,0,140,238
01/15/2023,IXD,KS,ACE,CE,Federal Contract Tower,0,2,14,0,16,0,0,39,0,39,0,2,53,0,55,46,0,46,101
01/16/2023,IXD,KS,ACE,CE,Federal Contract Tower,0,3,8,0,11,0,0,53,0,53,0,3,61,0,64,118,0,118,182
01/17/2023,IXD,KS,ACE,CE,Federal Contract Tower,0,6,25,0,31,0,0,65,2,67,0,6,90,2,98,110,12,122,220
01/18/2023,IXD,KS,ACE,CE,Federal Contract Tower,0,7,7,0,14,0,0,0,0,0,0,7,7,0,14,0,0,0,14
01/19/2023,IXD,KS,ACE,CE,Federal Contract Tower,0,7,23,1,31,0,0,5,10,15,0,7,28,11,46,20,22,42,88
01/20/2023,IXD,KS,ACE,CE,Federal Contract Tower,0,12,30,3,45,0,12,107,6,125,0,24,137,9,170,202,0,202,372
01/21/2023,IXD,KS,ACE,CE,Federal Contract Tower,0,2,15,0,17,0,0,55,0,55,0,2,70,0,72,114,0,114,186
01/22/2023,IXD,KS,ACE,CE,Federal Contract Tower,0,4,9,0,13,0,0,0,0,0,0,4,9,0,13,0,0,0,13
01/23/2023,IXD,KS,ACE,CE,Federal Contract Tower,0,8,10,0,18,0,1,88,10,99,0,9,98,10,117,108,18,126,243
01/24/2023,IXD,KS,ACE,CE,Federal Contract Tower,0,4,22,0,26,0,0,65,10,75,0,4,87,10,101,220,12,232,333
01/25/2023,IXD,KS,ACE,CE,Federal Contract Tower,0,3,14,0,17,0,1,10,4,15,0,4,24,4,32,52,0,52,84
01/26/2023,IXD,KS,ACE,CE,Federal Contract Tower,0,11,22,0,33,0,5,63,8,76,0,16,85,8,109,128,2,130,239
01/27/2023,IXD,KS,ACE,CE,Federal Contract Tower,0,14,23,0,37,0,10,96,6,112,0,24,119,6,149,152,0,152,301
01/28/2023,IXD,KS,ACE,CE,Federal Contract Tower,0,6,17,0,23,0,2,67,1,70,0,8,84,1,93,68,0,68,161
01/29/2023,IXD,KS,ACE,CE,Federal Contract Tower,0,2,13,0,15,0,0,7,0,7,0,2,20,0,22,32,0,32,54
01/30/2023,IXD,KS,ACE,CE,Federal Contract Tower,0,6,29,0,35,0,1,43,0,44,0,7,72,0,79,46,0,46,125
01/31/2023,IXD,KS,ACE,CE,Federal Contract Tower,0,5,11,1,17,0,0,76,15,91,0,5,87,16,108,154,4,158,266
02/01/2023,IXD,KS,ACE,CE,Federal Contract Tower,0,7,23,2,32,0,7,111,14,132,0,14,134,16,164,198,16,214,378
02/02/2023,IXD,KS,ACE,CE,Federal Contract Tower,0,3,27,0,30,0,8,89,13,110,0,11,116,13,140,98,20,118,258
02/03/2023,IXD,KS,ACE,CE,Federal Contract Tower,0,12,16,7,35,0,7,75,2,84,0,19,91,9,119,92,0,92,211
02/04/2023,IXD,KS,ACE,CE,Federal Contract Tower,0,4,8,2,14,0,0,47,4,51,0,4,55,6,65,32,2,34,99
02/05/2023,IXD,KS,ACE,CE,Federal Contract Tower,0,6,24,0,30,0,0,73,0,73,0,6,97,0,103,166,0,166,269
02/06/2023,IXD,KS,ACE,CE,Federal Contract Tower,0,12,14,1,27,0,0,20,2,22,0,12,34,3,49,0,0,0,49
02/07/2023,IXD,KS,ACE,CE,Federal Contract Tower,0,12,31,9,52,0,0,105,6,111,0,12,136,15,163,156,0,156,319
02/08/2023,IXD,KS,ACE,CE,Federal Contract Tower,0,10,28,0,38,0,0,51,7,58,0,10,79,7,96,80,0,80,176
02/09/2023,IXD,KS,ACE,CE,Federal Contract Tower,0,12,24,0,36,0,0,25,5,30,0,12,49,5,66,76,6,82,148
02/10/2023,IXD,KS,ACE,CE,Federal Contract Tower,0,11,24,14,49,0,2,68,2,72,0,13,92,16,121,152,0,152,273
02/11/2023,IXD,KS,ACE,CE,Federal Contract Tower,0,7,16,6,29,0,3,103,3,109,0,10,119,9,138,220,0,220,358
02/12/2023,IXD,KS,ACE,CE,Federal Contract Tower,0,6,11,2,19,0,2,48,4,54,0,8,59,6,73,92,0,92,165
02/13/2023,IXD,KS,ACE,CE,Federal Contract Tower,0,10,24,4,38,0,0,113,4,117,0,10,137,8,155,138,0,138,293
02/14/2023,IXD,KS,ACE,CE,Federal Contract Tower,0,6,10,0,16,0,0,3,6,9,0,6,13,6,25,0,6,6,31
02/15/2023,IXD,KS,ACE,CE,Federal Contract Tower,0,13,16,0,29,0,0,64,12,76,0,13,80,12,105,238,0,238,343
02/16/2023,IXD,KS,ACE,CE,Federal Contract Tower,0,8,6,2,16,0,0,0,0,0,0,8,6,2,16,0,0,0,16
02/17/2023,IXD,KS,ACE,CE,Federal Contract Tower,0,14,20,0,34,0,4,92,1,97,0,18,112,1,131,104,0,104,235
02/18/2023,IXD,KS,ACE,CE,Federal Contract Tower,0,5,7,0,12,0,0,48,0,48,0,5,55,0,60,78,0,78,138
02/19/2023,IXD,KS,ACE,CE,Federal Contract Tower,0,3,16,0,19,0,0,90,0,90,0,3,106,0,109,164,0,164,273
02/20/2023,IXD,KS,ACE,CE,Federal Contract Tower,0,3,25,0,28,0,0,123,0,123,0,3,148,0,151,146,0,146,297
02/21/2023,IXD,KS,ACE,CE,Federal Contract Tower,0,9,24,1,34,0,0,88,3,91,0,9,112,4,125,200,0,200,325
02/22/2023,IXD,KS,ACE,CE,Federal Contract Tower,0,4,22,0,26,0,2,21,0,23,0,6,43,0,49,50,0,50,99
02/23/2023,IXD,KS,ACE,CE,Federal Contract Tower,0,8,15,5,28,0,8,68,5,81,0,16,83,10,109,86,2,88,197
02/24/2023,IXD,KS,ACE,CE,Federal Contract Tower,0,4,31,0,35,0,8,73,1,82,0,12,104,1,117,122,0,122,239
02/25/2023,IXD,KS,ACE,CE,Federal Contract Tower,0,3,12,0,15,0,0,97,0,97,0,3,109,0,112,166,0,166,278
02/26/2023,IXD,KS,ACE,CE,Federal Contract Tower,0,1,18,0,19,0,0,0,0,0,0,1,18,0,19,0,0,0,19
02/27/2023,IXD,KS,ACE,CE,Federal Contract Tower,0,6,22,4,32,0,0,49,0,49,0,6,71,4,81,50,0,50,131
02/28/2023,IXD,KS,ACE,CE,Federal Contract Tower,0,6,27,0,33,0,0,99,4,103,0,6,126,4,136,134,0,134,270
03/01/2023,IXD,KS,ACE,CE,Federal Contract Tower,0,8,28,0,36,0,4,105,1,110,0,12,133,1,146,152,0,152,298
03/02/2023,IXD,KS,ACE,CE,Federal Contract Tower,0,8,12,2,22,0,5,70,0,75,0,13,82,2,97,122,4,126,223
03/03/2023,IXD,KS,ACE,CE,Federal Contract Tower,0,8,18,1,27,0,2,58,1,61,0,10,76,2,88,118,0,118,206
03/04/2023,IXD,KS,ACE,CE,Federal Contract Tower,0,6,10,5,21,0,3,99,0,102,0,9,109,5,123,152,0,152,275
03/05/2023,IXD,KS,ACE,CE,Federal Contract Tower,0,7,9,0,16,0,2,47,0,49,0,9,56,0,65,46,0,46,111
03/06/2023,IXD,KS,ACE,CE,Federal Contract Tower,0,17,22,1,40,0,0,98,0,98,0,17,120,1,138,132,0,132,270
03/07/2023,IXD,KS,ACE,CE,Federal Contract Tower,0,9,27,0,36,0,0,73,7,80,0,9,100,7,116,258,0,258,374
03/08/2023,IXD,KS,ACE,CE,Federal Contract Tower,0,5,19,0,24,0,0,0,0,0,0,5,19,0,24,0,0,0,24
03/09/2023,IXD,KS,ACE,CE,Federal Contract Tower,0,16,14,0,30,0,0,1,3,4,0,16,15,3,34,6,24,30,64
03/10/2023,IXD,KS,ACE,CE,Federal Contract Tower,0,16,26,0,42,0,0,123,2,125,0,16,149,2,167,282,0,282,449
03/11/2023,IXD,KS,ACE,CE,Federal Contract Tower,0,10,27,0,37,0,0,6,0,6,0,10,33,0,43,14,0,14,57
03/12/2023,IXD,KS,ACE,CE,Federal Contract Tower,0,11,14,0,25,0,0,70,0,70,0,11,84,0,95,74,0,74,169
03/13/2023,IXD,KS,ACE,CE,Federal Contract Tower,0,4,12,5,21,0,0,87,0,87,0,4,99,5,108,220,0,220,328
03/14/2023,IXD,KS,ACE,CE,Federal Contract Tower,0,1,15,1,17,0,0,124,0,124,0,1,139,1,141,226,2,228,369
03/15/2023,IXD,KS,ACE,CE,Federal Contract Tower,0,6,10,1,17,0,1,50,5,56,0,7,60,6,73,56,0,56,129
03/16/2023,IXD,KS,ACE,CE,Federal Contract Tower,0,9,11,0,20,0,1,26,0,27,0,10,37,0,47,82,0,82,129
03/17/2023,IXD,KS,ACE,CE,Federal Contract Tower,0,6,14,3,23,0,4,92,5,101,0,10,106,8,124,154,14,168,292
03/18/2023,IXD,KS,ACE,CE,Federal Contract Tower,0,4,15,2,21,0,0,65,3,68,0,4,80,5,89,32,0,32,121
03/19/2023,IXD,KS,ACE,CE,Federal Contract Tower,0,3,17,2,22,0,1,74,0,75,0,4,91,2,97,124,0,124,221
03/20/2023,IXD,KS,ACE,CE,Federal Contract Tower,0,17,22,0,39,0,0,50,2,52,0,17,72,2,91,78,0,78,169
03/21/2023,IXD,KS,ACE,CE,Federal Contract Tower,0,7,16,2,25,0,0,0,0,0,0,7,16,2,25,0,0,0,25
03/22/2023,IXD,KS,ACE,CE,Federal Contract Tower,0,7,32,0,39,0,4,48,4,56,0,11,80,4,95,130,2,132,227
03/23/2023,IXD,KS,ACE,CE,Federal Contract Tower,0,13,10,0,23,0,0,20,6,26,0,13,30,6,49,72,0,72,121
03/24/2023,IXD,KS,ACE,CE,Federal Contract Tower,0,15,22,1,38,0,6,79,4,89,0,21,101,5,127,154,0,154,281
03/25/2023,IXD,KS,ACE,CE,Federal Contract Tower,0,11,16,0,27,0,2,112,3,117,0,13,128,3,144,194,0,194,338
03/26/2023,IXD,KS,ACE,CE,Federal Contract Tower,0,6,15,0,21,0,0,33,2,35,0,6,48,2,56,96,0,96,152
03/27/2023,IXD,KS,ACE,CE,Federal Contract Tower,0,4,26,0,30,0,1,114,6,121,0,5,140,6,151,170,0,170,321
03/28/2023,IXD,KS,ACE,CE,Federal Contract Tower,0,15,27,2,44,0,1,74,6,81,0,16,101,8,125,178,6,184,309
03/29/2023,IXD,KS,ACE,CE,Federal Contract Tower,0,12,24,2,38,0,0,147,2,149,0,12,171,4,187,260,0,260,447
03/30/2023,IXD,KS,ACE,CE,Federal Contract Tower,0,17,19,0,36,0,2,42,6,50,0,19,61,6,86,86,2,88,174
03/31/2023,IXD,KS,ACE,CE,Federal Contract Tower,0,5,14,0,19,0,1,1,2,4,0,6,15,2,23,0,0,0,23
04/01/2023,IXD,KS,ACE,CE,Federal Contract Tower,0,4,12,0,16,0,0,63,2,65,0,4,75,2,81,76,2,78,159
04/02/2023,IXD,KS,ACE,CE,Federal Contract Tower,0,6,19,0,25,0,5,48,0,53,0,11,67,0,78,82,0,82,160
04/03/2023,IXD,KS,ACE,CE,Federal Contract Tower,0,15,33,1,49,0,0,103,1,104,0,15,136,2,153,298,0,298,451
04/04/2023,IXD,KS,ACE,CE,Federal Contract Tower,0,8,14,0,22,0,0,12,2,14,0,8,26,2,36,48,0,48,84
04/05/2023,IXD,KS,ACE,CE,Federal Contract Tower,0,12,23,0,35,0,0,83,4,87,0,12,106,4,122,158,0,158,280
04/06/2023,IXD,KS,ACE,CE,Federal Contract Tower,0,8,28,1,37,0,2,157,7,166,0,10,185,8,203,220,0,220,423
04/07/2023,IXD,KS,ACE,CE,Federal Contract Tower,0,2,13,7,22,0,0,133,7,140,0,2,146,14,162,288,18,306,468
04/08/2023,IXD,KS,ACE,CE,Federal Contract Tower,0,1,8,12,21,0,0,89,2,91,0,1,97,14,112,222,0,222,334
04/09/2023,IXD,KS,ACE,CE,Federal Contract Tower,0,7,2,1,10,0,0,35,1,36,0,7,37,2,46,56,0,56,102
04/10/2023,IXD,KS,ACE,CE,Federal Contract Tower,0,13,17,1,31,0,0,40,2,42,0,13,57,3,73,46,0,46,119
04/11/2023,IXD,KS,ACE,CE,Federal Contract Tower,0,20,21,0,41,0,0,96,2,98,0,20,117,2,139,260,0,260,399
04/12/2023,IXD,KS,ACE,CE,Federal Contract Tower,0,11,27,0,38,0,1,67,6,74,0,12,94,6,112,102,0,102,214
04/13/2023,IXD,KS,ACE,CE,Federal Contract Tower,0,21,19,1,41,0,2,76,3,81,0,23,95,4,122,154,0,154,276
04/14/2023,IXD,KS,ACE,CE,Federal Contract Tower,0,13,22,3,38,0,1,68,3,72,0,14,90,6,110,114,0,114,224
04/15/2023,IXD,KS,ACE,CE,Federal Contract Tower,0,1,21,0,22,0,0,2,2,4,0,1,23,2,26,0,0,0,26
04/16/2023,IXD,KS,ACE,CE,Federal Contract Tower,0,3,11,0,14,0,0,3,0,3,0,3,14,0,17,2,0,2,19
04/17/2023,IXD,KS,ACE,CE,Federal Contract Tower,0,11,15,3,29,0,0,115,3,118,0,11,130,6,147,150,0,150,297
04/18/2023,IXD,KS,ACE,CE,Federal Contract Tower,0,12,23,0,35,0,0,85,7,92,0,12,108,7,127,132,18,150,277
04/19/2023,IXD,KS,ACE,CE,Federal Contract Tower,0,11,23,2,36,0,2,15,6,23,0,13,38,8,59,10,2,12,71
04/20/2023,IXD,KS,ACE,CE,Federal Contract Tower,0,10,19,1,30,0,1,15,6,22,0,11,34,7,52,18,6,24,76
04/21/2023,IXD,KS,ACE,CE,Federal Contract Tower,0,13,26,8,47,0,1,80,5,86,0,14,106,13,133,66,0,66,199
04/22/2023,IXD,KS,ACE,CE,Federal Contract Tower,0,4,22,20,46,0,0,55,9,64,0,4,77,29,110,54,16,70,180
04/23/2023,IXD,KS,ACE,CE,Federal Contract Tower,0,7,34,6,47,0,0,90,18,108,0,7,124,24,155,170,0,170,325
04/24/2023,IXD,KS,ACE,CE,Federal Contract Tower,0,12,19,1,32,0,0,113,4,117,0,12,132,5,149,214,0,214,363
04/25/2023,IXD,KS,ACE,CE,Federal Contract Tower,0,7,16,0,23,0,0,115,7,122,0,7,131,7,145,282,0,282,427
04/26/2023,IXD,KS,ACE,CE,Federal Contract Tower,0,7,24,0,31,0,2,129,1,132,0,9,153,1,163,248,0,248,411
04/27/2023,IXD,KS,ACE,CE,Federal Contract Tower,0,5,21,2,28,0,3,161,0,164,0,8,182,2,192,264,0,264,456
04/28/2023,IXD,KS,ACE,CE,Federal Contract Tower,0,6,23,0,29,0,6,88,5,99,0,12,111,5,128,200,0,200,328
04/29/2023,IXD,KS,ACE,CE,Federal Contract Tower,0,3,14,0,17,0,0,101,1,102,0,3,115,1,119,62,0,62,181
04/30/2023,IXD,KS,ACE,CE,Federal Contract Tower,0,11,6,1,18,0,0,12,0,12,0,11,18,1,30,0,0,0,30
05/01/2023,IXD,KS,ACE,CE,Federal Contract Tower,0,4,21,0,25,0,0,41,0,41,0,4,62,0,66,30,0,30,96
05/02/2023,IXD,KS,ACE,CE,Federal Contract Tower,0,4,25,0,29,0,1,86,0,87,0,5,111,0,116,192,0,192,308
05/03/2023,IXD,KS,ACE,CE,Federal Contract Tower,0,7,21,0,28,0,4,184,3,191,0,11,205,3,219,382,0,382,601
05/04/2023,IXD,KS,ACE,CE,Federal Contract Tower,0,11,26,2,39,0,1,58,0,59,0,12,84,2,98,132,0,132,230
05/05/2023,IXD,KS,ACE,CE,Federal Contract Tower,0,15,38,0,53,0,5,64,4,73,0,20,102,4,126,260,0,260,386
05/06/2023,IXD,KS,ACE,CE,Federal Contract Tower,0,14,21,5,40,0,2,38,0,40,0,16,59,5,80,56,0,56,136
05/07/2023,IXD,KS,ACE,CE,Federal Contract Tower,0,21,22,2,45,0,1,78,6,85,0,22,100,8,130,94,0,94,224
05/08/2023,IXD,KS,ACE,CE,Federal Contract Tower,0,10,22,1,33,0,0,108,0,108,0,10,130,1,141,196,0,196,337
05/09/2023,IXD,KS,ACE,CE,Federal Contract Tower,0,7,20,0,27,0,0,63,2,65,0,7,83,2,92,56,0,56,148
05/10/2023,IXD,KS,ACE,CE,Federal Contract Tower,0,11,22,1,34,0,2,144,1,147,0,13,166,2,181,308,2,310,491
05/11/2023,IXD,KS,ACE,CE,Federal Contract Tower,0,13,39,0,52,0,0,9,0,9,0,13,48,0,61,2,0,2,63
05/12/2023,IXD,KS,ACE,CE,Federal Contract Tower,0,15,36,0,51,0,0,86,4,90,0,15,122,4,141,354,0,354,495
05/13/2023,IXD,KS,ACE,CE,Federal Contract Tower,0,0,9,0,9,0,0,125,0,125,0,0,134,0,134,188,0,188,322
05/14/2023,IXD,KS,ACE,CE,Federal Contract Tower,0,7,6,0,13,0,0,34,0,34,0,7,40,0,47,88,0,88,135
05/15/2023,IXD,KS,ACE,CE,Federal Contract Tower,0,9,28,1,38,0,0,0,0,0,0,9,28,1,38,6,0,6,44
05/16/2023,IXD,KS,ACE,CE,Federal Contract Tower,0,12,52,0,64,0,0,26,4,30,0,12,78,4,94,154,0,154,248
05/17/2023,IXD,KS,ACE,CE,Federal Contract Tower,0,8,26,3,37,0,0,190,3,193,0,8,216,6,230,296,0,296,526
05/18/2023,IXD,KS,ACE,CE,Federal Contract Tower,0,10,30,2,42,0,4,147,8,159,0,14,177,10,201,290,0,290,491
05/19/2023,IXD,KS,ACE,CE,Federal Contract Tower,0,11,50,3,64,0,0,36,4,40,0,11,86,7,104,42,4,46,150
05/20/2023,IXD,KS,ACE,CE,Federal Contract Tower,0,7,18,13,38,0,0,134,8,142,0,7,152,21,180,150,12,162,342
05/21/2023,IXD,KS,ACE,CE,Federal Contract Tower,0,6,16,6,28,0,0,106,8,114,0,6,122,14,142,118,0,118,260
05/22/2023,IXD,KS,ACE,CE,Federal Contract Tower,0,12,27,0,39,0,0,125,0,125,0,12,152,0,164,176,0,176,340
05/23/2023,IXD,KS,ACE,CE,Federal Contract Tower,0,3,30,0,33,0,0,162,8,170,0,3,192,8,203,198,0,198,401
05/24/2023,IXD,KS,ACE,CE,Federal Contract Tower,0,7,19,0,26,0,2,103,4,109,0,9,122,4,135,140,0,140,275
05/25/2023,IXD,KS,ACE,CE,Federal Contract Tower,0,5,32,2,39,0,5,110,2,117,0,10,142,4,156,240,0,240,396
05/26/2023,IXD,KS,ACE,CE,Federal Contract Tower,0,6,27,2,35,0,0,121,1,122,0,6,148,3,157,222,0,222,379
05/27/2023,IXD,KS,ACE,CE,Federal Contract Tower,0,1,10,0,11,0,0,115,0,115,0,1,125,0,126,216,0,216,342
05/28/2023,IXD,KS,ACE,CE,Federal Contract Tower,0,4,7,0,11,0,0,86,0,86,0,4,93,0,97,108,0,108,205
05/29/2023,IXD,KS,ACE,CE,Federal Contract Tower,0,8,13,0,21,0,0,87,0,87,0,8,100,0,108,140,0,140,248
05/30/2023,IXD,KS,ACE,CE,Federal Contract Tower,0,11,25,2,38,0,2,72,0,74,0,13,97,2,112,68,0,68,180
05/31/2023,IXD,KS,ACE,CE,Federal Contract Tower,0,5,25,4,34,0,88,2,0,90,0,93,27,4,124,201,4,205,329
06/01/2023,IXD,KS,ACE,CE,Federal Contract Tower,0,13,33,0,46,0,6,111,7,124,0,19,144,7,170,144,8,152,322
06/02/2023,IXD,KS,ACE,CE,Federal Contract Tower,0,18,15,1,34,0,7,105,2,114,0,25,120,3,148,186,0,186,334
06/03/2023,IXD,KS,ACE,CE,Federal Contract Tower,0,9,11,3,23,0,7,102,3,112,0,16,113,6,135,144,10,154,289
06/04/2023,IXD,KS,ACE,CE,Federal Contract Tower,0,9,12,3,24,0,0,92,0,92,0,9,104,3,116,116,0,116,232
06/05/2023,IXD,KS,ACE,CE,Federal Contract Tower,0,11,29,0,40,0,0,84,3,87,0,11,113,3,127,138,0,138,265
06/06/2023,IXD,KS,ACE,CE,Federal Contract Tower,0,11,28,5,44,0,0,117,9,126,0,11,145,14,170,270,2,272,442
06/07/2023,IXD,KS,ACE,CE,Federal Contract Tower,0,13,26,3,42,0,0,138,0,138,0,13,164,3,180,260,0,260,440
06/08/2023,IXD,KS,ACE,CE,Federal Contract Tower,0,12,25,2,39,0,5,125,3,133,0,17,150,5,172,192,0,192,364
06/09/2023,IXD,KS,ACE,CE,Federal Contract Tower,0,8,31,0,39,0,11,142,2,155,0,19,173,2,194,164,0,164,358
06/10/2023,IXD,KS,ACE,CE,Federal Contract Tower,0,4,21,0,25,0,1,22,5,28,0,5,43,5,53,64,0,64,117
06/11/2023,IXD,KS,ACE,CE,Federal Contract Tower,0,6,44,0,50,0,0,23,0,23,0,6,67,0,73,66,0,66,139
06/12/2023,IXD,KS,ACE,CE,Federal Contract Tower,0,15,39,2,56,0,1,119,2,122,0,16,158,4,178,232,0,232,410
06/13/2023,IXD,KS,ACE,CE,Federal Contract Tower,0,4,30,0,34,0,7,96,4,107,0,11,126,4,141,250,6,256,397
06/14/2023,IXD,KS,ACE,CE,Federal Contract Tower,0,14,24,0,38,0,0,89,3,92,0,14,113,3,130,188,8,196,326
06/15/2023,IXD,KS,ACE,CE,Federal Contract Tower,0,8,29,0,37,0,4,110,4,118,0,12,139,4,155,176,0,176,331
06/16/2023,IXD,KS,ACE,CE,Federal Contract Tower,0,4,20,0,24,0,5,121,1,127,0,9,141,1,151,214,0,214,365
06/17/2023,IXD,KS,ACE,CE,Federal Contract Tower,0,7,22,0,29,0,1,100,2,103,0,8,122,2,132,90,0,90,222
06/18/2023,IXD,KS,ACE,CE,Federal Contract Tower,0,5,13,0,18,0,0,25,0,25,0,5,38,0,43,64,0,64,107
06/19/2023,IXD,KS,ACE,CE,Federal Contract Tower,0,4,21,0,25,0,0,89,0,89,0,4,110,0,114,116,0,116,230
06/20/2023,IXD,KS,ACE,CE,Federal Contract Tower,0,2,30,0,32,0,0,76,3,79,0,2,106,3,111,154,2,156,267
06/21/2023,IXD,KS,ACE,CE,Federal Contract Tower,0,3,33,2,38,0,1,113,5,119,0,4,146,7,157,140,0,140,297
06/22/2023,IXD,KS,ACE,CE,Federal Contract Tower,0,1,25,0,26,0,3,111,4,118,0,4,136,4,144,232,0,232,376
06/23/2023,IXD,KS,ACE,CE,Federal Contract Tower,0,6,22,2,30,0,3,122,5,130,0,9,144,7,160,250,2,252,412
06/24/2023,IXD,KS,ACE,CE,Federal Contract Tower,0,3,14,0,17,0,1,60,1,62,0,4,74,1,79,72,0,72,151
06/25/2023,IXD,KS,ACE,CE,Federal Contract Tower,0,7,15,0,22,0,0,52,0,52,0,7,67,0,74,48,0,48,122
06/26/2023,IXD,KS,ACE,CE,Federal Contract Tower,0,9,27,1,37,0,0,94,3,97,0,9,121,4,134,136,4,140,274
06/27/2023,IXD,KS,ACE,CE,Federal Contract Tower,0,7,20,0,27,0,2,130,9,141,0,9,150,9,168,170,30,200,368
06/28/2023,IXD,KS,ACE,CE,Federal Contract Tower,0,12,33,0,45,0,3,101,1,105,0,15,134,1,150,138,0,138,288
06/29/2023,IXD,KS,ACE,CE,Federal Contract Tower,0,8,31,0,39,0,1,90,2,93,0,9,121,2,132,174,0,174,306
06/30/2023,IXD,KS,ACE,CE,Federal Contract Tower,0,4,26,0,30,0,4,94,2,100,0,8,120,2,130,134,0,134,264
07/01/2023,IXD,KS,ACE,CE,Federal Contract Tower,0,6,18,0,24,0,0,58,0,58,0,6,76,0,82,66,0,66,148
07/02/2023,IXD,KS,ACE,CE,Federal Contract Tower,0,7,16,0,23,0,0,72,2,74,0,7,88,2,97,76,0,76,173
07/03/2023,IXD,KS,ACE,CE,Federal Contract Tower,0,0,6,0,6,0,0,108,4,112,0,0,114,4,118,242,6,248,366
07/04/2023,IXD,KS,ACE,CE,Federal Contract Tower,0,2,2,0,4,0,0,68,0,68,0,2,70,0,72,78,0,78,150
07/05/2023,IXD,KS,ACE,CE,Federal Contract Tower,0,7,39,0,46,0,2,54,0,56,0,9,93,0,102,86,0,86,188
07/06/2023,IXD,KS,ACE,CE,Federal Contract Tower,0,7,14,9,30,0,3,152,5,160,0,10,166,14,190,272,4,276,466
07/07/2023,IXD,KS,ACE,CE,Federal Contract Tower,0,7,24,2,33,0,0,82,2,84,0,7,106,4,117,184,0,184,301
07/08/2023,IXD,KS,ACE,CE,Federal Contract Tower,0,10,32,0,42,0,0,36,3,39,0,10,68,3,81,40,0,40,121
07/09/2023,IXD,KS,ACE,CE,Federal Contract Tower,0,16,25,0,41,0,0,135,5,140,0,16,160,5,181,154,0,154,335
07/10/2023,IXD,KS,ACE,CE,Federal Contract Tower,0,6,22,0,28,0,0,116,1,117,0,6,138,1,145,158,0,158,303
07/11/2023,IXD,KS,ACE,CE,Federal Contract Tower,0,0,24,1,25,0,3,116,2,121,0,3,140,3,146,134,0,134,280
07/12/2023,IXD,KS,ACE,CE,Federal Contract Tower,0,8,27,0,35,0,4,74,1,79,0,12,101,1,114,106,0,106,220
07/13/2023,IXD,KS,ACE,CE,Federal Contract Tower,0,8,25,2,35,0,4,108,9,121,0,12,133,11,156,160,16,176,332
07/14/2023,IXD,KS,ACE,CE,Federal Contract Tower,0,9,11,2,22,0,4,55,1,60,0,13,66,3,82,74,0,74,156
07/15/2023,IXD,KS,ACE,CE,Federal Contract Tower,0,11,17,0,28,0,3,79,1,83,0,14,96,1,111,128,0,128,239
07/16/2023,IXD,KS,ACE,CE,Federal Contract Tower,0,9,21,0,30,0,0,72,0,72,0,9,93,0,102,120,0,120,222
07/17/2023,IXD,KS,ACE,CE,Federal Contract Tower,0,12,27,0,39,0,6,89,2,97,0,18,116,2,136,248,0,248,384
07/18/2023,IXD,KS,ACE,CE,Federal Contract Tower,0,14,23,0,37,0,2,83,5,90,0,16,106,5,127,54,0,54,181
07/19/2023,IXD,KS,ACE,CE,Federal Contract Tower,0,4,51,4,59,0,2,89,0,91,0,6,140,4,150,200,0,200,350
07/20/2023,IXD,KS,ACE,CE,Federal Contract Tower,0,10,32,0,42,0,4,122,1,127,0,14,154,1,169,210,0,210,379
07/21/2023,IXD,KS,ACE,CE,Federal Contract Tower,0,11,30,4,45,0,0,142,9,151,0,11,172,13,196,224,14,238,434
07/22/2023,IXD,KS,ACE,CE,Federal Contract Tower,0,3,19,2,24,0,0,108,2,110,0,3,127,4,134,180,0,180,314
07/23/2023,IXD,KS,ACE,CE,Federal Contract Tower,0,6,21,0,27,0,0,99,0,99,0,6,120,0,126,156,0,156,282
07/24/2023,IXD,KS,ACE,CE,Federal Contract Tower,0,11,17,0,28,0,0,61,4,65,0,11,78,4,93,84,0,84,177
07/25/2023,IXD,KS,ACE,CE,Federal Contract Tower,0,19,11,0,30,0,0,83,4,87,0,19,94,4,117,156,0,156,273
07/26/2023,IXD,KS,ACE,CE,Federal Contract Tower,0,10,22,0,32,0,2,80,6,88,0,12,102,6,120,110,0,110,230
07/27/2023,IXD,KS,ACE,CE,Federal Contract Tower,0,11,26,1,38,0,0,105,3,108,0,11,131,4,146,148,0,148,294
07/28/2023,IXD,KS,ACE,CE,Federal Contract Tower,0,8,17,0,25,0,1,84,1,86,0,9,101,1,111,87,0,87,198
07/29/2023,IXD,KS,ACE,CE,Federal Contract Tower,0,5,13,0,18,0,4,51,0,55,0,9,64,0,73,94,0,94,167
07/30/2023,IXD,KS,ACE,CE,Federal Contract Tower,0,8,18,0,26,0,0,71,0,71,0,8,89,0,97,120,0,120,217
07/31/2023,IXD,KS,ACE,CE,Federal Contract Tower,0,8,23,0,31,0,0,55,1,56,0,8,78,1,87,132,0,132,219
08/01/2023,IXD,KS,ACE,CE,Federal Contract Tower,0,8,16,0,24,0,0,97,4,101,0,8,113,4,125,130,0,130,255
08/02/2023,IXD,KS,ACE,CE,Federal Contract Tower,0,4,21,0,25,0,3,101,3,107,0,7,122,3,132,188,0,188,320
08/03/2023,IXD,KS,ACE,CE,Federal Contract Tower,0,13,30,0,43,0,5,49,6,60,0,18,79,6,103,156,0,156,259
08/04/2023,IXD,KS,ACE,CE,Federal Contract Tower,0,12,36,0,48,0,63,1,0,64,0,75,37,0,112,128,0,128,240
08/05/2023,IXD,KS,ACE,CE,Federal Contract Tower,0,0,30,0,30,0,0,69,5,74,0,0,99,5,104,130,0,130,234
08/06/2023,IXD,KS,ACE,CE,Federal Contract Tower,0,3,8,0,11,0,0,45,0,45,0,3,53,0,56,44,0,44,100
08/07/2023,IXD,KS,ACE,CE,Federal Contract Tower,0,18,43,2,63,0,0,73,0,73,0,18,116,2,136,166,0,166,302
08/08/2023,IXD,KS,ACE,CE,Federal Contract Tower,0,8,27,0,35,0,0,152,2,154,0,8,179,2,189,240,0,240,429
08/09/2023,IXD,KS,ACE,CE,Federal Contract Tower,0,17,27,2,46,0,3,65,1,69,0,20,92,3,115,120,0,120,235
08/10/2023,IXD,KS,ACE,CE,Federal Contract Tower,0,12,29,0,41,0,5,143,1,149,0,17,172,1,190,206,0,206,396
08/11/2023,IXD,KS,ACE,CE,Federal Contract Tower,0,12,11,0,23,0,7,115,4,126,0,19,126,4,149,162,0,162,311
08/13/2023,IXD,KS,ACE,CE,Federal Contract Tower,0,13,6,0,19,0,0,8,0,8,0,13,14,0,27,6,0,6,33
08/14/2023,IXD,KS,ACE,CE,Federal Contract Tower,0,16,31,4,51,0,0,109,2,111,0,16,140,6,162,102,0,102,264
08/15/2023,IXD,KS,ACE,CE,Federal Contract Tower,0,16,31,0,47,0,0,125,4,129,0,16,156,4,176,242,0,242,418
08/16/2023,IXD,KS,ACE,CE,Federal Contract Tower,0,19,28,2,49,0,1,154,8,163,0,20,182,10,212,208,0,208,420
08/17/2023,IXD,KS,ACE,CE,Federal Contract Tower,0,8,21,11,40,0,2,41,17,60,0,10,62,28,100,50,0,50,150
08/18/2023,IXD,KS,ACE,CE,Federal Contract Tower,0,7,9,4,20,0,0,13,0,13,0,7,22,4,33,24,0,24,57
08/19/2023,IXD,KS,ACE,CE,Federal Contract Tower,0,2,3,0,5,0,0,14,0,14,0,2,17,0,19,12,0,12,31
08/20/2023,IXD,KS,ACE,CE,Federal Contract Tower,0,2,10,9,21,0,0,27,2,29,0,2,37,11,50,0,0,0,50
08/21/2023,IXD,KS,ACE,CE,Federal Contract Tower,0,8,27,8,43,0,0,97,6,103,0,8,124,14,146,82,8,90,236
08/22/2023,IXD,KS,ACE,CE,Federal Contract Tower,0,7,25,1,33,0,1,61,3,65,0,8,86,4,98,40,0,40,138
08/23/2023,IXD,KS,ACE,CE,Federal Contract Tower,0,14,19,1,34,0,5,109,4,118,0,19,128,5,152,148,0,148,300
08/24/2023,IXD,KS,ACE,CE,Federal Contract Tower,0,15,24,0,39,0,2,113,4,119,0,17,137,4,158,94,0,94,252
08/25/2023,IXD,KS,ACE,CE,Federal Contract Tower,0,3,30,2,35,0,3,91,1,95,0,6,121,3,130,110,0,110,240
08/26/2023,IXD,KS,ACE,CE,Federal Contract Tower,0,2,20,0,22,0,0,41,0,41,0,2,61,0,63,74,0,74,137
08/27/2023,IXD,KS,ACE,CE,Federal Contract Tower,0,4,15,2,21,0,0,70,7,77,0,4,85,9,98,114,0,114,212
08/28/2023,IXD,KS,ACE,CE,Federal Contract Tower,0,3,21,1,25,0,0,121,4,125,0,3,142,5,150,200,0,200,350
08/29/2023,IXD,KS,ACE,CE,Federal Contract Tower,0,6,20,0,26,0,1,126,5,132,0,7,146,5,158,158,0,158,316
08/30/2023,IXD,KS,ACE,CE,Federal Contract Tower,0,5,24,0,29,0,0,115,4,119,0,5,139,4,148,208,2,210,358
08/31/2023,IXD,KS,ACE,CE,Federal Contract Tower,0,10,34,1,45,0,3,142,2,147,0,13,176,3,192,200,0,200,392
