01/01/2020,JAN,MS,ASO,CE,Combined TRACON& Tower with Radar,24,11,11,0,46,0,1,3,0,4,24,12,14,0,50,2,0,2,52
01/02/2020,JAN,MS,ASO,CE,Combined TRACON& Tower with Radar,33,11,3,0,47,0,0,0,0,0,33,11,3,0,47,0,0,0,47
01/03/2020,JAN,MS,ASO,CE,Combined TRACON& Tower with Radar,34,18,7,40,99,0,0,0,0,0,34,18,7,40,99,0,36,36,135
01/04/2020,JAN,MS,ASO,CE,Combined TRACON& Tower with Radar,31,9,16,1,57,0,2,7,0,9,31,11,23,1,66,0,0,0,66
01/05/2020,JAN,MS,ASO,CE,Combined TRACON& Tower with Radar,30,10,10,0,50,0,0,1,0,1,30,10,11,0,51,0,0,0,51
01/06/2020,JAN,MS,ASO,CE,Combined TRACON& Tower with Radar,38,22,17,26,103,1,0,0,1,2,39,22,17,27,105,0,110,110,215
01/07/2020,JAN,MS,ASO,CE,Combined TRACON& Tower with Radar,31,16,14,14,75,0,5,4,2,11,31,21,18,16,86,0,78,78,164
01/08/2020,JAN,MS,ASO,CE,Combined TRACON& Tower with Radar,32,24,19,28,103,0,1,4,6,11,32,25,23,34,114,0,100,100,214
01/09/2020,JAN,MS,ASO,CE,Combined TRACON& Tower with Radar,32,22,17,18,89,0,5,2,5,12,32,27,19,23,101,0,92,92,193
01/10/2020,JAN,MS,ASO,CE,Combined TRACON& Tower with Radar,31,22,5,24,82,0,2,0,0,2,31,24,5,24,84,0,4,4,88
01/11/2020,JAN,MS,ASO,CE,Combined TRACON& Tower with Radar,19,15,2,0,36,0,0,0,0,0,19,15,2,0,36,0,0,0,36
01/12/2020,JAN,MS,ASO,CE,Combined TRACON& Tower with Radar,32,25,6,7,70,0,1,2,0,3,32,26,8,7,73,8,0,8,81
01/13/2020,JAN,MS,ASO,CE,Combined TRACON& Tower with Radar,29,27,14,1,71,0,0,0,1,1,29,27,14,2,72,2,20,22,94
01/14/2020,JAN,MS,ASO,CE,Combined TRACON& Tower with Radar,30,21,14,1,66,0,0,0,0,0,30,21,14,1,66,0,0,0,66
01/15/2020,JAN,MS,ASO,CE,Combined TRACON& Tower with Radar,31,17,31,8,87,0,1,3,1,5,31,18,34,9,92,2,8,10,102
01/16/2020,JAN,MS,ASO,CE,Combined TRACON& Tower with Radar,40,17,22,2,81,0,4,0,1,5,40,21,22,3,86,0,6,6,92
01/17/2020,JAN,MS,ASO,CE,Combined TRACON& Tower with Radar,35,24,21,12,92,0,5,2,2,9,35,29,23,14,101,0,40,40,141
01/18/2020,JAN,MS,ASO,CE,Combined TRACON& Tower with Radar,19,12,3,6,40,0,0,1,0,1,19,12,4,6,41,0,0,0,41
01/19/2020,JAN,MS,ASO,CE,Combined TRACON& Tower with Radar,23,16,11,4,54,0,1,4,2,7,23,17,15,6,61,2,0,2,63
01/20/2020,JAN,MS,ASO,CE,Combined TRACON& Tower with Radar,28,19,13,9,69,0,3,0,0,3,28,22,13,9,72,14,8,22,94
01/21/2020,JAN,MS,ASO,CE,Combined TRACON& Tower with Radar,31,21,21,17,90,0,0,1,2,3,31,21,22,19,93,0,32,32,125
01/22/2020,JAN,MS,ASO,CE,Combined TRACON& Tower with Radar,31,23,33,34,121,0,1,4,5,10,31,24,37,39,131,0,114,114,245
01/23/2020,JAN,MS,ASO,CE,Combined TRACON& Tower with Radar,32,29,22,26,109,0,0,0,0,0,32,29,22,26,109,0,24,24,133
01/24/2020,JAN,MS,ASO,CE,Combined TRACON& Tower with Radar,33,21,24,15,93,0,0,4,2,6,33,21,28,17,99,2,68,70,169
01/25/2020,JAN,MS,ASO,CE,Combined TRACON& Tower with Radar,22,15,8,2,47,0,3,3,0,6,22,18,11,2,53,0,14,14,67
01/26/2020,JAN,MS,ASO,CE,Combined TRACON& Tower with Radar,33,15,7,2,57,0,0,0,0,0,33,15,7,2,57,0,0,0,57
01/27/2020,JAN,MS,ASO,CE,Combined TRACON& Tower with Radar,30,18,18,17,83,0,2,1,0,3,30,20,19,17,86,8,4,12,98
01/28/2020,JAN,MS,ASO,CE,Combined TRACON& Tower with Radar,31,19,26,29,105,0,1,0,0,1,31,20,26,29,106,0,92,92,198
01/29/2020,JAN,MS,ASO,CE,Combined TRACON& Tower with Radar,31,38,18,31,118,0,0,0,0,0,31,38,18,31,118,0,44,44,162
01/30/2020,JAN,MS,ASO,CE,Combined TRACON& Tower with Radar,34,23,16,9,82,0,4,3,0,7,34,27,19,9,89,0,4,4,93
01/31/2020,JAN,MS,ASO,CE,Combined TRACON& Tower with Radar,33,20,21,19,93,0,1,0,0,1,33,21,21,19,94,8,14,22,116
02/01/2020,JAN,MS,ASO,ES,Combined TRACON& Tower with Radar,21,15,3,16,55,0,4,3,0,7,21,19,6,16,62,0,20,20,82
02/02/2020,JAN,MS,ASO,ES,Combined TRACON& Tower with Radar,28,24,4,21,77,0,0,6,2,8,28,24,10,23,85,0,26,26,111
02/03/2020,JAN,MS,ASO,ES,Combined TRACON& Tower with Radar,31,19,21,29,100,0,1,3,4,8,31,20,24,33,108,0,84,84,192
02/04/2020,JAN,MS,ASO,ES,Combined TRACON& Tower with Radar,31,21,18,25,95,0,0,0,3,3,31,21,18,28,98,10,72,82,180
02/05/2020,JAN,MS,ASO,ES,Combined TRACON& Tower with Radar,29,22,14,13,78,0,0,0,0,0,29,22,14,13,78,0,14,14,92
02/06/2020,JAN,MS,ASO,ES,Combined TRACON& Tower with Radar,29,25,10,7,71,0,0,1,0,1,29,25,11,7,72,0,2,2,74
02/07/2020,JAN,MS,ASO,ES,Combined TRACON& Tower with Radar,33,27,21,38,119,0,6,5,13,24,33,33,26,51,143,2,98,100,243
02/08/2020,JAN,MS,ASO,ES,Combined TRACON& Tower with Radar,20,12,7,7,46,0,4,5,3,12,20,16,12,10,58,2,14,16,74
02/09/2020,JAN,MS,ASO,ES,Combined TRACON& Tower with Radar,34,15,9,6,64,0,1,3,1,5,34,16,12,7,69,6,6,12,81
02/10/2020,JAN,MS,ASO,ES,Combined TRACON& Tower with Radar,30,24,9,0,63,0,0,0,0,0,30,24,9,0,63,0,0,0,63
02/11/2020,JAN,MS,ASO,ES,Combined TRACON& Tower with Radar,37,15,15,11,78,0,0,0,0,0,37,15,15,11,78,0,0,0,78
02/12/2020,JAN,MS,ASO,ES,Combined TRACON& Tower with Radar,38,21,20,1,80,0,0,0,0,0,38,21,20,1,80,0,0,0,80
02/13/2020,JAN,MS,ASO,ES,Combined TRACON& Tower with Radar,32,16,33,44,125,0,0,0,2,2,32,16,33,46,127,4,72,76,203
02/14/2020,JAN,MS,ASO,ES,Combined TRACON& Tower with Radar,37,22,17,17,93,0,1,0,6,7,37,23,17,23,100,0,80,80,180
02/15/2020,JAN,MS,ASO,ES,Combined TRACON& Tower with Radar,18,11,4,5,38,0,0,2,2,4,18,11,6,7,42,6,18,24,66
02/16/2020,JAN,MS,ASO,ES,Combined TRACON& Tower with Radar,26,21,16,16,79,0,1,1,1,3,26,22,17,17,82,4,18,22,104
02/17/2020,JAN,MS,ASO,ES,Combined TRACON& Tower with Radar,33,21,24,4,82,0,0,0,0,0,33,21,24,4,82,6,2,8,90
02/18/2020,JAN,MS,ASO,ES,Combined TRACON& Tower with Radar,34,18,21,13,86,0,0,0,0,0,34,18,21,13,86,0,8,8,94
02/19/2020,JAN,MS,ASO,ES,Combined TRACON& Tower with Radar,33,24,29,10,96,0,0,0,0,0,33,24,29,10,96,0,8,8,104
02/20/2020,JAN,MS,ASO,ES,Combined TRACON& Tower with Radar,32,21,16,8,77,0,0,0,0,0,32,21,16,8,77,0,3,3,80
02/21/2020,JAN,MS,ASO,ES,Combined TRACON& Tower with Radar,34,18,12,23,87,0,2,3,8,13,34,20,15,31,100,0,62,62,162
02/22/2020,JAN,MS,ASO,ES,Combined TRACON& Tower with Radar,24,14,3,6,47,0,2,3,7,12,24,16,6,13,59,2,46,48,107
02/23/2020,JAN,MS,ASO,ES,Combined TRACON& Tower with Radar,32,18,4,28,82,0,4,4,1,9,32,22,8,29,91,0,40,40,131
02/24/2020,JAN,MS,ASO,ES,Combined TRACON& Tower with Radar,33,39,15,4,91,0,0,1,0,1,33,39,16,4,92,0,14,14,106
02/25/2020,JAN,MS,ASO,ES,Combined TRACON& Tower with Radar,33,28,17,30,108,0,3,1,8,12,33,31,18,38,120,0,120,120,240
02/26/2020,JAN,MS,ASO,ES,Combined TRACON& Tower with Radar,32,27,20,20,99,0,1,2,2,5,32,28,22,22,104,4,38,42,146
02/27/2020,JAN,MS,ASO,ES,Combined TRACON& Tower with Radar,31,23,23,27,104,0,2,14,6,22,31,25,37,33,126,8,122,130,256
02/28/2020,JAN,MS,ASO,ES,Combined TRACON& Tower with Radar,31,20,12,24,87,0,1,2,4,7,31,21,14,28,94,0,120,120,214
02/29/2020,JAN,MS,ASO,ES,Combined TRACON& Tower with Radar,24,16,14,0,54,0,4,1,2,7,24,20,15,2,61,0,6,6,67
03/01/2020,JAN,MS,ASO,ES,Combined TRACON& Tower with Radar,32,20,12,9,73,0,1,2,5,8,32,21,14,14,81,0,16,16,97
03/02/2020,JAN,MS,ASO,ES,Combined TRACON& Tower with Radar,33,26,15,17,91,0,1,1,0,2,33,27,16,17,93,0,16,16,109
03/03/2020,JAN,MS,ASO,ES,Combined TRACON& Tower with Radar,33,22,15,12,82,0,2,0,0,2,33,24,15,12,84,0,24,24,108
03/04/2020,JAN,MS,ASO,ES,Combined TRACON& Tower with Radar,32,24,11,4,71,0,0,0,0,0,32,24,11,4,71,0,0,0,71
03/05/2020,JAN,MS,ASO,ES,Combined TRACON& Tower with Radar,39,14,20,12,85,0,3,2,0,5,39,17,22,12,90,2,40,42,132
03/06/2020,JAN,MS,ASO,ES,Combined TRACON& Tower with Radar,38,19,13,27,97,0,3,5,5,13,38,22,18,32,110,0,100,100,210
03/07/2020,JAN,MS,ASO,ES,Combined TRACON& Tower with Radar,30,10,6,14,60,0,1,5,0,6,30,11,11,14,66,0,8,8,74
03/08/2020,JAN,MS,ASO,ES,Combined TRACON& Tower with Radar,38,14,12,10,74,0,3,0,8,11,38,17,12,18,85,12,20,32,117
03/09/2020,JAN,MS,ASO,ES,Combined TRACON& Tower with Radar,45,20,19,43,127,0,2,2,5,9,45,22,21,48,136,4,117,121,257
03/10/2020,JAN,MS,ASO,ES,Combined TRACON& Tower with Radar,33,20,17,27,97,0,0,0,0,0,33,20,17,27,97,2,14,16,113
03/11/2020,JAN,MS,ASO,ES,Combined TRACON& Tower with Radar,36,18,25,15,94,0,0,2,0,2,36,18,27,15,96,0,10,10,106
03/12/2020,JAN,MS,ASO,ES,Combined TRACON& Tower with Radar,37,19,16,42,114,0,0,1,11,12,37,19,17,53,126,0,60,60,186
03/13/2020,JAN,MS,ASO,ES,Combined TRACON& Tower with Radar,36,19,16,7,78,0,1,0,1,2,36,20,16,8,80,0,24,24,104
03/14/2020,JAN,MS,ASO,ES,Combined TRACON& Tower with Radar,26,5,9,2,42,0,1,2,0,3,26,6,11,2,45,4,2,6,51
03/15/2020,JAN,MS,ASO,ES,Combined TRACON& Tower with Radar,36,11,7,2,56,0,2,0,0,2,36,13,7,2,58,0,0,0,58
03/16/2020,JAN,MS,ASO,ES,Combined TRACON& Tower with Radar,35,20,12,19,86,0,4,3,3,10,35,24,15,22,96,4,113,117,213
03/17/2020,JAN,MS,ASO,ES,Combined TRACON& Tower with Radar,33,23,8,12,76,0,1,1,1,3,33,24,9,13,79,0,158,158,237
03/18/2020,JAN,MS,ASO,ES,Combined TRACON& Tower with Radar,35,21,10,32,98,0,0,1,1,2,35,21,11,33,100,8,86,94,194
03/19/2020,JAN,MS,ASO,ES,Combined TRACON& Tower with Radar,32,14,3,12,61,0,1,1,4,6,32,15,4,16,67,14,78,92,159
03/20/2020,JAN,MS,ASO,ES,Combined TRACON& Tower with Radar,32,13,4,2,51,0,0,1,0,1,32,13,5,2,52,0,0,0,52
03/21/2020,JAN,MS,ASO,ES,Combined TRACON& Tower with Radar,23,5,8,0,36,0,0,0,0,0,23,5,8,0,36,0,0,0,36
03/22/2020,JAN,MS,ASO,ES,Combined TRACON& Tower with Radar,21,8,3,1,33,0,0,0,0,0,21,8,3,1,33,0,0,0,33
03/23/2020,JAN,MS,ASO,ES,Combined TRACON& Tower with Radar,22,8,5,0,35,0,2,0,0,2,22,10,5,0,37,0,0,0,37
03/24/2020,JAN,MS,ASO,ES,Combined TRACON& Tower with Radar,23,6,3,16,48,0,0,0,3,3,23,6,3,19,51,0,74,74,125
03/25/2020,JAN,MS,ASO,ES,Combined TRACON& Tower with Radar,22,6,13,4,45,0,0,1,2,3,22,6,14,6,48,4,10,14,62
03/26/2020,JAN,MS,ASO,ES,Combined TRACON& Tower with Radar,18,10,3,12,43,0,1,4,2,7,18,11,7,14,50,8,122,130,180
03/27/2020,JAN,MS,ASO,ES,Combined TRACON& Tower with Radar,12,7,3,11,33,0,0,2,4,6,12,7,5,15,39,0,38,38,77
03/28/2020,JAN,MS,ASO,ES,Combined TRACON& Tower with Radar,11,3,0,17,31,0,2,0,6,8,11,5,0,23,39,6,80,86,125
03/29/2020,JAN,MS,ASO,ES,Combined TRACON& Tower with Radar,18,4,6,2,30,0,4,5,1,10,18,8,11,3,40,8,0,8,48
03/30/2020,JAN,MS,ASO,ES,Combined TRACON& Tower with Radar,18,6,11,8,43,0,0,2,3,5,18,6,13,11,48,4,72,76,124
03/31/2020,JAN,MS,ASO,ES,Combined TRACON& Tower with Radar,16,5,5,25,51,0,1,0,0,1,16,6,5,25,52,0,84,84,136
04/01/2020,JAN,MS,ASO,ES,Combined TRACON& Tower with Radar,16,5,2,16,39,0,0,4,1,5,16,5,6,17,44,2,60,62,106
04/02/2020,JAN,MS,ASO,ES,Combined TRACON& Tower with Radar,17,4,9,19,49,0,1,0,0,1,17,5,9,19,50,0,116,116,166
04/03/2020,JAN,MS,ASO,ES,Combined TRACON& Tower with Radar,16,4,0,21,41,0,2,2,1,5,16,6,2,22,46,0,60,60,106
04/04/2020,JAN,MS,ASO,ES,Combined TRACON& Tower with Radar,7,2,0,6,15,0,1,2,0,3,7,3,2,6,18,2,24,26,44
04/05/2020,JAN,MS,ASO,ES,Combined TRACON& Tower with Radar,12,3,3,0,18,0,1,1,0,2,12,4,4,0,20,0,0,0,20
04/06/2020,JAN,MS,ASO,ES,Combined TRACON& Tower with Radar,18,3,7,9,37,0,1,0,0,1,18,4,7,9,38,0,32,32,70
04/07/2020,JAN,MS,ASO,ES,Combined TRACON& Tower with Radar,16,4,1,0,21,0,1,0,0,1,16,5,1,0,22,0,0,0,22
04/08/2020,JAN,MS,ASO,ES,Combined TRACON& Tower with Radar,11,3,6,5,25,0,1,1,1,3,11,4,7,6,28,0,10,10,38
04/09/2020,JAN,MS,ASO,ES,Combined TRACON& Tower with Radar,15,3,2,19,39,0,0,6,0,6,15,3,8,19,45,12,152,164,209
04/10/2020,JAN,MS,ASO,ES,Combined TRACON& Tower with Radar,14,3,0,8,25,0,0,2,6,8,14,3,2,14,33,0,80,80,113
04/11/2020,JAN,MS,ASO,ES,Combined TRACON& Tower with Radar,12,4,3,7,26,0,1,3,1,5,12,5,6,8,31,0,62,62,93
04/12/2020,JAN,MS,ASO,ES,Combined TRACON& Tower with Radar,11,2,0,0,13,0,0,0,0,0,11,2,0,0,13,0,0,0,13
04/13/2020,JAN,MS,ASO,ES,Combined TRACON& Tower with Radar,12,4,6,15,37,0,2,2,0,4,12,6,8,15,41,0,90,90,131
04/14/2020,JAN,MS,ASO,ES,Combined TRACON& Tower with Radar,13,2,5,31,51,0,2,4,4,10,13,4,9,35,61,6,100,106,167
04/15/2020,JAN,MS,ASO,ES,Combined TRACON& Tower with Radar,12,9,13,17,51,0,2,2,4,8,12,11,15,21,59,0,90,90,149
04/16/2020,JAN,MS,ASO,ES,Combined TRACON& Tower with Radar,14,3,10,10,37,0,0,3,2,5,14,3,13,12,42,2,66,68,110
04/17/2020,JAN,MS,ASO,ES,Combined TRACON& Tower with Radar,12,4,4,13,33,0,2,6,4,12,12,6,10,17,45,0,36,36,81
04/18/2020,JAN,MS,ASO,ES,Combined TRACON& Tower with Radar,9,5,2,13,29,0,0,0,0,0,9,5,2,13,29,0,48,48,77
04/19/2020,JAN,MS,ASO,ES,Combined TRACON& Tower with Radar,10,6,1,0,17,0,0,0,0,0,10,6,1,0,17,0,0,0,17
04/20/2020,JAN,MS,ASO,ES,Combined TRACON& Tower with Radar,12,4,8,6,30,0,1,1,0,2,12,5,9,6,32,0,24,24,56
04/21/2020,JAN,MS,ASO,ES,Combined TRACON& Tower with Radar,10,4,3,13,30,0,1,5,0,6,10,5,8,13,36,0,50,50,86
04/22/2020,JAN,MS,ASO,ES,Combined TRACON& Tower with Radar,12,2,5,11,30,0,0,0,3,3,12,2,5,14,33,0,70,70,103
04/23/2020,JAN,MS,ASO,ES,Combined TRACON& Tower with Radar,10,6,5,6,27,0,0,1,9,10,10,6,6,15,37,0,22,22,59
04/24/2020,JAN,MS,ASO,ES,Combined TRACON& Tower with Radar,17,2,9,21,49,0,4,6,2,12,17,6,15,23,61,8,64,72,133
04/25/2020,JAN,MS,ASO,ES,Combined TRACON& Tower with Radar,10,2,7,22,41,0,0,0,1,1,10,2,7,23,42,0,26,26,68
04/26/2020,JAN,MS,ASO,ES,Combined TRACON& Tower with Radar,10,6,6,8,30,0,7,9,0,16,10,13,15,8,46,8,10,18,64
04/27/2020,JAN,MS,ASO,ES,Combined TRACON& Tower with Radar,11,2,7,18,38,0,1,5,4,10,11,3,12,22,48,0,84,84,132
04/28/2020,JAN,MS,ASO,ES,Combined TRACON& Tower with Radar,6,5,7,2,20,0,0,3,0,3,6,5,10,2,23,6,12,18,41
04/29/2020,JAN,MS,ASO,ES,Combined TRACON& Tower with Radar,8,2,5,6,21,0,2,1,0,3,8,4,6,6,24,0,14,14,38
04/30/2020,JAN,MS,ASO,ES,Combined TRACON& Tower with Radar,6,7,16,17,46,0,3,8,0,11,6,10,24,17,57,24,54,78,135
05/01/2020,JAN,MS,ASO,ES,Combined TRACON& Tower with Radar,8,3,9,19,39,0,1,5,4,10,8,4,14,23,49,12,74,86,135
05/02/2020,JAN,MS,ASO,ES,Combined TRACON& Tower with Radar,8,2,8,45,63,0,0,2,1,3,8,2,10,46,66,0,68,68,134
05/03/2020,JAN,MS,ASO,ES,Combined TRACON& Tower with Radar,9,2,2,0,13,0,2,5,0,7,9,4,7,0,20,0,0,0,20
05/04/2020,JAN,MS,ASO,ES,Combined TRACON& Tower with Radar,9,3,8,26,46,0,2,12,0,14,9,5,20,26,60,8,78,86,146
05/05/2020,JAN,MS,ASO,ES,Combined TRACON& Tower with Radar,9,2,4,9,24,0,0,2,1,3,9,2,6,10,27,0,8,8,35
05/06/2020,JAN,MS,ASO,ES,Combined TRACON& Tower with Radar,8,4,4,14,30,0,1,1,0,2,8,5,5,14,32,0,116,116,148
05/07/2020,JAN,MS,ASO,ES,Combined TRACON& Tower with Radar,9,7,15,42,73,0,2,7,2,11,9,9,22,44,84,14,78,92,176
05/08/2020,JAN,MS,ASO,ES,Combined TRACON& Tower with Radar,10,4,6,3,23,0,1,0,1,2,10,5,6,4,25,0,2,2,27
05/09/2020,JAN,MS,ASO,ES,Combined TRACON& Tower with Radar,10,3,1,3,17,0,2,1,1,4,10,5,2,4,21,0,2,2,23
05/10/2020,JAN,MS,ASO,ES,Combined TRACON& Tower with Radar,11,7,9,1,28,0,0,5,1,6,11,7,14,2,34,0,6,6,40
05/11/2020,JAN,MS,ASO,ES,Combined TRACON& Tower with Radar,11,7,13,4,35,0,0,8,1,9,11,7,21,5,44,2,30,32,76
05/12/2020,JAN,MS,ASO,ES,Combined TRACON& Tower with Radar,10,13,9,28,60,0,0,5,2,7,10,13,14,30,67,2,74,76,143
05/13/2020,JAN,MS,ASO,ES,Combined TRACON& Tower with Radar,10,5,14,20,49,0,2,3,6,11,10,7,17,26,60,0,74,74,134
05/14/2020,JAN,MS,ASO,ES,Combined TRACON& Tower with Radar,10,12,12,16,50,0,0,1,0,1,10,12,13,16,51,0,18,18,69
05/15/2020,JAN,MS,ASO,ES,Combined TRACON& Tower with Radar,10,5,6,13,34,0,1,2,0,3,10,6,8,13,37,0,28,28,65
05/16/2020,JAN,MS,ASO,ES,Combined TRACON& Tower with Radar,10,3,10,4,27,0,1,5,0,6,10,4,15,4,33,8,14,22,55
05/17/2020,JAN,MS,ASO,ES,Combined TRACON& Tower with Radar,11,5,7,10,33,0,1,1,0,2,11,6,8,10,35,0,14,14,49
05/18/2020,JAN,MS,ASO,ES,Combined TRACON& Tower with Radar,11,8,11,22,52,0,1,2,5,8,11,9,13,27,60,0,72,72,132
05/19/2020,JAN,MS,ASO,ES,Combined TRACON& Tower with Radar,10,7,8,29,54,0,3,6,6,15,10,10,14,35,69,6,62,68,137
05/20/2020,JAN,MS,ASO,ES,Combined TRACON& Tower with Radar,10,13,12,29,64,0,0,1,0,1,10,13,13,29,65,0,110,110,175
05/21/2020,JAN,MS,ASO,ES,Combined TRACON& Tower with Radar,10,12,25,24,71,0,2,1,9,12,10,14,26,33,83,4,54,58,141
05/22/2020,JAN,MS,ASO,ES,Combined TRACON& Tower with Radar,10,10,12,4,36,0,1,0,0,1,10,11,12,4,37,2,8,10,47
05/23/2020,JAN,MS,ASO,ES,Combined TRACON& Tower with Radar,10,6,5,0,21,0,0,0,0,0,10,6,5,0,21,0,0,0,21
05/24/2020,JAN,MS,ASO,ES,Combined TRACON& Tower with Radar,11,4,3,0,18,0,1,3,0,4,11,5,6,0,22,2,0,2,24
05/25/2020,JAN,MS,ASO,ES,Combined TRACON& Tower with Radar,12,5,11,2,30,0,4,2,0,6,12,9,13,2,36,0,0,0,36
05/26/2020,JAN,MS,ASO,ES,Combined TRACON& Tower with Radar,10,6,19,4,39,0,1,2,0,3,10,7,21,4,42,2,0,2,44
05/27/2020,JAN,MS,ASO,ES,Combined TRACON& Tower with Radar,9,10,14,16,49,0,2,1,0,3,9,12,15,16,52,0,46,46,98
05/28/2020,JAN,MS,ASO,ES,Combined TRACON& Tower with Radar,10,5,22,23,60,0,2,4,2,8,10,7,26,25,68,4,94,98,166
05/29/2020,JAN,MS,ASO,ES,Combined TRACON& Tower with Radar,11,10,21,48,90,0,4,3,16,23,11,14,24,64,113,8,152,160,273
05/30/2020,JAN,MS,ASO,ES,Combined TRACON& Tower with Radar,10,5,8,8,31,0,0,11,0,11,10,5,19,8,42,0,8,8,50
05/31/2020,JAN,MS,ASO,ES,Combined TRACON& Tower with Radar,11,4,11,16,42,0,0,17,0,17,11,4,28,16,59,20,20,40,99
06/01/2020,JAN,MS,ASO,ES,Combined TRACON& Tower with Radar,9,9,15,32,65,0,3,5,0,8,9,12,20,32,73,20,86,106,179
06/02/2020,JAN,MS,ASO,ES,Combined TRACON& Tower with Radar,10,14,11,36,71,0,2,0,9,11,10,16,11,45,82,0,98,98,180
06/03/2020,JAN,MS,ASO,ES,Combined TRACON& Tower with Radar,11,7,17,11,46,0,0,2,1,3,11,7,19,12,49,10,24,34,83
06/04/2020,JAN,MS,ASO,ES,Combined TRACON& Tower with Radar,10,7,6,42,65,0,1,1,5,7,10,8,7,47,72,0,60,60,132
06/05/2020,JAN,MS,ASO,ES,Combined TRACON& Tower with Radar,13,9,13,49,84,0,2,1,5,8,13,11,14,54,92,4,94,98,190
06/06/2020,JAN,MS,ASO,ES,Combined TRACON& Tower with Radar,17,4,15,19,55,0,1,9,0,10,17,5,24,19,65,14,14,28,93
06/07/2020,JAN,MS,ASO,ES,Combined TRACON& Tower with Radar,11,6,5,8,30,0,0,0,0,0,11,6,5,8,30,0,0,0,30
06/08/2020,JAN,MS,ASO,ES,Combined TRACON& Tower with Radar,11,7,5,1,24,0,0,0,0,0,11,7,5,1,24,0,0,0,24
06/09/2020,JAN,MS,ASO,ES,Combined TRACON& Tower with Radar,12,13,13,54,92,0,0,2,2,4,12,13,15,56,96,6,80,86,182
06/10/2020,JAN,MS,ASO,ES,Combined TRACON& Tower with Radar,11,10,12,51,84,0,1,4,6,11,11,11,16,57,95,4,66,70,165
06/11/2020,JAN,MS,ASO,ES,Combined TRACON& Tower with Radar,10,9,14,30,63,0,2,2,4,8,10,11,16,34,71,0,36,36,107
06/12/2020,JAN,MS,ASO,ES,Combined TRACON& Tower with Radar,10,15,20,15,60,0,5,2,3,10,10,20,22,18,70,0,102,102,172
06/13/2020,JAN,MS,ASO,ES,Combined TRACON& Tower with Radar,11,14,2,0,27,0,0,2,1,3,11,14,4,1,30,4,14,18,48
06/14/2020,JAN,MS,ASO,ES,Combined TRACON& Tower with Radar,11,5,10,10,36,0,3,6,0,9,11,8,16,10,45,0,14,14,59
06/15/2020,JAN,MS,ASO,ES,Combined TRACON& Tower with Radar,11,10,15,26,62,0,2,2,2,6,11,12,17,28,68,4,124,128,196
06/16/2020,JAN,MS,ASO,ES,Combined TRACON& Tower with Radar,10,6,12,10,38,0,2,6,1,9,10,8,18,11,47,0,50,50,97
06/17/2020,JAN,MS,ASO,ES,Combined TRACON& Tower with Radar,10,14,20,30,74,0,0,6,0,6,10,14,26,30,80,6,102,108,188
06/18/2020,JAN,MS,ASO,ES,Combined TRACON& Tower with Radar,10,8,13,16,47,0,0,5,1,6,10,8,18,17,53,4,38,42,95
06/19/2020,JAN,MS,ASO,ES,Combined TRACON& Tower with Radar,12,12,14,33,71,0,2,8,2,12,12,14,22,35,83,12,26,38,121
06/20/2020,JAN,MS,ASO,ES,Combined TRACON& Tower with Radar,10,6,17,0,33,0,1,3,0,4,10,7,20,0,37,4,0,4,41
06/21/2020,JAN,MS,ASO,ES,Combined TRACON& Tower with Radar,11,6,7,0,24,0,4,0,1,5,11,10,7,1,29,0,0,0,29
06/22/2020,JAN,MS,ASO,ES,Combined TRACON& Tower with Radar,11,13,14,29,67,0,0,1,4,5,11,13,15,33,72,0,40,40,112
06/23/2020,JAN,MS,ASO,ES,Combined TRACON& Tower with Radar,10,10,19,25,64,0,3,5,2,10,10,13,24,27,74,0,12,12,86
06/24/2020,JAN,MS,ASO,ES,Combined TRACON& Tower with Radar,10,10,23,17,60,0,0,0,1,1,10,10,23,18,61,0,14,14,75
06/25/2020,JAN,MS,ASO,ES,Combined TRACON& Tower with Radar,12,8,28,30,78,0,3,0,1,4,12,11,28,31,82,0,46,46,128
06/26/2020,JAN,MS,ASO,ES,Combined TRACON& Tower with Radar,10,13,17,31,71,0,1,2,0,3,10,14,19,31,74,2,50,52,126
06/27/2020,JAN,MS,ASO,ES,Combined TRACON& Tower with Radar,10,5,14,10,39,0,1,2,0,3,10,6,16,10,42,8,10,18,60
06/28/2020,JAN,MS,ASO,ES,Combined TRACON& Tower with Radar,11,11,9,0,31,0,0,1,1,2,11,11,10,1,33,10,0,10,43
06/29/2020,JAN,MS,ASO,ES,Combined TRACON& Tower with Radar,11,9,21,47,88,0,2,2,3,7,11,11,23,50,95,2,128,130,225
06/30/2020,JAN,MS,ASO,ES,Combined TRACON& Tower with Radar,12,11,15,40,78,0,1,1,2,4,12,12,16,42,82,2,176,178,260
07/01/2020,JAN,MS,ASO,ES,Combined TRACON& Tower with Radar,10,9,25,12,56,0,0,2,0,2,10,9,27,12,58,4,8,12,70
07/02/2020,JAN,MS,ASO,ES,Combined TRACON& Tower with Radar,11,7,19,12,49,0,1,3,0,4,11,8,22,12,53,0,0,0,53
07/03/2020,JAN,MS,ASO,ES,Combined TRACON& Tower with Radar,10,8,8,5,31,0,0,7,0,7,10,8,15,5,38,0,0,0,38
07/04/2020,JAN,MS,ASO,ES,Combined TRACON& Tower with Radar,12,3,5,4,24,0,3,0,0,3,12,6,5,4,27,0,2,2,29
07/05/2020,JAN,MS,ASO,ES,Combined TRACON& Tower with Radar,11,12,12,0,35,0,0,2,0,2,11,12,14,0,37,0,0,0,37
07/06/2020,JAN,MS,ASO,ES,Combined TRACON& Tower with Radar,11,12,14,0,37,0,2,1,2,5,11,14,15,2,42,0,0,0,42
07/07/2020,JAN,MS,ASO,ES,Combined TRACON& Tower with Radar,15,10,7,15,47,0,0,0,3,3,15,10,7,18,50,0,0,0,50
07/08/2020,JAN,MS,ASO,ES,Combined TRACON& Tower with Radar,15,6,7,7,35,0,1,0,0,1,15,7,7,7,36,0,0,0,36
07/09/2020,JAN,MS,ASO,ES,Combined TRACON& Tower with Radar,16,12,9,23,60,0,2,1,3,6,16,14,10,26,66,2,64,66,132
07/10/2020,JAN,MS,ASO,ES,Combined TRACON& Tower with Radar,17,10,16,11,54,0,3,1,4,8,17,13,17,15,62,0,58,58,120
07/11/2020,JAN,MS,ASO,ES,Combined TRACON& Tower with Radar,15,7,12,8,42,0,1,4,7,12,15,8,16,15,54,2,2,4,58
07/12/2020,JAN,MS,ASO,ES,Combined TRACON& Tower with Radar,18,5,10,1,34,1,1,2,4,8,19,6,12,5,42,4,6,10,52
07/13/2020,JAN,MS,ASO,ES,Combined TRACON& Tower with Radar,17,7,11,14,49,0,1,1,1,3,17,8,12,15,52,4,40,44,96
07/14/2020,JAN,MS,ASO,ES,Combined TRACON& Tower with Radar,15,7,11,19,52,0,1,3,3,7,15,8,14,22,59,0,102,102,161
07/15/2020,JAN,MS,ASO,ES,Combined TRACON& Tower with Radar,14,18,16,21,69,0,1,1,3,5,14,19,17,24,74,6,68,74,148
07/16/2020,JAN,MS,ASO,ES,Combined TRACON& Tower with Radar,16,14,15,50,95,1,2,3,5,11,17,16,18,55,106,4,110,114,220
07/17/2020,JAN,MS,ASO,ES,Combined TRACON& Tower with Radar,17,24,12,23,76,0,4,5,1,10,17,28,17,24,86,0,78,78,164
07/18/2020,JAN,MS,ASO,ES,Combined TRACON& Tower with Radar,15,9,8,9,41,0,2,2,0,4,15,11,10,9,45,8,8,16,61
07/19/2020,JAN,MS,ASO,ES,Combined TRACON& Tower with Radar,18,14,10,7,49,1,0,1,0,2,19,14,11,7,51,0,24,24,75
07/20/2020,JAN,MS,ASO,ES,Combined TRACON& Tower with Radar,19,9,11,28,67,0,2,1,9,12,19,11,12,37,79,0,132,132,211
07/21/2020,JAN,MS,ASO,ES,Combined TRACON& Tower with Radar,13,17,8,17,55,0,4,5,2,11,13,21,13,19,66,4,90,94,160
07/22/2020,JAN,MS,ASO,ES,Combined TRACON& Tower with Radar,15,11,18,30,74,0,0,1,15,16,15,11,19,45,90,2,102,104,194
07/23/2020,JAN,MS,ASO,ES,Combined TRACON& Tower with Radar,17,5,12,18,52,0,4,3,10,17,17,9,15,28,69,0,116,116,185
07/24/2020,JAN,MS,ASO,ES,Combined TRACON& Tower with Radar,19,9,12,8,48,0,0,2,0,2,19,9,14,8,50,2,6,8,58
07/25/2020,JAN,MS,ASO,ES,Combined TRACON& Tower with Radar,15,8,2,2,27,0,1,2,0,3,15,9,4,2,30,0,0,0,30
07/26/2020,JAN,MS,ASO,ES,Combined TRACON& Tower with Radar,18,5,10,3,36,0,0,5,4,9,18,5,15,7,45,0,22,22,67
07/27/2020,JAN,MS,ASO,ES,Combined TRACON& Tower with Radar,18,7,12,5,42,0,1,1,0,2,18,8,13,5,44,0,4,4,48
07/28/2020,JAN,MS,ASO,ES,Combined TRACON& Tower with Radar,15,9,14,15,53,0,2,0,0,2,15,11,14,15,55,0,32,32,87
07/29/2020,JAN,MS,ASO,ES,Combined TRACON& Tower with Radar,14,10,15,28,67,1,4,0,2,7,15,14,15,30,74,0,84,84,158
07/30/2020,JAN,MS,ASO,ES,Combined TRACON& Tower with Radar,15,9,24,20,68,0,2,3,4,9,15,11,27,24,77,2,66,68,145
07/31/2020,JAN,MS,ASO,ES,Combined TRACON& Tower with Radar,18,10,13,16,57,0,1,0,0,1,18,11,13,16,58,8,48,56,114
08/01/2020,JAN,MS,ASO,ES,Combined TRACON& Tower with Radar,16,5,14,5,40,0,0,2,0,2,16,5,16,5,42,0,0,0,42
08/02/2020,JAN,MS,ASO,ES,Combined TRACON& Tower with Radar,20,5,18,7,50,0,0,8,0,8,20,5,26,7,58,8,2,10,68
08/03/2020,JAN,MS,ASO,ES,Combined TRACON& Tower with Radar,18,8,8,8,42,0,0,4,0,4,18,8,12,8,46,2,80,82,128
08/04/2020,JAN,MS,ASO,ES,Combined TRACON& Tower with Radar,14,4,13,21,52,0,1,2,2,5,14,5,15,23,57,0,70,70,127
08/05/2020,JAN,MS,ASO,ES,Combined TRACON& Tower with Radar,14,22,23,25,84,0,3,5,3,11,14,25,28,28,95,14,106,120,215
08/06/2020,JAN,MS,ASO,ES,Combined TRACON& Tower with Radar,18,9,15,33,75,0,0,3,4,7,18,9,18,37,82,0,142,142,224
08/07/2020,JAN,MS,ASO,ES,Combined TRACON& Tower with Radar,18,6,11,26,61,0,0,4,3,7,18,6,15,29,68,0,56,56,124
08/08/2020,JAN,MS,ASO,ES,Combined TRACON& Tower with Radar,16,5,7,4,32,0,0,4,4,8,16,5,11,8,40,0,2,2,42
08/09/2020,JAN,MS,ASO,ES,Combined TRACON& Tower with Radar,20,5,15,3,43,0,0,5,0,5,20,5,20,3,48,4,0,4,52
08/10/2020,JAN,MS,ASO,ES,Combined TRACON& Tower with Radar,18,9,14,30,71,0,2,4,6,12,18,11,18,36,83,0,80,80,163
08/11/2020,JAN,MS,ASO,ES,Combined TRACON& Tower with Radar,14,11,19,23,67,0,2,2,4,8,14,13,21,27,75,16,158,174,249
08/12/2020,JAN,MS,ASO,ES,Combined TRACON& Tower with Radar,14,21,28,20,83,0,1,5,4,10,14,22,33,24,93,0,58,58,151
08/13/2020,JAN,MS,ASO,ES,Combined TRACON& Tower with Radar,18,15,13,37,83,0,1,0,2,3,18,16,13,39,86,0,122,122,208
08/14/2020,JAN,MS,ASO,ES,Combined TRACON& Tower with Radar,18,8,4,13,43,0,1,1,0,2,18,9,5,13,45,0,34,34,79
08/15/2020,JAN,MS,ASO,ES,Combined TRACON& Tower with Radar,16,7,5,0,28,0,2,11,2,15,16,9,16,2,43,2,0,2,45
08/16/2020,JAN,MS,ASO,ES,Combined TRACON& Tower with Radar,19,7,14,8,48,0,0,0,0,0,19,7,14,8,48,0,18,18,66
08/17/2020,JAN,MS,ASO,ES,Combined TRACON& Tower with Radar,18,14,12,28,72,0,2,3,1,6,18,16,15,29,78,0,114,114,192
08/18/2020,JAN,MS,ASO,ES,Combined TRACON& Tower with Radar,14,9,18,34,75,0,3,3,5,11,14,12,21,39,86,0,40,40,126
08/19/2020,JAN,MS,ASO,ES,Combined TRACON& Tower with Radar,14,10,17,46,87,0,0,9,2,11,14,10,26,48,98,10,90,100,198
08/20/2020,JAN,MS,ASO,ES,Combined TRACON& Tower with Radar,18,7,17,31,73,0,1,3,1,5,18,8,20,32,78,0,24,24,102
08/21/2020,JAN,MS,ASO,ES,Combined TRACON& Tower with Radar,18,7,12,2,39,0,0,2,0,2,18,7,14,2,41,0,0,0,41
08/22/2020,JAN,MS,ASO,ES,Combined TRACON& Tower with Radar,16,6,13,10,45,0,0,1,0,1,16,6,14,10,46,0,0,0,46
08/23/2020,JAN,MS,ASO,ES,Combined TRACON& Tower with Radar,20,6,12,9,47,0,0,3,0,3,20,6,15,9,50,0,0,0,50
08/24/2020,JAN,MS,ASO,ES,Combined TRACON& Tower with Radar,20,5,7,39,71,0,2,3,7,12,20,7,10,46,83,0,12,12,95
08/25/2020,JAN,MS,ASO,ES,Combined TRACON& Tower with Radar,15,3,10,8,36,0,0,0,0,0,15,3,10,8,36,0,4,4,40
08/26/2020,JAN,MS,ASO,ES,Combined TRACON& Tower with Radar,13,2,9,16,40,0,1,2,1,4,13,3,11,17,44,4,38,42,86
08/27/2020,JAN,MS,ASO,ES,Combined TRACON& Tower with Radar,20,4,4,11,39,0,0,0,0,0,20,4,4,11,39,0,18,18,57
08/28/2020,JAN,MS,ASO,ES,Combined TRACON& Tower with Radar,20,6,4,2,32,0,1,2,1,4,20,7,6,3,36,0,6,6,42
08/29/2020,JAN,MS,ASO,ES,Combined TRACON& Tower with Radar,16,5,16,5,42,0,0,4,0,4,16,5,20,5,46,12,6,18,64
08/30/2020,JAN,MS,ASO,ES,Combined TRACON& Tower with Radar,20,9,7,3,39,0,0,0,0,0,20,9,7,3,39,0,6,6,45
08/31/2020,JAN,MS,ASO,ES,Combined TRACON& Tower with Radar,20,14,12,16,62,0,2,1,1,4,20,16,13,17,66,0,14,14,80
09/01/2020,JAN,MS,ASO,ES,Combined TRACON& Tower with Radar,12,6,21,42,81,0,0,1,5,6,12,6,22,47,87,2,34,36,123
09/02/2020,JAN,MS,ASO,ES,Combined TRACON& Tower with Radar,17,13,31,27,88,0,3,3,2,8,17,16,34,29,96,0,10,10,106
09/03/2020,JAN,MS,ASO,ES,Combined TRACON& Tower with Radar,18,8,11,45,82,0,2,2,4,8,18,10,13,49,90,0,26,26,116
09/04/2020,JAN,MS,ASO,ES,Combined TRACON& Tower with Radar,18,10,14,3,45,0,3,3,0,6,18,13,17,3,51,0,0,0,51
09/05/2020,JAN,MS,ASO,ES,Combined TRACON& Tower with Radar,16,7,8,2,33,0,1,2,0,3,16,8,10,2,36,0,0,0,36
09/06/2020,JAN,MS,ASO,ES,Combined TRACON& Tower with Radar,18,6,4,9,37,0,0,4,1,5,18,6,8,10,42,0,0,0,42
09/07/2020,JAN,MS,ASO,ES,Combined TRACON& Tower with Radar,15,13,20,0,48,0,0,5,0,5,15,13,25,0,53,4,0,4,57
09/08/2020,JAN,MS,ASO,ES,Combined TRACON& Tower with Radar,15,10,16,26,67,0,3,3,7,13,15,13,19,33,80,0,76,76,156
09/09/2020,JAN,MS,ASO,ES,Combined TRACON& Tower with Radar,13,14,24,24,75,0,0,3,7,10,13,14,27,31,85,0,40,40,125
09/10/2020,JAN,MS,ASO,ES,Combined TRACON& Tower with Radar,14,13,23,26,76,0,1,2,3,6,14,14,25,29,82,0,92,92,174
09/11/2020,JAN,MS,ASO,ES,Combined TRACON& Tower with Radar,15,20,10,11,56,0,0,3,5,8,15,20,13,16,64,0,102,102,166
09/12/2020,JAN,MS,ASO,ES,Combined TRACON& Tower with Radar,14,7,9,16,46,0,2,1,2,5,14,9,10,18,51,2,24,26,77
09/13/2020,JAN,MS,ASO,ES,Combined TRACON& Tower with Radar,15,7,11,20,53,0,3,2,0,5,15,10,13,20,58,0,14,14,72
09/14/2020,JAN,MS,ASO,ES,Combined TRACON& Tower with Radar,15,15,12,43,85,0,0,2,0,2,15,15,14,43,87,2,110,112,199
09/15/2020,JAN,MS,ASO,ES,Combined TRACON& Tower with Radar,15,12,7,21,55,0,0,1,2,3,15,12,8,23,58,0,34,34,92
09/16/2020,JAN,MS,ASO,ES,Combined TRACON& Tower with Radar,15,8,11,44,78,0,2,1,1,4,15,10,12,45,82,2,46,48,130
09/17/2020,JAN,MS,ASO,ES,Combined TRACON& Tower with Radar,17,13,26,50,106,0,0,16,3,19,17,13,42,53,125,10,66,76,201
09/18/2020,JAN,MS,ASO,ES,Combined TRACON& Tower with Radar,18,15,12,21,66,0,0,4,9,13,18,15,16,30,79,2,22,24,103
09/19/2020,JAN,MS,ASO,ES,Combined TRACON& Tower with Radar,17,7,8,9,41,0,1,1,2,4,17,8,9,11,45,2,8,10,55
09/20/2020,JAN,MS,ASO,ES,Combined TRACON& Tower with Radar,17,8,16,9,50,0,4,0,0,4,17,12,16,9,54,0,6,6,60
09/21/2020,JAN,MS,ASO,ES,Combined TRACON& Tower with Radar,20,15,16,17,68,0,0,1,1,2,20,15,17,18,70,0,62,62,132
09/22/2020,JAN,MS,ASO,ES,Combined TRACON& Tower with Radar,16,12,9,22,59,0,2,2,3,7,16,14,11,25,66,0,44,44,110
09/23/2020,JAN,MS,ASO,ES,Combined TRACON& Tower with Radar,17,9,22,8,56,0,0,0,0,0,17,9,22,8,56,0,0,0,56
09/24/2020,JAN,MS,ASO,ES,Combined TRACON& Tower with Radar,17,13,17,12,59,0,0,0,0,0,17,13,17,12,59,0,0,0,59
09/25/2020,JAN,MS,ASO,ES,Combined TRACON& Tower with Radar,18,23,28,15,84,0,1,1,0,2,18,24,29,15,86,2,46,48,134
09/26/2020,JAN,MS,ASO,ES,Combined TRACON& Tower with Radar,17,7,16,3,43,0,2,3,1,6,17,9,19,4,49,2,14,16,65
09/27/2020,JAN,MS,ASO,ES,Combined TRACON& Tower with Radar,17,10,29,5,61,0,6,6,1,13,17,16,35,6,74,0,6,6,80
09/28/2020,JAN,MS,ASO,ES,Combined TRACON& Tower with Radar,20,11,14,17,62,0,0,0,0,0,20,11,14,17,62,0,12,12,74
09/29/2020,JAN,MS,ASO,ES,Combined TRACON& Tower with Radar,16,13,25,37,91,0,2,1,2,5,16,15,26,39,96,0,46,46,142
09/30/2020,JAN,MS,ASO,ES,Combined TRACON& Tower with Radar,19,13,30,14,76,0,2,4,8,14,19,15,34,22,90,0,0,0,90
10/01/2020,JAN,MS,ASO,ES,Combined TRACON& Tower with Radar,17,15,24,18,74,0,3,4,7,14,17,18,28,25,88,0,28,28,116
10/02/2020,JAN,MS,ASO,ES,Combined TRACON& Tower with Radar,17,18,22,24,81,0,0,16,5,21,17,18,38,29,102,4,8,12,114
10/03/2020,JAN,MS,ASO,ES,Combined TRACON& Tower with Radar,16,7,4,11,38,1,1,2,0,4,17,8,6,11,42,0,4,4,46
10/04/2020,JAN,MS,ASO,ES,Combined TRACON& Tower with Radar,17,14,7,3,41,0,1,9,0,10,17,15,16,3,51,4,0,4,55
10/05/2020,JAN,MS,ASO,ES,Combined TRACON& Tower with Radar,19,12,21,20,72,0,1,4,1,6,19,13,25,21,78,8,38,46,124
10/06/2020,JAN,MS,ASO,ES,Combined TRACON& Tower with Radar,23,11,21,23,78,0,2,4,8,14,23,13,25,31,92,0,46,46,138
10/07/2020,JAN,MS,ASO,ES,Combined TRACON& Tower with Radar,25,16,22,26,89,0,1,5,7,13,25,17,27,33,102,2,70,72,174
10/08/2020,JAN,MS,ASO,ES,Combined TRACON& Tower with Radar,21,11,15,23,70,0,1,2,0,3,21,12,17,23,73,0,20,20,93
10/09/2020,JAN,MS,ASO,ES,Combined TRACON& Tower with Radar,23,11,2,4,40,0,3,0,0,3,23,14,2,4,43,0,2,2,45
10/10/2020,JAN,MS,ASO,ES,Combined TRACON& Tower with Radar,18,4,2,0,24,0,0,0,0,0,18,4,2,0,24,0,0,0,24
10/11/2020,JAN,MS,ASO,ES,Combined TRACON& Tower with Radar,21,14,7,3,45,0,0,0,0,0,21,14,7,3,45,10,0,10,55
10/12/2020,JAN,MS,ASO,ES,Combined TRACON& Tower with Radar,21,12,27,1,61,0,3,4,0,7,21,15,31,1,68,0,0,0,68
10/13/2020,JAN,MS,ASO,ES,Combined TRACON& Tower with Radar,20,10,23,29,82,0,3,10,19,32,20,13,33,48,114,2,144,146,260
10/14/2020,JAN,MS,ASO,ES,Combined TRACON& Tower with Radar,20,13,15,22,70,0,3,10,6,19,20,16,25,28,89,2,76,78,167
10/15/2020,JAN,MS,ASO,ES,Combined TRACON& Tower with Radar,29,17,27,52,125,1,3,5,6,15,30,20,32,58,140,16,88,104,244
10/16/2020,JAN,MS,ASO,ES,Combined TRACON& Tower with Radar,37,12,21,9,79,0,7,4,8,19,37,19,25,17,98,0,62,62,160
10/17/2020,JAN,MS,ASO,ES,Combined TRACON& Tower with Radar,19,8,11,3,41,0,1,9,1,11,19,9,20,4,52,10,0,10,62
10/18/2020,JAN,MS,ASO,ES,Combined TRACON& Tower with Radar,20,19,20,18,77,0,4,14,3,21,20,23,34,21,98,16,24,40,138
10/19/2020,JAN,MS,ASO,ES,Combined TRACON& Tower with Radar,23,19,14,44,100,0,3,5,3,11,23,22,19,47,111,8,60,68,179
10/20/2020,JAN,MS,ASO,ES,Combined TRACON& Tower with Radar,17,12,32,49,110,0,5,11,9,25,17,17,43,58,135,6,104,110,245
10/21/2020,JAN,MS,ASO,ES,Combined TRACON& Tower with Radar,17,14,29,29,89,0,0,11,6,17,17,14,40,35,106,8,78,86,192
10/22/2020,JAN,MS,ASO,ES,Combined TRACON& Tower with Radar,20,27,32,71,150,0,2,3,15,20,20,29,35,86,170,0,46,46,216
10/23/2020,JAN,MS,ASO,ES,Combined TRACON& Tower with Radar,23,24,17,67,131,0,1,2,8,11,23,25,19,75,142,8,146,154,296
10/24/2020,JAN,MS,ASO,ES,Combined TRACON& Tower with Radar,16,8,14,0,38,0,0,0,0,0,16,8,14,0,38,0,0,0,38
10/25/2020,JAN,MS,ASO,ES,Combined TRACON& Tower with Radar,18,21,21,1,61,0,0,2,0,2,18,21,23,1,63,0,0,0,63
10/26/2020,JAN,MS,ASO,ES,Combined TRACON& Tower with Radar,20,16,24,39,99,0,2,6,5,13,20,18,30,44,112,4,60,64,176
10/27/2020,JAN,MS,ASO,ES,Combined TRACON& Tower with Radar,17,26,22,46,111,0,1,3,1,5,17,27,25,47,116,4,108,112,228
10/28/2020,JAN,MS,ASO,ES,Combined TRACON& Tower with Radar,17,10,18,6,51,0,0,0,0,0,17,10,18,6,51,0,0,0,51
10/29/2020,JAN,MS,ASO,ES,Combined TRACON& Tower with Radar,20,14,27,57,118,0,2,5,3,10,20,16,32,60,128,0,178,178,306
10/30/2020,JAN,MS,ASO,ES,Combined TRACON& Tower with Radar,22,15,21,31,89,0,3,4,2,9,22,18,25,33,98,6,64,70,168
10/31/2020,JAN,MS,ASO,ES,Combined TRACON& Tower with Radar,15,10,7,8,40,0,2,4,5,11,15,12,11,13,51,10,0,10,61
11/01/2020,JAN,MS,ASO,ES,Combined TRACON& Tower with Radar,15,9,18,5,47,0,3,2,0,5,15,12,20,5,52,0,0,0,52
11/02/2020,JAN,MS,ASO,ES,Combined TRACON& Tower with Radar,19,15,18,29,81,1,2,7,6,16,20,17,25,35,97,0,148,148,245
11/03/2020,JAN,MS,ASO,ES,Combined TRACON& Tower with Radar,15,9,15,10,49,0,0,7,3,10,15,9,22,13,59,4,14,18,77
11/04/2020,JAN,MS,ASO,ES,Combined TRACON& Tower with Radar,15,10,16,40,81,0,2,11,9,22,15,12,27,49,103,36,70,106,209
11/05/2020,JAN,MS,ASO,ES,Combined TRACON& Tower with Radar,19,19,25,16,79,0,5,1,8,14,19,24,26,24,93,4,116,120,213
11/06/2020,JAN,MS,ASO,ES,Combined TRACON& Tower with Radar,20,15,12,47,94,0,15,6,9,30,20,30,18,56,124,8,178,186,310
11/07/2020,JAN,MS,ASO,ES,Combined TRACON& Tower with Radar,20,9,11,12,52,0,1,1,4,6,20,10,12,16,58,14,12,26,84
11/08/2020,JAN,MS,ASO,ES,Combined TRACON& Tower with Radar,21,8,10,6,45,0,3,4,4,11,21,11,14,10,56,24,12,36,92
11/09/2020,JAN,MS,ASO,ES,Combined TRACON& Tower with Radar,20,19,16,23,78,0,2,1,0,3,20,21,17,23,81,0,12,12,93
11/10/2020,JAN,MS,ASO,ES,Combined TRACON& Tower with Radar,15,22,26,68,131,0,0,1,0,1,15,22,27,68,132,6,28,34,166
11/11/2020,JAN,MS,ASO,ES,Combined TRACON& Tower with Radar,16,9,22,0,47,0,0,1,0,1,16,9,23,0,48,14,0,14,62
11/12/2020,JAN,MS,ASO,ES,Combined TRACON& Tower with Radar,19,13,11,75,118,0,1,3,11,15,19,14,14,86,133,16,108,124,257
11/13/2020,JAN,MS,ASO,ES,Combined TRACON& Tower with Radar,22,10,10,37,79,0,2,3,4,9,22,12,13,41,88,4,10,14,102
11/14/2020,JAN,MS,ASO,ES,Combined TRACON& Tower with Radar,19,4,8,4,35,1,2,1,0,4,20,6,9,4,39,0,2,2,41
11/15/2020,JAN,MS,ASO,ES,Combined TRACON& Tower with Radar,21,6,16,12,55,0,3,3,0,6,21,9,19,12,61,38,6,44,105
11/16/2020,JAN,MS,ASO,ES,Combined TRACON& Tower with Radar,22,16,21,58,117,0,2,5,16,23,22,18,26,74,140,4,136,140,280
11/17/2020,JAN,MS,ASO,ES,Combined TRACON& Tower with Radar,17,23,21,37,98,0,4,5,5,14,17,27,26,42,112,28,104,132,244
11/18/2020,JAN,MS,ASO,ES,Combined TRACON& Tower with Radar,16,22,16,46,100,0,2,4,7,13,16,24,20,53,113,0,138,138,251
11/19/2020,JAN,MS,ASO,ES,Combined TRACON& Tower with Radar,24,9,24,52,109,0,2,7,1,10,24,11,31,53,119,0,68,68,187
11/20/2020,JAN,MS,ASO,ES,Combined TRACON& Tower with Radar,24,16,20,23,83,1,0,2,5,8,25,16,22,28,91,0,90,90,181
11/21/2020,JAN,MS,ASO,ES,Combined TRACON& Tower with Radar,24,4,15,5,48,0,2,3,0,5,24,6,18,5,53,2,18,20,73
11/22/2020,JAN,MS,ASO,ES,Combined TRACON& Tower with Radar,25,6,12,4,47,0,3,3,0,6,25,9,15,4,53,0,0,0,53
11/23/2020,JAN,MS,ASO,ES,Combined TRACON& Tower with Radar,19,8,15,43,85,0,2,7,4,13,19,10,22,47,98,14,64,78,176
11/24/2020,JAN,MS,ASO,ES,Combined TRACON& Tower with Radar,24,17,17,34,92,0,3,9,4,16,24,20,26,38,108,14,58,72,180
11/25/2020,JAN,MS,ASO,ES,Combined TRACON& Tower with Radar,25,15,15,1,56,0,2,0,0,2,25,17,15,1,58,0,0,0,58
11/26/2020,JAN,MS,ASO,ES,Combined TRACON& Tower with Radar,9,11,6,1,27,0,1,2,0,3,9,12,8,1,30,0,0,0,30
11/27/2020,JAN,MS,ASO,ES,Combined TRACON& Tower with Radar,21,12,13,0,46,0,0,0,0,0,21,12,13,0,46,0,0,0,46
11/28/2020,JAN,MS,ASO,ES,Combined TRACON& Tower with Radar,22,14,18,0,54,0,0,0,0,0,22,14,18,0,54,4,0,4,58
11/29/2020,JAN,MS,ASO,ES,Combined TRACON& Tower with Radar,25,12,21,2,60,0,0,0,0,0,25,12,21,2,60,0,0,0,60
11/30/2020,JAN,MS,ASO,ES,Combined TRACON& Tower with Radar,26,13,17,41,97,0,0,2,2,4,26,13,19,43,101,0,114,114,215
12/01/2020,JAN,MS,ASO,ES,Combined TRACON& Tower with Radar,26,31,19,23,99,0,4,6,5,15,26,35,25,28,114,4,74,78,192
12/02/2020,JAN,MS,ASO,ES,Combined TRACON& Tower with Radar,18,21,19,28,86,0,4,7,8,19,18,25,26,36,105,12,48,60,165
12/03/2020,JAN,MS,ASO,ES,Combined TRACON& Tower with Radar,25,16,9,20,70,0,0,0,0,0,25,16,9,20,70,0,8,8,78
12/04/2020,JAN,MS,ASO,ES,Combined TRACON& Tower with Radar,27,11,21,35,94,0,0,2,0,2,27,11,23,35,96,36,28,64,160
12/05/2020,JAN,MS,ASO,ES,Combined TRACON& Tower with Radar,18,12,19,28,77,0,1,0,3,4,18,13,19,31,81,8,70,78,159
12/06/2020,JAN,MS,ASO,ES,Combined TRACON& Tower with Radar,27,7,8,19,61,0,2,3,0,5,27,9,11,19,66,8,16,24,90
12/07/2020,JAN,MS,ASO,ES,Combined TRACON& Tower with Radar,26,12,13,22,73,0,0,4,5,9,26,12,17,27,82,2,114,116,198
12/08/2020,JAN,MS,ASO,ES,Combined TRACON& Tower with Radar,17,20,20,28,85,0,3,9,2,14,17,23,29,30,99,6,122,128,227
12/09/2020,JAN,MS,ASO,ES,Combined TRACON& Tower with Radar,18,7,21,21,67,0,1,9,4,14,18,8,30,25,81,14,74,88,169
12/10/2020,JAN,MS,ASO,ES,Combined TRACON& Tower with Radar,26,9,28,36,99,0,1,8,6,15,26,10,36,42,114,4,110,114,228
12/11/2020,JAN,MS,ASO,ES,Combined TRACON& Tower with Radar,29,10,10,21,70,0,0,6,6,12,29,10,16,27,82,2,116,118,200
12/12/2020,JAN,MS,ASO,ES,Combined TRACON& Tower with Radar,16,10,10,0,36,0,1,1,0,2,16,11,11,0,38,6,0,6,44
12/13/2020,JAN,MS,ASO,ES,Combined TRACON& Tower with Radar,26,10,12,18,66,0,0,5,0,5,26,10,17,18,71,0,10,10,81
12/14/2020,JAN,MS,ASO,ES,Combined TRACON& Tower with Radar,25,11,15,31,82,0,0,3,0,3,25,11,18,31,85,6,42,48,133
12/15/2020,JAN,MS,ASO,ES,Combined TRACON& Tower with Radar,17,18,17,14,66,0,0,0,1,1,17,18,17,15,67,2,26,28,95
12/16/2020,JAN,MS,ASO,ES,Combined TRACON& Tower with Radar,21,14,14,20,69,0,0,0,0,0,21,14,14,20,69,0,12,12,81
12/17/2020,JAN,MS,ASO,ES,Combined TRACON& Tower with Radar,23,13,24,53,113,0,2,15,16,33,23,15,39,69,146,0,216,216,362
12/18/2020,JAN,MS,ASO,ES,Combined TRACON& Tower with Radar,23,14,25,22,84,0,0,9,7,16,23,14,34,29,100,10,76,86,186
12/19/2020,JAN,MS,ASO,ES,Combined TRACON& Tower with Radar,24,9,20,0,53,0,1,2,0,3,24,10,22,0,56,0,0,0,56
12/20/2020,JAN,MS,ASO,ES,Combined TRACON& Tower with Radar,27,11,14,0,52,0,0,1,0,1,27,11,15,0,53,0,0,0,53
12/21/2020,JAN,MS,ASO,ES,Combined TRACON& Tower with Radar,28,20,16,25,89,0,4,17,4,25,28,24,33,29,114,6,66,72,186
12/22/2020,JAN,MS,ASO,ES,Combined TRACON& Tower with Radar,24,19,21,16,80,0,4,10,8,22,24,23,31,24,102,0,0,0,102
12/23/2020,JAN,MS,ASO,ES,Combined TRACON& Tower with Radar,28,16,11,3,58,0,3,2,0,5,28,19,13,3,63,0,0,0,63
12/24/2020,JAN,MS,ASO,ES,Combined TRACON& Tower with Radar,20,10,4,0,34,0,3,2,0,5,20,13,6,0,39,0,0,0,39
12/25/2020,JAN,MS,ASO,ES,Combined TRACON& Tower with Radar,16,6,3,0,25,0,1,3,0,4,16,7,6,0,29,0,0,0,29
12/26/2020,JAN,MS,ASO,ES,Combined TRACON& Tower with Radar,24,12,8,1,45,0,3,3,1,7,24,15,11,2,52,0,0,0,52
12/27/2020,JAN,MS,ASO,ES,Combined TRACON& Tower with Radar,23,13,9,0,45,0,2,9,1,12,23,15,18,1,57,4,0,4,61
12/28/2020,JAN,MS,ASO,ES,Combined TRACON& Tower with Radar,23,11,14,0,48,0,2,4,0,6,23,13,18,0,54,12,0,12,66
12/29/2020,JAN,MS,ASO,ES,Combined TRACON& Tower with Radar,25,9,15,1,50,0,0,8,1,9,25,9,23,2,59,4,0,4,63
12/30/2020,JAN,MS,ASO,ES,Combined TRACON& Tower with Radar,20,19,9,1,49,0,2,0,0,2,20,21,9,1,51,0,0,0,51
12/31/2020,JAN,MS,ASO,ES,Combined TRACON& Tower with Radar,18,11,9,1,39,0,1,0,0,1,18,12,9,1,40,0,0,0,40
01/01/2021,JAN,MS,ASO,ES,Combined TRACON& Tower with Radar,18,4,7,0,29,0,0,3,0,3,18,4,10,0,32,0,0,0,32
01/02/2021,JAN,MS,ASO,ES,Combined TRACON& Tower with Radar,23,9,7,0,39,0,1,4,0,5,23,10,11,0,44,0,0,0,44
01/03/2021,JAN,MS,ASO,ES,Combined TRACON& Tower with Radar,23,15,12,0,50,0,3,16,0,19,23,18,28,0,69,6,0,6,75
01/04/2021,JAN,MS,ASO,ES,Combined TRACON& Tower with Radar,22,12,7,0,41,0,3,6,0,9,22,15,13,0,50,0,0,0,50
01/05/2021,JAN,MS,ASO,ES,Combined TRACON& Tower with Radar,17,11,10,21,59,0,4,9,1,14,17,15,19,22,73,0,54,54,127
01/06/2021,JAN,MS,ASO,ES,Combined TRACON& Tower with Radar,21,14,10,39,84,0,2,5,5,12,21,16,15,44,96,0,72,72,168
01/07/2021,JAN,MS,ASO,ES,Combined TRACON& Tower with Radar,23,11,5,8,47,0,0,0,0,0,23,11,5,8,47,0,2,2,49
01/08/2021,JAN,MS,ASO,ES,Combined TRACON& Tower with Radar,28,12,10,22,72,0,0,0,0,0,28,12,10,22,72,0,8,8,80
01/09/2021,JAN,MS,ASO,ES,Combined TRACON& Tower with Radar,17,11,7,9,44,0,2,3,0,5,17,13,10,9,49,0,4,4,53
01/10/2021,JAN,MS,ASO,ES,Combined TRACON& Tower with Radar,21,9,13,8,51,0,1,3,0,4,21,10,16,8,55,10,10,20,75
01/11/2021,JAN,MS,ASO,ES,Combined TRACON& Tower with Radar,22,13,7,3,45,0,0,0,0,0,22,13,7,3,45,0,0,0,45
01/12/2021,JAN,MS,ASO,ES,Combined TRACON& Tower with Radar,17,22,13,49,101,0,1,0,2,3,17,23,13,51,104,0,50,50,154
01/13/2021,JAN,MS,ASO,ES,Combined TRACON& Tower with Radar,20,18,16,31,85,0,0,3,8,11,20,18,19,39,96,0,62,62,158
01/14/2021,JAN,MS,ASO,ES,Combined TRACON& Tower with Radar,23,19,16,38,96,0,3,2,4,9,23,22,18,42,105,6,122,128,233
01/15/2021,JAN,MS,ASO,ES,Combined TRACON& Tower with Radar,26,10,9,33,78,0,3,4,3,10,26,13,13,36,88,0,68,68,156
01/16/2021,JAN,MS,ASO,ES,Combined TRACON& Tower with Radar,19,8,15,6,48,0,0,7,0,7,19,8,22,6,55,18,4,22,77
01/17/2021,JAN,MS,ASO,ES,Combined TRACON& Tower with Radar,21,6,10,2,39,0,2,7,0,9,21,8,17,2,48,20,2,22,70
01/18/2021,JAN,MS,ASO,ES,Combined TRACON& Tower with Radar,24,13,19,28,84,0,4,7,1,12,24,17,26,29,96,2,26,28,124
01/19/2021,JAN,MS,ASO,ES,Combined TRACON& Tower with Radar,20,20,16,24,80,0,2,2,7,11,20,22,18,31,91,14,116,130,221
01/20/2021,JAN,MS,ASO,ES,Combined TRACON& Tower with Radar,20,22,28,13,83,0,6,5,2,13,20,28,33,15,96,4,96,100,196
01/21/2021,JAN,MS,ASO,ES,Combined TRACON& Tower with Radar,26,19,16,19,80,0,0,0,0,0,26,19,16,19,80,0,0,0,80
01/22/2021,JAN,MS,ASO,ES,Combined TRACON& Tower with Radar,26,11,19,3,59,0,0,0,0,0,26,11,19,3,59,0,4,4,63
01/23/2021,JAN,MS,ASO,ES,Combined TRACON& Tower with Radar,17,6,9,21,53,0,0,4,6,10,17,6,13,27,63,4,30,34,97
01/24/2021,JAN,MS,ASO,ES,Combined TRACON& Tower with Radar,23,13,18,11,65,0,0,0,0,0,23,13,18,11,65,6,0,6,71
01/25/2021,JAN,MS,ASO,ES,Combined TRACON& Tower with Radar,24,23,19,14,80,0,0,0,1,1,24,23,19,15,81,4,34,38,119
01/26/2021,JAN,MS,ASO,ES,Combined TRACON& Tower with Radar,18,29,21,33,101,0,3,7,6,16,18,32,28,39,117,10,124,134,251
01/27/2021,JAN,MS,ASO,ES,Combined TRACON& Tower with Radar,22,14,26,59,121,0,1,0,0,1,22,15,26,59,122,2,66,68,190
01/28/2021,JAN,MS,ASO,ES,Combined TRACON& Tower with Radar,21,17,29,46,113,0,1,11,7,19,21,18,40,53,132,16,66,82,214
01/29/2021,JAN,MS,ASO,ES,Combined TRACON& Tower with Radar,26,20,34,42,122,0,2,12,11,25,26,22,46,53,147,48,70,118,265
01/30/2021,JAN,MS,ASO,ES,Combined TRACON& Tower with Radar,16,8,9,8,41,0,2,4,3,9,16,10,13,11,50,0,16,16,66
01/31/2021,JAN,MS,ASO,ES,Combined TRACON& Tower with Radar,23,6,9,1,39,0,1,1,0,2,23,7,10,1,41,0,0,0,41
02/01/2021,JAN,MS,ASO,ES,Combined TRACON& Tower with Radar,24,12,26,17,79,0,1,0,0,1,24,13,26,17,80,0,68,68,148
02/02/2021,JAN,MS,ASO,ES,Combined TRACON& Tower with Radar,19,22,18,71,130,0,3,6,6,15,19,25,24,77,145,12,144,156,301
02/03/2021,JAN,MS,ASO,ES,Combined TRACON& Tower with Radar,19,15,19,45,98,0,0,9,7,16,19,15,28,52,114,8,168,176,290
02/04/2021,JAN,MS,ASO,ES,Combined TRACON& Tower with Radar,24,11,19,38,92,0,4,7,3,14,24,15,26,41,106,2,140,142,248
02/05/2021,JAN,MS,ASO,ES,Combined TRACON& Tower with Radar,27,17,20,37,101,0,1,3,4,8,27,18,23,41,109,10,132,142,251
02/06/2021,JAN,MS,ASO,ES,Combined TRACON& Tower with Radar,16,4,10,15,45,0,0,3,0,3,16,4,13,15,48,8,12,20,68
02/07/2021,JAN,MS,ASO,ES,Combined TRACON& Tower with Radar,21,4,17,25,67,0,3,3,4,10,21,7,20,29,77,8,30,38,115
02/08/2021,JAN,MS,ASO,ES,Combined TRACON& Tower with Radar,24,28,21,56,129,0,1,11,6,18,24,29,32,62,147,28,146,174,321
02/09/2021,JAN,MS,ASO,ES,Combined TRACON& Tower with Radar,20,29,28,34,111,0,2,5,2,9,20,31,33,36,120,26,118,144,264
02/10/2021,JAN,MS,ASO,ES,Combined TRACON& Tower with Radar,19,16,18,32,85,0,0,3,2,5,19,16,21,34,90,2,24,26,116
02/11/2021,JAN,MS,ASO,ES,Combined TRACON& Tower with Radar,22,16,3,0,41,0,0,0,0,0,22,16,3,0,41,0,0,0,41
02/12/2021,JAN,MS,ASO,ES,Combined TRACON& Tower with Radar,28,16,23,7,74,0,0,0,0,0,28,16,23,7,74,0,8,8,82
02/13/2021,JAN,MS,ASO,ES,Combined TRACON& Tower with Radar,18,11,3,0,32,0,0,0,0,0,18,11,3,0,32,0,0,0,32
02/14/2021,JAN,MS,ASO,ES,Combined TRACON& Tower with Radar,10,7,2,1,20,0,0,0,0,0,10,7,2,1,20,0,0,0,20
02/16/2021,JAN,MS,ASO,ES,Combined TRACON& Tower with Radar,0,0,0,0,0,0,0,0,0,0,0,0,0,0,0,0,0,0,0
02/17/2021,JAN,MS,ASO,ES,Combined TRACON& Tower with Radar,0,0,0,0,0,0,0,0,0,0,0,0,0,0,0,0,0,0,0
02/18/2021,JAN,MS,ASO,ES,Combined TRACON& Tower with Radar,0,0,0,0,0,0,0,0,0,0,0,0,0,0,0,0,0,0,0
02/19/2021,JAN,MS,ASO,ES,Combined TRACON& Tower with Radar,3,0,0,2,5,0,2,0,0,2,3,2,0,2,7,0,4,4,11
02/20/2021,JAN,MS,ASO,ES,Combined TRACON& Tower with Radar,23,8,9,2,42,0,0,3,6,9,23,8,12,8,51,0,0,0,51
02/21/2021,JAN,MS,ASO,ES,Combined TRACON& Tower with Radar,22,11,10,5,48,0,0,2,0,2,22,11,12,5,50,6,4,10,60
02/22/2021,JAN,MS,ASO,ES,Combined TRACON& Tower with Radar,25,12,21,9,67,0,3,5,0,8,25,15,26,9,75,12,0,12,87
02/23/2021,JAN,MS,ASO,ES,Combined TRACON& Tower with Radar,17,10,25,64,116,0,4,17,2,23,17,14,42,66,139,12,184,196,335
02/24/2021,JAN,MS,ASO,ES,Combined TRACON& Tower with Radar,19,13,27,27,86,0,2,4,9,15,19,15,31,36,101,4,172,176,277
02/25/2021,JAN,MS,ASO,ES,Combined TRACON& Tower with Radar,23,10,26,20,79,0,5,1,2,8,23,15,27,22,87,0,26,26,113
02/26/2021,JAN,MS,ASO,ES,Combined TRACON& Tower with Radar,27,31,21,51,130,0,7,3,6,16,27,38,24,57,146,8,138,146,292
02/27/2021,JAN,MS,ASO,ES,Combined TRACON& Tower with Radar,21,13,11,21,66,0,3,5,8,16,21,16,16,29,82,12,18,30,112
02/28/2021,JAN,MS,ASO,ES,Combined TRACON& Tower with Radar,24,10,11,4,49,0,1,4,0,5,24,11,15,4,54,0,0,0,54
03/01/2021,JAN,MS,ASO,ES,Combined TRACON& Tower with Radar,24,19,13,23,79,0,0,0,3,3,24,19,13,26,82,0,22,22,104
03/02/2021,JAN,MS,ASO,ES,Combined TRACON& Tower with Radar,18,15,13,38,84,0,2,0,0,2,18,17,13,38,86,0,20,20,106
03/03/2021,JAN,MS,ASO,ES,Combined TRACON& Tower with Radar,19,23,19,57,118,0,1,10,16,27,19,24,29,73,145,2,160,162,307
03/04/2021,JAN,MS,ASO,ES,Combined TRACON& Tower with Radar,30,17,25,32,104,0,4,6,3,13,30,21,31,35,117,24,60,84,201
03/05/2021,JAN,MS,ASO,ES,Combined TRACON& Tower with Radar,31,16,12,43,102,0,1,5,9,15,31,17,17,52,117,8,210,218,335
03/06/2021,JAN,MS,ASO,ES,Combined TRACON& Tower with Radar,23,10,2,37,72,0,0,1,8,9,23,10,3,45,81,0,34,34,115
03/07/2021,JAN,MS,ASO,ES,Combined TRACON& Tower with Radar,28,14,15,7,64,0,3,5,3,11,28,17,20,10,75,8,14,22,97
03/08/2021,JAN,MS,ASO,ES,Combined TRACON& Tower with Radar,30,17,11,18,76,0,4,4,7,15,30,21,15,25,91,0,104,104,195
03/09/2021,JAN,MS,ASO,ES,Combined TRACON& Tower with Radar,24,12,29,17,82,0,4,2,8,14,24,16,31,25,96,4,100,104,200
03/10/2021,JAN,MS,ASO,ES,Combined TRACON& Tower with Radar,24,13,18,18,73,0,1,4,2,7,24,14,22,20,80,0,78,78,158
03/11/2021,JAN,MS,ASO,ES,Combined TRACON& Tower with Radar,31,29,29,28,117,0,2,2,7,11,31,31,31,35,128,16,76,92,220
03/12/2021,JAN,MS,ASO,ES,Combined TRACON& Tower with Radar,32,21,17,14,84,0,4,4,1,9,32,25,21,15,93,0,50,50,143
03/13/2021,JAN,MS,ASO,ES,Combined TRACON& Tower with Radar,26,9,19,9,63,0,2,4,2,8,26,11,23,11,71,2,98,100,171
03/14/2021,JAN,MS,ASO,ES,Combined TRACON& Tower with Radar,29,11,11,22,73,0,1,4,0,5,29,12,15,22,78,10,24,34,112
03/15/2021,JAN,MS,ASO,ES,Combined TRACON& Tower with Radar,30,17,14,5,66,0,4,1,0,5,30,21,15,5,71,0,2,2,73
03/16/2021,JAN,MS,ASO,ES,Combined TRACON& Tower with Radar,29,13,30,4,76,0,0,1,1,2,29,13,31,5,78,0,0,0,78
03/17/2021,JAN,MS,ASO,ES,Combined TRACON& Tower with Radar,22,9,14,1,46,0,0,0,0,0,22,9,14,1,46,0,0,0,46
03/18/2021,JAN,MS,ASO,ES,Combined TRACON& Tower with Radar,31,22,20,15,88,0,3,2,0,5,31,25,22,15,93,0,6,6,99
03/19/2021,JAN,MS,ASO,ES,Combined TRACON& Tower with Radar,31,18,22,29,100,0,1,2,0,3,31,19,24,29,103,12,28,40,143
03/20/2021,JAN,MS,ASO,ES,Combined TRACON& Tower with Radar,26,18,21,13,78,0,5,9,3,17,26,23,30,16,95,26,22,48,143
03/21/2021,JAN,MS,ASO,ES,Combined TRACON& Tower with Radar,31,11,30,4,76,0,0,9,5,14,31,11,39,9,90,14,14,28,118
03/22/2021,JAN,MS,ASO,ES,Combined TRACON& Tower with Radar,20,11,13,32,76,0,1,7,10,18,20,12,20,42,94,2,86,88,182
03/23/2021,JAN,MS,ASO,ES,Combined TRACON& Tower with Radar,24,12,15,4,55,0,2,0,0,2,24,14,15,4,57,14,0,14,71
03/24/2021,JAN,MS,ASO,ES,Combined TRACON& Tower with Radar,24,15,41,12,92,0,3,4,0,7,24,18,45,12,99,20,2,22,121
03/25/2021,JAN,MS,ASO,ES,Combined TRACON& Tower with Radar,32,14,11,8,65,0,0,0,0,0,32,14,11,8,65,0,0,0,65
03/26/2021,JAN,MS,ASO,ES,Combined TRACON& Tower with Radar,31,20,23,25,99,0,4,8,6,18,31,24,31,31,117,14,74,88,205
03/27/2021,JAN,MS,ASO,ES,Combined TRACON& Tower with Radar,24,12,15,14,65,0,2,1,0,3,24,14,16,14,68,6,8,14,82
03/28/2021,JAN,MS,ASO,ES,Combined TRACON& Tower with Radar,29,11,12,6,58,0,2,2,0,4,29,13,14,6,62,0,22,22,84
03/29/2021,JAN,MS,ASO,ES,Combined TRACON& Tower with Radar,30,19,31,30,110,0,4,11,13,28,30,23,42,43,138,8,178,186,324
03/30/2021,JAN,MS,ASO,ES,Combined TRACON& Tower with Radar,26,19,20,10,75,0,2,4,0,6,26,21,24,10,81,2,12,14,95
03/31/2021,JAN,MS,ASO,ES,Combined TRACON& Tower with Radar,25,12,8,11,56,0,0,1,0,1,25,12,9,11,57,0,0,0,57
04/01/2021,JAN,MS,ASO,ES,Combined TRACON& Tower with Radar,30,17,30,24,101,0,2,3,3,8,30,19,33,27,109,4,48,52,161
04/02/2021,JAN,MS,ASO,ES,Combined TRACON& Tower with Radar,32,13,13,2,60,0,3,4,0,7,32,16,17,2,67,6,0,6,73
04/03/2021,JAN,MS,ASO,ES,Combined TRACON& Tower with Radar,23,6,13,0,42,0,1,3,2,6,23,7,16,2,48,6,0,6,54
04/04/2021,JAN,MS,ASO,ES,Combined TRACON& Tower with Radar,29,9,9,10,57,0,2,1,0,3,29,11,10,10,60,0,8,8,68
04/05/2021,JAN,MS,ASO,ES,Combined TRACON& Tower with Radar,32,25,21,39,117,0,3,4,14,21,32,28,25,53,138,12,174,186,324
04/06/2021,JAN,MS,ASO,ES,Combined TRACON& Tower with Radar,29,11,16,45,101,0,0,6,9,15,29,11,22,54,116,2,126,128,244
04/07/2021,JAN,MS,ASO,ES,Combined TRACON& Tower with Radar,26,17,21,21,85,0,0,3,7,10,26,17,24,28,95,4,140,144,239
04/08/2021,JAN,MS,ASO,ES,Combined TRACON& Tower with Radar,32,24,31,48,135,0,1,10,9,20,32,25,41,57,155,14,190,204,359
04/09/2021,JAN,MS,ASO,ES,Combined TRACON& Tower with Radar,29,15,18,14,76,0,3,1,0,4,29,18,19,14,80,2,18,20,100
04/10/2021,JAN,MS,ASO,ES,Combined TRACON& Tower with Radar,28,8,17,13,66,0,2,2,1,5,28,10,19,14,71,6,6,12,83
04/11/2021,JAN,MS,ASO,ES,Combined TRACON& Tower with Radar,29,12,7,9,57,0,2,6,5,13,29,14,13,14,70,10,22,32,102
04/12/2021,JAN,MS,ASO,ES,Combined TRACON& Tower with Radar,32,21,21,56,130,0,2,5,6,13,32,23,26,62,143,2,150,152,295
04/13/2021,JAN,MS,ASO,ES,Combined TRACON& Tower with Radar,29,13,15,27,84,0,5,4,3,12,29,18,19,30,96,4,66,70,166
04/14/2021,JAN,MS,ASO,ES,Combined TRACON& Tower with Radar,32,20,20,6,78,0,0,1,0,1,32,20,21,6,79,0,4,4,83
04/15/2021,JAN,MS,ASO,ES,Combined TRACON& Tower with Radar,35,13,19,43,110,0,0,6,7,13,35,13,25,50,123,10,68,78,201
04/16/2021,JAN,MS,ASO,ES,Combined TRACON& Tower with Radar,32,8,22,7,69,0,1,3,2,6,32,9,25,9,75,4,66,70,145
04/17/2021,JAN,MS,ASO,ES,Combined TRACON& Tower with Radar,29,14,25,17,85,0,2,5,2,9,29,16,30,19,94,14,16,30,124
04/18/2021,JAN,MS,ASO,ES,Combined TRACON& Tower with Radar,30,14,22,4,70,0,2,5,0,7,30,16,27,4,77,10,2,12,89
04/19/2021,JAN,MS,ASO,ES,Combined TRACON& Tower with Radar,33,14,21,54,122,0,4,8,15,27,33,18,29,69,149,4,220,224,373
04/20/2021,JAN,MS,ASO,ES,Combined TRACON& Tower with Radar,32,17,29,48,126,0,1,4,5,10,32,18,33,53,136,42,224,266,402
04/21/2021,JAN,MS,ASO,ES,Combined TRACON& Tower with Radar,30,26,18,39,113,0,5,5,7,17,30,31,23,46,130,4,212,216,346
04/22/2021,JAN,MS,ASO,ES,Combined TRACON& Tower with Radar,33,14,23,64,134,0,3,6,9,18,33,17,29,73,152,0,196,196,348
04/23/2021,JAN,MS,ASO,ES,Combined TRACON& Tower with Radar,31,15,24,40,110,0,4,0,7,11,31,19,24,47,121,0,90,90,211
04/24/2021,JAN,MS,ASO,ES,Combined TRACON& Tower with Radar,32,10,8,6,56,0,3,2,0,5,32,13,10,6,61,0,6,6,67
04/25/2021,JAN,MS,ASO,ES,Combined TRACON& Tower with Radar,31,8,22,7,68,0,0,15,6,21,31,8,37,13,89,18,6,24,113
04/26/2021,JAN,MS,ASO,ES,Combined TRACON& Tower with Radar,33,20,10,50,113,0,4,8,11,23,33,24,18,61,136,12,124,136,272
04/27/2021,JAN,MS,ASO,ES,Combined TRACON& Tower with Radar,28,12,26,33,99,0,5,4,1,10,28,17,30,34,109,0,32,32,141
04/28/2021,JAN,MS,ASO,ES,Combined TRACON& Tower with Radar,30,14,28,27,99,0,2,2,4,8,30,16,30,31,107,8,80,88,195
04/29/2021,JAN,MS,ASO,ES,Combined TRACON& Tower with Radar,33,15,25,60,133,0,1,1,8,10,33,16,26,68,143,0,166,166,309
04/30/2021,JAN,MS,ASO,ES,Combined TRACON& Tower with Radar,34,9,19,11,73,0,1,3,0,4,34,10,22,11,77,2,4,6,83
05/01/2021,JAN,MS,ASO,ES,Combined TRACON& Tower with Radar,29,15,19,2,65,0,4,12,1,17,29,19,31,3,82,10,0,10,92
05/02/2021,JAN,MS,ASO,ES,Combined TRACON& Tower with Radar,31,9,17,1,58,0,0,3,0,3,31,9,20,1,61,0,0,0,61
05/03/2021,JAN,MS,ASO,ES,Combined TRACON& Tower with Radar,30,12,29,26,97,0,3,2,2,7,30,15,31,28,104,16,38,54,158
05/04/2021,JAN,MS,ASO,ES,Combined TRACON& Tower with Radar,31,19,12,2,64,0,0,0,0,0,31,19,12,2,64,0,0,0,64
05/05/2021,JAN,MS,ASO,ES,Combined TRACON& Tower with Radar,32,15,27,40,114,0,2,4,3,9,32,17,31,43,123,16,118,134,257
05/06/2021,JAN,MS,ASO,ES,Combined TRACON& Tower with Radar,33,27,29,43,132,0,6,12,14,32,33,33,41,57,164,24,14,38,202
05/07/2021,JAN,MS,ASO,ES,Combined TRACON& Tower with Radar,35,15,18,44,112,0,2,5,26,33,35,17,23,70,145,16,308,324,469
05/08/2021,JAN,MS,ASO,ES,Combined TRACON& Tower with Radar,32,6,25,6,69,0,0,1,1,2,32,6,26,7,71,50,10,60,131
05/09/2021,JAN,MS,ASO,ES,Combined TRACON& Tower with Radar,35,7,17,2,61,0,0,2,0,2,35,7,19,2,63,0,2,2,65
05/10/2021,JAN,MS,ASO,ES,Combined TRACON& Tower with Radar,30,14,22,15,81,0,0,0,0,0,30,14,22,15,81,2,18,20,101
05/11/2021,JAN,MS,ASO,ES,Combined TRACON& Tower with Radar,27,14,17,1,59,0,0,1,0,1,27,14,18,1,60,4,0,4,64
05/12/2021,JAN,MS,ASO,ES,Combined TRACON& Tower with Radar,30,25,15,12,82,0,0,0,0,0,30,25,15,12,82,6,20,26,108
05/13/2021,JAN,MS,ASO,ES,Combined TRACON& Tower with Radar,33,17,15,24,89,0,3,18,8,29,33,20,33,32,118,8,134,142,260
05/14/2021,JAN,MS,ASO,ES,Combined TRACON& Tower with Radar,35,16,24,29,104,0,1,8,9,18,35,17,32,38,122,8,66,74,196
05/15/2021,JAN,MS,ASO,ES,Combined TRACON& Tower with Radar,31,12,15,8,66,0,2,3,0,5,31,14,18,8,71,6,4,10,81
05/16/2021,JAN,MS,ASO,ES,Combined TRACON& Tower with Radar,31,8,22,8,69,0,0,9,3,12,31,8,31,11,81,2,4,6,87
05/17/2021,JAN,MS,ASO,ES,Combined TRACON& Tower with Radar,35,17,19,18,89,0,0,3,1,4,35,17,22,19,93,4,4,8,101
05/18/2021,JAN,MS,ASO,ES,Combined TRACON& Tower with Radar,27,15,21,6,69,0,2,0,0,2,27,17,21,6,71,2,0,2,73
05/19/2021,JAN,MS,ASO,ES,Combined TRACON& Tower with Radar,31,13,43,19,106,0,3,3,11,17,31,16,46,30,123,2,84,86,209
05/20/2021,JAN,MS,ASO,ES,Combined TRACON& Tower with Radar,34,15,25,19,93,0,2,3,0,5,34,17,28,19,98,0,14,14,112
05/21/2021,JAN,MS,ASO,ES,Combined TRACON& Tower with Radar,36,10,21,39,106,0,6,2,4,12,36,16,23,43,118,0,84,84,202
05/22/2021,JAN,MS,ASO,ES,Combined TRACON& Tower with Radar,31,8,10,7,56,0,4,5,0,9,31,12,15,7,65,28,8,36,101
05/23/2021,JAN,MS,ASO,ES,Combined TRACON& Tower with Radar,34,8,17,11,70,0,2,4,0,6,34,10,21,11,76,24,4,28,104
05/24/2021,JAN,MS,ASO,ES,Combined TRACON& Tower with Radar,37,26,24,18,105,0,3,5,6,14,37,29,29,24,119,12,94,106,225
05/25/2021,JAN,MS,ASO,ES,Combined TRACON& Tower with Radar,35,10,14,34,93,0,3,7,12,22,35,13,21,46,115,12,106,118,233
05/26/2021,JAN,MS,ASO,ES,Combined TRACON& Tower with Radar,29,10,25,18,82,0,1,3,0,4,29,11,28,18,86,6,12,18,104
05/27/2021,JAN,MS,ASO,ES,Combined TRACON& Tower with Radar,35,14,27,22,98,0,4,5,1,10,35,18,32,23,108,8,32,40,148
05/28/2021,JAN,MS,ASO,ES,Combined TRACON& Tower with Radar,42,14,24,2,82,0,0,2,0,2,42,14,26,2,84,16,0,16,100
05/29/2021,JAN,MS,ASO,ES,Combined TRACON& Tower with Radar,42,9,18,0,69,0,2,4,0,6,42,11,22,0,75,6,0,6,81
05/30/2021,JAN,MS,ASO,ES,Combined TRACON& Tower with Radar,36,8,14,1,59,0,2,4,0,6,36,10,18,1,65,16,0,16,81
05/31/2021,JAN,MS,ASO,ES,Combined TRACON& Tower with Radar,32,12,34,4,82,0,1,7,0,8,32,13,41,4,90,28,4,32,122
06/01/2021,JAN,MS,ASO,ES,Combined TRACON& Tower with Radar,30,13,24,52,119,0,3,6,4,13,30,16,30,56,132,0,114,114,246
06/02/2021,JAN,MS,ASO,ES,Combined TRACON& Tower with Radar,31,10,14,16,71,0,2,1,0,3,31,12,15,16,74,0,8,8,82
06/03/2021,JAN,MS,ASO,ES,Combined TRACON& Tower with Radar,29,18,21,69,137,0,1,6,10,17,29,19,27,79,154,10,160,170,324
06/04/2021,JAN,MS,ASO,ES,Combined TRACON& Tower with Radar,36,30,11,36,113,0,3,0,7,10,36,33,11,43,123,2,46,48,171
06/05/2021,JAN,MS,ASO,ES,Combined TRACON& Tower with Radar,26,11,6,5,48,0,5,3,2,10,26,16,9,7,58,0,2,2,60
06/06/2021,JAN,MS,ASO,ES,Combined TRACON& Tower with Radar,39,17,9,4,69,0,0,0,0,0,39,17,9,4,69,0,0,0,69
06/07/2021,JAN,MS,ASO,ES,Combined TRACON& Tower with Radar,42,20,15,8,85,0,0,0,1,1,42,20,15,9,86,0,40,40,126
06/08/2021,JAN,MS,ASO,ES,Combined TRACON& Tower with Radar,48,26,19,26,119,0,2,4,5,11,48,28,23,31,130,18,62,80,210
06/09/2021,JAN,MS,ASO,ES,Combined TRACON& Tower with Radar,43,21,26,34,124,0,1,2,0,3,43,22,28,34,127,24,66,90,217
06/10/2021,JAN,MS,ASO,ES,Combined TRACON& Tower with Radar,44,24,18,16,102,0,0,0,0,0,44,24,18,16,102,2,2,4,106
06/11/2021,JAN,MS,ASO,ES,Combined TRACON& Tower with Radar,46,29,27,57,159,0,4,4,3,11,46,33,31,60,170,2,126,128,298
06/12/2021,JAN,MS,ASO,ES,Combined TRACON& Tower with Radar,36,19,12,15,82,0,1,1,2,4,36,20,13,17,86,2,20,22,108
06/13/2021,JAN,MS,ASO,ES,Combined TRACON& Tower with Radar,41,15,19,10,85,0,1,6,3,10,41,16,25,13,95,8,20,28,123
06/14/2021,JAN,MS,ASO,ES,Combined TRACON& Tower with Radar,45,27,25,24,121,0,0,6,8,14,45,27,31,32,135,6,88,94,229
06/15/2021,JAN,MS,ASO,ES,Combined TRACON& Tower with Radar,38,27,38,46,149,0,2,3,8,13,38,29,41,54,162,5,138,143,305
06/16/2021,JAN,MS,ASO,ES,Combined TRACON& Tower with Radar,42,26,31,47,146,0,1,2,6,9,42,27,33,53,155,0,158,158,313
06/17/2021,JAN,MS,ASO,ES,Combined TRACON& Tower with Radar,43,17,24,38,122,0,3,7,12,22,43,20,31,50,144,8,88,96,240
06/18/2021,JAN,MS,ASO,ES,Combined TRACON& Tower with Radar,47,18,18,5,88,0,0,6,3,9,47,18,24,8,97,18,2,20,117
06/19/2021,JAN,MS,ASO,ES,Combined TRACON& Tower with Radar,38,14,1,9,62,0,2,0,0,2,38,16,1,9,64,0,4,4,68
06/20/2021,JAN,MS,ASO,ES,Combined TRACON& Tower with Radar,41,16,26,1,84,0,2,7,0,9,41,18,33,1,93,14,0,14,107
06/21/2021,JAN,MS,ASO,ES,Combined TRACON& Tower with Radar,53,16,29,28,126,0,0,3,2,5,53,16,32,30,131,4,60,64,195
06/22/2021,JAN,MS,ASO,ES,Combined TRACON& Tower with Radar,54,22,21,38,135,0,2,3,9,14,54,24,24,47,149,40,92,132,281
06/23/2021,JAN,MS,ASO,ES,Combined TRACON& Tower with Radar,53,38,34,38,163,8,2,8,5,23,61,40,42,43,186,31,150,181,367
06/24/2021,JAN,MS,ASO,ES,Combined TRACON& Tower with Radar,43,18,22,18,101,0,2,1,2,5,43,20,23,20,106,4,68,72,178
06/25/2021,JAN,MS,ASO,ES,Combined TRACON& Tower with Radar,51,20,21,16,108,0,1,5,0,6,51,21,26,16,114,2,14,16,130
06/26/2021,JAN,MS,ASO,ES,Combined TRACON& Tower with Radar,38,17,6,1,62,0,5,2,0,7,38,22,8,1,69,4,0,4,73
06/27/2021,JAN,MS,ASO,ES,Combined TRACON& Tower with Radar,42,15,17,15,89,0,1,3,0,4,42,16,20,15,93,2,10,12,105
06/28/2021,JAN,MS,ASO,ES,Combined TRACON& Tower with Radar,50,20,26,39,135,0,4,1,16,21,50,24,27,55,156,16,154,170,326
06/29/2021,JAN,MS,ASO,ES,Combined TRACON& Tower with Radar,43,22,24,28,117,0,2,1,9,12,43,24,25,37,129,24,122,146,275
06/30/2021,JAN,MS,ASO,ES,Combined TRACON& Tower with Radar,46,23,28,38,135,0,5,11,8,24,46,28,39,46,159,0,130,130,289
07/01/2021,JAN,MS,ASO,ES,Combined TRACON& Tower with Radar,43,37,33,37,150,0,6,3,18,27,43,43,36,55,177,10,86,96,273
07/02/2021,JAN,MS,ASO,ES,Combined TRACON& Tower with Radar,40,16,17,1,74,0,3,0,0,3,40,19,17,1,77,10,0,10,87
07/03/2021,JAN,MS,ASO,ES,Combined TRACON& Tower with Radar,35,19,13,0,67,0,3,8,0,11,35,22,21,0,78,24,0,24,102
07/04/2021,JAN,MS,ASO,ES,Combined TRACON& Tower with Radar,36,8,8,0,52,0,4,15,0,19,36,12,23,0,71,8,0,8,79
07/05/2021,JAN,MS,ASO,ES,Combined TRACON& Tower with Radar,44,15,14,0,73,0,3,4,0,7,44,18,18,0,80,18,0,18,98
07/06/2021,JAN,MS,ASO,ES,Combined TRACON& Tower with Radar,42,17,29,7,95,0,0,3,1,4,42,17,32,8,99,18,30,48,147
07/07/2021,JAN,MS,ASO,ES,Combined TRACON& Tower with Radar,46,28,22,18,114,0,0,0,0,0,46,28,22,18,114,0,16,16,130
07/08/2021,JAN,MS,ASO,ES,Combined TRACON& Tower with Radar,40,25,32,34,131,0,1,5,5,11,40,26,37,39,142,40,66,106,248
07/09/2021,JAN,MS,ASO,ES,Combined TRACON& Tower with Radar,50,21,24,23,118,0,0,6,11,17,50,21,30,34,135,20,26,46,181
07/10/2021,JAN,MS,ASO,ES,Combined TRACON& Tower with Radar,39,15,8,14,76,0,0,0,0,0,39,15,8,14,76,4,12,16,92
07/11/2021,JAN,MS,ASO,ES,Combined TRACON& Tower with Radar,40,15,13,3,71,0,0,0,0,0,40,15,13,3,71,0,0,0,71
07/12/2021,JAN,MS,ASO,ES,Combined TRACON& Tower with Radar,45,18,15,30,108,0,2,3,4,9,45,20,18,34,117,0,60,60,177
07/13/2021,JAN,MS,ASO,ES,Combined TRACON& Tower with Radar,44,17,22,20,103,0,2,1,8,11,44,19,23,28,114,0,64,64,178
07/14/2021,JAN,MS,ASO,ES,Combined TRACON& Tower with Radar,44,23,39,10,116,0,1,2,2,5,44,24,41,12,121,6,34,40,161
07/15/2021,JAN,MS,ASO,ES,Combined TRACON& Tower with Radar,45,21,19,33,118,0,4,2,2,8,45,25,21,35,126,0,128,128,254
07/16/2021,JAN,MS,ASO,ES,Combined TRACON& Tower with Radar,47,24,14,5,90,0,0,0,2,2,47,24,14,7,92,0,0,0,92
07/17/2021,JAN,MS,ASO,ES,Combined TRACON& Tower with Radar,40,12,5,1,58,0,2,0,0,2,40,14,5,1,60,0,0,0,60
07/18/2021,JAN,MS,ASO,ES,Combined TRACON& Tower with Radar,42,16,17,21,96,0,2,3,1,6,42,18,20,22,102,0,10,10,112
07/19/2021,JAN,MS,ASO,ES,Combined TRACON& Tower with Radar,45,19,19,3,86,0,0,1,0,1,45,19,20,3,87,6,0,6,93
07/20/2021,JAN,MS,ASO,ES,Combined TRACON& Tower with Radar,46,24,20,13,103,0,0,0,0,0,46,24,20,13,103,0,10,10,113
07/21/2021,JAN,MS,ASO,ES,Combined TRACON& Tower with Radar,48,20,19,32,119,0,6,4,4,14,48,26,23,36,133,2,164,166,299
07/22/2021,JAN,MS,ASO,ES,Combined TRACON& Tower with Radar,50,29,33,25,137,0,3,4,10,17,50,32,37,35,154,0,132,132,286
07/23/2021,JAN,MS,ASO,ES,Combined TRACON& Tower with Radar,46,27,19,34,126,0,0,7,5,12,46,27,26,39,138,24,90,114,252
07/24/2021,JAN,MS,ASO,ES,Combined TRACON& Tower with Radar,42,16,5,12,75,0,1,3,1,5,42,17,8,13,80,12,60,72,152
07/25/2021,JAN,MS,ASO,ES,Combined TRACON& Tower with Radar,43,16,13,4,76,0,1,4,2,7,43,17,17,6,83,0,50,50,133
07/26/2021,JAN,MS,ASO,ES,Combined TRACON& Tower with Radar,43,32,21,18,114,0,3,2,2,7,43,35,23,20,121,0,106,106,227
07/27/2021,JAN,MS,ASO,ES,Combined TRACON& Tower with Radar,43,14,17,15,89,0,2,2,6,10,43,16,19,21,99,2,110,112,211
07/28/2021,JAN,MS,ASO,ES,Combined TRACON& Tower with Radar,46,19,36,23,124,0,0,2,1,3,46,19,38,24,127,0,76,76,203
07/29/2021,JAN,MS,ASO,ES,Combined TRACON& Tower with Radar,48,15,24,31,118,0,3,1,3,7,48,18,25,34,125,2,98,100,225
07/30/2021,JAN,MS,ASO,ES,Combined TRACON& Tower with Radar,47,25,18,43,133,0,0,2,7,9,47,25,20,50,142,0,224,224,366
07/31/2021,JAN,MS,ASO,ES,Combined TRACON& Tower with Radar,40,10,15,0,65,0,3,3,0,6,40,13,18,0,71,0,0,0,71
08/01/2021,JAN,MS,ASO,ES,Combined TRACON& Tower with Radar,41,14,15,12,82,0,2,8,0,10,41,16,23,12,92,0,8,8,100
08/02/2021,JAN,MS,ASO,ES,Combined TRACON& Tower with Radar,50,20,13,7,90,0,0,0,0,0,50,20,13,7,90,0,2,2,92
08/03/2021,JAN,MS,ASO,ES,Combined TRACON& Tower with Radar,44,31,20,42,137,0,5,3,1,9,44,36,23,43,146,6,150,156,302
08/04/2021,JAN,MS,ASO,ES,Combined TRACON& Tower with Radar,46,24,18,43,131,0,4,0,13,17,46,28,18,56,148,2,202,204,352
08/05/2021,JAN,MS,ASO,ES,Combined TRACON& Tower with Radar,47,29,22,35,133,0,3,4,5,12,47,32,26,40,145,0,212,212,357
08/06/2021,JAN,MS,ASO,ES,Combined TRACON& Tower with Radar,49,29,13,24,115,0,0,4,4,8,49,29,17,28,123,12,76,88,211
08/07/2021,JAN,MS,ASO,ES,Combined TRACON& Tower with Radar,37,13,3,27,80,0,1,3,1,5,37,14,6,28,85,0,22,22,107
08/08/2021,JAN,MS,ASO,ES,Combined TRACON& Tower with Radar,43,17,12,24,96,0,1,3,5,9,43,18,15,29,105,2,24,26,131
08/09/2021,JAN,MS,ASO,ES,Combined TRACON& Tower with Radar,46,32,17,28,123,0,6,2,7,15,46,38,19,35,138,0,112,112,250
08/10/2021,JAN,MS,ASO,ES,Combined TRACON& Tower with Radar,44,20,29,38,131,0,4,2,10,16,44,24,31,48,147,10,168,178,325
08/11/2021,JAN,MS,ASO,ES,Combined TRACON& Tower with Radar,46,22,31,52,151,0,0,7,10,17,46,22,38,62,168,8,182,190,358
08/12/2021,JAN,MS,ASO,ES,Combined TRACON& Tower with Radar,48,36,22,18,124,0,2,5,7,14,48,38,27,25,138,4,86,90,228
08/13/2021,JAN,MS,ASO,ES,Combined TRACON& Tower with Radar,44,16,21,27,108,0,0,11,10,21,44,16,32,37,129,6,110,116,245
08/14/2021,JAN,MS,ASO,ES,Combined TRACON& Tower with Radar,30,6,5,1,42,0,3,2,0,5,30,9,7,1,47,2,0,2,49
08/15/2021,JAN,MS,ASO,ES,Combined TRACON& Tower with Radar,40,12,15,11,78,0,2,3,0,5,40,14,18,11,83,2,8,10,93
08/16/2021,JAN,MS,ASO,ES,Combined TRACON& Tower with Radar,43,17,13,34,107,0,1,3,0,4,43,18,16,34,111,2,130,132,243
08/17/2021,JAN,MS,ASO,ES,Combined TRACON& Tower with Radar,48,20,16,74,158,0,1,4,9,14,48,21,20,83,172,0,228,228,400
08/18/2021,JAN,MS,ASO,ES,Combined TRACON& Tower with Radar,50,22,28,80,180,0,7,10,4,21,50,29,38,84,201,4,144,148,349
08/19/2021,JAN,MS,ASO,ES,Combined TRACON& Tower with Radar,52,17,19,50,138,0,2,2,2,6,52,19,21,52,144,6,74,80,224
08/20/2021,JAN,MS,ASO,ES,Combined TRACON& Tower with Radar,56,21,23,32,132,0,1,0,0,1,56,22,23,32,133,10,54,64,197
08/21/2021,JAN,MS,ASO,ES,Combined TRACON& Tower with Radar,40,8,10,12,70,0,7,3,3,13,40,15,13,15,83,8,26,34,117
08/22/2021,JAN,MS,ASO,ES,Combined TRACON& Tower with Radar,45,14,17,18,94,0,4,2,3,9,45,18,19,21,103,2,24,26,129
08/23/2021,JAN,MS,ASO,ES,Combined TRACON& Tower with Radar,50,27,21,38,136,0,5,0,3,8,50,32,21,41,144,24,108,132,276
08/24/2021,JAN,MS,ASO,ES,Combined TRACON& Tower with Radar,45,21,15,28,109,0,1,6,6,13,45,22,21,34,122,0,82,82,204
08/25/2021,JAN,MS,ASO,ES,Combined TRACON& Tower with Radar,49,15,23,50,137,0,0,4,6,10,49,15,27,56,147,0,96,96,243
08/26/2021,JAN,MS,ASO,ES,Combined TRACON& Tower with Radar,56,20,17,27,120,0,1,8,4,13,56,21,25,31,133,8,30,38,171
08/27/2021,JAN,MS,ASO,ES,Combined TRACON& Tower with Radar,53,23,29,20,125,0,1,4,3,8,53,24,33,23,133,4,58,62,195
08/28/2021,JAN,MS,ASO,ES,Combined TRACON& Tower with Radar,41,8,17,9,75,0,7,5,0,12,41,15,22,9,87,4,8,12,99
08/29/2021,JAN,MS,ASO,ES,Combined TRACON& Tower with Radar,43,8,8,4,63,0,0,0,0,0,43,8,8,4,63,2,0,2,65
08/30/2021,JAN,MS,ASO,ES,Combined TRACON& Tower with Radar,13,2,0,0,15,0,0,0,0,0,13,2,0,0,15,0,0,0,15
08/31/2021,JAN,MS,ASO,ES,Combined TRACON& Tower with Radar,43,16,15,24,98,0,4,1,2,7,43,20,16,26,105,2,10,12,117
09/01/2021,JAN,MS,ASO,ES,Combined TRACON& Tower with Radar,48,13,26,78,165,0,1,5,13,19,48,14,31,91,184,8,188,196,380
09/02/2021,JAN,MS,ASO,ES,Combined TRACON& Tower with Radar,52,22,39,38,151,0,3,13,9,25,52,25,52,47,176,14,40,54,230
09/03/2021,JAN,MS,ASO,ES,Combined TRACON& Tower with Radar,60,19,8,11,98,0,2,5,2,9,60,21,13,13,107,2,8,10,117
09/04/2021,JAN,MS,ASO,ES,Combined TRACON& Tower with Radar,46,14,9,6,75,0,2,1,2,5,46,16,10,8,80,8,10,18,98
09/05/2021,JAN,MS,ASO,ES,Combined TRACON& Tower with Radar,37,6,5,6,54,0,0,2,1,3,37,6,7,7,57,0,6,6,63
09/06/2021,JAN,MS,ASO,ES,Combined TRACON& Tower with Radar,57,12,22,7,98,0,1,3,0,4,57,13,25,7,102,0,6,6,108
09/07/2021,JAN,MS,ASO,ES,Combined TRACON& Tower with Radar,44,32,22,35,133,0,2,5,8,15,44,34,27,43,148,32,152,184,332
09/08/2021,JAN,MS,ASO,ES,Combined TRACON& Tower with Radar,46,22,22,32,122,0,2,5,26,33,46,24,27,58,155,8,127,135,290
09/09/2021,JAN,MS,ASO,ES,Combined TRACON& Tower with Radar,46,26,33,25,130,0,2,4,10,16,46,28,37,35,146,0,158,158,304
09/10/2021,JAN,MS,ASO,ES,Combined TRACON& Tower with Radar,51,15,20,57,143,0,7,4,7,18,51,22,24,64,161,0,104,104,265
09/11/2021,JAN,MS,ASO,ES,Combined TRACON& Tower with Radar,43,14,11,9,77,0,3,4,8,15,43,17,15,17,92,16,10,26,118
09/12/2021,JAN,MS,ASO,ES,Combined TRACON& Tower with Radar,46,24,19,1,90,0,4,3,2,9,46,28,22,3,99,4,10,14,113
09/13/2021,JAN,MS,ASO,ES,Combined TRACON& Tower with Radar,50,15,17,33,115,0,1,0,1,2,50,16,17,34,117,12,86,98,215
09/14/2021,JAN,MS,ASO,ES,Combined TRACON& Tower with Radar,45,17,24,2,88,0,2,1,0,3,45,19,25,2,91,2,38,40,131
09/15/2021,JAN,MS,ASO,ES,Combined TRACON& Tower with Radar,48,29,17,23,117,0,0,0,0,0,48,29,17,23,117,0,10,10,127
09/16/2021,JAN,MS,ASO,ES,Combined TRACON& Tower with Radar,52,20,11,8,91,0,0,1,0,1,52,20,12,8,92,2,2,4,96
09/17/2021,JAN,MS,ASO,ES,Combined TRACON& Tower with Radar,51,18,16,8,93,0,2,0,2,4,51,20,16,10,97,2,36,38,135
09/18/2021,JAN,MS,ASO,ES,Combined TRACON& Tower with Radar,42,8,4,7,61,0,2,1,0,3,42,10,5,7,64,0,36,36,100
09/19/2021,JAN,MS,ASO,ES,Combined TRACON& Tower with Radar,49,13,8,7,77,0,3,5,1,9,49,16,13,8,86,2,42,44,130
09/20/2021,JAN,MS,ASO,ES,Combined TRACON& Tower with Radar,51,16,5,17,89,0,1,3,0,4,51,17,8,17,93,0,14,14,107
09/21/2021,JAN,MS,ASO,ES,Combined TRACON& Tower with Radar,51,15,15,46,127,0,6,2,9,17,51,21,17,55,144,0,148,148,292
09/22/2021,JAN,MS,ASO,ES,Combined TRACON& Tower with Radar,60,30,21,47,158,0,2,4,14,20,60,32,25,61,178,0,250,250,428
09/23/2021,JAN,MS,ASO,ES,Combined TRACON& Tower with Radar,52,21,15,30,118,0,2,9,6,17,52,23,24,36,135,2,86,88,223
09/24/2021,JAN,MS,ASO,ES,Combined TRACON& Tower with Radar,52,18,35,15,120,0,2,3,1,6,52,20,38,16,126,2,44,46,172
09/25/2021,JAN,MS,ASO,ES,Combined TRACON& Tower with Radar,41,8,11,2,62,0,0,5,0,5,41,8,16,2,67,2,0,2,69
09/26/2021,JAN,MS,ASO,ES,Combined TRACON& Tower with Radar,49,17,12,13,91,0,1,16,0,17,49,18,28,13,108,2,8,10,118
09/27/2021,JAN,MS,ASO,ES,Combined TRACON& Tower with Radar,53,22,34,18,127,0,1,5,3,9,53,23,39,21,136,0,30,30,166
09/28/2021,JAN,MS,ASO,ES,Combined TRACON& Tower with Radar,48,22,27,5,102,0,3,2,0,5,48,25,29,5,107,8,0,8,115
09/29/2021,JAN,MS,ASO,ES,Combined TRACON& Tower with Radar,47,29,16,6,98,0,1,4,0,5,47,30,20,6,103,0,6,6,109
09/30/2021,JAN,MS,ASO,ES,Combined TRACON& Tower with Radar,51,21,19,5,96,0,0,1,0,1,51,21,20,5,97,28,26,54,151
10/01/2021,JAN,MS,ASO,ES,Combined TRACON& Tower with Radar,52,22,23,13,110,0,2,6,2,10,52,24,29,15,120,0,84,84,204
10/02/2021,JAN,MS,ASO,ES,Combined TRACON& Tower with Radar,44,15,29,8,96,0,7,2,0,9,44,22,31,8,105,10,0,10,115
10/03/2021,JAN,MS,ASO,ES,Combined TRACON& Tower with Radar,49,17,14,36,116,0,0,5,1,6,49,17,19,37,122,0,18,18,140
10/04/2021,JAN,MS,ASO,ES,Combined TRACON& Tower with Radar,52,16,22,26,116,0,2,4,4,10,52,18,26,30,126,0,80,80,206
10/05/2021,JAN,MS,ASO,ES,Combined TRACON& Tower with Radar,53,23,22,29,127,0,3,2,4,9,53,26,24,33,136,18,130,148,284
10/06/2021,JAN,MS,ASO,ES,Combined TRACON& Tower with Radar,54,18,15,41,128,0,2,4,1,7,54,20,19,42,135,4,160,164,299
10/07/2021,JAN,MS,ASO,ES,Combined TRACON& Tower with Radar,59,22,17,22,120,0,1,4,6,11,59,23,21,28,131,0,52,52,183
10/08/2021,JAN,MS,ASO,ES,Combined TRACON& Tower with Radar,62,16,27,21,126,0,4,2,11,17,62,20,29,32,143,4,44,48,191
10/09/2021,JAN,MS,ASO,ES,Combined TRACON& Tower with Radar,44,9,10,3,66,0,1,3,1,5,44,10,13,4,71,0,4,4,75
10/10/2021,JAN,MS,ASO,ES,Combined TRACON& Tower with Radar,47,9,22,1,79,0,1,1,0,2,47,10,23,1,81,0,0,0,81
10/11/2021,JAN,MS,ASO,ES,Combined TRACON& Tower with Radar,57,14,27,0,98,0,2,3,1,6,57,16,30,1,104,0,0,0,104
10/12/2021,JAN,MS,ASO,ES,Combined TRACON& Tower with Radar,53,16,17,17,103,0,2,0,5,7,53,18,17,22,110,10,110,120,230
10/13/2021,JAN,MS,ASO,ES,Combined TRACON& Tower with Radar,54,16,14,23,107,0,3,2,12,17,54,19,16,35,124,0,60,60,184
10/14/2021,JAN,MS,ASO,ES,Combined TRACON& Tower with Radar,57,20,26,17,120,0,0,7,2,9,57,20,33,19,129,24,12,36,165
10/15/2021,JAN,MS,ASO,ES,Combined TRACON& Tower with Radar,58,13,10,35,116,0,4,4,10,18,58,17,14,45,134,0,82,82,216
10/16/2021,JAN,MS,ASO,ES,Combined TRACON& Tower with Radar,44,16,10,12,82,0,1,4,2,7,44,17,14,14,89,0,6,6,95
10/17/2021,JAN,MS,ASO,ES,Combined TRACON& Tower with Radar,55,15,7,11,88,0,3,5,0,8,55,18,12,11,96,0,14,14,110
10/18/2021,JAN,MS,ASO,ES,Combined TRACON& Tower with Radar,58,10,34,18,120,0,2,9,6,17,58,12,43,24,137,2,98,100,237
10/19/2021,JAN,MS,ASO,ES,Combined TRACON& Tower with Radar,52,22,24,21,119,0,0,3,6,9,52,22,27,27,128,4,128,132,260
10/20/2021,JAN,MS,ASO,ES,Combined TRACON& Tower with Radar,54,23,28,17,122,0,1,1,0,2,54,24,29,17,124,2,32,34,158
10/21/2021,JAN,MS,ASO,ES,Combined TRACON& Tower with Radar,57,22,32,18,129,0,2,5,5,12,57,24,37,23,141,14,62,76,217
10/22/2021,JAN,MS,ASO,ES,Combined TRACON& Tower with Radar,59,16,11,7,93,0,2,4,0,6,59,18,15,7,99,0,4,4,103
10/23/2021,JAN,MS,ASO,ES,Combined TRACON& Tower with Radar,44,9,15,0,68,0,2,3,0,5,44,11,18,0,73,6,2,8,81
10/24/2021,JAN,MS,ASO,ES,Combined TRACON& Tower with Radar,52,10,22,0,84,0,1,2,0,3,52,11,24,0,87,0,2,2,89
10/25/2021,JAN,MS,ASO,ES,Combined TRACON& Tower with Radar,59,13,30,14,116,0,3,7,0,10,59,16,37,14,126,0,6,6,132
10/26/2021,JAN,MS,ASO,ES,Combined TRACON& Tower with Radar,50,18,28,72,168,0,1,10,10,21,50,19,38,82,189,0,164,164,353
10/27/2021,JAN,MS,ASO,ES,Combined TRACON& Tower with Radar,52,8,28,8,96,0,1,5,1,7,52,9,33,9,103,0,24,24,127
10/28/2021,JAN,MS,ASO,ES,Combined TRACON& Tower with Radar,57,15,21,32,125,0,2,6,1,9,57,17,27,33,134,0,86,86,220
10/29/2021,JAN,MS,ASO,ES,Combined TRACON& Tower with Radar,57,14,24,8,103,0,0,2,0,2,57,14,26,8,105,0,6,6,111
10/30/2021,JAN,MS,ASO,ES,Combined TRACON& Tower with Radar,45,6,7,5,63,0,1,2,0,3,45,7,9,5,66,0,0,0,66
10/31/2021,JAN,MS,ASO,ES,Combined TRACON& Tower with Radar,43,7,9,1,60,0,1,10,0,11,43,8,19,1,71,0,0,0,71
11/01/2021,JAN,MS,ASO,ES,Combined TRACON& Tower with Radar,51,14,15,35,115,0,2,3,10,15,51,16,18,45,130,4,140,144,274
11/02/2021,JAN,MS,ASO,ES,Combined TRACON& Tower with Radar,45,11,32,47,135,0,0,8,4,12,45,11,40,51,147,12,172,184,331
11/03/2021,JAN,MS,ASO,ES,Combined TRACON& Tower with Radar,50,22,38,17,127,0,1,7,5,13,50,23,45,22,140,8,184,192,332
11/04/2021,JAN,MS,ASO,ES,Combined TRACON& Tower with Radar,53,15,38,49,155,0,0,5,6,11,53,15,43,55,166,0,118,118,284
11/05/2021,JAN,MS,ASO,ES,Combined TRACON& Tower with Radar,56,25,39,42,162,0,1,1,1,3,56,26,40,43,165,2,36,38,203
11/06/2021,JAN,MS,ASO,ES,Combined TRACON& Tower with Radar,42,9,25,11,87,0,2,3,4,9,42,11,28,15,96,8,12,20,116
11/07/2021,JAN,MS,ASO,ES,Combined TRACON& Tower with Radar,45,11,22,9,87,0,2,6,2,10,45,13,28,11,97,7,10,17,114
11/08/2021,JAN,MS,ASO,ES,Combined TRACON& Tower with Radar,48,15,21,10,94,0,3,2,5,10,48,18,23,15,104,10,122,132,236
11/09/2021,JAN,MS,ASO,ES,Combined TRACON& Tower with Radar,44,16,23,37,120,0,1,7,9,17,44,17,30,46,137,46,157,203,340
11/10/2021,JAN,MS,ASO,ES,Combined TRACON& Tower with Radar,48,15,24,27,114,0,2,1,9,12,48,17,25,36,126,10,188,198,324
11/11/2021,JAN,MS,ASO,ES,Combined TRACON& Tower with Radar,49,16,12,6,83,0,2,2,0,4,49,18,14,6,87,16,16,32,119
11/12/2021,JAN,MS,ASO,ES,Combined TRACON& Tower with Radar,51,17,13,3,84,0,1,1,1,3,51,18,14,4,87,0,0,0,87
11/13/2021,JAN,MS,ASO,ES,Combined TRACON& Tower with Radar,38,8,18,3,67,0,3,4,0,7,38,11,22,3,74,10,10,20,94
11/14/2021,JAN,MS,ASO,ES,Combined TRACON& Tower with Radar,44,19,16,2,81,0,6,1,0,7,44,25,17,2,88,16,0,16,104
11/15/2021,JAN,MS,ASO,ES,Combined TRACON& Tower with Radar,48,16,19,23,106,0,4,5,4,13,48,20,24,27,119,0,72,72,191
11/16/2021,JAN,MS,ASO,ES,Combined TRACON& Tower with Radar,44,25,27,27,123,0,2,4,1,7,44,27,31,28,130,18,172,190,320
11/17/2021,JAN,MS,ASO,ES,Combined TRACON& Tower with Radar,47,17,37,31,132,0,1,0,6,7,47,18,37,37,139,2,96,98,237
11/18/2021,JAN,MS,ASO,ES,Combined TRACON& Tower with Radar,51,14,27,33,125,0,5,0,0,5,51,19,27,33,130,0,64,64,194
11/19/2021,JAN,MS,ASO,ES,Combined TRACON& Tower with Radar,52,16,15,17,100,0,8,4,3,15,52,24,19,20,115,10,40,50,165
11/20/2021,JAN,MS,ASO,ES,Combined TRACON& Tower with Radar,41,12,11,5,69,0,2,0,0,2,41,14,11,5,71,0,22,22,93
11/21/2021,JAN,MS,ASO,ES,Combined TRACON& Tower with Radar,41,9,11,2,63,0,4,1,0,5,41,13,12,2,68,4,0,4,72
11/22/2021,JAN,MS,ASO,ES,Combined TRACON& Tower with Radar,47,19,20,38,124,0,1,3,2,6,47,20,23,40,130,0,144,144,274
11/23/2021,JAN,MS,ASO,ES,Combined TRACON& Tower with Radar,52,15,13,19,99,0,2,2,10,14,52,17,15,29,113,0,112,112,225
11/24/2021,JAN,MS,ASO,ES,Combined TRACON& Tower with Radar,51,19,19,8,97,0,0,7,3,10,51,19,26,11,107,0,22,22,129
11/25/2021,JAN,MS,ASO,ES,Combined TRACON& Tower with Radar,27,8,1,0,36,0,0,1,0,1,27,8,2,0,37,0,0,0,37
11/26/2021,JAN,MS,ASO,ES,Combined TRACON& Tower with Radar,43,18,8,1,70,0,5,6,0,11,43,23,14,1,81,0,2,2,83
11/27/2021,JAN,MS,ASO,ES,Combined TRACON& Tower with Radar,41,13,17,1,72,0,1,6,0,7,41,14,23,1,79,4,8,12,91
11/28/2021,JAN,MS,ASO,ES,Combined TRACON& Tower with Radar,48,11,11,0,70,0,2,3,0,5,48,13,14,0,75,0,0,0,75
11/29/2021,JAN,MS,ASO,ES,Combined TRACON& Tower with Radar,50,22,17,13,102,0,2,5,7,14,50,24,22,20,116,4,98,102,218
11/30/2021,JAN,MS,ASO,ES,Combined TRACON& Tower with Radar,49,15,21,32,117,0,1,6,12,19,49,16,27,44,136,6,192,198,334
12/01/2021,JAN,MS,ASO,ES,Combined TRACON& Tower with Radar,48,16,31,25,120,0,2,4,18,24,48,18,35,43,144,10,116,126,270
12/02/2021,JAN,MS,ASO,ES,Combined TRACON& Tower with Radar,50,15,24,30,119,0,2,3,14,19,50,17,27,44,138,20,98,118,256
12/03/2021,JAN,MS,ASO,ES,Combined TRACON& Tower with Radar,53,11,34,48,146,0,3,8,7,18,53,14,42,55,164,10,218,228,392
12/04/2021,JAN,MS,ASO,ES,Combined TRACON& Tower with Radar,36,13,11,36,96,0,1,5,0,6,36,14,16,36,102,4,24,28,130
12/05/2021,JAN,MS,ASO,ES,Combined TRACON& Tower with Radar,46,16,8,10,80,0,3,2,1,6,46,19,10,11,86,0,10,10,96
12/06/2021,JAN,MS,ASO,ES,Combined TRACON& Tower with Radar,47,15,11,2,75,0,1,0,0,1,47,16,11,2,76,0,0,0,76
12/07/2021,JAN,MS,ASO,ES,Combined TRACON& Tower with Radar,62,11,22,26,121,0,1,0,1,2,62,12,22,27,123,26,18,44,167
12/08/2021,JAN,MS,ASO,ES,Combined TRACON& Tower with Radar,51,28,26,29,134,0,2,0,2,4,51,30,26,31,138,6,110,116,254
12/09/2021,JAN,MS,ASO,ES,Combined TRACON& Tower with Radar,50,12,28,11,101,0,0,0,5,5,50,12,28,16,106,0,70,70,176
12/10/2021,JAN,MS,ASO,ES,Combined TRACON& Tower with Radar,50,13,16,24,103,0,1,2,0,3,50,14,18,24,106,0,20,20,126
12/11/2021,JAN,MS,ASO,ES,Combined TRACON& Tower with Radar,36,7,6,0,49,0,2,1,0,3,36,9,7,0,52,24,0,24,76
12/12/2021,JAN,MS,ASO,ES,Combined TRACON& Tower with Radar,43,13,10,4,70,0,1,1,0,2,43,14,11,4,72,2,4,6,78
12/13/2021,JAN,MS,ASO,ES,Combined TRACON& Tower with Radar,48,14,26,43,131,0,4,6,6,16,48,18,32,49,147,2,124,126,273
12/14/2021,JAN,MS,ASO,ES,Combined TRACON& Tower with Radar,47,17,18,84,166,0,3,1,10,14,47,20,19,94,180,0,208,208,388
12/15/2021,JAN,MS,ASO,ES,Combined TRACON& Tower with Radar,50,18,29,44,141,0,1,2,4,7,50,19,31,48,148,14,92,106,254
12/16/2021,JAN,MS,ASO,ES,Combined TRACON& Tower with Radar,44,23,29,40,136,0,1,9,0,10,44,24,38,40,146,18,60,78,224
12/17/2021,JAN,MS,ASO,ES,Combined TRACON& Tower with Radar,47,22,36,92,197,0,1,1,0,2,47,23,37,92,199,6,132,138,337
12/18/2021,JAN,MS,ASO,ES,Combined TRACON& Tower with Radar,41,15,26,3,85,0,0,1,0,1,41,15,27,3,86,12,2,14,100
12/19/2021,JAN,MS,ASO,ES,Combined TRACON& Tower with Radar,32,16,15,3,66,0,2,2,0,4,32,18,17,3,70,6,0,6,76
12/20/2021,JAN,MS,ASO,ES,Combined TRACON& Tower with Radar,39,22,7,13,81,0,2,0,3,5,39,24,7,16,86,2,48,50,136
12/21/2021,JAN,MS,ASO,ES,Combined TRACON& Tower with Radar,40,31,16,25,112,0,5,1,0,6,40,36,17,25,118,0,76,76,194
12/22/2021,JAN,MS,ASO,ES,Combined TRACON& Tower with Radar,41,16,10,15,82,0,0,8,2,10,41,16,18,17,92,2,48,50,142
12/23/2021,JAN,MS,ASO,ES,Combined TRACON& Tower with Radar,39,18,12,1,70,0,1,8,0,9,39,19,20,1,79,0,0,0,79
12/24/2021,JAN,MS,ASO,ES,Combined TRACON& Tower with Radar,32,10,4,1,47,0,2,0,0,2,32,12,4,1,49,0,0,0,49
12/25/2021,JAN,MS,ASO,ES,Combined TRACON& Tower with Radar,24,12,0,0,36,0,4,4,0,8,24,16,4,0,44,0,0,0,44
12/26/2021,JAN,MS,ASO,ES,Combined TRACON& Tower with Radar,37,17,4,0,58,0,3,2,0,5,37,20,6,0,63,0,0,0,63
12/27/2021,JAN,MS,ASO,ES,Combined TRACON& Tower with Radar,38,15,21,4,78,0,4,2,0,6,38,19,23,4,84,2,0,2,86
12/28/2021,JAN,MS,ASO,ES,Combined TRACON& Tower with Radar,39,20,11,2,72,0,2,0,0,2,39,22,11,2,74,2,4,6,80
12/29/2021,JAN,MS,ASO,ES,Combined TRACON& Tower with Radar,43,18,14,4,79,0,0,0,4,4,43,18,14,8,83,8,10,18,101
12/30/2021,JAN,MS,ASO,ES,Combined TRACON& Tower with Radar,40,22,12,13,87,0,2,3,1,6,40,24,15,14,93,0,12,12,105
12/31/2021,JAN,MS,ASO,ES,Combined TRACON& Tower with Radar,35,16,8,0,59,0,1,1,1,3,35,17,9,1,62,0,0,0,62
01/01/2022,JAN,MS,ASO,ES,Combined TRACON& Tower with Radar,23,19,8,0,50,0,1,0,0,1,23,20,8,0,51,0,0,0,51
01/02/2022,JAN,MS,ASO,ES,Combined TRACON& Tower with Radar,32,21,11,0,64,0,0,0,0,0,32,21,11,0,64,0,0,0,64
01/03/2022,JAN,MS,ASO,ES,Combined TRACON& Tower with Radar,39,18,12,0,69,0,1,3,0,4,39,19,15,0,73,0,0,0,73
01/04/2022,JAN,MS,ASO,ES,Combined TRACON& Tower with Radar,36,17,15,26,94,0,4,4,5,13,36,21,19,31,107,20,28,48,155
01/05/2022,JAN,MS,ASO,ES,Combined TRACON& Tower with Radar,38,22,20,23,103,0,1,4,0,5,38,23,24,23,108,0,82,82,190
01/06/2022,JAN,MS,ASO,ES,Combined TRACON& Tower with Radar,37,19,8,33,97,0,0,0,0,0,37,19,8,33,97,0,34,34,131
01/07/2022,JAN,MS,ASO,ES,Combined TRACON& Tower with Radar,39,18,11,34,102,0,0,7,4,11,39,18,18,38,113,10,86,96,209
01/08/2022,JAN,MS,ASO,ES,Combined TRACON& Tower with Radar,30,12,24,11,77,0,1,9,2,12,30,13,33,13,89,10,6,16,105
01/09/2022,JAN,MS,ASO,ES,Combined TRACON& Tower with Radar,27,19,5,0,51,0,0,2,0,2,27,19,7,0,53,2,0,2,55
01/10/2022,JAN,MS,ASO,ES,Combined TRACON& Tower with Radar,38,23,17,24,102,0,2,13,12,27,38,25,30,36,129,18,92,110,239
01/11/2022,JAN,MS,ASO,ES,Combined TRACON& Tower with Radar,35,16,23,40,114,0,0,6,10,16,35,16,29,50,130,18,166,184,314
01/12/2022,JAN,MS,ASO,ES,Combined TRACON& Tower with Radar,39,19,26,53,137,0,1,6,6,13,39,20,32,59,150,24,104,128,278
01/13/2022,JAN,MS,ASO,ES,Combined TRACON& Tower with Radar,40,16,24,13,93,0,3,8,1,12,40,19,32,14,105,10,26,36,141
01/14/2022,JAN,MS,ASO,ES,Combined TRACON& Tower with Radar,40,26,27,60,153,0,4,3,8,15,40,30,30,68,168,10,66,76,244
01/15/2022,JAN,MS,ASO,ES,Combined TRACON& Tower with Radar,28,14,5,0,47,0,0,0,0,0,28,14,5,0,47,0,0,0,47
01/16/2022,JAN,MS,ASO,ES,Combined TRACON& Tower with Radar,20,11,7,1,39,0,2,0,0,2,20,13,7,1,41,0,0,0,41
01/17/2022,JAN,MS,ASO,ES,Combined TRACON& Tower with Radar,37,12,14,10,73,0,4,5,0,9,37,16,19,10,82,2,0,2,84
01/18/2022,JAN,MS,ASO,ES,Combined TRACON& Tower with Radar,38,21,24,49,132,0,1,5,5,11,38,22,29,54,143,12,182,194,337
01/19/2022,JAN,MS,ASO,ES,Combined TRACON& Tower with Radar,38,14,28,16,96,0,2,3,5,10,38,16,31,21,106,2,100,102,208
01/20/2022,JAN,MS,ASO,ES,Combined TRACON& Tower with Radar,43,11,15,21,90,0,1,3,0,4,43,12,18,21,94,0,32,32,126
01/21/2022,JAN,MS,ASO,ES,Combined TRACON& Tower with Radar,41,18,26,28,113,0,1,5,10,16,41,19,31,38,129,6,126,132,261
01/22/2022,JAN,MS,ASO,ES,Combined TRACON& Tower with Radar,31,8,10,6,55,0,1,9,0,10,31,9,19,6,65,6,6,12,77
01/23/2022,JAN,MS,ASO,ES,Combined TRACON& Tower with Radar,39,10,19,19,87,0,0,6,1,7,39,10,25,20,94,4,24,28,122
01/24/2022,JAN,MS,ASO,ES,Combined TRACON& Tower with Radar,39,19,23,31,112,0,3,5,8,16,39,22,28,39,128,4,92,96,224
01/25/2022,JAN,MS,ASO,ES,Combined TRACON& Tower with Radar,41,14,21,18,94,0,0,0,0,0,41,14,21,18,94,0,4,4,98
01/26/2022,JAN,MS,ASO,ES,Combined TRACON& Tower with Radar,39,11,26,30,106,0,3,7,5,15,39,14,33,35,121,12,140,152,273
01/27/2022,JAN,MS,ASO,ES,Combined TRACON& Tower with Radar,43,23,26,15,107,0,6,6,13,25,43,29,32,28,132,16,174,190,322
01/28/2022,JAN,MS,ASO,ES,Combined TRACON& Tower with Radar,39,12,8,53,112,0,6,5,7,18,39,18,13,60,130,0,200,200,330
01/29/2022,JAN,MS,ASO,ES,Combined TRACON& Tower with Radar,27,11,14,5,57,0,3,11,0,14,27,14,25,5,71,4,4,8,79
01/30/2022,JAN,MS,ASO,ES,Combined TRACON& Tower with Radar,38,14,14,12,78,0,12,8,2,22,38,26,22,14,100,10,10,20,120
01/31/2022,JAN,MS,ASO,ES,Combined TRACON& Tower with Radar,41,12,29,26,108,0,3,3,4,10,41,15,32,30,118,4,140,144,262
02/01/2022,JAN,MS,ASO,ES,Combined TRACON& Tower with Radar,37,16,28,27,108,0,5,4,2,11,37,21,32,29,119,8,56,64,183
02/02/2022,JAN,MS,ASO,ES,Combined TRACON& Tower with Radar,32,14,31,33,110,0,1,2,0,3,32,15,33,33,113,2,28,30,143
02/03/2022,JAN,MS,ASO,ES,Combined TRACON& Tower with Radar,36,6,13,1,56,0,0,0,0,0,36,6,13,1,56,0,0,0,56
02/04/2022,JAN,MS,ASO,ES,Combined TRACON& Tower with Radar,35,12,15,8,70,0,0,0,0,0,35,12,15,8,70,2,8,10,80
02/05/2022,JAN,MS,ASO,ES,Combined TRACON& Tower with Radar,25,10,10,6,51,0,0,8,0,8,25,10,18,6,59,10,2,12,71
02/06/2022,JAN,MS,ASO,ES,Combined TRACON& Tower with Radar,42,9,9,5,65,0,5,3,8,16,42,14,12,13,81,10,20,30,111
02/07/2022,JAN,MS,ASO,ES,Combined TRACON& Tower with Radar,38,24,34,21,117,0,0,7,8,15,38,24,41,29,132,18,148,166,298
02/08/2022,JAN,MS,ASO,ES,Combined TRACON& Tower with Radar,36,21,32,44,133,0,1,14,1,16,36,22,46,45,149,12,86,98,247
02/09/2022,JAN,MS,ASO,ES,Combined TRACON& Tower with Radar,40,12,47,25,124,0,3,11,3,17,40,15,58,28,141,20,72,92,233
02/10/2022,JAN,MS,ASO,ES,Combined TRACON& Tower with Radar,41,14,34,37,126,0,2,6,8,16,41,16,40,45,142,30,72,102,244
02/11/2022,JAN,MS,ASO,ES,Combined TRACON& Tower with Radar,46,21,15,44,126,0,4,1,9,14,46,25,16,53,140,0,124,124,264
02/12/2022,JAN,MS,ASO,ES,Combined TRACON& Tower with Radar,26,9,13,0,48,0,3,5,4,12,26,12,18,4,60,2,6,8,68
02/13/2022,JAN,MS,ASO,ES,Combined TRACON& Tower with Radar,39,13,15,21,88,0,1,3,2,6,39,14,18,23,94,0,10,10,104
02/14/2022,JAN,MS,ASO,ES,Combined TRACON& Tower with Radar,38,27,24,22,111,0,7,3,6,16,38,34,27,28,127,22,126,148,275
02/15/2022,JAN,MS,ASO,ES,Combined TRACON& Tower with Radar,34,18,24,32,108,0,2,6,2,10,34,20,30,34,118,0,80,80,198
02/16/2022,JAN,MS,ASO,ES,Combined TRACON& Tower with Radar,40,15,25,39,119,0,2,2,0,4,40,17,27,39,123,0,66,66,189
02/17/2022,JAN,MS,ASO,ES,Combined TRACON& Tower with Radar,39,17,17,1,74,0,0,0,0,0,39,17,17,1,74,0,0,0,74
02/18/2022,JAN,MS,ASO,ES,Combined TRACON& Tower with Radar,39,11,14,44,108,0,0,6,4,10,39,11,20,48,118,8,80,88,206
02/19/2022,JAN,MS,ASO,ES,Combined TRACON& Tower with Radar,25,9,8,26,68,0,1,6,0,7,25,10,14,26,75,0,20,20,95
02/20/2022,JAN,MS,ASO,ES,Combined TRACON& Tower with Radar,37,6,9,11,63,0,0,8,0,8,37,6,17,11,71,10,4,14,85
02/21/2022,JAN,MS,ASO,ES,Combined TRACON& Tower with Radar,42,9,10,1,62,0,0,0,0,0,42,9,10,1,62,2,0,2,64
02/22/2022,JAN,MS,ASO,ES,Combined TRACON& Tower with Radar,36,21,23,26,106,0,2,0,6,8,36,23,23,32,114,2,102,104,218
02/23/2022,JAN,MS,ASO,ES,Combined TRACON& Tower with Radar,38,12,25,14,89,0,0,0,0,0,38,12,25,14,89,0,10,10,99
02/24/2022,JAN,MS,ASO,ES,Combined TRACON& Tower with Radar,42,17,32,16,107,0,2,0,0,2,42,19,32,16,109,0,16,16,125
02/25/2022,JAN,MS,ASO,ES,Combined TRACON& Tower with Radar,43,14,16,10,83,0,0,1,0,1,43,14,17,10,84,2,12,14,98
02/26/2022,JAN,MS,ASO,ES,Combined TRACON& Tower with Radar,27,13,9,0,49,0,0,0,0,0,27,13,9,0,49,2,0,2,51
02/27/2022,JAN,MS,ASO,ES,Combined TRACON& Tower with Radar,39,10,10,1,60,0,0,0,0,0,39,10,10,1,60,0,2,2,62
02/28/2022,JAN,MS,ASO,ES,Combined TRACON& Tower with Radar,42,10,27,12,91,0,6,9,3,18,42,16,36,15,109,8,54,62,171
03/01/2022,JAN,MS,ASO,ES,Combined TRACON& Tower with Radar,36,19,28,37,120,0,5,7,5,17,36,24,35,42,137,16,60,76,213
03/02/2022,JAN,MS,ASO,ES,Combined TRACON& Tower with Radar,38,14,21,30,103,0,9,8,4,21,38,23,29,34,124,10,88,98,222
03/03/2022,JAN,MS,ASO,ES,Combined TRACON& Tower with Radar,35,11,41,26,113,0,3,15,16,34,35,14,56,42,147,28,94,122,269
03/04/2022,JAN,MS,ASO,ES,Combined TRACON& Tower with Radar,41,13,15,36,105,0,2,9,10,21,41,15,24,46,126,12,58,70,196
03/05/2022,JAN,MS,ASO,ES,Combined TRACON& Tower with Radar,30,8,2,5,45,0,5,0,0,5,30,13,2,5,50,2,0,2,52
03/06/2022,JAN,MS,ASO,ES,Combined TRACON& Tower with Radar,37,10,31,18,96,0,5,1,1,7,37,15,32,19,103,4,0,4,107
03/07/2022,JAN,MS,ASO,ES,Combined TRACON& Tower with Radar,39,13,15,21,88,0,1,0,2,3,39,14,15,23,91,2,48,50,141
03/08/2022,JAN,MS,ASO,ES,Combined TRACON& Tower with Radar,38,20,18,5,81,0,1,0,0,1,38,21,18,5,82,0,2,2,84
03/09/2022,JAN,MS,ASO,ES,Combined TRACON& Tower with Radar,37,22,17,17,93,0,0,1,0,1,37,22,18,17,94,2,22,24,118
03/10/2022,JAN,MS,ASO,ES,Combined TRACON& Tower with Radar,42,16,16,21,95,0,1,4,2,7,42,17,20,23,102,2,78,80,182
03/11/2022,JAN,MS,ASO,ES,Combined TRACON& Tower with Radar,42,25,24,40,131,0,5,1,10,16,42,30,25,50,147,10,102,112,259
03/12/2022,JAN,MS,ASO,ES,Combined TRACON& Tower with Radar,28,12,10,4,54,0,0,1,0,1,28,12,11,4,55,0,4,4,59
03/13/2022,JAN,MS,ASO,ES,Combined TRACON& Tower with Radar,39,13,11,2,65,0,1,3,3,7,39,14,14,5,72,0,2,2,74
03/14/2022,JAN,MS,ASO,ES,Combined TRACON& Tower with Radar,39,13,30,30,112,0,3,11,3,17,39,16,41,33,129,8,78,86,215
03/15/2022,JAN,MS,ASO,ES,Combined TRACON& Tower with Radar,38,18,10,19,85,0,0,0,0,0,38,18,10,19,85,0,42,42,127
03/16/2022,JAN,MS,ASO,ES,Combined TRACON& Tower with Radar,39,19,30,16,104,0,5,2,1,8,39,24,32,17,112,20,32,52,164
03/17/2022,JAN,MS,ASO,ES,Combined TRACON& Tower with Radar,39,28,27,27,121,0,1,5,0,6,39,29,32,27,127,14,56,70,197
03/18/2022,JAN,MS,ASO,ES,Combined TRACON& Tower with Radar,38,18,8,11,75,0,4,4,0,8,38,22,12,11,83,2,30,32,115
03/19/2022,JAN,MS,ASO,ES,Combined TRACON& Tower with Radar,30,10,7,8,55,0,0,3,1,4,30,10,10,9,59,6,14,20,79
03/20/2022,JAN,MS,ASO,ES,Combined TRACON& Tower with Radar,41,15,9,5,70,0,1,9,1,11,41,16,18,6,81,2,36,38,119
03/21/2022,JAN,MS,ASO,ES,Combined TRACON& Tower with Radar,36,11,21,17,85,0,3,2,11,16,36,14,23,28,101,0,72,72,173
03/22/2022,JAN,MS,ASO,ES,Combined TRACON& Tower with Radar,26,6,9,8,49,0,0,0,0,0,26,6,9,8,49,0,6,6,55
03/23/2022,JAN,MS,ASO,ES,Combined TRACON& Tower with Radar,34,13,31,28,106,0,1,2,8,11,34,14,33,36,117,0,100,100,217
03/24/2022,JAN,MS,ASO,ES,Combined TRACON& Tower with Radar,36,23,20,17,96,0,0,5,5,10,36,23,25,22,106,0,24,24,130
03/25/2022,JAN,MS,ASO,ES,Combined TRACON& Tower with Radar,40,9,22,12,83,0,4,12,6,22,40,13,34,18,105,2,16,18,123
03/26/2022,JAN,MS,ASO,ES,Combined TRACON& Tower with Radar,28,11,10,0,49,0,3,9,0,12,28,14,19,0,61,8,0,8,69
03/27/2022,JAN,MS,ASO,ES,Combined TRACON& Tower with Radar,38,5,20,3,66,0,5,8,2,15,38,10,28,5,81,0,0,0,81
03/28/2022,JAN,MS,ASO,ES,Combined TRACON& Tower with Radar,43,23,31,34,131,0,4,2,0,6,43,27,33,34,137,34,114,148,285
03/29/2022,JAN,MS,ASO,ES,Combined TRACON& Tower with Radar,45,11,30,17,103,0,3,3,2,8,45,14,33,19,111,28,22,50,161
03/30/2022,JAN,MS,ASO,ES,Combined TRACON& Tower with Radar,34,7,2,1,44,0,1,3,0,4,34,8,5,1,48,0,4,4,52
03/31/2022,JAN,MS,ASO,ES,Combined TRACON& Tower with Radar,37,16,18,16,87,0,0,1,1,2,37,16,19,17,89,2,14,16,105
04/01/2022,JAN,MS,ASO,ES,Combined TRACON& Tower with Radar,34,15,12,14,75,0,5,11,13,29,34,20,23,27,104,10,50,60,164
04/02/2022,JAN,MS,ASO,ES,Combined TRACON& Tower with Radar,25,11,13,6,55,0,2,2,2,6,25,13,15,8,61,20,6,26,87
04/03/2022,JAN,MS,ASO,ES,Combined TRACON& Tower with Radar,31,13,14,5,63,0,1,1,0,2,31,14,15,5,65,8,2,10,75
04/04/2022,JAN,MS,ASO,ES,Combined TRACON& Tower with Radar,37,10,14,54,115,0,2,5,9,16,37,12,19,63,131,2,186,188,319
04/05/2022,JAN,MS,ASO,ES,Combined TRACON& Tower with Radar,39,17,14,26,96,0,1,0,1,2,39,18,14,27,98,0,50,50,148
04/06/2022,JAN,MS,ASO,ES,Combined TRACON& Tower with Radar,40,27,29,48,144,0,0,3,1,4,40,27,32,49,148,4,94,98,246
04/07/2022,JAN,MS,ASO,ES,Combined TRACON& Tower with Radar,44,13,36,25,118,0,3,5,11,19,44,16,41,36,137,4,62,66,203
04/08/2022,JAN,MS,ASO,ES,Combined TRACON& Tower with Radar,42,19,17,19,97,0,2,3,10,15,42,21,20,29,112,4,36,40,152
04/09/2022,JAN,MS,ASO,ES,Combined TRACON& Tower with Radar,29,8,18,3,58,0,2,9,0,11,29,10,27,3,69,22,2,24,93
04/10/2022,JAN,MS,ASO,ES,Combined TRACON& Tower with Radar,39,10,13,4,66,0,2,7,0,9,39,12,20,4,75,14,0,14,89
04/11/2022,JAN,MS,ASO,ES,Combined TRACON& Tower with Radar,40,33,18,33,124,0,1,0,0,1,40,34,18,33,125,0,36,36,161
04/12/2022,JAN,MS,ASO,ES,Combined TRACON& Tower with Radar,41,24,32,38,135,0,0,2,8,10,41,24,34,46,145,2,110,112,257
04/13/2022,JAN,MS,ASO,ES,Combined TRACON& Tower with Radar,35,16,18,25,94,0,1,0,1,2,35,17,18,26,96,0,112,112,208
04/14/2022,JAN,MS,ASO,ES,Combined TRACON& Tower with Radar,41,23,18,67,149,0,2,5,8,15,41,25,23,75,164,12,116,128,292
04/15/2022,JAN,MS,ASO,ES,Combined TRACON& Tower with Radar,43,16,23,11,93,0,2,5,5,12,43,18,28,16,105,12,52,64,169
04/16/2022,JAN,MS,ASO,ES,Combined TRACON& Tower with Radar,33,10,9,0,52,0,0,0,0,0,33,10,9,0,52,2,4,6,58
04/17/2022,JAN,MS,ASO,ES,Combined TRACON& Tower with Radar,41,11,8,4,64,0,0,0,0,0,41,11,8,4,64,2,8,10,74
04/18/2022,JAN,MS,ASO,ES,Combined TRACON& Tower with Radar,42,32,31,57,162,0,3,0,1,4,42,35,31,58,166,24,122,146,312
04/19/2022,JAN,MS,ASO,ES,Combined TRACON& Tower with Radar,41,23,29,49,142,0,2,8,12,22,41,25,37,61,164,22,120,142,306
04/20/2022,JAN,MS,ASO,ES,Combined TRACON& Tower with Radar,39,16,25,48,128,0,5,1,7,13,39,21,26,55,141,0,142,142,283
04/21/2022,JAN,MS,ASO,ES,Combined TRACON& Tower with Radar,42,20,38,44,144,0,5,3,6,14,42,25,41,50,158,8,120,128,286
04/22/2022,JAN,MS,ASO,ES,Combined TRACON& Tower with Radar,43,30,22,32,127,0,6,4,9,19,43,36,26,41,146,6,112,118,264
04/23/2022,JAN,MS,ASO,ES,Combined TRACON& Tower with Radar,34,14,14,4,66,0,2,3,2,7,34,16,17,6,73,4,0,4,77
04/24/2022,JAN,MS,ASO,ES,Combined TRACON& Tower with Radar,39,10,22,11,82,0,1,2,1,4,39,11,24,12,86,4,4,8,94
04/25/2022,JAN,MS,ASO,ES,Combined TRACON& Tower with Radar,40,12,12,5,69,0,3,1,0,4,40,15,13,5,73,4,0,4,77
04/26/2022,JAN,MS,ASO,ES,Combined TRACON& Tower with Radar,39,13,18,57,127,0,7,2,6,15,39,20,20,63,142,2,170,172,314
04/27/2022,JAN,MS,ASO,ES,Combined TRACON& Tower with Radar,40,29,39,49,157,0,2,9,3,14,40,31,48,52,171,32,152,184,355
04/28/2022,JAN,MS,ASO,ES,Combined TRACON& Tower with Radar,42,19,30,26,117,0,3,7,7,17,42,22,37,33,134,28,98,126,260
04/29/2022,JAN,MS,ASO,ES,Combined TRACON& Tower with Radar,42,11,19,17,89,0,3,2,0,5,42,14,21,17,94,16,36,52,146
04/30/2022,JAN,MS,ASO,ES,Combined TRACON& Tower with Radar,34,10,13,1,58,0,5,1,3,9,34,15,14,4,67,2,4,6,73
05/01/2022,JAN,MS,ASO,ES,Combined TRACON& Tower with Radar,40,13,22,0,75,0,3,1,0,4,40,16,23,0,79,6,0,6,85
05/02/2022,JAN,MS,ASO,ES,Combined TRACON& Tower with Radar,42,14,22,40,118,0,1,4,1,6,42,15,26,41,124,4,70,74,198
05/03/2022,JAN,MS,ASO,ES,Combined TRACON& Tower with Radar,42,18,34,24,118,0,1,1,8,10,42,19,35,32,128,6,112,118,246
05/04/2022,JAN,MS,ASO,ES,Combined TRACON& Tower with Radar,38,17,32,27,114,0,0,5,13,18,38,17,37,40,132,14,66,80,212
05/05/2022,JAN,MS,ASO,ES,Combined TRACON& Tower with Radar,47,16,17,36,116,0,1,0,4,5,47,17,17,40,121,6,52,58,179
05/06/2022,JAN,MS,ASO,ES,Combined TRACON& Tower with Radar,42,13,12,27,94,0,3,3,3,9,42,16,15,30,103,0,116,116,219
05/07/2022,JAN,MS,ASO,ES,Combined TRACON& Tower with Radar,29,11,12,0,52,0,2,6,2,10,29,13,18,2,62,6,2,8,70
05/08/2022,JAN,MS,ASO,ES,Combined TRACON& Tower with Radar,41,9,12,1,63,0,2,8,0,10,41,11,20,1,73,0,2,2,75
05/09/2022,JAN,MS,ASO,ES,Combined TRACON& Tower with Radar,43,24,25,35,127,0,1,4,7,12,43,25,29,42,139,14,154,168,307
05/10/2022,JAN,MS,ASO,ES,Combined TRACON& Tower with Radar,41,14,24,53,132,0,2,2,4,8,41,16,26,57,140,4,172,176,316
05/11/2022,JAN,MS,ASO,ES,Combined TRACON& Tower with Radar,43,22,30,25,120,0,5,6,4,15,43,27,36,29,135,0,104,104,239
05/12/2022,JAN,MS,ASO,ES,Combined TRACON& Tower with Radar,41,14,29,27,111,0,1,10,7,18,41,15,39,34,129,24,134,158,287
05/13/2022,JAN,MS,ASO,ES,Combined TRACON& Tower with Radar,41,10,21,18,90,0,0,1,0,1,41,10,22,18,91,22,20,42,133
05/14/2022,JAN,MS,ASO,ES,Combined TRACON& Tower with Radar,31,14,9,5,59,0,3,3,0,6,31,17,12,5,65,2,4,6,71
05/15/2022,JAN,MS,ASO,ES,Combined TRACON& Tower with Radar,40,8,18,4,70,0,1,5,2,8,40,9,23,6,78,6,8,14,92
05/16/2022,JAN,MS,ASO,ES,Combined TRACON& Tower with Radar,43,11,22,44,120,0,0,2,12,14,43,11,24,56,134,0,150,150,284
05/17/2022,JAN,MS,ASO,ES,Combined TRACON& Tower with Radar,42,16,33,73,164,0,5,5,0,10,42,21,38,73,174,2,116,118,292
05/18/2022,JAN,MS,ASO,ES,Combined TRACON& Tower with Radar,43,11,40,42,136,1,6,5,2,14,44,17,45,44,150,2,88,90,240
05/19/2022,JAN,MS,ASO,ES,Combined TRACON& Tower with Radar,40,18,22,45,125,0,0,3,4,7,40,18,25,49,132,0,160,160,292
05/20/2022,JAN,MS,ASO,ES,Combined TRACON& Tower with Radar,42,13,20,10,85,0,0,3,0,3,42,13,23,10,88,4,42,46,134
05/21/2022,JAN,MS,ASO,ES,Combined TRACON& Tower with Radar,29,13,9,9,60,0,0,3,2,5,29,13,12,11,65,0,6,6,71
05/22/2022,JAN,MS,ASO,ES,Combined TRACON& Tower with Radar,40,12,2,12,66,0,0,0,0,0,40,12,2,12,66,0,10,10,76
05/23/2022,JAN,MS,ASO,ES,Combined TRACON& Tower with Radar,41,17,38,34,130,0,0,0,1,1,41,17,38,35,131,0,108,108,239
05/24/2022,JAN,MS,ASO,ES,Combined TRACON& Tower with Radar,41,17,14,31,103,0,0,4,4,8,41,17,18,35,111,2,62,64,175
05/25/2022,JAN,MS,ASO,ES,Combined TRACON& Tower with Radar,40,8,17,13,78,0,0,2,13,15,40,8,19,26,93,0,72,72,165
05/26/2022,JAN,MS,ASO,ES,Combined TRACON& Tower with Radar,43,16,27,44,130,0,2,5,8,15,43,18,32,52,145,8,114,122,267
05/27/2022,JAN,MS,ASO,ES,Combined TRACON& Tower with Radar,44,17,28,8,97,0,0,10,0,10,44,17,38,8,107,16,10,26,133
05/28/2022,JAN,MS,ASO,ES,Combined TRACON& Tower with Radar,29,13,11,7,60,0,3,2,0,5,29,16,13,7,65,2,18,20,85
05/29/2022,JAN,MS,ASO,ES,Combined TRACON& Tower with Radar,38,6,7,4,55,0,4,4,0,8,38,10,11,4,63,30,0,30,93
05/30/2022,JAN,MS,ASO,ES,Combined TRACON& Tower with Radar,42,10,16,12,80,0,0,6,3,9,42,10,22,15,89,8,6,14,103
05/31/2022,JAN,MS,ASO,ES,Combined TRACON& Tower with Radar,41,10,20,46,117,0,5,4,9,18,41,15,24,55,135,8,74,82,217
06/01/2022,JAN,MS,ASO,ES,Combined TRACON& Tower with Radar,39,11,19,24,93,1,1,5,1,8,40,12,24,25,101,0,44,44,145
06/02/2022,JAN,MS,ASO,ES,Combined TRACON& Tower with Radar,46,18,18,6,88,0,0,2,3,5,46,18,20,9,93,0,18,18,111
06/03/2022,JAN,MS,ASO,ES,Combined TRACON& Tower with Radar,42,15,14,24,95,0,1,2,0,3,42,16,16,24,98,4,8,12,110
06/04/2022,JAN,MS,ASO,ES,Combined TRACON& Tower with Radar,27,20,13,10,70,0,0,7,0,7,27,20,20,10,77,4,10,14,91
06/05/2022,JAN,MS,ASO,ES,Combined TRACON& Tower with Radar,43,16,4,8,71,0,2,1,1,4,43,18,5,9,75,0,0,0,75
06/06/2022,JAN,MS,ASO,ES,Combined TRACON& Tower with Radar,42,20,23,10,95,0,7,1,0,8,42,27,24,10,103,0,6,6,109
06/07/2022,JAN,MS,ASO,ES,Combined TRACON& Tower with Radar,39,18,28,20,105,0,2,7,3,12,39,20,35,23,117,0,12,12,129
06/08/2022,JAN,MS,ASO,ES,Combined TRACON& Tower with Radar,41,24,27,19,111,0,4,1,1,6,41,28,28,20,117,0,44,44,161
06/09/2022,JAN,MS,ASO,ES,Combined TRACON& Tower with Radar,44,17,36,26,123,0,2,7,1,10,44,19,43,27,133,12,16,28,161
06/10/2022,JAN,MS,ASO,ES,Combined TRACON& Tower with Radar,43,17,13,1,74,0,0,3,0,3,43,17,16,1,77,0,0,0,77
06/11/2022,JAN,MS,ASO,ES,Combined TRACON& Tower with Radar,33,23,10,2,68,0,1,0,0,1,33,24,10,2,69,14,0,14,83
06/12/2022,JAN,MS,ASO,ES,Combined TRACON& Tower with Radar,41,17,11,12,81,0,0,4,2,6,41,17,15,14,87,0,0,0,87
06/13/2022,JAN,MS,ASO,ES,Combined TRACON& Tower with Radar,43,16,32,14,105,0,0,3,4,7,43,16,35,18,112,0,0,0,112
06/14/2022,JAN,MS,ASO,ES,Combined TRACON& Tower with Radar,41,20,23,40,124,0,2,5,7,14,41,22,28,47,138,0,92,92,230
06/15/2022,JAN,MS,ASO,ES,Combined TRACON& Tower with Radar,39,24,35,50,148,0,4,3,3,10,39,28,38,53,158,0,64,64,222
06/16/2022,JAN,MS,ASO,ES,Combined TRACON& Tower with Radar,40,18,29,39,126,0,1,6,1,8,40,19,35,40,134,2,86,88,222
06/17/2022,JAN,MS,ASO,ES,Combined TRACON& Tower with Radar,40,25,22,30,117,0,2,8,3,13,40,27,30,33,130,6,84,90,220
06/18/2022,JAN,MS,ASO,ES,Combined TRACON& Tower with Radar,30,19,13,1,63,0,1,2,0,3,30,20,15,1,66,0,0,0,66
06/19/2022,JAN,MS,ASO,ES,Combined TRACON& Tower with Radar,45,15,13,0,73,0,2,3,0,5,45,17,16,0,78,0,0,0,78
06/20/2022,JAN,MS,ASO,ES,Combined TRACON& Tower with Radar,43,21,32,0,96,0,1,6,0,7,43,22,38,0,103,0,0,0,103
06/21/2022,JAN,MS,ASO,ES,Combined TRACON& Tower with Radar,41,24,28,31,124,0,4,17,9,30,41,28,45,40,154,10,108,118,272
06/22/2022,JAN,MS,ASO,ES,Combined TRACON& Tower with Radar,39,22,32,35,128,0,5,5,10,20,39,27,37,45,148,0,156,156,304
06/23/2022,JAN,MS,ASO,ES,Combined TRACON& Tower with Radar,43,19,32,40,134,0,1,10,12,23,43,20,42,52,157,22,196,218,375
06/24/2022,JAN,MS,ASO,ES,Combined TRACON& Tower with Radar,44,23,25,22,114,0,4,4,4,12,44,27,29,26,126,2,44,46,172
06/25/2022,JAN,MS,ASO,ES,Combined TRACON& Tower with Radar,29,25,17,1,72,0,6,3,6,15,29,31,20,7,87,0,6,6,93
06/26/2022,JAN,MS,ASO,ES,Combined TRACON& Tower with Radar,40,14,14,7,75,0,1,3,0,4,40,15,17,7,79,2,0,2,81
06/27/2022,JAN,MS,ASO,ES,Combined TRACON& Tower with Radar,47,25,35,17,124,0,1,4,0,5,47,26,39,17,129,2,30,32,161
06/28/2022,JAN,MS,ASO,ES,Combined TRACON& Tower with Radar,46,19,18,31,114,0,0,8,8,16,46,19,26,39,130,14,141,155,285
06/29/2022,JAN,MS,ASO,ES,Combined TRACON& Tower with Radar,40,38,25,30,133,0,1,6,3,10,40,39,31,33,143,4,64,68,211
06/30/2022,JAN,MS,ASO,ES,Combined TRACON& Tower with Radar,43,19,22,9,93,0,2,1,2,5,43,21,23,11,98,0,86,86,184
07/01/2022,JAN,MS,ASO,ES,Combined TRACON& Tower with Radar,38,24,30,11,103,1,1,0,1,3,39,25,30,12,106,0,6,6,112
07/02/2022,JAN,MS,ASO,ES,Combined TRACON& Tower with Radar,31,10,9,1,51,0,3,2,0,5,31,13,11,1,56,0,0,0,56
07/03/2022,JAN,MS,ASO,ES,Combined TRACON& Tower with Radar,37,5,3,0,45,0,0,4,1,5,37,5,7,1,50,0,0,0,50
07/04/2022,JAN,MS,ASO,ES,Combined TRACON& Tower with Radar,35,8,10,0,53,0,1,1,0,2,35,9,11,0,55,2,0,2,57
07/05/2022,JAN,MS,ASO,ES,Combined TRACON& Tower with Radar,36,14,23,14,87,0,2,1,3,6,36,16,24,17,93,0,30,30,123
07/06/2022,JAN,MS,ASO,ES,Combined TRACON& Tower with Radar,37,17,13,40,107,0,0,2,2,4,37,17,15,42,111,0,68,68,179
07/07/2022,JAN,MS,ASO,ES,Combined TRACON& Tower with Radar,40,24,18,31,113,0,2,5,1,8,40,26,23,32,121,42,102,144,265
07/08/2022,JAN,MS,ASO,ES,Combined TRACON& Tower with Radar,40,25,14,60,139,0,4,3,4,11,40,29,17,64,150,8,178,186,336
07/09/2022,JAN,MS,ASO,ES,Combined TRACON& Tower with Radar,28,12,8,6,54,0,2,4,0,6,28,14,12,6,60,6,2,8,68
07/10/2022,JAN,MS,ASO,ES,Combined TRACON& Tower with Radar,38,10,16,13,77,0,3,2,0,5,38,13,18,13,82,0,8,8,90
07/11/2022,JAN,MS,ASO,ES,Combined TRACON& Tower with Radar,44,21,24,56,145,0,4,5,1,10,44,25,29,57,155,6,112,118,273
07/12/2022,JAN,MS,ASO,ES,Combined TRACON& Tower with Radar,48,12,17,58,135,0,1,2,14,17,48,13,19,72,152,4,160,164,316
07/13/2022,JAN,MS,ASO,ES,Combined TRACON& Tower with Radar,41,12,19,30,102,0,4,4,3,11,41,16,23,33,113,4,86,90,203
07/14/2022,JAN,MS,ASO,ES,Combined TRACON& Tower with Radar,41,12,28,11,92,0,1,4,1,6,41,13,32,12,98,2,8,10,108
07/15/2022,JAN,MS,ASO,ES,Combined TRACON& Tower with Radar,40,15,17,28,100,0,0,3,2,5,40,15,20,30,105,4,50,54,159
07/16/2022,JAN,MS,ASO,ES,Combined TRACON& Tower with Radar,30,14,7,2,53,0,1,4,0,5,30,15,11,2,58,2,0,2,60
07/17/2022,JAN,MS,ASO,ES,Combined TRACON& Tower with Radar,36,10,12,8,66,0,0,2,0,2,36,10,14,8,68,16,0,16,84
07/18/2022,JAN,MS,ASO,ES,Combined TRACON& Tower with Radar,38,22,12,70,142,0,2,3,7,12,38,24,15,77,154,2,62,64,218
07/19/2022,JAN,MS,ASO,ES,Combined TRACON& Tower with Radar,39,30,27,60,156,0,3,8,4,15,39,33,35,64,171,10,116,126,297
07/20/2022,JAN,MS,ASO,ES,Combined TRACON& Tower with Radar,38,23,20,53,134,0,2,7,4,13,38,25,27,57,147,0,120,120,267
07/21/2022,JAN,MS,ASO,ES,Combined TRACON& Tower with Radar,39,15,13,24,91,0,2,0,3,5,39,17,13,27,96,0,80,80,176
07/22/2022,JAN,MS,ASO,ES,Combined TRACON& Tower with Radar,45,16,19,10,90,0,2,1,1,4,45,18,20,11,94,2,56,58,152
07/23/2022,JAN,MS,ASO,ES,Combined TRACON& Tower with Radar,27,14,12,2,55,0,0,1,0,1,27,14,13,2,56,0,0,0,56
07/24/2022,JAN,MS,ASO,ES,Combined TRACON& Tower with Radar,40,10,18,2,70,0,3,5,0,8,40,13,23,2,78,34,0,34,112
07/25/2022,JAN,MS,ASO,ES,Combined TRACON& Tower with Radar,44,8,25,31,108,0,7,5,8,20,44,15,30,39,128,2,138,140,268
07/26/2022,JAN,MS,ASO,ES,Combined TRACON& Tower with Radar,36,12,22,38,108,0,2,5,4,11,36,14,27,42,119,0,4,4,123
07/27/2022,JAN,MS,ASO,ES,Combined TRACON& Tower with Radar,38,29,34,34,135,0,2,2,2,6,38,31,36,36,141,24,80,104,245
07/28/2022,JAN,MS,ASO,ES,Combined TRACON& Tower with Radar,41,15,31,10,97,0,3,3,4,10,41,18,34,14,107,12,34,46,153
07/29/2022,JAN,MS,ASO,ES,Combined TRACON& Tower with Radar,39,14,13,16,82,0,0,2,2,4,39,14,15,18,86,6,28,34,120
07/30/2022,JAN,MS,ASO,ES,Combined TRACON& Tower with Radar,26,10,12,0,48,0,1,5,0,6,26,11,17,0,54,2,0,2,56
07/31/2022,JAN,MS,ASO,ES,Combined TRACON& Tower with Radar,39,14,10,11,74,0,5,1,1,7,39,19,11,12,81,2,4,6,87
08/01/2022,JAN,MS,ASO,ES,Combined TRACON& Tower with Radar,41,18,17,31,107,0,2,6,10,18,41,20,23,41,125,4,122,126,251
08/02/2022,JAN,MS,ASO,ES,Combined TRACON& Tower with Radar,37,18,7,7,69,0,0,7,0,7,37,18,14,7,76,0,0,0,76
08/03/2022,JAN,MS,ASO,ES,Combined TRACON& Tower with Radar,38,25,25,12,100,0,1,5,1,7,38,26,30,13,107,4,18,22,129
08/04/2022,JAN,MS,ASO,ES,Combined TRACON& Tower with Radar,38,15,23,5,81,0,5,2,6,13,38,20,25,11,94,2,26,28,122
08/05/2022,JAN,MS,ASO,ES,Combined TRACON& Tower with Radar,44,10,14,15,83,0,2,4,2,8,44,12,18,17,91,0,34,34,125
08/06/2022,JAN,MS,ASO,ES,Combined TRACON& Tower with Radar,25,12,5,0,42,0,1,4,0,5,25,13,9,0,47,0,0,0,47
08/07/2022,JAN,MS,ASO,ES,Combined TRACON& Tower with Radar,40,15,15,7,77,0,4,1,0,5,40,19,16,7,82,0,0,0,82
08/08/2022,JAN,MS,ASO,ES,Combined TRACON& Tower with Radar,45,12,20,31,108,0,0,2,5,7,45,12,22,36,115,6,46,52,167
08/09/2022,JAN,MS,ASO,ES,Combined TRACON& Tower with Radar,40,13,24,13,90,0,2,0,1,3,40,15,24,14,93,0,14,14,107
08/10/2022,JAN,MS,ASO,ES,Combined TRACON& Tower with Radar,38,14,27,4,83,0,0,5,1,6,38,14,32,5,89,2,0,2,91
08/11/2022,JAN,MS,ASO,ES,Combined TRACON& Tower with Radar,41,14,30,31,116,0,2,5,2,9,41,16,35,33,125,0,8,8,133
08/12/2022,JAN,MS,ASO,ES,Combined TRACON& Tower with Radar,45,12,7,13,77,0,4,4,1,9,45,16,11,14,86,0,16,16,102
08/13/2022,JAN,MS,ASO,ES,Combined TRACON& Tower with Radar,30,15,12,0,57,0,2,6,1,9,30,17,18,1,66,28,0,28,94
08/14/2022,JAN,MS,ASO,ES,Combined TRACON& Tower with Radar,41,20,18,3,82,0,0,9,2,11,41,20,27,5,93,4,2,6,99
08/15/2022,JAN,MS,ASO,ES,Combined TRACON& Tower with Radar,43,10,14,64,131,0,8,7,7,22,43,18,21,71,153,16,136,152,305
08/16/2022,JAN,MS,ASO,ES,Combined TRACON& Tower with Radar,45,14,18,25,102,0,2,2,2,6,45,16,20,27,108,0,56,56,164
08/17/2022,JAN,MS,ASO,ES,Combined TRACON& Tower with Radar,41,17,17,32,107,0,0,2,7,9,41,17,19,39,116,2,28,30,146
08/18/2022,JAN,MS,ASO,ES,Combined TRACON& Tower with Radar,45,13,17,8,83,0,3,0,0,3,45,16,17,8,86,0,0,0,86
08/19/2022,JAN,MS,ASO,ES,Combined TRACON& Tower with Radar,45,11,21,15,92,0,0,2,1,3,45,11,23,16,95,6,0,6,101
08/20/2022,JAN,MS,ASO,ES,Combined TRACON& Tower with Radar,35,15,16,9,75,0,1,2,0,3,35,16,18,9,78,10,2,12,90
08/21/2022,JAN,MS,ASO,ES,Combined TRACON& Tower with Radar,39,6,16,4,65,0,0,1,0,1,39,6,17,4,66,6,0,6,72
08/22/2022,JAN,MS,ASO,ES,Combined TRACON& Tower with Radar,40,11,10,0,61,0,0,0,0,0,40,11,10,0,61,0,0,0,61
08/23/2022,JAN,MS,ASO,ES,Combined TRACON& Tower with Radar,38,14,14,9,75,0,0,0,0,0,38,14,14,9,75,0,0,0,75
08/24/2022,JAN,MS,ASO,ES,Combined TRACON& Tower with Radar,46,17,16,3,82,0,0,0,0,0,46,17,16,3,82,0,0,0,82
08/25/2022,JAN,MS,ASO,ES,Combined TRACON& Tower with Radar,52,11,13,9,85,0,0,2,0,2,52,11,15,9,87,0,2,2,89
08/26/2022,JAN,MS,ASO,ES,Combined TRACON& Tower with Radar,46,9,21,25,101,0,1,2,0,3,46,10,23,25,104,6,10,16,120
08/27/2022,JAN,MS,ASO,ES,Combined TRACON& Tower with Radar,37,8,12,1,58,0,2,2,0,4,37,10,14,1,62,4,6,10,72
08/28/2022,JAN,MS,ASO,ES,Combined TRACON& Tower with Radar,44,7,3,0,54,0,1,4,0,5,44,8,7,0,59,0,2,2,61
08/29/2022,JAN,MS,ASO,ES,Combined TRACON& Tower with Radar,45,17,20,32,114,0,4,6,5,15,45,21,26,37,129,8,118,126,255
08/30/2022,JAN,MS,ASO,ES,Combined TRACON& Tower with Radar,45,18,16,30,109,0,0,8,2,10,45,18,24,32,119,4,54,58,177
08/31/2022,JAN,MS,ASO,ES,Combined TRACON& Tower with Radar,48,12,28,49,137,0,8,13,3,24,48,20,41,52,161,8,104,112,273
09/01/2022,JAN,MS,ASO,ES,Combined TRACON& Tower with Radar,50,14,10,65,139,0,3,6,8,17,50,17,16,73,156,6,138,144,300
09/02/2022,JAN,MS,ASO,ES,Combined TRACON& Tower with Radar,48,10,8,6,72,0,1,4,0,5,48,11,12,6,77,12,0,12,89
09/03/2022,JAN,MS,ASO,ES,Combined TRACON& Tower with Radar,30,5,9,1,45,0,3,4,2,9,30,8,13,3,54,0,0,0,54
09/04/2022,JAN,MS,ASO,ES,Combined TRACON& Tower with Radar,30,5,6,6,47,0,3,1,0,4,30,8,7,6,51,0,6,6,57
09/05/2022,JAN,MS,ASO,ES,Combined TRACON& Tower with Radar,51,13,17,0,81,0,1,2,0,3,51,14,19,0,84,6,0,6,90
09/06/2022,JAN,MS,ASO,ES,Combined TRACON& Tower with Radar,42,14,22,40,118,0,0,5,0,5,42,14,27,40,123,0,46,46,169
09/07/2022,JAN,MS,ASO,ES,Combined TRACON& Tower with Radar,39,19,30,52,140,0,1,4,1,6,39,20,34,53,146,4,56,60,206
09/08/2022,JAN,MS,ASO,ES,Combined TRACON& Tower with Radar,43,22,19,22,106,0,0,1,2,3,43,22,20,24,109,6,74,80,189
09/09/2022,JAN,MS,ASO,ES,Combined TRACON& Tower with Radar,46,17,28,39,130,0,0,2,4,6,46,17,30,43,136,0,100,100,236
09/10/2022,JAN,MS,ASO,ES,Combined TRACON& Tower with Radar,36,15,16,11,78,0,0,1,0,1,36,15,17,11,79,0,0,0,79
09/11/2022,JAN,MS,ASO,ES,Combined TRACON& Tower with Radar,40,32,18,4,94,0,0,3,0,3,40,32,21,4,97,0,0,0,97
09/12/2022,JAN,MS,ASO,ES,Combined TRACON& Tower with Radar,44,15,25,61,145,0,5,5,5,15,44,20,30,66,160,0,0,0,160
09/13/2022,JAN,MS,ASO,ES,Combined TRACON& Tower with Radar,39,27,20,35,121,0,5,4,4,13,39,32,24,39,134,0,104,104,238
09/14/2022,JAN,MS,ASO,ES,Combined TRACON& Tower with Radar,41,19,22,58,140,0,7,6,16,29,41,26,28,74,169,8,124,132,301
09/15/2022,JAN,MS,ASO,ES,Combined TRACON& Tower with Radar,44,39,24,48,155,0,1,7,10,18,44,40,31,58,173,2,124,126,299
09/16/2022,JAN,MS,ASO,ES,Combined TRACON& Tower with Radar,45,23,23,40,131,0,7,10,5,22,45,30,33,45,153,16,132,148,301
09/17/2022,JAN,MS,ASO,ES,Combined TRACON& Tower with Radar,34,13,7,3,57,0,0,5,1,6,34,13,12,4,63,2,0,2,65
09/18/2022,JAN,MS,ASO,ES,Combined TRACON& Tower with Radar,41,13,12,18,84,0,4,5,6,15,41,17,17,24,99,10,26,36,135
09/19/2022,JAN,MS,ASO,ES,Combined TRACON& Tower with Radar,44,14,33,40,131,0,3,11,5,19,44,17,44,45,150,2,96,98,248
09/20/2022,JAN,MS,ASO,ES,Combined TRACON& Tower with Radar,45,34,23,35,137,0,2,10,3,15,45,36,33,38,152,16,76,92,244
09/21/2022,JAN,MS,ASO,ES,Combined TRACON& Tower with Radar,50,19,31,45,145,0,1,6,6,13,50,20,37,51,158,0,84,84,242
09/22/2022,JAN,MS,ASO,ES,Combined TRACON& Tower with Radar,45,17,26,34,122,0,3,4,11,18,45,20,30,45,140,8,86,94,234
09/23/2022,JAN,MS,ASO,ES,Combined TRACON& Tower with Radar,46,12,28,41,127,0,1,5,5,11,46,13,33,46,138,4,50,54,192
09/24/2022,JAN,MS,ASO,ES,Combined TRACON& Tower with Radar,35,9,12,6,62,0,4,6,1,11,35,13,18,7,73,8,4,12,85
09/25/2022,JAN,MS,ASO,ES,Combined TRACON& Tower with Radar,42,9,13,8,72,0,1,6,5,12,42,10,19,13,84,20,0,20,104
09/26/2022,JAN,MS,ASO,ES,Combined TRACON& Tower with Radar,43,29,34,29,135,0,2,4,2,8,43,31,38,31,143,2,34,36,179
09/27/2022,JAN,MS,ASO,ES,Combined TRACON& Tower with Radar,41,28,30,66,165,0,2,13,13,28,41,30,43,79,193,8,82,90,283
09/28/2022,JAN,MS,ASO,ES,Combined TRACON& Tower with Radar,49,32,27,64,172,0,4,4,7,15,49,36,31,71,187,4,104,108,295
09/29/2022,JAN,MS,ASO,ES,Combined TRACON& Tower with Radar,43,28,24,104,199,0,1,7,9,17,43,29,31,113,216,2,128,130,346
09/30/2022,JAN,MS,ASO,ES,Combined TRACON& Tower with Radar,41,30,13,50,134,0,2,1,3,6,41,32,14,53,140,8,64,72,212
10/01/2022,JAN,MS,ASO,ES,Combined TRACON& Tower with Radar,33,9,7,9,58,0,2,5,1,8,33,11,12,10,66,10,8,18,84
10/02/2022,JAN,MS,ASO,ES,Combined TRACON& Tower with Radar,43,20,14,7,84,0,3,2,0,5,43,23,16,7,89,2,4,6,95
10/03/2022,JAN,MS,ASO,ES,Combined TRACON& Tower with Radar,44,21,17,21,103,0,3,3,2,8,44,24,20,23,111,2,34,36,147
10/04/2022,JAN,MS,ASO,ES,Combined TRACON& Tower with Radar,40,19,22,73,154,0,1,4,2,7,40,20,26,75,161,16,116,132,293
10/05/2022,JAN,MS,ASO,ES,Combined TRACON& Tower with Radar,39,19,20,33,111,0,2,4,3,9,39,21,24,36,120,4,58,62,182
10/06/2022,JAN,MS,ASO,ES,Combined TRACON& Tower with Radar,44,32,17,22,115,0,3,5,6,14,44,35,22,28,129,0,22,22,151
10/07/2022,JAN,MS,ASO,ES,Combined TRACON& Tower with Radar,45,19,29,29,122,0,3,6,3,12,45,22,35,32,134,2,48,50,184
10/08/2022,JAN,MS,ASO,ES,Combined TRACON& Tower with Radar,38,15,10,0,63,0,0,1,0,1,38,15,11,0,64,6,0,6,70
10/09/2022,JAN,MS,ASO,ES,Combined TRACON& Tower with Radar,43,22,9,9,83,0,2,0,0,2,43,24,9,9,85,12,4,16,101
10/10/2022,JAN,MS,ASO,ES,Combined TRACON& Tower with Radar,46,15,21,1,83,0,0,3,1,4,46,15,24,2,87,8,0,8,95
10/11/2022,JAN,MS,ASO,ES,Combined TRACON& Tower with Radar,43,16,29,22,110,0,1,3,4,8,43,17,32,26,118,2,50,52,170
10/12/2022,JAN,MS,ASO,ES,Combined TRACON& Tower with Radar,43,13,15,38,109,0,1,2,5,8,43,14,17,43,117,0,40,40,157
10/13/2022,JAN,MS,ASO,ES,Combined TRACON& Tower with Radar,46,25,20,45,136,0,5,13,13,31,46,30,33,58,167,0,76,76,243
10/14/2022,JAN,MS,ASO,ES,Combined TRACON& Tower with Radar,47,19,13,55,134,0,5,4,16,25,47,24,17,71,159,6,0,6,165
10/15/2022,JAN,MS,ASO,ES,Combined TRACON& Tower with Radar,38,7,10,0,55,0,2,3,0,5,38,9,13,0,60,4,84,88,148
10/16/2022,JAN,MS,ASO,ES,Combined TRACON& Tower with Radar,43,14,16,3,76,0,6,5,0,11,43,20,21,3,87,22,0,22,109
10/17/2022,JAN,MS,ASO,ES,Combined TRACON& Tower with Radar,40,17,21,14,92,0,3,2,0,5,40,20,23,14,97,22,20,42,139
10/18/2022,JAN,MS,ASO,ES,Combined TRACON& Tower with Radar,44,23,31,72,170,0,1,5,13,19,44,24,36,85,189,4,44,48,237
10/19/2022,JAN,MS,ASO,ES,Combined TRACON& Tower with Radar,44,27,27,37,135,0,4,6,9,19,44,31,33,46,154,22,46,68,222
10/20/2022,JAN,MS,ASO,ES,Combined TRACON& Tower with Radar,46,20,28,24,118,0,2,4,5,11,46,22,32,29,129,4,12,16,145
10/21/2022,JAN,MS,ASO,ES,Combined TRACON& Tower with Radar,46,27,22,4,99,0,3,3,3,9,46,30,25,7,108,4,14,18,126
10/22/2022,JAN,MS,ASO,ES,Combined TRACON& Tower with Radar,39,16,7,2,64,0,4,5,0,9,39,20,12,2,73,8,4,12,85
10/23/2022,JAN,MS,ASO,ES,Combined TRACON& Tower with Radar,41,11,13,2,67,0,3,7,0,10,41,14,20,2,77,8,2,10,87
10/24/2022,JAN,MS,ASO,ES,Combined TRACON& Tower with Radar,42,24,26,23,115,0,2,8,8,18,42,26,34,31,133,6,60,66,199
10/25/2022,JAN,MS,ASO,ES,Combined TRACON& Tower with Radar,45,12,27,14,98,0,2,0,1,3,45,14,27,15,101,2,0,2,103
10/26/2022,JAN,MS,ASO,ES,Combined TRACON& Tower with Radar,45,18,34,43,140,0,3,5,20,28,45,21,39,63,168,2,132,134,302
10/27/2022,JAN,MS,ASO,ES,Combined TRACON& Tower with Radar,43,32,25,10,110,0,5,4,4,13,43,37,29,14,123,0,40,40,163
10/28/2022,JAN,MS,ASO,ES,Combined TRACON& Tower with Radar,42,34,31,41,148,0,3,4,7,14,42,37,35,48,162,2,0,2,164
10/29/2022,JAN,MS,ASO,ES,Combined TRACON& Tower with Radar,33,22,5,0,60,0,0,0,0,0,33,22,5,0,60,0,0,0,60
10/30/2022,JAN,MS,ASO,ES,Combined TRACON& Tower with Radar,42,17,15,3,77,0,0,8,1,9,42,17,23,4,86,4,2,6,92
10/31/2022,JAN,MS,ASO,ES,Combined TRACON& Tower with Radar,36,14,30,62,142,0,4,8,1,13,36,18,38,63,155,24,100,124,279
11/01/2022,JAN,MS,ASO,ES,Combined TRACON& Tower with Radar,44,17,23,41,125,0,5,5,2,12,44,22,28,43,137,6,58,64,201
11/02/2022,JAN,MS,ASO,ES,Combined TRACON& Tower with Radar,43,36,22,36,137,0,11,4,21,36,43,47,26,57,173,2,58,60,233
11/03/2022,JAN,MS,ASO,ES,Combined TRACON& Tower with Radar,44,30,23,52,149,0,4,7,6,17,44,34,30,58,166,2,28,30,196
11/04/2022,JAN,MS,ASO,ES,Combined TRACON& Tower with Radar,44,14,12,44,114,0,1,2,0,3,44,15,14,44,117,0,22,22,139
11/05/2022,JAN,MS,ASO,ES,Combined TRACON& Tower with Radar,32,7,5,0,44,0,0,1,0,1,32,7,6,0,45,0,0,0,45
11/06/2022,JAN,MS,ASO,ES,Combined TRACON& Tower with Radar,40,15,19,18,92,0,2,0,6,8,40,17,19,24,100,8,80,88,188
11/07/2022,JAN,MS,ASO,ES,Combined TRACON& Tower with Radar,43,12,24,34,113,0,3,3,5,11,43,15,27,39,124,2,58,60,184
11/08/2022,JAN,MS,ASO,ES,Combined TRACON& Tower with Radar,42,18,29,48,137,0,1,3,7,11,42,19,32,55,148,2,54,56,204
11/09/2022,JAN,MS,ASO,ES,Combined TRACON& Tower with Radar,43,35,33,30,141,0,2,5,11,18,43,37,38,41,159,8,94,102,261
11/10/2022,JAN,MS,ASO,ES,Combined TRACON& Tower with Radar,41,20,31,43,135,0,2,5,12,19,41,22,36,55,154,2,44,46,200
11/11/2022,JAN,MS,ASO,ES,Combined TRACON& Tower with Radar,44,20,16,6,86,0,5,6,1,12,44,25,22,7,98,4,6,10,108
11/12/2022,JAN,MS,ASO,ES,Combined TRACON& Tower with Radar,40,8,2,16,66,0,2,0,0,2,40,10,2,16,68,2,12,14,82
11/13/2022,JAN,MS,ASO,ES,Combined TRACON& Tower with Radar,45,20,12,0,77,0,0,6,0,6,45,20,18,0,83,6,4,10,93
11/14/2022,JAN,MS,ASO,ES,Combined TRACON& Tower with Radar,42,25,14,11,92,0,4,0,0,4,42,29,14,11,96,0,26,26,122
11/15/2022,JAN,MS,ASO,ES,Combined TRACON& Tower with Radar,43,37,14,87,181,0,0,0,1,1,43,37,14,88,182,0,40,40,222
11/16/2022,JAN,MS,ASO,ES,Combined TRACON& Tower with Radar,47,23,34,70,174,0,2,2,3,7,47,25,36,73,181,2,56,58,239
11/17/2022,JAN,MS,ASO,ES,Combined TRACON& Tower with Radar,43,35,42,91,211,0,1,4,18,23,43,36,46,109,234,12,88,100,334
11/18/2022,JAN,MS,ASO,ES,Combined TRACON& Tower with Radar,48,20,24,14,106,0,2,1,0,3,48,22,25,14,109,22,6,28,137
11/19/2022,JAN,MS,ASO,ES,Combined TRACON& Tower with Radar,34,14,21,13,82,0,0,10,2,12,34,14,31,15,94,0,0,0,94
11/20/2022,JAN,MS,ASO,ES,Combined TRACON& Tower with Radar,46,12,12,1,71,0,1,8,0,9,46,13,20,1,80,16,16,32,112
11/21/2022,JAN,MS,ASO,ES,Combined TRACON& Tower with Radar,42,24,13,24,103,0,5,5,5,15,42,29,18,29,118,4,68,72,190
11/22/2022,JAN,MS,ASO,ES,Combined TRACON& Tower with Radar,44,39,18,57,158,0,0,10,10,20,44,39,28,67,178,0,0,0,178
11/23/2022,JAN,MS,ASO,ES,Combined TRACON& Tower with Radar,44,26,10,40,120,0,1,9,3,13,44,27,19,43,133,0,0,0,133
11/24/2022,JAN,MS,ASO,ES,Combined TRACON& Tower with Radar,25,8,1,1,35,0,0,0,0,0,25,8,1,1,35,0,0,0,35
11/25/2022,JAN,MS,ASO,ES,Combined TRACON& Tower with Radar,40,15,14,0,69,0,0,0,0,0,40,15,14,0,69,0,0,0,69
11/26/2022,JAN,MS,ASO,ES,Combined TRACON& Tower with Radar,41,15,6,0,62,0,0,0,0,0,41,15,6,0,62,0,94,94,156
11/27/2022,JAN,MS,ASO,ES,Combined TRACON& Tower with Radar,46,14,17,0,77,0,1,1,0,2,46,15,18,0,79,0,0,0,79
11/28/2022,JAN,MS,ASO,ES,Combined TRACON& Tower with Radar,43,14,34,24,115,0,1,14,4,19,43,15,48,28,134,0,102,102,236
11/29/2022,JAN,MS,ASO,ES,Combined TRACON& Tower with Radar,43,9,7,9,68,0,1,0,1,2,43,10,7,10,70,0,6,6,76
11/30/2022,JAN,MS,ASO,ES,Combined TRACON& Tower with Radar,43,11,25,44,123,0,5,3,4,12,43,16,28,48,135,0,14,14,149
12/01/2022,JAN,MS,ASO,ES,Combined TRACON& Tower with Radar,41,19,16,59,135,0,4,4,4,12,41,23,20,63,147,0,48,48,195
12/02/2022,JAN,MS,ASO,ES,Combined TRACON& Tower with Radar,40,13,17,40,110,0,3,3,11,17,40,16,20,51,127,0,40,40,167
12/03/2022,JAN,MS,ASO,ES,Combined TRACON& Tower with Radar,34,16,11,12,73,0,0,2,0,2,34,16,13,12,75,2,0,2,77
12/04/2022,JAN,MS,ASO,ES,Combined TRACON& Tower with Radar,38,9,14,18,79,0,1,1,1,3,38,10,15,19,82,4,8,12,94
12/05/2022,JAN,MS,ASO,ES,Combined TRACON& Tower with Radar,42,18,22,44,126,0,0,4,0,4,42,18,26,44,130,0,0,0,130
12/06/2022,JAN,MS,ASO,ES,Combined TRACON& Tower with Radar,38,27,23,60,148,0,6,4,10,20,38,33,27,70,168,0,86,86,254
12/07/2022,JAN,MS,ASO,ES,Combined TRACON& Tower with Radar,45,19,15,103,182,0,3,6,7,16,45,22,21,110,198,2,18,20,218
12/08/2022,JAN,MS,ASO,ES,Combined TRACON& Tower with Radar,42,34,31,86,193,0,14,1,1,16,42,48,32,87,209,0,84,84,293
12/09/2022,JAN,MS,ASO,ES,Combined TRACON& Tower with Radar,39,16,35,58,148,0,1,3,0,4,39,17,38,58,152,24,54,78,230
12/10/2022,JAN,MS,ASO,ES,Combined TRACON& Tower with Radar,36,8,19,10,73,0,0,2,0,2,36,8,21,10,75,0,0,0,75
12/11/2022,JAN,MS,ASO,ES,Combined TRACON& Tower with Radar,43,26,19,4,92,0,0,1,0,1,43,26,20,4,93,0,24,24,117
12/12/2022,JAN,MS,ASO,ES,Combined TRACON& Tower with Radar,41,35,30,1,107,0,0,0,0,0,41,35,30,1,107,2,2,4,111
12/13/2022,JAN,MS,ASO,ES,Combined TRACON& Tower with Radar,43,25,23,18,109,0,0,0,0,0,43,25,23,18,109,0,0,0,109
12/14/2022,JAN,MS,ASO,ES,Combined TRACON& Tower with Radar,52,10,20,6,88,0,0,1,0,1,52,10,21,6,89,2,106,108,197
12/15/2022,JAN,MS,ASO,ES,Combined TRACON& Tower with Radar,44,44,13,59,160,0,5,7,15,27,44,49,20,74,187,2,130,132,319
12/16/2022,JAN,MS,ASO,ES,Combined TRACON& Tower with Radar,43,15,18,38,114,0,1,5,4,10,43,16,23,42,124,16,18,34,158
12/17/2022,JAN,MS,ASO,ES,Combined TRACON& Tower with Radar,38,8,10,11,67,0,1,1,3,5,38,9,11,14,72,0,8,8,80
12/18/2022,JAN,MS,ASO,ES,Combined TRACON& Tower with Radar,44,13,17,11,85,0,0,7,1,8,44,13,24,12,93,14,4,18,111
12/19/2022,JAN,MS,ASO,ES,Combined TRACON& Tower with Radar,42,13,17,6,78,0,0,0,1,1,42,13,17,7,79,0,50,50,129
12/20/2022,JAN,MS,ASO,ES,Combined TRACON& Tower with Radar,47,12,21,5,85,0,0,0,0,0,47,12,21,5,85,0,0,0,85
12/21/2022,JAN,MS,ASO,ES,Combined TRACON& Tower with Radar,42,12,15,18,87,0,0,0,0,0,42,12,15,18,87,0,0,0,87
12/22/2022,JAN,MS,ASO,ES,Combined TRACON& Tower with Radar,40,18,16,8,82,0,0,0,0,0,40,18,16,8,82,5,2,7,89
12/23/2022,JAN,MS,ASO,ES,Combined TRACON& Tower with Radar,35,14,7,1,57,0,1,3,0,4,35,15,10,1,61,0,0,0,61
12/24/2022,JAN,MS,ASO,ES,Combined TRACON& Tower with Radar,25,9,1,0,35,0,3,4,0,7,25,12,5,0,42,0,0,0,42
12/25/2022,JAN,MS,ASO,ES,Combined TRACON& Tower with Radar,22,9,1,0,32,0,4,6,0,10,22,13,7,0,42,0,0,0,42
12/26/2022,JAN,MS,ASO,ES,Combined TRACON& Tower with Radar,28,9,11,0,48,0,3,3,1,7,28,12,14,1,55,0,0,0,55
12/27/2022,JAN,MS,ASO,ES,Combined TRACON& Tower with Radar,33,11,14,9,67,0,1,6,0,7,33,12,20,9,74,8,8,16,90
12/28/2022,JAN,MS,ASO,ES,Combined TRACON& Tower with Radar,32,15,14,4,65,0,2,6,1,9,32,17,20,5,74,0,4,4,78
12/29/2022,JAN,MS,ASO,ES,Combined TRACON& Tower with Radar,34,17,33,6,90,0,3,2,0,5,34,20,35,6,95,0,0,0,95
12/30/2022,JAN,MS,ASO,ES,Combined TRACON& Tower with Radar,43,9,7,0,59,0,0,0,0,0,43,9,7,0,59,0,0,0,59
12/31/2022,JAN,MS,ASO,ES,Combined TRACON& Tower with Radar,29,6,11,0,46,0,3,1,0,4,29,9,12,0,50,0,0,0,50
01/01/2023,JAN,MS,ASO,ES,Combined TRACON& Tower with Radar,37,7,22,0,66,0,3,0,0,3,37,10,22,0,69,0,0,0,69
01/02/2023,JAN,MS,ASO,ES,Combined TRACON& Tower with Radar,39,20,18,0,77,0,0,1,0,1,39,20,19,0,78,0,0,0,78
01/03/2023,JAN,MS,ASO,ES,Combined TRACON& Tower with Radar,40,18,5,6,69,0,1,0,0,1,40,19,5,6,70,0,0,0,70
01/04/2023,JAN,MS,ASO,ES,Combined TRACON& Tower with Radar,40,27,17,53,137,0,4,10,9,23,40,31,27,62,160,0,52,52,212
01/05/2023,JAN,MS,ASO,ES,Combined TRACON& Tower with Radar,39,19,13,43,114,0,3,6,12,21,39,22,19,55,135,2,56,58,193
01/06/2023,JAN,MS,ASO,ES,Combined TRACON& Tower with Radar,41,15,22,28,106,0,1,11,6,18,41,16,33,34,124,0,102,102,226
01/07/2023,JAN,MS,ASO,ES,Combined TRACON& Tower with Radar,33,6,8,16,63,0,1,5,0,6,33,7,13,16,69,38,0,38,107
01/08/2023,JAN,MS,ASO,ES,Combined TRACON& Tower with Radar,39,6,6,9,60,0,0,0,0,0,39,6,6,9,60,0,0,0,60
01/09/2023,JAN,MS,ASO,ES,Combined TRACON& Tower with Radar,39,9,19,42,109,0,7,5,10,22,39,16,24,52,131,0,54,54,185
01/10/2023,JAN,MS,ASO,ES,Combined TRACON& Tower with Radar,35,20,24,34,113,0,2,5,17,24,35,22,29,51,137,0,0,0,137
01/11/2023,JAN,MS,ASO,ES,Combined TRACON& Tower with Radar,37,7,22,31,97,0,2,1,0,3,37,9,23,31,100,0,26,26,126
01/12/2023,JAN,MS,ASO,ES,Combined TRACON& Tower with Radar,37,18,29,49,133,0,1,4,0,5,37,19,33,49,138,0,0,0,138
01/13/2023,JAN,MS,ASO,ES,Combined TRACON& Tower with Radar,42,14,14,41,111,0,1,4,2,7,42,15,18,43,118,0,0,0,118
01/14/2023,JAN,MS,ASO,ES,Combined TRACON& Tower with Radar,27,9,3,13,52,0,0,10,0,10,27,9,13,13,62,0,0,0,62
01/15/2023,JAN,MS,ASO,ES,Combined TRACON& Tower with Radar,40,9,7,3,59,0,0,5,0,5,40,9,12,3,64,0,0,0,64
01/16/2023,JAN,MS,ASO,ES,Combined TRACON& Tower with Radar,42,12,19,5,78,0,1,6,0,7,42,13,25,5,85,0,0,0,85
01/17/2023,JAN,MS,ASO,ES,Combined TRACON& Tower with Radar,34,13,26,24,97,0,1,3,1,5,34,14,29,25,102,0,0,0,102
01/18/2023,JAN,MS,ASO,ES,Combined TRACON& Tower with Radar,37,15,26,20,98,0,1,0,5,6,37,16,26,25,104,0,0,0,104
01/19/2023,JAN,MS,ASO,ES,Combined TRACON& Tower with Radar,41,9,21,25,96,0,4,9,9,22,41,13,30,34,118,0,12,12,130
01/20/2023,JAN,MS,ASO,ES,Combined TRACON& Tower with Radar,42,15,25,33,115,0,1,3,10,14,42,16,28,43,129,6,71,77,206
01/21/2023,JAN,MS,ASO,ES,Combined TRACON& Tower with Radar,27,5,2,10,44,0,0,0,0,0,27,5,2,10,44,0,0,0,44
01/22/2023,JAN,MS,ASO,ES,Combined TRACON& Tower with Radar,40,7,14,24,85,0,6,3,2,11,40,13,17,26,96,2,0,2,98
01/23/2023,JAN,MS,ASO,ES,Combined TRACON& Tower with Radar,39,18,16,26,99,0,4,3,12,19,39,22,19,38,118,0,45,45,163
01/24/2023,JAN,MS,ASO,ES,Combined TRACON& Tower with Radar,35,9,20,4,68,0,1,0,5,6,35,10,20,9,74,0,7,7,81
01/25/2023,JAN,MS,ASO,ES,Combined TRACON& Tower with Radar,39,18,26,21,104,0,0,0,0,0,39,18,26,21,104,4,16,20,124
01/26/2023,JAN,MS,ASO,ES,Combined TRACON& Tower with Radar,40,19,11,71,141,0,0,6,8,14,40,19,17,79,155,10,50,60,215
01/27/2023,JAN,MS,ASO,ES,Combined TRACON& Tower with Radar,41,14,20,27,102,0,1,6,5,12,41,15,26,32,114,6,30,36,150
01/28/2023,JAN,MS,ASO,ES,Combined TRACON& Tower with Radar,28,8,5,2,43,0,1,4,0,5,28,9,9,2,48,8,0,8,56
01/29/2023,JAN,MS,ASO,ES,Combined TRACON& Tower with Radar,40,11,6,0,57,0,0,0,0,0,40,11,6,0,57,0,0,0,57
01/30/2023,JAN,MS,ASO,ES,Combined TRACON& Tower with Radar,38,11,7,5,61,0,0,0,0,0,38,11,7,5,61,0,0,0,61
01/31/2023,JAN,MS,ASO,ES,Combined TRACON& Tower with Radar,33,9,9,6,57,0,0,0,0,0,33,9,9,6,57,0,0,0,57
02/01/2023,JAN,MS,ASO,ES,Combined TRACON& Tower with Radar,33,13,13,11,70,0,0,0,0,0,33,13,13,11,70,0,0,0,70
02/02/2023,JAN,MS,ASO,ES,Combined TRACON& Tower with Radar,39,9,9,6,63,0,0,0,0,0,39,9,9,6,63,0,0,0,63
02/03/2023,JAN,MS,ASO,ES,Combined TRACON& Tower with Radar,45,17,18,24,104,0,1,8,2,11,45,18,26,26,115,32,5,37,152
02/04/2023,JAN,MS,ASO,ES,Combined TRACON& Tower with Radar,35,7,10,10,62,0,4,7,2,13,35,11,17,12,75,36,0,36,111
02/05/2023,JAN,MS,ASO,ES,Combined TRACON& Tower with Radar,47,13,8,24,92,0,2,13,4,19,47,15,21,28,111,12,2,14,125
02/06/2023,JAN,MS,ASO,ES,Combined TRACON& Tower with Radar,46,16,30,19,111,0,2,15,9,26,46,18,45,28,137,3,95,98,235
02/07/2023,JAN,MS,ASO,ES,Combined TRACON& Tower with Radar,39,14,23,36,112,0,3,5,0,8,39,17,28,36,120,0,77,77,197
02/08/2023,JAN,MS,ASO,ES,Combined TRACON& Tower with Radar,42,29,11,9,91,0,1,0,2,3,42,30,11,11,94,0,16,16,110
02/09/2023,JAN,MS,ASO,ES,Combined TRACON& Tower with Radar,45,26,30,47,148,0,1,10,15,26,45,27,40,62,174,0,64,64,238
02/10/2023,JAN,MS,ASO,ES,Combined TRACON& Tower with Radar,44,14,21,32,111,0,1,9,3,13,44,15,30,35,124,0,30,30,154
02/11/2023,JAN,MS,ASO,ES,Combined TRACON& Tower with Radar,36,11,11,0,58,0,0,6,0,6,36,11,17,0,64,2,0,2,66
02/12/2023,JAN,MS,ASO,ES,Combined TRACON& Tower with Radar,40,18,13,9,80,0,2,6,5,13,40,20,19,14,93,0,0,0,93
02/13/2023,JAN,MS,ASO,ES,Combined TRACON& Tower with Radar,43,14,34,25,116,0,0,15,6,21,43,14,49,31,137,0,31,31,168
02/14/2023,JAN,MS,ASO,ES,Combined TRACON& Tower with Radar,39,15,15,48,117,0,0,6,9,15,39,15,21,57,132,10,8,18,150
02/15/2023,JAN,MS,ASO,ES,Combined TRACON& Tower with Radar,42,13,15,22,92,0,2,5,1,8,42,15,20,23,100,0,20,20,120
02/16/2023,JAN,MS,ASO,ES,Combined TRACON& Tower with Radar,43,13,6,2,64,0,0,0,0,0,43,13,6,2,64,0,0,0,64
02/17/2023,JAN,MS,ASO,ES,Combined TRACON& Tower with Radar,45,20,14,39,118,0,3,5,2,10,45,23,19,41,128,8,45,53,181
02/18/2023,JAN,MS,ASO,ES,Combined TRACON& Tower with Radar,32,12,16,0,60,0,4,4,0,8,32,16,20,0,68,0,0,0,68
02/19/2023,JAN,MS,ASO,ES,Combined TRACON& Tower with Radar,42,9,13,0,64,0,7,7,0,14,42,16,20,0,78,6,0,6,84
02/20/2023,JAN,MS,ASO,ES,Combined TRACON& Tower with Radar,42,19,15,0,76,0,1,3,0,4,42,20,18,0,80,0,0,0,80
02/21/2023,JAN,MS,ASO,ES,Combined TRACON& Tower with Radar,40,11,14,23,88,0,2,2,2,6,40,13,16,25,94,0,20,20,114
02/22/2023,JAN,MS,ASO,ES,Combined TRACON& Tower with Radar,43,19,25,20,107,0,3,1,3,7,43,22,26,23,114,0,18,18,132
02/23/2023,JAN,MS,ASO,ES,Combined TRACON& Tower with Radar,44,22,18,23,107,0,5,3,1,9,44,27,21,24,116,12,36,48,164
02/24/2023,JAN,MS,ASO,ES,Combined TRACON& Tower with Radar,46,18,19,51,134,0,2,3,5,10,46,20,22,56,144,18,17,35,179
02/25/2023,JAN,MS,ASO,ES,Combined TRACON& Tower with Radar,35,10,7,9,61,0,2,2,0,4,35,12,9,9,65,0,58,58,123
02/26/2023,JAN,MS,ASO,ES,Combined TRACON& Tower with Radar,46,15,8,7,76,0,2,1,1,4,46,17,9,8,80,0,0,0,80
02/27/2023,JAN,MS,ASO,ES,Combined TRACON& Tower with Radar,44,12,13,3,72,0,3,3,0,6,44,15,16,3,78,0,2,2,80
02/28/2023,JAN,MS,ASO,ES,Combined TRACON& Tower with Radar,41,28,18,40,127,0,3,12,10,25,41,31,30,50,152,5,134,139,291
03/01/2023,JAN,MS,ASO,ES,Combined TRACON& Tower with Radar,40,19,19,31,109,0,0,4,0,4,40,19,23,31,113,4,13,17,130
03/02/2023,JAN,MS,ASO,ES,Combined TRACON& Tower with Radar,40,23,25,75,163,0,2,5,1,8,40,25,30,76,171,0,113,113,284
03/03/2023,JAN,MS,ASO,ES,Combined TRACON& Tower with Radar,47,20,8,5,80,0,3,4,2,9,47,23,12,7,89,0,4,4,93
03/04/2023,JAN,MS,ASO,ES,Combined TRACON& Tower with Radar,34,15,11,10,70,0,6,6,0,12,34,21,17,10,82,0,0,0,82
03/05/2023,JAN,MS,ASO,ES,Combined TRACON& Tower with Radar,45,10,8,21,84,0,5,6,6,17,45,15,14,27,101,0,0,0,101
03/06/2023,JAN,MS,ASO,ES,Combined TRACON& Tower with Radar,42,11,19,42,114,0,2,5,0,7,42,13,24,42,121,5,0,5,126
03/07/2023,JAN,MS,ASO,ES,Combined TRACON& Tower with Radar,37,18,21,33,109,0,1,2,5,8,37,19,23,38,117,2,35,37,154
03/08/2023,JAN,MS,ASO,ES,Combined TRACON& Tower with Radar,41,16,24,31,112,0,0,2,3,5,41,16,26,34,117,5,38,43,160
03/09/2023,JAN,MS,ASO,ES,Combined TRACON& Tower with Radar,42,12,20,49,123,0,3,4,5,12,42,15,24,54,135,14,39,53,188
03/10/2023,JAN,MS,ASO,ES,Combined TRACON& Tower with Radar,45,19,20,17,101,0,0,2,6,8,45,19,22,23,109,0,0,0,109
03/11/2023,JAN,MS,ASO,ES,Combined TRACON& Tower with Radar,39,10,11,0,60,0,1,0,2,3,39,11,11,2,63,4,0,4,67
03/12/2023,JAN,MS,ASO,ES,Combined TRACON& Tower with Radar,45,10,9,1,65,0,0,0,0,0,45,10,9,1,65,0,0,0,65
03/13/2023,JAN,MS,ASO,ES,Combined TRACON& Tower with Radar,45,16,22,43,126,0,0,12,7,19,45,16,34,50,145,3,46,49,194
03/14/2023,JAN,MS,ASO,ES,Combined TRACON& Tower with Radar,37,21,10,22,90,0,4,8,9,21,37,25,18,31,111,0,30,30,141
03/15/2023,JAN,MS,ASO,ES,Combined TRACON& Tower with Radar,39,15,14,40,108,0,4,4,5,13,39,19,18,45,121,6,60,66,187
03/16/2023,JAN,MS,ASO,ES,Combined TRACON& Tower with Radar,41,13,12,47,113,0,8,5,6,19,41,21,17,53,132,0,96,96,228
03/17/2023,JAN,MS,ASO,ES,Combined TRACON& Tower with Radar,42,14,11,7,74,0,5,1,0,6,42,19,12,7,80,0,0,0,80
03/18/2023,JAN,MS,ASO,ES,Combined TRACON& Tower with Radar,36,13,12,3,64,0,3,6,1,10,36,16,18,4,74,0,0,0,74
03/19/2023,JAN,MS,ASO,ES,Combined TRACON& Tower with Radar,43,10,17,3,73,0,1,11,0,12,43,11,28,3,85,4,0,4,89
03/20/2023,JAN,MS,ASO,ES,Combined TRACON& Tower with Radar,44,22,18,25,109,0,5,12,2,19,44,27,30,27,128,0,9,9,137
03/21/2023,JAN,MS,ASO,ES,Combined TRACON& Tower with Radar,39,22,21,17,99,0,1,6,6,13,39,23,27,23,112,0,26,26,138
03/22/2023,JAN,MS,ASO,ES,Combined TRACON& Tower with Radar,39,25,27,49,140,0,7,4,7,18,39,32,31,56,158,0,48,48,206
03/23/2023,JAN,MS,ASO,ES,Combined TRACON& Tower with Radar,43,13,28,9,93,0,3,8,0,11,43,16,36,9,104,2,0,2,106
03/24/2023,JAN,MS,ASO,ES,Combined TRACON& Tower with Radar,47,14,34,13,108,0,0,0,1,1,47,14,34,14,109,0,0,0,109
03/25/2023,JAN,MS,ASO,ES,Combined TRACON& Tower with Radar,37,16,13,6,72,0,0,8,2,10,37,16,21,8,82,0,10,10,92
03/26/2023,JAN,MS,ASO,ES,Combined TRACON& Tower with Radar,42,19,10,2,73,0,2,2,0,4,42,21,12,2,77,0,0,0,77
03/27/2023,JAN,MS,ASO,ES,Combined TRACON& Tower with Radar,41,11,16,8,76,0,3,3,1,7,41,14,19,9,83,0,16,16,99
03/28/2023,JAN,MS,ASO,ES,Combined TRACON& Tower with Radar,42,17,19,25,103,0,10,7,11,28,42,27,26,36,131,1,46,47,178
03/29/2023,JAN,MS,ASO,ES,Combined TRACON& Tower with Radar,41,13,17,46,117,0,5,11,4,20,41,18,28,50,137,0,26,26,163
03/30/2023,JAN,MS,ASO,ES,Combined TRACON& Tower with Radar,45,14,26,24,109,0,1,4,14,19,45,15,30,38,128,0,34,34,162
03/31/2023,JAN,MS,ASO,ES,Combined TRACON& Tower with Radar,42,11,8,8,69,0,2,0,1,3,42,13,8,9,72,0,0,0,72
04/01/2023,JAN,MS,ASO,ES,Combined TRACON& Tower with Radar,38,7,6,7,58,0,1,0,1,2,38,8,6,8,60,10,0,10,70
04/02/2023,JAN,MS,ASO,ES,Combined TRACON& Tower with Radar,43,10,12,11,76,0,6,6,2,14,43,16,18,13,90,1,0,1,91
04/03/2023,JAN,MS,ASO,ES,Combined TRACON& Tower with Radar,44,23,16,57,140,0,0,0,2,2,44,23,16,59,142,8,27,35,177
04/04/2023,JAN,MS,ASO,ES,Combined TRACON& Tower with Radar,42,18,16,27,103,0,2,6,16,24,42,20,22,43,127,0,92,92,219
04/05/2023,JAN,MS,ASO,ES,Combined TRACON& Tower with Radar,40,11,12,29,92,0,1,2,1,4,40,12,14,30,96,0,8,8,104
04/06/2023,JAN,MS,ASO,ES,Combined TRACON& Tower with Radar,41,10,16,21,88,0,0,2,0,2,41,10,18,21,90,1,14,15,105
04/07/2023,JAN,MS,ASO,ES,Combined TRACON& Tower with Radar,46,13,9,5,73,0,0,0,0,0,46,13,9,5,73,0,0,0,73
04/08/2023,JAN,MS,ASO,ES,Combined TRACON& Tower with Radar,32,11,8,0,51,0,0,0,0,0,32,11,8,0,51,0,0,0,51
04/09/2023,JAN,MS,ASO,ES,Combined TRACON& Tower with Radar,44,14,5,2,65,0,2,1,0,3,44,16,6,2,68,0,0,0,68
04/10/2023,JAN,MS,ASO,ES,Combined TRACON& Tower with Radar,45,16,17,13,91,0,2,13,1,16,45,18,30,14,107,4,15,19,126
04/11/2023,JAN,MS,ASO,ES,Combined TRACON& Tower with Radar,41,13,24,22,100,0,7,6,1,14,41,20,30,23,114,1,44,45,159
04/12/2023,JAN,MS,ASO,ES,Combined TRACON& Tower with Radar,41,12,25,36,114,0,3,5,5,13,41,15,30,41,127,2,2,4,131
04/13/2023,JAN,MS,ASO,ES,Combined TRACON& Tower with Radar,41,12,18,8,79,0,0,0,0,0,41,12,18,8,79,0,0,0,79
04/14/2023,JAN,MS,ASO,ES,Combined TRACON& Tower with Radar,43,16,13,13,85,0,8,0,11,19,43,24,13,24,104,1,47,48,152
04/15/2023,JAN,MS,ASO,ES,Combined TRACON& Tower with Radar,36,7,5,0,48,0,2,1,0,3,36,9,6,0,51,0,0,0,51
04/16/2023,JAN,MS,ASO,ES,Combined TRACON& Tower with Radar,44,11,15,14,84,0,1,6,5,12,44,12,21,19,96,0,0,0,96
04/17/2023,JAN,MS,ASO,ES,Combined TRACON& Tower with Radar,41,35,19,70,165,0,5,7,4,16,41,40,26,74,181,16,58,74,255
04/18/2023,JAN,MS,ASO,ES,Combined TRACON& Tower with Radar,39,10,21,49,119,0,2,7,3,12,39,12,28,52,131,7,14,21,152
04/19/2023,JAN,MS,ASO,ES,Combined TRACON& Tower with Radar,40,18,22,43,123,0,2,9,3,14,40,20,31,46,137,6,15,21,158
04/20/2023,JAN,MS,ASO,ES,Combined TRACON& Tower with Radar,39,20,36,13,108,0,1,8,6,15,39,21,44,19,123,1,2,3,126
04/21/2023,JAN,MS,ASO,ES,Combined TRACON& Tower with Radar,42,12,16,9,79,0,2,0,0,2,42,14,16,9,81,0,0,0,81
04/22/2023,JAN,MS,ASO,ES,Combined TRACON& Tower with Radar,34,11,12,6,63,0,4,6,0,10,34,15,18,6,73,0,0,0,73
04/23/2023,JAN,MS,ASO,ES,Combined TRACON& Tower with Radar,45,12,13,3,73,0,9,3,1,13,45,21,16,4,86,0,0,0,86
04/24/2023,JAN,MS,ASO,ES,Combined TRACON& Tower with Radar,41,14,28,27,110,0,3,4,6,13,41,17,32,33,123,34,28,62,185
04/25/2023,JAN,MS,ASO,ES,Combined TRACON& Tower with Radar,41,16,32,51,140,0,7,8,1,16,41,23,40,52,156,0,84,84,240
04/26/2023,JAN,MS,ASO,ES,Combined TRACON& Tower with Radar,35,13,26,51,125,0,4,1,4,9,35,17,27,55,134,0,58,58,192
04/27/2023,JAN,MS,ASO,ES,Combined TRACON& Tower with Radar,49,14,23,23,109,0,2,0,4,6,49,16,23,27,115,0,4,4,119
04/28/2023,JAN,MS,ASO,ES,Combined TRACON& Tower with Radar,42,23,19,34,118,0,7,4,4,15,42,30,23,38,133,6,8,14,147
04/29/2023,JAN,MS,ASO,ES,Combined TRACON& Tower with Radar,32,11,7,0,50,0,2,1,0,3,32,13,8,0,53,0,0,0,53
04/30/2023,JAN,MS,ASO,ES,Combined TRACON& Tower with Radar,43,12,11,4,70,0,5,4,0,9,43,17,15,4,79,0,0,0,79
05/01/2023,JAN,MS,ASO,ES,Combined TRACON& Tower with Radar,44,17,12,31,104,0,6,6,4,16,44,23,18,35,120,4,69,73,193
05/02/2023,JAN,MS,ASO,ES,Combined TRACON& Tower with Radar,40,20,21,19,100,0,3,7,8,18,40,23,28,27,118,8,59,67,185
05/03/2023,JAN,MS,ASO,ES,Combined TRACON& Tower with Radar,40,26,32,17,115,0,1,6,4,11,40,27,38,21,126,10,4,14,140
05/04/2023,JAN,MS,ASO,ES,Combined TRACON& Tower with Radar,42,18,26,33,119,0,4,7,3,14,42,22,33,36,133,4,38,42,175
05/05/2023,JAN,MS,ASO,ES,Combined TRACON& Tower with Radar,49,20,29,26,124,0,0,3,0,3,49,20,32,26,127,0,4,4,131
05/06/2023,JAN,MS,ASO,ES,Combined TRACON& Tower with Radar,35,12,7,11,65,0,0,0,1,1,35,12,7,12,66,0,0,0,66
05/07/2023,JAN,MS,ASO,ES,Combined TRACON& Tower with Radar,42,9,16,8,75,0,4,0,1,5,42,13,16,9,80,0,5,5,85
05/08/2023,JAN,MS,ASO,ES,Combined TRACON& Tower with Radar,44,16,22,12,94,0,0,4,1,5,44,16,26,13,99,0,6,6,105
05/09/2023,JAN,MS,ASO,ES,Combined TRACON& Tower with Radar,41,19,30,32,122,0,2,8,3,13,41,21,38,35,135,0,9,9,144
05/10/2023,JAN,MS,ASO,ES,Combined TRACON& Tower with Radar,38,14,26,19,97,0,1,2,2,5,38,15,28,21,102,0,0,0,102
05/11/2023,JAN,MS,ASO,ES,Combined TRACON& Tower with Radar,40,19,22,9,90,0,1,1,0,2,40,20,23,9,92,0,0,0,92
05/12/2023,JAN,MS,ASO,ES,Combined TRACON& Tower with Radar,41,21,11,25,98,0,0,4,0,4,41,21,15,25,102,0,12,12,114
05/13/2023,JAN,MS,ASO,ES,Combined TRACON& Tower with Radar,37,14,10,2,63,0,4,4,3,11,37,18,14,5,74,4,0,4,78
05/14/2023,JAN,MS,ASO,ES,Combined TRACON& Tower with Radar,45,10,9,4,68,0,4,2,0,6,45,14,11,4,74,0,12,12,86
05/15/2023,JAN,MS,ASO,ES,Combined TRACON& Tower with Radar,43,23,20,22,108,0,2,0,3,5,43,25,20,25,113,0,54,54,167
05/16/2023,JAN,MS,ASO,ES,Combined TRACON& Tower with Radar,39,19,24,37,119,0,6,4,9,19,39,25,28,46,138,0,80,80,218
05/17/2023,JAN,MS,ASO,ES,Combined TRACON& Tower with Radar,39,15,25,18,97,0,0,6,1,7,39,15,31,19,104,0,38,38,142
05/18/2023,JAN,MS,ASO,ES,Combined TRACON& Tower with Radar,41,23,21,45,130,0,5,2,4,11,41,28,23,49,141,0,20,20,161
05/19/2023,JAN,MS,ASO,ES,Combined TRACON& Tower with Radar,38,22,22,53,135,0,3,6,2,11,38,25,28,55,146,0,26,26,172
05/20/2023,JAN,MS,ASO,ES,Combined TRACON& Tower with Radar,35,12,6,9,62,0,4,1,0,5,35,16,7,9,67,2,2,4,71
05/21/2023,JAN,MS,ASO,ES,Combined TRACON& Tower with Radar,44,16,10,26,96,0,2,0,0,2,44,18,10,26,98,0,0,0,98
05/22/2023,JAN,MS,ASO,ES,Combined TRACON& Tower with Radar,41,25,20,58,144,0,1,6,11,18,41,26,26,69,162,0,98,98,260
05/23/2023,JAN,MS,ASO,ES,Combined TRACON& Tower with Radar,41,22,16,67,146,0,0,6,14,20,41,22,22,81,166,36,109,145,311
05/24/2023,JAN,MS,ASO,ES,Combined TRACON& Tower with Radar,39,15,29,50,133,0,5,1,1,7,39,20,30,51,140,0,47,47,187
05/25/2023,JAN,MS,ASO,ES,Combined TRACON& Tower with Radar,42,24,24,22,112,0,14,8,2,24,42,38,32,24,136,0,13,13,149
05/26/2023,JAN,MS,ASO,ES,Combined TRACON& Tower with Radar,45,15,12,8,80,0,3,3,0,6,45,18,15,8,86,1,0,1,87
05/27/2023,JAN,MS,ASO,ES,Combined TRACON& Tower with Radar,36,16,7,0,59,0,8,3,0,11,36,24,10,0,70,0,0,0,70
05/28/2023,JAN,MS,ASO,ES,Combined TRACON& Tower with Radar,38,11,2,8,59,0,3,1,1,5,38,14,3,9,64,0,0,0,64
05/29/2023,JAN,MS,ASO,ES,Combined TRACON& Tower with Radar,38,13,12,0,63,0,3,3,0,6,38,16,15,0,69,0,0,0,69
05/30/2023,JAN,MS,ASO,ES,Combined TRACON& Tower with Radar,39,11,9,35,94,0,3,7,5,15,39,14,16,40,109,1,24,25,134
05/31/2023,JAN,MS,ASO,ES,Combined TRACON& Tower with Radar,41,10,17,14,82,0,1,5,7,13,41,11,22,21,95,8,15,23,118
06/01/2023,JAN,MS,ASO,ES,Combined TRACON& Tower with Radar,40,31,15,14,100,0,0,2,3,5,40,31,17,17,105,9,6,15,120
06/02/2023,JAN,MS,ASO,ES,Combined TRACON& Tower with Radar,41,21,20,12,94,0,3,3,8,14,41,24,23,20,108,0,10,10,118
06/03/2023,JAN,MS,ASO,ES,Combined TRACON& Tower with Radar,32,18,14,16,80,0,4,1,6,11,32,22,15,22,91,0,26,26,117
06/04/2023,JAN,MS,ASO,ES,Combined TRACON& Tower with Radar,41,15,18,19,93,0,1,1,0,2,41,16,19,19,95,1,4,5,100
06/05/2023,JAN,MS,ASO,ES,Combined TRACON& Tower with Radar,39,21,24,7,91,0,3,0,5,8,39,24,24,12,99,6,0,6,105
06/06/2023,JAN,MS,ASO,ES,Combined TRACON& Tower with Radar,35,23,16,36,110,0,0,6,9,15,35,23,22,45,125,0,36,36,161
06/07/2023,JAN,MS,ASO,ES,Combined TRACON& Tower with Radar,35,23,19,20,97,0,3,4,1,8,35,26,23,21,105,6,8,14,119
06/08/2023,JAN,MS,ASO,ES,Combined TRACON& Tower with Radar,38,20,12,10,80,0,2,4,2,8,38,22,16,12,88,0,0,0,88
06/09/2023,JAN,MS,ASO,ES,Combined TRACON& Tower with Radar,41,21,6,24,92,0,2,1,0,3,41,23,7,24,95,0,140,140,235
06/10/2023,JAN,MS,ASO,ES,Combined TRACON& Tower with Radar,31,16,6,3,56,0,1,2,0,3,31,17,8,3,59,2,0,2,61
06/11/2023,JAN,MS,ASO,ES,Combined TRACON& Tower with Radar,40,17,8,8,73,0,1,5,0,6,40,18,13,8,79,0,0,0,79
06/12/2023,JAN,MS,ASO,ES,Combined TRACON& Tower with Radar,39,22,15,29,105,0,1,3,2,6,39,23,18,31,111,1,118,119,230
06/13/2023,JAN,MS,ASO,ES,Combined TRACON& Tower with Radar,36,17,32,4,89,0,1,5,0,6,36,18,37,4,95,0,0,0,95
06/14/2023,JAN,MS,ASO,ES,Combined TRACON& Tower with Radar,36,19,12,38,105,0,2,2,1,5,36,21,14,39,110,36,35,71,181
06/15/2023,JAN,MS,ASO,ES,Combined TRACON& Tower with Radar,38,20,15,22,95,0,1,0,0,1,38,21,15,22,96,0,8,8,104
06/16/2023,JAN,MS,ASO,ES,Combined TRACON& Tower with Radar,38,22,17,29,106,0,0,8,1,9,38,22,25,30,115,2,20,22,137
06/17/2023,JAN,MS,ASO,ES,Combined TRACON& Tower with Radar,34,17,7,0,58,0,0,2,2,4,34,17,9,2,62,20,0,20,82
06/18/2023,JAN,MS,ASO,ES,Combined TRACON& Tower with Radar,40,15,7,0,62,0,0,2,0,2,40,15,9,0,64,0,0,0,64
06/19/2023,JAN,MS,ASO,ES,Combined TRACON& Tower with Radar,40,36,15,6,97,0,2,4,0,6,40,38,19,6,103,0,0,0,103
06/20/2023,JAN,MS,ASO,ES,Combined TRACON& Tower with Radar,37,34,18,47,136,0,3,3,5,11,37,37,21,52,147,10,42,52,199
06/21/2023,JAN,MS,ASO,ES,Combined TRACON& Tower with Radar,37,34,28,61,160,0,5,2,7,14,37,39,30,68,174,0,42,42,216
06/22/2023,JAN,MS,ASO,ES,Combined TRACON& Tower with Radar,39,28,29,53,149,0,12,2,5,19,39,40,31,58,168,4,38,42,210
06/23/2023,JAN,MS,ASO,ES,Combined TRACON& Tower with Radar,40,22,20,14,96,0,0,9,0,9,40,22,29,14,105,2,0,2,107
06/24/2023,JAN,MS,ASO,ES,Combined TRACON& Tower with Radar,33,17,10,0,60,0,8,7,0,15,33,25,17,0,75,0,0,0,75
06/25/2023,JAN,MS,ASO,ES,Combined TRACON& Tower with Radar,35,19,8,3,65,0,3,0,0,3,35,22,8,3,68,1,0,1,69
06/26/2023,JAN,MS,ASO,ES,Combined TRACON& Tower with Radar,40,27,17,23,107,0,0,0,14,14,40,27,17,37,121,2,21,23,144
06/27/2023,JAN,MS,ASO,ES,Combined TRACON& Tower with Radar,35,19,15,6,75,0,0,2,2,4,35,19,17,8,79,0,12,12,91
06/28/2023,JAN,MS,ASO,ES,Combined TRACON& Tower with Radar,42,18,10,38,108,0,2,3,9,14,42,20,13,47,122,0,29,29,151
06/29/2023,JAN,MS,ASO,ES,Combined TRACON& Tower with Radar,38,24,21,6,89,0,4,9,1,14,38,28,30,7,103,2,0,2,105
06/30/2023,JAN,MS,ASO,ES,Combined TRACON& Tower with Radar,41,17,19,10,87,0,1,5,0,6,41,18,24,10,93,0,6,6,99
07/01/2023,JAN,MS,ASO,ES,Combined TRACON& Tower with Radar,32,14,10,1,57,0,2,7,0,9,32,16,17,1,66,3,0,3,69
07/02/2023,JAN,MS,ASO,ES,Combined TRACON& Tower with Radar,33,14,13,0,60,0,2,0,0,2,33,16,13,0,62,0,0,0,62
07/03/2023,JAN,MS,ASO,ES,Combined TRACON& Tower with Radar,30,12,2,1,45,0,1,2,1,4,30,13,4,2,49,0,0,0,49
07/04/2023,JAN,MS,ASO,ES,Combined TRACON& Tower with Radar,29,8,4,0,41,0,0,1,0,1,29,8,5,0,42,0,0,0,42
07/05/2023,JAN,MS,ASO,ES,Combined TRACON& Tower with Radar,39,19,19,21,98,0,1,3,0,4,39,20,22,21,102,0,30,30,132
07/06/2023,JAN,MS,ASO,ES,Combined TRACON& Tower with Radar,39,33,6,28,106,0,2,1,3,6,39,35,7,31,112,0,24,24,136
07/07/2023,JAN,MS,ASO,ES,Combined TRACON& Tower with Radar,40,23,14,21,98,0,2,3,1,6,40,25,17,22,104,16,0,16,120
07/08/2023,JAN,MS,ASO,ES,Combined TRACON& Tower with Radar,35,18,9,13,75,0,5,2,10,17,35,23,11,23,92,2,0,2,94
07/09/2023,JAN,MS,ASO,ES,Combined TRACON& Tower with Radar,38,19,9,9,75,0,1,1,0,2,38,20,10,9,77,0,0,0,77
07/10/2023,JAN,MS,ASO,ES,Combined TRACON& Tower with Radar,40,35,11,25,111,0,3,1,1,5,40,38,12,26,116,0,14,14,130
07/11/2023,JAN,MS,ASO,ES,Combined TRACON& Tower with Radar,41,28,19,18,106,0,3,0,3,6,41,31,19,21,112,1,20,21,133
07/12/2023,JAN,MS,ASO,ES,Combined TRACON& Tower with Radar,40,23,19,3,85,0,1,1,0,2,40,24,20,3,87,0,0,0,87
07/13/2023,JAN,MS,ASO,ES,Combined TRACON& Tower with Radar,41,22,24,13,100,0,0,8,2,10,41,22,32,15,110,0,12,12,122
07/14/2023,JAN,MS,ASO,ES,Combined TRACON& Tower with Radar,41,17,15,23,96,0,1,3,2,6,41,18,18,25,102,1,12,13,115
07/15/2023,JAN,MS,ASO,ES,Combined TRACON& Tower with Radar,29,21,4,0,54,0,2,3,0,5,29,23,7,0,59,0,0,0,59
07/16/2023,JAN,MS,ASO,ES,Combined TRACON& Tower with Radar,43,19,8,12,82,0,3,1,0,4,43,22,9,12,86,0,6,6,92
07/17/2023,JAN,MS,ASO,ES,Combined TRACON& Tower with Radar,41,19,9,41,110,0,3,0,3,6,41,22,9,44,116,28,0,28,144
07/18/2023,JAN,MS,ASO,ES,Combined TRACON& Tower with Radar,41,16,12,40,109,0,3,2,13,18,41,19,14,53,127,0,40,40,167
07/19/2023,JAN,MS,ASO,ES,Combined TRACON& Tower with Radar,32,21,28,54,135,0,2,6,10,18,32,23,34,64,153,0,34,34,187
07/20/2023,JAN,MS,ASO,ES,Combined TRACON& Tower with Radar,34,20,26,39,119,0,2,4,22,28,34,22,30,61,147,0,8,8,155
07/21/2023,JAN,MS,ASO,ES,Combined TRACON& Tower with Radar,40,16,18,19,93,0,1,4,5,10,40,17,22,24,103,12,5,17,120
07/22/2023,JAN,MS,ASO,ES,Combined TRACON& Tower with Radar,33,14,14,1,62,0,1,0,0,1,33,15,14,1,63,3,0,3,66
07/23/2023,JAN,MS,ASO,ES,Combined TRACON& Tower with Radar,44,23,5,3,75,0,1,6,0,7,44,24,11,3,82,0,0,0,82
07/24/2023,JAN,MS,ASO,ES,Combined TRACON& Tower with Radar,41,20,14,25,100,0,0,4,3,7,41,20,18,28,107,0,28,28,135
07/25/2023,JAN,MS,ASO,ES,Combined TRACON& Tower with Radar,40,24,13,23,100,0,5,2,4,11,40,29,15,27,111,0,32,32,143
07/26/2023,JAN,MS,ASO,ES,Combined TRACON& Tower with Radar,42,36,22,19,119,0,2,1,5,8,42,38,23,24,127,0,44,44,171
07/27/2023,JAN,MS,ASO,ES,Combined TRACON& Tower with Radar,41,31,24,46,142,0,6,2,8,16,41,37,26,54,158,0,34,34,192
07/28/2023,JAN,MS,ASO,ES,Combined TRACON& Tower with Radar,39,17,14,3,73,0,0,4,0,4,39,17,18,3,77,4,0,4,81
07/29/2023,JAN,MS,ASO,ES,Combined TRACON& Tower with Radar,31,19,5,1,56,0,0,5,0,5,31,19,10,1,61,0,2,2,63
07/30/2023,JAN,MS,ASO,ES,Combined TRACON& Tower with Radar,44,34,26,15,119,0,2,7,5,14,44,36,33,20,133,0,0,0,133
07/31/2023,JAN,MS,ASO,ES,Combined TRACON& Tower with Radar,41,17,11,21,90,0,5,8,0,13,41,22,19,21,103,0,14,14,117
08/01/2023,JAN,MS,ASO,ES,Combined TRACON& Tower with Radar,39,22,18,47,126,0,5,15,5,25,39,27,33,52,151,0,77,77,228
08/02/2023,JAN,MS,ASO,ES,Combined TRACON& Tower with Radar,40,27,23,21,111,0,8,4,4,16,40,35,27,25,127,0,30,30,157
08/03/2023,JAN,MS,ASO,ES,Combined TRACON& Tower with Radar,41,24,24,27,116,0,3,12,2,17,41,27,36,29,133,2,2,4,137
08/04/2023,JAN,MS,ASO,ES,Combined TRACON& Tower with Radar,44,24,13,20,101,0,6,5,1,12,44,30,18,21,113,0,8,8,121
08/05/2023,JAN,MS,ASO,ES,Combined TRACON& Tower with Radar,32,20,7,6,65,0,2,12,2,16,32,22,19,8,81,0,13,13,94
08/06/2023,JAN,MS,ASO,ES,Combined TRACON& Tower with Radar,37,16,7,7,67,0,2,3,0,5,37,18,10,7,72,0,0,0,72
08/07/2023,JAN,MS,ASO,ES,Combined TRACON& Tower with Radar,41,21,22,14,98,0,1,2,2,5,41,22,24,16,103,0,24,24,127
08/08/2023,JAN,MS,ASO,ES,Combined TRACON& Tower with Radar,40,17,10,30,97,0,0,5,0,5,40,17,15,30,102,0,10,10,112
08/09/2023,JAN,MS,ASO,ES,Combined TRACON& Tower with Radar,39,21,26,19,105,0,4,3,3,10,39,25,29,22,115,0,20,20,135
08/10/2023,JAN,MS,ASO,ES,Combined TRACON& Tower with Radar,42,18,18,32,110,0,3,4,1,8,42,21,22,33,118,3,18,21,139
08/11/2023,JAN,MS,ASO,ES,Combined TRACON& Tower with Radar,42,19,10,54,125,0,3,3,12,18,42,22,13,66,143,0,54,54,197
08/12/2023,JAN,MS,ASO,ES,Combined TRACON& Tower with Radar,31,19,6,8,64,0,0,1,4,5,31,19,7,12,69,0,0,0,69
08/13/2023,JAN,MS,ASO,ES,Combined TRACON& Tower with Radar,44,16,13,3,76,0,0,1,0,1,44,16,14,3,77,4,0,4,81
08/14/2023,JAN,MS,ASO,ES,Combined TRACON& Tower with Radar,39,17,9,31,96,0,8,8,2,18,39,25,17,33,114,0,28,28,142
08/15/2023,JAN,MS,ASO,ES,Combined TRACON& Tower with Radar,43,30,18,64,155,0,2,7,6,15,43,32,25,70,170,0,24,24,194
08/16/2023,JAN,MS,ASO,ES,Combined TRACON& Tower with Radar,41,18,15,9,83,0,2,1,1,4,41,20,16,10,87,6,0,6,93
08/17/2023,JAN,MS,ASO,ES,Combined TRACON& Tower with Radar,43,22,24,37,126,0,5,1,8,14,43,27,25,45,140,2,68,70,210
08/18/2023,JAN,MS,ASO,ES,Combined TRACON& Tower with Radar,44,15,14,31,104,0,3,4,7,14,44,18,18,38,118,2,18,20,138
08/19/2023,JAN,MS,ASO,ES,Combined TRACON& Tower with Radar,37,21,6,18,82,0,1,0,0,1,37,22,6,18,83,18,0,18,101
08/20/2023,JAN,MS,ASO,ES,Combined TRACON& Tower with Radar,45,21,15,9,90,0,4,3,5,12,45,25,18,14,102,0,0,0,102
08/21/2023,JAN,MS,ASO,ES,Combined TRACON& Tower with Radar,43,32,20,6,101,0,3,8,0,11,43,35,28,6,112,23,0,23,135
08/22/2023,JAN,MS,ASO,ES,Combined TRACON& Tower with Radar,42,26,14,18,100,0,1,4,5,10,42,27,18,23,110,7,44,51,161
08/23/2023,JAN,MS,ASO,ES,Combined TRACON& Tower with Radar,42,20,16,7,85,0,2,9,0,11,42,22,25,7,96,0,4,4,100
08/24/2023,JAN,MS,ASO,ES,Combined TRACON& Tower with Radar,41,25,15,22,103,0,0,1,2,3,41,25,16,24,106,0,52,52,158
08/25/2023,JAN,MS,ASO,ES,Combined TRACON& Tower with Radar,47,15,16,11,89,0,1,5,2,8,47,16,21,13,97,0,10,10,107
08/26/2023,JAN,MS,ASO,ES,Combined TRACON& Tower with Radar,38,18,6,7,69,0,2,7,1,10,38,20,13,8,79,0,0,0,79
08/27/2023,JAN,MS,ASO,ES,Combined TRACON& Tower with Radar,42,20,10,10,82,0,1,4,2,7,42,21,14,12,89,0,0,0,89
08/28/2023,JAN,MS,ASO,ES,Combined TRACON& Tower with Radar,41,25,19,38,123,0,1,2,3,6,41,26,21,41,129,2,0,2,131
08/29/2023,JAN,MS,ASO,ES,Combined TRACON& Tower with Radar,41,35,17,34,127,0,2,1,0,3,41,37,18,34,130,0,50,50,180
08/30/2023,JAN,MS,ASO,ES,Combined TRACON& Tower with Radar,42,16,28,29,115,0,1,5,6,12,42,17,33,35,127,0,50,50,177
08/31/2023,JAN,MS,ASO,ES,Combined TRACON& Tower with Radar,45,32,20,37,134,0,1,2,1,4,45,33,22,38,138,0,54,54,192
01/01/2020,JAN,MS,ASO,CE,Combined TRACON& Tower with Radar,24,11,11,0,46,0,1,3,0,4,24,12,14,0,50,2,0,2,52
01/02/2020,JAN,MS,ASO,CE,Combined TRACON& Tower with Radar,33,11,3,0,47,0,0,0,0,0,33,11,3,0,47,0,0,0,47
01/03/2020,JAN,MS,ASO,CE,Combined TRACON& Tower with Radar,34,18,7,40,99,0,0,0,0,0,34,18,7,40,99,0,36,36,135
01/04/2020,JAN,MS,ASO,CE,Combined TRACON& Tower with Radar,31,9,16,1,57,0,2,7,0,9,31,11,23,1,66,0,0,0,66
01/05/2020,JAN,MS,ASO,CE,Combined TRACON& Tower with Radar,30,10,10,0,50,0,0,1,0,1,30,10,11,0,51,0,0,0,51
01/06/2020,JAN,MS,ASO,CE,Combined TRACON& Tower with Radar,38,22,17,26,103,1,0,0,1,2,39,22,17,27,105,0,110,110,215
01/07/2020,JAN,MS,ASO,CE,Combined TRACON& Tower with Radar,31,16,14,14,75,0,5,4,2,11,31,21,18,16,86,0,78,78,164
01/08/2020,JAN,MS,ASO,CE,Combined TRACON& Tower with Radar,32,24,19,28,103,0,1,4,6,11,32,25,23,34,114,0,100,100,214
01/09/2020,JAN,MS,ASO,CE,Combined TRACON& Tower with Radar,32,22,17,18,89,0,5,2,5,12,32,27,19,23,101,0,92,92,193
01/10/2020,JAN,MS,ASO,CE,Combined TRACON& Tower with Radar,31,22,5,24,82,0,2,0,0,2,31,24,5,24,84,0,4,4,88
01/11/2020,JAN,MS,ASO,CE,Combined TRACON& Tower with Radar,19,15,2,0,36,0,0,0,0,0,19,15,2,0,36,0,0,0,36
01/12/2020,JAN,MS,ASO,CE,Combined TRACON& Tower with Radar,32,25,6,7,70,0,1,2,0,3,32,26,8,7,73,8,0,8,81
01/13/2020,JAN,MS,ASO,CE,Combined TRACON& Tower with Radar,29,27,14,1,71,0,0,0,1,1,29,27,14,2,72,2,20,22,94
01/14/2020,JAN,MS,ASO,CE,Combined TRACON& Tower with Radar,30,21,14,1,66,0,0,0,0,0,30,21,14,1,66,0,0,0,66
01/15/2020,JAN,MS,ASO,CE,Combined TRACON& Tower with Radar,31,17,31,8,87,0,1,3,1,5,31,18,34,9,92,2,8,10,102
01/16/2020,JAN,MS,ASO,CE,Combined TRACON& Tower with Radar,40,17,22,2,81,0,4,0,1,5,40,21,22,3,86,0,6,6,92
01/17/2020,JAN,MS,ASO,CE,Combined TRACON& Tower with Radar,35,24,21,12,92,0,5,2,2,9,35,29,23,14,101,0,40,40,141
01/18/2020,JAN,MS,ASO,CE,Combined TRACON& Tower with Radar,19,12,3,6,40,0,0,1,0,1,19,12,4,6,41,0,0,0,41
01/19/2020,JAN,MS,ASO,CE,Combined TRACON& Tower with Radar,23,16,11,4,54,0,1,4,2,7,23,17,15,6,61,2,0,2,63
01/20/2020,JAN,MS,ASO,CE,Combined TRACON& Tower with Radar,28,19,13,9,69,0,3,0,0,3,28,22,13,9,72,14,8,22,94
01/21/2020,JAN,MS,ASO,CE,Combined TRACON& Tower with Radar,31,21,21,17,90,0,0,1,2,3,31,21,22,19,93,0,32,32,125
01/22/2020,JAN,MS,ASO,CE,Combined TRACON& Tower with Radar,31,23,33,34,121,0,1,4,5,10,31,24,37,39,131,0,114,114,245
01/23/2020,JAN,MS,ASO,CE,Combined TRACON& Tower with Radar,32,29,22,26,109,0,0,0,0,0,32,29,22,26,109,0,24,24,133
01/24/2020,JAN,MS,ASO,CE,Combined TRACON& Tower with Radar,33,21,24,15,93,0,0,4,2,6,33,21,28,17,99,2,68,70,169
01/25/2020,JAN,MS,ASO,CE,Combined TRACON& Tower with Radar,22,15,8,2,47,0,3,3,0,6,22,18,11,2,53,0,14,14,67
01/26/2020,JAN,MS,ASO,CE,Combined TRACON& Tower with Radar,33,15,7,2,57,0,0,0,0,0,33,15,7,2,57,0,0,0,57
01/27/2020,JAN,MS,ASO,CE,Combined TRACON& Tower with Radar,30,18,18,17,83,0,2,1,0,3,30,20,19,17,86,8,4,12,98
01/28/2020,JAN,MS,ASO,CE,Combined TRACON& Tower with Radar,31,19,26,29,105,0,1,0,0,1,31,20,26,29,106,0,92,92,198
01/29/2020,JAN,MS,ASO,CE,Combined TRACON& Tower with Radar,31,38,18,31,118,0,0,0,0,0,31,38,18,31,118,0,44,44,162
01/30/2020,JAN,MS,ASO,CE,Combined TRACON& Tower with Radar,34,23,16,9,82,0,4,3,0,7,34,27,19,9,89,0,4,4,93
01/31/2020,JAN,MS,ASO,CE,Combined TRACON& Tower with Radar,33,20,21,19,93,0,1,0,0,1,33,21,21,19,94,8,14,22,116
02/01/2020,JAN,MS,ASO,ES,Combined TRACON& Tower with Radar,21,15,3,16,55,0,4,3,0,7,21,19,6,16,62,0,20,20,82
02/02/2020,JAN,MS,ASO,ES,Combined TRACON& Tower with Radar,28,24,4,21,77,0,0,6,2,8,28,24,10,23,85,0,26,26,111
02/03/2020,JAN,MS,ASO,ES,Combined TRACON& Tower with Radar,31,19,21,29,100,0,1,3,4,8,31,20,24,33,108,0,84,84,192
02/04/2020,JAN,MS,ASO,ES,Combined TRACON& Tower with Radar,31,21,18,25,95,0,0,0,3,3,31,21,18,28,98,10,72,82,180
02/05/2020,JAN,MS,ASO,ES,Combined TRACON& Tower with Radar,29,22,14,13,78,0,0,0,0,0,29,22,14,13,78,0,14,14,92
02/06/2020,JAN,MS,ASO,ES,Combined TRACON& Tower with Radar,29,25,10,7,71,0,0,1,0,1,29,25,11,7,72,0,2,2,74
02/07/2020,JAN,MS,ASO,ES,Combined TRACON& Tower with Radar,33,27,21,38,119,0,6,5,13,24,33,33,26,51,143,2,98,100,243
02/08/2020,JAN,MS,ASO,ES,Combined TRACON& Tower with Radar,20,12,7,7,46,0,4,5,3,12,20,16,12,10,58,2,14,16,74
02/09/2020,JAN,MS,ASO,ES,Combined TRACON& Tower with Radar,34,15,9,6,64,0,1,3,1,5,34,16,12,7,69,6,6,12,81
02/10/2020,JAN,MS,ASO,ES,Combined TRACON& Tower with Radar,30,24,9,0,63,0,0,0,0,0,30,24,9,0,63,0,0,0,63
02/11/2020,JAN,MS,ASO,ES,Combined TRACON& Tower with Radar,37,15,15,11,78,0,0,0,0,0,37,15,15,11,78,0,0,0,78
02/12/2020,JAN,MS,ASO,ES,Combined TRACON& Tower with Radar,38,21,20,1,80,0,0,0,0,0,38,21,20,1,80,0,0,0,80
02/13/2020,JAN,MS,ASO,ES,Combined TRACON& Tower with Radar,32,16,33,44,125,0,0,0,2,2,32,16,33,46,127,4,72,76,203
02/14/2020,JAN,MS,ASO,ES,Combined TRACON& Tower with Radar,37,22,17,17,93,0,1,0,6,7,37,23,17,23,100,0,80,80,180
02/15/2020,JAN,MS,ASO,ES,Combined TRACON& Tower with Radar,18,11,4,5,38,0,0,2,2,4,18,11,6,7,42,6,18,24,66
02/16/2020,JAN,MS,ASO,ES,Combined TRACON& Tower with Radar,26,21,16,16,79,0,1,1,1,3,26,22,17,17,82,4,18,22,104
02/17/2020,JAN,MS,ASO,ES,Combined TRACON& Tower with Radar,33,21,24,4,82,0,0,0,0,0,33,21,24,4,82,6,2,8,90
02/18/2020,JAN,MS,ASO,ES,Combined TRACON& Tower with Radar,34,18,21,13,86,0,0,0,0,0,34,18,21,13,86,0,8,8,94
02/19/2020,JAN,MS,ASO,ES,Combined TRACON& Tower with Radar,33,24,29,10,96,0,0,0,0,0,33,24,29,10,96,0,8,8,104
02/20/2020,JAN,MS,ASO,ES,Combined TRACON& Tower with Radar,32,21,16,8,77,0,0,0,0,0,32,21,16,8,77,0,3,3,80
02/21/2020,JAN,MS,ASO,ES,Combined TRACON& Tower with Radar,34,18,12,23,87,0,2,3,8,13,34,20,15,31,100,0,62,62,162
02/22/2020,JAN,MS,ASO,ES,Combined TRACON& Tower with Radar,24,14,3,6,47,0,2,3,7,12,24,16,6,13,59,2,46,48,107
02/23/2020,JAN,MS,ASO,ES,Combined TRACON& Tower with Radar,32,18,4,28,82,0,4,4,1,9,32,22,8,29,91,0,40,40,131
02/24/2020,JAN,MS,ASO,ES,Combined TRACON& Tower with Radar,33,39,15,4,91,0,0,1,0,1,33,39,16,4,92,0,14,14,106
02/25/2020,JAN,MS,ASO,ES,Combined TRACON& Tower with Radar,33,28,17,30,108,0,3,1,8,12,33,31,18,38,120,0,120,120,240
02/26/2020,JAN,MS,ASO,ES,Combined TRACON& Tower with Radar,32,27,20,20,99,0,1,2,2,5,32,28,22,22,104,4,38,42,146
02/27/2020,JAN,MS,ASO,ES,Combined TRACON& Tower with Radar,31,23,23,27,104,0,2,14,6,22,31,25,37,33,126,8,122,130,256
02/28/2020,JAN,MS,ASO,ES,Combined TRACON& Tower with Radar,31,20,12,24,87,0,1,2,4,7,31,21,14,28,94,0,120,120,214
02/29/2020,JAN,MS,ASO,ES,Combined TRACON& Tower with Radar,24,16,14,0,54,0,4,1,2,7,24,20,15,2,61,0,6,6,67
03/01/2020,JAN,MS,ASO,ES,Combined TRACON& Tower with Radar,32,20,12,9,73,0,1,2,5,8,32,21,14,14,81,0,16,16,97
03/02/2020,JAN,MS,ASO,ES,Combined TRACON& Tower with Radar,33,26,15,17,91,0,1,1,0,2,33,27,16,17,93,0,16,16,109
03/03/2020,JAN,MS,ASO,ES,Combined TRACON& Tower with Radar,33,22,15,12,82,0,2,0,0,2,33,24,15,12,84,0,24,24,108
03/04/2020,JAN,MS,ASO,ES,Combined TRACON& Tower with Radar,32,24,11,4,71,0,0,0,0,0,32,24,11,4,71,0,0,0,71
03/05/2020,JAN,MS,ASO,ES,Combined TRACON& Tower with Radar,39,14,20,12,85,0,3,2,0,5,39,17,22,12,90,2,40,42,132
03/06/2020,JAN,MS,ASO,ES,Combined TRACON& Tower with Radar,38,19,13,27,97,0,3,5,5,13,38,22,18,32,110,0,100,100,210
03/07/2020,JAN,MS,ASO,ES,Combined TRACON& Tower with Radar,30,10,6,14,60,0,1,5,0,6,30,11,11,14,66,0,8,8,74
03/08/2020,JAN,MS,ASO,ES,Combined TRACON& Tower with Radar,38,14,12,10,74,0,3,0,8,11,38,17,12,18,85,12,20,32,117
03/09/2020,JAN,MS,ASO,ES,Combined TRACON& Tower with Radar,45,20,19,43,127,0,2,2,5,9,45,22,21,48,136,4,117,121,257
03/10/2020,JAN,MS,ASO,ES,Combined TRACON& Tower with Radar,33,20,17,27,97,0,0,0,0,0,33,20,17,27,97,2,14,16,113
03/11/2020,JAN,MS,ASO,ES,Combined TRACON& Tower with Radar,36,18,25,15,94,0,0,2,0,2,36,18,27,15,96,0,10,10,106
03/12/2020,JAN,MS,ASO,ES,Combined TRACON& Tower with Radar,37,19,16,42,114,0,0,1,11,12,37,19,17,53,126,0,60,60,186
03/13/2020,JAN,MS,ASO,ES,Combined TRACON& Tower with Radar,36,19,16,7,78,0,1,0,1,2,36,20,16,8,80,0,24,24,104
03/14/2020,JAN,MS,ASO,ES,Combined TRACON& Tower with Radar,26,5,9,2,42,0,1,2,0,3,26,6,11,2,45,4,2,6,51
03/15/2020,JAN,MS,ASO,ES,Combined TRACON& Tower with Radar,36,11,7,2,56,0,2,0,0,2,36,13,7,2,58,0,0,0,58
03/16/2020,JAN,MS,ASO,ES,Combined TRACON& Tower with Radar,35,20,12,19,86,0,4,3,3,10,35,24,15,22,96,4,113,117,213
03/17/2020,JAN,MS,ASO,ES,Combined TRACON& Tower with Radar,33,23,8,12,76,0,1,1,1,3,33,24,9,13,79,0,158,158,237
03/18/2020,JAN,MS,ASO,ES,Combined TRACON& Tower with Radar,35,21,10,32,98,0,0,1,1,2,35,21,11,33,100,8,86,94,194
03/19/2020,JAN,MS,ASO,ES,Combined TRACON& Tower with Radar,32,14,3,12,61,0,1,1,4,6,32,15,4,16,67,14,78,92,159
03/20/2020,JAN,MS,ASO,ES,Combined TRACON& Tower with Radar,32,13,4,2,51,0,0,1,0,1,32,13,5,2,52,0,0,0,52
03/21/2020,JAN,MS,ASO,ES,Combined TRACON& Tower with Radar,23,5,8,0,36,0,0,0,0,0,23,5,8,0,36,0,0,0,36
03/22/2020,JAN,MS,ASO,ES,Combined TRACON& Tower with Radar,21,8,3,1,33,0,0,0,0,0,21,8,3,1,33,0,0,0,33
03/23/2020,JAN,MS,ASO,ES,Combined TRACON& Tower with Radar,22,8,5,0,35,0,2,0,0,2,22,10,5,0,37,0,0,0,37
03/24/2020,JAN,MS,ASO,ES,Combined TRACON& Tower with Radar,23,6,3,16,48,0,0,0,3,3,23,6,3,19,51,0,74,74,125
03/25/2020,JAN,MS,ASO,ES,Combined TRACON& Tower with Radar,22,6,13,4,45,0,0,1,2,3,22,6,14,6,48,4,10,14,62
03/26/2020,JAN,MS,ASO,ES,Combined TRACON& Tower with Radar,18,10,3,12,43,0,1,4,2,7,18,11,7,14,50,8,122,130,180
03/27/2020,JAN,MS,ASO,ES,Combined TRACON& Tower with Radar,12,7,3,11,33,0,0,2,4,6,12,7,5,15,39,0,38,38,77
03/28/2020,JAN,MS,ASO,ES,Combined TRACON& Tower with Radar,11,3,0,17,31,0,2,0,6,8,11,5,0,23,39,6,80,86,125
03/29/2020,JAN,MS,ASO,ES,Combined TRACON& Tower with Radar,18,4,6,2,30,0,4,5,1,10,18,8,11,3,40,8,0,8,48
03/30/2020,JAN,MS,ASO,ES,Combined TRACON& Tower with Radar,18,6,11,8,43,0,0,2,3,5,18,6,13,11,48,4,72,76,124
03/31/2020,JAN,MS,ASO,ES,Combined TRACON& Tower with Radar,16,5,5,25,51,0,1,0,0,1,16,6,5,25,52,0,84,84,136
04/01/2020,JAN,MS,ASO,ES,Combined TRACON& Tower with Radar,16,5,2,16,39,0,0,4,1,5,16,5,6,17,44,2,60,62,106
04/02/2020,JAN,MS,ASO,ES,Combined TRACON& Tower with Radar,17,4,9,19,49,0,1,0,0,1,17,5,9,19,50,0,116,116,166
04/03/2020,JAN,MS,ASO,ES,Combined TRACON& Tower with Radar,16,4,0,21,41,0,2,2,1,5,16,6,2,22,46,0,60,60,106
04/04/2020,JAN,MS,ASO,ES,Combined TRACON& Tower with Radar,7,2,0,6,15,0,1,2,0,3,7,3,2,6,18,2,24,26,44
04/05/2020,JAN,MS,ASO,ES,Combined TRACON& Tower with Radar,12,3,3,0,18,0,1,1,0,2,12,4,4,0,20,0,0,0,20
04/06/2020,JAN,MS,ASO,ES,Combined TRACON& Tower with Radar,18,3,7,9,37,0,1,0,0,1,18,4,7,9,38,0,32,32,70
04/07/2020,JAN,MS,ASO,ES,Combined TRACON& Tower with Radar,16,4,1,0,21,0,1,0,0,1,16,5,1,0,22,0,0,0,22
04/08/2020,JAN,MS,ASO,ES,Combined TRACON& Tower with Radar,11,3,6,5,25,0,1,1,1,3,11,4,7,6,28,0,10,10,38
04/09/2020,JAN,MS,ASO,ES,Combined TRACON& Tower with Radar,15,3,2,19,39,0,0,6,0,6,15,3,8,19,45,12,152,164,209
04/10/2020,JAN,MS,ASO,ES,Combined TRACON& Tower with Radar,14,3,0,8,25,0,0,2,6,8,14,3,2,14,33,0,80,80,113
04/11/2020,JAN,MS,ASO,ES,Combined TRACON& Tower with Radar,12,4,3,7,26,0,1,3,1,5,12,5,6,8,31,0,62,62,93
04/12/2020,JAN,MS,ASO,ES,Combined TRACON& Tower with Radar,11,2,0,0,13,0,0,0,0,0,11,2,0,0,13,0,0,0,13
04/13/2020,JAN,MS,ASO,ES,Combined TRACON& Tower with Radar,12,4,6,15,37,0,2,2,0,4,12,6,8,15,41,0,90,90,131
04/14/2020,JAN,MS,ASO,ES,Combined TRACON& Tower with Radar,13,2,5,31,51,0,2,4,4,10,13,4,9,35,61,6,100,106,167
04/15/2020,JAN,MS,ASO,ES,Combined TRACON& Tower with Radar,12,9,13,17,51,0,2,2,4,8,12,11,15,21,59,0,90,90,149
04/16/2020,JAN,MS,ASO,ES,Combined TRACON& Tower with Radar,14,3,10,10,37,0,0,3,2,5,14,3,13,12,42,2,66,68,110
04/17/2020,JAN,MS,ASO,ES,Combined TRACON& Tower with Radar,12,4,4,13,33,0,2,6,4,12,12,6,10,17,45,0,36,36,81
04/18/2020,JAN,MS,ASO,ES,Combined TRACON& Tower with Radar,9,5,2,13,29,0,0,0,0,0,9,5,2,13,29,0,48,48,77
04/19/2020,JAN,MS,ASO,ES,Combined TRACON& Tower with Radar,10,6,1,0,17,0,0,0,0,0,10,6,1,0,17,0,0,0,17
04/20/2020,JAN,MS,ASO,ES,Combined TRACON& Tower with Radar,12,4,8,6,30,0,1,1,0,2,12,5,9,6,32,0,24,24,56
04/21/2020,JAN,MS,ASO,ES,Combined TRACON& Tower with Radar,10,4,3,13,30,0,1,5,0,6,10,5,8,13,36,0,50,50,86
04/22/2020,JAN,MS,ASO,ES,Combined TRACON& Tower with Radar,12,2,5,11,30,0,0,0,3,3,12,2,5,14,33,0,70,70,103
04/23/2020,JAN,MS,ASO,ES,Combined TRACON& Tower with Radar,10,6,5,6,27,0,0,1,9,10,10,6,6,15,37,0,22,22,59
04/24/2020,JAN,MS,ASO,ES,Combined TRACON& Tower with Radar,17,2,9,21,49,0,4,6,2,12,17,6,15,23,61,8,64,72,133
04/25/2020,JAN,MS,ASO,ES,Combined TRACON& Tower with Radar,10,2,7,22,41,0,0,0,1,1,10,2,7,23,42,0,26,26,68
04/26/2020,JAN,MS,ASO,ES,Combined TRACON& Tower with Radar,10,6,6,8,30,0,7,9,0,16,10,13,15,8,46,8,10,18,64
04/27/2020,JAN,MS,ASO,ES,Combined TRACON& Tower with Radar,11,2,7,18,38,0,1,5,4,10,11,3,12,22,48,0,84,84,132
04/28/2020,JAN,MS,ASO,ES,Combined TRACON& Tower with Radar,6,5,7,2,20,0,0,3,0,3,6,5,10,2,23,6,12,18,41
04/29/2020,JAN,MS,ASO,ES,Combined TRACON& Tower with Radar,8,2,5,6,21,0,2,1,0,3,8,4,6,6,24,0,14,14,38
04/30/2020,JAN,MS,ASO,ES,Combined TRACON& Tower with Radar,6,7,16,17,46,0,3,8,0,11,6,10,24,17,57,24,54,78,135
05/01/2020,JAN,MS,ASO,ES,Combined TRACON& Tower with Radar,8,3,9,19,39,0,1,5,4,10,8,4,14,23,49,12,74,86,135
05/02/2020,JAN,MS,ASO,ES,Combined TRACON& Tower with Radar,8,2,8,45,63,0,0,2,1,3,8,2,10,46,66,0,68,68,134
05/03/2020,JAN,MS,ASO,ES,Combined TRACON& Tower with Radar,9,2,2,0,13,0,2,5,0,7,9,4,7,0,20,0,0,0,20
05/04/2020,JAN,MS,ASO,ES,Combined TRACON& Tower with Radar,9,3,8,26,46,0,2,12,0,14,9,5,20,26,60,8,78,86,146
05/05/2020,JAN,MS,ASO,ES,Combined TRACON& Tower with Radar,9,2,4,9,24,0,0,2,1,3,9,2,6,10,27,0,8,8,35
05/06/2020,JAN,MS,ASO,ES,Combined TRACON& Tower with Radar,8,4,4,14,30,0,1,1,0,2,8,5,5,14,32,0,116,116,148
05/07/2020,JAN,MS,ASO,ES,Combined TRACON& Tower with Radar,9,7,15,42,73,0,2,7,2,11,9,9,22,44,84,14,78,92,176
05/08/2020,JAN,MS,ASO,ES,Combined TRACON& Tower with Radar,10,4,6,3,23,0,1,0,1,2,10,5,6,4,25,0,2,2,27
05/09/2020,JAN,MS,ASO,ES,Combined TRACON& Tower with Radar,10,3,1,3,17,0,2,1,1,4,10,5,2,4,21,0,2,2,23
05/10/2020,JAN,MS,ASO,ES,Combined TRACON& Tower with Radar,11,7,9,1,28,0,0,5,1,6,11,7,14,2,34,0,6,6,40
05/11/2020,JAN,MS,ASO,ES,Combined TRACON& Tower with Radar,11,7,13,4,35,0,0,8,1,9,11,7,21,5,44,2,30,32,76
05/12/2020,JAN,MS,ASO,ES,Combined TRACON& Tower with Radar,10,13,9,28,60,0,0,5,2,7,10,13,14,30,67,2,74,76,143
05/13/2020,JAN,MS,ASO,ES,Combined TRACON& Tower with Radar,10,5,14,20,49,0,2,3,6,11,10,7,17,26,60,0,74,74,134
05/14/2020,JAN,MS,ASO,ES,Combined TRACON& Tower with Radar,10,12,12,16,50,0,0,1,0,1,10,12,13,16,51,0,18,18,69
05/15/2020,JAN,MS,ASO,ES,Combined TRACON& Tower with Radar,10,5,6,13,34,0,1,2,0,3,10,6,8,13,37,0,28,28,65
05/16/2020,JAN,MS,ASO,ES,Combined TRACON& Tower with Radar,10,3,10,4,27,0,1,5,0,6,10,4,15,4,33,8,14,22,55
05/17/2020,JAN,MS,ASO,ES,Combined TRACON& Tower with Radar,11,5,7,10,33,0,1,1,0,2,11,6,8,10,35,0,14,14,49
05/18/2020,JAN,MS,ASO,ES,Combined TRACON& Tower with Radar,11,8,11,22,52,0,1,2,5,8,11,9,13,27,60,0,72,72,132
05/19/2020,JAN,MS,ASO,ES,Combined TRACON& Tower with Radar,10,7,8,29,54,0,3,6,6,15,10,10,14,35,69,6,62,68,137
05/20/2020,JAN,MS,ASO,ES,Combined TRACON& Tower with Radar,10,13,12,29,64,0,0,1,0,1,10,13,13,29,65,0,110,110,175
05/21/2020,JAN,MS,ASO,ES,Combined TRACON& Tower with Radar,10,12,25,24,71,0,2,1,9,12,10,14,26,33,83,4,54,58,141
05/22/2020,JAN,MS,ASO,ES,Combined TRACON& Tower with Radar,10,10,12,4,36,0,1,0,0,1,10,11,12,4,37,2,8,10,47
05/23/2020,JAN,MS,ASO,ES,Combined TRACON& Tower with Radar,10,6,5,0,21,0,0,0,0,0,10,6,5,0,21,0,0,0,21
05/24/2020,JAN,MS,ASO,ES,Combined TRACON& Tower with Radar,11,4,3,0,18,0,1,3,0,4,11,5,6,0,22,2,0,2,24
05/25/2020,JAN,MS,ASO,ES,Combined TRACON& Tower with Radar,12,5,11,2,30,0,4,2,0,6,12,9,13,2,36,0,0,0,36
05/26/2020,JAN,MS,ASO,ES,Combined TRACON& Tower with Radar,10,6,19,4,39,0,1,2,0,3,10,7,21,4,42,2,0,2,44
05/27/2020,JAN,MS,ASO,ES,Combined TRACON& Tower with Radar,9,10,14,16,49,0,2,1,0,3,9,12,15,16,52,0,46,46,98
05/28/2020,JAN,MS,ASO,ES,Combined TRACON& Tower with Radar,10,5,22,23,60,0,2,4,2,8,10,7,26,25,68,4,94,98,166
05/29/2020,JAN,MS,ASO,ES,Combined TRACON& Tower with Radar,11,10,21,48,90,0,4,3,16,23,11,14,24,64,113,8,152,160,273
05/30/2020,JAN,MS,ASO,ES,Combined TRACON& Tower with Radar,10,5,8,8,31,0,0,11,0,11,10,5,19,8,42,0,8,8,50
05/31/2020,JAN,MS,ASO,ES,Combined TRACON& Tower with Radar,11,4,11,16,42,0,0,17,0,17,11,4,28,16,59,20,20,40,99
06/01/2020,JAN,MS,ASO,ES,Combined TRACON& Tower with Radar,9,9,15,32,65,0,3,5,0,8,9,12,20,32,73,20,86,106,179
06/02/2020,JAN,MS,ASO,ES,Combined TRACON& Tower with Radar,10,14,11,36,71,0,2,0,9,11,10,16,11,45,82,0,98,98,180
06/03/2020,JAN,MS,ASO,ES,Combined TRACON& Tower with Radar,11,7,17,11,46,0,0,2,1,3,11,7,19,12,49,10,24,34,83
06/04/2020,JAN,MS,ASO,ES,Combined TRACON& Tower with Radar,10,7,6,42,65,0,1,1,5,7,10,8,7,47,72,0,60,60,132
06/05/2020,JAN,MS,ASO,ES,Combined TRACON& Tower with Radar,13,9,13,49,84,0,2,1,5,8,13,11,14,54,92,4,94,98,190
06/06/2020,JAN,MS,ASO,ES,Combined TRACON& Tower with Radar,17,4,15,19,55,0,1,9,0,10,17,5,24,19,65,14,14,28,93
06/07/2020,JAN,MS,ASO,ES,Combined TRACON& Tower with Radar,11,6,5,8,30,0,0,0,0,0,11,6,5,8,30,0,0,0,30
06/08/2020,JAN,MS,ASO,ES,Combined TRACON& Tower with Radar,11,7,5,1,24,0,0,0,0,0,11,7,5,1,24,0,0,0,24
06/09/2020,JAN,MS,ASO,ES,Combined TRACON& Tower with Radar,12,13,13,54,92,0,0,2,2,4,12,13,15,56,96,6,80,86,182
06/10/2020,JAN,MS,ASO,ES,Combined TRACON& Tower with Radar,11,10,12,51,84,0,1,4,6,11,11,11,16,57,95,4,66,70,165
06/11/2020,JAN,MS,ASO,ES,Combined TRACON& Tower with Radar,10,9,14,30,63,0,2,2,4,8,10,11,16,34,71,0,36,36,107
06/12/2020,JAN,MS,ASO,ES,Combined TRACON& Tower with Radar,10,15,20,15,60,0,5,2,3,10,10,20,22,18,70,0,102,102,172
06/13/2020,JAN,MS,ASO,ES,Combined TRACON& Tower with Radar,11,14,2,0,27,0,0,2,1,3,11,14,4,1,30,4,14,18,48
06/14/2020,JAN,MS,ASO,ES,Combined TRACON& Tower with Radar,11,5,10,10,36,0,3,6,0,9,11,8,16,10,45,0,14,14,59
06/15/2020,JAN,MS,ASO,ES,Combined TRACON& Tower with Radar,11,10,15,26,62,0,2,2,2,6,11,12,17,28,68,4,124,128,196
06/16/2020,JAN,MS,ASO,ES,Combined TRACON& Tower with Radar,10,6,12,10,38,0,2,6,1,9,10,8,18,11,47,0,50,50,97
06/17/2020,JAN,MS,ASO,ES,Combined TRACON& Tower with Radar,10,14,20,30,74,0,0,6,0,6,10,14,26,30,80,6,102,108,188
06/18/2020,JAN,MS,ASO,ES,Combined TRACON& Tower with Radar,10,8,13,16,47,0,0,5,1,6,10,8,18,17,53,4,38,42,95
06/19/2020,JAN,MS,ASO,ES,Combined TRACON& Tower with Radar,12,12,14,33,71,0,2,8,2,12,12,14,22,35,83,12,26,38,121
06/20/2020,JAN,MS,ASO,ES,Combined TRACON& Tower with Radar,10,6,17,0,33,0,1,3,0,4,10,7,20,0,37,4,0,4,41
06/21/2020,JAN,MS,ASO,ES,Combined TRACON& Tower with Radar,11,6,7,0,24,0,4,0,1,5,11,10,7,1,29,0,0,0,29
06/22/2020,JAN,MS,ASO,ES,Combined TRACON& Tower with Radar,11,13,14,29,67,0,0,1,4,5,11,13,15,33,72,0,40,40,112
06/23/2020,JAN,MS,ASO,ES,Combined TRACON& Tower with Radar,10,10,19,25,64,0,3,5,2,10,10,13,24,27,74,0,12,12,86
06/24/2020,JAN,MS,ASO,ES,Combined TRACON& Tower with Radar,10,10,23,17,60,0,0,0,1,1,10,10,23,18,61,0,14,14,75
06/25/2020,JAN,MS,ASO,ES,Combined TRACON& Tower with Radar,12,8,28,30,78,0,3,0,1,4,12,11,28,31,82,0,46,46,128
06/26/2020,JAN,MS,ASO,ES,Combined TRACON& Tower with Radar,10,13,17,31,71,0,1,2,0,3,10,14,19,31,74,2,50,52,126
06/27/2020,JAN,MS,ASO,ES,Combined TRACON& Tower with Radar,10,5,14,10,39,0,1,2,0,3,10,6,16,10,42,8,10,18,60
06/28/2020,JAN,MS,ASO,ES,Combined TRACON& Tower with Radar,11,11,9,0,31,0,0,1,1,2,11,11,10,1,33,10,0,10,43
06/29/2020,JAN,MS,ASO,ES,Combined TRACON& Tower with Radar,11,9,21,47,88,0,2,2,3,7,11,11,23,50,95,2,128,130,225
06/30/2020,JAN,MS,ASO,ES,Combined TRACON& Tower with Radar,12,11,15,40,78,0,1,1,2,4,12,12,16,42,82,2,176,178,260
07/01/2020,JAN,MS,ASO,ES,Combined TRACON& Tower with Radar,10,9,25,12,56,0,0,2,0,2,10,9,27,12,58,4,8,12,70
07/02/2020,JAN,MS,ASO,ES,Combined TRACON& Tower with Radar,11,7,19,12,49,0,1,3,0,4,11,8,22,12,53,0,0,0,53
07/03/2020,JAN,MS,ASO,ES,Combined TRACON& Tower with Radar,10,8,8,5,31,0,0,7,0,7,10,8,15,5,38,0,0,0,38
07/04/2020,JAN,MS,ASO,ES,Combined TRACON& Tower with Radar,12,3,5,4,24,0,3,0,0,3,12,6,5,4,27,0,2,2,29
07/05/2020,JAN,MS,ASO,ES,Combined TRACON& Tower with Radar,11,12,12,0,35,0,0,2,0,2,11,12,14,0,37,0,0,0,37
07/06/2020,JAN,MS,ASO,ES,Combined TRACON& Tower with Radar,11,12,14,0,37,0,2,1,2,5,11,14,15,2,42,0,0,0,42
07/07/2020,JAN,MS,ASO,ES,Combined TRACON& Tower with Radar,15,10,7,15,47,0,0,0,3,3,15,10,7,18,50,0,0,0,50
07/08/2020,JAN,MS,ASO,ES,Combined TRACON& Tower with Radar,15,6,7,7,35,0,1,0,0,1,15,7,7,7,36,0,0,0,36
07/09/2020,JAN,MS,ASO,ES,Combined TRACON& Tower with Radar,16,12,9,23,60,0,2,1,3,6,16,14,10,26,66,2,64,66,132
07/10/2020,JAN,MS,ASO,ES,Combined TRACON& Tower with Radar,17,10,16,11,54,0,3,1,4,8,17,13,17,15,62,0,58,58,120
07/11/2020,JAN,MS,ASO,ES,Combined TRACON& Tower with Radar,15,7,12,8,42,0,1,4,7,12,15,8,16,15,54,2,2,4,58
07/12/2020,JAN,MS,ASO,ES,Combined TRACON& Tower with Radar,18,5,10,1,34,1,1,2,4,8,19,6,12,5,42,4,6,10,52
07/13/2020,JAN,MS,ASO,ES,Combined TRACON& Tower with Radar,17,7,11,14,49,0,1,1,1,3,17,8,12,15,52,4,40,44,96
07/14/2020,JAN,MS,ASO,ES,Combined TRACON& Tower with Radar,15,7,11,19,52,0,1,3,3,7,15,8,14,22,59,0,102,102,161
07/15/2020,JAN,MS,ASO,ES,Combined TRACON& Tower with Radar,14,18,16,21,69,0,1,1,3,5,14,19,17,24,74,6,68,74,148
07/16/2020,JAN,MS,ASO,ES,Combined TRACON& Tower with Radar,16,14,15,50,95,1,2,3,5,11,17,16,18,55,106,4,110,114,220
07/17/2020,JAN,MS,ASO,ES,Combined TRACON& Tower with Radar,17,24,12,23,76,0,4,5,1,10,17,28,17,24,86,0,78,78,164
07/18/2020,JAN,MS,ASO,ES,Combined TRACON& Tower with Radar,15,9,8,9,41,0,2,2,0,4,15,11,10,9,45,8,8,16,61
07/19/2020,JAN,MS,ASO,ES,Combined TRACON& Tower with Radar,18,14,10,7,49,1,0,1,0,2,19,14,11,7,51,0,24,24,75
07/20/2020,JAN,MS,ASO,ES,Combined TRACON& Tower with Radar,19,9,11,28,67,0,2,1,9,12,19,11,12,37,79,0,132,132,211
07/21/2020,JAN,MS,ASO,ES,Combined TRACON& Tower with Radar,13,17,8,17,55,0,4,5,2,11,13,21,13,19,66,4,90,94,160
07/22/2020,JAN,MS,ASO,ES,Combined TRACON& Tower with Radar,15,11,18,30,74,0,0,1,15,16,15,11,19,45,90,2,102,104,194
07/23/2020,JAN,MS,ASO,ES,Combined TRACON& Tower with Radar,17,5,12,18,52,0,4,3,10,17,17,9,15,28,69,0,116,116,185
07/24/2020,JAN,MS,ASO,ES,Combined TRACON& Tower with Radar,19,9,12,8,48,0,0,2,0,2,19,9,14,8,50,2,6,8,58
07/25/2020,JAN,MS,ASO,ES,Combined TRACON& Tower with Radar,15,8,2,2,27,0,1,2,0,3,15,9,4,2,30,0,0,0,30
07/26/2020,JAN,MS,ASO,ES,Combined TRACON& Tower with Radar,18,5,10,3,36,0,0,5,4,9,18,5,15,7,45,0,22,22,67
07/27/2020,JAN,MS,ASO,ES,Combined TRACON& Tower with Radar,18,7,12,5,42,0,1,1,0,2,18,8,13,5,44,0,4,4,48
07/28/2020,JAN,MS,ASO,ES,Combined TRACON& Tower with Radar,15,9,14,15,53,0,2,0,0,2,15,11,14,15,55,0,32,32,87
07/29/2020,JAN,MS,ASO,ES,Combined TRACON& Tower with Radar,14,10,15,28,67,1,4,0,2,7,15,14,15,30,74,0,84,84,158
07/30/2020,JAN,MS,ASO,ES,Combined TRACON& Tower with Radar,15,9,24,20,68,0,2,3,4,9,15,11,27,24,77,2,66,68,145
07/31/2020,JAN,MS,ASO,ES,Combined TRACON& Tower with Radar,18,10,13,16,57,0,1,0,0,1,18,11,13,16,58,8,48,56,114
08/01/2020,JAN,MS,ASO,ES,Combined TRACON& Tower with Radar,16,5,14,5,40,0,0,2,0,2,16,5,16,5,42,0,0,0,42
08/02/2020,JAN,MS,ASO,ES,Combined TRACON& Tower with Radar,20,5,18,7,50,0,0,8,0,8,20,5,26,7,58,8,2,10,68
08/03/2020,JAN,MS,ASO,ES,Combined TRACON& Tower with Radar,18,8,8,8,42,0,0,4,0,4,18,8,12,8,46,2,80,82,128
08/04/2020,JAN,MS,ASO,ES,Combined TRACON& Tower with Radar,14,4,13,21,52,0,1,2,2,5,14,5,15,23,57,0,70,70,127
08/05/2020,JAN,MS,ASO,ES,Combined TRACON& Tower with Radar,14,22,23,25,84,0,3,5,3,11,14,25,28,28,95,14,106,120,215
08/06/2020,JAN,MS,ASO,ES,Combined TRACON& Tower with Radar,18,9,15,33,75,0,0,3,4,7,18,9,18,37,82,0,142,142,224
08/07/2020,JAN,MS,ASO,ES,Combined TRACON& Tower with Radar,18,6,11,26,61,0,0,4,3,7,18,6,15,29,68,0,56,56,124
08/08/2020,JAN,MS,ASO,ES,Combined TRACON& Tower with Radar,16,5,7,4,32,0,0,4,4,8,16,5,11,8,40,0,2,2,42
08/09/2020,JAN,MS,ASO,ES,Combined TRACON& Tower with Radar,20,5,15,3,43,0,0,5,0,5,20,5,20,3,48,4,0,4,52
08/10/2020,JAN,MS,ASO,ES,Combined TRACON& Tower with Radar,18,9,14,30,71,0,2,4,6,12,18,11,18,36,83,0,80,80,163
08/11/2020,JAN,MS,ASO,ES,Combined TRACON& Tower with Radar,14,11,19,23,67,0,2,2,4,8,14,13,21,27,75,16,158,174,249
08/12/2020,JAN,MS,ASO,ES,Combined TRACON& Tower with Radar,14,21,28,20,83,0,1,5,4,10,14,22,33,24,93,0,58,58,151
08/13/2020,JAN,MS,ASO,ES,Combined TRACON& Tower with Radar,18,15,13,37,83,0,1,0,2,3,18,16,13,39,86,0,122,122,208
08/14/2020,JAN,MS,ASO,ES,Combined TRACON& Tower with Radar,18,8,4,13,43,0,1,1,0,2,18,9,5,13,45,0,34,34,79
08/15/2020,JAN,MS,ASO,ES,Combined TRACON& Tower with Radar,16,7,5,0,28,0,2,11,2,15,16,9,16,2,43,2,0,2,45
08/16/2020,JAN,MS,ASO,ES,Combined TRACON& Tower with Radar,19,7,14,8,48,0,0,0,0,0,19,7,14,8,48,0,18,18,66
08/17/2020,JAN,MS,ASO,ES,Combined TRACON& Tower with Radar,18,14,12,28,72,0,2,3,1,6,18,16,15,29,78,0,114,114,192
08/18/2020,JAN,MS,ASO,ES,Combined TRACON& Tower with Radar,14,9,18,34,75,0,3,3,5,11,14,12,21,39,86,0,40,40,126
08/19/2020,JAN,MS,ASO,ES,Combined TRACON& Tower with Radar,14,10,17,46,87,0,0,9,2,11,14,10,26,48,98,10,90,100,198
08/20/2020,JAN,MS,ASO,ES,Combined TRACON& Tower with Radar,18,7,17,31,73,0,1,3,1,5,18,8,20,32,78,0,24,24,102
08/21/2020,JAN,MS,ASO,ES,Combined TRACON& Tower with Radar,18,7,12,2,39,0,0,2,0,2,18,7,14,2,41,0,0,0,41
08/22/2020,JAN,MS,ASO,ES,Combined TRACON& Tower with Radar,16,6,13,10,45,0,0,1,0,1,16,6,14,10,46,0,0,0,46
08/23/2020,JAN,MS,ASO,ES,Combined TRACON& Tower with Radar,20,6,12,9,47,0,0,3,0,3,20,6,15,9,50,0,0,0,50
08/24/2020,JAN,MS,ASO,ES,Combined TRACON& Tower with Radar,20,5,7,39,71,0,2,3,7,12,20,7,10,46,83,0,12,12,95
08/25/2020,JAN,MS,ASO,ES,Combined TRACON& Tower with Radar,15,3,10,8,36,0,0,0,0,0,15,3,10,8,36,0,4,4,40
08/26/2020,JAN,MS,ASO,ES,Combined TRACON& Tower with Radar,13,2,9,16,40,0,1,2,1,4,13,3,11,17,44,4,38,42,86
08/27/2020,JAN,MS,ASO,ES,Combined TRACON& Tower with Radar,20,4,4,11,39,0,0,0,0,0,20,4,4,11,39,0,18,18,57
08/28/2020,JAN,MS,ASO,ES,Combined TRACON& Tower with Radar,20,6,4,2,32,0,1,2,1,4,20,7,6,3,36,0,6,6,42
08/29/2020,JAN,MS,ASO,ES,Combined TRACON& Tower with Radar,16,5,16,5,42,0,0,4,0,4,16,5,20,5,46,12,6,18,64
08/30/2020,JAN,MS,ASO,ES,Combined TRACON& Tower with Radar,20,9,7,3,39,0,0,0,0,0,20,9,7,3,39,0,6,6,45
08/31/2020,JAN,MS,ASO,ES,Combined TRACON& Tower with Radar,20,14,12,16,62,0,2,1,1,4,20,16,13,17,66,0,14,14,80
09/01/2020,JAN,MS,ASO,ES,Combined TRACON& Tower with Radar,12,6,21,42,81,0,0,1,5,6,12,6,22,47,87,2,34,36,123
09/02/2020,JAN,MS,ASO,ES,Combined TRACON& Tower with Radar,17,13,31,27,88,0,3,3,2,8,17,16,34,29,96,0,10,10,106
09/03/2020,JAN,MS,ASO,ES,Combined TRACON& Tower with Radar,18,8,11,45,82,0,2,2,4,8,18,10,13,49,90,0,26,26,116
09/04/2020,JAN,MS,ASO,ES,Combined TRACON& Tower with Radar,18,10,14,3,45,0,3,3,0,6,18,13,17,3,51,0,0,0,51
09/05/2020,JAN,MS,ASO,ES,Combined TRACON& Tower with Radar,16,7,8,2,33,0,1,2,0,3,16,8,10,2,36,0,0,0,36
09/06/2020,JAN,MS,ASO,ES,Combined TRACON& Tower with Radar,18,6,4,9,37,0,0,4,1,5,18,6,8,10,42,0,0,0,42
09/07/2020,JAN,MS,ASO,ES,Combined TRACON& Tower with Radar,15,13,20,0,48,0,0,5,0,5,15,13,25,0,53,4,0,4,57
09/08/2020,JAN,MS,ASO,ES,Combined TRACON& Tower with Radar,15,10,16,26,67,0,3,3,7,13,15,13,19,33,80,0,76,76,156
09/09/2020,JAN,MS,ASO,ES,Combined TRACON& Tower with Radar,13,14,24,24,75,0,0,3,7,10,13,14,27,31,85,0,40,40,125
09/10/2020,JAN,MS,ASO,ES,Combined TRACON& Tower with Radar,14,13,23,26,76,0,1,2,3,6,14,14,25,29,82,0,92,92,174
09/11/2020,JAN,MS,ASO,ES,Combined TRACON& Tower with Radar,15,20,10,11,56,0,0,3,5,8,15,20,13,16,64,0,102,102,166
09/12/2020,JAN,MS,ASO,ES,Combined TRACON& Tower with Radar,14,7,9,16,46,0,2,1,2,5,14,9,10,18,51,2,24,26,77
09/13/2020,JAN,MS,ASO,ES,Combined TRACON& Tower with Radar,15,7,11,20,53,0,3,2,0,5,15,10,13,20,58,0,14,14,72
09/14/2020,JAN,MS,ASO,ES,Combined TRACON& Tower with Radar,15,15,12,43,85,0,0,2,0,2,15,15,14,43,87,2,110,112,199
09/15/2020,JAN,MS,ASO,ES,Combined TRACON& Tower with Radar,15,12,7,21,55,0,0,1,2,3,15,12,8,23,58,0,34,34,92
09/16/2020,JAN,MS,ASO,ES,Combined TRACON& Tower with Radar,15,8,11,44,78,0,2,1,1,4,15,10,12,45,82,2,46,48,130
09/17/2020,JAN,MS,ASO,ES,Combined TRACON& Tower with Radar,17,13,26,50,106,0,0,16,3,19,17,13,42,53,125,10,66,76,201
09/18/2020,JAN,MS,ASO,ES,Combined TRACON& Tower with Radar,18,15,12,21,66,0,0,4,9,13,18,15,16,30,79,2,22,24,103
09/19/2020,JAN,MS,ASO,ES,Combined TRACON& Tower with Radar,17,7,8,9,41,0,1,1,2,4,17,8,9,11,45,2,8,10,55
09/20/2020,JAN,MS,ASO,ES,Combined TRACON& Tower with Radar,17,8,16,9,50,0,4,0,0,4,17,12,16,9,54,0,6,6,60
09/21/2020,JAN,MS,ASO,ES,Combined TRACON& Tower with Radar,20,15,16,17,68,0,0,1,1,2,20,15,17,18,70,0,62,62,132
09/22/2020,JAN,MS,ASO,ES,Combined TRACON& Tower with Radar,16,12,9,22,59,0,2,2,3,7,16,14,11,25,66,0,44,44,110
09/23/2020,JAN,MS,ASO,ES,Combined TRACON& Tower with Radar,17,9,22,8,56,0,0,0,0,0,17,9,22,8,56,0,0,0,56
09/24/2020,JAN,MS,ASO,ES,Combined TRACON& Tower with Radar,17,13,17,12,59,0,0,0,0,0,17,13,17,12,59,0,0,0,59
09/25/2020,JAN,MS,ASO,ES,Combined TRACON& Tower with Radar,18,23,28,15,84,0,1,1,0,2,18,24,29,15,86,2,46,48,134
09/26/2020,JAN,MS,ASO,ES,Combined TRACON& Tower with Radar,17,7,16,3,43,0,2,3,1,6,17,9,19,4,49,2,14,16,65
09/27/2020,JAN,MS,ASO,ES,Combined TRACON& Tower with Radar,17,10,29,5,61,0,6,6,1,13,17,16,35,6,74,0,6,6,80
09/28/2020,JAN,MS,ASO,ES,Combined TRACON& Tower with Radar,20,11,14,17,62,0,0,0,0,0,20,11,14,17,62,0,12,12,74
09/29/2020,JAN,MS,ASO,ES,Combined TRACON& Tower with Radar,16,13,25,37,91,0,2,1,2,5,16,15,26,39,96,0,46,46,142
09/30/2020,JAN,MS,ASO,ES,Combined TRACON& Tower with Radar,19,13,30,14,76,0,2,4,8,14,19,15,34,22,90,0,0,0,90
10/01/2020,JAN,MS,ASO,ES,Combined TRACON& Tower with Radar,17,15,24,18,74,0,3,4,7,14,17,18,28,25,88,0,28,28,116
10/02/2020,JAN,MS,ASO,ES,Combined TRACON& Tower with Radar,17,18,22,24,81,0,0,16,5,21,17,18,38,29,102,4,8,12,114
10/03/2020,JAN,MS,ASO,ES,Combined TRACON& Tower with Radar,16,7,4,11,38,1,1,2,0,4,17,8,6,11,42,0,4,4,46
10/04/2020,JAN,MS,ASO,ES,Combined TRACON& Tower with Radar,17,14,7,3,41,0,1,9,0,10,17,15,16,3,51,4,0,4,55
10/05/2020,JAN,MS,ASO,ES,Combined TRACON& Tower with Radar,19,12,21,20,72,0,1,4,1,6,19,13,25,21,78,8,38,46,124
10/06/2020,JAN,MS,ASO,ES,Combined TRACON& Tower with Radar,23,11,21,23,78,0,2,4,8,14,23,13,25,31,92,0,46,46,138
10/07/2020,JAN,MS,ASO,ES,Combined TRACON& Tower with Radar,25,16,22,26,89,0,1,5,7,13,25,17,27,33,102,2,70,72,174
10/08/2020,JAN,MS,ASO,ES,Combined TRACON& Tower with Radar,21,11,15,23,70,0,1,2,0,3,21,12,17,23,73,0,20,20,93
10/09/2020,JAN,MS,ASO,ES,Combined TRACON& Tower with Radar,23,11,2,4,40,0,3,0,0,3,23,14,2,4,43,0,2,2,45
10/10/2020,JAN,MS,ASO,ES,Combined TRACON& Tower with Radar,18,4,2,0,24,0,0,0,0,0,18,4,2,0,24,0,0,0,24
10/11/2020,JAN,MS,ASO,ES,Combined TRACON& Tower with Radar,21,14,7,3,45,0,0,0,0,0,21,14,7,3,45,10,0,10,55
10/12/2020,JAN,MS,ASO,ES,Combined TRACON& Tower with Radar,21,12,27,1,61,0,3,4,0,7,21,15,31,1,68,0,0,0,68
10/13/2020,JAN,MS,ASO,ES,Combined TRACON& Tower with Radar,20,10,23,29,82,0,3,10,19,32,20,13,33,48,114,2,144,146,260
10/14/2020,JAN,MS,ASO,ES,Combined TRACON& Tower with Radar,20,13,15,22,70,0,3,10,6,19,20,16,25,28,89,2,76,78,167
10/15/2020,JAN,MS,ASO,ES,Combined TRACON& Tower with Radar,29,17,27,52,125,1,3,5,6,15,30,20,32,58,140,16,88,104,244
10/16/2020,JAN,MS,ASO,ES,Combined TRACON& Tower with Radar,37,12,21,9,79,0,7,4,8,19,37,19,25,17,98,0,62,62,160
10/17/2020,JAN,MS,ASO,ES,Combined TRACON& Tower with Radar,19,8,11,3,41,0,1,9,1,11,19,9,20,4,52,10,0,10,62
10/18/2020,JAN,MS,ASO,ES,Combined TRACON& Tower with Radar,20,19,20,18,77,0,4,14,3,21,20,23,34,21,98,16,24,40,138
10/19/2020,JAN,MS,ASO,ES,Combined TRACON& Tower with Radar,23,19,14,44,100,0,3,5,3,11,23,22,19,47,111,8,60,68,179
10/20/2020,JAN,MS,ASO,ES,Combined TRACON& Tower with Radar,17,12,32,49,110,0,5,11,9,25,17,17,43,58,135,6,104,110,245
10/21/2020,JAN,MS,ASO,ES,Combined TRACON& Tower with Radar,17,14,29,29,89,0,0,11,6,17,17,14,40,35,106,8,78,86,192
10/22/2020,JAN,MS,ASO,ES,Combined TRACON& Tower with Radar,20,27,32,71,150,0,2,3,15,20,20,29,35,86,170,0,46,46,216
10/23/2020,JAN,MS,ASO,ES,Combined TRACON& Tower with Radar,23,24,17,67,131,0,1,2,8,11,23,25,19,75,142,8,146,154,296
10/24/2020,JAN,MS,ASO,ES,Combined TRACON& Tower with Radar,16,8,14,0,38,0,0,0,0,0,16,8,14,0,38,0,0,0,38
10/25/2020,JAN,MS,ASO,ES,Combined TRACON& Tower with Radar,18,21,21,1,61,0,0,2,0,2,18,21,23,1,63,0,0,0,63
10/26/2020,JAN,MS,ASO,ES,Combined TRACON& Tower with Radar,20,16,24,39,99,0,2,6,5,13,20,18,30,44,112,4,60,64,176
10/27/2020,JAN,MS,ASO,ES,Combined TRACON& Tower with Radar,17,26,22,46,111,0,1,3,1,5,17,27,25,47,116,4,108,112,228
10/28/2020,JAN,MS,ASO,ES,Combined TRACON& Tower with Radar,17,10,18,6,51,0,0,0,0,0,17,10,18,6,51,0,0,0,51
10/29/2020,JAN,MS,ASO,ES,Combined TRACON& Tower with Radar,20,14,27,57,118,0,2,5,3,10,20,16,32,60,128,0,178,178,306
10/30/2020,JAN,MS,ASO,ES,Combined TRACON& Tower with Radar,22,15,21,31,89,0,3,4,2,9,22,18,25,33,98,6,64,70,168
10/31/2020,JAN,MS,ASO,ES,Combined TRACON& Tower with Radar,15,10,7,8,40,0,2,4,5,11,15,12,11,13,51,10,0,10,61
11/01/2020,JAN,MS,ASO,ES,Combined TRACON& Tower with Radar,15,9,18,5,47,0,3,2,0,5,15,12,20,5,52,0,0,0,52
11/02/2020,JAN,MS,ASO,ES,Combined TRACON& Tower with Radar,19,15,18,29,81,1,2,7,6,16,20,17,25,35,97,0,148,148,245
11/03/2020,JAN,MS,ASO,ES,Combined TRACON& Tower with Radar,15,9,15,10,49,0,0,7,3,10,15,9,22,13,59,4,14,18,77
11/04/2020,JAN,MS,ASO,ES,Combined TRACON& Tower with Radar,15,10,16,40,81,0,2,11,9,22,15,12,27,49,103,36,70,106,209
11/05/2020,JAN,MS,ASO,ES,Combined TRACON& Tower with Radar,19,19,25,16,79,0,5,1,8,14,19,24,26,24,93,4,116,120,213
11/06/2020,JAN,MS,ASO,ES,Combined TRACON& Tower with Radar,20,15,12,47,94,0,15,6,9,30,20,30,18,56,124,8,178,186,310
11/07/2020,JAN,MS,ASO,ES,Combined TRACON& Tower with Radar,20,9,11,12,52,0,1,1,4,6,20,10,12,16,58,14,12,26,84
11/08/2020,JAN,MS,ASO,ES,Combined TRACON& Tower with Radar,21,8,10,6,45,0,3,4,4,11,21,11,14,10,56,24,12,36,92
11/09/2020,JAN,MS,ASO,ES,Combined TRACON& Tower with Radar,20,19,16,23,78,0,2,1,0,3,20,21,17,23,81,0,12,12,93
11/10/2020,JAN,MS,ASO,ES,Combined TRACON& Tower with Radar,15,22,26,68,131,0,0,1,0,1,15,22,27,68,132,6,28,34,166
11/11/2020,JAN,MS,ASO,ES,Combined TRACON& Tower with Radar,16,9,22,0,47,0,0,1,0,1,16,9,23,0,48,14,0,14,62
11/12/2020,JAN,MS,ASO,ES,Combined TRACON& Tower with Radar,19,13,11,75,118,0,1,3,11,15,19,14,14,86,133,16,108,124,257
11/13/2020,JAN,MS,ASO,ES,Combined TRACON& Tower with Radar,22,10,10,37,79,0,2,3,4,9,22,12,13,41,88,4,10,14,102
11/14/2020,JAN,MS,ASO,ES,Combined TRACON& Tower with Radar,19,4,8,4,35,1,2,1,0,4,20,6,9,4,39,0,2,2,41
11/15/2020,JAN,MS,ASO,ES,Combined TRACON& Tower with Radar,21,6,16,12,55,0,3,3,0,6,21,9,19,12,61,38,6,44,105
11/16/2020,JAN,MS,ASO,ES,Combined TRACON& Tower with Radar,22,16,21,58,117,0,2,5,16,23,22,18,26,74,140,4,136,140,280
11/17/2020,JAN,MS,ASO,ES,Combined TRACON& Tower with Radar,17,23,21,37,98,0,4,5,5,14,17,27,26,42,112,28,104,132,244
11/18/2020,JAN,MS,ASO,ES,Combined TRACON& Tower with Radar,16,22,16,46,100,0,2,4,7,13,16,24,20,53,113,0,138,138,251
11/19/2020,JAN,MS,ASO,ES,Combined TRACON& Tower with Radar,24,9,24,52,109,0,2,7,1,10,24,11,31,53,119,0,68,68,187
11/20/2020,JAN,MS,ASO,ES,Combined TRACON& Tower with Radar,24,16,20,23,83,1,0,2,5,8,25,16,22,28,91,0,90,90,181
11/21/2020,JAN,MS,ASO,ES,Combined TRACON& Tower with Radar,24,4,15,5,48,0,2,3,0,5,24,6,18,5,53,2,18,20,73
11/22/2020,JAN,MS,ASO,ES,Combined TRACON& Tower with Radar,25,6,12,4,47,0,3,3,0,6,25,9,15,4,53,0,0,0,53
11/23/2020,JAN,MS,ASO,ES,Combined TRACON& Tower with Radar,19,8,15,43,85,0,2,7,4,13,19,10,22,47,98,14,64,78,176
11/24/2020,JAN,MS,ASO,ES,Combined TRACON& Tower with Radar,24,17,17,34,92,0,3,9,4,16,24,20,26,38,108,14,58,72,180
11/25/2020,JAN,MS,ASO,ES,Combined TRACON& Tower with Radar,25,15,15,1,56,0,2,0,0,2,25,17,15,1,58,0,0,0,58
11/26/2020,JAN,MS,ASO,ES,Combined TRACON& Tower with Radar,9,11,6,1,27,0,1,2,0,3,9,12,8,1,30,0,0,0,30
11/27/2020,JAN,MS,ASO,ES,Combined TRACON& Tower with Radar,21,12,13,0,46,0,0,0,0,0,21,12,13,0,46,0,0,0,46
11/28/2020,JAN,MS,ASO,ES,Combined TRACON& Tower with Radar,22,14,18,0,54,0,0,0,0,0,22,14,18,0,54,4,0,4,58
11/29/2020,JAN,MS,ASO,ES,Combined TRACON& Tower with Radar,25,12,21,2,60,0,0,0,0,0,25,12,21,2,60,0,0,0,60
11/30/2020,JAN,MS,ASO,ES,Combined TRACON& Tower with Radar,26,13,17,41,97,0,0,2,2,4,26,13,19,43,101,0,114,114,215
12/01/2020,JAN,MS,ASO,ES,Combined TRACON& Tower with Radar,26,31,19,23,99,0,4,6,5,15,26,35,25,28,114,4,74,78,192
12/02/2020,JAN,MS,ASO,ES,Combined TRACON& Tower with Radar,18,21,19,28,86,0,4,7,8,19,18,25,26,36,105,12,48,60,165
12/03/2020,JAN,MS,ASO,ES,Combined TRACON& Tower with Radar,25,16,9,20,70,0,0,0,0,0,25,16,9,20,70,0,8,8,78
12/04/2020,JAN,MS,ASO,ES,Combined TRACON& Tower with Radar,27,11,21,35,94,0,0,2,0,2,27,11,23,35,96,36,28,64,160
12/05/2020,JAN,MS,ASO,ES,Combined TRACON& Tower with Radar,18,12,19,28,77,0,1,0,3,4,18,13,19,31,81,8,70,78,159
12/06/2020,JAN,MS,ASO,ES,Combined TRACON& Tower with Radar,27,7,8,19,61,0,2,3,0,5,27,9,11,19,66,8,16,24,90
12/07/2020,JAN,MS,ASO,ES,Combined TRACON& Tower with Radar,26,12,13,22,73,0,0,4,5,9,26,12,17,27,82,2,114,116,198
12/08/2020,JAN,MS,ASO,ES,Combined TRACON& Tower with Radar,17,20,20,28,85,0,3,9,2,14,17,23,29,30,99,6,122,128,227
12/09/2020,JAN,MS,ASO,ES,Combined TRACON& Tower with Radar,18,7,21,21,67,0,1,9,4,14,18,8,30,25,81,14,74,88,169
12/10/2020,JAN,MS,ASO,ES,Combined TRACON& Tower with Radar,26,9,28,36,99,0,1,8,6,15,26,10,36,42,114,4,110,114,228
12/11/2020,JAN,MS,ASO,ES,Combined TRACON& Tower with Radar,29,10,10,21,70,0,0,6,6,12,29,10,16,27,82,2,116,118,200
12/12/2020,JAN,MS,ASO,ES,Combined TRACON& Tower with Radar,16,10,10,0,36,0,1,1,0,2,16,11,11,0,38,6,0,6,44
12/13/2020,JAN,MS,ASO,ES,Combined TRACON& Tower with Radar,26,10,12,18,66,0,0,5,0,5,26,10,17,18,71,0,10,10,81
12/14/2020,JAN,MS,ASO,ES,Combined TRACON& Tower with Radar,25,11,15,31,82,0,0,3,0,3,25,11,18,31,85,6,42,48,133
12/15/2020,JAN,MS,ASO,ES,Combined TRACON& Tower with Radar,17,18,17,14,66,0,0,0,1,1,17,18,17,15,67,2,26,28,95
12/16/2020,JAN,MS,ASO,ES,Combined TRACON& Tower with Radar,21,14,14,20,69,0,0,0,0,0,21,14,14,20,69,0,12,12,81
12/17/2020,JAN,MS,ASO,ES,Combined TRACON& Tower with Radar,23,13,24,53,113,0,2,15,16,33,23,15,39,69,146,0,216,216,362
12/18/2020,JAN,MS,ASO,ES,Combined TRACON& Tower with Radar,23,14,25,22,84,0,0,9,7,16,23,14,34,29,100,10,76,86,186
12/19/2020,JAN,MS,ASO,ES,Combined TRACON& Tower with Radar,24,9,20,0,53,0,1,2,0,3,24,10,22,0,56,0,0,0,56
12/20/2020,JAN,MS,ASO,ES,Combined TRACON& Tower with Radar,27,11,14,0,52,0,0,1,0,1,27,11,15,0,53,0,0,0,53
12/21/2020,JAN,MS,ASO,ES,Combined TRACON& Tower with Radar,28,20,16,25,89,0,4,17,4,25,28,24,33,29,114,6,66,72,186
12/22/2020,JAN,MS,ASO,ES,Combined TRACON& Tower with Radar,24,19,21,16,80,0,4,10,8,22,24,23,31,24,102,0,0,0,102
12/23/2020,JAN,MS,ASO,ES,Combined TRACON& Tower with Radar,28,16,11,3,58,0,3,2,0,5,28,19,13,3,63,0,0,0,63
12/24/2020,JAN,MS,ASO,ES,Combined TRACON& Tower with Radar,20,10,4,0,34,0,3,2,0,5,20,13,6,0,39,0,0,0,39
12/25/2020,JAN,MS,ASO,ES,Combined TRACON& Tower with Radar,16,6,3,0,25,0,1,3,0,4,16,7,6,0,29,0,0,0,29
12/26/2020,JAN,MS,ASO,ES,Combined TRACON& Tower with Radar,24,12,8,1,45,0,3,3,1,7,24,15,11,2,52,0,0,0,52
12/27/2020,JAN,MS,ASO,ES,Combined TRACON& Tower with Radar,23,13,9,0,45,0,2,9,1,12,23,15,18,1,57,4,0,4,61
12/28/2020,JAN,MS,ASO,ES,Combined TRACON& Tower with Radar,23,11,14,0,48,0,2,4,0,6,23,13,18,0,54,12,0,12,66
12/29/2020,JAN,MS,ASO,ES,Combined TRACON& Tower with Radar,25,9,15,1,50,0,0,8,1,9,25,9,23,2,59,4,0,4,63
12/30/2020,JAN,MS,ASO,ES,Combined TRACON& Tower with Radar,20,19,9,1,49,0,2,0,0,2,20,21,9,1,51,0,0,0,51
12/31/2020,JAN,MS,ASO,ES,Combined TRACON& Tower with Radar,18,11,9,1,39,0,1,0,0,1,18,12,9,1,40,0,0,0,40
01/01/2021,JAN,MS,ASO,ES,Combined TRACON& Tower with Radar,18,4,7,0,29,0,0,3,0,3,18,4,10,0,32,0,0,0,32
01/02/2021,JAN,MS,ASO,ES,Combined TRACON& Tower with Radar,23,9,7,0,39,0,1,4,0,5,23,10,11,0,44,0,0,0,44
01/03/2021,JAN,MS,ASO,ES,Combined TRACON& Tower with Radar,23,15,12,0,50,0,3,16,0,19,23,18,28,0,69,6,0,6,75
01/04/2021,JAN,MS,ASO,ES,Combined TRACON& Tower with Radar,22,12,7,0,41,0,3,6,0,9,22,15,13,0,50,0,0,0,50
01/05/2021,JAN,MS,ASO,ES,Combined TRACON& Tower with Radar,17,11,10,21,59,0,4,9,1,14,17,15,19,22,73,0,54,54,127
01/06/2021,JAN,MS,ASO,ES,Combined TRACON& Tower with Radar,21,14,10,39,84,0,2,5,5,12,21,16,15,44,96,0,72,72,168
01/07/2021,JAN,MS,ASO,ES,Combined TRACON& Tower with Radar,23,11,5,8,47,0,0,0,0,0,23,11,5,8,47,0,2,2,49
01/08/2021,JAN,MS,ASO,ES,Combined TRACON& Tower with Radar,28,12,10,22,72,0,0,0,0,0,28,12,10,22,72,0,8,8,80
01/09/2021,JAN,MS,ASO,ES,Combined TRACON& Tower with Radar,17,11,7,9,44,0,2,3,0,5,17,13,10,9,49,0,4,4,53
01/10/2021,JAN,MS,ASO,ES,Combined TRACON& Tower with Radar,21,9,13,8,51,0,1,3,0,4,21,10,16,8,55,10,10,20,75
01/11/2021,JAN,MS,ASO,ES,Combined TRACON& Tower with Radar,22,13,7,3,45,0,0,0,0,0,22,13,7,3,45,0,0,0,45
01/12/2021,JAN,MS,ASO,ES,Combined TRACON& Tower with Radar,17,22,13,49,101,0,1,0,2,3,17,23,13,51,104,0,50,50,154
01/13/2021,JAN,MS,ASO,ES,Combined TRACON& Tower with Radar,20,18,16,31,85,0,0,3,8,11,20,18,19,39,96,0,62,62,158
01/14/2021,JAN,MS,ASO,ES,Combined TRACON& Tower with Radar,23,19,16,38,96,0,3,2,4,9,23,22,18,42,105,6,122,128,233
01/15/2021,JAN,MS,ASO,ES,Combined TRACON& Tower with Radar,26,10,9,33,78,0,3,4,3,10,26,13,13,36,88,0,68,68,156
01/16/2021,JAN,MS,ASO,ES,Combined TRACON& Tower with Radar,19,8,15,6,48,0,0,7,0,7,19,8,22,6,55,18,4,22,77
01/17/2021,JAN,MS,ASO,ES,Combined TRACON& Tower with Radar,21,6,10,2,39,0,2,7,0,9,21,8,17,2,48,20,2,22,70
01/18/2021,JAN,MS,ASO,ES,Combined TRACON& Tower with Radar,24,13,19,28,84,0,4,7,1,12,24,17,26,29,96,2,26,28,124
01/19/2021,JAN,MS,ASO,ES,Combined TRACON& Tower with Radar,20,20,16,24,80,0,2,2,7,11,20,22,18,31,91,14,116,130,221
01/20/2021,JAN,MS,ASO,ES,Combined TRACON& Tower with Radar,20,22,28,13,83,0,6,5,2,13,20,28,33,15,96,4,96,100,196
01/21/2021,JAN,MS,ASO,ES,Combined TRACON& Tower with Radar,26,19,16,19,80,0,0,0,0,0,26,19,16,19,80,0,0,0,80
01/22/2021,JAN,MS,ASO,ES,Combined TRACON& Tower with Radar,26,11,19,3,59,0,0,0,0,0,26,11,19,3,59,0,4,4,63
01/23/2021,JAN,MS,ASO,ES,Combined TRACON& Tower with Radar,17,6,9,21,53,0,0,4,6,10,17,6,13,27,63,4,30,34,97
01/24/2021,JAN,MS,ASO,ES,Combined TRACON& Tower with Radar,23,13,18,11,65,0,0,0,0,0,23,13,18,11,65,6,0,6,71
01/25/2021,JAN,MS,ASO,ES,Combined TRACON& Tower with Radar,24,23,19,14,80,0,0,0,1,1,24,23,19,15,81,4,34,38,119
01/26/2021,JAN,MS,ASO,ES,Combined TRACON& Tower with Radar,18,29,21,33,101,0,3,7,6,16,18,32,28,39,117,10,124,134,251
01/27/2021,JAN,MS,ASO,ES,Combined TRACON& Tower with Radar,22,14,26,59,121,0,1,0,0,1,22,15,26,59,122,2,66,68,190
01/28/2021,JAN,MS,ASO,ES,Combined TRACON& Tower with Radar,21,17,29,46,113,0,1,11,7,19,21,18,40,53,132,16,66,82,214
01/29/2021,JAN,MS,ASO,ES,Combined TRACON& Tower with Radar,26,20,34,42,122,0,2,12,11,25,26,22,46,53,147,48,70,118,265
01/30/2021,JAN,MS,ASO,ES,Combined TRACON& Tower with Radar,16,8,9,8,41,0,2,4,3,9,16,10,13,11,50,0,16,16,66
01/31/2021,JAN,MS,ASO,ES,Combined TRACON& Tower with Radar,23,6,9,1,39,0,1,1,0,2,23,7,10,1,41,0,0,0,41
02/01/2021,JAN,MS,ASO,ES,Combined TRACON& Tower with Radar,24,12,26,17,79,0,1,0,0,1,24,13,26,17,80,0,68,68,148
02/02/2021,JAN,MS,ASO,ES,Combined TRACON& Tower with Radar,19,22,18,71,130,0,3,6,6,15,19,25,24,77,145,12,144,156,301
02/03/2021,JAN,MS,ASO,ES,Combined TRACON& Tower with Radar,19,15,19,45,98,0,0,9,7,16,19,15,28,52,114,8,168,176,290
02/04/2021,JAN,MS,ASO,ES,Combined TRACON& Tower with Radar,24,11,19,38,92,0,4,7,3,14,24,15,26,41,106,2,140,142,248
02/05/2021,JAN,MS,ASO,ES,Combined TRACON& Tower with Radar,27,17,20,37,101,0,1,3,4,8,27,18,23,41,109,10,132,142,251
02/06/2021,JAN,MS,ASO,ES,Combined TRACON& Tower with Radar,16,4,10,15,45,0,0,3,0,3,16,4,13,15,48,8,12,20,68
02/07/2021,JAN,MS,ASO,ES,Combined TRACON& Tower with Radar,21,4,17,25,67,0,3,3,4,10,21,7,20,29,77,8,30,38,115
02/08/2021,JAN,MS,ASO,ES,Combined TRACON& Tower with Radar,24,28,21,56,129,0,1,11,6,18,24,29,32,62,147,28,146,174,321
02/09/2021,JAN,MS,ASO,ES,Combined TRACON& Tower with Radar,20,29,28,34,111,0,2,5,2,9,20,31,33,36,120,26,118,144,264
02/10/2021,JAN,MS,ASO,ES,Combined TRACON& Tower with Radar,19,16,18,32,85,0,0,3,2,5,19,16,21,34,90,2,24,26,116
02/11/2021,JAN,MS,ASO,ES,Combined TRACON& Tower with Radar,22,16,3,0,41,0,0,0,0,0,22,16,3,0,41,0,0,0,41
02/12/2021,JAN,MS,ASO,ES,Combined TRACON& Tower with Radar,28,16,23,7,74,0,0,0,0,0,28,16,23,7,74,0,8,8,82
02/13/2021,JAN,MS,ASO,ES,Combined TRACON& Tower with Radar,18,11,3,0,32,0,0,0,0,0,18,11,3,0,32,0,0,0,32
02/14/2021,JAN,MS,ASO,ES,Combined TRACON& Tower with Radar,10,7,2,1,20,0,0,0,0,0,10,7,2,1,20,0,0,0,20
02/16/2021,JAN,MS,ASO,ES,Combined TRACON& Tower with Radar,0,0,0,0,0,0,0,0,0,0,0,0,0,0,0,0,0,0,0
02/17/2021,JAN,MS,ASO,ES,Combined TRACON& Tower with Radar,0,0,0,0,0,0,0,0,0,0,0,0,0,0,0,0,0,0,0
02/18/2021,JAN,MS,ASO,ES,Combined TRACON& Tower with Radar,0,0,0,0,0,0,0,0,0,0,0,0,0,0,0,0,0,0,0
02/19/2021,JAN,MS,ASO,ES,Combined TRACON& Tower with Radar,3,0,0,2,5,0,2,0,0,2,3,2,0,2,7,0,4,4,11
02/20/2021,JAN,MS,ASO,ES,Combined TRACON& Tower with Radar,23,8,9,2,42,0,0,3,6,9,23,8,12,8,51,0,0,0,51
02/21/2021,JAN,MS,ASO,ES,Combined TRACON& Tower with Radar,22,11,10,5,48,0,0,2,0,2,22,11,12,5,50,6,4,10,60
02/22/2021,JAN,MS,ASO,ES,Combined TRACON& Tower with Radar,25,12,21,9,67,0,3,5,0,8,25,15,26,9,75,12,0,12,87
02/23/2021,JAN,MS,ASO,ES,Combined TRACON& Tower with Radar,17,10,25,64,116,0,4,17,2,23,17,14,42,66,139,12,184,196,335
02/24/2021,JAN,MS,ASO,ES,Combined TRACON& Tower with Radar,19,13,27,27,86,0,2,4,9,15,19,15,31,36,101,4,172,176,277
02/25/2021,JAN,MS,ASO,ES,Combined TRACON& Tower with Radar,23,10,26,20,79,0,5,1,2,8,23,15,27,22,87,0,26,26,113
02/26/2021,JAN,MS,ASO,ES,Combined TRACON& Tower with Radar,27,31,21,51,130,0,7,3,6,16,27,38,24,57,146,8,138,146,292
02/27/2021,JAN,MS,ASO,ES,Combined TRACON& Tower with Radar,21,13,11,21,66,0,3,5,8,16,21,16,16,29,82,12,18,30,112
02/28/2021,JAN,MS,ASO,ES,Combined TRACON& Tower with Radar,24,10,11,4,49,0,1,4,0,5,24,11,15,4,54,0,0,0,54
03/01/2021,JAN,MS,ASO,ES,Combined TRACON& Tower with Radar,24,19,13,23,79,0,0,0,3,3,24,19,13,26,82,0,22,22,104
03/02/2021,JAN,MS,ASO,ES,Combined TRACON& Tower with Radar,18,15,13,38,84,0,2,0,0,2,18,17,13,38,86,0,20,20,106
03/03/2021,JAN,MS,ASO,ES,Combined TRACON& Tower with Radar,19,23,19,57,118,0,1,10,16,27,19,24,29,73,145,2,160,162,307
03/04/2021,JAN,MS,ASO,ES,Combined TRACON& Tower with Radar,30,17,25,32,104,0,4,6,3,13,30,21,31,35,117,24,60,84,201
03/05/2021,JAN,MS,ASO,ES,Combined TRACON& Tower with Radar,31,16,12,43,102,0,1,5,9,15,31,17,17,52,117,8,210,218,335
03/06/2021,JAN,MS,ASO,ES,Combined TRACON& Tower with Radar,23,10,2,37,72,0,0,1,8,9,23,10,3,45,81,0,34,34,115
03/07/2021,JAN,MS,ASO,ES,Combined TRACON& Tower with Radar,28,14,15,7,64,0,3,5,3,11,28,17,20,10,75,8,14,22,97
03/08/2021,JAN,MS,ASO,ES,Combined TRACON& Tower with Radar,30,17,11,18,76,0,4,4,7,15,30,21,15,25,91,0,104,104,195
03/09/2021,JAN,MS,ASO,ES,Combined TRACON& Tower with Radar,24,12,29,17,82,0,4,2,8,14,24,16,31,25,96,4,100,104,200
03/10/2021,JAN,MS,ASO,ES,Combined TRACON& Tower with Radar,24,13,18,18,73,0,1,4,2,7,24,14,22,20,80,0,78,78,158
03/11/2021,JAN,MS,ASO,ES,Combined TRACON& Tower with Radar,31,29,29,28,117,0,2,2,7,11,31,31,31,35,128,16,76,92,220
03/12/2021,JAN,MS,ASO,ES,Combined TRACON& Tower with Radar,32,21,17,14,84,0,4,4,1,9,32,25,21,15,93,0,50,50,143
03/13/2021,JAN,MS,ASO,ES,Combined TRACON& Tower with Radar,26,9,19,9,63,0,2,4,2,8,26,11,23,11,71,2,98,100,171
03/14/2021,JAN,MS,ASO,ES,Combined TRACON& Tower with Radar,29,11,11,22,73,0,1,4,0,5,29,12,15,22,78,10,24,34,112
03/15/2021,JAN,MS,ASO,ES,Combined TRACON& Tower with Radar,30,17,14,5,66,0,4,1,0,5,30,21,15,5,71,0,2,2,73
03/16/2021,JAN,MS,ASO,ES,Combined TRACON& Tower with Radar,29,13,30,4,76,0,0,1,1,2,29,13,31,5,78,0,0,0,78
03/17/2021,JAN,MS,ASO,ES,Combined TRACON& Tower with Radar,22,9,14,1,46,0,0,0,0,0,22,9,14,1,46,0,0,0,46
03/18/2021,JAN,MS,ASO,ES,Combined TRACON& Tower with Radar,31,22,20,15,88,0,3,2,0,5,31,25,22,15,93,0,6,6,99
03/19/2021,JAN,MS,ASO,ES,Combined TRACON& Tower with Radar,31,18,22,29,100,0,1,2,0,3,31,19,24,29,103,12,28,40,143
03/20/2021,JAN,MS,ASO,ES,Combined TRACON& Tower with Radar,26,18,21,13,78,0,5,9,3,17,26,23,30,16,95,26,22,48,143
03/21/2021,JAN,MS,ASO,ES,Combined TRACON& Tower with Radar,31,11,30,4,76,0,0,9,5,14,31,11,39,9,90,14,14,28,118
03/22/2021,JAN,MS,ASO,ES,Combined TRACON& Tower with Radar,20,11,13,32,76,0,1,7,10,18,20,12,20,42,94,2,86,88,182
03/23/2021,JAN,MS,ASO,ES,Combined TRACON& Tower with Radar,24,12,15,4,55,0,2,0,0,2,24,14,15,4,57,14,0,14,71
03/24/2021,JAN,MS,ASO,ES,Combined TRACON& Tower with Radar,24,15,41,12,92,0,3,4,0,7,24,18,45,12,99,20,2,22,121
03/25/2021,JAN,MS,ASO,ES,Combined TRACON& Tower with Radar,32,14,11,8,65,0,0,0,0,0,32,14,11,8,65,0,0,0,65
03/26/2021,JAN,MS,ASO,ES,Combined TRACON& Tower with Radar,31,20,23,25,99,0,4,8,6,18,31,24,31,31,117,14,74,88,205
03/27/2021,JAN,MS,ASO,ES,Combined TRACON& Tower with Radar,24,12,15,14,65,0,2,1,0,3,24,14,16,14,68,6,8,14,82
03/28/2021,JAN,MS,ASO,ES,Combined TRACON& Tower with Radar,29,11,12,6,58,0,2,2,0,4,29,13,14,6,62,0,22,22,84
03/29/2021,JAN,MS,ASO,ES,Combined TRACON& Tower with Radar,30,19,31,30,110,0,4,11,13,28,30,23,42,43,138,8,178,186,324
03/30/2021,JAN,MS,ASO,ES,Combined TRACON& Tower with Radar,26,19,20,10,75,0,2,4,0,6,26,21,24,10,81,2,12,14,95
03/31/2021,JAN,MS,ASO,ES,Combined TRACON& Tower with Radar,25,12,8,11,56,0,0,1,0,1,25,12,9,11,57,0,0,0,57
04/01/2021,JAN,MS,ASO,ES,Combined TRACON& Tower with Radar,30,17,30,24,101,0,2,3,3,8,30,19,33,27,109,4,48,52,161
04/02/2021,JAN,MS,ASO,ES,Combined TRACON& Tower with Radar,32,13,13,2,60,0,3,4,0,7,32,16,17,2,67,6,0,6,73
04/03/2021,JAN,MS,ASO,ES,Combined TRACON& Tower with Radar,23,6,13,0,42,0,1,3,2,6,23,7,16,2,48,6,0,6,54
04/04/2021,JAN,MS,ASO,ES,Combined TRACON& Tower with Radar,29,9,9,10,57,0,2,1,0,3,29,11,10,10,60,0,8,8,68
04/05/2021,JAN,MS,ASO,ES,Combined TRACON& Tower with Radar,32,25,21,39,117,0,3,4,14,21,32,28,25,53,138,12,174,186,324
04/06/2021,JAN,MS,ASO,ES,Combined TRACON& Tower with Radar,29,11,16,45,101,0,0,6,9,15,29,11,22,54,116,2,126,128,244
04/07/2021,JAN,MS,ASO,ES,Combined TRACON& Tower with Radar,26,17,21,21,85,0,0,3,7,10,26,17,24,28,95,4,140,144,239
04/08/2021,JAN,MS,ASO,ES,Combined TRACON& Tower with Radar,32,24,31,48,135,0,1,10,9,20,32,25,41,57,155,14,190,204,359
04/09/2021,JAN,MS,ASO,ES,Combined TRACON& Tower with Radar,29,15,18,14,76,0,3,1,0,4,29,18,19,14,80,2,18,20,100
04/10/2021,JAN,MS,ASO,ES,Combined TRACON& Tower with Radar,28,8,17,13,66,0,2,2,1,5,28,10,19,14,71,6,6,12,83
04/11/2021,JAN,MS,ASO,ES,Combined TRACON& Tower with Radar,29,12,7,9,57,0,2,6,5,13,29,14,13,14,70,10,22,32,102
04/12/2021,JAN,MS,ASO,ES,Combined TRACON& Tower with Radar,32,21,21,56,130,0,2,5,6,13,32,23,26,62,143,2,150,152,295
04/13/2021,JAN,MS,ASO,ES,Combined TRACON& Tower with Radar,29,13,15,27,84,0,5,4,3,12,29,18,19,30,96,4,66,70,166
04/14/2021,JAN,MS,ASO,ES,Combined TRACON& Tower with Radar,32,20,20,6,78,0,0,1,0,1,32,20,21,6,79,0,4,4,83
04/15/2021,JAN,MS,ASO,ES,Combined TRACON& Tower with Radar,35,13,19,43,110,0,0,6,7,13,35,13,25,50,123,10,68,78,201
04/16/2021,JAN,MS,ASO,ES,Combined TRACON& Tower with Radar,32,8,22,7,69,0,1,3,2,6,32,9,25,9,75,4,66,70,145
04/17/2021,JAN,MS,ASO,ES,Combined TRACON& Tower with Radar,29,14,25,17,85,0,2,5,2,9,29,16,30,19,94,14,16,30,124
04/18/2021,JAN,MS,ASO,ES,Combined TRACON& Tower with Radar,30,14,22,4,70,0,2,5,0,7,30,16,27,4,77,10,2,12,89
04/19/2021,JAN,MS,ASO,ES,Combined TRACON& Tower with Radar,33,14,21,54,122,0,4,8,15,27,33,18,29,69,149,4,220,224,373
04/20/2021,JAN,MS,ASO,ES,Combined TRACON& Tower with Radar,32,17,29,48,126,0,1,4,5,10,32,18,33,53,136,42,224,266,402
04/21/2021,JAN,MS,ASO,ES,Combined TRACON& Tower with Radar,30,26,18,39,113,0,5,5,7,17,30,31,23,46,130,4,212,216,346
04/22/2021,JAN,MS,ASO,ES,Combined TRACON& Tower with Radar,33,14,23,64,134,0,3,6,9,18,33,17,29,73,152,0,196,196,348
04/23/2021,JAN,MS,ASO,ES,Combined TRACON& Tower with Radar,31,15,24,40,110,0,4,0,7,11,31,19,24,47,121,0,90,90,211
04/24/2021,JAN,MS,ASO,ES,Combined TRACON& Tower with Radar,32,10,8,6,56,0,3,2,0,5,32,13,10,6,61,0,6,6,67
04/25/2021,JAN,MS,ASO,ES,Combined TRACON& Tower with Radar,31,8,22,7,68,0,0,15,6,21,31,8,37,13,89,18,6,24,113
04/26/2021,JAN,MS,ASO,ES,Combined TRACON& Tower with Radar,33,20,10,50,113,0,4,8,11,23,33,24,18,61,136,12,124,136,272
04/27/2021,JAN,MS,ASO,ES,Combined TRACON& Tower with Radar,28,12,26,33,99,0,5,4,1,10,28,17,30,34,109,0,32,32,141
04/28/2021,JAN,MS,ASO,ES,Combined TRACON& Tower with Radar,30,14,28,27,99,0,2,2,4,8,30,16,30,31,107,8,80,88,195
04/29/2021,JAN,MS,ASO,ES,Combined TRACON& Tower with Radar,33,15,25,60,133,0,1,1,8,10,33,16,26,68,143,0,166,166,309
04/30/2021,JAN,MS,ASO,ES,Combined TRACON& Tower with Radar,34,9,19,11,73,0,1,3,0,4,34,10,22,11,77,2,4,6,83
05/01/2021,JAN,MS,ASO,ES,Combined TRACON& Tower with Radar,29,15,19,2,65,0,4,12,1,17,29,19,31,3,82,10,0,10,92
05/02/2021,JAN,MS,ASO,ES,Combined TRACON& Tower with Radar,31,9,17,1,58,0,0,3,0,3,31,9,20,1,61,0,0,0,61
05/03/2021,JAN,MS,ASO,ES,Combined TRACON& Tower with Radar,30,12,29,26,97,0,3,2,2,7,30,15,31,28,104,16,38,54,158
05/04/2021,JAN,MS,ASO,ES,Combined TRACON& Tower with Radar,31,19,12,2,64,0,0,0,0,0,31,19,12,2,64,0,0,0,64
05/05/2021,JAN,MS,ASO,ES,Combined TRACON& Tower with Radar,32,15,27,40,114,0,2,4,3,9,32,17,31,43,123,16,118,134,257
05/06/2021,JAN,MS,ASO,ES,Combined TRACON& Tower with Radar,33,27,29,43,132,0,6,12,14,32,33,33,41,57,164,24,14,38,202
05/07/2021,JAN,MS,ASO,ES,Combined TRACON& Tower with Radar,35,15,18,44,112,0,2,5,26,33,35,17,23,70,145,16,308,324,469
05/08/2021,JAN,MS,ASO,ES,Combined TRACON& Tower with Radar,32,6,25,6,69,0,0,1,1,2,32,6,26,7,71,50,10,60,131
05/09/2021,JAN,MS,ASO,ES,Combined TRACON& Tower with Radar,35,7,17,2,61,0,0,2,0,2,35,7,19,2,63,0,2,2,65
05/10/2021,JAN,MS,ASO,ES,Combined TRACON& Tower with Radar,30,14,22,15,81,0,0,0,0,0,30,14,22,15,81,2,18,20,101
05/11/2021,JAN,MS,ASO,ES,Combined TRACON& Tower with Radar,27,14,17,1,59,0,0,1,0,1,27,14,18,1,60,4,0,4,64
05/12/2021,JAN,MS,ASO,ES,Combined TRACON& Tower with Radar,30,25,15,12,82,0,0,0,0,0,30,25,15,12,82,6,20,26,108
05/13/2021,JAN,MS,ASO,ES,Combined TRACON& Tower with Radar,33,17,15,24,89,0,3,18,8,29,33,20,33,32,118,8,134,142,260
05/14/2021,JAN,MS,ASO,ES,Combined TRACON& Tower with Radar,35,16,24,29,104,0,1,8,9,18,35,17,32,38,122,8,66,74,196
05/15/2021,JAN,MS,ASO,ES,Combined TRACON& Tower with Radar,31,12,15,8,66,0,2,3,0,5,31,14,18,8,71,6,4,10,81
05/16/2021,JAN,MS,ASO,ES,Combined TRACON& Tower with Radar,31,8,22,8,69,0,0,9,3,12,31,8,31,11,81,2,4,6,87
05/17/2021,JAN,MS,ASO,ES,Combined TRACON& Tower with Radar,35,17,19,18,89,0,0,3,1,4,35,17,22,19,93,4,4,8,101
05/18/2021,JAN,MS,ASO,ES,Combined TRACON& Tower with Radar,27,15,21,6,69,0,2,0,0,2,27,17,21,6,71,2,0,2,73
05/19/2021,JAN,MS,ASO,ES,Combined TRACON& Tower with Radar,31,13,43,19,106,0,3,3,11,17,31,16,46,30,123,2,84,86,209
05/20/2021,JAN,MS,ASO,ES,Combined TRACON& Tower with Radar,34,15,25,19,93,0,2,3,0,5,34,17,28,19,98,0,14,14,112
05/21/2021,JAN,MS,ASO,ES,Combined TRACON& Tower with Radar,36,10,21,39,106,0,6,2,4,12,36,16,23,43,118,0,84,84,202
05/22/2021,JAN,MS,ASO,ES,Combined TRACON& Tower with Radar,31,8,10,7,56,0,4,5,0,9,31,12,15,7,65,28,8,36,101
05/23/2021,JAN,MS,ASO,ES,Combined TRACON& Tower with Radar,34,8,17,11,70,0,2,4,0,6,34,10,21,11,76,24,4,28,104
05/24/2021,JAN,MS,ASO,ES,Combined TRACON& Tower with Radar,37,26,24,18,105,0,3,5,6,14,37,29,29,24,119,12,94,106,225
05/25/2021,JAN,MS,ASO,ES,Combined TRACON& Tower with Radar,35,10,14,34,93,0,3,7,12,22,35,13,21,46,115,12,106,118,233
05/26/2021,JAN,MS,ASO,ES,Combined TRACON& Tower with Radar,29,10,25,18,82,0,1,3,0,4,29,11,28,18,86,6,12,18,104
05/27/2021,JAN,MS,ASO,ES,Combined TRACON& Tower with Radar,35,14,27,22,98,0,4,5,1,10,35,18,32,23,108,8,32,40,148
05/28/2021,JAN,MS,ASO,ES,Combined TRACON& Tower with Radar,42,14,24,2,82,0,0,2,0,2,42,14,26,2,84,16,0,16,100
05/29/2021,JAN,MS,ASO,ES,Combined TRACON& Tower with Radar,42,9,18,0,69,0,2,4,0,6,42,11,22,0,75,6,0,6,81
05/30/2021,JAN,MS,ASO,ES,Combined TRACON& Tower with Radar,36,8,14,1,59,0,2,4,0,6,36,10,18,1,65,16,0,16,81
05/31/2021,JAN,MS,ASO,ES,Combined TRACON& Tower with Radar,32,12,34,4,82,0,1,7,0,8,32,13,41,4,90,28,4,32,122
06/01/2021,JAN,MS,ASO,ES,Combined TRACON& Tower with Radar,30,13,24,52,119,0,3,6,4,13,30,16,30,56,132,0,114,114,246
06/02/2021,JAN,MS,ASO,ES,Combined TRACON& Tower with Radar,31,10,14,16,71,0,2,1,0,3,31,12,15,16,74,0,8,8,82
06/03/2021,JAN,MS,ASO,ES,Combined TRACON& Tower with Radar,29,18,21,69,137,0,1,6,10,17,29,19,27,79,154,10,160,170,324
06/04/2021,JAN,MS,ASO,ES,Combined TRACON& Tower with Radar,36,30,11,36,113,0,3,0,7,10,36,33,11,43,123,2,46,48,171
06/05/2021,JAN,MS,ASO,ES,Combined TRACON& Tower with Radar,26,11,6,5,48,0,5,3,2,10,26,16,9,7,58,0,2,2,60
06/06/2021,JAN,MS,ASO,ES,Combined TRACON& Tower with Radar,39,17,9,4,69,0,0,0,0,0,39,17,9,4,69,0,0,0,69
06/07/2021,JAN,MS,ASO,ES,Combined TRACON& Tower with Radar,42,20,15,8,85,0,0,0,1,1,42,20,15,9,86,0,40,40,126
06/08/2021,JAN,MS,ASO,ES,Combined TRACON& Tower with Radar,48,26,19,26,119,0,2,4,5,11,48,28,23,31,130,18,62,80,210
06/09/2021,JAN,MS,ASO,ES,Combined TRACON& Tower with Radar,43,21,26,34,124,0,1,2,0,3,43,22,28,34,127,24,66,90,217
06/10/2021,JAN,MS,ASO,ES,Combined TRACON& Tower with Radar,44,24,18,16,102,0,0,0,0,0,44,24,18,16,102,2,2,4,106
06/11/2021,JAN,MS,ASO,ES,Combined TRACON& Tower with Radar,46,29,27,57,159,0,4,4,3,11,46,33,31,60,170,2,126,128,298
06/12/2021,JAN,MS,ASO,ES,Combined TRACON& Tower with Radar,36,19,12,15,82,0,1,1,2,4,36,20,13,17,86,2,20,22,108
06/13/2021,JAN,MS,ASO,ES,Combined TRACON& Tower with Radar,41,15,19,10,85,0,1,6,3,10,41,16,25,13,95,8,20,28,123
06/14/2021,JAN,MS,ASO,ES,Combined TRACON& Tower with Radar,45,27,25,24,121,0,0,6,8,14,45,27,31,32,135,6,88,94,229
06/15/2021,JAN,MS,ASO,ES,Combined TRACON& Tower with Radar,38,27,38,46,149,0,2,3,8,13,38,29,41,54,162,5,138,143,305
06/16/2021,JAN,MS,ASO,ES,Combined TRACON& Tower with Radar,42,26,31,47,146,0,1,2,6,9,42,27,33,53,155,0,158,158,313
06/17/2021,JAN,MS,ASO,ES,Combined TRACON& Tower with Radar,43,17,24,38,122,0,3,7,12,22,43,20,31,50,144,8,88,96,240
06/18/2021,JAN,MS,ASO,ES,Combined TRACON& Tower with Radar,47,18,18,5,88,0,0,6,3,9,47,18,24,8,97,18,2,20,117
06/19/2021,JAN,MS,ASO,ES,Combined TRACON& Tower with Radar,38,14,1,9,62,0,2,0,0,2,38,16,1,9,64,0,4,4,68
06/20/2021,JAN,MS,ASO,ES,Combined TRACON& Tower with Radar,41,16,26,1,84,0,2,7,0,9,41,18,33,1,93,14,0,14,107
06/21/2021,JAN,MS,ASO,ES,Combined TRACON& Tower with Radar,53,16,29,28,126,0,0,3,2,5,53,16,32,30,131,4,60,64,195
06/22/2021,JAN,MS,ASO,ES,Combined TRACON& Tower with Radar,54,22,21,38,135,0,2,3,9,14,54,24,24,47,149,40,92,132,281
06/23/2021,JAN,MS,ASO,ES,Combined TRACON& Tower with Radar,53,38,34,38,163,8,2,8,5,23,61,40,42,43,186,31,150,181,367
06/24/2021,JAN,MS,ASO,ES,Combined TRACON& Tower with Radar,43,18,22,18,101,0,2,1,2,5,43,20,23,20,106,4,68,72,178
06/25/2021,JAN,MS,ASO,ES,Combined TRACON& Tower with Radar,51,20,21,16,108,0,1,5,0,6,51,21,26,16,114,2,14,16,130
06/26/2021,JAN,MS,ASO,ES,Combined TRACON& Tower with Radar,38,17,6,1,62,0,5,2,0,7,38,22,8,1,69,4,0,4,73
06/27/2021,JAN,MS,ASO,ES,Combined TRACON& Tower with Radar,42,15,17,15,89,0,1,3,0,4,42,16,20,15,93,2,10,12,105
06/28/2021,JAN,MS,ASO,ES,Combined TRACON& Tower with Radar,50,20,26,39,135,0,4,1,16,21,50,24,27,55,156,16,154,170,326
06/29/2021,JAN,MS,ASO,ES,Combined TRACON& Tower with Radar,43,22,24,28,117,0,2,1,9,12,43,24,25,37,129,24,122,146,275
06/30/2021,JAN,MS,ASO,ES,Combined TRACON& Tower with Radar,46,23,28,38,135,0,5,11,8,24,46,28,39,46,159,0,130,130,289
07/01/2021,JAN,MS,ASO,ES,Combined TRACON& Tower with Radar,43,37,33,37,150,0,6,3,18,27,43,43,36,55,177,10,86,96,273
07/02/2021,JAN,MS,ASO,ES,Combined TRACON& Tower with Radar,40,16,17,1,74,0,3,0,0,3,40,19,17,1,77,10,0,10,87
07/03/2021,JAN,MS,ASO,ES,Combined TRACON& Tower with Radar,35,19,13,0,67,0,3,8,0,11,35,22,21,0,78,24,0,24,102
07/04/2021,JAN,MS,ASO,ES,Combined TRACON& Tower with Radar,36,8,8,0,52,0,4,15,0,19,36,12,23,0,71,8,0,8,79
07/05/2021,JAN,MS,ASO,ES,Combined TRACON& Tower with Radar,44,15,14,0,73,0,3,4,0,7,44,18,18,0,80,18,0,18,98
07/06/2021,JAN,MS,ASO,ES,Combined TRACON& Tower with Radar,42,17,29,7,95,0,0,3,1,4,42,17,32,8,99,18,30,48,147
07/07/2021,JAN,MS,ASO,ES,Combined TRACON& Tower with Radar,46,28,22,18,114,0,0,0,0,0,46,28,22,18,114,0,16,16,130
07/08/2021,JAN,MS,ASO,ES,Combined TRACON& Tower with Radar,40,25,32,34,131,0,1,5,5,11,40,26,37,39,142,40,66,106,248
07/09/2021,JAN,MS,ASO,ES,Combined TRACON& Tower with Radar,50,21,24,23,118,0,0,6,11,17,50,21,30,34,135,20,26,46,181
07/10/2021,JAN,MS,ASO,ES,Combined TRACON& Tower with Radar,39,15,8,14,76,0,0,0,0,0,39,15,8,14,76,4,12,16,92
07/11/2021,JAN,MS,ASO,ES,Combined TRACON& Tower with Radar,40,15,13,3,71,0,0,0,0,0,40,15,13,3,71,0,0,0,71
07/12/2021,JAN,MS,ASO,ES,Combined TRACON& Tower with Radar,45,18,15,30,108,0,2,3,4,9,45,20,18,34,117,0,60,60,177
07/13/2021,JAN,MS,ASO,ES,Combined TRACON& Tower with Radar,44,17,22,20,103,0,2,1,8,11,44,19,23,28,114,0,64,64,178
07/14/2021,JAN,MS,ASO,ES,Combined TRACON& Tower with Radar,44,23,39,10,116,0,1,2,2,5,44,24,41,12,121,6,34,40,161
07/15/2021,JAN,MS,ASO,ES,Combined TRACON& Tower with Radar,45,21,19,33,118,0,4,2,2,8,45,25,21,35,126,0,128,128,254
07/16/2021,JAN,MS,ASO,ES,Combined TRACON& Tower with Radar,47,24,14,5,90,0,0,0,2,2,47,24,14,7,92,0,0,0,92
07/17/2021,JAN,MS,ASO,ES,Combined TRACON& Tower with Radar,40,12,5,1,58,0,2,0,0,2,40,14,5,1,60,0,0,0,60
07/18/2021,JAN,MS,ASO,ES,Combined TRACON& Tower with Radar,42,16,17,21,96,0,2,3,1,6,42,18,20,22,102,0,10,10,112
07/19/2021,JAN,MS,ASO,ES,Combined TRACON& Tower with Radar,45,19,19,3,86,0,0,1,0,1,45,19,20,3,87,6,0,6,93
07/20/2021,JAN,MS,ASO,ES,Combined TRACON& Tower with Radar,46,24,20,13,103,0,0,0,0,0,46,24,20,13,103,0,10,10,113
07/21/2021,JAN,MS,ASO,ES,Combined TRACON& Tower with Radar,48,20,19,32,119,0,6,4,4,14,48,26,23,36,133,2,164,166,299
07/22/2021,JAN,MS,ASO,ES,Combined TRACON& Tower with Radar,50,29,33,25,137,0,3,4,10,17,50,32,37,35,154,0,132,132,286
07/23/2021,JAN,MS,ASO,ES,Combined TRACON& Tower with Radar,46,27,19,34,126,0,0,7,5,12,46,27,26,39,138,24,90,114,252
07/24/2021,JAN,MS,ASO,ES,Combined TRACON& Tower with Radar,42,16,5,12,75,0,1,3,1,5,42,17,8,13,80,12,60,72,152
07/25/2021,JAN,MS,ASO,ES,Combined TRACON& Tower with Radar,43,16,13,4,76,0,1,4,2,7,43,17,17,6,83,0,50,50,133
07/26/2021,JAN,MS,ASO,ES,Combined TRACON& Tower with Radar,43,32,21,18,114,0,3,2,2,7,43,35,23,20,121,0,106,106,227
07/27/2021,JAN,MS,ASO,ES,Combined TRACON& Tower with Radar,43,14,17,15,89,0,2,2,6,10,43,16,19,21,99,2,110,112,211
07/28/2021,JAN,MS,ASO,ES,Combined TRACON& Tower with Radar,46,19,36,23,124,0,0,2,1,3,46,19,38,24,127,0,76,76,203
07/29/2021,JAN,MS,ASO,ES,Combined TRACON& Tower with Radar,48,15,24,31,118,0,3,1,3,7,48,18,25,34,125,2,98,100,225
07/30/2021,JAN,MS,ASO,ES,Combined TRACON& Tower with Radar,47,25,18,43,133,0,0,2,7,9,47,25,20,50,142,0,224,224,366
07/31/2021,JAN,MS,ASO,ES,Combined TRACON& Tower with Radar,40,10,15,0,65,0,3,3,0,6,40,13,18,0,71,0,0,0,71
08/01/2021,JAN,MS,ASO,ES,Combined TRACON& Tower with Radar,41,14,15,12,82,0,2,8,0,10,41,16,23,12,92,0,8,8,100
08/02/2021,JAN,MS,ASO,ES,Combined TRACON& Tower with Radar,50,20,13,7,90,0,0,0,0,0,50,20,13,7,90,0,2,2,92
08/03/2021,JAN,MS,ASO,ES,Combined TRACON& Tower with Radar,44,31,20,42,137,0,5,3,1,9,44,36,23,43,146,6,150,156,302
08/04/2021,JAN,MS,ASO,ES,Combined TRACON& Tower with Radar,46,24,18,43,131,0,4,0,13,17,46,28,18,56,148,2,202,204,352
08/05/2021,JAN,MS,ASO,ES,Combined TRACON& Tower with Radar,47,29,22,35,133,0,3,4,5,12,47,32,26,40,145,0,212,212,357
08/06/2021,JAN,MS,ASO,ES,Combined TRACON& Tower with Radar,49,29,13,24,115,0,0,4,4,8,49,29,17,28,123,12,76,88,211
08/07/2021,JAN,MS,ASO,ES,Combined TRACON& Tower with Radar,37,13,3,27,80,0,1,3,1,5,37,14,6,28,85,0,22,22,107
08/08/2021,JAN,MS,ASO,ES,Combined TRACON& Tower with Radar,43,17,12,24,96,0,1,3,5,9,43,18,15,29,105,2,24,26,131
08/09/2021,JAN,MS,ASO,ES,Combined TRACON& Tower with Radar,46,32,17,28,123,0,6,2,7,15,46,38,19,35,138,0,112,112,250
08/10/2021,JAN,MS,ASO,ES,Combined TRACON& Tower with Radar,44,20,29,38,131,0,4,2,10,16,44,24,31,48,147,10,168,178,325
08/11/2021,JAN,MS,ASO,ES,Combined TRACON& Tower with Radar,46,22,31,52,151,0,0,7,10,17,46,22,38,62,168,8,182,190,358
08/12/2021,JAN,MS,ASO,ES,Combined TRACON& Tower with Radar,48,36,22,18,124,0,2,5,7,14,48,38,27,25,138,4,86,90,228
08/13/2021,JAN,MS,ASO,ES,Combined TRACON& Tower with Radar,44,16,21,27,108,0,0,11,10,21,44,16,32,37,129,6,110,116,245
08/14/2021,JAN,MS,ASO,ES,Combined TRACON& Tower with Radar,30,6,5,1,42,0,3,2,0,5,30,9,7,1,47,2,0,2,49
08/15/2021,JAN,MS,ASO,ES,Combined TRACON& Tower with Radar,40,12,15,11,78,0,2,3,0,5,40,14,18,11,83,2,8,10,93
08/16/2021,JAN,MS,ASO,ES,Combined TRACON& Tower with Radar,43,17,13,34,107,0,1,3,0,4,43,18,16,34,111,2,130,132,243
08/17/2021,JAN,MS,ASO,ES,Combined TRACON& Tower with Radar,48,20,16,74,158,0,1,4,9,14,48,21,20,83,172,0,228,228,400
08/18/2021,JAN,MS,ASO,ES,Combined TRACON& Tower with Radar,50,22,28,80,180,0,7,10,4,21,50,29,38,84,201,4,144,148,349
08/19/2021,JAN,MS,ASO,ES,Combined TRACON& Tower with Radar,52,17,19,50,138,0,2,2,2,6,52,19,21,52,144,6,74,80,224
08/20/2021,JAN,MS,ASO,ES,Combined TRACON& Tower with Radar,56,21,23,32,132,0,1,0,0,1,56,22,23,32,133,10,54,64,197
08/21/2021,JAN,MS,ASO,ES,Combined TRACON& Tower with Radar,40,8,10,12,70,0,7,3,3,13,40,15,13,15,83,8,26,34,117
08/22/2021,JAN,MS,ASO,ES,Combined TRACON& Tower with Radar,45,14,17,18,94,0,4,2,3,9,45,18,19,21,103,2,24,26,129
08/23/2021,JAN,MS,ASO,ES,Combined TRACON& Tower with Radar,50,27,21,38,136,0,5,0,3,8,50,32,21,41,144,24,108,132,276
08/24/2021,JAN,MS,ASO,ES,Combined TRACON& Tower with Radar,45,21,15,28,109,0,1,6,6,13,45,22,21,34,122,0,82,82,204
08/25/2021,JAN,MS,ASO,ES,Combined TRACON& Tower with Radar,49,15,23,50,137,0,0,4,6,10,49,15,27,56,147,0,96,96,243
08/26/2021,JAN,MS,ASO,ES,Combined TRACON& Tower with Radar,56,20,17,27,120,0,1,8,4,13,56,21,25,31,133,8,30,38,171
08/27/2021,JAN,MS,ASO,ES,Combined TRACON& Tower with Radar,53,23,29,20,125,0,1,4,3,8,53,24,33,23,133,4,58,62,195
08/28/2021,JAN,MS,ASO,ES,Combined TRACON& Tower with Radar,41,8,17,9,75,0,7,5,0,12,41,15,22,9,87,4,8,12,99
08/29/2021,JAN,MS,ASO,ES,Combined TRACON& Tower with Radar,43,8,8,4,63,0,0,0,0,0,43,8,8,4,63,2,0,2,65
08/30/2021,JAN,MS,ASO,ES,Combined TRACON& Tower with Radar,13,2,0,0,15,0,0,0,0,0,13,2,0,0,15,0,0,0,15
08/31/2021,JAN,MS,ASO,ES,Combined TRACON& Tower with Radar,43,16,15,24,98,0,4,1,2,7,43,20,16,26,105,2,10,12,117
09/01/2021,JAN,MS,ASO,ES,Combined TRACON& Tower with Radar,48,13,26,78,165,0,1,5,13,19,48,14,31,91,184,8,188,196,380
09/02/2021,JAN,MS,ASO,ES,Combined TRACON& Tower with Radar,52,22,39,38,151,0,3,13,9,25,52,25,52,47,176,14,40,54,230
09/03/2021,JAN,MS,ASO,ES,Combined TRACON& Tower with Radar,60,19,8,11,98,0,2,5,2,9,60,21,13,13,107,2,8,10,117
09/04/2021,JAN,MS,ASO,ES,Combined TRACON& Tower with Radar,46,14,9,6,75,0,2,1,2,5,46,16,10,8,80,8,10,18,98
09/05/2021,JAN,MS,ASO,ES,Combined TRACON& Tower with Radar,37,6,5,6,54,0,0,2,1,3,37,6,7,7,57,0,6,6,63
09/06/2021,JAN,MS,ASO,ES,Combined TRACON& Tower with Radar,57,12,22,7,98,0,1,3,0,4,57,13,25,7,102,0,6,6,108
09/07/2021,JAN,MS,ASO,ES,Combined TRACON& Tower with Radar,44,32,22,35,133,0,2,5,8,15,44,34,27,43,148,32,152,184,332
09/08/2021,JAN,MS,ASO,ES,Combined TRACON& Tower with Radar,46,22,22,32,122,0,2,5,26,33,46,24,27,58,155,8,127,135,290
09/09/2021,JAN,MS,ASO,ES,Combined TRACON& Tower with Radar,46,26,33,25,130,0,2,4,10,16,46,28,37,35,146,0,158,158,304
09/10/2021,JAN,MS,ASO,ES,Combined TRACON& Tower with Radar,51,15,20,57,143,0,7,4,7,18,51,22,24,64,161,0,104,104,265
09/11/2021,JAN,MS,ASO,ES,Combined TRACON& Tower with Radar,43,14,11,9,77,0,3,4,8,15,43,17,15,17,92,16,10,26,118
09/12/2021,JAN,MS,ASO,ES,Combined TRACON& Tower with Radar,46,24,19,1,90,0,4,3,2,9,46,28,22,3,99,4,10,14,113
09/13/2021,JAN,MS,ASO,ES,Combined TRACON& Tower with Radar,50,15,17,33,115,0,1,0,1,2,50,16,17,34,117,12,86,98,215
09/14/2021,JAN,MS,ASO,ES,Combined TRACON& Tower with Radar,45,17,24,2,88,0,2,1,0,3,45,19,25,2,91,2,38,40,131
09/15/2021,JAN,MS,ASO,ES,Combined TRACON& Tower with Radar,48,29,17,23,117,0,0,0,0,0,48,29,17,23,117,0,10,10,127
09/16/2021,JAN,MS,ASO,ES,Combined TRACON& Tower with Radar,52,20,11,8,91,0,0,1,0,1,52,20,12,8,92,2,2,4,96
09/17/2021,JAN,MS,ASO,ES,Combined TRACON& Tower with Radar,51,18,16,8,93,0,2,0,2,4,51,20,16,10,97,2,36,38,135
09/18/2021,JAN,MS,ASO,ES,Combined TRACON& Tower with Radar,42,8,4,7,61,0,2,1,0,3,42,10,5,7,64,0,36,36,100
09/19/2021,JAN,MS,ASO,ES,Combined TRACON& Tower with Radar,49,13,8,7,77,0,3,5,1,9,49,16,13,8,86,2,42,44,130
09/20/2021,JAN,MS,ASO,ES,Combined TRACON& Tower with Radar,51,16,5,17,89,0,1,3,0,4,51,17,8,17,93,0,14,14,107
09/21/2021,JAN,MS,ASO,ES,Combined TRACON& Tower with Radar,51,15,15,46,127,0,6,2,9,17,51,21,17,55,144,0,148,148,292
09/22/2021,JAN,MS,ASO,ES,Combined TRACON& Tower with Radar,60,30,21,47,158,0,2,4,14,20,60,32,25,61,178,0,250,250,428
09/23/2021,JAN,MS,ASO,ES,Combined TRACON& Tower with Radar,52,21,15,30,118,0,2,9,6,17,52,23,24,36,135,2,86,88,223
09/24/2021,JAN,MS,ASO,ES,Combined TRACON& Tower with Radar,52,18,35,15,120,0,2,3,1,6,52,20,38,16,126,2,44,46,172
09/25/2021,JAN,MS,ASO,ES,Combined TRACON& Tower with Radar,41,8,11,2,62,0,0,5,0,5,41,8,16,2,67,2,0,2,69
09/26/2021,JAN,MS,ASO,ES,Combined TRACON& Tower with Radar,49,17,12,13,91,0,1,16,0,17,49,18,28,13,108,2,8,10,118
09/27/2021,JAN,MS,ASO,ES,Combined TRACON& Tower with Radar,53,22,34,18,127,0,1,5,3,9,53,23,39,21,136,0,30,30,166
09/28/2021,JAN,MS,ASO,ES,Combined TRACON& Tower with Radar,48,22,27,5,102,0,3,2,0,5,48,25,29,5,107,8,0,8,115
09/29/2021,JAN,MS,ASO,ES,Combined TRACON& Tower with Radar,47,29,16,6,98,0,1,4,0,5,47,30,20,6,103,0,6,6,109
09/30/2021,JAN,MS,ASO,ES,Combined TRACON& Tower with Radar,51,21,19,5,96,0,0,1,0,1,51,21,20,5,97,28,26,54,151
10/01/2021,JAN,MS,ASO,ES,Combined TRACON& Tower with Radar,52,22,23,13,110,0,2,6,2,10,52,24,29,15,120,0,84,84,204
10/02/2021,JAN,MS,ASO,ES,Combined TRACON& Tower with Radar,44,15,29,8,96,0,7,2,0,9,44,22,31,8,105,10,0,10,115
10/03/2021,JAN,MS,ASO,ES,Combined TRACON& Tower with Radar,49,17,14,36,116,0,0,5,1,6,49,17,19,37,122,0,18,18,140
10/04/2021,JAN,MS,ASO,ES,Combined TRACON& Tower with Radar,52,16,22,26,116,0,2,4,4,10,52,18,26,30,126,0,80,80,206
10/05/2021,JAN,MS,ASO,ES,Combined TRACON& Tower with Radar,53,23,22,29,127,0,3,2,4,9,53,26,24,33,136,18,130,148,284
10/06/2021,JAN,MS,ASO,ES,Combined TRACON& Tower with Radar,54,18,15,41,128,0,2,4,1,7,54,20,19,42,135,4,160,164,299
10/07/2021,JAN,MS,ASO,ES,Combined TRACON& Tower with Radar,59,22,17,22,120,0,1,4,6,11,59,23,21,28,131,0,52,52,183
10/08/2021,JAN,MS,ASO,ES,Combined TRACON& Tower with Radar,62,16,27,21,126,0,4,2,11,17,62,20,29,32,143,4,44,48,191
10/09/2021,JAN,MS,ASO,ES,Combined TRACON& Tower with Radar,44,9,10,3,66,0,1,3,1,5,44,10,13,4,71,0,4,4,75
10/10/2021,JAN,MS,ASO,ES,Combined TRACON& Tower with Radar,47,9,22,1,79,0,1,1,0,2,47,10,23,1,81,0,0,0,81
10/11/2021,JAN,MS,ASO,ES,Combined TRACON& Tower with Radar,57,14,27,0,98,0,2,3,1,6,57,16,30,1,104,0,0,0,104
10/12/2021,JAN,MS,ASO,ES,Combined TRACON& Tower with Radar,53,16,17,17,103,0,2,0,5,7,53,18,17,22,110,10,110,120,230
10/13/2021,JAN,MS,ASO,ES,Combined TRACON& Tower with Radar,54,16,14,23,107,0,3,2,12,17,54,19,16,35,124,0,60,60,184
10/14/2021,JAN,MS,ASO,ES,Combined TRACON& Tower with Radar,57,20,26,17,120,0,0,7,2,9,57,20,33,19,129,24,12,36,165
10/15/2021,JAN,MS,ASO,ES,Combined TRACON& Tower with Radar,58,13,10,35,116,0,4,4,10,18,58,17,14,45,134,0,82,82,216
10/16/2021,JAN,MS,ASO,ES,Combined TRACON& Tower with Radar,44,16,10,12,82,0,1,4,2,7,44,17,14,14,89,0,6,6,95
10/17/2021,JAN,MS,ASO,ES,Combined TRACON& Tower with Radar,55,15,7,11,88,0,3,5,0,8,55,18,12,11,96,0,14,14,110
10/18/2021,JAN,MS,ASO,ES,Combined TRACON& Tower with Radar,58,10,34,18,120,0,2,9,6,17,58,12,43,24,137,2,98,100,237
10/19/2021,JAN,MS,ASO,ES,Combined TRACON& Tower with Radar,52,22,24,21,119,0,0,3,6,9,52,22,27,27,128,4,128,132,260
10/20/2021,JAN,MS,ASO,ES,Combined TRACON& Tower with Radar,54,23,28,17,122,0,1,1,0,2,54,24,29,17,124,2,32,34,158
10/21/2021,JAN,MS,ASO,ES,Combined TRACON& Tower with Radar,57,22,32,18,129,0,2,5,5,12,57,24,37,23,141,14,62,76,217
10/22/2021,JAN,MS,ASO,ES,Combined TRACON& Tower with Radar,59,16,11,7,93,0,2,4,0,6,59,18,15,7,99,0,4,4,103
10/23/2021,JAN,MS,ASO,ES,Combined TRACON& Tower with Radar,44,9,15,0,68,0,2,3,0,5,44,11,18,0,73,6,2,8,81
10/24/2021,JAN,MS,ASO,ES,Combined TRACON& Tower with Radar,52,10,22,0,84,0,1,2,0,3,52,11,24,0,87,0,2,2,89
10/25/2021,JAN,MS,ASO,ES,Combined TRACON& Tower with Radar,59,13,30,14,116,0,3,7,0,10,59,16,37,14,126,0,6,6,132
10/26/2021,JAN,MS,ASO,ES,Combined TRACON& Tower with Radar,50,18,28,72,168,0,1,10,10,21,50,19,38,82,189,0,164,164,353
10/27/2021,JAN,MS,ASO,ES,Combined TRACON& Tower with Radar,52,8,28,8,96,0,1,5,1,7,52,9,33,9,103,0,24,24,127
10/28/2021,JAN,MS,ASO,ES,Combined TRACON& Tower with Radar,57,15,21,32,125,0,2,6,1,9,57,17,27,33,134,0,86,86,220
10/29/2021,JAN,MS,ASO,ES,Combined TRACON& Tower with Radar,57,14,24,8,103,0,0,2,0,2,57,14,26,8,105,0,6,6,111
10/30/2021,JAN,MS,ASO,ES,Combined TRACON& Tower with Radar,45,6,7,5,63,0,1,2,0,3,45,7,9,5,66,0,0,0,66
10/31/2021,JAN,MS,ASO,ES,Combined TRACON& Tower with Radar,43,7,9,1,60,0,1,10,0,11,43,8,19,1,71,0,0,0,71
11/01/2021,JAN,MS,ASO,ES,Combined TRACON& Tower with Radar,51,14,15,35,115,0,2,3,10,15,51,16,18,45,130,4,140,144,274
11/02/2021,JAN,MS,ASO,ES,Combined TRACON& Tower with Radar,45,11,32,47,135,0,0,8,4,12,45,11,40,51,147,12,172,184,331
11/03/2021,JAN,MS,ASO,ES,Combined TRACON& Tower with Radar,50,22,38,17,127,0,1,7,5,13,50,23,45,22,140,8,184,192,332
11/04/2021,JAN,MS,ASO,ES,Combined TRACON& Tower with Radar,53,15,38,49,155,0,0,5,6,11,53,15,43,55,166,0,118,118,284
11/05/2021,JAN,MS,ASO,ES,Combined TRACON& Tower with Radar,56,25,39,42,162,0,1,1,1,3,56,26,40,43,165,2,36,38,203
11/06/2021,JAN,MS,ASO,ES,Combined TRACON& Tower with Radar,42,9,25,11,87,0,2,3,4,9,42,11,28,15,96,8,12,20,116
11/07/2021,JAN,MS,ASO,ES,Combined TRACON& Tower with Radar,45,11,22,9,87,0,2,6,2,10,45,13,28,11,97,7,10,17,114
11/08/2021,JAN,MS,ASO,ES,Combined TRACON& Tower with Radar,48,15,21,10,94,0,3,2,5,10,48,18,23,15,104,10,122,132,236
11/09/2021,JAN,MS,ASO,ES,Combined TRACON& Tower with Radar,44,16,23,37,120,0,1,7,9,17,44,17,30,46,137,46,157,203,340
11/10/2021,JAN,MS,ASO,ES,Combined TRACON& Tower with Radar,48,15,24,27,114,0,2,1,9,12,48,17,25,36,126,10,188,198,324
11/11/2021,JAN,MS,ASO,ES,Combined TRACON& Tower with Radar,49,16,12,6,83,0,2,2,0,4,49,18,14,6,87,16,16,32,119
11/12/2021,JAN,MS,ASO,ES,Combined TRACON& Tower with Radar,51,17,13,3,84,0,1,1,1,3,51,18,14,4,87,0,0,0,87
11/13/2021,JAN,MS,ASO,ES,Combined TRACON& Tower with Radar,38,8,18,3,67,0,3,4,0,7,38,11,22,3,74,10,10,20,94
11/14/2021,JAN,MS,ASO,ES,Combined TRACON& Tower with Radar,44,19,16,2,81,0,6,1,0,7,44,25,17,2,88,16,0,16,104
11/15/2021,JAN,MS,ASO,ES,Combined TRACON& Tower with Radar,48,16,19,23,106,0,4,5,4,13,48,20,24,27,119,0,72,72,191
11/16/2021,JAN,MS,ASO,ES,Combined TRACON& Tower with Radar,44,25,27,27,123,0,2,4,1,7,44,27,31,28,130,18,172,190,320
11/17/2021,JAN,MS,ASO,ES,Combined TRACON& Tower with Radar,47,17,37,31,132,0,1,0,6,7,47,18,37,37,139,2,96,98,237
11/18/2021,JAN,MS,ASO,ES,Combined TRACON& Tower with Radar,51,14,27,33,125,0,5,0,0,5,51,19,27,33,130,0,64,64,194
11/19/2021,JAN,MS,ASO,ES,Combined TRACON& Tower with Radar,52,16,15,17,100,0,8,4,3,15,52,24,19,20,115,10,40,50,165
11/20/2021,JAN,MS,ASO,ES,Combined TRACON& Tower with Radar,41,12,11,5,69,0,2,0,0,2,41,14,11,5,71,0,22,22,93
11/21/2021,JAN,MS,ASO,ES,Combined TRACON& Tower with Radar,41,9,11,2,63,0,4,1,0,5,41,13,12,2,68,4,0,4,72
11/22/2021,JAN,MS,ASO,ES,Combined TRACON& Tower with Radar,47,19,20,38,124,0,1,3,2,6,47,20,23,40,130,0,144,144,274
11/23/2021,JAN,MS,ASO,ES,Combined TRACON& Tower with Radar,52,15,13,19,99,0,2,2,10,14,52,17,15,29,113,0,112,112,225
11/24/2021,JAN,MS,ASO,ES,Combined TRACON& Tower with Radar,51,19,19,8,97,0,0,7,3,10,51,19,26,11,107,0,22,22,129
11/25/2021,JAN,MS,ASO,ES,Combined TRACON& Tower with Radar,27,8,1,0,36,0,0,1,0,1,27,8,2,0,37,0,0,0,37
11/26/2021,JAN,MS,ASO,ES,Combined TRACON& Tower with Radar,43,18,8,1,70,0,5,6,0,11,43,23,14,1,81,0,2,2,83
11/27/2021,JAN,MS,ASO,ES,Combined TRACON& Tower with Radar,41,13,17,1,72,0,1,6,0,7,41,14,23,1,79,4,8,12,91
11/28/2021,JAN,MS,ASO,ES,Combined TRACON& Tower with Radar,48,11,11,0,70,0,2,3,0,5,48,13,14,0,75,0,0,0,75
11/29/2021,JAN,MS,ASO,ES,Combined TRACON& Tower with Radar,50,22,17,13,102,0,2,5,7,14,50,24,22,20,116,4,98,102,218
11/30/2021,JAN,MS,ASO,ES,Combined TRACON& Tower with Radar,49,15,21,32,117,0,1,6,12,19,49,16,27,44,136,6,192,198,334
12/01/2021,JAN,MS,ASO,ES,Combined TRACON& Tower with Radar,48,16,31,25,120,0,2,4,18,24,48,18,35,43,144,10,116,126,270
12/02/2021,JAN,MS,ASO,ES,Combined TRACON& Tower with Radar,50,15,24,30,119,0,2,3,14,19,50,17,27,44,138,20,98,118,256
12/03/2021,JAN,MS,ASO,ES,Combined TRACON& Tower with Radar,53,11,34,48,146,0,3,8,7,18,53,14,42,55,164,10,218,228,392
12/04/2021,JAN,MS,ASO,ES,Combined TRACON& Tower with Radar,36,13,11,36,96,0,1,5,0,6,36,14,16,36,102,4,24,28,130
12/05/2021,JAN,MS,ASO,ES,Combined TRACON& Tower with Radar,46,16,8,10,80,0,3,2,1,6,46,19,10,11,86,0,10,10,96
12/06/2021,JAN,MS,ASO,ES,Combined TRACON& Tower with Radar,47,15,11,2,75,0,1,0,0,1,47,16,11,2,76,0,0,0,76
12/07/2021,JAN,MS,ASO,ES,Combined TRACON& Tower with Radar,62,11,22,26,121,0,1,0,1,2,62,12,22,27,123,26,18,44,167
12/08/2021,JAN,MS,ASO,ES,Combined TRACON& Tower with Radar,51,28,26,29,134,0,2,0,2,4,51,30,26,31,138,6,110,116,254
12/09/2021,JAN,MS,ASO,ES,Combined TRACON& Tower with Radar,50,12,28,11,101,0,0,0,5,5,50,12,28,16,106,0,70,70,176
12/10/2021,JAN,MS,ASO,ES,Combined TRACON& Tower with Radar,50,13,16,24,103,0,1,2,0,3,50,14,18,24,106,0,20,20,126
12/11/2021,JAN,MS,ASO,ES,Combined TRACON& Tower with Radar,36,7,6,0,49,0,2,1,0,3,36,9,7,0,52,24,0,24,76
12/12/2021,JAN,MS,ASO,ES,Combined TRACON& Tower with Radar,43,13,10,4,70,0,1,1,0,2,43,14,11,4,72,2,4,6,78
12/13/2021,JAN,MS,ASO,ES,Combined TRACON& Tower with Radar,48,14,26,43,131,0,4,6,6,16,48,18,32,49,147,2,124,126,273
12/14/2021,JAN,MS,ASO,ES,Combined TRACON& Tower with Radar,47,17,18,84,166,0,3,1,10,14,47,20,19,94,180,0,208,208,388
12/15/2021,JAN,MS,ASO,ES,Combined TRACON& Tower with Radar,50,18,29,44,141,0,1,2,4,7,50,19,31,48,148,14,92,106,254
12/16/2021,JAN,MS,ASO,ES,Combined TRACON& Tower with Radar,44,23,29,40,136,0,1,9,0,10,44,24,38,40,146,18,60,78,224
12/17/2021,JAN,MS,ASO,ES,Combined TRACON& Tower with Radar,47,22,36,92,197,0,1,1,0,2,47,23,37,92,199,6,132,138,337
12/18/2021,JAN,MS,ASO,ES,Combined TRACON& Tower with Radar,41,15,26,3,85,0,0,1,0,1,41,15,27,3,86,12,2,14,100
12/19/2021,JAN,MS,ASO,ES,Combined TRACON& Tower with Radar,32,16,15,3,66,0,2,2,0,4,32,18,17,3,70,6,0,6,76
12/20/2021,JAN,MS,ASO,ES,Combined TRACON& Tower with Radar,39,22,7,13,81,0,2,0,3,5,39,24,7,16,86,2,48,50,136
12/21/2021,JAN,MS,ASO,ES,Combined TRACON& Tower with Radar,40,31,16,25,112,0,5,1,0,6,40,36,17,25,118,0,76,76,194
12/22/2021,JAN,MS,ASO,ES,Combined TRACON& Tower with Radar,41,16,10,15,82,0,0,8,2,10,41,16,18,17,92,2,48,50,142
12/23/2021,JAN,MS,ASO,ES,Combined TRACON& Tower with Radar,39,18,12,1,70,0,1,8,0,9,39,19,20,1,79,0,0,0,79
12/24/2021,JAN,MS,ASO,ES,Combined TRACON& Tower with Radar,32,10,4,1,47,0,2,0,0,2,32,12,4,1,49,0,0,0,49
12/25/2021,JAN,MS,ASO,ES,Combined TRACON& Tower with Radar,24,12,0,0,36,0,4,4,0,8,24,16,4,0,44,0,0,0,44
12/26/2021,JAN,MS,ASO,ES,Combined TRACON& Tower with Radar,37,17,4,0,58,0,3,2,0,5,37,20,6,0,63,0,0,0,63
12/27/2021,JAN,MS,ASO,ES,Combined TRACON& Tower with Radar,38,15,21,4,78,0,4,2,0,6,38,19,23,4,84,2,0,2,86
12/28/2021,JAN,MS,ASO,ES,Combined TRACON& Tower with Radar,39,20,11,2,72,0,2,0,0,2,39,22,11,2,74,2,4,6,80
12/29/2021,JAN,MS,ASO,ES,Combined TRACON& Tower with Radar,43,18,14,4,79,0,0,0,4,4,43,18,14,8,83,8,10,18,101
12/30/2021,JAN,MS,ASO,ES,Combined TRACON& Tower with Radar,40,22,12,13,87,0,2,3,1,6,40,24,15,14,93,0,12,12,105
12/31/2021,JAN,MS,ASO,ES,Combined TRACON& Tower with Radar,35,16,8,0,59,0,1,1,1,3,35,17,9,1,62,0,0,0,62
01/01/2022,JAN,MS,ASO,ES,Combined TRACON& Tower with Radar,23,19,8,0,50,0,1,0,0,1,23,20,8,0,51,0,0,0,51
01/02/2022,JAN,MS,ASO,ES,Combined TRACON& Tower with Radar,32,21,11,0,64,0,0,0,0,0,32,21,11,0,64,0,0,0,64
01/03/2022,JAN,MS,ASO,ES,Combined TRACON& Tower with Radar,39,18,12,0,69,0,1,3,0,4,39,19,15,0,73,0,0,0,73
01/04/2022,JAN,MS,ASO,ES,Combined TRACON& Tower with Radar,36,17,15,26,94,0,4,4,5,13,36,21,19,31,107,20,28,48,155
01/05/2022,JAN,MS,ASO,ES,Combined TRACON& Tower with Radar,38,22,20,23,103,0,1,4,0,5,38,23,24,23,108,0,82,82,190
01/06/2022,JAN,MS,ASO,ES,Combined TRACON& Tower with Radar,37,19,8,33,97,0,0,0,0,0,37,19,8,33,97,0,34,34,131
01/07/2022,JAN,MS,ASO,ES,Combined TRACON& Tower with Radar,39,18,11,34,102,0,0,7,4,11,39,18,18,38,113,10,86,96,209
01/08/2022,JAN,MS,ASO,ES,Combined TRACON& Tower with Radar,30,12,24,11,77,0,1,9,2,12,30,13,33,13,89,10,6,16,105
01/09/2022,JAN,MS,ASO,ES,Combined TRACON& Tower with Radar,27,19,5,0,51,0,0,2,0,2,27,19,7,0,53,2,0,2,55
01/10/2022,JAN,MS,ASO,ES,Combined TRACON& Tower with Radar,38,23,17,24,102,0,2,13,12,27,38,25,30,36,129,18,92,110,239
01/11/2022,JAN,MS,ASO,ES,Combined TRACON& Tower with Radar,35,16,23,40,114,0,0,6,10,16,35,16,29,50,130,18,166,184,314
01/12/2022,JAN,MS,ASO,ES,Combined TRACON& Tower with Radar,39,19,26,53,137,0,1,6,6,13,39,20,32,59,150,24,104,128,278
01/13/2022,JAN,MS,ASO,ES,Combined TRACON& Tower with Radar,40,16,24,13,93,0,3,8,1,12,40,19,32,14,105,10,26,36,141
01/14/2022,JAN,MS,ASO,ES,Combined TRACON& Tower with Radar,40,26,27,60,153,0,4,3,8,15,40,30,30,68,168,10,66,76,244
01/15/2022,JAN,MS,ASO,ES,Combined TRACON& Tower with Radar,28,14,5,0,47,0,0,0,0,0,28,14,5,0,47,0,0,0,47
01/16/2022,JAN,MS,ASO,ES,Combined TRACON& Tower with Radar,20,11,7,1,39,0,2,0,0,2,20,13,7,1,41,0,0,0,41
01/17/2022,JAN,MS,ASO,ES,Combined TRACON& Tower with Radar,37,12,14,10,73,0,4,5,0,9,37,16,19,10,82,2,0,2,84
01/18/2022,JAN,MS,ASO,ES,Combined TRACON& Tower with Radar,38,21,24,49,132,0,1,5,5,11,38,22,29,54,143,12,182,194,337
01/19/2022,JAN,MS,ASO,ES,Combined TRACON& Tower with Radar,38,14,28,16,96,0,2,3,5,10,38,16,31,21,106,2,100,102,208
01/20/2022,JAN,MS,ASO,ES,Combined TRACON& Tower with Radar,43,11,15,21,90,0,1,3,0,4,43,12,18,21,94,0,32,32,126
01/21/2022,JAN,MS,ASO,ES,Combined TRACON& Tower with Radar,41,18,26,28,113,0,1,5,10,16,41,19,31,38,129,6,126,132,261
01/22/2022,JAN,MS,ASO,ES,Combined TRACON& Tower with Radar,31,8,10,6,55,0,1,9,0,10,31,9,19,6,65,6,6,12,77
01/23/2022,JAN,MS,ASO,ES,Combined TRACON& Tower with Radar,39,10,19,19,87,0,0,6,1,7,39,10,25,20,94,4,24,28,122
01/24/2022,JAN,MS,ASO,ES,Combined TRACON& Tower with Radar,39,19,23,31,112,0,3,5,8,16,39,22,28,39,128,4,92,96,224
01/25/2022,JAN,MS,ASO,ES,Combined TRACON& Tower with Radar,41,14,21,18,94,0,0,0,0,0,41,14,21,18,94,0,4,4,98
01/26/2022,JAN,MS,ASO,ES,Combined TRACON& Tower with Radar,39,11,26,30,106,0,3,7,5,15,39,14,33,35,121,12,140,152,273
01/27/2022,JAN,MS,ASO,ES,Combined TRACON& Tower with Radar,43,23,26,15,107,0,6,6,13,25,43,29,32,28,132,16,174,190,322
01/28/2022,JAN,MS,ASO,ES,Combined TRACON& Tower with Radar,39,12,8,53,112,0,6,5,7,18,39,18,13,60,130,0,200,200,330
01/29/2022,JAN,MS,ASO,ES,Combined TRACON& Tower with Radar,27,11,14,5,57,0,3,11,0,14,27,14,25,5,71,4,4,8,79
01/30/2022,JAN,MS,ASO,ES,Combined TRACON& Tower with Radar,38,14,14,12,78,0,12,8,2,22,38,26,22,14,100,10,10,20,120
01/31/2022,JAN,MS,ASO,ES,Combined TRACON& Tower with Radar,41,12,29,26,108,0,3,3,4,10,41,15,32,30,118,4,140,144,262
02/01/2022,JAN,MS,ASO,ES,Combined TRACON& Tower with Radar,37,16,28,27,108,0,5,4,2,11,37,21,32,29,119,8,56,64,183
02/02/2022,JAN,MS,ASO,ES,Combined TRACON& Tower with Radar,32,14,31,33,110,0,1,2,0,3,32,15,33,33,113,2,28,30,143
02/03/2022,JAN,MS,ASO,ES,Combined TRACON& Tower with Radar,36,6,13,1,56,0,0,0,0,0,36,6,13,1,56,0,0,0,56
02/04/2022,JAN,MS,ASO,ES,Combined TRACON& Tower with Radar,35,12,15,8,70,0,0,0,0,0,35,12,15,8,70,2,8,10,80
02/05/2022,JAN,MS,ASO,ES,Combined TRACON& Tower with Radar,25,10,10,6,51,0,0,8,0,8,25,10,18,6,59,10,2,12,71
02/06/2022,JAN,MS,ASO,ES,Combined TRACON& Tower with Radar,42,9,9,5,65,0,5,3,8,16,42,14,12,13,81,10,20,30,111
02/07/2022,JAN,MS,ASO,ES,Combined TRACON& Tower with Radar,38,24,34,21,117,0,0,7,8,15,38,24,41,29,132,18,148,166,298
02/08/2022,JAN,MS,ASO,ES,Combined TRACON& Tower with Radar,36,21,32,44,133,0,1,14,1,16,36,22,46,45,149,12,86,98,247
02/09/2022,JAN,MS,ASO,ES,Combined TRACON& Tower with Radar,40,12,47,25,124,0,3,11,3,17,40,15,58,28,141,20,72,92,233
02/10/2022,JAN,MS,ASO,ES,Combined TRACON& Tower with Radar,41,14,34,37,126,0,2,6,8,16,41,16,40,45,142,30,72,102,244
02/11/2022,JAN,MS,ASO,ES,Combined TRACON& Tower with Radar,46,21,15,44,126,0,4,1,9,14,46,25,16,53,140,0,124,124,264
02/12/2022,JAN,MS,ASO,ES,Combined TRACON& Tower with Radar,26,9,13,0,48,0,3,5,4,12,26,12,18,4,60,2,6,8,68
02/13/2022,JAN,MS,ASO,ES,Combined TRACON& Tower with Radar,39,13,15,21,88,0,1,3,2,6,39,14,18,23,94,0,10,10,104
02/14/2022,JAN,MS,ASO,ES,Combined TRACON& Tower with Radar,38,27,24,22,111,0,7,3,6,16,38,34,27,28,127,22,126,148,275
02/15/2022,JAN,MS,ASO,ES,Combined TRACON& Tower with Radar,34,18,24,32,108,0,2,6,2,10,34,20,30,34,118,0,80,80,198
02/16/2022,JAN,MS,ASO,ES,Combined TRACON& Tower with Radar,40,15,25,39,119,0,2,2,0,4,40,17,27,39,123,0,66,66,189
02/17/2022,JAN,MS,ASO,ES,Combined TRACON& Tower with Radar,39,17,17,1,74,0,0,0,0,0,39,17,17,1,74,0,0,0,74
02/18/2022,JAN,MS,ASO,ES,Combined TRACON& Tower with Radar,39,11,14,44,108,0,0,6,4,10,39,11,20,48,118,8,80,88,206
02/19/2022,JAN,MS,ASO,ES,Combined TRACON& Tower with Radar,25,9,8,26,68,0,1,6,0,7,25,10,14,26,75,0,20,20,95
02/20/2022,JAN,MS,ASO,ES,Combined TRACON& Tower with Radar,37,6,9,11,63,0,0,8,0,8,37,6,17,11,71,10,4,14,85
02/21/2022,JAN,MS,ASO,ES,Combined TRACON& Tower with Radar,42,9,10,1,62,0,0,0,0,0,42,9,10,1,62,2,0,2,64
02/22/2022,JAN,MS,ASO,ES,Combined TRACON& Tower with Radar,36,21,23,26,106,0,2,0,6,8,36,23,23,32,114,2,102,104,218
02/23/2022,JAN,MS,ASO,ES,Combined TRACON& Tower with Radar,38,12,25,14,89,0,0,0,0,0,38,12,25,14,89,0,10,10,99
02/24/2022,JAN,MS,ASO,ES,Combined TRACON& Tower with Radar,42,17,32,16,107,0,2,0,0,2,42,19,32,16,109,0,16,16,125
02/25/2022,JAN,MS,ASO,ES,Combined TRACON& Tower with Radar,43,14,16,10,83,0,0,1,0,1,43,14,17,10,84,2,12,14,98
02/26/2022,JAN,MS,ASO,ES,Combined TRACON& Tower with Radar,27,13,9,0,49,0,0,0,0,0,27,13,9,0,49,2,0,2,51
02/27/2022,JAN,MS,ASO,ES,Combined TRACON& Tower with Radar,39,10,10,1,60,0,0,0,0,0,39,10,10,1,60,0,2,2,62
02/28/2022,JAN,MS,ASO,ES,Combined TRACON& Tower with Radar,42,10,27,12,91,0,6,9,3,18,42,16,36,15,109,8,54,62,171
03/01/2022,JAN,MS,ASO,ES,Combined TRACON& Tower with Radar,36,19,28,37,120,0,5,7,5,17,36,24,35,42,137,16,60,76,213
03/02/2022,JAN,MS,ASO,ES,Combined TRACON& Tower with Radar,38,14,21,30,103,0,9,8,4,21,38,23,29,34,124,10,88,98,222
03/03/2022,JAN,MS,ASO,ES,Combined TRACON& Tower with Radar,35,11,41,26,113,0,3,15,16,34,35,14,56,42,147,28,94,122,269
03/04/2022,JAN,MS,ASO,ES,Combined TRACON& Tower with Radar,41,13,15,36,105,0,2,9,10,21,41,15,24,46,126,12,58,70,196
03/05/2022,JAN,MS,ASO,ES,Combined TRACON& Tower with Radar,30,8,2,5,45,0,5,0,0,5,30,13,2,5,50,2,0,2,52
03/06/2022,JAN,MS,ASO,ES,Combined TRACON& Tower with Radar,37,10,31,18,96,0,5,1,1,7,37,15,32,19,103,4,0,4,107
03/07/2022,JAN,MS,ASO,ES,Combined TRACON& Tower with Radar,39,13,15,21,88,0,1,0,2,3,39,14,15,23,91,2,48,50,141
03/08/2022,JAN,MS,ASO,ES,Combined TRACON& Tower with Radar,38,20,18,5,81,0,1,0,0,1,38,21,18,5,82,0,2,2,84
03/09/2022,JAN,MS,ASO,ES,Combined TRACON& Tower with Radar,37,22,17,17,93,0,0,1,0,1,37,22,18,17,94,2,22,24,118
03/10/2022,JAN,MS,ASO,ES,Combined TRACON& Tower with Radar,42,16,16,21,95,0,1,4,2,7,42,17,20,23,102,2,78,80,182
03/11/2022,JAN,MS,ASO,ES,Combined TRACON& Tower with Radar,42,25,24,40,131,0,5,1,10,16,42,30,25,50,147,10,102,112,259
03/12/2022,JAN,MS,ASO,ES,Combined TRACON& Tower with Radar,28,12,10,4,54,0,0,1,0,1,28,12,11,4,55,0,4,4,59
03/13/2022,JAN,MS,ASO,ES,Combined TRACON& Tower with Radar,39,13,11,2,65,0,1,3,3,7,39,14,14,5,72,0,2,2,74
03/14/2022,JAN,MS,ASO,ES,Combined TRACON& Tower with Radar,39,13,30,30,112,0,3,11,3,17,39,16,41,33,129,8,78,86,215
03/15/2022,JAN,MS,ASO,ES,Combined TRACON& Tower with Radar,38,18,10,19,85,0,0,0,0,0,38,18,10,19,85,0,42,42,127
03/16/2022,JAN,MS,ASO,ES,Combined TRACON& Tower with Radar,39,19,30,16,104,0,5,2,1,8,39,24,32,17,112,20,32,52,164
03/17/2022,JAN,MS,ASO,ES,Combined TRACON& Tower with Radar,39,28,27,27,121,0,1,5,0,6,39,29,32,27,127,14,56,70,197
03/18/2022,JAN,MS,ASO,ES,Combined TRACON& Tower with Radar,38,18,8,11,75,0,4,4,0,8,38,22,12,11,83,2,30,32,115
03/19/2022,JAN,MS,ASO,ES,Combined TRACON& Tower with Radar,30,10,7,8,55,0,0,3,1,4,30,10,10,9,59,6,14,20,79
03/20/2022,JAN,MS,ASO,ES,Combined TRACON& Tower with Radar,41,15,9,5,70,0,1,9,1,11,41,16,18,6,81,2,36,38,119
03/21/2022,JAN,MS,ASO,ES,Combined TRACON& Tower with Radar,36,11,21,17,85,0,3,2,11,16,36,14,23,28,101,0,72,72,173
03/22/2022,JAN,MS,ASO,ES,Combined TRACON& Tower with Radar,26,6,9,8,49,0,0,0,0,0,26,6,9,8,49,0,6,6,55
03/23/2022,JAN,MS,ASO,ES,Combined TRACON& Tower with Radar,34,13,31,28,106,0,1,2,8,11,34,14,33,36,117,0,100,100,217
03/24/2022,JAN,MS,ASO,ES,Combined TRACON& Tower with Radar,36,23,20,17,96,0,0,5,5,10,36,23,25,22,106,0,24,24,130
03/25/2022,JAN,MS,ASO,ES,Combined TRACON& Tower with Radar,40,9,22,12,83,0,4,12,6,22,40,13,34,18,105,2,16,18,123
03/26/2022,JAN,MS,ASO,ES,Combined TRACON& Tower with Radar,28,11,10,0,49,0,3,9,0,12,28,14,19,0,61,8,0,8,69
03/27/2022,JAN,MS,ASO,ES,Combined TRACON& Tower with Radar,38,5,20,3,66,0,5,8,2,15,38,10,28,5,81,0,0,0,81
03/28/2022,JAN,MS,ASO,ES,Combined TRACON& Tower with Radar,43,23,31,34,131,0,4,2,0,6,43,27,33,34,137,34,114,148,285
03/29/2022,JAN,MS,ASO,ES,Combined TRACON& Tower with Radar,45,11,30,17,103,0,3,3,2,8,45,14,33,19,111,28,22,50,161
03/30/2022,JAN,MS,ASO,ES,Combined TRACON& Tower with Radar,34,7,2,1,44,0,1,3,0,4,34,8,5,1,48,0,4,4,52
03/31/2022,JAN,MS,ASO,ES,Combined TRACON& Tower with Radar,37,16,18,16,87,0,0,1,1,2,37,16,19,17,89,2,14,16,105
04/01/2022,JAN,MS,ASO,ES,Combined TRACON& Tower with Radar,34,15,12,14,75,0,5,11,13,29,34,20,23,27,104,10,50,60,164
04/02/2022,JAN,MS,ASO,ES,Combined TRACON& Tower with Radar,25,11,13,6,55,0,2,2,2,6,25,13,15,8,61,20,6,26,87
04/03/2022,JAN,MS,ASO,ES,Combined TRACON& Tower with Radar,31,13,14,5,63,0,1,1,0,2,31,14,15,5,65,8,2,10,75
04/04/2022,JAN,MS,ASO,ES,Combined TRACON& Tower with Radar,37,10,14,54,115,0,2,5,9,16,37,12,19,63,131,2,186,188,319
04/05/2022,JAN,MS,ASO,ES,Combined TRACON& Tower with Radar,39,17,14,26,96,0,1,0,1,2,39,18,14,27,98,0,50,50,148
04/06/2022,JAN,MS,ASO,ES,Combined TRACON& Tower with Radar,40,27,29,48,144,0,0,3,1,4,40,27,32,49,148,4,94,98,246
04/07/2022,JAN,MS,ASO,ES,Combined TRACON& Tower with Radar,44,13,36,25,118,0,3,5,11,19,44,16,41,36,137,4,62,66,203
04/08/2022,JAN,MS,ASO,ES,Combined TRACON& Tower with Radar,42,19,17,19,97,0,2,3,10,15,42,21,20,29,112,4,36,40,152
04/09/2022,JAN,MS,ASO,ES,Combined TRACON& Tower with Radar,29,8,18,3,58,0,2,9,0,11,29,10,27,3,69,22,2,24,93
04/10/2022,JAN,MS,ASO,ES,Combined TRACON& Tower with Radar,39,10,13,4,66,0,2,7,0,9,39,12,20,4,75,14,0,14,89
04/11/2022,JAN,MS,ASO,ES,Combined TRACON& Tower with Radar,40,33,18,33,124,0,1,0,0,1,40,34,18,33,125,0,36,36,161
04/12/2022,JAN,MS,ASO,ES,Combined TRACON& Tower with Radar,41,24,32,38,135,0,0,2,8,10,41,24,34,46,145,2,110,112,257
04/13/2022,JAN,MS,ASO,ES,Combined TRACON& Tower with Radar,35,16,18,25,94,0,1,0,1,2,35,17,18,26,96,0,112,112,208
04/14/2022,JAN,MS,ASO,ES,Combined TRACON& Tower with Radar,41,23,18,67,149,0,2,5,8,15,41,25,23,75,164,12,116,128,292
04/15/2022,JAN,MS,ASO,ES,Combined TRACON& Tower with Radar,43,16,23,11,93,0,2,5,5,12,43,18,28,16,105,12,52,64,169
04/16/2022,JAN,MS,ASO,ES,Combined TRACON& Tower with Radar,33,10,9,0,52,0,0,0,0,0,33,10,9,0,52,2,4,6,58
04/17/2022,JAN,MS,ASO,ES,Combined TRACON& Tower with Radar,41,11,8,4,64,0,0,0,0,0,41,11,8,4,64,2,8,10,74
04/18/2022,JAN,MS,ASO,ES,Combined TRACON& Tower with Radar,42,32,31,57,162,0,3,0,1,4,42,35,31,58,166,24,122,146,312
04/19/2022,JAN,MS,ASO,ES,Combined TRACON& Tower with Radar,41,23,29,49,142,0,2,8,12,22,41,25,37,61,164,22,120,142,306
04/20/2022,JAN,MS,ASO,ES,Combined TRACON& Tower with Radar,39,16,25,48,128,0,5,1,7,13,39,21,26,55,141,0,142,142,283
04/21/2022,JAN,MS,ASO,ES,Combined TRACON& Tower with Radar,42,20,38,44,144,0,5,3,6,14,42,25,41,50,158,8,120,128,286
04/22/2022,JAN,MS,ASO,ES,Combined TRACON& Tower with Radar,43,30,22,32,127,0,6,4,9,19,43,36,26,41,146,6,112,118,264
04/23/2022,JAN,MS,ASO,ES,Combined TRACON& Tower with Radar,34,14,14,4,66,0,2,3,2,7,34,16,17,6,73,4,0,4,77
04/24/2022,JAN,MS,ASO,ES,Combined TRACON& Tower with Radar,39,10,22,11,82,0,1,2,1,4,39,11,24,12,86,4,4,8,94
04/25/2022,JAN,MS,ASO,ES,Combined TRACON& Tower with Radar,40,12,12,5,69,0,3,1,0,4,40,15,13,5,73,4,0,4,77
04/26/2022,JAN,MS,ASO,ES,Combined TRACON& Tower with Radar,39,13,18,57,127,0,7,2,6,15,39,20,20,63,142,2,170,172,314
04/27/2022,JAN,MS,ASO,ES,Combined TRACON& Tower with Radar,40,29,39,49,157,0,2,9,3,14,40,31,48,52,171,32,152,184,355
04/28/2022,JAN,MS,ASO,ES,Combined TRACON& Tower with Radar,42,19,30,26,117,0,3,7,7,17,42,22,37,33,134,28,98,126,260
04/29/2022,JAN,MS,ASO,ES,Combined TRACON& Tower with Radar,42,11,19,17,89,0,3,2,0,5,42,14,21,17,94,16,36,52,146
04/30/2022,JAN,MS,ASO,ES,Combined TRACON& Tower with Radar,34,10,13,1,58,0,5,1,3,9,34,15,14,4,67,2,4,6,73
05/01/2022,JAN,MS,ASO,ES,Combined TRACON& Tower with Radar,40,13,22,0,75,0,3,1,0,4,40,16,23,0,79,6,0,6,85
05/02/2022,JAN,MS,ASO,ES,Combined TRACON& Tower with Radar,42,14,22,40,118,0,1,4,1,6,42,15,26,41,124,4,70,74,198
05/03/2022,JAN,MS,ASO,ES,Combined TRACON& Tower with Radar,42,18,34,24,118,0,1,1,8,10,42,19,35,32,128,6,112,118,246
05/04/2022,JAN,MS,ASO,ES,Combined TRACON& Tower with Radar,38,17,32,27,114,0,0,5,13,18,38,17,37,40,132,14,66,80,212
05/05/2022,JAN,MS,ASO,ES,Combined TRACON& Tower with Radar,47,16,17,36,116,0,1,0,4,5,47,17,17,40,121,6,52,58,179
05/06/2022,JAN,MS,ASO,ES,Combined TRACON& Tower with Radar,42,13,12,27,94,0,3,3,3,9,42,16,15,30,103,0,116,116,219
05/07/2022,JAN,MS,ASO,ES,Combined TRACON& Tower with Radar,29,11,12,0,52,0,2,6,2,10,29,13,18,2,62,6,2,8,70
05/08/2022,JAN,MS,ASO,ES,Combined TRACON& Tower with Radar,41,9,12,1,63,0,2,8,0,10,41,11,20,1,73,0,2,2,75
05/09/2022,JAN,MS,ASO,ES,Combined TRACON& Tower with Radar,43,24,25,35,127,0,1,4,7,12,43,25,29,42,139,14,154,168,307
05/10/2022,JAN,MS,ASO,ES,Combined TRACON& Tower with Radar,41,14,24,53,132,0,2,2,4,8,41,16,26,57,140,4,172,176,316
05/11/2022,JAN,MS,ASO,ES,Combined TRACON& Tower with Radar,43,22,30,25,120,0,5,6,4,15,43,27,36,29,135,0,104,104,239
05/12/2022,JAN,MS,ASO,ES,Combined TRACON& Tower with Radar,41,14,29,27,111,0,1,10,7,18,41,15,39,34,129,24,134,158,287
05/13/2022,JAN,MS,ASO,ES,Combined TRACON& Tower with Radar,41,10,21,18,90,0,0,1,0,1,41,10,22,18,91,22,20,42,133
05/14/2022,JAN,MS,ASO,ES,Combined TRACON& Tower with Radar,31,14,9,5,59,0,3,3,0,6,31,17,12,5,65,2,4,6,71
05/15/2022,JAN,MS,ASO,ES,Combined TRACON& Tower with Radar,40,8,18,4,70,0,1,5,2,8,40,9,23,6,78,6,8,14,92
05/16/2022,JAN,MS,ASO,ES,Combined TRACON& Tower with Radar,43,11,22,44,120,0,0,2,12,14,43,11,24,56,134,0,150,150,284
05/17/2022,JAN,MS,ASO,ES,Combined TRACON& Tower with Radar,42,16,33,73,164,0,5,5,0,10,42,21,38,73,174,2,116,118,292
05/18/2022,JAN,MS,ASO,ES,Combined TRACON& Tower with Radar,43,11,40,42,136,1,6,5,2,14,44,17,45,44,150,2,88,90,240
05/19/2022,JAN,MS,ASO,ES,Combined TRACON& Tower with Radar,40,18,22,45,125,0,0,3,4,7,40,18,25,49,132,0,160,160,292
05/20/2022,JAN,MS,ASO,ES,Combined TRACON& Tower with Radar,42,13,20,10,85,0,0,3,0,3,42,13,23,10,88,4,42,46,134
05/21/2022,JAN,MS,ASO,ES,Combined TRACON& Tower with Radar,29,13,9,9,60,0,0,3,2,5,29,13,12,11,65,0,6,6,71
05/22/2022,JAN,MS,ASO,ES,Combined TRACON& Tower with Radar,40,12,2,12,66,0,0,0,0,0,40,12,2,12,66,0,10,10,76
05/23/2022,JAN,MS,ASO,ES,Combined TRACON& Tower with Radar,41,17,38,34,130,0,0,0,1,1,41,17,38,35,131,0,108,108,239
05/24/2022,JAN,MS,ASO,ES,Combined TRACON& Tower with Radar,41,17,14,31,103,0,0,4,4,8,41,17,18,35,111,2,62,64,175
05/25/2022,JAN,MS,ASO,ES,Combined TRACON& Tower with Radar,40,8,17,13,78,0,0,2,13,15,40,8,19,26,93,0,72,72,165
05/26/2022,JAN,MS,ASO,ES,Combined TRACON& Tower with Radar,43,16,27,44,130,0,2,5,8,15,43,18,32,52,145,8,114,122,267
05/27/2022,JAN,MS,ASO,ES,Combined TRACON& Tower with Radar,44,17,28,8,97,0,0,10,0,10,44,17,38,8,107,16,10,26,133
05/28/2022,JAN,MS,ASO,ES,Combined TRACON& Tower with Radar,29,13,11,7,60,0,3,2,0,5,29,16,13,7,65,2,18,20,85
05/29/2022,JAN,MS,ASO,ES,Combined TRACON& Tower with Radar,38,6,7,4,55,0,4,4,0,8,38,10,11,4,63,30,0,30,93
05/30/2022,JAN,MS,ASO,ES,Combined TRACON& Tower with Radar,42,10,16,12,80,0,0,6,3,9,42,10,22,15,89,8,6,14,103
05/31/2022,JAN,MS,ASO,ES,Combined TRACON& Tower with Radar,41,10,20,46,117,0,5,4,9,18,41,15,24,55,135,8,74,82,217
06/01/2022,JAN,MS,ASO,ES,Combined TRACON& Tower with Radar,39,11,19,24,93,1,1,5,1,8,40,12,24,25,101,0,44,44,145
06/02/2022,JAN,MS,ASO,ES,Combined TRACON& Tower with Radar,46,18,18,6,88,0,0,2,3,5,46,18,20,9,93,0,18,18,111
06/03/2022,JAN,MS,ASO,ES,Combined TRACON& Tower with Radar,42,15,14,24,95,0,1,2,0,3,42,16,16,24,98,4,8,12,110
06/04/2022,JAN,MS,ASO,ES,Combined TRACON& Tower with Radar,27,20,13,10,70,0,0,7,0,7,27,20,20,10,77,4,10,14,91
06/05/2022,JAN,MS,ASO,ES,Combined TRACON& Tower with Radar,43,16,4,8,71,0,2,1,1,4,43,18,5,9,75,0,0,0,75
06/06/2022,JAN,MS,ASO,ES,Combined TRACON& Tower with Radar,42,20,23,10,95,0,7,1,0,8,42,27,24,10,103,0,6,6,109
06/07/2022,JAN,MS,ASO,ES,Combined TRACON& Tower with Radar,39,18,28,20,105,0,2,7,3,12,39,20,35,23,117,0,12,12,129
06/08/2022,JAN,MS,ASO,ES,Combined TRACON& Tower with Radar,41,24,27,19,111,0,4,1,1,6,41,28,28,20,117,0,44,44,161
06/09/2022,JAN,MS,ASO,ES,Combined TRACON& Tower with Radar,44,17,36,26,123,0,2,7,1,10,44,19,43,27,133,12,16,28,161
06/10/2022,JAN,MS,ASO,ES,Combined TRACON& Tower with Radar,43,17,13,1,74,0,0,3,0,3,43,17,16,1,77,0,0,0,77
06/11/2022,JAN,MS,ASO,ES,Combined TRACON& Tower with Radar,33,23,10,2,68,0,1,0,0,1,33,24,10,2,69,14,0,14,83
06/12/2022,JAN,MS,ASO,ES,Combined TRACON& Tower with Radar,41,17,11,12,81,0,0,4,2,6,41,17,15,14,87,0,0,0,87
06/13/2022,JAN,MS,ASO,ES,Combined TRACON& Tower with Radar,43,16,32,14,105,0,0,3,4,7,43,16,35,18,112,0,0,0,112
06/14/2022,JAN,MS,ASO,ES,Combined TRACON& Tower with Radar,41,20,23,40,124,0,2,5,7,14,41,22,28,47,138,0,92,92,230
06/15/2022,JAN,MS,ASO,ES,Combined TRACON& Tower with Radar,39,24,35,50,148,0,4,3,3,10,39,28,38,53,158,0,64,64,222
06/16/2022,JAN,MS,ASO,ES,Combined TRACON& Tower with Radar,40,18,29,39,126,0,1,6,1,8,40,19,35,40,134,2,86,88,222
06/17/2022,JAN,MS,ASO,ES,Combined TRACON& Tower with Radar,40,25,22,30,117,0,2,8,3,13,40,27,30,33,130,6,84,90,220
06/18/2022,JAN,MS,ASO,ES,Combined TRACON& Tower with Radar,30,19,13,1,63,0,1,2,0,3,30,20,15,1,66,0,0,0,66
06/19/2022,JAN,MS,ASO,ES,Combined TRACON& Tower with Radar,45,15,13,0,73,0,2,3,0,5,45,17,16,0,78,0,0,0,78
06/20/2022,JAN,MS,ASO,ES,Combined TRACON& Tower with Radar,43,21,32,0,96,0,1,6,0,7,43,22,38,0,103,0,0,0,103
06/21/2022,JAN,MS,ASO,ES,Combined TRACON& Tower with Radar,41,24,28,31,124,0,4,17,9,30,41,28,45,40,154,10,108,118,272
06/22/2022,JAN,MS,ASO,ES,Combined TRACON& Tower with Radar,39,22,32,35,128,0,5,5,10,20,39,27,37,45,148,0,156,156,304
06/23/2022,JAN,MS,ASO,ES,Combined TRACON& Tower with Radar,43,19,32,40,134,0,1,10,12,23,43,20,42,52,157,22,196,218,375
06/24/2022,JAN,MS,ASO,ES,Combined TRACON& Tower with Radar,44,23,25,22,114,0,4,4,4,12,44,27,29,26,126,2,44,46,172
06/25/2022,JAN,MS,ASO,ES,Combined TRACON& Tower with Radar,29,25,17,1,72,0,6,3,6,15,29,31,20,7,87,0,6,6,93
06/26/2022,JAN,MS,ASO,ES,Combined TRACON& Tower with Radar,40,14,14,7,75,0,1,3,0,4,40,15,17,7,79,2,0,2,81
06/27/2022,JAN,MS,ASO,ES,Combined TRACON& Tower with Radar,47,25,35,17,124,0,1,4,0,5,47,26,39,17,129,2,30,32,161
06/28/2022,JAN,MS,ASO,ES,Combined TRACON& Tower with Radar,46,19,18,31,114,0,0,8,8,16,46,19,26,39,130,14,141,155,285
06/29/2022,JAN,MS,ASO,ES,Combined TRACON& Tower with Radar,40,38,25,30,133,0,1,6,3,10,40,39,31,33,143,4,64,68,211
06/30/2022,JAN,MS,ASO,ES,Combined TRACON& Tower with Radar,43,19,22,9,93,0,2,1,2,5,43,21,23,11,98,0,86,86,184
07/01/2022,JAN,MS,ASO,ES,Combined TRACON& Tower with Radar,38,24,30,11,103,1,1,0,1,3,39,25,30,12,106,0,6,6,112
07/02/2022,JAN,MS,ASO,ES,Combined TRACON& Tower with Radar,31,10,9,1,51,0,3,2,0,5,31,13,11,1,56,0,0,0,56
07/03/2022,JAN,MS,ASO,ES,Combined TRACON& Tower with Radar,37,5,3,0,45,0,0,4,1,5,37,5,7,1,50,0,0,0,50
07/04/2022,JAN,MS,ASO,ES,Combined TRACON& Tower with Radar,35,8,10,0,53,0,1,1,0,2,35,9,11,0,55,2,0,2,57
07/05/2022,JAN,MS,ASO,ES,Combined TRACON& Tower with Radar,36,14,23,14,87,0,2,1,3,6,36,16,24,17,93,0,30,30,123
07/06/2022,JAN,MS,ASO,ES,Combined TRACON& Tower with Radar,37,17,13,40,107,0,0,2,2,4,37,17,15,42,111,0,68,68,179
07/07/2022,JAN,MS,ASO,ES,Combined TRACON& Tower with Radar,40,24,18,31,113,0,2,5,1,8,40,26,23,32,121,42,102,144,265
07/08/2022,JAN,MS,ASO,ES,Combined TRACON& Tower with Radar,40,25,14,60,139,0,4,3,4,11,40,29,17,64,150,8,178,186,336
07/09/2022,JAN,MS,ASO,ES,Combined TRACON& Tower with Radar,28,12,8,6,54,0,2,4,0,6,28,14,12,6,60,6,2,8,68
07/10/2022,JAN,MS,ASO,ES,Combined TRACON& Tower with Radar,38,10,16,13,77,0,3,2,0,5,38,13,18,13,82,0,8,8,90
07/11/2022,JAN,MS,ASO,ES,Combined TRACON& Tower with Radar,44,21,24,56,145,0,4,5,1,10,44,25,29,57,155,6,112,118,273
07/12/2022,JAN,MS,ASO,ES,Combined TRACON& Tower with Radar,48,12,17,58,135,0,1,2,14,17,48,13,19,72,152,4,160,164,316
07/13/2022,JAN,MS,ASO,ES,Combined TRACON& Tower with Radar,41,12,19,30,102,0,4,4,3,11,41,16,23,33,113,4,86,90,203
07/14/2022,JAN,MS,ASO,ES,Combined TRACON& Tower with Radar,41,12,28,11,92,0,1,4,1,6,41,13,32,12,98,2,8,10,108
07/15/2022,JAN,MS,ASO,ES,Combined TRACON& Tower with Radar,40,15,17,28,100,0,0,3,2,5,40,15,20,30,105,4,50,54,159
07/16/2022,JAN,MS,ASO,ES,Combined TRACON& Tower with Radar,30,14,7,2,53,0,1,4,0,5,30,15,11,2,58,2,0,2,60
07/17/2022,JAN,MS,ASO,ES,Combined TRACON& Tower with Radar,36,10,12,8,66,0,0,2,0,2,36,10,14,8,68,16,0,16,84
07/18/2022,JAN,MS,ASO,ES,Combined TRACON& Tower with Radar,38,22,12,70,142,0,2,3,7,12,38,24,15,77,154,2,62,64,218
07/19/2022,JAN,MS,ASO,ES,Combined TRACON& Tower with Radar,39,30,27,60,156,0,3,8,4,15,39,33,35,64,171,10,116,126,297
07/20/2022,JAN,MS,ASO,ES,Combined TRACON& Tower with Radar,38,23,20,53,134,0,2,7,4,13,38,25,27,57,147,0,120,120,267
07/21/2022,JAN,MS,ASO,ES,Combined TRACON& Tower with Radar,39,15,13,24,91,0,2,0,3,5,39,17,13,27,96,0,80,80,176
07/22/2022,JAN,MS,ASO,ES,Combined TRACON& Tower with Radar,45,16,19,10,90,0,2,1,1,4,45,18,20,11,94,2,56,58,152
07/23/2022,JAN,MS,ASO,ES,Combined TRACON& Tower with Radar,27,14,12,2,55,0,0,1,0,1,27,14,13,2,56,0,0,0,56
07/24/2022,JAN,MS,ASO,ES,Combined TRACON& Tower with Radar,40,10,18,2,70,0,3,5,0,8,40,13,23,2,78,34,0,34,112
07/25/2022,JAN,MS,ASO,ES,Combined TRACON& Tower with Radar,44,8,25,31,108,0,7,5,8,20,44,15,30,39,128,2,138,140,268
07/26/2022,JAN,MS,ASO,ES,Combined TRACON& Tower with Radar,36,12,22,38,108,0,2,5,4,11,36,14,27,42,119,0,4,4,123
07/27/2022,JAN,MS,ASO,ES,Combined TRACON& Tower with Radar,38,29,34,34,135,0,2,2,2,6,38,31,36,36,141,24,80,104,245
07/28/2022,JAN,MS,ASO,ES,Combined TRACON& Tower with Radar,41,15,31,10,97,0,3,3,4,10,41,18,34,14,107,12,34,46,153
07/29/2022,JAN,MS,ASO,ES,Combined TRACON& Tower with Radar,39,14,13,16,82,0,0,2,2,4,39,14,15,18,86,6,28,34,120
07/30/2022,JAN,MS,ASO,ES,Combined TRACON& Tower with Radar,26,10,12,0,48,0,1,5,0,6,26,11,17,0,54,2,0,2,56
07/31/2022,JAN,MS,ASO,ES,Combined TRACON& Tower with Radar,39,14,10,11,74,0,5,1,1,7,39,19,11,12,81,2,4,6,87
08/01/2022,JAN,MS,ASO,ES,Combined TRACON& Tower with Radar,41,18,17,31,107,0,2,6,10,18,41,20,23,41,125,4,122,126,251
08/02/2022,JAN,MS,ASO,ES,Combined TRACON& Tower with Radar,37,18,7,7,69,0,0,7,0,7,37,18,14,7,76,0,0,0,76
08/03/2022,JAN,MS,ASO,ES,Combined TRACON& Tower with Radar,38,25,25,12,100,0,1,5,1,7,38,26,30,13,107,4,18,22,129
08/04/2022,JAN,MS,ASO,ES,Combined TRACON& Tower with Radar,38,15,23,5,81,0,5,2,6,13,38,20,25,11,94,2,26,28,122
08/05/2022,JAN,MS,ASO,ES,Combined TRACON& Tower with Radar,44,10,14,15,83,0,2,4,2,8,44,12,18,17,91,0,34,34,125
08/06/2022,JAN,MS,ASO,ES,Combined TRACON& Tower with Radar,25,12,5,0,42,0,1,4,0,5,25,13,9,0,47,0,0,0,47
08/07/2022,JAN,MS,ASO,ES,Combined TRACON& Tower with Radar,40,15,15,7,77,0,4,1,0,5,40,19,16,7,82,0,0,0,82
08/08/2022,JAN,MS,ASO,ES,Combined TRACON& Tower with Radar,45,12,20,31,108,0,0,2,5,7,45,12,22,36,115,6,46,52,167
08/09/2022,JAN,MS,ASO,ES,Combined TRACON& Tower with Radar,40,13,24,13,90,0,2,0,1,3,40,15,24,14,93,0,14,14,107
08/10/2022,JAN,MS,ASO,ES,Combined TRACON& Tower with Radar,38,14,27,4,83,0,0,5,1,6,38,14,32,5,89,2,0,2,91
08/11/2022,JAN,MS,ASO,ES,Combined TRACON& Tower with Radar,41,14,30,31,116,0,2,5,2,9,41,16,35,33,125,0,8,8,133
08/12/2022,JAN,MS,ASO,ES,Combined TRACON& Tower with Radar,45,12,7,13,77,0,4,4,1,9,45,16,11,14,86,0,16,16,102
08/13/2022,JAN,MS,ASO,ES,Combined TRACON& Tower with Radar,30,15,12,0,57,0,2,6,1,9,30,17,18,1,66,28,0,28,94
08/14/2022,JAN,MS,ASO,ES,Combined TRACON& Tower with Radar,41,20,18,3,82,0,0,9,2,11,41,20,27,5,93,4,2,6,99
08/15/2022,JAN,MS,ASO,ES,Combined TRACON& Tower with Radar,43,10,14,64,131,0,8,7,7,22,43,18,21,71,153,16,136,152,305
08/16/2022,JAN,MS,ASO,ES,Combined TRACON& Tower with Radar,45,14,18,25,102,0,2,2,2,6,45,16,20,27,108,0,56,56,164
08/17/2022,JAN,MS,ASO,ES,Combined TRACON& Tower with Radar,41,17,17,32,107,0,0,2,7,9,41,17,19,39,116,2,28,30,146
08/18/2022,JAN,MS,ASO,ES,Combined TRACON& Tower with Radar,45,13,17,8,83,0,3,0,0,3,45,16,17,8,86,0,0,0,86
08/19/2022,JAN,MS,ASO,ES,Combined TRACON& Tower with Radar,45,11,21,15,92,0,0,2,1,3,45,11,23,16,95,6,0,6,101
08/20/2022,JAN,MS,ASO,ES,Combined TRACON& Tower with Radar,35,15,16,9,75,0,1,2,0,3,35,16,18,9,78,10,2,12,90
08/21/2022,JAN,MS,ASO,ES,Combined TRACON& Tower with Radar,39,6,16,4,65,0,0,1,0,1,39,6,17,4,66,6,0,6,72
08/22/2022,JAN,MS,ASO,ES,Combined TRACON& Tower with Radar,40,11,10,0,61,0,0,0,0,0,40,11,10,0,61,0,0,0,61
08/23/2022,JAN,MS,ASO,ES,Combined TRACON& Tower with Radar,38,14,14,9,75,0,0,0,0,0,38,14,14,9,75,0,0,0,75
08/24/2022,JAN,MS,ASO,ES,Combined TRACON& Tower with Radar,46,17,16,3,82,0,0,0,0,0,46,17,16,3,82,0,0,0,82
08/25/2022,JAN,MS,ASO,ES,Combined TRACON& Tower with Radar,52,11,13,9,85,0,0,2,0,2,52,11,15,9,87,0,2,2,89
08/26/2022,JAN,MS,ASO,ES,Combined TRACON& Tower with Radar,46,9,21,25,101,0,1,2,0,3,46,10,23,25,104,6,10,16,120
08/27/2022,JAN,MS,ASO,ES,Combined TRACON& Tower with Radar,37,8,12,1,58,0,2,2,0,4,37,10,14,1,62,4,6,10,72
08/28/2022,JAN,MS,ASO,ES,Combined TRACON& Tower with Radar,44,7,3,0,54,0,1,4,0,5,44,8,7,0,59,0,2,2,61
08/29/2022,JAN,MS,ASO,ES,Combined TRACON& Tower with Radar,45,17,20,32,114,0,4,6,5,15,45,21,26,37,129,8,118,126,255
08/30/2022,JAN,MS,ASO,ES,Combined TRACON& Tower with Radar,45,18,16,30,109,0,0,8,2,10,45,18,24,32,119,4,54,58,177
08/31/2022,JAN,MS,ASO,ES,Combined TRACON& Tower with Radar,48,12,28,49,137,0,8,13,3,24,48,20,41,52,161,8,104,112,273
09/01/2022,JAN,MS,ASO,ES,Combined TRACON& Tower with Radar,50,14,10,65,139,0,3,6,8,17,50,17,16,73,156,6,138,144,300
09/02/2022,JAN,MS,ASO,ES,Combined TRACON& Tower with Radar,48,10,8,6,72,0,1,4,0,5,48,11,12,6,77,12,0,12,89
09/03/2022,JAN,MS,ASO,ES,Combined TRACON& Tower with Radar,30,5,9,1,45,0,3,4,2,9,30,8,13,3,54,0,0,0,54
09/04/2022,JAN,MS,ASO,ES,Combined TRACON& Tower with Radar,30,5,6,6,47,0,3,1,0,4,30,8,7,6,51,0,6,6,57
09/05/2022,JAN,MS,ASO,ES,Combined TRACON& Tower with Radar,51,13,17,0,81,0,1,2,0,3,51,14,19,0,84,6,0,6,90
09/06/2022,JAN,MS,ASO,ES,Combined TRACON& Tower with Radar,42,14,22,40,118,0,0,5,0,5,42,14,27,40,123,0,46,46,169
09/07/2022,JAN,MS,ASO,ES,Combined TRACON& Tower with Radar,39,19,30,52,140,0,1,4,1,6,39,20,34,53,146,4,56,60,206
09/08/2022,JAN,MS,ASO,ES,Combined TRACON& Tower with Radar,43,22,19,22,106,0,0,1,2,3,43,22,20,24,109,6,74,80,189
09/09/2022,JAN,MS,ASO,ES,Combined TRACON& Tower with Radar,46,17,28,39,130,0,0,2,4,6,46,17,30,43,136,0,100,100,236
09/10/2022,JAN,MS,ASO,ES,Combined TRACON& Tower with Radar,36,15,16,11,78,0,0,1,0,1,36,15,17,11,79,0,0,0,79
09/11/2022,JAN,MS,ASO,ES,Combined TRACON& Tower with Radar,40,32,18,4,94,0,0,3,0,3,40,32,21,4,97,0,0,0,97
09/12/2022,JAN,MS,ASO,ES,Combined TRACON& Tower with Radar,44,15,25,61,145,0,5,5,5,15,44,20,30,66,160,0,0,0,160
09/13/2022,JAN,MS,ASO,ES,Combined TRACON& Tower with Radar,39,27,20,35,121,0,5,4,4,13,39,32,24,39,134,0,104,104,238
09/14/2022,JAN,MS,ASO,ES,Combined TRACON& Tower with Radar,41,19,22,58,140,0,7,6,16,29,41,26,28,74,169,8,124,132,301
09/15/2022,JAN,MS,ASO,ES,Combined TRACON& Tower with Radar,44,39,24,48,155,0,1,7,10,18,44,40,31,58,173,2,124,126,299
09/16/2022,JAN,MS,ASO,ES,Combined TRACON& Tower with Radar,45,23,23,40,131,0,7,10,5,22,45,30,33,45,153,16,132,148,301
09/17/2022,JAN,MS,ASO,ES,Combined TRACON& Tower with Radar,34,13,7,3,57,0,0,5,1,6,34,13,12,4,63,2,0,2,65
09/18/2022,JAN,MS,ASO,ES,Combined TRACON& Tower with Radar,41,13,12,18,84,0,4,5,6,15,41,17,17,24,99,10,26,36,135
09/19/2022,JAN,MS,ASO,ES,Combined TRACON& Tower with Radar,44,14,33,40,131,0,3,11,5,19,44,17,44,45,150,2,96,98,248
09/20/2022,JAN,MS,ASO,ES,Combined TRACON& Tower with Radar,45,34,23,35,137,0,2,10,3,15,45,36,33,38,152,16,76,92,244
09/21/2022,JAN,MS,ASO,ES,Combined TRACON& Tower with Radar,50,19,31,45,145,0,1,6,6,13,50,20,37,51,158,0,84,84,242
09/22/2022,JAN,MS,ASO,ES,Combined TRACON& Tower with Radar,45,17,26,34,122,0,3,4,11,18,45,20,30,45,140,8,86,94,234
09/23/2022,JAN,MS,ASO,ES,Combined TRACON& Tower with Radar,46,12,28,41,127,0,1,5,5,11,46,13,33,46,138,4,50,54,192
09/24/2022,JAN,MS,ASO,ES,Combined TRACON& Tower with Radar,35,9,12,6,62,0,4,6,1,11,35,13,18,7,73,8,4,12,85
09/25/2022,JAN,MS,ASO,ES,Combined TRACON& Tower with Radar,42,9,13,8,72,0,1,6,5,12,42,10,19,13,84,20,0,20,104
09/26/2022,JAN,MS,ASO,ES,Combined TRACON& Tower with Radar,43,29,34,29,135,0,2,4,2,8,43,31,38,31,143,2,34,36,179
09/27/2022,JAN,MS,ASO,ES,Combined TRACON& Tower with Radar,41,28,30,66,165,0,2,13,13,28,41,30,43,79,193,8,82,90,283
09/28/2022,JAN,MS,ASO,ES,Combined TRACON& Tower with Radar,49,32,27,64,172,0,4,4,7,15,49,36,31,71,187,4,104,108,295
09/29/2022,JAN,MS,ASO,ES,Combined TRACON& Tower with Radar,43,28,24,104,199,0,1,7,9,17,43,29,31,113,216,2,128,130,346
09/30/2022,JAN,MS,ASO,ES,Combined TRACON& Tower with Radar,41,30,13,50,134,0,2,1,3,6,41,32,14,53,140,8,64,72,212
10/01/2022,JAN,MS,ASO,ES,Combined TRACON& Tower with Radar,33,9,7,9,58,0,2,5,1,8,33,11,12,10,66,10,8,18,84
10/02/2022,JAN,MS,ASO,ES,Combined TRACON& Tower with Radar,43,20,14,7,84,0,3,2,0,5,43,23,16,7,89,2,4,6,95
10/03/2022,JAN,MS,ASO,ES,Combined TRACON& Tower with Radar,44,21,17,21,103,0,3,3,2,8,44,24,20,23,111,2,34,36,147
10/04/2022,JAN,MS,ASO,ES,Combined TRACON& Tower with Radar,40,19,22,73,154,0,1,4,2,7,40,20,26,75,161,16,116,132,293
10/05/2022,JAN,MS,ASO,ES,Combined TRACON& Tower with Radar,39,19,20,33,111,0,2,4,3,9,39,21,24,36,120,4,58,62,182
10/06/2022,JAN,MS,ASO,ES,Combined TRACON& Tower with Radar,44,32,17,22,115,0,3,5,6,14,44,35,22,28,129,0,22,22,151
10/07/2022,JAN,MS,ASO,ES,Combined TRACON& Tower with Radar,45,19,29,29,122,0,3,6,3,12,45,22,35,32,134,2,48,50,184
10/08/2022,JAN,MS,ASO,ES,Combined TRACON& Tower with Radar,38,15,10,0,63,0,0,1,0,1,38,15,11,0,64,6,0,6,70
10/09/2022,JAN,MS,ASO,ES,Combined TRACON& Tower with Radar,43,22,9,9,83,0,2,0,0,2,43,24,9,9,85,12,4,16,101
10/10/2022,JAN,MS,ASO,ES,Combined TRACON& Tower with Radar,46,15,21,1,83,0,0,3,1,4,46,15,24,2,87,8,0,8,95
10/11/2022,JAN,MS,ASO,ES,Combined TRACON& Tower with Radar,43,16,29,22,110,0,1,3,4,8,43,17,32,26,118,2,50,52,170
10/12/2022,JAN,MS,ASO,ES,Combined TRACON& Tower with Radar,43,13,15,38,109,0,1,2,5,8,43,14,17,43,117,0,40,40,157
10/13/2022,JAN,MS,ASO,ES,Combined TRACON& Tower with Radar,46,25,20,45,136,0,5,13,13,31,46,30,33,58,167,0,76,76,243
10/14/2022,JAN,MS,ASO,ES,Combined TRACON& Tower with Radar,47,19,13,55,134,0,5,4,16,25,47,24,17,71,159,6,0,6,165
10/15/2022,JAN,MS,ASO,ES,Combined TRACON& Tower with Radar,38,7,10,0,55,0,2,3,0,5,38,9,13,0,60,4,84,88,148
10/16/2022,JAN,MS,ASO,ES,Combined TRACON& Tower with Radar,43,14,16,3,76,0,6,5,0,11,43,20,21,3,87,22,0,22,109
10/17/2022,JAN,MS,ASO,ES,Combined TRACON& Tower with Radar,40,17,21,14,92,0,3,2,0,5,40,20,23,14,97,22,20,42,139
10/18/2022,JAN,MS,ASO,ES,Combined TRACON& Tower with Radar,44,23,31,72,170,0,1,5,13,19,44,24,36,85,189,4,44,48,237
10/19/2022,JAN,MS,ASO,ES,Combined TRACON& Tower with Radar,44,27,27,37,135,0,4,6,9,19,44,31,33,46,154,22,46,68,222
10/20/2022,JAN,MS,ASO,ES,Combined TRACON& Tower with Radar,46,20,28,24,118,0,2,4,5,11,46,22,32,29,129,4,12,16,145
10/21/2022,JAN,MS,ASO,ES,Combined TRACON& Tower with Radar,46,27,22,4,99,0,3,3,3,9,46,30,25,7,108,4,14,18,126
10/22/2022,JAN,MS,ASO,ES,Combined TRACON& Tower with Radar,39,16,7,2,64,0,4,5,0,9,39,20,12,2,73,8,4,12,85
10/23/2022,JAN,MS,ASO,ES,Combined TRACON& Tower with Radar,41,11,13,2,67,0,3,7,0,10,41,14,20,2,77,8,2,10,87
10/24/2022,JAN,MS,ASO,ES,Combined TRACON& Tower with Radar,42,24,26,23,115,0,2,8,8,18,42,26,34,31,133,6,60,66,199
10/25/2022,JAN,MS,ASO,ES,Combined TRACON& Tower with Radar,45,12,27,14,98,0,2,0,1,3,45,14,27,15,101,2,0,2,103
10/26/2022,JAN,MS,ASO,ES,Combined TRACON& Tower with Radar,45,18,34,43,140,0,3,5,20,28,45,21,39,63,168,2,132,134,302
10/27/2022,JAN,MS,ASO,ES,Combined TRACON& Tower with Radar,43,32,25,10,110,0,5,4,4,13,43,37,29,14,123,0,40,40,163
10/28/2022,JAN,MS,ASO,ES,Combined TRACON& Tower with Radar,42,34,31,41,148,0,3,4,7,14,42,37,35,48,162,2,0,2,164
10/29/2022,JAN,MS,ASO,ES,Combined TRACON& Tower with Radar,33,22,5,0,60,0,0,0,0,0,33,22,5,0,60,0,0,0,60
10/30/2022,JAN,MS,ASO,ES,Combined TRACON& Tower with Radar,42,17,15,3,77,0,0,8,1,9,42,17,23,4,86,4,2,6,92
10/31/2022,JAN,MS,ASO,ES,Combined TRACON& Tower with Radar,36,14,30,62,142,0,4,8,1,13,36,18,38,63,155,24,100,124,279
11/01/2022,JAN,MS,ASO,ES,Combined TRACON& Tower with Radar,44,17,23,41,125,0,5,5,2,12,44,22,28,43,137,6,58,64,201
11/02/2022,JAN,MS,ASO,ES,Combined TRACON& Tower with Radar,43,36,22,36,137,0,11,4,21,36,43,47,26,57,173,2,58,60,233
11/03/2022,JAN,MS,ASO,ES,Combined TRACON& Tower with Radar,44,30,23,52,149,0,4,7,6,17,44,34,30,58,166,2,28,30,196
11/04/2022,JAN,MS,ASO,ES,Combined TRACON& Tower with Radar,44,14,12,44,114,0,1,2,0,3,44,15,14,44,117,0,22,22,139
11/05/2022,JAN,MS,ASO,ES,Combined TRACON& Tower with Radar,32,7,5,0,44,0,0,1,0,1,32,7,6,0,45,0,0,0,45
11/06/2022,JAN,MS,ASO,ES,Combined TRACON& Tower with Radar,40,15,19,18,92,0,2,0,6,8,40,17,19,24,100,8,80,88,188
11/07/2022,JAN,MS,ASO,ES,Combined TRACON& Tower with Radar,43,12,24,34,113,0,3,3,5,11,43,15,27,39,124,2,58,60,184
11/08/2022,JAN,MS,ASO,ES,Combined TRACON& Tower with Radar,42,18,29,48,137,0,1,3,7,11,42,19,32,55,148,2,54,56,204
11/09/2022,JAN,MS,ASO,ES,Combined TRACON& Tower with Radar,43,35,33,30,141,0,2,5,11,18,43,37,38,41,159,8,94,102,261
11/10/2022,JAN,MS,ASO,ES,Combined TRACON& Tower with Radar,41,20,31,43,135,0,2,5,12,19,41,22,36,55,154,2,44,46,200
11/11/2022,JAN,MS,ASO,ES,Combined TRACON& Tower with Radar,44,20,16,6,86,0,5,6,1,12,44,25,22,7,98,4,6,10,108
11/12/2022,JAN,MS,ASO,ES,Combined TRACON& Tower with Radar,40,8,2,16,66,0,2,0,0,2,40,10,2,16,68,2,12,14,82
11/13/2022,JAN,MS,ASO,ES,Combined TRACON& Tower with Radar,45,20,12,0,77,0,0,6,0,6,45,20,18,0,83,6,4,10,93
11/14/2022,JAN,MS,ASO,ES,Combined TRACON& Tower with Radar,42,25,14,11,92,0,4,0,0,4,42,29,14,11,96,0,26,26,122
11/15/2022,JAN,MS,ASO,ES,Combined TRACON& Tower with Radar,43,37,14,87,181,0,0,0,1,1,43,37,14,88,182,0,40,40,222
11/16/2022,JAN,MS,ASO,ES,Combined TRACON& Tower with Radar,47,23,34,70,174,0,2,2,3,7,47,25,36,73,181,2,56,58,239
11/17/2022,JAN,MS,ASO,ES,Combined TRACON& Tower with Radar,43,35,42,91,211,0,1,4,18,23,43,36,46,109,234,12,88,100,334
11/18/2022,JAN,MS,ASO,ES,Combined TRACON& Tower with Radar,48,20,24,14,106,0,2,1,0,3,48,22,25,14,109,22,6,28,137
11/19/2022,JAN,MS,ASO,ES,Combined TRACON& Tower with Radar,34,14,21,13,82,0,0,10,2,12,34,14,31,15,94,0,0,0,94
11/20/2022,JAN,MS,ASO,ES,Combined TRACON& Tower with Radar,46,12,12,1,71,0,1,8,0,9,46,13,20,1,80,16,16,32,112
11/21/2022,JAN,MS,ASO,ES,Combined TRACON& Tower with Radar,42,24,13,24,103,0,5,5,5,15,42,29,18,29,118,4,68,72,190
11/22/2022,JAN,MS,ASO,ES,Combined TRACON& Tower with Radar,44,39,18,57,158,0,0,10,10,20,44,39,28,67,178,0,0,0,178
11/23/2022,JAN,MS,ASO,ES,Combined TRACON& Tower with Radar,44,26,10,40,120,0,1,9,3,13,44,27,19,43,133,0,0,0,133
11/24/2022,JAN,MS,ASO,ES,Combined TRACON& Tower with Radar,25,8,1,1,35,0,0,0,0,0,25,8,1,1,35,0,0,0,35
11/25/2022,JAN,MS,ASO,ES,Combined TRACON& Tower with Radar,40,15,14,0,69,0,0,0,0,0,40,15,14,0,69,0,0,0,69
11/26/2022,JAN,MS,ASO,ES,Combined TRACON& Tower with Radar,41,15,6,0,62,0,0,0,0,0,41,15,6,0,62,0,94,94,156
11/27/2022,JAN,MS,ASO,ES,Combined TRACON& Tower with Radar,46,14,17,0,77,0,1,1,0,2,46,15,18,0,79,0,0,0,79
11/28/2022,JAN,MS,ASO,ES,Combined TRACON& Tower with Radar,43,14,34,24,115,0,1,14,4,19,43,15,48,28,134,0,102,102,236
11/29/2022,JAN,MS,ASO,ES,Combined TRACON& Tower with Radar,43,9,7,9,68,0,1,0,1,2,43,10,7,10,70,0,6,6,76
11/30/2022,JAN,MS,ASO,ES,Combined TRACON& Tower with Radar,43,11,25,44,123,0,5,3,4,12,43,16,28,48,135,0,14,14,149
12/01/2022,JAN,MS,ASO,ES,Combined TRACON& Tower with Radar,41,19,16,59,135,0,4,4,4,12,41,23,20,63,147,0,48,48,195
12/02/2022,JAN,MS,ASO,ES,Combined TRACON& Tower with Radar,40,13,17,40,110,0,3,3,11,17,40,16,20,51,127,0,40,40,167
12/03/2022,JAN,MS,ASO,ES,Combined TRACON& Tower with Radar,34,16,11,12,73,0,0,2,0,2,34,16,13,12,75,2,0,2,77
12/04/2022,JAN,MS,ASO,ES,Combined TRACON& Tower with Radar,38,9,14,18,79,0,1,1,1,3,38,10,15,19,82,4,8,12,94
12/05/2022,JAN,MS,ASO,ES,Combined TRACON& Tower with Radar,42,18,22,44,126,0,0,4,0,4,42,18,26,44,130,0,0,0,130
12/06/2022,JAN,MS,ASO,ES,Combined TRACON& Tower with Radar,38,27,23,60,148,0,6,4,10,20,38,33,27,70,168,0,86,86,254
12/07/2022,JAN,MS,ASO,ES,Combined TRACON& Tower with Radar,45,19,15,103,182,0,3,6,7,16,45,22,21,110,198,2,18,20,218
12/08/2022,JAN,MS,ASO,ES,Combined TRACON& Tower with Radar,42,34,31,86,193,0,14,1,1,16,42,48,32,87,209,0,84,84,293
12/09/2022,JAN,MS,ASO,ES,Combined TRACON& Tower with Radar,39,16,35,58,148,0,1,3,0,4,39,17,38,58,152,24,54,78,230
12/10/2022,JAN,MS,ASO,ES,Combined TRACON& Tower with Radar,36,8,19,10,73,0,0,2,0,2,36,8,21,10,75,0,0,0,75
12/11/2022,JAN,MS,ASO,ES,Combined TRACON& Tower with Radar,43,26,19,4,92,0,0,1,0,1,43,26,20,4,93,0,24,24,117
12/12/2022,JAN,MS,ASO,ES,Combined TRACON& Tower with Radar,41,35,30,1,107,0,0,0,0,0,41,35,30,1,107,2,2,4,111
12/13/2022,JAN,MS,ASO,ES,Combined TRACON& Tower with Radar,43,25,23,18,109,0,0,0,0,0,43,25,23,18,109,0,0,0,109
12/14/2022,JAN,MS,ASO,ES,Combined TRACON& Tower with Radar,52,10,20,6,88,0,0,1,0,1,52,10,21,6,89,2,106,108,197
12/15/2022,JAN,MS,ASO,ES,Combined TRACON& Tower with Radar,44,44,13,59,160,0,5,7,15,27,44,49,20,74,187,2,130,132,319
12/16/2022,JAN,MS,ASO,ES,Combined TRACON& Tower with Radar,43,15,18,38,114,0,1,5,4,10,43,16,23,42,124,16,18,34,158
12/17/2022,JAN,MS,ASO,ES,Combined TRACON& Tower with Radar,38,8,10,11,67,0,1,1,3,5,38,9,11,14,72,0,8,8,80
12/18/2022,JAN,MS,ASO,ES,Combined TRACON& Tower with Radar,44,13,17,11,85,0,0,7,1,8,44,13,24,12,93,14,4,18,111
12/19/2022,JAN,MS,ASO,ES,Combined TRACON& Tower with Radar,42,13,17,6,78,0,0,0,1,1,42,13,17,7,79,0,50,50,129
12/20/2022,JAN,MS,ASO,ES,Combined TRACON& Tower with Radar,47,12,21,5,85,0,0,0,0,0,47,12,21,5,85,0,0,0,85
12/21/2022,JAN,MS,ASO,ES,Combined TRACON& Tower with Radar,42,12,15,18,87,0,0,0,0,0,42,12,15,18,87,0,0,0,87
12/22/2022,JAN,MS,ASO,ES,Combined TRACON& Tower with Radar,40,18,16,8,82,0,0,0,0,0,40,18,16,8,82,5,2,7,89
12/23/2022,JAN,MS,ASO,ES,Combined TRACON& Tower with Radar,35,14,7,1,57,0,1,3,0,4,35,15,10,1,61,0,0,0,61
12/24/2022,JAN,MS,ASO,ES,Combined TRACON& Tower with Radar,25,9,1,0,35,0,3,4,0,7,25,12,5,0,42,0,0,0,42
12/25/2022,JAN,MS,ASO,ES,Combined TRACON& Tower with Radar,22,9,1,0,32,0,4,6,0,10,22,13,7,0,42,0,0,0,42
12/26/2022,JAN,MS,ASO,ES,Combined TRACON& Tower with Radar,28,9,11,0,48,0,3,3,1,7,28,12,14,1,55,0,0,0,55
12/27/2022,JAN,MS,ASO,ES,Combined TRACON& Tower with Radar,33,11,14,9,67,0,1,6,0,7,33,12,20,9,74,8,8,16,90
12/28/2022,JAN,MS,ASO,ES,Combined TRACON& Tower with Radar,32,15,14,4,65,0,2,6,1,9,32,17,20,5,74,0,4,4,78
12/29/2022,JAN,MS,ASO,ES,Combined TRACON& Tower with Radar,34,17,33,6,90,0,3,2,0,5,34,20,35,6,95,0,0,0,95
12/30/2022,JAN,MS,ASO,ES,Combined TRACON& Tower with Radar,43,9,7,0,59,0,0,0,0,0,43,9,7,0,59,0,0,0,59
12/31/2022,JAN,MS,ASO,ES,Combined TRACON& Tower with Radar,29,6,11,0,46,0,3,1,0,4,29,9,12,0,50,0,0,0,50
01/01/2023,JAN,MS,ASO,ES,Combined TRACON& Tower with Radar,37,7,22,0,66,0,3,0,0,3,37,10,22,0,69,0,0,0,69
01/02/2023,JAN,MS,ASO,ES,Combined TRACON& Tower with Radar,39,20,18,0,77,0,0,1,0,1,39,20,19,0,78,0,0,0,78
01/03/2023,JAN,MS,ASO,ES,Combined TRACON& Tower with Radar,40,18,5,6,69,0,1,0,0,1,40,19,5,6,70,0,0,0,70
01/04/2023,JAN,MS,ASO,ES,Combined TRACON& Tower with Radar,40,27,17,53,137,0,4,10,9,23,40,31,27,62,160,0,52,52,212
01/05/2023,JAN,MS,ASO,ES,Combined TRACON& Tower with Radar,39,19,13,43,114,0,3,6,12,21,39,22,19,55,135,2,56,58,193
01/06/2023,JAN,MS,ASO,ES,Combined TRACON& Tower with Radar,41,15,22,28,106,0,1,11,6,18,41,16,33,34,124,0,102,102,226
01/07/2023,JAN,MS,ASO,ES,Combined TRACON& Tower with Radar,33,6,8,16,63,0,1,5,0,6,33,7,13,16,69,38,0,38,107
01/08/2023,JAN,MS,ASO,ES,Combined TRACON& Tower with Radar,39,6,6,9,60,0,0,0,0,0,39,6,6,9,60,0,0,0,60
01/09/2023,JAN,MS,ASO,ES,Combined TRACON& Tower with Radar,39,9,19,42,109,0,7,5,10,22,39,16,24,52,131,0,54,54,185
01/10/2023,JAN,MS,ASO,ES,Combined TRACON& Tower with Radar,35,20,24,34,113,0,2,5,17,24,35,22,29,51,137,0,0,0,137
01/11/2023,JAN,MS,ASO,ES,Combined TRACON& Tower with Radar,37,7,22,31,97,0,2,1,0,3,37,9,23,31,100,0,26,26,126
01/12/2023,JAN,MS,ASO,ES,Combined TRACON& Tower with Radar,37,18,29,49,133,0,1,4,0,5,37,19,33,49,138,0,0,0,138
01/13/2023,JAN,MS,ASO,ES,Combined TRACON& Tower with Radar,42,14,14,41,111,0,1,4,2,7,42,15,18,43,118,0,0,0,118
01/14/2023,JAN,MS,ASO,ES,Combined TRACON& Tower with Radar,27,9,3,13,52,0,0,10,0,10,27,9,13,13,62,0,0,0,62
01/15/2023,JAN,MS,ASO,ES,Combined TRACON& Tower with Radar,40,9,7,3,59,0,0,5,0,5,40,9,12,3,64,0,0,0,64
01/16/2023,JAN,MS,ASO,ES,Combined TRACON& Tower with Radar,42,12,19,5,78,0,1,6,0,7,42,13,25,5,85,0,0,0,85
01/17/2023,JAN,MS,ASO,ES,Combined TRACON& Tower with Radar,34,13,26,24,97,0,1,3,1,5,34,14,29,25,102,0,0,0,102
01/18/2023,JAN,MS,ASO,ES,Combined TRACON& Tower with Radar,37,15,26,20,98,0,1,0,5,6,37,16,26,25,104,0,0,0,104
01/19/2023,JAN,MS,ASO,ES,Combined TRACON& Tower with Radar,41,9,21,25,96,0,4,9,9,22,41,13,30,34,118,0,12,12,130
01/20/2023,JAN,MS,ASO,ES,Combined TRACON& Tower with Radar,42,15,25,33,115,0,1,3,10,14,42,16,28,43,129,6,71,77,206
01/21/2023,JAN,MS,ASO,ES,Combined TRACON& Tower with Radar,27,5,2,10,44,0,0,0,0,0,27,5,2,10,44,0,0,0,44
01/22/2023,JAN,MS,ASO,ES,Combined TRACON& Tower with Radar,40,7,14,24,85,0,6,3,2,11,40,13,17,26,96,2,0,2,98
01/23/2023,JAN,MS,ASO,ES,Combined TRACON& Tower with Radar,39,18,16,26,99,0,4,3,12,19,39,22,19,38,118,0,45,45,163
01/24/2023,JAN,MS,ASO,ES,Combined TRACON& Tower with Radar,35,9,20,4,68,0,1,0,5,6,35,10,20,9,74,0,7,7,81
01/25/2023,JAN,MS,ASO,ES,Combined TRACON& Tower with Radar,39,18,26,21,104,0,0,0,0,0,39,18,26,21,104,4,16,20,124
01/26/2023,JAN,MS,ASO,ES,Combined TRACON& Tower with Radar,40,19,11,71,141,0,0,6,8,14,40,19,17,79,155,10,50,60,215
01/27/2023,JAN,MS,ASO,ES,Combined TRACON& Tower with Radar,41,14,20,27,102,0,1,6,5,12,41,15,26,32,114,6,30,36,150
01/28/2023,JAN,MS,ASO,ES,Combined TRACON& Tower with Radar,28,8,5,2,43,0,1,4,0,5,28,9,9,2,48,8,0,8,56
01/29/2023,JAN,MS,ASO,ES,Combined TRACON& Tower with Radar,40,11,6,0,57,0,0,0,0,0,40,11,6,0,57,0,0,0,57
01/30/2023,JAN,MS,ASO,ES,Combined TRACON& Tower with Radar,38,11,7,5,61,0,0,0,0,0,38,11,7,5,61,0,0,0,61
01/31/2023,JAN,MS,ASO,ES,Combined TRACON& Tower with Radar,33,9,9,6,57,0,0,0,0,0,33,9,9,6,57,0,0,0,57
02/01/2023,JAN,MS,ASO,ES,Combined TRACON& Tower with Radar,33,13,13,11,70,0,0,0,0,0,33,13,13,11,70,0,0,0,70
02/02/2023,JAN,MS,ASO,ES,Combined TRACON& Tower with Radar,39,9,9,6,63,0,0,0,0,0,39,9,9,6,63,0,0,0,63
02/03/2023,JAN,MS,ASO,ES,Combined TRACON& Tower with Radar,45,17,18,24,104,0,1,8,2,11,45,18,26,26,115,32,5,37,152
02/04/2023,JAN,MS,ASO,ES,Combined TRACON& Tower with Radar,35,7,10,10,62,0,4,7,2,13,35,11,17,12,75,36,0,36,111
02/05/2023,JAN,MS,ASO,ES,Combined TRACON& Tower with Radar,47,13,8,24,92,0,2,13,4,19,47,15,21,28,111,12,2,14,125
02/06/2023,JAN,MS,ASO,ES,Combined TRACON& Tower with Radar,46,16,30,19,111,0,2,15,9,26,46,18,45,28,137,3,95,98,235
02/07/2023,JAN,MS,ASO,ES,Combined TRACON& Tower with Radar,39,14,23,36,112,0,3,5,0,8,39,17,28,36,120,0,77,77,197
02/08/2023,JAN,MS,ASO,ES,Combined TRACON& Tower with Radar,42,29,11,9,91,0,1,0,2,3,42,30,11,11,94,0,16,16,110
02/09/2023,JAN,MS,ASO,ES,Combined TRACON& Tower with Radar,45,26,30,47,148,0,1,10,15,26,45,27,40,62,174,0,64,64,238
02/10/2023,JAN,MS,ASO,ES,Combined TRACON& Tower with Radar,44,14,21,32,111,0,1,9,3,13,44,15,30,35,124,0,30,30,154
02/11/2023,JAN,MS,ASO,ES,Combined TRACON& Tower with Radar,36,11,11,0,58,0,0,6,0,6,36,11,17,0,64,2,0,2,66
02/12/2023,JAN,MS,ASO,ES,Combined TRACON& Tower with Radar,40,18,13,9,80,0,2,6,5,13,40,20,19,14,93,0,0,0,93
02/13/2023,JAN,MS,ASO,ES,Combined TRACON& Tower with Radar,43,14,34,25,116,0,0,15,6,21,43,14,49,31,137,0,31,31,168
02/14/2023,JAN,MS,ASO,ES,Combined TRACON& Tower with Radar,39,15,15,48,117,0,0,6,9,15,39,15,21,57,132,10,8,18,150
02/15/2023,JAN,MS,ASO,ES,Combined TRACON& Tower with Radar,42,13,15,22,92,0,2,5,1,8,42,15,20,23,100,0,20,20,120
02/16/2023,JAN,MS,ASO,ES,Combined TRACON& Tower with Radar,43,13,6,2,64,0,0,0,0,0,43,13,6,2,64,0,0,0,64
02/17/2023,JAN,MS,ASO,ES,Combined TRACON& Tower with Radar,45,20,14,39,118,0,3,5,2,10,45,23,19,41,128,8,45,53,181
02/18/2023,JAN,MS,ASO,ES,Combined TRACON& Tower with Radar,32,12,16,0,60,0,4,4,0,8,32,16,20,0,68,0,0,0,68
02/19/2023,JAN,MS,ASO,ES,Combined TRACON& Tower with Radar,42,9,13,0,64,0,7,7,0,14,42,16,20,0,78,6,0,6,84
02/20/2023,JAN,MS,ASO,ES,Combined TRACON& Tower with Radar,42,19,15,0,76,0,1,3,0,4,42,20,18,0,80,0,0,0,80
02/21/2023,JAN,MS,ASO,ES,Combined TRACON& Tower with Radar,40,11,14,23,88,0,2,2,2,6,40,13,16,25,94,0,20,20,114
02/22/2023,JAN,MS,ASO,ES,Combined TRACON& Tower with Radar,43,19,25,20,107,0,3,1,3,7,43,22,26,23,114,0,18,18,132
02/23/2023,JAN,MS,ASO,ES,Combined TRACON& Tower with Radar,44,22,18,23,107,0,5,3,1,9,44,27,21,24,116,12,36,48,164
02/24/2023,JAN,MS,ASO,ES,Combined TRACON& Tower with Radar,46,18,19,51,134,0,2,3,5,10,46,20,22,56,144,18,17,35,179
02/25/2023,JAN,MS,ASO,ES,Combined TRACON& Tower with Radar,35,10,7,9,61,0,2,2,0,4,35,12,9,9,65,0,58,58,123
02/26/2023,JAN,MS,ASO,ES,Combined TRACON& Tower with Radar,46,15,8,7,76,0,2,1,1,4,46,17,9,8,80,0,0,0,80
02/27/2023,JAN,MS,ASO,ES,Combined TRACON& Tower with Radar,44,12,13,3,72,0,3,3,0,6,44,15,16,3,78,0,2,2,80
02/28/2023,JAN,MS,ASO,ES,Combined TRACON& Tower with Radar,41,28,18,40,127,0,3,12,10,25,41,31,30,50,152,5,134,139,291
03/01/2023,JAN,MS,ASO,ES,Combined TRACON& Tower with Radar,40,19,19,31,109,0,0,4,0,4,40,19,23,31,113,4,13,17,130
03/02/2023,JAN,MS,ASO,ES,Combined TRACON& Tower with Radar,40,23,25,75,163,0,2,5,1,8,40,25,30,76,171,0,113,113,284
03/03/2023,JAN,MS,ASO,ES,Combined TRACON& Tower with Radar,47,20,8,5,80,0,3,4,2,9,47,23,12,7,89,0,4,4,93
03/04/2023,JAN,MS,ASO,ES,Combined TRACON& Tower with Radar,34,15,11,10,70,0,6,6,0,12,34,21,17,10,82,0,0,0,82
03/05/2023,JAN,MS,ASO,ES,Combined TRACON& Tower with Radar,45,10,8,21,84,0,5,6,6,17,45,15,14,27,101,0,0,0,101
03/06/2023,JAN,MS,ASO,ES,Combined TRACON& Tower with Radar,42,11,19,42,114,0,2,5,0,7,42,13,24,42,121,5,0,5,126
03/07/2023,JAN,MS,ASO,ES,Combined TRACON& Tower with Radar,37,18,21,33,109,0,1,2,5,8,37,19,23,38,117,2,35,37,154
03/08/2023,JAN,MS,ASO,ES,Combined TRACON& Tower with Radar,41,16,24,31,112,0,0,2,3,5,41,16,26,34,117,5,38,43,160
03/09/2023,JAN,MS,ASO,ES,Combined TRACON& Tower with Radar,42,12,20,49,123,0,3,4,5,12,42,15,24,54,135,14,39,53,188
03/10/2023,JAN,MS,ASO,ES,Combined TRACON& Tower with Radar,45,19,20,17,101,0,0,2,6,8,45,19,22,23,109,0,0,0,109
03/11/2023,JAN,MS,ASO,ES,Combined TRACON& Tower with Radar,39,10,11,0,60,0,1,0,2,3,39,11,11,2,63,4,0,4,67
03/12/2023,JAN,MS,ASO,ES,Combined TRACON& Tower with Radar,45,10,9,1,65,0,0,0,0,0,45,10,9,1,65,0,0,0,65
03/13/2023,JAN,MS,ASO,ES,Combined TRACON& Tower with Radar,45,16,22,43,126,0,0,12,7,19,45,16,34,50,145,3,46,49,194
03/14/2023,JAN,MS,ASO,ES,Combined TRACON& Tower with Radar,37,21,10,22,90,0,4,8,9,21,37,25,18,31,111,0,30,30,141
03/15/2023,JAN,MS,ASO,ES,Combined TRACON& Tower with Radar,39,15,14,40,108,0,4,4,5,13,39,19,18,45,121,6,60,66,187
03/16/2023,JAN,MS,ASO,ES,Combined TRACON& Tower with Radar,41,13,12,47,113,0,8,5,6,19,41,21,17,53,132,0,96,96,228
03/17/2023,JAN,MS,ASO,ES,Combined TRACON& Tower with Radar,42,14,11,7,74,0,5,1,0,6,42,19,12,7,80,0,0,0,80
03/18/2023,JAN,MS,ASO,ES,Combined TRACON& Tower with Radar,36,13,12,3,64,0,3,6,1,10,36,16,18,4,74,0,0,0,74
03/19/2023,JAN,MS,ASO,ES,Combined TRACON& Tower with Radar,43,10,17,3,73,0,1,11,0,12,43,11,28,3,85,4,0,4,89
03/20/2023,JAN,MS,ASO,ES,Combined TRACON& Tower with Radar,44,22,18,25,109,0,5,12,2,19,44,27,30,27,128,0,9,9,137
03/21/2023,JAN,MS,ASO,ES,Combined TRACON& Tower with Radar,39,22,21,17,99,0,1,6,6,13,39,23,27,23,112,0,26,26,138
03/22/2023,JAN,MS,ASO,ES,Combined TRACON& Tower with Radar,39,25,27,49,140,0,7,4,7,18,39,32,31,56,158,0,48,48,206
03/23/2023,JAN,MS,ASO,ES,Combined TRACON& Tower with Radar,43,13,28,9,93,0,3,8,0,11,43,16,36,9,104,2,0,2,106
03/24/2023,JAN,MS,ASO,ES,Combined TRACON& Tower with Radar,47,14,34,13,108,0,0,0,1,1,47,14,34,14,109,0,0,0,109
03/25/2023,JAN,MS,ASO,ES,Combined TRACON& Tower with Radar,37,16,13,6,72,0,0,8,2,10,37,16,21,8,82,0,10,10,92
03/26/2023,JAN,MS,ASO,ES,Combined TRACON& Tower with Radar,42,19,10,2,73,0,2,2,0,4,42,21,12,2,77,0,0,0,77
03/27/2023,JAN,MS,ASO,ES,Combined TRACON& Tower with Radar,41,11,16,8,76,0,3,3,1,7,41,14,19,9,83,0,16,16,99
03/28/2023,JAN,MS,ASO,ES,Combined TRACON& Tower with Radar,42,17,19,25,103,0,10,7,11,28,42,27,26,36,131,1,46,47,178
03/29/2023,JAN,MS,ASO,ES,Combined TRACON& Tower with Radar,41,13,17,46,117,0,5,11,4,20,41,18,28,50,137,0,26,26,163
03/30/2023,JAN,MS,ASO,ES,Combined TRACON& Tower with Radar,45,14,26,24,109,0,1,4,14,19,45,15,30,38,128,0,34,34,162
03/31/2023,JAN,MS,ASO,ES,Combined TRACON& Tower with Radar,42,11,8,8,69,0,2,0,1,3,42,13,8,9,72,0,0,0,72
04/01/2023,JAN,MS,ASO,ES,Combined TRACON& Tower with Radar,38,7,6,7,58,0,1,0,1,2,38,8,6,8,60,10,0,10,70
04/02/2023,JAN,MS,ASO,ES,Combined TRACON& Tower with Radar,43,10,12,11,76,0,6,6,2,14,43,16,18,13,90,1,0,1,91
04/03/2023,JAN,MS,ASO,ES,Combined TRACON& Tower with Radar,44,23,16,57,140,0,0,0,2,2,44,23,16,59,142,8,27,35,177
04/04/2023,JAN,MS,ASO,ES,Combined TRACON& Tower with Radar,42,18,16,27,103,0,2,6,16,24,42,20,22,43,127,0,92,92,219
04/05/2023,JAN,MS,ASO,ES,Combined TRACON& Tower with Radar,40,11,12,29,92,0,1,2,1,4,40,12,14,30,96,0,8,8,104
04/06/2023,JAN,MS,ASO,ES,Combined TRACON& Tower with Radar,41,10,16,21,88,0,0,2,0,2,41,10,18,21,90,1,14,15,105
04/07/2023,JAN,MS,ASO,ES,Combined TRACON& Tower with Radar,46,13,9,5,73,0,0,0,0,0,46,13,9,5,73,0,0,0,73
04/08/2023,JAN,MS,ASO,ES,Combined TRACON& Tower with Radar,32,11,8,0,51,0,0,0,0,0,32,11,8,0,51,0,0,0,51
04/09/2023,JAN,MS,ASO,ES,Combined TRACON& Tower with Radar,44,14,5,2,65,0,2,1,0,3,44,16,6,2,68,0,0,0,68
04/10/2023,JAN,MS,ASO,ES,Combined TRACON& Tower with Radar,45,16,17,13,91,0,2,13,1,16,45,18,30,14,107,4,15,19,126
04/11/2023,JAN,MS,ASO,ES,Combined TRACON& Tower with Radar,41,13,24,22,100,0,7,6,1,14,41,20,30,23,114,1,44,45,159
04/12/2023,JAN,MS,ASO,ES,Combined TRACON& Tower with Radar,41,12,25,36,114,0,3,5,5,13,41,15,30,41,127,2,2,4,131
04/13/2023,JAN,MS,ASO,ES,Combined TRACON& Tower with Radar,41,12,18,8,79,0,0,0,0,0,41,12,18,8,79,0,0,0,79
04/14/2023,JAN,MS,ASO,ES,Combined TRACON& Tower with Radar,43,16,13,13,85,0,8,0,11,19,43,24,13,24,104,1,47,48,152
04/15/2023,JAN,MS,ASO,ES,Combined TRACON& Tower with Radar,36,7,5,0,48,0,2,1,0,3,36,9,6,0,51,0,0,0,51
04/16/2023,JAN,MS,ASO,ES,Combined TRACON& Tower with Radar,44,11,15,14,84,0,1,6,5,12,44,12,21,19,96,0,0,0,96
04/17/2023,JAN,MS,ASO,ES,Combined TRACON& Tower with Radar,41,35,19,70,165,0,5,7,4,16,41,40,26,74,181,16,58,74,255
04/18/2023,JAN,MS,ASO,ES,Combined TRACON& Tower with Radar,39,10,21,49,119,0,2,7,3,12,39,12,28,52,131,7,14,21,152
04/19/2023,JAN,MS,ASO,ES,Combined TRACON& Tower with Radar,40,18,22,43,123,0,2,9,3,14,40,20,31,46,137,6,15,21,158
04/20/2023,JAN,MS,ASO,ES,Combined TRACON& Tower with Radar,39,20,36,13,108,0,1,8,6,15,39,21,44,19,123,1,2,3,126
04/21/2023,JAN,MS,ASO,ES,Combined TRACON& Tower with Radar,42,12,16,9,79,0,2,0,0,2,42,14,16,9,81,0,0,0,81
04/22/2023,JAN,MS,ASO,ES,Combined TRACON& Tower with Radar,34,11,12,6,63,0,4,6,0,10,34,15,18,6,73,0,0,0,73
04/23/2023,JAN,MS,ASO,ES,Combined TRACON& Tower with Radar,45,12,13,3,73,0,9,3,1,13,45,21,16,4,86,0,0,0,86
04/24/2023,JAN,MS,ASO,ES,Combined TRACON& Tower with Radar,41,14,28,27,110,0,3,4,6,13,41,17,32,33,123,34,28,62,185
04/25/2023,JAN,MS,ASO,ES,Combined TRACON& Tower with Radar,41,16,32,51,140,0,7,8,1,16,41,23,40,52,156,0,84,84,240
04/26/2023,JAN,MS,ASO,ES,Combined TRACON& Tower with Radar,35,13,26,51,125,0,4,1,4,9,35,17,27,55,134,0,58,58,192
04/27/2023,JAN,MS,ASO,ES,Combined TRACON& Tower with Radar,49,14,23,23,109,0,2,0,4,6,49,16,23,27,115,0,4,4,119
04/28/2023,JAN,MS,ASO,ES,Combined TRACON& Tower with Radar,42,23,19,34,118,0,7,4,4,15,42,30,23,38,133,6,8,14,147
04/29/2023,JAN,MS,ASO,ES,Combined TRACON& Tower with Radar,32,11,7,0,50,0,2,1,0,3,32,13,8,0,53,0,0,0,53
04/30/2023,JAN,MS,ASO,ES,Combined TRACON& Tower with Radar,43,12,11,4,70,0,5,4,0,9,43,17,15,4,79,0,0,0,79
05/01/2023,JAN,MS,ASO,ES,Combined TRACON& Tower with Radar,44,17,12,31,104,0,6,6,4,16,44,23,18,35,120,4,69,73,193
05/02/2023,JAN,MS,ASO,ES,Combined TRACON& Tower with Radar,40,20,21,19,100,0,3,7,8,18,40,23,28,27,118,8,59,67,185
05/03/2023,JAN,MS,ASO,ES,Combined TRACON& Tower with Radar,40,26,32,17,115,0,1,6,4,11,40,27,38,21,126,10,4,14,140
05/04/2023,JAN,MS,ASO,ES,Combined TRACON& Tower with Radar,42,18,26,33,119,0,4,7,3,14,42,22,33,36,133,4,38,42,175
05/05/2023,JAN,MS,ASO,ES,Combined TRACON& Tower with Radar,49,20,29,26,124,0,0,3,0,3,49,20,32,26,127,0,4,4,131
05/06/2023,JAN,MS,ASO,ES,Combined TRACON& Tower with Radar,35,12,7,11,65,0,0,0,1,1,35,12,7,12,66,0,0,0,66
05/07/2023,JAN,MS,ASO,ES,Combined TRACON& Tower with Radar,42,9,16,8,75,0,4,0,1,5,42,13,16,9,80,0,5,5,85
05/08/2023,JAN,MS,ASO,ES,Combined TRACON& Tower with Radar,44,16,22,12,94,0,0,4,1,5,44,16,26,13,99,0,6,6,105
05/09/2023,JAN,MS,ASO,ES,Combined TRACON& Tower with Radar,41,19,30,32,122,0,2,8,3,13,41,21,38,35,135,0,9,9,144
05/10/2023,JAN,MS,ASO,ES,Combined TRACON& Tower with Radar,38,14,26,19,97,0,1,2,2,5,38,15,28,21,102,0,0,0,102
05/11/2023,JAN,MS,ASO,ES,Combined TRACON& Tower with Radar,40,19,22,9,90,0,1,1,0,2,40,20,23,9,92,0,0,0,92
05/12/2023,JAN,MS,ASO,ES,Combined TRACON& Tower with Radar,41,21,11,25,98,0,0,4,0,4,41,21,15,25,102,0,12,12,114
05/13/2023,JAN,MS,ASO,ES,Combined TRACON& Tower with Radar,37,14,10,2,63,0,4,4,3,11,37,18,14,5,74,4,0,4,78
05/14/2023,JAN,MS,ASO,ES,Combined TRACON& Tower with Radar,45,10,9,4,68,0,4,2,0,6,45,14,11,4,74,0,12,12,86
05/15/2023,JAN,MS,ASO,ES,Combined TRACON& Tower with Radar,43,23,20,22,108,0,2,0,3,5,43,25,20,25,113,0,54,54,167
05/16/2023,JAN,MS,ASO,ES,Combined TRACON& Tower with Radar,39,19,24,37,119,0,6,4,9,19,39,25,28,46,138,0,80,80,218
05/17/2023,JAN,MS,ASO,ES,Combined TRACON& Tower with Radar,39,15,25,18,97,0,0,6,1,7,39,15,31,19,104,0,38,38,142
05/18/2023,JAN,MS,ASO,ES,Combined TRACON& Tower with Radar,41,23,21,45,130,0,5,2,4,11,41,28,23,49,141,0,20,20,161
05/19/2023,JAN,MS,ASO,ES,Combined TRACON& Tower with Radar,38,22,22,53,135,0,3,6,2,11,38,25,28,55,146,0,26,26,172
05/20/2023,JAN,MS,ASO,ES,Combined TRACON& Tower with Radar,35,12,6,9,62,0,4,1,0,5,35,16,7,9,67,2,2,4,71
05/21/2023,JAN,MS,ASO,ES,Combined TRACON& Tower with Radar,44,16,10,26,96,0,2,0,0,2,44,18,10,26,98,0,0,0,98
05/22/2023,JAN,MS,ASO,ES,Combined TRACON& Tower with Radar,41,25,20,58,144,0,1,6,11,18,41,26,26,69,162,0,98,98,260
05/23/2023,JAN,MS,ASO,ES,Combined TRACON& Tower with Radar,41,22,16,67,146,0,0,6,14,20,41,22,22,81,166,36,109,145,311
05/24/2023,JAN,MS,ASO,ES,Combined TRACON& Tower with Radar,39,15,29,50,133,0,5,1,1,7,39,20,30,51,140,0,47,47,187
05/25/2023,JAN,MS,ASO,ES,Combined TRACON& Tower with Radar,42,24,24,22,112,0,14,8,2,24,42,38,32,24,136,0,13,13,149
05/26/2023,JAN,MS,ASO,ES,Combined TRACON& Tower with Radar,45,15,12,8,80,0,3,3,0,6,45,18,15,8,86,1,0,1,87
05/27/2023,JAN,MS,ASO,ES,Combined TRACON& Tower with Radar,36,16,7,0,59,0,8,3,0,11,36,24,10,0,70,0,0,0,70
05/28/2023,JAN,MS,ASO,ES,Combined TRACON& Tower with Radar,38,11,2,8,59,0,3,1,1,5,38,14,3,9,64,0,0,0,64
05/29/2023,JAN,MS,ASO,ES,Combined TRACON& Tower with Radar,38,13,12,0,63,0,3,3,0,6,38,16,15,0,69,0,0,0,69
05/30/2023,JAN,MS,ASO,ES,Combined TRACON& Tower with Radar,39,11,9,35,94,0,3,7,5,15,39,14,16,40,109,1,24,25,134
05/31/2023,JAN,MS,ASO,ES,Combined TRACON& Tower with Radar,41,10,17,14,82,0,1,5,7,13,41,11,22,21,95,8,15,23,118
06/01/2023,JAN,MS,ASO,ES,Combined TRACON& Tower with Radar,40,31,15,14,100,0,0,2,3,5,40,31,17,17,105,9,6,15,120
06/02/2023,JAN,MS,ASO,ES,Combined TRACON& Tower with Radar,41,21,20,12,94,0,3,3,8,14,41,24,23,20,108,0,10,10,118
06/03/2023,JAN,MS,ASO,ES,Combined TRACON& Tower with Radar,32,18,14,16,80,0,4,1,6,11,32,22,15,22,91,0,26,26,117
06/04/2023,JAN,MS,ASO,ES,Combined TRACON& Tower with Radar,41,15,18,19,93,0,1,1,0,2,41,16,19,19,95,1,4,5,100
06/05/2023,JAN,MS,ASO,ES,Combined TRACON& Tower with Radar,39,21,24,7,91,0,3,0,5,8,39,24,24,12,99,6,0,6,105
06/06/2023,JAN,MS,ASO,ES,Combined TRACON& Tower with Radar,35,23,16,36,110,0,0,6,9,15,35,23,22,45,125,0,36,36,161
06/07/2023,JAN,MS,ASO,ES,Combined TRACON& Tower with Radar,35,23,19,20,97,0,3,4,1,8,35,26,23,21,105,6,8,14,119
06/08/2023,JAN,MS,ASO,ES,Combined TRACON& Tower with Radar,38,20,12,10,80,0,2,4,2,8,38,22,16,12,88,0,0,0,88
06/09/2023,JAN,MS,ASO,ES,Combined TRACON& Tower with Radar,41,21,6,24,92,0,2,1,0,3,41,23,7,24,95,0,140,140,235
06/10/2023,JAN,MS,ASO,ES,Combined TRACON& Tower with Radar,31,16,6,3,56,0,1,2,0,3,31,17,8,3,59,2,0,2,61
06/11/2023,JAN,MS,ASO,ES,Combined TRACON& Tower with Radar,40,17,8,8,73,0,1,5,0,6,40,18,13,8,79,0,0,0,79
06/12/2023,JAN,MS,ASO,ES,Combined TRACON& Tower with Radar,39,22,15,29,105,0,1,3,2,6,39,23,18,31,111,1,118,119,230
06/13/2023,JAN,MS,ASO,ES,Combined TRACON& Tower with Radar,36,17,32,4,89,0,1,5,0,6,36,18,37,4,95,0,0,0,95
06/14/2023,JAN,MS,ASO,ES,Combined TRACON& Tower with Radar,36,19,12,38,105,0,2,2,1,5,36,21,14,39,110,36,35,71,181
06/15/2023,JAN,MS,ASO,ES,Combined TRACON& Tower with Radar,38,20,15,22,95,0,1,0,0,1,38,21,15,22,96,0,8,8,104
06/16/2023,JAN,MS,ASO,ES,Combined TRACON& Tower with Radar,38,22,17,29,106,0,0,8,1,9,38,22,25,30,115,2,20,22,137
06/17/2023,JAN,MS,ASO,ES,Combined TRACON& Tower with Radar,34,17,7,0,58,0,0,2,2,4,34,17,9,2,62,20,0,20,82
06/18/2023,JAN,MS,ASO,ES,Combined TRACON& Tower with Radar,40,15,7,0,62,0,0,2,0,2,40,15,9,0,64,0,0,0,64
06/19/2023,JAN,MS,ASO,ES,Combined TRACON& Tower with Radar,40,36,15,6,97,0,2,4,0,6,40,38,19,6,103,0,0,0,103
06/20/2023,JAN,MS,ASO,ES,Combined TRACON& Tower with Radar,37,34,18,47,136,0,3,3,5,11,37,37,21,52,147,10,42,52,199
06/21/2023,JAN,MS,ASO,ES,Combined TRACON& Tower with Radar,37,34,28,61,160,0,5,2,7,14,37,39,30,68,174,0,42,42,216
06/22/2023,JAN,MS,ASO,ES,Combined TRACON& Tower with Radar,39,28,29,53,149,0,12,2,5,19,39,40,31,58,168,4,38,42,210
06/23/2023,JAN,MS,ASO,ES,Combined TRACON& Tower with Radar,40,22,20,14,96,0,0,9,0,9,40,22,29,14,105,2,0,2,107
06/24/2023,JAN,MS,ASO,ES,Combined TRACON& Tower with Radar,33,17,10,0,60,0,8,7,0,15,33,25,17,0,75,0,0,0,75
06/25/2023,JAN,MS,ASO,ES,Combined TRACON& Tower with Radar,35,19,8,3,65,0,3,0,0,3,35,22,8,3,68,1,0,1,69
06/26/2023,JAN,MS,ASO,ES,Combined TRACON& Tower with Radar,40,27,17,23,107,0,0,0,14,14,40,27,17,37,121,2,21,23,144
06/27/2023,JAN,MS,ASO,ES,Combined TRACON& Tower with Radar,35,19,15,6,75,0,0,2,2,4,35,19,17,8,79,0,12,12,91
06/28/2023,JAN,MS,ASO,ES,Combined TRACON& Tower with Radar,42,18,10,38,108,0,2,3,9,14,42,20,13,47,122,0,29,29,151
06/29/2023,JAN,MS,ASO,ES,Combined TRACON& Tower with Radar,38,24,21,6,89,0,4,9,1,14,38,28,30,7,103,2,0,2,105
06/30/2023,JAN,MS,ASO,ES,Combined TRACON& Tower with Radar,41,17,19,10,87,0,1,5,0,6,41,18,24,10,93,0,6,6,99
07/01/2023,JAN,MS,ASO,ES,Combined TRACON& Tower with Radar,32,14,10,1,57,0,2,7,0,9,32,16,17,1,66,3,0,3,69
07/02/2023,JAN,MS,ASO,ES,Combined TRACON& Tower with Radar,33,14,13,0,60,0,2,0,0,2,33,16,13,0,62,0,0,0,62
07/03/2023,JAN,MS,ASO,ES,Combined TRACON& Tower with Radar,30,12,2,1,45,0,1,2,1,4,30,13,4,2,49,0,0,0,49
07/04/2023,JAN,MS,ASO,ES,Combined TRACON& Tower with Radar,29,8,4,0,41,0,0,1,0,1,29,8,5,0,42,0,0,0,42
07/05/2023,JAN,MS,ASO,ES,Combined TRACON& Tower with Radar,39,19,19,21,98,0,1,3,0,4,39,20,22,21,102,0,30,30,132
07/06/2023,JAN,MS,ASO,ES,Combined TRACON& Tower with Radar,39,33,6,28,106,0,2,1,3,6,39,35,7,31,112,0,24,24,136
07/07/2023,JAN,MS,ASO,ES,Combined TRACON& Tower with Radar,40,23,14,21,98,0,2,3,1,6,40,25,17,22,104,16,0,16,120
07/08/2023,JAN,MS,ASO,ES,Combined TRACON& Tower with Radar,35,18,9,13,75,0,5,2,10,17,35,23,11,23,92,2,0,2,94
07/09/2023,JAN,MS,ASO,ES,Combined TRACON& Tower with Radar,38,19,9,9,75,0,1,1,0,2,38,20,10,9,77,0,0,0,77
07/10/2023,JAN,MS,ASO,ES,Combined TRACON& Tower with Radar,40,35,11,25,111,0,3,1,1,5,40,38,12,26,116,0,14,14,130
07/11/2023,JAN,MS,ASO,ES,Combined TRACON& Tower with Radar,41,28,19,18,106,0,3,0,3,6,41,31,19,21,112,1,20,21,133
07/12/2023,JAN,MS,ASO,ES,Combined TRACON& Tower with Radar,40,23,19,3,85,0,1,1,0,2,40,24,20,3,87,0,0,0,87
07/13/2023,JAN,MS,ASO,ES,Combined TRACON& Tower with Radar,41,22,24,13,100,0,0,8,2,10,41,22,32,15,110,0,12,12,122
07/14/2023,JAN,MS,ASO,ES,Combined TRACON& Tower with Radar,41,17,15,23,96,0,1,3,2,6,41,18,18,25,102,1,12,13,115
07/15/2023,JAN,MS,ASO,ES,Combined TRACON& Tower with Radar,29,21,4,0,54,0,2,3,0,5,29,23,7,0,59,0,0,0,59
07/16/2023,JAN,MS,ASO,ES,Combined TRACON& Tower with Radar,43,19,8,12,82,0,3,1,0,4,43,22,9,12,86,0,6,6,92
07/17/2023,JAN,MS,ASO,ES,Combined TRACON& Tower with Radar,41,19,9,41,110,0,3,0,3,6,41,22,9,44,116,28,0,28,144
07/18/2023,JAN,MS,ASO,ES,Combined TRACON& Tower with Radar,41,16,12,40,109,0,3,2,13,18,41,19,14,53,127,0,40,40,167
07/19/2023,JAN,MS,ASO,ES,Combined TRACON& Tower with Radar,32,21,28,54,135,0,2,6,10,18,32,23,34,64,153,0,34,34,187
07/20/2023,JAN,MS,ASO,ES,Combined TRACON& Tower with Radar,34,20,26,39,119,0,2,4,22,28,34,22,30,61,147,0,8,8,155
07/21/2023,JAN,MS,ASO,ES,Combined TRACON& Tower with Radar,40,16,18,19,93,0,1,4,5,10,40,17,22,24,103,12,5,17,120
07/22/2023,JAN,MS,ASO,ES,Combined TRACON& Tower with Radar,33,14,14,1,62,0,1,0,0,1,33,15,14,1,63,3,0,3,66
07/23/2023,JAN,MS,ASO,ES,Combined TRACON& Tower with Radar,44,23,5,3,75,0,1,6,0,7,44,24,11,3,82,0,0,0,82
07/24/2023,JAN,MS,ASO,ES,Combined TRACON& Tower with Radar,41,20,14,25,100,0,0,4,3,7,41,20,18,28,107,0,28,28,135
07/25/2023,JAN,MS,ASO,ES,Combined TRACON& Tower with Radar,40,24,13,23,100,0,5,2,4,11,40,29,15,27,111,0,32,32,143
07/26/2023,JAN,MS,ASO,ES,Combined TRACON& Tower with Radar,42,36,22,19,119,0,2,1,5,8,42,38,23,24,127,0,44,44,171
07/27/2023,JAN,MS,ASO,ES,Combined TRACON& Tower with Radar,41,31,24,46,142,0,6,2,8,16,41,37,26,54,158,0,34,34,192
07/28/2023,JAN,MS,ASO,ES,Combined TRACON& Tower with Radar,39,17,14,3,73,0,0,4,0,4,39,17,18,3,77,4,0,4,81
07/29/2023,JAN,MS,ASO,ES,Combined TRACON& Tower with Radar,31,19,5,1,56,0,0,5,0,5,31,19,10,1,61,0,2,2,63
07/30/2023,JAN,MS,ASO,ES,Combined TRACON& Tower with Radar,44,34,26,15,119,0,2,7,5,14,44,36,33,20,133,0,0,0,133
07/31/2023,JAN,MS,ASO,ES,Combined TRACON& Tower with Radar,41,17,11,21,90,0,5,8,0,13,41,22,19,21,103,0,14,14,117
08/01/2023,JAN,MS,ASO,ES,Combined TRACON& Tower with Radar,39,22,18,47,126,0,5,15,5,25,39,27,33,52,151,0,77,77,228
08/02/2023,JAN,MS,ASO,ES,Combined TRACON& Tower with Radar,40,27,23,21,111,0,8,4,4,16,40,35,27,25,127,0,30,30,157
08/03/2023,JAN,MS,ASO,ES,Combined TRACON& Tower with Radar,41,24,24,27,116,0,3,12,2,17,41,27,36,29,133,2,2,4,137
08/04/2023,JAN,MS,ASO,ES,Combined TRACON& Tower with Radar,44,24,13,20,101,0,6,5,1,12,44,30,18,21,113,0,8,8,121
08/05/2023,JAN,MS,ASO,ES,Combined TRACON& Tower with Radar,32,20,7,6,65,0,2,12,2,16,32,22,19,8,81,0,13,13,94
08/06/2023,JAN,MS,ASO,ES,Combined TRACON& Tower with Radar,37,16,7,7,67,0,2,3,0,5,37,18,10,7,72,0,0,0,72
08/07/2023,JAN,MS,ASO,ES,Combined TRACON& Tower with Radar,41,21,22,14,98,0,1,2,2,5,41,22,24,16,103,0,24,24,127
08/08/2023,JAN,MS,ASO,ES,Combined TRACON& Tower with Radar,40,17,10,30,97,0,0,5,0,5,40,17,15,30,102,0,10,10,112
08/09/2023,JAN,MS,ASO,ES,Combined TRACON& Tower with Radar,39,21,26,19,105,0,4,3,3,10,39,25,29,22,115,0,20,20,135
08/10/2023,JAN,MS,ASO,ES,Combined TRACON& Tower with Radar,42,18,18,32,110,0,3,4,1,8,42,21,22,33,118,3,18,21,139
08/11/2023,JAN,MS,ASO,ES,Combined TRACON& Tower with Radar,42,19,10,54,125,0,3,3,12,18,42,22,13,66,143,0,54,54,197
08/12/2023,JAN,MS,ASO,ES,Combined TRACON& Tower with Radar,31,19,6,8,64,0,0,1,4,5,31,19,7,12,69,0,0,0,69
08/13/2023,JAN,MS,ASO,ES,Combined TRACON& Tower with Radar,44,16,13,3,76,0,0,1,0,1,44,16,14,3,77,4,0,4,81
08/14/2023,JAN,MS,ASO,ES,Combined TRACON& Tower with Radar,39,17,9,31,96,0,8,8,2,18,39,25,17,33,114,0,28,28,142
08/15/2023,JAN,MS,ASO,ES,Combined TRACON& Tower with Radar,43,30,18,64,155,0,2,7,6,15,43,32,25,70,170,0,24,24,194
08/16/2023,JAN,MS,ASO,ES,Combined TRACON& Tower with Radar,41,18,15,9,83,0,2,1,1,4,41,20,16,10,87,6,0,6,93
08/17/2023,JAN,MS,ASO,ES,Combined TRACON& Tower with Radar,43,22,24,37,126,0,5,1,8,14,43,27,25,45,140,2,68,70,210
08/18/2023,JAN,MS,ASO,ES,Combined TRACON& Tower with Radar,44,15,14,31,104,0,3,4,7,14,44,18,18,38,118,2,18,20,138
08/19/2023,JAN,MS,ASO,ES,Combined TRACON& Tower with Radar,37,21,6,18,82,0,1,0,0,1,37,22,6,18,83,18,0,18,101
08/20/2023,JAN,MS,ASO,ES,Combined TRACON& Tower with Radar,45,21,15,9,90,0,4,3,5,12,45,25,18,14,102,0,0,0,102
08/21/2023,JAN,MS,ASO,ES,Combined TRACON& Tower with Radar,43,32,20,6,101,0,3,8,0,11,43,35,28,6,112,23,0,23,135
08/22/2023,JAN,MS,ASO,ES,Combined TRACON& Tower with Radar,42,26,14,18,100,0,1,4,5,10,42,27,18,23,110,7,44,51,161
08/23/2023,JAN,MS,ASO,ES,Combined TRACON& Tower with Radar,42,20,16,7,85,0,2,9,0,11,42,22,25,7,96,0,4,4,100
08/24/2023,JAN,MS,ASO,ES,Combined TRACON& Tower with Radar,41,25,15,22,103,0,0,1,2,3,41,25,16,24,106,0,52,52,158
08/25/2023,JAN,MS,ASO,ES,Combined TRACON& Tower with Radar,47,15,16,11,89,0,1,5,2,8,47,16,21,13,97,0,10,10,107
08/26/2023,JAN,MS,ASO,ES,Combined TRACON& Tower with Radar,38,18,6,7,69,0,2,7,1,10,38,20,13,8,79,0,0,0,79
08/27/2023,JAN,MS,ASO,ES,Combined TRACON& Tower with Radar,42,20,10,10,82,0,1,4,2,7,42,21,14,12,89,0,0,0,89
08/28/2023,JAN,MS,ASO,ES,Combined TRACON& Tower with Radar,41,25,19,38,123,0,1,2,3,6,41,26,21,41,129,2,0,2,131
08/29/2023,JAN,MS,ASO,ES,Combined TRACON& Tower with Radar,41,35,17,34,127,0,2,1,0,3,41,37,18,34,130,0,50,50,180
08/30/2023,JAN,MS,ASO,ES,Combined TRACON& Tower with Radar,42,16,28,29,115,0,1,5,6,12,42,17,33,35,127,0,50,50,177
08/31/2023,JAN,MS,ASO,ES,Combined TRACON& Tower with Radar,45,32,20,37,134,0,1,2,1,4,45,33,22,38,138,0,54,54,192
