01/01/2020,JAX,FL,ASO,ES,Combined TRACON& Tower with Radar,144,41,14,0,199,0,2,8,0,10,144,43,22,0,209,0,0,0,209
01/02/2020,JAX,FL,ASO,ES,Combined TRACON& Tower with Radar,181,66,61,6,314,0,0,8,0,8,181,66,69,6,322,0,0,0,322
01/03/2020,JAX,FL,ASO,ES,Combined TRACON& Tower with Radar,202,55,44,34,335,0,3,4,5,12,202,58,48,39,347,0,8,8,355
01/04/2020,JAX,FL,ASO,ES,Combined TRACON& Tower with Radar,165,28,11,2,206,0,0,9,0,9,165,28,20,2,215,6,0,6,221
01/05/2020,JAX,FL,ASO,ES,Combined TRACON& Tower with Radar,173,25,19,3,220,0,6,10,0,16,173,31,29,3,236,0,0,0,236
01/06/2020,JAX,FL,ASO,ES,Combined TRACON& Tower with Radar,173,37,32,11,253,0,6,10,5,21,173,43,42,16,274,0,24,24,298
01/07/2020,JAX,FL,ASO,ES,Combined TRACON& Tower with Radar,158,43,29,25,255,0,2,6,9,17,158,45,35,34,272,0,56,56,328
01/08/2020,JAX,FL,ASO,ES,Combined TRACON& Tower with Radar,162,40,24,6,232,0,5,2,0,7,162,45,26,6,239,0,0,0,239
01/09/2020,JAX,FL,ASO,ES,Combined TRACON& Tower with Radar,168,52,42,11,273,0,3,6,5,14,168,55,48,16,287,0,18,18,305
01/10/2020,JAX,FL,ASO,ES,Combined TRACON& Tower with Radar,171,37,35,33,276,0,3,6,1,10,171,40,41,34,286,0,0,0,286
01/11/2020,JAX,FL,ASO,ES,Combined TRACON& Tower with Radar,122,29,20,6,177,0,0,2,2,4,122,29,22,8,181,0,0,0,181
01/12/2020,JAX,FL,ASO,ES,Combined TRACON& Tower with Radar,155,28,26,0,209,0,0,4,2,6,155,28,30,2,215,0,0,0,215
01/13/2020,JAX,FL,ASO,ES,Combined TRACON& Tower with Radar,169,49,28,22,268,0,2,4,3,9,169,51,32,25,277,0,45,45,322
01/14/2020,JAX,FL,ASO,ES,Combined TRACON& Tower with Radar,166,42,31,26,265,0,2,1,18,21,166,44,32,44,286,0,34,34,320
01/15/2020,JAX,FL,ASO,ES,Combined TRACON& Tower with Radar,170,42,27,14,253,0,0,3,2,5,170,42,30,16,258,2,36,38,296
01/16/2020,JAX,FL,ASO,ES,Combined TRACON& Tower with Radar,176,32,32,23,263,0,2,9,5,16,176,34,41,28,279,0,0,0,279
01/17/2020,JAX,FL,ASO,ES,Combined TRACON& Tower with Radar,171,47,26,21,265,0,4,10,1,15,171,51,36,22,280,0,0,0,280
01/18/2020,JAX,FL,ASO,ES,Combined TRACON& Tower with Radar,122,29,21,2,174,0,6,6,0,12,122,35,27,2,186,0,0,0,186
01/19/2020,JAX,FL,ASO,ES,Combined TRACON& Tower with Radar,143,19,11,0,173,0,1,1,0,2,143,20,12,0,175,0,0,0,175
01/20/2020,JAX,FL,ASO,ES,Combined TRACON& Tower with Radar,157,36,42,0,235,0,3,3,0,6,157,39,45,0,241,0,0,0,241
01/21/2020,JAX,FL,ASO,ES,Combined TRACON& Tower with Radar,159,28,21,12,220,0,2,7,4,13,159,30,28,16,233,0,64,64,297
01/22/2020,JAX,FL,ASO,ES,Combined TRACON& Tower with Radar,162,28,33,12,235,0,0,3,4,7,162,28,36,16,242,0,26,26,268
01/23/2020,JAX,FL,ASO,ES,Combined TRACON& Tower with Radar,166,41,30,8,245,0,0,0,0,0,166,41,30,8,245,0,0,0,245
01/24/2020,JAX,FL,ASO,ES,Combined TRACON& Tower with Radar,170,48,32,43,293,0,8,13,3,24,170,56,45,46,317,2,34,36,353
01/25/2020,JAX,FL,ASO,ES,Combined TRACON& Tower with Radar,123,29,7,2,161,0,2,6,2,10,123,31,13,4,171,0,0,0,171
01/26/2020,JAX,FL,ASO,ES,Combined TRACON& Tower with Radar,159,36,20,2,217,0,10,15,0,25,159,46,35,2,242,14,0,14,256
01/27/2020,JAX,FL,ASO,ES,Combined TRACON& Tower with Radar,160,41,22,2,225,0,10,20,2,32,160,51,42,4,257,4,28,32,289
01/28/2020,JAX,FL,ASO,ES,Combined TRACON& Tower with Radar,160,47,47,2,256,0,5,24,4,33,160,52,71,6,289,0,16,16,305
01/29/2020,JAX,FL,ASO,ES,Combined TRACON& Tower with Radar,165,45,33,24,267,0,5,13,2,20,165,50,46,26,287,0,8,8,295
01/30/2020,JAX,FL,ASO,ES,Combined TRACON& Tower with Radar,169,50,45,18,282,0,0,4,0,4,169,50,49,18,286,2,4,6,292
01/31/2020,JAX,FL,ASO,ES,Combined TRACON& Tower with Radar,170,49,29,20,268,0,0,0,0,0,170,49,29,20,268,0,0,0,268
02/01/2020,JAX,FL,ASO,ES,Combined TRACON& Tower with Radar,126,33,18,0,177,0,0,0,0,0,126,33,18,0,177,0,0,0,177
02/02/2020,JAX,FL,ASO,ES,Combined TRACON& Tower with Radar,148,32,11,1,192,0,7,17,1,25,148,39,28,2,217,0,0,0,217
02/03/2020,JAX,FL,ASO,ES,Combined TRACON& Tower with Radar,159,47,36,5,247,0,2,16,4,22,159,49,52,9,269,10,0,10,279
02/04/2020,JAX,FL,ASO,ES,Combined TRACON& Tower with Radar,160,49,30,12,251,0,8,11,4,23,160,57,41,16,274,2,42,44,318
02/05/2020,JAX,FL,ASO,ES,Combined TRACON& Tower with Radar,166,46,42,31,285,0,4,4,5,13,166,50,46,36,298,0,26,26,324
02/06/2020,JAX,FL,ASO,ES,Combined TRACON& Tower with Radar,157,31,37,40,265,0,0,0,2,2,157,31,37,42,267,0,12,12,279
02/07/2020,JAX,FL,ASO,ES,Combined TRACON& Tower with Radar,169,40,36,24,269,0,8,4,1,13,169,48,40,25,282,0,0,0,282
02/08/2020,JAX,FL,ASO,ES,Combined TRACON& Tower with Radar,130,43,17,0,190,0,8,13,2,23,130,51,30,2,213,0,0,0,213
02/09/2020,JAX,FL,ASO,ES,Combined TRACON& Tower with Radar,148,35,20,4,207,0,4,7,0,11,148,39,27,4,218,0,0,0,218
02/10/2020,JAX,FL,ASO,ES,Combined TRACON& Tower with Radar,167,41,35,15,258,0,4,9,6,19,167,45,44,21,277,10,42,52,329
02/11/2020,JAX,FL,ASO,ES,Combined TRACON& Tower with Radar,161,38,26,34,259,0,0,3,4,7,161,38,29,38,266,4,8,12,278
02/12/2020,JAX,FL,ASO,ES,Combined TRACON& Tower with Radar,163,42,58,53,316,0,8,3,16,27,163,50,61,69,343,0,46,46,389
02/13/2020,JAX,FL,ASO,ES,Combined TRACON& Tower with Radar,172,49,49,44,314,0,1,4,5,10,172,50,53,49,324,0,24,24,348
02/14/2020,JAX,FL,ASO,ES,Combined TRACON& Tower with Radar,172,47,35,15,269,0,0,6,1,7,172,47,41,16,276,0,0,0,276
02/15/2020,JAX,FL,ASO,ES,Combined TRACON& Tower with Radar,131,35,16,4,186,0,1,8,0,9,131,36,24,4,195,0,0,0,195
02/16/2020,JAX,FL,ASO,ES,Combined TRACON& Tower with Radar,149,37,21,10,217,0,2,4,0,6,149,39,25,10,223,0,0,0,223
02/17/2020,JAX,FL,ASO,ES,Combined TRACON& Tower with Radar,164,42,20,0,226,0,0,1,0,1,164,42,21,0,227,0,0,0,227
02/18/2020,JAX,FL,ASO,ES,Combined TRACON& Tower with Radar,163,35,38,25,261,0,0,9,13,22,163,35,47,38,283,0,94,94,377
02/19/2020,JAX,FL,ASO,ES,Combined TRACON& Tower with Radar,170,39,33,33,275,0,2,7,8,17,170,41,40,41,292,8,32,40,332
02/20/2020,JAX,FL,ASO,ES,Combined TRACON& Tower with Radar,168,49,29,13,259,0,0,0,1,1,168,49,29,14,260,0,0,0,260
02/21/2020,JAX,FL,ASO,ES,Combined TRACON& Tower with Radar,170,46,28,11,255,0,2,2,0,4,170,48,30,11,259,0,0,0,259
02/22/2020,JAX,FL,ASO,ES,Combined TRACON& Tower with Radar,134,26,13,24,197,0,2,5,0,7,134,28,18,24,204,0,0,0,204
02/23/2020,JAX,FL,ASO,ES,Combined TRACON& Tower with Radar,158,31,40,0,229,0,3,10,1,14,158,34,50,1,243,0,0,0,243
02/24/2020,JAX,FL,ASO,ES,Combined TRACON& Tower with Radar,162,58,40,15,275,0,7,13,2,22,162,65,53,17,297,17,0,17,314
02/25/2020,JAX,FL,ASO,ES,Combined TRACON& Tower with Radar,169,47,28,7,251,0,0,0,0,0,169,47,28,7,251,0,0,0,251
02/26/2020,JAX,FL,ASO,ES,Combined TRACON& Tower with Radar,163,48,34,27,272,0,0,0,6,6,163,48,34,33,278,0,0,0,278
02/27/2020,JAX,FL,ASO,ES,Combined TRACON& Tower with Radar,174,56,43,27,300,0,0,13,2,15,174,56,56,29,315,0,0,0,315
02/28/2020,JAX,FL,ASO,ES,Combined TRACON& Tower with Radar,167,56,28,10,261,0,2,12,7,21,167,58,40,17,282,0,82,82,364
02/29/2020,JAX,FL,ASO,ES,Combined TRACON& Tower with Radar,131,29,15,9,184,0,1,3,0,4,131,30,18,9,188,0,0,0,188
03/01/2020,JAX,FL,ASO,ES,Combined TRACON& Tower with Radar,159,30,30,3,222,0,7,4,0,11,159,37,34,3,233,0,2,2,235
03/02/2020,JAX,FL,ASO,ES,Combined TRACON& Tower with Radar,163,49,36,14,262,0,7,4,6,17,163,56,40,20,279,0,88,88,367
03/03/2020,JAX,FL,ASO,ES,Combined TRACON& Tower with Radar,162,53,28,20,263,0,7,11,10,28,162,60,39,30,291,79,12,91,382
03/04/2020,JAX,FL,ASO,ES,Combined TRACON& Tower with Radar,162,39,38,34,273,0,0,2,8,10,162,39,40,42,283,0,64,64,347
03/05/2020,JAX,FL,ASO,ES,Combined TRACON& Tower with Radar,182,41,29,17,269,1,0,1,8,10,183,41,30,25,279,0,62,62,341
03/06/2020,JAX,FL,ASO,ES,Combined TRACON& Tower with Radar,185,44,43,12,284,0,1,10,1,12,185,45,53,13,296,10,12,22,318
03/07/2020,JAX,FL,ASO,ES,Combined TRACON& Tower with Radar,154,25,19,0,198,0,2,7,0,9,154,27,26,0,207,0,0,0,207
03/08/2020,JAX,FL,ASO,ES,Combined TRACON& Tower with Radar,170,37,33,4,244,0,0,2,3,5,170,37,35,7,249,0,0,0,249
03/09/2020,JAX,FL,ASO,ES,Combined TRACON& Tower with Radar,180,45,37,18,280,0,3,8,4,15,180,48,45,22,295,6,10,16,311
03/10/2020,JAX,FL,ASO,ES,Combined TRACON& Tower with Radar,177,42,27,11,257,0,4,13,7,24,177,46,40,18,281,0,6,6,287
03/11/2020,JAX,FL,ASO,ES,Combined TRACON& Tower with Radar,180,45,30,26,281,0,5,9,8,22,180,50,39,34,303,4,42,46,349
03/12/2020,JAX,FL,ASO,ES,Combined TRACON& Tower with Radar,184,40,30,28,282,0,12,7,7,26,184,52,37,35,308,0,38,38,346
03/13/2020,JAX,FL,ASO,ES,Combined TRACON& Tower with Radar,185,54,37,23,299,0,15,3,6,24,185,69,40,29,323,0,78,78,401
03/14/2020,JAX,FL,ASO,ES,Combined TRACON& Tower with Radar,167,40,34,4,245,0,7,9,0,16,167,47,43,4,261,4,0,4,265
03/15/2020,JAX,FL,ASO,ES,Combined TRACON& Tower with Radar,179,33,14,0,226,0,6,7,2,15,179,39,21,2,241,12,0,12,253
03/16/2020,JAX,FL,ASO,ES,Combined TRACON& Tower with Radar,193,38,14,16,261,0,0,0,0,0,193,38,14,16,261,12,0,12,273
03/17/2020,JAX,FL,ASO,ES,Combined TRACON& Tower with Radar,173,43,30,33,279,1,3,1,4,9,174,46,31,37,288,0,34,34,322
03/18/2020,JAX,FL,ASO,ES,Combined TRACON& Tower with Radar,181,42,31,11,265,0,4,12,2,18,181,46,43,13,283,0,20,20,303
03/19/2020,JAX,FL,ASO,ES,Combined TRACON& Tower with Radar,160,41,20,13,234,0,4,12,1,17,160,45,32,14,251,0,20,20,271
03/20/2020,JAX,FL,ASO,ES,Combined TRACON& Tower with Radar,159,49,31,46,285,0,10,9,2,21,159,59,40,48,306,0,8,8,314
03/21/2020,JAX,FL,ASO,ES,Combined TRACON& Tower with Radar,142,21,17,4,184,0,8,4,0,12,142,29,21,4,196,18,0,18,214
03/22/2020,JAX,FL,ASO,ES,Combined TRACON& Tower with Radar,138,23,3,0,164,0,0,5,0,5,138,23,8,0,169,0,0,0,169
03/23/2020,JAX,FL,ASO,ES,Combined TRACON& Tower with Radar,119,24,6,12,161,0,1,5,0,6,119,25,11,12,167,10,0,10,177
03/24/2020,JAX,FL,ASO,ES,Combined TRACON& Tower with Radar,110,28,11,25,174,0,12,1,2,15,110,40,12,27,189,0,14,14,203
03/25/2020,JAX,FL,ASO,ES,Combined TRACON& Tower with Radar,109,16,15,8,148,0,2,1,2,5,109,18,16,10,153,0,0,0,153
03/26/2020,JAX,FL,ASO,ES,Combined TRACON& Tower with Radar,109,23,5,33,170,0,3,5,3,11,109,26,10,36,181,0,14,14,195
03/27/2020,JAX,FL,ASO,ES,Combined TRACON& Tower with Radar,91,20,12,4,127,0,0,2,5,7,91,20,14,9,134,8,0,8,142
03/28/2020,JAX,FL,ASO,ES,Combined TRACON& Tower with Radar,88,15,5,0,108,0,0,3,0,3,88,15,8,0,111,0,0,0,111
03/29/2020,JAX,FL,ASO,ES,Combined TRACON& Tower with Radar,85,14,4,0,103,0,1,10,0,11,85,15,14,0,114,0,2,2,116
03/30/2020,JAX,FL,ASO,ES,Combined TRACON& Tower with Radar,79,19,7,5,110,0,2,4,2,8,79,21,11,7,118,2,2,4,122
03/31/2020,JAX,FL,ASO,ES,Combined TRACON& Tower with Radar,87,10,11,2,110,0,0,1,1,2,87,10,12,3,112,0,0,0,112
04/01/2020,JAX,FL,ASO,ES,Combined TRACON& Tower with Radar,86,12,7,9,114,0,4,5,0,9,86,16,12,9,123,0,0,0,123
04/02/2020,JAX,FL,ASO,ES,Combined TRACON& Tower with Radar,74,10,10,4,98,0,8,8,4,20,74,18,18,8,118,6,44,50,168
04/03/2020,JAX,FL,ASO,ES,Combined TRACON& Tower with Radar,85,11,9,3,108,0,3,3,1,7,85,14,12,4,115,0,8,8,123
04/04/2020,JAX,FL,ASO,ES,Combined TRACON& Tower with Radar,70,14,5,0,89,0,0,5,0,5,70,14,10,0,94,0,0,0,94
04/05/2020,JAX,FL,ASO,ES,Combined TRACON& Tower with Radar,70,6,1,0,77,0,0,4,0,4,70,6,5,0,81,0,0,0,81
04/06/2020,JAX,FL,ASO,ES,Combined TRACON& Tower with Radar,76,6,1,2,85,0,4,1,0,5,76,10,2,2,90,0,4,4,94
04/07/2020,JAX,FL,ASO,ES,Combined TRACON& Tower with Radar,79,9,12,8,108,0,4,7,4,15,79,13,19,12,123,0,40,40,163
04/08/2020,JAX,FL,ASO,ES,Combined TRACON& Tower with Radar,82,12,5,5,104,0,4,2,2,8,82,16,7,7,112,0,0,0,112
04/09/2020,JAX,FL,ASO,ES,Combined TRACON& Tower with Radar,73,4,5,13,95,0,1,3,3,7,73,5,8,16,102,0,14,14,116
04/10/2020,JAX,FL,ASO,ES,Combined TRACON& Tower with Radar,77,7,9,8,101,0,3,1,2,6,77,10,10,10,107,0,20,20,127
04/11/2020,JAX,FL,ASO,ES,Combined TRACON& Tower with Radar,54,16,1,4,75,0,2,5,0,7,54,18,6,4,82,0,0,0,82
04/12/2020,JAX,FL,ASO,ES,Combined TRACON& Tower with Radar,47,5,6,0,58,0,1,0,0,1,47,6,6,0,59,0,0,0,59
04/13/2020,JAX,FL,ASO,ES,Combined TRACON& Tower with Radar,59,6,4,9,78,0,0,2,1,3,59,6,6,10,81,0,0,0,81
04/14/2020,JAX,FL,ASO,ES,Combined TRACON& Tower with Radar,59,8,7,11,85,0,0,0,0,0,59,8,7,11,85,0,0,0,85
04/15/2020,JAX,FL,ASO,ES,Combined TRACON& Tower with Radar,55,10,3,13,81,0,0,0,1,1,55,10,3,14,82,0,0,0,82
04/16/2020,JAX,FL,ASO,ES,Combined TRACON& Tower with Radar,48,20,7,27,102,0,2,0,8,10,48,22,7,35,112,0,26,26,138
04/17/2020,JAX,FL,ASO,ES,Combined TRACON& Tower with Radar,49,11,14,16,90,0,4,1,3,8,49,15,15,19,98,0,26,26,124
04/18/2020,JAX,FL,ASO,ES,Combined TRACON& Tower with Radar,42,2,0,0,44,0,0,3,0,3,42,2,3,0,47,0,0,0,47
04/19/2020,JAX,FL,ASO,ES,Combined TRACON& Tower with Radar,45,8,1,2,56,0,0,1,0,1,45,8,2,2,57,0,26,26,83
04/20/2020,JAX,FL,ASO,ES,Combined TRACON& Tower with Radar,39,11,7,4,61,0,2,4,4,10,39,13,11,8,71,0,0,0,71
04/21/2020,JAX,FL,ASO,ES,Combined TRACON& Tower with Radar,54,5,11,9,79,0,2,5,5,12,54,7,16,14,91,0,24,24,115
04/22/2020,JAX,FL,ASO,ES,Combined TRACON& Tower with Radar,44,15,11,31,101,0,1,5,2,8,44,16,16,33,109,20,28,48,157
04/23/2020,JAX,FL,ASO,ES,Combined TRACON& Tower with Radar,56,16,10,10,92,0,0,6,4,10,56,16,16,14,102,0,0,0,102
04/24/2020,JAX,FL,ASO,ES,Combined TRACON& Tower with Radar,51,16,14,13,94,0,1,5,0,6,51,17,19,13,100,2,16,18,118
04/25/2020,JAX,FL,ASO,ES,Combined TRACON& Tower with Radar,39,5,11,2,57,0,0,7,0,7,39,5,18,2,64,0,0,0,64
04/26/2020,JAX,FL,ASO,ES,Combined TRACON& Tower with Radar,46,6,5,2,59,0,7,7,0,14,46,13,12,2,73,0,0,0,73
04/27/2020,JAX,FL,ASO,ES,Combined TRACON& Tower with Radar,41,15,15,8,79,0,4,3,1,8,41,19,18,9,87,0,0,0,87
04/28/2020,JAX,FL,ASO,ES,Combined TRACON& Tower with Radar,54,13,20,6,93,0,1,8,2,11,54,14,28,8,104,20,30,50,154
04/29/2020,JAX,FL,ASO,ES,Combined TRACON& Tower with Radar,48,19,13,7,87,0,3,5,4,12,48,22,18,11,99,0,10,10,109
04/30/2020,JAX,FL,ASO,ES,Combined TRACON& Tower with Radar,51,7,17,17,92,0,0,2,13,15,51,7,19,30,107,18,76,94,201
05/01/2020,JAX,FL,ASO,ES,Combined TRACON& Tower with Radar,59,15,18,9,101,0,0,18,2,20,59,15,36,11,121,0,0,0,121
05/02/2020,JAX,FL,ASO,ES,Combined TRACON& Tower with Radar,38,4,5,0,47,0,0,7,0,7,38,4,12,0,54,0,0,0,54
05/03/2020,JAX,FL,ASO,ES,Combined TRACON& Tower with Radar,56,9,13,0,78,0,0,17,0,17,56,9,30,0,95,0,0,0,95
05/04/2020,JAX,FL,ASO,ES,Combined TRACON& Tower with Radar,52,6,25,1,84,0,5,10,2,17,52,11,35,3,101,10,60,70,171
05/05/2020,JAX,FL,ASO,ES,Combined TRACON& Tower with Radar,58,7,12,20,97,0,2,7,3,12,58,9,19,23,109,14,14,28,137
05/06/2020,JAX,FL,ASO,ES,Combined TRACON& Tower with Radar,57,9,11,14,91,0,1,2,2,5,57,10,13,16,96,0,30,30,126
05/07/2020,JAX,FL,ASO,ES,Combined TRACON& Tower with Radar,59,12,18,24,113,0,1,3,8,12,59,13,21,32,125,0,128,128,253
05/08/2020,JAX,FL,ASO,ES,Combined TRACON& Tower with Radar,52,23,16,12,103,0,4,5,5,14,52,27,21,17,117,0,0,0,117
05/09/2020,JAX,FL,ASO,ES,Combined TRACON& Tower with Radar,44,16,12,0,72,0,5,7,0,12,44,21,19,0,84,0,0,0,84
05/10/2020,JAX,FL,ASO,ES,Combined TRACON& Tower with Radar,56,4,15,6,81,0,0,5,0,5,56,4,20,6,86,0,0,0,86
05/11/2020,JAX,FL,ASO,ES,Combined TRACON& Tower with Radar,50,17,27,11,105,0,1,5,3,9,50,18,32,14,114,0,0,0,114
05/12/2020,JAX,FL,ASO,ES,Combined TRACON& Tower with Radar,51,7,11,30,99,0,3,10,8,21,51,10,21,38,120,0,10,10,130
05/13/2020,JAX,FL,ASO,ES,Combined TRACON& Tower with Radar,55,29,29,11,124,0,1,11,3,15,55,30,40,14,139,0,14,14,153
05/14/2020,JAX,FL,ASO,ES,Combined TRACON& Tower with Radar,58,21,27,11,117,0,2,5,4,11,58,23,32,15,128,0,30,30,158
05/15/2020,JAX,FL,ASO,ES,Combined TRACON& Tower with Radar,64,7,28,7,106,0,0,4,0,4,64,7,32,7,110,12,16,28,138
05/16/2020,JAX,FL,ASO,ES,Combined TRACON& Tower with Radar,45,7,13,0,65,0,0,5,0,5,45,7,18,0,70,0,0,0,70
05/17/2020,JAX,FL,ASO,ES,Combined TRACON& Tower with Radar,57,5,13,0,75,0,1,0,0,1,57,6,13,0,76,0,0,0,76
05/18/2020,JAX,FL,ASO,ES,Combined TRACON& Tower with Radar,63,14,29,10,116,0,6,7,2,15,63,20,36,12,131,0,0,0,131
05/19/2020,JAX,FL,ASO,ES,Combined TRACON& Tower with Radar,60,9,24,11,104,0,5,10,11,26,60,14,34,22,130,16,46,62,192
05/20/2020,JAX,FL,ASO,ES,Combined TRACON& Tower with Radar,54,9,23,15,101,0,2,2,5,9,54,11,25,20,110,0,52,52,162
05/21/2020,JAX,FL,ASO,ES,Combined TRACON& Tower with Radar,61,23,26,12,122,0,3,6,15,24,61,26,32,27,146,10,66,76,222
05/22/2020,JAX,FL,ASO,ES,Combined TRACON& Tower with Radar,63,15,22,5,105,0,3,6,1,10,63,18,28,6,115,0,52,52,167
05/23/2020,JAX,FL,ASO,ES,Combined TRACON& Tower with Radar,47,3,17,0,67,0,2,5,0,7,47,5,22,0,74,2,0,2,76
05/24/2020,JAX,FL,ASO,ES,Combined TRACON& Tower with Radar,55,1,16,0,72,0,1,3,0,4,55,2,19,0,76,0,0,0,76
05/25/2020,JAX,FL,ASO,ES,Combined TRACON& Tower with Radar,56,12,25,0,93,0,0,1,0,1,56,12,26,0,94,0,0,0,94
05/26/2020,JAX,FL,ASO,ES,Combined TRACON& Tower with Radar,48,17,22,9,96,0,2,0,1,3,48,19,22,10,99,0,0,0,99
05/27/2020,JAX,FL,ASO,ES,Combined TRACON& Tower with Radar,57,24,31,7,119,0,0,4,8,12,57,24,35,15,131,6,52,58,189
05/28/2020,JAX,FL,ASO,ES,Combined TRACON& Tower with Radar,64,15,27,7,113,0,0,2,4,6,64,15,29,11,119,0,22,22,141
05/29/2020,JAX,FL,ASO,ES,Combined TRACON& Tower with Radar,58,12,23,13,106,0,0,4,2,6,58,12,27,15,112,0,6,6,118
05/30/2020,JAX,FL,ASO,ES,Combined TRACON& Tower with Radar,44,16,15,3,78,0,2,3,1,6,44,18,18,4,84,0,0,0,84
05/31/2020,JAX,FL,ASO,ES,Combined TRACON& Tower with Radar,61,10,11,0,82,0,0,5,0,5,61,10,16,0,87,0,0,0,87
06/01/2020,JAX,FL,ASO,ES,Combined TRACON& Tower with Radar,59,12,16,27,114,0,3,0,13,16,59,15,16,40,130,4,8,12,142
06/02/2020,JAX,FL,ASO,ES,Combined TRACON& Tower with Radar,60,45,28,41,174,0,1,9,6,16,60,46,37,47,190,0,50,50,240
06/03/2020,JAX,FL,ASO,ES,Combined TRACON& Tower with Radar,59,19,20,14,112,0,4,8,3,15,59,23,28,17,127,2,10,12,139
06/04/2020,JAX,FL,ASO,ES,Combined TRACON& Tower with Radar,74,35,27,4,140,0,1,0,0,1,74,36,27,4,141,0,0,0,141
06/05/2020,JAX,FL,ASO,ES,Combined TRACON& Tower with Radar,75,25,21,19,140,0,2,2,5,9,75,27,23,24,149,0,8,8,157
06/06/2020,JAX,FL,ASO,ES,Combined TRACON& Tower with Radar,55,9,19,0,83,0,0,11,0,11,55,9,30,0,94,0,0,0,94
06/07/2020,JAX,FL,ASO,ES,Combined TRACON& Tower with Radar,67,9,22,0,98,0,0,0,0,0,67,9,22,0,98,4,18,22,120
06/08/2020,JAX,FL,ASO,ES,Combined TRACON& Tower with Radar,63,12,29,10,114,0,4,7,2,13,63,16,36,12,127,0,14,14,141
06/09/2020,JAX,FL,ASO,ES,Combined TRACON& Tower with Radar,60,9,24,11,104,0,5,10,11,26,60,14,34,22,130,0,42,42,172
06/10/2020,JAX,FL,ASO,ES,Combined TRACON& Tower with Radar,67,15,24,21,127,0,0,7,2,9,67,15,31,23,136,10,0,10,146
06/11/2020,JAX,FL,ASO,ES,Combined TRACON& Tower with Radar,76,17,18,12,123,0,4,2,4,10,76,21,20,16,133,0,50,50,183
06/12/2020,JAX,FL,ASO,ES,Combined TRACON& Tower with Radar,76,30,32,22,160,0,3,8,6,17,76,33,40,28,177,0,0,0,177
06/13/2020,JAX,FL,ASO,ES,Combined TRACON& Tower with Radar,59,6,17,4,86,0,3,7,0,10,59,9,24,4,96,0,0,0,96
06/14/2020,JAX,FL,ASO,ES,Combined TRACON& Tower with Radar,75,8,14,0,97,0,2,4,0,6,75,10,18,0,103,0,0,0,103
06/15/2020,JAX,FL,ASO,ES,Combined TRACON& Tower with Radar,74,19,17,12,122,0,0,6,0,6,74,19,23,12,128,0,0,0,128
06/16/2020,JAX,FL,ASO,ES,Combined TRACON& Tower with Radar,74,17,28,21,140,0,4,11,2,17,74,21,39,23,157,12,36,48,205
06/17/2020,JAX,FL,ASO,ES,Combined TRACON& Tower with Radar,75,24,40,7,146,0,4,10,3,17,75,28,50,10,163,0,46,46,209
06/18/2020,JAX,FL,ASO,ES,Combined TRACON& Tower with Radar,85,20,43,12,160,0,2,8,7,17,85,22,51,19,177,22,118,140,317
06/19/2020,JAX,FL,ASO,ES,Combined TRACON& Tower with Radar,83,21,30,9,143,0,0,9,0,9,83,21,39,9,152,0,1,1,153
06/20/2020,JAX,FL,ASO,ES,Combined TRACON& Tower with Radar,65,9,17,0,91,0,2,15,0,17,65,11,32,0,108,0,0,0,108
06/21/2020,JAX,FL,ASO,ES,Combined TRACON& Tower with Radar,79,16,32,0,127,0,0,6,0,6,79,16,38,0,133,0,0,0,133
06/22/2020,JAX,FL,ASO,ES,Combined TRACON& Tower with Radar,86,12,35,5,138,0,4,7,1,12,86,16,42,6,150,0,0,0,150
06/23/2020,JAX,FL,ASO,ES,Combined TRACON& Tower with Radar,76,17,16,3,112,0,9,5,3,17,76,26,21,6,129,0,0,0,129
06/24/2020,JAX,FL,ASO,ES,Combined TRACON& Tower with Radar,73,24,32,3,132,0,0,5,0,5,73,24,37,3,137,0,0,0,137
06/25/2020,JAX,FL,ASO,ES,Combined TRACON& Tower with Radar,86,24,18,24,152,0,3,6,6,15,86,27,24,30,167,0,78,78,245
06/26/2020,JAX,FL,ASO,ES,Combined TRACON& Tower with Radar,89,20,30,11,150,0,2,3,4,9,89,22,33,15,159,0,16,16,175
06/27/2020,JAX,FL,ASO,ES,Combined TRACON& Tower with Radar,64,12,6,0,82,0,0,4,0,4,64,12,10,0,86,4,0,4,90
06/28/2020,JAX,FL,ASO,ES,Combined TRACON& Tower with Radar,79,12,18,0,109,0,1,3,0,4,79,13,21,0,113,4,0,4,117
06/29/2020,JAX,FL,ASO,ES,Combined TRACON& Tower with Radar,83,33,9,0,125,0,0,5,0,5,83,33,14,0,130,24,0,24,154
06/30/2020,JAX,FL,ASO,ES,Combined TRACON& Tower with Radar,74,20,18,17,129,0,0,2,13,15,74,20,20,30,144,0,60,60,204
07/01/2020,JAX,FL,ASO,ES,Combined TRACON& Tower with Radar,86,14,25,14,139,0,2,4,4,10,86,16,29,18,149,0,0,0,149
07/02/2020,JAX,FL,ASO,ES,Combined TRACON& Tower with Radar,92,22,27,3,144,0,0,8,3,11,92,22,35,6,155,0,8,8,163
07/03/2020,JAX,FL,ASO,ES,Combined TRACON& Tower with Radar,89,19,12,0,120,0,0,0,0,0,89,19,12,0,120,0,8,8,128
07/04/2020,JAX,FL,ASO,ES,Combined TRACON& Tower with Radar,58,9,11,0,78,0,0,2,0,2,58,9,13,0,80,0,0,0,80
07/05/2020,JAX,FL,ASO,ES,Combined TRACON& Tower with Radar,86,10,11,0,107,0,0,0,0,0,86,10,11,0,107,0,0,0,107
07/06/2020,JAX,FL,ASO,ES,Combined TRACON& Tower with Radar,87,13,25,10,135,0,0,2,2,4,87,13,27,12,139,2,0,2,141
07/07/2020,JAX,FL,ASO,ES,Combined TRACON& Tower with Radar,105,14,20,40,179,0,2,7,3,12,105,16,27,43,191,0,6,6,197
07/08/2020,JAX,FL,ASO,ES,Combined TRACON& Tower with Radar,104,19,24,9,156,0,0,3,11,14,104,19,27,20,170,4,34,38,208
07/09/2020,JAX,FL,ASO,ES,Combined TRACON& Tower with Radar,111,12,25,3,151,0,0,8,3,11,111,12,33,6,162,0,14,14,176
07/10/2020,JAX,FL,ASO,ES,Combined TRACON& Tower with Radar,110,11,16,7,144,0,0,5,0,5,110,11,21,7,149,0,0,0,149
07/11/2020,JAX,FL,ASO,ES,Combined TRACON& Tower with Radar,92,10,8,0,110,0,0,5,2,7,92,10,13,2,117,0,0,0,117
07/12/2020,JAX,FL,ASO,ES,Combined TRACON& Tower with Radar,104,9,14,2,129,0,2,6,0,8,104,11,20,2,137,0,0,0,137
07/13/2020,JAX,FL,ASO,ES,Combined TRACON& Tower with Radar,102,21,32,10,165,0,0,7,0,7,102,21,39,10,172,0,0,0,172
07/14/2020,JAX,FL,ASO,ES,Combined TRACON& Tower with Radar,104,16,23,19,162,0,2,1,0,3,104,18,24,19,165,2,0,2,167
07/15/2020,JAX,FL,ASO,ES,Combined TRACON& Tower with Radar,123,28,41,14,206,0,0,2,1,3,123,28,43,15,209,0,0,0,209
07/16/2020,JAX,FL,ASO,ES,Combined TRACON& Tower with Radar,117,28,18,22,185,0,10,5,3,18,117,38,23,25,203,0,4,4,207
07/17/2020,JAX,FL,ASO,ES,Combined TRACON& Tower with Radar,108,23,28,7,166,0,3,10,5,18,108,26,38,12,184,22,8,30,214
07/18/2020,JAX,FL,ASO,ES,Combined TRACON& Tower with Radar,91,14,14,4,123,0,4,8,0,12,91,18,22,4,135,10,0,10,145
07/19/2020,JAX,FL,ASO,ES,Combined TRACON& Tower with Radar,105,11,16,0,132,0,1,12,2,15,105,12,28,2,147,18,0,18,165
07/20/2020,JAX,FL,ASO,ES,Combined TRACON& Tower with Radar,111,19,24,5,159,0,5,5,1,11,111,24,29,6,170,4,0,4,174
07/21/2020,JAX,FL,ASO,ES,Combined TRACON& Tower with Radar,107,26,17,34,184,0,4,6,2,12,107,30,23,36,196,4,0,4,200
07/22/2020,JAX,FL,ASO,ES,Combined TRACON& Tower with Radar,104,19,13,7,143,0,6,8,7,21,104,25,21,14,164,0,26,26,190
07/23/2020,JAX,FL,ASO,ES,Combined TRACON& Tower with Radar,124,19,30,13,186,0,1,3,9,13,124,20,33,22,199,0,28,28,227
07/24/2020,JAX,FL,ASO,ES,Combined TRACON& Tower with Radar,110,42,25,10,187,1,6,10,1,18,111,48,35,11,205,0,0,0,205
07/25/2020,JAX,FL,ASO,ES,Combined TRACON& Tower with Radar,95,9,14,0,118,0,1,4,0,5,95,10,18,0,123,0,0,0,123
07/26/2020,JAX,FL,ASO,ES,Combined TRACON& Tower with Radar,111,7,24,2,144,0,2,6,2,10,111,9,30,4,154,0,0,0,154
07/27/2020,JAX,FL,ASO,ES,Combined TRACON& Tower with Radar,100,20,31,4,155,0,0,6,0,6,100,20,37,4,161,0,0,0,161
07/28/2020,JAX,FL,ASO,ES,Combined TRACON& Tower with Radar,103,13,24,23,163,0,3,8,4,15,103,16,32,27,178,0,34,34,212
07/29/2020,JAX,FL,ASO,ES,Combined TRACON& Tower with Radar,101,16,29,17,163,0,0,7,2,9,101,16,36,19,172,0,0,0,172
07/30/2020,JAX,FL,ASO,ES,Combined TRACON& Tower with Radar,103,27,27,10,167,0,0,5,2,7,103,27,32,12,174,0,8,8,182
07/31/2020,JAX,FL,ASO,ES,Combined TRACON& Tower with Radar,101,11,22,5,139,0,3,4,3,10,101,14,26,8,149,0,0,0,149
08/01/2020,JAX,FL,ASO,ES,Combined TRACON& Tower with Radar,81,15,17,0,113,0,0,5,0,5,81,15,22,0,118,0,0,0,118
08/02/2020,JAX,FL,ASO,ES,Combined TRACON& Tower with Radar,106,18,10,0,134,0,0,5,0,5,106,18,15,0,139,0,0,0,139
08/03/2020,JAX,FL,ASO,ES,Combined TRACON& Tower with Radar,104,25,18,2,149,0,4,3,0,7,104,29,21,2,156,4,0,4,160
08/04/2020,JAX,FL,ASO,ES,Combined TRACON& Tower with Radar,99,19,17,11,146,0,0,4,6,10,99,19,21,17,156,2,34,36,192
08/05/2020,JAX,FL,ASO,ES,Combined TRACON& Tower with Radar,98,29,31,8,166,0,13,5,2,20,98,42,36,10,186,0,10,10,196
08/06/2020,JAX,FL,ASO,ES,Combined TRACON& Tower with Radar,120,20,25,8,173,0,2,15,6,23,120,22,40,14,196,0,0,0,196
08/07/2020,JAX,FL,ASO,ES,Combined TRACON& Tower with Radar,115,13,23,18,169,0,0,2,4,6,115,13,25,22,175,6,60,66,241
08/08/2020,JAX,FL,ASO,ES,Combined TRACON& Tower with Radar,85,22,15,2,124,0,0,3,0,3,85,22,18,2,127,6,60,66,193
08/09/2020,JAX,FL,ASO,ES,Combined TRACON& Tower with Radar,110,18,30,0,158,0,0,4,0,4,110,18,34,0,162,0,0,0,162
08/10/2020,JAX,FL,ASO,ES,Combined TRACON& Tower with Radar,104,23,20,2,149,0,2,2,0,4,104,25,22,2,153,0,0,0,153
08/11/2020,JAX,FL,ASO,ES,Combined TRACON& Tower with Radar,101,25,21,11,158,0,0,5,6,11,101,25,26,17,169,0,14,14,183
08/12/2020,JAX,FL,ASO,ES,Combined TRACON& Tower with Radar,100,24,29,18,171,0,2,13,5,20,100,26,42,23,191,0,72,72,263
08/13/2020,JAX,FL,ASO,ES,Combined TRACON& Tower with Radar,122,20,27,4,173,0,1,3,7,11,122,21,30,11,184,0,40,40,224
08/14/2020,JAX,FL,ASO,ES,Combined TRACON& Tower with Radar,110,17,21,6,154,0,2,5,4,11,110,19,26,10,165,0,0,0,165
08/15/2020,JAX,FL,ASO,ES,Combined TRACON& Tower with Radar,88,8,6,0,102,0,0,0,0,0,88,8,6,0,102,0,0,0,102
08/16/2020,JAX,FL,ASO,ES,Combined TRACON& Tower with Radar,107,10,14,0,131,0,0,10,0,10,107,10,24,0,141,0,0,0,141
08/17/2020,JAX,FL,ASO,ES,Combined TRACON& Tower with Radar,98,25,15,9,147,0,0,8,2,10,98,25,23,11,157,0,22,22,179
08/18/2020,JAX,FL,ASO,ES,Combined TRACON& Tower with Radar,95,20,30,23,168,0,0,1,3,4,95,20,31,26,172,0,0,0,172
08/19/2020,JAX,FL,ASO,ES,Combined TRACON& Tower with Radar,93,16,30,12,151,0,4,5,4,13,93,20,35,16,164,2,6,8,172
08/20/2020,JAX,FL,ASO,ES,Combined TRACON& Tower with Radar,113,15,25,15,168,0,0,2,5,7,113,15,27,20,175,0,26,26,201
08/21/2020,JAX,FL,ASO,ES,Combined TRACON& Tower with Radar,109,22,33,4,168,0,3,3,0,6,109,25,36,4,174,0,0,0,174
08/22/2020,JAX,FL,ASO,ES,Combined TRACON& Tower with Radar,92,13,18,10,133,0,0,3,4,7,92,13,21,14,140,0,0,0,140
08/23/2020,JAX,FL,ASO,ES,Combined TRACON& Tower with Radar,108,13,12,0,133,0,0,2,0,2,108,13,14,0,135,0,0,0,135
08/24/2020,JAX,FL,ASO,ES,Combined TRACON& Tower with Radar,102,24,24,0,150,0,4,1,0,5,102,28,25,0,155,0,50,50,205
08/25/2020,JAX,FL,ASO,ES,Combined TRACON& Tower with Radar,95,29,22,34,180,0,0,5,7,12,95,29,27,41,192,0,114,114,306
08/26/2020,JAX,FL,ASO,ES,Combined TRACON& Tower with Radar,89,44,37,11,181,0,3,13,4,20,89,47,50,15,201,10,30,40,241
08/27/2020,JAX,FL,ASO,ES,Combined TRACON& Tower with Radar,109,34,44,18,205,0,4,8,2,14,109,38,52,20,219,0,40,40,259
08/28/2020,JAX,FL,ASO,ES,Combined TRACON& Tower with Radar,102,17,30,25,174,0,2,2,3,7,102,19,32,28,181,0,0,0,181
08/29/2020,JAX,FL,ASO,ES,Combined TRACON& Tower with Radar,91,9,8,0,108,0,1,5,5,11,91,10,13,5,119,0,0,0,119
08/30/2020,JAX,FL,ASO,ES,Combined TRACON& Tower with Radar,105,31,20,2,158,0,2,6,0,8,105,33,26,2,166,0,0,0,166
08/31/2020,JAX,FL,ASO,ES,Combined TRACON& Tower with Radar,97,28,20,20,165,0,2,4,3,9,97,30,24,23,174,0,0,0,174
09/01/2020,JAX,FL,ASO,ES,Combined TRACON& Tower with Radar,93,22,19,24,158,0,0,5,3,8,93,22,24,27,166,0,42,42,208
09/02/2020,JAX,FL,ASO,ES,Combined TRACON& Tower with Radar,96,26,30,7,159,0,2,5,1,8,96,28,35,8,167,0,0,0,167
09/03/2020,JAX,FL,ASO,ES,Combined TRACON& Tower with Radar,112,28,21,34,195,0,4,5,2,11,112,32,26,36,206,0,4,4,210
09/04/2020,JAX,FL,ASO,ES,Combined TRACON& Tower with Radar,107,13,32,1,153,1,0,4,2,7,108,13,36,3,160,0,0,0,160
09/05/2020,JAX,FL,ASO,ES,Combined TRACON& Tower with Radar,80,13,9,0,102,0,2,6,0,8,80,15,15,0,110,0,0,0,110
09/06/2020,JAX,FL,ASO,ES,Combined TRACON& Tower with Radar,74,10,12,0,96,0,0,0,0,0,74,10,12,0,96,0,0,0,96
09/07/2020,JAX,FL,ASO,ES,Combined TRACON& Tower with Radar,87,18,25,0,130,0,2,3,0,5,87,20,28,0,135,0,0,0,135
09/08/2020,JAX,FL,ASO,ES,Combined TRACON& Tower with Radar,76,21,14,7,118,0,0,4,5,9,76,21,18,12,127,0,0,0,127
09/09/2020,JAX,FL,ASO,ES,Combined TRACON& Tower with Radar,94,21,25,30,170,0,0,2,6,8,94,21,27,36,178,0,0,0,178
09/10/2020,JAX,FL,ASO,ES,Combined TRACON& Tower with Radar,104,33,18,12,167,0,0,5,5,10,104,33,23,17,177,0,46,46,223
09/11/2020,JAX,FL,ASO,ES,Combined TRACON& Tower with Radar,94,18,47,22,181,0,1,2,4,7,94,19,49,26,188,0,0,0,188
09/12/2020,JAX,FL,ASO,ES,Combined TRACON& Tower with Radar,80,11,10,15,116,0,0,3,0,3,80,11,13,15,119,0,0,0,119
09/13/2020,JAX,FL,ASO,ES,Combined TRACON& Tower with Radar,87,21,19,1,128,0,0,1,1,2,87,21,20,2,130,0,0,0,130
09/14/2020,JAX,FL,ASO,ES,Combined TRACON& Tower with Radar,95,22,28,20,165,0,0,4,9,13,95,22,32,29,178,0,26,26,204
09/15/2020,JAX,FL,ASO,ES,Combined TRACON& Tower with Radar,83,25,11,15,134,0,4,3,2,9,83,29,14,17,143,0,8,8,151
09/16/2020,JAX,FL,ASO,ES,Combined TRACON& Tower with Radar,95,31,20,7,153,0,4,0,0,4,95,35,20,7,157,0,0,0,157
09/17/2020,JAX,FL,ASO,ES,Combined TRACON& Tower with Radar,100,25,20,3,148,0,2,4,3,9,100,27,24,6,157,0,18,18,175
09/18/2020,JAX,FL,ASO,ES,Combined TRACON& Tower with Radar,95,18,34,25,172,0,0,5,7,12,95,18,39,32,184,4,60,64,248
09/19/2020,JAX,FL,ASO,ES,Combined TRACON& Tower with Radar,83,13,15,12,123,0,0,0,0,0,83,13,15,12,123,0,0,0,123
09/20/2020,JAX,FL,ASO,ES,Combined TRACON& Tower with Radar,88,17,15,0,120,0,0,0,0,0,88,17,15,0,120,0,0,0,120
09/21/2020,JAX,FL,ASO,ES,Combined TRACON& Tower with Radar,93,26,13,18,150,0,0,1,0,1,93,26,14,18,151,0,0,0,151
09/22/2020,JAX,FL,ASO,ES,Combined TRACON& Tower with Radar,84,30,29,16,159,0,4,10,7,21,84,34,39,23,180,0,52,52,232
09/23/2020,JAX,FL,ASO,ES,Combined TRACON& Tower with Radar,92,24,29,42,187,0,0,12,5,17,92,24,41,47,204,10,2,12,216
09/24/2020,JAX,FL,ASO,ES,Combined TRACON& Tower with Radar,106,17,49,6,178,0,0,12,0,12,106,17,61,6,190,6,20,26,216
09/25/2020,JAX,FL,ASO,ES,Combined TRACON& Tower with Radar,102,27,39,6,174,0,2,16,0,18,102,29,55,6,192,0,0,0,192
09/26/2020,JAX,FL,ASO,ES,Combined TRACON& Tower with Radar,78,8,20,0,106,0,0,12,0,12,78,8,32,0,118,20,0,20,138
09/27/2020,JAX,FL,ASO,ES,Combined TRACON& Tower with Radar,89,15,17,0,121,0,0,3,0,3,89,15,20,0,124,14,0,14,138
09/28/2020,JAX,FL,ASO,ES,Combined TRACON& Tower with Radar,93,23,11,21,148,0,1,2,0,3,93,24,13,21,151,0,0,0,151
09/29/2020,JAX,FL,ASO,ES,Combined TRACON& Tower with Radar,83,23,22,20,148,0,0,0,1,1,83,23,22,21,149,0,0,0,149
09/30/2020,JAX,FL,ASO,ES,Combined TRACON& Tower with Radar,92,15,30,14,151,0,7,4,2,13,92,22,34,16,164,0,0,0,164
10/01/2020,JAX,FL,ASO,ES,Combined TRACON& Tower with Radar,101,28,30,28,187,0,1,15,2,18,101,29,45,30,205,0,0,0,205
10/02/2020,JAX,FL,ASO,ES,Combined TRACON& Tower with Radar,97,23,17,7,144,0,0,1,0,1,97,23,18,7,145,0,0,0,145
10/03/2020,JAX,FL,ASO,ES,Combined TRACON& Tower with Radar,81,15,16,0,112,0,1,6,0,7,81,16,22,0,119,0,0,0,119
10/04/2020,JAX,FL,ASO,ES,Combined TRACON& Tower with Radar,88,26,27,1,142,0,0,4,0,4,88,26,31,1,146,0,0,0,146
10/05/2020,JAX,FL,ASO,ES,Combined TRACON& Tower with Radar,88,30,18,2,138,0,0,0,0,0,88,30,18,2,138,0,0,0,138
10/06/2020,JAX,FL,ASO,ES,Combined TRACON& Tower with Radar,77,19,22,24,142,0,0,7,5,12,77,19,29,29,154,0,14,14,168
10/07/2020,JAX,FL,ASO,ES,Combined TRACON& Tower with Radar,84,26,42,24,176,0,0,1,2,3,84,26,43,26,179,0,0,0,179
10/08/2020,JAX,FL,ASO,ES,Combined TRACON& Tower with Radar,102,31,49,5,187,0,1,5,3,9,102,32,54,8,196,0,0,0,196
10/09/2020,JAX,FL,ASO,ES,Combined TRACON& Tower with Radar,103,39,23,12,177,0,0,1,0,1,103,39,24,12,178,0,0,0,178
10/10/2020,JAX,FL,ASO,ES,Combined TRACON& Tower with Radar,80,28,15,0,123,0,5,0,0,5,80,33,15,0,128,0,0,0,128
10/11/2020,JAX,FL,ASO,ES,Combined TRACON& Tower with Radar,93,18,16,0,127,0,0,1,0,1,93,18,17,0,128,4,0,4,132
10/12/2020,JAX,FL,ASO,ES,Combined TRACON& Tower with Radar,91,30,35,0,156,0,0,7,0,7,91,30,42,0,163,0,0,0,163
10/13/2020,JAX,FL,ASO,ES,Combined TRACON& Tower with Radar,76,23,40,22,161,0,14,9,2,25,76,37,49,24,186,0,6,6,192
10/14/2020,JAX,FL,ASO,ES,Combined TRACON& Tower with Radar,84,44,32,10,170,0,10,2,2,14,84,54,34,12,184,0,34,34,218
10/15/2020,JAX,FL,ASO,ES,Combined TRACON& Tower with Radar,101,62,30,12,205,0,14,5,4,23,101,76,35,16,228,0,80,80,308
10/16/2020,JAX,FL,ASO,ES,Combined TRACON& Tower with Radar,103,33,26,27,189,0,2,9,2,13,103,35,35,29,202,0,0,0,202
10/17/2020,JAX,FL,ASO,ES,Combined TRACON& Tower with Radar,77,21,23,23,144,0,2,13,9,24,77,23,36,32,168,0,0,0,168
10/18/2020,JAX,FL,ASO,ES,Combined TRACON& Tower with Radar,92,28,40,0,160,0,0,4,2,6,92,28,44,2,166,2,0,2,168
10/19/2020,JAX,FL,ASO,ES,Combined TRACON& Tower with Radar,95,16,24,1,136,0,0,2,2,4,95,16,26,3,140,2,58,60,200
10/20/2020,JAX,FL,ASO,ES,Combined TRACON& Tower with Radar,84,35,38,23,180,0,1,0,8,9,84,36,38,31,189,0,106,106,295
10/21/2020,JAX,FL,ASO,ES,Combined TRACON& Tower with Radar,89,33,32,12,166,1,0,5,4,10,90,33,37,16,176,0,27,27,203
10/22/2020,JAX,FL,ASO,ES,Combined TRACON& Tower with Radar,100,27,34,11,172,0,1,7,3,11,100,28,41,14,183,0,0,0,183
10/23/2020,JAX,FL,ASO,ES,Combined TRACON& Tower with Radar,99,33,44,21,197,0,0,2,5,7,99,33,46,26,204,0,0,0,204
10/24/2020,JAX,FL,ASO,ES,Combined TRACON& Tower with Radar,76,15,22,1,114,0,2,5,5,12,76,17,27,6,126,12,0,12,138
10/25/2020,JAX,FL,ASO,ES,Combined TRACON& Tower with Radar,90,34,21,2,147,0,0,4,0,4,90,34,25,2,151,0,0,0,151
10/26/2020,JAX,FL,ASO,ES,Combined TRACON& Tower with Radar,95,44,25,5,169,0,1,3,2,6,95,45,28,7,175,0,0,0,175
10/27/2020,JAX,FL,ASO,ES,Combined TRACON& Tower with Radar,82,44,22,34,182,0,2,4,7,13,82,46,26,41,195,32,26,58,253
10/28/2020,JAX,FL,ASO,ES,Combined TRACON& Tower with Radar,88,39,33,8,168,0,0,7,1,8,88,39,40,9,176,0,16,16,192
10/29/2020,JAX,FL,ASO,ES,Combined TRACON& Tower with Radar,101,32,28,11,172,0,0,2,6,8,101,32,30,17,180,0,10,10,190
10/30/2020,JAX,FL,ASO,ES,Combined TRACON& Tower with Radar,101,30,28,11,170,0,2,9,3,14,101,32,37,14,184,0,18,18,202
10/31/2020,JAX,FL,ASO,ES,Combined TRACON& Tower with Radar,63,16,16,0,95,0,0,2,0,2,63,16,18,0,97,0,0,0,97
11/01/2020,JAX,FL,ASO,ES,Combined TRACON& Tower with Radar,86,23,24,3,136,0,0,1,0,1,86,23,25,3,137,0,0,0,137
11/02/2020,JAX,FL,ASO,ES,Combined TRACON& Tower with Radar,89,29,15,18,151,0,0,11,6,17,89,29,26,24,168,2,22,24,192
11/03/2020,JAX,FL,ASO,ES,Combined TRACON& Tower with Radar,80,23,22,17,142,0,3,15,5,23,80,26,37,22,165,18,86,104,269
11/04/2020,JAX,FL,ASO,ES,Combined TRACON& Tower with Radar,88,36,32,27,183,0,3,9,7,19,88,39,41,34,202,0,76,76,278
11/05/2020,JAX,FL,ASO,ES,Combined TRACON& Tower with Radar,115,32,24,19,190,0,0,6,2,8,115,32,30,21,198,2,10,12,210
11/06/2020,JAX,FL,ASO,ES,Combined TRACON& Tower with Radar,110,33,36,3,182,0,0,2,4,6,110,33,38,7,188,0,0,0,188
11/07/2020,JAX,FL,ASO,ES,Combined TRACON& Tower with Radar,85,26,17,0,128,0,0,1,0,1,85,26,18,0,129,0,0,0,129
11/08/2020,JAX,FL,ASO,ES,Combined TRACON& Tower with Radar,102,20,37,0,159,0,0,3,2,5,102,20,40,2,164,0,0,0,164
11/09/2020,JAX,FL,ASO,ES,Combined TRACON& Tower with Radar,112,20,19,21,172,0,0,0,1,1,112,20,19,22,173,0,34,34,207
11/10/2020,JAX,FL,ASO,ES,Combined TRACON& Tower with Radar,89,40,17,13,159,0,1,1,0,2,89,41,18,13,161,2,10,12,173
11/11/2020,JAX,FL,ASO,ES,Combined TRACON& Tower with Radar,96,30,36,2,164,0,1,1,0,2,96,31,37,2,166,0,0,0,166
11/12/2020,JAX,FL,ASO,ES,Combined TRACON& Tower with Radar,121,19,22,0,162,0,1,0,1,2,121,20,22,1,164,0,0,0,164
11/13/2020,JAX,FL,ASO,ES,Combined TRACON& Tower with Radar,118,27,29,8,182,0,2,6,1,9,118,29,35,9,191,0,0,0,191
11/14/2020,JAX,FL,ASO,ES,Combined TRACON& Tower with Radar,87,26,24,6,143,0,5,9,8,22,87,31,33,14,165,0,0,0,165
11/15/2020,JAX,FL,ASO,ES,Combined TRACON& Tower with Radar,102,15,36,0,153,0,0,4,0,4,102,15,40,0,157,0,0,0,157
11/16/2020,JAX,FL,ASO,ES,Combined TRACON& Tower with Radar,112,23,26,13,174,0,2,12,1,15,112,25,38,14,189,6,6,12,201
11/17/2020,JAX,FL,ASO,ES,Combined TRACON& Tower with Radar,89,12,38,12,151,0,9,5,18,32,89,21,43,30,183,0,88,88,271
11/18/2020,JAX,FL,ASO,ES,Combined TRACON& Tower with Radar,95,23,29,22,169,0,0,9,8,17,95,23,38,30,186,0,0,0,186
11/19/2020,JAX,FL,ASO,ES,Combined TRACON& Tower with Radar,119,31,28,13,191,0,2,2,6,10,119,33,30,19,201,0,42,42,243
11/20/2020,JAX,FL,ASO,ES,Combined TRACON& Tower with Radar,122,30,24,4,180,0,0,1,3,4,122,30,25,7,184,0,22,22,206
11/21/2020,JAX,FL,ASO,ES,Combined TRACON& Tower with Radar,105,28,14,0,147,0,0,5,0,5,105,28,19,0,152,0,0,0,152
11/22/2020,JAX,FL,ASO,ES,Combined TRACON& Tower with Radar,109,26,19,0,154,0,0,3,0,3,109,26,22,0,157,0,0,0,157
11/23/2020,JAX,FL,ASO,ES,Combined TRACON& Tower with Radar,103,18,14,8,143,0,4,3,2,9,103,22,17,10,152,0,44,44,196
11/24/2020,JAX,FL,ASO,ES,Combined TRACON& Tower with Radar,125,31,28,30,214,0,6,5,6,17,125,37,33,36,231,0,36,36,267
11/25/2020,JAX,FL,ASO,ES,Combined TRACON& Tower with Radar,129,25,10,12,176,0,3,12,4,19,129,28,22,16,195,0,0,0,195
11/26/2020,JAX,FL,ASO,ES,Combined TRACON& Tower with Radar,52,11,4,0,67,0,0,4,0,4,52,11,8,0,71,0,0,0,71
11/27/2020,JAX,FL,ASO,ES,Combined TRACON& Tower with Radar,92,15,14,2,123,0,2,5,0,7,92,17,19,2,130,0,0,0,130
11/28/2020,JAX,FL,ASO,ES,Combined TRACON& Tower with Radar,110,29,15,0,154,0,0,0,0,0,110,29,15,0,154,0,0,0,154
11/29/2020,JAX,FL,ASO,ES,Combined TRACON& Tower with Radar,126,17,30,0,173,0,0,2,0,2,126,17,32,0,175,0,0,0,175
11/30/2020,JAX,FL,ASO,ES,Combined TRACON& Tower with Radar,126,25,23,44,218,0,0,2,4,6,126,25,25,48,224,0,12,12,236
12/01/2020,JAX,FL,ASO,ES,Combined TRACON& Tower with Radar,115,10,36,12,173,0,4,6,3,13,115,14,42,15,186,0,32,32,218
12/02/2020,JAX,FL,ASO,ES,Combined TRACON& Tower with Radar,89,12,27,13,141,0,1,11,4,16,89,13,38,17,157,4,4,8,165
12/03/2020,JAX,FL,ASO,ES,Combined TRACON& Tower with Radar,112,22,36,16,186,0,2,13,6,21,112,24,49,22,207,0,38,38,245
12/04/2020,JAX,FL,ASO,ES,Combined TRACON& Tower with Radar,108,38,32,18,196,0,4,9,5,18,108,42,41,23,214,0,4,4,218
12/05/2020,JAX,FL,ASO,ES,Combined TRACON& Tower with Radar,79,23,18,3,123,0,0,6,3,9,79,23,24,6,132,0,0,0,132
12/06/2020,JAX,FL,ASO,ES,Combined TRACON& Tower with Radar,102,21,19,4,146,0,3,9,0,12,102,24,28,4,158,2,0,2,160
12/07/2020,JAX,FL,ASO,ES,Combined TRACON& Tower with Radar,104,24,15,39,182,0,3,0,8,11,104,27,15,47,193,0,93,93,286
12/08/2020,JAX,FL,ASO,ES,Combined TRACON& Tower with Radar,86,14,22,8,130,0,9,5,1,15,86,23,27,9,145,0,14,14,159
12/09/2020,JAX,FL,ASO,ES,Combined TRACON& Tower with Radar,92,31,23,9,155,0,8,4,6,18,92,39,27,15,173,10,28,38,211
12/10/2020,JAX,FL,ASO,ES,Combined TRACON& Tower with Radar,111,18,19,6,154,0,0,4,2,6,111,18,23,8,160,0,20,20,180
12/11/2020,JAX,FL,ASO,ES,Combined TRACON& Tower with Radar,106,16,28,9,159,0,6,10,5,21,106,22,38,14,180,0,0,0,180
12/12/2020,JAX,FL,ASO,ES,Combined TRACON& Tower with Radar,73,18,10,2,103,0,0,6,0,6,73,18,16,2,109,0,0,0,109
12/13/2020,JAX,FL,ASO,ES,Combined TRACON& Tower with Radar,100,18,20,2,140,0,0,2,2,4,100,18,22,4,144,0,0,0,144
12/14/2020,JAX,FL,ASO,ES,Combined TRACON& Tower with Radar,98,24,19,0,141,0,0,0,0,0,98,24,19,0,141,6,0,6,147
12/15/2020,JAX,FL,ASO,ES,Combined TRACON& Tower with Radar,93,13,15,13,134,0,1,4,1,6,93,14,19,14,140,0,24,24,164
12/16/2020,JAX,FL,ASO,ES,Combined TRACON& Tower with Radar,95,22,17,0,134,0,0,0,2,2,95,22,17,2,136,0,0,0,136
12/17/2020,JAX,FL,ASO,ES,Combined TRACON& Tower with Radar,119,26,30,25,200,0,3,3,5,11,119,29,33,30,211,0,0,0,211
12/18/2020,JAX,FL,ASO,ES,Combined TRACON& Tower with Radar,131,26,33,6,196,0,3,5,0,8,131,29,38,6,204,0,48,48,252
12/19/2020,JAX,FL,ASO,ES,Combined TRACON& Tower with Radar,128,29,35,9,201,0,1,5,1,7,128,30,40,10,208,8,0,8,216
12/20/2020,JAX,FL,ASO,ES,Combined TRACON& Tower with Radar,132,29,22,7,190,0,0,1,0,1,132,29,23,7,191,0,0,0,191
12/21/2020,JAX,FL,ASO,ES,Combined TRACON& Tower with Radar,124,29,27,8,188,0,0,4,2,6,124,29,31,10,194,0,14,14,208
12/22/2020,JAX,FL,ASO,ES,Combined TRACON& Tower with Radar,132,20,21,11,184,0,0,7,2,9,132,20,28,13,193,0,0,0,193
12/23/2020,JAX,FL,ASO,ES,Combined TRACON& Tower with Radar,136,41,22,11,210,0,3,10,1,14,136,44,32,12,224,0,0,0,224
12/24/2020,JAX,FL,ASO,ES,Combined TRACON& Tower with Radar,94,13,4,0,111,0,3,0,0,3,94,16,4,0,114,0,0,0,114
12/25/2020,JAX,FL,ASO,ES,Combined TRACON& Tower with Radar,60,11,2,0,73,0,0,0,0,0,60,11,2,0,73,0,0,0,73
12/26/2020,JAX,FL,ASO,ES,Combined TRACON& Tower with Radar,105,34,17,0,156,0,0,3,0,3,105,34,20,0,159,0,0,0,159
12/27/2020,JAX,FL,ASO,ES,Combined TRACON& Tower with Radar,126,26,21,0,173,0,0,6,0,6,126,26,27,0,179,0,0,0,179
12/28/2020,JAX,FL,ASO,ES,Combined TRACON& Tower with Radar,111,26,14,0,151,0,2,3,2,7,111,28,17,2,158,0,0,0,158
12/29/2020,JAX,FL,ASO,ES,Combined TRACON& Tower with Radar,126,36,14,11,187,0,0,3,4,7,126,36,17,15,194,0,0,0,194
12/30/2020,JAX,FL,ASO,ES,Combined TRACON& Tower with Radar,120,22,16,7,165,0,0,10,3,13,120,22,26,10,178,0,6,6,184
12/31/2020,JAX,FL,ASO,ES,Combined TRACON& Tower with Radar,99,23,23,6,151,0,1,8,2,11,99,24,31,8,162,0,2,2,164
01/01/2021,JAX,FL,ASO,ES,Combined TRACON& Tower with Radar,78,18,14,2,112,0,0,6,0,6,78,18,20,2,118,0,0,0,118
01/02/2021,JAX,FL,ASO,ES,Combined TRACON& Tower with Radar,112,26,32,0,170,0,0,3,0,3,112,26,35,0,173,0,0,0,173
01/03/2021,JAX,FL,ASO,ES,Combined TRACON& Tower with Radar,126,26,33,0,185,0,0,8,0,8,126,26,41,0,193,0,0,0,193
01/04/2021,JAX,FL,ASO,ES,Combined TRACON& Tower with Radar,106,23,18,2,149,0,0,12,3,15,106,23,30,5,164,24,10,34,198
01/05/2021,JAX,FL,ASO,ES,Combined TRACON& Tower with Radar,90,22,23,8,143,0,0,9,5,14,90,22,32,13,157,0,10,10,167
01/06/2021,JAX,FL,ASO,ES,Combined TRACON& Tower with Radar,88,13,21,8,130,0,3,16,1,20,88,16,37,9,150,0,0,0,150
01/07/2021,JAX,FL,ASO,ES,Combined TRACON& Tower with Radar,108,21,30,27,186,0,2,3,4,9,108,23,33,31,195,0,55,55,250
01/08/2021,JAX,FL,ASO,ES,Combined TRACON& Tower with Radar,111,29,22,38,200,0,2,0,11,13,111,31,22,49,213,0,0,0,213
01/09/2021,JAX,FL,ASO,ES,Combined TRACON& Tower with Radar,85,12,20,30,147,0,1,0,2,3,85,13,20,32,150,0,0,0,150
01/10/2021,JAX,FL,ASO,ES,Combined TRACON& Tower with Radar,105,16,25,2,148,0,0,9,0,9,105,16,34,2,157,0,0,0,157
01/11/2021,JAX,FL,ASO,ES,Combined TRACON& Tower with Radar,101,23,20,5,149,0,0,3,3,6,101,23,23,8,155,2,26,28,183
01/12/2021,JAX,FL,ASO,ES,Combined TRACON& Tower with Radar,87,17,18,14,136,0,0,0,5,5,87,17,18,19,141,0,50,50,191
01/13/2021,JAX,FL,ASO,ES,Combined TRACON& Tower with Radar,81,14,28,25,148,1,0,2,5,8,82,14,30,30,156,4,42,46,202
01/14/2021,JAX,FL,ASO,ES,Combined TRACON& Tower with Radar,111,19,28,41,199,0,2,19,5,26,111,21,47,46,225,0,65,65,290
01/15/2021,JAX,FL,ASO,ES,Combined TRACON& Tower with Radar,115,31,34,10,190,0,0,6,2,8,115,31,40,12,198,0,0,0,198
01/16/2021,JAX,FL,ASO,ES,Combined TRACON& Tower with Radar,80,17,11,0,108,0,0,16,0,16,80,17,27,0,124,4,0,4,128
01/17/2021,JAX,FL,ASO,ES,Combined TRACON& Tower with Radar,104,12,27,1,144,0,0,15,0,15,104,12,42,1,159,2,0,2,161
01/18/2021,JAX,FL,ASO,ES,Combined TRACON& Tower with Radar,96,26,26,1,149,0,3,13,0,16,96,29,39,1,165,2,0,2,167
01/19/2021,JAX,FL,ASO,ES,Combined TRACON& Tower with Radar,84,21,33,40,178,0,9,16,0,25,84,30,49,40,203,4,2,6,209
01/20/2021,JAX,FL,ASO,ES,Combined TRACON& Tower with Radar,85,19,38,31,173,0,5,16,5,26,85,24,54,36,199,4,50,54,253
01/21/2021,JAX,FL,ASO,ES,Combined TRACON& Tower with Radar,110,31,28,23,192,0,7,9,13,29,110,38,37,36,221,4,90,94,315
01/22/2021,JAX,FL,ASO,ES,Combined TRACON& Tower with Radar,118,42,26,18,204,0,0,1,0,1,118,42,27,18,205,0,0,0,205
01/23/2021,JAX,FL,ASO,ES,Combined TRACON& Tower with Radar,79,18,20,0,117,0,0,8,4,12,79,18,28,4,129,0,0,0,129
01/24/2021,JAX,FL,ASO,ES,Combined TRACON& Tower with Radar,104,23,26,0,153,0,0,12,2,14,104,23,38,2,167,0,0,0,167
01/25/2021,JAX,FL,ASO,ES,Combined TRACON& Tower with Radar,96,32,19,4,151,0,0,1,7,8,96,32,20,11,159,0,22,22,181
01/26/2021,JAX,FL,ASO,ES,Combined TRACON& Tower with Radar,83,27,36,24,170,0,0,13,12,25,83,27,49,36,195,2,30,32,227
01/27/2021,JAX,FL,ASO,ES,Combined TRACON& Tower with Radar,86,29,37,17,169,0,0,2,2,4,86,29,39,19,173,0,0,0,173
01/28/2021,JAX,FL,ASO,ES,Combined TRACON& Tower with Radar,105,28,33,10,176,0,3,11,4,18,105,31,44,14,194,0,0,0,194
01/29/2021,JAX,FL,ASO,ES,Combined TRACON& Tower with Radar,114,26,24,10,174,0,0,9,9,18,114,26,33,19,192,4,0,4,196
01/30/2021,JAX,FL,ASO,ES,Combined TRACON& Tower with Radar,75,28,19,1,123,0,1,18,0,19,75,29,37,1,142,0,0,0,142
01/31/2021,JAX,FL,ASO,ES,Combined TRACON& Tower with Radar,98,15,10,1,124,0,0,3,0,3,98,15,13,1,127,0,0,0,127
02/01/2021,JAX,FL,ASO,ES,Combined TRACON& Tower with Radar,85,31,14,15,145,0,0,2,15,17,85,31,16,30,162,0,70,70,232
02/02/2021,JAX,FL,ASO,ES,Combined TRACON& Tower with Radar,79,18,13,27,137,0,3,2,12,17,79,21,15,39,154,4,76,80,234
02/03/2021,JAX,FL,ASO,ES,Combined TRACON& Tower with Radar,87,22,25,13,147,0,2,11,18,31,87,24,36,31,178,0,28,28,206
02/04/2021,JAX,FL,ASO,ES,Combined TRACON& Tower with Radar,107,35,34,7,183,0,2,14,12,28,107,37,48,19,211,0,0,0,211
02/05/2021,JAX,FL,ASO,ES,Combined TRACON& Tower with Radar,111,29,54,8,202,0,2,2,1,5,111,31,56,9,207,0,0,0,207
02/06/2021,JAX,FL,ASO,ES,Combined TRACON& Tower with Radar,80,27,17,0,124,0,0,1,0,1,80,27,18,0,125,0,0,0,125
02/07/2021,JAX,FL,ASO,ES,Combined TRACON& Tower with Radar,93,17,22,3,135,0,0,4,0,4,93,17,26,3,139,0,0,0,139
02/08/2021,JAX,FL,ASO,ES,Combined TRACON& Tower with Radar,96,39,36,2,173,0,1,7,0,8,96,40,43,2,181,0,0,0,181
02/09/2021,JAX,FL,ASO,ES,Combined TRACON& Tower with Radar,90,26,21,10,147,0,2,1,0,3,90,28,22,10,150,0,0,0,150
02/10/2021,JAX,FL,ASO,ES,Combined TRACON& Tower with Radar,90,24,32,25,171,0,0,3,11,14,90,24,35,36,185,0,0,0,185
02/11/2021,JAX,FL,ASO,ES,Combined TRACON& Tower with Radar,115,37,62,24,238,0,2,4,1,7,115,39,66,25,245,0,0,0,245
02/12/2021,JAX,FL,ASO,ES,Combined TRACON& Tower with Radar,122,32,27,14,195,0,0,0,0,0,122,32,27,14,195,0,0,0,195
02/13/2021,JAX,FL,ASO,ES,Combined TRACON& Tower with Radar,90,25,16,2,133,0,0,0,0,0,90,25,16,2,133,0,0,0,133
02/14/2021,JAX,FL,ASO,ES,Combined TRACON& Tower with Radar,99,20,12,0,131,0,0,0,0,0,99,20,12,0,131,0,0,0,131
02/15/2021,JAX,FL,ASO,ES,Combined TRACON& Tower with Radar,90,26,14,3,133,0,0,1,0,1,90,26,15,3,134,0,0,0,134
02/16/2021,JAX,FL,ASO,ES,Combined TRACON& Tower with Radar,70,19,29,8,126,0,2,11,2,15,70,21,40,10,141,0,0,0,141
02/17/2021,JAX,FL,ASO,ES,Combined TRACON& Tower with Radar,73,40,24,14,151,0,1,4,4,9,73,41,28,18,160,0,58,58,218
02/18/2021,JAX,FL,ASO,ES,Combined TRACON& Tower with Radar,96,41,44,41,222,0,4,5,7,16,96,45,49,48,238,14,112,126,364
02/19/2021,JAX,FL,ASO,ES,Combined TRACON& Tower with Radar,113,41,27,15,196,0,0,0,2,2,113,41,27,17,198,0,0,0,198
02/20/2021,JAX,FL,ASO,ES,Combined TRACON& Tower with Radar,85,33,17,9,144,0,2,9,4,15,85,35,26,13,159,20,0,20,179
02/21/2021,JAX,FL,ASO,ES,Combined TRACON& Tower with Radar,115,30,24,6,175,0,0,6,1,7,115,30,30,7,182,0,0,0,182
02/22/2021,JAX,FL,ASO,ES,Combined TRACON& Tower with Radar,111,34,34,10,189,0,2,6,1,9,111,36,40,11,198,0,0,0,198
02/23/2021,JAX,FL,ASO,ES,Combined TRACON& Tower with Radar,92,22,31,18,163,0,0,12,9,21,92,22,43,27,184,2,129,131,315
02/24/2021,JAX,FL,ASO,ES,Combined TRACON& Tower with Radar,93,34,27,23,177,0,8,8,12,28,93,42,35,35,205,0,83,83,288
02/25/2021,JAX,FL,ASO,ES,Combined TRACON& Tower with Radar,122,32,34,23,211,0,5,11,7,23,122,37,45,30,234,0,58,58,292
02/26/2021,JAX,FL,ASO,ES,Combined TRACON& Tower with Radar,132,37,26,24,219,0,1,14,2,17,132,38,40,26,236,0,0,0,236
02/27/2021,JAX,FL,ASO,ES,Combined TRACON& Tower with Radar,83,34,23,6,146,0,1,10,0,11,83,35,33,6,157,0,0,0,157
02/28/2021,JAX,FL,ASO,ES,Combined TRACON& Tower with Radar,115,21,25,9,170,0,0,12,0,12,115,21,37,9,182,12,0,12,194
03/01/2021,JAX,FL,ASO,ES,Combined TRACON& Tower with Radar,111,40,9,13,173,0,2,4,5,11,111,42,13,18,184,0,24,24,208
03/02/2021,JAX,FL,ASO,ES,Combined TRACON& Tower with Radar,96,32,18,29,175,0,0,0,0,0,96,32,18,29,175,0,0,0,175
03/03/2021,JAX,FL,ASO,ES,Combined TRACON& Tower with Radar,99,22,32,20,173,0,0,0,5,5,99,22,32,25,178,0,0,0,178
03/04/2021,JAX,FL,ASO,ES,Combined TRACON& Tower with Radar,130,39,44,26,239,0,2,25,12,39,130,41,69,38,278,0,0,0,278
03/05/2021,JAX,FL,ASO,ES,Combined TRACON& Tower with Radar,138,24,36,13,211,0,4,13,3,20,138,28,49,16,231,0,0,0,231
03/06/2021,JAX,FL,ASO,ES,Combined TRACON& Tower with Radar,107,15,23,14,159,0,0,1,2,3,107,15,24,16,162,0,0,0,162
03/07/2021,JAX,FL,ASO,ES,Combined TRACON& Tower with Radar,126,18,34,2,180,0,1,17,0,18,126,19,51,2,198,12,0,12,210
03/08/2021,JAX,FL,ASO,ES,Combined TRACON& Tower with Radar,137,19,26,9,191,0,4,6,3,13,137,23,32,12,204,2,0,2,206
03/09/2021,JAX,FL,ASO,ES,Combined TRACON& Tower with Radar,118,18,30,11,177,1,0,7,7,15,119,18,37,18,192,0,24,24,216
03/10/2021,JAX,FL,ASO,ES,Combined TRACON& Tower with Radar,123,41,48,13,225,1,8,7,6,22,124,49,55,19,247,0,0,0,247
03/11/2021,JAX,FL,ASO,ES,Combined TRACON& Tower with Radar,141,24,41,5,211,0,4,7,3,14,141,28,48,8,225,0,0,0,225
03/12/2021,JAX,FL,ASO,ES,Combined TRACON& Tower with Radar,149,39,26,33,247,0,0,9,3,12,149,39,35,36,259,0,89,89,348
03/13/2021,JAX,FL,ASO,ES,Combined TRACON& Tower with Radar,112,30,30,14,186,0,1,2,4,7,112,31,32,18,193,0,14,14,207
03/14/2021,JAX,FL,ASO,ES,Combined TRACON& Tower with Radar,132,19,27,10,188,0,0,6,1,7,132,19,33,11,195,0,0,0,195
03/15/2021,JAX,FL,ASO,ES,Combined TRACON& Tower with Radar,132,26,21,7,186,0,0,8,1,9,132,26,29,8,195,0,0,0,195
03/16/2021,JAX,FL,ASO,ES,Combined TRACON& Tower with Radar,129,16,29,16,190,0,0,9,8,17,129,16,38,24,207,8,8,16,223
03/17/2021,JAX,FL,ASO,ES,Combined TRACON& Tower with Radar,125,43,29,42,239,0,1,3,5,9,125,44,32,47,248,0,76,76,324
03/18/2021,JAX,FL,ASO,ES,Combined TRACON& Tower with Radar,145,32,17,18,212,0,0,3,5,8,145,32,20,23,220,0,22,22,242
03/19/2021,JAX,FL,ASO,ES,Combined TRACON& Tower with Radar,147,42,32,11,232,0,2,7,0,9,147,44,39,11,241,0,22,22,263
03/20/2021,JAX,FL,ASO,ES,Combined TRACON& Tower with Radar,147,28,27,6,208,0,2,2,0,4,147,30,29,6,212,0,0,0,212
03/21/2021,JAX,FL,ASO,ES,Combined TRACON& Tower with Radar,142,30,26,2,200,0,0,0,0,0,142,30,26,2,200,0,0,0,200
03/22/2021,JAX,FL,ASO,ES,Combined TRACON& Tower with Radar,135,33,19,7,194,0,0,4,0,4,135,33,23,7,198,0,0,0,198
03/23/2021,JAX,FL,ASO,ES,Combined TRACON& Tower with Radar,152,36,47,14,249,0,2,14,3,19,152,38,61,17,268,4,70,74,342
03/24/2021,JAX,FL,ASO,ES,Combined TRACON& Tower with Radar,131,33,41,18,223,0,0,4,12,16,131,33,45,30,239,0,16,16,255
03/25/2021,JAX,FL,ASO,ES,Combined TRACON& Tower with Radar,148,41,31,21,241,0,0,6,13,19,148,41,37,34,260,0,52,52,312
03/26/2021,JAX,FL,ASO,ES,Combined TRACON& Tower with Radar,148,47,48,13,256,0,1,9,1,11,148,48,57,14,267,4,0,4,271
03/27/2021,JAX,FL,ASO,ES,Combined TRACON& Tower with Radar,117,21,34,13,185,0,0,7,3,10,117,21,41,16,195,12,0,12,207
03/28/2021,JAX,FL,ASO,ES,Combined TRACON& Tower with Radar,133,27,21,10,191,0,0,10,0,10,133,27,31,10,201,0,0,0,201
03/29/2021,JAX,FL,ASO,ES,Combined TRACON& Tower with Radar,137,35,45,15,232,0,5,10,1,16,137,40,55,16,248,0,0,0,248
03/30/2021,JAX,FL,ASO,ES,Combined TRACON& Tower with Radar,135,23,24,10,192,0,0,3,2,5,135,23,27,12,197,0,30,30,227
03/31/2021,JAX,FL,ASO,ES,Combined TRACON& Tower with Radar,134,20,35,28,217,0,1,8,3,12,134,21,43,31,229,0,28,28,257
04/01/2021,JAX,FL,ASO,ES,Combined TRACON& Tower with Radar,146,19,32,10,207,0,2,5,1,8,146,21,37,11,215,4,0,4,219
04/02/2021,JAX,FL,ASO,ES,Combined TRACON& Tower with Radar,154,28,22,0,204,0,0,6,0,6,154,28,28,0,210,0,0,0,210
04/03/2021,JAX,FL,ASO,ES,Combined TRACON& Tower with Radar,124,22,33,0,179,0,0,2,0,2,124,22,35,0,181,4,0,4,185
04/04/2021,JAX,FL,ASO,ES,Combined TRACON& Tower with Radar,145,16,26,0,187,0,0,13,0,13,145,16,39,0,200,0,0,0,200
04/05/2021,JAX,FL,ASO,ES,Combined TRACON& Tower with Radar,142,44,25,6,217,0,0,8,2,10,142,44,33,8,227,0,2,2,229
04/06/2021,JAX,FL,ASO,ES,Combined TRACON& Tower with Radar,132,28,35,11,206,0,3,13,5,21,132,31,48,16,227,0,28,28,255
04/07/2021,JAX,FL,ASO,ES,Combined TRACON& Tower with Radar,134,39,37,18,228,0,3,22,10,35,134,42,59,28,263,16,44,60,323
04/08/2021,JAX,FL,ASO,ES,Combined TRACON& Tower with Radar,154,34,39,23,250,0,4,6,5,15,154,38,45,28,265,0,24,24,289
04/09/2021,JAX,FL,ASO,ES,Combined TRACON& Tower with Radar,151,39,32,17,239,0,0,8,7,15,151,39,40,24,254,0,0,0,254
04/10/2021,JAX,FL,ASO,ES,Combined TRACON& Tower with Radar,129,25,17,3,174,0,0,5,0,5,129,25,22,3,179,0,0,0,179
04/11/2021,JAX,FL,ASO,ES,Combined TRACON& Tower with Radar,139,26,24,2,191,0,1,5,0,6,139,27,29,2,197,0,0,0,197
04/12/2021,JAX,FL,ASO,ES,Combined TRACON& Tower with Radar,133,33,36,10,212,0,3,6,13,22,133,36,42,23,234,0,34,34,268
04/13/2021,JAX,FL,ASO,ES,Combined TRACON& Tower with Radar,121,25,34,16,196,0,4,17,8,29,121,29,51,24,225,18,54,72,297
04/14/2021,JAX,FL,ASO,ES,Combined TRACON& Tower with Radar,125,42,42,29,238,0,6,12,13,31,125,48,54,42,269,30,60,90,359
04/15/2021,JAX,FL,ASO,ES,Combined TRACON& Tower with Radar,150,26,47,35,258,0,3,10,11,24,150,29,57,46,282,0,114,114,396
04/16/2021,JAX,FL,ASO,ES,Combined TRACON& Tower with Radar,149,32,24,12,217,0,0,2,4,6,149,32,26,16,223,0,0,0,223
04/17/2021,JAX,FL,ASO,ES,Combined TRACON& Tower with Radar,121,20,25,7,173,0,0,5,0,5,121,20,30,7,178,0,0,0,178
04/18/2021,JAX,FL,ASO,ES,Combined TRACON& Tower with Radar,140,18,23,2,183,0,0,0,1,1,140,18,23,3,184,0,0,0,184
04/19/2021,JAX,FL,ASO,ES,Combined TRACON& Tower with Radar,147,19,38,2,206,0,2,5,1,8,147,21,43,3,214,20,50,70,284
04/20/2021,JAX,FL,ASO,ES,Combined TRACON& Tower with Radar,144,26,38,12,220,0,0,7,9,16,144,26,45,21,236,0,16,16,252
04/21/2021,JAX,FL,ASO,ES,Combined TRACON& Tower with Radar,130,34,42,13,219,0,6,3,3,12,130,40,45,16,231,10,12,22,253
04/22/2021,JAX,FL,ASO,ES,Combined TRACON& Tower with Radar,158,30,42,14,244,0,0,7,4,11,158,30,49,18,255,0,0,0,255
04/23/2021,JAX,FL,ASO,ES,Combined TRACON& Tower with Radar,148,35,25,7,215,0,2,10,4,16,148,37,35,11,231,8,2,10,241
04/24/2021,JAX,FL,ASO,ES,Combined TRACON& Tower with Radar,115,39,38,5,197,0,0,1,0,1,115,39,39,5,198,0,0,0,198
04/25/2021,JAX,FL,ASO,ES,Combined TRACON& Tower with Radar,156,41,66,3,266,0,0,11,0,11,156,41,77,3,277,0,0,0,277
04/26/2021,JAX,FL,ASO,ES,Combined TRACON& Tower with Radar,145,38,40,5,228,0,2,11,4,17,145,40,51,9,245,0,44,44,289
04/27/2021,JAX,FL,ASO,ES,Combined TRACON& Tower with Radar,123,37,29,19,208,0,2,15,3,20,123,39,44,22,228,66,100,166,394
04/28/2021,JAX,FL,ASO,ES,Combined TRACON& Tower with Radar,123,35,32,10,200,0,0,12,7,19,123,35,44,17,219,60,88,148,367
04/29/2021,JAX,FL,ASO,ES,Combined TRACON& Tower with Radar,149,31,36,8,224,0,0,9,7,16,149,31,45,15,240,26,28,54,294
04/30/2021,JAX,FL,ASO,ES,Combined TRACON& Tower with Radar,150,37,38,4,229,0,2,15,5,22,150,39,53,9,251,24,16,40,291
05/01/2021,JAX,FL,ASO,ES,Combined TRACON& Tower with Radar,117,23,26,6,172,0,1,14,3,18,117,24,40,9,190,0,0,0,190
05/02/2021,JAX,FL,ASO,ES,Combined TRACON& Tower with Radar,133,22,31,0,186,0,0,7,0,7,133,22,38,0,193,0,0,0,193
05/03/2021,JAX,FL,ASO,ES,Combined TRACON& Tower with Radar,137,28,21,2,188,0,2,8,0,10,137,30,29,2,198,0,0,0,198
05/04/2021,JAX,FL,ASO,ES,Combined TRACON& Tower with Radar,128,16,41,18,203,0,0,10,2,12,128,16,51,20,215,0,2,2,217
05/05/2021,JAX,FL,ASO,ES,Combined TRACON& Tower with Radar,136,29,42,8,215,0,0,5,4,9,136,29,47,12,224,16,0,16,240
05/06/2021,JAX,FL,ASO,ES,Combined TRACON& Tower with Radar,162,45,40,10,257,0,0,2,5,7,162,45,42,15,264,0,14,14,278
05/07/2021,JAX,FL,ASO,ES,Combined TRACON& Tower with Radar,162,50,27,10,249,0,0,9,1,10,162,50,36,11,259,0,0,0,259
05/08/2021,JAX,FL,ASO,ES,Combined TRACON& Tower with Radar,133,20,24,11,188,0,1,9,1,11,133,21,33,12,199,4,8,12,211
05/09/2021,JAX,FL,ASO,ES,Combined TRACON& Tower with Radar,144,26,24,4,198,0,2,9,0,11,144,28,33,4,209,0,0,0,209
05/10/2021,JAX,FL,ASO,ES,Combined TRACON& Tower with Radar,155,35,44,7,241,0,0,2,0,2,155,35,46,7,243,0,0,0,243
05/11/2021,JAX,FL,ASO,ES,Combined TRACON& Tower with Radar,144,15,45,13,217,0,0,8,9,17,144,15,53,22,234,20,90,110,344
05/12/2021,JAX,FL,ASO,ES,Combined TRACON& Tower with Radar,149,21,33,13,216,0,2,5,5,12,149,23,38,18,228,6,14,20,248
05/13/2021,JAX,FL,ASO,ES,Combined TRACON& Tower with Radar,166,30,38,13,247,0,2,2,1,5,166,32,40,14,252,0,12,12,264
05/14/2021,JAX,FL,ASO,ES,Combined TRACON& Tower with Radar,166,33,38,12,249,0,2,5,4,11,166,35,43,16,260,0,0,0,260
05/15/2021,JAX,FL,ASO,ES,Combined TRACON& Tower with Radar,131,17,22,0,170,0,0,8,0,8,131,17,30,0,178,0,0,0,178
05/16/2021,JAX,FL,ASO,ES,Combined TRACON& Tower with Radar,149,35,35,2,221,0,1,15,0,16,149,36,50,2,237,0,0,0,237
05/17/2021,JAX,FL,ASO,ES,Combined TRACON& Tower with Radar,150,44,26,36,256,0,4,4,4,12,150,48,30,40,268,0,0,0,268
05/18/2021,JAX,FL,ASO,ES,Combined TRACON& Tower with Radar,153,35,28,18,234,0,1,5,6,12,153,36,33,24,246,0,10,10,256
05/19/2021,JAX,FL,ASO,ES,Combined TRACON& Tower with Radar,154,48,41,19,262,0,2,8,9,19,154,50,49,28,281,4,46,50,331
05/20/2021,JAX,FL,ASO,ES,Combined TRACON& Tower with Radar,159,38,40,19,256,0,2,4,3,9,159,40,44,22,265,6,30,36,301
05/21/2021,JAX,FL,ASO,ES,Combined TRACON& Tower with Radar,164,46,50,39,299,0,0,4,3,7,164,46,54,42,306,0,0,0,306
05/22/2021,JAX,FL,ASO,ES,Combined TRACON& Tower with Radar,133,13,27,48,221,0,0,3,0,3,133,13,30,48,224,0,4,4,228
05/23/2021,JAX,FL,ASO,ES,Combined TRACON& Tower with Radar,153,36,40,7,236,0,2,9,1,12,153,38,49,8,248,0,0,0,248
05/24/2021,JAX,FL,ASO,ES,Combined TRACON& Tower with Radar,154,38,30,8,230,0,2,15,4,21,154,40,45,12,251,24,0,24,275
05/25/2021,JAX,FL,ASO,ES,Combined TRACON& Tower with Radar,154,26,38,13,231,0,3,21,8,32,154,29,59,21,263,54,36,90,353
05/26/2021,JAX,FL,ASO,ES,Combined TRACON& Tower with Radar,152,38,35,22,247,0,2,14,5,21,152,40,49,27,268,8,0,8,276
05/27/2021,JAX,FL,ASO,ES,Combined TRACON& Tower with Radar,161,29,48,3,241,0,0,5,4,9,161,29,53,7,250,2,26,28,278
05/28/2021,JAX,FL,ASO,ES,Combined TRACON& Tower with Radar,161,28,25,2,216,0,2,11,0,13,161,30,36,2,229,26,0,26,255
05/29/2021,JAX,FL,ASO,ES,Combined TRACON& Tower with Radar,136,12,33,0,181,0,1,4,0,5,136,13,37,0,186,0,0,0,186
05/30/2021,JAX,FL,ASO,ES,Combined TRACON& Tower with Radar,145,18,15,0,178,0,0,13,0,13,145,18,28,0,191,0,0,0,191
05/31/2021,JAX,FL,ASO,ES,Combined TRACON& Tower with Radar,148,31,44,0,223,0,3,15,0,18,148,34,59,0,241,0,0,0,241
06/01/2021,JAX,FL,ASO,ES,Combined TRACON& Tower with Radar,141,15,38,34,228,0,3,10,7,20,141,18,48,41,248,0,50,50,298
06/02/2021,JAX,FL,ASO,ES,Combined TRACON& Tower with Radar,157,28,21,18,224,0,2,7,10,19,157,30,28,28,243,0,48,48,291
06/03/2021,JAX,FL,ASO,ES,Combined TRACON& Tower with Radar,168,24,27,26,245,0,2,2,3,7,168,26,29,29,252,4,28,32,284
06/04/2021,JAX,FL,ASO,ES,Combined TRACON& Tower with Radar,172,33,46,16,267,0,0,10,2,12,172,33,56,18,279,0,0,0,279
06/05/2021,JAX,FL,ASO,ES,Combined TRACON& Tower with Radar,134,21,18,1,174,0,0,4,0,4,134,21,22,1,178,0,0,0,178
06/06/2021,JAX,FL,ASO,ES,Combined TRACON& Tower with Radar,156,25,38,2,221,0,0,11,0,11,156,25,49,2,232,0,0,0,232
06/07/2021,JAX,FL,ASO,ES,Combined TRACON& Tower with Radar,158,17,39,5,219,0,0,0,3,3,158,17,39,8,222,0,0,0,222
06/08/2021,JAX,FL,ASO,ES,Combined TRACON& Tower with Radar,158,27,32,13,230,0,5,8,2,15,158,32,40,15,245,0,26,26,271
06/09/2021,JAX,FL,ASO,ES,Combined TRACON& Tower with Radar,170,33,36,11,250,0,3,12,4,19,170,36,48,15,269,0,53,53,322
06/10/2021,JAX,FL,ASO,ES,Combined TRACON& Tower with Radar,170,32,39,19,260,0,0,7,3,10,170,32,46,22,270,0,22,22,292
06/11/2021,JAX,FL,ASO,ES,Combined TRACON& Tower with Radar,176,37,28,6,247,0,2,2,1,5,176,39,30,7,252,0,10,10,262
06/12/2021,JAX,FL,ASO,ES,Combined TRACON& Tower with Radar,132,20,31,9,192,0,0,2,10,12,132,20,33,19,204,0,0,0,204
06/13/2021,JAX,FL,ASO,ES,Combined TRACON& Tower with Radar,163,19,22,2,206,0,0,3,0,3,163,19,25,2,209,0,0,0,209
06/14/2021,JAX,FL,ASO,ES,Combined TRACON& Tower with Radar,161,35,18,0,214,0,0,3,2,5,161,35,21,2,219,0,10,10,229
06/15/2021,JAX,FL,ASO,ES,Combined TRACON& Tower with Radar,170,16,26,10,222,0,0,2,1,3,170,16,28,11,225,0,0,0,225
06/16/2021,JAX,FL,ASO,ES,Combined TRACON& Tower with Radar,177,28,30,16,251,0,3,9,1,13,177,31,39,17,264,3,14,17,281
06/17/2021,JAX,FL,ASO,ES,Combined TRACON& Tower with Radar,181,43,41,20,285,0,0,7,2,9,181,43,48,22,294,12,1,13,307
06/18/2021,JAX,FL,ASO,ES,Combined TRACON& Tower with Radar,178,28,45,5,256,0,0,3,0,3,178,28,48,5,259,0,0,0,259
06/19/2021,JAX,FL,ASO,ES,Combined TRACON& Tower with Radar,139,24,40,0,203,0,0,8,0,8,139,24,48,0,211,0,0,0,211
06/20/2021,JAX,FL,ASO,ES,Combined TRACON& Tower with Radar,158,26,20,0,204,0,0,2,0,2,158,26,22,0,206,0,0,0,206
06/21/2021,JAX,FL,ASO,ES,Combined TRACON& Tower with Radar,158,31,51,2,242,0,0,4,2,6,158,31,55,4,248,0,0,0,248
06/22/2021,JAX,FL,ASO,ES,Combined TRACON& Tower with Radar,179,23,45,9,256,0,0,4,1,5,179,23,49,10,261,12,19,31,292
06/23/2021,JAX,FL,ASO,ES,Combined TRACON& Tower with Radar,171,28,37,8,244,0,0,0,1,1,171,28,37,9,245,0,10,10,255
06/24/2021,JAX,FL,ASO,ES,Combined TRACON& Tower with Radar,182,40,39,0,261,0,0,2,1,3,182,40,41,1,264,0,0,0,264
06/25/2021,JAX,FL,ASO,ES,Combined TRACON& Tower with Radar,176,45,32,5,258,0,0,6,2,8,176,45,38,7,266,0,0,0,266
06/26/2021,JAX,FL,ASO,ES,Combined TRACON& Tower with Radar,138,28,16,1,183,0,0,1,0,1,138,28,17,1,184,0,0,0,184
06/27/2021,JAX,FL,ASO,ES,Combined TRACON& Tower with Radar,160,27,36,0,223,0,1,3,0,4,160,28,39,0,227,0,0,0,227
06/28/2021,JAX,FL,ASO,ES,Combined TRACON& Tower with Radar,168,35,33,4,240,0,0,2,0,2,168,35,35,4,242,0,0,0,242
06/29/2021,JAX,FL,ASO,ES,Combined TRACON& Tower with Radar,169,26,20,10,225,0,3,10,3,16,169,29,30,13,241,0,8,8,249
06/30/2021,JAX,FL,ASO,ES,Combined TRACON& Tower with Radar,167,39,54,21,281,0,0,3,1,4,167,39,57,22,285,0,0,0,285
07/01/2021,JAX,FL,ASO,ES,Combined TRACON& Tower with Radar,175,34,51,8,268,0,0,4,3,7,175,34,55,11,275,0,0,0,275
07/02/2021,JAX,FL,ASO,ES,Combined TRACON& Tower with Radar,171,48,30,8,257,0,0,3,1,4,171,48,33,9,261,0,0,0,261
07/03/2021,JAX,FL,ASO,ES,Combined TRACON& Tower with Radar,152,13,21,0,186,0,0,2,0,2,152,13,23,0,188,0,0,0,188
07/04/2021,JAX,FL,ASO,ES,Combined TRACON& Tower with Radar,133,15,10,0,158,0,0,2,0,2,133,15,12,0,160,0,0,0,160
07/05/2021,JAX,FL,ASO,ES,Combined TRACON& Tower with Radar,150,30,33,1,214,0,0,0,0,0,150,30,33,1,214,0,0,0,214
07/06/2021,JAX,FL,ASO,ES,Combined TRACON& Tower with Radar,148,21,22,4,195,0,0,5,1,6,148,21,27,5,201,0,0,0,201
07/07/2021,JAX,FL,ASO,ES,Combined TRACON& Tower with Radar,131,11,4,0,146,0,0,0,0,0,131,11,4,0,146,0,0,0,146
07/08/2021,JAX,FL,ASO,ES,Combined TRACON& Tower with Radar,177,28,27,28,260,0,2,5,12,19,177,30,32,40,279,2,40,42,321
07/09/2021,JAX,FL,ASO,ES,Combined TRACON& Tower with Radar,165,28,35,18,246,0,0,4,6,10,165,28,39,24,256,0,0,0,256
07/10/2021,JAX,FL,ASO,ES,Combined TRACON& Tower with Radar,152,23,17,7,199,0,2,3,4,9,152,25,20,11,208,0,4,4,212
07/11/2021,JAX,FL,ASO,ES,Combined TRACON& Tower with Radar,161,29,21,0,211,0,0,3,0,3,161,29,24,0,214,0,0,0,214
07/12/2021,JAX,FL,ASO,ES,Combined TRACON& Tower with Radar,173,29,29,3,234,0,1,1,2,4,173,30,30,5,238,0,14,14,252
07/13/2021,JAX,FL,ASO,ES,Combined TRACON& Tower with Radar,165,24,21,20,230,0,4,3,8,15,165,28,24,28,245,0,30,30,275
07/14/2021,JAX,FL,ASO,ES,Combined TRACON& Tower with Radar,161,38,33,9,241,0,2,5,3,10,161,40,38,12,251,0,0,0,251
07/15/2021,JAX,FL,ASO,ES,Combined TRACON& Tower with Radar,183,24,40,13,260,0,5,5,6,16,183,29,45,19,276,0,12,12,288
07/16/2021,JAX,FL,ASO,ES,Combined TRACON& Tower with Radar,175,24,33,22,254,0,0,6,6,12,175,24,39,28,266,0,11,11,277
07/17/2021,JAX,FL,ASO,ES,Combined TRACON& Tower with Radar,140,13,16,6,175,0,1,10,4,15,140,14,26,10,190,0,52,52,242
07/18/2021,JAX,FL,ASO,ES,Combined TRACON& Tower with Radar,164,26,18,1,209,0,2,5,0,7,164,28,23,1,216,0,0,0,216
07/19/2021,JAX,FL,ASO,ES,Combined TRACON& Tower with Radar,164,32,22,37,255,0,0,2,7,9,164,32,24,44,264,0,0,0,264
07/20/2021,JAX,FL,ASO,ES,Combined TRACON& Tower with Radar,171,35,37,11,254,0,2,2,2,6,171,37,39,13,260,2,10,12,272
07/21/2021,JAX,FL,ASO,ES,Combined TRACON& Tower with Radar,168,31,33,13,245,0,0,7,0,7,168,31,40,13,252,18,0,18,270
07/22/2021,JAX,FL,ASO,ES,Combined TRACON& Tower with Radar,175,43,35,11,264,0,0,1,1,2,175,43,36,12,266,0,0,0,266
07/23/2021,JAX,FL,ASO,ES,Combined TRACON& Tower with Radar,169,27,18,30,244,0,2,4,4,10,169,29,22,34,254,0,0,0,254
07/24/2021,JAX,FL,ASO,ES,Combined TRACON& Tower with Radar,149,16,24,0,189,0,1,4,0,5,149,17,28,0,194,10,0,10,204
07/25/2021,JAX,FL,ASO,ES,Combined TRACON& Tower with Radar,160,18,22,2,202,0,2,7,2,11,160,20,29,4,213,0,0,0,213
07/26/2021,JAX,FL,ASO,ES,Combined TRACON& Tower with Radar,168,30,28,2,228,0,0,1,0,1,168,30,29,2,229,0,0,0,229
07/27/2021,JAX,FL,ASO,ES,Combined TRACON& Tower with Radar,171,23,28,10,232,0,0,5,2,7,171,23,33,12,239,0,0,0,239
07/28/2021,JAX,FL,ASO,ES,Combined TRACON& Tower with Radar,177,29,32,9,247,0,0,6,5,11,177,29,38,14,258,0,0,0,258
07/29/2021,JAX,FL,ASO,ES,Combined TRACON& Tower with Radar,175,40,37,10,262,0,0,5,3,8,175,40,42,13,270,0,0,0,270
07/30/2021,JAX,FL,ASO,ES,Combined TRACON& Tower with Radar,171,36,32,9,248,1,0,4,0,5,172,36,36,9,253,0,0,0,253
07/31/2021,JAX,FL,ASO,ES,Combined TRACON& Tower with Radar,143,17,17,0,177,0,2,4,0,6,143,19,21,0,183,0,0,0,183
08/01/2021,JAX,FL,ASO,ES,Combined TRACON& Tower with Radar,158,32,21,0,211,0,0,4,0,4,158,32,25,0,215,0,0,0,215
08/02/2021,JAX,FL,ASO,ES,Combined TRACON& Tower with Radar,176,24,15,3,218,0,0,11,6,17,176,24,26,9,235,4,6,10,245
08/03/2021,JAX,FL,ASO,ES,Combined TRACON& Tower with Radar,164,24,28,5,221,0,0,1,3,4,164,24,29,8,225,0,12,12,237
08/04/2021,JAX,FL,ASO,ES,Combined TRACON& Tower with Radar,171,40,17,26,254,0,0,0,2,2,171,40,17,28,256,0,0,0,256
08/05/2021,JAX,FL,ASO,ES,Combined TRACON& Tower with Radar,177,22,35,10,244,0,0,3,4,7,177,22,38,14,251,0,10,10,261
08/06/2021,JAX,FL,ASO,ES,Combined TRACON& Tower with Radar,181,26,26,17,250,0,1,6,4,11,181,27,32,21,261,14,20,34,295
08/07/2021,JAX,FL,ASO,ES,Combined TRACON& Tower with Radar,146,16,12,0,174,0,0,7,0,7,146,16,19,0,181,0,0,0,181
08/08/2021,JAX,FL,ASO,ES,Combined TRACON& Tower with Radar,166,19,26,0,211,0,0,4,0,4,166,19,30,0,215,0,0,0,215
08/09/2021,JAX,FL,ASO,ES,Combined TRACON& Tower with Radar,164,45,16,24,249,0,2,5,3,10,164,47,21,27,259,4,12,16,275
08/10/2021,JAX,FL,ASO,ES,Combined TRACON& Tower with Radar,157,25,22,34,238,1,2,7,6,16,158,27,29,40,254,0,0,0,254
08/11/2021,JAX,FL,ASO,ES,Combined TRACON& Tower with Radar,161,31,30,22,244,0,3,20,3,26,161,34,50,25,270,4,14,18,288
08/12/2021,JAX,FL,ASO,ES,Combined TRACON& Tower with Radar,172,38,38,7,255,0,2,10,2,14,172,40,48,9,269,0,30,30,299
08/13/2021,JAX,FL,ASO,ES,Combined TRACON& Tower with Radar,175,31,28,6,240,0,0,3,4,7,175,31,31,10,247,13,0,13,260
08/14/2021,JAX,FL,ASO,ES,Combined TRACON& Tower with Radar,149,20,26,0,195,0,0,4,0,4,149,20,30,0,199,0,0,0,199
08/15/2021,JAX,FL,ASO,ES,Combined TRACON& Tower with Radar,156,20,17,0,193,0,0,2,0,2,156,20,19,0,195,0,0,0,195
08/16/2021,JAX,FL,ASO,ES,Combined TRACON& Tower with Radar,169,22,13,1,205,0,0,1,5,6,169,22,14,6,211,0,12,12,223
08/17/2021,JAX,FL,ASO,ES,Combined TRACON& Tower with Radar,148,27,17,22,214,0,0,0,8,8,148,27,17,30,222,0,73,73,295
08/18/2021,JAX,FL,ASO,ES,Combined TRACON& Tower with Radar,159,27,50,10,246,0,2,3,3,8,159,29,53,13,254,4,0,4,258
08/19/2021,JAX,FL,ASO,ES,Combined TRACON& Tower with Radar,165,21,28,9,223,0,0,5,3,8,165,21,33,12,231,0,0,0,231
08/20/2021,JAX,FL,ASO,ES,Combined TRACON& Tower with Radar,174,28,29,8,239,0,0,5,2,7,174,28,34,10,246,0,0,0,246
08/21/2021,JAX,FL,ASO,ES,Combined TRACON& Tower with Radar,140,13,22,11,186,0,0,8,4,12,140,13,30,15,198,0,0,0,198
08/22/2021,JAX,FL,ASO,ES,Combined TRACON& Tower with Radar,146,24,24,2,196,0,0,9,0,9,146,24,33,2,205,0,0,0,205
08/23/2021,JAX,FL,ASO,ES,Combined TRACON& Tower with Radar,160,21,37,0,218,0,0,0,0,0,160,21,37,0,218,0,0,0,218
08/24/2021,JAX,FL,ASO,ES,Combined TRACON& Tower with Radar,157,32,24,11,224,0,2,0,4,6,157,34,24,15,230,0,16,16,246
08/25/2021,JAX,FL,ASO,ES,Combined TRACON& Tower with Radar,156,29,29,22,236,0,1,5,15,21,156,30,34,37,257,0,84,84,341
08/26/2021,JAX,FL,ASO,ES,Combined TRACON& Tower with Radar,169,38,27,20,254,0,0,2,0,2,169,38,29,20,256,0,0,0,256
08/27/2021,JAX,FL,ASO,ES,Combined TRACON& Tower with Radar,170,32,42,6,250,0,0,2,1,3,170,32,44,7,253,4,0,4,257
08/28/2021,JAX,FL,ASO,ES,Combined TRACON& Tower with Radar,137,17,17,0,171,0,0,0,0,0,137,17,17,0,171,0,0,0,171
08/29/2021,JAX,FL,ASO,ES,Combined TRACON& Tower with Radar,160,25,21,0,206,0,0,3,0,3,160,25,24,0,209,0,0,0,209
08/30/2021,JAX,FL,ASO,ES,Combined TRACON& Tower with Radar,162,24,26,16,228,0,2,8,3,13,162,26,34,19,241,0,0,0,241
08/31/2021,JAX,FL,ASO,ES,Combined TRACON& Tower with Radar,151,24,19,37,231,0,2,4,1,7,151,26,23,38,238,0,0,0,238
09/01/2021,JAX,FL,ASO,ES,Combined TRACON& Tower with Radar,145,24,22,25,216,0,4,0,14,18,145,28,22,39,234,0,0,0,234
09/02/2021,JAX,FL,ASO,ES,Combined TRACON& Tower with Radar,168,28,28,7,231,0,2,1,6,9,168,30,29,13,240,4,50,54,294
09/03/2021,JAX,FL,ASO,ES,Combined TRACON& Tower with Radar,168,31,34,0,233,0,2,6,0,8,168,33,40,0,241,0,0,0,241
09/04/2021,JAX,FL,ASO,ES,Combined TRACON& Tower with Radar,138,10,24,0,172,0,2,9,0,11,138,12,33,0,183,0,0,0,183
09/05/2021,JAX,FL,ASO,ES,Combined TRACON& Tower with Radar,130,14,13,0,157,0,1,6,0,7,130,15,19,0,164,0,0,0,164
09/06/2021,JAX,FL,ASO,ES,Combined TRACON& Tower with Radar,148,33,34,2,217,0,0,14,0,14,148,33,48,2,231,0,0,0,231
09/07/2021,JAX,FL,ASO,ES,Combined TRACON& Tower with Radar,135,29,26,9,199,0,1,7,2,10,135,30,33,11,209,0,8,8,217
09/08/2021,JAX,FL,ASO,ES,Combined TRACON& Tower with Radar,148,26,34,11,219,1,4,2,6,13,149,30,36,17,232,2,18,20,252
09/09/2021,JAX,FL,ASO,ES,Combined TRACON& Tower with Radar,171,51,48,4,274,0,3,16,0,19,171,54,64,4,293,16,0,16,309
09/10/2021,JAX,FL,ASO,ES,Combined TRACON& Tower with Radar,167,31,39,12,249,0,0,8,0,8,167,31,47,12,257,0,0,0,257
09/11/2021,JAX,FL,ASO,ES,Combined TRACON& Tower with Radar,140,20,17,0,177,1,1,8,0,10,141,21,25,0,187,2,0,2,189
09/12/2021,JAX,FL,ASO,ES,Combined TRACON& Tower with Radar,166,33,35,2,236,0,0,13,0,13,166,33,48,2,249,6,0,6,255
09/13/2021,JAX,FL,ASO,ES,Combined TRACON& Tower with Radar,168,38,31,2,239,0,2,8,1,11,168,40,39,3,250,0,24,24,274
09/14/2021,JAX,FL,ASO,ES,Combined TRACON& Tower with Radar,146,25,15,2,188,0,0,3,6,9,146,25,18,8,197,0,103,103,300
09/15/2021,JAX,FL,ASO,ES,Combined TRACON& Tower with Radar,150,29,41,25,245,0,5,4,1,10,150,34,45,26,255,0,20,20,275
09/16/2021,JAX,FL,ASO,ES,Combined TRACON& Tower with Radar,167,36,29,8,240,0,2,2,1,5,167,38,31,9,245,0,0,0,245
09/17/2021,JAX,FL,ASO,ES,Combined TRACON& Tower with Radar,177,38,34,1,250,0,1,1,0,2,177,39,35,1,252,0,0,0,252
09/18/2021,JAX,FL,ASO,ES,Combined TRACON& Tower with Radar,141,20,9,6,176,0,0,4,0,4,141,20,13,6,180,0,0,0,180
09/19/2021,JAX,FL,ASO,ES,Combined TRACON& Tower with Radar,169,30,38,0,237,0,0,5,0,5,169,30,43,0,242,13,0,13,255
09/20/2021,JAX,FL,ASO,ES,Combined TRACON& Tower with Radar,158,31,36,0,225,0,0,2,2,4,158,31,38,2,229,0,24,24,253
09/21/2021,JAX,FL,ASO,ES,Combined TRACON& Tower with Radar,151,28,24,23,226,0,0,1,2,3,151,28,25,25,229,0,8,8,237
09/22/2021,JAX,FL,ASO,ES,Combined TRACON& Tower with Radar,150,19,48,7,224,0,2,3,5,10,150,21,51,12,234,40,44,84,318
09/23/2021,JAX,FL,ASO,ES,Combined TRACON& Tower with Radar,154,34,21,3,212,0,14,10,2,26,154,48,31,5,238,0,86,86,324
09/24/2021,JAX,FL,ASO,ES,Combined TRACON& Tower with Radar,176,28,40,18,262,0,11,11,7,29,176,39,51,25,291,0,12,12,303
09/25/2021,JAX,FL,ASO,ES,Combined TRACON& Tower with Radar,142,16,28,0,186,0,7,7,1,15,142,23,35,1,201,0,0,0,201
09/26/2021,JAX,FL,ASO,ES,Combined TRACON& Tower with Radar,164,40,31,2,237,0,0,3,0,3,164,40,34,2,240,0,0,0,240
09/27/2021,JAX,FL,ASO,ES,Combined TRACON& Tower with Radar,161,36,25,13,235,0,5,3,1,9,161,41,28,14,244,0,0,0,244
09/28/2021,JAX,FL,ASO,ES,Combined TRACON& Tower with Radar,147,30,26,4,207,0,8,8,1,17,147,38,34,5,224,0,0,0,224
09/29/2021,JAX,FL,ASO,ES,Combined TRACON& Tower with Radar,159,24,30,2,215,0,4,3,0,7,159,28,33,2,222,6,50,56,278
09/30/2021,JAX,FL,ASO,ES,Combined TRACON& Tower with Radar,169,32,40,2,243,0,4,6,2,12,169,36,46,4,255,0,0,0,255
10/01/2021,JAX,FL,ASO,ES,Combined TRACON& Tower with Radar,175,37,35,24,271,0,3,17,2,22,175,40,52,26,293,0,17,17,310
10/02/2021,JAX,FL,ASO,ES,Combined TRACON& Tower with Radar,142,24,20,0,186,0,1,15,0,16,142,25,35,0,202,0,15,15,217
10/03/2021,JAX,FL,ASO,ES,Combined TRACON& Tower with Radar,168,22,39,0,229,0,0,6,0,6,168,22,45,0,235,0,0,0,235
10/04/2021,JAX,FL,ASO,ES,Combined TRACON& Tower with Radar,166,39,25,8,238,0,4,11,0,15,166,43,36,8,253,0,0,0,253
10/05/2021,JAX,FL,ASO,ES,Combined TRACON& Tower with Radar,149,50,40,9,248,0,4,2,10,16,149,54,42,19,264,0,0,0,264
10/06/2021,JAX,FL,ASO,ES,Combined TRACON& Tower with Radar,155,45,38,12,250,0,0,7,6,13,155,45,45,18,263,0,39,39,302
10/07/2021,JAX,FL,ASO,ES,Combined TRACON& Tower with Radar,180,44,62,11,297,0,0,6,2,8,180,44,68,13,305,0,0,0,305
10/08/2021,JAX,FL,ASO,ES,Combined TRACON& Tower with Radar,185,43,31,16,275,0,0,1,1,2,185,43,32,17,277,0,0,0,277
10/09/2021,JAX,FL,ASO,ES,Combined TRACON& Tower with Radar,145,18,28,0,191,0,0,2,0,2,145,18,30,0,193,0,0,0,193
10/10/2021,JAX,FL,ASO,ES,Combined TRACON& Tower with Radar,151,44,27,0,222,0,0,12,0,12,151,44,39,0,234,4,0,4,238
10/11/2021,JAX,FL,ASO,ES,Combined TRACON& Tower with Radar,172,41,37,0,250,0,0,10,0,10,172,41,47,0,260,0,0,0,260
10/12/2021,JAX,FL,ASO,ES,Combined TRACON& Tower with Radar,168,40,34,20,262,0,0,3,6,9,168,40,37,26,271,0,32,32,303
10/13/2021,JAX,FL,ASO,ES,Combined TRACON& Tower with Radar,168,28,59,21,276,0,4,5,6,15,168,32,64,27,291,0,38,38,329
10/14/2021,JAX,FL,ASO,ES,Combined TRACON& Tower with Radar,184,38,40,11,273,0,3,10,11,24,184,41,50,22,297,0,37,37,334
10/15/2021,JAX,FL,ASO,ES,Combined TRACON& Tower with Radar,190,38,51,11,290,0,0,9,8,17,190,38,60,19,307,0,0,0,307
10/16/2021,JAX,FL,ASO,ES,Combined TRACON& Tower with Radar,155,17,12,7,191,0,0,3,9,12,155,17,15,16,203,0,34,34,237
10/17/2021,JAX,FL,ASO,ES,Combined TRACON& Tower with Radar,170,28,35,18,251,0,1,6,0,7,170,29,41,18,258,0,0,0,258
10/18/2021,JAX,FL,ASO,ES,Combined TRACON& Tower with Radar,180,49,25,18,272,0,1,2,6,9,180,50,27,24,281,0,6,6,287
10/19/2021,JAX,FL,ASO,ES,Combined TRACON& Tower with Radar,169,29,28,48,274,0,5,9,2,16,169,34,37,50,290,0,24,24,314
10/20/2021,JAX,FL,ASO,ES,Combined TRACON& Tower with Radar,173,26,49,10,258,0,4,13,2,19,173,30,62,12,277,0,14,14,291
10/21/2021,JAX,FL,ASO,ES,Combined TRACON& Tower with Radar,186,36,55,25,302,0,2,12,4,18,186,38,67,29,320,0,6,6,326
10/22/2021,JAX,FL,ASO,ES,Combined TRACON& Tower with Radar,186,25,44,10,265,0,2,6,2,10,186,27,50,12,275,0,0,0,275
10/23/2021,JAX,FL,ASO,ES,Combined TRACON& Tower with Radar,157,25,26,1,209,0,4,12,0,16,157,29,38,1,225,0,0,0,225
10/24/2021,JAX,FL,ASO,ES,Combined TRACON& Tower with Radar,168,31,38,3,240,0,0,6,0,6,168,31,44,3,246,0,0,0,246
10/25/2021,JAX,FL,ASO,ES,Combined TRACON& Tower with Radar,179,43,29,10,261,0,2,0,1,3,179,45,29,11,264,4,0,4,268
10/26/2021,JAX,FL,ASO,ES,Combined TRACON& Tower with Radar,160,29,25,10,224,0,5,15,9,29,160,34,40,19,253,6,8,14,267
10/27/2021,JAX,FL,ASO,ES,Combined TRACON& Tower with Radar,175,48,41,20,284,0,3,6,6,15,175,51,47,26,299,0,8,8,307
10/28/2021,JAX,FL,ASO,ES,Combined TRACON& Tower with Radar,180,49,59,0,288,0,1,1,0,2,180,50,60,0,290,0,0,0,290
10/29/2021,JAX,FL,ASO,ES,Combined TRACON& Tower with Radar,189,56,46,5,296,0,5,8,2,15,189,61,54,7,311,0,0,0,311
10/30/2021,JAX,FL,ASO,ES,Combined TRACON& Tower with Radar,146,42,66,0,254,0,0,15,0,15,146,42,81,0,269,0,0,0,269
10/31/2021,JAX,FL,ASO,ES,Combined TRACON& Tower with Radar,151,28,45,0,224,0,1,7,0,8,151,29,52,0,232,0,0,0,232
11/01/2021,JAX,FL,ASO,ES,Combined TRACON& Tower with Radar,183,42,33,0,258,0,0,3,0,3,183,42,36,0,261,0,0,0,261
11/02/2021,JAX,FL,ASO,ES,Combined TRACON& Tower with Radar,159,27,38,11,235,0,0,4,4,8,159,27,42,15,243,0,54,54,297
11/03/2021,JAX,FL,ASO,ES,Combined TRACON& Tower with Radar,183,49,49,8,289,0,0,7,0,7,183,49,56,8,296,2,14,16,312
11/04/2021,JAX,FL,ASO,ES,Combined TRACON& Tower with Radar,196,36,38,17,287,0,0,0,4,4,196,36,38,21,291,0,64,64,355
11/05/2021,JAX,FL,ASO,ES,Combined TRACON& Tower with Radar,198,43,33,9,283,0,0,0,0,0,198,43,33,9,283,0,0,0,283
11/06/2021,JAX,FL,ASO,ES,Combined TRACON& Tower with Radar,156,22,22,4,204,0,0,0,0,0,156,22,22,4,204,10,0,10,214
11/07/2021,JAX,FL,ASO,ES,Combined TRACON& Tower with Radar,178,46,47,1,272,0,0,7,1,8,178,46,54,2,280,0,0,0,280
11/08/2021,JAX,FL,ASO,ES,Combined TRACON& Tower with Radar,182,43,49,1,275,0,0,7,0,7,182,43,56,1,282,0,0,0,282
11/09/2021,JAX,FL,ASO,ES,Combined TRACON& Tower with Radar,170,21,36,10,237,0,8,3,6,17,170,29,39,16,254,0,68,68,322
11/10/2021,JAX,FL,ASO,ES,Combined TRACON& Tower with Radar,187,29,42,16,274,0,1,8,5,14,187,30,50,21,288,0,104,104,392
11/11/2021,JAX,FL,ASO,ES,Combined TRACON& Tower with Radar,186,38,69,0,293,0,0,4,0,4,186,38,73,0,297,0,0,0,297
11/12/2021,JAX,FL,ASO,ES,Combined TRACON& Tower with Radar,198,39,34,12,283,0,0,2,4,6,198,39,36,16,289,0,0,0,289
11/13/2021,JAX,FL,ASO,ES,Combined TRACON& Tower with Radar,148,23,33,0,204,0,0,8,0,8,148,23,41,0,212,0,0,0,212
11/14/2021,JAX,FL,ASO,ES,Combined TRACON& Tower with Radar,179,30,28,0,237,0,0,4,0,4,179,30,32,0,241,0,0,0,241
11/15/2021,JAX,FL,ASO,ES,Combined TRACON& Tower with Radar,189,40,32,6,267,0,7,6,1,14,189,47,38,7,281,2,2,4,285
11/16/2021,JAX,FL,ASO,ES,Combined TRACON& Tower with Radar,171,32,49,8,260,0,6,11,14,31,171,38,60,22,291,0,164,164,455
11/17/2021,JAX,FL,ASO,ES,Combined TRACON& Tower with Radar,186,48,48,20,302,0,4,8,7,19,186,52,56,27,321,0,93,93,414
11/18/2021,JAX,FL,ASO,ES,Combined TRACON& Tower with Radar,190,43,69,23,325,0,2,6,0,8,190,45,75,23,333,0,44,44,377
11/19/2021,JAX,FL,ASO,ES,Combined TRACON& Tower with Radar,197,54,46,9,306,0,0,4,1,5,197,54,50,10,311,0,0,0,311
11/20/2021,JAX,FL,ASO,ES,Combined TRACON& Tower with Radar,158,36,29,4,227,0,1,9,0,10,158,37,38,4,237,0,0,0,237
11/21/2021,JAX,FL,ASO,ES,Combined TRACON& Tower with Radar,181,43,42,0,266,0,0,5,0,5,181,43,47,0,271,0,0,0,271
11/22/2021,JAX,FL,ASO,ES,Combined TRACON& Tower with Radar,187,30,42,10,269,0,0,4,1,5,187,30,46,11,274,0,0,0,274
11/23/2021,JAX,FL,ASO,ES,Combined TRACON& Tower with Radar,193,40,33,20,286,0,3,15,10,28,193,43,48,30,314,0,6,6,320
11/24/2021,JAX,FL,ASO,ES,Combined TRACON& Tower with Radar,212,38,34,4,288,0,4,18,2,24,212,42,52,6,312,0,0,0,312
11/25/2021,JAX,FL,ASO,ES,Combined TRACON& Tower with Radar,103,7,11,0,121,0,1,6,0,7,103,8,17,0,128,0,0,0,128
11/26/2021,JAX,FL,ASO,ES,Combined TRACON& Tower with Radar,143,27,12,0,182,0,0,1,0,1,143,27,13,0,183,0,0,0,183
11/27/2021,JAX,FL,ASO,ES,Combined TRACON& Tower with Radar,184,27,28,0,239,0,2,12,0,14,184,29,40,0,253,0,0,0,253
11/28/2021,JAX,FL,ASO,ES,Combined TRACON& Tower with Radar,193,31,34,0,258,0,0,7,0,7,193,31,41,0,265,0,0,0,265
11/29/2021,JAX,FL,ASO,ES,Combined TRACON& Tower with Radar,197,39,34,15,285,0,6,12,5,23,197,45,46,20,308,0,0,0,308
11/30/2021,JAX,FL,ASO,ES,Combined TRACON& Tower with Radar,184,46,35,20,285,0,2,10,5,17,184,48,45,25,302,0,20,20,322
12/01/2021,JAX,FL,ASO,ES,Combined TRACON& Tower with Radar,183,51,35,12,281,0,3,18,8,29,183,54,53,20,310,0,48,48,358
12/02/2021,JAX,FL,ASO,ES,Combined TRACON& Tower with Radar,197,40,31,32,300,0,4,12,11,27,197,44,43,43,327,0,39,39,366
12/03/2021,JAX,FL,ASO,ES,Combined TRACON& Tower with Radar,208,20,28,13,269,0,0,8,4,12,208,20,36,17,281,0,6,6,287
12/04/2021,JAX,FL,ASO,ES,Combined TRACON& Tower with Radar,152,11,14,4,181,0,0,4,2,6,152,11,18,6,187,0,0,0,187
12/05/2021,JAX,FL,ASO,ES,Combined TRACON& Tower with Radar,183,17,30,1,231,0,0,1,0,1,183,17,31,1,232,0,0,0,232
12/06/2021,JAX,FL,ASO,ES,Combined TRACON& Tower with Radar,186,28,38,17,269,0,0,3,6,9,186,28,41,23,278,0,36,36,314
12/07/2021,JAX,FL,ASO,ES,Combined TRACON& Tower with Radar,172,50,48,25,295,0,0,6,6,12,172,50,54,31,307,0,106,106,413
12/08/2021,JAX,FL,ASO,ES,Combined TRACON& Tower with Radar,181,28,29,39,277,0,0,0,2,2,181,28,29,41,279,0,8,8,287
12/09/2021,JAX,FL,ASO,ES,Combined TRACON& Tower with Radar,194,48,40,22,304,0,0,0,0,0,194,48,40,22,304,0,0,0,304
12/10/2021,JAX,FL,ASO,ES,Combined TRACON& Tower with Radar,201,57,42,19,319,0,1,3,3,7,201,58,45,22,326,0,0,0,326
12/11/2021,JAX,FL,ASO,ES,Combined TRACON& Tower with Radar,145,23,22,0,190,0,1,9,0,10,145,24,31,0,200,0,0,0,200
12/12/2021,JAX,FL,ASO,ES,Combined TRACON& Tower with Radar,181,29,37,0,247,0,0,3,0,3,181,29,40,0,250,0,0,0,250
12/13/2021,JAX,FL,ASO,ES,Combined TRACON& Tower with Radar,186,31,60,0,277,0,0,6,0,6,186,31,66,0,283,4,0,4,287
12/14/2021,JAX,FL,ASO,ES,Combined TRACON& Tower with Radar,172,48,44,10,274,0,0,1,0,1,172,48,45,10,275,0,0,0,275
12/15/2021,JAX,FL,ASO,ES,Combined TRACON& Tower with Radar,179,36,59,7,281,0,0,5,1,6,179,36,64,8,287,0,0,0,287
12/16/2021,JAX,FL,ASO,ES,Combined TRACON& Tower with Radar,186,56,45,14,301,0,0,2,3,5,186,56,47,17,306,0,0,0,306
12/17/2021,JAX,FL,ASO,ES,Combined TRACON& Tower with Radar,199,52,39,1,291,0,0,4,0,4,199,52,43,1,295,0,0,0,295
12/18/2021,JAX,FL,ASO,ES,Combined TRACON& Tower with Radar,167,22,19,0,208,0,0,2,0,2,167,22,21,0,210,0,0,0,210
12/19/2021,JAX,FL,ASO,ES,Combined TRACON& Tower with Radar,180,28,36,1,245,0,0,3,1,4,180,28,39,2,249,0,0,0,249
12/20/2021,JAX,FL,ASO,ES,Combined TRACON& Tower with Radar,182,29,32,6,249,0,0,0,0,0,182,29,32,6,249,0,0,0,249
12/21/2021,JAX,FL,ASO,ES,Combined TRACON& Tower with Radar,198,30,27,4,259,0,0,0,0,0,198,30,27,4,259,0,0,0,259
12/22/2021,JAX,FL,ASO,ES,Combined TRACON& Tower with Radar,201,32,42,0,275,0,1,7,0,8,201,33,49,0,283,0,0,0,283
12/23/2021,JAX,FL,ASO,ES,Combined TRACON& Tower with Radar,194,18,14,6,232,0,2,16,4,22,194,20,30,10,254,0,10,10,264
12/24/2021,JAX,FL,ASO,ES,Combined TRACON& Tower with Radar,154,22,17,0,193,0,0,4,1,5,154,22,21,1,198,6,0,6,204
12/25/2021,JAX,FL,ASO,ES,Combined TRACON& Tower with Radar,122,12,5,0,139,0,0,0,0,0,122,12,5,0,139,0,0,0,139
12/26/2021,JAX,FL,ASO,ES,Combined TRACON& Tower with Radar,163,38,37,2,240,0,0,5,0,5,163,38,42,2,245,0,0,0,245
12/27/2021,JAX,FL,ASO,ES,Combined TRACON& Tower with Radar,181,17,25,1,224,0,0,11,1,12,181,17,36,2,236,0,0,0,236
12/28/2021,JAX,FL,ASO,ES,Combined TRACON& Tower with Radar,184,36,35,4,259,0,2,9,0,11,184,38,44,4,270,0,0,0,270
12/29/2021,JAX,FL,ASO,ES,Combined TRACON& Tower with Radar,187,29,20,3,239,0,0,1,2,3,187,29,21,5,242,2,22,24,266
12/30/2021,JAX,FL,ASO,ES,Combined TRACON& Tower with Radar,174,31,28,0,233,0,0,7,0,7,174,31,35,0,240,0,0,0,240
12/31/2021,JAX,FL,ASO,ES,Combined TRACON& Tower with Radar,158,18,19,0,195,0,0,9,0,9,158,18,28,0,204,0,0,0,204
01/01/2022,JAX,FL,ASO,ES,Combined TRACON& Tower with Radar,128,15,17,0,160,0,0,5,1,6,128,15,22,1,166,6,0,6,172
01/02/2022,JAX,FL,ASO,ES,Combined TRACON& Tower with Radar,152,43,34,0,229,0,0,8,0,8,152,43,42,0,237,0,0,0,237
01/03/2022,JAX,FL,ASO,ES,Combined TRACON& Tower with Radar,157,38,35,1,231,0,0,11,0,11,157,38,46,1,242,0,0,0,242
01/04/2022,JAX,FL,ASO,ES,Combined TRACON& Tower with Radar,148,30,27,0,205,0,5,15,0,20,148,35,42,0,225,4,0,4,229
01/05/2022,JAX,FL,ASO,ES,Combined TRACON& Tower with Radar,170,30,26,9,235,0,0,4,1,5,170,30,30,10,240,0,0,0,240
01/06/2022,JAX,FL,ASO,ES,Combined TRACON& Tower with Radar,164,27,42,8,241,0,3,18,7,28,164,30,60,15,269,0,8,8,277
01/07/2022,JAX,FL,ASO,ES,Combined TRACON& Tower with Radar,152,31,21,5,209,0,0,14,1,15,152,31,35,6,224,0,0,0,224
01/08/2022,JAX,FL,ASO,ES,Combined TRACON& Tower with Radar,124,24,11,3,162,0,0,21,1,22,124,24,32,4,184,0,0,0,184
01/09/2022,JAX,FL,ASO,ES,Combined TRACON& Tower with Radar,172,35,17,0,224,0,0,3,0,3,172,35,20,0,227,0,0,0,227
01/10/2022,JAX,FL,ASO,ES,Combined TRACON& Tower with Radar,172,25,38,22,257,0,0,0,0,0,172,25,38,22,257,0,0,0,257
01/11/2022,JAX,FL,ASO,ES,Combined TRACON& Tower with Radar,158,25,29,14,226,0,3,26,1,30,158,28,55,15,256,0,20,20,276
01/12/2022,JAX,FL,ASO,ES,Combined TRACON& Tower with Radar,174,20,17,3,214,0,2,19,5,26,174,22,36,8,240,0,0,0,240
01/13/2022,JAX,FL,ASO,ES,Combined TRACON& Tower with Radar,179,26,28,2,235,0,0,10,2,12,179,26,38,4,247,12,54,66,313
01/14/2022,JAX,FL,ASO,ES,Combined TRACON& Tower with Radar,180,32,36,3,251,0,0,15,1,16,180,32,51,4,267,0,0,0,267
01/15/2022,JAX,FL,ASO,ES,Combined TRACON& Tower with Radar,122,18,15,2,157,0,0,6,1,7,122,18,21,3,164,0,0,0,164
01/16/2022,JAX,FL,ASO,ES,Combined TRACON& Tower with Radar,126,15,10,0,151,0,0,0,0,0,126,15,10,0,151,0,0,0,151
01/17/2022,JAX,FL,ASO,ES,Combined TRACON& Tower with Radar,164,28,29,0,221,0,0,3,0,3,164,28,32,0,224,0,0,0,224
01/18/2022,JAX,FL,ASO,ES,Combined TRACON& Tower with Radar,160,31,48,0,239,0,0,9,0,9,160,31,57,0,248,6,0,6,254
01/19/2022,JAX,FL,ASO,ES,Combined TRACON& Tower with Radar,170,45,44,3,262,0,0,15,2,17,170,45,59,5,279,8,0,8,287
01/20/2022,JAX,FL,ASO,ES,Combined TRACON& Tower with Radar,180,43,55,23,301,0,4,12,2,18,180,47,67,25,319,0,0,0,319
01/21/2022,JAX,FL,ASO,ES,Combined TRACON& Tower with Radar,189,26,30,12,257,0,0,0,0,0,189,26,30,12,257,0,0,0,257
01/22/2022,JAX,FL,ASO,ES,Combined TRACON& Tower with Radar,126,12,14,0,152,0,0,0,0,0,126,12,14,0,152,0,0,0,152
01/23/2022,JAX,FL,ASO,ES,Combined TRACON& Tower with Radar,164,18,18,2,202,0,0,5,0,5,164,18,23,2,207,0,0,0,207
01/24/2022,JAX,FL,ASO,ES,Combined TRACON& Tower with Radar,174,33,28,10,245,0,0,10,0,10,174,33,38,10,255,0,0,0,255
01/25/2022,JAX,FL,ASO,ES,Combined TRACON& Tower with Radar,167,41,43,7,258,0,0,4,1,5,167,41,47,8,263,0,0,0,263
01/26/2022,JAX,FL,ASO,ES,Combined TRACON& Tower with Radar,173,25,57,12,267,0,0,0,0,0,173,25,57,12,267,0,0,0,267
01/27/2022,JAX,FL,ASO,ES,Combined TRACON& Tower with Radar,181,42,49,10,282,0,0,7,0,7,181,42,56,10,289,0,0,0,289
01/28/2022,JAX,FL,ASO,ES,Combined TRACON& Tower with Radar,181,31,27,5,244,0,0,14,0,14,181,31,41,5,258,0,0,0,258
01/29/2022,JAX,FL,ASO,ES,Combined TRACON& Tower with Radar,107,20,7,0,134,0,2,2,0,4,107,22,9,0,138,0,20,20,158
01/30/2022,JAX,FL,ASO,ES,Combined TRACON& Tower with Radar,148,22,26,0,196,0,0,13,0,13,148,22,39,0,209,0,0,0,209
01/31/2022,JAX,FL,ASO,ES,Combined TRACON& Tower with Radar,175,32,39,10,256,0,2,16,4,22,175,34,55,14,278,24,26,50,328
02/01/2022,JAX,FL,ASO,ES,Combined TRACON& Tower with Radar,163,40,36,7,246,0,2,5,2,9,163,42,41,9,255,2,0,2,257
02/02/2022,JAX,FL,ASO,ES,Combined TRACON& Tower with Radar,166,17,50,15,248,0,0,16,2,18,166,17,66,17,266,0,38,38,304
02/03/2022,JAX,FL,ASO,ES,Combined TRACON& Tower with Radar,160,39,30,9,238,0,3,8,7,18,160,42,38,16,256,0,0,0,256
02/04/2022,JAX,FL,ASO,ES,Combined TRACON& Tower with Radar,138,15,33,24,210,0,0,3,3,6,138,15,36,27,216,0,44,44,260
02/05/2022,JAX,FL,ASO,ES,Combined TRACON& Tower with Radar,117,12,24,5,158,0,0,7,1,8,117,12,31,6,166,0,0,0,166
02/06/2022,JAX,FL,ASO,ES,Combined TRACON& Tower with Radar,160,20,16,4,200,0,1,0,0,1,160,21,16,4,201,0,0,0,201
02/07/2022,JAX,FL,ASO,ES,Combined TRACON& Tower with Radar,170,38,29,4,241,0,0,2,0,2,170,38,31,4,243,0,0,0,243
02/08/2022,JAX,FL,ASO,ES,Combined TRACON& Tower with Radar,164,34,27,12,237,0,0,0,0,0,164,34,27,12,237,0,0,0,237
02/09/2022,JAX,FL,ASO,ES,Combined TRACON& Tower with Radar,176,35,38,4,253,0,3,6,4,13,176,38,44,8,266,0,16,16,282
02/10/2022,JAX,FL,ASO,ES,Combined TRACON& Tower with Radar,177,45,33,3,258,0,0,10,0,10,177,45,43,3,268,0,22,22,290
02/11/2022,JAX,FL,ASO,ES,Combined TRACON& Tower with Radar,181,38,27,13,259,0,4,11,0,15,181,42,38,13,274,0,0,0,274
02/12/2022,JAX,FL,ASO,ES,Combined TRACON& Tower with Radar,134,13,15,5,167,0,0,2,0,2,134,13,17,5,169,0,0,0,169
02/13/2022,JAX,FL,ASO,ES,Combined TRACON& Tower with Radar,143,21,25,2,191,0,0,3,0,3,143,21,28,2,194,0,0,0,194
02/14/2022,JAX,FL,ASO,ES,Combined TRACON& Tower with Radar,172,40,25,2,239,0,1,27,0,28,172,41,52,2,267,0,0,0,267
02/15/2022,JAX,FL,ASO,ES,Combined TRACON& Tower with Radar,170,29,25,8,232,0,0,10,1,11,170,29,35,9,243,0,20,20,263
02/16/2022,JAX,FL,ASO,ES,Combined TRACON& Tower with Radar,176,34,33,13,256,0,3,16,6,25,176,37,49,19,281,2,104,106,387
02/17/2022,JAX,FL,ASO,ES,Combined TRACON& Tower with Radar,183,59,33,19,294,0,0,6,5,11,183,59,39,24,305,0,90,90,395
02/18/2022,JAX,FL,ASO,ES,Combined TRACON& Tower with Radar,193,39,25,0,257,0,0,3,0,3,193,39,28,0,260,0,0,0,260
02/19/2022,JAX,FL,ASO,ES,Combined TRACON& Tower with Radar,141,24,26,0,191,0,1,7,0,8,141,25,33,0,199,0,0,0,199
02/20/2022,JAX,FL,ASO,ES,Combined TRACON& Tower with Radar,163,32,29,0,224,0,1,12,0,13,163,33,41,0,237,0,0,0,237
02/21/2022,JAX,FL,ASO,ES,Combined TRACON& Tower with Radar,181,57,46,0,284,0,2,24,2,28,181,59,70,2,312,0,0,0,312
02/22/2022,JAX,FL,ASO,ES,Combined TRACON& Tower with Radar,183,36,53,53,325,0,4,13,7,24,183,40,66,60,349,4,28,32,381
02/23/2022,JAX,FL,ASO,ES,Combined TRACON& Tower with Radar,190,42,44,10,286,0,2,12,1,15,190,44,56,11,301,0,12,12,313
02/24/2022,JAX,FL,ASO,ES,Combined TRACON& Tower with Radar,184,63,42,33,322,0,2,11,1,14,184,65,53,34,336,0,0,0,336
02/25/2022,JAX,FL,ASO,ES,Combined TRACON& Tower with Radar,170,44,30,26,270,0,1,6,3,10,170,45,36,29,280,0,0,0,280
02/26/2022,JAX,FL,ASO,ES,Combined TRACON& Tower with Radar,147,29,19,0,195,0,4,10,1,15,147,33,29,1,210,0,0,0,210
02/27/2022,JAX,FL,ASO,ES,Combined TRACON& Tower with Radar,173,24,46,1,244,0,0,11,0,11,173,24,57,1,255,0,0,0,255
02/28/2022,JAX,FL,ASO,ES,Combined TRACON& Tower with Radar,185,30,40,2,257,0,0,0,0,0,185,30,40,2,257,0,0,0,257
03/01/2022,JAX,FL,ASO,ES,Combined TRACON& Tower with Radar,178,20,34,34,266,0,2,2,8,12,178,22,36,42,278,0,0,0,278
03/02/2022,JAX,FL,ASO,ES,Combined TRACON& Tower with Radar,182,40,49,0,271,0,3,10,0,13,182,43,59,0,284,8,0,8,292
03/03/2022,JAX,FL,ASO,ES,Combined TRACON& Tower with Radar,183,30,51,11,275,0,0,9,1,10,183,30,60,12,285,0,54,54,339
03/04/2022,JAX,FL,ASO,ES,Combined TRACON& Tower with Radar,188,44,38,20,290,0,0,8,0,8,188,44,46,20,298,0,0,0,298
03/05/2022,JAX,FL,ASO,ES,Combined TRACON& Tower with Radar,144,42,45,1,232,0,0,11,1,12,144,42,56,2,244,0,0,0,244
03/06/2022,JAX,FL,ASO,ES,Combined TRACON& Tower with Radar,172,52,44,0,268,0,0,10,0,10,172,52,54,0,278,0,0,0,278
03/07/2022,JAX,FL,ASO,ES,Combined TRACON& Tower with Radar,176,49,38,13,276,0,0,9,0,9,176,49,47,13,285,0,0,0,285
03/08/2022,JAX,FL,ASO,ES,Combined TRACON& Tower with Radar,171,40,46,7,264,0,0,0,6,6,171,40,46,13,270,0,32,32,302
03/09/2022,JAX,FL,ASO,ES,Combined TRACON& Tower with Radar,175,56,44,9,284,0,0,1,8,9,175,56,45,17,293,0,72,72,365
03/10/2022,JAX,FL,ASO,ES,Combined TRACON& Tower with Radar,183,54,51,7,295,0,2,0,4,6,183,56,51,11,301,0,42,42,343
03/11/2022,JAX,FL,ASO,ES,Combined TRACON& Tower with Radar,183,44,26,0,253,0,0,0,0,0,183,44,26,0,253,0,0,0,253
03/12/2022,JAX,FL,ASO,ES,Combined TRACON& Tower with Radar,164,21,24,0,209,0,0,0,0,0,164,21,24,0,209,0,0,0,209
03/13/2022,JAX,FL,ASO,ES,Combined TRACON& Tower with Radar,165,51,43,0,259,0,1,6,0,7,165,52,49,0,266,0,0,0,266
03/14/2022,JAX,FL,ASO,ES,Combined TRACON& Tower with Radar,178,63,30,3,274,0,2,8,4,14,178,65,38,7,288,0,74,74,362
03/15/2022,JAX,FL,ASO,ES,Combined TRACON& Tower with Radar,170,47,23,8,248,0,1,7,3,11,170,48,30,11,259,0,0,0,259
03/16/2022,JAX,FL,ASO,ES,Combined TRACON& Tower with Radar,183,41,42,3,269,0,0,3,7,10,183,41,45,10,279,0,28,28,307
03/17/2022,JAX,FL,ASO,ES,Combined TRACON& Tower with Radar,180,44,29,5,258,0,3,3,6,12,180,47,32,11,270,0,48,48,318
03/18/2022,JAX,FL,ASO,ES,Combined TRACON& Tower with Radar,184,34,40,0,258,0,0,6,2,8,184,34,46,2,266,0,0,0,266
03/19/2022,JAX,FL,ASO,ES,Combined TRACON& Tower with Radar,156,42,31,0,229,0,2,2,0,4,156,44,33,0,233,0,0,0,233
03/20/2022,JAX,FL,ASO,ES,Combined TRACON& Tower with Radar,185,33,39,0,257,0,0,3,0,3,185,33,42,0,260,0,0,0,260
03/21/2022,JAX,FL,ASO,ES,Combined TRACON& Tower with Radar,181,26,45,0,252,0,4,6,0,10,181,30,51,0,262,0,6,6,268
03/22/2022,JAX,FL,ASO,ES,Combined TRACON& Tower with Radar,167,28,42,5,242,0,4,2,1,7,167,32,44,6,249,0,0,0,249
03/23/2022,JAX,FL,ASO,ES,Combined TRACON& Tower with Radar,173,34,27,11,245,0,0,2,4,6,173,34,29,15,251,0,0,0,251
03/24/2022,JAX,FL,ASO,ES,Combined TRACON& Tower with Radar,186,42,46,2,276,0,0,0,0,0,186,42,46,2,276,0,0,0,276
03/25/2022,JAX,FL,ASO,ES,Combined TRACON& Tower with Radar,192,34,46,9,281,0,0,7,1,8,192,34,53,10,289,6,0,6,295
03/26/2022,JAX,FL,ASO,ES,Combined TRACON& Tower with Radar,151,28,21,0,200,0,1,2,0,3,151,29,23,0,203,0,0,0,203
03/27/2022,JAX,FL,ASO,ES,Combined TRACON& Tower with Radar,177,44,42,0,263,0,0,11,0,11,177,44,53,0,274,0,0,0,274
03/28/2022,JAX,FL,ASO,ES,Combined TRACON& Tower with Radar,183,23,41,5,252,0,2,5,2,9,183,25,46,7,261,0,46,46,307
03/29/2022,JAX,FL,ASO,ES,Combined TRACON& Tower with Radar,171,47,45,17,280,0,0,6,2,8,171,47,51,19,288,0,40,40,328
03/30/2022,JAX,FL,ASO,ES,Combined TRACON& Tower with Radar,167,53,51,3,274,0,0,5,3,8,167,53,56,6,282,0,48,48,330
03/31/2022,JAX,FL,ASO,ES,Combined TRACON& Tower with Radar,175,36,29,19,259,0,0,0,0,0,175,36,29,19,259,0,0,0,259
04/01/2022,JAX,FL,ASO,ES,Combined TRACON& Tower with Radar,200,41,29,8,278,0,1,3,3,7,200,42,32,11,285,0,22,22,307
04/02/2022,JAX,FL,ASO,ES,Combined TRACON& Tower with Radar,140,17,36,1,194,0,1,6,0,7,140,18,42,1,201,0,0,0,201
04/03/2022,JAX,FL,ASO,ES,Combined TRACON& Tower with Radar,167,34,44,3,248,0,0,4,0,4,167,34,48,3,252,0,0,0,252
04/04/2022,JAX,FL,ASO,ES,Combined TRACON& Tower with Radar,169,56,29,8,262,0,0,17,4,21,169,56,46,12,283,0,50,50,333
04/05/2022,JAX,FL,ASO,ES,Combined TRACON& Tower with Radar,175,63,40,5,283,0,0,4,1,5,175,63,44,6,288,0,0,0,288
04/06/2022,JAX,FL,ASO,ES,Combined TRACON& Tower with Radar,169,52,57,4,282,0,0,3,5,8,169,52,60,9,290,0,39,39,329
04/07/2022,JAX,FL,ASO,ES,Combined TRACON& Tower with Radar,192,33,50,0,275,1,0,7,1,9,193,33,57,1,284,0,0,0,284
04/08/2022,JAX,FL,ASO,ES,Combined TRACON& Tower with Radar,187,52,46,21,306,0,0,8,2,10,187,52,54,23,316,0,16,16,332
04/09/2022,JAX,FL,ASO,ES,Combined TRACON& Tower with Radar,140,33,32,0,205,0,0,14,0,14,140,33,46,0,219,0,0,0,219
04/10/2022,JAX,FL,ASO,ES,Combined TRACON& Tower with Radar,171,49,54,2,276,0,0,21,0,21,171,49,75,2,297,20,0,20,317
04/11/2022,JAX,FL,ASO,ES,Combined TRACON& Tower with Radar,180,41,40,9,270,0,0,10,7,17,180,41,50,16,287,0,0,0,287
04/12/2022,JAX,FL,ASO,ES,Combined TRACON& Tower with Radar,170,39,42,3,254,0,0,12,0,12,170,39,54,3,266,0,0,0,266
04/13/2022,JAX,FL,ASO,ES,Combined TRACON& Tower with Radar,176,57,43,9,285,0,1,6,2,9,176,58,49,11,294,0,0,0,294
04/14/2022,JAX,FL,ASO,ES,Combined TRACON& Tower with Radar,178,61,45,7,291,0,0,7,1,8,178,61,52,8,299,0,0,0,299
04/15/2022,JAX,FL,ASO,ES,Combined TRACON& Tower with Radar,194,40,41,4,279,0,0,1,2,3,194,40,42,6,282,0,0,0,282
04/16/2022,JAX,FL,ASO,ES,Combined TRACON& Tower with Radar,134,33,26,4,197,0,1,5,0,6,134,34,31,4,203,0,0,0,203
04/17/2022,JAX,FL,ASO,ES,Combined TRACON& Tower with Radar,167,14,14,0,195,0,0,2,0,2,167,14,16,0,197,0,0,0,197
04/18/2022,JAX,FL,ASO,ES,Combined TRACON& Tower with Radar,184,41,42,10,277,0,5,8,0,13,184,46,50,10,290,0,0,0,290
04/19/2022,JAX,FL,ASO,ES,Combined TRACON& Tower with Radar,175,43,25,23,266,0,2,8,4,14,175,45,33,27,280,6,0,6,286
04/20/2022,JAX,FL,ASO,ES,Combined TRACON& Tower with Radar,175,33,39,16,263,0,6,10,5,21,175,39,49,21,284,6,104,110,394
04/21/2022,JAX,FL,ASO,ES,Combined TRACON& Tower with Radar,185,45,43,7,280,0,0,6,2,8,185,45,49,9,288,0,36,36,324
04/22/2022,JAX,FL,ASO,ES,Combined TRACON& Tower with Radar,192,44,30,3,269,0,0,1,0,1,192,44,31,3,270,0,0,0,270
04/23/2022,JAX,FL,ASO,ES,Combined TRACON& Tower with Radar,132,38,21,14,205,0,0,1,0,1,132,38,22,14,206,0,0,0,206
04/24/2022,JAX,FL,ASO,ES,Combined TRACON& Tower with Radar,175,43,50,2,270,0,1,17,0,18,175,44,67,2,288,0,0,0,288
04/25/2022,JAX,FL,ASO,ES,Combined TRACON& Tower with Radar,180,34,32,8,254,0,2,13,12,27,180,36,45,20,281,0,0,0,281
04/26/2022,JAX,FL,ASO,ES,Combined TRACON& Tower with Radar,177,37,54,14,282,0,0,6,3,9,177,37,60,17,291,0,28,28,319
04/27/2022,JAX,FL,ASO,ES,Combined TRACON& Tower with Radar,168,36,38,13,255,0,0,4,2,6,168,36,42,15,261,0,0,0,261
04/28/2022,JAX,FL,ASO,ES,Combined TRACON& Tower with Radar,187,51,46,18,302,0,0,8,1,9,187,51,54,19,311,0,0,0,311
04/29/2022,JAX,FL,ASO,ES,Combined TRACON& Tower with Radar,191,35,46,2,274,0,0,13,2,15,191,35,59,4,289,0,6,6,295
04/30/2022,JAX,FL,ASO,ES,Combined TRACON& Tower with Radar,137,26,32,12,207,0,0,11,0,11,137,26,43,12,218,0,0,0,218
05/01/2022,JAX,FL,ASO,ES,Combined TRACON& Tower with Radar,181,31,33,0,245,0,0,8,0,8,181,31,41,0,253,0,0,0,253
05/02/2022,JAX,FL,ASO,ES,Combined TRACON& Tower with Radar,178,43,51,12,284,0,2,6,25,33,178,45,57,37,317,0,0,0,317
05/03/2022,JAX,FL,ASO,ES,Combined TRACON& Tower with Radar,179,58,43,30,310,0,3,5,5,13,179,61,48,35,323,0,0,0,323
05/04/2022,JAX,FL,ASO,ES,Combined TRACON& Tower with Radar,170,33,44,17,264,0,2,9,5,16,170,35,53,22,280,0,0,0,280
05/05/2022,JAX,FL,ASO,ES,Combined TRACON& Tower with Radar,195,50,40,16,301,0,0,11,7,18,195,50,51,23,319,0,88,88,407
05/06/2022,JAX,FL,ASO,ES,Combined TRACON& Tower with Radar,195,54,46,1,296,0,0,8,1,9,195,54,54,2,305,0,0,0,305
05/07/2022,JAX,FL,ASO,ES,Combined TRACON& Tower with Radar,156,21,16,0,193,0,0,15,0,15,156,21,31,0,208,0,0,0,208
05/08/2022,JAX,FL,ASO,ES,Combined TRACON& Tower with Radar,183,24,31,0,238,0,1,8,0,9,183,25,39,0,247,0,0,0,247
05/09/2022,JAX,FL,ASO,ES,Combined TRACON& Tower with Radar,188,36,44,5,273,0,2,14,3,19,188,38,58,8,292,0,6,6,298
05/10/2022,JAX,FL,ASO,ES,Combined TRACON& Tower with Radar,185,31,29,6,251,0,4,3,0,7,185,35,32,6,258,0,2,2,260
05/11/2022,JAX,FL,ASO,ES,Combined TRACON& Tower with Radar,181,31,30,4,246,0,2,3,7,12,181,33,33,11,258,0,20,20,278
05/12/2022,JAX,FL,ASO,ES,Combined TRACON& Tower with Radar,192,51,40,5,288,0,0,6,0,6,192,51,46,5,294,0,0,0,294
05/13/2022,JAX,FL,ASO,ES,Combined TRACON& Tower with Radar,199,49,49,10,307,0,2,8,8,18,199,51,57,18,325,0,0,0,325
05/14/2022,JAX,FL,ASO,ES,Combined TRACON& Tower with Radar,148,15,23,8,194,0,0,1,1,2,148,15,24,9,196,6,12,18,214
05/15/2022,JAX,FL,ASO,ES,Combined TRACON& Tower with Radar,184,41,31,7,263,0,0,4,6,10,184,41,35,13,273,0,0,0,273
05/16/2022,JAX,FL,ASO,ES,Combined TRACON& Tower with Radar,173,31,33,16,253,0,0,14,34,48,173,31,47,50,301,0,0,0,301
05/17/2022,JAX,FL,ASO,ES,Combined TRACON& Tower with Radar,181,40,28,23,272,0,0,17,9,26,181,40,45,32,298,0,12,12,310
05/18/2022,JAX,FL,ASO,ES,Combined TRACON& Tower with Radar,180,30,51,17,278,0,0,9,15,24,180,30,60,32,302,0,46,46,348
05/19/2022,JAX,FL,ASO,ES,Combined TRACON& Tower with Radar,199,51,36,7,293,0,1,12,3,16,199,52,48,10,309,0,0,0,309
05/20/2022,JAX,FL,ASO,ES,Combined TRACON& Tower with Radar,198,39,51,15,303,0,0,12,3,15,198,39,63,18,318,0,0,0,318
05/21/2022,JAX,FL,ASO,ES,Combined TRACON& Tower with Radar,147,12,25,0,184,0,0,0,0,0,147,12,25,0,184,0,0,0,184
05/22/2022,JAX,FL,ASO,ES,Combined TRACON& Tower with Radar,182,37,41,0,260,0,0,8,0,8,182,37,49,0,268,0,0,0,268
05/23/2022,JAX,FL,ASO,ES,Combined TRACON& Tower with Radar,196,33,46,41,316,0,0,4,14,18,196,33,50,55,334,0,0,0,334
05/24/2022,JAX,FL,ASO,ES,Combined TRACON& Tower with Radar,186,29,48,24,287,0,1,19,9,29,186,30,67,33,316,0,18,18,334
05/25/2022,JAX,FL,ASO,ES,Combined TRACON& Tower with Radar,179,24,43,7,253,0,0,12,5,17,179,24,55,12,270,0,28,28,298
05/26/2022,JAX,FL,ASO,ES,Combined TRACON& Tower with Radar,207,45,45,18,315,0,2,10,5,17,207,47,55,23,332,0,12,12,344
05/27/2022,JAX,FL,ASO,ES,Combined TRACON& Tower with Radar,190,34,38,1,263,0,0,6,0,6,190,34,44,1,269,0,0,0,269
05/28/2022,JAX,FL,ASO,ES,Combined TRACON& Tower with Radar,149,30,10,0,189,0,2,10,0,12,149,32,20,0,201,0,0,0,201
05/29/2022,JAX,FL,ASO,ES,Combined TRACON& Tower with Radar,184,20,23,0,227,0,0,9,0,9,184,20,32,0,236,0,0,0,236
05/30/2022,JAX,FL,ASO,ES,Combined TRACON& Tower with Radar,185,20,22,0,227,0,0,6,0,6,185,20,28,0,233,0,0,0,233
05/31/2022,JAX,FL,ASO,ES,Combined TRACON& Tower with Radar,174,48,29,16,267,0,0,9,3,12,174,48,38,19,279,0,0,0,279
06/01/2022,JAX,FL,ASO,ES,Combined TRACON& Tower with Radar,164,39,61,24,288,0,3,7,2,12,164,42,68,26,300,4,26,30,330
06/02/2022,JAX,FL,ASO,ES,Combined TRACON& Tower with Radar,187,38,23,26,274,0,6,19,3,28,187,44,42,29,302,2,34,36,338
06/03/2022,JAX,FL,ASO,ES,Combined TRACON& Tower with Radar,179,51,37,7,274,0,0,8,5,13,179,51,45,12,287,68,44,112,399
06/04/2022,JAX,FL,ASO,ES,Combined TRACON& Tower with Radar,142,18,15,0,175,0,0,3,0,3,142,18,18,0,178,0,0,0,178
06/05/2022,JAX,FL,ASO,ES,Combined TRACON& Tower with Radar,185,31,29,0,245,0,0,1,0,1,185,31,30,0,246,0,0,0,246
06/06/2022,JAX,FL,ASO,ES,Combined TRACON& Tower with Radar,175,30,31,4,240,0,0,1,2,3,175,30,32,6,243,0,0,0,243
06/07/2022,JAX,FL,ASO,ES,Combined TRACON& Tower with Radar,182,34,32,9,257,0,10,2,4,16,182,44,34,13,273,10,56,66,339
06/08/2022,JAX,FL,ASO,ES,Combined TRACON& Tower with Radar,171,30,38,15,254,0,0,9,4,13,171,30,47,19,267,0,6,6,273
06/09/2022,JAX,FL,ASO,ES,Combined TRACON& Tower with Radar,180,38,39,14,271,0,0,12,12,24,180,38,51,26,295,0,124,124,419
06/10/2022,JAX,FL,ASO,ES,Combined TRACON& Tower with Radar,190,50,36,18,294,0,0,9,4,13,190,50,45,22,307,0,0,0,307
06/11/2022,JAX,FL,ASO,ES,Combined TRACON& Tower with Radar,152,19,28,6,205,0,2,4,4,10,152,21,32,10,215,20,0,20,235
06/12/2022,JAX,FL,ASO,ES,Combined TRACON& Tower with Radar,180,29,31,0,240,0,0,4,2,6,180,29,35,2,246,20,0,20,266
06/13/2022,JAX,FL,ASO,ES,Combined TRACON& Tower with Radar,182,40,29,0,251,0,2,8,0,10,182,42,37,0,261,23,0,23,284
06/14/2022,JAX,FL,ASO,ES,Combined TRACON& Tower with Radar,176,35,31,30,272,0,5,7,8,20,176,40,38,38,292,6,92,98,390
06/15/2022,JAX,FL,ASO,ES,Combined TRACON& Tower with Radar,183,22,49,28,282,0,2,8,8,18,183,24,57,36,300,0,58,58,358
06/16/2022,JAX,FL,ASO,ES,Combined TRACON& Tower with Radar,166,42,35,14,257,0,2,7,2,11,166,44,42,16,268,0,4,4,272
06/17/2022,JAX,FL,ASO,ES,Combined TRACON& Tower with Radar,187,51,37,7,282,0,0,8,5,13,187,51,45,12,295,0,0,0,295
06/18/2022,JAX,FL,ASO,ES,Combined TRACON& Tower with Radar,142,18,15,0,175,0,0,3,0,3,142,18,18,0,178,0,0,0,178
06/19/2022,JAX,FL,ASO,ES,Combined TRACON& Tower with Radar,185,31,29,0,245,0,0,1,0,1,185,31,30,0,246,4,0,4,250
06/20/2022,JAX,FL,ASO,ES,Combined TRACON& Tower with Radar,175,30,31,4,240,0,0,1,2,3,175,30,32,6,243,0,0,0,243
06/21/2022,JAX,FL,ASO,ES,Combined TRACON& Tower with Radar,182,34,32,9,257,0,10,2,4,16,182,44,34,13,273,0,54,54,327
06/22/2022,JAX,FL,ASO,ES,Combined TRACON& Tower with Radar,171,30,38,15,254,0,0,9,4,13,171,30,47,19,267,0,38,38,305
06/23/2022,JAX,FL,ASO,ES,Combined TRACON& Tower with Radar,181,48,39,3,271,0,2,6,7,15,181,50,45,10,286,2,94,96,382
06/24/2022,JAX,FL,ASO,ES,Combined TRACON& Tower with Radar,201,31,34,21,287,0,0,4,9,13,201,31,38,30,300,2,80,82,382
06/25/2022,JAX,FL,ASO,ES,Combined TRACON& Tower with Radar,149,22,19,0,190,0,0,3,0,3,149,22,22,0,193,0,0,0,193
06/26/2022,JAX,FL,ASO,ES,Combined TRACON& Tower with Radar,175,43,31,6,255,0,0,9,0,9,175,43,40,6,264,0,0,0,264
06/27/2022,JAX,FL,ASO,ES,Combined TRACON& Tower with Radar,173,46,43,6,268,0,0,7,2,9,173,46,50,8,277,0,2,2,279
06/28/2022,JAX,FL,ASO,ES,Combined TRACON& Tower with Radar,180,41,31,23,275,0,1,0,6,7,180,42,31,29,282,0,0,0,282
06/29/2022,JAX,FL,ASO,ES,Combined TRACON& Tower with Radar,170,48,52,28,298,0,0,5,16,21,170,48,57,44,319,0,44,44,363
06/30/2022,JAX,FL,ASO,ES,Combined TRACON& Tower with Radar,194,38,40,7,279,0,0,0,3,3,194,38,40,10,282,0,18,18,300
07/01/2022,JAX,FL,ASO,ES,Combined TRACON& Tower with Radar,187,35,39,11,272,0,1,1,3,5,187,36,40,14,277,0,0,0,277
07/02/2022,JAX,FL,ASO,ES,Combined TRACON& Tower with Radar,147,17,26,0,190,0,0,2,0,2,147,17,28,0,192,0,0,0,192
07/03/2022,JAX,FL,ASO,ES,Combined TRACON& Tower with Radar,169,17,15,0,201,0,0,3,0,3,169,17,18,0,204,2,0,2,206
07/04/2022,JAX,FL,ASO,ES,Combined TRACON& Tower with Radar,178,15,15,0,208,0,0,5,0,5,178,15,20,0,213,0,0,0,213
07/05/2022,JAX,FL,ASO,ES,Combined TRACON& Tower with Radar,165,36,19,7,227,0,2,5,0,7,165,38,24,7,234,0,0,0,234
07/06/2022,JAX,FL,ASO,ES,Combined TRACON& Tower with Radar,167,57,25,9,258,0,0,11,9,20,167,57,36,18,278,6,140,146,424
07/07/2022,JAX,FL,ASO,ES,Combined TRACON& Tower with Radar,181,36,26,5,248,0,0,9,7,16,181,36,35,12,264,0,40,40,304
07/08/2022,JAX,FL,ASO,ES,Combined TRACON& Tower with Radar,200,26,27,5,258,0,0,2,4,6,200,26,29,9,264,0,40,40,304
07/09/2022,JAX,FL,ASO,ES,Combined TRACON& Tower with Radar,154,17,17,0,188,0,2,4,0,6,154,19,21,0,194,6,0,6,200
07/10/2022,JAX,FL,ASO,ES,Combined TRACON& Tower with Radar,179,29,37,0,245,0,0,4,0,4,179,29,41,0,249,0,0,0,249
07/11/2022,JAX,FL,ASO,ES,Combined TRACON& Tower with Radar,189,31,20,0,240,0,3,4,0,7,189,34,24,0,247,0,0,0,247
07/12/2022,JAX,FL,ASO,ES,Combined TRACON& Tower with Radar,174,38,40,16,268,0,0,1,8,9,174,38,41,24,277,0,44,44,321
07/13/2022,JAX,FL,ASO,ES,Combined TRACON& Tower with Radar,172,35,54,13,274,0,0,11,3,14,172,35,65,16,288,0,64,64,352
07/14/2022,JAX,FL,ASO,ES,Combined TRACON& Tower with Radar,189,34,32,2,257,0,0,3,2,5,189,34,35,4,262,0,0,0,262
07/15/2022,JAX,FL,ASO,ES,Combined TRACON& Tower with Radar,190,37,18,8,253,0,0,13,87,100,190,37,31,95,353,0,0,0,353
07/16/2022,JAX,FL,ASO,ES,Combined TRACON& Tower with Radar,155,17,22,0,194,0,0,1,0,1,155,17,23,0,195,0,0,0,195
07/17/2022,JAX,FL,ASO,ES,Combined TRACON& Tower with Radar,177,29,15,0,221,0,0,2,0,2,177,29,17,0,223,0,0,0,223
07/18/2022,JAX,FL,ASO,ES,Combined TRACON& Tower with Radar,174,29,40,1,244,0,2,0,3,5,174,31,40,4,249,0,0,0,249
07/19/2022,JAX,FL,ASO,ES,Combined TRACON& Tower with Radar,177,48,37,8,270,0,2,4,2,8,177,50,41,10,278,12,8,20,298
07/20/2022,JAX,FL,ASO,ES,Combined TRACON& Tower with Radar,177,39,43,9,268,0,0,1,1,2,177,39,44,10,270,0,0,0,270
07/21/2022,JAX,FL,ASO,ES,Combined TRACON& Tower with Radar,182,47,36,24,289,0,1,6,8,15,182,48,42,32,304,0,44,44,348
07/22/2022,JAX,FL,ASO,ES,Combined TRACON& Tower with Radar,194,47,39,14,294,0,1,3,3,7,194,48,42,17,301,0,0,0,301
07/23/2022,JAX,FL,ASO,ES,Combined TRACON& Tower with Radar,149,15,26,0,190,0,2,5,0,7,149,17,31,0,197,0,0,0,197
07/24/2022,JAX,FL,ASO,ES,Combined TRACON& Tower with Radar,175,17,33,0,225,0,0,8,2,10,175,17,41,2,235,0,0,0,235
07/25/2022,JAX,FL,ASO,ES,Combined TRACON& Tower with Radar,169,35,28,20,252,2,2,10,31,45,171,37,38,51,297,0,0,0,297
07/26/2022,JAX,FL,ASO,ES,Combined TRACON& Tower with Radar,191,60,24,19,294,0,4,10,3,17,191,64,34,22,311,0,28,28,339
07/27/2022,JAX,FL,ASO,ES,Combined TRACON& Tower with Radar,170,35,25,22,252,0,2,9,18,29,170,37,34,40,281,0,106,106,387
07/28/2022,JAX,FL,ASO,ES,Combined TRACON& Tower with Radar,181,43,36,21,281,0,0,13,4,17,181,43,49,25,298,0,12,12,310
07/29/2022,JAX,FL,ASO,ES,Combined TRACON& Tower with Radar,184,26,35,25,270,0,1,7,3,11,184,27,42,28,281,0,0,0,281
07/30/2022,JAX,FL,ASO,ES,Combined TRACON& Tower with Radar,153,18,14,0,185,0,1,5,0,6,153,19,19,0,191,0,0,0,191
07/31/2022,JAX,FL,ASO,ES,Combined TRACON& Tower with Radar,173,36,30,0,239,0,0,10,0,10,173,36,40,0,249,0,0,0,249
08/01/2022,JAX,FL,ASO,ES,Combined TRACON& Tower with Radar,185,29,25,6,245,0,1,9,4,14,185,30,34,10,259,0,8,8,267
08/02/2022,JAX,FL,ASO,ES,Combined TRACON& Tower with Radar,174,28,28,9,239,0,1,14,5,20,174,29,42,14,259,10,0,10,269
08/03/2022,JAX,FL,ASO,ES,Combined TRACON& Tower with Radar,166,33,30,6,235,0,0,5,2,7,166,33,35,8,242,0,0,0,242
08/04/2022,JAX,FL,ASO,ES,Combined TRACON& Tower with Radar,179,44,36,16,275,0,1,15,2,18,179,45,51,18,293,0,0,0,293
08/05/2022,JAX,FL,ASO,ES,Combined TRACON& Tower with Radar,174,24,18,25,241,0,0,6,2,8,174,24,24,27,249,34,2,36,285
08/06/2022,JAX,FL,ASO,ES,Combined TRACON& Tower with Radar,153,17,21,12,203,0,0,8,0,8,153,17,29,12,211,0,0,0,211
08/07/2022,JAX,FL,ASO,ES,Combined TRACON& Tower with Radar,170,30,34,0,234,0,4,10,0,14,170,34,44,0,248,0,0,0,248
08/08/2022,JAX,FL,ASO,ES,Combined TRACON& Tower with Radar,183,32,23,2,240,0,0,8,0,8,183,32,31,2,248,0,16,16,264
08/09/2022,JAX,FL,ASO,ES,Combined TRACON& Tower with Radar,173,30,32,23,258,0,3,4,1,8,173,33,36,24,266,4,12,16,282
08/10/2022,JAX,FL,ASO,ES,Combined TRACON& Tower with Radar,170,45,42,13,270,0,1,7,4,12,170,46,49,17,282,0,8,8,290
08/11/2022,JAX,FL,ASO,ES,Combined TRACON& Tower with Radar,179,32,35,20,266,0,0,5,4,9,179,32,40,24,275,0,38,38,313
08/12/2022,JAX,FL,ASO,ES,Combined TRACON& Tower with Radar,190,23,33,9,255,0,0,11,7,18,190,23,44,16,273,0,16,16,289
08/13/2022,JAX,FL,ASO,ES,Combined TRACON& Tower with Radar,149,25,17,7,198,0,0,7,1,8,149,25,24,8,206,0,0,0,206
08/14/2022,JAX,FL,ASO,ES,Combined TRACON& Tower with Radar,181,34,15,1,231,0,0,8,0,8,181,34,23,1,239,0,0,0,239
08/15/2022,JAX,FL,ASO,ES,Combined TRACON& Tower with Radar,172,35,26,2,235,0,0,12,3,15,172,35,38,5,250,0,0,0,250
08/16/2022,JAX,FL,ASO,ES,Combined TRACON& Tower with Radar,167,24,29,8,228,0,2,8,1,11,167,26,37,9,239,2,18,20,259
08/17/2022,JAX,FL,ASO,ES,Combined TRACON& Tower with Radar,172,23,31,3,229,0,1,5,3,9,172,24,36,6,238,0,0,0,238
08/18/2022,JAX,FL,ASO,ES,Combined TRACON& Tower with Radar,181,44,42,8,275,0,0,2,3,5,181,44,44,11,280,0,30,30,310
08/19/2022,JAX,FL,ASO,ES,Combined TRACON& Tower with Radar,187,35,28,8,258,0,3,3,0,6,187,38,31,8,264,4,34,38,302
08/20/2022,JAX,FL,ASO,ES,Combined TRACON& Tower with Radar,151,11,11,0,173,0,2,5,0,7,151,13,16,0,180,0,0,0,180
08/21/2022,JAX,FL,ASO,ES,Combined TRACON& Tower with Radar,162,26,27,0,215,0,0,10,0,10,162,26,37,0,225,0,0,0,225
08/22/2022,JAX,FL,ASO,ES,Combined TRACON& Tower with Radar,170,36,30,2,238,0,0,8,0,8,170,36,38,2,246,0,0,0,246
08/23/2022,JAX,FL,ASO,ES,Combined TRACON& Tower with Radar,183,39,35,11,268,0,0,10,7,17,183,39,45,18,285,0,50,50,335
08/24/2022,JAX,FL,ASO,ES,Combined TRACON& Tower with Radar,172,42,45,2,261,0,0,6,4,10,172,42,51,6,271,0,0,0,271
08/25/2022,JAX,FL,ASO,ES,Combined TRACON& Tower with Radar,171,34,44,3,252,0,0,1,1,2,171,34,45,4,254,0,22,22,276
08/26/2022,JAX,FL,ASO,ES,Combined TRACON& Tower with Radar,189,26,33,7,255,0,0,4,0,4,189,26,37,7,259,0,0,0,259
08/27/2022,JAX,FL,ASO,ES,Combined TRACON& Tower with Radar,154,16,14,2,186,0,1,4,0,5,154,17,18,2,191,0,0,0,191
08/28/2022,JAX,FL,ASO,ES,Combined TRACON& Tower with Radar,163,26,40,0,229,0,0,6,0,6,163,26,46,0,235,0,0,0,235
08/29/2022,JAX,FL,ASO,ES,Combined TRACON& Tower with Radar,169,30,17,13,229,0,0,2,4,6,169,30,19,17,235,0,2,2,237
08/30/2022,JAX,FL,ASO,ES,Combined TRACON& Tower with Radar,164,23,37,7,231,0,1,2,3,6,164,24,39,10,237,0,8,8,245
08/31/2022,JAX,FL,ASO,ES,Combined TRACON& Tower with Radar,169,25,31,7,232,0,0,6,2,8,169,25,37,9,240,0,0,0,240
09/01/2022,JAX,FL,ASO,ES,Combined TRACON& Tower with Radar,182,42,24,11,259,0,2,2,6,10,182,44,26,17,269,0,2,2,271
09/02/2022,JAX,FL,ASO,ES,Combined TRACON& Tower with Radar,183,43,63,1,290,0,0,3,0,3,183,43,66,1,293,0,0,0,293
09/03/2022,JAX,FL,ASO,ES,Combined TRACON& Tower with Radar,145,24,12,0,181,0,0,0,0,0,145,24,12,0,181,0,0,0,181
09/04/2022,JAX,FL,ASO,ES,Combined TRACON& Tower with Radar,142,10,15,0,167,0,0,0,0,0,142,10,15,0,167,0,0,0,167
09/05/2022,JAX,FL,ASO,ES,Combined TRACON& Tower with Radar,160,46,33,0,239,0,2,8,0,10,160,48,41,0,249,10,0,10,259
09/06/2022,JAX,FL,ASO,ES,Combined TRACON& Tower with Radar,160,44,30,19,253,0,0,7,5,12,160,44,37,24,265,0,0,0,265
09/07/2022,JAX,FL,ASO,ES,Combined TRACON& Tower with Radar,164,39,27,6,236,0,0,10,5,15,164,39,37,11,251,10,22,32,283
09/08/2022,JAX,FL,ASO,ES,Combined TRACON& Tower with Radar,185,38,33,13,269,0,0,5,1,6,185,38,38,14,275,2,44,46,321
09/09/2022,JAX,FL,ASO,ES,Combined TRACON& Tower with Radar,176,54,42,10,282,0,0,4,3,7,176,54,46,13,289,0,10,10,299
09/10/2022,JAX,FL,ASO,ES,Combined TRACON& Tower with Radar,138,20,24,10,192,0,1,3,6,10,138,21,27,16,202,0,4,4,206
09/11/2022,JAX,FL,ASO,ES,Combined TRACON& Tower with Radar,180,29,29,0,238,0,0,11,0,11,180,29,40,0,249,2,0,2,251
09/12/2022,JAX,FL,ASO,ES,Combined TRACON& Tower with Radar,164,36,35,21,256,0,0,2,1,3,164,36,37,22,259,0,10,10,269
09/13/2022,JAX,FL,ASO,ES,Combined TRACON& Tower with Radar,167,31,52,25,275,0,2,5,1,8,167,33,57,26,283,2,6,8,291
09/14/2022,JAX,FL,ASO,ES,Combined TRACON& Tower with Radar,180,37,32,17,266,0,0,3,4,7,180,37,35,21,273,0,24,24,297
09/15/2022,JAX,FL,ASO,ES,Combined TRACON& Tower with Radar,184,41,49,11,285,0,0,6,4,10,184,41,55,15,295,0,0,0,295
09/16/2022,JAX,FL,ASO,ES,Combined TRACON& Tower with Radar,183,44,33,23,283,0,0,4,2,6,183,44,37,25,289,2,6,8,297
09/17/2022,JAX,FL,ASO,ES,Combined TRACON& Tower with Radar,136,19,15,7,177,0,0,4,0,4,136,19,19,7,181,0,0,0,181
09/18/2022,JAX,FL,ASO,ES,Combined TRACON& Tower with Radar,177,36,26,2,241,0,0,2,0,2,177,36,28,2,243,0,0,0,243
09/19/2022,JAX,FL,ASO,ES,Combined TRACON& Tower with Radar,170,39,35,4,248,0,0,2,0,2,170,39,37,4,250,0,0,0,250
09/20/2022,JAX,FL,ASO,ES,Combined TRACON& Tower with Radar,171,37,26,11,245,0,0,14,4,18,171,37,40,15,263,0,20,20,283
09/21/2022,JAX,FL,ASO,ES,Combined TRACON& Tower with Radar,161,38,41,16,256,0,0,10,5,15,161,38,51,21,271,12,60,72,343
09/22/2022,JAX,FL,ASO,ES,Combined TRACON& Tower with Radar,179,49,30,14,272,0,5,14,1,20,179,54,44,15,292,6,6,12,304
09/23/2022,JAX,FL,ASO,ES,Combined TRACON& Tower with Radar,183,31,26,15,255,1,2,7,1,11,184,33,33,16,266,8,0,8,274
09/24/2022,JAX,FL,ASO,ES,Combined TRACON& Tower with Radar,136,23,25,0,184,0,4,25,4,33,136,27,50,4,217,0,0,0,217
09/25/2022,JAX,FL,ASO,ES,Combined TRACON& Tower with Radar,172,46,42,1,261,0,4,4,1,9,172,50,46,2,270,0,52,52,322
09/26/2022,JAX,FL,ASO,ES,Combined TRACON& Tower with Radar,168,39,37,11,255,0,2,21,5,28,168,41,58,16,283,0,0,0,283
09/27/2022,JAX,FL,ASO,ES,Combined TRACON& Tower with Radar,170,33,35,5,243,0,2,7,3,12,170,35,42,8,255,0,0,0,255
09/28/2022,JAX,FL,ASO,ES,Combined TRACON& Tower with Radar,120,31,13,1,165,0,0,0,1,1,120,31,13,2,166,0,0,0,166
09/29/2022,JAX,FL,ASO,ES,Combined TRACON& Tower with Radar,0,0,1,0,1,0,0,0,0,0,0,0,1,0,1,0,0,0,1
09/30/2022,JAX,FL,ASO,ES,Combined TRACON& Tower with Radar,61,20,13,0,94,0,0,1,0,1,61,20,14,0,95,0,0,0,95
10/01/2022,JAX,FL,ASO,ES,Combined TRACON& Tower with Radar,126,26,18,0,170,0,1,7,0,8,126,27,25,0,178,0,0,0,178
10/02/2022,JAX,FL,ASO,ES,Combined TRACON& Tower with Radar,180,39,18,0,237,0,1,8,0,9,180,40,26,0,246,0,0,0,246
10/03/2022,JAX,FL,ASO,ES,Combined TRACON& Tower with Radar,160,29,22,0,211,0,2,8,1,11,160,31,30,1,222,0,0,0,222
10/04/2022,JAX,FL,ASO,ES,Combined TRACON& Tower with Radar,158,49,40,20,267,0,0,17,7,24,158,49,57,27,291,0,0,0,291
10/05/2022,JAX,FL,ASO,ES,Combined TRACON& Tower with Radar,154,44,38,16,252,0,4,11,4,19,154,48,49,20,271,10,18,28,299
10/06/2022,JAX,FL,ASO,ES,Combined TRACON& Tower with Radar,185,63,34,11,293,0,0,13,1,14,185,63,47,12,307,0,0,0,307
10/07/2022,JAX,FL,ASO,ES,Combined TRACON& Tower with Radar,178,47,50,9,284,0,2,8,6,16,178,49,58,15,300,0,0,0,300
10/08/2022,JAX,FL,ASO,ES,Combined TRACON& Tower with Radar,137,30,28,2,197,0,3,16,2,21,137,33,44,4,218,0,0,0,218
10/09/2022,JAX,FL,ASO,ES,Combined TRACON& Tower with Radar,177,54,53,5,289,0,0,11,1,12,177,54,64,6,301,0,0,0,301
10/10/2022,JAX,FL,ASO,ES,Combined TRACON& Tower with Radar,161,52,38,8,259,0,0,9,0,9,161,52,47,8,268,0,0,0,268
10/11/2022,JAX,FL,ASO,ES,Combined TRACON& Tower with Radar,165,54,44,30,293,0,0,7,5,12,165,54,51,35,305,0,8,8,313
10/12/2022,JAX,FL,ASO,ES,Combined TRACON& Tower with Radar,154,49,39,41,283,0,1,0,3,4,154,50,39,44,287,0,66,66,353
10/13/2022,JAX,FL,ASO,ES,Combined TRACON& Tower with Radar,185,52,36,17,290,0,6,4,7,17,185,58,40,24,307,0,16,16,323
10/14/2022,JAX,FL,ASO,ES,Combined TRACON& Tower with Radar,179,45,45,16,285,0,31,12,11,54,179,76,57,27,339,26,26,52,391
10/15/2022,JAX,FL,ASO,ES,Combined TRACON& Tower with Radar,145,29,23,9,206,1,0,13,13,27,146,29,36,22,233,0,0,0,233
10/16/2022,JAX,FL,ASO,ES,Combined TRACON& Tower with Radar,181,35,23,0,239,0,1,6,0,7,181,36,29,0,246,0,0,0,246
10/17/2022,JAX,FL,ASO,ES,Combined TRACON& Tower with Radar,164,47,42,20,273,0,0,8,8,16,164,47,50,28,289,0,26,26,315
10/18/2022,JAX,FL,ASO,ES,Combined TRACON& Tower with Radar,162,35,27,17,241,0,0,12,3,15,162,35,39,20,256,0,12,12,268
10/19/2022,JAX,FL,ASO,ES,Combined TRACON& Tower with Radar,156,39,55,11,261,0,2,16,1,19,156,41,71,12,280,4,0,4,284
10/20/2022,JAX,FL,ASO,ES,Combined TRACON& Tower with Radar,185,43,39,7,274,0,4,14,3,21,185,47,53,10,295,0,0,0,295
10/21/2022,JAX,FL,ASO,ES,Combined TRACON& Tower with Radar,177,46,28,13,264,0,0,10,4,14,177,46,38,17,278,0,0,0,278
10/22/2022,JAX,FL,ASO,ES,Combined TRACON& Tower with Radar,140,23,19,11,193,0,0,10,0,10,140,23,29,11,203,8,0,8,211
10/23/2022,JAX,FL,ASO,ES,Combined TRACON& Tower with Radar,177,40,37,0,254,0,0,2,0,2,177,40,39,0,256,0,0,0,256
10/24/2022,JAX,FL,ASO,ES,Combined TRACON& Tower with Radar,163,43,32,9,247,0,1,7,7,15,163,44,39,16,262,0,0,0,262
10/25/2022,JAX,FL,ASO,ES,Combined TRACON& Tower with Radar,157,31,37,24,249,0,2,9,5,16,157,33,46,29,265,0,58,58,323
10/26/2022,JAX,FL,ASO,ES,Combined TRACON& Tower with Radar,161,43,31,14,249,0,4,4,6,14,161,47,35,20,263,0,26,26,289
10/27/2022,JAX,FL,ASO,ES,Combined TRACON& Tower with Radar,190,41,30,26,287,0,3,14,9,26,190,44,44,35,313,0,0,0,313
10/28/2022,JAX,FL,ASO,ES,Combined TRACON& Tower with Radar,173,37,39,16,265,0,0,2,0,2,173,37,41,16,267,0,10,10,277
10/29/2022,JAX,FL,ASO,ES,Combined TRACON& Tower with Radar,136,44,58,8,246,0,0,0,0,0,136,44,58,8,246,0,0,0,246
10/30/2022,JAX,FL,ASO,ES,Combined TRACON& Tower with Radar,174,22,32,2,230,0,0,3,0,3,174,22,35,2,233,0,0,0,233
10/31/2022,JAX,FL,ASO,ES,Combined TRACON& Tower with Radar,152,31,30,0,213,0,0,10,0,10,152,31,40,0,223,0,0,0,223
11/01/2022,JAX,FL,ASO,ES,Combined TRACON& Tower with Radar,159,32,45,23,259,0,2,27,61,90,159,34,72,84,349,0,4,4,353
11/02/2022,JAX,FL,ASO,ES,Combined TRACON& Tower with Radar,162,30,41,21,254,1,4,8,7,20,163,34,49,28,274,8,64,72,346
11/03/2022,JAX,FL,ASO,ES,Combined TRACON& Tower with Radar,182,40,46,4,272,0,5,3,2,10,182,45,49,6,282,0,0,0,282
11/04/2022,JAX,FL,ASO,ES,Combined TRACON& Tower with Radar,165,42,35,20,262,0,0,7,1,8,165,42,42,21,270,0,0,0,270
11/05/2022,JAX,FL,ASO,ES,Combined TRACON& Tower with Radar,137,23,27,18,205,0,0,5,2,7,137,23,32,20,212,0,6,6,218
11/06/2022,JAX,FL,ASO,ES,Combined TRACON& Tower with Radar,166,40,38,1,245,1,0,5,1,7,167,40,43,2,252,0,0,0,252
11/07/2022,JAX,FL,ASO,ES,Combined TRACON& Tower with Radar,168,31,34,3,236,0,1,8,37,46,168,32,42,40,282,0,6,6,288
11/08/2022,JAX,FL,ASO,ES,Combined TRACON& Tower with Radar,164,34,45,4,247,0,1,11,4,16,164,35,56,8,263,2,0,2,265
11/09/2022,JAX,FL,ASO,ES,Combined TRACON& Tower with Radar,165,42,34,4,245,0,0,4,0,4,165,42,38,4,249,0,0,0,249
11/10/2022,JAX,FL,ASO,ES,Combined TRACON& Tower with Radar,134,11,10,0,155,0,0,0,0,0,134,11,10,0,155,0,0,0,155
11/11/2022,JAX,FL,ASO,ES,Combined TRACON& Tower with Radar,173,47,37,0,257,0,0,2,0,2,173,47,39,0,259,0,0,0,259
11/12/2022,JAX,FL,ASO,ES,Combined TRACON& Tower with Radar,159,23,27,0,209,0,1,7,0,8,159,24,34,0,217,0,0,0,217
11/13/2022,JAX,FL,ASO,ES,Combined TRACON& Tower with Radar,177,31,19,0,227,0,0,7,0,7,177,31,26,0,234,0,0,0,234
11/14/2022,JAX,FL,ASO,ES,Combined TRACON& Tower with Radar,173,40,40,0,253,0,0,4,0,4,173,40,44,0,257,0,0,0,257
11/15/2022,JAX,FL,ASO,ES,Combined TRACON& Tower with Radar,171,43,35,35,284,0,2,9,0,11,171,45,44,35,295,8,10,18,313
11/16/2022,JAX,FL,ASO,ES,Combined TRACON& Tower with Radar,168,41,42,8,259,0,1,0,3,4,168,42,42,11,263,0,44,44,307
11/17/2022,JAX,FL,ASO,ES,Combined TRACON& Tower with Radar,189,46,36,6,277,0,0,10,1,11,189,46,46,7,288,0,0,0,288
11/18/2022,JAX,FL,ASO,ES,Combined TRACON& Tower with Radar,194,41,43,9,287,0,1,14,3,18,194,42,57,12,305,0,44,44,349
11/19/2022,JAX,FL,ASO,ES,Combined TRACON& Tower with Radar,156,34,25,0,215,0,4,5,0,9,156,38,30,0,224,0,0,0,224
11/20/2022,JAX,FL,ASO,ES,Combined TRACON& Tower with Radar,179,37,24,0,240,0,0,5,0,5,179,37,29,0,245,0,0,0,245
11/21/2022,JAX,FL,ASO,ES,Combined TRACON& Tower with Radar,179,52,25,20,276,0,0,4,60,64,179,52,29,80,340,0,0,0,340
11/22/2022,JAX,FL,ASO,ES,Combined TRACON& Tower with Radar,184,39,22,12,257,0,0,0,0,0,184,39,22,12,257,0,6,6,263
11/23/2022,JAX,FL,ASO,ES,Combined TRACON& Tower with Radar,205,33,23,7,268,0,0,0,1,1,205,33,23,8,269,0,0,0,269
11/24/2022,JAX,FL,ASO,ES,Combined TRACON& Tower with Radar,93,9,8,1,111,0,0,0,0,0,93,9,8,1,111,0,0,0,111
11/25/2022,JAX,FL,ASO,ES,Combined TRACON& Tower with Radar,153,28,31,1,213,0,0,0,0,0,153,28,31,1,213,0,0,0,213
11/26/2022,JAX,FL,ASO,ES,Combined TRACON& Tower with Radar,175,34,23,0,232,0,0,3,0,3,175,34,26,0,235,0,0,0,235
11/27/2022,JAX,FL,ASO,ES,Combined TRACON& Tower with Radar,192,49,39,0,280,0,0,5,0,5,192,49,44,0,285,0,0,0,285
11/28/2022,JAX,FL,ASO,ES,Combined TRACON& Tower with Radar,187,33,45,9,274,0,0,12,0,12,187,33,57,9,286,0,0,0,286
11/29/2022,JAX,FL,ASO,ES,Combined TRACON& Tower with Radar,170,45,35,12,262,0,1,9,3,13,170,46,44,15,275,0,4,4,279
11/30/2022,JAX,FL,ASO,ES,Combined TRACON& Tower with Radar,165,45,44,4,258,0,0,6,1,7,165,45,50,5,265,0,0,0,265
12/01/2022,JAX,FL,ASO,ES,Combined TRACON& Tower with Radar,189,59,40,13,301,0,1,7,5,13,189,60,47,18,314,0,14,14,328
12/02/2022,JAX,FL,ASO,ES,Combined TRACON& Tower with Radar,197,41,42,11,291,0,4,15,3,22,197,45,57,14,313,6,0,6,319
12/03/2022,JAX,FL,ASO,ES,Combined TRACON& Tower with Radar,148,19,21,9,197,0,0,4,2,6,148,19,25,11,203,0,0,0,203
12/04/2022,JAX,FL,ASO,ES,Combined TRACON& Tower with Radar,175,24,37,0,236,0,0,5,0,5,175,24,42,0,241,0,0,0,241
12/05/2022,JAX,FL,ASO,ES,Combined TRACON& Tower with Radar,182,40,28,22,272,0,0,7,3,10,182,40,35,25,282,2,16,18,300
12/06/2022,JAX,FL,ASO,ES,Combined TRACON& Tower with Radar,169,39,40,12,260,0,1,8,4,13,169,40,48,16,273,8,14,22,295
12/07/2022,JAX,FL,ASO,ES,Combined TRACON& Tower with Radar,172,51,34,9,266,0,1,12,0,13,172,52,46,9,279,0,12,12,291
12/08/2022,JAX,FL,ASO,ES,Combined TRACON& Tower with Radar,186,41,49,21,297,0,0,21,5,26,186,41,70,26,323,0,20,20,343
12/09/2022,JAX,FL,ASO,ES,Combined TRACON& Tower with Radar,189,54,40,8,291,0,0,13,2,15,189,54,53,10,306,0,0,0,306
12/10/2022,JAX,FL,ASO,ES,Combined TRACON& Tower with Radar,150,9,24,9,192,0,0,0,1,1,150,9,24,10,193,0,0,0,193
12/11/2022,JAX,FL,ASO,ES,Combined TRACON& Tower with Radar,173,17,35,0,225,0,0,2,0,2,173,17,37,0,227,0,0,0,227
12/12/2022,JAX,FL,ASO,ES,Combined TRACON& Tower with Radar,178,43,30,2,253,0,0,5,3,8,178,43,35,5,261,0,6,6,267
12/13/2022,JAX,FL,ASO,ES,Combined TRACON& Tower with Radar,172,45,38,21,276,0,4,8,5,17,172,49,46,26,293,4,12,16,309
12/14/2022,JAX,FL,ASO,ES,Combined TRACON& Tower with Radar,172,44,46,22,284,0,5,13,1,19,172,49,59,23,303,0,0,0,303
12/15/2022,JAX,FL,ASO,ES,Combined TRACON& Tower with Radar,202,46,37,5,290,0,1,1,1,3,202,47,38,6,293,2,0,2,295
12/16/2022,JAX,FL,ASO,ES,Combined TRACON& Tower with Radar,191,34,41,10,276,0,1,13,5,19,191,35,54,15,295,0,14,14,309
12/17/2022,JAX,FL,ASO,ES,Combined TRACON& Tower with Radar,187,22,31,2,242,0,0,20,0,20,187,22,51,2,262,0,0,0,262
12/18/2022,JAX,FL,ASO,ES,Combined TRACON& Tower with Radar,187,25,27,0,239,0,4,6,0,10,187,29,33,0,249,0,0,0,249
12/19/2022,JAX,FL,ASO,ES,Combined TRACON& Tower with Radar,175,46,36,6,263,0,1,4,3,8,175,47,40,9,271,0,0,0,271
12/20/2022,JAX,FL,ASO,ES,Combined TRACON& Tower with Radar,197,54,31,13,295,0,0,0,0,0,197,54,31,13,295,0,0,0,295
12/21/2022,JAX,FL,ASO,ES,Combined TRACON& Tower with Radar,188,37,38,2,265,0,0,0,0,0,188,37,38,2,265,0,0,0,265
12/22/2022,JAX,FL,ASO,ES,Combined TRACON& Tower with Radar,193,35,24,11,263,0,2,0,0,2,193,37,24,11,265,14,0,14,279
12/23/2022,JAX,FL,ASO,ES,Combined TRACON& Tower with Radar,163,23,16,0,202,0,0,6,0,6,163,23,22,0,208,0,0,0,208
12/24/2022,JAX,FL,ASO,ES,Combined TRACON& Tower with Radar,122,9,3,0,134,0,4,4,1,9,122,13,7,1,143,0,0,0,143
12/25/2022,JAX,FL,ASO,ES,Combined TRACON& Tower with Radar,128,17,3,0,148,0,5,7,0,12,128,22,10,0,160,0,0,0,160
12/26/2022,JAX,FL,ASO,ES,Combined TRACON& Tower with Radar,156,59,40,0,255,0,2,15,0,17,156,61,55,0,272,0,0,0,272
12/27/2022,JAX,FL,ASO,ES,Combined TRACON& Tower with Radar,178,35,25,6,244,0,3,18,1,22,178,38,43,7,266,0,0,0,266
12/28/2022,JAX,FL,ASO,ES,Combined TRACON& Tower with Radar,171,40,25,6,242,0,3,14,2,19,171,43,39,8,261,0,0,0,261
12/29/2022,JAX,FL,ASO,ES,Combined TRACON& Tower with Radar,177,48,40,9,274,0,2,3,2,7,177,50,43,11,281,4,0,4,285
12/30/2022,JAX,FL,ASO,ES,Combined TRACON& Tower with Radar,189,44,34,8,275,0,0,17,2,19,189,44,51,10,294,10,2,12,306
12/31/2022,JAX,FL,ASO,ES,Combined TRACON& Tower with Radar,152,24,26,0,202,0,0,0,0,0,152,24,26,0,202,0,0,0,202
01/01/2023,JAX,FL,ASO,ES,Combined TRACON& Tower with Radar,151,40,21,0,212,0,0,3,0,3,151,40,24,0,215,0,0,0,215
01/02/2023,JAX,FL,ASO,ES,Combined TRACON& Tower with Radar,162,44,34,0,240,0,0,7,0,7,162,44,41,0,247,0,0,0,247
01/03/2023,JAX,FL,ASO,ES,Combined TRACON& Tower with Radar,185,26,18,11,240,0,2,9,3,14,185,28,27,14,254,2,10,12,266
01/04/2023,JAX,FL,ASO,ES,Combined TRACON& Tower with Radar,167,35,29,11,242,0,0,2,2,4,167,35,31,13,246,0,0,0,246
01/05/2023,JAX,FL,ASO,ES,Combined TRACON& Tower with Radar,176,28,23,14,241,0,0,6,3,9,176,28,29,17,250,0,4,4,254
01/06/2023,JAX,FL,ASO,ES,Combined TRACON& Tower with Radar,165,23,24,14,226,0,3,13,10,26,165,26,37,24,252,0,72,72,324
01/07/2023,JAX,FL,ASO,ES,Combined TRACON& Tower with Radar,147,22,41,8,218,0,2,4,1,7,147,24,45,9,225,10,0,10,235
01/08/2023,JAX,FL,ASO,ES,Combined TRACON& Tower with Radar,164,37,33,0,234,0,2,2,0,4,164,39,35,0,238,0,0,0,238
01/09/2023,JAX,FL,ASO,ES,Combined TRACON& Tower with Radar,160,31,29,9,229,0,2,7,0,9,160,33,36,9,238,0,0,0,238
01/10/2023,JAX,FL,ASO,ES,Combined TRACON& Tower with Radar,164,36,29,7,236,0,4,16,0,20,164,40,45,7,256,18,0,18,274
01/11/2023,JAX,FL,ASO,ES,Combined TRACON& Tower with Radar,152,37,34,25,248,0,0,13,3,16,152,37,47,28,264,0,12,12,276
01/12/2023,JAX,FL,ASO,ES,Combined TRACON& Tower with Radar,179,43,49,32,303,0,0,8,5,13,179,43,57,37,316,0,0,0,316
01/13/2023,JAX,FL,ASO,ES,Combined TRACON& Tower with Radar,191,36,45,21,293,0,0,5,1,6,191,36,50,22,299,0,0,0,299
01/14/2023,JAX,FL,ASO,ES,Combined TRACON& Tower with Radar,146,34,42,3,225,1,0,7,0,8,147,34,49,3,233,6,0,6,239
01/15/2023,JAX,FL,ASO,ES,Combined TRACON& Tower with Radar,155,24,48,0,227,0,0,13,0,13,155,24,61,0,240,0,0,0,240
01/16/2023,JAX,FL,ASO,ES,Combined TRACON& Tower with Radar,162,16,28,3,209,0,0,1,0,1,162,16,29,3,210,0,0,0,210
01/17/2023,JAX,FL,ASO,ES,Combined TRACON& Tower with Radar,167,30,43,23,263,0,0,15,1,16,167,30,58,24,279,0,56,56,335
01/18/2023,JAX,FL,ASO,ES,Combined TRACON& Tower with Radar,173,38,43,12,266,0,1,4,5,10,173,39,47,17,276,0,0,0,276
01/19/2023,JAX,FL,ASO,ES,Combined TRACON& Tower with Radar,183,35,33,26,277,0,0,6,2,8,183,35,39,28,285,0,0,0,285
01/20/2023,JAX,FL,ASO,ES,Combined TRACON& Tower with Radar,182,34,29,30,275,0,1,3,1,5,182,35,32,31,280,0,8,8,288
01/21/2023,JAX,FL,ASO,ES,Combined TRACON& Tower with Radar,147,21,28,0,196,0,0,3,0,3,147,21,31,0,199,0,0,0,199
01/22/2023,JAX,FL,ASO,ES,Combined TRACON& Tower with Radar,174,31,27,0,232,0,0,2,0,2,174,31,29,0,234,0,0,0,234
01/23/2023,JAX,FL,ASO,ES,Combined TRACON& Tower with Radar,163,44,29,0,236,0,3,5,0,8,163,47,34,0,244,0,0,0,244
01/24/2023,JAX,FL,ASO,ES,Combined TRACON& Tower with Radar,166,49,40,4,259,0,2,14,0,16,166,51,54,4,275,0,0,0,275
01/25/2023,JAX,FL,ASO,ES,Combined TRACON& Tower with Radar,163,45,33,39,280,0,0,7,1,8,163,45,40,40,288,0,0,0,288
01/26/2023,JAX,FL,ASO,ES,Combined TRACON& Tower with Radar,180,53,43,10,286,0,1,7,1,9,180,54,50,11,295,0,22,22,317
01/27/2023,JAX,FL,ASO,ES,Combined TRACON& Tower with Radar,184,37,34,13,268,1,0,11,1,13,185,37,45,14,281,0,0,0,281
01/28/2023,JAX,FL,ASO,ES,Combined TRACON& Tower with Radar,150,32,29,0,211,0,0,9,0,9,150,32,38,0,220,0,0,0,220
01/29/2023,JAX,FL,ASO,ES,Combined TRACON& Tower with Radar,166,45,47,0,258,0,1,4,0,5,166,46,51,0,263,0,0,0,263
01/30/2023,JAX,FL,ASO,ES,Combined TRACON& Tower with Radar,161,43,31,31,266,0,0,9,8,17,161,43,40,39,283,0,42,42,325
01/31/2023,JAX,FL,ASO,ES,Combined TRACON& Tower with Radar,162,36,28,16,242,0,0,2,0,2,162,36,30,16,244,0,0,0,244
02/01/2023,JAX,FL,ASO,ES,Combined TRACON& Tower with Radar,150,36,34,8,228,0,0,4,0,4,150,36,38,8,232,0,0,0,232
02/02/2023,JAX,FL,ASO,ES,Combined TRACON& Tower with Radar,171,35,32,19,257,0,6,8,4,18,171,41,40,23,275,0,44,44,319
02/03/2023,JAX,FL,ASO,ES,Combined TRACON& Tower with Radar,176,24,27,10,237,0,0,3,1,4,176,24,30,11,241,0,0,0,241
02/04/2023,JAX,FL,ASO,ES,Combined TRACON& Tower with Radar,160,34,13,9,216,0,2,11,0,13,160,36,24,9,229,10,0,10,239
02/05/2023,JAX,FL,ASO,ES,Combined TRACON& Tower with Radar,170,29,21,3,223,0,0,4,0,4,170,29,25,3,227,0,0,0,227
02/06/2023,JAX,FL,ASO,ES,Combined TRACON& Tower with Radar,166,32,25,0,223,0,0,11,0,11,166,32,36,0,234,0,0,0,234
02/07/2023,JAX,FL,ASO,ES,Combined TRACON& Tower with Radar,166,43,29,10,248,0,2,15,4,21,166,45,44,14,269,0,0,0,269
02/08/2023,JAX,FL,ASO,ES,Combined TRACON& Tower with Radar,162,46,38,29,275,0,1,12,5,18,162,47,50,34,293,0,0,0,293
02/09/2023,JAX,FL,ASO,ES,Combined TRACON& Tower with Radar,178,48,24,19,269,0,0,6,3,9,178,48,30,22,278,28,0,28,306
02/10/2023,JAX,FL,ASO,ES,Combined TRACON& Tower with Radar,183,31,37,15,266,0,0,0,0,0,183,31,37,15,266,0,10,10,276
02/11/2023,JAX,FL,ASO,ES,Combined TRACON& Tower with Radar,154,13,16,0,183,0,0,0,0,0,154,13,16,0,183,0,0,0,183
02/12/2023,JAX,FL,ASO,ES,Combined TRACON& Tower with Radar,159,27,29,0,215,0,0,1,0,1,159,27,30,0,216,0,0,0,216
02/13/2023,JAX,FL,ASO,ES,Combined TRACON& Tower with Radar,158,32,20,4,214,0,2,6,0,8,158,34,26,4,222,0,0,0,222
02/14/2023,JAX,FL,ASO,ES,Combined TRACON& Tower with Radar,172,35,20,11,238,0,6,4,2,12,172,41,24,13,250,0,62,62,312
02/15/2023,JAX,FL,ASO,ES,Combined TRACON& Tower with Radar,166,47,51,8,272,0,0,3,5,8,166,47,54,13,280,0,0,0,280
02/16/2023,JAX,FL,ASO,ES,Combined TRACON& Tower with Radar,176,61,32,13,282,0,1,17,5,23,176,62,49,18,305,0,0,0,305
02/17/2023,JAX,FL,ASO,ES,Combined TRACON& Tower with Radar,190,36,32,38,296,0,0,5,1,6,190,36,37,39,302,0,0,0,302
02/18/2023,JAX,FL,ASO,ES,Combined TRACON& Tower with Radar,170,25,22,0,217,0,0,19,0,19,170,25,41,0,236,0,0,0,236
02/19/2023,JAX,FL,ASO,ES,Combined TRACON& Tower with Radar,171,27,18,0,216,0,0,18,1,19,171,27,36,1,235,0,0,0,235
02/20/2023,JAX,FL,ASO,ES,Combined TRACON& Tower with Radar,169,49,37,0,255,0,0,10,0,10,169,49,47,0,265,0,6,6,271
02/21/2023,JAX,FL,ASO,ES,Combined TRACON& Tower with Radar,178,47,40,38,303,0,0,11,1,12,178,47,51,39,315,8,6,14,329
02/22/2023,JAX,FL,ASO,ES,Combined TRACON& Tower with Radar,169,46,38,14,267,0,2,3,6,11,169,48,41,20,278,2,16,18,296
02/23/2023,JAX,FL,ASO,ES,Combined TRACON& Tower with Radar,186,45,41,23,295,0,1,10,2,13,186,46,51,25,308,12,6,18,326
02/24/2023,JAX,FL,ASO,ES,Combined TRACON& Tower with Radar,196,39,45,7,287,0,3,16,3,22,196,42,61,10,309,0,0,0,309
02/25/2023,JAX,FL,ASO,ES,Combined TRACON& Tower with Radar,169,20,22,5,216,0,1,9,9,19,169,21,31,14,235,0,0,0,235
02/26/2023,JAX,FL,ASO,ES,Combined TRACON& Tower with Radar,173,22,35,0,230,0,2,4,1,7,173,24,39,1,237,0,0,0,237
02/27/2023,JAX,FL,ASO,ES,Combined TRACON& Tower with Radar,170,36,28,3,237,0,0,3,2,5,170,36,31,5,242,0,0,0,242
02/28/2023,JAX,FL,ASO,ES,Combined TRACON& Tower with Radar,168,42,24,16,250,0,1,5,5,11,168,43,29,21,261,4,34,38,299
03/01/2023,JAX,FL,ASO,ES,Combined TRACON& Tower with Radar,168,56,57,18,299,0,4,2,2,8,168,60,59,20,307,0,12,12,319
03/02/2023,JAX,FL,ASO,ES,Combined TRACON& Tower with Radar,180,58,45,8,291,0,1,16,3,20,180,59,61,11,311,20,30,50,361
03/03/2023,JAX,FL,ASO,ES,Combined TRACON& Tower with Radar,195,47,41,25,308,0,0,14,4,18,195,47,55,29,326,0,0,0,326
03/04/2023,JAX,FL,ASO,ES,Combined TRACON& Tower with Radar,166,25,53,0,244,0,1,3,1,5,166,26,56,1,249,0,0,0,249
03/05/2023,JAX,FL,ASO,ES,Combined TRACON& Tower with Radar,175,34,43,0,252,0,0,10,0,10,175,34,53,0,262,0,0,0,262
03/06/2023,JAX,FL,ASO,ES,Combined TRACON& Tower with Radar,176,45,30,2,253,0,0,9,2,11,176,45,39,4,264,0,0,0,264
03/07/2023,JAX,FL,ASO,ES,Combined TRACON& Tower with Radar,166,32,26,13,237,0,0,13,4,17,166,32,39,17,254,0,78,78,332
03/08/2023,JAX,FL,ASO,ES,Combined TRACON& Tower with Radar,171,59,60,4,294,0,1,16,3,20,171,60,76,7,314,0,0,0,314
03/09/2023,JAX,FL,ASO,ES,Combined TRACON& Tower with Radar,191,62,50,6,309,0,1,2,0,3,191,63,52,6,312,0,12,12,324
03/10/2023,JAX,FL,ASO,ES,Combined TRACON& Tower with Radar,196,50,43,13,302,0,0,3,1,4,196,50,46,14,306,6,0,6,312
03/11/2023,JAX,FL,ASO,ES,Combined TRACON& Tower with Radar,177,43,17,7,244,0,0,9,2,11,177,43,26,9,255,0,0,0,255
03/12/2023,JAX,FL,ASO,ES,Combined TRACON& Tower with Radar,185,46,35,9,275,0,0,9,1,10,185,46,44,10,285,6,10,16,301
03/13/2023,JAX,FL,ASO,ES,Combined TRACON& Tower with Radar,187,49,36,15,287,0,1,3,0,4,187,50,39,15,291,0,0,0,291
03/14/2023,JAX,FL,ASO,ES,Combined TRACON& Tower with Radar,178,29,24,11,242,0,2,10,14,26,178,31,34,25,268,12,64,76,344
03/15/2023,JAX,FL,ASO,ES,Combined TRACON& Tower with Radar,174,44,32,14,264,0,1,19,6,26,174,45,51,20,290,0,0,0,290
03/16/2023,JAX,FL,ASO,ES,Combined TRACON& Tower with Radar,188,40,38,8,274,0,1,10,6,17,188,41,48,14,291,0,0,0,291
03/17/2023,JAX,FL,ASO,ES,Combined TRACON& Tower with Radar,192,26,33,5,256,0,0,9,6,15,192,26,42,11,271,0,0,0,271
03/18/2023,JAX,FL,ASO,ES,Combined TRACON& Tower with Radar,175,31,25,0,231,0,0,0,0,0,175,31,25,0,231,0,0,0,231
03/19/2023,JAX,FL,ASO,ES,Combined TRACON& Tower with Radar,191,35,29,2,257,0,0,9,0,9,191,35,38,2,266,8,0,8,274
03/20/2023,JAX,FL,ASO,ES,Combined TRACON& Tower with Radar,181,38,27,8,254,0,1,11,0,12,181,39,38,8,266,0,0,0,266
03/21/2023,JAX,FL,ASO,ES,Combined TRACON& Tower with Radar,176,31,35,9,251,0,2,3,1,6,176,33,38,10,257,0,0,0,257
03/22/2023,JAX,FL,ASO,ES,Combined TRACON& Tower with Radar,177,37,32,25,271,0,0,7,5,12,177,37,39,30,283,0,36,36,319
03/23/2023,JAX,FL,ASO,ES,Combined TRACON& Tower with Radar,193,43,46,19,301,0,0,4,4,8,193,43,50,23,309,0,10,10,319
03/24/2023,JAX,FL,ASO,ES,Combined TRACON& Tower with Radar,191,55,41,15,302,0,0,8,8,16,191,55,49,23,318,0,0,0,318
03/25/2023,JAX,FL,ASO,ES,Combined TRACON& Tower with Radar,171,48,28,0,247,0,0,2,0,2,171,48,30,0,249,0,0,0,249
03/26/2023,JAX,FL,ASO,ES,Combined TRACON& Tower with Radar,182,40,28,1,251,1,0,3,2,6,183,40,31,3,257,0,0,0,257
03/27/2023,JAX,FL,ASO,ES,Combined TRACON& Tower with Radar,189,41,26,22,278,0,2,6,3,11,189,43,32,25,289,0,0,0,289
03/28/2023,JAX,FL,ASO,ES,Combined TRACON& Tower with Radar,180,38,22,15,255,0,0,2,0,2,180,38,24,15,257,0,0,0,257
03/29/2023,JAX,FL,ASO,ES,Combined TRACON& Tower with Radar,178,59,51,6,294,0,0,3,8,11,178,59,54,14,305,2,24,26,331
03/30/2023,JAX,FL,ASO,ES,Combined TRACON& Tower with Radar,192,45,39,9,285,0,0,6,5,11,192,45,45,14,296,0,0,0,296
03/31/2023,JAX,FL,ASO,ES,Combined TRACON& Tower with Radar,191,38,25,5,259,0,0,16,2,18,191,38,41,7,277,0,4,4,281
04/01/2023,JAX,FL,ASO,ES,Combined TRACON& Tower with Radar,175,24,19,8,226,0,0,7,3,10,175,24,26,11,236,0,0,0,236
04/02/2023,JAX,FL,ASO,ES,Combined TRACON& Tower with Radar,183,33,31,1,248,0,0,7,0,7,183,33,38,1,255,0,0,0,255
04/03/2023,JAX,FL,ASO,ES,Combined TRACON& Tower with Radar,180,40,39,2,261,0,0,7,0,7,180,40,46,2,268,0,0,0,268
04/04/2023,JAX,FL,ASO,ES,Combined TRACON& Tower with Radar,182,54,29,4,269,0,0,5,3,8,182,54,34,7,277,0,26,26,303
04/05/2023,JAX,FL,ASO,ES,Combined TRACON& Tower with Radar,163,36,46,21,266,0,0,8,1,9,163,36,54,22,275,0,30,30,305
04/06/2023,JAX,FL,ASO,ES,Combined TRACON& Tower with Radar,191,36,36,8,271,0,2,13,5,20,191,38,49,13,291,0,48,48,339
04/07/2023,JAX,FL,ASO,ES,Combined TRACON& Tower with Radar,200,56,31,9,296,0,1,12,0,13,200,57,43,9,309,0,0,0,309
04/08/2023,JAX,FL,ASO,ES,Combined TRACON& Tower with Radar,174,38,22,2,236,0,0,0,0,0,174,38,22,2,236,0,0,0,236
04/09/2023,JAX,FL,ASO,ES,Combined TRACON& Tower with Radar,180,34,13,2,229,0,0,0,0,0,180,34,13,2,229,0,0,0,229
04/10/2023,JAX,FL,ASO,ES,Combined TRACON& Tower with Radar,182,48,30,6,266,0,0,1,0,1,182,48,31,6,267,0,0,0,267
04/11/2023,JAX,FL,ASO,ES,Combined TRACON& Tower with Radar,179,39,21,7,246,0,0,3,0,3,179,39,24,7,249,0,0,0,249
04/12/2023,JAX,FL,ASO,ES,Combined TRACON& Tower with Radar,186,50,48,13,297,0,1,5,7,13,186,51,53,20,310,0,70,70,380
04/13/2023,JAX,FL,ASO,ES,Combined TRACON& Tower with Radar,195,56,42,2,295,0,1,1,1,3,195,57,43,3,298,0,0,0,298
04/14/2023,JAX,FL,ASO,ES,Combined TRACON& Tower with Radar,204,54,22,11,291,0,2,7,6,15,204,56,29,17,306,0,34,34,340
04/15/2023,JAX,FL,ASO,ES,Combined TRACON& Tower with Radar,158,53,33,0,244,0,3,5,0,8,158,56,38,0,252,0,0,0,252
04/16/2023,JAX,FL,ASO,ES,Combined TRACON& Tower with Radar,195,16,26,0,237,0,1,11,0,12,195,17,37,0,249,0,0,0,249
04/17/2023,JAX,FL,ASO,ES,Combined TRACON& Tower with Radar,185,23,19,2,229,0,1,15,2,18,185,24,34,4,247,0,0,0,247
04/18/2023,JAX,FL,ASO,ES,Combined TRACON& Tower with Radar,181,31,31,8,251,0,4,9,0,13,181,35,40,8,264,0,0,0,264
04/19/2023,JAX,FL,ASO,ES,Combined TRACON& Tower with Radar,177,57,43,32,309,0,2,13,2,17,177,59,56,34,326,0,0,0,326
04/20/2023,JAX,FL,ASO,ES,Combined TRACON& Tower with Radar,189,53,54,5,301,0,4,8,1,13,189,57,62,6,314,0,18,18,332
04/21/2023,JAX,FL,ASO,ES,Combined TRACON& Tower with Radar,193,45,41,11,290,0,2,8,2,12,193,47,49,13,302,0,0,0,302
04/22/2023,JAX,FL,ASO,ES,Combined TRACON& Tower with Radar,164,20,14,3,201,0,0,9,0,9,164,20,23,3,210,0,0,0,210
04/23/2023,JAX,FL,ASO,ES,Combined TRACON& Tower with Radar,189,36,30,12,267,0,2,15,0,17,189,38,45,12,284,0,0,0,284
04/24/2023,JAX,FL,ASO,ES,Combined TRACON& Tower with Radar,185,31,30,22,268,0,1,6,24,31,185,32,36,46,299,0,0,0,299
04/25/2023,JAX,FL,ASO,ES,Combined TRACON& Tower with Radar,176,28,39,19,262,0,2,12,1,15,176,30,51,20,277,0,12,12,289
04/26/2023,JAX,FL,ASO,ES,Combined TRACON& Tower with Radar,174,52,40,16,282,0,2,1,1,4,174,54,41,17,286,4,4,8,294
04/27/2023,JAX,FL,ASO,ES,Combined TRACON& Tower with Radar,195,46,32,12,285,0,0,5,4,9,195,46,37,16,294,0,0,0,294
04/28/2023,JAX,FL,ASO,ES,Combined TRACON& Tower with Radar,190,45,36,6,277,0,1,2,1,4,190,46,38,7,281,0,0,0,281
04/29/2023,JAX,FL,ASO,ES,Combined TRACON& Tower with Radar,156,22,27,0,205,0,0,2,1,3,156,22,29,1,208,0,0,0,208
04/30/2023,JAX,FL,ASO,ES,Combined TRACON& Tower with Radar,184,56,39,0,279,1,0,1,0,2,185,56,40,0,281,0,0,0,281
05/01/2023,JAX,FL,ASO,ES,Combined TRACON& Tower with Radar,179,53,33,0,265,0,0,13,0,13,179,53,46,0,278,0,0,0,278
05/02/2023,JAX,FL,ASO,ES,Combined TRACON& Tower with Radar,176,26,36,25,263,0,3,17,4,24,176,29,53,29,287,20,8,28,315
05/03/2023,JAX,FL,ASO,ES,Combined TRACON& Tower with Radar,175,40,38,8,261,0,0,8,3,11,175,40,46,11,272,0,14,14,286
05/04/2023,JAX,FL,ASO,ES,Combined TRACON& Tower with Radar,201,68,42,12,323,0,0,9,7,16,201,68,51,19,339,0,40,40,379
05/05/2023,JAX,FL,ASO,ES,Combined TRACON& Tower with Radar,198,53,27,12,290,0,1,10,9,20,198,54,37,21,310,0,74,74,384
05/06/2023,JAX,FL,ASO,ES,Combined TRACON& Tower with Radar,170,18,20,8,216,0,0,3,1,4,170,18,23,9,220,0,0,0,220
05/07/2023,JAX,FL,ASO,ES,Combined TRACON& Tower with Radar,199,30,31,3,263,0,0,1,0,1,199,30,32,3,264,0,0,0,264
05/08/2023,JAX,FL,ASO,ES,Combined TRACON& Tower with Radar,171,58,39,15,283,0,2,11,4,17,171,60,50,19,300,0,0,0,300
05/09/2023,JAX,FL,ASO,ES,Combined TRACON& Tower with Radar,182,32,29,10,253,0,0,11,2,13,182,32,40,12,266,0,54,54,320
05/10/2023,JAX,FL,ASO,ES,Combined TRACON& Tower with Radar,180,40,64,8,292,0,0,4,1,5,180,40,68,9,297,0,0,0,297
05/11/2023,JAX,FL,ASO,ES,Combined TRACON& Tower with Radar,198,56,46,11,311,0,0,6,1,7,198,56,52,12,318,0,0,0,318
05/12/2023,JAX,FL,ASO,ES,Combined TRACON& Tower with Radar,204,39,38,10,291,0,0,11,1,12,204,39,49,11,303,0,0,0,303
05/13/2023,JAX,FL,ASO,ES,Combined TRACON& Tower with Radar,169,16,17,0,202,0,3,0,0,3,169,19,17,0,205,0,0,0,205
05/14/2023,JAX,FL,ASO,ES,Combined TRACON& Tower with Radar,192,29,17,1,239,0,0,1,0,1,192,29,18,1,240,0,0,0,240
05/15/2023,JAX,FL,ASO,ES,Combined TRACON& Tower with Radar,184,53,32,0,269,0,3,4,2,9,184,56,36,2,278,2,38,40,318
05/16/2023,JAX,FL,ASO,ES,Combined TRACON& Tower with Radar,179,20,27,14,240,0,1,11,2,14,179,21,38,16,254,0,0,0,254
05/17/2023,JAX,FL,ASO,ES,Combined TRACON& Tower with Radar,187,41,35,6,269,0,0,3,1,4,187,41,38,7,273,6,0,6,279
05/18/2023,JAX,FL,ASO,ES,Combined TRACON& Tower with Radar,209,37,47,5,298,0,1,1,2,4,209,38,48,7,302,0,0,0,302
05/19/2023,JAX,FL,ASO,ES,Combined TRACON& Tower with Radar,198,47,27,24,296,0,0,3,2,5,198,47,30,26,301,0,0,0,301
05/20/2023,JAX,FL,ASO,ES,Combined TRACON& Tower with Radar,171,24,12,0,207,0,0,3,0,3,171,24,15,0,210,0,0,0,210
05/21/2023,JAX,FL,ASO,ES,Combined TRACON& Tower with Radar,205,44,33,39,321,0,0,0,0,0,205,44,33,39,321,0,0,0,321
05/22/2023,JAX,FL,ASO,ES,Combined TRACON& Tower with Radar,188,39,32,6,265,0,0,1,0,1,188,39,33,6,266,0,0,0,266
05/23/2023,JAX,FL,ASO,ES,Combined TRACON& Tower with Radar,189,46,45,10,290,0,0,0,2,2,189,46,45,12,292,0,0,0,292
05/24/2023,JAX,FL,ASO,ES,Combined TRACON& Tower with Radar,188,40,28,11,267,0,2,5,2,9,188,42,33,13,276,0,34,34,310
05/25/2023,JAX,FL,ASO,ES,Combined TRACON& Tower with Radar,205,49,35,5,294,0,0,5,3,8,205,49,40,8,302,0,0,0,302
05/26/2023,JAX,FL,ASO,ES,Combined TRACON& Tower with Radar,207,35,30,5,277,0,0,0,0,0,207,35,30,5,277,0,0,0,277
05/27/2023,JAX,FL,ASO,ES,Combined TRACON& Tower with Radar,167,28,19,0,214,0,0,1,0,1,167,28,20,0,215,0,0,0,215
05/28/2023,JAX,FL,ASO,ES,Combined TRACON& Tower with Radar,189,17,18,0,224,0,0,13,0,13,189,17,31,0,237,0,0,0,237
05/29/2023,JAX,FL,ASO,ES,Combined TRACON& Tower with Radar,183,39,20,4,246,0,0,9,0,9,183,39,29,4,255,0,0,0,255
05/30/2023,JAX,FL,ASO,ES,Combined TRACON& Tower with Radar,174,27,32,7,240,0,1,6,3,10,174,28,38,10,250,0,0,0,250
05/31/2023,JAX,FL,ASO,ES,Combined TRACON& Tower with Radar,188,50,43,12,293,0,0,7,11,18,188,50,50,23,311,0,4,4,315
06/01/2023,JAX,FL,ASO,ES,Combined TRACON& Tower with Radar,208,31,31,6,276,0,0,10,0,10,208,31,41,6,286,6,0,6,292
06/02/2023,JAX,FL,ASO,ES,Combined TRACON& Tower with Radar,209,29,24,17,279,0,0,6,30,36,209,29,30,47,315,0,4,4,319
06/03/2023,JAX,FL,ASO,ES,Combined TRACON& Tower with Radar,170,18,8,5,201,0,0,5,0,5,170,18,13,5,206,0,0,0,206
06/04/2023,JAX,FL,ASO,ES,Combined TRACON& Tower with Radar,205,28,33,7,273,0,0,3,1,4,205,28,36,8,277,0,0,0,277
06/05/2023,JAX,FL,ASO,ES,Combined TRACON& Tower with Radar,191,22,23,8,244,0,0,12,21,33,191,22,35,29,277,0,0,0,277
06/06/2023,JAX,FL,ASO,ES,Combined TRACON& Tower with Radar,187,45,42,9,283,1,8,14,3,26,188,53,56,12,309,0,14,14,323
06/07/2023,JAX,FL,ASO,ES,Combined TRACON& Tower with Radar,181,37,48,15,281,0,5,6,1,12,181,42,54,16,293,0,0,0,293
06/08/2023,JAX,FL,ASO,ES,Combined TRACON& Tower with Radar,209,45,30,9,293,0,3,8,5,16,209,48,38,14,309,0,22,22,331
06/09/2023,JAX,FL,ASO,ES,Combined TRACON& Tower with Radar,215,29,23,10,277,0,3,0,3,6,215,32,23,13,283,6,0,6,289
06/10/2023,JAX,FL,ASO,ES,Combined TRACON& Tower with Radar,172,28,25,10,235,0,0,5,0,5,172,28,30,10,240,0,0,0,240
06/11/2023,JAX,FL,ASO,ES,Combined TRACON& Tower with Radar,199,24,25,3,251,0,0,8,0,8,199,24,33,3,259,0,0,0,259
06/12/2023,JAX,FL,ASO,ES,Combined TRACON& Tower with Radar,187,27,17,1,232,0,1,7,1,9,187,28,24,2,241,0,18,18,259
06/13/2023,JAX,FL,ASO,ES,Combined TRACON& Tower with Radar,191,34,46,27,298,0,0,10,4,14,191,34,56,31,312,0,0,0,312
06/14/2023,JAX,FL,ASO,ES,Combined TRACON& Tower with Radar,174,21,42,26,263,0,1,8,2,11,174,22,50,28,274,0,0,0,274
06/15/2023,JAX,FL,ASO,ES,Combined TRACON& Tower with Radar,209,33,23,10,275,0,0,3,1,4,209,33,26,11,279,0,0,0,279
06/16/2023,JAX,FL,ASO,ES,Combined TRACON& Tower with Radar,205,40,29,20,294,0,1,13,1,15,205,41,42,21,309,10,0,10,319
06/17/2023,JAX,FL,ASO,ES,Combined TRACON& Tower with Radar,180,19,20,1,220,0,0,4,0,4,180,19,24,1,224,0,0,0,224
06/18/2023,JAX,FL,ASO,ES,Combined TRACON& Tower with Radar,196,9,24,1,230,0,0,1,0,1,196,9,25,1,231,0,0,0,231
06/19/2023,JAX,FL,ASO,ES,Combined TRACON& Tower with Radar,195,26,25,1,247,0,0,5,0,5,195,26,30,1,252,0,0,0,252
06/20/2023,JAX,FL,ASO,ES,Combined TRACON& Tower with Radar,180,28,44,4,256,0,0,0,0,0,180,28,44,4,256,0,0,0,256
06/21/2023,JAX,FL,ASO,ES,Combined TRACON& Tower with Radar,184,33,46,21,284,0,3,3,1,7,184,36,49,22,291,2,14,16,307
06/22/2023,JAX,FL,ASO,ES,Combined TRACON& Tower with Radar,208,25,22,5,260,0,0,5,1,6,208,25,27,6,266,12,0,12,278
06/23/2023,JAX,FL,ASO,ES,Combined TRACON& Tower with Radar,228,20,14,5,267,0,0,3,3,6,228,20,17,8,273,0,0,0,273
06/24/2023,JAX,FL,ASO,ES,Combined TRACON& Tower with Radar,175,22,35,1,233,0,0,6,0,6,175,22,41,1,239,0,0,0,239
06/25/2023,JAX,FL,ASO,ES,Combined TRACON& Tower with Radar,198,30,21,2,251,0,2,4,0,6,198,32,25,2,257,0,0,0,257
06/26/2023,JAX,FL,ASO,ES,Combined TRACON& Tower with Radar,172,41,43,0,256,0,6,13,0,19,172,47,56,0,275,0,0,0,275
06/27/2023,JAX,FL,ASO,ES,Combined TRACON& Tower with Radar,162,39,42,23,266,0,3,17,3,23,162,42,59,26,289,4,0,4,293
06/28/2023,JAX,FL,ASO,ES,Combined TRACON& Tower with Radar,182,33,44,6,265,1,0,5,3,9,183,33,49,9,274,8,0,8,282
06/29/2023,JAX,FL,ASO,ES,Combined TRACON& Tower with Radar,198,60,42,11,311,0,2,14,3,19,198,62,56,14,330,6,6,12,342
06/30/2023,JAX,FL,ASO,ES,Combined TRACON& Tower with Radar,193,41,39,10,283,0,1,14,2,17,193,42,53,12,300,0,0,0,300
07/01/2023,JAX,FL,ASO,ES,Combined TRACON& Tower with Radar,179,28,34,0,241,0,0,22,0,22,179,28,56,0,263,0,0,0,263
07/02/2023,JAX,FL,ASO,ES,Combined TRACON& Tower with Radar,185,17,33,0,235,0,0,8,0,8,185,17,41,0,243,24,0,24,267
07/03/2023,JAX,FL,ASO,ES,Combined TRACON& Tower with Radar,169,23,11,1,204,0,0,3,0,3,169,23,14,1,207,0,0,0,207
07/04/2023,JAX,FL,ASO,ES,Combined TRACON& Tower with Radar,143,26,10,0,179,0,0,6,0,6,143,26,16,0,185,0,0,0,185
07/05/2023,JAX,FL,ASO,ES,Combined TRACON& Tower with Radar,183,28,14,7,232,0,3,9,2,14,183,31,23,9,246,4,0,4,250
07/06/2023,JAX,FL,ASO,ES,Combined TRACON& Tower with Radar,204,40,17,5,266,1,0,11,5,17,205,40,28,10,283,0,20,20,303
07/07/2023,JAX,FL,ASO,ES,Combined TRACON& Tower with Radar,189,20,28,3,240,0,2,12,1,15,189,22,40,4,255,0,10,10,265
07/08/2023,JAX,FL,ASO,ES,Combined TRACON& Tower with Radar,174,16,25,3,218,0,0,7,0,7,174,16,32,3,225,8,0,8,233
07/09/2023,JAX,FL,ASO,ES,Combined TRACON& Tower with Radar,182,32,38,0,252,0,0,4,0,4,182,32,42,0,256,20,0,20,276
07/10/2023,JAX,FL,ASO,ES,Combined TRACON& Tower with Radar,201,33,22,1,257,0,0,1,0,1,201,33,23,1,258,0,0,0,258
07/11/2023,JAX,FL,ASO,ES,Combined TRACON& Tower with Radar,189,25,32,14,260,0,2,3,1,6,189,27,35,15,266,6,12,18,284
07/12/2023,JAX,FL,ASO,ES,Combined TRACON& Tower with Radar,182,33,47,16,278,0,0,9,3,12,182,33,56,19,290,8,4,12,302
07/13/2023,JAX,FL,ASO,ES,Combined TRACON& Tower with Radar,207,37,26,6,276,0,0,1,4,5,207,37,27,10,281,0,32,32,313
07/14/2023,JAX,FL,ASO,ES,Combined TRACON& Tower with Radar,180,29,32,22,263,0,0,12,0,12,180,29,44,22,275,0,0,0,275
07/15/2023,JAX,FL,ASO,ES,Combined TRACON& Tower with Radar,195,15,25,0,235,0,0,11,0,11,195,15,36,0,246,0,0,0,246
07/16/2023,JAX,FL,ASO,ES,Combined TRACON& Tower with Radar,194,36,26,1,257,0,0,3,1,4,194,36,29,2,261,0,0,0,261
07/17/2023,JAX,FL,ASO,ES,Combined TRACON& Tower with Radar,192,58,27,10,287,0,0,7,1,8,192,58,34,11,295,0,26,26,321
07/18/2023,JAX,FL,ASO,ES,Combined TRACON& Tower with Radar,190,31,34,11,266,0,0,10,5,15,190,31,44,16,281,4,40,44,325
07/19/2023,JAX,FL,ASO,ES,Combined TRACON& Tower with Radar,194,41,33,17,285,0,0,8,3,11,194,41,41,20,296,14,8,22,318
07/20/2023,JAX,FL,ASO,ES,Combined TRACON& Tower with Radar,216,30,37,21,304,0,4,11,1,16,216,34,48,22,320,68,8,76,396
07/21/2023,JAX,FL,ASO,ES,Combined TRACON& Tower with Radar,209,48,25,8,290,0,1,8,3,12,209,49,33,11,302,0,0,0,302
07/22/2023,JAX,FL,ASO,ES,Combined TRACON& Tower with Radar,174,13,12,2,201,0,0,9,0,9,174,13,21,2,210,0,0,0,210
07/23/2023,JAX,FL,ASO,ES,Combined TRACON& Tower with Radar,187,23,24,0,234,0,0,4,0,4,187,23,28,0,238,6,0,6,244
07/24/2023,JAX,FL,ASO,ES,Combined TRACON& Tower with Radar,201,28,32,0,261,0,2,4,0,6,201,30,36,0,267,0,0,0,267
07/25/2023,JAX,FL,ASO,ES,Combined TRACON& Tower with Radar,174,23,25,12,234,0,1,4,1,6,174,24,29,13,240,0,14,14,254
07/26/2023,JAX,FL,ASO,ES,Combined TRACON& Tower with Radar,182,34,34,24,274,0,4,15,6,25,182,38,49,30,299,6,6,12,311
07/27/2023,JAX,FL,ASO,ES,Combined TRACON& Tower with Radar,201,36,29,8,274,0,2,4,1,7,201,38,33,9,281,4,0,4,285
07/28/2023,JAX,FL,ASO,ES,Combined TRACON& Tower with Radar,189,29,30,9,257,0,0,3,0,3,189,29,33,9,260,0,0,0,260
07/29/2023,JAX,FL,ASO,ES,Combined TRACON& Tower with Radar,180,22,14,0,216,0,0,4,0,4,180,22,18,0,220,6,0,6,226
07/30/2023,JAX,FL,ASO,ES,Combined TRACON& Tower with Radar,183,21,23,3,230,0,0,9,0,9,183,21,32,3,239,6,0,6,245
07/31/2023,JAX,FL,ASO,ES,Combined TRACON& Tower with Radar,214,24,15,10,263,0,0,0,4,4,214,24,15,14,267,0,0,0,267
08/01/2023,JAX,FL,ASO,ES,Combined TRACON& Tower with Radar,173,26,32,26,257,0,2,16,3,21,173,28,48,29,278,0,76,76,354
08/02/2023,JAX,FL,ASO,ES,Combined TRACON& Tower with Radar,180,50,35,17,282,0,0,5,2,7,180,50,40,19,289,0,46,46,335
08/03/2023,JAX,FL,ASO,ES,Combined TRACON& Tower with Radar,212,36,31,3,282,0,1,7,3,11,212,37,38,6,293,44,6,50,343
08/04/2023,JAX,FL,ASO,ES,Combined TRACON& Tower with Radar,197,22,26,11,256,0,0,6,1,7,197,22,32,12,263,22,6,28,291
08/05/2023,JAX,FL,ASO,ES,Combined TRACON& Tower with Radar,167,19,19,2,207,0,0,1,2,3,167,19,20,4,210,0,0,0,210
08/06/2023,JAX,FL,ASO,ES,Combined TRACON& Tower with Radar,188,30,14,14,246,0,1,4,0,5,188,31,18,14,251,2,0,2,253
08/07/2023,JAX,FL,ASO,ES,Combined TRACON& Tower with Radar,164,41,31,5,241,0,1,3,5,9,164,42,34,10,250,0,22,22,272
08/08/2023,JAX,FL,ASO,ES,Combined TRACON& Tower with Radar,183,42,27,18,270,0,0,11,4,15,183,42,38,22,285,6,20,26,311
08/09/2023,JAX,FL,ASO,ES,Combined TRACON& Tower with Radar,184,51,25,13,273,0,0,13,5,18,184,51,38,18,291,4,4,8,299
08/10/2023,JAX,FL,ASO,ES,Combined TRACON& Tower with Radar,194,35,18,4,251,0,0,6,1,7,194,35,24,5,258,0,0,0,258
08/11/2023,JAX,FL,ASO,ES,Combined TRACON& Tower with Radar,204,25,18,5,252,0,0,8,0,8,204,25,26,5,260,0,0,0,260
08/12/2023,JAX,FL,ASO,ES,Combined TRACON& Tower with Radar,166,22,16,0,204,0,1,7,0,8,166,23,23,0,212,0,0,0,212
08/13/2023,JAX,FL,ASO,ES,Combined TRACON& Tower with Radar,186,30,16,2,234,0,0,6,0,6,186,30,22,2,240,0,0,0,240
08/14/2023,JAX,FL,ASO,ES,Combined TRACON& Tower with Radar,196,39,26,6,267,0,1,9,2,12,196,40,35,8,279,0,0,0,279
08/15/2023,JAX,FL,ASO,ES,Combined TRACON& Tower with Radar,188,32,24,11,255,0,4,0,6,10,188,36,24,17,265,24,60,84,349
08/16/2023,JAX,FL,ASO,ES,Combined TRACON& Tower with Radar,174,31,36,2,243,0,0,4,1,5,174,31,40,3,248,0,0,0,248
08/17/2023,JAX,FL,ASO,ES,Combined TRACON& Tower with Radar,202,41,38,2,283,0,0,1,1,2,202,41,39,3,285,0,0,0,285
08/18/2023,JAX,FL,ASO,ES,Combined TRACON& Tower with Radar,190,36,27,13,266,0,2,11,2,15,190,38,38,15,281,4,0,4,285
08/19/2023,JAX,FL,ASO,ES,Combined TRACON& Tower with Radar,167,18,22,2,209,0,0,7,0,7,167,18,29,2,216,0,0,0,216
08/20/2023,JAX,FL,ASO,ES,Combined TRACON& Tower with Radar,170,29,21,2,222,0,0,5,0,5,170,29,26,2,227,0,0,0,227
08/21/2023,JAX,FL,ASO,ES,Combined TRACON& Tower with Radar,172,23,23,1,219,0,0,21,1,22,172,23,44,2,241,0,0,0,241
08/22/2023,JAX,FL,ASO,ES,Combined TRACON& Tower with Radar,161,25,31,8,225,0,0,21,8,29,161,25,52,16,254,2,60,62,316
08/23/2023,JAX,FL,ASO,ES,Combined TRACON& Tower with Radar,170,30,19,3,222,0,0,9,2,11,170,30,28,5,233,0,20,20,253
08/24/2023,JAX,FL,ASO,ES,Combined TRACON& Tower with Radar,182,45,30,2,259,0,1,13,1,15,182,46,43,3,274,20,12,32,306
08/25/2023,JAX,FL,ASO,ES,Combined TRACON& Tower with Radar,187,18,33,12,250,0,1,8,1,10,187,19,41,13,260,6,0,6,266
08/26/2023,JAX,FL,ASO,ES,Combined TRACON& Tower with Radar,163,28,22,1,214,0,0,9,1,10,163,28,31,2,224,0,0,0,224
08/27/2023,JAX,FL,ASO,ES,Combined TRACON& Tower with Radar,166,39,21,9,235,0,1,7,0,8,166,40,28,9,243,0,0,0,243
08/28/2023,JAX,FL,ASO,ES,Combined TRACON& Tower with Radar,170,31,31,12,244,0,1,0,0,1,170,32,31,12,245,0,28,28,273
08/29/2023,JAX,FL,ASO,ES,Combined TRACON& Tower with Radar,166,34,36,5,241,0,0,2,1,3,166,34,38,6,244,0,0,0,244
08/30/2023,JAX,FL,ASO,ES,Combined TRACON& Tower with Radar,33,0,0,0,33,0,0,0,0,0,33,0,0,0,33,0,0,0,33
08/31/2023,JAX,FL,ASO,ES,Combined TRACON& Tower with Radar,182,42,31,0,255,0,0,9,0,9,182,42,40,0,264,0,0,0,264
01/01/2020,JAX,FL,ASO,ES,Combined TRACON& Tower with Radar,144,41,14,0,199,0,2,8,0,10,144,43,22,0,209,0,0,0,209
01/02/2020,JAX,FL,ASO,ES,Combined TRACON& Tower with Radar,181,66,61,6,314,0,0,8,0,8,181,66,69,6,322,0,0,0,322
01/03/2020,JAX,FL,ASO,ES,Combined TRACON& Tower with Radar,202,55,44,34,335,0,3,4,5,12,202,58,48,39,347,0,8,8,355
01/04/2020,JAX,FL,ASO,ES,Combined TRACON& Tower with Radar,165,28,11,2,206,0,0,9,0,9,165,28,20,2,215,6,0,6,221
01/05/2020,JAX,FL,ASO,ES,Combined TRACON& Tower with Radar,173,25,19,3,220,0,6,10,0,16,173,31,29,3,236,0,0,0,236
01/06/2020,JAX,FL,ASO,ES,Combined TRACON& Tower with Radar,173,37,32,11,253,0,6,10,5,21,173,43,42,16,274,0,24,24,298
01/07/2020,JAX,FL,ASO,ES,Combined TRACON& Tower with Radar,158,43,29,25,255,0,2,6,9,17,158,45,35,34,272,0,56,56,328
01/08/2020,JAX,FL,ASO,ES,Combined TRACON& Tower with Radar,162,40,24,6,232,0,5,2,0,7,162,45,26,6,239,0,0,0,239
01/09/2020,JAX,FL,ASO,ES,Combined TRACON& Tower with Radar,168,52,42,11,273,0,3,6,5,14,168,55,48,16,287,0,18,18,305
01/10/2020,JAX,FL,ASO,ES,Combined TRACON& Tower with Radar,171,37,35,33,276,0,3,6,1,10,171,40,41,34,286,0,0,0,286
01/11/2020,JAX,FL,ASO,ES,Combined TRACON& Tower with Radar,122,29,20,6,177,0,0,2,2,4,122,29,22,8,181,0,0,0,181
01/12/2020,JAX,FL,ASO,ES,Combined TRACON& Tower with Radar,155,28,26,0,209,0,0,4,2,6,155,28,30,2,215,0,0,0,215
01/13/2020,JAX,FL,ASO,ES,Combined TRACON& Tower with Radar,169,49,28,22,268,0,2,4,3,9,169,51,32,25,277,0,45,45,322
01/14/2020,JAX,FL,ASO,ES,Combined TRACON& Tower with Radar,166,42,31,26,265,0,2,1,18,21,166,44,32,44,286,0,34,34,320
01/15/2020,JAX,FL,ASO,ES,Combined TRACON& Tower with Radar,170,42,27,14,253,0,0,3,2,5,170,42,30,16,258,2,36,38,296
01/16/2020,JAX,FL,ASO,ES,Combined TRACON& Tower with Radar,176,32,32,23,263,0,2,9,5,16,176,34,41,28,279,0,0,0,279
01/17/2020,JAX,FL,ASO,ES,Combined TRACON& Tower with Radar,171,47,26,21,265,0,4,10,1,15,171,51,36,22,280,0,0,0,280
01/18/2020,JAX,FL,ASO,ES,Combined TRACON& Tower with Radar,122,29,21,2,174,0,6,6,0,12,122,35,27,2,186,0,0,0,186
01/19/2020,JAX,FL,ASO,ES,Combined TRACON& Tower with Radar,143,19,11,0,173,0,1,1,0,2,143,20,12,0,175,0,0,0,175
01/20/2020,JAX,FL,ASO,ES,Combined TRACON& Tower with Radar,157,36,42,0,235,0,3,3,0,6,157,39,45,0,241,0,0,0,241
01/21/2020,JAX,FL,ASO,ES,Combined TRACON& Tower with Radar,159,28,21,12,220,0,2,7,4,13,159,30,28,16,233,0,64,64,297
01/22/2020,JAX,FL,ASO,ES,Combined TRACON& Tower with Radar,162,28,33,12,235,0,0,3,4,7,162,28,36,16,242,0,26,26,268
01/23/2020,JAX,FL,ASO,ES,Combined TRACON& Tower with Radar,166,41,30,8,245,0,0,0,0,0,166,41,30,8,245,0,0,0,245
01/24/2020,JAX,FL,ASO,ES,Combined TRACON& Tower with Radar,170,48,32,43,293,0,8,13,3,24,170,56,45,46,317,2,34,36,353
01/25/2020,JAX,FL,ASO,ES,Combined TRACON& Tower with Radar,123,29,7,2,161,0,2,6,2,10,123,31,13,4,171,0,0,0,171
01/26/2020,JAX,FL,ASO,ES,Combined TRACON& Tower with Radar,159,36,20,2,217,0,10,15,0,25,159,46,35,2,242,14,0,14,256
01/27/2020,JAX,FL,ASO,ES,Combined TRACON& Tower with Radar,160,41,22,2,225,0,10,20,2,32,160,51,42,4,257,4,28,32,289
01/28/2020,JAX,FL,ASO,ES,Combined TRACON& Tower with Radar,160,47,47,2,256,0,5,24,4,33,160,52,71,6,289,0,16,16,305
01/29/2020,JAX,FL,ASO,ES,Combined TRACON& Tower with Radar,165,45,33,24,267,0,5,13,2,20,165,50,46,26,287,0,8,8,295
01/30/2020,JAX,FL,ASO,ES,Combined TRACON& Tower with Radar,169,50,45,18,282,0,0,4,0,4,169,50,49,18,286,2,4,6,292
01/31/2020,JAX,FL,ASO,ES,Combined TRACON& Tower with Radar,170,49,29,20,268,0,0,0,0,0,170,49,29,20,268,0,0,0,268
02/01/2020,JAX,FL,ASO,ES,Combined TRACON& Tower with Radar,126,33,18,0,177,0,0,0,0,0,126,33,18,0,177,0,0,0,177
02/02/2020,JAX,FL,ASO,ES,Combined TRACON& Tower with Radar,148,32,11,1,192,0,7,17,1,25,148,39,28,2,217,0,0,0,217
02/03/2020,JAX,FL,ASO,ES,Combined TRACON& Tower with Radar,159,47,36,5,247,0,2,16,4,22,159,49,52,9,269,10,0,10,279
02/04/2020,JAX,FL,ASO,ES,Combined TRACON& Tower with Radar,160,49,30,12,251,0,8,11,4,23,160,57,41,16,274,2,42,44,318
02/05/2020,JAX,FL,ASO,ES,Combined TRACON& Tower with Radar,166,46,42,31,285,0,4,4,5,13,166,50,46,36,298,0,26,26,324
02/06/2020,JAX,FL,ASO,ES,Combined TRACON& Tower with Radar,157,31,37,40,265,0,0,0,2,2,157,31,37,42,267,0,12,12,279
02/07/2020,JAX,FL,ASO,ES,Combined TRACON& Tower with Radar,169,40,36,24,269,0,8,4,1,13,169,48,40,25,282,0,0,0,282
02/08/2020,JAX,FL,ASO,ES,Combined TRACON& Tower with Radar,130,43,17,0,190,0,8,13,2,23,130,51,30,2,213,0,0,0,213
02/09/2020,JAX,FL,ASO,ES,Combined TRACON& Tower with Radar,148,35,20,4,207,0,4,7,0,11,148,39,27,4,218,0,0,0,218
02/10/2020,JAX,FL,ASO,ES,Combined TRACON& Tower with Radar,167,41,35,15,258,0,4,9,6,19,167,45,44,21,277,10,42,52,329
02/11/2020,JAX,FL,ASO,ES,Combined TRACON& Tower with Radar,161,38,26,34,259,0,0,3,4,7,161,38,29,38,266,4,8,12,278
02/12/2020,JAX,FL,ASO,ES,Combined TRACON& Tower with Radar,163,42,58,53,316,0,8,3,16,27,163,50,61,69,343,0,46,46,389
02/13/2020,JAX,FL,ASO,ES,Combined TRACON& Tower with Radar,172,49,49,44,314,0,1,4,5,10,172,50,53,49,324,0,24,24,348
02/14/2020,JAX,FL,ASO,ES,Combined TRACON& Tower with Radar,172,47,35,15,269,0,0,6,1,7,172,47,41,16,276,0,0,0,276
02/15/2020,JAX,FL,ASO,ES,Combined TRACON& Tower with Radar,131,35,16,4,186,0,1,8,0,9,131,36,24,4,195,0,0,0,195
02/16/2020,JAX,FL,ASO,ES,Combined TRACON& Tower with Radar,149,37,21,10,217,0,2,4,0,6,149,39,25,10,223,0,0,0,223
02/17/2020,JAX,FL,ASO,ES,Combined TRACON& Tower with Radar,164,42,20,0,226,0,0,1,0,1,164,42,21,0,227,0,0,0,227
02/18/2020,JAX,FL,ASO,ES,Combined TRACON& Tower with Radar,163,35,38,25,261,0,0,9,13,22,163,35,47,38,283,0,94,94,377
02/19/2020,JAX,FL,ASO,ES,Combined TRACON& Tower with Radar,170,39,33,33,275,0,2,7,8,17,170,41,40,41,292,8,32,40,332
02/20/2020,JAX,FL,ASO,ES,Combined TRACON& Tower with Radar,168,49,29,13,259,0,0,0,1,1,168,49,29,14,260,0,0,0,260
02/21/2020,JAX,FL,ASO,ES,Combined TRACON& Tower with Radar,170,46,28,11,255,0,2,2,0,4,170,48,30,11,259,0,0,0,259
02/22/2020,JAX,FL,ASO,ES,Combined TRACON& Tower with Radar,134,26,13,24,197,0,2,5,0,7,134,28,18,24,204,0,0,0,204
02/23/2020,JAX,FL,ASO,ES,Combined TRACON& Tower with Radar,158,31,40,0,229,0,3,10,1,14,158,34,50,1,243,0,0,0,243
02/24/2020,JAX,FL,ASO,ES,Combined TRACON& Tower with Radar,162,58,40,15,275,0,7,13,2,22,162,65,53,17,297,17,0,17,314
02/25/2020,JAX,FL,ASO,ES,Combined TRACON& Tower with Radar,169,47,28,7,251,0,0,0,0,0,169,47,28,7,251,0,0,0,251
02/26/2020,JAX,FL,ASO,ES,Combined TRACON& Tower with Radar,163,48,34,27,272,0,0,0,6,6,163,48,34,33,278,0,0,0,278
02/27/2020,JAX,FL,ASO,ES,Combined TRACON& Tower with Radar,174,56,43,27,300,0,0,13,2,15,174,56,56,29,315,0,0,0,315
02/28/2020,JAX,FL,ASO,ES,Combined TRACON& Tower with Radar,167,56,28,10,261,0,2,12,7,21,167,58,40,17,282,0,82,82,364
02/29/2020,JAX,FL,ASO,ES,Combined TRACON& Tower with Radar,131,29,15,9,184,0,1,3,0,4,131,30,18,9,188,0,0,0,188
03/01/2020,JAX,FL,ASO,ES,Combined TRACON& Tower with Radar,159,30,30,3,222,0,7,4,0,11,159,37,34,3,233,0,2,2,235
03/02/2020,JAX,FL,ASO,ES,Combined TRACON& Tower with Radar,163,49,36,14,262,0,7,4,6,17,163,56,40,20,279,0,88,88,367
03/03/2020,JAX,FL,ASO,ES,Combined TRACON& Tower with Radar,162,53,28,20,263,0,7,11,10,28,162,60,39,30,291,79,12,91,382
03/04/2020,JAX,FL,ASO,ES,Combined TRACON& Tower with Radar,162,39,38,34,273,0,0,2,8,10,162,39,40,42,283,0,64,64,347
03/05/2020,JAX,FL,ASO,ES,Combined TRACON& Tower with Radar,182,41,29,17,269,1,0,1,8,10,183,41,30,25,279,0,62,62,341
03/06/2020,JAX,FL,ASO,ES,Combined TRACON& Tower with Radar,185,44,43,12,284,0,1,10,1,12,185,45,53,13,296,10,12,22,318
03/07/2020,JAX,FL,ASO,ES,Combined TRACON& Tower with Radar,154,25,19,0,198,0,2,7,0,9,154,27,26,0,207,0,0,0,207
03/08/2020,JAX,FL,ASO,ES,Combined TRACON& Tower with Radar,170,37,33,4,244,0,0,2,3,5,170,37,35,7,249,0,0,0,249
03/09/2020,JAX,FL,ASO,ES,Combined TRACON& Tower with Radar,180,45,37,18,280,0,3,8,4,15,180,48,45,22,295,6,10,16,311
03/10/2020,JAX,FL,ASO,ES,Combined TRACON& Tower with Radar,177,42,27,11,257,0,4,13,7,24,177,46,40,18,281,0,6,6,287
03/11/2020,JAX,FL,ASO,ES,Combined TRACON& Tower with Radar,180,45,30,26,281,0,5,9,8,22,180,50,39,34,303,4,42,46,349
03/12/2020,JAX,FL,ASO,ES,Combined TRACON& Tower with Radar,184,40,30,28,282,0,12,7,7,26,184,52,37,35,308,0,38,38,346
03/13/2020,JAX,FL,ASO,ES,Combined TRACON& Tower with Radar,185,54,37,23,299,0,15,3,6,24,185,69,40,29,323,0,78,78,401
03/14/2020,JAX,FL,ASO,ES,Combined TRACON& Tower with Radar,167,40,34,4,245,0,7,9,0,16,167,47,43,4,261,4,0,4,265
03/15/2020,JAX,FL,ASO,ES,Combined TRACON& Tower with Radar,179,33,14,0,226,0,6,7,2,15,179,39,21,2,241,12,0,12,253
03/16/2020,JAX,FL,ASO,ES,Combined TRACON& Tower with Radar,193,38,14,16,261,0,0,0,0,0,193,38,14,16,261,12,0,12,273
03/17/2020,JAX,FL,ASO,ES,Combined TRACON& Tower with Radar,173,43,30,33,279,1,3,1,4,9,174,46,31,37,288,0,34,34,322
03/18/2020,JAX,FL,ASO,ES,Combined TRACON& Tower with Radar,181,42,31,11,265,0,4,12,2,18,181,46,43,13,283,0,20,20,303
03/19/2020,JAX,FL,ASO,ES,Combined TRACON& Tower with Radar,160,41,20,13,234,0,4,12,1,17,160,45,32,14,251,0,20,20,271
03/20/2020,JAX,FL,ASO,ES,Combined TRACON& Tower with Radar,159,49,31,46,285,0,10,9,2,21,159,59,40,48,306,0,8,8,314
03/21/2020,JAX,FL,ASO,ES,Combined TRACON& Tower with Radar,142,21,17,4,184,0,8,4,0,12,142,29,21,4,196,18,0,18,214
03/22/2020,JAX,FL,ASO,ES,Combined TRACON& Tower with Radar,138,23,3,0,164,0,0,5,0,5,138,23,8,0,169,0,0,0,169
03/23/2020,JAX,FL,ASO,ES,Combined TRACON& Tower with Radar,119,24,6,12,161,0,1,5,0,6,119,25,11,12,167,10,0,10,177
03/24/2020,JAX,FL,ASO,ES,Combined TRACON& Tower with Radar,110,28,11,25,174,0,12,1,2,15,110,40,12,27,189,0,14,14,203
03/25/2020,JAX,FL,ASO,ES,Combined TRACON& Tower with Radar,109,16,15,8,148,0,2,1,2,5,109,18,16,10,153,0,0,0,153
03/26/2020,JAX,FL,ASO,ES,Combined TRACON& Tower with Radar,109,23,5,33,170,0,3,5,3,11,109,26,10,36,181,0,14,14,195
03/27/2020,JAX,FL,ASO,ES,Combined TRACON& Tower with Radar,91,20,12,4,127,0,0,2,5,7,91,20,14,9,134,8,0,8,142
03/28/2020,JAX,FL,ASO,ES,Combined TRACON& Tower with Radar,88,15,5,0,108,0,0,3,0,3,88,15,8,0,111,0,0,0,111
03/29/2020,JAX,FL,ASO,ES,Combined TRACON& Tower with Radar,85,14,4,0,103,0,1,10,0,11,85,15,14,0,114,0,2,2,116
03/30/2020,JAX,FL,ASO,ES,Combined TRACON& Tower with Radar,79,19,7,5,110,0,2,4,2,8,79,21,11,7,118,2,2,4,122
03/31/2020,JAX,FL,ASO,ES,Combined TRACON& Tower with Radar,87,10,11,2,110,0,0,1,1,2,87,10,12,3,112,0,0,0,112
04/01/2020,JAX,FL,ASO,ES,Combined TRACON& Tower with Radar,86,12,7,9,114,0,4,5,0,9,86,16,12,9,123,0,0,0,123
04/02/2020,JAX,FL,ASO,ES,Combined TRACON& Tower with Radar,74,10,10,4,98,0,8,8,4,20,74,18,18,8,118,6,44,50,168
04/03/2020,JAX,FL,ASO,ES,Combined TRACON& Tower with Radar,85,11,9,3,108,0,3,3,1,7,85,14,12,4,115,0,8,8,123
04/04/2020,JAX,FL,ASO,ES,Combined TRACON& Tower with Radar,70,14,5,0,89,0,0,5,0,5,70,14,10,0,94,0,0,0,94
04/05/2020,JAX,FL,ASO,ES,Combined TRACON& Tower with Radar,70,6,1,0,77,0,0,4,0,4,70,6,5,0,81,0,0,0,81
04/06/2020,JAX,FL,ASO,ES,Combined TRACON& Tower with Radar,76,6,1,2,85,0,4,1,0,5,76,10,2,2,90,0,4,4,94
04/07/2020,JAX,FL,ASO,ES,Combined TRACON& Tower with Radar,79,9,12,8,108,0,4,7,4,15,79,13,19,12,123,0,40,40,163
04/08/2020,JAX,FL,ASO,ES,Combined TRACON& Tower with Radar,82,12,5,5,104,0,4,2,2,8,82,16,7,7,112,0,0,0,112
04/09/2020,JAX,FL,ASO,ES,Combined TRACON& Tower with Radar,73,4,5,13,95,0,1,3,3,7,73,5,8,16,102,0,14,14,116
04/10/2020,JAX,FL,ASO,ES,Combined TRACON& Tower with Radar,77,7,9,8,101,0,3,1,2,6,77,10,10,10,107,0,20,20,127
04/11/2020,JAX,FL,ASO,ES,Combined TRACON& Tower with Radar,54,16,1,4,75,0,2,5,0,7,54,18,6,4,82,0,0,0,82
04/12/2020,JAX,FL,ASO,ES,Combined TRACON& Tower with Radar,47,5,6,0,58,0,1,0,0,1,47,6,6,0,59,0,0,0,59
04/13/2020,JAX,FL,ASO,ES,Combined TRACON& Tower with Radar,59,6,4,9,78,0,0,2,1,3,59,6,6,10,81,0,0,0,81
04/14/2020,JAX,FL,ASO,ES,Combined TRACON& Tower with Radar,59,8,7,11,85,0,0,0,0,0,59,8,7,11,85,0,0,0,85
04/15/2020,JAX,FL,ASO,ES,Combined TRACON& Tower with Radar,55,10,3,13,81,0,0,0,1,1,55,10,3,14,82,0,0,0,82
04/16/2020,JAX,FL,ASO,ES,Combined TRACON& Tower with Radar,48,20,7,27,102,0,2,0,8,10,48,22,7,35,112,0,26,26,138
04/17/2020,JAX,FL,ASO,ES,Combined TRACON& Tower with Radar,49,11,14,16,90,0,4,1,3,8,49,15,15,19,98,0,26,26,124
04/18/2020,JAX,FL,ASO,ES,Combined TRACON& Tower with Radar,42,2,0,0,44,0,0,3,0,3,42,2,3,0,47,0,0,0,47
04/19/2020,JAX,FL,ASO,ES,Combined TRACON& Tower with Radar,45,8,1,2,56,0,0,1,0,1,45,8,2,2,57,0,26,26,83
04/20/2020,JAX,FL,ASO,ES,Combined TRACON& Tower with Radar,39,11,7,4,61,0,2,4,4,10,39,13,11,8,71,0,0,0,71
04/21/2020,JAX,FL,ASO,ES,Combined TRACON& Tower with Radar,54,5,11,9,79,0,2,5,5,12,54,7,16,14,91,0,24,24,115
04/22/2020,JAX,FL,ASO,ES,Combined TRACON& Tower with Radar,44,15,11,31,101,0,1,5,2,8,44,16,16,33,109,20,28,48,157
04/23/2020,JAX,FL,ASO,ES,Combined TRACON& Tower with Radar,56,16,10,10,92,0,0,6,4,10,56,16,16,14,102,0,0,0,102
04/24/2020,JAX,FL,ASO,ES,Combined TRACON& Tower with Radar,51,16,14,13,94,0,1,5,0,6,51,17,19,13,100,2,16,18,118
04/25/2020,JAX,FL,ASO,ES,Combined TRACON& Tower with Radar,39,5,11,2,57,0,0,7,0,7,39,5,18,2,64,0,0,0,64
04/26/2020,JAX,FL,ASO,ES,Combined TRACON& Tower with Radar,46,6,5,2,59,0,7,7,0,14,46,13,12,2,73,0,0,0,73
04/27/2020,JAX,FL,ASO,ES,Combined TRACON& Tower with Radar,41,15,15,8,79,0,4,3,1,8,41,19,18,9,87,0,0,0,87
04/28/2020,JAX,FL,ASO,ES,Combined TRACON& Tower with Radar,54,13,20,6,93,0,1,8,2,11,54,14,28,8,104,20,30,50,154
04/29/2020,JAX,FL,ASO,ES,Combined TRACON& Tower with Radar,48,19,13,7,87,0,3,5,4,12,48,22,18,11,99,0,10,10,109
04/30/2020,JAX,FL,ASO,ES,Combined TRACON& Tower with Radar,51,7,17,17,92,0,0,2,13,15,51,7,19,30,107,18,76,94,201
05/01/2020,JAX,FL,ASO,ES,Combined TRACON& Tower with Radar,59,15,18,9,101,0,0,18,2,20,59,15,36,11,121,0,0,0,121
05/02/2020,JAX,FL,ASO,ES,Combined TRACON& Tower with Radar,38,4,5,0,47,0,0,7,0,7,38,4,12,0,54,0,0,0,54
05/03/2020,JAX,FL,ASO,ES,Combined TRACON& Tower with Radar,56,9,13,0,78,0,0,17,0,17,56,9,30,0,95,0,0,0,95
05/04/2020,JAX,FL,ASO,ES,Combined TRACON& Tower with Radar,52,6,25,1,84,0,5,10,2,17,52,11,35,3,101,10,60,70,171
05/05/2020,JAX,FL,ASO,ES,Combined TRACON& Tower with Radar,58,7,12,20,97,0,2,7,3,12,58,9,19,23,109,14,14,28,137
05/06/2020,JAX,FL,ASO,ES,Combined TRACON& Tower with Radar,57,9,11,14,91,0,1,2,2,5,57,10,13,16,96,0,30,30,126
05/07/2020,JAX,FL,ASO,ES,Combined TRACON& Tower with Radar,59,12,18,24,113,0,1,3,8,12,59,13,21,32,125,0,128,128,253
05/08/2020,JAX,FL,ASO,ES,Combined TRACON& Tower with Radar,52,23,16,12,103,0,4,5,5,14,52,27,21,17,117,0,0,0,117
05/09/2020,JAX,FL,ASO,ES,Combined TRACON& Tower with Radar,44,16,12,0,72,0,5,7,0,12,44,21,19,0,84,0,0,0,84
05/10/2020,JAX,FL,ASO,ES,Combined TRACON& Tower with Radar,56,4,15,6,81,0,0,5,0,5,56,4,20,6,86,0,0,0,86
05/11/2020,JAX,FL,ASO,ES,Combined TRACON& Tower with Radar,50,17,27,11,105,0,1,5,3,9,50,18,32,14,114,0,0,0,114
05/12/2020,JAX,FL,ASO,ES,Combined TRACON& Tower with Radar,51,7,11,30,99,0,3,10,8,21,51,10,21,38,120,0,10,10,130
05/13/2020,JAX,FL,ASO,ES,Combined TRACON& Tower with Radar,55,29,29,11,124,0,1,11,3,15,55,30,40,14,139,0,14,14,153
05/14/2020,JAX,FL,ASO,ES,Combined TRACON& Tower with Radar,58,21,27,11,117,0,2,5,4,11,58,23,32,15,128,0,30,30,158
05/15/2020,JAX,FL,ASO,ES,Combined TRACON& Tower with Radar,64,7,28,7,106,0,0,4,0,4,64,7,32,7,110,12,16,28,138
05/16/2020,JAX,FL,ASO,ES,Combined TRACON& Tower with Radar,45,7,13,0,65,0,0,5,0,5,45,7,18,0,70,0,0,0,70
05/17/2020,JAX,FL,ASO,ES,Combined TRACON& Tower with Radar,57,5,13,0,75,0,1,0,0,1,57,6,13,0,76,0,0,0,76
05/18/2020,JAX,FL,ASO,ES,Combined TRACON& Tower with Radar,63,14,29,10,116,0,6,7,2,15,63,20,36,12,131,0,0,0,131
05/19/2020,JAX,FL,ASO,ES,Combined TRACON& Tower with Radar,60,9,24,11,104,0,5,10,11,26,60,14,34,22,130,16,46,62,192
05/20/2020,JAX,FL,ASO,ES,Combined TRACON& Tower with Radar,54,9,23,15,101,0,2,2,5,9,54,11,25,20,110,0,52,52,162
05/21/2020,JAX,FL,ASO,ES,Combined TRACON& Tower with Radar,61,23,26,12,122,0,3,6,15,24,61,26,32,27,146,10,66,76,222
05/22/2020,JAX,FL,ASO,ES,Combined TRACON& Tower with Radar,63,15,22,5,105,0,3,6,1,10,63,18,28,6,115,0,52,52,167
05/23/2020,JAX,FL,ASO,ES,Combined TRACON& Tower with Radar,47,3,17,0,67,0,2,5,0,7,47,5,22,0,74,2,0,2,76
05/24/2020,JAX,FL,ASO,ES,Combined TRACON& Tower with Radar,55,1,16,0,72,0,1,3,0,4,55,2,19,0,76,0,0,0,76
05/25/2020,JAX,FL,ASO,ES,Combined TRACON& Tower with Radar,56,12,25,0,93,0,0,1,0,1,56,12,26,0,94,0,0,0,94
05/26/2020,JAX,FL,ASO,ES,Combined TRACON& Tower with Radar,48,17,22,9,96,0,2,0,1,3,48,19,22,10,99,0,0,0,99
05/27/2020,JAX,FL,ASO,ES,Combined TRACON& Tower with Radar,57,24,31,7,119,0,0,4,8,12,57,24,35,15,131,6,52,58,189
05/28/2020,JAX,FL,ASO,ES,Combined TRACON& Tower with Radar,64,15,27,7,113,0,0,2,4,6,64,15,29,11,119,0,22,22,141
05/29/2020,JAX,FL,ASO,ES,Combined TRACON& Tower with Radar,58,12,23,13,106,0,0,4,2,6,58,12,27,15,112,0,6,6,118
05/30/2020,JAX,FL,ASO,ES,Combined TRACON& Tower with Radar,44,16,15,3,78,0,2,3,1,6,44,18,18,4,84,0,0,0,84
05/31/2020,JAX,FL,ASO,ES,Combined TRACON& Tower with Radar,61,10,11,0,82,0,0,5,0,5,61,10,16,0,87,0,0,0,87
06/01/2020,JAX,FL,ASO,ES,Combined TRACON& Tower with Radar,59,12,16,27,114,0,3,0,13,16,59,15,16,40,130,4,8,12,142
06/02/2020,JAX,FL,ASO,ES,Combined TRACON& Tower with Radar,60,45,28,41,174,0,1,9,6,16,60,46,37,47,190,0,50,50,240
06/03/2020,JAX,FL,ASO,ES,Combined TRACON& Tower with Radar,59,19,20,14,112,0,4,8,3,15,59,23,28,17,127,2,10,12,139
06/04/2020,JAX,FL,ASO,ES,Combined TRACON& Tower with Radar,74,35,27,4,140,0,1,0,0,1,74,36,27,4,141,0,0,0,141
06/05/2020,JAX,FL,ASO,ES,Combined TRACON& Tower with Radar,75,25,21,19,140,0,2,2,5,9,75,27,23,24,149,0,8,8,157
06/06/2020,JAX,FL,ASO,ES,Combined TRACON& Tower with Radar,55,9,19,0,83,0,0,11,0,11,55,9,30,0,94,0,0,0,94
06/07/2020,JAX,FL,ASO,ES,Combined TRACON& Tower with Radar,67,9,22,0,98,0,0,0,0,0,67,9,22,0,98,4,18,22,120
06/08/2020,JAX,FL,ASO,ES,Combined TRACON& Tower with Radar,63,12,29,10,114,0,4,7,2,13,63,16,36,12,127,0,14,14,141
06/09/2020,JAX,FL,ASO,ES,Combined TRACON& Tower with Radar,60,9,24,11,104,0,5,10,11,26,60,14,34,22,130,0,42,42,172
06/10/2020,JAX,FL,ASO,ES,Combined TRACON& Tower with Radar,67,15,24,21,127,0,0,7,2,9,67,15,31,23,136,10,0,10,146
06/11/2020,JAX,FL,ASO,ES,Combined TRACON& Tower with Radar,76,17,18,12,123,0,4,2,4,10,76,21,20,16,133,0,50,50,183
06/12/2020,JAX,FL,ASO,ES,Combined TRACON& Tower with Radar,76,30,32,22,160,0,3,8,6,17,76,33,40,28,177,0,0,0,177
06/13/2020,JAX,FL,ASO,ES,Combined TRACON& Tower with Radar,59,6,17,4,86,0,3,7,0,10,59,9,24,4,96,0,0,0,96
06/14/2020,JAX,FL,ASO,ES,Combined TRACON& Tower with Radar,75,8,14,0,97,0,2,4,0,6,75,10,18,0,103,0,0,0,103
06/15/2020,JAX,FL,ASO,ES,Combined TRACON& Tower with Radar,74,19,17,12,122,0,0,6,0,6,74,19,23,12,128,0,0,0,128
06/16/2020,JAX,FL,ASO,ES,Combined TRACON& Tower with Radar,74,17,28,21,140,0,4,11,2,17,74,21,39,23,157,12,36,48,205
06/17/2020,JAX,FL,ASO,ES,Combined TRACON& Tower with Radar,75,24,40,7,146,0,4,10,3,17,75,28,50,10,163,0,46,46,209
06/18/2020,JAX,FL,ASO,ES,Combined TRACON& Tower with Radar,85,20,43,12,160,0,2,8,7,17,85,22,51,19,177,22,118,140,317
06/19/2020,JAX,FL,ASO,ES,Combined TRACON& Tower with Radar,83,21,30,9,143,0,0,9,0,9,83,21,39,9,152,0,1,1,153
06/20/2020,JAX,FL,ASO,ES,Combined TRACON& Tower with Radar,65,9,17,0,91,0,2,15,0,17,65,11,32,0,108,0,0,0,108
06/21/2020,JAX,FL,ASO,ES,Combined TRACON& Tower with Radar,79,16,32,0,127,0,0,6,0,6,79,16,38,0,133,0,0,0,133
06/22/2020,JAX,FL,ASO,ES,Combined TRACON& Tower with Radar,86,12,35,5,138,0,4,7,1,12,86,16,42,6,150,0,0,0,150
06/23/2020,JAX,FL,ASO,ES,Combined TRACON& Tower with Radar,76,17,16,3,112,0,9,5,3,17,76,26,21,6,129,0,0,0,129
06/24/2020,JAX,FL,ASO,ES,Combined TRACON& Tower with Radar,73,24,32,3,132,0,0,5,0,5,73,24,37,3,137,0,0,0,137
06/25/2020,JAX,FL,ASO,ES,Combined TRACON& Tower with Radar,86,24,18,24,152,0,3,6,6,15,86,27,24,30,167,0,78,78,245
06/26/2020,JAX,FL,ASO,ES,Combined TRACON& Tower with Radar,89,20,30,11,150,0,2,3,4,9,89,22,33,15,159,0,16,16,175
06/27/2020,JAX,FL,ASO,ES,Combined TRACON& Tower with Radar,64,12,6,0,82,0,0,4,0,4,64,12,10,0,86,4,0,4,90
06/28/2020,JAX,FL,ASO,ES,Combined TRACON& Tower with Radar,79,12,18,0,109,0,1,3,0,4,79,13,21,0,113,4,0,4,117
06/29/2020,JAX,FL,ASO,ES,Combined TRACON& Tower with Radar,83,33,9,0,125,0,0,5,0,5,83,33,14,0,130,24,0,24,154
06/30/2020,JAX,FL,ASO,ES,Combined TRACON& Tower with Radar,74,20,18,17,129,0,0,2,13,15,74,20,20,30,144,0,60,60,204
07/01/2020,JAX,FL,ASO,ES,Combined TRACON& Tower with Radar,86,14,25,14,139,0,2,4,4,10,86,16,29,18,149,0,0,0,149
07/02/2020,JAX,FL,ASO,ES,Combined TRACON& Tower with Radar,92,22,27,3,144,0,0,8,3,11,92,22,35,6,155,0,8,8,163
07/03/2020,JAX,FL,ASO,ES,Combined TRACON& Tower with Radar,89,19,12,0,120,0,0,0,0,0,89,19,12,0,120,0,8,8,128
07/04/2020,JAX,FL,ASO,ES,Combined TRACON& Tower with Radar,58,9,11,0,78,0,0,2,0,2,58,9,13,0,80,0,0,0,80
07/05/2020,JAX,FL,ASO,ES,Combined TRACON& Tower with Radar,86,10,11,0,107,0,0,0,0,0,86,10,11,0,107,0,0,0,107
07/06/2020,JAX,FL,ASO,ES,Combined TRACON& Tower with Radar,87,13,25,10,135,0,0,2,2,4,87,13,27,12,139,2,0,2,141
07/07/2020,JAX,FL,ASO,ES,Combined TRACON& Tower with Radar,105,14,20,40,179,0,2,7,3,12,105,16,27,43,191,0,6,6,197
07/08/2020,JAX,FL,ASO,ES,Combined TRACON& Tower with Radar,104,19,24,9,156,0,0,3,11,14,104,19,27,20,170,4,34,38,208
07/09/2020,JAX,FL,ASO,ES,Combined TRACON& Tower with Radar,111,12,25,3,151,0,0,8,3,11,111,12,33,6,162,0,14,14,176
07/10/2020,JAX,FL,ASO,ES,Combined TRACON& Tower with Radar,110,11,16,7,144,0,0,5,0,5,110,11,21,7,149,0,0,0,149
07/11/2020,JAX,FL,ASO,ES,Combined TRACON& Tower with Radar,92,10,8,0,110,0,0,5,2,7,92,10,13,2,117,0,0,0,117
07/12/2020,JAX,FL,ASO,ES,Combined TRACON& Tower with Radar,104,9,14,2,129,0,2,6,0,8,104,11,20,2,137,0,0,0,137
07/13/2020,JAX,FL,ASO,ES,Combined TRACON& Tower with Radar,102,21,32,10,165,0,0,7,0,7,102,21,39,10,172,0,0,0,172
07/14/2020,JAX,FL,ASO,ES,Combined TRACON& Tower with Radar,104,16,23,19,162,0,2,1,0,3,104,18,24,19,165,2,0,2,167
07/15/2020,JAX,FL,ASO,ES,Combined TRACON& Tower with Radar,123,28,41,14,206,0,0,2,1,3,123,28,43,15,209,0,0,0,209
07/16/2020,JAX,FL,ASO,ES,Combined TRACON& Tower with Radar,117,28,18,22,185,0,10,5,3,18,117,38,23,25,203,0,4,4,207
07/17/2020,JAX,FL,ASO,ES,Combined TRACON& Tower with Radar,108,23,28,7,166,0,3,10,5,18,108,26,38,12,184,22,8,30,214
07/18/2020,JAX,FL,ASO,ES,Combined TRACON& Tower with Radar,91,14,14,4,123,0,4,8,0,12,91,18,22,4,135,10,0,10,145
07/19/2020,JAX,FL,ASO,ES,Combined TRACON& Tower with Radar,105,11,16,0,132,0,1,12,2,15,105,12,28,2,147,18,0,18,165
07/20/2020,JAX,FL,ASO,ES,Combined TRACON& Tower with Radar,111,19,24,5,159,0,5,5,1,11,111,24,29,6,170,4,0,4,174
07/21/2020,JAX,FL,ASO,ES,Combined TRACON& Tower with Radar,107,26,17,34,184,0,4,6,2,12,107,30,23,36,196,4,0,4,200
07/22/2020,JAX,FL,ASO,ES,Combined TRACON& Tower with Radar,104,19,13,7,143,0,6,8,7,21,104,25,21,14,164,0,26,26,190
07/23/2020,JAX,FL,ASO,ES,Combined TRACON& Tower with Radar,124,19,30,13,186,0,1,3,9,13,124,20,33,22,199,0,28,28,227
07/24/2020,JAX,FL,ASO,ES,Combined TRACON& Tower with Radar,110,42,25,10,187,1,6,10,1,18,111,48,35,11,205,0,0,0,205
07/25/2020,JAX,FL,ASO,ES,Combined TRACON& Tower with Radar,95,9,14,0,118,0,1,4,0,5,95,10,18,0,123,0,0,0,123
07/26/2020,JAX,FL,ASO,ES,Combined TRACON& Tower with Radar,111,7,24,2,144,0,2,6,2,10,111,9,30,4,154,0,0,0,154
07/27/2020,JAX,FL,ASO,ES,Combined TRACON& Tower with Radar,100,20,31,4,155,0,0,6,0,6,100,20,37,4,161,0,0,0,161
07/28/2020,JAX,FL,ASO,ES,Combined TRACON& Tower with Radar,103,13,24,23,163,0,3,8,4,15,103,16,32,27,178,0,34,34,212
07/29/2020,JAX,FL,ASO,ES,Combined TRACON& Tower with Radar,101,16,29,17,163,0,0,7,2,9,101,16,36,19,172,0,0,0,172
07/30/2020,JAX,FL,ASO,ES,Combined TRACON& Tower with Radar,103,27,27,10,167,0,0,5,2,7,103,27,32,12,174,0,8,8,182
07/31/2020,JAX,FL,ASO,ES,Combined TRACON& Tower with Radar,101,11,22,5,139,0,3,4,3,10,101,14,26,8,149,0,0,0,149
08/01/2020,JAX,FL,ASO,ES,Combined TRACON& Tower with Radar,81,15,17,0,113,0,0,5,0,5,81,15,22,0,118,0,0,0,118
08/02/2020,JAX,FL,ASO,ES,Combined TRACON& Tower with Radar,106,18,10,0,134,0,0,5,0,5,106,18,15,0,139,0,0,0,139
08/03/2020,JAX,FL,ASO,ES,Combined TRACON& Tower with Radar,104,25,18,2,149,0,4,3,0,7,104,29,21,2,156,4,0,4,160
08/04/2020,JAX,FL,ASO,ES,Combined TRACON& Tower with Radar,99,19,17,11,146,0,0,4,6,10,99,19,21,17,156,2,34,36,192
08/05/2020,JAX,FL,ASO,ES,Combined TRACON& Tower with Radar,98,29,31,8,166,0,13,5,2,20,98,42,36,10,186,0,10,10,196
08/06/2020,JAX,FL,ASO,ES,Combined TRACON& Tower with Radar,120,20,25,8,173,0,2,15,6,23,120,22,40,14,196,0,0,0,196
08/07/2020,JAX,FL,ASO,ES,Combined TRACON& Tower with Radar,115,13,23,18,169,0,0,2,4,6,115,13,25,22,175,6,60,66,241
08/08/2020,JAX,FL,ASO,ES,Combined TRACON& Tower with Radar,85,22,15,2,124,0,0,3,0,3,85,22,18,2,127,6,60,66,193
08/09/2020,JAX,FL,ASO,ES,Combined TRACON& Tower with Radar,110,18,30,0,158,0,0,4,0,4,110,18,34,0,162,0,0,0,162
08/10/2020,JAX,FL,ASO,ES,Combined TRACON& Tower with Radar,104,23,20,2,149,0,2,2,0,4,104,25,22,2,153,0,0,0,153
08/11/2020,JAX,FL,ASO,ES,Combined TRACON& Tower with Radar,101,25,21,11,158,0,0,5,6,11,101,25,26,17,169,0,14,14,183
08/12/2020,JAX,FL,ASO,ES,Combined TRACON& Tower with Radar,100,24,29,18,171,0,2,13,5,20,100,26,42,23,191,0,72,72,263
08/13/2020,JAX,FL,ASO,ES,Combined TRACON& Tower with Radar,122,20,27,4,173,0,1,3,7,11,122,21,30,11,184,0,40,40,224
08/14/2020,JAX,FL,ASO,ES,Combined TRACON& Tower with Radar,110,17,21,6,154,0,2,5,4,11,110,19,26,10,165,0,0,0,165
08/15/2020,JAX,FL,ASO,ES,Combined TRACON& Tower with Radar,88,8,6,0,102,0,0,0,0,0,88,8,6,0,102,0,0,0,102
08/16/2020,JAX,FL,ASO,ES,Combined TRACON& Tower with Radar,107,10,14,0,131,0,0,10,0,10,107,10,24,0,141,0,0,0,141
08/17/2020,JAX,FL,ASO,ES,Combined TRACON& Tower with Radar,98,25,15,9,147,0,0,8,2,10,98,25,23,11,157,0,22,22,179
08/18/2020,JAX,FL,ASO,ES,Combined TRACON& Tower with Radar,95,20,30,23,168,0,0,1,3,4,95,20,31,26,172,0,0,0,172
08/19/2020,JAX,FL,ASO,ES,Combined TRACON& Tower with Radar,93,16,30,12,151,0,4,5,4,13,93,20,35,16,164,2,6,8,172
08/20/2020,JAX,FL,ASO,ES,Combined TRACON& Tower with Radar,113,15,25,15,168,0,0,2,5,7,113,15,27,20,175,0,26,26,201
08/21/2020,JAX,FL,ASO,ES,Combined TRACON& Tower with Radar,109,22,33,4,168,0,3,3,0,6,109,25,36,4,174,0,0,0,174
08/22/2020,JAX,FL,ASO,ES,Combined TRACON& Tower with Radar,92,13,18,10,133,0,0,3,4,7,92,13,21,14,140,0,0,0,140
08/23/2020,JAX,FL,ASO,ES,Combined TRACON& Tower with Radar,108,13,12,0,133,0,0,2,0,2,108,13,14,0,135,0,0,0,135
08/24/2020,JAX,FL,ASO,ES,Combined TRACON& Tower with Radar,102,24,24,0,150,0,4,1,0,5,102,28,25,0,155,0,50,50,205
08/25/2020,JAX,FL,ASO,ES,Combined TRACON& Tower with Radar,95,29,22,34,180,0,0,5,7,12,95,29,27,41,192,0,114,114,306
08/26/2020,JAX,FL,ASO,ES,Combined TRACON& Tower with Radar,89,44,37,11,181,0,3,13,4,20,89,47,50,15,201,10,30,40,241
08/27/2020,JAX,FL,ASO,ES,Combined TRACON& Tower with Radar,109,34,44,18,205,0,4,8,2,14,109,38,52,20,219,0,40,40,259
08/28/2020,JAX,FL,ASO,ES,Combined TRACON& Tower with Radar,102,17,30,25,174,0,2,2,3,7,102,19,32,28,181,0,0,0,181
08/29/2020,JAX,FL,ASO,ES,Combined TRACON& Tower with Radar,91,9,8,0,108,0,1,5,5,11,91,10,13,5,119,0,0,0,119
08/30/2020,JAX,FL,ASO,ES,Combined TRACON& Tower with Radar,105,31,20,2,158,0,2,6,0,8,105,33,26,2,166,0,0,0,166
08/31/2020,JAX,FL,ASO,ES,Combined TRACON& Tower with Radar,97,28,20,20,165,0,2,4,3,9,97,30,24,23,174,0,0,0,174
09/01/2020,JAX,FL,ASO,ES,Combined TRACON& Tower with Radar,93,22,19,24,158,0,0,5,3,8,93,22,24,27,166,0,42,42,208
09/02/2020,JAX,FL,ASO,ES,Combined TRACON& Tower with Radar,96,26,30,7,159,0,2,5,1,8,96,28,35,8,167,0,0,0,167
09/03/2020,JAX,FL,ASO,ES,Combined TRACON& Tower with Radar,112,28,21,34,195,0,4,5,2,11,112,32,26,36,206,0,4,4,210
09/04/2020,JAX,FL,ASO,ES,Combined TRACON& Tower with Radar,107,13,32,1,153,1,0,4,2,7,108,13,36,3,160,0,0,0,160
09/05/2020,JAX,FL,ASO,ES,Combined TRACON& Tower with Radar,80,13,9,0,102,0,2,6,0,8,80,15,15,0,110,0,0,0,110
09/06/2020,JAX,FL,ASO,ES,Combined TRACON& Tower with Radar,74,10,12,0,96,0,0,0,0,0,74,10,12,0,96,0,0,0,96
09/07/2020,JAX,FL,ASO,ES,Combined TRACON& Tower with Radar,87,18,25,0,130,0,2,3,0,5,87,20,28,0,135,0,0,0,135
09/08/2020,JAX,FL,ASO,ES,Combined TRACON& Tower with Radar,76,21,14,7,118,0,0,4,5,9,76,21,18,12,127,0,0,0,127
09/09/2020,JAX,FL,ASO,ES,Combined TRACON& Tower with Radar,94,21,25,30,170,0,0,2,6,8,94,21,27,36,178,0,0,0,178
09/10/2020,JAX,FL,ASO,ES,Combined TRACON& Tower with Radar,104,33,18,12,167,0,0,5,5,10,104,33,23,17,177,0,46,46,223
09/11/2020,JAX,FL,ASO,ES,Combined TRACON& Tower with Radar,94,18,47,22,181,0,1,2,4,7,94,19,49,26,188,0,0,0,188
09/12/2020,JAX,FL,ASO,ES,Combined TRACON& Tower with Radar,80,11,10,15,116,0,0,3,0,3,80,11,13,15,119,0,0,0,119
09/13/2020,JAX,FL,ASO,ES,Combined TRACON& Tower with Radar,87,21,19,1,128,0,0,1,1,2,87,21,20,2,130,0,0,0,130
09/14/2020,JAX,FL,ASO,ES,Combined TRACON& Tower with Radar,95,22,28,20,165,0,0,4,9,13,95,22,32,29,178,0,26,26,204
09/15/2020,JAX,FL,ASO,ES,Combined TRACON& Tower with Radar,83,25,11,15,134,0,4,3,2,9,83,29,14,17,143,0,8,8,151
09/16/2020,JAX,FL,ASO,ES,Combined TRACON& Tower with Radar,95,31,20,7,153,0,4,0,0,4,95,35,20,7,157,0,0,0,157
09/17/2020,JAX,FL,ASO,ES,Combined TRACON& Tower with Radar,100,25,20,3,148,0,2,4,3,9,100,27,24,6,157,0,18,18,175
09/18/2020,JAX,FL,ASO,ES,Combined TRACON& Tower with Radar,95,18,34,25,172,0,0,5,7,12,95,18,39,32,184,4,60,64,248
09/19/2020,JAX,FL,ASO,ES,Combined TRACON& Tower with Radar,83,13,15,12,123,0,0,0,0,0,83,13,15,12,123,0,0,0,123
09/20/2020,JAX,FL,ASO,ES,Combined TRACON& Tower with Radar,88,17,15,0,120,0,0,0,0,0,88,17,15,0,120,0,0,0,120
09/21/2020,JAX,FL,ASO,ES,Combined TRACON& Tower with Radar,93,26,13,18,150,0,0,1,0,1,93,26,14,18,151,0,0,0,151
09/22/2020,JAX,FL,ASO,ES,Combined TRACON& Tower with Radar,84,30,29,16,159,0,4,10,7,21,84,34,39,23,180,0,52,52,232
09/23/2020,JAX,FL,ASO,ES,Combined TRACON& Tower with Radar,92,24,29,42,187,0,0,12,5,17,92,24,41,47,204,10,2,12,216
09/24/2020,JAX,FL,ASO,ES,Combined TRACON& Tower with Radar,106,17,49,6,178,0,0,12,0,12,106,17,61,6,190,6,20,26,216
09/25/2020,JAX,FL,ASO,ES,Combined TRACON& Tower with Radar,102,27,39,6,174,0,2,16,0,18,102,29,55,6,192,0,0,0,192
09/26/2020,JAX,FL,ASO,ES,Combined TRACON& Tower with Radar,78,8,20,0,106,0,0,12,0,12,78,8,32,0,118,20,0,20,138
09/27/2020,JAX,FL,ASO,ES,Combined TRACON& Tower with Radar,89,15,17,0,121,0,0,3,0,3,89,15,20,0,124,14,0,14,138
09/28/2020,JAX,FL,ASO,ES,Combined TRACON& Tower with Radar,93,23,11,21,148,0,1,2,0,3,93,24,13,21,151,0,0,0,151
09/29/2020,JAX,FL,ASO,ES,Combined TRACON& Tower with Radar,83,23,22,20,148,0,0,0,1,1,83,23,22,21,149,0,0,0,149
09/30/2020,JAX,FL,ASO,ES,Combined TRACON& Tower with Radar,92,15,30,14,151,0,7,4,2,13,92,22,34,16,164,0,0,0,164
10/01/2020,JAX,FL,ASO,ES,Combined TRACON& Tower with Radar,101,28,30,28,187,0,1,15,2,18,101,29,45,30,205,0,0,0,205
10/02/2020,JAX,FL,ASO,ES,Combined TRACON& Tower with Radar,97,23,17,7,144,0,0,1,0,1,97,23,18,7,145,0,0,0,145
10/03/2020,JAX,FL,ASO,ES,Combined TRACON& Tower with Radar,81,15,16,0,112,0,1,6,0,7,81,16,22,0,119,0,0,0,119
10/04/2020,JAX,FL,ASO,ES,Combined TRACON& Tower with Radar,88,26,27,1,142,0,0,4,0,4,88,26,31,1,146,0,0,0,146
10/05/2020,JAX,FL,ASO,ES,Combined TRACON& Tower with Radar,88,30,18,2,138,0,0,0,0,0,88,30,18,2,138,0,0,0,138
10/06/2020,JAX,FL,ASO,ES,Combined TRACON& Tower with Radar,77,19,22,24,142,0,0,7,5,12,77,19,29,29,154,0,14,14,168
10/07/2020,JAX,FL,ASO,ES,Combined TRACON& Tower with Radar,84,26,42,24,176,0,0,1,2,3,84,26,43,26,179,0,0,0,179
10/08/2020,JAX,FL,ASO,ES,Combined TRACON& Tower with Radar,102,31,49,5,187,0,1,5,3,9,102,32,54,8,196,0,0,0,196
10/09/2020,JAX,FL,ASO,ES,Combined TRACON& Tower with Radar,103,39,23,12,177,0,0,1,0,1,103,39,24,12,178,0,0,0,178
10/10/2020,JAX,FL,ASO,ES,Combined TRACON& Tower with Radar,80,28,15,0,123,0,5,0,0,5,80,33,15,0,128,0,0,0,128
10/11/2020,JAX,FL,ASO,ES,Combined TRACON& Tower with Radar,93,18,16,0,127,0,0,1,0,1,93,18,17,0,128,4,0,4,132
10/12/2020,JAX,FL,ASO,ES,Combined TRACON& Tower with Radar,91,30,35,0,156,0,0,7,0,7,91,30,42,0,163,0,0,0,163
10/13/2020,JAX,FL,ASO,ES,Combined TRACON& Tower with Radar,76,23,40,22,161,0,14,9,2,25,76,37,49,24,186,0,6,6,192
10/14/2020,JAX,FL,ASO,ES,Combined TRACON& Tower with Radar,84,44,32,10,170,0,10,2,2,14,84,54,34,12,184,0,34,34,218
10/15/2020,JAX,FL,ASO,ES,Combined TRACON& Tower with Radar,101,62,30,12,205,0,14,5,4,23,101,76,35,16,228,0,80,80,308
10/16/2020,JAX,FL,ASO,ES,Combined TRACON& Tower with Radar,103,33,26,27,189,0,2,9,2,13,103,35,35,29,202,0,0,0,202
10/17/2020,JAX,FL,ASO,ES,Combined TRACON& Tower with Radar,77,21,23,23,144,0,2,13,9,24,77,23,36,32,168,0,0,0,168
10/18/2020,JAX,FL,ASO,ES,Combined TRACON& Tower with Radar,92,28,40,0,160,0,0,4,2,6,92,28,44,2,166,2,0,2,168
10/19/2020,JAX,FL,ASO,ES,Combined TRACON& Tower with Radar,95,16,24,1,136,0,0,2,2,4,95,16,26,3,140,2,58,60,200
10/20/2020,JAX,FL,ASO,ES,Combined TRACON& Tower with Radar,84,35,38,23,180,0,1,0,8,9,84,36,38,31,189,0,106,106,295
10/21/2020,JAX,FL,ASO,ES,Combined TRACON& Tower with Radar,89,33,32,12,166,1,0,5,4,10,90,33,37,16,176,0,27,27,203
10/22/2020,JAX,FL,ASO,ES,Combined TRACON& Tower with Radar,100,27,34,11,172,0,1,7,3,11,100,28,41,14,183,0,0,0,183
10/23/2020,JAX,FL,ASO,ES,Combined TRACON& Tower with Radar,99,33,44,21,197,0,0,2,5,7,99,33,46,26,204,0,0,0,204
10/24/2020,JAX,FL,ASO,ES,Combined TRACON& Tower with Radar,76,15,22,1,114,0,2,5,5,12,76,17,27,6,126,12,0,12,138
10/25/2020,JAX,FL,ASO,ES,Combined TRACON& Tower with Radar,90,34,21,2,147,0,0,4,0,4,90,34,25,2,151,0,0,0,151
10/26/2020,JAX,FL,ASO,ES,Combined TRACON& Tower with Radar,95,44,25,5,169,0,1,3,2,6,95,45,28,7,175,0,0,0,175
10/27/2020,JAX,FL,ASO,ES,Combined TRACON& Tower with Radar,82,44,22,34,182,0,2,4,7,13,82,46,26,41,195,32,26,58,253
10/28/2020,JAX,FL,ASO,ES,Combined TRACON& Tower with Radar,88,39,33,8,168,0,0,7,1,8,88,39,40,9,176,0,16,16,192
10/29/2020,JAX,FL,ASO,ES,Combined TRACON& Tower with Radar,101,32,28,11,172,0,0,2,6,8,101,32,30,17,180,0,10,10,190
10/30/2020,JAX,FL,ASO,ES,Combined TRACON& Tower with Radar,101,30,28,11,170,0,2,9,3,14,101,32,37,14,184,0,18,18,202
10/31/2020,JAX,FL,ASO,ES,Combined TRACON& Tower with Radar,63,16,16,0,95,0,0,2,0,2,63,16,18,0,97,0,0,0,97
11/01/2020,JAX,FL,ASO,ES,Combined TRACON& Tower with Radar,86,23,24,3,136,0,0,1,0,1,86,23,25,3,137,0,0,0,137
11/02/2020,JAX,FL,ASO,ES,Combined TRACON& Tower with Radar,89,29,15,18,151,0,0,11,6,17,89,29,26,24,168,2,22,24,192
11/03/2020,JAX,FL,ASO,ES,Combined TRACON& Tower with Radar,80,23,22,17,142,0,3,15,5,23,80,26,37,22,165,18,86,104,269
11/04/2020,JAX,FL,ASO,ES,Combined TRACON& Tower with Radar,88,36,32,27,183,0,3,9,7,19,88,39,41,34,202,0,76,76,278
11/05/2020,JAX,FL,ASO,ES,Combined TRACON& Tower with Radar,115,32,24,19,190,0,0,6,2,8,115,32,30,21,198,2,10,12,210
11/06/2020,JAX,FL,ASO,ES,Combined TRACON& Tower with Radar,110,33,36,3,182,0,0,2,4,6,110,33,38,7,188,0,0,0,188
11/07/2020,JAX,FL,ASO,ES,Combined TRACON& Tower with Radar,85,26,17,0,128,0,0,1,0,1,85,26,18,0,129,0,0,0,129
11/08/2020,JAX,FL,ASO,ES,Combined TRACON& Tower with Radar,102,20,37,0,159,0,0,3,2,5,102,20,40,2,164,0,0,0,164
11/09/2020,JAX,FL,ASO,ES,Combined TRACON& Tower with Radar,112,20,19,21,172,0,0,0,1,1,112,20,19,22,173,0,34,34,207
11/10/2020,JAX,FL,ASO,ES,Combined TRACON& Tower with Radar,89,40,17,13,159,0,1,1,0,2,89,41,18,13,161,2,10,12,173
11/11/2020,JAX,FL,ASO,ES,Combined TRACON& Tower with Radar,96,30,36,2,164,0,1,1,0,2,96,31,37,2,166,0,0,0,166
11/12/2020,JAX,FL,ASO,ES,Combined TRACON& Tower with Radar,121,19,22,0,162,0,1,0,1,2,121,20,22,1,164,0,0,0,164
11/13/2020,JAX,FL,ASO,ES,Combined TRACON& Tower with Radar,118,27,29,8,182,0,2,6,1,9,118,29,35,9,191,0,0,0,191
11/14/2020,JAX,FL,ASO,ES,Combined TRACON& Tower with Radar,87,26,24,6,143,0,5,9,8,22,87,31,33,14,165,0,0,0,165
11/15/2020,JAX,FL,ASO,ES,Combined TRACON& Tower with Radar,102,15,36,0,153,0,0,4,0,4,102,15,40,0,157,0,0,0,157
11/16/2020,JAX,FL,ASO,ES,Combined TRACON& Tower with Radar,112,23,26,13,174,0,2,12,1,15,112,25,38,14,189,6,6,12,201
11/17/2020,JAX,FL,ASO,ES,Combined TRACON& Tower with Radar,89,12,38,12,151,0,9,5,18,32,89,21,43,30,183,0,88,88,271
11/18/2020,JAX,FL,ASO,ES,Combined TRACON& Tower with Radar,95,23,29,22,169,0,0,9,8,17,95,23,38,30,186,0,0,0,186
11/19/2020,JAX,FL,ASO,ES,Combined TRACON& Tower with Radar,119,31,28,13,191,0,2,2,6,10,119,33,30,19,201,0,42,42,243
11/20/2020,JAX,FL,ASO,ES,Combined TRACON& Tower with Radar,122,30,24,4,180,0,0,1,3,4,122,30,25,7,184,0,22,22,206
11/21/2020,JAX,FL,ASO,ES,Combined TRACON& Tower with Radar,105,28,14,0,147,0,0,5,0,5,105,28,19,0,152,0,0,0,152
11/22/2020,JAX,FL,ASO,ES,Combined TRACON& Tower with Radar,109,26,19,0,154,0,0,3,0,3,109,26,22,0,157,0,0,0,157
11/23/2020,JAX,FL,ASO,ES,Combined TRACON& Tower with Radar,103,18,14,8,143,0,4,3,2,9,103,22,17,10,152,0,44,44,196
11/24/2020,JAX,FL,ASO,ES,Combined TRACON& Tower with Radar,125,31,28,30,214,0,6,5,6,17,125,37,33,36,231,0,36,36,267
11/25/2020,JAX,FL,ASO,ES,Combined TRACON& Tower with Radar,129,25,10,12,176,0,3,12,4,19,129,28,22,16,195,0,0,0,195
11/26/2020,JAX,FL,ASO,ES,Combined TRACON& Tower with Radar,52,11,4,0,67,0,0,4,0,4,52,11,8,0,71,0,0,0,71
11/27/2020,JAX,FL,ASO,ES,Combined TRACON& Tower with Radar,92,15,14,2,123,0,2,5,0,7,92,17,19,2,130,0,0,0,130
11/28/2020,JAX,FL,ASO,ES,Combined TRACON& Tower with Radar,110,29,15,0,154,0,0,0,0,0,110,29,15,0,154,0,0,0,154
11/29/2020,JAX,FL,ASO,ES,Combined TRACON& Tower with Radar,126,17,30,0,173,0,0,2,0,2,126,17,32,0,175,0,0,0,175
11/30/2020,JAX,FL,ASO,ES,Combined TRACON& Tower with Radar,126,25,23,44,218,0,0,2,4,6,126,25,25,48,224,0,12,12,236
12/01/2020,JAX,FL,ASO,ES,Combined TRACON& Tower with Radar,115,10,36,12,173,0,4,6,3,13,115,14,42,15,186,0,32,32,218
12/02/2020,JAX,FL,ASO,ES,Combined TRACON& Tower with Radar,89,12,27,13,141,0,1,11,4,16,89,13,38,17,157,4,4,8,165
12/03/2020,JAX,FL,ASO,ES,Combined TRACON& Tower with Radar,112,22,36,16,186,0,2,13,6,21,112,24,49,22,207,0,38,38,245
12/04/2020,JAX,FL,ASO,ES,Combined TRACON& Tower with Radar,108,38,32,18,196,0,4,9,5,18,108,42,41,23,214,0,4,4,218
12/05/2020,JAX,FL,ASO,ES,Combined TRACON& Tower with Radar,79,23,18,3,123,0,0,6,3,9,79,23,24,6,132,0,0,0,132
12/06/2020,JAX,FL,ASO,ES,Combined TRACON& Tower with Radar,102,21,19,4,146,0,3,9,0,12,102,24,28,4,158,2,0,2,160
12/07/2020,JAX,FL,ASO,ES,Combined TRACON& Tower with Radar,104,24,15,39,182,0,3,0,8,11,104,27,15,47,193,0,93,93,286
12/08/2020,JAX,FL,ASO,ES,Combined TRACON& Tower with Radar,86,14,22,8,130,0,9,5,1,15,86,23,27,9,145,0,14,14,159
12/09/2020,JAX,FL,ASO,ES,Combined TRACON& Tower with Radar,92,31,23,9,155,0,8,4,6,18,92,39,27,15,173,10,28,38,211
12/10/2020,JAX,FL,ASO,ES,Combined TRACON& Tower with Radar,111,18,19,6,154,0,0,4,2,6,111,18,23,8,160,0,20,20,180
12/11/2020,JAX,FL,ASO,ES,Combined TRACON& Tower with Radar,106,16,28,9,159,0,6,10,5,21,106,22,38,14,180,0,0,0,180
12/12/2020,JAX,FL,ASO,ES,Combined TRACON& Tower with Radar,73,18,10,2,103,0,0,6,0,6,73,18,16,2,109,0,0,0,109
12/13/2020,JAX,FL,ASO,ES,Combined TRACON& Tower with Radar,100,18,20,2,140,0,0,2,2,4,100,18,22,4,144,0,0,0,144
12/14/2020,JAX,FL,ASO,ES,Combined TRACON& Tower with Radar,98,24,19,0,141,0,0,0,0,0,98,24,19,0,141,6,0,6,147
12/15/2020,JAX,FL,ASO,ES,Combined TRACON& Tower with Radar,93,13,15,13,134,0,1,4,1,6,93,14,19,14,140,0,24,24,164
12/16/2020,JAX,FL,ASO,ES,Combined TRACON& Tower with Radar,95,22,17,0,134,0,0,0,2,2,95,22,17,2,136,0,0,0,136
12/17/2020,JAX,FL,ASO,ES,Combined TRACON& Tower with Radar,119,26,30,25,200,0,3,3,5,11,119,29,33,30,211,0,0,0,211
12/18/2020,JAX,FL,ASO,ES,Combined TRACON& Tower with Radar,131,26,33,6,196,0,3,5,0,8,131,29,38,6,204,0,48,48,252
12/19/2020,JAX,FL,ASO,ES,Combined TRACON& Tower with Radar,128,29,35,9,201,0,1,5,1,7,128,30,40,10,208,8,0,8,216
12/20/2020,JAX,FL,ASO,ES,Combined TRACON& Tower with Radar,132,29,22,7,190,0,0,1,0,1,132,29,23,7,191,0,0,0,191
12/21/2020,JAX,FL,ASO,ES,Combined TRACON& Tower with Radar,124,29,27,8,188,0,0,4,2,6,124,29,31,10,194,0,14,14,208
12/22/2020,JAX,FL,ASO,ES,Combined TRACON& Tower with Radar,132,20,21,11,184,0,0,7,2,9,132,20,28,13,193,0,0,0,193
12/23/2020,JAX,FL,ASO,ES,Combined TRACON& Tower with Radar,136,41,22,11,210,0,3,10,1,14,136,44,32,12,224,0,0,0,224
12/24/2020,JAX,FL,ASO,ES,Combined TRACON& Tower with Radar,94,13,4,0,111,0,3,0,0,3,94,16,4,0,114,0,0,0,114
12/25/2020,JAX,FL,ASO,ES,Combined TRACON& Tower with Radar,60,11,2,0,73,0,0,0,0,0,60,11,2,0,73,0,0,0,73
12/26/2020,JAX,FL,ASO,ES,Combined TRACON& Tower with Radar,105,34,17,0,156,0,0,3,0,3,105,34,20,0,159,0,0,0,159
12/27/2020,JAX,FL,ASO,ES,Combined TRACON& Tower with Radar,126,26,21,0,173,0,0,6,0,6,126,26,27,0,179,0,0,0,179
12/28/2020,JAX,FL,ASO,ES,Combined TRACON& Tower with Radar,111,26,14,0,151,0,2,3,2,7,111,28,17,2,158,0,0,0,158
12/29/2020,JAX,FL,ASO,ES,Combined TRACON& Tower with Radar,126,36,14,11,187,0,0,3,4,7,126,36,17,15,194,0,0,0,194
12/30/2020,JAX,FL,ASO,ES,Combined TRACON& Tower with Radar,120,22,16,7,165,0,0,10,3,13,120,22,26,10,178,0,6,6,184
12/31/2020,JAX,FL,ASO,ES,Combined TRACON& Tower with Radar,99,23,23,6,151,0,1,8,2,11,99,24,31,8,162,0,2,2,164
01/01/2021,JAX,FL,ASO,ES,Combined TRACON& Tower with Radar,78,18,14,2,112,0,0,6,0,6,78,18,20,2,118,0,0,0,118
01/02/2021,JAX,FL,ASO,ES,Combined TRACON& Tower with Radar,112,26,32,0,170,0,0,3,0,3,112,26,35,0,173,0,0,0,173
01/03/2021,JAX,FL,ASO,ES,Combined TRACON& Tower with Radar,126,26,33,0,185,0,0,8,0,8,126,26,41,0,193,0,0,0,193
01/04/2021,JAX,FL,ASO,ES,Combined TRACON& Tower with Radar,106,23,18,2,149,0,0,12,3,15,106,23,30,5,164,24,10,34,198
01/05/2021,JAX,FL,ASO,ES,Combined TRACON& Tower with Radar,90,22,23,8,143,0,0,9,5,14,90,22,32,13,157,0,10,10,167
01/06/2021,JAX,FL,ASO,ES,Combined TRACON& Tower with Radar,88,13,21,8,130,0,3,16,1,20,88,16,37,9,150,0,0,0,150
01/07/2021,JAX,FL,ASO,ES,Combined TRACON& Tower with Radar,108,21,30,27,186,0,2,3,4,9,108,23,33,31,195,0,55,55,250
01/08/2021,JAX,FL,ASO,ES,Combined TRACON& Tower with Radar,111,29,22,38,200,0,2,0,11,13,111,31,22,49,213,0,0,0,213
01/09/2021,JAX,FL,ASO,ES,Combined TRACON& Tower with Radar,85,12,20,30,147,0,1,0,2,3,85,13,20,32,150,0,0,0,150
01/10/2021,JAX,FL,ASO,ES,Combined TRACON& Tower with Radar,105,16,25,2,148,0,0,9,0,9,105,16,34,2,157,0,0,0,157
01/11/2021,JAX,FL,ASO,ES,Combined TRACON& Tower with Radar,101,23,20,5,149,0,0,3,3,6,101,23,23,8,155,2,26,28,183
01/12/2021,JAX,FL,ASO,ES,Combined TRACON& Tower with Radar,87,17,18,14,136,0,0,0,5,5,87,17,18,19,141,0,50,50,191
01/13/2021,JAX,FL,ASO,ES,Combined TRACON& Tower with Radar,81,14,28,25,148,1,0,2,5,8,82,14,30,30,156,4,42,46,202
01/14/2021,JAX,FL,ASO,ES,Combined TRACON& Tower with Radar,111,19,28,41,199,0,2,19,5,26,111,21,47,46,225,0,65,65,290
01/15/2021,JAX,FL,ASO,ES,Combined TRACON& Tower with Radar,115,31,34,10,190,0,0,6,2,8,115,31,40,12,198,0,0,0,198
01/16/2021,JAX,FL,ASO,ES,Combined TRACON& Tower with Radar,80,17,11,0,108,0,0,16,0,16,80,17,27,0,124,4,0,4,128
01/17/2021,JAX,FL,ASO,ES,Combined TRACON& Tower with Radar,104,12,27,1,144,0,0,15,0,15,104,12,42,1,159,2,0,2,161
01/18/2021,JAX,FL,ASO,ES,Combined TRACON& Tower with Radar,96,26,26,1,149,0,3,13,0,16,96,29,39,1,165,2,0,2,167
01/19/2021,JAX,FL,ASO,ES,Combined TRACON& Tower with Radar,84,21,33,40,178,0,9,16,0,25,84,30,49,40,203,4,2,6,209
01/20/2021,JAX,FL,ASO,ES,Combined TRACON& Tower with Radar,85,19,38,31,173,0,5,16,5,26,85,24,54,36,199,4,50,54,253
01/21/2021,JAX,FL,ASO,ES,Combined TRACON& Tower with Radar,110,31,28,23,192,0,7,9,13,29,110,38,37,36,221,4,90,94,315
01/22/2021,JAX,FL,ASO,ES,Combined TRACON& Tower with Radar,118,42,26,18,204,0,0,1,0,1,118,42,27,18,205,0,0,0,205
01/23/2021,JAX,FL,ASO,ES,Combined TRACON& Tower with Radar,79,18,20,0,117,0,0,8,4,12,79,18,28,4,129,0,0,0,129
01/24/2021,JAX,FL,ASO,ES,Combined TRACON& Tower with Radar,104,23,26,0,153,0,0,12,2,14,104,23,38,2,167,0,0,0,167
01/25/2021,JAX,FL,ASO,ES,Combined TRACON& Tower with Radar,96,32,19,4,151,0,0,1,7,8,96,32,20,11,159,0,22,22,181
01/26/2021,JAX,FL,ASO,ES,Combined TRACON& Tower with Radar,83,27,36,24,170,0,0,13,12,25,83,27,49,36,195,2,30,32,227
01/27/2021,JAX,FL,ASO,ES,Combined TRACON& Tower with Radar,86,29,37,17,169,0,0,2,2,4,86,29,39,19,173,0,0,0,173
01/28/2021,JAX,FL,ASO,ES,Combined TRACON& Tower with Radar,105,28,33,10,176,0,3,11,4,18,105,31,44,14,194,0,0,0,194
01/29/2021,JAX,FL,ASO,ES,Combined TRACON& Tower with Radar,114,26,24,10,174,0,0,9,9,18,114,26,33,19,192,4,0,4,196
01/30/2021,JAX,FL,ASO,ES,Combined TRACON& Tower with Radar,75,28,19,1,123,0,1,18,0,19,75,29,37,1,142,0,0,0,142
01/31/2021,JAX,FL,ASO,ES,Combined TRACON& Tower with Radar,98,15,10,1,124,0,0,3,0,3,98,15,13,1,127,0,0,0,127
02/01/2021,JAX,FL,ASO,ES,Combined TRACON& Tower with Radar,85,31,14,15,145,0,0,2,15,17,85,31,16,30,162,0,70,70,232
02/02/2021,JAX,FL,ASO,ES,Combined TRACON& Tower with Radar,79,18,13,27,137,0,3,2,12,17,79,21,15,39,154,4,76,80,234
02/03/2021,JAX,FL,ASO,ES,Combined TRACON& Tower with Radar,87,22,25,13,147,0,2,11,18,31,87,24,36,31,178,0,28,28,206
02/04/2021,JAX,FL,ASO,ES,Combined TRACON& Tower with Radar,107,35,34,7,183,0,2,14,12,28,107,37,48,19,211,0,0,0,211
02/05/2021,JAX,FL,ASO,ES,Combined TRACON& Tower with Radar,111,29,54,8,202,0,2,2,1,5,111,31,56,9,207,0,0,0,207
02/06/2021,JAX,FL,ASO,ES,Combined TRACON& Tower with Radar,80,27,17,0,124,0,0,1,0,1,80,27,18,0,125,0,0,0,125
02/07/2021,JAX,FL,ASO,ES,Combined TRACON& Tower with Radar,93,17,22,3,135,0,0,4,0,4,93,17,26,3,139,0,0,0,139
02/08/2021,JAX,FL,ASO,ES,Combined TRACON& Tower with Radar,96,39,36,2,173,0,1,7,0,8,96,40,43,2,181,0,0,0,181
02/09/2021,JAX,FL,ASO,ES,Combined TRACON& Tower with Radar,90,26,21,10,147,0,2,1,0,3,90,28,22,10,150,0,0,0,150
02/10/2021,JAX,FL,ASO,ES,Combined TRACON& Tower with Radar,90,24,32,25,171,0,0,3,11,14,90,24,35,36,185,0,0,0,185
02/11/2021,JAX,FL,ASO,ES,Combined TRACON& Tower with Radar,115,37,62,24,238,0,2,4,1,7,115,39,66,25,245,0,0,0,245
02/12/2021,JAX,FL,ASO,ES,Combined TRACON& Tower with Radar,122,32,27,14,195,0,0,0,0,0,122,32,27,14,195,0,0,0,195
02/13/2021,JAX,FL,ASO,ES,Combined TRACON& Tower with Radar,90,25,16,2,133,0,0,0,0,0,90,25,16,2,133,0,0,0,133
02/14/2021,JAX,FL,ASO,ES,Combined TRACON& Tower with Radar,99,20,12,0,131,0,0,0,0,0,99,20,12,0,131,0,0,0,131
02/15/2021,JAX,FL,ASO,ES,Combined TRACON& Tower with Radar,90,26,14,3,133,0,0,1,0,1,90,26,15,3,134,0,0,0,134
02/16/2021,JAX,FL,ASO,ES,Combined TRACON& Tower with Radar,70,19,29,8,126,0,2,11,2,15,70,21,40,10,141,0,0,0,141
02/17/2021,JAX,FL,ASO,ES,Combined TRACON& Tower with Radar,73,40,24,14,151,0,1,4,4,9,73,41,28,18,160,0,58,58,218
02/18/2021,JAX,FL,ASO,ES,Combined TRACON& Tower with Radar,96,41,44,41,222,0,4,5,7,16,96,45,49,48,238,14,112,126,364
02/19/2021,JAX,FL,ASO,ES,Combined TRACON& Tower with Radar,113,41,27,15,196,0,0,0,2,2,113,41,27,17,198,0,0,0,198
02/20/2021,JAX,FL,ASO,ES,Combined TRACON& Tower with Radar,85,33,17,9,144,0,2,9,4,15,85,35,26,13,159,20,0,20,179
02/21/2021,JAX,FL,ASO,ES,Combined TRACON& Tower with Radar,115,30,24,6,175,0,0,6,1,7,115,30,30,7,182,0,0,0,182
02/22/2021,JAX,FL,ASO,ES,Combined TRACON& Tower with Radar,111,34,34,10,189,0,2,6,1,9,111,36,40,11,198,0,0,0,198
02/23/2021,JAX,FL,ASO,ES,Combined TRACON& Tower with Radar,92,22,31,18,163,0,0,12,9,21,92,22,43,27,184,2,129,131,315
02/24/2021,JAX,FL,ASO,ES,Combined TRACON& Tower with Radar,93,34,27,23,177,0,8,8,12,28,93,42,35,35,205,0,83,83,288
02/25/2021,JAX,FL,ASO,ES,Combined TRACON& Tower with Radar,122,32,34,23,211,0,5,11,7,23,122,37,45,30,234,0,58,58,292
02/26/2021,JAX,FL,ASO,ES,Combined TRACON& Tower with Radar,132,37,26,24,219,0,1,14,2,17,132,38,40,26,236,0,0,0,236
02/27/2021,JAX,FL,ASO,ES,Combined TRACON& Tower with Radar,83,34,23,6,146,0,1,10,0,11,83,35,33,6,157,0,0,0,157
02/28/2021,JAX,FL,ASO,ES,Combined TRACON& Tower with Radar,115,21,25,9,170,0,0,12,0,12,115,21,37,9,182,12,0,12,194
03/01/2021,JAX,FL,ASO,ES,Combined TRACON& Tower with Radar,111,40,9,13,173,0,2,4,5,11,111,42,13,18,184,0,24,24,208
03/02/2021,JAX,FL,ASO,ES,Combined TRACON& Tower with Radar,96,32,18,29,175,0,0,0,0,0,96,32,18,29,175,0,0,0,175
03/03/2021,JAX,FL,ASO,ES,Combined TRACON& Tower with Radar,99,22,32,20,173,0,0,0,5,5,99,22,32,25,178,0,0,0,178
03/04/2021,JAX,FL,ASO,ES,Combined TRACON& Tower with Radar,130,39,44,26,239,0,2,25,12,39,130,41,69,38,278,0,0,0,278
03/05/2021,JAX,FL,ASO,ES,Combined TRACON& Tower with Radar,138,24,36,13,211,0,4,13,3,20,138,28,49,16,231,0,0,0,231
03/06/2021,JAX,FL,ASO,ES,Combined TRACON& Tower with Radar,107,15,23,14,159,0,0,1,2,3,107,15,24,16,162,0,0,0,162
03/07/2021,JAX,FL,ASO,ES,Combined TRACON& Tower with Radar,126,18,34,2,180,0,1,17,0,18,126,19,51,2,198,12,0,12,210
03/08/2021,JAX,FL,ASO,ES,Combined TRACON& Tower with Radar,137,19,26,9,191,0,4,6,3,13,137,23,32,12,204,2,0,2,206
03/09/2021,JAX,FL,ASO,ES,Combined TRACON& Tower with Radar,118,18,30,11,177,1,0,7,7,15,119,18,37,18,192,0,24,24,216
03/10/2021,JAX,FL,ASO,ES,Combined TRACON& Tower with Radar,123,41,48,13,225,1,8,7,6,22,124,49,55,19,247,0,0,0,247
03/11/2021,JAX,FL,ASO,ES,Combined TRACON& Tower with Radar,141,24,41,5,211,0,4,7,3,14,141,28,48,8,225,0,0,0,225
03/12/2021,JAX,FL,ASO,ES,Combined TRACON& Tower with Radar,149,39,26,33,247,0,0,9,3,12,149,39,35,36,259,0,89,89,348
03/13/2021,JAX,FL,ASO,ES,Combined TRACON& Tower with Radar,112,30,30,14,186,0,1,2,4,7,112,31,32,18,193,0,14,14,207
03/14/2021,JAX,FL,ASO,ES,Combined TRACON& Tower with Radar,132,19,27,10,188,0,0,6,1,7,132,19,33,11,195,0,0,0,195
03/15/2021,JAX,FL,ASO,ES,Combined TRACON& Tower with Radar,132,26,21,7,186,0,0,8,1,9,132,26,29,8,195,0,0,0,195
03/16/2021,JAX,FL,ASO,ES,Combined TRACON& Tower with Radar,129,16,29,16,190,0,0,9,8,17,129,16,38,24,207,8,8,16,223
03/17/2021,JAX,FL,ASO,ES,Combined TRACON& Tower with Radar,125,43,29,42,239,0,1,3,5,9,125,44,32,47,248,0,76,76,324
03/18/2021,JAX,FL,ASO,ES,Combined TRACON& Tower with Radar,145,32,17,18,212,0,0,3,5,8,145,32,20,23,220,0,22,22,242
03/19/2021,JAX,FL,ASO,ES,Combined TRACON& Tower with Radar,147,42,32,11,232,0,2,7,0,9,147,44,39,11,241,0,22,22,263
03/20/2021,JAX,FL,ASO,ES,Combined TRACON& Tower with Radar,147,28,27,6,208,0,2,2,0,4,147,30,29,6,212,0,0,0,212
03/21/2021,JAX,FL,ASO,ES,Combined TRACON& Tower with Radar,142,30,26,2,200,0,0,0,0,0,142,30,26,2,200,0,0,0,200
03/22/2021,JAX,FL,ASO,ES,Combined TRACON& Tower with Radar,135,33,19,7,194,0,0,4,0,4,135,33,23,7,198,0,0,0,198
03/23/2021,JAX,FL,ASO,ES,Combined TRACON& Tower with Radar,152,36,47,14,249,0,2,14,3,19,152,38,61,17,268,4,70,74,342
03/24/2021,JAX,FL,ASO,ES,Combined TRACON& Tower with Radar,131,33,41,18,223,0,0,4,12,16,131,33,45,30,239,0,16,16,255
03/25/2021,JAX,FL,ASO,ES,Combined TRACON& Tower with Radar,148,41,31,21,241,0,0,6,13,19,148,41,37,34,260,0,52,52,312
03/26/2021,JAX,FL,ASO,ES,Combined TRACON& Tower with Radar,148,47,48,13,256,0,1,9,1,11,148,48,57,14,267,4,0,4,271
03/27/2021,JAX,FL,ASO,ES,Combined TRACON& Tower with Radar,117,21,34,13,185,0,0,7,3,10,117,21,41,16,195,12,0,12,207
03/28/2021,JAX,FL,ASO,ES,Combined TRACON& Tower with Radar,133,27,21,10,191,0,0,10,0,10,133,27,31,10,201,0,0,0,201
03/29/2021,JAX,FL,ASO,ES,Combined TRACON& Tower with Radar,137,35,45,15,232,0,5,10,1,16,137,40,55,16,248,0,0,0,248
03/30/2021,JAX,FL,ASO,ES,Combined TRACON& Tower with Radar,135,23,24,10,192,0,0,3,2,5,135,23,27,12,197,0,30,30,227
03/31/2021,JAX,FL,ASO,ES,Combined TRACON& Tower with Radar,134,20,35,28,217,0,1,8,3,12,134,21,43,31,229,0,28,28,257
04/01/2021,JAX,FL,ASO,ES,Combined TRACON& Tower with Radar,146,19,32,10,207,0,2,5,1,8,146,21,37,11,215,4,0,4,219
04/02/2021,JAX,FL,ASO,ES,Combined TRACON& Tower with Radar,154,28,22,0,204,0,0,6,0,6,154,28,28,0,210,0,0,0,210
04/03/2021,JAX,FL,ASO,ES,Combined TRACON& Tower with Radar,124,22,33,0,179,0,0,2,0,2,124,22,35,0,181,4,0,4,185
04/04/2021,JAX,FL,ASO,ES,Combined TRACON& Tower with Radar,145,16,26,0,187,0,0,13,0,13,145,16,39,0,200,0,0,0,200
04/05/2021,JAX,FL,ASO,ES,Combined TRACON& Tower with Radar,142,44,25,6,217,0,0,8,2,10,142,44,33,8,227,0,2,2,229
04/06/2021,JAX,FL,ASO,ES,Combined TRACON& Tower with Radar,132,28,35,11,206,0,3,13,5,21,132,31,48,16,227,0,28,28,255
04/07/2021,JAX,FL,ASO,ES,Combined TRACON& Tower with Radar,134,39,37,18,228,0,3,22,10,35,134,42,59,28,263,16,44,60,323
04/08/2021,JAX,FL,ASO,ES,Combined TRACON& Tower with Radar,154,34,39,23,250,0,4,6,5,15,154,38,45,28,265,0,24,24,289
04/09/2021,JAX,FL,ASO,ES,Combined TRACON& Tower with Radar,151,39,32,17,239,0,0,8,7,15,151,39,40,24,254,0,0,0,254
04/10/2021,JAX,FL,ASO,ES,Combined TRACON& Tower with Radar,129,25,17,3,174,0,0,5,0,5,129,25,22,3,179,0,0,0,179
04/11/2021,JAX,FL,ASO,ES,Combined TRACON& Tower with Radar,139,26,24,2,191,0,1,5,0,6,139,27,29,2,197,0,0,0,197
04/12/2021,JAX,FL,ASO,ES,Combined TRACON& Tower with Radar,133,33,36,10,212,0,3,6,13,22,133,36,42,23,234,0,34,34,268
04/13/2021,JAX,FL,ASO,ES,Combined TRACON& Tower with Radar,121,25,34,16,196,0,4,17,8,29,121,29,51,24,225,18,54,72,297
04/14/2021,JAX,FL,ASO,ES,Combined TRACON& Tower with Radar,125,42,42,29,238,0,6,12,13,31,125,48,54,42,269,30,60,90,359
04/15/2021,JAX,FL,ASO,ES,Combined TRACON& Tower with Radar,150,26,47,35,258,0,3,10,11,24,150,29,57,46,282,0,114,114,396
04/16/2021,JAX,FL,ASO,ES,Combined TRACON& Tower with Radar,149,32,24,12,217,0,0,2,4,6,149,32,26,16,223,0,0,0,223
04/17/2021,JAX,FL,ASO,ES,Combined TRACON& Tower with Radar,121,20,25,7,173,0,0,5,0,5,121,20,30,7,178,0,0,0,178
04/18/2021,JAX,FL,ASO,ES,Combined TRACON& Tower with Radar,140,18,23,2,183,0,0,0,1,1,140,18,23,3,184,0,0,0,184
04/19/2021,JAX,FL,ASO,ES,Combined TRACON& Tower with Radar,147,19,38,2,206,0,2,5,1,8,147,21,43,3,214,20,50,70,284
04/20/2021,JAX,FL,ASO,ES,Combined TRACON& Tower with Radar,144,26,38,12,220,0,0,7,9,16,144,26,45,21,236,0,16,16,252
04/21/2021,JAX,FL,ASO,ES,Combined TRACON& Tower with Radar,130,34,42,13,219,0,6,3,3,12,130,40,45,16,231,10,12,22,253
04/22/2021,JAX,FL,ASO,ES,Combined TRACON& Tower with Radar,158,30,42,14,244,0,0,7,4,11,158,30,49,18,255,0,0,0,255
04/23/2021,JAX,FL,ASO,ES,Combined TRACON& Tower with Radar,148,35,25,7,215,0,2,10,4,16,148,37,35,11,231,8,2,10,241
04/24/2021,JAX,FL,ASO,ES,Combined TRACON& Tower with Radar,115,39,38,5,197,0,0,1,0,1,115,39,39,5,198,0,0,0,198
04/25/2021,JAX,FL,ASO,ES,Combined TRACON& Tower with Radar,156,41,66,3,266,0,0,11,0,11,156,41,77,3,277,0,0,0,277
04/26/2021,JAX,FL,ASO,ES,Combined TRACON& Tower with Radar,145,38,40,5,228,0,2,11,4,17,145,40,51,9,245,0,44,44,289
04/27/2021,JAX,FL,ASO,ES,Combined TRACON& Tower with Radar,123,37,29,19,208,0,2,15,3,20,123,39,44,22,228,66,100,166,394
04/28/2021,JAX,FL,ASO,ES,Combined TRACON& Tower with Radar,123,35,32,10,200,0,0,12,7,19,123,35,44,17,219,60,88,148,367
04/29/2021,JAX,FL,ASO,ES,Combined TRACON& Tower with Radar,149,31,36,8,224,0,0,9,7,16,149,31,45,15,240,26,28,54,294
04/30/2021,JAX,FL,ASO,ES,Combined TRACON& Tower with Radar,150,37,38,4,229,0,2,15,5,22,150,39,53,9,251,24,16,40,291
05/01/2021,JAX,FL,ASO,ES,Combined TRACON& Tower with Radar,117,23,26,6,172,0,1,14,3,18,117,24,40,9,190,0,0,0,190
05/02/2021,JAX,FL,ASO,ES,Combined TRACON& Tower with Radar,133,22,31,0,186,0,0,7,0,7,133,22,38,0,193,0,0,0,193
05/03/2021,JAX,FL,ASO,ES,Combined TRACON& Tower with Radar,137,28,21,2,188,0,2,8,0,10,137,30,29,2,198,0,0,0,198
05/04/2021,JAX,FL,ASO,ES,Combined TRACON& Tower with Radar,128,16,41,18,203,0,0,10,2,12,128,16,51,20,215,0,2,2,217
05/05/2021,JAX,FL,ASO,ES,Combined TRACON& Tower with Radar,136,29,42,8,215,0,0,5,4,9,136,29,47,12,224,16,0,16,240
05/06/2021,JAX,FL,ASO,ES,Combined TRACON& Tower with Radar,162,45,40,10,257,0,0,2,5,7,162,45,42,15,264,0,14,14,278
05/07/2021,JAX,FL,ASO,ES,Combined TRACON& Tower with Radar,162,50,27,10,249,0,0,9,1,10,162,50,36,11,259,0,0,0,259
05/08/2021,JAX,FL,ASO,ES,Combined TRACON& Tower with Radar,133,20,24,11,188,0,1,9,1,11,133,21,33,12,199,4,8,12,211
05/09/2021,JAX,FL,ASO,ES,Combined TRACON& Tower with Radar,144,26,24,4,198,0,2,9,0,11,144,28,33,4,209,0,0,0,209
05/10/2021,JAX,FL,ASO,ES,Combined TRACON& Tower with Radar,155,35,44,7,241,0,0,2,0,2,155,35,46,7,243,0,0,0,243
05/11/2021,JAX,FL,ASO,ES,Combined TRACON& Tower with Radar,144,15,45,13,217,0,0,8,9,17,144,15,53,22,234,20,90,110,344
05/12/2021,JAX,FL,ASO,ES,Combined TRACON& Tower with Radar,149,21,33,13,216,0,2,5,5,12,149,23,38,18,228,6,14,20,248
05/13/2021,JAX,FL,ASO,ES,Combined TRACON& Tower with Radar,166,30,38,13,247,0,2,2,1,5,166,32,40,14,252,0,12,12,264
05/14/2021,JAX,FL,ASO,ES,Combined TRACON& Tower with Radar,166,33,38,12,249,0,2,5,4,11,166,35,43,16,260,0,0,0,260
05/15/2021,JAX,FL,ASO,ES,Combined TRACON& Tower with Radar,131,17,22,0,170,0,0,8,0,8,131,17,30,0,178,0,0,0,178
05/16/2021,JAX,FL,ASO,ES,Combined TRACON& Tower with Radar,149,35,35,2,221,0,1,15,0,16,149,36,50,2,237,0,0,0,237
05/17/2021,JAX,FL,ASO,ES,Combined TRACON& Tower with Radar,150,44,26,36,256,0,4,4,4,12,150,48,30,40,268,0,0,0,268
05/18/2021,JAX,FL,ASO,ES,Combined TRACON& Tower with Radar,153,35,28,18,234,0,1,5,6,12,153,36,33,24,246,0,10,10,256
05/19/2021,JAX,FL,ASO,ES,Combined TRACON& Tower with Radar,154,48,41,19,262,0,2,8,9,19,154,50,49,28,281,4,46,50,331
05/20/2021,JAX,FL,ASO,ES,Combined TRACON& Tower with Radar,159,38,40,19,256,0,2,4,3,9,159,40,44,22,265,6,30,36,301
05/21/2021,JAX,FL,ASO,ES,Combined TRACON& Tower with Radar,164,46,50,39,299,0,0,4,3,7,164,46,54,42,306,0,0,0,306
05/22/2021,JAX,FL,ASO,ES,Combined TRACON& Tower with Radar,133,13,27,48,221,0,0,3,0,3,133,13,30,48,224,0,4,4,228
05/23/2021,JAX,FL,ASO,ES,Combined TRACON& Tower with Radar,153,36,40,7,236,0,2,9,1,12,153,38,49,8,248,0,0,0,248
05/24/2021,JAX,FL,ASO,ES,Combined TRACON& Tower with Radar,154,38,30,8,230,0,2,15,4,21,154,40,45,12,251,24,0,24,275
05/25/2021,JAX,FL,ASO,ES,Combined TRACON& Tower with Radar,154,26,38,13,231,0,3,21,8,32,154,29,59,21,263,54,36,90,353
05/26/2021,JAX,FL,ASO,ES,Combined TRACON& Tower with Radar,152,38,35,22,247,0,2,14,5,21,152,40,49,27,268,8,0,8,276
05/27/2021,JAX,FL,ASO,ES,Combined TRACON& Tower with Radar,161,29,48,3,241,0,0,5,4,9,161,29,53,7,250,2,26,28,278
05/28/2021,JAX,FL,ASO,ES,Combined TRACON& Tower with Radar,161,28,25,2,216,0,2,11,0,13,161,30,36,2,229,26,0,26,255
05/29/2021,JAX,FL,ASO,ES,Combined TRACON& Tower with Radar,136,12,33,0,181,0,1,4,0,5,136,13,37,0,186,0,0,0,186
05/30/2021,JAX,FL,ASO,ES,Combined TRACON& Tower with Radar,145,18,15,0,178,0,0,13,0,13,145,18,28,0,191,0,0,0,191
05/31/2021,JAX,FL,ASO,ES,Combined TRACON& Tower with Radar,148,31,44,0,223,0,3,15,0,18,148,34,59,0,241,0,0,0,241
06/01/2021,JAX,FL,ASO,ES,Combined TRACON& Tower with Radar,141,15,38,34,228,0,3,10,7,20,141,18,48,41,248,0,50,50,298
06/02/2021,JAX,FL,ASO,ES,Combined TRACON& Tower with Radar,157,28,21,18,224,0,2,7,10,19,157,30,28,28,243,0,48,48,291
06/03/2021,JAX,FL,ASO,ES,Combined TRACON& Tower with Radar,168,24,27,26,245,0,2,2,3,7,168,26,29,29,252,4,28,32,284
06/04/2021,JAX,FL,ASO,ES,Combined TRACON& Tower with Radar,172,33,46,16,267,0,0,10,2,12,172,33,56,18,279,0,0,0,279
06/05/2021,JAX,FL,ASO,ES,Combined TRACON& Tower with Radar,134,21,18,1,174,0,0,4,0,4,134,21,22,1,178,0,0,0,178
06/06/2021,JAX,FL,ASO,ES,Combined TRACON& Tower with Radar,156,25,38,2,221,0,0,11,0,11,156,25,49,2,232,0,0,0,232
06/07/2021,JAX,FL,ASO,ES,Combined TRACON& Tower with Radar,158,17,39,5,219,0,0,0,3,3,158,17,39,8,222,0,0,0,222
06/08/2021,JAX,FL,ASO,ES,Combined TRACON& Tower with Radar,158,27,32,13,230,0,5,8,2,15,158,32,40,15,245,0,26,26,271
06/09/2021,JAX,FL,ASO,ES,Combined TRACON& Tower with Radar,170,33,36,11,250,0,3,12,4,19,170,36,48,15,269,0,53,53,322
06/10/2021,JAX,FL,ASO,ES,Combined TRACON& Tower with Radar,170,32,39,19,260,0,0,7,3,10,170,32,46,22,270,0,22,22,292
06/11/2021,JAX,FL,ASO,ES,Combined TRACON& Tower with Radar,176,37,28,6,247,0,2,2,1,5,176,39,30,7,252,0,10,10,262
06/12/2021,JAX,FL,ASO,ES,Combined TRACON& Tower with Radar,132,20,31,9,192,0,0,2,10,12,132,20,33,19,204,0,0,0,204
06/13/2021,JAX,FL,ASO,ES,Combined TRACON& Tower with Radar,163,19,22,2,206,0,0,3,0,3,163,19,25,2,209,0,0,0,209
06/14/2021,JAX,FL,ASO,ES,Combined TRACON& Tower with Radar,161,35,18,0,214,0,0,3,2,5,161,35,21,2,219,0,10,10,229
06/15/2021,JAX,FL,ASO,ES,Combined TRACON& Tower with Radar,170,16,26,10,222,0,0,2,1,3,170,16,28,11,225,0,0,0,225
06/16/2021,JAX,FL,ASO,ES,Combined TRACON& Tower with Radar,177,28,30,16,251,0,3,9,1,13,177,31,39,17,264,3,14,17,281
06/17/2021,JAX,FL,ASO,ES,Combined TRACON& Tower with Radar,181,43,41,20,285,0,0,7,2,9,181,43,48,22,294,12,1,13,307
06/18/2021,JAX,FL,ASO,ES,Combined TRACON& Tower with Radar,178,28,45,5,256,0,0,3,0,3,178,28,48,5,259,0,0,0,259
06/19/2021,JAX,FL,ASO,ES,Combined TRACON& Tower with Radar,139,24,40,0,203,0,0,8,0,8,139,24,48,0,211,0,0,0,211
06/20/2021,JAX,FL,ASO,ES,Combined TRACON& Tower with Radar,158,26,20,0,204,0,0,2,0,2,158,26,22,0,206,0,0,0,206
06/21/2021,JAX,FL,ASO,ES,Combined TRACON& Tower with Radar,158,31,51,2,242,0,0,4,2,6,158,31,55,4,248,0,0,0,248
06/22/2021,JAX,FL,ASO,ES,Combined TRACON& Tower with Radar,179,23,45,9,256,0,0,4,1,5,179,23,49,10,261,12,19,31,292
06/23/2021,JAX,FL,ASO,ES,Combined TRACON& Tower with Radar,171,28,37,8,244,0,0,0,1,1,171,28,37,9,245,0,10,10,255
06/24/2021,JAX,FL,ASO,ES,Combined TRACON& Tower with Radar,182,40,39,0,261,0,0,2,1,3,182,40,41,1,264,0,0,0,264
06/25/2021,JAX,FL,ASO,ES,Combined TRACON& Tower with Radar,176,45,32,5,258,0,0,6,2,8,176,45,38,7,266,0,0,0,266
06/26/2021,JAX,FL,ASO,ES,Combined TRACON& Tower with Radar,138,28,16,1,183,0,0,1,0,1,138,28,17,1,184,0,0,0,184
06/27/2021,JAX,FL,ASO,ES,Combined TRACON& Tower with Radar,160,27,36,0,223,0,1,3,0,4,160,28,39,0,227,0,0,0,227
06/28/2021,JAX,FL,ASO,ES,Combined TRACON& Tower with Radar,168,35,33,4,240,0,0,2,0,2,168,35,35,4,242,0,0,0,242
06/29/2021,JAX,FL,ASO,ES,Combined TRACON& Tower with Radar,169,26,20,10,225,0,3,10,3,16,169,29,30,13,241,0,8,8,249
06/30/2021,JAX,FL,ASO,ES,Combined TRACON& Tower with Radar,167,39,54,21,281,0,0,3,1,4,167,39,57,22,285,0,0,0,285
07/01/2021,JAX,FL,ASO,ES,Combined TRACON& Tower with Radar,175,34,51,8,268,0,0,4,3,7,175,34,55,11,275,0,0,0,275
07/02/2021,JAX,FL,ASO,ES,Combined TRACON& Tower with Radar,171,48,30,8,257,0,0,3,1,4,171,48,33,9,261,0,0,0,261
07/03/2021,JAX,FL,ASO,ES,Combined TRACON& Tower with Radar,152,13,21,0,186,0,0,2,0,2,152,13,23,0,188,0,0,0,188
07/04/2021,JAX,FL,ASO,ES,Combined TRACON& Tower with Radar,133,15,10,0,158,0,0,2,0,2,133,15,12,0,160,0,0,0,160
07/05/2021,JAX,FL,ASO,ES,Combined TRACON& Tower with Radar,150,30,33,1,214,0,0,0,0,0,150,30,33,1,214,0,0,0,214
07/06/2021,JAX,FL,ASO,ES,Combined TRACON& Tower with Radar,148,21,22,4,195,0,0,5,1,6,148,21,27,5,201,0,0,0,201
07/07/2021,JAX,FL,ASO,ES,Combined TRACON& Tower with Radar,131,11,4,0,146,0,0,0,0,0,131,11,4,0,146,0,0,0,146
07/08/2021,JAX,FL,ASO,ES,Combined TRACON& Tower with Radar,177,28,27,28,260,0,2,5,12,19,177,30,32,40,279,2,40,42,321
07/09/2021,JAX,FL,ASO,ES,Combined TRACON& Tower with Radar,165,28,35,18,246,0,0,4,6,10,165,28,39,24,256,0,0,0,256
07/10/2021,JAX,FL,ASO,ES,Combined TRACON& Tower with Radar,152,23,17,7,199,0,2,3,4,9,152,25,20,11,208,0,4,4,212
07/11/2021,JAX,FL,ASO,ES,Combined TRACON& Tower with Radar,161,29,21,0,211,0,0,3,0,3,161,29,24,0,214,0,0,0,214
07/12/2021,JAX,FL,ASO,ES,Combined TRACON& Tower with Radar,173,29,29,3,234,0,1,1,2,4,173,30,30,5,238,0,14,14,252
07/13/2021,JAX,FL,ASO,ES,Combined TRACON& Tower with Radar,165,24,21,20,230,0,4,3,8,15,165,28,24,28,245,0,30,30,275
07/14/2021,JAX,FL,ASO,ES,Combined TRACON& Tower with Radar,161,38,33,9,241,0,2,5,3,10,161,40,38,12,251,0,0,0,251
07/15/2021,JAX,FL,ASO,ES,Combined TRACON& Tower with Radar,183,24,40,13,260,0,5,5,6,16,183,29,45,19,276,0,12,12,288
07/16/2021,JAX,FL,ASO,ES,Combined TRACON& Tower with Radar,175,24,33,22,254,0,0,6,6,12,175,24,39,28,266,0,11,11,277
07/17/2021,JAX,FL,ASO,ES,Combined TRACON& Tower with Radar,140,13,16,6,175,0,1,10,4,15,140,14,26,10,190,0,52,52,242
07/18/2021,JAX,FL,ASO,ES,Combined TRACON& Tower with Radar,164,26,18,1,209,0,2,5,0,7,164,28,23,1,216,0,0,0,216
07/19/2021,JAX,FL,ASO,ES,Combined TRACON& Tower with Radar,164,32,22,37,255,0,0,2,7,9,164,32,24,44,264,0,0,0,264
07/20/2021,JAX,FL,ASO,ES,Combined TRACON& Tower with Radar,171,35,37,11,254,0,2,2,2,6,171,37,39,13,260,2,10,12,272
07/21/2021,JAX,FL,ASO,ES,Combined TRACON& Tower with Radar,168,31,33,13,245,0,0,7,0,7,168,31,40,13,252,18,0,18,270
07/22/2021,JAX,FL,ASO,ES,Combined TRACON& Tower with Radar,175,43,35,11,264,0,0,1,1,2,175,43,36,12,266,0,0,0,266
07/23/2021,JAX,FL,ASO,ES,Combined TRACON& Tower with Radar,169,27,18,30,244,0,2,4,4,10,169,29,22,34,254,0,0,0,254
07/24/2021,JAX,FL,ASO,ES,Combined TRACON& Tower with Radar,149,16,24,0,189,0,1,4,0,5,149,17,28,0,194,10,0,10,204
07/25/2021,JAX,FL,ASO,ES,Combined TRACON& Tower with Radar,160,18,22,2,202,0,2,7,2,11,160,20,29,4,213,0,0,0,213
07/26/2021,JAX,FL,ASO,ES,Combined TRACON& Tower with Radar,168,30,28,2,228,0,0,1,0,1,168,30,29,2,229,0,0,0,229
07/27/2021,JAX,FL,ASO,ES,Combined TRACON& Tower with Radar,171,23,28,10,232,0,0,5,2,7,171,23,33,12,239,0,0,0,239
07/28/2021,JAX,FL,ASO,ES,Combined TRACON& Tower with Radar,177,29,32,9,247,0,0,6,5,11,177,29,38,14,258,0,0,0,258
07/29/2021,JAX,FL,ASO,ES,Combined TRACON& Tower with Radar,175,40,37,10,262,0,0,5,3,8,175,40,42,13,270,0,0,0,270
07/30/2021,JAX,FL,ASO,ES,Combined TRACON& Tower with Radar,171,36,32,9,248,1,0,4,0,5,172,36,36,9,253,0,0,0,253
07/31/2021,JAX,FL,ASO,ES,Combined TRACON& Tower with Radar,143,17,17,0,177,0,2,4,0,6,143,19,21,0,183,0,0,0,183
08/01/2021,JAX,FL,ASO,ES,Combined TRACON& Tower with Radar,158,32,21,0,211,0,0,4,0,4,158,32,25,0,215,0,0,0,215
08/02/2021,JAX,FL,ASO,ES,Combined TRACON& Tower with Radar,176,24,15,3,218,0,0,11,6,17,176,24,26,9,235,4,6,10,245
08/03/2021,JAX,FL,ASO,ES,Combined TRACON& Tower with Radar,164,24,28,5,221,0,0,1,3,4,164,24,29,8,225,0,12,12,237
08/04/2021,JAX,FL,ASO,ES,Combined TRACON& Tower with Radar,171,40,17,26,254,0,0,0,2,2,171,40,17,28,256,0,0,0,256
08/05/2021,JAX,FL,ASO,ES,Combined TRACON& Tower with Radar,177,22,35,10,244,0,0,3,4,7,177,22,38,14,251,0,10,10,261
08/06/2021,JAX,FL,ASO,ES,Combined TRACON& Tower with Radar,181,26,26,17,250,0,1,6,4,11,181,27,32,21,261,14,20,34,295
08/07/2021,JAX,FL,ASO,ES,Combined TRACON& Tower with Radar,146,16,12,0,174,0,0,7,0,7,146,16,19,0,181,0,0,0,181
08/08/2021,JAX,FL,ASO,ES,Combined TRACON& Tower with Radar,166,19,26,0,211,0,0,4,0,4,166,19,30,0,215,0,0,0,215
08/09/2021,JAX,FL,ASO,ES,Combined TRACON& Tower with Radar,164,45,16,24,249,0,2,5,3,10,164,47,21,27,259,4,12,16,275
08/10/2021,JAX,FL,ASO,ES,Combined TRACON& Tower with Radar,157,25,22,34,238,1,2,7,6,16,158,27,29,40,254,0,0,0,254
08/11/2021,JAX,FL,ASO,ES,Combined TRACON& Tower with Radar,161,31,30,22,244,0,3,20,3,26,161,34,50,25,270,4,14,18,288
08/12/2021,JAX,FL,ASO,ES,Combined TRACON& Tower with Radar,172,38,38,7,255,0,2,10,2,14,172,40,48,9,269,0,30,30,299
08/13/2021,JAX,FL,ASO,ES,Combined TRACON& Tower with Radar,175,31,28,6,240,0,0,3,4,7,175,31,31,10,247,13,0,13,260
08/14/2021,JAX,FL,ASO,ES,Combined TRACON& Tower with Radar,149,20,26,0,195,0,0,4,0,4,149,20,30,0,199,0,0,0,199
08/15/2021,JAX,FL,ASO,ES,Combined TRACON& Tower with Radar,156,20,17,0,193,0,0,2,0,2,156,20,19,0,195,0,0,0,195
08/16/2021,JAX,FL,ASO,ES,Combined TRACON& Tower with Radar,169,22,13,1,205,0,0,1,5,6,169,22,14,6,211,0,12,12,223
08/17/2021,JAX,FL,ASO,ES,Combined TRACON& Tower with Radar,148,27,17,22,214,0,0,0,8,8,148,27,17,30,222,0,73,73,295
08/18/2021,JAX,FL,ASO,ES,Combined TRACON& Tower with Radar,159,27,50,10,246,0,2,3,3,8,159,29,53,13,254,4,0,4,258
08/19/2021,JAX,FL,ASO,ES,Combined TRACON& Tower with Radar,165,21,28,9,223,0,0,5,3,8,165,21,33,12,231,0,0,0,231
08/20/2021,JAX,FL,ASO,ES,Combined TRACON& Tower with Radar,174,28,29,8,239,0,0,5,2,7,174,28,34,10,246,0,0,0,246
08/21/2021,JAX,FL,ASO,ES,Combined TRACON& Tower with Radar,140,13,22,11,186,0,0,8,4,12,140,13,30,15,198,0,0,0,198
08/22/2021,JAX,FL,ASO,ES,Combined TRACON& Tower with Radar,146,24,24,2,196,0,0,9,0,9,146,24,33,2,205,0,0,0,205
08/23/2021,JAX,FL,ASO,ES,Combined TRACON& Tower with Radar,160,21,37,0,218,0,0,0,0,0,160,21,37,0,218,0,0,0,218
08/24/2021,JAX,FL,ASO,ES,Combined TRACON& Tower with Radar,157,32,24,11,224,0,2,0,4,6,157,34,24,15,230,0,16,16,246
08/25/2021,JAX,FL,ASO,ES,Combined TRACON& Tower with Radar,156,29,29,22,236,0,1,5,15,21,156,30,34,37,257,0,84,84,341
08/26/2021,JAX,FL,ASO,ES,Combined TRACON& Tower with Radar,169,38,27,20,254,0,0,2,0,2,169,38,29,20,256,0,0,0,256
08/27/2021,JAX,FL,ASO,ES,Combined TRACON& Tower with Radar,170,32,42,6,250,0,0,2,1,3,170,32,44,7,253,4,0,4,257
08/28/2021,JAX,FL,ASO,ES,Combined TRACON& Tower with Radar,137,17,17,0,171,0,0,0,0,0,137,17,17,0,171,0,0,0,171
08/29/2021,JAX,FL,ASO,ES,Combined TRACON& Tower with Radar,160,25,21,0,206,0,0,3,0,3,160,25,24,0,209,0,0,0,209
08/30/2021,JAX,FL,ASO,ES,Combined TRACON& Tower with Radar,162,24,26,16,228,0,2,8,3,13,162,26,34,19,241,0,0,0,241
08/31/2021,JAX,FL,ASO,ES,Combined TRACON& Tower with Radar,151,24,19,37,231,0,2,4,1,7,151,26,23,38,238,0,0,0,238
09/01/2021,JAX,FL,ASO,ES,Combined TRACON& Tower with Radar,145,24,22,25,216,0,4,0,14,18,145,28,22,39,234,0,0,0,234
09/02/2021,JAX,FL,ASO,ES,Combined TRACON& Tower with Radar,168,28,28,7,231,0,2,1,6,9,168,30,29,13,240,4,50,54,294
09/03/2021,JAX,FL,ASO,ES,Combined TRACON& Tower with Radar,168,31,34,0,233,0,2,6,0,8,168,33,40,0,241,0,0,0,241
09/04/2021,JAX,FL,ASO,ES,Combined TRACON& Tower with Radar,138,10,24,0,172,0,2,9,0,11,138,12,33,0,183,0,0,0,183
09/05/2021,JAX,FL,ASO,ES,Combined TRACON& Tower with Radar,130,14,13,0,157,0,1,6,0,7,130,15,19,0,164,0,0,0,164
09/06/2021,JAX,FL,ASO,ES,Combined TRACON& Tower with Radar,148,33,34,2,217,0,0,14,0,14,148,33,48,2,231,0,0,0,231
09/07/2021,JAX,FL,ASO,ES,Combined TRACON& Tower with Radar,135,29,26,9,199,0,1,7,2,10,135,30,33,11,209,0,8,8,217
09/08/2021,JAX,FL,ASO,ES,Combined TRACON& Tower with Radar,148,26,34,11,219,1,4,2,6,13,149,30,36,17,232,2,18,20,252
09/09/2021,JAX,FL,ASO,ES,Combined TRACON& Tower with Radar,171,51,48,4,274,0,3,16,0,19,171,54,64,4,293,16,0,16,309
09/10/2021,JAX,FL,ASO,ES,Combined TRACON& Tower with Radar,167,31,39,12,249,0,0,8,0,8,167,31,47,12,257,0,0,0,257
09/11/2021,JAX,FL,ASO,ES,Combined TRACON& Tower with Radar,140,20,17,0,177,1,1,8,0,10,141,21,25,0,187,2,0,2,189
09/12/2021,JAX,FL,ASO,ES,Combined TRACON& Tower with Radar,166,33,35,2,236,0,0,13,0,13,166,33,48,2,249,6,0,6,255
09/13/2021,JAX,FL,ASO,ES,Combined TRACON& Tower with Radar,168,38,31,2,239,0,2,8,1,11,168,40,39,3,250,0,24,24,274
09/14/2021,JAX,FL,ASO,ES,Combined TRACON& Tower with Radar,146,25,15,2,188,0,0,3,6,9,146,25,18,8,197,0,103,103,300
09/15/2021,JAX,FL,ASO,ES,Combined TRACON& Tower with Radar,150,29,41,25,245,0,5,4,1,10,150,34,45,26,255,0,20,20,275
09/16/2021,JAX,FL,ASO,ES,Combined TRACON& Tower with Radar,167,36,29,8,240,0,2,2,1,5,167,38,31,9,245,0,0,0,245
09/17/2021,JAX,FL,ASO,ES,Combined TRACON& Tower with Radar,177,38,34,1,250,0,1,1,0,2,177,39,35,1,252,0,0,0,252
09/18/2021,JAX,FL,ASO,ES,Combined TRACON& Tower with Radar,141,20,9,6,176,0,0,4,0,4,141,20,13,6,180,0,0,0,180
09/19/2021,JAX,FL,ASO,ES,Combined TRACON& Tower with Radar,169,30,38,0,237,0,0,5,0,5,169,30,43,0,242,13,0,13,255
09/20/2021,JAX,FL,ASO,ES,Combined TRACON& Tower with Radar,158,31,36,0,225,0,0,2,2,4,158,31,38,2,229,0,24,24,253
09/21/2021,JAX,FL,ASO,ES,Combined TRACON& Tower with Radar,151,28,24,23,226,0,0,1,2,3,151,28,25,25,229,0,8,8,237
09/22/2021,JAX,FL,ASO,ES,Combined TRACON& Tower with Radar,150,19,48,7,224,0,2,3,5,10,150,21,51,12,234,40,44,84,318
09/23/2021,JAX,FL,ASO,ES,Combined TRACON& Tower with Radar,154,34,21,3,212,0,14,10,2,26,154,48,31,5,238,0,86,86,324
09/24/2021,JAX,FL,ASO,ES,Combined TRACON& Tower with Radar,176,28,40,18,262,0,11,11,7,29,176,39,51,25,291,0,12,12,303
09/25/2021,JAX,FL,ASO,ES,Combined TRACON& Tower with Radar,142,16,28,0,186,0,7,7,1,15,142,23,35,1,201,0,0,0,201
09/26/2021,JAX,FL,ASO,ES,Combined TRACON& Tower with Radar,164,40,31,2,237,0,0,3,0,3,164,40,34,2,240,0,0,0,240
09/27/2021,JAX,FL,ASO,ES,Combined TRACON& Tower with Radar,161,36,25,13,235,0,5,3,1,9,161,41,28,14,244,0,0,0,244
09/28/2021,JAX,FL,ASO,ES,Combined TRACON& Tower with Radar,147,30,26,4,207,0,8,8,1,17,147,38,34,5,224,0,0,0,224
09/29/2021,JAX,FL,ASO,ES,Combined TRACON& Tower with Radar,159,24,30,2,215,0,4,3,0,7,159,28,33,2,222,6,50,56,278
09/30/2021,JAX,FL,ASO,ES,Combined TRACON& Tower with Radar,169,32,40,2,243,0,4,6,2,12,169,36,46,4,255,0,0,0,255
10/01/2021,JAX,FL,ASO,ES,Combined TRACON& Tower with Radar,175,37,35,24,271,0,3,17,2,22,175,40,52,26,293,0,17,17,310
10/02/2021,JAX,FL,ASO,ES,Combined TRACON& Tower with Radar,142,24,20,0,186,0,1,15,0,16,142,25,35,0,202,0,15,15,217
10/03/2021,JAX,FL,ASO,ES,Combined TRACON& Tower with Radar,168,22,39,0,229,0,0,6,0,6,168,22,45,0,235,0,0,0,235
10/04/2021,JAX,FL,ASO,ES,Combined TRACON& Tower with Radar,166,39,25,8,238,0,4,11,0,15,166,43,36,8,253,0,0,0,253
10/05/2021,JAX,FL,ASO,ES,Combined TRACON& Tower with Radar,149,50,40,9,248,0,4,2,10,16,149,54,42,19,264,0,0,0,264
10/06/2021,JAX,FL,ASO,ES,Combined TRACON& Tower with Radar,155,45,38,12,250,0,0,7,6,13,155,45,45,18,263,0,39,39,302
10/07/2021,JAX,FL,ASO,ES,Combined TRACON& Tower with Radar,180,44,62,11,297,0,0,6,2,8,180,44,68,13,305,0,0,0,305
10/08/2021,JAX,FL,ASO,ES,Combined TRACON& Tower with Radar,185,43,31,16,275,0,0,1,1,2,185,43,32,17,277,0,0,0,277
10/09/2021,JAX,FL,ASO,ES,Combined TRACON& Tower with Radar,145,18,28,0,191,0,0,2,0,2,145,18,30,0,193,0,0,0,193
10/10/2021,JAX,FL,ASO,ES,Combined TRACON& Tower with Radar,151,44,27,0,222,0,0,12,0,12,151,44,39,0,234,4,0,4,238
10/11/2021,JAX,FL,ASO,ES,Combined TRACON& Tower with Radar,172,41,37,0,250,0,0,10,0,10,172,41,47,0,260,0,0,0,260
10/12/2021,JAX,FL,ASO,ES,Combined TRACON& Tower with Radar,168,40,34,20,262,0,0,3,6,9,168,40,37,26,271,0,32,32,303
10/13/2021,JAX,FL,ASO,ES,Combined TRACON& Tower with Radar,168,28,59,21,276,0,4,5,6,15,168,32,64,27,291,0,38,38,329
10/14/2021,JAX,FL,ASO,ES,Combined TRACON& Tower with Radar,184,38,40,11,273,0,3,10,11,24,184,41,50,22,297,0,37,37,334
10/15/2021,JAX,FL,ASO,ES,Combined TRACON& Tower with Radar,190,38,51,11,290,0,0,9,8,17,190,38,60,19,307,0,0,0,307
10/16/2021,JAX,FL,ASO,ES,Combined TRACON& Tower with Radar,155,17,12,7,191,0,0,3,9,12,155,17,15,16,203,0,34,34,237
10/17/2021,JAX,FL,ASO,ES,Combined TRACON& Tower with Radar,170,28,35,18,251,0,1,6,0,7,170,29,41,18,258,0,0,0,258
10/18/2021,JAX,FL,ASO,ES,Combined TRACON& Tower with Radar,180,49,25,18,272,0,1,2,6,9,180,50,27,24,281,0,6,6,287
10/19/2021,JAX,FL,ASO,ES,Combined TRACON& Tower with Radar,169,29,28,48,274,0,5,9,2,16,169,34,37,50,290,0,24,24,314
10/20/2021,JAX,FL,ASO,ES,Combined TRACON& Tower with Radar,173,26,49,10,258,0,4,13,2,19,173,30,62,12,277,0,14,14,291
10/21/2021,JAX,FL,ASO,ES,Combined TRACON& Tower with Radar,186,36,55,25,302,0,2,12,4,18,186,38,67,29,320,0,6,6,326
10/22/2021,JAX,FL,ASO,ES,Combined TRACON& Tower with Radar,186,25,44,10,265,0,2,6,2,10,186,27,50,12,275,0,0,0,275
10/23/2021,JAX,FL,ASO,ES,Combined TRACON& Tower with Radar,157,25,26,1,209,0,4,12,0,16,157,29,38,1,225,0,0,0,225
10/24/2021,JAX,FL,ASO,ES,Combined TRACON& Tower with Radar,168,31,38,3,240,0,0,6,0,6,168,31,44,3,246,0,0,0,246
10/25/2021,JAX,FL,ASO,ES,Combined TRACON& Tower with Radar,179,43,29,10,261,0,2,0,1,3,179,45,29,11,264,4,0,4,268
10/26/2021,JAX,FL,ASO,ES,Combined TRACON& Tower with Radar,160,29,25,10,224,0,5,15,9,29,160,34,40,19,253,6,8,14,267
10/27/2021,JAX,FL,ASO,ES,Combined TRACON& Tower with Radar,175,48,41,20,284,0,3,6,6,15,175,51,47,26,299,0,8,8,307
10/28/2021,JAX,FL,ASO,ES,Combined TRACON& Tower with Radar,180,49,59,0,288,0,1,1,0,2,180,50,60,0,290,0,0,0,290
10/29/2021,JAX,FL,ASO,ES,Combined TRACON& Tower with Radar,189,56,46,5,296,0,5,8,2,15,189,61,54,7,311,0,0,0,311
10/30/2021,JAX,FL,ASO,ES,Combined TRACON& Tower with Radar,146,42,66,0,254,0,0,15,0,15,146,42,81,0,269,0,0,0,269
10/31/2021,JAX,FL,ASO,ES,Combined TRACON& Tower with Radar,151,28,45,0,224,0,1,7,0,8,151,29,52,0,232,0,0,0,232
11/01/2021,JAX,FL,ASO,ES,Combined TRACON& Tower with Radar,183,42,33,0,258,0,0,3,0,3,183,42,36,0,261,0,0,0,261
11/02/2021,JAX,FL,ASO,ES,Combined TRACON& Tower with Radar,159,27,38,11,235,0,0,4,4,8,159,27,42,15,243,0,54,54,297
11/03/2021,JAX,FL,ASO,ES,Combined TRACON& Tower with Radar,183,49,49,8,289,0,0,7,0,7,183,49,56,8,296,2,14,16,312
11/04/2021,JAX,FL,ASO,ES,Combined TRACON& Tower with Radar,196,36,38,17,287,0,0,0,4,4,196,36,38,21,291,0,64,64,355
11/05/2021,JAX,FL,ASO,ES,Combined TRACON& Tower with Radar,198,43,33,9,283,0,0,0,0,0,198,43,33,9,283,0,0,0,283
11/06/2021,JAX,FL,ASO,ES,Combined TRACON& Tower with Radar,156,22,22,4,204,0,0,0,0,0,156,22,22,4,204,10,0,10,214
11/07/2021,JAX,FL,ASO,ES,Combined TRACON& Tower with Radar,178,46,47,1,272,0,0,7,1,8,178,46,54,2,280,0,0,0,280
11/08/2021,JAX,FL,ASO,ES,Combined TRACON& Tower with Radar,182,43,49,1,275,0,0,7,0,7,182,43,56,1,282,0,0,0,282
11/09/2021,JAX,FL,ASO,ES,Combined TRACON& Tower with Radar,170,21,36,10,237,0,8,3,6,17,170,29,39,16,254,0,68,68,322
11/10/2021,JAX,FL,ASO,ES,Combined TRACON& Tower with Radar,187,29,42,16,274,0,1,8,5,14,187,30,50,21,288,0,104,104,392
11/11/2021,JAX,FL,ASO,ES,Combined TRACON& Tower with Radar,186,38,69,0,293,0,0,4,0,4,186,38,73,0,297,0,0,0,297
11/12/2021,JAX,FL,ASO,ES,Combined TRACON& Tower with Radar,198,39,34,12,283,0,0,2,4,6,198,39,36,16,289,0,0,0,289
11/13/2021,JAX,FL,ASO,ES,Combined TRACON& Tower with Radar,148,23,33,0,204,0,0,8,0,8,148,23,41,0,212,0,0,0,212
11/14/2021,JAX,FL,ASO,ES,Combined TRACON& Tower with Radar,179,30,28,0,237,0,0,4,0,4,179,30,32,0,241,0,0,0,241
11/15/2021,JAX,FL,ASO,ES,Combined TRACON& Tower with Radar,189,40,32,6,267,0,7,6,1,14,189,47,38,7,281,2,2,4,285
11/16/2021,JAX,FL,ASO,ES,Combined TRACON& Tower with Radar,171,32,49,8,260,0,6,11,14,31,171,38,60,22,291,0,164,164,455
11/17/2021,JAX,FL,ASO,ES,Combined TRACON& Tower with Radar,186,48,48,20,302,0,4,8,7,19,186,52,56,27,321,0,93,93,414
11/18/2021,JAX,FL,ASO,ES,Combined TRACON& Tower with Radar,190,43,69,23,325,0,2,6,0,8,190,45,75,23,333,0,44,44,377
11/19/2021,JAX,FL,ASO,ES,Combined TRACON& Tower with Radar,197,54,46,9,306,0,0,4,1,5,197,54,50,10,311,0,0,0,311
11/20/2021,JAX,FL,ASO,ES,Combined TRACON& Tower with Radar,158,36,29,4,227,0,1,9,0,10,158,37,38,4,237,0,0,0,237
11/21/2021,JAX,FL,ASO,ES,Combined TRACON& Tower with Radar,181,43,42,0,266,0,0,5,0,5,181,43,47,0,271,0,0,0,271
11/22/2021,JAX,FL,ASO,ES,Combined TRACON& Tower with Radar,187,30,42,10,269,0,0,4,1,5,187,30,46,11,274,0,0,0,274
11/23/2021,JAX,FL,ASO,ES,Combined TRACON& Tower with Radar,193,40,33,20,286,0,3,15,10,28,193,43,48,30,314,0,6,6,320
11/24/2021,JAX,FL,ASO,ES,Combined TRACON& Tower with Radar,212,38,34,4,288,0,4,18,2,24,212,42,52,6,312,0,0,0,312
11/25/2021,JAX,FL,ASO,ES,Combined TRACON& Tower with Radar,103,7,11,0,121,0,1,6,0,7,103,8,17,0,128,0,0,0,128
11/26/2021,JAX,FL,ASO,ES,Combined TRACON& Tower with Radar,143,27,12,0,182,0,0,1,0,1,143,27,13,0,183,0,0,0,183
11/27/2021,JAX,FL,ASO,ES,Combined TRACON& Tower with Radar,184,27,28,0,239,0,2,12,0,14,184,29,40,0,253,0,0,0,253
11/28/2021,JAX,FL,ASO,ES,Combined TRACON& Tower with Radar,193,31,34,0,258,0,0,7,0,7,193,31,41,0,265,0,0,0,265
11/29/2021,JAX,FL,ASO,ES,Combined TRACON& Tower with Radar,197,39,34,15,285,0,6,12,5,23,197,45,46,20,308,0,0,0,308
11/30/2021,JAX,FL,ASO,ES,Combined TRACON& Tower with Radar,184,46,35,20,285,0,2,10,5,17,184,48,45,25,302,0,20,20,322
12/01/2021,JAX,FL,ASO,ES,Combined TRACON& Tower with Radar,183,51,35,12,281,0,3,18,8,29,183,54,53,20,310,0,48,48,358
12/02/2021,JAX,FL,ASO,ES,Combined TRACON& Tower with Radar,197,40,31,32,300,0,4,12,11,27,197,44,43,43,327,0,39,39,366
12/03/2021,JAX,FL,ASO,ES,Combined TRACON& Tower with Radar,208,20,28,13,269,0,0,8,4,12,208,20,36,17,281,0,6,6,287
12/04/2021,JAX,FL,ASO,ES,Combined TRACON& Tower with Radar,152,11,14,4,181,0,0,4,2,6,152,11,18,6,187,0,0,0,187
12/05/2021,JAX,FL,ASO,ES,Combined TRACON& Tower with Radar,183,17,30,1,231,0,0,1,0,1,183,17,31,1,232,0,0,0,232
12/06/2021,JAX,FL,ASO,ES,Combined TRACON& Tower with Radar,186,28,38,17,269,0,0,3,6,9,186,28,41,23,278,0,36,36,314
12/07/2021,JAX,FL,ASO,ES,Combined TRACON& Tower with Radar,172,50,48,25,295,0,0,6,6,12,172,50,54,31,307,0,106,106,413
12/08/2021,JAX,FL,ASO,ES,Combined TRACON& Tower with Radar,181,28,29,39,277,0,0,0,2,2,181,28,29,41,279,0,8,8,287
12/09/2021,JAX,FL,ASO,ES,Combined TRACON& Tower with Radar,194,48,40,22,304,0,0,0,0,0,194,48,40,22,304,0,0,0,304
12/10/2021,JAX,FL,ASO,ES,Combined TRACON& Tower with Radar,201,57,42,19,319,0,1,3,3,7,201,58,45,22,326,0,0,0,326
12/11/2021,JAX,FL,ASO,ES,Combined TRACON& Tower with Radar,145,23,22,0,190,0,1,9,0,10,145,24,31,0,200,0,0,0,200
12/12/2021,JAX,FL,ASO,ES,Combined TRACON& Tower with Radar,181,29,37,0,247,0,0,3,0,3,181,29,40,0,250,0,0,0,250
12/13/2021,JAX,FL,ASO,ES,Combined TRACON& Tower with Radar,186,31,60,0,277,0,0,6,0,6,186,31,66,0,283,4,0,4,287
12/14/2021,JAX,FL,ASO,ES,Combined TRACON& Tower with Radar,172,48,44,10,274,0,0,1,0,1,172,48,45,10,275,0,0,0,275
12/15/2021,JAX,FL,ASO,ES,Combined TRACON& Tower with Radar,179,36,59,7,281,0,0,5,1,6,179,36,64,8,287,0,0,0,287
12/16/2021,JAX,FL,ASO,ES,Combined TRACON& Tower with Radar,186,56,45,14,301,0,0,2,3,5,186,56,47,17,306,0,0,0,306
12/17/2021,JAX,FL,ASO,ES,Combined TRACON& Tower with Radar,199,52,39,1,291,0,0,4,0,4,199,52,43,1,295,0,0,0,295
12/18/2021,JAX,FL,ASO,ES,Combined TRACON& Tower with Radar,167,22,19,0,208,0,0,2,0,2,167,22,21,0,210,0,0,0,210
12/19/2021,JAX,FL,ASO,ES,Combined TRACON& Tower with Radar,180,28,36,1,245,0,0,3,1,4,180,28,39,2,249,0,0,0,249
12/20/2021,JAX,FL,ASO,ES,Combined TRACON& Tower with Radar,182,29,32,6,249,0,0,0,0,0,182,29,32,6,249,0,0,0,249
12/21/2021,JAX,FL,ASO,ES,Combined TRACON& Tower with Radar,198,30,27,4,259,0,0,0,0,0,198,30,27,4,259,0,0,0,259
12/22/2021,JAX,FL,ASO,ES,Combined TRACON& Tower with Radar,201,32,42,0,275,0,1,7,0,8,201,33,49,0,283,0,0,0,283
12/23/2021,JAX,FL,ASO,ES,Combined TRACON& Tower with Radar,194,18,14,6,232,0,2,16,4,22,194,20,30,10,254,0,10,10,264
12/24/2021,JAX,FL,ASO,ES,Combined TRACON& Tower with Radar,154,22,17,0,193,0,0,4,1,5,154,22,21,1,198,6,0,6,204
12/25/2021,JAX,FL,ASO,ES,Combined TRACON& Tower with Radar,122,12,5,0,139,0,0,0,0,0,122,12,5,0,139,0,0,0,139
12/26/2021,JAX,FL,ASO,ES,Combined TRACON& Tower with Radar,163,38,37,2,240,0,0,5,0,5,163,38,42,2,245,0,0,0,245
12/27/2021,JAX,FL,ASO,ES,Combined TRACON& Tower with Radar,181,17,25,1,224,0,0,11,1,12,181,17,36,2,236,0,0,0,236
12/28/2021,JAX,FL,ASO,ES,Combined TRACON& Tower with Radar,184,36,35,4,259,0,2,9,0,11,184,38,44,4,270,0,0,0,270
12/29/2021,JAX,FL,ASO,ES,Combined TRACON& Tower with Radar,187,29,20,3,239,0,0,1,2,3,187,29,21,5,242,2,22,24,266
12/30/2021,JAX,FL,ASO,ES,Combined TRACON& Tower with Radar,174,31,28,0,233,0,0,7,0,7,174,31,35,0,240,0,0,0,240
12/31/2021,JAX,FL,ASO,ES,Combined TRACON& Tower with Radar,158,18,19,0,195,0,0,9,0,9,158,18,28,0,204,0,0,0,204
01/01/2022,JAX,FL,ASO,ES,Combined TRACON& Tower with Radar,128,15,17,0,160,0,0,5,1,6,128,15,22,1,166,6,0,6,172
01/02/2022,JAX,FL,ASO,ES,Combined TRACON& Tower with Radar,152,43,34,0,229,0,0,8,0,8,152,43,42,0,237,0,0,0,237
01/03/2022,JAX,FL,ASO,ES,Combined TRACON& Tower with Radar,157,38,35,1,231,0,0,11,0,11,157,38,46,1,242,0,0,0,242
01/04/2022,JAX,FL,ASO,ES,Combined TRACON& Tower with Radar,148,30,27,0,205,0,5,15,0,20,148,35,42,0,225,4,0,4,229
01/05/2022,JAX,FL,ASO,ES,Combined TRACON& Tower with Radar,170,30,26,9,235,0,0,4,1,5,170,30,30,10,240,0,0,0,240
01/06/2022,JAX,FL,ASO,ES,Combined TRACON& Tower with Radar,164,27,42,8,241,0,3,18,7,28,164,30,60,15,269,0,8,8,277
01/07/2022,JAX,FL,ASO,ES,Combined TRACON& Tower with Radar,152,31,21,5,209,0,0,14,1,15,152,31,35,6,224,0,0,0,224
01/08/2022,JAX,FL,ASO,ES,Combined TRACON& Tower with Radar,124,24,11,3,162,0,0,21,1,22,124,24,32,4,184,0,0,0,184
01/09/2022,JAX,FL,ASO,ES,Combined TRACON& Tower with Radar,172,35,17,0,224,0,0,3,0,3,172,35,20,0,227,0,0,0,227
01/10/2022,JAX,FL,ASO,ES,Combined TRACON& Tower with Radar,172,25,38,22,257,0,0,0,0,0,172,25,38,22,257,0,0,0,257
01/11/2022,JAX,FL,ASO,ES,Combined TRACON& Tower with Radar,158,25,29,14,226,0,3,26,1,30,158,28,55,15,256,0,20,20,276
01/12/2022,JAX,FL,ASO,ES,Combined TRACON& Tower with Radar,174,20,17,3,214,0,2,19,5,26,174,22,36,8,240,0,0,0,240
01/13/2022,JAX,FL,ASO,ES,Combined TRACON& Tower with Radar,179,26,28,2,235,0,0,10,2,12,179,26,38,4,247,12,54,66,313
01/14/2022,JAX,FL,ASO,ES,Combined TRACON& Tower with Radar,180,32,36,3,251,0,0,15,1,16,180,32,51,4,267,0,0,0,267
01/15/2022,JAX,FL,ASO,ES,Combined TRACON& Tower with Radar,122,18,15,2,157,0,0,6,1,7,122,18,21,3,164,0,0,0,164
01/16/2022,JAX,FL,ASO,ES,Combined TRACON& Tower with Radar,126,15,10,0,151,0,0,0,0,0,126,15,10,0,151,0,0,0,151
01/17/2022,JAX,FL,ASO,ES,Combined TRACON& Tower with Radar,164,28,29,0,221,0,0,3,0,3,164,28,32,0,224,0,0,0,224
01/18/2022,JAX,FL,ASO,ES,Combined TRACON& Tower with Radar,160,31,48,0,239,0,0,9,0,9,160,31,57,0,248,6,0,6,254
01/19/2022,JAX,FL,ASO,ES,Combined TRACON& Tower with Radar,170,45,44,3,262,0,0,15,2,17,170,45,59,5,279,8,0,8,287
01/20/2022,JAX,FL,ASO,ES,Combined TRACON& Tower with Radar,180,43,55,23,301,0,4,12,2,18,180,47,67,25,319,0,0,0,319
01/21/2022,JAX,FL,ASO,ES,Combined TRACON& Tower with Radar,189,26,30,12,257,0,0,0,0,0,189,26,30,12,257,0,0,0,257
01/22/2022,JAX,FL,ASO,ES,Combined TRACON& Tower with Radar,126,12,14,0,152,0,0,0,0,0,126,12,14,0,152,0,0,0,152
01/23/2022,JAX,FL,ASO,ES,Combined TRACON& Tower with Radar,164,18,18,2,202,0,0,5,0,5,164,18,23,2,207,0,0,0,207
01/24/2022,JAX,FL,ASO,ES,Combined TRACON& Tower with Radar,174,33,28,10,245,0,0,10,0,10,174,33,38,10,255,0,0,0,255
01/25/2022,JAX,FL,ASO,ES,Combined TRACON& Tower with Radar,167,41,43,7,258,0,0,4,1,5,167,41,47,8,263,0,0,0,263
01/26/2022,JAX,FL,ASO,ES,Combined TRACON& Tower with Radar,173,25,57,12,267,0,0,0,0,0,173,25,57,12,267,0,0,0,267
01/27/2022,JAX,FL,ASO,ES,Combined TRACON& Tower with Radar,181,42,49,10,282,0,0,7,0,7,181,42,56,10,289,0,0,0,289
01/28/2022,JAX,FL,ASO,ES,Combined TRACON& Tower with Radar,181,31,27,5,244,0,0,14,0,14,181,31,41,5,258,0,0,0,258
01/29/2022,JAX,FL,ASO,ES,Combined TRACON& Tower with Radar,107,20,7,0,134,0,2,2,0,4,107,22,9,0,138,0,20,20,158
01/30/2022,JAX,FL,ASO,ES,Combined TRACON& Tower with Radar,148,22,26,0,196,0,0,13,0,13,148,22,39,0,209,0,0,0,209
01/31/2022,JAX,FL,ASO,ES,Combined TRACON& Tower with Radar,175,32,39,10,256,0,2,16,4,22,175,34,55,14,278,24,26,50,328
02/01/2022,JAX,FL,ASO,ES,Combined TRACON& Tower with Radar,163,40,36,7,246,0,2,5,2,9,163,42,41,9,255,2,0,2,257
02/02/2022,JAX,FL,ASO,ES,Combined TRACON& Tower with Radar,166,17,50,15,248,0,0,16,2,18,166,17,66,17,266,0,38,38,304
02/03/2022,JAX,FL,ASO,ES,Combined TRACON& Tower with Radar,160,39,30,9,238,0,3,8,7,18,160,42,38,16,256,0,0,0,256
02/04/2022,JAX,FL,ASO,ES,Combined TRACON& Tower with Radar,138,15,33,24,210,0,0,3,3,6,138,15,36,27,216,0,44,44,260
02/05/2022,JAX,FL,ASO,ES,Combined TRACON& Tower with Radar,117,12,24,5,158,0,0,7,1,8,117,12,31,6,166,0,0,0,166
02/06/2022,JAX,FL,ASO,ES,Combined TRACON& Tower with Radar,160,20,16,4,200,0,1,0,0,1,160,21,16,4,201,0,0,0,201
02/07/2022,JAX,FL,ASO,ES,Combined TRACON& Tower with Radar,170,38,29,4,241,0,0,2,0,2,170,38,31,4,243,0,0,0,243
02/08/2022,JAX,FL,ASO,ES,Combined TRACON& Tower with Radar,164,34,27,12,237,0,0,0,0,0,164,34,27,12,237,0,0,0,237
02/09/2022,JAX,FL,ASO,ES,Combined TRACON& Tower with Radar,176,35,38,4,253,0,3,6,4,13,176,38,44,8,266,0,16,16,282
02/10/2022,JAX,FL,ASO,ES,Combined TRACON& Tower with Radar,177,45,33,3,258,0,0,10,0,10,177,45,43,3,268,0,22,22,290
02/11/2022,JAX,FL,ASO,ES,Combined TRACON& Tower with Radar,181,38,27,13,259,0,4,11,0,15,181,42,38,13,274,0,0,0,274
02/12/2022,JAX,FL,ASO,ES,Combined TRACON& Tower with Radar,134,13,15,5,167,0,0,2,0,2,134,13,17,5,169,0,0,0,169
02/13/2022,JAX,FL,ASO,ES,Combined TRACON& Tower with Radar,143,21,25,2,191,0,0,3,0,3,143,21,28,2,194,0,0,0,194
02/14/2022,JAX,FL,ASO,ES,Combined TRACON& Tower with Radar,172,40,25,2,239,0,1,27,0,28,172,41,52,2,267,0,0,0,267
02/15/2022,JAX,FL,ASO,ES,Combined TRACON& Tower with Radar,170,29,25,8,232,0,0,10,1,11,170,29,35,9,243,0,20,20,263
02/16/2022,JAX,FL,ASO,ES,Combined TRACON& Tower with Radar,176,34,33,13,256,0,3,16,6,25,176,37,49,19,281,2,104,106,387
02/17/2022,JAX,FL,ASO,ES,Combined TRACON& Tower with Radar,183,59,33,19,294,0,0,6,5,11,183,59,39,24,305,0,90,90,395
02/18/2022,JAX,FL,ASO,ES,Combined TRACON& Tower with Radar,193,39,25,0,257,0,0,3,0,3,193,39,28,0,260,0,0,0,260
02/19/2022,JAX,FL,ASO,ES,Combined TRACON& Tower with Radar,141,24,26,0,191,0,1,7,0,8,141,25,33,0,199,0,0,0,199
02/20/2022,JAX,FL,ASO,ES,Combined TRACON& Tower with Radar,163,32,29,0,224,0,1,12,0,13,163,33,41,0,237,0,0,0,237
02/21/2022,JAX,FL,ASO,ES,Combined TRACON& Tower with Radar,181,57,46,0,284,0,2,24,2,28,181,59,70,2,312,0,0,0,312
02/22/2022,JAX,FL,ASO,ES,Combined TRACON& Tower with Radar,183,36,53,53,325,0,4,13,7,24,183,40,66,60,349,4,28,32,381
02/23/2022,JAX,FL,ASO,ES,Combined TRACON& Tower with Radar,190,42,44,10,286,0,2,12,1,15,190,44,56,11,301,0,12,12,313
02/24/2022,JAX,FL,ASO,ES,Combined TRACON& Tower with Radar,184,63,42,33,322,0,2,11,1,14,184,65,53,34,336,0,0,0,336
02/25/2022,JAX,FL,ASO,ES,Combined TRACON& Tower with Radar,170,44,30,26,270,0,1,6,3,10,170,45,36,29,280,0,0,0,280
02/26/2022,JAX,FL,ASO,ES,Combined TRACON& Tower with Radar,147,29,19,0,195,0,4,10,1,15,147,33,29,1,210,0,0,0,210
02/27/2022,JAX,FL,ASO,ES,Combined TRACON& Tower with Radar,173,24,46,1,244,0,0,11,0,11,173,24,57,1,255,0,0,0,255
02/28/2022,JAX,FL,ASO,ES,Combined TRACON& Tower with Radar,185,30,40,2,257,0,0,0,0,0,185,30,40,2,257,0,0,0,257
03/01/2022,JAX,FL,ASO,ES,Combined TRACON& Tower with Radar,178,20,34,34,266,0,2,2,8,12,178,22,36,42,278,0,0,0,278
03/02/2022,JAX,FL,ASO,ES,Combined TRACON& Tower with Radar,182,40,49,0,271,0,3,10,0,13,182,43,59,0,284,8,0,8,292
03/03/2022,JAX,FL,ASO,ES,Combined TRACON& Tower with Radar,183,30,51,11,275,0,0,9,1,10,183,30,60,12,285,0,54,54,339
03/04/2022,JAX,FL,ASO,ES,Combined TRACON& Tower with Radar,188,44,38,20,290,0,0,8,0,8,188,44,46,20,298,0,0,0,298
03/05/2022,JAX,FL,ASO,ES,Combined TRACON& Tower with Radar,144,42,45,1,232,0,0,11,1,12,144,42,56,2,244,0,0,0,244
03/06/2022,JAX,FL,ASO,ES,Combined TRACON& Tower with Radar,172,52,44,0,268,0,0,10,0,10,172,52,54,0,278,0,0,0,278
03/07/2022,JAX,FL,ASO,ES,Combined TRACON& Tower with Radar,176,49,38,13,276,0,0,9,0,9,176,49,47,13,285,0,0,0,285
03/08/2022,JAX,FL,ASO,ES,Combined TRACON& Tower with Radar,171,40,46,7,264,0,0,0,6,6,171,40,46,13,270,0,32,32,302
03/09/2022,JAX,FL,ASO,ES,Combined TRACON& Tower with Radar,175,56,44,9,284,0,0,1,8,9,175,56,45,17,293,0,72,72,365
03/10/2022,JAX,FL,ASO,ES,Combined TRACON& Tower with Radar,183,54,51,7,295,0,2,0,4,6,183,56,51,11,301,0,42,42,343
03/11/2022,JAX,FL,ASO,ES,Combined TRACON& Tower with Radar,183,44,26,0,253,0,0,0,0,0,183,44,26,0,253,0,0,0,253
03/12/2022,JAX,FL,ASO,ES,Combined TRACON& Tower with Radar,164,21,24,0,209,0,0,0,0,0,164,21,24,0,209,0,0,0,209
03/13/2022,JAX,FL,ASO,ES,Combined TRACON& Tower with Radar,165,51,43,0,259,0,1,6,0,7,165,52,49,0,266,0,0,0,266
03/14/2022,JAX,FL,ASO,ES,Combined TRACON& Tower with Radar,178,63,30,3,274,0,2,8,4,14,178,65,38,7,288,0,74,74,362
03/15/2022,JAX,FL,ASO,ES,Combined TRACON& Tower with Radar,170,47,23,8,248,0,1,7,3,11,170,48,30,11,259,0,0,0,259
03/16/2022,JAX,FL,ASO,ES,Combined TRACON& Tower with Radar,183,41,42,3,269,0,0,3,7,10,183,41,45,10,279,0,28,28,307
03/17/2022,JAX,FL,ASO,ES,Combined TRACON& Tower with Radar,180,44,29,5,258,0,3,3,6,12,180,47,32,11,270,0,48,48,318
03/18/2022,JAX,FL,ASO,ES,Combined TRACON& Tower with Radar,184,34,40,0,258,0,0,6,2,8,184,34,46,2,266,0,0,0,266
03/19/2022,JAX,FL,ASO,ES,Combined TRACON& Tower with Radar,156,42,31,0,229,0,2,2,0,4,156,44,33,0,233,0,0,0,233
03/20/2022,JAX,FL,ASO,ES,Combined TRACON& Tower with Radar,185,33,39,0,257,0,0,3,0,3,185,33,42,0,260,0,0,0,260
03/21/2022,JAX,FL,ASO,ES,Combined TRACON& Tower with Radar,181,26,45,0,252,0,4,6,0,10,181,30,51,0,262,0,6,6,268
03/22/2022,JAX,FL,ASO,ES,Combined TRACON& Tower with Radar,167,28,42,5,242,0,4,2,1,7,167,32,44,6,249,0,0,0,249
03/23/2022,JAX,FL,ASO,ES,Combined TRACON& Tower with Radar,173,34,27,11,245,0,0,2,4,6,173,34,29,15,251,0,0,0,251
03/24/2022,JAX,FL,ASO,ES,Combined TRACON& Tower with Radar,186,42,46,2,276,0,0,0,0,0,186,42,46,2,276,0,0,0,276
03/25/2022,JAX,FL,ASO,ES,Combined TRACON& Tower with Radar,192,34,46,9,281,0,0,7,1,8,192,34,53,10,289,6,0,6,295
03/26/2022,JAX,FL,ASO,ES,Combined TRACON& Tower with Radar,151,28,21,0,200,0,1,2,0,3,151,29,23,0,203,0,0,0,203
03/27/2022,JAX,FL,ASO,ES,Combined TRACON& Tower with Radar,177,44,42,0,263,0,0,11,0,11,177,44,53,0,274,0,0,0,274
03/28/2022,JAX,FL,ASO,ES,Combined TRACON& Tower with Radar,183,23,41,5,252,0,2,5,2,9,183,25,46,7,261,0,46,46,307
03/29/2022,JAX,FL,ASO,ES,Combined TRACON& Tower with Radar,171,47,45,17,280,0,0,6,2,8,171,47,51,19,288,0,40,40,328
03/30/2022,JAX,FL,ASO,ES,Combined TRACON& Tower with Radar,167,53,51,3,274,0,0,5,3,8,167,53,56,6,282,0,48,48,330
03/31/2022,JAX,FL,ASO,ES,Combined TRACON& Tower with Radar,175,36,29,19,259,0,0,0,0,0,175,36,29,19,259,0,0,0,259
04/01/2022,JAX,FL,ASO,ES,Combined TRACON& Tower with Radar,200,41,29,8,278,0,1,3,3,7,200,42,32,11,285,0,22,22,307
04/02/2022,JAX,FL,ASO,ES,Combined TRACON& Tower with Radar,140,17,36,1,194,0,1,6,0,7,140,18,42,1,201,0,0,0,201
04/03/2022,JAX,FL,ASO,ES,Combined TRACON& Tower with Radar,167,34,44,3,248,0,0,4,0,4,167,34,48,3,252,0,0,0,252
04/04/2022,JAX,FL,ASO,ES,Combined TRACON& Tower with Radar,169,56,29,8,262,0,0,17,4,21,169,56,46,12,283,0,50,50,333
04/05/2022,JAX,FL,ASO,ES,Combined TRACON& Tower with Radar,175,63,40,5,283,0,0,4,1,5,175,63,44,6,288,0,0,0,288
04/06/2022,JAX,FL,ASO,ES,Combined TRACON& Tower with Radar,169,52,57,4,282,0,0,3,5,8,169,52,60,9,290,0,39,39,329
04/07/2022,JAX,FL,ASO,ES,Combined TRACON& Tower with Radar,192,33,50,0,275,1,0,7,1,9,193,33,57,1,284,0,0,0,284
04/08/2022,JAX,FL,ASO,ES,Combined TRACON& Tower with Radar,187,52,46,21,306,0,0,8,2,10,187,52,54,23,316,0,16,16,332
04/09/2022,JAX,FL,ASO,ES,Combined TRACON& Tower with Radar,140,33,32,0,205,0,0,14,0,14,140,33,46,0,219,0,0,0,219
04/10/2022,JAX,FL,ASO,ES,Combined TRACON& Tower with Radar,171,49,54,2,276,0,0,21,0,21,171,49,75,2,297,20,0,20,317
04/11/2022,JAX,FL,ASO,ES,Combined TRACON& Tower with Radar,180,41,40,9,270,0,0,10,7,17,180,41,50,16,287,0,0,0,287
04/12/2022,JAX,FL,ASO,ES,Combined TRACON& Tower with Radar,170,39,42,3,254,0,0,12,0,12,170,39,54,3,266,0,0,0,266
04/13/2022,JAX,FL,ASO,ES,Combined TRACON& Tower with Radar,176,57,43,9,285,0,1,6,2,9,176,58,49,11,294,0,0,0,294
04/14/2022,JAX,FL,ASO,ES,Combined TRACON& Tower with Radar,178,61,45,7,291,0,0,7,1,8,178,61,52,8,299,0,0,0,299
04/15/2022,JAX,FL,ASO,ES,Combined TRACON& Tower with Radar,194,40,41,4,279,0,0,1,2,3,194,40,42,6,282,0,0,0,282
04/16/2022,JAX,FL,ASO,ES,Combined TRACON& Tower with Radar,134,33,26,4,197,0,1,5,0,6,134,34,31,4,203,0,0,0,203
04/17/2022,JAX,FL,ASO,ES,Combined TRACON& Tower with Radar,167,14,14,0,195,0,0,2,0,2,167,14,16,0,197,0,0,0,197
04/18/2022,JAX,FL,ASO,ES,Combined TRACON& Tower with Radar,184,41,42,10,277,0,5,8,0,13,184,46,50,10,290,0,0,0,290
04/19/2022,JAX,FL,ASO,ES,Combined TRACON& Tower with Radar,175,43,25,23,266,0,2,8,4,14,175,45,33,27,280,6,0,6,286
04/20/2022,JAX,FL,ASO,ES,Combined TRACON& Tower with Radar,175,33,39,16,263,0,6,10,5,21,175,39,49,21,284,6,104,110,394
04/21/2022,JAX,FL,ASO,ES,Combined TRACON& Tower with Radar,185,45,43,7,280,0,0,6,2,8,185,45,49,9,288,0,36,36,324
04/22/2022,JAX,FL,ASO,ES,Combined TRACON& Tower with Radar,192,44,30,3,269,0,0,1,0,1,192,44,31,3,270,0,0,0,270
04/23/2022,JAX,FL,ASO,ES,Combined TRACON& Tower with Radar,132,38,21,14,205,0,0,1,0,1,132,38,22,14,206,0,0,0,206
04/24/2022,JAX,FL,ASO,ES,Combined TRACON& Tower with Radar,175,43,50,2,270,0,1,17,0,18,175,44,67,2,288,0,0,0,288
04/25/2022,JAX,FL,ASO,ES,Combined TRACON& Tower with Radar,180,34,32,8,254,0,2,13,12,27,180,36,45,20,281,0,0,0,281
04/26/2022,JAX,FL,ASO,ES,Combined TRACON& Tower with Radar,177,37,54,14,282,0,0,6,3,9,177,37,60,17,291,0,28,28,319
04/27/2022,JAX,FL,ASO,ES,Combined TRACON& Tower with Radar,168,36,38,13,255,0,0,4,2,6,168,36,42,15,261,0,0,0,261
04/28/2022,JAX,FL,ASO,ES,Combined TRACON& Tower with Radar,187,51,46,18,302,0,0,8,1,9,187,51,54,19,311,0,0,0,311
04/29/2022,JAX,FL,ASO,ES,Combined TRACON& Tower with Radar,191,35,46,2,274,0,0,13,2,15,191,35,59,4,289,0,6,6,295
04/30/2022,JAX,FL,ASO,ES,Combined TRACON& Tower with Radar,137,26,32,12,207,0,0,11,0,11,137,26,43,12,218,0,0,0,218
05/01/2022,JAX,FL,ASO,ES,Combined TRACON& Tower with Radar,181,31,33,0,245,0,0,8,0,8,181,31,41,0,253,0,0,0,253
05/02/2022,JAX,FL,ASO,ES,Combined TRACON& Tower with Radar,178,43,51,12,284,0,2,6,25,33,178,45,57,37,317,0,0,0,317
05/03/2022,JAX,FL,ASO,ES,Combined TRACON& Tower with Radar,179,58,43,30,310,0,3,5,5,13,179,61,48,35,323,0,0,0,323
05/04/2022,JAX,FL,ASO,ES,Combined TRACON& Tower with Radar,170,33,44,17,264,0,2,9,5,16,170,35,53,22,280,0,0,0,280
05/05/2022,JAX,FL,ASO,ES,Combined TRACON& Tower with Radar,195,50,40,16,301,0,0,11,7,18,195,50,51,23,319,0,88,88,407
05/06/2022,JAX,FL,ASO,ES,Combined TRACON& Tower with Radar,195,54,46,1,296,0,0,8,1,9,195,54,54,2,305,0,0,0,305
05/07/2022,JAX,FL,ASO,ES,Combined TRACON& Tower with Radar,156,21,16,0,193,0,0,15,0,15,156,21,31,0,208,0,0,0,208
05/08/2022,JAX,FL,ASO,ES,Combined TRACON& Tower with Radar,183,24,31,0,238,0,1,8,0,9,183,25,39,0,247,0,0,0,247
05/09/2022,JAX,FL,ASO,ES,Combined TRACON& Tower with Radar,188,36,44,5,273,0,2,14,3,19,188,38,58,8,292,0,6,6,298
05/10/2022,JAX,FL,ASO,ES,Combined TRACON& Tower with Radar,185,31,29,6,251,0,4,3,0,7,185,35,32,6,258,0,2,2,260
05/11/2022,JAX,FL,ASO,ES,Combined TRACON& Tower with Radar,181,31,30,4,246,0,2,3,7,12,181,33,33,11,258,0,20,20,278
05/12/2022,JAX,FL,ASO,ES,Combined TRACON& Tower with Radar,192,51,40,5,288,0,0,6,0,6,192,51,46,5,294,0,0,0,294
05/13/2022,JAX,FL,ASO,ES,Combined TRACON& Tower with Radar,199,49,49,10,307,0,2,8,8,18,199,51,57,18,325,0,0,0,325
05/14/2022,JAX,FL,ASO,ES,Combined TRACON& Tower with Radar,148,15,23,8,194,0,0,1,1,2,148,15,24,9,196,6,12,18,214
05/15/2022,JAX,FL,ASO,ES,Combined TRACON& Tower with Radar,184,41,31,7,263,0,0,4,6,10,184,41,35,13,273,0,0,0,273
05/16/2022,JAX,FL,ASO,ES,Combined TRACON& Tower with Radar,173,31,33,16,253,0,0,14,34,48,173,31,47,50,301,0,0,0,301
05/17/2022,JAX,FL,ASO,ES,Combined TRACON& Tower with Radar,181,40,28,23,272,0,0,17,9,26,181,40,45,32,298,0,12,12,310
05/18/2022,JAX,FL,ASO,ES,Combined TRACON& Tower with Radar,180,30,51,17,278,0,0,9,15,24,180,30,60,32,302,0,46,46,348
05/19/2022,JAX,FL,ASO,ES,Combined TRACON& Tower with Radar,199,51,36,7,293,0,1,12,3,16,199,52,48,10,309,0,0,0,309
05/20/2022,JAX,FL,ASO,ES,Combined TRACON& Tower with Radar,198,39,51,15,303,0,0,12,3,15,198,39,63,18,318,0,0,0,318
05/21/2022,JAX,FL,ASO,ES,Combined TRACON& Tower with Radar,147,12,25,0,184,0,0,0,0,0,147,12,25,0,184,0,0,0,184
05/22/2022,JAX,FL,ASO,ES,Combined TRACON& Tower with Radar,182,37,41,0,260,0,0,8,0,8,182,37,49,0,268,0,0,0,268
05/23/2022,JAX,FL,ASO,ES,Combined TRACON& Tower with Radar,196,33,46,41,316,0,0,4,14,18,196,33,50,55,334,0,0,0,334
05/24/2022,JAX,FL,ASO,ES,Combined TRACON& Tower with Radar,186,29,48,24,287,0,1,19,9,29,186,30,67,33,316,0,18,18,334
05/25/2022,JAX,FL,ASO,ES,Combined TRACON& Tower with Radar,179,24,43,7,253,0,0,12,5,17,179,24,55,12,270,0,28,28,298
05/26/2022,JAX,FL,ASO,ES,Combined TRACON& Tower with Radar,207,45,45,18,315,0,2,10,5,17,207,47,55,23,332,0,12,12,344
05/27/2022,JAX,FL,ASO,ES,Combined TRACON& Tower with Radar,190,34,38,1,263,0,0,6,0,6,190,34,44,1,269,0,0,0,269
05/28/2022,JAX,FL,ASO,ES,Combined TRACON& Tower with Radar,149,30,10,0,189,0,2,10,0,12,149,32,20,0,201,0,0,0,201
05/29/2022,JAX,FL,ASO,ES,Combined TRACON& Tower with Radar,184,20,23,0,227,0,0,9,0,9,184,20,32,0,236,0,0,0,236
05/30/2022,JAX,FL,ASO,ES,Combined TRACON& Tower with Radar,185,20,22,0,227,0,0,6,0,6,185,20,28,0,233,0,0,0,233
05/31/2022,JAX,FL,ASO,ES,Combined TRACON& Tower with Radar,174,48,29,16,267,0,0,9,3,12,174,48,38,19,279,0,0,0,279
06/01/2022,JAX,FL,ASO,ES,Combined TRACON& Tower with Radar,164,39,61,24,288,0,3,7,2,12,164,42,68,26,300,4,26,30,330
06/02/2022,JAX,FL,ASO,ES,Combined TRACON& Tower with Radar,187,38,23,26,274,0,6,19,3,28,187,44,42,29,302,2,34,36,338
06/03/2022,JAX,FL,ASO,ES,Combined TRACON& Tower with Radar,179,51,37,7,274,0,0,8,5,13,179,51,45,12,287,68,44,112,399
06/04/2022,JAX,FL,ASO,ES,Combined TRACON& Tower with Radar,142,18,15,0,175,0,0,3,0,3,142,18,18,0,178,0,0,0,178
06/05/2022,JAX,FL,ASO,ES,Combined TRACON& Tower with Radar,185,31,29,0,245,0,0,1,0,1,185,31,30,0,246,0,0,0,246
06/06/2022,JAX,FL,ASO,ES,Combined TRACON& Tower with Radar,175,30,31,4,240,0,0,1,2,3,175,30,32,6,243,0,0,0,243
06/07/2022,JAX,FL,ASO,ES,Combined TRACON& Tower with Radar,182,34,32,9,257,0,10,2,4,16,182,44,34,13,273,10,56,66,339
06/08/2022,JAX,FL,ASO,ES,Combined TRACON& Tower with Radar,171,30,38,15,254,0,0,9,4,13,171,30,47,19,267,0,6,6,273
06/09/2022,JAX,FL,ASO,ES,Combined TRACON& Tower with Radar,180,38,39,14,271,0,0,12,12,24,180,38,51,26,295,0,124,124,419
06/10/2022,JAX,FL,ASO,ES,Combined TRACON& Tower with Radar,190,50,36,18,294,0,0,9,4,13,190,50,45,22,307,0,0,0,307
06/11/2022,JAX,FL,ASO,ES,Combined TRACON& Tower with Radar,152,19,28,6,205,0,2,4,4,10,152,21,32,10,215,20,0,20,235
06/12/2022,JAX,FL,ASO,ES,Combined TRACON& Tower with Radar,180,29,31,0,240,0,0,4,2,6,180,29,35,2,246,20,0,20,266
06/13/2022,JAX,FL,ASO,ES,Combined TRACON& Tower with Radar,182,40,29,0,251,0,2,8,0,10,182,42,37,0,261,23,0,23,284
06/14/2022,JAX,FL,ASO,ES,Combined TRACON& Tower with Radar,176,35,31,30,272,0,5,7,8,20,176,40,38,38,292,6,92,98,390
06/15/2022,JAX,FL,ASO,ES,Combined TRACON& Tower with Radar,183,22,49,28,282,0,2,8,8,18,183,24,57,36,300,0,58,58,358
06/16/2022,JAX,FL,ASO,ES,Combined TRACON& Tower with Radar,166,42,35,14,257,0,2,7,2,11,166,44,42,16,268,0,4,4,272
06/17/2022,JAX,FL,ASO,ES,Combined TRACON& Tower with Radar,187,51,37,7,282,0,0,8,5,13,187,51,45,12,295,0,0,0,295
06/18/2022,JAX,FL,ASO,ES,Combined TRACON& Tower with Radar,142,18,15,0,175,0,0,3,0,3,142,18,18,0,178,0,0,0,178
06/19/2022,JAX,FL,ASO,ES,Combined TRACON& Tower with Radar,185,31,29,0,245,0,0,1,0,1,185,31,30,0,246,4,0,4,250
06/20/2022,JAX,FL,ASO,ES,Combined TRACON& Tower with Radar,175,30,31,4,240,0,0,1,2,3,175,30,32,6,243,0,0,0,243
06/21/2022,JAX,FL,ASO,ES,Combined TRACON& Tower with Radar,182,34,32,9,257,0,10,2,4,16,182,44,34,13,273,0,54,54,327
06/22/2022,JAX,FL,ASO,ES,Combined TRACON& Tower with Radar,171,30,38,15,254,0,0,9,4,13,171,30,47,19,267,0,38,38,305
06/23/2022,JAX,FL,ASO,ES,Combined TRACON& Tower with Radar,181,48,39,3,271,0,2,6,7,15,181,50,45,10,286,2,94,96,382
06/24/2022,JAX,FL,ASO,ES,Combined TRACON& Tower with Radar,201,31,34,21,287,0,0,4,9,13,201,31,38,30,300,2,80,82,382
06/25/2022,JAX,FL,ASO,ES,Combined TRACON& Tower with Radar,149,22,19,0,190,0,0,3,0,3,149,22,22,0,193,0,0,0,193
06/26/2022,JAX,FL,ASO,ES,Combined TRACON& Tower with Radar,175,43,31,6,255,0,0,9,0,9,175,43,40,6,264,0,0,0,264
06/27/2022,JAX,FL,ASO,ES,Combined TRACON& Tower with Radar,173,46,43,6,268,0,0,7,2,9,173,46,50,8,277,0,2,2,279
06/28/2022,JAX,FL,ASO,ES,Combined TRACON& Tower with Radar,180,41,31,23,275,0,1,0,6,7,180,42,31,29,282,0,0,0,282
06/29/2022,JAX,FL,ASO,ES,Combined TRACON& Tower with Radar,170,48,52,28,298,0,0,5,16,21,170,48,57,44,319,0,44,44,363
06/30/2022,JAX,FL,ASO,ES,Combined TRACON& Tower with Radar,194,38,40,7,279,0,0,0,3,3,194,38,40,10,282,0,18,18,300
07/01/2022,JAX,FL,ASO,ES,Combined TRACON& Tower with Radar,187,35,39,11,272,0,1,1,3,5,187,36,40,14,277,0,0,0,277
07/02/2022,JAX,FL,ASO,ES,Combined TRACON& Tower with Radar,147,17,26,0,190,0,0,2,0,2,147,17,28,0,192,0,0,0,192
07/03/2022,JAX,FL,ASO,ES,Combined TRACON& Tower with Radar,169,17,15,0,201,0,0,3,0,3,169,17,18,0,204,2,0,2,206
07/04/2022,JAX,FL,ASO,ES,Combined TRACON& Tower with Radar,178,15,15,0,208,0,0,5,0,5,178,15,20,0,213,0,0,0,213
07/05/2022,JAX,FL,ASO,ES,Combined TRACON& Tower with Radar,165,36,19,7,227,0,2,5,0,7,165,38,24,7,234,0,0,0,234
07/06/2022,JAX,FL,ASO,ES,Combined TRACON& Tower with Radar,167,57,25,9,258,0,0,11,9,20,167,57,36,18,278,6,140,146,424
07/07/2022,JAX,FL,ASO,ES,Combined TRACON& Tower with Radar,181,36,26,5,248,0,0,9,7,16,181,36,35,12,264,0,40,40,304
07/08/2022,JAX,FL,ASO,ES,Combined TRACON& Tower with Radar,200,26,27,5,258,0,0,2,4,6,200,26,29,9,264,0,40,40,304
07/09/2022,JAX,FL,ASO,ES,Combined TRACON& Tower with Radar,154,17,17,0,188,0,2,4,0,6,154,19,21,0,194,6,0,6,200
07/10/2022,JAX,FL,ASO,ES,Combined TRACON& Tower with Radar,179,29,37,0,245,0,0,4,0,4,179,29,41,0,249,0,0,0,249
07/11/2022,JAX,FL,ASO,ES,Combined TRACON& Tower with Radar,189,31,20,0,240,0,3,4,0,7,189,34,24,0,247,0,0,0,247
07/12/2022,JAX,FL,ASO,ES,Combined TRACON& Tower with Radar,174,38,40,16,268,0,0,1,8,9,174,38,41,24,277,0,44,44,321
07/13/2022,JAX,FL,ASO,ES,Combined TRACON& Tower with Radar,172,35,54,13,274,0,0,11,3,14,172,35,65,16,288,0,64,64,352
07/14/2022,JAX,FL,ASO,ES,Combined TRACON& Tower with Radar,189,34,32,2,257,0,0,3,2,5,189,34,35,4,262,0,0,0,262
07/15/2022,JAX,FL,ASO,ES,Combined TRACON& Tower with Radar,190,37,18,8,253,0,0,13,87,100,190,37,31,95,353,0,0,0,353
07/16/2022,JAX,FL,ASO,ES,Combined TRACON& Tower with Radar,155,17,22,0,194,0,0,1,0,1,155,17,23,0,195,0,0,0,195
07/17/2022,JAX,FL,ASO,ES,Combined TRACON& Tower with Radar,177,29,15,0,221,0,0,2,0,2,177,29,17,0,223,0,0,0,223
07/18/2022,JAX,FL,ASO,ES,Combined TRACON& Tower with Radar,174,29,40,1,244,0,2,0,3,5,174,31,40,4,249,0,0,0,249
07/19/2022,JAX,FL,ASO,ES,Combined TRACON& Tower with Radar,177,48,37,8,270,0,2,4,2,8,177,50,41,10,278,12,8,20,298
07/20/2022,JAX,FL,ASO,ES,Combined TRACON& Tower with Radar,177,39,43,9,268,0,0,1,1,2,177,39,44,10,270,0,0,0,270
07/21/2022,JAX,FL,ASO,ES,Combined TRACON& Tower with Radar,182,47,36,24,289,0,1,6,8,15,182,48,42,32,304,0,44,44,348
07/22/2022,JAX,FL,ASO,ES,Combined TRACON& Tower with Radar,194,47,39,14,294,0,1,3,3,7,194,48,42,17,301,0,0,0,301
07/23/2022,JAX,FL,ASO,ES,Combined TRACON& Tower with Radar,149,15,26,0,190,0,2,5,0,7,149,17,31,0,197,0,0,0,197
07/24/2022,JAX,FL,ASO,ES,Combined TRACON& Tower with Radar,175,17,33,0,225,0,0,8,2,10,175,17,41,2,235,0,0,0,235
07/25/2022,JAX,FL,ASO,ES,Combined TRACON& Tower with Radar,169,35,28,20,252,2,2,10,31,45,171,37,38,51,297,0,0,0,297
07/26/2022,JAX,FL,ASO,ES,Combined TRACON& Tower with Radar,191,60,24,19,294,0,4,10,3,17,191,64,34,22,311,0,28,28,339
07/27/2022,JAX,FL,ASO,ES,Combined TRACON& Tower with Radar,170,35,25,22,252,0,2,9,18,29,170,37,34,40,281,0,106,106,387
07/28/2022,JAX,FL,ASO,ES,Combined TRACON& Tower with Radar,181,43,36,21,281,0,0,13,4,17,181,43,49,25,298,0,12,12,310
07/29/2022,JAX,FL,ASO,ES,Combined TRACON& Tower with Radar,184,26,35,25,270,0,1,7,3,11,184,27,42,28,281,0,0,0,281
07/30/2022,JAX,FL,ASO,ES,Combined TRACON& Tower with Radar,153,18,14,0,185,0,1,5,0,6,153,19,19,0,191,0,0,0,191
07/31/2022,JAX,FL,ASO,ES,Combined TRACON& Tower with Radar,173,36,30,0,239,0,0,10,0,10,173,36,40,0,249,0,0,0,249
08/01/2022,JAX,FL,ASO,ES,Combined TRACON& Tower with Radar,185,29,25,6,245,0,1,9,4,14,185,30,34,10,259,0,8,8,267
08/02/2022,JAX,FL,ASO,ES,Combined TRACON& Tower with Radar,174,28,28,9,239,0,1,14,5,20,174,29,42,14,259,10,0,10,269
08/03/2022,JAX,FL,ASO,ES,Combined TRACON& Tower with Radar,166,33,30,6,235,0,0,5,2,7,166,33,35,8,242,0,0,0,242
08/04/2022,JAX,FL,ASO,ES,Combined TRACON& Tower with Radar,179,44,36,16,275,0,1,15,2,18,179,45,51,18,293,0,0,0,293
08/05/2022,JAX,FL,ASO,ES,Combined TRACON& Tower with Radar,174,24,18,25,241,0,0,6,2,8,174,24,24,27,249,34,2,36,285
08/06/2022,JAX,FL,ASO,ES,Combined TRACON& Tower with Radar,153,17,21,12,203,0,0,8,0,8,153,17,29,12,211,0,0,0,211
08/07/2022,JAX,FL,ASO,ES,Combined TRACON& Tower with Radar,170,30,34,0,234,0,4,10,0,14,170,34,44,0,248,0,0,0,248
08/08/2022,JAX,FL,ASO,ES,Combined TRACON& Tower with Radar,183,32,23,2,240,0,0,8,0,8,183,32,31,2,248,0,16,16,264
08/09/2022,JAX,FL,ASO,ES,Combined TRACON& Tower with Radar,173,30,32,23,258,0,3,4,1,8,173,33,36,24,266,4,12,16,282
08/10/2022,JAX,FL,ASO,ES,Combined TRACON& Tower with Radar,170,45,42,13,270,0,1,7,4,12,170,46,49,17,282,0,8,8,290
08/11/2022,JAX,FL,ASO,ES,Combined TRACON& Tower with Radar,179,32,35,20,266,0,0,5,4,9,179,32,40,24,275,0,38,38,313
08/12/2022,JAX,FL,ASO,ES,Combined TRACON& Tower with Radar,190,23,33,9,255,0,0,11,7,18,190,23,44,16,273,0,16,16,289
08/13/2022,JAX,FL,ASO,ES,Combined TRACON& Tower with Radar,149,25,17,7,198,0,0,7,1,8,149,25,24,8,206,0,0,0,206
08/14/2022,JAX,FL,ASO,ES,Combined TRACON& Tower with Radar,181,34,15,1,231,0,0,8,0,8,181,34,23,1,239,0,0,0,239
08/15/2022,JAX,FL,ASO,ES,Combined TRACON& Tower with Radar,172,35,26,2,235,0,0,12,3,15,172,35,38,5,250,0,0,0,250
08/16/2022,JAX,FL,ASO,ES,Combined TRACON& Tower with Radar,167,24,29,8,228,0,2,8,1,11,167,26,37,9,239,2,18,20,259
08/17/2022,JAX,FL,ASO,ES,Combined TRACON& Tower with Radar,172,23,31,3,229,0,1,5,3,9,172,24,36,6,238,0,0,0,238
08/18/2022,JAX,FL,ASO,ES,Combined TRACON& Tower with Radar,181,44,42,8,275,0,0,2,3,5,181,44,44,11,280,0,30,30,310
08/19/2022,JAX,FL,ASO,ES,Combined TRACON& Tower with Radar,187,35,28,8,258,0,3,3,0,6,187,38,31,8,264,4,34,38,302
08/20/2022,JAX,FL,ASO,ES,Combined TRACON& Tower with Radar,151,11,11,0,173,0,2,5,0,7,151,13,16,0,180,0,0,0,180
08/21/2022,JAX,FL,ASO,ES,Combined TRACON& Tower with Radar,162,26,27,0,215,0,0,10,0,10,162,26,37,0,225,0,0,0,225
08/22/2022,JAX,FL,ASO,ES,Combined TRACON& Tower with Radar,170,36,30,2,238,0,0,8,0,8,170,36,38,2,246,0,0,0,246
08/23/2022,JAX,FL,ASO,ES,Combined TRACON& Tower with Radar,183,39,35,11,268,0,0,10,7,17,183,39,45,18,285,0,50,50,335
08/24/2022,JAX,FL,ASO,ES,Combined TRACON& Tower with Radar,172,42,45,2,261,0,0,6,4,10,172,42,51,6,271,0,0,0,271
08/25/2022,JAX,FL,ASO,ES,Combined TRACON& Tower with Radar,171,34,44,3,252,0,0,1,1,2,171,34,45,4,254,0,22,22,276
08/26/2022,JAX,FL,ASO,ES,Combined TRACON& Tower with Radar,189,26,33,7,255,0,0,4,0,4,189,26,37,7,259,0,0,0,259
08/27/2022,JAX,FL,ASO,ES,Combined TRACON& Tower with Radar,154,16,14,2,186,0,1,4,0,5,154,17,18,2,191,0,0,0,191
08/28/2022,JAX,FL,ASO,ES,Combined TRACON& Tower with Radar,163,26,40,0,229,0,0,6,0,6,163,26,46,0,235,0,0,0,235
08/29/2022,JAX,FL,ASO,ES,Combined TRACON& Tower with Radar,169,30,17,13,229,0,0,2,4,6,169,30,19,17,235,0,2,2,237
08/30/2022,JAX,FL,ASO,ES,Combined TRACON& Tower with Radar,164,23,37,7,231,0,1,2,3,6,164,24,39,10,237,0,8,8,245
08/31/2022,JAX,FL,ASO,ES,Combined TRACON& Tower with Radar,169,25,31,7,232,0,0,6,2,8,169,25,37,9,240,0,0,0,240
09/01/2022,JAX,FL,ASO,ES,Combined TRACON& Tower with Radar,182,42,24,11,259,0,2,2,6,10,182,44,26,17,269,0,2,2,271
09/02/2022,JAX,FL,ASO,ES,Combined TRACON& Tower with Radar,183,43,63,1,290,0,0,3,0,3,183,43,66,1,293,0,0,0,293
09/03/2022,JAX,FL,ASO,ES,Combined TRACON& Tower with Radar,145,24,12,0,181,0,0,0,0,0,145,24,12,0,181,0,0,0,181
09/04/2022,JAX,FL,ASO,ES,Combined TRACON& Tower with Radar,142,10,15,0,167,0,0,0,0,0,142,10,15,0,167,0,0,0,167
09/05/2022,JAX,FL,ASO,ES,Combined TRACON& Tower with Radar,160,46,33,0,239,0,2,8,0,10,160,48,41,0,249,10,0,10,259
09/06/2022,JAX,FL,ASO,ES,Combined TRACON& Tower with Radar,160,44,30,19,253,0,0,7,5,12,160,44,37,24,265,0,0,0,265
09/07/2022,JAX,FL,ASO,ES,Combined TRACON& Tower with Radar,164,39,27,6,236,0,0,10,5,15,164,39,37,11,251,10,22,32,283
09/08/2022,JAX,FL,ASO,ES,Combined TRACON& Tower with Radar,185,38,33,13,269,0,0,5,1,6,185,38,38,14,275,2,44,46,321
09/09/2022,JAX,FL,ASO,ES,Combined TRACON& Tower with Radar,176,54,42,10,282,0,0,4,3,7,176,54,46,13,289,0,10,10,299
09/10/2022,JAX,FL,ASO,ES,Combined TRACON& Tower with Radar,138,20,24,10,192,0,1,3,6,10,138,21,27,16,202,0,4,4,206
09/11/2022,JAX,FL,ASO,ES,Combined TRACON& Tower with Radar,180,29,29,0,238,0,0,11,0,11,180,29,40,0,249,2,0,2,251
09/12/2022,JAX,FL,ASO,ES,Combined TRACON& Tower with Radar,164,36,35,21,256,0,0,2,1,3,164,36,37,22,259,0,10,10,269
09/13/2022,JAX,FL,ASO,ES,Combined TRACON& Tower with Radar,167,31,52,25,275,0,2,5,1,8,167,33,57,26,283,2,6,8,291
09/14/2022,JAX,FL,ASO,ES,Combined TRACON& Tower with Radar,180,37,32,17,266,0,0,3,4,7,180,37,35,21,273,0,24,24,297
09/15/2022,JAX,FL,ASO,ES,Combined TRACON& Tower with Radar,184,41,49,11,285,0,0,6,4,10,184,41,55,15,295,0,0,0,295
09/16/2022,JAX,FL,ASO,ES,Combined TRACON& Tower with Radar,183,44,33,23,283,0,0,4,2,6,183,44,37,25,289,2,6,8,297
09/17/2022,JAX,FL,ASO,ES,Combined TRACON& Tower with Radar,136,19,15,7,177,0,0,4,0,4,136,19,19,7,181,0,0,0,181
09/18/2022,JAX,FL,ASO,ES,Combined TRACON& Tower with Radar,177,36,26,2,241,0,0,2,0,2,177,36,28,2,243,0,0,0,243
09/19/2022,JAX,FL,ASO,ES,Combined TRACON& Tower with Radar,170,39,35,4,248,0,0,2,0,2,170,39,37,4,250,0,0,0,250
09/20/2022,JAX,FL,ASO,ES,Combined TRACON& Tower with Radar,171,37,26,11,245,0,0,14,4,18,171,37,40,15,263,0,20,20,283
09/21/2022,JAX,FL,ASO,ES,Combined TRACON& Tower with Radar,161,38,41,16,256,0,0,10,5,15,161,38,51,21,271,12,60,72,343
09/22/2022,JAX,FL,ASO,ES,Combined TRACON& Tower with Radar,179,49,30,14,272,0,5,14,1,20,179,54,44,15,292,6,6,12,304
09/23/2022,JAX,FL,ASO,ES,Combined TRACON& Tower with Radar,183,31,26,15,255,1,2,7,1,11,184,33,33,16,266,8,0,8,274
09/24/2022,JAX,FL,ASO,ES,Combined TRACON& Tower with Radar,136,23,25,0,184,0,4,25,4,33,136,27,50,4,217,0,0,0,217
09/25/2022,JAX,FL,ASO,ES,Combined TRACON& Tower with Radar,172,46,42,1,261,0,4,4,1,9,172,50,46,2,270,0,52,52,322
09/26/2022,JAX,FL,ASO,ES,Combined TRACON& Tower with Radar,168,39,37,11,255,0,2,21,5,28,168,41,58,16,283,0,0,0,283
09/27/2022,JAX,FL,ASO,ES,Combined TRACON& Tower with Radar,170,33,35,5,243,0,2,7,3,12,170,35,42,8,255,0,0,0,255
09/28/2022,JAX,FL,ASO,ES,Combined TRACON& Tower with Radar,120,31,13,1,165,0,0,0,1,1,120,31,13,2,166,0,0,0,166
09/29/2022,JAX,FL,ASO,ES,Combined TRACON& Tower with Radar,0,0,1,0,1,0,0,0,0,0,0,0,1,0,1,0,0,0,1
09/30/2022,JAX,FL,ASO,ES,Combined TRACON& Tower with Radar,61,20,13,0,94,0,0,1,0,1,61,20,14,0,95,0,0,0,95
10/01/2022,JAX,FL,ASO,ES,Combined TRACON& Tower with Radar,126,26,18,0,170,0,1,7,0,8,126,27,25,0,178,0,0,0,178
10/02/2022,JAX,FL,ASO,ES,Combined TRACON& Tower with Radar,180,39,18,0,237,0,1,8,0,9,180,40,26,0,246,0,0,0,246
10/03/2022,JAX,FL,ASO,ES,Combined TRACON& Tower with Radar,160,29,22,0,211,0,2,8,1,11,160,31,30,1,222,0,0,0,222
10/04/2022,JAX,FL,ASO,ES,Combined TRACON& Tower with Radar,158,49,40,20,267,0,0,17,7,24,158,49,57,27,291,0,0,0,291
10/05/2022,JAX,FL,ASO,ES,Combined TRACON& Tower with Radar,154,44,38,16,252,0,4,11,4,19,154,48,49,20,271,10,18,28,299
10/06/2022,JAX,FL,ASO,ES,Combined TRACON& Tower with Radar,185,63,34,11,293,0,0,13,1,14,185,63,47,12,307,0,0,0,307
10/07/2022,JAX,FL,ASO,ES,Combined TRACON& Tower with Radar,178,47,50,9,284,0,2,8,6,16,178,49,58,15,300,0,0,0,300
10/08/2022,JAX,FL,ASO,ES,Combined TRACON& Tower with Radar,137,30,28,2,197,0,3,16,2,21,137,33,44,4,218,0,0,0,218
10/09/2022,JAX,FL,ASO,ES,Combined TRACON& Tower with Radar,177,54,53,5,289,0,0,11,1,12,177,54,64,6,301,0,0,0,301
10/10/2022,JAX,FL,ASO,ES,Combined TRACON& Tower with Radar,161,52,38,8,259,0,0,9,0,9,161,52,47,8,268,0,0,0,268
10/11/2022,JAX,FL,ASO,ES,Combined TRACON& Tower with Radar,165,54,44,30,293,0,0,7,5,12,165,54,51,35,305,0,8,8,313
10/12/2022,JAX,FL,ASO,ES,Combined TRACON& Tower with Radar,154,49,39,41,283,0,1,0,3,4,154,50,39,44,287,0,66,66,353
10/13/2022,JAX,FL,ASO,ES,Combined TRACON& Tower with Radar,185,52,36,17,290,0,6,4,7,17,185,58,40,24,307,0,16,16,323
10/14/2022,JAX,FL,ASO,ES,Combined TRACON& Tower with Radar,179,45,45,16,285,0,31,12,11,54,179,76,57,27,339,26,26,52,391
10/15/2022,JAX,FL,ASO,ES,Combined TRACON& Tower with Radar,145,29,23,9,206,1,0,13,13,27,146,29,36,22,233,0,0,0,233
10/16/2022,JAX,FL,ASO,ES,Combined TRACON& Tower with Radar,181,35,23,0,239,0,1,6,0,7,181,36,29,0,246,0,0,0,246
10/17/2022,JAX,FL,ASO,ES,Combined TRACON& Tower with Radar,164,47,42,20,273,0,0,8,8,16,164,47,50,28,289,0,26,26,315
10/18/2022,JAX,FL,ASO,ES,Combined TRACON& Tower with Radar,162,35,27,17,241,0,0,12,3,15,162,35,39,20,256,0,12,12,268
10/19/2022,JAX,FL,ASO,ES,Combined TRACON& Tower with Radar,156,39,55,11,261,0,2,16,1,19,156,41,71,12,280,4,0,4,284
10/20/2022,JAX,FL,ASO,ES,Combined TRACON& Tower with Radar,185,43,39,7,274,0,4,14,3,21,185,47,53,10,295,0,0,0,295
10/21/2022,JAX,FL,ASO,ES,Combined TRACON& Tower with Radar,177,46,28,13,264,0,0,10,4,14,177,46,38,17,278,0,0,0,278
10/22/2022,JAX,FL,ASO,ES,Combined TRACON& Tower with Radar,140,23,19,11,193,0,0,10,0,10,140,23,29,11,203,8,0,8,211
10/23/2022,JAX,FL,ASO,ES,Combined TRACON& Tower with Radar,177,40,37,0,254,0,0,2,0,2,177,40,39,0,256,0,0,0,256
10/24/2022,JAX,FL,ASO,ES,Combined TRACON& Tower with Radar,163,43,32,9,247,0,1,7,7,15,163,44,39,16,262,0,0,0,262
10/25/2022,JAX,FL,ASO,ES,Combined TRACON& Tower with Radar,157,31,37,24,249,0,2,9,5,16,157,33,46,29,265,0,58,58,323
10/26/2022,JAX,FL,ASO,ES,Combined TRACON& Tower with Radar,161,43,31,14,249,0,4,4,6,14,161,47,35,20,263,0,26,26,289
10/27/2022,JAX,FL,ASO,ES,Combined TRACON& Tower with Radar,190,41,30,26,287,0,3,14,9,26,190,44,44,35,313,0,0,0,313
10/28/2022,JAX,FL,ASO,ES,Combined TRACON& Tower with Radar,173,37,39,16,265,0,0,2,0,2,173,37,41,16,267,0,10,10,277
10/29/2022,JAX,FL,ASO,ES,Combined TRACON& Tower with Radar,136,44,58,8,246,0,0,0,0,0,136,44,58,8,246,0,0,0,246
10/30/2022,JAX,FL,ASO,ES,Combined TRACON& Tower with Radar,174,22,32,2,230,0,0,3,0,3,174,22,35,2,233,0,0,0,233
10/31/2022,JAX,FL,ASO,ES,Combined TRACON& Tower with Radar,152,31,30,0,213,0,0,10,0,10,152,31,40,0,223,0,0,0,223
11/01/2022,JAX,FL,ASO,ES,Combined TRACON& Tower with Radar,159,32,45,23,259,0,2,27,61,90,159,34,72,84,349,0,4,4,353
11/02/2022,JAX,FL,ASO,ES,Combined TRACON& Tower with Radar,162,30,41,21,254,1,4,8,7,20,163,34,49,28,274,8,64,72,346
11/03/2022,JAX,FL,ASO,ES,Combined TRACON& Tower with Radar,182,40,46,4,272,0,5,3,2,10,182,45,49,6,282,0,0,0,282
11/04/2022,JAX,FL,ASO,ES,Combined TRACON& Tower with Radar,165,42,35,20,262,0,0,7,1,8,165,42,42,21,270,0,0,0,270
11/05/2022,JAX,FL,ASO,ES,Combined TRACON& Tower with Radar,137,23,27,18,205,0,0,5,2,7,137,23,32,20,212,0,6,6,218
11/06/2022,JAX,FL,ASO,ES,Combined TRACON& Tower with Radar,166,40,38,1,245,1,0,5,1,7,167,40,43,2,252,0,0,0,252
11/07/2022,JAX,FL,ASO,ES,Combined TRACON& Tower with Radar,168,31,34,3,236,0,1,8,37,46,168,32,42,40,282,0,6,6,288
11/08/2022,JAX,FL,ASO,ES,Combined TRACON& Tower with Radar,164,34,45,4,247,0,1,11,4,16,164,35,56,8,263,2,0,2,265
11/09/2022,JAX,FL,ASO,ES,Combined TRACON& Tower with Radar,165,42,34,4,245,0,0,4,0,4,165,42,38,4,249,0,0,0,249
11/10/2022,JAX,FL,ASO,ES,Combined TRACON& Tower with Radar,134,11,10,0,155,0,0,0,0,0,134,11,10,0,155,0,0,0,155
11/11/2022,JAX,FL,ASO,ES,Combined TRACON& Tower with Radar,173,47,37,0,257,0,0,2,0,2,173,47,39,0,259,0,0,0,259
11/12/2022,JAX,FL,ASO,ES,Combined TRACON& Tower with Radar,159,23,27,0,209,0,1,7,0,8,159,24,34,0,217,0,0,0,217
11/13/2022,JAX,FL,ASO,ES,Combined TRACON& Tower with Radar,177,31,19,0,227,0,0,7,0,7,177,31,26,0,234,0,0,0,234
11/14/2022,JAX,FL,ASO,ES,Combined TRACON& Tower with Radar,173,40,40,0,253,0,0,4,0,4,173,40,44,0,257,0,0,0,257
11/15/2022,JAX,FL,ASO,ES,Combined TRACON& Tower with Radar,171,43,35,35,284,0,2,9,0,11,171,45,44,35,295,8,10,18,313
11/16/2022,JAX,FL,ASO,ES,Combined TRACON& Tower with Radar,168,41,42,8,259,0,1,0,3,4,168,42,42,11,263,0,44,44,307
11/17/2022,JAX,FL,ASO,ES,Combined TRACON& Tower with Radar,189,46,36,6,277,0,0,10,1,11,189,46,46,7,288,0,0,0,288
11/18/2022,JAX,FL,ASO,ES,Combined TRACON& Tower with Radar,194,41,43,9,287,0,1,14,3,18,194,42,57,12,305,0,44,44,349
11/19/2022,JAX,FL,ASO,ES,Combined TRACON& Tower with Radar,156,34,25,0,215,0,4,5,0,9,156,38,30,0,224,0,0,0,224
11/20/2022,JAX,FL,ASO,ES,Combined TRACON& Tower with Radar,179,37,24,0,240,0,0,5,0,5,179,37,29,0,245,0,0,0,245
11/21/2022,JAX,FL,ASO,ES,Combined TRACON& Tower with Radar,179,52,25,20,276,0,0,4,60,64,179,52,29,80,340,0,0,0,340
11/22/2022,JAX,FL,ASO,ES,Combined TRACON& Tower with Radar,184,39,22,12,257,0,0,0,0,0,184,39,22,12,257,0,6,6,263
11/23/2022,JAX,FL,ASO,ES,Combined TRACON& Tower with Radar,205,33,23,7,268,0,0,0,1,1,205,33,23,8,269,0,0,0,269
11/24/2022,JAX,FL,ASO,ES,Combined TRACON& Tower with Radar,93,9,8,1,111,0,0,0,0,0,93,9,8,1,111,0,0,0,111
11/25/2022,JAX,FL,ASO,ES,Combined TRACON& Tower with Radar,153,28,31,1,213,0,0,0,0,0,153,28,31,1,213,0,0,0,213
11/26/2022,JAX,FL,ASO,ES,Combined TRACON& Tower with Radar,175,34,23,0,232,0,0,3,0,3,175,34,26,0,235,0,0,0,235
11/27/2022,JAX,FL,ASO,ES,Combined TRACON& Tower with Radar,192,49,39,0,280,0,0,5,0,5,192,49,44,0,285,0,0,0,285
11/28/2022,JAX,FL,ASO,ES,Combined TRACON& Tower with Radar,187,33,45,9,274,0,0,12,0,12,187,33,57,9,286,0,0,0,286
11/29/2022,JAX,FL,ASO,ES,Combined TRACON& Tower with Radar,170,45,35,12,262,0,1,9,3,13,170,46,44,15,275,0,4,4,279
11/30/2022,JAX,FL,ASO,ES,Combined TRACON& Tower with Radar,165,45,44,4,258,0,0,6,1,7,165,45,50,5,265,0,0,0,265
12/01/2022,JAX,FL,ASO,ES,Combined TRACON& Tower with Radar,189,59,40,13,301,0,1,7,5,13,189,60,47,18,314,0,14,14,328
12/02/2022,JAX,FL,ASO,ES,Combined TRACON& Tower with Radar,197,41,42,11,291,0,4,15,3,22,197,45,57,14,313,6,0,6,319
12/03/2022,JAX,FL,ASO,ES,Combined TRACON& Tower with Radar,148,19,21,9,197,0,0,4,2,6,148,19,25,11,203,0,0,0,203
12/04/2022,JAX,FL,ASO,ES,Combined TRACON& Tower with Radar,175,24,37,0,236,0,0,5,0,5,175,24,42,0,241,0,0,0,241
12/05/2022,JAX,FL,ASO,ES,Combined TRACON& Tower with Radar,182,40,28,22,272,0,0,7,3,10,182,40,35,25,282,2,16,18,300
12/06/2022,JAX,FL,ASO,ES,Combined TRACON& Tower with Radar,169,39,40,12,260,0,1,8,4,13,169,40,48,16,273,8,14,22,295
12/07/2022,JAX,FL,ASO,ES,Combined TRACON& Tower with Radar,172,51,34,9,266,0,1,12,0,13,172,52,46,9,279,0,12,12,291
12/08/2022,JAX,FL,ASO,ES,Combined TRACON& Tower with Radar,186,41,49,21,297,0,0,21,5,26,186,41,70,26,323,0,20,20,343
12/09/2022,JAX,FL,ASO,ES,Combined TRACON& Tower with Radar,189,54,40,8,291,0,0,13,2,15,189,54,53,10,306,0,0,0,306
12/10/2022,JAX,FL,ASO,ES,Combined TRACON& Tower with Radar,150,9,24,9,192,0,0,0,1,1,150,9,24,10,193,0,0,0,193
12/11/2022,JAX,FL,ASO,ES,Combined TRACON& Tower with Radar,173,17,35,0,225,0,0,2,0,2,173,17,37,0,227,0,0,0,227
12/12/2022,JAX,FL,ASO,ES,Combined TRACON& Tower with Radar,178,43,30,2,253,0,0,5,3,8,178,43,35,5,261,0,6,6,267
12/13/2022,JAX,FL,ASO,ES,Combined TRACON& Tower with Radar,172,45,38,21,276,0,4,8,5,17,172,49,46,26,293,4,12,16,309
12/14/2022,JAX,FL,ASO,ES,Combined TRACON& Tower with Radar,172,44,46,22,284,0,5,13,1,19,172,49,59,23,303,0,0,0,303
12/15/2022,JAX,FL,ASO,ES,Combined TRACON& Tower with Radar,202,46,37,5,290,0,1,1,1,3,202,47,38,6,293,2,0,2,295
12/16/2022,JAX,FL,ASO,ES,Combined TRACON& Tower with Radar,191,34,41,10,276,0,1,13,5,19,191,35,54,15,295,0,14,14,309
12/17/2022,JAX,FL,ASO,ES,Combined TRACON& Tower with Radar,187,22,31,2,242,0,0,20,0,20,187,22,51,2,262,0,0,0,262
12/18/2022,JAX,FL,ASO,ES,Combined TRACON& Tower with Radar,187,25,27,0,239,0,4,6,0,10,187,29,33,0,249,0,0,0,249
12/19/2022,JAX,FL,ASO,ES,Combined TRACON& Tower with Radar,175,46,36,6,263,0,1,4,3,8,175,47,40,9,271,0,0,0,271
12/20/2022,JAX,FL,ASO,ES,Combined TRACON& Tower with Radar,197,54,31,13,295,0,0,0,0,0,197,54,31,13,295,0,0,0,295
12/21/2022,JAX,FL,ASO,ES,Combined TRACON& Tower with Radar,188,37,38,2,265,0,0,0,0,0,188,37,38,2,265,0,0,0,265
12/22/2022,JAX,FL,ASO,ES,Combined TRACON& Tower with Radar,193,35,24,11,263,0,2,0,0,2,193,37,24,11,265,14,0,14,279
12/23/2022,JAX,FL,ASO,ES,Combined TRACON& Tower with Radar,163,23,16,0,202,0,0,6,0,6,163,23,22,0,208,0,0,0,208
12/24/2022,JAX,FL,ASO,ES,Combined TRACON& Tower with Radar,122,9,3,0,134,0,4,4,1,9,122,13,7,1,143,0,0,0,143
12/25/2022,JAX,FL,ASO,ES,Combined TRACON& Tower with Radar,128,17,3,0,148,0,5,7,0,12,128,22,10,0,160,0,0,0,160
12/26/2022,JAX,FL,ASO,ES,Combined TRACON& Tower with Radar,156,59,40,0,255,0,2,15,0,17,156,61,55,0,272,0,0,0,272
12/27/2022,JAX,FL,ASO,ES,Combined TRACON& Tower with Radar,178,35,25,6,244,0,3,18,1,22,178,38,43,7,266,0,0,0,266
12/28/2022,JAX,FL,ASO,ES,Combined TRACON& Tower with Radar,171,40,25,6,242,0,3,14,2,19,171,43,39,8,261,0,0,0,261
12/29/2022,JAX,FL,ASO,ES,Combined TRACON& Tower with Radar,177,48,40,9,274,0,2,3,2,7,177,50,43,11,281,4,0,4,285
12/30/2022,JAX,FL,ASO,ES,Combined TRACON& Tower with Radar,189,44,34,8,275,0,0,17,2,19,189,44,51,10,294,10,2,12,306
12/31/2022,JAX,FL,ASO,ES,Combined TRACON& Tower with Radar,152,24,26,0,202,0,0,0,0,0,152,24,26,0,202,0,0,0,202
01/01/2023,JAX,FL,ASO,ES,Combined TRACON& Tower with Radar,151,40,21,0,212,0,0,3,0,3,151,40,24,0,215,0,0,0,215
01/02/2023,JAX,FL,ASO,ES,Combined TRACON& Tower with Radar,162,44,34,0,240,0,0,7,0,7,162,44,41,0,247,0,0,0,247
01/03/2023,JAX,FL,ASO,ES,Combined TRACON& Tower with Radar,185,26,18,11,240,0,2,9,3,14,185,28,27,14,254,2,10,12,266
01/04/2023,JAX,FL,ASO,ES,Combined TRACON& Tower with Radar,167,35,29,11,242,0,0,2,2,4,167,35,31,13,246,0,0,0,246
01/05/2023,JAX,FL,ASO,ES,Combined TRACON& Tower with Radar,176,28,23,14,241,0,0,6,3,9,176,28,29,17,250,0,4,4,254
01/06/2023,JAX,FL,ASO,ES,Combined TRACON& Tower with Radar,165,23,24,14,226,0,3,13,10,26,165,26,37,24,252,0,72,72,324
01/07/2023,JAX,FL,ASO,ES,Combined TRACON& Tower with Radar,147,22,41,8,218,0,2,4,1,7,147,24,45,9,225,10,0,10,235
01/08/2023,JAX,FL,ASO,ES,Combined TRACON& Tower with Radar,164,37,33,0,234,0,2,2,0,4,164,39,35,0,238,0,0,0,238
01/09/2023,JAX,FL,ASO,ES,Combined TRACON& Tower with Radar,160,31,29,9,229,0,2,7,0,9,160,33,36,9,238,0,0,0,238
01/10/2023,JAX,FL,ASO,ES,Combined TRACON& Tower with Radar,164,36,29,7,236,0,4,16,0,20,164,40,45,7,256,18,0,18,274
01/11/2023,JAX,FL,ASO,ES,Combined TRACON& Tower with Radar,152,37,34,25,248,0,0,13,3,16,152,37,47,28,264,0,12,12,276
01/12/2023,JAX,FL,ASO,ES,Combined TRACON& Tower with Radar,179,43,49,32,303,0,0,8,5,13,179,43,57,37,316,0,0,0,316
01/13/2023,JAX,FL,ASO,ES,Combined TRACON& Tower with Radar,191,36,45,21,293,0,0,5,1,6,191,36,50,22,299,0,0,0,299
01/14/2023,JAX,FL,ASO,ES,Combined TRACON& Tower with Radar,146,34,42,3,225,1,0,7,0,8,147,34,49,3,233,6,0,6,239
01/15/2023,JAX,FL,ASO,ES,Combined TRACON& Tower with Radar,155,24,48,0,227,0,0,13,0,13,155,24,61,0,240,0,0,0,240
01/16/2023,JAX,FL,ASO,ES,Combined TRACON& Tower with Radar,162,16,28,3,209,0,0,1,0,1,162,16,29,3,210,0,0,0,210
01/17/2023,JAX,FL,ASO,ES,Combined TRACON& Tower with Radar,167,30,43,23,263,0,0,15,1,16,167,30,58,24,279,0,56,56,335
01/18/2023,JAX,FL,ASO,ES,Combined TRACON& Tower with Radar,173,38,43,12,266,0,1,4,5,10,173,39,47,17,276,0,0,0,276
01/19/2023,JAX,FL,ASO,ES,Combined TRACON& Tower with Radar,183,35,33,26,277,0,0,6,2,8,183,35,39,28,285,0,0,0,285
01/20/2023,JAX,FL,ASO,ES,Combined TRACON& Tower with Radar,182,34,29,30,275,0,1,3,1,5,182,35,32,31,280,0,8,8,288
01/21/2023,JAX,FL,ASO,ES,Combined TRACON& Tower with Radar,147,21,28,0,196,0,0,3,0,3,147,21,31,0,199,0,0,0,199
01/22/2023,JAX,FL,ASO,ES,Combined TRACON& Tower with Radar,174,31,27,0,232,0,0,2,0,2,174,31,29,0,234,0,0,0,234
01/23/2023,JAX,FL,ASO,ES,Combined TRACON& Tower with Radar,163,44,29,0,236,0,3,5,0,8,163,47,34,0,244,0,0,0,244
01/24/2023,JAX,FL,ASO,ES,Combined TRACON& Tower with Radar,166,49,40,4,259,0,2,14,0,16,166,51,54,4,275,0,0,0,275
01/25/2023,JAX,FL,ASO,ES,Combined TRACON& Tower with Radar,163,45,33,39,280,0,0,7,1,8,163,45,40,40,288,0,0,0,288
01/26/2023,JAX,FL,ASO,ES,Combined TRACON& Tower with Radar,180,53,43,10,286,0,1,7,1,9,180,54,50,11,295,0,22,22,317
01/27/2023,JAX,FL,ASO,ES,Combined TRACON& Tower with Radar,184,37,34,13,268,1,0,11,1,13,185,37,45,14,281,0,0,0,281
01/28/2023,JAX,FL,ASO,ES,Combined TRACON& Tower with Radar,150,32,29,0,211,0,0,9,0,9,150,32,38,0,220,0,0,0,220
01/29/2023,JAX,FL,ASO,ES,Combined TRACON& Tower with Radar,166,45,47,0,258,0,1,4,0,5,166,46,51,0,263,0,0,0,263
01/30/2023,JAX,FL,ASO,ES,Combined TRACON& Tower with Radar,161,43,31,31,266,0,0,9,8,17,161,43,40,39,283,0,42,42,325
01/31/2023,JAX,FL,ASO,ES,Combined TRACON& Tower with Radar,162,36,28,16,242,0,0,2,0,2,162,36,30,16,244,0,0,0,244
02/01/2023,JAX,FL,ASO,ES,Combined TRACON& Tower with Radar,150,36,34,8,228,0,0,4,0,4,150,36,38,8,232,0,0,0,232
02/02/2023,JAX,FL,ASO,ES,Combined TRACON& Tower with Radar,171,35,32,19,257,0,6,8,4,18,171,41,40,23,275,0,44,44,319
02/03/2023,JAX,FL,ASO,ES,Combined TRACON& Tower with Radar,176,24,27,10,237,0,0,3,1,4,176,24,30,11,241,0,0,0,241
02/04/2023,JAX,FL,ASO,ES,Combined TRACON& Tower with Radar,160,34,13,9,216,0,2,11,0,13,160,36,24,9,229,10,0,10,239
02/05/2023,JAX,FL,ASO,ES,Combined TRACON& Tower with Radar,170,29,21,3,223,0,0,4,0,4,170,29,25,3,227,0,0,0,227
02/06/2023,JAX,FL,ASO,ES,Combined TRACON& Tower with Radar,166,32,25,0,223,0,0,11,0,11,166,32,36,0,234,0,0,0,234
02/07/2023,JAX,FL,ASO,ES,Combined TRACON& Tower with Radar,166,43,29,10,248,0,2,15,4,21,166,45,44,14,269,0,0,0,269
02/08/2023,JAX,FL,ASO,ES,Combined TRACON& Tower with Radar,162,46,38,29,275,0,1,12,5,18,162,47,50,34,293,0,0,0,293
02/09/2023,JAX,FL,ASO,ES,Combined TRACON& Tower with Radar,178,48,24,19,269,0,0,6,3,9,178,48,30,22,278,28,0,28,306
02/10/2023,JAX,FL,ASO,ES,Combined TRACON& Tower with Radar,183,31,37,15,266,0,0,0,0,0,183,31,37,15,266,0,10,10,276
02/11/2023,JAX,FL,ASO,ES,Combined TRACON& Tower with Radar,154,13,16,0,183,0,0,0,0,0,154,13,16,0,183,0,0,0,183
02/12/2023,JAX,FL,ASO,ES,Combined TRACON& Tower with Radar,159,27,29,0,215,0,0,1,0,1,159,27,30,0,216,0,0,0,216
02/13/2023,JAX,FL,ASO,ES,Combined TRACON& Tower with Radar,158,32,20,4,214,0,2,6,0,8,158,34,26,4,222,0,0,0,222
02/14/2023,JAX,FL,ASO,ES,Combined TRACON& Tower with Radar,172,35,20,11,238,0,6,4,2,12,172,41,24,13,250,0,62,62,312
02/15/2023,JAX,FL,ASO,ES,Combined TRACON& Tower with Radar,166,47,51,8,272,0,0,3,5,8,166,47,54,13,280,0,0,0,280
02/16/2023,JAX,FL,ASO,ES,Combined TRACON& Tower with Radar,176,61,32,13,282,0,1,17,5,23,176,62,49,18,305,0,0,0,305
02/17/2023,JAX,FL,ASO,ES,Combined TRACON& Tower with Radar,190,36,32,38,296,0,0,5,1,6,190,36,37,39,302,0,0,0,302
02/18/2023,JAX,FL,ASO,ES,Combined TRACON& Tower with Radar,170,25,22,0,217,0,0,19,0,19,170,25,41,0,236,0,0,0,236
02/19/2023,JAX,FL,ASO,ES,Combined TRACON& Tower with Radar,171,27,18,0,216,0,0,18,1,19,171,27,36,1,235,0,0,0,235
02/20/2023,JAX,FL,ASO,ES,Combined TRACON& Tower with Radar,169,49,37,0,255,0,0,10,0,10,169,49,47,0,265,0,6,6,271
02/21/2023,JAX,FL,ASO,ES,Combined TRACON& Tower with Radar,178,47,40,38,303,0,0,11,1,12,178,47,51,39,315,8,6,14,329
02/22/2023,JAX,FL,ASO,ES,Combined TRACON& Tower with Radar,169,46,38,14,267,0,2,3,6,11,169,48,41,20,278,2,16,18,296
02/23/2023,JAX,FL,ASO,ES,Combined TRACON& Tower with Radar,186,45,41,23,295,0,1,10,2,13,186,46,51,25,308,12,6,18,326
02/24/2023,JAX,FL,ASO,ES,Combined TRACON& Tower with Radar,196,39,45,7,287,0,3,16,3,22,196,42,61,10,309,0,0,0,309
02/25/2023,JAX,FL,ASO,ES,Combined TRACON& Tower with Radar,169,20,22,5,216,0,1,9,9,19,169,21,31,14,235,0,0,0,235
02/26/2023,JAX,FL,ASO,ES,Combined TRACON& Tower with Radar,173,22,35,0,230,0,2,4,1,7,173,24,39,1,237,0,0,0,237
02/27/2023,JAX,FL,ASO,ES,Combined TRACON& Tower with Radar,170,36,28,3,237,0,0,3,2,5,170,36,31,5,242,0,0,0,242
02/28/2023,JAX,FL,ASO,ES,Combined TRACON& Tower with Radar,168,42,24,16,250,0,1,5,5,11,168,43,29,21,261,4,34,38,299
03/01/2023,JAX,FL,ASO,ES,Combined TRACON& Tower with Radar,168,56,57,18,299,0,4,2,2,8,168,60,59,20,307,0,12,12,319
03/02/2023,JAX,FL,ASO,ES,Combined TRACON& Tower with Radar,180,58,45,8,291,0,1,16,3,20,180,59,61,11,311,20,30,50,361
03/03/2023,JAX,FL,ASO,ES,Combined TRACON& Tower with Radar,195,47,41,25,308,0,0,14,4,18,195,47,55,29,326,0,0,0,326
03/04/2023,JAX,FL,ASO,ES,Combined TRACON& Tower with Radar,166,25,53,0,244,0,1,3,1,5,166,26,56,1,249,0,0,0,249
03/05/2023,JAX,FL,ASO,ES,Combined TRACON& Tower with Radar,175,34,43,0,252,0,0,10,0,10,175,34,53,0,262,0,0,0,262
03/06/2023,JAX,FL,ASO,ES,Combined TRACON& Tower with Radar,176,45,30,2,253,0,0,9,2,11,176,45,39,4,264,0,0,0,264
03/07/2023,JAX,FL,ASO,ES,Combined TRACON& Tower with Radar,166,32,26,13,237,0,0,13,4,17,166,32,39,17,254,0,78,78,332
03/08/2023,JAX,FL,ASO,ES,Combined TRACON& Tower with Radar,171,59,60,4,294,0,1,16,3,20,171,60,76,7,314,0,0,0,314
03/09/2023,JAX,FL,ASO,ES,Combined TRACON& Tower with Radar,191,62,50,6,309,0,1,2,0,3,191,63,52,6,312,0,12,12,324
03/10/2023,JAX,FL,ASO,ES,Combined TRACON& Tower with Radar,196,50,43,13,302,0,0,3,1,4,196,50,46,14,306,6,0,6,312
03/11/2023,JAX,FL,ASO,ES,Combined TRACON& Tower with Radar,177,43,17,7,244,0,0,9,2,11,177,43,26,9,255,0,0,0,255
03/12/2023,JAX,FL,ASO,ES,Combined TRACON& Tower with Radar,185,46,35,9,275,0,0,9,1,10,185,46,44,10,285,6,10,16,301
03/13/2023,JAX,FL,ASO,ES,Combined TRACON& Tower with Radar,187,49,36,15,287,0,1,3,0,4,187,50,39,15,291,0,0,0,291
03/14/2023,JAX,FL,ASO,ES,Combined TRACON& Tower with Radar,178,29,24,11,242,0,2,10,14,26,178,31,34,25,268,12,64,76,344
03/15/2023,JAX,FL,ASO,ES,Combined TRACON& Tower with Radar,174,44,32,14,264,0,1,19,6,26,174,45,51,20,290,0,0,0,290
03/16/2023,JAX,FL,ASO,ES,Combined TRACON& Tower with Radar,188,40,38,8,274,0,1,10,6,17,188,41,48,14,291,0,0,0,291
03/17/2023,JAX,FL,ASO,ES,Combined TRACON& Tower with Radar,192,26,33,5,256,0,0,9,6,15,192,26,42,11,271,0,0,0,271
03/18/2023,JAX,FL,ASO,ES,Combined TRACON& Tower with Radar,175,31,25,0,231,0,0,0,0,0,175,31,25,0,231,0,0,0,231
03/19/2023,JAX,FL,ASO,ES,Combined TRACON& Tower with Radar,191,35,29,2,257,0,0,9,0,9,191,35,38,2,266,8,0,8,274
03/20/2023,JAX,FL,ASO,ES,Combined TRACON& Tower with Radar,181,38,27,8,254,0,1,11,0,12,181,39,38,8,266,0,0,0,266
03/21/2023,JAX,FL,ASO,ES,Combined TRACON& Tower with Radar,176,31,35,9,251,0,2,3,1,6,176,33,38,10,257,0,0,0,257
03/22/2023,JAX,FL,ASO,ES,Combined TRACON& Tower with Radar,177,37,32,25,271,0,0,7,5,12,177,37,39,30,283,0,36,36,319
03/23/2023,JAX,FL,ASO,ES,Combined TRACON& Tower with Radar,193,43,46,19,301,0,0,4,4,8,193,43,50,23,309,0,10,10,319
03/24/2023,JAX,FL,ASO,ES,Combined TRACON& Tower with Radar,191,55,41,15,302,0,0,8,8,16,191,55,49,23,318,0,0,0,318
03/25/2023,JAX,FL,ASO,ES,Combined TRACON& Tower with Radar,171,48,28,0,247,0,0,2,0,2,171,48,30,0,249,0,0,0,249
03/26/2023,JAX,FL,ASO,ES,Combined TRACON& Tower with Radar,182,40,28,1,251,1,0,3,2,6,183,40,31,3,257,0,0,0,257
03/27/2023,JAX,FL,ASO,ES,Combined TRACON& Tower with Radar,189,41,26,22,278,0,2,6,3,11,189,43,32,25,289,0,0,0,289
03/28/2023,JAX,FL,ASO,ES,Combined TRACON& Tower with Radar,180,38,22,15,255,0,0,2,0,2,180,38,24,15,257,0,0,0,257
03/29/2023,JAX,FL,ASO,ES,Combined TRACON& Tower with Radar,178,59,51,6,294,0,0,3,8,11,178,59,54,14,305,2,24,26,331
03/30/2023,JAX,FL,ASO,ES,Combined TRACON& Tower with Radar,192,45,39,9,285,0,0,6,5,11,192,45,45,14,296,0,0,0,296
03/31/2023,JAX,FL,ASO,ES,Combined TRACON& Tower with Radar,191,38,25,5,259,0,0,16,2,18,191,38,41,7,277,0,4,4,281
04/01/2023,JAX,FL,ASO,ES,Combined TRACON& Tower with Radar,175,24,19,8,226,0,0,7,3,10,175,24,26,11,236,0,0,0,236
04/02/2023,JAX,FL,ASO,ES,Combined TRACON& Tower with Radar,183,33,31,1,248,0,0,7,0,7,183,33,38,1,255,0,0,0,255
04/03/2023,JAX,FL,ASO,ES,Combined TRACON& Tower with Radar,180,40,39,2,261,0,0,7,0,7,180,40,46,2,268,0,0,0,268
04/04/2023,JAX,FL,ASO,ES,Combined TRACON& Tower with Radar,182,54,29,4,269,0,0,5,3,8,182,54,34,7,277,0,26,26,303
04/05/2023,JAX,FL,ASO,ES,Combined TRACON& Tower with Radar,163,36,46,21,266,0,0,8,1,9,163,36,54,22,275,0,30,30,305
04/06/2023,JAX,FL,ASO,ES,Combined TRACON& Tower with Radar,191,36,36,8,271,0,2,13,5,20,191,38,49,13,291,0,48,48,339
04/07/2023,JAX,FL,ASO,ES,Combined TRACON& Tower with Radar,200,56,31,9,296,0,1,12,0,13,200,57,43,9,309,0,0,0,309
04/08/2023,JAX,FL,ASO,ES,Combined TRACON& Tower with Radar,174,38,22,2,236,0,0,0,0,0,174,38,22,2,236,0,0,0,236
04/09/2023,JAX,FL,ASO,ES,Combined TRACON& Tower with Radar,180,34,13,2,229,0,0,0,0,0,180,34,13,2,229,0,0,0,229
04/10/2023,JAX,FL,ASO,ES,Combined TRACON& Tower with Radar,182,48,30,6,266,0,0,1,0,1,182,48,31,6,267,0,0,0,267
04/11/2023,JAX,FL,ASO,ES,Combined TRACON& Tower with Radar,179,39,21,7,246,0,0,3,0,3,179,39,24,7,249,0,0,0,249
04/12/2023,JAX,FL,ASO,ES,Combined TRACON& Tower with Radar,186,50,48,13,297,0,1,5,7,13,186,51,53,20,310,0,70,70,380
04/13/2023,JAX,FL,ASO,ES,Combined TRACON& Tower with Radar,195,56,42,2,295,0,1,1,1,3,195,57,43,3,298,0,0,0,298
04/14/2023,JAX,FL,ASO,ES,Combined TRACON& Tower with Radar,204,54,22,11,291,0,2,7,6,15,204,56,29,17,306,0,34,34,340
04/15/2023,JAX,FL,ASO,ES,Combined TRACON& Tower with Radar,158,53,33,0,244,0,3,5,0,8,158,56,38,0,252,0,0,0,252
04/16/2023,JAX,FL,ASO,ES,Combined TRACON& Tower with Radar,195,16,26,0,237,0,1,11,0,12,195,17,37,0,249,0,0,0,249
04/17/2023,JAX,FL,ASO,ES,Combined TRACON& Tower with Radar,185,23,19,2,229,0,1,15,2,18,185,24,34,4,247,0,0,0,247
04/18/2023,JAX,FL,ASO,ES,Combined TRACON& Tower with Radar,181,31,31,8,251,0,4,9,0,13,181,35,40,8,264,0,0,0,264
04/19/2023,JAX,FL,ASO,ES,Combined TRACON& Tower with Radar,177,57,43,32,309,0,2,13,2,17,177,59,56,34,326,0,0,0,326
04/20/2023,JAX,FL,ASO,ES,Combined TRACON& Tower with Radar,189,53,54,5,301,0,4,8,1,13,189,57,62,6,314,0,18,18,332
04/21/2023,JAX,FL,ASO,ES,Combined TRACON& Tower with Radar,193,45,41,11,290,0,2,8,2,12,193,47,49,13,302,0,0,0,302
04/22/2023,JAX,FL,ASO,ES,Combined TRACON& Tower with Radar,164,20,14,3,201,0,0,9,0,9,164,20,23,3,210,0,0,0,210
04/23/2023,JAX,FL,ASO,ES,Combined TRACON& Tower with Radar,189,36,30,12,267,0,2,15,0,17,189,38,45,12,284,0,0,0,284
04/24/2023,JAX,FL,ASO,ES,Combined TRACON& Tower with Radar,185,31,30,22,268,0,1,6,24,31,185,32,36,46,299,0,0,0,299
04/25/2023,JAX,FL,ASO,ES,Combined TRACON& Tower with Radar,176,28,39,19,262,0,2,12,1,15,176,30,51,20,277,0,12,12,289
04/26/2023,JAX,FL,ASO,ES,Combined TRACON& Tower with Radar,174,52,40,16,282,0,2,1,1,4,174,54,41,17,286,4,4,8,294
04/27/2023,JAX,FL,ASO,ES,Combined TRACON& Tower with Radar,195,46,32,12,285,0,0,5,4,9,195,46,37,16,294,0,0,0,294
04/28/2023,JAX,FL,ASO,ES,Combined TRACON& Tower with Radar,190,45,36,6,277,0,1,2,1,4,190,46,38,7,281,0,0,0,281
04/29/2023,JAX,FL,ASO,ES,Combined TRACON& Tower with Radar,156,22,27,0,205,0,0,2,1,3,156,22,29,1,208,0,0,0,208
04/30/2023,JAX,FL,ASO,ES,Combined TRACON& Tower with Radar,184,56,39,0,279,1,0,1,0,2,185,56,40,0,281,0,0,0,281
05/01/2023,JAX,FL,ASO,ES,Combined TRACON& Tower with Radar,179,53,33,0,265,0,0,13,0,13,179,53,46,0,278,0,0,0,278
05/02/2023,JAX,FL,ASO,ES,Combined TRACON& Tower with Radar,176,26,36,25,263,0,3,17,4,24,176,29,53,29,287,20,8,28,315
05/03/2023,JAX,FL,ASO,ES,Combined TRACON& Tower with Radar,175,40,38,8,261,0,0,8,3,11,175,40,46,11,272,0,14,14,286
05/04/2023,JAX,FL,ASO,ES,Combined TRACON& Tower with Radar,201,68,42,12,323,0,0,9,7,16,201,68,51,19,339,0,40,40,379
05/05/2023,JAX,FL,ASO,ES,Combined TRACON& Tower with Radar,198,53,27,12,290,0,1,10,9,20,198,54,37,21,310,0,74,74,384
05/06/2023,JAX,FL,ASO,ES,Combined TRACON& Tower with Radar,170,18,20,8,216,0,0,3,1,4,170,18,23,9,220,0,0,0,220
05/07/2023,JAX,FL,ASO,ES,Combined TRACON& Tower with Radar,199,30,31,3,263,0,0,1,0,1,199,30,32,3,264,0,0,0,264
05/08/2023,JAX,FL,ASO,ES,Combined TRACON& Tower with Radar,171,58,39,15,283,0,2,11,4,17,171,60,50,19,300,0,0,0,300
05/09/2023,JAX,FL,ASO,ES,Combined TRACON& Tower with Radar,182,32,29,10,253,0,0,11,2,13,182,32,40,12,266,0,54,54,320
05/10/2023,JAX,FL,ASO,ES,Combined TRACON& Tower with Radar,180,40,64,8,292,0,0,4,1,5,180,40,68,9,297,0,0,0,297
05/11/2023,JAX,FL,ASO,ES,Combined TRACON& Tower with Radar,198,56,46,11,311,0,0,6,1,7,198,56,52,12,318,0,0,0,318
05/12/2023,JAX,FL,ASO,ES,Combined TRACON& Tower with Radar,204,39,38,10,291,0,0,11,1,12,204,39,49,11,303,0,0,0,303
05/13/2023,JAX,FL,ASO,ES,Combined TRACON& Tower with Radar,169,16,17,0,202,0,3,0,0,3,169,19,17,0,205,0,0,0,205
05/14/2023,JAX,FL,ASO,ES,Combined TRACON& Tower with Radar,192,29,17,1,239,0,0,1,0,1,192,29,18,1,240,0,0,0,240
05/15/2023,JAX,FL,ASO,ES,Combined TRACON& Tower with Radar,184,53,32,0,269,0,3,4,2,9,184,56,36,2,278,2,38,40,318
05/16/2023,JAX,FL,ASO,ES,Combined TRACON& Tower with Radar,179,20,27,14,240,0,1,11,2,14,179,21,38,16,254,0,0,0,254
05/17/2023,JAX,FL,ASO,ES,Combined TRACON& Tower with Radar,187,41,35,6,269,0,0,3,1,4,187,41,38,7,273,6,0,6,279
05/18/2023,JAX,FL,ASO,ES,Combined TRACON& Tower with Radar,209,37,47,5,298,0,1,1,2,4,209,38,48,7,302,0,0,0,302
05/19/2023,JAX,FL,ASO,ES,Combined TRACON& Tower with Radar,198,47,27,24,296,0,0,3,2,5,198,47,30,26,301,0,0,0,301
05/20/2023,JAX,FL,ASO,ES,Combined TRACON& Tower with Radar,171,24,12,0,207,0,0,3,0,3,171,24,15,0,210,0,0,0,210
05/21/2023,JAX,FL,ASO,ES,Combined TRACON& Tower with Radar,205,44,33,39,321,0,0,0,0,0,205,44,33,39,321,0,0,0,321
05/22/2023,JAX,FL,ASO,ES,Combined TRACON& Tower with Radar,188,39,32,6,265,0,0,1,0,1,188,39,33,6,266,0,0,0,266
05/23/2023,JAX,FL,ASO,ES,Combined TRACON& Tower with Radar,189,46,45,10,290,0,0,0,2,2,189,46,45,12,292,0,0,0,292
05/24/2023,JAX,FL,ASO,ES,Combined TRACON& Tower with Radar,188,40,28,11,267,0,2,5,2,9,188,42,33,13,276,0,34,34,310
05/25/2023,JAX,FL,ASO,ES,Combined TRACON& Tower with Radar,205,49,35,5,294,0,0,5,3,8,205,49,40,8,302,0,0,0,302
05/26/2023,JAX,FL,ASO,ES,Combined TRACON& Tower with Radar,207,35,30,5,277,0,0,0,0,0,207,35,30,5,277,0,0,0,277
05/27/2023,JAX,FL,ASO,ES,Combined TRACON& Tower with Radar,167,28,19,0,214,0,0,1,0,1,167,28,20,0,215,0,0,0,215
05/28/2023,JAX,FL,ASO,ES,Combined TRACON& Tower with Radar,189,17,18,0,224,0,0,13,0,13,189,17,31,0,237,0,0,0,237
05/29/2023,JAX,FL,ASO,ES,Combined TRACON& Tower with Radar,183,39,20,4,246,0,0,9,0,9,183,39,29,4,255,0,0,0,255
05/30/2023,JAX,FL,ASO,ES,Combined TRACON& Tower with Radar,174,27,32,7,240,0,1,6,3,10,174,28,38,10,250,0,0,0,250
05/31/2023,JAX,FL,ASO,ES,Combined TRACON& Tower with Radar,188,50,43,12,293,0,0,7,11,18,188,50,50,23,311,0,4,4,315
06/01/2023,JAX,FL,ASO,ES,Combined TRACON& Tower with Radar,208,31,31,6,276,0,0,10,0,10,208,31,41,6,286,6,0,6,292
06/02/2023,JAX,FL,ASO,ES,Combined TRACON& Tower with Radar,209,29,24,17,279,0,0,6,30,36,209,29,30,47,315,0,4,4,319
06/03/2023,JAX,FL,ASO,ES,Combined TRACON& Tower with Radar,170,18,8,5,201,0,0,5,0,5,170,18,13,5,206,0,0,0,206
06/04/2023,JAX,FL,ASO,ES,Combined TRACON& Tower with Radar,205,28,33,7,273,0,0,3,1,4,205,28,36,8,277,0,0,0,277
06/05/2023,JAX,FL,ASO,ES,Combined TRACON& Tower with Radar,191,22,23,8,244,0,0,12,21,33,191,22,35,29,277,0,0,0,277
06/06/2023,JAX,FL,ASO,ES,Combined TRACON& Tower with Radar,187,45,42,9,283,1,8,14,3,26,188,53,56,12,309,0,14,14,323
06/07/2023,JAX,FL,ASO,ES,Combined TRACON& Tower with Radar,181,37,48,15,281,0,5,6,1,12,181,42,54,16,293,0,0,0,293
06/08/2023,JAX,FL,ASO,ES,Combined TRACON& Tower with Radar,209,45,30,9,293,0,3,8,5,16,209,48,38,14,309,0,22,22,331
06/09/2023,JAX,FL,ASO,ES,Combined TRACON& Tower with Radar,215,29,23,10,277,0,3,0,3,6,215,32,23,13,283,6,0,6,289
06/10/2023,JAX,FL,ASO,ES,Combined TRACON& Tower with Radar,172,28,25,10,235,0,0,5,0,5,172,28,30,10,240,0,0,0,240
06/11/2023,JAX,FL,ASO,ES,Combined TRACON& Tower with Radar,199,24,25,3,251,0,0,8,0,8,199,24,33,3,259,0,0,0,259
06/12/2023,JAX,FL,ASO,ES,Combined TRACON& Tower with Radar,187,27,17,1,232,0,1,7,1,9,187,28,24,2,241,0,18,18,259
06/13/2023,JAX,FL,ASO,ES,Combined TRACON& Tower with Radar,191,34,46,27,298,0,0,10,4,14,191,34,56,31,312,0,0,0,312
06/14/2023,JAX,FL,ASO,ES,Combined TRACON& Tower with Radar,174,21,42,26,263,0,1,8,2,11,174,22,50,28,274,0,0,0,274
06/15/2023,JAX,FL,ASO,ES,Combined TRACON& Tower with Radar,209,33,23,10,275,0,0,3,1,4,209,33,26,11,279,0,0,0,279
06/16/2023,JAX,FL,ASO,ES,Combined TRACON& Tower with Radar,205,40,29,20,294,0,1,13,1,15,205,41,42,21,309,10,0,10,319
06/17/2023,JAX,FL,ASO,ES,Combined TRACON& Tower with Radar,180,19,20,1,220,0,0,4,0,4,180,19,24,1,224,0,0,0,224
06/18/2023,JAX,FL,ASO,ES,Combined TRACON& Tower with Radar,196,9,24,1,230,0,0,1,0,1,196,9,25,1,231,0,0,0,231
06/19/2023,JAX,FL,ASO,ES,Combined TRACON& Tower with Radar,195,26,25,1,247,0,0,5,0,5,195,26,30,1,252,0,0,0,252
06/20/2023,JAX,FL,ASO,ES,Combined TRACON& Tower with Radar,180,28,44,4,256,0,0,0,0,0,180,28,44,4,256,0,0,0,256
06/21/2023,JAX,FL,ASO,ES,Combined TRACON& Tower with Radar,184,33,46,21,284,0,3,3,1,7,184,36,49,22,291,2,14,16,307
06/22/2023,JAX,FL,ASO,ES,Combined TRACON& Tower with Radar,208,25,22,5,260,0,0,5,1,6,208,25,27,6,266,12,0,12,278
06/23/2023,JAX,FL,ASO,ES,Combined TRACON& Tower with Radar,228,20,14,5,267,0,0,3,3,6,228,20,17,8,273,0,0,0,273
06/24/2023,JAX,FL,ASO,ES,Combined TRACON& Tower with Radar,175,22,35,1,233,0,0,6,0,6,175,22,41,1,239,0,0,0,239
06/25/2023,JAX,FL,ASO,ES,Combined TRACON& Tower with Radar,198,30,21,2,251,0,2,4,0,6,198,32,25,2,257,0,0,0,257
06/26/2023,JAX,FL,ASO,ES,Combined TRACON& Tower with Radar,172,41,43,0,256,0,6,13,0,19,172,47,56,0,275,0,0,0,275
06/27/2023,JAX,FL,ASO,ES,Combined TRACON& Tower with Radar,162,39,42,23,266,0,3,17,3,23,162,42,59,26,289,4,0,4,293
06/28/2023,JAX,FL,ASO,ES,Combined TRACON& Tower with Radar,182,33,44,6,265,1,0,5,3,9,183,33,49,9,274,8,0,8,282
06/29/2023,JAX,FL,ASO,ES,Combined TRACON& Tower with Radar,198,60,42,11,311,0,2,14,3,19,198,62,56,14,330,6,6,12,342
06/30/2023,JAX,FL,ASO,ES,Combined TRACON& Tower with Radar,193,41,39,10,283,0,1,14,2,17,193,42,53,12,300,0,0,0,300
07/01/2023,JAX,FL,ASO,ES,Combined TRACON& Tower with Radar,179,28,34,0,241,0,0,22,0,22,179,28,56,0,263,0,0,0,263
07/02/2023,JAX,FL,ASO,ES,Combined TRACON& Tower with Radar,185,17,33,0,235,0,0,8,0,8,185,17,41,0,243,24,0,24,267
07/03/2023,JAX,FL,ASO,ES,Combined TRACON& Tower with Radar,169,23,11,1,204,0,0,3,0,3,169,23,14,1,207,0,0,0,207
07/04/2023,JAX,FL,ASO,ES,Combined TRACON& Tower with Radar,143,26,10,0,179,0,0,6,0,6,143,26,16,0,185,0,0,0,185
07/05/2023,JAX,FL,ASO,ES,Combined TRACON& Tower with Radar,183,28,14,7,232,0,3,9,2,14,183,31,23,9,246,4,0,4,250
07/06/2023,JAX,FL,ASO,ES,Combined TRACON& Tower with Radar,204,40,17,5,266,1,0,11,5,17,205,40,28,10,283,0,20,20,303
07/07/2023,JAX,FL,ASO,ES,Combined TRACON& Tower with Radar,189,20,28,3,240,0,2,12,1,15,189,22,40,4,255,0,10,10,265
07/08/2023,JAX,FL,ASO,ES,Combined TRACON& Tower with Radar,174,16,25,3,218,0,0,7,0,7,174,16,32,3,225,8,0,8,233
07/09/2023,JAX,FL,ASO,ES,Combined TRACON& Tower with Radar,182,32,38,0,252,0,0,4,0,4,182,32,42,0,256,20,0,20,276
07/10/2023,JAX,FL,ASO,ES,Combined TRACON& Tower with Radar,201,33,22,1,257,0,0,1,0,1,201,33,23,1,258,0,0,0,258
07/11/2023,JAX,FL,ASO,ES,Combined TRACON& Tower with Radar,189,25,32,14,260,0,2,3,1,6,189,27,35,15,266,6,12,18,284
07/12/2023,JAX,FL,ASO,ES,Combined TRACON& Tower with Radar,182,33,47,16,278,0,0,9,3,12,182,33,56,19,290,8,4,12,302
07/13/2023,JAX,FL,ASO,ES,Combined TRACON& Tower with Radar,207,37,26,6,276,0,0,1,4,5,207,37,27,10,281,0,32,32,313
07/14/2023,JAX,FL,ASO,ES,Combined TRACON& Tower with Radar,180,29,32,22,263,0,0,12,0,12,180,29,44,22,275,0,0,0,275
07/15/2023,JAX,FL,ASO,ES,Combined TRACON& Tower with Radar,195,15,25,0,235,0,0,11,0,11,195,15,36,0,246,0,0,0,246
07/16/2023,JAX,FL,ASO,ES,Combined TRACON& Tower with Radar,194,36,26,1,257,0,0,3,1,4,194,36,29,2,261,0,0,0,261
07/17/2023,JAX,FL,ASO,ES,Combined TRACON& Tower with Radar,192,58,27,10,287,0,0,7,1,8,192,58,34,11,295,0,26,26,321
07/18/2023,JAX,FL,ASO,ES,Combined TRACON& Tower with Radar,190,31,34,11,266,0,0,10,5,15,190,31,44,16,281,4,40,44,325
07/19/2023,JAX,FL,ASO,ES,Combined TRACON& Tower with Radar,194,41,33,17,285,0,0,8,3,11,194,41,41,20,296,14,8,22,318
07/20/2023,JAX,FL,ASO,ES,Combined TRACON& Tower with Radar,216,30,37,21,304,0,4,11,1,16,216,34,48,22,320,68,8,76,396
07/21/2023,JAX,FL,ASO,ES,Combined TRACON& Tower with Radar,209,48,25,8,290,0,1,8,3,12,209,49,33,11,302,0,0,0,302
07/22/2023,JAX,FL,ASO,ES,Combined TRACON& Tower with Radar,174,13,12,2,201,0,0,9,0,9,174,13,21,2,210,0,0,0,210
07/23/2023,JAX,FL,ASO,ES,Combined TRACON& Tower with Radar,187,23,24,0,234,0,0,4,0,4,187,23,28,0,238,6,0,6,244
07/24/2023,JAX,FL,ASO,ES,Combined TRACON& Tower with Radar,201,28,32,0,261,0,2,4,0,6,201,30,36,0,267,0,0,0,267
07/25/2023,JAX,FL,ASO,ES,Combined TRACON& Tower with Radar,174,23,25,12,234,0,1,4,1,6,174,24,29,13,240,0,14,14,254
07/26/2023,JAX,FL,ASO,ES,Combined TRACON& Tower with Radar,182,34,34,24,274,0,4,15,6,25,182,38,49,30,299,6,6,12,311
07/27/2023,JAX,FL,ASO,ES,Combined TRACON& Tower with Radar,201,36,29,8,274,0,2,4,1,7,201,38,33,9,281,4,0,4,285
07/28/2023,JAX,FL,ASO,ES,Combined TRACON& Tower with Radar,189,29,30,9,257,0,0,3,0,3,189,29,33,9,260,0,0,0,260
07/29/2023,JAX,FL,ASO,ES,Combined TRACON& Tower with Radar,180,22,14,0,216,0,0,4,0,4,180,22,18,0,220,6,0,6,226
07/30/2023,JAX,FL,ASO,ES,Combined TRACON& Tower with Radar,183,21,23,3,230,0,0,9,0,9,183,21,32,3,239,6,0,6,245
07/31/2023,JAX,FL,ASO,ES,Combined TRACON& Tower with Radar,214,24,15,10,263,0,0,0,4,4,214,24,15,14,267,0,0,0,267
08/01/2023,JAX,FL,ASO,ES,Combined TRACON& Tower with Radar,173,26,32,26,257,0,2,16,3,21,173,28,48,29,278,0,76,76,354
08/02/2023,JAX,FL,ASO,ES,Combined TRACON& Tower with Radar,180,50,35,17,282,0,0,5,2,7,180,50,40,19,289,0,46,46,335
08/03/2023,JAX,FL,ASO,ES,Combined TRACON& Tower with Radar,212,36,31,3,282,0,1,7,3,11,212,37,38,6,293,44,6,50,343
08/04/2023,JAX,FL,ASO,ES,Combined TRACON& Tower with Radar,197,22,26,11,256,0,0,6,1,7,197,22,32,12,263,22,6,28,291
08/05/2023,JAX,FL,ASO,ES,Combined TRACON& Tower with Radar,167,19,19,2,207,0,0,1,2,3,167,19,20,4,210,0,0,0,210
08/06/2023,JAX,FL,ASO,ES,Combined TRACON& Tower with Radar,188,30,14,14,246,0,1,4,0,5,188,31,18,14,251,2,0,2,253
08/07/2023,JAX,FL,ASO,ES,Combined TRACON& Tower with Radar,164,41,31,5,241,0,1,3,5,9,164,42,34,10,250,0,22,22,272
08/08/2023,JAX,FL,ASO,ES,Combined TRACON& Tower with Radar,183,42,27,18,270,0,0,11,4,15,183,42,38,22,285,6,20,26,311
08/09/2023,JAX,FL,ASO,ES,Combined TRACON& Tower with Radar,184,51,25,13,273,0,0,13,5,18,184,51,38,18,291,4,4,8,299
08/10/2023,JAX,FL,ASO,ES,Combined TRACON& Tower with Radar,194,35,18,4,251,0,0,6,1,7,194,35,24,5,258,0,0,0,258
08/11/2023,JAX,FL,ASO,ES,Combined TRACON& Tower with Radar,204,25,18,5,252,0,0,8,0,8,204,25,26,5,260,0,0,0,260
08/12/2023,JAX,FL,ASO,ES,Combined TRACON& Tower with Radar,166,22,16,0,204,0,1,7,0,8,166,23,23,0,212,0,0,0,212
08/13/2023,JAX,FL,ASO,ES,Combined TRACON& Tower with Radar,186,30,16,2,234,0,0,6,0,6,186,30,22,2,240,0,0,0,240
08/14/2023,JAX,FL,ASO,ES,Combined TRACON& Tower with Radar,196,39,26,6,267,0,1,9,2,12,196,40,35,8,279,0,0,0,279
08/15/2023,JAX,FL,ASO,ES,Combined TRACON& Tower with Radar,188,32,24,11,255,0,4,0,6,10,188,36,24,17,265,24,60,84,349
08/16/2023,JAX,FL,ASO,ES,Combined TRACON& Tower with Radar,174,31,36,2,243,0,0,4,1,5,174,31,40,3,248,0,0,0,248
08/17/2023,JAX,FL,ASO,ES,Combined TRACON& Tower with Radar,202,41,38,2,283,0,0,1,1,2,202,41,39,3,285,0,0,0,285
08/18/2023,JAX,FL,ASO,ES,Combined TRACON& Tower with Radar,190,36,27,13,266,0,2,11,2,15,190,38,38,15,281,4,0,4,285
08/19/2023,JAX,FL,ASO,ES,Combined TRACON& Tower with Radar,167,18,22,2,209,0,0,7,0,7,167,18,29,2,216,0,0,0,216
08/20/2023,JAX,FL,ASO,ES,Combined TRACON& Tower with Radar,170,29,21,2,222,0,0,5,0,5,170,29,26,2,227,0,0,0,227
08/21/2023,JAX,FL,ASO,ES,Combined TRACON& Tower with Radar,172,23,23,1,219,0,0,21,1,22,172,23,44,2,241,0,0,0,241
08/22/2023,JAX,FL,ASO,ES,Combined TRACON& Tower with Radar,161,25,31,8,225,0,0,21,8,29,161,25,52,16,254,2,60,62,316
08/23/2023,JAX,FL,ASO,ES,Combined TRACON& Tower with Radar,170,30,19,3,222,0,0,9,2,11,170,30,28,5,233,0,20,20,253
08/24/2023,JAX,FL,ASO,ES,Combined TRACON& Tower with Radar,182,45,30,2,259,0,1,13,1,15,182,46,43,3,274,20,12,32,306
08/25/2023,JAX,FL,ASO,ES,Combined TRACON& Tower with Radar,187,18,33,12,250,0,1,8,1,10,187,19,41,13,260,6,0,6,266
08/26/2023,JAX,FL,ASO,ES,Combined TRACON& Tower with Radar,163,28,22,1,214,0,0,9,1,10,163,28,31,2,224,0,0,0,224
08/27/2023,JAX,FL,ASO,ES,Combined TRACON& Tower with Radar,166,39,21,9,235,0,1,7,0,8,166,40,28,9,243,0,0,0,243
08/28/2023,JAX,FL,ASO,ES,Combined TRACON& Tower with Radar,170,31,31,12,244,0,1,0,0,1,170,32,31,12,245,0,28,28,273
08/29/2023,JAX,FL,ASO,ES,Combined TRACON& Tower with Radar,166,34,36,5,241,0,0,2,1,3,166,34,38,6,244,0,0,0,244
08/30/2023,JAX,FL,ASO,ES,Combined TRACON& Tower with Radar,33,0,0,0,33,0,0,0,0,0,33,0,0,0,33,0,0,0,33
08/31/2023,JAX,FL,ASO,ES,Combined TRACON& Tower with Radar,182,42,31,0,255,0,0,9,0,9,182,42,40,0,264,0,0,0,264
