01/01/2020,JEF,MO,ACE,CE,Federal Contract Tower,0,0,4,0,4,0,1,17,0,18,0,1,21,0,22,18,0,18,40
01/02/2020,JEF,MO,ACE,CE,Federal Contract Tower,0,5,12,0,17,0,0,34,2,36,0,5,46,2,53,40,0,40,93
01/03/2020,JEF,MO,ACE,CE,Federal Contract Tower,0,3,9,0,12,0,0,7,0,7,0,3,16,0,19,32,0,32,51
01/04/2020,JEF,MO,ACE,CE,Federal Contract Tower,0,0,4,0,4,0,0,15,0,15,0,0,19,0,19,18,0,18,37
01/05/2020,JEF,MO,ACE,CE,Federal Contract Tower,0,0,10,0,10,0,4,22,0,26,0,4,32,0,36,18,0,18,54
01/06/2020,JEF,MO,ACE,CE,Federal Contract Tower,0,1,10,0,11,0,2,61,0,63,0,3,71,0,74,106,0,106,180
01/07/2020,JEF,MO,ACE,CE,Federal Contract Tower,0,2,8,3,13,0,5,36,12,53,0,7,44,15,66,38,0,38,104
01/08/2020,JEF,MO,ACE,CE,Federal Contract Tower,0,4,12,0,16,0,1,47,13,61,0,5,59,13,77,38,6,44,121
01/09/2020,JEF,MO,ACE,CE,Federal Contract Tower,0,4,18,2,24,0,0,3,2,5,0,4,21,4,29,0,0,0,29
01/10/2020,JEF,MO,ACE,CE,Federal Contract Tower,0,2,7,0,9,0,0,0,0,0,0,2,7,0,9,0,0,0,9
01/11/2020,JEF,MO,ACE,CE,Federal Contract Tower,0,0,0,0,0,0,0,0,0,0,0,0,0,0,0,0,0,0,0
01/12/2020,JEF,MO,ACE,CE,Federal Contract Tower,0,0,3,0,3,0,0,0,0,0,0,0,3,0,3,0,0,0,3
01/13/2020,JEF,MO,ACE,CE,Federal Contract Tower,0,0,8,0,8,0,0,1,2,3,0,0,9,2,11,16,0,16,27
01/14/2020,JEF,MO,ACE,CE,Federal Contract Tower,0,0,9,6,15,0,0,28,6,34,0,0,37,12,49,116,2,118,167
01/15/2020,JEF,MO,ACE,CE,Federal Contract Tower,0,3,18,2,23,0,0,3,0,3,0,3,21,2,26,52,0,52,78
01/16/2020,JEF,MO,ACE,CE,Federal Contract Tower,0,3,22,2,27,0,12,45,6,63,0,15,67,8,90,72,22,94,184
01/17/2020,JEF,MO,ACE,CE,Federal Contract Tower,0,0,0,0,0,0,0,0,0,0,0,0,0,0,0,0,0,0,0
01/18/2020,JEF,MO,ACE,CE,Federal Contract Tower,0,0,3,0,3,0,0,2,0,2,0,0,5,0,5,0,0,0,5
01/19/2020,JEF,MO,ACE,CE,Federal Contract Tower,0,0,2,0,2,0,0,5,0,5,0,0,7,0,7,58,0,58,65
01/20/2020,JEF,MO,ACE,CE,Federal Contract Tower,0,0,6,0,6,0,0,2,0,2,0,0,8,0,8,14,0,14,22
01/21/2020,JEF,MO,ACE,CE,Federal Contract Tower,0,0,23,0,23,0,1,37,5,43,0,1,60,5,66,122,0,122,188
01/22/2020,JEF,MO,ACE,CE,Federal Contract Tower,0,2,15,0,17,0,0,15,0,15,0,2,30,0,32,0,0,0,32
01/23/2020,JEF,MO,ACE,CE,Federal Contract Tower,0,0,4,0,4,0,0,0,0,0,0,0,4,0,4,0,0,0,4
01/24/2020,JEF,MO,ACE,CE,Federal Contract Tower,0,0,6,0,6,0,0,0,0,0,0,0,6,0,6,0,0,0,6
01/25/2020,JEF,MO,ACE,CE,Federal Contract Tower,0,3,3,0,6,0,0,6,0,6,0,3,9,0,12,88,0,88,100
01/26/2020,JEF,MO,ACE,CE,Federal Contract Tower,0,0,7,0,7,0,0,57,0,57,0,0,64,0,64,88,0,88,152
01/27/2020,JEF,MO,ACE,CE,Federal Contract Tower,0,0,15,2,17,0,0,2,0,2,0,0,17,2,19,8,0,8,27
01/28/2020,JEF,MO,ACE,CE,Federal Contract Tower,0,1,18,3,22,0,0,0,0,0,0,1,18,3,22,0,0,0,22
01/29/2020,JEF,MO,ACE,CE,Federal Contract Tower,0,1,7,0,8,0,0,0,0,0,0,1,7,0,8,0,0,0,8
01/30/2020,JEF,MO,ACE,CE,Federal Contract Tower,0,2,8,2,12,0,0,17,1,18,0,2,25,3,30,26,0,26,56
01/31/2020,JEF,MO,ACE,CE,Federal Contract Tower,0,8,16,0,24,0,0,10,0,10,0,8,26,0,34,68,0,68,102
02/01/2020,JEF,MO,ACE,CE,Federal Contract Tower,0,0,6,0,6,0,4,24,0,28,0,4,30,0,34,116,0,116,150
02/02/2020,JEF,MO,ACE,CE,Federal Contract Tower,0,0,11,0,11,0,0,26,0,26,0,0,37,0,37,102,0,102,139
02/03/2020,JEF,MO,ACE,CE,Federal Contract Tower,0,2,15,0,17,0,3,56,0,59,0,5,71,0,76,56,0,56,132
02/04/2020,JEF,MO,ACE,CE,Federal Contract Tower,0,0,10,0,10,0,0,0,2,2,0,0,10,2,12,8,0,8,20
02/05/2020,JEF,MO,ACE,CE,Federal Contract Tower,0,0,2,0,2,0,0,0,0,0,0,0,2,0,2,0,0,0,2
02/06/2020,JEF,MO,ACE,CE,Federal Contract Tower,0,2,11,1,14,0,2,11,4,17,0,4,22,5,31,0,0,0,31
02/07/2020,JEF,MO,ACE,CE,Federal Contract Tower,0,0,9,0,9,0,0,25,0,25,0,0,34,0,34,82,0,82,116
02/08/2020,JEF,MO,ACE,CE,Federal Contract Tower,0,0,7,0,7,0,0,43,1,44,0,0,50,1,51,44,0,44,95
02/09/2020,JEF,MO,ACE,CE,Federal Contract Tower,0,0,4,1,5,0,0,0,0,0,0,0,4,1,5,0,0,0,5
02/10/2020,JEF,MO,ACE,CE,Federal Contract Tower,0,0,19,8,27,0,0,18,2,20,0,0,37,10,47,98,0,98,145
02/11/2020,JEF,MO,ACE,CE,Federal Contract Tower,0,0,12,0,12,0,2,56,9,67,0,2,68,9,79,62,4,66,145
02/12/2020,JEF,MO,ACE,CE,Federal Contract Tower,0,0,7,0,7,0,0,0,0,0,0,0,7,0,7,14,0,14,21
02/13/2020,JEF,MO,ACE,CE,Federal Contract Tower,0,2,13,2,17,0,1,18,1,20,0,3,31,3,37,34,0,34,71
02/14/2020,JEF,MO,ACE,CE,Federal Contract Tower,0,1,10,0,11,0,0,43,0,43,0,1,53,0,54,26,0,26,80
02/15/2020,JEF,MO,ACE,CE,Federal Contract Tower,0,0,1,0,1,0,2,8,0,10,0,2,9,0,11,0,0,0,11
02/16/2020,JEF,MO,ACE,CE,Federal Contract Tower,0,1,7,0,8,0,3,35,0,38,0,4,42,0,46,48,0,48,94
02/17/2020,JEF,MO,ACE,CE,Federal Contract Tower,0,2,11,6,19,0,0,0,0,0,0,2,11,6,19,0,0,0,19
02/18/2020,JEF,MO,ACE,CE,Federal Contract Tower,0,1,15,2,18,0,4,44,3,51,0,5,59,5,69,80,0,80,149
02/19/2020,JEF,MO,ACE,CE,Federal Contract Tower,0,0,24,6,30,0,4,28,4,36,0,4,52,10,66,8,2,10,76
02/20/2020,JEF,MO,ACE,CE,Federal Contract Tower,0,1,19,0,20,0,0,32,9,41,0,1,51,9,61,34,0,34,95
02/21/2020,JEF,MO,ACE,CE,Federal Contract Tower,0,1,10,0,11,0,1,53,4,58,0,2,63,4,69,42,0,42,111
02/22/2020,JEF,MO,ACE,CE,Federal Contract Tower,0,0,3,0,3,0,0,32,2,34,0,0,35,2,37,31,0,31,68
02/23/2020,JEF,MO,ACE,CE,Federal Contract Tower,0,2,9,0,11,0,0,13,0,13,0,2,22,0,24,38,0,38,62
02/24/2020,JEF,MO,ACE,CE,Federal Contract Tower,0,3,12,0,15,0,0,0,0,0,0,3,12,0,15,0,0,0,15
02/25/2020,JEF,MO,ACE,CE,Federal Contract Tower,0,0,12,0,12,0,0,0,0,0,0,0,12,0,12,0,0,0,12
02/26/2020,JEF,MO,ACE,CE,Federal Contract Tower,0,0,11,2,13,0,0,8,1,9,0,0,19,3,22,30,12,42,64
02/27/2020,JEF,MO,ACE,CE,Federal Contract Tower,0,1,25,0,26,0,0,45,8,53,0,1,70,8,79,36,0,36,115
02/28/2020,JEF,MO,ACE,CE,Federal Contract Tower,0,0,29,2,31,0,2,26,8,36,0,2,55,10,67,36,0,36,103
02/29/2020,JEF,MO,ACE,CE,Federal Contract Tower,0,0,4,0,4,0,4,31,0,35,0,4,35,0,39,82,0,82,121
03/01/2020,JEF,MO,ACE,CE,Federal Contract Tower,0,0,6,0,6,0,0,6,0,6,0,0,12,0,12,20,0,20,32
03/02/2020,JEF,MO,ACE,CE,Federal Contract Tower,0,0,10,0,10,0,6,18,0,24,0,6,28,0,34,84,0,84,118
03/03/2020,JEF,MO,ACE,CE,Federal Contract Tower,0,0,21,0,21,0,0,27,0,27,0,0,48,0,48,16,0,16,64
03/04/2020,JEF,MO,ACE,CE,Federal Contract Tower,0,0,19,0,19,0,0,56,7,63,0,0,75,7,82,98,0,98,180
03/05/2020,JEF,MO,ACE,CE,Federal Contract Tower,0,0,24,4,28,0,0,32,2,34,0,0,56,6,62,48,4,52,114
03/06/2020,JEF,MO,ACE,CE,Federal Contract Tower,0,2,16,1,19,0,2,43,6,51,0,4,59,7,70,66,0,66,136
03/07/2020,JEF,MO,ACE,CE,Federal Contract Tower,0,0,9,2,11,0,6,14,5,25,0,6,23,7,36,12,12,24,60
03/08/2020,JEF,MO,ACE,CE,Federal Contract Tower,0,0,7,0,7,0,0,24,0,24,0,0,31,0,31,14,0,14,45
03/09/2020,JEF,MO,ACE,CE,Federal Contract Tower,0,0,10,0,10,0,0,0,0,0,0,0,10,0,10,0,0,0,10
03/10/2020,JEF,MO,ACE,CE,Federal Contract Tower,0,4,11,2,17,0,2,20,1,23,0,6,31,3,40,110,0,110,150
03/11/2020,JEF,MO,ACE,CE,Federal Contract Tower,0,1,26,0,27,0,1,42,5,48,0,2,68,5,75,166,0,166,241
03/12/2020,JEF,MO,ACE,CE,Federal Contract Tower,0,0,15,1,16,0,0,1,6,7,0,0,16,7,23,20,4,24,47
03/13/2020,JEF,MO,ACE,CE,Federal Contract Tower,0,0,16,2,18,0,0,65,23,88,0,0,81,25,106,72,6,78,184
03/14/2020,JEF,MO,ACE,CE,Federal Contract Tower,0,1,3,0,4,0,0,0,0,0,0,1,3,0,4,0,0,0,4
03/15/2020,JEF,MO,ACE,CE,Federal Contract Tower,0,0,7,0,7,0,0,7,0,7,0,0,14,0,14,0,0,0,14
03/16/2020,JEF,MO,ACE,CE,Federal Contract Tower,0,0,9,0,9,0,0,1,0,1,0,0,10,0,10,64,0,64,74
03/17/2020,JEF,MO,ACE,CE,Federal Contract Tower,0,2,13,3,18,0,0,17,1,18,0,2,30,4,36,190,0,190,226
03/18/2020,JEF,MO,ACE,CE,Federal Contract Tower,0,0,11,0,11,0,0,0,0,0,0,0,11,0,11,38,0,38,49
03/19/2020,JEF,MO,ACE,CE,Federal Contract Tower,0,0,4,0,4,0,0,2,0,2,0,0,6,0,6,30,0,30,36
03/20/2020,JEF,MO,ACE,CE,Federal Contract Tower,0,0,6,0,6,0,0,7,2,9,0,0,13,2,15,0,0,0,15
03/21/2020,JEF,MO,ACE,CE,Federal Contract Tower,0,0,4,0,4,0,2,52,0,54,0,2,56,0,58,52,0,52,110
03/22/2020,JEF,MO,ACE,CE,Federal Contract Tower,0,0,3,0,3,0,0,0,0,0,0,0,3,0,3,0,0,0,3
03/23/2020,JEF,MO,ACE,CE,Federal Contract Tower,0,0,10,0,10,0,0,5,0,5,0,0,15,0,15,16,0,16,31
03/24/2020,JEF,MO,ACE,CE,Federal Contract Tower,0,0,0,0,0,0,0,0,0,0,0,0,0,0,0,0,0,0,0
03/25/2020,JEF,MO,ACE,CE,Federal Contract Tower,0,0,9,1,10,0,0,5,2,7,0,0,14,3,17,12,0,12,29
03/26/2020,JEF,MO,ACE,CE,Federal Contract Tower,0,0,9,0,9,0,0,44,2,46,0,0,53,2,55,152,0,152,207
03/27/2020,JEF,MO,ACE,CE,Federal Contract Tower,0,0,14,0,14,0,0,18,0,18,0,0,32,0,32,22,0,22,54
03/28/2020,JEF,MO,ACE,CE,Federal Contract Tower,0,0,4,0,4,0,0,0,0,0,0,0,4,0,4,0,0,0,4
03/29/2020,JEF,MO,ACE,CE,Federal Contract Tower,0,2,2,0,4,0,0,13,0,13,0,2,15,0,17,4,0,4,21
03/30/2020,JEF,MO,ACE,CE,Federal Contract Tower,0,5,11,0,16,0,0,39,0,39,0,5,50,0,55,132,0,132,187
03/31/2020,JEF,MO,ACE,CE,Federal Contract Tower,0,0,2,0,2,0,0,41,0,41,0,0,43,0,43,148,0,148,191
04/01/2020,JEF,MO,ACE,CE,Federal Contract Tower,0,0,3,0,3,0,0,44,0,44,0,0,47,0,47,194,0,194,241
04/02/2020,JEF,MO,ACE,CE,Federal Contract Tower,0,0,2,0,2,0,0,30,0,30,0,0,32,0,32,118,0,118,150
04/03/2020,JEF,MO,ACE,CE,Federal Contract Tower,0,0,5,0,5,0,0,0,0,0,0,0,5,0,5,58,0,58,63
04/04/2020,JEF,MO,ACE,CE,Federal Contract Tower,0,0,0,0,0,0,0,0,0,0,0,0,0,0,0,0,0,0,0
04/05/2020,JEF,MO,ACE,CE,Federal Contract Tower,0,0,5,0,5,0,0,9,10,19,0,0,14,10,24,14,0,14,38
04/06/2020,JEF,MO,ACE,CE,Federal Contract Tower,0,0,12,0,12,0,0,31,12,43,0,0,43,12,55,154,0,154,209
04/07/2020,JEF,MO,ACE,CE,Federal Contract Tower,0,0,1,0,1,0,0,45,0,45,0,0,46,0,46,150,0,150,196
04/08/2020,JEF,MO,ACE,CE,Federal Contract Tower,0,0,15,0,15,0,0,27,3,30,0,0,42,3,45,66,10,76,121
04/09/2020,JEF,MO,ACE,CE,Federal Contract Tower,0,0,6,0,6,0,0,20,2,22,0,0,26,2,28,14,0,14,42
04/10/2020,JEF,MO,ACE,CE,Federal Contract Tower,0,0,6,0,6,0,0,52,0,52,0,0,58,0,58,120,0,120,178
04/11/2020,JEF,MO,ACE,CE,Federal Contract Tower,0,0,0,0,0,0,0,0,0,0,0,0,0,0,0,0,0,0,0
04/12/2020,JEF,MO,ACE,CE,Federal Contract Tower,0,0,0,0,0,0,0,0,0,0,0,0,0,0,0,0,0,0,0
04/13/2020,JEF,MO,ACE,CE,Federal Contract Tower,0,0,4,0,4,0,0,22,0,22,0,0,26,0,26,82,0,82,108
04/14/2020,JEF,MO,ACE,CE,Federal Contract Tower,0,0,12,0,12,0,0,49,0,49,0,0,61,0,61,74,0,74,135
04/15/2020,JEF,MO,ACE,CE,Federal Contract Tower,0,0,7,0,7,0,0,40,6,46,0,0,47,6,53,48,14,62,115
04/16/2020,JEF,MO,ACE,CE,Federal Contract Tower,0,0,5,0,5,0,0,29,1,30,0,0,34,1,35,84,0,84,119
04/17/2020,JEF,MO,ACE,CE,Federal Contract Tower,0,0,5,0,5,0,0,4,0,4,0,0,9,0,9,0,0,0,9
04/18/2020,JEF,MO,ACE,CE,Federal Contract Tower,0,0,4,0,4,0,2,27,0,29,0,2,31,0,33,30,0,30,63
04/19/2020,JEF,MO,ACE,CE,Federal Contract Tower,0,0,6,0,6,0,0,13,0,13,0,0,19,0,19,4,0,4,23
04/20/2020,JEF,MO,ACE,CE,Federal Contract Tower,0,0,5,0,5,0,1,33,0,34,0,1,38,0,39,82,0,82,121
04/21/2020,JEF,MO,ACE,CE,Federal Contract Tower,0,0,6,0,6,0,1,56,0,57,0,1,62,0,63,142,0,142,205
04/22/2020,JEF,MO,ACE,CE,Federal Contract Tower,0,0,5,0,5,0,0,25,0,25,0,0,30,0,30,28,0,28,58
04/23/2020,JEF,MO,ACE,CE,Federal Contract Tower,0,0,16,0,16,0,0,17,2,19,0,0,33,2,35,36,0,36,71
04/24/2020,JEF,MO,ACE,CE,Federal Contract Tower,0,0,4,0,4,0,0,23,0,23,0,0,27,0,27,32,0,32,59
04/25/2020,JEF,MO,ACE,CE,Federal Contract Tower,0,0,1,0,1,0,0,1,0,1,0,0,2,0,2,0,0,0,2
04/26/2020,JEF,MO,ACE,CE,Federal Contract Tower,0,0,4,0,4,0,2,36,0,38,0,2,40,0,42,24,0,24,66
04/27/2020,JEF,MO,ACE,CE,Federal Contract Tower,0,0,8,2,10,0,0,20,0,20,0,0,28,2,30,6,2,8,38
04/28/2020,JEF,MO,ACE,CE,Federal Contract Tower,0,0,6,0,6,0,0,27,4,31,0,0,33,4,37,80,0,80,117
04/29/2020,JEF,MO,ACE,CE,Federal Contract Tower,0,0,8,0,8,0,0,5,3,8,0,0,13,3,16,12,1,13,29
04/30/2020,JEF,MO,ACE,CE,Federal Contract Tower,0,0,19,0,19,0,0,54,6,60,0,0,73,6,79,54,2,56,135
05/01/2020,JEF,MO,ACE,CE,Federal Contract Tower,0,0,10,0,10,0,0,58,0,58,0,0,68,0,68,64,0,64,132
05/02/2020,JEF,MO,ACE,CE,Federal Contract Tower,0,0,9,2,11,0,0,28,0,28,0,0,37,2,39,38,0,38,77
05/03/2020,JEF,MO,ACE,CE,Federal Contract Tower,0,0,5,0,5,0,0,5,0,5,0,0,10,0,10,0,0,0,10
05/04/2020,JEF,MO,ACE,CE,Federal Contract Tower,0,2,6,0,8,0,2,18,0,20,0,4,24,0,28,12,0,12,40
05/05/2020,JEF,MO,ACE,CE,Federal Contract Tower,0,0,8,0,8,0,0,9,2,11,0,0,17,2,19,0,0,0,19
05/06/2020,JEF,MO,ACE,CE,Federal Contract Tower,0,0,7,0,7,0,0,55,6,61,0,0,62,6,68,120,18,138,206
05/07/2020,JEF,MO,ACE,CE,Federal Contract Tower,0,0,13,0,13,0,2,55,4,61,0,2,68,4,74,64,8,72,146
05/08/2020,JEF,MO,ACE,CE,Federal Contract Tower,0,0,6,0,6,0,0,10,1,11,0,0,16,1,17,0,0,0,17
05/09/2020,JEF,MO,ACE,CE,Federal Contract Tower,0,0,10,0,10,0,0,35,0,35,0,0,45,0,45,32,0,32,77
05/10/2020,JEF,MO,ACE,CE,Federal Contract Tower,0,0,0,0,0,0,0,9,0,9,0,0,9,0,9,20,0,20,29
05/11/2020,JEF,MO,ACE,CE,Federal Contract Tower,0,0,5,0,5,0,2,57,0,59,0,2,62,0,64,94,0,94,158
05/12/2020,JEF,MO,ACE,CE,Federal Contract Tower,0,0,15,2,17,0,0,28,0,28,0,0,43,2,45,106,0,106,151
05/13/2020,JEF,MO,ACE,CE,Federal Contract Tower,0,0,11,2,13,0,0,0,0,0,0,0,11,2,13,0,0,0,13
05/14/2020,JEF,MO,ACE,CE,Federal Contract Tower,0,2,8,0,10,0,0,44,0,44,0,2,52,0,54,62,0,62,116
05/15/2020,JEF,MO,ACE,CE,Federal Contract Tower,0,0,22,0,22,0,5,8,0,13,0,5,30,0,35,12,0,12,47
05/16/2020,JEF,MO,ACE,CE,Federal Contract Tower,0,2,0,0,2,0,0,1,0,1,0,2,1,0,3,0,0,0,3
05/17/2020,JEF,MO,ACE,CE,Federal Contract Tower,0,0,7,0,7,0,4,28,0,32,0,4,35,0,39,26,0,26,65
05/18/2020,JEF,MO,ACE,CE,Federal Contract Tower,0,4,26,0,30,0,0,15,0,15,0,4,41,0,45,32,0,32,77
05/19/2020,JEF,MO,ACE,CE,Federal Contract Tower,0,0,16,0,16,0,0,14,0,14,0,0,30,0,30,24,0,24,54
05/20/2020,JEF,MO,ACE,CE,Federal Contract Tower,0,2,12,2,16,0,2,15,5,22,0,4,27,7,38,34,4,38,76
05/21/2020,JEF,MO,ACE,CE,Federal Contract Tower,0,0,27,29,56,0,0,20,2,22,0,0,47,31,78,110,0,110,188
05/22/2020,JEF,MO,ACE,CE,Federal Contract Tower,0,0,10,1,11,0,0,19,0,19,0,0,29,1,30,26,0,26,56
05/23/2020,JEF,MO,ACE,CE,Federal Contract Tower,0,0,6,0,6,0,0,8,0,8,0,0,14,0,14,36,0,36,50
05/24/2020,JEF,MO,ACE,CE,Federal Contract Tower,0,0,2,0,2,0,0,21,0,21,0,0,23,0,23,10,0,10,33
05/25/2020,JEF,MO,ACE,CE,Federal Contract Tower,0,0,4,0,4,0,2,20,0,22,0,2,24,0,26,24,0,24,50
05/26/2020,JEF,MO,ACE,CE,Federal Contract Tower,0,0,7,0,7,0,0,18,2,20,0,0,25,2,27,0,0,0,27
05/27/2020,JEF,MO,ACE,CE,Federal Contract Tower,0,0,14,1,15,0,0,4,1,5,0,0,18,2,20,24,0,24,44
05/28/2020,JEF,MO,ACE,CE,Federal Contract Tower,0,0,17,0,17,0,0,12,0,12,0,0,29,0,29,84,20,104,133
05/29/2020,JEF,MO,ACE,CE,Federal Contract Tower,0,0,17,0,17,0,4,52,0,56,0,4,69,0,73,30,0,30,103
05/30/2020,JEF,MO,ACE,CE,Federal Contract Tower,0,0,9,0,9,0,2,46,0,48,0,2,55,0,57,40,0,40,97
05/31/2020,JEF,MO,ACE,CE,Federal Contract Tower,0,0,3,0,3,0,3,39,0,42,0,3,42,0,45,40,0,40,85
06/01/2020,JEF,MO,ACE,CE,Federal Contract Tower,0,2,7,0,9,0,4,43,0,47,0,6,50,0,56,44,0,44,100
06/02/2020,JEF,MO,ACE,CE,Federal Contract Tower,0,0,10,0,10,0,4,42,12,58,0,4,52,12,68,14,22,36,104
06/03/2020,JEF,MO,ACE,CE,Federal Contract Tower,0,2,4,0,6,0,2,46,24,72,0,4,50,24,78,74,8,82,160
06/04/2020,JEF,MO,ACE,CE,Federal Contract Tower,0,1,16,0,17,0,0,44,13,57,0,1,60,13,74,58,28,86,160
06/05/2020,JEF,MO,ACE,CE,Federal Contract Tower,0,1,12,0,13,0,2,31,11,44,0,3,43,11,57,42,8,50,107
06/06/2020,JEF,MO,ACE,CE,Federal Contract Tower,0,0,6,0,6,0,0,22,0,22,0,0,28,0,28,16,0,16,44
06/07/2020,JEF,MO,ACE,CE,Federal Contract Tower,0,0,11,0,11,0,1,33,0,34,0,1,44,0,45,0,0,0,45
06/08/2020,JEF,MO,ACE,CE,Federal Contract Tower,0,0,6,0,6,0,0,45,4,49,0,0,51,4,55,96,28,124,179
06/09/2020,JEF,MO,ACE,CE,Federal Contract Tower,0,0,10,2,12,0,0,6,2,8,0,0,16,4,20,4,10,14,34
06/10/2020,JEF,MO,ACE,CE,Federal Contract Tower,0,1,12,0,13,0,1,12,5,18,0,2,24,5,31,12,6,18,49
06/11/2020,JEF,MO,ACE,CE,Federal Contract Tower,0,0,13,2,15,0,0,65,10,75,0,0,78,12,90,68,14,82,172
06/12/2020,JEF,MO,ACE,CE,Federal Contract Tower,0,1,10,0,11,0,4,84,4,92,0,5,94,4,103,74,4,78,181
06/13/2020,JEF,MO,ACE,CE,Federal Contract Tower,0,0,8,0,8,0,2,18,0,20,0,2,26,0,28,40,0,40,68
06/14/2020,JEF,MO,ACE,CE,Federal Contract Tower,0,0,4,0,4,0,5,33,0,38,0,5,37,0,42,0,0,0,42
06/15/2020,JEF,MO,ACE,CE,Federal Contract Tower,0,2,9,2,13,0,4,54,2,60,0,6,63,4,73,66,0,66,139
06/16/2020,JEF,MO,ACE,CE,Federal Contract Tower,0,0,10,0,10,0,2,56,4,62,0,2,66,4,72,68,0,68,140
06/17/2020,JEF,MO,ACE,CE,Federal Contract Tower,0,0,19,4,23,0,4,69,13,86,0,4,88,17,109,108,16,124,233
06/18/2020,JEF,MO,ACE,CE,Federal Contract Tower,0,0,13,1,14,0,4,54,13,71,0,4,67,14,85,96,14,110,195
06/19/2020,JEF,MO,ACE,CE,Federal Contract Tower,0,0,3,0,3,0,0,26,2,28,0,0,29,2,31,34,6,40,71
06/20/2020,JEF,MO,ACE,CE,Federal Contract Tower,0,0,4,0,4,0,0,19,0,19,0,0,23,0,23,14,0,14,37
06/21/2020,JEF,MO,ACE,CE,Federal Contract Tower,0,3,1,0,4,0,0,24,0,24,0,3,25,0,28,0,0,0,28
06/22/2020,JEF,MO,ACE,CE,Federal Contract Tower,0,1,8,1,10,0,2,36,1,39,0,3,44,2,49,112,2,114,163
06/23/2020,JEF,MO,ACE,CE,Federal Contract Tower,0,0,25,4,29,0,0,45,14,59,0,0,70,18,88,60,12,72,160
06/24/2020,JEF,MO,ACE,CE,Federal Contract Tower,0,5,18,2,25,0,2,47,8,57,0,7,65,10,82,40,16,56,138
06/25/2020,JEF,MO,ACE,CE,Federal Contract Tower,0,0,12,2,14,0,4,52,2,58,0,4,64,4,72,34,6,40,112
06/26/2020,JEF,MO,ACE,CE,Federal Contract Tower,0,0,14,2,16,0,2,39,4,45,0,2,53,6,61,102,6,108,169
06/27/2020,JEF,MO,ACE,CE,Federal Contract Tower,0,1,1,0,2,0,3,3,0,6,0,4,4,0,8,8,0,8,16
06/28/2020,JEF,MO,ACE,CE,Federal Contract Tower,0,1,7,0,8,0,0,18,0,18,0,1,25,0,26,14,0,14,40
06/29/2020,JEF,MO,ACE,CE,Federal Contract Tower,0,0,13,2,15,0,0,26,0,26,0,0,39,2,41,20,0,20,61
06/30/2020,JEF,MO,ACE,CE,Federal Contract Tower,0,0,16,0,16,0,2,44,8,54,0,2,60,8,70,98,36,134,204
07/01/2020,JEF,MO,ACE,CE,Federal Contract Tower,0,1,17,2,20,0,0,30,5,35,0,1,47,7,55,6,0,6,61
07/02/2020,JEF,MO,ACE,CE,Federal Contract Tower,0,1,25,2,28,0,4,36,7,47,0,5,61,9,75,20,10,30,105
07/03/2020,JEF,MO,ACE,CE,Federal Contract Tower,0,0,9,0,9,0,4,18,0,22,0,4,27,0,31,48,0,48,79
07/04/2020,JEF,MO,ACE,CE,Federal Contract Tower,0,0,2,0,2,0,0,15,6,21,0,0,17,6,23,16,0,16,39
07/05/2020,JEF,MO,ACE,CE,Federal Contract Tower,0,0,7,0,7,0,0,11,0,11,0,0,18,0,18,2,0,2,20
07/06/2020,JEF,MO,ACE,CE,Federal Contract Tower,0,0,6,0,6,0,11,31,1,43,0,11,37,1,49,96,0,96,145
07/07/2020,JEF,MO,ACE,CE,Federal Contract Tower,0,5,18,0,23,0,6,37,4,47,0,11,55,4,70,18,0,18,88
07/08/2020,JEF,MO,ACE,CE,Federal Contract Tower,0,0,12,2,14,0,5,39,4,48,0,5,51,6,62,80,2,82,144
07/09/2020,JEF,MO,ACE,CE,Federal Contract Tower,0,0,19,0,19,0,2,44,11,57,0,2,63,11,76,78,12,90,166
07/10/2020,JEF,MO,ACE,CE,Federal Contract Tower,0,2,17,0,19,0,0,65,11,76,0,2,82,11,95,40,6,46,141
07/11/2020,JEF,MO,ACE,CE,Federal Contract Tower,0,0,1,0,1,0,2,17,0,19,0,2,18,0,20,8,0,8,28
07/12/2020,JEF,MO,ACE,CE,Federal Contract Tower,0,0,8,0,8,0,4,31,0,35,0,4,39,0,43,0,0,0,43
07/13/2020,JEF,MO,ACE,CE,Federal Contract Tower,0,2,7,2,11,0,7,33,3,43,0,9,40,5,54,74,2,76,130
07/14/2020,JEF,MO,ACE,CE,Federal Contract Tower,0,0,8,0,8,0,0,31,4,35,0,0,39,4,43,62,6,68,111
07/15/2020,JEF,MO,ACE,CE,Federal Contract Tower,0,2,8,2,12,0,0,17,1,18,0,2,25,3,30,38,0,38,68
07/16/2020,JEF,MO,ACE,CE,Federal Contract Tower,0,1,13,0,14,0,7,35,12,54,0,8,48,12,68,82,26,108,176
07/17/2020,JEF,MO,ACE,CE,Federal Contract Tower,0,0,3,0,3,0,2,37,2,41,0,2,40,2,44,60,0,60,104
07/18/2020,JEF,MO,ACE,CE,Federal Contract Tower,0,0,8,0,8,0,0,22,0,22,0,0,30,0,30,4,0,4,34
07/19/2020,JEF,MO,ACE,CE,Federal Contract Tower,0,2,7,0,9,0,1,16,0,17,0,3,23,0,26,6,0,6,32
07/20/2020,JEF,MO,ACE,CE,Federal Contract Tower,0,0,6,0,6,0,0,4,0,4,0,0,10,0,10,6,0,6,16
07/21/2020,JEF,MO,ACE,CE,Federal Contract Tower,0,0,17,3,20,0,0,20,17,37,0,0,37,20,57,78,36,114,171
07/22/2020,JEF,MO,ACE,CE,Federal Contract Tower,0,0,22,2,24,0,0,51,13,64,0,0,73,15,88,74,12,86,174
07/23/2020,JEF,MO,ACE,CE,Federal Contract Tower,0,2,13,0,15,0,6,65,9,80,0,8,78,9,95,56,10,66,161
07/24/2020,JEF,MO,ACE,CE,Federal Contract Tower,0,1,11,0,12,0,8,38,3,49,0,9,49,3,61,42,4,46,107
07/25/2020,JEF,MO,ACE,CE,Federal Contract Tower,0,5,4,0,9,0,0,37,6,43,0,5,41,6,52,59,0,59,111
07/26/2020,JEF,MO,ACE,CE,Federal Contract Tower,0,1,5,0,6,0,0,13,0,13,0,1,18,0,19,0,0,0,19
07/27/2020,JEF,MO,ACE,CE,Federal Contract Tower,0,0,10,0,10,0,1,8,0,9,0,1,18,0,19,6,0,6,25
07/28/2020,JEF,MO,ACE,CE,Federal Contract Tower,0,0,10,1,11,0,2,47,7,56,0,2,57,8,67,74,0,74,141
07/29/2020,JEF,MO,ACE,CE,Federal Contract Tower,0,0,20,0,20,0,0,29,4,33,0,0,49,4,53,32,0,32,85
07/30/2020,JEF,MO,ACE,CE,Federal Contract Tower,0,6,14,1,21,0,0,6,6,12,0,6,20,7,33,24,16,40,73
07/31/2020,JEF,MO,ACE,CE,Federal Contract Tower,0,0,6,4,10,0,0,1,0,1,0,0,7,4,11,8,0,8,19
08/01/2020,JEF,MO,ACE,CE,Federal Contract Tower,0,0,12,2,14,0,2,8,2,12,0,2,20,4,26,0,0,0,26
08/02/2020,JEF,MO,ACE,CE,Federal Contract Tower,0,0,5,2,7,0,0,6,2,8,0,0,11,4,15,0,0,0,15
08/03/2020,JEF,MO,ACE,CE,Federal Contract Tower,0,0,12,0,12,0,3,44,5,52,0,3,56,5,64,36,18,54,118
08/04/2020,JEF,MO,ACE,CE,Federal Contract Tower,0,0,12,1,13,0,3,69,7,79,0,3,81,8,92,92,2,94,186
08/05/2020,JEF,MO,ACE,CE,Federal Contract Tower,0,2,21,2,25,0,6,54,12,72,0,8,75,14,97,102,0,102,199
08/06/2020,JEF,MO,ACE,CE,Federal Contract Tower,0,2,16,1,19,0,2,53,5,60,0,4,69,6,79,72,0,72,151
08/07/2020,JEF,MO,ACE,CE,Federal Contract Tower,0,0,10,1,11,0,0,45,5,50,0,0,55,6,61,90,0,90,151
08/08/2020,JEF,MO,ACE,CE,Federal Contract Tower,0,0,3,0,3,0,0,10,0,10,0,0,13,0,13,0,0,0,13
08/09/2020,JEF,MO,ACE,CE,Federal Contract Tower,0,0,10,0,10,0,1,22,4,27,0,1,32,4,37,16,0,16,53
08/10/2020,JEF,MO,ACE,CE,Federal Contract Tower,0,2,5,0,7,0,2,42,4,48,0,4,47,4,55,6,24,30,85
08/11/2020,JEF,MO,ACE,CE,Federal Contract Tower,0,2,10,2,14,0,0,38,0,38,0,2,48,2,52,124,12,136,188
08/12/2020,JEF,MO,ACE,CE,Federal Contract Tower,0,0,24,5,29,0,0,43,11,54,0,0,67,16,83,100,0,100,183
08/13/2020,JEF,MO,ACE,CE,Federal Contract Tower,0,0,17,2,19,0,2,47,8,57,0,2,64,10,76,66,0,66,142
08/14/2020,JEF,MO,ACE,CE,Federal Contract Tower,0,0,17,0,17,0,2,42,5,49,0,2,59,5,66,56,0,56,122
08/15/2020,JEF,MO,ACE,CE,Federal Contract Tower,0,1,6,0,7,0,1,15,0,16,0,2,21,0,23,10,0,10,33
08/16/2020,JEF,MO,ACE,CE,Federal Contract Tower,0,2,8,0,10,0,2,52,0,54,0,4,60,0,64,20,0,20,84
08/17/2020,JEF,MO,ACE,CE,Federal Contract Tower,0,0,5,0,5,0,2,44,2,48,0,2,49,2,53,98,0,98,151
08/18/2020,JEF,MO,ACE,CE,Federal Contract Tower,0,0,8,2,10,0,2,59,11,72,0,2,67,13,82,54,0,54,136
08/19/2020,JEF,MO,ACE,CE,Federal Contract Tower,0,0,21,2,23,0,0,52,4,56,0,0,73,6,79,70,0,70,149
08/20/2020,JEF,MO,ACE,CE,Federal Contract Tower,0,0,17,3,20,0,2,56,11,69,0,2,73,14,89,48,20,68,157
08/21/2020,JEF,MO,ACE,CE,Federal Contract Tower,0,0,9,0,9,0,2,68,5,75,0,2,77,5,84,120,0,120,204
08/22/2020,JEF,MO,ACE,CE,Federal Contract Tower,0,0,7,2,9,0,2,33,0,35,0,2,40,2,44,40,0,40,84
08/23/2020,JEF,MO,ACE,CE,Federal Contract Tower,0,0,8,0,8,0,4,32,0,36,0,4,40,0,44,18,0,18,62
08/24/2020,JEF,MO,ACE,CE,Federal Contract Tower,0,0,14,0,14,0,3,37,3,43,0,3,51,3,57,40,0,40,97
08/25/2020,JEF,MO,ACE,CE,Federal Contract Tower,0,0,11,0,11,0,4,40,14,58,0,4,51,14,69,66,40,106,175
08/26/2020,JEF,MO,ACE,CE,Federal Contract Tower,0,0,19,2,21,0,0,41,10,51,0,0,60,12,72,106,16,122,194
08/27/2020,JEF,MO,ACE,CE,Federal Contract Tower,0,0,13,0,13,0,3,45,12,60,0,3,58,12,73,72,18,90,163
08/28/2020,JEF,MO,ACE,CE,Federal Contract Tower,0,0,16,1,17,0,6,28,2,36,0,6,44,3,53,10,0,10,63
08/29/2020,JEF,MO,ACE,CE,Federal Contract Tower,0,0,4,0,4,0,0,11,0,11,0,0,15,0,15,16,0,16,31
08/30/2020,JEF,MO,ACE,CE,Federal Contract Tower,0,0,5,0,5,0,3,27,0,30,0,3,32,0,35,20,0,20,55
08/31/2020,JEF,MO,ACE,CE,Federal Contract Tower,0,0,2,0,2,0,4,6,1,11,0,4,8,1,13,0,0,0,13
09/01/2020,JEF,MO,ACE,CE,Federal Contract Tower,0,0,15,2,17,0,0,9,2,11,0,0,24,4,28,42,0,42,70
09/02/2020,JEF,MO,ACE,CE,Federal Contract Tower,0,0,12,0,12,0,0,1,0,1,0,0,13,0,13,30,0,30,43
09/03/2020,JEF,MO,ACE,CE,Federal Contract Tower,0,0,10,2,12,0,0,31,2,33,0,0,41,4,45,18,0,18,63
09/04/2020,JEF,MO,ACE,CE,Federal Contract Tower,0,0,10,0,10,0,0,66,1,67,0,0,76,1,77,32,0,32,109
09/05/2020,JEF,MO,ACE,CE,Federal Contract Tower,0,4,8,0,12,0,0,22,0,22,0,4,30,0,34,6,0,6,40
09/06/2020,JEF,MO,ACE,CE,Federal Contract Tower,0,0,3,0,3,0,3,41,0,44,0,3,44,0,47,10,0,10,57
09/07/2020,JEF,MO,ACE,CE,Federal Contract Tower,0,0,11,0,11,0,2,16,0,18,0,2,27,0,29,2,0,2,31
09/08/2020,JEF,MO,ACE,CE,Federal Contract Tower,0,0,9,0,9,0,0,18,0,18,0,0,27,0,27,6,8,14,41
09/09/2020,JEF,MO,ACE,CE,Federal Contract Tower,2,0,18,1,21,0,0,3,4,7,2,0,21,5,28,14,56,70,98
09/10/2020,JEF,MO,ACE,CE,Federal Contract Tower,0,2,19,0,21,0,0,0,0,0,0,2,19,0,21,0,0,0,21
09/11/2020,JEF,MO,ACE,CE,Federal Contract Tower,0,0,13,0,13,0,2,5,4,11,0,2,18,4,24,0,4,4,28
09/12/2020,JEF,MO,ACE,CE,Federal Contract Tower,0,0,7,4,11,0,0,5,3,8,0,0,12,7,19,0,0,0,19
09/13/2020,JEF,MO,ACE,CE,Federal Contract Tower,0,4,5,0,9,0,6,30,6,42,0,10,35,6,51,22,0,22,73
09/14/2020,JEF,MO,ACE,CE,Federal Contract Tower,0,0,14,0,14,0,5,68,1,74,0,5,82,1,88,14,0,14,102
09/15/2020,JEF,MO,ACE,CE,Federal Contract Tower,0,0,6,0,6,0,0,44,1,45,0,0,50,1,51,46,0,46,97
09/16/2020,JEF,MO,ACE,CE,Federal Contract Tower,0,0,6,2,8,0,0,39,8,47,0,0,45,10,55,44,0,44,99
09/17/2020,JEF,MO,ACE,CE,Federal Contract Tower,0,0,19,5,24,0,2,37,11,50,0,2,56,16,74,78,4,82,156
09/18/2020,JEF,MO,ACE,CE,Federal Contract Tower,0,0,14,2,16,0,0,29,7,36,0,0,43,9,52,60,0,60,112
09/19/2020,JEF,MO,ACE,CE,Federal Contract Tower,0,0,1,0,1,0,0,31,0,31,0,0,32,0,32,40,0,40,72
09/20/2020,JEF,MO,ACE,CE,Federal Contract Tower,0,0,11,0,11,0,3,35,0,38,0,3,46,0,49,12,0,12,61
09/21/2020,JEF,MO,ACE,CE,Federal Contract Tower,0,0,5,0,5,0,0,44,5,49,0,0,49,5,54,58,0,58,112
09/22/2020,JEF,MO,ACE,CE,Federal Contract Tower,0,0,12,1,13,0,0,42,8,50,0,0,54,9,63,40,2,42,105
09/23/2020,JEF,MO,ACE,CE,Federal Contract Tower,0,0,16,4,20,0,0,37,4,41,0,0,53,8,61,40,0,40,101
09/24/2020,JEF,MO,ACE,CE,Federal Contract Tower,0,2,20,5,27,0,0,25,12,37,0,2,45,17,64,40,8,48,112
09/25/2020,JEF,MO,ACE,CE,Federal Contract Tower,0,2,11,0,13,0,4,39,2,45,0,6,50,2,58,26,0,26,84
09/26/2020,JEF,MO,ACE,CE,Federal Contract Tower,0,0,10,0,10,0,2,16,0,18,0,2,26,0,28,6,0,6,34
09/27/2020,JEF,MO,ACE,CE,Federal Contract Tower,0,0,6,0,6,0,0,6,0,6,0,0,12,0,12,0,0,0,12
09/28/2020,JEF,MO,ACE,CE,Federal Contract Tower,0,3,18,2,23,0,5,24,3,32,0,8,42,5,55,6,0,6,61
09/29/2020,JEF,MO,ACE,CE,Federal Contract Tower,0,2,14,4,20,0,4,55,2,61,0,6,69,6,81,32,0,32,113
09/30/2020,JEF,MO,ACE,CE,Federal Contract Tower,0,2,21,4,27,0,2,34,6,42,0,4,55,10,69,6,0,6,75
10/01/2020,JEF,MO,ACE,CE,Federal Contract Tower,0,0,14,0,14,0,2,49,7,58,0,2,63,7,72,24,0,24,96
10/02/2020,JEF,MO,ACE,CE,Federal Contract Tower,0,0,8,0,8,0,0,57,6,63,0,0,65,6,71,86,0,86,157
10/03/2020,JEF,MO,ACE,CE,Federal Contract Tower,0,0,3,2,5,0,0,7,6,13,0,0,10,8,18,24,0,24,42
10/04/2020,JEF,MO,ACE,CE,Federal Contract Tower,0,0,11,3,14,0,8,28,3,39,0,8,39,6,53,10,0,10,63
10/05/2020,JEF,MO,ACE,CE,Federal Contract Tower,0,0,4,2,6,0,2,51,3,56,0,2,55,5,62,40,0,40,102
10/06/2020,JEF,MO,ACE,CE,Federal Contract Tower,0,3,14,0,17,0,4,32,12,48,0,7,46,12,65,44,4,48,113
10/07/2020,JEF,MO,ACE,CE,Federal Contract Tower,0,1,10,1,12,0,5,46,10,61,0,6,56,11,73,30,2,32,105
10/08/2020,JEF,MO,ACE,CE,Federal Contract Tower,0,0,21,3,24,0,2,57,8,67,0,2,78,11,91,58,0,58,149
10/09/2020,JEF,MO,ACE,CE,Federal Contract Tower,0,0,14,0,14,0,0,24,0,24,0,0,38,0,38,16,0,16,54
10/10/2020,JEF,MO,ACE,CE,Federal Contract Tower,0,0,9,0,9,0,12,9,0,21,0,12,18,0,30,12,0,12,42
10/11/2020,JEF,MO,ACE,CE,Federal Contract Tower,0,1,13,0,14,0,0,37,0,37,0,1,50,0,51,18,0,18,69
10/12/2020,JEF,MO,ACE,CE,Federal Contract Tower,0,1,8,0,9,0,2,23,0,25,0,3,31,0,34,0,0,0,34
10/13/2020,JEF,MO,ACE,CE,Federal Contract Tower,0,1,12,0,13,0,2,43,0,45,0,3,55,0,58,50,0,50,108
10/14/2020,JEF,MO,ACE,CE,Federal Contract Tower,0,1,8,2,11,0,2,20,5,27,0,3,28,7,38,6,0,6,44
10/15/2020,JEF,MO,ACE,CE,Federal Contract Tower,0,0,13,2,15,0,2,36,2,40,0,2,49,4,55,6,16,22,77
10/16/2020,JEF,MO,ACE,CE,Federal Contract Tower,0,4,18,0,22,0,0,28,8,36,0,4,46,8,58,18,0,18,76
10/17/2020,JEF,MO,ACE,CE,Federal Contract Tower,0,0,8,0,8,0,0,1,0,1,0,0,9,0,9,0,0,0,9
10/18/2020,JEF,MO,ACE,CE,Federal Contract Tower,0,2,3,0,5,0,0,5,0,5,0,2,8,0,10,0,0,0,10
10/19/2020,JEF,MO,ACE,CE,Federal Contract Tower,0,0,10,4,14,0,0,3,0,3,0,0,13,4,17,26,0,26,43
10/20/2020,JEF,MO,ACE,CE,Federal Contract Tower,0,0,7,2,9,0,0,0,0,0,0,0,7,2,9,10,0,10,19
10/21/2020,JEF,MO,ACE,CE,Federal Contract Tower,0,0,14,0,14,0,0,0,0,0,0,0,14,0,14,0,0,0,14
10/22/2020,JEF,MO,ACE,CE,Federal Contract Tower,0,2,16,1,19,0,2,28,14,44,0,4,44,15,63,48,0,48,111
10/23/2020,JEF,MO,ACE,CE,Federal Contract Tower,0,0,24,2,26,0,0,0,0,0,0,0,24,2,26,0,0,0,26
10/24/2020,JEF,MO,ACE,CE,Federal Contract Tower,0,0,17,0,17,0,0,18,1,19,0,0,35,1,36,40,0,40,76
10/25/2020,JEF,MO,ACE,CE,Federal Contract Tower,0,2,10,1,13,0,0,15,0,15,0,2,25,1,28,6,0,6,34
10/26/2020,JEF,MO,ACE,CE,Federal Contract Tower,0,0,5,0,5,0,0,0,0,0,0,0,5,0,5,0,0,0,5
10/27/2020,JEF,MO,ACE,CE,Federal Contract Tower,0,0,4,0,4,0,0,0,0,0,0,0,4,0,4,0,0,0,4
10/28/2020,JEF,MO,ACE,CE,Federal Contract Tower,0,0,7,2,9,0,0,2,0,2,0,0,9,2,11,0,0,0,11
10/29/2020,JEF,MO,ACE,CE,Federal Contract Tower,0,2,14,0,16,0,0,11,7,18,0,2,25,7,34,44,0,44,78
10/30/2020,JEF,MO,ACE,CE,Federal Contract Tower,0,2,12,0,14,0,0,83,7,90,0,2,95,7,104,16,17,33,137
10/31/2020,JEF,MO,ACE,CE,Federal Contract Tower,0,0,5,0,5,0,2,19,0,21,0,2,24,0,26,0,0,0,26
11/01/2020,JEF,MO,ACE,CE,Federal Contract Tower,0,0,7,0,7,0,0,19,0,19,0,0,26,0,26,6,0,6,32
11/02/2020,JEF,MO,ACE,CE,Federal Contract Tower,0,4,10,0,14,0,7,43,2,52,0,11,53,2,66,34,0,34,100
11/03/2020,JEF,MO,ACE,CE,Federal Contract Tower,0,0,10,0,10,0,0,44,6,50,0,0,54,6,60,122,0,122,182
11/04/2020,JEF,MO,ACE,CE,Federal Contract Tower,0,2,12,2,16,0,0,48,0,48,0,2,60,2,64,2,0,2,66
11/05/2020,JEF,MO,ACE,CE,Federal Contract Tower,0,1,10,2,13,0,6,56,11,73,0,7,66,13,86,76,24,100,186
11/06/2020,JEF,MO,ACE,CE,Federal Contract Tower,0,0,9,6,15,0,2,60,8,70,0,2,69,14,85,84,0,84,169
11/07/2020,JEF,MO,ACE,CE,Federal Contract Tower,0,2,3,0,5,0,2,65,1,68,0,4,68,1,73,8,0,8,81
11/08/2020,JEF,MO,ACE,CE,Federal Contract Tower,0,0,16,2,18,0,0,10,2,12,0,0,26,4,30,0,0,0,30
11/09/2020,JEF,MO,ACE,CE,Federal Contract Tower,0,0,6,0,6,0,0,4,0,4,0,0,10,0,10,0,0,0,10
11/10/2020,JEF,MO,ACE,CE,Federal Contract Tower,0,0,2,0,2,0,0,3,0,3,0,0,5,0,5,0,0,0,5
11/11/2020,JEF,MO,ACE,CE,Federal Contract Tower,0,4,11,0,15,0,6,47,0,53,0,10,58,0,68,72,0,72,140
11/12/2020,JEF,MO,ACE,CE,Federal Contract Tower,0,2,11,2,15,0,0,54,5,59,0,2,65,7,74,72,0,72,146
11/13/2020,JEF,MO,ACE,CE,Federal Contract Tower,0,2,5,0,7,0,13,34,2,49,0,15,39,2,56,52,0,52,108
11/14/2020,JEF,MO,ACE,CE,Federal Contract Tower,0,0,5,0,5,0,0,1,0,1,0,0,6,0,6,0,0,0,6
11/15/2020,JEF,MO,ACE,CE,Federal Contract Tower,0,0,8,0,8,0,2,9,0,11,0,2,17,0,19,0,0,0,19
11/16/2020,JEF,MO,ACE,CE,Federal Contract Tower,0,0,13,0,13,0,5,25,0,30,0,5,38,0,43,8,0,8,51
11/17/2020,JEF,MO,ACE,CE,Federal Contract Tower,0,2,10,0,12,0,0,66,17,83,0,2,76,17,95,116,20,136,231
11/18/2020,JEF,MO,ACE,CE,Federal Contract Tower,0,0,13,0,13,0,0,26,1,27,0,0,39,1,40,32,0,32,72
11/19/2020,JEF,MO,ACE,CE,Federal Contract Tower,2,2,4,0,8,0,0,2,11,13,2,2,6,11,21,0,6,6,27
11/20/2020,JEF,MO,ACE,CE,Federal Contract Tower,0,0,11,1,12,0,0,20,1,21,0,0,31,2,33,26,0,26,59
11/21/2020,JEF,MO,ACE,CE,Federal Contract Tower,0,0,8,0,8,0,0,0,0,0,0,0,8,0,8,0,0,0,8
11/22/2020,JEF,MO,ACE,CE,Federal Contract Tower,0,0,7,0,7,0,3,15,0,18,0,3,22,0,25,28,0,28,53
11/23/2020,JEF,MO,ACE,CE,Federal Contract Tower,0,0,5,0,5,0,0,11,0,11,0,0,16,0,16,2,4,6,22
11/24/2020,JEF,MO,ACE,CE,Federal Contract Tower,0,0,8,0,8,0,0,8,0,8,0,0,16,0,16,0,0,0,16
11/25/2020,JEF,MO,ACE,CE,Federal Contract Tower,0,0,8,0,8,0,0,0,0,0,0,0,8,0,8,0,0,0,8
11/26/2020,JEF,MO,ACE,CE,Federal Contract Tower,0,0,3,0,3,0,0,6,0,6,0,0,9,0,9,0,0,0,9
11/27/2020,JEF,MO,ACE,CE,Federal Contract Tower,0,0,5,0,5,0,2,15,0,17,0,2,20,0,22,30,0,30,52
11/28/2020,JEF,MO,ACE,CE,Federal Contract Tower,0,0,5,0,5,0,1,35,1,37,0,1,40,1,42,12,0,12,54
11/29/2020,JEF,MO,ACE,CE,Federal Contract Tower,0,0,7,0,7,0,0,16,0,16,0,0,23,0,23,0,0,0,23
11/30/2020,JEF,MO,ACE,CE,Federal Contract Tower,0,4,7,2,13,0,2,23,0,25,0,6,30,2,38,34,0,34,72
12/01/2020,JEF,MO,ACE,CE,Federal Contract Tower,0,0,7,0,7,0,2,58,5,65,0,2,65,5,72,70,2,72,144
12/02/2020,JEF,MO,ACE,CE,Federal Contract Tower,0,1,25,4,30,0,0,50,13,63,0,1,75,17,93,56,0,56,149
12/03/2020,JEF,MO,ACE,CE,Federal Contract Tower,0,1,11,2,14,0,0,5,6,11,0,1,16,8,25,10,0,10,35
12/04/2020,JEF,MO,ACE,CE,Federal Contract Tower,0,0,8,1,9,0,3,34,5,42,0,3,42,6,51,54,0,54,105
12/05/2020,JEF,MO,ACE,CE,Federal Contract Tower,0,0,8,0,8,0,1,37,4,42,0,1,45,4,50,44,0,44,94
12/06/2020,JEF,MO,ACE,CE,Federal Contract Tower,0,0,11,0,11,0,0,32,0,32,0,0,43,0,43,0,0,0,43
12/07/2020,JEF,MO,ACE,CE,Federal Contract Tower,0,0,19,0,19,0,4,25,0,29,0,4,44,0,48,12,0,12,60
12/08/2020,JEF,MO,ACE,CE,Federal Contract Tower,0,0,3,2,5,0,0,14,0,14,0,0,17,2,19,12,0,12,31
12/09/2020,JEF,MO,ACE,CE,Federal Contract Tower,0,0,19,0,19,0,10,58,8,76,0,10,77,8,95,78,0,78,173
12/10/2020,JEF,MO,ACE,CE,Federal Contract Tower,0,0,20,4,24,0,0,63,5,68,0,0,83,9,92,62,8,70,162
12/11/2020,JEF,MO,ACE,CE,Federal Contract Tower,0,0,9,2,11,0,0,2,0,2,0,0,11,2,13,0,0,0,13
12/12/2020,JEF,MO,ACE,CE,Federal Contract Tower,0,0,2,0,2,0,0,0,0,0,0,0,2,0,2,0,0,0,2
12/13/2020,JEF,MO,ACE,CE,Federal Contract Tower,0,0,10,0,10,0,0,0,0,0,0,0,10,0,10,48,0,48,58
12/14/2020,JEF,MO,ACE,CE,Federal Contract Tower,0,0,9,0,9,0,2,30,0,32,0,2,39,0,41,36,0,36,77
12/15/2020,JEF,MO,ACE,CE,Federal Contract Tower,0,2,12,0,14,0,0,24,2,26,0,2,36,2,40,78,0,78,118
12/16/2020,JEF,MO,ACE,CE,Federal Contract Tower,0,0,16,1,17,0,0,14,2,16,0,0,30,3,33,42,0,42,75
12/17/2020,JEF,MO,ACE,CE,Federal Contract Tower,0,0,19,1,20,0,2,42,14,58,0,2,61,15,78,76,0,76,154
12/18/2020,JEF,MO,ACE,CE,Federal Contract Tower,0,0,10,0,10,0,0,38,4,42,0,0,48,4,52,10,2,12,64
12/19/2020,JEF,MO,ACE,CE,Federal Contract Tower,0,0,10,0,10,0,0,8,0,8,0,0,18,0,18,0,0,0,18
12/20/2020,JEF,MO,ACE,CE,Federal Contract Tower,0,0,5,0,5,0,7,31,0,38,0,7,36,0,43,14,0,14,57
12/21/2020,JEF,MO,ACE,CE,Federal Contract Tower,0,0,9,4,13,0,0,20,2,22,0,0,29,6,35,0,0,0,35
12/22/2020,JEF,MO,ACE,CE,Federal Contract Tower,0,0,12,0,12,0,2,59,3,64,0,2,71,3,76,86,8,94,170
12/23/2020,JEF,MO,ACE,CE,Federal Contract Tower,0,0,14,0,14,0,0,7,0,7,0,0,21,0,21,0,0,0,21
12/24/2020,JEF,MO,ACE,CE,Federal Contract Tower,0,0,1,0,1,0,0,3,0,3,0,0,4,0,4,0,0,0,4
12/25/2020,JEF,MO,ACE,CE,Federal Contract Tower,0,0,0,0,0,0,0,3,0,3,0,0,3,0,3,0,0,0,3
12/26/2020,JEF,MO,ACE,CE,Federal Contract Tower,0,0,5,0,5,0,2,33,0,35,0,2,38,0,40,23,0,23,63
12/27/2020,JEF,MO,ACE,CE,Federal Contract Tower,0,0,1,0,1,0,0,11,0,11,0,0,12,0,12,6,0,6,18
12/28/2020,JEF,MO,ACE,CE,Federal Contract Tower,0,2,10,0,12,0,0,33,0,33,0,2,43,0,45,124,0,124,169
12/29/2020,JEF,MO,ACE,CE,Federal Contract Tower,0,2,3,0,5,0,1,1,0,2,0,3,4,0,7,20,0,20,27
12/30/2020,JEF,MO,ACE,CE,Federal Contract Tower,0,0,2,0,2,0,0,2,0,2,0,0,4,0,4,18,14,32,36
12/31/2020,JEF,MO,ACE,CE,Federal Contract Tower,0,0,3,0,3,0,0,27,1,28,0,0,30,1,31,60,0,60,91
01/01/2021,JEF,MO,ACE,CE,Federal Contract Tower,0,0,3,0,3,0,0,0,0,0,0,0,3,0,3,0,0,0,3
01/02/2021,JEF,MO,ACE,CE,Federal Contract Tower,0,4,2,0,6,0,0,0,0,0,0,4,2,0,6,0,0,0,6
01/03/2021,JEF,MO,ACE,CE,Federal Contract Tower,0,0,4,0,4,0,0,0,0,0,0,0,4,0,4,0,0,0,4
01/04/2021,JEF,MO,ACE,CE,Federal Contract Tower,0,0,11,0,11,0,0,0,0,0,0,0,11,0,11,0,0,0,11
01/05/2021,JEF,MO,ACE,CE,Federal Contract Tower,0,0,12,0,12,0,0,73,9,82,0,0,85,9,94,92,0,92,186
01/06/2021,JEF,MO,ACE,CE,Federal Contract Tower,0,0,8,0,8,0,0,50,11,61,0,0,58,11,69,50,0,50,119
01/07/2021,JEF,MO,ACE,CE,Federal Contract Tower,0,1,8,2,11,0,1,0,10,11,0,2,8,12,22,32,0,32,54
01/08/2021,JEF,MO,ACE,CE,Federal Contract Tower,0,0,13,1,14,0,0,18,0,18,0,0,31,1,32,41,0,41,73
01/09/2021,JEF,MO,ACE,CE,Federal Contract Tower,0,0,1,0,1,0,0,3,7,10,0,0,4,7,11,58,0,58,69
01/10/2021,JEF,MO,ACE,CE,Federal Contract Tower,0,0,10,0,10,0,0,3,2,5,0,0,13,2,15,58,0,58,73
01/11/2021,JEF,MO,ACE,CE,Federal Contract Tower,0,3,17,2,22,0,2,37,1,40,0,5,54,3,62,102,0,102,164
01/12/2021,JEF,MO,ACE,CE,Federal Contract Tower,0,0,8,2,10,0,4,27,13,44,0,4,35,15,54,30,20,50,104
01/13/2021,JEF,MO,ACE,CE,Federal Contract Tower,0,0,15,0,15,0,4,50,7,61,0,4,65,7,76,40,8,48,124
01/14/2021,JEF,MO,ACE,CE,Federal Contract Tower,0,0,15,2,17,0,0,11,6,17,0,0,26,8,34,0,0,0,34
01/15/2021,JEF,MO,ACE,CE,Federal Contract Tower,0,0,6,0,6,0,0,0,0,0,0,0,6,0,6,0,0,0,6
01/16/2021,JEF,MO,ACE,CE,Federal Contract Tower,0,0,8,0,8,0,0,1,0,1,0,0,9,0,9,0,0,0,9
01/17/2021,JEF,MO,ACE,CE,Federal Contract Tower,0,0,3,0,3,0,0,8,0,8,0,0,11,0,11,0,0,0,11
01/18/2021,JEF,MO,ACE,CE,Federal Contract Tower,0,0,9,2,11,0,0,43,0,43,0,0,52,2,54,34,0,34,88
01/19/2021,JEF,MO,ACE,CE,Federal Contract Tower,0,0,13,0,13,0,0,11,0,11,0,0,24,0,24,0,0,0,24
01/20/2021,JEF,MO,ACE,CE,Federal Contract Tower,0,0,13,1,14,0,2,35,8,45,0,2,48,9,59,44,2,46,105
01/21/2021,JEF,MO,ACE,CE,Federal Contract Tower,0,0,17,2,19,0,2,56,3,61,0,2,73,5,80,32,0,32,112
01/22/2021,JEF,MO,ACE,CE,Federal Contract Tower,0,0,11,3,14,0,3,39,3,45,0,3,50,6,59,60,0,60,119
01/23/2021,JEF,MO,ACE,CE,Federal Contract Tower,0,3,7,0,10,0,1,43,0,44,0,4,50,0,54,14,0,14,68
01/24/2021,JEF,MO,ACE,CE,Federal Contract Tower,0,0,4,0,4,0,1,0,0,1,0,1,4,0,5,0,0,0,5
01/25/2021,JEF,MO,ACE,CE,Federal Contract Tower,0,0,9,0,9,0,0,0,0,0,0,0,9,0,9,0,0,0,9
01/26/2021,JEF,MO,ACE,CE,Federal Contract Tower,0,0,10,0,10,0,0,10,2,12,0,0,20,2,22,14,0,14,36
01/27/2021,JEF,MO,ACE,CE,Federal Contract Tower,0,0,8,0,8,0,0,4,0,4,0,0,12,0,12,26,0,26,38
01/28/2021,JEF,MO,ACE,CE,Federal Contract Tower,0,0,16,2,18,0,1,54,13,68,0,1,70,15,86,82,10,92,178
01/29/2021,JEF,MO,ACE,CE,Federal Contract Tower,0,1,12,0,13,0,2,70,8,80,0,3,82,8,93,50,2,52,145
01/30/2021,JEF,MO,ACE,CE,Federal Contract Tower,0,0,0,0,0,0,0,0,0,0,0,0,0,0,0,0,0,0,0
01/31/2021,JEF,MO,ACE,CE,Federal Contract Tower,0,0,4,0,4,0,0,2,2,4,0,0,6,2,8,0,0,0,8
02/01/2021,JEF,MO,ACE,CE,Federal Contract Tower,0,0,10,2,12,0,0,1,0,1,0,0,11,2,13,0,0,0,13
02/02/2021,JEF,MO,ACE,CE,Federal Contract Tower,0,0,15,0,15,0,0,33,10,43,0,0,48,10,58,20,0,20,78
02/03/2021,JEF,MO,ACE,CE,Federal Contract Tower,0,1,24,4,29,0,0,50,3,53,0,1,74,7,82,42,20,62,144
02/04/2021,JEF,MO,ACE,CE,Federal Contract Tower,0,0,14,0,14,0,0,1,2,3,0,0,15,2,17,0,0,0,17
02/05/2021,JEF,MO,ACE,CE,Federal Contract Tower,0,0,13,2,15,0,0,36,3,39,0,0,49,5,54,4,0,4,58
02/06/2021,JEF,MO,ACE,CE,Federal Contract Tower,0,0,2,0,2,0,0,8,0,8,0,0,10,0,10,18,0,18,28
02/07/2021,JEF,MO,ACE,CE,Federal Contract Tower,0,0,0,0,0,0,0,0,0,0,0,0,0,0,0,0,0,0,0
02/08/2021,JEF,MO,ACE,CE,Federal Contract Tower,0,0,6,0,6,0,0,1,0,1,0,0,7,0,7,0,0,0,7
02/09/2021,JEF,MO,ACE,CE,Federal Contract Tower,0,0,19,0,19,0,0,12,0,12,0,0,31,0,31,6,0,6,37
02/10/2021,JEF,MO,ACE,CE,Federal Contract Tower,0,0,11,0,11,0,0,0,0,0,0,0,11,0,11,0,0,0,11
02/11/2021,JEF,MO,ACE,CE,Federal Contract Tower,0,1,13,0,14,0,0,20,0,20,0,1,33,0,34,0,0,0,34
02/12/2021,JEF,MO,ACE,CE,Federal Contract Tower,0,0,8,0,8,0,0,33,0,33,0,0,41,0,41,0,0,0,41
02/13/2021,JEF,MO,ACE,CE,Federal Contract Tower,0,0,4,0,4,0,2,4,0,6,0,2,8,0,10,0,0,0,10
02/14/2021,JEF,MO,ACE,CE,Federal Contract Tower,0,1,0,0,1,0,0,0,0,0,0,1,0,0,1,0,0,0,1
02/15/2021,JEF,MO,ACE,CE,Federal Contract Tower,0,0,2,0,2,0,0,0,0,0,0,0,2,0,2,0,0,0,2
02/16/2021,JEF,MO,ACE,CE,Federal Contract Tower,0,0,6,0,6,0,0,3,0,3,0,0,9,0,9,0,0,0,9
02/17/2021,JEF,MO,ACE,CE,Federal Contract Tower,0,0,10,0,10,0,0,0,0,0,0,0,10,0,10,0,0,0,10
02/18/2021,JEF,MO,ACE,CE,Federal Contract Tower,0,0,4,2,6,0,1,9,8,18,0,1,13,10,24,14,2,16,40
02/19/2021,JEF,MO,ACE,CE,Federal Contract Tower,0,0,11,2,13,0,0,53,3,56,0,0,64,5,69,32,0,32,101
02/20/2021,JEF,MO,ACE,CE,Federal Contract Tower,0,0,13,0,13,0,2,38,0,40,0,2,51,0,53,44,6,50,103
02/21/2021,JEF,MO,ACE,CE,Federal Contract Tower,0,0,0,0,0,0,0,0,0,0,0,0,0,0,0,0,0,0,0
02/22/2021,JEF,MO,ACE,CE,Federal Contract Tower,0,0,15,2,17,0,1,37,0,38,0,1,52,2,55,32,0,32,87
02/23/2021,JEF,MO,ACE,CE,Federal Contract Tower,0,0,16,4,20,0,4,67,5,76,0,4,83,9,96,16,6,22,118
02/24/2021,JEF,MO,ACE,CE,Federal Contract Tower,0,0,33,1,34,0,2,58,16,76,0,2,91,17,110,58,2,60,170
02/25/2021,JEF,MO,ACE,CE,Federal Contract Tower,0,6,21,1,28,0,4,44,1,49,0,10,65,2,77,52,0,52,129
02/26/2021,JEF,MO,ACE,CE,Federal Contract Tower,0,3,15,3,21,0,0,38,2,40,0,3,53,5,61,92,0,92,153
02/27/2021,JEF,MO,ACE,CE,Federal Contract Tower,0,0,5,0,5,0,0,36,0,36,0,0,41,0,41,42,0,42,83
02/28/2021,JEF,MO,ACE,CE,Federal Contract Tower,0,2,14,0,16,0,0,7,0,7,0,2,21,0,23,4,0,4,27
03/01/2021,JEF,MO,ACE,CE,Federal Contract Tower,0,2,20,0,22,0,0,51,2,53,0,2,71,2,75,36,0,36,111
03/02/2021,JEF,MO,ACE,CE,Federal Contract Tower,0,2,21,0,23,0,9,39,4,52,0,11,60,4,75,42,0,42,117
03/03/2021,JEF,MO,ACE,CE,Federal Contract Tower,0,1,29,0,30,0,0,51,7,58,0,1,80,7,88,32,0,32,120
03/04/2021,JEF,MO,ACE,CE,Federal Contract Tower,0,0,21,2,23,0,0,75,3,78,0,0,96,5,101,26,10,36,137
03/05/2021,JEF,MO,ACE,CE,Federal Contract Tower,0,0,17,2,19,0,0,55,12,67,0,0,72,14,86,51,2,53,139
03/06/2021,JEF,MO,ACE,CE,Federal Contract Tower,0,2,7,1,10,0,0,53,0,53,0,2,60,1,63,60,0,60,123
03/07/2021,JEF,MO,ACE,CE,Federal Contract Tower,0,0,8,0,8,0,0,39,0,39,0,0,47,0,47,44,0,44,91
03/08/2021,JEF,MO,ACE,CE,Federal Contract Tower,0,1,19,0,20,0,2,36,4,42,0,3,55,4,62,20,0,20,82
03/09/2021,JEF,MO,ACE,CE,Federal Contract Tower,0,1,15,2,18,0,0,20,2,22,0,1,35,4,40,0,0,0,40
03/10/2021,JEF,MO,ACE,CE,Federal Contract Tower,0,3,21,0,24,0,0,12,8,20,0,3,33,8,44,8,0,8,52
03/11/2021,JEF,MO,ACE,CE,Federal Contract Tower,0,4,16,0,20,0,0,14,0,14,0,4,30,0,34,8,0,8,42
03/12/2021,JEF,MO,ACE,CE,Federal Contract Tower,0,2,5,2,9,0,0,16,0,16,0,2,21,2,25,0,2,2,27
03/13/2021,JEF,MO,ACE,CE,Federal Contract Tower,0,0,7,0,7,0,0,6,0,6,0,0,13,0,13,48,0,48,61
03/14/2021,JEF,MO,ACE,CE,Federal Contract Tower,0,0,7,0,7,0,0,0,0,0,0,0,7,0,7,0,0,0,7
03/15/2021,JEF,MO,ACE,CE,Federal Contract Tower,0,2,9,2,13,0,0,17,0,17,0,2,26,2,30,0,0,0,30
03/16/2021,JEF,MO,ACE,CE,Federal Contract Tower,0,2,28,8,38,0,0,0,0,0,0,2,28,8,38,0,10,10,48
03/17/2021,JEF,MO,ACE,CE,Federal Contract Tower,0,0,13,0,13,0,0,0,0,0,0,0,13,0,13,0,0,0,13
03/18/2021,JEF,MO,ACE,CE,Federal Contract Tower,0,2,16,2,20,0,0,1,0,1,0,2,17,2,21,0,0,0,21
03/19/2021,JEF,MO,ACE,CE,Federal Contract Tower,0,0,23,0,23,0,2,54,6,62,0,2,77,6,85,42,12,54,139
03/20/2021,JEF,MO,ACE,CE,Federal Contract Tower,0,0,10,1,11,0,2,60,0,62,0,2,70,1,73,40,0,40,113
03/21/2021,JEF,MO,ACE,CE,Federal Contract Tower,0,1,12,2,15,0,2,18,4,24,0,3,30,6,39,0,0,0,39
03/22/2021,JEF,MO,ACE,CE,Federal Contract Tower,0,0,12,0,12,0,0,26,0,26,0,0,38,0,38,0,0,0,38
03/23/2021,JEF,MO,ACE,CE,Federal Contract Tower,0,0,6,0,6,0,3,3,6,12,0,3,9,6,18,8,0,8,26
03/24/2021,JEF,MO,ACE,CE,Federal Contract Tower,0,6,22,0,28,0,2,19,14,35,0,8,41,14,63,4,30,34,97
03/25/2021,JEF,MO,ACE,CE,Federal Contract Tower,0,2,13,0,15,0,0,10,4,14,0,2,23,4,29,0,0,0,29
03/26/2021,JEF,MO,ACE,CE,Federal Contract Tower,0,0,36,2,38,0,11,55,2,68,0,11,91,4,106,60,6,66,172
03/27/2021,JEF,MO,ACE,CE,Federal Contract Tower,0,1,7,2,10,0,0,27,0,27,0,1,34,2,37,10,0,10,47
03/28/2021,JEF,MO,ACE,CE,Federal Contract Tower,0,2,6,0,8,0,4,38,0,42,0,6,44,0,50,4,0,4,54
03/29/2021,JEF,MO,ACE,CE,Federal Contract Tower,0,0,12,1,13,0,5,54,0,59,0,5,66,1,72,32,0,32,104
03/30/2021,JEF,MO,ACE,CE,Federal Contract Tower,0,1,10,0,11,0,0,31,8,39,0,1,41,8,50,28,0,28,78
03/31/2021,JEF,MO,ACE,CE,Federal Contract Tower,0,2,16,2,20,0,2,46,2,50,0,4,62,4,70,20,0,20,90
04/01/2021,JEF,MO,ACE,CE,Federal Contract Tower,0,0,10,0,10,0,0,52,4,56,0,0,62,4,66,68,0,68,134
04/02/2021,JEF,MO,ACE,CE,Federal Contract Tower,0,2,5,0,7,0,3,60,0,63,0,5,65,0,70,48,0,48,118
04/03/2021,JEF,MO,ACE,CE,Federal Contract Tower,0,0,3,1,4,0,0,26,1,27,0,0,29,2,31,32,0,32,63
04/04/2021,JEF,MO,ACE,CE,Federal Contract Tower,0,0,2,0,2,0,0,26,0,26,0,0,28,0,28,0,0,0,28
04/05/2021,JEF,MO,ACE,CE,Federal Contract Tower,0,0,11,0,11,0,4,44,2,50,0,4,55,2,61,46,6,52,113
04/06/2021,JEF,MO,ACE,CE,Federal Contract Tower,0,0,13,2,15,0,2,35,2,39,0,2,48,4,54,24,0,24,78
04/07/2021,JEF,MO,ACE,CE,Federal Contract Tower,0,0,10,0,10,0,0,3,0,3,0,0,13,0,13,0,0,0,13
04/08/2021,JEF,MO,ACE,CE,Federal Contract Tower,0,0,22,2,24,0,0,10,4,14,0,0,32,6,38,4,26,30,68
04/09/2021,JEF,MO,ACE,CE,Federal Contract Tower,0,0,18,3,21,0,4,53,6,63,0,4,71,9,84,96,16,112,196
04/10/2021,JEF,MO,ACE,CE,Federal Contract Tower,0,1,5,0,6,0,0,0,0,0,0,1,5,0,6,0,0,0,6
04/11/2021,JEF,MO,ACE,CE,Federal Contract Tower,0,0,10,0,10,0,5,35,3,43,0,5,45,3,53,16,0,16,69
04/12/2021,JEF,MO,ACE,CE,Federal Contract Tower,0,0,18,1,19,0,2,63,5,70,0,2,81,6,89,74,2,76,165
04/13/2021,JEF,MO,ACE,CE,Federal Contract Tower,0,2,13,0,15,0,0,75,6,81,0,2,88,6,96,60,0,60,156
04/14/2021,JEF,MO,ACE,CE,Federal Contract Tower,0,1,23,1,25,0,3,72,9,84,0,4,95,10,109,90,12,102,211
04/15/2021,JEF,MO,ACE,CE,Federal Contract Tower,0,1,30,0,31,0,0,50,11,61,0,1,80,11,92,72,36,108,200
04/16/2021,JEF,MO,ACE,CE,Federal Contract Tower,0,0,15,2,17,0,0,35,0,35,0,0,50,2,52,76,12,88,140
04/17/2021,JEF,MO,ACE,CE,Federal Contract Tower,0,2,1,0,3,0,0,14,0,14,0,2,15,0,17,4,0,4,21
04/18/2021,JEF,MO,ACE,CE,Federal Contract Tower,0,2,8,0,10,0,2,28,0,30,0,4,36,0,40,60,0,60,100
04/19/2021,JEF,MO,ACE,CE,Federal Contract Tower,0,4,8,0,12,0,7,48,5,60,0,11,56,5,72,52,0,52,124
04/20/2021,JEF,MO,ACE,CE,Federal Contract Tower,0,2,8,2,12,0,0,2,0,2,0,2,10,2,14,0,0,0,14
04/21/2021,JEF,MO,ACE,CE,Federal Contract Tower,0,0,16,0,16,0,2,33,1,36,0,2,49,1,52,24,4,28,80
04/22/2021,JEF,MO,ACE,CE,Federal Contract Tower,0,0,29,0,29,0,4,70,5,79,0,4,99,5,108,86,12,98,206
04/23/2021,JEF,MO,ACE,CE,Federal Contract Tower,0,0,11,2,13,0,2,23,2,27,0,2,34,4,40,10,12,22,62
04/24/2021,JEF,MO,ACE,CE,Federal Contract Tower,0,0,0,2,2,0,0,6,0,6,0,0,6,2,8,4,0,4,12
04/25/2021,JEF,MO,ACE,CE,Federal Contract Tower,0,0,13,0,13,0,6,45,2,53,0,6,58,2,66,22,0,22,88
04/26/2021,JEF,MO,ACE,CE,Federal Contract Tower,0,0,10,0,10,0,0,14,2,16,0,0,24,2,26,20,0,20,46
04/27/2021,JEF,MO,ACE,CE,Federal Contract Tower,0,0,15,2,17,0,0,40,4,44,0,0,55,6,61,18,0,18,79
04/28/2021,JEF,MO,ACE,CE,Federal Contract Tower,0,0,13,1,14,0,0,12,6,18,0,0,25,7,32,68,2,70,102
04/29/2021,JEF,MO,ACE,CE,Federal Contract Tower,0,3,22,5,30,0,0,28,10,38,0,3,50,15,68,14,2,16,84
04/30/2021,JEF,MO,ACE,CE,Federal Contract Tower,0,1,12,1,14,0,0,100,15,115,0,1,112,16,129,144,18,162,291
05/01/2021,JEF,MO,ACE,CE,Federal Contract Tower,0,1,5,1,7,0,0,20,5,25,0,1,25,6,32,10,0,10,42
05/02/2021,JEF,MO,ACE,CE,Federal Contract Tower,0,3,7,4,14,0,0,2,8,10,0,3,9,12,24,8,6,14,38
05/03/2021,JEF,MO,ACE,CE,Federal Contract Tower,0,4,16,2,22,0,2,36,1,39,0,6,52,3,61,44,0,44,105
05/04/2021,JEF,MO,ACE,CE,Federal Contract Tower,0,0,18,4,22,0,0,9,2,11,0,0,27,6,33,0,2,2,35
05/05/2021,JEF,MO,ACE,CE,Federal Contract Tower,0,2,22,1,25,0,4,66,5,75,0,6,88,6,100,72,0,72,172
05/06/2021,JEF,MO,ACE,CE,Federal Contract Tower,0,4,17,0,21,0,2,29,10,41,0,6,46,10,62,36,0,36,98
05/07/2021,JEF,MO,ACE,CE,Federal Contract Tower,0,0,21,4,25,0,2,26,7,35,0,2,47,11,60,42,0,42,102
05/08/2021,JEF,MO,ACE,CE,Federal Contract Tower,0,0,4,0,4,0,0,3,0,3,0,0,7,0,7,42,0,42,49
05/09/2021,JEF,MO,ACE,CE,Federal Contract Tower,0,0,14,0,14,0,0,0,0,0,0,0,14,0,14,2,0,2,16
05/10/2021,JEF,MO,ACE,CE,Federal Contract Tower,0,4,16,0,20,0,1,58,1,60,0,5,74,1,80,66,0,66,146
05/11/2021,JEF,MO,ACE,CE,Federal Contract Tower,0,0,14,0,14,0,0,42,0,42,0,0,56,0,56,32,0,32,88
05/12/2021,JEF,MO,ACE,CE,Federal Contract Tower,0,0,17,3,20,0,8,57,7,72,0,8,74,10,92,42,0,42,134
05/13/2021,JEF,MO,ACE,CE,Federal Contract Tower,0,0,29,0,29,0,2,62,21,85,0,2,91,21,114,90,18,108,222
05/14/2021,JEF,MO,ACE,CE,Federal Contract Tower,0,0,8,0,8,0,0,29,5,34,0,0,37,5,42,52,0,52,94
05/15/2021,JEF,MO,ACE,CE,Federal Contract Tower,0,0,7,0,7,0,0,10,0,10,0,0,17,0,17,4,0,4,21
05/16/2021,JEF,MO,ACE,CE,Federal Contract Tower,0,2,5,0,7,0,0,9,0,9,0,2,14,0,16,22,0,22,38
05/17/2021,JEF,MO,ACE,CE,Federal Contract Tower,0,0,20,0,20,0,0,0,0,0,0,0,20,0,20,0,0,0,20
05/18/2021,JEF,MO,ACE,CE,Federal Contract Tower,0,1,12,2,15,0,0,2,4,6,0,1,14,6,21,12,0,12,33
05/19/2021,JEF,MO,ACE,CE,Federal Contract Tower,0,2,19,0,21,0,1,19,10,30,0,3,38,10,51,10,0,10,61
05/20/2021,JEF,MO,ACE,CE,Federal Contract Tower,0,1,31,1,33,0,7,21,9,37,0,8,52,10,70,6,8,14,84
05/21/2021,JEF,MO,ACE,CE,Federal Contract Tower,0,0,20,0,20,0,0,31,2,33,0,0,51,2,53,100,0,100,153
05/22/2021,JEF,MO,ACE,CE,Federal Contract Tower,0,2,17,0,19,0,0,14,0,14,0,2,31,0,33,10,0,10,43
05/23/2021,JEF,MO,ACE,CE,Federal Contract Tower,0,0,7,0,7,0,2,38,2,42,0,2,45,2,49,36,0,36,85
05/24/2021,JEF,MO,ACE,CE,Federal Contract Tower,0,2,15,0,17,0,4,59,6,69,0,6,74,6,86,84,0,84,170
05/25/2021,JEF,MO,ACE,CE,Federal Contract Tower,0,3,15,4,22,0,0,10,4,14,0,3,25,8,36,8,0,8,44
05/26/2021,JEF,MO,ACE,CE,Federal Contract Tower,0,6,28,0,34,0,0,41,4,45,0,6,69,4,79,102,0,102,181
05/27/2021,JEF,MO,ACE,CE,Federal Contract Tower,0,6,4,0,10,0,0,8,0,8,0,6,12,0,18,0,0,0,18
05/28/2021,JEF,MO,ACE,CE,Federal Contract Tower,0,2,19,0,21,0,0,8,0,8,0,2,27,0,29,0,0,0,29
05/29/2021,JEF,MO,ACE,CE,Federal Contract Tower,0,0,15,0,15,0,0,22,0,22,0,0,37,0,37,12,0,12,49
05/30/2021,JEF,MO,ACE,CE,Federal Contract Tower,0,0,3,0,3,0,2,34,0,36,0,2,37,0,39,14,0,14,53
05/31/2021,JEF,MO,ACE,CE,Federal Contract Tower,0,0,7,0,7,0,0,13,0,13,0,0,20,0,20,24,0,24,44
06/01/2021,JEF,MO,ACE,CE,Federal Contract Tower,0,1,14,4,19,0,0,36,5,41,0,1,50,9,60,48,4,52,112
06/02/2021,JEF,MO,ACE,CE,Federal Contract Tower,0,1,14,7,22,0,4,22,3,29,0,5,36,10,51,68,10,78,129
06/03/2021,JEF,MO,ACE,CE,Federal Contract Tower,0,1,10,0,11,0,3,77,10,90,0,4,87,10,101,110,12,122,223
06/04/2021,JEF,MO,ACE,CE,Federal Contract Tower,0,1,19,2,22,0,2,81,3,86,0,3,100,5,108,62,12,74,182
06/05/2021,JEF,MO,ACE,CE,Federal Contract Tower,0,0,11,0,11,0,1,41,2,44,0,1,52,2,55,48,0,48,103
06/06/2021,JEF,MO,ACE,CE,Federal Contract Tower,0,0,9,0,9,0,0,15,0,15,0,0,24,0,24,48,0,48,72
06/07/2021,JEF,MO,ACE,CE,Federal Contract Tower,0,0,13,2,15,0,0,9,0,9,0,0,22,2,24,22,12,34,58
06/08/2021,JEF,MO,ACE,CE,Federal Contract Tower,0,0,19,2,21,0,0,20,5,25,0,0,39,7,46,46,2,48,94
06/09/2021,JEF,MO,ACE,CE,Federal Contract Tower,0,1,22,0,23,0,0,53,4,57,0,1,75,4,80,56,0,56,136
06/10/2021,JEF,MO,ACE,CE,Federal Contract Tower,0,2,32,3,37,0,0,64,7,71,0,2,96,10,108,78,0,78,186
06/11/2021,JEF,MO,ACE,CE,Federal Contract Tower,0,1,14,2,17,0,1,35,11,47,0,2,49,13,64,64,0,64,128
06/12/2021,JEF,MO,ACE,CE,Federal Contract Tower,0,0,3,0,3,0,5,20,1,26,0,5,23,1,29,36,0,36,65
06/13/2021,JEF,MO,ACE,CE,Federal Contract Tower,0,0,8,0,8,0,0,39,0,39,0,0,47,0,47,14,0,14,61
06/14/2021,JEF,MO,ACE,CE,Federal Contract Tower,0,0,7,0,7,0,6,41,9,56,0,6,48,9,63,66,0,66,129
06/15/2021,JEF,MO,ACE,CE,Federal Contract Tower,0,2,7,0,9,0,6,46,3,55,0,8,53,3,64,82,0,82,146
06/16/2021,JEF,MO,ACE,CE,Federal Contract Tower,0,4,17,0,21,0,5,75,3,83,0,9,92,3,104,170,0,170,274
06/17/2021,JEF,MO,ACE,CE,Federal Contract Tower,0,0,30,2,32,0,3,67,1,71,0,3,97,3,103,44,0,44,147
06/18/2021,JEF,MO,ACE,CE,Federal Contract Tower,0,0,3,0,3,0,0,9,0,9,0,0,12,0,12,0,0,0,12
06/19/2021,JEF,MO,ACE,CE,Federal Contract Tower,0,0,3,0,3,0,0,18,0,18,0,0,21,0,21,8,0,8,29
06/20/2021,JEF,MO,ACE,CE,Federal Contract Tower,0,0,5,0,5,0,2,23,0,25,0,2,28,0,30,0,0,0,30
06/21/2021,JEF,MO,ACE,CE,Federal Contract Tower,0,1,11,2,14,0,4,35,0,39,0,5,46,2,53,38,0,38,91
06/22/2021,JEF,MO,ACE,CE,Federal Contract Tower,0,23,2,0,25,0,2,71,0,73,0,25,73,0,98,36,0,36,134
06/23/2021,JEF,MO,ACE,CE,Federal Contract Tower,0,0,14,0,14,0,2,60,2,64,0,2,74,2,78,0,0,0,78
06/24/2021,JEF,MO,ACE,CE,Federal Contract Tower,0,0,7,2,9,0,0,17,2,19,0,0,24,4,28,58,0,58,86
06/25/2021,JEF,MO,ACE,CE,Federal Contract Tower,0,0,10,2,12,0,0,38,0,38,0,0,48,2,50,12,0,12,62
06/26/2021,JEF,MO,ACE,CE,Federal Contract Tower,0,0,5,0,5,0,0,6,0,6,0,0,11,0,11,0,0,0,11
06/27/2021,JEF,MO,ACE,CE,Federal Contract Tower,0,0,4,0,4,0,0,5,0,5,0,0,9,0,9,44,0,44,53
06/28/2021,JEF,MO,ACE,CE,Federal Contract Tower,0,2,11,1,14,0,0,13,1,14,0,2,24,2,28,6,0,6,34
06/29/2021,JEF,MO,ACE,CE,Federal Contract Tower,0,4,26,2,32,0,2,28,0,30,0,6,54,2,62,68,0,68,130
06/30/2021,JEF,MO,ACE,CE,Federal Contract Tower,0,1,19,0,20,0,0,23,3,26,0,1,42,3,46,66,0,66,112
07/01/2021,JEF,MO,ACE,CE,Federal Contract Tower,0,0,29,7,36,0,0,12,2,14,0,0,41,9,50,4,0,4,54
07/02/2021,JEF,MO,ACE,CE,Federal Contract Tower,0,0,21,0,21,0,13,47,3,63,0,13,68,3,84,112,0,112,196
07/03/2021,JEF,MO,ACE,CE,Federal Contract Tower,0,0,10,0,10,0,11,24,0,35,0,11,34,0,45,60,0,60,105
07/04/2021,JEF,MO,ACE,CE,Federal Contract Tower,0,0,1,0,1,0,0,12,0,12,0,0,13,0,13,14,0,14,27
07/05/2021,JEF,MO,ACE,CE,Federal Contract Tower,0,0,14,0,14,0,14,50,0,64,0,14,64,0,78,136,0,136,214
07/06/2021,JEF,MO,ACE,CE,Federal Contract Tower,0,0,12,0,12,0,10,45,2,57,0,10,57,2,69,94,0,94,163
07/07/2021,JEF,MO,ACE,CE,Federal Contract Tower,0,1,21,0,22,0,9,62,2,73,0,10,83,2,95,104,0,104,199
07/08/2021,JEF,MO,ACE,CE,Federal Contract Tower,0,3,41,1,45,0,0,27,4,31,0,3,68,5,76,56,0,56,132
07/09/2021,JEF,MO,ACE,CE,Federal Contract Tower,0,4,11,3,18,0,10,25,2,37,0,14,36,5,55,182,0,182,237
07/10/2021,JEF,MO,ACE,CE,Federal Contract Tower,0,0,9,0,9,0,0,1,0,1,0,0,10,0,10,0,0,0,10
07/11/2021,JEF,MO,ACE,CE,Federal Contract Tower,0,1,5,0,6,0,0,1,0,1,0,1,6,0,7,2,0,2,9
07/12/2021,JEF,MO,ACE,CE,Federal Contract Tower,0,2,21,4,27,0,0,12,2,14,0,2,33,6,41,16,0,16,57
07/13/2021,JEF,MO,ACE,CE,Federal Contract Tower,0,0,20,1,21,0,14,46,5,65,0,14,66,6,86,190,0,190,276
07/14/2021,JEF,MO,ACE,CE,Federal Contract Tower,0,1,19,2,22,0,4,59,7,70,0,5,78,9,92,94,0,94,186
07/15/2021,JEF,MO,ACE,CE,Federal Contract Tower,0,4,31,2,37,0,0,40,3,43,0,4,71,5,80,34,0,34,114
07/16/2021,JEF,MO,ACE,CE,Federal Contract Tower,0,1,19,6,26,0,2,27,2,31,0,3,46,8,57,70,0,70,127
07/17/2021,JEF,MO,ACE,CE,Federal Contract Tower,0,0,9,0,9,0,0,22,0,22,0,0,31,0,31,0,0,0,31
07/18/2021,JEF,MO,ACE,CE,Federal Contract Tower,0,0,7,2,9,0,7,29,0,36,0,7,36,2,45,22,2,24,69
07/19/2021,JEF,MO,ACE,CE,Federal Contract Tower,0,2,25,0,27,0,0,47,7,54,0,2,72,7,81,190,20,210,291
07/20/2021,JEF,MO,ACE,CE,Federal Contract Tower,0,6,25,1,32,0,2,59,9,70,0,8,84,10,102,204,0,204,306
07/21/2021,JEF,MO,ACE,CE,Federal Contract Tower,0,6,27,3,36,0,11,44,14,69,0,17,71,17,105,122,0,122,227
07/22/2021,JEF,MO,ACE,CE,Federal Contract Tower,0,7,22,1,30,0,4,55,8,67,0,11,77,9,97,146,4,150,247
07/23/2021,JEF,MO,ACE,CE,Federal Contract Tower,0,2,17,2,21,0,1,48,0,49,0,3,65,2,70,92,0,92,162
07/24/2021,JEF,MO,ACE,CE,Federal Contract Tower,0,0,9,0,9,0,6,45,0,51,0,6,54,0,60,32,0,32,92
07/25/2021,JEF,MO,ACE,CE,Federal Contract Tower,0,0,11,2,13,0,0,23,0,23,0,0,34,2,36,92,0,92,128
07/26/2021,JEF,MO,ACE,CE,Federal Contract Tower,0,2,13,2,17,0,2,52,0,54,0,4,65,2,71,56,0,56,127
07/27/2021,JEF,MO,ACE,CE,Federal Contract Tower,0,0,18,1,19,0,1,54,4,59,0,1,72,5,78,48,0,48,126
07/28/2021,JEF,MO,ACE,CE,Federal Contract Tower,0,2,15,0,17,0,0,64,4,68,0,2,79,4,85,100,0,100,185
07/29/2021,JEF,MO,ACE,CE,Federal Contract Tower,0,4,11,3,18,0,2,62,6,70,0,6,73,9,88,48,0,48,136
07/30/2021,JEF,MO,ACE,CE,Federal Contract Tower,0,2,10,11,23,0,0,33,8,41,0,2,43,19,64,50,14,64,128
07/31/2021,JEF,MO,ACE,CE,Federal Contract Tower,0,0,6,1,7,0,0,9,0,9,0,0,15,1,16,26,0,26,42
08/01/2021,JEF,MO,ACE,CE,Federal Contract Tower,0,2,15,0,17,0,0,40,0,40,0,2,55,0,57,2,0,2,59
08/02/2021,JEF,MO,ACE,CE,Federal Contract Tower,0,3,15,1,19,0,0,46,8,54,0,3,61,9,73,108,0,108,181
08/03/2021,JEF,MO,ACE,CE,Federal Contract Tower,0,1,20,0,21,0,2,55,8,65,0,3,75,8,86,106,0,106,192
08/04/2021,JEF,MO,ACE,CE,Federal Contract Tower,0,0,18,2,20,0,0,46,4,50,0,0,64,6,70,106,12,118,188
08/05/2021,JEF,MO,ACE,CE,Federal Contract Tower,0,0,26,1,27,0,2,40,8,50,0,2,66,9,77,36,0,36,113
08/06/2021,JEF,MO,ACE,CE,Federal Contract Tower,0,0,11,0,11,0,0,57,7,64,0,0,68,7,75,134,0,134,209
08/07/2021,JEF,MO,ACE,CE,Federal Contract Tower,0,0,5,0,5,0,0,31,0,31,0,0,36,0,36,4,0,4,40
08/08/2021,JEF,MO,ACE,CE,Federal Contract Tower,0,0,8,0,8,0,0,11,0,11,0,0,19,0,19,0,0,0,19
08/09/2021,JEF,MO,ACE,CE,Federal Contract Tower,0,0,21,0,21,0,4,19,2,25,0,4,40,2,46,20,0,20,66
08/10/2021,JEF,MO,ACE,CE,Federal Contract Tower,0,2,14,2,18,0,4,17,8,29,0,6,31,10,47,16,0,16,63
08/11/2021,JEF,MO,ACE,CE,Federal Contract Tower,0,3,12,3,18,0,3,31,4,38,0,6,43,7,56,8,0,8,64
08/12/2021,JEF,MO,ACE,CE,Federal Contract Tower,0,0,19,0,19,0,0,23,8,31,0,0,42,8,50,10,0,10,60
08/13/2021,JEF,MO,ACE,CE,Federal Contract Tower,0,0,15,0,15,0,0,33,9,42,0,0,48,9,57,110,0,110,167
08/14/2021,JEF,MO,ACE,CE,Federal Contract Tower,0,0,12,2,14,0,2,43,0,45,0,2,55,2,59,30,0,30,89
08/15/2021,JEF,MO,ACE,CE,Federal Contract Tower,0,1,5,0,6,0,1,69,0,70,0,2,74,0,76,46,0,46,122
08/16/2021,JEF,MO,ACE,CE,Federal Contract Tower,0,0,10,3,13,0,1,71,8,80,0,1,81,11,93,110,2,112,205
08/17/2021,JEF,MO,ACE,CE,Federal Contract Tower,0,2,20,0,22,0,2,75,4,81,0,4,95,4,103,60,0,60,163
08/18/2021,JEF,MO,ACE,CE,Federal Contract Tower,0,0,22,0,22,0,0,47,9,56,0,0,69,9,78,66,18,84,162
08/19/2021,JEF,MO,ACE,CE,Federal Contract Tower,0,0,32,4,36,0,0,20,6,26,0,0,52,10,62,20,0,20,82
08/20/2021,JEF,MO,ACE,CE,Federal Contract Tower,0,0,18,6,24,0,2,39,7,48,0,2,57,13,72,42,0,42,114
08/21/2021,JEF,MO,ACE,CE,Federal Contract Tower,0,0,8,0,8,0,0,23,0,23,0,0,31,0,31,14,0,14,45
08/22/2021,JEF,MO,ACE,CE,Federal Contract Tower,0,1,8,0,9,0,10,36,0,46,0,11,44,0,55,48,0,48,103
08/23/2021,JEF,MO,ACE,CE,Federal Contract Tower,0,0,10,2,12,0,2,28,4,34,0,2,38,6,46,24,0,24,70
08/24/2021,JEF,MO,ACE,CE,Federal Contract Tower,0,2,14,2,18,0,2,55,0,57,0,4,69,2,75,22,0,22,97
08/25/2021,JEF,MO,ACE,CE,Federal Contract Tower,0,0,17,2,19,0,4,43,2,49,0,4,60,4,68,26,0,26,94
08/26/2021,JEF,MO,ACE,CE,Federal Contract Tower,0,0,16,2,18,0,5,63,4,72,0,5,79,6,90,50,0,50,140
08/27/2021,JEF,MO,ACE,CE,Federal Contract Tower,0,0,9,1,10,0,2,70,4,76,0,2,79,5,86,58,0,58,144
08/28/2021,JEF,MO,ACE,CE,Federal Contract Tower,0,0,14,1,15,0,0,42,1,43,0,0,56,2,58,48,12,60,118
08/29/2021,JEF,MO,ACE,CE,Federal Contract Tower,0,0,14,0,14,0,0,28,0,28,0,0,42,0,42,24,0,24,66
08/30/2021,JEF,MO,ACE,CE,Federal Contract Tower,0,2,15,0,17,0,0,43,7,50,0,2,58,7,67,54,0,54,121
08/31/2021,JEF,MO,ACE,CE,Federal Contract Tower,0,2,12,2,16,0,5,26,7,38,0,7,38,9,54,28,14,42,96
09/01/2021,JEF,MO,ACE,CE,Federal Contract Tower,0,4,8,0,12,0,0,51,6,57,0,4,59,6,69,184,4,188,257
09/02/2021,JEF,MO,ACE,CE,Federal Contract Tower,0,0,20,4,24,0,2,87,9,98,0,2,107,13,122,122,6,128,250
09/03/2021,JEF,MO,ACE,CE,Federal Contract Tower,0,0,18,0,18,0,0,37,0,37,0,0,55,0,55,124,0,124,179
09/04/2021,JEF,MO,ACE,CE,Federal Contract Tower,0,0,3,0,3,0,0,0,0,0,0,0,3,0,3,0,0,0,3
09/05/2021,JEF,MO,ACE,CE,Federal Contract Tower,0,1,1,0,2,0,2,20,0,22,0,3,21,0,24,28,0,28,52
09/06/2021,JEF,MO,ACE,CE,Federal Contract Tower,0,0,12,0,12,0,0,61,0,61,0,0,73,0,73,62,0,62,135
09/07/2021,JEF,MO,ACE,CE,Federal Contract Tower,0,1,11,2,14,0,2,48,8,58,0,3,59,10,72,58,48,106,178
09/08/2021,JEF,MO,ACE,CE,Federal Contract Tower,0,0,14,6,20,0,2,72,2,76,0,2,86,8,96,62,6,68,164
09/09/2021,JEF,MO,ACE,CE,Federal Contract Tower,0,6,20,1,27,0,0,62,7,69,0,6,82,8,96,94,36,130,226
09/10/2021,JEF,MO,ACE,CE,Federal Contract Tower,0,2,19,14,35,0,6,43,10,59,0,8,62,24,94,38,24,62,156
09/11/2021,JEF,MO,ACE,CE,Federal Contract Tower,0,2,3,2,7,0,5,51,10,66,0,7,54,12,73,44,0,44,117
09/12/2021,JEF,MO,ACE,CE,Federal Contract Tower,0,5,8,0,13,0,0,43,8,51,0,5,51,8,64,60,0,60,124
09/13/2021,JEF,MO,ACE,CE,Federal Contract Tower,0,0,11,0,11,0,6,17,6,29,0,6,28,6,40,30,12,42,82
09/14/2021,JEF,MO,ACE,CE,Federal Contract Tower,0,0,16,3,19,0,2,25,2,29,0,2,41,5,48,18,4,22,70
09/15/2021,JEF,MO,ACE,CE,Federal Contract Tower,0,2,23,1,26,0,4,57,12,73,0,6,80,13,99,98,0,98,197
09/16/2021,JEF,MO,ACE,CE,Federal Contract Tower,0,2,22,2,26,0,2,74,8,84,0,4,96,10,110,46,0,46,156
09/17/2021,JEF,MO,ACE,CE,Federal Contract Tower,0,6,16,2,24,0,16,80,14,110,0,22,96,16,134,156,0,156,290
09/18/2021,JEF,MO,ACE,CE,Federal Contract Tower,0,1,13,0,14,0,0,113,22,135,0,1,126,22,149,74,2,76,225
09/19/2021,JEF,MO,ACE,CE,Federal Contract Tower,0,2,21,2,25,0,3,25,1,29,0,5,46,3,54,16,0,16,70
09/20/2021,JEF,MO,ACE,CE,Federal Contract Tower,0,2,19,0,21,0,3,25,0,28,0,5,44,0,49,26,0,26,75
09/21/2021,JEF,MO,ACE,CE,Federal Contract Tower,0,2,28,2,32,0,4,20,2,26,0,6,48,4,58,76,0,76,134
09/22/2021,JEF,MO,ACE,CE,Federal Contract Tower,0,0,21,2,23,0,3,58,14,75,0,3,79,16,98,32,24,56,154
09/23/2021,JEF,MO,ACE,CE,Federal Contract Tower,0,2,33,2,37,0,9,91,2,102,0,11,124,4,139,42,0,42,181
09/24/2021,JEF,MO,ACE,CE,Federal Contract Tower,0,2,17,3,22,0,0,59,7,66,0,2,76,10,88,46,0,46,134
09/25/2021,JEF,MO,ACE,CE,Federal Contract Tower,0,0,17,0,17,0,6,54,2,62,0,6,71,2,79,44,0,44,123
09/26/2021,JEF,MO,ACE,CE,Federal Contract Tower,0,0,9,0,9,0,0,29,0,29,0,0,38,0,38,22,0,22,60
09/27/2021,JEF,MO,ACE,CE,Federal Contract Tower,0,0,13,2,15,0,2,31,0,33,0,2,44,2,48,20,0,20,68
09/28/2021,JEF,MO,ACE,CE,Federal Contract Tower,0,0,11,3,14,0,0,37,6,43,0,0,48,9,57,37,12,49,106
09/29/2021,JEF,MO,ACE,CE,Federal Contract Tower,0,0,16,1,17,0,0,35,0,35,0,0,51,1,52,46,0,46,98
09/30/2021,JEF,MO,ACE,CE,Federal Contract Tower,0,2,17,1,20,0,0,42,2,44,0,2,59,3,64,16,0,16,80
10/01/2021,JEF,MO,ACE,CE,Federal Contract Tower,0,0,18,3,21,0,0,19,1,20,0,0,37,4,41,20,0,20,61
10/02/2021,JEF,MO,ACE,CE,Federal Contract Tower,0,2,6,1,9,0,0,2,0,2,0,2,8,1,11,0,0,0,11
10/03/2021,JEF,MO,ACE,CE,Federal Contract Tower,0,0,23,5,28,0,0,4,4,8,0,0,27,9,36,0,0,0,36
10/04/2021,JEF,MO,ACE,CE,Federal Contract Tower,0,0,15,0,15,0,11,57,4,72,0,11,72,4,87,58,0,58,145
10/05/2021,JEF,MO,ACE,CE,Federal Contract Tower,0,0,28,0,28,0,0,20,0,20,0,0,48,0,48,80,0,80,128
10/06/2021,JEF,MO,ACE,CE,Federal Contract Tower,0,0,35,0,35,0,0,4,0,4,0,0,39,0,39,0,0,0,39
10/07/2021,JEF,MO,ACE,CE,Federal Contract Tower,0,0,24,1,25,0,0,15,2,17,0,0,39,3,42,4,0,4,46
10/08/2021,JEF,MO,ACE,CE,Federal Contract Tower,0,2,28,0,30,0,0,74,2,76,0,2,102,2,106,171,0,171,277
10/09/2021,JEF,MO,ACE,CE,Federal Contract Tower,0,0,10,0,10,0,0,42,3,45,0,0,52,3,55,72,0,72,127
10/10/2021,JEF,MO,ACE,CE,Federal Contract Tower,0,0,19,0,19,0,0,15,0,15,0,0,34,0,34,50,0,50,84
10/11/2021,JEF,MO,ACE,CE,Federal Contract Tower,0,0,11,0,11,0,0,0,0,0,0,0,11,0,11,0,0,0,11
10/12/2021,JEF,MO,ACE,CE,Federal Contract Tower,0,0,23,0,23,0,1,88,4,93,0,1,111,4,116,144,0,144,260
10/13/2021,JEF,MO,ACE,CE,Federal Contract Tower,0,4,21,2,27,0,1,17,0,18,0,5,38,2,45,6,0,6,51
10/14/2021,JEF,MO,ACE,CE,Federal Contract Tower,0,0,23,0,23,0,0,29,4,33,0,0,52,4,56,134,4,138,194
10/15/2021,JEF,MO,ACE,CE,Federal Contract Tower,0,0,35,2,37,0,0,12,0,12,0,0,47,2,49,44,0,44,93
10/16/2021,JEF,MO,ACE,CE,Federal Contract Tower,0,2,11,0,13,0,2,59,0,61,0,4,70,0,74,100,0,100,174
10/17/2021,JEF,MO,ACE,CE,Federal Contract Tower,0,3,6,0,9,0,2,82,0,84,0,5,88,0,93,38,0,38,131
10/18/2021,JEF,MO,ACE,CE,Federal Contract Tower,0,2,19,0,21,0,0,53,0,53,0,2,72,0,74,118,0,118,192
10/19/2021,JEF,MO,ACE,CE,Federal Contract Tower,0,0,20,0,20,0,6,79,2,87,0,6,99,2,107,114,0,114,221
10/20/2021,JEF,MO,ACE,CE,Federal Contract Tower,0,2,21,0,23,0,2,41,2,45,0,4,62,2,68,56,2,58,126
10/21/2021,JEF,MO,ACE,CE,Federal Contract Tower,0,1,22,0,23,0,0,31,4,35,0,1,53,4,58,80,0,80,138
10/22/2021,JEF,MO,ACE,CE,Federal Contract Tower,0,0,25,1,26,0,2,49,1,52,0,2,74,2,78,114,0,114,192
10/23/2021,JEF,MO,ACE,CE,Federal Contract Tower,0,4,9,0,13,0,0,4,0,4,0,4,13,0,17,0,0,0,17
10/24/2021,JEF,MO,ACE,CE,Federal Contract Tower,0,2,5,0,7,0,0,0,0,0,0,2,5,0,7,0,0,0,7
10/25/2021,JEF,MO,ACE,CE,Federal Contract Tower,0,0,27,0,27,0,2,23,0,25,0,2,50,0,52,86,0,86,138
10/26/2021,JEF,MO,ACE,CE,Federal Contract Tower,0,9,25,3,37,0,4,47,9,60,0,13,72,12,97,54,0,54,151
10/27/2021,JEF,MO,ACE,CE,Federal Contract Tower,0,0,15,2,17,0,2,25,2,29,0,2,40,4,46,6,0,6,52
10/28/2021,JEF,MO,ACE,CE,Federal Contract Tower,0,1,23,1,25,0,0,0,0,0,0,1,23,1,25,0,0,0,25
10/29/2021,JEF,MO,ACE,CE,Federal Contract Tower,0,0,17,3,20,0,0,0,0,0,0,0,17,3,20,0,0,0,20
10/30/2021,JEF,MO,ACE,CE,Federal Contract Tower,0,0,13,0,13,0,0,48,0,48,0,0,61,0,61,20,0,20,81
10/31/2021,JEF,MO,ACE,CE,Federal Contract Tower,0,0,13,0,13,0,0,22,0,22,0,0,35,0,35,36,0,36,71
11/01/2021,JEF,MO,ACE,CE,Federal Contract Tower,0,0,12,2,14,0,5,26,0,31,0,5,38,2,45,38,0,38,83
11/02/2021,JEF,MO,ACE,CE,Federal Contract Tower,0,0,16,3,19,0,2,59,5,66,0,2,75,8,85,74,0,74,159
11/03/2021,JEF,MO,ACE,CE,Federal Contract Tower,0,1,24,0,25,0,1,81,2,84,0,2,105,2,109,116,0,116,225
11/04/2021,JEF,MO,ACE,CE,Federal Contract Tower,0,1,14,0,15,0,2,57,4,63,0,3,71,4,78,94,4,98,176
11/05/2021,JEF,MO,ACE,CE,Federal Contract Tower,0,4,21,0,25,0,0,57,2,59,0,4,78,2,84,76,0,76,160
11/06/2021,JEF,MO,ACE,CE,Federal Contract Tower,0,4,4,4,12,0,6,75,9,90,0,10,79,13,102,62,6,68,170
11/07/2021,JEF,MO,ACE,CE,Federal Contract Tower,0,4,7,0,11,0,2,54,0,56,0,6,61,0,67,84,0,84,151
11/08/2021,JEF,MO,ACE,CE,Federal Contract Tower,0,2,22,0,24,0,4,55,0,59,0,6,77,0,83,60,0,60,143
11/09/2021,JEF,MO,ACE,CE,Federal Contract Tower,0,6,20,3,29,0,4,59,2,65,0,10,79,5,94,60,0,60,154
11/10/2021,JEF,MO,ACE,CE,Federal Contract Tower,0,0,23,3,26,0,2,48,6,56,0,2,71,9,82,94,2,96,178
11/11/2021,JEF,MO,ACE,CE,Federal Contract Tower,0,0,24,0,24,0,0,30,0,30,0,0,54,0,54,10,0,10,64
11/12/2021,JEF,MO,ACE,CE,Federal Contract Tower,0,0,8,0,8,0,0,17,8,25,0,0,25,8,33,0,10,10,43
11/13/2021,JEF,MO,ACE,CE,Federal Contract Tower,0,0,8,0,8,0,0,54,0,54,0,0,62,0,62,16,0,16,78
11/14/2021,JEF,MO,ACE,CE,Federal Contract Tower,0,2,3,0,5,0,0,20,0,20,0,2,23,0,25,12,0,12,37
11/15/2021,JEF,MO,ACE,CE,Federal Contract Tower,0,4,15,2,21,0,0,23,5,28,0,4,38,7,49,12,2,14,63
11/16/2021,JEF,MO,ACE,CE,Federal Contract Tower,0,8,22,1,31,0,2,55,12,69,0,10,77,13,100,58,12,70,170
11/17/2021,JEF,MO,ACE,CE,Federal Contract Tower,0,0,31,5,36,0,2,13,3,18,0,2,44,8,54,8,6,14,68
11/18/2021,JEF,MO,ACE,CE,Federal Contract Tower,0,2,20,3,25,0,0,27,11,38,0,2,47,14,63,14,18,32,95
11/19/2021,JEF,MO,ACE,CE,Federal Contract Tower,0,2,8,1,11,0,0,51,5,56,0,2,59,6,67,62,0,62,129
11/20/2021,JEF,MO,ACE,CE,Federal Contract Tower,0,2,10,0,12,0,2,67,0,69,0,4,77,0,81,76,0,76,157
11/21/2021,JEF,MO,ACE,CE,Federal Contract Tower,0,0,10,0,10,0,0,58,0,58,0,0,68,0,68,50,0,50,118
11/22/2021,JEF,MO,ACE,CE,Federal Contract Tower,0,1,20,0,21,0,11,33,0,44,0,12,53,0,65,46,0,46,111
11/23/2021,JEF,MO,ACE,CE,Federal Contract Tower,0,2,21,3,26,0,2,47,6,55,0,4,68,9,81,80,0,80,161
11/24/2021,JEF,MO,ACE,CE,Federal Contract Tower,0,0,11,0,11,0,2,11,0,13,0,2,22,0,24,2,0,2,26
11/25/2021,JEF,MO,ACE,CE,Federal Contract Tower,0,0,1,0,1,0,1,0,0,1,0,1,1,0,2,0,0,0,2
11/26/2021,JEF,MO,ACE,CE,Federal Contract Tower,0,0,12,0,12,0,2,33,0,35,0,2,45,0,47,20,0,20,67
11/27/2021,JEF,MO,ACE,CE,Federal Contract Tower,0,0,3,0,3,0,0,35,0,35,0,0,38,0,38,28,0,28,66
11/28/2021,JEF,MO,ACE,CE,Federal Contract Tower,0,0,16,0,16,0,0,55,0,55,0,0,71,0,71,38,0,38,109
11/29/2021,JEF,MO,ACE,CE,Federal Contract Tower,0,0,24,0,24,0,2,54,0,56,0,2,78,0,80,18,0,18,98
11/30/2021,JEF,MO,ACE,CE,Federal Contract Tower,0,2,28,2,32,0,4,51,2,57,0,6,79,4,89,98,0,98,187
12/01/2021,JEF,MO,ACE,CE,Federal Contract Tower,0,1,32,3,36,0,3,38,6,47,0,4,70,9,83,84,12,96,179
12/02/2021,JEF,MO,ACE,CE,Federal Contract Tower,0,0,21,3,24,0,2,58,3,63,0,2,79,6,87,32,0,32,119
12/03/2021,JEF,MO,ACE,CE,Federal Contract Tower,0,0,21,2,23,0,0,62,0,62,0,0,83,2,85,40,0,40,125
12/04/2021,JEF,MO,ACE,CE,Federal Contract Tower,0,0,7,1,8,0,0,42,4,46,0,0,49,5,54,44,0,44,98
12/05/2021,JEF,MO,ACE,CE,Federal Contract Tower,0,0,13,1,14,0,2,15,2,19,0,2,28,3,33,64,0,64,97
12/06/2021,JEF,MO,ACE,CE,Federal Contract Tower,0,0,13,2,15,0,2,28,0,30,0,2,41,2,45,0,0,0,45
12/07/2021,JEF,MO,ACE,CE,Federal Contract Tower,0,2,24,2,28,0,0,24,2,26,0,2,48,4,54,140,0,140,194
12/08/2021,JEF,MO,ACE,CE,Federal Contract Tower,0,0,18,2,20,0,7,53,0,60,0,7,71,2,80,92,0,92,172
12/09/2021,JEF,MO,ACE,CE,Federal Contract Tower,0,4,19,2,25,0,4,22,9,35,0,8,41,11,60,6,0,6,66
12/10/2021,JEF,MO,ACE,CE,Federal Contract Tower,0,2,22,0,24,0,0,3,0,3,0,2,25,0,27,0,0,0,27
12/11/2021,JEF,MO,ACE,CE,Federal Contract Tower,0,0,6,0,6,0,0,10,0,10,0,0,16,0,16,34,0,34,50
12/12/2021,JEF,MO,ACE,CE,Federal Contract Tower,0,2,12,0,14,0,0,21,0,21,0,2,33,0,35,74,0,74,109
12/13/2021,JEF,MO,ACE,CE,Federal Contract Tower,0,1,17,2,20,0,13,39,0,52,0,14,56,2,72,70,0,70,142
12/14/2021,JEF,MO,ACE,CE,Federal Contract Tower,0,1,37,3,41,0,0,15,7,22,0,1,52,10,63,20,0,20,83
12/15/2021,JEF,MO,ACE,CE,Federal Contract Tower,0,0,16,2,18,0,0,6,4,10,0,0,22,6,28,0,0,0,28
12/16/2021,JEF,MO,ACE,CE,Federal Contract Tower,0,2,16,1,19,0,4,62,11,77,0,6,78,12,96,66,2,68,164
12/17/2021,JEF,MO,ACE,CE,Federal Contract Tower,0,1,15,3,19,0,0,8,2,10,0,1,23,5,29,2,0,2,31
12/18/2021,JEF,MO,ACE,CE,Federal Contract Tower,0,0,6,0,6,0,0,31,0,31,0,0,37,0,37,20,0,20,57
12/19/2021,JEF,MO,ACE,CE,Federal Contract Tower,0,2,17,0,19,0,7,28,0,35,0,9,45,0,54,4,0,4,58
12/20/2021,JEF,MO,ACE,CE,Federal Contract Tower,0,1,17,2,20,0,4,40,4,48,0,5,57,6,68,62,0,62,130
12/21/2021,JEF,MO,ACE,CE,Federal Contract Tower,0,0,16,2,18,0,2,44,4,50,0,2,60,6,68,38,0,38,106
12/22/2021,JEF,MO,ACE,CE,Federal Contract Tower,0,0,16,0,16,0,2,37,0,39,0,2,53,0,55,18,0,18,73
12/23/2021,JEF,MO,ACE,CE,Federal Contract Tower,0,0,15,0,15,0,1,26,0,27,0,1,41,0,42,42,0,42,84
12/24/2021,JEF,MO,ACE,CE,Federal Contract Tower,0,0,1,0,1,0,0,12,0,12,0,0,13,0,13,2,0,2,15
12/25/2021,JEF,MO,ACE,CE,Federal Contract Tower,0,0,2,0,2,0,0,0,0,0,0,0,2,0,2,0,0,0,2
12/26/2021,JEF,MO,ACE,CE,Federal Contract Tower,0,0,7,0,7,0,0,5,0,5,0,0,12,0,12,0,0,0,12
12/27/2021,JEF,MO,ACE,CE,Federal Contract Tower,0,0,15,0,15,0,2,24,0,26,0,2,39,0,41,56,0,56,97
12/28/2021,JEF,MO,ACE,CE,Federal Contract Tower,0,0,10,2,12,0,0,0,0,0,0,0,10,2,12,0,0,0,12
12/29/2021,JEF,MO,ACE,CE,Federal Contract Tower,0,2,9,5,16,0,0,2,1,3,0,2,11,6,19,30,0,30,49
12/30/2021,JEF,MO,ACE,CE,Federal Contract Tower,0,0,15,0,15,0,0,8,0,8,0,0,23,0,23,14,0,14,37
12/31/2021,JEF,MO,ACE,CE,Federal Contract Tower,0,0,6,0,6,0,0,39,0,39,0,0,45,0,45,72,0,72,117
01/01/2022,JEF,MO,ACE,CE,Federal Contract Tower,0,0,3,0,3,0,0,0,0,0,0,0,3,0,3,0,0,0,3
01/02/2022,JEF,MO,ACE,CE,Federal Contract Tower,0,2,11,0,13,0,0,1,0,1,0,2,12,0,14,4,0,4,18
01/03/2022,JEF,MO,ACE,CE,Federal Contract Tower,0,1,10,2,13,0,6,29,6,41,0,7,39,8,54,46,0,46,100
01/04/2022,JEF,MO,ACE,CE,Federal Contract Tower,0,4,17,4,25,0,0,36,0,36,0,4,53,4,61,40,0,40,101
01/05/2022,JEF,MO,ACE,CE,Federal Contract Tower,0,0,11,0,11,0,0,21,0,21,0,0,32,0,32,54,0,54,86
01/06/2022,JEF,MO,ACE,CE,Federal Contract Tower,0,4,11,1,16,0,0,13,1,14,0,4,24,2,30,6,0,6,36
01/07/2022,JEF,MO,ACE,CE,Federal Contract Tower,0,3,12,0,15,0,2,40,2,44,0,5,52,2,59,78,0,78,137
01/08/2022,JEF,MO,ACE,CE,Federal Contract Tower,0,0,2,3,5,0,0,0,1,1,0,0,2,4,6,0,6,6,12
01/09/2022,JEF,MO,ACE,CE,Federal Contract Tower,0,2,5,2,9,0,0,20,0,20,0,2,25,2,29,30,0,30,59
01/10/2022,JEF,MO,ACE,CE,Federal Contract Tower,0,0,11,0,11,0,2,52,0,54,0,2,63,0,65,42,0,42,107
01/11/2022,JEF,MO,ACE,CE,Federal Contract Tower,0,0,13,1,14,0,2,38,4,44,0,2,51,5,58,44,0,44,102
01/12/2022,JEF,MO,ACE,CE,Federal Contract Tower,0,0,27,0,27,0,0,55,2,57,0,0,82,2,84,42,0,42,126
01/13/2022,JEF,MO,ACE,CE,Federal Contract Tower,0,0,12,3,15,0,2,78,14,94,0,2,90,17,109,80,0,80,189
01/14/2022,JEF,MO,ACE,CE,Federal Contract Tower,0,0,15,2,17,0,0,19,0,19,0,0,34,2,36,2,2,4,40
01/15/2022,JEF,MO,ACE,CE,Federal Contract Tower,0,0,2,0,2,0,0,0,0,0,0,0,2,0,2,0,0,0,2
01/16/2022,JEF,MO,ACE,CE,Federal Contract Tower,0,0,1,0,1,0,0,0,0,0,0,0,1,0,1,0,0,0,1
01/17/2022,JEF,MO,ACE,CE,Federal Contract Tower,0,0,8,0,8,0,1,23,0,24,0,1,31,0,32,84,0,84,116
01/18/2022,JEF,MO,ACE,CE,Federal Contract Tower,0,0,14,5,19,0,0,42,7,49,0,0,56,12,68,80,2,82,150
01/19/2022,JEF,MO,ACE,CE,Federal Contract Tower,0,0,28,3,31,0,1,18,7,26,0,1,46,10,57,12,0,12,69
01/20/2022,JEF,MO,ACE,CE,Federal Contract Tower,0,0,11,1,12,0,0,24,2,26,0,0,35,3,38,50,10,60,98
01/21/2022,JEF,MO,ACE,CE,Federal Contract Tower,0,5,14,2,21,0,10,49,0,59,0,15,63,2,80,76,6,82,162
01/22/2022,JEF,MO,ACE,CE,Federal Contract Tower,0,0,9,2,11,0,2,52,0,54,0,2,61,2,65,38,0,38,103
01/23/2022,JEF,MO,ACE,CE,Federal Contract Tower,0,2,4,0,6,0,2,7,0,9,0,4,11,0,15,20,0,20,35
01/24/2022,JEF,MO,ACE,CE,Federal Contract Tower,0,4,20,0,24,0,0,32,0,32,0,4,52,0,56,88,0,88,144
01/25/2022,JEF,MO,ACE,CE,Federal Contract Tower,0,0,14,0,14,0,0,46,0,46,0,0,60,0,60,86,0,86,146
01/26/2022,JEF,MO,ACE,CE,Federal Contract Tower,0,2,21,2,25,0,8,49,2,59,0,10,70,4,84,86,0,86,170
01/27/2022,JEF,MO,ACE,CE,Federal Contract Tower,0,0,25,2,27,0,1,22,5,28,0,1,47,7,55,12,0,12,67
01/28/2022,JEF,MO,ACE,CE,Federal Contract Tower,0,0,23,3,26,0,2,45,9,56,0,2,68,12,82,40,0,40,122
01/29/2022,JEF,MO,ACE,CE,Federal Contract Tower,0,0,12,0,12,0,2,48,1,51,0,2,60,1,63,66,0,66,129
01/30/2022,JEF,MO,ACE,CE,Federal Contract Tower,0,0,11,0,11,0,0,45,0,45,0,0,56,0,56,106,0,106,162
01/31/2022,JEF,MO,ACE,CE,Federal Contract Tower,0,0,15,2,17,0,9,71,5,85,0,9,86,7,102,68,0,68,170
02/01/2022,JEF,MO,ACE,CE,Federal Contract Tower,0,2,21,0,23,0,0,5,2,7,0,2,26,2,30,2,0,2,32
02/02/2022,JEF,MO,ACE,CE,Federal Contract Tower,0,0,0,0,0,0,0,0,0,0,0,0,0,0,0,0,0,0,0
02/03/2022,JEF,MO,ACE,CE,Federal Contract Tower,0,0,0,0,0,0,0,0,0,0,0,0,0,0,0,0,0,0,0
02/04/2022,JEF,MO,ACE,CE,Federal Contract Tower,0,0,5,0,5,0,0,5,0,5,0,0,10,0,10,0,0,0,10
02/05/2022,JEF,MO,ACE,CE,Federal Contract Tower,0,0,4,2,6,0,2,12,0,14,0,2,16,2,20,6,0,6,26
02/06/2022,JEF,MO,ACE,CE,Federal Contract Tower,0,0,12,0,12,0,0,37,0,37,0,0,49,0,49,16,0,16,65
02/07/2022,JEF,MO,ACE,CE,Federal Contract Tower,0,0,10,0,10,0,2,36,11,49,0,2,46,11,59,66,18,84,143
02/08/2022,JEF,MO,ACE,CE,Federal Contract Tower,0,7,17,2,26,0,2,45,4,51,0,9,62,6,77,134,0,134,211
02/09/2022,JEF,MO,ACE,CE,Federal Contract Tower,0,1,12,4,17,0,1,32,1,34,0,2,44,5,51,64,0,64,115
02/10/2022,JEF,MO,ACE,CE,Federal Contract Tower,0,2,17,2,21,0,0,58,4,62,0,2,75,6,83,78,0,78,161
02/11/2022,JEF,MO,ACE,CE,Federal Contract Tower,0,1,25,0,26,0,0,21,1,22,0,1,46,1,48,24,0,24,72
02/12/2022,JEF,MO,ACE,CE,Federal Contract Tower,0,0,5,0,5,0,3,41,0,44,0,3,46,0,49,110,0,110,159
02/13/2022,JEF,MO,ACE,CE,Federal Contract Tower,0,4,5,0,9,0,0,29,0,29,0,4,34,0,38,28,0,28,66
02/14/2022,JEF,MO,ACE,CE,Federal Contract Tower,0,0,13,0,13,0,9,40,0,49,0,9,53,0,62,80,0,80,142
02/15/2022,JEF,MO,ACE,CE,Federal Contract Tower,0,2,17,2,21,0,0,47,8,55,0,2,64,10,76,34,0,34,110
02/16/2022,JEF,MO,ACE,CE,Federal Contract Tower,0,0,22,2,24,0,0,6,0,6,0,0,28,2,30,0,0,0,30
02/17/2022,JEF,MO,ACE,CE,Federal Contract Tower,0,0,0,0,0,0,0,0,0,0,0,0,0,0,0,0,0,0,0
02/18/2022,JEF,MO,ACE,CE,Federal Contract Tower,0,2,16,0,18,0,0,8,0,8,0,2,24,0,26,0,0,0,26
02/19/2022,JEF,MO,ACE,CE,Federal Contract Tower,0,1,13,0,14,0,4,47,0,51,0,5,60,0,65,82,0,82,147
02/20/2022,JEF,MO,ACE,CE,Federal Contract Tower,0,0,2,0,2,0,4,15,2,21,0,4,17,2,23,46,0,46,69
02/21/2022,JEF,MO,ACE,CE,Federal Contract Tower,0,2,11,0,13,0,0,39,0,39,0,2,50,0,52,50,0,50,102
02/22/2022,JEF,MO,ACE,CE,Federal Contract Tower,0,4,18,4,26,0,0,0,0,0,0,4,18,4,26,0,0,0,26
02/23/2022,JEF,MO,ACE,CE,Federal Contract Tower,0,0,13,2,15,0,0,17,0,17,0,0,30,2,32,46,0,46,78
02/24/2022,JEF,MO,ACE,CE,Federal Contract Tower,0,0,3,0,3,0,0,0,0,0,0,0,3,0,3,0,0,0,3
02/25/2022,JEF,MO,ACE,CE,Federal Contract Tower,0,2,15,4,21,0,4,3,2,9,0,6,18,6,30,0,0,0,30
02/26/2022,JEF,MO,ACE,CE,Federal Contract Tower,0,1,12,0,13,0,7,53,0,60,0,8,65,0,73,78,0,78,151
02/27/2022,JEF,MO,ACE,CE,Federal Contract Tower,0,4,14,0,18,0,2,61,0,63,0,6,75,0,81,82,0,82,163
02/28/2022,JEF,MO,ACE,CE,Federal Contract Tower,0,0,26,2,28,0,0,57,0,57,0,0,83,2,85,118,0,118,203
03/01/2022,JEF,MO,ACE,CE,Federal Contract Tower,0,4,27,2,33,0,1,40,2,43,0,5,67,4,76,72,0,72,148
03/02/2022,JEF,MO,ACE,CE,Federal Contract Tower,0,5,13,0,18,0,1,52,2,55,0,6,65,2,73,140,0,140,213
03/03/2022,JEF,MO,ACE,CE,Federal Contract Tower,0,0,21,0,21,0,3,45,17,65,0,3,66,17,86,74,0,74,160
03/04/2022,JEF,MO,ACE,CE,Federal Contract Tower,0,0,18,2,20,0,0,49,2,51,0,0,67,4,71,84,0,84,155
03/05/2022,JEF,MO,ACE,CE,Federal Contract Tower,0,4,3,0,7,0,0,11,5,16,0,4,14,5,23,4,0,4,27
03/06/2022,JEF,MO,ACE,CE,Federal Contract Tower,0,2,10,0,12,0,0,33,2,35,0,2,43,2,47,106,0,106,153
03/07/2022,JEF,MO,ACE,CE,Federal Contract Tower,0,4,8,0,12,0,0,2,0,2,0,4,10,0,14,0,0,0,14
03/08/2022,JEF,MO,ACE,CE,Federal Contract Tower,0,0,28,0,28,0,0,59,2,61,0,0,87,2,89,170,0,170,259
03/09/2022,JEF,MO,ACE,CE,Federal Contract Tower,0,0,18,0,18,0,4,78,6,88,0,4,96,6,106,114,2,116,222
03/10/2022,JEF,MO,ACE,CE,Federal Contract Tower,0,2,15,0,17,0,0,15,5,20,0,2,30,5,37,10,0,10,47
03/11/2022,JEF,MO,ACE,CE,Federal Contract Tower,0,0,8,0,8,0,0,21,0,21,0,0,29,0,29,28,0,28,57
03/12/2022,JEF,MO,ACE,CE,Federal Contract Tower,0,2,5,0,7,0,0,35,0,35,0,2,40,0,42,20,0,20,62
03/13/2022,JEF,MO,ACE,CE,Federal Contract Tower,0,0,12,0,12,0,0,30,0,30,0,0,42,0,42,46,0,46,88
03/14/2022,JEF,MO,ACE,CE,Federal Contract Tower,0,0,15,0,15,0,0,31,4,35,0,0,46,4,50,50,0,50,100
03/15/2022,JEF,MO,ACE,CE,Federal Contract Tower,0,3,21,0,24,0,2,47,6,55,0,5,68,6,79,108,0,108,187
03/16/2022,JEF,MO,ACE,CE,Federal Contract Tower,0,4,18,0,22,0,5,44,7,56,0,9,62,7,78,90,0,90,168
03/17/2022,JEF,MO,ACE,CE,Federal Contract Tower,0,2,23,0,25,0,4,43,0,47,0,6,66,0,72,182,0,182,254
03/18/2022,JEF,MO,ACE,CE,Federal Contract Tower,2,0,10,0,12,0,0,1,0,1,2,0,11,0,13,0,0,0,13
03/19/2022,JEF,MO,ACE,CE,Federal Contract Tower,0,0,6,0,6,0,2,40,0,42,0,2,46,0,48,54,0,54,102
03/20/2022,JEF,MO,ACE,CE,Federal Contract Tower,0,0,3,0,3,0,2,51,0,53,0,2,54,0,56,8,0,8,64
03/21/2022,JEF,MO,ACE,CE,Federal Contract Tower,0,0,13,0,13,0,0,22,0,22,0,0,35,0,35,30,0,30,65
03/22/2022,JEF,MO,ACE,CE,Federal Contract Tower,0,0,13,4,17,0,0,17,2,19,0,0,30,6,36,20,6,26,62
03/23/2022,JEF,MO,ACE,CE,Federal Contract Tower,0,0,22,0,22,0,0,0,0,0,0,0,22,0,22,6,0,6,28
03/24/2022,JEF,MO,ACE,CE,Federal Contract Tower,0,0,18,0,18,0,0,0,0,0,0,0,18,0,18,0,0,0,18
03/25/2022,JEF,MO,ACE,CE,Federal Contract Tower,0,0,22,2,24,0,1,37,4,42,0,1,59,6,66,80,0,80,146
03/26/2022,JEF,MO,ACE,CE,Federal Contract Tower,0,4,14,0,18,0,2,37,0,39,0,6,51,0,57,96,0,96,153
03/27/2022,JEF,MO,ACE,CE,Federal Contract Tower,0,0,4,0,4,0,0,36,0,36,0,0,40,0,40,74,0,74,114
03/28/2022,JEF,MO,ACE,CE,Federal Contract Tower,0,0,13,0,13,0,3,45,1,49,0,3,58,1,62,56,0,56,118
03/29/2022,JEF,MO,ACE,CE,Federal Contract Tower,0,0,20,2,22,0,1,27,1,29,0,1,47,3,51,12,0,12,63
03/30/2022,JEF,MO,ACE,CE,Federal Contract Tower,0,0,10,2,12,0,0,0,0,0,0,0,10,2,12,0,0,0,12
03/31/2022,JEF,MO,ACE,CE,Federal Contract Tower,0,1,12,2,15,0,0,6,8,14,0,1,18,10,29,18,6,24,53
04/01/2022,JEF,MO,ACE,CE,Federal Contract Tower,0,0,5,3,8,0,6,49,4,59,0,6,54,7,67,153,18,171,238
04/02/2022,JEF,MO,ACE,CE,Federal Contract Tower,0,1,9,0,10,0,2,13,0,15,0,3,22,0,25,0,0,0,25
04/03/2022,JEF,MO,ACE,CE,Federal Contract Tower,0,0,8,2,10,0,0,79,2,81,0,0,87,4,91,120,0,120,211
04/04/2022,JEF,MO,ACE,CE,Federal Contract Tower,0,2,10,0,12,0,0,46,1,47,0,2,56,1,59,144,0,144,203
04/05/2022,JEF,MO,ACE,CE,Federal Contract Tower,0,2,23,2,27,0,0,25,1,26,0,2,48,3,53,8,0,8,61
04/06/2022,JEF,MO,ACE,CE,Federal Contract Tower,0,4,22,0,26,0,1,14,0,15,0,5,36,0,41,24,0,24,65
04/07/2022,JEF,MO,ACE,CE,Federal Contract Tower,0,0,7,2,9,0,0,24,0,24,0,0,31,2,33,0,0,0,33
04/08/2022,JEF,MO,ACE,CE,Federal Contract Tower,0,2,11,0,13,0,0,7,0,7,0,2,18,0,20,0,0,0,20
04/09/2022,JEF,MO,ACE,CE,Federal Contract Tower,0,2,5,0,7,0,12,50,0,62,0,14,55,0,69,122,0,122,191
04/10/2022,JEF,MO,ACE,CE,Federal Contract Tower,0,2,3,0,5,0,0,19,0,19,0,2,22,0,24,0,0,0,24
04/11/2022,JEF,MO,ACE,CE,Federal Contract Tower,0,2,19,0,21,0,0,15,2,17,0,2,34,2,38,84,0,84,122
04/12/2022,JEF,MO,ACE,CE,Federal Contract Tower,0,2,25,6,33,0,1,4,6,11,0,3,29,12,44,0,0,0,44
04/13/2022,JEF,MO,ACE,CE,Federal Contract Tower,0,2,7,2,11,0,0,2,0,2,0,2,9,2,13,0,0,0,13
04/14/2022,JEF,MO,ACE,CE,Federal Contract Tower,0,2,21,5,28,0,6,46,23,75,0,8,67,28,103,38,0,38,141
04/15/2022,JEF,MO,ACE,CE,Federal Contract Tower,0,0,13,2,15,0,2,7,0,9,0,2,20,2,24,4,0,4,28
04/16/2022,JEF,MO,ACE,CE,Federal Contract Tower,0,0,9,0,9,0,2,43,1,46,0,2,52,1,55,36,0,36,91
04/17/2022,JEF,MO,ACE,CE,Federal Contract Tower,0,1,3,0,4,0,0,3,0,3,0,1,6,0,7,0,0,0,7
04/18/2022,JEF,MO,ACE,CE,Federal Contract Tower,0,3,13,6,22,0,4,19,1,24,0,7,32,7,46,0,0,0,46
04/19/2022,JEF,MO,ACE,CE,Federal Contract Tower,0,2,10,1,13,0,3,51,3,57,0,5,61,4,70,200,2,202,272
04/20/2022,JEF,MO,ACE,CE,Federal Contract Tower,0,3,22,2,27,0,0,1,0,1,0,3,23,2,28,0,0,0,28
04/21/2022,JEF,MO,ACE,CE,Federal Contract Tower,0,2,19,1,22,0,2,37,5,44,0,4,56,6,66,103,0,103,169
04/22/2022,JEF,MO,ACE,CE,Federal Contract Tower,0,0,23,2,25,0,0,22,0,22,0,0,45,2,47,44,0,44,91
04/23/2022,JEF,MO,ACE,CE,Federal Contract Tower,0,0,4,0,4,0,0,7,0,7,0,0,11,0,11,0,0,0,11
04/24/2022,JEF,MO,ACE,CE,Federal Contract Tower,0,2,19,0,21,0,0,3,0,3,0,2,22,0,24,34,0,34,58
04/25/2022,JEF,MO,ACE,CE,Federal Contract Tower,0,0,23,0,23,0,4,51,2,57,0,4,74,2,80,154,10,164,244
04/26/2022,JEF,MO,ACE,CE,Federal Contract Tower,0,0,18,1,19,0,10,83,3,96,0,10,101,4,115,152,0,152,267
04/27/2022,JEF,MO,ACE,CE,Federal Contract Tower,0,7,20,2,29,0,3,44,4,51,0,10,64,6,80,68,2,70,150
04/28/2022,JEF,MO,ACE,CE,Federal Contract Tower,0,0,17,0,17,0,0,15,0,15,0,0,32,0,32,60,0,60,92
04/29/2022,JEF,MO,ACE,CE,Federal Contract Tower,0,0,24,0,24,0,0,3,0,3,0,0,27,0,27,0,6,6,33
04/30/2022,JEF,MO,ACE,CE,Federal Contract Tower,0,0,2,0,2,0,0,5,0,5,0,0,7,0,7,0,0,0,7
05/01/2022,JEF,MO,ACE,CE,Federal Contract Tower,0,0,15,1,16,0,0,27,0,27,0,0,42,1,43,18,0,18,61
05/02/2022,JEF,MO,ACE,CE,Federal Contract Tower,0,2,11,3,16,0,0,15,0,15,0,2,26,3,31,18,0,18,49
05/03/2022,JEF,MO,ACE,CE,Federal Contract Tower,0,0,28,1,29,0,0,2,3,5,0,0,30,4,34,0,0,0,34
05/04/2022,JEF,MO,ACE,CE,Federal Contract Tower,0,4,22,0,26,0,0,5,0,5,0,4,27,0,31,24,0,24,55
05/05/2022,JEF,MO,ACE,CE,Federal Contract Tower,0,4,15,0,19,0,0,2,0,2,0,4,17,0,21,0,0,0,21
05/06/2022,JEF,MO,ACE,CE,Federal Contract Tower,0,5,20,3,28,0,0,12,1,13,0,5,32,4,41,0,0,0,41
05/07/2022,JEF,MO,ACE,CE,Federal Contract Tower,0,1,11,0,12,0,0,69,0,69,0,1,80,0,81,94,0,94,175
05/08/2022,JEF,MO,ACE,CE,Federal Contract Tower,0,0,9,2,11,0,2,17,0,19,0,2,26,2,30,0,0,0,30
05/09/2022,JEF,MO,ACE,CE,Federal Contract Tower,0,1,11,0,12,0,0,22,0,22,0,1,33,0,34,0,0,0,34
05/10/2022,JEF,MO,ACE,CE,Federal Contract Tower,0,3,25,2,30,0,4,43,1,48,0,7,68,3,78,150,0,150,228
05/11/2022,JEF,MO,ACE,CE,Federal Contract Tower,0,0,26,0,26,0,2,66,2,70,0,2,92,2,96,138,0,138,234
05/12/2022,JEF,MO,ACE,CE,Federal Contract Tower,0,1,22,6,29,0,6,66,2,74,0,7,88,8,103,134,0,134,237
05/13/2022,JEF,MO,ACE,CE,Federal Contract Tower,0,3,23,3,29,0,0,29,6,35,0,3,52,9,64,120,0,120,184
05/14/2022,JEF,MO,ACE,CE,Federal Contract Tower,0,0,10,0,10,0,1,50,8,59,0,1,60,8,69,152,0,152,221
05/15/2022,JEF,MO,ACE,CE,Federal Contract Tower,0,2,7,0,9,0,3,13,1,17,0,5,20,1,26,0,0,0,26
05/16/2022,JEF,MO,ACE,CE,Federal Contract Tower,0,2,11,0,13,0,2,59,0,61,0,4,70,0,74,160,0,160,234
05/17/2022,JEF,MO,ACE,CE,Federal Contract Tower,0,5,14,4,23,0,2,54,0,56,0,7,68,4,79,172,0,172,251
05/18/2022,JEF,MO,ACE,CE,Federal Contract Tower,0,0,20,0,20,0,0,35,2,37,0,0,55,2,57,142,0,142,199
05/19/2022,JEF,MO,ACE,CE,Federal Contract Tower,0,0,25,2,27,0,0,24,0,24,0,0,49,2,51,6,0,6,57
05/20/2022,JEF,MO,ACE,CE,Federal Contract Tower,0,0,26,3,29,0,0,29,1,30,0,0,55,4,59,0,0,0,59
05/21/2022,JEF,MO,ACE,CE,Federal Contract Tower,0,0,3,0,3,0,0,41,0,41,0,0,44,0,44,0,0,0,44
05/22/2022,JEF,MO,ACE,CE,Federal Contract Tower,0,0,8,0,8,0,0,52,0,52,0,0,60,0,60,18,0,18,78
05/23/2022,JEF,MO,ACE,CE,Federal Contract Tower,0,0,21,0,21,0,3,48,2,53,0,3,69,2,74,72,12,84,158
05/24/2022,JEF,MO,ACE,CE,Federal Contract Tower,0,2,17,1,20,0,0,20,3,23,0,2,37,4,43,122,0,122,165
05/25/2022,JEF,MO,ACE,CE,Federal Contract Tower,0,2,23,0,25,0,0,0,0,0,0,2,23,0,25,0,0,0,25
05/26/2022,JEF,MO,ACE,CE,Federal Contract Tower,0,4,21,2,27,0,0,4,0,4,0,4,25,2,31,20,0,20,51
05/27/2022,JEF,MO,ACE,CE,Federal Contract Tower,0,1,36,0,37,0,0,16,0,16,0,1,52,0,53,86,0,86,139
05/28/2022,JEF,MO,ACE,CE,Federal Contract Tower,0,1,11,0,12,0,2,42,0,44,0,3,53,0,56,38,0,38,94
05/29/2022,JEF,MO,ACE,CE,Federal Contract Tower,0,3,8,0,11,0,0,1,0,1,0,3,9,0,12,0,0,0,12
05/30/2022,JEF,MO,ACE,CE,Federal Contract Tower,0,1,7,0,8,0,1,16,0,17,0,2,23,0,25,6,0,6,31
05/31/2022,JEF,MO,ACE,CE,Federal Contract Tower,0,0,16,1,17,0,0,26,1,27,0,0,42,2,44,48,0,48,92
06/01/2022,JEF,MO,ACE,CE,Federal Contract Tower,0,2,31,2,35,0,0,2,0,2,0,2,33,2,37,0,0,0,37
06/02/2022,JEF,MO,ACE,CE,Federal Contract Tower,0,2,20,0,22,0,2,63,2,67,0,4,83,2,89,210,0,210,299
06/03/2022,JEF,MO,ACE,CE,Federal Contract Tower,0,2,27,0,29,0,1,41,6,48,0,3,68,6,77,40,0,40,117
06/04/2022,JEF,MO,ACE,CE,Federal Contract Tower,0,1,9,0,10,0,1,36,0,37,0,2,45,0,47,40,0,40,87
06/05/2022,JEF,MO,ACE,CE,Federal Contract Tower,0,0,11,0,11,0,0,29,0,29,0,0,40,0,40,22,0,22,62
06/06/2022,JEF,MO,ACE,CE,Federal Contract Tower,0,0,12,0,12,0,0,22,2,24,0,0,34,2,36,52,0,52,88
06/07/2022,JEF,MO,ACE,CE,Federal Contract Tower,0,0,22,3,25,0,9,53,1,63,0,9,75,4,88,112,0,112,200
06/08/2022,JEF,MO,ACE,CE,Federal Contract Tower,0,0,36,1,37,0,0,16,12,28,0,0,52,13,65,14,10,24,89
06/09/2022,JEF,MO,ACE,CE,Federal Contract Tower,0,0,22,0,22,0,0,63,2,65,0,0,85,2,87,116,0,116,203
06/10/2022,JEF,MO,ACE,CE,Federal Contract Tower,0,0,13,0,13,0,0,54,2,56,0,0,67,2,69,86,0,86,155
06/11/2022,JEF,MO,ACE,CE,Federal Contract Tower,0,0,10,0,10,0,0,19,0,19,0,0,29,0,29,26,0,26,55
06/12/2022,JEF,MO,ACE,CE,Federal Contract Tower,0,0,14,0,14,0,6,19,8,33,0,6,33,8,47,32,0,32,79
06/13/2022,JEF,MO,ACE,CE,Federal Contract Tower,0,2,10,3,15,0,2,34,0,36,0,4,44,3,51,10,0,10,61
06/14/2022,JEF,MO,ACE,CE,Federal Contract Tower,0,0,19,3,22,0,2,27,1,30,0,2,46,4,52,26,0,26,78
06/15/2022,JEF,MO,ACE,CE,Federal Contract Tower,0,0,23,0,23,0,1,26,2,29,0,1,49,2,52,10,0,10,62
06/16/2022,JEF,MO,ACE,CE,Federal Contract Tower,0,4,26,1,31,0,7,48,1,56,0,11,74,2,87,84,0,84,171
06/17/2022,JEF,MO,ACE,CE,Federal Contract Tower,0,0,9,1,10,0,2,46,11,59,0,2,55,12,69,44,0,44,113
06/18/2022,JEF,MO,ACE,CE,Federal Contract Tower,0,2,7,0,9,0,2,40,0,42,0,4,47,0,51,64,0,64,115
06/19/2022,JEF,MO,ACE,CE,Federal Contract Tower,0,0,8,0,8,0,3,37,0,40,0,3,45,0,48,18,0,18,66
06/20/2022,JEF,MO,ACE,CE,Federal Contract Tower,0,0,19,1,20,0,6,64,0,70,0,6,83,1,90,32,0,32,122
06/21/2022,JEF,MO,ACE,CE,Federal Contract Tower,0,0,25,0,25,0,0,48,0,48,0,0,73,0,73,80,0,80,153
06/22/2022,JEF,MO,ACE,CE,Federal Contract Tower,0,0,24,2,26,0,4,41,0,45,0,4,65,2,71,156,0,156,227
06/23/2022,JEF,MO,ACE,CE,Federal Contract Tower,0,2,24,1,27,0,3,48,7,58,0,5,72,8,85,104,0,104,189
06/24/2022,JEF,MO,ACE,CE,Federal Contract Tower,0,2,15,0,17,0,2,47,0,49,0,4,62,0,66,82,0,82,148
06/25/2022,JEF,MO,ACE,CE,Federal Contract Tower,0,0,10,0,10,0,4,26,0,30,0,4,36,0,40,10,0,10,50
06/26/2022,JEF,MO,ACE,CE,Federal Contract Tower,0,0,11,0,11,0,2,31,0,33,0,2,42,0,44,10,0,10,54
06/27/2022,JEF,MO,ACE,CE,Federal Contract Tower,0,2,20,2,24,0,12,69,4,85,0,14,89,6,109,80,2,82,191
06/28/2022,JEF,MO,ACE,CE,Federal Contract Tower,0,0,31,5,36,0,0,64,4,68,0,0,95,9,104,162,0,162,266
06/29/2022,JEF,MO,ACE,CE,Federal Contract Tower,0,4,22,2,28,0,0,61,2,63,0,4,83,4,91,72,0,72,163
06/30/2022,JEF,MO,ACE,CE,Federal Contract Tower,0,0,19,2,21,0,0,42,4,46,0,0,61,6,67,68,2,70,137
07/01/2022,JEF,MO,ACE,CE,Federal Contract Tower,0,2,21,0,23,0,0,33,0,33,0,2,54,0,56,61,0,61,117
07/02/2022,JEF,MO,ACE,CE,Federal Contract Tower,0,1,3,0,4,0,0,1,0,1,0,1,4,0,5,0,0,0,5
07/03/2022,JEF,MO,ACE,CE,Federal Contract Tower,0,0,13,2,15,0,0,17,0,17,0,0,30,2,32,18,0,18,50
07/04/2022,JEF,MO,ACE,CE,Federal Contract Tower,0,0,1,0,1,0,0,14,0,14,0,0,15,0,15,0,0,0,15
07/05/2022,JEF,MO,ACE,CE,Federal Contract Tower,0,2,13,0,15,0,6,38,0,44,0,8,51,0,59,62,0,62,121
07/06/2022,JEF,MO,ACE,CE,Federal Contract Tower,0,2,17,2,21,0,2,50,2,54,0,4,67,4,75,30,0,30,105
07/07/2022,JEF,MO,ACE,CE,Federal Contract Tower,0,0,17,3,20,0,4,45,4,53,0,4,62,7,73,56,0,56,129
07/08/2022,JEF,MO,ACE,CE,Federal Contract Tower,0,1,24,2,27,0,0,45,0,45,0,1,69,2,72,56,0,56,128
07/09/2022,JEF,MO,ACE,CE,Federal Contract Tower,0,2,9,0,11,0,0,5,0,5,0,2,14,0,16,2,0,2,18
07/10/2022,JEF,MO,ACE,CE,Federal Contract Tower,0,3,13,0,16,0,0,33,0,33,0,3,46,0,49,12,0,12,61
07/11/2022,JEF,MO,ACE,CE,Federal Contract Tower,0,3,13,0,16,0,2,39,1,42,0,5,52,1,58,94,0,94,152
07/12/2022,JEF,MO,ACE,CE,Federal Contract Tower,0,4,24,0,28,0,3,29,8,40,0,7,53,8,68,94,8,102,170
07/13/2022,JEF,MO,ACE,CE,Federal Contract Tower,0,0,18,1,19,0,0,58,8,66,0,0,76,9,85,86,0,86,171
07/14/2022,JEF,MO,ACE,CE,Federal Contract Tower,0,1,15,5,21,0,8,44,5,57,0,9,59,10,78,100,2,102,180
07/15/2022,JEF,MO,ACE,CE,Federal Contract Tower,0,0,15,0,15,0,0,35,0,35,0,0,50,0,50,52,1,53,103
07/16/2022,JEF,MO,ACE,CE,Federal Contract Tower,0,2,11,0,13,0,0,23,0,23,0,2,34,0,36,16,0,16,52
07/17/2022,JEF,MO,ACE,CE,Federal Contract Tower,0,0,14,1,15,0,0,5,2,7,0,0,19,3,22,0,0,0,22
07/18/2022,JEF,MO,ACE,CE,Federal Contract Tower,0,0,10,0,10,0,4,46,1,51,0,4,56,1,61,92,2,94,155
07/19/2022,JEF,MO,ACE,CE,Federal Contract Tower,0,1,21,2,24,0,11,45,2,58,0,12,66,4,82,114,2,116,198
07/20/2022,JEF,MO,ACE,CE,Federal Contract Tower,0,2,18,2,22,0,2,55,5,62,0,4,73,7,84,32,0,32,116
07/21/2022,JEF,MO,ACE,CE,Federal Contract Tower,0,2,21,0,23,0,4,65,4,73,0,6,86,4,96,76,0,76,172
07/22/2022,JEF,MO,ACE,CE,Federal Contract Tower,0,0,17,2,19,0,2,59,5,66,0,2,76,7,85,64,0,64,149
07/23/2022,JEF,MO,ACE,CE,Federal Contract Tower,0,0,7,0,7,0,0,24,0,24,0,0,31,0,31,36,0,36,67
07/24/2022,JEF,MO,ACE,CE,Federal Contract Tower,0,0,19,0,19,0,0,14,0,14,0,0,33,0,33,12,0,12,45
07/25/2022,JEF,MO,ACE,CE,Federal Contract Tower,0,0,25,2,27,0,0,33,0,33,0,0,58,2,60,56,0,56,116
07/26/2022,JEF,MO,ACE,CE,Federal Contract Tower,0,0,28,4,32,0,0,23,0,23,0,0,51,4,55,42,0,42,97
07/27/2022,JEF,MO,ACE,CE,Federal Contract Tower,0,3,21,1,25,0,0,28,3,31,0,3,49,4,56,58,0,58,114
07/28/2022,JEF,MO,ACE,CE,Federal Contract Tower,0,1,13,2,16,0,0,12,4,16,0,1,25,6,32,2,0,2,34
07/29/2022,JEF,MO,ACE,CE,Federal Contract Tower,0,2,18,2,22,0,2,66,0,68,0,4,84,2,90,80,0,80,170
07/30/2022,JEF,MO,ACE,CE,Federal Contract Tower,0,1,8,0,9,0,0,48,0,48,0,1,56,0,57,20,0,20,77
07/31/2022,JEF,MO,ACE,CE,Federal Contract Tower,0,1,24,0,25,0,0,36,0,36,0,1,60,0,61,2,0,2,63
08/01/2022,JEF,MO,ACE,CE,Federal Contract Tower,0,2,16,2,20,0,7,56,0,63,0,9,72,2,83,40,0,40,123
08/02/2022,JEF,MO,ACE,CE,Federal Contract Tower,0,1,18,6,25,0,2,50,0,52,0,3,68,6,77,10,0,10,87
08/03/2022,JEF,MO,ACE,CE,Federal Contract Tower,0,0,20,2,22,0,1,51,6,58,0,1,71,8,80,42,0,42,122
08/04/2022,JEF,MO,ACE,CE,Federal Contract Tower,0,0,22,1,23,0,0,37,2,39,0,0,59,3,62,104,0,104,166
08/05/2022,JEF,MO,ACE,CE,Federal Contract Tower,0,0,22,9,31,0,0,36,6,42,0,0,58,15,73,63,0,63,136
08/06/2022,JEF,MO,ACE,CE,Federal Contract Tower,0,0,6,0,6,0,0,35,2,37,0,0,41,2,43,46,0,46,89
08/07/2022,JEF,MO,ACE,CE,Federal Contract Tower,0,0,12,12,24,0,1,26,24,51,0,1,38,36,75,22,0,22,97
08/08/2022,JEF,MO,ACE,CE,Federal Contract Tower,0,0,18,1,19,0,0,30,1,31,0,0,48,2,50,84,0,84,134
08/09/2022,JEF,MO,ACE,CE,Federal Contract Tower,0,3,33,0,36,0,1,34,4,39,0,4,67,4,75,72,0,72,147
08/10/2022,JEF,MO,ACE,CE,Federal Contract Tower,0,0,24,6,30,0,4,33,4,41,0,4,57,10,71,34,0,34,105
08/11/2022,JEF,MO,ACE,CE,Federal Contract Tower,0,0,19,0,19,0,2,55,19,76,0,2,74,19,95,79,0,79,174
08/12/2022,JEF,MO,ACE,CE,Federal Contract Tower,0,1,16,9,26,0,0,68,13,81,0,1,84,22,107,30,0,30,137
08/13/2022,JEF,MO,ACE,CE,Federal Contract Tower,0,4,9,0,13,0,1,32,1,34,0,5,41,1,47,42,0,42,89
08/14/2022,JEF,MO,ACE,CE,Federal Contract Tower,0,2,18,0,20,0,2,25,12,39,0,4,43,12,59,2,0,2,61
08/15/2022,JEF,MO,ACE,CE,Federal Contract Tower,0,0,33,2,35,0,4,44,3,51,0,4,77,5,86,12,10,22,108
08/16/2022,JEF,MO,ACE,CE,Federal Contract Tower,0,2,17,2,21,0,0,1,0,1,0,2,18,2,22,0,10,10,32
08/17/2022,JEF,MO,ACE,CE,Federal Contract Tower,0,0,35,4,39,0,2,62,4,68,0,2,97,8,107,56,0,56,163
08/18/2022,JEF,MO,ACE,CE,Federal Contract Tower,0,0,21,0,21,0,0,59,0,59,0,0,80,0,80,30,0,30,110
08/19/2022,JEF,MO,ACE,CE,Federal Contract Tower,0,0,17,0,17,0,0,54,0,54,0,0,71,0,71,24,0,24,95
08/20/2022,JEF,MO,ACE,CE,Federal Contract Tower,0,0,2,0,2,0,0,18,0,18,0,0,20,0,20,0,0,0,20
08/21/2022,JEF,MO,ACE,CE,Federal Contract Tower,0,0,15,0,15,0,2,49,6,57,0,2,64,6,72,50,0,50,122
08/22/2022,JEF,MO,ACE,CE,Federal Contract Tower,0,2,23,5,30,0,0,58,0,58,0,2,81,5,88,16,0,16,104
08/23/2022,JEF,MO,ACE,CE,Federal Contract Tower,0,0,25,2,27,0,6,47,6,59,0,6,72,8,86,24,0,24,110
08/24/2022,JEF,MO,ACE,CE,Federal Contract Tower,0,0,20,0,20,0,0,36,2,38,0,0,56,2,58,32,0,32,90
08/25/2022,JEF,MO,ACE,CE,Federal Contract Tower,0,1,17,2,20,0,11,67,2,80,0,12,84,4,100,12,0,12,112
08/26/2022,JEF,MO,ACE,CE,Federal Contract Tower,0,0,25,0,25,0,2,45,6,53,0,2,70,6,78,46,0,46,124
08/27/2022,JEF,MO,ACE,CE,Federal Contract Tower,0,0,8,0,8,0,2,58,0,60,0,2,66,0,68,28,0,28,96
08/28/2022,JEF,MO,ACE,CE,Federal Contract Tower,0,0,16,2,18,0,0,11,0,11,0,0,27,2,29,18,0,18,47
08/29/2022,JEF,MO,ACE,CE,Federal Contract Tower,0,0,21,0,21,0,2,24,0,26,0,2,45,0,47,40,0,40,87
08/30/2022,JEF,MO,ACE,CE,Federal Contract Tower,0,0,30,1,31,0,0,60,12,72,0,0,90,13,103,52,2,54,157
08/31/2022,JEF,MO,ACE,CE,Federal Contract Tower,0,0,17,0,17,0,2,71,8,81,0,2,88,8,98,72,0,72,170
09/01/2022,JEF,MO,ACE,CE,Federal Contract Tower,0,1,23,0,24,0,0,80,4,84,0,1,103,4,108,88,0,88,196
09/02/2022,JEF,MO,ACE,CE,Federal Contract Tower,0,1,18,0,19,0,0,29,0,29,0,1,47,0,48,0,0,0,48
09/03/2022,JEF,MO,ACE,CE,Federal Contract Tower,0,0,4,0,4,0,1,39,0,40,0,1,43,0,44,46,0,46,90
09/04/2022,JEF,MO,ACE,CE,Federal Contract Tower,0,0,12,0,12,0,2,7,0,9,0,2,19,0,21,6,0,6,27
09/05/2022,JEF,MO,ACE,CE,Federal Contract Tower,0,0,20,0,20,0,2,3,0,5,0,2,23,0,25,0,0,0,25
09/06/2022,JEF,MO,ACE,CE,Federal Contract Tower,0,2,30,2,34,0,0,32,10,42,0,2,62,12,76,30,4,34,110
09/07/2022,JEF,MO,ACE,CE,Federal Contract Tower,0,0,26,2,28,0,5,50,0,55,0,5,76,2,83,46,0,46,129
09/08/2022,JEF,MO,ACE,CE,Federal Contract Tower,0,0,27,0,27,0,0,57,6,63,0,0,84,6,90,76,0,76,166
09/09/2022,JEF,MO,ACE,CE,Federal Contract Tower,0,0,17,4,21,0,0,45,0,45,0,0,62,4,66,14,0,14,80
09/10/2022,JEF,MO,ACE,CE,Federal Contract Tower,0,0,5,0,5,0,2,56,3,61,0,2,61,3,66,12,0,12,78
09/11/2022,JEF,MO,ACE,CE,Federal Contract Tower,0,2,16,0,18,0,0,20,0,20,0,2,36,0,38,6,0,6,44
09/12/2022,JEF,MO,ACE,CE,Federal Contract Tower,0,0,19,2,21,0,2,35,0,37,0,2,54,2,58,20,0,20,78
09/13/2022,JEF,MO,ACE,CE,Federal Contract Tower,0,2,16,0,18,0,2,57,7,66,0,4,73,7,84,44,0,44,128
09/14/2022,JEF,MO,ACE,CE,Federal Contract Tower,0,3,28,0,31,0,3,69,0,72,0,6,97,0,103,62,0,62,165
09/15/2022,JEF,MO,ACE,CE,Federal Contract Tower,0,0,20,1,21,0,2,53,2,57,0,2,73,3,78,90,0,90,168
09/16/2022,JEF,MO,ACE,CE,Federal Contract Tower,0,0,27,3,30,0,0,53,5,58,0,0,80,8,88,32,4,36,124
09/17/2022,JEF,MO,ACE,CE,Federal Contract Tower,0,1,2,0,3,0,9,59,5,73,0,10,61,5,76,62,0,62,138
09/18/2022,JEF,MO,ACE,CE,Federal Contract Tower,0,1,21,0,22,0,0,15,2,17,0,1,36,2,39,16,0,16,55
09/19/2022,JEF,MO,ACE,CE,Federal Contract Tower,0,0,27,0,27,0,0,31,2,33,0,0,58,2,60,66,0,66,126
09/20/2022,JEF,MO,ACE,CE,Federal Contract Tower,0,0,26,3,29,0,2,42,5,49,0,2,68,8,78,58,0,58,136
09/21/2022,JEF,MO,ACE,CE,Federal Contract Tower,0,0,30,0,30,0,1,43,5,49,0,1,73,5,79,34,0,34,113
09/22/2022,JEF,MO,ACE,CE,Federal Contract Tower,0,2,35,0,37,0,0,40,3,43,0,2,75,3,80,0,0,0,80
09/23/2022,JEF,MO,ACE,CE,Federal Contract Tower,0,0,23,0,23,0,12,50,7,69,0,12,73,7,92,38,0,38,130
09/24/2022,JEF,MO,ACE,CE,Federal Contract Tower,0,2,16,0,18,0,0,194,2,196,0,2,210,2,214,16,0,16,230
09/25/2022,JEF,MO,ACE,CE,Federal Contract Tower,0,0,24,1,25,0,1,38,0,39,0,1,62,1,64,30,4,34,98
09/26/2022,JEF,MO,ACE,CE,Federal Contract Tower,0,2,24,0,26,0,0,37,0,37,0,2,61,0,63,36,0,36,99
09/27/2022,JEF,MO,ACE,CE,Federal Contract Tower,0,4,28,0,32,0,6,58,4,68,0,10,86,4,100,72,0,72,172
09/28/2022,JEF,MO,ACE,CE,Federal Contract Tower,0,4,20,0,24,0,2,69,0,71,0,6,89,0,95,30,0,30,125
09/29/2022,JEF,MO,ACE,CE,Federal Contract Tower,0,0,14,0,14,0,6,60,4,70,0,6,74,4,84,62,0,62,146
09/30/2022,JEF,MO,ACE,CE,Federal Contract Tower,0,0,21,0,21,0,0,61,0,61,0,0,82,0,82,100,0,100,182
10/01/2022,JEF,MO,ACE,CE,Federal Contract Tower,0,0,11,0,11,0,2,53,0,55,0,2,64,0,66,42,0,42,108
10/02/2022,JEF,MO,ACE,CE,Federal Contract Tower,0,0,15,0,15,0,3,45,2,50,0,3,60,2,65,0,0,0,65
10/03/2022,JEF,MO,ACE,CE,Federal Contract Tower,0,2,18,0,20,0,3,41,0,44,0,5,59,0,64,60,0,60,124
10/04/2022,JEF,MO,ACE,CE,Federal Contract Tower,0,0,33,2,35,0,3,51,5,59,0,3,84,7,94,80,0,80,174
10/05/2022,JEF,MO,ACE,CE,Federal Contract Tower,0,0,44,2,46,0,0,62,8,70,0,0,106,10,116,50,0,50,166
10/06/2022,JEF,MO,ACE,CE,Federal Contract Tower,0,0,24,2,26,0,1,61,4,66,0,1,85,6,92,32,8,40,132
10/07/2022,JEF,MO,ACE,CE,Federal Contract Tower,0,8,23,1,32,0,2,62,3,67,0,10,85,4,99,52,2,54,153
10/08/2022,JEF,MO,ACE,CE,Federal Contract Tower,0,2,7,0,9,0,0,51,4,55,0,2,58,4,64,44,0,44,108
10/09/2022,JEF,MO,ACE,CE,Federal Contract Tower,0,2,26,0,28,0,0,37,8,45,0,2,63,8,73,34,0,34,107
10/10/2022,JEF,MO,ACE,CE,Federal Contract Tower,0,1,12,0,13,0,1,44,4,49,0,2,56,4,62,44,0,44,106
10/11/2022,JEF,MO,ACE,CE,Federal Contract Tower,0,3,15,1,19,0,0,7,1,8,0,3,22,2,27,6,0,6,33
10/12/2022,JEF,MO,ACE,CE,Federal Contract Tower,0,2,26,0,28,0,0,22,0,22,0,2,48,0,50,26,0,26,76
10/13/2022,JEF,MO,ACE,CE,Federal Contract Tower,0,8,23,0,31,0,2,33,8,43,0,10,56,8,74,42,0,42,116
10/14/2022,JEF,MO,ACE,CE,Federal Contract Tower,0,16,18,4,38,0,2,19,6,27,0,18,37,10,65,4,0,4,69
10/15/2022,JEF,MO,ACE,CE,Federal Contract Tower,0,0,12,0,12,0,0,57,8,65,0,0,69,8,77,56,0,56,133
10/16/2022,JEF,MO,ACE,CE,Federal Contract Tower,0,0,7,0,7,0,0,27,3,30,0,0,34,3,37,66,0,66,103
10/17/2022,JEF,MO,ACE,CE,Federal Contract Tower,0,2,27,1,30,0,2,25,1,28,0,4,52,2,58,2,4,6,64
10/18/2022,JEF,MO,ACE,CE,Federal Contract Tower,0,1,27,2,30,0,2,56,5,63,0,3,83,7,93,10,0,10,103
10/19/2022,JEF,MO,ACE,CE,Federal Contract Tower,0,2,33,1,36,0,0,37,0,37,0,2,70,1,73,66,0,66,139
10/20/2022,JEF,MO,ACE,CE,Federal Contract Tower,0,1,33,1,35,0,2,45,5,52,0,3,78,6,87,86,2,88,175
10/21/2022,JEF,MO,ACE,CE,Federal Contract Tower,0,3,25,0,28,0,0,42,0,42,0,3,67,0,70,32,0,32,102
10/22/2022,JEF,MO,ACE,CE,Federal Contract Tower,0,0,8,0,8,0,0,19,0,19,0,0,27,0,27,6,0,6,33
10/23/2022,JEF,MO,ACE,CE,Federal Contract Tower,0,3,17,0,20,0,0,3,0,3,0,3,20,0,23,0,0,0,23
10/24/2022,JEF,MO,ACE,CE,Federal Contract Tower,0,3,27,2,32,0,0,12,0,12,0,3,39,2,44,18,0,18,62
10/25/2022,JEF,MO,ACE,CE,Federal Contract Tower,0,0,26,0,26,0,0,0,0,0,0,0,26,0,26,0,0,0,26
10/26/2022,JEF,MO,ACE,CE,Federal Contract Tower,0,0,20,3,23,0,7,75,5,87,0,7,95,8,110,28,0,28,138
10/27/2022,JEF,MO,ACE,CE,Federal Contract Tower,0,1,27,0,28,0,6,66,0,72,0,7,93,0,100,140,0,140,240
10/28/2022,JEF,MO,ACE,CE,Federal Contract Tower,0,2,16,4,22,0,0,31,9,40,0,2,47,13,62,18,0,18,80
10/29/2022,JEF,MO,ACE,CE,Federal Contract Tower,0,0,6,4,10,0,2,51,2,55,0,2,57,6,65,66,0,66,131
10/30/2022,JEF,MO,ACE,CE,Federal Contract Tower,0,4,15,0,19,0,0,0,0,0,0,4,15,0,19,0,0,0,19
10/31/2022,JEF,MO,ACE,CE,Federal Contract Tower,0,0,15,0,15,0,0,25,0,25,0,0,40,0,40,56,0,56,96
11/01/2022,JEF,MO,ACE,CE,Federal Contract Tower,0,2,25,2,29,0,1,73,6,80,0,3,98,8,109,20,0,20,129
11/02/2022,JEF,MO,ACE,CE,Federal Contract Tower,0,0,19,0,19,0,4,70,0,74,0,4,89,0,93,68,0,68,161
11/03/2022,JEF,MO,ACE,CE,Federal Contract Tower,0,0,12,0,12,0,0,53,0,53,0,0,65,0,65,32,0,32,97
11/04/2022,JEF,MO,ACE,CE,Federal Contract Tower,0,0,12,2,14,0,0,6,0,6,0,0,18,2,20,6,0,6,26
11/05/2022,JEF,MO,ACE,CE,Federal Contract Tower,0,0,10,0,10,0,0,2,2,4,0,0,12,2,14,0,0,0,14
11/06/2022,JEF,MO,ACE,CE,Federal Contract Tower,0,0,6,0,6,0,0,61,3,64,0,0,67,3,70,48,0,48,118
11/07/2022,JEF,MO,ACE,CE,Federal Contract Tower,0,0,23,0,23,0,0,44,2,46,0,0,67,2,69,74,0,74,143
11/08/2022,JEF,MO,ACE,CE,Federal Contract Tower,0,0,23,0,23,0,2,54,1,57,0,2,77,1,80,42,12,54,134
11/09/2022,JEF,MO,ACE,CE,Federal Contract Tower,0,0,17,4,21,0,2,45,0,47,0,2,62,4,68,96,0,96,164
11/10/2022,JEF,MO,ACE,CE,Federal Contract Tower,0,2,23,1,26,0,0,17,3,20,0,2,40,4,46,18,2,20,66
11/11/2022,JEF,MO,ACE,CE,Federal Contract Tower,0,0,7,0,7,0,2,26,0,28,0,2,33,0,35,22,0,22,57
11/12/2022,JEF,MO,ACE,CE,Federal Contract Tower,0,0,8,0,8,0,2,0,0,2,0,2,8,0,10,0,0,0,10
11/13/2022,JEF,MO,ACE,CE,Federal Contract Tower,0,2,12,0,14,0,7,51,0,58,0,9,63,0,72,70,0,70,142
11/14/2022,JEF,MO,ACE,CE,Federal Contract Tower,0,2,8,2,12,0,0,41,0,41,0,2,49,2,53,64,0,64,117
11/15/2022,JEF,MO,ACE,CE,Federal Contract Tower,0,2,12,0,14,0,0,1,0,1,0,2,13,0,15,0,0,0,15
11/16/2022,JEF,MO,ACE,CE,Federal Contract Tower,0,0,21,0,21,0,1,20,4,25,0,1,41,4,46,16,0,16,62
11/17/2022,JEF,MO,ACE,CE,Federal Contract Tower,0,3,32,3,38,0,2,44,5,51,0,5,76,8,89,92,0,92,181
11/18/2022,JEF,MO,ACE,CE,Federal Contract Tower,0,0,23,0,23,0,0,39,4,43,0,0,62,4,66,46,2,48,114
11/19/2022,JEF,MO,ACE,CE,Federal Contract Tower,0,0,6,0,6,0,0,20,0,20,0,0,26,0,26,4,0,4,30
11/20/2022,JEF,MO,ACE,CE,Federal Contract Tower,0,2,5,0,7,0,0,37,0,37,0,2,42,0,44,26,0,26,70
11/21/2022,JEF,MO,ACE,CE,Federal Contract Tower,0,0,17,1,18,0,2,62,1,65,0,2,79,2,83,114,0,114,197
11/22/2022,JEF,MO,ACE,CE,Federal Contract Tower,0,3,23,1,27,0,0,66,11,77,0,3,89,12,104,36,0,36,140
11/23/2022,JEF,MO,ACE,CE,Federal Contract Tower,0,0,11,0,11,0,4,44,0,48,0,4,55,0,59,74,0,74,133
11/24/2022,JEF,MO,ACE,CE,Federal Contract Tower,0,0,1,0,1,0,0,0,0,0,0,0,1,0,1,0,0,0,1
11/25/2022,JEF,MO,ACE,CE,Federal Contract Tower,0,0,10,0,10,0,0,27,0,27,0,0,37,0,37,10,0,10,47
11/26/2022,JEF,MO,ACE,CE,Federal Contract Tower,0,0,12,0,12,0,0,23,0,23,0,0,35,0,35,34,0,34,69
11/27/2022,JEF,MO,ACE,CE,Federal Contract Tower,0,0,12,0,12,0,0,0,0,0,0,0,12,0,12,0,0,0,12
11/28/2022,JEF,MO,ACE,CE,Federal Contract Tower,0,0,17,0,17,0,0,48,0,48,0,0,65,0,65,74,0,74,139
11/29/2022,JEF,MO,ACE,CE,Federal Contract Tower,0,3,16,2,21,0,2,17,16,35,0,5,33,18,56,0,6,6,62
11/30/2022,JEF,MO,ACE,CE,Federal Contract Tower,0,0,17,2,19,0,2,42,3,47,0,2,59,5,66,46,0,46,112
12/01/2022,JEF,MO,ACE,CE,Federal Contract Tower,0,2,21,2,25,0,4,30,10,44,0,6,51,12,69,68,0,68,137
12/02/2022,JEF,MO,ACE,CE,Federal Contract Tower,0,0,12,2,14,0,0,5,0,5,0,0,17,2,19,0,0,0,19
12/03/2022,JEF,MO,ACE,CE,Federal Contract Tower,0,0,15,0,15,0,2,47,4,53,0,2,62,4,68,86,0,86,154
12/04/2022,JEF,MO,ACE,CE,Federal Contract Tower,0,0,10,0,10,0,0,36,0,36,0,0,46,0,46,0,0,0,46
12/05/2022,JEF,MO,ACE,CE,Federal Contract Tower,0,0,17,0,17,0,0,29,0,29,0,0,46,0,46,92,0,92,138
12/06/2022,JEF,MO,ACE,CE,Federal Contract Tower,0,1,16,0,17,0,0,2,0,2,0,1,18,0,19,4,0,4,23
12/07/2022,JEF,MO,ACE,CE,Federal Contract Tower,0,1,24,4,29,0,0,2,0,2,0,1,26,4,31,0,0,0,31
12/08/2022,JEF,MO,ACE,CE,Federal Contract Tower,0,5,19,0,24,0,0,0,0,0,0,5,19,0,24,0,0,0,24
12/09/2022,JEF,MO,ACE,CE,Federal Contract Tower,0,1,22,0,23,0,0,21,0,21,0,1,43,0,44,68,0,68,112
12/10/2022,JEF,MO,ACE,CE,Federal Contract Tower,0,0,6,0,6,0,0,0,0,0,0,0,6,0,6,0,0,0,6
12/11/2022,JEF,MO,ACE,CE,Federal Contract Tower,0,0,14,0,14,0,0,13,0,13,0,0,27,0,27,0,0,0,27
12/12/2022,JEF,MO,ACE,CE,Federal Contract Tower,0,2,18,0,20,0,1,2,2,5,0,3,20,2,25,0,0,0,25
12/13/2022,JEF,MO,ACE,CE,Federal Contract Tower,0,2,5,0,7,0,0,0,0,0,0,2,5,0,7,0,0,0,7
12/14/2022,JEF,MO,ACE,CE,Federal Contract Tower,0,0,27,1,28,0,4,18,8,30,0,4,45,9,58,16,0,16,74
12/15/2022,JEF,MO,ACE,CE,Federal Contract Tower,0,2,17,4,23,0,2,30,12,44,0,4,47,16,67,26,24,50,117
12/16/2022,JEF,MO,ACE,CE,Federal Contract Tower,0,2,19,0,21,0,0,12,0,12,0,2,31,0,33,4,0,4,37
12/17/2022,JEF,MO,ACE,CE,Federal Contract Tower,0,2,5,0,7,0,2,10,0,12,0,4,15,0,19,4,0,4,23
12/18/2022,JEF,MO,ACE,CE,Federal Contract Tower,0,0,18,0,18,0,2,46,0,48,0,2,64,0,66,44,0,44,110
12/19/2022,JEF,MO,ACE,CE,Federal Contract Tower,0,0,16,0,16,0,0,37,1,38,0,0,53,1,54,62,0,62,116
12/20/2022,JEF,MO,ACE,CE,Federal Contract Tower,0,1,29,0,30,0,5,62,11,78,0,6,91,11,108,116,0,116,224
12/21/2022,JEF,MO,ACE,CE,Federal Contract Tower,0,4,14,0,18,0,0,23,11,34,0,4,37,11,52,58,12,70,122
12/22/2022,JEF,MO,ACE,CE,Federal Contract Tower,0,0,0,0,0,0,0,0,0,0,0,0,0,0,0,0,0,0,0
12/23/2022,JEF,MO,ACE,CE,Federal Contract Tower,0,0,4,0,4,0,0,1,0,1,0,0,5,0,5,0,0,0,5
12/24/2022,JEF,MO,ACE,CE,Federal Contract Tower,0,2,0,0,2,0,0,2,0,2,0,2,2,0,4,0,0,0,4
12/25/2022,JEF,MO,ACE,CE,Federal Contract Tower,0,0,0,0,0,0,0,0,0,0,0,0,0,0,0,0,0,0,0
12/26/2022,JEF,MO,ACE,CE,Federal Contract Tower,0,0,6,0,6,0,0,2,0,2,0,0,8,0,8,0,0,0,8
12/27/2022,JEF,MO,ACE,CE,Federal Contract Tower,0,0,19,0,19,0,0,41,0,41,0,0,60,0,60,52,0,52,112
12/28/2022,JEF,MO,ACE,CE,Federal Contract Tower,0,0,7,0,7,0,1,20,6,27,0,1,27,6,34,6,0,6,40
12/29/2022,JEF,MO,ACE,CE,Federal Contract Tower,0,2,10,0,12,0,0,10,0,10,0,2,20,0,22,0,0,0,22
12/30/2022,JEF,MO,ACE,CE,Federal Contract Tower,0,0,8,0,8,0,4,57,0,61,0,4,65,0,69,42,0,42,111
12/31/2022,JEF,MO,ACE,CE,Federal Contract Tower,0,0,5,0,5,0,0,33,0,33,0,0,38,0,38,24,0,24,62
01/01/2023,JEF,MO,ACE,CE,Federal Contract Tower,0,1,10,0,11,0,0,27,0,27,0,1,37,0,38,64,0,64,102
01/02/2023,JEF,MO,ACE,CE,Federal Contract Tower,0,1,8,0,9,0,0,0,0,0,0,1,8,0,9,0,0,0,9
01/03/2023,JEF,MO,ACE,CE,Federal Contract Tower,0,2,18,5,25,0,0,27,5,32,0,2,45,10,57,16,14,30,87
01/04/2023,JEF,MO,ACE,CE,Federal Contract Tower,0,3,21,4,28,0,1,31,6,38,0,4,52,10,66,16,0,16,82
01/05/2023,JEF,MO,ACE,CE,Federal Contract Tower,0,4,19,1,24,0,3,47,13,63,0,7,66,14,87,58,10,68,155
01/06/2023,JEF,MO,ACE,CE,Federal Contract Tower,0,0,10,3,13,0,0,73,7,80,0,0,83,10,93,116,0,116,209
01/07/2023,JEF,MO,ACE,CE,Federal Contract Tower,0,0,6,4,10,0,0,8,3,11,0,0,14,7,21,6,12,18,39
01/08/2023,JEF,MO,ACE,CE,Federal Contract Tower,0,0,10,4,14,0,2,2,0,4,0,2,12,4,18,0,0,0,18
01/09/2023,JEF,MO,ACE,CE,Federal Contract Tower,0,0,28,2,30,0,3,55,4,62,0,3,83,6,92,44,32,76,168
01/10/2023,JEF,MO,ACE,CE,Federal Contract Tower,0,0,17,3,20,0,2,59,22,83,0,2,76,25,103,114,6,120,223
01/11/2023,JEF,MO,ACE,CE,Federal Contract Tower,0,4,19,2,25,0,0,49,2,51,0,4,68,4,76,114,0,114,190
01/12/2023,JEF,MO,ACE,CE,Federal Contract Tower,0,0,7,0,7,0,0,2,0,2,0,0,9,0,9,8,12,20,29
01/13/2023,JEF,MO,ACE,CE,Federal Contract Tower,0,1,15,2,18,0,0,24,1,25,0,1,39,3,43,70,0,70,113
01/14/2023,JEF,MO,ACE,CE,Federal Contract Tower,0,0,3,0,3,0,0,65,0,65,0,0,68,0,68,82,0,82,150
01/15/2023,JEF,MO,ACE,CE,Federal Contract Tower,0,0,16,0,16,0,0,10,0,10,0,0,26,0,26,32,0,32,58
01/16/2023,JEF,MO,ACE,CE,Federal Contract Tower,0,0,8,3,11,0,5,8,6,19,0,5,16,9,30,0,6,6,36
01/17/2023,JEF,MO,ACE,CE,Federal Contract Tower,0,2,29,2,33,0,1,43,8,52,0,3,72,10,85,40,6,46,131
01/18/2023,JEF,MO,ACE,CE,Federal Contract Tower,0,1,23,3,27,0,0,5,0,5,0,1,28,3,32,0,0,0,32
01/19/2023,JEF,MO,ACE,CE,Federal Contract Tower,0,1,13,0,14,0,0,4,7,11,0,1,17,7,25,0,0,0,25
01/20/2023,JEF,MO,ACE,CE,Federal Contract Tower,0,0,17,4,21,0,2,50,5,57,0,2,67,9,78,108,2,110,188
01/21/2023,JEF,MO,ACE,CE,Federal Contract Tower,0,0,13,0,13,0,2,46,0,48,0,2,59,0,61,54,0,54,115
01/22/2023,JEF,MO,ACE,CE,Federal Contract Tower,0,0,8,1,9,0,0,0,0,0,0,0,8,1,9,0,0,0,9
01/23/2023,JEF,MO,ACE,CE,Federal Contract Tower,0,0,21,1,22,0,6,28,0,34,0,6,49,1,56,104,0,104,160
01/24/2023,JEF,MO,ACE,CE,Federal Contract Tower,0,0,16,4,20,0,5,56,8,69,0,5,72,12,89,116,2,118,207
01/25/2023,JEF,MO,ACE,CE,Federal Contract Tower,0,0,1,2,3,0,0,0,0,0,0,0,1,2,3,0,0,0,3
01/26/2023,JEF,MO,ACE,CE,Federal Contract Tower,0,0,34,4,38,0,2,48,5,55,0,2,82,9,93,32,0,32,125
01/27/2023,JEF,MO,ACE,CE,Federal Contract Tower,0,2,11,1,14,0,0,27,4,31,0,2,38,5,45,52,0,52,97
01/28/2023,JEF,MO,ACE,CE,Federal Contract Tower,0,0,6,0,6,0,2,37,0,39,0,2,43,0,45,18,0,18,63
01/29/2023,JEF,MO,ACE,CE,Federal Contract Tower,0,0,10,0,10,0,0,3,0,3,0,0,13,0,13,0,0,0,13
01/30/2023,JEF,MO,ACE,CE,Federal Contract Tower,0,2,16,0,18,0,0,32,5,37,0,2,48,5,55,30,4,34,89
01/31/2023,JEF,MO,ACE,CE,Federal Contract Tower,0,2,28,1,31,0,4,54,11,69,0,6,82,12,100,82,26,108,208
02/01/2023,JEF,MO,ACE,CE,Federal Contract Tower,0,0,8,0,8,0,0,55,12,67,0,0,63,12,75,62,0,62,137
02/02/2023,JEF,MO,ACE,CE,Federal Contract Tower,0,1,19,2,22,0,3,65,19,87,0,4,84,21,109,52,4,56,165
02/03/2023,JEF,MO,ACE,CE,Federal Contract Tower,0,0,14,2,16,0,6,67,5,78,0,6,81,7,94,26,0,26,120
02/04/2023,JEF,MO,ACE,CE,Federal Contract Tower,0,0,5,0,5,0,0,11,12,23,0,0,16,12,28,0,14,14,42
02/05/2023,JEF,MO,ACE,CE,Federal Contract Tower,0,0,14,2,16,0,2,60,6,68,0,2,74,8,84,88,0,88,172
02/06/2023,JEF,MO,ACE,CE,Federal Contract Tower,0,2,24,0,26,0,0,25,1,26,0,2,49,1,52,48,0,48,100
02/07/2023,JEF,MO,ACE,CE,Federal Contract Tower,0,0,27,0,27,0,0,48,18,66,0,0,75,18,93,164,0,164,257
02/08/2023,JEF,MO,ACE,CE,Federal Contract Tower,0,3,19,0,22,0,2,11,0,13,0,5,30,0,35,64,0,64,99
02/09/2023,JEF,MO,ACE,CE,Federal Contract Tower,0,1,13,0,14,0,1,4,2,7,0,2,17,2,21,36,0,36,57
02/10/2023,JEF,MO,ACE,CE,Federal Contract Tower,0,2,17,0,19,0,0,54,17,71,0,2,71,17,90,130,0,130,220
02/11/2023,JEF,MO,ACE,CE,Federal Contract Tower,0,0,7,0,7,0,0,81,6,87,0,0,88,6,94,140,8,148,242
02/12/2023,JEF,MO,ACE,CE,Federal Contract Tower,0,2,6,0,8,0,6,44,0,50,0,8,50,0,58,32,0,32,90
02/13/2023,JEF,MO,ACE,CE,Federal Contract Tower,0,2,29,4,35,0,5,51,5,61,0,7,80,9,96,114,22,136,232
02/14/2023,JEF,MO,ACE,CE,Federal Contract Tower,0,0,12,3,15,0,0,2,5,7,0,0,14,8,22,12,18,30,52
02/15/2023,JEF,MO,ACE,CE,Federal Contract Tower,0,0,21,3,24,0,0,74,20,94,0,0,95,23,118,96,0,96,214
02/16/2023,JEF,MO,ACE,CE,Federal Contract Tower,0,0,23,2,25,0,0,0,0,0,0,0,23,2,25,0,0,0,25
02/17/2023,JEF,MO,ACE,CE,Federal Contract Tower,0,0,25,1,26,0,4,71,3,78,0,4,96,4,104,74,2,76,180
02/18/2023,JEF,MO,ACE,CE,Federal Contract Tower,0,0,1,0,1,0,0,36,0,36,0,0,37,0,37,56,0,56,93
02/19/2023,JEF,MO,ACE,CE,Federal Contract Tower,0,2,9,0,11,0,4,26,0,30,0,6,35,0,41,36,0,36,77
02/20/2023,JEF,MO,ACE,CE,Federal Contract Tower,0,0,18,0,18,0,1,56,0,57,0,1,74,0,75,144,0,144,219
02/21/2023,JEF,MO,ACE,CE,Federal Contract Tower,0,0,25,4,29,0,0,57,10,67,0,0,82,14,96,54,6,60,156
02/22/2023,JEF,MO,ACE,CE,Federal Contract Tower,0,2,11,2,15,0,2,10,6,18,0,4,21,8,33,0,0,0,33
02/23/2023,JEF,MO,ACE,CE,Federal Contract Tower,0,4,15,4,23,0,2,30,21,53,0,6,45,25,76,98,10,108,184
02/24/2023,JEF,MO,ACE,CE,Federal Contract Tower,0,1,11,3,15,0,0,36,0,36,0,1,47,3,51,96,0,96,147
02/25/2023,JEF,MO,ACE,CE,Federal Contract Tower,0,1,11,0,12,0,0,50,0,50,0,1,61,0,62,75,0,75,137
02/26/2023,JEF,MO,ACE,CE,Federal Contract Tower,0,1,20,0,21,0,0,0,0,0,0,1,20,0,21,0,0,0,21
02/27/2023,JEF,MO,ACE,CE,Federal Contract Tower,0,4,22,0,26,0,3,5,0,8,0,7,27,0,34,0,0,0,34
02/28/2023,JEF,MO,ACE,CE,Federal Contract Tower,0,1,26,3,30,0,1,56,3,60,0,2,82,6,90,144,10,154,244
03/01/2023,JEF,MO,ACE,CE,Federal Contract Tower,0,0,15,2,17,0,2,49,9,60,0,2,64,11,77,146,26,172,249
03/02/2023,JEF,MO,ACE,CE,Federal Contract Tower,0,3,21,7,31,0,0,29,4,33,0,3,50,11,64,118,2,120,184
03/03/2023,JEF,MO,ACE,CE,Federal Contract Tower,0,0,7,2,9,0,0,2,1,3,0,0,9,3,12,18,0,18,30
03/04/2023,JEF,MO,ACE,CE,Federal Contract Tower,0,1,7,0,8,0,5,71,4,80,0,6,78,4,88,98,0,98,186
03/05/2023,JEF,MO,ACE,CE,Federal Contract Tower,0,0,10,2,12,0,3,35,0,38,0,3,45,2,50,100,0,100,150
03/06/2023,JEF,MO,ACE,CE,Federal Contract Tower,0,3,20,3,26,0,1,64,4,69,0,4,84,7,95,64,0,64,159
03/07/2023,JEF,MO,ACE,CE,Federal Contract Tower,0,2,37,3,42,0,4,28,6,38,0,6,65,9,80,134,0,134,214
03/08/2023,JEF,MO,ACE,CE,Federal Contract Tower,0,6,16,2,24,0,0,22,8,30,0,6,38,10,54,72,0,72,126
03/09/2023,JEF,MO,ACE,CE,Federal Contract Tower,0,0,25,3,28,0,0,3,2,5,0,0,28,5,33,22,4,26,59
03/10/2023,JEF,MO,ACE,CE,Federal Contract Tower,0,1,14,0,15,0,0,37,2,39,0,1,51,2,54,76,0,76,130
03/11/2023,JEF,MO,ACE,CE,Federal Contract Tower,0,0,7,0,7,0,0,1,0,1,0,0,8,0,8,0,0,0,8
03/12/2023,JEF,MO,ACE,CE,Federal Contract Tower,0,0,3,0,3,0,2,3,0,5,0,2,6,0,8,56,0,56,64
03/13/2023,JEF,MO,ACE,CE,Federal Contract Tower,0,2,12,3,17,0,4,22,1,27,0,6,34,4,44,112,0,112,156
03/14/2023,JEF,MO,ACE,CE,Federal Contract Tower,0,0,20,1,21,0,2,64,2,68,0,2,84,3,89,116,0,116,205
03/15/2023,JEF,MO,ACE,CE,Federal Contract Tower,0,0,29,0,29,0,1,49,12,62,0,1,78,12,91,76,0,76,167
03/16/2023,JEF,MO,ACE,CE,Federal Contract Tower,0,0,15,1,16,0,0,5,5,10,0,0,20,6,26,6,0,6,32
03/17/2023,JEF,MO,ACE,CE,Federal Contract Tower,0,4,11,0,15,0,2,43,0,45,0,6,54,0,60,56,0,56,116
03/18/2023,JEF,MO,ACE,CE,Federal Contract Tower,0,0,7,0,7,0,2,6,4,12,0,2,13,4,19,28,8,36,55
03/19/2023,JEF,MO,ACE,CE,Federal Contract Tower,0,0,15,2,17,0,17,63,0,80,0,17,78,2,97,32,0,32,129
03/20/2023,JEF,MO,ACE,CE,Federal Contract Tower,0,1,16,2,19,0,2,33,2,37,0,3,49,4,56,34,0,34,90
03/21/2023,JEF,MO,ACE,CE,Federal Contract Tower,0,3,14,2,19,0,0,1,2,3,0,3,15,4,22,0,0,0,22
03/22/2023,JEF,MO,ACE,CE,Federal Contract Tower,0,1,31,5,37,0,0,18,5,23,0,1,49,10,60,100,2,102,162
03/23/2023,JEF,MO,ACE,CE,Federal Contract Tower,0,0,27,2,29,0,0,1,0,1,0,0,28,2,30,0,0,0,30
03/24/2023,JEF,MO,ACE,CE,Federal Contract Tower,0,0,13,2,15,0,0,0,0,0,0,0,13,2,15,0,0,0,15
03/25/2023,JEF,MO,ACE,CE,Federal Contract Tower,0,12,22,0,34,0,5,43,5,53,0,17,65,5,87,82,0,82,169
03/26/2023,JEF,MO,ACE,CE,Federal Contract Tower,0,0,5,0,5,0,5,41,0,46,0,5,46,0,51,40,0,40,91
03/27/2023,JEF,MO,ACE,CE,Federal Contract Tower,0,2,28,2,32,0,7,87,1,95,0,9,115,3,127,62,0,62,189
03/28/2023,JEF,MO,ACE,CE,Federal Contract Tower,0,2,24,2,28,0,3,16,21,40,0,5,40,23,68,22,0,22,90
03/29/2023,JEF,MO,ACE,CE,Federal Contract Tower,0,8,21,3,32,0,7,77,6,90,0,15,98,9,122,84,0,84,206
03/30/2023,JEF,MO,ACE,CE,Federal Contract Tower,0,1,10,1,12,0,3,30,7,40,0,4,40,8,52,60,4,64,116
03/31/2023,JEF,MO,ACE,CE,Federal Contract Tower,0,0,2,0,2,0,0,1,0,1,0,0,3,0,3,0,0,0,3
04/01/2023,JEF,MO,ACE,CE,Federal Contract Tower,0,0,10,0,10,0,4,17,7,28,0,4,27,7,38,2,0,2,40
04/02/2023,JEF,MO,ACE,CE,Federal Contract Tower,0,2,20,0,22,0,3,44,0,47,0,5,64,0,69,42,0,42,111
04/03/2023,JEF,MO,ACE,CE,Federal Contract Tower,0,3,30,2,35,0,4,61,3,68,0,7,91,5,103,96,0,96,199
04/04/2023,JEF,MO,ACE,CE,Federal Contract Tower,0,0,23,0,23,0,3,10,10,23,0,3,33,10,46,36,0,36,82
04/05/2023,JEF,MO,ACE,CE,Federal Contract Tower,0,4,15,1,20,0,4,21,14,39,0,8,36,15,59,50,0,50,109
04/06/2023,JEF,MO,ACE,CE,Federal Contract Tower,0,0,22,0,22,0,10,77,11,98,0,10,99,11,120,110,0,110,230
04/07/2023,JEF,MO,ACE,CE,Federal Contract Tower,0,0,13,0,13,0,0,65,0,65,0,0,78,0,78,114,0,114,192
04/08/2023,JEF,MO,ACE,CE,Federal Contract Tower,0,0,8,0,8,0,0,60,0,60,0,0,68,0,68,96,0,96,164
04/09/2023,JEF,MO,ACE,CE,Federal Contract Tower,0,3,0,0,3,0,3,15,0,18,0,6,15,0,21,66,0,66,87
04/10/2023,JEF,MO,ACE,CE,Federal Contract Tower,0,3,11,4,18,0,2,36,2,40,0,5,47,6,58,128,0,128,186
04/11/2023,JEF,MO,ACE,CE,Federal Contract Tower,0,0,22,0,22,0,4,69,9,82,0,4,91,9,104,126,0,126,230
04/12/2023,JEF,MO,ACE,CE,Federal Contract Tower,0,2,20,2,24,0,2,58,10,70,0,4,78,12,94,8,0,8,102
04/13/2023,JEF,MO,ACE,CE,Federal Contract Tower,0,6,21,5,32,0,3,59,6,68,0,9,80,11,100,100,0,100,200
04/14/2023,JEF,MO,ACE,CE,Federal Contract Tower,0,1,12,0,13,0,2,62,0,64,0,3,74,0,77,90,0,90,167
04/15/2023,JEF,MO,ACE,CE,Federal Contract Tower,0,3,3,0,6,0,0,2,8,10,0,3,5,8,16,0,0,0,16
04/16/2023,JEF,MO,ACE,CE,Federal Contract Tower,0,6,8,0,14,0,0,5,2,7,0,6,13,2,21,6,0,6,27
04/17/2023,JEF,MO,ACE,CE,Federal Contract Tower,0,1,16,7,24,0,0,35,5,40,0,1,51,12,64,114,0,114,178
04/18/2023,JEF,MO,ACE,CE,Federal Contract Tower,0,0,26,2,28,0,4,60,1,65,0,4,86,3,93,38,0,38,131
04/19/2023,JEF,MO,ACE,CE,Federal Contract Tower,0,0,22,2,24,0,0,20,1,21,0,0,42,3,45,40,0,40,85
04/20/2023,JEF,MO,ACE,CE,Federal Contract Tower,0,0,21,0,21,0,0,14,6,20,0,0,35,6,41,12,0,12,53
04/21/2023,JEF,MO,ACE,CE,Federal Contract Tower,0,0,16,0,16,0,4,52,8,64,0,4,68,8,80,46,4,50,130
04/22/2023,JEF,MO,ACE,CE,Federal Contract Tower,0,0,5,0,5,0,0,28,0,28,0,0,33,0,33,20,0,20,53
04/23/2023,JEF,MO,ACE,CE,Federal Contract Tower,0,0,17,0,17,0,8,50,2,60,0,8,67,2,77,98,0,98,175
04/24/2023,JEF,MO,ACE,CE,Federal Contract Tower,0,0,21,2,23,0,7,79,3,89,0,7,100,5,112,14,16,30,142
04/25/2023,JEF,MO,ACE,CE,Federal Contract Tower,0,2,30,2,34,0,4,70,12,86,0,6,100,14,120,48,0,48,168
04/26/2023,JEF,MO,ACE,CE,Federal Contract Tower,0,0,26,2,28,0,6,49,5,60,0,6,75,7,88,80,18,98,186
04/27/2023,JEF,MO,ACE,CE,Federal Contract Tower,0,0,14,1,15,0,0,51,9,60,0,0,65,10,75,25,0,25,100
04/28/2023,JEF,MO,ACE,CE,Federal Contract Tower,0,1,15,2,18,0,8,60,2,70,0,9,75,4,88,76,5,81,169
04/29/2023,JEF,MO,ACE,CE,Federal Contract Tower,0,0,14,0,14,0,3,73,2,78,0,3,87,2,92,54,0,54,146
04/30/2023,JEF,MO,ACE,CE,Federal Contract Tower,0,3,6,0,9,0,6,16,0,22,0,9,22,0,31,4,0,4,35
05/01/2023,JEF,MO,ACE,CE,Federal Contract Tower,0,1,19,0,20,0,6,21,0,27,0,7,40,0,47,18,0,18,65
05/02/2023,JEF,MO,ACE,CE,Federal Contract Tower,0,0,23,0,23,0,0,23,0,23,0,0,46,0,46,20,0,20,66
05/03/2023,JEF,MO,ACE,CE,Federal Contract Tower,0,0,25,2,27,0,10,73,2,85,0,10,98,4,112,68,0,68,180
05/04/2023,JEF,MO,ACE,CE,Federal Contract Tower,0,2,29,1,32,0,8,44,0,52,0,10,73,1,84,60,0,60,144
05/05/2023,JEF,MO,ACE,CE,Federal Contract Tower,0,1,20,3,24,0,0,21,6,27,0,1,41,9,51,10,0,10,61
05/06/2023,JEF,MO,ACE,CE,Federal Contract Tower,0,3,20,0,23,0,0,19,0,19,0,3,39,0,42,20,0,20,62
05/07/2023,JEF,MO,ACE,CE,Federal Contract Tower,0,2,14,0,16,0,2,47,0,49,0,4,61,0,65,38,0,38,103
05/08/2023,JEF,MO,ACE,CE,Federal Contract Tower,0,0,13,2,15,0,2,24,0,26,0,2,37,2,41,20,0,20,61
05/09/2023,JEF,MO,ACE,CE,Federal Contract Tower,0,0,17,4,21,0,5,38,7,50,0,5,55,11,71,52,22,74,145
05/10/2023,JEF,MO,ACE,CE,Federal Contract Tower,0,5,15,1,21,0,2,42,4,48,0,7,57,5,69,12,2,14,83
05/11/2023,JEF,MO,ACE,CE,Federal Contract Tower,0,1,14,2,17,0,0,4,1,5,0,1,18,3,22,8,0,8,30
05/12/2023,JEF,MO,ACE,CE,Federal Contract Tower,0,1,15,0,16,0,0,21,2,23,0,1,36,2,39,50,0,50,89
05/13/2023,JEF,MO,ACE,CE,Federal Contract Tower,0,2,8,0,10,0,0,34,0,34,0,2,42,0,44,8,0,8,52
05/14/2023,JEF,MO,ACE,CE,Federal Contract Tower,0,0,10,0,10,0,0,9,0,9,0,0,19,0,19,2,0,2,21
05/15/2023,JEF,MO,ACE,CE,Federal Contract Tower,0,0,22,0,22,0,0,0,0,0,0,0,22,0,22,0,0,0,22
05/16/2023,JEF,MO,ACE,CE,Federal Contract Tower,0,2,45,1,48,0,0,3,3,6,0,2,48,4,54,12,0,12,66
05/17/2023,JEF,MO,ACE,CE,Federal Contract Tower,0,1,25,2,28,0,3,73,11,87,0,4,98,13,115,54,0,54,169
05/18/2023,JEF,MO,ACE,CE,Federal Contract Tower,0,1,20,1,22,0,5,86,13,104,0,6,106,14,126,96,0,96,222
05/19/2023,JEF,MO,ACE,CE,Federal Contract Tower,0,1,24,0,25,0,0,21,2,23,0,1,45,2,48,46,0,46,94
05/20/2023,JEF,MO,ACE,CE,Federal Contract Tower,0,1,17,0,18,0,0,37,7,44,0,1,54,7,62,12,0,12,74
05/21/2023,JEF,MO,ACE,CE,Federal Contract Tower,0,0,17,0,17,0,0,41,0,41,0,0,58,0,58,18,0,18,76
05/22/2023,JEF,MO,ACE,CE,Federal Contract Tower,0,0,18,3,21,0,2,55,5,62,0,2,73,8,83,44,6,50,133
05/23/2023,JEF,MO,ACE,CE,Federal Contract Tower,0,0,26,0,26,0,4,60,5,69,0,4,86,5,95,42,20,62,157
05/24/2023,JEF,MO,ACE,CE,Federal Contract Tower,0,5,18,6,29,0,2,35,20,57,0,7,53,26,86,82,0,82,168
05/25/2023,JEF,MO,ACE,CE,Federal Contract Tower,0,0,23,2,25,0,8,75,4,87,0,8,98,6,112,96,6,102,214
05/26/2023,JEF,MO,ACE,CE,Federal Contract Tower,0,8,19,1,28,0,0,66,7,73,0,8,85,8,101,46,0,46,147
05/27/2023,JEF,MO,ACE,CE,Federal Contract Tower,0,0,9,0,9,0,1,53,0,54,0,1,62,0,63,40,0,40,103
05/28/2023,JEF,MO,ACE,CE,Federal Contract Tower,0,0,4,0,4,0,0,36,0,36,0,0,40,0,40,42,0,42,82
05/29/2023,JEF,MO,ACE,CE,Federal Contract Tower,0,2,10,0,12,0,2,43,0,45,0,4,53,0,57,34,0,34,91
05/30/2023,JEF,MO,ACE,CE,Federal Contract Tower,0,3,19,1,23,0,0,58,4,62,0,3,77,5,85,88,0,88,173
05/31/2023,JEF,MO,ACE,CE,Federal Contract Tower,0,2,24,2,28,0,1,37,7,45,0,3,61,9,73,44,18,62,135
06/01/2023,JEF,MO,ACE,CE,Federal Contract Tower,0,2,18,1,21,0,6,56,5,67,0,8,74,6,88,100,0,100,188
06/02/2023,JEF,MO,ACE,CE,Federal Contract Tower,0,0,24,2,26,0,1,75,2,78,0,1,99,4,104,104,0,104,208
06/03/2023,JEF,MO,ACE,CE,Federal Contract Tower,0,0,7,0,7,0,0,53,0,53,0,0,60,0,60,22,0,22,82
06/04/2023,JEF,MO,ACE,CE,Federal Contract Tower,0,3,12,1,16,0,3,23,8,34,0,6,35,9,50,26,0,26,76
06/05/2023,JEF,MO,ACE,CE,Federal Contract Tower,0,2,12,1,15,0,2,42,6,50,0,4,54,7,65,56,20,76,141
06/06/2023,JEF,MO,ACE,CE,Federal Contract Tower,0,0,18,2,20,0,4,59,9,72,0,4,77,11,92,48,0,48,140
06/07/2023,JEF,MO,ACE,CE,Federal Contract Tower,0,0,22,0,22,0,2,46,2,50,0,2,68,2,72,70,14,84,156
06/08/2023,JEF,MO,ACE,CE,Federal Contract Tower,0,4,13,2,19,0,3,50,2,55,0,7,63,4,74,140,0,140,214
06/09/2023,JEF,MO,ACE,CE,Federal Contract Tower,0,0,17,4,21,0,2,74,4,80,0,2,91,8,101,118,0,118,219
06/10/2023,JEF,MO,ACE,CE,Federal Contract Tower,0,2,9,2,13,0,0,26,2,28,0,2,35,4,41,14,0,14,55
06/11/2023,JEF,MO,ACE,CE,Federal Contract Tower,0,1,15,2,18,0,0,1,0,1,0,1,16,2,19,0,0,0,19
06/12/2023,JEF,MO,ACE,CE,Federal Contract Tower,0,2,17,3,22,0,7,37,8,52,0,9,54,11,74,102,10,112,186
06/13/2023,JEF,MO,ACE,CE,Federal Contract Tower,0,0,23,7,30,0,5,68,30,103,0,5,91,37,133,126,24,150,283
06/14/2023,JEF,MO,ACE,CE,Federal Contract Tower,0,0,17,4,21,0,2,55,7,64,0,2,72,11,85,84,2,86,171
06/15/2023,JEF,MO,ACE,CE,Federal Contract Tower,0,0,14,2,16,0,8,81,14,103,0,8,95,16,119,52,2,54,173
06/16/2023,JEF,MO,ACE,CE,Federal Contract Tower,0,0,15,0,15,0,0,86,4,90,0,0,101,4,105,40,0,40,145
06/17/2023,JEF,MO,ACE,CE,Federal Contract Tower,0,0,7,0,7,0,3,46,0,49,0,3,53,0,56,36,0,36,92
06/18/2023,JEF,MO,ACE,CE,Federal Contract Tower,0,0,2,0,2,0,0,1,1,2,0,0,3,1,4,0,0,0,4
06/19/2023,JEF,MO,ACE,CE,Federal Contract Tower,0,0,14,1,15,0,8,62,0,70,0,8,76,1,85,28,0,28,113
06/20/2023,JEF,MO,ACE,CE,Federal Contract Tower,0,0,15,6,21,0,5,74,15,94,0,5,89,21,115,26,2,28,143
06/21/2023,JEF,MO,ACE,CE,Federal Contract Tower,0,0,35,0,35,0,2,69,17,88,0,2,104,17,123,42,8,50,173
06/22/2023,JEF,MO,ACE,CE,Federal Contract Tower,0,0,27,6,33,0,3,61,11,75,0,3,88,17,108,116,0,116,224
06/23/2023,JEF,MO,ACE,CE,Federal Contract Tower,0,1,14,0,15,0,6,59,4,69,0,7,73,4,84,74,20,94,178
06/24/2023,JEF,MO,ACE,CE,Federal Contract Tower,0,0,18,0,18,0,0,43,0,43,0,0,61,0,61,38,0,38,99
06/25/2023,JEF,MO,ACE,CE,Federal Contract Tower,0,2,16,2,20,0,4,31,0,35,0,6,47,2,55,26,0,26,81
06/26/2023,JEF,MO,ACE,CE,Federal Contract Tower,0,2,22,2,26,0,0,55,5,60,0,2,77,7,86,108,26,134,220
06/27/2023,JEF,MO,ACE,CE,Federal Contract Tower,0,2,28,1,31,0,5,83,3,91,0,7,111,4,122,92,0,92,214
06/28/2023,JEF,MO,ACE,CE,Federal Contract Tower,0,2,18,3,23,0,0,63,9,72,0,2,81,12,95,46,0,46,141
06/29/2023,JEF,MO,ACE,CE,Federal Contract Tower,0,0,24,0,24,0,2,60,5,67,0,2,84,5,91,21,0,21,112
06/30/2023,JEF,MO,ACE,CE,Federal Contract Tower,0,2,22,0,24,0,1,48,1,50,0,3,70,1,74,20,0,20,94
07/01/2023,JEF,MO,ACE,CE,Federal Contract Tower,0,0,2,0,2,0,2,32,0,34,0,2,34,0,36,56,0,56,92
07/02/2023,JEF,MO,ACE,CE,Federal Contract Tower,0,0,13,0,13,0,0,25,0,25,0,0,38,0,38,6,0,6,44
07/03/2023,JEF,MO,ACE,CE,Federal Contract Tower,0,0,7,0,7,0,2,33,0,35,0,2,40,0,42,70,0,70,112
07/04/2023,JEF,MO,ACE,CE,Federal Contract Tower,0,0,5,0,5,0,2,38,0,40,0,2,43,0,45,44,0,44,89
07/05/2023,JEF,MO,ACE,CE,Federal Contract Tower,0,2,14,0,16,0,2,42,3,47,0,4,56,3,63,24,0,24,87
07/06/2023,JEF,MO,ACE,CE,Federal Contract Tower,0,0,14,2,16,0,2,67,9,78,0,2,81,11,94,68,0,68,162
07/07/2023,JEF,MO,ACE,CE,Federal Contract Tower,0,0,16,3,19,0,0,33,3,36,0,0,49,6,55,74,0,74,129
07/08/2023,JEF,MO,ACE,CE,Federal Contract Tower,0,0,12,3,15,0,0,18,1,19,0,0,30,4,34,30,0,30,64
07/09/2023,JEF,MO,ACE,CE,Federal Contract Tower,0,0,6,7,13,0,3,32,1,36,0,3,38,8,49,20,0,20,69
07/10/2023,JEF,MO,ACE,CE,Federal Contract Tower,0,1,21,1,23,0,13,85,4,102,0,14,106,5,125,140,0,140,265
07/11/2023,JEF,MO,ACE,CE,Federal Contract Tower,0,0,21,6,27,0,0,98,17,115,0,0,119,23,142,118,0,118,260
07/12/2023,JEF,MO,ACE,CE,Federal Contract Tower,0,0,18,2,20,0,0,44,4,48,0,0,62,6,68,96,0,96,164
07/13/2023,JEF,MO,ACE,CE,Federal Contract Tower,0,0,42,1,43,0,4,37,4,45,0,4,79,5,88,26,0,26,114
07/14/2023,JEF,MO,ACE,CE,Federal Contract Tower,0,0,18,0,18,0,0,54,1,55,0,0,72,1,73,60,4,64,137
07/15/2023,JEF,MO,ACE,CE,Federal Contract Tower,0,1,18,0,19,0,8,30,1,39,0,9,48,1,58,42,0,42,100
07/16/2023,JEF,MO,ACE,CE,Federal Contract Tower,0,0,15,0,15,0,3,24,2,29,0,3,39,2,44,8,0,8,52
07/17/2023,JEF,MO,ACE,CE,Federal Contract Tower,0,2,24,2,28,0,8,53,3,64,0,10,77,5,92,46,0,46,138
07/18/2023,JEF,MO,ACE,CE,Federal Contract Tower,0,2,17,1,20,0,0,16,5,21,0,2,33,6,41,72,0,72,113
07/19/2023,JEF,MO,ACE,CE,Federal Contract Tower,0,3,30,4,37,0,1,44,7,52,0,4,74,11,89,98,0,98,187
07/20/2023,JEF,MO,ACE,CE,Federal Contract Tower,0,3,20,2,25,0,2,39,4,45,0,5,59,6,70,62,0,62,132
07/21/2023,JEF,MO,ACE,CE,Federal Contract Tower,0,0,16,3,19,0,0,49,6,55,0,0,65,9,74,32,2,34,108
07/22/2023,JEF,MO,ACE,CE,Federal Contract Tower,0,4,14,0,18,0,2,42,0,44,0,6,56,0,62,6,0,6,68
07/23/2023,JEF,MO,ACE,CE,Federal Contract Tower,0,0,11,0,11,0,0,49,0,49,0,0,60,0,60,6,0,6,66
07/24/2023,JEF,MO,ACE,CE,Federal Contract Tower,0,2,18,2,22,0,2,30,0,32,0,4,48,2,54,66,0,66,120
07/25/2023,JEF,MO,ACE,CE,Federal Contract Tower,0,0,24,2,26,0,2,69,6,77,0,2,93,8,103,166,0,166,269
07/26/2023,JEF,MO,ACE,CE,Federal Contract Tower,0,0,15,2,17,0,0,18,5,23,0,0,33,7,40,4,0,4,44
07/27/2023,JEF,MO,ACE,CE,Federal Contract Tower,0,0,29,3,32,0,10,63,3,76,0,10,92,6,108,38,0,38,146
07/28/2023,JEF,MO,ACE,CE,Federal Contract Tower,0,0,22,0,22,0,8,50,0,58,0,8,72,0,80,70,0,70,150
07/29/2023,JEF,MO,ACE,CE,Federal Contract Tower,0,0,3,0,3,0,27,35,0,62,0,27,38,0,65,38,0,38,103
07/30/2023,JEF,MO,ACE,CE,Federal Contract Tower,0,0,9,0,9,0,2,42,0,44,0,2,51,0,53,32,0,32,85
07/31/2023,JEF,MO,ACE,CE,Federal Contract Tower,0,2,29,0,31,0,0,33,3,36,0,2,62,3,67,68,18,86,153
08/01/2023,JEF,MO,ACE,CE,Federal Contract Tower,0,0,33,3,36,0,1,15,0,16,0,1,48,3,52,40,0,40,92
08/02/2023,JEF,MO,ACE,CE,Federal Contract Tower,0,2,14,2,18,0,0,26,3,29,0,2,40,5,47,26,12,38,85
08/03/2023,JEF,MO,ACE,CE,Federal Contract Tower,0,4,37,2,43,0,0,17,1,18,0,4,54,3,61,28,2,30,91
08/04/2023,JEF,MO,ACE,CE,Federal Contract Tower,0,0,25,2,27,0,0,24,0,24,0,0,49,2,51,62,6,68,119
08/05/2023,JEF,MO,ACE,CE,Federal Contract Tower,0,2,5,3,10,0,0,13,2,15,0,2,18,5,25,104,0,104,129
08/06/2023,JEF,MO,ACE,CE,Federal Contract Tower,0,0,14,2,16,0,4,20,0,24,0,4,34,2,40,0,12,12,52
08/07/2023,JEF,MO,ACE,CE,Federal Contract Tower,0,2,19,1,22,0,6,34,5,45,0,8,53,6,67,92,0,92,159
08/08/2023,JEF,MO,ACE,CE,Federal Contract Tower,0,0,26,3,29,0,12,67,11,90,0,12,93,14,119,140,20,160,279
08/09/2023,JEF,MO,ACE,CE,Federal Contract Tower,0,3,17,4,24,0,0,5,14,19,0,3,22,18,43,0,16,16,59
08/10/2023,JEF,MO,ACE,CE,Federal Contract Tower,0,1,28,0,29,0,2,52,7,61,0,3,80,7,90,62,8,70,160
08/11/2023,JEF,MO,ACE,CE,Federal Contract Tower,0,0,10,11,21,0,14,75,4,93,0,14,85,15,114,94,2,96,210
08/12/2023,JEF,MO,ACE,CE,Federal Contract Tower,0,0,6,0,6,0,0,29,2,31,0,0,35,2,37,22,0,22,59
08/13/2023,JEF,MO,ACE,CE,Federal Contract Tower,0,0,5,0,5,0,0,7,0,7,0,0,12,0,12,0,0,0,12
08/14/2023,JEF,MO,ACE,CE,Federal Contract Tower,0,0,18,3,21,0,4,35,0,39,0,4,53,3,60,40,0,40,100
08/15/2023,JEF,MO,ACE,CE,Federal Contract Tower,0,0,26,5,31,0,5,53,6,64,0,5,79,11,95,78,0,78,173
08/16/2023,JEF,MO,ACE,CE,Federal Contract Tower,0,2,27,0,29,0,0,80,0,80,0,2,107,0,109,56,16,72,181
08/17/2023,JEF,MO,ACE,CE,Federal Contract Tower,0,0,24,6,30,0,0,92,4,96,0,0,116,10,126,80,2,82,208
08/18/2023,JEF,MO,ACE,CE,Federal Contract Tower,0,1,15,3,19,0,0,77,0,77,0,1,92,3,96,48,0,48,144
08/19/2023,JEF,MO,ACE,CE,Federal Contract Tower,0,0,9,2,11,0,3,37,0,40,0,3,46,2,51,26,0,26,77
08/20/2023,JEF,MO,ACE,CE,Federal Contract Tower,0,0,11,0,11,0,2,21,8,31,0,2,32,8,42,4,0,4,46
08/21/2023,JEF,MO,ACE,CE,Federal Contract Tower,0,0,16,4,20,0,2,36,0,38,0,2,52,4,58,54,8,62,120
08/22/2023,JEF,MO,ACE,CE,Federal Contract Tower,0,3,28,2,33,0,7,30,5,42,0,10,58,7,75,22,0,22,97
08/23/2023,JEF,MO,ACE,CE,Federal Contract Tower,0,4,18,4,26,0,3,50,4,57,0,7,68,8,83,28,0,28,111
08/24/2023,JEF,MO,ACE,CE,Federal Contract Tower,0,1,22,5,28,0,6,42,5,53,0,7,64,10,81,20,0,20,101
08/25/2023,JEF,MO,ACE,CE,Federal Contract Tower,0,0,20,1,21,0,0,51,10,61,0,0,71,11,82,34,0,34,116
08/26/2023,JEF,MO,ACE,CE,Federal Contract Tower,0,0,8,0,8,0,0,18,0,18,0,0,26,0,26,4,0,4,30
08/27/2023,JEF,MO,ACE,CE,Federal Contract Tower,0,2,20,0,22,0,0,31,0,31,0,2,51,0,53,8,0,8,61
08/28/2023,JEF,MO,ACE,CE,Federal Contract Tower,0,3,33,2,38,0,2,84,1,87,0,5,117,3,125,70,0,70,195
08/29/2023,JEF,MO,ACE,CE,Federal Contract Tower,0,0,14,0,14,0,5,74,4,83,0,5,88,4,97,100,0,100,197
08/30/2023,JEF,MO,ACE,CE,Federal Contract Tower,0,0,27,5,32,0,6,81,11,98,0,6,108,16,130,46,0,46,176
08/31/2023,JEF,MO,ACE,CE,Federal Contract Tower,0,4,28,0,32,0,4,64,8,76,0,8,92,8,108,78,0,78,186
01/01/2020,JEF,MO,ACE,CE,Federal Contract Tower,0,0,4,0,4,0,1,17,0,18,0,1,21,0,22,18,0,18,40
01/02/2020,JEF,MO,ACE,CE,Federal Contract Tower,0,5,12,0,17,0,0,34,2,36,0,5,46,2,53,40,0,40,93
01/03/2020,JEF,MO,ACE,CE,Federal Contract Tower,0,3,9,0,12,0,0,7,0,7,0,3,16,0,19,32,0,32,51
01/04/2020,JEF,MO,ACE,CE,Federal Contract Tower,0,0,4,0,4,0,0,15,0,15,0,0,19,0,19,18,0,18,37
01/05/2020,JEF,MO,ACE,CE,Federal Contract Tower,0,0,10,0,10,0,4,22,0,26,0,4,32,0,36,18,0,18,54
01/06/2020,JEF,MO,ACE,CE,Federal Contract Tower,0,1,10,0,11,0,2,61,0,63,0,3,71,0,74,106,0,106,180
01/07/2020,JEF,MO,ACE,CE,Federal Contract Tower,0,2,8,3,13,0,5,36,12,53,0,7,44,15,66,38,0,38,104
01/08/2020,JEF,MO,ACE,CE,Federal Contract Tower,0,4,12,0,16,0,1,47,13,61,0,5,59,13,77,38,6,44,121
01/09/2020,JEF,MO,ACE,CE,Federal Contract Tower,0,4,18,2,24,0,0,3,2,5,0,4,21,4,29,0,0,0,29
01/10/2020,JEF,MO,ACE,CE,Federal Contract Tower,0,2,7,0,9,0,0,0,0,0,0,2,7,0,9,0,0,0,9
01/11/2020,JEF,MO,ACE,CE,Federal Contract Tower,0,0,0,0,0,0,0,0,0,0,0,0,0,0,0,0,0,0,0
01/12/2020,JEF,MO,ACE,CE,Federal Contract Tower,0,0,3,0,3,0,0,0,0,0,0,0,3,0,3,0,0,0,3
01/13/2020,JEF,MO,ACE,CE,Federal Contract Tower,0,0,8,0,8,0,0,1,2,3,0,0,9,2,11,16,0,16,27
01/14/2020,JEF,MO,ACE,CE,Federal Contract Tower,0,0,9,6,15,0,0,28,6,34,0,0,37,12,49,116,2,118,167
01/15/2020,JEF,MO,ACE,CE,Federal Contract Tower,0,3,18,2,23,0,0,3,0,3,0,3,21,2,26,52,0,52,78
01/16/2020,JEF,MO,ACE,CE,Federal Contract Tower,0,3,22,2,27,0,12,45,6,63,0,15,67,8,90,72,22,94,184
01/17/2020,JEF,MO,ACE,CE,Federal Contract Tower,0,0,0,0,0,0,0,0,0,0,0,0,0,0,0,0,0,0,0
01/18/2020,JEF,MO,ACE,CE,Federal Contract Tower,0,0,3,0,3,0,0,2,0,2,0,0,5,0,5,0,0,0,5
01/19/2020,JEF,MO,ACE,CE,Federal Contract Tower,0,0,2,0,2,0,0,5,0,5,0,0,7,0,7,58,0,58,65
01/20/2020,JEF,MO,ACE,CE,Federal Contract Tower,0,0,6,0,6,0,0,2,0,2,0,0,8,0,8,14,0,14,22
01/21/2020,JEF,MO,ACE,CE,Federal Contract Tower,0,0,23,0,23,0,1,37,5,43,0,1,60,5,66,122,0,122,188
01/22/2020,JEF,MO,ACE,CE,Federal Contract Tower,0,2,15,0,17,0,0,15,0,15,0,2,30,0,32,0,0,0,32
01/23/2020,JEF,MO,ACE,CE,Federal Contract Tower,0,0,4,0,4,0,0,0,0,0,0,0,4,0,4,0,0,0,4
01/24/2020,JEF,MO,ACE,CE,Federal Contract Tower,0,0,6,0,6,0,0,0,0,0,0,0,6,0,6,0,0,0,6
01/25/2020,JEF,MO,ACE,CE,Federal Contract Tower,0,3,3,0,6,0,0,6,0,6,0,3,9,0,12,88,0,88,100
01/26/2020,JEF,MO,ACE,CE,Federal Contract Tower,0,0,7,0,7,0,0,57,0,57,0,0,64,0,64,88,0,88,152
01/27/2020,JEF,MO,ACE,CE,Federal Contract Tower,0,0,15,2,17,0,0,2,0,2,0,0,17,2,19,8,0,8,27
01/28/2020,JEF,MO,ACE,CE,Federal Contract Tower,0,1,18,3,22,0,0,0,0,0,0,1,18,3,22,0,0,0,22
01/29/2020,JEF,MO,ACE,CE,Federal Contract Tower,0,1,7,0,8,0,0,0,0,0,0,1,7,0,8,0,0,0,8
01/30/2020,JEF,MO,ACE,CE,Federal Contract Tower,0,2,8,2,12,0,0,17,1,18,0,2,25,3,30,26,0,26,56
01/31/2020,JEF,MO,ACE,CE,Federal Contract Tower,0,8,16,0,24,0,0,10,0,10,0,8,26,0,34,68,0,68,102
02/01/2020,JEF,MO,ACE,CE,Federal Contract Tower,0,0,6,0,6,0,4,24,0,28,0,4,30,0,34,116,0,116,150
02/02/2020,JEF,MO,ACE,CE,Federal Contract Tower,0,0,11,0,11,0,0,26,0,26,0,0,37,0,37,102,0,102,139
02/03/2020,JEF,MO,ACE,CE,Federal Contract Tower,0,2,15,0,17,0,3,56,0,59,0,5,71,0,76,56,0,56,132
02/04/2020,JEF,MO,ACE,CE,Federal Contract Tower,0,0,10,0,10,0,0,0,2,2,0,0,10,2,12,8,0,8,20
02/05/2020,JEF,MO,ACE,CE,Federal Contract Tower,0,0,2,0,2,0,0,0,0,0,0,0,2,0,2,0,0,0,2
02/06/2020,JEF,MO,ACE,CE,Federal Contract Tower,0,2,11,1,14,0,2,11,4,17,0,4,22,5,31,0,0,0,31
02/07/2020,JEF,MO,ACE,CE,Federal Contract Tower,0,0,9,0,9,0,0,25,0,25,0,0,34,0,34,82,0,82,116
02/08/2020,JEF,MO,ACE,CE,Federal Contract Tower,0,0,7,0,7,0,0,43,1,44,0,0,50,1,51,44,0,44,95
02/09/2020,JEF,MO,ACE,CE,Federal Contract Tower,0,0,4,1,5,0,0,0,0,0,0,0,4,1,5,0,0,0,5
02/10/2020,JEF,MO,ACE,CE,Federal Contract Tower,0,0,19,8,27,0,0,18,2,20,0,0,37,10,47,98,0,98,145
02/11/2020,JEF,MO,ACE,CE,Federal Contract Tower,0,0,12,0,12,0,2,56,9,67,0,2,68,9,79,62,4,66,145
02/12/2020,JEF,MO,ACE,CE,Federal Contract Tower,0,0,7,0,7,0,0,0,0,0,0,0,7,0,7,14,0,14,21
02/13/2020,JEF,MO,ACE,CE,Federal Contract Tower,0,2,13,2,17,0,1,18,1,20,0,3,31,3,37,34,0,34,71
02/14/2020,JEF,MO,ACE,CE,Federal Contract Tower,0,1,10,0,11,0,0,43,0,43,0,1,53,0,54,26,0,26,80
02/15/2020,JEF,MO,ACE,CE,Federal Contract Tower,0,0,1,0,1,0,2,8,0,10,0,2,9,0,11,0,0,0,11
02/16/2020,JEF,MO,ACE,CE,Federal Contract Tower,0,1,7,0,8,0,3,35,0,38,0,4,42,0,46,48,0,48,94
02/17/2020,JEF,MO,ACE,CE,Federal Contract Tower,0,2,11,6,19,0,0,0,0,0,0,2,11,6,19,0,0,0,19
02/18/2020,JEF,MO,ACE,CE,Federal Contract Tower,0,1,15,2,18,0,4,44,3,51,0,5,59,5,69,80,0,80,149
02/19/2020,JEF,MO,ACE,CE,Federal Contract Tower,0,0,24,6,30,0,4,28,4,36,0,4,52,10,66,8,2,10,76
02/20/2020,JEF,MO,ACE,CE,Federal Contract Tower,0,1,19,0,20,0,0,32,9,41,0,1,51,9,61,34,0,34,95
02/21/2020,JEF,MO,ACE,CE,Federal Contract Tower,0,1,10,0,11,0,1,53,4,58,0,2,63,4,69,42,0,42,111
02/22/2020,JEF,MO,ACE,CE,Federal Contract Tower,0,0,3,0,3,0,0,32,2,34,0,0,35,2,37,31,0,31,68
02/23/2020,JEF,MO,ACE,CE,Federal Contract Tower,0,2,9,0,11,0,0,13,0,13,0,2,22,0,24,38,0,38,62
02/24/2020,JEF,MO,ACE,CE,Federal Contract Tower,0,3,12,0,15,0,0,0,0,0,0,3,12,0,15,0,0,0,15
02/25/2020,JEF,MO,ACE,CE,Federal Contract Tower,0,0,12,0,12,0,0,0,0,0,0,0,12,0,12,0,0,0,12
02/26/2020,JEF,MO,ACE,CE,Federal Contract Tower,0,0,11,2,13,0,0,8,1,9,0,0,19,3,22,30,12,42,64
02/27/2020,JEF,MO,ACE,CE,Federal Contract Tower,0,1,25,0,26,0,0,45,8,53,0,1,70,8,79,36,0,36,115
02/28/2020,JEF,MO,ACE,CE,Federal Contract Tower,0,0,29,2,31,0,2,26,8,36,0,2,55,10,67,36,0,36,103
02/29/2020,JEF,MO,ACE,CE,Federal Contract Tower,0,0,4,0,4,0,4,31,0,35,0,4,35,0,39,82,0,82,121
03/01/2020,JEF,MO,ACE,CE,Federal Contract Tower,0,0,6,0,6,0,0,6,0,6,0,0,12,0,12,20,0,20,32
03/02/2020,JEF,MO,ACE,CE,Federal Contract Tower,0,0,10,0,10,0,6,18,0,24,0,6,28,0,34,84,0,84,118
03/03/2020,JEF,MO,ACE,CE,Federal Contract Tower,0,0,21,0,21,0,0,27,0,27,0,0,48,0,48,16,0,16,64
03/04/2020,JEF,MO,ACE,CE,Federal Contract Tower,0,0,19,0,19,0,0,56,7,63,0,0,75,7,82,98,0,98,180
03/05/2020,JEF,MO,ACE,CE,Federal Contract Tower,0,0,24,4,28,0,0,32,2,34,0,0,56,6,62,48,4,52,114
03/06/2020,JEF,MO,ACE,CE,Federal Contract Tower,0,2,16,1,19,0,2,43,6,51,0,4,59,7,70,66,0,66,136
03/07/2020,JEF,MO,ACE,CE,Federal Contract Tower,0,0,9,2,11,0,6,14,5,25,0,6,23,7,36,12,12,24,60
03/08/2020,JEF,MO,ACE,CE,Federal Contract Tower,0,0,7,0,7,0,0,24,0,24,0,0,31,0,31,14,0,14,45
03/09/2020,JEF,MO,ACE,CE,Federal Contract Tower,0,0,10,0,10,0,0,0,0,0,0,0,10,0,10,0,0,0,10
03/10/2020,JEF,MO,ACE,CE,Federal Contract Tower,0,4,11,2,17,0,2,20,1,23,0,6,31,3,40,110,0,110,150
03/11/2020,JEF,MO,ACE,CE,Federal Contract Tower,0,1,26,0,27,0,1,42,5,48,0,2,68,5,75,166,0,166,241
03/12/2020,JEF,MO,ACE,CE,Federal Contract Tower,0,0,15,1,16,0,0,1,6,7,0,0,16,7,23,20,4,24,47
03/13/2020,JEF,MO,ACE,CE,Federal Contract Tower,0,0,16,2,18,0,0,65,23,88,0,0,81,25,106,72,6,78,184
03/14/2020,JEF,MO,ACE,CE,Federal Contract Tower,0,1,3,0,4,0,0,0,0,0,0,1,3,0,4,0,0,0,4
03/15/2020,JEF,MO,ACE,CE,Federal Contract Tower,0,0,7,0,7,0,0,7,0,7,0,0,14,0,14,0,0,0,14
03/16/2020,JEF,MO,ACE,CE,Federal Contract Tower,0,0,9,0,9,0,0,1,0,1,0,0,10,0,10,64,0,64,74
03/17/2020,JEF,MO,ACE,CE,Federal Contract Tower,0,2,13,3,18,0,0,17,1,18,0,2,30,4,36,190,0,190,226
03/18/2020,JEF,MO,ACE,CE,Federal Contract Tower,0,0,11,0,11,0,0,0,0,0,0,0,11,0,11,38,0,38,49
03/19/2020,JEF,MO,ACE,CE,Federal Contract Tower,0,0,4,0,4,0,0,2,0,2,0,0,6,0,6,30,0,30,36
03/20/2020,JEF,MO,ACE,CE,Federal Contract Tower,0,0,6,0,6,0,0,7,2,9,0,0,13,2,15,0,0,0,15
03/21/2020,JEF,MO,ACE,CE,Federal Contract Tower,0,0,4,0,4,0,2,52,0,54,0,2,56,0,58,52,0,52,110
03/22/2020,JEF,MO,ACE,CE,Federal Contract Tower,0,0,3,0,3,0,0,0,0,0,0,0,3,0,3,0,0,0,3
03/23/2020,JEF,MO,ACE,CE,Federal Contract Tower,0,0,10,0,10,0,0,5,0,5,0,0,15,0,15,16,0,16,31
03/24/2020,JEF,MO,ACE,CE,Federal Contract Tower,0,0,0,0,0,0,0,0,0,0,0,0,0,0,0,0,0,0,0
03/25/2020,JEF,MO,ACE,CE,Federal Contract Tower,0,0,9,1,10,0,0,5,2,7,0,0,14,3,17,12,0,12,29
03/26/2020,JEF,MO,ACE,CE,Federal Contract Tower,0,0,9,0,9,0,0,44,2,46,0,0,53,2,55,152,0,152,207
03/27/2020,JEF,MO,ACE,CE,Federal Contract Tower,0,0,14,0,14,0,0,18,0,18,0,0,32,0,32,22,0,22,54
03/28/2020,JEF,MO,ACE,CE,Federal Contract Tower,0,0,4,0,4,0,0,0,0,0,0,0,4,0,4,0,0,0,4
03/29/2020,JEF,MO,ACE,CE,Federal Contract Tower,0,2,2,0,4,0,0,13,0,13,0,2,15,0,17,4,0,4,21
03/30/2020,JEF,MO,ACE,CE,Federal Contract Tower,0,5,11,0,16,0,0,39,0,39,0,5,50,0,55,132,0,132,187
03/31/2020,JEF,MO,ACE,CE,Federal Contract Tower,0,0,2,0,2,0,0,41,0,41,0,0,43,0,43,148,0,148,191
04/01/2020,JEF,MO,ACE,CE,Federal Contract Tower,0,0,3,0,3,0,0,44,0,44,0,0,47,0,47,194,0,194,241
04/02/2020,JEF,MO,ACE,CE,Federal Contract Tower,0,0,2,0,2,0,0,30,0,30,0,0,32,0,32,118,0,118,150
04/03/2020,JEF,MO,ACE,CE,Federal Contract Tower,0,0,5,0,5,0,0,0,0,0,0,0,5,0,5,58,0,58,63
04/04/2020,JEF,MO,ACE,CE,Federal Contract Tower,0,0,0,0,0,0,0,0,0,0,0,0,0,0,0,0,0,0,0
04/05/2020,JEF,MO,ACE,CE,Federal Contract Tower,0,0,5,0,5,0,0,9,10,19,0,0,14,10,24,14,0,14,38
04/06/2020,JEF,MO,ACE,CE,Federal Contract Tower,0,0,12,0,12,0,0,31,12,43,0,0,43,12,55,154,0,154,209
04/07/2020,JEF,MO,ACE,CE,Federal Contract Tower,0,0,1,0,1,0,0,45,0,45,0,0,46,0,46,150,0,150,196
04/08/2020,JEF,MO,ACE,CE,Federal Contract Tower,0,0,15,0,15,0,0,27,3,30,0,0,42,3,45,66,10,76,121
04/09/2020,JEF,MO,ACE,CE,Federal Contract Tower,0,0,6,0,6,0,0,20,2,22,0,0,26,2,28,14,0,14,42
04/10/2020,JEF,MO,ACE,CE,Federal Contract Tower,0,0,6,0,6,0,0,52,0,52,0,0,58,0,58,120,0,120,178
04/11/2020,JEF,MO,ACE,CE,Federal Contract Tower,0,0,0,0,0,0,0,0,0,0,0,0,0,0,0,0,0,0,0
04/12/2020,JEF,MO,ACE,CE,Federal Contract Tower,0,0,0,0,0,0,0,0,0,0,0,0,0,0,0,0,0,0,0
04/13/2020,JEF,MO,ACE,CE,Federal Contract Tower,0,0,4,0,4,0,0,22,0,22,0,0,26,0,26,82,0,82,108
04/14/2020,JEF,MO,ACE,CE,Federal Contract Tower,0,0,12,0,12,0,0,49,0,49,0,0,61,0,61,74,0,74,135
04/15/2020,JEF,MO,ACE,CE,Federal Contract Tower,0,0,7,0,7,0,0,40,6,46,0,0,47,6,53,48,14,62,115
04/16/2020,JEF,MO,ACE,CE,Federal Contract Tower,0,0,5,0,5,0,0,29,1,30,0,0,34,1,35,84,0,84,119
04/17/2020,JEF,MO,ACE,CE,Federal Contract Tower,0,0,5,0,5,0,0,4,0,4,0,0,9,0,9,0,0,0,9
04/18/2020,JEF,MO,ACE,CE,Federal Contract Tower,0,0,4,0,4,0,2,27,0,29,0,2,31,0,33,30,0,30,63
04/19/2020,JEF,MO,ACE,CE,Federal Contract Tower,0,0,6,0,6,0,0,13,0,13,0,0,19,0,19,4,0,4,23
04/20/2020,JEF,MO,ACE,CE,Federal Contract Tower,0,0,5,0,5,0,1,33,0,34,0,1,38,0,39,82,0,82,121
04/21/2020,JEF,MO,ACE,CE,Federal Contract Tower,0,0,6,0,6,0,1,56,0,57,0,1,62,0,63,142,0,142,205
04/22/2020,JEF,MO,ACE,CE,Federal Contract Tower,0,0,5,0,5,0,0,25,0,25,0,0,30,0,30,28,0,28,58
04/23/2020,JEF,MO,ACE,CE,Federal Contract Tower,0,0,16,0,16,0,0,17,2,19,0,0,33,2,35,36,0,36,71
04/24/2020,JEF,MO,ACE,CE,Federal Contract Tower,0,0,4,0,4,0,0,23,0,23,0,0,27,0,27,32,0,32,59
04/25/2020,JEF,MO,ACE,CE,Federal Contract Tower,0,0,1,0,1,0,0,1,0,1,0,0,2,0,2,0,0,0,2
04/26/2020,JEF,MO,ACE,CE,Federal Contract Tower,0,0,4,0,4,0,2,36,0,38,0,2,40,0,42,24,0,24,66
04/27/2020,JEF,MO,ACE,CE,Federal Contract Tower,0,0,8,2,10,0,0,20,0,20,0,0,28,2,30,6,2,8,38
04/28/2020,JEF,MO,ACE,CE,Federal Contract Tower,0,0,6,0,6,0,0,27,4,31,0,0,33,4,37,80,0,80,117
04/29/2020,JEF,MO,ACE,CE,Federal Contract Tower,0,0,8,0,8,0,0,5,3,8,0,0,13,3,16,12,1,13,29
04/30/2020,JEF,MO,ACE,CE,Federal Contract Tower,0,0,19,0,19,0,0,54,6,60,0,0,73,6,79,54,2,56,135
05/01/2020,JEF,MO,ACE,CE,Federal Contract Tower,0,0,10,0,10,0,0,58,0,58,0,0,68,0,68,64,0,64,132
05/02/2020,JEF,MO,ACE,CE,Federal Contract Tower,0,0,9,2,11,0,0,28,0,28,0,0,37,2,39,38,0,38,77
05/03/2020,JEF,MO,ACE,CE,Federal Contract Tower,0,0,5,0,5,0,0,5,0,5,0,0,10,0,10,0,0,0,10
05/04/2020,JEF,MO,ACE,CE,Federal Contract Tower,0,2,6,0,8,0,2,18,0,20,0,4,24,0,28,12,0,12,40
05/05/2020,JEF,MO,ACE,CE,Federal Contract Tower,0,0,8,0,8,0,0,9,2,11,0,0,17,2,19,0,0,0,19
05/06/2020,JEF,MO,ACE,CE,Federal Contract Tower,0,0,7,0,7,0,0,55,6,61,0,0,62,6,68,120,18,138,206
05/07/2020,JEF,MO,ACE,CE,Federal Contract Tower,0,0,13,0,13,0,2,55,4,61,0,2,68,4,74,64,8,72,146
05/08/2020,JEF,MO,ACE,CE,Federal Contract Tower,0,0,6,0,6,0,0,10,1,11,0,0,16,1,17,0,0,0,17
05/09/2020,JEF,MO,ACE,CE,Federal Contract Tower,0,0,10,0,10,0,0,35,0,35,0,0,45,0,45,32,0,32,77
05/10/2020,JEF,MO,ACE,CE,Federal Contract Tower,0,0,0,0,0,0,0,9,0,9,0,0,9,0,9,20,0,20,29
05/11/2020,JEF,MO,ACE,CE,Federal Contract Tower,0,0,5,0,5,0,2,57,0,59,0,2,62,0,64,94,0,94,158
05/12/2020,JEF,MO,ACE,CE,Federal Contract Tower,0,0,15,2,17,0,0,28,0,28,0,0,43,2,45,106,0,106,151
05/13/2020,JEF,MO,ACE,CE,Federal Contract Tower,0,0,11,2,13,0,0,0,0,0,0,0,11,2,13,0,0,0,13
05/14/2020,JEF,MO,ACE,CE,Federal Contract Tower,0,2,8,0,10,0,0,44,0,44,0,2,52,0,54,62,0,62,116
05/15/2020,JEF,MO,ACE,CE,Federal Contract Tower,0,0,22,0,22,0,5,8,0,13,0,5,30,0,35,12,0,12,47
05/16/2020,JEF,MO,ACE,CE,Federal Contract Tower,0,2,0,0,2,0,0,1,0,1,0,2,1,0,3,0,0,0,3
05/17/2020,JEF,MO,ACE,CE,Federal Contract Tower,0,0,7,0,7,0,4,28,0,32,0,4,35,0,39,26,0,26,65
05/18/2020,JEF,MO,ACE,CE,Federal Contract Tower,0,4,26,0,30,0,0,15,0,15,0,4,41,0,45,32,0,32,77
05/19/2020,JEF,MO,ACE,CE,Federal Contract Tower,0,0,16,0,16,0,0,14,0,14,0,0,30,0,30,24,0,24,54
05/20/2020,JEF,MO,ACE,CE,Federal Contract Tower,0,2,12,2,16,0,2,15,5,22,0,4,27,7,38,34,4,38,76
05/21/2020,JEF,MO,ACE,CE,Federal Contract Tower,0,0,27,29,56,0,0,20,2,22,0,0,47,31,78,110,0,110,188
05/22/2020,JEF,MO,ACE,CE,Federal Contract Tower,0,0,10,1,11,0,0,19,0,19,0,0,29,1,30,26,0,26,56
05/23/2020,JEF,MO,ACE,CE,Federal Contract Tower,0,0,6,0,6,0,0,8,0,8,0,0,14,0,14,36,0,36,50
05/24/2020,JEF,MO,ACE,CE,Federal Contract Tower,0,0,2,0,2,0,0,21,0,21,0,0,23,0,23,10,0,10,33
05/25/2020,JEF,MO,ACE,CE,Federal Contract Tower,0,0,4,0,4,0,2,20,0,22,0,2,24,0,26,24,0,24,50
05/26/2020,JEF,MO,ACE,CE,Federal Contract Tower,0,0,7,0,7,0,0,18,2,20,0,0,25,2,27,0,0,0,27
05/27/2020,JEF,MO,ACE,CE,Federal Contract Tower,0,0,14,1,15,0,0,4,1,5,0,0,18,2,20,24,0,24,44
05/28/2020,JEF,MO,ACE,CE,Federal Contract Tower,0,0,17,0,17,0,0,12,0,12,0,0,29,0,29,84,20,104,133
05/29/2020,JEF,MO,ACE,CE,Federal Contract Tower,0,0,17,0,17,0,4,52,0,56,0,4,69,0,73,30,0,30,103
05/30/2020,JEF,MO,ACE,CE,Federal Contract Tower,0,0,9,0,9,0,2,46,0,48,0,2,55,0,57,40,0,40,97
05/31/2020,JEF,MO,ACE,CE,Federal Contract Tower,0,0,3,0,3,0,3,39,0,42,0,3,42,0,45,40,0,40,85
06/01/2020,JEF,MO,ACE,CE,Federal Contract Tower,0,2,7,0,9,0,4,43,0,47,0,6,50,0,56,44,0,44,100
06/02/2020,JEF,MO,ACE,CE,Federal Contract Tower,0,0,10,0,10,0,4,42,12,58,0,4,52,12,68,14,22,36,104
06/03/2020,JEF,MO,ACE,CE,Federal Contract Tower,0,2,4,0,6,0,2,46,24,72,0,4,50,24,78,74,8,82,160
06/04/2020,JEF,MO,ACE,CE,Federal Contract Tower,0,1,16,0,17,0,0,44,13,57,0,1,60,13,74,58,28,86,160
06/05/2020,JEF,MO,ACE,CE,Federal Contract Tower,0,1,12,0,13,0,2,31,11,44,0,3,43,11,57,42,8,50,107
06/06/2020,JEF,MO,ACE,CE,Federal Contract Tower,0,0,6,0,6,0,0,22,0,22,0,0,28,0,28,16,0,16,44
06/07/2020,JEF,MO,ACE,CE,Federal Contract Tower,0,0,11,0,11,0,1,33,0,34,0,1,44,0,45,0,0,0,45
06/08/2020,JEF,MO,ACE,CE,Federal Contract Tower,0,0,6,0,6,0,0,45,4,49,0,0,51,4,55,96,28,124,179
06/09/2020,JEF,MO,ACE,CE,Federal Contract Tower,0,0,10,2,12,0,0,6,2,8,0,0,16,4,20,4,10,14,34
06/10/2020,JEF,MO,ACE,CE,Federal Contract Tower,0,1,12,0,13,0,1,12,5,18,0,2,24,5,31,12,6,18,49
06/11/2020,JEF,MO,ACE,CE,Federal Contract Tower,0,0,13,2,15,0,0,65,10,75,0,0,78,12,90,68,14,82,172
06/12/2020,JEF,MO,ACE,CE,Federal Contract Tower,0,1,10,0,11,0,4,84,4,92,0,5,94,4,103,74,4,78,181
06/13/2020,JEF,MO,ACE,CE,Federal Contract Tower,0,0,8,0,8,0,2,18,0,20,0,2,26,0,28,40,0,40,68
06/14/2020,JEF,MO,ACE,CE,Federal Contract Tower,0,0,4,0,4,0,5,33,0,38,0,5,37,0,42,0,0,0,42
06/15/2020,JEF,MO,ACE,CE,Federal Contract Tower,0,2,9,2,13,0,4,54,2,60,0,6,63,4,73,66,0,66,139
06/16/2020,JEF,MO,ACE,CE,Federal Contract Tower,0,0,10,0,10,0,2,56,4,62,0,2,66,4,72,68,0,68,140
06/17/2020,JEF,MO,ACE,CE,Federal Contract Tower,0,0,19,4,23,0,4,69,13,86,0,4,88,17,109,108,16,124,233
06/18/2020,JEF,MO,ACE,CE,Federal Contract Tower,0,0,13,1,14,0,4,54,13,71,0,4,67,14,85,96,14,110,195
06/19/2020,JEF,MO,ACE,CE,Federal Contract Tower,0,0,3,0,3,0,0,26,2,28,0,0,29,2,31,34,6,40,71
06/20/2020,JEF,MO,ACE,CE,Federal Contract Tower,0,0,4,0,4,0,0,19,0,19,0,0,23,0,23,14,0,14,37
06/21/2020,JEF,MO,ACE,CE,Federal Contract Tower,0,3,1,0,4,0,0,24,0,24,0,3,25,0,28,0,0,0,28
06/22/2020,JEF,MO,ACE,CE,Federal Contract Tower,0,1,8,1,10,0,2,36,1,39,0,3,44,2,49,112,2,114,163
06/23/2020,JEF,MO,ACE,CE,Federal Contract Tower,0,0,25,4,29,0,0,45,14,59,0,0,70,18,88,60,12,72,160
06/24/2020,JEF,MO,ACE,CE,Federal Contract Tower,0,5,18,2,25,0,2,47,8,57,0,7,65,10,82,40,16,56,138
06/25/2020,JEF,MO,ACE,CE,Federal Contract Tower,0,0,12,2,14,0,4,52,2,58,0,4,64,4,72,34,6,40,112
06/26/2020,JEF,MO,ACE,CE,Federal Contract Tower,0,0,14,2,16,0,2,39,4,45,0,2,53,6,61,102,6,108,169
06/27/2020,JEF,MO,ACE,CE,Federal Contract Tower,0,1,1,0,2,0,3,3,0,6,0,4,4,0,8,8,0,8,16
06/28/2020,JEF,MO,ACE,CE,Federal Contract Tower,0,1,7,0,8,0,0,18,0,18,0,1,25,0,26,14,0,14,40
06/29/2020,JEF,MO,ACE,CE,Federal Contract Tower,0,0,13,2,15,0,0,26,0,26,0,0,39,2,41,20,0,20,61
06/30/2020,JEF,MO,ACE,CE,Federal Contract Tower,0,0,16,0,16,0,2,44,8,54,0,2,60,8,70,98,36,134,204
07/01/2020,JEF,MO,ACE,CE,Federal Contract Tower,0,1,17,2,20,0,0,30,5,35,0,1,47,7,55,6,0,6,61
07/02/2020,JEF,MO,ACE,CE,Federal Contract Tower,0,1,25,2,28,0,4,36,7,47,0,5,61,9,75,20,10,30,105
07/03/2020,JEF,MO,ACE,CE,Federal Contract Tower,0,0,9,0,9,0,4,18,0,22,0,4,27,0,31,48,0,48,79
07/04/2020,JEF,MO,ACE,CE,Federal Contract Tower,0,0,2,0,2,0,0,15,6,21,0,0,17,6,23,16,0,16,39
07/05/2020,JEF,MO,ACE,CE,Federal Contract Tower,0,0,7,0,7,0,0,11,0,11,0,0,18,0,18,2,0,2,20
07/06/2020,JEF,MO,ACE,CE,Federal Contract Tower,0,0,6,0,6,0,11,31,1,43,0,11,37,1,49,96,0,96,145
07/07/2020,JEF,MO,ACE,CE,Federal Contract Tower,0,5,18,0,23,0,6,37,4,47,0,11,55,4,70,18,0,18,88
07/08/2020,JEF,MO,ACE,CE,Federal Contract Tower,0,0,12,2,14,0,5,39,4,48,0,5,51,6,62,80,2,82,144
07/09/2020,JEF,MO,ACE,CE,Federal Contract Tower,0,0,19,0,19,0,2,44,11,57,0,2,63,11,76,78,12,90,166
07/10/2020,JEF,MO,ACE,CE,Federal Contract Tower,0,2,17,0,19,0,0,65,11,76,0,2,82,11,95,40,6,46,141
07/11/2020,JEF,MO,ACE,CE,Federal Contract Tower,0,0,1,0,1,0,2,17,0,19,0,2,18,0,20,8,0,8,28
07/12/2020,JEF,MO,ACE,CE,Federal Contract Tower,0,0,8,0,8,0,4,31,0,35,0,4,39,0,43,0,0,0,43
07/13/2020,JEF,MO,ACE,CE,Federal Contract Tower,0,2,7,2,11,0,7,33,3,43,0,9,40,5,54,74,2,76,130
07/14/2020,JEF,MO,ACE,CE,Federal Contract Tower,0,0,8,0,8,0,0,31,4,35,0,0,39,4,43,62,6,68,111
07/15/2020,JEF,MO,ACE,CE,Federal Contract Tower,0,2,8,2,12,0,0,17,1,18,0,2,25,3,30,38,0,38,68
07/16/2020,JEF,MO,ACE,CE,Federal Contract Tower,0,1,13,0,14,0,7,35,12,54,0,8,48,12,68,82,26,108,176
07/17/2020,JEF,MO,ACE,CE,Federal Contract Tower,0,0,3,0,3,0,2,37,2,41,0,2,40,2,44,60,0,60,104
07/18/2020,JEF,MO,ACE,CE,Federal Contract Tower,0,0,8,0,8,0,0,22,0,22,0,0,30,0,30,4,0,4,34
07/19/2020,JEF,MO,ACE,CE,Federal Contract Tower,0,2,7,0,9,0,1,16,0,17,0,3,23,0,26,6,0,6,32
07/20/2020,JEF,MO,ACE,CE,Federal Contract Tower,0,0,6,0,6,0,0,4,0,4,0,0,10,0,10,6,0,6,16
07/21/2020,JEF,MO,ACE,CE,Federal Contract Tower,0,0,17,3,20,0,0,20,17,37,0,0,37,20,57,78,36,114,171
07/22/2020,JEF,MO,ACE,CE,Federal Contract Tower,0,0,22,2,24,0,0,51,13,64,0,0,73,15,88,74,12,86,174
07/23/2020,JEF,MO,ACE,CE,Federal Contract Tower,0,2,13,0,15,0,6,65,9,80,0,8,78,9,95,56,10,66,161
07/24/2020,JEF,MO,ACE,CE,Federal Contract Tower,0,1,11,0,12,0,8,38,3,49,0,9,49,3,61,42,4,46,107
07/25/2020,JEF,MO,ACE,CE,Federal Contract Tower,0,5,4,0,9,0,0,37,6,43,0,5,41,6,52,59,0,59,111
07/26/2020,JEF,MO,ACE,CE,Federal Contract Tower,0,1,5,0,6,0,0,13,0,13,0,1,18,0,19,0,0,0,19
07/27/2020,JEF,MO,ACE,CE,Federal Contract Tower,0,0,10,0,10,0,1,8,0,9,0,1,18,0,19,6,0,6,25
07/28/2020,JEF,MO,ACE,CE,Federal Contract Tower,0,0,10,1,11,0,2,47,7,56,0,2,57,8,67,74,0,74,141
07/29/2020,JEF,MO,ACE,CE,Federal Contract Tower,0,0,20,0,20,0,0,29,4,33,0,0,49,4,53,32,0,32,85
07/30/2020,JEF,MO,ACE,CE,Federal Contract Tower,0,6,14,1,21,0,0,6,6,12,0,6,20,7,33,24,16,40,73
07/31/2020,JEF,MO,ACE,CE,Federal Contract Tower,0,0,6,4,10,0,0,1,0,1,0,0,7,4,11,8,0,8,19
08/01/2020,JEF,MO,ACE,CE,Federal Contract Tower,0,0,12,2,14,0,2,8,2,12,0,2,20,4,26,0,0,0,26
08/02/2020,JEF,MO,ACE,CE,Federal Contract Tower,0,0,5,2,7,0,0,6,2,8,0,0,11,4,15,0,0,0,15
08/03/2020,JEF,MO,ACE,CE,Federal Contract Tower,0,0,12,0,12,0,3,44,5,52,0,3,56,5,64,36,18,54,118
08/04/2020,JEF,MO,ACE,CE,Federal Contract Tower,0,0,12,1,13,0,3,69,7,79,0,3,81,8,92,92,2,94,186
08/05/2020,JEF,MO,ACE,CE,Federal Contract Tower,0,2,21,2,25,0,6,54,12,72,0,8,75,14,97,102,0,102,199
08/06/2020,JEF,MO,ACE,CE,Federal Contract Tower,0,2,16,1,19,0,2,53,5,60,0,4,69,6,79,72,0,72,151
08/07/2020,JEF,MO,ACE,CE,Federal Contract Tower,0,0,10,1,11,0,0,45,5,50,0,0,55,6,61,90,0,90,151
08/08/2020,JEF,MO,ACE,CE,Federal Contract Tower,0,0,3,0,3,0,0,10,0,10,0,0,13,0,13,0,0,0,13
08/09/2020,JEF,MO,ACE,CE,Federal Contract Tower,0,0,10,0,10,0,1,22,4,27,0,1,32,4,37,16,0,16,53
08/10/2020,JEF,MO,ACE,CE,Federal Contract Tower,0,2,5,0,7,0,2,42,4,48,0,4,47,4,55,6,24,30,85
08/11/2020,JEF,MO,ACE,CE,Federal Contract Tower,0,2,10,2,14,0,0,38,0,38,0,2,48,2,52,124,12,136,188
08/12/2020,JEF,MO,ACE,CE,Federal Contract Tower,0,0,24,5,29,0,0,43,11,54,0,0,67,16,83,100,0,100,183
08/13/2020,JEF,MO,ACE,CE,Federal Contract Tower,0,0,17,2,19,0,2,47,8,57,0,2,64,10,76,66,0,66,142
08/14/2020,JEF,MO,ACE,CE,Federal Contract Tower,0,0,17,0,17,0,2,42,5,49,0,2,59,5,66,56,0,56,122
08/15/2020,JEF,MO,ACE,CE,Federal Contract Tower,0,1,6,0,7,0,1,15,0,16,0,2,21,0,23,10,0,10,33
08/16/2020,JEF,MO,ACE,CE,Federal Contract Tower,0,2,8,0,10,0,2,52,0,54,0,4,60,0,64,20,0,20,84
08/17/2020,JEF,MO,ACE,CE,Federal Contract Tower,0,0,5,0,5,0,2,44,2,48,0,2,49,2,53,98,0,98,151
08/18/2020,JEF,MO,ACE,CE,Federal Contract Tower,0,0,8,2,10,0,2,59,11,72,0,2,67,13,82,54,0,54,136
08/19/2020,JEF,MO,ACE,CE,Federal Contract Tower,0,0,21,2,23,0,0,52,4,56,0,0,73,6,79,70,0,70,149
08/20/2020,JEF,MO,ACE,CE,Federal Contract Tower,0,0,17,3,20,0,2,56,11,69,0,2,73,14,89,48,20,68,157
08/21/2020,JEF,MO,ACE,CE,Federal Contract Tower,0,0,9,0,9,0,2,68,5,75,0,2,77,5,84,120,0,120,204
08/22/2020,JEF,MO,ACE,CE,Federal Contract Tower,0,0,7,2,9,0,2,33,0,35,0,2,40,2,44,40,0,40,84
08/23/2020,JEF,MO,ACE,CE,Federal Contract Tower,0,0,8,0,8,0,4,32,0,36,0,4,40,0,44,18,0,18,62
08/24/2020,JEF,MO,ACE,CE,Federal Contract Tower,0,0,14,0,14,0,3,37,3,43,0,3,51,3,57,40,0,40,97
08/25/2020,JEF,MO,ACE,CE,Federal Contract Tower,0,0,11,0,11,0,4,40,14,58,0,4,51,14,69,66,40,106,175
08/26/2020,JEF,MO,ACE,CE,Federal Contract Tower,0,0,19,2,21,0,0,41,10,51,0,0,60,12,72,106,16,122,194
08/27/2020,JEF,MO,ACE,CE,Federal Contract Tower,0,0,13,0,13,0,3,45,12,60,0,3,58,12,73,72,18,90,163
08/28/2020,JEF,MO,ACE,CE,Federal Contract Tower,0,0,16,1,17,0,6,28,2,36,0,6,44,3,53,10,0,10,63
08/29/2020,JEF,MO,ACE,CE,Federal Contract Tower,0,0,4,0,4,0,0,11,0,11,0,0,15,0,15,16,0,16,31
08/30/2020,JEF,MO,ACE,CE,Federal Contract Tower,0,0,5,0,5,0,3,27,0,30,0,3,32,0,35,20,0,20,55
08/31/2020,JEF,MO,ACE,CE,Federal Contract Tower,0,0,2,0,2,0,4,6,1,11,0,4,8,1,13,0,0,0,13
09/01/2020,JEF,MO,ACE,CE,Federal Contract Tower,0,0,15,2,17,0,0,9,2,11,0,0,24,4,28,42,0,42,70
09/02/2020,JEF,MO,ACE,CE,Federal Contract Tower,0,0,12,0,12,0,0,1,0,1,0,0,13,0,13,30,0,30,43
09/03/2020,JEF,MO,ACE,CE,Federal Contract Tower,0,0,10,2,12,0,0,31,2,33,0,0,41,4,45,18,0,18,63
09/04/2020,JEF,MO,ACE,CE,Federal Contract Tower,0,0,10,0,10,0,0,66,1,67,0,0,76,1,77,32,0,32,109
09/05/2020,JEF,MO,ACE,CE,Federal Contract Tower,0,4,8,0,12,0,0,22,0,22,0,4,30,0,34,6,0,6,40
09/06/2020,JEF,MO,ACE,CE,Federal Contract Tower,0,0,3,0,3,0,3,41,0,44,0,3,44,0,47,10,0,10,57
09/07/2020,JEF,MO,ACE,CE,Federal Contract Tower,0,0,11,0,11,0,2,16,0,18,0,2,27,0,29,2,0,2,31
09/08/2020,JEF,MO,ACE,CE,Federal Contract Tower,0,0,9,0,9,0,0,18,0,18,0,0,27,0,27,6,8,14,41
09/09/2020,JEF,MO,ACE,CE,Federal Contract Tower,2,0,18,1,21,0,0,3,4,7,2,0,21,5,28,14,56,70,98
09/10/2020,JEF,MO,ACE,CE,Federal Contract Tower,0,2,19,0,21,0,0,0,0,0,0,2,19,0,21,0,0,0,21
09/11/2020,JEF,MO,ACE,CE,Federal Contract Tower,0,0,13,0,13,0,2,5,4,11,0,2,18,4,24,0,4,4,28
09/12/2020,JEF,MO,ACE,CE,Federal Contract Tower,0,0,7,4,11,0,0,5,3,8,0,0,12,7,19,0,0,0,19
09/13/2020,JEF,MO,ACE,CE,Federal Contract Tower,0,4,5,0,9,0,6,30,6,42,0,10,35,6,51,22,0,22,73
09/14/2020,JEF,MO,ACE,CE,Federal Contract Tower,0,0,14,0,14,0,5,68,1,74,0,5,82,1,88,14,0,14,102
09/15/2020,JEF,MO,ACE,CE,Federal Contract Tower,0,0,6,0,6,0,0,44,1,45,0,0,50,1,51,46,0,46,97
09/16/2020,JEF,MO,ACE,CE,Federal Contract Tower,0,0,6,2,8,0,0,39,8,47,0,0,45,10,55,44,0,44,99
09/17/2020,JEF,MO,ACE,CE,Federal Contract Tower,0,0,19,5,24,0,2,37,11,50,0,2,56,16,74,78,4,82,156
09/18/2020,JEF,MO,ACE,CE,Federal Contract Tower,0,0,14,2,16,0,0,29,7,36,0,0,43,9,52,60,0,60,112
09/19/2020,JEF,MO,ACE,CE,Federal Contract Tower,0,0,1,0,1,0,0,31,0,31,0,0,32,0,32,40,0,40,72
09/20/2020,JEF,MO,ACE,CE,Federal Contract Tower,0,0,11,0,11,0,3,35,0,38,0,3,46,0,49,12,0,12,61
09/21/2020,JEF,MO,ACE,CE,Federal Contract Tower,0,0,5,0,5,0,0,44,5,49,0,0,49,5,54,58,0,58,112
09/22/2020,JEF,MO,ACE,CE,Federal Contract Tower,0,0,12,1,13,0,0,42,8,50,0,0,54,9,63,40,2,42,105
09/23/2020,JEF,MO,ACE,CE,Federal Contract Tower,0,0,16,4,20,0,0,37,4,41,0,0,53,8,61,40,0,40,101
09/24/2020,JEF,MO,ACE,CE,Federal Contract Tower,0,2,20,5,27,0,0,25,12,37,0,2,45,17,64,40,8,48,112
09/25/2020,JEF,MO,ACE,CE,Federal Contract Tower,0,2,11,0,13,0,4,39,2,45,0,6,50,2,58,26,0,26,84
09/26/2020,JEF,MO,ACE,CE,Federal Contract Tower,0,0,10,0,10,0,2,16,0,18,0,2,26,0,28,6,0,6,34
09/27/2020,JEF,MO,ACE,CE,Federal Contract Tower,0,0,6,0,6,0,0,6,0,6,0,0,12,0,12,0,0,0,12
09/28/2020,JEF,MO,ACE,CE,Federal Contract Tower,0,3,18,2,23,0,5,24,3,32,0,8,42,5,55,6,0,6,61
09/29/2020,JEF,MO,ACE,CE,Federal Contract Tower,0,2,14,4,20,0,4,55,2,61,0,6,69,6,81,32,0,32,113
09/30/2020,JEF,MO,ACE,CE,Federal Contract Tower,0,2,21,4,27,0,2,34,6,42,0,4,55,10,69,6,0,6,75
10/01/2020,JEF,MO,ACE,CE,Federal Contract Tower,0,0,14,0,14,0,2,49,7,58,0,2,63,7,72,24,0,24,96
10/02/2020,JEF,MO,ACE,CE,Federal Contract Tower,0,0,8,0,8,0,0,57,6,63,0,0,65,6,71,86,0,86,157
10/03/2020,JEF,MO,ACE,CE,Federal Contract Tower,0,0,3,2,5,0,0,7,6,13,0,0,10,8,18,24,0,24,42
10/04/2020,JEF,MO,ACE,CE,Federal Contract Tower,0,0,11,3,14,0,8,28,3,39,0,8,39,6,53,10,0,10,63
10/05/2020,JEF,MO,ACE,CE,Federal Contract Tower,0,0,4,2,6,0,2,51,3,56,0,2,55,5,62,40,0,40,102
10/06/2020,JEF,MO,ACE,CE,Federal Contract Tower,0,3,14,0,17,0,4,32,12,48,0,7,46,12,65,44,4,48,113
10/07/2020,JEF,MO,ACE,CE,Federal Contract Tower,0,1,10,1,12,0,5,46,10,61,0,6,56,11,73,30,2,32,105
10/08/2020,JEF,MO,ACE,CE,Federal Contract Tower,0,0,21,3,24,0,2,57,8,67,0,2,78,11,91,58,0,58,149
10/09/2020,JEF,MO,ACE,CE,Federal Contract Tower,0,0,14,0,14,0,0,24,0,24,0,0,38,0,38,16,0,16,54
10/10/2020,JEF,MO,ACE,CE,Federal Contract Tower,0,0,9,0,9,0,12,9,0,21,0,12,18,0,30,12,0,12,42
10/11/2020,JEF,MO,ACE,CE,Federal Contract Tower,0,1,13,0,14,0,0,37,0,37,0,1,50,0,51,18,0,18,69
10/12/2020,JEF,MO,ACE,CE,Federal Contract Tower,0,1,8,0,9,0,2,23,0,25,0,3,31,0,34,0,0,0,34
10/13/2020,JEF,MO,ACE,CE,Federal Contract Tower,0,1,12,0,13,0,2,43,0,45,0,3,55,0,58,50,0,50,108
10/14/2020,JEF,MO,ACE,CE,Federal Contract Tower,0,1,8,2,11,0,2,20,5,27,0,3,28,7,38,6,0,6,44
10/15/2020,JEF,MO,ACE,CE,Federal Contract Tower,0,0,13,2,15,0,2,36,2,40,0,2,49,4,55,6,16,22,77
10/16/2020,JEF,MO,ACE,CE,Federal Contract Tower,0,4,18,0,22,0,0,28,8,36,0,4,46,8,58,18,0,18,76
10/17/2020,JEF,MO,ACE,CE,Federal Contract Tower,0,0,8,0,8,0,0,1,0,1,0,0,9,0,9,0,0,0,9
10/18/2020,JEF,MO,ACE,CE,Federal Contract Tower,0,2,3,0,5,0,0,5,0,5,0,2,8,0,10,0,0,0,10
10/19/2020,JEF,MO,ACE,CE,Federal Contract Tower,0,0,10,4,14,0,0,3,0,3,0,0,13,4,17,26,0,26,43
10/20/2020,JEF,MO,ACE,CE,Federal Contract Tower,0,0,7,2,9,0,0,0,0,0,0,0,7,2,9,10,0,10,19
10/21/2020,JEF,MO,ACE,CE,Federal Contract Tower,0,0,14,0,14,0,0,0,0,0,0,0,14,0,14,0,0,0,14
10/22/2020,JEF,MO,ACE,CE,Federal Contract Tower,0,2,16,1,19,0,2,28,14,44,0,4,44,15,63,48,0,48,111
10/23/2020,JEF,MO,ACE,CE,Federal Contract Tower,0,0,24,2,26,0,0,0,0,0,0,0,24,2,26,0,0,0,26
10/24/2020,JEF,MO,ACE,CE,Federal Contract Tower,0,0,17,0,17,0,0,18,1,19,0,0,35,1,36,40,0,40,76
10/25/2020,JEF,MO,ACE,CE,Federal Contract Tower,0,2,10,1,13,0,0,15,0,15,0,2,25,1,28,6,0,6,34
10/26/2020,JEF,MO,ACE,CE,Federal Contract Tower,0,0,5,0,5,0,0,0,0,0,0,0,5,0,5,0,0,0,5
10/27/2020,JEF,MO,ACE,CE,Federal Contract Tower,0,0,4,0,4,0,0,0,0,0,0,0,4,0,4,0,0,0,4
10/28/2020,JEF,MO,ACE,CE,Federal Contract Tower,0,0,7,2,9,0,0,2,0,2,0,0,9,2,11,0,0,0,11
10/29/2020,JEF,MO,ACE,CE,Federal Contract Tower,0,2,14,0,16,0,0,11,7,18,0,2,25,7,34,44,0,44,78
10/30/2020,JEF,MO,ACE,CE,Federal Contract Tower,0,2,12,0,14,0,0,83,7,90,0,2,95,7,104,16,17,33,137
10/31/2020,JEF,MO,ACE,CE,Federal Contract Tower,0,0,5,0,5,0,2,19,0,21,0,2,24,0,26,0,0,0,26
11/01/2020,JEF,MO,ACE,CE,Federal Contract Tower,0,0,7,0,7,0,0,19,0,19,0,0,26,0,26,6,0,6,32
11/02/2020,JEF,MO,ACE,CE,Federal Contract Tower,0,4,10,0,14,0,7,43,2,52,0,11,53,2,66,34,0,34,100
11/03/2020,JEF,MO,ACE,CE,Federal Contract Tower,0,0,10,0,10,0,0,44,6,50,0,0,54,6,60,122,0,122,182
11/04/2020,JEF,MO,ACE,CE,Federal Contract Tower,0,2,12,2,16,0,0,48,0,48,0,2,60,2,64,2,0,2,66
11/05/2020,JEF,MO,ACE,CE,Federal Contract Tower,0,1,10,2,13,0,6,56,11,73,0,7,66,13,86,76,24,100,186
11/06/2020,JEF,MO,ACE,CE,Federal Contract Tower,0,0,9,6,15,0,2,60,8,70,0,2,69,14,85,84,0,84,169
11/07/2020,JEF,MO,ACE,CE,Federal Contract Tower,0,2,3,0,5,0,2,65,1,68,0,4,68,1,73,8,0,8,81
11/08/2020,JEF,MO,ACE,CE,Federal Contract Tower,0,0,16,2,18,0,0,10,2,12,0,0,26,4,30,0,0,0,30
11/09/2020,JEF,MO,ACE,CE,Federal Contract Tower,0,0,6,0,6,0,0,4,0,4,0,0,10,0,10,0,0,0,10
11/10/2020,JEF,MO,ACE,CE,Federal Contract Tower,0,0,2,0,2,0,0,3,0,3,0,0,5,0,5,0,0,0,5
11/11/2020,JEF,MO,ACE,CE,Federal Contract Tower,0,4,11,0,15,0,6,47,0,53,0,10,58,0,68,72,0,72,140
11/12/2020,JEF,MO,ACE,CE,Federal Contract Tower,0,2,11,2,15,0,0,54,5,59,0,2,65,7,74,72,0,72,146
11/13/2020,JEF,MO,ACE,CE,Federal Contract Tower,0,2,5,0,7,0,13,34,2,49,0,15,39,2,56,52,0,52,108
11/14/2020,JEF,MO,ACE,CE,Federal Contract Tower,0,0,5,0,5,0,0,1,0,1,0,0,6,0,6,0,0,0,6
11/15/2020,JEF,MO,ACE,CE,Federal Contract Tower,0,0,8,0,8,0,2,9,0,11,0,2,17,0,19,0,0,0,19
11/16/2020,JEF,MO,ACE,CE,Federal Contract Tower,0,0,13,0,13,0,5,25,0,30,0,5,38,0,43,8,0,8,51
11/17/2020,JEF,MO,ACE,CE,Federal Contract Tower,0,2,10,0,12,0,0,66,17,83,0,2,76,17,95,116,20,136,231
11/18/2020,JEF,MO,ACE,CE,Federal Contract Tower,0,0,13,0,13,0,0,26,1,27,0,0,39,1,40,32,0,32,72
11/19/2020,JEF,MO,ACE,CE,Federal Contract Tower,2,2,4,0,8,0,0,2,11,13,2,2,6,11,21,0,6,6,27
11/20/2020,JEF,MO,ACE,CE,Federal Contract Tower,0,0,11,1,12,0,0,20,1,21,0,0,31,2,33,26,0,26,59
11/21/2020,JEF,MO,ACE,CE,Federal Contract Tower,0,0,8,0,8,0,0,0,0,0,0,0,8,0,8,0,0,0,8
11/22/2020,JEF,MO,ACE,CE,Federal Contract Tower,0,0,7,0,7,0,3,15,0,18,0,3,22,0,25,28,0,28,53
11/23/2020,JEF,MO,ACE,CE,Federal Contract Tower,0,0,5,0,5,0,0,11,0,11,0,0,16,0,16,2,4,6,22
11/24/2020,JEF,MO,ACE,CE,Federal Contract Tower,0,0,8,0,8,0,0,8,0,8,0,0,16,0,16,0,0,0,16
11/25/2020,JEF,MO,ACE,CE,Federal Contract Tower,0,0,8,0,8,0,0,0,0,0,0,0,8,0,8,0,0,0,8
11/26/2020,JEF,MO,ACE,CE,Federal Contract Tower,0,0,3,0,3,0,0,6,0,6,0,0,9,0,9,0,0,0,9
11/27/2020,JEF,MO,ACE,CE,Federal Contract Tower,0,0,5,0,5,0,2,15,0,17,0,2,20,0,22,30,0,30,52
11/28/2020,JEF,MO,ACE,CE,Federal Contract Tower,0,0,5,0,5,0,1,35,1,37,0,1,40,1,42,12,0,12,54
11/29/2020,JEF,MO,ACE,CE,Federal Contract Tower,0,0,7,0,7,0,0,16,0,16,0,0,23,0,23,0,0,0,23
11/30/2020,JEF,MO,ACE,CE,Federal Contract Tower,0,4,7,2,13,0,2,23,0,25,0,6,30,2,38,34,0,34,72
12/01/2020,JEF,MO,ACE,CE,Federal Contract Tower,0,0,7,0,7,0,2,58,5,65,0,2,65,5,72,70,2,72,144
12/02/2020,JEF,MO,ACE,CE,Federal Contract Tower,0,1,25,4,30,0,0,50,13,63,0,1,75,17,93,56,0,56,149
12/03/2020,JEF,MO,ACE,CE,Federal Contract Tower,0,1,11,2,14,0,0,5,6,11,0,1,16,8,25,10,0,10,35
12/04/2020,JEF,MO,ACE,CE,Federal Contract Tower,0,0,8,1,9,0,3,34,5,42,0,3,42,6,51,54,0,54,105
12/05/2020,JEF,MO,ACE,CE,Federal Contract Tower,0,0,8,0,8,0,1,37,4,42,0,1,45,4,50,44,0,44,94
12/06/2020,JEF,MO,ACE,CE,Federal Contract Tower,0,0,11,0,11,0,0,32,0,32,0,0,43,0,43,0,0,0,43
12/07/2020,JEF,MO,ACE,CE,Federal Contract Tower,0,0,19,0,19,0,4,25,0,29,0,4,44,0,48,12,0,12,60
12/08/2020,JEF,MO,ACE,CE,Federal Contract Tower,0,0,3,2,5,0,0,14,0,14,0,0,17,2,19,12,0,12,31
12/09/2020,JEF,MO,ACE,CE,Federal Contract Tower,0,0,19,0,19,0,10,58,8,76,0,10,77,8,95,78,0,78,173
12/10/2020,JEF,MO,ACE,CE,Federal Contract Tower,0,0,20,4,24,0,0,63,5,68,0,0,83,9,92,62,8,70,162
12/11/2020,JEF,MO,ACE,CE,Federal Contract Tower,0,0,9,2,11,0,0,2,0,2,0,0,11,2,13,0,0,0,13
12/12/2020,JEF,MO,ACE,CE,Federal Contract Tower,0,0,2,0,2,0,0,0,0,0,0,0,2,0,2,0,0,0,2
12/13/2020,JEF,MO,ACE,CE,Federal Contract Tower,0,0,10,0,10,0,0,0,0,0,0,0,10,0,10,48,0,48,58
12/14/2020,JEF,MO,ACE,CE,Federal Contract Tower,0,0,9,0,9,0,2,30,0,32,0,2,39,0,41,36,0,36,77
12/15/2020,JEF,MO,ACE,CE,Federal Contract Tower,0,2,12,0,14,0,0,24,2,26,0,2,36,2,40,78,0,78,118
12/16/2020,JEF,MO,ACE,CE,Federal Contract Tower,0,0,16,1,17,0,0,14,2,16,0,0,30,3,33,42,0,42,75
12/17/2020,JEF,MO,ACE,CE,Federal Contract Tower,0,0,19,1,20,0,2,42,14,58,0,2,61,15,78,76,0,76,154
12/18/2020,JEF,MO,ACE,CE,Federal Contract Tower,0,0,10,0,10,0,0,38,4,42,0,0,48,4,52,10,2,12,64
12/19/2020,JEF,MO,ACE,CE,Federal Contract Tower,0,0,10,0,10,0,0,8,0,8,0,0,18,0,18,0,0,0,18
12/20/2020,JEF,MO,ACE,CE,Federal Contract Tower,0,0,5,0,5,0,7,31,0,38,0,7,36,0,43,14,0,14,57
12/21/2020,JEF,MO,ACE,CE,Federal Contract Tower,0,0,9,4,13,0,0,20,2,22,0,0,29,6,35,0,0,0,35
12/22/2020,JEF,MO,ACE,CE,Federal Contract Tower,0,0,12,0,12,0,2,59,3,64,0,2,71,3,76,86,8,94,170
12/23/2020,JEF,MO,ACE,CE,Federal Contract Tower,0,0,14,0,14,0,0,7,0,7,0,0,21,0,21,0,0,0,21
12/24/2020,JEF,MO,ACE,CE,Federal Contract Tower,0,0,1,0,1,0,0,3,0,3,0,0,4,0,4,0,0,0,4
12/25/2020,JEF,MO,ACE,CE,Federal Contract Tower,0,0,0,0,0,0,0,3,0,3,0,0,3,0,3,0,0,0,3
12/26/2020,JEF,MO,ACE,CE,Federal Contract Tower,0,0,5,0,5,0,2,33,0,35,0,2,38,0,40,23,0,23,63
12/27/2020,JEF,MO,ACE,CE,Federal Contract Tower,0,0,1,0,1,0,0,11,0,11,0,0,12,0,12,6,0,6,18
12/28/2020,JEF,MO,ACE,CE,Federal Contract Tower,0,2,10,0,12,0,0,33,0,33,0,2,43,0,45,124,0,124,169
12/29/2020,JEF,MO,ACE,CE,Federal Contract Tower,0,2,3,0,5,0,1,1,0,2,0,3,4,0,7,20,0,20,27
12/30/2020,JEF,MO,ACE,CE,Federal Contract Tower,0,0,2,0,2,0,0,2,0,2,0,0,4,0,4,18,14,32,36
12/31/2020,JEF,MO,ACE,CE,Federal Contract Tower,0,0,3,0,3,0,0,27,1,28,0,0,30,1,31,60,0,60,91
01/01/2021,JEF,MO,ACE,CE,Federal Contract Tower,0,0,3,0,3,0,0,0,0,0,0,0,3,0,3,0,0,0,3
01/02/2021,JEF,MO,ACE,CE,Federal Contract Tower,0,4,2,0,6,0,0,0,0,0,0,4,2,0,6,0,0,0,6
01/03/2021,JEF,MO,ACE,CE,Federal Contract Tower,0,0,4,0,4,0,0,0,0,0,0,0,4,0,4,0,0,0,4
01/04/2021,JEF,MO,ACE,CE,Federal Contract Tower,0,0,11,0,11,0,0,0,0,0,0,0,11,0,11,0,0,0,11
01/05/2021,JEF,MO,ACE,CE,Federal Contract Tower,0,0,12,0,12,0,0,73,9,82,0,0,85,9,94,92,0,92,186
01/06/2021,JEF,MO,ACE,CE,Federal Contract Tower,0,0,8,0,8,0,0,50,11,61,0,0,58,11,69,50,0,50,119
01/07/2021,JEF,MO,ACE,CE,Federal Contract Tower,0,1,8,2,11,0,1,0,10,11,0,2,8,12,22,32,0,32,54
01/08/2021,JEF,MO,ACE,CE,Federal Contract Tower,0,0,13,1,14,0,0,18,0,18,0,0,31,1,32,41,0,41,73
01/09/2021,JEF,MO,ACE,CE,Federal Contract Tower,0,0,1,0,1,0,0,3,7,10,0,0,4,7,11,58,0,58,69
01/10/2021,JEF,MO,ACE,CE,Federal Contract Tower,0,0,10,0,10,0,0,3,2,5,0,0,13,2,15,58,0,58,73
01/11/2021,JEF,MO,ACE,CE,Federal Contract Tower,0,3,17,2,22,0,2,37,1,40,0,5,54,3,62,102,0,102,164
01/12/2021,JEF,MO,ACE,CE,Federal Contract Tower,0,0,8,2,10,0,4,27,13,44,0,4,35,15,54,30,20,50,104
01/13/2021,JEF,MO,ACE,CE,Federal Contract Tower,0,0,15,0,15,0,4,50,7,61,0,4,65,7,76,40,8,48,124
01/14/2021,JEF,MO,ACE,CE,Federal Contract Tower,0,0,15,2,17,0,0,11,6,17,0,0,26,8,34,0,0,0,34
01/15/2021,JEF,MO,ACE,CE,Federal Contract Tower,0,0,6,0,6,0,0,0,0,0,0,0,6,0,6,0,0,0,6
01/16/2021,JEF,MO,ACE,CE,Federal Contract Tower,0,0,8,0,8,0,0,1,0,1,0,0,9,0,9,0,0,0,9
01/17/2021,JEF,MO,ACE,CE,Federal Contract Tower,0,0,3,0,3,0,0,8,0,8,0,0,11,0,11,0,0,0,11
01/18/2021,JEF,MO,ACE,CE,Federal Contract Tower,0,0,9,2,11,0,0,43,0,43,0,0,52,2,54,34,0,34,88
01/19/2021,JEF,MO,ACE,CE,Federal Contract Tower,0,0,13,0,13,0,0,11,0,11,0,0,24,0,24,0,0,0,24
01/20/2021,JEF,MO,ACE,CE,Federal Contract Tower,0,0,13,1,14,0,2,35,8,45,0,2,48,9,59,44,2,46,105
01/21/2021,JEF,MO,ACE,CE,Federal Contract Tower,0,0,17,2,19,0,2,56,3,61,0,2,73,5,80,32,0,32,112
01/22/2021,JEF,MO,ACE,CE,Federal Contract Tower,0,0,11,3,14,0,3,39,3,45,0,3,50,6,59,60,0,60,119
01/23/2021,JEF,MO,ACE,CE,Federal Contract Tower,0,3,7,0,10,0,1,43,0,44,0,4,50,0,54,14,0,14,68
01/24/2021,JEF,MO,ACE,CE,Federal Contract Tower,0,0,4,0,4,0,1,0,0,1,0,1,4,0,5,0,0,0,5
01/25/2021,JEF,MO,ACE,CE,Federal Contract Tower,0,0,9,0,9,0,0,0,0,0,0,0,9,0,9,0,0,0,9
01/26/2021,JEF,MO,ACE,CE,Federal Contract Tower,0,0,10,0,10,0,0,10,2,12,0,0,20,2,22,14,0,14,36
01/27/2021,JEF,MO,ACE,CE,Federal Contract Tower,0,0,8,0,8,0,0,4,0,4,0,0,12,0,12,26,0,26,38
01/28/2021,JEF,MO,ACE,CE,Federal Contract Tower,0,0,16,2,18,0,1,54,13,68,0,1,70,15,86,82,10,92,178
01/29/2021,JEF,MO,ACE,CE,Federal Contract Tower,0,1,12,0,13,0,2,70,8,80,0,3,82,8,93,50,2,52,145
01/30/2021,JEF,MO,ACE,CE,Federal Contract Tower,0,0,0,0,0,0,0,0,0,0,0,0,0,0,0,0,0,0,0
01/31/2021,JEF,MO,ACE,CE,Federal Contract Tower,0,0,4,0,4,0,0,2,2,4,0,0,6,2,8,0,0,0,8
02/01/2021,JEF,MO,ACE,CE,Federal Contract Tower,0,0,10,2,12,0,0,1,0,1,0,0,11,2,13,0,0,0,13
02/02/2021,JEF,MO,ACE,CE,Federal Contract Tower,0,0,15,0,15,0,0,33,10,43,0,0,48,10,58,20,0,20,78
02/03/2021,JEF,MO,ACE,CE,Federal Contract Tower,0,1,24,4,29,0,0,50,3,53,0,1,74,7,82,42,20,62,144
02/04/2021,JEF,MO,ACE,CE,Federal Contract Tower,0,0,14,0,14,0,0,1,2,3,0,0,15,2,17,0,0,0,17
02/05/2021,JEF,MO,ACE,CE,Federal Contract Tower,0,0,13,2,15,0,0,36,3,39,0,0,49,5,54,4,0,4,58
02/06/2021,JEF,MO,ACE,CE,Federal Contract Tower,0,0,2,0,2,0,0,8,0,8,0,0,10,0,10,18,0,18,28
02/07/2021,JEF,MO,ACE,CE,Federal Contract Tower,0,0,0,0,0,0,0,0,0,0,0,0,0,0,0,0,0,0,0
02/08/2021,JEF,MO,ACE,CE,Federal Contract Tower,0,0,6,0,6,0,0,1,0,1,0,0,7,0,7,0,0,0,7
02/09/2021,JEF,MO,ACE,CE,Federal Contract Tower,0,0,19,0,19,0,0,12,0,12,0,0,31,0,31,6,0,6,37
02/10/2021,JEF,MO,ACE,CE,Federal Contract Tower,0,0,11,0,11,0,0,0,0,0,0,0,11,0,11,0,0,0,11
02/11/2021,JEF,MO,ACE,CE,Federal Contract Tower,0,1,13,0,14,0,0,20,0,20,0,1,33,0,34,0,0,0,34
02/12/2021,JEF,MO,ACE,CE,Federal Contract Tower,0,0,8,0,8,0,0,33,0,33,0,0,41,0,41,0,0,0,41
02/13/2021,JEF,MO,ACE,CE,Federal Contract Tower,0,0,4,0,4,0,2,4,0,6,0,2,8,0,10,0,0,0,10
02/14/2021,JEF,MO,ACE,CE,Federal Contract Tower,0,1,0,0,1,0,0,0,0,0,0,1,0,0,1,0,0,0,1
02/15/2021,JEF,MO,ACE,CE,Federal Contract Tower,0,0,2,0,2,0,0,0,0,0,0,0,2,0,2,0,0,0,2
02/16/2021,JEF,MO,ACE,CE,Federal Contract Tower,0,0,6,0,6,0,0,3,0,3,0,0,9,0,9,0,0,0,9
02/17/2021,JEF,MO,ACE,CE,Federal Contract Tower,0,0,10,0,10,0,0,0,0,0,0,0,10,0,10,0,0,0,10
02/18/2021,JEF,MO,ACE,CE,Federal Contract Tower,0,0,4,2,6,0,1,9,8,18,0,1,13,10,24,14,2,16,40
02/19/2021,JEF,MO,ACE,CE,Federal Contract Tower,0,0,11,2,13,0,0,53,3,56,0,0,64,5,69,32,0,32,101
02/20/2021,JEF,MO,ACE,CE,Federal Contract Tower,0,0,13,0,13,0,2,38,0,40,0,2,51,0,53,44,6,50,103
02/21/2021,JEF,MO,ACE,CE,Federal Contract Tower,0,0,0,0,0,0,0,0,0,0,0,0,0,0,0,0,0,0,0
02/22/2021,JEF,MO,ACE,CE,Federal Contract Tower,0,0,15,2,17,0,1,37,0,38,0,1,52,2,55,32,0,32,87
02/23/2021,JEF,MO,ACE,CE,Federal Contract Tower,0,0,16,4,20,0,4,67,5,76,0,4,83,9,96,16,6,22,118
02/24/2021,JEF,MO,ACE,CE,Federal Contract Tower,0,0,33,1,34,0,2,58,16,76,0,2,91,17,110,58,2,60,170
02/25/2021,JEF,MO,ACE,CE,Federal Contract Tower,0,6,21,1,28,0,4,44,1,49,0,10,65,2,77,52,0,52,129
02/26/2021,JEF,MO,ACE,CE,Federal Contract Tower,0,3,15,3,21,0,0,38,2,40,0,3,53,5,61,92,0,92,153
02/27/2021,JEF,MO,ACE,CE,Federal Contract Tower,0,0,5,0,5,0,0,36,0,36,0,0,41,0,41,42,0,42,83
02/28/2021,JEF,MO,ACE,CE,Federal Contract Tower,0,2,14,0,16,0,0,7,0,7,0,2,21,0,23,4,0,4,27
03/01/2021,JEF,MO,ACE,CE,Federal Contract Tower,0,2,20,0,22,0,0,51,2,53,0,2,71,2,75,36,0,36,111
03/02/2021,JEF,MO,ACE,CE,Federal Contract Tower,0,2,21,0,23,0,9,39,4,52,0,11,60,4,75,42,0,42,117
03/03/2021,JEF,MO,ACE,CE,Federal Contract Tower,0,1,29,0,30,0,0,51,7,58,0,1,80,7,88,32,0,32,120
03/04/2021,JEF,MO,ACE,CE,Federal Contract Tower,0,0,21,2,23,0,0,75,3,78,0,0,96,5,101,26,10,36,137
03/05/2021,JEF,MO,ACE,CE,Federal Contract Tower,0,0,17,2,19,0,0,55,12,67,0,0,72,14,86,51,2,53,139
03/06/2021,JEF,MO,ACE,CE,Federal Contract Tower,0,2,7,1,10,0,0,53,0,53,0,2,60,1,63,60,0,60,123
03/07/2021,JEF,MO,ACE,CE,Federal Contract Tower,0,0,8,0,8,0,0,39,0,39,0,0,47,0,47,44,0,44,91
03/08/2021,JEF,MO,ACE,CE,Federal Contract Tower,0,1,19,0,20,0,2,36,4,42,0,3,55,4,62,20,0,20,82
03/09/2021,JEF,MO,ACE,CE,Federal Contract Tower,0,1,15,2,18,0,0,20,2,22,0,1,35,4,40,0,0,0,40
03/10/2021,JEF,MO,ACE,CE,Federal Contract Tower,0,3,21,0,24,0,0,12,8,20,0,3,33,8,44,8,0,8,52
03/11/2021,JEF,MO,ACE,CE,Federal Contract Tower,0,4,16,0,20,0,0,14,0,14,0,4,30,0,34,8,0,8,42
03/12/2021,JEF,MO,ACE,CE,Federal Contract Tower,0,2,5,2,9,0,0,16,0,16,0,2,21,2,25,0,2,2,27
03/13/2021,JEF,MO,ACE,CE,Federal Contract Tower,0,0,7,0,7,0,0,6,0,6,0,0,13,0,13,48,0,48,61
03/14/2021,JEF,MO,ACE,CE,Federal Contract Tower,0,0,7,0,7,0,0,0,0,0,0,0,7,0,7,0,0,0,7
03/15/2021,JEF,MO,ACE,CE,Federal Contract Tower,0,2,9,2,13,0,0,17,0,17,0,2,26,2,30,0,0,0,30
03/16/2021,JEF,MO,ACE,CE,Federal Contract Tower,0,2,28,8,38,0,0,0,0,0,0,2,28,8,38,0,10,10,48
03/17/2021,JEF,MO,ACE,CE,Federal Contract Tower,0,0,13,0,13,0,0,0,0,0,0,0,13,0,13,0,0,0,13
03/18/2021,JEF,MO,ACE,CE,Federal Contract Tower,0,2,16,2,20,0,0,1,0,1,0,2,17,2,21,0,0,0,21
03/19/2021,JEF,MO,ACE,CE,Federal Contract Tower,0,0,23,0,23,0,2,54,6,62,0,2,77,6,85,42,12,54,139
03/20/2021,JEF,MO,ACE,CE,Federal Contract Tower,0,0,10,1,11,0,2,60,0,62,0,2,70,1,73,40,0,40,113
03/21/2021,JEF,MO,ACE,CE,Federal Contract Tower,0,1,12,2,15,0,2,18,4,24,0,3,30,6,39,0,0,0,39
03/22/2021,JEF,MO,ACE,CE,Federal Contract Tower,0,0,12,0,12,0,0,26,0,26,0,0,38,0,38,0,0,0,38
03/23/2021,JEF,MO,ACE,CE,Federal Contract Tower,0,0,6,0,6,0,3,3,6,12,0,3,9,6,18,8,0,8,26
03/24/2021,JEF,MO,ACE,CE,Federal Contract Tower,0,6,22,0,28,0,2,19,14,35,0,8,41,14,63,4,30,34,97
03/25/2021,JEF,MO,ACE,CE,Federal Contract Tower,0,2,13,0,15,0,0,10,4,14,0,2,23,4,29,0,0,0,29
03/26/2021,JEF,MO,ACE,CE,Federal Contract Tower,0,0,36,2,38,0,11,55,2,68,0,11,91,4,106,60,6,66,172
03/27/2021,JEF,MO,ACE,CE,Federal Contract Tower,0,1,7,2,10,0,0,27,0,27,0,1,34,2,37,10,0,10,47
03/28/2021,JEF,MO,ACE,CE,Federal Contract Tower,0,2,6,0,8,0,4,38,0,42,0,6,44,0,50,4,0,4,54
03/29/2021,JEF,MO,ACE,CE,Federal Contract Tower,0,0,12,1,13,0,5,54,0,59,0,5,66,1,72,32,0,32,104
03/30/2021,JEF,MO,ACE,CE,Federal Contract Tower,0,1,10,0,11,0,0,31,8,39,0,1,41,8,50,28,0,28,78
03/31/2021,JEF,MO,ACE,CE,Federal Contract Tower,0,2,16,2,20,0,2,46,2,50,0,4,62,4,70,20,0,20,90
04/01/2021,JEF,MO,ACE,CE,Federal Contract Tower,0,0,10,0,10,0,0,52,4,56,0,0,62,4,66,68,0,68,134
04/02/2021,JEF,MO,ACE,CE,Federal Contract Tower,0,2,5,0,7,0,3,60,0,63,0,5,65,0,70,48,0,48,118
04/03/2021,JEF,MO,ACE,CE,Federal Contract Tower,0,0,3,1,4,0,0,26,1,27,0,0,29,2,31,32,0,32,63
04/04/2021,JEF,MO,ACE,CE,Federal Contract Tower,0,0,2,0,2,0,0,26,0,26,0,0,28,0,28,0,0,0,28
04/05/2021,JEF,MO,ACE,CE,Federal Contract Tower,0,0,11,0,11,0,4,44,2,50,0,4,55,2,61,46,6,52,113
04/06/2021,JEF,MO,ACE,CE,Federal Contract Tower,0,0,13,2,15,0,2,35,2,39,0,2,48,4,54,24,0,24,78
04/07/2021,JEF,MO,ACE,CE,Federal Contract Tower,0,0,10,0,10,0,0,3,0,3,0,0,13,0,13,0,0,0,13
04/08/2021,JEF,MO,ACE,CE,Federal Contract Tower,0,0,22,2,24,0,0,10,4,14,0,0,32,6,38,4,26,30,68
04/09/2021,JEF,MO,ACE,CE,Federal Contract Tower,0,0,18,3,21,0,4,53,6,63,0,4,71,9,84,96,16,112,196
04/10/2021,JEF,MO,ACE,CE,Federal Contract Tower,0,1,5,0,6,0,0,0,0,0,0,1,5,0,6,0,0,0,6
04/11/2021,JEF,MO,ACE,CE,Federal Contract Tower,0,0,10,0,10,0,5,35,3,43,0,5,45,3,53,16,0,16,69
04/12/2021,JEF,MO,ACE,CE,Federal Contract Tower,0,0,18,1,19,0,2,63,5,70,0,2,81,6,89,74,2,76,165
04/13/2021,JEF,MO,ACE,CE,Federal Contract Tower,0,2,13,0,15,0,0,75,6,81,0,2,88,6,96,60,0,60,156
04/14/2021,JEF,MO,ACE,CE,Federal Contract Tower,0,1,23,1,25,0,3,72,9,84,0,4,95,10,109,90,12,102,211
04/15/2021,JEF,MO,ACE,CE,Federal Contract Tower,0,1,30,0,31,0,0,50,11,61,0,1,80,11,92,72,36,108,200
04/16/2021,JEF,MO,ACE,CE,Federal Contract Tower,0,0,15,2,17,0,0,35,0,35,0,0,50,2,52,76,12,88,140
04/17/2021,JEF,MO,ACE,CE,Federal Contract Tower,0,2,1,0,3,0,0,14,0,14,0,2,15,0,17,4,0,4,21
04/18/2021,JEF,MO,ACE,CE,Federal Contract Tower,0,2,8,0,10,0,2,28,0,30,0,4,36,0,40,60,0,60,100
04/19/2021,JEF,MO,ACE,CE,Federal Contract Tower,0,4,8,0,12,0,7,48,5,60,0,11,56,5,72,52,0,52,124
04/20/2021,JEF,MO,ACE,CE,Federal Contract Tower,0,2,8,2,12,0,0,2,0,2,0,2,10,2,14,0,0,0,14
04/21/2021,JEF,MO,ACE,CE,Federal Contract Tower,0,0,16,0,16,0,2,33,1,36,0,2,49,1,52,24,4,28,80
04/22/2021,JEF,MO,ACE,CE,Federal Contract Tower,0,0,29,0,29,0,4,70,5,79,0,4,99,5,108,86,12,98,206
04/23/2021,JEF,MO,ACE,CE,Federal Contract Tower,0,0,11,2,13,0,2,23,2,27,0,2,34,4,40,10,12,22,62
04/24/2021,JEF,MO,ACE,CE,Federal Contract Tower,0,0,0,2,2,0,0,6,0,6,0,0,6,2,8,4,0,4,12
04/25/2021,JEF,MO,ACE,CE,Federal Contract Tower,0,0,13,0,13,0,6,45,2,53,0,6,58,2,66,22,0,22,88
04/26/2021,JEF,MO,ACE,CE,Federal Contract Tower,0,0,10,0,10,0,0,14,2,16,0,0,24,2,26,20,0,20,46
04/27/2021,JEF,MO,ACE,CE,Federal Contract Tower,0,0,15,2,17,0,0,40,4,44,0,0,55,6,61,18,0,18,79
04/28/2021,JEF,MO,ACE,CE,Federal Contract Tower,0,0,13,1,14,0,0,12,6,18,0,0,25,7,32,68,2,70,102
04/29/2021,JEF,MO,ACE,CE,Federal Contract Tower,0,3,22,5,30,0,0,28,10,38,0,3,50,15,68,14,2,16,84
04/30/2021,JEF,MO,ACE,CE,Federal Contract Tower,0,1,12,1,14,0,0,100,15,115,0,1,112,16,129,144,18,162,291
05/01/2021,JEF,MO,ACE,CE,Federal Contract Tower,0,1,5,1,7,0,0,20,5,25,0,1,25,6,32,10,0,10,42
05/02/2021,JEF,MO,ACE,CE,Federal Contract Tower,0,3,7,4,14,0,0,2,8,10,0,3,9,12,24,8,6,14,38
05/03/2021,JEF,MO,ACE,CE,Federal Contract Tower,0,4,16,2,22,0,2,36,1,39,0,6,52,3,61,44,0,44,105
05/04/2021,JEF,MO,ACE,CE,Federal Contract Tower,0,0,18,4,22,0,0,9,2,11,0,0,27,6,33,0,2,2,35
05/05/2021,JEF,MO,ACE,CE,Federal Contract Tower,0,2,22,1,25,0,4,66,5,75,0,6,88,6,100,72,0,72,172
05/06/2021,JEF,MO,ACE,CE,Federal Contract Tower,0,4,17,0,21,0,2,29,10,41,0,6,46,10,62,36,0,36,98
05/07/2021,JEF,MO,ACE,CE,Federal Contract Tower,0,0,21,4,25,0,2,26,7,35,0,2,47,11,60,42,0,42,102
05/08/2021,JEF,MO,ACE,CE,Federal Contract Tower,0,0,4,0,4,0,0,3,0,3,0,0,7,0,7,42,0,42,49
05/09/2021,JEF,MO,ACE,CE,Federal Contract Tower,0,0,14,0,14,0,0,0,0,0,0,0,14,0,14,2,0,2,16
05/10/2021,JEF,MO,ACE,CE,Federal Contract Tower,0,4,16,0,20,0,1,58,1,60,0,5,74,1,80,66,0,66,146
05/11/2021,JEF,MO,ACE,CE,Federal Contract Tower,0,0,14,0,14,0,0,42,0,42,0,0,56,0,56,32,0,32,88
05/12/2021,JEF,MO,ACE,CE,Federal Contract Tower,0,0,17,3,20,0,8,57,7,72,0,8,74,10,92,42,0,42,134
05/13/2021,JEF,MO,ACE,CE,Federal Contract Tower,0,0,29,0,29,0,2,62,21,85,0,2,91,21,114,90,18,108,222
05/14/2021,JEF,MO,ACE,CE,Federal Contract Tower,0,0,8,0,8,0,0,29,5,34,0,0,37,5,42,52,0,52,94
05/15/2021,JEF,MO,ACE,CE,Federal Contract Tower,0,0,7,0,7,0,0,10,0,10,0,0,17,0,17,4,0,4,21
05/16/2021,JEF,MO,ACE,CE,Federal Contract Tower,0,2,5,0,7,0,0,9,0,9,0,2,14,0,16,22,0,22,38
05/17/2021,JEF,MO,ACE,CE,Federal Contract Tower,0,0,20,0,20,0,0,0,0,0,0,0,20,0,20,0,0,0,20
05/18/2021,JEF,MO,ACE,CE,Federal Contract Tower,0,1,12,2,15,0,0,2,4,6,0,1,14,6,21,12,0,12,33
05/19/2021,JEF,MO,ACE,CE,Federal Contract Tower,0,2,19,0,21,0,1,19,10,30,0,3,38,10,51,10,0,10,61
05/20/2021,JEF,MO,ACE,CE,Federal Contract Tower,0,1,31,1,33,0,7,21,9,37,0,8,52,10,70,6,8,14,84
05/21/2021,JEF,MO,ACE,CE,Federal Contract Tower,0,0,20,0,20,0,0,31,2,33,0,0,51,2,53,100,0,100,153
05/22/2021,JEF,MO,ACE,CE,Federal Contract Tower,0,2,17,0,19,0,0,14,0,14,0,2,31,0,33,10,0,10,43
05/23/2021,JEF,MO,ACE,CE,Federal Contract Tower,0,0,7,0,7,0,2,38,2,42,0,2,45,2,49,36,0,36,85
05/24/2021,JEF,MO,ACE,CE,Federal Contract Tower,0,2,15,0,17,0,4,59,6,69,0,6,74,6,86,84,0,84,170
05/25/2021,JEF,MO,ACE,CE,Federal Contract Tower,0,3,15,4,22,0,0,10,4,14,0,3,25,8,36,8,0,8,44
05/26/2021,JEF,MO,ACE,CE,Federal Contract Tower,0,6,28,0,34,0,0,41,4,45,0,6,69,4,79,102,0,102,181
05/27/2021,JEF,MO,ACE,CE,Federal Contract Tower,0,6,4,0,10,0,0,8,0,8,0,6,12,0,18,0,0,0,18
05/28/2021,JEF,MO,ACE,CE,Federal Contract Tower,0,2,19,0,21,0,0,8,0,8,0,2,27,0,29,0,0,0,29
05/29/2021,JEF,MO,ACE,CE,Federal Contract Tower,0,0,15,0,15,0,0,22,0,22,0,0,37,0,37,12,0,12,49
05/30/2021,JEF,MO,ACE,CE,Federal Contract Tower,0,0,3,0,3,0,2,34,0,36,0,2,37,0,39,14,0,14,53
05/31/2021,JEF,MO,ACE,CE,Federal Contract Tower,0,0,7,0,7,0,0,13,0,13,0,0,20,0,20,24,0,24,44
06/01/2021,JEF,MO,ACE,CE,Federal Contract Tower,0,1,14,4,19,0,0,36,5,41,0,1,50,9,60,48,4,52,112
06/02/2021,JEF,MO,ACE,CE,Federal Contract Tower,0,1,14,7,22,0,4,22,3,29,0,5,36,10,51,68,10,78,129
06/03/2021,JEF,MO,ACE,CE,Federal Contract Tower,0,1,10,0,11,0,3,77,10,90,0,4,87,10,101,110,12,122,223
06/04/2021,JEF,MO,ACE,CE,Federal Contract Tower,0,1,19,2,22,0,2,81,3,86,0,3,100,5,108,62,12,74,182
06/05/2021,JEF,MO,ACE,CE,Federal Contract Tower,0,0,11,0,11,0,1,41,2,44,0,1,52,2,55,48,0,48,103
06/06/2021,JEF,MO,ACE,CE,Federal Contract Tower,0,0,9,0,9,0,0,15,0,15,0,0,24,0,24,48,0,48,72
06/07/2021,JEF,MO,ACE,CE,Federal Contract Tower,0,0,13,2,15,0,0,9,0,9,0,0,22,2,24,22,12,34,58
06/08/2021,JEF,MO,ACE,CE,Federal Contract Tower,0,0,19,2,21,0,0,20,5,25,0,0,39,7,46,46,2,48,94
06/09/2021,JEF,MO,ACE,CE,Federal Contract Tower,0,1,22,0,23,0,0,53,4,57,0,1,75,4,80,56,0,56,136
06/10/2021,JEF,MO,ACE,CE,Federal Contract Tower,0,2,32,3,37,0,0,64,7,71,0,2,96,10,108,78,0,78,186
06/11/2021,JEF,MO,ACE,CE,Federal Contract Tower,0,1,14,2,17,0,1,35,11,47,0,2,49,13,64,64,0,64,128
06/12/2021,JEF,MO,ACE,CE,Federal Contract Tower,0,0,3,0,3,0,5,20,1,26,0,5,23,1,29,36,0,36,65
06/13/2021,JEF,MO,ACE,CE,Federal Contract Tower,0,0,8,0,8,0,0,39,0,39,0,0,47,0,47,14,0,14,61
06/14/2021,JEF,MO,ACE,CE,Federal Contract Tower,0,0,7,0,7,0,6,41,9,56,0,6,48,9,63,66,0,66,129
06/15/2021,JEF,MO,ACE,CE,Federal Contract Tower,0,2,7,0,9,0,6,46,3,55,0,8,53,3,64,82,0,82,146
06/16/2021,JEF,MO,ACE,CE,Federal Contract Tower,0,4,17,0,21,0,5,75,3,83,0,9,92,3,104,170,0,170,274
06/17/2021,JEF,MO,ACE,CE,Federal Contract Tower,0,0,30,2,32,0,3,67,1,71,0,3,97,3,103,44,0,44,147
06/18/2021,JEF,MO,ACE,CE,Federal Contract Tower,0,0,3,0,3,0,0,9,0,9,0,0,12,0,12,0,0,0,12
06/19/2021,JEF,MO,ACE,CE,Federal Contract Tower,0,0,3,0,3,0,0,18,0,18,0,0,21,0,21,8,0,8,29
06/20/2021,JEF,MO,ACE,CE,Federal Contract Tower,0,0,5,0,5,0,2,23,0,25,0,2,28,0,30,0,0,0,30
06/21/2021,JEF,MO,ACE,CE,Federal Contract Tower,0,1,11,2,14,0,4,35,0,39,0,5,46,2,53,38,0,38,91
06/22/2021,JEF,MO,ACE,CE,Federal Contract Tower,0,23,2,0,25,0,2,71,0,73,0,25,73,0,98,36,0,36,134
06/23/2021,JEF,MO,ACE,CE,Federal Contract Tower,0,0,14,0,14,0,2,60,2,64,0,2,74,2,78,0,0,0,78
06/24/2021,JEF,MO,ACE,CE,Federal Contract Tower,0,0,7,2,9,0,0,17,2,19,0,0,24,4,28,58,0,58,86
06/25/2021,JEF,MO,ACE,CE,Federal Contract Tower,0,0,10,2,12,0,0,38,0,38,0,0,48,2,50,12,0,12,62
06/26/2021,JEF,MO,ACE,CE,Federal Contract Tower,0,0,5,0,5,0,0,6,0,6,0,0,11,0,11,0,0,0,11
06/27/2021,JEF,MO,ACE,CE,Federal Contract Tower,0,0,4,0,4,0,0,5,0,5,0,0,9,0,9,44,0,44,53
06/28/2021,JEF,MO,ACE,CE,Federal Contract Tower,0,2,11,1,14,0,0,13,1,14,0,2,24,2,28,6,0,6,34
06/29/2021,JEF,MO,ACE,CE,Federal Contract Tower,0,4,26,2,32,0,2,28,0,30,0,6,54,2,62,68,0,68,130
06/30/2021,JEF,MO,ACE,CE,Federal Contract Tower,0,1,19,0,20,0,0,23,3,26,0,1,42,3,46,66,0,66,112
07/01/2021,JEF,MO,ACE,CE,Federal Contract Tower,0,0,29,7,36,0,0,12,2,14,0,0,41,9,50,4,0,4,54
07/02/2021,JEF,MO,ACE,CE,Federal Contract Tower,0,0,21,0,21,0,13,47,3,63,0,13,68,3,84,112,0,112,196
07/03/2021,JEF,MO,ACE,CE,Federal Contract Tower,0,0,10,0,10,0,11,24,0,35,0,11,34,0,45,60,0,60,105
07/04/2021,JEF,MO,ACE,CE,Federal Contract Tower,0,0,1,0,1,0,0,12,0,12,0,0,13,0,13,14,0,14,27
07/05/2021,JEF,MO,ACE,CE,Federal Contract Tower,0,0,14,0,14,0,14,50,0,64,0,14,64,0,78,136,0,136,214
07/06/2021,JEF,MO,ACE,CE,Federal Contract Tower,0,0,12,0,12,0,10,45,2,57,0,10,57,2,69,94,0,94,163
07/07/2021,JEF,MO,ACE,CE,Federal Contract Tower,0,1,21,0,22,0,9,62,2,73,0,10,83,2,95,104,0,104,199
07/08/2021,JEF,MO,ACE,CE,Federal Contract Tower,0,3,41,1,45,0,0,27,4,31,0,3,68,5,76,56,0,56,132
07/09/2021,JEF,MO,ACE,CE,Federal Contract Tower,0,4,11,3,18,0,10,25,2,37,0,14,36,5,55,182,0,182,237
07/10/2021,JEF,MO,ACE,CE,Federal Contract Tower,0,0,9,0,9,0,0,1,0,1,0,0,10,0,10,0,0,0,10
07/11/2021,JEF,MO,ACE,CE,Federal Contract Tower,0,1,5,0,6,0,0,1,0,1,0,1,6,0,7,2,0,2,9
07/12/2021,JEF,MO,ACE,CE,Federal Contract Tower,0,2,21,4,27,0,0,12,2,14,0,2,33,6,41,16,0,16,57
07/13/2021,JEF,MO,ACE,CE,Federal Contract Tower,0,0,20,1,21,0,14,46,5,65,0,14,66,6,86,190,0,190,276
07/14/2021,JEF,MO,ACE,CE,Federal Contract Tower,0,1,19,2,22,0,4,59,7,70,0,5,78,9,92,94,0,94,186
07/15/2021,JEF,MO,ACE,CE,Federal Contract Tower,0,4,31,2,37,0,0,40,3,43,0,4,71,5,80,34,0,34,114
07/16/2021,JEF,MO,ACE,CE,Federal Contract Tower,0,1,19,6,26,0,2,27,2,31,0,3,46,8,57,70,0,70,127
07/17/2021,JEF,MO,ACE,CE,Federal Contract Tower,0,0,9,0,9,0,0,22,0,22,0,0,31,0,31,0,0,0,31
07/18/2021,JEF,MO,ACE,CE,Federal Contract Tower,0,0,7,2,9,0,7,29,0,36,0,7,36,2,45,22,2,24,69
07/19/2021,JEF,MO,ACE,CE,Federal Contract Tower,0,2,25,0,27,0,0,47,7,54,0,2,72,7,81,190,20,210,291
07/20/2021,JEF,MO,ACE,CE,Federal Contract Tower,0,6,25,1,32,0,2,59,9,70,0,8,84,10,102,204,0,204,306
07/21/2021,JEF,MO,ACE,CE,Federal Contract Tower,0,6,27,3,36,0,11,44,14,69,0,17,71,17,105,122,0,122,227
07/22/2021,JEF,MO,ACE,CE,Federal Contract Tower,0,7,22,1,30,0,4,55,8,67,0,11,77,9,97,146,4,150,247
07/23/2021,JEF,MO,ACE,CE,Federal Contract Tower,0,2,17,2,21,0,1,48,0,49,0,3,65,2,70,92,0,92,162
07/24/2021,JEF,MO,ACE,CE,Federal Contract Tower,0,0,9,0,9,0,6,45,0,51,0,6,54,0,60,32,0,32,92
07/25/2021,JEF,MO,ACE,CE,Federal Contract Tower,0,0,11,2,13,0,0,23,0,23,0,0,34,2,36,92,0,92,128
07/26/2021,JEF,MO,ACE,CE,Federal Contract Tower,0,2,13,2,17,0,2,52,0,54,0,4,65,2,71,56,0,56,127
07/27/2021,JEF,MO,ACE,CE,Federal Contract Tower,0,0,18,1,19,0,1,54,4,59,0,1,72,5,78,48,0,48,126
07/28/2021,JEF,MO,ACE,CE,Federal Contract Tower,0,2,15,0,17,0,0,64,4,68,0,2,79,4,85,100,0,100,185
07/29/2021,JEF,MO,ACE,CE,Federal Contract Tower,0,4,11,3,18,0,2,62,6,70,0,6,73,9,88,48,0,48,136
07/30/2021,JEF,MO,ACE,CE,Federal Contract Tower,0,2,10,11,23,0,0,33,8,41,0,2,43,19,64,50,14,64,128
07/31/2021,JEF,MO,ACE,CE,Federal Contract Tower,0,0,6,1,7,0,0,9,0,9,0,0,15,1,16,26,0,26,42
08/01/2021,JEF,MO,ACE,CE,Federal Contract Tower,0,2,15,0,17,0,0,40,0,40,0,2,55,0,57,2,0,2,59
08/02/2021,JEF,MO,ACE,CE,Federal Contract Tower,0,3,15,1,19,0,0,46,8,54,0,3,61,9,73,108,0,108,181
08/03/2021,JEF,MO,ACE,CE,Federal Contract Tower,0,1,20,0,21,0,2,55,8,65,0,3,75,8,86,106,0,106,192
08/04/2021,JEF,MO,ACE,CE,Federal Contract Tower,0,0,18,2,20,0,0,46,4,50,0,0,64,6,70,106,12,118,188
08/05/2021,JEF,MO,ACE,CE,Federal Contract Tower,0,0,26,1,27,0,2,40,8,50,0,2,66,9,77,36,0,36,113
08/06/2021,JEF,MO,ACE,CE,Federal Contract Tower,0,0,11,0,11,0,0,57,7,64,0,0,68,7,75,134,0,134,209
08/07/2021,JEF,MO,ACE,CE,Federal Contract Tower,0,0,5,0,5,0,0,31,0,31,0,0,36,0,36,4,0,4,40
08/08/2021,JEF,MO,ACE,CE,Federal Contract Tower,0,0,8,0,8,0,0,11,0,11,0,0,19,0,19,0,0,0,19
08/09/2021,JEF,MO,ACE,CE,Federal Contract Tower,0,0,21,0,21,0,4,19,2,25,0,4,40,2,46,20,0,20,66
08/10/2021,JEF,MO,ACE,CE,Federal Contract Tower,0,2,14,2,18,0,4,17,8,29,0,6,31,10,47,16,0,16,63
08/11/2021,JEF,MO,ACE,CE,Federal Contract Tower,0,3,12,3,18,0,3,31,4,38,0,6,43,7,56,8,0,8,64
08/12/2021,JEF,MO,ACE,CE,Federal Contract Tower,0,0,19,0,19,0,0,23,8,31,0,0,42,8,50,10,0,10,60
08/13/2021,JEF,MO,ACE,CE,Federal Contract Tower,0,0,15,0,15,0,0,33,9,42,0,0,48,9,57,110,0,110,167
08/14/2021,JEF,MO,ACE,CE,Federal Contract Tower,0,0,12,2,14,0,2,43,0,45,0,2,55,2,59,30,0,30,89
08/15/2021,JEF,MO,ACE,CE,Federal Contract Tower,0,1,5,0,6,0,1,69,0,70,0,2,74,0,76,46,0,46,122
08/16/2021,JEF,MO,ACE,CE,Federal Contract Tower,0,0,10,3,13,0,1,71,8,80,0,1,81,11,93,110,2,112,205
08/17/2021,JEF,MO,ACE,CE,Federal Contract Tower,0,2,20,0,22,0,2,75,4,81,0,4,95,4,103,60,0,60,163
08/18/2021,JEF,MO,ACE,CE,Federal Contract Tower,0,0,22,0,22,0,0,47,9,56,0,0,69,9,78,66,18,84,162
08/19/2021,JEF,MO,ACE,CE,Federal Contract Tower,0,0,32,4,36,0,0,20,6,26,0,0,52,10,62,20,0,20,82
08/20/2021,JEF,MO,ACE,CE,Federal Contract Tower,0,0,18,6,24,0,2,39,7,48,0,2,57,13,72,42,0,42,114
08/21/2021,JEF,MO,ACE,CE,Federal Contract Tower,0,0,8,0,8,0,0,23,0,23,0,0,31,0,31,14,0,14,45
08/22/2021,JEF,MO,ACE,CE,Federal Contract Tower,0,1,8,0,9,0,10,36,0,46,0,11,44,0,55,48,0,48,103
08/23/2021,JEF,MO,ACE,CE,Federal Contract Tower,0,0,10,2,12,0,2,28,4,34,0,2,38,6,46,24,0,24,70
08/24/2021,JEF,MO,ACE,CE,Federal Contract Tower,0,2,14,2,18,0,2,55,0,57,0,4,69,2,75,22,0,22,97
08/25/2021,JEF,MO,ACE,CE,Federal Contract Tower,0,0,17,2,19,0,4,43,2,49,0,4,60,4,68,26,0,26,94
08/26/2021,JEF,MO,ACE,CE,Federal Contract Tower,0,0,16,2,18,0,5,63,4,72,0,5,79,6,90,50,0,50,140
08/27/2021,JEF,MO,ACE,CE,Federal Contract Tower,0,0,9,1,10,0,2,70,4,76,0,2,79,5,86,58,0,58,144
08/28/2021,JEF,MO,ACE,CE,Federal Contract Tower,0,0,14,1,15,0,0,42,1,43,0,0,56,2,58,48,12,60,118
08/29/2021,JEF,MO,ACE,CE,Federal Contract Tower,0,0,14,0,14,0,0,28,0,28,0,0,42,0,42,24,0,24,66
08/30/2021,JEF,MO,ACE,CE,Federal Contract Tower,0,2,15,0,17,0,0,43,7,50,0,2,58,7,67,54,0,54,121
08/31/2021,JEF,MO,ACE,CE,Federal Contract Tower,0,2,12,2,16,0,5,26,7,38,0,7,38,9,54,28,14,42,96
09/01/2021,JEF,MO,ACE,CE,Federal Contract Tower,0,4,8,0,12,0,0,51,6,57,0,4,59,6,69,184,4,188,257
09/02/2021,JEF,MO,ACE,CE,Federal Contract Tower,0,0,20,4,24,0,2,87,9,98,0,2,107,13,122,122,6,128,250
09/03/2021,JEF,MO,ACE,CE,Federal Contract Tower,0,0,18,0,18,0,0,37,0,37,0,0,55,0,55,124,0,124,179
09/04/2021,JEF,MO,ACE,CE,Federal Contract Tower,0,0,3,0,3,0,0,0,0,0,0,0,3,0,3,0,0,0,3
09/05/2021,JEF,MO,ACE,CE,Federal Contract Tower,0,1,1,0,2,0,2,20,0,22,0,3,21,0,24,28,0,28,52
09/06/2021,JEF,MO,ACE,CE,Federal Contract Tower,0,0,12,0,12,0,0,61,0,61,0,0,73,0,73,62,0,62,135
09/07/2021,JEF,MO,ACE,CE,Federal Contract Tower,0,1,11,2,14,0,2,48,8,58,0,3,59,10,72,58,48,106,178
09/08/2021,JEF,MO,ACE,CE,Federal Contract Tower,0,0,14,6,20,0,2,72,2,76,0,2,86,8,96,62,6,68,164
09/09/2021,JEF,MO,ACE,CE,Federal Contract Tower,0,6,20,1,27,0,0,62,7,69,0,6,82,8,96,94,36,130,226
09/10/2021,JEF,MO,ACE,CE,Federal Contract Tower,0,2,19,14,35,0,6,43,10,59,0,8,62,24,94,38,24,62,156
09/11/2021,JEF,MO,ACE,CE,Federal Contract Tower,0,2,3,2,7,0,5,51,10,66,0,7,54,12,73,44,0,44,117
09/12/2021,JEF,MO,ACE,CE,Federal Contract Tower,0,5,8,0,13,0,0,43,8,51,0,5,51,8,64,60,0,60,124
09/13/2021,JEF,MO,ACE,CE,Federal Contract Tower,0,0,11,0,11,0,6,17,6,29,0,6,28,6,40,30,12,42,82
09/14/2021,JEF,MO,ACE,CE,Federal Contract Tower,0,0,16,3,19,0,2,25,2,29,0,2,41,5,48,18,4,22,70
09/15/2021,JEF,MO,ACE,CE,Federal Contract Tower,0,2,23,1,26,0,4,57,12,73,0,6,80,13,99,98,0,98,197
09/16/2021,JEF,MO,ACE,CE,Federal Contract Tower,0,2,22,2,26,0,2,74,8,84,0,4,96,10,110,46,0,46,156
09/17/2021,JEF,MO,ACE,CE,Federal Contract Tower,0,6,16,2,24,0,16,80,14,110,0,22,96,16,134,156,0,156,290
09/18/2021,JEF,MO,ACE,CE,Federal Contract Tower,0,1,13,0,14,0,0,113,22,135,0,1,126,22,149,74,2,76,225
09/19/2021,JEF,MO,ACE,CE,Federal Contract Tower,0,2,21,2,25,0,3,25,1,29,0,5,46,3,54,16,0,16,70
09/20/2021,JEF,MO,ACE,CE,Federal Contract Tower,0,2,19,0,21,0,3,25,0,28,0,5,44,0,49,26,0,26,75
09/21/2021,JEF,MO,ACE,CE,Federal Contract Tower,0,2,28,2,32,0,4,20,2,26,0,6,48,4,58,76,0,76,134
09/22/2021,JEF,MO,ACE,CE,Federal Contract Tower,0,0,21,2,23,0,3,58,14,75,0,3,79,16,98,32,24,56,154
09/23/2021,JEF,MO,ACE,CE,Federal Contract Tower,0,2,33,2,37,0,9,91,2,102,0,11,124,4,139,42,0,42,181
09/24/2021,JEF,MO,ACE,CE,Federal Contract Tower,0,2,17,3,22,0,0,59,7,66,0,2,76,10,88,46,0,46,134
09/25/2021,JEF,MO,ACE,CE,Federal Contract Tower,0,0,17,0,17,0,6,54,2,62,0,6,71,2,79,44,0,44,123
09/26/2021,JEF,MO,ACE,CE,Federal Contract Tower,0,0,9,0,9,0,0,29,0,29,0,0,38,0,38,22,0,22,60
09/27/2021,JEF,MO,ACE,CE,Federal Contract Tower,0,0,13,2,15,0,2,31,0,33,0,2,44,2,48,20,0,20,68
09/28/2021,JEF,MO,ACE,CE,Federal Contract Tower,0,0,11,3,14,0,0,37,6,43,0,0,48,9,57,37,12,49,106
09/29/2021,JEF,MO,ACE,CE,Federal Contract Tower,0,0,16,1,17,0,0,35,0,35,0,0,51,1,52,46,0,46,98
09/30/2021,JEF,MO,ACE,CE,Federal Contract Tower,0,2,17,1,20,0,0,42,2,44,0,2,59,3,64,16,0,16,80
10/01/2021,JEF,MO,ACE,CE,Federal Contract Tower,0,0,18,3,21,0,0,19,1,20,0,0,37,4,41,20,0,20,61
10/02/2021,JEF,MO,ACE,CE,Federal Contract Tower,0,2,6,1,9,0,0,2,0,2,0,2,8,1,11,0,0,0,11
10/03/2021,JEF,MO,ACE,CE,Federal Contract Tower,0,0,23,5,28,0,0,4,4,8,0,0,27,9,36,0,0,0,36
10/04/2021,JEF,MO,ACE,CE,Federal Contract Tower,0,0,15,0,15,0,11,57,4,72,0,11,72,4,87,58,0,58,145
10/05/2021,JEF,MO,ACE,CE,Federal Contract Tower,0,0,28,0,28,0,0,20,0,20,0,0,48,0,48,80,0,80,128
10/06/2021,JEF,MO,ACE,CE,Federal Contract Tower,0,0,35,0,35,0,0,4,0,4,0,0,39,0,39,0,0,0,39
10/07/2021,JEF,MO,ACE,CE,Federal Contract Tower,0,0,24,1,25,0,0,15,2,17,0,0,39,3,42,4,0,4,46
10/08/2021,JEF,MO,ACE,CE,Federal Contract Tower,0,2,28,0,30,0,0,74,2,76,0,2,102,2,106,171,0,171,277
10/09/2021,JEF,MO,ACE,CE,Federal Contract Tower,0,0,10,0,10,0,0,42,3,45,0,0,52,3,55,72,0,72,127
10/10/2021,JEF,MO,ACE,CE,Federal Contract Tower,0,0,19,0,19,0,0,15,0,15,0,0,34,0,34,50,0,50,84
10/11/2021,JEF,MO,ACE,CE,Federal Contract Tower,0,0,11,0,11,0,0,0,0,0,0,0,11,0,11,0,0,0,11
10/12/2021,JEF,MO,ACE,CE,Federal Contract Tower,0,0,23,0,23,0,1,88,4,93,0,1,111,4,116,144,0,144,260
10/13/2021,JEF,MO,ACE,CE,Federal Contract Tower,0,4,21,2,27,0,1,17,0,18,0,5,38,2,45,6,0,6,51
10/14/2021,JEF,MO,ACE,CE,Federal Contract Tower,0,0,23,0,23,0,0,29,4,33,0,0,52,4,56,134,4,138,194
10/15/2021,JEF,MO,ACE,CE,Federal Contract Tower,0,0,35,2,37,0,0,12,0,12,0,0,47,2,49,44,0,44,93
10/16/2021,JEF,MO,ACE,CE,Federal Contract Tower,0,2,11,0,13,0,2,59,0,61,0,4,70,0,74,100,0,100,174
10/17/2021,JEF,MO,ACE,CE,Federal Contract Tower,0,3,6,0,9,0,2,82,0,84,0,5,88,0,93,38,0,38,131
10/18/2021,JEF,MO,ACE,CE,Federal Contract Tower,0,2,19,0,21,0,0,53,0,53,0,2,72,0,74,118,0,118,192
10/19/2021,JEF,MO,ACE,CE,Federal Contract Tower,0,0,20,0,20,0,6,79,2,87,0,6,99,2,107,114,0,114,221
10/20/2021,JEF,MO,ACE,CE,Federal Contract Tower,0,2,21,0,23,0,2,41,2,45,0,4,62,2,68,56,2,58,126
10/21/2021,JEF,MO,ACE,CE,Federal Contract Tower,0,1,22,0,23,0,0,31,4,35,0,1,53,4,58,80,0,80,138
10/22/2021,JEF,MO,ACE,CE,Federal Contract Tower,0,0,25,1,26,0,2,49,1,52,0,2,74,2,78,114,0,114,192
10/23/2021,JEF,MO,ACE,CE,Federal Contract Tower,0,4,9,0,13,0,0,4,0,4,0,4,13,0,17,0,0,0,17
10/24/2021,JEF,MO,ACE,CE,Federal Contract Tower,0,2,5,0,7,0,0,0,0,0,0,2,5,0,7,0,0,0,7
10/25/2021,JEF,MO,ACE,CE,Federal Contract Tower,0,0,27,0,27,0,2,23,0,25,0,2,50,0,52,86,0,86,138
10/26/2021,JEF,MO,ACE,CE,Federal Contract Tower,0,9,25,3,37,0,4,47,9,60,0,13,72,12,97,54,0,54,151
10/27/2021,JEF,MO,ACE,CE,Federal Contract Tower,0,0,15,2,17,0,2,25,2,29,0,2,40,4,46,6,0,6,52
10/28/2021,JEF,MO,ACE,CE,Federal Contract Tower,0,1,23,1,25,0,0,0,0,0,0,1,23,1,25,0,0,0,25
10/29/2021,JEF,MO,ACE,CE,Federal Contract Tower,0,0,17,3,20,0,0,0,0,0,0,0,17,3,20,0,0,0,20
10/30/2021,JEF,MO,ACE,CE,Federal Contract Tower,0,0,13,0,13,0,0,48,0,48,0,0,61,0,61,20,0,20,81
10/31/2021,JEF,MO,ACE,CE,Federal Contract Tower,0,0,13,0,13,0,0,22,0,22,0,0,35,0,35,36,0,36,71
11/01/2021,JEF,MO,ACE,CE,Federal Contract Tower,0,0,12,2,14,0,5,26,0,31,0,5,38,2,45,38,0,38,83
11/02/2021,JEF,MO,ACE,CE,Federal Contract Tower,0,0,16,3,19,0,2,59,5,66,0,2,75,8,85,74,0,74,159
11/03/2021,JEF,MO,ACE,CE,Federal Contract Tower,0,1,24,0,25,0,1,81,2,84,0,2,105,2,109,116,0,116,225
11/04/2021,JEF,MO,ACE,CE,Federal Contract Tower,0,1,14,0,15,0,2,57,4,63,0,3,71,4,78,94,4,98,176
11/05/2021,JEF,MO,ACE,CE,Federal Contract Tower,0,4,21,0,25,0,0,57,2,59,0,4,78,2,84,76,0,76,160
11/06/2021,JEF,MO,ACE,CE,Federal Contract Tower,0,4,4,4,12,0,6,75,9,90,0,10,79,13,102,62,6,68,170
11/07/2021,JEF,MO,ACE,CE,Federal Contract Tower,0,4,7,0,11,0,2,54,0,56,0,6,61,0,67,84,0,84,151
11/08/2021,JEF,MO,ACE,CE,Federal Contract Tower,0,2,22,0,24,0,4,55,0,59,0,6,77,0,83,60,0,60,143
11/09/2021,JEF,MO,ACE,CE,Federal Contract Tower,0,6,20,3,29,0,4,59,2,65,0,10,79,5,94,60,0,60,154
11/10/2021,JEF,MO,ACE,CE,Federal Contract Tower,0,0,23,3,26,0,2,48,6,56,0,2,71,9,82,94,2,96,178
11/11/2021,JEF,MO,ACE,CE,Federal Contract Tower,0,0,24,0,24,0,0,30,0,30,0,0,54,0,54,10,0,10,64
11/12/2021,JEF,MO,ACE,CE,Federal Contract Tower,0,0,8,0,8,0,0,17,8,25,0,0,25,8,33,0,10,10,43
11/13/2021,JEF,MO,ACE,CE,Federal Contract Tower,0,0,8,0,8,0,0,54,0,54,0,0,62,0,62,16,0,16,78
11/14/2021,JEF,MO,ACE,CE,Federal Contract Tower,0,2,3,0,5,0,0,20,0,20,0,2,23,0,25,12,0,12,37
11/15/2021,JEF,MO,ACE,CE,Federal Contract Tower,0,4,15,2,21,0,0,23,5,28,0,4,38,7,49,12,2,14,63
11/16/2021,JEF,MO,ACE,CE,Federal Contract Tower,0,8,22,1,31,0,2,55,12,69,0,10,77,13,100,58,12,70,170
11/17/2021,JEF,MO,ACE,CE,Federal Contract Tower,0,0,31,5,36,0,2,13,3,18,0,2,44,8,54,8,6,14,68
11/18/2021,JEF,MO,ACE,CE,Federal Contract Tower,0,2,20,3,25,0,0,27,11,38,0,2,47,14,63,14,18,32,95
11/19/2021,JEF,MO,ACE,CE,Federal Contract Tower,0,2,8,1,11,0,0,51,5,56,0,2,59,6,67,62,0,62,129
11/20/2021,JEF,MO,ACE,CE,Federal Contract Tower,0,2,10,0,12,0,2,67,0,69,0,4,77,0,81,76,0,76,157
11/21/2021,JEF,MO,ACE,CE,Federal Contract Tower,0,0,10,0,10,0,0,58,0,58,0,0,68,0,68,50,0,50,118
11/22/2021,JEF,MO,ACE,CE,Federal Contract Tower,0,1,20,0,21,0,11,33,0,44,0,12,53,0,65,46,0,46,111
11/23/2021,JEF,MO,ACE,CE,Federal Contract Tower,0,2,21,3,26,0,2,47,6,55,0,4,68,9,81,80,0,80,161
11/24/2021,JEF,MO,ACE,CE,Federal Contract Tower,0,0,11,0,11,0,2,11,0,13,0,2,22,0,24,2,0,2,26
11/25/2021,JEF,MO,ACE,CE,Federal Contract Tower,0,0,1,0,1,0,1,0,0,1,0,1,1,0,2,0,0,0,2
11/26/2021,JEF,MO,ACE,CE,Federal Contract Tower,0,0,12,0,12,0,2,33,0,35,0,2,45,0,47,20,0,20,67
11/27/2021,JEF,MO,ACE,CE,Federal Contract Tower,0,0,3,0,3,0,0,35,0,35,0,0,38,0,38,28,0,28,66
11/28/2021,JEF,MO,ACE,CE,Federal Contract Tower,0,0,16,0,16,0,0,55,0,55,0,0,71,0,71,38,0,38,109
11/29/2021,JEF,MO,ACE,CE,Federal Contract Tower,0,0,24,0,24,0,2,54,0,56,0,2,78,0,80,18,0,18,98
11/30/2021,JEF,MO,ACE,CE,Federal Contract Tower,0,2,28,2,32,0,4,51,2,57,0,6,79,4,89,98,0,98,187
12/01/2021,JEF,MO,ACE,CE,Federal Contract Tower,0,1,32,3,36,0,3,38,6,47,0,4,70,9,83,84,12,96,179
12/02/2021,JEF,MO,ACE,CE,Federal Contract Tower,0,0,21,3,24,0,2,58,3,63,0,2,79,6,87,32,0,32,119
12/03/2021,JEF,MO,ACE,CE,Federal Contract Tower,0,0,21,2,23,0,0,62,0,62,0,0,83,2,85,40,0,40,125
12/04/2021,JEF,MO,ACE,CE,Federal Contract Tower,0,0,7,1,8,0,0,42,4,46,0,0,49,5,54,44,0,44,98
12/05/2021,JEF,MO,ACE,CE,Federal Contract Tower,0,0,13,1,14,0,2,15,2,19,0,2,28,3,33,64,0,64,97
12/06/2021,JEF,MO,ACE,CE,Federal Contract Tower,0,0,13,2,15,0,2,28,0,30,0,2,41,2,45,0,0,0,45
12/07/2021,JEF,MO,ACE,CE,Federal Contract Tower,0,2,24,2,28,0,0,24,2,26,0,2,48,4,54,140,0,140,194
12/08/2021,JEF,MO,ACE,CE,Federal Contract Tower,0,0,18,2,20,0,7,53,0,60,0,7,71,2,80,92,0,92,172
12/09/2021,JEF,MO,ACE,CE,Federal Contract Tower,0,4,19,2,25,0,4,22,9,35,0,8,41,11,60,6,0,6,66
12/10/2021,JEF,MO,ACE,CE,Federal Contract Tower,0,2,22,0,24,0,0,3,0,3,0,2,25,0,27,0,0,0,27
12/11/2021,JEF,MO,ACE,CE,Federal Contract Tower,0,0,6,0,6,0,0,10,0,10,0,0,16,0,16,34,0,34,50
12/12/2021,JEF,MO,ACE,CE,Federal Contract Tower,0,2,12,0,14,0,0,21,0,21,0,2,33,0,35,74,0,74,109
12/13/2021,JEF,MO,ACE,CE,Federal Contract Tower,0,1,17,2,20,0,13,39,0,52,0,14,56,2,72,70,0,70,142
12/14/2021,JEF,MO,ACE,CE,Federal Contract Tower,0,1,37,3,41,0,0,15,7,22,0,1,52,10,63,20,0,20,83
12/15/2021,JEF,MO,ACE,CE,Federal Contract Tower,0,0,16,2,18,0,0,6,4,10,0,0,22,6,28,0,0,0,28
12/16/2021,JEF,MO,ACE,CE,Federal Contract Tower,0,2,16,1,19,0,4,62,11,77,0,6,78,12,96,66,2,68,164
12/17/2021,JEF,MO,ACE,CE,Federal Contract Tower,0,1,15,3,19,0,0,8,2,10,0,1,23,5,29,2,0,2,31
12/18/2021,JEF,MO,ACE,CE,Federal Contract Tower,0,0,6,0,6,0,0,31,0,31,0,0,37,0,37,20,0,20,57
12/19/2021,JEF,MO,ACE,CE,Federal Contract Tower,0,2,17,0,19,0,7,28,0,35,0,9,45,0,54,4,0,4,58
12/20/2021,JEF,MO,ACE,CE,Federal Contract Tower,0,1,17,2,20,0,4,40,4,48,0,5,57,6,68,62,0,62,130
12/21/2021,JEF,MO,ACE,CE,Federal Contract Tower,0,0,16,2,18,0,2,44,4,50,0,2,60,6,68,38,0,38,106
12/22/2021,JEF,MO,ACE,CE,Federal Contract Tower,0,0,16,0,16,0,2,37,0,39,0,2,53,0,55,18,0,18,73
12/23/2021,JEF,MO,ACE,CE,Federal Contract Tower,0,0,15,0,15,0,1,26,0,27,0,1,41,0,42,42,0,42,84
12/24/2021,JEF,MO,ACE,CE,Federal Contract Tower,0,0,1,0,1,0,0,12,0,12,0,0,13,0,13,2,0,2,15
12/25/2021,JEF,MO,ACE,CE,Federal Contract Tower,0,0,2,0,2,0,0,0,0,0,0,0,2,0,2,0,0,0,2
12/26/2021,JEF,MO,ACE,CE,Federal Contract Tower,0,0,7,0,7,0,0,5,0,5,0,0,12,0,12,0,0,0,12
12/27/2021,JEF,MO,ACE,CE,Federal Contract Tower,0,0,15,0,15,0,2,24,0,26,0,2,39,0,41,56,0,56,97
12/28/2021,JEF,MO,ACE,CE,Federal Contract Tower,0,0,10,2,12,0,0,0,0,0,0,0,10,2,12,0,0,0,12
12/29/2021,JEF,MO,ACE,CE,Federal Contract Tower,0,2,9,5,16,0,0,2,1,3,0,2,11,6,19,30,0,30,49
12/30/2021,JEF,MO,ACE,CE,Federal Contract Tower,0,0,15,0,15,0,0,8,0,8,0,0,23,0,23,14,0,14,37
12/31/2021,JEF,MO,ACE,CE,Federal Contract Tower,0,0,6,0,6,0,0,39,0,39,0,0,45,0,45,72,0,72,117
01/01/2022,JEF,MO,ACE,CE,Federal Contract Tower,0,0,3,0,3,0,0,0,0,0,0,0,3,0,3,0,0,0,3
01/02/2022,JEF,MO,ACE,CE,Federal Contract Tower,0,2,11,0,13,0,0,1,0,1,0,2,12,0,14,4,0,4,18
01/03/2022,JEF,MO,ACE,CE,Federal Contract Tower,0,1,10,2,13,0,6,29,6,41,0,7,39,8,54,46,0,46,100
01/04/2022,JEF,MO,ACE,CE,Federal Contract Tower,0,4,17,4,25,0,0,36,0,36,0,4,53,4,61,40,0,40,101
01/05/2022,JEF,MO,ACE,CE,Federal Contract Tower,0,0,11,0,11,0,0,21,0,21,0,0,32,0,32,54,0,54,86
01/06/2022,JEF,MO,ACE,CE,Federal Contract Tower,0,4,11,1,16,0,0,13,1,14,0,4,24,2,30,6,0,6,36
01/07/2022,JEF,MO,ACE,CE,Federal Contract Tower,0,3,12,0,15,0,2,40,2,44,0,5,52,2,59,78,0,78,137
01/08/2022,JEF,MO,ACE,CE,Federal Contract Tower,0,0,2,3,5,0,0,0,1,1,0,0,2,4,6,0,6,6,12
01/09/2022,JEF,MO,ACE,CE,Federal Contract Tower,0,2,5,2,9,0,0,20,0,20,0,2,25,2,29,30,0,30,59
01/10/2022,JEF,MO,ACE,CE,Federal Contract Tower,0,0,11,0,11,0,2,52,0,54,0,2,63,0,65,42,0,42,107
01/11/2022,JEF,MO,ACE,CE,Federal Contract Tower,0,0,13,1,14,0,2,38,4,44,0,2,51,5,58,44,0,44,102
01/12/2022,JEF,MO,ACE,CE,Federal Contract Tower,0,0,27,0,27,0,0,55,2,57,0,0,82,2,84,42,0,42,126
01/13/2022,JEF,MO,ACE,CE,Federal Contract Tower,0,0,12,3,15,0,2,78,14,94,0,2,90,17,109,80,0,80,189
01/14/2022,JEF,MO,ACE,CE,Federal Contract Tower,0,0,15,2,17,0,0,19,0,19,0,0,34,2,36,2,2,4,40
01/15/2022,JEF,MO,ACE,CE,Federal Contract Tower,0,0,2,0,2,0,0,0,0,0,0,0,2,0,2,0,0,0,2
01/16/2022,JEF,MO,ACE,CE,Federal Contract Tower,0,0,1,0,1,0,0,0,0,0,0,0,1,0,1,0,0,0,1
01/17/2022,JEF,MO,ACE,CE,Federal Contract Tower,0,0,8,0,8,0,1,23,0,24,0,1,31,0,32,84,0,84,116
01/18/2022,JEF,MO,ACE,CE,Federal Contract Tower,0,0,14,5,19,0,0,42,7,49,0,0,56,12,68,80,2,82,150
01/19/2022,JEF,MO,ACE,CE,Federal Contract Tower,0,0,28,3,31,0,1,18,7,26,0,1,46,10,57,12,0,12,69
01/20/2022,JEF,MO,ACE,CE,Federal Contract Tower,0,0,11,1,12,0,0,24,2,26,0,0,35,3,38,50,10,60,98
01/21/2022,JEF,MO,ACE,CE,Federal Contract Tower,0,5,14,2,21,0,10,49,0,59,0,15,63,2,80,76,6,82,162
01/22/2022,JEF,MO,ACE,CE,Federal Contract Tower,0,0,9,2,11,0,2,52,0,54,0,2,61,2,65,38,0,38,103
01/23/2022,JEF,MO,ACE,CE,Federal Contract Tower,0,2,4,0,6,0,2,7,0,9,0,4,11,0,15,20,0,20,35
01/24/2022,JEF,MO,ACE,CE,Federal Contract Tower,0,4,20,0,24,0,0,32,0,32,0,4,52,0,56,88,0,88,144
01/25/2022,JEF,MO,ACE,CE,Federal Contract Tower,0,0,14,0,14,0,0,46,0,46,0,0,60,0,60,86,0,86,146
01/26/2022,JEF,MO,ACE,CE,Federal Contract Tower,0,2,21,2,25,0,8,49,2,59,0,10,70,4,84,86,0,86,170
01/27/2022,JEF,MO,ACE,CE,Federal Contract Tower,0,0,25,2,27,0,1,22,5,28,0,1,47,7,55,12,0,12,67
01/28/2022,JEF,MO,ACE,CE,Federal Contract Tower,0,0,23,3,26,0,2,45,9,56,0,2,68,12,82,40,0,40,122
01/29/2022,JEF,MO,ACE,CE,Federal Contract Tower,0,0,12,0,12,0,2,48,1,51,0,2,60,1,63,66,0,66,129
01/30/2022,JEF,MO,ACE,CE,Federal Contract Tower,0,0,11,0,11,0,0,45,0,45,0,0,56,0,56,106,0,106,162
01/31/2022,JEF,MO,ACE,CE,Federal Contract Tower,0,0,15,2,17,0,9,71,5,85,0,9,86,7,102,68,0,68,170
02/01/2022,JEF,MO,ACE,CE,Federal Contract Tower,0,2,21,0,23,0,0,5,2,7,0,2,26,2,30,2,0,2,32
02/02/2022,JEF,MO,ACE,CE,Federal Contract Tower,0,0,0,0,0,0,0,0,0,0,0,0,0,0,0,0,0,0,0
02/03/2022,JEF,MO,ACE,CE,Federal Contract Tower,0,0,0,0,0,0,0,0,0,0,0,0,0,0,0,0,0,0,0
02/04/2022,JEF,MO,ACE,CE,Federal Contract Tower,0,0,5,0,5,0,0,5,0,5,0,0,10,0,10,0,0,0,10
02/05/2022,JEF,MO,ACE,CE,Federal Contract Tower,0,0,4,2,6,0,2,12,0,14,0,2,16,2,20,6,0,6,26
02/06/2022,JEF,MO,ACE,CE,Federal Contract Tower,0,0,12,0,12,0,0,37,0,37,0,0,49,0,49,16,0,16,65
02/07/2022,JEF,MO,ACE,CE,Federal Contract Tower,0,0,10,0,10,0,2,36,11,49,0,2,46,11,59,66,18,84,143
02/08/2022,JEF,MO,ACE,CE,Federal Contract Tower,0,7,17,2,26,0,2,45,4,51,0,9,62,6,77,134,0,134,211
02/09/2022,JEF,MO,ACE,CE,Federal Contract Tower,0,1,12,4,17,0,1,32,1,34,0,2,44,5,51,64,0,64,115
02/10/2022,JEF,MO,ACE,CE,Federal Contract Tower,0,2,17,2,21,0,0,58,4,62,0,2,75,6,83,78,0,78,161
02/11/2022,JEF,MO,ACE,CE,Federal Contract Tower,0,1,25,0,26,0,0,21,1,22,0,1,46,1,48,24,0,24,72
02/12/2022,JEF,MO,ACE,CE,Federal Contract Tower,0,0,5,0,5,0,3,41,0,44,0,3,46,0,49,110,0,110,159
02/13/2022,JEF,MO,ACE,CE,Federal Contract Tower,0,4,5,0,9,0,0,29,0,29,0,4,34,0,38,28,0,28,66
02/14/2022,JEF,MO,ACE,CE,Federal Contract Tower,0,0,13,0,13,0,9,40,0,49,0,9,53,0,62,80,0,80,142
02/15/2022,JEF,MO,ACE,CE,Federal Contract Tower,0,2,17,2,21,0,0,47,8,55,0,2,64,10,76,34,0,34,110
02/16/2022,JEF,MO,ACE,CE,Federal Contract Tower,0,0,22,2,24,0,0,6,0,6,0,0,28,2,30,0,0,0,30
02/17/2022,JEF,MO,ACE,CE,Federal Contract Tower,0,0,0,0,0,0,0,0,0,0,0,0,0,0,0,0,0,0,0
02/18/2022,JEF,MO,ACE,CE,Federal Contract Tower,0,2,16,0,18,0,0,8,0,8,0,2,24,0,26,0,0,0,26
02/19/2022,JEF,MO,ACE,CE,Federal Contract Tower,0,1,13,0,14,0,4,47,0,51,0,5,60,0,65,82,0,82,147
02/20/2022,JEF,MO,ACE,CE,Federal Contract Tower,0,0,2,0,2,0,4,15,2,21,0,4,17,2,23,46,0,46,69
02/21/2022,JEF,MO,ACE,CE,Federal Contract Tower,0,2,11,0,13,0,0,39,0,39,0,2,50,0,52,50,0,50,102
02/22/2022,JEF,MO,ACE,CE,Federal Contract Tower,0,4,18,4,26,0,0,0,0,0,0,4,18,4,26,0,0,0,26
02/23/2022,JEF,MO,ACE,CE,Federal Contract Tower,0,0,13,2,15,0,0,17,0,17,0,0,30,2,32,46,0,46,78
02/24/2022,JEF,MO,ACE,CE,Federal Contract Tower,0,0,3,0,3,0,0,0,0,0,0,0,3,0,3,0,0,0,3
02/25/2022,JEF,MO,ACE,CE,Federal Contract Tower,0,2,15,4,21,0,4,3,2,9,0,6,18,6,30,0,0,0,30
02/26/2022,JEF,MO,ACE,CE,Federal Contract Tower,0,1,12,0,13,0,7,53,0,60,0,8,65,0,73,78,0,78,151
02/27/2022,JEF,MO,ACE,CE,Federal Contract Tower,0,4,14,0,18,0,2,61,0,63,0,6,75,0,81,82,0,82,163
02/28/2022,JEF,MO,ACE,CE,Federal Contract Tower,0,0,26,2,28,0,0,57,0,57,0,0,83,2,85,118,0,118,203
03/01/2022,JEF,MO,ACE,CE,Federal Contract Tower,0,4,27,2,33,0,1,40,2,43,0,5,67,4,76,72,0,72,148
03/02/2022,JEF,MO,ACE,CE,Federal Contract Tower,0,5,13,0,18,0,1,52,2,55,0,6,65,2,73,140,0,140,213
03/03/2022,JEF,MO,ACE,CE,Federal Contract Tower,0,0,21,0,21,0,3,45,17,65,0,3,66,17,86,74,0,74,160
03/04/2022,JEF,MO,ACE,CE,Federal Contract Tower,0,0,18,2,20,0,0,49,2,51,0,0,67,4,71,84,0,84,155
03/05/2022,JEF,MO,ACE,CE,Federal Contract Tower,0,4,3,0,7,0,0,11,5,16,0,4,14,5,23,4,0,4,27
03/06/2022,JEF,MO,ACE,CE,Federal Contract Tower,0,2,10,0,12,0,0,33,2,35,0,2,43,2,47,106,0,106,153
03/07/2022,JEF,MO,ACE,CE,Federal Contract Tower,0,4,8,0,12,0,0,2,0,2,0,4,10,0,14,0,0,0,14
03/08/2022,JEF,MO,ACE,CE,Federal Contract Tower,0,0,28,0,28,0,0,59,2,61,0,0,87,2,89,170,0,170,259
03/09/2022,JEF,MO,ACE,CE,Federal Contract Tower,0,0,18,0,18,0,4,78,6,88,0,4,96,6,106,114,2,116,222
03/10/2022,JEF,MO,ACE,CE,Federal Contract Tower,0,2,15,0,17,0,0,15,5,20,0,2,30,5,37,10,0,10,47
03/11/2022,JEF,MO,ACE,CE,Federal Contract Tower,0,0,8,0,8,0,0,21,0,21,0,0,29,0,29,28,0,28,57
03/12/2022,JEF,MO,ACE,CE,Federal Contract Tower,0,2,5,0,7,0,0,35,0,35,0,2,40,0,42,20,0,20,62
03/13/2022,JEF,MO,ACE,CE,Federal Contract Tower,0,0,12,0,12,0,0,30,0,30,0,0,42,0,42,46,0,46,88
03/14/2022,JEF,MO,ACE,CE,Federal Contract Tower,0,0,15,0,15,0,0,31,4,35,0,0,46,4,50,50,0,50,100
03/15/2022,JEF,MO,ACE,CE,Federal Contract Tower,0,3,21,0,24,0,2,47,6,55,0,5,68,6,79,108,0,108,187
03/16/2022,JEF,MO,ACE,CE,Federal Contract Tower,0,4,18,0,22,0,5,44,7,56,0,9,62,7,78,90,0,90,168
03/17/2022,JEF,MO,ACE,CE,Federal Contract Tower,0,2,23,0,25,0,4,43,0,47,0,6,66,0,72,182,0,182,254
03/18/2022,JEF,MO,ACE,CE,Federal Contract Tower,2,0,10,0,12,0,0,1,0,1,2,0,11,0,13,0,0,0,13
03/19/2022,JEF,MO,ACE,CE,Federal Contract Tower,0,0,6,0,6,0,2,40,0,42,0,2,46,0,48,54,0,54,102
03/20/2022,JEF,MO,ACE,CE,Federal Contract Tower,0,0,3,0,3,0,2,51,0,53,0,2,54,0,56,8,0,8,64
03/21/2022,JEF,MO,ACE,CE,Federal Contract Tower,0,0,13,0,13,0,0,22,0,22,0,0,35,0,35,30,0,30,65
03/22/2022,JEF,MO,ACE,CE,Federal Contract Tower,0,0,13,4,17,0,0,17,2,19,0,0,30,6,36,20,6,26,62
03/23/2022,JEF,MO,ACE,CE,Federal Contract Tower,0,0,22,0,22,0,0,0,0,0,0,0,22,0,22,6,0,6,28
03/24/2022,JEF,MO,ACE,CE,Federal Contract Tower,0,0,18,0,18,0,0,0,0,0,0,0,18,0,18,0,0,0,18
03/25/2022,JEF,MO,ACE,CE,Federal Contract Tower,0,0,22,2,24,0,1,37,4,42,0,1,59,6,66,80,0,80,146
03/26/2022,JEF,MO,ACE,CE,Federal Contract Tower,0,4,14,0,18,0,2,37,0,39,0,6,51,0,57,96,0,96,153
03/27/2022,JEF,MO,ACE,CE,Federal Contract Tower,0,0,4,0,4,0,0,36,0,36,0,0,40,0,40,74,0,74,114
03/28/2022,JEF,MO,ACE,CE,Federal Contract Tower,0,0,13,0,13,0,3,45,1,49,0,3,58,1,62,56,0,56,118
03/29/2022,JEF,MO,ACE,CE,Federal Contract Tower,0,0,20,2,22,0,1,27,1,29,0,1,47,3,51,12,0,12,63
03/30/2022,JEF,MO,ACE,CE,Federal Contract Tower,0,0,10,2,12,0,0,0,0,0,0,0,10,2,12,0,0,0,12
03/31/2022,JEF,MO,ACE,CE,Federal Contract Tower,0,1,12,2,15,0,0,6,8,14,0,1,18,10,29,18,6,24,53
04/01/2022,JEF,MO,ACE,CE,Federal Contract Tower,0,0,5,3,8,0,6,49,4,59,0,6,54,7,67,153,18,171,238
04/02/2022,JEF,MO,ACE,CE,Federal Contract Tower,0,1,9,0,10,0,2,13,0,15,0,3,22,0,25,0,0,0,25
04/03/2022,JEF,MO,ACE,CE,Federal Contract Tower,0,0,8,2,10,0,0,79,2,81,0,0,87,4,91,120,0,120,211
04/04/2022,JEF,MO,ACE,CE,Federal Contract Tower,0,2,10,0,12,0,0,46,1,47,0,2,56,1,59,144,0,144,203
04/05/2022,JEF,MO,ACE,CE,Federal Contract Tower,0,2,23,2,27,0,0,25,1,26,0,2,48,3,53,8,0,8,61
04/06/2022,JEF,MO,ACE,CE,Federal Contract Tower,0,4,22,0,26,0,1,14,0,15,0,5,36,0,41,24,0,24,65
04/07/2022,JEF,MO,ACE,CE,Federal Contract Tower,0,0,7,2,9,0,0,24,0,24,0,0,31,2,33,0,0,0,33
04/08/2022,JEF,MO,ACE,CE,Federal Contract Tower,0,2,11,0,13,0,0,7,0,7,0,2,18,0,20,0,0,0,20
04/09/2022,JEF,MO,ACE,CE,Federal Contract Tower,0,2,5,0,7,0,12,50,0,62,0,14,55,0,69,122,0,122,191
04/10/2022,JEF,MO,ACE,CE,Federal Contract Tower,0,2,3,0,5,0,0,19,0,19,0,2,22,0,24,0,0,0,24
04/11/2022,JEF,MO,ACE,CE,Federal Contract Tower,0,2,19,0,21,0,0,15,2,17,0,2,34,2,38,84,0,84,122
04/12/2022,JEF,MO,ACE,CE,Federal Contract Tower,0,2,25,6,33,0,1,4,6,11,0,3,29,12,44,0,0,0,44
04/13/2022,JEF,MO,ACE,CE,Federal Contract Tower,0,2,7,2,11,0,0,2,0,2,0,2,9,2,13,0,0,0,13
04/14/2022,JEF,MO,ACE,CE,Federal Contract Tower,0,2,21,5,28,0,6,46,23,75,0,8,67,28,103,38,0,38,141
04/15/2022,JEF,MO,ACE,CE,Federal Contract Tower,0,0,13,2,15,0,2,7,0,9,0,2,20,2,24,4,0,4,28
04/16/2022,JEF,MO,ACE,CE,Federal Contract Tower,0,0,9,0,9,0,2,43,1,46,0,2,52,1,55,36,0,36,91
04/17/2022,JEF,MO,ACE,CE,Federal Contract Tower,0,1,3,0,4,0,0,3,0,3,0,1,6,0,7,0,0,0,7
04/18/2022,JEF,MO,ACE,CE,Federal Contract Tower,0,3,13,6,22,0,4,19,1,24,0,7,32,7,46,0,0,0,46
04/19/2022,JEF,MO,ACE,CE,Federal Contract Tower,0,2,10,1,13,0,3,51,3,57,0,5,61,4,70,200,2,202,272
04/20/2022,JEF,MO,ACE,CE,Federal Contract Tower,0,3,22,2,27,0,0,1,0,1,0,3,23,2,28,0,0,0,28
04/21/2022,JEF,MO,ACE,CE,Federal Contract Tower,0,2,19,1,22,0,2,37,5,44,0,4,56,6,66,103,0,103,169
04/22/2022,JEF,MO,ACE,CE,Federal Contract Tower,0,0,23,2,25,0,0,22,0,22,0,0,45,2,47,44,0,44,91
04/23/2022,JEF,MO,ACE,CE,Federal Contract Tower,0,0,4,0,4,0,0,7,0,7,0,0,11,0,11,0,0,0,11
04/24/2022,JEF,MO,ACE,CE,Federal Contract Tower,0,2,19,0,21,0,0,3,0,3,0,2,22,0,24,34,0,34,58
04/25/2022,JEF,MO,ACE,CE,Federal Contract Tower,0,0,23,0,23,0,4,51,2,57,0,4,74,2,80,154,10,164,244
04/26/2022,JEF,MO,ACE,CE,Federal Contract Tower,0,0,18,1,19,0,10,83,3,96,0,10,101,4,115,152,0,152,267
04/27/2022,JEF,MO,ACE,CE,Federal Contract Tower,0,7,20,2,29,0,3,44,4,51,0,10,64,6,80,68,2,70,150
04/28/2022,JEF,MO,ACE,CE,Federal Contract Tower,0,0,17,0,17,0,0,15,0,15,0,0,32,0,32,60,0,60,92
04/29/2022,JEF,MO,ACE,CE,Federal Contract Tower,0,0,24,0,24,0,0,3,0,3,0,0,27,0,27,0,6,6,33
04/30/2022,JEF,MO,ACE,CE,Federal Contract Tower,0,0,2,0,2,0,0,5,0,5,0,0,7,0,7,0,0,0,7
05/01/2022,JEF,MO,ACE,CE,Federal Contract Tower,0,0,15,1,16,0,0,27,0,27,0,0,42,1,43,18,0,18,61
05/02/2022,JEF,MO,ACE,CE,Federal Contract Tower,0,2,11,3,16,0,0,15,0,15,0,2,26,3,31,18,0,18,49
05/03/2022,JEF,MO,ACE,CE,Federal Contract Tower,0,0,28,1,29,0,0,2,3,5,0,0,30,4,34,0,0,0,34
05/04/2022,JEF,MO,ACE,CE,Federal Contract Tower,0,4,22,0,26,0,0,5,0,5,0,4,27,0,31,24,0,24,55
05/05/2022,JEF,MO,ACE,CE,Federal Contract Tower,0,4,15,0,19,0,0,2,0,2,0,4,17,0,21,0,0,0,21
05/06/2022,JEF,MO,ACE,CE,Federal Contract Tower,0,5,20,3,28,0,0,12,1,13,0,5,32,4,41,0,0,0,41
05/07/2022,JEF,MO,ACE,CE,Federal Contract Tower,0,1,11,0,12,0,0,69,0,69,0,1,80,0,81,94,0,94,175
05/08/2022,JEF,MO,ACE,CE,Federal Contract Tower,0,0,9,2,11,0,2,17,0,19,0,2,26,2,30,0,0,0,30
05/09/2022,JEF,MO,ACE,CE,Federal Contract Tower,0,1,11,0,12,0,0,22,0,22,0,1,33,0,34,0,0,0,34
05/10/2022,JEF,MO,ACE,CE,Federal Contract Tower,0,3,25,2,30,0,4,43,1,48,0,7,68,3,78,150,0,150,228
05/11/2022,JEF,MO,ACE,CE,Federal Contract Tower,0,0,26,0,26,0,2,66,2,70,0,2,92,2,96,138,0,138,234
05/12/2022,JEF,MO,ACE,CE,Federal Contract Tower,0,1,22,6,29,0,6,66,2,74,0,7,88,8,103,134,0,134,237
05/13/2022,JEF,MO,ACE,CE,Federal Contract Tower,0,3,23,3,29,0,0,29,6,35,0,3,52,9,64,120,0,120,184
05/14/2022,JEF,MO,ACE,CE,Federal Contract Tower,0,0,10,0,10,0,1,50,8,59,0,1,60,8,69,152,0,152,221
05/15/2022,JEF,MO,ACE,CE,Federal Contract Tower,0,2,7,0,9,0,3,13,1,17,0,5,20,1,26,0,0,0,26
05/16/2022,JEF,MO,ACE,CE,Federal Contract Tower,0,2,11,0,13,0,2,59,0,61,0,4,70,0,74,160,0,160,234
05/17/2022,JEF,MO,ACE,CE,Federal Contract Tower,0,5,14,4,23,0,2,54,0,56,0,7,68,4,79,172,0,172,251
05/18/2022,JEF,MO,ACE,CE,Federal Contract Tower,0,0,20,0,20,0,0,35,2,37,0,0,55,2,57,142,0,142,199
05/19/2022,JEF,MO,ACE,CE,Federal Contract Tower,0,0,25,2,27,0,0,24,0,24,0,0,49,2,51,6,0,6,57
05/20/2022,JEF,MO,ACE,CE,Federal Contract Tower,0,0,26,3,29,0,0,29,1,30,0,0,55,4,59,0,0,0,59
05/21/2022,JEF,MO,ACE,CE,Federal Contract Tower,0,0,3,0,3,0,0,41,0,41,0,0,44,0,44,0,0,0,44
05/22/2022,JEF,MO,ACE,CE,Federal Contract Tower,0,0,8,0,8,0,0,52,0,52,0,0,60,0,60,18,0,18,78
05/23/2022,JEF,MO,ACE,CE,Federal Contract Tower,0,0,21,0,21,0,3,48,2,53,0,3,69,2,74,72,12,84,158
05/24/2022,JEF,MO,ACE,CE,Federal Contract Tower,0,2,17,1,20,0,0,20,3,23,0,2,37,4,43,122,0,122,165
05/25/2022,JEF,MO,ACE,CE,Federal Contract Tower,0,2,23,0,25,0,0,0,0,0,0,2,23,0,25,0,0,0,25
05/26/2022,JEF,MO,ACE,CE,Federal Contract Tower,0,4,21,2,27,0,0,4,0,4,0,4,25,2,31,20,0,20,51
05/27/2022,JEF,MO,ACE,CE,Federal Contract Tower,0,1,36,0,37,0,0,16,0,16,0,1,52,0,53,86,0,86,139
05/28/2022,JEF,MO,ACE,CE,Federal Contract Tower,0,1,11,0,12,0,2,42,0,44,0,3,53,0,56,38,0,38,94
05/29/2022,JEF,MO,ACE,CE,Federal Contract Tower,0,3,8,0,11,0,0,1,0,1,0,3,9,0,12,0,0,0,12
05/30/2022,JEF,MO,ACE,CE,Federal Contract Tower,0,1,7,0,8,0,1,16,0,17,0,2,23,0,25,6,0,6,31
05/31/2022,JEF,MO,ACE,CE,Federal Contract Tower,0,0,16,1,17,0,0,26,1,27,0,0,42,2,44,48,0,48,92
06/01/2022,JEF,MO,ACE,CE,Federal Contract Tower,0,2,31,2,35,0,0,2,0,2,0,2,33,2,37,0,0,0,37
06/02/2022,JEF,MO,ACE,CE,Federal Contract Tower,0,2,20,0,22,0,2,63,2,67,0,4,83,2,89,210,0,210,299
06/03/2022,JEF,MO,ACE,CE,Federal Contract Tower,0,2,27,0,29,0,1,41,6,48,0,3,68,6,77,40,0,40,117
06/04/2022,JEF,MO,ACE,CE,Federal Contract Tower,0,1,9,0,10,0,1,36,0,37,0,2,45,0,47,40,0,40,87
06/05/2022,JEF,MO,ACE,CE,Federal Contract Tower,0,0,11,0,11,0,0,29,0,29,0,0,40,0,40,22,0,22,62
06/06/2022,JEF,MO,ACE,CE,Federal Contract Tower,0,0,12,0,12,0,0,22,2,24,0,0,34,2,36,52,0,52,88
06/07/2022,JEF,MO,ACE,CE,Federal Contract Tower,0,0,22,3,25,0,9,53,1,63,0,9,75,4,88,112,0,112,200
06/08/2022,JEF,MO,ACE,CE,Federal Contract Tower,0,0,36,1,37,0,0,16,12,28,0,0,52,13,65,14,10,24,89
06/09/2022,JEF,MO,ACE,CE,Federal Contract Tower,0,0,22,0,22,0,0,63,2,65,0,0,85,2,87,116,0,116,203
06/10/2022,JEF,MO,ACE,CE,Federal Contract Tower,0,0,13,0,13,0,0,54,2,56,0,0,67,2,69,86,0,86,155
06/11/2022,JEF,MO,ACE,CE,Federal Contract Tower,0,0,10,0,10,0,0,19,0,19,0,0,29,0,29,26,0,26,55
06/12/2022,JEF,MO,ACE,CE,Federal Contract Tower,0,0,14,0,14,0,6,19,8,33,0,6,33,8,47,32,0,32,79
06/13/2022,JEF,MO,ACE,CE,Federal Contract Tower,0,2,10,3,15,0,2,34,0,36,0,4,44,3,51,10,0,10,61
06/14/2022,JEF,MO,ACE,CE,Federal Contract Tower,0,0,19,3,22,0,2,27,1,30,0,2,46,4,52,26,0,26,78
06/15/2022,JEF,MO,ACE,CE,Federal Contract Tower,0,0,23,0,23,0,1,26,2,29,0,1,49,2,52,10,0,10,62
06/16/2022,JEF,MO,ACE,CE,Federal Contract Tower,0,4,26,1,31,0,7,48,1,56,0,11,74,2,87,84,0,84,171
06/17/2022,JEF,MO,ACE,CE,Federal Contract Tower,0,0,9,1,10,0,2,46,11,59,0,2,55,12,69,44,0,44,113
06/18/2022,JEF,MO,ACE,CE,Federal Contract Tower,0,2,7,0,9,0,2,40,0,42,0,4,47,0,51,64,0,64,115
06/19/2022,JEF,MO,ACE,CE,Federal Contract Tower,0,0,8,0,8,0,3,37,0,40,0,3,45,0,48,18,0,18,66
06/20/2022,JEF,MO,ACE,CE,Federal Contract Tower,0,0,19,1,20,0,6,64,0,70,0,6,83,1,90,32,0,32,122
06/21/2022,JEF,MO,ACE,CE,Federal Contract Tower,0,0,25,0,25,0,0,48,0,48,0,0,73,0,73,80,0,80,153
06/22/2022,JEF,MO,ACE,CE,Federal Contract Tower,0,0,24,2,26,0,4,41,0,45,0,4,65,2,71,156,0,156,227
06/23/2022,JEF,MO,ACE,CE,Federal Contract Tower,0,2,24,1,27,0,3,48,7,58,0,5,72,8,85,104,0,104,189
06/24/2022,JEF,MO,ACE,CE,Federal Contract Tower,0,2,15,0,17,0,2,47,0,49,0,4,62,0,66,82,0,82,148
06/25/2022,JEF,MO,ACE,CE,Federal Contract Tower,0,0,10,0,10,0,4,26,0,30,0,4,36,0,40,10,0,10,50
06/26/2022,JEF,MO,ACE,CE,Federal Contract Tower,0,0,11,0,11,0,2,31,0,33,0,2,42,0,44,10,0,10,54
06/27/2022,JEF,MO,ACE,CE,Federal Contract Tower,0,2,20,2,24,0,12,69,4,85,0,14,89,6,109,80,2,82,191
06/28/2022,JEF,MO,ACE,CE,Federal Contract Tower,0,0,31,5,36,0,0,64,4,68,0,0,95,9,104,162,0,162,266
06/29/2022,JEF,MO,ACE,CE,Federal Contract Tower,0,4,22,2,28,0,0,61,2,63,0,4,83,4,91,72,0,72,163
06/30/2022,JEF,MO,ACE,CE,Federal Contract Tower,0,0,19,2,21,0,0,42,4,46,0,0,61,6,67,68,2,70,137
07/01/2022,JEF,MO,ACE,CE,Federal Contract Tower,0,2,21,0,23,0,0,33,0,33,0,2,54,0,56,61,0,61,117
07/02/2022,JEF,MO,ACE,CE,Federal Contract Tower,0,1,3,0,4,0,0,1,0,1,0,1,4,0,5,0,0,0,5
07/03/2022,JEF,MO,ACE,CE,Federal Contract Tower,0,0,13,2,15,0,0,17,0,17,0,0,30,2,32,18,0,18,50
07/04/2022,JEF,MO,ACE,CE,Federal Contract Tower,0,0,1,0,1,0,0,14,0,14,0,0,15,0,15,0,0,0,15
07/05/2022,JEF,MO,ACE,CE,Federal Contract Tower,0,2,13,0,15,0,6,38,0,44,0,8,51,0,59,62,0,62,121
07/06/2022,JEF,MO,ACE,CE,Federal Contract Tower,0,2,17,2,21,0,2,50,2,54,0,4,67,4,75,30,0,30,105
07/07/2022,JEF,MO,ACE,CE,Federal Contract Tower,0,0,17,3,20,0,4,45,4,53,0,4,62,7,73,56,0,56,129
07/08/2022,JEF,MO,ACE,CE,Federal Contract Tower,0,1,24,2,27,0,0,45,0,45,0,1,69,2,72,56,0,56,128
07/09/2022,JEF,MO,ACE,CE,Federal Contract Tower,0,2,9,0,11,0,0,5,0,5,0,2,14,0,16,2,0,2,18
07/10/2022,JEF,MO,ACE,CE,Federal Contract Tower,0,3,13,0,16,0,0,33,0,33,0,3,46,0,49,12,0,12,61
07/11/2022,JEF,MO,ACE,CE,Federal Contract Tower,0,3,13,0,16,0,2,39,1,42,0,5,52,1,58,94,0,94,152
07/12/2022,JEF,MO,ACE,CE,Federal Contract Tower,0,4,24,0,28,0,3,29,8,40,0,7,53,8,68,94,8,102,170
07/13/2022,JEF,MO,ACE,CE,Federal Contract Tower,0,0,18,1,19,0,0,58,8,66,0,0,76,9,85,86,0,86,171
07/14/2022,JEF,MO,ACE,CE,Federal Contract Tower,0,1,15,5,21,0,8,44,5,57,0,9,59,10,78,100,2,102,180
07/15/2022,JEF,MO,ACE,CE,Federal Contract Tower,0,0,15,0,15,0,0,35,0,35,0,0,50,0,50,52,1,53,103
07/16/2022,JEF,MO,ACE,CE,Federal Contract Tower,0,2,11,0,13,0,0,23,0,23,0,2,34,0,36,16,0,16,52
07/17/2022,JEF,MO,ACE,CE,Federal Contract Tower,0,0,14,1,15,0,0,5,2,7,0,0,19,3,22,0,0,0,22
07/18/2022,JEF,MO,ACE,CE,Federal Contract Tower,0,0,10,0,10,0,4,46,1,51,0,4,56,1,61,92,2,94,155
07/19/2022,JEF,MO,ACE,CE,Federal Contract Tower,0,1,21,2,24,0,11,45,2,58,0,12,66,4,82,114,2,116,198
07/20/2022,JEF,MO,ACE,CE,Federal Contract Tower,0,2,18,2,22,0,2,55,5,62,0,4,73,7,84,32,0,32,116
07/21/2022,JEF,MO,ACE,CE,Federal Contract Tower,0,2,21,0,23,0,4,65,4,73,0,6,86,4,96,76,0,76,172
07/22/2022,JEF,MO,ACE,CE,Federal Contract Tower,0,0,17,2,19,0,2,59,5,66,0,2,76,7,85,64,0,64,149
07/23/2022,JEF,MO,ACE,CE,Federal Contract Tower,0,0,7,0,7,0,0,24,0,24,0,0,31,0,31,36,0,36,67
07/24/2022,JEF,MO,ACE,CE,Federal Contract Tower,0,0,19,0,19,0,0,14,0,14,0,0,33,0,33,12,0,12,45
07/25/2022,JEF,MO,ACE,CE,Federal Contract Tower,0,0,25,2,27,0,0,33,0,33,0,0,58,2,60,56,0,56,116
07/26/2022,JEF,MO,ACE,CE,Federal Contract Tower,0,0,28,4,32,0,0,23,0,23,0,0,51,4,55,42,0,42,97
07/27/2022,JEF,MO,ACE,CE,Federal Contract Tower,0,3,21,1,25,0,0,28,3,31,0,3,49,4,56,58,0,58,114
07/28/2022,JEF,MO,ACE,CE,Federal Contract Tower,0,1,13,2,16,0,0,12,4,16,0,1,25,6,32,2,0,2,34
07/29/2022,JEF,MO,ACE,CE,Federal Contract Tower,0,2,18,2,22,0,2,66,0,68,0,4,84,2,90,80,0,80,170
07/30/2022,JEF,MO,ACE,CE,Federal Contract Tower,0,1,8,0,9,0,0,48,0,48,0,1,56,0,57,20,0,20,77
07/31/2022,JEF,MO,ACE,CE,Federal Contract Tower,0,1,24,0,25,0,0,36,0,36,0,1,60,0,61,2,0,2,63
08/01/2022,JEF,MO,ACE,CE,Federal Contract Tower,0,2,16,2,20,0,7,56,0,63,0,9,72,2,83,40,0,40,123
08/02/2022,JEF,MO,ACE,CE,Federal Contract Tower,0,1,18,6,25,0,2,50,0,52,0,3,68,6,77,10,0,10,87
08/03/2022,JEF,MO,ACE,CE,Federal Contract Tower,0,0,20,2,22,0,1,51,6,58,0,1,71,8,80,42,0,42,122
08/04/2022,JEF,MO,ACE,CE,Federal Contract Tower,0,0,22,1,23,0,0,37,2,39,0,0,59,3,62,104,0,104,166
08/05/2022,JEF,MO,ACE,CE,Federal Contract Tower,0,0,22,9,31,0,0,36,6,42,0,0,58,15,73,63,0,63,136
08/06/2022,JEF,MO,ACE,CE,Federal Contract Tower,0,0,6,0,6,0,0,35,2,37,0,0,41,2,43,46,0,46,89
08/07/2022,JEF,MO,ACE,CE,Federal Contract Tower,0,0,12,12,24,0,1,26,24,51,0,1,38,36,75,22,0,22,97
08/08/2022,JEF,MO,ACE,CE,Federal Contract Tower,0,0,18,1,19,0,0,30,1,31,0,0,48,2,50,84,0,84,134
08/09/2022,JEF,MO,ACE,CE,Federal Contract Tower,0,3,33,0,36,0,1,34,4,39,0,4,67,4,75,72,0,72,147
08/10/2022,JEF,MO,ACE,CE,Federal Contract Tower,0,0,24,6,30,0,4,33,4,41,0,4,57,10,71,34,0,34,105
08/11/2022,JEF,MO,ACE,CE,Federal Contract Tower,0,0,19,0,19,0,2,55,19,76,0,2,74,19,95,79,0,79,174
08/12/2022,JEF,MO,ACE,CE,Federal Contract Tower,0,1,16,9,26,0,0,68,13,81,0,1,84,22,107,30,0,30,137
08/13/2022,JEF,MO,ACE,CE,Federal Contract Tower,0,4,9,0,13,0,1,32,1,34,0,5,41,1,47,42,0,42,89
08/14/2022,JEF,MO,ACE,CE,Federal Contract Tower,0,2,18,0,20,0,2,25,12,39,0,4,43,12,59,2,0,2,61
08/15/2022,JEF,MO,ACE,CE,Federal Contract Tower,0,0,33,2,35,0,4,44,3,51,0,4,77,5,86,12,10,22,108
08/16/2022,JEF,MO,ACE,CE,Federal Contract Tower,0,2,17,2,21,0,0,1,0,1,0,2,18,2,22,0,10,10,32
08/17/2022,JEF,MO,ACE,CE,Federal Contract Tower,0,0,35,4,39,0,2,62,4,68,0,2,97,8,107,56,0,56,163
08/18/2022,JEF,MO,ACE,CE,Federal Contract Tower,0,0,21,0,21,0,0,59,0,59,0,0,80,0,80,30,0,30,110
08/19/2022,JEF,MO,ACE,CE,Federal Contract Tower,0,0,17,0,17,0,0,54,0,54,0,0,71,0,71,24,0,24,95
08/20/2022,JEF,MO,ACE,CE,Federal Contract Tower,0,0,2,0,2,0,0,18,0,18,0,0,20,0,20,0,0,0,20
08/21/2022,JEF,MO,ACE,CE,Federal Contract Tower,0,0,15,0,15,0,2,49,6,57,0,2,64,6,72,50,0,50,122
08/22/2022,JEF,MO,ACE,CE,Federal Contract Tower,0,2,23,5,30,0,0,58,0,58,0,2,81,5,88,16,0,16,104
08/23/2022,JEF,MO,ACE,CE,Federal Contract Tower,0,0,25,2,27,0,6,47,6,59,0,6,72,8,86,24,0,24,110
08/24/2022,JEF,MO,ACE,CE,Federal Contract Tower,0,0,20,0,20,0,0,36,2,38,0,0,56,2,58,32,0,32,90
08/25/2022,JEF,MO,ACE,CE,Federal Contract Tower,0,1,17,2,20,0,11,67,2,80,0,12,84,4,100,12,0,12,112
08/26/2022,JEF,MO,ACE,CE,Federal Contract Tower,0,0,25,0,25,0,2,45,6,53,0,2,70,6,78,46,0,46,124
08/27/2022,JEF,MO,ACE,CE,Federal Contract Tower,0,0,8,0,8,0,2,58,0,60,0,2,66,0,68,28,0,28,96
08/28/2022,JEF,MO,ACE,CE,Federal Contract Tower,0,0,16,2,18,0,0,11,0,11,0,0,27,2,29,18,0,18,47
08/29/2022,JEF,MO,ACE,CE,Federal Contract Tower,0,0,21,0,21,0,2,24,0,26,0,2,45,0,47,40,0,40,87
08/30/2022,JEF,MO,ACE,CE,Federal Contract Tower,0,0,30,1,31,0,0,60,12,72,0,0,90,13,103,52,2,54,157
08/31/2022,JEF,MO,ACE,CE,Federal Contract Tower,0,0,17,0,17,0,2,71,8,81,0,2,88,8,98,72,0,72,170
09/01/2022,JEF,MO,ACE,CE,Federal Contract Tower,0,1,23,0,24,0,0,80,4,84,0,1,103,4,108,88,0,88,196
09/02/2022,JEF,MO,ACE,CE,Federal Contract Tower,0,1,18,0,19,0,0,29,0,29,0,1,47,0,48,0,0,0,48
09/03/2022,JEF,MO,ACE,CE,Federal Contract Tower,0,0,4,0,4,0,1,39,0,40,0,1,43,0,44,46,0,46,90
09/04/2022,JEF,MO,ACE,CE,Federal Contract Tower,0,0,12,0,12,0,2,7,0,9,0,2,19,0,21,6,0,6,27
09/05/2022,JEF,MO,ACE,CE,Federal Contract Tower,0,0,20,0,20,0,2,3,0,5,0,2,23,0,25,0,0,0,25
09/06/2022,JEF,MO,ACE,CE,Federal Contract Tower,0,2,30,2,34,0,0,32,10,42,0,2,62,12,76,30,4,34,110
09/07/2022,JEF,MO,ACE,CE,Federal Contract Tower,0,0,26,2,28,0,5,50,0,55,0,5,76,2,83,46,0,46,129
09/08/2022,JEF,MO,ACE,CE,Federal Contract Tower,0,0,27,0,27,0,0,57,6,63,0,0,84,6,90,76,0,76,166
09/09/2022,JEF,MO,ACE,CE,Federal Contract Tower,0,0,17,4,21,0,0,45,0,45,0,0,62,4,66,14,0,14,80
09/10/2022,JEF,MO,ACE,CE,Federal Contract Tower,0,0,5,0,5,0,2,56,3,61,0,2,61,3,66,12,0,12,78
09/11/2022,JEF,MO,ACE,CE,Federal Contract Tower,0,2,16,0,18,0,0,20,0,20,0,2,36,0,38,6,0,6,44
09/12/2022,JEF,MO,ACE,CE,Federal Contract Tower,0,0,19,2,21,0,2,35,0,37,0,2,54,2,58,20,0,20,78
09/13/2022,JEF,MO,ACE,CE,Federal Contract Tower,0,2,16,0,18,0,2,57,7,66,0,4,73,7,84,44,0,44,128
09/14/2022,JEF,MO,ACE,CE,Federal Contract Tower,0,3,28,0,31,0,3,69,0,72,0,6,97,0,103,62,0,62,165
09/15/2022,JEF,MO,ACE,CE,Federal Contract Tower,0,0,20,1,21,0,2,53,2,57,0,2,73,3,78,90,0,90,168
09/16/2022,JEF,MO,ACE,CE,Federal Contract Tower,0,0,27,3,30,0,0,53,5,58,0,0,80,8,88,32,4,36,124
09/17/2022,JEF,MO,ACE,CE,Federal Contract Tower,0,1,2,0,3,0,9,59,5,73,0,10,61,5,76,62,0,62,138
09/18/2022,JEF,MO,ACE,CE,Federal Contract Tower,0,1,21,0,22,0,0,15,2,17,0,1,36,2,39,16,0,16,55
09/19/2022,JEF,MO,ACE,CE,Federal Contract Tower,0,0,27,0,27,0,0,31,2,33,0,0,58,2,60,66,0,66,126
09/20/2022,JEF,MO,ACE,CE,Federal Contract Tower,0,0,26,3,29,0,2,42,5,49,0,2,68,8,78,58,0,58,136
09/21/2022,JEF,MO,ACE,CE,Federal Contract Tower,0,0,30,0,30,0,1,43,5,49,0,1,73,5,79,34,0,34,113
09/22/2022,JEF,MO,ACE,CE,Federal Contract Tower,0,2,35,0,37,0,0,40,3,43,0,2,75,3,80,0,0,0,80
09/23/2022,JEF,MO,ACE,CE,Federal Contract Tower,0,0,23,0,23,0,12,50,7,69,0,12,73,7,92,38,0,38,130
09/24/2022,JEF,MO,ACE,CE,Federal Contract Tower,0,2,16,0,18,0,0,194,2,196,0,2,210,2,214,16,0,16,230
09/25/2022,JEF,MO,ACE,CE,Federal Contract Tower,0,0,24,1,25,0,1,38,0,39,0,1,62,1,64,30,4,34,98
09/26/2022,JEF,MO,ACE,CE,Federal Contract Tower,0,2,24,0,26,0,0,37,0,37,0,2,61,0,63,36,0,36,99
09/27/2022,JEF,MO,ACE,CE,Federal Contract Tower,0,4,28,0,32,0,6,58,4,68,0,10,86,4,100,72,0,72,172
09/28/2022,JEF,MO,ACE,CE,Federal Contract Tower,0,4,20,0,24,0,2,69,0,71,0,6,89,0,95,30,0,30,125
09/29/2022,JEF,MO,ACE,CE,Federal Contract Tower,0,0,14,0,14,0,6,60,4,70,0,6,74,4,84,62,0,62,146
09/30/2022,JEF,MO,ACE,CE,Federal Contract Tower,0,0,21,0,21,0,0,61,0,61,0,0,82,0,82,100,0,100,182
10/01/2022,JEF,MO,ACE,CE,Federal Contract Tower,0,0,11,0,11,0,2,53,0,55,0,2,64,0,66,42,0,42,108
10/02/2022,JEF,MO,ACE,CE,Federal Contract Tower,0,0,15,0,15,0,3,45,2,50,0,3,60,2,65,0,0,0,65
10/03/2022,JEF,MO,ACE,CE,Federal Contract Tower,0,2,18,0,20,0,3,41,0,44,0,5,59,0,64,60,0,60,124
10/04/2022,JEF,MO,ACE,CE,Federal Contract Tower,0,0,33,2,35,0,3,51,5,59,0,3,84,7,94,80,0,80,174
10/05/2022,JEF,MO,ACE,CE,Federal Contract Tower,0,0,44,2,46,0,0,62,8,70,0,0,106,10,116,50,0,50,166
10/06/2022,JEF,MO,ACE,CE,Federal Contract Tower,0,0,24,2,26,0,1,61,4,66,0,1,85,6,92,32,8,40,132
10/07/2022,JEF,MO,ACE,CE,Federal Contract Tower,0,8,23,1,32,0,2,62,3,67,0,10,85,4,99,52,2,54,153
10/08/2022,JEF,MO,ACE,CE,Federal Contract Tower,0,2,7,0,9,0,0,51,4,55,0,2,58,4,64,44,0,44,108
10/09/2022,JEF,MO,ACE,CE,Federal Contract Tower,0,2,26,0,28,0,0,37,8,45,0,2,63,8,73,34,0,34,107
10/10/2022,JEF,MO,ACE,CE,Federal Contract Tower,0,1,12,0,13,0,1,44,4,49,0,2,56,4,62,44,0,44,106
10/11/2022,JEF,MO,ACE,CE,Federal Contract Tower,0,3,15,1,19,0,0,7,1,8,0,3,22,2,27,6,0,6,33
10/12/2022,JEF,MO,ACE,CE,Federal Contract Tower,0,2,26,0,28,0,0,22,0,22,0,2,48,0,50,26,0,26,76
10/13/2022,JEF,MO,ACE,CE,Federal Contract Tower,0,8,23,0,31,0,2,33,8,43,0,10,56,8,74,42,0,42,116
10/14/2022,JEF,MO,ACE,CE,Federal Contract Tower,0,16,18,4,38,0,2,19,6,27,0,18,37,10,65,4,0,4,69
10/15/2022,JEF,MO,ACE,CE,Federal Contract Tower,0,0,12,0,12,0,0,57,8,65,0,0,69,8,77,56,0,56,133
10/16/2022,JEF,MO,ACE,CE,Federal Contract Tower,0,0,7,0,7,0,0,27,3,30,0,0,34,3,37,66,0,66,103
10/17/2022,JEF,MO,ACE,CE,Federal Contract Tower,0,2,27,1,30,0,2,25,1,28,0,4,52,2,58,2,4,6,64
10/18/2022,JEF,MO,ACE,CE,Federal Contract Tower,0,1,27,2,30,0,2,56,5,63,0,3,83,7,93,10,0,10,103
10/19/2022,JEF,MO,ACE,CE,Federal Contract Tower,0,2,33,1,36,0,0,37,0,37,0,2,70,1,73,66,0,66,139
10/20/2022,JEF,MO,ACE,CE,Federal Contract Tower,0,1,33,1,35,0,2,45,5,52,0,3,78,6,87,86,2,88,175
10/21/2022,JEF,MO,ACE,CE,Federal Contract Tower,0,3,25,0,28,0,0,42,0,42,0,3,67,0,70,32,0,32,102
10/22/2022,JEF,MO,ACE,CE,Federal Contract Tower,0,0,8,0,8,0,0,19,0,19,0,0,27,0,27,6,0,6,33
10/23/2022,JEF,MO,ACE,CE,Federal Contract Tower,0,3,17,0,20,0,0,3,0,3,0,3,20,0,23,0,0,0,23
10/24/2022,JEF,MO,ACE,CE,Federal Contract Tower,0,3,27,2,32,0,0,12,0,12,0,3,39,2,44,18,0,18,62
10/25/2022,JEF,MO,ACE,CE,Federal Contract Tower,0,0,26,0,26,0,0,0,0,0,0,0,26,0,26,0,0,0,26
10/26/2022,JEF,MO,ACE,CE,Federal Contract Tower,0,0,20,3,23,0,7,75,5,87,0,7,95,8,110,28,0,28,138
10/27/2022,JEF,MO,ACE,CE,Federal Contract Tower,0,1,27,0,28,0,6,66,0,72,0,7,93,0,100,140,0,140,240
10/28/2022,JEF,MO,ACE,CE,Federal Contract Tower,0,2,16,4,22,0,0,31,9,40,0,2,47,13,62,18,0,18,80
10/29/2022,JEF,MO,ACE,CE,Federal Contract Tower,0,0,6,4,10,0,2,51,2,55,0,2,57,6,65,66,0,66,131
10/30/2022,JEF,MO,ACE,CE,Federal Contract Tower,0,4,15,0,19,0,0,0,0,0,0,4,15,0,19,0,0,0,19
10/31/2022,JEF,MO,ACE,CE,Federal Contract Tower,0,0,15,0,15,0,0,25,0,25,0,0,40,0,40,56,0,56,96
11/01/2022,JEF,MO,ACE,CE,Federal Contract Tower,0,2,25,2,29,0,1,73,6,80,0,3,98,8,109,20,0,20,129
11/02/2022,JEF,MO,ACE,CE,Federal Contract Tower,0,0,19,0,19,0,4,70,0,74,0,4,89,0,93,68,0,68,161
11/03/2022,JEF,MO,ACE,CE,Federal Contract Tower,0,0,12,0,12,0,0,53,0,53,0,0,65,0,65,32,0,32,97
11/04/2022,JEF,MO,ACE,CE,Federal Contract Tower,0,0,12,2,14,0,0,6,0,6,0,0,18,2,20,6,0,6,26
11/05/2022,JEF,MO,ACE,CE,Federal Contract Tower,0,0,10,0,10,0,0,2,2,4,0,0,12,2,14,0,0,0,14
11/06/2022,JEF,MO,ACE,CE,Federal Contract Tower,0,0,6,0,6,0,0,61,3,64,0,0,67,3,70,48,0,48,118
11/07/2022,JEF,MO,ACE,CE,Federal Contract Tower,0,0,23,0,23,0,0,44,2,46,0,0,67,2,69,74,0,74,143
11/08/2022,JEF,MO,ACE,CE,Federal Contract Tower,0,0,23,0,23,0,2,54,1,57,0,2,77,1,80,42,12,54,134
11/09/2022,JEF,MO,ACE,CE,Federal Contract Tower,0,0,17,4,21,0,2,45,0,47,0,2,62,4,68,96,0,96,164
11/10/2022,JEF,MO,ACE,CE,Federal Contract Tower,0,2,23,1,26,0,0,17,3,20,0,2,40,4,46,18,2,20,66
11/11/2022,JEF,MO,ACE,CE,Federal Contract Tower,0,0,7,0,7,0,2,26,0,28,0,2,33,0,35,22,0,22,57
11/12/2022,JEF,MO,ACE,CE,Federal Contract Tower,0,0,8,0,8,0,2,0,0,2,0,2,8,0,10,0,0,0,10
11/13/2022,JEF,MO,ACE,CE,Federal Contract Tower,0,2,12,0,14,0,7,51,0,58,0,9,63,0,72,70,0,70,142
11/14/2022,JEF,MO,ACE,CE,Federal Contract Tower,0,2,8,2,12,0,0,41,0,41,0,2,49,2,53,64,0,64,117
11/15/2022,JEF,MO,ACE,CE,Federal Contract Tower,0,2,12,0,14,0,0,1,0,1,0,2,13,0,15,0,0,0,15
11/16/2022,JEF,MO,ACE,CE,Federal Contract Tower,0,0,21,0,21,0,1,20,4,25,0,1,41,4,46,16,0,16,62
11/17/2022,JEF,MO,ACE,CE,Federal Contract Tower,0,3,32,3,38,0,2,44,5,51,0,5,76,8,89,92,0,92,181
11/18/2022,JEF,MO,ACE,CE,Federal Contract Tower,0,0,23,0,23,0,0,39,4,43,0,0,62,4,66,46,2,48,114
11/19/2022,JEF,MO,ACE,CE,Federal Contract Tower,0,0,6,0,6,0,0,20,0,20,0,0,26,0,26,4,0,4,30
11/20/2022,JEF,MO,ACE,CE,Federal Contract Tower,0,2,5,0,7,0,0,37,0,37,0,2,42,0,44,26,0,26,70
11/21/2022,JEF,MO,ACE,CE,Federal Contract Tower,0,0,17,1,18,0,2,62,1,65,0,2,79,2,83,114,0,114,197
11/22/2022,JEF,MO,ACE,CE,Federal Contract Tower,0,3,23,1,27,0,0,66,11,77,0,3,89,12,104,36,0,36,140
11/23/2022,JEF,MO,ACE,CE,Federal Contract Tower,0,0,11,0,11,0,4,44,0,48,0,4,55,0,59,74,0,74,133
11/24/2022,JEF,MO,ACE,CE,Federal Contract Tower,0,0,1,0,1,0,0,0,0,0,0,0,1,0,1,0,0,0,1
11/25/2022,JEF,MO,ACE,CE,Federal Contract Tower,0,0,10,0,10,0,0,27,0,27,0,0,37,0,37,10,0,10,47
11/26/2022,JEF,MO,ACE,CE,Federal Contract Tower,0,0,12,0,12,0,0,23,0,23,0,0,35,0,35,34,0,34,69
11/27/2022,JEF,MO,ACE,CE,Federal Contract Tower,0,0,12,0,12,0,0,0,0,0,0,0,12,0,12,0,0,0,12
11/28/2022,JEF,MO,ACE,CE,Federal Contract Tower,0,0,17,0,17,0,0,48,0,48,0,0,65,0,65,74,0,74,139
11/29/2022,JEF,MO,ACE,CE,Federal Contract Tower,0,3,16,2,21,0,2,17,16,35,0,5,33,18,56,0,6,6,62
11/30/2022,JEF,MO,ACE,CE,Federal Contract Tower,0,0,17,2,19,0,2,42,3,47,0,2,59,5,66,46,0,46,112
12/01/2022,JEF,MO,ACE,CE,Federal Contract Tower,0,2,21,2,25,0,4,30,10,44,0,6,51,12,69,68,0,68,137
12/02/2022,JEF,MO,ACE,CE,Federal Contract Tower,0,0,12,2,14,0,0,5,0,5,0,0,17,2,19,0,0,0,19
12/03/2022,JEF,MO,ACE,CE,Federal Contract Tower,0,0,15,0,15,0,2,47,4,53,0,2,62,4,68,86,0,86,154
12/04/2022,JEF,MO,ACE,CE,Federal Contract Tower,0,0,10,0,10,0,0,36,0,36,0,0,46,0,46,0,0,0,46
12/05/2022,JEF,MO,ACE,CE,Federal Contract Tower,0,0,17,0,17,0,0,29,0,29,0,0,46,0,46,92,0,92,138
12/06/2022,JEF,MO,ACE,CE,Federal Contract Tower,0,1,16,0,17,0,0,2,0,2,0,1,18,0,19,4,0,4,23
12/07/2022,JEF,MO,ACE,CE,Federal Contract Tower,0,1,24,4,29,0,0,2,0,2,0,1,26,4,31,0,0,0,31
12/08/2022,JEF,MO,ACE,CE,Federal Contract Tower,0,5,19,0,24,0,0,0,0,0,0,5,19,0,24,0,0,0,24
12/09/2022,JEF,MO,ACE,CE,Federal Contract Tower,0,1,22,0,23,0,0,21,0,21,0,1,43,0,44,68,0,68,112
12/10/2022,JEF,MO,ACE,CE,Federal Contract Tower,0,0,6,0,6,0,0,0,0,0,0,0,6,0,6,0,0,0,6
12/11/2022,JEF,MO,ACE,CE,Federal Contract Tower,0,0,14,0,14,0,0,13,0,13,0,0,27,0,27,0,0,0,27
12/12/2022,JEF,MO,ACE,CE,Federal Contract Tower,0,2,18,0,20,0,1,2,2,5,0,3,20,2,25,0,0,0,25
12/13/2022,JEF,MO,ACE,CE,Federal Contract Tower,0,2,5,0,7,0,0,0,0,0,0,2,5,0,7,0,0,0,7
12/14/2022,JEF,MO,ACE,CE,Federal Contract Tower,0,0,27,1,28,0,4,18,8,30,0,4,45,9,58,16,0,16,74
12/15/2022,JEF,MO,ACE,CE,Federal Contract Tower,0,2,17,4,23,0,2,30,12,44,0,4,47,16,67,26,24,50,117
12/16/2022,JEF,MO,ACE,CE,Federal Contract Tower,0,2,19,0,21,0,0,12,0,12,0,2,31,0,33,4,0,4,37
12/17/2022,JEF,MO,ACE,CE,Federal Contract Tower,0,2,5,0,7,0,2,10,0,12,0,4,15,0,19,4,0,4,23
12/18/2022,JEF,MO,ACE,CE,Federal Contract Tower,0,0,18,0,18,0,2,46,0,48,0,2,64,0,66,44,0,44,110
12/19/2022,JEF,MO,ACE,CE,Federal Contract Tower,0,0,16,0,16,0,0,37,1,38,0,0,53,1,54,62,0,62,116
12/20/2022,JEF,MO,ACE,CE,Federal Contract Tower,0,1,29,0,30,0,5,62,11,78,0,6,91,11,108,116,0,116,224
12/21/2022,JEF,MO,ACE,CE,Federal Contract Tower,0,4,14,0,18,0,0,23,11,34,0,4,37,11,52,58,12,70,122
12/22/2022,JEF,MO,ACE,CE,Federal Contract Tower,0,0,0,0,0,0,0,0,0,0,0,0,0,0,0,0,0,0,0
12/23/2022,JEF,MO,ACE,CE,Federal Contract Tower,0,0,4,0,4,0,0,1,0,1,0,0,5,0,5,0,0,0,5
12/24/2022,JEF,MO,ACE,CE,Federal Contract Tower,0,2,0,0,2,0,0,2,0,2,0,2,2,0,4,0,0,0,4
12/25/2022,JEF,MO,ACE,CE,Federal Contract Tower,0,0,0,0,0,0,0,0,0,0,0,0,0,0,0,0,0,0,0
12/26/2022,JEF,MO,ACE,CE,Federal Contract Tower,0,0,6,0,6,0,0,2,0,2,0,0,8,0,8,0,0,0,8
12/27/2022,JEF,MO,ACE,CE,Federal Contract Tower,0,0,19,0,19,0,0,41,0,41,0,0,60,0,60,52,0,52,112
12/28/2022,JEF,MO,ACE,CE,Federal Contract Tower,0,0,7,0,7,0,1,20,6,27,0,1,27,6,34,6,0,6,40
12/29/2022,JEF,MO,ACE,CE,Federal Contract Tower,0,2,10,0,12,0,0,10,0,10,0,2,20,0,22,0,0,0,22
12/30/2022,JEF,MO,ACE,CE,Federal Contract Tower,0,0,8,0,8,0,4,57,0,61,0,4,65,0,69,42,0,42,111
12/31/2022,JEF,MO,ACE,CE,Federal Contract Tower,0,0,5,0,5,0,0,33,0,33,0,0,38,0,38,24,0,24,62
01/01/2023,JEF,MO,ACE,CE,Federal Contract Tower,0,1,10,0,11,0,0,27,0,27,0,1,37,0,38,64,0,64,102
01/02/2023,JEF,MO,ACE,CE,Federal Contract Tower,0,1,8,0,9,0,0,0,0,0,0,1,8,0,9,0,0,0,9
01/03/2023,JEF,MO,ACE,CE,Federal Contract Tower,0,2,18,5,25,0,0,27,5,32,0,2,45,10,57,16,14,30,87
01/04/2023,JEF,MO,ACE,CE,Federal Contract Tower,0,3,21,4,28,0,1,31,6,38,0,4,52,10,66,16,0,16,82
01/05/2023,JEF,MO,ACE,CE,Federal Contract Tower,0,4,19,1,24,0,3,47,13,63,0,7,66,14,87,58,10,68,155
01/06/2023,JEF,MO,ACE,CE,Federal Contract Tower,0,0,10,3,13,0,0,73,7,80,0,0,83,10,93,116,0,116,209
01/07/2023,JEF,MO,ACE,CE,Federal Contract Tower,0,0,6,4,10,0,0,8,3,11,0,0,14,7,21,6,12,18,39
01/08/2023,JEF,MO,ACE,CE,Federal Contract Tower,0,0,10,4,14,0,2,2,0,4,0,2,12,4,18,0,0,0,18
01/09/2023,JEF,MO,ACE,CE,Federal Contract Tower,0,0,28,2,30,0,3,55,4,62,0,3,83,6,92,44,32,76,168
01/10/2023,JEF,MO,ACE,CE,Federal Contract Tower,0,0,17,3,20,0,2,59,22,83,0,2,76,25,103,114,6,120,223
01/11/2023,JEF,MO,ACE,CE,Federal Contract Tower,0,4,19,2,25,0,0,49,2,51,0,4,68,4,76,114,0,114,190
01/12/2023,JEF,MO,ACE,CE,Federal Contract Tower,0,0,7,0,7,0,0,2,0,2,0,0,9,0,9,8,12,20,29
01/13/2023,JEF,MO,ACE,CE,Federal Contract Tower,0,1,15,2,18,0,0,24,1,25,0,1,39,3,43,70,0,70,113
01/14/2023,JEF,MO,ACE,CE,Federal Contract Tower,0,0,3,0,3,0,0,65,0,65,0,0,68,0,68,82,0,82,150
01/15/2023,JEF,MO,ACE,CE,Federal Contract Tower,0,0,16,0,16,0,0,10,0,10,0,0,26,0,26,32,0,32,58
01/16/2023,JEF,MO,ACE,CE,Federal Contract Tower,0,0,8,3,11,0,5,8,6,19,0,5,16,9,30,0,6,6,36
01/17/2023,JEF,MO,ACE,CE,Federal Contract Tower,0,2,29,2,33,0,1,43,8,52,0,3,72,10,85,40,6,46,131
01/18/2023,JEF,MO,ACE,CE,Federal Contract Tower,0,1,23,3,27,0,0,5,0,5,0,1,28,3,32,0,0,0,32
01/19/2023,JEF,MO,ACE,CE,Federal Contract Tower,0,1,13,0,14,0,0,4,7,11,0,1,17,7,25,0,0,0,25
01/20/2023,JEF,MO,ACE,CE,Federal Contract Tower,0,0,17,4,21,0,2,50,5,57,0,2,67,9,78,108,2,110,188
01/21/2023,JEF,MO,ACE,CE,Federal Contract Tower,0,0,13,0,13,0,2,46,0,48,0,2,59,0,61,54,0,54,115
01/22/2023,JEF,MO,ACE,CE,Federal Contract Tower,0,0,8,1,9,0,0,0,0,0,0,0,8,1,9,0,0,0,9
01/23/2023,JEF,MO,ACE,CE,Federal Contract Tower,0,0,21,1,22,0,6,28,0,34,0,6,49,1,56,104,0,104,160
01/24/2023,JEF,MO,ACE,CE,Federal Contract Tower,0,0,16,4,20,0,5,56,8,69,0,5,72,12,89,116,2,118,207
01/25/2023,JEF,MO,ACE,CE,Federal Contract Tower,0,0,1,2,3,0,0,0,0,0,0,0,1,2,3,0,0,0,3
01/26/2023,JEF,MO,ACE,CE,Federal Contract Tower,0,0,34,4,38,0,2,48,5,55,0,2,82,9,93,32,0,32,125
01/27/2023,JEF,MO,ACE,CE,Federal Contract Tower,0,2,11,1,14,0,0,27,4,31,0,2,38,5,45,52,0,52,97
01/28/2023,JEF,MO,ACE,CE,Federal Contract Tower,0,0,6,0,6,0,2,37,0,39,0,2,43,0,45,18,0,18,63
01/29/2023,JEF,MO,ACE,CE,Federal Contract Tower,0,0,10,0,10,0,0,3,0,3,0,0,13,0,13,0,0,0,13
01/30/2023,JEF,MO,ACE,CE,Federal Contract Tower,0,2,16,0,18,0,0,32,5,37,0,2,48,5,55,30,4,34,89
01/31/2023,JEF,MO,ACE,CE,Federal Contract Tower,0,2,28,1,31,0,4,54,11,69,0,6,82,12,100,82,26,108,208
02/01/2023,JEF,MO,ACE,CE,Federal Contract Tower,0,0,8,0,8,0,0,55,12,67,0,0,63,12,75,62,0,62,137
02/02/2023,JEF,MO,ACE,CE,Federal Contract Tower,0,1,19,2,22,0,3,65,19,87,0,4,84,21,109,52,4,56,165
02/03/2023,JEF,MO,ACE,CE,Federal Contract Tower,0,0,14,2,16,0,6,67,5,78,0,6,81,7,94,26,0,26,120
02/04/2023,JEF,MO,ACE,CE,Federal Contract Tower,0,0,5,0,5,0,0,11,12,23,0,0,16,12,28,0,14,14,42
02/05/2023,JEF,MO,ACE,CE,Federal Contract Tower,0,0,14,2,16,0,2,60,6,68,0,2,74,8,84,88,0,88,172
02/06/2023,JEF,MO,ACE,CE,Federal Contract Tower,0,2,24,0,26,0,0,25,1,26,0,2,49,1,52,48,0,48,100
02/07/2023,JEF,MO,ACE,CE,Federal Contract Tower,0,0,27,0,27,0,0,48,18,66,0,0,75,18,93,164,0,164,257
02/08/2023,JEF,MO,ACE,CE,Federal Contract Tower,0,3,19,0,22,0,2,11,0,13,0,5,30,0,35,64,0,64,99
02/09/2023,JEF,MO,ACE,CE,Federal Contract Tower,0,1,13,0,14,0,1,4,2,7,0,2,17,2,21,36,0,36,57
02/10/2023,JEF,MO,ACE,CE,Federal Contract Tower,0,2,17,0,19,0,0,54,17,71,0,2,71,17,90,130,0,130,220
02/11/2023,JEF,MO,ACE,CE,Federal Contract Tower,0,0,7,0,7,0,0,81,6,87,0,0,88,6,94,140,8,148,242
02/12/2023,JEF,MO,ACE,CE,Federal Contract Tower,0,2,6,0,8,0,6,44,0,50,0,8,50,0,58,32,0,32,90
02/13/2023,JEF,MO,ACE,CE,Federal Contract Tower,0,2,29,4,35,0,5,51,5,61,0,7,80,9,96,114,22,136,232
02/14/2023,JEF,MO,ACE,CE,Federal Contract Tower,0,0,12,3,15,0,0,2,5,7,0,0,14,8,22,12,18,30,52
02/15/2023,JEF,MO,ACE,CE,Federal Contract Tower,0,0,21,3,24,0,0,74,20,94,0,0,95,23,118,96,0,96,214
02/16/2023,JEF,MO,ACE,CE,Federal Contract Tower,0,0,23,2,25,0,0,0,0,0,0,0,23,2,25,0,0,0,25
02/17/2023,JEF,MO,ACE,CE,Federal Contract Tower,0,0,25,1,26,0,4,71,3,78,0,4,96,4,104,74,2,76,180
02/18/2023,JEF,MO,ACE,CE,Federal Contract Tower,0,0,1,0,1,0,0,36,0,36,0,0,37,0,37,56,0,56,93
02/19/2023,JEF,MO,ACE,CE,Federal Contract Tower,0,2,9,0,11,0,4,26,0,30,0,6,35,0,41,36,0,36,77
02/20/2023,JEF,MO,ACE,CE,Federal Contract Tower,0,0,18,0,18,0,1,56,0,57,0,1,74,0,75,144,0,144,219
02/21/2023,JEF,MO,ACE,CE,Federal Contract Tower,0,0,25,4,29,0,0,57,10,67,0,0,82,14,96,54,6,60,156
02/22/2023,JEF,MO,ACE,CE,Federal Contract Tower,0,2,11,2,15,0,2,10,6,18,0,4,21,8,33,0,0,0,33
02/23/2023,JEF,MO,ACE,CE,Federal Contract Tower,0,4,15,4,23,0,2,30,21,53,0,6,45,25,76,98,10,108,184
02/24/2023,JEF,MO,ACE,CE,Federal Contract Tower,0,1,11,3,15,0,0,36,0,36,0,1,47,3,51,96,0,96,147
02/25/2023,JEF,MO,ACE,CE,Federal Contract Tower,0,1,11,0,12,0,0,50,0,50,0,1,61,0,62,75,0,75,137
02/26/2023,JEF,MO,ACE,CE,Federal Contract Tower,0,1,20,0,21,0,0,0,0,0,0,1,20,0,21,0,0,0,21
02/27/2023,JEF,MO,ACE,CE,Federal Contract Tower,0,4,22,0,26,0,3,5,0,8,0,7,27,0,34,0,0,0,34
02/28/2023,JEF,MO,ACE,CE,Federal Contract Tower,0,1,26,3,30,0,1,56,3,60,0,2,82,6,90,144,10,154,244
03/01/2023,JEF,MO,ACE,CE,Federal Contract Tower,0,0,15,2,17,0,2,49,9,60,0,2,64,11,77,146,26,172,249
03/02/2023,JEF,MO,ACE,CE,Federal Contract Tower,0,3,21,7,31,0,0,29,4,33,0,3,50,11,64,118,2,120,184
03/03/2023,JEF,MO,ACE,CE,Federal Contract Tower,0,0,7,2,9,0,0,2,1,3,0,0,9,3,12,18,0,18,30
03/04/2023,JEF,MO,ACE,CE,Federal Contract Tower,0,1,7,0,8,0,5,71,4,80,0,6,78,4,88,98,0,98,186
03/05/2023,JEF,MO,ACE,CE,Federal Contract Tower,0,0,10,2,12,0,3,35,0,38,0,3,45,2,50,100,0,100,150
03/06/2023,JEF,MO,ACE,CE,Federal Contract Tower,0,3,20,3,26,0,1,64,4,69,0,4,84,7,95,64,0,64,159
03/07/2023,JEF,MO,ACE,CE,Federal Contract Tower,0,2,37,3,42,0,4,28,6,38,0,6,65,9,80,134,0,134,214
03/08/2023,JEF,MO,ACE,CE,Federal Contract Tower,0,6,16,2,24,0,0,22,8,30,0,6,38,10,54,72,0,72,126
03/09/2023,JEF,MO,ACE,CE,Federal Contract Tower,0,0,25,3,28,0,0,3,2,5,0,0,28,5,33,22,4,26,59
03/10/2023,JEF,MO,ACE,CE,Federal Contract Tower,0,1,14,0,15,0,0,37,2,39,0,1,51,2,54,76,0,76,130
03/11/2023,JEF,MO,ACE,CE,Federal Contract Tower,0,0,7,0,7,0,0,1,0,1,0,0,8,0,8,0,0,0,8
03/12/2023,JEF,MO,ACE,CE,Federal Contract Tower,0,0,3,0,3,0,2,3,0,5,0,2,6,0,8,56,0,56,64
03/13/2023,JEF,MO,ACE,CE,Federal Contract Tower,0,2,12,3,17,0,4,22,1,27,0,6,34,4,44,112,0,112,156
03/14/2023,JEF,MO,ACE,CE,Federal Contract Tower,0,0,20,1,21,0,2,64,2,68,0,2,84,3,89,116,0,116,205
03/15/2023,JEF,MO,ACE,CE,Federal Contract Tower,0,0,29,0,29,0,1,49,12,62,0,1,78,12,91,76,0,76,167
03/16/2023,JEF,MO,ACE,CE,Federal Contract Tower,0,0,15,1,16,0,0,5,5,10,0,0,20,6,26,6,0,6,32
03/17/2023,JEF,MO,ACE,CE,Federal Contract Tower,0,4,11,0,15,0,2,43,0,45,0,6,54,0,60,56,0,56,116
03/18/2023,JEF,MO,ACE,CE,Federal Contract Tower,0,0,7,0,7,0,2,6,4,12,0,2,13,4,19,28,8,36,55
03/19/2023,JEF,MO,ACE,CE,Federal Contract Tower,0,0,15,2,17,0,17,63,0,80,0,17,78,2,97,32,0,32,129
03/20/2023,JEF,MO,ACE,CE,Federal Contract Tower,0,1,16,2,19,0,2,33,2,37,0,3,49,4,56,34,0,34,90
03/21/2023,JEF,MO,ACE,CE,Federal Contract Tower,0,3,14,2,19,0,0,1,2,3,0,3,15,4,22,0,0,0,22
03/22/2023,JEF,MO,ACE,CE,Federal Contract Tower,0,1,31,5,37,0,0,18,5,23,0,1,49,10,60,100,2,102,162
03/23/2023,JEF,MO,ACE,CE,Federal Contract Tower,0,0,27,2,29,0,0,1,0,1,0,0,28,2,30,0,0,0,30
03/24/2023,JEF,MO,ACE,CE,Federal Contract Tower,0,0,13,2,15,0,0,0,0,0,0,0,13,2,15,0,0,0,15
03/25/2023,JEF,MO,ACE,CE,Federal Contract Tower,0,12,22,0,34,0,5,43,5,53,0,17,65,5,87,82,0,82,169
03/26/2023,JEF,MO,ACE,CE,Federal Contract Tower,0,0,5,0,5,0,5,41,0,46,0,5,46,0,51,40,0,40,91
03/27/2023,JEF,MO,ACE,CE,Federal Contract Tower,0,2,28,2,32,0,7,87,1,95,0,9,115,3,127,62,0,62,189
03/28/2023,JEF,MO,ACE,CE,Federal Contract Tower,0,2,24,2,28,0,3,16,21,40,0,5,40,23,68,22,0,22,90
03/29/2023,JEF,MO,ACE,CE,Federal Contract Tower,0,8,21,3,32,0,7,77,6,90,0,15,98,9,122,84,0,84,206
03/30/2023,JEF,MO,ACE,CE,Federal Contract Tower,0,1,10,1,12,0,3,30,7,40,0,4,40,8,52,60,4,64,116
03/31/2023,JEF,MO,ACE,CE,Federal Contract Tower,0,0,2,0,2,0,0,1,0,1,0,0,3,0,3,0,0,0,3
04/01/2023,JEF,MO,ACE,CE,Federal Contract Tower,0,0,10,0,10,0,4,17,7,28,0,4,27,7,38,2,0,2,40
04/02/2023,JEF,MO,ACE,CE,Federal Contract Tower,0,2,20,0,22,0,3,44,0,47,0,5,64,0,69,42,0,42,111
04/03/2023,JEF,MO,ACE,CE,Federal Contract Tower,0,3,30,2,35,0,4,61,3,68,0,7,91,5,103,96,0,96,199
04/04/2023,JEF,MO,ACE,CE,Federal Contract Tower,0,0,23,0,23,0,3,10,10,23,0,3,33,10,46,36,0,36,82
04/05/2023,JEF,MO,ACE,CE,Federal Contract Tower,0,4,15,1,20,0,4,21,14,39,0,8,36,15,59,50,0,50,109
04/06/2023,JEF,MO,ACE,CE,Federal Contract Tower,0,0,22,0,22,0,10,77,11,98,0,10,99,11,120,110,0,110,230
04/07/2023,JEF,MO,ACE,CE,Federal Contract Tower,0,0,13,0,13,0,0,65,0,65,0,0,78,0,78,114,0,114,192
04/08/2023,JEF,MO,ACE,CE,Federal Contract Tower,0,0,8,0,8,0,0,60,0,60,0,0,68,0,68,96,0,96,164
04/09/2023,JEF,MO,ACE,CE,Federal Contract Tower,0,3,0,0,3,0,3,15,0,18,0,6,15,0,21,66,0,66,87
04/10/2023,JEF,MO,ACE,CE,Federal Contract Tower,0,3,11,4,18,0,2,36,2,40,0,5,47,6,58,128,0,128,186
04/11/2023,JEF,MO,ACE,CE,Federal Contract Tower,0,0,22,0,22,0,4,69,9,82,0,4,91,9,104,126,0,126,230
04/12/2023,JEF,MO,ACE,CE,Federal Contract Tower,0,2,20,2,24,0,2,58,10,70,0,4,78,12,94,8,0,8,102
04/13/2023,JEF,MO,ACE,CE,Federal Contract Tower,0,6,21,5,32,0,3,59,6,68,0,9,80,11,100,100,0,100,200
04/14/2023,JEF,MO,ACE,CE,Federal Contract Tower,0,1,12,0,13,0,2,62,0,64,0,3,74,0,77,90,0,90,167
04/15/2023,JEF,MO,ACE,CE,Federal Contract Tower,0,3,3,0,6,0,0,2,8,10,0,3,5,8,16,0,0,0,16
04/16/2023,JEF,MO,ACE,CE,Federal Contract Tower,0,6,8,0,14,0,0,5,2,7,0,6,13,2,21,6,0,6,27
04/17/2023,JEF,MO,ACE,CE,Federal Contract Tower,0,1,16,7,24,0,0,35,5,40,0,1,51,12,64,114,0,114,178
04/18/2023,JEF,MO,ACE,CE,Federal Contract Tower,0,0,26,2,28,0,4,60,1,65,0,4,86,3,93,38,0,38,131
04/19/2023,JEF,MO,ACE,CE,Federal Contract Tower,0,0,22,2,24,0,0,20,1,21,0,0,42,3,45,40,0,40,85
04/20/2023,JEF,MO,ACE,CE,Federal Contract Tower,0,0,21,0,21,0,0,14,6,20,0,0,35,6,41,12,0,12,53
04/21/2023,JEF,MO,ACE,CE,Federal Contract Tower,0,0,16,0,16,0,4,52,8,64,0,4,68,8,80,46,4,50,130
04/22/2023,JEF,MO,ACE,CE,Federal Contract Tower,0,0,5,0,5,0,0,28,0,28,0,0,33,0,33,20,0,20,53
04/23/2023,JEF,MO,ACE,CE,Federal Contract Tower,0,0,17,0,17,0,8,50,2,60,0,8,67,2,77,98,0,98,175
04/24/2023,JEF,MO,ACE,CE,Federal Contract Tower,0,0,21,2,23,0,7,79,3,89,0,7,100,5,112,14,16,30,142
04/25/2023,JEF,MO,ACE,CE,Federal Contract Tower,0,2,30,2,34,0,4,70,12,86,0,6,100,14,120,48,0,48,168
04/26/2023,JEF,MO,ACE,CE,Federal Contract Tower,0,0,26,2,28,0,6,49,5,60,0,6,75,7,88,80,18,98,186
04/27/2023,JEF,MO,ACE,CE,Federal Contract Tower,0,0,14,1,15,0,0,51,9,60,0,0,65,10,75,25,0,25,100
04/28/2023,JEF,MO,ACE,CE,Federal Contract Tower,0,1,15,2,18,0,8,60,2,70,0,9,75,4,88,76,5,81,169
04/29/2023,JEF,MO,ACE,CE,Federal Contract Tower,0,0,14,0,14,0,3,73,2,78,0,3,87,2,92,54,0,54,146
04/30/2023,JEF,MO,ACE,CE,Federal Contract Tower,0,3,6,0,9,0,6,16,0,22,0,9,22,0,31,4,0,4,35
05/01/2023,JEF,MO,ACE,CE,Federal Contract Tower,0,1,19,0,20,0,6,21,0,27,0,7,40,0,47,18,0,18,65
05/02/2023,JEF,MO,ACE,CE,Federal Contract Tower,0,0,23,0,23,0,0,23,0,23,0,0,46,0,46,20,0,20,66
05/03/2023,JEF,MO,ACE,CE,Federal Contract Tower,0,0,25,2,27,0,10,73,2,85,0,10,98,4,112,68,0,68,180
05/04/2023,JEF,MO,ACE,CE,Federal Contract Tower,0,2,29,1,32,0,8,44,0,52,0,10,73,1,84,60,0,60,144
05/05/2023,JEF,MO,ACE,CE,Federal Contract Tower,0,1,20,3,24,0,0,21,6,27,0,1,41,9,51,10,0,10,61
05/06/2023,JEF,MO,ACE,CE,Federal Contract Tower,0,3,20,0,23,0,0,19,0,19,0,3,39,0,42,20,0,20,62
05/07/2023,JEF,MO,ACE,CE,Federal Contract Tower,0,2,14,0,16,0,2,47,0,49,0,4,61,0,65,38,0,38,103
05/08/2023,JEF,MO,ACE,CE,Federal Contract Tower,0,0,13,2,15,0,2,24,0,26,0,2,37,2,41,20,0,20,61
05/09/2023,JEF,MO,ACE,CE,Federal Contract Tower,0,0,17,4,21,0,5,38,7,50,0,5,55,11,71,52,22,74,145
05/10/2023,JEF,MO,ACE,CE,Federal Contract Tower,0,5,15,1,21,0,2,42,4,48,0,7,57,5,69,12,2,14,83
05/11/2023,JEF,MO,ACE,CE,Federal Contract Tower,0,1,14,2,17,0,0,4,1,5,0,1,18,3,22,8,0,8,30
05/12/2023,JEF,MO,ACE,CE,Federal Contract Tower,0,1,15,0,16,0,0,21,2,23,0,1,36,2,39,50,0,50,89
05/13/2023,JEF,MO,ACE,CE,Federal Contract Tower,0,2,8,0,10,0,0,34,0,34,0,2,42,0,44,8,0,8,52
05/14/2023,JEF,MO,ACE,CE,Federal Contract Tower,0,0,10,0,10,0,0,9,0,9,0,0,19,0,19,2,0,2,21
05/15/2023,JEF,MO,ACE,CE,Federal Contract Tower,0,0,22,0,22,0,0,0,0,0,0,0,22,0,22,0,0,0,22
05/16/2023,JEF,MO,ACE,CE,Federal Contract Tower,0,2,45,1,48,0,0,3,3,6,0,2,48,4,54,12,0,12,66
05/17/2023,JEF,MO,ACE,CE,Federal Contract Tower,0,1,25,2,28,0,3,73,11,87,0,4,98,13,115,54,0,54,169
05/18/2023,JEF,MO,ACE,CE,Federal Contract Tower,0,1,20,1,22,0,5,86,13,104,0,6,106,14,126,96,0,96,222
05/19/2023,JEF,MO,ACE,CE,Federal Contract Tower,0,1,24,0,25,0,0,21,2,23,0,1,45,2,48,46,0,46,94
05/20/2023,JEF,MO,ACE,CE,Federal Contract Tower,0,1,17,0,18,0,0,37,7,44,0,1,54,7,62,12,0,12,74
05/21/2023,JEF,MO,ACE,CE,Federal Contract Tower,0,0,17,0,17,0,0,41,0,41,0,0,58,0,58,18,0,18,76
05/22/2023,JEF,MO,ACE,CE,Federal Contract Tower,0,0,18,3,21,0,2,55,5,62,0,2,73,8,83,44,6,50,133
05/23/2023,JEF,MO,ACE,CE,Federal Contract Tower,0,0,26,0,26,0,4,60,5,69,0,4,86,5,95,42,20,62,157
05/24/2023,JEF,MO,ACE,CE,Federal Contract Tower,0,5,18,6,29,0,2,35,20,57,0,7,53,26,86,82,0,82,168
05/25/2023,JEF,MO,ACE,CE,Federal Contract Tower,0,0,23,2,25,0,8,75,4,87,0,8,98,6,112,96,6,102,214
05/26/2023,JEF,MO,ACE,CE,Federal Contract Tower,0,8,19,1,28,0,0,66,7,73,0,8,85,8,101,46,0,46,147
05/27/2023,JEF,MO,ACE,CE,Federal Contract Tower,0,0,9,0,9,0,1,53,0,54,0,1,62,0,63,40,0,40,103
05/28/2023,JEF,MO,ACE,CE,Federal Contract Tower,0,0,4,0,4,0,0,36,0,36,0,0,40,0,40,42,0,42,82
05/29/2023,JEF,MO,ACE,CE,Federal Contract Tower,0,2,10,0,12,0,2,43,0,45,0,4,53,0,57,34,0,34,91
05/30/2023,JEF,MO,ACE,CE,Federal Contract Tower,0,3,19,1,23,0,0,58,4,62,0,3,77,5,85,88,0,88,173
05/31/2023,JEF,MO,ACE,CE,Federal Contract Tower,0,2,24,2,28,0,1,37,7,45,0,3,61,9,73,44,18,62,135
06/01/2023,JEF,MO,ACE,CE,Federal Contract Tower,0,2,18,1,21,0,6,56,5,67,0,8,74,6,88,100,0,100,188
06/02/2023,JEF,MO,ACE,CE,Federal Contract Tower,0,0,24,2,26,0,1,75,2,78,0,1,99,4,104,104,0,104,208
06/03/2023,JEF,MO,ACE,CE,Federal Contract Tower,0,0,7,0,7,0,0,53,0,53,0,0,60,0,60,22,0,22,82
06/04/2023,JEF,MO,ACE,CE,Federal Contract Tower,0,3,12,1,16,0,3,23,8,34,0,6,35,9,50,26,0,26,76
06/05/2023,JEF,MO,ACE,CE,Federal Contract Tower,0,2,12,1,15,0,2,42,6,50,0,4,54,7,65,56,20,76,141
06/06/2023,JEF,MO,ACE,CE,Federal Contract Tower,0,0,18,2,20,0,4,59,9,72,0,4,77,11,92,48,0,48,140
06/07/2023,JEF,MO,ACE,CE,Federal Contract Tower,0,0,22,0,22,0,2,46,2,50,0,2,68,2,72,70,14,84,156
06/08/2023,JEF,MO,ACE,CE,Federal Contract Tower,0,4,13,2,19,0,3,50,2,55,0,7,63,4,74,140,0,140,214
06/09/2023,JEF,MO,ACE,CE,Federal Contract Tower,0,0,17,4,21,0,2,74,4,80,0,2,91,8,101,118,0,118,219
06/10/2023,JEF,MO,ACE,CE,Federal Contract Tower,0,2,9,2,13,0,0,26,2,28,0,2,35,4,41,14,0,14,55
06/11/2023,JEF,MO,ACE,CE,Federal Contract Tower,0,1,15,2,18,0,0,1,0,1,0,1,16,2,19,0,0,0,19
06/12/2023,JEF,MO,ACE,CE,Federal Contract Tower,0,2,17,3,22,0,7,37,8,52,0,9,54,11,74,102,10,112,186
06/13/2023,JEF,MO,ACE,CE,Federal Contract Tower,0,0,23,7,30,0,5,68,30,103,0,5,91,37,133,126,24,150,283
06/14/2023,JEF,MO,ACE,CE,Federal Contract Tower,0,0,17,4,21,0,2,55,7,64,0,2,72,11,85,84,2,86,171
06/15/2023,JEF,MO,ACE,CE,Federal Contract Tower,0,0,14,2,16,0,8,81,14,103,0,8,95,16,119,52,2,54,173
06/16/2023,JEF,MO,ACE,CE,Federal Contract Tower,0,0,15,0,15,0,0,86,4,90,0,0,101,4,105,40,0,40,145
06/17/2023,JEF,MO,ACE,CE,Federal Contract Tower,0,0,7,0,7,0,3,46,0,49,0,3,53,0,56,36,0,36,92
06/18/2023,JEF,MO,ACE,CE,Federal Contract Tower,0,0,2,0,2,0,0,1,1,2,0,0,3,1,4,0,0,0,4
06/19/2023,JEF,MO,ACE,CE,Federal Contract Tower,0,0,14,1,15,0,8,62,0,70,0,8,76,1,85,28,0,28,113
06/20/2023,JEF,MO,ACE,CE,Federal Contract Tower,0,0,15,6,21,0,5,74,15,94,0,5,89,21,115,26,2,28,143
06/21/2023,JEF,MO,ACE,CE,Federal Contract Tower,0,0,35,0,35,0,2,69,17,88,0,2,104,17,123,42,8,50,173
06/22/2023,JEF,MO,ACE,CE,Federal Contract Tower,0,0,27,6,33,0,3,61,11,75,0,3,88,17,108,116,0,116,224
06/23/2023,JEF,MO,ACE,CE,Federal Contract Tower,0,1,14,0,15,0,6,59,4,69,0,7,73,4,84,74,20,94,178
06/24/2023,JEF,MO,ACE,CE,Federal Contract Tower,0,0,18,0,18,0,0,43,0,43,0,0,61,0,61,38,0,38,99
06/25/2023,JEF,MO,ACE,CE,Federal Contract Tower,0,2,16,2,20,0,4,31,0,35,0,6,47,2,55,26,0,26,81
06/26/2023,JEF,MO,ACE,CE,Federal Contract Tower,0,2,22,2,26,0,0,55,5,60,0,2,77,7,86,108,26,134,220
06/27/2023,JEF,MO,ACE,CE,Federal Contract Tower,0,2,28,1,31,0,5,83,3,91,0,7,111,4,122,92,0,92,214
06/28/2023,JEF,MO,ACE,CE,Federal Contract Tower,0,2,18,3,23,0,0,63,9,72,0,2,81,12,95,46,0,46,141
06/29/2023,JEF,MO,ACE,CE,Federal Contract Tower,0,0,24,0,24,0,2,60,5,67,0,2,84,5,91,21,0,21,112
06/30/2023,JEF,MO,ACE,CE,Federal Contract Tower,0,2,22,0,24,0,1,48,1,50,0,3,70,1,74,20,0,20,94
07/01/2023,JEF,MO,ACE,CE,Federal Contract Tower,0,0,2,0,2,0,2,32,0,34,0,2,34,0,36,56,0,56,92
07/02/2023,JEF,MO,ACE,CE,Federal Contract Tower,0,0,13,0,13,0,0,25,0,25,0,0,38,0,38,6,0,6,44
07/03/2023,JEF,MO,ACE,CE,Federal Contract Tower,0,0,7,0,7,0,2,33,0,35,0,2,40,0,42,70,0,70,112
07/04/2023,JEF,MO,ACE,CE,Federal Contract Tower,0,0,5,0,5,0,2,38,0,40,0,2,43,0,45,44,0,44,89
07/05/2023,JEF,MO,ACE,CE,Federal Contract Tower,0,2,14,0,16,0,2,42,3,47,0,4,56,3,63,24,0,24,87
07/06/2023,JEF,MO,ACE,CE,Federal Contract Tower,0,0,14,2,16,0,2,67,9,78,0,2,81,11,94,68,0,68,162
07/07/2023,JEF,MO,ACE,CE,Federal Contract Tower,0,0,16,3,19,0,0,33,3,36,0,0,49,6,55,74,0,74,129
07/08/2023,JEF,MO,ACE,CE,Federal Contract Tower,0,0,12,3,15,0,0,18,1,19,0,0,30,4,34,30,0,30,64
07/09/2023,JEF,MO,ACE,CE,Federal Contract Tower,0,0,6,7,13,0,3,32,1,36,0,3,38,8,49,20,0,20,69
07/10/2023,JEF,MO,ACE,CE,Federal Contract Tower,0,1,21,1,23,0,13,85,4,102,0,14,106,5,125,140,0,140,265
07/11/2023,JEF,MO,ACE,CE,Federal Contract Tower,0,0,21,6,27,0,0,98,17,115,0,0,119,23,142,118,0,118,260
07/12/2023,JEF,MO,ACE,CE,Federal Contract Tower,0,0,18,2,20,0,0,44,4,48,0,0,62,6,68,96,0,96,164
07/13/2023,JEF,MO,ACE,CE,Federal Contract Tower,0,0,42,1,43,0,4,37,4,45,0,4,79,5,88,26,0,26,114
07/14/2023,JEF,MO,ACE,CE,Federal Contract Tower,0,0,18,0,18,0,0,54,1,55,0,0,72,1,73,60,4,64,137
07/15/2023,JEF,MO,ACE,CE,Federal Contract Tower,0,1,18,0,19,0,8,30,1,39,0,9,48,1,58,42,0,42,100
07/16/2023,JEF,MO,ACE,CE,Federal Contract Tower,0,0,15,0,15,0,3,24,2,29,0,3,39,2,44,8,0,8,52
07/17/2023,JEF,MO,ACE,CE,Federal Contract Tower,0,2,24,2,28,0,8,53,3,64,0,10,77,5,92,46,0,46,138
07/18/2023,JEF,MO,ACE,CE,Federal Contract Tower,0,2,17,1,20,0,0,16,5,21,0,2,33,6,41,72,0,72,113
07/19/2023,JEF,MO,ACE,CE,Federal Contract Tower,0,3,30,4,37,0,1,44,7,52,0,4,74,11,89,98,0,98,187
07/20/2023,JEF,MO,ACE,CE,Federal Contract Tower,0,3,20,2,25,0,2,39,4,45,0,5,59,6,70,62,0,62,132
07/21/2023,JEF,MO,ACE,CE,Federal Contract Tower,0,0,16,3,19,0,0,49,6,55,0,0,65,9,74,32,2,34,108
07/22/2023,JEF,MO,ACE,CE,Federal Contract Tower,0,4,14,0,18,0,2,42,0,44,0,6,56,0,62,6,0,6,68
07/23/2023,JEF,MO,ACE,CE,Federal Contract Tower,0,0,11,0,11,0,0,49,0,49,0,0,60,0,60,6,0,6,66
07/24/2023,JEF,MO,ACE,CE,Federal Contract Tower,0,2,18,2,22,0,2,30,0,32,0,4,48,2,54,66,0,66,120
07/25/2023,JEF,MO,ACE,CE,Federal Contract Tower,0,0,24,2,26,0,2,69,6,77,0,2,93,8,103,166,0,166,269
07/26/2023,JEF,MO,ACE,CE,Federal Contract Tower,0,0,15,2,17,0,0,18,5,23,0,0,33,7,40,4,0,4,44
07/27/2023,JEF,MO,ACE,CE,Federal Contract Tower,0,0,29,3,32,0,10,63,3,76,0,10,92,6,108,38,0,38,146
07/28/2023,JEF,MO,ACE,CE,Federal Contract Tower,0,0,22,0,22,0,8,50,0,58,0,8,72,0,80,70,0,70,150
07/29/2023,JEF,MO,ACE,CE,Federal Contract Tower,0,0,3,0,3,0,27,35,0,62,0,27,38,0,65,38,0,38,103
07/30/2023,JEF,MO,ACE,CE,Federal Contract Tower,0,0,9,0,9,0,2,42,0,44,0,2,51,0,53,32,0,32,85
07/31/2023,JEF,MO,ACE,CE,Federal Contract Tower,0,2,29,0,31,0,0,33,3,36,0,2,62,3,67,68,18,86,153
08/01/2023,JEF,MO,ACE,CE,Federal Contract Tower,0,0,33,3,36,0,1,15,0,16,0,1,48,3,52,40,0,40,92
08/02/2023,JEF,MO,ACE,CE,Federal Contract Tower,0,2,14,2,18,0,0,26,3,29,0,2,40,5,47,26,12,38,85
08/03/2023,JEF,MO,ACE,CE,Federal Contract Tower,0,4,37,2,43,0,0,17,1,18,0,4,54,3,61,28,2,30,91
08/04/2023,JEF,MO,ACE,CE,Federal Contract Tower,0,0,25,2,27,0,0,24,0,24,0,0,49,2,51,62,6,68,119
08/05/2023,JEF,MO,ACE,CE,Federal Contract Tower,0,2,5,3,10,0,0,13,2,15,0,2,18,5,25,104,0,104,129
08/06/2023,JEF,MO,ACE,CE,Federal Contract Tower,0,0,14,2,16,0,4,20,0,24,0,4,34,2,40,0,12,12,52
08/07/2023,JEF,MO,ACE,CE,Federal Contract Tower,0,2,19,1,22,0,6,34,5,45,0,8,53,6,67,92,0,92,159
08/08/2023,JEF,MO,ACE,CE,Federal Contract Tower,0,0,26,3,29,0,12,67,11,90,0,12,93,14,119,140,20,160,279
08/09/2023,JEF,MO,ACE,CE,Federal Contract Tower,0,3,17,4,24,0,0,5,14,19,0,3,22,18,43,0,16,16,59
08/10/2023,JEF,MO,ACE,CE,Federal Contract Tower,0,1,28,0,29,0,2,52,7,61,0,3,80,7,90,62,8,70,160
08/11/2023,JEF,MO,ACE,CE,Federal Contract Tower,0,0,10,11,21,0,14,75,4,93,0,14,85,15,114,94,2,96,210
08/12/2023,JEF,MO,ACE,CE,Federal Contract Tower,0,0,6,0,6,0,0,29,2,31,0,0,35,2,37,22,0,22,59
08/13/2023,JEF,MO,ACE,CE,Federal Contract Tower,0,0,5,0,5,0,0,7,0,7,0,0,12,0,12,0,0,0,12
08/14/2023,JEF,MO,ACE,CE,Federal Contract Tower,0,0,18,3,21,0,4,35,0,39,0,4,53,3,60,40,0,40,100
08/15/2023,JEF,MO,ACE,CE,Federal Contract Tower,0,0,26,5,31,0,5,53,6,64,0,5,79,11,95,78,0,78,173
08/16/2023,JEF,MO,ACE,CE,Federal Contract Tower,0,2,27,0,29,0,0,80,0,80,0,2,107,0,109,56,16,72,181
08/17/2023,JEF,MO,ACE,CE,Federal Contract Tower,0,0,24,6,30,0,0,92,4,96,0,0,116,10,126,80,2,82,208
08/18/2023,JEF,MO,ACE,CE,Federal Contract Tower,0,1,15,3,19,0,0,77,0,77,0,1,92,3,96,48,0,48,144
08/19/2023,JEF,MO,ACE,CE,Federal Contract Tower,0,0,9,2,11,0,3,37,0,40,0,3,46,2,51,26,0,26,77
08/20/2023,JEF,MO,ACE,CE,Federal Contract Tower,0,0,11,0,11,0,2,21,8,31,0,2,32,8,42,4,0,4,46
08/21/2023,JEF,MO,ACE,CE,Federal Contract Tower,0,0,16,4,20,0,2,36,0,38,0,2,52,4,58,54,8,62,120
08/22/2023,JEF,MO,ACE,CE,Federal Contract Tower,0,3,28,2,33,0,7,30,5,42,0,10,58,7,75,22,0,22,97
08/23/2023,JEF,MO,ACE,CE,Federal Contract Tower,0,4,18,4,26,0,3,50,4,57,0,7,68,8,83,28,0,28,111
08/24/2023,JEF,MO,ACE,CE,Federal Contract Tower,0,1,22,5,28,0,6,42,5,53,0,7,64,10,81,20,0,20,101
08/25/2023,JEF,MO,ACE,CE,Federal Contract Tower,0,0,20,1,21,0,0,51,10,61,0,0,71,11,82,34,0,34,116
08/26/2023,JEF,MO,ACE,CE,Federal Contract Tower,0,0,8,0,8,0,0,18,0,18,0,0,26,0,26,4,0,4,30
08/27/2023,JEF,MO,ACE,CE,Federal Contract Tower,0,2,20,0,22,0,0,31,0,31,0,2,51,0,53,8,0,8,61
08/28/2023,JEF,MO,ACE,CE,Federal Contract Tower,0,3,33,2,38,0,2,84,1,87,0,5,117,3,125,70,0,70,195
08/29/2023,JEF,MO,ACE,CE,Federal Contract Tower,0,0,14,0,14,0,5,74,4,83,0,5,88,4,97,100,0,100,197
08/30/2023,JEF,MO,ACE,CE,Federal Contract Tower,0,0,27,5,32,0,6,81,11,98,0,6,108,16,130,46,0,46,176
08/31/2023,JEF,MO,ACE,CE,Federal Contract Tower,0,4,28,0,32,0,4,64,8,76,0,8,92,8,108,78,0,78,186
