01/01/2020,JFK,NY,AEA,EN,Towers with Radar,1025,48,2,0,1075,0,5,10,0,15,1025,53,12,0,1090,0,0,0,1090
01/02/2020,JFK,NY,AEA,EN,Towers with Radar,1142,60,12,1,1215,0,13,45,0,58,1142,73,57,1,1273,0,0,0,1273
01/03/2020,JFK,NY,AEA,EN,Towers with Radar,1158,60,10,0,1228,0,2,4,0,6,1158,62,14,0,1234,0,0,0,1234
01/04/2020,JFK,NY,AEA,EN,Towers with Radar,1144,51,5,0,1200,0,0,2,0,2,1144,51,7,0,1202,0,0,0,1202
01/05/2020,JFK,NY,AEA,EN,Towers with Radar,1148,77,16,0,1241,0,3,2,1,6,1148,80,18,1,1247,0,0,0,1247
01/06/2020,JFK,NY,AEA,EN,Towers with Radar,1145,74,8,1,1228,0,5,37,0,42,1145,79,45,1,1270,0,0,0,1270
01/07/2020,JFK,NY,AEA,EN,Towers with Radar,1119,71,10,0,1200,0,20,22,0,42,1119,91,32,0,1242,0,0,0,1242
01/08/2020,JFK,NY,AEA,EN,Towers with Radar,1126,54,2,0,1182,0,20,25,0,45,1126,74,27,0,1227,0,0,0,1227
01/09/2020,JFK,NY,AEA,EN,Towers with Radar,1150,61,14,0,1225,0,12,50,0,62,1150,73,64,0,1287,0,0,0,1287
01/10/2020,JFK,NY,AEA,EN,Towers with Radar,1120,60,11,0,1191,0,20,45,2,67,1120,80,56,2,1258,0,0,0,1258
01/11/2020,JFK,NY,AEA,EN,Towers with Radar,1057,63,9,0,1129,1,0,2,0,3,1058,63,11,0,1132,0,0,0,1132
01/12/2020,JFK,NY,AEA,EN,Towers with Radar,1109,59,2,0,1170,0,6,7,0,13,1109,65,9,0,1183,0,0,0,1183
01/13/2020,JFK,NY,AEA,EN,Towers with Radar,1105,66,0,0,1171,0,6,9,0,15,1105,72,9,0,1186,0,0,0,1186
01/14/2020,JFK,NY,AEA,EN,Towers with Radar,1075,61,7,0,1143,0,5,16,0,21,1075,66,23,0,1164,0,0,0,1164
01/15/2020,JFK,NY,AEA,EN,Towers with Radar,1081,66,7,0,1154,0,7,54,3,64,1081,73,61,3,1218,0,0,0,1218
01/16/2020,JFK,NY,AEA,EN,Towers with Radar,1135,67,18,1,1221,0,11,44,0,55,1135,78,62,1,1276,0,0,0,1276
01/17/2020,JFK,NY,AEA,EN,Towers with Radar,1127,73,8,0,1208,0,11,78,0,89,1127,84,86,0,1297,0,0,0,1297
01/18/2020,JFK,NY,AEA,EN,Towers with Radar,1002,42,7,0,1051,0,0,5,0,5,1002,42,12,0,1056,0,0,0,1056
01/19/2020,JFK,NY,AEA,EN,Towers with Radar,1047,58,20,0,1125,0,1,10,0,11,1047,59,30,0,1136,0,0,0,1136
01/20/2020,JFK,NY,AEA,EN,Towers with Radar,1100,68,5,0,1173,0,0,42,0,42,1100,68,47,0,1215,0,0,0,1215
01/21/2020,JFK,NY,AEA,EN,Towers with Radar,1061,63,5,0,1129,0,16,39,0,55,1061,79,44,0,1184,0,0,0,1184
01/22/2020,JFK,NY,AEA,EN,Towers with Radar,1052,68,18,0,1138,0,10,47,1,58,1052,78,65,1,1196,0,0,0,1196
01/23/2020,JFK,NY,AEA,EN,Towers with Radar,1105,70,8,0,1183,0,14,74,0,88,1105,84,82,0,1271,0,0,0,1271
01/24/2020,JFK,NY,AEA,EN,Towers with Radar,1107,68,8,0,1183,0,4,70,0,74,1107,72,78,0,1257,0,0,0,1257
01/25/2020,JFK,NY,AEA,EN,Towers with Radar,1022,61,5,0,1088,0,0,1,0,1,1022,61,6,0,1089,0,0,0,1089
01/26/2020,JFK,NY,AEA,EN,Towers with Radar,1092,68,8,0,1168,0,2,21,0,23,1092,70,29,0,1191,0,0,0,1191
01/27/2020,JFK,NY,AEA,EN,Towers with Radar,1096,61,5,0,1162,0,2,38,1,41,1096,63,43,1,1203,0,0,0,1203
01/28/2020,JFK,NY,AEA,EN,Towers with Radar,1039,65,1,0,1105,0,7,34,1,42,1039,72,35,1,1147,0,0,0,1147
01/29/2020,JFK,NY,AEA,EN,Towers with Radar,1033,66,2,0,1101,0,8,38,0,46,1033,74,40,0,1147,0,0,0,1147
01/30/2020,JFK,NY,AEA,EN,Towers with Radar,1094,75,4,0,1173,0,9,43,0,52,1094,84,47,0,1225,0,0,0,1225
01/31/2020,JFK,NY,AEA,EN,Towers with Radar,1097,62,1,0,1160,0,5,62,0,67,1097,67,63,0,1227,0,0,0,1227
02/01/2020,JFK,NY,AEA,EN,Towers with Radar,1024,61,6,0,1091,0,0,0,0,0,1024,61,6,0,1091,0,0,0,1091
02/02/2020,JFK,NY,AEA,EN,Towers with Radar,1020,65,6,0,1091,0,0,10,0,10,1020,65,16,0,1101,0,0,0,1101
02/03/2020,JFK,NY,AEA,EN,Towers with Radar,1090,65,4,0,1159,0,2,47,0,49,1090,67,51,0,1208,0,0,0,1208
02/04/2020,JFK,NY,AEA,EN,Towers with Radar,1032,63,0,0,1095,0,6,34,0,40,1032,69,34,0,1135,0,0,0,1135
02/05/2020,JFK,NY,AEA,EN,Towers with Radar,1040,64,2,0,1106,0,8,47,0,55,1040,72,49,0,1161,0,0,0,1161
02/06/2020,JFK,NY,AEA,EN,Towers with Radar,1096,73,5,0,1174,0,0,0,0,0,1096,73,5,0,1174,0,0,0,1174
02/07/2020,JFK,NY,AEA,EN,Towers with Radar,1109,58,6,0,1173,0,0,2,0,2,1109,58,8,0,1175,0,0,0,1175
02/08/2020,JFK,NY,AEA,EN,Towers with Radar,1021,62,6,0,1089,0,0,5,0,5,1021,62,11,0,1094,0,0,0,1094
02/09/2020,JFK,NY,AEA,EN,Towers with Radar,1056,58,6,0,1120,0,0,14,0,14,1056,58,20,0,1134,0,0,0,1134
02/10/2020,JFK,NY,AEA,EN,Towers with Radar,1086,64,8,0,1158,0,2,37,0,39,1086,66,45,0,1197,0,0,0,1197
02/11/2020,JFK,NY,AEA,EN,Towers with Radar,1046,72,4,0,1122,0,2,6,0,8,1046,74,10,0,1130,0,0,0,1130
02/12/2020,JFK,NY,AEA,EN,Towers with Radar,1073,71,4,0,1148,0,7,51,3,61,1073,78,55,3,1209,0,0,0,1209
02/13/2020,JFK,NY,AEA,EN,Towers with Radar,1108,77,4,0,1189,0,2,19,0,21,1108,79,23,0,1210,0,0,0,1210
02/14/2020,JFK,NY,AEA,EN,Towers with Radar,1133,71,9,0,1213,0,5,67,0,72,1133,76,76,0,1285,0,0,0,1285
02/15/2020,JFK,NY,AEA,EN,Towers with Radar,1039,62,8,0,1109,0,0,0,0,0,1039,62,8,0,1109,0,0,0,1109
02/16/2020,JFK,NY,AEA,EN,Towers with Radar,1024,59,7,0,1090,0,0,25,0,25,1024,59,32,0,1115,0,0,0,1115
02/17/2020,JFK,NY,AEA,EN,Towers with Radar,1099,69,5,0,1173,0,0,27,0,27,1099,69,32,0,1200,0,0,0,1200
02/18/2020,JFK,NY,AEA,EN,Towers with Radar,1092,71,9,0,1172,0,4,20,0,24,1092,75,29,0,1196,0,0,0,1196
02/19/2020,JFK,NY,AEA,EN,Towers with Radar,1090,62,4,0,1156,0,9,39,4,52,1090,71,43,4,1208,0,0,0,1208
02/20/2020,JFK,NY,AEA,EN,Towers with Radar,1124,64,5,0,1193,0,7,57,0,64,1124,71,62,0,1257,0,0,0,1257
02/21/2020,JFK,NY,AEA,EN,Towers with Radar,1126,67,6,0,1199,0,6,53,0,59,1126,73,59,0,1258,0,0,0,1258
02/22/2020,JFK,NY,AEA,EN,Towers with Radar,1078,65,5,0,1148,0,0,6,0,6,1078,65,11,0,1154,0,0,0,1154
02/23/2020,JFK,NY,AEA,EN,Towers with Radar,1120,65,8,0,1193,0,0,12,0,12,1120,65,20,0,1205,0,0,0,1205
02/24/2020,JFK,NY,AEA,EN,Towers with Radar,1110,62,6,0,1178,0,2,52,0,54,1110,64,58,0,1232,0,0,0,1232
02/25/2020,JFK,NY,AEA,EN,Towers with Radar,1079,68,6,0,1153,0,4,10,0,14,1079,72,16,0,1167,0,0,0,1167
02/26/2020,JFK,NY,AEA,EN,Towers with Radar,1110,67,2,0,1179,0,1,0,0,1,1110,68,2,0,1180,0,0,0,1180
02/27/2020,JFK,NY,AEA,EN,Towers with Radar,1134,58,13,0,1205,0,7,32,2,41,1134,65,45,2,1246,0,0,0,1246
02/28/2020,JFK,NY,AEA,EN,Towers with Radar,1118,68,3,0,1189,0,5,62,0,67,1118,73,65,0,1256,0,0,0,1256
02/29/2020,JFK,NY,AEA,EN,Towers with Radar,1070,63,0,0,1133,0,2,4,0,6,1070,65,4,0,1139,0,0,0,1139
03/01/2020,JFK,NY,AEA,EN,Towers with Radar,1114,66,15,0,1195,0,0,9,0,9,1114,66,24,0,1204,0,0,0,1204
03/02/2020,JFK,NY,AEA,EN,Towers with Radar,1116,64,5,0,1185,0,2,39,3,44,1116,66,44,3,1229,0,0,0,1229
03/03/2020,JFK,NY,AEA,EN,Towers with Radar,1061,68,2,0,1131,0,5,15,2,22,1061,73,17,2,1153,0,0,0,1153
03/04/2020,JFK,NY,AEA,EN,Towers with Radar,1118,64,4,0,1186,0,6,38,2,46,1118,70,42,2,1232,0,0,0,1232
03/05/2020,JFK,NY,AEA,EN,Towers with Radar,1133,68,7,0,1208,0,7,53,0,60,1133,75,60,0,1268,0,0,0,1268
03/06/2020,JFK,NY,AEA,EN,Towers with Radar,1115,69,5,0,1189,0,8,33,0,41,1115,77,38,0,1230,0,0,0,1230
03/07/2020,JFK,NY,AEA,EN,Towers with Radar,1075,64,0,0,1139,0,0,0,1,1,1075,64,0,1,1140,0,0,0,1140
03/08/2020,JFK,NY,AEA,EN,Towers with Radar,1097,65,4,0,1166,0,0,12,0,12,1097,65,16,0,1178,0,0,0,1178
03/09/2020,JFK,NY,AEA,EN,Towers with Radar,1117,60,3,0,1180,0,2,38,1,41,1117,62,41,1,1221,0,0,0,1221
03/10/2020,JFK,NY,AEA,EN,Towers with Radar,1071,63,5,0,1139,0,6,35,0,41,1071,69,40,0,1180,0,0,0,1180
03/11/2020,JFK,NY,AEA,EN,Towers with Radar,1107,63,2,0,1172,0,6,37,0,43,1107,69,39,0,1215,0,0,0,1215
03/12/2020,JFK,NY,AEA,EN,Towers with Radar,1166,70,3,0,1239,0,5,29,0,34,1166,75,32,0,1273,0,0,0,1273
03/13/2020,JFK,NY,AEA,EN,Towers with Radar,1156,79,10,0,1245,0,0,18,0,18,1156,79,28,0,1263,0,0,0,1263
03/14/2020,JFK,NY,AEA,EN,Towers with Radar,1087,62,5,0,1154,0,0,5,0,5,1087,62,10,0,1159,0,0,0,1159
03/15/2020,JFK,NY,AEA,EN,Towers with Radar,1108,65,9,0,1182,0,0,2,0,2,1108,65,11,0,1184,0,0,0,1184
03/16/2020,JFK,NY,AEA,EN,Towers with Radar,1075,69,4,0,1148,0,1,5,0,6,1075,70,9,0,1154,0,0,0,1154
03/17/2020,JFK,NY,AEA,EN,Towers with Radar,1043,65,4,0,1112,0,4,8,0,12,1043,69,12,0,1124,0,0,0,1124
03/18/2020,JFK,NY,AEA,EN,Towers with Radar,981,72,0,0,1053,0,7,7,0,14,981,79,7,0,1067,0,0,0,1067
03/19/2020,JFK,NY,AEA,EN,Towers with Radar,938,70,4,0,1012,0,0,0,0,0,938,70,4,0,1012,0,0,0,1012
03/20/2020,JFK,NY,AEA,EN,Towers with Radar,774,36,2,0,812,1,0,0,0,1,775,36,2,0,813,0,0,0,813
03/21/2020,JFK,NY,AEA,EN,Towers with Radar,706,61,0,1,768,0,0,5,0,5,706,61,5,1,773,0,0,0,773
03/22/2020,JFK,NY,AEA,EN,Towers with Radar,720,52,0,0,772,0,0,3,0,3,720,52,3,0,775,0,0,0,775
03/23/2020,JFK,NY,AEA,EN,Towers with Radar,600,56,3,0,659,0,0,0,0,0,600,56,3,0,659,0,0,0,659
03/24/2020,JFK,NY,AEA,EN,Towers with Radar,543,56,2,0,601,0,8,1,0,9,543,64,3,0,610,0,0,0,610
03/25/2020,JFK,NY,AEA,EN,Towers with Radar,462,49,3,0,514,0,9,0,0,9,462,58,3,0,523,0,0,0,523
03/26/2020,JFK,NY,AEA,EN,Towers with Radar,471,23,7,0,501,0,6,0,1,7,471,29,7,1,508,0,0,0,508
03/27/2020,JFK,NY,AEA,EN,Towers with Radar,411,37,0,0,448,0,9,0,0,9,411,46,0,0,457,0,0,0,457
03/28/2020,JFK,NY,AEA,EN,Towers with Radar,392,30,1,0,423,0,0,0,0,0,392,30,1,0,423,0,0,0,423
03/29/2020,JFK,NY,AEA,EN,Towers with Radar,370,38,0,0,408,0,0,0,0,0,370,38,0,0,408,0,0,0,408
03/30/2020,JFK,NY,AEA,EN,Towers with Radar,339,30,1,0,370,0,0,0,0,0,339,30,1,0,370,0,0,0,370
03/31/2020,JFK,NY,AEA,EN,Towers with Radar,362,35,0,0,397,0,10,2,0,12,362,45,2,0,409,0,0,0,409
04/01/2020,JFK,NY,AEA,EN,Towers with Radar,248,7,0,0,255,0,7,2,0,9,248,14,2,0,264,0,0,0,264
04/02/2020,JFK,NY,AEA,EN,Towers with Radar,222,8,1,0,231,0,9,2,0,11,222,17,3,0,242,0,0,0,242
04/03/2020,JFK,NY,AEA,EN,Towers with Radar,216,6,2,0,224,0,6,1,0,7,216,12,3,0,231,0,0,0,231
04/04/2020,JFK,NY,AEA,EN,Towers with Radar,215,10,2,0,227,0,12,1,0,13,215,22,3,0,240,0,0,0,240
04/05/2020,JFK,NY,AEA,EN,Towers with Radar,223,7,0,0,230,0,13,2,0,15,223,20,2,0,245,0,0,0,245
04/06/2020,JFK,NY,AEA,EN,Towers with Radar,202,4,4,0,210,0,11,7,1,19,202,15,11,1,229,0,0,0,229
04/07/2020,JFK,NY,AEA,EN,Towers with Radar,188,6,0,0,194,0,24,7,10,41,188,30,7,10,235,0,0,0,235
04/08/2020,JFK,NY,AEA,EN,Towers with Radar,213,2,1,0,216,0,1,0,0,1,213,3,1,0,217,0,0,0,217
04/09/2020,JFK,NY,AEA,EN,Towers with Radar,207,3,0,0,210,0,5,2,0,7,207,8,2,0,217,0,0,0,217
04/10/2020,JFK,NY,AEA,EN,Towers with Radar,205,3,0,0,208,0,5,0,0,5,205,8,0,0,213,0,0,0,213
04/11/2020,JFK,NY,AEA,EN,Towers with Radar,182,6,0,0,188,0,0,0,0,0,182,6,0,0,188,0,0,0,188
04/12/2020,JFK,NY,AEA,EN,Towers with Radar,181,0,0,0,181,0,2,29,0,31,181,2,29,0,212,12,0,12,224
04/13/2020,JFK,NY,AEA,EN,Towers with Radar,173,0,1,0,174,0,0,0,0,0,173,0,1,0,174,0,0,0,174
04/14/2020,JFK,NY,AEA,EN,Towers with Radar,201,2,1,0,204,0,4,5,0,9,201,6,6,0,213,0,0,0,213
04/15/2020,JFK,NY,AEA,EN,Towers with Radar,173,2,2,0,177,0,5,9,0,14,173,7,11,0,191,0,0,0,191
04/16/2020,JFK,NY,AEA,EN,Towers with Radar,157,2,2,1,162,0,4,0,1,5,157,6,2,2,167,0,0,0,167
04/17/2020,JFK,NY,AEA,EN,Towers with Radar,146,0,0,0,146,0,4,9,0,13,146,4,9,0,159,0,0,0,159
04/18/2020,JFK,NY,AEA,EN,Towers with Radar,139,4,8,0,151,0,0,4,0,4,139,4,12,0,155,0,0,0,155
04/19/2020,JFK,NY,AEA,EN,Towers with Radar,147,3,1,0,151,0,0,17,0,17,147,3,18,0,168,0,0,0,168
04/20/2020,JFK,NY,AEA,EN,Towers with Radar,128,1,2,0,131,0,0,6,0,6,128,1,8,0,137,0,0,0,137
04/21/2020,JFK,NY,AEA,EN,Towers with Radar,141,3,2,0,146,0,4,1,0,5,141,7,3,0,151,0,0,0,151
04/22/2020,JFK,NY,AEA,EN,Towers with Radar,165,2,5,0,172,0,5,8,0,13,165,7,13,0,185,0,0,0,185
04/23/2020,JFK,NY,AEA,EN,Towers with Radar,176,4,5,0,185,0,4,7,0,11,176,8,12,0,196,0,0,0,196
04/24/2020,JFK,NY,AEA,EN,Towers with Radar,164,4,2,0,170,0,0,0,0,0,164,4,2,0,170,0,0,0,170
04/25/2020,JFK,NY,AEA,EN,Towers with Radar,151,2,7,0,160,0,0,72,0,72,151,2,79,0,232,0,0,0,232
04/26/2020,JFK,NY,AEA,EN,Towers with Radar,159,3,8,0,170,0,0,6,0,6,159,3,14,0,176,0,0,0,176
04/27/2020,JFK,NY,AEA,EN,Towers with Radar,168,5,3,0,176,0,0,0,0,0,168,5,3,0,176,0,0,0,176
04/28/2020,JFK,NY,AEA,EN,Towers with Radar,178,7,9,6,200,0,5,41,0,46,178,12,50,6,246,0,0,0,246
04/29/2020,JFK,NY,AEA,EN,Towers with Radar,185,3,2,0,190,0,0,4,0,4,185,3,6,0,194,0,0,0,194
04/30/2020,JFK,NY,AEA,EN,Towers with Radar,194,5,1,0,200,0,0,0,0,0,194,5,1,0,200,0,0,0,200
05/01/2020,JFK,NY,AEA,EN,Towers with Radar,178,1,3,0,182,0,0,2,0,2,178,1,5,0,184,0,0,0,184
05/02/2020,JFK,NY,AEA,EN,Towers with Radar,161,2,8,0,171,0,0,24,4,28,161,2,32,4,199,0,0,0,199
05/03/2020,JFK,NY,AEA,EN,Towers with Radar,176,2,9,0,187,0,0,28,0,28,176,2,37,0,215,0,0,0,215
05/04/2020,JFK,NY,AEA,EN,Towers with Radar,162,6,2,0,170,0,0,8,0,8,162,6,10,0,178,0,0,0,178
05/05/2020,JFK,NY,AEA,EN,Towers with Radar,167,4,2,2,175,0,8,14,0,22,167,12,16,2,197,0,0,0,197
05/06/2020,JFK,NY,AEA,EN,Towers with Radar,176,1,0,6,183,0,9,0,2,11,176,10,0,8,194,0,0,0,194
05/07/2020,JFK,NY,AEA,EN,Towers with Radar,185,2,0,2,189,0,5,13,0,18,185,7,13,2,207,0,0,0,207
05/08/2020,JFK,NY,AEA,EN,Towers with Radar,168,1,2,1,172,0,4,4,1,9,168,5,6,2,181,0,0,0,181
05/09/2020,JFK,NY,AEA,EN,Towers with Radar,173,6,0,0,179,0,0,2,0,2,173,6,2,0,181,0,0,0,181
05/10/2020,JFK,NY,AEA,EN,Towers with Radar,181,2,2,0,185,0,0,5,0,5,181,2,7,0,190,0,0,0,190
05/11/2020,JFK,NY,AEA,EN,Towers with Radar,154,1,0,0,155,0,0,2,0,2,154,1,2,0,157,0,0,0,157
05/12/2020,JFK,NY,AEA,EN,Towers with Radar,159,2,3,0,164,0,5,9,2,16,159,7,12,2,180,0,0,0,180
05/13/2020,JFK,NY,AEA,EN,Towers with Radar,190,6,3,0,199,0,4,11,4,19,190,10,14,4,218,0,0,0,218
05/14/2020,JFK,NY,AEA,EN,Towers with Radar,201,2,6,0,209,0,5,21,2,28,201,7,27,2,237,0,0,0,237
05/15/2020,JFK,NY,AEA,EN,Towers with Radar,182,0,2,2,186,0,4,6,0,10,182,4,8,2,196,0,0,0,196
05/16/2020,JFK,NY,AEA,EN,Towers with Radar,185,0,2,0,187,0,0,24,0,24,185,0,26,0,211,0,0,0,211
05/17/2020,JFK,NY,AEA,EN,Towers with Radar,181,0,5,0,186,0,0,16,2,18,181,0,21,2,204,0,0,0,204
05/18/2020,JFK,NY,AEA,EN,Towers with Radar,163,1,2,0,166,0,0,8,0,8,163,1,10,0,174,0,0,0,174
05/19/2020,JFK,NY,AEA,EN,Towers with Radar,164,6,3,0,173,0,5,6,1,12,164,11,9,1,185,0,0,0,185
05/20/2020,JFK,NY,AEA,EN,Towers with Radar,175,2,0,0,177,0,4,14,2,20,175,6,14,2,197,0,0,0,197
05/21/2020,JFK,NY,AEA,EN,Towers with Radar,187,8,4,0,199,0,5,18,0,23,187,13,22,0,222,0,0,0,222
05/22/2020,JFK,NY,AEA,EN,Towers with Radar,171,2,2,0,175,0,4,7,0,11,171,6,9,0,186,0,0,0,186
05/23/2020,JFK,NY,AEA,EN,Towers with Radar,172,8,0,0,180,0,0,0,0,0,172,8,0,0,180,0,0,0,180
05/24/2020,JFK,NY,AEA,EN,Towers with Radar,170,4,2,0,176,0,0,14,0,14,170,4,16,0,190,0,0,0,190
05/25/2020,JFK,NY,AEA,EN,Towers with Radar,150,0,0,0,150,0,0,3,0,3,150,0,3,0,153,0,0,0,153
05/26/2020,JFK,NY,AEA,EN,Towers with Radar,166,8,1,6,181,0,0,4,0,4,166,8,5,6,185,0,0,0,185
05/27/2020,JFK,NY,AEA,EN,Towers with Radar,169,10,3,0,182,0,0,2,0,2,169,10,5,0,184,0,0,0,184
05/28/2020,JFK,NY,AEA,EN,Towers with Radar,199,10,0,0,209,0,0,0,0,0,199,10,0,0,209,0,0,0,209
05/29/2020,JFK,NY,AEA,EN,Towers with Radar,166,8,0,0,174,0,0,0,0,0,166,8,0,0,174,0,0,0,174
05/30/2020,JFK,NY,AEA,EN,Towers with Radar,166,7,8,0,181,0,0,8,0,8,166,7,16,0,189,0,0,0,189
05/31/2020,JFK,NY,AEA,EN,Towers with Radar,177,9,4,0,190,0,1,20,0,21,177,10,24,0,211,0,0,0,211
06/01/2020,JFK,NY,AEA,EN,Towers with Radar,194,4,3,0,201,0,0,23,0,23,194,4,26,0,224,0,0,0,224
06/02/2020,JFK,NY,AEA,EN,Towers with Radar,205,6,3,0,214,0,4,6,0,10,205,10,9,0,224,0,0,0,224
06/03/2020,JFK,NY,AEA,EN,Towers with Radar,225,3,2,0,230,0,5,4,0,9,225,8,6,0,239,0,0,0,239
06/04/2020,JFK,NY,AEA,EN,Towers with Radar,254,6,4,0,264,0,4,7,0,11,254,10,11,0,275,0,0,0,275
06/05/2020,JFK,NY,AEA,EN,Towers with Radar,253,7,6,0,266,0,4,2,0,6,253,11,8,0,272,0,0,0,272
06/06/2020,JFK,NY,AEA,EN,Towers with Radar,247,8,3,0,258,0,0,4,8,12,247,8,7,8,270,0,0,0,270
06/07/2020,JFK,NY,AEA,EN,Towers with Radar,242,6,6,0,254,0,0,13,0,13,242,6,19,0,267,0,0,0,267
06/08/2020,JFK,NY,AEA,EN,Towers with Radar,229,5,3,0,237,0,0,9,0,9,229,5,12,0,246,0,0,0,246
06/09/2020,JFK,NY,AEA,EN,Towers with Radar,230,9,11,0,250,0,4,9,0,13,230,13,20,0,263,0,0,0,263
06/10/2020,JFK,NY,AEA,EN,Towers with Radar,242,10,7,0,259,0,4,7,0,11,242,14,14,0,270,0,0,0,270
06/11/2020,JFK,NY,AEA,EN,Towers with Radar,282,9,2,1,294,0,5,2,0,7,282,14,4,1,301,0,0,0,301
06/12/2020,JFK,NY,AEA,EN,Towers with Radar,258,11,2,1,272,0,0,7,0,7,258,11,9,1,279,0,0,0,279
06/13/2020,JFK,NY,AEA,EN,Towers with Radar,236,7,4,0,247,0,0,6,0,6,236,7,10,0,253,0,0,0,253
06/14/2020,JFK,NY,AEA,EN,Towers with Radar,259,5,6,0,270,0,0,2,0,2,259,5,8,0,272,0,0,0,272
06/15/2020,JFK,NY,AEA,EN,Towers with Radar,251,5,2,0,258,0,0,4,4,8,251,5,6,4,266,0,0,0,266
06/16/2020,JFK,NY,AEA,EN,Towers with Radar,238,8,2,0,248,0,4,28,0,32,238,12,30,0,280,0,0,0,280
06/17/2020,JFK,NY,AEA,EN,Towers with Radar,245,6,2,0,253,0,5,4,1,10,245,11,6,1,263,0,0,0,263
06/18/2020,JFK,NY,AEA,EN,Towers with Radar,284,9,0,0,293,0,0,2,0,2,284,9,2,0,295,0,0,0,295
06/19/2020,JFK,NY,AEA,EN,Towers with Radar,273,20,4,0,297,0,0,5,0,5,273,20,9,0,302,0,0,0,302
06/20/2020,JFK,NY,AEA,EN,Towers with Radar,249,9,0,0,258,0,0,3,0,3,249,9,3,0,261,0,0,0,261
06/21/2020,JFK,NY,AEA,EN,Towers with Radar,266,5,4,0,275,0,0,6,0,6,266,5,10,0,281,0,0,0,281
06/22/2020,JFK,NY,AEA,EN,Towers with Radar,251,8,4,0,263,0,0,10,0,10,251,8,14,0,273,0,0,0,273
06/23/2020,JFK,NY,AEA,EN,Towers with Radar,244,15,3,0,262,0,4,1,2,7,244,19,4,2,269,0,0,0,269
06/24/2020,JFK,NY,AEA,EN,Towers with Radar,255,5,5,0,265,0,4,8,0,12,255,9,13,0,277,0,0,0,277
06/25/2020,JFK,NY,AEA,EN,Towers with Radar,307,12,10,2,331,0,4,8,1,13,307,16,18,3,344,0,0,0,344
06/26/2020,JFK,NY,AEA,EN,Towers with Radar,274,14,3,0,291,0,6,8,0,14,274,20,11,0,305,0,0,0,305
06/27/2020,JFK,NY,AEA,EN,Towers with Radar,271,5,2,0,278,0,0,3,0,3,271,5,5,0,281,0,0,0,281
06/28/2020,JFK,NY,AEA,EN,Towers with Radar,272,8,4,0,284,0,0,16,0,16,272,8,20,0,300,0,0,0,300
06/29/2020,JFK,NY,AEA,EN,Towers with Radar,267,8,0,0,275,0,0,3,1,4,267,8,3,1,279,0,0,0,279
06/30/2020,JFK,NY,AEA,EN,Towers with Radar,255,10,8,0,273,0,4,5,0,9,255,14,13,0,282,0,0,0,282
07/01/2020,JFK,NY,AEA,EN,Towers with Radar,322,10,2,0,334,0,4,1,0,5,322,14,3,0,339,0,0,0,339
07/02/2020,JFK,NY,AEA,EN,Towers with Radar,406,14,1,0,421,0,7,5,0,12,406,21,6,0,433,0,0,0,433
07/03/2020,JFK,NY,AEA,EN,Towers with Radar,381,10,2,0,393,0,5,6,0,11,381,15,8,0,404,0,0,0,404
07/04/2020,JFK,NY,AEA,EN,Towers with Radar,357,3,2,0,362,0,0,6,0,6,357,3,8,0,368,0,0,0,368
07/05/2020,JFK,NY,AEA,EN,Towers with Radar,364,5,0,0,369,0,0,0,0,0,364,5,0,0,369,0,0,0,369
07/06/2020,JFK,NY,AEA,EN,Towers with Radar,381,2,3,0,386,0,0,1,0,1,381,2,4,0,387,0,0,0,387
07/07/2020,JFK,NY,AEA,EN,Towers with Radar,403,8,5,0,416,0,5,4,0,9,403,13,9,0,425,0,0,0,425
07/08/2020,JFK,NY,AEA,EN,Towers with Radar,408,4,6,0,418,0,7,1,4,12,408,11,7,4,430,0,0,0,430
07/09/2020,JFK,NY,AEA,EN,Towers with Radar,426,7,1,0,434,0,4,12,0,16,426,11,13,0,450,0,0,0,450
07/10/2020,JFK,NY,AEA,EN,Towers with Radar,418,2,3,0,423,0,5,0,1,6,418,7,3,1,429,0,0,0,429
07/11/2020,JFK,NY,AEA,EN,Towers with Radar,423,8,2,0,433,0,0,2,0,2,423,8,4,0,435,0,0,0,435
07/12/2020,JFK,NY,AEA,EN,Towers with Radar,431,3,5,0,439,0,1,2,0,3,431,4,7,0,442,0,0,0,442
07/13/2020,JFK,NY,AEA,EN,Towers with Radar,397,6,2,0,405,0,0,5,0,5,397,6,7,0,410,0,0,0,410
07/14/2020,JFK,NY,AEA,EN,Towers with Radar,369,6,0,0,375,0,4,1,0,5,369,10,1,0,380,0,0,0,380
07/15/2020,JFK,NY,AEA,EN,Towers with Radar,395,3,1,0,399,0,6,5,0,11,395,9,6,0,410,0,0,0,410
07/16/2020,JFK,NY,AEA,EN,Towers with Radar,438,6,4,0,448,0,4,7,0,11,438,10,11,0,459,0,0,0,459
07/17/2020,JFK,NY,AEA,EN,Towers with Radar,425,7,8,0,440,0,5,2,0,7,425,12,10,0,447,0,0,0,447
07/18/2020,JFK,NY,AEA,EN,Towers with Radar,404,7,4,0,415,0,0,1,0,1,404,7,5,0,416,0,0,0,416
07/19/2020,JFK,NY,AEA,EN,Towers with Radar,411,13,2,0,426,0,0,8,0,8,411,13,10,0,434,0,0,0,434
07/20/2020,JFK,NY,AEA,EN,Towers with Radar,396,6,4,0,406,0,0,4,3,7,396,6,8,3,413,0,0,0,413
07/21/2020,JFK,NY,AEA,EN,Towers with Radar,358,6,1,0,365,0,6,7,0,13,358,12,8,0,378,0,0,0,378
07/22/2020,JFK,NY,AEA,EN,Towers with Radar,386,4,2,0,392,0,6,4,0,10,386,10,6,0,402,0,0,0,402
07/23/2020,JFK,NY,AEA,EN,Towers with Radar,430,11,3,0,444,0,5,4,0,9,430,16,7,0,453,0,0,0,453
07/24/2020,JFK,NY,AEA,EN,Towers with Radar,418,10,3,0,431,0,6,0,0,6,418,16,3,0,437,0,0,0,437
07/25/2020,JFK,NY,AEA,EN,Towers with Radar,384,8,5,0,397,0,0,5,0,5,384,8,10,0,402,0,0,0,402
07/26/2020,JFK,NY,AEA,EN,Towers with Radar,395,6,5,0,406,0,0,9,0,9,395,6,14,0,415,0,0,0,415
07/27/2020,JFK,NY,AEA,EN,Towers with Radar,372,4,2,0,378,0,0,5,4,9,372,4,7,4,387,0,0,0,387
07/28/2020,JFK,NY,AEA,EN,Towers with Radar,354,9,0,0,363,0,5,2,0,7,354,14,2,0,370,0,0,0,370
07/29/2020,JFK,NY,AEA,EN,Towers with Radar,372,8,7,0,387,0,7,5,0,12,372,15,12,0,399,0,0,0,399
07/30/2020,JFK,NY,AEA,EN,Towers with Radar,405,10,6,0,421,0,4,7,0,11,405,14,13,0,432,0,0,0,432
07/31/2020,JFK,NY,AEA,EN,Towers with Radar,413,12,2,0,427,0,5,6,0,11,413,17,8,0,438,0,0,0,438
08/01/2020,JFK,NY,AEA,EN,Towers with Radar,446,7,1,0,454,0,0,3,4,7,446,7,4,4,461,0,0,0,461
08/02/2020,JFK,NY,AEA,EN,Towers with Radar,467,6,0,0,473,0,2,2,0,4,467,8,2,0,477,0,0,0,477
08/03/2020,JFK,NY,AEA,EN,Towers with Radar,453,4,4,0,461,0,0,4,2,6,453,4,8,2,467,0,0,0,467
08/04/2020,JFK,NY,AEA,EN,Towers with Radar,347,2,0,0,349,0,6,2,0,8,347,8,2,0,357,0,0,0,357
08/05/2020,JFK,NY,AEA,EN,Towers with Radar,440,10,6,0,456,0,4,6,0,10,440,14,12,0,466,0,0,0,466
08/06/2020,JFK,NY,AEA,EN,Towers with Radar,468,9,2,0,479,0,6,8,1,15,468,15,10,1,494,0,0,0,494
08/07/2020,JFK,NY,AEA,EN,Towers with Radar,464,8,4,2,478,0,6,17,1,24,464,14,21,3,502,0,0,0,502
08/08/2020,JFK,NY,AEA,EN,Towers with Radar,437,8,4,2,451,0,1,2,0,3,437,9,6,2,454,0,0,0,454
08/09/2020,JFK,NY,AEA,EN,Towers with Radar,462,2,3,0,467,0,0,5,0,5,462,2,8,0,472,0,0,0,472
08/10/2020,JFK,NY,AEA,EN,Towers with Radar,421,4,1,0,426,0,0,2,0,2,421,4,3,0,428,0,0,0,428
08/11/2020,JFK,NY,AEA,EN,Towers with Radar,365,9,4,0,378,0,8,1,0,9,365,17,5,0,387,0,0,0,387
08/12/2020,JFK,NY,AEA,EN,Towers with Radar,391,8,3,2,404,0,8,3,0,11,391,16,6,2,415,0,0,0,415
08/13/2020,JFK,NY,AEA,EN,Towers with Radar,469,10,4,0,483,0,8,12,0,20,469,18,16,0,503,0,0,0,503
08/14/2020,JFK,NY,AEA,EN,Towers with Radar,433,8,4,0,445,0,7,4,0,11,433,15,8,0,456,0,0,0,456
08/15/2020,JFK,NY,AEA,EN,Towers with Radar,421,7,6,1,435,0,0,7,0,7,421,7,13,1,442,0,0,0,442
08/16/2020,JFK,NY,AEA,EN,Towers with Radar,469,9,11,1,490,0,0,0,0,0,469,9,11,1,490,0,0,0,490
08/17/2020,JFK,NY,AEA,EN,Towers with Radar,423,4,7,0,434,0,0,3,2,5,423,4,10,2,439,0,0,0,439
08/18/2020,JFK,NY,AEA,EN,Towers with Radar,341,10,4,0,355,0,6,5,0,11,341,16,9,0,366,0,0,0,366
08/19/2020,JFK,NY,AEA,EN,Towers with Radar,377,7,7,0,391,0,4,2,1,7,377,11,9,1,398,0,0,0,398
08/20/2020,JFK,NY,AEA,EN,Towers with Radar,445,9,6,0,460,0,7,8,0,15,445,16,14,0,475,0,0,0,475
08/21/2020,JFK,NY,AEA,EN,Towers with Radar,421,11,5,0,437,0,5,2,0,7,421,16,7,0,444,0,0,0,444
08/22/2020,JFK,NY,AEA,EN,Towers with Radar,422,5,3,0,430,0,0,4,0,4,422,5,7,0,434,0,0,0,434
08/23/2020,JFK,NY,AEA,EN,Towers with Radar,445,4,6,0,455,0,0,7,0,7,445,4,13,0,462,0,0,0,462
08/24/2020,JFK,NY,AEA,EN,Towers with Radar,406,6,4,0,416,0,0,6,0,6,406,6,10,0,422,0,0,0,422
08/25/2020,JFK,NY,AEA,EN,Towers with Radar,364,6,6,0,376,0,6,3,1,10,364,12,9,1,386,0,0,0,386
08/26/2020,JFK,NY,AEA,EN,Towers with Radar,370,11,6,0,387,0,5,2,0,7,370,16,8,0,394,0,0,0,394
08/27/2020,JFK,NY,AEA,EN,Towers with Radar,426,9,2,0,437,0,7,1,0,8,426,16,3,0,445,0,0,0,445
08/28/2020,JFK,NY,AEA,EN,Towers with Radar,437,9,4,0,450,0,7,2,0,9,437,16,6,0,459,0,0,0,459
08/29/2020,JFK,NY,AEA,EN,Towers with Radar,423,11,2,0,436,0,0,2,0,2,423,11,4,0,438,0,0,0,438
08/30/2020,JFK,NY,AEA,EN,Towers with Radar,437,10,3,0,450,0,0,7,0,7,437,10,10,0,457,0,0,0,457
08/31/2020,JFK,NY,AEA,EN,Towers with Radar,410,5,1,0,416,0,0,5,2,7,410,5,6,2,423,0,0,0,423
09/01/2020,JFK,NY,AEA,EN,Towers with Radar,349,11,1,0,361,0,7,5,0,12,349,18,6,0,373,0,0,0,373
09/02/2020,JFK,NY,AEA,EN,Towers with Radar,364,8,2,2,376,0,1,1,3,5,364,9,3,5,381,0,0,0,381
09/03/2020,JFK,NY,AEA,EN,Towers with Radar,438,9,6,0,453,0,10,3,0,13,438,19,9,0,466,0,0,0,466
09/04/2020,JFK,NY,AEA,EN,Towers with Radar,429,10,3,0,442,0,7,1,0,8,429,17,4,0,450,0,0,0,450
09/05/2020,JFK,NY,AEA,EN,Towers with Radar,390,7,4,0,401,0,0,0,0,0,390,7,4,0,401,0,0,0,401
09/06/2020,JFK,NY,AEA,EN,Towers with Radar,425,4,1,0,430,0,0,3,0,3,425,4,4,0,433,0,0,0,433
09/07/2020,JFK,NY,AEA,EN,Towers with Radar,405,7,4,0,416,0,0,7,0,7,405,7,11,0,423,0,0,0,423
09/08/2020,JFK,NY,AEA,EN,Towers with Radar,322,3,7,0,332,0,8,27,0,35,322,11,34,0,367,0,0,0,367
09/09/2020,JFK,NY,AEA,EN,Towers with Radar,366,4,7,0,377,0,6,8,0,14,366,10,15,0,391,0,0,0,391
09/10/2020,JFK,NY,AEA,EN,Towers with Radar,440,12,6,2,460,0,0,2,0,2,440,12,8,2,462,0,0,0,462
09/11/2020,JFK,NY,AEA,EN,Towers with Radar,406,6,2,2,416,0,7,4,0,11,406,13,6,2,427,0,0,0,427
09/12/2020,JFK,NY,AEA,EN,Towers with Radar,408,12,3,0,423,0,0,6,0,6,408,12,9,0,429,0,0,0,429
09/13/2020,JFK,NY,AEA,EN,Towers with Radar,436,18,2,0,456,0,0,5,0,5,436,18,7,0,461,0,0,0,461
09/14/2020,JFK,NY,AEA,EN,Towers with Radar,409,6,0,0,415,0,0,18,0,18,409,6,18,0,433,0,0,0,433
09/15/2020,JFK,NY,AEA,EN,Towers with Radar,347,8,3,0,358,0,5,9,0,14,347,13,12,0,372,0,0,0,372
09/16/2020,JFK,NY,AEA,EN,Towers with Radar,366,6,6,2,380,0,6,0,0,6,366,12,6,2,386,0,0,0,386
09/17/2020,JFK,NY,AEA,EN,Towers with Radar,450,10,4,0,464,0,7,2,2,11,450,17,6,2,475,0,0,0,475
09/18/2020,JFK,NY,AEA,EN,Towers with Radar,427,10,5,0,442,0,6,4,0,10,427,16,9,0,452,0,0,0,452
09/19/2020,JFK,NY,AEA,EN,Towers with Radar,405,9,0,0,414,0,2,2,0,4,405,11,2,0,418,0,0,0,418
09/20/2020,JFK,NY,AEA,EN,Towers with Radar,448,8,3,2,461,0,0,5,0,5,448,8,8,2,466,0,0,0,466
09/21/2020,JFK,NY,AEA,EN,Towers with Radar,400,10,5,0,415,0,0,2,2,4,400,10,7,2,419,0,0,0,419
09/22/2020,JFK,NY,AEA,EN,Towers with Radar,349,7,0,0,356,0,6,5,0,11,349,13,5,0,367,0,0,0,367
09/23/2020,JFK,NY,AEA,EN,Towers with Radar,376,7,8,0,391,0,6,6,0,12,376,13,14,0,403,0,0,0,403
09/24/2020,JFK,NY,AEA,EN,Towers with Radar,451,12,6,0,469,0,6,5,0,11,451,18,11,0,480,0,0,0,480
09/25/2020,JFK,NY,AEA,EN,Towers with Radar,431,3,0,0,434,0,7,0,0,7,431,10,0,0,441,0,0,0,441
09/26/2020,JFK,NY,AEA,EN,Towers with Radar,414,4,9,0,427,0,0,0,0,0,414,4,9,0,427,0,0,0,427
09/27/2020,JFK,NY,AEA,EN,Towers with Radar,462,10,7,0,479,0,0,4,0,4,462,10,11,0,483,0,0,0,483
09/28/2020,JFK,NY,AEA,EN,Towers with Radar,405,5,3,0,413,0,0,1,0,1,405,5,4,0,414,0,0,0,414
09/29/2020,JFK,NY,AEA,EN,Towers with Radar,354,11,4,0,369,0,7,2,0,9,354,18,6,0,378,0,0,0,378
09/30/2020,JFK,NY,AEA,EN,Towers with Radar,387,5,3,0,395,0,7,0,0,7,387,12,3,0,402,0,0,0,402
10/01/2020,JFK,NY,AEA,EN,Towers with Radar,502,14,7,0,523,0,8,9,0,17,502,22,16,0,540,0,0,0,540
10/02/2020,JFK,NY,AEA,EN,Towers with Radar,485,8,3,0,496,0,7,5,0,12,485,15,8,0,508,0,0,0,508
10/03/2020,JFK,NY,AEA,EN,Towers with Radar,456,9,2,0,467,0,3,6,0,9,456,12,8,0,476,0,0,0,476
10/04/2020,JFK,NY,AEA,EN,Towers with Radar,473,13,0,0,486,0,0,4,0,4,473,13,4,0,490,0,0,0,490
10/05/2020,JFK,NY,AEA,EN,Towers with Radar,450,5,2,2,459,0,0,2,0,2,450,5,4,2,461,0,0,0,461
10/06/2020,JFK,NY,AEA,EN,Towers with Radar,371,7,0,0,378,0,5,3,0,8,371,12,3,0,386,0,0,0,386
10/07/2020,JFK,NY,AEA,EN,Towers with Radar,398,4,4,0,406,0,6,3,0,9,398,10,7,0,415,0,0,0,415
10/08/2020,JFK,NY,AEA,EN,Towers with Radar,477,11,3,0,491,0,5,5,0,10,477,16,8,0,501,0,0,0,501
10/09/2020,JFK,NY,AEA,EN,Towers with Radar,474,10,2,0,486,0,9,10,0,19,474,19,12,0,505,0,0,0,505
10/10/2020,JFK,NY,AEA,EN,Towers with Radar,440,16,3,0,459,0,0,5,0,5,440,16,8,0,464,0,0,0,464
10/11/2020,JFK,NY,AEA,EN,Towers with Radar,488,9,0,0,497,0,0,5,0,5,488,9,5,0,502,0,0,0,502
10/12/2020,JFK,NY,AEA,EN,Towers with Radar,458,12,6,0,476,0,0,2,0,2,458,12,8,0,478,0,0,0,478
10/13/2020,JFK,NY,AEA,EN,Towers with Radar,375,5,7,0,387,0,2,2,0,4,375,7,9,0,391,0,0,0,391
10/14/2020,JFK,NY,AEA,EN,Towers with Radar,400,8,3,0,411,0,4,5,0,9,400,12,8,0,420,0,0,0,420
10/15/2020,JFK,NY,AEA,EN,Towers with Radar,496,16,0,0,512,0,7,4,0,11,496,23,4,0,523,0,0,0,523
10/16/2020,JFK,NY,AEA,EN,Towers with Radar,478,10,2,0,490,0,4,0,0,4,478,14,2,0,494,0,0,0,494
10/17/2020,JFK,NY,AEA,EN,Towers with Radar,466,8,3,0,477,0,0,6,0,6,466,8,9,0,483,0,0,0,483
10/18/2020,JFK,NY,AEA,EN,Towers with Radar,489,4,8,0,501,0,0,2,0,2,489,4,10,0,503,0,0,0,503
10/19/2020,JFK,NY,AEA,EN,Towers with Radar,467,7,2,0,476,0,2,24,0,26,467,9,26,0,502,0,0,0,502
10/20/2020,JFK,NY,AEA,EN,Towers with Radar,379,8,7,0,394,0,0,0,0,0,379,8,7,0,394,0,0,0,394
10/21/2020,JFK,NY,AEA,EN,Towers with Radar,398,8,2,0,408,0,0,0,0,0,398,8,2,0,408,0,0,0,408
10/22/2020,JFK,NY,AEA,EN,Towers with Radar,498,12,4,0,514,0,0,0,0,0,498,12,4,0,514,0,0,0,514
10/23/2020,JFK,NY,AEA,EN,Towers with Radar,486,8,6,0,500,0,0,0,0,0,486,8,6,0,500,0,0,0,500
10/24/2020,JFK,NY,AEA,EN,Towers with Radar,458,9,4,0,471,0,0,0,0,0,458,9,4,0,471,0,0,0,471
10/25/2020,JFK,NY,AEA,EN,Towers with Radar,489,6,0,0,495,0,0,0,0,0,489,6,0,0,495,0,0,0,495
10/26/2020,JFK,NY,AEA,EN,Towers with Radar,456,10,4,0,470,0,0,0,0,0,456,10,4,0,470,0,0,0,470
10/27/2020,JFK,NY,AEA,EN,Towers with Radar,412,8,5,0,425,0,11,0,0,11,412,19,5,0,436,0,0,0,436
10/28/2020,JFK,NY,AEA,EN,Towers with Radar,419,11,3,0,433,0,0,2,0,2,419,11,5,0,435,0,0,0,435
10/29/2020,JFK,NY,AEA,EN,Towers with Radar,503,12,2,0,517,0,8,0,0,8,503,20,2,0,525,0,0,0,525
10/30/2020,JFK,NY,AEA,EN,Towers with Radar,466,7,6,0,479,0,10,0,0,10,466,17,6,0,489,0,0,0,489
10/31/2020,JFK,NY,AEA,EN,Towers with Radar,429,9,0,0,438,0,0,6,0,6,429,9,6,0,444,0,0,0,444
11/01/2020,JFK,NY,AEA,EN,Towers with Radar,499,10,4,0,513,0,0,2,0,2,499,10,6,0,515,0,0,0,515
11/02/2020,JFK,NY,AEA,EN,Towers with Radar,449,11,4,0,464,0,0,0,0,0,449,11,4,0,464,0,0,0,464
11/03/2020,JFK,NY,AEA,EN,Towers with Radar,405,11,0,0,416,0,6,0,0,6,405,17,0,0,422,0,0,0,422
11/04/2020,JFK,NY,AEA,EN,Towers with Radar,393,5,2,0,400,0,7,1,0,8,393,12,3,0,408,0,0,0,408
11/05/2020,JFK,NY,AEA,EN,Towers with Radar,506,11,0,0,517,0,3,3,0,6,506,14,3,0,523,0,0,0,523
11/06/2020,JFK,NY,AEA,EN,Towers with Radar,465,13,3,0,481,0,5,4,0,9,465,18,7,0,490,0,0,0,490
11/07/2020,JFK,NY,AEA,EN,Towers with Radar,467,10,2,0,479,0,2,2,0,4,467,12,4,0,483,0,0,0,483
11/08/2020,JFK,NY,AEA,EN,Towers with Radar,520,8,2,0,530,0,0,2,0,2,520,8,4,0,532,0,0,0,532
11/09/2020,JFK,NY,AEA,EN,Towers with Radar,463,9,4,0,476,0,0,4,0,4,463,9,8,0,480,0,0,0,480
11/10/2020,JFK,NY,AEA,EN,Towers with Radar,428,10,3,0,441,0,0,4,0,4,428,10,7,0,445,0,0,0,445
11/11/2020,JFK,NY,AEA,EN,Towers with Radar,432,8,1,0,441,0,4,0,0,4,432,12,1,0,445,0,0,0,445
11/12/2020,JFK,NY,AEA,EN,Towers with Radar,512,12,0,0,524,0,3,0,0,3,512,15,0,0,527,0,0,0,527
11/13/2020,JFK,NY,AEA,EN,Towers with Radar,483,6,7,0,496,0,0,5,0,5,483,6,12,0,501,0,0,0,501
11/14/2020,JFK,NY,AEA,EN,Towers with Radar,470,12,1,0,483,0,0,5,0,5,470,12,6,0,488,0,0,0,488
11/15/2020,JFK,NY,AEA,EN,Towers with Radar,523,7,3,0,533,0,0,0,0,0,523,7,3,0,533,0,0,0,533
11/16/2020,JFK,NY,AEA,EN,Towers with Radar,472,6,2,0,480,0,0,6,0,6,472,6,8,0,486,0,0,0,486
11/17/2020,JFK,NY,AEA,EN,Towers with Radar,417,8,4,1,430,0,6,7,0,13,417,14,11,1,443,0,0,0,443
11/18/2020,JFK,NY,AEA,EN,Towers with Radar,435,10,1,0,446,0,6,2,2,10,435,16,3,2,456,0,0,0,456
11/19/2020,JFK,NY,AEA,EN,Towers with Radar,555,6,2,0,563,0,8,3,2,13,555,14,5,2,576,0,0,0,576
11/20/2020,JFK,NY,AEA,EN,Towers with Radar,523,5,2,0,530,0,5,2,0,7,523,10,4,0,537,0,0,0,537
11/21/2020,JFK,NY,AEA,EN,Towers with Radar,567,8,2,0,577,0,0,5,0,5,567,8,7,0,582,0,0,0,582
11/22/2020,JFK,NY,AEA,EN,Towers with Radar,577,6,5,1,589,0,0,0,0,0,577,6,5,1,589,0,0,0,589
11/23/2020,JFK,NY,AEA,EN,Towers with Radar,504,4,3,0,511,0,0,0,0,0,504,4,3,0,511,0,0,0,511
11/24/2020,JFK,NY,AEA,EN,Towers with Radar,539,12,4,0,555,0,7,6,0,13,539,19,10,0,568,0,0,0,568
11/25/2020,JFK,NY,AEA,EN,Towers with Radar,524,8,0,0,532,0,7,5,0,12,524,15,5,0,544,0,0,0,544
11/26/2020,JFK,NY,AEA,EN,Towers with Radar,409,4,6,0,419,0,0,5,0,5,409,4,11,0,424,0,0,0,424
11/27/2020,JFK,NY,AEA,EN,Towers with Radar,478,8,3,0,489,0,4,1,0,5,478,12,4,0,494,0,0,0,494
11/28/2020,JFK,NY,AEA,EN,Towers with Radar,558,8,2,0,568,0,0,2,0,2,558,8,4,0,570,0,0,0,570
11/29/2020,JFK,NY,AEA,EN,Towers with Radar,581,14,6,0,601,0,0,1,0,1,581,14,7,0,602,0,0,0,602
11/30/2020,JFK,NY,AEA,EN,Towers with Radar,546,2,0,0,548,1,0,0,0,1,547,2,0,0,549,0,0,0,549
12/01/2020,JFK,NY,AEA,EN,Towers with Radar,550,1,0,0,551,0,5,0,2,7,550,6,0,2,558,0,0,0,558
12/02/2020,JFK,NY,AEA,EN,Towers with Radar,491,8,0,0,499,0,4,2,0,6,491,12,2,0,505,0,0,0,505
12/03/2020,JFK,NY,AEA,EN,Towers with Radar,560,7,1,0,568,0,3,0,0,3,560,10,1,0,571,0,0,0,571
12/04/2020,JFK,NY,AEA,EN,Towers with Radar,492,9,2,0,503,1,7,0,2,10,493,16,2,2,513,0,0,0,513
12/05/2020,JFK,NY,AEA,EN,Towers with Radar,467,14,1,0,482,0,0,0,0,0,467,14,1,0,482,0,0,0,482
12/06/2020,JFK,NY,AEA,EN,Towers with Radar,546,9,0,0,555,0,0,0,0,0,546,9,0,0,555,0,0,0,555
12/07/2020,JFK,NY,AEA,EN,Towers with Radar,488,7,0,0,495,0,0,2,0,2,488,7,2,0,497,0,0,0,497
12/08/2020,JFK,NY,AEA,EN,Towers with Radar,457,8,0,0,465,0,5,2,0,7,457,13,2,0,472,0,0,0,472
12/09/2020,JFK,NY,AEA,EN,Towers with Radar,462,7,8,1,478,0,6,5,0,11,462,13,13,1,489,0,0,0,489
12/10/2020,JFK,NY,AEA,EN,Towers with Radar,568,2,5,1,576,0,5,6,0,11,568,7,11,1,587,0,0,0,587
12/11/2020,JFK,NY,AEA,EN,Towers with Radar,510,8,0,0,518,0,6,1,1,8,510,14,1,1,526,0,0,0,526
12/12/2020,JFK,NY,AEA,EN,Towers with Radar,480,14,0,0,494,0,0,0,0,0,480,14,0,0,494,0,0,0,494
12/13/2020,JFK,NY,AEA,EN,Towers with Radar,565,10,2,0,577,0,0,0,0,0,565,10,2,0,577,0,0,0,577
12/14/2020,JFK,NY,AEA,EN,Towers with Radar,512,8,6,0,526,0,0,0,0,0,512,8,6,0,526,0,0,0,526
12/15/2020,JFK,NY,AEA,EN,Towers with Radar,470,10,2,0,482,0,5,7,0,12,470,15,9,0,494,0,0,0,494
12/16/2020,JFK,NY,AEA,EN,Towers with Radar,367,5,2,0,374,0,4,1,0,5,367,9,3,0,379,0,0,0,379
12/17/2020,JFK,NY,AEA,EN,Towers with Radar,454,8,8,0,470,0,0,0,0,0,454,8,8,0,470,0,0,0,470
12/18/2020,JFK,NY,AEA,EN,Towers with Radar,613,8,4,0,625,0,5,1,0,6,613,13,5,0,631,0,0,0,631
12/19/2020,JFK,NY,AEA,EN,Towers with Radar,629,8,1,0,638,0,0,2,0,2,629,8,3,0,640,0,0,0,640
12/20/2020,JFK,NY,AEA,EN,Towers with Radar,651,4,1,0,656,0,0,0,0,0,651,4,1,0,656,0,0,0,656
12/21/2020,JFK,NY,AEA,EN,Towers with Radar,599,2,5,0,606,0,0,1,0,1,599,2,6,0,607,0,0,0,607
12/22/2020,JFK,NY,AEA,EN,Towers with Radar,598,16,0,0,614,0,4,3,0,7,598,20,3,0,621,0,0,0,621
12/23/2020,JFK,NY,AEA,EN,Towers with Radar,609,5,8,0,622,0,4,2,5,11,609,9,10,5,633,0,0,0,633
12/24/2020,JFK,NY,AEA,EN,Towers with Radar,483,4,4,0,491,0,4,0,0,4,483,8,4,0,495,0,0,0,495
12/25/2020,JFK,NY,AEA,EN,Towers with Radar,385,2,1,0,388,0,0,2,0,2,385,2,3,0,390,0,0,0,390
12/26/2020,JFK,NY,AEA,EN,Towers with Radar,505,4,6,0,515,0,0,1,0,1,505,4,7,0,516,0,0,0,516
12/27/2020,JFK,NY,AEA,EN,Towers with Radar,594,4,4,0,602,0,0,2,0,2,594,4,6,0,604,0,0,0,604
12/28/2020,JFK,NY,AEA,EN,Towers with Radar,556,3,0,0,559,0,0,20,0,20,556,3,20,0,579,0,0,0,579
12/29/2020,JFK,NY,AEA,EN,Towers with Radar,566,7,2,0,575,0,4,1,0,5,566,11,3,0,580,0,0,0,580
12/30/2020,JFK,NY,AEA,EN,Towers with Radar,575,5,2,0,582,0,4,5,0,9,575,9,7,0,591,0,0,0,591
12/31/2020,JFK,NY,AEA,EN,Towers with Radar,491,8,6,0,505,0,2,0,0,2,491,10,6,0,507,0,0,0,507
01/01/2021,JFK,NY,AEA,EN,Towers with Radar,442,4,4,0,450,0,0,1,0,1,442,4,5,0,451,0,0,0,451
01/02/2021,JFK,NY,AEA,EN,Towers with Radar,574,6,3,0,583,0,0,0,0,0,574,6,3,0,583,0,0,0,583
01/03/2021,JFK,NY,AEA,EN,Towers with Radar,600,10,7,0,617,0,0,0,0,0,600,10,7,0,617,0,0,0,617
01/04/2021,JFK,NY,AEA,EN,Towers with Radar,570,9,2,0,581,0,0,0,0,0,570,9,2,0,581,0,0,0,581
01/05/2021,JFK,NY,AEA,EN,Towers with Radar,456,8,2,0,466,0,4,4,0,8,456,12,6,0,474,0,0,0,474
01/06/2021,JFK,NY,AEA,EN,Towers with Radar,464,4,0,0,468,0,4,2,2,8,464,8,2,2,476,0,0,0,476
01/07/2021,JFK,NY,AEA,EN,Towers with Radar,535,4,3,0,542,0,5,3,0,8,535,9,6,0,550,0,0,0,550
01/08/2021,JFK,NY,AEA,EN,Towers with Radar,494,6,3,0,503,0,4,0,0,4,494,10,3,0,507,0,0,0,507
01/09/2021,JFK,NY,AEA,EN,Towers with Radar,481,8,0,0,489,0,0,3,0,3,481,8,3,0,492,0,0,0,492
01/10/2021,JFK,NY,AEA,EN,Towers with Radar,527,6,2,0,535,0,0,1,0,1,527,6,3,0,536,0,0,0,536
01/11/2021,JFK,NY,AEA,EN,Towers with Radar,479,9,2,0,490,0,0,0,0,0,479,9,2,0,490,0,0,0,490
01/12/2021,JFK,NY,AEA,EN,Towers with Radar,417,8,0,0,425,0,4,2,0,6,417,12,2,0,431,0,0,0,431
01/13/2021,JFK,NY,AEA,EN,Towers with Radar,424,6,5,0,435,0,4,6,0,10,424,10,11,0,445,0,0,0,445
01/14/2021,JFK,NY,AEA,EN,Towers with Radar,538,7,4,0,549,0,6,4,0,10,538,13,8,0,559,0,0,0,559
01/15/2021,JFK,NY,AEA,EN,Towers with Radar,486,6,3,0,495,0,0,2,0,2,486,6,5,0,497,0,0,0,497
01/16/2021,JFK,NY,AEA,EN,Towers with Radar,481,3,2,0,486,0,0,0,0,0,481,3,2,0,486,0,0,0,486
01/17/2021,JFK,NY,AEA,EN,Towers with Radar,515,9,7,0,531,0,0,2,0,2,515,9,9,0,533,0,0,0,533
01/18/2021,JFK,NY,AEA,EN,Towers with Radar,474,5,0,0,479,0,0,4,0,4,474,5,4,0,483,0,0,0,483
01/19/2021,JFK,NY,AEA,EN,Towers with Radar,407,13,6,0,426,0,4,1,0,5,407,17,7,0,431,0,0,0,431
01/20/2021,JFK,NY,AEA,EN,Towers with Radar,414,13,8,0,435,0,2,2,0,4,414,15,10,0,439,0,0,0,439
01/21/2021,JFK,NY,AEA,EN,Towers with Radar,513,10,6,0,529,0,6,0,0,6,513,16,6,0,535,0,0,0,535
01/22/2021,JFK,NY,AEA,EN,Towers with Radar,467,13,0,0,480,0,4,2,0,6,467,17,2,0,486,0,0,0,486
01/23/2021,JFK,NY,AEA,EN,Towers with Radar,464,7,6,0,477,1,1,0,0,2,465,8,6,0,479,0,0,0,479
01/24/2021,JFK,NY,AEA,EN,Towers with Radar,506,9,3,0,518,0,0,0,0,0,506,9,3,0,518,0,0,0,518
01/25/2021,JFK,NY,AEA,EN,Towers with Radar,471,5,5,0,481,0,0,3,0,3,471,5,8,0,484,0,0,0,484
01/26/2021,JFK,NY,AEA,EN,Towers with Radar,395,9,0,0,404,0,4,0,0,4,395,13,0,0,408,0,0,0,408
01/27/2021,JFK,NY,AEA,EN,Towers with Radar,416,14,2,0,432,0,4,0,0,4,416,18,2,0,436,0,0,0,436
01/28/2021,JFK,NY,AEA,EN,Towers with Radar,514,9,2,0,525,0,4,4,0,8,514,13,6,0,533,0,0,0,533
01/29/2021,JFK,NY,AEA,EN,Towers with Radar,470,9,5,0,484,0,4,0,0,4,470,13,5,0,488,0,0,0,488
01/30/2021,JFK,NY,AEA,EN,Towers with Radar,458,5,1,0,464,0,3,1,0,4,458,8,2,0,468,0,0,0,468
01/31/2021,JFK,NY,AEA,EN,Towers with Radar,481,11,10,0,502,0,0,0,0,0,481,11,10,0,502,0,0,0,502
02/01/2021,JFK,NY,AEA,EN,Towers with Radar,46,0,0,0,46,0,0,0,0,0,46,0,0,0,46,0,0,0,46
02/02/2021,JFK,NY,AEA,EN,Towers with Radar,286,4,3,0,293,0,0,0,0,0,286,4,3,0,293,0,0,0,293
02/03/2021,JFK,NY,AEA,EN,Towers with Radar,444,7,8,1,460,0,6,2,0,8,444,13,10,1,468,0,0,0,468
02/04/2021,JFK,NY,AEA,EN,Towers with Radar,519,6,0,1,526,0,4,1,1,6,519,10,1,2,532,0,0,0,532
02/05/2021,JFK,NY,AEA,EN,Towers with Radar,479,3,0,2,484,0,4,6,0,10,479,7,6,2,494,0,0,0,494
02/06/2021,JFK,NY,AEA,EN,Towers with Radar,471,6,0,0,477,0,0,0,0,0,471,6,0,0,477,0,0,0,477
02/07/2021,JFK,NY,AEA,EN,Towers with Radar,458,2,6,1,467,0,0,0,0,0,458,2,6,1,467,0,0,0,467
02/08/2021,JFK,NY,AEA,EN,Towers with Radar,469,12,2,0,483,0,0,1,0,1,469,12,3,0,484,0,0,0,484
02/09/2021,JFK,NY,AEA,EN,Towers with Radar,395,7,2,0,404,0,0,0,0,0,395,7,2,0,404,0,0,0,404
02/10/2021,JFK,NY,AEA,EN,Towers with Radar,437,7,7,0,451,0,6,5,0,11,437,13,12,0,462,0,0,0,462
02/11/2021,JFK,NY,AEA,EN,Towers with Radar,563,8,3,0,574,0,0,2,0,2,563,8,5,0,576,0,0,0,576
02/12/2021,JFK,NY,AEA,EN,Towers with Radar,552,5,2,0,559,0,5,2,0,7,552,10,4,0,566,0,0,0,566
02/13/2021,JFK,NY,AEA,EN,Towers with Radar,533,7,2,0,542,0,0,2,0,2,533,7,4,0,544,0,0,0,544
02/14/2021,JFK,NY,AEA,EN,Towers with Radar,541,5,2,0,548,0,0,2,0,2,541,5,4,0,550,0,0,0,550
02/15/2021,JFK,NY,AEA,EN,Towers with Radar,518,5,1,0,524,0,0,0,0,0,518,5,1,0,524,0,0,0,524
02/16/2021,JFK,NY,AEA,EN,Towers with Radar,455,12,3,0,470,0,0,0,0,0,455,12,3,0,470,0,0,0,470
02/17/2021,JFK,NY,AEA,EN,Towers with Radar,465,7,4,0,476,0,4,3,0,7,465,11,7,0,483,0,0,0,483
02/18/2021,JFK,NY,AEA,EN,Towers with Radar,405,5,4,0,414,0,0,0,0,0,405,5,4,0,414,0,0,0,414
02/19/2021,JFK,NY,AEA,EN,Towers with Radar,510,5,11,0,526,0,2,0,0,2,510,7,11,0,528,0,0,0,528
02/20/2021,JFK,NY,AEA,EN,Towers with Radar,567,10,4,0,581,0,0,0,0,0,567,10,4,0,581,0,0,0,581
02/21/2021,JFK,NY,AEA,EN,Towers with Radar,557,9,1,0,567,0,0,5,0,5,557,9,6,0,572,0,0,0,572
02/22/2021,JFK,NY,AEA,EN,Towers with Radar,510,10,1,0,521,0,0,1,0,1,510,10,2,0,522,0,0,0,522
02/23/2021,JFK,NY,AEA,EN,Towers with Radar,444,8,1,0,453,0,4,4,0,8,444,12,5,0,461,0,0,0,461
02/24/2021,JFK,NY,AEA,EN,Towers with Radar,455,10,3,0,468,0,6,16,0,22,455,16,19,0,490,0,0,0,490
02/25/2021,JFK,NY,AEA,EN,Towers with Radar,547,7,5,0,559,0,4,0,0,4,547,11,5,0,563,0,0,0,563
02/26/2021,JFK,NY,AEA,EN,Towers with Radar,530,5,1,0,536,0,4,5,0,9,530,9,6,0,545,0,0,0,545
02/27/2021,JFK,NY,AEA,EN,Towers with Radar,531,13,5,0,549,0,0,0,0,0,531,13,5,0,549,0,0,0,549
02/28/2021,JFK,NY,AEA,EN,Towers with Radar,558,6,1,1,566,0,0,0,0,0,558,6,1,1,566,0,0,0,566
03/01/2021,JFK,NY,AEA,EN,Towers with Radar,530,8,2,1,541,0,0,0,0,0,530,8,2,1,541,0,0,0,541
03/02/2021,JFK,NY,AEA,EN,Towers with Radar,479,21,0,0,500,0,4,0,2,6,479,25,0,2,506,0,0,0,506
03/03/2021,JFK,NY,AEA,EN,Towers with Radar,483,18,4,0,505,0,6,0,0,6,483,24,4,0,511,0,0,0,511
03/04/2021,JFK,NY,AEA,EN,Towers with Radar,556,26,0,0,582,0,5,1,0,6,556,31,1,0,588,0,0,0,588
03/05/2021,JFK,NY,AEA,EN,Towers with Radar,563,23,3,0,589,0,5,0,0,5,563,28,3,0,594,0,0,0,594
03/06/2021,JFK,NY,AEA,EN,Towers with Radar,550,19,1,1,571,0,0,0,0,0,550,19,1,1,571,0,0,0,571
03/07/2021,JFK,NY,AEA,EN,Towers with Radar,584,28,5,0,617,0,0,5,0,5,584,28,10,0,622,0,0,0,622
03/08/2021,JFK,NY,AEA,EN,Towers with Radar,549,23,3,0,575,0,0,2,0,2,549,23,5,0,577,0,0,0,577
03/09/2021,JFK,NY,AEA,EN,Towers with Radar,482,24,2,1,509,0,4,3,0,7,482,28,5,1,516,0,0,0,516
03/10/2021,JFK,NY,AEA,EN,Towers with Radar,520,19,3,1,543,0,4,2,1,7,520,23,5,2,550,0,0,0,550
03/11/2021,JFK,NY,AEA,EN,Towers with Radar,591,25,10,0,626,0,2,2,0,4,591,27,12,0,630,0,0,0,630
03/12/2021,JFK,NY,AEA,EN,Towers with Radar,581,21,0,0,602,0,4,0,0,4,581,25,0,0,606,0,0,0,606
03/13/2021,JFK,NY,AEA,EN,Towers with Radar,571,18,6,0,595,0,0,2,0,2,571,18,8,0,597,0,0,0,597
03/14/2021,JFK,NY,AEA,EN,Towers with Radar,582,27,4,0,613,0,0,2,0,2,582,27,6,0,615,0,0,0,615
03/15/2021,JFK,NY,AEA,EN,Towers with Radar,546,25,5,1,577,0,0,0,2,2,546,25,5,3,579,0,0,0,579
03/16/2021,JFK,NY,AEA,EN,Towers with Radar,497,22,1,0,520,0,4,6,0,10,497,26,7,0,530,0,0,0,530
03/17/2021,JFK,NY,AEA,EN,Towers with Radar,516,20,4,0,540,0,4,0,0,4,516,24,4,0,544,0,0,0,544
03/18/2021,JFK,NY,AEA,EN,Towers with Radar,621,23,0,0,644,0,4,0,0,4,621,27,0,0,648,0,0,0,648
03/19/2021,JFK,NY,AEA,EN,Towers with Radar,579,20,0,0,599,0,4,2,0,6,579,24,2,0,605,0,0,0,605
03/20/2021,JFK,NY,AEA,EN,Towers with Radar,593,20,0,0,613,0,0,1,0,1,593,20,1,0,614,0,0,0,614
03/21/2021,JFK,NY,AEA,EN,Towers with Radar,601,23,2,0,626,0,0,2,0,2,601,23,4,0,628,0,0,0,628
03/22/2021,JFK,NY,AEA,EN,Towers with Radar,563,30,0,0,593,0,2,0,0,2,563,32,0,0,595,0,0,0,595
03/23/2021,JFK,NY,AEA,EN,Towers with Radar,507,17,11,1,536,0,1,26,0,27,507,18,37,1,563,0,0,0,563
03/24/2021,JFK,NY,AEA,EN,Towers with Radar,536,17,4,1,558,0,4,2,0,6,536,21,6,1,564,0,0,0,564
03/25/2021,JFK,NY,AEA,EN,Towers with Radar,621,32,2,0,655,0,0,0,0,0,621,32,2,0,655,0,0,0,655
03/26/2021,JFK,NY,AEA,EN,Towers with Radar,619,26,2,0,647,0,0,4,0,4,619,26,6,0,651,0,0,0,651
03/27/2021,JFK,NY,AEA,EN,Towers with Radar,621,23,7,0,651,0,1,2,0,3,621,24,9,0,654,0,0,0,654
03/28/2021,JFK,NY,AEA,EN,Towers with Radar,650,22,3,0,675,0,0,0,0,0,650,22,3,0,675,0,0,0,675
03/29/2021,JFK,NY,AEA,EN,Towers with Radar,602,22,2,0,626,0,0,2,0,2,602,22,4,0,628,0,0,0,628
03/30/2021,JFK,NY,AEA,EN,Towers with Radar,561,27,1,0,589,0,6,2,2,10,561,33,3,2,599,0,0,0,599
03/31/2021,JFK,NY,AEA,EN,Towers with Radar,571,21,4,0,596,0,4,0,0,4,571,25,4,0,600,0,0,0,600
04/01/2021,JFK,NY,AEA,EN,Towers with Radar,642,27,4,0,673,0,4,2,0,6,642,31,6,0,679,0,0,0,679
04/02/2021,JFK,NY,AEA,EN,Towers with Radar,666,23,4,0,693,0,4,0,0,4,666,27,4,0,697,0,0,0,697
04/03/2021,JFK,NY,AEA,EN,Towers with Radar,634,30,5,0,669,0,3,4,0,7,634,33,9,0,676,0,0,0,676
04/04/2021,JFK,NY,AEA,EN,Towers with Radar,659,24,2,1,686,0,0,3,0,3,659,24,5,1,689,0,0,0,689
04/05/2021,JFK,NY,AEA,EN,Towers with Radar,646,34,19,0,699,0,2,6,0,8,646,36,25,0,707,0,0,0,707
04/06/2021,JFK,NY,AEA,EN,Towers with Radar,575,17,12,0,604,0,4,0,0,4,575,21,12,0,608,0,0,0,608
04/07/2021,JFK,NY,AEA,EN,Towers with Radar,590,23,3,1,617,0,4,2,0,6,590,27,5,1,623,0,0,0,623
04/08/2021,JFK,NY,AEA,EN,Towers with Radar,681,21,0,0,702,0,5,9,1,15,681,26,9,1,717,0,0,0,717
04/09/2021,JFK,NY,AEA,EN,Towers with Radar,668,22,12,0,702,0,2,4,0,6,668,24,16,0,708,0,0,0,708
04/10/2021,JFK,NY,AEA,EN,Towers with Radar,633,18,3,1,655,0,0,0,0,0,633,18,3,1,655,0,0,0,655
04/11/2021,JFK,NY,AEA,EN,Towers with Radar,652,26,1,0,679,0,0,0,0,0,652,26,1,0,679,0,0,0,679
04/12/2021,JFK,NY,AEA,EN,Towers with Radar,649,22,4,0,675,0,0,0,0,0,649,22,4,0,675,0,0,0,675
04/13/2021,JFK,NY,AEA,EN,Towers with Radar,572,15,2,0,589,0,4,1,0,5,572,19,3,0,594,0,0,0,594
04/14/2021,JFK,NY,AEA,EN,Towers with Radar,591,21,2,0,614,0,10,5,0,15,591,31,7,0,629,0,0,0,629
04/15/2021,JFK,NY,AEA,EN,Towers with Radar,686,25,2,0,713,0,0,0,0,0,686,25,2,0,713,0,0,0,713
04/16/2021,JFK,NY,AEA,EN,Towers with Radar,676,20,9,0,705,0,4,0,2,6,676,24,9,2,711,0,0,0,711
04/17/2021,JFK,NY,AEA,EN,Towers with Radar,647,16,3,0,666,0,1,2,0,3,647,17,5,0,669,0,0,0,669
04/18/2021,JFK,NY,AEA,EN,Towers with Radar,677,26,7,0,710,0,0,2,0,2,677,26,9,0,712,0,0,0,712
04/19/2021,JFK,NY,AEA,EN,Towers with Radar,647,26,2,0,675,0,0,0,0,0,647,26,2,0,675,0,0,0,675
04/20/2021,JFK,NY,AEA,EN,Towers with Radar,561,21,1,0,583,0,6,0,0,6,561,27,1,0,589,0,0,0,589
04/21/2021,JFK,NY,AEA,EN,Towers with Radar,602,20,3,0,625,0,4,1,0,5,602,24,4,0,630,0,0,0,630
04/22/2021,JFK,NY,AEA,EN,Towers with Radar,691,29,0,0,720,0,0,1,0,1,691,29,1,0,721,0,0,0,721
04/23/2021,JFK,NY,AEA,EN,Towers with Radar,673,26,4,0,703,0,7,3,2,12,673,33,7,2,715,0,0,0,715
04/24/2021,JFK,NY,AEA,EN,Towers with Radar,624,20,6,0,650,0,0,1,0,1,624,20,7,0,651,0,0,0,651
04/25/2021,JFK,NY,AEA,EN,Towers with Radar,684,29,4,1,718,0,0,2,0,2,684,29,6,1,720,0,0,0,720
04/26/2021,JFK,NY,AEA,EN,Towers with Radar,674,19,4,1,698,0,0,23,0,23,674,19,27,1,721,0,0,0,721
04/27/2021,JFK,NY,AEA,EN,Towers with Radar,565,16,6,0,587,0,4,4,0,8,565,20,10,0,595,0,0,0,595
04/28/2021,JFK,NY,AEA,EN,Towers with Radar,589,18,2,0,609,0,4,6,0,10,589,22,8,0,619,0,0,0,619
04/29/2021,JFK,NY,AEA,EN,Towers with Radar,704,27,6,0,737,0,4,17,0,21,704,31,23,0,758,0,0,0,758
04/30/2021,JFK,NY,AEA,EN,Towers with Radar,673,42,3,0,718,0,4,2,0,6,673,46,5,0,724,0,0,0,724
05/01/2021,JFK,NY,AEA,EN,Towers with Radar,637,20,2,0,659,0,0,4,0,4,637,20,6,0,663,0,0,0,663
05/02/2021,JFK,NY,AEA,EN,Towers with Radar,697,29,4,0,730,0,0,6,0,6,697,29,10,0,736,0,0,0,736
05/03/2021,JFK,NY,AEA,EN,Towers with Radar,666,18,4,0,688,0,0,0,0,0,666,18,4,0,688,0,0,0,688
05/04/2021,JFK,NY,AEA,EN,Towers with Radar,581,19,1,0,601,0,0,4,0,4,581,19,5,0,605,0,0,0,605
05/05/2021,JFK,NY,AEA,EN,Towers with Radar,635,20,2,0,657,0,0,0,0,0,635,20,2,0,657,0,0,0,657
05/06/2021,JFK,NY,AEA,EN,Towers with Radar,765,28,6,0,799,0,4,4,0,8,765,32,10,0,807,0,0,0,807
05/07/2021,JFK,NY,AEA,EN,Towers with Radar,780,26,6,0,812,0,7,5,0,12,780,33,11,0,824,0,0,0,824
05/08/2021,JFK,NY,AEA,EN,Towers with Radar,735,23,4,0,762,0,0,2,0,2,735,23,6,0,764,0,0,0,764
05/09/2021,JFK,NY,AEA,EN,Towers with Radar,790,22,4,0,816,0,4,2,0,6,790,26,6,0,822,0,0,0,822
05/10/2021,JFK,NY,AEA,EN,Towers with Radar,763,26,7,0,796,0,0,18,0,18,763,26,25,0,814,0,0,0,814
05/11/2021,JFK,NY,AEA,EN,Towers with Radar,704,26,0,0,730,0,4,6,2,12,704,30,6,2,742,0,0,0,742
05/12/2021,JFK,NY,AEA,EN,Towers with Radar,707,24,1,0,732,0,4,2,2,8,707,28,3,2,740,0,0,0,740
05/13/2021,JFK,NY,AEA,EN,Towers with Radar,802,25,10,2,839,0,5,0,0,5,802,30,10,2,844,0,0,0,844
05/14/2021,JFK,NY,AEA,EN,Towers with Radar,768,23,2,0,793,1,4,2,0,7,769,27,4,0,800,0,0,0,800
05/15/2021,JFK,NY,AEA,EN,Towers with Radar,736,19,2,1,758,0,2,11,0,13,736,21,13,1,771,0,0,0,771
05/16/2021,JFK,NY,AEA,EN,Towers with Radar,794,22,8,1,825,0,2,1,0,3,794,24,9,1,828,0,0,0,828
05/17/2021,JFK,NY,AEA,EN,Towers with Radar,770,18,0,0,788,0,0,4,2,6,770,18,4,2,794,0,0,0,794
05/18/2021,JFK,NY,AEA,EN,Towers with Radar,700,27,0,0,727,0,4,5,0,9,700,31,5,0,736,0,0,0,736
05/19/2021,JFK,NY,AEA,EN,Towers with Radar,710,23,2,0,735,0,4,10,0,14,710,27,12,0,749,0,0,0,749
05/20/2021,JFK,NY,AEA,EN,Towers with Radar,797,28,7,2,834,0,4,8,0,12,797,32,15,2,846,0,0,0,846
05/21/2021,JFK,NY,AEA,EN,Towers with Radar,791,28,6,0,825,0,7,12,0,19,791,35,18,0,844,0,0,0,844
05/22/2021,JFK,NY,AEA,EN,Towers with Radar,742,21,8,0,771,0,3,7,2,12,742,24,15,2,783,0,0,0,783
05/23/2021,JFK,NY,AEA,EN,Towers with Radar,806,23,12,0,841,0,0,6,0,6,806,23,18,0,847,0,0,0,847
05/24/2021,JFK,NY,AEA,EN,Towers with Radar,779,26,9,0,814,0,0,0,0,0,779,26,9,0,814,0,0,0,814
05/25/2021,JFK,NY,AEA,EN,Towers with Radar,714,22,7,0,743,0,5,6,4,15,714,27,13,4,758,0,0,0,758
05/26/2021,JFK,NY,AEA,EN,Towers with Radar,718,26,5,0,749,0,0,1,0,1,718,26,6,0,750,0,0,0,750
05/27/2021,JFK,NY,AEA,EN,Towers with Radar,823,31,8,0,862,0,6,20,2,28,823,37,28,2,890,0,0,0,890
05/28/2021,JFK,NY,AEA,EN,Towers with Radar,785,30,12,0,827,0,5,7,1,13,785,35,19,1,840,0,0,0,840
05/29/2021,JFK,NY,AEA,EN,Towers with Radar,750,24,5,0,779,0,0,0,0,0,750,24,5,0,779,0,0,0,779
05/30/2021,JFK,NY,AEA,EN,Towers with Radar,792,19,7,0,818,0,0,2,0,2,792,19,9,0,820,0,0,0,820
05/31/2021,JFK,NY,AEA,EN,Towers with Radar,769,26,5,1,801,0,2,18,1,21,769,28,23,2,822,0,0,0,822
06/01/2021,JFK,NY,AEA,EN,Towers with Radar,709,29,11,0,749,0,4,3,0,7,709,33,14,0,756,0,0,0,756
06/02/2021,JFK,NY,AEA,EN,Towers with Radar,733,30,6,1,770,0,4,21,4,29,733,34,27,5,799,0,0,0,799
06/03/2021,JFK,NY,AEA,EN,Towers with Radar,810,31,9,0,850,0,0,0,0,0,810,31,9,0,850,0,0,0,850
06/04/2021,JFK,NY,AEA,EN,Towers with Radar,820,31,8,0,859,0,0,6,0,6,820,31,14,0,865,0,0,0,865
06/05/2021,JFK,NY,AEA,EN,Towers with Radar,819,20,5,0,844,0,2,7,0,9,819,22,12,0,853,0,0,0,853
06/06/2021,JFK,NY,AEA,EN,Towers with Radar,867,9,9,0,885,0,0,6,4,10,867,9,15,4,895,0,0,0,895
06/07/2021,JFK,NY,AEA,EN,Towers with Radar,838,5,11,0,854,0,0,18,1,19,838,5,29,1,873,0,0,0,873
06/08/2021,JFK,NY,AEA,EN,Towers with Radar,784,14,9,0,807,0,2,2,0,4,784,16,11,0,811,0,0,0,811
06/09/2021,JFK,NY,AEA,EN,Towers with Radar,810,11,7,0,828,0,6,12,4,22,810,17,19,4,850,0,0,0,850
06/10/2021,JFK,NY,AEA,EN,Towers with Radar,904,15,12,0,931,0,4,15,0,19,904,19,27,0,950,0,0,0,950
06/11/2021,JFK,NY,AEA,EN,Towers with Radar,904,10,13,0,927,0,5,15,0,20,904,15,28,0,947,0,0,0,947
06/12/2021,JFK,NY,AEA,EN,Towers with Radar,872,9,5,0,886,0,1,0,0,1,872,10,5,0,887,0,0,0,887
06/13/2021,JFK,NY,AEA,EN,Towers with Radar,912,5,17,0,934,0,1,11,0,12,912,6,28,0,946,0,0,0,946
06/14/2021,JFK,NY,AEA,EN,Towers with Radar,881,8,2,0,891,0,0,8,4,12,881,8,10,4,903,0,0,0,903
06/15/2021,JFK,NY,AEA,EN,Towers with Radar,864,17,4,1,886,0,4,14,0,18,864,21,18,1,904,0,0,0,904
06/16/2021,JFK,NY,AEA,EN,Towers with Radar,875,10,0,0,885,0,5,17,0,22,875,15,17,0,907,0,0,0,907
06/17/2021,JFK,NY,AEA,EN,Towers with Radar,936,18,5,1,960,0,4,22,2,28,936,22,27,3,988,0,0,0,988
06/18/2021,JFK,NY,AEA,EN,Towers with Radar,945,20,12,2,979,0,4,27,1,32,945,24,39,3,1011,0,0,0,1011
06/19/2021,JFK,NY,AEA,EN,Towers with Radar,874,21,5,0,900,0,0,3,0,3,874,21,8,0,903,0,0,0,903
06/20/2021,JFK,NY,AEA,EN,Towers with Radar,906,9,3,0,918,0,0,5,0,5,906,9,8,0,923,0,0,0,923
06/21/2021,JFK,NY,AEA,EN,Towers with Radar,890,9,8,0,907,0,4,20,0,24,890,13,28,0,931,0,0,0,931
06/22/2021,JFK,NY,AEA,EN,Towers with Radar,862,13,4,1,880,0,6,9,0,15,862,19,13,1,895,0,0,0,895
06/23/2021,JFK,NY,AEA,EN,Towers with Radar,893,13,4,1,911,0,7,31,0,38,893,20,35,1,949,0,0,0,949
06/24/2021,JFK,NY,AEA,EN,Towers with Radar,950,18,2,3,973,0,15,31,2,48,950,33,33,5,1021,0,0,0,1021
06/25/2021,JFK,NY,AEA,EN,Towers with Radar,948,9,11,0,968,0,0,31,0,31,948,9,42,0,999,0,0,0,999
06/26/2021,JFK,NY,AEA,EN,Towers with Radar,876,14,5,0,895,0,0,1,0,1,876,14,6,0,896,0,0,0,896
06/27/2021,JFK,NY,AEA,EN,Towers with Radar,951,11,9,2,973,0,2,12,2,16,951,13,21,4,989,0,0,0,989
06/28/2021,JFK,NY,AEA,EN,Towers with Radar,908,8,9,1,926,0,0,18,2,20,908,8,27,3,946,0,0,0,946
06/29/2021,JFK,NY,AEA,EN,Towers with Radar,876,16,13,0,905,0,5,23,2,30,876,21,36,2,935,0,0,0,935
06/30/2021,JFK,NY,AEA,EN,Towers with Radar,905,7,9,0,921,0,8,20,0,28,905,15,29,0,949,0,0,0,949
07/01/2021,JFK,NY,AEA,EN,Towers with Radar,912,20,10,0,942,0,6,16,0,22,912,26,26,0,964,0,0,0,964
07/02/2021,JFK,NY,AEA,EN,Towers with Radar,976,17,9,1,1003,0,14,7,0,21,976,31,16,1,1024,0,0,0,1024
07/03/2021,JFK,NY,AEA,EN,Towers with Radar,784,12,6,0,802,0,0,0,0,0,784,12,6,0,802,0,0,0,802
07/04/2021,JFK,NY,AEA,EN,Towers with Radar,891,10,3,1,905,0,2,3,0,5,891,12,6,1,910,0,0,0,910
07/05/2021,JFK,NY,AEA,EN,Towers with Radar,895,19,7,0,921,0,4,32,0,36,895,23,39,0,957,0,0,0,957
07/06/2021,JFK,NY,AEA,EN,Towers with Radar,770,10,5,0,785,0,5,20,1,26,770,15,25,1,811,0,0,0,811
07/07/2021,JFK,NY,AEA,EN,Towers with Radar,971,12,10,0,993,0,11,13,0,24,971,23,23,0,1017,0,0,0,1017
07/08/2021,JFK,NY,AEA,EN,Towers with Radar,928,11,11,1,951,0,5,14,0,19,928,16,25,1,970,0,0,0,970
07/09/2021,JFK,NY,AEA,EN,Towers with Radar,927,13,6,0,946,0,0,24,0,24,927,13,30,0,970,0,0,0,970
07/10/2021,JFK,NY,AEA,EN,Towers with Radar,897,29,11,0,937,0,0,11,0,11,897,29,22,0,948,0,0,0,948
07/11/2021,JFK,NY,AEA,EN,Towers with Radar,942,20,15,0,977,0,3,18,0,21,942,23,33,0,998,0,0,0,998
07/12/2021,JFK,NY,AEA,EN,Towers with Radar,877,12,6,1,896,0,17,3,0,20,877,29,9,1,916,0,0,0,916
07/13/2021,JFK,NY,AEA,EN,Towers with Radar,893,6,6,0,905,0,0,7,0,7,893,6,13,0,912,0,0,0,912
07/14/2021,JFK,NY,AEA,EN,Towers with Radar,927,9,5,0,941,0,1,14,0,15,927,10,19,0,956,0,0,0,956
07/15/2021,JFK,NY,AEA,EN,Towers with Radar,950,10,8,1,969,0,18,22,0,40,950,28,30,1,1009,0,0,0,1009
07/16/2021,JFK,NY,AEA,EN,Towers with Radar,949,10,4,0,963,0,4,33,0,37,949,14,37,0,1000,0,0,0,1000
07/17/2021,JFK,NY,AEA,EN,Towers with Radar,852,18,7,1,878,0,0,1,0,1,852,18,8,1,879,0,0,0,879
07/18/2021,JFK,NY,AEA,EN,Towers with Radar,956,12,10,1,979,0,2,17,0,19,956,14,27,1,998,0,0,0,998
07/19/2021,JFK,NY,AEA,EN,Towers with Radar,914,12,8,0,934,0,0,27,0,27,914,12,35,0,961,0,0,0,961
07/20/2021,JFK,NY,AEA,EN,Towers with Radar,902,7,7,0,916,1,5,25,3,34,903,12,32,3,950,0,0,0,950
07/21/2021,JFK,NY,AEA,EN,Towers with Radar,921,7,1,0,929,0,16,15,0,31,921,23,16,0,960,0,0,0,960
07/22/2021,JFK,NY,AEA,EN,Towers with Radar,955,13,6,0,974,0,25,20,0,45,955,38,26,0,1019,0,0,0,1019
07/23/2021,JFK,NY,AEA,EN,Towers with Radar,959,8,8,0,975,1,7,41,0,49,960,15,49,0,1024,0,0,0,1024
07/24/2021,JFK,NY,AEA,EN,Towers with Radar,893,10,1,0,904,0,4,8,0,12,893,14,9,0,916,0,0,0,916
07/25/2021,JFK,NY,AEA,EN,Towers with Radar,939,14,3,0,956,0,0,11,0,11,939,14,14,0,967,0,0,0,967
07/26/2021,JFK,NY,AEA,EN,Towers with Radar,918,16,11,0,945,0,5,31,0,36,918,21,42,0,981,0,0,0,981
07/27/2021,JFK,NY,AEA,EN,Towers with Radar,913,7,0,0,920,0,5,24,0,29,913,12,24,0,949,0,0,0,949
07/28/2021,JFK,NY,AEA,EN,Towers with Radar,924,11,4,0,939,0,6,25,0,31,924,17,29,0,970,0,0,0,970
07/29/2021,JFK,NY,AEA,EN,Towers with Radar,934,22,13,0,969,0,14,16,0,30,934,36,29,0,999,0,0,0,999
07/30/2021,JFK,NY,AEA,EN,Towers with Radar,983,18,5,0,1006,0,19,29,0,48,983,37,34,0,1054,0,0,0,1054
07/31/2021,JFK,NY,AEA,EN,Towers with Radar,898,7,9,0,914,0,3,7,0,10,898,10,16,0,924,0,0,0,924
08/01/2021,JFK,NY,AEA,EN,Towers with Radar,936,12,8,0,956,0,0,21,0,21,936,12,29,0,977,0,0,0,977
08/02/2021,JFK,NY,AEA,EN,Towers with Radar,912,11,6,0,929,0,0,30,0,30,912,11,36,0,959,0,0,0,959
08/03/2021,JFK,NY,AEA,EN,Towers with Radar,864,12,5,0,881,0,17,10,0,27,864,29,15,0,908,0,0,0,908
08/04/2021,JFK,NY,AEA,EN,Towers with Radar,905,6,9,0,920,0,13,24,0,37,905,19,33,0,957,0,0,0,957
08/05/2021,JFK,NY,AEA,EN,Towers with Radar,946,14,12,0,972,0,5,28,0,33,946,19,40,0,1005,0,0,0,1005
08/06/2021,JFK,NY,AEA,EN,Towers with Radar,955,9,0,0,964,0,12,22,0,34,955,21,22,0,998,0,0,0,998
08/07/2021,JFK,NY,AEA,EN,Towers with Radar,868,23,8,0,899,0,4,7,0,11,868,27,15,0,910,0,0,0,910
08/08/2021,JFK,NY,AEA,EN,Towers with Radar,950,26,9,0,985,0,0,12,0,12,950,26,21,0,997,0,0,0,997
08/09/2021,JFK,NY,AEA,EN,Towers with Radar,897,8,11,0,916,0,4,8,0,12,897,12,19,0,928,0,0,0,928
08/10/2021,JFK,NY,AEA,EN,Towers with Radar,892,17,10,0,919,0,5,20,0,25,892,22,30,0,944,0,0,0,944
08/11/2021,JFK,NY,AEA,EN,Towers with Radar,891,11,7,0,909,0,4,23,0,27,891,15,30,0,936,0,0,0,936
08/12/2021,JFK,NY,AEA,EN,Towers with Radar,954,10,8,0,972,0,4,35,0,39,954,14,43,0,1011,0,0,0,1011
08/13/2021,JFK,NY,AEA,EN,Towers with Radar,968,11,5,0,984,0,4,24,0,28,968,15,29,0,1012,0,0,0,1012
08/14/2021,JFK,NY,AEA,EN,Towers with Radar,909,13,1,0,923,0,4,8,0,12,909,17,9,0,935,0,0,0,935
08/15/2021,JFK,NY,AEA,EN,Towers with Radar,947,19,5,0,971,0,5,18,0,23,947,24,23,0,994,0,0,0,994
08/16/2021,JFK,NY,AEA,EN,Towers with Radar,917,14,4,0,935,0,7,24,0,31,917,21,28,0,966,0,0,0,966
08/17/2021,JFK,NY,AEA,EN,Towers with Radar,878,13,7,0,898,0,4,18,0,22,878,17,25,0,920,0,0,0,920
08/18/2021,JFK,NY,AEA,EN,Towers with Radar,900,12,11,0,923,0,8,28,0,36,900,20,39,0,959,0,0,0,959
08/19/2021,JFK,NY,AEA,EN,Towers with Radar,973,18,2,0,993,0,6,25,2,33,973,24,27,2,1026,0,0,0,1026
08/20/2021,JFK,NY,AEA,EN,Towers with Radar,982,18,4,0,1004,0,7,37,0,44,982,25,41,0,1048,0,0,0,1048
08/21/2021,JFK,NY,AEA,EN,Towers with Radar,893,19,7,0,919,0,1,1,0,2,893,20,8,0,921,0,0,0,921
08/22/2021,JFK,NY,AEA,EN,Towers with Radar,850,1,3,2,856,0,1,0,0,1,850,2,3,2,857,0,0,0,857
08/23/2021,JFK,NY,AEA,EN,Towers with Radar,948,12,9,3,972,0,4,3,1,8,948,16,12,4,980,0,0,0,980
08/24/2021,JFK,NY,AEA,EN,Towers with Radar,901,21,5,0,927,0,18,13,0,31,901,39,18,0,958,0,0,0,958
08/25/2021,JFK,NY,AEA,EN,Towers with Radar,906,11,8,0,925,0,16,21,0,37,906,27,29,0,962,0,0,0,962
08/26/2021,JFK,NY,AEA,EN,Towers with Radar,965,19,9,0,993,0,17,14,1,32,965,36,23,1,1025,0,0,0,1025
08/27/2021,JFK,NY,AEA,EN,Towers with Radar,969,11,1,1,982,0,5,25,2,32,969,16,26,3,1014,0,0,0,1014
08/28/2021,JFK,NY,AEA,EN,Towers with Radar,911,21,5,0,937,1,1,3,0,5,912,22,8,0,942,0,0,0,942
08/29/2021,JFK,NY,AEA,EN,Towers with Radar,961,16,8,0,985,0,2,15,1,18,961,18,23,1,1003,0,0,0,1003
08/30/2021,JFK,NY,AEA,EN,Towers with Radar,937,10,2,0,949,0,8,14,0,22,937,18,16,0,971,0,0,0,971
08/31/2021,JFK,NY,AEA,EN,Towers with Radar,890,17,10,0,917,0,4,27,4,35,890,21,37,4,952,0,0,0,952
09/01/2021,JFK,NY,AEA,EN,Towers with Radar,779,7,2,0,788,0,5,7,0,12,779,12,9,0,800,0,0,0,800
09/02/2021,JFK,NY,AEA,EN,Towers with Radar,987,36,13,0,1036,0,13,18,2,33,987,49,31,2,1069,0,0,0,1069
09/03/2021,JFK,NY,AEA,EN,Towers with Radar,979,7,15,0,1001,0,20,42,0,62,979,27,57,0,1063,0,0,0,1063
09/04/2021,JFK,NY,AEA,EN,Towers with Radar,879,8,6,0,893,0,0,4,0,4,879,8,10,0,897,0,0,0,897
09/05/2021,JFK,NY,AEA,EN,Towers with Radar,897,10,5,2,914,0,2,16,1,19,897,12,21,3,933,0,0,0,933
09/06/2021,JFK,NY,AEA,EN,Towers with Radar,886,2,10,2,900,0,1,48,4,53,886,3,58,6,953,0,0,0,953
09/07/2021,JFK,NY,AEA,EN,Towers with Radar,849,4,7,6,866,0,8,6,1,15,849,12,13,7,881,0,0,0,881
09/08/2021,JFK,NY,AEA,EN,Towers with Radar,857,10,10,1,878,0,5,28,4,37,857,15,38,5,915,0,0,0,915
09/09/2021,JFK,NY,AEA,EN,Towers with Radar,915,9,14,2,940,0,10,8,0,18,915,19,22,2,958,0,0,0,958
09/10/2021,JFK,NY,AEA,EN,Towers with Radar,950,20,15,2,987,0,4,29,0,33,950,24,44,2,1020,0,0,0,1020
09/11/2021,JFK,NY,AEA,EN,Towers with Radar,857,8,2,5,872,0,2,11,1,14,857,10,13,6,886,0,0,0,886
09/12/2021,JFK,NY,AEA,EN,Towers with Radar,918,38,24,4,984,0,2,33,0,35,918,40,57,4,1019,0,0,0,1019
09/13/2021,JFK,NY,AEA,EN,Towers with Radar,917,11,8,0,936,0,12,18,2,32,917,23,26,2,968,0,0,0,968
09/14/2021,JFK,NY,AEA,EN,Towers with Radar,829,13,8,0,850,0,9,27,2,38,829,22,35,2,888,0,0,0,888
09/15/2021,JFK,NY,AEA,EN,Towers with Radar,836,16,8,0,860,0,6,23,0,29,836,22,31,0,889,0,0,0,889
09/16/2021,JFK,NY,AEA,EN,Towers with Radar,901,13,6,2,922,0,20,20,0,40,901,33,26,2,962,0,0,0,962
09/17/2021,JFK,NY,AEA,EN,Towers with Radar,922,10,8,0,940,0,8,20,0,28,922,18,28,0,968,0,0,0,968
09/18/2021,JFK,NY,AEA,EN,Towers with Radar,864,20,10,4,898,0,1,11,9,21,864,21,21,13,919,0,0,0,919
09/19/2021,JFK,NY,AEA,EN,Towers with Radar,945,20,23,2,990,0,7,10,0,17,945,27,33,2,1007,0,0,0,1007
09/20/2021,JFK,NY,AEA,EN,Towers with Radar,917,14,8,3,942,0,4,0,3,7,917,18,8,6,949,0,0,0,949
09/21/2021,JFK,NY,AEA,EN,Towers with Radar,835,11,8,5,859,0,6,6,3,15,835,17,14,8,874,0,0,0,874
09/22/2021,JFK,NY,AEA,EN,Towers with Radar,872,6,3,7,888,0,4,22,0,26,872,10,25,7,914,0,0,0,914
09/23/2021,JFK,NY,AEA,EN,Towers with Radar,729,14,12,4,759,0,4,22,0,26,729,18,34,4,785,0,0,0,785
09/24/2021,JFK,NY,AEA,EN,Towers with Radar,987,10,8,7,1012,0,2,35,2,39,987,12,43,9,1051,0,0,0,1051
09/25/2021,JFK,NY,AEA,EN,Towers with Radar,853,20,10,6,889,0,0,11,0,11,853,20,21,6,900,0,0,0,900
09/26/2021,JFK,NY,AEA,EN,Towers with Radar,918,29,12,0,959,0,0,17,0,17,918,29,29,0,976,0,0,0,976
09/27/2021,JFK,NY,AEA,EN,Towers with Radar,900,10,8,0,918,0,10,16,0,26,900,20,24,0,944,0,0,0,944
09/28/2021,JFK,NY,AEA,EN,Towers with Radar,817,8,2,0,827,0,14,13,0,27,817,22,15,0,854,0,0,0,854
09/29/2021,JFK,NY,AEA,EN,Towers with Radar,855,17,5,0,877,0,18,22,0,40,855,35,27,0,917,0,0,0,917
09/30/2021,JFK,NY,AEA,EN,Towers with Radar,919,9,5,2,935,0,26,25,0,51,919,35,30,2,986,0,0,0,986
10/01/2021,JFK,NY,AEA,EN,Towers with Radar,912,13,13,2,940,0,24,15,0,39,912,37,28,2,979,0,0,0,979
10/02/2021,JFK,NY,AEA,EN,Towers with Radar,842,11,6,0,859,0,8,3,0,11,842,19,9,0,870,0,0,0,870
10/03/2021,JFK,NY,AEA,EN,Towers with Radar,916,16,10,0,942,0,9,16,0,25,916,25,26,0,967,0,0,0,967
10/04/2021,JFK,NY,AEA,EN,Towers with Radar,901,16,6,0,923,0,0,0,0,0,901,16,6,0,923,0,0,0,923
10/05/2021,JFK,NY,AEA,EN,Towers with Radar,816,11,2,0,829,0,4,17,0,21,816,15,19,0,850,0,0,0,850
10/06/2021,JFK,NY,AEA,EN,Towers with Radar,837,11,3,0,851,0,5,23,0,28,837,16,26,0,879,0,0,0,879
10/07/2021,JFK,NY,AEA,EN,Towers with Radar,892,15,13,0,920,0,6,29,0,35,892,21,42,0,955,0,0,0,955
10/08/2021,JFK,NY,AEA,EN,Towers with Radar,888,14,11,0,913,0,14,26,0,40,888,28,37,0,953,0,0,0,953
10/09/2021,JFK,NY,AEA,EN,Towers with Radar,852,12,11,0,875,0,0,4,0,4,852,12,15,0,879,0,0,0,879
10/10/2021,JFK,NY,AEA,EN,Towers with Radar,904,12,10,0,926,0,0,8,0,8,904,12,18,0,934,0,0,0,934
10/11/2021,JFK,NY,AEA,EN,Towers with Radar,894,8,8,0,910,0,13,15,1,29,894,21,23,1,939,0,0,0,939
10/12/2021,JFK,NY,AEA,EN,Towers with Radar,833,14,10,0,857,0,26,26,0,52,833,40,36,0,909,0,0,0,909
10/13/2021,JFK,NY,AEA,EN,Towers with Radar,841,18,14,3,876,0,13,20,0,33,841,31,34,3,909,0,0,0,909
10/14/2021,JFK,NY,AEA,EN,Towers with Radar,908,12,7,0,927,0,19,25,0,44,908,31,32,0,971,0,0,0,971
10/15/2021,JFK,NY,AEA,EN,Towers with Radar,897,20,4,1,922,0,20,17,0,37,897,40,21,1,959,0,0,0,959
10/16/2021,JFK,NY,AEA,EN,Towers with Radar,843,13,13,0,869,0,0,3,0,3,843,13,16,0,872,0,0,0,872
10/17/2021,JFK,NY,AEA,EN,Towers with Radar,903,15,11,0,929,0,6,7,0,13,903,21,18,0,942,0,0,0,942
10/18/2021,JFK,NY,AEA,EN,Towers with Radar,891,16,5,0,912,0,3,26,0,29,891,19,31,0,941,0,0,0,941
10/19/2021,JFK,NY,AEA,EN,Towers with Radar,817,12,10,0,839,0,5,24,0,29,817,17,34,0,868,0,0,0,868
10/20/2021,JFK,NY,AEA,EN,Towers with Radar,824,12,14,0,850,0,9,33,0,42,824,21,47,0,892,0,0,0,892
10/21/2021,JFK,NY,AEA,EN,Towers with Radar,890,16,6,0,912,0,4,52,0,56,890,20,58,0,968,0,0,0,968
10/22/2021,JFK,NY,AEA,EN,Towers with Radar,905,16,6,0,927,0,4,51,2,57,905,20,57,2,984,0,0,0,984
10/23/2021,JFK,NY,AEA,EN,Towers with Radar,846,6,4,0,856,0,0,4,0,4,846,6,8,0,860,0,0,0,860
10/24/2021,JFK,NY,AEA,EN,Towers with Radar,886,10,12,0,908,0,0,20,2,22,886,10,32,2,930,0,0,0,930
10/25/2021,JFK,NY,AEA,EN,Towers with Radar,848,8,9,0,865,0,8,10,0,18,848,16,19,0,883,0,0,0,883
10/26/2021,JFK,NY,AEA,EN,Towers with Radar,851,4,5,0,860,0,4,0,0,4,851,8,5,0,864,0,0,0,864
10/27/2021,JFK,NY,AEA,EN,Towers with Radar,839,5,8,0,852,0,21,20,0,41,839,26,28,0,893,0,0,0,893
10/28/2021,JFK,NY,AEA,EN,Towers with Radar,900,8,10,0,918,0,18,17,2,37,900,26,27,2,955,0,0,0,955
10/29/2021,JFK,NY,AEA,EN,Towers with Radar,880,12,5,0,897,0,21,23,0,44,880,33,28,0,941,0,0,0,941
10/30/2021,JFK,NY,AEA,EN,Towers with Radar,846,11,5,0,862,0,3,0,0,3,846,14,5,0,865,0,0,0,865
10/31/2021,JFK,NY,AEA,EN,Towers with Radar,832,15,9,3,859,0,1,14,0,15,832,16,23,3,874,0,0,0,874
11/01/2021,JFK,NY,AEA,EN,Towers with Radar,882,9,10,4,905,0,0,27,0,27,882,9,37,4,932,0,0,0,932
11/02/2021,JFK,NY,AEA,EN,Towers with Radar,987,5,9,0,1001,0,16,22,2,40,987,21,31,2,1041,0,0,0,1041
11/03/2021,JFK,NY,AEA,EN,Towers with Radar,1004,7,13,2,1026,0,8,28,0,36,1004,15,41,2,1062,0,0,0,1062
11/04/2021,JFK,NY,AEA,EN,Towers with Radar,1079,12,13,0,1104,0,15,31,0,46,1079,27,44,0,1150,0,0,0,1150
11/05/2021,JFK,NY,AEA,EN,Towers with Radar,1055,10,6,2,1073,0,28,16,0,44,1055,38,22,2,1117,0,0,0,1117
11/06/2021,JFK,NY,AEA,EN,Towers with Radar,1014,14,4,0,1032,0,4,3,0,7,1014,18,7,0,1039,0,0,0,1039
11/07/2021,JFK,NY,AEA,EN,Towers with Radar,1113,12,8,0,1133,0,6,18,0,24,1113,18,26,0,1157,0,0,0,1157
11/08/2021,JFK,NY,AEA,EN,Towers with Radar,1090,11,7,0,1108,0,14,36,0,50,1090,25,43,0,1158,0,0,0,1158
11/09/2021,JFK,NY,AEA,EN,Towers with Radar,1045,11,7,1,1064,1,19,23,0,43,1046,30,30,1,1107,0,0,0,1107
11/10/2021,JFK,NY,AEA,EN,Towers with Radar,1046,9,6,1,1062,0,24,24,0,48,1046,33,30,1,1110,0,0,0,1110
11/11/2021,JFK,NY,AEA,EN,Towers with Radar,1136,22,4,1,1163,0,29,26,0,55,1136,51,30,1,1218,0,0,0,1218
11/12/2021,JFK,NY,AEA,EN,Towers with Radar,1115,13,3,0,1131,0,11,22,0,33,1115,24,25,0,1164,0,0,0,1164
11/13/2021,JFK,NY,AEA,EN,Towers with Radar,1041,10,7,0,1058,0,0,2,0,2,1041,10,9,0,1060,0,0,0,1060
11/14/2021,JFK,NY,AEA,EN,Towers with Radar,1127,20,9,0,1156,0,5,15,1,21,1127,25,24,1,1177,0,0,0,1177
11/15/2021,JFK,NY,AEA,EN,Towers with Radar,1104,6,3,0,1113,0,9,24,0,33,1104,15,27,0,1146,0,0,0,1146
11/16/2021,JFK,NY,AEA,EN,Towers with Radar,1049,9,9,0,1067,0,4,29,0,33,1049,13,38,0,1100,0,0,0,1100
11/17/2021,JFK,NY,AEA,EN,Towers with Radar,1039,15,13,0,1067,0,7,34,0,41,1039,22,47,0,1108,0,0,0,1108
11/18/2021,JFK,NY,AEA,EN,Towers with Radar,1135,11,9,0,1155,0,20,19,0,39,1135,31,28,0,1194,0,0,0,1194
11/19/2021,JFK,NY,AEA,EN,Towers with Radar,1110,10,4,0,1124,0,7,42,0,49,1110,17,46,0,1173,0,0,0,1173
11/20/2021,JFK,NY,AEA,EN,Towers with Radar,1075,8,5,0,1088,0,1,21,0,22,1075,9,26,0,1110,0,0,0,1110
11/21/2021,JFK,NY,AEA,EN,Towers with Radar,1131,5,16,0,1152,0,1,12,0,13,1131,6,28,0,1165,0,0,0,1165
11/22/2021,JFK,NY,AEA,EN,Towers with Radar,1105,9,9,0,1123,0,18,17,0,35,1105,27,26,0,1158,0,0,0,1158
11/23/2021,JFK,NY,AEA,EN,Towers with Radar,1107,22,15,0,1144,0,25,13,2,40,1107,47,28,2,1184,0,0,0,1184
11/24/2021,JFK,NY,AEA,EN,Towers with Radar,1097,10,13,0,1120,0,30,9,2,41,1097,40,22,2,1161,0,0,0,1161
11/25/2021,JFK,NY,AEA,EN,Towers with Radar,782,6,0,0,788,0,4,8,0,12,782,10,8,0,800,0,0,0,800
11/26/2021,JFK,NY,AEA,EN,Towers with Radar,905,7,10,0,922,0,11,17,0,28,905,18,27,0,950,0,0,0,950
11/27/2021,JFK,NY,AEA,EN,Towers with Radar,1081,16,12,0,1109,0,0,0,0,0,1081,16,12,0,1109,0,0,0,1109
11/28/2021,JFK,NY,AEA,EN,Towers with Radar,1130,24,15,0,1169,0,0,22,0,22,1130,24,37,0,1191,0,0,0,1191
11/29/2021,JFK,NY,AEA,EN,Towers with Radar,1127,16,22,0,1165,0,4,33,0,37,1127,20,55,0,1202,0,0,0,1202
11/30/2021,JFK,NY,AEA,EN,Towers with Radar,1071,11,13,0,1095,0,6,29,0,35,1071,17,42,0,1130,0,0,0,1130
12/01/2021,JFK,NY,AEA,EN,Towers with Radar,1061,7,7,0,1075,0,6,41,0,47,1061,13,48,0,1122,0,0,0,1122
12/02/2021,JFK,NY,AEA,EN,Towers with Radar,1158,10,9,0,1177,0,22,22,0,44,1158,32,31,0,1221,0,0,0,1221
12/03/2021,JFK,NY,AEA,EN,Towers with Radar,1150,16,8,1,1175,0,27,18,0,45,1150,43,26,1,1220,0,0,0,1220
12/04/2021,JFK,NY,AEA,EN,Towers with Radar,1072,13,4,1,1090,0,1,6,0,7,1072,14,10,1,1097,0,0,0,1097
12/05/2021,JFK,NY,AEA,EN,Towers with Radar,1153,9,9,0,1171,0,5,16,0,21,1153,14,25,0,1192,0,0,0,1192
12/06/2021,JFK,NY,AEA,EN,Towers with Radar,1136,7,9,0,1152,0,0,0,0,0,1136,7,9,0,1152,0,0,0,1152
12/07/2021,JFK,NY,AEA,EN,Towers with Radar,1071,11,4,0,1086,0,24,16,0,40,1071,35,20,0,1126,0,0,0,1126
12/08/2021,JFK,NY,AEA,EN,Towers with Radar,1073,7,7,1,1088,0,24,16,0,40,1073,31,23,1,1128,0,0,0,1128
12/09/2021,JFK,NY,AEA,EN,Towers with Radar,1166,12,16,1,1195,1,32,21,0,54,1167,44,37,1,1249,0,0,0,1249
12/10/2021,JFK,NY,AEA,EN,Towers with Radar,1163,9,18,0,1190,0,26,19,0,45,1163,35,37,0,1235,0,0,0,1235
12/11/2021,JFK,NY,AEA,EN,Towers with Radar,1080,10,4,0,1094,0,0,0,0,0,1080,10,4,0,1094,0,0,0,1094
12/12/2021,JFK,NY,AEA,EN,Towers with Radar,1156,5,4,0,1165,0,1,14,0,15,1156,6,18,0,1180,0,0,0,1180
12/13/2021,JFK,NY,AEA,EN,Towers with Radar,1140,9,6,0,1155,0,1,35,2,38,1140,10,41,2,1193,0,0,0,1193
12/14/2021,JFK,NY,AEA,EN,Towers with Radar,1097,5,7,0,1109,0,29,16,0,45,1097,34,23,0,1154,0,0,0,1154
12/15/2021,JFK,NY,AEA,EN,Towers with Radar,1085,7,10,0,1102,0,8,27,0,35,1085,15,37,0,1137,0,0,0,1137
12/16/2021,JFK,NY,AEA,EN,Towers with Radar,1175,8,9,0,1192,0,4,37,2,43,1175,12,46,2,1235,0,0,0,1235
12/17/2021,JFK,NY,AEA,EN,Towers with Radar,1169,10,1,0,1180,0,5,36,0,41,1169,15,37,0,1221,0,0,0,1221
12/18/2021,JFK,NY,AEA,EN,Towers with Radar,1141,10,11,0,1162,0,2,0,0,2,1141,12,11,0,1164,0,0,0,1164
12/19/2021,JFK,NY,AEA,EN,Towers with Radar,1171,3,5,1,1180,0,2,14,0,16,1171,5,19,1,1196,0,0,0,1196
12/20/2021,JFK,NY,AEA,EN,Towers with Radar,1155,6,8,1,1170,0,16,6,0,22,1155,22,14,1,1192,0,0,0,1192
12/21/2021,JFK,NY,AEA,EN,Towers with Radar,1143,4,2,1,1150,0,14,16,0,30,1143,18,18,1,1180,0,0,0,1180
12/22/2021,JFK,NY,AEA,EN,Towers with Radar,1149,10,1,0,1160,0,4,16,0,20,1149,14,17,0,1180,0,0,0,1180
12/23/2021,JFK,NY,AEA,EN,Towers with Radar,1173,12,4,0,1189,0,24,23,0,47,1173,36,27,0,1236,0,0,0,1236
12/24/2021,JFK,NY,AEA,EN,Towers with Radar,931,4,9,1,945,0,18,1,0,19,931,22,10,1,964,0,0,0,964
12/25/2021,JFK,NY,AEA,EN,Towers with Radar,827,8,3,0,838,0,2,1,0,3,827,10,4,0,841,0,0,0,841
12/26/2021,JFK,NY,AEA,EN,Towers with Radar,907,9,3,0,919,1,0,7,0,8,908,9,10,0,927,0,0,0,927
12/27/2021,JFK,NY,AEA,EN,Towers with Radar,943,3,5,0,951,0,12,2,0,14,943,15,7,0,965,0,0,0,965
12/28/2021,JFK,NY,AEA,EN,Towers with Radar,932,5,9,0,946,0,1,28,2,31,932,6,37,2,977,0,0,0,977
12/29/2021,JFK,NY,AEA,EN,Towers with Radar,951,5,3,0,959,0,4,0,0,4,951,9,3,0,963,0,0,0,963
12/30/2021,JFK,NY,AEA,EN,Towers with Radar,957,9,14,0,980,0,4,8,0,12,957,13,22,0,992,0,0,0,992
12/31/2021,JFK,NY,AEA,EN,Towers with Radar,877,4,9,0,890,0,6,0,0,6,877,10,9,0,896,0,0,0,896
01/01/2022,JFK,NY,AEA,EN,Towers with Radar,838,13,8,0,859,0,0,0,0,0,838,13,8,0,859,0,0,0,859
01/02/2022,JFK,NY,AEA,EN,Towers with Radar,1003,17,11,0,1031,0,8,4,1,13,1003,25,15,1,1044,0,0,0,1044
01/03/2022,JFK,NY,AEA,EN,Towers with Radar,1005,11,8,1,1025,0,14,0,0,14,1005,25,8,1,1039,0,0,0,1039
01/04/2022,JFK,NY,AEA,EN,Towers with Radar,1081,9,13,0,1103,0,21,4,0,25,1081,30,17,0,1128,0,0,0,1128
01/05/2022,JFK,NY,AEA,EN,Towers with Radar,1112,8,1,0,1121,0,8,0,0,8,1112,16,1,0,1129,0,0,0,1129
01/06/2022,JFK,NY,AEA,EN,Towers with Radar,1090,12,6,1,1109,0,12,2,0,14,1090,24,8,1,1123,0,0,0,1123
01/07/2022,JFK,NY,AEA,EN,Towers with Radar,863,5,4,0,872,0,3,12,0,15,863,8,16,0,887,0,0,0,887
01/08/2022,JFK,NY,AEA,EN,Towers with Radar,1108,15,2,0,1125,0,0,2,0,2,1108,15,4,0,1127,0,0,0,1127
01/09/2022,JFK,NY,AEA,EN,Towers with Radar,1124,12,4,0,1140,0,0,0,0,0,1124,12,4,0,1140,0,0,0,1140
01/10/2022,JFK,NY,AEA,EN,Towers with Radar,1109,13,0,0,1122,0,8,6,2,16,1109,21,6,2,1138,0,0,0,1138
01/11/2022,JFK,NY,AEA,EN,Towers with Radar,1132,8,1,0,1141,1,8,20,0,29,1133,16,21,0,1170,0,0,0,1170
01/12/2022,JFK,NY,AEA,EN,Towers with Radar,1116,4,3,1,1124,0,10,10,2,22,1116,14,13,3,1146,0,0,0,1146
01/13/2022,JFK,NY,AEA,EN,Towers with Radar,1148,10,4,2,1164,0,5,17,0,22,1148,15,21,2,1186,0,0,0,1186
01/14/2022,JFK,NY,AEA,EN,Towers with Radar,1150,7,3,1,1161,0,16,17,0,33,1150,23,20,1,1194,0,0,0,1194
01/15/2022,JFK,NY,AEA,EN,Towers with Radar,1106,6,5,0,1117,0,0,3,0,3,1106,6,8,0,1120,0,0,0,1120
01/16/2022,JFK,NY,AEA,EN,Towers with Radar,1064,6,6,0,1076,0,1,11,0,12,1064,7,17,0,1088,0,0,0,1088
01/17/2022,JFK,NY,AEA,EN,Towers with Radar,1094,4,2,0,1100,0,7,7,0,14,1094,11,9,0,1114,0,0,0,1114
01/18/2022,JFK,NY,AEA,EN,Towers with Radar,1146,5,5,0,1156,0,12,20,0,32,1146,17,25,0,1188,0,0,0,1188
01/19/2022,JFK,NY,AEA,EN,Towers with Radar,1105,8,9,3,1125,0,11,16,0,27,1105,19,25,3,1152,0,0,0,1152
01/20/2022,JFK,NY,AEA,EN,Towers with Radar,1130,11,3,1,1145,0,6,12,0,18,1130,17,15,1,1163,0,0,0,1163
01/21/2022,JFK,NY,AEA,EN,Towers with Radar,1113,11,0,0,1124,0,6,20,2,28,1113,17,20,2,1152,0,0,0,1152
01/22/2022,JFK,NY,AEA,EN,Towers with Radar,1110,13,4,0,1127,0,2,0,0,2,1110,15,4,0,1129,0,0,0,1129
01/23/2022,JFK,NY,AEA,EN,Towers with Radar,1135,7,4,0,1146,0,1,10,0,11,1135,8,14,0,1157,0,0,0,1157
01/24/2022,JFK,NY,AEA,EN,Towers with Radar,1141,6,4,0,1151,0,10,12,0,22,1141,16,16,0,1173,0,0,0,1173
01/25/2022,JFK,NY,AEA,EN,Towers with Radar,1132,7,4,0,1143,0,11,7,0,18,1132,18,11,0,1161,0,0,0,1161
01/26/2022,JFK,NY,AEA,EN,Towers with Radar,1112,7,4,0,1123,0,18,10,2,30,1112,25,14,2,1153,0,0,0,1153
01/27/2022,JFK,NY,AEA,EN,Towers with Radar,1147,15,6,0,1168,0,26,14,2,42,1147,41,20,2,1210,0,0,0,1210
01/28/2022,JFK,NY,AEA,EN,Towers with Radar,953,7,8,0,968,0,6,0,0,6,953,13,8,0,974,0,0,0,974
01/29/2022,JFK,NY,AEA,EN,Towers with Radar,98,2,0,0,100,0,0,0,0,0,98,2,0,0,100,0,0,0,100
01/30/2022,JFK,NY,AEA,EN,Towers with Radar,698,21,16,0,735,0,2,11,0,13,698,23,27,0,748,0,0,0,748
01/31/2022,JFK,NY,AEA,EN,Towers with Radar,1050,5,0,2,1057,0,3,21,5,29,1050,8,21,7,1086,0,0,0,1086
02/01/2022,JFK,NY,AEA,EN,Towers with Radar,1149,11,6,0,1166,0,6,15,0,21,1149,17,21,0,1187,0,0,0,1187
02/02/2022,JFK,NY,AEA,EN,Towers with Radar,1106,5,7,2,1120,0,4,18,0,22,1106,9,25,2,1142,0,0,0,1142
02/03/2022,JFK,NY,AEA,EN,Towers with Radar,1058,5,0,4,1067,0,0,0,0,0,1058,5,0,4,1067,0,0,0,1067
02/04/2022,JFK,NY,AEA,EN,Towers with Radar,897,7,2,2,908,0,0,0,0,0,897,7,2,2,908,0,0,0,908
02/05/2022,JFK,NY,AEA,EN,Towers with Radar,1087,9,0,2,1098,0,1,2,0,3,1087,10,2,2,1101,0,0,0,1101
02/06/2022,JFK,NY,AEA,EN,Towers with Radar,1127,6,6,0,1139,0,3,22,0,25,1127,9,28,0,1164,0,0,0,1164
02/07/2022,JFK,NY,AEA,EN,Towers with Radar,1134,7,5,0,1146,0,2,0,0,2,1134,9,5,0,1148,0,0,0,1148
02/08/2022,JFK,NY,AEA,EN,Towers with Radar,1111,7,2,0,1120,0,17,10,2,29,1111,24,12,2,1149,0,0,0,1149
02/09/2022,JFK,NY,AEA,EN,Towers with Radar,1117,8,6,0,1131,0,18,18,0,36,1117,26,24,0,1167,0,0,0,1167
02/10/2022,JFK,NY,AEA,EN,Towers with Radar,1154,12,10,0,1176,0,19,45,0,64,1154,31,55,0,1240,0,0,0,1240
02/11/2022,JFK,NY,AEA,EN,Towers with Radar,1150,8,3,0,1161,0,20,13,0,33,1150,28,16,0,1194,0,0,0,1194
02/12/2022,JFK,NY,AEA,EN,Towers with Radar,1147,5,6,0,1158,0,0,2,0,2,1147,5,8,0,1160,0,0,0,1160
02/13/2022,JFK,NY,AEA,EN,Towers with Radar,1060,6,2,0,1068,0,0,0,0,0,1060,6,2,0,1068,0,0,0,1068
02/14/2022,JFK,NY,AEA,EN,Towers with Radar,1149,14,5,0,1168,0,15,19,0,34,1149,29,24,0,1202,0,0,0,1202
02/15/2022,JFK,NY,AEA,EN,Towers with Radar,1135,14,2,0,1151,0,5,31,0,36,1135,19,33,0,1187,0,0,0,1187
02/16/2022,JFK,NY,AEA,EN,Towers with Radar,1120,7,10,0,1137,0,14,18,4,36,1120,21,28,4,1173,0,0,0,1173
02/17/2022,JFK,NY,AEA,EN,Towers with Radar,1096,10,4,0,1110,0,15,16,0,31,1096,25,20,0,1141,0,0,0,1141
02/18/2022,JFK,NY,AEA,EN,Towers with Radar,1151,11,5,0,1167,0,3,29,0,32,1151,14,34,0,1199,0,0,0,1199
02/19/2022,JFK,NY,AEA,EN,Towers with Radar,1131,9,1,0,1141,0,2,2,0,4,1131,11,3,0,1145,0,0,0,1145
02/20/2022,JFK,NY,AEA,EN,Towers with Radar,1143,5,4,0,1152,0,4,10,0,14,1143,9,14,0,1166,0,0,0,1166
02/21/2022,JFK,NY,AEA,EN,Towers with Radar,1124,9,15,0,1148,0,10,15,0,25,1124,19,30,0,1173,0,0,0,1173
02/22/2022,JFK,NY,AEA,EN,Towers with Radar,1116,14,6,0,1136,0,6,0,0,6,1116,20,6,0,1142,0,0,0,1142
02/23/2022,JFK,NY,AEA,EN,Towers with Radar,1143,9,7,0,1159,0,14,12,1,27,1143,23,19,1,1186,0,0,0,1186
02/24/2022,JFK,NY,AEA,EN,Towers with Radar,1116,14,3,0,1133,0,23,16,2,41,1116,37,19,2,1174,0,0,0,1174
02/25/2022,JFK,NY,AEA,EN,Towers with Radar,1069,3,4,0,1076,0,0,12,0,12,1069,3,16,0,1088,0,0,0,1088
02/26/2022,JFK,NY,AEA,EN,Towers with Radar,1128,9,1,0,1138,0,0,3,0,3,1128,9,4,0,1141,0,0,0,1141
02/27/2022,JFK,NY,AEA,EN,Towers with Radar,1135,17,9,0,1161,0,0,13,0,13,1135,17,22,0,1174,0,0,0,1174
02/28/2022,JFK,NY,AEA,EN,Towers with Radar,1108,8,0,0,1116,0,21,18,0,39,1108,29,18,0,1155,0,0,0,1155
03/01/2022,JFK,NY,AEA,EN,Towers with Radar,1130,13,2,0,1145,0,4,24,0,28,1130,17,26,0,1173,0,0,0,1173
03/02/2022,JFK,NY,AEA,EN,Towers with Radar,1138,16,9,0,1163,0,13,30,2,45,1138,29,39,2,1208,0,0,0,1208
03/03/2022,JFK,NY,AEA,EN,Towers with Radar,1155,14,11,0,1180,0,6,35,0,41,1155,20,46,0,1221,0,0,0,1221
03/04/2022,JFK,NY,AEA,EN,Towers with Radar,1126,14,8,0,1148,0,20,16,0,36,1126,34,24,0,1184,0,0,0,1184
03/05/2022,JFK,NY,AEA,EN,Towers with Radar,1117,14,4,0,1135,0,4,3,0,7,1117,18,7,0,1142,0,0,0,1142
03/06/2022,JFK,NY,AEA,EN,Towers with Radar,1137,15,14,0,1166,0,2,14,0,16,1137,17,28,0,1182,0,0,0,1182
03/07/2022,JFK,NY,AEA,EN,Towers with Radar,1132,12,10,0,1154,0,13,8,0,21,1132,25,18,0,1175,0,0,0,1175
03/08/2022,JFK,NY,AEA,EN,Towers with Radar,1164,16,11,0,1191,0,17,11,2,30,1164,33,22,2,1221,0,0,0,1221
03/09/2022,JFK,NY,AEA,EN,Towers with Radar,1141,14,7,0,1162,0,0,0,0,0,1141,14,7,0,1162,0,0,0,1162
03/10/2022,JFK,NY,AEA,EN,Towers with Radar,1170,23,12,0,1205,0,8,17,0,25,1170,31,29,0,1230,0,0,0,1230
03/11/2022,JFK,NY,AEA,EN,Towers with Radar,1151,9,13,0,1173,0,31,19,0,50,1151,40,32,0,1223,0,0,0,1223
03/12/2022,JFK,NY,AEA,EN,Towers with Radar,1055,14,5,0,1074,0,0,0,0,0,1055,14,5,0,1074,0,0,0,1074
03/13/2022,JFK,NY,AEA,EN,Towers with Radar,1103,23,8,0,1134,0,0,10,0,10,1103,23,18,0,1144,0,0,0,1144
03/14/2022,JFK,NY,AEA,EN,Towers with Radar,1145,4,5,1,1155,0,6,24,0,30,1145,10,29,1,1185,0,0,0,1185
03/15/2022,JFK,NY,AEA,EN,Towers with Radar,1166,8,1,0,1175,0,30,9,0,39,1166,38,10,0,1214,0,0,0,1214
03/16/2022,JFK,NY,AEA,EN,Towers with Radar,1168,19,8,0,1195,0,8,31,0,39,1168,27,39,0,1234,0,0,0,1234
03/17/2022,JFK,NY,AEA,EN,Towers with Radar,1202,11,14,1,1228,0,0,2,0,2,1202,11,16,1,1230,0,0,0,1230
03/18/2022,JFK,NY,AEA,EN,Towers with Radar,1125,10,16,0,1151,0,16,12,0,28,1125,26,28,0,1179,0,0,0,1179
03/19/2022,JFK,NY,AEA,EN,Towers with Radar,1131,14,9,0,1154,0,0,3,1,4,1131,14,12,1,1158,0,0,0,1158
03/20/2022,JFK,NY,AEA,EN,Towers with Radar,1192,13,9,0,1214,0,2,9,0,11,1192,15,18,0,1225,0,0,0,1225
03/21/2022,JFK,NY,AEA,EN,Towers with Radar,1154,6,0,0,1160,0,23,8,0,31,1154,29,8,0,1191,0,0,0,1191
03/22/2022,JFK,NY,AEA,EN,Towers with Radar,1166,14,2,0,1182,0,16,21,0,37,1166,30,23,0,1219,0,0,0,1219
03/23/2022,JFK,NY,AEA,EN,Towers with Radar,1171,21,2,0,1194,0,32,1,0,33,1171,53,3,0,1227,0,0,0,1227
03/24/2022,JFK,NY,AEA,EN,Towers with Radar,1176,8,5,0,1189,0,4,0,0,4,1176,12,5,0,1193,0,0,0,1193
03/25/2022,JFK,NY,AEA,EN,Towers with Radar,1182,11,15,0,1208,0,30,11,2,43,1182,41,26,2,1251,0,0,0,1251
03/26/2022,JFK,NY,AEA,EN,Towers with Radar,1148,13,4,0,1165,0,6,0,0,6,1148,19,4,0,1171,0,0,0,1171
03/27/2022,JFK,NY,AEA,EN,Towers with Radar,1205,17,6,0,1228,0,4,17,0,21,1205,21,23,0,1249,0,0,0,1249
03/28/2022,JFK,NY,AEA,EN,Towers with Radar,1180,13,4,0,1197,0,2,40,0,42,1180,15,44,0,1239,0,0,0,1239
03/29/2022,JFK,NY,AEA,EN,Towers with Radar,1181,9,5,0,1195,0,21,15,0,36,1181,30,20,0,1231,0,0,0,1231
03/30/2022,JFK,NY,AEA,EN,Towers with Radar,1198,12,12,0,1222,0,6,20,0,26,1198,18,32,0,1248,0,0,0,1248
03/31/2022,JFK,NY,AEA,EN,Towers with Radar,1136,11,2,0,1149,0,6,18,0,24,1136,17,20,0,1173,0,0,0,1173
04/01/2022,JFK,NY,AEA,EN,Towers with Radar,1162,19,5,0,1186,0,10,25,0,35,1162,29,30,0,1221,0,0,0,1221
04/02/2022,JFK,NY,AEA,EN,Towers with Radar,1066,7,6,0,1079,0,1,5,0,6,1066,8,11,0,1085,0,0,0,1085
04/03/2022,JFK,NY,AEA,EN,Towers with Radar,1084,11,14,0,1109,0,12,0,0,12,1084,23,14,0,1121,0,0,0,1121
04/04/2022,JFK,NY,AEA,EN,Towers with Radar,1119,14,1,1,1135,0,22,10,3,35,1119,36,11,4,1170,0,0,0,1170
04/05/2022,JFK,NY,AEA,EN,Towers with Radar,1171,15,7,1,1194,0,13,11,0,24,1171,28,18,1,1218,0,0,0,1218
04/06/2022,JFK,NY,AEA,EN,Towers with Radar,1198,16,22,0,1236,0,0,0,0,0,1198,16,22,0,1236,0,0,0,1236
04/07/2022,JFK,NY,AEA,EN,Towers with Radar,1051,16,6,0,1073,0,0,0,0,0,1051,16,6,0,1073,0,0,0,1073
04/08/2022,JFK,NY,AEA,EN,Towers with Radar,1187,20,4,0,1211,0,33,7,0,40,1187,53,11,0,1251,0,0,0,1251
04/09/2022,JFK,NY,AEA,EN,Towers with Radar,1159,11,10,0,1180,0,4,0,0,4,1159,15,10,0,1184,0,0,0,1184
04/10/2022,JFK,NY,AEA,EN,Towers with Radar,1181,22,26,0,1229,0,3,11,0,14,1181,25,37,0,1243,0,0,0,1243
04/11/2022,JFK,NY,AEA,EN,Towers with Radar,1186,10,12,0,1208,0,24,4,0,28,1186,34,16,0,1236,0,0,0,1236
04/12/2022,JFK,NY,AEA,EN,Towers with Radar,1219,18,4,0,1241,0,8,26,2,36,1219,26,30,2,1277,0,0,0,1277
04/13/2022,JFK,NY,AEA,EN,Towers with Radar,1225,9,12,0,1246,0,11,24,0,35,1225,20,36,0,1281,0,0,0,1281
04/14/2022,JFK,NY,AEA,EN,Towers with Radar,1118,16,14,0,1148,0,10,30,0,40,1118,26,44,0,1188,0,0,0,1188
04/15/2022,JFK,NY,AEA,EN,Towers with Radar,1204,15,2,0,1221,0,4,37,0,41,1204,19,39,0,1262,0,0,0,1262
04/16/2022,JFK,NY,AEA,EN,Towers with Radar,1164,8,5,0,1177,0,2,0,0,2,1164,10,5,0,1179,0,0,0,1179
04/17/2022,JFK,NY,AEA,EN,Towers with Radar,1225,11,4,0,1240,0,3,14,0,17,1225,14,18,0,1257,0,0,0,1257
04/18/2022,JFK,NY,AEA,EN,Towers with Radar,1158,19,12,0,1189,0,8,18,0,26,1158,27,30,0,1215,0,0,0,1215
04/19/2022,JFK,NY,AEA,EN,Towers with Radar,1216,16,4,0,1236,0,7,21,1,29,1216,23,25,1,1265,0,0,0,1265
04/20/2022,JFK,NY,AEA,EN,Towers with Radar,1208,13,5,0,1226,0,34,30,4,68,1208,47,35,4,1294,0,0,0,1294
04/21/2022,JFK,NY,AEA,EN,Towers with Radar,1198,11,9,0,1218,0,9,32,0,41,1198,20,41,0,1259,0,0,0,1259
04/22/2022,JFK,NY,AEA,EN,Towers with Radar,1198,10,7,0,1215,0,33,3,2,38,1198,43,10,2,1253,0,0,0,1253
04/23/2022,JFK,NY,AEA,EN,Towers with Radar,1174,11,9,0,1194,0,6,4,0,10,1174,17,13,0,1204,0,0,0,1204
04/24/2022,JFK,NY,AEA,EN,Towers with Radar,1224,29,12,0,1265,0,5,14,0,19,1224,34,26,0,1284,0,0,0,1284
04/25/2022,JFK,NY,AEA,EN,Towers with Radar,1177,11,8,1,1197,0,2,29,2,33,1177,13,37,3,1230,0,0,0,1230
04/26/2022,JFK,NY,AEA,EN,Towers with Radar,1220,15,5,0,1240,0,4,8,4,16,1220,19,13,4,1256,0,0,0,1256
04/27/2022,JFK,NY,AEA,EN,Towers with Radar,1219,19,7,0,1245,0,6,38,2,46,1219,25,45,2,1291,0,0,0,1291
04/28/2022,JFK,NY,AEA,EN,Towers with Radar,1221,17,2,0,1240,0,10,35,0,45,1221,27,37,0,1285,0,0,0,1285
04/29/2022,JFK,NY,AEA,EN,Towers with Radar,1187,15,12,0,1214,0,45,5,1,51,1187,60,17,1,1265,0,0,0,1265
04/30/2022,JFK,NY,AEA,EN,Towers with Radar,1163,22,5,0,1190,0,2,13,0,15,1163,24,18,0,1205,0,0,0,1205
05/01/2022,JFK,NY,AEA,EN,Towers with Radar,1216,20,3,0,1239,0,3,15,0,18,1216,23,18,0,1257,0,0,0,1257
05/02/2022,JFK,NY,AEA,EN,Towers with Radar,1208,8,9,1,1226,0,0,0,0,0,1208,8,9,1,1226,0,0,0,1226
05/03/2022,JFK,NY,AEA,EN,Towers with Radar,1220,9,12,0,1241,0,8,28,0,36,1220,17,40,0,1277,0,0,0,1277
05/04/2022,JFK,NY,AEA,EN,Towers with Radar,1207,11,9,2,1229,0,6,2,0,8,1207,17,11,2,1237,0,0,0,1237
05/05/2022,JFK,NY,AEA,EN,Towers with Radar,1209,10,5,0,1224,0,8,35,2,45,1209,18,40,2,1269,0,0,0,1269
05/06/2022,JFK,NY,AEA,EN,Towers with Radar,1201,13,11,2,1227,0,19,5,0,24,1201,32,16,2,1251,0,0,0,1251
05/07/2022,JFK,NY,AEA,EN,Towers with Radar,1215,7,0,0,1222,0,0,0,0,0,1215,7,0,0,1222,0,0,0,1222
05/08/2022,JFK,NY,AEA,EN,Towers with Radar,1186,16,3,0,1205,0,10,0,0,10,1186,26,3,0,1215,0,0,0,1215
05/09/2022,JFK,NY,AEA,EN,Towers with Radar,1214,15,3,0,1232,0,31,4,0,35,1214,46,7,0,1267,0,0,0,1267
05/10/2022,JFK,NY,AEA,EN,Towers with Radar,1218,17,6,0,1241,0,10,29,2,41,1218,27,35,2,1282,0,0,0,1282
05/11/2022,JFK,NY,AEA,EN,Towers with Radar,1198,18,3,1,1220,0,32,3,0,35,1198,50,6,1,1255,0,0,0,1255
05/12/2022,JFK,NY,AEA,EN,Towers with Radar,1220,17,8,0,1245,0,8,25,2,35,1220,25,33,2,1280,0,0,0,1280
05/13/2022,JFK,NY,AEA,EN,Towers with Radar,1198,16,11,2,1227,0,0,0,0,0,1198,16,11,2,1227,0,0,0,1227
05/14/2022,JFK,NY,AEA,EN,Towers with Radar,1209,21,12,0,1242,0,0,0,0,0,1209,21,12,0,1242,0,0,0,1242
05/15/2022,JFK,NY,AEA,EN,Towers with Radar,1195,22,11,0,1228,0,16,6,0,22,1195,38,17,0,1250,0,0,0,1250
05/16/2022,JFK,NY,AEA,EN,Towers with Radar,1055,8,5,0,1068,0,12,0,0,12,1055,20,5,0,1080,0,0,0,1080
05/17/2022,JFK,NY,AEA,EN,Towers with Radar,1209,26,7,0,1242,0,12,32,0,44,1209,38,39,0,1286,0,0,0,1286
05/18/2022,JFK,NY,AEA,EN,Towers with Radar,1222,10,6,1,1239,0,33,3,0,36,1222,43,9,1,1275,0,0,0,1275
05/19/2022,JFK,NY,AEA,EN,Towers with Radar,1228,16,11,1,1256,0,4,15,0,19,1228,20,26,1,1275,0,0,0,1275
05/20/2022,JFK,NY,AEA,EN,Towers with Radar,1084,18,3,0,1105,0,10,3,0,13,1084,28,6,0,1118,0,0,0,1118
05/21/2022,JFK,NY,AEA,EN,Towers with Radar,1181,24,8,1,1214,0,4,7,0,11,1181,28,15,1,1225,0,0,0,1225
05/22/2022,JFK,NY,AEA,EN,Towers with Radar,1120,14,6,0,1140,0,17,8,0,25,1120,31,14,0,1165,0,0,0,1165
05/23/2022,JFK,NY,AEA,EN,Towers with Radar,1219,13,0,1,1233,0,38,2,0,40,1219,51,2,1,1273,0,0,0,1273
05/24/2022,JFK,NY,AEA,EN,Towers with Radar,1209,16,0,0,1225,0,15,32,1,48,1209,31,32,1,1273,0,0,0,1273
05/25/2022,JFK,NY,AEA,EN,Towers with Radar,1209,22,10,0,1241,0,42,7,0,49,1209,64,17,0,1290,0,0,0,1290
05/26/2022,JFK,NY,AEA,EN,Towers with Radar,1239,16,14,0,1269,0,19,41,2,62,1239,35,55,2,1331,0,0,0,1331
05/27/2022,JFK,NY,AEA,EN,Towers with Radar,1105,23,15,0,1143,0,12,2,0,14,1105,35,17,0,1157,0,0,0,1157
05/28/2022,JFK,NY,AEA,EN,Towers with Radar,1130,14,2,0,1146,0,2,2,0,4,1130,16,4,0,1150,0,0,0,1150
05/29/2022,JFK,NY,AEA,EN,Towers with Radar,1233,12,3,0,1248,0,6,11,2,19,1233,18,14,2,1267,0,0,0,1267
05/30/2022,JFK,NY,AEA,EN,Towers with Radar,1227,13,8,0,1248,0,17,17,0,34,1227,30,25,0,1282,0,0,0,1282
05/31/2022,JFK,NY,AEA,EN,Towers with Radar,1243,21,6,0,1270,0,11,31,0,42,1243,32,37,0,1312,0,0,0,1312
06/01/2022,JFK,NY,AEA,EN,Towers with Radar,1114,15,12,0,1141,0,26,0,0,26,1114,41,12,0,1167,0,0,0,1167
06/02/2022,JFK,NY,AEA,EN,Towers with Radar,1148,12,7,1,1168,0,2,20,0,22,1148,14,27,1,1190,0,0,0,1190
06/03/2022,JFK,NY,AEA,EN,Towers with Radar,1211,15,7,0,1233,0,20,7,0,27,1211,35,14,0,1260,0,0,0,1260
06/04/2022,JFK,NY,AEA,EN,Towers with Radar,1174,21,13,0,1208,0,4,1,0,5,1174,25,14,0,1213,0,0,0,1213
06/05/2022,JFK,NY,AEA,EN,Towers with Radar,1212,23,12,0,1247,0,3,15,0,18,1212,26,27,0,1265,0,0,0,1265
06/06/2022,JFK,NY,AEA,EN,Towers with Radar,1214,17,16,0,1247,0,0,33,0,33,1214,17,49,0,1280,0,0,0,1280
06/07/2022,JFK,NY,AEA,EN,Towers with Radar,1250,16,12,0,1278,0,5,34,0,39,1250,21,46,0,1317,0,0,0,1317
06/08/2022,JFK,NY,AEA,EN,Towers with Radar,1220,21,2,0,1243,0,5,28,5,38,1220,26,30,5,1281,0,0,0,1281
06/09/2022,JFK,NY,AEA,EN,Towers with Radar,1264,19,16,0,1299,0,10,31,2,43,1264,29,47,2,1342,0,0,0,1342
06/10/2022,JFK,NY,AEA,EN,Towers with Radar,1271,27,12,1,1311,0,12,38,2,52,1271,39,50,3,1363,0,0,0,1363
06/11/2022,JFK,NY,AEA,EN,Towers with Radar,1242,24,14,1,1281,0,3,16,0,19,1242,27,30,1,1300,0,0,0,1300
06/12/2022,JFK,NY,AEA,EN,Towers with Radar,1126,20,18,0,1164,0,2,22,0,24,1126,22,40,0,1188,0,0,0,1188
06/13/2022,JFK,NY,AEA,EN,Towers with Radar,1263,21,24,0,1308,0,22,8,1,31,1263,43,32,1,1339,0,0,0,1339
06/14/2022,JFK,NY,AEA,EN,Towers with Radar,1274,11,16,0,1301,0,10,39,3,52,1274,21,55,3,1353,0,0,0,1353
06/15/2022,JFK,NY,AEA,EN,Towers with Radar,1296,6,16,0,1318,0,48,7,0,55,1296,54,23,0,1373,0,0,0,1373
06/16/2022,JFK,NY,AEA,EN,Towers with Radar,1037,14,7,0,1058,0,2,36,0,38,1037,16,43,0,1096,0,0,0,1096
06/17/2022,JFK,NY,AEA,EN,Towers with Radar,1180,28,16,0,1224,1,35,22,1,59,1181,63,38,1,1283,0,0,0,1283
06/18/2022,JFK,NY,AEA,EN,Towers with Radar,1220,25,9,0,1254,0,2,7,2,11,1220,27,16,2,1265,0,0,0,1265
06/19/2022,JFK,NY,AEA,EN,Towers with Radar,1209,12,21,0,1242,0,15,14,0,29,1209,27,35,0,1271,0,0,0,1271
06/20/2022,JFK,NY,AEA,EN,Towers with Radar,1259,9,14,0,1282,0,33,15,0,48,1259,42,29,0,1330,0,0,0,1330
06/21/2022,JFK,NY,AEA,EN,Towers with Radar,1274,5,17,0,1296,0,9,39,0,48,1274,14,56,0,1344,0,0,0,1344
06/22/2022,JFK,NY,AEA,EN,Towers with Radar,1128,13,9,0,1150,0,20,5,0,25,1128,33,14,0,1175,0,0,0,1175
06/23/2022,JFK,NY,AEA,EN,Towers with Radar,1274,19,19,0,1312,0,13,49,0,62,1274,32,68,0,1374,0,0,0,1374
06/24/2022,JFK,NY,AEA,EN,Towers with Radar,1268,20,14,0,1302,0,20,33,0,53,1268,40,47,0,1355,0,0,0,1355
06/25/2022,JFK,NY,AEA,EN,Towers with Radar,1239,22,9,2,1272,1,8,9,0,18,1240,30,18,2,1290,0,0,0,1290
06/26/2022,JFK,NY,AEA,EN,Towers with Radar,1242,20,12,0,1274,0,6,22,0,28,1242,26,34,0,1302,0,0,0,1302
06/27/2022,JFK,NY,AEA,EN,Towers with Radar,1183,17,15,0,1215,0,23,6,0,29,1183,40,21,0,1244,0,0,0,1244
06/28/2022,JFK,NY,AEA,EN,Towers with Radar,1289,17,5,0,1311,0,13,47,0,60,1289,30,52,0,1371,0,0,0,1371
06/29/2022,JFK,NY,AEA,EN,Towers with Radar,1249,25,6,0,1280,0,39,19,0,58,1249,64,25,0,1338,0,0,0,1338
06/30/2022,JFK,NY,AEA,EN,Towers with Radar,1276,19,12,0,1307,0,13,45,0,58,1276,32,57,0,1365,0,0,0,1365
07/01/2022,JFK,NY,AEA,EN,Towers with Radar,1228,26,7,0,1261,0,34,28,0,62,1228,60,35,0,1323,0,0,0,1323
07/02/2022,JFK,NY,AEA,EN,Towers with Radar,1202,11,7,0,1220,0,2,2,0,4,1202,13,9,0,1224,0,0,0,1224
07/03/2022,JFK,NY,AEA,EN,Towers with Radar,1294,15,9,0,1318,0,3,10,0,13,1294,18,19,0,1331,0,0,0,1331
07/04/2022,JFK,NY,AEA,EN,Towers with Radar,1230,10,10,0,1250,0,12,5,0,17,1230,22,15,0,1267,0,0,0,1267
07/05/2022,JFK,NY,AEA,EN,Towers with Radar,1250,14,12,0,1276,0,10,38,0,48,1250,24,50,0,1324,0,0,0,1324
07/06/2022,JFK,NY,AEA,EN,Towers with Radar,1285,17,6,0,1308,0,36,18,0,54,1285,53,24,0,1362,0,0,0,1362
07/07/2022,JFK,NY,AEA,EN,Towers with Radar,1280,12,5,0,1297,0,8,33,0,41,1280,20,38,0,1338,0,0,0,1338
07/08/2022,JFK,NY,AEA,EN,Towers with Radar,1283,18,9,0,1310,0,28,21,0,49,1283,46,30,0,1359,0,0,0,1359
07/09/2022,JFK,NY,AEA,EN,Towers with Radar,1263,14,15,0,1292,0,2,11,0,13,1263,16,26,0,1305,0,0,0,1305
07/10/2022,JFK,NY,AEA,EN,Towers with Radar,1284,15,7,0,1306,0,4,18,0,22,1284,19,25,0,1328,0,0,0,1328
07/11/2022,JFK,NY,AEA,EN,Towers with Radar,1279,24,18,0,1321,0,0,53,0,53,1279,24,71,0,1374,0,0,0,1374
07/12/2022,JFK,NY,AEA,EN,Towers with Radar,1229,14,6,0,1249,0,28,8,0,36,1229,42,14,0,1285,0,0,0,1285
07/13/2022,JFK,NY,AEA,EN,Towers with Radar,1281,15,6,0,1302,0,5,43,1,49,1281,20,49,1,1351,0,0,0,1351
07/14/2022,JFK,NY,AEA,EN,Towers with Radar,1301,25,2,0,1328,0,34,27,0,61,1301,59,29,0,1389,0,0,0,1389
07/15/2022,JFK,NY,AEA,EN,Towers with Radar,1282,14,16,1,1313,0,12,60,0,72,1282,26,76,1,1385,0,0,0,1385
07/16/2022,JFK,NY,AEA,EN,Towers with Radar,1261,20,15,0,1296,0,4,12,0,16,1261,24,27,0,1312,0,0,0,1312
07/17/2022,JFK,NY,AEA,EN,Towers with Radar,1285,15,8,0,1308,0,12,17,0,29,1285,27,25,0,1337,0,0,0,1337
07/18/2022,JFK,NY,AEA,EN,Towers with Radar,1159,16,7,0,1182,1,6,4,0,11,1160,22,11,0,1193,0,0,0,1193
07/19/2022,JFK,NY,AEA,EN,Towers with Radar,1273,14,10,0,1297,0,25,24,0,49,1273,39,34,0,1346,0,0,0,1346
07/20/2022,JFK,NY,AEA,EN,Towers with Radar,1284,14,17,0,1315,0,37,30,2,69,1284,51,47,2,1384,0,0,0,1384
07/21/2022,JFK,NY,AEA,EN,Towers with Radar,1262,16,8,0,1286,0,22,22,0,44,1262,38,30,0,1330,0,0,0,1330
07/22/2022,JFK,NY,AEA,EN,Towers with Radar,1252,13,11,0,1276,0,10,52,0,62,1252,23,63,0,1338,0,0,0,1338
07/23/2022,JFK,NY,AEA,EN,Towers with Radar,1241,17,9,0,1267,0,0,14,0,14,1241,17,23,0,1281,0,0,0,1281
07/24/2022,JFK,NY,AEA,EN,Towers with Radar,1258,19,7,0,1284,0,0,20,0,20,1258,19,27,0,1304,0,0,0,1304
07/25/2022,JFK,NY,AEA,EN,Towers with Radar,1143,13,12,0,1168,0,0,16,0,16,1143,13,28,0,1184,0,0,0,1184
07/26/2022,JFK,NY,AEA,EN,Towers with Radar,1245,27,8,0,1280,0,11,43,0,54,1245,38,51,0,1334,0,0,0,1334
07/27/2022,JFK,NY,AEA,EN,Towers with Radar,1288,18,10,1,1317,0,4,59,0,63,1288,22,69,1,1380,0,0,0,1380
07/28/2022,JFK,NY,AEA,EN,Towers with Radar,1161,19,8,1,1189,0,15,22,2,39,1161,34,30,3,1228,0,0,0,1228
07/29/2022,JFK,NY,AEA,EN,Towers with Radar,1273,14,6,0,1293,0,33,33,2,68,1273,47,39,2,1361,0,0,0,1361
07/30/2022,JFK,NY,AEA,EN,Towers with Radar,1259,17,12,0,1288,0,0,15,0,15,1259,17,27,0,1303,0,0,0,1303
07/31/2022,JFK,NY,AEA,EN,Towers with Radar,1260,20,19,0,1299,0,17,14,0,31,1260,37,33,0,1330,0,0,0,1330
08/01/2022,JFK,NY,AEA,EN,Towers with Radar,1260,9,8,0,1277,0,16,9,0,25,1260,25,17,0,1302,0,0,0,1302
08/02/2022,JFK,NY,AEA,EN,Towers with Radar,1288,8,18,0,1314,0,15,25,2,42,1288,23,43,2,1356,0,0,0,1356
08/03/2022,JFK,NY,AEA,EN,Towers with Radar,1292,15,5,0,1312,0,18,27,3,48,1292,33,32,3,1360,0,0,0,1360
08/04/2022,JFK,NY,AEA,EN,Towers with Radar,1123,12,6,0,1141,0,17,52,0,69,1123,29,58,0,1210,0,0,0,1210
08/05/2022,JFK,NY,AEA,EN,Towers with Radar,1107,22,3,1,1133,0,6,64,0,70,1107,28,67,1,1203,0,0,0,1203
08/06/2022,JFK,NY,AEA,EN,Towers with Radar,1226,12,9,0,1247,0,0,3,0,3,1226,12,12,0,1250,0,0,0,1250
08/07/2022,JFK,NY,AEA,EN,Towers with Radar,1212,17,5,2,1236,0,1,23,0,24,1212,18,28,2,1260,0,0,0,1260
08/08/2022,JFK,NY,AEA,EN,Towers with Radar,1269,9,12,0,1290,0,4,36,0,40,1269,13,48,0,1330,0,0,0,1330
08/09/2022,JFK,NY,AEA,EN,Towers with Radar,1233,7,9,1,1250,0,8,36,2,46,1233,15,45,3,1296,0,0,0,1296
08/10/2022,JFK,NY,AEA,EN,Towers with Radar,1269,13,12,1,1295,0,9,45,3,57,1269,22,57,4,1352,0,0,0,1352
08/11/2022,JFK,NY,AEA,EN,Towers with Radar,1276,13,9,0,1298,0,16,43,0,59,1276,29,52,0,1357,0,0,0,1357
08/12/2022,JFK,NY,AEA,EN,Towers with Radar,1275,14,5,0,1294,0,10,35,2,47,1275,24,40,2,1341,0,0,0,1341
08/13/2022,JFK,NY,AEA,EN,Towers with Radar,1276,11,12,0,1299,0,0,13,0,13,1276,11,25,0,1312,0,0,0,1312
08/14/2022,JFK,NY,AEA,EN,Towers with Radar,1289,13,12,0,1314,0,6,27,0,33,1289,19,39,0,1347,0,0,0,1347
08/15/2022,JFK,NY,AEA,EN,Towers with Radar,1246,16,14,0,1276,0,9,34,0,43,1246,25,48,0,1319,0,0,0,1319
08/16/2022,JFK,NY,AEA,EN,Towers with Radar,1298,16,10,0,1324,0,13,50,0,63,1298,29,60,0,1387,0,0,0,1387
08/17/2022,JFK,NY,AEA,EN,Towers with Radar,1239,15,3,0,1257,0,16,55,0,71,1239,31,58,0,1328,0,0,0,1328
08/18/2022,JFK,NY,AEA,EN,Towers with Radar,1282,18,11,0,1311,0,20,44,0,64,1282,38,55,0,1375,0,0,0,1375
08/19/2022,JFK,NY,AEA,EN,Towers with Radar,1275,13,3,0,1291,0,12,43,0,55,1275,25,46,0,1346,0,0,0,1346
08/20/2022,JFK,NY,AEA,EN,Towers with Radar,1274,16,8,0,1298,0,0,6,0,6,1274,16,14,0,1304,0,0,0,1304
08/21/2022,JFK,NY,AEA,EN,Towers with Radar,1249,18,12,2,1281,0,6,11,0,17,1249,24,23,2,1298,0,0,0,1298
08/22/2022,JFK,NY,AEA,EN,Towers with Radar,1118,4,5,0,1127,0,0,20,0,20,1118,4,25,0,1147,0,0,0,1147
08/23/2022,JFK,NY,AEA,EN,Towers with Radar,1274,21,10,0,1305,0,28,7,1,36,1274,49,17,1,1341,0,0,0,1341
08/24/2022,JFK,NY,AEA,EN,Towers with Radar,1285,18,8,0,1311,0,35,23,0,58,1285,53,31,0,1369,0,0,0,1369
08/25/2022,JFK,NY,AEA,EN,Towers with Radar,1289,13,8,2,1312,0,8,49,0,57,1289,21,57,2,1369,0,0,0,1369
08/26/2022,JFK,NY,AEA,EN,Towers with Radar,1267,17,11,0,1295,1,9,37,0,47,1268,26,48,0,1342,0,0,0,1342
08/27/2022,JFK,NY,AEA,EN,Towers with Radar,1295,14,9,0,1318,0,0,4,0,4,1295,14,13,0,1322,0,0,0,1322
08/28/2022,JFK,NY,AEA,EN,Towers with Radar,1283,14,5,0,1302,0,0,23,0,23,1283,14,28,0,1325,0,0,0,1325
08/29/2022,JFK,NY,AEA,EN,Towers with Radar,1246,7,7,0,1260,0,0,50,2,52,1246,7,57,2,1312,0,0,0,1312
08/30/2022,JFK,NY,AEA,EN,Towers with Radar,1203,18,3,0,1224,0,10,36,2,48,1203,28,39,2,1272,0,0,0,1272
08/31/2022,JFK,NY,AEA,EN,Towers with Radar,1292,18,13,0,1323,0,7,39,0,46,1292,25,52,0,1369,0,0,0,1369
09/01/2022,JFK,NY,AEA,EN,Towers with Radar,1297,14,4,0,1315,0,8,45,0,53,1297,22,49,0,1368,0,0,0,1368
09/02/2022,JFK,NY,AEA,EN,Towers with Radar,1266,14,4,0,1284,0,6,57,2,65,1266,20,61,2,1349,0,0,0,1349
09/03/2022,JFK,NY,AEA,EN,Towers with Radar,1245,14,8,0,1267,0,0,2,0,2,1245,14,10,0,1269,0,0,0,1269
09/04/2022,JFK,NY,AEA,EN,Towers with Radar,1254,18,6,0,1278,0,2,10,0,12,1254,20,16,0,1290,0,0,0,1290
09/05/2022,JFK,NY,AEA,EN,Towers with Radar,1260,7,11,1,1279,0,27,21,2,50,1260,34,32,3,1329,0,0,0,1329
09/06/2022,JFK,NY,AEA,EN,Towers with Radar,1267,9,15,0,1291,0,4,2,0,6,1267,13,17,0,1297,0,0,0,1297
09/07/2022,JFK,NY,AEA,EN,Towers with Radar,1265,19,12,0,1296,0,14,25,0,39,1265,33,37,0,1335,0,0,0,1335
09/08/2022,JFK,NY,AEA,EN,Towers with Radar,1271,17,14,2,1304,0,18,50,0,68,1271,35,64,2,1372,0,0,0,1372
09/09/2022,JFK,NY,AEA,EN,Towers with Radar,1250,23,5,0,1278,0,10,58,0,68,1250,33,63,0,1346,0,0,0,1346
09/10/2022,JFK,NY,AEA,EN,Towers with Radar,1221,18,8,2,1249,0,4,8,0,12,1221,22,16,2,1261,0,0,0,1261
09/11/2022,JFK,NY,AEA,EN,Towers with Radar,1250,20,18,5,1293,0,4,11,2,17,1250,24,29,7,1310,0,0,0,1310
09/12/2022,JFK,NY,AEA,EN,Towers with Radar,1207,18,6,0,1231,0,6,21,0,27,1207,24,27,0,1258,0,0,0,1258
09/13/2022,JFK,NY,AEA,EN,Towers with Radar,1259,8,8,0,1275,0,8,6,0,14,1259,16,14,0,1289,0,0,0,1289
09/14/2022,JFK,NY,AEA,EN,Towers with Radar,1254,13,5,2,1274,0,8,26,0,34,1254,21,31,2,1308,0,0,0,1308
09/15/2022,JFK,NY,AEA,EN,Towers with Radar,1261,18,12,2,1293,0,13,14,1,28,1261,31,26,3,1321,0,0,0,1321
09/16/2022,JFK,NY,AEA,EN,Towers with Radar,1238,17,9,4,1268,1,12,22,3,38,1239,29,31,7,1306,0,0,0,1306
09/17/2022,JFK,NY,AEA,EN,Towers with Radar,1218,22,5,4,1249,0,2,19,7,28,1218,24,24,11,1277,0,0,0,1277
09/18/2022,JFK,NY,AEA,EN,Towers with Radar,1255,16,19,1,1291,0,5,23,1,29,1255,21,42,2,1320,0,0,0,1320
09/19/2022,JFK,NY,AEA,EN,Towers with Radar,1241,20,7,8,1276,0,1,33,6,40,1241,21,40,14,1316,0,0,0,1316
09/20/2022,JFK,NY,AEA,EN,Towers with Radar,1256,9,7,6,1278,0,6,24,2,32,1256,15,31,8,1310,0,0,0,1310
09/21/2022,JFK,NY,AEA,EN,Towers with Radar,1267,23,15,5,1310,0,4,1,0,5,1267,27,16,5,1315,0,0,0,1315
09/22/2022,JFK,NY,AEA,EN,Towers with Radar,1202,18,11,12,1243,0,3,7,0,10,1202,21,18,12,1253,0,0,0,1253
09/23/2022,JFK,NY,AEA,EN,Towers with Radar,1285,17,15,12,1329,0,11,11,0,22,1285,28,26,12,1351,0,0,0,1351
09/24/2022,JFK,NY,AEA,EN,Towers with Radar,1226,16,10,1,1253,0,2,8,8,18,1226,18,18,9,1271,0,0,0,1271
09/25/2022,JFK,NY,AEA,EN,Towers with Radar,1155,8,6,2,1171,0,0,8,3,11,1155,8,14,5,1182,0,0,0,1182
09/26/2022,JFK,NY,AEA,EN,Towers with Radar,1276,12,4,2,1294,0,4,1,0,5,1276,16,5,2,1299,0,0,0,1299
09/27/2022,JFK,NY,AEA,EN,Towers with Radar,1231,19,21,1,1272,0,8,23,5,36,1231,27,44,6,1308,0,0,0,1308
09/28/2022,JFK,NY,AEA,EN,Towers with Radar,1180,14,6,0,1200,0,18,35,3,56,1180,32,41,3,1256,0,0,0,1256
09/29/2022,JFK,NY,AEA,EN,Towers with Radar,1205,21,14,0,1240,0,17,27,4,48,1205,38,41,4,1288,0,0,0,1288
09/30/2022,JFK,NY,AEA,EN,Towers with Radar,1183,24,17,0,1224,0,14,32,0,46,1183,38,49,0,1270,0,0,0,1270
10/01/2022,JFK,NY,AEA,EN,Towers with Radar,1210,15,5,0,1230,0,0,0,0,0,1210,15,5,0,1230,0,0,0,1230
10/02/2022,JFK,NY,AEA,EN,Towers with Radar,1254,12,4,0,1270,0,0,0,0,0,1254,12,4,0,1270,0,0,0,1270
10/03/2022,JFK,NY,AEA,EN,Towers with Radar,1230,17,17,5,1269,0,6,26,1,33,1230,23,43,6,1302,0,0,0,1302
10/04/2022,JFK,NY,AEA,EN,Towers with Radar,1217,16,12,2,1247,0,4,0,0,4,1217,20,12,2,1251,0,0,0,1251
10/05/2022,JFK,NY,AEA,EN,Towers with Radar,1253,12,7,2,1274,0,7,4,1,12,1253,19,11,3,1286,0,0,0,1286
10/06/2022,JFK,NY,AEA,EN,Towers with Radar,1269,10,5,3,1287,0,17,37,0,54,1269,27,42,3,1341,0,0,0,1341
10/07/2022,JFK,NY,AEA,EN,Towers with Radar,1242,15,9,3,1269,0,12,56,0,68,1242,27,65,3,1337,0,0,0,1337
10/08/2022,JFK,NY,AEA,EN,Towers with Radar,1207,16,4,0,1227,0,1,11,0,12,1207,17,15,0,1239,0,0,0,1239
10/09/2022,JFK,NY,AEA,EN,Towers with Radar,1240,16,13,2,1271,0,2,20,0,22,1240,18,33,2,1293,0,0,0,1293
10/10/2022,JFK,NY,AEA,EN,Towers with Radar,1222,10,16,2,1250,0,8,40,0,48,1222,18,56,2,1298,0,0,0,1298
10/11/2022,JFK,NY,AEA,EN,Towers with Radar,1198,14,6,0,1218,0,16,30,0,46,1198,30,36,0,1264,0,0,0,1264
10/12/2022,JFK,NY,AEA,EN,Towers with Radar,1218,20,15,0,1253,0,17,41,0,58,1218,37,56,0,1311,0,0,0,1311
10/13/2022,JFK,NY,AEA,EN,Towers with Radar,1171,14,7,0,1192,0,8,22,0,30,1171,22,29,0,1222,0,0,0,1222
10/14/2022,JFK,NY,AEA,EN,Towers with Radar,1274,16,10,0,1300,0,13,40,0,53,1274,29,50,0,1353,0,0,0,1353
10/15/2022,JFK,NY,AEA,EN,Towers with Radar,1217,23,11,0,1251,0,6,5,0,11,1217,29,16,0,1262,0,0,0,1262
10/16/2022,JFK,NY,AEA,EN,Towers with Radar,1241,20,10,0,1271,0,1,19,0,20,1241,21,29,0,1291,0,0,0,1291
10/17/2022,JFK,NY,AEA,EN,Towers with Radar,1205,17,16,0,1238,0,12,26,0,38,1205,29,42,0,1276,0,0,0,1276
10/18/2022,JFK,NY,AEA,EN,Towers with Radar,1212,11,6,0,1229,0,14,47,0,61,1212,25,53,0,1290,0,0,0,1290
10/19/2022,JFK,NY,AEA,EN,Towers with Radar,1212,18,12,0,1242,0,6,47,0,53,1212,24,59,0,1295,0,0,0,1295
10/20/2022,JFK,NY,AEA,EN,Towers with Radar,1262,19,7,0,1288,0,6,62,0,68,1262,25,69,0,1356,0,0,0,1356
10/21/2022,JFK,NY,AEA,EN,Towers with Radar,1218,14,8,0,1240,0,20,46,0,66,1218,34,54,0,1306,0,0,0,1306
10/22/2022,JFK,NY,AEA,EN,Towers with Radar,1208,14,6,0,1228,0,4,0,0,4,1208,18,6,0,1232,0,0,0,1232
10/23/2022,JFK,NY,AEA,EN,Towers with Radar,1244,20,16,0,1280,0,0,19,0,19,1244,20,35,0,1299,0,0,0,1299
10/24/2022,JFK,NY,AEA,EN,Towers with Radar,1217,11,15,0,1243,0,0,0,0,0,1217,11,15,0,1243,0,0,0,1243
10/25/2022,JFK,NY,AEA,EN,Towers with Radar,1164,12,8,0,1184,0,0,0,0,0,1164,12,8,0,1184,0,0,0,1184
10/26/2022,JFK,NY,AEA,EN,Towers with Radar,1208,16,10,0,1234,0,0,9,0,9,1208,16,19,0,1243,0,0,0,1243
10/27/2022,JFK,NY,AEA,EN,Towers with Radar,1254,14,7,0,1275,0,19,53,0,72,1254,33,60,0,1347,0,0,0,1347
10/28/2022,JFK,NY,AEA,EN,Towers with Radar,1208,16,10,3,1237,0,14,39,5,58,1208,30,49,8,1295,0,0,0,1295
10/29/2022,JFK,NY,AEA,EN,Towers with Radar,1212,17,2,0,1231,0,8,8,0,16,1212,25,10,0,1247,0,0,0,1247
10/30/2022,JFK,NY,AEA,EN,Towers with Radar,1234,20,19,2,1275,0,0,24,0,24,1234,20,43,2,1299,0,0,0,1299
10/31/2022,JFK,NY,AEA,EN,Towers with Radar,1216,11,4,6,1237,0,7,26,0,33,1216,18,30,6,1270,0,0,0,1270
11/01/2022,JFK,NY,AEA,EN,Towers with Radar,1228,14,0,7,1249,0,5,24,0,29,1228,19,24,7,1278,0,0,0,1278
11/02/2022,JFK,NY,AEA,EN,Towers with Radar,1230,10,4,2,1246,0,13,39,0,52,1230,23,43,2,1298,0,0,0,1298
11/03/2022,JFK,NY,AEA,EN,Towers with Radar,1258,19,10,2,1289,0,14,44,0,58,1258,33,54,2,1347,0,0,0,1347
11/04/2022,JFK,NY,AEA,EN,Towers with Radar,1231,15,7,3,1256,0,0,29,2,31,1231,15,36,5,1287,0,0,0,1287
11/05/2022,JFK,NY,AEA,EN,Towers with Radar,1205,19,7,0,1231,0,0,11,0,11,1205,19,18,0,1242,0,0,0,1242
11/06/2022,JFK,NY,AEA,EN,Towers with Radar,1268,17,18,0,1303,0,6,27,0,33,1268,23,45,0,1336,0,0,0,1336
11/07/2022,JFK,NY,AEA,EN,Towers with Radar,1224,18,7,2,1251,0,18,37,0,55,1224,36,44,2,1306,0,0,0,1306
11/08/2022,JFK,NY,AEA,EN,Towers with Radar,1225,14,5,0,1244,0,14,35,0,49,1225,28,40,0,1293,0,0,0,1293
11/09/2022,JFK,NY,AEA,EN,Towers with Radar,1216,16,5,2,1239,0,16,40,0,56,1216,32,45,2,1295,0,0,0,1295
11/10/2022,JFK,NY,AEA,EN,Towers with Radar,1230,16,6,0,1252,0,10,62,2,74,1230,26,68,2,1326,0,0,0,1326
11/11/2022,JFK,NY,AEA,EN,Towers with Radar,1217,14,11,0,1242,0,6,14,0,20,1217,20,25,0,1262,0,0,0,1262
11/12/2022,JFK,NY,AEA,EN,Towers with Radar,1258,8,5,0,1271,0,4,0,0,4,1258,12,5,0,1275,0,0,0,1275
11/13/2022,JFK,NY,AEA,EN,Towers with Radar,1236,16,15,0,1267,0,0,22,0,22,1236,16,37,0,1289,0,0,0,1289
11/14/2022,JFK,NY,AEA,EN,Towers with Radar,1225,18,6,0,1249,0,8,42,0,50,1225,26,48,0,1299,0,0,0,1299
11/15/2022,JFK,NY,AEA,EN,Towers with Radar,1239,14,8,0,1261,0,3,33,3,39,1239,17,41,3,1300,0,0,0,1300
11/16/2022,JFK,NY,AEA,EN,Towers with Radar,1261,16,14,0,1291,0,15,23,0,38,1261,31,37,0,1329,0,0,0,1329
11/17/2022,JFK,NY,AEA,EN,Towers with Radar,1258,19,9,0,1286,0,11,50,2,63,1258,30,59,2,1349,0,0,0,1349
11/18/2022,JFK,NY,AEA,EN,Towers with Radar,1234,10,15,0,1259,0,16,62,0,78,1234,26,77,0,1337,0,0,0,1337
11/19/2022,JFK,NY,AEA,EN,Towers with Radar,1193,9,3,0,1205,0,3,11,0,14,1193,12,14,0,1219,0,0,0,1219
11/20/2022,JFK,NY,AEA,EN,Towers with Radar,1242,12,11,0,1265,0,2,20,0,22,1242,14,31,0,1287,0,0,0,1287
11/21/2022,JFK,NY,AEA,EN,Towers with Radar,1244,8,7,1,1260,0,14,37,0,51,1244,22,44,1,1311,0,0,0,1311
11/22/2022,JFK,NY,AEA,EN,Towers with Radar,1261,13,3,1,1278,0,16,36,0,52,1261,29,39,1,1330,0,0,0,1330
11/23/2022,JFK,NY,AEA,EN,Towers with Radar,1271,11,4,0,1286,0,12,43,0,55,1271,23,47,0,1341,0,0,0,1341
11/24/2022,JFK,NY,AEA,EN,Towers with Radar,877,8,2,0,887,0,1,18,0,19,877,9,20,0,906,0,0,0,906
11/25/2022,JFK,NY,AEA,EN,Towers with Radar,1017,6,2,0,1025,0,11,16,0,27,1017,17,18,0,1052,0,0,0,1052
11/26/2022,JFK,NY,AEA,EN,Towers with Radar,1230,12,10,0,1252,0,0,9,0,9,1230,12,19,0,1261,0,0,0,1261
11/27/2022,JFK,NY,AEA,EN,Towers with Radar,1215,18,16,1,1250,0,4,0,0,4,1215,22,16,1,1254,0,0,0,1254
11/28/2022,JFK,NY,AEA,EN,Towers with Radar,1294,17,5,1,1317,0,8,35,0,43,1294,25,40,1,1360,0,0,0,1360
11/29/2022,JFK,NY,AEA,EN,Towers with Radar,1240,15,11,0,1266,0,4,42,0,46,1240,19,53,0,1312,0,0,0,1312
11/30/2022,JFK,NY,AEA,EN,Towers with Radar,1259,5,2,0,1266,0,4,13,0,17,1259,9,15,0,1283,0,0,0,1283
12/01/2022,JFK,NY,AEA,EN,Towers with Radar,1281,12,4,0,1297,0,7,47,0,54,1281,19,51,0,1351,0,0,0,1351
12/02/2022,JFK,NY,AEA,EN,Towers with Radar,1251,16,11,0,1278,0,7,50,2,59,1251,23,61,2,1337,0,0,0,1337
12/03/2022,JFK,NY,AEA,EN,Towers with Radar,1221,14,2,0,1237,0,0,4,0,4,1221,14,6,0,1241,0,0,0,1241
12/04/2022,JFK,NY,AEA,EN,Towers with Radar,1240,9,7,1,1257,0,2,20,0,22,1240,11,27,1,1279,0,0,0,1279
12/05/2022,JFK,NY,AEA,EN,Towers with Radar,1223,16,5,0,1244,0,8,32,0,40,1223,24,37,0,1284,0,0,0,1284
12/06/2022,JFK,NY,AEA,EN,Towers with Radar,1249,9,7,0,1265,0,4,8,0,12,1249,13,15,0,1277,0,0,0,1277
12/07/2022,JFK,NY,AEA,EN,Towers with Radar,1247,18,4,1,1270,0,0,0,0,0,1247,18,4,1,1270,0,0,0,1270
12/08/2022,JFK,NY,AEA,EN,Towers with Radar,1267,13,14,1,1295,0,4,62,1,67,1267,17,76,2,1362,0,0,0,1362
12/09/2022,JFK,NY,AEA,EN,Towers with Radar,1245,8,11,2,1266,0,11,47,4,62,1245,19,58,6,1328,0,0,0,1328
12/10/2022,JFK,NY,AEA,EN,Towers with Radar,1228,15,9,0,1252,0,0,7,0,7,1228,15,16,0,1259,0,0,0,1259
12/11/2022,JFK,NY,AEA,EN,Towers with Radar,1248,9,14,0,1271,0,1,0,0,1,1248,10,14,0,1272,0,0,0,1272
12/12/2022,JFK,NY,AEA,EN,Towers with Radar,1230,8,5,0,1243,0,3,60,0,63,1230,11,65,0,1306,0,0,0,1306
12/13/2022,JFK,NY,AEA,EN,Towers with Radar,1252,11,8,0,1271,0,4,42,0,46,1252,15,50,0,1317,0,0,0,1317
12/14/2022,JFK,NY,AEA,EN,Towers with Radar,1246,9,10,0,1265,0,5,47,4,56,1246,14,57,4,1321,0,0,0,1321
12/15/2022,JFK,NY,AEA,EN,Towers with Radar,1224,10,16,0,1250,0,4,11,0,15,1224,14,27,0,1265,0,0,0,1265
12/16/2022,JFK,NY,AEA,EN,Towers with Radar,1300,17,7,0,1324,0,0,2,0,2,1300,17,9,0,1326,0,0,0,1326
12/17/2022,JFK,NY,AEA,EN,Towers with Radar,1273,4,13,0,1290,0,0,2,0,2,1273,4,15,0,1292,0,0,0,1292
12/18/2022,JFK,NY,AEA,EN,Towers with Radar,1284,9,5,0,1298,0,1,27,0,28,1284,10,32,0,1326,0,0,0,1326
12/19/2022,JFK,NY,AEA,EN,Towers with Radar,1265,12,20,0,1297,0,2,43,0,45,1265,14,63,0,1342,0,0,0,1342
12/20/2022,JFK,NY,AEA,EN,Towers with Radar,1274,13,7,0,1294,0,4,40,2,46,1274,17,47,2,1340,0,0,0,1340
12/21/2022,JFK,NY,AEA,EN,Towers with Radar,1274,12,9,1,1296,0,4,41,0,45,1274,16,50,1,1341,0,0,0,1341
12/22/2022,JFK,NY,AEA,EN,Towers with Radar,1243,8,9,0,1260,0,5,10,0,15,1243,13,19,0,1275,0,0,0,1275
12/23/2022,JFK,NY,AEA,EN,Towers with Radar,1072,9,2,0,1083,0,0,2,0,2,1072,9,4,0,1085,0,0,0,1085
12/24/2022,JFK,NY,AEA,EN,Towers with Radar,907,12,1,0,920,0,0,7,0,7,907,12,8,0,927,0,0,0,927
12/25/2022,JFK,NY,AEA,EN,Towers with Radar,869,8,6,0,883,0,0,9,0,9,869,8,15,0,892,0,0,0,892
12/26/2022,JFK,NY,AEA,EN,Towers with Radar,958,12,10,0,980,0,0,14,0,14,958,12,24,0,994,0,0,0,994
12/27/2022,JFK,NY,AEA,EN,Towers with Radar,1075,16,13,0,1104,0,4,24,0,28,1075,20,37,0,1132,0,0,0,1132
12/28/2022,JFK,NY,AEA,EN,Towers with Radar,1083,7,6,1,1097,0,4,25,0,29,1083,11,31,1,1126,0,0,0,1126
12/29/2022,JFK,NY,AEA,EN,Towers with Radar,1118,7,2,0,1127,0,5,15,1,21,1118,12,17,1,1148,0,0,0,1148
12/30/2022,JFK,NY,AEA,EN,Towers with Radar,1101,8,9,0,1118,0,6,11,1,18,1101,14,20,1,1136,0,0,0,1136
12/31/2022,JFK,NY,AEA,EN,Towers with Radar,1014,7,0,0,1021,0,0,0,0,0,1014,7,0,0,1021,0,0,0,1021
01/01/2023,JFK,NY,AEA,EN,Towers with Radar,1000,13,7,0,1020,0,0,21,0,21,1000,13,28,0,1041,0,0,0,1041
01/02/2023,JFK,NY,AEA,EN,Towers with Radar,1054,14,9,0,1077,0,0,24,0,24,1054,14,33,0,1101,0,0,0,1101
01/03/2023,JFK,NY,AEA,EN,Towers with Radar,1081,8,15,0,1104,1,0,0,0,1,1082,8,15,0,1105,0,0,0,1105
01/04/2023,JFK,NY,AEA,EN,Towers with Radar,1096,10,9,0,1115,0,4,35,1,40,1096,14,44,1,1155,0,0,0,1155
01/05/2023,JFK,NY,AEA,EN,Towers with Radar,1129,15,18,0,1162,0,0,10,0,10,1129,15,28,0,1172,0,0,0,1172
01/06/2023,JFK,NY,AEA,EN,Towers with Radar,1088,14,7,0,1109,0,4,14,0,18,1088,18,21,0,1127,0,0,0,1127
01/07/2023,JFK,NY,AEA,EN,Towers with Radar,1079,27,2,0,1108,0,0,8,0,8,1079,27,10,0,1116,0,0,0,1116
01/08/2023,JFK,NY,AEA,EN,Towers with Radar,1255,15,2,0,1272,0,0,17,0,17,1255,15,19,0,1289,0,0,0,1289
01/09/2023,JFK,NY,AEA,EN,Towers with Radar,1219,10,6,0,1235,0,0,39,0,39,1219,10,45,0,1274,0,0,0,1274
01/10/2023,JFK,NY,AEA,EN,Towers with Radar,1212,19,4,1,1236,0,8,25,0,33,1212,27,29,1,1269,0,0,0,1269
01/11/2023,JFK,NY,AEA,EN,Towers with Radar,1200,7,5,1,1213,0,4,33,0,37,1200,11,38,1,1250,0,0,0,1250
01/12/2023,JFK,NY,AEA,EN,Towers with Radar,1216,10,6,0,1232,0,6,25,0,31,1216,16,31,0,1263,0,0,0,1263
01/13/2023,JFK,NY,AEA,EN,Towers with Radar,1268,9,3,0,1280,0,5,33,0,38,1268,14,36,0,1318,0,0,0,1318
01/14/2023,JFK,NY,AEA,EN,Towers with Radar,1194,16,4,0,1214,0,0,3,0,3,1194,16,7,0,1217,0,0,0,1217
01/15/2023,JFK,NY,AEA,EN,Towers with Radar,1230,6,6,0,1242,0,0,23,0,23,1230,6,29,0,1265,0,0,0,1265
01/16/2023,JFK,NY,AEA,EN,Towers with Radar,1227,13,3,0,1243,0,0,27,0,27,1227,13,30,0,1270,0,0,0,1270
01/17/2023,JFK,NY,AEA,EN,Towers with Radar,1206,15,7,0,1228,0,6,34,0,40,1206,21,41,0,1268,0,0,0,1268
01/18/2023,JFK,NY,AEA,EN,Towers with Radar,1225,9,9,0,1243,0,4,39,0,43,1225,13,48,0,1286,0,0,0,1286
01/19/2023,JFK,NY,AEA,EN,Towers with Radar,1216,16,11,0,1243,0,4,0,0,4,1216,20,11,0,1247,0,0,0,1247
01/20/2023,JFK,NY,AEA,EN,Towers with Radar,1228,9,17,0,1254,0,8,38,2,48,1228,17,55,2,1302,0,0,0,1302
01/21/2023,JFK,NY,AEA,EN,Towers with Radar,1194,16,6,0,1216,0,0,5,0,5,1194,16,11,0,1221,0,0,0,1221
01/22/2023,JFK,NY,AEA,EN,Towers with Radar,1187,13,7,0,1207,0,0,12,0,12,1187,13,19,0,1219,0,0,0,1219
01/23/2023,JFK,NY,AEA,EN,Towers with Radar,1213,8,7,1,1229,0,0,0,0,0,1213,8,7,1,1229,0,0,0,1229
01/24/2023,JFK,NY,AEA,EN,Towers with Radar,1195,11,3,0,1209,0,4,40,2,46,1195,15,43,2,1255,0,0,0,1255
01/25/2023,JFK,NY,AEA,EN,Towers with Radar,1121,9,4,1,1135,0,4,0,0,4,1121,13,4,1,1139,0,0,0,1139
01/26/2023,JFK,NY,AEA,EN,Towers with Radar,1261,16,5,0,1282,0,5,37,1,43,1261,21,42,1,1325,0,0,0,1325
01/27/2023,JFK,NY,AEA,EN,Towers with Radar,1225,11,9,0,1245,0,4,45,0,49,1225,15,54,0,1294,0,0,0,1294
01/28/2023,JFK,NY,AEA,EN,Towers with Radar,1180,12,6,5,1203,0,0,4,2,6,1180,12,10,7,1209,0,0,0,1209
01/29/2023,JFK,NY,AEA,EN,Towers with Radar,1206,13,15,0,1234,0,0,16,0,16,1206,13,31,0,1250,0,0,0,1250
01/30/2023,JFK,NY,AEA,EN,Towers with Radar,1194,23,7,2,1226,0,0,30,0,30,1194,23,37,2,1256,0,0,0,1256
01/31/2023,JFK,NY,AEA,EN,Towers with Radar,1181,12,5,8,1206,0,0,3,1,4,1181,12,8,9,1210,0,0,0,1210
02/01/2023,JFK,NY,AEA,EN,Towers with Radar,1171,9,6,2,1188,0,6,32,2,40,1171,15,38,4,1228,0,0,0,1228
02/02/2023,JFK,NY,AEA,EN,Towers with Radar,1209,19,5,0,1233,0,6,44,0,50,1209,25,49,0,1283,0,0,0,1283
02/03/2023,JFK,NY,AEA,EN,Towers with Radar,1208,12,5,0,1225,0,4,32,1,37,1208,16,37,1,1262,0,0,0,1262
02/04/2023,JFK,NY,AEA,EN,Towers with Radar,1172,13,6,0,1191,0,4,5,0,9,1172,17,11,0,1200,0,0,0,1200
02/05/2023,JFK,NY,AEA,EN,Towers with Radar,1210,8,12,0,1230,0,0,22,0,22,1210,8,34,0,1252,0,0,0,1252
02/06/2023,JFK,NY,AEA,EN,Towers with Radar,1216,13,2,1,1232,0,2,44,0,46,1216,15,46,1,1278,0,0,0,1278
02/07/2023,JFK,NY,AEA,EN,Towers with Radar,1187,12,0,1,1200,0,4,55,2,61,1187,16,55,3,1261,0,0,0,1261
02/08/2023,JFK,NY,AEA,EN,Towers with Radar,1200,14,4,0,1218,0,4,39,1,44,1200,18,43,1,1262,0,0,0,1262
02/09/2023,JFK,NY,AEA,EN,Towers with Radar,1228,8,1,0,1237,0,6,46,0,52,1228,14,47,0,1289,0,0,0,1289
02/10/2023,JFK,NY,AEA,EN,Towers with Radar,1217,12,7,0,1236,0,4,37,3,44,1217,16,44,3,1280,0,0,0,1280
02/11/2023,JFK,NY,AEA,EN,Towers with Radar,1190,12,7,0,1209,0,0,4,0,4,1190,12,11,0,1213,0,0,0,1213
02/12/2023,JFK,NY,AEA,EN,Towers with Radar,1224,10,4,0,1238,0,0,12,0,12,1224,10,16,0,1250,0,0,0,1250
02/13/2023,JFK,NY,AEA,EN,Towers with Radar,1192,11,4,1,1208,0,0,31,0,31,1192,11,35,1,1239,0,0,0,1239
02/14/2023,JFK,NY,AEA,EN,Towers with Radar,1209,12,9,0,1230,0,2,36,0,38,1209,14,45,0,1268,0,0,0,1268
02/15/2023,JFK,NY,AEA,EN,Towers with Radar,1221,11,6,1,1239,0,4,44,0,48,1221,15,50,1,1287,0,0,0,1287
02/16/2023,JFK,NY,AEA,EN,Towers with Radar,1197,12,8,0,1217,0,4,28,0,32,1197,16,36,0,1249,0,0,0,1249
02/17/2023,JFK,NY,AEA,EN,Towers with Radar,1196,15,10,0,1221,0,6,19,0,25,1196,21,29,0,1246,0,0,0,1246
02/18/2023,JFK,NY,AEA,EN,Towers with Radar,1232,12,9,0,1253,0,1,7,0,8,1232,13,16,0,1261,0,0,0,1261
02/19/2023,JFK,NY,AEA,EN,Towers with Radar,1267,11,5,0,1283,0,0,15,0,15,1267,11,20,0,1298,0,0,0,1298
02/20/2023,JFK,NY,AEA,EN,Towers with Radar,1252,12,5,0,1269,0,2,21,0,23,1252,14,26,0,1292,0,0,0,1292
02/21/2023,JFK,NY,AEA,EN,Towers with Radar,1219,20,8,0,1247,0,4,34,0,38,1219,24,42,0,1285,0,0,0,1285
02/22/2023,JFK,NY,AEA,EN,Towers with Radar,1244,17,8,0,1269,0,7,13,0,20,1244,24,21,0,1289,0,0,0,1289
02/23/2023,JFK,NY,AEA,EN,Towers with Radar,1257,10,7,0,1274,0,0,0,0,0,1257,10,7,0,1274,0,0,0,1274
02/24/2023,JFK,NY,AEA,EN,Towers with Radar,1248,16,5,0,1269,0,8,55,0,63,1248,24,60,0,1332,0,0,0,1332
02/25/2023,JFK,NY,AEA,EN,Towers with Radar,1229,12,2,0,1243,0,0,0,0,0,1229,12,2,0,1243,0,0,0,1243
02/26/2023,JFK,NY,AEA,EN,Towers with Radar,1255,10,8,0,1273,0,0,11,0,11,1255,10,19,0,1284,0,0,0,1284
02/27/2023,JFK,NY,AEA,EN,Towers with Radar,1129,11,13,0,1153,0,2,25,1,28,1129,13,38,1,1181,0,0,0,1181
02/28/2023,JFK,NY,AEA,EN,Towers with Radar,1173,9,5,1,1188,0,0,0,0,0,1173,9,5,1,1188,0,0,0,1188
03/01/2023,JFK,NY,AEA,EN,Towers with Radar,1270,16,11,0,1297,0,4,42,0,46,1270,20,53,0,1343,0,0,0,1343
03/02/2023,JFK,NY,AEA,EN,Towers with Radar,1293,16,6,0,1315,1,0,30,0,31,1294,16,36,0,1346,0,0,0,1346
03/03/2023,JFK,NY,AEA,EN,Towers with Radar,1249,22,15,0,1286,0,4,26,2,32,1249,26,41,2,1318,0,0,0,1318
03/04/2023,JFK,NY,AEA,EN,Towers with Radar,1239,8,2,0,1249,0,2,0,0,2,1239,10,2,0,1251,0,0,0,1251
03/05/2023,JFK,NY,AEA,EN,Towers with Radar,1282,14,12,0,1308,0,0,11,0,11,1282,14,23,0,1319,0,0,0,1319
03/06/2023,JFK,NY,AEA,EN,Towers with Radar,1283,14,7,0,1304,0,4,33,0,37,1283,18,40,0,1341,0,0,0,1341
03/07/2023,JFK,NY,AEA,EN,Towers with Radar,1261,20,6,2,1289,0,4,35,2,41,1261,24,41,4,1330,0,0,0,1330
03/08/2023,JFK,NY,AEA,EN,Towers with Radar,1291,8,7,0,1306,0,4,43,0,47,1291,12,50,0,1353,0,0,0,1353
03/09/2023,JFK,NY,AEA,EN,Towers with Radar,1295,14,3,0,1312,0,4,45,0,49,1295,18,48,0,1361,0,0,0,1361
03/10/2023,JFK,NY,AEA,EN,Towers with Radar,1257,15,6,0,1278,0,8,40,0,48,1257,23,46,0,1326,0,0,0,1326
03/11/2023,JFK,NY,AEA,EN,Towers with Radar,1261,7,10,1,1279,0,0,4,0,4,1261,7,14,1,1283,0,0,0,1283
03/12/2023,JFK,NY,AEA,EN,Towers with Radar,1255,20,12,0,1287,0,0,21,0,21,1255,20,33,0,1308,0,0,0,1308
03/13/2023,JFK,NY,AEA,EN,Towers with Radar,1252,11,1,0,1264,0,0,0,0,0,1252,11,1,0,1264,0,0,0,1264
03/14/2023,JFK,NY,AEA,EN,Towers with Radar,1175,13,10,2,1200,0,0,0,0,0,1175,13,10,2,1200,0,0,0,1200
03/15/2023,JFK,NY,AEA,EN,Towers with Radar,1323,12,6,0,1341,0,11,31,0,42,1323,23,37,0,1383,0,0,0,1383
03/16/2023,JFK,NY,AEA,EN,Towers with Radar,1300,9,11,0,1320,0,6,50,0,56,1300,15,61,0,1376,0,0,0,1376
03/17/2023,JFK,NY,AEA,EN,Towers with Radar,1280,15,11,0,1306,0,8,49,0,57,1280,23,60,0,1363,0,0,0,1363
03/18/2023,JFK,NY,AEA,EN,Towers with Radar,1270,24,6,0,1300,0,3,7,0,10,1270,27,13,0,1310,0,0,0,1310
03/19/2023,JFK,NY,AEA,EN,Towers with Radar,1285,11,7,0,1303,0,0,18,0,18,1285,11,25,0,1321,0,0,0,1321
03/20/2023,JFK,NY,AEA,EN,Towers with Radar,1286,14,7,0,1307,0,0,39,0,39,1286,14,46,0,1346,0,0,0,1346
03/21/2023,JFK,NY,AEA,EN,Towers with Radar,1275,10,8,0,1293,0,4,37,0,41,1275,14,45,0,1334,0,0,0,1334
03/22/2023,JFK,NY,AEA,EN,Towers with Radar,1288,17,7,0,1312,0,4,39,0,43,1288,21,46,0,1355,0,0,0,1355
03/23/2023,JFK,NY,AEA,EN,Towers with Radar,1300,12,6,0,1318,0,2,24,2,28,1300,14,30,2,1346,0,0,0,1346
03/24/2023,JFK,NY,AEA,EN,Towers with Radar,1297,18,4,0,1319,0,4,41,2,47,1297,22,45,2,1366,0,0,0,1366
03/25/2023,JFK,NY,AEA,EN,Towers with Radar,1269,14,6,0,1289,0,0,0,0,0,1269,14,6,0,1289,0,0,0,1289
03/26/2023,JFK,NY,AEA,EN,Towers with Radar,1296,19,18,1,1334,0,8,11,0,19,1296,27,29,1,1353,0,0,0,1353
03/27/2023,JFK,NY,AEA,EN,Towers with Radar,1313,19,6,0,1338,0,3,34,2,39,1313,22,40,2,1377,0,0,0,1377
03/28/2023,JFK,NY,AEA,EN,Towers with Radar,1300,12,4,0,1316,0,4,36,2,42,1300,16,40,2,1358,0,0,0,1358
03/29/2023,JFK,NY,AEA,EN,Towers with Radar,1327,19,4,0,1350,0,12,28,0,40,1327,31,32,0,1390,0,0,0,1390
03/30/2023,JFK,NY,AEA,EN,Towers with Radar,1315,20,17,0,1352,0,5,45,0,50,1315,25,62,0,1402,0,0,0,1402
03/31/2023,JFK,NY,AEA,EN,Towers with Radar,1317,31,16,0,1364,0,5,40,0,45,1317,36,56,0,1409,0,0,0,1409
04/01/2023,JFK,NY,AEA,EN,Towers with Radar,1208,16,1,0,1225,0,1,1,0,2,1208,17,2,0,1227,0,0,0,1227
04/02/2023,JFK,NY,AEA,EN,Towers with Radar,1313,18,17,0,1348,0,4,17,0,21,1313,22,34,0,1369,0,0,0,1369
04/03/2023,JFK,NY,AEA,EN,Towers with Radar,1299,11,11,0,1321,0,1,44,0,45,1299,12,55,0,1366,0,0,0,1366
04/04/2023,JFK,NY,AEA,EN,Towers with Radar,1322,15,2,1,1340,0,4,37,1,42,1322,19,39,2,1382,0,0,0,1382
04/05/2023,JFK,NY,AEA,EN,Towers with Radar,1299,20,13,1,1333,0,0,0,0,0,1299,20,13,1,1333,0,0,0,1333
04/06/2023,JFK,NY,AEA,EN,Towers with Radar,1343,13,6,0,1362,0,2,33,0,35,1343,15,39,0,1397,0,0,0,1397
04/07/2023,JFK,NY,AEA,EN,Towers with Radar,1333,10,3,0,1346,0,4,34,1,39,1333,14,37,1,1385,0,0,0,1385
04/08/2023,JFK,NY,AEA,EN,Towers with Radar,1286,8,2,0,1296,0,0,5,0,5,1286,8,7,0,1301,0,0,0,1301
04/09/2023,JFK,NY,AEA,EN,Towers with Radar,1322,15,7,0,1344,0,0,22,0,22,1322,15,29,0,1366,0,0,0,1366
04/10/2023,JFK,NY,AEA,EN,Towers with Radar,1309,15,8,0,1332,0,0,38,2,40,1309,15,46,2,1372,0,0,0,1372
04/11/2023,JFK,NY,AEA,EN,Towers with Radar,1312,13,6,0,1331,0,6,46,0,52,1312,19,52,0,1383,0,0,0,1383
04/12/2023,JFK,NY,AEA,EN,Towers with Radar,1313,16,2,0,1331,0,4,51,0,55,1313,20,53,0,1386,0,0,0,1386
04/13/2023,JFK,NY,AEA,EN,Towers with Radar,1303,12,0,3,1318,0,4,47,3,54,1303,16,47,6,1372,0,0,0,1372
04/14/2023,JFK,NY,AEA,EN,Towers with Radar,1323,15,18,3,1359,0,8,56,2,66,1323,23,74,5,1425,0,0,0,1425
04/15/2023,JFK,NY,AEA,EN,Towers with Radar,1195,13,4,0,1212,0,0,4,0,4,1195,13,8,0,1216,0,0,0,1216
04/16/2023,JFK,NY,AEA,EN,Towers with Radar,1331,23,15,0,1369,0,2,10,0,12,1331,25,25,0,1381,0,0,0,1381
04/17/2023,JFK,NY,AEA,EN,Towers with Radar,1339,22,14,0,1375,0,0,37,0,37,1339,22,51,0,1412,0,0,0,1412
04/18/2023,JFK,NY,AEA,EN,Towers with Radar,1334,13,4,0,1351,0,4,43,0,47,1334,17,47,0,1398,0,0,0,1398
04/19/2023,JFK,NY,AEA,EN,Towers with Radar,1318,12,10,0,1340,0,8,29,0,37,1318,20,39,0,1377,0,0,0,1377
04/20/2023,JFK,NY,AEA,EN,Towers with Radar,1313,12,4,0,1329,0,4,59,0,63,1313,16,63,0,1392,0,0,0,1392
04/21/2023,JFK,NY,AEA,EN,Towers with Radar,1316,11,13,0,1340,0,6,46,0,52,1316,17,59,0,1392,0,0,0,1392
04/22/2023,JFK,NY,AEA,EN,Towers with Radar,1199,10,4,0,1213,0,0,4,0,4,1199,10,8,0,1217,0,0,0,1217
04/23/2023,JFK,NY,AEA,EN,Towers with Radar,1384,20,7,0,1411,0,0,18,0,18,1384,20,25,0,1429,0,0,0,1429
04/24/2023,JFK,NY,AEA,EN,Towers with Radar,1313,16,9,0,1338,0,0,37,2,39,1313,16,46,2,1377,0,0,0,1377
04/25/2023,JFK,NY,AEA,EN,Towers with Radar,1285,14,10,0,1309,0,8,42,1,51,1285,22,52,1,1360,0,0,0,1360
04/26/2023,JFK,NY,AEA,EN,Towers with Radar,1311,12,3,0,1326,0,5,54,4,63,1311,17,57,4,1389,0,0,0,1389
04/27/2023,JFK,NY,AEA,EN,Towers with Radar,1333,22,4,0,1359,0,8,47,0,55,1333,30,51,0,1414,0,0,0,1414
04/28/2023,JFK,NY,AEA,EN,Towers with Radar,1315,14,9,0,1338,0,4,47,0,51,1315,18,56,0,1389,0,0,0,1389
04/29/2023,JFK,NY,AEA,EN,Towers with Radar,1126,10,5,0,1141,0,0,0,0,0,1126,10,5,0,1141,0,0,0,1141
04/30/2023,JFK,NY,AEA,EN,Towers with Radar,1210,11,8,0,1229,0,0,0,0,0,1210,11,8,0,1229,0,0,0,1229
05/01/2023,JFK,NY,AEA,EN,Towers with Radar,1343,16,7,0,1366,0,4,38,0,42,1343,20,45,0,1408,0,0,0,1408
05/02/2023,JFK,NY,AEA,EN,Towers with Radar,1311,20,9,0,1340,0,4,35,0,39,1311,24,44,0,1379,0,0,0,1379
05/03/2023,JFK,NY,AEA,EN,Towers with Radar,1303,12,8,0,1323,0,6,45,2,53,1303,18,53,2,1376,0,0,0,1376
05/04/2023,JFK,NY,AEA,EN,Towers with Radar,1333,16,12,0,1361,0,4,46,0,50,1333,20,58,0,1411,0,0,0,1411
05/05/2023,JFK,NY,AEA,EN,Towers with Radar,1291,10,12,0,1313,0,7,53,0,60,1291,17,65,0,1373,0,0,0,1373
05/06/2023,JFK,NY,AEA,EN,Towers with Radar,1249,6,17,0,1272,0,0,3,0,3,1249,6,20,0,1275,0,0,0,1275
05/07/2023,JFK,NY,AEA,EN,Towers with Radar,1299,20,14,5,1338,0,2,22,4,28,1299,22,36,9,1366,0,0,0,1366
05/08/2023,JFK,NY,AEA,EN,Towers with Radar,1317,14,8,0,1339,0,0,46,0,46,1317,14,54,0,1385,0,0,0,1385
05/09/2023,JFK,NY,AEA,EN,Towers with Radar,1277,8,8,2,1295,0,7,42,0,49,1277,15,50,2,1344,0,0,0,1344
05/10/2023,JFK,NY,AEA,EN,Towers with Radar,1280,16,9,5,1310,0,9,23,2,34,1280,25,32,7,1344,0,0,0,1344
05/11/2023,JFK,NY,AEA,EN,Towers with Radar,1321,7,8,7,1343,0,10,54,3,67,1321,17,62,10,1410,0,0,0,1410
05/12/2023,JFK,NY,AEA,EN,Towers with Radar,1299,18,6,0,1323,0,4,46,2,52,1299,22,52,2,1375,0,0,0,1375
05/13/2023,JFK,NY,AEA,EN,Towers with Radar,1293,13,15,0,1321,0,0,2,0,2,1293,13,17,0,1323,0,0,0,1323
05/14/2023,JFK,NY,AEA,EN,Towers with Radar,1303,9,11,0,1323,0,0,25,0,25,1303,9,36,0,1348,0,0,0,1348
05/15/2023,JFK,NY,AEA,EN,Towers with Radar,1298,16,7,0,1321,0,0,42,0,42,1298,16,49,0,1363,0,0,0,1363
05/16/2023,JFK,NY,AEA,EN,Towers with Radar,1275,14,17,1,1307,0,4,55,0,59,1275,18,72,1,1366,0,0,0,1366
05/17/2023,JFK,NY,AEA,EN,Towers with Radar,1303,20,15,0,1338,0,8,53,0,61,1303,28,68,0,1399,0,0,0,1399
05/18/2023,JFK,NY,AEA,EN,Towers with Radar,1314,16,9,0,1339,0,8,72,0,80,1314,24,81,0,1419,0,0,0,1419
05/19/2023,JFK,NY,AEA,EN,Towers with Radar,1294,22,2,0,1318,0,4,75,0,79,1294,26,77,0,1397,0,0,0,1397
05/20/2023,JFK,NY,AEA,EN,Towers with Radar,1286,16,10,0,1312,0,0,0,0,0,1286,16,10,0,1312,0,0,0,1312
05/21/2023,JFK,NY,AEA,EN,Towers with Radar,1313,19,11,0,1343,0,10,14,0,24,1313,29,25,0,1367,0,0,0,1367
05/22/2023,JFK,NY,AEA,EN,Towers with Radar,1318,17,4,1,1340,0,5,57,2,64,1318,22,61,3,1404,0,0,0,1404
05/23/2023,JFK,NY,AEA,EN,Towers with Radar,1292,14,8,0,1314,1,4,51,3,59,1293,18,59,3,1373,0,0,0,1373
05/24/2023,JFK,NY,AEA,EN,Towers with Radar,1301,23,9,0,1333,0,4,55,2,61,1301,27,64,2,1394,0,0,0,1394
05/25/2023,JFK,NY,AEA,EN,Towers with Radar,1327,18,13,2,1360,0,8,60,1,69,1327,26,73,3,1429,0,0,0,1429
05/26/2023,JFK,NY,AEA,EN,Towers with Radar,1331,18,19,0,1368,0,7,64,0,71,1331,25,83,0,1439,0,0,0,1439
05/27/2023,JFK,NY,AEA,EN,Towers with Radar,1319,15,3,0,1337,0,1,8,0,9,1319,16,11,0,1346,0,0,0,1346
05/28/2023,JFK,NY,AEA,EN,Towers with Radar,1302,8,4,0,1314,0,0,18,2,20,1302,8,22,2,1334,0,0,0,1334
05/29/2023,JFK,NY,AEA,EN,Towers with Radar,1306,17,14,2,1339,0,0,49,1,50,1306,17,63,3,1389,0,0,0,1389
05/30/2023,JFK,NY,AEA,EN,Towers with Radar,1300,23,17,2,1342,0,6,49,0,55,1300,29,66,2,1397,0,0,0,1397
05/31/2023,JFK,NY,AEA,EN,Towers with Radar,1316,22,7,0,1345,0,3,51,4,58,1316,25,58,4,1403,0,0,0,1403
06/01/2023,JFK,NY,AEA,EN,Towers with Radar,1361,15,10,0,1386,0,4,63,0,67,1361,19,73,0,1453,0,0,0,1453
06/02/2023,JFK,NY,AEA,EN,Towers with Radar,1253,8,12,0,1273,0,7,50,0,57,1253,15,62,0,1330,0,0,0,1330
06/03/2023,JFK,NY,AEA,EN,Towers with Radar,1374,15,10,0,1399,1,2,2,0,5,1375,17,12,0,1404,0,0,0,1404
06/04/2023,JFK,NY,AEA,EN,Towers with Radar,1343,27,14,0,1384,0,5,29,0,34,1343,32,43,0,1418,0,0,0,1418
06/05/2023,JFK,NY,AEA,EN,Towers with Radar,1344,15,10,0,1369,0,5,52,0,57,1344,20,62,0,1426,0,0,0,1426
06/06/2023,JFK,NY,AEA,EN,Towers with Radar,1282,18,10,0,1310,0,9,35,0,44,1282,27,45,0,1354,0,0,0,1354
06/07/2023,JFK,NY,AEA,EN,Towers with Radar,1298,15,10,1,1324,0,4,13,0,17,1298,19,23,1,1341,0,0,0,1341
06/08/2023,JFK,NY,AEA,EN,Towers with Radar,1309,13,19,1,1342,0,4,44,0,48,1309,17,63,1,1390,0,0,0,1390
06/09/2023,JFK,NY,AEA,EN,Towers with Radar,1316,28,7,0,1351,0,8,77,2,87,1316,36,84,2,1438,0,0,0,1438
06/10/2023,JFK,NY,AEA,EN,Towers with Radar,1289,19,20,1,1329,0,4,34,1,39,1289,23,54,2,1368,0,0,0,1368
06/11/2023,JFK,NY,AEA,EN,Towers with Radar,1293,42,19,0,1354,0,3,38,0,41,1293,45,57,0,1395,0,0,0,1395
06/12/2023,JFK,NY,AEA,EN,Towers with Radar,1233,10,9,0,1252,0,0,23,1,24,1233,10,32,1,1276,0,0,0,1276
06/13/2023,JFK,NY,AEA,EN,Towers with Radar,1316,11,8,0,1335,0,4,42,0,46,1316,15,50,0,1381,0,0,0,1381
06/14/2023,JFK,NY,AEA,EN,Towers with Radar,1228,11,8,1,1248,0,6,51,0,57,1228,17,59,1,1305,0,0,0,1305
06/15/2023,JFK,NY,AEA,EN,Towers with Radar,1333,15,14,1,1363,0,6,55,0,61,1333,21,69,1,1424,0,0,0,1424
06/16/2023,JFK,NY,AEA,EN,Towers with Radar,1211,22,4,1,1238,0,4,47,0,51,1211,26,51,1,1289,0,0,0,1289
06/17/2023,JFK,NY,AEA,EN,Towers with Radar,1282,24,14,1,1321,0,3,10,0,13,1282,27,24,1,1334,0,0,0,1334
06/18/2023,JFK,NY,AEA,EN,Towers with Radar,1316,30,14,0,1360,0,4,18,0,22,1316,34,32,0,1382,0,0,0,1382
06/19/2023,JFK,NY,AEA,EN,Towers with Radar,1315,21,14,0,1350,0,0,33,0,33,1315,21,47,0,1383,0,0,0,1383
06/20/2023,JFK,NY,AEA,EN,Towers with Radar,1304,19,14,1,1338,1,2,48,0,51,1305,21,62,1,1389,0,0,0,1389
06/21/2023,JFK,NY,AEA,EN,Towers with Radar,1308,24,8,1,1341,0,5,54,0,59,1308,29,62,1,1400,0,0,0,1400
06/22/2023,JFK,NY,AEA,EN,Towers with Radar,1346,29,10,0,1385,0,4,20,0,24,1346,33,30,0,1409,0,0,0,1409
06/23/2023,JFK,NY,AEA,EN,Towers with Radar,1290,21,18,0,1329,0,2,4,0,6,1290,23,22,0,1335,0,0,0,1335
06/24/2023,JFK,NY,AEA,EN,Towers with Radar,1186,15,11,0,1212,0,4,5,0,9,1186,19,16,0,1221,0,0,0,1221
06/25/2023,JFK,NY,AEA,EN,Towers with Radar,1225,19,15,4,1263,0,0,25,0,25,1225,19,40,4,1288,0,0,0,1288
06/26/2023,JFK,NY,AEA,EN,Towers with Radar,1076,16,15,8,1115,0,2,14,1,17,1076,18,29,9,1132,0,0,0,1132
06/27/2023,JFK,NY,AEA,EN,Towers with Radar,1056,15,18,2,1091,0,4,37,0,41,1056,19,55,2,1132,0,0,0,1132
06/28/2023,JFK,NY,AEA,EN,Towers with Radar,1289,20,15,2,1326,0,4,42,2,48,1289,24,57,4,1374,0,0,0,1374
06/29/2023,JFK,NY,AEA,EN,Towers with Radar,1341,11,7,7,1366,0,4,34,3,41,1341,15,41,10,1407,0,0,0,1407
06/30/2023,JFK,NY,AEA,EN,Towers with Radar,1326,22,11,5,1364,0,10,63,1,74,1326,32,74,6,1438,0,0,0,1438
07/01/2023,JFK,NY,AEA,EN,Towers with Radar,1309,17,6,0,1332,0,0,21,0,21,1309,17,27,0,1353,0,0,0,1353
07/02/2023,JFK,NY,AEA,EN,Towers with Radar,1274,15,12,0,1301,0,0,18,0,18,1274,15,30,0,1319,0,0,0,1319
07/03/2023,JFK,NY,AEA,EN,Towers with Radar,1291,17,6,0,1314,0,0,32,0,32,1291,17,38,0,1346,0,0,0,1346
07/04/2023,JFK,NY,AEA,EN,Towers with Radar,1293,8,6,0,1307,0,2,41,0,43,1293,10,47,0,1350,0,0,0,1350
07/05/2023,JFK,NY,AEA,EN,Towers with Radar,1344,11,6,0,1361,0,10,46,2,58,1344,21,52,2,1419,0,0,0,1419
07/06/2023,JFK,NY,AEA,EN,Towers with Radar,1350,9,12,0,1371,0,4,36,0,40,1350,13,48,0,1411,0,0,0,1411
07/07/2023,JFK,NY,AEA,EN,Towers with Radar,1223,15,2,0,1240,0,4,35,0,39,1223,19,37,0,1279,0,0,0,1279
07/08/2023,JFK,NY,AEA,EN,Towers with Radar,1292,17,4,0,1313,0,3,10,0,13,1292,20,14,0,1326,0,0,0,1326
07/09/2023,JFK,NY,AEA,EN,Towers with Radar,1005,9,6,0,1020,0,1,14,0,15,1005,10,20,0,1035,0,0,0,1035
07/10/2023,JFK,NY,AEA,EN,Towers with Radar,1274,16,16,0,1306,0,2,53,0,55,1274,18,69,0,1361,0,0,0,1361
07/11/2023,JFK,NY,AEA,EN,Towers with Radar,1349,6,4,0,1359,0,5,48,0,53,1349,11,52,0,1412,0,0,0,1412
07/12/2023,JFK,NY,AEA,EN,Towers with Radar,1353,7,9,2,1371,0,4,57,1,62,1353,11,66,3,1433,0,0,0,1433
07/13/2023,JFK,NY,AEA,EN,Towers with Radar,1297,8,7,2,1314,0,6,60,2,68,1297,14,67,4,1382,0,0,0,1382
07/14/2023,JFK,NY,AEA,EN,Towers with Radar,1165,20,14,0,1199,0,4,56,0,60,1165,24,70,0,1259,0,0,0,1259
07/15/2023,JFK,NY,AEA,EN,Towers with Radar,1288,19,12,0,1319,0,2,6,0,8,1288,21,18,0,1327,0,0,0,1327
07/16/2023,JFK,NY,AEA,EN,Towers with Radar,997,17,8,0,1022,0,0,16,0,16,997,17,24,0,1038,0,0,0,1038
07/17/2023,JFK,NY,AEA,EN,Towers with Radar,1275,24,9,0,1308,0,0,42,0,42,1275,24,51,0,1350,0,0,0,1350
07/18/2023,JFK,NY,AEA,EN,Towers with Radar,1168,11,11,1,1191,0,4,37,0,41,1168,15,48,1,1232,0,0,0,1232
07/19/2023,JFK,NY,AEA,EN,Towers with Radar,1371,10,10,0,1391,0,4,53,1,58,1371,14,63,1,1449,0,0,0,1449
07/20/2023,JFK,NY,AEA,EN,Towers with Radar,1340,14,9,0,1363,0,4,58,0,62,1340,18,67,0,1425,0,0,0,1425
07/21/2023,JFK,NY,AEA,EN,Towers with Radar,1334,16,6,0,1356,0,2,57,0,59,1334,18,63,0,1415,0,0,0,1415
07/22/2023,JFK,NY,AEA,EN,Towers with Radar,1342,7,2,0,1351,0,3,9,0,12,1342,10,11,0,1363,0,0,0,1363
07/23/2023,JFK,NY,AEA,EN,Towers with Radar,1319,15,3,0,1337,0,2,29,0,31,1319,17,32,0,1368,0,0,0,1368
07/24/2023,JFK,NY,AEA,EN,Towers with Radar,1348,9,4,1,1362,0,0,46,0,46,1348,9,50,1,1408,0,0,0,1408
07/25/2023,JFK,NY,AEA,EN,Towers with Radar,1104,10,10,0,1124,1,4,41,4,50,1105,14,51,4,1174,0,0,0,1174
07/26/2023,JFK,NY,AEA,EN,Towers with Radar,1377,23,9,0,1409,0,5,49,2,56,1377,28,58,2,1465,0,0,0,1465
07/27/2023,JFK,NY,AEA,EN,Towers with Radar,1217,8,6,0,1231,0,4,59,0,63,1217,12,65,0,1294,0,0,0,1294
07/28/2023,JFK,NY,AEA,EN,Towers with Radar,1335,11,2,0,1348,0,9,62,0,71,1335,20,64,0,1419,0,0,0,1419
07/29/2023,JFK,NY,AEA,EN,Towers with Radar,1180,19,4,0,1203,0,0,6,0,6,1180,19,10,0,1209,0,0,0,1209
07/30/2023,JFK,NY,AEA,EN,Towers with Radar,1357,18,7,0,1382,0,0,33,0,33,1357,18,40,0,1415,0,0,0,1415
07/31/2023,JFK,NY,AEA,EN,Towers with Radar,1346,23,5,0,1374,0,0,56,0,56,1346,23,61,0,1430,0,0,0,1430
08/01/2023,JFK,NY,AEA,EN,Towers with Radar,1316,14,2,0,1332,0,4,43,2,49,1316,18,45,2,1381,0,0,0,1381
08/02/2023,JFK,NY,AEA,EN,Towers with Radar,1356,15,7,0,1378,0,6,39,0,45,1356,21,46,0,1423,0,0,0,1423
08/03/2023,JFK,NY,AEA,EN,Towers with Radar,1339,22,5,0,1366,0,4,65,0,69,1339,26,70,0,1435,0,0,0,1435
08/04/2023,JFK,NY,AEA,EN,Towers with Radar,1292,12,7,0,1311,0,11,69,0,80,1292,23,76,0,1391,0,0,0,1391
08/05/2023,JFK,NY,AEA,EN,Towers with Radar,1335,9,5,0,1349,0,7,7,0,14,1335,16,12,0,1363,0,0,0,1363
08/06/2023,JFK,NY,AEA,EN,Towers with Radar,1329,17,11,1,1358,0,1,27,0,28,1329,18,38,1,1386,0,0,0,1386
08/07/2023,JFK,NY,AEA,EN,Towers with Radar,1210,6,12,0,1228,0,0,28,0,28,1210,6,40,0,1256,0,0,0,1256
08/08/2023,JFK,NY,AEA,EN,Towers with Radar,1356,14,9,0,1379,0,6,38,4,48,1356,20,47,4,1427,0,0,0,1427
08/09/2023,JFK,NY,AEA,EN,Towers with Radar,1325,7,6,1,1339,0,10,46,0,56,1325,17,52,1,1395,0,0,0,1395
08/10/2023,JFK,NY,AEA,EN,Towers with Radar,1313,13,14,0,1340,0,6,37,0,43,1313,19,51,0,1383,0,0,0,1383
08/11/2023,JFK,NY,AEA,EN,Towers with Radar,1347,20,8,0,1375,0,10,46,2,58,1347,30,54,2,1433,0,0,0,1433
08/12/2023,JFK,NY,AEA,EN,Towers with Radar,1294,11,4,0,1309,0,0,8,0,8,1294,11,12,0,1317,0,0,0,1317
08/13/2023,JFK,NY,AEA,EN,Towers with Radar,1347,19,20,0,1386,0,1,37,0,38,1347,20,57,0,1424,0,0,0,1424
08/14/2023,JFK,NY,AEA,EN,Towers with Radar,1330,20,6,0,1356,0,2,50,2,54,1330,22,56,2,1410,0,0,0,1410
08/15/2023,JFK,NY,AEA,EN,Towers with Radar,1292,10,9,0,1311,0,2,27,2,31,1292,12,36,2,1342,0,0,0,1342
08/16/2023,JFK,NY,AEA,EN,Towers with Radar,1400,21,6,0,1427,0,6,43,0,49,1400,27,49,0,1476,0,0,0,1476
08/17/2023,JFK,NY,AEA,EN,Towers with Radar,1314,19,11,0,1344,0,4,29,0,33,1314,23,40,0,1377,0,0,0,1377
08/18/2023,JFK,NY,AEA,EN,Towers with Radar,1364,10,9,0,1383,0,7,43,0,50,1364,17,52,0,1433,0,0,0,1433
08/19/2023,JFK,NY,AEA,EN,Towers with Radar,1336,16,1,0,1353,0,2,12,0,14,1336,18,13,0,1367,0,0,0,1367
08/20/2023,JFK,NY,AEA,EN,Towers with Radar,1324,14,10,1,1349,0,2,44,0,46,1324,16,54,1,1395,0,0,0,1395
08/21/2023,JFK,NY,AEA,EN,Towers with Radar,1339,15,3,0,1357,0,6,74,1,81,1339,21,77,1,1438,0,0,0,1438
08/22/2023,JFK,NY,AEA,EN,Towers with Radar,1324,13,6,0,1343,0,4,64,0,68,1324,17,70,0,1411,0,0,0,1411
08/23/2023,JFK,NY,AEA,EN,Towers with Radar,1320,11,7,0,1338,0,8,52,3,63,1320,19,59,3,1401,0,0,0,1401
08/24/2023,JFK,NY,AEA,EN,Towers with Radar,1335,17,6,1,1359,0,4,47,0,51,1335,21,53,1,1410,0,0,0,1410
08/25/2023,JFK,NY,AEA,EN,Towers with Radar,1319,13,14,0,1346,0,0,44,0,44,1319,13,58,0,1390,0,0,0,1390
08/26/2023,JFK,NY,AEA,EN,Towers with Radar,1351,8,7,0,1366,0,2,4,0,6,1351,10,11,0,1372,0,0,0,1372
08/27/2023,JFK,NY,AEA,EN,Towers with Radar,1314,12,14,0,1340,0,2,29,0,31,1314,14,43,0,1371,0,0,0,1371
08/28/2023,JFK,NY,AEA,EN,Towers with Radar,1360,8,2,0,1370,0,0,50,0,50,1360,8,52,0,1420,0,0,0,1420
08/29/2023,JFK,NY,AEA,EN,Towers with Radar,1340,11,8,0,1359,0,4,39,0,43,1340,15,47,0,1402,0,0,0,1402
08/30/2023,JFK,NY,AEA,EN,Towers with Radar,1302,18,5,0,1325,0,0,33,2,35,1302,18,38,2,1360,0,0,0,1360
08/31/2023,JFK,NY,AEA,EN,Towers with Radar,1345,23,8,0,1376,0,7,72,0,79,1345,30,80,0,1455,0,0,0,1455
01/01/2020,JFK,NY,AEA,EN,Towers with Radar,1025,48,2,0,1075,0,5,10,0,15,1025,53,12,0,1090,0,0,0,1090
01/02/2020,JFK,NY,AEA,EN,Towers with Radar,1142,60,12,1,1215,0,13,45,0,58,1142,73,57,1,1273,0,0,0,1273
01/03/2020,JFK,NY,AEA,EN,Towers with Radar,1158,60,10,0,1228,0,2,4,0,6,1158,62,14,0,1234,0,0,0,1234
01/04/2020,JFK,NY,AEA,EN,Towers with Radar,1144,51,5,0,1200,0,0,2,0,2,1144,51,7,0,1202,0,0,0,1202
01/05/2020,JFK,NY,AEA,EN,Towers with Radar,1148,77,16,0,1241,0,3,2,1,6,1148,80,18,1,1247,0,0,0,1247
01/06/2020,JFK,NY,AEA,EN,Towers with Radar,1145,74,8,1,1228,0,5,37,0,42,1145,79,45,1,1270,0,0,0,1270
01/07/2020,JFK,NY,AEA,EN,Towers with Radar,1119,71,10,0,1200,0,20,22,0,42,1119,91,32,0,1242,0,0,0,1242
01/08/2020,JFK,NY,AEA,EN,Towers with Radar,1126,54,2,0,1182,0,20,25,0,45,1126,74,27,0,1227,0,0,0,1227
01/09/2020,JFK,NY,AEA,EN,Towers with Radar,1150,61,14,0,1225,0,12,50,0,62,1150,73,64,0,1287,0,0,0,1287
01/10/2020,JFK,NY,AEA,EN,Towers with Radar,1120,60,11,0,1191,0,20,45,2,67,1120,80,56,2,1258,0,0,0,1258
01/11/2020,JFK,NY,AEA,EN,Towers with Radar,1057,63,9,0,1129,1,0,2,0,3,1058,63,11,0,1132,0,0,0,1132
01/12/2020,JFK,NY,AEA,EN,Towers with Radar,1109,59,2,0,1170,0,6,7,0,13,1109,65,9,0,1183,0,0,0,1183
01/13/2020,JFK,NY,AEA,EN,Towers with Radar,1105,66,0,0,1171,0,6,9,0,15,1105,72,9,0,1186,0,0,0,1186
01/14/2020,JFK,NY,AEA,EN,Towers with Radar,1075,61,7,0,1143,0,5,16,0,21,1075,66,23,0,1164,0,0,0,1164
01/15/2020,JFK,NY,AEA,EN,Towers with Radar,1081,66,7,0,1154,0,7,54,3,64,1081,73,61,3,1218,0,0,0,1218
01/16/2020,JFK,NY,AEA,EN,Towers with Radar,1135,67,18,1,1221,0,11,44,0,55,1135,78,62,1,1276,0,0,0,1276
01/17/2020,JFK,NY,AEA,EN,Towers with Radar,1127,73,8,0,1208,0,11,78,0,89,1127,84,86,0,1297,0,0,0,1297
01/18/2020,JFK,NY,AEA,EN,Towers with Radar,1002,42,7,0,1051,0,0,5,0,5,1002,42,12,0,1056,0,0,0,1056
01/19/2020,JFK,NY,AEA,EN,Towers with Radar,1047,58,20,0,1125,0,1,10,0,11,1047,59,30,0,1136,0,0,0,1136
01/20/2020,JFK,NY,AEA,EN,Towers with Radar,1100,68,5,0,1173,0,0,42,0,42,1100,68,47,0,1215,0,0,0,1215
01/21/2020,JFK,NY,AEA,EN,Towers with Radar,1061,63,5,0,1129,0,16,39,0,55,1061,79,44,0,1184,0,0,0,1184
01/22/2020,JFK,NY,AEA,EN,Towers with Radar,1052,68,18,0,1138,0,10,47,1,58,1052,78,65,1,1196,0,0,0,1196
01/23/2020,JFK,NY,AEA,EN,Towers with Radar,1105,70,8,0,1183,0,14,74,0,88,1105,84,82,0,1271,0,0,0,1271
01/24/2020,JFK,NY,AEA,EN,Towers with Radar,1107,68,8,0,1183,0,4,70,0,74,1107,72,78,0,1257,0,0,0,1257
01/25/2020,JFK,NY,AEA,EN,Towers with Radar,1022,61,5,0,1088,0,0,1,0,1,1022,61,6,0,1089,0,0,0,1089
01/26/2020,JFK,NY,AEA,EN,Towers with Radar,1092,68,8,0,1168,0,2,21,0,23,1092,70,29,0,1191,0,0,0,1191
01/27/2020,JFK,NY,AEA,EN,Towers with Radar,1096,61,5,0,1162,0,2,38,1,41,1096,63,43,1,1203,0,0,0,1203
01/28/2020,JFK,NY,AEA,EN,Towers with Radar,1039,65,1,0,1105,0,7,34,1,42,1039,72,35,1,1147,0,0,0,1147
01/29/2020,JFK,NY,AEA,EN,Towers with Radar,1033,66,2,0,1101,0,8,38,0,46,1033,74,40,0,1147,0,0,0,1147
01/30/2020,JFK,NY,AEA,EN,Towers with Radar,1094,75,4,0,1173,0,9,43,0,52,1094,84,47,0,1225,0,0,0,1225
01/31/2020,JFK,NY,AEA,EN,Towers with Radar,1097,62,1,0,1160,0,5,62,0,67,1097,67,63,0,1227,0,0,0,1227
02/01/2020,JFK,NY,AEA,EN,Towers with Radar,1024,61,6,0,1091,0,0,0,0,0,1024,61,6,0,1091,0,0,0,1091
02/02/2020,JFK,NY,AEA,EN,Towers with Radar,1020,65,6,0,1091,0,0,10,0,10,1020,65,16,0,1101,0,0,0,1101
02/03/2020,JFK,NY,AEA,EN,Towers with Radar,1090,65,4,0,1159,0,2,47,0,49,1090,67,51,0,1208,0,0,0,1208
02/04/2020,JFK,NY,AEA,EN,Towers with Radar,1032,63,0,0,1095,0,6,34,0,40,1032,69,34,0,1135,0,0,0,1135
02/05/2020,JFK,NY,AEA,EN,Towers with Radar,1040,64,2,0,1106,0,8,47,0,55,1040,72,49,0,1161,0,0,0,1161
02/06/2020,JFK,NY,AEA,EN,Towers with Radar,1096,73,5,0,1174,0,0,0,0,0,1096,73,5,0,1174,0,0,0,1174
02/07/2020,JFK,NY,AEA,EN,Towers with Radar,1109,58,6,0,1173,0,0,2,0,2,1109,58,8,0,1175,0,0,0,1175
02/08/2020,JFK,NY,AEA,EN,Towers with Radar,1021,62,6,0,1089,0,0,5,0,5,1021,62,11,0,1094,0,0,0,1094
02/09/2020,JFK,NY,AEA,EN,Towers with Radar,1056,58,6,0,1120,0,0,14,0,14,1056,58,20,0,1134,0,0,0,1134
02/10/2020,JFK,NY,AEA,EN,Towers with Radar,1086,64,8,0,1158,0,2,37,0,39,1086,66,45,0,1197,0,0,0,1197
02/11/2020,JFK,NY,AEA,EN,Towers with Radar,1046,72,4,0,1122,0,2,6,0,8,1046,74,10,0,1130,0,0,0,1130
02/12/2020,JFK,NY,AEA,EN,Towers with Radar,1073,71,4,0,1148,0,7,51,3,61,1073,78,55,3,1209,0,0,0,1209
02/13/2020,JFK,NY,AEA,EN,Towers with Radar,1108,77,4,0,1189,0,2,19,0,21,1108,79,23,0,1210,0,0,0,1210
02/14/2020,JFK,NY,AEA,EN,Towers with Radar,1133,71,9,0,1213,0,5,67,0,72,1133,76,76,0,1285,0,0,0,1285
02/15/2020,JFK,NY,AEA,EN,Towers with Radar,1039,62,8,0,1109,0,0,0,0,0,1039,62,8,0,1109,0,0,0,1109
02/16/2020,JFK,NY,AEA,EN,Towers with Radar,1024,59,7,0,1090,0,0,25,0,25,1024,59,32,0,1115,0,0,0,1115
02/17/2020,JFK,NY,AEA,EN,Towers with Radar,1099,69,5,0,1173,0,0,27,0,27,1099,69,32,0,1200,0,0,0,1200
02/18/2020,JFK,NY,AEA,EN,Towers with Radar,1092,71,9,0,1172,0,4,20,0,24,1092,75,29,0,1196,0,0,0,1196
02/19/2020,JFK,NY,AEA,EN,Towers with Radar,1090,62,4,0,1156,0,9,39,4,52,1090,71,43,4,1208,0,0,0,1208
02/20/2020,JFK,NY,AEA,EN,Towers with Radar,1124,64,5,0,1193,0,7,57,0,64,1124,71,62,0,1257,0,0,0,1257
02/21/2020,JFK,NY,AEA,EN,Towers with Radar,1126,67,6,0,1199,0,6,53,0,59,1126,73,59,0,1258,0,0,0,1258
02/22/2020,JFK,NY,AEA,EN,Towers with Radar,1078,65,5,0,1148,0,0,6,0,6,1078,65,11,0,1154,0,0,0,1154
02/23/2020,JFK,NY,AEA,EN,Towers with Radar,1120,65,8,0,1193,0,0,12,0,12,1120,65,20,0,1205,0,0,0,1205
02/24/2020,JFK,NY,AEA,EN,Towers with Radar,1110,62,6,0,1178,0,2,52,0,54,1110,64,58,0,1232,0,0,0,1232
02/25/2020,JFK,NY,AEA,EN,Towers with Radar,1079,68,6,0,1153,0,4,10,0,14,1079,72,16,0,1167,0,0,0,1167
02/26/2020,JFK,NY,AEA,EN,Towers with Radar,1110,67,2,0,1179,0,1,0,0,1,1110,68,2,0,1180,0,0,0,1180
02/27/2020,JFK,NY,AEA,EN,Towers with Radar,1134,58,13,0,1205,0,7,32,2,41,1134,65,45,2,1246,0,0,0,1246
02/28/2020,JFK,NY,AEA,EN,Towers with Radar,1118,68,3,0,1189,0,5,62,0,67,1118,73,65,0,1256,0,0,0,1256
02/29/2020,JFK,NY,AEA,EN,Towers with Radar,1070,63,0,0,1133,0,2,4,0,6,1070,65,4,0,1139,0,0,0,1139
03/01/2020,JFK,NY,AEA,EN,Towers with Radar,1114,66,15,0,1195,0,0,9,0,9,1114,66,24,0,1204,0,0,0,1204
03/02/2020,JFK,NY,AEA,EN,Towers with Radar,1116,64,5,0,1185,0,2,39,3,44,1116,66,44,3,1229,0,0,0,1229
03/03/2020,JFK,NY,AEA,EN,Towers with Radar,1061,68,2,0,1131,0,5,15,2,22,1061,73,17,2,1153,0,0,0,1153
03/04/2020,JFK,NY,AEA,EN,Towers with Radar,1118,64,4,0,1186,0,6,38,2,46,1118,70,42,2,1232,0,0,0,1232
03/05/2020,JFK,NY,AEA,EN,Towers with Radar,1133,68,7,0,1208,0,7,53,0,60,1133,75,60,0,1268,0,0,0,1268
03/06/2020,JFK,NY,AEA,EN,Towers with Radar,1115,69,5,0,1189,0,8,33,0,41,1115,77,38,0,1230,0,0,0,1230
03/07/2020,JFK,NY,AEA,EN,Towers with Radar,1075,64,0,0,1139,0,0,0,1,1,1075,64,0,1,1140,0,0,0,1140
03/08/2020,JFK,NY,AEA,EN,Towers with Radar,1097,65,4,0,1166,0,0,12,0,12,1097,65,16,0,1178,0,0,0,1178
03/09/2020,JFK,NY,AEA,EN,Towers with Radar,1117,60,3,0,1180,0,2,38,1,41,1117,62,41,1,1221,0,0,0,1221
03/10/2020,JFK,NY,AEA,EN,Towers with Radar,1071,63,5,0,1139,0,6,35,0,41,1071,69,40,0,1180,0,0,0,1180
03/11/2020,JFK,NY,AEA,EN,Towers with Radar,1107,63,2,0,1172,0,6,37,0,43,1107,69,39,0,1215,0,0,0,1215
03/12/2020,JFK,NY,AEA,EN,Towers with Radar,1166,70,3,0,1239,0,5,29,0,34,1166,75,32,0,1273,0,0,0,1273
03/13/2020,JFK,NY,AEA,EN,Towers with Radar,1156,79,10,0,1245,0,0,18,0,18,1156,79,28,0,1263,0,0,0,1263
03/14/2020,JFK,NY,AEA,EN,Towers with Radar,1087,62,5,0,1154,0,0,5,0,5,1087,62,10,0,1159,0,0,0,1159
03/15/2020,JFK,NY,AEA,EN,Towers with Radar,1108,65,9,0,1182,0,0,2,0,2,1108,65,11,0,1184,0,0,0,1184
03/16/2020,JFK,NY,AEA,EN,Towers with Radar,1075,69,4,0,1148,0,1,5,0,6,1075,70,9,0,1154,0,0,0,1154
03/17/2020,JFK,NY,AEA,EN,Towers with Radar,1043,65,4,0,1112,0,4,8,0,12,1043,69,12,0,1124,0,0,0,1124
03/18/2020,JFK,NY,AEA,EN,Towers with Radar,981,72,0,0,1053,0,7,7,0,14,981,79,7,0,1067,0,0,0,1067
03/19/2020,JFK,NY,AEA,EN,Towers with Radar,938,70,4,0,1012,0,0,0,0,0,938,70,4,0,1012,0,0,0,1012
03/20/2020,JFK,NY,AEA,EN,Towers with Radar,774,36,2,0,812,1,0,0,0,1,775,36,2,0,813,0,0,0,813
03/21/2020,JFK,NY,AEA,EN,Towers with Radar,706,61,0,1,768,0,0,5,0,5,706,61,5,1,773,0,0,0,773
03/22/2020,JFK,NY,AEA,EN,Towers with Radar,720,52,0,0,772,0,0,3,0,3,720,52,3,0,775,0,0,0,775
03/23/2020,JFK,NY,AEA,EN,Towers with Radar,600,56,3,0,659,0,0,0,0,0,600,56,3,0,659,0,0,0,659
03/24/2020,JFK,NY,AEA,EN,Towers with Radar,543,56,2,0,601,0,8,1,0,9,543,64,3,0,610,0,0,0,610
03/25/2020,JFK,NY,AEA,EN,Towers with Radar,462,49,3,0,514,0,9,0,0,9,462,58,3,0,523,0,0,0,523
03/26/2020,JFK,NY,AEA,EN,Towers with Radar,471,23,7,0,501,0,6,0,1,7,471,29,7,1,508,0,0,0,508
03/27/2020,JFK,NY,AEA,EN,Towers with Radar,411,37,0,0,448,0,9,0,0,9,411,46,0,0,457,0,0,0,457
03/28/2020,JFK,NY,AEA,EN,Towers with Radar,392,30,1,0,423,0,0,0,0,0,392,30,1,0,423,0,0,0,423
03/29/2020,JFK,NY,AEA,EN,Towers with Radar,370,38,0,0,408,0,0,0,0,0,370,38,0,0,408,0,0,0,408
03/30/2020,JFK,NY,AEA,EN,Towers with Radar,339,30,1,0,370,0,0,0,0,0,339,30,1,0,370,0,0,0,370
03/31/2020,JFK,NY,AEA,EN,Towers with Radar,362,35,0,0,397,0,10,2,0,12,362,45,2,0,409,0,0,0,409
04/01/2020,JFK,NY,AEA,EN,Towers with Radar,248,7,0,0,255,0,7,2,0,9,248,14,2,0,264,0,0,0,264
04/02/2020,JFK,NY,AEA,EN,Towers with Radar,222,8,1,0,231,0,9,2,0,11,222,17,3,0,242,0,0,0,242
04/03/2020,JFK,NY,AEA,EN,Towers with Radar,216,6,2,0,224,0,6,1,0,7,216,12,3,0,231,0,0,0,231
04/04/2020,JFK,NY,AEA,EN,Towers with Radar,215,10,2,0,227,0,12,1,0,13,215,22,3,0,240,0,0,0,240
04/05/2020,JFK,NY,AEA,EN,Towers with Radar,223,7,0,0,230,0,13,2,0,15,223,20,2,0,245,0,0,0,245
04/06/2020,JFK,NY,AEA,EN,Towers with Radar,202,4,4,0,210,0,11,7,1,19,202,15,11,1,229,0,0,0,229
04/07/2020,JFK,NY,AEA,EN,Towers with Radar,188,6,0,0,194,0,24,7,10,41,188,30,7,10,235,0,0,0,235
04/08/2020,JFK,NY,AEA,EN,Towers with Radar,213,2,1,0,216,0,1,0,0,1,213,3,1,0,217,0,0,0,217
04/09/2020,JFK,NY,AEA,EN,Towers with Radar,207,3,0,0,210,0,5,2,0,7,207,8,2,0,217,0,0,0,217
04/10/2020,JFK,NY,AEA,EN,Towers with Radar,205,3,0,0,208,0,5,0,0,5,205,8,0,0,213,0,0,0,213
04/11/2020,JFK,NY,AEA,EN,Towers with Radar,182,6,0,0,188,0,0,0,0,0,182,6,0,0,188,0,0,0,188
04/12/2020,JFK,NY,AEA,EN,Towers with Radar,181,0,0,0,181,0,2,29,0,31,181,2,29,0,212,12,0,12,224
04/13/2020,JFK,NY,AEA,EN,Towers with Radar,173,0,1,0,174,0,0,0,0,0,173,0,1,0,174,0,0,0,174
04/14/2020,JFK,NY,AEA,EN,Towers with Radar,201,2,1,0,204,0,4,5,0,9,201,6,6,0,213,0,0,0,213
04/15/2020,JFK,NY,AEA,EN,Towers with Radar,173,2,2,0,177,0,5,9,0,14,173,7,11,0,191,0,0,0,191
04/16/2020,JFK,NY,AEA,EN,Towers with Radar,157,2,2,1,162,0,4,0,1,5,157,6,2,2,167,0,0,0,167
04/17/2020,JFK,NY,AEA,EN,Towers with Radar,146,0,0,0,146,0,4,9,0,13,146,4,9,0,159,0,0,0,159
04/18/2020,JFK,NY,AEA,EN,Towers with Radar,139,4,8,0,151,0,0,4,0,4,139,4,12,0,155,0,0,0,155
04/19/2020,JFK,NY,AEA,EN,Towers with Radar,147,3,1,0,151,0,0,17,0,17,147,3,18,0,168,0,0,0,168
04/20/2020,JFK,NY,AEA,EN,Towers with Radar,128,1,2,0,131,0,0,6,0,6,128,1,8,0,137,0,0,0,137
04/21/2020,JFK,NY,AEA,EN,Towers with Radar,141,3,2,0,146,0,4,1,0,5,141,7,3,0,151,0,0,0,151
04/22/2020,JFK,NY,AEA,EN,Towers with Radar,165,2,5,0,172,0,5,8,0,13,165,7,13,0,185,0,0,0,185
04/23/2020,JFK,NY,AEA,EN,Towers with Radar,176,4,5,0,185,0,4,7,0,11,176,8,12,0,196,0,0,0,196
04/24/2020,JFK,NY,AEA,EN,Towers with Radar,164,4,2,0,170,0,0,0,0,0,164,4,2,0,170,0,0,0,170
04/25/2020,JFK,NY,AEA,EN,Towers with Radar,151,2,7,0,160,0,0,72,0,72,151,2,79,0,232,0,0,0,232
04/26/2020,JFK,NY,AEA,EN,Towers with Radar,159,3,8,0,170,0,0,6,0,6,159,3,14,0,176,0,0,0,176
04/27/2020,JFK,NY,AEA,EN,Towers with Radar,168,5,3,0,176,0,0,0,0,0,168,5,3,0,176,0,0,0,176
04/28/2020,JFK,NY,AEA,EN,Towers with Radar,178,7,9,6,200,0,5,41,0,46,178,12,50,6,246,0,0,0,246
04/29/2020,JFK,NY,AEA,EN,Towers with Radar,185,3,2,0,190,0,0,4,0,4,185,3,6,0,194,0,0,0,194
04/30/2020,JFK,NY,AEA,EN,Towers with Radar,194,5,1,0,200,0,0,0,0,0,194,5,1,0,200,0,0,0,200
05/01/2020,JFK,NY,AEA,EN,Towers with Radar,178,1,3,0,182,0,0,2,0,2,178,1,5,0,184,0,0,0,184
05/02/2020,JFK,NY,AEA,EN,Towers with Radar,161,2,8,0,171,0,0,24,4,28,161,2,32,4,199,0,0,0,199
05/03/2020,JFK,NY,AEA,EN,Towers with Radar,176,2,9,0,187,0,0,28,0,28,176,2,37,0,215,0,0,0,215
05/04/2020,JFK,NY,AEA,EN,Towers with Radar,162,6,2,0,170,0,0,8,0,8,162,6,10,0,178,0,0,0,178
05/05/2020,JFK,NY,AEA,EN,Towers with Radar,167,4,2,2,175,0,8,14,0,22,167,12,16,2,197,0,0,0,197
05/06/2020,JFK,NY,AEA,EN,Towers with Radar,176,1,0,6,183,0,9,0,2,11,176,10,0,8,194,0,0,0,194
05/07/2020,JFK,NY,AEA,EN,Towers with Radar,185,2,0,2,189,0,5,13,0,18,185,7,13,2,207,0,0,0,207
05/08/2020,JFK,NY,AEA,EN,Towers with Radar,168,1,2,1,172,0,4,4,1,9,168,5,6,2,181,0,0,0,181
05/09/2020,JFK,NY,AEA,EN,Towers with Radar,173,6,0,0,179,0,0,2,0,2,173,6,2,0,181,0,0,0,181
05/10/2020,JFK,NY,AEA,EN,Towers with Radar,181,2,2,0,185,0,0,5,0,5,181,2,7,0,190,0,0,0,190
05/11/2020,JFK,NY,AEA,EN,Towers with Radar,154,1,0,0,155,0,0,2,0,2,154,1,2,0,157,0,0,0,157
05/12/2020,JFK,NY,AEA,EN,Towers with Radar,159,2,3,0,164,0,5,9,2,16,159,7,12,2,180,0,0,0,180
05/13/2020,JFK,NY,AEA,EN,Towers with Radar,190,6,3,0,199,0,4,11,4,19,190,10,14,4,218,0,0,0,218
05/14/2020,JFK,NY,AEA,EN,Towers with Radar,201,2,6,0,209,0,5,21,2,28,201,7,27,2,237,0,0,0,237
05/15/2020,JFK,NY,AEA,EN,Towers with Radar,182,0,2,2,186,0,4,6,0,10,182,4,8,2,196,0,0,0,196
05/16/2020,JFK,NY,AEA,EN,Towers with Radar,185,0,2,0,187,0,0,24,0,24,185,0,26,0,211,0,0,0,211
05/17/2020,JFK,NY,AEA,EN,Towers with Radar,181,0,5,0,186,0,0,16,2,18,181,0,21,2,204,0,0,0,204
05/18/2020,JFK,NY,AEA,EN,Towers with Radar,163,1,2,0,166,0,0,8,0,8,163,1,10,0,174,0,0,0,174
05/19/2020,JFK,NY,AEA,EN,Towers with Radar,164,6,3,0,173,0,5,6,1,12,164,11,9,1,185,0,0,0,185
05/20/2020,JFK,NY,AEA,EN,Towers with Radar,175,2,0,0,177,0,4,14,2,20,175,6,14,2,197,0,0,0,197
05/21/2020,JFK,NY,AEA,EN,Towers with Radar,187,8,4,0,199,0,5,18,0,23,187,13,22,0,222,0,0,0,222
05/22/2020,JFK,NY,AEA,EN,Towers with Radar,171,2,2,0,175,0,4,7,0,11,171,6,9,0,186,0,0,0,186
05/23/2020,JFK,NY,AEA,EN,Towers with Radar,172,8,0,0,180,0,0,0,0,0,172,8,0,0,180,0,0,0,180
05/24/2020,JFK,NY,AEA,EN,Towers with Radar,170,4,2,0,176,0,0,14,0,14,170,4,16,0,190,0,0,0,190
05/25/2020,JFK,NY,AEA,EN,Towers with Radar,150,0,0,0,150,0,0,3,0,3,150,0,3,0,153,0,0,0,153
05/26/2020,JFK,NY,AEA,EN,Towers with Radar,166,8,1,6,181,0,0,4,0,4,166,8,5,6,185,0,0,0,185
05/27/2020,JFK,NY,AEA,EN,Towers with Radar,169,10,3,0,182,0,0,2,0,2,169,10,5,0,184,0,0,0,184
05/28/2020,JFK,NY,AEA,EN,Towers with Radar,199,10,0,0,209,0,0,0,0,0,199,10,0,0,209,0,0,0,209
05/29/2020,JFK,NY,AEA,EN,Towers with Radar,166,8,0,0,174,0,0,0,0,0,166,8,0,0,174,0,0,0,174
05/30/2020,JFK,NY,AEA,EN,Towers with Radar,166,7,8,0,181,0,0,8,0,8,166,7,16,0,189,0,0,0,189
05/31/2020,JFK,NY,AEA,EN,Towers with Radar,177,9,4,0,190,0,1,20,0,21,177,10,24,0,211,0,0,0,211
06/01/2020,JFK,NY,AEA,EN,Towers with Radar,194,4,3,0,201,0,0,23,0,23,194,4,26,0,224,0,0,0,224
06/02/2020,JFK,NY,AEA,EN,Towers with Radar,205,6,3,0,214,0,4,6,0,10,205,10,9,0,224,0,0,0,224
06/03/2020,JFK,NY,AEA,EN,Towers with Radar,225,3,2,0,230,0,5,4,0,9,225,8,6,0,239,0,0,0,239
06/04/2020,JFK,NY,AEA,EN,Towers with Radar,254,6,4,0,264,0,4,7,0,11,254,10,11,0,275,0,0,0,275
06/05/2020,JFK,NY,AEA,EN,Towers with Radar,253,7,6,0,266,0,4,2,0,6,253,11,8,0,272,0,0,0,272
06/06/2020,JFK,NY,AEA,EN,Towers with Radar,247,8,3,0,258,0,0,4,8,12,247,8,7,8,270,0,0,0,270
06/07/2020,JFK,NY,AEA,EN,Towers with Radar,242,6,6,0,254,0,0,13,0,13,242,6,19,0,267,0,0,0,267
06/08/2020,JFK,NY,AEA,EN,Towers with Radar,229,5,3,0,237,0,0,9,0,9,229,5,12,0,246,0,0,0,246
06/09/2020,JFK,NY,AEA,EN,Towers with Radar,230,9,11,0,250,0,4,9,0,13,230,13,20,0,263,0,0,0,263
06/10/2020,JFK,NY,AEA,EN,Towers with Radar,242,10,7,0,259,0,4,7,0,11,242,14,14,0,270,0,0,0,270
06/11/2020,JFK,NY,AEA,EN,Towers with Radar,282,9,2,1,294,0,5,2,0,7,282,14,4,1,301,0,0,0,301
06/12/2020,JFK,NY,AEA,EN,Towers with Radar,258,11,2,1,272,0,0,7,0,7,258,11,9,1,279,0,0,0,279
06/13/2020,JFK,NY,AEA,EN,Towers with Radar,236,7,4,0,247,0,0,6,0,6,236,7,10,0,253,0,0,0,253
06/14/2020,JFK,NY,AEA,EN,Towers with Radar,259,5,6,0,270,0,0,2,0,2,259,5,8,0,272,0,0,0,272
06/15/2020,JFK,NY,AEA,EN,Towers with Radar,251,5,2,0,258,0,0,4,4,8,251,5,6,4,266,0,0,0,266
06/16/2020,JFK,NY,AEA,EN,Towers with Radar,238,8,2,0,248,0,4,28,0,32,238,12,30,0,280,0,0,0,280
06/17/2020,JFK,NY,AEA,EN,Towers with Radar,245,6,2,0,253,0,5,4,1,10,245,11,6,1,263,0,0,0,263
06/18/2020,JFK,NY,AEA,EN,Towers with Radar,284,9,0,0,293,0,0,2,0,2,284,9,2,0,295,0,0,0,295
06/19/2020,JFK,NY,AEA,EN,Towers with Radar,273,20,4,0,297,0,0,5,0,5,273,20,9,0,302,0,0,0,302
06/20/2020,JFK,NY,AEA,EN,Towers with Radar,249,9,0,0,258,0,0,3,0,3,249,9,3,0,261,0,0,0,261
06/21/2020,JFK,NY,AEA,EN,Towers with Radar,266,5,4,0,275,0,0,6,0,6,266,5,10,0,281,0,0,0,281
06/22/2020,JFK,NY,AEA,EN,Towers with Radar,251,8,4,0,263,0,0,10,0,10,251,8,14,0,273,0,0,0,273
06/23/2020,JFK,NY,AEA,EN,Towers with Radar,244,15,3,0,262,0,4,1,2,7,244,19,4,2,269,0,0,0,269
06/24/2020,JFK,NY,AEA,EN,Towers with Radar,255,5,5,0,265,0,4,8,0,12,255,9,13,0,277,0,0,0,277
06/25/2020,JFK,NY,AEA,EN,Towers with Radar,307,12,10,2,331,0,4,8,1,13,307,16,18,3,344,0,0,0,344
06/26/2020,JFK,NY,AEA,EN,Towers with Radar,274,14,3,0,291,0,6,8,0,14,274,20,11,0,305,0,0,0,305
06/27/2020,JFK,NY,AEA,EN,Towers with Radar,271,5,2,0,278,0,0,3,0,3,271,5,5,0,281,0,0,0,281
06/28/2020,JFK,NY,AEA,EN,Towers with Radar,272,8,4,0,284,0,0,16,0,16,272,8,20,0,300,0,0,0,300
06/29/2020,JFK,NY,AEA,EN,Towers with Radar,267,8,0,0,275,0,0,3,1,4,267,8,3,1,279,0,0,0,279
06/30/2020,JFK,NY,AEA,EN,Towers with Radar,255,10,8,0,273,0,4,5,0,9,255,14,13,0,282,0,0,0,282
07/01/2020,JFK,NY,AEA,EN,Towers with Radar,322,10,2,0,334,0,4,1,0,5,322,14,3,0,339,0,0,0,339
07/02/2020,JFK,NY,AEA,EN,Towers with Radar,406,14,1,0,421,0,7,5,0,12,406,21,6,0,433,0,0,0,433
07/03/2020,JFK,NY,AEA,EN,Towers with Radar,381,10,2,0,393,0,5,6,0,11,381,15,8,0,404,0,0,0,404
07/04/2020,JFK,NY,AEA,EN,Towers with Radar,357,3,2,0,362,0,0,6,0,6,357,3,8,0,368,0,0,0,368
07/05/2020,JFK,NY,AEA,EN,Towers with Radar,364,5,0,0,369,0,0,0,0,0,364,5,0,0,369,0,0,0,369
07/06/2020,JFK,NY,AEA,EN,Towers with Radar,381,2,3,0,386,0,0,1,0,1,381,2,4,0,387,0,0,0,387
07/07/2020,JFK,NY,AEA,EN,Towers with Radar,403,8,5,0,416,0,5,4,0,9,403,13,9,0,425,0,0,0,425
07/08/2020,JFK,NY,AEA,EN,Towers with Radar,408,4,6,0,418,0,7,1,4,12,408,11,7,4,430,0,0,0,430
07/09/2020,JFK,NY,AEA,EN,Towers with Radar,426,7,1,0,434,0,4,12,0,16,426,11,13,0,450,0,0,0,450
07/10/2020,JFK,NY,AEA,EN,Towers with Radar,418,2,3,0,423,0,5,0,1,6,418,7,3,1,429,0,0,0,429
07/11/2020,JFK,NY,AEA,EN,Towers with Radar,423,8,2,0,433,0,0,2,0,2,423,8,4,0,435,0,0,0,435
07/12/2020,JFK,NY,AEA,EN,Towers with Radar,431,3,5,0,439,0,1,2,0,3,431,4,7,0,442,0,0,0,442
07/13/2020,JFK,NY,AEA,EN,Towers with Radar,397,6,2,0,405,0,0,5,0,5,397,6,7,0,410,0,0,0,410
07/14/2020,JFK,NY,AEA,EN,Towers with Radar,369,6,0,0,375,0,4,1,0,5,369,10,1,0,380,0,0,0,380
07/15/2020,JFK,NY,AEA,EN,Towers with Radar,395,3,1,0,399,0,6,5,0,11,395,9,6,0,410,0,0,0,410
07/16/2020,JFK,NY,AEA,EN,Towers with Radar,438,6,4,0,448,0,4,7,0,11,438,10,11,0,459,0,0,0,459
07/17/2020,JFK,NY,AEA,EN,Towers with Radar,425,7,8,0,440,0,5,2,0,7,425,12,10,0,447,0,0,0,447
07/18/2020,JFK,NY,AEA,EN,Towers with Radar,404,7,4,0,415,0,0,1,0,1,404,7,5,0,416,0,0,0,416
07/19/2020,JFK,NY,AEA,EN,Towers with Radar,411,13,2,0,426,0,0,8,0,8,411,13,10,0,434,0,0,0,434
07/20/2020,JFK,NY,AEA,EN,Towers with Radar,396,6,4,0,406,0,0,4,3,7,396,6,8,3,413,0,0,0,413
07/21/2020,JFK,NY,AEA,EN,Towers with Radar,358,6,1,0,365,0,6,7,0,13,358,12,8,0,378,0,0,0,378
07/22/2020,JFK,NY,AEA,EN,Towers with Radar,386,4,2,0,392,0,6,4,0,10,386,10,6,0,402,0,0,0,402
07/23/2020,JFK,NY,AEA,EN,Towers with Radar,430,11,3,0,444,0,5,4,0,9,430,16,7,0,453,0,0,0,453
07/24/2020,JFK,NY,AEA,EN,Towers with Radar,418,10,3,0,431,0,6,0,0,6,418,16,3,0,437,0,0,0,437
07/25/2020,JFK,NY,AEA,EN,Towers with Radar,384,8,5,0,397,0,0,5,0,5,384,8,10,0,402,0,0,0,402
07/26/2020,JFK,NY,AEA,EN,Towers with Radar,395,6,5,0,406,0,0,9,0,9,395,6,14,0,415,0,0,0,415
07/27/2020,JFK,NY,AEA,EN,Towers with Radar,372,4,2,0,378,0,0,5,4,9,372,4,7,4,387,0,0,0,387
07/28/2020,JFK,NY,AEA,EN,Towers with Radar,354,9,0,0,363,0,5,2,0,7,354,14,2,0,370,0,0,0,370
07/29/2020,JFK,NY,AEA,EN,Towers with Radar,372,8,7,0,387,0,7,5,0,12,372,15,12,0,399,0,0,0,399
07/30/2020,JFK,NY,AEA,EN,Towers with Radar,405,10,6,0,421,0,4,7,0,11,405,14,13,0,432,0,0,0,432
07/31/2020,JFK,NY,AEA,EN,Towers with Radar,413,12,2,0,427,0,5,6,0,11,413,17,8,0,438,0,0,0,438
08/01/2020,JFK,NY,AEA,EN,Towers with Radar,446,7,1,0,454,0,0,3,4,7,446,7,4,4,461,0,0,0,461
08/02/2020,JFK,NY,AEA,EN,Towers with Radar,467,6,0,0,473,0,2,2,0,4,467,8,2,0,477,0,0,0,477
08/03/2020,JFK,NY,AEA,EN,Towers with Radar,453,4,4,0,461,0,0,4,2,6,453,4,8,2,467,0,0,0,467
08/04/2020,JFK,NY,AEA,EN,Towers with Radar,347,2,0,0,349,0,6,2,0,8,347,8,2,0,357,0,0,0,357
08/05/2020,JFK,NY,AEA,EN,Towers with Radar,440,10,6,0,456,0,4,6,0,10,440,14,12,0,466,0,0,0,466
08/06/2020,JFK,NY,AEA,EN,Towers with Radar,468,9,2,0,479,0,6,8,1,15,468,15,10,1,494,0,0,0,494
08/07/2020,JFK,NY,AEA,EN,Towers with Radar,464,8,4,2,478,0,6,17,1,24,464,14,21,3,502,0,0,0,502
08/08/2020,JFK,NY,AEA,EN,Towers with Radar,437,8,4,2,451,0,1,2,0,3,437,9,6,2,454,0,0,0,454
08/09/2020,JFK,NY,AEA,EN,Towers with Radar,462,2,3,0,467,0,0,5,0,5,462,2,8,0,472,0,0,0,472
08/10/2020,JFK,NY,AEA,EN,Towers with Radar,421,4,1,0,426,0,0,2,0,2,421,4,3,0,428,0,0,0,428
08/11/2020,JFK,NY,AEA,EN,Towers with Radar,365,9,4,0,378,0,8,1,0,9,365,17,5,0,387,0,0,0,387
08/12/2020,JFK,NY,AEA,EN,Towers with Radar,391,8,3,2,404,0,8,3,0,11,391,16,6,2,415,0,0,0,415
08/13/2020,JFK,NY,AEA,EN,Towers with Radar,469,10,4,0,483,0,8,12,0,20,469,18,16,0,503,0,0,0,503
08/14/2020,JFK,NY,AEA,EN,Towers with Radar,433,8,4,0,445,0,7,4,0,11,433,15,8,0,456,0,0,0,456
08/15/2020,JFK,NY,AEA,EN,Towers with Radar,421,7,6,1,435,0,0,7,0,7,421,7,13,1,442,0,0,0,442
08/16/2020,JFK,NY,AEA,EN,Towers with Radar,469,9,11,1,490,0,0,0,0,0,469,9,11,1,490,0,0,0,490
08/17/2020,JFK,NY,AEA,EN,Towers with Radar,423,4,7,0,434,0,0,3,2,5,423,4,10,2,439,0,0,0,439
08/18/2020,JFK,NY,AEA,EN,Towers with Radar,341,10,4,0,355,0,6,5,0,11,341,16,9,0,366,0,0,0,366
08/19/2020,JFK,NY,AEA,EN,Towers with Radar,377,7,7,0,391,0,4,2,1,7,377,11,9,1,398,0,0,0,398
08/20/2020,JFK,NY,AEA,EN,Towers with Radar,445,9,6,0,460,0,7,8,0,15,445,16,14,0,475,0,0,0,475
08/21/2020,JFK,NY,AEA,EN,Towers with Radar,421,11,5,0,437,0,5,2,0,7,421,16,7,0,444,0,0,0,444
08/22/2020,JFK,NY,AEA,EN,Towers with Radar,422,5,3,0,430,0,0,4,0,4,422,5,7,0,434,0,0,0,434
08/23/2020,JFK,NY,AEA,EN,Towers with Radar,445,4,6,0,455,0,0,7,0,7,445,4,13,0,462,0,0,0,462
08/24/2020,JFK,NY,AEA,EN,Towers with Radar,406,6,4,0,416,0,0,6,0,6,406,6,10,0,422,0,0,0,422
08/25/2020,JFK,NY,AEA,EN,Towers with Radar,364,6,6,0,376,0,6,3,1,10,364,12,9,1,386,0,0,0,386
08/26/2020,JFK,NY,AEA,EN,Towers with Radar,370,11,6,0,387,0,5,2,0,7,370,16,8,0,394,0,0,0,394
08/27/2020,JFK,NY,AEA,EN,Towers with Radar,426,9,2,0,437,0,7,1,0,8,426,16,3,0,445,0,0,0,445
08/28/2020,JFK,NY,AEA,EN,Towers with Radar,437,9,4,0,450,0,7,2,0,9,437,16,6,0,459,0,0,0,459
08/29/2020,JFK,NY,AEA,EN,Towers with Radar,423,11,2,0,436,0,0,2,0,2,423,11,4,0,438,0,0,0,438
08/30/2020,JFK,NY,AEA,EN,Towers with Radar,437,10,3,0,450,0,0,7,0,7,437,10,10,0,457,0,0,0,457
08/31/2020,JFK,NY,AEA,EN,Towers with Radar,410,5,1,0,416,0,0,5,2,7,410,5,6,2,423,0,0,0,423
09/01/2020,JFK,NY,AEA,EN,Towers with Radar,349,11,1,0,361,0,7,5,0,12,349,18,6,0,373,0,0,0,373
09/02/2020,JFK,NY,AEA,EN,Towers with Radar,364,8,2,2,376,0,1,1,3,5,364,9,3,5,381,0,0,0,381
09/03/2020,JFK,NY,AEA,EN,Towers with Radar,438,9,6,0,453,0,10,3,0,13,438,19,9,0,466,0,0,0,466
09/04/2020,JFK,NY,AEA,EN,Towers with Radar,429,10,3,0,442,0,7,1,0,8,429,17,4,0,450,0,0,0,450
09/05/2020,JFK,NY,AEA,EN,Towers with Radar,390,7,4,0,401,0,0,0,0,0,390,7,4,0,401,0,0,0,401
09/06/2020,JFK,NY,AEA,EN,Towers with Radar,425,4,1,0,430,0,0,3,0,3,425,4,4,0,433,0,0,0,433
09/07/2020,JFK,NY,AEA,EN,Towers with Radar,405,7,4,0,416,0,0,7,0,7,405,7,11,0,423,0,0,0,423
09/08/2020,JFK,NY,AEA,EN,Towers with Radar,322,3,7,0,332,0,8,27,0,35,322,11,34,0,367,0,0,0,367
09/09/2020,JFK,NY,AEA,EN,Towers with Radar,366,4,7,0,377,0,6,8,0,14,366,10,15,0,391,0,0,0,391
09/10/2020,JFK,NY,AEA,EN,Towers with Radar,440,12,6,2,460,0,0,2,0,2,440,12,8,2,462,0,0,0,462
09/11/2020,JFK,NY,AEA,EN,Towers with Radar,406,6,2,2,416,0,7,4,0,11,406,13,6,2,427,0,0,0,427
09/12/2020,JFK,NY,AEA,EN,Towers with Radar,408,12,3,0,423,0,0,6,0,6,408,12,9,0,429,0,0,0,429
09/13/2020,JFK,NY,AEA,EN,Towers with Radar,436,18,2,0,456,0,0,5,0,5,436,18,7,0,461,0,0,0,461
09/14/2020,JFK,NY,AEA,EN,Towers with Radar,409,6,0,0,415,0,0,18,0,18,409,6,18,0,433,0,0,0,433
09/15/2020,JFK,NY,AEA,EN,Towers with Radar,347,8,3,0,358,0,5,9,0,14,347,13,12,0,372,0,0,0,372
09/16/2020,JFK,NY,AEA,EN,Towers with Radar,366,6,6,2,380,0,6,0,0,6,366,12,6,2,386,0,0,0,386
09/17/2020,JFK,NY,AEA,EN,Towers with Radar,450,10,4,0,464,0,7,2,2,11,450,17,6,2,475,0,0,0,475
09/18/2020,JFK,NY,AEA,EN,Towers with Radar,427,10,5,0,442,0,6,4,0,10,427,16,9,0,452,0,0,0,452
09/19/2020,JFK,NY,AEA,EN,Towers with Radar,405,9,0,0,414,0,2,2,0,4,405,11,2,0,418,0,0,0,418
09/20/2020,JFK,NY,AEA,EN,Towers with Radar,448,8,3,2,461,0,0,5,0,5,448,8,8,2,466,0,0,0,466
09/21/2020,JFK,NY,AEA,EN,Towers with Radar,400,10,5,0,415,0,0,2,2,4,400,10,7,2,419,0,0,0,419
09/22/2020,JFK,NY,AEA,EN,Towers with Radar,349,7,0,0,356,0,6,5,0,11,349,13,5,0,367,0,0,0,367
09/23/2020,JFK,NY,AEA,EN,Towers with Radar,376,7,8,0,391,0,6,6,0,12,376,13,14,0,403,0,0,0,403
09/24/2020,JFK,NY,AEA,EN,Towers with Radar,451,12,6,0,469,0,6,5,0,11,451,18,11,0,480,0,0,0,480
09/25/2020,JFK,NY,AEA,EN,Towers with Radar,431,3,0,0,434,0,7,0,0,7,431,10,0,0,441,0,0,0,441
09/26/2020,JFK,NY,AEA,EN,Towers with Radar,414,4,9,0,427,0,0,0,0,0,414,4,9,0,427,0,0,0,427
09/27/2020,JFK,NY,AEA,EN,Towers with Radar,462,10,7,0,479,0,0,4,0,4,462,10,11,0,483,0,0,0,483
09/28/2020,JFK,NY,AEA,EN,Towers with Radar,405,5,3,0,413,0,0,1,0,1,405,5,4,0,414,0,0,0,414
09/29/2020,JFK,NY,AEA,EN,Towers with Radar,354,11,4,0,369,0,7,2,0,9,354,18,6,0,378,0,0,0,378
09/30/2020,JFK,NY,AEA,EN,Towers with Radar,387,5,3,0,395,0,7,0,0,7,387,12,3,0,402,0,0,0,402
10/01/2020,JFK,NY,AEA,EN,Towers with Radar,502,14,7,0,523,0,8,9,0,17,502,22,16,0,540,0,0,0,540
10/02/2020,JFK,NY,AEA,EN,Towers with Radar,485,8,3,0,496,0,7,5,0,12,485,15,8,0,508,0,0,0,508
10/03/2020,JFK,NY,AEA,EN,Towers with Radar,456,9,2,0,467,0,3,6,0,9,456,12,8,0,476,0,0,0,476
10/04/2020,JFK,NY,AEA,EN,Towers with Radar,473,13,0,0,486,0,0,4,0,4,473,13,4,0,490,0,0,0,490
10/05/2020,JFK,NY,AEA,EN,Towers with Radar,450,5,2,2,459,0,0,2,0,2,450,5,4,2,461,0,0,0,461
10/06/2020,JFK,NY,AEA,EN,Towers with Radar,371,7,0,0,378,0,5,3,0,8,371,12,3,0,386,0,0,0,386
10/07/2020,JFK,NY,AEA,EN,Towers with Radar,398,4,4,0,406,0,6,3,0,9,398,10,7,0,415,0,0,0,415
10/08/2020,JFK,NY,AEA,EN,Towers with Radar,477,11,3,0,491,0,5,5,0,10,477,16,8,0,501,0,0,0,501
10/09/2020,JFK,NY,AEA,EN,Towers with Radar,474,10,2,0,486,0,9,10,0,19,474,19,12,0,505,0,0,0,505
10/10/2020,JFK,NY,AEA,EN,Towers with Radar,440,16,3,0,459,0,0,5,0,5,440,16,8,0,464,0,0,0,464
10/11/2020,JFK,NY,AEA,EN,Towers with Radar,488,9,0,0,497,0,0,5,0,5,488,9,5,0,502,0,0,0,502
10/12/2020,JFK,NY,AEA,EN,Towers with Radar,458,12,6,0,476,0,0,2,0,2,458,12,8,0,478,0,0,0,478
10/13/2020,JFK,NY,AEA,EN,Towers with Radar,375,5,7,0,387,0,2,2,0,4,375,7,9,0,391,0,0,0,391
10/14/2020,JFK,NY,AEA,EN,Towers with Radar,400,8,3,0,411,0,4,5,0,9,400,12,8,0,420,0,0,0,420
10/15/2020,JFK,NY,AEA,EN,Towers with Radar,496,16,0,0,512,0,7,4,0,11,496,23,4,0,523,0,0,0,523
10/16/2020,JFK,NY,AEA,EN,Towers with Radar,478,10,2,0,490,0,4,0,0,4,478,14,2,0,494,0,0,0,494
10/17/2020,JFK,NY,AEA,EN,Towers with Radar,466,8,3,0,477,0,0,6,0,6,466,8,9,0,483,0,0,0,483
10/18/2020,JFK,NY,AEA,EN,Towers with Radar,489,4,8,0,501,0,0,2,0,2,489,4,10,0,503,0,0,0,503
10/19/2020,JFK,NY,AEA,EN,Towers with Radar,467,7,2,0,476,0,2,24,0,26,467,9,26,0,502,0,0,0,502
10/20/2020,JFK,NY,AEA,EN,Towers with Radar,379,8,7,0,394,0,0,0,0,0,379,8,7,0,394,0,0,0,394
10/21/2020,JFK,NY,AEA,EN,Towers with Radar,398,8,2,0,408,0,0,0,0,0,398,8,2,0,408,0,0,0,408
10/22/2020,JFK,NY,AEA,EN,Towers with Radar,498,12,4,0,514,0,0,0,0,0,498,12,4,0,514,0,0,0,514
10/23/2020,JFK,NY,AEA,EN,Towers with Radar,486,8,6,0,500,0,0,0,0,0,486,8,6,0,500,0,0,0,500
10/24/2020,JFK,NY,AEA,EN,Towers with Radar,458,9,4,0,471,0,0,0,0,0,458,9,4,0,471,0,0,0,471
10/25/2020,JFK,NY,AEA,EN,Towers with Radar,489,6,0,0,495,0,0,0,0,0,489,6,0,0,495,0,0,0,495
10/26/2020,JFK,NY,AEA,EN,Towers with Radar,456,10,4,0,470,0,0,0,0,0,456,10,4,0,470,0,0,0,470
10/27/2020,JFK,NY,AEA,EN,Towers with Radar,412,8,5,0,425,0,11,0,0,11,412,19,5,0,436,0,0,0,436
10/28/2020,JFK,NY,AEA,EN,Towers with Radar,419,11,3,0,433,0,0,2,0,2,419,11,5,0,435,0,0,0,435
10/29/2020,JFK,NY,AEA,EN,Towers with Radar,503,12,2,0,517,0,8,0,0,8,503,20,2,0,525,0,0,0,525
10/30/2020,JFK,NY,AEA,EN,Towers with Radar,466,7,6,0,479,0,10,0,0,10,466,17,6,0,489,0,0,0,489
10/31/2020,JFK,NY,AEA,EN,Towers with Radar,429,9,0,0,438,0,0,6,0,6,429,9,6,0,444,0,0,0,444
11/01/2020,JFK,NY,AEA,EN,Towers with Radar,499,10,4,0,513,0,0,2,0,2,499,10,6,0,515,0,0,0,515
11/02/2020,JFK,NY,AEA,EN,Towers with Radar,449,11,4,0,464,0,0,0,0,0,449,11,4,0,464,0,0,0,464
11/03/2020,JFK,NY,AEA,EN,Towers with Radar,405,11,0,0,416,0,6,0,0,6,405,17,0,0,422,0,0,0,422
11/04/2020,JFK,NY,AEA,EN,Towers with Radar,393,5,2,0,400,0,7,1,0,8,393,12,3,0,408,0,0,0,408
11/05/2020,JFK,NY,AEA,EN,Towers with Radar,506,11,0,0,517,0,3,3,0,6,506,14,3,0,523,0,0,0,523
11/06/2020,JFK,NY,AEA,EN,Towers with Radar,465,13,3,0,481,0,5,4,0,9,465,18,7,0,490,0,0,0,490
11/07/2020,JFK,NY,AEA,EN,Towers with Radar,467,10,2,0,479,0,2,2,0,4,467,12,4,0,483,0,0,0,483
11/08/2020,JFK,NY,AEA,EN,Towers with Radar,520,8,2,0,530,0,0,2,0,2,520,8,4,0,532,0,0,0,532
11/09/2020,JFK,NY,AEA,EN,Towers with Radar,463,9,4,0,476,0,0,4,0,4,463,9,8,0,480,0,0,0,480
11/10/2020,JFK,NY,AEA,EN,Towers with Radar,428,10,3,0,441,0,0,4,0,4,428,10,7,0,445,0,0,0,445
11/11/2020,JFK,NY,AEA,EN,Towers with Radar,432,8,1,0,441,0,4,0,0,4,432,12,1,0,445,0,0,0,445
11/12/2020,JFK,NY,AEA,EN,Towers with Radar,512,12,0,0,524,0,3,0,0,3,512,15,0,0,527,0,0,0,527
11/13/2020,JFK,NY,AEA,EN,Towers with Radar,483,6,7,0,496,0,0,5,0,5,483,6,12,0,501,0,0,0,501
11/14/2020,JFK,NY,AEA,EN,Towers with Radar,470,12,1,0,483,0,0,5,0,5,470,12,6,0,488,0,0,0,488
11/15/2020,JFK,NY,AEA,EN,Towers with Radar,523,7,3,0,533,0,0,0,0,0,523,7,3,0,533,0,0,0,533
11/16/2020,JFK,NY,AEA,EN,Towers with Radar,472,6,2,0,480,0,0,6,0,6,472,6,8,0,486,0,0,0,486
11/17/2020,JFK,NY,AEA,EN,Towers with Radar,417,8,4,1,430,0,6,7,0,13,417,14,11,1,443,0,0,0,443
11/18/2020,JFK,NY,AEA,EN,Towers with Radar,435,10,1,0,446,0,6,2,2,10,435,16,3,2,456,0,0,0,456
11/19/2020,JFK,NY,AEA,EN,Towers with Radar,555,6,2,0,563,0,8,3,2,13,555,14,5,2,576,0,0,0,576
11/20/2020,JFK,NY,AEA,EN,Towers with Radar,523,5,2,0,530,0,5,2,0,7,523,10,4,0,537,0,0,0,537
11/21/2020,JFK,NY,AEA,EN,Towers with Radar,567,8,2,0,577,0,0,5,0,5,567,8,7,0,582,0,0,0,582
11/22/2020,JFK,NY,AEA,EN,Towers with Radar,577,6,5,1,589,0,0,0,0,0,577,6,5,1,589,0,0,0,589
11/23/2020,JFK,NY,AEA,EN,Towers with Radar,504,4,3,0,511,0,0,0,0,0,504,4,3,0,511,0,0,0,511
11/24/2020,JFK,NY,AEA,EN,Towers with Radar,539,12,4,0,555,0,7,6,0,13,539,19,10,0,568,0,0,0,568
11/25/2020,JFK,NY,AEA,EN,Towers with Radar,524,8,0,0,532,0,7,5,0,12,524,15,5,0,544,0,0,0,544
11/26/2020,JFK,NY,AEA,EN,Towers with Radar,409,4,6,0,419,0,0,5,0,5,409,4,11,0,424,0,0,0,424
11/27/2020,JFK,NY,AEA,EN,Towers with Radar,478,8,3,0,489,0,4,1,0,5,478,12,4,0,494,0,0,0,494
11/28/2020,JFK,NY,AEA,EN,Towers with Radar,558,8,2,0,568,0,0,2,0,2,558,8,4,0,570,0,0,0,570
11/29/2020,JFK,NY,AEA,EN,Towers with Radar,581,14,6,0,601,0,0,1,0,1,581,14,7,0,602,0,0,0,602
11/30/2020,JFK,NY,AEA,EN,Towers with Radar,546,2,0,0,548,1,0,0,0,1,547,2,0,0,549,0,0,0,549
12/01/2020,JFK,NY,AEA,EN,Towers with Radar,550,1,0,0,551,0,5,0,2,7,550,6,0,2,558,0,0,0,558
12/02/2020,JFK,NY,AEA,EN,Towers with Radar,491,8,0,0,499,0,4,2,0,6,491,12,2,0,505,0,0,0,505
12/03/2020,JFK,NY,AEA,EN,Towers with Radar,560,7,1,0,568,0,3,0,0,3,560,10,1,0,571,0,0,0,571
12/04/2020,JFK,NY,AEA,EN,Towers with Radar,492,9,2,0,503,1,7,0,2,10,493,16,2,2,513,0,0,0,513
12/05/2020,JFK,NY,AEA,EN,Towers with Radar,467,14,1,0,482,0,0,0,0,0,467,14,1,0,482,0,0,0,482
12/06/2020,JFK,NY,AEA,EN,Towers with Radar,546,9,0,0,555,0,0,0,0,0,546,9,0,0,555,0,0,0,555
12/07/2020,JFK,NY,AEA,EN,Towers with Radar,488,7,0,0,495,0,0,2,0,2,488,7,2,0,497,0,0,0,497
12/08/2020,JFK,NY,AEA,EN,Towers with Radar,457,8,0,0,465,0,5,2,0,7,457,13,2,0,472,0,0,0,472
12/09/2020,JFK,NY,AEA,EN,Towers with Radar,462,7,8,1,478,0,6,5,0,11,462,13,13,1,489,0,0,0,489
12/10/2020,JFK,NY,AEA,EN,Towers with Radar,568,2,5,1,576,0,5,6,0,11,568,7,11,1,587,0,0,0,587
12/11/2020,JFK,NY,AEA,EN,Towers with Radar,510,8,0,0,518,0,6,1,1,8,510,14,1,1,526,0,0,0,526
12/12/2020,JFK,NY,AEA,EN,Towers with Radar,480,14,0,0,494,0,0,0,0,0,480,14,0,0,494,0,0,0,494
12/13/2020,JFK,NY,AEA,EN,Towers with Radar,565,10,2,0,577,0,0,0,0,0,565,10,2,0,577,0,0,0,577
12/14/2020,JFK,NY,AEA,EN,Towers with Radar,512,8,6,0,526,0,0,0,0,0,512,8,6,0,526,0,0,0,526
12/15/2020,JFK,NY,AEA,EN,Towers with Radar,470,10,2,0,482,0,5,7,0,12,470,15,9,0,494,0,0,0,494
12/16/2020,JFK,NY,AEA,EN,Towers with Radar,367,5,2,0,374,0,4,1,0,5,367,9,3,0,379,0,0,0,379
12/17/2020,JFK,NY,AEA,EN,Towers with Radar,454,8,8,0,470,0,0,0,0,0,454,8,8,0,470,0,0,0,470
12/18/2020,JFK,NY,AEA,EN,Towers with Radar,613,8,4,0,625,0,5,1,0,6,613,13,5,0,631,0,0,0,631
12/19/2020,JFK,NY,AEA,EN,Towers with Radar,629,8,1,0,638,0,0,2,0,2,629,8,3,0,640,0,0,0,640
12/20/2020,JFK,NY,AEA,EN,Towers with Radar,651,4,1,0,656,0,0,0,0,0,651,4,1,0,656,0,0,0,656
12/21/2020,JFK,NY,AEA,EN,Towers with Radar,599,2,5,0,606,0,0,1,0,1,599,2,6,0,607,0,0,0,607
12/22/2020,JFK,NY,AEA,EN,Towers with Radar,598,16,0,0,614,0,4,3,0,7,598,20,3,0,621,0,0,0,621
12/23/2020,JFK,NY,AEA,EN,Towers with Radar,609,5,8,0,622,0,4,2,5,11,609,9,10,5,633,0,0,0,633
12/24/2020,JFK,NY,AEA,EN,Towers with Radar,483,4,4,0,491,0,4,0,0,4,483,8,4,0,495,0,0,0,495
12/25/2020,JFK,NY,AEA,EN,Towers with Radar,385,2,1,0,388,0,0,2,0,2,385,2,3,0,390,0,0,0,390
12/26/2020,JFK,NY,AEA,EN,Towers with Radar,505,4,6,0,515,0,0,1,0,1,505,4,7,0,516,0,0,0,516
12/27/2020,JFK,NY,AEA,EN,Towers with Radar,594,4,4,0,602,0,0,2,0,2,594,4,6,0,604,0,0,0,604
12/28/2020,JFK,NY,AEA,EN,Towers with Radar,556,3,0,0,559,0,0,20,0,20,556,3,20,0,579,0,0,0,579
12/29/2020,JFK,NY,AEA,EN,Towers with Radar,566,7,2,0,575,0,4,1,0,5,566,11,3,0,580,0,0,0,580
12/30/2020,JFK,NY,AEA,EN,Towers with Radar,575,5,2,0,582,0,4,5,0,9,575,9,7,0,591,0,0,0,591
12/31/2020,JFK,NY,AEA,EN,Towers with Radar,491,8,6,0,505,0,2,0,0,2,491,10,6,0,507,0,0,0,507
01/01/2021,JFK,NY,AEA,EN,Towers with Radar,442,4,4,0,450,0,0,1,0,1,442,4,5,0,451,0,0,0,451
01/02/2021,JFK,NY,AEA,EN,Towers with Radar,574,6,3,0,583,0,0,0,0,0,574,6,3,0,583,0,0,0,583
01/03/2021,JFK,NY,AEA,EN,Towers with Radar,600,10,7,0,617,0,0,0,0,0,600,10,7,0,617,0,0,0,617
01/04/2021,JFK,NY,AEA,EN,Towers with Radar,570,9,2,0,581,0,0,0,0,0,570,9,2,0,581,0,0,0,581
01/05/2021,JFK,NY,AEA,EN,Towers with Radar,456,8,2,0,466,0,4,4,0,8,456,12,6,0,474,0,0,0,474
01/06/2021,JFK,NY,AEA,EN,Towers with Radar,464,4,0,0,468,0,4,2,2,8,464,8,2,2,476,0,0,0,476
01/07/2021,JFK,NY,AEA,EN,Towers with Radar,535,4,3,0,542,0,5,3,0,8,535,9,6,0,550,0,0,0,550
01/08/2021,JFK,NY,AEA,EN,Towers with Radar,494,6,3,0,503,0,4,0,0,4,494,10,3,0,507,0,0,0,507
01/09/2021,JFK,NY,AEA,EN,Towers with Radar,481,8,0,0,489,0,0,3,0,3,481,8,3,0,492,0,0,0,492
01/10/2021,JFK,NY,AEA,EN,Towers with Radar,527,6,2,0,535,0,0,1,0,1,527,6,3,0,536,0,0,0,536
01/11/2021,JFK,NY,AEA,EN,Towers with Radar,479,9,2,0,490,0,0,0,0,0,479,9,2,0,490,0,0,0,490
01/12/2021,JFK,NY,AEA,EN,Towers with Radar,417,8,0,0,425,0,4,2,0,6,417,12,2,0,431,0,0,0,431
01/13/2021,JFK,NY,AEA,EN,Towers with Radar,424,6,5,0,435,0,4,6,0,10,424,10,11,0,445,0,0,0,445
01/14/2021,JFK,NY,AEA,EN,Towers with Radar,538,7,4,0,549,0,6,4,0,10,538,13,8,0,559,0,0,0,559
01/15/2021,JFK,NY,AEA,EN,Towers with Radar,486,6,3,0,495,0,0,2,0,2,486,6,5,0,497,0,0,0,497
01/16/2021,JFK,NY,AEA,EN,Towers with Radar,481,3,2,0,486,0,0,0,0,0,481,3,2,0,486,0,0,0,486
01/17/2021,JFK,NY,AEA,EN,Towers with Radar,515,9,7,0,531,0,0,2,0,2,515,9,9,0,533,0,0,0,533
01/18/2021,JFK,NY,AEA,EN,Towers with Radar,474,5,0,0,479,0,0,4,0,4,474,5,4,0,483,0,0,0,483
01/19/2021,JFK,NY,AEA,EN,Towers with Radar,407,13,6,0,426,0,4,1,0,5,407,17,7,0,431,0,0,0,431
01/20/2021,JFK,NY,AEA,EN,Towers with Radar,414,13,8,0,435,0,2,2,0,4,414,15,10,0,439,0,0,0,439
01/21/2021,JFK,NY,AEA,EN,Towers with Radar,513,10,6,0,529,0,6,0,0,6,513,16,6,0,535,0,0,0,535
01/22/2021,JFK,NY,AEA,EN,Towers with Radar,467,13,0,0,480,0,4,2,0,6,467,17,2,0,486,0,0,0,486
01/23/2021,JFK,NY,AEA,EN,Towers with Radar,464,7,6,0,477,1,1,0,0,2,465,8,6,0,479,0,0,0,479
01/24/2021,JFK,NY,AEA,EN,Towers with Radar,506,9,3,0,518,0,0,0,0,0,506,9,3,0,518,0,0,0,518
01/25/2021,JFK,NY,AEA,EN,Towers with Radar,471,5,5,0,481,0,0,3,0,3,471,5,8,0,484,0,0,0,484
01/26/2021,JFK,NY,AEA,EN,Towers with Radar,395,9,0,0,404,0,4,0,0,4,395,13,0,0,408,0,0,0,408
01/27/2021,JFK,NY,AEA,EN,Towers with Radar,416,14,2,0,432,0,4,0,0,4,416,18,2,0,436,0,0,0,436
01/28/2021,JFK,NY,AEA,EN,Towers with Radar,514,9,2,0,525,0,4,4,0,8,514,13,6,0,533,0,0,0,533
01/29/2021,JFK,NY,AEA,EN,Towers with Radar,470,9,5,0,484,0,4,0,0,4,470,13,5,0,488,0,0,0,488
01/30/2021,JFK,NY,AEA,EN,Towers with Radar,458,5,1,0,464,0,3,1,0,4,458,8,2,0,468,0,0,0,468
01/31/2021,JFK,NY,AEA,EN,Towers with Radar,481,11,10,0,502,0,0,0,0,0,481,11,10,0,502,0,0,0,502
02/01/2021,JFK,NY,AEA,EN,Towers with Radar,46,0,0,0,46,0,0,0,0,0,46,0,0,0,46,0,0,0,46
02/02/2021,JFK,NY,AEA,EN,Towers with Radar,286,4,3,0,293,0,0,0,0,0,286,4,3,0,293,0,0,0,293
02/03/2021,JFK,NY,AEA,EN,Towers with Radar,444,7,8,1,460,0,6,2,0,8,444,13,10,1,468,0,0,0,468
02/04/2021,JFK,NY,AEA,EN,Towers with Radar,519,6,0,1,526,0,4,1,1,6,519,10,1,2,532,0,0,0,532
02/05/2021,JFK,NY,AEA,EN,Towers with Radar,479,3,0,2,484,0,4,6,0,10,479,7,6,2,494,0,0,0,494
02/06/2021,JFK,NY,AEA,EN,Towers with Radar,471,6,0,0,477,0,0,0,0,0,471,6,0,0,477,0,0,0,477
02/07/2021,JFK,NY,AEA,EN,Towers with Radar,458,2,6,1,467,0,0,0,0,0,458,2,6,1,467,0,0,0,467
02/08/2021,JFK,NY,AEA,EN,Towers with Radar,469,12,2,0,483,0,0,1,0,1,469,12,3,0,484,0,0,0,484
02/09/2021,JFK,NY,AEA,EN,Towers with Radar,395,7,2,0,404,0,0,0,0,0,395,7,2,0,404,0,0,0,404
02/10/2021,JFK,NY,AEA,EN,Towers with Radar,437,7,7,0,451,0,6,5,0,11,437,13,12,0,462,0,0,0,462
02/11/2021,JFK,NY,AEA,EN,Towers with Radar,563,8,3,0,574,0,0,2,0,2,563,8,5,0,576,0,0,0,576
02/12/2021,JFK,NY,AEA,EN,Towers with Radar,552,5,2,0,559,0,5,2,0,7,552,10,4,0,566,0,0,0,566
02/13/2021,JFK,NY,AEA,EN,Towers with Radar,533,7,2,0,542,0,0,2,0,2,533,7,4,0,544,0,0,0,544
02/14/2021,JFK,NY,AEA,EN,Towers with Radar,541,5,2,0,548,0,0,2,0,2,541,5,4,0,550,0,0,0,550
02/15/2021,JFK,NY,AEA,EN,Towers with Radar,518,5,1,0,524,0,0,0,0,0,518,5,1,0,524,0,0,0,524
02/16/2021,JFK,NY,AEA,EN,Towers with Radar,455,12,3,0,470,0,0,0,0,0,455,12,3,0,470,0,0,0,470
02/17/2021,JFK,NY,AEA,EN,Towers with Radar,465,7,4,0,476,0,4,3,0,7,465,11,7,0,483,0,0,0,483
02/18/2021,JFK,NY,AEA,EN,Towers with Radar,405,5,4,0,414,0,0,0,0,0,405,5,4,0,414,0,0,0,414
02/19/2021,JFK,NY,AEA,EN,Towers with Radar,510,5,11,0,526,0,2,0,0,2,510,7,11,0,528,0,0,0,528
02/20/2021,JFK,NY,AEA,EN,Towers with Radar,567,10,4,0,581,0,0,0,0,0,567,10,4,0,581,0,0,0,581
02/21/2021,JFK,NY,AEA,EN,Towers with Radar,557,9,1,0,567,0,0,5,0,5,557,9,6,0,572,0,0,0,572
02/22/2021,JFK,NY,AEA,EN,Towers with Radar,510,10,1,0,521,0,0,1,0,1,510,10,2,0,522,0,0,0,522
02/23/2021,JFK,NY,AEA,EN,Towers with Radar,444,8,1,0,453,0,4,4,0,8,444,12,5,0,461,0,0,0,461
02/24/2021,JFK,NY,AEA,EN,Towers with Radar,455,10,3,0,468,0,6,16,0,22,455,16,19,0,490,0,0,0,490
02/25/2021,JFK,NY,AEA,EN,Towers with Radar,547,7,5,0,559,0,4,0,0,4,547,11,5,0,563,0,0,0,563
02/26/2021,JFK,NY,AEA,EN,Towers with Radar,530,5,1,0,536,0,4,5,0,9,530,9,6,0,545,0,0,0,545
02/27/2021,JFK,NY,AEA,EN,Towers with Radar,531,13,5,0,549,0,0,0,0,0,531,13,5,0,549,0,0,0,549
02/28/2021,JFK,NY,AEA,EN,Towers with Radar,558,6,1,1,566,0,0,0,0,0,558,6,1,1,566,0,0,0,566
03/01/2021,JFK,NY,AEA,EN,Towers with Radar,530,8,2,1,541,0,0,0,0,0,530,8,2,1,541,0,0,0,541
03/02/2021,JFK,NY,AEA,EN,Towers with Radar,479,21,0,0,500,0,4,0,2,6,479,25,0,2,506,0,0,0,506
03/03/2021,JFK,NY,AEA,EN,Towers with Radar,483,18,4,0,505,0,6,0,0,6,483,24,4,0,511,0,0,0,511
03/04/2021,JFK,NY,AEA,EN,Towers with Radar,556,26,0,0,582,0,5,1,0,6,556,31,1,0,588,0,0,0,588
03/05/2021,JFK,NY,AEA,EN,Towers with Radar,563,23,3,0,589,0,5,0,0,5,563,28,3,0,594,0,0,0,594
03/06/2021,JFK,NY,AEA,EN,Towers with Radar,550,19,1,1,571,0,0,0,0,0,550,19,1,1,571,0,0,0,571
03/07/2021,JFK,NY,AEA,EN,Towers with Radar,584,28,5,0,617,0,0,5,0,5,584,28,10,0,622,0,0,0,622
03/08/2021,JFK,NY,AEA,EN,Towers with Radar,549,23,3,0,575,0,0,2,0,2,549,23,5,0,577,0,0,0,577
03/09/2021,JFK,NY,AEA,EN,Towers with Radar,482,24,2,1,509,0,4,3,0,7,482,28,5,1,516,0,0,0,516
03/10/2021,JFK,NY,AEA,EN,Towers with Radar,520,19,3,1,543,0,4,2,1,7,520,23,5,2,550,0,0,0,550
03/11/2021,JFK,NY,AEA,EN,Towers with Radar,591,25,10,0,626,0,2,2,0,4,591,27,12,0,630,0,0,0,630
03/12/2021,JFK,NY,AEA,EN,Towers with Radar,581,21,0,0,602,0,4,0,0,4,581,25,0,0,606,0,0,0,606
03/13/2021,JFK,NY,AEA,EN,Towers with Radar,571,18,6,0,595,0,0,2,0,2,571,18,8,0,597,0,0,0,597
03/14/2021,JFK,NY,AEA,EN,Towers with Radar,582,27,4,0,613,0,0,2,0,2,582,27,6,0,615,0,0,0,615
03/15/2021,JFK,NY,AEA,EN,Towers with Radar,546,25,5,1,577,0,0,0,2,2,546,25,5,3,579,0,0,0,579
03/16/2021,JFK,NY,AEA,EN,Towers with Radar,497,22,1,0,520,0,4,6,0,10,497,26,7,0,530,0,0,0,530
03/17/2021,JFK,NY,AEA,EN,Towers with Radar,516,20,4,0,540,0,4,0,0,4,516,24,4,0,544,0,0,0,544
03/18/2021,JFK,NY,AEA,EN,Towers with Radar,621,23,0,0,644,0,4,0,0,4,621,27,0,0,648,0,0,0,648
03/19/2021,JFK,NY,AEA,EN,Towers with Radar,579,20,0,0,599,0,4,2,0,6,579,24,2,0,605,0,0,0,605
03/20/2021,JFK,NY,AEA,EN,Towers with Radar,593,20,0,0,613,0,0,1,0,1,593,20,1,0,614,0,0,0,614
03/21/2021,JFK,NY,AEA,EN,Towers with Radar,601,23,2,0,626,0,0,2,0,2,601,23,4,0,628,0,0,0,628
03/22/2021,JFK,NY,AEA,EN,Towers with Radar,563,30,0,0,593,0,2,0,0,2,563,32,0,0,595,0,0,0,595
03/23/2021,JFK,NY,AEA,EN,Towers with Radar,507,17,11,1,536,0,1,26,0,27,507,18,37,1,563,0,0,0,563
03/24/2021,JFK,NY,AEA,EN,Towers with Radar,536,17,4,1,558,0,4,2,0,6,536,21,6,1,564,0,0,0,564
03/25/2021,JFK,NY,AEA,EN,Towers with Radar,621,32,2,0,655,0,0,0,0,0,621,32,2,0,655,0,0,0,655
03/26/2021,JFK,NY,AEA,EN,Towers with Radar,619,26,2,0,647,0,0,4,0,4,619,26,6,0,651,0,0,0,651
03/27/2021,JFK,NY,AEA,EN,Towers with Radar,621,23,7,0,651,0,1,2,0,3,621,24,9,0,654,0,0,0,654
03/28/2021,JFK,NY,AEA,EN,Towers with Radar,650,22,3,0,675,0,0,0,0,0,650,22,3,0,675,0,0,0,675
03/29/2021,JFK,NY,AEA,EN,Towers with Radar,602,22,2,0,626,0,0,2,0,2,602,22,4,0,628,0,0,0,628
03/30/2021,JFK,NY,AEA,EN,Towers with Radar,561,27,1,0,589,0,6,2,2,10,561,33,3,2,599,0,0,0,599
03/31/2021,JFK,NY,AEA,EN,Towers with Radar,571,21,4,0,596,0,4,0,0,4,571,25,4,0,600,0,0,0,600
04/01/2021,JFK,NY,AEA,EN,Towers with Radar,642,27,4,0,673,0,4,2,0,6,642,31,6,0,679,0,0,0,679
04/02/2021,JFK,NY,AEA,EN,Towers with Radar,666,23,4,0,693,0,4,0,0,4,666,27,4,0,697,0,0,0,697
04/03/2021,JFK,NY,AEA,EN,Towers with Radar,634,30,5,0,669,0,3,4,0,7,634,33,9,0,676,0,0,0,676
04/04/2021,JFK,NY,AEA,EN,Towers with Radar,659,24,2,1,686,0,0,3,0,3,659,24,5,1,689,0,0,0,689
04/05/2021,JFK,NY,AEA,EN,Towers with Radar,646,34,19,0,699,0,2,6,0,8,646,36,25,0,707,0,0,0,707
04/06/2021,JFK,NY,AEA,EN,Towers with Radar,575,17,12,0,604,0,4,0,0,4,575,21,12,0,608,0,0,0,608
04/07/2021,JFK,NY,AEA,EN,Towers with Radar,590,23,3,1,617,0,4,2,0,6,590,27,5,1,623,0,0,0,623
04/08/2021,JFK,NY,AEA,EN,Towers with Radar,681,21,0,0,702,0,5,9,1,15,681,26,9,1,717,0,0,0,717
04/09/2021,JFK,NY,AEA,EN,Towers with Radar,668,22,12,0,702,0,2,4,0,6,668,24,16,0,708,0,0,0,708
04/10/2021,JFK,NY,AEA,EN,Towers with Radar,633,18,3,1,655,0,0,0,0,0,633,18,3,1,655,0,0,0,655
04/11/2021,JFK,NY,AEA,EN,Towers with Radar,652,26,1,0,679,0,0,0,0,0,652,26,1,0,679,0,0,0,679
04/12/2021,JFK,NY,AEA,EN,Towers with Radar,649,22,4,0,675,0,0,0,0,0,649,22,4,0,675,0,0,0,675
04/13/2021,JFK,NY,AEA,EN,Towers with Radar,572,15,2,0,589,0,4,1,0,5,572,19,3,0,594,0,0,0,594
04/14/2021,JFK,NY,AEA,EN,Towers with Radar,591,21,2,0,614,0,10,5,0,15,591,31,7,0,629,0,0,0,629
04/15/2021,JFK,NY,AEA,EN,Towers with Radar,686,25,2,0,713,0,0,0,0,0,686,25,2,0,713,0,0,0,713
04/16/2021,JFK,NY,AEA,EN,Towers with Radar,676,20,9,0,705,0,4,0,2,6,676,24,9,2,711,0,0,0,711
04/17/2021,JFK,NY,AEA,EN,Towers with Radar,647,16,3,0,666,0,1,2,0,3,647,17,5,0,669,0,0,0,669
04/18/2021,JFK,NY,AEA,EN,Towers with Radar,677,26,7,0,710,0,0,2,0,2,677,26,9,0,712,0,0,0,712
04/19/2021,JFK,NY,AEA,EN,Towers with Radar,647,26,2,0,675,0,0,0,0,0,647,26,2,0,675,0,0,0,675
04/20/2021,JFK,NY,AEA,EN,Towers with Radar,561,21,1,0,583,0,6,0,0,6,561,27,1,0,589,0,0,0,589
04/21/2021,JFK,NY,AEA,EN,Towers with Radar,602,20,3,0,625,0,4,1,0,5,602,24,4,0,630,0,0,0,630
04/22/2021,JFK,NY,AEA,EN,Towers with Radar,691,29,0,0,720,0,0,1,0,1,691,29,1,0,721,0,0,0,721
04/23/2021,JFK,NY,AEA,EN,Towers with Radar,673,26,4,0,703,0,7,3,2,12,673,33,7,2,715,0,0,0,715
04/24/2021,JFK,NY,AEA,EN,Towers with Radar,624,20,6,0,650,0,0,1,0,1,624,20,7,0,651,0,0,0,651
04/25/2021,JFK,NY,AEA,EN,Towers with Radar,684,29,4,1,718,0,0,2,0,2,684,29,6,1,720,0,0,0,720
04/26/2021,JFK,NY,AEA,EN,Towers with Radar,674,19,4,1,698,0,0,23,0,23,674,19,27,1,721,0,0,0,721
04/27/2021,JFK,NY,AEA,EN,Towers with Radar,565,16,6,0,587,0,4,4,0,8,565,20,10,0,595,0,0,0,595
04/28/2021,JFK,NY,AEA,EN,Towers with Radar,589,18,2,0,609,0,4,6,0,10,589,22,8,0,619,0,0,0,619
04/29/2021,JFK,NY,AEA,EN,Towers with Radar,704,27,6,0,737,0,4,17,0,21,704,31,23,0,758,0,0,0,758
04/30/2021,JFK,NY,AEA,EN,Towers with Radar,673,42,3,0,718,0,4,2,0,6,673,46,5,0,724,0,0,0,724
05/01/2021,JFK,NY,AEA,EN,Towers with Radar,637,20,2,0,659,0,0,4,0,4,637,20,6,0,663,0,0,0,663
05/02/2021,JFK,NY,AEA,EN,Towers with Radar,697,29,4,0,730,0,0,6,0,6,697,29,10,0,736,0,0,0,736
05/03/2021,JFK,NY,AEA,EN,Towers with Radar,666,18,4,0,688,0,0,0,0,0,666,18,4,0,688,0,0,0,688
05/04/2021,JFK,NY,AEA,EN,Towers with Radar,581,19,1,0,601,0,0,4,0,4,581,19,5,0,605,0,0,0,605
05/05/2021,JFK,NY,AEA,EN,Towers with Radar,635,20,2,0,657,0,0,0,0,0,635,20,2,0,657,0,0,0,657
05/06/2021,JFK,NY,AEA,EN,Towers with Radar,765,28,6,0,799,0,4,4,0,8,765,32,10,0,807,0,0,0,807
05/07/2021,JFK,NY,AEA,EN,Towers with Radar,780,26,6,0,812,0,7,5,0,12,780,33,11,0,824,0,0,0,824
05/08/2021,JFK,NY,AEA,EN,Towers with Radar,735,23,4,0,762,0,0,2,0,2,735,23,6,0,764,0,0,0,764
05/09/2021,JFK,NY,AEA,EN,Towers with Radar,790,22,4,0,816,0,4,2,0,6,790,26,6,0,822,0,0,0,822
05/10/2021,JFK,NY,AEA,EN,Towers with Radar,763,26,7,0,796,0,0,18,0,18,763,26,25,0,814,0,0,0,814
05/11/2021,JFK,NY,AEA,EN,Towers with Radar,704,26,0,0,730,0,4,6,2,12,704,30,6,2,742,0,0,0,742
05/12/2021,JFK,NY,AEA,EN,Towers with Radar,707,24,1,0,732,0,4,2,2,8,707,28,3,2,740,0,0,0,740
05/13/2021,JFK,NY,AEA,EN,Towers with Radar,802,25,10,2,839,0,5,0,0,5,802,30,10,2,844,0,0,0,844
05/14/2021,JFK,NY,AEA,EN,Towers with Radar,768,23,2,0,793,1,4,2,0,7,769,27,4,0,800,0,0,0,800
05/15/2021,JFK,NY,AEA,EN,Towers with Radar,736,19,2,1,758,0,2,11,0,13,736,21,13,1,771,0,0,0,771
05/16/2021,JFK,NY,AEA,EN,Towers with Radar,794,22,8,1,825,0,2,1,0,3,794,24,9,1,828,0,0,0,828
05/17/2021,JFK,NY,AEA,EN,Towers with Radar,770,18,0,0,788,0,0,4,2,6,770,18,4,2,794,0,0,0,794
05/18/2021,JFK,NY,AEA,EN,Towers with Radar,700,27,0,0,727,0,4,5,0,9,700,31,5,0,736,0,0,0,736
05/19/2021,JFK,NY,AEA,EN,Towers with Radar,710,23,2,0,735,0,4,10,0,14,710,27,12,0,749,0,0,0,749
05/20/2021,JFK,NY,AEA,EN,Towers with Radar,797,28,7,2,834,0,4,8,0,12,797,32,15,2,846,0,0,0,846
05/21/2021,JFK,NY,AEA,EN,Towers with Radar,791,28,6,0,825,0,7,12,0,19,791,35,18,0,844,0,0,0,844
05/22/2021,JFK,NY,AEA,EN,Towers with Radar,742,21,8,0,771,0,3,7,2,12,742,24,15,2,783,0,0,0,783
05/23/2021,JFK,NY,AEA,EN,Towers with Radar,806,23,12,0,841,0,0,6,0,6,806,23,18,0,847,0,0,0,847
05/24/2021,JFK,NY,AEA,EN,Towers with Radar,779,26,9,0,814,0,0,0,0,0,779,26,9,0,814,0,0,0,814
05/25/2021,JFK,NY,AEA,EN,Towers with Radar,714,22,7,0,743,0,5,6,4,15,714,27,13,4,758,0,0,0,758
05/26/2021,JFK,NY,AEA,EN,Towers with Radar,718,26,5,0,749,0,0,1,0,1,718,26,6,0,750,0,0,0,750
05/27/2021,JFK,NY,AEA,EN,Towers with Radar,823,31,8,0,862,0,6,20,2,28,823,37,28,2,890,0,0,0,890
05/28/2021,JFK,NY,AEA,EN,Towers with Radar,785,30,12,0,827,0,5,7,1,13,785,35,19,1,840,0,0,0,840
05/29/2021,JFK,NY,AEA,EN,Towers with Radar,750,24,5,0,779,0,0,0,0,0,750,24,5,0,779,0,0,0,779
05/30/2021,JFK,NY,AEA,EN,Towers with Radar,792,19,7,0,818,0,0,2,0,2,792,19,9,0,820,0,0,0,820
05/31/2021,JFK,NY,AEA,EN,Towers with Radar,769,26,5,1,801,0,2,18,1,21,769,28,23,2,822,0,0,0,822
06/01/2021,JFK,NY,AEA,EN,Towers with Radar,709,29,11,0,749,0,4,3,0,7,709,33,14,0,756,0,0,0,756
06/02/2021,JFK,NY,AEA,EN,Towers with Radar,733,30,6,1,770,0,4,21,4,29,733,34,27,5,799,0,0,0,799
06/03/2021,JFK,NY,AEA,EN,Towers with Radar,810,31,9,0,850,0,0,0,0,0,810,31,9,0,850,0,0,0,850
06/04/2021,JFK,NY,AEA,EN,Towers with Radar,820,31,8,0,859,0,0,6,0,6,820,31,14,0,865,0,0,0,865
06/05/2021,JFK,NY,AEA,EN,Towers with Radar,819,20,5,0,844,0,2,7,0,9,819,22,12,0,853,0,0,0,853
06/06/2021,JFK,NY,AEA,EN,Towers with Radar,867,9,9,0,885,0,0,6,4,10,867,9,15,4,895,0,0,0,895
06/07/2021,JFK,NY,AEA,EN,Towers with Radar,838,5,11,0,854,0,0,18,1,19,838,5,29,1,873,0,0,0,873
06/08/2021,JFK,NY,AEA,EN,Towers with Radar,784,14,9,0,807,0,2,2,0,4,784,16,11,0,811,0,0,0,811
06/09/2021,JFK,NY,AEA,EN,Towers with Radar,810,11,7,0,828,0,6,12,4,22,810,17,19,4,850,0,0,0,850
06/10/2021,JFK,NY,AEA,EN,Towers with Radar,904,15,12,0,931,0,4,15,0,19,904,19,27,0,950,0,0,0,950
06/11/2021,JFK,NY,AEA,EN,Towers with Radar,904,10,13,0,927,0,5,15,0,20,904,15,28,0,947,0,0,0,947
06/12/2021,JFK,NY,AEA,EN,Towers with Radar,872,9,5,0,886,0,1,0,0,1,872,10,5,0,887,0,0,0,887
06/13/2021,JFK,NY,AEA,EN,Towers with Radar,912,5,17,0,934,0,1,11,0,12,912,6,28,0,946,0,0,0,946
06/14/2021,JFK,NY,AEA,EN,Towers with Radar,881,8,2,0,891,0,0,8,4,12,881,8,10,4,903,0,0,0,903
06/15/2021,JFK,NY,AEA,EN,Towers with Radar,864,17,4,1,886,0,4,14,0,18,864,21,18,1,904,0,0,0,904
06/16/2021,JFK,NY,AEA,EN,Towers with Radar,875,10,0,0,885,0,5,17,0,22,875,15,17,0,907,0,0,0,907
06/17/2021,JFK,NY,AEA,EN,Towers with Radar,936,18,5,1,960,0,4,22,2,28,936,22,27,3,988,0,0,0,988
06/18/2021,JFK,NY,AEA,EN,Towers with Radar,945,20,12,2,979,0,4,27,1,32,945,24,39,3,1011,0,0,0,1011
06/19/2021,JFK,NY,AEA,EN,Towers with Radar,874,21,5,0,900,0,0,3,0,3,874,21,8,0,903,0,0,0,903
06/20/2021,JFK,NY,AEA,EN,Towers with Radar,906,9,3,0,918,0,0,5,0,5,906,9,8,0,923,0,0,0,923
06/21/2021,JFK,NY,AEA,EN,Towers with Radar,890,9,8,0,907,0,4,20,0,24,890,13,28,0,931,0,0,0,931
06/22/2021,JFK,NY,AEA,EN,Towers with Radar,862,13,4,1,880,0,6,9,0,15,862,19,13,1,895,0,0,0,895
06/23/2021,JFK,NY,AEA,EN,Towers with Radar,893,13,4,1,911,0,7,31,0,38,893,20,35,1,949,0,0,0,949
06/24/2021,JFK,NY,AEA,EN,Towers with Radar,950,18,2,3,973,0,15,31,2,48,950,33,33,5,1021,0,0,0,1021
06/25/2021,JFK,NY,AEA,EN,Towers with Radar,948,9,11,0,968,0,0,31,0,31,948,9,42,0,999,0,0,0,999
06/26/2021,JFK,NY,AEA,EN,Towers with Radar,876,14,5,0,895,0,0,1,0,1,876,14,6,0,896,0,0,0,896
06/27/2021,JFK,NY,AEA,EN,Towers with Radar,951,11,9,2,973,0,2,12,2,16,951,13,21,4,989,0,0,0,989
06/28/2021,JFK,NY,AEA,EN,Towers with Radar,908,8,9,1,926,0,0,18,2,20,908,8,27,3,946,0,0,0,946
06/29/2021,JFK,NY,AEA,EN,Towers with Radar,876,16,13,0,905,0,5,23,2,30,876,21,36,2,935,0,0,0,935
06/30/2021,JFK,NY,AEA,EN,Towers with Radar,905,7,9,0,921,0,8,20,0,28,905,15,29,0,949,0,0,0,949
07/01/2021,JFK,NY,AEA,EN,Towers with Radar,912,20,10,0,942,0,6,16,0,22,912,26,26,0,964,0,0,0,964
07/02/2021,JFK,NY,AEA,EN,Towers with Radar,976,17,9,1,1003,0,14,7,0,21,976,31,16,1,1024,0,0,0,1024
07/03/2021,JFK,NY,AEA,EN,Towers with Radar,784,12,6,0,802,0,0,0,0,0,784,12,6,0,802,0,0,0,802
07/04/2021,JFK,NY,AEA,EN,Towers with Radar,891,10,3,1,905,0,2,3,0,5,891,12,6,1,910,0,0,0,910
07/05/2021,JFK,NY,AEA,EN,Towers with Radar,895,19,7,0,921,0,4,32,0,36,895,23,39,0,957,0,0,0,957
07/06/2021,JFK,NY,AEA,EN,Towers with Radar,770,10,5,0,785,0,5,20,1,26,770,15,25,1,811,0,0,0,811
07/07/2021,JFK,NY,AEA,EN,Towers with Radar,971,12,10,0,993,0,11,13,0,24,971,23,23,0,1017,0,0,0,1017
07/08/2021,JFK,NY,AEA,EN,Towers with Radar,928,11,11,1,951,0,5,14,0,19,928,16,25,1,970,0,0,0,970
07/09/2021,JFK,NY,AEA,EN,Towers with Radar,927,13,6,0,946,0,0,24,0,24,927,13,30,0,970,0,0,0,970
07/10/2021,JFK,NY,AEA,EN,Towers with Radar,897,29,11,0,937,0,0,11,0,11,897,29,22,0,948,0,0,0,948
07/11/2021,JFK,NY,AEA,EN,Towers with Radar,942,20,15,0,977,0,3,18,0,21,942,23,33,0,998,0,0,0,998
07/12/2021,JFK,NY,AEA,EN,Towers with Radar,877,12,6,1,896,0,17,3,0,20,877,29,9,1,916,0,0,0,916
07/13/2021,JFK,NY,AEA,EN,Towers with Radar,893,6,6,0,905,0,0,7,0,7,893,6,13,0,912,0,0,0,912
07/14/2021,JFK,NY,AEA,EN,Towers with Radar,927,9,5,0,941,0,1,14,0,15,927,10,19,0,956,0,0,0,956
07/15/2021,JFK,NY,AEA,EN,Towers with Radar,950,10,8,1,969,0,18,22,0,40,950,28,30,1,1009,0,0,0,1009
07/16/2021,JFK,NY,AEA,EN,Towers with Radar,949,10,4,0,963,0,4,33,0,37,949,14,37,0,1000,0,0,0,1000
07/17/2021,JFK,NY,AEA,EN,Towers with Radar,852,18,7,1,878,0,0,1,0,1,852,18,8,1,879,0,0,0,879
07/18/2021,JFK,NY,AEA,EN,Towers with Radar,956,12,10,1,979,0,2,17,0,19,956,14,27,1,998,0,0,0,998
07/19/2021,JFK,NY,AEA,EN,Towers with Radar,914,12,8,0,934,0,0,27,0,27,914,12,35,0,961,0,0,0,961
07/20/2021,JFK,NY,AEA,EN,Towers with Radar,902,7,7,0,916,1,5,25,3,34,903,12,32,3,950,0,0,0,950
07/21/2021,JFK,NY,AEA,EN,Towers with Radar,921,7,1,0,929,0,16,15,0,31,921,23,16,0,960,0,0,0,960
07/22/2021,JFK,NY,AEA,EN,Towers with Radar,955,13,6,0,974,0,25,20,0,45,955,38,26,0,1019,0,0,0,1019
07/23/2021,JFK,NY,AEA,EN,Towers with Radar,959,8,8,0,975,1,7,41,0,49,960,15,49,0,1024,0,0,0,1024
07/24/2021,JFK,NY,AEA,EN,Towers with Radar,893,10,1,0,904,0,4,8,0,12,893,14,9,0,916,0,0,0,916
07/25/2021,JFK,NY,AEA,EN,Towers with Radar,939,14,3,0,956,0,0,11,0,11,939,14,14,0,967,0,0,0,967
07/26/2021,JFK,NY,AEA,EN,Towers with Radar,918,16,11,0,945,0,5,31,0,36,918,21,42,0,981,0,0,0,981
07/27/2021,JFK,NY,AEA,EN,Towers with Radar,913,7,0,0,920,0,5,24,0,29,913,12,24,0,949,0,0,0,949
07/28/2021,JFK,NY,AEA,EN,Towers with Radar,924,11,4,0,939,0,6,25,0,31,924,17,29,0,970,0,0,0,970
07/29/2021,JFK,NY,AEA,EN,Towers with Radar,934,22,13,0,969,0,14,16,0,30,934,36,29,0,999,0,0,0,999
07/30/2021,JFK,NY,AEA,EN,Towers with Radar,983,18,5,0,1006,0,19,29,0,48,983,37,34,0,1054,0,0,0,1054
07/31/2021,JFK,NY,AEA,EN,Towers with Radar,898,7,9,0,914,0,3,7,0,10,898,10,16,0,924,0,0,0,924
08/01/2021,JFK,NY,AEA,EN,Towers with Radar,936,12,8,0,956,0,0,21,0,21,936,12,29,0,977,0,0,0,977
08/02/2021,JFK,NY,AEA,EN,Towers with Radar,912,11,6,0,929,0,0,30,0,30,912,11,36,0,959,0,0,0,959
08/03/2021,JFK,NY,AEA,EN,Towers with Radar,864,12,5,0,881,0,17,10,0,27,864,29,15,0,908,0,0,0,908
08/04/2021,JFK,NY,AEA,EN,Towers with Radar,905,6,9,0,920,0,13,24,0,37,905,19,33,0,957,0,0,0,957
08/05/2021,JFK,NY,AEA,EN,Towers with Radar,946,14,12,0,972,0,5,28,0,33,946,19,40,0,1005,0,0,0,1005
08/06/2021,JFK,NY,AEA,EN,Towers with Radar,955,9,0,0,964,0,12,22,0,34,955,21,22,0,998,0,0,0,998
08/07/2021,JFK,NY,AEA,EN,Towers with Radar,868,23,8,0,899,0,4,7,0,11,868,27,15,0,910,0,0,0,910
08/08/2021,JFK,NY,AEA,EN,Towers with Radar,950,26,9,0,985,0,0,12,0,12,950,26,21,0,997,0,0,0,997
08/09/2021,JFK,NY,AEA,EN,Towers with Radar,897,8,11,0,916,0,4,8,0,12,897,12,19,0,928,0,0,0,928
08/10/2021,JFK,NY,AEA,EN,Towers with Radar,892,17,10,0,919,0,5,20,0,25,892,22,30,0,944,0,0,0,944
08/11/2021,JFK,NY,AEA,EN,Towers with Radar,891,11,7,0,909,0,4,23,0,27,891,15,30,0,936,0,0,0,936
08/12/2021,JFK,NY,AEA,EN,Towers with Radar,954,10,8,0,972,0,4,35,0,39,954,14,43,0,1011,0,0,0,1011
08/13/2021,JFK,NY,AEA,EN,Towers with Radar,968,11,5,0,984,0,4,24,0,28,968,15,29,0,1012,0,0,0,1012
08/14/2021,JFK,NY,AEA,EN,Towers with Radar,909,13,1,0,923,0,4,8,0,12,909,17,9,0,935,0,0,0,935
08/15/2021,JFK,NY,AEA,EN,Towers with Radar,947,19,5,0,971,0,5,18,0,23,947,24,23,0,994,0,0,0,994
08/16/2021,JFK,NY,AEA,EN,Towers with Radar,917,14,4,0,935,0,7,24,0,31,917,21,28,0,966,0,0,0,966
08/17/2021,JFK,NY,AEA,EN,Towers with Radar,878,13,7,0,898,0,4,18,0,22,878,17,25,0,920,0,0,0,920
08/18/2021,JFK,NY,AEA,EN,Towers with Radar,900,12,11,0,923,0,8,28,0,36,900,20,39,0,959,0,0,0,959
08/19/2021,JFK,NY,AEA,EN,Towers with Radar,973,18,2,0,993,0,6,25,2,33,973,24,27,2,1026,0,0,0,1026
08/20/2021,JFK,NY,AEA,EN,Towers with Radar,982,18,4,0,1004,0,7,37,0,44,982,25,41,0,1048,0,0,0,1048
08/21/2021,JFK,NY,AEA,EN,Towers with Radar,893,19,7,0,919,0,1,1,0,2,893,20,8,0,921,0,0,0,921
08/22/2021,JFK,NY,AEA,EN,Towers with Radar,850,1,3,2,856,0,1,0,0,1,850,2,3,2,857,0,0,0,857
08/23/2021,JFK,NY,AEA,EN,Towers with Radar,948,12,9,3,972,0,4,3,1,8,948,16,12,4,980,0,0,0,980
08/24/2021,JFK,NY,AEA,EN,Towers with Radar,901,21,5,0,927,0,18,13,0,31,901,39,18,0,958,0,0,0,958
08/25/2021,JFK,NY,AEA,EN,Towers with Radar,906,11,8,0,925,0,16,21,0,37,906,27,29,0,962,0,0,0,962
08/26/2021,JFK,NY,AEA,EN,Towers with Radar,965,19,9,0,993,0,17,14,1,32,965,36,23,1,1025,0,0,0,1025
08/27/2021,JFK,NY,AEA,EN,Towers with Radar,969,11,1,1,982,0,5,25,2,32,969,16,26,3,1014,0,0,0,1014
08/28/2021,JFK,NY,AEA,EN,Towers with Radar,911,21,5,0,937,1,1,3,0,5,912,22,8,0,942,0,0,0,942
08/29/2021,JFK,NY,AEA,EN,Towers with Radar,961,16,8,0,985,0,2,15,1,18,961,18,23,1,1003,0,0,0,1003
08/30/2021,JFK,NY,AEA,EN,Towers with Radar,937,10,2,0,949,0,8,14,0,22,937,18,16,0,971,0,0,0,971
08/31/2021,JFK,NY,AEA,EN,Towers with Radar,890,17,10,0,917,0,4,27,4,35,890,21,37,4,952,0,0,0,952
09/01/2021,JFK,NY,AEA,EN,Towers with Radar,779,7,2,0,788,0,5,7,0,12,779,12,9,0,800,0,0,0,800
09/02/2021,JFK,NY,AEA,EN,Towers with Radar,987,36,13,0,1036,0,13,18,2,33,987,49,31,2,1069,0,0,0,1069
09/03/2021,JFK,NY,AEA,EN,Towers with Radar,979,7,15,0,1001,0,20,42,0,62,979,27,57,0,1063,0,0,0,1063
09/04/2021,JFK,NY,AEA,EN,Towers with Radar,879,8,6,0,893,0,0,4,0,4,879,8,10,0,897,0,0,0,897
09/05/2021,JFK,NY,AEA,EN,Towers with Radar,897,10,5,2,914,0,2,16,1,19,897,12,21,3,933,0,0,0,933
09/06/2021,JFK,NY,AEA,EN,Towers with Radar,886,2,10,2,900,0,1,48,4,53,886,3,58,6,953,0,0,0,953
09/07/2021,JFK,NY,AEA,EN,Towers with Radar,849,4,7,6,866,0,8,6,1,15,849,12,13,7,881,0,0,0,881
09/08/2021,JFK,NY,AEA,EN,Towers with Radar,857,10,10,1,878,0,5,28,4,37,857,15,38,5,915,0,0,0,915
09/09/2021,JFK,NY,AEA,EN,Towers with Radar,915,9,14,2,940,0,10,8,0,18,915,19,22,2,958,0,0,0,958
09/10/2021,JFK,NY,AEA,EN,Towers with Radar,950,20,15,2,987,0,4,29,0,33,950,24,44,2,1020,0,0,0,1020
09/11/2021,JFK,NY,AEA,EN,Towers with Radar,857,8,2,5,872,0,2,11,1,14,857,10,13,6,886,0,0,0,886
09/12/2021,JFK,NY,AEA,EN,Towers with Radar,918,38,24,4,984,0,2,33,0,35,918,40,57,4,1019,0,0,0,1019
09/13/2021,JFK,NY,AEA,EN,Towers with Radar,917,11,8,0,936,0,12,18,2,32,917,23,26,2,968,0,0,0,968
09/14/2021,JFK,NY,AEA,EN,Towers with Radar,829,13,8,0,850,0,9,27,2,38,829,22,35,2,888,0,0,0,888
09/15/2021,JFK,NY,AEA,EN,Towers with Radar,836,16,8,0,860,0,6,23,0,29,836,22,31,0,889,0,0,0,889
09/16/2021,JFK,NY,AEA,EN,Towers with Radar,901,13,6,2,922,0,20,20,0,40,901,33,26,2,962,0,0,0,962
09/17/2021,JFK,NY,AEA,EN,Towers with Radar,922,10,8,0,940,0,8,20,0,28,922,18,28,0,968,0,0,0,968
09/18/2021,JFK,NY,AEA,EN,Towers with Radar,864,20,10,4,898,0,1,11,9,21,864,21,21,13,919,0,0,0,919
09/19/2021,JFK,NY,AEA,EN,Towers with Radar,945,20,23,2,990,0,7,10,0,17,945,27,33,2,1007,0,0,0,1007
09/20/2021,JFK,NY,AEA,EN,Towers with Radar,917,14,8,3,942,0,4,0,3,7,917,18,8,6,949,0,0,0,949
09/21/2021,JFK,NY,AEA,EN,Towers with Radar,835,11,8,5,859,0,6,6,3,15,835,17,14,8,874,0,0,0,874
09/22/2021,JFK,NY,AEA,EN,Towers with Radar,872,6,3,7,888,0,4,22,0,26,872,10,25,7,914,0,0,0,914
09/23/2021,JFK,NY,AEA,EN,Towers with Radar,729,14,12,4,759,0,4,22,0,26,729,18,34,4,785,0,0,0,785
09/24/2021,JFK,NY,AEA,EN,Towers with Radar,987,10,8,7,1012,0,2,35,2,39,987,12,43,9,1051,0,0,0,1051
09/25/2021,JFK,NY,AEA,EN,Towers with Radar,853,20,10,6,889,0,0,11,0,11,853,20,21,6,900,0,0,0,900
09/26/2021,JFK,NY,AEA,EN,Towers with Radar,918,29,12,0,959,0,0,17,0,17,918,29,29,0,976,0,0,0,976
09/27/2021,JFK,NY,AEA,EN,Towers with Radar,900,10,8,0,918,0,10,16,0,26,900,20,24,0,944,0,0,0,944
09/28/2021,JFK,NY,AEA,EN,Towers with Radar,817,8,2,0,827,0,14,13,0,27,817,22,15,0,854,0,0,0,854
09/29/2021,JFK,NY,AEA,EN,Towers with Radar,855,17,5,0,877,0,18,22,0,40,855,35,27,0,917,0,0,0,917
09/30/2021,JFK,NY,AEA,EN,Towers with Radar,919,9,5,2,935,0,26,25,0,51,919,35,30,2,986,0,0,0,986
10/01/2021,JFK,NY,AEA,EN,Towers with Radar,912,13,13,2,940,0,24,15,0,39,912,37,28,2,979,0,0,0,979
10/02/2021,JFK,NY,AEA,EN,Towers with Radar,842,11,6,0,859,0,8,3,0,11,842,19,9,0,870,0,0,0,870
10/03/2021,JFK,NY,AEA,EN,Towers with Radar,916,16,10,0,942,0,9,16,0,25,916,25,26,0,967,0,0,0,967
10/04/2021,JFK,NY,AEA,EN,Towers with Radar,901,16,6,0,923,0,0,0,0,0,901,16,6,0,923,0,0,0,923
10/05/2021,JFK,NY,AEA,EN,Towers with Radar,816,11,2,0,829,0,4,17,0,21,816,15,19,0,850,0,0,0,850
10/06/2021,JFK,NY,AEA,EN,Towers with Radar,837,11,3,0,851,0,5,23,0,28,837,16,26,0,879,0,0,0,879
10/07/2021,JFK,NY,AEA,EN,Towers with Radar,892,15,13,0,920,0,6,29,0,35,892,21,42,0,955,0,0,0,955
10/08/2021,JFK,NY,AEA,EN,Towers with Radar,888,14,11,0,913,0,14,26,0,40,888,28,37,0,953,0,0,0,953
10/09/2021,JFK,NY,AEA,EN,Towers with Radar,852,12,11,0,875,0,0,4,0,4,852,12,15,0,879,0,0,0,879
10/10/2021,JFK,NY,AEA,EN,Towers with Radar,904,12,10,0,926,0,0,8,0,8,904,12,18,0,934,0,0,0,934
10/11/2021,JFK,NY,AEA,EN,Towers with Radar,894,8,8,0,910,0,13,15,1,29,894,21,23,1,939,0,0,0,939
10/12/2021,JFK,NY,AEA,EN,Towers with Radar,833,14,10,0,857,0,26,26,0,52,833,40,36,0,909,0,0,0,909
10/13/2021,JFK,NY,AEA,EN,Towers with Radar,841,18,14,3,876,0,13,20,0,33,841,31,34,3,909,0,0,0,909
10/14/2021,JFK,NY,AEA,EN,Towers with Radar,908,12,7,0,927,0,19,25,0,44,908,31,32,0,971,0,0,0,971
10/15/2021,JFK,NY,AEA,EN,Towers with Radar,897,20,4,1,922,0,20,17,0,37,897,40,21,1,959,0,0,0,959
10/16/2021,JFK,NY,AEA,EN,Towers with Radar,843,13,13,0,869,0,0,3,0,3,843,13,16,0,872,0,0,0,872
10/17/2021,JFK,NY,AEA,EN,Towers with Radar,903,15,11,0,929,0,6,7,0,13,903,21,18,0,942,0,0,0,942
10/18/2021,JFK,NY,AEA,EN,Towers with Radar,891,16,5,0,912,0,3,26,0,29,891,19,31,0,941,0,0,0,941
10/19/2021,JFK,NY,AEA,EN,Towers with Radar,817,12,10,0,839,0,5,24,0,29,817,17,34,0,868,0,0,0,868
10/20/2021,JFK,NY,AEA,EN,Towers with Radar,824,12,14,0,850,0,9,33,0,42,824,21,47,0,892,0,0,0,892
10/21/2021,JFK,NY,AEA,EN,Towers with Radar,890,16,6,0,912,0,4,52,0,56,890,20,58,0,968,0,0,0,968
10/22/2021,JFK,NY,AEA,EN,Towers with Radar,905,16,6,0,927,0,4,51,2,57,905,20,57,2,984,0,0,0,984
10/23/2021,JFK,NY,AEA,EN,Towers with Radar,846,6,4,0,856,0,0,4,0,4,846,6,8,0,860,0,0,0,860
10/24/2021,JFK,NY,AEA,EN,Towers with Radar,886,10,12,0,908,0,0,20,2,22,886,10,32,2,930,0,0,0,930
10/25/2021,JFK,NY,AEA,EN,Towers with Radar,848,8,9,0,865,0,8,10,0,18,848,16,19,0,883,0,0,0,883
10/26/2021,JFK,NY,AEA,EN,Towers with Radar,851,4,5,0,860,0,4,0,0,4,851,8,5,0,864,0,0,0,864
10/27/2021,JFK,NY,AEA,EN,Towers with Radar,839,5,8,0,852,0,21,20,0,41,839,26,28,0,893,0,0,0,893
10/28/2021,JFK,NY,AEA,EN,Towers with Radar,900,8,10,0,918,0,18,17,2,37,900,26,27,2,955,0,0,0,955
10/29/2021,JFK,NY,AEA,EN,Towers with Radar,880,12,5,0,897,0,21,23,0,44,880,33,28,0,941,0,0,0,941
10/30/2021,JFK,NY,AEA,EN,Towers with Radar,846,11,5,0,862,0,3,0,0,3,846,14,5,0,865,0,0,0,865
10/31/2021,JFK,NY,AEA,EN,Towers with Radar,832,15,9,3,859,0,1,14,0,15,832,16,23,3,874,0,0,0,874
11/01/2021,JFK,NY,AEA,EN,Towers with Radar,882,9,10,4,905,0,0,27,0,27,882,9,37,4,932,0,0,0,932
11/02/2021,JFK,NY,AEA,EN,Towers with Radar,987,5,9,0,1001,0,16,22,2,40,987,21,31,2,1041,0,0,0,1041
11/03/2021,JFK,NY,AEA,EN,Towers with Radar,1004,7,13,2,1026,0,8,28,0,36,1004,15,41,2,1062,0,0,0,1062
11/04/2021,JFK,NY,AEA,EN,Towers with Radar,1079,12,13,0,1104,0,15,31,0,46,1079,27,44,0,1150,0,0,0,1150
11/05/2021,JFK,NY,AEA,EN,Towers with Radar,1055,10,6,2,1073,0,28,16,0,44,1055,38,22,2,1117,0,0,0,1117
11/06/2021,JFK,NY,AEA,EN,Towers with Radar,1014,14,4,0,1032,0,4,3,0,7,1014,18,7,0,1039,0,0,0,1039
11/07/2021,JFK,NY,AEA,EN,Towers with Radar,1113,12,8,0,1133,0,6,18,0,24,1113,18,26,0,1157,0,0,0,1157
11/08/2021,JFK,NY,AEA,EN,Towers with Radar,1090,11,7,0,1108,0,14,36,0,50,1090,25,43,0,1158,0,0,0,1158
11/09/2021,JFK,NY,AEA,EN,Towers with Radar,1045,11,7,1,1064,1,19,23,0,43,1046,30,30,1,1107,0,0,0,1107
11/10/2021,JFK,NY,AEA,EN,Towers with Radar,1046,9,6,1,1062,0,24,24,0,48,1046,33,30,1,1110,0,0,0,1110
11/11/2021,JFK,NY,AEA,EN,Towers with Radar,1136,22,4,1,1163,0,29,26,0,55,1136,51,30,1,1218,0,0,0,1218
11/12/2021,JFK,NY,AEA,EN,Towers with Radar,1115,13,3,0,1131,0,11,22,0,33,1115,24,25,0,1164,0,0,0,1164
11/13/2021,JFK,NY,AEA,EN,Towers with Radar,1041,10,7,0,1058,0,0,2,0,2,1041,10,9,0,1060,0,0,0,1060
11/14/2021,JFK,NY,AEA,EN,Towers with Radar,1127,20,9,0,1156,0,5,15,1,21,1127,25,24,1,1177,0,0,0,1177
11/15/2021,JFK,NY,AEA,EN,Towers with Radar,1104,6,3,0,1113,0,9,24,0,33,1104,15,27,0,1146,0,0,0,1146
11/16/2021,JFK,NY,AEA,EN,Towers with Radar,1049,9,9,0,1067,0,4,29,0,33,1049,13,38,0,1100,0,0,0,1100
11/17/2021,JFK,NY,AEA,EN,Towers with Radar,1039,15,13,0,1067,0,7,34,0,41,1039,22,47,0,1108,0,0,0,1108
11/18/2021,JFK,NY,AEA,EN,Towers with Radar,1135,11,9,0,1155,0,20,19,0,39,1135,31,28,0,1194,0,0,0,1194
11/19/2021,JFK,NY,AEA,EN,Towers with Radar,1110,10,4,0,1124,0,7,42,0,49,1110,17,46,0,1173,0,0,0,1173
11/20/2021,JFK,NY,AEA,EN,Towers with Radar,1075,8,5,0,1088,0,1,21,0,22,1075,9,26,0,1110,0,0,0,1110
11/21/2021,JFK,NY,AEA,EN,Towers with Radar,1131,5,16,0,1152,0,1,12,0,13,1131,6,28,0,1165,0,0,0,1165
11/22/2021,JFK,NY,AEA,EN,Towers with Radar,1105,9,9,0,1123,0,18,17,0,35,1105,27,26,0,1158,0,0,0,1158
11/23/2021,JFK,NY,AEA,EN,Towers with Radar,1107,22,15,0,1144,0,25,13,2,40,1107,47,28,2,1184,0,0,0,1184
11/24/2021,JFK,NY,AEA,EN,Towers with Radar,1097,10,13,0,1120,0,30,9,2,41,1097,40,22,2,1161,0,0,0,1161
11/25/2021,JFK,NY,AEA,EN,Towers with Radar,782,6,0,0,788,0,4,8,0,12,782,10,8,0,800,0,0,0,800
11/26/2021,JFK,NY,AEA,EN,Towers with Radar,905,7,10,0,922,0,11,17,0,28,905,18,27,0,950,0,0,0,950
11/27/2021,JFK,NY,AEA,EN,Towers with Radar,1081,16,12,0,1109,0,0,0,0,0,1081,16,12,0,1109,0,0,0,1109
11/28/2021,JFK,NY,AEA,EN,Towers with Radar,1130,24,15,0,1169,0,0,22,0,22,1130,24,37,0,1191,0,0,0,1191
11/29/2021,JFK,NY,AEA,EN,Towers with Radar,1127,16,22,0,1165,0,4,33,0,37,1127,20,55,0,1202,0,0,0,1202
11/30/2021,JFK,NY,AEA,EN,Towers with Radar,1071,11,13,0,1095,0,6,29,0,35,1071,17,42,0,1130,0,0,0,1130
12/01/2021,JFK,NY,AEA,EN,Towers with Radar,1061,7,7,0,1075,0,6,41,0,47,1061,13,48,0,1122,0,0,0,1122
12/02/2021,JFK,NY,AEA,EN,Towers with Radar,1158,10,9,0,1177,0,22,22,0,44,1158,32,31,0,1221,0,0,0,1221
12/03/2021,JFK,NY,AEA,EN,Towers with Radar,1150,16,8,1,1175,0,27,18,0,45,1150,43,26,1,1220,0,0,0,1220
12/04/2021,JFK,NY,AEA,EN,Towers with Radar,1072,13,4,1,1090,0,1,6,0,7,1072,14,10,1,1097,0,0,0,1097
12/05/2021,JFK,NY,AEA,EN,Towers with Radar,1153,9,9,0,1171,0,5,16,0,21,1153,14,25,0,1192,0,0,0,1192
12/06/2021,JFK,NY,AEA,EN,Towers with Radar,1136,7,9,0,1152,0,0,0,0,0,1136,7,9,0,1152,0,0,0,1152
12/07/2021,JFK,NY,AEA,EN,Towers with Radar,1071,11,4,0,1086,0,24,16,0,40,1071,35,20,0,1126,0,0,0,1126
12/08/2021,JFK,NY,AEA,EN,Towers with Radar,1073,7,7,1,1088,0,24,16,0,40,1073,31,23,1,1128,0,0,0,1128
12/09/2021,JFK,NY,AEA,EN,Towers with Radar,1166,12,16,1,1195,1,32,21,0,54,1167,44,37,1,1249,0,0,0,1249
12/10/2021,JFK,NY,AEA,EN,Towers with Radar,1163,9,18,0,1190,0,26,19,0,45,1163,35,37,0,1235,0,0,0,1235
12/11/2021,JFK,NY,AEA,EN,Towers with Radar,1080,10,4,0,1094,0,0,0,0,0,1080,10,4,0,1094,0,0,0,1094
12/12/2021,JFK,NY,AEA,EN,Towers with Radar,1156,5,4,0,1165,0,1,14,0,15,1156,6,18,0,1180,0,0,0,1180
12/13/2021,JFK,NY,AEA,EN,Towers with Radar,1140,9,6,0,1155,0,1,35,2,38,1140,10,41,2,1193,0,0,0,1193
12/14/2021,JFK,NY,AEA,EN,Towers with Radar,1097,5,7,0,1109,0,29,16,0,45,1097,34,23,0,1154,0,0,0,1154
12/15/2021,JFK,NY,AEA,EN,Towers with Radar,1085,7,10,0,1102,0,8,27,0,35,1085,15,37,0,1137,0,0,0,1137
12/16/2021,JFK,NY,AEA,EN,Towers with Radar,1175,8,9,0,1192,0,4,37,2,43,1175,12,46,2,1235,0,0,0,1235
12/17/2021,JFK,NY,AEA,EN,Towers with Radar,1169,10,1,0,1180,0,5,36,0,41,1169,15,37,0,1221,0,0,0,1221
12/18/2021,JFK,NY,AEA,EN,Towers with Radar,1141,10,11,0,1162,0,2,0,0,2,1141,12,11,0,1164,0,0,0,1164
12/19/2021,JFK,NY,AEA,EN,Towers with Radar,1171,3,5,1,1180,0,2,14,0,16,1171,5,19,1,1196,0,0,0,1196
12/20/2021,JFK,NY,AEA,EN,Towers with Radar,1155,6,8,1,1170,0,16,6,0,22,1155,22,14,1,1192,0,0,0,1192
12/21/2021,JFK,NY,AEA,EN,Towers with Radar,1143,4,2,1,1150,0,14,16,0,30,1143,18,18,1,1180,0,0,0,1180
12/22/2021,JFK,NY,AEA,EN,Towers with Radar,1149,10,1,0,1160,0,4,16,0,20,1149,14,17,0,1180,0,0,0,1180
12/23/2021,JFK,NY,AEA,EN,Towers with Radar,1173,12,4,0,1189,0,24,23,0,47,1173,36,27,0,1236,0,0,0,1236
12/24/2021,JFK,NY,AEA,EN,Towers with Radar,931,4,9,1,945,0,18,1,0,19,931,22,10,1,964,0,0,0,964
12/25/2021,JFK,NY,AEA,EN,Towers with Radar,827,8,3,0,838,0,2,1,0,3,827,10,4,0,841,0,0,0,841
12/26/2021,JFK,NY,AEA,EN,Towers with Radar,907,9,3,0,919,1,0,7,0,8,908,9,10,0,927,0,0,0,927
12/27/2021,JFK,NY,AEA,EN,Towers with Radar,943,3,5,0,951,0,12,2,0,14,943,15,7,0,965,0,0,0,965
12/28/2021,JFK,NY,AEA,EN,Towers with Radar,932,5,9,0,946,0,1,28,2,31,932,6,37,2,977,0,0,0,977
12/29/2021,JFK,NY,AEA,EN,Towers with Radar,951,5,3,0,959,0,4,0,0,4,951,9,3,0,963,0,0,0,963
12/30/2021,JFK,NY,AEA,EN,Towers with Radar,957,9,14,0,980,0,4,8,0,12,957,13,22,0,992,0,0,0,992
12/31/2021,JFK,NY,AEA,EN,Towers with Radar,877,4,9,0,890,0,6,0,0,6,877,10,9,0,896,0,0,0,896
01/01/2022,JFK,NY,AEA,EN,Towers with Radar,838,13,8,0,859,0,0,0,0,0,838,13,8,0,859,0,0,0,859
01/02/2022,JFK,NY,AEA,EN,Towers with Radar,1003,17,11,0,1031,0,8,4,1,13,1003,25,15,1,1044,0,0,0,1044
01/03/2022,JFK,NY,AEA,EN,Towers with Radar,1005,11,8,1,1025,0,14,0,0,14,1005,25,8,1,1039,0,0,0,1039
01/04/2022,JFK,NY,AEA,EN,Towers with Radar,1081,9,13,0,1103,0,21,4,0,25,1081,30,17,0,1128,0,0,0,1128
01/05/2022,JFK,NY,AEA,EN,Towers with Radar,1112,8,1,0,1121,0,8,0,0,8,1112,16,1,0,1129,0,0,0,1129
01/06/2022,JFK,NY,AEA,EN,Towers with Radar,1090,12,6,1,1109,0,12,2,0,14,1090,24,8,1,1123,0,0,0,1123
01/07/2022,JFK,NY,AEA,EN,Towers with Radar,863,5,4,0,872,0,3,12,0,15,863,8,16,0,887,0,0,0,887
01/08/2022,JFK,NY,AEA,EN,Towers with Radar,1108,15,2,0,1125,0,0,2,0,2,1108,15,4,0,1127,0,0,0,1127
01/09/2022,JFK,NY,AEA,EN,Towers with Radar,1124,12,4,0,1140,0,0,0,0,0,1124,12,4,0,1140,0,0,0,1140
01/10/2022,JFK,NY,AEA,EN,Towers with Radar,1109,13,0,0,1122,0,8,6,2,16,1109,21,6,2,1138,0,0,0,1138
01/11/2022,JFK,NY,AEA,EN,Towers with Radar,1132,8,1,0,1141,1,8,20,0,29,1133,16,21,0,1170,0,0,0,1170
01/12/2022,JFK,NY,AEA,EN,Towers with Radar,1116,4,3,1,1124,0,10,10,2,22,1116,14,13,3,1146,0,0,0,1146
01/13/2022,JFK,NY,AEA,EN,Towers with Radar,1148,10,4,2,1164,0,5,17,0,22,1148,15,21,2,1186,0,0,0,1186
01/14/2022,JFK,NY,AEA,EN,Towers with Radar,1150,7,3,1,1161,0,16,17,0,33,1150,23,20,1,1194,0,0,0,1194
01/15/2022,JFK,NY,AEA,EN,Towers with Radar,1106,6,5,0,1117,0,0,3,0,3,1106,6,8,0,1120,0,0,0,1120
01/16/2022,JFK,NY,AEA,EN,Towers with Radar,1064,6,6,0,1076,0,1,11,0,12,1064,7,17,0,1088,0,0,0,1088
01/17/2022,JFK,NY,AEA,EN,Towers with Radar,1094,4,2,0,1100,0,7,7,0,14,1094,11,9,0,1114,0,0,0,1114
01/18/2022,JFK,NY,AEA,EN,Towers with Radar,1146,5,5,0,1156,0,12,20,0,32,1146,17,25,0,1188,0,0,0,1188
01/19/2022,JFK,NY,AEA,EN,Towers with Radar,1105,8,9,3,1125,0,11,16,0,27,1105,19,25,3,1152,0,0,0,1152
01/20/2022,JFK,NY,AEA,EN,Towers with Radar,1130,11,3,1,1145,0,6,12,0,18,1130,17,15,1,1163,0,0,0,1163
01/21/2022,JFK,NY,AEA,EN,Towers with Radar,1113,11,0,0,1124,0,6,20,2,28,1113,17,20,2,1152,0,0,0,1152
01/22/2022,JFK,NY,AEA,EN,Towers with Radar,1110,13,4,0,1127,0,2,0,0,2,1110,15,4,0,1129,0,0,0,1129
01/23/2022,JFK,NY,AEA,EN,Towers with Radar,1135,7,4,0,1146,0,1,10,0,11,1135,8,14,0,1157,0,0,0,1157
01/24/2022,JFK,NY,AEA,EN,Towers with Radar,1141,6,4,0,1151,0,10,12,0,22,1141,16,16,0,1173,0,0,0,1173
01/25/2022,JFK,NY,AEA,EN,Towers with Radar,1132,7,4,0,1143,0,11,7,0,18,1132,18,11,0,1161,0,0,0,1161
01/26/2022,JFK,NY,AEA,EN,Towers with Radar,1112,7,4,0,1123,0,18,10,2,30,1112,25,14,2,1153,0,0,0,1153
01/27/2022,JFK,NY,AEA,EN,Towers with Radar,1147,15,6,0,1168,0,26,14,2,42,1147,41,20,2,1210,0,0,0,1210
01/28/2022,JFK,NY,AEA,EN,Towers with Radar,953,7,8,0,968,0,6,0,0,6,953,13,8,0,974,0,0,0,974
01/29/2022,JFK,NY,AEA,EN,Towers with Radar,98,2,0,0,100,0,0,0,0,0,98,2,0,0,100,0,0,0,100
01/30/2022,JFK,NY,AEA,EN,Towers with Radar,698,21,16,0,735,0,2,11,0,13,698,23,27,0,748,0,0,0,748
01/31/2022,JFK,NY,AEA,EN,Towers with Radar,1050,5,0,2,1057,0,3,21,5,29,1050,8,21,7,1086,0,0,0,1086
02/01/2022,JFK,NY,AEA,EN,Towers with Radar,1149,11,6,0,1166,0,6,15,0,21,1149,17,21,0,1187,0,0,0,1187
02/02/2022,JFK,NY,AEA,EN,Towers with Radar,1106,5,7,2,1120,0,4,18,0,22,1106,9,25,2,1142,0,0,0,1142
02/03/2022,JFK,NY,AEA,EN,Towers with Radar,1058,5,0,4,1067,0,0,0,0,0,1058,5,0,4,1067,0,0,0,1067
02/04/2022,JFK,NY,AEA,EN,Towers with Radar,897,7,2,2,908,0,0,0,0,0,897,7,2,2,908,0,0,0,908
02/05/2022,JFK,NY,AEA,EN,Towers with Radar,1087,9,0,2,1098,0,1,2,0,3,1087,10,2,2,1101,0,0,0,1101
02/06/2022,JFK,NY,AEA,EN,Towers with Radar,1127,6,6,0,1139,0,3,22,0,25,1127,9,28,0,1164,0,0,0,1164
02/07/2022,JFK,NY,AEA,EN,Towers with Radar,1134,7,5,0,1146,0,2,0,0,2,1134,9,5,0,1148,0,0,0,1148
02/08/2022,JFK,NY,AEA,EN,Towers with Radar,1111,7,2,0,1120,0,17,10,2,29,1111,24,12,2,1149,0,0,0,1149
02/09/2022,JFK,NY,AEA,EN,Towers with Radar,1117,8,6,0,1131,0,18,18,0,36,1117,26,24,0,1167,0,0,0,1167
02/10/2022,JFK,NY,AEA,EN,Towers with Radar,1154,12,10,0,1176,0,19,45,0,64,1154,31,55,0,1240,0,0,0,1240
02/11/2022,JFK,NY,AEA,EN,Towers with Radar,1150,8,3,0,1161,0,20,13,0,33,1150,28,16,0,1194,0,0,0,1194
02/12/2022,JFK,NY,AEA,EN,Towers with Radar,1147,5,6,0,1158,0,0,2,0,2,1147,5,8,0,1160,0,0,0,1160
02/13/2022,JFK,NY,AEA,EN,Towers with Radar,1060,6,2,0,1068,0,0,0,0,0,1060,6,2,0,1068,0,0,0,1068
02/14/2022,JFK,NY,AEA,EN,Towers with Radar,1149,14,5,0,1168,0,15,19,0,34,1149,29,24,0,1202,0,0,0,1202
02/15/2022,JFK,NY,AEA,EN,Towers with Radar,1135,14,2,0,1151,0,5,31,0,36,1135,19,33,0,1187,0,0,0,1187
02/16/2022,JFK,NY,AEA,EN,Towers with Radar,1120,7,10,0,1137,0,14,18,4,36,1120,21,28,4,1173,0,0,0,1173
02/17/2022,JFK,NY,AEA,EN,Towers with Radar,1096,10,4,0,1110,0,15,16,0,31,1096,25,20,0,1141,0,0,0,1141
02/18/2022,JFK,NY,AEA,EN,Towers with Radar,1151,11,5,0,1167,0,3,29,0,32,1151,14,34,0,1199,0,0,0,1199
02/19/2022,JFK,NY,AEA,EN,Towers with Radar,1131,9,1,0,1141,0,2,2,0,4,1131,11,3,0,1145,0,0,0,1145
02/20/2022,JFK,NY,AEA,EN,Towers with Radar,1143,5,4,0,1152,0,4,10,0,14,1143,9,14,0,1166,0,0,0,1166
02/21/2022,JFK,NY,AEA,EN,Towers with Radar,1124,9,15,0,1148,0,10,15,0,25,1124,19,30,0,1173,0,0,0,1173
02/22/2022,JFK,NY,AEA,EN,Towers with Radar,1116,14,6,0,1136,0,6,0,0,6,1116,20,6,0,1142,0,0,0,1142
02/23/2022,JFK,NY,AEA,EN,Towers with Radar,1143,9,7,0,1159,0,14,12,1,27,1143,23,19,1,1186,0,0,0,1186
02/24/2022,JFK,NY,AEA,EN,Towers with Radar,1116,14,3,0,1133,0,23,16,2,41,1116,37,19,2,1174,0,0,0,1174
02/25/2022,JFK,NY,AEA,EN,Towers with Radar,1069,3,4,0,1076,0,0,12,0,12,1069,3,16,0,1088,0,0,0,1088
02/26/2022,JFK,NY,AEA,EN,Towers with Radar,1128,9,1,0,1138,0,0,3,0,3,1128,9,4,0,1141,0,0,0,1141
02/27/2022,JFK,NY,AEA,EN,Towers with Radar,1135,17,9,0,1161,0,0,13,0,13,1135,17,22,0,1174,0,0,0,1174
02/28/2022,JFK,NY,AEA,EN,Towers with Radar,1108,8,0,0,1116,0,21,18,0,39,1108,29,18,0,1155,0,0,0,1155
03/01/2022,JFK,NY,AEA,EN,Towers with Radar,1130,13,2,0,1145,0,4,24,0,28,1130,17,26,0,1173,0,0,0,1173
03/02/2022,JFK,NY,AEA,EN,Towers with Radar,1138,16,9,0,1163,0,13,30,2,45,1138,29,39,2,1208,0,0,0,1208
03/03/2022,JFK,NY,AEA,EN,Towers with Radar,1155,14,11,0,1180,0,6,35,0,41,1155,20,46,0,1221,0,0,0,1221
03/04/2022,JFK,NY,AEA,EN,Towers with Radar,1126,14,8,0,1148,0,20,16,0,36,1126,34,24,0,1184,0,0,0,1184
03/05/2022,JFK,NY,AEA,EN,Towers with Radar,1117,14,4,0,1135,0,4,3,0,7,1117,18,7,0,1142,0,0,0,1142
03/06/2022,JFK,NY,AEA,EN,Towers with Radar,1137,15,14,0,1166,0,2,14,0,16,1137,17,28,0,1182,0,0,0,1182
03/07/2022,JFK,NY,AEA,EN,Towers with Radar,1132,12,10,0,1154,0,13,8,0,21,1132,25,18,0,1175,0,0,0,1175
03/08/2022,JFK,NY,AEA,EN,Towers with Radar,1164,16,11,0,1191,0,17,11,2,30,1164,33,22,2,1221,0,0,0,1221
03/09/2022,JFK,NY,AEA,EN,Towers with Radar,1141,14,7,0,1162,0,0,0,0,0,1141,14,7,0,1162,0,0,0,1162
03/10/2022,JFK,NY,AEA,EN,Towers with Radar,1170,23,12,0,1205,0,8,17,0,25,1170,31,29,0,1230,0,0,0,1230
03/11/2022,JFK,NY,AEA,EN,Towers with Radar,1151,9,13,0,1173,0,31,19,0,50,1151,40,32,0,1223,0,0,0,1223
03/12/2022,JFK,NY,AEA,EN,Towers with Radar,1055,14,5,0,1074,0,0,0,0,0,1055,14,5,0,1074,0,0,0,1074
03/13/2022,JFK,NY,AEA,EN,Towers with Radar,1103,23,8,0,1134,0,0,10,0,10,1103,23,18,0,1144,0,0,0,1144
03/14/2022,JFK,NY,AEA,EN,Towers with Radar,1145,4,5,1,1155,0,6,24,0,30,1145,10,29,1,1185,0,0,0,1185
03/15/2022,JFK,NY,AEA,EN,Towers with Radar,1166,8,1,0,1175,0,30,9,0,39,1166,38,10,0,1214,0,0,0,1214
03/16/2022,JFK,NY,AEA,EN,Towers with Radar,1168,19,8,0,1195,0,8,31,0,39,1168,27,39,0,1234,0,0,0,1234
03/17/2022,JFK,NY,AEA,EN,Towers with Radar,1202,11,14,1,1228,0,0,2,0,2,1202,11,16,1,1230,0,0,0,1230
03/18/2022,JFK,NY,AEA,EN,Towers with Radar,1125,10,16,0,1151,0,16,12,0,28,1125,26,28,0,1179,0,0,0,1179
03/19/2022,JFK,NY,AEA,EN,Towers with Radar,1131,14,9,0,1154,0,0,3,1,4,1131,14,12,1,1158,0,0,0,1158
03/20/2022,JFK,NY,AEA,EN,Towers with Radar,1192,13,9,0,1214,0,2,9,0,11,1192,15,18,0,1225,0,0,0,1225
03/21/2022,JFK,NY,AEA,EN,Towers with Radar,1154,6,0,0,1160,0,23,8,0,31,1154,29,8,0,1191,0,0,0,1191
03/22/2022,JFK,NY,AEA,EN,Towers with Radar,1166,14,2,0,1182,0,16,21,0,37,1166,30,23,0,1219,0,0,0,1219
03/23/2022,JFK,NY,AEA,EN,Towers with Radar,1171,21,2,0,1194,0,32,1,0,33,1171,53,3,0,1227,0,0,0,1227
03/24/2022,JFK,NY,AEA,EN,Towers with Radar,1176,8,5,0,1189,0,4,0,0,4,1176,12,5,0,1193,0,0,0,1193
03/25/2022,JFK,NY,AEA,EN,Towers with Radar,1182,11,15,0,1208,0,30,11,2,43,1182,41,26,2,1251,0,0,0,1251
03/26/2022,JFK,NY,AEA,EN,Towers with Radar,1148,13,4,0,1165,0,6,0,0,6,1148,19,4,0,1171,0,0,0,1171
03/27/2022,JFK,NY,AEA,EN,Towers with Radar,1205,17,6,0,1228,0,4,17,0,21,1205,21,23,0,1249,0,0,0,1249
03/28/2022,JFK,NY,AEA,EN,Towers with Radar,1180,13,4,0,1197,0,2,40,0,42,1180,15,44,0,1239,0,0,0,1239
03/29/2022,JFK,NY,AEA,EN,Towers with Radar,1181,9,5,0,1195,0,21,15,0,36,1181,30,20,0,1231,0,0,0,1231
03/30/2022,JFK,NY,AEA,EN,Towers with Radar,1198,12,12,0,1222,0,6,20,0,26,1198,18,32,0,1248,0,0,0,1248
03/31/2022,JFK,NY,AEA,EN,Towers with Radar,1136,11,2,0,1149,0,6,18,0,24,1136,17,20,0,1173,0,0,0,1173
04/01/2022,JFK,NY,AEA,EN,Towers with Radar,1162,19,5,0,1186,0,10,25,0,35,1162,29,30,0,1221,0,0,0,1221
04/02/2022,JFK,NY,AEA,EN,Towers with Radar,1066,7,6,0,1079,0,1,5,0,6,1066,8,11,0,1085,0,0,0,1085
04/03/2022,JFK,NY,AEA,EN,Towers with Radar,1084,11,14,0,1109,0,12,0,0,12,1084,23,14,0,1121,0,0,0,1121
04/04/2022,JFK,NY,AEA,EN,Towers with Radar,1119,14,1,1,1135,0,22,10,3,35,1119,36,11,4,1170,0,0,0,1170
04/05/2022,JFK,NY,AEA,EN,Towers with Radar,1171,15,7,1,1194,0,13,11,0,24,1171,28,18,1,1218,0,0,0,1218
04/06/2022,JFK,NY,AEA,EN,Towers with Radar,1198,16,22,0,1236,0,0,0,0,0,1198,16,22,0,1236,0,0,0,1236
04/07/2022,JFK,NY,AEA,EN,Towers with Radar,1051,16,6,0,1073,0,0,0,0,0,1051,16,6,0,1073,0,0,0,1073
04/08/2022,JFK,NY,AEA,EN,Towers with Radar,1187,20,4,0,1211,0,33,7,0,40,1187,53,11,0,1251,0,0,0,1251
04/09/2022,JFK,NY,AEA,EN,Towers with Radar,1159,11,10,0,1180,0,4,0,0,4,1159,15,10,0,1184,0,0,0,1184
04/10/2022,JFK,NY,AEA,EN,Towers with Radar,1181,22,26,0,1229,0,3,11,0,14,1181,25,37,0,1243,0,0,0,1243
04/11/2022,JFK,NY,AEA,EN,Towers with Radar,1186,10,12,0,1208,0,24,4,0,28,1186,34,16,0,1236,0,0,0,1236
04/12/2022,JFK,NY,AEA,EN,Towers with Radar,1219,18,4,0,1241,0,8,26,2,36,1219,26,30,2,1277,0,0,0,1277
04/13/2022,JFK,NY,AEA,EN,Towers with Radar,1225,9,12,0,1246,0,11,24,0,35,1225,20,36,0,1281,0,0,0,1281
04/14/2022,JFK,NY,AEA,EN,Towers with Radar,1118,16,14,0,1148,0,10,30,0,40,1118,26,44,0,1188,0,0,0,1188
04/15/2022,JFK,NY,AEA,EN,Towers with Radar,1204,15,2,0,1221,0,4,37,0,41,1204,19,39,0,1262,0,0,0,1262
04/16/2022,JFK,NY,AEA,EN,Towers with Radar,1164,8,5,0,1177,0,2,0,0,2,1164,10,5,0,1179,0,0,0,1179
04/17/2022,JFK,NY,AEA,EN,Towers with Radar,1225,11,4,0,1240,0,3,14,0,17,1225,14,18,0,1257,0,0,0,1257
04/18/2022,JFK,NY,AEA,EN,Towers with Radar,1158,19,12,0,1189,0,8,18,0,26,1158,27,30,0,1215,0,0,0,1215
04/19/2022,JFK,NY,AEA,EN,Towers with Radar,1216,16,4,0,1236,0,7,21,1,29,1216,23,25,1,1265,0,0,0,1265
04/20/2022,JFK,NY,AEA,EN,Towers with Radar,1208,13,5,0,1226,0,34,30,4,68,1208,47,35,4,1294,0,0,0,1294
04/21/2022,JFK,NY,AEA,EN,Towers with Radar,1198,11,9,0,1218,0,9,32,0,41,1198,20,41,0,1259,0,0,0,1259
04/22/2022,JFK,NY,AEA,EN,Towers with Radar,1198,10,7,0,1215,0,33,3,2,38,1198,43,10,2,1253,0,0,0,1253
04/23/2022,JFK,NY,AEA,EN,Towers with Radar,1174,11,9,0,1194,0,6,4,0,10,1174,17,13,0,1204,0,0,0,1204
04/24/2022,JFK,NY,AEA,EN,Towers with Radar,1224,29,12,0,1265,0,5,14,0,19,1224,34,26,0,1284,0,0,0,1284
04/25/2022,JFK,NY,AEA,EN,Towers with Radar,1177,11,8,1,1197,0,2,29,2,33,1177,13,37,3,1230,0,0,0,1230
04/26/2022,JFK,NY,AEA,EN,Towers with Radar,1220,15,5,0,1240,0,4,8,4,16,1220,19,13,4,1256,0,0,0,1256
04/27/2022,JFK,NY,AEA,EN,Towers with Radar,1219,19,7,0,1245,0,6,38,2,46,1219,25,45,2,1291,0,0,0,1291
04/28/2022,JFK,NY,AEA,EN,Towers with Radar,1221,17,2,0,1240,0,10,35,0,45,1221,27,37,0,1285,0,0,0,1285
04/29/2022,JFK,NY,AEA,EN,Towers with Radar,1187,15,12,0,1214,0,45,5,1,51,1187,60,17,1,1265,0,0,0,1265
04/30/2022,JFK,NY,AEA,EN,Towers with Radar,1163,22,5,0,1190,0,2,13,0,15,1163,24,18,0,1205,0,0,0,1205
05/01/2022,JFK,NY,AEA,EN,Towers with Radar,1216,20,3,0,1239,0,3,15,0,18,1216,23,18,0,1257,0,0,0,1257
05/02/2022,JFK,NY,AEA,EN,Towers with Radar,1208,8,9,1,1226,0,0,0,0,0,1208,8,9,1,1226,0,0,0,1226
05/03/2022,JFK,NY,AEA,EN,Towers with Radar,1220,9,12,0,1241,0,8,28,0,36,1220,17,40,0,1277,0,0,0,1277
05/04/2022,JFK,NY,AEA,EN,Towers with Radar,1207,11,9,2,1229,0,6,2,0,8,1207,17,11,2,1237,0,0,0,1237
05/05/2022,JFK,NY,AEA,EN,Towers with Radar,1209,10,5,0,1224,0,8,35,2,45,1209,18,40,2,1269,0,0,0,1269
05/06/2022,JFK,NY,AEA,EN,Towers with Radar,1201,13,11,2,1227,0,19,5,0,24,1201,32,16,2,1251,0,0,0,1251
05/07/2022,JFK,NY,AEA,EN,Towers with Radar,1215,7,0,0,1222,0,0,0,0,0,1215,7,0,0,1222,0,0,0,1222
05/08/2022,JFK,NY,AEA,EN,Towers with Radar,1186,16,3,0,1205,0,10,0,0,10,1186,26,3,0,1215,0,0,0,1215
05/09/2022,JFK,NY,AEA,EN,Towers with Radar,1214,15,3,0,1232,0,31,4,0,35,1214,46,7,0,1267,0,0,0,1267
05/10/2022,JFK,NY,AEA,EN,Towers with Radar,1218,17,6,0,1241,0,10,29,2,41,1218,27,35,2,1282,0,0,0,1282
05/11/2022,JFK,NY,AEA,EN,Towers with Radar,1198,18,3,1,1220,0,32,3,0,35,1198,50,6,1,1255,0,0,0,1255
05/12/2022,JFK,NY,AEA,EN,Towers with Radar,1220,17,8,0,1245,0,8,25,2,35,1220,25,33,2,1280,0,0,0,1280
05/13/2022,JFK,NY,AEA,EN,Towers with Radar,1198,16,11,2,1227,0,0,0,0,0,1198,16,11,2,1227,0,0,0,1227
05/14/2022,JFK,NY,AEA,EN,Towers with Radar,1209,21,12,0,1242,0,0,0,0,0,1209,21,12,0,1242,0,0,0,1242
05/15/2022,JFK,NY,AEA,EN,Towers with Radar,1195,22,11,0,1228,0,16,6,0,22,1195,38,17,0,1250,0,0,0,1250
05/16/2022,JFK,NY,AEA,EN,Towers with Radar,1055,8,5,0,1068,0,12,0,0,12,1055,20,5,0,1080,0,0,0,1080
05/17/2022,JFK,NY,AEA,EN,Towers with Radar,1209,26,7,0,1242,0,12,32,0,44,1209,38,39,0,1286,0,0,0,1286
05/18/2022,JFK,NY,AEA,EN,Towers with Radar,1222,10,6,1,1239,0,33,3,0,36,1222,43,9,1,1275,0,0,0,1275
05/19/2022,JFK,NY,AEA,EN,Towers with Radar,1228,16,11,1,1256,0,4,15,0,19,1228,20,26,1,1275,0,0,0,1275
05/20/2022,JFK,NY,AEA,EN,Towers with Radar,1084,18,3,0,1105,0,10,3,0,13,1084,28,6,0,1118,0,0,0,1118
05/21/2022,JFK,NY,AEA,EN,Towers with Radar,1181,24,8,1,1214,0,4,7,0,11,1181,28,15,1,1225,0,0,0,1225
05/22/2022,JFK,NY,AEA,EN,Towers with Radar,1120,14,6,0,1140,0,17,8,0,25,1120,31,14,0,1165,0,0,0,1165
05/23/2022,JFK,NY,AEA,EN,Towers with Radar,1219,13,0,1,1233,0,38,2,0,40,1219,51,2,1,1273,0,0,0,1273
05/24/2022,JFK,NY,AEA,EN,Towers with Radar,1209,16,0,0,1225,0,15,32,1,48,1209,31,32,1,1273,0,0,0,1273
05/25/2022,JFK,NY,AEA,EN,Towers with Radar,1209,22,10,0,1241,0,42,7,0,49,1209,64,17,0,1290,0,0,0,1290
05/26/2022,JFK,NY,AEA,EN,Towers with Radar,1239,16,14,0,1269,0,19,41,2,62,1239,35,55,2,1331,0,0,0,1331
05/27/2022,JFK,NY,AEA,EN,Towers with Radar,1105,23,15,0,1143,0,12,2,0,14,1105,35,17,0,1157,0,0,0,1157
05/28/2022,JFK,NY,AEA,EN,Towers with Radar,1130,14,2,0,1146,0,2,2,0,4,1130,16,4,0,1150,0,0,0,1150
05/29/2022,JFK,NY,AEA,EN,Towers with Radar,1233,12,3,0,1248,0,6,11,2,19,1233,18,14,2,1267,0,0,0,1267
05/30/2022,JFK,NY,AEA,EN,Towers with Radar,1227,13,8,0,1248,0,17,17,0,34,1227,30,25,0,1282,0,0,0,1282
05/31/2022,JFK,NY,AEA,EN,Towers with Radar,1243,21,6,0,1270,0,11,31,0,42,1243,32,37,0,1312,0,0,0,1312
06/01/2022,JFK,NY,AEA,EN,Towers with Radar,1114,15,12,0,1141,0,26,0,0,26,1114,41,12,0,1167,0,0,0,1167
06/02/2022,JFK,NY,AEA,EN,Towers with Radar,1148,12,7,1,1168,0,2,20,0,22,1148,14,27,1,1190,0,0,0,1190
06/03/2022,JFK,NY,AEA,EN,Towers with Radar,1211,15,7,0,1233,0,20,7,0,27,1211,35,14,0,1260,0,0,0,1260
06/04/2022,JFK,NY,AEA,EN,Towers with Radar,1174,21,13,0,1208,0,4,1,0,5,1174,25,14,0,1213,0,0,0,1213
06/05/2022,JFK,NY,AEA,EN,Towers with Radar,1212,23,12,0,1247,0,3,15,0,18,1212,26,27,0,1265,0,0,0,1265
06/06/2022,JFK,NY,AEA,EN,Towers with Radar,1214,17,16,0,1247,0,0,33,0,33,1214,17,49,0,1280,0,0,0,1280
06/07/2022,JFK,NY,AEA,EN,Towers with Radar,1250,16,12,0,1278,0,5,34,0,39,1250,21,46,0,1317,0,0,0,1317
06/08/2022,JFK,NY,AEA,EN,Towers with Radar,1220,21,2,0,1243,0,5,28,5,38,1220,26,30,5,1281,0,0,0,1281
06/09/2022,JFK,NY,AEA,EN,Towers with Radar,1264,19,16,0,1299,0,10,31,2,43,1264,29,47,2,1342,0,0,0,1342
06/10/2022,JFK,NY,AEA,EN,Towers with Radar,1271,27,12,1,1311,0,12,38,2,52,1271,39,50,3,1363,0,0,0,1363
06/11/2022,JFK,NY,AEA,EN,Towers with Radar,1242,24,14,1,1281,0,3,16,0,19,1242,27,30,1,1300,0,0,0,1300
06/12/2022,JFK,NY,AEA,EN,Towers with Radar,1126,20,18,0,1164,0,2,22,0,24,1126,22,40,0,1188,0,0,0,1188
06/13/2022,JFK,NY,AEA,EN,Towers with Radar,1263,21,24,0,1308,0,22,8,1,31,1263,43,32,1,1339,0,0,0,1339
06/14/2022,JFK,NY,AEA,EN,Towers with Radar,1274,11,16,0,1301,0,10,39,3,52,1274,21,55,3,1353,0,0,0,1353
06/15/2022,JFK,NY,AEA,EN,Towers with Radar,1296,6,16,0,1318,0,48,7,0,55,1296,54,23,0,1373,0,0,0,1373
06/16/2022,JFK,NY,AEA,EN,Towers with Radar,1037,14,7,0,1058,0,2,36,0,38,1037,16,43,0,1096,0,0,0,1096
06/17/2022,JFK,NY,AEA,EN,Towers with Radar,1180,28,16,0,1224,1,35,22,1,59,1181,63,38,1,1283,0,0,0,1283
06/18/2022,JFK,NY,AEA,EN,Towers with Radar,1220,25,9,0,1254,0,2,7,2,11,1220,27,16,2,1265,0,0,0,1265
06/19/2022,JFK,NY,AEA,EN,Towers with Radar,1209,12,21,0,1242,0,15,14,0,29,1209,27,35,0,1271,0,0,0,1271
06/20/2022,JFK,NY,AEA,EN,Towers with Radar,1259,9,14,0,1282,0,33,15,0,48,1259,42,29,0,1330,0,0,0,1330
06/21/2022,JFK,NY,AEA,EN,Towers with Radar,1274,5,17,0,1296,0,9,39,0,48,1274,14,56,0,1344,0,0,0,1344
06/22/2022,JFK,NY,AEA,EN,Towers with Radar,1128,13,9,0,1150,0,20,5,0,25,1128,33,14,0,1175,0,0,0,1175
06/23/2022,JFK,NY,AEA,EN,Towers with Radar,1274,19,19,0,1312,0,13,49,0,62,1274,32,68,0,1374,0,0,0,1374
06/24/2022,JFK,NY,AEA,EN,Towers with Radar,1268,20,14,0,1302,0,20,33,0,53,1268,40,47,0,1355,0,0,0,1355
06/25/2022,JFK,NY,AEA,EN,Towers with Radar,1239,22,9,2,1272,1,8,9,0,18,1240,30,18,2,1290,0,0,0,1290
06/26/2022,JFK,NY,AEA,EN,Towers with Radar,1242,20,12,0,1274,0,6,22,0,28,1242,26,34,0,1302,0,0,0,1302
06/27/2022,JFK,NY,AEA,EN,Towers with Radar,1183,17,15,0,1215,0,23,6,0,29,1183,40,21,0,1244,0,0,0,1244
06/28/2022,JFK,NY,AEA,EN,Towers with Radar,1289,17,5,0,1311,0,13,47,0,60,1289,30,52,0,1371,0,0,0,1371
06/29/2022,JFK,NY,AEA,EN,Towers with Radar,1249,25,6,0,1280,0,39,19,0,58,1249,64,25,0,1338,0,0,0,1338
06/30/2022,JFK,NY,AEA,EN,Towers with Radar,1276,19,12,0,1307,0,13,45,0,58,1276,32,57,0,1365,0,0,0,1365
07/01/2022,JFK,NY,AEA,EN,Towers with Radar,1228,26,7,0,1261,0,34,28,0,62,1228,60,35,0,1323,0,0,0,1323
07/02/2022,JFK,NY,AEA,EN,Towers with Radar,1202,11,7,0,1220,0,2,2,0,4,1202,13,9,0,1224,0,0,0,1224
07/03/2022,JFK,NY,AEA,EN,Towers with Radar,1294,15,9,0,1318,0,3,10,0,13,1294,18,19,0,1331,0,0,0,1331
07/04/2022,JFK,NY,AEA,EN,Towers with Radar,1230,10,10,0,1250,0,12,5,0,17,1230,22,15,0,1267,0,0,0,1267
07/05/2022,JFK,NY,AEA,EN,Towers with Radar,1250,14,12,0,1276,0,10,38,0,48,1250,24,50,0,1324,0,0,0,1324
07/06/2022,JFK,NY,AEA,EN,Towers with Radar,1285,17,6,0,1308,0,36,18,0,54,1285,53,24,0,1362,0,0,0,1362
07/07/2022,JFK,NY,AEA,EN,Towers with Radar,1280,12,5,0,1297,0,8,33,0,41,1280,20,38,0,1338,0,0,0,1338
07/08/2022,JFK,NY,AEA,EN,Towers with Radar,1283,18,9,0,1310,0,28,21,0,49,1283,46,30,0,1359,0,0,0,1359
07/09/2022,JFK,NY,AEA,EN,Towers with Radar,1263,14,15,0,1292,0,2,11,0,13,1263,16,26,0,1305,0,0,0,1305
07/10/2022,JFK,NY,AEA,EN,Towers with Radar,1284,15,7,0,1306,0,4,18,0,22,1284,19,25,0,1328,0,0,0,1328
07/11/2022,JFK,NY,AEA,EN,Towers with Radar,1279,24,18,0,1321,0,0,53,0,53,1279,24,71,0,1374,0,0,0,1374
07/12/2022,JFK,NY,AEA,EN,Towers with Radar,1229,14,6,0,1249,0,28,8,0,36,1229,42,14,0,1285,0,0,0,1285
07/13/2022,JFK,NY,AEA,EN,Towers with Radar,1281,15,6,0,1302,0,5,43,1,49,1281,20,49,1,1351,0,0,0,1351
07/14/2022,JFK,NY,AEA,EN,Towers with Radar,1301,25,2,0,1328,0,34,27,0,61,1301,59,29,0,1389,0,0,0,1389
07/15/2022,JFK,NY,AEA,EN,Towers with Radar,1282,14,16,1,1313,0,12,60,0,72,1282,26,76,1,1385,0,0,0,1385
07/16/2022,JFK,NY,AEA,EN,Towers with Radar,1261,20,15,0,1296,0,4,12,0,16,1261,24,27,0,1312,0,0,0,1312
07/17/2022,JFK,NY,AEA,EN,Towers with Radar,1285,15,8,0,1308,0,12,17,0,29,1285,27,25,0,1337,0,0,0,1337
07/18/2022,JFK,NY,AEA,EN,Towers with Radar,1159,16,7,0,1182,1,6,4,0,11,1160,22,11,0,1193,0,0,0,1193
07/19/2022,JFK,NY,AEA,EN,Towers with Radar,1273,14,10,0,1297,0,25,24,0,49,1273,39,34,0,1346,0,0,0,1346
07/20/2022,JFK,NY,AEA,EN,Towers with Radar,1284,14,17,0,1315,0,37,30,2,69,1284,51,47,2,1384,0,0,0,1384
07/21/2022,JFK,NY,AEA,EN,Towers with Radar,1262,16,8,0,1286,0,22,22,0,44,1262,38,30,0,1330,0,0,0,1330
07/22/2022,JFK,NY,AEA,EN,Towers with Radar,1252,13,11,0,1276,0,10,52,0,62,1252,23,63,0,1338,0,0,0,1338
07/23/2022,JFK,NY,AEA,EN,Towers with Radar,1241,17,9,0,1267,0,0,14,0,14,1241,17,23,0,1281,0,0,0,1281
07/24/2022,JFK,NY,AEA,EN,Towers with Radar,1258,19,7,0,1284,0,0,20,0,20,1258,19,27,0,1304,0,0,0,1304
07/25/2022,JFK,NY,AEA,EN,Towers with Radar,1143,13,12,0,1168,0,0,16,0,16,1143,13,28,0,1184,0,0,0,1184
07/26/2022,JFK,NY,AEA,EN,Towers with Radar,1245,27,8,0,1280,0,11,43,0,54,1245,38,51,0,1334,0,0,0,1334
07/27/2022,JFK,NY,AEA,EN,Towers with Radar,1288,18,10,1,1317,0,4,59,0,63,1288,22,69,1,1380,0,0,0,1380
07/28/2022,JFK,NY,AEA,EN,Towers with Radar,1161,19,8,1,1189,0,15,22,2,39,1161,34,30,3,1228,0,0,0,1228
07/29/2022,JFK,NY,AEA,EN,Towers with Radar,1273,14,6,0,1293,0,33,33,2,68,1273,47,39,2,1361,0,0,0,1361
07/30/2022,JFK,NY,AEA,EN,Towers with Radar,1259,17,12,0,1288,0,0,15,0,15,1259,17,27,0,1303,0,0,0,1303
07/31/2022,JFK,NY,AEA,EN,Towers with Radar,1260,20,19,0,1299,0,17,14,0,31,1260,37,33,0,1330,0,0,0,1330
08/01/2022,JFK,NY,AEA,EN,Towers with Radar,1260,9,8,0,1277,0,16,9,0,25,1260,25,17,0,1302,0,0,0,1302
08/02/2022,JFK,NY,AEA,EN,Towers with Radar,1288,8,18,0,1314,0,15,25,2,42,1288,23,43,2,1356,0,0,0,1356
08/03/2022,JFK,NY,AEA,EN,Towers with Radar,1292,15,5,0,1312,0,18,27,3,48,1292,33,32,3,1360,0,0,0,1360
08/04/2022,JFK,NY,AEA,EN,Towers with Radar,1123,12,6,0,1141,0,17,52,0,69,1123,29,58,0,1210,0,0,0,1210
08/05/2022,JFK,NY,AEA,EN,Towers with Radar,1107,22,3,1,1133,0,6,64,0,70,1107,28,67,1,1203,0,0,0,1203
08/06/2022,JFK,NY,AEA,EN,Towers with Radar,1226,12,9,0,1247,0,0,3,0,3,1226,12,12,0,1250,0,0,0,1250
08/07/2022,JFK,NY,AEA,EN,Towers with Radar,1212,17,5,2,1236,0,1,23,0,24,1212,18,28,2,1260,0,0,0,1260
08/08/2022,JFK,NY,AEA,EN,Towers with Radar,1269,9,12,0,1290,0,4,36,0,40,1269,13,48,0,1330,0,0,0,1330
08/09/2022,JFK,NY,AEA,EN,Towers with Radar,1233,7,9,1,1250,0,8,36,2,46,1233,15,45,3,1296,0,0,0,1296
08/10/2022,JFK,NY,AEA,EN,Towers with Radar,1269,13,12,1,1295,0,9,45,3,57,1269,22,57,4,1352,0,0,0,1352
08/11/2022,JFK,NY,AEA,EN,Towers with Radar,1276,13,9,0,1298,0,16,43,0,59,1276,29,52,0,1357,0,0,0,1357
08/12/2022,JFK,NY,AEA,EN,Towers with Radar,1275,14,5,0,1294,0,10,35,2,47,1275,24,40,2,1341,0,0,0,1341
08/13/2022,JFK,NY,AEA,EN,Towers with Radar,1276,11,12,0,1299,0,0,13,0,13,1276,11,25,0,1312,0,0,0,1312
08/14/2022,JFK,NY,AEA,EN,Towers with Radar,1289,13,12,0,1314,0,6,27,0,33,1289,19,39,0,1347,0,0,0,1347
08/15/2022,JFK,NY,AEA,EN,Towers with Radar,1246,16,14,0,1276,0,9,34,0,43,1246,25,48,0,1319,0,0,0,1319
08/16/2022,JFK,NY,AEA,EN,Towers with Radar,1298,16,10,0,1324,0,13,50,0,63,1298,29,60,0,1387,0,0,0,1387
08/17/2022,JFK,NY,AEA,EN,Towers with Radar,1239,15,3,0,1257,0,16,55,0,71,1239,31,58,0,1328,0,0,0,1328
08/18/2022,JFK,NY,AEA,EN,Towers with Radar,1282,18,11,0,1311,0,20,44,0,64,1282,38,55,0,1375,0,0,0,1375
08/19/2022,JFK,NY,AEA,EN,Towers with Radar,1275,13,3,0,1291,0,12,43,0,55,1275,25,46,0,1346,0,0,0,1346
08/20/2022,JFK,NY,AEA,EN,Towers with Radar,1274,16,8,0,1298,0,0,6,0,6,1274,16,14,0,1304,0,0,0,1304
08/21/2022,JFK,NY,AEA,EN,Towers with Radar,1249,18,12,2,1281,0,6,11,0,17,1249,24,23,2,1298,0,0,0,1298
08/22/2022,JFK,NY,AEA,EN,Towers with Radar,1118,4,5,0,1127,0,0,20,0,20,1118,4,25,0,1147,0,0,0,1147
08/23/2022,JFK,NY,AEA,EN,Towers with Radar,1274,21,10,0,1305,0,28,7,1,36,1274,49,17,1,1341,0,0,0,1341
08/24/2022,JFK,NY,AEA,EN,Towers with Radar,1285,18,8,0,1311,0,35,23,0,58,1285,53,31,0,1369,0,0,0,1369
08/25/2022,JFK,NY,AEA,EN,Towers with Radar,1289,13,8,2,1312,0,8,49,0,57,1289,21,57,2,1369,0,0,0,1369
08/26/2022,JFK,NY,AEA,EN,Towers with Radar,1267,17,11,0,1295,1,9,37,0,47,1268,26,48,0,1342,0,0,0,1342
08/27/2022,JFK,NY,AEA,EN,Towers with Radar,1295,14,9,0,1318,0,0,4,0,4,1295,14,13,0,1322,0,0,0,1322
08/28/2022,JFK,NY,AEA,EN,Towers with Radar,1283,14,5,0,1302,0,0,23,0,23,1283,14,28,0,1325,0,0,0,1325
08/29/2022,JFK,NY,AEA,EN,Towers with Radar,1246,7,7,0,1260,0,0,50,2,52,1246,7,57,2,1312,0,0,0,1312
08/30/2022,JFK,NY,AEA,EN,Towers with Radar,1203,18,3,0,1224,0,10,36,2,48,1203,28,39,2,1272,0,0,0,1272
08/31/2022,JFK,NY,AEA,EN,Towers with Radar,1292,18,13,0,1323,0,7,39,0,46,1292,25,52,0,1369,0,0,0,1369
09/01/2022,JFK,NY,AEA,EN,Towers with Radar,1297,14,4,0,1315,0,8,45,0,53,1297,22,49,0,1368,0,0,0,1368
09/02/2022,JFK,NY,AEA,EN,Towers with Radar,1266,14,4,0,1284,0,6,57,2,65,1266,20,61,2,1349,0,0,0,1349
09/03/2022,JFK,NY,AEA,EN,Towers with Radar,1245,14,8,0,1267,0,0,2,0,2,1245,14,10,0,1269,0,0,0,1269
09/04/2022,JFK,NY,AEA,EN,Towers with Radar,1254,18,6,0,1278,0,2,10,0,12,1254,20,16,0,1290,0,0,0,1290
09/05/2022,JFK,NY,AEA,EN,Towers with Radar,1260,7,11,1,1279,0,27,21,2,50,1260,34,32,3,1329,0,0,0,1329
09/06/2022,JFK,NY,AEA,EN,Towers with Radar,1267,9,15,0,1291,0,4,2,0,6,1267,13,17,0,1297,0,0,0,1297
09/07/2022,JFK,NY,AEA,EN,Towers with Radar,1265,19,12,0,1296,0,14,25,0,39,1265,33,37,0,1335,0,0,0,1335
09/08/2022,JFK,NY,AEA,EN,Towers with Radar,1271,17,14,2,1304,0,18,50,0,68,1271,35,64,2,1372,0,0,0,1372
09/09/2022,JFK,NY,AEA,EN,Towers with Radar,1250,23,5,0,1278,0,10,58,0,68,1250,33,63,0,1346,0,0,0,1346
09/10/2022,JFK,NY,AEA,EN,Towers with Radar,1221,18,8,2,1249,0,4,8,0,12,1221,22,16,2,1261,0,0,0,1261
09/11/2022,JFK,NY,AEA,EN,Towers with Radar,1250,20,18,5,1293,0,4,11,2,17,1250,24,29,7,1310,0,0,0,1310
09/12/2022,JFK,NY,AEA,EN,Towers with Radar,1207,18,6,0,1231,0,6,21,0,27,1207,24,27,0,1258,0,0,0,1258
09/13/2022,JFK,NY,AEA,EN,Towers with Radar,1259,8,8,0,1275,0,8,6,0,14,1259,16,14,0,1289,0,0,0,1289
09/14/2022,JFK,NY,AEA,EN,Towers with Radar,1254,13,5,2,1274,0,8,26,0,34,1254,21,31,2,1308,0,0,0,1308
09/15/2022,JFK,NY,AEA,EN,Towers with Radar,1261,18,12,2,1293,0,13,14,1,28,1261,31,26,3,1321,0,0,0,1321
09/16/2022,JFK,NY,AEA,EN,Towers with Radar,1238,17,9,4,1268,1,12,22,3,38,1239,29,31,7,1306,0,0,0,1306
09/17/2022,JFK,NY,AEA,EN,Towers with Radar,1218,22,5,4,1249,0,2,19,7,28,1218,24,24,11,1277,0,0,0,1277
09/18/2022,JFK,NY,AEA,EN,Towers with Radar,1255,16,19,1,1291,0,5,23,1,29,1255,21,42,2,1320,0,0,0,1320
09/19/2022,JFK,NY,AEA,EN,Towers with Radar,1241,20,7,8,1276,0,1,33,6,40,1241,21,40,14,1316,0,0,0,1316
09/20/2022,JFK,NY,AEA,EN,Towers with Radar,1256,9,7,6,1278,0,6,24,2,32,1256,15,31,8,1310,0,0,0,1310
09/21/2022,JFK,NY,AEA,EN,Towers with Radar,1267,23,15,5,1310,0,4,1,0,5,1267,27,16,5,1315,0,0,0,1315
09/22/2022,JFK,NY,AEA,EN,Towers with Radar,1202,18,11,12,1243,0,3,7,0,10,1202,21,18,12,1253,0,0,0,1253
09/23/2022,JFK,NY,AEA,EN,Towers with Radar,1285,17,15,12,1329,0,11,11,0,22,1285,28,26,12,1351,0,0,0,1351
09/24/2022,JFK,NY,AEA,EN,Towers with Radar,1226,16,10,1,1253,0,2,8,8,18,1226,18,18,9,1271,0,0,0,1271
09/25/2022,JFK,NY,AEA,EN,Towers with Radar,1155,8,6,2,1171,0,0,8,3,11,1155,8,14,5,1182,0,0,0,1182
09/26/2022,JFK,NY,AEA,EN,Towers with Radar,1276,12,4,2,1294,0,4,1,0,5,1276,16,5,2,1299,0,0,0,1299
09/27/2022,JFK,NY,AEA,EN,Towers with Radar,1231,19,21,1,1272,0,8,23,5,36,1231,27,44,6,1308,0,0,0,1308
09/28/2022,JFK,NY,AEA,EN,Towers with Radar,1180,14,6,0,1200,0,18,35,3,56,1180,32,41,3,1256,0,0,0,1256
09/29/2022,JFK,NY,AEA,EN,Towers with Radar,1205,21,14,0,1240,0,17,27,4,48,1205,38,41,4,1288,0,0,0,1288
09/30/2022,JFK,NY,AEA,EN,Towers with Radar,1183,24,17,0,1224,0,14,32,0,46,1183,38,49,0,1270,0,0,0,1270
10/01/2022,JFK,NY,AEA,EN,Towers with Radar,1210,15,5,0,1230,0,0,0,0,0,1210,15,5,0,1230,0,0,0,1230
10/02/2022,JFK,NY,AEA,EN,Towers with Radar,1254,12,4,0,1270,0,0,0,0,0,1254,12,4,0,1270,0,0,0,1270
10/03/2022,JFK,NY,AEA,EN,Towers with Radar,1230,17,17,5,1269,0,6,26,1,33,1230,23,43,6,1302,0,0,0,1302
10/04/2022,JFK,NY,AEA,EN,Towers with Radar,1217,16,12,2,1247,0,4,0,0,4,1217,20,12,2,1251,0,0,0,1251
10/05/2022,JFK,NY,AEA,EN,Towers with Radar,1253,12,7,2,1274,0,7,4,1,12,1253,19,11,3,1286,0,0,0,1286
10/06/2022,JFK,NY,AEA,EN,Towers with Radar,1269,10,5,3,1287,0,17,37,0,54,1269,27,42,3,1341,0,0,0,1341
10/07/2022,JFK,NY,AEA,EN,Towers with Radar,1242,15,9,3,1269,0,12,56,0,68,1242,27,65,3,1337,0,0,0,1337
10/08/2022,JFK,NY,AEA,EN,Towers with Radar,1207,16,4,0,1227,0,1,11,0,12,1207,17,15,0,1239,0,0,0,1239
10/09/2022,JFK,NY,AEA,EN,Towers with Radar,1240,16,13,2,1271,0,2,20,0,22,1240,18,33,2,1293,0,0,0,1293
10/10/2022,JFK,NY,AEA,EN,Towers with Radar,1222,10,16,2,1250,0,8,40,0,48,1222,18,56,2,1298,0,0,0,1298
10/11/2022,JFK,NY,AEA,EN,Towers with Radar,1198,14,6,0,1218,0,16,30,0,46,1198,30,36,0,1264,0,0,0,1264
10/12/2022,JFK,NY,AEA,EN,Towers with Radar,1218,20,15,0,1253,0,17,41,0,58,1218,37,56,0,1311,0,0,0,1311
10/13/2022,JFK,NY,AEA,EN,Towers with Radar,1171,14,7,0,1192,0,8,22,0,30,1171,22,29,0,1222,0,0,0,1222
10/14/2022,JFK,NY,AEA,EN,Towers with Radar,1274,16,10,0,1300,0,13,40,0,53,1274,29,50,0,1353,0,0,0,1353
10/15/2022,JFK,NY,AEA,EN,Towers with Radar,1217,23,11,0,1251,0,6,5,0,11,1217,29,16,0,1262,0,0,0,1262
10/16/2022,JFK,NY,AEA,EN,Towers with Radar,1241,20,10,0,1271,0,1,19,0,20,1241,21,29,0,1291,0,0,0,1291
10/17/2022,JFK,NY,AEA,EN,Towers with Radar,1205,17,16,0,1238,0,12,26,0,38,1205,29,42,0,1276,0,0,0,1276
10/18/2022,JFK,NY,AEA,EN,Towers with Radar,1212,11,6,0,1229,0,14,47,0,61,1212,25,53,0,1290,0,0,0,1290
10/19/2022,JFK,NY,AEA,EN,Towers with Radar,1212,18,12,0,1242,0,6,47,0,53,1212,24,59,0,1295,0,0,0,1295
10/20/2022,JFK,NY,AEA,EN,Towers with Radar,1262,19,7,0,1288,0,6,62,0,68,1262,25,69,0,1356,0,0,0,1356
10/21/2022,JFK,NY,AEA,EN,Towers with Radar,1218,14,8,0,1240,0,20,46,0,66,1218,34,54,0,1306,0,0,0,1306
10/22/2022,JFK,NY,AEA,EN,Towers with Radar,1208,14,6,0,1228,0,4,0,0,4,1208,18,6,0,1232,0,0,0,1232
10/23/2022,JFK,NY,AEA,EN,Towers with Radar,1244,20,16,0,1280,0,0,19,0,19,1244,20,35,0,1299,0,0,0,1299
10/24/2022,JFK,NY,AEA,EN,Towers with Radar,1217,11,15,0,1243,0,0,0,0,0,1217,11,15,0,1243,0,0,0,1243
10/25/2022,JFK,NY,AEA,EN,Towers with Radar,1164,12,8,0,1184,0,0,0,0,0,1164,12,8,0,1184,0,0,0,1184
10/26/2022,JFK,NY,AEA,EN,Towers with Radar,1208,16,10,0,1234,0,0,9,0,9,1208,16,19,0,1243,0,0,0,1243
10/27/2022,JFK,NY,AEA,EN,Towers with Radar,1254,14,7,0,1275,0,19,53,0,72,1254,33,60,0,1347,0,0,0,1347
10/28/2022,JFK,NY,AEA,EN,Towers with Radar,1208,16,10,3,1237,0,14,39,5,58,1208,30,49,8,1295,0,0,0,1295
10/29/2022,JFK,NY,AEA,EN,Towers with Radar,1212,17,2,0,1231,0,8,8,0,16,1212,25,10,0,1247,0,0,0,1247
10/30/2022,JFK,NY,AEA,EN,Towers with Radar,1234,20,19,2,1275,0,0,24,0,24,1234,20,43,2,1299,0,0,0,1299
10/31/2022,JFK,NY,AEA,EN,Towers with Radar,1216,11,4,6,1237,0,7,26,0,33,1216,18,30,6,1270,0,0,0,1270
11/01/2022,JFK,NY,AEA,EN,Towers with Radar,1228,14,0,7,1249,0,5,24,0,29,1228,19,24,7,1278,0,0,0,1278
11/02/2022,JFK,NY,AEA,EN,Towers with Radar,1230,10,4,2,1246,0,13,39,0,52,1230,23,43,2,1298,0,0,0,1298
11/03/2022,JFK,NY,AEA,EN,Towers with Radar,1258,19,10,2,1289,0,14,44,0,58,1258,33,54,2,1347,0,0,0,1347
11/04/2022,JFK,NY,AEA,EN,Towers with Radar,1231,15,7,3,1256,0,0,29,2,31,1231,15,36,5,1287,0,0,0,1287
11/05/2022,JFK,NY,AEA,EN,Towers with Radar,1205,19,7,0,1231,0,0,11,0,11,1205,19,18,0,1242,0,0,0,1242
11/06/2022,JFK,NY,AEA,EN,Towers with Radar,1268,17,18,0,1303,0,6,27,0,33,1268,23,45,0,1336,0,0,0,1336
11/07/2022,JFK,NY,AEA,EN,Towers with Radar,1224,18,7,2,1251,0,18,37,0,55,1224,36,44,2,1306,0,0,0,1306
11/08/2022,JFK,NY,AEA,EN,Towers with Radar,1225,14,5,0,1244,0,14,35,0,49,1225,28,40,0,1293,0,0,0,1293
11/09/2022,JFK,NY,AEA,EN,Towers with Radar,1216,16,5,2,1239,0,16,40,0,56,1216,32,45,2,1295,0,0,0,1295
11/10/2022,JFK,NY,AEA,EN,Towers with Radar,1230,16,6,0,1252,0,10,62,2,74,1230,26,68,2,1326,0,0,0,1326
11/11/2022,JFK,NY,AEA,EN,Towers with Radar,1217,14,11,0,1242,0,6,14,0,20,1217,20,25,0,1262,0,0,0,1262
11/12/2022,JFK,NY,AEA,EN,Towers with Radar,1258,8,5,0,1271,0,4,0,0,4,1258,12,5,0,1275,0,0,0,1275
11/13/2022,JFK,NY,AEA,EN,Towers with Radar,1236,16,15,0,1267,0,0,22,0,22,1236,16,37,0,1289,0,0,0,1289
11/14/2022,JFK,NY,AEA,EN,Towers with Radar,1225,18,6,0,1249,0,8,42,0,50,1225,26,48,0,1299,0,0,0,1299
11/15/2022,JFK,NY,AEA,EN,Towers with Radar,1239,14,8,0,1261,0,3,33,3,39,1239,17,41,3,1300,0,0,0,1300
11/16/2022,JFK,NY,AEA,EN,Towers with Radar,1261,16,14,0,1291,0,15,23,0,38,1261,31,37,0,1329,0,0,0,1329
11/17/2022,JFK,NY,AEA,EN,Towers with Radar,1258,19,9,0,1286,0,11,50,2,63,1258,30,59,2,1349,0,0,0,1349
11/18/2022,JFK,NY,AEA,EN,Towers with Radar,1234,10,15,0,1259,0,16,62,0,78,1234,26,77,0,1337,0,0,0,1337
11/19/2022,JFK,NY,AEA,EN,Towers with Radar,1193,9,3,0,1205,0,3,11,0,14,1193,12,14,0,1219,0,0,0,1219
11/20/2022,JFK,NY,AEA,EN,Towers with Radar,1242,12,11,0,1265,0,2,20,0,22,1242,14,31,0,1287,0,0,0,1287
11/21/2022,JFK,NY,AEA,EN,Towers with Radar,1244,8,7,1,1260,0,14,37,0,51,1244,22,44,1,1311,0,0,0,1311
11/22/2022,JFK,NY,AEA,EN,Towers with Radar,1261,13,3,1,1278,0,16,36,0,52,1261,29,39,1,1330,0,0,0,1330
11/23/2022,JFK,NY,AEA,EN,Towers with Radar,1271,11,4,0,1286,0,12,43,0,55,1271,23,47,0,1341,0,0,0,1341
11/24/2022,JFK,NY,AEA,EN,Towers with Radar,877,8,2,0,887,0,1,18,0,19,877,9,20,0,906,0,0,0,906
11/25/2022,JFK,NY,AEA,EN,Towers with Radar,1017,6,2,0,1025,0,11,16,0,27,1017,17,18,0,1052,0,0,0,1052
11/26/2022,JFK,NY,AEA,EN,Towers with Radar,1230,12,10,0,1252,0,0,9,0,9,1230,12,19,0,1261,0,0,0,1261
11/27/2022,JFK,NY,AEA,EN,Towers with Radar,1215,18,16,1,1250,0,4,0,0,4,1215,22,16,1,1254,0,0,0,1254
11/28/2022,JFK,NY,AEA,EN,Towers with Radar,1294,17,5,1,1317,0,8,35,0,43,1294,25,40,1,1360,0,0,0,1360
11/29/2022,JFK,NY,AEA,EN,Towers with Radar,1240,15,11,0,1266,0,4,42,0,46,1240,19,53,0,1312,0,0,0,1312
11/30/2022,JFK,NY,AEA,EN,Towers with Radar,1259,5,2,0,1266,0,4,13,0,17,1259,9,15,0,1283,0,0,0,1283
12/01/2022,JFK,NY,AEA,EN,Towers with Radar,1281,12,4,0,1297,0,7,47,0,54,1281,19,51,0,1351,0,0,0,1351
12/02/2022,JFK,NY,AEA,EN,Towers with Radar,1251,16,11,0,1278,0,7,50,2,59,1251,23,61,2,1337,0,0,0,1337
12/03/2022,JFK,NY,AEA,EN,Towers with Radar,1221,14,2,0,1237,0,0,4,0,4,1221,14,6,0,1241,0,0,0,1241
12/04/2022,JFK,NY,AEA,EN,Towers with Radar,1240,9,7,1,1257,0,2,20,0,22,1240,11,27,1,1279,0,0,0,1279
12/05/2022,JFK,NY,AEA,EN,Towers with Radar,1223,16,5,0,1244,0,8,32,0,40,1223,24,37,0,1284,0,0,0,1284
12/06/2022,JFK,NY,AEA,EN,Towers with Radar,1249,9,7,0,1265,0,4,8,0,12,1249,13,15,0,1277,0,0,0,1277
12/07/2022,JFK,NY,AEA,EN,Towers with Radar,1247,18,4,1,1270,0,0,0,0,0,1247,18,4,1,1270,0,0,0,1270
12/08/2022,JFK,NY,AEA,EN,Towers with Radar,1267,13,14,1,1295,0,4,62,1,67,1267,17,76,2,1362,0,0,0,1362
12/09/2022,JFK,NY,AEA,EN,Towers with Radar,1245,8,11,2,1266,0,11,47,4,62,1245,19,58,6,1328,0,0,0,1328
12/10/2022,JFK,NY,AEA,EN,Towers with Radar,1228,15,9,0,1252,0,0,7,0,7,1228,15,16,0,1259,0,0,0,1259
12/11/2022,JFK,NY,AEA,EN,Towers with Radar,1248,9,14,0,1271,0,1,0,0,1,1248,10,14,0,1272,0,0,0,1272
12/12/2022,JFK,NY,AEA,EN,Towers with Radar,1230,8,5,0,1243,0,3,60,0,63,1230,11,65,0,1306,0,0,0,1306
12/13/2022,JFK,NY,AEA,EN,Towers with Radar,1252,11,8,0,1271,0,4,42,0,46,1252,15,50,0,1317,0,0,0,1317
12/14/2022,JFK,NY,AEA,EN,Towers with Radar,1246,9,10,0,1265,0,5,47,4,56,1246,14,57,4,1321,0,0,0,1321
12/15/2022,JFK,NY,AEA,EN,Towers with Radar,1224,10,16,0,1250,0,4,11,0,15,1224,14,27,0,1265,0,0,0,1265
12/16/2022,JFK,NY,AEA,EN,Towers with Radar,1300,17,7,0,1324,0,0,2,0,2,1300,17,9,0,1326,0,0,0,1326
12/17/2022,JFK,NY,AEA,EN,Towers with Radar,1273,4,13,0,1290,0,0,2,0,2,1273,4,15,0,1292,0,0,0,1292
12/18/2022,JFK,NY,AEA,EN,Towers with Radar,1284,9,5,0,1298,0,1,27,0,28,1284,10,32,0,1326,0,0,0,1326
12/19/2022,JFK,NY,AEA,EN,Towers with Radar,1265,12,20,0,1297,0,2,43,0,45,1265,14,63,0,1342,0,0,0,1342
12/20/2022,JFK,NY,AEA,EN,Towers with Radar,1274,13,7,0,1294,0,4,40,2,46,1274,17,47,2,1340,0,0,0,1340
12/21/2022,JFK,NY,AEA,EN,Towers with Radar,1274,12,9,1,1296,0,4,41,0,45,1274,16,50,1,1341,0,0,0,1341
12/22/2022,JFK,NY,AEA,EN,Towers with Radar,1243,8,9,0,1260,0,5,10,0,15,1243,13,19,0,1275,0,0,0,1275
12/23/2022,JFK,NY,AEA,EN,Towers with Radar,1072,9,2,0,1083,0,0,2,0,2,1072,9,4,0,1085,0,0,0,1085
12/24/2022,JFK,NY,AEA,EN,Towers with Radar,907,12,1,0,920,0,0,7,0,7,907,12,8,0,927,0,0,0,927
12/25/2022,JFK,NY,AEA,EN,Towers with Radar,869,8,6,0,883,0,0,9,0,9,869,8,15,0,892,0,0,0,892
12/26/2022,JFK,NY,AEA,EN,Towers with Radar,958,12,10,0,980,0,0,14,0,14,958,12,24,0,994,0,0,0,994
12/27/2022,JFK,NY,AEA,EN,Towers with Radar,1075,16,13,0,1104,0,4,24,0,28,1075,20,37,0,1132,0,0,0,1132
12/28/2022,JFK,NY,AEA,EN,Towers with Radar,1083,7,6,1,1097,0,4,25,0,29,1083,11,31,1,1126,0,0,0,1126
12/29/2022,JFK,NY,AEA,EN,Towers with Radar,1118,7,2,0,1127,0,5,15,1,21,1118,12,17,1,1148,0,0,0,1148
12/30/2022,JFK,NY,AEA,EN,Towers with Radar,1101,8,9,0,1118,0,6,11,1,18,1101,14,20,1,1136,0,0,0,1136
12/31/2022,JFK,NY,AEA,EN,Towers with Radar,1014,7,0,0,1021,0,0,0,0,0,1014,7,0,0,1021,0,0,0,1021
01/01/2023,JFK,NY,AEA,EN,Towers with Radar,1000,13,7,0,1020,0,0,21,0,21,1000,13,28,0,1041,0,0,0,1041
01/02/2023,JFK,NY,AEA,EN,Towers with Radar,1054,14,9,0,1077,0,0,24,0,24,1054,14,33,0,1101,0,0,0,1101
01/03/2023,JFK,NY,AEA,EN,Towers with Radar,1081,8,15,0,1104,1,0,0,0,1,1082,8,15,0,1105,0,0,0,1105
01/04/2023,JFK,NY,AEA,EN,Towers with Radar,1096,10,9,0,1115,0,4,35,1,40,1096,14,44,1,1155,0,0,0,1155
01/05/2023,JFK,NY,AEA,EN,Towers with Radar,1129,15,18,0,1162,0,0,10,0,10,1129,15,28,0,1172,0,0,0,1172
01/06/2023,JFK,NY,AEA,EN,Towers with Radar,1088,14,7,0,1109,0,4,14,0,18,1088,18,21,0,1127,0,0,0,1127
01/07/2023,JFK,NY,AEA,EN,Towers with Radar,1079,27,2,0,1108,0,0,8,0,8,1079,27,10,0,1116,0,0,0,1116
01/08/2023,JFK,NY,AEA,EN,Towers with Radar,1255,15,2,0,1272,0,0,17,0,17,1255,15,19,0,1289,0,0,0,1289
01/09/2023,JFK,NY,AEA,EN,Towers with Radar,1219,10,6,0,1235,0,0,39,0,39,1219,10,45,0,1274,0,0,0,1274
01/10/2023,JFK,NY,AEA,EN,Towers with Radar,1212,19,4,1,1236,0,8,25,0,33,1212,27,29,1,1269,0,0,0,1269
01/11/2023,JFK,NY,AEA,EN,Towers with Radar,1200,7,5,1,1213,0,4,33,0,37,1200,11,38,1,1250,0,0,0,1250
01/12/2023,JFK,NY,AEA,EN,Towers with Radar,1216,10,6,0,1232,0,6,25,0,31,1216,16,31,0,1263,0,0,0,1263
01/13/2023,JFK,NY,AEA,EN,Towers with Radar,1268,9,3,0,1280,0,5,33,0,38,1268,14,36,0,1318,0,0,0,1318
01/14/2023,JFK,NY,AEA,EN,Towers with Radar,1194,16,4,0,1214,0,0,3,0,3,1194,16,7,0,1217,0,0,0,1217
01/15/2023,JFK,NY,AEA,EN,Towers with Radar,1230,6,6,0,1242,0,0,23,0,23,1230,6,29,0,1265,0,0,0,1265
01/16/2023,JFK,NY,AEA,EN,Towers with Radar,1227,13,3,0,1243,0,0,27,0,27,1227,13,30,0,1270,0,0,0,1270
01/17/2023,JFK,NY,AEA,EN,Towers with Radar,1206,15,7,0,1228,0,6,34,0,40,1206,21,41,0,1268,0,0,0,1268
01/18/2023,JFK,NY,AEA,EN,Towers with Radar,1225,9,9,0,1243,0,4,39,0,43,1225,13,48,0,1286,0,0,0,1286
01/19/2023,JFK,NY,AEA,EN,Towers with Radar,1216,16,11,0,1243,0,4,0,0,4,1216,20,11,0,1247,0,0,0,1247
01/20/2023,JFK,NY,AEA,EN,Towers with Radar,1228,9,17,0,1254,0,8,38,2,48,1228,17,55,2,1302,0,0,0,1302
01/21/2023,JFK,NY,AEA,EN,Towers with Radar,1194,16,6,0,1216,0,0,5,0,5,1194,16,11,0,1221,0,0,0,1221
01/22/2023,JFK,NY,AEA,EN,Towers with Radar,1187,13,7,0,1207,0,0,12,0,12,1187,13,19,0,1219,0,0,0,1219
01/23/2023,JFK,NY,AEA,EN,Towers with Radar,1213,8,7,1,1229,0,0,0,0,0,1213,8,7,1,1229,0,0,0,1229
01/24/2023,JFK,NY,AEA,EN,Towers with Radar,1195,11,3,0,1209,0,4,40,2,46,1195,15,43,2,1255,0,0,0,1255
01/25/2023,JFK,NY,AEA,EN,Towers with Radar,1121,9,4,1,1135,0,4,0,0,4,1121,13,4,1,1139,0,0,0,1139
01/26/2023,JFK,NY,AEA,EN,Towers with Radar,1261,16,5,0,1282,0,5,37,1,43,1261,21,42,1,1325,0,0,0,1325
01/27/2023,JFK,NY,AEA,EN,Towers with Radar,1225,11,9,0,1245,0,4,45,0,49,1225,15,54,0,1294,0,0,0,1294
01/28/2023,JFK,NY,AEA,EN,Towers with Radar,1180,12,6,5,1203,0,0,4,2,6,1180,12,10,7,1209,0,0,0,1209
01/29/2023,JFK,NY,AEA,EN,Towers with Radar,1206,13,15,0,1234,0,0,16,0,16,1206,13,31,0,1250,0,0,0,1250
01/30/2023,JFK,NY,AEA,EN,Towers with Radar,1194,23,7,2,1226,0,0,30,0,30,1194,23,37,2,1256,0,0,0,1256
01/31/2023,JFK,NY,AEA,EN,Towers with Radar,1181,12,5,8,1206,0,0,3,1,4,1181,12,8,9,1210,0,0,0,1210
02/01/2023,JFK,NY,AEA,EN,Towers with Radar,1171,9,6,2,1188,0,6,32,2,40,1171,15,38,4,1228,0,0,0,1228
02/02/2023,JFK,NY,AEA,EN,Towers with Radar,1209,19,5,0,1233,0,6,44,0,50,1209,25,49,0,1283,0,0,0,1283
02/03/2023,JFK,NY,AEA,EN,Towers with Radar,1208,12,5,0,1225,0,4,32,1,37,1208,16,37,1,1262,0,0,0,1262
02/04/2023,JFK,NY,AEA,EN,Towers with Radar,1172,13,6,0,1191,0,4,5,0,9,1172,17,11,0,1200,0,0,0,1200
02/05/2023,JFK,NY,AEA,EN,Towers with Radar,1210,8,12,0,1230,0,0,22,0,22,1210,8,34,0,1252,0,0,0,1252
02/06/2023,JFK,NY,AEA,EN,Towers with Radar,1216,13,2,1,1232,0,2,44,0,46,1216,15,46,1,1278,0,0,0,1278
02/07/2023,JFK,NY,AEA,EN,Towers with Radar,1187,12,0,1,1200,0,4,55,2,61,1187,16,55,3,1261,0,0,0,1261
02/08/2023,JFK,NY,AEA,EN,Towers with Radar,1200,14,4,0,1218,0,4,39,1,44,1200,18,43,1,1262,0,0,0,1262
02/09/2023,JFK,NY,AEA,EN,Towers with Radar,1228,8,1,0,1237,0,6,46,0,52,1228,14,47,0,1289,0,0,0,1289
02/10/2023,JFK,NY,AEA,EN,Towers with Radar,1217,12,7,0,1236,0,4,37,3,44,1217,16,44,3,1280,0,0,0,1280
02/11/2023,JFK,NY,AEA,EN,Towers with Radar,1190,12,7,0,1209,0,0,4,0,4,1190,12,11,0,1213,0,0,0,1213
02/12/2023,JFK,NY,AEA,EN,Towers with Radar,1224,10,4,0,1238,0,0,12,0,12,1224,10,16,0,1250,0,0,0,1250
02/13/2023,JFK,NY,AEA,EN,Towers with Radar,1192,11,4,1,1208,0,0,31,0,31,1192,11,35,1,1239,0,0,0,1239
02/14/2023,JFK,NY,AEA,EN,Towers with Radar,1209,12,9,0,1230,0,2,36,0,38,1209,14,45,0,1268,0,0,0,1268
02/15/2023,JFK,NY,AEA,EN,Towers with Radar,1221,11,6,1,1239,0,4,44,0,48,1221,15,50,1,1287,0,0,0,1287
02/16/2023,JFK,NY,AEA,EN,Towers with Radar,1197,12,8,0,1217,0,4,28,0,32,1197,16,36,0,1249,0,0,0,1249
02/17/2023,JFK,NY,AEA,EN,Towers with Radar,1196,15,10,0,1221,0,6,19,0,25,1196,21,29,0,1246,0,0,0,1246
02/18/2023,JFK,NY,AEA,EN,Towers with Radar,1232,12,9,0,1253,0,1,7,0,8,1232,13,16,0,1261,0,0,0,1261
02/19/2023,JFK,NY,AEA,EN,Towers with Radar,1267,11,5,0,1283,0,0,15,0,15,1267,11,20,0,1298,0,0,0,1298
02/20/2023,JFK,NY,AEA,EN,Towers with Radar,1252,12,5,0,1269,0,2,21,0,23,1252,14,26,0,1292,0,0,0,1292
02/21/2023,JFK,NY,AEA,EN,Towers with Radar,1219,20,8,0,1247,0,4,34,0,38,1219,24,42,0,1285,0,0,0,1285
02/22/2023,JFK,NY,AEA,EN,Towers with Radar,1244,17,8,0,1269,0,7,13,0,20,1244,24,21,0,1289,0,0,0,1289
02/23/2023,JFK,NY,AEA,EN,Towers with Radar,1257,10,7,0,1274,0,0,0,0,0,1257,10,7,0,1274,0,0,0,1274
02/24/2023,JFK,NY,AEA,EN,Towers with Radar,1248,16,5,0,1269,0,8,55,0,63,1248,24,60,0,1332,0,0,0,1332
02/25/2023,JFK,NY,AEA,EN,Towers with Radar,1229,12,2,0,1243,0,0,0,0,0,1229,12,2,0,1243,0,0,0,1243
02/26/2023,JFK,NY,AEA,EN,Towers with Radar,1255,10,8,0,1273,0,0,11,0,11,1255,10,19,0,1284,0,0,0,1284
02/27/2023,JFK,NY,AEA,EN,Towers with Radar,1129,11,13,0,1153,0,2,25,1,28,1129,13,38,1,1181,0,0,0,1181
02/28/2023,JFK,NY,AEA,EN,Towers with Radar,1173,9,5,1,1188,0,0,0,0,0,1173,9,5,1,1188,0,0,0,1188
03/01/2023,JFK,NY,AEA,EN,Towers with Radar,1270,16,11,0,1297,0,4,42,0,46,1270,20,53,0,1343,0,0,0,1343
03/02/2023,JFK,NY,AEA,EN,Towers with Radar,1293,16,6,0,1315,1,0,30,0,31,1294,16,36,0,1346,0,0,0,1346
03/03/2023,JFK,NY,AEA,EN,Towers with Radar,1249,22,15,0,1286,0,4,26,2,32,1249,26,41,2,1318,0,0,0,1318
03/04/2023,JFK,NY,AEA,EN,Towers with Radar,1239,8,2,0,1249,0,2,0,0,2,1239,10,2,0,1251,0,0,0,1251
03/05/2023,JFK,NY,AEA,EN,Towers with Radar,1282,14,12,0,1308,0,0,11,0,11,1282,14,23,0,1319,0,0,0,1319
03/06/2023,JFK,NY,AEA,EN,Towers with Radar,1283,14,7,0,1304,0,4,33,0,37,1283,18,40,0,1341,0,0,0,1341
03/07/2023,JFK,NY,AEA,EN,Towers with Radar,1261,20,6,2,1289,0,4,35,2,41,1261,24,41,4,1330,0,0,0,1330
03/08/2023,JFK,NY,AEA,EN,Towers with Radar,1291,8,7,0,1306,0,4,43,0,47,1291,12,50,0,1353,0,0,0,1353
03/09/2023,JFK,NY,AEA,EN,Towers with Radar,1295,14,3,0,1312,0,4,45,0,49,1295,18,48,0,1361,0,0,0,1361
03/10/2023,JFK,NY,AEA,EN,Towers with Radar,1257,15,6,0,1278,0,8,40,0,48,1257,23,46,0,1326,0,0,0,1326
03/11/2023,JFK,NY,AEA,EN,Towers with Radar,1261,7,10,1,1279,0,0,4,0,4,1261,7,14,1,1283,0,0,0,1283
03/12/2023,JFK,NY,AEA,EN,Towers with Radar,1255,20,12,0,1287,0,0,21,0,21,1255,20,33,0,1308,0,0,0,1308
03/13/2023,JFK,NY,AEA,EN,Towers with Radar,1252,11,1,0,1264,0,0,0,0,0,1252,11,1,0,1264,0,0,0,1264
03/14/2023,JFK,NY,AEA,EN,Towers with Radar,1175,13,10,2,1200,0,0,0,0,0,1175,13,10,2,1200,0,0,0,1200
03/15/2023,JFK,NY,AEA,EN,Towers with Radar,1323,12,6,0,1341,0,11,31,0,42,1323,23,37,0,1383,0,0,0,1383
03/16/2023,JFK,NY,AEA,EN,Towers with Radar,1300,9,11,0,1320,0,6,50,0,56,1300,15,61,0,1376,0,0,0,1376
03/17/2023,JFK,NY,AEA,EN,Towers with Radar,1280,15,11,0,1306,0,8,49,0,57,1280,23,60,0,1363,0,0,0,1363
03/18/2023,JFK,NY,AEA,EN,Towers with Radar,1270,24,6,0,1300,0,3,7,0,10,1270,27,13,0,1310,0,0,0,1310
03/19/2023,JFK,NY,AEA,EN,Towers with Radar,1285,11,7,0,1303,0,0,18,0,18,1285,11,25,0,1321,0,0,0,1321
03/20/2023,JFK,NY,AEA,EN,Towers with Radar,1286,14,7,0,1307,0,0,39,0,39,1286,14,46,0,1346,0,0,0,1346
03/21/2023,JFK,NY,AEA,EN,Towers with Radar,1275,10,8,0,1293,0,4,37,0,41,1275,14,45,0,1334,0,0,0,1334
03/22/2023,JFK,NY,AEA,EN,Towers with Radar,1288,17,7,0,1312,0,4,39,0,43,1288,21,46,0,1355,0,0,0,1355
03/23/2023,JFK,NY,AEA,EN,Towers with Radar,1300,12,6,0,1318,0,2,24,2,28,1300,14,30,2,1346,0,0,0,1346
03/24/2023,JFK,NY,AEA,EN,Towers with Radar,1297,18,4,0,1319,0,4,41,2,47,1297,22,45,2,1366,0,0,0,1366
03/25/2023,JFK,NY,AEA,EN,Towers with Radar,1269,14,6,0,1289,0,0,0,0,0,1269,14,6,0,1289,0,0,0,1289
03/26/2023,JFK,NY,AEA,EN,Towers with Radar,1296,19,18,1,1334,0,8,11,0,19,1296,27,29,1,1353,0,0,0,1353
03/27/2023,JFK,NY,AEA,EN,Towers with Radar,1313,19,6,0,1338,0,3,34,2,39,1313,22,40,2,1377,0,0,0,1377
03/28/2023,JFK,NY,AEA,EN,Towers with Radar,1300,12,4,0,1316,0,4,36,2,42,1300,16,40,2,1358,0,0,0,1358
03/29/2023,JFK,NY,AEA,EN,Towers with Radar,1327,19,4,0,1350,0,12,28,0,40,1327,31,32,0,1390,0,0,0,1390
03/30/2023,JFK,NY,AEA,EN,Towers with Radar,1315,20,17,0,1352,0,5,45,0,50,1315,25,62,0,1402,0,0,0,1402
03/31/2023,JFK,NY,AEA,EN,Towers with Radar,1317,31,16,0,1364,0,5,40,0,45,1317,36,56,0,1409,0,0,0,1409
04/01/2023,JFK,NY,AEA,EN,Towers with Radar,1208,16,1,0,1225,0,1,1,0,2,1208,17,2,0,1227,0,0,0,1227
04/02/2023,JFK,NY,AEA,EN,Towers with Radar,1313,18,17,0,1348,0,4,17,0,21,1313,22,34,0,1369,0,0,0,1369
04/03/2023,JFK,NY,AEA,EN,Towers with Radar,1299,11,11,0,1321,0,1,44,0,45,1299,12,55,0,1366,0,0,0,1366
04/04/2023,JFK,NY,AEA,EN,Towers with Radar,1322,15,2,1,1340,0,4,37,1,42,1322,19,39,2,1382,0,0,0,1382
04/05/2023,JFK,NY,AEA,EN,Towers with Radar,1299,20,13,1,1333,0,0,0,0,0,1299,20,13,1,1333,0,0,0,1333
04/06/2023,JFK,NY,AEA,EN,Towers with Radar,1343,13,6,0,1362,0,2,33,0,35,1343,15,39,0,1397,0,0,0,1397
04/07/2023,JFK,NY,AEA,EN,Towers with Radar,1333,10,3,0,1346,0,4,34,1,39,1333,14,37,1,1385,0,0,0,1385
04/08/2023,JFK,NY,AEA,EN,Towers with Radar,1286,8,2,0,1296,0,0,5,0,5,1286,8,7,0,1301,0,0,0,1301
04/09/2023,JFK,NY,AEA,EN,Towers with Radar,1322,15,7,0,1344,0,0,22,0,22,1322,15,29,0,1366,0,0,0,1366
04/10/2023,JFK,NY,AEA,EN,Towers with Radar,1309,15,8,0,1332,0,0,38,2,40,1309,15,46,2,1372,0,0,0,1372
04/11/2023,JFK,NY,AEA,EN,Towers with Radar,1312,13,6,0,1331,0,6,46,0,52,1312,19,52,0,1383,0,0,0,1383
04/12/2023,JFK,NY,AEA,EN,Towers with Radar,1313,16,2,0,1331,0,4,51,0,55,1313,20,53,0,1386,0,0,0,1386
04/13/2023,JFK,NY,AEA,EN,Towers with Radar,1303,12,0,3,1318,0,4,47,3,54,1303,16,47,6,1372,0,0,0,1372
04/14/2023,JFK,NY,AEA,EN,Towers with Radar,1323,15,18,3,1359,0,8,56,2,66,1323,23,74,5,1425,0,0,0,1425
04/15/2023,JFK,NY,AEA,EN,Towers with Radar,1195,13,4,0,1212,0,0,4,0,4,1195,13,8,0,1216,0,0,0,1216
04/16/2023,JFK,NY,AEA,EN,Towers with Radar,1331,23,15,0,1369,0,2,10,0,12,1331,25,25,0,1381,0,0,0,1381
04/17/2023,JFK,NY,AEA,EN,Towers with Radar,1339,22,14,0,1375,0,0,37,0,37,1339,22,51,0,1412,0,0,0,1412
04/18/2023,JFK,NY,AEA,EN,Towers with Radar,1334,13,4,0,1351,0,4,43,0,47,1334,17,47,0,1398,0,0,0,1398
04/19/2023,JFK,NY,AEA,EN,Towers with Radar,1318,12,10,0,1340,0,8,29,0,37,1318,20,39,0,1377,0,0,0,1377
04/20/2023,JFK,NY,AEA,EN,Towers with Radar,1313,12,4,0,1329,0,4,59,0,63,1313,16,63,0,1392,0,0,0,1392
04/21/2023,JFK,NY,AEA,EN,Towers with Radar,1316,11,13,0,1340,0,6,46,0,52,1316,17,59,0,1392,0,0,0,1392
04/22/2023,JFK,NY,AEA,EN,Towers with Radar,1199,10,4,0,1213,0,0,4,0,4,1199,10,8,0,1217,0,0,0,1217
04/23/2023,JFK,NY,AEA,EN,Towers with Radar,1384,20,7,0,1411,0,0,18,0,18,1384,20,25,0,1429,0,0,0,1429
04/24/2023,JFK,NY,AEA,EN,Towers with Radar,1313,16,9,0,1338,0,0,37,2,39,1313,16,46,2,1377,0,0,0,1377
04/25/2023,JFK,NY,AEA,EN,Towers with Radar,1285,14,10,0,1309,0,8,42,1,51,1285,22,52,1,1360,0,0,0,1360
04/26/2023,JFK,NY,AEA,EN,Towers with Radar,1311,12,3,0,1326,0,5,54,4,63,1311,17,57,4,1389,0,0,0,1389
04/27/2023,JFK,NY,AEA,EN,Towers with Radar,1333,22,4,0,1359,0,8,47,0,55,1333,30,51,0,1414,0,0,0,1414
04/28/2023,JFK,NY,AEA,EN,Towers with Radar,1315,14,9,0,1338,0,4,47,0,51,1315,18,56,0,1389,0,0,0,1389
04/29/2023,JFK,NY,AEA,EN,Towers with Radar,1126,10,5,0,1141,0,0,0,0,0,1126,10,5,0,1141,0,0,0,1141
04/30/2023,JFK,NY,AEA,EN,Towers with Radar,1210,11,8,0,1229,0,0,0,0,0,1210,11,8,0,1229,0,0,0,1229
05/01/2023,JFK,NY,AEA,EN,Towers with Radar,1343,16,7,0,1366,0,4,38,0,42,1343,20,45,0,1408,0,0,0,1408
05/02/2023,JFK,NY,AEA,EN,Towers with Radar,1311,20,9,0,1340,0,4,35,0,39,1311,24,44,0,1379,0,0,0,1379
05/03/2023,JFK,NY,AEA,EN,Towers with Radar,1303,12,8,0,1323,0,6,45,2,53,1303,18,53,2,1376,0,0,0,1376
05/04/2023,JFK,NY,AEA,EN,Towers with Radar,1333,16,12,0,1361,0,4,46,0,50,1333,20,58,0,1411,0,0,0,1411
05/05/2023,JFK,NY,AEA,EN,Towers with Radar,1291,10,12,0,1313,0,7,53,0,60,1291,17,65,0,1373,0,0,0,1373
05/06/2023,JFK,NY,AEA,EN,Towers with Radar,1249,6,17,0,1272,0,0,3,0,3,1249,6,20,0,1275,0,0,0,1275
05/07/2023,JFK,NY,AEA,EN,Towers with Radar,1299,20,14,5,1338,0,2,22,4,28,1299,22,36,9,1366,0,0,0,1366
05/08/2023,JFK,NY,AEA,EN,Towers with Radar,1317,14,8,0,1339,0,0,46,0,46,1317,14,54,0,1385,0,0,0,1385
05/09/2023,JFK,NY,AEA,EN,Towers with Radar,1277,8,8,2,1295,0,7,42,0,49,1277,15,50,2,1344,0,0,0,1344
05/10/2023,JFK,NY,AEA,EN,Towers with Radar,1280,16,9,5,1310,0,9,23,2,34,1280,25,32,7,1344,0,0,0,1344
05/11/2023,JFK,NY,AEA,EN,Towers with Radar,1321,7,8,7,1343,0,10,54,3,67,1321,17,62,10,1410,0,0,0,1410
05/12/2023,JFK,NY,AEA,EN,Towers with Radar,1299,18,6,0,1323,0,4,46,2,52,1299,22,52,2,1375,0,0,0,1375
05/13/2023,JFK,NY,AEA,EN,Towers with Radar,1293,13,15,0,1321,0,0,2,0,2,1293,13,17,0,1323,0,0,0,1323
05/14/2023,JFK,NY,AEA,EN,Towers with Radar,1303,9,11,0,1323,0,0,25,0,25,1303,9,36,0,1348,0,0,0,1348
05/15/2023,JFK,NY,AEA,EN,Towers with Radar,1298,16,7,0,1321,0,0,42,0,42,1298,16,49,0,1363,0,0,0,1363
05/16/2023,JFK,NY,AEA,EN,Towers with Radar,1275,14,17,1,1307,0,4,55,0,59,1275,18,72,1,1366,0,0,0,1366
05/17/2023,JFK,NY,AEA,EN,Towers with Radar,1303,20,15,0,1338,0,8,53,0,61,1303,28,68,0,1399,0,0,0,1399
05/18/2023,JFK,NY,AEA,EN,Towers with Radar,1314,16,9,0,1339,0,8,72,0,80,1314,24,81,0,1419,0,0,0,1419
05/19/2023,JFK,NY,AEA,EN,Towers with Radar,1294,22,2,0,1318,0,4,75,0,79,1294,26,77,0,1397,0,0,0,1397
05/20/2023,JFK,NY,AEA,EN,Towers with Radar,1286,16,10,0,1312,0,0,0,0,0,1286,16,10,0,1312,0,0,0,1312
05/21/2023,JFK,NY,AEA,EN,Towers with Radar,1313,19,11,0,1343,0,10,14,0,24,1313,29,25,0,1367,0,0,0,1367
05/22/2023,JFK,NY,AEA,EN,Towers with Radar,1318,17,4,1,1340,0,5,57,2,64,1318,22,61,3,1404,0,0,0,1404
05/23/2023,JFK,NY,AEA,EN,Towers with Radar,1292,14,8,0,1314,1,4,51,3,59,1293,18,59,3,1373,0,0,0,1373
05/24/2023,JFK,NY,AEA,EN,Towers with Radar,1301,23,9,0,1333,0,4,55,2,61,1301,27,64,2,1394,0,0,0,1394
05/25/2023,JFK,NY,AEA,EN,Towers with Radar,1327,18,13,2,1360,0,8,60,1,69,1327,26,73,3,1429,0,0,0,1429
05/26/2023,JFK,NY,AEA,EN,Towers with Radar,1331,18,19,0,1368,0,7,64,0,71,1331,25,83,0,1439,0,0,0,1439
05/27/2023,JFK,NY,AEA,EN,Towers with Radar,1319,15,3,0,1337,0,1,8,0,9,1319,16,11,0,1346,0,0,0,1346
05/28/2023,JFK,NY,AEA,EN,Towers with Radar,1302,8,4,0,1314,0,0,18,2,20,1302,8,22,2,1334,0,0,0,1334
05/29/2023,JFK,NY,AEA,EN,Towers with Radar,1306,17,14,2,1339,0,0,49,1,50,1306,17,63,3,1389,0,0,0,1389
05/30/2023,JFK,NY,AEA,EN,Towers with Radar,1300,23,17,2,1342,0,6,49,0,55,1300,29,66,2,1397,0,0,0,1397
05/31/2023,JFK,NY,AEA,EN,Towers with Radar,1316,22,7,0,1345,0,3,51,4,58,1316,25,58,4,1403,0,0,0,1403
06/01/2023,JFK,NY,AEA,EN,Towers with Radar,1361,15,10,0,1386,0,4,63,0,67,1361,19,73,0,1453,0,0,0,1453
06/02/2023,JFK,NY,AEA,EN,Towers with Radar,1253,8,12,0,1273,0,7,50,0,57,1253,15,62,0,1330,0,0,0,1330
06/03/2023,JFK,NY,AEA,EN,Towers with Radar,1374,15,10,0,1399,1,2,2,0,5,1375,17,12,0,1404,0,0,0,1404
06/04/2023,JFK,NY,AEA,EN,Towers with Radar,1343,27,14,0,1384,0,5,29,0,34,1343,32,43,0,1418,0,0,0,1418
06/05/2023,JFK,NY,AEA,EN,Towers with Radar,1344,15,10,0,1369,0,5,52,0,57,1344,20,62,0,1426,0,0,0,1426
06/06/2023,JFK,NY,AEA,EN,Towers with Radar,1282,18,10,0,1310,0,9,35,0,44,1282,27,45,0,1354,0,0,0,1354
06/07/2023,JFK,NY,AEA,EN,Towers with Radar,1298,15,10,1,1324,0,4,13,0,17,1298,19,23,1,1341,0,0,0,1341
06/08/2023,JFK,NY,AEA,EN,Towers with Radar,1309,13,19,1,1342,0,4,44,0,48,1309,17,63,1,1390,0,0,0,1390
06/09/2023,JFK,NY,AEA,EN,Towers with Radar,1316,28,7,0,1351,0,8,77,2,87,1316,36,84,2,1438,0,0,0,1438
06/10/2023,JFK,NY,AEA,EN,Towers with Radar,1289,19,20,1,1329,0,4,34,1,39,1289,23,54,2,1368,0,0,0,1368
06/11/2023,JFK,NY,AEA,EN,Towers with Radar,1293,42,19,0,1354,0,3,38,0,41,1293,45,57,0,1395,0,0,0,1395
06/12/2023,JFK,NY,AEA,EN,Towers with Radar,1233,10,9,0,1252,0,0,23,1,24,1233,10,32,1,1276,0,0,0,1276
06/13/2023,JFK,NY,AEA,EN,Towers with Radar,1316,11,8,0,1335,0,4,42,0,46,1316,15,50,0,1381,0,0,0,1381
06/14/2023,JFK,NY,AEA,EN,Towers with Radar,1228,11,8,1,1248,0,6,51,0,57,1228,17,59,1,1305,0,0,0,1305
06/15/2023,JFK,NY,AEA,EN,Towers with Radar,1333,15,14,1,1363,0,6,55,0,61,1333,21,69,1,1424,0,0,0,1424
06/16/2023,JFK,NY,AEA,EN,Towers with Radar,1211,22,4,1,1238,0,4,47,0,51,1211,26,51,1,1289,0,0,0,1289
06/17/2023,JFK,NY,AEA,EN,Towers with Radar,1282,24,14,1,1321,0,3,10,0,13,1282,27,24,1,1334,0,0,0,1334
06/18/2023,JFK,NY,AEA,EN,Towers with Radar,1316,30,14,0,1360,0,4,18,0,22,1316,34,32,0,1382,0,0,0,1382
06/19/2023,JFK,NY,AEA,EN,Towers with Radar,1315,21,14,0,1350,0,0,33,0,33,1315,21,47,0,1383,0,0,0,1383
06/20/2023,JFK,NY,AEA,EN,Towers with Radar,1304,19,14,1,1338,1,2,48,0,51,1305,21,62,1,1389,0,0,0,1389
06/21/2023,JFK,NY,AEA,EN,Towers with Radar,1308,24,8,1,1341,0,5,54,0,59,1308,29,62,1,1400,0,0,0,1400
06/22/2023,JFK,NY,AEA,EN,Towers with Radar,1346,29,10,0,1385,0,4,20,0,24,1346,33,30,0,1409,0,0,0,1409
06/23/2023,JFK,NY,AEA,EN,Towers with Radar,1290,21,18,0,1329,0,2,4,0,6,1290,23,22,0,1335,0,0,0,1335
06/24/2023,JFK,NY,AEA,EN,Towers with Radar,1186,15,11,0,1212,0,4,5,0,9,1186,19,16,0,1221,0,0,0,1221
06/25/2023,JFK,NY,AEA,EN,Towers with Radar,1225,19,15,4,1263,0,0,25,0,25,1225,19,40,4,1288,0,0,0,1288
06/26/2023,JFK,NY,AEA,EN,Towers with Radar,1076,16,15,8,1115,0,2,14,1,17,1076,18,29,9,1132,0,0,0,1132
06/27/2023,JFK,NY,AEA,EN,Towers with Radar,1056,15,18,2,1091,0,4,37,0,41,1056,19,55,2,1132,0,0,0,1132
06/28/2023,JFK,NY,AEA,EN,Towers with Radar,1289,20,15,2,1326,0,4,42,2,48,1289,24,57,4,1374,0,0,0,1374
06/29/2023,JFK,NY,AEA,EN,Towers with Radar,1341,11,7,7,1366,0,4,34,3,41,1341,15,41,10,1407,0,0,0,1407
06/30/2023,JFK,NY,AEA,EN,Towers with Radar,1326,22,11,5,1364,0,10,63,1,74,1326,32,74,6,1438,0,0,0,1438
07/01/2023,JFK,NY,AEA,EN,Towers with Radar,1309,17,6,0,1332,0,0,21,0,21,1309,17,27,0,1353,0,0,0,1353
07/02/2023,JFK,NY,AEA,EN,Towers with Radar,1274,15,12,0,1301,0,0,18,0,18,1274,15,30,0,1319,0,0,0,1319
07/03/2023,JFK,NY,AEA,EN,Towers with Radar,1291,17,6,0,1314,0,0,32,0,32,1291,17,38,0,1346,0,0,0,1346
07/04/2023,JFK,NY,AEA,EN,Towers with Radar,1293,8,6,0,1307,0,2,41,0,43,1293,10,47,0,1350,0,0,0,1350
07/05/2023,JFK,NY,AEA,EN,Towers with Radar,1344,11,6,0,1361,0,10,46,2,58,1344,21,52,2,1419,0,0,0,1419
07/06/2023,JFK,NY,AEA,EN,Towers with Radar,1350,9,12,0,1371,0,4,36,0,40,1350,13,48,0,1411,0,0,0,1411
07/07/2023,JFK,NY,AEA,EN,Towers with Radar,1223,15,2,0,1240,0,4,35,0,39,1223,19,37,0,1279,0,0,0,1279
07/08/2023,JFK,NY,AEA,EN,Towers with Radar,1292,17,4,0,1313,0,3,10,0,13,1292,20,14,0,1326,0,0,0,1326
07/09/2023,JFK,NY,AEA,EN,Towers with Radar,1005,9,6,0,1020,0,1,14,0,15,1005,10,20,0,1035,0,0,0,1035
07/10/2023,JFK,NY,AEA,EN,Towers with Radar,1274,16,16,0,1306,0,2,53,0,55,1274,18,69,0,1361,0,0,0,1361
07/11/2023,JFK,NY,AEA,EN,Towers with Radar,1349,6,4,0,1359,0,5,48,0,53,1349,11,52,0,1412,0,0,0,1412
07/12/2023,JFK,NY,AEA,EN,Towers with Radar,1353,7,9,2,1371,0,4,57,1,62,1353,11,66,3,1433,0,0,0,1433
07/13/2023,JFK,NY,AEA,EN,Towers with Radar,1297,8,7,2,1314,0,6,60,2,68,1297,14,67,4,1382,0,0,0,1382
07/14/2023,JFK,NY,AEA,EN,Towers with Radar,1165,20,14,0,1199,0,4,56,0,60,1165,24,70,0,1259,0,0,0,1259
07/15/2023,JFK,NY,AEA,EN,Towers with Radar,1288,19,12,0,1319,0,2,6,0,8,1288,21,18,0,1327,0,0,0,1327
07/16/2023,JFK,NY,AEA,EN,Towers with Radar,997,17,8,0,1022,0,0,16,0,16,997,17,24,0,1038,0,0,0,1038
07/17/2023,JFK,NY,AEA,EN,Towers with Radar,1275,24,9,0,1308,0,0,42,0,42,1275,24,51,0,1350,0,0,0,1350
07/18/2023,JFK,NY,AEA,EN,Towers with Radar,1168,11,11,1,1191,0,4,37,0,41,1168,15,48,1,1232,0,0,0,1232
07/19/2023,JFK,NY,AEA,EN,Towers with Radar,1371,10,10,0,1391,0,4,53,1,58,1371,14,63,1,1449,0,0,0,1449
07/20/2023,JFK,NY,AEA,EN,Towers with Radar,1340,14,9,0,1363,0,4,58,0,62,1340,18,67,0,1425,0,0,0,1425
07/21/2023,JFK,NY,AEA,EN,Towers with Radar,1334,16,6,0,1356,0,2,57,0,59,1334,18,63,0,1415,0,0,0,1415
07/22/2023,JFK,NY,AEA,EN,Towers with Radar,1342,7,2,0,1351,0,3,9,0,12,1342,10,11,0,1363,0,0,0,1363
07/23/2023,JFK,NY,AEA,EN,Towers with Radar,1319,15,3,0,1337,0,2,29,0,31,1319,17,32,0,1368,0,0,0,1368
07/24/2023,JFK,NY,AEA,EN,Towers with Radar,1348,9,4,1,1362,0,0,46,0,46,1348,9,50,1,1408,0,0,0,1408
07/25/2023,JFK,NY,AEA,EN,Towers with Radar,1104,10,10,0,1124,1,4,41,4,50,1105,14,51,4,1174,0,0,0,1174
07/26/2023,JFK,NY,AEA,EN,Towers with Radar,1377,23,9,0,1409,0,5,49,2,56,1377,28,58,2,1465,0,0,0,1465
07/27/2023,JFK,NY,AEA,EN,Towers with Radar,1217,8,6,0,1231,0,4,59,0,63,1217,12,65,0,1294,0,0,0,1294
07/28/2023,JFK,NY,AEA,EN,Towers with Radar,1335,11,2,0,1348,0,9,62,0,71,1335,20,64,0,1419,0,0,0,1419
07/29/2023,JFK,NY,AEA,EN,Towers with Radar,1180,19,4,0,1203,0,0,6,0,6,1180,19,10,0,1209,0,0,0,1209
07/30/2023,JFK,NY,AEA,EN,Towers with Radar,1357,18,7,0,1382,0,0,33,0,33,1357,18,40,0,1415,0,0,0,1415
07/31/2023,JFK,NY,AEA,EN,Towers with Radar,1346,23,5,0,1374,0,0,56,0,56,1346,23,61,0,1430,0,0,0,1430
08/01/2023,JFK,NY,AEA,EN,Towers with Radar,1316,14,2,0,1332,0,4,43,2,49,1316,18,45,2,1381,0,0,0,1381
08/02/2023,JFK,NY,AEA,EN,Towers with Radar,1356,15,7,0,1378,0,6,39,0,45,1356,21,46,0,1423,0,0,0,1423
08/03/2023,JFK,NY,AEA,EN,Towers with Radar,1339,22,5,0,1366,0,4,65,0,69,1339,26,70,0,1435,0,0,0,1435
08/04/2023,JFK,NY,AEA,EN,Towers with Radar,1292,12,7,0,1311,0,11,69,0,80,1292,23,76,0,1391,0,0,0,1391
08/05/2023,JFK,NY,AEA,EN,Towers with Radar,1335,9,5,0,1349,0,7,7,0,14,1335,16,12,0,1363,0,0,0,1363
08/06/2023,JFK,NY,AEA,EN,Towers with Radar,1329,17,11,1,1358,0,1,27,0,28,1329,18,38,1,1386,0,0,0,1386
08/07/2023,JFK,NY,AEA,EN,Towers with Radar,1210,6,12,0,1228,0,0,28,0,28,1210,6,40,0,1256,0,0,0,1256
08/08/2023,JFK,NY,AEA,EN,Towers with Radar,1356,14,9,0,1379,0,6,38,4,48,1356,20,47,4,1427,0,0,0,1427
08/09/2023,JFK,NY,AEA,EN,Towers with Radar,1325,7,6,1,1339,0,10,46,0,56,1325,17,52,1,1395,0,0,0,1395
08/10/2023,JFK,NY,AEA,EN,Towers with Radar,1313,13,14,0,1340,0,6,37,0,43,1313,19,51,0,1383,0,0,0,1383
08/11/2023,JFK,NY,AEA,EN,Towers with Radar,1347,20,8,0,1375,0,10,46,2,58,1347,30,54,2,1433,0,0,0,1433
08/12/2023,JFK,NY,AEA,EN,Towers with Radar,1294,11,4,0,1309,0,0,8,0,8,1294,11,12,0,1317,0,0,0,1317
08/13/2023,JFK,NY,AEA,EN,Towers with Radar,1347,19,20,0,1386,0,1,37,0,38,1347,20,57,0,1424,0,0,0,1424
08/14/2023,JFK,NY,AEA,EN,Towers with Radar,1330,20,6,0,1356,0,2,50,2,54,1330,22,56,2,1410,0,0,0,1410
08/15/2023,JFK,NY,AEA,EN,Towers with Radar,1292,10,9,0,1311,0,2,27,2,31,1292,12,36,2,1342,0,0,0,1342
08/16/2023,JFK,NY,AEA,EN,Towers with Radar,1400,21,6,0,1427,0,6,43,0,49,1400,27,49,0,1476,0,0,0,1476
08/17/2023,JFK,NY,AEA,EN,Towers with Radar,1314,19,11,0,1344,0,4,29,0,33,1314,23,40,0,1377,0,0,0,1377
08/18/2023,JFK,NY,AEA,EN,Towers with Radar,1364,10,9,0,1383,0,7,43,0,50,1364,17,52,0,1433,0,0,0,1433
08/19/2023,JFK,NY,AEA,EN,Towers with Radar,1336,16,1,0,1353,0,2,12,0,14,1336,18,13,0,1367,0,0,0,1367
08/20/2023,JFK,NY,AEA,EN,Towers with Radar,1324,14,10,1,1349,0,2,44,0,46,1324,16,54,1,1395,0,0,0,1395
08/21/2023,JFK,NY,AEA,EN,Towers with Radar,1339,15,3,0,1357,0,6,74,1,81,1339,21,77,1,1438,0,0,0,1438
08/22/2023,JFK,NY,AEA,EN,Towers with Radar,1324,13,6,0,1343,0,4,64,0,68,1324,17,70,0,1411,0,0,0,1411
08/23/2023,JFK,NY,AEA,EN,Towers with Radar,1320,11,7,0,1338,0,8,52,3,63,1320,19,59,3,1401,0,0,0,1401
08/24/2023,JFK,NY,AEA,EN,Towers with Radar,1335,17,6,1,1359,0,4,47,0,51,1335,21,53,1,1410,0,0,0,1410
08/25/2023,JFK,NY,AEA,EN,Towers with Radar,1319,13,14,0,1346,0,0,44,0,44,1319,13,58,0,1390,0,0,0,1390
08/26/2023,JFK,NY,AEA,EN,Towers with Radar,1351,8,7,0,1366,0,2,4,0,6,1351,10,11,0,1372,0,0,0,1372
08/27/2023,JFK,NY,AEA,EN,Towers with Radar,1314,12,14,0,1340,0,2,29,0,31,1314,14,43,0,1371,0,0,0,1371
08/28/2023,JFK,NY,AEA,EN,Towers with Radar,1360,8,2,0,1370,0,0,50,0,50,1360,8,52,0,1420,0,0,0,1420
08/29/2023,JFK,NY,AEA,EN,Towers with Radar,1340,11,8,0,1359,0,4,39,0,43,1340,15,47,0,1402,0,0,0,1402
08/30/2023,JFK,NY,AEA,EN,Towers with Radar,1302,18,5,0,1325,0,0,33,2,35,1302,18,38,2,1360,0,0,0,1360
08/31/2023,JFK,NY,AEA,EN,Towers with Radar,1345,23,8,0,1376,0,7,72,0,79,1345,30,80,0,1455,0,0,0,1455
