01/01/2020,JNU,AK,AAL,WE,Towers with Radar,18,1,4,0,23,0,4,14,0,18,18,5,18,0,41,0,0,0,41
01/02/2020,JNU,AK,AAL,WE,Towers with Radar,14,9,2,0,25,0,39,4,1,44,14,48,6,1,69,6,0,6,75
01/03/2020,JNU,AK,AAL,WE,Towers with Radar,15,3,3,0,21,0,86,17,0,103,15,89,20,0,124,6,0,6,130
01/04/2020,JNU,AK,AAL,WE,Towers with Radar,19,6,2,0,27,2,49,9,3,63,21,55,11,3,90,18,0,18,108
01/05/2020,JNU,AK,AAL,WE,Towers with Radar,17,2,0,0,19,0,41,28,0,69,17,43,28,0,88,2,0,2,90
01/06/2020,JNU,AK,AAL,WE,Towers with Radar,17,6,2,0,25,0,29,9,0,38,17,35,11,0,63,0,0,0,63
01/07/2020,JNU,AK,AAL,WE,Towers with Radar,17,10,2,0,29,0,62,5,6,73,17,72,7,6,102,6,0,6,108
01/08/2020,JNU,AK,AAL,WE,Towers with Radar,21,7,0,0,28,1,32,1,1,35,22,39,1,1,63,12,0,12,75
01/09/2020,JNU,AK,AAL,WE,Towers with Radar,19,4,1,0,24,0,74,18,0,92,19,78,19,0,116,16,0,16,132
01/10/2020,JNU,AK,AAL,WE,Towers with Radar,17,6,0,0,23,0,12,3,0,15,17,18,3,0,38,0,0,0,38
01/11/2020,JNU,AK,AAL,WE,Towers with Radar,12,2,1,1,16,2,23,6,4,35,14,25,7,5,51,0,2,2,53
01/12/2020,JNU,AK,AAL,WE,Towers with Radar,19,4,0,0,23,2,43,5,0,50,21,47,5,0,73,4,0,4,77
01/13/2020,JNU,AK,AAL,WE,Towers with Radar,15,5,0,0,20,0,73,11,0,84,15,78,11,0,104,0,0,0,104
01/14/2020,JNU,AK,AAL,WE,Towers with Radar,20,6,2,2,30,3,59,11,4,77,23,65,13,6,107,10,0,10,117
01/15/2020,JNU,AK,AAL,WE,Towers with Radar,17,2,1,0,20,2,52,5,2,61,19,54,6,2,81,0,0,0,81
01/16/2020,JNU,AK,AAL,WE,Towers with Radar,4,4,3,0,11,0,4,0,2,6,4,8,3,2,17,0,0,0,17
01/17/2020,JNU,AK,AAL,WE,Towers with Radar,18,5,0,0,23,1,74,2,0,77,19,79,2,0,100,0,0,0,100
01/18/2020,JNU,AK,AAL,WE,Towers with Radar,16,0,0,0,16,0,37,8,0,45,16,37,8,0,61,22,0,22,83
01/19/2020,JNU,AK,AAL,WE,Towers with Radar,19,4,2,0,25,0,2,2,0,4,19,6,4,0,29,0,0,0,29
01/20/2020,JNU,AK,AAL,WE,Towers with Radar,15,6,3,0,24,0,35,1,0,36,15,41,4,0,60,0,0,0,60
01/21/2020,JNU,AK,AAL,WE,Towers with Radar,19,12,7,0,38,0,15,3,0,18,19,27,10,0,56,0,0,0,56
01/22/2020,JNU,AK,AAL,WE,Towers with Radar,19,5,2,0,26,0,0,0,0,0,19,5,2,0,26,0,0,0,26
01/23/2020,JNU,AK,AAL,WE,Towers with Radar,21,10,0,0,31,2,44,3,2,51,23,54,3,2,82,0,0,0,82
01/24/2020,JNU,AK,AAL,WE,Towers with Radar,20,10,0,0,30,0,40,7,1,48,20,50,7,1,78,0,0,0,78
01/25/2020,JNU,AK,AAL,WE,Towers with Radar,21,1,0,0,22,0,0,0,0,0,21,1,0,0,22,0,0,0,22
01/26/2020,JNU,AK,AAL,WE,Towers with Radar,19,7,4,0,30,0,38,2,0,40,19,45,6,0,70,0,0,0,70
01/27/2020,JNU,AK,AAL,WE,Towers with Radar,17,3,6,0,26,0,55,11,0,66,17,58,17,0,92,8,0,8,100
01/28/2020,JNU,AK,AAL,WE,Towers with Radar,20,5,6,0,31,0,66,5,0,71,20,71,11,0,102,14,0,14,116
01/29/2020,JNU,AK,AAL,WE,Towers with Radar,21,4,2,0,27,0,22,3,0,25,21,26,5,0,52,0,0,0,52
01/30/2020,JNU,AK,AAL,WE,Towers with Radar,15,0,2,0,17,0,0,0,0,0,15,0,2,0,17,0,0,0,17
01/31/2020,JNU,AK,AAL,WE,Towers with Radar,18,6,2,0,26,0,69,8,0,77,18,75,10,0,103,54,0,54,157
02/01/2020,JNU,AK,AAL,WE,Towers with Radar,17,8,3,0,28,0,52,6,0,58,17,60,9,0,86,0,0,0,86
02/02/2020,JNU,AK,AAL,WE,Towers with Radar,23,0,2,0,25,0,90,24,0,114,23,90,26,0,139,24,0,24,163
02/03/2020,JNU,AK,AAL,WE,Towers with Radar,15,6,1,1,23,0,3,0,0,3,15,9,1,1,26,0,0,0,26
02/04/2020,JNU,AK,AAL,WE,Towers with Radar,23,11,3,0,37,0,35,3,1,39,23,46,6,1,76,0,0,0,76
02/05/2020,JNU,AK,AAL,WE,Towers with Radar,18,7,0,0,25,1,82,6,0,89,19,89,6,0,114,24,0,24,138
02/06/2020,JNU,AK,AAL,WE,Towers with Radar,20,5,8,0,33,2,86,11,0,99,22,91,19,0,132,20,0,20,152
02/07/2020,JNU,AK,AAL,WE,Towers with Radar,26,5,0,0,31,0,100,14,0,114,26,105,14,0,145,22,0,22,167
02/08/2020,JNU,AK,AAL,WE,Towers with Radar,21,10,3,2,36,0,43,10,3,56,21,53,13,5,92,6,0,6,98
02/09/2020,JNU,AK,AAL,WE,Towers with Radar,14,7,2,0,23,0,76,13,0,89,14,83,15,0,112,16,0,16,128
02/10/2020,JNU,AK,AAL,WE,Towers with Radar,17,3,12,0,32,0,33,10,0,43,17,36,22,0,75,26,0,26,101
02/11/2020,JNU,AK,AAL,WE,Towers with Radar,21,2,3,0,26,1,144,56,1,202,22,146,59,1,228,46,0,46,274
02/12/2020,JNU,AK,AAL,WE,Towers with Radar,18,6,7,0,31,0,2,2,0,4,18,8,9,0,35,0,0,0,35
02/13/2020,JNU,AK,AAL,WE,Towers with Radar,20,9,3,0,32,0,81,12,0,93,20,90,15,0,125,6,0,6,131
02/14/2020,JNU,AK,AAL,WE,Towers with Radar,21,26,1,0,48,0,4,1,0,5,21,30,2,0,53,0,0,0,53
02/15/2020,JNU,AK,AAL,WE,Towers with Radar,14,1,0,0,15,0,0,0,0,0,14,1,0,0,15,0,0,0,15
02/16/2020,JNU,AK,AAL,WE,Towers with Radar,18,6,6,0,30,0,26,3,0,29,18,32,9,0,59,0,0,0,59
02/17/2020,JNU,AK,AAL,WE,Towers with Radar,17,7,4,0,28,0,45,14,0,59,17,52,18,0,87,0,0,0,87
02/18/2020,JNU,AK,AAL,WE,Towers with Radar,19,2,7,0,28,1,73,10,0,84,20,75,17,0,112,38,0,38,150
02/19/2020,JNU,AK,AAL,WE,Towers with Radar,18,3,2,0,23,0,68,6,0,74,18,71,8,0,97,12,0,12,109
02/20/2020,JNU,AK,AAL,WE,Towers with Radar,19,6,1,0,26,0,12,3,0,15,19,18,4,0,41,2,0,2,43
02/21/2020,JNU,AK,AAL,WE,Towers with Radar,22,9,4,1,36,0,72,5,1,78,22,81,9,2,114,6,0,6,120
02/22/2020,JNU,AK,AAL,WE,Towers with Radar,19,12,6,0,37,0,47,8,0,55,19,59,14,0,92,12,0,12,104
02/23/2020,JNU,AK,AAL,WE,Towers with Radar,17,1,0,1,19,0,0,0,0,0,17,1,0,1,19,0,0,0,19
02/24/2020,JNU,AK,AAL,WE,Towers with Radar,19,4,7,1,31,0,90,21,6,117,19,94,28,7,148,28,0,28,176
02/25/2020,JNU,AK,AAL,WE,Towers with Radar,19,2,5,1,27,0,6,0,0,6,19,8,5,1,33,0,0,0,33
02/26/2020,JNU,AK,AAL,WE,Towers with Radar,19,13,9,0,41,0,43,3,0,46,19,56,12,0,87,18,0,18,105
02/27/2020,JNU,AK,AAL,WE,Towers with Radar,16,12,4,0,32,2,52,8,1,63,18,64,12,1,95,4,0,4,99
02/28/2020,JNU,AK,AAL,WE,Towers with Radar,19,7,4,1,31,0,106,7,0,113,19,113,11,1,144,2,0,2,146
02/29/2020,JNU,AK,AAL,WE,Towers with Radar,12,7,4,0,23,0,58,7,1,66,12,65,11,1,89,6,0,6,95
03/01/2020,JNU,AK,AAL,WE,Towers with Radar,17,2,9,0,28,0,19,8,0,27,17,21,17,0,55,6,0,6,61
03/02/2020,JNU,AK,AAL,WE,Towers with Radar,21,8,6,0,35,0,62,13,0,75,21,70,19,0,110,0,0,0,110
03/03/2020,JNU,AK,AAL,WE,Towers with Radar,19,12,7,0,38,0,76,10,2,88,19,88,17,2,126,0,0,0,126
03/04/2020,JNU,AK,AAL,WE,Towers with Radar,15,16,6,0,37,1,30,10,2,43,16,46,16,2,80,0,0,0,80
03/05/2020,JNU,AK,AAL,WE,Towers with Radar,19,7,1,0,27,1,49,8,0,58,20,56,9,0,85,6,0,6,91
03/06/2020,JNU,AK,AAL,WE,Towers with Radar,16,10,7,1,34,1,91,17,0,109,17,101,24,1,143,28,0,28,171
03/07/2020,JNU,AK,AAL,WE,Towers with Radar,11,10,1,0,22,0,112,40,0,152,11,122,41,0,174,55,0,55,229
03/08/2020,JNU,AK,AAL,WE,Towers with Radar,20,1,2,0,23,0,0,0,0,0,20,1,2,0,23,0,0,0,23
03/09/2020,JNU,AK,AAL,WE,Towers with Radar,20,5,3,0,28,0,49,10,0,59,20,54,13,0,87,0,0,0,87
03/10/2020,JNU,AK,AAL,WE,Towers with Radar,22,11,2,0,35,0,42,10,1,53,22,53,12,1,88,0,0,0,88
03/11/2020,JNU,AK,AAL,WE,Towers with Radar,18,13,10,0,41,0,52,7,0,59,18,65,17,0,100,2,0,2,102
03/12/2020,JNU,AK,AAL,WE,Towers with Radar,18,4,0,0,22,1,135,20,0,156,19,139,20,0,178,10,0,10,188
03/13/2020,JNU,AK,AAL,WE,Towers with Radar,20,7,3,0,30,2,116,26,2,146,22,123,29,2,176,26,0,26,202
03/14/2020,JNU,AK,AAL,WE,Towers with Radar,15,1,0,0,16,2,107,43,1,153,17,108,43,1,169,14,0,14,183
03/15/2020,JNU,AK,AAL,WE,Towers with Radar,17,0,2,0,19,1,77,44,0,122,18,77,46,0,141,12,0,12,153
03/16/2020,JNU,AK,AAL,WE,Towers with Radar,18,7,5,0,30,1,75,35,0,111,19,82,40,0,141,10,0,10,151
03/17/2020,JNU,AK,AAL,WE,Towers with Radar,22,8,2,2,34,1,90,33,0,124,23,98,35,2,158,8,0,8,166
03/18/2020,JNU,AK,AAL,WE,Towers with Radar,19,5,9,0,33,2,89,7,0,98,21,94,16,0,131,0,0,0,131
03/19/2020,JNU,AK,AAL,WE,Towers with Radar,19,8,7,0,34,2,98,29,0,129,21,106,36,0,163,4,0,4,167
03/20/2020,JNU,AK,AAL,WE,Towers with Radar,17,5,1,0,23,0,68,32,0,100,17,73,33,0,123,10,0,10,133
03/21/2020,JNU,AK,AAL,WE,Towers with Radar,15,10,1,0,26,0,45,9,0,54,15,55,10,0,80,0,0,0,80
03/22/2020,JNU,AK,AAL,WE,Towers with Radar,18,0,0,2,20,1,27,28,0,56,19,27,28,2,76,40,0,40,116
03/23/2020,JNU,AK,AAL,WE,Towers with Radar,16,4,0,0,20,0,36,8,0,44,16,40,8,0,64,6,0,6,70
03/24/2020,JNU,AK,AAL,WE,Towers with Radar,18,3,3,0,24,1,97,30,0,128,19,100,33,0,152,20,0,20,172
03/25/2020,JNU,AK,AAL,WE,Towers with Radar,20,5,0,0,25,1,66,7,10,84,21,71,7,10,109,12,0,12,121
03/26/2020,JNU,AK,AAL,WE,Towers with Radar,22,2,0,0,24,0,44,5,0,49,22,46,5,0,73,0,0,0,73
03/27/2020,JNU,AK,AAL,WE,Towers with Radar,17,8,2,0,27,0,15,6,0,21,17,23,8,0,48,2,0,2,50
03/28/2020,JNU,AK,AAL,WE,Towers with Radar,20,5,6,0,31,1,27,3,0,31,21,32,9,0,62,20,0,20,82
03/29/2020,JNU,AK,AAL,WE,Towers with Radar,15,1,0,0,16,2,5,0,5,12,17,6,0,5,28,12,0,12,40
03/30/2020,JNU,AK,AAL,WE,Towers with Radar,18,6,0,0,24,1,41,3,2,47,19,47,3,2,71,0,0,0,71
03/31/2020,JNU,AK,AAL,WE,Towers with Radar,21,1,0,0,22,2,40,18,3,63,23,41,18,3,85,10,0,10,95
04/01/2020,JNU,AK,AAL,WE,Towers with Radar,13,2,0,2,17,0,45,14,6,65,13,47,14,8,82,38,0,38,120
04/02/2020,JNU,AK,AAL,WE,Towers with Radar,16,0,0,0,16,0,52,17,0,69,16,52,17,0,85,8,0,8,93
04/03/2020,JNU,AK,AAL,WE,Towers with Radar,16,5,4,2,27,1,24,4,3,32,17,29,8,5,59,0,0,0,59
04/04/2020,JNU,AK,AAL,WE,Towers with Radar,14,0,0,0,14,0,16,28,0,44,14,16,28,0,58,6,0,6,64
04/05/2020,JNU,AK,AAL,WE,Towers with Radar,13,2,4,0,19,1,6,21,0,28,14,8,25,0,47,18,0,18,65
04/06/2020,JNU,AK,AAL,WE,Towers with Radar,12,5,4,0,21,0,37,4,0,41,12,42,8,0,62,12,0,12,74
04/07/2020,JNU,AK,AAL,WE,Towers with Radar,10,2,3,0,15,0,38,1,0,39,10,40,4,0,54,6,0,6,60
04/08/2020,JNU,AK,AAL,WE,Towers with Radar,15,5,0,0,20,0,1,0,0,1,15,6,0,0,21,0,0,0,21
04/09/2020,JNU,AK,AAL,WE,Towers with Radar,15,3,1,2,21,1,54,4,2,61,16,57,5,4,82,0,0,0,82
04/10/2020,JNU,AK,AAL,WE,Towers with Radar,15,1,2,0,18,0,60,28,0,88,15,61,30,0,106,20,0,20,126
04/11/2020,JNU,AK,AAL,WE,Towers with Radar,15,3,0,0,18,0,15,52,0,67,15,18,52,0,85,4,0,4,89
04/12/2020,JNU,AK,AAL,WE,Towers with Radar,15,1,1,0,17,0,0,30,0,30,15,1,31,0,47,12,0,12,59
04/13/2020,JNU,AK,AAL,WE,Towers with Radar,12,4,6,0,22,0,21,2,0,23,12,25,8,0,45,0,0,0,45
04/14/2020,JNU,AK,AAL,WE,Towers with Radar,13,0,5,0,18,0,34,22,0,56,13,34,27,0,74,0,0,0,74
04/15/2020,JNU,AK,AAL,WE,Towers with Radar,17,4,5,0,26,0,12,5,0,17,17,16,10,0,43,4,0,4,47
04/16/2020,JNU,AK,AAL,WE,Towers with Radar,15,6,0,0,21,0,1,0,0,1,15,7,0,0,22,0,0,0,22
04/17/2020,JNU,AK,AAL,WE,Towers with Radar,14,22,6,0,42,3,68,43,2,116,17,90,49,2,158,26,0,26,184
04/18/2020,JNU,AK,AAL,WE,Towers with Radar,14,1,0,0,15,1,15,63,0,79,15,16,63,0,94,18,0,18,112
04/19/2020,JNU,AK,AAL,WE,Towers with Radar,14,0,0,0,14,0,12,32,0,44,14,12,32,0,58,18,0,18,76
04/20/2020,JNU,AK,AAL,WE,Towers with Radar,14,5,2,0,21,0,41,11,4,56,14,46,13,4,77,0,0,0,77
04/21/2020,JNU,AK,AAL,WE,Towers with Radar,15,8,1,0,24,0,38,0,0,38,15,46,1,0,62,0,0,0,62
04/22/2020,JNU,AK,AAL,WE,Towers with Radar,15,8,1,0,24,0,37,0,2,39,15,45,1,2,63,0,0,0,63
04/23/2020,JNU,AK,AAL,WE,Towers with Radar,15,4,1,0,20,2,36,17,0,55,17,40,18,0,75,0,0,0,75
04/24/2020,JNU,AK,AAL,WE,Towers with Radar,13,6,3,0,22,0,45,15,3,63,13,51,18,3,85,22,14,36,121
04/25/2020,JNU,AK,AAL,WE,Towers with Radar,15,3,0,0,18,0,20,29,0,49,15,23,29,0,67,14,0,14,81
04/26/2020,JNU,AK,AAL,WE,Towers with Radar,12,2,5,0,19,0,9,17,1,27,12,11,22,1,46,16,0,16,62
04/27/2020,JNU,AK,AAL,WE,Towers with Radar,13,4,5,0,22,0,36,9,0,45,13,40,14,0,67,8,0,8,75
04/28/2020,JNU,AK,AAL,WE,Towers with Radar,16,8,0,0,24,1,36,21,0,58,17,44,21,0,82,0,0,0,82
04/29/2020,JNU,AK,AAL,WE,Towers with Radar,15,7,5,0,27,2,37,2,0,41,17,44,7,0,68,0,0,0,68
04/30/2020,JNU,AK,AAL,WE,Towers with Radar,14,5,1,0,20,0,46,8,0,54,14,51,9,0,74,0,0,0,74
05/01/2020,JNU,AK,AAL,WE,Towers with Radar,15,0,0,0,15,0,113,26,4,143,15,113,26,4,158,60,0,60,218
05/02/2020,JNU,AK,AAL,WE,Towers with Radar,9,2,0,0,11,0,24,52,0,76,9,26,52,0,87,2,0,2,89
05/03/2020,JNU,AK,AAL,WE,Towers with Radar,11,0,0,0,11,1,8,15,0,24,12,8,15,0,35,22,0,22,57
05/04/2020,JNU,AK,AAL,WE,Towers with Radar,12,2,0,0,14,0,61,35,0,96,12,63,35,0,110,2,0,2,112
05/05/2020,JNU,AK,AAL,WE,Towers with Radar,16,2,0,0,18,0,60,21,2,83,16,62,21,2,101,8,0,8,109
05/06/2020,JNU,AK,AAL,WE,Towers with Radar,11,3,1,0,15,3,42,15,2,62,14,45,16,2,77,10,2,12,89
05/07/2020,JNU,AK,AAL,WE,Towers with Radar,15,3,0,0,18,3,66,42,3,114,18,69,42,3,132,20,0,20,152
05/08/2020,JNU,AK,AAL,WE,Towers with Radar,14,5,0,0,19,1,74,28,0,103,15,79,28,0,122,6,0,6,128
05/09/2020,JNU,AK,AAL,WE,Towers with Radar,13,2,0,0,15,0,32,42,0,74,13,34,42,0,89,0,0,0,89
05/10/2020,JNU,AK,AAL,WE,Towers with Radar,13,0,0,0,13,0,27,26,0,53,13,27,26,0,66,10,0,10,76
05/11/2020,JNU,AK,AAL,WE,Towers with Radar,13,7,0,0,20,1,78,31,0,110,14,85,31,0,130,0,4,4,134
05/12/2020,JNU,AK,AAL,WE,Towers with Radar,13,4,1,0,18,0,60,60,0,120,13,64,61,0,138,12,0,12,150
05/13/2020,JNU,AK,AAL,WE,Towers with Radar,13,4,1,0,18,0,57,49,1,107,13,61,50,1,125,12,0,12,137
05/14/2020,JNU,AK,AAL,WE,Towers with Radar,13,6,2,0,21,2,71,15,1,89,15,77,17,1,110,6,6,12,122
05/15/2020,JNU,AK,AAL,WE,Towers with Radar,17,8,8,0,33,4,70,33,7,114,21,78,41,7,147,0,4,4,151
05/16/2020,JNU,AK,AAL,WE,Towers with Radar,12,0,1,0,13,0,38,60,8,106,12,38,61,8,119,16,8,24,143
05/17/2020,JNU,AK,AAL,WE,Towers with Radar,15,2,1,0,18,0,21,32,2,55,15,23,33,2,73,0,0,0,73
05/18/2020,JNU,AK,AAL,WE,Towers with Radar,12,7,1,0,20,0,100,36,2,138,12,107,37,2,158,10,0,10,168
05/19/2020,JNU,AK,AAL,WE,Towers with Radar,13,10,0,0,23,0,44,8,0,52,13,54,8,0,75,0,0,0,75
05/20/2020,JNU,AK,AAL,WE,Towers with Radar,15,6,1,0,22,1,53,21,0,75,16,59,22,0,97,20,0,20,117
05/21/2020,JNU,AK,AAL,WE,Towers with Radar,12,4,3,2,21,0,67,23,2,92,12,71,26,4,113,6,4,10,123
05/22/2020,JNU,AK,AAL,WE,Towers with Radar,11,9,2,0,22,2,108,47,2,159,13,117,49,2,181,24,0,24,205
05/23/2020,JNU,AK,AAL,WE,Towers with Radar,16,3,1,0,20,1,21,23,0,45,17,24,24,0,65,0,0,0,65
05/24/2020,JNU,AK,AAL,WE,Towers with Radar,15,1,1,0,17,0,19,14,0,33,15,20,15,0,50,8,0,8,58
05/25/2020,JNU,AK,AAL,WE,Towers with Radar,12,2,7,0,21,1,45,39,0,85,13,47,46,0,106,2,0,2,108
05/26/2020,JNU,AK,AAL,WE,Towers with Radar,15,4,7,2,28,1,50,27,0,78,16,54,34,2,106,23,0,23,129
05/27/2020,JNU,AK,AAL,WE,Towers with Radar,14,3,4,0,21,2,93,39,0,134,16,96,43,0,155,12,0,12,167
05/28/2020,JNU,AK,AAL,WE,Towers with Radar,13,4,0,0,17,0,83,31,2,116,13,87,31,2,133,24,0,24,157
05/29/2020,JNU,AK,AAL,WE,Towers with Radar,15,3,0,0,18,0,118,45,0,163,15,121,45,0,181,2,0,2,183
05/30/2020,JNU,AK,AAL,WE,Towers with Radar,13,6,0,0,19,0,64,36,0,100,13,70,36,0,119,6,0,6,125
05/31/2020,JNU,AK,AAL,WE,Towers with Radar,14,2,5,0,21,0,19,25,0,44,14,21,30,0,65,18,0,18,83
06/01/2020,JNU,AK,AAL,WE,Towers with Radar,18,6,0,0,24,0,81,31,0,112,18,87,31,0,136,0,0,0,136
06/02/2020,JNU,AK,AAL,WE,Towers with Radar,14,6,3,0,23,0,59,9,0,68,14,65,12,0,91,0,0,0,91
06/03/2020,JNU,AK,AAL,WE,Towers with Radar,15,4,5,0,24,2,70,21,3,96,17,74,26,3,120,0,0,0,120
06/04/2020,JNU,AK,AAL,WE,Towers with Radar,22,2,4,0,28,1,144,45,0,190,23,146,49,0,218,18,0,18,236
06/05/2020,JNU,AK,AAL,WE,Towers with Radar,19,0,0,0,19,2,108,46,4,160,21,108,46,4,179,12,0,12,191
06/06/2020,JNU,AK,AAL,WE,Towers with Radar,17,4,0,0,21,1,69,40,7,117,18,73,40,7,138,26,16,42,180
06/07/2020,JNU,AK,AAL,WE,Towers with Radar,20,1,0,0,21,0,22,11,0,33,20,23,11,0,54,0,0,0,54
06/08/2020,JNU,AK,AAL,WE,Towers with Radar,15,8,0,2,25,2,96,24,0,122,17,104,24,2,147,34,0,34,181
06/09/2020,JNU,AK,AAL,WE,Towers with Radar,23,1,0,0,24,0,101,42,2,145,23,102,42,2,169,8,0,8,177
06/10/2020,JNU,AK,AAL,WE,Towers with Radar,18,11,1,0,30,3,90,34,0,127,21,101,35,0,157,10,0,10,167
06/11/2020,JNU,AK,AAL,WE,Towers with Radar,20,2,0,0,22,1,100,40,2,143,21,102,40,2,165,6,2,8,173
06/12/2020,JNU,AK,AAL,WE,Towers with Radar,20,1,1,0,22,4,104,54,2,164,24,105,55,2,186,6,0,6,192
06/13/2020,JNU,AK,AAL,WE,Towers with Radar,17,3,1,1,22,4,60,18,8,90,21,63,19,9,112,10,0,10,122
06/14/2020,JNU,AK,AAL,WE,Towers with Radar,22,0,2,0,24,1,38,20,0,59,23,38,22,0,83,0,0,0,83
06/15/2020,JNU,AK,AAL,WE,Towers with Radar,20,5,3,0,28,0,79,40,0,119,20,84,43,0,147,4,0,4,151
06/16/2020,JNU,AK,AAL,WE,Towers with Radar,22,7,5,0,34,0,56,21,0,77,22,63,26,0,111,0,0,0,111
06/17/2020,JNU,AK,AAL,WE,Towers with Radar,18,9,1,0,28,2,100,35,0,137,20,109,36,0,165,20,0,20,185
06/18/2020,JNU,AK,AAL,WE,Towers with Radar,22,23,8,0,53,0,42,6,0,48,22,65,14,0,101,0,0,0,101
06/19/2020,JNU,AK,AAL,WE,Towers with Radar,22,8,2,0,32,0,124,34,0,158,22,132,36,0,190,22,0,22,212
06/20/2020,JNU,AK,AAL,WE,Towers with Radar,17,10,2,0,29,0,66,14,0,80,17,76,16,0,109,4,0,4,113
06/21/2020,JNU,AK,AAL,WE,Towers with Radar,22,1,2,0,25,1,48,41,0,90,23,49,43,0,115,12,0,12,127
06/22/2020,JNU,AK,AAL,WE,Towers with Radar,16,7,2,0,25,5,109,32,0,146,21,116,34,0,171,6,0,6,177
06/23/2020,JNU,AK,AAL,WE,Towers with Radar,16,4,2,2,24,0,112,36,0,148,16,116,38,2,172,0,0,0,172
06/24/2020,JNU,AK,AAL,WE,Towers with Radar,18,7,8,0,33,0,89,41,2,132,18,96,49,2,165,0,0,0,165
06/25/2020,JNU,AK,AAL,WE,Towers with Radar,19,6,8,0,33,2,96,10,0,108,21,102,18,0,141,0,0,0,141
06/26/2020,JNU,AK,AAL,WE,Towers with Radar,19,18,13,0,50,0,73,11,0,84,19,91,24,0,134,0,0,0,134
06/27/2020,JNU,AK,AAL,WE,Towers with Radar,18,4,0,0,22,0,123,39,0,162,18,127,39,0,184,20,0,20,204
06/28/2020,JNU,AK,AAL,WE,Towers with Radar,21,3,4,0,28,0,55,53,0,108,21,58,57,0,136,0,0,0,136
06/29/2020,JNU,AK,AAL,WE,Towers with Radar,17,10,1,0,28,0,92,31,0,123,17,102,32,0,151,14,0,14,165
06/30/2020,JNU,AK,AAL,WE,Towers with Radar,18,9,3,0,30,0,114,43,0,157,18,123,46,0,187,0,0,0,187
07/01/2020,JNU,AK,AAL,WE,Towers with Radar,19,3,1,0,23,1,130,53,0,184,20,133,54,0,207,10,0,10,217
07/02/2020,JNU,AK,AAL,WE,Towers with Radar,17,4,3,0,24,2,144,36,4,186,19,148,39,4,210,0,0,0,210
07/03/2020,JNU,AK,AAL,WE,Towers with Radar,24,3,4,0,31,0,160,66,0,226,24,163,70,0,257,12,0,12,269
07/04/2020,JNU,AK,AAL,WE,Towers with Radar,19,2,8,0,29,13,35,33,0,81,32,37,41,0,110,4,0,4,114
07/05/2020,JNU,AK,AAL,WE,Towers with Radar,21,4,7,0,32,2,129,65,0,196,23,133,72,0,228,16,0,16,244
07/06/2020,JNU,AK,AAL,WE,Towers with Radar,18,4,10,0,32,1,130,52,0,183,19,134,62,0,215,0,0,0,215
07/07/2020,JNU,AK,AAL,WE,Towers with Radar,21,6,1,0,28,2,108,38,0,148,23,114,39,0,176,10,0,10,186
07/08/2020,JNU,AK,AAL,WE,Towers with Radar,21,24,12,0,57,1,46,9,0,56,22,70,21,0,113,0,0,0,113
07/09/2020,JNU,AK,AAL,WE,Towers with Radar,23,8,9,0,40,1,97,17,0,115,24,105,26,0,155,0,0,0,155
07/10/2020,JNU,AK,AAL,WE,Towers with Radar,21,14,5,0,40,0,144,24,3,171,21,158,29,3,211,0,0,0,211
07/11/2020,JNU,AK,AAL,WE,Towers with Radar,18,13,4,0,35,1,108,23,0,132,19,121,27,0,167,20,0,20,187
07/12/2020,JNU,AK,AAL,WE,Towers with Radar,20,2,12,0,34,1,94,36,0,131,21,96,48,0,165,10,0,10,175
07/13/2020,JNU,AK,AAL,WE,Towers with Radar,20,7,9,0,36,0,121,31,2,154,20,128,40,2,190,26,0,26,216
07/14/2020,JNU,AK,AAL,WE,Towers with Radar,22,4,15,0,41,1,95,21,0,117,23,99,36,0,158,10,0,10,168
07/15/2020,JNU,AK,AAL,WE,Towers with Radar,22,4,11,2,39,0,126,58,3,187,22,130,69,5,226,34,0,34,260
07/16/2020,JNU,AK,AAL,WE,Towers with Radar,22,5,5,0,32,2,142,46,0,190,24,147,51,0,222,18,0,18,240
07/17/2020,JNU,AK,AAL,WE,Towers with Radar,17,8,3,0,28,0,142,34,0,176,17,150,37,0,204,2,0,2,206
07/18/2020,JNU,AK,AAL,WE,Towers with Radar,20,11,8,0,39,0,17,6,0,23,20,28,14,0,62,0,0,0,62
07/19/2020,JNU,AK,AAL,WE,Towers with Radar,21,6,6,0,33,0,64,10,0,74,21,70,16,0,107,0,0,0,107
07/20/2020,JNU,AK,AAL,WE,Towers with Radar,17,17,10,0,44,0,36,6,0,42,17,53,16,0,86,0,0,0,86
07/21/2020,JNU,AK,AAL,WE,Towers with Radar,23,7,4,2,36,1,123,41,1,166,24,130,45,3,202,24,0,24,226
07/22/2020,JNU,AK,AAL,WE,Towers with Radar,21,8,7,0,36,2,133,49,0,184,23,141,56,0,220,17,0,17,237
07/23/2020,JNU,AK,AAL,WE,Towers with Radar,24,6,12,0,42,0,94,29,2,125,24,100,41,2,167,2,0,2,169
07/24/2020,JNU,AK,AAL,WE,Towers with Radar,24,4,8,2,38,2,119,26,0,147,26,123,34,2,185,20,0,20,205
07/25/2020,JNU,AK,AAL,WE,Towers with Radar,18,8,15,0,41,0,64,25,0,89,18,72,40,0,130,0,0,0,130
07/26/2020,JNU,AK,AAL,WE,Towers with Radar,23,0,11,0,34,0,67,19,0,86,23,67,30,0,120,4,0,4,124
07/27/2020,JNU,AK,AAL,WE,Towers with Radar,20,4,3,2,29,0,131,41,0,172,20,135,44,2,201,12,0,12,213
07/28/2020,JNU,AK,AAL,WE,Towers with Radar,22,9,2,0,33,2,157,52,0,211,24,166,54,0,244,2,0,2,246
07/29/2020,JNU,AK,AAL,WE,Towers with Radar,20,0,0,0,20,3,195,59,0,257,23,195,59,0,277,18,0,18,295
07/30/2020,JNU,AK,AAL,WE,Towers with Radar,22,0,6,0,28,2,197,81,0,280,24,197,87,0,308,14,0,14,322
07/31/2020,JNU,AK,AAL,WE,Towers with Radar,19,5,3,1,28,3,210,82,0,295,22,215,85,1,323,12,0,12,335
08/01/2020,JNU,AK,AAL,WE,Towers with Radar,17,5,9,0,31,0,90,18,0,108,17,95,27,0,139,0,0,0,139
08/02/2020,JNU,AK,AAL,WE,Towers with Radar,19,1,10,0,30,0,88,30,0,118,19,89,40,0,148,0,0,0,148
08/03/2020,JNU,AK,AAL,WE,Towers with Radar,20,5,13,0,38,0,91,27,0,118,20,96,40,0,156,14,0,14,170
08/04/2020,JNU,AK,AAL,WE,Towers with Radar,22,5,18,0,45,2,75,17,0,94,24,80,35,0,139,0,0,0,139
08/05/2020,JNU,AK,AAL,WE,Towers with Radar,22,7,7,0,36,0,140,36,0,176,22,147,43,0,212,18,0,18,230
08/06/2020,JNU,AK,AAL,WE,Towers with Radar,27,8,4,0,39,2,155,46,0,203,29,163,50,0,242,6,2,8,250
08/07/2020,JNU,AK,AAL,WE,Towers with Radar,23,14,4,0,41,0,136,28,2,166,23,150,32,2,207,0,0,0,207
08/08/2020,JNU,AK,AAL,WE,Towers with Radar,19,7,8,0,34,0,101,30,0,131,19,108,38,0,165,8,0,8,173
08/09/2020,JNU,AK,AAL,WE,Towers with Radar,23,0,2,0,25,0,31,5,0,36,23,31,7,0,61,4,0,4,65
08/10/2020,JNU,AK,AAL,WE,Towers with Radar,22,10,7,0,39,0,120,17,0,137,22,130,24,0,176,12,0,12,188
08/11/2020,JNU,AK,AAL,WE,Towers with Radar,26,7,7,0,40,5,120,41,0,166,31,127,48,0,206,20,0,20,226
08/12/2020,JNU,AK,AAL,WE,Towers with Radar,20,4,13,0,37,0,79,35,0,114,20,83,48,0,151,20,0,20,171
08/13/2020,JNU,AK,AAL,WE,Towers with Radar,22,3,6,0,31,5,107,40,0,152,27,110,46,0,183,10,0,10,193
08/14/2020,JNU,AK,AAL,WE,Towers with Radar,21,13,16,0,50,0,97,27,0,124,21,110,43,0,174,10,0,10,184
08/15/2020,JNU,AK,AAL,WE,Towers with Radar,19,9,16,2,46,0,48,14,1,63,19,57,30,3,109,4,0,4,113
08/16/2020,JNU,AK,AAL,WE,Towers with Radar,24,8,7,0,39,2,61,20,0,83,26,69,27,0,122,12,0,12,134
08/17/2020,JNU,AK,AAL,WE,Towers with Radar,21,13,3,0,37,0,119,21,2,142,21,132,24,2,179,2,0,2,181
08/18/2020,JNU,AK,AAL,WE,Towers with Radar,21,16,0,1,38,0,79,35,1,115,21,95,35,2,153,8,0,8,161
08/19/2020,JNU,AK,AAL,WE,Towers with Radar,24,8,4,1,37,2,166,75,0,243,26,174,79,1,280,22,0,22,302
08/20/2020,JNU,AK,AAL,WE,Towers with Radar,23,9,3,0,35,1,147,39,0,187,24,156,42,0,222,24,0,24,246
08/21/2020,JNU,AK,AAL,WE,Towers with Radar,24,2,7,0,33,1,134,36,0,171,25,136,43,0,204,18,0,18,222
08/22/2020,JNU,AK,AAL,WE,Towers with Radar,22,13,18,0,53,0,54,26,0,80,22,67,44,0,133,14,0,14,147
08/23/2020,JNU,AK,AAL,WE,Towers with Radar,21,5,10,0,36,0,16,11,0,27,21,21,21,0,63,0,0,0,63
08/24/2020,JNU,AK,AAL,WE,Towers with Radar,20,21,11,0,52,2,74,33,0,109,22,95,44,0,161,4,0,4,165
08/25/2020,JNU,AK,AAL,WE,Towers with Radar,20,5,14,0,39,1,86,24,0,111,21,91,38,0,150,2,0,2,152
08/26/2020,JNU,AK,AAL,WE,Towers with Radar,23,5,6,0,34,1,112,40,2,155,24,117,46,2,189,12,0,12,201
08/27/2020,JNU,AK,AAL,WE,Towers with Radar,23,1,1,0,25,1,133,42,2,178,24,134,43,2,203,0,0,0,203
08/28/2020,JNU,AK,AAL,WE,Towers with Radar,22,10,4,2,38,1,82,26,2,111,23,92,30,4,149,0,0,0,149
08/29/2020,JNU,AK,AAL,WE,Towers with Radar,21,6,3,0,30,0,168,65,0,233,21,174,68,0,263,38,1,39,302
08/30/2020,JNU,AK,AAL,WE,Towers with Radar,24,6,8,0,38,0,39,21,0,60,24,45,29,0,98,0,0,0,98
08/31/2020,JNU,AK,AAL,WE,Towers with Radar,18,6,8,0,32,1,82,23,0,106,19,88,31,0,138,26,0,26,164
09/01/2020,JNU,AK,AAL,WE,Towers with Radar,17,7,11,0,35,0,74,26,0,100,17,81,37,0,135,4,0,4,139
09/02/2020,JNU,AK,AAL,WE,Towers with Radar,17,8,12,1,38,0,61,14,0,75,17,69,26,1,113,0,0,0,113
09/03/2020,JNU,AK,AAL,WE,Towers with Radar,18,6,4,0,28,0,93,26,0,119,18,99,30,0,147,0,0,0,147
09/04/2020,JNU,AK,AAL,WE,Towers with Radar,16,6,4,0,26,1,110,40,0,151,17,116,44,0,177,8,0,8,185
09/05/2020,JNU,AK,AAL,WE,Towers with Radar,16,18,2,0,36,0,103,60,0,163,16,121,62,0,199,4,0,4,203
09/06/2020,JNU,AK,AAL,WE,Towers with Radar,19,6,4,2,31,1,86,52,0,139,20,92,56,2,170,0,0,0,170
09/07/2020,JNU,AK,AAL,WE,Towers with Radar,16,4,6,0,26,1,80,27,0,108,17,84,33,0,134,0,0,0,134
09/08/2020,JNU,AK,AAL,WE,Towers with Radar,21,10,8,0,39,0,32,15,3,50,21,42,23,3,89,0,0,0,89
09/09/2020,JNU,AK,AAL,WE,Towers with Radar,18,13,7,2,40,0,98,32,0,130,18,111,39,2,170,0,0,0,170
09/10/2020,JNU,AK,AAL,WE,Towers with Radar,15,3,6,0,24,1,100,62,0,163,16,103,68,0,187,12,0,12,199
09/11/2020,JNU,AK,AAL,WE,Towers with Radar,15,6,4,0,25,2,134,56,2,194,17,140,60,2,219,6,0,6,225
09/12/2020,JNU,AK,AAL,WE,Towers with Radar,16,2,3,0,21,2,101,59,0,162,18,103,62,0,183,16,0,16,199
09/13/2020,JNU,AK,AAL,WE,Towers with Radar,21,0,0,0,21,3,71,47,0,121,24,71,47,0,142,18,0,18,160
09/14/2020,JNU,AK,AAL,WE,Towers with Radar,15,5,4,0,24,3,155,63,0,221,18,160,67,0,245,6,0,6,251
09/15/2020,JNU,AK,AAL,WE,Towers with Radar,12,2,0,1,15,2,117,37,2,158,14,119,37,3,173,2,0,2,175
09/16/2020,JNU,AK,AAL,WE,Towers with Radar,18,4,1,0,23,2,132,35,2,171,20,136,36,2,194,4,0,4,198
09/17/2020,JNU,AK,AAL,WE,Towers with Radar,13,4,3,0,20,3,134,33,2,172,16,138,36,2,192,0,0,0,192
09/18/2020,JNU,AK,AAL,WE,Towers with Radar,18,10,4,1,33,0,77,12,2,91,18,87,16,3,124,0,0,0,124
09/19/2020,JNU,AK,AAL,WE,Towers with Radar,22,4,0,0,26,0,94,34,0,128,22,98,34,0,154,22,0,22,176
09/20/2020,JNU,AK,AAL,WE,Towers with Radar,20,0,7,0,27,3,56,44,1,104,23,56,51,1,131,0,0,0,131
09/21/2020,JNU,AK,AAL,WE,Towers with Radar,16,8,9,2,35,1,79,28,4,112,17,87,37,6,147,0,6,6,153
09/22/2020,JNU,AK,AAL,WE,Towers with Radar,19,5,8,0,32,2,74,23,2,101,21,79,31,2,133,8,2,10,143
09/23/2020,JNU,AK,AAL,WE,Towers with Radar,19,7,7,0,33,0,81,14,0,95,19,88,21,0,128,4,0,4,132
09/24/2020,JNU,AK,AAL,WE,Towers with Radar,22,9,12,0,43,2,63,13,0,78,24,72,25,0,121,6,0,6,127
09/25/2020,JNU,AK,AAL,WE,Towers with Radar,17,36,0,2,55,1,78,13,5,97,18,114,13,7,152,0,0,0,152
09/26/2020,JNU,AK,AAL,WE,Towers with Radar,19,11,4,0,34,0,69,17,0,86,19,80,21,0,120,0,1,1,121
09/27/2020,JNU,AK,AAL,WE,Towers with Radar,18,0,0,0,18,0,10,3,0,13,18,10,3,0,31,0,0,0,31
09/28/2020,JNU,AK,AAL,WE,Towers with Radar,20,9,0,0,29,0,97,15,0,112,20,106,15,0,141,2,0,2,143
09/29/2020,JNU,AK,AAL,WE,Towers with Radar,17,5,0,0,22,0,84,20,0,104,17,89,20,0,126,2,0,2,128
09/30/2020,JNU,AK,AAL,WE,Towers with Radar,19,2,6,0,27,3,55,26,0,84,22,57,32,0,111,0,0,0,111
10/01/2020,JNU,AK,AAL,WE,Towers with Radar,17,20,2,0,39,0,54,42,3,99,17,74,44,3,138,24,0,24,162
10/02/2020,JNU,AK,AAL,WE,Towers with Radar,23,5,14,0,42,0,21,9,2,32,23,26,23,2,74,0,0,0,74
10/03/2020,JNU,AK,AAL,WE,Towers with Radar,21,9,6,0,36,0,86,24,0,110,21,95,30,0,146,2,0,2,148
10/04/2020,JNU,AK,AAL,WE,Towers with Radar,18,5,2,0,25,0,23,7,2,32,18,28,9,2,57,12,0,12,69
10/05/2020,JNU,AK,AAL,WE,Towers with Radar,15,7,5,0,27,0,79,14,1,94,15,86,19,1,121,4,0,4,125
10/06/2020,JNU,AK,AAL,WE,Towers with Radar,17,8,5,2,32,0,61,31,0,92,17,69,36,2,124,6,0,6,130
10/07/2020,JNU,AK,AAL,WE,Towers with Radar,19,6,2,0,27,0,96,32,0,128,19,102,34,0,155,6,0,6,161
10/08/2020,JNU,AK,AAL,WE,Towers with Radar,14,14,4,2,34,4,100,25,1,130,18,114,29,3,164,10,0,10,174
10/09/2020,JNU,AK,AAL,WE,Towers with Radar,19,6,4,0,29,0,73,24,2,99,19,79,28,2,128,10,0,10,138
10/10/2020,JNU,AK,AAL,WE,Towers with Radar,13,3,8,0,24,0,50,15,0,65,13,53,23,0,89,6,0,6,95
10/11/2020,JNU,AK,AAL,WE,Towers with Radar,18,0,5,2,25,0,39,20,0,59,18,39,25,2,84,0,0,0,84
10/12/2020,JNU,AK,AAL,WE,Towers with Radar,14,3,4,0,21,0,64,23,0,87,14,67,27,0,108,6,0,6,114
10/13/2020,JNU,AK,AAL,WE,Towers with Radar,16,4,4,0,24,0,81,37,0,118,16,85,41,0,142,22,0,22,164
10/14/2020,JNU,AK,AAL,WE,Towers with Radar,22,6,6,0,34,0,63,31,0,94,22,69,37,0,128,10,0,10,138
10/15/2020,JNU,AK,AAL,WE,Towers with Radar,15,13,2,0,30,0,60,5,0,65,15,73,7,0,95,8,0,8,103
10/16/2020,JNU,AK,AAL,WE,Towers with Radar,17,5,1,0,23,1,97,32,2,132,18,102,33,2,155,14,0,14,169
10/17/2020,JNU,AK,AAL,WE,Towers with Radar,16,4,1,1,22,1,88,19,0,108,17,92,20,1,130,0,0,0,130
10/18/2020,JNU,AK,AAL,WE,Towers with Radar,19,0,2,0,21,0,39,34,0,73,19,39,36,0,94,54,0,54,148
10/19/2020,JNU,AK,AAL,WE,Towers with Radar,17,12,0,0,29,0,77,8,2,87,17,89,8,2,116,6,0,6,122
10/20/2020,JNU,AK,AAL,WE,Towers with Radar,15,4,11,0,30,0,47,15,0,62,15,51,26,0,92,6,0,6,98
10/21/2020,JNU,AK,AAL,WE,Towers with Radar,13,5,3,0,21,3,84,16,0,103,16,89,19,0,124,0,0,0,124
10/22/2020,JNU,AK,AAL,WE,Towers with Radar,15,2,0,0,17,0,85,7,0,92,15,87,7,0,109,0,0,0,109
10/23/2020,JNU,AK,AAL,WE,Towers with Radar,18,0,0,0,18,1,87,33,0,121,19,87,33,0,139,10,0,10,149
10/24/2020,JNU,AK,AAL,WE,Towers with Radar,17,0,0,0,17,4,82,47,0,133,21,82,47,0,150,14,0,14,164
10/25/2020,JNU,AK,AAL,WE,Towers with Radar,18,8,2,0,28,0,8,2,0,10,18,16,4,0,38,6,0,6,44
10/26/2020,JNU,AK,AAL,WE,Towers with Radar,15,6,3,0,24,0,52,6,0,58,15,58,9,0,82,6,0,6,88
10/27/2020,JNU,AK,AAL,WE,Towers with Radar,15,5,0,0,20,1,70,15,0,86,16,75,15,0,106,20,0,20,126
10/28/2020,JNU,AK,AAL,WE,Towers with Radar,18,16,0,0,34,0,71,16,0,87,18,87,16,0,121,12,0,12,133
10/29/2020,JNU,AK,AAL,WE,Towers with Radar,17,7,0,0,24,0,75,8,0,83,17,82,8,0,107,0,0,0,107
10/30/2020,JNU,AK,AAL,WE,Towers with Radar,13,7,6,0,26,0,76,11,0,87,13,83,17,0,113,0,0,0,113
10/31/2020,JNU,AK,AAL,WE,Towers with Radar,16,3,7,0,26,1,19,2,0,22,17,22,9,0,48,0,0,0,48
11/01/2020,JNU,AK,AAL,WE,Towers with Radar,17,1,9,0,27,0,0,3,0,3,17,1,12,0,30,0,0,0,30
11/02/2020,JNU,AK,AAL,WE,Towers with Radar,14,7,4,0,25,0,20,1,0,21,14,27,5,0,46,0,0,0,46
11/03/2020,JNU,AK,AAL,WE,Towers with Radar,15,5,4,0,24,0,64,3,0,67,15,69,7,0,91,0,0,0,91
11/04/2020,JNU,AK,AAL,WE,Towers with Radar,15,12,7,0,34,0,43,5,0,48,15,55,12,0,82,8,0,8,90
11/05/2020,JNU,AK,AAL,WE,Towers with Radar,18,4,0,0,22,0,91,5,0,96,18,95,5,0,118,0,0,0,118
11/06/2020,JNU,AK,AAL,WE,Towers with Radar,16,7,3,1,27,0,23,16,0,39,16,30,19,1,66,24,0,24,90
11/07/2020,JNU,AK,AAL,WE,Towers with Radar,13,2,0,1,16,1,108,31,0,140,14,110,31,1,156,0,0,0,156
11/08/2020,JNU,AK,AAL,WE,Towers with Radar,17,1,4,0,22,0,10,1,0,11,17,11,5,0,33,2,0,2,35
11/09/2020,JNU,AK,AAL,WE,Towers with Radar,18,6,11,0,35,0,42,6,0,48,18,48,17,0,83,0,0,0,83
11/10/2020,JNU,AK,AAL,WE,Towers with Radar,15,3,1,0,19,1,111,22,2,136,16,114,23,2,155,12,0,12,167
11/11/2020,JNU,AK,AAL,WE,Towers with Radar,15,3,12,2,32,0,40,3,2,45,15,43,15,4,77,18,0,18,95
11/12/2020,JNU,AK,AAL,WE,Towers with Radar,15,2,10,2,29,0,54,4,0,58,15,56,14,2,87,0,0,0,87
11/13/2020,JNU,AK,AAL,WE,Towers with Radar,17,6,13,0,36,0,43,6,0,49,17,49,19,0,85,0,0,0,85
11/14/2020,JNU,AK,AAL,WE,Towers with Radar,17,18,1,0,36,0,50,3,0,53,17,68,4,0,89,0,0,0,89
11/15/2020,JNU,AK,AAL,WE,Towers with Radar,20,2,0,0,22,0,62,28,0,90,20,64,28,0,112,36,0,36,148
11/16/2020,JNU,AK,AAL,WE,Towers with Radar,17,6,1,1,25,0,73,12,2,87,17,79,13,3,112,10,0,10,122
11/17/2020,JNU,AK,AAL,WE,Towers with Radar,16,5,0,0,21,0,48,1,0,49,16,53,1,0,70,0,0,0,70
11/18/2020,JNU,AK,AAL,WE,Towers with Radar,18,11,2,0,31,0,66,4,4,74,18,77,6,4,105,0,0,0,105
11/19/2020,JNU,AK,AAL,WE,Towers with Radar,13,3,5,1,22,0,59,17,3,79,13,62,22,4,101,46,0,46,147
11/20/2020,JNU,AK,AAL,WE,Towers with Radar,13,6,7,2,28,0,61,11,0,72,13,67,18,2,100,20,0,20,120
11/21/2020,JNU,AK,AAL,WE,Towers with Radar,16,11,4,2,33,0,3,0,0,3,16,14,4,2,36,0,0,0,36
11/22/2020,JNU,AK,AAL,WE,Towers with Radar,14,4,10,0,28,0,36,20,0,56,14,40,30,0,84,16,0,16,100
11/23/2020,JNU,AK,AAL,WE,Towers with Radar,16,4,7,0,27,0,10,3,0,13,16,14,10,0,40,0,0,0,40
11/24/2020,JNU,AK,AAL,WE,Towers with Radar,16,9,3,0,28,0,76,7,0,83,16,85,10,0,111,12,0,12,123
11/25/2020,JNU,AK,AAL,WE,Towers with Radar,15,13,5,0,33,0,48,4,1,53,15,61,9,1,86,0,0,0,86
11/26/2020,JNU,AK,AAL,WE,Towers with Radar,8,1,5,0,14,0,2,5,0,7,8,3,10,0,21,16,0,16,37
11/27/2020,JNU,AK,AAL,WE,Towers with Radar,16,2,2,0,20,0,47,19,0,66,16,49,21,0,86,40,0,40,126
11/28/2020,JNU,AK,AAL,WE,Towers with Radar,10,4,0,0,14,0,0,1,0,1,10,4,1,0,15,0,0,0,15
11/29/2020,JNU,AK,AAL,WE,Towers with Radar,16,3,5,0,24,0,52,15,0,67,16,55,20,0,91,0,0,0,91
11/30/2020,JNU,AK,AAL,WE,Towers with Radar,15,2,5,0,22,1,53,16,0,70,16,55,21,0,92,4,0,4,96
12/01/2020,JNU,AK,AAL,WE,Towers with Radar,16,5,3,0,24,0,5,0,0,5,16,10,3,0,29,0,0,0,29
12/02/2020,JNU,AK,AAL,WE,Towers with Radar,18,4,2,0,24,1,33,8,3,45,19,37,10,3,69,0,0,0,69
12/03/2020,JNU,AK,AAL,WE,Towers with Radar,17,6,7,0,30,0,45,5,8,58,17,51,12,8,88,2,0,2,90
12/04/2020,JNU,AK,AAL,WE,Towers with Radar,16,10,0,0,26,0,30,4,8,42,16,40,4,8,68,0,0,0,68
12/05/2020,JNU,AK,AAL,WE,Towers with Radar,15,11,4,2,32,0,7,2,0,9,15,18,6,2,41,0,0,0,41
12/06/2020,JNU,AK,AAL,WE,Towers with Radar,17,2,0,0,19,0,8,3,0,11,17,10,3,0,30,0,0,0,30
12/07/2020,JNU,AK,AAL,WE,Towers with Radar,13,11,3,0,27,0,39,2,0,41,13,50,5,0,68,0,0,0,68
12/08/2020,JNU,AK,AAL,WE,Towers with Radar,16,9,3,0,28,0,77,18,0,95,16,86,21,0,123,0,0,0,123
12/09/2020,JNU,AK,AAL,WE,Towers with Radar,16,4,3,0,23,0,57,14,0,71,16,61,17,0,94,0,0,0,94
12/10/2020,JNU,AK,AAL,WE,Towers with Radar,19,7,6,0,32,1,64,11,3,79,20,71,17,3,111,10,0,10,121
12/11/2020,JNU,AK,AAL,WE,Towers with Radar,12,7,8,0,27,0,4,0,0,4,12,11,8,0,31,0,0,0,31
12/12/2020,JNU,AK,AAL,WE,Towers with Radar,11,4,1,0,16,0,4,0,0,4,11,8,1,0,20,0,0,0,20
12/13/2020,JNU,AK,AAL,WE,Towers with Radar,16,2,2,0,20,2,59,9,0,70,18,61,11,0,90,10,0,10,100
12/14/2020,JNU,AK,AAL,WE,Towers with Radar,16,6,1,1,24,0,4,1,0,5,16,10,2,1,29,0,0,0,29
12/15/2020,JNU,AK,AAL,WE,Towers with Radar,17,5,1,0,23,0,43,9,0,52,17,48,10,0,75,8,0,8,83
12/16/2020,JNU,AK,AAL,WE,Towers with Radar,13,6,1,0,20,0,0,0,0,0,13,6,1,0,20,0,0,0,20
12/17/2020,JNU,AK,AAL,WE,Towers with Radar,17,13,2,0,32,0,3,0,0,3,17,16,2,0,35,0,0,0,35
12/18/2020,JNU,AK,AAL,WE,Towers with Radar,18,14,3,0,35,2,61,10,1,74,20,75,13,1,109,4,0,4,113
12/19/2020,JNU,AK,AAL,WE,Towers with Radar,15,5,3,0,23,1,15,3,0,19,16,20,6,0,42,0,0,0,42
12/20/2020,JNU,AK,AAL,WE,Towers with Radar,15,0,3,1,19,0,21,19,0,40,15,21,22,1,59,34,0,34,93
12/21/2020,JNU,AK,AAL,WE,Towers with Radar,17,9,2,0,28,1,52,16,0,69,18,61,18,0,97,2,0,2,99
12/22/2020,JNU,AK,AAL,WE,Towers with Radar,15,2,8,0,25,1,37,8,0,46,16,39,16,0,71,0,0,0,71
12/23/2020,JNU,AK,AAL,WE,Towers with Radar,17,5,7,0,29,0,13,5,0,18,17,18,12,0,47,0,0,0,47
12/24/2020,JNU,AK,AAL,WE,Towers with Radar,25,5,11,0,41,1,13,2,0,16,26,18,13,0,57,2,0,2,59
12/25/2020,JNU,AK,AAL,WE,Towers with Radar,7,0,1,0,8,0,7,2,0,9,7,7,3,0,17,0,0,0,17
12/26/2020,JNU,AK,AAL,WE,Towers with Radar,16,4,1,0,21,0,47,20,0,67,16,51,21,0,88,12,0,12,100
12/27/2020,JNU,AK,AAL,WE,Towers with Radar,13,5,0,0,18,0,13,7,0,20,13,18,7,0,38,8,0,8,46
12/28/2020,JNU,AK,AAL,WE,Towers with Radar,16,9,1,0,26,0,54,10,0,64,16,63,11,0,90,0,0,0,90
12/29/2020,JNU,AK,AAL,WE,Towers with Radar,15,6,8,0,29,1,30,6,0,37,16,36,14,0,66,0,0,0,66
12/30/2020,JNU,AK,AAL,WE,Towers with Radar,14,7,4,0,25,0,0,0,0,0,14,7,4,0,25,0,0,0,25
12/31/2020,JNU,AK,AAL,WE,Towers with Radar,16,7,11,0,34,0,38,17,0,55,16,45,28,0,89,20,0,20,109
01/01/2021,JNU,AK,AAL,WE,Towers with Radar,9,0,2,0,11,1,3,13,0,17,10,3,15,0,28,14,0,14,42
01/02/2021,JNU,AK,AAL,WE,Towers with Radar,16,2,9,0,27,0,24,9,0,33,16,26,18,0,60,0,0,0,60
01/03/2021,JNU,AK,AAL,WE,Towers with Radar,15,3,1,0,19,0,19,5,0,24,15,22,6,0,43,0,0,0,43
01/04/2021,JNU,AK,AAL,WE,Towers with Radar,13,8,2,0,23,0,31,11,1,43,13,39,13,1,66,12,0,12,78
01/05/2021,JNU,AK,AAL,WE,Towers with Radar,17,7,3,0,27,0,29,2,0,31,17,36,5,0,58,8,0,8,66
01/06/2021,JNU,AK,AAL,WE,Towers with Radar,19,10,5,0,34,0,41,4,0,45,19,51,9,0,79,0,0,0,79
01/07/2021,JNU,AK,AAL,WE,Towers with Radar,16,9,3,0,28,0,26,5,0,31,16,35,8,0,59,0,0,0,59
01/08/2021,JNU,AK,AAL,WE,Towers with Radar,14,4,7,0,25,1,36,23,0,60,15,40,30,0,85,20,0,20,105
01/09/2021,JNU,AK,AAL,WE,Towers with Radar,14,3,8,0,25,0,27,3,0,30,14,30,11,0,55,16,0,16,71
01/10/2021,JNU,AK,AAL,WE,Towers with Radar,18,1,8,0,27,0,10,5,0,15,18,11,13,0,42,0,0,0,42
01/11/2021,JNU,AK,AAL,WE,Towers with Radar,19,6,6,0,31,0,45,3,3,51,19,51,9,3,82,6,10,16,98
01/12/2021,JNU,AK,AAL,WE,Towers with Radar,19,5,4,0,28,0,13,3,0,16,19,18,7,0,44,18,0,18,62
01/13/2021,JNU,AK,AAL,WE,Towers with Radar,19,3,3,1,26,0,39,5,2,46,19,42,8,3,72,10,0,10,82
01/14/2021,JNU,AK,AAL,WE,Towers with Radar,17,3,1,0,21,0,22,0,0,22,17,25,1,0,43,12,0,12,55
01/15/2021,JNU,AK,AAL,WE,Towers with Radar,19,13,2,0,34,0,29,2,2,33,19,42,4,2,67,8,0,8,75
01/16/2021,JNU,AK,AAL,WE,Towers with Radar,17,6,2,0,25,0,18,1,0,19,17,24,3,0,44,0,0,0,44
01/17/2021,JNU,AK,AAL,WE,Towers with Radar,17,6,2,0,25,0,14,10,0,24,17,20,12,0,49,6,0,6,55
01/18/2021,JNU,AK,AAL,WE,Towers with Radar,14,4,3,0,21,0,24,2,0,26,14,28,5,0,47,0,0,0,47
01/19/2021,JNU,AK,AAL,WE,Towers with Radar,18,8,13,0,39,2,63,16,2,83,20,71,29,2,122,10,0,10,132
01/20/2021,JNU,AK,AAL,WE,Towers with Radar,16,9,7,1,33,0,51,11,4,66,16,60,18,5,99,18,0,18,117
01/21/2021,JNU,AK,AAL,WE,Towers with Radar,17,3,7,0,27,1,65,38,0,104,18,68,45,0,131,36,0,36,167
01/22/2021,JNU,AK,AAL,WE,Towers with Radar,16,6,5,0,27,0,39,13,0,52,16,45,18,0,79,4,0,4,83
01/23/2021,JNU,AK,AAL,WE,Towers with Radar,11,4,1,0,16,0,0,0,0,0,11,4,1,0,16,0,0,0,16
01/24/2021,JNU,AK,AAL,WE,Towers with Radar,17,3,2,0,22,0,12,2,0,14,17,15,4,0,36,0,0,0,36
01/25/2021,JNU,AK,AAL,WE,Towers with Radar,14,4,3,0,21,0,94,20,0,114,14,98,23,0,135,10,0,10,145
01/26/2021,JNU,AK,AAL,WE,Towers with Radar,18,3,1,0,22,1,80,17,0,98,19,83,18,0,120,9,0,9,129
01/27/2021,JNU,AK,AAL,WE,Towers with Radar,20,3,0,0,23,0,81,3,0,84,20,84,3,0,107,4,0,4,111
01/28/2021,JNU,AK,AAL,WE,Towers with Radar,17,4,6,0,27,0,69,14,0,83,17,73,20,0,110,6,0,6,116
01/29/2021,JNU,AK,AAL,WE,Towers with Radar,18,6,10,0,34,0,33,7,0,40,18,39,17,0,74,26,0,26,100
01/30/2021,JNU,AK,AAL,WE,Towers with Radar,19,7,8,0,34,0,32,6,0,38,19,39,14,0,72,0,0,0,72
01/31/2021,JNU,AK,AAL,WE,Towers with Radar,17,2,0,0,19,0,21,30,0,51,17,23,30,0,70,8,0,8,78
02/01/2021,JNU,AK,AAL,WE,Towers with Radar,19,6,3,0,28,0,11,0,0,11,19,17,3,0,39,0,0,0,39
02/02/2021,JNU,AK,AAL,WE,Towers with Radar,18,3,0,3,24,0,48,22,1,71,18,51,22,4,95,18,0,18,113
02/03/2021,JNU,AK,AAL,WE,Towers with Radar,17,5,0,0,22,0,0,0,0,0,17,5,0,0,22,0,0,0,22
02/04/2021,JNU,AK,AAL,WE,Towers with Radar,18,14,6,1,39,0,39,2,0,41,18,53,8,1,80,0,0,0,80
02/05/2021,JNU,AK,AAL,WE,Towers with Radar,16,13,3,0,32,0,56,21,0,77,16,69,24,0,109,26,0,26,135
02/06/2021,JNU,AK,AAL,WE,Towers with Radar,18,11,0,0,29,0,37,15,2,54,18,48,15,2,83,34,0,34,117
02/07/2021,JNU,AK,AAL,WE,Towers with Radar,15,0,5,0,20,0,18,21,0,39,15,18,26,0,59,14,0,14,73
02/08/2021,JNU,AK,AAL,WE,Towers with Radar,14,0,6,0,20,2,29,5,0,36,16,29,11,0,56,4,0,4,60
02/09/2021,JNU,AK,AAL,WE,Towers with Radar,16,1,5,0,22,0,42,8,0,50,16,43,13,0,72,4,0,4,76
02/10/2021,JNU,AK,AAL,WE,Towers with Radar,17,1,1,0,19,0,36,5,0,41,17,37,6,0,60,0,2,2,62
02/11/2021,JNU,AK,AAL,WE,Towers with Radar,17,2,1,0,20,0,48,4,0,52,17,50,5,0,72,0,2,2,74
02/12/2021,JNU,AK,AAL,WE,Towers with Radar,18,3,2,0,23,0,59,4,0,63,18,62,6,0,86,0,0,0,86
02/13/2021,JNU,AK,AAL,WE,Towers with Radar,13,2,0,0,15,1,60,11,0,72,14,62,11,0,87,14,0,14,101
02/14/2021,JNU,AK,AAL,WE,Towers with Radar,20,2,2,0,24,0,24,16,0,40,20,26,18,0,64,18,0,18,82
02/15/2021,JNU,AK,AAL,WE,Towers with Radar,13,5,2,2,22,0,65,26,0,91,13,70,28,2,113,12,0,12,125
02/16/2021,JNU,AK,AAL,WE,Towers with Radar,21,5,6,0,32,0,12,5,0,17,21,17,11,0,49,0,0,0,49
02/17/2021,JNU,AK,AAL,WE,Towers with Radar,18,6,2,0,26,0,6,0,0,6,18,12,2,0,32,0,0,0,32
02/18/2021,JNU,AK,AAL,WE,Towers with Radar,16,7,2,0,25,0,38,7,2,47,16,45,9,2,72,8,0,8,80
02/19/2021,JNU,AK,AAL,WE,Towers with Radar,19,9,5,0,33,0,14,2,0,16,19,23,7,0,49,0,0,0,49
02/20/2021,JNU,AK,AAL,WE,Towers with Radar,14,4,2,0,20,0,0,0,0,0,14,4,2,0,20,0,0,0,20
02/21/2021,JNU,AK,AAL,WE,Towers with Radar,12,0,9,0,21,0,24,3,0,27,12,24,12,0,48,0,0,0,48
02/22/2021,JNU,AK,AAL,WE,Towers with Radar,11,19,5,0,35,0,36,5,0,41,11,55,10,0,76,10,0,10,86
02/23/2021,JNU,AK,AAL,WE,Towers with Radar,16,6,4,0,26,0,78,19,0,97,16,84,23,0,123,12,0,12,135
02/24/2021,JNU,AK,AAL,WE,Towers with Radar,14,13,0,0,27,0,12,0,0,12,14,25,0,0,39,0,0,0,39
02/25/2021,JNU,AK,AAL,WE,Towers with Radar,13,5,3,0,21,0,0,0,0,0,13,5,3,0,21,0,0,0,21
02/26/2021,JNU,AK,AAL,WE,Towers with Radar,18,0,0,0,18,0,95,25,3,123,18,95,25,3,141,29,0,29,170
02/27/2021,JNU,AK,AAL,WE,Towers with Radar,16,1,2,0,19,0,10,1,0,11,16,11,3,0,30,0,0,0,30
02/28/2021,JNU,AK,AAL,WE,Towers with Radar,16,3,5,0,24,0,15,7,0,22,16,18,12,0,46,0,0,0,46
03/01/2021,JNU,AK,AAL,WE,Towers with Radar,13,7,12,0,32,0,27,4,2,33,13,34,16,2,65,10,0,10,75
03/02/2021,JNU,AK,AAL,WE,Towers with Radar,15,6,9,0,30,0,55,8,0,63,15,61,17,0,93,0,0,0,93
03/03/2021,JNU,AK,AAL,WE,Towers with Radar,16,2,14,0,32,1,41,10,0,52,17,43,24,0,84,4,0,4,88
03/04/2021,JNU,AK,AAL,WE,Towers with Radar,12,2,0,0,14,0,72,23,0,95,12,74,23,0,109,12,0,12,121
03/05/2021,JNU,AK,AAL,WE,Towers with Radar,16,4,6,0,26,0,46,6,0,52,16,50,12,0,78,0,0,0,78
03/06/2021,JNU,AK,AAL,WE,Towers with Radar,13,2,3,0,18,0,58,18,1,77,13,60,21,1,95,20,0,20,115
03/07/2021,JNU,AK,AAL,WE,Towers with Radar,17,1,4,0,22,0,39,28,2,69,17,40,32,2,91,16,0,16,107
03/08/2021,JNU,AK,AAL,WE,Towers with Radar,16,6,0,0,22,0,69,17,0,86,16,75,17,0,108,8,0,8,116
03/09/2021,JNU,AK,AAL,WE,Towers with Radar,16,2,0,0,18,1,99,38,0,138,17,101,38,0,156,12,0,12,168
03/10/2021,JNU,AK,AAL,WE,Towers with Radar,14,4,4,0,22,0,54,7,0,61,14,58,11,0,83,2,0,2,85
03/11/2021,JNU,AK,AAL,WE,Towers with Radar,14,2,7,0,23,1,43,10,0,54,15,45,17,0,77,16,0,16,93
03/12/2021,JNU,AK,AAL,WE,Towers with Radar,20,4,9,0,33,0,46,17,0,63,20,50,26,0,96,0,0,0,96
03/13/2021,JNU,AK,AAL,WE,Towers with Radar,9,7,3,0,19,0,42,14,0,56,9,49,17,0,75,2,0,2,77
03/14/2021,JNU,AK,AAL,WE,Towers with Radar,12,0,1,0,13,0,56,28,0,84,12,56,29,0,97,20,0,20,117
03/15/2021,JNU,AK,AAL,WE,Towers with Radar,13,0,0,0,13,0,0,0,0,0,13,0,0,0,13,0,0,0,13
03/16/2021,JNU,AK,AAL,WE,Towers with Radar,17,6,3,0,26,0,59,5,0,64,17,65,8,0,90,0,0,0,90
03/17/2021,JNU,AK,AAL,WE,Towers with Radar,14,4,1,0,19,0,14,0,0,14,14,18,1,0,33,0,0,0,33
03/18/2021,JNU,AK,AAL,WE,Towers with Radar,13,5,5,1,24,0,88,32,0,120,13,93,37,1,144,16,0,16,160
03/19/2021,JNU,AK,AAL,WE,Towers with Radar,19,5,5,0,29,1,31,2,0,34,20,36,7,0,63,0,0,0,63
03/20/2021,JNU,AK,AAL,WE,Towers with Radar,11,8,7,0,26,0,36,8,0,44,11,44,15,0,70,0,0,0,70
03/21/2021,JNU,AK,AAL,WE,Towers with Radar,15,1,3,0,19,0,0,0,0,0,15,1,3,0,19,0,0,0,19
03/22/2021,JNU,AK,AAL,WE,Towers with Radar,17,10,11,0,38,0,28,3,0,31,17,38,14,0,69,0,0,0,69
03/23/2021,JNU,AK,AAL,WE,Towers with Radar,12,9,13,0,34,0,9,0,0,9,12,18,13,0,43,0,0,0,43
03/24/2021,JNU,AK,AAL,WE,Towers with Radar,15,15,4,0,34,0,56,8,0,64,15,71,12,0,98,8,0,8,106
03/25/2021,JNU,AK,AAL,WE,Towers with Radar,12,10,2,0,24,0,59,8,1,68,12,69,10,1,92,52,0,52,144
03/26/2021,JNU,AK,AAL,WE,Towers with Radar,14,7,1,0,22,0,95,5,0,100,14,102,6,0,122,6,0,6,128
03/27/2021,JNU,AK,AAL,WE,Towers with Radar,16,3,2,0,21,1,39,5,0,45,17,42,7,0,66,4,0,4,70
03/28/2021,JNU,AK,AAL,WE,Towers with Radar,12,0,0,0,12,0,94,32,0,126,12,94,32,0,138,38,0,38,176
03/29/2021,JNU,AK,AAL,WE,Towers with Radar,18,8,9,0,35,0,13,4,0,17,18,21,13,0,52,0,0,0,52
03/30/2021,JNU,AK,AAL,WE,Towers with Radar,19,9,14,0,42,0,72,9,0,81,19,81,23,0,123,2,0,2,125
03/31/2021,JNU,AK,AAL,WE,Towers with Radar,15,8,2,0,25,0,23,2,0,25,15,31,4,0,50,0,0,0,50
04/01/2021,JNU,AK,AAL,WE,Towers with Radar,17,7,16,1,41,0,78,6,1,85,17,85,22,2,126,26,0,26,152
04/02/2021,JNU,AK,AAL,WE,Towers with Radar,17,10,9,0,36,4,82,36,2,124,21,92,45,2,160,46,1,47,207
04/03/2021,JNU,AK,AAL,WE,Towers with Radar,8,9,1,1,19,0,71,18,0,89,8,80,19,1,108,8,0,8,116
04/04/2021,JNU,AK,AAL,WE,Towers with Radar,19,6,1,0,26,0,15,2,0,17,19,21,3,0,43,2,0,2,45
04/05/2021,JNU,AK,AAL,WE,Towers with Radar,15,17,2,0,34,0,85,7,0,92,15,102,9,0,126,22,0,22,148
04/06/2021,JNU,AK,AAL,WE,Towers with Radar,18,14,7,0,39,0,44,2,0,46,18,58,9,0,85,6,0,6,91
04/07/2021,JNU,AK,AAL,WE,Towers with Radar,13,19,1,0,33,0,121,19,0,140,13,140,20,0,173,6,0,6,179
04/08/2021,JNU,AK,AAL,WE,Towers with Radar,12,1,0,0,13,0,0,0,0,0,12,1,0,0,13,0,0,0,13
04/09/2021,JNU,AK,AAL,WE,Towers with Radar,22,5,4,0,31,0,40,2,0,42,22,45,6,0,73,0,0,0,73
04/10/2021,JNU,AK,AAL,WE,Towers with Radar,22,17,4,0,43,0,26,1,0,27,22,43,5,0,70,8,0,8,78
04/11/2021,JNU,AK,AAL,WE,Towers with Radar,17,8,8,0,33,0,75,25,0,100,17,83,33,0,133,20,0,20,153
04/12/2021,JNU,AK,AAL,WE,Towers with Radar,15,9,13,0,37,0,34,6,2,42,15,43,19,2,79,0,0,0,79
04/13/2021,JNU,AK,AAL,WE,Towers with Radar,15,16,7,0,38,0,68,4,0,72,15,84,11,0,110,0,0,0,110
04/14/2021,JNU,AK,AAL,WE,Towers with Radar,17,6,6,0,29,0,100,9,0,109,17,106,15,0,138,4,0,4,142
04/15/2021,JNU,AK,AAL,WE,Towers with Radar,16,15,5,0,36,0,81,25,0,106,16,96,30,0,142,2,0,2,144
04/16/2021,JNU,AK,AAL,WE,Towers with Radar,17,2,4,1,24,0,145,53,1,199,17,147,57,2,223,34,0,34,257
04/17/2021,JNU,AK,AAL,WE,Towers with Radar,17,1,0,0,18,1,96,30,0,127,18,97,30,0,145,0,0,0,145
04/18/2021,JNU,AK,AAL,WE,Towers with Radar,18,2,0,0,20,0,69,19,0,88,18,71,19,0,108,4,0,4,112
04/19/2021,JNU,AK,AAL,WE,Towers with Radar,18,1,0,1,20,0,134,37,0,171,18,135,37,1,191,18,0,18,209
04/20/2021,JNU,AK,AAL,WE,Towers with Radar,20,3,0,1,24,2,116,15,1,134,22,119,15,2,158,12,0,12,170
04/21/2021,JNU,AK,AAL,WE,Towers with Radar,20,3,1,0,24,5,113,14,0,132,25,116,15,0,156,0,0,0,156
04/22/2021,JNU,AK,AAL,WE,Towers with Radar,20,2,1,1,24,0,129,25,1,155,20,131,26,2,179,32,0,32,211
04/23/2021,JNU,AK,AAL,WE,Towers with Radar,15,1,1,1,18,2,103,17,1,123,17,104,18,2,141,4,0,4,145
04/24/2021,JNU,AK,AAL,WE,Towers with Radar,16,1,1,0,18,0,103,31,0,134,16,104,32,0,152,60,0,60,212
04/25/2021,JNU,AK,AAL,WE,Towers with Radar,17,1,4,0,22,1,59,33,2,95,18,60,37,2,117,22,0,22,139
04/26/2021,JNU,AK,AAL,WE,Towers with Radar,16,1,0,0,17,1,113,47,0,161,17,114,47,0,178,18,0,18,196
04/27/2021,JNU,AK,AAL,WE,Towers with Radar,17,14,0,0,31,0,93,16,0,109,17,107,16,0,140,18,0,18,158
04/28/2021,JNU,AK,AAL,WE,Towers with Radar,17,6,6,0,29,1,113,20,0,134,18,119,26,0,163,16,0,16,179
04/29/2021,JNU,AK,AAL,WE,Towers with Radar,14,10,14,1,39,0,14,5,0,19,14,24,19,1,58,0,0,0,58
04/30/2021,JNU,AK,AAL,WE,Towers with Radar,20,4,13,0,37,0,103,13,0,116,20,107,26,0,153,4,0,4,157
05/01/2021,JNU,AK,AAL,WE,Towers with Radar,16,6,7,0,29,2,93,26,0,121,18,99,33,0,150,0,0,0,150
05/02/2021,JNU,AK,AAL,WE,Towers with Radar,15,0,3,0,18,2,67,41,0,110,17,67,44,0,128,22,0,22,150
05/03/2021,JNU,AK,AAL,WE,Towers with Radar,17,15,4,0,36,0,94,7,0,101,17,109,11,0,137,4,0,4,141
05/04/2021,JNU,AK,AAL,WE,Towers with Radar,17,6,10,0,33,0,104,4,0,108,17,110,14,0,141,10,0,10,151
05/05/2021,JNU,AK,AAL,WE,Towers with Radar,19,5,2,0,26,2,141,41,2,186,21,146,43,2,212,36,0,36,248
05/06/2021,JNU,AK,AAL,WE,Towers with Radar,16,0,0,0,16,1,135,35,2,173,17,135,35,2,189,6,0,6,195
05/07/2021,JNU,AK,AAL,WE,Towers with Radar,20,10,11,0,41,1,106,18,0,125,21,116,29,0,166,14,0,14,180
05/08/2021,JNU,AK,AAL,WE,Towers with Radar,14,5,10,0,29,1,95,20,0,116,15,100,30,0,145,12,0,12,157
05/09/2021,JNU,AK,AAL,WE,Towers with Radar,21,2,15,0,38,1,54,28,0,83,22,56,43,0,121,0,0,0,121
05/10/2021,JNU,AK,AAL,WE,Towers with Radar,13,3,11,0,27,1,108,14,0,123,14,111,25,0,150,30,0,30,180
05/11/2021,JNU,AK,AAL,WE,Towers with Radar,14,4,7,0,25,1,119,24,0,144,15,123,31,0,169,34,0,34,203
05/12/2021,JNU,AK,AAL,WE,Towers with Radar,18,2,4,0,24,1,133,42,0,176,19,135,46,0,200,2,0,2,202
05/13/2021,JNU,AK,AAL,WE,Towers with Radar,18,6,17,2,43,0,132,21,1,154,18,138,38,3,197,0,0,0,197
05/14/2021,JNU,AK,AAL,WE,Towers with Radar,19,6,17,0,42,0,114,25,1,140,19,120,42,1,182,4,0,4,186
05/15/2021,JNU,AK,AAL,WE,Towers with Radar,17,4,9,0,30,0,68,14,0,82,17,72,23,0,112,8,0,8,120
05/16/2021,JNU,AK,AAL,WE,Towers with Radar,17,1,7,1,26,0,97,28,2,127,17,98,35,3,153,18,0,18,171
05/17/2021,JNU,AK,AAL,WE,Towers with Radar,16,4,1,0,21,0,148,45,2,195,16,152,46,2,216,4,0,4,220
05/18/2021,JNU,AK,AAL,WE,Towers with Radar,16,1,0,0,17,0,148,48,0,196,16,149,48,0,213,40,0,40,253
05/19/2021,JNU,AK,AAL,WE,Towers with Radar,16,1,3,0,20,0,143,43,9,195,16,144,46,9,215,4,0,4,219
05/20/2021,JNU,AK,AAL,WE,Towers with Radar,20,1,0,0,21,3,139,55,0,197,23,140,55,0,218,16,0,16,234
05/21/2021,JNU,AK,AAL,WE,Towers with Radar,22,2,11,0,35,1,99,17,0,117,23,101,28,0,152,4,0,4,156
05/22/2021,JNU,AK,AAL,WE,Towers with Radar,22,3,15,0,40,0,97,34,0,131,22,100,49,0,171,12,0,12,183
05/23/2021,JNU,AK,AAL,WE,Towers with Radar,22,4,14,0,40,0,87,42,0,129,22,91,56,0,169,12,0,12,181
05/24/2021,JNU,AK,AAL,WE,Towers with Radar,23,4,1,0,28,2,159,34,0,195,25,163,35,0,223,6,0,6,229
05/25/2021,JNU,AK,AAL,WE,Towers with Radar,22,3,2,0,27,2,161,29,2,194,24,164,31,2,221,6,0,6,227
05/26/2021,JNU,AK,AAL,WE,Towers with Radar,24,6,14,0,44,2,143,27,2,174,26,149,41,2,218,8,0,8,226
05/27/2021,JNU,AK,AAL,WE,Towers with Radar,24,3,5,0,32,2,225,55,0,282,26,228,60,0,314,0,0,0,314
05/28/2021,JNU,AK,AAL,WE,Towers with Radar,16,3,12,0,31,0,154,16,0,170,16,157,28,0,201,0,0,0,201
05/29/2021,JNU,AK,AAL,WE,Towers with Radar,22,2,15,0,39,0,123,17,0,140,22,125,32,0,179,4,0,4,183
05/30/2021,JNU,AK,AAL,WE,Towers with Radar,25,6,11,0,42,0,61,16,0,77,25,67,27,0,119,0,0,0,119
05/31/2021,JNU,AK,AAL,WE,Towers with Radar,24,2,14,0,40,0,3,5,3,11,24,5,19,3,51,0,0,0,51
06/01/2021,JNU,AK,AAL,WE,Towers with Radar,19,12,14,0,45,4,161,41,2,208,23,173,55,2,253,10,0,10,263
06/02/2021,JNU,AK,AAL,WE,Towers with Radar,19,18,17,0,54,0,37,1,0,38,19,55,18,0,92,0,0,0,92
06/03/2021,JNU,AK,AAL,WE,Towers with Radar,20,9,7,0,36,0,119,25,0,144,20,128,32,0,180,12,0,12,192
06/04/2021,JNU,AK,AAL,WE,Towers with Radar,21,6,10,0,37,3,177,24,0,204,24,183,34,0,241,6,0,6,247
06/05/2021,JNU,AK,AAL,WE,Towers with Radar,17,10,5,0,32,0,157,19,0,176,17,167,24,0,208,0,0,0,208
06/06/2021,JNU,AK,AAL,WE,Towers with Radar,26,4,6,0,36,0,156,25,0,181,26,160,31,0,217,0,0,0,217
06/07/2021,JNU,AK,AAL,WE,Towers with Radar,27,18,7,0,52,2,134,42,1,179,29,152,49,1,231,9,0,9,240
06/08/2021,JNU,AK,AAL,WE,Towers with Radar,26,2,5,0,33,0,185,52,1,238,26,187,57,1,271,6,0,6,277
06/09/2021,JNU,AK,AAL,WE,Towers with Radar,29,2,5,2,38,1,159,26,0,186,30,161,31,2,224,4,0,4,228
06/10/2021,JNU,AK,AAL,WE,Towers with Radar,26,7,8,0,41,0,153,17,0,170,26,160,25,0,211,12,0,12,223
06/11/2021,JNU,AK,AAL,WE,Towers with Radar,28,4,13,0,45,3,166,32,0,201,31,170,45,0,246,0,0,0,246
06/12/2021,JNU,AK,AAL,WE,Towers with Radar,29,4,12,0,45,0,164,36,0,200,29,168,48,0,245,0,0,0,245
06/13/2021,JNU,AK,AAL,WE,Towers with Radar,28,0,4,0,32,2,171,50,0,223,30,171,54,0,255,4,0,4,259
06/14/2021,JNU,AK,AAL,WE,Towers with Radar,26,4,6,0,36,5,212,49,0,266,31,216,55,0,302,4,0,4,306
06/15/2021,JNU,AK,AAL,WE,Towers with Radar,28,8,14,0,50,0,152,11,0,163,28,160,25,0,213,0,0,0,213
06/16/2021,JNU,AK,AAL,WE,Towers with Radar,30,8,4,0,42,3,201,39,0,243,33,209,43,0,285,8,0,8,293
06/17/2021,JNU,AK,AAL,WE,Towers with Radar,25,1,6,3,35,4,226,50,3,283,29,227,56,6,318,0,0,0,318
06/18/2021,JNU,AK,AAL,WE,Towers with Radar,29,8,19,0,56,2,157,29,0,188,31,165,48,0,244,6,0,6,250
06/19/2021,JNU,AK,AAL,WE,Towers with Radar,20,2,3,0,25,5,214,59,1,279,25,216,62,1,304,8,0,8,312
06/20/2021,JNU,AK,AAL,WE,Towers with Radar,31,11,14,0,56,2,144,30,0,176,33,155,44,0,232,0,0,0,232
06/21/2021,JNU,AK,AAL,WE,Towers with Radar,30,7,10,0,47,0,147,14,0,161,30,154,24,0,208,12,0,12,220
06/22/2021,JNU,AK,AAL,WE,Towers with Radar,29,8,10,0,47,0,221,60,0,281,29,229,70,0,328,26,0,26,354
06/23/2021,JNU,AK,AAL,WE,Towers with Radar,25,3,17,0,45,0,178,30,0,208,25,181,47,0,253,16,0,16,269
06/24/2021,JNU,AK,AAL,WE,Towers with Radar,34,7,27,0,68,0,36,4,0,40,34,43,31,0,108,0,0,0,108
06/25/2021,JNU,AK,AAL,WE,Towers with Radar,34,7,11,0,52,0,61,12,0,73,34,68,23,0,125,0,0,0,125
06/26/2021,JNU,AK,AAL,WE,Towers with Radar,25,8,7,0,40,4,156,34,0,194,29,164,41,0,234,8,0,8,242
06/27/2021,JNU,AK,AAL,WE,Towers with Radar,26,9,7,0,42,1,163,56,0,220,27,172,63,0,262,0,0,0,262
06/28/2021,JNU,AK,AAL,WE,Towers with Radar,26,3,8,0,37,1,220,50,0,271,27,223,58,0,308,12,0,12,320
06/29/2021,JNU,AK,AAL,WE,Towers with Radar,34,2,5,0,41,2,225,54,0,281,36,227,59,0,322,26,0,26,348
06/30/2021,JNU,AK,AAL,WE,Towers with Radar,31,5,6,0,42,5,198,67,3,273,36,203,73,3,315,30,0,30,345
07/01/2021,JNU,AK,AAL,WE,Towers with Radar,22,5,12,0,39,0,198,50,0,248,22,203,62,0,287,0,0,0,287
07/02/2021,JNU,AK,AAL,WE,Towers with Radar,24,4,13,1,42,2,195,35,0,232,26,199,48,1,274,8,0,8,282
07/03/2021,JNU,AK,AAL,WE,Towers with Radar,25,6,5,0,36,1,221,46,0,268,26,227,51,0,304,18,0,18,322
07/04/2021,JNU,AK,AAL,WE,Towers with Radar,31,1,7,0,39,1,70,48,0,119,32,71,55,0,158,0,0,0,158
07/05/2021,JNU,AK,AAL,WE,Towers with Radar,26,3,10,0,39,2,213,69,0,284,28,216,79,0,323,2,0,2,325
07/06/2021,JNU,AK,AAL,WE,Towers with Radar,27,5,4,0,36,1,198,33,0,232,28,203,37,0,268,18,0,18,286
07/07/2021,JNU,AK,AAL,WE,Towers with Radar,30,5,4,1,40,1,212,36,4,253,31,217,40,5,293,6,0,6,299
07/08/2021,JNU,AK,AAL,WE,Towers with Radar,28,5,17,0,50,1,171,30,0,202,29,176,47,0,252,6,0,6,258
07/09/2021,JNU,AK,AAL,WE,Towers with Radar,32,3,9,0,44,1,186,23,0,210,33,189,32,0,254,12,0,12,266
07/10/2021,JNU,AK,AAL,WE,Towers with Radar,24,13,8,0,45,4,179,31,0,214,28,192,39,0,259,4,0,4,263
07/11/2021,JNU,AK,AAL,WE,Towers with Radar,29,7,9,0,45,28,165,40,0,233,57,172,49,0,278,8,0,8,286
07/12/2021,JNU,AK,AAL,WE,Towers with Radar,24,6,22,0,52,0,141,15,2,158,24,147,37,2,210,0,0,0,210
07/13/2021,JNU,AK,AAL,WE,Towers with Radar,30,27,19,0,76,0,10,1,0,11,30,37,20,0,87,0,0,0,87
07/14/2021,JNU,AK,AAL,WE,Towers with Radar,29,8,14,0,51,1,216,42,0,259,30,224,56,0,310,25,0,25,335
07/15/2021,JNU,AK,AAL,WE,Towers with Radar,26,4,8,0,38,3,238,59,2,302,29,242,67,2,340,4,0,4,344
07/16/2021,JNU,AK,AAL,WE,Towers with Radar,32,6,14,0,52,3,227,63,1,294,35,233,77,1,346,0,0,0,346
07/17/2021,JNU,AK,AAL,WE,Towers with Radar,29,6,9,0,44,6,203,46,0,255,35,209,55,0,299,0,0,0,299
07/18/2021,JNU,AK,AAL,WE,Towers with Radar,25,4,10,0,39,0,146,38,0,184,25,150,48,0,223,30,0,30,253
07/19/2021,JNU,AK,AAL,WE,Towers with Radar,23,4,11,0,38,0,225,49,1,275,23,229,60,1,313,0,0,0,313
07/20/2021,JNU,AK,AAL,WE,Towers with Radar,30,3,14,0,47,2,264,63,0,329,32,267,77,0,376,4,0,4,380
07/21/2021,JNU,AK,AAL,WE,Towers with Radar,33,7,9,0,49,0,189,26,0,215,33,196,35,0,264,26,0,26,290
07/22/2021,JNU,AK,AAL,WE,Towers with Radar,33,7,16,0,56,1,188,21,0,210,34,195,37,0,266,0,0,0,266
07/23/2021,JNU,AK,AAL,WE,Towers with Radar,27,11,24,0,62,4,209,14,0,227,31,220,38,0,289,0,0,0,289
07/24/2021,JNU,AK,AAL,WE,Towers with Radar,26,12,17,0,55,1,149,25,0,175,27,161,42,0,230,4,0,4,234
07/25/2021,JNU,AK,AAL,WE,Towers with Radar,26,2,12,0,40,1,211,47,0,259,27,213,59,0,299,0,0,0,299
07/26/2021,JNU,AK,AAL,WE,Towers with Radar,30,6,10,1,47,5,315,51,1,372,35,321,61,2,419,0,0,0,419
07/27/2021,JNU,AK,AAL,WE,Towers with Radar,31,5,6,0,42,2,265,31,0,298,33,270,37,0,340,0,0,0,340
07/28/2021,JNU,AK,AAL,WE,Towers with Radar,23,3,4,0,30,2,277,44,0,323,25,280,48,0,353,6,0,6,359
07/29/2021,JNU,AK,AAL,WE,Towers with Radar,29,2,7,0,38,1,227,46,0,274,30,229,53,0,312,12,0,12,324
07/30/2021,JNU,AK,AAL,WE,Towers with Radar,29,4,10,0,43,9,278,56,0,343,38,282,66,0,386,14,0,14,400
07/31/2021,JNU,AK,AAL,WE,Towers with Radar,26,6,9,0,41,2,244,63,0,309,28,250,72,0,350,0,0,0,350
08/01/2021,JNU,AK,AAL,WE,Towers with Radar,28,2,12,0,42,1,168,33,1,203,29,170,45,1,245,28,0,28,273
08/02/2021,JNU,AK,AAL,WE,Towers with Radar,25,7,15,0,47,3,295,53,0,351,28,302,68,0,398,2,0,2,400
08/03/2021,JNU,AK,AAL,WE,Towers with Radar,32,6,13,0,51,1,281,35,0,317,33,287,48,0,368,0,0,0,368
08/04/2021,JNU,AK,AAL,WE,Towers with Radar,27,13,13,0,53,1,212,29,0,242,28,225,42,0,295,6,0,6,301
08/05/2021,JNU,AK,AAL,WE,Towers with Radar,30,10,4,0,44,2,249,26,0,277,32,259,30,0,321,14,0,14,335
08/06/2021,JNU,AK,AAL,WE,Towers with Radar,27,17,13,0,57,0,117,14,0,131,27,134,27,0,188,0,0,0,188
08/07/2021,JNU,AK,AAL,WE,Towers with Radar,21,10,16,0,47,0,114,28,0,142,21,124,44,0,189,0,0,0,189
08/08/2021,JNU,AK,AAL,WE,Towers with Radar,23,12,10,1,46,0,114,11,0,125,23,126,21,1,171,8,1,9,180
08/09/2021,JNU,AK,AAL,WE,Towers with Radar,28,4,19,0,51,0,207,17,0,224,28,211,36,0,275,0,0,0,275
08/10/2021,JNU,AK,AAL,WE,Towers with Radar,25,7,23,2,57,0,106,8,1,115,25,113,31,3,172,0,0,0,172
08/11/2021,JNU,AK,AAL,WE,Towers with Radar,28,17,9,0,54,0,161,10,0,171,28,178,19,0,225,12,0,12,237
08/12/2021,JNU,AK,AAL,WE,Towers with Radar,25,7,21,0,53,0,93,10,0,103,25,100,31,0,156,0,0,0,156
08/13/2021,JNU,AK,AAL,WE,Towers with Radar,25,12,12,1,50,0,71,8,0,79,25,83,20,1,129,0,0,0,129
08/14/2021,JNU,AK,AAL,WE,Towers with Radar,24,6,13,0,43,1,237,21,0,259,25,243,34,0,302,0,0,0,302
08/15/2021,JNU,AK,AAL,WE,Towers with Radar,26,19,12,0,57,0,174,44,0,218,26,193,56,0,275,4,0,4,279
08/16/2021,JNU,AK,AAL,WE,Towers with Radar,26,9,10,1,46,1,277,42,0,320,27,286,52,1,366,0,0,0,366
08/17/2021,JNU,AK,AAL,WE,Towers with Radar,24,14,18,0,56,0,146,5,1,152,24,160,23,1,208,0,0,0,208
08/18/2021,JNU,AK,AAL,WE,Towers with Radar,26,9,16,0,51,0,67,7,0,74,26,76,23,0,125,0,0,0,125
08/19/2021,JNU,AK,AAL,WE,Towers with Radar,24,8,7,1,40,1,196,26,0,223,25,204,33,1,263,8,0,8,271
08/20/2021,JNU,AK,AAL,WE,Towers with Radar,24,8,13,1,46,0,187,34,0,221,24,195,47,1,267,10,0,10,277
08/21/2021,JNU,AK,AAL,WE,Towers with Radar,24,7,4,0,35,2,239,37,0,278,26,246,41,0,313,0,0,0,313
08/22/2021,JNU,AK,AAL,WE,Towers with Radar,25,4,10,0,39,1,225,63,0,289,26,229,73,0,328,0,0,0,328
08/23/2021,JNU,AK,AAL,WE,Towers with Radar,21,3,2,0,26,0,322,65,0,387,21,325,67,0,413,24,0,24,437
08/24/2021,JNU,AK,AAL,WE,Towers with Radar,24,12,16,0,52,0,152,20,0,172,24,164,36,0,224,6,0,6,230
08/25/2021,JNU,AK,AAL,WE,Towers with Radar,27,6,20,0,53,0,199,23,0,222,27,205,43,0,275,4,0,4,279
08/26/2021,JNU,AK,AAL,WE,Towers with Radar,31,8,13,1,53,1,203,26,0,230,32,211,39,1,283,0,0,0,283
08/27/2021,JNU,AK,AAL,WE,Towers with Radar,27,11,20,0,58,0,225,19,0,244,27,236,39,0,302,6,0,6,308
08/28/2021,JNU,AK,AAL,WE,Towers with Radar,24,17,9,0,50,0,109,17,0,126,24,126,26,0,176,0,0,0,176
08/29/2021,JNU,AK,AAL,WE,Towers with Radar,21,4,8,0,33,0,136,20,0,156,21,140,28,0,189,14,0,14,203
08/30/2021,JNU,AK,AAL,WE,Towers with Radar,22,8,12,0,42,0,255,69,2,326,22,263,81,2,368,0,0,0,368
08/31/2021,JNU,AK,AAL,WE,Towers with Radar,25,33,5,0,63,1,202,49,0,252,26,235,54,0,315,16,0,16,331
09/01/2021,JNU,AK,AAL,WE,Towers with Radar,34,9,5,0,48,0,224,41,0,265,34,233,46,0,313,14,0,14,327
09/02/2021,JNU,AK,AAL,WE,Towers with Radar,23,11,16,0,50,0,90,14,0,104,23,101,30,0,154,0,0,0,154
09/03/2021,JNU,AK,AAL,WE,Towers with Radar,23,8,8,0,39,0,12,3,3,18,23,20,11,3,57,0,0,0,57
09/04/2021,JNU,AK,AAL,WE,Towers with Radar,29,8,11,0,48,0,219,34,0,253,29,227,45,0,301,18,0,18,319
09/05/2021,JNU,AK,AAL,WE,Towers with Radar,27,3,12,0,42,0,123,20,0,143,27,126,32,0,185,0,0,0,185
09/06/2021,JNU,AK,AAL,WE,Towers with Radar,20,4,5,0,29,4,191,22,0,217,24,195,27,0,246,0,0,0,246
09/07/2021,JNU,AK,AAL,WE,Towers with Radar,34,15,6,0,55,1,149,26,1,177,35,164,32,1,232,20,0,20,252
09/08/2021,JNU,AK,AAL,WE,Towers with Radar,24,17,12,1,54,0,71,11,0,82,24,88,23,1,136,2,0,2,138
09/09/2021,JNU,AK,AAL,WE,Towers with Radar,25,10,3,0,38,0,150,26,1,177,25,160,29,1,215,4,8,12,227
09/10/2021,JNU,AK,AAL,WE,Towers with Radar,27,9,9,0,45,0,118,6,0,124,27,127,15,0,169,0,0,0,169
09/11/2021,JNU,AK,AAL,WE,Towers with Radar,18,24,10,0,52,0,61,12,0,73,18,85,22,0,125,6,0,6,131
09/12/2021,JNU,AK,AAL,WE,Towers with Radar,22,5,11,0,38,1,49,9,0,59,23,54,20,0,97,0,0,0,97
09/13/2021,JNU,AK,AAL,WE,Towers with Radar,19,13,10,0,42,1,68,9,0,78,20,81,19,0,120,0,0,0,120
09/14/2021,JNU,AK,AAL,WE,Towers with Radar,25,5,8,1,39,0,127,29,1,157,25,132,37,2,196,6,0,6,202
09/15/2021,JNU,AK,AAL,WE,Towers with Radar,24,8,7,0,39,0,127,24,0,151,24,135,31,0,190,0,0,0,190
09/16/2021,JNU,AK,AAL,WE,Towers with Radar,30,9,10,0,49,1,116,10,0,127,31,125,20,0,176,0,0,0,176
09/17/2021,JNU,AK,AAL,WE,Towers with Radar,32,7,9,0,48,1,217,31,0,249,33,224,40,0,297,8,0,8,305
09/18/2021,JNU,AK,AAL,WE,Towers with Radar,18,4,7,0,29,0,135,42,0,177,18,139,49,0,206,18,0,18,224
09/19/2021,JNU,AK,AAL,WE,Towers with Radar,19,1,2,0,22,0,122,47,0,169,19,123,49,0,191,0,0,0,191
09/20/2021,JNU,AK,AAL,WE,Towers with Radar,22,5,15,0,42,0,103,6,0,109,22,108,21,0,151,0,0,0,151
09/21/2021,JNU,AK,AAL,WE,Towers with Radar,25,8,8,0,41,1,80,5,0,86,26,88,13,0,127,0,0,0,127
09/22/2021,JNU,AK,AAL,WE,Towers with Radar,28,14,3,0,45,1,157,17,0,175,29,171,20,0,220,12,0,12,232
09/23/2021,JNU,AK,AAL,WE,Towers with Radar,25,8,7,0,40,0,48,4,0,52,25,56,11,0,92,0,0,0,92
09/24/2021,JNU,AK,AAL,WE,Towers with Radar,22,2,5,0,29,0,116,10,0,126,22,118,15,0,155,8,0,8,163
09/25/2021,JNU,AK,AAL,WE,Towers with Radar,22,6,4,0,32,0,91,35,0,126,22,97,39,0,158,0,0,0,158
09/26/2021,JNU,AK,AAL,WE,Towers with Radar,23,3,4,0,30,1,136,34,0,171,24,139,38,0,201,0,0,0,201
09/27/2021,JNU,AK,AAL,WE,Towers with Radar,24,3,6,0,33,0,81,15,0,96,24,84,21,0,129,11,0,11,140
09/28/2021,JNU,AK,AAL,WE,Towers with Radar,26,5,7,0,38,0,122,26,0,148,26,127,33,0,186,22,0,22,208
09/29/2021,JNU,AK,AAL,WE,Towers with Radar,25,11,8,0,44,1,107,15,3,126,26,118,23,3,170,10,0,10,180
09/30/2021,JNU,AK,AAL,WE,Towers with Radar,26,7,9,0,42,0,85,12,0,97,26,92,21,0,139,12,0,12,151
10/01/2021,JNU,AK,AAL,WE,Towers with Radar,18,4,2,0,24,0,4,0,0,4,18,8,2,0,28,0,0,0,28
10/02/2021,JNU,AK,AAL,WE,Towers with Radar,19,8,3,0,30,0,43,10,5,58,19,51,13,5,88,6,0,6,94
10/03/2021,JNU,AK,AAL,WE,Towers with Radar,18,5,5,0,28,0,66,14,0,80,18,71,19,0,108,10,0,10,118
10/04/2021,JNU,AK,AAL,WE,Towers with Radar,14,1,2,0,17,2,142,38,0,182,16,143,40,0,199,4,0,4,203
10/05/2021,JNU,AK,AAL,WE,Towers with Radar,18,2,0,0,20,2,103,37,0,142,20,105,37,0,162,6,0,6,168
10/06/2021,JNU,AK,AAL,WE,Towers with Radar,17,2,1,0,20,1,171,22,0,194,18,173,23,0,214,34,0,34,248
10/07/2021,JNU,AK,AAL,WE,Towers with Radar,18,5,8,0,31,0,65,4,0,69,18,70,12,0,100,6,0,6,106
10/08/2021,JNU,AK,AAL,WE,Towers with Radar,19,9,5,0,33,0,54,2,0,56,19,63,7,0,89,4,0,4,93
10/09/2021,JNU,AK,AAL,WE,Towers with Radar,16,7,3,0,26,0,62,1,0,63,16,69,4,0,89,0,0,0,89
10/10/2021,JNU,AK,AAL,WE,Towers with Radar,14,10,5,0,29,0,59,28,0,87,14,69,33,0,116,0,0,0,116
10/11/2021,JNU,AK,AAL,WE,Towers with Radar,16,5,4,0,25,0,65,3,0,68,16,70,7,0,93,4,0,4,97
10/12/2021,JNU,AK,AAL,WE,Towers with Radar,19,2,12,0,33,0,32,4,0,36,19,34,16,0,69,0,0,0,69
10/13/2021,JNU,AK,AAL,WE,Towers with Radar,21,8,10,0,39,0,40,4,1,45,21,48,14,1,84,0,0,0,84
10/14/2021,JNU,AK,AAL,WE,Towers with Radar,19,10,0,0,29,0,80,13,3,96,19,90,13,3,125,12,2,14,139
10/15/2021,JNU,AK,AAL,WE,Towers with Radar,18,3,5,0,26,0,91,5,1,97,18,94,10,1,123,2,0,2,125
10/16/2021,JNU,AK,AAL,WE,Towers with Radar,18,2,1,0,21,0,102,54,0,156,18,104,55,0,177,18,0,18,195
10/17/2021,JNU,AK,AAL,WE,Towers with Radar,19,3,1,0,23,1,106,34,0,141,20,109,35,0,164,38,10,48,212
10/18/2021,JNU,AK,AAL,WE,Towers with Radar,19,4,0,0,23,2,102,5,0,109,21,106,5,0,132,10,0,10,142
10/19/2021,JNU,AK,AAL,WE,Towers with Radar,14,3,6,2,25,0,76,6,0,82,14,79,12,2,107,0,0,0,107
10/20/2021,JNU,AK,AAL,WE,Towers with Radar,16,7,4,0,27,1,120,9,0,130,17,127,13,0,157,0,0,0,157
10/21/2021,JNU,AK,AAL,WE,Towers with Radar,20,2,3,2,27,0,83,11,0,94,20,85,14,2,121,0,0,0,121
10/22/2021,JNU,AK,AAL,WE,Towers with Radar,8,6,2,0,16,0,17,5,0,22,8,23,7,0,38,0,0,0,38
10/23/2021,JNU,AK,AAL,WE,Towers with Radar,15,5,5,0,25,0,61,12,0,73,15,66,17,0,98,2,0,2,100
10/24/2021,JNU,AK,AAL,WE,Towers with Radar,16,2,0,0,18,0,61,19,0,80,16,63,19,0,98,6,0,6,104
10/25/2021,JNU,AK,AAL,WE,Towers with Radar,23,2,1,0,26,0,83,15,1,99,23,85,16,1,125,14,0,14,139
10/26/2021,JNU,AK,AAL,WE,Towers with Radar,19,5,7,0,31,1,79,4,0,84,20,84,11,0,115,0,0,0,115
10/27/2021,JNU,AK,AAL,WE,Towers with Radar,18,10,12,0,40,0,67,9,0,76,18,77,21,0,116,0,0,0,116
10/28/2021,JNU,AK,AAL,WE,Towers with Radar,18,5,2,2,27,3,80,11,2,96,21,85,13,4,123,10,0,10,133
10/29/2021,JNU,AK,AAL,WE,Towers with Radar,16,8,1,0,25,0,63,7,0,70,16,71,8,0,95,14,0,14,109
10/30/2021,JNU,AK,AAL,WE,Towers with Radar,18,4,3,0,25,0,49,17,0,66,18,53,20,0,91,8,0,8,99
10/31/2021,JNU,AK,AAL,WE,Towers with Radar,1,1,0,0,2,0,0,0,0,0,1,1,0,0,2,0,0,0,2
11/01/2021,JNU,AK,AAL,WE,Towers with Radar,12,9,7,0,28,1,83,10,0,94,13,92,17,0,122,0,0,0,122
11/02/2021,JNU,AK,AAL,WE,Towers with Radar,23,9,4,0,36,0,105,30,0,135,23,114,34,0,171,26,0,26,197
11/03/2021,JNU,AK,AAL,WE,Towers with Radar,22,6,1,0,29,0,60,10,0,70,22,66,11,0,99,4,0,4,103
11/04/2021,JNU,AK,AAL,WE,Towers with Radar,16,5,1,0,22,0,83,11,2,96,16,88,12,2,118,0,0,0,118
11/05/2021,JNU,AK,AAL,WE,Towers with Radar,15,3,6,3,27,0,91,9,2,102,15,94,15,5,129,24,0,24,153
11/06/2021,JNU,AK,AAL,WE,Towers with Radar,16,2,2,0,20,0,60,9,0,69,16,62,11,0,89,6,0,6,95
11/07/2021,JNU,AK,AAL,WE,Towers with Radar,11,2,0,0,13,0,60,33,0,93,11,62,33,0,106,24,0,24,130
11/08/2021,JNU,AK,AAL,WE,Towers with Radar,15,3,1,0,19,0,89,12,1,102,15,92,13,1,121,0,0,0,121
11/09/2021,JNU,AK,AAL,WE,Towers with Radar,23,10,8,0,41,0,50,6,0,56,23,60,14,0,97,0,0,0,97
11/10/2021,JNU,AK,AAL,WE,Towers with Radar,16,20,8,0,44,0,54,11,0,65,16,74,19,0,109,4,0,4,113
11/11/2021,JNU,AK,AAL,WE,Towers with Radar,22,14,3,0,39,0,67,15,2,84,22,81,18,2,123,0,0,0,123
11/12/2021,JNU,AK,AAL,WE,Towers with Radar,18,6,4,0,28,0,59,4,0,63,18,65,8,0,91,0,0,0,91
11/13/2021,JNU,AK,AAL,WE,Towers with Radar,13,1,9,0,23,0,56,10,0,66,13,57,19,0,89,10,0,10,99
11/14/2021,JNU,AK,AAL,WE,Towers with Radar,18,4,0,0,22,0,54,27,0,81,18,58,27,0,103,60,0,60,163
11/15/2021,JNU,AK,AAL,WE,Towers with Radar,14,1,1,0,16,0,73,21,0,94,14,74,22,0,110,20,0,20,130
11/16/2021,JNU,AK,AAL,WE,Towers with Radar,10,9,6,0,25,0,45,7,0,52,10,54,13,0,77,0,0,0,77
11/17/2021,JNU,AK,AAL,WE,Towers with Radar,17,10,7,0,34,0,57,8,0,65,17,67,15,0,99,4,0,4,103
11/18/2021,JNU,AK,AAL,WE,Towers with Radar,20,2,1,0,23,0,6,0,0,6,20,8,1,0,29,0,0,0,29
11/19/2021,JNU,AK,AAL,WE,Towers with Radar,15,9,1,0,25,0,83,8,0,91,15,92,9,0,116,0,0,0,116
11/20/2021,JNU,AK,AAL,WE,Towers with Radar,13,5,0,0,18,1,37,2,0,40,14,42,2,0,58,16,0,16,74
11/21/2021,JNU,AK,AAL,WE,Towers with Radar,15,1,4,0,20,0,0,0,0,0,15,1,4,0,20,0,0,0,20
11/22/2021,JNU,AK,AAL,WE,Towers with Radar,11,2,7,0,20,0,31,3,0,34,11,33,10,0,54,0,0,0,54
11/23/2021,JNU,AK,AAL,WE,Towers with Radar,18,0,7,0,25,0,18,4,0,22,18,18,11,0,47,0,0,0,47
11/24/2021,JNU,AK,AAL,WE,Towers with Radar,21,5,6,0,32,0,24,2,0,26,21,29,8,0,58,0,0,0,58
11/25/2021,JNU,AK,AAL,WE,Towers with Radar,11,0,4,0,15,1,0,0,0,1,12,0,4,0,16,0,0,0,16
11/26/2021,JNU,AK,AAL,WE,Towers with Radar,11,6,3,0,20,0,26,6,0,32,11,32,9,0,52,6,0,6,58
11/27/2021,JNU,AK,AAL,WE,Towers with Radar,16,8,5,1,30,1,21,4,3,29,17,29,9,4,59,8,0,8,67
11/28/2021,JNU,AK,AAL,WE,Towers with Radar,23,9,6,0,38,0,48,7,0,55,23,57,13,0,93,0,0,0,93
11/29/2021,JNU,AK,AAL,WE,Towers with Radar,15,5,10,0,30,2,20,3,0,25,17,25,13,0,55,0,0,0,55
11/30/2021,JNU,AK,AAL,WE,Towers with Radar,18,4,2,0,24,0,6,1,0,7,18,10,3,0,31,0,0,0,31
12/01/2021,JNU,AK,AAL,WE,Towers with Radar,18,8,4,0,30,0,40,5,0,45,18,48,9,0,75,0,0,0,75
12/02/2021,JNU,AK,AAL,WE,Towers with Radar,17,3,2,0,22,2,43,6,0,51,19,46,8,0,73,28,0,28,101
12/03/2021,JNU,AK,AAL,WE,Towers with Radar,16,8,3,0,27,0,47,5,0,52,16,55,8,0,79,2,0,2,81
12/04/2021,JNU,AK,AAL,WE,Towers with Radar,9,3,3,1,16,0,53,20,0,73,9,56,23,1,89,16,0,16,105
12/05/2021,JNU,AK,AAL,WE,Towers with Radar,22,5,4,0,31,0,0,0,0,0,22,5,4,0,31,0,0,0,31
12/06/2021,JNU,AK,AAL,WE,Towers with Radar,23,5,12,0,40,1,35,2,0,38,24,40,14,0,78,0,0,0,78
12/07/2021,JNU,AK,AAL,WE,Towers with Radar,16,0,5,0,21,0,10,0,0,10,16,10,5,0,31,12,0,12,43
12/08/2021,JNU,AK,AAL,WE,Towers with Radar,20,4,5,2,31,0,4,0,0,4,20,8,5,2,35,0,0,0,35
12/09/2021,JNU,AK,AAL,WE,Towers with Radar,22,11,6,0,39,0,17,0,0,17,22,28,6,0,56,0,0,0,56
12/10/2021,JNU,AK,AAL,WE,Towers with Radar,16,9,4,0,29,0,30,1,0,31,16,39,5,0,60,0,0,0,60
12/11/2021,JNU,AK,AAL,WE,Towers with Radar,13,9,0,0,22,0,45,13,2,60,13,54,13,2,82,10,0,10,92
12/12/2021,JNU,AK,AAL,WE,Towers with Radar,21,4,8,0,33,0,33,2,0,35,21,37,10,0,68,4,0,4,72
12/13/2021,JNU,AK,AAL,WE,Towers with Radar,18,8,0,0,26,0,59,13,0,72,18,67,13,0,98,18,0,18,116
12/14/2021,JNU,AK,AAL,WE,Towers with Radar,0,0,0,0,0,0,0,0,0,0,0,0,0,0,0,0,0,0,0
12/15/2021,JNU,AK,AAL,WE,Towers with Radar,0,0,0,0,0,0,0,0,0,0,0,0,0,0,0,0,0,0,0
12/16/2021,JNU,AK,AAL,WE,Towers with Radar,0,0,0,0,0,0,0,0,0,0,0,0,0,0,0,0,0,0,0
12/17/2021,JNU,AK,AAL,WE,Towers with Radar,0,0,0,0,0,0,0,0,0,0,0,0,0,0,0,0,0,0,0
12/18/2021,JNU,AK,AAL,WE,Towers with Radar,0,0,0,0,0,0,0,0,0,0,0,0,0,0,0,0,0,0,0
12/19/2021,JNU,AK,AAL,WE,Towers with Radar,0,0,0,0,0,0,0,0,0,0,0,0,0,0,0,0,0,0,0
12/20/2021,JNU,AK,AAL,WE,Towers with Radar,0,0,0,0,0,0,0,0,0,0,0,0,0,0,0,0,0,0,0
12/21/2021,JNU,AK,AAL,WE,Towers with Radar,0,0,0,0,0,0,0,0,0,0,0,0,0,0,0,0,0,0,0
12/22/2021,JNU,AK,AAL,WE,Towers with Radar,19,1,1,0,21,1,78,0,0,79,20,79,1,0,100,0,0,0,100
12/23/2021,JNU,AK,AAL,WE,Towers with Radar,19,9,0,0,28,1,59,0,0,60,20,68,0,0,88,0,0,0,88
12/24/2021,JNU,AK,AAL,WE,Towers with Radar,16,1,0,0,17,1,45,9,2,57,17,46,9,2,74,10,0,10,84
12/25/2021,JNU,AK,AAL,WE,Towers with Radar,8,0,2,0,10,1,1,4,0,6,9,1,6,0,16,16,0,16,32
12/26/2021,JNU,AK,AAL,WE,Towers with Radar,11,1,0,0,12,0,20,7,0,27,11,21,7,0,39,0,0,0,39
12/27/2021,JNU,AK,AAL,WE,Towers with Radar,11,1,2,0,14,0,31,2,1,34,11,32,4,1,48,0,0,0,48
12/28/2021,JNU,AK,AAL,WE,Towers with Radar,13,0,0,1,14,2,44,15,3,64,15,44,15,4,78,10,0,10,88
12/29/2021,JNU,AK,AAL,WE,Towers with Radar,17,4,0,0,21,1,12,0,0,13,18,16,0,0,34,0,0,0,34
12/30/2021,JNU,AK,AAL,WE,Towers with Radar,20,7,0,0,27,0,53,11,0,64,20,60,11,0,91,10,2,12,103
12/31/2021,JNU,AK,AAL,WE,Towers with Radar,15,0,0,0,15,0,0,0,0,0,15,0,0,0,15,0,0,0,15
01/01/2022,JNU,AK,AAL,WE,Towers with Radar,5,2,1,0,8,0,0,0,0,0,5,2,1,0,8,0,0,0,8
01/02/2022,JNU,AK,AAL,WE,Towers with Radar,16,2,3,0,21,1,23,2,0,26,17,25,5,0,47,0,0,0,47
01/03/2022,JNU,AK,AAL,WE,Towers with Radar,1,3,1,0,5,0,9,0,0,9,1,12,1,0,14,0,0,0,14
01/04/2022,JNU,AK,AAL,WE,Towers with Radar,21,3,0,0,24,0,42,2,0,44,21,45,2,0,68,0,0,0,68
01/05/2022,JNU,AK,AAL,WE,Towers with Radar,12,3,7,0,22,0,43,1,0,44,12,46,8,0,66,12,0,12,78
01/06/2022,JNU,AK,AAL,WE,Towers with Radar,18,6,2,0,26,1,26,2,0,29,19,32,4,0,55,4,0,4,59
01/07/2022,JNU,AK,AAL,WE,Towers with Radar,22,4,0,0,26,0,58,1,0,59,22,62,1,0,85,0,0,0,85
01/08/2022,JNU,AK,AAL,WE,Towers with Radar,15,5,1,0,21,0,21,4,2,27,15,26,5,2,48,6,0,6,54
01/09/2022,JNU,AK,AAL,WE,Towers with Radar,10,1,0,0,11,0,0,0,0,0,10,1,0,0,11,0,0,0,11
01/10/2022,JNU,AK,AAL,WE,Towers with Radar,15,7,1,0,23,0,21,0,0,21,15,28,1,0,44,2,0,2,46
01/11/2022,JNU,AK,AAL,WE,Towers with Radar,16,10,2,0,28,0,27,2,0,29,16,37,4,0,57,0,0,0,57
01/12/2022,JNU,AK,AAL,WE,Towers with Radar,23,13,5,0,41,0,73,5,0,78,23,86,10,0,119,0,0,0,119
01/13/2022,JNU,AK,AAL,WE,Towers with Radar,18,5,2,0,25,0,59,1,0,60,18,64,3,0,85,2,0,2,87
01/14/2022,JNU,AK,AAL,WE,Towers with Radar,18,6,4,0,28,0,34,5,0,39,18,40,9,0,67,4,0,4,71
01/15/2022,JNU,AK,AAL,WE,Towers with Radar,20,6,3,0,29,0,36,4,0,40,20,42,7,0,69,0,0,0,69
01/16/2022,JNU,AK,AAL,WE,Towers with Radar,19,4,0,0,23,0,0,0,0,0,19,4,0,0,23,0,0,0,23
01/17/2022,JNU,AK,AAL,WE,Towers with Radar,20,7,2,0,29,0,64,26,0,90,20,71,28,0,119,24,0,24,143
01/18/2022,JNU,AK,AAL,WE,Towers with Radar,16,2,4,0,22,1,44,16,0,61,17,46,20,0,83,28,0,28,111
01/19/2022,JNU,AK,AAL,WE,Towers with Radar,17,3,1,0,21,0,6,0,0,6,17,9,1,0,27,0,0,0,27
01/20/2022,JNU,AK,AAL,WE,Towers with Radar,20,7,4,0,31,0,50,2,1,53,20,57,6,1,84,0,0,0,84
01/21/2022,JNU,AK,AAL,WE,Towers with Radar,21,8,5,0,34,0,35,0,1,36,21,43,5,1,70,0,0,0,70
01/22/2022,JNU,AK,AAL,WE,Towers with Radar,19,12,6,0,37,0,35,1,0,36,19,47,7,0,73,0,0,0,73
01/23/2022,JNU,AK,AAL,WE,Towers with Radar,15,9,4,0,28,0,41,6,0,47,15,50,10,0,75,0,0,0,75
01/24/2022,JNU,AK,AAL,WE,Towers with Radar,17,9,9,0,35,0,45,3,0,48,17,54,12,0,83,0,0,0,83
01/25/2022,JNU,AK,AAL,WE,Towers with Radar,19,4,4,0,27,0,66,3,0,69,19,70,7,0,96,6,0,6,102
01/26/2022,JNU,AK,AAL,WE,Towers with Radar,11,0,0,0,11,0,8,4,0,12,11,8,4,0,23,0,0,0,23
01/27/2022,JNU,AK,AAL,WE,Towers with Radar,20,4,4,0,28,0,31,9,0,40,20,35,13,0,68,8,0,8,76
01/28/2022,JNU,AK,AAL,WE,Towers with Radar,18,8,9,0,35,0,53,2,0,55,18,61,11,0,90,0,0,0,90
01/29/2022,JNU,AK,AAL,WE,Towers with Radar,11,7,5,0,23,0,21,1,0,22,11,28,6,0,45,0,0,0,45
01/30/2022,JNU,AK,AAL,WE,Towers with Radar,18,5,8,0,31,0,12,0,0,12,18,17,8,0,43,0,0,0,43
01/31/2022,JNU,AK,AAL,WE,Towers with Radar,16,6,3,0,25,0,86,27,0,113,16,92,30,0,138,26,0,26,164
02/01/2022,JNU,AK,AAL,WE,Towers with Radar,19,1,2,0,22,1,73,9,0,83,20,74,11,0,105,16,0,16,121
02/02/2022,JNU,AK,AAL,WE,Towers with Radar,15,0,0,0,15,0,0,0,0,0,15,0,0,0,15,0,0,0,15
02/03/2022,JNU,AK,AAL,WE,Towers with Radar,14,0,1,0,15,0,0,0,0,0,14,0,1,0,15,0,0,0,15
02/04/2022,JNU,AK,AAL,WE,Towers with Radar,15,0,0,0,15,0,0,0,0,0,15,0,0,0,15,0,0,0,15
02/05/2022,JNU,AK,AAL,WE,Towers with Radar,16,5,3,0,24,0,38,1,0,39,16,43,4,0,63,0,0,0,63
02/06/2022,JNU,AK,AAL,WE,Towers with Radar,16,2,5,0,23,1,43,0,0,44,17,45,5,0,67,0,0,0,67
02/07/2022,JNU,AK,AAL,WE,Towers with Radar,14,4,5,0,23,0,58,14,0,72,14,62,19,0,95,12,0,12,107
02/08/2022,JNU,AK,AAL,WE,Towers with Radar,18,9,9,0,36,0,39,4,1,44,18,48,13,1,80,2,0,2,82
02/09/2022,JNU,AK,AAL,WE,Towers with Radar,18,11,4,0,33,1,36,1,0,38,19,47,5,0,71,0,0,0,71
02/10/2022,JNU,AK,AAL,WE,Towers with Radar,20,6,1,0,27,1,97,25,0,123,21,103,26,0,150,24,0,24,174
02/11/2022,JNU,AK,AAL,WE,Towers with Radar,14,4,4,1,23,0,12,1,0,13,14,16,5,1,36,0,0,0,36
02/12/2022,JNU,AK,AAL,WE,Towers with Radar,19,13,9,0,41,1,67,18,1,87,20,80,27,1,128,12,0,12,140
02/13/2022,JNU,AK,AAL,WE,Towers with Radar,20,8,2,0,30,0,37,9,0,46,20,45,11,0,76,12,0,12,88
02/14/2022,JNU,AK,AAL,WE,Towers with Radar,16,4,1,0,21,1,96,26,0,123,17,100,27,0,144,24,0,24,168
02/15/2022,JNU,AK,AAL,WE,Towers with Radar,18,15,2,0,35,0,48,10,0,58,18,63,12,0,93,0,0,0,93
02/16/2022,JNU,AK,AAL,WE,Towers with Radar,14,18,7,0,39,0,24,0,0,24,14,42,7,0,63,0,0,0,63
02/17/2022,JNU,AK,AAL,WE,Towers with Radar,17,4,3,0,24,0,71,1,2,74,17,75,4,2,98,4,0,4,102
02/18/2022,JNU,AK,AAL,WE,Towers with Radar,20,9,6,0,35,0,37,7,0,44,20,46,13,0,79,0,0,0,79
02/19/2022,JNU,AK,AAL,WE,Towers with Radar,15,10,10,0,35,0,57,5,0,62,15,67,15,0,97,4,0,4,101
02/20/2022,JNU,AK,AAL,WE,Towers with Radar,19,3,0,0,22,2,62,4,0,68,21,65,4,0,90,6,0,6,96
02/21/2022,JNU,AK,AAL,WE,Towers with Radar,23,6,7,0,36,1,103,30,0,134,24,109,37,0,170,10,2,12,182
02/22/2022,JNU,AK,AAL,WE,Towers with Radar,16,6,2,0,24,0,58,1,0,59,16,64,3,0,83,0,0,0,83
02/23/2022,JNU,AK,AAL,WE,Towers with Radar,17,4,2,0,23,1,56,8,0,65,18,60,10,0,88,8,0,8,96
02/24/2022,JNU,AK,AAL,WE,Towers with Radar,14,14,2,0,30,0,73,9,0,82,14,87,11,0,112,0,2,2,114
02/25/2022,JNU,AK,AAL,WE,Towers with Radar,17,13,9,0,39,0,37,1,0,38,17,50,10,0,77,0,0,0,77
02/26/2022,JNU,AK,AAL,WE,Towers with Radar,16,2,6,0,24,0,4,0,0,4,16,6,6,0,28,0,0,0,28
02/27/2022,JNU,AK,AAL,WE,Towers with Radar,18,12,4,0,34,0,65,1,0,66,18,77,5,0,100,0,0,0,100
02/28/2022,JNU,AK,AAL,WE,Towers with Radar,23,4,4,1,32,0,94,15,0,109,23,98,19,1,141,38,0,38,179
03/01/2022,JNU,AK,AAL,WE,Towers with Radar,20,5,3,2,30,0,20,5,0,25,20,25,8,2,55,0,0,0,55
03/02/2022,JNU,AK,AAL,WE,Towers with Radar,18,10,4,0,32,0,55,10,0,65,18,65,14,0,97,0,0,0,97
03/03/2022,JNU,AK,AAL,WE,Towers with Radar,17,4,0,0,21,0,71,11,0,82,17,75,11,0,103,10,0,10,113
03/04/2022,JNU,AK,AAL,WE,Towers with Radar,20,8,0,0,28,1,84,12,0,97,21,92,12,0,125,8,0,8,133
03/05/2022,JNU,AK,AAL,WE,Towers with Radar,16,8,8,2,34,1,32,9,0,42,17,40,17,2,76,14,0,14,90
03/06/2022,JNU,AK,AAL,WE,Towers with Radar,17,3,4,0,24,0,35,9,0,44,17,38,13,0,68,0,0,0,68
03/07/2022,JNU,AK,AAL,WE,Towers with Radar,18,5,2,2,27,1,75,12,0,88,19,80,14,2,115,6,0,6,121
03/08/2022,JNU,AK,AAL,WE,Towers with Radar,18,2,1,0,21,2,82,22,0,106,20,84,23,0,127,8,0,8,135
03/09/2022,JNU,AK,AAL,WE,Towers with Radar,15,5,3,0,23,0,67,8,0,75,15,72,11,0,98,0,0,0,98
03/10/2022,JNU,AK,AAL,WE,Towers with Radar,23,7,15,0,45,0,39,3,0,42,23,46,18,0,87,2,0,2,89
03/11/2022,JNU,AK,AAL,WE,Towers with Radar,20,5,5,0,30,0,9,0,0,9,20,14,5,0,39,0,0,0,39
03/12/2022,JNU,AK,AAL,WE,Towers with Radar,14,7,6,0,27,0,60,8,0,68,14,67,14,0,95,0,0,0,95
03/13/2022,JNU,AK,AAL,WE,Towers with Radar,21,12,1,0,34,1,38,5,0,44,22,50,6,0,78,4,0,4,82
03/14/2022,JNU,AK,AAL,WE,Towers with Radar,17,11,4,0,32,0,4,1,0,5,17,15,5,0,37,0,0,0,37
03/15/2022,JNU,AK,AAL,WE,Towers with Radar,22,2,5,0,29,0,43,6,0,49,22,45,11,0,78,10,0,10,88
03/16/2022,JNU,AK,AAL,WE,Towers with Radar,18,4,10,0,32,0,50,4,0,54,18,54,14,0,86,4,0,4,90
03/17/2022,JNU,AK,AAL,WE,Towers with Radar,16,5,11,0,32,0,66,7,0,73,16,71,18,0,105,0,0,0,105
03/18/2022,JNU,AK,AAL,WE,Towers with Radar,18,5,10,0,33,1,65,4,0,70,19,70,14,0,103,0,0,0,103
03/19/2022,JNU,AK,AAL,WE,Towers with Radar,18,6,1,7,32,1,67,17,0,85,19,73,18,7,117,6,0,6,123
03/20/2022,JNU,AK,AAL,WE,Towers with Radar,20,4,6,1,31,3,62,15,0,80,23,66,21,1,111,6,0,6,117
03/21/2022,JNU,AK,AAL,WE,Towers with Radar,15,9,11,2,37,1,45,5,0,51,16,54,16,2,88,0,0,0,88
03/22/2022,JNU,AK,AAL,WE,Towers with Radar,16,6,6,1,29,0,38,6,3,47,16,44,12,4,76,0,0,0,76
03/23/2022,JNU,AK,AAL,WE,Towers with Radar,15,5,9,0,29,0,65,7,1,73,15,70,16,1,102,6,0,6,108
03/24/2022,JNU,AK,AAL,WE,Towers with Radar,22,7,11,3,43,0,111,18,1,130,22,118,29,4,173,0,1,1,174
03/25/2022,JNU,AK,AAL,WE,Towers with Radar,22,7,10,2,41,0,63,12,0,75,22,70,22,2,116,0,0,0,116
03/26/2022,JNU,AK,AAL,WE,Towers with Radar,22,16,9,1,48,0,100,38,0,138,22,116,47,1,186,36,0,36,222
03/27/2022,JNU,AK,AAL,WE,Towers with Radar,18,1,4,2,25,2,78,39,0,119,20,79,43,2,144,24,0,24,168
03/28/2022,JNU,AK,AAL,WE,Towers with Radar,19,3,2,0,24,1,66,13,0,80,20,69,15,0,104,2,0,2,106
03/29/2022,JNU,AK,AAL,WE,Towers with Radar,18,9,13,0,40,0,44,6,0,50,18,53,19,0,90,6,0,6,96
03/30/2022,JNU,AK,AAL,WE,Towers with Radar,18,6,13,0,37,0,43,4,0,47,18,49,17,0,84,0,0,0,84
03/31/2022,JNU,AK,AAL,WE,Towers with Radar,19,7,6,0,32,0,85,13,0,98,19,92,19,0,130,0,0,0,130
04/01/2022,JNU,AK,AAL,WE,Towers with Radar,24,12,9,0,45,0,41,3,0,44,24,53,12,0,89,0,0,0,89
04/02/2022,JNU,AK,AAL,WE,Towers with Radar,22,12,17,0,51,0,46,5,0,51,22,58,22,0,102,0,0,0,102
04/03/2022,JNU,AK,AAL,WE,Towers with Radar,23,0,0,0,23,0,0,0,0,0,23,0,0,0,23,0,0,0,23
04/04/2022,JNU,AK,AAL,WE,Towers with Radar,21,3,5,0,29,0,149,45,0,194,21,152,50,0,223,6,0,6,229
04/05/2022,JNU,AK,AAL,WE,Towers with Radar,26,3,16,0,45,5,49,8,0,62,31,52,24,0,107,0,0,0,107
04/06/2022,JNU,AK,AAL,WE,Towers with Radar,30,6,8,0,44,2,139,15,0,156,32,145,23,0,200,0,0,0,200
04/07/2022,JNU,AK,AAL,WE,Towers with Radar,21,2,13,0,36,0,54,4,2,60,21,56,17,2,96,0,0,0,96
04/08/2022,JNU,AK,AAL,WE,Towers with Radar,31,7,11,0,49,0,77,16,0,93,31,84,27,0,142,10,0,10,152
04/09/2022,JNU,AK,AAL,WE,Towers with Radar,21,5,5,0,31,1,79,31,1,112,22,84,36,1,143,36,0,36,179
04/10/2022,JNU,AK,AAL,WE,Towers with Radar,22,2,1,0,25,1,98,25,3,127,23,100,26,3,152,26,0,26,178
04/11/2022,JNU,AK,AAL,WE,Towers with Radar,27,5,2,0,34,0,56,5,0,61,27,61,7,0,95,0,0,0,95
04/12/2022,JNU,AK,AAL,WE,Towers with Radar,22,3,1,0,26,2,75,11,0,88,24,78,12,0,114,0,0,0,114
04/13/2022,JNU,AK,AAL,WE,Towers with Radar,26,4,5,0,35,2,149,30,0,181,28,153,35,0,216,14,0,14,230
04/14/2022,JNU,AK,AAL,WE,Towers with Radar,27,5,4,0,36,2,140,31,0,173,29,145,35,0,209,25,0,25,234
04/15/2022,JNU,AK,AAL,WE,Towers with Radar,21,6,5,0,32,1,146,37,0,184,22,152,42,0,216,24,0,24,240
04/16/2022,JNU,AK,AAL,WE,Towers with Radar,18,4,0,0,22,0,96,25,0,121,18,100,25,0,143,12,0,12,155
04/17/2022,JNU,AK,AAL,WE,Towers with Radar,20,4,1,0,25,0,24,24,0,48,20,28,25,0,73,0,0,0,73
04/18/2022,JNU,AK,AAL,WE,Towers with Radar,21,5,1,0,27,4,135,26,0,165,25,140,27,0,192,6,0,6,198
04/19/2022,JNU,AK,AAL,WE,Towers with Radar,25,4,3,0,32,2,150,19,0,171,27,154,22,0,203,8,0,8,211
04/20/2022,JNU,AK,AAL,WE,Towers with Radar,22,1,3,0,26,1,140,42,0,183,23,141,45,0,209,36,0,36,245
04/21/2022,JNU,AK,AAL,WE,Towers with Radar,29,1,5,0,35,0,186,32,0,218,29,187,37,0,253,34,0,34,287
04/22/2022,JNU,AK,AAL,WE,Towers with Radar,29,4,7,0,40,1,146,17,0,164,30,150,24,0,204,0,0,0,204
04/23/2022,JNU,AK,AAL,WE,Towers with Radar,26,5,16,0,47,0,66,7,0,73,26,71,23,0,120,12,0,12,132
04/24/2022,JNU,AK,AAL,WE,Towers with Radar,27,3,7,0,37,1,69,22,0,92,28,72,29,0,129,0,0,0,129
04/25/2022,JNU,AK,AAL,WE,Towers with Radar,29,7,11,2,49,0,128,5,0,133,29,135,16,2,182,0,0,0,182
04/26/2022,JNU,AK,AAL,WE,Towers with Radar,28,5,11,3,47,1,89,6,3,99,29,94,17,6,146,0,0,0,146
04/27/2022,JNU,AK,AAL,WE,Towers with Radar,31,8,11,0,50,0,97,6,0,103,31,105,17,0,153,0,0,0,153
04/28/2022,JNU,AK,AAL,WE,Towers with Radar,23,13,7,0,43,0,179,20,0,199,23,192,27,0,242,26,12,38,280
04/29/2022,JNU,AK,AAL,WE,Towers with Radar,28,4,6,0,38,0,178,29,0,207,28,182,35,0,245,14,0,14,259
04/30/2022,JNU,AK,AAL,WE,Towers with Radar,22,14,1,0,37,0,118,31,0,149,22,132,32,0,186,6,0,6,192
05/01/2022,JNU,AK,AAL,WE,Towers with Radar,27,1,14,0,42,0,61,8,0,69,27,62,22,0,111,6,0,6,117
05/02/2022,JNU,AK,AAL,WE,Towers with Radar,29,12,10,0,51,0,212,13,0,225,29,224,23,0,276,12,0,12,288
05/03/2022,JNU,AK,AAL,WE,Towers with Radar,25,9,10,0,44,0,70,11,0,81,25,79,21,0,125,2,0,2,127
05/04/2022,JNU,AK,AAL,WE,Towers with Radar,27,7,14,0,48,0,190,8,0,198,27,197,22,0,246,0,0,0,246
05/05/2022,JNU,AK,AAL,WE,Towers with Radar,29,6,6,0,41,0,214,19,0,233,29,220,25,0,274,8,2,10,284
05/06/2022,JNU,AK,AAL,WE,Towers with Radar,23,2,10,0,35,0,87,13,0,100,23,89,23,0,135,22,0,22,157
05/07/2022,JNU,AK,AAL,WE,Towers with Radar,24,3,2,0,29,0,222,45,0,267,24,225,47,0,296,0,0,0,296
05/08/2022,JNU,AK,AAL,WE,Towers with Radar,27,0,7,0,34,1,223,39,0,263,28,223,46,0,297,8,0,8,305
05/09/2022,JNU,AK,AAL,WE,Towers with Radar,30,3,7,0,40,0,266,17,0,283,30,269,24,0,323,8,2,10,333
05/10/2022,JNU,AK,AAL,WE,Towers with Radar,21,2,7,0,30,0,113,10,0,123,21,115,17,0,153,6,0,6,159
05/11/2022,JNU,AK,AAL,WE,Towers with Radar,30,8,7,0,45,1,299,26,0,326,31,307,33,0,371,4,0,4,375
05/12/2022,JNU,AK,AAL,WE,Towers with Radar,25,4,9,0,38,2,229,40,0,271,27,233,49,0,309,8,0,8,317
05/13/2022,JNU,AK,AAL,WE,Towers with Radar,25,4,6,0,35,0,249,26,0,275,25,253,32,0,310,0,0,0,310
05/14/2022,JNU,AK,AAL,WE,Towers with Radar,28,5,3,0,36,0,237,13,0,250,28,242,16,0,286,0,0,0,286
05/15/2022,JNU,AK,AAL,WE,Towers with Radar,28,5,8,0,41,1,268,47,0,316,29,273,55,0,357,0,0,0,357
05/16/2022,JNU,AK,AAL,WE,Towers with Radar,25,4,12,0,41,0,200,20,1,221,25,204,32,1,262,0,0,0,262
05/17/2022,JNU,AK,AAL,WE,Towers with Radar,25,6,12,0,43,0,334,24,0,358,25,340,36,0,401,0,0,0,401
05/18/2022,JNU,AK,AAL,WE,Towers with Radar,29,2,5,2,38,1,380,22,1,404,30,382,27,3,442,2,0,2,444
05/19/2022,JNU,AK,AAL,WE,Towers with Radar,28,2,1,0,31,2,307,25,0,334,30,309,26,0,365,2,0,2,367
05/20/2022,JNU,AK,AAL,WE,Towers with Radar,29,3,3,0,35,1,366,41,0,408,30,369,44,0,443,8,0,8,451
05/21/2022,JNU,AK,AAL,WE,Towers with Radar,28,1,4,0,33,0,263,47,0,310,28,264,51,0,343,8,0,8,351
05/22/2022,JNU,AK,AAL,WE,Towers with Radar,28,1,7,0,36,2,217,47,0,266,30,218,54,0,302,0,0,0,302
05/23/2022,JNU,AK,AAL,WE,Towers with Radar,35,9,12,2,58,0,125,12,0,137,35,134,24,2,195,0,0,0,195
05/24/2022,JNU,AK,AAL,WE,Towers with Radar,33,4,11,0,48,1,374,28,0,403,34,378,39,0,451,0,0,0,451
05/25/2022,JNU,AK,AAL,WE,Towers with Radar,32,2,5,0,39,0,401,27,0,428,32,403,32,0,467,2,0,2,469
05/26/2022,JNU,AK,AAL,WE,Towers with Radar,30,4,6,0,40,0,284,32,1,317,30,288,38,1,357,22,0,22,379
05/27/2022,JNU,AK,AAL,WE,Towers with Radar,25,3,1,0,29,0,370,31,0,401,25,373,32,0,430,30,0,30,460
05/28/2022,JNU,AK,AAL,WE,Towers with Radar,31,4,1,0,36,0,293,45,0,338,31,297,46,0,374,12,0,12,386
05/29/2022,JNU,AK,AAL,WE,Towers with Radar,23,1,3,0,27,0,351,36,0,387,23,352,39,0,414,2,0,2,416
05/30/2022,JNU,AK,AAL,WE,Towers with Radar,25,0,0,0,25,3,330,38,0,371,28,330,38,0,396,14,0,14,410
05/31/2022,JNU,AK,AAL,WE,Towers with Radar,30,0,3,0,33,0,511,27,0,538,30,511,30,0,571,6,0,6,577
06/01/2022,JNU,AK,AAL,WE,Towers with Radar,32,5,3,0,40,6,498,32,0,536,38,503,35,0,576,16,0,16,592
06/02/2022,JNU,AK,AAL,WE,Towers with Radar,33,7,6,0,46,1,444,31,0,476,34,451,37,0,522,16,0,16,538
06/03/2022,JNU,AK,AAL,WE,Towers with Radar,28,3,2,0,33,0,476,50,0,526,28,479,52,0,559,18,0,18,577
06/04/2022,JNU,AK,AAL,WE,Towers with Radar,28,4,0,0,32,0,271,11,2,284,28,275,11,2,316,0,0,0,316
06/05/2022,JNU,AK,AAL,WE,Towers with Radar,31,12,4,0,47,0,385,38,0,423,31,397,42,0,470,32,0,32,502
06/06/2022,JNU,AK,AAL,WE,Towers with Radar,30,11,9,0,50,0,137,11,4,152,30,148,20,4,202,8,0,8,210
06/07/2022,JNU,AK,AAL,WE,Towers with Radar,40,6,6,0,52,0,553,38,0,591,40,559,44,0,643,46,0,46,689
06/08/2022,JNU,AK,AAL,WE,Towers with Radar,38,6,6,2,52,1,480,24,0,505,39,486,30,2,557,12,0,12,569
06/09/2022,JNU,AK,AAL,WE,Towers with Radar,27,4,10,0,41,1,418,34,0,453,28,422,44,0,494,22,0,22,516
06/10/2022,JNU,AK,AAL,WE,Towers with Radar,39,10,18,0,67,0,382,9,2,393,39,392,27,2,460,24,0,24,484
06/11/2022,JNU,AK,AAL,WE,Towers with Radar,31,5,7,0,43,0,148,28,0,176,31,153,35,0,219,20,0,20,239
06/12/2022,JNU,AK,AAL,WE,Towers with Radar,28,5,10,0,43,0,119,13,0,132,28,124,23,0,175,0,0,0,175
06/13/2022,JNU,AK,AAL,WE,Towers with Radar,38,25,20,0,83,0,96,2,0,98,38,121,22,0,181,0,0,0,181
06/14/2022,JNU,AK,AAL,WE,Towers with Radar,35,12,14,0,61,0,502,36,0,538,35,514,50,0,599,0,0,0,599
06/15/2022,JNU,AK,AAL,WE,Towers with Radar,35,3,2,0,40,0,541,51,0,592,35,544,53,0,632,22,0,22,654
06/16/2022,JNU,AK,AAL,WE,Towers with Radar,29,8,7,0,44,0,464,35,0,499,29,472,42,0,543,4,0,4,547
06/17/2022,JNU,AK,AAL,WE,Towers with Radar,32,8,4,0,44,1,400,38,1,440,33,408,42,1,484,6,0,6,490
06/18/2022,JNU,AK,AAL,WE,Towers with Radar,30,9,16,0,55,0,285,24,3,312,30,294,40,3,367,0,0,0,367
06/19/2022,JNU,AK,AAL,WE,Towers with Radar,38,10,16,1,65,0,252,14,0,266,38,262,30,1,331,0,0,0,331
06/20/2022,JNU,AK,AAL,WE,Towers with Radar,31,13,13,0,57,0,67,11,0,78,31,80,24,0,135,18,0,18,153
06/21/2022,JNU,AK,AAL,WE,Towers with Radar,35,11,24,0,70,0,295,28,1,324,35,306,52,1,394,24,0,24,418
06/22/2022,JNU,AK,AAL,WE,Towers with Radar,32,11,16,0,59,0,411,22,0,433,32,422,38,0,492,2,0,2,494
06/23/2022,JNU,AK,AAL,WE,Towers with Radar,35,3,4,0,42,0,540,22,2,564,35,543,26,2,606,0,0,0,606
06/24/2022,JNU,AK,AAL,WE,Towers with Radar,31,6,15,0,52,2,449,39,4,494,33,455,54,4,546,4,0,4,550
06/25/2022,JNU,AK,AAL,WE,Towers with Radar,27,9,10,0,46,1,358,29,0,388,28,367,39,0,434,0,0,0,434
06/26/2022,JNU,AK,AAL,WE,Towers with Radar,37,3,9,0,49,0,468,25,1,494,37,471,34,1,543,2,0,2,545
06/27/2022,JNU,AK,AAL,WE,Towers with Radar,33,6,4,0,43,0,368,26,0,394,33,374,30,0,437,3,10,13,450
06/28/2022,JNU,AK,AAL,WE,Towers with Radar,30,5,5,0,40,0,635,94,0,729,30,640,99,0,769,0,0,0,769
06/29/2022,JNU,AK,AAL,WE,Towers with Radar,32,4,8,0,44,0,556,28,2,586,32,560,36,2,630,0,0,0,630
06/30/2022,JNU,AK,AAL,WE,Towers with Radar,27,11,9,0,47,0,430,29,0,459,27,441,38,0,506,0,0,0,506
07/01/2022,JNU,AK,AAL,WE,Towers with Radar,32,7,5,0,44,1,421,31,2,455,33,428,36,2,499,4,0,4,503
07/02/2022,JNU,AK,AAL,WE,Towers with Radar,31,3,2,0,36,2,369,41,0,412,33,372,43,0,448,0,0,0,448
07/03/2022,JNU,AK,AAL,WE,Towers with Radar,33,5,3,0,41,3,464,46,0,513,36,469,49,0,554,0,0,0,554
07/04/2022,JNU,AK,AAL,WE,Towers with Radar,26,4,5,0,35,2,181,43,0,226,28,185,48,0,261,0,0,0,261
07/05/2022,JNU,AK,AAL,WE,Towers with Radar,39,9,9,1,58,1,700,45,0,746,40,709,54,1,804,0,4,4,808
07/06/2022,JNU,AK,AAL,WE,Towers with Radar,40,6,6,0,52,0,505,49,1,555,40,511,55,1,607,0,0,0,607
07/07/2022,JNU,AK,AAL,WE,Towers with Radar,33,25,26,0,84,0,377,22,1,400,33,402,48,1,484,12,0,12,496
07/08/2022,JNU,AK,AAL,WE,Towers with Radar,34,32,34,0,100,0,181,15,0,196,34,213,49,0,296,0,0,0,296
07/09/2022,JNU,AK,AAL,WE,Towers with Radar,35,23,14,0,72,0,310,39,0,349,35,333,53,0,421,3,0,3,424
07/10/2022,JNU,AK,AAL,WE,Towers with Radar,31,12,11,0,54,0,236,15,0,251,31,248,26,0,305,0,0,0,305
07/11/2022,JNU,AK,AAL,WE,Towers with Radar,33,4,20,0,57,0,282,12,0,294,33,286,32,0,351,0,0,0,351
07/12/2022,JNU,AK,AAL,WE,Towers with Radar,34,6,6,0,46,0,520,26,0,546,34,526,32,0,592,2,0,2,594
07/13/2022,JNU,AK,AAL,WE,Towers with Radar,35,11,16,0,62,1,302,15,0,318,36,313,31,0,380,10,2,12,392
07/14/2022,JNU,AK,AAL,WE,Towers with Radar,38,7,1,0,46,0,497,28,1,526,38,504,29,1,572,4,0,4,576
07/15/2022,JNU,AK,AAL,WE,Towers with Radar,29,8,5,0,42,0,490,37,0,527,29,498,42,0,569,0,0,0,569
07/16/2022,JNU,AK,AAL,WE,Towers with Radar,30,7,12,0,49,0,289,22,0,311,30,296,34,0,360,0,0,0,360
07/17/2022,JNU,AK,AAL,WE,Towers with Radar,37,7,13,0,57,0,57,1,0,58,37,64,14,0,115,0,0,0,115
07/18/2022,JNU,AK,AAL,WE,Towers with Radar,29,8,18,0,55,0,234,11,0,245,29,242,29,0,300,0,0,0,300
07/19/2022,JNU,AK,AAL,WE,Towers with Radar,28,6,19,0,53,0,439,10,3,452,28,445,29,3,505,0,0,0,505
07/20/2022,JNU,AK,AAL,WE,Towers with Radar,34,4,19,1,58,2,264,13,0,279,36,268,32,1,337,0,0,0,337
07/21/2022,JNU,AK,AAL,WE,Towers with Radar,34,7,24,1,66,0,152,13,1,166,34,159,37,2,232,0,0,0,232
07/22/2022,JNU,AK,AAL,WE,Towers with Radar,33,2,15,0,50,0,209,18,7,234,33,211,33,7,284,12,0,12,296
07/23/2022,JNU,AK,AAL,WE,Towers with Radar,30,19,15,0,64,0,152,20,2,174,30,171,35,2,238,0,0,0,238
07/24/2022,JNU,AK,AAL,WE,Towers with Radar,31,18,11,2,62,1,15,0,1,17,32,33,11,3,79,0,0,0,79
07/25/2022,JNU,AK,AAL,WE,Towers with Radar,33,21,6,2,62,0,8,0,0,8,33,29,6,2,70,0,0,0,70
07/26/2022,JNU,AK,AAL,WE,Towers with Radar,33,10,15,0,58,0,148,7,0,155,33,158,22,0,213,0,0,0,213
07/27/2022,JNU,AK,AAL,WE,Towers with Radar,34,2,10,0,46,0,511,41,0,552,34,513,51,0,598,10,0,10,608
07/28/2022,JNU,AK,AAL,WE,Towers with Radar,28,3,19,0,50,0,2,1,0,3,28,5,20,0,53,0,0,0,53
07/29/2022,JNU,AK,AAL,WE,Towers with Radar,33,23,9,0,65,0,140,15,0,155,33,163,24,0,220,4,0,4,224
07/30/2022,JNU,AK,AAL,WE,Towers with Radar,24,3,5,0,32,0,12,5,0,17,24,15,10,0,49,0,6,6,55
07/31/2022,JNU,AK,AAL,WE,Towers with Radar,32,7,12,2,53,0,35,4,0,39,32,42,16,2,92,6,0,6,98
08/01/2022,JNU,AK,AAL,WE,Towers with Radar,31,15,8,0,54,14,323,20,2,359,45,338,28,2,413,0,0,0,413
08/02/2022,JNU,AK,AAL,WE,Towers with Radar,39,3,13,1,56,1,223,14,1,239,40,226,27,2,295,12,0,12,307
08/03/2022,JNU,AK,AAL,WE,Towers with Radar,35,8,15,1,59,0,264,37,1,302,35,272,52,2,361,20,0,20,381
08/04/2022,JNU,AK,AAL,WE,Towers with Radar,37,7,9,1,54,0,463,41,1,505,37,470,50,2,559,0,0,0,559
08/05/2022,JNU,AK,AAL,WE,Towers with Radar,31,9,21,2,63,0,83,6,5,94,31,92,27,7,157,4,2,6,163
08/06/2022,JNU,AK,AAL,WE,Towers with Radar,30,8,7,0,45,0,94,5,2,101,30,102,12,2,146,0,0,0,146
08/07/2022,JNU,AK,AAL,WE,Towers with Radar,34,6,14,0,54,1,353,13,0,367,35,359,27,0,421,0,0,0,421
08/08/2022,JNU,AK,AAL,WE,Towers with Radar,35,3,18,0,56,1,435,28,0,464,36,438,46,0,520,8,0,8,528
08/09/2022,JNU,AK,AAL,WE,Towers with Radar,25,4,8,2,39,0,530,27,9,566,25,534,35,11,605,4,0,4,609
08/10/2022,JNU,AK,AAL,WE,Towers with Radar,30,4,15,3,52,0,465,16,1,482,30,469,31,4,534,0,0,0,534
08/11/2022,JNU,AK,AAL,WE,Towers with Radar,24,12,8,0,44,1,386,17,0,404,25,398,25,0,448,0,0,0,448
08/12/2022,JNU,AK,AAL,WE,Towers with Radar,35,10,14,0,59,0,445,38,0,483,35,455,52,0,542,0,0,0,542
08/13/2022,JNU,AK,AAL,WE,Towers with Radar,37,8,10,0,55,1,333,26,0,360,38,341,36,0,415,0,0,0,415
08/14/2022,JNU,AK,AAL,WE,Towers with Radar,38,1,24,0,63,0,361,3,0,364,38,362,27,0,427,0,0,0,427
08/15/2022,JNU,AK,AAL,WE,Towers with Radar,29,8,2,0,39,0,381,21,0,402,29,389,23,0,441,16,0,16,457
08/16/2022,JNU,AK,AAL,WE,Towers with Radar,35,10,11,0,56,0,420,13,0,433,35,430,24,0,489,0,0,0,489
08/17/2022,JNU,AK,AAL,WE,Towers with Radar,30,15,10,0,55,1,76,10,0,87,31,91,20,0,142,0,0,0,142
08/18/2022,JNU,AK,AAL,WE,Towers with Radar,35,6,8,0,49,0,419,50,0,469,35,425,58,0,518,9,0,9,527
08/19/2022,JNU,AK,AAL,WE,Towers with Radar,36,3,4,0,43,0,430,48,0,478,36,433,52,0,521,8,0,8,529
08/20/2022,JNU,AK,AAL,WE,Towers with Radar,39,2,12,0,53,1,437,46,0,484,40,439,58,0,537,4,0,4,541
08/21/2022,JNU,AK,AAL,WE,Towers with Radar,39,5,10,0,54,1,490,56,0,547,40,495,66,0,601,0,0,0,601
08/22/2022,JNU,AK,AAL,WE,Towers with Radar,30,8,6,0,44,0,410,38,0,448,30,418,44,0,492,0,0,0,492
08/23/2022,JNU,AK,AAL,WE,Towers with Radar,32,7,13,2,54,0,471,21,2,494,32,478,34,4,548,0,0,0,548
08/24/2022,JNU,AK,AAL,WE,Towers with Radar,30,6,7,0,43,0,465,19,0,484,30,471,26,0,527,20,0,20,547
08/25/2022,JNU,AK,AAL,WE,Towers with Radar,34,10,9,2,55,0,198,14,2,214,34,208,23,4,269,18,0,18,287
08/26/2022,JNU,AK,AAL,WE,Towers with Radar,29,10,15,0,54,0,373,13,2,388,29,383,28,2,442,24,0,24,466
08/27/2022,JNU,AK,AAL,WE,Towers with Radar,33,12,25,0,70,0,55,0,0,55,33,67,25,0,125,0,0,0,125
08/28/2022,JNU,AK,AAL,WE,Towers with Radar,35,4,18,0,57,0,154,6,0,160,35,158,24,0,217,0,0,0,217
08/29/2022,JNU,AK,AAL,WE,Towers with Radar,29,10,18,0,57,0,113,4,1,118,29,123,22,1,175,10,0,10,185
08/30/2022,JNU,AK,AAL,WE,Towers with Radar,36,12,15,0,63,0,276,13,0,289,36,288,28,0,352,1,0,1,353
08/31/2022,JNU,AK,AAL,WE,Towers with Radar,30,12,11,0,53,1,382,33,0,416,31,394,44,0,469,34,0,34,503
09/01/2022,JNU,AK,AAL,WE,Towers with Radar,31,10,16,0,57,1,350,7,0,358,32,360,23,0,415,4,0,4,419
09/02/2022,JNU,AK,AAL,WE,Towers with Radar,40,8,13,0,61,0,277,15,0,292,40,285,28,0,353,0,0,0,353
09/03/2022,JNU,AK,AAL,WE,Towers with Radar,34,4,12,0,50,0,226,26,0,252,34,230,38,0,302,0,0,0,302
09/04/2022,JNU,AK,AAL,WE,Towers with Radar,31,5,10,0,46,0,295,12,0,307,31,300,22,0,353,0,0,0,353
09/05/2022,JNU,AK,AAL,WE,Towers with Radar,33,10,11,0,54,0,235,23,1,259,33,245,34,1,313,0,0,0,313
09/06/2022,JNU,AK,AAL,WE,Towers with Radar,33,11,4,0,48,0,453,14,0,467,33,464,18,0,515,0,0,0,515
09/07/2022,JNU,AK,AAL,WE,Towers with Radar,33,6,11,0,50,1,441,41,0,483,34,447,52,0,533,8,0,8,541
09/08/2022,JNU,AK,AAL,WE,Towers with Radar,38,9,9,0,56,0,243,6,0,249,38,252,15,0,305,0,0,0,305
09/09/2022,JNU,AK,AAL,WE,Towers with Radar,32,9,15,0,56,1,276,2,0,279,33,285,17,0,335,0,0,0,335
09/10/2022,JNU,AK,AAL,WE,Towers with Radar,32,6,6,0,44,0,242,18,0,260,32,248,24,0,304,0,0,0,304
09/11/2022,JNU,AK,AAL,WE,Towers with Radar,31,1,2,0,34,0,327,46,0,373,31,328,48,0,407,6,0,6,413
09/12/2022,JNU,AK,AAL,WE,Towers with Radar,28,30,8,0,66,0,295,31,0,326,28,325,39,0,392,10,0,10,402
09/13/2022,JNU,AK,AAL,WE,Towers with Radar,36,11,10,0,57,0,336,15,4,355,36,347,25,4,412,6,0,6,418
09/14/2022,JNU,AK,AAL,WE,Towers with Radar,34,11,14,1,60,0,262,11,0,273,34,273,25,1,333,0,0,0,333
09/15/2022,JNU,AK,AAL,WE,Towers with Radar,35,14,8,0,57,1,289,19,0,309,36,303,27,0,366,0,0,0,366
09/16/2022,JNU,AK,AAL,WE,Towers with Radar,38,6,8,0,52,0,333,37,0,370,38,339,45,0,422,0,0,0,422
09/17/2022,JNU,AK,AAL,WE,Towers with Radar,27,5,4,0,36,0,250,48,0,298,27,255,52,0,334,18,0,18,352
09/18/2022,JNU,AK,AAL,WE,Towers with Radar,32,12,3,0,47,0,93,19,1,113,32,105,22,1,160,2,0,2,162
09/19/2022,JNU,AK,AAL,WE,Towers with Radar,36,5,3,0,44,0,307,26,0,333,36,312,29,0,377,0,0,0,377
09/20/2022,JNU,AK,AAL,WE,Towers with Radar,38,6,8,0,52,0,351,24,0,375,38,357,32,0,427,14,0,14,441
09/21/2022,JNU,AK,AAL,WE,Towers with Radar,29,6,11,0,46,0,227,11,0,238,29,233,22,0,284,14,0,14,298
09/22/2022,JNU,AK,AAL,WE,Towers with Radar,36,2,5,1,44,1,173,5,1,180,37,175,10,2,224,0,0,0,224
09/23/2022,JNU,AK,AAL,WE,Towers with Radar,31,4,5,0,40,0,39,0,0,39,31,43,5,0,79,0,0,0,79
09/24/2022,JNU,AK,AAL,WE,Towers with Radar,32,5,5,1,43,0,171,16,1,188,32,176,21,2,231,0,0,0,231
09/25/2022,JNU,AK,AAL,WE,Towers with Radar,29,2,4,0,35,0,123,10,0,133,29,125,14,0,168,0,0,0,168
09/26/2022,JNU,AK,AAL,WE,Towers with Radar,34,9,10,0,53,0,9,0,0,9,34,18,10,0,62,0,0,0,62
09/27/2022,JNU,AK,AAL,WE,Towers with Radar,36,8,10,0,54,0,247,28,2,277,36,255,38,2,331,20,0,20,351
09/28/2022,JNU,AK,AAL,WE,Towers with Radar,32,5,8,0,45,0,102,20,0,122,32,107,28,0,167,16,0,16,183
09/29/2022,JNU,AK,AAL,WE,Towers with Radar,42,9,16,0,67,0,83,7,0,90,42,92,23,0,157,0,0,0,157
09/30/2022,JNU,AK,AAL,WE,Towers with Radar,32,17,13,0,62,0,28,0,0,28,32,45,13,0,90,0,0,0,90
10/01/2022,JNU,AK,AAL,WE,Towers with Radar,23,4,6,0,33,0,107,18,2,127,23,111,24,2,160,0,0,0,160
10/02/2022,JNU,AK,AAL,WE,Towers with Radar,26,0,2,0,28,0,90,20,1,111,26,90,22,1,139,0,0,0,139
10/03/2022,JNU,AK,AAL,WE,Towers with Radar,28,3,5,0,36,0,199,30,0,229,28,202,35,0,265,6,0,6,271
10/04/2022,JNU,AK,AAL,WE,Towers with Radar,16,1,3,0,20,1,151,24,0,176,17,152,27,0,196,2,0,2,198
10/05/2022,JNU,AK,AAL,WE,Towers with Radar,24,3,6,0,33,0,143,7,0,150,24,146,13,0,183,6,0,6,189
10/06/2022,JNU,AK,AAL,WE,Towers with Radar,20,11,7,0,38,0,103,21,0,124,20,114,28,0,162,8,0,8,170
10/07/2022,JNU,AK,AAL,WE,Towers with Radar,16,0,1,0,17,0,59,25,0,84,16,59,26,0,101,0,0,0,101
10/08/2022,JNU,AK,AAL,WE,Towers with Radar,19,5,11,0,35,0,20,4,0,24,19,25,15,0,59,4,0,4,63
10/09/2022,JNU,AK,AAL,WE,Towers with Radar,24,0,11,0,35,0,48,3,0,51,24,48,14,0,86,0,0,0,86
10/10/2022,JNU,AK,AAL,WE,Towers with Radar,19,4,2,0,25,0,153,20,0,173,19,157,22,0,198,0,0,0,198
10/11/2022,JNU,AK,AAL,WE,Towers with Radar,19,2,10,0,31,0,128,11,0,139,19,130,21,0,170,6,0,6,176
10/12/2022,JNU,AK,AAL,WE,Towers with Radar,15,4,11,0,30,0,31,1,0,32,15,35,12,0,62,0,0,0,62
10/13/2022,JNU,AK,AAL,WE,Towers with Radar,15,5,0,0,20,0,3,0,0,3,15,8,0,0,23,0,0,0,23
10/14/2022,JNU,AK,AAL,WE,Towers with Radar,21,11,5,0,37,0,142,41,2,185,21,153,46,2,222,4,0,4,226
10/15/2022,JNU,AK,AAL,WE,Towers with Radar,13,22,5,0,40,0,0,0,0,0,13,22,5,0,40,0,0,0,40
10/16/2022,JNU,AK,AAL,WE,Towers with Radar,20,1,6,0,27,1,75,19,0,95,21,76,25,0,122,20,0,20,142
10/17/2022,JNU,AK,AAL,WE,Towers with Radar,18,4,5,0,27,0,134,8,0,142,18,138,13,0,169,4,0,4,173
10/18/2022,JNU,AK,AAL,WE,Towers with Radar,18,6,10,0,34,0,9,2,3,14,18,15,12,3,48,0,0,0,48
10/19/2022,JNU,AK,AAL,WE,Towers with Radar,17,5,3,0,25,0,24,2,4,30,17,29,5,4,55,0,0,0,55
10/20/2022,JNU,AK,AAL,WE,Towers with Radar,17,12,7,0,36,0,79,4,0,83,17,91,11,0,119,2,0,2,121
10/21/2022,JNU,AK,AAL,WE,Towers with Radar,18,7,4,0,29,0,63,28,0,91,18,70,32,0,120,4,0,4,124
10/22/2022,JNU,AK,AAL,WE,Towers with Radar,16,10,2,0,28,0,95,26,0,121,16,105,28,0,149,10,0,10,159
10/23/2022,JNU,AK,AAL,WE,Towers with Radar,21,2,3,0,26,0,51,1,0,52,21,53,4,0,78,0,0,0,78
10/24/2022,JNU,AK,AAL,WE,Towers with Radar,23,2,1,0,26,0,119,32,0,151,23,121,33,0,177,8,0,8,185
10/25/2022,JNU,AK,AAL,WE,Towers with Radar,16,2,2,2,22,1,99,14,0,114,17,101,16,2,136,24,0,24,160
10/26/2022,JNU,AK,AAL,WE,Towers with Radar,15,5,9,0,29,0,38,1,2,41,15,43,10,2,70,0,0,0,70
10/27/2022,JNU,AK,AAL,WE,Towers with Radar,19,5,8,0,32,0,47,7,0,54,19,52,15,0,86,0,0,0,86
10/28/2022,JNU,AK,AAL,WE,Towers with Radar,18,8,9,0,35,0,43,2,0,45,18,51,11,0,80,0,0,0,80
10/29/2022,JNU,AK,AAL,WE,Towers with Radar,16,3,5,0,24,0,41,1,0,42,16,44,6,0,66,0,0,0,66
10/30/2022,JNU,AK,AAL,WE,Towers with Radar,24,4,5,0,33,0,20,1,0,21,24,24,6,0,54,0,0,0,54
10/31/2022,JNU,AK,AAL,WE,Towers with Radar,19,5,4,0,28,0,92,8,0,100,19,97,12,0,128,0,0,0,128
11/01/2022,JNU,AK,AAL,WE,Towers with Radar,17,3,0,0,20,1,122,25,0,148,18,125,25,0,168,10,2,12,180
11/02/2022,JNU,AK,AAL,WE,Towers with Radar,21,2,1,0,24,0,68,8,0,76,21,70,9,0,100,0,0,0,100
11/03/2022,JNU,AK,AAL,WE,Towers with Radar,21,6,4,0,31,0,53,0,0,53,21,59,4,0,84,0,0,0,84
11/04/2022,JNU,AK,AAL,WE,Towers with Radar,19,21,8,2,50,0,30,4,0,34,19,51,12,2,84,0,0,0,84
11/05/2022,JNU,AK,AAL,WE,Towers with Radar,16,3,3,2,24,0,48,13,0,61,16,51,16,2,85,0,0,0,85
11/06/2022,JNU,AK,AAL,WE,Towers with Radar,23,3,2,0,28,0,49,0,0,49,23,52,2,0,77,0,0,0,77
11/07/2022,JNU,AK,AAL,WE,Towers with Radar,17,3,4,0,24,1,65,11,0,77,18,68,15,0,101,10,4,14,115
11/08/2022,JNU,AK,AAL,WE,Towers with Radar,15,3,1,0,19,0,96,18,0,114,15,99,19,0,133,6,0,6,139
11/09/2022,JNU,AK,AAL,WE,Towers with Radar,17,2,3,0,22,0,96,12,0,108,17,98,15,0,130,50,0,50,180
11/10/2022,JNU,AK,AAL,WE,Towers with Radar,19,0,0,0,19,0,0,0,0,0,19,0,0,0,19,0,0,0,19
11/11/2022,JNU,AK,AAL,WE,Towers with Radar,19,5,10,0,34,0,42,4,0,46,19,47,14,0,80,0,0,0,80
11/12/2022,JNU,AK,AAL,WE,Towers with Radar,18,3,15,0,36,0,42,0,1,43,18,45,15,1,79,0,0,0,79
11/13/2022,JNU,AK,AAL,WE,Towers with Radar,21,4,9,0,34,0,40,1,0,41,21,44,10,0,75,0,0,0,75
11/14/2022,JNU,AK,AAL,WE,Towers with Radar,19,3,12,0,34,0,83,7,0,90,19,86,19,0,124,0,0,0,124
11/15/2022,JNU,AK,AAL,WE,Towers with Radar,21,5,8,0,34,0,27,3,2,32,21,32,11,2,66,0,0,0,66
11/16/2022,JNU,AK,AAL,WE,Towers with Radar,15,6,5,1,27,0,99,17,0,116,15,105,22,1,143,10,0,10,153
11/17/2022,JNU,AK,AAL,WE,Towers with Radar,28,4,0,0,32,0,110,25,0,135,28,114,25,0,167,22,0,22,189
11/18/2022,JNU,AK,AAL,WE,Towers with Radar,19,3,0,0,22,0,89,14,0,103,19,92,14,0,125,42,0,42,167
11/19/2022,JNU,AK,AAL,WE,Towers with Radar,13,9,10,1,33,0,25,5,1,31,13,34,15,2,64,0,0,0,64
11/20/2022,JNU,AK,AAL,WE,Towers with Radar,22,1,7,0,30,0,36,6,0,42,22,37,13,0,72,8,0,8,80
11/21/2022,JNU,AK,AAL,WE,Towers with Radar,15,6,3,0,24,0,14,1,0,15,15,20,4,0,39,0,0,0,39
11/22/2022,JNU,AK,AAL,WE,Towers with Radar,17,8,5,0,30,0,70,2,0,72,17,78,7,0,102,34,0,34,136
11/23/2022,JNU,AK,AAL,WE,Towers with Radar,19,3,7,0,29,0,32,3,1,36,19,35,10,1,65,0,0,0,65
11/24/2022,JNU,AK,AAL,WE,Towers with Radar,7,2,2,0,11,0,0,0,0,0,7,2,2,0,11,0,0,0,11
11/25/2022,JNU,AK,AAL,WE,Towers with Radar,17,6,11,0,34,0,27,3,0,30,17,33,14,0,64,0,0,0,64
11/26/2022,JNU,AK,AAL,WE,Towers with Radar,22,9,6,0,37,0,54,11,0,65,22,63,17,0,102,0,0,0,102
11/27/2022,JNU,AK,AAL,WE,Towers with Radar,22,0,1,0,23,0,56,23,0,79,22,56,24,0,102,42,0,42,144
11/28/2022,JNU,AK,AAL,WE,Towers with Radar,23,3,5,0,31,0,89,15,0,104,23,92,20,0,135,16,0,16,151
11/29/2022,JNU,AK,AAL,WE,Towers with Radar,13,1,1,0,15,0,36,2,0,38,13,37,3,0,53,4,0,4,57
11/30/2022,JNU,AK,AAL,WE,Towers with Radar,13,2,3,0,18,0,46,8,0,54,13,48,11,0,72,10,0,10,82
12/01/2022,JNU,AK,AAL,WE,Towers with Radar,18,5,8,0,31,0,35,5,0,40,18,40,13,0,71,0,0,0,71
12/02/2022,JNU,AK,AAL,WE,Towers with Radar,18,8,4,0,30,0,76,4,0,80,18,84,8,0,110,0,0,0,110
12/03/2022,JNU,AK,AAL,WE,Towers with Radar,16,2,4,0,22,0,66,21,0,87,16,68,25,0,109,14,0,14,123
12/04/2022,JNU,AK,AAL,WE,Towers with Radar,19,0,6,0,25,0,55,23,0,78,19,55,29,0,103,12,0,12,115
12/05/2022,JNU,AK,AAL,WE,Towers with Radar,16,1,0,0,17,0,79,23,4,106,16,80,23,4,123,10,0,10,133
12/06/2022,JNU,AK,AAL,WE,Towers with Radar,17,17,3,0,37,0,11,0,0,11,17,28,3,0,48,0,0,0,48
12/07/2022,JNU,AK,AAL,WE,Towers with Radar,16,6,2,0,24,0,40,0,0,40,16,46,2,0,64,0,0,0,64
12/08/2022,JNU,AK,AAL,WE,Towers with Radar,17,7,6,0,30,0,47,2,0,49,17,54,8,0,79,0,0,0,79
12/09/2022,JNU,AK,AAL,WE,Towers with Radar,19,19,3,0,41,0,19,2,0,21,19,38,5,0,62,0,0,0,62
12/10/2022,JNU,AK,AAL,WE,Towers with Radar,18,2,0,0,20,0,63,13,2,78,18,65,13,2,98,18,0,18,116
12/11/2022,JNU,AK,AAL,WE,Towers with Radar,18,1,2,0,21,1,64,13,0,78,19,65,15,0,99,8,0,8,107
12/12/2022,JNU,AK,AAL,WE,Towers with Radar,13,0,0,0,13,0,0,0,0,0,13,0,0,0,13,0,0,0,13
12/13/2022,JNU,AK,AAL,WE,Towers with Radar,20,4,6,0,30,0,67,0,1,68,20,71,6,1,98,2,0,2,100
12/14/2022,JNU,AK,AAL,WE,Towers with Radar,13,12,5,0,30,0,35,16,0,51,13,47,21,0,81,29,0,29,110
12/15/2022,JNU,AK,AAL,WE,Towers with Radar,16,10,5,0,31,0,38,0,0,38,16,48,5,0,69,12,0,12,81
12/16/2022,JNU,AK,AAL,WE,Towers with Radar,15,6,2,0,23,0,229,2,0,231,15,235,4,0,254,8,0,8,262
12/17/2022,JNU,AK,AAL,WE,Towers with Radar,14,4,1,2,21,0,49,0,3,52,14,53,1,5,73,0,0,0,73
12/18/2022,JNU,AK,AAL,WE,Towers with Radar,17,2,0,2,21,0,27,0,0,27,17,29,0,2,48,0,0,0,48
12/19/2022,JNU,AK,AAL,WE,Towers with Radar,17,1,1,0,19,0,56,4,0,60,17,57,5,0,79,0,0,0,79
12/20/2022,JNU,AK,AAL,WE,Towers with Radar,16,2,0,0,18,0,70,10,0,80,16,72,10,0,98,19,0,19,117
12/21/2022,JNU,AK,AAL,WE,Towers with Radar,12,3,0,0,15,0,53,16,0,69,12,56,16,0,84,14,0,14,98
12/22/2022,JNU,AK,AAL,WE,Towers with Radar,16,2,1,0,19,0,61,7,0,68,16,63,8,0,87,28,0,28,115
12/23/2022,JNU,AK,AAL,WE,Towers with Radar,8,1,5,0,14,0,3,0,0,3,8,4,5,0,17,2,0,2,19
12/24/2022,JNU,AK,AAL,WE,Towers with Radar,10,6,6,0,22,0,4,0,0,4,10,10,6,0,26,0,0,0,26
12/25/2022,JNU,AK,AAL,WE,Towers with Radar,8,1,3,0,12,0,0,0,0,0,8,1,3,0,12,0,0,0,12
12/26/2022,JNU,AK,AAL,WE,Towers with Radar,15,36,0,0,51,0,2,0,0,2,15,38,0,0,53,0,0,0,53
12/27/2022,JNU,AK,AAL,WE,Towers with Radar,10,1,0,2,13,0,12,0,0,12,10,13,0,2,25,0,0,0,25
12/28/2022,JNU,AK,AAL,WE,Towers with Radar,20,3,2,0,25,0,65,4,0,69,20,68,6,0,94,12,0,12,106
12/29/2022,JNU,AK,AAL,WE,Towers with Radar,19,3,3,0,25,0,82,13,1,96,19,85,16,1,121,24,0,24,145
12/30/2022,JNU,AK,AAL,WE,Towers with Radar,21,3,1,2,27,0,0,0,0,0,21,3,1,2,27,0,0,0,27
12/31/2022,JNU,AK,AAL,WE,Towers with Radar,17,8,9,1,35,0,4,1,1,6,17,12,10,2,41,0,0,0,41
01/01/2023,JNU,AK,AAL,WE,Towers with Radar,12,0,3,0,15,0,0,0,1,1,12,0,3,1,16,0,0,0,16
01/02/2023,JNU,AK,AAL,WE,Towers with Radar,16,6,11,0,33,0,62,5,3,70,16,68,16,3,103,0,0,0,103
01/03/2023,JNU,AK,AAL,WE,Towers with Radar,19,7,6,0,32,0,55,5,0,60,19,62,11,0,92,4,0,4,96
01/04/2023,JNU,AK,AAL,WE,Towers with Radar,17,3,4,0,24,0,58,5,0,63,17,61,9,0,87,18,0,18,105
01/05/2023,JNU,AK,AAL,WE,Towers with Radar,17,0,3,0,20,0,99,5,0,104,17,99,8,0,124,8,0,8,132
01/06/2023,JNU,AK,AAL,WE,Towers with Radar,18,5,6,0,29,0,0,0,0,0,18,5,6,0,29,0,0,0,29
01/07/2023,JNU,AK,AAL,WE,Towers with Radar,15,1,3,0,19,0,26,3,0,29,15,27,6,0,48,0,0,0,48
01/08/2023,JNU,AK,AAL,WE,Towers with Radar,19,1,2,0,22,0,61,21,0,82,19,62,23,0,104,0,0,0,104
01/09/2023,JNU,AK,AAL,WE,Towers with Radar,12,4,5,0,21,0,44,11,0,55,12,48,16,0,76,0,0,0,76
01/10/2023,JNU,AK,AAL,WE,Towers with Radar,19,8,4,1,32,0,109,12,0,121,19,117,16,1,153,0,0,0,153
01/11/2023,JNU,AK,AAL,WE,Towers with Radar,20,7,8,0,35,0,76,4,0,80,20,83,12,0,115,2,0,2,117
01/12/2023,JNU,AK,AAL,WE,Towers with Radar,25,6,1,0,32,0,60,8,0,68,25,66,9,0,100,4,0,4,104
01/13/2023,JNU,AK,AAL,WE,Towers with Radar,15,6,7,1,29,0,60,6,0,66,15,66,13,1,95,0,0,0,95
01/14/2023,JNU,AK,AAL,WE,Towers with Radar,14,5,7,0,26,0,45,7,2,54,14,50,14,2,80,0,0,0,80
01/15/2023,JNU,AK,AAL,WE,Towers with Radar,21,1,6,2,30,0,0,0,0,0,21,1,6,2,30,0,0,0,30
01/16/2023,JNU,AK,AAL,WE,Towers with Radar,19,7,5,0,31,0,32,5,0,37,19,39,10,0,68,10,0,10,78
01/17/2023,JNU,AK,AAL,WE,Towers with Radar,21,12,10,0,43,0,48,5,3,56,21,60,15,3,99,0,0,0,99
01/18/2023,JNU,AK,AAL,WE,Towers with Radar,18,6,2,0,26,0,63,14,0,77,18,69,16,0,103,0,0,0,103
01/19/2023,JNU,AK,AAL,WE,Towers with Radar,24,8,7,0,39,0,33,2,0,35,24,41,9,0,74,0,0,0,74
01/20/2023,JNU,AK,AAL,WE,Towers with Radar,16,3,5,0,24,0,40,0,0,40,16,43,5,0,64,2,0,2,66
01/21/2023,JNU,AK,AAL,WE,Towers with Radar,19,3,5,0,27,0,36,4,0,40,19,39,9,0,67,0,0,0,67
01/22/2023,JNU,AK,AAL,WE,Towers with Radar,21,2,13,0,36,0,27,1,0,28,21,29,14,0,64,2,0,2,66
01/23/2023,JNU,AK,AAL,WE,Towers with Radar,13,4,6,0,23,0,59,6,0,65,13,63,12,0,88,0,0,0,88
01/24/2023,JNU,AK,AAL,WE,Towers with Radar,15,5,12,0,32,0,43,2,2,47,15,48,14,2,79,0,0,0,79
01/25/2023,JNU,AK,AAL,WE,Towers with Radar,14,7,4,0,25,0,68,7,0,75,14,75,11,0,100,4,0,4,104
01/26/2023,JNU,AK,AAL,WE,Towers with Radar,25,6,3,1,35,0,43,1,0,44,25,49,4,1,79,12,0,12,91
01/27/2023,JNU,AK,AAL,WE,Towers with Radar,16,6,6,1,29,0,31,4,2,37,16,37,10,3,66,6,0,6,72
01/28/2023,JNU,AK,AAL,WE,Towers with Radar,17,3,3,0,23,0,89,23,0,112,17,92,26,0,135,46,0,46,181
01/29/2023,JNU,AK,AAL,WE,Towers with Radar,19,3,1,0,23,0,75,20,0,95,19,78,21,0,118,4,0,4,122
01/30/2023,JNU,AK,AAL,WE,Towers with Radar,20,4,5,0,29,0,0,1,0,1,20,4,6,0,30,0,0,0,30
01/31/2023,JNU,AK,AAL,WE,Towers with Radar,22,12,10,0,44,0,38,0,0,38,22,50,10,0,82,6,0,6,88
02/01/2023,JNU,AK,AAL,WE,Towers with Radar,20,9,13,0,42,0,35,4,0,39,20,44,17,0,81,0,0,0,81
02/02/2023,JNU,AK,AAL,WE,Towers with Radar,20,3,4,0,27,0,2,1,2,5,20,5,5,2,32,0,0,0,32
02/03/2023,JNU,AK,AAL,WE,Towers with Radar,19,16,9,0,44,0,18,0,0,18,19,34,9,0,62,0,0,0,62
02/04/2023,JNU,AK,AAL,WE,Towers with Radar,19,49,10,0,78,0,16,0,0,16,19,65,10,0,94,0,0,0,94
02/05/2023,JNU,AK,AAL,WE,Towers with Radar,15,3,13,0,31,0,27,1,0,28,15,30,14,0,59,0,0,0,59
02/06/2023,JNU,AK,AAL,WE,Towers with Radar,14,9,7,0,30,0,52,3,0,55,14,61,10,0,85,8,0,8,93
02/07/2023,JNU,AK,AAL,WE,Towers with Radar,18,8,3,1,30,0,104,3,2,109,18,112,6,3,139,4,0,4,143
02/08/2023,JNU,AK,AAL,WE,Towers with Radar,19,3,4,0,26,0,121,4,0,125,19,124,8,0,151,4,0,4,155
02/09/2023,JNU,AK,AAL,WE,Towers with Radar,18,6,9,0,33,0,19,0,0,19,18,25,9,0,52,4,0,4,56
02/10/2023,JNU,AK,AAL,WE,Towers with Radar,19,5,5,2,31,0,74,3,0,77,19,79,8,2,108,8,0,8,116
02/11/2023,JNU,AK,AAL,WE,Towers with Radar,20,10,14,0,44,0,41,0,2,43,20,51,14,2,87,2,0,2,89
02/12/2023,JNU,AK,AAL,WE,Towers with Radar,16,2,4,0,22,0,28,0,0,28,16,30,4,0,50,0,0,0,50
02/13/2023,JNU,AK,AAL,WE,Towers with Radar,19,7,6,0,32,0,60,3,0,63,19,67,9,0,95,0,0,0,95
02/14/2023,JNU,AK,AAL,WE,Towers with Radar,17,6,6,0,29,0,82,10,3,95,17,88,16,3,124,0,0,0,124
02/15/2023,JNU,AK,AAL,WE,Towers with Radar,16,5,7,0,28,0,22,0,0,22,16,27,7,0,50,0,0,0,50
02/16/2023,JNU,AK,AAL,WE,Towers with Radar,19,5,9,0,33,0,63,5,0,68,19,68,14,0,101,0,0,0,101
02/17/2023,JNU,AK,AAL,WE,Towers with Radar,16,2,5,0,23,0,0,0,0,0,16,2,5,0,23,0,0,0,23
02/18/2023,JNU,AK,AAL,WE,Towers with Radar,16,5,13,0,34,0,4,0,0,4,16,9,13,0,38,0,0,0,38
02/19/2023,JNU,AK,AAL,WE,Towers with Radar,19,0,13,0,32,0,55,8,0,63,19,55,21,0,95,16,0,16,111
02/20/2023,JNU,AK,AAL,WE,Towers with Radar,19,2,12,0,33,0,87,13,0,100,19,89,25,0,133,32,0,32,165
02/21/2023,JNU,AK,AAL,WE,Towers with Radar,17,4,5,0,26,0,125,22,0,147,17,129,27,0,173,26,0,26,199
02/22/2023,JNU,AK,AAL,WE,Towers with Radar,18,3,1,0,22,0,84,7,0,91,18,87,8,0,113,0,2,2,115
02/23/2023,JNU,AK,AAL,WE,Towers with Radar,15,2,3,2,22,0,66,8,1,75,15,68,11,3,97,0,0,0,97
02/24/2023,JNU,AK,AAL,WE,Towers with Radar,18,3,3,1,25,0,13,0,0,13,18,16,3,1,38,0,0,0,38
02/25/2023,JNU,AK,AAL,WE,Towers with Radar,11,8,2,0,21,0,46,6,0,52,11,54,8,0,73,0,0,0,73
02/26/2023,JNU,AK,AAL,WE,Towers with Radar,19,0,1,0,20,0,50,10,0,60,19,50,11,0,80,0,0,0,80
02/27/2023,JNU,AK,AAL,WE,Towers with Radar,16,3,6,0,25,0,80,5,0,85,16,83,11,0,110,8,0,8,118
02/28/2023,JNU,AK,AAL,WE,Towers with Radar,17,6,5,0,28,0,69,8,0,77,17,75,13,0,105,2,0,2,107
03/01/2023,JNU,AK,AAL,WE,Towers with Radar,12,3,0,0,15,0,0,0,0,0,12,3,0,0,15,0,0,0,15
03/02/2023,JNU,AK,AAL,WE,Towers with Radar,21,0,2,0,23,0,46,3,0,49,21,46,5,0,72,0,1,1,73
03/03/2023,JNU,AK,AAL,WE,Towers with Radar,20,4,6,0,30,0,56,4,0,60,20,60,10,0,90,4,0,4,94
03/04/2023,JNU,AK,AAL,WE,Towers with Radar,15,1,2,0,18,0,56,3,0,59,15,57,5,0,77,14,0,14,91
03/05/2023,JNU,AK,AAL,WE,Towers with Radar,18,2,5,0,25,0,44,7,0,51,18,46,12,0,76,0,0,0,76
03/06/2023,JNU,AK,AAL,WE,Towers with Radar,16,3,6,0,25,0,85,10,0,95,16,88,16,0,120,6,0,6,126
03/07/2023,JNU,AK,AAL,WE,Towers with Radar,19,4,0,2,25,0,57,14,2,73,19,61,14,4,98,2,0,2,100
03/08/2023,JNU,AK,AAL,WE,Towers with Radar,17,3,1,0,21,1,97,3,1,102,18,100,4,1,123,0,0,0,123
03/09/2023,JNU,AK,AAL,WE,Towers with Radar,16,4,2,1,23,1,80,15,2,98,17,84,17,3,121,12,0,12,133
03/10/2023,JNU,AK,AAL,WE,Towers with Radar,15,1,2,0,18,1,107,1,0,109,16,108,3,0,127,2,0,2,129
03/11/2023,JNU,AK,AAL,WE,Towers with Radar,19,2,0,0,21,0,50,1,4,55,19,52,1,4,76,0,0,0,76
03/12/2023,JNU,AK,AAL,WE,Towers with Radar,20,0,2,0,22,0,71,2,0,73,20,71,4,0,95,2,0,2,97
03/13/2023,JNU,AK,AAL,WE,Towers with Radar,14,2,0,0,16,0,82,7,0,89,14,84,7,0,105,6,0,6,111
03/14/2023,JNU,AK,AAL,WE,Towers with Radar,14,8,5,0,27,0,56,10,2,68,14,64,15,2,95,10,0,10,105
03/15/2023,JNU,AK,AAL,WE,Towers with Radar,16,4,2,0,22,0,30,0,2,32,16,34,2,2,54,0,0,0,54
03/16/2023,JNU,AK,AAL,WE,Towers with Radar,15,4,5,0,24,0,25,1,0,26,15,29,6,0,50,0,0,0,50
03/17/2023,JNU,AK,AAL,WE,Towers with Radar,18,0,4,2,24,4,85,4,0,93,22,85,8,2,117,0,0,0,117
03/18/2023,JNU,AK,AAL,WE,Towers with Radar,17,2,0,0,19,2,53,12,0,67,19,55,12,0,86,36,0,36,122
03/19/2023,JNU,AK,AAL,WE,Towers with Radar,20,3,11,0,34,0,6,0,0,6,20,9,11,0,40,0,0,0,40
03/20/2023,JNU,AK,AAL,WE,Towers with Radar,12,1,3,0,16,0,31,3,0,34,12,32,6,0,50,0,0,0,50
03/21/2023,JNU,AK,AAL,WE,Towers with Radar,17,4,9,1,31,0,75,16,0,91,17,79,25,1,122,10,0,10,132
03/22/2023,JNU,AK,AAL,WE,Towers with Radar,19,5,3,0,27,0,75,3,31,109,19,80,6,31,136,0,6,6,142
03/23/2023,JNU,AK,AAL,WE,Towers with Radar,21,1,5,0,27,0,65,1,6,72,21,66,6,6,99,0,14,14,113
03/24/2023,JNU,AK,AAL,WE,Towers with Radar,19,7,3,0,29,0,89,7,0,96,19,96,10,0,125,20,0,20,145
03/25/2023,JNU,AK,AAL,WE,Towers with Radar,15,5,10,3,33,1,43,6,0,50,16,48,16,3,83,0,0,0,83
03/26/2023,JNU,AK,AAL,WE,Towers with Radar,17,0,0,0,17,1,73,10,0,84,18,73,10,0,101,4,0,4,105
03/27/2023,JNU,AK,AAL,WE,Towers with Radar,19,2,1,1,23,0,129,21,5,155,19,131,22,6,178,8,2,10,188
03/28/2023,JNU,AK,AAL,WE,Towers with Radar,17,3,1,0,21,0,135,12,4,151,17,138,13,4,172,26,0,26,198
03/29/2023,JNU,AK,AAL,WE,Towers with Radar,19,1,2,1,23,1,115,23,4,143,20,116,25,5,166,0,0,0,166
03/30/2023,JNU,AK,AAL,WE,Towers with Radar,18,5,3,0,26,0,93,8,0,101,18,98,11,0,127,4,0,4,131
03/31/2023,JNU,AK,AAL,WE,Towers with Radar,17,6,12,0,35,0,41,0,0,41,17,47,12,0,76,0,0,0,76
04/01/2023,JNU,AK,AAL,WE,Towers with Radar,22,9,5,1,37,0,75,17,0,92,22,84,22,1,129,18,0,18,147
04/02/2023,JNU,AK,AAL,WE,Towers with Radar,30,9,1,0,40,0,43,8,0,51,30,52,9,0,91,6,0,6,97
04/03/2023,JNU,AK,AAL,WE,Towers with Radar,22,1,0,0,23,0,120,31,2,153,22,121,31,2,176,0,0,0,176
04/04/2023,JNU,AK,AAL,WE,Towers with Radar,23,5,0,0,28,0,58,5,4,67,23,63,5,4,95,41,0,41,136
04/05/2023,JNU,AK,AAL,WE,Towers with Radar,30,7,8,0,45,0,59,2,2,63,30,66,10,2,108,0,8,8,116
04/06/2023,JNU,AK,AAL,WE,Towers with Radar,33,31,10,1,75,0,7,0,1,8,33,38,10,2,83,0,0,0,83
04/07/2023,JNU,AK,AAL,WE,Towers with Radar,27,4,7,0,38,0,83,2,0,85,27,87,9,0,123,0,0,0,123
04/08/2023,JNU,AK,AAL,WE,Towers with Radar,22,8,3,0,33,0,51,15,0,66,22,59,18,0,99,11,0,11,110
04/09/2023,JNU,AK,AAL,WE,Towers with Radar,26,1,0,0,27,0,5,2,0,7,26,6,2,0,34,10,0,10,44
04/10/2023,JNU,AK,AAL,WE,Towers with Radar,26,5,2,0,33,0,106,16,0,122,26,111,18,0,155,0,0,0,155
04/11/2023,JNU,AK,AAL,WE,Towers with Radar,25,0,6,0,31,2,150,45,0,197,27,150,51,0,228,24,0,24,252
04/12/2023,JNU,AK,AAL,WE,Towers with Radar,31,5,13,2,51,0,89,2,0,91,31,94,15,2,142,20,0,20,162
04/13/2023,JNU,AK,AAL,WE,Towers with Radar,2,3,4,0,9,0,74,6,4,84,2,77,10,4,93,0,0,0,93
04/14/2023,JNU,AK,AAL,WE,Towers with Radar,11,1,2,0,14,0,118,17,3,138,11,119,19,3,152,8,0,8,160
04/15/2023,JNU,AK,AAL,WE,Towers with Radar,30,0,3,0,33,0,52,8,0,60,30,52,11,0,93,0,0,0,93
04/16/2023,JNU,AK,AAL,WE,Towers with Radar,28,2,1,0,31,0,96,20,0,116,28,98,21,0,147,6,0,6,153
04/17/2023,JNU,AK,AAL,WE,Towers with Radar,28,6,11,1,46,0,101,14,6,121,28,107,25,7,167,24,0,24,191
04/18/2023,JNU,AK,AAL,WE,Towers with Radar,30,2,2,0,34,0,120,32,5,157,30,122,34,5,191,26,0,26,217
04/19/2023,JNU,AK,AAL,WE,Towers with Radar,27,7,0,0,34,0,162,27,5,194,27,169,27,5,228,28,0,28,256
04/20/2023,JNU,AK,AAL,WE,Towers with Radar,26,3,5,0,34,0,156,22,5,183,26,159,27,5,217,2,0,2,219
04/21/2023,JNU,AK,AAL,WE,Towers with Radar,25,7,2,0,34,1,179,36,0,216,26,186,38,0,250,40,0,40,290
04/22/2023,JNU,AK,AAL,WE,Towers with Radar,25,3,8,0,36,0,88,34,0,122,25,91,42,0,158,20,0,20,178
04/23/2023,JNU,AK,AAL,WE,Towers with Radar,24,14,6,0,44,0,51,16,0,67,24,65,22,0,111,6,0,6,117
04/24/2023,JNU,AK,AAL,WE,Towers with Radar,25,2,11,0,38,0,101,3,0,104,25,103,14,0,142,6,0,6,148
04/25/2023,JNU,AK,AAL,WE,Towers with Radar,27,4,14,0,45,1,119,30,0,150,28,123,44,0,195,8,0,8,203
04/26/2023,JNU,AK,AAL,WE,Towers with Radar,28,11,13,0,52,0,68,4,0,72,28,79,17,0,124,6,0,6,130
04/27/2023,JNU,AK,AAL,WE,Towers with Radar,28,3,14,0,45,0,34,1,0,35,28,37,15,0,80,0,0,0,80
04/28/2023,JNU,AK,AAL,WE,Towers with Radar,23,7,5,0,35,0,197,20,0,217,23,204,25,0,252,8,0,8,260
04/29/2023,JNU,AK,AAL,WE,Towers with Radar,24,16,3,0,43,0,115,39,0,154,24,131,42,0,197,18,0,18,215
04/30/2023,JNU,AK,AAL,WE,Towers with Radar,27,6,10,2,45,0,131,14,2,147,27,137,24,4,192,18,0,18,210
05/01/2023,JNU,AK,AAL,WE,Towers with Radar,26,4,8,0,38,1,252,7,0,260,27,256,15,0,298,42,0,42,340
05/02/2023,JNU,AK,AAL,WE,Towers with Radar,22,3,12,0,37,0,100,1,0,101,22,103,13,0,138,0,0,0,138
05/03/2023,JNU,AK,AAL,WE,Towers with Radar,28,5,1,2,36,0,323,26,0,349,28,328,27,2,385,18,0,18,403
05/04/2023,JNU,AK,AAL,WE,Towers with Radar,26,3,2,0,31,0,265,38,0,303,26,268,40,0,334,20,0,20,354
05/05/2023,JNU,AK,AAL,WE,Towers with Radar,24,4,5,0,33,3,154,24,0,181,27,158,29,0,214,0,0,0,214
05/06/2023,JNU,AK,AAL,WE,Towers with Radar,24,2,2,0,28,1,314,25,2,342,25,316,27,2,370,4,0,4,374
05/07/2023,JNU,AK,AAL,WE,Towers with Radar,25,2,7,0,34,0,190,42,0,232,25,192,49,0,266,0,0,0,266
05/08/2023,JNU,AK,AAL,WE,Towers with Radar,25,1,2,0,28,0,328,30,0,358,25,329,32,0,386,0,0,0,386
05/09/2023,JNU,AK,AAL,WE,Towers with Radar,22,3,4,0,29,0,507,34,0,541,22,510,38,0,570,16,0,16,586
05/10/2023,JNU,AK,AAL,WE,Towers with Radar,26,2,2,1,31,1,360,32,0,393,27,362,34,1,424,14,0,14,438
05/11/2023,JNU,AK,AAL,WE,Towers with Radar,26,8,4,0,38,0,172,25,0,197,26,180,29,0,235,34,2,36,271
05/12/2023,JNU,AK,AAL,WE,Towers with Radar,26,4,11,0,41,1,189,11,0,201,27,193,22,0,242,12,0,12,254
05/13/2023,JNU,AK,AAL,WE,Towers with Radar,26,15,3,0,44,0,227,13,0,240,26,242,16,0,284,0,0,0,284
05/14/2023,JNU,AK,AAL,WE,Towers with Radar,27,2,0,0,29,0,317,26,1,344,27,319,26,1,373,26,0,26,399
05/15/2023,JNU,AK,AAL,WE,Towers with Radar,22,1,3,3,29,2,393,29,0,424,24,394,32,3,453,0,0,0,453
05/16/2023,JNU,AK,AAL,WE,Towers with Radar,30,0,3,1,34,0,609,38,2,649,30,609,41,3,683,19,14,33,716
05/17/2023,JNU,AK,AAL,WE,Towers with Radar,24,4,1,0,29,2,555,38,4,599,26,559,39,4,628,0,0,0,628
05/18/2023,JNU,AK,AAL,WE,Towers with Radar,31,4,2,0,37,0,496,52,0,548,31,500,54,0,585,8,0,8,593
05/19/2023,JNU,AK,AAL,WE,Towers with Radar,31,7,7,0,45,0,419,12,0,431,31,426,19,0,476,6,0,6,482
05/20/2023,JNU,AK,AAL,WE,Towers with Radar,25,13,4,0,42,0,249,20,0,269,25,262,24,0,311,0,0,0,311
05/21/2023,JNU,AK,AAL,WE,Towers with Radar,29,2,6,0,37,0,430,26,2,458,29,432,32,2,495,0,0,0,495
05/22/2023,JNU,AK,AAL,WE,Towers with Radar,25,4,2,2,33,0,460,21,5,486,25,464,23,7,519,32,0,32,551
05/23/2023,JNU,AK,AAL,WE,Towers with Radar,26,5,3,1,35,0,557,40,1,598,26,562,43,2,633,38,0,38,671
05/24/2023,JNU,AK,AAL,WE,Towers with Radar,23,12,8,0,43,0,534,30,1,565,23,546,38,1,608,6,0,6,614
05/25/2023,JNU,AK,AAL,WE,Towers with Radar,32,4,14,0,50,1,418,19,1,439,33,422,33,1,489,24,0,24,513
05/26/2023,JNU,AK,AAL,WE,Towers with Radar,30,4,8,0,42,0,341,26,0,367,30,345,34,0,409,4,0,4,413
05/27/2023,JNU,AK,AAL,WE,Towers with Radar,28,7,18,0,53,0,182,4,0,186,28,189,22,0,239,0,0,0,239
05/28/2023,JNU,AK,AAL,WE,Towers with Radar,28,2,12,0,42,0,120,10,0,130,28,122,22,0,172,0,0,0,172
05/29/2023,JNU,AK,AAL,WE,Towers with Radar,24,5,9,0,38,0,143,13,0,156,24,148,22,0,194,6,0,6,200
05/30/2023,JNU,AK,AAL,WE,Towers with Radar,28,4,19,0,51,0,523,22,1,546,28,527,41,1,597,0,0,0,597
05/31/2023,JNU,AK,AAL,WE,Towers with Radar,28,8,19,0,55,0,404,20,0,424,28,412,39,0,479,58,26,84,563
06/01/2023,JNU,AK,AAL,WE,Towers with Radar,33,4,20,0,57,0,405,32,0,437,33,409,52,0,494,30,0,30,524
06/02/2023,JNU,AK,AAL,WE,Towers with Radar,36,4,8,0,48,0,560,38,2,600,36,564,46,2,648,32,0,32,680
06/03/2023,JNU,AK,AAL,WE,Towers with Radar,31,9,2,0,42,2,443,34,0,479,33,452,36,0,521,0,0,0,521
06/04/2023,JNU,AK,AAL,WE,Towers with Radar,34,4,6,0,44,0,398,24,0,422,34,402,30,0,466,0,0,0,466
06/05/2023,JNU,AK,AAL,WE,Towers with Radar,26,10,13,0,49,0,365,11,2,378,26,375,24,2,427,0,0,0,427
06/06/2023,JNU,AK,AAL,WE,Towers with Radar,34,7,18,0,59,0,110,6,1,117,34,117,24,1,176,0,0,0,176
06/07/2023,JNU,AK,AAL,WE,Towers with Radar,34,3,3,1,41,1,699,38,2,740,35,702,41,3,781,0,0,0,781
06/08/2023,JNU,AK,AAL,WE,Towers with Radar,36,4,6,2,48,1,417,25,0,443,37,421,31,2,491,2,0,2,493
06/09/2023,JNU,AK,AAL,WE,Towers with Radar,35,11,13,1,60,0,478,20,2,500,35,489,33,3,560,0,0,0,560
06/10/2023,JNU,AK,AAL,WE,Towers with Radar,35,9,8,1,53,0,299,18,3,320,35,308,26,4,373,0,0,0,373
06/11/2023,JNU,AK,AAL,WE,Towers with Radar,34,2,10,2,48,0,480,30,0,510,34,482,40,2,558,4,2,6,564
06/12/2023,JNU,AK,AAL,WE,Towers with Radar,31,8,8,1,48,0,446,25,0,471,31,454,33,1,519,0,0,0,519
06/13/2023,JNU,AK,AAL,WE,Towers with Radar,33,5,2,0,40,0,719,38,0,757,33,724,40,0,797,10,0,10,807
06/14/2023,JNU,AK,AAL,WE,Towers with Radar,35,5,9,0,49,0,550,42,0,592,35,555,51,0,641,14,0,14,655
06/15/2023,JNU,AK,AAL,WE,Towers with Radar,37,9,7,2,55,0,334,18,1,353,37,343,25,3,408,8,0,8,416
06/16/2023,JNU,AK,AAL,WE,Towers with Radar,37,3,18,0,58,0,228,10,0,238,37,231,28,0,296,0,0,0,296
06/17/2023,JNU,AK,AAL,WE,Towers with Radar,29,5,6,0,40,1,476,23,0,500,30,481,29,0,540,16,0,16,556
06/18/2023,JNU,AK,AAL,WE,Towers with Radar,32,2,1,0,35,0,450,41,0,491,32,452,42,0,526,7,0,7,533
06/19/2023,JNU,AK,AAL,WE,Towers with Radar,33,4,12,0,49,1,483,29,0,513,34,487,41,0,562,0,0,0,562
06/20/2023,JNU,AK,AAL,WE,Towers with Radar,33,8,3,0,44,0,735,32,0,767,33,743,35,0,811,0,0,0,811
06/21/2023,JNU,AK,AAL,WE,Towers with Radar,33,6,7,0,46,2,618,31,2,653,35,624,38,2,699,4,0,4,703
06/22/2023,JNU,AK,AAL,WE,Towers with Radar,37,13,10,0,60,0,411,24,0,435,37,424,34,0,495,0,0,0,495
06/23/2023,JNU,AK,AAL,WE,Towers with Radar,29,9,9,0,47,2,634,44,4,684,31,643,53,4,731,8,0,8,739
06/24/2023,JNU,AK,AAL,WE,Towers with Radar,33,7,14,1,55,1,337,12,1,351,34,344,26,2,406,0,0,0,406
06/25/2023,JNU,AK,AAL,WE,Towers with Radar,34,4,15,0,53,0,152,14,0,166,34,156,29,0,219,0,0,0,219
06/26/2023,JNU,AK,AAL,WE,Towers with Radar,31,6,14,0,51,0,21,4,2,27,31,27,18,2,78,0,0,0,78
06/27/2023,JNU,AK,AAL,WE,Towers with Radar,37,10,16,0,63,0,300,25,0,325,37,310,41,0,388,2,0,2,390
06/28/2023,JNU,AK,AAL,WE,Towers with Radar,35,9,17,0,61,0,302,8,1,311,35,311,25,1,372,8,0,8,380
06/29/2023,JNU,AK,AAL,WE,Towers with Radar,35,5,9,0,49,0,617,10,0,627,35,622,19,0,676,0,0,0,676
06/30/2023,JNU,AK,AAL,WE,Towers with Radar,37,5,16,0,58,0,553,22,0,575,37,558,38,0,633,18,0,18,651
07/01/2023,JNU,AK,AAL,WE,Towers with Radar,39,14,15,0,68,0,492,25,0,517,39,506,40,0,585,0,0,0,585
07/02/2023,JNU,AK,AAL,WE,Towers with Radar,35,3,10,0,48,1,451,49,0,501,36,454,59,0,549,14,0,14,563
07/03/2023,JNU,AK,AAL,WE,Towers with Radar,33,3,2,0,38,0,633,38,0,671,33,636,40,0,709,0,0,0,709
07/04/2023,JNU,AK,AAL,WE,Towers with Radar,36,2,3,0,41,0,317,34,0,351,36,319,37,0,392,0,0,0,392
07/05/2023,JNU,AK,AAL,WE,Towers with Radar,35,6,11,0,52,1,1166,44,2,1213,36,1172,55,2,1265,0,2,2,1267
07/06/2023,JNU,AK,AAL,WE,Towers with Radar,31,2,8,0,41,0,632,38,0,670,31,634,46,0,711,6,0,6,717
07/07/2023,JNU,AK,AAL,WE,Towers with Radar,35,4,4,0,43,5,646,28,0,679,40,650,32,0,722,12,0,12,734
07/08/2023,JNU,AK,AAL,WE,Towers with Radar,27,4,3,0,34,3,408,36,0,447,30,412,39,0,481,0,0,0,481
07/09/2023,JNU,AK,AAL,WE,Towers with Radar,36,2,7,0,45,1,607,38,0,646,37,609,45,0,691,4,0,4,695
07/10/2023,JNU,AK,AAL,WE,Towers with Radar,36,6,4,0,46,4,525,34,0,563,40,531,38,0,609,0,0,0,609
07/11/2023,JNU,AK,AAL,WE,Towers with Radar,34,5,5,0,44,0,772,33,0,805,34,777,38,0,849,2,0,2,851
07/12/2023,JNU,AK,AAL,WE,Towers with Radar,37,6,3,0,46,0,617,51,0,668,37,623,54,0,714,8,0,8,722
07/13/2023,JNU,AK,AAL,WE,Towers with Radar,34,2,3,0,39,0,511,38,0,549,34,513,41,0,588,2,0,2,590
07/14/2023,JNU,AK,AAL,WE,Towers with Radar,32,4,15,0,51,1,612,43,0,656,33,616,58,0,707,0,0,0,707
07/15/2023,JNU,AK,AAL,WE,Towers with Radar,32,5,8,0,45,2,525,46,0,573,34,530,54,0,618,26,0,26,644
07/16/2023,JNU,AK,AAL,WE,Towers with Radar,29,5,8,0,42,0,447,31,0,478,29,452,39,0,520,0,0,0,520
07/17/2023,JNU,AK,AAL,WE,Towers with Radar,33,5,12,0,50,0,367,22,0,389,33,372,34,0,439,20,0,20,459
07/18/2023,JNU,AK,AAL,WE,Towers with Radar,44,9,8,0,61,0,709,41,0,750,44,718,49,0,811,0,0,0,811
07/19/2023,JNU,AK,AAL,WE,Towers with Radar,40,6,19,0,65,0,216,16,0,232,40,222,35,0,297,0,0,0,297
07/20/2023,JNU,AK,AAL,WE,Towers with Radar,34,3,9,0,46,3,628,39,0,670,37,631,48,0,716,2,0,2,718
07/21/2023,JNU,AK,AAL,WE,Towers with Radar,35,8,7,1,51,1,446,19,1,467,36,454,26,2,518,0,0,0,518
07/22/2023,JNU,AK,AAL,WE,Towers with Radar,30,9,24,0,63,0,288,8,0,296,30,297,32,0,359,0,0,0,359
07/23/2023,JNU,AK,AAL,WE,Towers with Radar,32,12,9,0,53,0,46,0,0,46,32,58,9,0,99,0,0,0,99
07/24/2023,JNU,AK,AAL,WE,Towers with Radar,34,12,12,0,58,1,548,30,0,579,35,560,42,0,637,8,0,8,645
07/25/2023,JNU,AK,AAL,WE,Towers with Radar,37,6,9,0,52,0,755,33,0,788,37,761,42,0,840,0,0,0,840
07/26/2023,JNU,AK,AAL,WE,Towers with Radar,34,6,9,0,49,0,439,28,0,467,34,445,37,0,516,2,0,2,518
07/27/2023,JNU,AK,AAL,WE,Towers with Radar,35,3,10,1,49,2,584,33,1,620,37,587,43,2,669,0,0,0,669
07/28/2023,JNU,AK,AAL,WE,Towers with Radar,37,0,6,0,43,0,688,37,0,725,37,688,43,0,768,18,0,18,786
07/29/2023,JNU,AK,AAL,WE,Towers with Radar,32,6,5,0,43,2,495,46,0,543,34,501,51,0,586,28,0,28,614
07/30/2023,JNU,AK,AAL,WE,Towers with Radar,36,4,7,0,47,0,517,34,0,551,36,521,41,0,598,8,0,8,606
07/31/2023,JNU,AK,AAL,WE,Towers with Radar,31,4,14,0,49,0,351,21,0,372,31,355,35,0,421,0,0,0,421
08/01/2023,JNU,AK,AAL,WE,Towers with Radar,39,7,20,0,66,0,69,3,0,72,39,76,23,0,138,0,0,0,138
08/02/2023,JNU,AK,AAL,WE,Towers with Radar,35,6,6,1,48,1,694,35,0,730,36,700,41,1,778,6,0,6,784
08/03/2023,JNU,AK,AAL,WE,Towers with Radar,38,7,12,0,57,0,540,24,0,564,38,547,36,0,621,0,0,0,621
08/04/2023,JNU,AK,AAL,WE,Towers with Radar,37,5,8,0,50,0,552,32,0,584,37,557,40,0,634,6,0,6,640
08/05/2023,JNU,AK,AAL,WE,Towers with Radar,30,6,11,0,47,0,497,46,0,543,30,503,57,0,590,4,0,4,594
08/06/2023,JNU,AK,AAL,WE,Towers with Radar,32,1,1,0,34,2,586,42,0,630,34,587,43,0,664,0,0,0,664
08/07/2023,JNU,AK,AAL,WE,Towers with Radar,34,2,7,0,43,1,538,15,0,554,35,540,22,0,597,2,0,2,599
08/08/2023,JNU,AK,AAL,WE,Towers with Radar,34,8,10,2,54,1,627,11,0,639,35,635,21,2,693,0,0,0,693
08/09/2023,JNU,AK,AAL,WE,Towers with Radar,38,11,22,0,71,0,518,8,0,526,38,529,30,0,597,0,0,0,597
08/10/2023,JNU,AK,AAL,WE,Towers with Radar,32,5,21,0,58,1,268,3,1,273,33,273,24,1,331,0,0,0,331
08/11/2023,JNU,AK,AAL,WE,Towers with Radar,29,7,11,0,47,1,507,18,2,528,30,514,29,2,575,0,0,0,575
08/12/2023,JNU,AK,AAL,WE,Towers with Radar,30,3,17,0,50,0,28,1,5,34,30,31,18,5,84,0,0,0,84
08/13/2023,JNU,AK,AAL,WE,Towers with Radar,33,6,14,0,53,0,281,14,0,295,33,287,28,0,348,6,0,6,354
08/14/2023,JNU,AK,AAL,WE,Towers with Radar,31,5,11,0,47,0,466,12,0,478,31,471,23,0,525,0,0,0,525
08/15/2023,JNU,AK,AAL,WE,Towers with Radar,33,11,20,0,64,0,185,7,5,197,33,196,27,5,261,0,0,0,261
08/16/2023,JNU,AK,AAL,WE,Towers with Radar,37,14,28,0,79,0,140,12,2,154,37,154,40,2,233,6,0,6,239
08/17/2023,JNU,AK,AAL,WE,Towers with Radar,30,12,19,0,61,1,280,30,0,311,31,292,49,0,372,42,0,42,414
08/18/2023,JNU,AK,AAL,WE,Towers with Radar,32,8,14,2,56,0,511,47,0,558,32,519,61,2,614,6,2,8,622
08/19/2023,JNU,AK,AAL,WE,Towers with Radar,25,6,15,1,47,2,446,37,0,485,27,452,52,1,532,0,0,0,532
08/20/2023,JNU,AK,AAL,WE,Towers with Radar,30,0,9,0,39,0,608,46,0,654,30,608,55,0,693,0,0,0,693
08/21/2023,JNU,AK,AAL,WE,Towers with Radar,31,6,11,0,48,0,511,48,0,559,31,517,59,0,607,10,0,10,617
08/22/2023,JNU,AK,AAL,WE,Towers with Radar,37,8,8,0,53,2,706,27,0,735,39,714,35,0,788,0,0,0,788
08/23/2023,JNU,AK,AAL,WE,Towers with Radar,32,4,13,2,51,0,570,49,0,619,32,574,62,2,670,0,0,0,670
08/24/2023,JNU,AK,AAL,WE,Towers with Radar,30,9,9,0,48,2,506,23,1,532,32,515,32,1,580,2,0,2,582
08/25/2023,JNU,AK,AAL,WE,Towers with Radar,36,3,6,0,45,2,503,33,0,538,38,506,39,0,583,2,0,2,585
08/26/2023,JNU,AK,AAL,WE,Towers with Radar,29,9,16,0,54,2,285,24,0,311,31,294,40,0,365,10,0,10,375
08/27/2023,JNU,AK,AAL,WE,Towers with Radar,32,21,7,0,60,0,393,46,0,439,32,414,53,0,499,0,0,0,499
08/28/2023,JNU,AK,AAL,WE,Towers with Radar,33,16,11,1,61,1,480,42,0,523,34,496,53,1,584,0,12,12,596
08/29/2023,JNU,AK,AAL,WE,Towers with Radar,32,10,8,0,50,1,591,22,3,617,33,601,30,3,667,6,0,6,673
08/30/2023,JNU,AK,AAL,WE,Towers with Radar,35,9,11,0,55,0,382,15,0,397,35,391,26,0,452,8,0,8,460
08/31/2023,JNU,AK,AAL,WE,Towers with Radar,37,13,10,0,60,0,359,31,0,390,37,372,41,0,450,16,0,16,466
01/01/2020,JNU,AK,AAL,WE,Towers with Radar,18,1,4,0,23,0,4,14,0,18,18,5,18,0,41,0,0,0,41
01/02/2020,JNU,AK,AAL,WE,Towers with Radar,14,9,2,0,25,0,39,4,1,44,14,48,6,1,69,6,0,6,75
01/03/2020,JNU,AK,AAL,WE,Towers with Radar,15,3,3,0,21,0,86,17,0,103,15,89,20,0,124,6,0,6,130
01/04/2020,JNU,AK,AAL,WE,Towers with Radar,19,6,2,0,27,2,49,9,3,63,21,55,11,3,90,18,0,18,108
01/05/2020,JNU,AK,AAL,WE,Towers with Radar,17,2,0,0,19,0,41,28,0,69,17,43,28,0,88,2,0,2,90
01/06/2020,JNU,AK,AAL,WE,Towers with Radar,17,6,2,0,25,0,29,9,0,38,17,35,11,0,63,0,0,0,63
01/07/2020,JNU,AK,AAL,WE,Towers with Radar,17,10,2,0,29,0,62,5,6,73,17,72,7,6,102,6,0,6,108
01/08/2020,JNU,AK,AAL,WE,Towers with Radar,21,7,0,0,28,1,32,1,1,35,22,39,1,1,63,12,0,12,75
01/09/2020,JNU,AK,AAL,WE,Towers with Radar,19,4,1,0,24,0,74,18,0,92,19,78,19,0,116,16,0,16,132
01/10/2020,JNU,AK,AAL,WE,Towers with Radar,17,6,0,0,23,0,12,3,0,15,17,18,3,0,38,0,0,0,38
01/11/2020,JNU,AK,AAL,WE,Towers with Radar,12,2,1,1,16,2,23,6,4,35,14,25,7,5,51,0,2,2,53
01/12/2020,JNU,AK,AAL,WE,Towers with Radar,19,4,0,0,23,2,43,5,0,50,21,47,5,0,73,4,0,4,77
01/13/2020,JNU,AK,AAL,WE,Towers with Radar,15,5,0,0,20,0,73,11,0,84,15,78,11,0,104,0,0,0,104
01/14/2020,JNU,AK,AAL,WE,Towers with Radar,20,6,2,2,30,3,59,11,4,77,23,65,13,6,107,10,0,10,117
01/15/2020,JNU,AK,AAL,WE,Towers with Radar,17,2,1,0,20,2,52,5,2,61,19,54,6,2,81,0,0,0,81
01/16/2020,JNU,AK,AAL,WE,Towers with Radar,4,4,3,0,11,0,4,0,2,6,4,8,3,2,17,0,0,0,17
01/17/2020,JNU,AK,AAL,WE,Towers with Radar,18,5,0,0,23,1,74,2,0,77,19,79,2,0,100,0,0,0,100
01/18/2020,JNU,AK,AAL,WE,Towers with Radar,16,0,0,0,16,0,37,8,0,45,16,37,8,0,61,22,0,22,83
01/19/2020,JNU,AK,AAL,WE,Towers with Radar,19,4,2,0,25,0,2,2,0,4,19,6,4,0,29,0,0,0,29
01/20/2020,JNU,AK,AAL,WE,Towers with Radar,15,6,3,0,24,0,35,1,0,36,15,41,4,0,60,0,0,0,60
01/21/2020,JNU,AK,AAL,WE,Towers with Radar,19,12,7,0,38,0,15,3,0,18,19,27,10,0,56,0,0,0,56
01/22/2020,JNU,AK,AAL,WE,Towers with Radar,19,5,2,0,26,0,0,0,0,0,19,5,2,0,26,0,0,0,26
01/23/2020,JNU,AK,AAL,WE,Towers with Radar,21,10,0,0,31,2,44,3,2,51,23,54,3,2,82,0,0,0,82
01/24/2020,JNU,AK,AAL,WE,Towers with Radar,20,10,0,0,30,0,40,7,1,48,20,50,7,1,78,0,0,0,78
01/25/2020,JNU,AK,AAL,WE,Towers with Radar,21,1,0,0,22,0,0,0,0,0,21,1,0,0,22,0,0,0,22
01/26/2020,JNU,AK,AAL,WE,Towers with Radar,19,7,4,0,30,0,38,2,0,40,19,45,6,0,70,0,0,0,70
01/27/2020,JNU,AK,AAL,WE,Towers with Radar,17,3,6,0,26,0,55,11,0,66,17,58,17,0,92,8,0,8,100
01/28/2020,JNU,AK,AAL,WE,Towers with Radar,20,5,6,0,31,0,66,5,0,71,20,71,11,0,102,14,0,14,116
01/29/2020,JNU,AK,AAL,WE,Towers with Radar,21,4,2,0,27,0,22,3,0,25,21,26,5,0,52,0,0,0,52
01/30/2020,JNU,AK,AAL,WE,Towers with Radar,15,0,2,0,17,0,0,0,0,0,15,0,2,0,17,0,0,0,17
01/31/2020,JNU,AK,AAL,WE,Towers with Radar,18,6,2,0,26,0,69,8,0,77,18,75,10,0,103,54,0,54,157
02/01/2020,JNU,AK,AAL,WE,Towers with Radar,17,8,3,0,28,0,52,6,0,58,17,60,9,0,86,0,0,0,86
02/02/2020,JNU,AK,AAL,WE,Towers with Radar,23,0,2,0,25,0,90,24,0,114,23,90,26,0,139,24,0,24,163
02/03/2020,JNU,AK,AAL,WE,Towers with Radar,15,6,1,1,23,0,3,0,0,3,15,9,1,1,26,0,0,0,26
02/04/2020,JNU,AK,AAL,WE,Towers with Radar,23,11,3,0,37,0,35,3,1,39,23,46,6,1,76,0,0,0,76
02/05/2020,JNU,AK,AAL,WE,Towers with Radar,18,7,0,0,25,1,82,6,0,89,19,89,6,0,114,24,0,24,138
02/06/2020,JNU,AK,AAL,WE,Towers with Radar,20,5,8,0,33,2,86,11,0,99,22,91,19,0,132,20,0,20,152
02/07/2020,JNU,AK,AAL,WE,Towers with Radar,26,5,0,0,31,0,100,14,0,114,26,105,14,0,145,22,0,22,167
02/08/2020,JNU,AK,AAL,WE,Towers with Radar,21,10,3,2,36,0,43,10,3,56,21,53,13,5,92,6,0,6,98
02/09/2020,JNU,AK,AAL,WE,Towers with Radar,14,7,2,0,23,0,76,13,0,89,14,83,15,0,112,16,0,16,128
02/10/2020,JNU,AK,AAL,WE,Towers with Radar,17,3,12,0,32,0,33,10,0,43,17,36,22,0,75,26,0,26,101
02/11/2020,JNU,AK,AAL,WE,Towers with Radar,21,2,3,0,26,1,144,56,1,202,22,146,59,1,228,46,0,46,274
02/12/2020,JNU,AK,AAL,WE,Towers with Radar,18,6,7,0,31,0,2,2,0,4,18,8,9,0,35,0,0,0,35
02/13/2020,JNU,AK,AAL,WE,Towers with Radar,20,9,3,0,32,0,81,12,0,93,20,90,15,0,125,6,0,6,131
02/14/2020,JNU,AK,AAL,WE,Towers with Radar,21,26,1,0,48,0,4,1,0,5,21,30,2,0,53,0,0,0,53
02/15/2020,JNU,AK,AAL,WE,Towers with Radar,14,1,0,0,15,0,0,0,0,0,14,1,0,0,15,0,0,0,15
02/16/2020,JNU,AK,AAL,WE,Towers with Radar,18,6,6,0,30,0,26,3,0,29,18,32,9,0,59,0,0,0,59
02/17/2020,JNU,AK,AAL,WE,Towers with Radar,17,7,4,0,28,0,45,14,0,59,17,52,18,0,87,0,0,0,87
02/18/2020,JNU,AK,AAL,WE,Towers with Radar,19,2,7,0,28,1,73,10,0,84,20,75,17,0,112,38,0,38,150
02/19/2020,JNU,AK,AAL,WE,Towers with Radar,18,3,2,0,23,0,68,6,0,74,18,71,8,0,97,12,0,12,109
02/20/2020,JNU,AK,AAL,WE,Towers with Radar,19,6,1,0,26,0,12,3,0,15,19,18,4,0,41,2,0,2,43
02/21/2020,JNU,AK,AAL,WE,Towers with Radar,22,9,4,1,36,0,72,5,1,78,22,81,9,2,114,6,0,6,120
02/22/2020,JNU,AK,AAL,WE,Towers with Radar,19,12,6,0,37,0,47,8,0,55,19,59,14,0,92,12,0,12,104
02/23/2020,JNU,AK,AAL,WE,Towers with Radar,17,1,0,1,19,0,0,0,0,0,17,1,0,1,19,0,0,0,19
02/24/2020,JNU,AK,AAL,WE,Towers with Radar,19,4,7,1,31,0,90,21,6,117,19,94,28,7,148,28,0,28,176
02/25/2020,JNU,AK,AAL,WE,Towers with Radar,19,2,5,1,27,0,6,0,0,6,19,8,5,1,33,0,0,0,33
02/26/2020,JNU,AK,AAL,WE,Towers with Radar,19,13,9,0,41,0,43,3,0,46,19,56,12,0,87,18,0,18,105
02/27/2020,JNU,AK,AAL,WE,Towers with Radar,16,12,4,0,32,2,52,8,1,63,18,64,12,1,95,4,0,4,99
02/28/2020,JNU,AK,AAL,WE,Towers with Radar,19,7,4,1,31,0,106,7,0,113,19,113,11,1,144,2,0,2,146
02/29/2020,JNU,AK,AAL,WE,Towers with Radar,12,7,4,0,23,0,58,7,1,66,12,65,11,1,89,6,0,6,95
03/01/2020,JNU,AK,AAL,WE,Towers with Radar,17,2,9,0,28,0,19,8,0,27,17,21,17,0,55,6,0,6,61
03/02/2020,JNU,AK,AAL,WE,Towers with Radar,21,8,6,0,35,0,62,13,0,75,21,70,19,0,110,0,0,0,110
03/03/2020,JNU,AK,AAL,WE,Towers with Radar,19,12,7,0,38,0,76,10,2,88,19,88,17,2,126,0,0,0,126
03/04/2020,JNU,AK,AAL,WE,Towers with Radar,15,16,6,0,37,1,30,10,2,43,16,46,16,2,80,0,0,0,80
03/05/2020,JNU,AK,AAL,WE,Towers with Radar,19,7,1,0,27,1,49,8,0,58,20,56,9,0,85,6,0,6,91
03/06/2020,JNU,AK,AAL,WE,Towers with Radar,16,10,7,1,34,1,91,17,0,109,17,101,24,1,143,28,0,28,171
03/07/2020,JNU,AK,AAL,WE,Towers with Radar,11,10,1,0,22,0,112,40,0,152,11,122,41,0,174,55,0,55,229
03/08/2020,JNU,AK,AAL,WE,Towers with Radar,20,1,2,0,23,0,0,0,0,0,20,1,2,0,23,0,0,0,23
03/09/2020,JNU,AK,AAL,WE,Towers with Radar,20,5,3,0,28,0,49,10,0,59,20,54,13,0,87,0,0,0,87
03/10/2020,JNU,AK,AAL,WE,Towers with Radar,22,11,2,0,35,0,42,10,1,53,22,53,12,1,88,0,0,0,88
03/11/2020,JNU,AK,AAL,WE,Towers with Radar,18,13,10,0,41,0,52,7,0,59,18,65,17,0,100,2,0,2,102
03/12/2020,JNU,AK,AAL,WE,Towers with Radar,18,4,0,0,22,1,135,20,0,156,19,139,20,0,178,10,0,10,188
03/13/2020,JNU,AK,AAL,WE,Towers with Radar,20,7,3,0,30,2,116,26,2,146,22,123,29,2,176,26,0,26,202
03/14/2020,JNU,AK,AAL,WE,Towers with Radar,15,1,0,0,16,2,107,43,1,153,17,108,43,1,169,14,0,14,183
03/15/2020,JNU,AK,AAL,WE,Towers with Radar,17,0,2,0,19,1,77,44,0,122,18,77,46,0,141,12,0,12,153
03/16/2020,JNU,AK,AAL,WE,Towers with Radar,18,7,5,0,30,1,75,35,0,111,19,82,40,0,141,10,0,10,151
03/17/2020,JNU,AK,AAL,WE,Towers with Radar,22,8,2,2,34,1,90,33,0,124,23,98,35,2,158,8,0,8,166
03/18/2020,JNU,AK,AAL,WE,Towers with Radar,19,5,9,0,33,2,89,7,0,98,21,94,16,0,131,0,0,0,131
03/19/2020,JNU,AK,AAL,WE,Towers with Radar,19,8,7,0,34,2,98,29,0,129,21,106,36,0,163,4,0,4,167
03/20/2020,JNU,AK,AAL,WE,Towers with Radar,17,5,1,0,23,0,68,32,0,100,17,73,33,0,123,10,0,10,133
03/21/2020,JNU,AK,AAL,WE,Towers with Radar,15,10,1,0,26,0,45,9,0,54,15,55,10,0,80,0,0,0,80
03/22/2020,JNU,AK,AAL,WE,Towers with Radar,18,0,0,2,20,1,27,28,0,56,19,27,28,2,76,40,0,40,116
03/23/2020,JNU,AK,AAL,WE,Towers with Radar,16,4,0,0,20,0,36,8,0,44,16,40,8,0,64,6,0,6,70
03/24/2020,JNU,AK,AAL,WE,Towers with Radar,18,3,3,0,24,1,97,30,0,128,19,100,33,0,152,20,0,20,172
03/25/2020,JNU,AK,AAL,WE,Towers with Radar,20,5,0,0,25,1,66,7,10,84,21,71,7,10,109,12,0,12,121
03/26/2020,JNU,AK,AAL,WE,Towers with Radar,22,2,0,0,24,0,44,5,0,49,22,46,5,0,73,0,0,0,73
03/27/2020,JNU,AK,AAL,WE,Towers with Radar,17,8,2,0,27,0,15,6,0,21,17,23,8,0,48,2,0,2,50
03/28/2020,JNU,AK,AAL,WE,Towers with Radar,20,5,6,0,31,1,27,3,0,31,21,32,9,0,62,20,0,20,82
03/29/2020,JNU,AK,AAL,WE,Towers with Radar,15,1,0,0,16,2,5,0,5,12,17,6,0,5,28,12,0,12,40
03/30/2020,JNU,AK,AAL,WE,Towers with Radar,18,6,0,0,24,1,41,3,2,47,19,47,3,2,71,0,0,0,71
03/31/2020,JNU,AK,AAL,WE,Towers with Radar,21,1,0,0,22,2,40,18,3,63,23,41,18,3,85,10,0,10,95
04/01/2020,JNU,AK,AAL,WE,Towers with Radar,13,2,0,2,17,0,45,14,6,65,13,47,14,8,82,38,0,38,120
04/02/2020,JNU,AK,AAL,WE,Towers with Radar,16,0,0,0,16,0,52,17,0,69,16,52,17,0,85,8,0,8,93
04/03/2020,JNU,AK,AAL,WE,Towers with Radar,16,5,4,2,27,1,24,4,3,32,17,29,8,5,59,0,0,0,59
04/04/2020,JNU,AK,AAL,WE,Towers with Radar,14,0,0,0,14,0,16,28,0,44,14,16,28,0,58,6,0,6,64
04/05/2020,JNU,AK,AAL,WE,Towers with Radar,13,2,4,0,19,1,6,21,0,28,14,8,25,0,47,18,0,18,65
04/06/2020,JNU,AK,AAL,WE,Towers with Radar,12,5,4,0,21,0,37,4,0,41,12,42,8,0,62,12,0,12,74
04/07/2020,JNU,AK,AAL,WE,Towers with Radar,10,2,3,0,15,0,38,1,0,39,10,40,4,0,54,6,0,6,60
04/08/2020,JNU,AK,AAL,WE,Towers with Radar,15,5,0,0,20,0,1,0,0,1,15,6,0,0,21,0,0,0,21
04/09/2020,JNU,AK,AAL,WE,Towers with Radar,15,3,1,2,21,1,54,4,2,61,16,57,5,4,82,0,0,0,82
04/10/2020,JNU,AK,AAL,WE,Towers with Radar,15,1,2,0,18,0,60,28,0,88,15,61,30,0,106,20,0,20,126
04/11/2020,JNU,AK,AAL,WE,Towers with Radar,15,3,0,0,18,0,15,52,0,67,15,18,52,0,85,4,0,4,89
04/12/2020,JNU,AK,AAL,WE,Towers with Radar,15,1,1,0,17,0,0,30,0,30,15,1,31,0,47,12,0,12,59
04/13/2020,JNU,AK,AAL,WE,Towers with Radar,12,4,6,0,22,0,21,2,0,23,12,25,8,0,45,0,0,0,45
04/14/2020,JNU,AK,AAL,WE,Towers with Radar,13,0,5,0,18,0,34,22,0,56,13,34,27,0,74,0,0,0,74
04/15/2020,JNU,AK,AAL,WE,Towers with Radar,17,4,5,0,26,0,12,5,0,17,17,16,10,0,43,4,0,4,47
04/16/2020,JNU,AK,AAL,WE,Towers with Radar,15,6,0,0,21,0,1,0,0,1,15,7,0,0,22,0,0,0,22
04/17/2020,JNU,AK,AAL,WE,Towers with Radar,14,22,6,0,42,3,68,43,2,116,17,90,49,2,158,26,0,26,184
04/18/2020,JNU,AK,AAL,WE,Towers with Radar,14,1,0,0,15,1,15,63,0,79,15,16,63,0,94,18,0,18,112
04/19/2020,JNU,AK,AAL,WE,Towers with Radar,14,0,0,0,14,0,12,32,0,44,14,12,32,0,58,18,0,18,76
04/20/2020,JNU,AK,AAL,WE,Towers with Radar,14,5,2,0,21,0,41,11,4,56,14,46,13,4,77,0,0,0,77
04/21/2020,JNU,AK,AAL,WE,Towers with Radar,15,8,1,0,24,0,38,0,0,38,15,46,1,0,62,0,0,0,62
04/22/2020,JNU,AK,AAL,WE,Towers with Radar,15,8,1,0,24,0,37,0,2,39,15,45,1,2,63,0,0,0,63
04/23/2020,JNU,AK,AAL,WE,Towers with Radar,15,4,1,0,20,2,36,17,0,55,17,40,18,0,75,0,0,0,75
04/24/2020,JNU,AK,AAL,WE,Towers with Radar,13,6,3,0,22,0,45,15,3,63,13,51,18,3,85,22,14,36,121
04/25/2020,JNU,AK,AAL,WE,Towers with Radar,15,3,0,0,18,0,20,29,0,49,15,23,29,0,67,14,0,14,81
04/26/2020,JNU,AK,AAL,WE,Towers with Radar,12,2,5,0,19,0,9,17,1,27,12,11,22,1,46,16,0,16,62
04/27/2020,JNU,AK,AAL,WE,Towers with Radar,13,4,5,0,22,0,36,9,0,45,13,40,14,0,67,8,0,8,75
04/28/2020,JNU,AK,AAL,WE,Towers with Radar,16,8,0,0,24,1,36,21,0,58,17,44,21,0,82,0,0,0,82
04/29/2020,JNU,AK,AAL,WE,Towers with Radar,15,7,5,0,27,2,37,2,0,41,17,44,7,0,68,0,0,0,68
04/30/2020,JNU,AK,AAL,WE,Towers with Radar,14,5,1,0,20,0,46,8,0,54,14,51,9,0,74,0,0,0,74
05/01/2020,JNU,AK,AAL,WE,Towers with Radar,15,0,0,0,15,0,113,26,4,143,15,113,26,4,158,60,0,60,218
05/02/2020,JNU,AK,AAL,WE,Towers with Radar,9,2,0,0,11,0,24,52,0,76,9,26,52,0,87,2,0,2,89
05/03/2020,JNU,AK,AAL,WE,Towers with Radar,11,0,0,0,11,1,8,15,0,24,12,8,15,0,35,22,0,22,57
05/04/2020,JNU,AK,AAL,WE,Towers with Radar,12,2,0,0,14,0,61,35,0,96,12,63,35,0,110,2,0,2,112
05/05/2020,JNU,AK,AAL,WE,Towers with Radar,16,2,0,0,18,0,60,21,2,83,16,62,21,2,101,8,0,8,109
05/06/2020,JNU,AK,AAL,WE,Towers with Radar,11,3,1,0,15,3,42,15,2,62,14,45,16,2,77,10,2,12,89
05/07/2020,JNU,AK,AAL,WE,Towers with Radar,15,3,0,0,18,3,66,42,3,114,18,69,42,3,132,20,0,20,152
05/08/2020,JNU,AK,AAL,WE,Towers with Radar,14,5,0,0,19,1,74,28,0,103,15,79,28,0,122,6,0,6,128
05/09/2020,JNU,AK,AAL,WE,Towers with Radar,13,2,0,0,15,0,32,42,0,74,13,34,42,0,89,0,0,0,89
05/10/2020,JNU,AK,AAL,WE,Towers with Radar,13,0,0,0,13,0,27,26,0,53,13,27,26,0,66,10,0,10,76
05/11/2020,JNU,AK,AAL,WE,Towers with Radar,13,7,0,0,20,1,78,31,0,110,14,85,31,0,130,0,4,4,134
05/12/2020,JNU,AK,AAL,WE,Towers with Radar,13,4,1,0,18,0,60,60,0,120,13,64,61,0,138,12,0,12,150
05/13/2020,JNU,AK,AAL,WE,Towers with Radar,13,4,1,0,18,0,57,49,1,107,13,61,50,1,125,12,0,12,137
05/14/2020,JNU,AK,AAL,WE,Towers with Radar,13,6,2,0,21,2,71,15,1,89,15,77,17,1,110,6,6,12,122
05/15/2020,JNU,AK,AAL,WE,Towers with Radar,17,8,8,0,33,4,70,33,7,114,21,78,41,7,147,0,4,4,151
05/16/2020,JNU,AK,AAL,WE,Towers with Radar,12,0,1,0,13,0,38,60,8,106,12,38,61,8,119,16,8,24,143
05/17/2020,JNU,AK,AAL,WE,Towers with Radar,15,2,1,0,18,0,21,32,2,55,15,23,33,2,73,0,0,0,73
05/18/2020,JNU,AK,AAL,WE,Towers with Radar,12,7,1,0,20,0,100,36,2,138,12,107,37,2,158,10,0,10,168
05/19/2020,JNU,AK,AAL,WE,Towers with Radar,13,10,0,0,23,0,44,8,0,52,13,54,8,0,75,0,0,0,75
05/20/2020,JNU,AK,AAL,WE,Towers with Radar,15,6,1,0,22,1,53,21,0,75,16,59,22,0,97,20,0,20,117
05/21/2020,JNU,AK,AAL,WE,Towers with Radar,12,4,3,2,21,0,67,23,2,92,12,71,26,4,113,6,4,10,123
05/22/2020,JNU,AK,AAL,WE,Towers with Radar,11,9,2,0,22,2,108,47,2,159,13,117,49,2,181,24,0,24,205
05/23/2020,JNU,AK,AAL,WE,Towers with Radar,16,3,1,0,20,1,21,23,0,45,17,24,24,0,65,0,0,0,65
05/24/2020,JNU,AK,AAL,WE,Towers with Radar,15,1,1,0,17,0,19,14,0,33,15,20,15,0,50,8,0,8,58
05/25/2020,JNU,AK,AAL,WE,Towers with Radar,12,2,7,0,21,1,45,39,0,85,13,47,46,0,106,2,0,2,108
05/26/2020,JNU,AK,AAL,WE,Towers with Radar,15,4,7,2,28,1,50,27,0,78,16,54,34,2,106,23,0,23,129
05/27/2020,JNU,AK,AAL,WE,Towers with Radar,14,3,4,0,21,2,93,39,0,134,16,96,43,0,155,12,0,12,167
05/28/2020,JNU,AK,AAL,WE,Towers with Radar,13,4,0,0,17,0,83,31,2,116,13,87,31,2,133,24,0,24,157
05/29/2020,JNU,AK,AAL,WE,Towers with Radar,15,3,0,0,18,0,118,45,0,163,15,121,45,0,181,2,0,2,183
05/30/2020,JNU,AK,AAL,WE,Towers with Radar,13,6,0,0,19,0,64,36,0,100,13,70,36,0,119,6,0,6,125
05/31/2020,JNU,AK,AAL,WE,Towers with Radar,14,2,5,0,21,0,19,25,0,44,14,21,30,0,65,18,0,18,83
06/01/2020,JNU,AK,AAL,WE,Towers with Radar,18,6,0,0,24,0,81,31,0,112,18,87,31,0,136,0,0,0,136
06/02/2020,JNU,AK,AAL,WE,Towers with Radar,14,6,3,0,23,0,59,9,0,68,14,65,12,0,91,0,0,0,91
06/03/2020,JNU,AK,AAL,WE,Towers with Radar,15,4,5,0,24,2,70,21,3,96,17,74,26,3,120,0,0,0,120
06/04/2020,JNU,AK,AAL,WE,Towers with Radar,22,2,4,0,28,1,144,45,0,190,23,146,49,0,218,18,0,18,236
06/05/2020,JNU,AK,AAL,WE,Towers with Radar,19,0,0,0,19,2,108,46,4,160,21,108,46,4,179,12,0,12,191
06/06/2020,JNU,AK,AAL,WE,Towers with Radar,17,4,0,0,21,1,69,40,7,117,18,73,40,7,138,26,16,42,180
06/07/2020,JNU,AK,AAL,WE,Towers with Radar,20,1,0,0,21,0,22,11,0,33,20,23,11,0,54,0,0,0,54
06/08/2020,JNU,AK,AAL,WE,Towers with Radar,15,8,0,2,25,2,96,24,0,122,17,104,24,2,147,34,0,34,181
06/09/2020,JNU,AK,AAL,WE,Towers with Radar,23,1,0,0,24,0,101,42,2,145,23,102,42,2,169,8,0,8,177
06/10/2020,JNU,AK,AAL,WE,Towers with Radar,18,11,1,0,30,3,90,34,0,127,21,101,35,0,157,10,0,10,167
06/11/2020,JNU,AK,AAL,WE,Towers with Radar,20,2,0,0,22,1,100,40,2,143,21,102,40,2,165,6,2,8,173
06/12/2020,JNU,AK,AAL,WE,Towers with Radar,20,1,1,0,22,4,104,54,2,164,24,105,55,2,186,6,0,6,192
06/13/2020,JNU,AK,AAL,WE,Towers with Radar,17,3,1,1,22,4,60,18,8,90,21,63,19,9,112,10,0,10,122
06/14/2020,JNU,AK,AAL,WE,Towers with Radar,22,0,2,0,24,1,38,20,0,59,23,38,22,0,83,0,0,0,83
06/15/2020,JNU,AK,AAL,WE,Towers with Radar,20,5,3,0,28,0,79,40,0,119,20,84,43,0,147,4,0,4,151
06/16/2020,JNU,AK,AAL,WE,Towers with Radar,22,7,5,0,34,0,56,21,0,77,22,63,26,0,111,0,0,0,111
06/17/2020,JNU,AK,AAL,WE,Towers with Radar,18,9,1,0,28,2,100,35,0,137,20,109,36,0,165,20,0,20,185
06/18/2020,JNU,AK,AAL,WE,Towers with Radar,22,23,8,0,53,0,42,6,0,48,22,65,14,0,101,0,0,0,101
06/19/2020,JNU,AK,AAL,WE,Towers with Radar,22,8,2,0,32,0,124,34,0,158,22,132,36,0,190,22,0,22,212
06/20/2020,JNU,AK,AAL,WE,Towers with Radar,17,10,2,0,29,0,66,14,0,80,17,76,16,0,109,4,0,4,113
06/21/2020,JNU,AK,AAL,WE,Towers with Radar,22,1,2,0,25,1,48,41,0,90,23,49,43,0,115,12,0,12,127
06/22/2020,JNU,AK,AAL,WE,Towers with Radar,16,7,2,0,25,5,109,32,0,146,21,116,34,0,171,6,0,6,177
06/23/2020,JNU,AK,AAL,WE,Towers with Radar,16,4,2,2,24,0,112,36,0,148,16,116,38,2,172,0,0,0,172
06/24/2020,JNU,AK,AAL,WE,Towers with Radar,18,7,8,0,33,0,89,41,2,132,18,96,49,2,165,0,0,0,165
06/25/2020,JNU,AK,AAL,WE,Towers with Radar,19,6,8,0,33,2,96,10,0,108,21,102,18,0,141,0,0,0,141
06/26/2020,JNU,AK,AAL,WE,Towers with Radar,19,18,13,0,50,0,73,11,0,84,19,91,24,0,134,0,0,0,134
06/27/2020,JNU,AK,AAL,WE,Towers with Radar,18,4,0,0,22,0,123,39,0,162,18,127,39,0,184,20,0,20,204
06/28/2020,JNU,AK,AAL,WE,Towers with Radar,21,3,4,0,28,0,55,53,0,108,21,58,57,0,136,0,0,0,136
06/29/2020,JNU,AK,AAL,WE,Towers with Radar,17,10,1,0,28,0,92,31,0,123,17,102,32,0,151,14,0,14,165
06/30/2020,JNU,AK,AAL,WE,Towers with Radar,18,9,3,0,30,0,114,43,0,157,18,123,46,0,187,0,0,0,187
07/01/2020,JNU,AK,AAL,WE,Towers with Radar,19,3,1,0,23,1,130,53,0,184,20,133,54,0,207,10,0,10,217
07/02/2020,JNU,AK,AAL,WE,Towers with Radar,17,4,3,0,24,2,144,36,4,186,19,148,39,4,210,0,0,0,210
07/03/2020,JNU,AK,AAL,WE,Towers with Radar,24,3,4,0,31,0,160,66,0,226,24,163,70,0,257,12,0,12,269
07/04/2020,JNU,AK,AAL,WE,Towers with Radar,19,2,8,0,29,13,35,33,0,81,32,37,41,0,110,4,0,4,114
07/05/2020,JNU,AK,AAL,WE,Towers with Radar,21,4,7,0,32,2,129,65,0,196,23,133,72,0,228,16,0,16,244
07/06/2020,JNU,AK,AAL,WE,Towers with Radar,18,4,10,0,32,1,130,52,0,183,19,134,62,0,215,0,0,0,215
07/07/2020,JNU,AK,AAL,WE,Towers with Radar,21,6,1,0,28,2,108,38,0,148,23,114,39,0,176,10,0,10,186
07/08/2020,JNU,AK,AAL,WE,Towers with Radar,21,24,12,0,57,1,46,9,0,56,22,70,21,0,113,0,0,0,113
07/09/2020,JNU,AK,AAL,WE,Towers with Radar,23,8,9,0,40,1,97,17,0,115,24,105,26,0,155,0,0,0,155
07/10/2020,JNU,AK,AAL,WE,Towers with Radar,21,14,5,0,40,0,144,24,3,171,21,158,29,3,211,0,0,0,211
07/11/2020,JNU,AK,AAL,WE,Towers with Radar,18,13,4,0,35,1,108,23,0,132,19,121,27,0,167,20,0,20,187
07/12/2020,JNU,AK,AAL,WE,Towers with Radar,20,2,12,0,34,1,94,36,0,131,21,96,48,0,165,10,0,10,175
07/13/2020,JNU,AK,AAL,WE,Towers with Radar,20,7,9,0,36,0,121,31,2,154,20,128,40,2,190,26,0,26,216
07/14/2020,JNU,AK,AAL,WE,Towers with Radar,22,4,15,0,41,1,95,21,0,117,23,99,36,0,158,10,0,10,168
07/15/2020,JNU,AK,AAL,WE,Towers with Radar,22,4,11,2,39,0,126,58,3,187,22,130,69,5,226,34,0,34,260
07/16/2020,JNU,AK,AAL,WE,Towers with Radar,22,5,5,0,32,2,142,46,0,190,24,147,51,0,222,18,0,18,240
07/17/2020,JNU,AK,AAL,WE,Towers with Radar,17,8,3,0,28,0,142,34,0,176,17,150,37,0,204,2,0,2,206
07/18/2020,JNU,AK,AAL,WE,Towers with Radar,20,11,8,0,39,0,17,6,0,23,20,28,14,0,62,0,0,0,62
07/19/2020,JNU,AK,AAL,WE,Towers with Radar,21,6,6,0,33,0,64,10,0,74,21,70,16,0,107,0,0,0,107
07/20/2020,JNU,AK,AAL,WE,Towers with Radar,17,17,10,0,44,0,36,6,0,42,17,53,16,0,86,0,0,0,86
07/21/2020,JNU,AK,AAL,WE,Towers with Radar,23,7,4,2,36,1,123,41,1,166,24,130,45,3,202,24,0,24,226
07/22/2020,JNU,AK,AAL,WE,Towers with Radar,21,8,7,0,36,2,133,49,0,184,23,141,56,0,220,17,0,17,237
07/23/2020,JNU,AK,AAL,WE,Towers with Radar,24,6,12,0,42,0,94,29,2,125,24,100,41,2,167,2,0,2,169
07/24/2020,JNU,AK,AAL,WE,Towers with Radar,24,4,8,2,38,2,119,26,0,147,26,123,34,2,185,20,0,20,205
07/25/2020,JNU,AK,AAL,WE,Towers with Radar,18,8,15,0,41,0,64,25,0,89,18,72,40,0,130,0,0,0,130
07/26/2020,JNU,AK,AAL,WE,Towers with Radar,23,0,11,0,34,0,67,19,0,86,23,67,30,0,120,4,0,4,124
07/27/2020,JNU,AK,AAL,WE,Towers with Radar,20,4,3,2,29,0,131,41,0,172,20,135,44,2,201,12,0,12,213
07/28/2020,JNU,AK,AAL,WE,Towers with Radar,22,9,2,0,33,2,157,52,0,211,24,166,54,0,244,2,0,2,246
07/29/2020,JNU,AK,AAL,WE,Towers with Radar,20,0,0,0,20,3,195,59,0,257,23,195,59,0,277,18,0,18,295
07/30/2020,JNU,AK,AAL,WE,Towers with Radar,22,0,6,0,28,2,197,81,0,280,24,197,87,0,308,14,0,14,322
07/31/2020,JNU,AK,AAL,WE,Towers with Radar,19,5,3,1,28,3,210,82,0,295,22,215,85,1,323,12,0,12,335
08/01/2020,JNU,AK,AAL,WE,Towers with Radar,17,5,9,0,31,0,90,18,0,108,17,95,27,0,139,0,0,0,139
08/02/2020,JNU,AK,AAL,WE,Towers with Radar,19,1,10,0,30,0,88,30,0,118,19,89,40,0,148,0,0,0,148
08/03/2020,JNU,AK,AAL,WE,Towers with Radar,20,5,13,0,38,0,91,27,0,118,20,96,40,0,156,14,0,14,170
08/04/2020,JNU,AK,AAL,WE,Towers with Radar,22,5,18,0,45,2,75,17,0,94,24,80,35,0,139,0,0,0,139
08/05/2020,JNU,AK,AAL,WE,Towers with Radar,22,7,7,0,36,0,140,36,0,176,22,147,43,0,212,18,0,18,230
08/06/2020,JNU,AK,AAL,WE,Towers with Radar,27,8,4,0,39,2,155,46,0,203,29,163,50,0,242,6,2,8,250
08/07/2020,JNU,AK,AAL,WE,Towers with Radar,23,14,4,0,41,0,136,28,2,166,23,150,32,2,207,0,0,0,207
08/08/2020,JNU,AK,AAL,WE,Towers with Radar,19,7,8,0,34,0,101,30,0,131,19,108,38,0,165,8,0,8,173
08/09/2020,JNU,AK,AAL,WE,Towers with Radar,23,0,2,0,25,0,31,5,0,36,23,31,7,0,61,4,0,4,65
08/10/2020,JNU,AK,AAL,WE,Towers with Radar,22,10,7,0,39,0,120,17,0,137,22,130,24,0,176,12,0,12,188
08/11/2020,JNU,AK,AAL,WE,Towers with Radar,26,7,7,0,40,5,120,41,0,166,31,127,48,0,206,20,0,20,226
08/12/2020,JNU,AK,AAL,WE,Towers with Radar,20,4,13,0,37,0,79,35,0,114,20,83,48,0,151,20,0,20,171
08/13/2020,JNU,AK,AAL,WE,Towers with Radar,22,3,6,0,31,5,107,40,0,152,27,110,46,0,183,10,0,10,193
08/14/2020,JNU,AK,AAL,WE,Towers with Radar,21,13,16,0,50,0,97,27,0,124,21,110,43,0,174,10,0,10,184
08/15/2020,JNU,AK,AAL,WE,Towers with Radar,19,9,16,2,46,0,48,14,1,63,19,57,30,3,109,4,0,4,113
08/16/2020,JNU,AK,AAL,WE,Towers with Radar,24,8,7,0,39,2,61,20,0,83,26,69,27,0,122,12,0,12,134
08/17/2020,JNU,AK,AAL,WE,Towers with Radar,21,13,3,0,37,0,119,21,2,142,21,132,24,2,179,2,0,2,181
08/18/2020,JNU,AK,AAL,WE,Towers with Radar,21,16,0,1,38,0,79,35,1,115,21,95,35,2,153,8,0,8,161
08/19/2020,JNU,AK,AAL,WE,Towers with Radar,24,8,4,1,37,2,166,75,0,243,26,174,79,1,280,22,0,22,302
08/20/2020,JNU,AK,AAL,WE,Towers with Radar,23,9,3,0,35,1,147,39,0,187,24,156,42,0,222,24,0,24,246
08/21/2020,JNU,AK,AAL,WE,Towers with Radar,24,2,7,0,33,1,134,36,0,171,25,136,43,0,204,18,0,18,222
08/22/2020,JNU,AK,AAL,WE,Towers with Radar,22,13,18,0,53,0,54,26,0,80,22,67,44,0,133,14,0,14,147
08/23/2020,JNU,AK,AAL,WE,Towers with Radar,21,5,10,0,36,0,16,11,0,27,21,21,21,0,63,0,0,0,63
08/24/2020,JNU,AK,AAL,WE,Towers with Radar,20,21,11,0,52,2,74,33,0,109,22,95,44,0,161,4,0,4,165
08/25/2020,JNU,AK,AAL,WE,Towers with Radar,20,5,14,0,39,1,86,24,0,111,21,91,38,0,150,2,0,2,152
08/26/2020,JNU,AK,AAL,WE,Towers with Radar,23,5,6,0,34,1,112,40,2,155,24,117,46,2,189,12,0,12,201
08/27/2020,JNU,AK,AAL,WE,Towers with Radar,23,1,1,0,25,1,133,42,2,178,24,134,43,2,203,0,0,0,203
08/28/2020,JNU,AK,AAL,WE,Towers with Radar,22,10,4,2,38,1,82,26,2,111,23,92,30,4,149,0,0,0,149
08/29/2020,JNU,AK,AAL,WE,Towers with Radar,21,6,3,0,30,0,168,65,0,233,21,174,68,0,263,38,1,39,302
08/30/2020,JNU,AK,AAL,WE,Towers with Radar,24,6,8,0,38,0,39,21,0,60,24,45,29,0,98,0,0,0,98
08/31/2020,JNU,AK,AAL,WE,Towers with Radar,18,6,8,0,32,1,82,23,0,106,19,88,31,0,138,26,0,26,164
09/01/2020,JNU,AK,AAL,WE,Towers with Radar,17,7,11,0,35,0,74,26,0,100,17,81,37,0,135,4,0,4,139
09/02/2020,JNU,AK,AAL,WE,Towers with Radar,17,8,12,1,38,0,61,14,0,75,17,69,26,1,113,0,0,0,113
09/03/2020,JNU,AK,AAL,WE,Towers with Radar,18,6,4,0,28,0,93,26,0,119,18,99,30,0,147,0,0,0,147
09/04/2020,JNU,AK,AAL,WE,Towers with Radar,16,6,4,0,26,1,110,40,0,151,17,116,44,0,177,8,0,8,185
09/05/2020,JNU,AK,AAL,WE,Towers with Radar,16,18,2,0,36,0,103,60,0,163,16,121,62,0,199,4,0,4,203
09/06/2020,JNU,AK,AAL,WE,Towers with Radar,19,6,4,2,31,1,86,52,0,139,20,92,56,2,170,0,0,0,170
09/07/2020,JNU,AK,AAL,WE,Towers with Radar,16,4,6,0,26,1,80,27,0,108,17,84,33,0,134,0,0,0,134
09/08/2020,JNU,AK,AAL,WE,Towers with Radar,21,10,8,0,39,0,32,15,3,50,21,42,23,3,89,0,0,0,89
09/09/2020,JNU,AK,AAL,WE,Towers with Radar,18,13,7,2,40,0,98,32,0,130,18,111,39,2,170,0,0,0,170
09/10/2020,JNU,AK,AAL,WE,Towers with Radar,15,3,6,0,24,1,100,62,0,163,16,103,68,0,187,12,0,12,199
09/11/2020,JNU,AK,AAL,WE,Towers with Radar,15,6,4,0,25,2,134,56,2,194,17,140,60,2,219,6,0,6,225
09/12/2020,JNU,AK,AAL,WE,Towers with Radar,16,2,3,0,21,2,101,59,0,162,18,103,62,0,183,16,0,16,199
09/13/2020,JNU,AK,AAL,WE,Towers with Radar,21,0,0,0,21,3,71,47,0,121,24,71,47,0,142,18,0,18,160
09/14/2020,JNU,AK,AAL,WE,Towers with Radar,15,5,4,0,24,3,155,63,0,221,18,160,67,0,245,6,0,6,251
09/15/2020,JNU,AK,AAL,WE,Towers with Radar,12,2,0,1,15,2,117,37,2,158,14,119,37,3,173,2,0,2,175
09/16/2020,JNU,AK,AAL,WE,Towers with Radar,18,4,1,0,23,2,132,35,2,171,20,136,36,2,194,4,0,4,198
09/17/2020,JNU,AK,AAL,WE,Towers with Radar,13,4,3,0,20,3,134,33,2,172,16,138,36,2,192,0,0,0,192
09/18/2020,JNU,AK,AAL,WE,Towers with Radar,18,10,4,1,33,0,77,12,2,91,18,87,16,3,124,0,0,0,124
09/19/2020,JNU,AK,AAL,WE,Towers with Radar,22,4,0,0,26,0,94,34,0,128,22,98,34,0,154,22,0,22,176
09/20/2020,JNU,AK,AAL,WE,Towers with Radar,20,0,7,0,27,3,56,44,1,104,23,56,51,1,131,0,0,0,131
09/21/2020,JNU,AK,AAL,WE,Towers with Radar,16,8,9,2,35,1,79,28,4,112,17,87,37,6,147,0,6,6,153
09/22/2020,JNU,AK,AAL,WE,Towers with Radar,19,5,8,0,32,2,74,23,2,101,21,79,31,2,133,8,2,10,143
09/23/2020,JNU,AK,AAL,WE,Towers with Radar,19,7,7,0,33,0,81,14,0,95,19,88,21,0,128,4,0,4,132
09/24/2020,JNU,AK,AAL,WE,Towers with Radar,22,9,12,0,43,2,63,13,0,78,24,72,25,0,121,6,0,6,127
09/25/2020,JNU,AK,AAL,WE,Towers with Radar,17,36,0,2,55,1,78,13,5,97,18,114,13,7,152,0,0,0,152
09/26/2020,JNU,AK,AAL,WE,Towers with Radar,19,11,4,0,34,0,69,17,0,86,19,80,21,0,120,0,1,1,121
09/27/2020,JNU,AK,AAL,WE,Towers with Radar,18,0,0,0,18,0,10,3,0,13,18,10,3,0,31,0,0,0,31
09/28/2020,JNU,AK,AAL,WE,Towers with Radar,20,9,0,0,29,0,97,15,0,112,20,106,15,0,141,2,0,2,143
09/29/2020,JNU,AK,AAL,WE,Towers with Radar,17,5,0,0,22,0,84,20,0,104,17,89,20,0,126,2,0,2,128
09/30/2020,JNU,AK,AAL,WE,Towers with Radar,19,2,6,0,27,3,55,26,0,84,22,57,32,0,111,0,0,0,111
10/01/2020,JNU,AK,AAL,WE,Towers with Radar,17,20,2,0,39,0,54,42,3,99,17,74,44,3,138,24,0,24,162
10/02/2020,JNU,AK,AAL,WE,Towers with Radar,23,5,14,0,42,0,21,9,2,32,23,26,23,2,74,0,0,0,74
10/03/2020,JNU,AK,AAL,WE,Towers with Radar,21,9,6,0,36,0,86,24,0,110,21,95,30,0,146,2,0,2,148
10/04/2020,JNU,AK,AAL,WE,Towers with Radar,18,5,2,0,25,0,23,7,2,32,18,28,9,2,57,12,0,12,69
10/05/2020,JNU,AK,AAL,WE,Towers with Radar,15,7,5,0,27,0,79,14,1,94,15,86,19,1,121,4,0,4,125
10/06/2020,JNU,AK,AAL,WE,Towers with Radar,17,8,5,2,32,0,61,31,0,92,17,69,36,2,124,6,0,6,130
10/07/2020,JNU,AK,AAL,WE,Towers with Radar,19,6,2,0,27,0,96,32,0,128,19,102,34,0,155,6,0,6,161
10/08/2020,JNU,AK,AAL,WE,Towers with Radar,14,14,4,2,34,4,100,25,1,130,18,114,29,3,164,10,0,10,174
10/09/2020,JNU,AK,AAL,WE,Towers with Radar,19,6,4,0,29,0,73,24,2,99,19,79,28,2,128,10,0,10,138
10/10/2020,JNU,AK,AAL,WE,Towers with Radar,13,3,8,0,24,0,50,15,0,65,13,53,23,0,89,6,0,6,95
10/11/2020,JNU,AK,AAL,WE,Towers with Radar,18,0,5,2,25,0,39,20,0,59,18,39,25,2,84,0,0,0,84
10/12/2020,JNU,AK,AAL,WE,Towers with Radar,14,3,4,0,21,0,64,23,0,87,14,67,27,0,108,6,0,6,114
10/13/2020,JNU,AK,AAL,WE,Towers with Radar,16,4,4,0,24,0,81,37,0,118,16,85,41,0,142,22,0,22,164
10/14/2020,JNU,AK,AAL,WE,Towers with Radar,22,6,6,0,34,0,63,31,0,94,22,69,37,0,128,10,0,10,138
10/15/2020,JNU,AK,AAL,WE,Towers with Radar,15,13,2,0,30,0,60,5,0,65,15,73,7,0,95,8,0,8,103
10/16/2020,JNU,AK,AAL,WE,Towers with Radar,17,5,1,0,23,1,97,32,2,132,18,102,33,2,155,14,0,14,169
10/17/2020,JNU,AK,AAL,WE,Towers with Radar,16,4,1,1,22,1,88,19,0,108,17,92,20,1,130,0,0,0,130
10/18/2020,JNU,AK,AAL,WE,Towers with Radar,19,0,2,0,21,0,39,34,0,73,19,39,36,0,94,54,0,54,148
10/19/2020,JNU,AK,AAL,WE,Towers with Radar,17,12,0,0,29,0,77,8,2,87,17,89,8,2,116,6,0,6,122
10/20/2020,JNU,AK,AAL,WE,Towers with Radar,15,4,11,0,30,0,47,15,0,62,15,51,26,0,92,6,0,6,98
10/21/2020,JNU,AK,AAL,WE,Towers with Radar,13,5,3,0,21,3,84,16,0,103,16,89,19,0,124,0,0,0,124
10/22/2020,JNU,AK,AAL,WE,Towers with Radar,15,2,0,0,17,0,85,7,0,92,15,87,7,0,109,0,0,0,109
10/23/2020,JNU,AK,AAL,WE,Towers with Radar,18,0,0,0,18,1,87,33,0,121,19,87,33,0,139,10,0,10,149
10/24/2020,JNU,AK,AAL,WE,Towers with Radar,17,0,0,0,17,4,82,47,0,133,21,82,47,0,150,14,0,14,164
10/25/2020,JNU,AK,AAL,WE,Towers with Radar,18,8,2,0,28,0,8,2,0,10,18,16,4,0,38,6,0,6,44
10/26/2020,JNU,AK,AAL,WE,Towers with Radar,15,6,3,0,24,0,52,6,0,58,15,58,9,0,82,6,0,6,88
10/27/2020,JNU,AK,AAL,WE,Towers with Radar,15,5,0,0,20,1,70,15,0,86,16,75,15,0,106,20,0,20,126
10/28/2020,JNU,AK,AAL,WE,Towers with Radar,18,16,0,0,34,0,71,16,0,87,18,87,16,0,121,12,0,12,133
10/29/2020,JNU,AK,AAL,WE,Towers with Radar,17,7,0,0,24,0,75,8,0,83,17,82,8,0,107,0,0,0,107
10/30/2020,JNU,AK,AAL,WE,Towers with Radar,13,7,6,0,26,0,76,11,0,87,13,83,17,0,113,0,0,0,113
10/31/2020,JNU,AK,AAL,WE,Towers with Radar,16,3,7,0,26,1,19,2,0,22,17,22,9,0,48,0,0,0,48
11/01/2020,JNU,AK,AAL,WE,Towers with Radar,17,1,9,0,27,0,0,3,0,3,17,1,12,0,30,0,0,0,30
11/02/2020,JNU,AK,AAL,WE,Towers with Radar,14,7,4,0,25,0,20,1,0,21,14,27,5,0,46,0,0,0,46
11/03/2020,JNU,AK,AAL,WE,Towers with Radar,15,5,4,0,24,0,64,3,0,67,15,69,7,0,91,0,0,0,91
11/04/2020,JNU,AK,AAL,WE,Towers with Radar,15,12,7,0,34,0,43,5,0,48,15,55,12,0,82,8,0,8,90
11/05/2020,JNU,AK,AAL,WE,Towers with Radar,18,4,0,0,22,0,91,5,0,96,18,95,5,0,118,0,0,0,118
11/06/2020,JNU,AK,AAL,WE,Towers with Radar,16,7,3,1,27,0,23,16,0,39,16,30,19,1,66,24,0,24,90
11/07/2020,JNU,AK,AAL,WE,Towers with Radar,13,2,0,1,16,1,108,31,0,140,14,110,31,1,156,0,0,0,156
11/08/2020,JNU,AK,AAL,WE,Towers with Radar,17,1,4,0,22,0,10,1,0,11,17,11,5,0,33,2,0,2,35
11/09/2020,JNU,AK,AAL,WE,Towers with Radar,18,6,11,0,35,0,42,6,0,48,18,48,17,0,83,0,0,0,83
11/10/2020,JNU,AK,AAL,WE,Towers with Radar,15,3,1,0,19,1,111,22,2,136,16,114,23,2,155,12,0,12,167
11/11/2020,JNU,AK,AAL,WE,Towers with Radar,15,3,12,2,32,0,40,3,2,45,15,43,15,4,77,18,0,18,95
11/12/2020,JNU,AK,AAL,WE,Towers with Radar,15,2,10,2,29,0,54,4,0,58,15,56,14,2,87,0,0,0,87
11/13/2020,JNU,AK,AAL,WE,Towers with Radar,17,6,13,0,36,0,43,6,0,49,17,49,19,0,85,0,0,0,85
11/14/2020,JNU,AK,AAL,WE,Towers with Radar,17,18,1,0,36,0,50,3,0,53,17,68,4,0,89,0,0,0,89
11/15/2020,JNU,AK,AAL,WE,Towers with Radar,20,2,0,0,22,0,62,28,0,90,20,64,28,0,112,36,0,36,148
11/16/2020,JNU,AK,AAL,WE,Towers with Radar,17,6,1,1,25,0,73,12,2,87,17,79,13,3,112,10,0,10,122
11/17/2020,JNU,AK,AAL,WE,Towers with Radar,16,5,0,0,21,0,48,1,0,49,16,53,1,0,70,0,0,0,70
11/18/2020,JNU,AK,AAL,WE,Towers with Radar,18,11,2,0,31,0,66,4,4,74,18,77,6,4,105,0,0,0,105
11/19/2020,JNU,AK,AAL,WE,Towers with Radar,13,3,5,1,22,0,59,17,3,79,13,62,22,4,101,46,0,46,147
11/20/2020,JNU,AK,AAL,WE,Towers with Radar,13,6,7,2,28,0,61,11,0,72,13,67,18,2,100,20,0,20,120
11/21/2020,JNU,AK,AAL,WE,Towers with Radar,16,11,4,2,33,0,3,0,0,3,16,14,4,2,36,0,0,0,36
11/22/2020,JNU,AK,AAL,WE,Towers with Radar,14,4,10,0,28,0,36,20,0,56,14,40,30,0,84,16,0,16,100
11/23/2020,JNU,AK,AAL,WE,Towers with Radar,16,4,7,0,27,0,10,3,0,13,16,14,10,0,40,0,0,0,40
11/24/2020,JNU,AK,AAL,WE,Towers with Radar,16,9,3,0,28,0,76,7,0,83,16,85,10,0,111,12,0,12,123
11/25/2020,JNU,AK,AAL,WE,Towers with Radar,15,13,5,0,33,0,48,4,1,53,15,61,9,1,86,0,0,0,86
11/26/2020,JNU,AK,AAL,WE,Towers with Radar,8,1,5,0,14,0,2,5,0,7,8,3,10,0,21,16,0,16,37
11/27/2020,JNU,AK,AAL,WE,Towers with Radar,16,2,2,0,20,0,47,19,0,66,16,49,21,0,86,40,0,40,126
11/28/2020,JNU,AK,AAL,WE,Towers with Radar,10,4,0,0,14,0,0,1,0,1,10,4,1,0,15,0,0,0,15
11/29/2020,JNU,AK,AAL,WE,Towers with Radar,16,3,5,0,24,0,52,15,0,67,16,55,20,0,91,0,0,0,91
11/30/2020,JNU,AK,AAL,WE,Towers with Radar,15,2,5,0,22,1,53,16,0,70,16,55,21,0,92,4,0,4,96
12/01/2020,JNU,AK,AAL,WE,Towers with Radar,16,5,3,0,24,0,5,0,0,5,16,10,3,0,29,0,0,0,29
12/02/2020,JNU,AK,AAL,WE,Towers with Radar,18,4,2,0,24,1,33,8,3,45,19,37,10,3,69,0,0,0,69
12/03/2020,JNU,AK,AAL,WE,Towers with Radar,17,6,7,0,30,0,45,5,8,58,17,51,12,8,88,2,0,2,90
12/04/2020,JNU,AK,AAL,WE,Towers with Radar,16,10,0,0,26,0,30,4,8,42,16,40,4,8,68,0,0,0,68
12/05/2020,JNU,AK,AAL,WE,Towers with Radar,15,11,4,2,32,0,7,2,0,9,15,18,6,2,41,0,0,0,41
12/06/2020,JNU,AK,AAL,WE,Towers with Radar,17,2,0,0,19,0,8,3,0,11,17,10,3,0,30,0,0,0,30
12/07/2020,JNU,AK,AAL,WE,Towers with Radar,13,11,3,0,27,0,39,2,0,41,13,50,5,0,68,0,0,0,68
12/08/2020,JNU,AK,AAL,WE,Towers with Radar,16,9,3,0,28,0,77,18,0,95,16,86,21,0,123,0,0,0,123
12/09/2020,JNU,AK,AAL,WE,Towers with Radar,16,4,3,0,23,0,57,14,0,71,16,61,17,0,94,0,0,0,94
12/10/2020,JNU,AK,AAL,WE,Towers with Radar,19,7,6,0,32,1,64,11,3,79,20,71,17,3,111,10,0,10,121
12/11/2020,JNU,AK,AAL,WE,Towers with Radar,12,7,8,0,27,0,4,0,0,4,12,11,8,0,31,0,0,0,31
12/12/2020,JNU,AK,AAL,WE,Towers with Radar,11,4,1,0,16,0,4,0,0,4,11,8,1,0,20,0,0,0,20
12/13/2020,JNU,AK,AAL,WE,Towers with Radar,16,2,2,0,20,2,59,9,0,70,18,61,11,0,90,10,0,10,100
12/14/2020,JNU,AK,AAL,WE,Towers with Radar,16,6,1,1,24,0,4,1,0,5,16,10,2,1,29,0,0,0,29
12/15/2020,JNU,AK,AAL,WE,Towers with Radar,17,5,1,0,23,0,43,9,0,52,17,48,10,0,75,8,0,8,83
12/16/2020,JNU,AK,AAL,WE,Towers with Radar,13,6,1,0,20,0,0,0,0,0,13,6,1,0,20,0,0,0,20
12/17/2020,JNU,AK,AAL,WE,Towers with Radar,17,13,2,0,32,0,3,0,0,3,17,16,2,0,35,0,0,0,35
12/18/2020,JNU,AK,AAL,WE,Towers with Radar,18,14,3,0,35,2,61,10,1,74,20,75,13,1,109,4,0,4,113
12/19/2020,JNU,AK,AAL,WE,Towers with Radar,15,5,3,0,23,1,15,3,0,19,16,20,6,0,42,0,0,0,42
12/20/2020,JNU,AK,AAL,WE,Towers with Radar,15,0,3,1,19,0,21,19,0,40,15,21,22,1,59,34,0,34,93
12/21/2020,JNU,AK,AAL,WE,Towers with Radar,17,9,2,0,28,1,52,16,0,69,18,61,18,0,97,2,0,2,99
12/22/2020,JNU,AK,AAL,WE,Towers with Radar,15,2,8,0,25,1,37,8,0,46,16,39,16,0,71,0,0,0,71
12/23/2020,JNU,AK,AAL,WE,Towers with Radar,17,5,7,0,29,0,13,5,0,18,17,18,12,0,47,0,0,0,47
12/24/2020,JNU,AK,AAL,WE,Towers with Radar,25,5,11,0,41,1,13,2,0,16,26,18,13,0,57,2,0,2,59
12/25/2020,JNU,AK,AAL,WE,Towers with Radar,7,0,1,0,8,0,7,2,0,9,7,7,3,0,17,0,0,0,17
12/26/2020,JNU,AK,AAL,WE,Towers with Radar,16,4,1,0,21,0,47,20,0,67,16,51,21,0,88,12,0,12,100
12/27/2020,JNU,AK,AAL,WE,Towers with Radar,13,5,0,0,18,0,13,7,0,20,13,18,7,0,38,8,0,8,46
12/28/2020,JNU,AK,AAL,WE,Towers with Radar,16,9,1,0,26,0,54,10,0,64,16,63,11,0,90,0,0,0,90
12/29/2020,JNU,AK,AAL,WE,Towers with Radar,15,6,8,0,29,1,30,6,0,37,16,36,14,0,66,0,0,0,66
12/30/2020,JNU,AK,AAL,WE,Towers with Radar,14,7,4,0,25,0,0,0,0,0,14,7,4,0,25,0,0,0,25
12/31/2020,JNU,AK,AAL,WE,Towers with Radar,16,7,11,0,34,0,38,17,0,55,16,45,28,0,89,20,0,20,109
01/01/2021,JNU,AK,AAL,WE,Towers with Radar,9,0,2,0,11,1,3,13,0,17,10,3,15,0,28,14,0,14,42
01/02/2021,JNU,AK,AAL,WE,Towers with Radar,16,2,9,0,27,0,24,9,0,33,16,26,18,0,60,0,0,0,60
01/03/2021,JNU,AK,AAL,WE,Towers with Radar,15,3,1,0,19,0,19,5,0,24,15,22,6,0,43,0,0,0,43
01/04/2021,JNU,AK,AAL,WE,Towers with Radar,13,8,2,0,23,0,31,11,1,43,13,39,13,1,66,12,0,12,78
01/05/2021,JNU,AK,AAL,WE,Towers with Radar,17,7,3,0,27,0,29,2,0,31,17,36,5,0,58,8,0,8,66
01/06/2021,JNU,AK,AAL,WE,Towers with Radar,19,10,5,0,34,0,41,4,0,45,19,51,9,0,79,0,0,0,79
01/07/2021,JNU,AK,AAL,WE,Towers with Radar,16,9,3,0,28,0,26,5,0,31,16,35,8,0,59,0,0,0,59
01/08/2021,JNU,AK,AAL,WE,Towers with Radar,14,4,7,0,25,1,36,23,0,60,15,40,30,0,85,20,0,20,105
01/09/2021,JNU,AK,AAL,WE,Towers with Radar,14,3,8,0,25,0,27,3,0,30,14,30,11,0,55,16,0,16,71
01/10/2021,JNU,AK,AAL,WE,Towers with Radar,18,1,8,0,27,0,10,5,0,15,18,11,13,0,42,0,0,0,42
01/11/2021,JNU,AK,AAL,WE,Towers with Radar,19,6,6,0,31,0,45,3,3,51,19,51,9,3,82,6,10,16,98
01/12/2021,JNU,AK,AAL,WE,Towers with Radar,19,5,4,0,28,0,13,3,0,16,19,18,7,0,44,18,0,18,62
01/13/2021,JNU,AK,AAL,WE,Towers with Radar,19,3,3,1,26,0,39,5,2,46,19,42,8,3,72,10,0,10,82
01/14/2021,JNU,AK,AAL,WE,Towers with Radar,17,3,1,0,21,0,22,0,0,22,17,25,1,0,43,12,0,12,55
01/15/2021,JNU,AK,AAL,WE,Towers with Radar,19,13,2,0,34,0,29,2,2,33,19,42,4,2,67,8,0,8,75
01/16/2021,JNU,AK,AAL,WE,Towers with Radar,17,6,2,0,25,0,18,1,0,19,17,24,3,0,44,0,0,0,44
01/17/2021,JNU,AK,AAL,WE,Towers with Radar,17,6,2,0,25,0,14,10,0,24,17,20,12,0,49,6,0,6,55
01/18/2021,JNU,AK,AAL,WE,Towers with Radar,14,4,3,0,21,0,24,2,0,26,14,28,5,0,47,0,0,0,47
01/19/2021,JNU,AK,AAL,WE,Towers with Radar,18,8,13,0,39,2,63,16,2,83,20,71,29,2,122,10,0,10,132
01/20/2021,JNU,AK,AAL,WE,Towers with Radar,16,9,7,1,33,0,51,11,4,66,16,60,18,5,99,18,0,18,117
01/21/2021,JNU,AK,AAL,WE,Towers with Radar,17,3,7,0,27,1,65,38,0,104,18,68,45,0,131,36,0,36,167
01/22/2021,JNU,AK,AAL,WE,Towers with Radar,16,6,5,0,27,0,39,13,0,52,16,45,18,0,79,4,0,4,83
01/23/2021,JNU,AK,AAL,WE,Towers with Radar,11,4,1,0,16,0,0,0,0,0,11,4,1,0,16,0,0,0,16
01/24/2021,JNU,AK,AAL,WE,Towers with Radar,17,3,2,0,22,0,12,2,0,14,17,15,4,0,36,0,0,0,36
01/25/2021,JNU,AK,AAL,WE,Towers with Radar,14,4,3,0,21,0,94,20,0,114,14,98,23,0,135,10,0,10,145
01/26/2021,JNU,AK,AAL,WE,Towers with Radar,18,3,1,0,22,1,80,17,0,98,19,83,18,0,120,9,0,9,129
01/27/2021,JNU,AK,AAL,WE,Towers with Radar,20,3,0,0,23,0,81,3,0,84,20,84,3,0,107,4,0,4,111
01/28/2021,JNU,AK,AAL,WE,Towers with Radar,17,4,6,0,27,0,69,14,0,83,17,73,20,0,110,6,0,6,116
01/29/2021,JNU,AK,AAL,WE,Towers with Radar,18,6,10,0,34,0,33,7,0,40,18,39,17,0,74,26,0,26,100
01/30/2021,JNU,AK,AAL,WE,Towers with Radar,19,7,8,0,34,0,32,6,0,38,19,39,14,0,72,0,0,0,72
01/31/2021,JNU,AK,AAL,WE,Towers with Radar,17,2,0,0,19,0,21,30,0,51,17,23,30,0,70,8,0,8,78
02/01/2021,JNU,AK,AAL,WE,Towers with Radar,19,6,3,0,28,0,11,0,0,11,19,17,3,0,39,0,0,0,39
02/02/2021,JNU,AK,AAL,WE,Towers with Radar,18,3,0,3,24,0,48,22,1,71,18,51,22,4,95,18,0,18,113
02/03/2021,JNU,AK,AAL,WE,Towers with Radar,17,5,0,0,22,0,0,0,0,0,17,5,0,0,22,0,0,0,22
02/04/2021,JNU,AK,AAL,WE,Towers with Radar,18,14,6,1,39,0,39,2,0,41,18,53,8,1,80,0,0,0,80
02/05/2021,JNU,AK,AAL,WE,Towers with Radar,16,13,3,0,32,0,56,21,0,77,16,69,24,0,109,26,0,26,135
02/06/2021,JNU,AK,AAL,WE,Towers with Radar,18,11,0,0,29,0,37,15,2,54,18,48,15,2,83,34,0,34,117
02/07/2021,JNU,AK,AAL,WE,Towers with Radar,15,0,5,0,20,0,18,21,0,39,15,18,26,0,59,14,0,14,73
02/08/2021,JNU,AK,AAL,WE,Towers with Radar,14,0,6,0,20,2,29,5,0,36,16,29,11,0,56,4,0,4,60
02/09/2021,JNU,AK,AAL,WE,Towers with Radar,16,1,5,0,22,0,42,8,0,50,16,43,13,0,72,4,0,4,76
02/10/2021,JNU,AK,AAL,WE,Towers with Radar,17,1,1,0,19,0,36,5,0,41,17,37,6,0,60,0,2,2,62
02/11/2021,JNU,AK,AAL,WE,Towers with Radar,17,2,1,0,20,0,48,4,0,52,17,50,5,0,72,0,2,2,74
02/12/2021,JNU,AK,AAL,WE,Towers with Radar,18,3,2,0,23,0,59,4,0,63,18,62,6,0,86,0,0,0,86
02/13/2021,JNU,AK,AAL,WE,Towers with Radar,13,2,0,0,15,1,60,11,0,72,14,62,11,0,87,14,0,14,101
02/14/2021,JNU,AK,AAL,WE,Towers with Radar,20,2,2,0,24,0,24,16,0,40,20,26,18,0,64,18,0,18,82
02/15/2021,JNU,AK,AAL,WE,Towers with Radar,13,5,2,2,22,0,65,26,0,91,13,70,28,2,113,12,0,12,125
02/16/2021,JNU,AK,AAL,WE,Towers with Radar,21,5,6,0,32,0,12,5,0,17,21,17,11,0,49,0,0,0,49
02/17/2021,JNU,AK,AAL,WE,Towers with Radar,18,6,2,0,26,0,6,0,0,6,18,12,2,0,32,0,0,0,32
02/18/2021,JNU,AK,AAL,WE,Towers with Radar,16,7,2,0,25,0,38,7,2,47,16,45,9,2,72,8,0,8,80
02/19/2021,JNU,AK,AAL,WE,Towers with Radar,19,9,5,0,33,0,14,2,0,16,19,23,7,0,49,0,0,0,49
02/20/2021,JNU,AK,AAL,WE,Towers with Radar,14,4,2,0,20,0,0,0,0,0,14,4,2,0,20,0,0,0,20
02/21/2021,JNU,AK,AAL,WE,Towers with Radar,12,0,9,0,21,0,24,3,0,27,12,24,12,0,48,0,0,0,48
02/22/2021,JNU,AK,AAL,WE,Towers with Radar,11,19,5,0,35,0,36,5,0,41,11,55,10,0,76,10,0,10,86
02/23/2021,JNU,AK,AAL,WE,Towers with Radar,16,6,4,0,26,0,78,19,0,97,16,84,23,0,123,12,0,12,135
02/24/2021,JNU,AK,AAL,WE,Towers with Radar,14,13,0,0,27,0,12,0,0,12,14,25,0,0,39,0,0,0,39
02/25/2021,JNU,AK,AAL,WE,Towers with Radar,13,5,3,0,21,0,0,0,0,0,13,5,3,0,21,0,0,0,21
02/26/2021,JNU,AK,AAL,WE,Towers with Radar,18,0,0,0,18,0,95,25,3,123,18,95,25,3,141,29,0,29,170
02/27/2021,JNU,AK,AAL,WE,Towers with Radar,16,1,2,0,19,0,10,1,0,11,16,11,3,0,30,0,0,0,30
02/28/2021,JNU,AK,AAL,WE,Towers with Radar,16,3,5,0,24,0,15,7,0,22,16,18,12,0,46,0,0,0,46
03/01/2021,JNU,AK,AAL,WE,Towers with Radar,13,7,12,0,32,0,27,4,2,33,13,34,16,2,65,10,0,10,75
03/02/2021,JNU,AK,AAL,WE,Towers with Radar,15,6,9,0,30,0,55,8,0,63,15,61,17,0,93,0,0,0,93
03/03/2021,JNU,AK,AAL,WE,Towers with Radar,16,2,14,0,32,1,41,10,0,52,17,43,24,0,84,4,0,4,88
03/04/2021,JNU,AK,AAL,WE,Towers with Radar,12,2,0,0,14,0,72,23,0,95,12,74,23,0,109,12,0,12,121
03/05/2021,JNU,AK,AAL,WE,Towers with Radar,16,4,6,0,26,0,46,6,0,52,16,50,12,0,78,0,0,0,78
03/06/2021,JNU,AK,AAL,WE,Towers with Radar,13,2,3,0,18,0,58,18,1,77,13,60,21,1,95,20,0,20,115
03/07/2021,JNU,AK,AAL,WE,Towers with Radar,17,1,4,0,22,0,39,28,2,69,17,40,32,2,91,16,0,16,107
03/08/2021,JNU,AK,AAL,WE,Towers with Radar,16,6,0,0,22,0,69,17,0,86,16,75,17,0,108,8,0,8,116
03/09/2021,JNU,AK,AAL,WE,Towers with Radar,16,2,0,0,18,1,99,38,0,138,17,101,38,0,156,12,0,12,168
03/10/2021,JNU,AK,AAL,WE,Towers with Radar,14,4,4,0,22,0,54,7,0,61,14,58,11,0,83,2,0,2,85
03/11/2021,JNU,AK,AAL,WE,Towers with Radar,14,2,7,0,23,1,43,10,0,54,15,45,17,0,77,16,0,16,93
03/12/2021,JNU,AK,AAL,WE,Towers with Radar,20,4,9,0,33,0,46,17,0,63,20,50,26,0,96,0,0,0,96
03/13/2021,JNU,AK,AAL,WE,Towers with Radar,9,7,3,0,19,0,42,14,0,56,9,49,17,0,75,2,0,2,77
03/14/2021,JNU,AK,AAL,WE,Towers with Radar,12,0,1,0,13,0,56,28,0,84,12,56,29,0,97,20,0,20,117
03/15/2021,JNU,AK,AAL,WE,Towers with Radar,13,0,0,0,13,0,0,0,0,0,13,0,0,0,13,0,0,0,13
03/16/2021,JNU,AK,AAL,WE,Towers with Radar,17,6,3,0,26,0,59,5,0,64,17,65,8,0,90,0,0,0,90
03/17/2021,JNU,AK,AAL,WE,Towers with Radar,14,4,1,0,19,0,14,0,0,14,14,18,1,0,33,0,0,0,33
03/18/2021,JNU,AK,AAL,WE,Towers with Radar,13,5,5,1,24,0,88,32,0,120,13,93,37,1,144,16,0,16,160
03/19/2021,JNU,AK,AAL,WE,Towers with Radar,19,5,5,0,29,1,31,2,0,34,20,36,7,0,63,0,0,0,63
03/20/2021,JNU,AK,AAL,WE,Towers with Radar,11,8,7,0,26,0,36,8,0,44,11,44,15,0,70,0,0,0,70
03/21/2021,JNU,AK,AAL,WE,Towers with Radar,15,1,3,0,19,0,0,0,0,0,15,1,3,0,19,0,0,0,19
03/22/2021,JNU,AK,AAL,WE,Towers with Radar,17,10,11,0,38,0,28,3,0,31,17,38,14,0,69,0,0,0,69
03/23/2021,JNU,AK,AAL,WE,Towers with Radar,12,9,13,0,34,0,9,0,0,9,12,18,13,0,43,0,0,0,43
03/24/2021,JNU,AK,AAL,WE,Towers with Radar,15,15,4,0,34,0,56,8,0,64,15,71,12,0,98,8,0,8,106
03/25/2021,JNU,AK,AAL,WE,Towers with Radar,12,10,2,0,24,0,59,8,1,68,12,69,10,1,92,52,0,52,144
03/26/2021,JNU,AK,AAL,WE,Towers with Radar,14,7,1,0,22,0,95,5,0,100,14,102,6,0,122,6,0,6,128
03/27/2021,JNU,AK,AAL,WE,Towers with Radar,16,3,2,0,21,1,39,5,0,45,17,42,7,0,66,4,0,4,70
03/28/2021,JNU,AK,AAL,WE,Towers with Radar,12,0,0,0,12,0,94,32,0,126,12,94,32,0,138,38,0,38,176
03/29/2021,JNU,AK,AAL,WE,Towers with Radar,18,8,9,0,35,0,13,4,0,17,18,21,13,0,52,0,0,0,52
03/30/2021,JNU,AK,AAL,WE,Towers with Radar,19,9,14,0,42,0,72,9,0,81,19,81,23,0,123,2,0,2,125
03/31/2021,JNU,AK,AAL,WE,Towers with Radar,15,8,2,0,25,0,23,2,0,25,15,31,4,0,50,0,0,0,50
04/01/2021,JNU,AK,AAL,WE,Towers with Radar,17,7,16,1,41,0,78,6,1,85,17,85,22,2,126,26,0,26,152
04/02/2021,JNU,AK,AAL,WE,Towers with Radar,17,10,9,0,36,4,82,36,2,124,21,92,45,2,160,46,1,47,207
04/03/2021,JNU,AK,AAL,WE,Towers with Radar,8,9,1,1,19,0,71,18,0,89,8,80,19,1,108,8,0,8,116
04/04/2021,JNU,AK,AAL,WE,Towers with Radar,19,6,1,0,26,0,15,2,0,17,19,21,3,0,43,2,0,2,45
04/05/2021,JNU,AK,AAL,WE,Towers with Radar,15,17,2,0,34,0,85,7,0,92,15,102,9,0,126,22,0,22,148
04/06/2021,JNU,AK,AAL,WE,Towers with Radar,18,14,7,0,39,0,44,2,0,46,18,58,9,0,85,6,0,6,91
04/07/2021,JNU,AK,AAL,WE,Towers with Radar,13,19,1,0,33,0,121,19,0,140,13,140,20,0,173,6,0,6,179
04/08/2021,JNU,AK,AAL,WE,Towers with Radar,12,1,0,0,13,0,0,0,0,0,12,1,0,0,13,0,0,0,13
04/09/2021,JNU,AK,AAL,WE,Towers with Radar,22,5,4,0,31,0,40,2,0,42,22,45,6,0,73,0,0,0,73
04/10/2021,JNU,AK,AAL,WE,Towers with Radar,22,17,4,0,43,0,26,1,0,27,22,43,5,0,70,8,0,8,78
04/11/2021,JNU,AK,AAL,WE,Towers with Radar,17,8,8,0,33,0,75,25,0,100,17,83,33,0,133,20,0,20,153
04/12/2021,JNU,AK,AAL,WE,Towers with Radar,15,9,13,0,37,0,34,6,2,42,15,43,19,2,79,0,0,0,79
04/13/2021,JNU,AK,AAL,WE,Towers with Radar,15,16,7,0,38,0,68,4,0,72,15,84,11,0,110,0,0,0,110
04/14/2021,JNU,AK,AAL,WE,Towers with Radar,17,6,6,0,29,0,100,9,0,109,17,106,15,0,138,4,0,4,142
04/15/2021,JNU,AK,AAL,WE,Towers with Radar,16,15,5,0,36,0,81,25,0,106,16,96,30,0,142,2,0,2,144
04/16/2021,JNU,AK,AAL,WE,Towers with Radar,17,2,4,1,24,0,145,53,1,199,17,147,57,2,223,34,0,34,257
04/17/2021,JNU,AK,AAL,WE,Towers with Radar,17,1,0,0,18,1,96,30,0,127,18,97,30,0,145,0,0,0,145
04/18/2021,JNU,AK,AAL,WE,Towers with Radar,18,2,0,0,20,0,69,19,0,88,18,71,19,0,108,4,0,4,112
04/19/2021,JNU,AK,AAL,WE,Towers with Radar,18,1,0,1,20,0,134,37,0,171,18,135,37,1,191,18,0,18,209
04/20/2021,JNU,AK,AAL,WE,Towers with Radar,20,3,0,1,24,2,116,15,1,134,22,119,15,2,158,12,0,12,170
04/21/2021,JNU,AK,AAL,WE,Towers with Radar,20,3,1,0,24,5,113,14,0,132,25,116,15,0,156,0,0,0,156
04/22/2021,JNU,AK,AAL,WE,Towers with Radar,20,2,1,1,24,0,129,25,1,155,20,131,26,2,179,32,0,32,211
04/23/2021,JNU,AK,AAL,WE,Towers with Radar,15,1,1,1,18,2,103,17,1,123,17,104,18,2,141,4,0,4,145
04/24/2021,JNU,AK,AAL,WE,Towers with Radar,16,1,1,0,18,0,103,31,0,134,16,104,32,0,152,60,0,60,212
04/25/2021,JNU,AK,AAL,WE,Towers with Radar,17,1,4,0,22,1,59,33,2,95,18,60,37,2,117,22,0,22,139
04/26/2021,JNU,AK,AAL,WE,Towers with Radar,16,1,0,0,17,1,113,47,0,161,17,114,47,0,178,18,0,18,196
04/27/2021,JNU,AK,AAL,WE,Towers with Radar,17,14,0,0,31,0,93,16,0,109,17,107,16,0,140,18,0,18,158
04/28/2021,JNU,AK,AAL,WE,Towers with Radar,17,6,6,0,29,1,113,20,0,134,18,119,26,0,163,16,0,16,179
04/29/2021,JNU,AK,AAL,WE,Towers with Radar,14,10,14,1,39,0,14,5,0,19,14,24,19,1,58,0,0,0,58
04/30/2021,JNU,AK,AAL,WE,Towers with Radar,20,4,13,0,37,0,103,13,0,116,20,107,26,0,153,4,0,4,157
05/01/2021,JNU,AK,AAL,WE,Towers with Radar,16,6,7,0,29,2,93,26,0,121,18,99,33,0,150,0,0,0,150
05/02/2021,JNU,AK,AAL,WE,Towers with Radar,15,0,3,0,18,2,67,41,0,110,17,67,44,0,128,22,0,22,150
05/03/2021,JNU,AK,AAL,WE,Towers with Radar,17,15,4,0,36,0,94,7,0,101,17,109,11,0,137,4,0,4,141
05/04/2021,JNU,AK,AAL,WE,Towers with Radar,17,6,10,0,33,0,104,4,0,108,17,110,14,0,141,10,0,10,151
05/05/2021,JNU,AK,AAL,WE,Towers with Radar,19,5,2,0,26,2,141,41,2,186,21,146,43,2,212,36,0,36,248
05/06/2021,JNU,AK,AAL,WE,Towers with Radar,16,0,0,0,16,1,135,35,2,173,17,135,35,2,189,6,0,6,195
05/07/2021,JNU,AK,AAL,WE,Towers with Radar,20,10,11,0,41,1,106,18,0,125,21,116,29,0,166,14,0,14,180
05/08/2021,JNU,AK,AAL,WE,Towers with Radar,14,5,10,0,29,1,95,20,0,116,15,100,30,0,145,12,0,12,157
05/09/2021,JNU,AK,AAL,WE,Towers with Radar,21,2,15,0,38,1,54,28,0,83,22,56,43,0,121,0,0,0,121
05/10/2021,JNU,AK,AAL,WE,Towers with Radar,13,3,11,0,27,1,108,14,0,123,14,111,25,0,150,30,0,30,180
05/11/2021,JNU,AK,AAL,WE,Towers with Radar,14,4,7,0,25,1,119,24,0,144,15,123,31,0,169,34,0,34,203
05/12/2021,JNU,AK,AAL,WE,Towers with Radar,18,2,4,0,24,1,133,42,0,176,19,135,46,0,200,2,0,2,202
05/13/2021,JNU,AK,AAL,WE,Towers with Radar,18,6,17,2,43,0,132,21,1,154,18,138,38,3,197,0,0,0,197
05/14/2021,JNU,AK,AAL,WE,Towers with Radar,19,6,17,0,42,0,114,25,1,140,19,120,42,1,182,4,0,4,186
05/15/2021,JNU,AK,AAL,WE,Towers with Radar,17,4,9,0,30,0,68,14,0,82,17,72,23,0,112,8,0,8,120
05/16/2021,JNU,AK,AAL,WE,Towers with Radar,17,1,7,1,26,0,97,28,2,127,17,98,35,3,153,18,0,18,171
05/17/2021,JNU,AK,AAL,WE,Towers with Radar,16,4,1,0,21,0,148,45,2,195,16,152,46,2,216,4,0,4,220
05/18/2021,JNU,AK,AAL,WE,Towers with Radar,16,1,0,0,17,0,148,48,0,196,16,149,48,0,213,40,0,40,253
05/19/2021,JNU,AK,AAL,WE,Towers with Radar,16,1,3,0,20,0,143,43,9,195,16,144,46,9,215,4,0,4,219
05/20/2021,JNU,AK,AAL,WE,Towers with Radar,20,1,0,0,21,3,139,55,0,197,23,140,55,0,218,16,0,16,234
05/21/2021,JNU,AK,AAL,WE,Towers with Radar,22,2,11,0,35,1,99,17,0,117,23,101,28,0,152,4,0,4,156
05/22/2021,JNU,AK,AAL,WE,Towers with Radar,22,3,15,0,40,0,97,34,0,131,22,100,49,0,171,12,0,12,183
05/23/2021,JNU,AK,AAL,WE,Towers with Radar,22,4,14,0,40,0,87,42,0,129,22,91,56,0,169,12,0,12,181
05/24/2021,JNU,AK,AAL,WE,Towers with Radar,23,4,1,0,28,2,159,34,0,195,25,163,35,0,223,6,0,6,229
05/25/2021,JNU,AK,AAL,WE,Towers with Radar,22,3,2,0,27,2,161,29,2,194,24,164,31,2,221,6,0,6,227
05/26/2021,JNU,AK,AAL,WE,Towers with Radar,24,6,14,0,44,2,143,27,2,174,26,149,41,2,218,8,0,8,226
05/27/2021,JNU,AK,AAL,WE,Towers with Radar,24,3,5,0,32,2,225,55,0,282,26,228,60,0,314,0,0,0,314
05/28/2021,JNU,AK,AAL,WE,Towers with Radar,16,3,12,0,31,0,154,16,0,170,16,157,28,0,201,0,0,0,201
05/29/2021,JNU,AK,AAL,WE,Towers with Radar,22,2,15,0,39,0,123,17,0,140,22,125,32,0,179,4,0,4,183
05/30/2021,JNU,AK,AAL,WE,Towers with Radar,25,6,11,0,42,0,61,16,0,77,25,67,27,0,119,0,0,0,119
05/31/2021,JNU,AK,AAL,WE,Towers with Radar,24,2,14,0,40,0,3,5,3,11,24,5,19,3,51,0,0,0,51
06/01/2021,JNU,AK,AAL,WE,Towers with Radar,19,12,14,0,45,4,161,41,2,208,23,173,55,2,253,10,0,10,263
06/02/2021,JNU,AK,AAL,WE,Towers with Radar,19,18,17,0,54,0,37,1,0,38,19,55,18,0,92,0,0,0,92
06/03/2021,JNU,AK,AAL,WE,Towers with Radar,20,9,7,0,36,0,119,25,0,144,20,128,32,0,180,12,0,12,192
06/04/2021,JNU,AK,AAL,WE,Towers with Radar,21,6,10,0,37,3,177,24,0,204,24,183,34,0,241,6,0,6,247
06/05/2021,JNU,AK,AAL,WE,Towers with Radar,17,10,5,0,32,0,157,19,0,176,17,167,24,0,208,0,0,0,208
06/06/2021,JNU,AK,AAL,WE,Towers with Radar,26,4,6,0,36,0,156,25,0,181,26,160,31,0,217,0,0,0,217
06/07/2021,JNU,AK,AAL,WE,Towers with Radar,27,18,7,0,52,2,134,42,1,179,29,152,49,1,231,9,0,9,240
06/08/2021,JNU,AK,AAL,WE,Towers with Radar,26,2,5,0,33,0,185,52,1,238,26,187,57,1,271,6,0,6,277
06/09/2021,JNU,AK,AAL,WE,Towers with Radar,29,2,5,2,38,1,159,26,0,186,30,161,31,2,224,4,0,4,228
06/10/2021,JNU,AK,AAL,WE,Towers with Radar,26,7,8,0,41,0,153,17,0,170,26,160,25,0,211,12,0,12,223
06/11/2021,JNU,AK,AAL,WE,Towers with Radar,28,4,13,0,45,3,166,32,0,201,31,170,45,0,246,0,0,0,246
06/12/2021,JNU,AK,AAL,WE,Towers with Radar,29,4,12,0,45,0,164,36,0,200,29,168,48,0,245,0,0,0,245
06/13/2021,JNU,AK,AAL,WE,Towers with Radar,28,0,4,0,32,2,171,50,0,223,30,171,54,0,255,4,0,4,259
06/14/2021,JNU,AK,AAL,WE,Towers with Radar,26,4,6,0,36,5,212,49,0,266,31,216,55,0,302,4,0,4,306
06/15/2021,JNU,AK,AAL,WE,Towers with Radar,28,8,14,0,50,0,152,11,0,163,28,160,25,0,213,0,0,0,213
06/16/2021,JNU,AK,AAL,WE,Towers with Radar,30,8,4,0,42,3,201,39,0,243,33,209,43,0,285,8,0,8,293
06/17/2021,JNU,AK,AAL,WE,Towers with Radar,25,1,6,3,35,4,226,50,3,283,29,227,56,6,318,0,0,0,318
06/18/2021,JNU,AK,AAL,WE,Towers with Radar,29,8,19,0,56,2,157,29,0,188,31,165,48,0,244,6,0,6,250
06/19/2021,JNU,AK,AAL,WE,Towers with Radar,20,2,3,0,25,5,214,59,1,279,25,216,62,1,304,8,0,8,312
06/20/2021,JNU,AK,AAL,WE,Towers with Radar,31,11,14,0,56,2,144,30,0,176,33,155,44,0,232,0,0,0,232
06/21/2021,JNU,AK,AAL,WE,Towers with Radar,30,7,10,0,47,0,147,14,0,161,30,154,24,0,208,12,0,12,220
06/22/2021,JNU,AK,AAL,WE,Towers with Radar,29,8,10,0,47,0,221,60,0,281,29,229,70,0,328,26,0,26,354
06/23/2021,JNU,AK,AAL,WE,Towers with Radar,25,3,17,0,45,0,178,30,0,208,25,181,47,0,253,16,0,16,269
06/24/2021,JNU,AK,AAL,WE,Towers with Radar,34,7,27,0,68,0,36,4,0,40,34,43,31,0,108,0,0,0,108
06/25/2021,JNU,AK,AAL,WE,Towers with Radar,34,7,11,0,52,0,61,12,0,73,34,68,23,0,125,0,0,0,125
06/26/2021,JNU,AK,AAL,WE,Towers with Radar,25,8,7,0,40,4,156,34,0,194,29,164,41,0,234,8,0,8,242
06/27/2021,JNU,AK,AAL,WE,Towers with Radar,26,9,7,0,42,1,163,56,0,220,27,172,63,0,262,0,0,0,262
06/28/2021,JNU,AK,AAL,WE,Towers with Radar,26,3,8,0,37,1,220,50,0,271,27,223,58,0,308,12,0,12,320
06/29/2021,JNU,AK,AAL,WE,Towers with Radar,34,2,5,0,41,2,225,54,0,281,36,227,59,0,322,26,0,26,348
06/30/2021,JNU,AK,AAL,WE,Towers with Radar,31,5,6,0,42,5,198,67,3,273,36,203,73,3,315,30,0,30,345
07/01/2021,JNU,AK,AAL,WE,Towers with Radar,22,5,12,0,39,0,198,50,0,248,22,203,62,0,287,0,0,0,287
07/02/2021,JNU,AK,AAL,WE,Towers with Radar,24,4,13,1,42,2,195,35,0,232,26,199,48,1,274,8,0,8,282
07/03/2021,JNU,AK,AAL,WE,Towers with Radar,25,6,5,0,36,1,221,46,0,268,26,227,51,0,304,18,0,18,322
07/04/2021,JNU,AK,AAL,WE,Towers with Radar,31,1,7,0,39,1,70,48,0,119,32,71,55,0,158,0,0,0,158
07/05/2021,JNU,AK,AAL,WE,Towers with Radar,26,3,10,0,39,2,213,69,0,284,28,216,79,0,323,2,0,2,325
07/06/2021,JNU,AK,AAL,WE,Towers with Radar,27,5,4,0,36,1,198,33,0,232,28,203,37,0,268,18,0,18,286
07/07/2021,JNU,AK,AAL,WE,Towers with Radar,30,5,4,1,40,1,212,36,4,253,31,217,40,5,293,6,0,6,299
07/08/2021,JNU,AK,AAL,WE,Towers with Radar,28,5,17,0,50,1,171,30,0,202,29,176,47,0,252,6,0,6,258
07/09/2021,JNU,AK,AAL,WE,Towers with Radar,32,3,9,0,44,1,186,23,0,210,33,189,32,0,254,12,0,12,266
07/10/2021,JNU,AK,AAL,WE,Towers with Radar,24,13,8,0,45,4,179,31,0,214,28,192,39,0,259,4,0,4,263
07/11/2021,JNU,AK,AAL,WE,Towers with Radar,29,7,9,0,45,28,165,40,0,233,57,172,49,0,278,8,0,8,286
07/12/2021,JNU,AK,AAL,WE,Towers with Radar,24,6,22,0,52,0,141,15,2,158,24,147,37,2,210,0,0,0,210
07/13/2021,JNU,AK,AAL,WE,Towers with Radar,30,27,19,0,76,0,10,1,0,11,30,37,20,0,87,0,0,0,87
07/14/2021,JNU,AK,AAL,WE,Towers with Radar,29,8,14,0,51,1,216,42,0,259,30,224,56,0,310,25,0,25,335
07/15/2021,JNU,AK,AAL,WE,Towers with Radar,26,4,8,0,38,3,238,59,2,302,29,242,67,2,340,4,0,4,344
07/16/2021,JNU,AK,AAL,WE,Towers with Radar,32,6,14,0,52,3,227,63,1,294,35,233,77,1,346,0,0,0,346
07/17/2021,JNU,AK,AAL,WE,Towers with Radar,29,6,9,0,44,6,203,46,0,255,35,209,55,0,299,0,0,0,299
07/18/2021,JNU,AK,AAL,WE,Towers with Radar,25,4,10,0,39,0,146,38,0,184,25,150,48,0,223,30,0,30,253
07/19/2021,JNU,AK,AAL,WE,Towers with Radar,23,4,11,0,38,0,225,49,1,275,23,229,60,1,313,0,0,0,313
07/20/2021,JNU,AK,AAL,WE,Towers with Radar,30,3,14,0,47,2,264,63,0,329,32,267,77,0,376,4,0,4,380
07/21/2021,JNU,AK,AAL,WE,Towers with Radar,33,7,9,0,49,0,189,26,0,215,33,196,35,0,264,26,0,26,290
07/22/2021,JNU,AK,AAL,WE,Towers with Radar,33,7,16,0,56,1,188,21,0,210,34,195,37,0,266,0,0,0,266
07/23/2021,JNU,AK,AAL,WE,Towers with Radar,27,11,24,0,62,4,209,14,0,227,31,220,38,0,289,0,0,0,289
07/24/2021,JNU,AK,AAL,WE,Towers with Radar,26,12,17,0,55,1,149,25,0,175,27,161,42,0,230,4,0,4,234
07/25/2021,JNU,AK,AAL,WE,Towers with Radar,26,2,12,0,40,1,211,47,0,259,27,213,59,0,299,0,0,0,299
07/26/2021,JNU,AK,AAL,WE,Towers with Radar,30,6,10,1,47,5,315,51,1,372,35,321,61,2,419,0,0,0,419
07/27/2021,JNU,AK,AAL,WE,Towers with Radar,31,5,6,0,42,2,265,31,0,298,33,270,37,0,340,0,0,0,340
07/28/2021,JNU,AK,AAL,WE,Towers with Radar,23,3,4,0,30,2,277,44,0,323,25,280,48,0,353,6,0,6,359
07/29/2021,JNU,AK,AAL,WE,Towers with Radar,29,2,7,0,38,1,227,46,0,274,30,229,53,0,312,12,0,12,324
07/30/2021,JNU,AK,AAL,WE,Towers with Radar,29,4,10,0,43,9,278,56,0,343,38,282,66,0,386,14,0,14,400
07/31/2021,JNU,AK,AAL,WE,Towers with Radar,26,6,9,0,41,2,244,63,0,309,28,250,72,0,350,0,0,0,350
08/01/2021,JNU,AK,AAL,WE,Towers with Radar,28,2,12,0,42,1,168,33,1,203,29,170,45,1,245,28,0,28,273
08/02/2021,JNU,AK,AAL,WE,Towers with Radar,25,7,15,0,47,3,295,53,0,351,28,302,68,0,398,2,0,2,400
08/03/2021,JNU,AK,AAL,WE,Towers with Radar,32,6,13,0,51,1,281,35,0,317,33,287,48,0,368,0,0,0,368
08/04/2021,JNU,AK,AAL,WE,Towers with Radar,27,13,13,0,53,1,212,29,0,242,28,225,42,0,295,6,0,6,301
08/05/2021,JNU,AK,AAL,WE,Towers with Radar,30,10,4,0,44,2,249,26,0,277,32,259,30,0,321,14,0,14,335
08/06/2021,JNU,AK,AAL,WE,Towers with Radar,27,17,13,0,57,0,117,14,0,131,27,134,27,0,188,0,0,0,188
08/07/2021,JNU,AK,AAL,WE,Towers with Radar,21,10,16,0,47,0,114,28,0,142,21,124,44,0,189,0,0,0,189
08/08/2021,JNU,AK,AAL,WE,Towers with Radar,23,12,10,1,46,0,114,11,0,125,23,126,21,1,171,8,1,9,180
08/09/2021,JNU,AK,AAL,WE,Towers with Radar,28,4,19,0,51,0,207,17,0,224,28,211,36,0,275,0,0,0,275
08/10/2021,JNU,AK,AAL,WE,Towers with Radar,25,7,23,2,57,0,106,8,1,115,25,113,31,3,172,0,0,0,172
08/11/2021,JNU,AK,AAL,WE,Towers with Radar,28,17,9,0,54,0,161,10,0,171,28,178,19,0,225,12,0,12,237
08/12/2021,JNU,AK,AAL,WE,Towers with Radar,25,7,21,0,53,0,93,10,0,103,25,100,31,0,156,0,0,0,156
08/13/2021,JNU,AK,AAL,WE,Towers with Radar,25,12,12,1,50,0,71,8,0,79,25,83,20,1,129,0,0,0,129
08/14/2021,JNU,AK,AAL,WE,Towers with Radar,24,6,13,0,43,1,237,21,0,259,25,243,34,0,302,0,0,0,302
08/15/2021,JNU,AK,AAL,WE,Towers with Radar,26,19,12,0,57,0,174,44,0,218,26,193,56,0,275,4,0,4,279
08/16/2021,JNU,AK,AAL,WE,Towers with Radar,26,9,10,1,46,1,277,42,0,320,27,286,52,1,366,0,0,0,366
08/17/2021,JNU,AK,AAL,WE,Towers with Radar,24,14,18,0,56,0,146,5,1,152,24,160,23,1,208,0,0,0,208
08/18/2021,JNU,AK,AAL,WE,Towers with Radar,26,9,16,0,51,0,67,7,0,74,26,76,23,0,125,0,0,0,125
08/19/2021,JNU,AK,AAL,WE,Towers with Radar,24,8,7,1,40,1,196,26,0,223,25,204,33,1,263,8,0,8,271
08/20/2021,JNU,AK,AAL,WE,Towers with Radar,24,8,13,1,46,0,187,34,0,221,24,195,47,1,267,10,0,10,277
08/21/2021,JNU,AK,AAL,WE,Towers with Radar,24,7,4,0,35,2,239,37,0,278,26,246,41,0,313,0,0,0,313
08/22/2021,JNU,AK,AAL,WE,Towers with Radar,25,4,10,0,39,1,225,63,0,289,26,229,73,0,328,0,0,0,328
08/23/2021,JNU,AK,AAL,WE,Towers with Radar,21,3,2,0,26,0,322,65,0,387,21,325,67,0,413,24,0,24,437
08/24/2021,JNU,AK,AAL,WE,Towers with Radar,24,12,16,0,52,0,152,20,0,172,24,164,36,0,224,6,0,6,230
08/25/2021,JNU,AK,AAL,WE,Towers with Radar,27,6,20,0,53,0,199,23,0,222,27,205,43,0,275,4,0,4,279
08/26/2021,JNU,AK,AAL,WE,Towers with Radar,31,8,13,1,53,1,203,26,0,230,32,211,39,1,283,0,0,0,283
08/27/2021,JNU,AK,AAL,WE,Towers with Radar,27,11,20,0,58,0,225,19,0,244,27,236,39,0,302,6,0,6,308
08/28/2021,JNU,AK,AAL,WE,Towers with Radar,24,17,9,0,50,0,109,17,0,126,24,126,26,0,176,0,0,0,176
08/29/2021,JNU,AK,AAL,WE,Towers with Radar,21,4,8,0,33,0,136,20,0,156,21,140,28,0,189,14,0,14,203
08/30/2021,JNU,AK,AAL,WE,Towers with Radar,22,8,12,0,42,0,255,69,2,326,22,263,81,2,368,0,0,0,368
08/31/2021,JNU,AK,AAL,WE,Towers with Radar,25,33,5,0,63,1,202,49,0,252,26,235,54,0,315,16,0,16,331
09/01/2021,JNU,AK,AAL,WE,Towers with Radar,34,9,5,0,48,0,224,41,0,265,34,233,46,0,313,14,0,14,327
09/02/2021,JNU,AK,AAL,WE,Towers with Radar,23,11,16,0,50,0,90,14,0,104,23,101,30,0,154,0,0,0,154
09/03/2021,JNU,AK,AAL,WE,Towers with Radar,23,8,8,0,39,0,12,3,3,18,23,20,11,3,57,0,0,0,57
09/04/2021,JNU,AK,AAL,WE,Towers with Radar,29,8,11,0,48,0,219,34,0,253,29,227,45,0,301,18,0,18,319
09/05/2021,JNU,AK,AAL,WE,Towers with Radar,27,3,12,0,42,0,123,20,0,143,27,126,32,0,185,0,0,0,185
09/06/2021,JNU,AK,AAL,WE,Towers with Radar,20,4,5,0,29,4,191,22,0,217,24,195,27,0,246,0,0,0,246
09/07/2021,JNU,AK,AAL,WE,Towers with Radar,34,15,6,0,55,1,149,26,1,177,35,164,32,1,232,20,0,20,252
09/08/2021,JNU,AK,AAL,WE,Towers with Radar,24,17,12,1,54,0,71,11,0,82,24,88,23,1,136,2,0,2,138
09/09/2021,JNU,AK,AAL,WE,Towers with Radar,25,10,3,0,38,0,150,26,1,177,25,160,29,1,215,4,8,12,227
09/10/2021,JNU,AK,AAL,WE,Towers with Radar,27,9,9,0,45,0,118,6,0,124,27,127,15,0,169,0,0,0,169
09/11/2021,JNU,AK,AAL,WE,Towers with Radar,18,24,10,0,52,0,61,12,0,73,18,85,22,0,125,6,0,6,131
09/12/2021,JNU,AK,AAL,WE,Towers with Radar,22,5,11,0,38,1,49,9,0,59,23,54,20,0,97,0,0,0,97
09/13/2021,JNU,AK,AAL,WE,Towers with Radar,19,13,10,0,42,1,68,9,0,78,20,81,19,0,120,0,0,0,120
09/14/2021,JNU,AK,AAL,WE,Towers with Radar,25,5,8,1,39,0,127,29,1,157,25,132,37,2,196,6,0,6,202
09/15/2021,JNU,AK,AAL,WE,Towers with Radar,24,8,7,0,39,0,127,24,0,151,24,135,31,0,190,0,0,0,190
09/16/2021,JNU,AK,AAL,WE,Towers with Radar,30,9,10,0,49,1,116,10,0,127,31,125,20,0,176,0,0,0,176
09/17/2021,JNU,AK,AAL,WE,Towers with Radar,32,7,9,0,48,1,217,31,0,249,33,224,40,0,297,8,0,8,305
09/18/2021,JNU,AK,AAL,WE,Towers with Radar,18,4,7,0,29,0,135,42,0,177,18,139,49,0,206,18,0,18,224
09/19/2021,JNU,AK,AAL,WE,Towers with Radar,19,1,2,0,22,0,122,47,0,169,19,123,49,0,191,0,0,0,191
09/20/2021,JNU,AK,AAL,WE,Towers with Radar,22,5,15,0,42,0,103,6,0,109,22,108,21,0,151,0,0,0,151
09/21/2021,JNU,AK,AAL,WE,Towers with Radar,25,8,8,0,41,1,80,5,0,86,26,88,13,0,127,0,0,0,127
09/22/2021,JNU,AK,AAL,WE,Towers with Radar,28,14,3,0,45,1,157,17,0,175,29,171,20,0,220,12,0,12,232
09/23/2021,JNU,AK,AAL,WE,Towers with Radar,25,8,7,0,40,0,48,4,0,52,25,56,11,0,92,0,0,0,92
09/24/2021,JNU,AK,AAL,WE,Towers with Radar,22,2,5,0,29,0,116,10,0,126,22,118,15,0,155,8,0,8,163
09/25/2021,JNU,AK,AAL,WE,Towers with Radar,22,6,4,0,32,0,91,35,0,126,22,97,39,0,158,0,0,0,158
09/26/2021,JNU,AK,AAL,WE,Towers with Radar,23,3,4,0,30,1,136,34,0,171,24,139,38,0,201,0,0,0,201
09/27/2021,JNU,AK,AAL,WE,Towers with Radar,24,3,6,0,33,0,81,15,0,96,24,84,21,0,129,11,0,11,140
09/28/2021,JNU,AK,AAL,WE,Towers with Radar,26,5,7,0,38,0,122,26,0,148,26,127,33,0,186,22,0,22,208
09/29/2021,JNU,AK,AAL,WE,Towers with Radar,25,11,8,0,44,1,107,15,3,126,26,118,23,3,170,10,0,10,180
09/30/2021,JNU,AK,AAL,WE,Towers with Radar,26,7,9,0,42,0,85,12,0,97,26,92,21,0,139,12,0,12,151
10/01/2021,JNU,AK,AAL,WE,Towers with Radar,18,4,2,0,24,0,4,0,0,4,18,8,2,0,28,0,0,0,28
10/02/2021,JNU,AK,AAL,WE,Towers with Radar,19,8,3,0,30,0,43,10,5,58,19,51,13,5,88,6,0,6,94
10/03/2021,JNU,AK,AAL,WE,Towers with Radar,18,5,5,0,28,0,66,14,0,80,18,71,19,0,108,10,0,10,118
10/04/2021,JNU,AK,AAL,WE,Towers with Radar,14,1,2,0,17,2,142,38,0,182,16,143,40,0,199,4,0,4,203
10/05/2021,JNU,AK,AAL,WE,Towers with Radar,18,2,0,0,20,2,103,37,0,142,20,105,37,0,162,6,0,6,168
10/06/2021,JNU,AK,AAL,WE,Towers with Radar,17,2,1,0,20,1,171,22,0,194,18,173,23,0,214,34,0,34,248
10/07/2021,JNU,AK,AAL,WE,Towers with Radar,18,5,8,0,31,0,65,4,0,69,18,70,12,0,100,6,0,6,106
10/08/2021,JNU,AK,AAL,WE,Towers with Radar,19,9,5,0,33,0,54,2,0,56,19,63,7,0,89,4,0,4,93
10/09/2021,JNU,AK,AAL,WE,Towers with Radar,16,7,3,0,26,0,62,1,0,63,16,69,4,0,89,0,0,0,89
10/10/2021,JNU,AK,AAL,WE,Towers with Radar,14,10,5,0,29,0,59,28,0,87,14,69,33,0,116,0,0,0,116
10/11/2021,JNU,AK,AAL,WE,Towers with Radar,16,5,4,0,25,0,65,3,0,68,16,70,7,0,93,4,0,4,97
10/12/2021,JNU,AK,AAL,WE,Towers with Radar,19,2,12,0,33,0,32,4,0,36,19,34,16,0,69,0,0,0,69
10/13/2021,JNU,AK,AAL,WE,Towers with Radar,21,8,10,0,39,0,40,4,1,45,21,48,14,1,84,0,0,0,84
10/14/2021,JNU,AK,AAL,WE,Towers with Radar,19,10,0,0,29,0,80,13,3,96,19,90,13,3,125,12,2,14,139
10/15/2021,JNU,AK,AAL,WE,Towers with Radar,18,3,5,0,26,0,91,5,1,97,18,94,10,1,123,2,0,2,125
10/16/2021,JNU,AK,AAL,WE,Towers with Radar,18,2,1,0,21,0,102,54,0,156,18,104,55,0,177,18,0,18,195
10/17/2021,JNU,AK,AAL,WE,Towers with Radar,19,3,1,0,23,1,106,34,0,141,20,109,35,0,164,38,10,48,212
10/18/2021,JNU,AK,AAL,WE,Towers with Radar,19,4,0,0,23,2,102,5,0,109,21,106,5,0,132,10,0,10,142
10/19/2021,JNU,AK,AAL,WE,Towers with Radar,14,3,6,2,25,0,76,6,0,82,14,79,12,2,107,0,0,0,107
10/20/2021,JNU,AK,AAL,WE,Towers with Radar,16,7,4,0,27,1,120,9,0,130,17,127,13,0,157,0,0,0,157
10/21/2021,JNU,AK,AAL,WE,Towers with Radar,20,2,3,2,27,0,83,11,0,94,20,85,14,2,121,0,0,0,121
10/22/2021,JNU,AK,AAL,WE,Towers with Radar,8,6,2,0,16,0,17,5,0,22,8,23,7,0,38,0,0,0,38
10/23/2021,JNU,AK,AAL,WE,Towers with Radar,15,5,5,0,25,0,61,12,0,73,15,66,17,0,98,2,0,2,100
10/24/2021,JNU,AK,AAL,WE,Towers with Radar,16,2,0,0,18,0,61,19,0,80,16,63,19,0,98,6,0,6,104
10/25/2021,JNU,AK,AAL,WE,Towers with Radar,23,2,1,0,26,0,83,15,1,99,23,85,16,1,125,14,0,14,139
10/26/2021,JNU,AK,AAL,WE,Towers with Radar,19,5,7,0,31,1,79,4,0,84,20,84,11,0,115,0,0,0,115
10/27/2021,JNU,AK,AAL,WE,Towers with Radar,18,10,12,0,40,0,67,9,0,76,18,77,21,0,116,0,0,0,116
10/28/2021,JNU,AK,AAL,WE,Towers with Radar,18,5,2,2,27,3,80,11,2,96,21,85,13,4,123,10,0,10,133
10/29/2021,JNU,AK,AAL,WE,Towers with Radar,16,8,1,0,25,0,63,7,0,70,16,71,8,0,95,14,0,14,109
10/30/2021,JNU,AK,AAL,WE,Towers with Radar,18,4,3,0,25,0,49,17,0,66,18,53,20,0,91,8,0,8,99
10/31/2021,JNU,AK,AAL,WE,Towers with Radar,1,1,0,0,2,0,0,0,0,0,1,1,0,0,2,0,0,0,2
11/01/2021,JNU,AK,AAL,WE,Towers with Radar,12,9,7,0,28,1,83,10,0,94,13,92,17,0,122,0,0,0,122
11/02/2021,JNU,AK,AAL,WE,Towers with Radar,23,9,4,0,36,0,105,30,0,135,23,114,34,0,171,26,0,26,197
11/03/2021,JNU,AK,AAL,WE,Towers with Radar,22,6,1,0,29,0,60,10,0,70,22,66,11,0,99,4,0,4,103
11/04/2021,JNU,AK,AAL,WE,Towers with Radar,16,5,1,0,22,0,83,11,2,96,16,88,12,2,118,0,0,0,118
11/05/2021,JNU,AK,AAL,WE,Towers with Radar,15,3,6,3,27,0,91,9,2,102,15,94,15,5,129,24,0,24,153
11/06/2021,JNU,AK,AAL,WE,Towers with Radar,16,2,2,0,20,0,60,9,0,69,16,62,11,0,89,6,0,6,95
11/07/2021,JNU,AK,AAL,WE,Towers with Radar,11,2,0,0,13,0,60,33,0,93,11,62,33,0,106,24,0,24,130
11/08/2021,JNU,AK,AAL,WE,Towers with Radar,15,3,1,0,19,0,89,12,1,102,15,92,13,1,121,0,0,0,121
11/09/2021,JNU,AK,AAL,WE,Towers with Radar,23,10,8,0,41,0,50,6,0,56,23,60,14,0,97,0,0,0,97
11/10/2021,JNU,AK,AAL,WE,Towers with Radar,16,20,8,0,44,0,54,11,0,65,16,74,19,0,109,4,0,4,113
11/11/2021,JNU,AK,AAL,WE,Towers with Radar,22,14,3,0,39,0,67,15,2,84,22,81,18,2,123,0,0,0,123
11/12/2021,JNU,AK,AAL,WE,Towers with Radar,18,6,4,0,28,0,59,4,0,63,18,65,8,0,91,0,0,0,91
11/13/2021,JNU,AK,AAL,WE,Towers with Radar,13,1,9,0,23,0,56,10,0,66,13,57,19,0,89,10,0,10,99
11/14/2021,JNU,AK,AAL,WE,Towers with Radar,18,4,0,0,22,0,54,27,0,81,18,58,27,0,103,60,0,60,163
11/15/2021,JNU,AK,AAL,WE,Towers with Radar,14,1,1,0,16,0,73,21,0,94,14,74,22,0,110,20,0,20,130
11/16/2021,JNU,AK,AAL,WE,Towers with Radar,10,9,6,0,25,0,45,7,0,52,10,54,13,0,77,0,0,0,77
11/17/2021,JNU,AK,AAL,WE,Towers with Radar,17,10,7,0,34,0,57,8,0,65,17,67,15,0,99,4,0,4,103
11/18/2021,JNU,AK,AAL,WE,Towers with Radar,20,2,1,0,23,0,6,0,0,6,20,8,1,0,29,0,0,0,29
11/19/2021,JNU,AK,AAL,WE,Towers with Radar,15,9,1,0,25,0,83,8,0,91,15,92,9,0,116,0,0,0,116
11/20/2021,JNU,AK,AAL,WE,Towers with Radar,13,5,0,0,18,1,37,2,0,40,14,42,2,0,58,16,0,16,74
11/21/2021,JNU,AK,AAL,WE,Towers with Radar,15,1,4,0,20,0,0,0,0,0,15,1,4,0,20,0,0,0,20
11/22/2021,JNU,AK,AAL,WE,Towers with Radar,11,2,7,0,20,0,31,3,0,34,11,33,10,0,54,0,0,0,54
11/23/2021,JNU,AK,AAL,WE,Towers with Radar,18,0,7,0,25,0,18,4,0,22,18,18,11,0,47,0,0,0,47
11/24/2021,JNU,AK,AAL,WE,Towers with Radar,21,5,6,0,32,0,24,2,0,26,21,29,8,0,58,0,0,0,58
11/25/2021,JNU,AK,AAL,WE,Towers with Radar,11,0,4,0,15,1,0,0,0,1,12,0,4,0,16,0,0,0,16
11/26/2021,JNU,AK,AAL,WE,Towers with Radar,11,6,3,0,20,0,26,6,0,32,11,32,9,0,52,6,0,6,58
11/27/2021,JNU,AK,AAL,WE,Towers with Radar,16,8,5,1,30,1,21,4,3,29,17,29,9,4,59,8,0,8,67
11/28/2021,JNU,AK,AAL,WE,Towers with Radar,23,9,6,0,38,0,48,7,0,55,23,57,13,0,93,0,0,0,93
11/29/2021,JNU,AK,AAL,WE,Towers with Radar,15,5,10,0,30,2,20,3,0,25,17,25,13,0,55,0,0,0,55
11/30/2021,JNU,AK,AAL,WE,Towers with Radar,18,4,2,0,24,0,6,1,0,7,18,10,3,0,31,0,0,0,31
12/01/2021,JNU,AK,AAL,WE,Towers with Radar,18,8,4,0,30,0,40,5,0,45,18,48,9,0,75,0,0,0,75
12/02/2021,JNU,AK,AAL,WE,Towers with Radar,17,3,2,0,22,2,43,6,0,51,19,46,8,0,73,28,0,28,101
12/03/2021,JNU,AK,AAL,WE,Towers with Radar,16,8,3,0,27,0,47,5,0,52,16,55,8,0,79,2,0,2,81
12/04/2021,JNU,AK,AAL,WE,Towers with Radar,9,3,3,1,16,0,53,20,0,73,9,56,23,1,89,16,0,16,105
12/05/2021,JNU,AK,AAL,WE,Towers with Radar,22,5,4,0,31,0,0,0,0,0,22,5,4,0,31,0,0,0,31
12/06/2021,JNU,AK,AAL,WE,Towers with Radar,23,5,12,0,40,1,35,2,0,38,24,40,14,0,78,0,0,0,78
12/07/2021,JNU,AK,AAL,WE,Towers with Radar,16,0,5,0,21,0,10,0,0,10,16,10,5,0,31,12,0,12,43
12/08/2021,JNU,AK,AAL,WE,Towers with Radar,20,4,5,2,31,0,4,0,0,4,20,8,5,2,35,0,0,0,35
12/09/2021,JNU,AK,AAL,WE,Towers with Radar,22,11,6,0,39,0,17,0,0,17,22,28,6,0,56,0,0,0,56
12/10/2021,JNU,AK,AAL,WE,Towers with Radar,16,9,4,0,29,0,30,1,0,31,16,39,5,0,60,0,0,0,60
12/11/2021,JNU,AK,AAL,WE,Towers with Radar,13,9,0,0,22,0,45,13,2,60,13,54,13,2,82,10,0,10,92
12/12/2021,JNU,AK,AAL,WE,Towers with Radar,21,4,8,0,33,0,33,2,0,35,21,37,10,0,68,4,0,4,72
12/13/2021,JNU,AK,AAL,WE,Towers with Radar,18,8,0,0,26,0,59,13,0,72,18,67,13,0,98,18,0,18,116
12/14/2021,JNU,AK,AAL,WE,Towers with Radar,0,0,0,0,0,0,0,0,0,0,0,0,0,0,0,0,0,0,0
12/15/2021,JNU,AK,AAL,WE,Towers with Radar,0,0,0,0,0,0,0,0,0,0,0,0,0,0,0,0,0,0,0
12/16/2021,JNU,AK,AAL,WE,Towers with Radar,0,0,0,0,0,0,0,0,0,0,0,0,0,0,0,0,0,0,0
12/17/2021,JNU,AK,AAL,WE,Towers with Radar,0,0,0,0,0,0,0,0,0,0,0,0,0,0,0,0,0,0,0
12/18/2021,JNU,AK,AAL,WE,Towers with Radar,0,0,0,0,0,0,0,0,0,0,0,0,0,0,0,0,0,0,0
12/19/2021,JNU,AK,AAL,WE,Towers with Radar,0,0,0,0,0,0,0,0,0,0,0,0,0,0,0,0,0,0,0
12/20/2021,JNU,AK,AAL,WE,Towers with Radar,0,0,0,0,0,0,0,0,0,0,0,0,0,0,0,0,0,0,0
12/21/2021,JNU,AK,AAL,WE,Towers with Radar,0,0,0,0,0,0,0,0,0,0,0,0,0,0,0,0,0,0,0
12/22/2021,JNU,AK,AAL,WE,Towers with Radar,19,1,1,0,21,1,78,0,0,79,20,79,1,0,100,0,0,0,100
12/23/2021,JNU,AK,AAL,WE,Towers with Radar,19,9,0,0,28,1,59,0,0,60,20,68,0,0,88,0,0,0,88
12/24/2021,JNU,AK,AAL,WE,Towers with Radar,16,1,0,0,17,1,45,9,2,57,17,46,9,2,74,10,0,10,84
12/25/2021,JNU,AK,AAL,WE,Towers with Radar,8,0,2,0,10,1,1,4,0,6,9,1,6,0,16,16,0,16,32
12/26/2021,JNU,AK,AAL,WE,Towers with Radar,11,1,0,0,12,0,20,7,0,27,11,21,7,0,39,0,0,0,39
12/27/2021,JNU,AK,AAL,WE,Towers with Radar,11,1,2,0,14,0,31,2,1,34,11,32,4,1,48,0,0,0,48
12/28/2021,JNU,AK,AAL,WE,Towers with Radar,13,0,0,1,14,2,44,15,3,64,15,44,15,4,78,10,0,10,88
12/29/2021,JNU,AK,AAL,WE,Towers with Radar,17,4,0,0,21,1,12,0,0,13,18,16,0,0,34,0,0,0,34
12/30/2021,JNU,AK,AAL,WE,Towers with Radar,20,7,0,0,27,0,53,11,0,64,20,60,11,0,91,10,2,12,103
12/31/2021,JNU,AK,AAL,WE,Towers with Radar,15,0,0,0,15,0,0,0,0,0,15,0,0,0,15,0,0,0,15
01/01/2022,JNU,AK,AAL,WE,Towers with Radar,5,2,1,0,8,0,0,0,0,0,5,2,1,0,8,0,0,0,8
01/02/2022,JNU,AK,AAL,WE,Towers with Radar,16,2,3,0,21,1,23,2,0,26,17,25,5,0,47,0,0,0,47
01/03/2022,JNU,AK,AAL,WE,Towers with Radar,1,3,1,0,5,0,9,0,0,9,1,12,1,0,14,0,0,0,14
01/04/2022,JNU,AK,AAL,WE,Towers with Radar,21,3,0,0,24,0,42,2,0,44,21,45,2,0,68,0,0,0,68
01/05/2022,JNU,AK,AAL,WE,Towers with Radar,12,3,7,0,22,0,43,1,0,44,12,46,8,0,66,12,0,12,78
01/06/2022,JNU,AK,AAL,WE,Towers with Radar,18,6,2,0,26,1,26,2,0,29,19,32,4,0,55,4,0,4,59
01/07/2022,JNU,AK,AAL,WE,Towers with Radar,22,4,0,0,26,0,58,1,0,59,22,62,1,0,85,0,0,0,85
01/08/2022,JNU,AK,AAL,WE,Towers with Radar,15,5,1,0,21,0,21,4,2,27,15,26,5,2,48,6,0,6,54
01/09/2022,JNU,AK,AAL,WE,Towers with Radar,10,1,0,0,11,0,0,0,0,0,10,1,0,0,11,0,0,0,11
01/10/2022,JNU,AK,AAL,WE,Towers with Radar,15,7,1,0,23,0,21,0,0,21,15,28,1,0,44,2,0,2,46
01/11/2022,JNU,AK,AAL,WE,Towers with Radar,16,10,2,0,28,0,27,2,0,29,16,37,4,0,57,0,0,0,57
01/12/2022,JNU,AK,AAL,WE,Towers with Radar,23,13,5,0,41,0,73,5,0,78,23,86,10,0,119,0,0,0,119
01/13/2022,JNU,AK,AAL,WE,Towers with Radar,18,5,2,0,25,0,59,1,0,60,18,64,3,0,85,2,0,2,87
01/14/2022,JNU,AK,AAL,WE,Towers with Radar,18,6,4,0,28,0,34,5,0,39,18,40,9,0,67,4,0,4,71
01/15/2022,JNU,AK,AAL,WE,Towers with Radar,20,6,3,0,29,0,36,4,0,40,20,42,7,0,69,0,0,0,69
01/16/2022,JNU,AK,AAL,WE,Towers with Radar,19,4,0,0,23,0,0,0,0,0,19,4,0,0,23,0,0,0,23
01/17/2022,JNU,AK,AAL,WE,Towers with Radar,20,7,2,0,29,0,64,26,0,90,20,71,28,0,119,24,0,24,143
01/18/2022,JNU,AK,AAL,WE,Towers with Radar,16,2,4,0,22,1,44,16,0,61,17,46,20,0,83,28,0,28,111
01/19/2022,JNU,AK,AAL,WE,Towers with Radar,17,3,1,0,21,0,6,0,0,6,17,9,1,0,27,0,0,0,27
01/20/2022,JNU,AK,AAL,WE,Towers with Radar,20,7,4,0,31,0,50,2,1,53,20,57,6,1,84,0,0,0,84
01/21/2022,JNU,AK,AAL,WE,Towers with Radar,21,8,5,0,34,0,35,0,1,36,21,43,5,1,70,0,0,0,70
01/22/2022,JNU,AK,AAL,WE,Towers with Radar,19,12,6,0,37,0,35,1,0,36,19,47,7,0,73,0,0,0,73
01/23/2022,JNU,AK,AAL,WE,Towers with Radar,15,9,4,0,28,0,41,6,0,47,15,50,10,0,75,0,0,0,75
01/24/2022,JNU,AK,AAL,WE,Towers with Radar,17,9,9,0,35,0,45,3,0,48,17,54,12,0,83,0,0,0,83
01/25/2022,JNU,AK,AAL,WE,Towers with Radar,19,4,4,0,27,0,66,3,0,69,19,70,7,0,96,6,0,6,102
01/26/2022,JNU,AK,AAL,WE,Towers with Radar,11,0,0,0,11,0,8,4,0,12,11,8,4,0,23,0,0,0,23
01/27/2022,JNU,AK,AAL,WE,Towers with Radar,20,4,4,0,28,0,31,9,0,40,20,35,13,0,68,8,0,8,76
01/28/2022,JNU,AK,AAL,WE,Towers with Radar,18,8,9,0,35,0,53,2,0,55,18,61,11,0,90,0,0,0,90
01/29/2022,JNU,AK,AAL,WE,Towers with Radar,11,7,5,0,23,0,21,1,0,22,11,28,6,0,45,0,0,0,45
01/30/2022,JNU,AK,AAL,WE,Towers with Radar,18,5,8,0,31,0,12,0,0,12,18,17,8,0,43,0,0,0,43
01/31/2022,JNU,AK,AAL,WE,Towers with Radar,16,6,3,0,25,0,86,27,0,113,16,92,30,0,138,26,0,26,164
02/01/2022,JNU,AK,AAL,WE,Towers with Radar,19,1,2,0,22,1,73,9,0,83,20,74,11,0,105,16,0,16,121
02/02/2022,JNU,AK,AAL,WE,Towers with Radar,15,0,0,0,15,0,0,0,0,0,15,0,0,0,15,0,0,0,15
02/03/2022,JNU,AK,AAL,WE,Towers with Radar,14,0,1,0,15,0,0,0,0,0,14,0,1,0,15,0,0,0,15
02/04/2022,JNU,AK,AAL,WE,Towers with Radar,15,0,0,0,15,0,0,0,0,0,15,0,0,0,15,0,0,0,15
02/05/2022,JNU,AK,AAL,WE,Towers with Radar,16,5,3,0,24,0,38,1,0,39,16,43,4,0,63,0,0,0,63
02/06/2022,JNU,AK,AAL,WE,Towers with Radar,16,2,5,0,23,1,43,0,0,44,17,45,5,0,67,0,0,0,67
02/07/2022,JNU,AK,AAL,WE,Towers with Radar,14,4,5,0,23,0,58,14,0,72,14,62,19,0,95,12,0,12,107
02/08/2022,JNU,AK,AAL,WE,Towers with Radar,18,9,9,0,36,0,39,4,1,44,18,48,13,1,80,2,0,2,82
02/09/2022,JNU,AK,AAL,WE,Towers with Radar,18,11,4,0,33,1,36,1,0,38,19,47,5,0,71,0,0,0,71
02/10/2022,JNU,AK,AAL,WE,Towers with Radar,20,6,1,0,27,1,97,25,0,123,21,103,26,0,150,24,0,24,174
02/11/2022,JNU,AK,AAL,WE,Towers with Radar,14,4,4,1,23,0,12,1,0,13,14,16,5,1,36,0,0,0,36
02/12/2022,JNU,AK,AAL,WE,Towers with Radar,19,13,9,0,41,1,67,18,1,87,20,80,27,1,128,12,0,12,140
02/13/2022,JNU,AK,AAL,WE,Towers with Radar,20,8,2,0,30,0,37,9,0,46,20,45,11,0,76,12,0,12,88
02/14/2022,JNU,AK,AAL,WE,Towers with Radar,16,4,1,0,21,1,96,26,0,123,17,100,27,0,144,24,0,24,168
02/15/2022,JNU,AK,AAL,WE,Towers with Radar,18,15,2,0,35,0,48,10,0,58,18,63,12,0,93,0,0,0,93
02/16/2022,JNU,AK,AAL,WE,Towers with Radar,14,18,7,0,39,0,24,0,0,24,14,42,7,0,63,0,0,0,63
02/17/2022,JNU,AK,AAL,WE,Towers with Radar,17,4,3,0,24,0,71,1,2,74,17,75,4,2,98,4,0,4,102
02/18/2022,JNU,AK,AAL,WE,Towers with Radar,20,9,6,0,35,0,37,7,0,44,20,46,13,0,79,0,0,0,79
02/19/2022,JNU,AK,AAL,WE,Towers with Radar,15,10,10,0,35,0,57,5,0,62,15,67,15,0,97,4,0,4,101
02/20/2022,JNU,AK,AAL,WE,Towers with Radar,19,3,0,0,22,2,62,4,0,68,21,65,4,0,90,6,0,6,96
02/21/2022,JNU,AK,AAL,WE,Towers with Radar,23,6,7,0,36,1,103,30,0,134,24,109,37,0,170,10,2,12,182
02/22/2022,JNU,AK,AAL,WE,Towers with Radar,16,6,2,0,24,0,58,1,0,59,16,64,3,0,83,0,0,0,83
02/23/2022,JNU,AK,AAL,WE,Towers with Radar,17,4,2,0,23,1,56,8,0,65,18,60,10,0,88,8,0,8,96
02/24/2022,JNU,AK,AAL,WE,Towers with Radar,14,14,2,0,30,0,73,9,0,82,14,87,11,0,112,0,2,2,114
02/25/2022,JNU,AK,AAL,WE,Towers with Radar,17,13,9,0,39,0,37,1,0,38,17,50,10,0,77,0,0,0,77
02/26/2022,JNU,AK,AAL,WE,Towers with Radar,16,2,6,0,24,0,4,0,0,4,16,6,6,0,28,0,0,0,28
02/27/2022,JNU,AK,AAL,WE,Towers with Radar,18,12,4,0,34,0,65,1,0,66,18,77,5,0,100,0,0,0,100
02/28/2022,JNU,AK,AAL,WE,Towers with Radar,23,4,4,1,32,0,94,15,0,109,23,98,19,1,141,38,0,38,179
03/01/2022,JNU,AK,AAL,WE,Towers with Radar,20,5,3,2,30,0,20,5,0,25,20,25,8,2,55,0,0,0,55
03/02/2022,JNU,AK,AAL,WE,Towers with Radar,18,10,4,0,32,0,55,10,0,65,18,65,14,0,97,0,0,0,97
03/03/2022,JNU,AK,AAL,WE,Towers with Radar,17,4,0,0,21,0,71,11,0,82,17,75,11,0,103,10,0,10,113
03/04/2022,JNU,AK,AAL,WE,Towers with Radar,20,8,0,0,28,1,84,12,0,97,21,92,12,0,125,8,0,8,133
03/05/2022,JNU,AK,AAL,WE,Towers with Radar,16,8,8,2,34,1,32,9,0,42,17,40,17,2,76,14,0,14,90
03/06/2022,JNU,AK,AAL,WE,Towers with Radar,17,3,4,0,24,0,35,9,0,44,17,38,13,0,68,0,0,0,68
03/07/2022,JNU,AK,AAL,WE,Towers with Radar,18,5,2,2,27,1,75,12,0,88,19,80,14,2,115,6,0,6,121
03/08/2022,JNU,AK,AAL,WE,Towers with Radar,18,2,1,0,21,2,82,22,0,106,20,84,23,0,127,8,0,8,135
03/09/2022,JNU,AK,AAL,WE,Towers with Radar,15,5,3,0,23,0,67,8,0,75,15,72,11,0,98,0,0,0,98
03/10/2022,JNU,AK,AAL,WE,Towers with Radar,23,7,15,0,45,0,39,3,0,42,23,46,18,0,87,2,0,2,89
03/11/2022,JNU,AK,AAL,WE,Towers with Radar,20,5,5,0,30,0,9,0,0,9,20,14,5,0,39,0,0,0,39
03/12/2022,JNU,AK,AAL,WE,Towers with Radar,14,7,6,0,27,0,60,8,0,68,14,67,14,0,95,0,0,0,95
03/13/2022,JNU,AK,AAL,WE,Towers with Radar,21,12,1,0,34,1,38,5,0,44,22,50,6,0,78,4,0,4,82
03/14/2022,JNU,AK,AAL,WE,Towers with Radar,17,11,4,0,32,0,4,1,0,5,17,15,5,0,37,0,0,0,37
03/15/2022,JNU,AK,AAL,WE,Towers with Radar,22,2,5,0,29,0,43,6,0,49,22,45,11,0,78,10,0,10,88
03/16/2022,JNU,AK,AAL,WE,Towers with Radar,18,4,10,0,32,0,50,4,0,54,18,54,14,0,86,4,0,4,90
03/17/2022,JNU,AK,AAL,WE,Towers with Radar,16,5,11,0,32,0,66,7,0,73,16,71,18,0,105,0,0,0,105
03/18/2022,JNU,AK,AAL,WE,Towers with Radar,18,5,10,0,33,1,65,4,0,70,19,70,14,0,103,0,0,0,103
03/19/2022,JNU,AK,AAL,WE,Towers with Radar,18,6,1,7,32,1,67,17,0,85,19,73,18,7,117,6,0,6,123
03/20/2022,JNU,AK,AAL,WE,Towers with Radar,20,4,6,1,31,3,62,15,0,80,23,66,21,1,111,6,0,6,117
03/21/2022,JNU,AK,AAL,WE,Towers with Radar,15,9,11,2,37,1,45,5,0,51,16,54,16,2,88,0,0,0,88
03/22/2022,JNU,AK,AAL,WE,Towers with Radar,16,6,6,1,29,0,38,6,3,47,16,44,12,4,76,0,0,0,76
03/23/2022,JNU,AK,AAL,WE,Towers with Radar,15,5,9,0,29,0,65,7,1,73,15,70,16,1,102,6,0,6,108
03/24/2022,JNU,AK,AAL,WE,Towers with Radar,22,7,11,3,43,0,111,18,1,130,22,118,29,4,173,0,1,1,174
03/25/2022,JNU,AK,AAL,WE,Towers with Radar,22,7,10,2,41,0,63,12,0,75,22,70,22,2,116,0,0,0,116
03/26/2022,JNU,AK,AAL,WE,Towers with Radar,22,16,9,1,48,0,100,38,0,138,22,116,47,1,186,36,0,36,222
03/27/2022,JNU,AK,AAL,WE,Towers with Radar,18,1,4,2,25,2,78,39,0,119,20,79,43,2,144,24,0,24,168
03/28/2022,JNU,AK,AAL,WE,Towers with Radar,19,3,2,0,24,1,66,13,0,80,20,69,15,0,104,2,0,2,106
03/29/2022,JNU,AK,AAL,WE,Towers with Radar,18,9,13,0,40,0,44,6,0,50,18,53,19,0,90,6,0,6,96
03/30/2022,JNU,AK,AAL,WE,Towers with Radar,18,6,13,0,37,0,43,4,0,47,18,49,17,0,84,0,0,0,84
03/31/2022,JNU,AK,AAL,WE,Towers with Radar,19,7,6,0,32,0,85,13,0,98,19,92,19,0,130,0,0,0,130
04/01/2022,JNU,AK,AAL,WE,Towers with Radar,24,12,9,0,45,0,41,3,0,44,24,53,12,0,89,0,0,0,89
04/02/2022,JNU,AK,AAL,WE,Towers with Radar,22,12,17,0,51,0,46,5,0,51,22,58,22,0,102,0,0,0,102
04/03/2022,JNU,AK,AAL,WE,Towers with Radar,23,0,0,0,23,0,0,0,0,0,23,0,0,0,23,0,0,0,23
04/04/2022,JNU,AK,AAL,WE,Towers with Radar,21,3,5,0,29,0,149,45,0,194,21,152,50,0,223,6,0,6,229
04/05/2022,JNU,AK,AAL,WE,Towers with Radar,26,3,16,0,45,5,49,8,0,62,31,52,24,0,107,0,0,0,107
04/06/2022,JNU,AK,AAL,WE,Towers with Radar,30,6,8,0,44,2,139,15,0,156,32,145,23,0,200,0,0,0,200
04/07/2022,JNU,AK,AAL,WE,Towers with Radar,21,2,13,0,36,0,54,4,2,60,21,56,17,2,96,0,0,0,96
04/08/2022,JNU,AK,AAL,WE,Towers with Radar,31,7,11,0,49,0,77,16,0,93,31,84,27,0,142,10,0,10,152
04/09/2022,JNU,AK,AAL,WE,Towers with Radar,21,5,5,0,31,1,79,31,1,112,22,84,36,1,143,36,0,36,179
04/10/2022,JNU,AK,AAL,WE,Towers with Radar,22,2,1,0,25,1,98,25,3,127,23,100,26,3,152,26,0,26,178
04/11/2022,JNU,AK,AAL,WE,Towers with Radar,27,5,2,0,34,0,56,5,0,61,27,61,7,0,95,0,0,0,95
04/12/2022,JNU,AK,AAL,WE,Towers with Radar,22,3,1,0,26,2,75,11,0,88,24,78,12,0,114,0,0,0,114
04/13/2022,JNU,AK,AAL,WE,Towers with Radar,26,4,5,0,35,2,149,30,0,181,28,153,35,0,216,14,0,14,230
04/14/2022,JNU,AK,AAL,WE,Towers with Radar,27,5,4,0,36,2,140,31,0,173,29,145,35,0,209,25,0,25,234
04/15/2022,JNU,AK,AAL,WE,Towers with Radar,21,6,5,0,32,1,146,37,0,184,22,152,42,0,216,24,0,24,240
04/16/2022,JNU,AK,AAL,WE,Towers with Radar,18,4,0,0,22,0,96,25,0,121,18,100,25,0,143,12,0,12,155
04/17/2022,JNU,AK,AAL,WE,Towers with Radar,20,4,1,0,25,0,24,24,0,48,20,28,25,0,73,0,0,0,73
04/18/2022,JNU,AK,AAL,WE,Towers with Radar,21,5,1,0,27,4,135,26,0,165,25,140,27,0,192,6,0,6,198
04/19/2022,JNU,AK,AAL,WE,Towers with Radar,25,4,3,0,32,2,150,19,0,171,27,154,22,0,203,8,0,8,211
04/20/2022,JNU,AK,AAL,WE,Towers with Radar,22,1,3,0,26,1,140,42,0,183,23,141,45,0,209,36,0,36,245
04/21/2022,JNU,AK,AAL,WE,Towers with Radar,29,1,5,0,35,0,186,32,0,218,29,187,37,0,253,34,0,34,287
04/22/2022,JNU,AK,AAL,WE,Towers with Radar,29,4,7,0,40,1,146,17,0,164,30,150,24,0,204,0,0,0,204
04/23/2022,JNU,AK,AAL,WE,Towers with Radar,26,5,16,0,47,0,66,7,0,73,26,71,23,0,120,12,0,12,132
04/24/2022,JNU,AK,AAL,WE,Towers with Radar,27,3,7,0,37,1,69,22,0,92,28,72,29,0,129,0,0,0,129
04/25/2022,JNU,AK,AAL,WE,Towers with Radar,29,7,11,2,49,0,128,5,0,133,29,135,16,2,182,0,0,0,182
04/26/2022,JNU,AK,AAL,WE,Towers with Radar,28,5,11,3,47,1,89,6,3,99,29,94,17,6,146,0,0,0,146
04/27/2022,JNU,AK,AAL,WE,Towers with Radar,31,8,11,0,50,0,97,6,0,103,31,105,17,0,153,0,0,0,153
04/28/2022,JNU,AK,AAL,WE,Towers with Radar,23,13,7,0,43,0,179,20,0,199,23,192,27,0,242,26,12,38,280
04/29/2022,JNU,AK,AAL,WE,Towers with Radar,28,4,6,0,38,0,178,29,0,207,28,182,35,0,245,14,0,14,259
04/30/2022,JNU,AK,AAL,WE,Towers with Radar,22,14,1,0,37,0,118,31,0,149,22,132,32,0,186,6,0,6,192
05/01/2022,JNU,AK,AAL,WE,Towers with Radar,27,1,14,0,42,0,61,8,0,69,27,62,22,0,111,6,0,6,117
05/02/2022,JNU,AK,AAL,WE,Towers with Radar,29,12,10,0,51,0,212,13,0,225,29,224,23,0,276,12,0,12,288
05/03/2022,JNU,AK,AAL,WE,Towers with Radar,25,9,10,0,44,0,70,11,0,81,25,79,21,0,125,2,0,2,127
05/04/2022,JNU,AK,AAL,WE,Towers with Radar,27,7,14,0,48,0,190,8,0,198,27,197,22,0,246,0,0,0,246
05/05/2022,JNU,AK,AAL,WE,Towers with Radar,29,6,6,0,41,0,214,19,0,233,29,220,25,0,274,8,2,10,284
05/06/2022,JNU,AK,AAL,WE,Towers with Radar,23,2,10,0,35,0,87,13,0,100,23,89,23,0,135,22,0,22,157
05/07/2022,JNU,AK,AAL,WE,Towers with Radar,24,3,2,0,29,0,222,45,0,267,24,225,47,0,296,0,0,0,296
05/08/2022,JNU,AK,AAL,WE,Towers with Radar,27,0,7,0,34,1,223,39,0,263,28,223,46,0,297,8,0,8,305
05/09/2022,JNU,AK,AAL,WE,Towers with Radar,30,3,7,0,40,0,266,17,0,283,30,269,24,0,323,8,2,10,333
05/10/2022,JNU,AK,AAL,WE,Towers with Radar,21,2,7,0,30,0,113,10,0,123,21,115,17,0,153,6,0,6,159
05/11/2022,JNU,AK,AAL,WE,Towers with Radar,30,8,7,0,45,1,299,26,0,326,31,307,33,0,371,4,0,4,375
05/12/2022,JNU,AK,AAL,WE,Towers with Radar,25,4,9,0,38,2,229,40,0,271,27,233,49,0,309,8,0,8,317
05/13/2022,JNU,AK,AAL,WE,Towers with Radar,25,4,6,0,35,0,249,26,0,275,25,253,32,0,310,0,0,0,310
05/14/2022,JNU,AK,AAL,WE,Towers with Radar,28,5,3,0,36,0,237,13,0,250,28,242,16,0,286,0,0,0,286
05/15/2022,JNU,AK,AAL,WE,Towers with Radar,28,5,8,0,41,1,268,47,0,316,29,273,55,0,357,0,0,0,357
05/16/2022,JNU,AK,AAL,WE,Towers with Radar,25,4,12,0,41,0,200,20,1,221,25,204,32,1,262,0,0,0,262
05/17/2022,JNU,AK,AAL,WE,Towers with Radar,25,6,12,0,43,0,334,24,0,358,25,340,36,0,401,0,0,0,401
05/18/2022,JNU,AK,AAL,WE,Towers with Radar,29,2,5,2,38,1,380,22,1,404,30,382,27,3,442,2,0,2,444
05/19/2022,JNU,AK,AAL,WE,Towers with Radar,28,2,1,0,31,2,307,25,0,334,30,309,26,0,365,2,0,2,367
05/20/2022,JNU,AK,AAL,WE,Towers with Radar,29,3,3,0,35,1,366,41,0,408,30,369,44,0,443,8,0,8,451
05/21/2022,JNU,AK,AAL,WE,Towers with Radar,28,1,4,0,33,0,263,47,0,310,28,264,51,0,343,8,0,8,351
05/22/2022,JNU,AK,AAL,WE,Towers with Radar,28,1,7,0,36,2,217,47,0,266,30,218,54,0,302,0,0,0,302
05/23/2022,JNU,AK,AAL,WE,Towers with Radar,35,9,12,2,58,0,125,12,0,137,35,134,24,2,195,0,0,0,195
05/24/2022,JNU,AK,AAL,WE,Towers with Radar,33,4,11,0,48,1,374,28,0,403,34,378,39,0,451,0,0,0,451
05/25/2022,JNU,AK,AAL,WE,Towers with Radar,32,2,5,0,39,0,401,27,0,428,32,403,32,0,467,2,0,2,469
05/26/2022,JNU,AK,AAL,WE,Towers with Radar,30,4,6,0,40,0,284,32,1,317,30,288,38,1,357,22,0,22,379
05/27/2022,JNU,AK,AAL,WE,Towers with Radar,25,3,1,0,29,0,370,31,0,401,25,373,32,0,430,30,0,30,460
05/28/2022,JNU,AK,AAL,WE,Towers with Radar,31,4,1,0,36,0,293,45,0,338,31,297,46,0,374,12,0,12,386
05/29/2022,JNU,AK,AAL,WE,Towers with Radar,23,1,3,0,27,0,351,36,0,387,23,352,39,0,414,2,0,2,416
05/30/2022,JNU,AK,AAL,WE,Towers with Radar,25,0,0,0,25,3,330,38,0,371,28,330,38,0,396,14,0,14,410
05/31/2022,JNU,AK,AAL,WE,Towers with Radar,30,0,3,0,33,0,511,27,0,538,30,511,30,0,571,6,0,6,577
06/01/2022,JNU,AK,AAL,WE,Towers with Radar,32,5,3,0,40,6,498,32,0,536,38,503,35,0,576,16,0,16,592
06/02/2022,JNU,AK,AAL,WE,Towers with Radar,33,7,6,0,46,1,444,31,0,476,34,451,37,0,522,16,0,16,538
06/03/2022,JNU,AK,AAL,WE,Towers with Radar,28,3,2,0,33,0,476,50,0,526,28,479,52,0,559,18,0,18,577
06/04/2022,JNU,AK,AAL,WE,Towers with Radar,28,4,0,0,32,0,271,11,2,284,28,275,11,2,316,0,0,0,316
06/05/2022,JNU,AK,AAL,WE,Towers with Radar,31,12,4,0,47,0,385,38,0,423,31,397,42,0,470,32,0,32,502
06/06/2022,JNU,AK,AAL,WE,Towers with Radar,30,11,9,0,50,0,137,11,4,152,30,148,20,4,202,8,0,8,210
06/07/2022,JNU,AK,AAL,WE,Towers with Radar,40,6,6,0,52,0,553,38,0,591,40,559,44,0,643,46,0,46,689
06/08/2022,JNU,AK,AAL,WE,Towers with Radar,38,6,6,2,52,1,480,24,0,505,39,486,30,2,557,12,0,12,569
06/09/2022,JNU,AK,AAL,WE,Towers with Radar,27,4,10,0,41,1,418,34,0,453,28,422,44,0,494,22,0,22,516
06/10/2022,JNU,AK,AAL,WE,Towers with Radar,39,10,18,0,67,0,382,9,2,393,39,392,27,2,460,24,0,24,484
06/11/2022,JNU,AK,AAL,WE,Towers with Radar,31,5,7,0,43,0,148,28,0,176,31,153,35,0,219,20,0,20,239
06/12/2022,JNU,AK,AAL,WE,Towers with Radar,28,5,10,0,43,0,119,13,0,132,28,124,23,0,175,0,0,0,175
06/13/2022,JNU,AK,AAL,WE,Towers with Radar,38,25,20,0,83,0,96,2,0,98,38,121,22,0,181,0,0,0,181
06/14/2022,JNU,AK,AAL,WE,Towers with Radar,35,12,14,0,61,0,502,36,0,538,35,514,50,0,599,0,0,0,599
06/15/2022,JNU,AK,AAL,WE,Towers with Radar,35,3,2,0,40,0,541,51,0,592,35,544,53,0,632,22,0,22,654
06/16/2022,JNU,AK,AAL,WE,Towers with Radar,29,8,7,0,44,0,464,35,0,499,29,472,42,0,543,4,0,4,547
06/17/2022,JNU,AK,AAL,WE,Towers with Radar,32,8,4,0,44,1,400,38,1,440,33,408,42,1,484,6,0,6,490
06/18/2022,JNU,AK,AAL,WE,Towers with Radar,30,9,16,0,55,0,285,24,3,312,30,294,40,3,367,0,0,0,367
06/19/2022,JNU,AK,AAL,WE,Towers with Radar,38,10,16,1,65,0,252,14,0,266,38,262,30,1,331,0,0,0,331
06/20/2022,JNU,AK,AAL,WE,Towers with Radar,31,13,13,0,57,0,67,11,0,78,31,80,24,0,135,18,0,18,153
06/21/2022,JNU,AK,AAL,WE,Towers with Radar,35,11,24,0,70,0,295,28,1,324,35,306,52,1,394,24,0,24,418
06/22/2022,JNU,AK,AAL,WE,Towers with Radar,32,11,16,0,59,0,411,22,0,433,32,422,38,0,492,2,0,2,494
06/23/2022,JNU,AK,AAL,WE,Towers with Radar,35,3,4,0,42,0,540,22,2,564,35,543,26,2,606,0,0,0,606
06/24/2022,JNU,AK,AAL,WE,Towers with Radar,31,6,15,0,52,2,449,39,4,494,33,455,54,4,546,4,0,4,550
06/25/2022,JNU,AK,AAL,WE,Towers with Radar,27,9,10,0,46,1,358,29,0,388,28,367,39,0,434,0,0,0,434
06/26/2022,JNU,AK,AAL,WE,Towers with Radar,37,3,9,0,49,0,468,25,1,494,37,471,34,1,543,2,0,2,545
06/27/2022,JNU,AK,AAL,WE,Towers with Radar,33,6,4,0,43,0,368,26,0,394,33,374,30,0,437,3,10,13,450
06/28/2022,JNU,AK,AAL,WE,Towers with Radar,30,5,5,0,40,0,635,94,0,729,30,640,99,0,769,0,0,0,769
06/29/2022,JNU,AK,AAL,WE,Towers with Radar,32,4,8,0,44,0,556,28,2,586,32,560,36,2,630,0,0,0,630
06/30/2022,JNU,AK,AAL,WE,Towers with Radar,27,11,9,0,47,0,430,29,0,459,27,441,38,0,506,0,0,0,506
07/01/2022,JNU,AK,AAL,WE,Towers with Radar,32,7,5,0,44,1,421,31,2,455,33,428,36,2,499,4,0,4,503
07/02/2022,JNU,AK,AAL,WE,Towers with Radar,31,3,2,0,36,2,369,41,0,412,33,372,43,0,448,0,0,0,448
07/03/2022,JNU,AK,AAL,WE,Towers with Radar,33,5,3,0,41,3,464,46,0,513,36,469,49,0,554,0,0,0,554
07/04/2022,JNU,AK,AAL,WE,Towers with Radar,26,4,5,0,35,2,181,43,0,226,28,185,48,0,261,0,0,0,261
07/05/2022,JNU,AK,AAL,WE,Towers with Radar,39,9,9,1,58,1,700,45,0,746,40,709,54,1,804,0,4,4,808
07/06/2022,JNU,AK,AAL,WE,Towers with Radar,40,6,6,0,52,0,505,49,1,555,40,511,55,1,607,0,0,0,607
07/07/2022,JNU,AK,AAL,WE,Towers with Radar,33,25,26,0,84,0,377,22,1,400,33,402,48,1,484,12,0,12,496
07/08/2022,JNU,AK,AAL,WE,Towers with Radar,34,32,34,0,100,0,181,15,0,196,34,213,49,0,296,0,0,0,296
07/09/2022,JNU,AK,AAL,WE,Towers with Radar,35,23,14,0,72,0,310,39,0,349,35,333,53,0,421,3,0,3,424
07/10/2022,JNU,AK,AAL,WE,Towers with Radar,31,12,11,0,54,0,236,15,0,251,31,248,26,0,305,0,0,0,305
07/11/2022,JNU,AK,AAL,WE,Towers with Radar,33,4,20,0,57,0,282,12,0,294,33,286,32,0,351,0,0,0,351
07/12/2022,JNU,AK,AAL,WE,Towers with Radar,34,6,6,0,46,0,520,26,0,546,34,526,32,0,592,2,0,2,594
07/13/2022,JNU,AK,AAL,WE,Towers with Radar,35,11,16,0,62,1,302,15,0,318,36,313,31,0,380,10,2,12,392
07/14/2022,JNU,AK,AAL,WE,Towers with Radar,38,7,1,0,46,0,497,28,1,526,38,504,29,1,572,4,0,4,576
07/15/2022,JNU,AK,AAL,WE,Towers with Radar,29,8,5,0,42,0,490,37,0,527,29,498,42,0,569,0,0,0,569
07/16/2022,JNU,AK,AAL,WE,Towers with Radar,30,7,12,0,49,0,289,22,0,311,30,296,34,0,360,0,0,0,360
07/17/2022,JNU,AK,AAL,WE,Towers with Radar,37,7,13,0,57,0,57,1,0,58,37,64,14,0,115,0,0,0,115
07/18/2022,JNU,AK,AAL,WE,Towers with Radar,29,8,18,0,55,0,234,11,0,245,29,242,29,0,300,0,0,0,300
07/19/2022,JNU,AK,AAL,WE,Towers with Radar,28,6,19,0,53,0,439,10,3,452,28,445,29,3,505,0,0,0,505
07/20/2022,JNU,AK,AAL,WE,Towers with Radar,34,4,19,1,58,2,264,13,0,279,36,268,32,1,337,0,0,0,337
07/21/2022,JNU,AK,AAL,WE,Towers with Radar,34,7,24,1,66,0,152,13,1,166,34,159,37,2,232,0,0,0,232
07/22/2022,JNU,AK,AAL,WE,Towers with Radar,33,2,15,0,50,0,209,18,7,234,33,211,33,7,284,12,0,12,296
07/23/2022,JNU,AK,AAL,WE,Towers with Radar,30,19,15,0,64,0,152,20,2,174,30,171,35,2,238,0,0,0,238
07/24/2022,JNU,AK,AAL,WE,Towers with Radar,31,18,11,2,62,1,15,0,1,17,32,33,11,3,79,0,0,0,79
07/25/2022,JNU,AK,AAL,WE,Towers with Radar,33,21,6,2,62,0,8,0,0,8,33,29,6,2,70,0,0,0,70
07/26/2022,JNU,AK,AAL,WE,Towers with Radar,33,10,15,0,58,0,148,7,0,155,33,158,22,0,213,0,0,0,213
07/27/2022,JNU,AK,AAL,WE,Towers with Radar,34,2,10,0,46,0,511,41,0,552,34,513,51,0,598,10,0,10,608
07/28/2022,JNU,AK,AAL,WE,Towers with Radar,28,3,19,0,50,0,2,1,0,3,28,5,20,0,53,0,0,0,53
07/29/2022,JNU,AK,AAL,WE,Towers with Radar,33,23,9,0,65,0,140,15,0,155,33,163,24,0,220,4,0,4,224
07/30/2022,JNU,AK,AAL,WE,Towers with Radar,24,3,5,0,32,0,12,5,0,17,24,15,10,0,49,0,6,6,55
07/31/2022,JNU,AK,AAL,WE,Towers with Radar,32,7,12,2,53,0,35,4,0,39,32,42,16,2,92,6,0,6,98
08/01/2022,JNU,AK,AAL,WE,Towers with Radar,31,15,8,0,54,14,323,20,2,359,45,338,28,2,413,0,0,0,413
08/02/2022,JNU,AK,AAL,WE,Towers with Radar,39,3,13,1,56,1,223,14,1,239,40,226,27,2,295,12,0,12,307
08/03/2022,JNU,AK,AAL,WE,Towers with Radar,35,8,15,1,59,0,264,37,1,302,35,272,52,2,361,20,0,20,381
08/04/2022,JNU,AK,AAL,WE,Towers with Radar,37,7,9,1,54,0,463,41,1,505,37,470,50,2,559,0,0,0,559
08/05/2022,JNU,AK,AAL,WE,Towers with Radar,31,9,21,2,63,0,83,6,5,94,31,92,27,7,157,4,2,6,163
08/06/2022,JNU,AK,AAL,WE,Towers with Radar,30,8,7,0,45,0,94,5,2,101,30,102,12,2,146,0,0,0,146
08/07/2022,JNU,AK,AAL,WE,Towers with Radar,34,6,14,0,54,1,353,13,0,367,35,359,27,0,421,0,0,0,421
08/08/2022,JNU,AK,AAL,WE,Towers with Radar,35,3,18,0,56,1,435,28,0,464,36,438,46,0,520,8,0,8,528
08/09/2022,JNU,AK,AAL,WE,Towers with Radar,25,4,8,2,39,0,530,27,9,566,25,534,35,11,605,4,0,4,609
08/10/2022,JNU,AK,AAL,WE,Towers with Radar,30,4,15,3,52,0,465,16,1,482,30,469,31,4,534,0,0,0,534
08/11/2022,JNU,AK,AAL,WE,Towers with Radar,24,12,8,0,44,1,386,17,0,404,25,398,25,0,448,0,0,0,448
08/12/2022,JNU,AK,AAL,WE,Towers with Radar,35,10,14,0,59,0,445,38,0,483,35,455,52,0,542,0,0,0,542
08/13/2022,JNU,AK,AAL,WE,Towers with Radar,37,8,10,0,55,1,333,26,0,360,38,341,36,0,415,0,0,0,415
08/14/2022,JNU,AK,AAL,WE,Towers with Radar,38,1,24,0,63,0,361,3,0,364,38,362,27,0,427,0,0,0,427
08/15/2022,JNU,AK,AAL,WE,Towers with Radar,29,8,2,0,39,0,381,21,0,402,29,389,23,0,441,16,0,16,457
08/16/2022,JNU,AK,AAL,WE,Towers with Radar,35,10,11,0,56,0,420,13,0,433,35,430,24,0,489,0,0,0,489
08/17/2022,JNU,AK,AAL,WE,Towers with Radar,30,15,10,0,55,1,76,10,0,87,31,91,20,0,142,0,0,0,142
08/18/2022,JNU,AK,AAL,WE,Towers with Radar,35,6,8,0,49,0,419,50,0,469,35,425,58,0,518,9,0,9,527
08/19/2022,JNU,AK,AAL,WE,Towers with Radar,36,3,4,0,43,0,430,48,0,478,36,433,52,0,521,8,0,8,529
08/20/2022,JNU,AK,AAL,WE,Towers with Radar,39,2,12,0,53,1,437,46,0,484,40,439,58,0,537,4,0,4,541
08/21/2022,JNU,AK,AAL,WE,Towers with Radar,39,5,10,0,54,1,490,56,0,547,40,495,66,0,601,0,0,0,601
08/22/2022,JNU,AK,AAL,WE,Towers with Radar,30,8,6,0,44,0,410,38,0,448,30,418,44,0,492,0,0,0,492
08/23/2022,JNU,AK,AAL,WE,Towers with Radar,32,7,13,2,54,0,471,21,2,494,32,478,34,4,548,0,0,0,548
08/24/2022,JNU,AK,AAL,WE,Towers with Radar,30,6,7,0,43,0,465,19,0,484,30,471,26,0,527,20,0,20,547
08/25/2022,JNU,AK,AAL,WE,Towers with Radar,34,10,9,2,55,0,198,14,2,214,34,208,23,4,269,18,0,18,287
08/26/2022,JNU,AK,AAL,WE,Towers with Radar,29,10,15,0,54,0,373,13,2,388,29,383,28,2,442,24,0,24,466
08/27/2022,JNU,AK,AAL,WE,Towers with Radar,33,12,25,0,70,0,55,0,0,55,33,67,25,0,125,0,0,0,125
08/28/2022,JNU,AK,AAL,WE,Towers with Radar,35,4,18,0,57,0,154,6,0,160,35,158,24,0,217,0,0,0,217
08/29/2022,JNU,AK,AAL,WE,Towers with Radar,29,10,18,0,57,0,113,4,1,118,29,123,22,1,175,10,0,10,185
08/30/2022,JNU,AK,AAL,WE,Towers with Radar,36,12,15,0,63,0,276,13,0,289,36,288,28,0,352,1,0,1,353
08/31/2022,JNU,AK,AAL,WE,Towers with Radar,30,12,11,0,53,1,382,33,0,416,31,394,44,0,469,34,0,34,503
09/01/2022,JNU,AK,AAL,WE,Towers with Radar,31,10,16,0,57,1,350,7,0,358,32,360,23,0,415,4,0,4,419
09/02/2022,JNU,AK,AAL,WE,Towers with Radar,40,8,13,0,61,0,277,15,0,292,40,285,28,0,353,0,0,0,353
09/03/2022,JNU,AK,AAL,WE,Towers with Radar,34,4,12,0,50,0,226,26,0,252,34,230,38,0,302,0,0,0,302
09/04/2022,JNU,AK,AAL,WE,Towers with Radar,31,5,10,0,46,0,295,12,0,307,31,300,22,0,353,0,0,0,353
09/05/2022,JNU,AK,AAL,WE,Towers with Radar,33,10,11,0,54,0,235,23,1,259,33,245,34,1,313,0,0,0,313
09/06/2022,JNU,AK,AAL,WE,Towers with Radar,33,11,4,0,48,0,453,14,0,467,33,464,18,0,515,0,0,0,515
09/07/2022,JNU,AK,AAL,WE,Towers with Radar,33,6,11,0,50,1,441,41,0,483,34,447,52,0,533,8,0,8,541
09/08/2022,JNU,AK,AAL,WE,Towers with Radar,38,9,9,0,56,0,243,6,0,249,38,252,15,0,305,0,0,0,305
09/09/2022,JNU,AK,AAL,WE,Towers with Radar,32,9,15,0,56,1,276,2,0,279,33,285,17,0,335,0,0,0,335
09/10/2022,JNU,AK,AAL,WE,Towers with Radar,32,6,6,0,44,0,242,18,0,260,32,248,24,0,304,0,0,0,304
09/11/2022,JNU,AK,AAL,WE,Towers with Radar,31,1,2,0,34,0,327,46,0,373,31,328,48,0,407,6,0,6,413
09/12/2022,JNU,AK,AAL,WE,Towers with Radar,28,30,8,0,66,0,295,31,0,326,28,325,39,0,392,10,0,10,402
09/13/2022,JNU,AK,AAL,WE,Towers with Radar,36,11,10,0,57,0,336,15,4,355,36,347,25,4,412,6,0,6,418
09/14/2022,JNU,AK,AAL,WE,Towers with Radar,34,11,14,1,60,0,262,11,0,273,34,273,25,1,333,0,0,0,333
09/15/2022,JNU,AK,AAL,WE,Towers with Radar,35,14,8,0,57,1,289,19,0,309,36,303,27,0,366,0,0,0,366
09/16/2022,JNU,AK,AAL,WE,Towers with Radar,38,6,8,0,52,0,333,37,0,370,38,339,45,0,422,0,0,0,422
09/17/2022,JNU,AK,AAL,WE,Towers with Radar,27,5,4,0,36,0,250,48,0,298,27,255,52,0,334,18,0,18,352
09/18/2022,JNU,AK,AAL,WE,Towers with Radar,32,12,3,0,47,0,93,19,1,113,32,105,22,1,160,2,0,2,162
09/19/2022,JNU,AK,AAL,WE,Towers with Radar,36,5,3,0,44,0,307,26,0,333,36,312,29,0,377,0,0,0,377
09/20/2022,JNU,AK,AAL,WE,Towers with Radar,38,6,8,0,52,0,351,24,0,375,38,357,32,0,427,14,0,14,441
09/21/2022,JNU,AK,AAL,WE,Towers with Radar,29,6,11,0,46,0,227,11,0,238,29,233,22,0,284,14,0,14,298
09/22/2022,JNU,AK,AAL,WE,Towers with Radar,36,2,5,1,44,1,173,5,1,180,37,175,10,2,224,0,0,0,224
09/23/2022,JNU,AK,AAL,WE,Towers with Radar,31,4,5,0,40,0,39,0,0,39,31,43,5,0,79,0,0,0,79
09/24/2022,JNU,AK,AAL,WE,Towers with Radar,32,5,5,1,43,0,171,16,1,188,32,176,21,2,231,0,0,0,231
09/25/2022,JNU,AK,AAL,WE,Towers with Radar,29,2,4,0,35,0,123,10,0,133,29,125,14,0,168,0,0,0,168
09/26/2022,JNU,AK,AAL,WE,Towers with Radar,34,9,10,0,53,0,9,0,0,9,34,18,10,0,62,0,0,0,62
09/27/2022,JNU,AK,AAL,WE,Towers with Radar,36,8,10,0,54,0,247,28,2,277,36,255,38,2,331,20,0,20,351
09/28/2022,JNU,AK,AAL,WE,Towers with Radar,32,5,8,0,45,0,102,20,0,122,32,107,28,0,167,16,0,16,183
09/29/2022,JNU,AK,AAL,WE,Towers with Radar,42,9,16,0,67,0,83,7,0,90,42,92,23,0,157,0,0,0,157
09/30/2022,JNU,AK,AAL,WE,Towers with Radar,32,17,13,0,62,0,28,0,0,28,32,45,13,0,90,0,0,0,90
10/01/2022,JNU,AK,AAL,WE,Towers with Radar,23,4,6,0,33,0,107,18,2,127,23,111,24,2,160,0,0,0,160
10/02/2022,JNU,AK,AAL,WE,Towers with Radar,26,0,2,0,28,0,90,20,1,111,26,90,22,1,139,0,0,0,139
10/03/2022,JNU,AK,AAL,WE,Towers with Radar,28,3,5,0,36,0,199,30,0,229,28,202,35,0,265,6,0,6,271
10/04/2022,JNU,AK,AAL,WE,Towers with Radar,16,1,3,0,20,1,151,24,0,176,17,152,27,0,196,2,0,2,198
10/05/2022,JNU,AK,AAL,WE,Towers with Radar,24,3,6,0,33,0,143,7,0,150,24,146,13,0,183,6,0,6,189
10/06/2022,JNU,AK,AAL,WE,Towers with Radar,20,11,7,0,38,0,103,21,0,124,20,114,28,0,162,8,0,8,170
10/07/2022,JNU,AK,AAL,WE,Towers with Radar,16,0,1,0,17,0,59,25,0,84,16,59,26,0,101,0,0,0,101
10/08/2022,JNU,AK,AAL,WE,Towers with Radar,19,5,11,0,35,0,20,4,0,24,19,25,15,0,59,4,0,4,63
10/09/2022,JNU,AK,AAL,WE,Towers with Radar,24,0,11,0,35,0,48,3,0,51,24,48,14,0,86,0,0,0,86
10/10/2022,JNU,AK,AAL,WE,Towers with Radar,19,4,2,0,25,0,153,20,0,173,19,157,22,0,198,0,0,0,198
10/11/2022,JNU,AK,AAL,WE,Towers with Radar,19,2,10,0,31,0,128,11,0,139,19,130,21,0,170,6,0,6,176
10/12/2022,JNU,AK,AAL,WE,Towers with Radar,15,4,11,0,30,0,31,1,0,32,15,35,12,0,62,0,0,0,62
10/13/2022,JNU,AK,AAL,WE,Towers with Radar,15,5,0,0,20,0,3,0,0,3,15,8,0,0,23,0,0,0,23
10/14/2022,JNU,AK,AAL,WE,Towers with Radar,21,11,5,0,37,0,142,41,2,185,21,153,46,2,222,4,0,4,226
10/15/2022,JNU,AK,AAL,WE,Towers with Radar,13,22,5,0,40,0,0,0,0,0,13,22,5,0,40,0,0,0,40
10/16/2022,JNU,AK,AAL,WE,Towers with Radar,20,1,6,0,27,1,75,19,0,95,21,76,25,0,122,20,0,20,142
10/17/2022,JNU,AK,AAL,WE,Towers with Radar,18,4,5,0,27,0,134,8,0,142,18,138,13,0,169,4,0,4,173
10/18/2022,JNU,AK,AAL,WE,Towers with Radar,18,6,10,0,34,0,9,2,3,14,18,15,12,3,48,0,0,0,48
10/19/2022,JNU,AK,AAL,WE,Towers with Radar,17,5,3,0,25,0,24,2,4,30,17,29,5,4,55,0,0,0,55
10/20/2022,JNU,AK,AAL,WE,Towers with Radar,17,12,7,0,36,0,79,4,0,83,17,91,11,0,119,2,0,2,121
10/21/2022,JNU,AK,AAL,WE,Towers with Radar,18,7,4,0,29,0,63,28,0,91,18,70,32,0,120,4,0,4,124
10/22/2022,JNU,AK,AAL,WE,Towers with Radar,16,10,2,0,28,0,95,26,0,121,16,105,28,0,149,10,0,10,159
10/23/2022,JNU,AK,AAL,WE,Towers with Radar,21,2,3,0,26,0,51,1,0,52,21,53,4,0,78,0,0,0,78
10/24/2022,JNU,AK,AAL,WE,Towers with Radar,23,2,1,0,26,0,119,32,0,151,23,121,33,0,177,8,0,8,185
10/25/2022,JNU,AK,AAL,WE,Towers with Radar,16,2,2,2,22,1,99,14,0,114,17,101,16,2,136,24,0,24,160
10/26/2022,JNU,AK,AAL,WE,Towers with Radar,15,5,9,0,29,0,38,1,2,41,15,43,10,2,70,0,0,0,70
10/27/2022,JNU,AK,AAL,WE,Towers with Radar,19,5,8,0,32,0,47,7,0,54,19,52,15,0,86,0,0,0,86
10/28/2022,JNU,AK,AAL,WE,Towers with Radar,18,8,9,0,35,0,43,2,0,45,18,51,11,0,80,0,0,0,80
10/29/2022,JNU,AK,AAL,WE,Towers with Radar,16,3,5,0,24,0,41,1,0,42,16,44,6,0,66,0,0,0,66
10/30/2022,JNU,AK,AAL,WE,Towers with Radar,24,4,5,0,33,0,20,1,0,21,24,24,6,0,54,0,0,0,54
10/31/2022,JNU,AK,AAL,WE,Towers with Radar,19,5,4,0,28,0,92,8,0,100,19,97,12,0,128,0,0,0,128
11/01/2022,JNU,AK,AAL,WE,Towers with Radar,17,3,0,0,20,1,122,25,0,148,18,125,25,0,168,10,2,12,180
11/02/2022,JNU,AK,AAL,WE,Towers with Radar,21,2,1,0,24,0,68,8,0,76,21,70,9,0,100,0,0,0,100
11/03/2022,JNU,AK,AAL,WE,Towers with Radar,21,6,4,0,31,0,53,0,0,53,21,59,4,0,84,0,0,0,84
11/04/2022,JNU,AK,AAL,WE,Towers with Radar,19,21,8,2,50,0,30,4,0,34,19,51,12,2,84,0,0,0,84
11/05/2022,JNU,AK,AAL,WE,Towers with Radar,16,3,3,2,24,0,48,13,0,61,16,51,16,2,85,0,0,0,85
11/06/2022,JNU,AK,AAL,WE,Towers with Radar,23,3,2,0,28,0,49,0,0,49,23,52,2,0,77,0,0,0,77
11/07/2022,JNU,AK,AAL,WE,Towers with Radar,17,3,4,0,24,1,65,11,0,77,18,68,15,0,101,10,4,14,115
11/08/2022,JNU,AK,AAL,WE,Towers with Radar,15,3,1,0,19,0,96,18,0,114,15,99,19,0,133,6,0,6,139
11/09/2022,JNU,AK,AAL,WE,Towers with Radar,17,2,3,0,22,0,96,12,0,108,17,98,15,0,130,50,0,50,180
11/10/2022,JNU,AK,AAL,WE,Towers with Radar,19,0,0,0,19,0,0,0,0,0,19,0,0,0,19,0,0,0,19
11/11/2022,JNU,AK,AAL,WE,Towers with Radar,19,5,10,0,34,0,42,4,0,46,19,47,14,0,80,0,0,0,80
11/12/2022,JNU,AK,AAL,WE,Towers with Radar,18,3,15,0,36,0,42,0,1,43,18,45,15,1,79,0,0,0,79
11/13/2022,JNU,AK,AAL,WE,Towers with Radar,21,4,9,0,34,0,40,1,0,41,21,44,10,0,75,0,0,0,75
11/14/2022,JNU,AK,AAL,WE,Towers with Radar,19,3,12,0,34,0,83,7,0,90,19,86,19,0,124,0,0,0,124
11/15/2022,JNU,AK,AAL,WE,Towers with Radar,21,5,8,0,34,0,27,3,2,32,21,32,11,2,66,0,0,0,66
11/16/2022,JNU,AK,AAL,WE,Towers with Radar,15,6,5,1,27,0,99,17,0,116,15,105,22,1,143,10,0,10,153
11/17/2022,JNU,AK,AAL,WE,Towers with Radar,28,4,0,0,32,0,110,25,0,135,28,114,25,0,167,22,0,22,189
11/18/2022,JNU,AK,AAL,WE,Towers with Radar,19,3,0,0,22,0,89,14,0,103,19,92,14,0,125,42,0,42,167
11/19/2022,JNU,AK,AAL,WE,Towers with Radar,13,9,10,1,33,0,25,5,1,31,13,34,15,2,64,0,0,0,64
11/20/2022,JNU,AK,AAL,WE,Towers with Radar,22,1,7,0,30,0,36,6,0,42,22,37,13,0,72,8,0,8,80
11/21/2022,JNU,AK,AAL,WE,Towers with Radar,15,6,3,0,24,0,14,1,0,15,15,20,4,0,39,0,0,0,39
11/22/2022,JNU,AK,AAL,WE,Towers with Radar,17,8,5,0,30,0,70,2,0,72,17,78,7,0,102,34,0,34,136
11/23/2022,JNU,AK,AAL,WE,Towers with Radar,19,3,7,0,29,0,32,3,1,36,19,35,10,1,65,0,0,0,65
11/24/2022,JNU,AK,AAL,WE,Towers with Radar,7,2,2,0,11,0,0,0,0,0,7,2,2,0,11,0,0,0,11
11/25/2022,JNU,AK,AAL,WE,Towers with Radar,17,6,11,0,34,0,27,3,0,30,17,33,14,0,64,0,0,0,64
11/26/2022,JNU,AK,AAL,WE,Towers with Radar,22,9,6,0,37,0,54,11,0,65,22,63,17,0,102,0,0,0,102
11/27/2022,JNU,AK,AAL,WE,Towers with Radar,22,0,1,0,23,0,56,23,0,79,22,56,24,0,102,42,0,42,144
11/28/2022,JNU,AK,AAL,WE,Towers with Radar,23,3,5,0,31,0,89,15,0,104,23,92,20,0,135,16,0,16,151
11/29/2022,JNU,AK,AAL,WE,Towers with Radar,13,1,1,0,15,0,36,2,0,38,13,37,3,0,53,4,0,4,57
11/30/2022,JNU,AK,AAL,WE,Towers with Radar,13,2,3,0,18,0,46,8,0,54,13,48,11,0,72,10,0,10,82
12/01/2022,JNU,AK,AAL,WE,Towers with Radar,18,5,8,0,31,0,35,5,0,40,18,40,13,0,71,0,0,0,71
12/02/2022,JNU,AK,AAL,WE,Towers with Radar,18,8,4,0,30,0,76,4,0,80,18,84,8,0,110,0,0,0,110
12/03/2022,JNU,AK,AAL,WE,Towers with Radar,16,2,4,0,22,0,66,21,0,87,16,68,25,0,109,14,0,14,123
12/04/2022,JNU,AK,AAL,WE,Towers with Radar,19,0,6,0,25,0,55,23,0,78,19,55,29,0,103,12,0,12,115
12/05/2022,JNU,AK,AAL,WE,Towers with Radar,16,1,0,0,17,0,79,23,4,106,16,80,23,4,123,10,0,10,133
12/06/2022,JNU,AK,AAL,WE,Towers with Radar,17,17,3,0,37,0,11,0,0,11,17,28,3,0,48,0,0,0,48
12/07/2022,JNU,AK,AAL,WE,Towers with Radar,16,6,2,0,24,0,40,0,0,40,16,46,2,0,64,0,0,0,64
12/08/2022,JNU,AK,AAL,WE,Towers with Radar,17,7,6,0,30,0,47,2,0,49,17,54,8,0,79,0,0,0,79
12/09/2022,JNU,AK,AAL,WE,Towers with Radar,19,19,3,0,41,0,19,2,0,21,19,38,5,0,62,0,0,0,62
12/10/2022,JNU,AK,AAL,WE,Towers with Radar,18,2,0,0,20,0,63,13,2,78,18,65,13,2,98,18,0,18,116
12/11/2022,JNU,AK,AAL,WE,Towers with Radar,18,1,2,0,21,1,64,13,0,78,19,65,15,0,99,8,0,8,107
12/12/2022,JNU,AK,AAL,WE,Towers with Radar,13,0,0,0,13,0,0,0,0,0,13,0,0,0,13,0,0,0,13
12/13/2022,JNU,AK,AAL,WE,Towers with Radar,20,4,6,0,30,0,67,0,1,68,20,71,6,1,98,2,0,2,100
12/14/2022,JNU,AK,AAL,WE,Towers with Radar,13,12,5,0,30,0,35,16,0,51,13,47,21,0,81,29,0,29,110
12/15/2022,JNU,AK,AAL,WE,Towers with Radar,16,10,5,0,31,0,38,0,0,38,16,48,5,0,69,12,0,12,81
12/16/2022,JNU,AK,AAL,WE,Towers with Radar,15,6,2,0,23,0,229,2,0,231,15,235,4,0,254,8,0,8,262
12/17/2022,JNU,AK,AAL,WE,Towers with Radar,14,4,1,2,21,0,49,0,3,52,14,53,1,5,73,0,0,0,73
12/18/2022,JNU,AK,AAL,WE,Towers with Radar,17,2,0,2,21,0,27,0,0,27,17,29,0,2,48,0,0,0,48
12/19/2022,JNU,AK,AAL,WE,Towers with Radar,17,1,1,0,19,0,56,4,0,60,17,57,5,0,79,0,0,0,79
12/20/2022,JNU,AK,AAL,WE,Towers with Radar,16,2,0,0,18,0,70,10,0,80,16,72,10,0,98,19,0,19,117
12/21/2022,JNU,AK,AAL,WE,Towers with Radar,12,3,0,0,15,0,53,16,0,69,12,56,16,0,84,14,0,14,98
12/22/2022,JNU,AK,AAL,WE,Towers with Radar,16,2,1,0,19,0,61,7,0,68,16,63,8,0,87,28,0,28,115
12/23/2022,JNU,AK,AAL,WE,Towers with Radar,8,1,5,0,14,0,3,0,0,3,8,4,5,0,17,2,0,2,19
12/24/2022,JNU,AK,AAL,WE,Towers with Radar,10,6,6,0,22,0,4,0,0,4,10,10,6,0,26,0,0,0,26
12/25/2022,JNU,AK,AAL,WE,Towers with Radar,8,1,3,0,12,0,0,0,0,0,8,1,3,0,12,0,0,0,12
12/26/2022,JNU,AK,AAL,WE,Towers with Radar,15,36,0,0,51,0,2,0,0,2,15,38,0,0,53,0,0,0,53
12/27/2022,JNU,AK,AAL,WE,Towers with Radar,10,1,0,2,13,0,12,0,0,12,10,13,0,2,25,0,0,0,25
12/28/2022,JNU,AK,AAL,WE,Towers with Radar,20,3,2,0,25,0,65,4,0,69,20,68,6,0,94,12,0,12,106
12/29/2022,JNU,AK,AAL,WE,Towers with Radar,19,3,3,0,25,0,82,13,1,96,19,85,16,1,121,24,0,24,145
12/30/2022,JNU,AK,AAL,WE,Towers with Radar,21,3,1,2,27,0,0,0,0,0,21,3,1,2,27,0,0,0,27
12/31/2022,JNU,AK,AAL,WE,Towers with Radar,17,8,9,1,35,0,4,1,1,6,17,12,10,2,41,0,0,0,41
01/01/2023,JNU,AK,AAL,WE,Towers with Radar,12,0,3,0,15,0,0,0,1,1,12,0,3,1,16,0,0,0,16
01/02/2023,JNU,AK,AAL,WE,Towers with Radar,16,6,11,0,33,0,62,5,3,70,16,68,16,3,103,0,0,0,103
01/03/2023,JNU,AK,AAL,WE,Towers with Radar,19,7,6,0,32,0,55,5,0,60,19,62,11,0,92,4,0,4,96
01/04/2023,JNU,AK,AAL,WE,Towers with Radar,17,3,4,0,24,0,58,5,0,63,17,61,9,0,87,18,0,18,105
01/05/2023,JNU,AK,AAL,WE,Towers with Radar,17,0,3,0,20,0,99,5,0,104,17,99,8,0,124,8,0,8,132
01/06/2023,JNU,AK,AAL,WE,Towers with Radar,18,5,6,0,29,0,0,0,0,0,18,5,6,0,29,0,0,0,29
01/07/2023,JNU,AK,AAL,WE,Towers with Radar,15,1,3,0,19,0,26,3,0,29,15,27,6,0,48,0,0,0,48
01/08/2023,JNU,AK,AAL,WE,Towers with Radar,19,1,2,0,22,0,61,21,0,82,19,62,23,0,104,0,0,0,104
01/09/2023,JNU,AK,AAL,WE,Towers with Radar,12,4,5,0,21,0,44,11,0,55,12,48,16,0,76,0,0,0,76
01/10/2023,JNU,AK,AAL,WE,Towers with Radar,19,8,4,1,32,0,109,12,0,121,19,117,16,1,153,0,0,0,153
01/11/2023,JNU,AK,AAL,WE,Towers with Radar,20,7,8,0,35,0,76,4,0,80,20,83,12,0,115,2,0,2,117
01/12/2023,JNU,AK,AAL,WE,Towers with Radar,25,6,1,0,32,0,60,8,0,68,25,66,9,0,100,4,0,4,104
01/13/2023,JNU,AK,AAL,WE,Towers with Radar,15,6,7,1,29,0,60,6,0,66,15,66,13,1,95,0,0,0,95
01/14/2023,JNU,AK,AAL,WE,Towers with Radar,14,5,7,0,26,0,45,7,2,54,14,50,14,2,80,0,0,0,80
01/15/2023,JNU,AK,AAL,WE,Towers with Radar,21,1,6,2,30,0,0,0,0,0,21,1,6,2,30,0,0,0,30
01/16/2023,JNU,AK,AAL,WE,Towers with Radar,19,7,5,0,31,0,32,5,0,37,19,39,10,0,68,10,0,10,78
01/17/2023,JNU,AK,AAL,WE,Towers with Radar,21,12,10,0,43,0,48,5,3,56,21,60,15,3,99,0,0,0,99
01/18/2023,JNU,AK,AAL,WE,Towers with Radar,18,6,2,0,26,0,63,14,0,77,18,69,16,0,103,0,0,0,103
01/19/2023,JNU,AK,AAL,WE,Towers with Radar,24,8,7,0,39,0,33,2,0,35,24,41,9,0,74,0,0,0,74
01/20/2023,JNU,AK,AAL,WE,Towers with Radar,16,3,5,0,24,0,40,0,0,40,16,43,5,0,64,2,0,2,66
01/21/2023,JNU,AK,AAL,WE,Towers with Radar,19,3,5,0,27,0,36,4,0,40,19,39,9,0,67,0,0,0,67
01/22/2023,JNU,AK,AAL,WE,Towers with Radar,21,2,13,0,36,0,27,1,0,28,21,29,14,0,64,2,0,2,66
01/23/2023,JNU,AK,AAL,WE,Towers with Radar,13,4,6,0,23,0,59,6,0,65,13,63,12,0,88,0,0,0,88
01/24/2023,JNU,AK,AAL,WE,Towers with Radar,15,5,12,0,32,0,43,2,2,47,15,48,14,2,79,0,0,0,79
01/25/2023,JNU,AK,AAL,WE,Towers with Radar,14,7,4,0,25,0,68,7,0,75,14,75,11,0,100,4,0,4,104
01/26/2023,JNU,AK,AAL,WE,Towers with Radar,25,6,3,1,35,0,43,1,0,44,25,49,4,1,79,12,0,12,91
01/27/2023,JNU,AK,AAL,WE,Towers with Radar,16,6,6,1,29,0,31,4,2,37,16,37,10,3,66,6,0,6,72
01/28/2023,JNU,AK,AAL,WE,Towers with Radar,17,3,3,0,23,0,89,23,0,112,17,92,26,0,135,46,0,46,181
01/29/2023,JNU,AK,AAL,WE,Towers with Radar,19,3,1,0,23,0,75,20,0,95,19,78,21,0,118,4,0,4,122
01/30/2023,JNU,AK,AAL,WE,Towers with Radar,20,4,5,0,29,0,0,1,0,1,20,4,6,0,30,0,0,0,30
01/31/2023,JNU,AK,AAL,WE,Towers with Radar,22,12,10,0,44,0,38,0,0,38,22,50,10,0,82,6,0,6,88
02/01/2023,JNU,AK,AAL,WE,Towers with Radar,20,9,13,0,42,0,35,4,0,39,20,44,17,0,81,0,0,0,81
02/02/2023,JNU,AK,AAL,WE,Towers with Radar,20,3,4,0,27,0,2,1,2,5,20,5,5,2,32,0,0,0,32
02/03/2023,JNU,AK,AAL,WE,Towers with Radar,19,16,9,0,44,0,18,0,0,18,19,34,9,0,62,0,0,0,62
02/04/2023,JNU,AK,AAL,WE,Towers with Radar,19,49,10,0,78,0,16,0,0,16,19,65,10,0,94,0,0,0,94
02/05/2023,JNU,AK,AAL,WE,Towers with Radar,15,3,13,0,31,0,27,1,0,28,15,30,14,0,59,0,0,0,59
02/06/2023,JNU,AK,AAL,WE,Towers with Radar,14,9,7,0,30,0,52,3,0,55,14,61,10,0,85,8,0,8,93
02/07/2023,JNU,AK,AAL,WE,Towers with Radar,18,8,3,1,30,0,104,3,2,109,18,112,6,3,139,4,0,4,143
02/08/2023,JNU,AK,AAL,WE,Towers with Radar,19,3,4,0,26,0,121,4,0,125,19,124,8,0,151,4,0,4,155
02/09/2023,JNU,AK,AAL,WE,Towers with Radar,18,6,9,0,33,0,19,0,0,19,18,25,9,0,52,4,0,4,56
02/10/2023,JNU,AK,AAL,WE,Towers with Radar,19,5,5,2,31,0,74,3,0,77,19,79,8,2,108,8,0,8,116
02/11/2023,JNU,AK,AAL,WE,Towers with Radar,20,10,14,0,44,0,41,0,2,43,20,51,14,2,87,2,0,2,89
02/12/2023,JNU,AK,AAL,WE,Towers with Radar,16,2,4,0,22,0,28,0,0,28,16,30,4,0,50,0,0,0,50
02/13/2023,JNU,AK,AAL,WE,Towers with Radar,19,7,6,0,32,0,60,3,0,63,19,67,9,0,95,0,0,0,95
02/14/2023,JNU,AK,AAL,WE,Towers with Radar,17,6,6,0,29,0,82,10,3,95,17,88,16,3,124,0,0,0,124
02/15/2023,JNU,AK,AAL,WE,Towers with Radar,16,5,7,0,28,0,22,0,0,22,16,27,7,0,50,0,0,0,50
02/16/2023,JNU,AK,AAL,WE,Towers with Radar,19,5,9,0,33,0,63,5,0,68,19,68,14,0,101,0,0,0,101
02/17/2023,JNU,AK,AAL,WE,Towers with Radar,16,2,5,0,23,0,0,0,0,0,16,2,5,0,23,0,0,0,23
02/18/2023,JNU,AK,AAL,WE,Towers with Radar,16,5,13,0,34,0,4,0,0,4,16,9,13,0,38,0,0,0,38
02/19/2023,JNU,AK,AAL,WE,Towers with Radar,19,0,13,0,32,0,55,8,0,63,19,55,21,0,95,16,0,16,111
02/20/2023,JNU,AK,AAL,WE,Towers with Radar,19,2,12,0,33,0,87,13,0,100,19,89,25,0,133,32,0,32,165
02/21/2023,JNU,AK,AAL,WE,Towers with Radar,17,4,5,0,26,0,125,22,0,147,17,129,27,0,173,26,0,26,199
02/22/2023,JNU,AK,AAL,WE,Towers with Radar,18,3,1,0,22,0,84,7,0,91,18,87,8,0,113,0,2,2,115
02/23/2023,JNU,AK,AAL,WE,Towers with Radar,15,2,3,2,22,0,66,8,1,75,15,68,11,3,97,0,0,0,97
02/24/2023,JNU,AK,AAL,WE,Towers with Radar,18,3,3,1,25,0,13,0,0,13,18,16,3,1,38,0,0,0,38
02/25/2023,JNU,AK,AAL,WE,Towers with Radar,11,8,2,0,21,0,46,6,0,52,11,54,8,0,73,0,0,0,73
02/26/2023,JNU,AK,AAL,WE,Towers with Radar,19,0,1,0,20,0,50,10,0,60,19,50,11,0,80,0,0,0,80
02/27/2023,JNU,AK,AAL,WE,Towers with Radar,16,3,6,0,25,0,80,5,0,85,16,83,11,0,110,8,0,8,118
02/28/2023,JNU,AK,AAL,WE,Towers with Radar,17,6,5,0,28,0,69,8,0,77,17,75,13,0,105,2,0,2,107
03/01/2023,JNU,AK,AAL,WE,Towers with Radar,12,3,0,0,15,0,0,0,0,0,12,3,0,0,15,0,0,0,15
03/02/2023,JNU,AK,AAL,WE,Towers with Radar,21,0,2,0,23,0,46,3,0,49,21,46,5,0,72,0,1,1,73
03/03/2023,JNU,AK,AAL,WE,Towers with Radar,20,4,6,0,30,0,56,4,0,60,20,60,10,0,90,4,0,4,94
03/04/2023,JNU,AK,AAL,WE,Towers with Radar,15,1,2,0,18,0,56,3,0,59,15,57,5,0,77,14,0,14,91
03/05/2023,JNU,AK,AAL,WE,Towers with Radar,18,2,5,0,25,0,44,7,0,51,18,46,12,0,76,0,0,0,76
03/06/2023,JNU,AK,AAL,WE,Towers with Radar,16,3,6,0,25,0,85,10,0,95,16,88,16,0,120,6,0,6,126
03/07/2023,JNU,AK,AAL,WE,Towers with Radar,19,4,0,2,25,0,57,14,2,73,19,61,14,4,98,2,0,2,100
03/08/2023,JNU,AK,AAL,WE,Towers with Radar,17,3,1,0,21,1,97,3,1,102,18,100,4,1,123,0,0,0,123
03/09/2023,JNU,AK,AAL,WE,Towers with Radar,16,4,2,1,23,1,80,15,2,98,17,84,17,3,121,12,0,12,133
03/10/2023,JNU,AK,AAL,WE,Towers with Radar,15,1,2,0,18,1,107,1,0,109,16,108,3,0,127,2,0,2,129
03/11/2023,JNU,AK,AAL,WE,Towers with Radar,19,2,0,0,21,0,50,1,4,55,19,52,1,4,76,0,0,0,76
03/12/2023,JNU,AK,AAL,WE,Towers with Radar,20,0,2,0,22,0,71,2,0,73,20,71,4,0,95,2,0,2,97
03/13/2023,JNU,AK,AAL,WE,Towers with Radar,14,2,0,0,16,0,82,7,0,89,14,84,7,0,105,6,0,6,111
03/14/2023,JNU,AK,AAL,WE,Towers with Radar,14,8,5,0,27,0,56,10,2,68,14,64,15,2,95,10,0,10,105
03/15/2023,JNU,AK,AAL,WE,Towers with Radar,16,4,2,0,22,0,30,0,2,32,16,34,2,2,54,0,0,0,54
03/16/2023,JNU,AK,AAL,WE,Towers with Radar,15,4,5,0,24,0,25,1,0,26,15,29,6,0,50,0,0,0,50
03/17/2023,JNU,AK,AAL,WE,Towers with Radar,18,0,4,2,24,4,85,4,0,93,22,85,8,2,117,0,0,0,117
03/18/2023,JNU,AK,AAL,WE,Towers with Radar,17,2,0,0,19,2,53,12,0,67,19,55,12,0,86,36,0,36,122
03/19/2023,JNU,AK,AAL,WE,Towers with Radar,20,3,11,0,34,0,6,0,0,6,20,9,11,0,40,0,0,0,40
03/20/2023,JNU,AK,AAL,WE,Towers with Radar,12,1,3,0,16,0,31,3,0,34,12,32,6,0,50,0,0,0,50
03/21/2023,JNU,AK,AAL,WE,Towers with Radar,17,4,9,1,31,0,75,16,0,91,17,79,25,1,122,10,0,10,132
03/22/2023,JNU,AK,AAL,WE,Towers with Radar,19,5,3,0,27,0,75,3,31,109,19,80,6,31,136,0,6,6,142
03/23/2023,JNU,AK,AAL,WE,Towers with Radar,21,1,5,0,27,0,65,1,6,72,21,66,6,6,99,0,14,14,113
03/24/2023,JNU,AK,AAL,WE,Towers with Radar,19,7,3,0,29,0,89,7,0,96,19,96,10,0,125,20,0,20,145
03/25/2023,JNU,AK,AAL,WE,Towers with Radar,15,5,10,3,33,1,43,6,0,50,16,48,16,3,83,0,0,0,83
03/26/2023,JNU,AK,AAL,WE,Towers with Radar,17,0,0,0,17,1,73,10,0,84,18,73,10,0,101,4,0,4,105
03/27/2023,JNU,AK,AAL,WE,Towers with Radar,19,2,1,1,23,0,129,21,5,155,19,131,22,6,178,8,2,10,188
03/28/2023,JNU,AK,AAL,WE,Towers with Radar,17,3,1,0,21,0,135,12,4,151,17,138,13,4,172,26,0,26,198
03/29/2023,JNU,AK,AAL,WE,Towers with Radar,19,1,2,1,23,1,115,23,4,143,20,116,25,5,166,0,0,0,166
03/30/2023,JNU,AK,AAL,WE,Towers with Radar,18,5,3,0,26,0,93,8,0,101,18,98,11,0,127,4,0,4,131
03/31/2023,JNU,AK,AAL,WE,Towers with Radar,17,6,12,0,35,0,41,0,0,41,17,47,12,0,76,0,0,0,76
04/01/2023,JNU,AK,AAL,WE,Towers with Radar,22,9,5,1,37,0,75,17,0,92,22,84,22,1,129,18,0,18,147
04/02/2023,JNU,AK,AAL,WE,Towers with Radar,30,9,1,0,40,0,43,8,0,51,30,52,9,0,91,6,0,6,97
04/03/2023,JNU,AK,AAL,WE,Towers with Radar,22,1,0,0,23,0,120,31,2,153,22,121,31,2,176,0,0,0,176
04/04/2023,JNU,AK,AAL,WE,Towers with Radar,23,5,0,0,28,0,58,5,4,67,23,63,5,4,95,41,0,41,136
04/05/2023,JNU,AK,AAL,WE,Towers with Radar,30,7,8,0,45,0,59,2,2,63,30,66,10,2,108,0,8,8,116
04/06/2023,JNU,AK,AAL,WE,Towers with Radar,33,31,10,1,75,0,7,0,1,8,33,38,10,2,83,0,0,0,83
04/07/2023,JNU,AK,AAL,WE,Towers with Radar,27,4,7,0,38,0,83,2,0,85,27,87,9,0,123,0,0,0,123
04/08/2023,JNU,AK,AAL,WE,Towers with Radar,22,8,3,0,33,0,51,15,0,66,22,59,18,0,99,11,0,11,110
04/09/2023,JNU,AK,AAL,WE,Towers with Radar,26,1,0,0,27,0,5,2,0,7,26,6,2,0,34,10,0,10,44
04/10/2023,JNU,AK,AAL,WE,Towers with Radar,26,5,2,0,33,0,106,16,0,122,26,111,18,0,155,0,0,0,155
04/11/2023,JNU,AK,AAL,WE,Towers with Radar,25,0,6,0,31,2,150,45,0,197,27,150,51,0,228,24,0,24,252
04/12/2023,JNU,AK,AAL,WE,Towers with Radar,31,5,13,2,51,0,89,2,0,91,31,94,15,2,142,20,0,20,162
04/13/2023,JNU,AK,AAL,WE,Towers with Radar,2,3,4,0,9,0,74,6,4,84,2,77,10,4,93,0,0,0,93
04/14/2023,JNU,AK,AAL,WE,Towers with Radar,11,1,2,0,14,0,118,17,3,138,11,119,19,3,152,8,0,8,160
04/15/2023,JNU,AK,AAL,WE,Towers with Radar,30,0,3,0,33,0,52,8,0,60,30,52,11,0,93,0,0,0,93
04/16/2023,JNU,AK,AAL,WE,Towers with Radar,28,2,1,0,31,0,96,20,0,116,28,98,21,0,147,6,0,6,153
04/17/2023,JNU,AK,AAL,WE,Towers with Radar,28,6,11,1,46,0,101,14,6,121,28,107,25,7,167,24,0,24,191
04/18/2023,JNU,AK,AAL,WE,Towers with Radar,30,2,2,0,34,0,120,32,5,157,30,122,34,5,191,26,0,26,217
04/19/2023,JNU,AK,AAL,WE,Towers with Radar,27,7,0,0,34,0,162,27,5,194,27,169,27,5,228,28,0,28,256
04/20/2023,JNU,AK,AAL,WE,Towers with Radar,26,3,5,0,34,0,156,22,5,183,26,159,27,5,217,2,0,2,219
04/21/2023,JNU,AK,AAL,WE,Towers with Radar,25,7,2,0,34,1,179,36,0,216,26,186,38,0,250,40,0,40,290
04/22/2023,JNU,AK,AAL,WE,Towers with Radar,25,3,8,0,36,0,88,34,0,122,25,91,42,0,158,20,0,20,178
04/23/2023,JNU,AK,AAL,WE,Towers with Radar,24,14,6,0,44,0,51,16,0,67,24,65,22,0,111,6,0,6,117
04/24/2023,JNU,AK,AAL,WE,Towers with Radar,25,2,11,0,38,0,101,3,0,104,25,103,14,0,142,6,0,6,148
04/25/2023,JNU,AK,AAL,WE,Towers with Radar,27,4,14,0,45,1,119,30,0,150,28,123,44,0,195,8,0,8,203
04/26/2023,JNU,AK,AAL,WE,Towers with Radar,28,11,13,0,52,0,68,4,0,72,28,79,17,0,124,6,0,6,130
04/27/2023,JNU,AK,AAL,WE,Towers with Radar,28,3,14,0,45,0,34,1,0,35,28,37,15,0,80,0,0,0,80
04/28/2023,JNU,AK,AAL,WE,Towers with Radar,23,7,5,0,35,0,197,20,0,217,23,204,25,0,252,8,0,8,260
04/29/2023,JNU,AK,AAL,WE,Towers with Radar,24,16,3,0,43,0,115,39,0,154,24,131,42,0,197,18,0,18,215
04/30/2023,JNU,AK,AAL,WE,Towers with Radar,27,6,10,2,45,0,131,14,2,147,27,137,24,4,192,18,0,18,210
05/01/2023,JNU,AK,AAL,WE,Towers with Radar,26,4,8,0,38,1,252,7,0,260,27,256,15,0,298,42,0,42,340
05/02/2023,JNU,AK,AAL,WE,Towers with Radar,22,3,12,0,37,0,100,1,0,101,22,103,13,0,138,0,0,0,138
05/03/2023,JNU,AK,AAL,WE,Towers with Radar,28,5,1,2,36,0,323,26,0,349,28,328,27,2,385,18,0,18,403
05/04/2023,JNU,AK,AAL,WE,Towers with Radar,26,3,2,0,31,0,265,38,0,303,26,268,40,0,334,20,0,20,354
05/05/2023,JNU,AK,AAL,WE,Towers with Radar,24,4,5,0,33,3,154,24,0,181,27,158,29,0,214,0,0,0,214
05/06/2023,JNU,AK,AAL,WE,Towers with Radar,24,2,2,0,28,1,314,25,2,342,25,316,27,2,370,4,0,4,374
05/07/2023,JNU,AK,AAL,WE,Towers with Radar,25,2,7,0,34,0,190,42,0,232,25,192,49,0,266,0,0,0,266
05/08/2023,JNU,AK,AAL,WE,Towers with Radar,25,1,2,0,28,0,328,30,0,358,25,329,32,0,386,0,0,0,386
05/09/2023,JNU,AK,AAL,WE,Towers with Radar,22,3,4,0,29,0,507,34,0,541,22,510,38,0,570,16,0,16,586
05/10/2023,JNU,AK,AAL,WE,Towers with Radar,26,2,2,1,31,1,360,32,0,393,27,362,34,1,424,14,0,14,438
05/11/2023,JNU,AK,AAL,WE,Towers with Radar,26,8,4,0,38,0,172,25,0,197,26,180,29,0,235,34,2,36,271
05/12/2023,JNU,AK,AAL,WE,Towers with Radar,26,4,11,0,41,1,189,11,0,201,27,193,22,0,242,12,0,12,254
05/13/2023,JNU,AK,AAL,WE,Towers with Radar,26,15,3,0,44,0,227,13,0,240,26,242,16,0,284,0,0,0,284
05/14/2023,JNU,AK,AAL,WE,Towers with Radar,27,2,0,0,29,0,317,26,1,344,27,319,26,1,373,26,0,26,399
05/15/2023,JNU,AK,AAL,WE,Towers with Radar,22,1,3,3,29,2,393,29,0,424,24,394,32,3,453,0,0,0,453
05/16/2023,JNU,AK,AAL,WE,Towers with Radar,30,0,3,1,34,0,609,38,2,649,30,609,41,3,683,19,14,33,716
05/17/2023,JNU,AK,AAL,WE,Towers with Radar,24,4,1,0,29,2,555,38,4,599,26,559,39,4,628,0,0,0,628
05/18/2023,JNU,AK,AAL,WE,Towers with Radar,31,4,2,0,37,0,496,52,0,548,31,500,54,0,585,8,0,8,593
05/19/2023,JNU,AK,AAL,WE,Towers with Radar,31,7,7,0,45,0,419,12,0,431,31,426,19,0,476,6,0,6,482
05/20/2023,JNU,AK,AAL,WE,Towers with Radar,25,13,4,0,42,0,249,20,0,269,25,262,24,0,311,0,0,0,311
05/21/2023,JNU,AK,AAL,WE,Towers with Radar,29,2,6,0,37,0,430,26,2,458,29,432,32,2,495,0,0,0,495
05/22/2023,JNU,AK,AAL,WE,Towers with Radar,25,4,2,2,33,0,460,21,5,486,25,464,23,7,519,32,0,32,551
05/23/2023,JNU,AK,AAL,WE,Towers with Radar,26,5,3,1,35,0,557,40,1,598,26,562,43,2,633,38,0,38,671
05/24/2023,JNU,AK,AAL,WE,Towers with Radar,23,12,8,0,43,0,534,30,1,565,23,546,38,1,608,6,0,6,614
05/25/2023,JNU,AK,AAL,WE,Towers with Radar,32,4,14,0,50,1,418,19,1,439,33,422,33,1,489,24,0,24,513
05/26/2023,JNU,AK,AAL,WE,Towers with Radar,30,4,8,0,42,0,341,26,0,367,30,345,34,0,409,4,0,4,413
05/27/2023,JNU,AK,AAL,WE,Towers with Radar,28,7,18,0,53,0,182,4,0,186,28,189,22,0,239,0,0,0,239
05/28/2023,JNU,AK,AAL,WE,Towers with Radar,28,2,12,0,42,0,120,10,0,130,28,122,22,0,172,0,0,0,172
05/29/2023,JNU,AK,AAL,WE,Towers with Radar,24,5,9,0,38,0,143,13,0,156,24,148,22,0,194,6,0,6,200
05/30/2023,JNU,AK,AAL,WE,Towers with Radar,28,4,19,0,51,0,523,22,1,546,28,527,41,1,597,0,0,0,597
05/31/2023,JNU,AK,AAL,WE,Towers with Radar,28,8,19,0,55,0,404,20,0,424,28,412,39,0,479,58,26,84,563
06/01/2023,JNU,AK,AAL,WE,Towers with Radar,33,4,20,0,57,0,405,32,0,437,33,409,52,0,494,30,0,30,524
06/02/2023,JNU,AK,AAL,WE,Towers with Radar,36,4,8,0,48,0,560,38,2,600,36,564,46,2,648,32,0,32,680
06/03/2023,JNU,AK,AAL,WE,Towers with Radar,31,9,2,0,42,2,443,34,0,479,33,452,36,0,521,0,0,0,521
06/04/2023,JNU,AK,AAL,WE,Towers with Radar,34,4,6,0,44,0,398,24,0,422,34,402,30,0,466,0,0,0,466
06/05/2023,JNU,AK,AAL,WE,Towers with Radar,26,10,13,0,49,0,365,11,2,378,26,375,24,2,427,0,0,0,427
06/06/2023,JNU,AK,AAL,WE,Towers with Radar,34,7,18,0,59,0,110,6,1,117,34,117,24,1,176,0,0,0,176
06/07/2023,JNU,AK,AAL,WE,Towers with Radar,34,3,3,1,41,1,699,38,2,740,35,702,41,3,781,0,0,0,781
06/08/2023,JNU,AK,AAL,WE,Towers with Radar,36,4,6,2,48,1,417,25,0,443,37,421,31,2,491,2,0,2,493
06/09/2023,JNU,AK,AAL,WE,Towers with Radar,35,11,13,1,60,0,478,20,2,500,35,489,33,3,560,0,0,0,560
06/10/2023,JNU,AK,AAL,WE,Towers with Radar,35,9,8,1,53,0,299,18,3,320,35,308,26,4,373,0,0,0,373
06/11/2023,JNU,AK,AAL,WE,Towers with Radar,34,2,10,2,48,0,480,30,0,510,34,482,40,2,558,4,2,6,564
06/12/2023,JNU,AK,AAL,WE,Towers with Radar,31,8,8,1,48,0,446,25,0,471,31,454,33,1,519,0,0,0,519
06/13/2023,JNU,AK,AAL,WE,Towers with Radar,33,5,2,0,40,0,719,38,0,757,33,724,40,0,797,10,0,10,807
06/14/2023,JNU,AK,AAL,WE,Towers with Radar,35,5,9,0,49,0,550,42,0,592,35,555,51,0,641,14,0,14,655
06/15/2023,JNU,AK,AAL,WE,Towers with Radar,37,9,7,2,55,0,334,18,1,353,37,343,25,3,408,8,0,8,416
06/16/2023,JNU,AK,AAL,WE,Towers with Radar,37,3,18,0,58,0,228,10,0,238,37,231,28,0,296,0,0,0,296
06/17/2023,JNU,AK,AAL,WE,Towers with Radar,29,5,6,0,40,1,476,23,0,500,30,481,29,0,540,16,0,16,556
06/18/2023,JNU,AK,AAL,WE,Towers with Radar,32,2,1,0,35,0,450,41,0,491,32,452,42,0,526,7,0,7,533
06/19/2023,JNU,AK,AAL,WE,Towers with Radar,33,4,12,0,49,1,483,29,0,513,34,487,41,0,562,0,0,0,562
06/20/2023,JNU,AK,AAL,WE,Towers with Radar,33,8,3,0,44,0,735,32,0,767,33,743,35,0,811,0,0,0,811
06/21/2023,JNU,AK,AAL,WE,Towers with Radar,33,6,7,0,46,2,618,31,2,653,35,624,38,2,699,4,0,4,703
06/22/2023,JNU,AK,AAL,WE,Towers with Radar,37,13,10,0,60,0,411,24,0,435,37,424,34,0,495,0,0,0,495
06/23/2023,JNU,AK,AAL,WE,Towers with Radar,29,9,9,0,47,2,634,44,4,684,31,643,53,4,731,8,0,8,739
06/24/2023,JNU,AK,AAL,WE,Towers with Radar,33,7,14,1,55,1,337,12,1,351,34,344,26,2,406,0,0,0,406
06/25/2023,JNU,AK,AAL,WE,Towers with Radar,34,4,15,0,53,0,152,14,0,166,34,156,29,0,219,0,0,0,219
06/26/2023,JNU,AK,AAL,WE,Towers with Radar,31,6,14,0,51,0,21,4,2,27,31,27,18,2,78,0,0,0,78
06/27/2023,JNU,AK,AAL,WE,Towers with Radar,37,10,16,0,63,0,300,25,0,325,37,310,41,0,388,2,0,2,390
06/28/2023,JNU,AK,AAL,WE,Towers with Radar,35,9,17,0,61,0,302,8,1,311,35,311,25,1,372,8,0,8,380
06/29/2023,JNU,AK,AAL,WE,Towers with Radar,35,5,9,0,49,0,617,10,0,627,35,622,19,0,676,0,0,0,676
06/30/2023,JNU,AK,AAL,WE,Towers with Radar,37,5,16,0,58,0,553,22,0,575,37,558,38,0,633,18,0,18,651
07/01/2023,JNU,AK,AAL,WE,Towers with Radar,39,14,15,0,68,0,492,25,0,517,39,506,40,0,585,0,0,0,585
07/02/2023,JNU,AK,AAL,WE,Towers with Radar,35,3,10,0,48,1,451,49,0,501,36,454,59,0,549,14,0,14,563
07/03/2023,JNU,AK,AAL,WE,Towers with Radar,33,3,2,0,38,0,633,38,0,671,33,636,40,0,709,0,0,0,709
07/04/2023,JNU,AK,AAL,WE,Towers with Radar,36,2,3,0,41,0,317,34,0,351,36,319,37,0,392,0,0,0,392
07/05/2023,JNU,AK,AAL,WE,Towers with Radar,35,6,11,0,52,1,1166,44,2,1213,36,1172,55,2,1265,0,2,2,1267
07/06/2023,JNU,AK,AAL,WE,Towers with Radar,31,2,8,0,41,0,632,38,0,670,31,634,46,0,711,6,0,6,717
07/07/2023,JNU,AK,AAL,WE,Towers with Radar,35,4,4,0,43,5,646,28,0,679,40,650,32,0,722,12,0,12,734
07/08/2023,JNU,AK,AAL,WE,Towers with Radar,27,4,3,0,34,3,408,36,0,447,30,412,39,0,481,0,0,0,481
07/09/2023,JNU,AK,AAL,WE,Towers with Radar,36,2,7,0,45,1,607,38,0,646,37,609,45,0,691,4,0,4,695
07/10/2023,JNU,AK,AAL,WE,Towers with Radar,36,6,4,0,46,4,525,34,0,563,40,531,38,0,609,0,0,0,609
07/11/2023,JNU,AK,AAL,WE,Towers with Radar,34,5,5,0,44,0,772,33,0,805,34,777,38,0,849,2,0,2,851
07/12/2023,JNU,AK,AAL,WE,Towers with Radar,37,6,3,0,46,0,617,51,0,668,37,623,54,0,714,8,0,8,722
07/13/2023,JNU,AK,AAL,WE,Towers with Radar,34,2,3,0,39,0,511,38,0,549,34,513,41,0,588,2,0,2,590
07/14/2023,JNU,AK,AAL,WE,Towers with Radar,32,4,15,0,51,1,612,43,0,656,33,616,58,0,707,0,0,0,707
07/15/2023,JNU,AK,AAL,WE,Towers with Radar,32,5,8,0,45,2,525,46,0,573,34,530,54,0,618,26,0,26,644
07/16/2023,JNU,AK,AAL,WE,Towers with Radar,29,5,8,0,42,0,447,31,0,478,29,452,39,0,520,0,0,0,520
07/17/2023,JNU,AK,AAL,WE,Towers with Radar,33,5,12,0,50,0,367,22,0,389,33,372,34,0,439,20,0,20,459
07/18/2023,JNU,AK,AAL,WE,Towers with Radar,44,9,8,0,61,0,709,41,0,750,44,718,49,0,811,0,0,0,811
07/19/2023,JNU,AK,AAL,WE,Towers with Radar,40,6,19,0,65,0,216,16,0,232,40,222,35,0,297,0,0,0,297
07/20/2023,JNU,AK,AAL,WE,Towers with Radar,34,3,9,0,46,3,628,39,0,670,37,631,48,0,716,2,0,2,718
07/21/2023,JNU,AK,AAL,WE,Towers with Radar,35,8,7,1,51,1,446,19,1,467,36,454,26,2,518,0,0,0,518
07/22/2023,JNU,AK,AAL,WE,Towers with Radar,30,9,24,0,63,0,288,8,0,296,30,297,32,0,359,0,0,0,359
07/23/2023,JNU,AK,AAL,WE,Towers with Radar,32,12,9,0,53,0,46,0,0,46,32,58,9,0,99,0,0,0,99
07/24/2023,JNU,AK,AAL,WE,Towers with Radar,34,12,12,0,58,1,548,30,0,579,35,560,42,0,637,8,0,8,645
07/25/2023,JNU,AK,AAL,WE,Towers with Radar,37,6,9,0,52,0,755,33,0,788,37,761,42,0,840,0,0,0,840
07/26/2023,JNU,AK,AAL,WE,Towers with Radar,34,6,9,0,49,0,439,28,0,467,34,445,37,0,516,2,0,2,518
07/27/2023,JNU,AK,AAL,WE,Towers with Radar,35,3,10,1,49,2,584,33,1,620,37,587,43,2,669,0,0,0,669
07/28/2023,JNU,AK,AAL,WE,Towers with Radar,37,0,6,0,43,0,688,37,0,725,37,688,43,0,768,18,0,18,786
07/29/2023,JNU,AK,AAL,WE,Towers with Radar,32,6,5,0,43,2,495,46,0,543,34,501,51,0,586,28,0,28,614
07/30/2023,JNU,AK,AAL,WE,Towers with Radar,36,4,7,0,47,0,517,34,0,551,36,521,41,0,598,8,0,8,606
07/31/2023,JNU,AK,AAL,WE,Towers with Radar,31,4,14,0,49,0,351,21,0,372,31,355,35,0,421,0,0,0,421
08/01/2023,JNU,AK,AAL,WE,Towers with Radar,39,7,20,0,66,0,69,3,0,72,39,76,23,0,138,0,0,0,138
08/02/2023,JNU,AK,AAL,WE,Towers with Radar,35,6,6,1,48,1,694,35,0,730,36,700,41,1,778,6,0,6,784
08/03/2023,JNU,AK,AAL,WE,Towers with Radar,38,7,12,0,57,0,540,24,0,564,38,547,36,0,621,0,0,0,621
08/04/2023,JNU,AK,AAL,WE,Towers with Radar,37,5,8,0,50,0,552,32,0,584,37,557,40,0,634,6,0,6,640
08/05/2023,JNU,AK,AAL,WE,Towers with Radar,30,6,11,0,47,0,497,46,0,543,30,503,57,0,590,4,0,4,594
08/06/2023,JNU,AK,AAL,WE,Towers with Radar,32,1,1,0,34,2,586,42,0,630,34,587,43,0,664,0,0,0,664
08/07/2023,JNU,AK,AAL,WE,Towers with Radar,34,2,7,0,43,1,538,15,0,554,35,540,22,0,597,2,0,2,599
08/08/2023,JNU,AK,AAL,WE,Towers with Radar,34,8,10,2,54,1,627,11,0,639,35,635,21,2,693,0,0,0,693
08/09/2023,JNU,AK,AAL,WE,Towers with Radar,38,11,22,0,71,0,518,8,0,526,38,529,30,0,597,0,0,0,597
08/10/2023,JNU,AK,AAL,WE,Towers with Radar,32,5,21,0,58,1,268,3,1,273,33,273,24,1,331,0,0,0,331
08/11/2023,JNU,AK,AAL,WE,Towers with Radar,29,7,11,0,47,1,507,18,2,528,30,514,29,2,575,0,0,0,575
08/12/2023,JNU,AK,AAL,WE,Towers with Radar,30,3,17,0,50,0,28,1,5,34,30,31,18,5,84,0,0,0,84
08/13/2023,JNU,AK,AAL,WE,Towers with Radar,33,6,14,0,53,0,281,14,0,295,33,287,28,0,348,6,0,6,354
08/14/2023,JNU,AK,AAL,WE,Towers with Radar,31,5,11,0,47,0,466,12,0,478,31,471,23,0,525,0,0,0,525
08/15/2023,JNU,AK,AAL,WE,Towers with Radar,33,11,20,0,64,0,185,7,5,197,33,196,27,5,261,0,0,0,261
08/16/2023,JNU,AK,AAL,WE,Towers with Radar,37,14,28,0,79,0,140,12,2,154,37,154,40,2,233,6,0,6,239
08/17/2023,JNU,AK,AAL,WE,Towers with Radar,30,12,19,0,61,1,280,30,0,311,31,292,49,0,372,42,0,42,414
08/18/2023,JNU,AK,AAL,WE,Towers with Radar,32,8,14,2,56,0,511,47,0,558,32,519,61,2,614,6,2,8,622
08/19/2023,JNU,AK,AAL,WE,Towers with Radar,25,6,15,1,47,2,446,37,0,485,27,452,52,1,532,0,0,0,532
08/20/2023,JNU,AK,AAL,WE,Towers with Radar,30,0,9,0,39,0,608,46,0,654,30,608,55,0,693,0,0,0,693
08/21/2023,JNU,AK,AAL,WE,Towers with Radar,31,6,11,0,48,0,511,48,0,559,31,517,59,0,607,10,0,10,617
08/22/2023,JNU,AK,AAL,WE,Towers with Radar,37,8,8,0,53,2,706,27,0,735,39,714,35,0,788,0,0,0,788
08/23/2023,JNU,AK,AAL,WE,Towers with Radar,32,4,13,2,51,0,570,49,0,619,32,574,62,2,670,0,0,0,670
08/24/2023,JNU,AK,AAL,WE,Towers with Radar,30,9,9,0,48,2,506,23,1,532,32,515,32,1,580,2,0,2,582
08/25/2023,JNU,AK,AAL,WE,Towers with Radar,36,3,6,0,45,2,503,33,0,538,38,506,39,0,583,2,0,2,585
08/26/2023,JNU,AK,AAL,WE,Towers with Radar,29,9,16,0,54,2,285,24,0,311,31,294,40,0,365,10,0,10,375
08/27/2023,JNU,AK,AAL,WE,Towers with Radar,32,21,7,0,60,0,393,46,0,439,32,414,53,0,499,0,0,0,499
08/28/2023,JNU,AK,AAL,WE,Towers with Radar,33,16,11,1,61,1,480,42,0,523,34,496,53,1,584,0,12,12,596
08/29/2023,JNU,AK,AAL,WE,Towers with Radar,32,10,8,0,50,1,591,22,3,617,33,601,30,3,667,6,0,6,673
08/30/2023,JNU,AK,AAL,WE,Towers with Radar,35,9,11,0,55,0,382,15,0,397,35,391,26,0,452,8,0,8,460
08/31/2023,JNU,AK,AAL,WE,Towers with Radar,37,13,10,0,60,0,359,31,0,390,37,372,41,0,450,16,0,16,466
