01/01/2020,JQF,NC,ASO,ES,Federal Contract Tower,6,5,18,0,29,0,4,48,0,52,6,9,66,0,81,0,0,0,81
01/02/2020,JQF,NC,ASO,ES,Federal Contract Tower,5,5,36,0,46,0,1,90,0,91,5,6,126,0,137,130,0,130,267
01/03/2020,JQF,NC,ASO,ES,Federal Contract Tower,14,5,10,0,29,0,0,0,0,0,14,5,10,0,29,0,0,0,29
01/04/2020,JQF,NC,ASO,ES,Federal Contract Tower,8,3,20,0,31,0,3,4,0,7,8,6,24,0,38,0,0,0,38
01/05/2020,JQF,NC,ASO,ES,Federal Contract Tower,8,3,39,0,50,0,4,96,4,104,8,7,135,4,154,40,0,40,194
01/06/2020,JQF,NC,ASO,ES,Federal Contract Tower,14,9,27,0,50,0,15,115,2,132,14,24,142,2,182,84,0,84,266
01/07/2020,JQF,NC,ASO,ES,Federal Contract Tower,4,12,33,0,49,0,7,12,0,19,4,19,45,0,68,0,0,0,68
01/08/2020,JQF,NC,ASO,ES,Federal Contract Tower,2,8,38,0,48,0,9,98,0,107,2,17,136,0,155,22,0,22,177
01/09/2020,JQF,NC,ASO,ES,Federal Contract Tower,8,8,46,0,62,0,12,164,5,181,8,20,210,5,243,128,0,128,371
01/10/2020,JQF,NC,ASO,ES,Federal Contract Tower,12,6,46,0,64,0,3,127,0,130,12,9,173,0,194,68,0,68,262
01/11/2020,JQF,NC,ASO,ES,Federal Contract Tower,6,7,18,0,31,0,0,0,0,0,6,7,18,0,31,0,0,0,31
01/12/2020,JQF,NC,ASO,ES,Federal Contract Tower,8,0,42,0,50,0,2,85,0,87,8,2,127,0,137,94,0,94,231
01/13/2020,JQF,NC,ASO,ES,Federal Contract Tower,12,6,13,0,31,0,0,0,0,0,12,6,13,0,31,0,0,0,31
01/14/2020,JQF,NC,ASO,ES,Federal Contract Tower,1,9,28,0,38,0,8,29,2,39,1,17,57,2,77,90,10,100,177
01/15/2020,JQF,NC,ASO,ES,Federal Contract Tower,0,7,35,0,42,0,7,17,2,26,0,14,52,2,68,94,0,94,162
01/16/2020,JQF,NC,ASO,ES,Federal Contract Tower,7,9,30,0,46,0,17,110,4,131,7,26,140,4,177,62,0,62,239
01/17/2020,JQF,NC,ASO,ES,Federal Contract Tower,12,10,56,0,78,0,3,145,4,152,12,13,201,4,230,68,0,68,298
01/18/2020,JQF,NC,ASO,ES,Federal Contract Tower,6,2,17,0,25,0,0,45,0,45,6,2,62,0,70,58,0,58,128
01/19/2020,JQF,NC,ASO,ES,Federal Contract Tower,9,0,26,0,35,0,2,86,4,92,9,2,112,4,127,68,4,72,199
01/20/2020,JQF,NC,ASO,ES,Federal Contract Tower,13,12,29,0,54,0,3,112,0,115,13,15,141,0,169,92,0,92,261
01/21/2020,JQF,NC,ASO,ES,Federal Contract Tower,2,8,35,0,45,0,23,97,0,120,2,31,132,0,165,46,4,50,215
01/22/2020,JQF,NC,ASO,ES,Federal Contract Tower,3,10,40,0,53,0,25,150,4,179,3,35,190,4,232,117,0,117,349
01/23/2020,JQF,NC,ASO,ES,Federal Contract Tower,9,13,46,0,68,0,15,142,1,158,9,28,188,1,226,60,0,60,286
01/24/2020,JQF,NC,ASO,ES,Federal Contract Tower,12,10,11,0,33,0,0,0,0,0,12,10,11,0,33,0,0,0,33
01/25/2020,JQF,NC,ASO,ES,Federal Contract Tower,8,4,27,0,39,0,8,90,4,102,8,12,117,4,141,74,0,74,215
01/26/2020,JQF,NC,ASO,ES,Federal Contract Tower,9,1,33,0,43,0,11,112,0,123,9,12,145,0,166,58,0,58,224
01/27/2020,JQF,NC,ASO,ES,Federal Contract Tower,13,5,26,0,44,0,6,113,2,121,13,11,139,2,165,72,0,72,237
01/28/2020,JQF,NC,ASO,ES,Federal Contract Tower,2,4,56,0,62,0,26,135,2,163,2,30,191,2,225,74,0,74,299
01/29/2020,JQF,NC,ASO,ES,Federal Contract Tower,3,20,33,0,56,0,16,128,2,146,3,36,161,2,202,108,0,108,310
01/30/2020,JQF,NC,ASO,ES,Federal Contract Tower,8,9,63,0,80,0,2,114,2,118,8,11,177,2,198,180,0,180,378
01/31/2020,JQF,NC,ASO,ES,Federal Contract Tower,14,8,25,0,47,0,0,46,0,46,14,8,71,0,93,4,0,4,97
02/01/2020,JQF,NC,ASO,ES,Federal Contract Tower,8,5,41,0,54,0,5,45,0,50,8,10,86,0,104,44,0,44,148
02/02/2020,JQF,NC,ASO,ES,Federal Contract Tower,8,7,19,0,34,0,6,94,1,101,8,13,113,1,135,42,0,42,177
02/03/2020,JQF,NC,ASO,ES,Federal Contract Tower,12,8,43,2,65,0,21,140,1,162,12,29,183,3,227,64,0,64,291
02/04/2020,JQF,NC,ASO,ES,Federal Contract Tower,0,6,27,0,33,0,9,115,0,124,0,15,142,0,157,98,0,98,255
02/05/2020,JQF,NC,ASO,ES,Federal Contract Tower,3,7,33,0,43,0,4,3,0,7,3,11,36,0,50,26,0,26,76
02/06/2020,JQF,NC,ASO,ES,Federal Contract Tower,9,2,14,0,25,0,0,0,0,0,9,2,14,0,25,0,0,0,25
02/07/2020,JQF,NC,ASO,ES,Federal Contract Tower,23,11,57,0,91,0,9,30,0,39,23,20,87,0,130,26,0,26,156
02/08/2020,JQF,NC,ASO,ES,Federal Contract Tower,8,2,9,0,19,0,1,94,0,95,8,3,103,0,114,70,0,70,184
02/09/2020,JQF,NC,ASO,ES,Federal Contract Tower,17,5,37,0,59,0,1,137,0,138,17,6,174,0,197,122,0,122,319
02/10/2020,JQF,NC,ASO,ES,Federal Contract Tower,12,7,32,0,51,0,6,108,4,118,12,13,140,4,169,228,0,228,397
02/11/2020,JQF,NC,ASO,ES,Federal Contract Tower,2,10,28,0,40,0,13,2,0,15,2,23,30,0,55,12,0,12,67
02/12/2020,JQF,NC,ASO,ES,Federal Contract Tower,4,12,51,0,67,0,10,73,2,85,4,22,124,2,152,180,0,180,332
02/13/2020,JQF,NC,ASO,ES,Federal Contract Tower,21,8,27,0,56,0,5,18,0,23,21,13,45,0,79,28,0,28,107
02/14/2020,JQF,NC,ASO,ES,Federal Contract Tower,14,8,35,0,57,0,14,245,4,263,14,22,280,4,320,94,0,94,414
02/15/2020,JQF,NC,ASO,ES,Federal Contract Tower,10,2,33,0,45,0,6,227,2,235,10,8,260,2,280,112,0,112,392
02/16/2020,JQF,NC,ASO,ES,Federal Contract Tower,11,6,39,0,56,0,6,108,0,114,11,12,147,0,170,70,0,70,240
02/17/2020,JQF,NC,ASO,ES,Federal Contract Tower,25,6,48,0,79,0,20,148,2,170,25,26,196,2,249,12,0,12,261
02/18/2020,JQF,NC,ASO,ES,Federal Contract Tower,3,5,34,0,42,0,5,36,0,41,3,10,70,0,83,74,0,74,157
02/19/2020,JQF,NC,ASO,ES,Federal Contract Tower,4,8,55,0,67,0,30,90,3,123,4,38,145,3,190,28,0,28,218
02/20/2020,JQF,NC,ASO,ES,Federal Contract Tower,14,4,32,0,50,0,5,34,0,39,14,9,66,0,89,56,0,56,145
02/22/2020,JQF,NC,ASO,ES,Federal Contract Tower,8,1,28,0,37,0,8,158,0,166,8,9,186,0,203,108,0,108,311
02/23/2020,JQF,NC,ASO,ES,Federal Contract Tower,8,4,32,0,44,0,18,182,0,200,8,22,214,0,244,100,0,100,344
02/24/2020,JQF,NC,ASO,ES,Federal Contract Tower,19,10,25,0,54,0,9,78,0,87,19,19,103,0,141,116,0,116,257
02/25/2020,JQF,NC,ASO,ES,Federal Contract Tower,2,11,29,1,43,0,3,25,1,29,2,14,54,2,72,82,0,82,154
02/26/2020,JQF,NC,ASO,ES,Federal Contract Tower,2,11,43,0,56,0,2,40,2,44,2,13,83,2,100,58,0,58,158
02/27/2020,JQF,NC,ASO,ES,Federal Contract Tower,14,12,35,0,61,0,13,89,4,106,14,25,124,4,167,150,0,150,317
02/28/2020,JQF,NC,ASO,ES,Federal Contract Tower,16,8,48,0,72,0,12,113,0,125,16,20,161,0,197,86,0,86,283
02/29/2020,JQF,NC,ASO,ES,Federal Contract Tower,7,4,25,0,36,0,6,60,3,69,7,10,85,3,105,4,0,4,109
03/01/2020,JQF,NC,ASO,ES,Federal Contract Tower,11,5,31,0,47,0,6,167,6,179,11,11,198,6,226,96,2,98,324
03/02/2020,JQF,NC,ASO,ES,Federal Contract Tower,21,7,45,0,73,0,10,127,0,137,21,17,172,0,210,22,0,22,232
03/03/2020,JQF,NC,ASO,ES,Federal Contract Tower,3,16,19,0,38,0,1,21,0,22,3,17,40,0,60,14,0,14,74
03/04/2020,JQF,NC,ASO,ES,Federal Contract Tower,9,14,45,0,68,0,8,144,4,156,9,22,189,4,224,126,0,126,350
03/05/2020,JQF,NC,ASO,ES,Federal Contract Tower,20,5,38,0,63,0,9,88,0,97,20,14,126,0,160,126,0,126,286
03/06/2020,JQF,NC,ASO,ES,Federal Contract Tower,17,8,40,2,67,0,3,29,0,32,17,11,69,2,99,4,0,4,103
03/07/2020,JQF,NC,ASO,ES,Federal Contract Tower,6,1,30,0,37,0,11,82,0,93,6,12,112,0,130,52,0,52,182
03/08/2020,JQF,NC,ASO,ES,Federal Contract Tower,10,3,39,0,52,0,5,133,3,141,10,8,172,3,193,76,0,76,269
03/09/2020,JQF,NC,ASO,ES,Federal Contract Tower,21,7,48,2,78,0,10,196,0,206,21,17,244,2,284,86,0,86,370
03/10/2020,JQF,NC,ASO,ES,Federal Contract Tower,2,12,59,0,73,0,28,65,0,93,2,40,124,0,166,84,0,84,250
03/11/2020,JQF,NC,ASO,ES,Federal Contract Tower,9,11,45,0,65,0,17,127,0,144,9,28,172,0,209,68,0,68,277
03/12/2020,JQF,NC,ASO,ES,Federal Contract Tower,9,6,51,0,66,0,16,158,0,174,9,22,209,0,240,62,0,62,302
03/13/2020,JQF,NC,ASO,ES,Federal Contract Tower,26,13,38,0,77,0,13,99,0,112,26,26,137,0,189,156,0,156,345
03/14/2020,JQF,NC,ASO,ES,Federal Contract Tower,6,2,33,0,41,0,8,129,0,137,6,10,162,0,178,100,0,100,278
03/15/2020,JQF,NC,ASO,ES,Federal Contract Tower,8,6,27,0,41,0,10,66,0,76,8,16,93,0,117,64,0,64,181
03/16/2020,JQF,NC,ASO,ES,Federal Contract Tower,13,10,29,0,52,0,4,130,0,134,13,14,159,0,186,146,0,146,332
03/17/2020,JQF,NC,ASO,ES,Federal Contract Tower,2,10,20,0,32,0,9,5,0,14,2,19,25,0,46,0,0,0,46
03/18/2020,JQF,NC,ASO,ES,Federal Contract Tower,6,7,27,0,40,0,4,114,0,118,6,11,141,0,158,54,0,54,212
03/19/2020,JQF,NC,ASO,ES,Federal Contract Tower,0,6,27,1,34,0,6,53,2,61,0,12,80,3,95,34,0,34,129
03/20/2020,JQF,NC,ASO,ES,Federal Contract Tower,6,5,25,0,36,0,8,53,2,63,6,13,78,2,99,102,0,102,201
03/21/2020,JQF,NC,ASO,ES,Federal Contract Tower,4,1,26,0,31,0,5,103,2,110,4,6,129,2,141,86,0,86,227
03/22/2020,JQF,NC,ASO,ES,Federal Contract Tower,2,4,26,0,32,0,3,68,2,73,2,7,94,2,105,156,0,156,261
03/23/2020,JQF,NC,ASO,ES,Federal Contract Tower,6,8,18,0,32,0,0,0,0,0,6,8,18,0,32,0,0,0,32
03/24/2020,JQF,NC,ASO,ES,Federal Contract Tower,0,6,9,1,16,0,8,34,0,42,0,14,43,1,58,28,0,28,86
03/25/2020,JQF,NC,ASO,ES,Federal Contract Tower,0,8,29,0,37,0,18,57,0,75,0,26,86,0,112,102,0,102,214
03/26/2020,JQF,NC,ASO,ES,Federal Contract Tower,0,9,26,0,35,0,8,30,0,38,0,17,56,0,73,84,0,84,157
03/27/2020,JQF,NC,ASO,ES,Federal Contract Tower,0,5,12,0,17,0,15,73,2,90,0,20,85,2,107,110,0,110,217
03/28/2020,JQF,NC,ASO,ES,Federal Contract Tower,0,0,6,0,6,0,4,77,0,81,0,4,83,0,87,74,0,74,161
03/29/2020,JQF,NC,ASO,ES,Federal Contract Tower,0,1,16,0,17,0,0,49,0,49,0,1,65,0,66,40,0,40,106
03/30/2020,JQF,NC,ASO,ES,Federal Contract Tower,0,10,19,0,29,0,4,131,0,135,0,14,150,0,164,74,0,74,238
03/31/2020,JQF,NC,ASO,ES,Federal Contract Tower,0,5,11,0,16,0,7,39,2,48,0,12,50,2,64,84,0,84,148
04/01/2020,JQF,NC,ASO,ES,Federal Contract Tower,0,7,15,0,22,0,14,77,0,91,0,21,92,0,113,80,0,80,193
04/02/2020,JQF,NC,ASO,ES,Federal Contract Tower,0,4,16,0,20,0,8,93,2,103,0,12,109,2,123,58,6,64,187
04/03/2020,JQF,NC,ASO,ES,Federal Contract Tower,0,5,7,0,12,0,14,153,2,169,0,19,160,2,181,142,0,142,323
04/04/2020,JQF,NC,ASO,ES,Federal Contract Tower,0,3,16,0,19,0,3,148,0,151,0,6,164,0,170,148,0,148,318
04/05/2020,JQF,NC,ASO,ES,Federal Contract Tower,0,3,10,0,13,0,6,57,0,63,0,9,67,0,76,26,0,26,102
04/06/2020,JQF,NC,ASO,ES,Federal Contract Tower,0,6,7,0,13,0,8,69,0,77,0,14,76,0,90,100,0,100,190
04/07/2020,JQF,NC,ASO,ES,Federal Contract Tower,0,10,12,0,22,4,4,117,0,125,4,14,129,0,147,94,0,94,241
04/08/2020,JQF,NC,ASO,ES,Federal Contract Tower,0,5,14,0,19,0,7,88,2,97,0,12,102,2,116,38,0,38,154
04/09/2020,JQF,NC,ASO,ES,Federal Contract Tower,0,4,5,0,9,0,11,60,0,71,0,15,65,0,80,56,6,62,142
04/10/2020,JQF,NC,ASO,ES,Federal Contract Tower,0,7,5,0,12,0,3,41,0,44,0,10,46,0,56,38,0,38,94
04/11/2020,JQF,NC,ASO,ES,Federal Contract Tower,2,1,13,0,16,0,23,128,0,151,2,24,141,0,167,132,0,132,299
04/12/2020,JQF,NC,ASO,ES,Federal Contract Tower,0,3,0,0,3,0,0,10,0,10,0,3,10,0,13,6,0,6,19
04/13/2020,JQF,NC,ASO,ES,Federal Contract Tower,0,9,9,0,18,0,12,11,0,23,0,21,20,0,41,24,0,24,65
04/14/2020,JQF,NC,ASO,ES,Federal Contract Tower,0,7,22,0,29,0,11,148,2,161,0,18,170,2,190,116,0,116,306
04/15/2020,JQF,NC,ASO,ES,Federal Contract Tower,3,4,10,0,17,4,19,107,0,130,7,23,117,0,147,62,0,62,209
04/16/2020,JQF,NC,ASO,ES,Federal Contract Tower,1,4,28,0,33,0,15,127,0,142,1,19,155,0,175,128,0,128,303
04/17/2020,JQF,NC,ASO,ES,Federal Contract Tower,0,7,22,0,29,0,18,138,0,156,0,25,160,0,185,36,0,36,221
04/18/2020,JQF,NC,ASO,ES,Federal Contract Tower,0,3,20,0,23,0,14,54,0,68,0,17,74,0,91,122,0,122,213
04/19/2020,JQF,NC,ASO,ES,Federal Contract Tower,0,3,13,0,16,0,9,74,0,83,0,12,87,0,99,80,0,80,179
04/20/2020,JQF,NC,ASO,ES,Federal Contract Tower,0,5,16,0,21,0,17,29,0,46,0,22,45,0,67,10,0,10,77
04/21/2020,JQF,NC,ASO,ES,Federal Contract Tower,0,4,24,0,28,0,2,112,0,114,0,6,136,0,142,112,0,112,254
04/22/2020,JQF,NC,ASO,ES,Federal Contract Tower,0,6,29,0,35,0,8,202,0,210,0,14,231,0,245,190,0,190,435
04/23/2020,JQF,NC,ASO,ES,Federal Contract Tower,0,8,9,0,17,0,16,18,0,34,0,24,27,0,51,58,0,58,109
04/24/2020,JQF,NC,ASO,ES,Federal Contract Tower,0,9,37,0,46,0,17,124,0,141,0,26,161,0,187,114,0,114,301
04/25/2020,JQF,NC,ASO,ES,Federal Contract Tower,0,0,18,0,18,0,4,7,0,11,0,4,25,0,29,16,0,16,45
04/26/2020,JQF,NC,ASO,ES,Federal Contract Tower,0,0,14,4,18,0,0,46,2,48,0,0,60,6,66,20,0,20,86
04/27/2020,JQF,NC,ASO,ES,Federal Contract Tower,0,4,25,0,29,0,22,122,0,144,0,26,147,0,173,136,0,136,309
04/28/2020,JQF,NC,ASO,ES,Federal Contract Tower,0,8,38,0,46,0,24,174,0,198,0,32,212,0,244,140,0,140,384
04/29/2020,JQF,NC,ASO,ES,Federal Contract Tower,0,6,17,0,23,0,3,68,2,73,0,9,85,2,96,90,0,90,186
04/30/2020,JQF,NC,ASO,ES,Federal Contract Tower,2,10,21,0,33,0,17,82,0,99,2,27,103,0,132,78,0,78,210
05/01/2020,JQF,NC,ASO,ES,Federal Contract Tower,0,10,27,6,43,0,11,109,0,120,0,21,136,6,163,40,0,40,203
05/02/2020,JQF,NC,ASO,ES,Federal Contract Tower,0,2,24,0,26,0,10,179,0,189,0,12,203,0,215,70,0,70,285
05/03/2020,JQF,NC,ASO,ES,Federal Contract Tower,2,4,25,0,31,0,4,76,0,80,2,8,101,0,111,62,0,62,173
05/04/2020,JQF,NC,ASO,ES,Federal Contract Tower,0,4,22,0,26,0,10,140,6,156,0,14,162,6,182,180,0,180,362
05/05/2020,JQF,NC,ASO,ES,Federal Contract Tower,1,5,23,0,29,0,2,4,0,6,1,7,27,0,35,2,0,2,37
05/06/2020,JQF,NC,ASO,ES,Federal Contract Tower,0,8,30,0,38,0,5,83,0,88,0,13,113,0,126,144,0,144,270
05/07/2020,JQF,NC,ASO,ES,Federal Contract Tower,2,5,38,0,45,0,46,176,0,222,2,51,214,0,267,170,0,170,437
05/08/2020,JQF,NC,ASO,ES,Federal Contract Tower,5,6,33,0,44,0,5,67,0,72,5,11,100,0,116,78,0,78,194
05/09/2020,JQF,NC,ASO,ES,Federal Contract Tower,0,1,30,0,31,0,13,99,0,112,0,14,129,0,143,108,0,108,251
05/10/2020,JQF,NC,ASO,ES,Federal Contract Tower,2,0,15,0,17,0,4,81,0,85,2,4,96,0,102,66,0,66,168
05/11/2020,JQF,NC,ASO,ES,Federal Contract Tower,4,6,30,0,40,0,11,77,0,88,4,17,107,0,128,38,0,38,166
05/12/2020,JQF,NC,ASO,ES,Federal Contract Tower,0,5,33,0,38,0,18,105,2,125,0,23,138,2,163,60,0,60,223
05/13/2020,JQF,NC,ASO,ES,Federal Contract Tower,2,7,38,0,47,0,8,132,0,140,2,15,170,0,187,42,0,42,229
05/14/2020,JQF,NC,ASO,ES,Federal Contract Tower,6,4,47,0,57,0,6,114,0,120,6,10,161,0,177,30,0,30,207
05/15/2020,JQF,NC,ASO,ES,Federal Contract Tower,6,2,48,0,56,0,5,179,4,188,6,7,227,4,244,10,0,10,254
05/16/2020,JQF,NC,ASO,ES,Federal Contract Tower,4,0,20,0,24,0,8,110,0,118,4,8,130,0,142,12,0,12,154
05/17/2020,JQF,NC,ASO,ES,Federal Contract Tower,6,2,25,0,33,0,11,56,2,69,6,13,81,2,102,4,0,4,106
05/18/2020,JQF,NC,ASO,ES,Federal Contract Tower,6,6,21,0,33,0,2,12,0,14,6,8,33,0,47,2,0,2,49
05/19/2020,JQF,NC,ASO,ES,Federal Contract Tower,0,13,14,0,27,0,0,0,0,0,0,13,14,0,27,0,0,0,27
05/20/2020,JQF,NC,ASO,ES,Federal Contract Tower,0,11,18,0,29,0,0,0,0,0,0,11,18,0,29,0,0,0,29
05/21/2020,JQF,NC,ASO,ES,Federal Contract Tower,11,14,34,0,59,0,0,0,0,0,11,14,34,0,59,0,0,0,59
05/22/2020,JQF,NC,ASO,ES,Federal Contract Tower,10,11,33,0,54,0,10,50,2,62,10,21,83,2,116,2,0,2,118
05/23/2020,JQF,NC,ASO,ES,Federal Contract Tower,5,1,33,0,39,0,6,77,8,91,5,7,110,8,130,0,0,0,130
05/24/2020,JQF,NC,ASO,ES,Federal Contract Tower,7,0,25,0,32,0,3,97,0,100,7,3,122,0,132,8,0,8,140
05/25/2020,JQF,NC,ASO,ES,Federal Contract Tower,9,1,31,0,41,0,6,4,0,10,9,7,35,0,51,0,0,0,51
05/26/2020,JQF,NC,ASO,ES,Federal Contract Tower,1,9,38,0,48,0,9,65,0,74,1,18,103,0,122,0,0,0,122
05/27/2020,JQF,NC,ASO,ES,Federal Contract Tower,0,8,20,0,28,0,0,0,0,0,0,8,20,0,28,0,0,0,28
05/28/2020,JQF,NC,ASO,ES,Federal Contract Tower,4,8,45,0,57,0,22,44,0,66,4,30,89,0,123,0,0,0,123
05/29/2020,JQF,NC,ASO,ES,Federal Contract Tower,7,14,44,0,65,0,16,43,0,59,7,30,87,0,124,0,0,0,124
05/30/2020,JQF,NC,ASO,ES,Federal Contract Tower,2,3,39,0,44,0,6,125,0,131,2,9,164,0,175,0,0,0,175
05/31/2020,JQF,NC,ASO,ES,Federal Contract Tower,5,9,44,0,58,0,18,149,2,169,5,27,193,2,227,36,0,36,263
06/01/2020,JQF,NC,ASO,ES,Federal Contract Tower,10,5,32,0,47,0,6,133,0,139,10,11,165,0,186,20,0,20,206
06/02/2020,JQF,NC,ASO,ES,Federal Contract Tower,0,3,43,0,46,0,14,125,0,139,0,17,168,0,185,2,0,2,187
06/03/2020,JQF,NC,ASO,ES,Federal Contract Tower,2,17,55,0,74,0,11,138,0,149,2,28,193,0,223,26,0,26,249
06/04/2020,JQF,NC,ASO,ES,Federal Contract Tower,8,8,38,0,54,0,6,112,0,118,8,14,150,0,172,18,0,18,190
06/05/2020,JQF,NC,ASO,ES,Federal Contract Tower,12,6,37,0,55,0,8,49,0,57,12,14,86,0,112,16,0,16,128
06/06/2020,JQF,NC,ASO,ES,Federal Contract Tower,8,5,25,0,38,0,2,117,0,119,8,7,142,0,157,0,0,0,157
06/07/2020,JQF,NC,ASO,ES,Federal Contract Tower,20,2,47,0,69,0,8,118,0,126,20,10,165,0,195,30,0,30,225
06/08/2020,JQF,NC,ASO,ES,Federal Contract Tower,10,14,30,0,54,0,9,61,2,72,10,23,91,2,126,6,0,6,132
06/09/2020,JQF,NC,ASO,ES,Federal Contract Tower,0,7,27,0,34,0,14,79,2,95,0,21,106,2,129,0,0,0,129
06/10/2020,JQF,NC,ASO,ES,Federal Contract Tower,0,5,46,0,51,0,7,47,0,54,0,12,93,0,105,22,0,22,127
06/11/2020,JQF,NC,ASO,ES,Federal Contract Tower,8,9,55,0,72,0,1,81,0,82,8,10,136,0,154,40,0,40,194
06/12/2020,JQF,NC,ASO,ES,Federal Contract Tower,12,12,53,0,77,0,16,174,0,190,12,28,227,0,267,26,0,26,293
06/13/2020,JQF,NC,ASO,ES,Federal Contract Tower,11,1,33,0,45,0,0,123,0,123,11,1,156,0,168,28,0,28,196
06/14/2020,JQF,NC,ASO,ES,Federal Contract Tower,12,2,43,0,57,0,5,92,0,97,12,7,135,0,154,0,0,0,154
06/15/2020,JQF,NC,ASO,ES,Federal Contract Tower,16,5,37,0,58,0,6,30,0,36,16,11,67,0,94,0,0,0,94
06/16/2020,JQF,NC,ASO,ES,Federal Contract Tower,0,13,23,0,36,0,0,0,0,0,0,13,23,0,36,0,0,0,36
06/17/2020,JQF,NC,ASO,ES,Federal Contract Tower,0,11,59,1,71,0,11,24,1,36,0,22,83,2,107,0,0,0,107
06/18/2020,JQF,NC,ASO,ES,Federal Contract Tower,8,12,47,0,67,0,4,42,0,46,8,16,89,0,113,2,0,2,115
06/19/2020,JQF,NC,ASO,ES,Federal Contract Tower,13,9,29,0,51,0,1,72,0,73,13,10,101,0,124,12,0,12,136
06/20/2020,JQF,NC,ASO,ES,Federal Contract Tower,10,3,28,0,41,0,4,132,0,136,10,7,160,0,177,14,0,14,191
06/21/2020,JQF,NC,ASO,ES,Federal Contract Tower,15,3,36,0,54,0,13,113,1,127,15,16,149,1,181,0,0,0,181
06/22/2020,JQF,NC,ASO,ES,Federal Contract Tower,26,16,39,0,81,0,8,151,2,161,26,24,190,2,242,2,0,2,244
06/23/2020,JQF,NC,ASO,ES,Federal Contract Tower,0,8,45,0,53,0,16,106,4,126,0,24,151,4,179,2,0,2,181
06/24/2020,JQF,NC,ASO,ES,Federal Contract Tower,0,2,67,0,69,0,8,104,9,121,0,10,171,9,190,20,0,20,210
06/25/2020,JQF,NC,ASO,ES,Federal Contract Tower,8,9,46,0,63,0,10,61,4,75,8,19,107,4,138,34,0,34,172
06/26/2020,JQF,NC,ASO,ES,Federal Contract Tower,18,13,36,0,67,0,15,134,0,149,18,28,170,0,216,12,0,12,228
06/27/2020,JQF,NC,ASO,ES,Federal Contract Tower,7,6,25,0,38,0,4,90,0,94,7,10,115,0,132,14,0,14,146
06/28/2020,JQF,NC,ASO,ES,Federal Contract Tower,10,6,23,0,39,0,1,71,2,74,10,7,94,2,113,2,0,2,115
06/29/2020,JQF,NC,ASO,ES,Federal Contract Tower,12,12,22,0,46,0,11,111,0,122,12,23,133,0,168,0,0,0,168
06/30/2020,JQF,NC,ASO,ES,Federal Contract Tower,0,8,38,0,46,0,13,105,0,118,0,21,143,0,164,10,0,10,174
07/01/2020,JQF,NC,ASO,ES,Federal Contract Tower,2,13,33,0,48,0,8,98,0,106,2,21,131,0,154,32,0,32,186
07/02/2020,JQF,NC,ASO,ES,Federal Contract Tower,8,20,40,0,68,0,11,115,0,126,8,31,155,0,194,8,0,8,202
07/03/2020,JQF,NC,ASO,ES,Federal Contract Tower,12,8,41,0,61,0,2,118,0,120,12,10,159,0,181,2,0,2,183
07/04/2020,JQF,NC,ASO,ES,Federal Contract Tower,10,5,7,0,22,0,8,59,0,67,10,13,66,0,89,6,0,6,95
07/05/2020,JQF,NC,ASO,ES,Federal Contract Tower,13,1,47,0,61,0,2,63,0,65,13,3,110,0,126,2,0,2,128
07/06/2020,JQF,NC,ASO,ES,Federal Contract Tower,12,5,26,0,43,0,11,79,0,90,12,16,105,0,133,2,0,2,135
07/07/2020,JQF,NC,ASO,ES,Federal Contract Tower,0,9,48,0,57,0,5,2,0,7,0,14,50,0,64,0,0,0,64
07/08/2020,JQF,NC,ASO,ES,Federal Contract Tower,0,4,37,0,41,0,6,44,0,50,0,10,81,0,91,4,0,4,95
07/09/2020,JQF,NC,ASO,ES,Federal Contract Tower,10,8,47,0,65,0,11,64,0,75,10,19,111,0,140,0,0,0,140
07/10/2020,JQF,NC,ASO,ES,Federal Contract Tower,10,6,35,0,51,0,12,115,0,127,10,18,150,0,178,0,0,0,178
07/11/2020,JQF,NC,ASO,ES,Federal Contract Tower,9,3,30,0,42,0,2,122,0,124,9,5,152,0,166,0,0,0,166
07/12/2020,JQF,NC,ASO,ES,Federal Contract Tower,17,4,48,0,69,0,4,119,0,123,17,8,167,0,192,8,0,8,200
07/13/2020,JQF,NC,ASO,ES,Federal Contract Tower,10,4,24,0,38,0,8,87,2,97,10,12,111,2,135,0,0,0,135
07/14/2020,JQF,NC,ASO,ES,Federal Contract Tower,0,5,31,2,38,0,9,135,2,146,0,14,166,4,184,0,0,0,184
07/15/2020,JQF,NC,ASO,ES,Federal Contract Tower,7,17,53,0,77,0,15,79,0,94,7,32,132,0,171,0,0,0,171
07/16/2020,JQF,NC,ASO,ES,Federal Contract Tower,8,8,43,2,61,0,13,77,2,92,8,21,120,4,153,0,0,0,153
07/17/2020,JQF,NC,ASO,ES,Federal Contract Tower,12,8,36,0,56,0,16,89,1,106,12,24,125,1,162,8,0,8,170
07/18/2020,JQF,NC,ASO,ES,Federal Contract Tower,9,3,14,0,26,0,3,68,0,71,9,6,82,0,97,0,0,0,97
07/19/2020,JQF,NC,ASO,ES,Federal Contract Tower,17,0,36,0,53,0,1,78,0,79,17,1,114,0,132,2,0,2,134
07/20/2020,JQF,NC,ASO,ES,Federal Contract Tower,10,5,27,0,42,0,8,96,0,104,10,13,123,0,146,4,0,4,150
07/21/2020,JQF,NC,ASO,ES,Federal Contract Tower,0,8,39,0,47,0,19,114,0,133,0,27,153,0,180,18,0,18,198
07/22/2020,JQF,NC,ASO,ES,Federal Contract Tower,2,11,37,2,52,0,5,119,0,124,2,16,156,2,176,12,0,12,188
07/23/2020,JQF,NC,ASO,ES,Federal Contract Tower,14,8,46,0,68,0,11,89,0,100,14,19,135,0,168,48,0,48,216
07/24/2020,JQF,NC,ASO,ES,Federal Contract Tower,17,8,53,0,78,0,20,77,0,97,17,28,130,0,175,0,0,0,175
07/25/2020,JQF,NC,ASO,ES,Federal Contract Tower,5,2,23,0,30,0,13,87,1,101,5,15,110,1,131,10,0,10,141
07/26/2020,JQF,NC,ASO,ES,Federal Contract Tower,8,2,24,0,34,0,6,91,0,97,8,8,115,0,131,0,0,0,131
07/27/2020,JQF,NC,ASO,ES,Federal Contract Tower,11,9,38,0,58,0,7,100,2,109,11,16,138,2,167,6,0,6,173
07/28/2020,JQF,NC,ASO,ES,Federal Contract Tower,0,9,31,0,40,0,7,121,1,129,0,16,152,1,169,6,0,6,175
07/29/2020,JQF,NC,ASO,ES,Federal Contract Tower,0,10,32,0,42,0,11,84,0,95,0,21,116,0,137,0,0,0,137
07/30/2020,JQF,NC,ASO,ES,Federal Contract Tower,8,7,43,0,58,0,9,50,2,61,8,16,93,2,119,0,0,0,119
07/31/2020,JQF,NC,ASO,ES,Federal Contract Tower,11,12,37,1,61,0,10,102,0,112,11,22,139,1,173,18,0,18,191
08/01/2020,JQF,NC,ASO,ES,Federal Contract Tower,10,1,30,0,41,0,7,83,0,90,10,8,113,0,131,0,0,0,131
08/02/2020,JQF,NC,ASO,ES,Federal Contract Tower,14,3,42,0,59,0,4,59,0,63,14,7,101,0,122,2,0,2,124
08/03/2020,JQF,NC,ASO,ES,Federal Contract Tower,10,10,24,0,44,0,2,15,0,17,10,12,39,0,61,0,0,0,61
08/04/2020,JQF,NC,ASO,ES,Federal Contract Tower,0,7,35,0,42,0,15,97,0,112,0,22,132,0,154,2,0,2,156
08/05/2020,JQF,NC,ASO,ES,Federal Contract Tower,6,11,49,0,66,0,5,113,0,118,6,16,162,0,184,0,0,0,184
08/06/2020,JQF,NC,ASO,ES,Federal Contract Tower,8,10,42,2,62,0,13,65,8,86,8,23,107,10,148,0,0,0,148
08/07/2020,JQF,NC,ASO,ES,Federal Contract Tower,16,11,53,3,83,0,2,23,0,25,16,13,76,3,108,4,0,4,112
08/08/2020,JQF,NC,ASO,ES,Federal Contract Tower,7,6,38,0,51,0,8,96,0,104,7,14,134,0,155,0,0,0,155
08/09/2020,JQF,NC,ASO,ES,Federal Contract Tower,18,4,32,0,54,0,6,131,2,139,18,10,163,2,193,2,0,2,195
08/10/2020,JQF,NC,ASO,ES,Federal Contract Tower,9,13,29,0,51,0,9,80,0,89,9,22,109,0,140,0,0,0,140
08/11/2020,JQF,NC,ASO,ES,Federal Contract Tower,0,4,37,0,41,0,13,66,1,80,0,17,103,1,121,6,0,6,127
08/12/2020,JQF,NC,ASO,ES,Federal Contract Tower,4,10,44,0,58,0,8,115,2,125,4,18,159,2,183,6,0,6,189
08/13/2020,JQF,NC,ASO,ES,Federal Contract Tower,11,11,43,1,66,0,13,41,0,54,11,24,84,1,120,4,0,4,124
08/14/2020,JQF,NC,ASO,ES,Federal Contract Tower,10,11,40,1,62,0,4,38,0,42,10,15,78,1,104,100,0,100,204
08/15/2020,JQF,NC,ASO,ES,Federal Contract Tower,3,2,37,0,42,0,0,1,0,1,3,2,38,0,43,0,0,0,43
08/16/2020,JQF,NC,ASO,ES,Federal Contract Tower,17,3,56,0,76,0,2,87,0,89,17,5,143,0,165,30,0,30,195
08/17/2020,JQF,NC,ASO,ES,Federal Contract Tower,10,8,24,0,42,0,4,100,0,104,10,12,124,0,146,100,0,100,246
08/18/2020,JQF,NC,ASO,ES,Federal Contract Tower,0,15,54,0,69,0,19,165,3,187,0,34,219,3,256,112,0,112,368
08/19/2020,JQF,NC,ASO,ES,Federal Contract Tower,0,11,47,2,60,0,28,95,0,123,0,39,142,2,183,84,6,90,273
08/20/2020,JQF,NC,ASO,ES,Federal Contract Tower,8,6,44,0,58,0,13,91,0,104,8,19,135,0,162,100,0,100,262
08/21/2020,JQF,NC,ASO,ES,Federal Contract Tower,13,13,23,0,49,0,13,4,0,17,13,26,27,0,66,24,0,24,90
08/22/2020,JQF,NC,ASO,ES,Federal Contract Tower,4,8,46,0,58,0,11,58,0,69,4,19,104,0,127,110,0,110,237
08/23/2020,JQF,NC,ASO,ES,Federal Contract Tower,17,7,48,0,72,0,2,83,6,91,17,9,131,6,163,52,0,52,215
08/24/2020,JQF,NC,ASO,ES,Federal Contract Tower,8,7,47,0,62,0,6,30,2,38,8,13,77,2,100,30,0,30,130
08/25/2020,JQF,NC,ASO,ES,Federal Contract Tower,1,8,38,0,47,0,13,81,2,96,1,21,119,2,143,73,6,79,222
08/26/2020,JQF,NC,ASO,ES,Federal Contract Tower,0,6,42,0,48,0,13,99,2,114,0,19,141,2,162,108,4,112,274
08/27/2020,JQF,NC,ASO,ES,Federal Contract Tower,10,6,55,0,71,0,11,93,4,108,10,17,148,4,179,72,0,72,251
08/28/2020,JQF,NC,ASO,ES,Federal Contract Tower,10,8,62,0,80,0,4,121,0,125,10,12,183,0,205,116,0,116,321
08/29/2020,JQF,NC,ASO,ES,Federal Contract Tower,7,2,30,0,39,0,9,29,0,38,7,11,59,0,77,22,0,22,99
08/30/2020,JQF,NC,ASO,ES,Federal Contract Tower,15,0,53,0,68,0,9,179,2,190,15,9,232,2,258,82,0,82,340
08/31/2020,JQF,NC,ASO,ES,Federal Contract Tower,8,4,23,0,35,0,8,28,0,36,8,12,51,0,71,64,0,64,135
09/01/2020,JQF,NC,ASO,ES,Federal Contract Tower,0,6,50,0,56,0,11,66,0,77,0,17,116,0,133,116,0,116,249
09/02/2020,JQF,NC,ASO,ES,Federal Contract Tower,0,8,45,2,55,0,12,111,3,126,0,20,156,5,181,88,4,92,273
09/03/2020,JQF,NC,ASO,ES,Federal Contract Tower,8,7,45,0,60,0,27,114,4,145,8,34,159,4,205,36,0,36,241
09/04/2020,JQF,NC,ASO,ES,Federal Contract Tower,6,8,50,0,64,0,7,153,0,160,6,15,203,0,224,68,0,68,292
09/05/2020,JQF,NC,ASO,ES,Federal Contract Tower,0,2,24,0,26,0,6,90,0,96,0,8,114,0,122,50,0,50,172
09/06/2020,JQF,NC,ASO,ES,Federal Contract Tower,8,2,40,0,50,0,12,94,2,108,8,14,134,2,158,40,0,40,198
09/07/2020,JQF,NC,ASO,ES,Federal Contract Tower,5,11,56,0,72,0,10,99,2,111,5,21,155,2,183,42,0,42,225
09/08/2020,JQF,NC,ASO,ES,Federal Contract Tower,0,7,46,0,53,0,12,83,0,95,0,19,129,0,148,110,0,110,258
09/09/2020,JQF,NC,ASO,ES,Federal Contract Tower,0,12,59,0,71,0,0,1,0,1,0,12,60,0,72,0,14,14,86
09/10/2020,JQF,NC,ASO,ES,Federal Contract Tower,9,6,70,0,85,0,7,51,2,60,9,13,121,2,145,10,0,10,155
09/11/2020,JQF,NC,ASO,ES,Federal Contract Tower,8,15,42,0,65,0,36,76,3,115,8,51,118,3,180,124,0,124,304
09/12/2020,JQF,NC,ASO,ES,Federal Contract Tower,5,0,29,4,38,0,4,9,0,13,5,4,38,4,51,2,0,2,53
09/13/2020,JQF,NC,ASO,ES,Federal Contract Tower,13,3,50,0,66,0,0,144,0,144,13,3,194,0,210,64,0,64,274
09/14/2020,JQF,NC,ASO,ES,Federal Contract Tower,6,7,42,0,55,0,10,127,8,145,6,17,169,8,200,126,0,126,326
09/15/2020,JQF,NC,ASO,ES,Federal Contract Tower,0,14,41,0,55,0,21,148,5,174,0,35,189,5,229,154,0,154,383
09/16/2020,JQF,NC,ASO,ES,Federal Contract Tower,0,11,50,0,61,0,13,104,4,121,0,24,154,4,182,148,0,148,330
09/17/2020,JQF,NC,ASO,ES,Federal Contract Tower,8,7,23,0,38,0,0,0,0,0,8,7,23,0,38,0,0,0,38
09/18/2020,JQF,NC,ASO,ES,Federal Contract Tower,7,10,31,2,50,0,14,78,2,94,7,24,109,4,144,78,0,78,222
09/19/2020,JQF,NC,ASO,ES,Federal Contract Tower,7,2,31,0,40,0,10,68,3,81,7,12,99,3,121,20,0,20,141
09/20/2020,JQF,NC,ASO,ES,Federal Contract Tower,14,5,32,0,51,0,11,90,2,103,14,16,122,2,154,18,0,18,172
09/21/2020,JQF,NC,ASO,ES,Federal Contract Tower,6,5,43,0,54,0,19,132,1,152,6,24,175,1,206,62,8,70,276
09/22/2020,JQF,NC,ASO,ES,Federal Contract Tower,0,14,54,1,69,0,4,137,1,142,0,18,191,2,211,216,0,216,427
09/23/2020,JQF,NC,ASO,ES,Federal Contract Tower,0,8,33,0,41,0,7,143,2,152,0,15,176,2,193,98,6,104,297
09/24/2020,JQF,NC,ASO,ES,Federal Contract Tower,11,13,70,0,94,0,9,71,1,81,11,22,141,1,175,72,0,72,247
09/25/2020,JQF,NC,ASO,ES,Federal Contract Tower,8,9,23,0,40,0,0,0,0,0,8,9,23,0,40,0,0,0,40
09/26/2020,JQF,NC,ASO,ES,Federal Contract Tower,5,1,45,2,53,0,4,46,1,51,5,5,91,3,104,46,0,46,150
09/27/2020,JQF,NC,ASO,ES,Federal Contract Tower,9,1,39,0,49,0,0,94,0,94,9,1,133,0,143,62,0,62,205
09/28/2020,JQF,NC,ASO,ES,Federal Contract Tower,6,9,35,1,51,0,11,70,2,83,6,20,105,3,134,88,0,88,222
09/29/2020,JQF,NC,ASO,ES,Federal Contract Tower,0,7,34,0,41,0,7,13,0,20,0,14,47,0,61,20,0,20,81
09/30/2020,JQF,NC,ASO,ES,Federal Contract Tower,2,9,48,0,59,0,11,133,2,146,2,20,181,2,205,136,0,136,341
10/01/2020,JQF,NC,ASO,ES,Federal Contract Tower,8,9,60,0,77,0,15,102,0,117,8,24,162,0,194,118,0,118,312
10/02/2020,JQF,NC,ASO,ES,Federal Contract Tower,16,5,34,0,55,0,15,140,0,155,16,20,174,0,210,42,0,42,252
10/03/2020,JQF,NC,ASO,ES,Federal Contract Tower,9,4,21,0,34,0,9,155,0,164,9,13,176,0,198,80,0,80,278
10/04/2020,JQF,NC,ASO,ES,Federal Contract Tower,17,9,46,0,72,0,13,136,0,149,17,22,182,0,221,88,0,88,309
10/05/2020,JQF,NC,ASO,ES,Federal Contract Tower,15,8,30,0,53,0,21,122,0,143,15,29,152,0,196,30,0,30,226
10/06/2020,JQF,NC,ASO,ES,Federal Contract Tower,0,7,46,0,53,0,30,171,0,201,0,37,217,0,254,132,2,134,388
10/07/2020,JQF,NC,ASO,ES,Federal Contract Tower,0,8,35,0,43,0,29,132,0,161,0,37,167,0,204,54,0,54,258
10/08/2020,JQF,NC,ASO,ES,Federal Contract Tower,7,14,26,0,47,0,21,116,0,137,7,35,142,0,184,142,0,142,326
10/09/2020,JQF,NC,ASO,ES,Federal Contract Tower,11,6,54,2,73,0,14,40,0,54,11,20,94,2,127,42,8,50,177
10/10/2020,JQF,NC,ASO,ES,Federal Contract Tower,4,4,22,0,30,0,0,2,0,2,4,4,24,0,32,0,0,0,32
10/11/2020,JQF,NC,ASO,ES,Federal Contract Tower,10,4,31,0,45,0,5,10,0,15,10,9,41,0,60,0,0,0,60
10/12/2020,JQF,NC,ASO,ES,Federal Contract Tower,9,5,41,0,55,0,1,1,0,2,9,6,42,0,57,0,0,0,57
10/13/2020,JQF,NC,ASO,ES,Federal Contract Tower,1,12,46,0,59,0,11,74,0,85,1,23,120,0,144,72,0,72,216
10/14/2020,JQF,NC,ASO,ES,Federal Contract Tower,0,11,54,2,67,0,18,167,1,186,0,29,221,3,253,92,0,92,345
10/15/2020,JQF,NC,ASO,ES,Federal Contract Tower,10,16,48,0,74,0,8,107,2,117,10,24,155,2,191,60,0,60,251
10/16/2020,JQF,NC,ASO,ES,Federal Contract Tower,8,13,29,2,52,0,11,93,0,104,8,24,122,2,156,88,0,88,244
10/17/2020,JQF,NC,ASO,ES,Federal Contract Tower,12,7,37,0,56,0,21,137,1,159,12,28,174,1,215,50,2,52,267
10/18/2020,JQF,NC,ASO,ES,Federal Contract Tower,17,0,52,0,69,0,3,125,0,128,17,3,177,0,197,56,0,56,253
10/19/2020,JQF,NC,ASO,ES,Federal Contract Tower,8,4,38,0,50,0,11,156,1,168,8,15,194,1,218,96,0,96,314
10/20/2020,JQF,NC,ASO,ES,Federal Contract Tower,0,10,53,0,63,0,13,121,4,138,0,23,174,4,201,222,0,222,423
10/21/2020,JQF,NC,ASO,ES,Federal Contract Tower,0,17,58,0,75,0,9,101,0,110,0,26,159,0,185,168,0,168,353
10/22/2020,JQF,NC,ASO,ES,Federal Contract Tower,6,7,43,0,56,0,20,114,0,134,6,27,157,0,190,158,0,158,348
10/23/2020,JQF,NC,ASO,ES,Federal Contract Tower,10,9,38,0,57,0,6,97,0,103,10,15,135,0,160,200,0,200,360
10/24/2020,JQF,NC,ASO,ES,Federal Contract Tower,9,4,23,0,36,0,7,124,0,131,9,11,147,0,167,70,0,70,237
10/25/2020,JQF,NC,ASO,ES,Federal Contract Tower,6,2,19,0,27,0,0,0,0,0,6,2,19,0,27,0,0,0,27
10/26/2020,JQF,NC,ASO,ES,Federal Contract Tower,8,10,29,0,47,0,12,80,0,92,8,22,109,0,139,78,0,78,217
10/27/2020,JQF,NC,ASO,ES,Federal Contract Tower,0,8,37,1,46,0,5,103,0,108,0,13,140,1,154,70,0,70,224
10/28/2020,JQF,NC,ASO,ES,Federal Contract Tower,1,19,65,1,86,0,3,33,0,36,1,22,98,1,122,38,0,38,160
10/29/2020,JQF,NC,ASO,ES,Federal Contract Tower,7,13,20,0,40,0,3,2,0,5,7,16,22,0,45,0,0,0,45
10/30/2020,JQF,NC,ASO,ES,Federal Contract Tower,8,11,40,0,59,0,20,94,1,115,8,31,134,1,174,64,0,64,238
10/31/2020,JQF,NC,ASO,ES,Federal Contract Tower,0,2,25,0,27,0,5,88,1,94,0,7,113,1,121,50,0,50,171
11/01/2020,JQF,NC,ASO,ES,Federal Contract Tower,5,6,33,0,44,0,5,21,0,26,5,11,54,0,70,10,0,10,80
11/02/2020,JQF,NC,ASO,ES,Federal Contract Tower,9,8,37,1,55,0,19,164,6,189,9,27,201,7,244,164,10,174,418
11/03/2020,JQF,NC,ASO,ES,Federal Contract Tower,0,7,49,0,56,0,23,163,0,186,0,30,212,0,242,42,0,42,284
11/04/2020,JQF,NC,ASO,ES,Federal Contract Tower,0,14,51,0,65,0,15,142,2,159,0,29,193,2,224,142,0,142,366
11/05/2020,JQF,NC,ASO,ES,Federal Contract Tower,7,11,43,0,61,0,7,142,0,149,7,18,185,0,210,166,0,166,376
11/06/2020,JQF,NC,ASO,ES,Federal Contract Tower,9,4,56,0,69,0,26,114,0,140,9,30,170,0,209,58,0,58,267
11/07/2020,JQF,NC,ASO,ES,Federal Contract Tower,5,1,39,0,45,0,3,82,0,85,5,4,121,0,130,36,0,36,166
11/08/2020,JQF,NC,ASO,ES,Federal Contract Tower,8,4,48,0,60,0,1,61,0,62,8,5,109,0,122,70,0,70,192
11/09/2020,JQF,NC,ASO,ES,Federal Contract Tower,15,6,36,0,57,0,9,112,0,121,15,15,148,0,178,48,0,48,226
11/10/2020,JQF,NC,ASO,ES,Federal Contract Tower,0,11,38,0,49,0,0,13,0,13,0,11,51,0,62,8,0,8,70
11/11/2020,JQF,NC,ASO,ES,Federal Contract Tower,0,10,10,0,20,0,0,0,0,0,0,10,10,0,20,0,0,0,20
11/12/2020,JQF,NC,ASO,ES,Federal Contract Tower,6,10,12,0,28,0,0,0,0,0,6,10,12,0,28,0,0,0,28
11/13/2020,JQF,NC,ASO,ES,Federal Contract Tower,8,5,41,0,54,0,5,84,2,91,8,10,125,2,145,150,0,150,295
11/14/2020,JQF,NC,ASO,ES,Federal Contract Tower,0,6,31,0,37,0,7,129,2,138,0,13,160,2,175,100,0,100,275
11/15/2020,JQF,NC,ASO,ES,Federal Contract Tower,6,7,29,0,42,0,7,5,0,12,6,14,34,0,54,14,0,14,68
11/16/2020,JQF,NC,ASO,ES,Federal Contract Tower,8,7,39,0,54,0,18,89,0,107,8,25,128,0,161,102,0,102,263
11/19/2020,JQF,NC,ASO,ES,Federal Contract Tower,4,13,44,0,61,0,48,163,3,214,4,61,207,3,275,90,0,90,365
11/20/2020,JQF,NC,ASO,ES,Federal Contract Tower,12,7,45,0,64,0,18,138,1,157,12,25,183,1,221,66,0,66,287
11/21/2020,JQF,NC,ASO,ES,Federal Contract Tower,0,5,25,0,30,0,3,115,8,126,0,8,140,8,156,56,0,56,212
11/22/2020,JQF,NC,ASO,ES,Federal Contract Tower,6,3,48,0,57,0,6,58,0,64,6,9,106,0,121,34,0,34,155
11/23/2020,JQF,NC,ASO,ES,Federal Contract Tower,8,5,31,0,44,0,15,103,0,118,8,20,134,0,162,54,0,54,216
11/24/2020,JQF,NC,ASO,ES,Federal Contract Tower,0,9,46,0,55,0,5,125,0,130,0,14,171,0,185,80,0,80,265
11/25/2020,JQF,NC,ASO,ES,Federal Contract Tower,10,16,19,0,45,0,18,59,6,83,10,34,78,6,128,98,0,98,226
11/26/2020,JQF,NC,ASO,ES,Federal Contract Tower,0,2,2,0,4,0,2,4,0,6,0,4,6,0,10,0,0,0,10
11/27/2020,JQF,NC,ASO,ES,Federal Contract Tower,6,10,22,0,38,0,30,54,6,90,6,40,76,6,128,52,0,52,180
11/28/2020,JQF,NC,ASO,ES,Federal Contract Tower,2,6,28,0,36,0,6,133,0,139,2,12,161,0,175,88,0,88,263
11/29/2020,JQF,NC,ASO,ES,Federal Contract Tower,11,4,28,0,43,0,7,101,0,108,11,11,129,0,151,22,0,22,173
11/30/2020,JQF,NC,ASO,ES,Federal Contract Tower,8,10,19,0,37,0,10,4,0,14,8,20,23,0,51,0,0,0,51
12/01/2020,JQF,NC,ASO,ES,Federal Contract Tower,0,5,22,0,27,0,19,71,18,108,0,24,93,18,135,32,0,32,167
12/02/2020,JQF,NC,ASO,ES,Federal Contract Tower,0,7,54,0,61,0,15,108,0,123,0,22,162,0,184,222,0,222,406
12/03/2020,JQF,NC,ASO,ES,Federal Contract Tower,6,7,48,0,61,0,15,157,3,175,6,22,205,3,236,102,0,102,338
12/04/2020,JQF,NC,ASO,ES,Federal Contract Tower,12,9,19,0,40,0,6,29,2,37,12,15,48,2,77,34,0,34,111
12/05/2020,JQF,NC,ASO,ES,Federal Contract Tower,5,5,17,0,27,0,8,94,6,108,5,13,111,6,135,50,0,50,185
12/06/2020,JQF,NC,ASO,ES,Federal Contract Tower,8,5,24,0,37,0,10,106,6,122,8,15,130,6,159,42,0,42,201
12/07/2020,JQF,NC,ASO,ES,Federal Contract Tower,11,6,28,0,45,0,5,3,1,9,11,11,31,1,54,56,0,56,110
12/08/2020,JQF,NC,ASO,ES,Federal Contract Tower,0,12,19,0,31,0,7,113,7,127,0,19,132,7,158,64,0,64,222
12/09/2020,JQF,NC,ASO,ES,Federal Contract Tower,1,12,50,0,63,0,20,109,0,129,1,32,159,0,192,110,0,110,302
12/10/2020,JQF,NC,ASO,ES,Federal Contract Tower,5,11,38,1,55,0,11,101,4,116,5,22,139,5,171,59,0,59,230
12/11/2020,JQF,NC,ASO,ES,Federal Contract Tower,8,6,38,0,52,0,26,141,7,174,8,32,179,7,226,50,0,50,276
12/12/2020,JQF,NC,ASO,ES,Federal Contract Tower,0,1,29,0,30,0,3,112,4,119,0,4,141,4,149,52,0,52,201
12/13/2020,JQF,NC,ASO,ES,Federal Contract Tower,6,2,28,2,38,0,4,74,2,80,6,6,102,4,118,64,0,64,182
12/14/2020,JQF,NC,ASO,ES,Federal Contract Tower,8,21,13,0,42,0,13,24,0,37,8,34,37,0,79,6,0,6,85
12/15/2020,JQF,NC,ASO,ES,Federal Contract Tower,0,9,37,0,46,0,19,124,0,143,0,28,161,0,189,102,0,102,291
12/16/2020,JQF,NC,ASO,ES,Federal Contract Tower,0,12,20,0,32,0,0,0,0,0,0,12,20,0,32,0,0,0,32
12/17/2020,JQF,NC,ASO,ES,Federal Contract Tower,5,15,33,0,53,0,17,11,0,28,5,32,44,0,81,70,0,70,151
12/18/2020,JQF,NC,ASO,ES,Federal Contract Tower,11,8,46,0,65,0,12,123,9,144,11,20,169,9,209,46,0,46,255
12/19/2020,JQF,NC,ASO,ES,Federal Contract Tower,6,8,46,0,60,0,10,152,4,166,6,18,198,4,226,184,0,184,410
12/20/2020,JQF,NC,ASO,ES,Federal Contract Tower,6,3,14,0,23,0,0,0,0,0,6,3,14,0,23,0,0,0,23
12/21/2020,JQF,NC,ASO,ES,Federal Contract Tower,7,9,37,0,53,0,7,71,1,79,7,16,108,1,132,124,0,124,256
12/22/2020,JQF,NC,ASO,ES,Federal Contract Tower,8,8,33,0,49,0,13,125,0,138,8,21,158,0,187,166,0,166,353
12/23/2020,JQF,NC,ASO,ES,Federal Contract Tower,6,5,46,0,57,0,9,103,22,134,6,14,149,22,191,104,0,104,295
12/24/2020,JQF,NC,ASO,ES,Federal Contract Tower,8,7,4,0,19,0,0,0,0,0,8,7,4,0,19,0,0,0,19
12/25/2020,JQF,NC,ASO,ES,Federal Contract Tower,2,1,3,0,6,0,5,7,0,12,2,6,10,0,18,0,0,0,18
12/26/2020,JQF,NC,ASO,ES,Federal Contract Tower,7,1,25,0,33,0,5,71,0,76,7,6,96,0,109,16,0,16,125
12/27/2020,JQF,NC,ASO,ES,Federal Contract Tower,9,6,24,0,39,0,13,105,0,118,9,19,129,0,157,22,0,22,179
12/28/2020,JQF,NC,ASO,ES,Federal Contract Tower,8,6,21,0,35,0,22,125,2,149,8,28,146,2,184,90,0,90,274
12/29/2020,JQF,NC,ASO,ES,Federal Contract Tower,8,7,34,0,49,0,5,124,0,129,8,12,158,0,178,70,0,70,248
12/30/2020,JQF,NC,ASO,ES,Federal Contract Tower,6,11,26,0,43,0,1,34,0,35,6,12,60,0,78,24,0,24,102
12/31/2020,JQF,NC,ASO,ES,Federal Contract Tower,8,7,3,0,18,0,0,0,0,0,8,7,3,0,18,0,0,0,18
01/01/2021,JQF,NC,ASO,ES,Federal Contract Tower,4,8,5,0,17,0,0,0,0,0,4,8,5,0,17,0,0,0,17
01/02/2021,JQF,NC,ASO,ES,Federal Contract Tower,7,4,20,0,31,0,1,35,0,36,7,5,55,0,67,6,0,6,73
01/03/2021,JQF,NC,ASO,ES,Federal Contract Tower,6,5,38,0,49,0,7,9,0,16,6,12,47,0,65,14,0,14,79
01/04/2021,JQF,NC,ASO,ES,Federal Contract Tower,9,6,27,0,42,0,10,128,0,138,9,16,155,0,180,2,0,2,182
01/05/2021,JQF,NC,ASO,ES,Federal Contract Tower,0,13,29,1,43,0,15,59,2,76,0,28,88,3,119,70,0,70,189
01/06/2021,JQF,NC,ASO,ES,Federal Contract Tower,0,17,36,1,54,0,8,118,1,127,0,25,154,2,181,34,0,34,215
01/07/2021,JQF,NC,ASO,ES,Federal Contract Tower,6,7,37,0,50,0,9,91,0,100,6,16,128,0,150,30,0,30,180
01/08/2021,JQF,NC,ASO,ES,Federal Contract Tower,8,8,12,0,28,0,0,0,0,0,8,8,12,0,28,0,0,0,28
01/09/2021,JQF,NC,ASO,ES,Federal Contract Tower,0,2,25,0,27,0,6,135,2,143,0,8,160,2,170,34,0,34,204
01/10/2021,JQF,NC,ASO,ES,Federal Contract Tower,6,6,26,0,38,0,0,144,0,144,6,6,170,0,182,12,0,12,194
01/11/2021,JQF,NC,ASO,ES,Federal Contract Tower,9,8,21,0,38,0,11,99,0,110,9,19,120,0,148,0,0,0,148
01/12/2021,JQF,NC,ASO,ES,Federal Contract Tower,0,8,27,0,35,0,18,113,0,131,0,26,140,0,166,64,0,64,230
01/13/2021,JQF,NC,ASO,ES,Federal Contract Tower,0,12,33,0,45,0,8,115,4,127,0,20,148,4,172,6,0,6,178
01/14/2021,JQF,NC,ASO,ES,Federal Contract Tower,7,13,61,0,81,0,8,53,0,61,7,21,114,0,142,24,0,24,166
01/15/2021,JQF,NC,ASO,ES,Federal Contract Tower,10,10,35,0,55,0,2,9,0,11,10,12,44,0,66,16,0,16,82
01/16/2021,JQF,NC,ASO,ES,Federal Contract Tower,2,10,17,0,29,0,2,77,0,79,2,12,94,0,108,32,0,32,140
01/17/2021,JQF,NC,ASO,ES,Federal Contract Tower,6,5,26,0,37,0,5,100,0,105,6,10,126,0,142,12,0,12,154
01/18/2021,JQF,NC,ASO,ES,Federal Contract Tower,8,7,19,0,34,0,13,85,2,100,8,20,104,2,134,0,0,0,134
01/19/2021,JQF,NC,ASO,ES,Federal Contract Tower,0,8,39,2,49,0,18,99,2,119,0,26,138,4,168,62,0,62,230
01/20/2021,JQF,NC,ASO,ES,Federal Contract Tower,0,13,34,0,47,0,27,93,4,124,0,40,127,4,171,16,0,16,187
01/21/2021,JQF,NC,ASO,ES,Federal Contract Tower,10,14,39,0,63,0,17,114,4,135,10,31,153,4,198,22,0,22,220
01/22/2021,JQF,NC,ASO,ES,Federal Contract Tower,10,9,23,0,42,0,31,76,1,108,10,40,99,1,150,20,0,20,170
01/23/2021,JQF,NC,ASO,ES,Federal Contract Tower,1,0,27,0,28,0,2,112,2,116,1,2,139,2,144,26,0,26,170
01/24/2021,JQF,NC,ASO,ES,Federal Contract Tower,8,1,27,2,38,0,6,106,7,119,8,7,133,9,157,16,0,16,173
01/25/2021,JQF,NC,ASO,ES,Federal Contract Tower,8,8,14,0,30,0,2,0,0,2,8,10,14,0,32,0,0,0,32
01/26/2021,JQF,NC,ASO,ES,Federal Contract Tower,2,0,21,0,23,0,0,0,0,0,2,0,21,0,23,0,0,0,23
01/27/2021,JQF,NC,ASO,ES,Federal Contract Tower,4,8,17,0,29,4,10,45,0,59,8,18,62,0,88,4,0,4,92
01/28/2021,JQF,NC,ASO,ES,Federal Contract Tower,7,4,32,1,44,0,18,78,0,96,7,22,110,1,140,82,0,82,222
01/29/2021,JQF,NC,ASO,ES,Federal Contract Tower,11,5,39,2,57,0,10,137,0,147,11,15,176,2,204,41,0,41,245
01/30/2021,JQF,NC,ASO,ES,Federal Contract Tower,0,3,25,0,28,0,5,106,2,113,0,8,131,2,141,88,0,88,229
01/31/2021,JQF,NC,ASO,ES,Federal Contract Tower,8,0,14,0,22,0,0,0,0,0,8,0,14,0,22,0,0,0,22
02/01/2021,JQF,NC,ASO,ES,Federal Contract Tower,14,5,34,4,57,0,4,18,0,22,14,9,52,4,79,110,20,130,209
02/02/2021,JQF,NC,ASO,ES,Federal Contract Tower,0,12,22,0,34,0,10,44,0,54,0,22,66,0,88,44,0,44,132
02/03/2021,JQF,NC,ASO,ES,Federal Contract Tower,0,9,31,0,40,0,11,86,1,98,0,20,117,1,138,84,0,84,222
02/04/2021,JQF,NC,ASO,ES,Federal Contract Tower,9,10,39,0,58,0,10,125,0,135,9,20,164,0,193,18,0,18,211
02/05/2021,JQF,NC,ASO,ES,Federal Contract Tower,8,9,30,0,47,0,7,30,4,41,8,16,60,4,88,8,0,8,96
02/06/2021,JQF,NC,ASO,ES,Federal Contract Tower,0,4,13,0,17,0,21,91,0,112,0,25,104,0,129,56,0,56,185
02/07/2021,JQF,NC,ASO,ES,Federal Contract Tower,7,1,10,0,18,0,3,60,0,63,7,4,70,0,81,24,0,24,105
02/08/2021,JQF,NC,ASO,ES,Federal Contract Tower,8,7,40,0,55,0,31,134,4,169,8,38,174,4,224,52,0,52,276
02/09/2021,JQF,NC,ASO,ES,Federal Contract Tower,11,4,40,0,55,0,4,80,0,84,11,8,120,0,139,0,0,0,139
02/10/2021,JQF,NC,ASO,ES,Federal Contract Tower,4,11,58,0,73,0,1,14,0,15,4,12,72,0,88,20,0,20,108
02/11/2021,JQF,NC,ASO,ES,Federal Contract Tower,9,11,32,0,52,0,0,0,0,0,9,11,32,0,52,0,0,0,52
02/12/2021,JQF,NC,ASO,ES,Federal Contract Tower,14,14,12,0,40,0,0,0,0,0,14,14,12,0,40,0,0,0,40
02/13/2021,JQF,NC,ASO,ES,Federal Contract Tower,10,0,4,0,14,0,0,0,0,0,10,0,4,0,14,0,0,0,14
02/14/2021,JQF,NC,ASO,ES,Federal Contract Tower,11,6,12,0,29,0,0,0,0,0,11,6,12,0,29,0,0,0,29
02/15/2021,JQF,NC,ASO,ES,Federal Contract Tower,14,16,22,0,52,0,0,0,0,0,14,16,22,0,52,0,0,0,52
02/16/2021,JQF,NC,ASO,ES,Federal Contract Tower,2,12,19,1,34,0,7,74,0,81,2,19,93,1,115,82,0,82,197
02/17/2021,JQF,NC,ASO,ES,Federal Contract Tower,4,7,44,0,55,0,9,160,14,183,4,16,204,14,238,62,6,68,306
02/18/2021,JQF,NC,ASO,ES,Federal Contract Tower,0,11,17,0,28,0,0,0,0,0,0,11,17,0,28,0,0,0,28
02/19/2021,JQF,NC,ASO,ES,Federal Contract Tower,16,10,39,4,69,0,6,66,3,75,16,16,105,7,144,36,0,36,180
02/20/2021,JQF,NC,ASO,ES,Federal Contract Tower,13,3,34,0,50,0,7,130,1,138,13,10,164,1,188,40,0,40,228
02/21/2021,JQF,NC,ASO,ES,Federal Contract Tower,18,3,48,0,69,0,2,150,2,154,18,5,198,2,223,54,0,54,277
02/22/2021,JQF,NC,ASO,ES,Federal Contract Tower,15,6,20,0,41,0,14,34,0,48,15,20,54,0,89,60,0,60,149
02/23/2021,JQF,NC,ASO,ES,Federal Contract Tower,0,10,48,0,58,0,19,132,0,151,0,29,180,0,209,54,0,54,263
02/24/2021,JQF,NC,ASO,ES,Federal Contract Tower,2,8,41,0,51,0,16,173,0,189,2,24,214,0,240,126,0,126,366
02/25/2021,JQF,NC,ASO,ES,Federal Contract Tower,7,6,52,0,65,0,19,159,1,179,7,25,211,1,244,14,0,14,258
02/26/2021,JQF,NC,ASO,ES,Federal Contract Tower,14,10,36,0,60,0,0,6,0,6,14,10,42,0,66,0,0,0,66
02/27/2021,JQF,NC,ASO,ES,Federal Contract Tower,14,6,40,0,60,0,1,3,0,4,14,7,43,0,64,0,0,0,64
02/28/2021,JQF,NC,ASO,ES,Federal Contract Tower,14,3,38,0,55,0,4,35,2,41,14,7,73,2,96,0,0,0,96
03/01/2021,JQF,NC,ASO,ES,Federal Contract Tower,14,4,34,0,52,0,15,51,2,68,14,19,85,2,120,0,0,0,120
03/02/2021,JQF,NC,ASO,ES,Federal Contract Tower,6,7,38,0,51,0,18,113,0,131,6,25,151,0,182,100,0,100,282
03/03/2021,JQF,NC,ASO,ES,Federal Contract Tower,6,5,45,2,58,0,18,103,4,125,6,23,148,6,183,48,0,48,231
03/04/2021,JQF,NC,ASO,ES,Federal Contract Tower,8,9,42,0,59,0,20,122,0,142,8,29,164,0,201,54,0,54,255
03/05/2021,JQF,NC,ASO,ES,Federal Contract Tower,14,5,40,0,59,0,13,109,1,123,14,18,149,1,182,40,0,40,222
03/06/2021,JQF,NC,ASO,ES,Federal Contract Tower,11,4,21,0,36,0,10,145,1,156,11,14,166,1,192,28,0,28,220
03/07/2021,JQF,NC,ASO,ES,Federal Contract Tower,9,1,30,0,40,0,10,116,9,135,9,11,146,9,175,66,0,66,241
03/08/2021,JQF,NC,ASO,ES,Federal Contract Tower,16,9,38,0,63,0,14,132,0,146,16,23,170,0,209,12,0,12,221
03/09/2021,JQF,NC,ASO,ES,Federal Contract Tower,2,7,38,0,47,0,6,123,0,129,2,13,161,0,176,62,0,62,238
03/10/2021,JQF,NC,ASO,ES,Federal Contract Tower,6,10,47,0,63,0,9,154,4,167,6,19,201,4,230,32,2,34,264
03/11/2021,JQF,NC,ASO,ES,Federal Contract Tower,9,6,47,0,62,0,17,165,0,182,9,23,212,0,244,52,0,52,296
03/12/2021,JQF,NC,ASO,ES,Federal Contract Tower,15,10,36,0,61,0,19,147,0,166,15,29,183,0,227,51,0,51,278
03/13/2021,JQF,NC,ASO,ES,Federal Contract Tower,12,4,26,0,42,0,4,128,2,134,12,8,154,2,176,38,0,38,214
03/14/2021,JQF,NC,ASO,ES,Federal Contract Tower,9,4,26,0,39,0,5,82,2,89,9,9,108,2,128,36,0,36,164
03/15/2021,JQF,NC,ASO,ES,Federal Contract Tower,17,5,28,3,53,0,10,83,0,93,17,15,111,3,146,76,0,76,222
03/16/2021,JQF,NC,ASO,ES,Federal Contract Tower,2,8,22,0,32,0,0,0,0,0,2,8,22,0,32,0,0,0,32
03/17/2021,JQF,NC,ASO,ES,Federal Contract Tower,5,12,22,0,39,0,0,2,0,2,5,12,24,0,41,0,0,0,41
03/18/2021,JQF,NC,ASO,ES,Federal Contract Tower,11,10,16,0,37,0,3,1,0,4,11,13,17,0,41,0,0,0,41
03/19/2021,JQF,NC,ASO,ES,Federal Contract Tower,12,7,35,0,54,0,12,35,7,54,12,19,70,7,108,0,0,0,108
03/20/2021,JQF,NC,ASO,ES,Federal Contract Tower,13,9,33,0,55,0,8,129,0,137,13,17,162,0,192,66,0,66,258
03/21/2021,JQF,NC,ASO,ES,Federal Contract Tower,17,10,36,0,63,0,7,92,0,99,17,17,128,0,162,22,0,22,184
03/22/2021,JQF,NC,ASO,ES,Federal Contract Tower,17,3,33,0,53,0,18,101,0,119,17,21,134,0,172,92,0,92,264
03/23/2021,JQF,NC,ASO,ES,Federal Contract Tower,3,13,49,4,69,0,10,32,0,42,3,23,81,4,111,90,0,90,201
03/24/2021,JQF,NC,ASO,ES,Federal Contract Tower,3,10,48,0,61,0,4,55,0,59,3,14,103,0,120,88,0,88,208
03/25/2021,JQF,NC,ASO,ES,Federal Contract Tower,8,15,33,0,56,0,2,14,0,16,8,17,47,0,72,60,0,60,132
03/26/2021,JQF,NC,ASO,ES,Federal Contract Tower,14,4,42,0,60,0,20,70,0,90,14,24,112,0,150,40,0,40,190
03/27/2021,JQF,NC,ASO,ES,Federal Contract Tower,7,8,15,0,30,0,9,53,0,62,7,17,68,0,92,88,0,88,180
03/28/2021,JQF,NC,ASO,ES,Federal Contract Tower,8,3,14,1,26,0,9,6,0,15,8,12,20,1,41,16,0,16,57
03/29/2021,JQF,NC,ASO,ES,Federal Contract Tower,21,6,39,3,69,0,6,181,4,191,21,12,220,7,260,66,0,66,326
03/30/2021,JQF,NC,ASO,ES,Federal Contract Tower,2,4,34,0,40,0,16,161,0,177,2,20,195,0,217,68,0,68,285
03/31/2021,JQF,NC,ASO,ES,Federal Contract Tower,6,8,23,0,37,0,3,0,0,3,6,11,23,0,40,0,0,0,40
04/01/2021,JQF,NC,ASO,ES,Federal Contract Tower,6,14,35,0,55,0,14,50,0,64,6,28,85,0,119,20,0,20,139
04/02/2021,JQF,NC,ASO,ES,Federal Contract Tower,12,9,23,0,44,0,28,93,4,125,12,37,116,4,169,162,0,162,331
04/03/2021,JQF,NC,ASO,ES,Federal Contract Tower,7,3,20,0,30,0,5,179,0,184,7,8,199,0,214,168,0,168,382
04/04/2021,JQF,NC,ASO,ES,Federal Contract Tower,8,7,18,1,34,0,6,151,0,157,8,13,169,1,191,56,0,56,247
04/05/2021,JQF,NC,ASO,ES,Federal Contract Tower,12,7,46,0,65,0,16,138,1,155,12,23,184,1,220,70,0,70,290
04/06/2021,JQF,NC,ASO,ES,Federal Contract Tower,2,7,31,0,40,0,19,136,2,157,2,26,167,2,197,78,0,78,275
04/07/2021,JQF,NC,ASO,ES,Federal Contract Tower,11,17,41,0,69,0,15,152,12,179,11,32,193,12,248,88,0,88,336
04/08/2021,JQF,NC,ASO,ES,Federal Contract Tower,8,12,42,1,63,0,14,121,1,136,8,26,163,2,199,72,0,72,271
04/09/2021,JQF,NC,ASO,ES,Federal Contract Tower,11,13,47,0,71,0,28,99,0,127,11,41,146,0,198,8,0,8,206
04/10/2021,JQF,NC,ASO,ES,Federal Contract Tower,6,2,15,1,24,0,2,21,0,23,6,4,36,1,47,0,0,0,47
04/11/2021,JQF,NC,ASO,ES,Federal Contract Tower,4,14,28,0,46,0,7,60,0,67,4,21,88,0,113,0,0,0,113
04/12/2021,JQF,NC,ASO,ES,Federal Contract Tower,9,8,39,0,56,0,15,111,2,128,9,23,150,2,184,48,0,48,232
04/13/2021,JQF,NC,ASO,ES,Federal Contract Tower,3,7,32,0,42,0,33,170,0,203,3,40,202,0,245,18,0,18,263
04/14/2021,JQF,NC,ASO,ES,Federal Contract Tower,4,6,46,0,56,0,20,135,2,157,4,26,181,2,213,40,0,40,253
04/15/2021,JQF,NC,ASO,ES,Federal Contract Tower,8,8,45,2,63,0,19,124,2,145,8,27,169,4,208,46,0,46,254
04/16/2021,JQF,NC,ASO,ES,Federal Contract Tower,12,10,41,0,63,0,22,121,0,143,12,32,162,0,206,160,0,160,366
04/17/2021,JQF,NC,ASO,ES,Federal Contract Tower,7,3,23,0,33,0,3,99,0,102,7,6,122,0,135,86,0,86,221
04/18/2021,JQF,NC,ASO,ES,Federal Contract Tower,17,5,45,0,67,0,9,110,2,121,17,14,155,2,188,32,0,32,220
04/19/2021,JQF,NC,ASO,ES,Federal Contract Tower,11,11,43,0,65,0,11,105,0,116,11,22,148,0,181,54,0,54,235
04/20/2021,JQF,NC,ASO,ES,Federal Contract Tower,5,6,34,0,45,0,25,108,4,137,5,31,142,4,182,54,0,54,236
04/21/2021,JQF,NC,ASO,ES,Federal Contract Tower,2,9,38,0,49,0,5,64,0,69,2,14,102,0,118,30,0,30,148
04/22/2021,JQF,NC,ASO,ES,Federal Contract Tower,7,10,39,0,56,0,17,128,4,149,7,27,167,4,205,28,0,28,233
04/23/2021,JQF,NC,ASO,ES,Federal Contract Tower,16,13,26,0,55,0,12,172,1,185,16,25,198,1,240,142,0,142,382
04/24/2021,JQF,NC,ASO,ES,Federal Contract Tower,17,5,8,0,30,0,5,0,0,5,17,10,8,0,35,64,0,64,99
04/25/2021,JQF,NC,ASO,ES,Federal Contract Tower,20,6,48,0,74,0,10,79,2,91,20,16,127,2,165,28,0,28,193
04/26/2021,JQF,NC,ASO,ES,Federal Contract Tower,12,8,47,0,67,0,19,181,0,200,12,27,228,0,267,89,0,89,356
04/27/2021,JQF,NC,ASO,ES,Federal Contract Tower,2,9,37,0,48,0,20,135,0,155,2,29,172,0,203,100,0,100,303
04/28/2021,JQF,NC,ASO,ES,Federal Contract Tower,3,9,44,0,56,0,20,106,7,133,3,29,150,7,189,44,0,44,233
04/29/2021,JQF,NC,ASO,ES,Federal Contract Tower,8,8,41,0,57,0,5,64,10,79,8,13,105,10,136,46,0,46,182
04/30/2021,JQF,NC,ASO,ES,Federal Contract Tower,14,12,19,0,45,0,17,99,4,120,14,29,118,4,165,12,0,12,177
05/01/2021,JQF,NC,ASO,ES,Federal Contract Tower,11,5,28,0,44,0,7,151,4,162,11,12,179,4,206,128,0,128,334
05/02/2021,JQF,NC,ASO,ES,Federal Contract Tower,15,9,34,0,58,0,5,82,4,91,15,14,116,4,149,32,0,32,181
05/03/2021,JQF,NC,ASO,ES,Federal Contract Tower,12,7,14,1,34,0,2,1,1,4,12,9,15,2,38,0,0,0,38
05/04/2021,JQF,NC,ASO,ES,Federal Contract Tower,2,23,40,1,66,0,9,19,0,28,2,32,59,1,94,4,0,4,98
05/05/2021,JQF,NC,ASO,ES,Federal Contract Tower,2,11,50,0,63,0,7,98,1,106,2,18,148,1,169,56,0,56,225
05/06/2021,JQF,NC,ASO,ES,Federal Contract Tower,8,12,35,0,55,0,10,153,0,163,8,22,188,0,218,44,0,44,262
05/07/2021,JQF,NC,ASO,ES,Federal Contract Tower,12,9,40,0,61,0,23,76,2,101,12,32,116,2,162,80,0,80,242
05/08/2021,JQF,NC,ASO,ES,Federal Contract Tower,4,4,16,0,24,0,8,89,1,98,4,12,105,1,122,52,0,52,174
05/09/2021,JQF,NC,ASO,ES,Federal Contract Tower,6,2,27,0,35,0,19,57,0,76,6,21,84,0,111,92,0,92,203
05/10/2021,JQF,NC,ASO,ES,Federal Contract Tower,12,4,44,0,60,0,14,50,0,64,12,18,94,0,124,58,0,58,182
05/11/2021,JQF,NC,ASO,ES,Federal Contract Tower,2,9,58,0,69,0,9,134,0,143,2,18,192,0,212,64,0,64,276
05/12/2021,JQF,NC,ASO,ES,Federal Contract Tower,2,10,57,0,69,0,7,26,0,33,2,17,83,0,102,38,0,38,140
05/13/2021,JQF,NC,ASO,ES,Federal Contract Tower,8,8,43,0,59,0,12,143,0,155,8,20,186,0,214,116,0,116,330
05/14/2021,JQF,NC,ASO,ES,Federal Contract Tower,15,12,50,0,77,0,15,115,2,132,15,27,165,2,209,90,0,90,299
05/15/2021,JQF,NC,ASO,ES,Federal Contract Tower,14,14,29,2,59,0,14,132,0,146,14,28,161,2,205,82,0,82,287
05/16/2021,JQF,NC,ASO,ES,Federal Contract Tower,15,11,46,0,72,0,9,97,0,106,15,20,143,0,178,48,0,48,226
05/17/2021,JQF,NC,ASO,ES,Federal Contract Tower,14,15,65,0,94,0,14,156,0,170,14,29,221,0,264,74,0,74,338
05/18/2021,JQF,NC,ASO,ES,Federal Contract Tower,3,8,55,0,66,0,20,123,0,143,3,28,178,0,209,76,0,76,285
05/19/2021,JQF,NC,ASO,ES,Federal Contract Tower,2,14,59,0,75,0,15,134,0,149,2,29,193,0,224,90,0,90,314
05/20/2021,JQF,NC,ASO,ES,Federal Contract Tower,10,10,43,0,63,0,17,117,2,136,10,27,160,2,199,96,2,98,297
05/21/2021,JQF,NC,ASO,ES,Federal Contract Tower,20,24,53,0,97,0,6,95,0,101,20,30,148,0,198,66,0,66,264
05/22/2021,JQF,NC,ASO,ES,Federal Contract Tower,8,11,32,2,53,0,2,112,0,114,8,13,144,2,167,72,0,72,239
05/23/2021,JQF,NC,ASO,ES,Federal Contract Tower,14,10,39,0,63,0,6,85,0,91,14,16,124,0,154,36,0,36,190
05/24/2021,JQF,NC,ASO,ES,Federal Contract Tower,16,15,32,0,63,0,7,111,2,120,16,22,143,2,183,74,0,74,257
05/25/2021,JQF,NC,ASO,ES,Federal Contract Tower,3,19,46,0,68,0,11,68,0,79,3,30,114,0,147,72,0,72,219
05/26/2021,JQF,NC,ASO,ES,Federal Contract Tower,2,14,45,0,61,0,5,116,0,121,2,19,161,0,182,80,0,80,262
05/27/2021,JQF,NC,ASO,ES,Federal Contract Tower,8,20,56,0,84,0,13,100,0,113,8,33,156,0,197,156,0,156,353
05/28/2021,JQF,NC,ASO,ES,Federal Contract Tower,14,14,47,0,75,0,21,62,0,83,14,35,109,0,158,44,0,44,202
05/29/2021,JQF,NC,ASO,ES,Federal Contract Tower,6,15,46,0,67,0,6,20,0,26,6,21,66,0,93,82,0,82,175
05/30/2021,JQF,NC,ASO,ES,Federal Contract Tower,8,4,44,6,62,0,15,41,20,76,8,19,85,26,138,116,0,116,254
05/31/2021,JQF,NC,ASO,ES,Federal Contract Tower,14,6,46,0,66,0,10,136,3,149,14,16,182,3,215,104,0,104,319
06/01/2021,JQF,NC,ASO,ES,Federal Contract Tower,4,13,41,0,58,0,19,166,0,185,4,32,207,0,243,88,0,88,331
06/02/2021,JQF,NC,ASO,ES,Federal Contract Tower,4,25,64,5,98,0,16,35,0,51,4,41,99,5,149,52,4,56,205
06/03/2021,JQF,NC,ASO,ES,Federal Contract Tower,10,26,28,0,64,0,6,17,0,23,10,32,45,0,87,56,0,56,143
06/04/2021,JQF,NC,ASO,ES,Federal Contract Tower,15,10,55,0,80,0,8,79,0,87,15,18,134,0,167,52,0,52,219
06/05/2021,JQF,NC,ASO,ES,Federal Contract Tower,8,7,29,1,45,0,6,165,0,171,8,13,194,1,216,54,0,54,270
06/06/2021,JQF,NC,ASO,ES,Federal Contract Tower,13,13,36,0,62,0,4,99,0,103,13,17,135,0,165,50,0,50,215
06/07/2021,JQF,NC,ASO,ES,Federal Contract Tower,14,11,33,0,58,0,0,25,0,25,14,11,58,0,83,46,0,46,129
06/08/2021,JQF,NC,ASO,ES,Federal Contract Tower,4,18,35,2,59,0,10,46,0,56,4,28,81,2,115,68,0,68,183
06/09/2021,JQF,NC,ASO,ES,Federal Contract Tower,6,14,72,0,92,0,13,96,0,109,6,27,168,0,201,30,0,30,231
06/10/2021,JQF,NC,ASO,ES,Federal Contract Tower,12,14,45,0,71,0,9,75,0,84,12,23,120,0,155,62,0,62,217
06/11/2021,JQF,NC,ASO,ES,Federal Contract Tower,13,11,33,0,57,0,12,37,0,49,13,23,70,0,106,148,0,148,254
06/12/2021,JQF,NC,ASO,ES,Federal Contract Tower,8,8,25,0,41,0,3,16,0,19,8,11,41,0,60,52,0,52,112
06/13/2021,JQF,NC,ASO,ES,Federal Contract Tower,21,11,52,0,84,0,9,73,2,84,21,20,125,2,168,144,0,144,312
06/14/2021,JQF,NC,ASO,ES,Federal Contract Tower,17,7,29,0,53,0,10,113,0,123,17,17,142,0,176,152,0,152,328
06/15/2021,JQF,NC,ASO,ES,Federal Contract Tower,6,6,49,0,61,0,15,122,1,138,6,21,171,1,199,68,0,68,267
06/16/2021,JQF,NC,ASO,ES,Federal Contract Tower,6,14,34,0,54,0,15,154,0,169,6,29,188,0,223,70,0,70,293
06/17/2021,JQF,NC,ASO,ES,Federal Contract Tower,12,12,35,0,59,7,42,126,0,175,19,54,161,0,234,44,0,44,278
06/18/2021,JQF,NC,ASO,ES,Federal Contract Tower,16,16,54,0,86,0,15,138,0,153,16,31,192,0,239,54,0,54,293
06/19/2021,JQF,NC,ASO,ES,Federal Contract Tower,9,7,26,0,42,0,6,99,0,105,9,13,125,0,147,14,0,14,161
06/20/2021,JQF,NC,ASO,ES,Federal Contract Tower,11,12,22,0,45,0,0,4,0,4,11,12,26,0,49,2,0,2,51
06/21/2021,JQF,NC,ASO,ES,Federal Contract Tower,15,29,30,0,74,0,32,106,0,138,15,61,136,0,212,58,0,58,270
06/22/2021,JQF,NC,ASO,ES,Federal Contract Tower,5,10,37,0,52,0,2,31,1,34,5,12,68,1,86,8,0,8,94
06/23/2021,JQF,NC,ASO,ES,Federal Contract Tower,7,22,55,0,84,0,7,153,0,160,7,29,208,0,244,106,0,106,350
06/24/2021,JQF,NC,ASO,ES,Federal Contract Tower,12,21,54,0,87,0,3,150,4,157,12,24,204,4,244,86,0,86,330
06/25/2021,JQF,NC,ASO,ES,Federal Contract Tower,19,12,40,0,71,0,11,166,4,181,19,23,206,4,252,76,0,76,328
06/26/2021,JQF,NC,ASO,ES,Federal Contract Tower,7,5,35,1,48,0,9,53,2,64,7,14,88,3,112,36,2,38,150
06/27/2021,JQF,NC,ASO,ES,Federal Contract Tower,25,7,43,1,76,0,3,35,0,38,25,10,78,1,114,74,0,74,188
06/28/2021,JQF,NC,ASO,ES,Federal Contract Tower,16,14,43,1,74,0,6,109,1,116,16,20,152,2,190,104,0,104,294
06/29/2021,JQF,NC,ASO,ES,Federal Contract Tower,6,11,45,0,62,0,12,71,0,83,6,23,116,0,145,82,0,82,227
06/30/2021,JQF,NC,ASO,ES,Federal Contract Tower,8,22,50,2,82,0,6,74,2,82,8,28,124,4,164,120,0,120,284
07/01/2021,JQF,NC,ASO,ES,Federal Contract Tower,10,10,23,0,43,0,16,133,12,161,10,26,156,12,204,76,0,76,280
07/02/2021,JQF,NC,ASO,ES,Federal Contract Tower,15,8,39,0,62,0,6,34,1,41,15,14,73,1,103,30,0,30,133
07/03/2021,JQF,NC,ASO,ES,Federal Contract Tower,7,17,16,0,40,0,17,110,0,127,7,34,126,0,167,70,0,70,237
07/04/2021,JQF,NC,ASO,ES,Federal Contract Tower,15,16,15,0,46,0,6,33,0,39,15,22,48,0,85,12,0,12,97
07/05/2021,JQF,NC,ASO,ES,Federal Contract Tower,13,4,45,0,62,0,5,76,2,83,13,9,121,2,145,80,0,80,225
07/06/2021,JQF,NC,ASO,ES,Federal Contract Tower,8,11,24,0,43,0,12,88,0,100,8,23,112,0,143,72,0,72,215
07/07/2021,JQF,NC,ASO,ES,Federal Contract Tower,6,15,37,0,58,0,7,85,0,92,6,22,122,0,150,34,0,34,184
07/08/2021,JQF,NC,ASO,ES,Federal Contract Tower,11,6,20,0,37,0,13,12,0,25,11,19,32,0,62,2,0,2,64
07/09/2021,JQF,NC,ASO,ES,Federal Contract Tower,17,6,40,0,63,0,17,92,5,114,17,23,132,5,177,50,0,50,227
07/10/2021,JQF,NC,ASO,ES,Federal Contract Tower,12,2,27,0,41,0,6,92,2,100,12,8,119,2,141,0,0,0,141
07/11/2021,JQF,NC,ASO,ES,Federal Contract Tower,23,7,34,0,64,0,19,59,2,80,23,26,93,2,144,0,0,0,144
07/12/2021,JQF,NC,ASO,ES,Federal Contract Tower,12,9,34,0,55,0,15,90,0,105,12,24,124,0,160,4,0,4,164
07/13/2021,JQF,NC,ASO,ES,Federal Contract Tower,5,12,51,0,68,0,6,99,14,119,5,18,150,14,187,48,4,52,239
07/14/2021,JQF,NC,ASO,ES,Federal Contract Tower,6,10,35,0,51,0,9,80,0,89,6,19,115,0,140,24,0,24,164
07/15/2021,JQF,NC,ASO,ES,Federal Contract Tower,12,12,50,0,74,0,13,106,0,119,12,25,156,0,193,94,0,94,287
07/16/2021,JQF,NC,ASO,ES,Federal Contract Tower,17,16,33,0,66,0,18,135,2,155,17,34,168,2,221,94,0,94,315
07/17/2021,JQF,NC,ASO,ES,Federal Contract Tower,14,2,27,0,43,0,10,101,2,113,14,12,128,2,156,110,0,110,266
07/18/2021,JQF,NC,ASO,ES,Federal Contract Tower,15,7,36,0,58,0,6,80,0,86,15,13,116,0,144,86,0,86,230
07/19/2021,JQF,NC,ASO,ES,Federal Contract Tower,14,7,46,2,69,0,4,2,0,6,14,11,48,2,75,44,0,44,119
07/20/2021,JQF,NC,ASO,ES,Federal Contract Tower,4,9,55,0,68,0,6,79,0,85,4,15,134,0,153,140,0,140,293
07/21/2021,JQF,NC,ASO,ES,Federal Contract Tower,7,7,47,3,64,0,7,100,2,109,7,14,147,5,173,130,0,130,303
07/22/2021,JQF,NC,ASO,ES,Federal Contract Tower,12,11,56,0,79,0,38,119,0,157,12,49,175,0,236,92,0,92,328
07/23/2021,JQF,NC,ASO,ES,Federal Contract Tower,11,14,42,0,67,0,8,83,0,91,11,22,125,0,158,82,0,82,240
07/24/2021,JQF,NC,ASO,ES,Federal Contract Tower,7,9,45,0,61,0,9,76,1,86,7,18,121,1,147,94,0,94,241
07/25/2021,JQF,NC,ASO,ES,Federal Contract Tower,13,4,38,0,55,0,1,55,0,56,13,5,93,0,111,68,0,68,179
07/26/2021,JQF,NC,ASO,ES,Federal Contract Tower,12,5,39,0,56,0,9,61,8,78,12,14,100,8,134,40,0,40,174
07/27/2021,JQF,NC,ASO,ES,Federal Contract Tower,5,8,48,0,61,0,5,74,3,82,5,13,122,3,143,10,0,10,153
07/28/2021,JQF,NC,ASO,ES,Federal Contract Tower,6,9,54,1,70,0,12,107,1,120,6,21,161,2,190,64,0,64,254
07/29/2021,JQF,NC,ASO,ES,Federal Contract Tower,11,7,41,1,60,0,8,115,3,126,11,15,156,4,186,116,0,116,302
07/30/2021,JQF,NC,ASO,ES,Federal Contract Tower,12,10,30,0,52,0,27,108,0,135,12,37,138,0,187,80,0,80,267
07/31/2021,JQF,NC,ASO,ES,Federal Contract Tower,7,7,34,0,48,0,2,135,0,137,7,9,169,0,185,58,0,58,243
08/01/2021,JQF,NC,ASO,ES,Federal Contract Tower,10,13,32,0,55,0,4,63,0,67,10,17,95,0,122,56,0,56,178
08/02/2021,JQF,NC,ASO,ES,Federal Contract Tower,10,5,34,1,50,0,7,106,0,113,10,12,140,1,163,54,0,54,217
08/03/2021,JQF,NC,ASO,ES,Federal Contract Tower,2,15,27,2,46,0,7,35,0,42,2,22,62,2,88,48,0,48,136
08/04/2021,JQF,NC,ASO,ES,Federal Contract Tower,4,21,54,0,79,0,9,74,0,83,4,30,128,0,162,48,2,50,212
08/05/2021,JQF,NC,ASO,ES,Federal Contract Tower,10,19,49,1,79,0,20,124,1,145,10,39,173,2,224,60,0,60,284
08/06/2021,JQF,NC,ASO,ES,Federal Contract Tower,13,11,37,0,61,0,11,137,0,148,13,22,174,0,209,158,0,158,367
08/07/2021,JQF,NC,ASO,ES,Federal Contract Tower,15,2,32,0,49,0,13,43,0,56,15,15,75,0,105,66,0,66,171
08/08/2021,JQF,NC,ASO,ES,Federal Contract Tower,21,13,37,0,71,0,3,130,0,133,21,16,167,0,204,62,0,62,266
08/09/2021,JQF,NC,ASO,ES,Federal Contract Tower,11,14,48,2,75,0,17,115,2,134,11,31,163,4,209,114,0,114,323
08/10/2021,JQF,NC,ASO,ES,Federal Contract Tower,3,9,41,0,53,0,7,98,0,105,3,16,139,0,158,88,0,88,246
08/11/2021,JQF,NC,ASO,ES,Federal Contract Tower,4,5,38,0,47,0,9,120,0,129,4,14,158,0,176,88,0,88,264
08/12/2021,JQF,NC,ASO,ES,Federal Contract Tower,8,10,33,0,51,0,9,108,0,117,8,19,141,0,168,118,0,118,286
08/13/2021,JQF,NC,ASO,ES,Federal Contract Tower,19,13,26,0,58,0,15,126,2,143,19,28,152,2,201,86,0,86,287
08/14/2021,JQF,NC,ASO,ES,Federal Contract Tower,10,5,23,0,38,0,5,90,2,97,10,10,113,2,135,48,0,48,183
08/15/2021,JQF,NC,ASO,ES,Federal Contract Tower,18,9,47,0,74,0,3,32,0,35,18,12,79,0,109,106,0,106,215
08/16/2021,JQF,NC,ASO,ES,Federal Contract Tower,12,15,30,1,58,0,9,15,0,24,12,24,45,1,82,48,0,48,130
08/17/2021,JQF,NC,ASO,ES,Federal Contract Tower,0,14,25,0,39,0,4,0,0,4,0,18,25,0,43,0,0,0,43
08/18/2021,JQF,NC,ASO,ES,Federal Contract Tower,0,18,45,1,64,0,13,74,0,87,0,31,119,1,151,158,18,176,327
08/19/2021,JQF,NC,ASO,ES,Federal Contract Tower,8,14,31,0,53,0,19,99,0,118,8,33,130,0,171,202,0,202,373
08/20/2021,JQF,NC,ASO,ES,Federal Contract Tower,13,9,48,0,70,0,7,126,0,133,13,16,174,0,203,222,0,222,425
08/21/2021,JQF,NC,ASO,ES,Federal Contract Tower,10,4,31,0,45,0,14,104,2,120,10,18,135,2,165,62,0,62,227
08/22/2021,JQF,NC,ASO,ES,Federal Contract Tower,17,8,41,0,66,0,19,87,0,106,17,27,128,0,172,50,0,50,222
08/23/2021,JQF,NC,ASO,ES,Federal Contract Tower,8,14,34,0,56,0,17,96,0,113,8,31,130,0,169,94,0,94,263
08/24/2021,JQF,NC,ASO,ES,Federal Contract Tower,2,9,26,0,37,0,22,118,1,141,2,31,144,1,178,62,0,62,240
08/25/2021,JQF,NC,ASO,ES,Federal Contract Tower,2,13,31,0,46,0,14,94,0,108,2,27,125,0,154,38,0,38,192
08/26/2021,JQF,NC,ASO,ES,Federal Contract Tower,8,11,50,5,74,0,11,105,0,116,8,22,155,5,190,96,0,96,286
08/27/2021,JQF,NC,ASO,ES,Federal Contract Tower,17,8,39,0,64,0,14,102,2,118,17,22,141,2,182,96,2,98,280
08/28/2021,JQF,NC,ASO,ES,Federal Contract Tower,9,9,37,0,55,0,14,136,0,150,9,23,173,0,205,52,0,52,257
08/29/2021,JQF,NC,ASO,ES,Federal Contract Tower,17,5,31,0,53,0,2,109,0,111,17,7,140,0,164,84,0,84,248
08/30/2021,JQF,NC,ASO,ES,Federal Contract Tower,7,9,19,0,35,0,16,163,0,179,7,25,182,0,214,104,0,104,318
08/31/2021,JQF,NC,ASO,ES,Federal Contract Tower,1,24,34,0,59,0,6,132,0,138,1,30,166,0,197,122,0,122,319
09/01/2021,JQF,NC,ASO,ES,Federal Contract Tower,0,8,29,0,37,0,13,5,0,18,0,21,34,0,55,2,0,2,57
09/02/2021,JQF,NC,ASO,ES,Federal Contract Tower,8,14,54,0,76,0,8,135,0,143,8,22,189,0,219,28,0,28,247
09/03/2021,JQF,NC,ASO,ES,Federal Contract Tower,6,8,50,1,65,0,19,131,1,151,6,27,181,2,216,48,0,48,264
09/04/2021,JQF,NC,ASO,ES,Federal Contract Tower,2,7,29,0,38,0,7,118,8,133,2,14,147,8,171,116,0,116,287
09/05/2021,JQF,NC,ASO,ES,Federal Contract Tower,9,5,23,0,37,0,10,86,0,96,9,15,109,0,133,70,0,70,203
09/06/2021,JQF,NC,ASO,ES,Federal Contract Tower,7,1,40,0,48,0,6,148,4,158,7,7,188,4,206,28,0,28,234
09/07/2021,JQF,NC,ASO,ES,Federal Contract Tower,6,5,57,0,68,0,12,150,3,165,6,17,207,3,233,34,0,34,267
09/08/2021,JQF,NC,ASO,ES,Federal Contract Tower,6,10,22,0,38,0,9,64,0,73,6,19,86,0,111,64,0,64,175
09/09/2021,JQF,NC,ASO,ES,Federal Contract Tower,8,16,65,2,91,0,13,101,1,115,8,29,166,3,206,32,0,32,238
09/10/2021,JQF,NC,ASO,ES,Federal Contract Tower,9,16,50,0,75,0,9,165,0,174,9,25,215,0,249,58,0,58,307
09/11/2021,JQF,NC,ASO,ES,Federal Contract Tower,11,9,25,0,45,0,11,132,0,143,11,20,157,0,188,60,0,60,248
09/12/2021,JQF,NC,ASO,ES,Federal Contract Tower,11,16,34,0,61,0,20,125,0,145,11,36,159,0,206,76,0,76,282
09/13/2021,JQF,NC,ASO,ES,Federal Contract Tower,10,12,31,0,53,0,8,122,0,130,10,20,153,0,183,52,0,52,235
09/14/2021,JQF,NC,ASO,ES,Federal Contract Tower,0,20,33,0,53,0,30,128,0,158,0,50,161,0,211,76,0,76,287
09/15/2021,JQF,NC,ASO,ES,Federal Contract Tower,0,7,45,0,52,0,15,142,0,157,0,22,187,0,209,118,0,118,327
09/16/2021,JQF,NC,ASO,ES,Federal Contract Tower,8,16,66,0,90,0,9,98,0,107,8,25,164,0,197,50,0,50,247
09/17/2021,JQF,NC,ASO,ES,Federal Contract Tower,10,14,56,0,80,0,9,67,0,76,10,23,123,0,156,84,0,84,240
09/18/2021,JQF,NC,ASO,ES,Federal Contract Tower,7,9,39,0,55,0,28,115,0,143,7,37,154,0,198,82,0,82,280
09/19/2021,JQF,NC,ASO,ES,Federal Contract Tower,12,10,62,0,84,0,4,106,0,110,12,14,168,0,194,28,0,28,222
09/20/2021,JQF,NC,ASO,ES,Federal Contract Tower,8,11,34,0,53,0,7,57,0,64,8,18,91,0,117,64,0,64,181
09/21/2021,JQF,NC,ASO,ES,Federal Contract Tower,0,17,27,0,44,0,1,0,0,1,0,18,27,0,45,6,0,6,51
09/22/2021,JQF,NC,ASO,ES,Federal Contract Tower,0,14,43,0,57,0,4,5,0,9,0,18,48,0,66,18,0,18,84
09/23/2021,JQF,NC,ASO,ES,Federal Contract Tower,8,10,45,0,63,0,15,189,0,204,8,25,234,0,267,94,0,94,361
09/24/2021,JQF,NC,ASO,ES,Federal Contract Tower,12,10,39,0,61,0,26,167,1,194,12,36,206,1,255,40,0,40,295
09/25/2021,JQF,NC,ASO,ES,Federal Contract Tower,5,8,25,0,38,0,4,143,0,147,5,12,168,0,185,104,0,104,289
09/26/2021,JQF,NC,ASO,ES,Federal Contract Tower,9,7,32,0,48,0,7,109,0,116,9,14,141,0,164,88,0,88,252
09/27/2021,JQF,NC,ASO,ES,Federal Contract Tower,15,12,40,1,68,0,14,135,1,150,15,26,175,2,218,72,0,72,290
09/28/2021,JQF,NC,ASO,ES,Federal Contract Tower,0,7,38,0,45,0,16,149,0,165,0,23,187,0,210,132,0,132,342
09/29/2021,JQF,NC,ASO,ES,Federal Contract Tower,0,11,33,0,44,0,15,145,0,160,0,26,178,0,204,140,0,140,344
09/30/2021,JQF,NC,ASO,ES,Federal Contract Tower,14,9,51,0,74,0,13,71,0,84,14,22,122,0,158,74,0,74,232
10/01/2021,JQF,NC,ASO,ES,Federal Contract Tower,15,14,46,0,75,0,14,130,0,144,15,28,176,0,219,94,0,94,313
10/02/2021,JQF,NC,ASO,ES,Federal Contract Tower,6,14,36,0,56,0,10,132,0,142,6,24,168,0,198,102,0,102,300
10/03/2021,JQF,NC,ASO,ES,Federal Contract Tower,11,22,51,0,84,0,2,92,0,94,11,24,143,0,178,52,0,52,230
10/04/2021,JQF,NC,ASO,ES,Federal Contract Tower,16,19,42,2,79,0,13,64,0,77,16,32,106,2,156,62,0,62,218
10/05/2021,JQF,NC,ASO,ES,Federal Contract Tower,5,9,38,0,52,0,16,110,0,126,5,25,148,0,178,128,0,128,306
10/06/2021,JQF,NC,ASO,ES,Federal Contract Tower,2,8,57,0,67,0,1,27,0,28,2,9,84,0,95,8,0,8,103
10/07/2021,JQF,NC,ASO,ES,Federal Contract Tower,14,17,49,0,80,0,0,0,0,0,14,17,49,0,80,0,0,0,80
10/08/2021,JQF,NC,ASO,ES,Federal Contract Tower,8,17,45,0,70,0,0,0,0,0,8,17,45,0,70,0,0,0,70
10/09/2021,JQF,NC,ASO,ES,Federal Contract Tower,4,13,50,0,67,0,2,37,0,39,4,15,87,0,106,2,0,2,108
10/10/2021,JQF,NC,ASO,ES,Federal Contract Tower,12,6,59,0,77,0,13,112,0,125,12,19,171,0,202,12,0,12,214
10/11/2021,JQF,NC,ASO,ES,Federal Contract Tower,12,14,68,0,94,0,7,24,0,31,12,21,92,0,125,122,0,122,247
10/12/2021,JQF,NC,ASO,ES,Federal Contract Tower,3,20,58,0,81,0,17,127,0,144,3,37,185,0,225,48,0,48,273
10/13/2021,JQF,NC,ASO,ES,Federal Contract Tower,2,18,51,0,71,0,11,150,2,163,2,29,201,2,234,58,0,58,292
10/14/2021,JQF,NC,ASO,ES,Federal Contract Tower,15,16,40,0,71,0,19,161,1,181,15,35,201,1,252,48,0,48,300
10/15/2021,JQF,NC,ASO,ES,Federal Contract Tower,14,17,37,0,68,0,11,136,0,147,14,28,173,0,215,28,0,28,243
10/16/2021,JQF,NC,ASO,ES,Federal Contract Tower,9,11,36,0,56,0,6,72,4,82,9,17,108,4,138,48,0,48,186
10/17/2021,JQF,NC,ASO,ES,Federal Contract Tower,19,9,50,0,78,0,6,82,0,88,19,15,132,0,166,72,0,72,238
10/18/2021,JQF,NC,ASO,ES,Federal Contract Tower,12,8,52,0,72,0,17,157,4,178,12,25,209,4,250,72,0,72,322
10/19/2021,JQF,NC,ASO,ES,Federal Contract Tower,2,11,50,0,63,0,20,117,2,139,2,31,167,2,202,118,0,118,320
10/20/2021,JQF,NC,ASO,ES,Federal Contract Tower,1,7,46,0,54,0,24,172,3,199,1,31,218,3,253,132,0,132,385
10/21/2021,JQF,NC,ASO,ES,Federal Contract Tower,10,9,36,0,55,0,19,138,8,165,10,28,174,8,220,78,0,78,298
10/22/2021,JQF,NC,ASO,ES,Federal Contract Tower,16,11,74,0,101,0,9,138,5,152,16,20,212,5,253,78,0,78,331
10/23/2021,JQF,NC,ASO,ES,Federal Contract Tower,13,2,24,0,39,0,17,200,3,220,13,19,224,3,259,92,0,92,351
10/24/2021,JQF,NC,ASO,ES,Federal Contract Tower,23,3,33,0,59,0,6,140,0,146,23,9,173,0,205,74,0,74,279
10/25/2021,JQF,NC,ASO,ES,Federal Contract Tower,12,9,75,0,96,0,16,92,3,111,12,25,167,3,207,46,0,46,253
10/26/2021,JQF,NC,ASO,ES,Federal Contract Tower,2,7,31,0,40,0,6,97,2,105,2,13,128,2,145,18,0,18,163
10/27/2021,JQF,NC,ASO,ES,Federal Contract Tower,2,12,38,0,52,0,10,162,16,188,2,22,200,16,240,78,0,78,318
10/28/2021,JQF,NC,ASO,ES,Federal Contract Tower,11,8,50,1,70,0,5,50,0,55,11,13,100,1,125,158,0,158,283
10/29/2021,JQF,NC,ASO,ES,Federal Contract Tower,14,11,53,1,79,0,7,51,3,61,14,18,104,4,140,106,0,106,246
10/30/2021,JQF,NC,ASO,ES,Federal Contract Tower,0,0,55,0,55,0,11,88,6,105,0,11,143,6,160,108,0,108,268
10/31/2021,JQF,NC,ASO,ES,Federal Contract Tower,10,6,49,0,65,0,14,104,0,118,10,20,153,0,183,40,0,40,223
11/01/2021,JQF,NC,ASO,ES,Federal Contract Tower,12,7,31,0,50,0,18,179,1,198,12,25,210,1,248,160,4,164,412
11/02/2021,JQF,NC,ASO,ES,Federal Contract Tower,0,11,49,0,60,0,13,156,2,171,0,24,205,2,231,138,0,138,369
11/03/2021,JQF,NC,ASO,ES,Federal Contract Tower,0,6,53,0,59,0,22,164,2,188,0,28,217,2,247,76,2,78,325
11/04/2021,JQF,NC,ASO,ES,Federal Contract Tower,15,15,56,0,86,0,7,23,2,32,15,22,79,2,118,239,6,245,363
11/05/2021,JQF,NC,ASO,ES,Federal Contract Tower,14,15,55,0,84,0,17,141,3,161,14,32,196,3,245,48,0,48,293
11/06/2021,JQF,NC,ASO,ES,Federal Contract Tower,0,6,34,2,42,0,10,95,0,105,0,16,129,2,147,30,0,30,177
11/07/2021,JQF,NC,ASO,ES,Federal Contract Tower,10,5,46,0,61,0,5,108,0,113,10,10,154,0,174,50,0,50,224
11/08/2021,JQF,NC,ASO,ES,Federal Contract Tower,20,6,50,0,76,0,14,148,2,164,20,20,198,2,240,96,0,96,336
11/09/2021,JQF,NC,ASO,ES,Federal Contract Tower,0,16,44,1,61,0,7,141,1,149,0,23,185,2,210,34,0,34,244
11/10/2021,JQF,NC,ASO,ES,Federal Contract Tower,1,16,55,0,72,0,17,180,3,200,1,33,235,3,272,85,0,85,357
11/11/2021,JQF,NC,ASO,ES,Federal Contract Tower,11,16,58,0,85,0,9,111,0,120,11,25,169,0,205,129,0,129,334
11/12/2021,JQF,NC,ASO,ES,Federal Contract Tower,19,12,49,0,80,0,17,124,0,141,19,29,173,0,221,78,0,78,299
11/13/2021,JQF,NC,ASO,ES,Federal Contract Tower,3,6,25,0,34,0,14,91,0,105,3,20,116,0,139,46,0,46,185
11/14/2021,JQF,NC,ASO,ES,Federal Contract Tower,11,10,41,0,62,0,8,114,20,142,11,18,155,20,204,28,4,32,236
11/15/2021,JQF,NC,ASO,ES,Federal Contract Tower,12,9,43,0,64,0,20,123,0,143,12,29,166,0,207,88,0,88,295
11/16/2021,JQF,NC,ASO,ES,Federal Contract Tower,0,19,60,0,79,0,12,134,2,148,0,31,194,2,227,90,2,92,319
11/17/2021,JQF,NC,ASO,ES,Federal Contract Tower,0,9,56,2,67,0,16,140,1,157,0,25,196,3,224,124,2,126,350
11/18/2021,JQF,NC,ASO,ES,Federal Contract Tower,14,13,40,2,69,0,24,102,0,126,14,37,142,2,195,82,0,82,277
11/19/2021,JQF,NC,ASO,ES,Federal Contract Tower,10,9,48,0,67,0,14,118,0,132,10,23,166,0,199,72,0,72,271
11/20/2021,JQF,NC,ASO,ES,Federal Contract Tower,4,13,37,0,54,0,14,147,2,163,4,27,184,2,217,72,0,72,289
11/21/2021,JQF,NC,ASO,ES,Federal Contract Tower,12,5,43,2,62,0,9,110,2,121,12,14,153,4,183,68,0,68,251
11/22/2021,JQF,NC,ASO,ES,Federal Contract Tower,10,7,38,1,56,0,15,60,0,75,10,22,98,1,131,30,6,36,167
11/23/2021,JQF,NC,ASO,ES,Federal Contract Tower,12,15,54,0,81,0,8,145,0,153,12,23,199,0,234,70,0,70,304
11/24/2021,JQF,NC,ASO,ES,Federal Contract Tower,12,10,46,0,68,0,17,96,0,113,12,27,142,0,181,60,0,60,241
11/25/2021,JQF,NC,ASO,ES,Federal Contract Tower,2,1,8,0,11,0,12,26,0,38,2,13,34,0,49,0,0,0,49
11/26/2021,JQF,NC,ASO,ES,Federal Contract Tower,8,8,21,0,37,0,6,34,0,40,8,14,55,0,77,0,0,0,77
11/27/2021,JQF,NC,ASO,ES,Federal Contract Tower,11,10,28,0,49,0,5,87,0,92,11,15,115,0,141,54,0,54,195
11/28/2021,JQF,NC,ASO,ES,Federal Contract Tower,14,4,49,0,67,0,5,100,0,105,14,9,149,0,172,82,0,82,254
11/29/2021,JQF,NC,ASO,ES,Federal Contract Tower,10,16,32,0,58,0,11,86,0,97,10,27,118,0,155,0,0,0,155
11/30/2021,JQF,NC,ASO,ES,Federal Contract Tower,0,14,57,1,72,0,21,135,0,156,0,35,192,1,228,78,0,78,306
12/01/2021,JQF,NC,ASO,ES,Federal Contract Tower,5,11,55,0,71,0,11,155,0,166,5,22,210,0,237,48,0,48,285
12/02/2021,JQF,NC,ASO,ES,Federal Contract Tower,8,10,65,0,83,0,7,126,6,139,8,17,191,6,222,100,0,100,322
12/03/2021,JQF,NC,ASO,ES,Federal Contract Tower,9,11,45,0,65,0,14,118,0,132,9,25,163,0,197,78,0,78,275
12/04/2021,JQF,NC,ASO,ES,Federal Contract Tower,0,8,28,2,38,0,9,100,0,109,0,17,128,2,147,104,0,104,251
12/05/2021,JQF,NC,ASO,ES,Federal Contract Tower,9,7,32,0,48,0,2,89,0,91,9,9,121,0,139,110,0,110,249
12/06/2021,JQF,NC,ASO,ES,Federal Contract Tower,8,4,50,0,62,0,4,54,0,58,8,8,104,0,120,10,0,10,130
12/07/2021,JQF,NC,ASO,ES,Federal Contract Tower,0,0,0,0,0,0,10,0,0,10,0,10,0,0,10,0,0,0,10
12/08/2021,JQF,NC,ASO,ES,Federal Contract Tower,3,12,47,0,62,0,13,57,0,70,3,25,104,0,132,52,2,54,186
12/09/2021,JQF,NC,ASO,ES,Federal Contract Tower,8,10,45,0,63,0,14,109,0,123,8,24,154,0,186,98,0,98,284
12/10/2021,JQF,NC,ASO,ES,Federal Contract Tower,11,8,67,0,86,0,0,2,0,2,11,8,69,0,88,0,0,0,88
12/11/2021,JQF,NC,ASO,ES,Federal Contract Tower,2,7,8,0,17,0,2,1,0,3,2,9,9,0,20,0,0,0,20
12/12/2021,JQF,NC,ASO,ES,Federal Contract Tower,8,6,52,0,66,0,11,146,2,159,8,17,198,2,225,140,0,140,365
12/13/2021,JQF,NC,ASO,ES,Federal Contract Tower,9,13,27,0,49,6,23,134,2,165,15,36,161,2,214,84,0,84,298
12/14/2021,JQF,NC,ASO,ES,Federal Contract Tower,0,13,51,0,64,0,11,162,5,178,0,24,213,5,242,158,0,158,400
12/15/2021,JQF,NC,ASO,ES,Federal Contract Tower,4,11,44,0,59,0,12,145,2,159,4,23,189,2,218,66,2,68,286
12/16/2021,JQF,NC,ASO,ES,Federal Contract Tower,8,14,43,0,65,0,8,110,0,118,8,22,153,0,183,114,0,114,297
12/17/2021,JQF,NC,ASO,ES,Federal Contract Tower,13,12,69,0,94,0,13,102,0,115,13,25,171,0,209,80,0,80,289
12/18/2021,JQF,NC,ASO,ES,Federal Contract Tower,12,2,30,0,44,0,0,1,0,1,12,2,31,0,45,0,0,0,45
12/19/2021,JQF,NC,ASO,ES,Federal Contract Tower,9,3,30,0,42,0,9,60,0,69,9,12,90,0,111,46,0,46,157
12/20/2021,JQF,NC,ASO,ES,Federal Contract Tower,15,12,59,1,87,0,5,149,5,159,15,17,208,6,246,58,0,58,304
12/21/2021,JQF,NC,ASO,ES,Federal Contract Tower,6,13,40,0,59,0,12,69,2,83,6,25,109,2,142,56,2,58,200
12/22/2021,JQF,NC,ASO,ES,Federal Contract Tower,7,8,37,0,52,0,36,135,0,171,7,44,172,0,223,20,0,20,243
12/23/2021,JQF,NC,ASO,ES,Federal Contract Tower,7,12,32,0,51,0,12,134,0,146,7,24,166,0,197,82,0,82,279
12/24/2021,JQF,NC,ASO,ES,Federal Contract Tower,6,7,9,0,22,0,6,49,0,55,6,13,58,0,77,10,0,10,87
12/25/2021,JQF,NC,ASO,ES,Federal Contract Tower,4,7,9,0,20,0,4,11,0,15,4,11,20,0,35,0,0,0,35
12/26/2021,JQF,NC,ASO,ES,Federal Contract Tower,11,7,42,0,60,0,3,99,0,102,11,10,141,0,162,54,0,54,216
12/27/2021,JQF,NC,ASO,ES,Federal Contract Tower,10,11,35,0,56,0,2,46,0,48,10,13,81,0,104,48,0,48,152
12/28/2021,JQF,NC,ASO,ES,Federal Contract Tower,9,7,41,0,57,0,4,33,0,37,9,11,74,0,94,50,0,50,144
12/29/2021,JQF,NC,ASO,ES,Federal Contract Tower,6,8,26,0,40,0,3,20,0,23,6,11,46,0,63,54,0,54,117
12/30/2021,JQF,NC,ASO,ES,Federal Contract Tower,4,24,36,0,64,0,0,0,0,0,4,24,36,0,64,0,0,0,64
12/31/2021,JQF,NC,ASO,ES,Federal Contract Tower,4,10,38,0,52,0,6,54,0,60,4,16,92,0,112,38,0,38,150
01/01/2022,JQF,NC,ASO,ES,Federal Contract Tower,5,5,15,0,25,0,4,2,0,6,5,9,17,0,31,0,0,0,31
01/02/2022,JQF,NC,ASO,ES,Federal Contract Tower,7,3,29,0,39,0,0,3,0,3,7,3,32,0,42,0,0,0,42
01/03/2022,JQF,NC,ASO,ES,Federal Contract Tower,4,6,25,0,35,0,8,40,0,48,4,14,65,0,83,32,0,32,115
01/04/2022,JQF,NC,ASO,ES,Federal Contract Tower,6,11,54,0,71,0,6,160,4,170,6,17,214,4,241,102,0,102,343
01/05/2022,JQF,NC,ASO,ES,Federal Contract Tower,5,11,44,0,60,0,12,95,4,111,5,23,139,4,171,24,0,24,195
01/06/2022,JQF,NC,ASO,ES,Federal Contract Tower,6,6,22,0,34,0,11,106,1,118,6,17,128,1,152,164,0,164,316
01/07/2022,JQF,NC,ASO,ES,Federal Contract Tower,12,6,30,0,48,0,11,105,0,116,12,17,135,0,164,90,0,90,254
01/08/2022,JQF,NC,ASO,ES,Federal Contract Tower,2,2,25,0,29,0,10,107,3,120,2,12,132,3,149,44,0,44,193
01/09/2022,JQF,NC,ASO,ES,Federal Contract Tower,8,2,13,0,23,0,1,1,0,2,8,3,14,0,25,52,0,52,77
01/10/2022,JQF,NC,ASO,ES,Federal Contract Tower,12,10,42,1,65,0,24,86,6,116,12,34,128,7,181,92,0,92,273
01/11/2022,JQF,NC,ASO,ES,Federal Contract Tower,1,8,39,0,48,0,13,122,11,146,1,21,161,11,194,118,6,124,318
01/12/2022,JQF,NC,ASO,ES,Federal Contract Tower,7,5,47,1,60,0,9,126,6,141,7,14,173,7,201,30,4,34,235
01/13/2022,JQF,NC,ASO,ES,Federal Contract Tower,9,6,40,0,55,0,2,135,2,139,9,8,175,2,194,90,0,90,284
01/14/2022,JQF,NC,ASO,ES,Federal Contract Tower,10,15,44,0,69,0,25,132,1,158,10,40,176,1,227,38,0,38,265
01/15/2022,JQF,NC,ASO,ES,Federal Contract Tower,4,5,22,0,31,0,0,83,0,83,4,5,105,0,114,110,0,110,224
01/16/2022,JQF,NC,ASO,ES,Federal Contract Tower,0,1,0,0,1,0,0,0,0,0,0,1,0,0,1,0,0,0,1
01/17/2022,JQF,NC,ASO,ES,Federal Contract Tower,8,8,10,0,26,0,3,4,0,7,8,11,14,0,33,2,0,2,35
01/18/2022,JQF,NC,ASO,ES,Federal Contract Tower,2,17,40,0,59,0,14,104,2,120,2,31,144,2,179,10,0,10,189
01/19/2022,JQF,NC,ASO,ES,Federal Contract Tower,4,8,47,0,59,0,7,126,4,137,4,15,173,4,196,12,0,12,208
01/20/2022,JQF,NC,ASO,ES,Federal Contract Tower,9,11,27,0,47,0,0,6,0,6,9,11,33,0,53,0,0,0,53
01/21/2022,JQF,NC,ASO,ES,Federal Contract Tower,8,6,11,0,25,0,12,20,0,32,8,18,31,0,57,0,0,0,57
01/22/2022,JQF,NC,ASO,ES,Federal Contract Tower,3,1,15,0,19,0,9,62,3,74,3,10,77,3,93,24,0,24,117
01/23/2022,JQF,NC,ASO,ES,Federal Contract Tower,8,2,26,0,36,0,5,131,6,142,8,7,157,6,178,50,2,52,230
01/24/2022,JQF,NC,ASO,ES,Federal Contract Tower,13,12,38,1,64,0,20,99,0,119,13,32,137,1,183,82,0,82,265
01/25/2022,JQF,NC,ASO,ES,Federal Contract Tower,3,13,46,0,62,0,11,130,0,141,3,24,176,0,203,158,0,158,361
01/26/2022,JQF,NC,ASO,ES,Federal Contract Tower,6,10,31,2,49,2,15,169,2,188,8,25,200,4,237,60,0,60,297
01/27/2022,JQF,NC,ASO,ES,Federal Contract Tower,7,10,46,0,63,0,11,183,2,196,7,21,229,2,259,136,0,136,395
01/28/2022,JQF,NC,ASO,ES,Federal Contract Tower,11,11,35,0,57,0,2,114,3,119,11,13,149,3,176,136,0,136,312
01/29/2022,JQF,NC,ASO,ES,Federal Contract Tower,4,8,11,0,23,0,2,16,0,18,4,10,27,0,41,38,0,38,79
01/30/2022,JQF,NC,ASO,ES,Federal Contract Tower,8,4,40,0,52,0,0,119,1,120,8,4,159,1,172,130,0,130,302
01/31/2022,JQF,NC,ASO,ES,Federal Contract Tower,11,10,39,0,60,0,16,121,0,137,11,26,160,0,197,92,0,92,289
02/01/2022,JQF,NC,ASO,ES,Federal Contract Tower,1,8,42,0,51,0,11,108,4,123,1,19,150,4,174,102,0,102,276
02/02/2022,JQF,NC,ASO,ES,Federal Contract Tower,7,8,49,0,64,0,24,132,1,157,7,32,181,1,221,94,0,94,315
02/03/2022,JQF,NC,ASO,ES,Federal Contract Tower,12,11,30,0,53,0,0,0,0,0,12,11,30,0,53,0,0,0,53
02/04/2022,JQF,NC,ASO,ES,Federal Contract Tower,12,6,18,0,36,0,1,3,0,4,12,7,21,0,40,0,0,0,40
02/05/2022,JQF,NC,ASO,ES,Federal Contract Tower,6,5,36,0,47,0,9,146,2,157,6,14,182,2,204,18,0,18,222
02/06/2022,JQF,NC,ASO,ES,Federal Contract Tower,9,3,40,0,52,0,13,112,0,125,9,16,152,0,177,28,0,28,205
02/07/2022,JQF,NC,ASO,ES,Federal Contract Tower,10,10,7,0,27,0,0,1,0,1,10,10,8,0,28,0,0,0,28
02/08/2022,JQF,NC,ASO,ES,Federal Contract Tower,0,4,33,0,37,0,11,96,0,107,0,15,129,0,144,96,0,96,240
02/09/2022,JQF,NC,ASO,ES,Federal Contract Tower,6,7,41,0,54,0,15,186,0,201,6,22,227,0,255,116,0,116,371
02/10/2022,JQF,NC,ASO,ES,Federal Contract Tower,9,11,41,0,61,0,9,133,2,144,9,20,174,2,205,114,0,114,319
02/11/2022,JQF,NC,ASO,ES,Federal Contract Tower,14,6,49,0,69,0,13,145,0,158,14,19,194,0,227,84,0,84,311
02/12/2022,JQF,NC,ASO,ES,Federal Contract Tower,4,5,31,0,40,0,8,144,0,152,4,13,175,0,192,122,0,122,314
02/13/2022,JQF,NC,ASO,ES,Federal Contract Tower,8,6,29,0,43,0,0,42,0,42,8,6,71,0,85,74,0,74,159
02/14/2022,JQF,NC,ASO,ES,Federal Contract Tower,10,14,26,0,50,0,7,112,2,121,10,21,138,2,171,36,0,36,207
02/15/2022,JQF,NC,ASO,ES,Federal Contract Tower,8,11,48,1,68,0,8,153,1,162,8,19,201,2,230,102,0,102,332
02/16/2022,JQF,NC,ASO,ES,Federal Contract Tower,4,12,63,1,80,0,9,112,1,122,4,21,175,2,202,106,0,106,308
02/17/2022,JQF,NC,ASO,ES,Federal Contract Tower,15,13,45,0,73,0,12,6,0,18,15,25,51,0,91,28,0,28,119
02/18/2022,JQF,NC,ASO,ES,Federal Contract Tower,6,11,44,0,61,0,27,78,0,105,6,38,122,0,166,52,0,52,218
02/19/2022,JQF,NC,ASO,ES,Federal Contract Tower,7,7,27,0,41,0,6,94,0,100,7,13,121,0,141,70,0,70,211
02/20/2022,JQF,NC,ASO,ES,Federal Contract Tower,18,7,54,0,79,0,7,134,3,144,18,14,188,3,223,100,0,100,323
02/21/2022,JQF,NC,ASO,ES,Federal Contract Tower,6,8,64,0,78,0,7,74,0,81,6,15,138,0,159,60,0,60,219
02/22/2022,JQF,NC,ASO,ES,Federal Contract Tower,4,18,34,0,56,0,9,40,0,49,4,27,74,0,105,42,0,42,147
02/23/2022,JQF,NC,ASO,ES,Federal Contract Tower,2,7,45,0,54,0,7,4,0,11,2,14,49,0,65,26,0,26,91
02/24/2022,JQF,NC,ASO,ES,Federal Contract Tower,12,13,33,0,58,0,0,0,0,0,12,13,33,0,58,0,0,0,58
02/25/2022,JQF,NC,ASO,ES,Federal Contract Tower,11,11,35,0,57,0,22,90,0,112,11,33,125,0,169,84,0,84,253
02/26/2022,JQF,NC,ASO,ES,Federal Contract Tower,4,3,54,0,61,0,4,157,5,166,4,7,211,5,227,89,0,89,316
02/27/2022,JQF,NC,ASO,ES,Federal Contract Tower,9,10,25,0,44,0,0,1,0,1,9,10,26,0,45,0,0,0,45
02/28/2022,JQF,NC,ASO,ES,Federal Contract Tower,9,9,50,0,68,0,18,202,1,221,9,27,252,1,289,100,0,100,389
03/01/2022,JQF,NC,ASO,ES,Federal Contract Tower,6,14,49,0,69,0,17,170,0,187,6,31,219,0,256,106,0,106,362
03/02/2022,JQF,NC,ASO,ES,Federal Contract Tower,5,8,42,0,55,0,14,186,0,200,5,22,228,0,255,118,0,118,373
03/03/2022,JQF,NC,ASO,ES,Federal Contract Tower,15,10,52,0,77,0,20,182,0,202,15,30,234,0,279,124,0,124,403
03/04/2022,JQF,NC,ASO,ES,Federal Contract Tower,11,12,43,0,66,0,13,160,1,174,11,25,203,1,240,140,0,140,380
03/05/2022,JQF,NC,ASO,ES,Federal Contract Tower,6,3,32,0,41,0,11,135,2,148,6,14,167,2,189,96,0,96,285
03/06/2022,JQF,NC,ASO,ES,Federal Contract Tower,11,4,54,1,70,0,8,46,1,55,11,12,100,2,125,4,0,4,129
03/07/2022,JQF,NC,ASO,ES,Federal Contract Tower,13,9,31,0,53,0,10,16,1,27,13,19,47,1,80,0,0,0,80
03/08/2022,JQF,NC,ASO,ES,Federal Contract Tower,2,9,46,3,60,0,8,127,0,135,2,17,173,3,195,46,0,46,241
03/09/2022,JQF,NC,ASO,ES,Federal Contract Tower,2,13,28,0,43,0,5,0,0,5,2,18,28,0,48,0,0,0,48
03/10/2022,JQF,NC,ASO,ES,Federal Contract Tower,10,5,35,1,51,0,7,31,0,38,10,12,66,1,89,16,0,16,105
03/11/2022,JQF,NC,ASO,ES,Federal Contract Tower,6,13,29,0,48,0,6,68,2,76,6,19,97,2,124,56,0,56,180
03/12/2022,JQF,NC,ASO,ES,Federal Contract Tower,3,7,8,0,18,0,9,4,2,15,3,16,12,2,33,2,0,2,35
03/13/2022,JQF,NC,ASO,ES,Federal Contract Tower,11,7,33,0,51,0,1,179,6,186,11,8,212,6,237,58,0,58,295
03/14/2022,JQF,NC,ASO,ES,Federal Contract Tower,11,13,44,0,68,0,10,210,1,221,11,23,254,1,289,100,0,100,389
03/15/2022,JQF,NC,ASO,ES,Federal Contract Tower,2,5,39,0,46,0,9,186,1,196,2,14,225,1,242,82,0,82,324
03/16/2022,JQF,NC,ASO,ES,Federal Contract Tower,4,8,38,0,50,0,2,42,0,44,4,10,80,0,94,64,0,64,158
03/17/2022,JQF,NC,ASO,ES,Federal Contract Tower,13,11,40,0,64,0,9,92,0,101,13,20,132,0,165,21,0,21,186
03/18/2022,JQF,NC,ASO,ES,Federal Contract Tower,17,8,34,0,59,0,14,90,2,106,17,22,124,2,165,80,0,80,245
03/19/2022,JQF,NC,ASO,ES,Federal Contract Tower,7,5,26,0,38,0,11,4,0,15,7,16,30,0,53,0,0,0,53
03/20/2022,JQF,NC,ASO,ES,Federal Contract Tower,17,5,53,0,75,0,5,121,4,130,17,10,174,4,205,72,0,72,277
03/21/2022,JQF,NC,ASO,ES,Federal Contract Tower,6,6,33,0,45,0,13,208,3,224,6,19,241,3,269,60,0,60,329
03/22/2022,JQF,NC,ASO,ES,Federal Contract Tower,2,4,51,2,59,0,9,178,1,188,2,13,229,3,247,102,0,102,349
03/23/2022,JQF,NC,ASO,ES,Federal Contract Tower,2,7,23,0,32,0,7,4,0,11,2,14,27,0,43,0,0,0,43
03/24/2022,JQF,NC,ASO,ES,Federal Contract Tower,10,7,61,0,78,0,9,120,0,129,10,16,181,0,207,102,0,102,309
03/25/2022,JQF,NC,ASO,ES,Federal Contract Tower,16,15,48,0,79,0,6,161,2,169,16,21,209,2,248,20,0,20,268
03/26/2022,JQF,NC,ASO,ES,Federal Contract Tower,5,2,25,0,32,0,4,27,0,31,5,6,52,0,63,34,0,34,97
03/27/2022,JQF,NC,ASO,ES,Federal Contract Tower,17,6,29,0,52,0,12,105,0,117,17,18,134,0,169,64,0,64,233
03/28/2022,JQF,NC,ASO,ES,Federal Contract Tower,6,5,27,2,40,0,9,108,5,122,6,14,135,7,162,0,0,0,162
03/29/2022,JQF,NC,ASO,ES,Federal Contract Tower,2,20,51,0,73,0,56,198,4,258,2,76,249,4,331,96,0,96,427
03/30/2022,JQF,NC,ASO,ES,Federal Contract Tower,4,14,59,1,78,0,9,53,5,67,4,23,112,6,145,103,0,103,248
03/31/2022,JQF,NC,ASO,ES,Federal Contract Tower,10,12,20,0,42,0,7,6,0,13,10,19,26,0,55,0,0,0,55
04/01/2022,JQF,NC,ASO,ES,Federal Contract Tower,14,12,46,1,73,0,11,102,0,113,14,23,148,1,186,24,0,24,210
04/02/2022,JQF,NC,ASO,ES,Federal Contract Tower,5,1,24,0,30,0,8,162,5,175,5,9,186,5,205,146,0,146,351
04/03/2022,JQF,NC,ASO,ES,Federal Contract Tower,21,4,50,0,75,0,6,84,4,94,21,10,134,4,169,54,0,54,223
04/04/2022,JQF,NC,ASO,ES,Federal Contract Tower,6,27,56,0,89,0,3,164,0,167,6,30,220,0,256,184,0,184,440
04/05/2022,JQF,NC,ASO,ES,Federal Contract Tower,2,15,46,0,63,0,6,22,0,28,2,21,68,0,91,52,0,52,143
04/06/2022,JQF,NC,ASO,ES,Federal Contract Tower,4,14,56,0,74,0,12,115,1,128,4,26,171,1,202,122,0,122,324
04/07/2022,JQF,NC,ASO,ES,Federal Contract Tower,9,10,51,1,71,0,12,39,0,51,9,22,90,1,122,36,0,36,158
04/08/2022,JQF,NC,ASO,ES,Federal Contract Tower,6,13,54,0,73,0,5,98,0,103,6,18,152,0,176,20,0,20,196
04/09/2022,JQF,NC,ASO,ES,Federal Contract Tower,6,5,32,0,43,0,9,102,0,111,6,14,134,0,154,92,0,92,246
04/10/2022,JQF,NC,ASO,ES,Federal Contract Tower,10,14,38,0,62,0,3,170,0,173,10,17,208,0,235,124,0,124,359
04/11/2022,JQF,NC,ASO,ES,Federal Contract Tower,8,7,44,1,60,0,8,147,3,158,8,15,191,4,218,76,0,76,294
04/12/2022,JQF,NC,ASO,ES,Federal Contract Tower,4,8,42,3,57,0,20,142,0,162,4,28,184,3,219,154,0,154,373
04/13/2022,JQF,NC,ASO,ES,Federal Contract Tower,6,16,56,2,80,0,12,142,2,156,6,28,198,4,236,82,0,82,318
04/14/2022,JQF,NC,ASO,ES,Federal Contract Tower,10,13,64,0,87,0,15,82,0,97,10,28,146,0,184,120,6,126,310
04/15/2022,JQF,NC,ASO,ES,Federal Contract Tower,11,12,50,0,73,0,10,227,0,237,11,22,277,0,310,162,0,162,472
04/16/2022,JQF,NC,ASO,ES,Federal Contract Tower,11,0,47,0,58,0,12,57,0,69,11,12,104,0,127,84,0,84,211
04/17/2022,JQF,NC,ASO,ES,Federal Contract Tower,15,8,34,0,57,0,7,122,0,129,15,15,156,0,186,104,0,104,290
04/18/2022,JQF,NC,ASO,ES,Federal Contract Tower,13,16,51,0,80,0,7,10,0,17,13,23,61,0,97,8,0,8,105
04/19/2022,JQF,NC,ASO,ES,Federal Contract Tower,2,9,32,5,48,0,22,128,0,150,2,31,160,5,198,48,0,48,246
04/20/2022,JQF,NC,ASO,ES,Federal Contract Tower,4,6,60,0,70,0,22,168,0,190,4,28,228,0,260,60,0,60,320
04/21/2022,JQF,NC,ASO,ES,Federal Contract Tower,10,6,31,0,47,0,34,114,8,156,10,40,145,8,203,114,2,116,319
04/22/2022,JQF,NC,ASO,ES,Federal Contract Tower,15,9,47,0,71,0,18,180,0,198,15,27,227,0,269,94,0,94,363
04/23/2022,JQF,NC,ASO,ES,Federal Contract Tower,9,11,47,0,67,0,6,148,0,154,9,17,195,0,221,44,0,44,265
04/24/2022,JQF,NC,ASO,ES,Federal Contract Tower,21,8,67,0,96,0,11,125,0,136,21,19,192,0,232,44,0,44,276
04/25/2022,JQF,NC,ASO,ES,Federal Contract Tower,6,9,46,0,61,0,12,134,0,146,6,21,180,0,207,94,0,94,301
04/26/2022,JQF,NC,ASO,ES,Federal Contract Tower,2,12,42,0,56,0,14,77,0,91,2,26,119,0,147,74,0,74,221
04/27/2022,JQF,NC,ASO,ES,Federal Contract Tower,2,9,45,0,56,0,36,152,0,188,2,45,197,0,244,112,6,118,362
04/28/2022,JQF,NC,ASO,ES,Federal Contract Tower,12,8,74,0,94,0,14,169,0,183,12,22,243,0,277,104,0,104,381
04/29/2022,JQF,NC,ASO,ES,Federal Contract Tower,16,14,39,0,69,0,15,187,0,202,16,29,226,0,271,106,0,106,377
04/30/2022,JQF,NC,ASO,ES,Federal Contract Tower,9,8,36,0,53,0,8,152,0,160,9,16,188,0,213,104,0,104,317
05/01/2022,JQF,NC,ASO,ES,Federal Contract Tower,13,8,55,0,76,0,1,75,0,76,13,9,130,0,152,86,0,86,238
05/02/2022,JQF,NC,ASO,ES,Federal Contract Tower,18,11,64,0,93,0,23,105,0,128,18,34,169,0,221,80,0,80,301
05/03/2022,JQF,NC,ASO,ES,Federal Contract Tower,2,14,38,0,54,0,13,131,0,144,2,27,169,0,198,78,0,78,276
05/04/2022,JQF,NC,ASO,ES,Federal Contract Tower,2,12,56,0,70,0,24,110,16,150,2,36,166,16,220,72,0,72,292
05/05/2022,JQF,NC,ASO,ES,Federal Contract Tower,8,16,61,0,85,0,14,137,0,151,8,30,198,0,236,162,4,166,402
05/06/2022,JQF,NC,ASO,ES,Federal Contract Tower,5,9,37,0,51,0,6,10,0,16,5,15,47,0,67,26,0,26,93
05/07/2022,JQF,NC,ASO,ES,Federal Contract Tower,5,2,34,0,41,0,5,107,0,112,5,7,141,0,153,54,0,54,207
05/08/2022,JQF,NC,ASO,ES,Federal Contract Tower,8,10,42,0,60,0,2,75,0,77,8,12,117,0,137,68,0,68,205
05/09/2022,JQF,NC,ASO,ES,Federal Contract Tower,9,6,42,0,57,0,7,136,4,147,9,13,178,4,204,106,0,106,310
05/10/2022,JQF,NC,ASO,ES,Federal Contract Tower,2,11,54,4,71,0,18,94,6,118,2,29,148,10,189,20,0,20,209
05/11/2022,JQF,NC,ASO,ES,Federal Contract Tower,4,8,39,0,51,0,17,164,13,194,4,25,203,13,245,76,0,76,321
05/12/2022,JQF,NC,ASO,ES,Federal Contract Tower,8,6,68,1,83,0,11,59,4,74,8,17,127,5,157,10,0,10,167
05/13/2022,JQF,NC,ASO,ES,Federal Contract Tower,8,7,49,0,64,0,8,20,0,28,8,15,69,0,92,36,0,36,128
05/14/2022,JQF,NC,ASO,ES,Federal Contract Tower,10,10,47,0,67,0,4,84,0,88,10,14,131,0,155,42,0,42,197
05/15/2022,JQF,NC,ASO,ES,Federal Contract Tower,16,2,49,0,67,0,2,90,0,92,16,4,139,0,159,92,0,92,251
05/16/2022,JQF,NC,ASO,ES,Federal Contract Tower,9,15,39,0,63,0,17,111,2,130,9,32,150,2,193,60,0,60,253
05/17/2022,JQF,NC,ASO,ES,Federal Contract Tower,2,4,46,0,52,0,13,137,0,150,2,17,183,0,202,118,0,118,320
05/18/2022,JQF,NC,ASO,ES,Federal Contract Tower,4,6,42,2,54,0,15,141,4,160,4,21,183,6,214,132,0,132,346
05/19/2022,JQF,NC,ASO,ES,Federal Contract Tower,8,9,54,0,71,0,16,104,0,120,8,25,158,0,191,106,0,106,297
05/20/2022,JQF,NC,ASO,ES,Federal Contract Tower,10,9,35,1,55,0,10,177,2,189,10,19,212,3,244,52,0,52,296
05/21/2022,JQF,NC,ASO,ES,Federal Contract Tower,8,4,36,0,48,0,1,129,0,130,8,5,165,0,178,70,0,70,248
05/22/2022,JQF,NC,ASO,ES,Federal Contract Tower,9,3,51,0,63,0,3,93,0,96,9,6,144,0,159,46,0,46,205
05/23/2022,JQF,NC,ASO,ES,Federal Contract Tower,18,16,39,0,73,0,8,58,0,66,18,24,97,0,139,46,0,46,185
05/24/2022,JQF,NC,ASO,ES,Federal Contract Tower,2,15,59,0,76,0,27,35,2,64,2,42,94,2,140,108,0,108,248
05/25/2022,JQF,NC,ASO,ES,Federal Contract Tower,4,8,77,0,89,0,12,26,0,38,4,20,103,0,127,46,0,46,173
05/26/2022,JQF,NC,ASO,ES,Federal Contract Tower,4,11,57,0,72,0,3,5,0,8,4,14,62,0,80,4,0,4,84
05/27/2022,JQF,NC,ASO,ES,Federal Contract Tower,8,13,53,0,74,0,14,96,4,114,8,27,149,4,188,22,0,22,210
05/28/2022,JQF,NC,ASO,ES,Federal Contract Tower,0,5,57,0,62,0,12,189,7,208,0,17,246,7,270,34,0,34,304
05/29/2022,JQF,NC,ASO,ES,Federal Contract Tower,4,16,38,0,58,0,77,141,16,234,4,93,179,16,292,0,0,0,292
05/30/2022,JQF,NC,ASO,ES,Federal Contract Tower,8,7,54,0,69,0,9,203,3,215,8,16,257,3,284,36,0,36,320
05/31/2022,JQF,NC,ASO,ES,Federal Contract Tower,3,8,56,0,67,0,27,159,0,186,3,35,215,0,253,46,0,46,299
06/01/2022,JQF,NC,ASO,ES,Federal Contract Tower,2,9,54,0,65,0,11,111,2,124,2,20,165,2,189,72,0,72,261
06/02/2022,JQF,NC,ASO,ES,Federal Contract Tower,5,12,49,2,68,0,29,111,11,151,5,41,160,13,219,68,0,68,287
06/03/2022,JQF,NC,ASO,ES,Federal Contract Tower,17,8,57,0,82,0,14,108,0,122,17,22,165,0,204,80,0,80,284
06/04/2022,JQF,NC,ASO,ES,Federal Contract Tower,0,3,36,0,39,0,9,162,0,171,0,12,198,0,210,44,0,44,254
06/05/2022,JQF,NC,ASO,ES,Federal Contract Tower,15,4,49,0,68,2,3,120,3,128,17,7,169,3,196,26,0,26,222
06/06/2022,JQF,NC,ASO,ES,Federal Contract Tower,7,11,39,0,57,0,10,170,13,193,7,21,209,13,250,42,0,42,292
06/07/2022,JQF,NC,ASO,ES,Federal Contract Tower,1,5,64,3,73,0,9,79,6,94,1,14,143,9,167,58,10,68,235
06/08/2022,JQF,NC,ASO,ES,Federal Contract Tower,2,8,36,0,46,0,10,95,2,107,2,18,131,2,153,48,0,48,201
06/09/2022,JQF,NC,ASO,ES,Federal Contract Tower,4,12,44,1,61,0,7,156,4,167,4,19,200,5,228,66,0,66,294
06/10/2022,JQF,NC,ASO,ES,Federal Contract Tower,10,9,46,0,65,0,12,145,1,158,10,21,191,1,223,118,0,118,341
06/11/2022,JQF,NC,ASO,ES,Federal Contract Tower,3,5,16,2,26,0,9,131,0,140,3,14,147,2,166,54,0,54,220
06/12/2022,JQF,NC,ASO,ES,Federal Contract Tower,5,6,39,0,50,0,14,93,0,107,5,20,132,0,157,22,0,22,179
06/13/2022,JQF,NC,ASO,ES,Federal Contract Tower,8,8,31,0,47,0,17,132,0,149,8,25,163,0,196,100,0,100,296
06/14/2022,JQF,NC,ASO,ES,Federal Contract Tower,0,14,39,0,53,0,8,76,2,86,0,22,115,2,139,116,0,116,255
06/15/2022,JQF,NC,ASO,ES,Federal Contract Tower,2,11,44,0,57,0,14,132,0,146,2,25,176,0,203,62,2,64,267
06/16/2022,JQF,NC,ASO,ES,Federal Contract Tower,4,7,40,0,51,0,3,82,0,85,4,10,122,0,136,44,0,44,180
06/17/2022,JQF,NC,ASO,ES,Federal Contract Tower,8,19,17,0,44,0,7,102,0,109,8,26,119,0,153,20,0,20,173
06/18/2022,JQF,NC,ASO,ES,Federal Contract Tower,1,6,36,0,43,0,9,133,0,142,1,15,169,0,185,24,0,24,209
06/19/2022,JQF,NC,ASO,ES,Federal Contract Tower,4,1,27,0,32,0,3,133,2,138,4,4,160,2,170,52,0,52,222
06/20/2022,JQF,NC,ASO,ES,Federal Contract Tower,7,13,36,0,56,0,4,159,2,165,7,17,195,2,221,80,0,80,301
06/21/2022,JQF,NC,ASO,ES,Federal Contract Tower,0,10,52,3,65,0,14,146,12,172,0,24,198,15,237,54,0,54,291
06/22/2022,JQF,NC,ASO,ES,Federal Contract Tower,2,8,42,0,52,0,21,122,0,143,2,29,164,0,195,106,0,106,301
06/23/2022,JQF,NC,ASO,ES,Federal Contract Tower,3,8,33,0,44,0,10,109,2,121,3,18,142,2,165,114,0,114,279
06/24/2022,JQF,NC,ASO,ES,Federal Contract Tower,19,13,44,0,76,0,11,93,2,106,19,24,137,2,182,78,0,78,260
06/25/2022,JQF,NC,ASO,ES,Federal Contract Tower,4,6,37,0,47,0,6,106,4,116,4,12,143,4,163,70,0,70,233
06/26/2022,JQF,NC,ASO,ES,Federal Contract Tower,8,6,37,0,51,0,2,127,2,131,8,8,164,2,182,48,0,48,230
06/27/2022,JQF,NC,ASO,ES,Federal Contract Tower,9,12,39,0,60,0,6,87,0,93,9,18,126,0,153,66,0,66,219
06/28/2022,JQF,NC,ASO,ES,Federal Contract Tower,2,18,60,0,80,0,26,127,0,153,2,44,187,0,233,24,0,24,257
06/29/2022,JQF,NC,ASO,ES,Federal Contract Tower,3,20,68,0,91,0,10,71,10,91,3,30,139,10,182,26,0,26,208
06/30/2022,JQF,NC,ASO,ES,Federal Contract Tower,6,14,51,0,71,0,15,108,0,123,6,29,159,0,194,50,0,50,244
07/01/2022,JQF,NC,ASO,ES,Federal Contract Tower,11,21,47,0,79,0,8,49,0,57,11,29,96,0,136,20,0,20,156
07/02/2022,JQF,NC,ASO,ES,Federal Contract Tower,4,3,30,0,37,0,5,91,0,96,4,8,121,0,133,16,0,16,149
07/03/2022,JQF,NC,ASO,ES,Federal Contract Tower,12,2,37,0,51,0,0,91,2,93,12,2,128,2,144,46,0,46,190
07/04/2022,JQF,NC,ASO,ES,Federal Contract Tower,8,1,26,0,35,0,2,70,0,72,8,3,96,0,107,74,0,74,181
07/05/2022,JQF,NC,ASO,ES,Federal Contract Tower,2,10,34,0,46,0,6,58,0,64,2,16,92,0,110,20,0,20,130
07/06/2022,JQF,NC,ASO,ES,Federal Contract Tower,2,8,50,0,60,0,13,164,3,180,2,21,214,3,240,40,0,40,280
07/07/2022,JQF,NC,ASO,ES,Federal Contract Tower,1,6,33,0,40,0,11,128,1,140,1,17,161,1,180,34,0,34,214
07/08/2022,JQF,NC,ASO,ES,Federal Contract Tower,20,7,46,0,73,0,8,62,0,70,20,15,108,0,143,76,0,76,219
07/09/2022,JQF,NC,ASO,ES,Federal Contract Tower,5,2,26,0,33,0,2,79,0,81,5,4,105,0,114,42,0,42,156
07/10/2022,JQF,NC,ASO,ES,Federal Contract Tower,14,5,41,0,60,0,0,0,0,0,14,5,41,0,60,0,0,0,60
07/11/2022,JQF,NC,ASO,ES,Federal Contract Tower,10,11,59,0,80,0,12,152,2,166,10,23,211,2,246,72,0,72,318
07/12/2022,JQF,NC,ASO,ES,Federal Contract Tower,1,13,58,0,72,0,8,182,8,198,1,21,240,8,270,52,0,52,322
07/13/2022,JQF,NC,ASO,ES,Federal Contract Tower,4,17,56,0,77,0,17,110,0,127,4,34,166,0,204,36,0,36,240
07/14/2022,JQF,NC,ASO,ES,Federal Contract Tower,3,14,66,0,83,0,18,124,2,144,3,32,190,2,227,122,0,122,349
07/15/2022,JQF,NC,ASO,ES,Federal Contract Tower,17,11,40,0,68,0,8,159,0,167,17,19,199,0,235,122,0,122,357
07/16/2022,JQF,NC,ASO,ES,Federal Contract Tower,6,3,41,0,50,0,1,110,0,111,6,4,151,0,161,142,0,142,303
07/17/2022,JQF,NC,ASO,ES,Federal Contract Tower,8,4,55,0,67,0,2,101,4,107,8,6,156,4,174,48,0,48,222
07/18/2022,JQF,NC,ASO,ES,Federal Contract Tower,8,8,47,0,63,0,10,132,2,144,8,18,179,2,207,92,0,92,299
07/19/2022,JQF,NC,ASO,ES,Federal Contract Tower,0,5,41,0,46,0,11,135,2,148,0,16,176,2,194,98,0,98,292
07/20/2022,JQF,NC,ASO,ES,Federal Contract Tower,7,4,46,0,57,0,22,141,0,163,7,26,187,0,220,84,0,84,304
07/21/2022,JQF,NC,ASO,ES,Federal Contract Tower,0,12,57,1,70,0,13,80,0,93,0,25,137,1,163,70,0,70,233
07/22/2022,JQF,NC,ASO,ES,Federal Contract Tower,18,4,47,0,69,0,15,146,3,164,18,19,193,3,233,56,0,56,289
07/23/2022,JQF,NC,ASO,ES,Federal Contract Tower,2,4,36,0,42,0,6,112,5,123,2,10,148,5,165,146,0,146,311
07/24/2022,JQF,NC,ASO,ES,Federal Contract Tower,16,0,33,0,49,0,2,80,2,84,16,2,113,2,133,136,0,136,269
07/25/2022,JQF,NC,ASO,ES,Federal Contract Tower,8,6,40,0,54,0,10,88,0,98,8,16,128,0,152,76,0,76,228
07/26/2022,JQF,NC,ASO,ES,Federal Contract Tower,0,4,35,0,39,0,10,90,4,104,0,14,125,4,143,48,0,48,191
07/27/2022,JQF,NC,ASO,ES,Federal Contract Tower,4,4,48,0,56,0,8,152,0,160,4,12,200,0,216,60,0,60,276
07/28/2022,JQF,NC,ASO,ES,Federal Contract Tower,4,11,39,1,55,0,6,132,1,139,4,17,171,2,194,64,0,64,258
07/29/2022,JQF,NC,ASO,ES,Federal Contract Tower,15,9,38,0,62,0,9,114,4,127,15,18,152,4,189,46,0,46,235
07/30/2022,JQF,NC,ASO,ES,Federal Contract Tower,4,0,34,0,38,0,2,114,5,121,4,2,148,5,159,78,0,78,237
07/31/2022,JQF,NC,ASO,ES,Federal Contract Tower,15,5,50,0,70,0,2,24,0,26,15,7,74,0,96,52,0,52,148
08/01/2022,JQF,NC,ASO,ES,Federal Contract Tower,10,10,23,0,43,0,14,116,0,130,10,24,139,0,173,84,0,84,257
08/02/2022,JQF,NC,ASO,ES,Federal Contract Tower,3,7,41,0,51,0,15,136,6,157,3,22,177,6,208,98,0,98,306
08/03/2022,JQF,NC,ASO,ES,Federal Contract Tower,4,6,48,0,58,0,14,181,4,199,4,20,229,4,257,86,0,86,343
08/04/2022,JQF,NC,ASO,ES,Federal Contract Tower,6,6,48,0,60,0,11,184,2,197,6,17,232,2,257,50,2,52,309
08/05/2022,JQF,NC,ASO,ES,Federal Contract Tower,16,7,54,0,77,0,7,68,0,75,16,14,122,0,152,90,0,90,242
08/06/2022,JQF,NC,ASO,ES,Federal Contract Tower,3,6,36,0,45,0,0,47,0,47,3,6,83,0,92,96,0,96,188
08/07/2022,JQF,NC,ASO,ES,Federal Contract Tower,12,4,49,0,65,0,4,66,0,70,12,8,115,0,135,84,0,84,219
08/08/2022,JQF,NC,ASO,ES,Federal Contract Tower,8,12,21,0,41,0,13,111,2,126,8,25,132,2,167,78,0,78,245
08/09/2022,JQF,NC,ASO,ES,Federal Contract Tower,3,10,29,0,42,0,27,135,2,164,3,37,164,2,206,114,0,114,320
08/10/2022,JQF,NC,ASO,ES,Federal Contract Tower,6,9,55,0,70,0,8,102,2,112,6,17,157,2,182,90,0,90,272
08/11/2022,JQF,NC,ASO,ES,Federal Contract Tower,9,8,56,0,73,0,16,79,0,95,9,24,135,0,168,86,0,86,254
08/12/2022,JQF,NC,ASO,ES,Federal Contract Tower,11,15,40,0,66,0,19,151,0,170,11,34,191,0,236,126,0,126,362
08/13/2022,JQF,NC,ASO,ES,Federal Contract Tower,10,4,38,0,52,0,14,166,4,184,10,18,204,4,236,96,0,96,332
08/14/2022,JQF,NC,ASO,ES,Federal Contract Tower,18,3,52,0,73,0,3,162,5,170,18,6,214,5,243,122,0,122,365
08/15/2022,JQF,NC,ASO,ES,Federal Contract Tower,6,7,40,0,53,0,9,109,2,120,6,16,149,2,173,96,0,96,269
08/16/2022,JQF,NC,ASO,ES,Federal Contract Tower,1,10,69,0,80,0,9,12,0,21,1,19,81,0,101,0,0,0,101
08/17/2022,JQF,NC,ASO,ES,Federal Contract Tower,1,6,44,0,51,0,18,185,0,203,1,24,229,0,254,128,0,128,382
08/18/2022,JQF,NC,ASO,ES,Federal Contract Tower,7,11,67,2,87,0,12,170,0,182,7,23,237,2,269,66,0,66,335
08/19/2022,JQF,NC,ASO,ES,Federal Contract Tower,14,5,34,0,53,0,18,95,2,115,14,23,129,2,168,62,0,62,230
08/20/2022,JQF,NC,ASO,ES,Federal Contract Tower,6,6,37,0,49,0,5,92,2,99,6,11,129,2,148,40,0,40,188
08/21/2022,JQF,NC,ASO,ES,Federal Contract Tower,14,6,24,3,47,0,2,20,0,22,14,8,44,3,69,20,0,20,89
08/22/2022,JQF,NC,ASO,ES,Federal Contract Tower,8,12,43,0,63,0,6,75,0,81,8,18,118,0,144,102,0,102,246
08/23/2022,JQF,NC,ASO,ES,Federal Contract Tower,0,16,46,2,64,0,10,158,0,168,0,26,204,2,232,132,0,132,364
08/24/2022,JQF,NC,ASO,ES,Federal Contract Tower,0,7,44,6,57,0,13,193,6,212,0,20,237,12,269,156,0,156,425
08/25/2022,JQF,NC,ASO,ES,Federal Contract Tower,7,7,54,4,72,0,17,102,0,119,7,24,156,4,191,118,0,118,309
08/26/2022,JQF,NC,ASO,ES,Federal Contract Tower,17,10,58,0,85,0,17,101,0,118,17,27,159,0,203,54,0,54,257
08/27/2022,JQF,NC,ASO,ES,Federal Contract Tower,12,8,45,0,65,0,1,178,2,181,12,9,223,2,246,64,0,64,310
08/28/2022,JQF,NC,ASO,ES,Federal Contract Tower,19,1,51,0,71,0,10,113,6,129,19,11,164,6,200,52,0,52,252
08/29/2022,JQF,NC,ASO,ES,Federal Contract Tower,9,8,31,0,48,0,12,127,0,139,9,20,158,0,187,104,0,104,291
08/30/2022,JQF,NC,ASO,ES,Federal Contract Tower,0,7,54,0,61,0,7,59,0,66,0,14,113,0,127,52,0,52,179
08/31/2022,JQF,NC,ASO,ES,Federal Contract Tower,0,10,72,1,83,0,18,155,0,173,0,28,227,1,256,138,0,138,394
09/01/2022,JQF,NC,ASO,ES,Federal Contract Tower,6,6,62,0,74,0,4,154,2,160,6,10,216,2,234,78,4,82,316
09/02/2022,JQF,NC,ASO,ES,Federal Contract Tower,6,6,57,0,69,0,15,159,3,177,6,21,216,3,246,54,0,54,300
09/03/2022,JQF,NC,ASO,ES,Federal Contract Tower,0,0,23,0,23,0,2,170,0,172,0,2,193,0,195,46,0,46,241
09/04/2022,JQF,NC,ASO,ES,Federal Contract Tower,7,2,29,0,38,0,4,19,0,23,7,6,48,0,61,32,0,32,93
09/05/2022,JQF,NC,ASO,ES,Federal Contract Tower,11,0,39,0,50,0,0,2,0,2,11,0,41,0,52,0,0,0,52
09/06/2022,JQF,NC,ASO,ES,Federal Contract Tower,6,8,45,0,59,0,12,51,2,65,6,20,96,2,124,112,0,112,236
09/07/2022,JQF,NC,ASO,ES,Federal Contract Tower,2,10,43,0,55,0,11,136,2,149,2,21,179,2,204,104,0,104,308
09/08/2022,JQF,NC,ASO,ES,Federal Contract Tower,6,13,67,0,86,0,12,98,7,117,6,25,165,7,203,136,0,136,339
09/09/2022,JQF,NC,ASO,ES,Federal Contract Tower,15,8,52,1,76,0,13,175,0,188,15,21,227,1,264,46,0,46,310
09/10/2022,JQF,NC,ASO,ES,Federal Contract Tower,4,5,27,0,36,0,0,0,0,0,4,5,27,0,36,0,0,0,36
09/11/2022,JQF,NC,ASO,ES,Federal Contract Tower,11,12,30,0,53,0,4,22,0,26,11,16,52,0,79,22,0,22,101
09/12/2022,JQF,NC,ASO,ES,Federal Contract Tower,7,8,47,0,62,0,11,115,4,130,7,19,162,4,192,60,0,60,252
09/13/2022,JQF,NC,ASO,ES,Federal Contract Tower,0,10,33,0,43,0,13,164,0,177,0,23,197,0,220,74,0,74,294
09/14/2022,JQF,NC,ASO,ES,Federal Contract Tower,0,15,53,0,68,0,15,184,1,200,0,30,237,1,268,100,0,100,368
09/15/2022,JQF,NC,ASO,ES,Federal Contract Tower,11,10,54,2,77,0,20,179,0,199,11,30,233,2,276,98,0,98,374
09/16/2022,JQF,NC,ASO,ES,Federal Contract Tower,15,4,39,0,58,0,7,175,0,182,15,11,214,0,240,74,0,74,314
09/17/2022,JQF,NC,ASO,ES,Federal Contract Tower,4,3,34,0,41,0,2,175,0,177,4,5,209,0,218,84,0,84,302
09/18/2022,JQF,NC,ASO,ES,Federal Contract Tower,15,4,43,0,62,0,6,129,0,135,15,10,172,0,197,52,0,52,249
09/19/2022,JQF,NC,ASO,ES,Federal Contract Tower,9,9,41,0,59,0,10,131,0,141,9,19,172,0,200,40,0,40,240
09/20/2022,JQF,NC,ASO,ES,Federal Contract Tower,2,12,53,0,67,0,24,104,0,128,2,36,157,0,195,50,0,50,245
09/21/2022,JQF,NC,ASO,ES,Federal Contract Tower,3,11,44,0,58,0,12,166,0,178,3,23,210,0,236,78,0,78,314
09/22/2022,JQF,NC,ASO,ES,Federal Contract Tower,6,8,57,2,73,0,6,127,0,133,6,14,184,2,206,38,0,38,244
09/23/2022,JQF,NC,ASO,ES,Federal Contract Tower,13,15,60,3,91,0,21,133,0,154,13,36,193,3,245,24,0,24,269
09/24/2022,JQF,NC,ASO,ES,Federal Contract Tower,3,3,46,0,52,0,11,143,0,154,3,14,189,0,206,64,0,64,270
09/25/2022,JQF,NC,ASO,ES,Federal Contract Tower,7,3,52,0,62,0,4,120,0,124,7,7,172,0,186,68,0,68,254
09/26/2022,JQF,NC,ASO,ES,Federal Contract Tower,9,30,36,0,75,0,9,166,3,178,9,39,202,3,253,68,0,68,321
09/27/2022,JQF,NC,ASO,ES,Federal Contract Tower,2,17,57,0,76,0,27,124,0,151,2,44,181,0,227,34,0,34,261
09/28/2022,JQF,NC,ASO,ES,Federal Contract Tower,0,14,50,0,64,0,17,143,3,163,0,31,193,3,227,46,0,46,273
09/29/2022,JQF,NC,ASO,ES,Federal Contract Tower,5,13,43,0,61,0,7,26,0,33,5,20,69,0,94,20,0,20,114
09/30/2022,JQF,NC,ASO,ES,Federal Contract Tower,12,2,9,0,23,0,0,0,0,0,12,2,9,0,23,0,0,0,23
10/01/2022,JQF,NC,ASO,ES,Federal Contract Tower,7,2,27,0,36,0,5,15,0,20,7,7,42,0,56,68,0,68,124
10/02/2022,JQF,NC,ASO,ES,Federal Contract Tower,17,0,37,0,54,0,3,60,0,63,17,3,97,0,117,56,0,56,173
10/03/2022,JQF,NC,ASO,ES,Federal Contract Tower,6,13,39,0,58,0,16,93,3,112,6,29,132,3,170,28,0,28,198
10/04/2022,JQF,NC,ASO,ES,Federal Contract Tower,0,12,67,0,79,0,14,143,2,159,0,26,210,2,238,52,0,52,290
10/05/2022,JQF,NC,ASO,ES,Federal Contract Tower,0,10,49,1,60,0,16,179,2,197,0,26,228,3,257,108,2,110,367
10/06/2022,JQF,NC,ASO,ES,Federal Contract Tower,6,7,65,0,78,0,17,161,0,178,6,24,226,0,256,116,4,120,376
10/07/2022,JQF,NC,ASO,ES,Federal Contract Tower,12,14,50,4,80,0,10,158,0,168,12,24,208,4,248,98,0,98,346
10/08/2022,JQF,NC,ASO,ES,Federal Contract Tower,3,3,33,1,40,0,14,91,9,114,3,17,124,10,154,34,0,34,188
10/09/2022,JQF,NC,ASO,ES,Federal Contract Tower,8,19,52,0,79,0,61,97,14,172,8,80,149,14,251,14,0,14,265
10/10/2022,JQF,NC,ASO,ES,Federal Contract Tower,7,6,54,3,70,0,29,156,1,186,7,35,210,4,256,56,0,56,312
10/11/2022,JQF,NC,ASO,ES,Federal Contract Tower,2,9,58,1,70,0,8,163,2,173,2,17,221,3,243,38,0,38,281
10/12/2022,JQF,NC,ASO,ES,Federal Contract Tower,0,14,40,1,55,0,9,48,2,59,0,23,88,3,114,52,0,52,166
10/13/2022,JQF,NC,ASO,ES,Federal Contract Tower,9,12,56,0,77,0,11,64,0,75,9,23,120,0,152,74,0,74,226
10/14/2022,JQF,NC,ASO,ES,Federal Contract Tower,14,11,43,0,68,0,22,175,0,197,14,33,218,0,265,70,0,70,335
10/15/2022,JQF,NC,ASO,ES,Federal Contract Tower,3,6,30,0,39,0,6,149,4,159,3,12,179,4,198,60,0,60,258
10/16/2022,JQF,NC,ASO,ES,Federal Contract Tower,10,6,36,0,52,0,5,143,2,150,10,11,179,2,202,66,0,66,268
10/17/2022,JQF,NC,ASO,ES,Federal Contract Tower,12,9,49,0,70,0,20,128,1,149,12,29,177,1,219,40,0,40,259
10/18/2022,JQF,NC,ASO,ES,Federal Contract Tower,1,5,45,1,52,0,9,97,1,107,1,14,142,2,159,20,0,20,179
10/19/2022,JQF,NC,ASO,ES,Federal Contract Tower,1,8,57,0,66,0,22,128,2,152,1,30,185,2,218,24,0,24,242
10/20/2022,JQF,NC,ASO,ES,Federal Contract Tower,7,7,44,0,58,0,14,157,2,173,7,21,201,2,231,66,0,66,297
10/21/2022,JQF,NC,ASO,ES,Federal Contract Tower,21,12,43,0,76,0,39,167,0,206,21,51,210,0,282,116,0,116,398
10/22/2022,JQF,NC,ASO,ES,Federal Contract Tower,7,7,30,0,44,0,26,130,0,156,7,33,160,0,200,72,0,72,272
10/23/2022,JQF,NC,ASO,ES,Federal Contract Tower,12,5,44,0,61,0,21,164,1,186,12,26,208,1,247,10,0,10,257
10/24/2022,JQF,NC,ASO,ES,Federal Contract Tower,7,7,36,0,50,0,6,109,0,115,7,13,145,0,165,4,0,4,169
10/25/2022,JQF,NC,ASO,ES,Federal Contract Tower,2,5,51,0,58,0,12,181,0,193,2,17,232,0,251,66,0,66,317
10/26/2022,JQF,NC,ASO,ES,Federal Contract Tower,4,13,64,0,81,0,9,27,5,41,4,22,91,5,122,106,0,106,228
10/27/2022,JQF,NC,ASO,ES,Federal Contract Tower,8,7,52,0,67,0,21,133,4,158,8,28,185,4,225,44,0,44,269
10/28/2022,JQF,NC,ASO,ES,Federal Contract Tower,12,7,49,0,68,0,11,126,2,139,12,18,175,2,207,76,0,76,283
10/29/2022,JQF,NC,ASO,ES,Federal Contract Tower,2,0,31,0,33,0,7,70,4,81,2,7,101,4,114,42,0,42,156
10/30/2022,JQF,NC,ASO,ES,Federal Contract Tower,6,6,40,0,52,0,0,4,0,4,6,6,44,0,56,0,0,0,56
10/31/2022,JQF,NC,ASO,ES,Federal Contract Tower,8,10,19,0,37,0,0,0,0,0,8,10,19,0,37,0,0,0,37
11/01/2022,JQF,NC,ASO,ES,Federal Contract Tower,3,14,58,0,75,0,9,176,0,185,3,23,234,0,260,24,0,24,284
11/02/2022,JQF,NC,ASO,ES,Federal Contract Tower,0,6,64,0,70,0,12,132,0,144,0,18,196,0,214,22,0,22,236
11/03/2022,JQF,NC,ASO,ES,Federal Contract Tower,11,12,56,0,79,0,15,163,0,178,11,27,219,0,257,94,0,94,351
11/04/2022,JQF,NC,ASO,ES,Federal Contract Tower,11,11,58,0,80,0,18,159,1,178,11,29,217,1,258,90,0,90,348
11/05/2022,JQF,NC,ASO,ES,Federal Contract Tower,2,9,39,0,50,0,6,13,0,19,2,15,52,0,69,6,0,6,75
11/06/2022,JQF,NC,ASO,ES,Federal Contract Tower,7,7,47,0,61,0,2,17,0,19,7,9,64,0,80,2,0,2,82
11/07/2022,JQF,NC,ASO,ES,Federal Contract Tower,9,8,43,1,61,0,5,79,1,85,9,13,122,2,146,52,0,52,198
11/08/2022,JQF,NC,ASO,ES,Federal Contract Tower,2,8,49,3,62,0,34,113,4,151,2,42,162,7,213,26,0,26,239
11/09/2022,JQF,NC,ASO,ES,Federal Contract Tower,0,17,39,1,57,0,21,155,4,180,0,38,194,5,237,20,0,20,257
11/10/2022,JQF,NC,ASO,ES,Federal Contract Tower,9,23,56,0,88,0,1,48,0,49,9,24,104,0,137,36,0,36,173
11/11/2022,JQF,NC,ASO,ES,Federal Contract Tower,11,15,25,0,51,0,0,1,0,1,11,15,26,0,52,0,0,0,52
11/12/2022,JQF,NC,ASO,ES,Federal Contract Tower,5,1,47,0,53,0,6,49,0,55,5,7,96,0,108,42,0,42,150
11/13/2022,JQF,NC,ASO,ES,Federal Contract Tower,6,8,42,0,56,0,14,135,2,151,6,22,177,2,207,70,0,70,277
11/14/2022,JQF,NC,ASO,ES,Federal Contract Tower,8,11,45,0,64,0,10,150,0,160,8,21,195,0,224,154,0,154,378
11/15/2022,JQF,NC,ASO,ES,Federal Contract Tower,1,22,36,0,59,0,2,1,0,3,1,24,37,0,62,0,0,0,62
11/16/2022,JQF,NC,ASO,ES,Federal Contract Tower,1,10,48,1,60,0,8,127,6,141,1,18,175,7,201,32,0,32,233
11/17/2022,JQF,NC,ASO,ES,Federal Contract Tower,5,8,59,0,72,0,25,211,3,239,5,33,270,3,311,24,0,24,335
11/18/2022,JQF,NC,ASO,ES,Federal Contract Tower,8,6,39,0,53,0,20,181,2,203,8,26,220,2,256,46,0,46,302
11/19/2022,JQF,NC,ASO,ES,Federal Contract Tower,2,5,41,0,48,0,4,162,4,170,2,9,203,4,218,48,0,48,266
11/20/2022,JQF,NC,ASO,ES,Federal Contract Tower,4,8,32,0,44,0,8,116,0,124,4,16,148,0,168,34,0,34,202
11/21/2022,JQF,NC,ASO,ES,Federal Contract Tower,7,7,25,0,39,0,18,124,0,142,7,25,149,0,181,86,0,86,267
11/22/2022,JQF,NC,ASO,ES,Federal Contract Tower,2,6,32,0,40,0,17,144,0,161,2,23,176,0,201,108,0,108,309
11/23/2022,JQF,NC,ASO,ES,Federal Contract Tower,7,4,42,0,53,0,11,99,0,110,7,15,141,0,163,48,0,48,211
11/24/2022,JQF,NC,ASO,ES,Federal Contract Tower,2,3,10,0,15,0,5,18,0,23,2,8,28,0,38,8,0,8,46
11/25/2022,JQF,NC,ASO,ES,Federal Contract Tower,6,16,20,0,42,0,15,45,0,60,6,31,65,0,102,38,0,38,140
11/26/2022,JQF,NC,ASO,ES,Federal Contract Tower,2,2,38,0,42,0,11,113,4,128,2,13,151,4,170,32,0,32,202
11/27/2022,JQF,NC,ASO,ES,Federal Contract Tower,6,7,37,0,50,0,0,7,0,7,6,7,44,0,57,10,0,10,67
11/28/2022,JQF,NC,ASO,ES,Federal Contract Tower,6,12,40,0,58,0,8,114,4,126,6,20,154,4,184,42,0,42,226
11/29/2022,JQF,NC,ASO,ES,Federal Contract Tower,1,8,46,0,55,0,15,132,0,147,1,23,178,0,202,78,0,78,280
11/30/2022,JQF,NC,ASO,ES,Federal Contract Tower,2,9,40,0,51,0,2,14,0,16,2,11,54,0,67,0,0,0,67
12/01/2022,JQF,NC,ASO,ES,Federal Contract Tower,8,9,38,0,55,0,12,144,1,157,8,21,182,1,212,36,0,36,248
12/02/2022,JQF,NC,ASO,ES,Federal Contract Tower,9,10,57,0,76,0,8,178,0,186,9,18,235,0,262,66,0,66,328
12/03/2022,JQF,NC,ASO,ES,Federal Contract Tower,0,3,19,0,22,0,0,1,0,1,0,3,20,0,23,0,0,0,23
12/04/2022,JQF,NC,ASO,ES,Federal Contract Tower,7,7,46,0,60,0,0,118,10,128,7,7,164,10,188,38,0,38,226
12/05/2022,JQF,NC,ASO,ES,Federal Contract Tower,7,14,60,0,81,0,4,86,0,90,7,18,146,0,171,84,0,84,255
12/06/2022,JQF,NC,ASO,ES,Federal Contract Tower,0,13,27,0,40,0,0,0,0,0,0,13,27,0,40,0,0,0,40
12/07/2022,JQF,NC,ASO,ES,Federal Contract Tower,0,19,52,0,71,0,0,0,0,0,0,19,52,0,71,0,0,0,71
12/08/2022,JQF,NC,ASO,ES,Federal Contract Tower,4,15,70,0,89,0,4,70,0,74,4,19,140,0,163,80,0,80,243
12/09/2022,JQF,NC,ASO,ES,Federal Contract Tower,6,13,32,0,51,0,5,2,0,7,6,18,34,0,58,20,0,20,78
12/10/2022,JQF,NC,ASO,ES,Federal Contract Tower,0,2,41,0,43,0,5,119,0,124,0,7,160,0,167,98,0,98,265
12/11/2022,JQF,NC,ASO,ES,Federal Contract Tower,5,3,42,0,50,0,11,111,2,124,5,14,153,2,174,70,0,70,244
12/12/2022,JQF,NC,ASO,ES,Federal Contract Tower,6,12,45,0,63,0,16,153,4,173,6,28,198,4,236,74,0,74,310
12/13/2022,JQF,NC,ASO,ES,Federal Contract Tower,3,10,47,1,61,0,23,138,4,165,3,33,185,5,226,98,0,98,324
12/14/2022,JQF,NC,ASO,ES,Federal Contract Tower,5,16,38,1,60,0,4,47,1,52,5,20,85,2,112,62,0,62,174
12/15/2022,JQF,NC,ASO,ES,Federal Contract Tower,12,16,33,0,61,0,0,0,0,0,12,16,33,0,61,0,0,0,61
12/16/2022,JQF,NC,ASO,ES,Federal Contract Tower,5,11,45,0,61,0,4,127,0,131,5,15,172,0,192,36,0,36,228
12/17/2022,JQF,NC,ASO,ES,Federal Contract Tower,6,4,47,0,57,0,5,134,0,139,6,9,181,0,196,70,0,70,266
12/18/2022,JQF,NC,ASO,ES,Federal Contract Tower,9,2,37,0,48,0,5,151,0,156,9,7,188,0,204,42,0,42,246
12/19/2022,JQF,NC,ASO,ES,Federal Contract Tower,4,12,31,0,47,0,14,121,0,135,4,26,152,0,182,54,0,54,236
12/20/2022,JQF,NC,ASO,ES,Federal Contract Tower,9,10,57,0,76,0,13,123,2,138,9,23,180,2,214,100,0,100,314
12/21/2022,JQF,NC,ASO,ES,Federal Contract Tower,5,12,57,2,76,0,4,131,10,145,5,16,188,12,221,102,0,102,323
12/22/2022,JQF,NC,ASO,ES,Federal Contract Tower,8,14,20,0,42,0,0,0,0,0,8,14,20,0,42,0,0,0,42
12/23/2022,JQF,NC,ASO,ES,Federal Contract Tower,6,4,20,0,30,0,5,2,0,7,6,9,22,0,37,2,0,2,39
12/24/2022,JQF,NC,ASO,ES,Federal Contract Tower,8,2,7,0,17,0,3,22,0,25,8,5,29,0,42,0,0,0,42
12/25/2022,JQF,NC,ASO,ES,Federal Contract Tower,6,0,3,0,9,0,4,29,0,33,6,4,32,0,42,4,0,4,46
12/26/2022,JQF,NC,ASO,ES,Federal Contract Tower,4,5,31,0,40,0,14,64,2,80,4,19,95,2,120,30,2,32,152
12/27/2022,JQF,NC,ASO,ES,Federal Contract Tower,9,6,33,0,48,0,19,77,0,96,9,25,110,0,144,42,0,42,186
12/28/2022,JQF,NC,ASO,ES,Federal Contract Tower,6,9,37,0,52,0,8,123,0,131,6,17,160,0,183,42,0,42,225
12/29/2022,JQF,NC,ASO,ES,Federal Contract Tower,7,6,30,0,43,0,7,161,0,168,7,13,191,0,211,14,0,14,225
12/30/2022,JQF,NC,ASO,ES,Federal Contract Tower,6,15,54,0,75,0,11,42,0,53,6,26,96,0,128,18,0,18,146
12/31/2022,JQF,NC,ASO,ES,Federal Contract Tower,10,0,10,0,20,0,0,2,0,2,10,0,12,0,22,0,0,0,22
01/01/2023,JQF,NC,ASO,ES,Federal Contract Tower,6,2,16,0,24,0,2,37,0,39,6,4,53,0,63,18,0,18,81
01/02/2023,JQF,NC,ASO,ES,Federal Contract Tower,4,6,31,3,44,0,0,90,0,90,4,6,121,3,134,62,0,62,196
01/03/2023,JQF,NC,ASO,ES,Federal Contract Tower,7,11,48,0,66,0,2,42,1,45,7,13,90,1,111,42,0,42,153
01/04/2023,JQF,NC,ASO,ES,Federal Contract Tower,0,13,14,0,27,0,0,0,0,0,0,13,14,0,27,0,0,0,27
01/05/2023,JQF,NC,ASO,ES,Federal Contract Tower,8,10,48,0,66,0,20,181,0,201,8,30,229,0,267,56,0,56,323
01/06/2023,JQF,NC,ASO,ES,Federal Contract Tower,9,18,40,0,67,0,14,213,0,227,9,32,253,0,294,107,0,107,401
01/07/2023,JQF,NC,ASO,ES,Federal Contract Tower,0,2,30,0,32,0,5,157,10,172,0,7,187,10,204,54,0,54,258
01/08/2023,JQF,NC,ASO,ES,Federal Contract Tower,6,5,37,0,48,0,1,22,2,25,6,6,59,2,73,46,0,46,119
01/09/2023,JQF,NC,ASO,ES,Federal Contract Tower,8,8,29,4,49,0,15,119,2,136,8,23,148,6,185,30,0,30,215
01/10/2023,JQF,NC,ASO,ES,Federal Contract Tower,0,6,52,0,58,0,21,158,0,179,0,27,210,0,237,30,0,30,267
01/11/2023,JQF,NC,ASO,ES,Federal Contract Tower,0,7,55,0,62,0,14,160,0,174,0,21,215,0,236,98,0,98,334
01/12/2023,JQF,NC,ASO,ES,Federal Contract Tower,5,10,43,0,58,0,0,0,0,0,5,10,43,0,58,0,0,0,58
01/13/2023,JQF,NC,ASO,ES,Federal Contract Tower,10,9,32,0,51,0,13,156,0,169,10,22,188,0,220,54,0,54,274
01/14/2023,JQF,NC,ASO,ES,Federal Contract Tower,0,1,32,0,33,0,6,68,0,74,0,7,100,0,107,16,0,16,123
01/15/2023,JQF,NC,ASO,ES,Federal Contract Tower,6,2,29,0,37,0,10,201,0,211,6,12,230,0,248,64,0,64,312
01/16/2023,JQF,NC,ASO,ES,Federal Contract Tower,12,6,35,0,53,0,14,209,0,223,12,20,244,0,276,88,0,88,364
01/17/2023,JQF,NC,ASO,ES,Federal Contract Tower,0,17,47,0,64,0,0,9,0,9,0,17,56,0,73,26,0,26,99
01/18/2023,JQF,NC,ASO,ES,Federal Contract Tower,1,12,56,0,69,0,17,134,2,153,1,29,190,2,222,28,0,28,250
01/19/2023,JQF,NC,ASO,ES,Federal Contract Tower,7,18,48,0,73,0,4,4,8,16,7,22,52,8,89,0,0,0,89
01/20/2023,JQF,NC,ASO,ES,Federal Contract Tower,8,5,42,0,55,0,17,150,0,167,8,22,192,0,222,56,0,56,278
01/21/2023,JQF,NC,ASO,ES,Federal Contract Tower,0,2,28,0,30,0,3,195,0,198,0,5,223,0,228,58,0,58,286
01/22/2023,JQF,NC,ASO,ES,Federal Contract Tower,9,0,16,0,25,0,0,0,0,0,9,0,16,0,25,0,0,0,25
01/23/2023,JQF,NC,ASO,ES,Federal Contract Tower,10,7,19,0,36,0,11,88,0,99,10,18,107,0,135,12,0,12,147
01/24/2023,JQF,NC,ASO,ES,Federal Contract Tower,2,8,42,0,52,0,13,215,2,230,2,21,257,2,282,44,0,44,326
01/25/2023,JQF,NC,ASO,ES,Federal Contract Tower,0,10,13,0,23,0,0,0,0,0,0,10,13,0,23,0,0,0,23
01/26/2023,JQF,NC,ASO,ES,Federal Contract Tower,8,12,35,1,56,0,14,178,1,193,8,26,213,2,249,56,0,56,305
01/27/2023,JQF,NC,ASO,ES,Federal Contract Tower,9,8,46,0,63,0,11,170,0,181,9,19,216,0,244,68,0,68,312
01/28/2023,JQF,NC,ASO,ES,Federal Contract Tower,3,0,30,0,33,0,11,233,0,244,3,11,263,0,277,96,0,96,373
01/29/2023,JQF,NC,ASO,ES,Federal Contract Tower,6,1,30,0,37,0,0,121,0,121,6,1,151,0,158,122,0,122,280
01/30/2023,JQF,NC,ASO,ES,Federal Contract Tower,10,9,36,0,55,0,8,98,3,109,10,17,134,3,164,50,0,50,214
01/31/2023,JQF,NC,ASO,ES,Federal Contract Tower,1,10,22,0,33,0,0,0,0,0,1,10,22,0,33,0,0,0,33
02/01/2023,JQF,NC,ASO,ES,Federal Contract Tower,2,15,30,0,47,0,0,0,0,0,2,15,30,0,47,0,0,0,47
02/02/2023,JQF,NC,ASO,ES,Federal Contract Tower,8,19,16,0,43,0,0,0,0,0,8,19,16,0,43,0,0,0,43
02/03/2023,JQF,NC,ASO,ES,Federal Contract Tower,12,13,40,0,65,0,11,163,1,175,12,24,203,1,240,58,0,58,298
02/04/2023,JQF,NC,ASO,ES,Federal Contract Tower,3,3,27,0,33,0,8,200,8,216,3,11,227,8,249,72,0,72,321
02/05/2023,JQF,NC,ASO,ES,Federal Contract Tower,7,1,34,0,42,0,7,193,5,205,7,8,227,5,247,48,0,48,295
02/06/2023,JQF,NC,ASO,ES,Federal Contract Tower,9,6,36,2,53,0,29,159,7,195,9,35,195,9,248,82,0,82,330
02/07/2023,JQF,NC,ASO,ES,Federal Contract Tower,0,7,43,0,50,0,21,171,5,197,0,28,214,5,247,98,0,98,345
02/08/2023,JQF,NC,ASO,ES,Federal Contract Tower,5,11,48,2,66,0,9,199,6,214,5,20,247,8,280,122,10,132,412
02/09/2023,JQF,NC,ASO,ES,Federal Contract Tower,7,7,42,0,56,0,20,114,0,134,7,27,156,0,190,46,0,46,236
02/10/2023,JQF,NC,ASO,ES,Federal Contract Tower,8,8,31,0,47,0,17,133,0,150,8,25,164,0,197,36,0,36,233
02/11/2023,JQF,NC,ASO,ES,Federal Contract Tower,2,0,29,0,31,0,4,92,0,96,2,4,121,0,127,42,0,42,169
02/12/2023,JQF,NC,ASO,ES,Federal Contract Tower,6,2,14,0,22,0,2,0,0,2,6,4,14,0,24,0,0,0,24
02/13/2023,JQF,NC,ASO,ES,Federal Contract Tower,8,13,59,0,80,0,17,192,5,214,8,30,251,5,294,74,0,74,368
02/14/2023,JQF,NC,ASO,ES,Federal Contract Tower,0,10,32,0,42,0,8,210,4,222,0,18,242,4,264,102,0,102,366
02/15/2023,JQF,NC,ASO,ES,Federal Contract Tower,9,11,41,0,61,0,12,185,2,199,9,23,226,2,260,68,0,68,328
02/16/2023,JQF,NC,ASO,ES,Federal Contract Tower,13,5,58,2,78,0,8,81,0,89,13,13,139,2,167,40,0,40,207
02/17/2023,JQF,NC,ASO,ES,Federal Contract Tower,7,11,22,0,40,0,7,4,0,11,7,18,26,0,51,0,0,0,51
02/18/2023,JQF,NC,ASO,ES,Federal Contract Tower,8,0,38,0,46,0,9,205,0,214,8,9,243,0,260,80,0,80,340
02/19/2023,JQF,NC,ASO,ES,Federal Contract Tower,18,8,45,1,72,0,0,106,1,107,18,8,151,2,179,52,0,52,231
02/20/2023,JQF,NC,ASO,ES,Federal Contract Tower,8,10,51,1,70,0,2,205,5,212,8,12,256,6,282,96,0,96,378
02/21/2023,JQF,NC,ASO,ES,Federal Contract Tower,4,13,45,0,62,0,10,140,0,150,4,23,185,0,212,58,0,58,270
02/22/2023,JQF,NC,ASO,ES,Federal Contract Tower,2,15,60,0,77,0,10,53,0,63,2,25,113,0,140,0,0,0,140
02/23/2023,JQF,NC,ASO,ES,Federal Contract Tower,8,15,46,0,69,0,15,48,0,63,8,30,94,0,132,24,0,24,156
02/24/2023,JQF,NC,ASO,ES,Federal Contract Tower,13,10,49,0,72,0,15,212,2,229,13,25,261,2,301,94,0,94,395
02/25/2023,JQF,NC,ASO,ES,Federal Contract Tower,6,0,11,0,17,0,0,3,0,3,6,0,14,0,20,0,0,0,20
02/26/2023,JQF,NC,ASO,ES,Federal Contract Tower,6,5,40,0,51,0,0,1,0,1,6,5,41,0,52,0,0,0,52
02/27/2023,JQF,NC,ASO,ES,Federal Contract Tower,7,18,34,2,61,0,12,64,0,76,7,30,98,2,137,68,0,68,205
02/28/2023,JQF,NC,ASO,ES,Federal Contract Tower,4,14,44,1,63,0,21,176,0,197,4,35,220,1,260,94,0,94,354
03/01/2023,JQF,NC,ASO,ES,Federal Contract Tower,1,16,60,0,77,0,19,148,1,168,1,35,208,1,245,60,0,60,305
03/02/2023,JQF,NC,ASO,ES,Federal Contract Tower,10,21,61,1,93,0,13,45,0,58,10,34,106,1,151,24,0,24,175
03/03/2023,JQF,NC,ASO,ES,Federal Contract Tower,9,9,27,0,45,0,0,5,0,5,9,9,32,0,50,2,0,2,52
03/04/2023,JQF,NC,ASO,ES,Federal Contract Tower,3,2,24,0,29,0,14,154,1,169,3,16,178,1,198,42,0,42,240
03/05/2023,JQF,NC,ASO,ES,Federal Contract Tower,7,4,36,0,47,0,10,176,0,186,7,14,212,0,233,94,0,94,327
03/06/2023,JQF,NC,ASO,ES,Federal Contract Tower,14,5,35,0,54,0,28,168,0,196,14,33,203,0,250,130,0,130,380
03/07/2023,JQF,NC,ASO,ES,Federal Contract Tower,4,9,31,0,44,0,18,81,0,99,4,27,112,0,143,24,0,24,167
03/08/2023,JQF,NC,ASO,ES,Federal Contract Tower,2,13,48,0,63,0,16,181,3,200,2,29,229,3,263,114,0,114,377
03/09/2023,JQF,NC,ASO,ES,Federal Contract Tower,10,10,42,1,63,0,29,190,1,220,10,39,232,2,283,68,0,68,351
03/10/2023,JQF,NC,ASO,ES,Federal Contract Tower,16,13,33,0,62,0,5,15,0,20,16,18,48,0,82,28,0,28,110
03/11/2023,JQF,NC,ASO,ES,Federal Contract Tower,4,2,29,0,35,0,26,159,6,191,4,28,188,6,226,74,0,74,300
03/12/2023,JQF,NC,ASO,ES,Federal Contract Tower,8,0,14,0,22,0,0,0,0,0,8,0,14,0,22,0,0,0,22
03/13/2023,JQF,NC,ASO,ES,Federal Contract Tower,12,16,38,0,66,0,26,54,0,80,12,42,92,0,146,80,0,80,226
03/14/2023,JQF,NC,ASO,ES,Federal Contract Tower,2,9,40,1,52,0,22,86,1,109,2,31,126,2,161,0,0,0,161
03/15/2023,JQF,NC,ASO,ES,Federal Contract Tower,1,13,44,0,58,0,38,142,2,182,1,51,186,2,240,62,0,62,302
03/16/2023,JQF,NC,ASO,ES,Federal Contract Tower,6,16,51,0,73,0,25,175,3,203,6,41,226,3,276,66,0,66,342
03/17/2023,JQF,NC,ASO,ES,Federal Contract Tower,17,17,34,0,68,0,16,33,0,49,17,33,67,0,117,16,0,16,133
03/18/2023,JQF,NC,ASO,ES,Federal Contract Tower,5,11,37,0,53,0,20,159,0,179,5,31,196,0,232,42,0,42,274
03/19/2023,JQF,NC,ASO,ES,Federal Contract Tower,17,3,49,6,75,0,51,163,7,221,17,54,212,13,296,86,0,86,382
03/20/2023,JQF,NC,ASO,ES,Federal Contract Tower,6,9,33,0,48,0,43,167,0,210,6,52,200,0,258,102,0,102,360
03/21/2023,JQF,NC,ASO,ES,Federal Contract Tower,2,14,42,1,59,0,43,164,2,209,2,57,206,3,268,84,0,84,352
03/22/2023,JQF,NC,ASO,ES,Federal Contract Tower,0,24,38,0,62,0,16,40,0,56,0,40,78,0,118,78,0,78,196
03/23/2023,JQF,NC,ASO,ES,Federal Contract Tower,10,12,50,0,72,0,34,55,0,89,10,46,105,0,161,42,0,42,203
03/24/2023,JQF,NC,ASO,ES,Federal Contract Tower,9,16,44,1,70,0,41,107,6,154,9,57,151,7,224,46,0,46,270
03/25/2023,JQF,NC,ASO,ES,Federal Contract Tower,5,2,16,2,25,0,9,25,0,34,5,11,41,2,59,20,0,20,79
03/26/2023,JQF,NC,ASO,ES,Federal Contract Tower,4,11,38,1,54,0,38,59,12,109,4,49,97,13,163,42,0,42,205
03/27/2023,JQF,NC,ASO,ES,Federal Contract Tower,6,22,28,2,58,0,18,38,0,56,6,40,66,2,114,90,0,90,204
03/28/2023,JQF,NC,ASO,ES,Federal Contract Tower,2,23,33,0,58,0,76,103,4,183,2,99,136,4,241,72,0,72,313
03/29/2023,JQF,NC,ASO,ES,Federal Contract Tower,0,26,57,1,84,0,47,137,1,185,0,73,194,2,269,104,0,104,373
03/30/2023,JQF,NC,ASO,ES,Federal Contract Tower,6,15,57,0,78,0,83,179,0,262,6,98,236,0,340,36,0,36,376
03/31/2023,JQF,NC,ASO,ES,Federal Contract Tower,16,15,40,0,71,0,70,143,6,219,16,85,183,6,290,92,0,92,382
04/01/2023,JQF,NC,ASO,ES,Federal Contract Tower,7,3,11,0,21,0,0,2,0,2,7,3,13,0,23,0,0,0,23
04/02/2023,JQF,NC,ASO,ES,Federal Contract Tower,15,5,54,1,75,0,32,176,1,209,15,37,230,2,284,36,0,36,320
04/03/2023,JQF,NC,ASO,ES,Federal Contract Tower,6,20,25,1,52,0,15,23,0,38,6,35,48,1,90,50,0,50,140
04/04/2023,JQF,NC,ASO,ES,Federal Contract Tower,2,20,33,1,56,0,77,112,3,192,2,97,145,4,248,62,0,62,310
04/05/2023,JQF,NC,ASO,ES,Federal Contract Tower,2,10,45,0,57,0,46,99,0,145,2,56,144,0,202,70,0,70,272
04/06/2023,JQF,NC,ASO,ES,Federal Contract Tower,6,14,42,0,62,0,61,74,2,137,6,75,116,2,199,54,2,56,255
04/07/2023,JQF,NC,ASO,ES,Federal Contract Tower,7,13,30,0,50,0,0,0,0,0,7,13,30,0,50,0,0,0,50
04/08/2023,JQF,NC,ASO,ES,Federal Contract Tower,10,0,14,0,24,0,0,0,0,0,10,0,14,0,24,0,0,0,24
04/09/2023,JQF,NC,ASO,ES,Federal Contract Tower,9,9,26,0,44,0,15,42,0,57,9,24,68,0,101,0,0,0,101
04/10/2023,JQF,NC,ASO,ES,Federal Contract Tower,10,14,46,0,70,0,112,116,0,228,10,126,162,0,298,44,0,44,342
04/11/2023,JQF,NC,ASO,ES,Federal Contract Tower,5,19,39,0,63,0,81,119,4,204,5,100,158,4,267,154,0,154,421
04/12/2023,JQF,NC,ASO,ES,Federal Contract Tower,6,26,47,0,79,0,50,150,2,202,6,76,197,2,281,64,2,66,347
04/13/2023,JQF,NC,ASO,ES,Federal Contract Tower,5,27,59,0,91,0,83,194,2,279,5,110,253,2,370,52,0,52,422
04/14/2023,JQF,NC,ASO,ES,Federal Contract Tower,6,13,32,3,54,0,6,6,2,14,6,19,38,5,68,0,0,0,68
04/15/2023,JQF,NC,ASO,ES,Federal Contract Tower,2,11,40,0,53,0,32,140,0,172,2,43,180,0,225,52,0,52,277
04/16/2023,JQF,NC,ASO,ES,Federal Contract Tower,11,19,50,1,81,0,29,52,0,81,11,48,102,1,162,28,0,28,190
04/17/2023,JQF,NC,ASO,ES,Federal Contract Tower,5,30,21,0,56,0,46,96,0,142,5,76,117,0,198,34,0,34,232
04/18/2023,JQF,NC,ASO,ES,Federal Contract Tower,4,9,41,0,54,0,97,120,0,217,4,106,161,0,271,94,0,94,365
04/19/2023,JQF,NC,ASO,ES,Federal Contract Tower,1,18,39,0,58,0,117,119,1,237,1,135,158,1,295,100,0,100,395
04/20/2023,JQF,NC,ASO,ES,Federal Contract Tower,6,19,29,0,54,0,66,128,0,194,6,85,157,0,248,98,0,98,346
04/21/2023,JQF,NC,ASO,ES,Federal Contract Tower,15,16,40,0,71,0,95,131,2,228,15,111,171,2,299,98,0,98,397
04/22/2023,JQF,NC,ASO,ES,Federal Contract Tower,9,2,19,0,30,0,27,16,0,43,9,29,35,0,73,44,0,44,117
04/23/2023,JQF,NC,ASO,ES,Federal Contract Tower,18,12,68,0,98,0,71,83,2,156,18,83,151,2,254,30,0,30,284
04/24/2023,JQF,NC,ASO,ES,Federal Contract Tower,11,22,38,0,71,0,111,141,0,252,11,133,179,0,323,110,0,110,433
04/25/2023,JQF,NC,ASO,ES,Federal Contract Tower,3,18,40,3,64,0,112,85,2,199,3,130,125,5,263,96,0,96,359
04/26/2023,JQF,NC,ASO,ES,Federal Contract Tower,2,27,50,8,87,0,62,42,0,104,2,89,92,8,191,42,0,42,233
04/27/2023,JQF,NC,ASO,ES,Federal Contract Tower,5,22,59,0,86,0,0,0,0,0,5,22,59,0,86,0,0,0,86
04/28/2023,JQF,NC,ASO,ES,Federal Contract Tower,12,26,47,0,85,0,49,45,0,94,12,75,92,0,179,22,0,22,201
04/29/2023,JQF,NC,ASO,ES,Federal Contract Tower,7,16,35,0,58,0,24,32,0,56,7,40,67,0,114,8,0,8,122
04/30/2023,JQF,NC,ASO,ES,Federal Contract Tower,8,23,38,0,69,0,12,18,0,30,8,35,56,0,99,24,0,24,123
05/01/2023,JQF,NC,ASO,ES,Federal Contract Tower,20,21,61,0,102,0,62,81,0,143,20,83,142,0,245,16,0,16,261
05/02/2023,JQF,NC,ASO,ES,Federal Contract Tower,4,12,44,0,60,0,54,62,0,116,4,66,106,0,176,50,0,50,226
05/03/2023,JQF,NC,ASO,ES,Federal Contract Tower,0,19,47,0,66,0,59,76,0,135,0,78,123,0,201,60,0,60,261
05/04/2023,JQF,NC,ASO,ES,Federal Contract Tower,9,25,51,0,85,0,113,166,0,279,9,138,217,0,364,74,0,74,438
05/05/2023,JQF,NC,ASO,ES,Federal Contract Tower,7,27,40,3,77,0,99,156,0,255,7,126,196,3,332,50,0,50,382
05/06/2023,JQF,NC,ASO,ES,Federal Contract Tower,11,15,33,0,59,0,78,88,0,166,11,93,121,0,225,58,0,58,283
05/07/2023,JQF,NC,ASO,ES,Federal Contract Tower,12,14,45,3,74,0,43,76,1,120,12,57,121,4,194,40,0,40,234
05/08/2023,JQF,NC,ASO,ES,Federal Contract Tower,6,24,44,0,74,0,66,88,2,156,6,90,132,2,230,30,0,30,260
05/09/2023,JQF,NC,ASO,ES,Federal Contract Tower,2,24,45,0,71,0,99,115,0,214,2,123,160,0,285,92,0,92,377
05/10/2023,JQF,NC,ASO,ES,Federal Contract Tower,0,20,63,0,83,0,73,132,2,207,0,93,195,2,290,74,0,74,364
05/11/2023,JQF,NC,ASO,ES,Federal Contract Tower,6,15,74,0,95,0,86,123,4,213,6,101,197,4,308,58,0,58,366
05/12/2023,JQF,NC,ASO,ES,Federal Contract Tower,6,27,42,0,75,0,79,75,0,154,6,106,117,0,229,52,0,52,281
05/13/2023,JQF,NC,ASO,ES,Federal Contract Tower,3,12,26,0,41,0,14,39,0,53,3,26,65,0,94,64,8,72,166
05/14/2023,JQF,NC,ASO,ES,Federal Contract Tower,6,8,43,0,57,0,49,34,0,83,6,57,77,0,140,6,0,6,146
05/15/2023,JQF,NC,ASO,ES,Federal Contract Tower,6,22,40,0,68,0,76,92,2,170,6,98,132,2,238,40,0,40,278
05/16/2023,JQF,NC,ASO,ES,Federal Contract Tower,3,27,42,0,72,0,67,67,1,135,3,94,109,1,207,28,0,28,235
05/17/2023,JQF,NC,ASO,ES,Federal Contract Tower,3,21,30,0,54,0,69,127,0,196,3,90,157,0,250,66,0,66,316
05/18/2023,JQF,NC,ASO,ES,Federal Contract Tower,6,28,51,0,85,0,52,69,2,123,6,80,120,2,208,100,0,100,308
05/19/2023,JQF,NC,ASO,ES,Federal Contract Tower,8,46,71,0,125,0,9,16,0,25,8,55,87,0,150,22,0,22,172
05/20/2023,JQF,NC,ASO,ES,Federal Contract Tower,1,7,43,0,51,0,16,42,0,58,1,23,85,0,109,88,0,88,197
05/21/2023,JQF,NC,ASO,ES,Federal Contract Tower,9,12,54,0,75,0,56,87,0,143,9,68,141,0,218,28,0,28,246
05/22/2023,JQF,NC,ASO,ES,Federal Contract Tower,8,18,32,0,58,0,71,128,8,207,8,89,160,8,265,42,0,42,307
05/23/2023,JQF,NC,ASO,ES,Federal Contract Tower,0,23,36,2,61,0,72,125,0,197,0,95,161,2,258,26,0,26,284
05/24/2023,JQF,NC,ASO,ES,Federal Contract Tower,0,18,55,1,74,0,98,169,3,270,0,116,224,4,344,42,0,42,386
05/25/2023,JQF,NC,ASO,ES,Federal Contract Tower,6,24,52,2,84,0,122,88,7,217,6,146,140,9,301,32,0,32,333
05/26/2023,JQF,NC,ASO,ES,Federal Contract Tower,9,15,51,1,76,0,79,59,3,141,9,94,110,4,217,20,0,20,237
05/27/2023,JQF,NC,ASO,ES,Federal Contract Tower,1,8,25,1,35,0,10,2,1,13,1,18,27,2,48,38,0,38,86
05/28/2023,JQF,NC,ASO,ES,Federal Contract Tower,8,5,22,3,38,0,0,0,0,0,8,5,22,3,38,0,0,0,38
05/29/2023,JQF,NC,ASO,ES,Federal Contract Tower,12,8,60,3,83,0,4,11,0,15,12,12,71,3,98,0,0,0,98
05/30/2023,JQF,NC,ASO,ES,Federal Contract Tower,6,18,43,1,68,0,59,41,1,101,6,77,84,2,169,32,0,32,201
05/31/2023,JQF,NC,ASO,ES,Federal Contract Tower,2,23,70,0,95,0,80,88,2,170,2,103,158,2,265,12,0,12,277
06/01/2023,JQF,NC,ASO,ES,Federal Contract Tower,7,25,37,0,69,0,130,116,0,246,7,155,153,0,315,4,0,4,319
06/02/2023,JQF,NC,ASO,ES,Federal Contract Tower,15,22,54,1,92,0,123,93,2,218,15,145,147,3,310,16,0,16,326
06/03/2023,JQF,NC,ASO,ES,Federal Contract Tower,0,13,27,1,41,0,76,98,0,174,0,89,125,1,215,28,0,28,243
06/04/2023,JQF,NC,ASO,ES,Federal Contract Tower,10,19,47,0,76,0,13,14,0,27,10,32,61,0,103,18,0,18,121
06/05/2023,JQF,NC,ASO,ES,Federal Contract Tower,8,34,47,0,89,0,70,55,2,127,8,104,102,2,216,86,0,86,302
06/06/2023,JQF,NC,ASO,ES,Federal Contract Tower,3,32,44,0,79,0,118,109,0,227,3,150,153,0,306,134,0,134,440
06/07/2023,JQF,NC,ASO,ES,Federal Contract Tower,1,14,46,0,61,0,102,72,0,174,1,116,118,0,235,38,0,38,273
06/08/2023,JQF,NC,ASO,ES,Federal Contract Tower,11,17,37,0,65,0,94,107,2,203,11,111,144,2,268,54,0,54,322
06/09/2023,JQF,NC,ASO,ES,Federal Contract Tower,13,19,38,0,70,0,102,138,0,240,13,121,176,0,310,68,0,68,378
06/10/2023,JQF,NC,ASO,ES,Federal Contract Tower,1,12,22,1,36,0,75,90,1,166,1,87,112,2,202,54,0,54,256
06/11/2023,JQF,NC,ASO,ES,Federal Contract Tower,7,14,40,0,61,0,29,39,4,72,7,43,79,4,133,78,0,78,211
06/12/2023,JQF,NC,ASO,ES,Federal Contract Tower,8,18,37,0,63,0,46,34,0,80,8,64,71,0,143,10,0,10,153
06/13/2023,JQF,NC,ASO,ES,Federal Contract Tower,0,25,31,0,56,0,138,98,0,236,0,163,129,0,292,38,0,38,330
06/14/2023,JQF,NC,ASO,ES,Federal Contract Tower,0,7,48,0,55,0,75,84,0,159,0,82,132,0,214,46,0,46,260
06/15/2023,JQF,NC,ASO,ES,Federal Contract Tower,6,17,49,0,72,0,80,116,4,200,6,97,165,4,272,16,0,16,288
06/16/2023,JQF,NC,ASO,ES,Federal Contract Tower,8,13,34,0,55,0,88,94,0,182,8,101,128,0,237,52,0,52,289
06/17/2023,JQF,NC,ASO,ES,Federal Contract Tower,1,8,21,0,30,0,53,109,0,162,1,61,130,0,192,62,0,62,254
06/18/2023,JQF,NC,ASO,ES,Federal Contract Tower,6,13,15,0,34,0,38,72,0,110,6,51,87,0,144,72,0,72,216
06/19/2023,JQF,NC,ASO,ES,Federal Contract Tower,8,14,34,0,56,0,5,2,0,7,8,19,36,0,63,10,0,10,73
06/20/2023,JQF,NC,ASO,ES,Federal Contract Tower,2,13,23,2,40,0,0,0,0,0,2,13,23,2,40,0,0,0,40
06/21/2023,JQF,NC,ASO,ES,Federal Contract Tower,0,15,38,0,53,0,0,1,0,1,0,15,39,0,54,0,0,0,54
06/22/2023,JQF,NC,ASO,ES,Federal Contract Tower,7,17,32,0,56,0,0,0,0,0,7,17,32,0,56,0,0,0,56
06/23/2023,JQF,NC,ASO,ES,Federal Contract Tower,20,22,39,0,81,0,19,29,0,48,20,41,68,0,129,14,0,14,143
06/24/2023,JQF,NC,ASO,ES,Federal Contract Tower,5,14,20,0,39,0,70,85,0,155,5,84,105,0,194,72,0,72,266
06/25/2023,JQF,NC,ASO,ES,Federal Contract Tower,7,8,25,0,40,0,58,86,0,144,7,66,111,0,184,72,0,72,256
06/26/2023,JQF,NC,ASO,ES,Federal Contract Tower,9,15,40,1,65,0,65,83,0,148,9,80,123,1,213,16,0,16,229
06/27/2023,JQF,NC,ASO,ES,Federal Contract Tower,1,24,29,3,57,0,133,151,3,287,1,157,180,6,344,60,0,60,404
06/28/2023,JQF,NC,ASO,ES,Federal Contract Tower,0,21,39,0,60,0,85,161,10,256,0,106,200,10,316,54,0,54,370
06/29/2023,JQF,NC,ASO,ES,Federal Contract Tower,6,17,53,0,76,0,77,64,0,141,6,94,117,0,217,18,0,18,235
06/30/2023,JQF,NC,ASO,ES,Federal Contract Tower,16,20,38,0,74,0,74,63,0,137,16,94,101,0,211,12,0,12,223
07/01/2023,JQF,NC,ASO,ES,Federal Contract Tower,4,18,21,0,43,0,65,63,0,128,4,83,84,0,171,44,0,44,215
07/02/2023,JQF,NC,ASO,ES,Federal Contract Tower,13,9,17,0,39,0,88,62,0,150,13,97,79,0,189,62,0,62,251
07/03/2023,JQF,NC,ASO,ES,Federal Contract Tower,8,16,13,0,37,0,54,71,0,125,8,70,84,0,162,48,0,48,210
07/04/2023,JQF,NC,ASO,ES,Federal Contract Tower,0,4,18,0,22,0,64,73,0,137,0,68,91,0,159,32,0,32,191
07/05/2023,JQF,NC,ASO,ES,Federal Contract Tower,2,19,28,0,49,0,97,81,0,178,2,116,109,0,227,36,0,36,263
07/06/2023,JQF,NC,ASO,ES,Federal Contract Tower,6,27,46,1,80,0,86,106,2,194,6,113,152,3,274,6,0,6,280
07/07/2023,JQF,NC,ASO,ES,Federal Contract Tower,9,15,37,0,61,0,126,124,1,251,9,141,161,1,312,6,0,6,318
07/08/2023,JQF,NC,ASO,ES,Federal Contract Tower,9,10,22,0,41,0,51,83,4,138,9,61,105,4,179,34,0,34,213
07/09/2023,JQF,NC,ASO,ES,Federal Contract Tower,10,13,36,0,59,0,59,53,1,113,10,72,89,1,172,82,0,82,254
07/10/2023,JQF,NC,ASO,ES,Federal Contract Tower,13,12,44,1,70,0,117,103,2,222,13,129,147,3,292,62,2,64,356
07/11/2023,JQF,NC,ASO,ES,Federal Contract Tower,0,17,34,0,51,0,94,112,1,207,0,111,146,1,258,50,0,50,308
07/12/2023,JQF,NC,ASO,ES,Federal Contract Tower,1,22,50,0,73,0,107,122,0,229,1,129,172,0,302,52,0,52,354
07/13/2023,JQF,NC,ASO,ES,Federal Contract Tower,6,15,39,0,60,0,84,107,1,192,6,99,146,1,252,10,0,10,262
07/14/2023,JQF,NC,ASO,ES,Federal Contract Tower,16,9,45,0,70,0,43,63,3,109,16,52,108,3,179,22,0,22,201
07/15/2023,JQF,NC,ASO,ES,Federal Contract Tower,5,11,32,0,48,0,6,18,0,24,5,17,50,0,72,0,0,0,72
07/16/2023,JQF,NC,ASO,ES,Federal Contract Tower,6,15,36,0,57,0,64,70,3,137,6,79,106,3,194,34,0,34,228
07/17/2023,JQF,NC,ASO,ES,Federal Contract Tower,17,26,39,2,84,0,58,62,4,124,17,84,101,6,208,22,0,22,230
07/18/2023,JQF,NC,ASO,ES,Federal Contract Tower,0,19,49,0,68,0,29,50,1,80,0,48,99,1,148,0,0,0,148
07/19/2023,JQF,NC,ASO,ES,Federal Contract Tower,0,18,37,0,55,0,62,104,0,166,0,80,141,0,221,4,0,4,225
07/20/2023,JQF,NC,ASO,ES,Federal Contract Tower,9,13,30,0,52,0,66,109,0,175,9,79,139,0,227,14,0,14,241
07/21/2023,JQF,NC,ASO,ES,Federal Contract Tower,18,17,30,0,65,0,89,96,0,185,18,106,126,0,250,0,0,0,250
07/22/2023,JQF,NC,ASO,ES,Federal Contract Tower,2,4,31,0,37,0,63,97,4,164,2,67,128,4,201,14,0,14,215
07/23/2023,JQF,NC,ASO,ES,Federal Contract Tower,9,9,52,0,70,0,44,55,2,101,9,53,107,2,171,10,0,10,181
07/24/2023,JQF,NC,ASO,ES,Federal Contract Tower,8,25,49,1,83,0,46,65,4,115,8,71,114,5,198,4,0,4,202
07/25/2023,JQF,NC,ASO,ES,Federal Contract Tower,3,16,25,0,44,0,69,97,6,172,3,85,122,6,216,2,0,2,218
07/26/2023,JQF,NC,ASO,ES,Federal Contract Tower,2,21,34,0,57,0,88,104,6,198,2,109,138,6,255,8,0,8,263
07/27/2023,JQF,NC,ASO,ES,Federal Contract Tower,7,16,39,4,66,0,116,88,10,214,7,132,127,14,280,4,0,4,284
07/28/2023,JQF,NC,ASO,ES,Federal Contract Tower,15,15,35,1,66,0,118,106,2,226,15,133,141,3,292,12,0,12,304
07/29/2023,JQF,NC,ASO,ES,Federal Contract Tower,3,8,21,0,32,0,67,91,1,159,3,75,112,1,191,0,0,0,191
07/30/2023,JQF,NC,ASO,ES,Federal Contract Tower,19,6,30,0,55,0,62,64,0,126,19,68,94,0,181,2,0,2,183
07/31/2023,JQF,NC,ASO,ES,Federal Contract Tower,9,17,33,1,60,0,96,96,0,192,9,113,129,1,252,38,0,38,290
08/01/2023,JQF,NC,ASO,ES,Federal Contract Tower,3,28,47,0,78,0,82,92,0,174,3,110,139,0,252,0,0,0,252
08/02/2023,JQF,NC,ASO,ES,Federal Contract Tower,0,19,38,0,57,0,80,88,0,168,0,99,126,0,225,4,0,4,229
08/03/2023,JQF,NC,ASO,ES,Federal Contract Tower,7,26,45,0,78,0,0,4,2,6,7,26,49,2,84,0,0,0,84
08/04/2023,JQF,NC,ASO,ES,Federal Contract Tower,13,29,42,3,87,0,53,41,0,94,13,82,83,3,181,22,0,22,203
08/05/2023,JQF,NC,ASO,ES,Federal Contract Tower,5,18,19,0,42,0,72,97,4,173,5,90,116,4,215,4,0,4,219
08/06/2023,JQF,NC,ASO,ES,Federal Contract Tower,12,10,29,0,51,0,37,52,0,89,12,47,81,0,140,0,0,0,140
08/07/2023,JQF,NC,ASO,ES,Federal Contract Tower,17,6,41,0,64,0,31,27,0,58,17,37,68,0,122,0,0,0,122
08/08/2023,JQF,NC,ASO,ES,Federal Contract Tower,0,14,42,1,57,0,102,90,1,193,0,116,132,2,250,8,0,8,258
08/09/2023,JQF,NC,ASO,ES,Federal Contract Tower,0,24,35,0,59,0,84,112,2,198,0,108,147,2,257,26,0,26,283
08/10/2023,JQF,NC,ASO,ES,Federal Contract Tower,9,20,27,0,56,0,65,36,2,103,9,85,63,2,159,0,0,0,159
08/11/2023,JQF,NC,ASO,ES,Federal Contract Tower,15,18,38,0,71,0,139,118,0,257,15,157,156,0,328,18,0,18,346
08/12/2023,JQF,NC,ASO,ES,Federal Contract Tower,2,12,17,0,31,0,55,63,1,119,2,67,80,1,150,14,0,14,164
08/13/2023,JQF,NC,ASO,ES,Federal Contract Tower,15,10,44,0,69,0,44,98,0,142,15,54,142,0,211,2,0,2,213
08/14/2023,JQF,NC,ASO,ES,Federal Contract Tower,9,13,34,0,56,0,80,105,4,189,9,93,139,4,245,14,0,14,259
08/15/2023,JQF,NC,ASO,ES,Federal Contract Tower,2,14,46,0,62,0,63,54,0,117,2,77,100,0,179,4,0,4,183
08/16/2023,JQF,NC,ASO,ES,Federal Contract Tower,0,16,26,2,44,0,106,138,7,251,0,122,164,9,295,14,0,14,309
08/17/2023,JQF,NC,ASO,ES,Federal Contract Tower,8,14,43,2,67,0,76,67,0,143,8,90,110,2,210,8,0,8,218
08/18/2023,JQF,NC,ASO,ES,Federal Contract Tower,16,9,39,1,65,0,101,96,3,200,16,110,135,4,265,2,0,2,267
08/19/2023,JQF,NC,ASO,ES,Federal Contract Tower,3,11,28,0,42,0,74,87,8,169,3,85,115,8,211,10,0,10,221
08/20/2023,JQF,NC,ASO,ES,Federal Contract Tower,16,7,38,0,61,0,74,99,0,173,16,81,137,0,234,36,0,36,270
08/21/2023,JQF,NC,ASO,ES,Federal Contract Tower,8,8,45,0,61,0,106,129,2,237,8,114,174,2,298,64,0,64,362
08/22/2023,JQF,NC,ASO,ES,Federal Contract Tower,0,19,45,0,64,0,104,100,2,206,0,123,145,2,270,30,0,30,300
08/23/2023,JQF,NC,ASO,ES,Federal Contract Tower,0,15,44,1,60,0,106,139,2,247,0,121,183,3,307,62,2,64,371
08/24/2023,JQF,NC,ASO,ES,Federal Contract Tower,9,12,45,2,68,0,51,62,0,113,9,63,107,2,181,34,2,36,217
08/25/2023,JQF,NC,ASO,ES,Federal Contract Tower,16,18,43,3,80,0,78,80,3,161,16,96,123,6,241,78,0,78,319
08/26/2023,JQF,NC,ASO,ES,Federal Contract Tower,4,10,27,0,41,0,70,78,5,153,4,80,105,5,194,80,0,80,274
08/27/2023,JQF,NC,ASO,ES,Federal Contract Tower,14,15,26,0,55,0,45,70,0,115,14,60,96,0,170,28,0,28,198
08/28/2023,JQF,NC,ASO,ES,Federal Contract Tower,9,32,41,0,82,0,20,7,0,27,9,52,48,0,109,0,0,0,109
08/29/2023,JQF,NC,ASO,ES,Federal Contract Tower,0,28,29,0,57,0,4,11,0,15,0,32,40,0,72,0,0,0,72
08/30/2023,JQF,NC,ASO,ES,Federal Contract Tower,0,15,23,0,38,0,0,0,0,0,0,15,23,0,38,0,0,0,38
08/31/2023,JQF,NC,ASO,ES,Federal Contract Tower,6,22,34,0,62,0,40,87,2,129,6,62,121,2,191,78,0,78,269
01/01/2020,JQF,NC,ASO,ES,Federal Contract Tower,6,5,18,0,29,0,4,48,0,52,6,9,66,0,81,0,0,0,81
01/02/2020,JQF,NC,ASO,ES,Federal Contract Tower,5,5,36,0,46,0,1,90,0,91,5,6,126,0,137,130,0,130,267
01/03/2020,JQF,NC,ASO,ES,Federal Contract Tower,14,5,10,0,29,0,0,0,0,0,14,5,10,0,29,0,0,0,29
01/04/2020,JQF,NC,ASO,ES,Federal Contract Tower,8,3,20,0,31,0,3,4,0,7,8,6,24,0,38,0,0,0,38
01/05/2020,JQF,NC,ASO,ES,Federal Contract Tower,8,3,39,0,50,0,4,96,4,104,8,7,135,4,154,40,0,40,194
01/06/2020,JQF,NC,ASO,ES,Federal Contract Tower,14,9,27,0,50,0,15,115,2,132,14,24,142,2,182,84,0,84,266
01/07/2020,JQF,NC,ASO,ES,Federal Contract Tower,4,12,33,0,49,0,7,12,0,19,4,19,45,0,68,0,0,0,68
01/08/2020,JQF,NC,ASO,ES,Federal Contract Tower,2,8,38,0,48,0,9,98,0,107,2,17,136,0,155,22,0,22,177
01/09/2020,JQF,NC,ASO,ES,Federal Contract Tower,8,8,46,0,62,0,12,164,5,181,8,20,210,5,243,128,0,128,371
01/10/2020,JQF,NC,ASO,ES,Federal Contract Tower,12,6,46,0,64,0,3,127,0,130,12,9,173,0,194,68,0,68,262
01/11/2020,JQF,NC,ASO,ES,Federal Contract Tower,6,7,18,0,31,0,0,0,0,0,6,7,18,0,31,0,0,0,31
01/12/2020,JQF,NC,ASO,ES,Federal Contract Tower,8,0,42,0,50,0,2,85,0,87,8,2,127,0,137,94,0,94,231
01/13/2020,JQF,NC,ASO,ES,Federal Contract Tower,12,6,13,0,31,0,0,0,0,0,12,6,13,0,31,0,0,0,31
01/14/2020,JQF,NC,ASO,ES,Federal Contract Tower,1,9,28,0,38,0,8,29,2,39,1,17,57,2,77,90,10,100,177
01/15/2020,JQF,NC,ASO,ES,Federal Contract Tower,0,7,35,0,42,0,7,17,2,26,0,14,52,2,68,94,0,94,162
01/16/2020,JQF,NC,ASO,ES,Federal Contract Tower,7,9,30,0,46,0,17,110,4,131,7,26,140,4,177,62,0,62,239
01/17/2020,JQF,NC,ASO,ES,Federal Contract Tower,12,10,56,0,78,0,3,145,4,152,12,13,201,4,230,68,0,68,298
01/18/2020,JQF,NC,ASO,ES,Federal Contract Tower,6,2,17,0,25,0,0,45,0,45,6,2,62,0,70,58,0,58,128
01/19/2020,JQF,NC,ASO,ES,Federal Contract Tower,9,0,26,0,35,0,2,86,4,92,9,2,112,4,127,68,4,72,199
01/20/2020,JQF,NC,ASO,ES,Federal Contract Tower,13,12,29,0,54,0,3,112,0,115,13,15,141,0,169,92,0,92,261
01/21/2020,JQF,NC,ASO,ES,Federal Contract Tower,2,8,35,0,45,0,23,97,0,120,2,31,132,0,165,46,4,50,215
01/22/2020,JQF,NC,ASO,ES,Federal Contract Tower,3,10,40,0,53,0,25,150,4,179,3,35,190,4,232,117,0,117,349
01/23/2020,JQF,NC,ASO,ES,Federal Contract Tower,9,13,46,0,68,0,15,142,1,158,9,28,188,1,226,60,0,60,286
01/24/2020,JQF,NC,ASO,ES,Federal Contract Tower,12,10,11,0,33,0,0,0,0,0,12,10,11,0,33,0,0,0,33
01/25/2020,JQF,NC,ASO,ES,Federal Contract Tower,8,4,27,0,39,0,8,90,4,102,8,12,117,4,141,74,0,74,215
01/26/2020,JQF,NC,ASO,ES,Federal Contract Tower,9,1,33,0,43,0,11,112,0,123,9,12,145,0,166,58,0,58,224
01/27/2020,JQF,NC,ASO,ES,Federal Contract Tower,13,5,26,0,44,0,6,113,2,121,13,11,139,2,165,72,0,72,237
01/28/2020,JQF,NC,ASO,ES,Federal Contract Tower,2,4,56,0,62,0,26,135,2,163,2,30,191,2,225,74,0,74,299
01/29/2020,JQF,NC,ASO,ES,Federal Contract Tower,3,20,33,0,56,0,16,128,2,146,3,36,161,2,202,108,0,108,310
01/30/2020,JQF,NC,ASO,ES,Federal Contract Tower,8,9,63,0,80,0,2,114,2,118,8,11,177,2,198,180,0,180,378
01/31/2020,JQF,NC,ASO,ES,Federal Contract Tower,14,8,25,0,47,0,0,46,0,46,14,8,71,0,93,4,0,4,97
02/01/2020,JQF,NC,ASO,ES,Federal Contract Tower,8,5,41,0,54,0,5,45,0,50,8,10,86,0,104,44,0,44,148
02/02/2020,JQF,NC,ASO,ES,Federal Contract Tower,8,7,19,0,34,0,6,94,1,101,8,13,113,1,135,42,0,42,177
02/03/2020,JQF,NC,ASO,ES,Federal Contract Tower,12,8,43,2,65,0,21,140,1,162,12,29,183,3,227,64,0,64,291
02/04/2020,JQF,NC,ASO,ES,Federal Contract Tower,0,6,27,0,33,0,9,115,0,124,0,15,142,0,157,98,0,98,255
02/05/2020,JQF,NC,ASO,ES,Federal Contract Tower,3,7,33,0,43,0,4,3,0,7,3,11,36,0,50,26,0,26,76
02/06/2020,JQF,NC,ASO,ES,Federal Contract Tower,9,2,14,0,25,0,0,0,0,0,9,2,14,0,25,0,0,0,25
02/07/2020,JQF,NC,ASO,ES,Federal Contract Tower,23,11,57,0,91,0,9,30,0,39,23,20,87,0,130,26,0,26,156
02/08/2020,JQF,NC,ASO,ES,Federal Contract Tower,8,2,9,0,19,0,1,94,0,95,8,3,103,0,114,70,0,70,184
02/09/2020,JQF,NC,ASO,ES,Federal Contract Tower,17,5,37,0,59,0,1,137,0,138,17,6,174,0,197,122,0,122,319
02/10/2020,JQF,NC,ASO,ES,Federal Contract Tower,12,7,32,0,51,0,6,108,4,118,12,13,140,4,169,228,0,228,397
02/11/2020,JQF,NC,ASO,ES,Federal Contract Tower,2,10,28,0,40,0,13,2,0,15,2,23,30,0,55,12,0,12,67
02/12/2020,JQF,NC,ASO,ES,Federal Contract Tower,4,12,51,0,67,0,10,73,2,85,4,22,124,2,152,180,0,180,332
02/13/2020,JQF,NC,ASO,ES,Federal Contract Tower,21,8,27,0,56,0,5,18,0,23,21,13,45,0,79,28,0,28,107
02/14/2020,JQF,NC,ASO,ES,Federal Contract Tower,14,8,35,0,57,0,14,245,4,263,14,22,280,4,320,94,0,94,414
02/15/2020,JQF,NC,ASO,ES,Federal Contract Tower,10,2,33,0,45,0,6,227,2,235,10,8,260,2,280,112,0,112,392
02/16/2020,JQF,NC,ASO,ES,Federal Contract Tower,11,6,39,0,56,0,6,108,0,114,11,12,147,0,170,70,0,70,240
02/17/2020,JQF,NC,ASO,ES,Federal Contract Tower,25,6,48,0,79,0,20,148,2,170,25,26,196,2,249,12,0,12,261
02/18/2020,JQF,NC,ASO,ES,Federal Contract Tower,3,5,34,0,42,0,5,36,0,41,3,10,70,0,83,74,0,74,157
02/19/2020,JQF,NC,ASO,ES,Federal Contract Tower,4,8,55,0,67,0,30,90,3,123,4,38,145,3,190,28,0,28,218
02/20/2020,JQF,NC,ASO,ES,Federal Contract Tower,14,4,32,0,50,0,5,34,0,39,14,9,66,0,89,56,0,56,145
02/22/2020,JQF,NC,ASO,ES,Federal Contract Tower,8,1,28,0,37,0,8,158,0,166,8,9,186,0,203,108,0,108,311
02/23/2020,JQF,NC,ASO,ES,Federal Contract Tower,8,4,32,0,44,0,18,182,0,200,8,22,214,0,244,100,0,100,344
02/24/2020,JQF,NC,ASO,ES,Federal Contract Tower,19,10,25,0,54,0,9,78,0,87,19,19,103,0,141,116,0,116,257
02/25/2020,JQF,NC,ASO,ES,Federal Contract Tower,2,11,29,1,43,0,3,25,1,29,2,14,54,2,72,82,0,82,154
02/26/2020,JQF,NC,ASO,ES,Federal Contract Tower,2,11,43,0,56,0,2,40,2,44,2,13,83,2,100,58,0,58,158
02/27/2020,JQF,NC,ASO,ES,Federal Contract Tower,14,12,35,0,61,0,13,89,4,106,14,25,124,4,167,150,0,150,317
02/28/2020,JQF,NC,ASO,ES,Federal Contract Tower,16,8,48,0,72,0,12,113,0,125,16,20,161,0,197,86,0,86,283
02/29/2020,JQF,NC,ASO,ES,Federal Contract Tower,7,4,25,0,36,0,6,60,3,69,7,10,85,3,105,4,0,4,109
03/01/2020,JQF,NC,ASO,ES,Federal Contract Tower,11,5,31,0,47,0,6,167,6,179,11,11,198,6,226,96,2,98,324
03/02/2020,JQF,NC,ASO,ES,Federal Contract Tower,21,7,45,0,73,0,10,127,0,137,21,17,172,0,210,22,0,22,232
03/03/2020,JQF,NC,ASO,ES,Federal Contract Tower,3,16,19,0,38,0,1,21,0,22,3,17,40,0,60,14,0,14,74
03/04/2020,JQF,NC,ASO,ES,Federal Contract Tower,9,14,45,0,68,0,8,144,4,156,9,22,189,4,224,126,0,126,350
03/05/2020,JQF,NC,ASO,ES,Federal Contract Tower,20,5,38,0,63,0,9,88,0,97,20,14,126,0,160,126,0,126,286
03/06/2020,JQF,NC,ASO,ES,Federal Contract Tower,17,8,40,2,67,0,3,29,0,32,17,11,69,2,99,4,0,4,103
03/07/2020,JQF,NC,ASO,ES,Federal Contract Tower,6,1,30,0,37,0,11,82,0,93,6,12,112,0,130,52,0,52,182
03/08/2020,JQF,NC,ASO,ES,Federal Contract Tower,10,3,39,0,52,0,5,133,3,141,10,8,172,3,193,76,0,76,269
03/09/2020,JQF,NC,ASO,ES,Federal Contract Tower,21,7,48,2,78,0,10,196,0,206,21,17,244,2,284,86,0,86,370
03/10/2020,JQF,NC,ASO,ES,Federal Contract Tower,2,12,59,0,73,0,28,65,0,93,2,40,124,0,166,84,0,84,250
03/11/2020,JQF,NC,ASO,ES,Federal Contract Tower,9,11,45,0,65,0,17,127,0,144,9,28,172,0,209,68,0,68,277
03/12/2020,JQF,NC,ASO,ES,Federal Contract Tower,9,6,51,0,66,0,16,158,0,174,9,22,209,0,240,62,0,62,302
03/13/2020,JQF,NC,ASO,ES,Federal Contract Tower,26,13,38,0,77,0,13,99,0,112,26,26,137,0,189,156,0,156,345
03/14/2020,JQF,NC,ASO,ES,Federal Contract Tower,6,2,33,0,41,0,8,129,0,137,6,10,162,0,178,100,0,100,278
03/15/2020,JQF,NC,ASO,ES,Federal Contract Tower,8,6,27,0,41,0,10,66,0,76,8,16,93,0,117,64,0,64,181
03/16/2020,JQF,NC,ASO,ES,Federal Contract Tower,13,10,29,0,52,0,4,130,0,134,13,14,159,0,186,146,0,146,332
03/17/2020,JQF,NC,ASO,ES,Federal Contract Tower,2,10,20,0,32,0,9,5,0,14,2,19,25,0,46,0,0,0,46
03/18/2020,JQF,NC,ASO,ES,Federal Contract Tower,6,7,27,0,40,0,4,114,0,118,6,11,141,0,158,54,0,54,212
03/19/2020,JQF,NC,ASO,ES,Federal Contract Tower,0,6,27,1,34,0,6,53,2,61,0,12,80,3,95,34,0,34,129
03/20/2020,JQF,NC,ASO,ES,Federal Contract Tower,6,5,25,0,36,0,8,53,2,63,6,13,78,2,99,102,0,102,201
03/21/2020,JQF,NC,ASO,ES,Federal Contract Tower,4,1,26,0,31,0,5,103,2,110,4,6,129,2,141,86,0,86,227
03/22/2020,JQF,NC,ASO,ES,Federal Contract Tower,2,4,26,0,32,0,3,68,2,73,2,7,94,2,105,156,0,156,261
03/23/2020,JQF,NC,ASO,ES,Federal Contract Tower,6,8,18,0,32,0,0,0,0,0,6,8,18,0,32,0,0,0,32
03/24/2020,JQF,NC,ASO,ES,Federal Contract Tower,0,6,9,1,16,0,8,34,0,42,0,14,43,1,58,28,0,28,86
03/25/2020,JQF,NC,ASO,ES,Federal Contract Tower,0,8,29,0,37,0,18,57,0,75,0,26,86,0,112,102,0,102,214
03/26/2020,JQF,NC,ASO,ES,Federal Contract Tower,0,9,26,0,35,0,8,30,0,38,0,17,56,0,73,84,0,84,157
03/27/2020,JQF,NC,ASO,ES,Federal Contract Tower,0,5,12,0,17,0,15,73,2,90,0,20,85,2,107,110,0,110,217
03/28/2020,JQF,NC,ASO,ES,Federal Contract Tower,0,0,6,0,6,0,4,77,0,81,0,4,83,0,87,74,0,74,161
03/29/2020,JQF,NC,ASO,ES,Federal Contract Tower,0,1,16,0,17,0,0,49,0,49,0,1,65,0,66,40,0,40,106
03/30/2020,JQF,NC,ASO,ES,Federal Contract Tower,0,10,19,0,29,0,4,131,0,135,0,14,150,0,164,74,0,74,238
03/31/2020,JQF,NC,ASO,ES,Federal Contract Tower,0,5,11,0,16,0,7,39,2,48,0,12,50,2,64,84,0,84,148
04/01/2020,JQF,NC,ASO,ES,Federal Contract Tower,0,7,15,0,22,0,14,77,0,91,0,21,92,0,113,80,0,80,193
04/02/2020,JQF,NC,ASO,ES,Federal Contract Tower,0,4,16,0,20,0,8,93,2,103,0,12,109,2,123,58,6,64,187
04/03/2020,JQF,NC,ASO,ES,Federal Contract Tower,0,5,7,0,12,0,14,153,2,169,0,19,160,2,181,142,0,142,323
04/04/2020,JQF,NC,ASO,ES,Federal Contract Tower,0,3,16,0,19,0,3,148,0,151,0,6,164,0,170,148,0,148,318
04/05/2020,JQF,NC,ASO,ES,Federal Contract Tower,0,3,10,0,13,0,6,57,0,63,0,9,67,0,76,26,0,26,102
04/06/2020,JQF,NC,ASO,ES,Federal Contract Tower,0,6,7,0,13,0,8,69,0,77,0,14,76,0,90,100,0,100,190
04/07/2020,JQF,NC,ASO,ES,Federal Contract Tower,0,10,12,0,22,4,4,117,0,125,4,14,129,0,147,94,0,94,241
04/08/2020,JQF,NC,ASO,ES,Federal Contract Tower,0,5,14,0,19,0,7,88,2,97,0,12,102,2,116,38,0,38,154
04/09/2020,JQF,NC,ASO,ES,Federal Contract Tower,0,4,5,0,9,0,11,60,0,71,0,15,65,0,80,56,6,62,142
04/10/2020,JQF,NC,ASO,ES,Federal Contract Tower,0,7,5,0,12,0,3,41,0,44,0,10,46,0,56,38,0,38,94
04/11/2020,JQF,NC,ASO,ES,Federal Contract Tower,2,1,13,0,16,0,23,128,0,151,2,24,141,0,167,132,0,132,299
04/12/2020,JQF,NC,ASO,ES,Federal Contract Tower,0,3,0,0,3,0,0,10,0,10,0,3,10,0,13,6,0,6,19
04/13/2020,JQF,NC,ASO,ES,Federal Contract Tower,0,9,9,0,18,0,12,11,0,23,0,21,20,0,41,24,0,24,65
04/14/2020,JQF,NC,ASO,ES,Federal Contract Tower,0,7,22,0,29,0,11,148,2,161,0,18,170,2,190,116,0,116,306
04/15/2020,JQF,NC,ASO,ES,Federal Contract Tower,3,4,10,0,17,4,19,107,0,130,7,23,117,0,147,62,0,62,209
04/16/2020,JQF,NC,ASO,ES,Federal Contract Tower,1,4,28,0,33,0,15,127,0,142,1,19,155,0,175,128,0,128,303
04/17/2020,JQF,NC,ASO,ES,Federal Contract Tower,0,7,22,0,29,0,18,138,0,156,0,25,160,0,185,36,0,36,221
04/18/2020,JQF,NC,ASO,ES,Federal Contract Tower,0,3,20,0,23,0,14,54,0,68,0,17,74,0,91,122,0,122,213
04/19/2020,JQF,NC,ASO,ES,Federal Contract Tower,0,3,13,0,16,0,9,74,0,83,0,12,87,0,99,80,0,80,179
04/20/2020,JQF,NC,ASO,ES,Federal Contract Tower,0,5,16,0,21,0,17,29,0,46,0,22,45,0,67,10,0,10,77
04/21/2020,JQF,NC,ASO,ES,Federal Contract Tower,0,4,24,0,28,0,2,112,0,114,0,6,136,0,142,112,0,112,254
04/22/2020,JQF,NC,ASO,ES,Federal Contract Tower,0,6,29,0,35,0,8,202,0,210,0,14,231,0,245,190,0,190,435
04/23/2020,JQF,NC,ASO,ES,Federal Contract Tower,0,8,9,0,17,0,16,18,0,34,0,24,27,0,51,58,0,58,109
04/24/2020,JQF,NC,ASO,ES,Federal Contract Tower,0,9,37,0,46,0,17,124,0,141,0,26,161,0,187,114,0,114,301
04/25/2020,JQF,NC,ASO,ES,Federal Contract Tower,0,0,18,0,18,0,4,7,0,11,0,4,25,0,29,16,0,16,45
04/26/2020,JQF,NC,ASO,ES,Federal Contract Tower,0,0,14,4,18,0,0,46,2,48,0,0,60,6,66,20,0,20,86
04/27/2020,JQF,NC,ASO,ES,Federal Contract Tower,0,4,25,0,29,0,22,122,0,144,0,26,147,0,173,136,0,136,309
04/28/2020,JQF,NC,ASO,ES,Federal Contract Tower,0,8,38,0,46,0,24,174,0,198,0,32,212,0,244,140,0,140,384
04/29/2020,JQF,NC,ASO,ES,Federal Contract Tower,0,6,17,0,23,0,3,68,2,73,0,9,85,2,96,90,0,90,186
04/30/2020,JQF,NC,ASO,ES,Federal Contract Tower,2,10,21,0,33,0,17,82,0,99,2,27,103,0,132,78,0,78,210
05/01/2020,JQF,NC,ASO,ES,Federal Contract Tower,0,10,27,6,43,0,11,109,0,120,0,21,136,6,163,40,0,40,203
05/02/2020,JQF,NC,ASO,ES,Federal Contract Tower,0,2,24,0,26,0,10,179,0,189,0,12,203,0,215,70,0,70,285
05/03/2020,JQF,NC,ASO,ES,Federal Contract Tower,2,4,25,0,31,0,4,76,0,80,2,8,101,0,111,62,0,62,173
05/04/2020,JQF,NC,ASO,ES,Federal Contract Tower,0,4,22,0,26,0,10,140,6,156,0,14,162,6,182,180,0,180,362
05/05/2020,JQF,NC,ASO,ES,Federal Contract Tower,1,5,23,0,29,0,2,4,0,6,1,7,27,0,35,2,0,2,37
05/06/2020,JQF,NC,ASO,ES,Federal Contract Tower,0,8,30,0,38,0,5,83,0,88,0,13,113,0,126,144,0,144,270
05/07/2020,JQF,NC,ASO,ES,Federal Contract Tower,2,5,38,0,45,0,46,176,0,222,2,51,214,0,267,170,0,170,437
05/08/2020,JQF,NC,ASO,ES,Federal Contract Tower,5,6,33,0,44,0,5,67,0,72,5,11,100,0,116,78,0,78,194
05/09/2020,JQF,NC,ASO,ES,Federal Contract Tower,0,1,30,0,31,0,13,99,0,112,0,14,129,0,143,108,0,108,251
05/10/2020,JQF,NC,ASO,ES,Federal Contract Tower,2,0,15,0,17,0,4,81,0,85,2,4,96,0,102,66,0,66,168
05/11/2020,JQF,NC,ASO,ES,Federal Contract Tower,4,6,30,0,40,0,11,77,0,88,4,17,107,0,128,38,0,38,166
05/12/2020,JQF,NC,ASO,ES,Federal Contract Tower,0,5,33,0,38,0,18,105,2,125,0,23,138,2,163,60,0,60,223
05/13/2020,JQF,NC,ASO,ES,Federal Contract Tower,2,7,38,0,47,0,8,132,0,140,2,15,170,0,187,42,0,42,229
05/14/2020,JQF,NC,ASO,ES,Federal Contract Tower,6,4,47,0,57,0,6,114,0,120,6,10,161,0,177,30,0,30,207
05/15/2020,JQF,NC,ASO,ES,Federal Contract Tower,6,2,48,0,56,0,5,179,4,188,6,7,227,4,244,10,0,10,254
05/16/2020,JQF,NC,ASO,ES,Federal Contract Tower,4,0,20,0,24,0,8,110,0,118,4,8,130,0,142,12,0,12,154
05/17/2020,JQF,NC,ASO,ES,Federal Contract Tower,6,2,25,0,33,0,11,56,2,69,6,13,81,2,102,4,0,4,106
05/18/2020,JQF,NC,ASO,ES,Federal Contract Tower,6,6,21,0,33,0,2,12,0,14,6,8,33,0,47,2,0,2,49
05/19/2020,JQF,NC,ASO,ES,Federal Contract Tower,0,13,14,0,27,0,0,0,0,0,0,13,14,0,27,0,0,0,27
05/20/2020,JQF,NC,ASO,ES,Federal Contract Tower,0,11,18,0,29,0,0,0,0,0,0,11,18,0,29,0,0,0,29
05/21/2020,JQF,NC,ASO,ES,Federal Contract Tower,11,14,34,0,59,0,0,0,0,0,11,14,34,0,59,0,0,0,59
05/22/2020,JQF,NC,ASO,ES,Federal Contract Tower,10,11,33,0,54,0,10,50,2,62,10,21,83,2,116,2,0,2,118
05/23/2020,JQF,NC,ASO,ES,Federal Contract Tower,5,1,33,0,39,0,6,77,8,91,5,7,110,8,130,0,0,0,130
05/24/2020,JQF,NC,ASO,ES,Federal Contract Tower,7,0,25,0,32,0,3,97,0,100,7,3,122,0,132,8,0,8,140
05/25/2020,JQF,NC,ASO,ES,Federal Contract Tower,9,1,31,0,41,0,6,4,0,10,9,7,35,0,51,0,0,0,51
05/26/2020,JQF,NC,ASO,ES,Federal Contract Tower,1,9,38,0,48,0,9,65,0,74,1,18,103,0,122,0,0,0,122
05/27/2020,JQF,NC,ASO,ES,Federal Contract Tower,0,8,20,0,28,0,0,0,0,0,0,8,20,0,28,0,0,0,28
05/28/2020,JQF,NC,ASO,ES,Federal Contract Tower,4,8,45,0,57,0,22,44,0,66,4,30,89,0,123,0,0,0,123
05/29/2020,JQF,NC,ASO,ES,Federal Contract Tower,7,14,44,0,65,0,16,43,0,59,7,30,87,0,124,0,0,0,124
05/30/2020,JQF,NC,ASO,ES,Federal Contract Tower,2,3,39,0,44,0,6,125,0,131,2,9,164,0,175,0,0,0,175
05/31/2020,JQF,NC,ASO,ES,Federal Contract Tower,5,9,44,0,58,0,18,149,2,169,5,27,193,2,227,36,0,36,263
06/01/2020,JQF,NC,ASO,ES,Federal Contract Tower,10,5,32,0,47,0,6,133,0,139,10,11,165,0,186,20,0,20,206
06/02/2020,JQF,NC,ASO,ES,Federal Contract Tower,0,3,43,0,46,0,14,125,0,139,0,17,168,0,185,2,0,2,187
06/03/2020,JQF,NC,ASO,ES,Federal Contract Tower,2,17,55,0,74,0,11,138,0,149,2,28,193,0,223,26,0,26,249
06/04/2020,JQF,NC,ASO,ES,Federal Contract Tower,8,8,38,0,54,0,6,112,0,118,8,14,150,0,172,18,0,18,190
06/05/2020,JQF,NC,ASO,ES,Federal Contract Tower,12,6,37,0,55,0,8,49,0,57,12,14,86,0,112,16,0,16,128
06/06/2020,JQF,NC,ASO,ES,Federal Contract Tower,8,5,25,0,38,0,2,117,0,119,8,7,142,0,157,0,0,0,157
06/07/2020,JQF,NC,ASO,ES,Federal Contract Tower,20,2,47,0,69,0,8,118,0,126,20,10,165,0,195,30,0,30,225
06/08/2020,JQF,NC,ASO,ES,Federal Contract Tower,10,14,30,0,54,0,9,61,2,72,10,23,91,2,126,6,0,6,132
06/09/2020,JQF,NC,ASO,ES,Federal Contract Tower,0,7,27,0,34,0,14,79,2,95,0,21,106,2,129,0,0,0,129
06/10/2020,JQF,NC,ASO,ES,Federal Contract Tower,0,5,46,0,51,0,7,47,0,54,0,12,93,0,105,22,0,22,127
06/11/2020,JQF,NC,ASO,ES,Federal Contract Tower,8,9,55,0,72,0,1,81,0,82,8,10,136,0,154,40,0,40,194
06/12/2020,JQF,NC,ASO,ES,Federal Contract Tower,12,12,53,0,77,0,16,174,0,190,12,28,227,0,267,26,0,26,293
06/13/2020,JQF,NC,ASO,ES,Federal Contract Tower,11,1,33,0,45,0,0,123,0,123,11,1,156,0,168,28,0,28,196
06/14/2020,JQF,NC,ASO,ES,Federal Contract Tower,12,2,43,0,57,0,5,92,0,97,12,7,135,0,154,0,0,0,154
06/15/2020,JQF,NC,ASO,ES,Federal Contract Tower,16,5,37,0,58,0,6,30,0,36,16,11,67,0,94,0,0,0,94
06/16/2020,JQF,NC,ASO,ES,Federal Contract Tower,0,13,23,0,36,0,0,0,0,0,0,13,23,0,36,0,0,0,36
06/17/2020,JQF,NC,ASO,ES,Federal Contract Tower,0,11,59,1,71,0,11,24,1,36,0,22,83,2,107,0,0,0,107
06/18/2020,JQF,NC,ASO,ES,Federal Contract Tower,8,12,47,0,67,0,4,42,0,46,8,16,89,0,113,2,0,2,115
06/19/2020,JQF,NC,ASO,ES,Federal Contract Tower,13,9,29,0,51,0,1,72,0,73,13,10,101,0,124,12,0,12,136
06/20/2020,JQF,NC,ASO,ES,Federal Contract Tower,10,3,28,0,41,0,4,132,0,136,10,7,160,0,177,14,0,14,191
06/21/2020,JQF,NC,ASO,ES,Federal Contract Tower,15,3,36,0,54,0,13,113,1,127,15,16,149,1,181,0,0,0,181
06/22/2020,JQF,NC,ASO,ES,Federal Contract Tower,26,16,39,0,81,0,8,151,2,161,26,24,190,2,242,2,0,2,244
06/23/2020,JQF,NC,ASO,ES,Federal Contract Tower,0,8,45,0,53,0,16,106,4,126,0,24,151,4,179,2,0,2,181
06/24/2020,JQF,NC,ASO,ES,Federal Contract Tower,0,2,67,0,69,0,8,104,9,121,0,10,171,9,190,20,0,20,210
06/25/2020,JQF,NC,ASO,ES,Federal Contract Tower,8,9,46,0,63,0,10,61,4,75,8,19,107,4,138,34,0,34,172
06/26/2020,JQF,NC,ASO,ES,Federal Contract Tower,18,13,36,0,67,0,15,134,0,149,18,28,170,0,216,12,0,12,228
06/27/2020,JQF,NC,ASO,ES,Federal Contract Tower,7,6,25,0,38,0,4,90,0,94,7,10,115,0,132,14,0,14,146
06/28/2020,JQF,NC,ASO,ES,Federal Contract Tower,10,6,23,0,39,0,1,71,2,74,10,7,94,2,113,2,0,2,115
06/29/2020,JQF,NC,ASO,ES,Federal Contract Tower,12,12,22,0,46,0,11,111,0,122,12,23,133,0,168,0,0,0,168
06/30/2020,JQF,NC,ASO,ES,Federal Contract Tower,0,8,38,0,46,0,13,105,0,118,0,21,143,0,164,10,0,10,174
07/01/2020,JQF,NC,ASO,ES,Federal Contract Tower,2,13,33,0,48,0,8,98,0,106,2,21,131,0,154,32,0,32,186
07/02/2020,JQF,NC,ASO,ES,Federal Contract Tower,8,20,40,0,68,0,11,115,0,126,8,31,155,0,194,8,0,8,202
07/03/2020,JQF,NC,ASO,ES,Federal Contract Tower,12,8,41,0,61,0,2,118,0,120,12,10,159,0,181,2,0,2,183
07/04/2020,JQF,NC,ASO,ES,Federal Contract Tower,10,5,7,0,22,0,8,59,0,67,10,13,66,0,89,6,0,6,95
07/05/2020,JQF,NC,ASO,ES,Federal Contract Tower,13,1,47,0,61,0,2,63,0,65,13,3,110,0,126,2,0,2,128
07/06/2020,JQF,NC,ASO,ES,Federal Contract Tower,12,5,26,0,43,0,11,79,0,90,12,16,105,0,133,2,0,2,135
07/07/2020,JQF,NC,ASO,ES,Federal Contract Tower,0,9,48,0,57,0,5,2,0,7,0,14,50,0,64,0,0,0,64
07/08/2020,JQF,NC,ASO,ES,Federal Contract Tower,0,4,37,0,41,0,6,44,0,50,0,10,81,0,91,4,0,4,95
07/09/2020,JQF,NC,ASO,ES,Federal Contract Tower,10,8,47,0,65,0,11,64,0,75,10,19,111,0,140,0,0,0,140
07/10/2020,JQF,NC,ASO,ES,Federal Contract Tower,10,6,35,0,51,0,12,115,0,127,10,18,150,0,178,0,0,0,178
07/11/2020,JQF,NC,ASO,ES,Federal Contract Tower,9,3,30,0,42,0,2,122,0,124,9,5,152,0,166,0,0,0,166
07/12/2020,JQF,NC,ASO,ES,Federal Contract Tower,17,4,48,0,69,0,4,119,0,123,17,8,167,0,192,8,0,8,200
07/13/2020,JQF,NC,ASO,ES,Federal Contract Tower,10,4,24,0,38,0,8,87,2,97,10,12,111,2,135,0,0,0,135
07/14/2020,JQF,NC,ASO,ES,Federal Contract Tower,0,5,31,2,38,0,9,135,2,146,0,14,166,4,184,0,0,0,184
07/15/2020,JQF,NC,ASO,ES,Federal Contract Tower,7,17,53,0,77,0,15,79,0,94,7,32,132,0,171,0,0,0,171
07/16/2020,JQF,NC,ASO,ES,Federal Contract Tower,8,8,43,2,61,0,13,77,2,92,8,21,120,4,153,0,0,0,153
07/17/2020,JQF,NC,ASO,ES,Federal Contract Tower,12,8,36,0,56,0,16,89,1,106,12,24,125,1,162,8,0,8,170
07/18/2020,JQF,NC,ASO,ES,Federal Contract Tower,9,3,14,0,26,0,3,68,0,71,9,6,82,0,97,0,0,0,97
07/19/2020,JQF,NC,ASO,ES,Federal Contract Tower,17,0,36,0,53,0,1,78,0,79,17,1,114,0,132,2,0,2,134
07/20/2020,JQF,NC,ASO,ES,Federal Contract Tower,10,5,27,0,42,0,8,96,0,104,10,13,123,0,146,4,0,4,150
07/21/2020,JQF,NC,ASO,ES,Federal Contract Tower,0,8,39,0,47,0,19,114,0,133,0,27,153,0,180,18,0,18,198
07/22/2020,JQF,NC,ASO,ES,Federal Contract Tower,2,11,37,2,52,0,5,119,0,124,2,16,156,2,176,12,0,12,188
07/23/2020,JQF,NC,ASO,ES,Federal Contract Tower,14,8,46,0,68,0,11,89,0,100,14,19,135,0,168,48,0,48,216
07/24/2020,JQF,NC,ASO,ES,Federal Contract Tower,17,8,53,0,78,0,20,77,0,97,17,28,130,0,175,0,0,0,175
07/25/2020,JQF,NC,ASO,ES,Federal Contract Tower,5,2,23,0,30,0,13,87,1,101,5,15,110,1,131,10,0,10,141
07/26/2020,JQF,NC,ASO,ES,Federal Contract Tower,8,2,24,0,34,0,6,91,0,97,8,8,115,0,131,0,0,0,131
07/27/2020,JQF,NC,ASO,ES,Federal Contract Tower,11,9,38,0,58,0,7,100,2,109,11,16,138,2,167,6,0,6,173
07/28/2020,JQF,NC,ASO,ES,Federal Contract Tower,0,9,31,0,40,0,7,121,1,129,0,16,152,1,169,6,0,6,175
07/29/2020,JQF,NC,ASO,ES,Federal Contract Tower,0,10,32,0,42,0,11,84,0,95,0,21,116,0,137,0,0,0,137
07/30/2020,JQF,NC,ASO,ES,Federal Contract Tower,8,7,43,0,58,0,9,50,2,61,8,16,93,2,119,0,0,0,119
07/31/2020,JQF,NC,ASO,ES,Federal Contract Tower,11,12,37,1,61,0,10,102,0,112,11,22,139,1,173,18,0,18,191
08/01/2020,JQF,NC,ASO,ES,Federal Contract Tower,10,1,30,0,41,0,7,83,0,90,10,8,113,0,131,0,0,0,131
08/02/2020,JQF,NC,ASO,ES,Federal Contract Tower,14,3,42,0,59,0,4,59,0,63,14,7,101,0,122,2,0,2,124
08/03/2020,JQF,NC,ASO,ES,Federal Contract Tower,10,10,24,0,44,0,2,15,0,17,10,12,39,0,61,0,0,0,61
08/04/2020,JQF,NC,ASO,ES,Federal Contract Tower,0,7,35,0,42,0,15,97,0,112,0,22,132,0,154,2,0,2,156
08/05/2020,JQF,NC,ASO,ES,Federal Contract Tower,6,11,49,0,66,0,5,113,0,118,6,16,162,0,184,0,0,0,184
08/06/2020,JQF,NC,ASO,ES,Federal Contract Tower,8,10,42,2,62,0,13,65,8,86,8,23,107,10,148,0,0,0,148
08/07/2020,JQF,NC,ASO,ES,Federal Contract Tower,16,11,53,3,83,0,2,23,0,25,16,13,76,3,108,4,0,4,112
08/08/2020,JQF,NC,ASO,ES,Federal Contract Tower,7,6,38,0,51,0,8,96,0,104,7,14,134,0,155,0,0,0,155
08/09/2020,JQF,NC,ASO,ES,Federal Contract Tower,18,4,32,0,54,0,6,131,2,139,18,10,163,2,193,2,0,2,195
08/10/2020,JQF,NC,ASO,ES,Federal Contract Tower,9,13,29,0,51,0,9,80,0,89,9,22,109,0,140,0,0,0,140
08/11/2020,JQF,NC,ASO,ES,Federal Contract Tower,0,4,37,0,41,0,13,66,1,80,0,17,103,1,121,6,0,6,127
08/12/2020,JQF,NC,ASO,ES,Federal Contract Tower,4,10,44,0,58,0,8,115,2,125,4,18,159,2,183,6,0,6,189
08/13/2020,JQF,NC,ASO,ES,Federal Contract Tower,11,11,43,1,66,0,13,41,0,54,11,24,84,1,120,4,0,4,124
08/14/2020,JQF,NC,ASO,ES,Federal Contract Tower,10,11,40,1,62,0,4,38,0,42,10,15,78,1,104,100,0,100,204
08/15/2020,JQF,NC,ASO,ES,Federal Contract Tower,3,2,37,0,42,0,0,1,0,1,3,2,38,0,43,0,0,0,43
08/16/2020,JQF,NC,ASO,ES,Federal Contract Tower,17,3,56,0,76,0,2,87,0,89,17,5,143,0,165,30,0,30,195
08/17/2020,JQF,NC,ASO,ES,Federal Contract Tower,10,8,24,0,42,0,4,100,0,104,10,12,124,0,146,100,0,100,246
08/18/2020,JQF,NC,ASO,ES,Federal Contract Tower,0,15,54,0,69,0,19,165,3,187,0,34,219,3,256,112,0,112,368
08/19/2020,JQF,NC,ASO,ES,Federal Contract Tower,0,11,47,2,60,0,28,95,0,123,0,39,142,2,183,84,6,90,273
08/20/2020,JQF,NC,ASO,ES,Federal Contract Tower,8,6,44,0,58,0,13,91,0,104,8,19,135,0,162,100,0,100,262
08/21/2020,JQF,NC,ASO,ES,Federal Contract Tower,13,13,23,0,49,0,13,4,0,17,13,26,27,0,66,24,0,24,90
08/22/2020,JQF,NC,ASO,ES,Federal Contract Tower,4,8,46,0,58,0,11,58,0,69,4,19,104,0,127,110,0,110,237
08/23/2020,JQF,NC,ASO,ES,Federal Contract Tower,17,7,48,0,72,0,2,83,6,91,17,9,131,6,163,52,0,52,215
08/24/2020,JQF,NC,ASO,ES,Federal Contract Tower,8,7,47,0,62,0,6,30,2,38,8,13,77,2,100,30,0,30,130
08/25/2020,JQF,NC,ASO,ES,Federal Contract Tower,1,8,38,0,47,0,13,81,2,96,1,21,119,2,143,73,6,79,222
08/26/2020,JQF,NC,ASO,ES,Federal Contract Tower,0,6,42,0,48,0,13,99,2,114,0,19,141,2,162,108,4,112,274
08/27/2020,JQF,NC,ASO,ES,Federal Contract Tower,10,6,55,0,71,0,11,93,4,108,10,17,148,4,179,72,0,72,251
08/28/2020,JQF,NC,ASO,ES,Federal Contract Tower,10,8,62,0,80,0,4,121,0,125,10,12,183,0,205,116,0,116,321
08/29/2020,JQF,NC,ASO,ES,Federal Contract Tower,7,2,30,0,39,0,9,29,0,38,7,11,59,0,77,22,0,22,99
08/30/2020,JQF,NC,ASO,ES,Federal Contract Tower,15,0,53,0,68,0,9,179,2,190,15,9,232,2,258,82,0,82,340
08/31/2020,JQF,NC,ASO,ES,Federal Contract Tower,8,4,23,0,35,0,8,28,0,36,8,12,51,0,71,64,0,64,135
09/01/2020,JQF,NC,ASO,ES,Federal Contract Tower,0,6,50,0,56,0,11,66,0,77,0,17,116,0,133,116,0,116,249
09/02/2020,JQF,NC,ASO,ES,Federal Contract Tower,0,8,45,2,55,0,12,111,3,126,0,20,156,5,181,88,4,92,273
09/03/2020,JQF,NC,ASO,ES,Federal Contract Tower,8,7,45,0,60,0,27,114,4,145,8,34,159,4,205,36,0,36,241
09/04/2020,JQF,NC,ASO,ES,Federal Contract Tower,6,8,50,0,64,0,7,153,0,160,6,15,203,0,224,68,0,68,292
09/05/2020,JQF,NC,ASO,ES,Federal Contract Tower,0,2,24,0,26,0,6,90,0,96,0,8,114,0,122,50,0,50,172
09/06/2020,JQF,NC,ASO,ES,Federal Contract Tower,8,2,40,0,50,0,12,94,2,108,8,14,134,2,158,40,0,40,198
09/07/2020,JQF,NC,ASO,ES,Federal Contract Tower,5,11,56,0,72,0,10,99,2,111,5,21,155,2,183,42,0,42,225
09/08/2020,JQF,NC,ASO,ES,Federal Contract Tower,0,7,46,0,53,0,12,83,0,95,0,19,129,0,148,110,0,110,258
09/09/2020,JQF,NC,ASO,ES,Federal Contract Tower,0,12,59,0,71,0,0,1,0,1,0,12,60,0,72,0,14,14,86
09/10/2020,JQF,NC,ASO,ES,Federal Contract Tower,9,6,70,0,85,0,7,51,2,60,9,13,121,2,145,10,0,10,155
09/11/2020,JQF,NC,ASO,ES,Federal Contract Tower,8,15,42,0,65,0,36,76,3,115,8,51,118,3,180,124,0,124,304
09/12/2020,JQF,NC,ASO,ES,Federal Contract Tower,5,0,29,4,38,0,4,9,0,13,5,4,38,4,51,2,0,2,53
09/13/2020,JQF,NC,ASO,ES,Federal Contract Tower,13,3,50,0,66,0,0,144,0,144,13,3,194,0,210,64,0,64,274
09/14/2020,JQF,NC,ASO,ES,Federal Contract Tower,6,7,42,0,55,0,10,127,8,145,6,17,169,8,200,126,0,126,326
09/15/2020,JQF,NC,ASO,ES,Federal Contract Tower,0,14,41,0,55,0,21,148,5,174,0,35,189,5,229,154,0,154,383
09/16/2020,JQF,NC,ASO,ES,Federal Contract Tower,0,11,50,0,61,0,13,104,4,121,0,24,154,4,182,148,0,148,330
09/17/2020,JQF,NC,ASO,ES,Federal Contract Tower,8,7,23,0,38,0,0,0,0,0,8,7,23,0,38,0,0,0,38
09/18/2020,JQF,NC,ASO,ES,Federal Contract Tower,7,10,31,2,50,0,14,78,2,94,7,24,109,4,144,78,0,78,222
09/19/2020,JQF,NC,ASO,ES,Federal Contract Tower,7,2,31,0,40,0,10,68,3,81,7,12,99,3,121,20,0,20,141
09/20/2020,JQF,NC,ASO,ES,Federal Contract Tower,14,5,32,0,51,0,11,90,2,103,14,16,122,2,154,18,0,18,172
09/21/2020,JQF,NC,ASO,ES,Federal Contract Tower,6,5,43,0,54,0,19,132,1,152,6,24,175,1,206,62,8,70,276
09/22/2020,JQF,NC,ASO,ES,Federal Contract Tower,0,14,54,1,69,0,4,137,1,142,0,18,191,2,211,216,0,216,427
09/23/2020,JQF,NC,ASO,ES,Federal Contract Tower,0,8,33,0,41,0,7,143,2,152,0,15,176,2,193,98,6,104,297
09/24/2020,JQF,NC,ASO,ES,Federal Contract Tower,11,13,70,0,94,0,9,71,1,81,11,22,141,1,175,72,0,72,247
09/25/2020,JQF,NC,ASO,ES,Federal Contract Tower,8,9,23,0,40,0,0,0,0,0,8,9,23,0,40,0,0,0,40
09/26/2020,JQF,NC,ASO,ES,Federal Contract Tower,5,1,45,2,53,0,4,46,1,51,5,5,91,3,104,46,0,46,150
09/27/2020,JQF,NC,ASO,ES,Federal Contract Tower,9,1,39,0,49,0,0,94,0,94,9,1,133,0,143,62,0,62,205
09/28/2020,JQF,NC,ASO,ES,Federal Contract Tower,6,9,35,1,51,0,11,70,2,83,6,20,105,3,134,88,0,88,222
09/29/2020,JQF,NC,ASO,ES,Federal Contract Tower,0,7,34,0,41,0,7,13,0,20,0,14,47,0,61,20,0,20,81
09/30/2020,JQF,NC,ASO,ES,Federal Contract Tower,2,9,48,0,59,0,11,133,2,146,2,20,181,2,205,136,0,136,341
10/01/2020,JQF,NC,ASO,ES,Federal Contract Tower,8,9,60,0,77,0,15,102,0,117,8,24,162,0,194,118,0,118,312
10/02/2020,JQF,NC,ASO,ES,Federal Contract Tower,16,5,34,0,55,0,15,140,0,155,16,20,174,0,210,42,0,42,252
10/03/2020,JQF,NC,ASO,ES,Federal Contract Tower,9,4,21,0,34,0,9,155,0,164,9,13,176,0,198,80,0,80,278
10/04/2020,JQF,NC,ASO,ES,Federal Contract Tower,17,9,46,0,72,0,13,136,0,149,17,22,182,0,221,88,0,88,309
10/05/2020,JQF,NC,ASO,ES,Federal Contract Tower,15,8,30,0,53,0,21,122,0,143,15,29,152,0,196,30,0,30,226
10/06/2020,JQF,NC,ASO,ES,Federal Contract Tower,0,7,46,0,53,0,30,171,0,201,0,37,217,0,254,132,2,134,388
10/07/2020,JQF,NC,ASO,ES,Federal Contract Tower,0,8,35,0,43,0,29,132,0,161,0,37,167,0,204,54,0,54,258
10/08/2020,JQF,NC,ASO,ES,Federal Contract Tower,7,14,26,0,47,0,21,116,0,137,7,35,142,0,184,142,0,142,326
10/09/2020,JQF,NC,ASO,ES,Federal Contract Tower,11,6,54,2,73,0,14,40,0,54,11,20,94,2,127,42,8,50,177
10/10/2020,JQF,NC,ASO,ES,Federal Contract Tower,4,4,22,0,30,0,0,2,0,2,4,4,24,0,32,0,0,0,32
10/11/2020,JQF,NC,ASO,ES,Federal Contract Tower,10,4,31,0,45,0,5,10,0,15,10,9,41,0,60,0,0,0,60
10/12/2020,JQF,NC,ASO,ES,Federal Contract Tower,9,5,41,0,55,0,1,1,0,2,9,6,42,0,57,0,0,0,57
10/13/2020,JQF,NC,ASO,ES,Federal Contract Tower,1,12,46,0,59,0,11,74,0,85,1,23,120,0,144,72,0,72,216
10/14/2020,JQF,NC,ASO,ES,Federal Contract Tower,0,11,54,2,67,0,18,167,1,186,0,29,221,3,253,92,0,92,345
10/15/2020,JQF,NC,ASO,ES,Federal Contract Tower,10,16,48,0,74,0,8,107,2,117,10,24,155,2,191,60,0,60,251
10/16/2020,JQF,NC,ASO,ES,Federal Contract Tower,8,13,29,2,52,0,11,93,0,104,8,24,122,2,156,88,0,88,244
10/17/2020,JQF,NC,ASO,ES,Federal Contract Tower,12,7,37,0,56,0,21,137,1,159,12,28,174,1,215,50,2,52,267
10/18/2020,JQF,NC,ASO,ES,Federal Contract Tower,17,0,52,0,69,0,3,125,0,128,17,3,177,0,197,56,0,56,253
10/19/2020,JQF,NC,ASO,ES,Federal Contract Tower,8,4,38,0,50,0,11,156,1,168,8,15,194,1,218,96,0,96,314
10/20/2020,JQF,NC,ASO,ES,Federal Contract Tower,0,10,53,0,63,0,13,121,4,138,0,23,174,4,201,222,0,222,423
10/21/2020,JQF,NC,ASO,ES,Federal Contract Tower,0,17,58,0,75,0,9,101,0,110,0,26,159,0,185,168,0,168,353
10/22/2020,JQF,NC,ASO,ES,Federal Contract Tower,6,7,43,0,56,0,20,114,0,134,6,27,157,0,190,158,0,158,348
10/23/2020,JQF,NC,ASO,ES,Federal Contract Tower,10,9,38,0,57,0,6,97,0,103,10,15,135,0,160,200,0,200,360
10/24/2020,JQF,NC,ASO,ES,Federal Contract Tower,9,4,23,0,36,0,7,124,0,131,9,11,147,0,167,70,0,70,237
10/25/2020,JQF,NC,ASO,ES,Federal Contract Tower,6,2,19,0,27,0,0,0,0,0,6,2,19,0,27,0,0,0,27
10/26/2020,JQF,NC,ASO,ES,Federal Contract Tower,8,10,29,0,47,0,12,80,0,92,8,22,109,0,139,78,0,78,217
10/27/2020,JQF,NC,ASO,ES,Federal Contract Tower,0,8,37,1,46,0,5,103,0,108,0,13,140,1,154,70,0,70,224
10/28/2020,JQF,NC,ASO,ES,Federal Contract Tower,1,19,65,1,86,0,3,33,0,36,1,22,98,1,122,38,0,38,160
10/29/2020,JQF,NC,ASO,ES,Federal Contract Tower,7,13,20,0,40,0,3,2,0,5,7,16,22,0,45,0,0,0,45
10/30/2020,JQF,NC,ASO,ES,Federal Contract Tower,8,11,40,0,59,0,20,94,1,115,8,31,134,1,174,64,0,64,238
10/31/2020,JQF,NC,ASO,ES,Federal Contract Tower,0,2,25,0,27,0,5,88,1,94,0,7,113,1,121,50,0,50,171
11/01/2020,JQF,NC,ASO,ES,Federal Contract Tower,5,6,33,0,44,0,5,21,0,26,5,11,54,0,70,10,0,10,80
11/02/2020,JQF,NC,ASO,ES,Federal Contract Tower,9,8,37,1,55,0,19,164,6,189,9,27,201,7,244,164,10,174,418
11/03/2020,JQF,NC,ASO,ES,Federal Contract Tower,0,7,49,0,56,0,23,163,0,186,0,30,212,0,242,42,0,42,284
11/04/2020,JQF,NC,ASO,ES,Federal Contract Tower,0,14,51,0,65,0,15,142,2,159,0,29,193,2,224,142,0,142,366
11/05/2020,JQF,NC,ASO,ES,Federal Contract Tower,7,11,43,0,61,0,7,142,0,149,7,18,185,0,210,166,0,166,376
11/06/2020,JQF,NC,ASO,ES,Federal Contract Tower,9,4,56,0,69,0,26,114,0,140,9,30,170,0,209,58,0,58,267
11/07/2020,JQF,NC,ASO,ES,Federal Contract Tower,5,1,39,0,45,0,3,82,0,85,5,4,121,0,130,36,0,36,166
11/08/2020,JQF,NC,ASO,ES,Federal Contract Tower,8,4,48,0,60,0,1,61,0,62,8,5,109,0,122,70,0,70,192
11/09/2020,JQF,NC,ASO,ES,Federal Contract Tower,15,6,36,0,57,0,9,112,0,121,15,15,148,0,178,48,0,48,226
11/10/2020,JQF,NC,ASO,ES,Federal Contract Tower,0,11,38,0,49,0,0,13,0,13,0,11,51,0,62,8,0,8,70
11/11/2020,JQF,NC,ASO,ES,Federal Contract Tower,0,10,10,0,20,0,0,0,0,0,0,10,10,0,20,0,0,0,20
11/12/2020,JQF,NC,ASO,ES,Federal Contract Tower,6,10,12,0,28,0,0,0,0,0,6,10,12,0,28,0,0,0,28
11/13/2020,JQF,NC,ASO,ES,Federal Contract Tower,8,5,41,0,54,0,5,84,2,91,8,10,125,2,145,150,0,150,295
11/14/2020,JQF,NC,ASO,ES,Federal Contract Tower,0,6,31,0,37,0,7,129,2,138,0,13,160,2,175,100,0,100,275
11/15/2020,JQF,NC,ASO,ES,Federal Contract Tower,6,7,29,0,42,0,7,5,0,12,6,14,34,0,54,14,0,14,68
11/16/2020,JQF,NC,ASO,ES,Federal Contract Tower,8,7,39,0,54,0,18,89,0,107,8,25,128,0,161,102,0,102,263
11/19/2020,JQF,NC,ASO,ES,Federal Contract Tower,4,13,44,0,61,0,48,163,3,214,4,61,207,3,275,90,0,90,365
11/20/2020,JQF,NC,ASO,ES,Federal Contract Tower,12,7,45,0,64,0,18,138,1,157,12,25,183,1,221,66,0,66,287
11/21/2020,JQF,NC,ASO,ES,Federal Contract Tower,0,5,25,0,30,0,3,115,8,126,0,8,140,8,156,56,0,56,212
11/22/2020,JQF,NC,ASO,ES,Federal Contract Tower,6,3,48,0,57,0,6,58,0,64,6,9,106,0,121,34,0,34,155
11/23/2020,JQF,NC,ASO,ES,Federal Contract Tower,8,5,31,0,44,0,15,103,0,118,8,20,134,0,162,54,0,54,216
11/24/2020,JQF,NC,ASO,ES,Federal Contract Tower,0,9,46,0,55,0,5,125,0,130,0,14,171,0,185,80,0,80,265
11/25/2020,JQF,NC,ASO,ES,Federal Contract Tower,10,16,19,0,45,0,18,59,6,83,10,34,78,6,128,98,0,98,226
11/26/2020,JQF,NC,ASO,ES,Federal Contract Tower,0,2,2,0,4,0,2,4,0,6,0,4,6,0,10,0,0,0,10
11/27/2020,JQF,NC,ASO,ES,Federal Contract Tower,6,10,22,0,38,0,30,54,6,90,6,40,76,6,128,52,0,52,180
11/28/2020,JQF,NC,ASO,ES,Federal Contract Tower,2,6,28,0,36,0,6,133,0,139,2,12,161,0,175,88,0,88,263
11/29/2020,JQF,NC,ASO,ES,Federal Contract Tower,11,4,28,0,43,0,7,101,0,108,11,11,129,0,151,22,0,22,173
11/30/2020,JQF,NC,ASO,ES,Federal Contract Tower,8,10,19,0,37,0,10,4,0,14,8,20,23,0,51,0,0,0,51
12/01/2020,JQF,NC,ASO,ES,Federal Contract Tower,0,5,22,0,27,0,19,71,18,108,0,24,93,18,135,32,0,32,167
12/02/2020,JQF,NC,ASO,ES,Federal Contract Tower,0,7,54,0,61,0,15,108,0,123,0,22,162,0,184,222,0,222,406
12/03/2020,JQF,NC,ASO,ES,Federal Contract Tower,6,7,48,0,61,0,15,157,3,175,6,22,205,3,236,102,0,102,338
12/04/2020,JQF,NC,ASO,ES,Federal Contract Tower,12,9,19,0,40,0,6,29,2,37,12,15,48,2,77,34,0,34,111
12/05/2020,JQF,NC,ASO,ES,Federal Contract Tower,5,5,17,0,27,0,8,94,6,108,5,13,111,6,135,50,0,50,185
12/06/2020,JQF,NC,ASO,ES,Federal Contract Tower,8,5,24,0,37,0,10,106,6,122,8,15,130,6,159,42,0,42,201
12/07/2020,JQF,NC,ASO,ES,Federal Contract Tower,11,6,28,0,45,0,5,3,1,9,11,11,31,1,54,56,0,56,110
12/08/2020,JQF,NC,ASO,ES,Federal Contract Tower,0,12,19,0,31,0,7,113,7,127,0,19,132,7,158,64,0,64,222
12/09/2020,JQF,NC,ASO,ES,Federal Contract Tower,1,12,50,0,63,0,20,109,0,129,1,32,159,0,192,110,0,110,302
12/10/2020,JQF,NC,ASO,ES,Federal Contract Tower,5,11,38,1,55,0,11,101,4,116,5,22,139,5,171,59,0,59,230
12/11/2020,JQF,NC,ASO,ES,Federal Contract Tower,8,6,38,0,52,0,26,141,7,174,8,32,179,7,226,50,0,50,276
12/12/2020,JQF,NC,ASO,ES,Federal Contract Tower,0,1,29,0,30,0,3,112,4,119,0,4,141,4,149,52,0,52,201
12/13/2020,JQF,NC,ASO,ES,Federal Contract Tower,6,2,28,2,38,0,4,74,2,80,6,6,102,4,118,64,0,64,182
12/14/2020,JQF,NC,ASO,ES,Federal Contract Tower,8,21,13,0,42,0,13,24,0,37,8,34,37,0,79,6,0,6,85
12/15/2020,JQF,NC,ASO,ES,Federal Contract Tower,0,9,37,0,46,0,19,124,0,143,0,28,161,0,189,102,0,102,291
12/16/2020,JQF,NC,ASO,ES,Federal Contract Tower,0,12,20,0,32,0,0,0,0,0,0,12,20,0,32,0,0,0,32
12/17/2020,JQF,NC,ASO,ES,Federal Contract Tower,5,15,33,0,53,0,17,11,0,28,5,32,44,0,81,70,0,70,151
12/18/2020,JQF,NC,ASO,ES,Federal Contract Tower,11,8,46,0,65,0,12,123,9,144,11,20,169,9,209,46,0,46,255
12/19/2020,JQF,NC,ASO,ES,Federal Contract Tower,6,8,46,0,60,0,10,152,4,166,6,18,198,4,226,184,0,184,410
12/20/2020,JQF,NC,ASO,ES,Federal Contract Tower,6,3,14,0,23,0,0,0,0,0,6,3,14,0,23,0,0,0,23
12/21/2020,JQF,NC,ASO,ES,Federal Contract Tower,7,9,37,0,53,0,7,71,1,79,7,16,108,1,132,124,0,124,256
12/22/2020,JQF,NC,ASO,ES,Federal Contract Tower,8,8,33,0,49,0,13,125,0,138,8,21,158,0,187,166,0,166,353
12/23/2020,JQF,NC,ASO,ES,Federal Contract Tower,6,5,46,0,57,0,9,103,22,134,6,14,149,22,191,104,0,104,295
12/24/2020,JQF,NC,ASO,ES,Federal Contract Tower,8,7,4,0,19,0,0,0,0,0,8,7,4,0,19,0,0,0,19
12/25/2020,JQF,NC,ASO,ES,Federal Contract Tower,2,1,3,0,6,0,5,7,0,12,2,6,10,0,18,0,0,0,18
12/26/2020,JQF,NC,ASO,ES,Federal Contract Tower,7,1,25,0,33,0,5,71,0,76,7,6,96,0,109,16,0,16,125
12/27/2020,JQF,NC,ASO,ES,Federal Contract Tower,9,6,24,0,39,0,13,105,0,118,9,19,129,0,157,22,0,22,179
12/28/2020,JQF,NC,ASO,ES,Federal Contract Tower,8,6,21,0,35,0,22,125,2,149,8,28,146,2,184,90,0,90,274
12/29/2020,JQF,NC,ASO,ES,Federal Contract Tower,8,7,34,0,49,0,5,124,0,129,8,12,158,0,178,70,0,70,248
12/30/2020,JQF,NC,ASO,ES,Federal Contract Tower,6,11,26,0,43,0,1,34,0,35,6,12,60,0,78,24,0,24,102
12/31/2020,JQF,NC,ASO,ES,Federal Contract Tower,8,7,3,0,18,0,0,0,0,0,8,7,3,0,18,0,0,0,18
01/01/2021,JQF,NC,ASO,ES,Federal Contract Tower,4,8,5,0,17,0,0,0,0,0,4,8,5,0,17,0,0,0,17
01/02/2021,JQF,NC,ASO,ES,Federal Contract Tower,7,4,20,0,31,0,1,35,0,36,7,5,55,0,67,6,0,6,73
01/03/2021,JQF,NC,ASO,ES,Federal Contract Tower,6,5,38,0,49,0,7,9,0,16,6,12,47,0,65,14,0,14,79
01/04/2021,JQF,NC,ASO,ES,Federal Contract Tower,9,6,27,0,42,0,10,128,0,138,9,16,155,0,180,2,0,2,182
01/05/2021,JQF,NC,ASO,ES,Federal Contract Tower,0,13,29,1,43,0,15,59,2,76,0,28,88,3,119,70,0,70,189
01/06/2021,JQF,NC,ASO,ES,Federal Contract Tower,0,17,36,1,54,0,8,118,1,127,0,25,154,2,181,34,0,34,215
01/07/2021,JQF,NC,ASO,ES,Federal Contract Tower,6,7,37,0,50,0,9,91,0,100,6,16,128,0,150,30,0,30,180
01/08/2021,JQF,NC,ASO,ES,Federal Contract Tower,8,8,12,0,28,0,0,0,0,0,8,8,12,0,28,0,0,0,28
01/09/2021,JQF,NC,ASO,ES,Federal Contract Tower,0,2,25,0,27,0,6,135,2,143,0,8,160,2,170,34,0,34,204
01/10/2021,JQF,NC,ASO,ES,Federal Contract Tower,6,6,26,0,38,0,0,144,0,144,6,6,170,0,182,12,0,12,194
01/11/2021,JQF,NC,ASO,ES,Federal Contract Tower,9,8,21,0,38,0,11,99,0,110,9,19,120,0,148,0,0,0,148
01/12/2021,JQF,NC,ASO,ES,Federal Contract Tower,0,8,27,0,35,0,18,113,0,131,0,26,140,0,166,64,0,64,230
01/13/2021,JQF,NC,ASO,ES,Federal Contract Tower,0,12,33,0,45,0,8,115,4,127,0,20,148,4,172,6,0,6,178
01/14/2021,JQF,NC,ASO,ES,Federal Contract Tower,7,13,61,0,81,0,8,53,0,61,7,21,114,0,142,24,0,24,166
01/15/2021,JQF,NC,ASO,ES,Federal Contract Tower,10,10,35,0,55,0,2,9,0,11,10,12,44,0,66,16,0,16,82
01/16/2021,JQF,NC,ASO,ES,Federal Contract Tower,2,10,17,0,29,0,2,77,0,79,2,12,94,0,108,32,0,32,140
01/17/2021,JQF,NC,ASO,ES,Federal Contract Tower,6,5,26,0,37,0,5,100,0,105,6,10,126,0,142,12,0,12,154
01/18/2021,JQF,NC,ASO,ES,Federal Contract Tower,8,7,19,0,34,0,13,85,2,100,8,20,104,2,134,0,0,0,134
01/19/2021,JQF,NC,ASO,ES,Federal Contract Tower,0,8,39,2,49,0,18,99,2,119,0,26,138,4,168,62,0,62,230
01/20/2021,JQF,NC,ASO,ES,Federal Contract Tower,0,13,34,0,47,0,27,93,4,124,0,40,127,4,171,16,0,16,187
01/21/2021,JQF,NC,ASO,ES,Federal Contract Tower,10,14,39,0,63,0,17,114,4,135,10,31,153,4,198,22,0,22,220
01/22/2021,JQF,NC,ASO,ES,Federal Contract Tower,10,9,23,0,42,0,31,76,1,108,10,40,99,1,150,20,0,20,170
01/23/2021,JQF,NC,ASO,ES,Federal Contract Tower,1,0,27,0,28,0,2,112,2,116,1,2,139,2,144,26,0,26,170
01/24/2021,JQF,NC,ASO,ES,Federal Contract Tower,8,1,27,2,38,0,6,106,7,119,8,7,133,9,157,16,0,16,173
01/25/2021,JQF,NC,ASO,ES,Federal Contract Tower,8,8,14,0,30,0,2,0,0,2,8,10,14,0,32,0,0,0,32
01/26/2021,JQF,NC,ASO,ES,Federal Contract Tower,2,0,21,0,23,0,0,0,0,0,2,0,21,0,23,0,0,0,23
01/27/2021,JQF,NC,ASO,ES,Federal Contract Tower,4,8,17,0,29,4,10,45,0,59,8,18,62,0,88,4,0,4,92
01/28/2021,JQF,NC,ASO,ES,Federal Contract Tower,7,4,32,1,44,0,18,78,0,96,7,22,110,1,140,82,0,82,222
01/29/2021,JQF,NC,ASO,ES,Federal Contract Tower,11,5,39,2,57,0,10,137,0,147,11,15,176,2,204,41,0,41,245
01/30/2021,JQF,NC,ASO,ES,Federal Contract Tower,0,3,25,0,28,0,5,106,2,113,0,8,131,2,141,88,0,88,229
01/31/2021,JQF,NC,ASO,ES,Federal Contract Tower,8,0,14,0,22,0,0,0,0,0,8,0,14,0,22,0,0,0,22
02/01/2021,JQF,NC,ASO,ES,Federal Contract Tower,14,5,34,4,57,0,4,18,0,22,14,9,52,4,79,110,20,130,209
02/02/2021,JQF,NC,ASO,ES,Federal Contract Tower,0,12,22,0,34,0,10,44,0,54,0,22,66,0,88,44,0,44,132
02/03/2021,JQF,NC,ASO,ES,Federal Contract Tower,0,9,31,0,40,0,11,86,1,98,0,20,117,1,138,84,0,84,222
02/04/2021,JQF,NC,ASO,ES,Federal Contract Tower,9,10,39,0,58,0,10,125,0,135,9,20,164,0,193,18,0,18,211
02/05/2021,JQF,NC,ASO,ES,Federal Contract Tower,8,9,30,0,47,0,7,30,4,41,8,16,60,4,88,8,0,8,96
02/06/2021,JQF,NC,ASO,ES,Federal Contract Tower,0,4,13,0,17,0,21,91,0,112,0,25,104,0,129,56,0,56,185
02/07/2021,JQF,NC,ASO,ES,Federal Contract Tower,7,1,10,0,18,0,3,60,0,63,7,4,70,0,81,24,0,24,105
02/08/2021,JQF,NC,ASO,ES,Federal Contract Tower,8,7,40,0,55,0,31,134,4,169,8,38,174,4,224,52,0,52,276
02/09/2021,JQF,NC,ASO,ES,Federal Contract Tower,11,4,40,0,55,0,4,80,0,84,11,8,120,0,139,0,0,0,139
02/10/2021,JQF,NC,ASO,ES,Federal Contract Tower,4,11,58,0,73,0,1,14,0,15,4,12,72,0,88,20,0,20,108
02/11/2021,JQF,NC,ASO,ES,Federal Contract Tower,9,11,32,0,52,0,0,0,0,0,9,11,32,0,52,0,0,0,52
02/12/2021,JQF,NC,ASO,ES,Federal Contract Tower,14,14,12,0,40,0,0,0,0,0,14,14,12,0,40,0,0,0,40
02/13/2021,JQF,NC,ASO,ES,Federal Contract Tower,10,0,4,0,14,0,0,0,0,0,10,0,4,0,14,0,0,0,14
02/14/2021,JQF,NC,ASO,ES,Federal Contract Tower,11,6,12,0,29,0,0,0,0,0,11,6,12,0,29,0,0,0,29
02/15/2021,JQF,NC,ASO,ES,Federal Contract Tower,14,16,22,0,52,0,0,0,0,0,14,16,22,0,52,0,0,0,52
02/16/2021,JQF,NC,ASO,ES,Federal Contract Tower,2,12,19,1,34,0,7,74,0,81,2,19,93,1,115,82,0,82,197
02/17/2021,JQF,NC,ASO,ES,Federal Contract Tower,4,7,44,0,55,0,9,160,14,183,4,16,204,14,238,62,6,68,306
02/18/2021,JQF,NC,ASO,ES,Federal Contract Tower,0,11,17,0,28,0,0,0,0,0,0,11,17,0,28,0,0,0,28
02/19/2021,JQF,NC,ASO,ES,Federal Contract Tower,16,10,39,4,69,0,6,66,3,75,16,16,105,7,144,36,0,36,180
02/20/2021,JQF,NC,ASO,ES,Federal Contract Tower,13,3,34,0,50,0,7,130,1,138,13,10,164,1,188,40,0,40,228
02/21/2021,JQF,NC,ASO,ES,Federal Contract Tower,18,3,48,0,69,0,2,150,2,154,18,5,198,2,223,54,0,54,277
02/22/2021,JQF,NC,ASO,ES,Federal Contract Tower,15,6,20,0,41,0,14,34,0,48,15,20,54,0,89,60,0,60,149
02/23/2021,JQF,NC,ASO,ES,Federal Contract Tower,0,10,48,0,58,0,19,132,0,151,0,29,180,0,209,54,0,54,263
02/24/2021,JQF,NC,ASO,ES,Federal Contract Tower,2,8,41,0,51,0,16,173,0,189,2,24,214,0,240,126,0,126,366
02/25/2021,JQF,NC,ASO,ES,Federal Contract Tower,7,6,52,0,65,0,19,159,1,179,7,25,211,1,244,14,0,14,258
02/26/2021,JQF,NC,ASO,ES,Federal Contract Tower,14,10,36,0,60,0,0,6,0,6,14,10,42,0,66,0,0,0,66
02/27/2021,JQF,NC,ASO,ES,Federal Contract Tower,14,6,40,0,60,0,1,3,0,4,14,7,43,0,64,0,0,0,64
02/28/2021,JQF,NC,ASO,ES,Federal Contract Tower,14,3,38,0,55,0,4,35,2,41,14,7,73,2,96,0,0,0,96
03/01/2021,JQF,NC,ASO,ES,Federal Contract Tower,14,4,34,0,52,0,15,51,2,68,14,19,85,2,120,0,0,0,120
03/02/2021,JQF,NC,ASO,ES,Federal Contract Tower,6,7,38,0,51,0,18,113,0,131,6,25,151,0,182,100,0,100,282
03/03/2021,JQF,NC,ASO,ES,Federal Contract Tower,6,5,45,2,58,0,18,103,4,125,6,23,148,6,183,48,0,48,231
03/04/2021,JQF,NC,ASO,ES,Federal Contract Tower,8,9,42,0,59,0,20,122,0,142,8,29,164,0,201,54,0,54,255
03/05/2021,JQF,NC,ASO,ES,Federal Contract Tower,14,5,40,0,59,0,13,109,1,123,14,18,149,1,182,40,0,40,222
03/06/2021,JQF,NC,ASO,ES,Federal Contract Tower,11,4,21,0,36,0,10,145,1,156,11,14,166,1,192,28,0,28,220
03/07/2021,JQF,NC,ASO,ES,Federal Contract Tower,9,1,30,0,40,0,10,116,9,135,9,11,146,9,175,66,0,66,241
03/08/2021,JQF,NC,ASO,ES,Federal Contract Tower,16,9,38,0,63,0,14,132,0,146,16,23,170,0,209,12,0,12,221
03/09/2021,JQF,NC,ASO,ES,Federal Contract Tower,2,7,38,0,47,0,6,123,0,129,2,13,161,0,176,62,0,62,238
03/10/2021,JQF,NC,ASO,ES,Federal Contract Tower,6,10,47,0,63,0,9,154,4,167,6,19,201,4,230,32,2,34,264
03/11/2021,JQF,NC,ASO,ES,Federal Contract Tower,9,6,47,0,62,0,17,165,0,182,9,23,212,0,244,52,0,52,296
03/12/2021,JQF,NC,ASO,ES,Federal Contract Tower,15,10,36,0,61,0,19,147,0,166,15,29,183,0,227,51,0,51,278
03/13/2021,JQF,NC,ASO,ES,Federal Contract Tower,12,4,26,0,42,0,4,128,2,134,12,8,154,2,176,38,0,38,214
03/14/2021,JQF,NC,ASO,ES,Federal Contract Tower,9,4,26,0,39,0,5,82,2,89,9,9,108,2,128,36,0,36,164
03/15/2021,JQF,NC,ASO,ES,Federal Contract Tower,17,5,28,3,53,0,10,83,0,93,17,15,111,3,146,76,0,76,222
03/16/2021,JQF,NC,ASO,ES,Federal Contract Tower,2,8,22,0,32,0,0,0,0,0,2,8,22,0,32,0,0,0,32
03/17/2021,JQF,NC,ASO,ES,Federal Contract Tower,5,12,22,0,39,0,0,2,0,2,5,12,24,0,41,0,0,0,41
03/18/2021,JQF,NC,ASO,ES,Federal Contract Tower,11,10,16,0,37,0,3,1,0,4,11,13,17,0,41,0,0,0,41
03/19/2021,JQF,NC,ASO,ES,Federal Contract Tower,12,7,35,0,54,0,12,35,7,54,12,19,70,7,108,0,0,0,108
03/20/2021,JQF,NC,ASO,ES,Federal Contract Tower,13,9,33,0,55,0,8,129,0,137,13,17,162,0,192,66,0,66,258
03/21/2021,JQF,NC,ASO,ES,Federal Contract Tower,17,10,36,0,63,0,7,92,0,99,17,17,128,0,162,22,0,22,184
03/22/2021,JQF,NC,ASO,ES,Federal Contract Tower,17,3,33,0,53,0,18,101,0,119,17,21,134,0,172,92,0,92,264
03/23/2021,JQF,NC,ASO,ES,Federal Contract Tower,3,13,49,4,69,0,10,32,0,42,3,23,81,4,111,90,0,90,201
03/24/2021,JQF,NC,ASO,ES,Federal Contract Tower,3,10,48,0,61,0,4,55,0,59,3,14,103,0,120,88,0,88,208
03/25/2021,JQF,NC,ASO,ES,Federal Contract Tower,8,15,33,0,56,0,2,14,0,16,8,17,47,0,72,60,0,60,132
03/26/2021,JQF,NC,ASO,ES,Federal Contract Tower,14,4,42,0,60,0,20,70,0,90,14,24,112,0,150,40,0,40,190
03/27/2021,JQF,NC,ASO,ES,Federal Contract Tower,7,8,15,0,30,0,9,53,0,62,7,17,68,0,92,88,0,88,180
03/28/2021,JQF,NC,ASO,ES,Federal Contract Tower,8,3,14,1,26,0,9,6,0,15,8,12,20,1,41,16,0,16,57
03/29/2021,JQF,NC,ASO,ES,Federal Contract Tower,21,6,39,3,69,0,6,181,4,191,21,12,220,7,260,66,0,66,326
03/30/2021,JQF,NC,ASO,ES,Federal Contract Tower,2,4,34,0,40,0,16,161,0,177,2,20,195,0,217,68,0,68,285
03/31/2021,JQF,NC,ASO,ES,Federal Contract Tower,6,8,23,0,37,0,3,0,0,3,6,11,23,0,40,0,0,0,40
04/01/2021,JQF,NC,ASO,ES,Federal Contract Tower,6,14,35,0,55,0,14,50,0,64,6,28,85,0,119,20,0,20,139
04/02/2021,JQF,NC,ASO,ES,Federal Contract Tower,12,9,23,0,44,0,28,93,4,125,12,37,116,4,169,162,0,162,331
04/03/2021,JQF,NC,ASO,ES,Federal Contract Tower,7,3,20,0,30,0,5,179,0,184,7,8,199,0,214,168,0,168,382
04/04/2021,JQF,NC,ASO,ES,Federal Contract Tower,8,7,18,1,34,0,6,151,0,157,8,13,169,1,191,56,0,56,247
04/05/2021,JQF,NC,ASO,ES,Federal Contract Tower,12,7,46,0,65,0,16,138,1,155,12,23,184,1,220,70,0,70,290
04/06/2021,JQF,NC,ASO,ES,Federal Contract Tower,2,7,31,0,40,0,19,136,2,157,2,26,167,2,197,78,0,78,275
04/07/2021,JQF,NC,ASO,ES,Federal Contract Tower,11,17,41,0,69,0,15,152,12,179,11,32,193,12,248,88,0,88,336
04/08/2021,JQF,NC,ASO,ES,Federal Contract Tower,8,12,42,1,63,0,14,121,1,136,8,26,163,2,199,72,0,72,271
04/09/2021,JQF,NC,ASO,ES,Federal Contract Tower,11,13,47,0,71,0,28,99,0,127,11,41,146,0,198,8,0,8,206
04/10/2021,JQF,NC,ASO,ES,Federal Contract Tower,6,2,15,1,24,0,2,21,0,23,6,4,36,1,47,0,0,0,47
04/11/2021,JQF,NC,ASO,ES,Federal Contract Tower,4,14,28,0,46,0,7,60,0,67,4,21,88,0,113,0,0,0,113
04/12/2021,JQF,NC,ASO,ES,Federal Contract Tower,9,8,39,0,56,0,15,111,2,128,9,23,150,2,184,48,0,48,232
04/13/2021,JQF,NC,ASO,ES,Federal Contract Tower,3,7,32,0,42,0,33,170,0,203,3,40,202,0,245,18,0,18,263
04/14/2021,JQF,NC,ASO,ES,Federal Contract Tower,4,6,46,0,56,0,20,135,2,157,4,26,181,2,213,40,0,40,253
04/15/2021,JQF,NC,ASO,ES,Federal Contract Tower,8,8,45,2,63,0,19,124,2,145,8,27,169,4,208,46,0,46,254
04/16/2021,JQF,NC,ASO,ES,Federal Contract Tower,12,10,41,0,63,0,22,121,0,143,12,32,162,0,206,160,0,160,366
04/17/2021,JQF,NC,ASO,ES,Federal Contract Tower,7,3,23,0,33,0,3,99,0,102,7,6,122,0,135,86,0,86,221
04/18/2021,JQF,NC,ASO,ES,Federal Contract Tower,17,5,45,0,67,0,9,110,2,121,17,14,155,2,188,32,0,32,220
04/19/2021,JQF,NC,ASO,ES,Federal Contract Tower,11,11,43,0,65,0,11,105,0,116,11,22,148,0,181,54,0,54,235
04/20/2021,JQF,NC,ASO,ES,Federal Contract Tower,5,6,34,0,45,0,25,108,4,137,5,31,142,4,182,54,0,54,236
04/21/2021,JQF,NC,ASO,ES,Federal Contract Tower,2,9,38,0,49,0,5,64,0,69,2,14,102,0,118,30,0,30,148
04/22/2021,JQF,NC,ASO,ES,Federal Contract Tower,7,10,39,0,56,0,17,128,4,149,7,27,167,4,205,28,0,28,233
04/23/2021,JQF,NC,ASO,ES,Federal Contract Tower,16,13,26,0,55,0,12,172,1,185,16,25,198,1,240,142,0,142,382
04/24/2021,JQF,NC,ASO,ES,Federal Contract Tower,17,5,8,0,30,0,5,0,0,5,17,10,8,0,35,64,0,64,99
04/25/2021,JQF,NC,ASO,ES,Federal Contract Tower,20,6,48,0,74,0,10,79,2,91,20,16,127,2,165,28,0,28,193
04/26/2021,JQF,NC,ASO,ES,Federal Contract Tower,12,8,47,0,67,0,19,181,0,200,12,27,228,0,267,89,0,89,356
04/27/2021,JQF,NC,ASO,ES,Federal Contract Tower,2,9,37,0,48,0,20,135,0,155,2,29,172,0,203,100,0,100,303
04/28/2021,JQF,NC,ASO,ES,Federal Contract Tower,3,9,44,0,56,0,20,106,7,133,3,29,150,7,189,44,0,44,233
04/29/2021,JQF,NC,ASO,ES,Federal Contract Tower,8,8,41,0,57,0,5,64,10,79,8,13,105,10,136,46,0,46,182
04/30/2021,JQF,NC,ASO,ES,Federal Contract Tower,14,12,19,0,45,0,17,99,4,120,14,29,118,4,165,12,0,12,177
05/01/2021,JQF,NC,ASO,ES,Federal Contract Tower,11,5,28,0,44,0,7,151,4,162,11,12,179,4,206,128,0,128,334
05/02/2021,JQF,NC,ASO,ES,Federal Contract Tower,15,9,34,0,58,0,5,82,4,91,15,14,116,4,149,32,0,32,181
05/03/2021,JQF,NC,ASO,ES,Federal Contract Tower,12,7,14,1,34,0,2,1,1,4,12,9,15,2,38,0,0,0,38
05/04/2021,JQF,NC,ASO,ES,Federal Contract Tower,2,23,40,1,66,0,9,19,0,28,2,32,59,1,94,4,0,4,98
05/05/2021,JQF,NC,ASO,ES,Federal Contract Tower,2,11,50,0,63,0,7,98,1,106,2,18,148,1,169,56,0,56,225
05/06/2021,JQF,NC,ASO,ES,Federal Contract Tower,8,12,35,0,55,0,10,153,0,163,8,22,188,0,218,44,0,44,262
05/07/2021,JQF,NC,ASO,ES,Federal Contract Tower,12,9,40,0,61,0,23,76,2,101,12,32,116,2,162,80,0,80,242
05/08/2021,JQF,NC,ASO,ES,Federal Contract Tower,4,4,16,0,24,0,8,89,1,98,4,12,105,1,122,52,0,52,174
05/09/2021,JQF,NC,ASO,ES,Federal Contract Tower,6,2,27,0,35,0,19,57,0,76,6,21,84,0,111,92,0,92,203
05/10/2021,JQF,NC,ASO,ES,Federal Contract Tower,12,4,44,0,60,0,14,50,0,64,12,18,94,0,124,58,0,58,182
05/11/2021,JQF,NC,ASO,ES,Federal Contract Tower,2,9,58,0,69,0,9,134,0,143,2,18,192,0,212,64,0,64,276
05/12/2021,JQF,NC,ASO,ES,Federal Contract Tower,2,10,57,0,69,0,7,26,0,33,2,17,83,0,102,38,0,38,140
05/13/2021,JQF,NC,ASO,ES,Federal Contract Tower,8,8,43,0,59,0,12,143,0,155,8,20,186,0,214,116,0,116,330
05/14/2021,JQF,NC,ASO,ES,Federal Contract Tower,15,12,50,0,77,0,15,115,2,132,15,27,165,2,209,90,0,90,299
05/15/2021,JQF,NC,ASO,ES,Federal Contract Tower,14,14,29,2,59,0,14,132,0,146,14,28,161,2,205,82,0,82,287
05/16/2021,JQF,NC,ASO,ES,Federal Contract Tower,15,11,46,0,72,0,9,97,0,106,15,20,143,0,178,48,0,48,226
05/17/2021,JQF,NC,ASO,ES,Federal Contract Tower,14,15,65,0,94,0,14,156,0,170,14,29,221,0,264,74,0,74,338
05/18/2021,JQF,NC,ASO,ES,Federal Contract Tower,3,8,55,0,66,0,20,123,0,143,3,28,178,0,209,76,0,76,285
05/19/2021,JQF,NC,ASO,ES,Federal Contract Tower,2,14,59,0,75,0,15,134,0,149,2,29,193,0,224,90,0,90,314
05/20/2021,JQF,NC,ASO,ES,Federal Contract Tower,10,10,43,0,63,0,17,117,2,136,10,27,160,2,199,96,2,98,297
05/21/2021,JQF,NC,ASO,ES,Federal Contract Tower,20,24,53,0,97,0,6,95,0,101,20,30,148,0,198,66,0,66,264
05/22/2021,JQF,NC,ASO,ES,Federal Contract Tower,8,11,32,2,53,0,2,112,0,114,8,13,144,2,167,72,0,72,239
05/23/2021,JQF,NC,ASO,ES,Federal Contract Tower,14,10,39,0,63,0,6,85,0,91,14,16,124,0,154,36,0,36,190
05/24/2021,JQF,NC,ASO,ES,Federal Contract Tower,16,15,32,0,63,0,7,111,2,120,16,22,143,2,183,74,0,74,257
05/25/2021,JQF,NC,ASO,ES,Federal Contract Tower,3,19,46,0,68,0,11,68,0,79,3,30,114,0,147,72,0,72,219
05/26/2021,JQF,NC,ASO,ES,Federal Contract Tower,2,14,45,0,61,0,5,116,0,121,2,19,161,0,182,80,0,80,262
05/27/2021,JQF,NC,ASO,ES,Federal Contract Tower,8,20,56,0,84,0,13,100,0,113,8,33,156,0,197,156,0,156,353
05/28/2021,JQF,NC,ASO,ES,Federal Contract Tower,14,14,47,0,75,0,21,62,0,83,14,35,109,0,158,44,0,44,202
05/29/2021,JQF,NC,ASO,ES,Federal Contract Tower,6,15,46,0,67,0,6,20,0,26,6,21,66,0,93,82,0,82,175
05/30/2021,JQF,NC,ASO,ES,Federal Contract Tower,8,4,44,6,62,0,15,41,20,76,8,19,85,26,138,116,0,116,254
05/31/2021,JQF,NC,ASO,ES,Federal Contract Tower,14,6,46,0,66,0,10,136,3,149,14,16,182,3,215,104,0,104,319
06/01/2021,JQF,NC,ASO,ES,Federal Contract Tower,4,13,41,0,58,0,19,166,0,185,4,32,207,0,243,88,0,88,331
06/02/2021,JQF,NC,ASO,ES,Federal Contract Tower,4,25,64,5,98,0,16,35,0,51,4,41,99,5,149,52,4,56,205
06/03/2021,JQF,NC,ASO,ES,Federal Contract Tower,10,26,28,0,64,0,6,17,0,23,10,32,45,0,87,56,0,56,143
06/04/2021,JQF,NC,ASO,ES,Federal Contract Tower,15,10,55,0,80,0,8,79,0,87,15,18,134,0,167,52,0,52,219
06/05/2021,JQF,NC,ASO,ES,Federal Contract Tower,8,7,29,1,45,0,6,165,0,171,8,13,194,1,216,54,0,54,270
06/06/2021,JQF,NC,ASO,ES,Federal Contract Tower,13,13,36,0,62,0,4,99,0,103,13,17,135,0,165,50,0,50,215
06/07/2021,JQF,NC,ASO,ES,Federal Contract Tower,14,11,33,0,58,0,0,25,0,25,14,11,58,0,83,46,0,46,129
06/08/2021,JQF,NC,ASO,ES,Federal Contract Tower,4,18,35,2,59,0,10,46,0,56,4,28,81,2,115,68,0,68,183
06/09/2021,JQF,NC,ASO,ES,Federal Contract Tower,6,14,72,0,92,0,13,96,0,109,6,27,168,0,201,30,0,30,231
06/10/2021,JQF,NC,ASO,ES,Federal Contract Tower,12,14,45,0,71,0,9,75,0,84,12,23,120,0,155,62,0,62,217
06/11/2021,JQF,NC,ASO,ES,Federal Contract Tower,13,11,33,0,57,0,12,37,0,49,13,23,70,0,106,148,0,148,254
06/12/2021,JQF,NC,ASO,ES,Federal Contract Tower,8,8,25,0,41,0,3,16,0,19,8,11,41,0,60,52,0,52,112
06/13/2021,JQF,NC,ASO,ES,Federal Contract Tower,21,11,52,0,84,0,9,73,2,84,21,20,125,2,168,144,0,144,312
06/14/2021,JQF,NC,ASO,ES,Federal Contract Tower,17,7,29,0,53,0,10,113,0,123,17,17,142,0,176,152,0,152,328
06/15/2021,JQF,NC,ASO,ES,Federal Contract Tower,6,6,49,0,61,0,15,122,1,138,6,21,171,1,199,68,0,68,267
06/16/2021,JQF,NC,ASO,ES,Federal Contract Tower,6,14,34,0,54,0,15,154,0,169,6,29,188,0,223,70,0,70,293
06/17/2021,JQF,NC,ASO,ES,Federal Contract Tower,12,12,35,0,59,7,42,126,0,175,19,54,161,0,234,44,0,44,278
06/18/2021,JQF,NC,ASO,ES,Federal Contract Tower,16,16,54,0,86,0,15,138,0,153,16,31,192,0,239,54,0,54,293
06/19/2021,JQF,NC,ASO,ES,Federal Contract Tower,9,7,26,0,42,0,6,99,0,105,9,13,125,0,147,14,0,14,161
06/20/2021,JQF,NC,ASO,ES,Federal Contract Tower,11,12,22,0,45,0,0,4,0,4,11,12,26,0,49,2,0,2,51
06/21/2021,JQF,NC,ASO,ES,Federal Contract Tower,15,29,30,0,74,0,32,106,0,138,15,61,136,0,212,58,0,58,270
06/22/2021,JQF,NC,ASO,ES,Federal Contract Tower,5,10,37,0,52,0,2,31,1,34,5,12,68,1,86,8,0,8,94
06/23/2021,JQF,NC,ASO,ES,Federal Contract Tower,7,22,55,0,84,0,7,153,0,160,7,29,208,0,244,106,0,106,350
06/24/2021,JQF,NC,ASO,ES,Federal Contract Tower,12,21,54,0,87,0,3,150,4,157,12,24,204,4,244,86,0,86,330
06/25/2021,JQF,NC,ASO,ES,Federal Contract Tower,19,12,40,0,71,0,11,166,4,181,19,23,206,4,252,76,0,76,328
06/26/2021,JQF,NC,ASO,ES,Federal Contract Tower,7,5,35,1,48,0,9,53,2,64,7,14,88,3,112,36,2,38,150
06/27/2021,JQF,NC,ASO,ES,Federal Contract Tower,25,7,43,1,76,0,3,35,0,38,25,10,78,1,114,74,0,74,188
06/28/2021,JQF,NC,ASO,ES,Federal Contract Tower,16,14,43,1,74,0,6,109,1,116,16,20,152,2,190,104,0,104,294
06/29/2021,JQF,NC,ASO,ES,Federal Contract Tower,6,11,45,0,62,0,12,71,0,83,6,23,116,0,145,82,0,82,227
06/30/2021,JQF,NC,ASO,ES,Federal Contract Tower,8,22,50,2,82,0,6,74,2,82,8,28,124,4,164,120,0,120,284
07/01/2021,JQF,NC,ASO,ES,Federal Contract Tower,10,10,23,0,43,0,16,133,12,161,10,26,156,12,204,76,0,76,280
07/02/2021,JQF,NC,ASO,ES,Federal Contract Tower,15,8,39,0,62,0,6,34,1,41,15,14,73,1,103,30,0,30,133
07/03/2021,JQF,NC,ASO,ES,Federal Contract Tower,7,17,16,0,40,0,17,110,0,127,7,34,126,0,167,70,0,70,237
07/04/2021,JQF,NC,ASO,ES,Federal Contract Tower,15,16,15,0,46,0,6,33,0,39,15,22,48,0,85,12,0,12,97
07/05/2021,JQF,NC,ASO,ES,Federal Contract Tower,13,4,45,0,62,0,5,76,2,83,13,9,121,2,145,80,0,80,225
07/06/2021,JQF,NC,ASO,ES,Federal Contract Tower,8,11,24,0,43,0,12,88,0,100,8,23,112,0,143,72,0,72,215
07/07/2021,JQF,NC,ASO,ES,Federal Contract Tower,6,15,37,0,58,0,7,85,0,92,6,22,122,0,150,34,0,34,184
07/08/2021,JQF,NC,ASO,ES,Federal Contract Tower,11,6,20,0,37,0,13,12,0,25,11,19,32,0,62,2,0,2,64
07/09/2021,JQF,NC,ASO,ES,Federal Contract Tower,17,6,40,0,63,0,17,92,5,114,17,23,132,5,177,50,0,50,227
07/10/2021,JQF,NC,ASO,ES,Federal Contract Tower,12,2,27,0,41,0,6,92,2,100,12,8,119,2,141,0,0,0,141
07/11/2021,JQF,NC,ASO,ES,Federal Contract Tower,23,7,34,0,64,0,19,59,2,80,23,26,93,2,144,0,0,0,144
07/12/2021,JQF,NC,ASO,ES,Federal Contract Tower,12,9,34,0,55,0,15,90,0,105,12,24,124,0,160,4,0,4,164
07/13/2021,JQF,NC,ASO,ES,Federal Contract Tower,5,12,51,0,68,0,6,99,14,119,5,18,150,14,187,48,4,52,239
07/14/2021,JQF,NC,ASO,ES,Federal Contract Tower,6,10,35,0,51,0,9,80,0,89,6,19,115,0,140,24,0,24,164
07/15/2021,JQF,NC,ASO,ES,Federal Contract Tower,12,12,50,0,74,0,13,106,0,119,12,25,156,0,193,94,0,94,287
07/16/2021,JQF,NC,ASO,ES,Federal Contract Tower,17,16,33,0,66,0,18,135,2,155,17,34,168,2,221,94,0,94,315
07/17/2021,JQF,NC,ASO,ES,Federal Contract Tower,14,2,27,0,43,0,10,101,2,113,14,12,128,2,156,110,0,110,266
07/18/2021,JQF,NC,ASO,ES,Federal Contract Tower,15,7,36,0,58,0,6,80,0,86,15,13,116,0,144,86,0,86,230
07/19/2021,JQF,NC,ASO,ES,Federal Contract Tower,14,7,46,2,69,0,4,2,0,6,14,11,48,2,75,44,0,44,119
07/20/2021,JQF,NC,ASO,ES,Federal Contract Tower,4,9,55,0,68,0,6,79,0,85,4,15,134,0,153,140,0,140,293
07/21/2021,JQF,NC,ASO,ES,Federal Contract Tower,7,7,47,3,64,0,7,100,2,109,7,14,147,5,173,130,0,130,303
07/22/2021,JQF,NC,ASO,ES,Federal Contract Tower,12,11,56,0,79,0,38,119,0,157,12,49,175,0,236,92,0,92,328
07/23/2021,JQF,NC,ASO,ES,Federal Contract Tower,11,14,42,0,67,0,8,83,0,91,11,22,125,0,158,82,0,82,240
07/24/2021,JQF,NC,ASO,ES,Federal Contract Tower,7,9,45,0,61,0,9,76,1,86,7,18,121,1,147,94,0,94,241
07/25/2021,JQF,NC,ASO,ES,Federal Contract Tower,13,4,38,0,55,0,1,55,0,56,13,5,93,0,111,68,0,68,179
07/26/2021,JQF,NC,ASO,ES,Federal Contract Tower,12,5,39,0,56,0,9,61,8,78,12,14,100,8,134,40,0,40,174
07/27/2021,JQF,NC,ASO,ES,Federal Contract Tower,5,8,48,0,61,0,5,74,3,82,5,13,122,3,143,10,0,10,153
07/28/2021,JQF,NC,ASO,ES,Federal Contract Tower,6,9,54,1,70,0,12,107,1,120,6,21,161,2,190,64,0,64,254
07/29/2021,JQF,NC,ASO,ES,Federal Contract Tower,11,7,41,1,60,0,8,115,3,126,11,15,156,4,186,116,0,116,302
07/30/2021,JQF,NC,ASO,ES,Federal Contract Tower,12,10,30,0,52,0,27,108,0,135,12,37,138,0,187,80,0,80,267
07/31/2021,JQF,NC,ASO,ES,Federal Contract Tower,7,7,34,0,48,0,2,135,0,137,7,9,169,0,185,58,0,58,243
08/01/2021,JQF,NC,ASO,ES,Federal Contract Tower,10,13,32,0,55,0,4,63,0,67,10,17,95,0,122,56,0,56,178
08/02/2021,JQF,NC,ASO,ES,Federal Contract Tower,10,5,34,1,50,0,7,106,0,113,10,12,140,1,163,54,0,54,217
08/03/2021,JQF,NC,ASO,ES,Federal Contract Tower,2,15,27,2,46,0,7,35,0,42,2,22,62,2,88,48,0,48,136
08/04/2021,JQF,NC,ASO,ES,Federal Contract Tower,4,21,54,0,79,0,9,74,0,83,4,30,128,0,162,48,2,50,212
08/05/2021,JQF,NC,ASO,ES,Federal Contract Tower,10,19,49,1,79,0,20,124,1,145,10,39,173,2,224,60,0,60,284
08/06/2021,JQF,NC,ASO,ES,Federal Contract Tower,13,11,37,0,61,0,11,137,0,148,13,22,174,0,209,158,0,158,367
08/07/2021,JQF,NC,ASO,ES,Federal Contract Tower,15,2,32,0,49,0,13,43,0,56,15,15,75,0,105,66,0,66,171
08/08/2021,JQF,NC,ASO,ES,Federal Contract Tower,21,13,37,0,71,0,3,130,0,133,21,16,167,0,204,62,0,62,266
08/09/2021,JQF,NC,ASO,ES,Federal Contract Tower,11,14,48,2,75,0,17,115,2,134,11,31,163,4,209,114,0,114,323
08/10/2021,JQF,NC,ASO,ES,Federal Contract Tower,3,9,41,0,53,0,7,98,0,105,3,16,139,0,158,88,0,88,246
08/11/2021,JQF,NC,ASO,ES,Federal Contract Tower,4,5,38,0,47,0,9,120,0,129,4,14,158,0,176,88,0,88,264
08/12/2021,JQF,NC,ASO,ES,Federal Contract Tower,8,10,33,0,51,0,9,108,0,117,8,19,141,0,168,118,0,118,286
08/13/2021,JQF,NC,ASO,ES,Federal Contract Tower,19,13,26,0,58,0,15,126,2,143,19,28,152,2,201,86,0,86,287
08/14/2021,JQF,NC,ASO,ES,Federal Contract Tower,10,5,23,0,38,0,5,90,2,97,10,10,113,2,135,48,0,48,183
08/15/2021,JQF,NC,ASO,ES,Federal Contract Tower,18,9,47,0,74,0,3,32,0,35,18,12,79,0,109,106,0,106,215
08/16/2021,JQF,NC,ASO,ES,Federal Contract Tower,12,15,30,1,58,0,9,15,0,24,12,24,45,1,82,48,0,48,130
08/17/2021,JQF,NC,ASO,ES,Federal Contract Tower,0,14,25,0,39,0,4,0,0,4,0,18,25,0,43,0,0,0,43
08/18/2021,JQF,NC,ASO,ES,Federal Contract Tower,0,18,45,1,64,0,13,74,0,87,0,31,119,1,151,158,18,176,327
08/19/2021,JQF,NC,ASO,ES,Federal Contract Tower,8,14,31,0,53,0,19,99,0,118,8,33,130,0,171,202,0,202,373
08/20/2021,JQF,NC,ASO,ES,Federal Contract Tower,13,9,48,0,70,0,7,126,0,133,13,16,174,0,203,222,0,222,425
08/21/2021,JQF,NC,ASO,ES,Federal Contract Tower,10,4,31,0,45,0,14,104,2,120,10,18,135,2,165,62,0,62,227
08/22/2021,JQF,NC,ASO,ES,Federal Contract Tower,17,8,41,0,66,0,19,87,0,106,17,27,128,0,172,50,0,50,222
08/23/2021,JQF,NC,ASO,ES,Federal Contract Tower,8,14,34,0,56,0,17,96,0,113,8,31,130,0,169,94,0,94,263
08/24/2021,JQF,NC,ASO,ES,Federal Contract Tower,2,9,26,0,37,0,22,118,1,141,2,31,144,1,178,62,0,62,240
08/25/2021,JQF,NC,ASO,ES,Federal Contract Tower,2,13,31,0,46,0,14,94,0,108,2,27,125,0,154,38,0,38,192
08/26/2021,JQF,NC,ASO,ES,Federal Contract Tower,8,11,50,5,74,0,11,105,0,116,8,22,155,5,190,96,0,96,286
08/27/2021,JQF,NC,ASO,ES,Federal Contract Tower,17,8,39,0,64,0,14,102,2,118,17,22,141,2,182,96,2,98,280
08/28/2021,JQF,NC,ASO,ES,Federal Contract Tower,9,9,37,0,55,0,14,136,0,150,9,23,173,0,205,52,0,52,257
08/29/2021,JQF,NC,ASO,ES,Federal Contract Tower,17,5,31,0,53,0,2,109,0,111,17,7,140,0,164,84,0,84,248
08/30/2021,JQF,NC,ASO,ES,Federal Contract Tower,7,9,19,0,35,0,16,163,0,179,7,25,182,0,214,104,0,104,318
08/31/2021,JQF,NC,ASO,ES,Federal Contract Tower,1,24,34,0,59,0,6,132,0,138,1,30,166,0,197,122,0,122,319
09/01/2021,JQF,NC,ASO,ES,Federal Contract Tower,0,8,29,0,37,0,13,5,0,18,0,21,34,0,55,2,0,2,57
09/02/2021,JQF,NC,ASO,ES,Federal Contract Tower,8,14,54,0,76,0,8,135,0,143,8,22,189,0,219,28,0,28,247
09/03/2021,JQF,NC,ASO,ES,Federal Contract Tower,6,8,50,1,65,0,19,131,1,151,6,27,181,2,216,48,0,48,264
09/04/2021,JQF,NC,ASO,ES,Federal Contract Tower,2,7,29,0,38,0,7,118,8,133,2,14,147,8,171,116,0,116,287
09/05/2021,JQF,NC,ASO,ES,Federal Contract Tower,9,5,23,0,37,0,10,86,0,96,9,15,109,0,133,70,0,70,203
09/06/2021,JQF,NC,ASO,ES,Federal Contract Tower,7,1,40,0,48,0,6,148,4,158,7,7,188,4,206,28,0,28,234
09/07/2021,JQF,NC,ASO,ES,Federal Contract Tower,6,5,57,0,68,0,12,150,3,165,6,17,207,3,233,34,0,34,267
09/08/2021,JQF,NC,ASO,ES,Federal Contract Tower,6,10,22,0,38,0,9,64,0,73,6,19,86,0,111,64,0,64,175
09/09/2021,JQF,NC,ASO,ES,Federal Contract Tower,8,16,65,2,91,0,13,101,1,115,8,29,166,3,206,32,0,32,238
09/10/2021,JQF,NC,ASO,ES,Federal Contract Tower,9,16,50,0,75,0,9,165,0,174,9,25,215,0,249,58,0,58,307
09/11/2021,JQF,NC,ASO,ES,Federal Contract Tower,11,9,25,0,45,0,11,132,0,143,11,20,157,0,188,60,0,60,248
09/12/2021,JQF,NC,ASO,ES,Federal Contract Tower,11,16,34,0,61,0,20,125,0,145,11,36,159,0,206,76,0,76,282
09/13/2021,JQF,NC,ASO,ES,Federal Contract Tower,10,12,31,0,53,0,8,122,0,130,10,20,153,0,183,52,0,52,235
09/14/2021,JQF,NC,ASO,ES,Federal Contract Tower,0,20,33,0,53,0,30,128,0,158,0,50,161,0,211,76,0,76,287
09/15/2021,JQF,NC,ASO,ES,Federal Contract Tower,0,7,45,0,52,0,15,142,0,157,0,22,187,0,209,118,0,118,327
09/16/2021,JQF,NC,ASO,ES,Federal Contract Tower,8,16,66,0,90,0,9,98,0,107,8,25,164,0,197,50,0,50,247
09/17/2021,JQF,NC,ASO,ES,Federal Contract Tower,10,14,56,0,80,0,9,67,0,76,10,23,123,0,156,84,0,84,240
09/18/2021,JQF,NC,ASO,ES,Federal Contract Tower,7,9,39,0,55,0,28,115,0,143,7,37,154,0,198,82,0,82,280
09/19/2021,JQF,NC,ASO,ES,Federal Contract Tower,12,10,62,0,84,0,4,106,0,110,12,14,168,0,194,28,0,28,222
09/20/2021,JQF,NC,ASO,ES,Federal Contract Tower,8,11,34,0,53,0,7,57,0,64,8,18,91,0,117,64,0,64,181
09/21/2021,JQF,NC,ASO,ES,Federal Contract Tower,0,17,27,0,44,0,1,0,0,1,0,18,27,0,45,6,0,6,51
09/22/2021,JQF,NC,ASO,ES,Federal Contract Tower,0,14,43,0,57,0,4,5,0,9,0,18,48,0,66,18,0,18,84
09/23/2021,JQF,NC,ASO,ES,Federal Contract Tower,8,10,45,0,63,0,15,189,0,204,8,25,234,0,267,94,0,94,361
09/24/2021,JQF,NC,ASO,ES,Federal Contract Tower,12,10,39,0,61,0,26,167,1,194,12,36,206,1,255,40,0,40,295
09/25/2021,JQF,NC,ASO,ES,Federal Contract Tower,5,8,25,0,38,0,4,143,0,147,5,12,168,0,185,104,0,104,289
09/26/2021,JQF,NC,ASO,ES,Federal Contract Tower,9,7,32,0,48,0,7,109,0,116,9,14,141,0,164,88,0,88,252
09/27/2021,JQF,NC,ASO,ES,Federal Contract Tower,15,12,40,1,68,0,14,135,1,150,15,26,175,2,218,72,0,72,290
09/28/2021,JQF,NC,ASO,ES,Federal Contract Tower,0,7,38,0,45,0,16,149,0,165,0,23,187,0,210,132,0,132,342
09/29/2021,JQF,NC,ASO,ES,Federal Contract Tower,0,11,33,0,44,0,15,145,0,160,0,26,178,0,204,140,0,140,344
09/30/2021,JQF,NC,ASO,ES,Federal Contract Tower,14,9,51,0,74,0,13,71,0,84,14,22,122,0,158,74,0,74,232
10/01/2021,JQF,NC,ASO,ES,Federal Contract Tower,15,14,46,0,75,0,14,130,0,144,15,28,176,0,219,94,0,94,313
10/02/2021,JQF,NC,ASO,ES,Federal Contract Tower,6,14,36,0,56,0,10,132,0,142,6,24,168,0,198,102,0,102,300
10/03/2021,JQF,NC,ASO,ES,Federal Contract Tower,11,22,51,0,84,0,2,92,0,94,11,24,143,0,178,52,0,52,230
10/04/2021,JQF,NC,ASO,ES,Federal Contract Tower,16,19,42,2,79,0,13,64,0,77,16,32,106,2,156,62,0,62,218
10/05/2021,JQF,NC,ASO,ES,Federal Contract Tower,5,9,38,0,52,0,16,110,0,126,5,25,148,0,178,128,0,128,306
10/06/2021,JQF,NC,ASO,ES,Federal Contract Tower,2,8,57,0,67,0,1,27,0,28,2,9,84,0,95,8,0,8,103
10/07/2021,JQF,NC,ASO,ES,Federal Contract Tower,14,17,49,0,80,0,0,0,0,0,14,17,49,0,80,0,0,0,80
10/08/2021,JQF,NC,ASO,ES,Federal Contract Tower,8,17,45,0,70,0,0,0,0,0,8,17,45,0,70,0,0,0,70
10/09/2021,JQF,NC,ASO,ES,Federal Contract Tower,4,13,50,0,67,0,2,37,0,39,4,15,87,0,106,2,0,2,108
10/10/2021,JQF,NC,ASO,ES,Federal Contract Tower,12,6,59,0,77,0,13,112,0,125,12,19,171,0,202,12,0,12,214
10/11/2021,JQF,NC,ASO,ES,Federal Contract Tower,12,14,68,0,94,0,7,24,0,31,12,21,92,0,125,122,0,122,247
10/12/2021,JQF,NC,ASO,ES,Federal Contract Tower,3,20,58,0,81,0,17,127,0,144,3,37,185,0,225,48,0,48,273
10/13/2021,JQF,NC,ASO,ES,Federal Contract Tower,2,18,51,0,71,0,11,150,2,163,2,29,201,2,234,58,0,58,292
10/14/2021,JQF,NC,ASO,ES,Federal Contract Tower,15,16,40,0,71,0,19,161,1,181,15,35,201,1,252,48,0,48,300
10/15/2021,JQF,NC,ASO,ES,Federal Contract Tower,14,17,37,0,68,0,11,136,0,147,14,28,173,0,215,28,0,28,243
10/16/2021,JQF,NC,ASO,ES,Federal Contract Tower,9,11,36,0,56,0,6,72,4,82,9,17,108,4,138,48,0,48,186
10/17/2021,JQF,NC,ASO,ES,Federal Contract Tower,19,9,50,0,78,0,6,82,0,88,19,15,132,0,166,72,0,72,238
10/18/2021,JQF,NC,ASO,ES,Federal Contract Tower,12,8,52,0,72,0,17,157,4,178,12,25,209,4,250,72,0,72,322
10/19/2021,JQF,NC,ASO,ES,Federal Contract Tower,2,11,50,0,63,0,20,117,2,139,2,31,167,2,202,118,0,118,320
10/20/2021,JQF,NC,ASO,ES,Federal Contract Tower,1,7,46,0,54,0,24,172,3,199,1,31,218,3,253,132,0,132,385
10/21/2021,JQF,NC,ASO,ES,Federal Contract Tower,10,9,36,0,55,0,19,138,8,165,10,28,174,8,220,78,0,78,298
10/22/2021,JQF,NC,ASO,ES,Federal Contract Tower,16,11,74,0,101,0,9,138,5,152,16,20,212,5,253,78,0,78,331
10/23/2021,JQF,NC,ASO,ES,Federal Contract Tower,13,2,24,0,39,0,17,200,3,220,13,19,224,3,259,92,0,92,351
10/24/2021,JQF,NC,ASO,ES,Federal Contract Tower,23,3,33,0,59,0,6,140,0,146,23,9,173,0,205,74,0,74,279
10/25/2021,JQF,NC,ASO,ES,Federal Contract Tower,12,9,75,0,96,0,16,92,3,111,12,25,167,3,207,46,0,46,253
10/26/2021,JQF,NC,ASO,ES,Federal Contract Tower,2,7,31,0,40,0,6,97,2,105,2,13,128,2,145,18,0,18,163
10/27/2021,JQF,NC,ASO,ES,Federal Contract Tower,2,12,38,0,52,0,10,162,16,188,2,22,200,16,240,78,0,78,318
10/28/2021,JQF,NC,ASO,ES,Federal Contract Tower,11,8,50,1,70,0,5,50,0,55,11,13,100,1,125,158,0,158,283
10/29/2021,JQF,NC,ASO,ES,Federal Contract Tower,14,11,53,1,79,0,7,51,3,61,14,18,104,4,140,106,0,106,246
10/30/2021,JQF,NC,ASO,ES,Federal Contract Tower,0,0,55,0,55,0,11,88,6,105,0,11,143,6,160,108,0,108,268
10/31/2021,JQF,NC,ASO,ES,Federal Contract Tower,10,6,49,0,65,0,14,104,0,118,10,20,153,0,183,40,0,40,223
11/01/2021,JQF,NC,ASO,ES,Federal Contract Tower,12,7,31,0,50,0,18,179,1,198,12,25,210,1,248,160,4,164,412
11/02/2021,JQF,NC,ASO,ES,Federal Contract Tower,0,11,49,0,60,0,13,156,2,171,0,24,205,2,231,138,0,138,369
11/03/2021,JQF,NC,ASO,ES,Federal Contract Tower,0,6,53,0,59,0,22,164,2,188,0,28,217,2,247,76,2,78,325
11/04/2021,JQF,NC,ASO,ES,Federal Contract Tower,15,15,56,0,86,0,7,23,2,32,15,22,79,2,118,239,6,245,363
11/05/2021,JQF,NC,ASO,ES,Federal Contract Tower,14,15,55,0,84,0,17,141,3,161,14,32,196,3,245,48,0,48,293
11/06/2021,JQF,NC,ASO,ES,Federal Contract Tower,0,6,34,2,42,0,10,95,0,105,0,16,129,2,147,30,0,30,177
11/07/2021,JQF,NC,ASO,ES,Federal Contract Tower,10,5,46,0,61,0,5,108,0,113,10,10,154,0,174,50,0,50,224
11/08/2021,JQF,NC,ASO,ES,Federal Contract Tower,20,6,50,0,76,0,14,148,2,164,20,20,198,2,240,96,0,96,336
11/09/2021,JQF,NC,ASO,ES,Federal Contract Tower,0,16,44,1,61,0,7,141,1,149,0,23,185,2,210,34,0,34,244
11/10/2021,JQF,NC,ASO,ES,Federal Contract Tower,1,16,55,0,72,0,17,180,3,200,1,33,235,3,272,85,0,85,357
11/11/2021,JQF,NC,ASO,ES,Federal Contract Tower,11,16,58,0,85,0,9,111,0,120,11,25,169,0,205,129,0,129,334
11/12/2021,JQF,NC,ASO,ES,Federal Contract Tower,19,12,49,0,80,0,17,124,0,141,19,29,173,0,221,78,0,78,299
11/13/2021,JQF,NC,ASO,ES,Federal Contract Tower,3,6,25,0,34,0,14,91,0,105,3,20,116,0,139,46,0,46,185
11/14/2021,JQF,NC,ASO,ES,Federal Contract Tower,11,10,41,0,62,0,8,114,20,142,11,18,155,20,204,28,4,32,236
11/15/2021,JQF,NC,ASO,ES,Federal Contract Tower,12,9,43,0,64,0,20,123,0,143,12,29,166,0,207,88,0,88,295
11/16/2021,JQF,NC,ASO,ES,Federal Contract Tower,0,19,60,0,79,0,12,134,2,148,0,31,194,2,227,90,2,92,319
11/17/2021,JQF,NC,ASO,ES,Federal Contract Tower,0,9,56,2,67,0,16,140,1,157,0,25,196,3,224,124,2,126,350
11/18/2021,JQF,NC,ASO,ES,Federal Contract Tower,14,13,40,2,69,0,24,102,0,126,14,37,142,2,195,82,0,82,277
11/19/2021,JQF,NC,ASO,ES,Federal Contract Tower,10,9,48,0,67,0,14,118,0,132,10,23,166,0,199,72,0,72,271
11/20/2021,JQF,NC,ASO,ES,Federal Contract Tower,4,13,37,0,54,0,14,147,2,163,4,27,184,2,217,72,0,72,289
11/21/2021,JQF,NC,ASO,ES,Federal Contract Tower,12,5,43,2,62,0,9,110,2,121,12,14,153,4,183,68,0,68,251
11/22/2021,JQF,NC,ASO,ES,Federal Contract Tower,10,7,38,1,56,0,15,60,0,75,10,22,98,1,131,30,6,36,167
11/23/2021,JQF,NC,ASO,ES,Federal Contract Tower,12,15,54,0,81,0,8,145,0,153,12,23,199,0,234,70,0,70,304
11/24/2021,JQF,NC,ASO,ES,Federal Contract Tower,12,10,46,0,68,0,17,96,0,113,12,27,142,0,181,60,0,60,241
11/25/2021,JQF,NC,ASO,ES,Federal Contract Tower,2,1,8,0,11,0,12,26,0,38,2,13,34,0,49,0,0,0,49
11/26/2021,JQF,NC,ASO,ES,Federal Contract Tower,8,8,21,0,37,0,6,34,0,40,8,14,55,0,77,0,0,0,77
11/27/2021,JQF,NC,ASO,ES,Federal Contract Tower,11,10,28,0,49,0,5,87,0,92,11,15,115,0,141,54,0,54,195
11/28/2021,JQF,NC,ASO,ES,Federal Contract Tower,14,4,49,0,67,0,5,100,0,105,14,9,149,0,172,82,0,82,254
11/29/2021,JQF,NC,ASO,ES,Federal Contract Tower,10,16,32,0,58,0,11,86,0,97,10,27,118,0,155,0,0,0,155
11/30/2021,JQF,NC,ASO,ES,Federal Contract Tower,0,14,57,1,72,0,21,135,0,156,0,35,192,1,228,78,0,78,306
12/01/2021,JQF,NC,ASO,ES,Federal Contract Tower,5,11,55,0,71,0,11,155,0,166,5,22,210,0,237,48,0,48,285
12/02/2021,JQF,NC,ASO,ES,Federal Contract Tower,8,10,65,0,83,0,7,126,6,139,8,17,191,6,222,100,0,100,322
12/03/2021,JQF,NC,ASO,ES,Federal Contract Tower,9,11,45,0,65,0,14,118,0,132,9,25,163,0,197,78,0,78,275
12/04/2021,JQF,NC,ASO,ES,Federal Contract Tower,0,8,28,2,38,0,9,100,0,109,0,17,128,2,147,104,0,104,251
12/05/2021,JQF,NC,ASO,ES,Federal Contract Tower,9,7,32,0,48,0,2,89,0,91,9,9,121,0,139,110,0,110,249
12/06/2021,JQF,NC,ASO,ES,Federal Contract Tower,8,4,50,0,62,0,4,54,0,58,8,8,104,0,120,10,0,10,130
12/07/2021,JQF,NC,ASO,ES,Federal Contract Tower,0,0,0,0,0,0,10,0,0,10,0,10,0,0,10,0,0,0,10
12/08/2021,JQF,NC,ASO,ES,Federal Contract Tower,3,12,47,0,62,0,13,57,0,70,3,25,104,0,132,52,2,54,186
12/09/2021,JQF,NC,ASO,ES,Federal Contract Tower,8,10,45,0,63,0,14,109,0,123,8,24,154,0,186,98,0,98,284
12/10/2021,JQF,NC,ASO,ES,Federal Contract Tower,11,8,67,0,86,0,0,2,0,2,11,8,69,0,88,0,0,0,88
12/11/2021,JQF,NC,ASO,ES,Federal Contract Tower,2,7,8,0,17,0,2,1,0,3,2,9,9,0,20,0,0,0,20
12/12/2021,JQF,NC,ASO,ES,Federal Contract Tower,8,6,52,0,66,0,11,146,2,159,8,17,198,2,225,140,0,140,365
12/13/2021,JQF,NC,ASO,ES,Federal Contract Tower,9,13,27,0,49,6,23,134,2,165,15,36,161,2,214,84,0,84,298
12/14/2021,JQF,NC,ASO,ES,Federal Contract Tower,0,13,51,0,64,0,11,162,5,178,0,24,213,5,242,158,0,158,400
12/15/2021,JQF,NC,ASO,ES,Federal Contract Tower,4,11,44,0,59,0,12,145,2,159,4,23,189,2,218,66,2,68,286
12/16/2021,JQF,NC,ASO,ES,Federal Contract Tower,8,14,43,0,65,0,8,110,0,118,8,22,153,0,183,114,0,114,297
12/17/2021,JQF,NC,ASO,ES,Federal Contract Tower,13,12,69,0,94,0,13,102,0,115,13,25,171,0,209,80,0,80,289
12/18/2021,JQF,NC,ASO,ES,Federal Contract Tower,12,2,30,0,44,0,0,1,0,1,12,2,31,0,45,0,0,0,45
12/19/2021,JQF,NC,ASO,ES,Federal Contract Tower,9,3,30,0,42,0,9,60,0,69,9,12,90,0,111,46,0,46,157
12/20/2021,JQF,NC,ASO,ES,Federal Contract Tower,15,12,59,1,87,0,5,149,5,159,15,17,208,6,246,58,0,58,304
12/21/2021,JQF,NC,ASO,ES,Federal Contract Tower,6,13,40,0,59,0,12,69,2,83,6,25,109,2,142,56,2,58,200
12/22/2021,JQF,NC,ASO,ES,Federal Contract Tower,7,8,37,0,52,0,36,135,0,171,7,44,172,0,223,20,0,20,243
12/23/2021,JQF,NC,ASO,ES,Federal Contract Tower,7,12,32,0,51,0,12,134,0,146,7,24,166,0,197,82,0,82,279
12/24/2021,JQF,NC,ASO,ES,Federal Contract Tower,6,7,9,0,22,0,6,49,0,55,6,13,58,0,77,10,0,10,87
12/25/2021,JQF,NC,ASO,ES,Federal Contract Tower,4,7,9,0,20,0,4,11,0,15,4,11,20,0,35,0,0,0,35
12/26/2021,JQF,NC,ASO,ES,Federal Contract Tower,11,7,42,0,60,0,3,99,0,102,11,10,141,0,162,54,0,54,216
12/27/2021,JQF,NC,ASO,ES,Federal Contract Tower,10,11,35,0,56,0,2,46,0,48,10,13,81,0,104,48,0,48,152
12/28/2021,JQF,NC,ASO,ES,Federal Contract Tower,9,7,41,0,57,0,4,33,0,37,9,11,74,0,94,50,0,50,144
12/29/2021,JQF,NC,ASO,ES,Federal Contract Tower,6,8,26,0,40,0,3,20,0,23,6,11,46,0,63,54,0,54,117
12/30/2021,JQF,NC,ASO,ES,Federal Contract Tower,4,24,36,0,64,0,0,0,0,0,4,24,36,0,64,0,0,0,64
12/31/2021,JQF,NC,ASO,ES,Federal Contract Tower,4,10,38,0,52,0,6,54,0,60,4,16,92,0,112,38,0,38,150
01/01/2022,JQF,NC,ASO,ES,Federal Contract Tower,5,5,15,0,25,0,4,2,0,6,5,9,17,0,31,0,0,0,31
01/02/2022,JQF,NC,ASO,ES,Federal Contract Tower,7,3,29,0,39,0,0,3,0,3,7,3,32,0,42,0,0,0,42
01/03/2022,JQF,NC,ASO,ES,Federal Contract Tower,4,6,25,0,35,0,8,40,0,48,4,14,65,0,83,32,0,32,115
01/04/2022,JQF,NC,ASO,ES,Federal Contract Tower,6,11,54,0,71,0,6,160,4,170,6,17,214,4,241,102,0,102,343
01/05/2022,JQF,NC,ASO,ES,Federal Contract Tower,5,11,44,0,60,0,12,95,4,111,5,23,139,4,171,24,0,24,195
01/06/2022,JQF,NC,ASO,ES,Federal Contract Tower,6,6,22,0,34,0,11,106,1,118,6,17,128,1,152,164,0,164,316
01/07/2022,JQF,NC,ASO,ES,Federal Contract Tower,12,6,30,0,48,0,11,105,0,116,12,17,135,0,164,90,0,90,254
01/08/2022,JQF,NC,ASO,ES,Federal Contract Tower,2,2,25,0,29,0,10,107,3,120,2,12,132,3,149,44,0,44,193
01/09/2022,JQF,NC,ASO,ES,Federal Contract Tower,8,2,13,0,23,0,1,1,0,2,8,3,14,0,25,52,0,52,77
01/10/2022,JQF,NC,ASO,ES,Federal Contract Tower,12,10,42,1,65,0,24,86,6,116,12,34,128,7,181,92,0,92,273
01/11/2022,JQF,NC,ASO,ES,Federal Contract Tower,1,8,39,0,48,0,13,122,11,146,1,21,161,11,194,118,6,124,318
01/12/2022,JQF,NC,ASO,ES,Federal Contract Tower,7,5,47,1,60,0,9,126,6,141,7,14,173,7,201,30,4,34,235
01/13/2022,JQF,NC,ASO,ES,Federal Contract Tower,9,6,40,0,55,0,2,135,2,139,9,8,175,2,194,90,0,90,284
01/14/2022,JQF,NC,ASO,ES,Federal Contract Tower,10,15,44,0,69,0,25,132,1,158,10,40,176,1,227,38,0,38,265
01/15/2022,JQF,NC,ASO,ES,Federal Contract Tower,4,5,22,0,31,0,0,83,0,83,4,5,105,0,114,110,0,110,224
01/16/2022,JQF,NC,ASO,ES,Federal Contract Tower,0,1,0,0,1,0,0,0,0,0,0,1,0,0,1,0,0,0,1
01/17/2022,JQF,NC,ASO,ES,Federal Contract Tower,8,8,10,0,26,0,3,4,0,7,8,11,14,0,33,2,0,2,35
01/18/2022,JQF,NC,ASO,ES,Federal Contract Tower,2,17,40,0,59,0,14,104,2,120,2,31,144,2,179,10,0,10,189
01/19/2022,JQF,NC,ASO,ES,Federal Contract Tower,4,8,47,0,59,0,7,126,4,137,4,15,173,4,196,12,0,12,208
01/20/2022,JQF,NC,ASO,ES,Federal Contract Tower,9,11,27,0,47,0,0,6,0,6,9,11,33,0,53,0,0,0,53
01/21/2022,JQF,NC,ASO,ES,Federal Contract Tower,8,6,11,0,25,0,12,20,0,32,8,18,31,0,57,0,0,0,57
01/22/2022,JQF,NC,ASO,ES,Federal Contract Tower,3,1,15,0,19,0,9,62,3,74,3,10,77,3,93,24,0,24,117
01/23/2022,JQF,NC,ASO,ES,Federal Contract Tower,8,2,26,0,36,0,5,131,6,142,8,7,157,6,178,50,2,52,230
01/24/2022,JQF,NC,ASO,ES,Federal Contract Tower,13,12,38,1,64,0,20,99,0,119,13,32,137,1,183,82,0,82,265
01/25/2022,JQF,NC,ASO,ES,Federal Contract Tower,3,13,46,0,62,0,11,130,0,141,3,24,176,0,203,158,0,158,361
01/26/2022,JQF,NC,ASO,ES,Federal Contract Tower,6,10,31,2,49,2,15,169,2,188,8,25,200,4,237,60,0,60,297
01/27/2022,JQF,NC,ASO,ES,Federal Contract Tower,7,10,46,0,63,0,11,183,2,196,7,21,229,2,259,136,0,136,395
01/28/2022,JQF,NC,ASO,ES,Federal Contract Tower,11,11,35,0,57,0,2,114,3,119,11,13,149,3,176,136,0,136,312
01/29/2022,JQF,NC,ASO,ES,Federal Contract Tower,4,8,11,0,23,0,2,16,0,18,4,10,27,0,41,38,0,38,79
01/30/2022,JQF,NC,ASO,ES,Federal Contract Tower,8,4,40,0,52,0,0,119,1,120,8,4,159,1,172,130,0,130,302
01/31/2022,JQF,NC,ASO,ES,Federal Contract Tower,11,10,39,0,60,0,16,121,0,137,11,26,160,0,197,92,0,92,289
02/01/2022,JQF,NC,ASO,ES,Federal Contract Tower,1,8,42,0,51,0,11,108,4,123,1,19,150,4,174,102,0,102,276
02/02/2022,JQF,NC,ASO,ES,Federal Contract Tower,7,8,49,0,64,0,24,132,1,157,7,32,181,1,221,94,0,94,315
02/03/2022,JQF,NC,ASO,ES,Federal Contract Tower,12,11,30,0,53,0,0,0,0,0,12,11,30,0,53,0,0,0,53
02/04/2022,JQF,NC,ASO,ES,Federal Contract Tower,12,6,18,0,36,0,1,3,0,4,12,7,21,0,40,0,0,0,40
02/05/2022,JQF,NC,ASO,ES,Federal Contract Tower,6,5,36,0,47,0,9,146,2,157,6,14,182,2,204,18,0,18,222
02/06/2022,JQF,NC,ASO,ES,Federal Contract Tower,9,3,40,0,52,0,13,112,0,125,9,16,152,0,177,28,0,28,205
02/07/2022,JQF,NC,ASO,ES,Federal Contract Tower,10,10,7,0,27,0,0,1,0,1,10,10,8,0,28,0,0,0,28
02/08/2022,JQF,NC,ASO,ES,Federal Contract Tower,0,4,33,0,37,0,11,96,0,107,0,15,129,0,144,96,0,96,240
02/09/2022,JQF,NC,ASO,ES,Federal Contract Tower,6,7,41,0,54,0,15,186,0,201,6,22,227,0,255,116,0,116,371
02/10/2022,JQF,NC,ASO,ES,Federal Contract Tower,9,11,41,0,61,0,9,133,2,144,9,20,174,2,205,114,0,114,319
02/11/2022,JQF,NC,ASO,ES,Federal Contract Tower,14,6,49,0,69,0,13,145,0,158,14,19,194,0,227,84,0,84,311
02/12/2022,JQF,NC,ASO,ES,Federal Contract Tower,4,5,31,0,40,0,8,144,0,152,4,13,175,0,192,122,0,122,314
02/13/2022,JQF,NC,ASO,ES,Federal Contract Tower,8,6,29,0,43,0,0,42,0,42,8,6,71,0,85,74,0,74,159
02/14/2022,JQF,NC,ASO,ES,Federal Contract Tower,10,14,26,0,50,0,7,112,2,121,10,21,138,2,171,36,0,36,207
02/15/2022,JQF,NC,ASO,ES,Federal Contract Tower,8,11,48,1,68,0,8,153,1,162,8,19,201,2,230,102,0,102,332
02/16/2022,JQF,NC,ASO,ES,Federal Contract Tower,4,12,63,1,80,0,9,112,1,122,4,21,175,2,202,106,0,106,308
02/17/2022,JQF,NC,ASO,ES,Federal Contract Tower,15,13,45,0,73,0,12,6,0,18,15,25,51,0,91,28,0,28,119
02/18/2022,JQF,NC,ASO,ES,Federal Contract Tower,6,11,44,0,61,0,27,78,0,105,6,38,122,0,166,52,0,52,218
02/19/2022,JQF,NC,ASO,ES,Federal Contract Tower,7,7,27,0,41,0,6,94,0,100,7,13,121,0,141,70,0,70,211
02/20/2022,JQF,NC,ASO,ES,Federal Contract Tower,18,7,54,0,79,0,7,134,3,144,18,14,188,3,223,100,0,100,323
02/21/2022,JQF,NC,ASO,ES,Federal Contract Tower,6,8,64,0,78,0,7,74,0,81,6,15,138,0,159,60,0,60,219
02/22/2022,JQF,NC,ASO,ES,Federal Contract Tower,4,18,34,0,56,0,9,40,0,49,4,27,74,0,105,42,0,42,147
02/23/2022,JQF,NC,ASO,ES,Federal Contract Tower,2,7,45,0,54,0,7,4,0,11,2,14,49,0,65,26,0,26,91
02/24/2022,JQF,NC,ASO,ES,Federal Contract Tower,12,13,33,0,58,0,0,0,0,0,12,13,33,0,58,0,0,0,58
02/25/2022,JQF,NC,ASO,ES,Federal Contract Tower,11,11,35,0,57,0,22,90,0,112,11,33,125,0,169,84,0,84,253
02/26/2022,JQF,NC,ASO,ES,Federal Contract Tower,4,3,54,0,61,0,4,157,5,166,4,7,211,5,227,89,0,89,316
02/27/2022,JQF,NC,ASO,ES,Federal Contract Tower,9,10,25,0,44,0,0,1,0,1,9,10,26,0,45,0,0,0,45
02/28/2022,JQF,NC,ASO,ES,Federal Contract Tower,9,9,50,0,68,0,18,202,1,221,9,27,252,1,289,100,0,100,389
03/01/2022,JQF,NC,ASO,ES,Federal Contract Tower,6,14,49,0,69,0,17,170,0,187,6,31,219,0,256,106,0,106,362
03/02/2022,JQF,NC,ASO,ES,Federal Contract Tower,5,8,42,0,55,0,14,186,0,200,5,22,228,0,255,118,0,118,373
03/03/2022,JQF,NC,ASO,ES,Federal Contract Tower,15,10,52,0,77,0,20,182,0,202,15,30,234,0,279,124,0,124,403
03/04/2022,JQF,NC,ASO,ES,Federal Contract Tower,11,12,43,0,66,0,13,160,1,174,11,25,203,1,240,140,0,140,380
03/05/2022,JQF,NC,ASO,ES,Federal Contract Tower,6,3,32,0,41,0,11,135,2,148,6,14,167,2,189,96,0,96,285
03/06/2022,JQF,NC,ASO,ES,Federal Contract Tower,11,4,54,1,70,0,8,46,1,55,11,12,100,2,125,4,0,4,129
03/07/2022,JQF,NC,ASO,ES,Federal Contract Tower,13,9,31,0,53,0,10,16,1,27,13,19,47,1,80,0,0,0,80
03/08/2022,JQF,NC,ASO,ES,Federal Contract Tower,2,9,46,3,60,0,8,127,0,135,2,17,173,3,195,46,0,46,241
03/09/2022,JQF,NC,ASO,ES,Federal Contract Tower,2,13,28,0,43,0,5,0,0,5,2,18,28,0,48,0,0,0,48
03/10/2022,JQF,NC,ASO,ES,Federal Contract Tower,10,5,35,1,51,0,7,31,0,38,10,12,66,1,89,16,0,16,105
03/11/2022,JQF,NC,ASO,ES,Federal Contract Tower,6,13,29,0,48,0,6,68,2,76,6,19,97,2,124,56,0,56,180
03/12/2022,JQF,NC,ASO,ES,Federal Contract Tower,3,7,8,0,18,0,9,4,2,15,3,16,12,2,33,2,0,2,35
03/13/2022,JQF,NC,ASO,ES,Federal Contract Tower,11,7,33,0,51,0,1,179,6,186,11,8,212,6,237,58,0,58,295
03/14/2022,JQF,NC,ASO,ES,Federal Contract Tower,11,13,44,0,68,0,10,210,1,221,11,23,254,1,289,100,0,100,389
03/15/2022,JQF,NC,ASO,ES,Federal Contract Tower,2,5,39,0,46,0,9,186,1,196,2,14,225,1,242,82,0,82,324
03/16/2022,JQF,NC,ASO,ES,Federal Contract Tower,4,8,38,0,50,0,2,42,0,44,4,10,80,0,94,64,0,64,158
03/17/2022,JQF,NC,ASO,ES,Federal Contract Tower,13,11,40,0,64,0,9,92,0,101,13,20,132,0,165,21,0,21,186
03/18/2022,JQF,NC,ASO,ES,Federal Contract Tower,17,8,34,0,59,0,14,90,2,106,17,22,124,2,165,80,0,80,245
03/19/2022,JQF,NC,ASO,ES,Federal Contract Tower,7,5,26,0,38,0,11,4,0,15,7,16,30,0,53,0,0,0,53
03/20/2022,JQF,NC,ASO,ES,Federal Contract Tower,17,5,53,0,75,0,5,121,4,130,17,10,174,4,205,72,0,72,277
03/21/2022,JQF,NC,ASO,ES,Federal Contract Tower,6,6,33,0,45,0,13,208,3,224,6,19,241,3,269,60,0,60,329
03/22/2022,JQF,NC,ASO,ES,Federal Contract Tower,2,4,51,2,59,0,9,178,1,188,2,13,229,3,247,102,0,102,349
03/23/2022,JQF,NC,ASO,ES,Federal Contract Tower,2,7,23,0,32,0,7,4,0,11,2,14,27,0,43,0,0,0,43
03/24/2022,JQF,NC,ASO,ES,Federal Contract Tower,10,7,61,0,78,0,9,120,0,129,10,16,181,0,207,102,0,102,309
03/25/2022,JQF,NC,ASO,ES,Federal Contract Tower,16,15,48,0,79,0,6,161,2,169,16,21,209,2,248,20,0,20,268
03/26/2022,JQF,NC,ASO,ES,Federal Contract Tower,5,2,25,0,32,0,4,27,0,31,5,6,52,0,63,34,0,34,97
03/27/2022,JQF,NC,ASO,ES,Federal Contract Tower,17,6,29,0,52,0,12,105,0,117,17,18,134,0,169,64,0,64,233
03/28/2022,JQF,NC,ASO,ES,Federal Contract Tower,6,5,27,2,40,0,9,108,5,122,6,14,135,7,162,0,0,0,162
03/29/2022,JQF,NC,ASO,ES,Federal Contract Tower,2,20,51,0,73,0,56,198,4,258,2,76,249,4,331,96,0,96,427
03/30/2022,JQF,NC,ASO,ES,Federal Contract Tower,4,14,59,1,78,0,9,53,5,67,4,23,112,6,145,103,0,103,248
03/31/2022,JQF,NC,ASO,ES,Federal Contract Tower,10,12,20,0,42,0,7,6,0,13,10,19,26,0,55,0,0,0,55
04/01/2022,JQF,NC,ASO,ES,Federal Contract Tower,14,12,46,1,73,0,11,102,0,113,14,23,148,1,186,24,0,24,210
04/02/2022,JQF,NC,ASO,ES,Federal Contract Tower,5,1,24,0,30,0,8,162,5,175,5,9,186,5,205,146,0,146,351
04/03/2022,JQF,NC,ASO,ES,Federal Contract Tower,21,4,50,0,75,0,6,84,4,94,21,10,134,4,169,54,0,54,223
04/04/2022,JQF,NC,ASO,ES,Federal Contract Tower,6,27,56,0,89,0,3,164,0,167,6,30,220,0,256,184,0,184,440
04/05/2022,JQF,NC,ASO,ES,Federal Contract Tower,2,15,46,0,63,0,6,22,0,28,2,21,68,0,91,52,0,52,143
04/06/2022,JQF,NC,ASO,ES,Federal Contract Tower,4,14,56,0,74,0,12,115,1,128,4,26,171,1,202,122,0,122,324
04/07/2022,JQF,NC,ASO,ES,Federal Contract Tower,9,10,51,1,71,0,12,39,0,51,9,22,90,1,122,36,0,36,158
04/08/2022,JQF,NC,ASO,ES,Federal Contract Tower,6,13,54,0,73,0,5,98,0,103,6,18,152,0,176,20,0,20,196
04/09/2022,JQF,NC,ASO,ES,Federal Contract Tower,6,5,32,0,43,0,9,102,0,111,6,14,134,0,154,92,0,92,246
04/10/2022,JQF,NC,ASO,ES,Federal Contract Tower,10,14,38,0,62,0,3,170,0,173,10,17,208,0,235,124,0,124,359
04/11/2022,JQF,NC,ASO,ES,Federal Contract Tower,8,7,44,1,60,0,8,147,3,158,8,15,191,4,218,76,0,76,294
04/12/2022,JQF,NC,ASO,ES,Federal Contract Tower,4,8,42,3,57,0,20,142,0,162,4,28,184,3,219,154,0,154,373
04/13/2022,JQF,NC,ASO,ES,Federal Contract Tower,6,16,56,2,80,0,12,142,2,156,6,28,198,4,236,82,0,82,318
04/14/2022,JQF,NC,ASO,ES,Federal Contract Tower,10,13,64,0,87,0,15,82,0,97,10,28,146,0,184,120,6,126,310
04/15/2022,JQF,NC,ASO,ES,Federal Contract Tower,11,12,50,0,73,0,10,227,0,237,11,22,277,0,310,162,0,162,472
04/16/2022,JQF,NC,ASO,ES,Federal Contract Tower,11,0,47,0,58,0,12,57,0,69,11,12,104,0,127,84,0,84,211
04/17/2022,JQF,NC,ASO,ES,Federal Contract Tower,15,8,34,0,57,0,7,122,0,129,15,15,156,0,186,104,0,104,290
04/18/2022,JQF,NC,ASO,ES,Federal Contract Tower,13,16,51,0,80,0,7,10,0,17,13,23,61,0,97,8,0,8,105
04/19/2022,JQF,NC,ASO,ES,Federal Contract Tower,2,9,32,5,48,0,22,128,0,150,2,31,160,5,198,48,0,48,246
04/20/2022,JQF,NC,ASO,ES,Federal Contract Tower,4,6,60,0,70,0,22,168,0,190,4,28,228,0,260,60,0,60,320
04/21/2022,JQF,NC,ASO,ES,Federal Contract Tower,10,6,31,0,47,0,34,114,8,156,10,40,145,8,203,114,2,116,319
04/22/2022,JQF,NC,ASO,ES,Federal Contract Tower,15,9,47,0,71,0,18,180,0,198,15,27,227,0,269,94,0,94,363
04/23/2022,JQF,NC,ASO,ES,Federal Contract Tower,9,11,47,0,67,0,6,148,0,154,9,17,195,0,221,44,0,44,265
04/24/2022,JQF,NC,ASO,ES,Federal Contract Tower,21,8,67,0,96,0,11,125,0,136,21,19,192,0,232,44,0,44,276
04/25/2022,JQF,NC,ASO,ES,Federal Contract Tower,6,9,46,0,61,0,12,134,0,146,6,21,180,0,207,94,0,94,301
04/26/2022,JQF,NC,ASO,ES,Federal Contract Tower,2,12,42,0,56,0,14,77,0,91,2,26,119,0,147,74,0,74,221
04/27/2022,JQF,NC,ASO,ES,Federal Contract Tower,2,9,45,0,56,0,36,152,0,188,2,45,197,0,244,112,6,118,362
04/28/2022,JQF,NC,ASO,ES,Federal Contract Tower,12,8,74,0,94,0,14,169,0,183,12,22,243,0,277,104,0,104,381
04/29/2022,JQF,NC,ASO,ES,Federal Contract Tower,16,14,39,0,69,0,15,187,0,202,16,29,226,0,271,106,0,106,377
04/30/2022,JQF,NC,ASO,ES,Federal Contract Tower,9,8,36,0,53,0,8,152,0,160,9,16,188,0,213,104,0,104,317
05/01/2022,JQF,NC,ASO,ES,Federal Contract Tower,13,8,55,0,76,0,1,75,0,76,13,9,130,0,152,86,0,86,238
05/02/2022,JQF,NC,ASO,ES,Federal Contract Tower,18,11,64,0,93,0,23,105,0,128,18,34,169,0,221,80,0,80,301
05/03/2022,JQF,NC,ASO,ES,Federal Contract Tower,2,14,38,0,54,0,13,131,0,144,2,27,169,0,198,78,0,78,276
05/04/2022,JQF,NC,ASO,ES,Federal Contract Tower,2,12,56,0,70,0,24,110,16,150,2,36,166,16,220,72,0,72,292
05/05/2022,JQF,NC,ASO,ES,Federal Contract Tower,8,16,61,0,85,0,14,137,0,151,8,30,198,0,236,162,4,166,402
05/06/2022,JQF,NC,ASO,ES,Federal Contract Tower,5,9,37,0,51,0,6,10,0,16,5,15,47,0,67,26,0,26,93
05/07/2022,JQF,NC,ASO,ES,Federal Contract Tower,5,2,34,0,41,0,5,107,0,112,5,7,141,0,153,54,0,54,207
05/08/2022,JQF,NC,ASO,ES,Federal Contract Tower,8,10,42,0,60,0,2,75,0,77,8,12,117,0,137,68,0,68,205
05/09/2022,JQF,NC,ASO,ES,Federal Contract Tower,9,6,42,0,57,0,7,136,4,147,9,13,178,4,204,106,0,106,310
05/10/2022,JQF,NC,ASO,ES,Federal Contract Tower,2,11,54,4,71,0,18,94,6,118,2,29,148,10,189,20,0,20,209
05/11/2022,JQF,NC,ASO,ES,Federal Contract Tower,4,8,39,0,51,0,17,164,13,194,4,25,203,13,245,76,0,76,321
05/12/2022,JQF,NC,ASO,ES,Federal Contract Tower,8,6,68,1,83,0,11,59,4,74,8,17,127,5,157,10,0,10,167
05/13/2022,JQF,NC,ASO,ES,Federal Contract Tower,8,7,49,0,64,0,8,20,0,28,8,15,69,0,92,36,0,36,128
05/14/2022,JQF,NC,ASO,ES,Federal Contract Tower,10,10,47,0,67,0,4,84,0,88,10,14,131,0,155,42,0,42,197
05/15/2022,JQF,NC,ASO,ES,Federal Contract Tower,16,2,49,0,67,0,2,90,0,92,16,4,139,0,159,92,0,92,251
05/16/2022,JQF,NC,ASO,ES,Federal Contract Tower,9,15,39,0,63,0,17,111,2,130,9,32,150,2,193,60,0,60,253
05/17/2022,JQF,NC,ASO,ES,Federal Contract Tower,2,4,46,0,52,0,13,137,0,150,2,17,183,0,202,118,0,118,320
05/18/2022,JQF,NC,ASO,ES,Federal Contract Tower,4,6,42,2,54,0,15,141,4,160,4,21,183,6,214,132,0,132,346
05/19/2022,JQF,NC,ASO,ES,Federal Contract Tower,8,9,54,0,71,0,16,104,0,120,8,25,158,0,191,106,0,106,297
05/20/2022,JQF,NC,ASO,ES,Federal Contract Tower,10,9,35,1,55,0,10,177,2,189,10,19,212,3,244,52,0,52,296
05/21/2022,JQF,NC,ASO,ES,Federal Contract Tower,8,4,36,0,48,0,1,129,0,130,8,5,165,0,178,70,0,70,248
05/22/2022,JQF,NC,ASO,ES,Federal Contract Tower,9,3,51,0,63,0,3,93,0,96,9,6,144,0,159,46,0,46,205
05/23/2022,JQF,NC,ASO,ES,Federal Contract Tower,18,16,39,0,73,0,8,58,0,66,18,24,97,0,139,46,0,46,185
05/24/2022,JQF,NC,ASO,ES,Federal Contract Tower,2,15,59,0,76,0,27,35,2,64,2,42,94,2,140,108,0,108,248
05/25/2022,JQF,NC,ASO,ES,Federal Contract Tower,4,8,77,0,89,0,12,26,0,38,4,20,103,0,127,46,0,46,173
05/26/2022,JQF,NC,ASO,ES,Federal Contract Tower,4,11,57,0,72,0,3,5,0,8,4,14,62,0,80,4,0,4,84
05/27/2022,JQF,NC,ASO,ES,Federal Contract Tower,8,13,53,0,74,0,14,96,4,114,8,27,149,4,188,22,0,22,210
05/28/2022,JQF,NC,ASO,ES,Federal Contract Tower,0,5,57,0,62,0,12,189,7,208,0,17,246,7,270,34,0,34,304
05/29/2022,JQF,NC,ASO,ES,Federal Contract Tower,4,16,38,0,58,0,77,141,16,234,4,93,179,16,292,0,0,0,292
05/30/2022,JQF,NC,ASO,ES,Federal Contract Tower,8,7,54,0,69,0,9,203,3,215,8,16,257,3,284,36,0,36,320
05/31/2022,JQF,NC,ASO,ES,Federal Contract Tower,3,8,56,0,67,0,27,159,0,186,3,35,215,0,253,46,0,46,299
06/01/2022,JQF,NC,ASO,ES,Federal Contract Tower,2,9,54,0,65,0,11,111,2,124,2,20,165,2,189,72,0,72,261
06/02/2022,JQF,NC,ASO,ES,Federal Contract Tower,5,12,49,2,68,0,29,111,11,151,5,41,160,13,219,68,0,68,287
06/03/2022,JQF,NC,ASO,ES,Federal Contract Tower,17,8,57,0,82,0,14,108,0,122,17,22,165,0,204,80,0,80,284
06/04/2022,JQF,NC,ASO,ES,Federal Contract Tower,0,3,36,0,39,0,9,162,0,171,0,12,198,0,210,44,0,44,254
06/05/2022,JQF,NC,ASO,ES,Federal Contract Tower,15,4,49,0,68,2,3,120,3,128,17,7,169,3,196,26,0,26,222
06/06/2022,JQF,NC,ASO,ES,Federal Contract Tower,7,11,39,0,57,0,10,170,13,193,7,21,209,13,250,42,0,42,292
06/07/2022,JQF,NC,ASO,ES,Federal Contract Tower,1,5,64,3,73,0,9,79,6,94,1,14,143,9,167,58,10,68,235
06/08/2022,JQF,NC,ASO,ES,Federal Contract Tower,2,8,36,0,46,0,10,95,2,107,2,18,131,2,153,48,0,48,201
06/09/2022,JQF,NC,ASO,ES,Federal Contract Tower,4,12,44,1,61,0,7,156,4,167,4,19,200,5,228,66,0,66,294
06/10/2022,JQF,NC,ASO,ES,Federal Contract Tower,10,9,46,0,65,0,12,145,1,158,10,21,191,1,223,118,0,118,341
06/11/2022,JQF,NC,ASO,ES,Federal Contract Tower,3,5,16,2,26,0,9,131,0,140,3,14,147,2,166,54,0,54,220
06/12/2022,JQF,NC,ASO,ES,Federal Contract Tower,5,6,39,0,50,0,14,93,0,107,5,20,132,0,157,22,0,22,179
06/13/2022,JQF,NC,ASO,ES,Federal Contract Tower,8,8,31,0,47,0,17,132,0,149,8,25,163,0,196,100,0,100,296
06/14/2022,JQF,NC,ASO,ES,Federal Contract Tower,0,14,39,0,53,0,8,76,2,86,0,22,115,2,139,116,0,116,255
06/15/2022,JQF,NC,ASO,ES,Federal Contract Tower,2,11,44,0,57,0,14,132,0,146,2,25,176,0,203,62,2,64,267
06/16/2022,JQF,NC,ASO,ES,Federal Contract Tower,4,7,40,0,51,0,3,82,0,85,4,10,122,0,136,44,0,44,180
06/17/2022,JQF,NC,ASO,ES,Federal Contract Tower,8,19,17,0,44,0,7,102,0,109,8,26,119,0,153,20,0,20,173
06/18/2022,JQF,NC,ASO,ES,Federal Contract Tower,1,6,36,0,43,0,9,133,0,142,1,15,169,0,185,24,0,24,209
06/19/2022,JQF,NC,ASO,ES,Federal Contract Tower,4,1,27,0,32,0,3,133,2,138,4,4,160,2,170,52,0,52,222
06/20/2022,JQF,NC,ASO,ES,Federal Contract Tower,7,13,36,0,56,0,4,159,2,165,7,17,195,2,221,80,0,80,301
06/21/2022,JQF,NC,ASO,ES,Federal Contract Tower,0,10,52,3,65,0,14,146,12,172,0,24,198,15,237,54,0,54,291
06/22/2022,JQF,NC,ASO,ES,Federal Contract Tower,2,8,42,0,52,0,21,122,0,143,2,29,164,0,195,106,0,106,301
06/23/2022,JQF,NC,ASO,ES,Federal Contract Tower,3,8,33,0,44,0,10,109,2,121,3,18,142,2,165,114,0,114,279
06/24/2022,JQF,NC,ASO,ES,Federal Contract Tower,19,13,44,0,76,0,11,93,2,106,19,24,137,2,182,78,0,78,260
06/25/2022,JQF,NC,ASO,ES,Federal Contract Tower,4,6,37,0,47,0,6,106,4,116,4,12,143,4,163,70,0,70,233
06/26/2022,JQF,NC,ASO,ES,Federal Contract Tower,8,6,37,0,51,0,2,127,2,131,8,8,164,2,182,48,0,48,230
06/27/2022,JQF,NC,ASO,ES,Federal Contract Tower,9,12,39,0,60,0,6,87,0,93,9,18,126,0,153,66,0,66,219
06/28/2022,JQF,NC,ASO,ES,Federal Contract Tower,2,18,60,0,80,0,26,127,0,153,2,44,187,0,233,24,0,24,257
06/29/2022,JQF,NC,ASO,ES,Federal Contract Tower,3,20,68,0,91,0,10,71,10,91,3,30,139,10,182,26,0,26,208
06/30/2022,JQF,NC,ASO,ES,Federal Contract Tower,6,14,51,0,71,0,15,108,0,123,6,29,159,0,194,50,0,50,244
07/01/2022,JQF,NC,ASO,ES,Federal Contract Tower,11,21,47,0,79,0,8,49,0,57,11,29,96,0,136,20,0,20,156
07/02/2022,JQF,NC,ASO,ES,Federal Contract Tower,4,3,30,0,37,0,5,91,0,96,4,8,121,0,133,16,0,16,149
07/03/2022,JQF,NC,ASO,ES,Federal Contract Tower,12,2,37,0,51,0,0,91,2,93,12,2,128,2,144,46,0,46,190
07/04/2022,JQF,NC,ASO,ES,Federal Contract Tower,8,1,26,0,35,0,2,70,0,72,8,3,96,0,107,74,0,74,181
07/05/2022,JQF,NC,ASO,ES,Federal Contract Tower,2,10,34,0,46,0,6,58,0,64,2,16,92,0,110,20,0,20,130
07/06/2022,JQF,NC,ASO,ES,Federal Contract Tower,2,8,50,0,60,0,13,164,3,180,2,21,214,3,240,40,0,40,280
07/07/2022,JQF,NC,ASO,ES,Federal Contract Tower,1,6,33,0,40,0,11,128,1,140,1,17,161,1,180,34,0,34,214
07/08/2022,JQF,NC,ASO,ES,Federal Contract Tower,20,7,46,0,73,0,8,62,0,70,20,15,108,0,143,76,0,76,219
07/09/2022,JQF,NC,ASO,ES,Federal Contract Tower,5,2,26,0,33,0,2,79,0,81,5,4,105,0,114,42,0,42,156
07/10/2022,JQF,NC,ASO,ES,Federal Contract Tower,14,5,41,0,60,0,0,0,0,0,14,5,41,0,60,0,0,0,60
07/11/2022,JQF,NC,ASO,ES,Federal Contract Tower,10,11,59,0,80,0,12,152,2,166,10,23,211,2,246,72,0,72,318
07/12/2022,JQF,NC,ASO,ES,Federal Contract Tower,1,13,58,0,72,0,8,182,8,198,1,21,240,8,270,52,0,52,322
07/13/2022,JQF,NC,ASO,ES,Federal Contract Tower,4,17,56,0,77,0,17,110,0,127,4,34,166,0,204,36,0,36,240
07/14/2022,JQF,NC,ASO,ES,Federal Contract Tower,3,14,66,0,83,0,18,124,2,144,3,32,190,2,227,122,0,122,349
07/15/2022,JQF,NC,ASO,ES,Federal Contract Tower,17,11,40,0,68,0,8,159,0,167,17,19,199,0,235,122,0,122,357
07/16/2022,JQF,NC,ASO,ES,Federal Contract Tower,6,3,41,0,50,0,1,110,0,111,6,4,151,0,161,142,0,142,303
07/17/2022,JQF,NC,ASO,ES,Federal Contract Tower,8,4,55,0,67,0,2,101,4,107,8,6,156,4,174,48,0,48,222
07/18/2022,JQF,NC,ASO,ES,Federal Contract Tower,8,8,47,0,63,0,10,132,2,144,8,18,179,2,207,92,0,92,299
07/19/2022,JQF,NC,ASO,ES,Federal Contract Tower,0,5,41,0,46,0,11,135,2,148,0,16,176,2,194,98,0,98,292
07/20/2022,JQF,NC,ASO,ES,Federal Contract Tower,7,4,46,0,57,0,22,141,0,163,7,26,187,0,220,84,0,84,304
07/21/2022,JQF,NC,ASO,ES,Federal Contract Tower,0,12,57,1,70,0,13,80,0,93,0,25,137,1,163,70,0,70,233
07/22/2022,JQF,NC,ASO,ES,Federal Contract Tower,18,4,47,0,69,0,15,146,3,164,18,19,193,3,233,56,0,56,289
07/23/2022,JQF,NC,ASO,ES,Federal Contract Tower,2,4,36,0,42,0,6,112,5,123,2,10,148,5,165,146,0,146,311
07/24/2022,JQF,NC,ASO,ES,Federal Contract Tower,16,0,33,0,49,0,2,80,2,84,16,2,113,2,133,136,0,136,269
07/25/2022,JQF,NC,ASO,ES,Federal Contract Tower,8,6,40,0,54,0,10,88,0,98,8,16,128,0,152,76,0,76,228
07/26/2022,JQF,NC,ASO,ES,Federal Contract Tower,0,4,35,0,39,0,10,90,4,104,0,14,125,4,143,48,0,48,191
07/27/2022,JQF,NC,ASO,ES,Federal Contract Tower,4,4,48,0,56,0,8,152,0,160,4,12,200,0,216,60,0,60,276
07/28/2022,JQF,NC,ASO,ES,Federal Contract Tower,4,11,39,1,55,0,6,132,1,139,4,17,171,2,194,64,0,64,258
07/29/2022,JQF,NC,ASO,ES,Federal Contract Tower,15,9,38,0,62,0,9,114,4,127,15,18,152,4,189,46,0,46,235
07/30/2022,JQF,NC,ASO,ES,Federal Contract Tower,4,0,34,0,38,0,2,114,5,121,4,2,148,5,159,78,0,78,237
07/31/2022,JQF,NC,ASO,ES,Federal Contract Tower,15,5,50,0,70,0,2,24,0,26,15,7,74,0,96,52,0,52,148
08/01/2022,JQF,NC,ASO,ES,Federal Contract Tower,10,10,23,0,43,0,14,116,0,130,10,24,139,0,173,84,0,84,257
08/02/2022,JQF,NC,ASO,ES,Federal Contract Tower,3,7,41,0,51,0,15,136,6,157,3,22,177,6,208,98,0,98,306
08/03/2022,JQF,NC,ASO,ES,Federal Contract Tower,4,6,48,0,58,0,14,181,4,199,4,20,229,4,257,86,0,86,343
08/04/2022,JQF,NC,ASO,ES,Federal Contract Tower,6,6,48,0,60,0,11,184,2,197,6,17,232,2,257,50,2,52,309
08/05/2022,JQF,NC,ASO,ES,Federal Contract Tower,16,7,54,0,77,0,7,68,0,75,16,14,122,0,152,90,0,90,242
08/06/2022,JQF,NC,ASO,ES,Federal Contract Tower,3,6,36,0,45,0,0,47,0,47,3,6,83,0,92,96,0,96,188
08/07/2022,JQF,NC,ASO,ES,Federal Contract Tower,12,4,49,0,65,0,4,66,0,70,12,8,115,0,135,84,0,84,219
08/08/2022,JQF,NC,ASO,ES,Federal Contract Tower,8,12,21,0,41,0,13,111,2,126,8,25,132,2,167,78,0,78,245
08/09/2022,JQF,NC,ASO,ES,Federal Contract Tower,3,10,29,0,42,0,27,135,2,164,3,37,164,2,206,114,0,114,320
08/10/2022,JQF,NC,ASO,ES,Federal Contract Tower,6,9,55,0,70,0,8,102,2,112,6,17,157,2,182,90,0,90,272
08/11/2022,JQF,NC,ASO,ES,Federal Contract Tower,9,8,56,0,73,0,16,79,0,95,9,24,135,0,168,86,0,86,254
08/12/2022,JQF,NC,ASO,ES,Federal Contract Tower,11,15,40,0,66,0,19,151,0,170,11,34,191,0,236,126,0,126,362
08/13/2022,JQF,NC,ASO,ES,Federal Contract Tower,10,4,38,0,52,0,14,166,4,184,10,18,204,4,236,96,0,96,332
08/14/2022,JQF,NC,ASO,ES,Federal Contract Tower,18,3,52,0,73,0,3,162,5,170,18,6,214,5,243,122,0,122,365
08/15/2022,JQF,NC,ASO,ES,Federal Contract Tower,6,7,40,0,53,0,9,109,2,120,6,16,149,2,173,96,0,96,269
08/16/2022,JQF,NC,ASO,ES,Federal Contract Tower,1,10,69,0,80,0,9,12,0,21,1,19,81,0,101,0,0,0,101
08/17/2022,JQF,NC,ASO,ES,Federal Contract Tower,1,6,44,0,51,0,18,185,0,203,1,24,229,0,254,128,0,128,382
08/18/2022,JQF,NC,ASO,ES,Federal Contract Tower,7,11,67,2,87,0,12,170,0,182,7,23,237,2,269,66,0,66,335
08/19/2022,JQF,NC,ASO,ES,Federal Contract Tower,14,5,34,0,53,0,18,95,2,115,14,23,129,2,168,62,0,62,230
08/20/2022,JQF,NC,ASO,ES,Federal Contract Tower,6,6,37,0,49,0,5,92,2,99,6,11,129,2,148,40,0,40,188
08/21/2022,JQF,NC,ASO,ES,Federal Contract Tower,14,6,24,3,47,0,2,20,0,22,14,8,44,3,69,20,0,20,89
08/22/2022,JQF,NC,ASO,ES,Federal Contract Tower,8,12,43,0,63,0,6,75,0,81,8,18,118,0,144,102,0,102,246
08/23/2022,JQF,NC,ASO,ES,Federal Contract Tower,0,16,46,2,64,0,10,158,0,168,0,26,204,2,232,132,0,132,364
08/24/2022,JQF,NC,ASO,ES,Federal Contract Tower,0,7,44,6,57,0,13,193,6,212,0,20,237,12,269,156,0,156,425
08/25/2022,JQF,NC,ASO,ES,Federal Contract Tower,7,7,54,4,72,0,17,102,0,119,7,24,156,4,191,118,0,118,309
08/26/2022,JQF,NC,ASO,ES,Federal Contract Tower,17,10,58,0,85,0,17,101,0,118,17,27,159,0,203,54,0,54,257
08/27/2022,JQF,NC,ASO,ES,Federal Contract Tower,12,8,45,0,65,0,1,178,2,181,12,9,223,2,246,64,0,64,310
08/28/2022,JQF,NC,ASO,ES,Federal Contract Tower,19,1,51,0,71,0,10,113,6,129,19,11,164,6,200,52,0,52,252
08/29/2022,JQF,NC,ASO,ES,Federal Contract Tower,9,8,31,0,48,0,12,127,0,139,9,20,158,0,187,104,0,104,291
08/30/2022,JQF,NC,ASO,ES,Federal Contract Tower,0,7,54,0,61,0,7,59,0,66,0,14,113,0,127,52,0,52,179
08/31/2022,JQF,NC,ASO,ES,Federal Contract Tower,0,10,72,1,83,0,18,155,0,173,0,28,227,1,256,138,0,138,394
09/01/2022,JQF,NC,ASO,ES,Federal Contract Tower,6,6,62,0,74,0,4,154,2,160,6,10,216,2,234,78,4,82,316
09/02/2022,JQF,NC,ASO,ES,Federal Contract Tower,6,6,57,0,69,0,15,159,3,177,6,21,216,3,246,54,0,54,300
09/03/2022,JQF,NC,ASO,ES,Federal Contract Tower,0,0,23,0,23,0,2,170,0,172,0,2,193,0,195,46,0,46,241
09/04/2022,JQF,NC,ASO,ES,Federal Contract Tower,7,2,29,0,38,0,4,19,0,23,7,6,48,0,61,32,0,32,93
09/05/2022,JQF,NC,ASO,ES,Federal Contract Tower,11,0,39,0,50,0,0,2,0,2,11,0,41,0,52,0,0,0,52
09/06/2022,JQF,NC,ASO,ES,Federal Contract Tower,6,8,45,0,59,0,12,51,2,65,6,20,96,2,124,112,0,112,236
09/07/2022,JQF,NC,ASO,ES,Federal Contract Tower,2,10,43,0,55,0,11,136,2,149,2,21,179,2,204,104,0,104,308
09/08/2022,JQF,NC,ASO,ES,Federal Contract Tower,6,13,67,0,86,0,12,98,7,117,6,25,165,7,203,136,0,136,339
09/09/2022,JQF,NC,ASO,ES,Federal Contract Tower,15,8,52,1,76,0,13,175,0,188,15,21,227,1,264,46,0,46,310
09/10/2022,JQF,NC,ASO,ES,Federal Contract Tower,4,5,27,0,36,0,0,0,0,0,4,5,27,0,36,0,0,0,36
09/11/2022,JQF,NC,ASO,ES,Federal Contract Tower,11,12,30,0,53,0,4,22,0,26,11,16,52,0,79,22,0,22,101
09/12/2022,JQF,NC,ASO,ES,Federal Contract Tower,7,8,47,0,62,0,11,115,4,130,7,19,162,4,192,60,0,60,252
09/13/2022,JQF,NC,ASO,ES,Federal Contract Tower,0,10,33,0,43,0,13,164,0,177,0,23,197,0,220,74,0,74,294
09/14/2022,JQF,NC,ASO,ES,Federal Contract Tower,0,15,53,0,68,0,15,184,1,200,0,30,237,1,268,100,0,100,368
09/15/2022,JQF,NC,ASO,ES,Federal Contract Tower,11,10,54,2,77,0,20,179,0,199,11,30,233,2,276,98,0,98,374
09/16/2022,JQF,NC,ASO,ES,Federal Contract Tower,15,4,39,0,58,0,7,175,0,182,15,11,214,0,240,74,0,74,314
09/17/2022,JQF,NC,ASO,ES,Federal Contract Tower,4,3,34,0,41,0,2,175,0,177,4,5,209,0,218,84,0,84,302
09/18/2022,JQF,NC,ASO,ES,Federal Contract Tower,15,4,43,0,62,0,6,129,0,135,15,10,172,0,197,52,0,52,249
09/19/2022,JQF,NC,ASO,ES,Federal Contract Tower,9,9,41,0,59,0,10,131,0,141,9,19,172,0,200,40,0,40,240
09/20/2022,JQF,NC,ASO,ES,Federal Contract Tower,2,12,53,0,67,0,24,104,0,128,2,36,157,0,195,50,0,50,245
09/21/2022,JQF,NC,ASO,ES,Federal Contract Tower,3,11,44,0,58,0,12,166,0,178,3,23,210,0,236,78,0,78,314
09/22/2022,JQF,NC,ASO,ES,Federal Contract Tower,6,8,57,2,73,0,6,127,0,133,6,14,184,2,206,38,0,38,244
09/23/2022,JQF,NC,ASO,ES,Federal Contract Tower,13,15,60,3,91,0,21,133,0,154,13,36,193,3,245,24,0,24,269
09/24/2022,JQF,NC,ASO,ES,Federal Contract Tower,3,3,46,0,52,0,11,143,0,154,3,14,189,0,206,64,0,64,270
09/25/2022,JQF,NC,ASO,ES,Federal Contract Tower,7,3,52,0,62,0,4,120,0,124,7,7,172,0,186,68,0,68,254
09/26/2022,JQF,NC,ASO,ES,Federal Contract Tower,9,30,36,0,75,0,9,166,3,178,9,39,202,3,253,68,0,68,321
09/27/2022,JQF,NC,ASO,ES,Federal Contract Tower,2,17,57,0,76,0,27,124,0,151,2,44,181,0,227,34,0,34,261
09/28/2022,JQF,NC,ASO,ES,Federal Contract Tower,0,14,50,0,64,0,17,143,3,163,0,31,193,3,227,46,0,46,273
09/29/2022,JQF,NC,ASO,ES,Federal Contract Tower,5,13,43,0,61,0,7,26,0,33,5,20,69,0,94,20,0,20,114
09/30/2022,JQF,NC,ASO,ES,Federal Contract Tower,12,2,9,0,23,0,0,0,0,0,12,2,9,0,23,0,0,0,23
10/01/2022,JQF,NC,ASO,ES,Federal Contract Tower,7,2,27,0,36,0,5,15,0,20,7,7,42,0,56,68,0,68,124
10/02/2022,JQF,NC,ASO,ES,Federal Contract Tower,17,0,37,0,54,0,3,60,0,63,17,3,97,0,117,56,0,56,173
10/03/2022,JQF,NC,ASO,ES,Federal Contract Tower,6,13,39,0,58,0,16,93,3,112,6,29,132,3,170,28,0,28,198
10/04/2022,JQF,NC,ASO,ES,Federal Contract Tower,0,12,67,0,79,0,14,143,2,159,0,26,210,2,238,52,0,52,290
10/05/2022,JQF,NC,ASO,ES,Federal Contract Tower,0,10,49,1,60,0,16,179,2,197,0,26,228,3,257,108,2,110,367
10/06/2022,JQF,NC,ASO,ES,Federal Contract Tower,6,7,65,0,78,0,17,161,0,178,6,24,226,0,256,116,4,120,376
10/07/2022,JQF,NC,ASO,ES,Federal Contract Tower,12,14,50,4,80,0,10,158,0,168,12,24,208,4,248,98,0,98,346
10/08/2022,JQF,NC,ASO,ES,Federal Contract Tower,3,3,33,1,40,0,14,91,9,114,3,17,124,10,154,34,0,34,188
10/09/2022,JQF,NC,ASO,ES,Federal Contract Tower,8,19,52,0,79,0,61,97,14,172,8,80,149,14,251,14,0,14,265
10/10/2022,JQF,NC,ASO,ES,Federal Contract Tower,7,6,54,3,70,0,29,156,1,186,7,35,210,4,256,56,0,56,312
10/11/2022,JQF,NC,ASO,ES,Federal Contract Tower,2,9,58,1,70,0,8,163,2,173,2,17,221,3,243,38,0,38,281
10/12/2022,JQF,NC,ASO,ES,Federal Contract Tower,0,14,40,1,55,0,9,48,2,59,0,23,88,3,114,52,0,52,166
10/13/2022,JQF,NC,ASO,ES,Federal Contract Tower,9,12,56,0,77,0,11,64,0,75,9,23,120,0,152,74,0,74,226
10/14/2022,JQF,NC,ASO,ES,Federal Contract Tower,14,11,43,0,68,0,22,175,0,197,14,33,218,0,265,70,0,70,335
10/15/2022,JQF,NC,ASO,ES,Federal Contract Tower,3,6,30,0,39,0,6,149,4,159,3,12,179,4,198,60,0,60,258
10/16/2022,JQF,NC,ASO,ES,Federal Contract Tower,10,6,36,0,52,0,5,143,2,150,10,11,179,2,202,66,0,66,268
10/17/2022,JQF,NC,ASO,ES,Federal Contract Tower,12,9,49,0,70,0,20,128,1,149,12,29,177,1,219,40,0,40,259
10/18/2022,JQF,NC,ASO,ES,Federal Contract Tower,1,5,45,1,52,0,9,97,1,107,1,14,142,2,159,20,0,20,179
10/19/2022,JQF,NC,ASO,ES,Federal Contract Tower,1,8,57,0,66,0,22,128,2,152,1,30,185,2,218,24,0,24,242
10/20/2022,JQF,NC,ASO,ES,Federal Contract Tower,7,7,44,0,58,0,14,157,2,173,7,21,201,2,231,66,0,66,297
10/21/2022,JQF,NC,ASO,ES,Federal Contract Tower,21,12,43,0,76,0,39,167,0,206,21,51,210,0,282,116,0,116,398
10/22/2022,JQF,NC,ASO,ES,Federal Contract Tower,7,7,30,0,44,0,26,130,0,156,7,33,160,0,200,72,0,72,272
10/23/2022,JQF,NC,ASO,ES,Federal Contract Tower,12,5,44,0,61,0,21,164,1,186,12,26,208,1,247,10,0,10,257
10/24/2022,JQF,NC,ASO,ES,Federal Contract Tower,7,7,36,0,50,0,6,109,0,115,7,13,145,0,165,4,0,4,169
10/25/2022,JQF,NC,ASO,ES,Federal Contract Tower,2,5,51,0,58,0,12,181,0,193,2,17,232,0,251,66,0,66,317
10/26/2022,JQF,NC,ASO,ES,Federal Contract Tower,4,13,64,0,81,0,9,27,5,41,4,22,91,5,122,106,0,106,228
10/27/2022,JQF,NC,ASO,ES,Federal Contract Tower,8,7,52,0,67,0,21,133,4,158,8,28,185,4,225,44,0,44,269
10/28/2022,JQF,NC,ASO,ES,Federal Contract Tower,12,7,49,0,68,0,11,126,2,139,12,18,175,2,207,76,0,76,283
10/29/2022,JQF,NC,ASO,ES,Federal Contract Tower,2,0,31,0,33,0,7,70,4,81,2,7,101,4,114,42,0,42,156
10/30/2022,JQF,NC,ASO,ES,Federal Contract Tower,6,6,40,0,52,0,0,4,0,4,6,6,44,0,56,0,0,0,56
10/31/2022,JQF,NC,ASO,ES,Federal Contract Tower,8,10,19,0,37,0,0,0,0,0,8,10,19,0,37,0,0,0,37
11/01/2022,JQF,NC,ASO,ES,Federal Contract Tower,3,14,58,0,75,0,9,176,0,185,3,23,234,0,260,24,0,24,284
11/02/2022,JQF,NC,ASO,ES,Federal Contract Tower,0,6,64,0,70,0,12,132,0,144,0,18,196,0,214,22,0,22,236
11/03/2022,JQF,NC,ASO,ES,Federal Contract Tower,11,12,56,0,79,0,15,163,0,178,11,27,219,0,257,94,0,94,351
11/04/2022,JQF,NC,ASO,ES,Federal Contract Tower,11,11,58,0,80,0,18,159,1,178,11,29,217,1,258,90,0,90,348
11/05/2022,JQF,NC,ASO,ES,Federal Contract Tower,2,9,39,0,50,0,6,13,0,19,2,15,52,0,69,6,0,6,75
11/06/2022,JQF,NC,ASO,ES,Federal Contract Tower,7,7,47,0,61,0,2,17,0,19,7,9,64,0,80,2,0,2,82
11/07/2022,JQF,NC,ASO,ES,Federal Contract Tower,9,8,43,1,61,0,5,79,1,85,9,13,122,2,146,52,0,52,198
11/08/2022,JQF,NC,ASO,ES,Federal Contract Tower,2,8,49,3,62,0,34,113,4,151,2,42,162,7,213,26,0,26,239
11/09/2022,JQF,NC,ASO,ES,Federal Contract Tower,0,17,39,1,57,0,21,155,4,180,0,38,194,5,237,20,0,20,257
11/10/2022,JQF,NC,ASO,ES,Federal Contract Tower,9,23,56,0,88,0,1,48,0,49,9,24,104,0,137,36,0,36,173
11/11/2022,JQF,NC,ASO,ES,Federal Contract Tower,11,15,25,0,51,0,0,1,0,1,11,15,26,0,52,0,0,0,52
11/12/2022,JQF,NC,ASO,ES,Federal Contract Tower,5,1,47,0,53,0,6,49,0,55,5,7,96,0,108,42,0,42,150
11/13/2022,JQF,NC,ASO,ES,Federal Contract Tower,6,8,42,0,56,0,14,135,2,151,6,22,177,2,207,70,0,70,277
11/14/2022,JQF,NC,ASO,ES,Federal Contract Tower,8,11,45,0,64,0,10,150,0,160,8,21,195,0,224,154,0,154,378
11/15/2022,JQF,NC,ASO,ES,Federal Contract Tower,1,22,36,0,59,0,2,1,0,3,1,24,37,0,62,0,0,0,62
11/16/2022,JQF,NC,ASO,ES,Federal Contract Tower,1,10,48,1,60,0,8,127,6,141,1,18,175,7,201,32,0,32,233
11/17/2022,JQF,NC,ASO,ES,Federal Contract Tower,5,8,59,0,72,0,25,211,3,239,5,33,270,3,311,24,0,24,335
11/18/2022,JQF,NC,ASO,ES,Federal Contract Tower,8,6,39,0,53,0,20,181,2,203,8,26,220,2,256,46,0,46,302
11/19/2022,JQF,NC,ASO,ES,Federal Contract Tower,2,5,41,0,48,0,4,162,4,170,2,9,203,4,218,48,0,48,266
11/20/2022,JQF,NC,ASO,ES,Federal Contract Tower,4,8,32,0,44,0,8,116,0,124,4,16,148,0,168,34,0,34,202
11/21/2022,JQF,NC,ASO,ES,Federal Contract Tower,7,7,25,0,39,0,18,124,0,142,7,25,149,0,181,86,0,86,267
11/22/2022,JQF,NC,ASO,ES,Federal Contract Tower,2,6,32,0,40,0,17,144,0,161,2,23,176,0,201,108,0,108,309
11/23/2022,JQF,NC,ASO,ES,Federal Contract Tower,7,4,42,0,53,0,11,99,0,110,7,15,141,0,163,48,0,48,211
11/24/2022,JQF,NC,ASO,ES,Federal Contract Tower,2,3,10,0,15,0,5,18,0,23,2,8,28,0,38,8,0,8,46
11/25/2022,JQF,NC,ASO,ES,Federal Contract Tower,6,16,20,0,42,0,15,45,0,60,6,31,65,0,102,38,0,38,140
11/26/2022,JQF,NC,ASO,ES,Federal Contract Tower,2,2,38,0,42,0,11,113,4,128,2,13,151,4,170,32,0,32,202
11/27/2022,JQF,NC,ASO,ES,Federal Contract Tower,6,7,37,0,50,0,0,7,0,7,6,7,44,0,57,10,0,10,67
11/28/2022,JQF,NC,ASO,ES,Federal Contract Tower,6,12,40,0,58,0,8,114,4,126,6,20,154,4,184,42,0,42,226
11/29/2022,JQF,NC,ASO,ES,Federal Contract Tower,1,8,46,0,55,0,15,132,0,147,1,23,178,0,202,78,0,78,280
11/30/2022,JQF,NC,ASO,ES,Federal Contract Tower,2,9,40,0,51,0,2,14,0,16,2,11,54,0,67,0,0,0,67
12/01/2022,JQF,NC,ASO,ES,Federal Contract Tower,8,9,38,0,55,0,12,144,1,157,8,21,182,1,212,36,0,36,248
12/02/2022,JQF,NC,ASO,ES,Federal Contract Tower,9,10,57,0,76,0,8,178,0,186,9,18,235,0,262,66,0,66,328
12/03/2022,JQF,NC,ASO,ES,Federal Contract Tower,0,3,19,0,22,0,0,1,0,1,0,3,20,0,23,0,0,0,23
12/04/2022,JQF,NC,ASO,ES,Federal Contract Tower,7,7,46,0,60,0,0,118,10,128,7,7,164,10,188,38,0,38,226
12/05/2022,JQF,NC,ASO,ES,Federal Contract Tower,7,14,60,0,81,0,4,86,0,90,7,18,146,0,171,84,0,84,255
12/06/2022,JQF,NC,ASO,ES,Federal Contract Tower,0,13,27,0,40,0,0,0,0,0,0,13,27,0,40,0,0,0,40
12/07/2022,JQF,NC,ASO,ES,Federal Contract Tower,0,19,52,0,71,0,0,0,0,0,0,19,52,0,71,0,0,0,71
12/08/2022,JQF,NC,ASO,ES,Federal Contract Tower,4,15,70,0,89,0,4,70,0,74,4,19,140,0,163,80,0,80,243
12/09/2022,JQF,NC,ASO,ES,Federal Contract Tower,6,13,32,0,51,0,5,2,0,7,6,18,34,0,58,20,0,20,78
12/10/2022,JQF,NC,ASO,ES,Federal Contract Tower,0,2,41,0,43,0,5,119,0,124,0,7,160,0,167,98,0,98,265
12/11/2022,JQF,NC,ASO,ES,Federal Contract Tower,5,3,42,0,50,0,11,111,2,124,5,14,153,2,174,70,0,70,244
12/12/2022,JQF,NC,ASO,ES,Federal Contract Tower,6,12,45,0,63,0,16,153,4,173,6,28,198,4,236,74,0,74,310
12/13/2022,JQF,NC,ASO,ES,Federal Contract Tower,3,10,47,1,61,0,23,138,4,165,3,33,185,5,226,98,0,98,324
12/14/2022,JQF,NC,ASO,ES,Federal Contract Tower,5,16,38,1,60,0,4,47,1,52,5,20,85,2,112,62,0,62,174
12/15/2022,JQF,NC,ASO,ES,Federal Contract Tower,12,16,33,0,61,0,0,0,0,0,12,16,33,0,61,0,0,0,61
12/16/2022,JQF,NC,ASO,ES,Federal Contract Tower,5,11,45,0,61,0,4,127,0,131,5,15,172,0,192,36,0,36,228
12/17/2022,JQF,NC,ASO,ES,Federal Contract Tower,6,4,47,0,57,0,5,134,0,139,6,9,181,0,196,70,0,70,266
12/18/2022,JQF,NC,ASO,ES,Federal Contract Tower,9,2,37,0,48,0,5,151,0,156,9,7,188,0,204,42,0,42,246
12/19/2022,JQF,NC,ASO,ES,Federal Contract Tower,4,12,31,0,47,0,14,121,0,135,4,26,152,0,182,54,0,54,236
12/20/2022,JQF,NC,ASO,ES,Federal Contract Tower,9,10,57,0,76,0,13,123,2,138,9,23,180,2,214,100,0,100,314
12/21/2022,JQF,NC,ASO,ES,Federal Contract Tower,5,12,57,2,76,0,4,131,10,145,5,16,188,12,221,102,0,102,323
12/22/2022,JQF,NC,ASO,ES,Federal Contract Tower,8,14,20,0,42,0,0,0,0,0,8,14,20,0,42,0,0,0,42
12/23/2022,JQF,NC,ASO,ES,Federal Contract Tower,6,4,20,0,30,0,5,2,0,7,6,9,22,0,37,2,0,2,39
12/24/2022,JQF,NC,ASO,ES,Federal Contract Tower,8,2,7,0,17,0,3,22,0,25,8,5,29,0,42,0,0,0,42
12/25/2022,JQF,NC,ASO,ES,Federal Contract Tower,6,0,3,0,9,0,4,29,0,33,6,4,32,0,42,4,0,4,46
12/26/2022,JQF,NC,ASO,ES,Federal Contract Tower,4,5,31,0,40,0,14,64,2,80,4,19,95,2,120,30,2,32,152
12/27/2022,JQF,NC,ASO,ES,Federal Contract Tower,9,6,33,0,48,0,19,77,0,96,9,25,110,0,144,42,0,42,186
12/28/2022,JQF,NC,ASO,ES,Federal Contract Tower,6,9,37,0,52,0,8,123,0,131,6,17,160,0,183,42,0,42,225
12/29/2022,JQF,NC,ASO,ES,Federal Contract Tower,7,6,30,0,43,0,7,161,0,168,7,13,191,0,211,14,0,14,225
12/30/2022,JQF,NC,ASO,ES,Federal Contract Tower,6,15,54,0,75,0,11,42,0,53,6,26,96,0,128,18,0,18,146
12/31/2022,JQF,NC,ASO,ES,Federal Contract Tower,10,0,10,0,20,0,0,2,0,2,10,0,12,0,22,0,0,0,22
01/01/2023,JQF,NC,ASO,ES,Federal Contract Tower,6,2,16,0,24,0,2,37,0,39,6,4,53,0,63,18,0,18,81
01/02/2023,JQF,NC,ASO,ES,Federal Contract Tower,4,6,31,3,44,0,0,90,0,90,4,6,121,3,134,62,0,62,196
01/03/2023,JQF,NC,ASO,ES,Federal Contract Tower,7,11,48,0,66,0,2,42,1,45,7,13,90,1,111,42,0,42,153
01/04/2023,JQF,NC,ASO,ES,Federal Contract Tower,0,13,14,0,27,0,0,0,0,0,0,13,14,0,27,0,0,0,27
01/05/2023,JQF,NC,ASO,ES,Federal Contract Tower,8,10,48,0,66,0,20,181,0,201,8,30,229,0,267,56,0,56,323
01/06/2023,JQF,NC,ASO,ES,Federal Contract Tower,9,18,40,0,67,0,14,213,0,227,9,32,253,0,294,107,0,107,401
01/07/2023,JQF,NC,ASO,ES,Federal Contract Tower,0,2,30,0,32,0,5,157,10,172,0,7,187,10,204,54,0,54,258
01/08/2023,JQF,NC,ASO,ES,Federal Contract Tower,6,5,37,0,48,0,1,22,2,25,6,6,59,2,73,46,0,46,119
01/09/2023,JQF,NC,ASO,ES,Federal Contract Tower,8,8,29,4,49,0,15,119,2,136,8,23,148,6,185,30,0,30,215
01/10/2023,JQF,NC,ASO,ES,Federal Contract Tower,0,6,52,0,58,0,21,158,0,179,0,27,210,0,237,30,0,30,267
01/11/2023,JQF,NC,ASO,ES,Federal Contract Tower,0,7,55,0,62,0,14,160,0,174,0,21,215,0,236,98,0,98,334
01/12/2023,JQF,NC,ASO,ES,Federal Contract Tower,5,10,43,0,58,0,0,0,0,0,5,10,43,0,58,0,0,0,58
01/13/2023,JQF,NC,ASO,ES,Federal Contract Tower,10,9,32,0,51,0,13,156,0,169,10,22,188,0,220,54,0,54,274
01/14/2023,JQF,NC,ASO,ES,Federal Contract Tower,0,1,32,0,33,0,6,68,0,74,0,7,100,0,107,16,0,16,123
01/15/2023,JQF,NC,ASO,ES,Federal Contract Tower,6,2,29,0,37,0,10,201,0,211,6,12,230,0,248,64,0,64,312
01/16/2023,JQF,NC,ASO,ES,Federal Contract Tower,12,6,35,0,53,0,14,209,0,223,12,20,244,0,276,88,0,88,364
01/17/2023,JQF,NC,ASO,ES,Federal Contract Tower,0,17,47,0,64,0,0,9,0,9,0,17,56,0,73,26,0,26,99
01/18/2023,JQF,NC,ASO,ES,Federal Contract Tower,1,12,56,0,69,0,17,134,2,153,1,29,190,2,222,28,0,28,250
01/19/2023,JQF,NC,ASO,ES,Federal Contract Tower,7,18,48,0,73,0,4,4,8,16,7,22,52,8,89,0,0,0,89
01/20/2023,JQF,NC,ASO,ES,Federal Contract Tower,8,5,42,0,55,0,17,150,0,167,8,22,192,0,222,56,0,56,278
01/21/2023,JQF,NC,ASO,ES,Federal Contract Tower,0,2,28,0,30,0,3,195,0,198,0,5,223,0,228,58,0,58,286
01/22/2023,JQF,NC,ASO,ES,Federal Contract Tower,9,0,16,0,25,0,0,0,0,0,9,0,16,0,25,0,0,0,25
01/23/2023,JQF,NC,ASO,ES,Federal Contract Tower,10,7,19,0,36,0,11,88,0,99,10,18,107,0,135,12,0,12,147
01/24/2023,JQF,NC,ASO,ES,Federal Contract Tower,2,8,42,0,52,0,13,215,2,230,2,21,257,2,282,44,0,44,326
01/25/2023,JQF,NC,ASO,ES,Federal Contract Tower,0,10,13,0,23,0,0,0,0,0,0,10,13,0,23,0,0,0,23
01/26/2023,JQF,NC,ASO,ES,Federal Contract Tower,8,12,35,1,56,0,14,178,1,193,8,26,213,2,249,56,0,56,305
01/27/2023,JQF,NC,ASO,ES,Federal Contract Tower,9,8,46,0,63,0,11,170,0,181,9,19,216,0,244,68,0,68,312
01/28/2023,JQF,NC,ASO,ES,Federal Contract Tower,3,0,30,0,33,0,11,233,0,244,3,11,263,0,277,96,0,96,373
01/29/2023,JQF,NC,ASO,ES,Federal Contract Tower,6,1,30,0,37,0,0,121,0,121,6,1,151,0,158,122,0,122,280
01/30/2023,JQF,NC,ASO,ES,Federal Contract Tower,10,9,36,0,55,0,8,98,3,109,10,17,134,3,164,50,0,50,214
01/31/2023,JQF,NC,ASO,ES,Federal Contract Tower,1,10,22,0,33,0,0,0,0,0,1,10,22,0,33,0,0,0,33
02/01/2023,JQF,NC,ASO,ES,Federal Contract Tower,2,15,30,0,47,0,0,0,0,0,2,15,30,0,47,0,0,0,47
02/02/2023,JQF,NC,ASO,ES,Federal Contract Tower,8,19,16,0,43,0,0,0,0,0,8,19,16,0,43,0,0,0,43
02/03/2023,JQF,NC,ASO,ES,Federal Contract Tower,12,13,40,0,65,0,11,163,1,175,12,24,203,1,240,58,0,58,298
02/04/2023,JQF,NC,ASO,ES,Federal Contract Tower,3,3,27,0,33,0,8,200,8,216,3,11,227,8,249,72,0,72,321
02/05/2023,JQF,NC,ASO,ES,Federal Contract Tower,7,1,34,0,42,0,7,193,5,205,7,8,227,5,247,48,0,48,295
02/06/2023,JQF,NC,ASO,ES,Federal Contract Tower,9,6,36,2,53,0,29,159,7,195,9,35,195,9,248,82,0,82,330
02/07/2023,JQF,NC,ASO,ES,Federal Contract Tower,0,7,43,0,50,0,21,171,5,197,0,28,214,5,247,98,0,98,345
02/08/2023,JQF,NC,ASO,ES,Federal Contract Tower,5,11,48,2,66,0,9,199,6,214,5,20,247,8,280,122,10,132,412
02/09/2023,JQF,NC,ASO,ES,Federal Contract Tower,7,7,42,0,56,0,20,114,0,134,7,27,156,0,190,46,0,46,236
02/10/2023,JQF,NC,ASO,ES,Federal Contract Tower,8,8,31,0,47,0,17,133,0,150,8,25,164,0,197,36,0,36,233
02/11/2023,JQF,NC,ASO,ES,Federal Contract Tower,2,0,29,0,31,0,4,92,0,96,2,4,121,0,127,42,0,42,169
02/12/2023,JQF,NC,ASO,ES,Federal Contract Tower,6,2,14,0,22,0,2,0,0,2,6,4,14,0,24,0,0,0,24
02/13/2023,JQF,NC,ASO,ES,Federal Contract Tower,8,13,59,0,80,0,17,192,5,214,8,30,251,5,294,74,0,74,368
02/14/2023,JQF,NC,ASO,ES,Federal Contract Tower,0,10,32,0,42,0,8,210,4,222,0,18,242,4,264,102,0,102,366
02/15/2023,JQF,NC,ASO,ES,Federal Contract Tower,9,11,41,0,61,0,12,185,2,199,9,23,226,2,260,68,0,68,328
02/16/2023,JQF,NC,ASO,ES,Federal Contract Tower,13,5,58,2,78,0,8,81,0,89,13,13,139,2,167,40,0,40,207
02/17/2023,JQF,NC,ASO,ES,Federal Contract Tower,7,11,22,0,40,0,7,4,0,11,7,18,26,0,51,0,0,0,51
02/18/2023,JQF,NC,ASO,ES,Federal Contract Tower,8,0,38,0,46,0,9,205,0,214,8,9,243,0,260,80,0,80,340
02/19/2023,JQF,NC,ASO,ES,Federal Contract Tower,18,8,45,1,72,0,0,106,1,107,18,8,151,2,179,52,0,52,231
02/20/2023,JQF,NC,ASO,ES,Federal Contract Tower,8,10,51,1,70,0,2,205,5,212,8,12,256,6,282,96,0,96,378
02/21/2023,JQF,NC,ASO,ES,Federal Contract Tower,4,13,45,0,62,0,10,140,0,150,4,23,185,0,212,58,0,58,270
02/22/2023,JQF,NC,ASO,ES,Federal Contract Tower,2,15,60,0,77,0,10,53,0,63,2,25,113,0,140,0,0,0,140
02/23/2023,JQF,NC,ASO,ES,Federal Contract Tower,8,15,46,0,69,0,15,48,0,63,8,30,94,0,132,24,0,24,156
02/24/2023,JQF,NC,ASO,ES,Federal Contract Tower,13,10,49,0,72,0,15,212,2,229,13,25,261,2,301,94,0,94,395
02/25/2023,JQF,NC,ASO,ES,Federal Contract Tower,6,0,11,0,17,0,0,3,0,3,6,0,14,0,20,0,0,0,20
02/26/2023,JQF,NC,ASO,ES,Federal Contract Tower,6,5,40,0,51,0,0,1,0,1,6,5,41,0,52,0,0,0,52
02/27/2023,JQF,NC,ASO,ES,Federal Contract Tower,7,18,34,2,61,0,12,64,0,76,7,30,98,2,137,68,0,68,205
02/28/2023,JQF,NC,ASO,ES,Federal Contract Tower,4,14,44,1,63,0,21,176,0,197,4,35,220,1,260,94,0,94,354
03/01/2023,JQF,NC,ASO,ES,Federal Contract Tower,1,16,60,0,77,0,19,148,1,168,1,35,208,1,245,60,0,60,305
03/02/2023,JQF,NC,ASO,ES,Federal Contract Tower,10,21,61,1,93,0,13,45,0,58,10,34,106,1,151,24,0,24,175
03/03/2023,JQF,NC,ASO,ES,Federal Contract Tower,9,9,27,0,45,0,0,5,0,5,9,9,32,0,50,2,0,2,52
03/04/2023,JQF,NC,ASO,ES,Federal Contract Tower,3,2,24,0,29,0,14,154,1,169,3,16,178,1,198,42,0,42,240
03/05/2023,JQF,NC,ASO,ES,Federal Contract Tower,7,4,36,0,47,0,10,176,0,186,7,14,212,0,233,94,0,94,327
03/06/2023,JQF,NC,ASO,ES,Federal Contract Tower,14,5,35,0,54,0,28,168,0,196,14,33,203,0,250,130,0,130,380
03/07/2023,JQF,NC,ASO,ES,Federal Contract Tower,4,9,31,0,44,0,18,81,0,99,4,27,112,0,143,24,0,24,167
03/08/2023,JQF,NC,ASO,ES,Federal Contract Tower,2,13,48,0,63,0,16,181,3,200,2,29,229,3,263,114,0,114,377
03/09/2023,JQF,NC,ASO,ES,Federal Contract Tower,10,10,42,1,63,0,29,190,1,220,10,39,232,2,283,68,0,68,351
03/10/2023,JQF,NC,ASO,ES,Federal Contract Tower,16,13,33,0,62,0,5,15,0,20,16,18,48,0,82,28,0,28,110
03/11/2023,JQF,NC,ASO,ES,Federal Contract Tower,4,2,29,0,35,0,26,159,6,191,4,28,188,6,226,74,0,74,300
03/12/2023,JQF,NC,ASO,ES,Federal Contract Tower,8,0,14,0,22,0,0,0,0,0,8,0,14,0,22,0,0,0,22
03/13/2023,JQF,NC,ASO,ES,Federal Contract Tower,12,16,38,0,66,0,26,54,0,80,12,42,92,0,146,80,0,80,226
03/14/2023,JQF,NC,ASO,ES,Federal Contract Tower,2,9,40,1,52,0,22,86,1,109,2,31,126,2,161,0,0,0,161
03/15/2023,JQF,NC,ASO,ES,Federal Contract Tower,1,13,44,0,58,0,38,142,2,182,1,51,186,2,240,62,0,62,302
03/16/2023,JQF,NC,ASO,ES,Federal Contract Tower,6,16,51,0,73,0,25,175,3,203,6,41,226,3,276,66,0,66,342
03/17/2023,JQF,NC,ASO,ES,Federal Contract Tower,17,17,34,0,68,0,16,33,0,49,17,33,67,0,117,16,0,16,133
03/18/2023,JQF,NC,ASO,ES,Federal Contract Tower,5,11,37,0,53,0,20,159,0,179,5,31,196,0,232,42,0,42,274
03/19/2023,JQF,NC,ASO,ES,Federal Contract Tower,17,3,49,6,75,0,51,163,7,221,17,54,212,13,296,86,0,86,382
03/20/2023,JQF,NC,ASO,ES,Federal Contract Tower,6,9,33,0,48,0,43,167,0,210,6,52,200,0,258,102,0,102,360
03/21/2023,JQF,NC,ASO,ES,Federal Contract Tower,2,14,42,1,59,0,43,164,2,209,2,57,206,3,268,84,0,84,352
03/22/2023,JQF,NC,ASO,ES,Federal Contract Tower,0,24,38,0,62,0,16,40,0,56,0,40,78,0,118,78,0,78,196
03/23/2023,JQF,NC,ASO,ES,Federal Contract Tower,10,12,50,0,72,0,34,55,0,89,10,46,105,0,161,42,0,42,203
03/24/2023,JQF,NC,ASO,ES,Federal Contract Tower,9,16,44,1,70,0,41,107,6,154,9,57,151,7,224,46,0,46,270
03/25/2023,JQF,NC,ASO,ES,Federal Contract Tower,5,2,16,2,25,0,9,25,0,34,5,11,41,2,59,20,0,20,79
03/26/2023,JQF,NC,ASO,ES,Federal Contract Tower,4,11,38,1,54,0,38,59,12,109,4,49,97,13,163,42,0,42,205
03/27/2023,JQF,NC,ASO,ES,Federal Contract Tower,6,22,28,2,58,0,18,38,0,56,6,40,66,2,114,90,0,90,204
03/28/2023,JQF,NC,ASO,ES,Federal Contract Tower,2,23,33,0,58,0,76,103,4,183,2,99,136,4,241,72,0,72,313
03/29/2023,JQF,NC,ASO,ES,Federal Contract Tower,0,26,57,1,84,0,47,137,1,185,0,73,194,2,269,104,0,104,373
03/30/2023,JQF,NC,ASO,ES,Federal Contract Tower,6,15,57,0,78,0,83,179,0,262,6,98,236,0,340,36,0,36,376
03/31/2023,JQF,NC,ASO,ES,Federal Contract Tower,16,15,40,0,71,0,70,143,6,219,16,85,183,6,290,92,0,92,382
04/01/2023,JQF,NC,ASO,ES,Federal Contract Tower,7,3,11,0,21,0,0,2,0,2,7,3,13,0,23,0,0,0,23
04/02/2023,JQF,NC,ASO,ES,Federal Contract Tower,15,5,54,1,75,0,32,176,1,209,15,37,230,2,284,36,0,36,320
04/03/2023,JQF,NC,ASO,ES,Federal Contract Tower,6,20,25,1,52,0,15,23,0,38,6,35,48,1,90,50,0,50,140
04/04/2023,JQF,NC,ASO,ES,Federal Contract Tower,2,20,33,1,56,0,77,112,3,192,2,97,145,4,248,62,0,62,310
04/05/2023,JQF,NC,ASO,ES,Federal Contract Tower,2,10,45,0,57,0,46,99,0,145,2,56,144,0,202,70,0,70,272
04/06/2023,JQF,NC,ASO,ES,Federal Contract Tower,6,14,42,0,62,0,61,74,2,137,6,75,116,2,199,54,2,56,255
04/07/2023,JQF,NC,ASO,ES,Federal Contract Tower,7,13,30,0,50,0,0,0,0,0,7,13,30,0,50,0,0,0,50
04/08/2023,JQF,NC,ASO,ES,Federal Contract Tower,10,0,14,0,24,0,0,0,0,0,10,0,14,0,24,0,0,0,24
04/09/2023,JQF,NC,ASO,ES,Federal Contract Tower,9,9,26,0,44,0,15,42,0,57,9,24,68,0,101,0,0,0,101
04/10/2023,JQF,NC,ASO,ES,Federal Contract Tower,10,14,46,0,70,0,112,116,0,228,10,126,162,0,298,44,0,44,342
04/11/2023,JQF,NC,ASO,ES,Federal Contract Tower,5,19,39,0,63,0,81,119,4,204,5,100,158,4,267,154,0,154,421
04/12/2023,JQF,NC,ASO,ES,Federal Contract Tower,6,26,47,0,79,0,50,150,2,202,6,76,197,2,281,64,2,66,347
04/13/2023,JQF,NC,ASO,ES,Federal Contract Tower,5,27,59,0,91,0,83,194,2,279,5,110,253,2,370,52,0,52,422
04/14/2023,JQF,NC,ASO,ES,Federal Contract Tower,6,13,32,3,54,0,6,6,2,14,6,19,38,5,68,0,0,0,68
04/15/2023,JQF,NC,ASO,ES,Federal Contract Tower,2,11,40,0,53,0,32,140,0,172,2,43,180,0,225,52,0,52,277
04/16/2023,JQF,NC,ASO,ES,Federal Contract Tower,11,19,50,1,81,0,29,52,0,81,11,48,102,1,162,28,0,28,190
04/17/2023,JQF,NC,ASO,ES,Federal Contract Tower,5,30,21,0,56,0,46,96,0,142,5,76,117,0,198,34,0,34,232
04/18/2023,JQF,NC,ASO,ES,Federal Contract Tower,4,9,41,0,54,0,97,120,0,217,4,106,161,0,271,94,0,94,365
04/19/2023,JQF,NC,ASO,ES,Federal Contract Tower,1,18,39,0,58,0,117,119,1,237,1,135,158,1,295,100,0,100,395
04/20/2023,JQF,NC,ASO,ES,Federal Contract Tower,6,19,29,0,54,0,66,128,0,194,6,85,157,0,248,98,0,98,346
04/21/2023,JQF,NC,ASO,ES,Federal Contract Tower,15,16,40,0,71,0,95,131,2,228,15,111,171,2,299,98,0,98,397
04/22/2023,JQF,NC,ASO,ES,Federal Contract Tower,9,2,19,0,30,0,27,16,0,43,9,29,35,0,73,44,0,44,117
04/23/2023,JQF,NC,ASO,ES,Federal Contract Tower,18,12,68,0,98,0,71,83,2,156,18,83,151,2,254,30,0,30,284
04/24/2023,JQF,NC,ASO,ES,Federal Contract Tower,11,22,38,0,71,0,111,141,0,252,11,133,179,0,323,110,0,110,433
04/25/2023,JQF,NC,ASO,ES,Federal Contract Tower,3,18,40,3,64,0,112,85,2,199,3,130,125,5,263,96,0,96,359
04/26/2023,JQF,NC,ASO,ES,Federal Contract Tower,2,27,50,8,87,0,62,42,0,104,2,89,92,8,191,42,0,42,233
04/27/2023,JQF,NC,ASO,ES,Federal Contract Tower,5,22,59,0,86,0,0,0,0,0,5,22,59,0,86,0,0,0,86
04/28/2023,JQF,NC,ASO,ES,Federal Contract Tower,12,26,47,0,85,0,49,45,0,94,12,75,92,0,179,22,0,22,201
04/29/2023,JQF,NC,ASO,ES,Federal Contract Tower,7,16,35,0,58,0,24,32,0,56,7,40,67,0,114,8,0,8,122
04/30/2023,JQF,NC,ASO,ES,Federal Contract Tower,8,23,38,0,69,0,12,18,0,30,8,35,56,0,99,24,0,24,123
05/01/2023,JQF,NC,ASO,ES,Federal Contract Tower,20,21,61,0,102,0,62,81,0,143,20,83,142,0,245,16,0,16,261
05/02/2023,JQF,NC,ASO,ES,Federal Contract Tower,4,12,44,0,60,0,54,62,0,116,4,66,106,0,176,50,0,50,226
05/03/2023,JQF,NC,ASO,ES,Federal Contract Tower,0,19,47,0,66,0,59,76,0,135,0,78,123,0,201,60,0,60,261
05/04/2023,JQF,NC,ASO,ES,Federal Contract Tower,9,25,51,0,85,0,113,166,0,279,9,138,217,0,364,74,0,74,438
05/05/2023,JQF,NC,ASO,ES,Federal Contract Tower,7,27,40,3,77,0,99,156,0,255,7,126,196,3,332,50,0,50,382
05/06/2023,JQF,NC,ASO,ES,Federal Contract Tower,11,15,33,0,59,0,78,88,0,166,11,93,121,0,225,58,0,58,283
05/07/2023,JQF,NC,ASO,ES,Federal Contract Tower,12,14,45,3,74,0,43,76,1,120,12,57,121,4,194,40,0,40,234
05/08/2023,JQF,NC,ASO,ES,Federal Contract Tower,6,24,44,0,74,0,66,88,2,156,6,90,132,2,230,30,0,30,260
05/09/2023,JQF,NC,ASO,ES,Federal Contract Tower,2,24,45,0,71,0,99,115,0,214,2,123,160,0,285,92,0,92,377
05/10/2023,JQF,NC,ASO,ES,Federal Contract Tower,0,20,63,0,83,0,73,132,2,207,0,93,195,2,290,74,0,74,364
05/11/2023,JQF,NC,ASO,ES,Federal Contract Tower,6,15,74,0,95,0,86,123,4,213,6,101,197,4,308,58,0,58,366
05/12/2023,JQF,NC,ASO,ES,Federal Contract Tower,6,27,42,0,75,0,79,75,0,154,6,106,117,0,229,52,0,52,281
05/13/2023,JQF,NC,ASO,ES,Federal Contract Tower,3,12,26,0,41,0,14,39,0,53,3,26,65,0,94,64,8,72,166
05/14/2023,JQF,NC,ASO,ES,Federal Contract Tower,6,8,43,0,57,0,49,34,0,83,6,57,77,0,140,6,0,6,146
05/15/2023,JQF,NC,ASO,ES,Federal Contract Tower,6,22,40,0,68,0,76,92,2,170,6,98,132,2,238,40,0,40,278
05/16/2023,JQF,NC,ASO,ES,Federal Contract Tower,3,27,42,0,72,0,67,67,1,135,3,94,109,1,207,28,0,28,235
05/17/2023,JQF,NC,ASO,ES,Federal Contract Tower,3,21,30,0,54,0,69,127,0,196,3,90,157,0,250,66,0,66,316
05/18/2023,JQF,NC,ASO,ES,Federal Contract Tower,6,28,51,0,85,0,52,69,2,123,6,80,120,2,208,100,0,100,308
05/19/2023,JQF,NC,ASO,ES,Federal Contract Tower,8,46,71,0,125,0,9,16,0,25,8,55,87,0,150,22,0,22,172
05/20/2023,JQF,NC,ASO,ES,Federal Contract Tower,1,7,43,0,51,0,16,42,0,58,1,23,85,0,109,88,0,88,197
05/21/2023,JQF,NC,ASO,ES,Federal Contract Tower,9,12,54,0,75,0,56,87,0,143,9,68,141,0,218,28,0,28,246
05/22/2023,JQF,NC,ASO,ES,Federal Contract Tower,8,18,32,0,58,0,71,128,8,207,8,89,160,8,265,42,0,42,307
05/23/2023,JQF,NC,ASO,ES,Federal Contract Tower,0,23,36,2,61,0,72,125,0,197,0,95,161,2,258,26,0,26,284
05/24/2023,JQF,NC,ASO,ES,Federal Contract Tower,0,18,55,1,74,0,98,169,3,270,0,116,224,4,344,42,0,42,386
05/25/2023,JQF,NC,ASO,ES,Federal Contract Tower,6,24,52,2,84,0,122,88,7,217,6,146,140,9,301,32,0,32,333
05/26/2023,JQF,NC,ASO,ES,Federal Contract Tower,9,15,51,1,76,0,79,59,3,141,9,94,110,4,217,20,0,20,237
05/27/2023,JQF,NC,ASO,ES,Federal Contract Tower,1,8,25,1,35,0,10,2,1,13,1,18,27,2,48,38,0,38,86
05/28/2023,JQF,NC,ASO,ES,Federal Contract Tower,8,5,22,3,38,0,0,0,0,0,8,5,22,3,38,0,0,0,38
05/29/2023,JQF,NC,ASO,ES,Federal Contract Tower,12,8,60,3,83,0,4,11,0,15,12,12,71,3,98,0,0,0,98
05/30/2023,JQF,NC,ASO,ES,Federal Contract Tower,6,18,43,1,68,0,59,41,1,101,6,77,84,2,169,32,0,32,201
05/31/2023,JQF,NC,ASO,ES,Federal Contract Tower,2,23,70,0,95,0,80,88,2,170,2,103,158,2,265,12,0,12,277
06/01/2023,JQF,NC,ASO,ES,Federal Contract Tower,7,25,37,0,69,0,130,116,0,246,7,155,153,0,315,4,0,4,319
06/02/2023,JQF,NC,ASO,ES,Federal Contract Tower,15,22,54,1,92,0,123,93,2,218,15,145,147,3,310,16,0,16,326
06/03/2023,JQF,NC,ASO,ES,Federal Contract Tower,0,13,27,1,41,0,76,98,0,174,0,89,125,1,215,28,0,28,243
06/04/2023,JQF,NC,ASO,ES,Federal Contract Tower,10,19,47,0,76,0,13,14,0,27,10,32,61,0,103,18,0,18,121
06/05/2023,JQF,NC,ASO,ES,Federal Contract Tower,8,34,47,0,89,0,70,55,2,127,8,104,102,2,216,86,0,86,302
06/06/2023,JQF,NC,ASO,ES,Federal Contract Tower,3,32,44,0,79,0,118,109,0,227,3,150,153,0,306,134,0,134,440
06/07/2023,JQF,NC,ASO,ES,Federal Contract Tower,1,14,46,0,61,0,102,72,0,174,1,116,118,0,235,38,0,38,273
06/08/2023,JQF,NC,ASO,ES,Federal Contract Tower,11,17,37,0,65,0,94,107,2,203,11,111,144,2,268,54,0,54,322
06/09/2023,JQF,NC,ASO,ES,Federal Contract Tower,13,19,38,0,70,0,102,138,0,240,13,121,176,0,310,68,0,68,378
06/10/2023,JQF,NC,ASO,ES,Federal Contract Tower,1,12,22,1,36,0,75,90,1,166,1,87,112,2,202,54,0,54,256
06/11/2023,JQF,NC,ASO,ES,Federal Contract Tower,7,14,40,0,61,0,29,39,4,72,7,43,79,4,133,78,0,78,211
06/12/2023,JQF,NC,ASO,ES,Federal Contract Tower,8,18,37,0,63,0,46,34,0,80,8,64,71,0,143,10,0,10,153
06/13/2023,JQF,NC,ASO,ES,Federal Contract Tower,0,25,31,0,56,0,138,98,0,236,0,163,129,0,292,38,0,38,330
06/14/2023,JQF,NC,ASO,ES,Federal Contract Tower,0,7,48,0,55,0,75,84,0,159,0,82,132,0,214,46,0,46,260
06/15/2023,JQF,NC,ASO,ES,Federal Contract Tower,6,17,49,0,72,0,80,116,4,200,6,97,165,4,272,16,0,16,288
06/16/2023,JQF,NC,ASO,ES,Federal Contract Tower,8,13,34,0,55,0,88,94,0,182,8,101,128,0,237,52,0,52,289
06/17/2023,JQF,NC,ASO,ES,Federal Contract Tower,1,8,21,0,30,0,53,109,0,162,1,61,130,0,192,62,0,62,254
06/18/2023,JQF,NC,ASO,ES,Federal Contract Tower,6,13,15,0,34,0,38,72,0,110,6,51,87,0,144,72,0,72,216
06/19/2023,JQF,NC,ASO,ES,Federal Contract Tower,8,14,34,0,56,0,5,2,0,7,8,19,36,0,63,10,0,10,73
06/20/2023,JQF,NC,ASO,ES,Federal Contract Tower,2,13,23,2,40,0,0,0,0,0,2,13,23,2,40,0,0,0,40
06/21/2023,JQF,NC,ASO,ES,Federal Contract Tower,0,15,38,0,53,0,0,1,0,1,0,15,39,0,54,0,0,0,54
06/22/2023,JQF,NC,ASO,ES,Federal Contract Tower,7,17,32,0,56,0,0,0,0,0,7,17,32,0,56,0,0,0,56
06/23/2023,JQF,NC,ASO,ES,Federal Contract Tower,20,22,39,0,81,0,19,29,0,48,20,41,68,0,129,14,0,14,143
06/24/2023,JQF,NC,ASO,ES,Federal Contract Tower,5,14,20,0,39,0,70,85,0,155,5,84,105,0,194,72,0,72,266
06/25/2023,JQF,NC,ASO,ES,Federal Contract Tower,7,8,25,0,40,0,58,86,0,144,7,66,111,0,184,72,0,72,256
06/26/2023,JQF,NC,ASO,ES,Federal Contract Tower,9,15,40,1,65,0,65,83,0,148,9,80,123,1,213,16,0,16,229
06/27/2023,JQF,NC,ASO,ES,Federal Contract Tower,1,24,29,3,57,0,133,151,3,287,1,157,180,6,344,60,0,60,404
06/28/2023,JQF,NC,ASO,ES,Federal Contract Tower,0,21,39,0,60,0,85,161,10,256,0,106,200,10,316,54,0,54,370
06/29/2023,JQF,NC,ASO,ES,Federal Contract Tower,6,17,53,0,76,0,77,64,0,141,6,94,117,0,217,18,0,18,235
06/30/2023,JQF,NC,ASO,ES,Federal Contract Tower,16,20,38,0,74,0,74,63,0,137,16,94,101,0,211,12,0,12,223
07/01/2023,JQF,NC,ASO,ES,Federal Contract Tower,4,18,21,0,43,0,65,63,0,128,4,83,84,0,171,44,0,44,215
07/02/2023,JQF,NC,ASO,ES,Federal Contract Tower,13,9,17,0,39,0,88,62,0,150,13,97,79,0,189,62,0,62,251
07/03/2023,JQF,NC,ASO,ES,Federal Contract Tower,8,16,13,0,37,0,54,71,0,125,8,70,84,0,162,48,0,48,210
07/04/2023,JQF,NC,ASO,ES,Federal Contract Tower,0,4,18,0,22,0,64,73,0,137,0,68,91,0,159,32,0,32,191
07/05/2023,JQF,NC,ASO,ES,Federal Contract Tower,2,19,28,0,49,0,97,81,0,178,2,116,109,0,227,36,0,36,263
07/06/2023,JQF,NC,ASO,ES,Federal Contract Tower,6,27,46,1,80,0,86,106,2,194,6,113,152,3,274,6,0,6,280
07/07/2023,JQF,NC,ASO,ES,Federal Contract Tower,9,15,37,0,61,0,126,124,1,251,9,141,161,1,312,6,0,6,318
07/08/2023,JQF,NC,ASO,ES,Federal Contract Tower,9,10,22,0,41,0,51,83,4,138,9,61,105,4,179,34,0,34,213
07/09/2023,JQF,NC,ASO,ES,Federal Contract Tower,10,13,36,0,59,0,59,53,1,113,10,72,89,1,172,82,0,82,254
07/10/2023,JQF,NC,ASO,ES,Federal Contract Tower,13,12,44,1,70,0,117,103,2,222,13,129,147,3,292,62,2,64,356
07/11/2023,JQF,NC,ASO,ES,Federal Contract Tower,0,17,34,0,51,0,94,112,1,207,0,111,146,1,258,50,0,50,308
07/12/2023,JQF,NC,ASO,ES,Federal Contract Tower,1,22,50,0,73,0,107,122,0,229,1,129,172,0,302,52,0,52,354
07/13/2023,JQF,NC,ASO,ES,Federal Contract Tower,6,15,39,0,60,0,84,107,1,192,6,99,146,1,252,10,0,10,262
07/14/2023,JQF,NC,ASO,ES,Federal Contract Tower,16,9,45,0,70,0,43,63,3,109,16,52,108,3,179,22,0,22,201
07/15/2023,JQF,NC,ASO,ES,Federal Contract Tower,5,11,32,0,48,0,6,18,0,24,5,17,50,0,72,0,0,0,72
07/16/2023,JQF,NC,ASO,ES,Federal Contract Tower,6,15,36,0,57,0,64,70,3,137,6,79,106,3,194,34,0,34,228
07/17/2023,JQF,NC,ASO,ES,Federal Contract Tower,17,26,39,2,84,0,58,62,4,124,17,84,101,6,208,22,0,22,230
07/18/2023,JQF,NC,ASO,ES,Federal Contract Tower,0,19,49,0,68,0,29,50,1,80,0,48,99,1,148,0,0,0,148
07/19/2023,JQF,NC,ASO,ES,Federal Contract Tower,0,18,37,0,55,0,62,104,0,166,0,80,141,0,221,4,0,4,225
07/20/2023,JQF,NC,ASO,ES,Federal Contract Tower,9,13,30,0,52,0,66,109,0,175,9,79,139,0,227,14,0,14,241
07/21/2023,JQF,NC,ASO,ES,Federal Contract Tower,18,17,30,0,65,0,89,96,0,185,18,106,126,0,250,0,0,0,250
07/22/2023,JQF,NC,ASO,ES,Federal Contract Tower,2,4,31,0,37,0,63,97,4,164,2,67,128,4,201,14,0,14,215
07/23/2023,JQF,NC,ASO,ES,Federal Contract Tower,9,9,52,0,70,0,44,55,2,101,9,53,107,2,171,10,0,10,181
07/24/2023,JQF,NC,ASO,ES,Federal Contract Tower,8,25,49,1,83,0,46,65,4,115,8,71,114,5,198,4,0,4,202
07/25/2023,JQF,NC,ASO,ES,Federal Contract Tower,3,16,25,0,44,0,69,97,6,172,3,85,122,6,216,2,0,2,218
07/26/2023,JQF,NC,ASO,ES,Federal Contract Tower,2,21,34,0,57,0,88,104,6,198,2,109,138,6,255,8,0,8,263
07/27/2023,JQF,NC,ASO,ES,Federal Contract Tower,7,16,39,4,66,0,116,88,10,214,7,132,127,14,280,4,0,4,284
07/28/2023,JQF,NC,ASO,ES,Federal Contract Tower,15,15,35,1,66,0,118,106,2,226,15,133,141,3,292,12,0,12,304
07/29/2023,JQF,NC,ASO,ES,Federal Contract Tower,3,8,21,0,32,0,67,91,1,159,3,75,112,1,191,0,0,0,191
07/30/2023,JQF,NC,ASO,ES,Federal Contract Tower,19,6,30,0,55,0,62,64,0,126,19,68,94,0,181,2,0,2,183
07/31/2023,JQF,NC,ASO,ES,Federal Contract Tower,9,17,33,1,60,0,96,96,0,192,9,113,129,1,252,38,0,38,290
08/01/2023,JQF,NC,ASO,ES,Federal Contract Tower,3,28,47,0,78,0,82,92,0,174,3,110,139,0,252,0,0,0,252
08/02/2023,JQF,NC,ASO,ES,Federal Contract Tower,0,19,38,0,57,0,80,88,0,168,0,99,126,0,225,4,0,4,229
08/03/2023,JQF,NC,ASO,ES,Federal Contract Tower,7,26,45,0,78,0,0,4,2,6,7,26,49,2,84,0,0,0,84
08/04/2023,JQF,NC,ASO,ES,Federal Contract Tower,13,29,42,3,87,0,53,41,0,94,13,82,83,3,181,22,0,22,203
08/05/2023,JQF,NC,ASO,ES,Federal Contract Tower,5,18,19,0,42,0,72,97,4,173,5,90,116,4,215,4,0,4,219
08/06/2023,JQF,NC,ASO,ES,Federal Contract Tower,12,10,29,0,51,0,37,52,0,89,12,47,81,0,140,0,0,0,140
08/07/2023,JQF,NC,ASO,ES,Federal Contract Tower,17,6,41,0,64,0,31,27,0,58,17,37,68,0,122,0,0,0,122
08/08/2023,JQF,NC,ASO,ES,Federal Contract Tower,0,14,42,1,57,0,102,90,1,193,0,116,132,2,250,8,0,8,258
08/09/2023,JQF,NC,ASO,ES,Federal Contract Tower,0,24,35,0,59,0,84,112,2,198,0,108,147,2,257,26,0,26,283
08/10/2023,JQF,NC,ASO,ES,Federal Contract Tower,9,20,27,0,56,0,65,36,2,103,9,85,63,2,159,0,0,0,159
08/11/2023,JQF,NC,ASO,ES,Federal Contract Tower,15,18,38,0,71,0,139,118,0,257,15,157,156,0,328,18,0,18,346
08/12/2023,JQF,NC,ASO,ES,Federal Contract Tower,2,12,17,0,31,0,55,63,1,119,2,67,80,1,150,14,0,14,164
08/13/2023,JQF,NC,ASO,ES,Federal Contract Tower,15,10,44,0,69,0,44,98,0,142,15,54,142,0,211,2,0,2,213
08/14/2023,JQF,NC,ASO,ES,Federal Contract Tower,9,13,34,0,56,0,80,105,4,189,9,93,139,4,245,14,0,14,259
08/15/2023,JQF,NC,ASO,ES,Federal Contract Tower,2,14,46,0,62,0,63,54,0,117,2,77,100,0,179,4,0,4,183
08/16/2023,JQF,NC,ASO,ES,Federal Contract Tower,0,16,26,2,44,0,106,138,7,251,0,122,164,9,295,14,0,14,309
08/17/2023,JQF,NC,ASO,ES,Federal Contract Tower,8,14,43,2,67,0,76,67,0,143,8,90,110,2,210,8,0,8,218
08/18/2023,JQF,NC,ASO,ES,Federal Contract Tower,16,9,39,1,65,0,101,96,3,200,16,110,135,4,265,2,0,2,267
08/19/2023,JQF,NC,ASO,ES,Federal Contract Tower,3,11,28,0,42,0,74,87,8,169,3,85,115,8,211,10,0,10,221
08/20/2023,JQF,NC,ASO,ES,Federal Contract Tower,16,7,38,0,61,0,74,99,0,173,16,81,137,0,234,36,0,36,270
08/21/2023,JQF,NC,ASO,ES,Federal Contract Tower,8,8,45,0,61,0,106,129,2,237,8,114,174,2,298,64,0,64,362
08/22/2023,JQF,NC,ASO,ES,Federal Contract Tower,0,19,45,0,64,0,104,100,2,206,0,123,145,2,270,30,0,30,300
08/23/2023,JQF,NC,ASO,ES,Federal Contract Tower,0,15,44,1,60,0,106,139,2,247,0,121,183,3,307,62,2,64,371
08/24/2023,JQF,NC,ASO,ES,Federal Contract Tower,9,12,45,2,68,0,51,62,0,113,9,63,107,2,181,34,2,36,217
08/25/2023,JQF,NC,ASO,ES,Federal Contract Tower,16,18,43,3,80,0,78,80,3,161,16,96,123,6,241,78,0,78,319
08/26/2023,JQF,NC,ASO,ES,Federal Contract Tower,4,10,27,0,41,0,70,78,5,153,4,80,105,5,194,80,0,80,274
08/27/2023,JQF,NC,ASO,ES,Federal Contract Tower,14,15,26,0,55,0,45,70,0,115,14,60,96,0,170,28,0,28,198
08/28/2023,JQF,NC,ASO,ES,Federal Contract Tower,9,32,41,0,82,0,20,7,0,27,9,52,48,0,109,0,0,0,109
08/29/2023,JQF,NC,ASO,ES,Federal Contract Tower,0,28,29,0,57,0,4,11,0,15,0,32,40,0,72,0,0,0,72
08/30/2023,JQF,NC,ASO,ES,Federal Contract Tower,0,15,23,0,38,0,0,0,0,0,0,15,23,0,38,0,0,0,38
08/31/2023,JQF,NC,ASO,ES,Federal Contract Tower,6,22,34,0,62,0,40,87,2,129,6,62,121,2,191,78,0,78,269
