01/01/2020,JRF,HI,AWP,WE,Federal Contract Tower,0,0,2,1,3,0,0,39,1,40,0,0,41,2,43,221,1,222,265
01/02/2020,JRF,HI,AWP,WE,Federal Contract Tower,0,1,3,3,7,0,0,58,5,63,0,1,61,8,70,229,35,264,334
01/03/2020,JRF,HI,AWP,WE,Federal Contract Tower,0,0,9,2,11,0,0,68,8,76,0,0,77,10,87,249,17,266,353
01/04/2020,JRF,HI,AWP,WE,Federal Contract Tower,0,0,1,6,7,0,0,44,1,45,0,0,45,7,52,175,9,184,236
01/05/2020,JRF,HI,AWP,WE,Federal Contract Tower,0,0,0,2,2,0,0,23,0,23,0,0,23,2,25,213,4,217,242
01/06/2020,JRF,HI,AWP,WE,Federal Contract Tower,0,0,2,6,8,0,0,27,19,46,0,0,29,25,54,100,24,124,178
01/07/2020,JRF,HI,AWP,WE,Federal Contract Tower,0,0,1,5,6,0,0,19,30,49,0,0,20,35,55,149,18,167,222
01/08/2020,JRF,HI,AWP,WE,Federal Contract Tower,0,0,0,1,1,0,0,23,39,62,0,0,23,40,63,100,90,190,253
01/09/2020,JRF,HI,AWP,WE,Federal Contract Tower,0,0,1,8,9,0,0,17,8,25,0,0,18,16,34,95,57,152,186
01/10/2020,JRF,HI,AWP,WE,Federal Contract Tower,0,0,2,3,5,0,0,28,10,38,0,0,30,13,43,143,29,172,215
01/11/2020,JRF,HI,AWP,WE,Federal Contract Tower,0,0,1,6,7,0,0,28,6,34,0,0,29,12,41,133,53,186,227
01/12/2020,JRF,HI,AWP,WE,Federal Contract Tower,0,0,0,2,2,0,0,7,2,9,0,0,7,4,11,20,0,20,31
01/13/2020,JRF,HI,AWP,WE,Federal Contract Tower,0,0,1,5,6,0,0,32,21,53,0,0,33,26,59,152,50,202,261
01/14/2020,JRF,HI,AWP,WE,Federal Contract Tower,0,0,4,11,15,0,0,38,27,65,0,0,42,38,80,316,70,386,466
01/15/2020,JRF,HI,AWP,WE,Federal Contract Tower,0,0,1,15,16,0,0,32,51,83,0,0,33,66,99,377,88,465,564
01/16/2020,JRF,HI,AWP,WE,Federal Contract Tower,0,1,8,5,14,0,0,63,14,77,0,1,71,19,91,467,43,510,601
01/17/2020,JRF,HI,AWP,WE,Federal Contract Tower,0,0,6,5,11,0,0,51,9,60,0,0,57,14,71,277,37,314,385
01/18/2020,JRF,HI,AWP,WE,Federal Contract Tower,0,0,1,4,5,0,0,39,2,41,0,0,40,6,46,396,21,417,463
01/19/2020,JRF,HI,AWP,WE,Federal Contract Tower,0,0,1,4,5,0,0,69,3,72,0,0,70,7,77,408,11,419,496
01/20/2020,JRF,HI,AWP,WE,Federal Contract Tower,0,0,5,1,6,0,0,52,2,54,0,0,57,3,60,453,3,456,516
01/21/2020,JRF,HI,AWP,WE,Federal Contract Tower,0,0,2,2,4,0,0,38,6,44,0,0,40,8,48,249,22,271,319
01/22/2020,JRF,HI,AWP,WE,Federal Contract Tower,0,0,8,7,15,0,0,67,18,85,0,0,75,25,100,351,83,434,534
01/23/2020,JRF,HI,AWP,WE,Federal Contract Tower,0,0,4,5,9,0,0,58,15,73,0,0,62,20,82,564,87,651,733
01/24/2020,JRF,HI,AWP,WE,Federal Contract Tower,0,0,4,5,9,0,0,73,3,76,0,0,77,8,85,543,28,571,656
01/25/2020,JRF,HI,AWP,WE,Federal Contract Tower,0,0,2,3,5,0,0,54,3,57,0,0,56,6,62,366,10,376,438
01/26/2020,JRF,HI,AWP,WE,Federal Contract Tower,0,0,1,6,7,0,0,30,4,34,0,0,31,10,41,191,6,197,238
01/27/2020,JRF,HI,AWP,WE,Federal Contract Tower,0,0,1,6,7,0,0,46,12,58,0,0,47,18,65,345,16,361,426
01/28/2020,JRF,HI,AWP,WE,Federal Contract Tower,0,0,1,7,8,0,0,40,36,76,0,0,41,43,84,366,155,521,605
01/29/2020,JRF,HI,AWP,WE,Federal Contract Tower,0,0,5,11,16,0,0,46,37,83,0,0,51,48,99,367,243,610,709
01/30/2020,JRF,HI,AWP,WE,Federal Contract Tower,0,2,4,9,15,0,0,69,54,123,0,2,73,63,138,540,117,657,795
01/31/2020,JRF,HI,AWP,WE,Federal Contract Tower,0,0,6,6,12,0,0,32,12,44,0,0,38,18,56,351,55,406,462
02/01/2020,JRF,HI,AWP,WE,Federal Contract Tower,0,0,4,2,6,0,0,65,3,68,0,0,69,5,74,343,8,351,425
02/02/2020,JRF,HI,AWP,WE,Federal Contract Tower,0,0,2,2,4,0,0,20,4,24,0,0,22,6,28,240,0,240,268
02/03/2020,JRF,HI,AWP,WE,Federal Contract Tower,0,0,2,5,7,0,0,42,20,62,0,0,44,25,69,294,40,334,403
02/04/2020,JRF,HI,AWP,WE,Federal Contract Tower,0,0,4,4,8,0,0,24,24,48,0,0,28,28,56,216,143,359,415
02/05/2020,JRF,HI,AWP,WE,Federal Contract Tower,0,0,5,10,15,0,0,50,1,51,0,0,55,11,66,377,18,395,461
02/06/2020,JRF,HI,AWP,WE,Federal Contract Tower,0,0,0,4,4,0,0,26,6,32,0,0,26,10,36,238,17,255,291
02/07/2020,JRF,HI,AWP,WE,Federal Contract Tower,0,0,7,2,9,0,0,37,5,42,0,0,44,7,51,389,32,421,472
02/08/2020,JRF,HI,AWP,WE,Federal Contract Tower,0,0,2,2,4,0,0,73,19,92,0,0,75,21,96,352,41,393,489
02/09/2020,JRF,HI,AWP,WE,Federal Contract Tower,0,0,3,5,8,0,0,66,2,68,0,0,69,7,76,387,81,468,544
02/10/2020,JRF,HI,AWP,WE,Federal Contract Tower,0,0,0,5,5,0,0,17,1,18,0,0,17,6,23,67,10,77,100
02/11/2020,JRF,HI,AWP,WE,Federal Contract Tower,0,0,0,6,6,0,0,34,9,43,0,0,34,15,49,245,41,286,335
02/12/2020,JRF,HI,AWP,WE,Federal Contract Tower,0,0,7,4,11,0,0,32,23,55,0,0,39,27,66,370,71,441,507
02/13/2020,JRF,HI,AWP,WE,Federal Contract Tower,0,0,4,5,9,0,0,87,13,100,0,0,91,18,109,401,16,417,526
02/14/2020,JRF,HI,AWP,WE,Federal Contract Tower,0,0,3,7,10,0,0,39,2,41,0,0,42,9,51,236,5,241,292
02/15/2020,JRF,HI,AWP,WE,Federal Contract Tower,0,0,4,2,6,0,0,65,1,66,0,0,69,3,72,425,3,428,500
02/16/2020,JRF,HI,AWP,WE,Federal Contract Tower,0,0,6,4,10,0,0,40,2,42,0,0,46,6,52,202,18,220,272
02/17/2020,JRF,HI,AWP,WE,Federal Contract Tower,0,0,3,0,3,0,0,62,5,67,0,0,65,5,70,387,28,415,485
02/18/2020,JRF,HI,AWP,WE,Federal Contract Tower,0,0,0,6,6,0,0,26,9,35,0,0,26,15,41,265,22,287,328
02/19/2020,JRF,HI,AWP,WE,Federal Contract Tower,0,0,3,4,7,0,0,14,13,27,0,0,17,17,34,131,101,232,266
02/20/2020,JRF,HI,AWP,WE,Federal Contract Tower,0,0,4,2,6,0,0,39,47,86,0,0,43,49,92,335,156,491,583
02/21/2020,JRF,HI,AWP,WE,Federal Contract Tower,0,0,5,5,10,0,0,41,6,47,0,0,46,11,57,352,48,400,457
02/22/2020,JRF,HI,AWP,WE,Federal Contract Tower,0,0,4,3,7,0,0,81,4,85,0,0,85,7,92,464,9,473,565
02/23/2020,JRF,HI,AWP,WE,Federal Contract Tower,0,0,1,6,7,0,0,66,1,67,0,0,67,7,74,344,13,357,431
02/24/2020,JRF,HI,AWP,WE,Federal Contract Tower,0,0,3,7,10,0,0,35,31,66,0,0,38,38,76,255,25,280,356
02/25/2020,JRF,HI,AWP,WE,Federal Contract Tower,0,0,2,5,7,0,0,41,33,74,0,0,43,38,81,476,197,673,754
02/26/2020,JRF,HI,AWP,WE,Federal Contract Tower,0,0,0,3,3,0,0,19,19,38,0,0,19,22,41,316,60,376,417
02/27/2020,JRF,HI,AWP,WE,Federal Contract Tower,0,0,1,6,7,0,0,90,27,117,0,0,91,33,124,609,69,678,802
02/28/2020,JRF,HI,AWP,WE,Federal Contract Tower,0,1,1,1,3,0,0,19,1,20,0,1,20,2,23,385,16,401,424
02/29/2020,JRF,HI,AWP,WE,Federal Contract Tower,0,0,1,3,4,0,0,34,0,34,0,0,35,3,38,174,0,174,212
03/01/2020,JRF,HI,AWP,WE,Federal Contract Tower,0,0,0,1,1,0,0,16,0,16,0,0,16,1,17,133,9,142,159
03/02/2020,JRF,HI,AWP,WE,Federal Contract Tower,0,0,2,2,4,0,0,16,10,26,0,0,18,12,30,350,26,376,406
03/03/2020,JRF,HI,AWP,WE,Federal Contract Tower,0,0,0,8,8,0,0,55,29,84,0,0,55,37,92,662,116,778,870
03/04/2020,JRF,HI,AWP,WE,Federal Contract Tower,0,0,8,6,14,0,0,41,16,57,0,0,49,22,71,588,75,663,734
03/05/2020,JRF,HI,AWP,WE,Federal Contract Tower,0,2,2,1,5,0,0,91,12,103,0,2,93,13,108,512,36,548,656
03/06/2020,JRF,HI,AWP,WE,Federal Contract Tower,0,0,1,2,3,0,0,40,9,49,0,0,41,11,52,186,31,217,269
03/07/2020,JRF,HI,AWP,WE,Federal Contract Tower,0,0,1,1,2,0,0,29,10,39,0,0,30,11,41,294,8,302,343
03/08/2020,JRF,HI,AWP,WE,Federal Contract Tower,0,0,1,1,2,0,0,50,13,63,0,0,51,14,65,384,41,425,490
03/09/2020,JRF,HI,AWP,WE,Federal Contract Tower,0,0,1,8,9,0,0,42,27,69,0,0,43,35,78,285,62,347,425
03/10/2020,JRF,HI,AWP,WE,Federal Contract Tower,0,0,1,8,9,0,0,46,14,60,0,0,47,22,69,419,102,521,590
03/11/2020,JRF,HI,AWP,WE,Federal Contract Tower,0,0,1,12,13,0,0,25,11,36,0,0,26,23,49,393,76,469,518
03/12/2020,JRF,HI,AWP,WE,Federal Contract Tower,0,0,2,5,7,0,0,34,28,62,0,0,36,33,69,359,153,512,581
03/13/2020,JRF,HI,AWP,WE,Federal Contract Tower,0,0,4,5,9,0,0,42,8,50,0,0,46,13,59,543,67,610,669
03/14/2020,JRF,HI,AWP,WE,Federal Contract Tower,0,0,4,4,8,0,0,70,1,71,0,0,74,5,79,459,3,462,541
03/15/2020,JRF,HI,AWP,WE,Federal Contract Tower,0,0,2,2,4,0,0,63,2,65,0,0,65,4,69,367,15,382,451
03/16/2020,JRF,HI,AWP,WE,Federal Contract Tower,0,0,0,5,5,0,0,4,2,6,0,0,4,7,11,8,5,13,24
03/17/2020,JRF,HI,AWP,WE,Federal Contract Tower,0,0,1,0,1,0,0,2,2,4,0,0,3,2,5,2,14,16,21
03/18/2020,JRF,HI,AWP,WE,Federal Contract Tower,0,0,2,2,4,0,0,88,15,103,0,0,90,17,107,524,19,543,650
03/19/2020,JRF,HI,AWP,WE,Federal Contract Tower,0,0,1,5,6,0,0,43,6,49,0,0,44,11,55,308,18,326,381
03/20/2020,JRF,HI,AWP,WE,Federal Contract Tower,0,0,0,2,2,0,0,69,4,73,0,0,69,6,75,513,3,516,591
03/21/2020,JRF,HI,AWP,WE,Federal Contract Tower,0,0,3,1,4,0,0,55,3,58,0,0,58,4,62,447,1,448,510
03/22/2020,JRF,HI,AWP,WE,Federal Contract Tower,0,0,1,5,6,0,0,48,5,53,0,0,49,10,59,329,9,338,397
03/23/2020,JRF,HI,AWP,WE,Federal Contract Tower,0,0,1,5,6,0,0,30,11,41,0,0,31,16,47,234,30,264,311
03/24/2020,JRF,HI,AWP,WE,Federal Contract Tower,0,0,0,4,4,0,0,4,17,21,0,0,4,21,25,131,126,257,282
03/25/2020,JRF,HI,AWP,WE,Federal Contract Tower,0,0,2,5,7,0,0,4,39,43,0,0,6,44,50,79,128,207,257
03/26/2020,JRF,HI,AWP,WE,Federal Contract Tower,0,0,0,3,3,0,0,6,27,33,0,0,6,30,36,86,75,161,197
03/27/2020,JRF,HI,AWP,WE,Federal Contract Tower,0,0,4,4,8,0,0,38,16,54,0,0,42,20,62,213,85,298,360
03/28/2020,JRF,HI,AWP,WE,Federal Contract Tower,0,0,1,0,1,0,0,38,5,43,0,0,39,5,44,249,7,256,300
03/29/2020,JRF,HI,AWP,WE,Federal Contract Tower,0,0,1,3,4,0,0,36,0,36,0,0,37,3,40,262,5,267,307
03/30/2020,JRF,HI,AWP,WE,Federal Contract Tower,0,0,1,1,2,0,0,47,10,57,0,0,48,11,59,249,66,315,374
03/31/2020,JRF,HI,AWP,WE,Federal Contract Tower,0,0,0,2,2,0,0,66,6,72,0,0,66,8,74,427,73,500,574
04/01/2020,JRF,HI,AWP,WE,Federal Contract Tower,0,0,0,4,4,0,0,30,14,44,0,0,30,18,48,339,45,384,432
04/02/2020,JRF,HI,AWP,WE,Federal Contract Tower,0,0,2,2,4,0,0,56,15,71,0,0,58,17,75,355,92,447,522
04/03/2020,JRF,HI,AWP,WE,Federal Contract Tower,0,0,2,2,4,0,0,40,8,48,0,0,42,10,52,242,55,297,349
04/04/2020,JRF,HI,AWP,WE,Federal Contract Tower,0,0,0,1,1,0,0,31,3,34,0,0,31,4,35,235,11,246,281
04/05/2020,JRF,HI,AWP,WE,Federal Contract Tower,0,0,2,3,5,0,0,18,0,18,0,0,20,3,23,228,14,242,265
04/06/2020,JRF,HI,AWP,WE,Federal Contract Tower,0,0,6,2,8,0,0,30,6,36,0,0,36,8,44,168,31,199,243
04/07/2020,JRF,HI,AWP,WE,Federal Contract Tower,0,0,0,1,1,0,0,37,21,58,0,0,37,22,59,365,46,411,470
04/08/2020,JRF,HI,AWP,WE,Federal Contract Tower,0,0,4,2,6,0,0,28,22,50,0,0,32,24,56,385,32,417,473
04/09/2020,JRF,HI,AWP,WE,Federal Contract Tower,0,0,1,1,2,0,0,59,18,77,0,0,60,19,79,441,39,480,559
04/10/2020,JRF,HI,AWP,WE,Federal Contract Tower,0,0,3,1,4,0,0,62,6,68,0,0,65,7,72,386,38,424,496
04/11/2020,JRF,HI,AWP,WE,Federal Contract Tower,0,0,0,1,1,0,0,52,3,55,0,0,52,4,56,254,2,256,312
04/12/2020,JRF,HI,AWP,WE,Federal Contract Tower,0,0,4,2,6,0,0,21,4,25,0,0,25,6,31,135,4,139,170
04/13/2020,JRF,HI,AWP,WE,Federal Contract Tower,0,0,2,0,2,0,0,28,9,37,0,0,30,9,39,256,10,266,305
04/14/2020,JRF,HI,AWP,WE,Federal Contract Tower,0,0,1,6,7,0,0,51,7,58,0,0,52,13,65,414,95,509,574
04/15/2020,JRF,HI,AWP,WE,Federal Contract Tower,0,0,2,1,3,0,0,22,17,39,0,0,24,18,42,323,115,438,480
04/16/2020,JRF,HI,AWP,WE,Federal Contract Tower,0,0,2,0,2,0,0,41,15,56,0,0,43,15,58,386,32,418,476
04/17/2020,JRF,HI,AWP,WE,Federal Contract Tower,0,0,4,8,12,0,1,36,2,39,0,1,40,10,51,498,26,524,575
04/18/2020,JRF,HI,AWP,WE,Federal Contract Tower,0,0,3,3,6,0,0,58,0,58,0,0,61,3,64,256,3,259,323
04/19/2020,JRF,HI,AWP,WE,Federal Contract Tower,0,0,0,0,0,0,0,16,1,17,0,0,16,1,17,180,18,198,215
04/20/2020,JRF,HI,AWP,WE,Federal Contract Tower,0,0,0,2,2,0,0,27,13,40,0,0,27,15,42,245,21,266,308
04/21/2020,JRF,HI,AWP,WE,Federal Contract Tower,0,0,0,1,1,0,0,36,10,46,0,0,36,11,47,392,78,470,517
04/22/2020,JRF,HI,AWP,WE,Federal Contract Tower,0,0,1,4,5,0,0,54,24,78,0,0,55,28,83,504,48,552,635
04/23/2020,JRF,HI,AWP,WE,Federal Contract Tower,0,0,0,1,1,0,0,44,32,76,0,0,44,33,77,466,42,508,585
04/24/2020,JRF,HI,AWP,WE,Federal Contract Tower,0,0,1,6,7,0,0,50,17,67,0,0,51,23,74,301,16,317,391
04/25/2020,JRF,HI,AWP,WE,Federal Contract Tower,0,0,2,2,4,0,0,32,5,37,0,0,34,7,41,255,5,260,301
04/26/2020,JRF,HI,AWP,WE,Federal Contract Tower,0,0,1,1,2,0,0,25,0,25,0,0,26,1,27,243,16,259,286
04/27/2020,JRF,HI,AWP,WE,Federal Contract Tower,0,0,1,3,4,0,0,37,0,37,0,0,38,3,41,168,58,226,267
04/28/2020,JRF,HI,AWP,WE,Federal Contract Tower,0,0,2,10,12,0,0,40,13,53,0,0,42,23,65,316,45,361,426
04/29/2020,JRF,HI,AWP,WE,Federal Contract Tower,0,0,0,7,7,0,0,49,20,69,0,0,49,27,76,343,66,409,485
04/30/2020,JRF,HI,AWP,WE,Federal Contract Tower,0,0,2,3,5,0,0,21,36,57,0,0,23,39,62,243,72,315,377
05/01/2020,JRF,HI,AWP,WE,Federal Contract Tower,0,0,1,2,3,0,0,10,4,14,0,0,11,6,17,247,39,286,303
05/02/2020,JRF,HI,AWP,WE,Federal Contract Tower,0,0,0,0,0,0,0,51,2,53,0,0,51,2,53,360,0,360,413
05/03/2020,JRF,HI,AWP,WE,Federal Contract Tower,0,0,0,0,0,0,0,28,0,28,0,0,28,0,28,268,20,288,316
05/04/2020,JRF,HI,AWP,WE,Federal Contract Tower,0,0,1,1,2,0,0,39,9,48,0,0,40,10,50,324,36,360,410
05/05/2020,JRF,HI,AWP,WE,Federal Contract Tower,0,0,2,2,4,0,0,22,9,31,0,0,24,11,35,352,55,407,442
05/06/2020,JRF,HI,AWP,WE,Federal Contract Tower,0,0,3,1,4,0,0,98,30,128,0,0,101,31,132,518,58,576,708
05/07/2020,JRF,HI,AWP,WE,Federal Contract Tower,0,0,2,2,4,0,0,53,37,90,0,0,55,39,94,501,92,593,687
05/08/2020,JRF,HI,AWP,WE,Federal Contract Tower,0,0,3,1,4,0,0,22,15,37,0,0,25,16,41,476,15,491,532
05/09/2020,JRF,HI,AWP,WE,Federal Contract Tower,0,0,2,0,2,0,0,53,3,56,0,0,55,3,58,298,11,309,367
05/10/2020,JRF,HI,AWP,WE,Federal Contract Tower,0,0,1,0,1,0,0,21,0,21,0,0,22,0,22,221,5,226,248
05/11/2020,JRF,HI,AWP,WE,Federal Contract Tower,0,0,2,0,2,0,0,36,20,56,0,0,38,20,58,404,18,422,480
05/12/2020,JRF,HI,AWP,WE,Federal Contract Tower,0,0,1,8,9,0,0,38,46,84,0,0,39,54,93,404,63,467,560
05/13/2020,JRF,HI,AWP,WE,Federal Contract Tower,0,0,2,4,6,0,0,24,20,44,0,0,26,24,50,508,82,590,640
05/14/2020,JRF,HI,AWP,WE,Federal Contract Tower,0,0,2,2,4,0,0,53,25,78,0,0,55,27,82,507,99,606,688
05/15/2020,JRF,HI,AWP,WE,Federal Contract Tower,0,0,4,6,10,0,0,75,1,76,0,0,79,7,86,586,28,614,700
05/16/2020,JRF,HI,AWP,WE,Federal Contract Tower,0,0,0,1,1,0,0,54,3,57,0,0,54,4,58,396,7,403,461
05/17/2020,JRF,HI,AWP,WE,Federal Contract Tower,0,0,6,2,8,0,0,0,24,24,0,0,6,26,32,299,2,301,333
05/18/2020,JRF,HI,AWP,WE,Federal Contract Tower,0,0,3,3,6,0,0,16,5,21,0,0,19,8,27,348,12,360,387
05/19/2020,JRF,HI,AWP,WE,Federal Contract Tower,0,0,3,2,5,0,0,47,20,67,0,0,50,22,72,598,112,710,782
05/20/2020,JRF,HI,AWP,WE,Federal Contract Tower,0,0,3,4,7,0,0,29,26,55,0,0,32,30,62,495,74,569,631
05/21/2020,JRF,HI,AWP,WE,Federal Contract Tower,0,0,1,2,3,0,0,68,17,85,0,0,69,19,88,423,34,457,545
05/22/2020,JRF,HI,AWP,WE,Federal Contract Tower,0,0,2,4,6,0,0,69,8,77,0,0,71,12,83,415,40,455,538
05/23/2020,JRF,HI,AWP,WE,Federal Contract Tower,0,0,1,1,2,0,0,50,1,51,0,0,51,2,53,364,1,365,418
05/24/2020,JRF,HI,AWP,WE,Federal Contract Tower,0,0,0,0,0,0,0,34,7,41,0,0,34,7,41,284,56,340,381
05/25/2020,JRF,HI,AWP,WE,Federal Contract Tower,0,0,2,1,3,0,0,52,1,53,0,0,54,2,56,553,8,561,617
05/26/2020,JRF,HI,AWP,WE,Federal Contract Tower,0,0,0,7,7,0,0,66,26,92,0,0,66,33,99,712,36,748,847
05/27/2020,JRF,HI,AWP,WE,Federal Contract Tower,0,0,6,3,9,0,0,20,27,47,0,0,26,30,56,452,50,502,558
05/28/2020,JRF,HI,AWP,WE,Federal Contract Tower,0,0,4,7,11,0,0,47,40,87,0,0,51,47,98,521,101,622,720
05/29/2020,JRF,HI,AWP,WE,Federal Contract Tower,0,0,5,3,8,0,0,55,3,58,0,0,60,6,66,499,32,531,597
05/30/2020,JRF,HI,AWP,WE,Federal Contract Tower,0,0,0,1,1,0,0,45,1,46,0,0,45,2,47,352,21,373,420
05/31/2020,JRF,HI,AWP,WE,Federal Contract Tower,0,0,0,2,2,0,0,32,1,33,0,0,32,3,35,293,0,293,328
06/01/2020,JRF,HI,AWP,WE,Federal Contract Tower,0,0,0,2,2,0,0,40,28,68,0,0,40,30,70,413,36,449,519
06/02/2020,JRF,HI,AWP,WE,Federal Contract Tower,0,0,4,1,5,0,0,35,20,55,0,0,39,21,60,410,99,509,569
06/03/2020,JRF,HI,AWP,WE,Federal Contract Tower,0,0,3,4,7,0,0,39,32,71,0,0,42,36,78,586,45,631,709
06/04/2020,JRF,HI,AWP,WE,Federal Contract Tower,0,0,6,5,11,0,0,26,41,67,0,0,32,46,78,531,191,722,800
06/05/2020,JRF,HI,AWP,WE,Federal Contract Tower,0,0,2,4,6,0,0,16,0,16,0,0,18,4,22,307,33,340,362
06/06/2020,JRF,HI,AWP,WE,Federal Contract Tower,0,0,3,3,6,0,0,55,3,58,0,0,58,6,64,356,3,359,423
06/07/2020,JRF,HI,AWP,WE,Federal Contract Tower,0,0,0,0,0,0,0,38,2,40,0,0,38,2,40,265,9,274,314
06/08/2020,JRF,HI,AWP,WE,Federal Contract Tower,0,0,2,0,2,0,0,52,4,56,0,0,54,4,58,496,10,506,564
06/09/2020,JRF,HI,AWP,WE,Federal Contract Tower,0,0,2,7,9,0,0,45,24,69,0,0,47,31,78,465,59,524,602
06/10/2020,JRF,HI,AWP,WE,Federal Contract Tower,0,0,5,2,7,0,0,37,55,92,0,0,42,57,99,484,53,537,636
06/11/2020,JRF,HI,AWP,WE,Federal Contract Tower,0,0,4,5,9,0,0,33,28,61,0,0,37,33,70,314,44,358,428
06/12/2020,JRF,HI,AWP,WE,Federal Contract Tower,0,0,3,1,4,0,0,14,4,18,0,0,17,5,22,409,24,433,455
06/13/2020,JRF,HI,AWP,WE,Federal Contract Tower,0,0,3,2,5,0,0,45,0,45,0,0,48,2,50,295,3,298,348
06/14/2020,JRF,HI,AWP,WE,Federal Contract Tower,0,0,4,5,9,0,0,28,1,29,0,0,32,6,38,254,1,255,293
06/15/2020,JRF,HI,AWP,WE,Federal Contract Tower,0,0,2,1,3,0,0,29,2,31,0,0,31,3,34,375,4,379,413
06/16/2020,JRF,HI,AWP,WE,Federal Contract Tower,0,0,2,4,6,0,0,33,3,36,0,0,35,7,42,369,115,484,526
06/17/2020,JRF,HI,AWP,WE,Federal Contract Tower,0,0,6,3,9,0,0,46,23,69,0,0,52,26,78,520,145,665,743
06/18/2020,JRF,HI,AWP,WE,Federal Contract Tower,0,0,1,2,3,0,0,40,43,83,0,0,41,45,86,428,106,534,620
06/19/2020,JRF,HI,AWP,WE,Federal Contract Tower,0,0,1,3,4,0,0,73,33,106,0,0,74,36,110,705,33,738,848
06/20/2020,JRF,HI,AWP,WE,Federal Contract Tower,0,0,1,1,2,0,0,85,7,92,0,0,86,8,94,616,3,619,713
06/21/2020,JRF,HI,AWP,WE,Federal Contract Tower,0,0,0,0,0,0,0,30,0,30,0,0,30,0,30,137,0,137,167
06/22/2020,JRF,HI,AWP,WE,Federal Contract Tower,0,0,0,4,4,0,0,44,21,65,0,0,44,25,69,448,50,498,567
06/23/2020,JRF,HI,AWP,WE,Federal Contract Tower,0,0,0,4,4,0,0,37,14,51,0,0,37,18,55,426,42,468,523
06/24/2020,JRF,HI,AWP,WE,Federal Contract Tower,0,0,0,3,3,0,0,41,36,77,0,0,41,39,80,674,79,753,833
06/25/2020,JRF,HI,AWP,WE,Federal Contract Tower,0,0,5,4,9,0,0,48,33,81,0,0,53,37,90,582,70,652,742
06/26/2020,JRF,HI,AWP,WE,Federal Contract Tower,0,0,0,2,2,0,0,25,6,31,0,0,25,8,33,694,42,736,769
06/27/2020,JRF,HI,AWP,WE,Federal Contract Tower,0,0,0,0,0,0,0,35,0,35,0,0,35,0,35,298,0,298,333
06/28/2020,JRF,HI,AWP,WE,Federal Contract Tower,0,0,1,1,2,0,0,37,5,42,0,0,38,6,44,252,9,261,305
06/29/2020,JRF,HI,AWP,WE,Federal Contract Tower,0,0,3,0,3,0,0,42,18,60,0,0,45,18,63,306,16,322,385
06/30/2020,JRF,HI,AWP,WE,Federal Contract Tower,0,0,1,3,4,0,0,52,31,83,0,0,53,34,87,501,45,546,633
07/01/2020,JRF,HI,AWP,WE,Federal Contract Tower,0,0,1,0,1,0,0,65,20,85,0,0,66,20,86,598,59,657,743
07/02/2020,JRF,HI,AWP,WE,Federal Contract Tower,0,2,5,5,12,0,0,76,1,77,0,2,81,6,89,569,99,668,757
07/03/2020,JRF,HI,AWP,WE,Federal Contract Tower,0,0,0,0,0,0,0,83,0,83,0,0,83,0,83,612,3,615,698
07/04/2020,JRF,HI,AWP,WE,Federal Contract Tower,0,0,3,2,5,0,0,33,0,33,0,0,36,2,38,165,5,170,208
07/05/2020,JRF,HI,AWP,WE,Federal Contract Tower,0,0,0,2,2,0,0,0,39,39,0,0,0,41,41,244,17,261,302
07/06/2020,JRF,HI,AWP,WE,Federal Contract Tower,0,0,0,1,1,0,0,51,7,58,0,0,51,8,59,496,14,510,569
07/07/2020,JRF,HI,AWP,WE,Federal Contract Tower,0,0,1,2,3,0,0,38,12,50,0,0,39,14,53,536,14,550,603
07/08/2020,JRF,HI,AWP,WE,Federal Contract Tower,0,0,3,2,5,0,0,23,26,49,0,0,26,28,54,490,97,587,641
07/09/2020,JRF,HI,AWP,WE,Federal Contract Tower,0,0,0,6,6,0,0,42,18,60,0,0,42,24,66,523,48,571,637
07/10/2020,JRF,HI,AWP,WE,Federal Contract Tower,0,0,1,1,2,0,0,63,13,76,0,0,64,14,78,510,30,540,618
07/11/2020,JRF,HI,AWP,WE,Federal Contract Tower,0,0,3,2,5,0,0,75,2,77,0,0,78,4,82,362,13,375,457
07/12/2020,JRF,HI,AWP,WE,Federal Contract Tower,0,0,2,2,4,0,0,53,13,66,0,0,55,15,70,282,25,307,377
07/13/2020,JRF,HI,AWP,WE,Federal Contract Tower,0,0,1,5,6,0,0,30,1,31,0,0,31,6,37,432,48,480,517
07/14/2020,JRF,HI,AWP,WE,Federal Contract Tower,0,0,4,1,5,0,0,37,25,62,0,0,41,26,67,491,44,535,602
07/15/2020,JRF,HI,AWP,WE,Federal Contract Tower,0,0,0,3,3,0,0,34,14,48,0,0,34,17,51,559,131,690,741
07/16/2020,JRF,HI,AWP,WE,Federal Contract Tower,0,0,7,2,9,0,0,43,12,55,0,0,50,14,64,523,85,608,672
07/17/2020,JRF,HI,AWP,WE,Federal Contract Tower,0,0,1,1,2,0,0,56,1,57,0,0,57,2,59,443,27,470,529
07/18/2020,JRF,HI,AWP,WE,Federal Contract Tower,0,0,2,2,4,0,0,38,2,40,0,0,40,4,44,346,21,367,411
07/19/2020,JRF,HI,AWP,WE,Federal Contract Tower,0,0,1,1,2,0,0,25,1,26,0,0,26,2,28,201,10,211,239
07/20/2020,JRF,HI,AWP,WE,Federal Contract Tower,0,0,1,0,1,0,0,45,4,49,0,0,46,4,50,276,62,338,388
07/21/2020,JRF,HI,AWP,WE,Federal Contract Tower,0,0,2,3,5,0,0,46,20,66,0,0,48,23,71,503,67,570,641
07/22/2020,JRF,HI,AWP,WE,Federal Contract Tower,0,0,2,2,4,0,0,37,33,70,0,0,39,35,74,681,65,746,820
07/23/2020,JRF,HI,AWP,WE,Federal Contract Tower,0,0,2,7,9,0,0,41,17,58,0,0,43,24,67,563,21,584,651
07/24/2020,JRF,HI,AWP,WE,Federal Contract Tower,0,0,2,7,9,0,0,29,2,31,0,0,31,9,40,566,2,568,608
07/25/2020,JRF,HI,AWP,WE,Federal Contract Tower,0,0,0,2,2,0,0,37,2,39,0,0,37,4,41,341,4,345,386
07/26/2020,JRF,HI,AWP,WE,Federal Contract Tower,0,0,0,5,5,0,0,3,1,4,0,0,3,6,9,0,0,0,9
07/27/2020,JRF,HI,AWP,WE,Federal Contract Tower,0,0,0,2,2,0,0,34,9,43,0,0,34,11,45,227,6,233,278
07/28/2020,JRF,HI,AWP,WE,Federal Contract Tower,0,0,0,4,4,0,0,42,10,52,0,0,42,14,56,453,24,477,533
07/29/2020,JRF,HI,AWP,WE,Federal Contract Tower,0,0,0,3,3,0,0,55,21,76,0,0,55,24,79,585,117,702,781
07/30/2020,JRF,HI,AWP,WE,Federal Contract Tower,0,0,0,4,4,0,0,37,4,41,0,0,37,8,45,626,48,674,719
07/31/2020,JRF,HI,AWP,WE,Federal Contract Tower,0,0,0,2,2,0,0,12,8,20,0,0,12,10,22,404,13,417,439
08/01/2020,JRF,HI,AWP,WE,Federal Contract Tower,0,0,4,6,10,0,0,49,3,52,0,0,53,9,62,247,18,265,327
08/02/2020,JRF,HI,AWP,WE,Federal Contract Tower,0,0,1,4,5,0,0,34,10,44,0,0,35,14,49,298,21,319,368
08/03/2020,JRF,HI,AWP,WE,Federal Contract Tower,0,0,4,0,4,0,0,36,7,43,0,0,40,7,47,464,19,483,530
08/05/2020,JRF,HI,AWP,WE,Federal Contract Tower,0,0,0,5,5,0,0,14,13,27,0,0,14,18,32,448,78,526,558
08/06/2020,JRF,HI,AWP,WE,Federal Contract Tower,0,0,0,8,8,0,0,43,19,62,0,0,43,27,70,604,78,682,752
08/07/2020,JRF,HI,AWP,WE,Federal Contract Tower,0,0,0,1,1,0,0,27,14,41,0,0,27,15,42,412,1,413,455
08/08/2020,JRF,HI,AWP,WE,Federal Contract Tower,0,0,0,2,2,0,0,44,6,50,0,0,44,8,52,332,5,337,389
08/09/2020,JRF,HI,AWP,WE,Federal Contract Tower,0,0,3,0,3,0,0,35,8,43,0,0,38,8,46,302,3,305,351
08/10/2020,JRF,HI,AWP,WE,Federal Contract Tower,0,0,4,4,8,0,0,60,24,84,0,0,64,28,92,391,47,438,530
08/11/2020,JRF,HI,AWP,WE,Federal Contract Tower,0,0,5,1,6,0,0,32,12,44,0,0,37,13,50,390,92,482,532
08/12/2020,JRF,HI,AWP,WE,Federal Contract Tower,0,0,4,4,8,0,0,84,6,90,0,0,88,10,98,655,69,724,822
08/13/2020,JRF,HI,AWP,WE,Federal Contract Tower,0,0,7,7,14,0,0,75,14,89,0,0,82,21,103,737,14,751,854
08/14/2020,JRF,HI,AWP,WE,Federal Contract Tower,0,0,2,3,5,0,0,75,14,89,0,0,77,17,94,502,24,526,620
08/15/2020,JRF,HI,AWP,WE,Federal Contract Tower,0,0,2,0,2,0,0,62,3,65,0,0,64,3,67,476,14,490,557
08/16/2020,JRF,HI,AWP,WE,Federal Contract Tower,0,0,0,1,1,0,0,51,0,51,0,0,51,1,52,496,4,500,552
08/17/2020,JRF,HI,AWP,WE,Federal Contract Tower,0,0,3,1,4,0,0,30,6,36,0,0,33,7,40,406,24,430,470
08/18/2020,JRF,HI,AWP,WE,Federal Contract Tower,0,0,3,3,6,0,0,39,12,51,0,0,42,15,57,424,69,493,550
08/19/2020,JRF,HI,AWP,WE,Federal Contract Tower,0,0,6,3,9,0,0,37,16,53,0,0,43,19,62,603,58,661,723
08/20/2020,JRF,HI,AWP,WE,Federal Contract Tower,0,0,4,3,7,0,0,48,8,56,0,0,52,11,63,472,53,525,588
08/21/2020,JRF,HI,AWP,WE,Federal Contract Tower,0,0,3,0,3,0,0,22,1,23,0,0,25,1,26,421,12,433,459
08/22/2020,JRF,HI,AWP,WE,Federal Contract Tower,0,0,3,3,6,0,0,45,0,45,0,0,48,3,51,325,6,331,382
08/23/2020,JRF,HI,AWP,WE,Federal Contract Tower,0,0,0,2,2,0,0,48,0,48,0,0,48,2,50,286,4,290,340
08/24/2020,JRF,HI,AWP,WE,Federal Contract Tower,0,0,6,5,11,0,0,34,16,50,0,0,40,21,61,311,63,374,435
08/25/2020,JRF,HI,AWP,WE,Federal Contract Tower,0,0,1,4,5,0,0,42,8,50,0,0,43,12,55,350,18,368,423
08/26/2020,JRF,HI,AWP,WE,Federal Contract Tower,0,0,2,5,7,0,0,42,20,62,0,0,44,25,69,563,72,635,704
08/27/2020,JRF,HI,AWP,WE,Federal Contract Tower,0,0,4,3,7,0,0,68,13,81,0,0,72,16,88,445,89,534,622
08/28/2020,JRF,HI,AWP,WE,Federal Contract Tower,0,0,5,5,10,0,0,51,19,70,0,0,56,24,80,496,7,503,583
08/29/2020,JRF,HI,AWP,WE,Federal Contract Tower,0,0,0,2,2,0,0,59,1,60,0,0,59,3,62,272,26,298,360
08/30/2020,JRF,HI,AWP,WE,Federal Contract Tower,0,0,3,2,5,0,0,28,1,29,0,0,31,3,34,191,18,209,243
08/31/2020,JRF,HI,AWP,WE,Federal Contract Tower,0,0,3,11,14,0,0,33,7,40,0,0,36,18,54,447,52,499,553
09/01/2020,JRF,HI,AWP,WE,Federal Contract Tower,0,0,6,9,15,0,0,27,16,43,0,0,33,25,58,346,35,381,439
09/02/2020,JRF,HI,AWP,WE,Federal Contract Tower,0,0,4,4,8,0,0,31,45,76,0,0,35,49,84,413,59,472,556
09/03/2020,JRF,HI,AWP,WE,Federal Contract Tower,0,0,2,6,8,0,1,55,17,73,0,1,57,23,81,476,14,490,571
09/04/2020,JRF,HI,AWP,WE,Federal Contract Tower,0,0,3,3,6,0,0,63,8,71,0,0,66,11,77,437,28,465,542
09/05/2020,JRF,HI,AWP,WE,Federal Contract Tower,0,0,2,1,3,0,0,44,0,44,0,0,46,1,47,386,5,391,438
09/06/2020,JRF,HI,AWP,WE,Federal Contract Tower,0,0,3,0,3,0,0,37,7,44,0,0,40,7,47,399,12,411,458
09/07/2020,JRF,HI,AWP,WE,Federal Contract Tower,0,0,2,0,2,0,0,66,3,69,0,0,68,3,71,315,12,327,398
09/08/2020,JRF,HI,AWP,WE,Federal Contract Tower,0,0,7,6,13,0,0,78,15,93,0,0,85,21,106,532,75,607,713
09/09/2020,JRF,HI,AWP,WE,Federal Contract Tower,0,0,5,6,11,0,0,59,15,74,0,0,64,21,85,669,56,725,810
09/10/2020,JRF,HI,AWP,WE,Federal Contract Tower,0,0,8,5,13,0,0,56,18,74,0,0,64,23,87,437,9,446,533
09/11/2020,JRF,HI,AWP,WE,Federal Contract Tower,0,0,10,2,12,0,0,63,12,75,0,0,73,14,87,511,1,512,599
09/12/2020,JRF,HI,AWP,WE,Federal Contract Tower,0,0,0,1,1,0,0,47,4,51,0,0,47,5,52,393,0,393,445
09/13/2020,JRF,HI,AWP,WE,Federal Contract Tower,0,0,0,3,3,0,0,47,0,47,0,0,47,3,50,458,13,471,521
09/14/2020,JRF,HI,AWP,WE,Federal Contract Tower,0,0,1,2,3,0,0,38,8,46,0,0,39,10,49,412,32,444,493
09/15/2020,JRF,HI,AWP,WE,Federal Contract Tower,0,0,2,8,10,0,0,40,11,51,0,0,42,19,61,329,52,381,442
09/16/2020,JRF,HI,AWP,WE,Federal Contract Tower,0,0,5,11,16,0,0,43,24,67,0,0,48,35,83,335,50,385,468
09/17/2020,JRF,HI,AWP,WE,Federal Contract Tower,0,0,15,5,20,0,0,51,17,68,0,0,66,22,88,393,32,425,513
09/18/2020,JRF,HI,AWP,WE,Federal Contract Tower,0,0,4,6,10,0,0,60,14,74,0,0,64,20,84,427,0,427,511
09/19/2020,JRF,HI,AWP,WE,Federal Contract Tower,0,0,5,0,5,0,0,48,17,65,0,0,53,17,70,405,24,429,499
09/20/2020,JRF,HI,AWP,WE,Federal Contract Tower,0,0,5,2,7,0,0,35,0,35,0,0,40,2,42,317,8,325,367
09/21/2020,JRF,HI,AWP,WE,Federal Contract Tower,0,0,4,1,5,0,0,46,6,52,0,0,50,7,57,371,50,421,478
09/22/2020,JRF,HI,AWP,WE,Federal Contract Tower,0,0,5,4,9,0,0,50,15,65,0,0,55,19,74,496,51,547,621
09/23/2020,JRF,HI,AWP,WE,Federal Contract Tower,0,0,7,10,17,0,0,79,15,94,0,0,86,25,111,520,95,615,726
09/24/2020,JRF,HI,AWP,WE,Federal Contract Tower,0,0,2,8,10,0,0,25,17,42,0,0,27,25,52,341,73,414,466
09/25/2020,JRF,HI,AWP,WE,Federal Contract Tower,0,0,2,4,6,0,0,48,9,57,0,0,50,13,63,494,35,529,592
09/26/2020,JRF,HI,AWP,WE,Federal Contract Tower,0,0,2,1,3,0,0,62,4,66,0,0,64,5,69,527,9,536,605
09/27/2020,JRF,HI,AWP,WE,Federal Contract Tower,0,0,0,2,2,0,0,34,2,36,0,0,34,4,38,313,29,342,380
09/28/2020,JRF,HI,AWP,WE,Federal Contract Tower,0,0,5,10,15,0,0,43,15,58,0,0,48,25,73,416,45,461,534
09/29/2020,JRF,HI,AWP,WE,Federal Contract Tower,0,0,3,9,12,0,0,63,17,80,0,0,66,26,92,444,42,486,578
09/30/2020,JRF,HI,AWP,WE,Federal Contract Tower,0,0,10,6,16,0,0,81,15,96,0,0,91,21,112,579,73,652,764
10/01/2020,JRF,HI,AWP,WE,Federal Contract Tower,0,0,1,4,5,0,0,95,10,105,0,0,96,14,110,647,86,733,843
10/02/2020,JRF,HI,AWP,WE,Federal Contract Tower,0,0,2,1,3,0,2,41,4,47,0,2,43,5,50,348,3,351,401
10/03/2020,JRF,HI,AWP,WE,Federal Contract Tower,0,0,6,4,10,0,0,94,9,103,0,0,100,13,113,595,15,610,723
10/04/2020,JRF,HI,AWP,WE,Federal Contract Tower,0,0,2,3,5,0,0,37,0,37,0,0,39,3,42,405,5,410,452
10/05/2020,JRF,HI,AWP,WE,Federal Contract Tower,0,0,4,4,8,0,0,58,14,72,0,0,62,18,80,404,40,444,524
10/06/2020,JRF,HI,AWP,WE,Federal Contract Tower,0,0,4,3,7,0,0,53,22,75,0,0,57,25,82,317,116,433,515
10/07/2020,JRF,HI,AWP,WE,Federal Contract Tower,0,0,8,7,15,0,0,45,16,61,0,0,53,23,76,414,62,476,552
10/08/2020,JRF,HI,AWP,WE,Federal Contract Tower,0,0,4,5,9,0,0,36,13,49,0,0,40,18,58,397,45,442,500
10/09/2020,JRF,HI,AWP,WE,Federal Contract Tower,0,0,13,3,16,0,0,85,2,87,0,0,98,5,103,555,46,601,704
10/10/2020,JRF,HI,AWP,WE,Federal Contract Tower,0,0,4,4,8,0,0,47,1,48,0,0,51,5,56,525,1,526,582
10/11/2020,JRF,HI,AWP,WE,Federal Contract Tower,0,0,8,2,10,0,0,38,3,41,0,0,46,5,51,299,7,306,357
10/12/2020,JRF,HI,AWP,WE,Federal Contract Tower,0,0,0,11,11,0,0,25,1,26,0,0,25,12,37,325,7,332,369
10/13/2020,JRF,HI,AWP,WE,Federal Contract Tower,0,0,10,6,16,0,0,44,8,52,0,0,54,14,68,542,45,587,655
10/14/2020,JRF,HI,AWP,WE,Federal Contract Tower,0,0,4,3,7,0,0,33,5,38,0,0,37,8,45,506,110,616,661
10/15/2020,JRF,HI,AWP,WE,Federal Contract Tower,0,0,5,4,9,0,0,26,9,35,0,0,31,13,44,509,78,587,631
10/16/2020,JRF,HI,AWP,WE,Federal Contract Tower,0,0,4,0,4,0,0,54,12,66,0,0,58,12,70,336,5,341,411
10/17/2020,JRF,HI,AWP,WE,Federal Contract Tower,0,0,0,3,3,0,0,62,0,62,0,0,62,3,65,390,14,404,469
10/18/2020,JRF,HI,AWP,WE,Federal Contract Tower,0,0,13,4,17,0,0,22,0,22,0,0,35,4,39,204,14,218,257
10/19/2020,JRF,HI,AWP,WE,Federal Contract Tower,0,0,7,3,10,0,0,32,19,51,0,0,39,22,61,315,17,332,393
10/20/2020,JRF,HI,AWP,WE,Federal Contract Tower,0,0,11,4,15,0,0,41,13,54,0,0,52,17,69,368,37,405,474
10/21/2020,JRF,HI,AWP,WE,Federal Contract Tower,0,0,6,3,9,0,0,53,21,74,0,0,59,24,83,549,63,612,695
10/22/2020,JRF,HI,AWP,WE,Federal Contract Tower,0,0,2,3,5,0,0,58,11,69,0,0,60,14,74,456,95,551,625
10/23/2020,JRF,HI,AWP,WE,Federal Contract Tower,0,0,6,7,13,0,0,20,9,29,0,0,26,16,42,250,23,273,315
10/24/2020,JRF,HI,AWP,WE,Federal Contract Tower,0,0,10,2,12,0,0,40,2,42,0,0,50,4,54,403,8,411,465
10/25/2020,JRF,HI,AWP,WE,Federal Contract Tower,0,0,1,1,2,0,0,57,0,57,0,0,58,1,59,346,7,353,412
10/26/2020,JRF,HI,AWP,WE,Federal Contract Tower,0,0,1,4,5,0,0,0,0,0,0,0,1,4,5,472,25,497,502
10/27/2020,JRF,HI,AWP,WE,Federal Contract Tower,0,0,5,4,9,0,0,50,27,77,0,0,55,31,86,433,37,470,556
10/28/2020,JRF,HI,AWP,WE,Federal Contract Tower,0,0,5,4,9,0,0,51,28,79,0,0,56,32,88,504,43,547,635
10/29/2020,JRF,HI,AWP,WE,Federal Contract Tower,0,0,9,9,18,0,0,59,23,82,0,0,68,32,100,533,15,548,648
10/30/2020,JRF,HI,AWP,WE,Federal Contract Tower,0,0,4,3,7,0,0,46,4,50,0,0,50,7,57,438,4,442,499
10/31/2020,JRF,HI,AWP,WE,Federal Contract Tower,0,0,6,2,8,0,0,45,4,49,0,0,51,6,57,416,4,420,477
11/01/2020,JRF,HI,AWP,WE,Federal Contract Tower,0,0,3,0,3,0,0,48,0,48,0,0,51,0,51,406,5,411,462
11/02/2020,JRF,HI,AWP,WE,Federal Contract Tower,0,0,2,3,5,0,0,54,17,71,0,0,56,20,76,479,51,530,606
11/03/2020,JRF,HI,AWP,WE,Federal Contract Tower,0,0,1,3,4,0,0,65,16,81,0,0,66,19,85,544,36,580,665
11/04/2020,JRF,HI,AWP,WE,Federal Contract Tower,0,0,8,1,9,0,0,55,10,65,0,0,63,11,74,452,11,463,537
11/05/2020,JRF,HI,AWP,WE,Federal Contract Tower,0,0,2,6,8,0,0,44,19,63,0,0,46,25,71,459,86,545,616
11/06/2020,JRF,HI,AWP,WE,Federal Contract Tower,0,0,2,8,10,0,0,80,28,108,0,0,82,36,118,441,38,479,597
11/07/2020,JRF,HI,AWP,WE,Federal Contract Tower,0,0,10,4,14,0,0,52,10,62,0,0,62,14,76,529,25,554,630
11/08/2020,JRF,HI,AWP,WE,Federal Contract Tower,0,0,0,5,5,0,0,45,1,46,0,0,45,6,51,327,6,333,384
11/09/2020,JRF,HI,AWP,WE,Federal Contract Tower,0,0,7,4,11,0,0,23,14,37,0,0,30,18,48,194,54,248,296
11/10/2020,JRF,HI,AWP,WE,Federal Contract Tower,0,0,4,4,8,0,0,34,16,50,0,0,38,20,58,342,133,475,533
11/11/2020,JRF,HI,AWP,WE,Federal Contract Tower,0,0,5,2,7,0,0,16,1,17,0,0,21,3,24,327,17,344,368
11/12/2020,JRF,HI,AWP,WE,Federal Contract Tower,0,0,13,7,20,0,0,22,16,38,0,0,35,23,58,472,75,547,605
11/13/2020,JRF,HI,AWP,WE,Federal Contract Tower,0,0,2,4,6,0,0,29,4,33,0,0,31,8,39,469,21,490,529
11/14/2020,JRF,HI,AWP,WE,Federal Contract Tower,0,0,2,1,3,0,0,59,2,61,0,0,61,3,64,611,25,636,700
11/15/2020,JRF,HI,AWP,WE,Federal Contract Tower,0,0,14,1,15,0,0,25,4,29,0,0,39,5,44,431,42,473,517
11/16/2020,JRF,HI,AWP,WE,Federal Contract Tower,0,0,5,1,6,0,0,46,6,52,0,0,51,7,58,505,54,559,617
11/17/2020,JRF,HI,AWP,WE,Federal Contract Tower,0,0,7,5,12,0,0,71,9,80,0,0,78,14,92,640,38,678,770
11/18/2020,JRF,HI,AWP,WE,Federal Contract Tower,0,0,3,12,15,0,0,36,16,52,0,0,39,28,67,363,43,406,473
11/19/2020,JRF,HI,AWP,WE,Federal Contract Tower,0,0,4,5,9,0,0,25,24,49,0,0,29,29,58,522,56,578,636
11/20/2020,JRF,HI,AWP,WE,Federal Contract Tower,0,0,6,3,9,0,0,41,25,66,0,0,47,28,75,570,22,592,667
11/21/2020,JRF,HI,AWP,WE,Federal Contract Tower,0,0,0,2,2,0,0,28,2,30,0,0,28,4,32,240,6,246,278
11/22/2020,JRF,HI,AWP,WE,Federal Contract Tower,0,0,1,2,3,0,0,12,3,15,0,0,13,5,18,75,2,77,95
11/23/2020,JRF,HI,AWP,WE,Federal Contract Tower,0,0,5,5,10,0,0,44,16,60,0,0,49,21,70,321,105,426,496
11/24/2020,JRF,HI,AWP,WE,Federal Contract Tower,0,0,4,10,14,0,0,81,33,114,0,0,85,43,128,402,73,475,603
11/25/2020,JRF,HI,AWP,WE,Federal Contract Tower,0,0,7,3,10,0,0,62,10,72,0,0,69,13,82,782,21,803,885
11/26/2020,JRF,HI,AWP,WE,Federal Contract Tower,0,0,1,1,2,0,0,31,9,40,0,0,32,10,42,210,21,231,273
11/27/2020,JRF,HI,AWP,WE,Federal Contract Tower,0,0,6,0,6,0,0,27,2,29,0,0,33,2,35,356,13,369,404
11/28/2020,JRF,HI,AWP,WE,Federal Contract Tower,0,0,0,0,0,0,0,44,0,44,0,0,44,0,44,327,14,341,385
11/29/2020,JRF,HI,AWP,WE,Federal Contract Tower,0,0,10,1,11,0,0,35,2,37,0,0,45,3,48,364,6,370,418
11/30/2020,JRF,HI,AWP,WE,Federal Contract Tower,0,0,1,0,1,0,0,35,15,50,0,0,36,15,51,306,28,334,385
12/01/2020,JRF,HI,AWP,WE,Federal Contract Tower,0,0,0,5,5,0,0,46,10,56,0,0,46,15,61,479,21,500,561
12/02/2020,JRF,HI,AWP,WE,Federal Contract Tower,0,0,1,8,9,0,0,52,9,61,0,0,53,17,70,678,17,695,765
12/03/2020,JRF,HI,AWP,WE,Federal Contract Tower,0,0,0,5,5,0,0,26,38,64,0,0,26,43,69,437,21,458,527
12/04/2020,JRF,HI,AWP,WE,Federal Contract Tower,0,0,1,1,2,0,0,37,17,54,0,0,38,18,56,588,14,602,658
12/05/2020,JRF,HI,AWP,WE,Federal Contract Tower,0,0,2,7,9,0,0,83,9,92,0,0,85,16,101,392,7,399,500
12/06/2020,JRF,HI,AWP,WE,Federal Contract Tower,0,0,4,3,7,0,0,44,2,46,0,0,48,5,53,448,5,453,506
12/07/2020,JRF,HI,AWP,WE,Federal Contract Tower,0,0,2,6,8,0,0,87,10,97,0,0,89,16,105,412,57,469,574
12/08/2020,JRF,HI,AWP,WE,Federal Contract Tower,0,0,2,10,12,0,0,56,26,82,0,0,58,36,94,576,54,630,724
12/09/2020,JRF,HI,AWP,WE,Federal Contract Tower,0,0,4,9,13,0,0,52,21,73,0,0,56,30,86,452,71,523,609
12/10/2020,JRF,HI,AWP,WE,Federal Contract Tower,0,0,5,3,8,0,0,36,13,49,0,0,41,16,57,506,21,527,584
12/11/2020,JRF,HI,AWP,WE,Federal Contract Tower,0,0,1,7,8,0,0,35,6,41,0,0,36,13,49,460,23,483,532
12/12/2020,JRF,HI,AWP,WE,Federal Contract Tower,0,0,0,1,1,0,0,55,1,56,0,0,55,2,57,425,4,429,486
12/13/2020,JRF,HI,AWP,WE,Federal Contract Tower,0,0,5,5,10,0,0,53,2,55,0,0,58,7,65,508,1,509,574
12/14/2020,JRF,HI,AWP,WE,Federal Contract Tower,0,0,1,5,6,0,0,49,22,71,0,0,50,27,77,350,1,351,428
12/15/2020,JRF,HI,AWP,WE,Federal Contract Tower,0,0,7,4,11,0,0,87,22,109,0,0,94,26,120,826,73,899,1019
12/16/2020,JRF,HI,AWP,WE,Federal Contract Tower,0,0,8,8,16,0,0,42,24,66,0,0,50,32,82,552,43,595,677
12/17/2020,JRF,HI,AWP,WE,Federal Contract Tower,0,0,1,1,2,0,0,44,18,62,0,0,45,19,64,585,49,634,698
12/18/2020,JRF,HI,AWP,WE,Federal Contract Tower,0,0,4,4,8,0,0,25,4,29,0,0,29,8,37,302,6,308,345
12/19/2020,JRF,HI,AWP,WE,Federal Contract Tower,0,0,1,4,5,0,0,35,4,39,0,0,36,8,44,266,14,280,324
12/20/2020,JRF,HI,AWP,WE,Federal Contract Tower,0,0,3,4,7,0,0,76,7,83,0,0,79,11,90,407,5,412,502
12/21/2020,JRF,HI,AWP,WE,Federal Contract Tower,0,0,4,3,7,0,0,64,10,74,0,0,68,13,81,373,37,410,491
12/22/2020,JRF,HI,AWP,WE,Federal Contract Tower,0,0,1,4,5,0,0,40,17,57,0,0,41,21,62,490,83,573,635
12/23/2020,JRF,HI,AWP,WE,Federal Contract Tower,0,0,5,4,9,0,0,73,6,79,0,0,78,10,88,492,7,499,587
12/24/2020,JRF,HI,AWP,WE,Federal Contract Tower,0,0,3,2,5,0,0,49,0,49,0,0,52,2,54,347,5,352,406
12/25/2020,JRF,HI,AWP,WE,Federal Contract Tower,0,0,0,0,0,0,0,13,0,13,0,0,13,0,13,17,0,17,30
12/26/2020,JRF,HI,AWP,WE,Federal Contract Tower,0,0,3,1,4,0,0,8,1,9,0,0,11,2,13,46,0,46,59
12/27/2020,JRF,HI,AWP,WE,Federal Contract Tower,0,0,3,0,3,0,0,50,2,52,0,0,53,2,55,236,15,251,306
12/28/2020,JRF,HI,AWP,WE,Federal Contract Tower,0,0,1,1,2,0,0,60,5,65,0,0,61,6,67,239,46,285,352
12/29/2020,JRF,HI,AWP,WE,Federal Contract Tower,0,0,0,2,2,0,0,58,32,90,0,0,58,34,92,404,52,456,548
12/30/2020,JRF,HI,AWP,WE,Federal Contract Tower,0,0,5,2,7,0,0,65,5,70,0,0,70,7,77,362,13,375,452
12/31/2020,JRF,HI,AWP,WE,Federal Contract Tower,0,0,4,3,7,0,0,15,5,20,0,0,19,8,27,171,12,183,210
01/01/2021,JRF,HI,AWP,WE,Federal Contract Tower,0,0,2,2,4,0,0,13,0,13,0,0,15,2,17,7,3,10,27
01/02/2021,JRF,HI,AWP,WE,Federal Contract Tower,0,0,0,3,3,0,0,30,1,31,0,0,30,4,34,364,0,364,398
01/03/2021,JRF,HI,AWP,WE,Federal Contract Tower,0,0,4,5,9,0,0,39,1,40,0,0,43,6,49,154,1,155,204
01/04/2021,JRF,HI,AWP,WE,Federal Contract Tower,0,0,7,10,17,0,0,32,13,45,0,0,39,23,62,274,51,325,387
01/05/2021,JRF,HI,AWP,WE,Federal Contract Tower,0,0,8,6,14,0,0,36,25,61,0,0,44,31,75,419,43,462,537
01/06/2021,JRF,HI,AWP,WE,Federal Contract Tower,0,0,5,4,9,0,0,91,16,107,0,0,96,20,116,595,50,645,761
01/07/2021,JRF,HI,AWP,WE,Federal Contract Tower,0,0,6,9,15,0,0,83,25,108,0,0,89,34,123,385,66,451,574
01/08/2021,JRF,HI,AWP,WE,Federal Contract Tower,0,0,6,8,14,0,0,72,6,78,0,0,78,14,92,407,15,422,514
01/09/2021,JRF,HI,AWP,WE,Federal Contract Tower,0,0,0,9,9,0,0,112,22,134,0,0,112,31,143,570,12,582,725
01/10/2021,JRF,HI,AWP,WE,Federal Contract Tower,0,0,4,7,11,0,0,44,2,46,0,0,48,9,57,357,3,360,417
01/11/2021,JRF,HI,AWP,WE,Federal Contract Tower,0,0,6,2,8,0,0,46,2,48,0,0,52,4,56,320,28,348,404
01/12/2021,JRF,HI,AWP,WE,Federal Contract Tower,0,0,0,4,4,0,0,75,22,97,0,0,75,26,101,486,98,584,685
01/13/2021,JRF,HI,AWP,WE,Federal Contract Tower,0,0,4,1,5,0,0,54,41,95,0,0,58,42,100,452,93,545,645
01/14/2021,JRF,HI,AWP,WE,Federal Contract Tower,0,0,4,3,7,0,0,57,22,79,0,0,61,25,86,703,52,755,841
01/15/2021,JRF,HI,AWP,WE,Federal Contract Tower,0,0,2,7,9,0,0,25,1,26,0,0,27,8,35,520,14,534,569
01/16/2021,JRF,HI,AWP,WE,Federal Contract Tower,0,0,6,0,6,0,0,60,2,62,0,0,66,2,68,446,0,446,514
01/17/2021,JRF,HI,AWP,WE,Federal Contract Tower,0,0,0,3,3,0,0,30,0,30,0,0,30,3,33,231,3,234,267
01/18/2021,JRF,HI,AWP,WE,Federal Contract Tower,0,0,4,4,8,0,0,13,2,15,0,0,17,6,23,141,0,141,164
01/19/2021,JRF,HI,AWP,WE,Federal Contract Tower,0,0,1,3,4,0,0,41,29,70,0,0,42,32,74,294,25,319,393
01/20/2021,JRF,HI,AWP,WE,Federal Contract Tower,0,0,7,7,14,0,0,71,23,94,0,0,78,30,108,592,75,667,775
01/21/2021,JRF,HI,AWP,WE,Federal Contract Tower,0,0,0,1,1,0,0,47,37,84,0,0,47,38,85,448,27,475,560
01/22/2021,JRF,HI,AWP,WE,Federal Contract Tower,0,0,0,6,6,0,0,66,6,72,0,0,66,12,78,474,5,479,557
01/23/2021,JRF,HI,AWP,WE,Federal Contract Tower,0,0,1,2,3,0,0,43,15,58,0,0,44,17,61,381,7,388,449
01/24/2021,JRF,HI,AWP,WE,Federal Contract Tower,0,0,0,3,3,0,0,51,2,53,0,0,51,5,56,420,10,430,486
01/25/2021,JRF,HI,AWP,WE,Federal Contract Tower,0,0,4,14,18,0,0,24,4,28,0,0,28,18,46,203,3,206,252
01/26/2021,JRF,HI,AWP,WE,Federal Contract Tower,0,0,5,9,14,0,0,52,23,75,0,0,57,32,89,394,64,458,547
01/27/2021,JRF,HI,AWP,WE,Federal Contract Tower,0,0,11,4,15,0,0,58,27,85,0,0,69,31,100,420,81,501,601
01/28/2021,JRF,HI,AWP,WE,Federal Contract Tower,0,0,4,8,12,0,0,30,12,42,0,0,34,20,54,566,34,600,654
01/29/2021,JRF,HI,AWP,WE,Federal Contract Tower,0,0,1,5,6,0,0,53,12,65,0,0,54,17,71,492,27,519,590
01/30/2021,JRF,HI,AWP,WE,Federal Contract Tower,0,0,0,3,3,0,0,58,1,59,0,0,58,4,62,459,30,489,551
01/31/2021,JRF,HI,AWP,WE,Federal Contract Tower,0,0,0,3,3,0,0,40,2,42,0,0,40,5,45,331,2,333,378
02/01/2021,JRF,HI,AWP,WE,Federal Contract Tower,0,0,4,5,9,0,0,33,13,46,0,0,37,18,55,222,47,269,324
02/02/2021,JRF,HI,AWP,WE,Federal Contract Tower,0,0,2,7,9,0,0,50,22,72,0,0,52,29,81,448,30,478,559
02/03/2021,JRF,HI,AWP,WE,Federal Contract Tower,0,0,1,6,7,0,0,4,5,9,0,0,5,11,16,84,39,123,139
02/04/2021,JRF,HI,AWP,WE,Federal Contract Tower,0,0,2,5,7,0,0,1,46,47,0,0,3,51,54,565,65,630,684
02/05/2021,JRF,HI,AWP,WE,Federal Contract Tower,0,0,2,5,7,0,0,72,9,81,0,0,74,14,88,562,8,570,658
02/06/2021,JRF,HI,AWP,WE,Federal Contract Tower,0,0,1,6,7,0,0,104,3,107,0,0,105,9,114,459,2,461,575
02/07/2021,JRF,HI,AWP,WE,Federal Contract Tower,0,0,7,6,13,0,0,60,4,64,0,0,67,10,77,371,2,373,450
02/08/2021,JRF,HI,AWP,WE,Federal Contract Tower,0,0,5,4,9,0,0,16,18,34,0,0,21,22,43,228,68,296,339
02/09/2021,JRF,HI,AWP,WE,Federal Contract Tower,0,0,2,11,13,0,0,46,8,54,0,0,48,19,67,405,14,419,486
02/10/2021,JRF,HI,AWP,WE,Federal Contract Tower,0,0,4,7,11,0,0,73,32,105,0,0,77,39,116,734,51,785,901
02/11/2021,JRF,HI,AWP,WE,Federal Contract Tower,0,0,2,6,8,0,0,67,10,77,0,0,69,16,85,530,41,571,656
02/12/2021,JRF,HI,AWP,WE,Federal Contract Tower,0,0,1,3,4,0,0,85,20,105,0,0,86,23,109,597,33,630,739
02/13/2021,JRF,HI,AWP,WE,Federal Contract Tower,0,0,2,1,3,0,0,89,2,91,0,0,91,3,94,465,4,469,563
02/14/2021,JRF,HI,AWP,WE,Federal Contract Tower,0,0,1,2,3,0,0,50,2,52,0,0,51,4,55,337,8,345,400
02/15/2021,JRF,HI,AWP,WE,Federal Contract Tower,0,0,0,0,0,0,0,66,0,66,0,0,66,0,66,503,11,514,580
02/16/2021,JRF,HI,AWP,WE,Federal Contract Tower,0,0,2,5,7,0,0,65,39,104,0,0,67,44,111,653,52,705,816
02/17/2021,JRF,HI,AWP,WE,Federal Contract Tower,0,0,7,1,8,0,0,92,10,102,0,0,99,11,110,659,29,688,798
02/18/2021,JRF,HI,AWP,WE,Federal Contract Tower,0,0,5,10,15,0,0,63,41,104,0,0,68,51,119,513,39,552,671
02/19/2021,JRF,HI,AWP,WE,Federal Contract Tower,0,0,2,8,10,0,0,39,18,57,0,0,41,26,67,552,19,571,638
02/20/2021,JRF,HI,AWP,WE,Federal Contract Tower,0,0,3,6,9,0,0,111,1,112,0,0,114,7,121,733,25,758,879
02/21/2021,JRF,HI,AWP,WE,Federal Contract Tower,0,0,3,10,13,0,0,60,5,65,0,0,63,15,78,420,28,448,526
02/22/2021,JRF,HI,AWP,WE,Federal Contract Tower,0,0,1,4,5,0,0,31,18,49,0,0,32,22,54,303,42,345,399
02/23/2021,JRF,HI,AWP,WE,Federal Contract Tower,0,0,0,5,5,0,0,53,16,69,0,0,53,21,74,455,53,508,582
02/24/2021,JRF,HI,AWP,WE,Federal Contract Tower,0,0,0,4,4,0,0,60,17,77,0,0,60,21,81,435,38,473,554
02/25/2021,JRF,HI,AWP,WE,Federal Contract Tower,0,0,5,3,8,0,0,55,19,74,0,0,60,22,82,298,37,335,417
02/26/2021,JRF,HI,AWP,WE,Federal Contract Tower,0,0,4,3,7,0,0,45,15,60,0,0,49,18,67,255,22,277,344
02/27/2021,JRF,HI,AWP,WE,Federal Contract Tower,0,0,2,2,4,0,0,48,6,54,0,0,50,8,58,253,16,269,327
02/28/2021,JRF,HI,AWP,WE,Federal Contract Tower,0,0,1,2,3,0,0,20,3,23,0,0,21,5,26,220,3,223,249
03/01/2021,JRF,HI,AWP,WE,Federal Contract Tower,0,0,3,0,3,0,0,27,18,45,0,0,30,18,48,109,29,138,186
03/02/2021,JRF,HI,AWP,WE,Federal Contract Tower,0,0,1,3,4,0,0,29,7,36,0,0,30,10,40,271,22,293,333
03/03/2021,JRF,HI,AWP,WE,Federal Contract Tower,0,0,2,3,5,0,0,82,4,86,0,0,84,7,91,508,44,552,643
03/04/2021,JRF,HI,AWP,WE,Federal Contract Tower,0,0,3,4,7,0,0,80,4,84,0,0,83,8,91,670,66,736,827
03/05/2021,JRF,HI,AWP,WE,Federal Contract Tower,0,0,1,3,4,0,0,42,18,60,0,0,43,21,64,344,28,372,436
03/06/2021,JRF,HI,AWP,WE,Federal Contract Tower,0,0,0,2,2,0,0,76,2,78,0,0,76,4,80,473,5,478,558
03/07/2021,JRF,HI,AWP,WE,Federal Contract Tower,0,0,0,5,5,0,0,35,0,35,0,0,35,5,40,486,3,489,529
03/08/2021,JRF,HI,AWP,WE,Federal Contract Tower,0,0,1,4,5,0,0,31,9,40,0,0,32,13,45,154,8,162,207
03/09/2021,JRF,HI,AWP,WE,Federal Contract Tower,0,0,1,4,5,0,0,8,4,12,0,0,9,8,17,83,31,114,131
03/10/2021,JRF,HI,AWP,WE,Federal Contract Tower,0,0,1,4,5,0,0,45,7,52,0,0,46,11,57,381,11,392,449
03/11/2021,JRF,HI,AWP,WE,Federal Contract Tower,0,0,5,6,11,0,0,60,20,80,0,0,65,26,91,334,15,349,440
03/12/2021,JRF,HI,AWP,WE,Federal Contract Tower,0,0,0,11,11,0,0,50,7,57,0,0,50,18,68,262,7,269,337
03/13/2021,JRF,HI,AWP,WE,Federal Contract Tower,0,0,1,7,8,0,0,127,15,142,0,0,128,22,150,567,7,574,724
03/14/2021,JRF,HI,AWP,WE,Federal Contract Tower,0,0,2,8,10,0,0,126,2,128,0,0,128,10,138,567,1,568,706
03/15/2021,JRF,HI,AWP,WE,Federal Contract Tower,0,0,2,5,7,0,0,53,28,81,0,0,55,33,88,369,34,403,491
03/16/2021,JRF,HI,AWP,WE,Federal Contract Tower,0,0,6,7,13,0,0,42,25,67,0,0,48,32,80,444,66,510,590
03/17/2021,JRF,HI,AWP,WE,Federal Contract Tower,0,0,2,10,12,0,0,66,15,81,0,0,68,25,93,400,39,439,532
03/18/2021,JRF,HI,AWP,WE,Federal Contract Tower,0,0,0,4,4,0,0,45,28,73,0,0,45,32,77,252,16,268,345
03/19/2021,JRF,HI,AWP,WE,Federal Contract Tower,0,0,4,4,8,0,0,68,0,68,0,0,72,4,76,605,9,614,690
03/20/2021,JRF,HI,AWP,WE,Federal Contract Tower,0,0,4,3,7,0,0,48,2,50,0,0,52,5,57,375,1,376,433
03/21/2021,JRF,HI,AWP,WE,Federal Contract Tower,0,0,1,1,2,0,0,25,0,25,0,0,26,1,27,224,11,235,262
03/22/2021,JRF,HI,AWP,WE,Federal Contract Tower,0,0,2,4,6,0,0,87,3,90,0,0,89,7,96,637,17,654,750
03/23/2021,JRF,HI,AWP,WE,Federal Contract Tower,0,0,5,1,6,0,0,58,6,64,0,0,63,7,70,295,23,318,388
03/24/2021,JRF,HI,AWP,WE,Federal Contract Tower,0,0,6,2,8,0,0,24,4,28,0,0,30,6,36,238,14,252,288
03/25/2021,JRF,HI,AWP,WE,Federal Contract Tower,0,0,6,6,12,0,0,34,4,38,0,0,40,10,50,344,15,359,409
03/26/2021,JRF,HI,AWP,WE,Federal Contract Tower,0,0,8,7,15,0,0,60,5,65,0,0,68,12,80,463,3,466,546
03/27/2021,JRF,HI,AWP,WE,Federal Contract Tower,0,0,1,5,6,0,0,24,1,25,0,0,25,6,31,437,5,442,473
03/28/2021,JRF,HI,AWP,WE,Federal Contract Tower,0,0,15,5,20,0,0,46,3,49,0,0,61,8,69,514,3,517,586
03/29/2021,JRF,HI,AWP,WE,Federal Contract Tower,0,0,3,3,6,0,0,48,19,67,0,0,51,22,73,281,49,330,403
03/30/2021,JRF,HI,AWP,WE,Federal Contract Tower,0,0,2,5,7,0,0,42,15,57,0,0,44,20,64,340,93,433,497
03/31/2021,JRF,HI,AWP,WE,Federal Contract Tower,0,0,2,4,6,0,0,49,13,62,0,0,51,17,68,519,55,574,642
04/01/2021,JRF,HI,AWP,WE,Federal Contract Tower,0,0,2,2,4,0,0,40,6,46,0,0,42,8,50,489,71,560,610
04/02/2021,JRF,HI,AWP,WE,Federal Contract Tower,0,0,13,4,17,0,0,88,6,94,0,0,101,10,111,493,17,510,621
04/03/2021,JRF,HI,AWP,WE,Federal Contract Tower,0,0,6,5,11,0,0,82,6,88,0,0,88,11,99,364,22,386,485
04/04/2021,JRF,HI,AWP,WE,Federal Contract Tower,0,0,0,2,2,0,0,41,3,44,0,0,41,5,46,243,11,254,300
04/05/2021,JRF,HI,AWP,WE,Federal Contract Tower,0,0,4,2,6,0,0,79,24,103,0,0,83,26,109,400,41,441,550
04/06/2021,JRF,HI,AWP,WE,Federal Contract Tower,0,0,0,10,10,0,0,59,11,70,0,0,59,21,80,302,71,373,453
04/07/2021,JRF,HI,AWP,WE,Federal Contract Tower,0,0,4,8,12,0,0,75,5,80,0,0,79,13,92,507,25,532,624
04/08/2021,JRF,HI,AWP,WE,Federal Contract Tower,0,0,3,5,8,0,0,70,30,100,0,0,73,35,108,336,45,381,489
04/09/2021,JRF,HI,AWP,WE,Federal Contract Tower,0,0,2,5,7,0,0,78,3,81,0,0,80,8,88,705,6,711,799
04/10/2021,JRF,HI,AWP,WE,Federal Contract Tower,0,0,2,10,12,0,0,120,6,126,0,0,122,16,138,544,11,555,693
04/11/2021,JRF,HI,AWP,WE,Federal Contract Tower,0,0,1,8,9,0,0,42,4,46,0,0,43,12,55,256,0,256,311
04/12/2021,JRF,HI,AWP,WE,Federal Contract Tower,0,0,2,6,8,0,0,59,7,66,0,0,61,13,74,445,21,466,540
04/13/2021,JRF,HI,AWP,WE,Federal Contract Tower,0,0,6,8,14,0,0,71,22,93,0,0,77,30,107,490,88,578,685
04/14/2021,JRF,HI,AWP,WE,Federal Contract Tower,0,0,5,8,13,0,0,65,38,103,0,0,70,46,116,517,202,719,835
04/15/2021,JRF,HI,AWP,WE,Federal Contract Tower,0,0,0,5,5,0,0,85,29,114,0,0,85,34,119,564,66,630,749
04/16/2021,JRF,HI,AWP,WE,Federal Contract Tower,0,0,4,5,9,0,0,93,1,94,0,0,97,6,103,357,7,364,467
04/17/2021,JRF,HI,AWP,WE,Federal Contract Tower,0,0,0,0,0,0,0,0,0,0,0,0,0,0,0,0,0,0,0
04/18/2021,JRF,HI,AWP,WE,Federal Contract Tower,0,0,0,0,0,0,0,0,0,0,0,0,0,0,0,0,0,0,0
04/19/2021,JRF,HI,AWP,WE,Federal Contract Tower,0,0,4,1,5,0,0,65,12,77,0,0,69,13,82,450,90,540,622
04/20/2021,JRF,HI,AWP,WE,Federal Contract Tower,0,0,3,6,9,0,0,58,34,92,0,0,61,40,101,272,110,382,483
04/21/2021,JRF,HI,AWP,WE,Federal Contract Tower,0,0,3,5,8,0,0,100,15,115,0,0,103,20,123,476,138,614,737
04/22/2021,JRF,HI,AWP,WE,Federal Contract Tower,0,0,0,5,5,0,0,93,22,115,0,0,93,27,120,555,49,604,724
04/23/2021,JRF,HI,AWP,WE,Federal Contract Tower,0,0,2,5,7,0,0,98,12,110,0,0,100,17,117,599,7,606,723
04/24/2021,JRF,HI,AWP,WE,Federal Contract Tower,0,0,5,5,10,0,0,45,3,48,0,0,50,8,58,322,6,328,386
04/25/2021,JRF,HI,AWP,WE,Federal Contract Tower,0,0,4,5,9,0,0,70,6,76,0,0,74,11,85,256,0,256,341
04/26/2021,JRF,HI,AWP,WE,Federal Contract Tower,0,0,2,4,6,0,0,52,58,110,0,0,54,62,116,476,160,636,752
04/27/2021,JRF,HI,AWP,WE,Federal Contract Tower,0,0,2,4,6,0,0,50,25,75,0,0,52,29,81,421,64,485,566
04/28/2021,JRF,HI,AWP,WE,Federal Contract Tower,0,0,11,2,13,0,0,78,21,99,0,0,89,23,112,360,61,421,533
04/29/2021,JRF,HI,AWP,WE,Federal Contract Tower,0,0,9,6,15,0,0,53,23,76,0,0,62,29,91,371,107,478,569
04/30/2021,JRF,HI,AWP,WE,Federal Contract Tower,0,0,4,10,14,0,0,62,25,87,0,0,66,35,101,390,7,397,498
05/01/2021,JRF,HI,AWP,WE,Federal Contract Tower,0,0,14,5,19,0,0,66,4,70,0,0,80,9,89,408,1,409,498
05/02/2021,JRF,HI,AWP,WE,Federal Contract Tower,0,0,2,9,11,0,0,45,5,50,0,0,47,14,61,217,4,221,282
05/03/2021,JRF,HI,AWP,WE,Federal Contract Tower,0,0,1,4,5,0,0,57,41,98,0,0,58,45,103,295,103,398,501
05/04/2021,JRF,HI,AWP,WE,Federal Contract Tower,0,0,1,7,8,0,0,51,26,77,0,0,52,33,85,337,167,504,589
05/05/2021,JRF,HI,AWP,WE,Federal Contract Tower,0,0,4,6,10,0,0,94,21,115,0,0,98,27,125,500,100,600,725
05/06/2021,JRF,HI,AWP,WE,Federal Contract Tower,0,0,4,4,8,0,0,96,35,131,0,0,100,39,139,409,98,507,646
05/07/2021,JRF,HI,AWP,WE,Federal Contract Tower,0,0,5,4,9,0,0,79,7,86,0,0,84,11,95,353,22,375,470
05/08/2021,JRF,HI,AWP,WE,Federal Contract Tower,0,0,4,1,5,0,0,46,6,52,0,0,50,7,57,363,22,385,442
05/09/2021,JRF,HI,AWP,WE,Federal Contract Tower,0,0,2,1,3,0,0,36,2,38,0,0,38,3,41,171,61,232,273
05/10/2021,JRF,HI,AWP,WE,Federal Contract Tower,0,0,5,3,8,0,0,69,50,119,0,0,74,53,127,438,102,540,667
05/11/2021,JRF,HI,AWP,WE,Federal Contract Tower,0,0,4,1,5,0,0,74,9,83,0,0,78,10,88,519,101,620,708
05/12/2021,JRF,HI,AWP,WE,Federal Contract Tower,0,0,0,4,4,0,0,93,14,107,0,0,93,18,111,410,87,497,608
05/13/2021,JRF,HI,AWP,WE,Federal Contract Tower,0,0,5,2,7,0,0,52,27,79,0,0,57,29,86,341,110,451,537
05/14/2021,JRF,HI,AWP,WE,Federal Contract Tower,0,0,2,4,6,0,0,1,76,77,0,0,3,80,83,538,71,609,692
05/15/2021,JRF,HI,AWP,WE,Federal Contract Tower,0,0,2,2,4,0,0,33,12,45,0,0,35,14,49,258,14,272,321
05/16/2021,JRF,HI,AWP,WE,Federal Contract Tower,0,0,0,4,4,0,0,30,0,30,0,0,30,4,34,266,10,276,310
05/17/2021,JRF,HI,AWP,WE,Federal Contract Tower,0,0,3,8,11,0,0,43,7,50,0,0,46,15,61,257,136,393,454
05/18/2021,JRF,HI,AWP,WE,Federal Contract Tower,0,0,2,4,6,0,0,28,35,63,0,0,30,39,69,301,119,420,489
05/19/2021,JRF,HI,AWP,WE,Federal Contract Tower,0,0,5,8,13,0,0,91,25,116,0,0,96,33,129,440,59,499,628
05/20/2021,JRF,HI,AWP,WE,Federal Contract Tower,0,0,10,11,21,0,0,93,45,138,0,0,103,56,159,556,98,654,813
05/21/2021,JRF,HI,AWP,WE,Federal Contract Tower,0,0,8,6,14,0,0,91,17,108,0,0,99,23,122,541,27,568,690
05/22/2021,JRF,HI,AWP,WE,Federal Contract Tower,0,0,5,3,8,0,0,58,8,66,0,0,63,11,74,207,11,218,292
05/23/2021,JRF,HI,AWP,WE,Federal Contract Tower,0,0,7,2,9,0,0,43,5,48,0,0,50,7,57,153,19,172,229
05/24/2021,JRF,HI,AWP,WE,Federal Contract Tower,0,0,3,6,9,0,0,59,18,77,0,0,62,24,86,483,56,539,625
05/25/2021,JRF,HI,AWP,WE,Federal Contract Tower,0,0,4,3,7,0,0,42,12,54,0,0,46,15,61,362,55,417,478
05/26/2021,JRF,HI,AWP,WE,Federal Contract Tower,0,0,14,6,20,0,0,53,28,81,0,0,67,34,101,311,40,351,452
05/27/2021,JRF,HI,AWP,WE,Federal Contract Tower,0,0,5,4,9,0,0,80,26,106,0,0,85,30,115,589,33,622,737
05/28/2021,JRF,HI,AWP,WE,Federal Contract Tower,0,0,10,4,14,0,0,65,10,75,0,0,75,14,89,368,21,389,478
05/29/2021,JRF,HI,AWP,WE,Federal Contract Tower,0,0,2,0,2,0,0,84,9,93,0,0,86,9,95,397,5,402,497
05/30/2021,JRF,HI,AWP,WE,Federal Contract Tower,0,0,0,2,2,0,0,90,4,94,0,0,90,6,96,248,14,262,358
05/31/2021,JRF,HI,AWP,WE,Federal Contract Tower,0,0,3,1,4,0,0,73,2,75,0,0,76,3,79,293,2,295,374
06/01/2021,JRF,HI,AWP,WE,Federal Contract Tower,0,0,2,6,8,0,0,61,8,69,0,0,63,14,77,429,41,470,547
06/02/2021,JRF,HI,AWP,WE,Federal Contract Tower,0,0,8,7,15,0,0,84,8,92,0,0,92,15,107,536,45,581,688
06/03/2021,JRF,HI,AWP,WE,Federal Contract Tower,0,0,11,6,17,0,0,90,13,103,0,0,101,19,120,607,53,660,780
06/04/2021,JRF,HI,AWP,WE,Federal Contract Tower,0,0,9,2,11,0,0,67,9,76,0,0,76,11,87,337,6,343,430
06/05/2021,JRF,HI,AWP,WE,Federal Contract Tower,0,0,5,9,14,0,0,57,3,60,0,0,62,12,74,351,1,352,426
06/06/2021,JRF,HI,AWP,WE,Federal Contract Tower,0,0,0,8,8,0,0,34,6,40,0,0,34,14,48,286,66,352,400
06/07/2021,JRF,HI,AWP,WE,Federal Contract Tower,0,0,3,4,7,0,0,49,12,61,0,0,52,16,68,419,46,465,533
06/08/2021,JRF,HI,AWP,WE,Federal Contract Tower,0,0,6,5,11,0,0,75,19,94,0,0,81,24,105,327,79,406,511
06/09/2021,JRF,HI,AWP,WE,Federal Contract Tower,0,0,1,3,4,0,0,57,20,77,0,0,58,23,81,344,79,423,504
06/10/2021,JRF,HI,AWP,WE,Federal Contract Tower,0,0,5,8,13,0,0,70,7,77,0,0,75,15,90,401,62,463,553
06/11/2021,JRF,HI,AWP,WE,Federal Contract Tower,0,0,10,5,15,0,0,80,11,91,0,0,90,16,106,504,13,517,623
06/12/2021,JRF,HI,AWP,WE,Federal Contract Tower,0,0,0,2,2,0,0,58,8,66,0,0,58,10,68,229,13,242,310
06/13/2021,JRF,HI,AWP,WE,Federal Contract Tower,0,0,4,3,7,0,0,33,3,36,0,0,37,6,43,265,12,277,320
06/14/2021,JRF,HI,AWP,WE,Federal Contract Tower,0,0,3,4,7,0,0,53,8,61,0,0,56,12,68,385,7,392,460
06/15/2021,JRF,HI,AWP,WE,Federal Contract Tower,0,0,4,4,8,0,0,88,16,104,0,0,92,20,112,639,57,696,808
06/16/2021,JRF,HI,AWP,WE,Federal Contract Tower,0,0,1,5,6,0,0,101,7,108,0,0,102,12,114,530,67,597,711
06/17/2021,JRF,HI,AWP,WE,Federal Contract Tower,0,0,7,10,17,0,0,78,21,99,0,0,85,31,116,629,57,686,802
06/18/2021,JRF,HI,AWP,WE,Federal Contract Tower,0,0,4,1,5,0,0,60,4,64,0,0,64,5,69,407,11,418,487
06/19/2021,JRF,HI,AWP,WE,Federal Contract Tower,0,0,3,5,8,0,0,36,2,38,0,0,39,7,46,248,20,268,314
06/20/2021,JRF,HI,AWP,WE,Federal Contract Tower,0,0,2,3,5,0,0,34,4,38,0,0,36,7,43,306,12,318,361
06/21/2021,JRF,HI,AWP,WE,Federal Contract Tower,0,0,1,14,15,0,0,104,30,134,0,0,105,44,149,554,31,585,734
06/22/2021,JRF,HI,AWP,WE,Federal Contract Tower,0,0,6,4,10,0,0,97,35,132,0,0,103,39,142,651,69,720,862
06/23/2021,JRF,HI,AWP,WE,Federal Contract Tower,0,0,0,6,6,0,0,75,31,106,0,0,75,37,112,397,28,425,537
06/24/2021,JRF,HI,AWP,WE,Federal Contract Tower,0,0,4,8,12,0,0,54,31,85,0,0,58,39,97,230,58,288,385
06/25/2021,JRF,HI,AWP,WE,Federal Contract Tower,0,0,9,8,17,0,0,54,3,57,0,0,63,11,74,366,5,371,445
06/26/2021,JRF,HI,AWP,WE,Federal Contract Tower,0,0,2,8,10,0,0,64,4,68,0,0,66,12,78,410,3,413,491
06/27/2021,JRF,HI,AWP,WE,Federal Contract Tower,0,0,2,2,4,0,0,35,5,40,0,0,37,7,44,335,13,348,392
06/28/2021,JRF,HI,AWP,WE,Federal Contract Tower,0,0,3,3,6,0,0,62,3,65,0,0,65,6,71,267,17,284,355
06/29/2021,JRF,HI,AWP,WE,Federal Contract Tower,0,0,1,4,5,0,0,85,13,98,0,0,86,17,103,429,81,510,613
06/30/2021,JRF,HI,AWP,WE,Federal Contract Tower,0,0,4,5,9,0,0,82,22,104,0,0,86,27,113,407,82,489,602
08/01/2021,JRF,HI,AWP,WE,Federal Contract Tower,0,0,2,3,5,0,0,29,7,36,0,0,31,10,41,199,12,211,252
08/02/2021,JRF,HI,AWP,WE,Federal Contract Tower,0,0,2,9,11,0,0,59,21,80,0,0,61,30,91,253,25,278,369
08/03/2021,JRF,HI,AWP,WE,Federal Contract Tower,0,0,10,9,19,0,0,70,40,110,0,0,80,49,129,274,76,350,479
08/04/2021,JRF,HI,AWP,WE,Federal Contract Tower,0,0,5,7,12,0,0,90,6,96,0,0,95,13,108,360,114,474,582
08/05/2021,JRF,HI,AWP,WE,Federal Contract Tower,0,0,6,3,9,0,0,38,53,91,0,0,44,56,100,308,101,409,509
08/06/2021,JRF,HI,AWP,WE,Federal Contract Tower,0,0,9,8,17,0,0,73,6,79,0,0,82,14,96,355,4,359,455
08/07/2021,JRF,HI,AWP,WE,Federal Contract Tower,0,0,1,6,7,0,0,40,12,52,0,0,41,18,59,299,13,312,371
08/08/2021,JRF,HI,AWP,WE,Federal Contract Tower,0,0,1,13,14,0,0,53,8,61,0,0,54,21,75,211,24,235,310
08/09/2021,JRF,HI,AWP,WE,Federal Contract Tower,0,0,0,6,6,0,0,75,8,83,0,0,75,14,89,302,38,340,429
08/10/2021,JRF,HI,AWP,WE,Federal Contract Tower,0,0,3,6,9,0,0,68,6,74,0,0,71,12,83,415,82,497,580
08/11/2021,JRF,HI,AWP,WE,Federal Contract Tower,0,0,0,11,11,0,0,63,13,76,0,0,63,24,87,398,73,471,558
08/12/2021,JRF,HI,AWP,WE,Federal Contract Tower,0,0,1,10,11,0,0,44,12,56,0,0,45,22,67,413,78,491,558
08/13/2021,JRF,HI,AWP,WE,Federal Contract Tower,0,0,1,6,7,0,0,78,2,80,0,0,79,8,87,439,11,450,537
08/14/2021,JRF,HI,AWP,WE,Federal Contract Tower,0,0,1,1,2,0,0,49,1,50,0,0,50,2,52,297,3,300,352
08/15/2021,JRF,HI,AWP,WE,Federal Contract Tower,0,0,0,3,3,0,0,60,12,72,0,0,60,15,75,358,27,385,460
08/16/2021,JRF,HI,AWP,WE,Federal Contract Tower,0,0,2,11,13,0,0,74,35,109,0,0,76,46,122,443,74,517,639
08/17/2021,JRF,HI,AWP,WE,Federal Contract Tower,0,0,2,8,10,0,0,58,18,76,0,0,60,26,86,455,97,552,638
08/18/2021,JRF,HI,AWP,WE,Federal Contract Tower,0,0,10,6,16,0,0,66,10,76,0,0,76,16,92,500,118,618,710
08/19/2021,JRF,HI,AWP,WE,Federal Contract Tower,0,0,3,13,16,0,0,70,20,90,0,0,73,33,106,602,67,669,775
08/20/2021,JRF,HI,AWP,WE,Federal Contract Tower,0,0,2,5,7,0,0,85,14,99,0,0,87,19,106,524,16,540,646
08/21/2021,JRF,HI,AWP,WE,Federal Contract Tower,0,0,4,1,5,0,0,36,7,43,0,0,40,8,48,282,25,307,355
08/22/2021,JRF,HI,AWP,WE,Federal Contract Tower,0,0,2,1,3,0,0,49,4,53,0,0,51,5,56,240,6,246,302
08/23/2021,JRF,HI,AWP,WE,Federal Contract Tower,0,0,2,9,11,0,0,11,3,14,0,0,13,12,25,73,63,136,161
08/24/2021,JRF,HI,AWP,WE,Federal Contract Tower,0,0,12,0,12,0,0,63,13,76,0,0,75,13,88,388,98,486,574
08/25/2021,JRF,HI,AWP,WE,Federal Contract Tower,0,0,5,11,16,0,0,55,16,71,0,0,60,27,87,482,52,534,621
08/26/2021,JRF,HI,AWP,WE,Federal Contract Tower,0,0,3,6,9,0,0,52,10,62,0,0,55,16,71,475,10,485,556
08/27/2021,JRF,HI,AWP,WE,Federal Contract Tower,0,0,9,5,14,0,0,103,10,113,0,0,112,15,127,351,15,366,493
08/28/2021,JRF,HI,AWP,WE,Federal Contract Tower,0,0,7,2,9,0,0,42,5,47,0,0,49,7,56,331,3,334,390
08/29/2021,JRF,HI,AWP,WE,Federal Contract Tower,0,0,3,7,10,0,0,49,4,53,0,0,52,11,63,203,41,244,307
08/30/2021,JRF,HI,AWP,WE,Federal Contract Tower,0,0,1,6,7,0,0,63,25,88,0,0,64,31,95,358,133,491,586
08/31/2021,JRF,HI,AWP,WE,Federal Contract Tower,0,0,2,7,9,0,0,67,14,81,0,0,69,21,90,358,118,476,566
09/01/2021,JRF,HI,AWP,WE,Federal Contract Tower,0,0,2,9,11,0,0,62,16,78,0,0,64,25,89,469,106,575,664
09/02/2021,JRF,HI,AWP,WE,Federal Contract Tower,0,0,1,7,8,0,0,42,13,55,0,0,43,20,63,379,22,401,464
09/03/2021,JRF,HI,AWP,WE,Federal Contract Tower,0,0,7,2,9,0,0,41,0,41,0,0,48,2,50,338,2,340,390
09/04/2021,JRF,HI,AWP,WE,Federal Contract Tower,0,0,1,0,1,0,0,44,4,48,0,0,45,4,49,304,11,315,364
09/05/2021,JRF,HI,AWP,WE,Federal Contract Tower,0,0,0,0,0,0,0,57,2,59,0,0,57,2,59,347,1,348,407
09/06/2021,JRF,HI,AWP,WE,Federal Contract Tower,0,0,6,0,6,0,0,87,4,91,0,0,93,4,97,293,3,296,393
09/07/2021,JRF,HI,AWP,WE,Federal Contract Tower,0,0,0,7,7,0,0,78,10,88,0,0,78,17,95,388,128,516,611
09/08/2021,JRF,HI,AWP,WE,Federal Contract Tower,0,0,3,8,11,0,0,84,34,118,0,0,87,42,129,632,309,941,1070
09/09/2021,JRF,HI,AWP,WE,Federal Contract Tower,0,0,3,8,11,0,0,60,49,109,0,0,63,57,120,370,28,398,518
09/10/2021,JRF,HI,AWP,WE,Federal Contract Tower,0,0,1,4,5,0,0,72,8,80,0,0,73,12,85,389,15,404,489
09/11/2021,JRF,HI,AWP,WE,Federal Contract Tower,0,0,4,2,6,0,0,50,6,56,0,0,54,8,62,358,15,373,435
09/12/2021,JRF,HI,AWP,WE,Federal Contract Tower,0,0,0,2,2,0,0,43,1,44,0,0,43,3,46,252,1,253,299
09/13/2021,JRF,HI,AWP,WE,Federal Contract Tower,0,0,1,6,7,0,0,51,15,66,0,0,52,21,73,485,63,548,621
09/14/2021,JRF,HI,AWP,WE,Federal Contract Tower,0,0,5,5,10,0,0,79,29,108,0,0,84,34,118,248,160,408,526
09/15/2021,JRF,HI,AWP,WE,Federal Contract Tower,0,0,2,5,7,0,0,83,11,94,0,0,85,16,101,383,46,429,530
09/16/2021,JRF,HI,AWP,WE,Federal Contract Tower,0,0,2,7,9,0,0,42,30,72,0,0,44,37,81,453,102,555,636
09/17/2021,JRF,HI,AWP,WE,Federal Contract Tower,0,0,7,4,11,0,0,94,6,100,0,0,101,10,111,389,56,445,556
09/18/2021,JRF,HI,AWP,WE,Federal Contract Tower,0,0,7,5,12,0,0,90,6,96,0,0,97,11,108,401,3,404,512
09/19/2021,JRF,HI,AWP,WE,Federal Contract Tower,0,0,1,4,5,0,0,48,0,48,0,0,49,4,53,260,0,260,313
09/20/2021,JRF,HI,AWP,WE,Federal Contract Tower,0,0,1,3,4,0,0,54,14,68,0,0,55,17,72,430,50,480,552
09/21/2021,JRF,HI,AWP,WE,Federal Contract Tower,0,0,0,3,3,0,0,93,7,100,0,0,93,10,103,262,72,334,437
09/22/2021,JRF,HI,AWP,WE,Federal Contract Tower,0,0,0,7,7,0,0,75,13,88,0,0,75,20,95,511,207,718,813
09/23/2021,JRF,HI,AWP,WE,Federal Contract Tower,0,0,4,5,9,0,0,52,14,66,0,0,56,19,75,323,97,420,495
09/24/2021,JRF,HI,AWP,WE,Federal Contract Tower,0,0,2,4,6,0,0,45,6,51,0,0,47,10,57,303,36,339,396
09/25/2021,JRF,HI,AWP,WE,Federal Contract Tower,0,0,3,2,5,0,0,47,2,49,0,0,50,4,54,319,51,370,424
09/26/2021,JRF,HI,AWP,WE,Federal Contract Tower,0,0,2,6,8,0,0,56,5,61,0,0,58,11,69,426,32,458,527
09/27/2021,JRF,HI,AWP,WE,Federal Contract Tower,0,0,1,7,8,0,0,71,9,80,0,0,72,16,88,345,89,434,522
09/28/2021,JRF,HI,AWP,WE,Federal Contract Tower,0,0,9,8,17,0,0,88,32,120,0,0,97,40,137,395,93,488,625
09/29/2021,JRF,HI,AWP,WE,Federal Contract Tower,0,0,2,5,7,0,0,63,27,90,0,0,65,32,97,495,108,603,700
09/30/2021,JRF,HI,AWP,WE,Federal Contract Tower,0,0,0,5,5,0,0,48,14,62,0,0,48,19,67,270,98,368,435
10/01/2021,JRF,HI,AWP,WE,Federal Contract Tower,0,0,1,2,3,0,0,56,8,64,0,0,57,10,67,353,28,381,448
10/02/2021,JRF,HI,AWP,WE,Federal Contract Tower,0,0,4,0,4,0,0,69,8,77,0,0,73,8,81,270,34,304,385
10/03/2021,JRF,HI,AWP,WE,Federal Contract Tower,0,0,3,1,4,0,0,48,4,52,0,0,51,5,56,323,0,323,379
10/04/2021,JRF,HI,AWP,WE,Federal Contract Tower,0,0,4,1,5,0,0,77,31,108,0,0,81,32,113,396,180,576,689
10/05/2021,JRF,HI,AWP,WE,Federal Contract Tower,0,0,1,8,9,0,0,64,14,78,0,0,65,22,87,328,167,495,582
10/06/2021,JRF,HI,AWP,WE,Federal Contract Tower,0,0,4,3,7,0,0,59,46,105,0,0,63,49,112,391,108,499,611
10/07/2021,JRF,HI,AWP,WE,Federal Contract Tower,0,0,0,11,11,0,0,36,14,50,0,0,36,25,61,202,56,258,319
10/08/2021,JRF,HI,AWP,WE,Federal Contract Tower,0,0,2,2,4,0,0,42,2,44,0,0,44,4,48,194,16,210,258
10/09/2021,JRF,HI,AWP,WE,Federal Contract Tower,0,0,1,3,4,0,0,18,4,22,0,0,19,7,26,102,4,106,132
10/10/2021,JRF,HI,AWP,WE,Federal Contract Tower,0,0,0,2,2,0,0,16,2,18,0,0,16,4,20,88,17,105,125
10/11/2021,JRF,HI,AWP,WE,Federal Contract Tower,0,0,7,1,8,0,0,55,9,64,0,0,62,10,72,270,6,276,348
10/12/2021,JRF,HI,AWP,WE,Federal Contract Tower,0,0,0,7,7,0,0,67,14,81,0,0,67,21,88,272,32,304,392
10/13/2021,JRF,HI,AWP,WE,Federal Contract Tower,0,0,2,10,12,0,0,62,16,78,0,0,64,26,90,275,67,342,432
10/14/2021,JRF,HI,AWP,WE,Federal Contract Tower,0,0,6,6,12,0,0,70,10,80,0,0,76,16,92,419,50,469,561
10/15/2021,JRF,HI,AWP,WE,Federal Contract Tower,0,0,5,2,7,0,0,69,22,91,0,0,74,24,98,404,43,447,545
10/16/2021,JRF,HI,AWP,WE,Federal Contract Tower,0,0,6,2,8,0,0,57,2,59,0,0,63,4,67,335,7,342,409
10/17/2021,JRF,HI,AWP,WE,Federal Contract Tower,0,0,2,3,5,0,0,58,1,59,0,0,60,4,64,375,17,392,456
10/18/2021,JRF,HI,AWP,WE,Federal Contract Tower,0,0,1,3,4,0,0,78,38,116,0,0,79,41,120,400,37,437,557
10/19/2021,JRF,HI,AWP,WE,Federal Contract Tower,0,0,4,2,6,0,0,85,38,123,0,0,89,40,129,353,70,423,552
10/20/2021,JRF,HI,AWP,WE,Federal Contract Tower,0,0,2,4,6,0,0,68,27,95,0,0,70,31,101,569,26,595,696
10/21/2021,JRF,HI,AWP,WE,Federal Contract Tower,0,0,8,4,12,0,0,75,14,89,0,0,83,18,101,575,62,637,738
10/22/2021,JRF,HI,AWP,WE,Federal Contract Tower,0,0,5,1,6,0,0,68,16,84,0,0,73,17,90,459,97,556,646
10/23/2021,JRF,HI,AWP,WE,Federal Contract Tower,0,0,5,4,9,0,0,78,26,104,0,0,83,30,113,345,20,365,478
10/24/2021,JRF,HI,AWP,WE,Federal Contract Tower,0,0,2,6,8,0,0,26,38,64,0,0,28,44,72,203,11,214,286
10/25/2021,JRF,HI,AWP,WE,Federal Contract Tower,0,0,2,1,3,0,0,53,30,83,0,0,55,31,86,322,64,386,472
10/26/2021,JRF,HI,AWP,WE,Federal Contract Tower,0,0,4,4,8,0,0,64,25,89,0,0,68,29,97,327,131,458,555
10/27/2021,JRF,HI,AWP,WE,Federal Contract Tower,0,0,7,6,13,0,0,95,30,125,0,0,102,36,138,538,47,585,723
10/28/2021,JRF,HI,AWP,WE,Federal Contract Tower,0,0,3,7,10,0,0,76,24,100,0,0,79,31,110,410,74,484,594
10/29/2021,JRF,HI,AWP,WE,Federal Contract Tower,0,0,2,5,7,0,0,85,23,108,0,0,87,28,115,473,21,494,609
10/30/2021,JRF,HI,AWP,WE,Federal Contract Tower,0,0,0,1,1,0,0,57,3,60,0,0,57,4,61,299,1,300,361
10/31/2021,JRF,HI,AWP,WE,Federal Contract Tower,0,0,2,1,3,0,0,52,4,56,0,0,54,5,59,300,23,323,382
11/01/2021,JRF,HI,AWP,WE,Federal Contract Tower,0,0,1,3,4,0,0,58,17,75,0,0,59,20,79,374,82,456,535
11/02/2021,JRF,HI,AWP,WE,Federal Contract Tower,0,0,3,6,9,0,0,39,33,72,0,0,42,39,81,330,135,465,546
11/03/2021,JRF,HI,AWP,WE,Federal Contract Tower,0,0,2,6,8,0,0,52,23,75,0,0,54,29,83,295,180,475,558
11/04/2021,JRF,HI,AWP,WE,Federal Contract Tower,0,0,1,6,7,0,0,56,7,63,0,0,57,13,70,378,24,402,472
11/05/2021,JRF,HI,AWP,WE,Federal Contract Tower,0,0,2,1,3,0,0,73,7,80,0,0,75,8,83,284,30,314,397
11/06/2021,JRF,HI,AWP,WE,Federal Contract Tower,0,0,6,1,7,0,0,76,12,88,0,0,82,13,95,383,14,397,492
11/07/2021,JRF,HI,AWP,WE,Federal Contract Tower,0,0,3,2,5,0,0,52,8,60,0,0,55,10,65,270,2,272,337
11/08/2021,JRF,HI,AWP,WE,Federal Contract Tower,0,0,3,6,9,0,0,48,11,59,0,0,51,17,68,313,48,361,429
11/09/2021,JRF,HI,AWP,WE,Federal Contract Tower,0,0,2,7,9,0,0,94,20,114,0,0,96,27,123,313,46,359,482
11/10/2021,JRF,HI,AWP,WE,Federal Contract Tower,0,0,6,3,9,0,0,93,17,110,0,0,99,20,119,549,52,601,720
11/11/2021,JRF,HI,AWP,WE,Federal Contract Tower,0,0,2,1,3,0,0,78,1,79,0,0,80,2,82,499,6,505,587
11/12/2021,JRF,HI,AWP,WE,Federal Contract Tower,0,0,2,6,8,0,0,93,3,96,0,0,95,9,104,513,39,552,656
11/13/2021,JRF,HI,AWP,WE,Federal Contract Tower,0,0,2,0,2,0,0,44,2,46,0,0,46,2,48,246,2,248,296
11/14/2021,JRF,HI,AWP,WE,Federal Contract Tower,0,0,0,2,2,0,0,16,2,18,0,0,16,4,20,194,9,203,223
11/15/2021,JRF,HI,AWP,WE,Federal Contract Tower,0,0,5,4,9,0,0,55,57,112,0,0,60,61,121,467,99,566,687
11/16/2021,JRF,HI,AWP,WE,Federal Contract Tower,0,0,3,7,10,0,0,43,30,73,0,0,46,37,83,418,55,473,556
11/17/2021,JRF,HI,AWP,WE,Federal Contract Tower,0,0,2,6,8,0,0,75,14,89,0,0,77,20,97,522,201,723,820
11/18/2021,JRF,HI,AWP,WE,Federal Contract Tower,0,0,3,10,13,0,0,43,36,79,0,0,46,46,92,532,88,620,712
11/19/2021,JRF,HI,AWP,WE,Federal Contract Tower,0,0,10,3,13,0,0,70,15,85,0,0,80,18,98,349,22,371,469
11/20/2021,JRF,HI,AWP,WE,Federal Contract Tower,0,0,1,2,3,0,0,55,2,57,0,0,56,4,60,325,2,327,387
11/21/2021,JRF,HI,AWP,WE,Federal Contract Tower,0,0,3,6,9,0,0,35,5,40,0,0,38,11,49,225,2,227,276
11/22/2021,JRF,HI,AWP,WE,Federal Contract Tower,0,0,3,5,8,0,0,87,39,126,0,0,90,44,134,400,236,636,770
11/23/2021,JRF,HI,AWP,WE,Federal Contract Tower,0,0,7,6,13,0,0,114,30,144,0,0,121,36,157,451,180,631,788
11/24/2021,JRF,HI,AWP,WE,Federal Contract Tower,0,0,9,1,10,0,0,58,7,65,0,0,67,8,75,350,25,375,450
11/25/2021,JRF,HI,AWP,WE,Federal Contract Tower,0,0,2,0,2,0,0,44,5,49,0,0,46,5,51,52,0,52,103
11/26/2021,JRF,HI,AWP,WE,Federal Contract Tower,0,0,1,1,2,0,0,90,4,94,0,0,91,5,96,357,2,359,455
11/27/2021,JRF,HI,AWP,WE,Federal Contract Tower,0,0,0,0,0,0,0,43,1,44,0,0,43,1,44,230,2,232,276
11/28/2021,JRF,HI,AWP,WE,Federal Contract Tower,0,0,4,2,6,0,0,36,2,38,0,0,40,4,44,273,8,281,325
11/29/2021,JRF,HI,AWP,WE,Federal Contract Tower,0,0,3,4,7,0,0,70,20,90,0,0,73,24,97,344,11,355,452
11/30/2021,JRF,HI,AWP,WE,Federal Contract Tower,0,0,2,7,9,0,0,80,22,102,0,0,82,29,111,465,94,559,670
12/01/2021,JRF,HI,AWP,WE,Federal Contract Tower,0,0,1,2,3,0,0,55,17,72,0,0,56,19,75,308,91,399,474
12/02/2021,JRF,HI,AWP,WE,Federal Contract Tower,0,0,1,9,10,0,0,66,22,88,0,0,67,31,98,417,122,539,637
12/03/2021,JRF,HI,AWP,WE,Federal Contract Tower,0,0,2,3,5,0,0,24,10,34,0,0,26,13,39,104,20,124,163
12/04/2021,JRF,HI,AWP,WE,Federal Contract Tower,0,0,1,5,6,0,0,33,5,38,0,0,34,10,44,276,21,297,341
12/05/2021,JRF,HI,AWP,WE,Federal Contract Tower,0,0,4,3,7,0,0,21,0,21,0,0,25,3,28,161,3,164,192
12/06/2021,JRF,HI,AWP,WE,Federal Contract Tower,0,0,0,2,2,0,0,4,4,8,0,0,4,6,10,0,10,10,20
12/07/2021,JRF,HI,AWP,WE,Federal Contract Tower,0,0,1,9,10,0,0,19,29,48,0,0,20,38,58,84,43,127,185
12/08/2021,JRF,HI,AWP,WE,Federal Contract Tower,0,0,4,12,16,0,0,98,40,138,0,0,102,52,154,631,162,793,947
12/09/2021,JRF,HI,AWP,WE,Federal Contract Tower,0,0,4,3,7,0,0,54,17,71,0,0,58,20,78,386,72,458,536
12/10/2021,JRF,HI,AWP,WE,Federal Contract Tower,0,0,4,5,9,0,0,86,17,103,0,0,90,22,112,381,11,392,504
12/11/2021,JRF,HI,AWP,WE,Federal Contract Tower,0,0,1,10,11,0,0,68,5,73,0,0,69,15,84,322,36,358,442
12/12/2021,JRF,HI,AWP,WE,Federal Contract Tower,0,0,2,11,13,0,0,77,7,84,0,0,79,18,97,342,10,352,449
12/13/2021,JRF,HI,AWP,WE,Federal Contract Tower,0,0,4,6,10,0,0,113,43,156,0,0,117,49,166,550,227,777,943
12/14/2021,JRF,HI,AWP,WE,Federal Contract Tower,0,0,6,6,12,0,0,112,38,150,0,0,118,44,162,474,84,558,720
12/15/2021,JRF,HI,AWP,WE,Federal Contract Tower,0,0,3,7,10,0,0,91,38,129,0,0,94,45,139,619,79,698,837
12/16/2021,JRF,HI,AWP,WE,Federal Contract Tower,0,0,0,5,5,0,0,57,33,90,0,0,57,38,95,379,73,452,547
12/17/2021,JRF,HI,AWP,WE,Federal Contract Tower,0,0,3,2,5,0,0,51,6,57,0,0,54,8,62,359,3,362,424
12/18/2021,JRF,HI,AWP,WE,Federal Contract Tower,0,0,4,2,6,0,0,50,6,56,0,0,54,8,62,276,22,298,360
12/19/2021,JRF,HI,AWP,WE,Federal Contract Tower,0,0,0,2,2,0,0,67,0,67,0,0,67,2,69,413,1,414,483
12/20/2021,JRF,HI,AWP,WE,Federal Contract Tower,0,0,5,5,10,0,0,97,9,106,0,0,102,14,116,360,59,419,535
12/21/2021,JRF,HI,AWP,WE,Federal Contract Tower,0,0,3,5,8,0,0,69,5,74,0,0,72,10,82,271,28,299,381
12/22/2021,JRF,HI,AWP,WE,Federal Contract Tower,0,0,9,1,10,0,0,77,20,97,0,0,86,21,107,342,57,399,506
12/23/2021,JRF,HI,AWP,WE,Federal Contract Tower,0,0,5,1,6,0,0,68,3,71,0,0,73,4,77,440,18,458,535
12/24/2021,JRF,HI,AWP,WE,Federal Contract Tower,0,0,0,0,0,0,0,63,0,63,0,0,63,0,63,192,0,192,255
12/25/2021,JRF,HI,AWP,WE,Federal Contract Tower,0,0,0,0,0,0,0,12,0,12,0,0,12,0,12,22,0,22,34
12/26/2021,JRF,HI,AWP,WE,Federal Contract Tower,0,0,4,0,4,0,0,39,2,41,0,0,43,2,45,187,2,189,234
12/27/2021,JRF,HI,AWP,WE,Federal Contract Tower,0,0,4,2,6,0,0,62,9,71,0,0,66,11,77,301,35,336,413
12/28/2021,JRF,HI,AWP,WE,Federal Contract Tower,0,0,3,4,7,0,0,87,9,96,0,0,90,13,103,384,14,398,501
12/29/2021,JRF,HI,AWP,WE,Federal Contract Tower,0,0,8,6,14,0,0,111,5,116,0,0,119,11,130,417,25,442,572
12/30/2021,JRF,HI,AWP,WE,Federal Contract Tower,0,0,0,1,1,0,0,22,7,29,0,0,22,8,30,163,7,170,200
12/31/2021,JRF,HI,AWP,WE,Federal Contract Tower,0,0,0,2,2,0,0,14,4,18,0,0,14,6,20,48,0,48,68
01/01/2022,JRF,HI,AWP,WE,Federal Contract Tower,0,0,1,2,3,0,0,3,1,4,0,0,4,3,7,4,0,4,11
01/02/2022,JRF,HI,AWP,WE,Federal Contract Tower,0,0,2,0,2,0,0,1,0,1,0,0,3,0,3,1,0,1,4
01/03/2022,JRF,HI,AWP,WE,Federal Contract Tower,0,0,9,1,10,0,0,13,2,15,0,0,22,3,25,119,9,128,153
01/04/2022,JRF,HI,AWP,WE,Federal Contract Tower,0,0,1,0,1,0,0,56,13,69,0,0,57,13,70,274,54,328,398
01/05/2022,JRF,HI,AWP,WE,Federal Contract Tower,0,0,7,5,12,0,0,66,15,81,0,0,73,20,93,509,75,584,677
01/06/2022,JRF,HI,AWP,WE,Federal Contract Tower,0,0,1,6,7,0,0,53,9,62,0,0,54,15,69,501,36,537,606
01/07/2022,JRF,HI,AWP,WE,Federal Contract Tower,0,0,8,4,12,0,0,101,7,108,0,0,109,11,120,415,2,417,537
01/08/2022,JRF,HI,AWP,WE,Federal Contract Tower,0,0,3,2,5,0,0,90,4,94,0,0,93,6,99,518,3,521,620
01/09/2022,JRF,HI,AWP,WE,Federal Contract Tower,0,0,6,3,9,0,0,79,3,82,0,0,85,6,91,456,18,474,565
01/10/2022,JRF,HI,AWP,WE,Federal Contract Tower,0,0,6,11,17,0,0,108,20,128,0,0,114,31,145,428,103,531,676
01/11/2022,JRF,HI,AWP,WE,Federal Contract Tower,0,0,1,10,11,0,0,63,9,72,0,0,64,19,83,411,75,486,569
01/12/2022,JRF,HI,AWP,WE,Federal Contract Tower,0,0,7,13,20,0,0,90,30,120,0,0,97,43,140,430,105,535,675
01/13/2022,JRF,HI,AWP,WE,Federal Contract Tower,0,0,1,15,16,0,0,110,13,123,0,0,111,28,139,440,33,473,612
01/14/2022,JRF,HI,AWP,WE,Federal Contract Tower,0,0,3,9,12,0,0,90,8,98,0,0,93,17,110,438,28,466,576
01/15/2022,JRF,HI,AWP,WE,Federal Contract Tower,0,0,1,3,4,0,0,76,6,82,0,0,77,9,86,457,20,477,563
01/16/2022,JRF,HI,AWP,WE,Federal Contract Tower,0,0,5,4,9,0,0,40,0,40,0,0,45,4,49,275,22,297,346
01/17/2022,JRF,HI,AWP,WE,Federal Contract Tower,0,0,4,3,7,0,0,137,3,140,0,0,141,6,147,506,25,531,678
01/18/2022,JRF,HI,AWP,WE,Federal Contract Tower,0,0,4,4,8,0,0,47,14,61,0,0,51,18,69,547,67,614,683
01/19/2022,JRF,HI,AWP,WE,Federal Contract Tower,0,0,1,11,12,0,0,63,9,72,0,0,64,20,84,284,62,346,430
01/20/2022,JRF,HI,AWP,WE,Federal Contract Tower,0,0,8,4,12,0,0,38,27,65,0,0,46,31,77,322,115,437,514
01/21/2022,JRF,HI,AWP,WE,Federal Contract Tower,0,0,2,5,7,0,0,107,12,119,0,0,109,17,126,445,13,458,584
01/22/2022,JRF,HI,AWP,WE,Federal Contract Tower,0,0,3,2,5,0,0,61,0,61,0,0,64,2,66,366,1,367,433
01/23/2022,JRF,HI,AWP,WE,Federal Contract Tower,0,0,1,2,3,0,0,75,3,78,0,0,76,5,81,348,2,350,431
01/24/2022,JRF,HI,AWP,WE,Federal Contract Tower,0,0,2,4,6,0,0,22,50,72,0,0,24,54,78,389,57,446,524
01/25/2022,JRF,HI,AWP,WE,Federal Contract Tower,0,0,1,6,7,0,0,55,21,76,0,0,56,27,83,399,120,519,602
01/26/2022,JRF,HI,AWP,WE,Federal Contract Tower,0,0,5,11,16,0,0,58,17,75,0,0,63,28,91,457,120,577,668
01/27/2022,JRF,HI,AWP,WE,Federal Contract Tower,0,0,3,6,9,0,0,43,16,59,0,0,46,22,68,446,38,484,552
01/28/2022,JRF,HI,AWP,WE,Federal Contract Tower,0,0,9,2,11,0,0,84,10,94,0,0,93,12,105,389,1,390,495
01/29/2022,JRF,HI,AWP,WE,Federal Contract Tower,0,0,3,1,4,0,0,56,1,57,0,0,59,2,61,337,21,358,419
01/30/2022,JRF,HI,AWP,WE,Federal Contract Tower,0,0,4,2,6,0,0,46,2,48,0,0,50,4,54,261,2,263,317
01/31/2022,JRF,HI,AWP,WE,Federal Contract Tower,0,0,3,2,5,0,0,93,20,113,0,0,96,22,118,452,120,572,690
02/01/2022,JRF,HI,AWP,WE,Federal Contract Tower,0,0,10,4,14,0,0,30,24,54,0,0,40,28,68,462,80,542,610
02/02/2022,JRF,HI,AWP,WE,Federal Contract Tower,0,0,1,8,9,0,0,68,44,112,0,0,69,52,121,460,183,643,764
02/03/2022,JRF,HI,AWP,WE,Federal Contract Tower,0,0,7,5,12,0,0,53,14,67,0,0,60,19,79,410,85,495,574
02/04/2022,JRF,HI,AWP,WE,Federal Contract Tower,0,0,5,3,8,0,0,60,14,74,0,0,65,17,82,271,22,293,375
02/05/2022,JRF,HI,AWP,WE,Federal Contract Tower,0,0,3,4,7,0,0,101,11,112,0,0,104,15,119,416,12,428,547
02/06/2022,JRF,HI,AWP,WE,Federal Contract Tower,0,0,5,6,11,0,0,56,5,61,0,0,61,11,72,371,6,377,449
02/07/2022,JRF,HI,AWP,WE,Federal Contract Tower,0,0,1,4,5,0,0,76,3,79,0,0,77,7,84,481,82,563,647
02/08/2022,JRF,HI,AWP,WE,Federal Contract Tower,0,0,1,13,14,0,0,100,25,125,0,0,101,38,139,499,84,583,722
02/09/2022,JRF,HI,AWP,WE,Federal Contract Tower,0,0,0,10,10,0,0,77,23,100,0,0,77,33,110,367,142,509,619
02/10/2022,JRF,HI,AWP,WE,Federal Contract Tower,0,0,3,7,10,0,0,89,20,109,0,0,92,27,119,515,76,591,710
02/11/2022,JRF,HI,AWP,WE,Federal Contract Tower,0,0,3,3,6,0,0,54,6,60,0,0,57,9,66,377,3,380,446
02/12/2022,JRF,HI,AWP,WE,Federal Contract Tower,0,0,4,3,7,0,0,88,2,90,0,0,92,5,97,408,10,418,515
02/13/2022,JRF,HI,AWP,WE,Federal Contract Tower,0,0,5,4,9,0,0,50,8,58,0,0,55,12,67,357,10,367,434
02/14/2022,JRF,HI,AWP,WE,Federal Contract Tower,0,0,4,9,13,0,0,65,8,73,0,0,69,17,86,435,79,514,600
02/15/2022,JRF,HI,AWP,WE,Federal Contract Tower,0,0,6,9,15,0,0,89,26,115,0,0,95,35,130,409,147,556,686
02/16/2022,JRF,HI,AWP,WE,Federal Contract Tower,0,0,7,11,18,0,0,109,16,125,0,0,116,27,143,499,126,625,768
02/17/2022,JRF,HI,AWP,WE,Federal Contract Tower,0,0,2,10,12,0,0,48,15,63,0,0,50,25,75,445,55,500,575
02/18/2022,JRF,HI,AWP,WE,Federal Contract Tower,0,0,4,4,8,0,0,92,4,96,0,0,96,8,104,516,7,523,627
02/19/2022,JRF,HI,AWP,WE,Federal Contract Tower,0,0,8,2,10,0,0,66,2,68,0,0,74,4,78,380,25,405,483
02/20/2022,JRF,HI,AWP,WE,Federal Contract Tower,0,0,0,4,4,0,0,47,3,50,0,0,47,7,54,370,23,393,447
02/21/2022,JRF,HI,AWP,WE,Federal Contract Tower,0,0,5,1,6,0,0,71,6,77,0,0,76,7,83,459,20,479,562
02/22/2022,JRF,HI,AWP,WE,Federal Contract Tower,0,0,5,9,14,0,0,49,13,62,0,0,54,22,76,328,80,408,484
02/23/2022,JRF,HI,AWP,WE,Federal Contract Tower,0,0,3,10,13,0,0,52,11,63,0,0,55,21,76,284,65,349,425
02/24/2022,JRF,HI,AWP,WE,Federal Contract Tower,0,0,3,9,12,0,0,63,15,78,0,0,66,24,90,378,81,459,549
02/25/2022,JRF,HI,AWP,WE,Federal Contract Tower,0,0,3,4,7,0,0,60,12,72,0,0,63,16,79,424,32,456,535
02/26/2022,JRF,HI,AWP,WE,Federal Contract Tower,0,0,6,3,9,0,0,37,2,39,0,0,43,5,48,381,8,389,437
02/27/2022,JRF,HI,AWP,WE,Federal Contract Tower,0,0,2,4,6,0,0,50,3,53,0,0,52,7,59,420,0,420,479
02/28/2022,JRF,HI,AWP,WE,Federal Contract Tower,0,0,3,5,8,0,0,104,12,116,0,0,107,17,124,380,99,479,603
03/01/2022,JRF,HI,AWP,WE,Federal Contract Tower,0,0,7,7,14,0,0,107,14,121,0,0,114,21,135,509,101,610,745
03/02/2022,JRF,HI,AWP,WE,Federal Contract Tower,0,0,3,9,12,0,0,70,12,82,0,0,73,21,94,451,108,559,653
03/03/2022,JRF,HI,AWP,WE,Federal Contract Tower,0,0,8,15,23,0,0,65,22,87,0,0,73,37,110,301,100,401,511
03/04/2022,JRF,HI,AWP,WE,Federal Contract Tower,0,0,3,10,13,0,0,64,3,67,0,0,67,13,80,415,3,418,498
03/05/2022,JRF,HI,AWP,WE,Federal Contract Tower,0,0,1,6,7,0,0,67,13,80,0,0,68,19,87,354,20,374,461
03/06/2022,JRF,HI,AWP,WE,Federal Contract Tower,0,0,6,7,13,0,0,40,4,44,0,0,46,11,57,303,2,305,362
03/07/2022,JRF,HI,AWP,WE,Federal Contract Tower,0,0,4,5,9,0,0,33,8,41,0,0,37,13,50,248,21,269,319
03/08/2022,JRF,HI,AWP,WE,Federal Contract Tower,0,0,6,9,15,0,0,59,22,81,0,0,65,31,96,316,101,417,513
03/09/2022,JRF,HI,AWP,WE,Federal Contract Tower,0,0,9,6,15,0,0,74,9,83,0,0,83,15,98,326,76,402,500
03/10/2022,JRF,HI,AWP,WE,Federal Contract Tower,0,0,1,6,7,0,0,106,15,121,0,0,107,21,128,600,26,626,754
03/11/2022,JRF,HI,AWP,WE,Federal Contract Tower,0,0,9,5,14,0,0,81,5,86,0,0,90,10,100,269,3,272,372
03/12/2022,JRF,HI,AWP,WE,Federal Contract Tower,0,0,5,1,6,0,0,65,2,67,0,0,70,3,73,397,32,429,502
03/13/2022,JRF,HI,AWP,WE,Federal Contract Tower,0,0,5,4,9,0,0,42,1,43,0,0,47,5,52,387,12,399,451
03/14/2022,JRF,HI,AWP,WE,Federal Contract Tower,0,0,4,3,7,0,0,63,3,66,0,0,67,6,73,300,85,385,458
03/15/2022,JRF,HI,AWP,WE,Federal Contract Tower,0,0,3,8,11,0,0,62,22,84,0,0,65,30,95,390,20,410,505
03/16/2022,JRF,HI,AWP,WE,Federal Contract Tower,0,0,4,2,6,0,0,54,14,68,0,0,58,16,74,388,37,425,499
03/17/2022,JRF,HI,AWP,WE,Federal Contract Tower,0,0,5,5,10,0,0,95,24,119,0,0,100,29,129,295,30,325,454
03/18/2022,JRF,HI,AWP,WE,Federal Contract Tower,0,0,10,3,13,0,0,96,7,103,0,0,106,10,116,439,64,503,619
03/19/2022,JRF,HI,AWP,WE,Federal Contract Tower,0,0,4,3,7,0,0,72,1,73,0,0,76,4,80,326,22,348,428
03/20/2022,JRF,HI,AWP,WE,Federal Contract Tower,0,0,6,1,7,0,0,72,4,76,0,0,78,5,83,320,4,324,407
03/21/2022,JRF,HI,AWP,WE,Federal Contract Tower,0,0,5,3,8,0,0,77,14,91,0,0,82,17,99,540,79,619,718
03/22/2022,JRF,HI,AWP,WE,Federal Contract Tower,0,0,4,1,5,0,0,102,41,143,0,0,106,42,148,453,84,537,685
03/23/2022,JRF,HI,AWP,WE,Federal Contract Tower,0,0,6,6,12,0,0,68,22,90,0,0,74,28,102,375,135,510,612
03/24/2022,JRF,HI,AWP,WE,Federal Contract Tower,0,0,4,4,8,0,0,47,22,69,0,0,51,26,77,286,44,330,407
03/25/2022,JRF,HI,AWP,WE,Federal Contract Tower,0,0,9,3,12,0,0,33,10,43,0,0,42,13,55,200,32,232,287
03/26/2022,JRF,HI,AWP,WE,Federal Contract Tower,0,0,4,1,5,0,0,75,3,78,0,0,79,4,83,350,18,368,451
03/27/2022,JRF,HI,AWP,WE,Federal Contract Tower,0,0,3,7,10,0,0,42,0,42,0,0,45,7,52,246,15,261,313
03/28/2022,JRF,HI,AWP,WE,Federal Contract Tower,0,0,9,8,17,0,0,105,33,138,0,0,114,41,155,707,102,809,964
03/29/2022,JRF,HI,AWP,WE,Federal Contract Tower,0,0,4,2,6,0,0,62,29,91,0,0,66,31,97,397,61,458,555
03/30/2022,JRF,HI,AWP,WE,Federal Contract Tower,0,0,7,6,13,0,0,76,12,88,0,0,83,18,101,350,97,447,548
03/31/2022,JRF,HI,AWP,WE,Federal Contract Tower,0,0,7,7,14,0,0,71,21,92,0,0,78,28,106,431,92,523,629
04/01/2022,JRF,HI,AWP,WE,Federal Contract Tower,0,0,6,4,10,0,0,72,4,76,0,0,78,8,86,300,20,320,406
04/02/2022,JRF,HI,AWP,WE,Federal Contract Tower,0,0,4,2,6,0,0,41,7,48,0,0,45,9,54,258,16,274,328
04/03/2022,JRF,HI,AWP,WE,Federal Contract Tower,0,0,2,9,11,0,0,20,4,24,0,0,22,13,35,219,11,230,265
04/04/2022,JRF,HI,AWP,WE,Federal Contract Tower,0,0,9,4,13,0,0,73,5,78,0,0,82,9,91,455,64,519,610
04/05/2022,JRF,HI,AWP,WE,Federal Contract Tower,0,0,1,9,10,0,0,87,16,103,0,0,88,25,113,402,54,456,569
04/06/2022,JRF,HI,AWP,WE,Federal Contract Tower,0,0,4,7,11,0,0,75,10,85,0,0,79,17,96,538,101,639,735
04/07/2022,JRF,HI,AWP,WE,Federal Contract Tower,0,0,4,10,14,0,0,69,47,116,0,0,73,57,130,280,63,343,473
04/08/2022,JRF,HI,AWP,WE,Federal Contract Tower,0,0,7,4,11,0,0,46,10,56,0,0,53,14,67,271,23,294,361
04/09/2022,JRF,HI,AWP,WE,Federal Contract Tower,0,0,2,2,4,0,0,64,14,78,0,0,66,16,82,315,9,324,406
04/10/2022,JRF,HI,AWP,WE,Federal Contract Tower,0,0,0,3,3,0,0,46,4,50,0,0,46,7,53,269,0,269,322
04/11/2022,JRF,HI,AWP,WE,Federal Contract Tower,0,0,2,3,5,0,0,57,11,68,0,0,59,14,73,349,98,447,520
04/12/2022,JRF,HI,AWP,WE,Federal Contract Tower,0,0,3,1,4,0,0,68,18,86,0,0,71,19,90,315,39,354,444
04/13/2022,JRF,HI,AWP,WE,Federal Contract Tower,0,0,3,6,9,0,0,71,11,82,0,0,74,17,91,373,71,444,535
04/14/2022,JRF,HI,AWP,WE,Federal Contract Tower,0,0,2,11,13,0,0,55,13,68,0,0,57,24,81,320,37,357,438
04/15/2022,JRF,HI,AWP,WE,Federal Contract Tower,0,0,5,2,7,0,0,53,1,54,0,0,58,3,61,352,29,381,442
04/16/2022,JRF,HI,AWP,WE,Federal Contract Tower,0,0,1,5,6,0,0,57,3,60,0,0,58,8,66,303,9,312,378
04/17/2022,JRF,HI,AWP,WE,Federal Contract Tower,0,0,5,5,10,0,0,54,0,54,0,0,59,5,64,205,8,213,277
04/18/2022,JRF,HI,AWP,WE,Federal Contract Tower,0,0,6,6,12,0,0,52,5,57,0,0,58,11,69,531,6,537,606
04/19/2022,JRF,HI,AWP,WE,Federal Contract Tower,0,0,3,9,12,0,0,66,36,102,0,0,69,45,114,419,88,507,621
04/20/2022,JRF,HI,AWP,WE,Federal Contract Tower,0,0,4,7,11,0,0,102,19,121,0,0,106,26,132,460,112,572,704
04/21/2022,JRF,HI,AWP,WE,Federal Contract Tower,0,0,3,8,11,0,0,82,26,108,0,0,85,34,119,362,42,404,523
04/22/2022,JRF,HI,AWP,WE,Federal Contract Tower,0,0,6,6,12,0,0,64,7,71,0,0,70,13,83,290,35,325,408
04/23/2022,JRF,HI,AWP,WE,Federal Contract Tower,0,0,3,6,9,0,0,70,6,76,0,0,73,12,85,369,5,374,459
04/24/2022,JRF,HI,AWP,WE,Federal Contract Tower,0,0,5,3,8,0,0,51,0,51,0,0,56,3,59,450,8,458,517
04/25/2022,JRF,HI,AWP,WE,Federal Contract Tower,0,0,1,0,1,0,0,81,8,89,0,0,82,8,90,328,65,393,483
04/26/2022,JRF,HI,AWP,WE,Federal Contract Tower,0,0,2,6,8,0,0,77,15,92,0,0,79,21,100,520,51,571,671
04/27/2022,JRF,HI,AWP,WE,Federal Contract Tower,0,0,5,9,14,0,0,87,26,113,0,0,92,35,127,340,58,398,525
04/28/2022,JRF,HI,AWP,WE,Federal Contract Tower,0,0,5,6,11,0,0,40,19,59,0,0,45,25,70,223,88,311,381
04/29/2022,JRF,HI,AWP,WE,Federal Contract Tower,0,0,7,6,13,0,0,69,19,88,0,0,76,25,101,276,30,306,407
04/30/2022,JRF,HI,AWP,WE,Federal Contract Tower,0,0,0,1,1,0,0,83,5,88,0,0,83,6,89,365,56,421,510
05/01/2022,JRF,HI,AWP,WE,Federal Contract Tower,0,0,0,3,3,0,0,47,0,47,0,0,47,3,50,303,15,318,368
05/02/2022,JRF,HI,AWP,WE,Federal Contract Tower,0,0,5,2,7,0,0,57,2,59,0,0,62,4,66,341,100,441,507
05/03/2022,JRF,HI,AWP,WE,Federal Contract Tower,0,0,3,3,6,0,0,70,28,98,0,0,73,31,104,382,50,432,536
05/04/2022,JRF,HI,AWP,WE,Federal Contract Tower,0,0,4,6,10,0,0,89,22,111,0,0,93,28,121,379,44,423,544
05/05/2022,JRF,HI,AWP,WE,Federal Contract Tower,0,0,0,5,5,0,0,70,44,114,0,0,70,49,119,404,41,445,564
05/06/2022,JRF,HI,AWP,WE,Federal Contract Tower,0,0,2,8,10,0,0,69,10,79,0,0,71,18,89,376,20,396,485
05/07/2022,JRF,HI,AWP,WE,Federal Contract Tower,0,0,5,3,8,0,0,54,0,54,0,0,59,3,62,347,1,348,410
05/08/2022,JRF,HI,AWP,WE,Federal Contract Tower,0,0,0,3,3,0,0,47,0,47,0,0,47,3,50,269,1,270,320
05/09/2022,JRF,HI,AWP,WE,Federal Contract Tower,0,0,0,3,3,0,0,86,5,91,0,0,86,8,94,323,63,386,480
05/10/2022,JRF,HI,AWP,WE,Federal Contract Tower,0,0,3,3,6,0,0,78,41,119,0,0,81,44,125,374,16,390,515
05/11/2022,JRF,HI,AWP,WE,Federal Contract Tower,0,0,1,3,4,0,0,79,21,100,0,0,80,24,104,380,85,465,569
05/12/2022,JRF,HI,AWP,WE,Federal Contract Tower,0,0,1,1,2,0,0,92,18,110,0,0,93,19,112,431,6,437,549
05/13/2022,JRF,HI,AWP,WE,Federal Contract Tower,0,0,1,2,3,0,0,49,11,60,0,0,50,13,63,325,6,331,394
05/14/2022,JRF,HI,AWP,WE,Federal Contract Tower,0,0,3,2,5,0,0,53,7,60,0,0,56,9,65,367,7,374,439
05/15/2022,JRF,HI,AWP,WE,Federal Contract Tower,0,0,1,5,6,0,0,32,1,33,0,0,33,6,39,248,22,270,309
05/16/2022,JRF,HI,AWP,WE,Federal Contract Tower,0,0,4,6,10,0,0,72,3,75,0,0,76,9,85,292,24,316,401
05/17/2022,JRF,HI,AWP,WE,Federal Contract Tower,0,0,0,8,8,0,0,70,10,80,0,0,70,18,88,396,24,420,508
05/18/2022,JRF,HI,AWP,WE,Federal Contract Tower,0,0,2,7,9,0,0,18,12,30,0,0,20,19,39,215,38,253,292
05/19/2022,JRF,HI,AWP,WE,Federal Contract Tower,0,0,3,8,11,0,0,85,34,119,0,0,88,42,130,372,38,410,540
05/20/2022,JRF,HI,AWP,WE,Federal Contract Tower,0,0,4,4,8,0,0,25,4,29,0,0,29,8,37,80,2,82,119
05/21/2022,JRF,HI,AWP,WE,Federal Contract Tower,0,0,4,5,9,0,0,50,4,54,0,0,54,9,63,327,4,331,394
05/22/2022,JRF,HI,AWP,WE,Federal Contract Tower,0,0,7,2,9,0,0,60,1,61,0,0,67,3,70,241,2,243,313
05/23/2022,JRF,HI,AWP,WE,Federal Contract Tower,0,0,4,9,13,0,0,48,1,49,0,0,52,10,62,399,28,427,489
05/24/2022,JRF,HI,AWP,WE,Federal Contract Tower,0,0,6,10,16,0,0,55,22,77,0,0,61,32,93,386,55,441,534
05/25/2022,JRF,HI,AWP,WE,Federal Contract Tower,0,0,0,7,7,0,0,117,22,139,0,0,117,29,146,435,37,472,618
05/26/2022,JRF,HI,AWP,WE,Federal Contract Tower,0,0,0,5,5,0,0,100,13,113,0,0,100,18,118,313,10,323,441
05/27/2022,JRF,HI,AWP,WE,Federal Contract Tower,0,0,2,1,3,0,0,74,1,75,0,0,76,2,78,408,30,438,516
05/28/2022,JRF,HI,AWP,WE,Federal Contract Tower,0,0,1,2,3,0,0,45,1,46,0,0,46,3,49,431,1,432,481
05/29/2022,JRF,HI,AWP,WE,Federal Contract Tower,0,0,0,4,4,0,0,32,0,32,0,0,32,4,36,253,0,253,289
05/30/2022,JRF,HI,AWP,WE,Federal Contract Tower,0,0,1,2,3,0,0,67,1,68,0,0,68,3,71,358,2,360,431
05/31/2022,JRF,HI,AWP,WE,Federal Contract Tower,0,0,2,4,6,0,0,75,16,91,0,0,77,20,97,393,61,454,551
06/01/2022,JRF,HI,AWP,WE,Federal Contract Tower,0,0,5,2,7,0,0,96,13,109,0,0,101,15,116,394,47,441,557
06/02/2022,JRF,HI,AWP,WE,Federal Contract Tower,0,0,0,3,3,0,0,91,26,117,0,0,91,29,120,433,122,555,675
06/03/2022,JRF,HI,AWP,WE,Federal Contract Tower,0,0,1,8,9,0,0,62,2,64,0,0,63,10,73,332,5,337,410
06/04/2022,JRF,HI,AWP,WE,Federal Contract Tower,0,0,1,11,12,0,0,76,6,82,0,0,77,17,94,337,8,345,439
06/05/2022,JRF,HI,AWP,WE,Federal Contract Tower,0,0,3,7,10,0,0,30,6,36,0,0,33,13,46,255,11,266,312
06/06/2022,JRF,HI,AWP,WE,Federal Contract Tower,0,0,0,5,5,0,0,45,13,58,0,0,45,18,63,393,41,434,497
06/07/2022,JRF,HI,AWP,WE,Federal Contract Tower,0,0,3,2,5,0,0,96,7,103,0,0,99,9,108,484,44,528,636
06/08/2022,JRF,HI,AWP,WE,Federal Contract Tower,0,0,0,5,5,0,0,53,6,59,0,0,53,11,64,387,48,435,499
06/09/2022,JRF,HI,AWP,WE,Federal Contract Tower,0,0,1,8,9,0,0,59,10,69,0,0,60,18,78,398,30,428,506
06/10/2022,JRF,HI,AWP,WE,Federal Contract Tower,0,0,0,3,3,0,0,48,3,51,0,0,48,6,54,365,3,368,422
06/11/2022,JRF,HI,AWP,WE,Federal Contract Tower,0,0,1,3,4,0,0,46,10,56,0,0,47,13,60,341,14,355,415
06/12/2022,JRF,HI,AWP,WE,Federal Contract Tower,0,0,2,4,6,0,0,25,2,27,0,0,27,6,33,255,34,289,322
06/13/2022,JRF,HI,AWP,WE,Federal Contract Tower,0,0,3,5,8,0,0,12,17,29,0,0,15,22,37,215,46,261,298
06/14/2022,JRF,HI,AWP,WE,Federal Contract Tower,0,0,0,7,7,0,0,110,20,130,0,0,110,27,137,540,30,570,707
06/15/2022,JRF,HI,AWP,WE,Federal Contract Tower,0,0,0,1,1,0,0,80,64,144,0,0,80,65,145,387,96,483,628
06/16/2022,JRF,HI,AWP,WE,Federal Contract Tower,0,0,2,4,6,0,0,109,31,140,0,0,111,35,146,457,27,484,630
06/17/2022,JRF,HI,AWP,WE,Federal Contract Tower,0,0,1,1,2,0,0,100,3,103,0,0,101,4,105,546,21,567,672
06/18/2022,JRF,HI,AWP,WE,Federal Contract Tower,0,0,2,4,6,0,0,40,2,42,0,0,42,6,48,332,2,334,382
06/19/2022,JRF,HI,AWP,WE,Federal Contract Tower,0,0,1,5,6,0,0,29,2,31,0,0,30,7,37,164,2,166,203
06/20/2022,JRF,HI,AWP,WE,Federal Contract Tower,0,0,0,1,1,0,0,95,3,98,0,0,95,4,99,384,17,401,500
06/21/2022,JRF,HI,AWP,WE,Federal Contract Tower,0,0,6,13,19,0,0,104,24,128,0,0,110,37,147,477,76,553,700
06/22/2022,JRF,HI,AWP,WE,Federal Contract Tower,0,0,4,6,10,0,0,59,11,70,0,0,63,17,80,353,144,497,577
06/23/2022,JRF,HI,AWP,WE,Federal Contract Tower,0,0,1,6,7,0,0,118,40,158,0,0,119,46,165,417,36,453,618
06/24/2022,JRF,HI,AWP,WE,Federal Contract Tower,0,0,2,7,9,0,0,86,15,101,0,0,88,22,110,395,31,426,536
06/25/2022,JRF,HI,AWP,WE,Federal Contract Tower,0,0,2,4,6,0,0,40,4,44,0,0,42,8,50,294,2,296,346
06/26/2022,JRF,HI,AWP,WE,Federal Contract Tower,0,0,0,1,1,0,0,40,0,40,0,0,40,1,41,153,9,162,203
06/27/2022,JRF,HI,AWP,WE,Federal Contract Tower,0,0,4,10,14,0,0,52,10,62,0,0,56,20,76,303,50,353,429
06/28/2022,JRF,HI,AWP,WE,Federal Contract Tower,0,0,2,5,7,0,0,57,25,82,0,0,59,30,89,325,103,428,517
06/29/2022,JRF,HI,AWP,WE,Federal Contract Tower,0,0,4,7,11,0,0,108,25,133,0,0,112,32,144,476,168,644,788
06/30/2022,JRF,HI,AWP,WE,Federal Contract Tower,0,0,1,8,9,0,0,58,24,82,0,0,59,32,91,335,41,376,467
07/01/2022,JRF,HI,AWP,WE,Federal Contract Tower,0,0,3,3,6,0,0,63,10,73,0,0,66,13,79,247,15,262,341
07/02/2022,JRF,HI,AWP,WE,Federal Contract Tower,0,0,0,1,1,0,0,42,8,50,0,0,42,9,51,252,0,252,303
07/03/2022,JRF,HI,AWP,WE,Federal Contract Tower,0,0,2,2,4,0,0,36,4,40,0,0,38,6,44,214,1,215,259
07/04/2022,JRF,HI,AWP,WE,Federal Contract Tower,0,0,2,0,2,0,0,48,0,48,0,0,50,0,50,258,3,261,311
07/05/2022,JRF,HI,AWP,WE,Federal Contract Tower,0,0,2,4,6,0,0,86,4,90,0,0,88,8,96,339,66,405,501
07/06/2022,JRF,HI,AWP,WE,Federal Contract Tower,0,0,5,7,12,0,0,77,20,97,0,0,82,27,109,390,72,462,571
07/07/2022,JRF,HI,AWP,WE,Federal Contract Tower,0,0,0,6,6,0,0,100,45,145,0,0,100,51,151,457,54,511,662
07/08/2022,JRF,HI,AWP,WE,Federal Contract Tower,0,0,2,6,8,0,0,119,29,148,0,0,121,35,156,410,3,413,569
07/09/2022,JRF,HI,AWP,WE,Federal Contract Tower,0,0,4,7,11,0,0,27,8,35,0,0,31,15,46,300,17,317,363
07/10/2022,JRF,HI,AWP,WE,Federal Contract Tower,0,0,2,8,10,0,0,52,4,56,0,0,54,12,66,244,14,258,324
07/11/2022,JRF,HI,AWP,WE,Federal Contract Tower,0,0,2,5,7,0,0,49,5,54,0,0,51,10,61,290,40,330,391
07/12/2022,JRF,HI,AWP,WE,Federal Contract Tower,0,0,2,12,14,0,0,77,50,127,0,0,79,62,141,364,73,437,578
07/13/2022,JRF,HI,AWP,WE,Federal Contract Tower,0,0,3,8,11,0,0,66,26,92,0,0,69,34,103,380,158,538,641
07/14/2022,JRF,HI,AWP,WE,Federal Contract Tower,0,0,1,8,9,0,0,48,21,69,0,0,49,29,78,330,52,382,460
07/15/2022,JRF,HI,AWP,WE,Federal Contract Tower,0,0,6,5,11,0,0,27,19,46,0,0,33,24,57,422,29,451,508
07/16/2022,JRF,HI,AWP,WE,Federal Contract Tower,0,0,0,6,6,0,0,106,16,122,0,0,106,22,128,322,5,327,455
07/17/2022,JRF,HI,AWP,WE,Federal Contract Tower,0,0,1,6,7,0,0,68,14,82,0,0,69,20,89,249,16,265,354
07/18/2022,JRF,HI,AWP,WE,Federal Contract Tower,0,0,6,4,10,0,0,35,23,58,0,0,41,27,68,274,53,327,395
07/19/2022,JRF,HI,AWP,WE,Federal Contract Tower,0,0,2,5,7,0,0,63,6,69,0,0,65,11,76,464,29,493,569
07/20/2022,JRF,HI,AWP,WE,Federal Contract Tower,0,0,2,11,13,0,0,56,21,77,0,0,58,32,90,496,151,647,737
07/21/2022,JRF,HI,AWP,WE,Federal Contract Tower,0,0,7,11,18,0,0,91,37,128,0,0,98,48,146,430,86,516,662
07/22/2022,JRF,HI,AWP,WE,Federal Contract Tower,0,0,1,2,3,0,0,108,22,130,0,0,109,24,133,577,38,615,748
07/23/2022,JRF,HI,AWP,WE,Federal Contract Tower,0,0,1,3,4,0,0,128,4,132,0,0,129,7,136,284,0,284,420
07/24/2022,JRF,HI,AWP,WE,Federal Contract Tower,0,0,3,4,7,0,0,80,8,88,0,0,83,12,95,334,24,358,453
07/25/2022,JRF,HI,AWP,WE,Federal Contract Tower,0,0,9,9,18,0,0,81,29,110,0,0,90,38,128,382,28,410,538
07/26/2022,JRF,HI,AWP,WE,Federal Contract Tower,0,0,4,7,11,0,0,88,42,130,0,0,92,49,141,474,51,525,666
07/27/2022,JRF,HI,AWP,WE,Federal Contract Tower,0,0,4,3,7,0,0,113,63,176,0,0,117,66,183,568,16,584,767
07/28/2022,JRF,HI,AWP,WE,Federal Contract Tower,0,0,1,9,10,0,0,100,20,120,0,0,101,29,130,326,71,397,527
07/29/2022,JRF,HI,AWP,WE,Federal Contract Tower,0,0,3,9,12,0,0,75,8,83,0,0,78,17,95,399,5,404,499
07/30/2022,JRF,HI,AWP,WE,Federal Contract Tower,0,0,1,4,5,0,0,60,26,86,0,0,61,30,91,342,21,363,454
07/31/2022,JRF,HI,AWP,WE,Federal Contract Tower,0,0,4,3,7,0,0,56,1,57,0,0,60,4,64,276,0,276,340
08/01/2022,JRF,HI,AWP,WE,Federal Contract Tower,0,0,0,5,5,0,0,104,31,135,0,0,104,36,140,421,74,495,635
08/02/2022,JRF,HI,AWP,WE,Federal Contract Tower,0,0,3,7,10,0,0,89,22,111,0,0,92,29,121,483,85,568,689
08/03/2022,JRF,HI,AWP,WE,Federal Contract Tower,0,0,2,6,8,0,0,62,15,77,0,0,64,21,85,462,59,521,606
08/04/2022,JRF,HI,AWP,WE,Federal Contract Tower,0,0,6,9,15,0,0,80,27,107,0,0,86,36,122,484,87,571,693
08/05/2022,JRF,HI,AWP,WE,Federal Contract Tower,0,0,1,6,7,0,0,97,22,119,0,0,98,28,126,404,22,426,552
08/06/2022,JRF,HI,AWP,WE,Federal Contract Tower,0,0,0,5,5,0,0,63,9,72,0,0,63,14,77,372,49,421,498
08/07/2022,JRF,HI,AWP,WE,Federal Contract Tower,0,0,3,5,8,0,0,88,23,111,0,0,91,28,119,253,50,303,422
08/08/2022,JRF,HI,AWP,WE,Federal Contract Tower,0,0,1,9,10,0,0,95,29,124,0,0,96,38,134,362,100,462,596
08/09/2022,JRF,HI,AWP,WE,Federal Contract Tower,0,0,3,10,13,0,0,102,32,134,0,0,105,42,147,482,68,550,697
08/10/2022,JRF,HI,AWP,WE,Federal Contract Tower,0,0,2,7,9,0,0,92,19,111,0,0,94,26,120,460,55,515,635
08/11/2022,JRF,HI,AWP,WE,Federal Contract Tower,0,0,3,7,10,0,0,96,15,111,0,0,99,22,121,379,13,392,513
08/12/2022,JRF,HI,AWP,WE,Federal Contract Tower,0,0,2,2,4,0,0,100,8,108,0,0,102,10,112,452,32,484,596
08/13/2022,JRF,HI,AWP,WE,Federal Contract Tower,0,0,2,3,5,0,0,62,7,69,0,0,64,10,74,330,8,338,412
08/14/2022,JRF,HI,AWP,WE,Federal Contract Tower,0,0,1,3,4,0,0,84,5,89,0,0,85,8,93,331,3,334,427
08/15/2022,JRF,HI,AWP,WE,Federal Contract Tower,0,0,6,6,12,0,0,109,16,125,0,0,115,22,137,477,25,502,639
08/16/2022,JRF,HI,AWP,WE,Federal Contract Tower,0,0,3,10,13,0,0,53,15,68,0,0,56,25,81,595,50,645,726
08/17/2022,JRF,HI,AWP,WE,Federal Contract Tower,0,0,3,7,10,0,0,59,13,72,0,0,62,20,82,530,33,563,645
08/18/2022,JRF,HI,AWP,WE,Federal Contract Tower,0,0,6,5,11,0,0,86,4,90,0,0,92,9,101,569,85,654,755
08/19/2022,JRF,HI,AWP,WE,Federal Contract Tower,0,0,5,5,10,0,0,107,25,132,0,0,112,30,142,638,16,654,796
08/20/2022,JRF,HI,AWP,WE,Federal Contract Tower,0,0,1,1,2,0,0,76,8,84,0,0,77,9,86,334,33,367,453
08/21/2022,JRF,HI,AWP,WE,Federal Contract Tower,0,0,8,4,12,0,0,64,8,72,0,0,72,12,84,237,28,265,349
08/22/2022,JRF,HI,AWP,WE,Federal Contract Tower,0,0,3,7,10,0,0,72,10,82,0,0,75,17,92,425,11,436,528
08/23/2022,JRF,HI,AWP,WE,Federal Contract Tower,0,0,2,7,9,0,0,83,30,113,0,0,85,37,122,261,143,404,526
08/24/2022,JRF,HI,AWP,WE,Federal Contract Tower,0,0,1,11,12,0,0,72,21,93,0,0,73,32,105,545,34,579,684
08/25/2022,JRF,HI,AWP,WE,Federal Contract Tower,0,0,3,3,6,0,0,69,24,93,0,0,72,27,99,469,71,540,639
08/26/2022,JRF,HI,AWP,WE,Federal Contract Tower,0,0,3,0,3,0,0,136,11,147,0,0,139,11,150,578,45,623,773
08/27/2022,JRF,HI,AWP,WE,Federal Contract Tower,0,0,3,2,5,0,0,43,1,44,0,0,46,3,49,282,22,304,353
08/28/2022,JRF,HI,AWP,WE,Federal Contract Tower,0,0,5,4,9,0,0,58,2,60,0,0,63,6,69,239,20,259,328
08/29/2022,JRF,HI,AWP,WE,Federal Contract Tower,0,0,2,8,10,0,0,57,8,65,0,0,59,16,75,529,29,558,633
08/30/2022,JRF,HI,AWP,WE,Federal Contract Tower,0,0,6,11,17,0,0,63,41,104,0,0,69,52,121,448,75,523,644
08/31/2022,JRF,HI,AWP,WE,Federal Contract Tower,0,0,0,7,7,0,0,84,24,108,0,0,84,31,115,425,37,462,577
09/01/2022,JRF,HI,AWP,WE,Federal Contract Tower,0,0,8,10,18,0,0,103,12,115,0,0,111,22,133,462,64,526,659
09/02/2022,JRF,HI,AWP,WE,Federal Contract Tower,0,0,0,2,2,0,0,72,1,73,0,0,72,3,75,416,32,448,523
09/03/2022,JRF,HI,AWP,WE,Federal Contract Tower,0,0,8,0,8,0,0,48,4,52,0,0,56,4,60,222,24,246,306
09/04/2022,JRF,HI,AWP,WE,Federal Contract Tower,0,0,4,2,6,0,0,85,1,86,0,0,89,3,92,290,4,294,386
09/05/2022,JRF,HI,AWP,WE,Federal Contract Tower,0,0,0,1,1,0,0,84,1,85,0,0,84,2,86,348,19,367,453
09/06/2022,JRF,HI,AWP,WE,Federal Contract Tower,0,0,4,4,8,0,0,100,20,120,0,0,104,24,128,460,94,554,682
09/07/2022,JRF,HI,AWP,WE,Federal Contract Tower,0,0,1,9,10,0,0,53,32,85,0,0,54,41,95,511,169,680,775
09/08/2022,JRF,HI,AWP,WE,Federal Contract Tower,0,0,4,9,13,0,0,90,50,140,0,0,94,59,153,549,123,672,825
09/09/2022,JRF,HI,AWP,WE,Federal Contract Tower,0,0,1,7,8,0,0,54,6,60,0,0,55,13,68,393,13,406,474
09/10/2022,JRF,HI,AWP,WE,Federal Contract Tower,0,0,3,8,11,0,0,42,7,49,0,0,45,15,60,317,8,325,385
09/11/2022,JRF,HI,AWP,WE,Federal Contract Tower,0,0,6,3,9,0,0,74,4,78,0,0,80,7,87,221,21,242,329
09/12/2022,JRF,HI,AWP,WE,Federal Contract Tower,0,0,3,10,13,0,0,91,16,107,0,0,94,26,120,474,110,584,704
09/13/2022,JRF,HI,AWP,WE,Federal Contract Tower,0,0,0,6,6,0,0,82,23,105,0,0,82,29,111,424,124,548,659
09/14/2022,JRF,HI,AWP,WE,Federal Contract Tower,0,0,3,2,5,0,0,85,30,115,0,0,88,32,120,486,50,536,656
09/15/2022,JRF,HI,AWP,WE,Federal Contract Tower,0,0,2,3,5,0,0,79,16,95,0,0,81,19,100,537,74,611,711
09/16/2022,JRF,HI,AWP,WE,Federal Contract Tower,0,0,0,2,2,0,0,93,18,111,0,0,93,20,113,396,16,412,525
09/17/2022,JRF,HI,AWP,WE,Federal Contract Tower,0,0,3,0,3,0,0,87,12,99,0,0,90,12,102,327,28,355,457
09/18/2022,JRF,HI,AWP,WE,Federal Contract Tower,0,0,1,7,8,0,0,47,10,57,0,0,48,17,65,192,7,199,264
09/19/2022,JRF,HI,AWP,WE,Federal Contract Tower,0,0,3,1,4,0,0,107,21,128,0,0,110,22,132,288,75,363,495
09/20/2022,JRF,HI,AWP,WE,Federal Contract Tower,0,0,3,4,7,0,0,87,22,109,0,0,90,26,116,319,45,364,480
09/21/2022,JRF,HI,AWP,WE,Federal Contract Tower,0,0,2,4,6,0,0,120,40,160,0,0,122,44,166,508,83,591,757
09/22/2022,JRF,HI,AWP,WE,Federal Contract Tower,0,0,3,4,7,0,0,80,18,98,0,0,83,22,105,365,19,384,489
09/23/2022,JRF,HI,AWP,WE,Federal Contract Tower,0,0,2,5,7,0,0,102,10,112,0,0,104,15,119,546,37,583,702
09/24/2022,JRF,HI,AWP,WE,Federal Contract Tower,0,0,2,1,3,0,0,100,5,105,0,0,102,6,108,420,2,422,530
09/25/2022,JRF,HI,AWP,WE,Federal Contract Tower,0,0,1,1,2,0,0,37,2,39,0,0,38,3,41,217,2,219,260
09/26/2022,JRF,HI,AWP,WE,Federal Contract Tower,0,0,2,5,7,0,0,97,31,128,0,0,99,36,135,473,63,536,671
09/27/2022,JRF,HI,AWP,WE,Federal Contract Tower,0,0,4,10,14,0,0,149,16,165,0,0,153,26,179,403,31,434,613
09/28/2022,JRF,HI,AWP,WE,Federal Contract Tower,0,0,3,3,6,0,0,81,42,123,0,0,84,45,129,452,76,528,657
09/29/2022,JRF,HI,AWP,WE,Federal Contract Tower,0,0,2,9,11,0,0,85,27,112,0,0,87,36,123,358,63,421,544
09/30/2022,JRF,HI,AWP,WE,Federal Contract Tower,0,0,0,2,2,0,0,118,4,122,0,0,118,6,124,332,9,341,465
10/01/2022,JRF,HI,AWP,WE,Federal Contract Tower,0,0,0,3,3,0,0,58,2,60,0,0,58,5,63,523,1,524,587
10/02/2022,JRF,HI,AWP,WE,Federal Contract Tower,0,0,6,3,9,0,0,21,3,24,0,0,27,6,33,113,17,130,163
10/03/2022,JRF,HI,AWP,WE,Federal Contract Tower,0,0,1,9,10,0,0,80,11,91,0,0,81,20,101,336,30,366,467
10/04/2022,JRF,HI,AWP,WE,Federal Contract Tower,0,0,1,4,5,0,0,52,6,58,0,0,53,10,63,435,57,492,555
10/05/2022,JRF,HI,AWP,WE,Federal Contract Tower,0,0,0,7,7,0,0,66,29,95,0,0,66,36,102,356,42,398,500
10/06/2022,JRF,HI,AWP,WE,Federal Contract Tower,0,0,1,4,5,0,0,60,14,74,0,0,61,18,79,444,52,496,575
10/07/2022,JRF,HI,AWP,WE,Federal Contract Tower,0,0,1,1,2,0,0,95,4,99,0,0,96,5,101,394,18,412,513
10/08/2022,JRF,HI,AWP,WE,Federal Contract Tower,0,0,1,2,3,0,0,68,5,73,0,0,69,7,76,202,9,211,287
10/09/2022,JRF,HI,AWP,WE,Federal Contract Tower,0,0,4,0,4,0,0,66,0,66,0,0,70,0,70,191,3,194,264
10/10/2022,JRF,HI,AWP,WE,Federal Contract Tower,0,0,0,1,1,0,0,80,6,86,0,0,80,7,87,332,5,337,424
10/11/2022,JRF,HI,AWP,WE,Federal Contract Tower,0,0,3,5,8,0,0,67,9,76,0,0,70,14,84,302,24,326,410
10/12/2022,JRF,HI,AWP,WE,Federal Contract Tower,0,0,2,8,10,0,0,123,6,129,0,0,125,14,139,540,48,588,727
10/13/2022,JRF,HI,AWP,WE,Federal Contract Tower,0,0,0,8,8,0,0,58,14,72,0,0,58,22,80,441,67,508,588
10/14/2022,JRF,HI,AWP,WE,Federal Contract Tower,0,0,0,4,4,0,0,85,9,94,0,0,85,13,98,531,47,578,676
10/15/2022,JRF,HI,AWP,WE,Federal Contract Tower,0,0,2,5,7,0,0,109,5,114,0,0,111,10,121,373,11,384,505
10/16/2022,JRF,HI,AWP,WE,Federal Contract Tower,0,0,6,4,10,0,0,44,0,44,0,0,50,4,54,295,2,297,351
10/17/2022,JRF,HI,AWP,WE,Federal Contract Tower,0,0,0,4,4,0,0,81,0,81,0,0,81,4,85,376,1,377,462
10/18/2022,JRF,HI,AWP,WE,Federal Contract Tower,0,0,2,3,5,0,0,83,41,124,0,0,85,44,129,465,44,509,638
10/19/2022,JRF,HI,AWP,WE,Federal Contract Tower,0,0,2,4,6,0,0,48,8,56,0,0,50,12,62,383,12,395,457
10/20/2022,JRF,HI,AWP,WE,Federal Contract Tower,0,0,5,5,10,0,0,78,25,103,0,0,83,30,113,459,49,508,621
10/21/2022,JRF,HI,AWP,WE,Federal Contract Tower,0,0,6,5,11,0,0,96,8,104,0,0,102,13,115,459,20,479,594
10/22/2022,JRF,HI,AWP,WE,Federal Contract Tower,0,0,0,2,2,0,0,72,3,75,0,0,72,5,77,247,20,267,344
10/23/2022,JRF,HI,AWP,WE,Federal Contract Tower,0,0,2,2,4,0,0,49,6,55,0,0,51,8,59,334,6,340,399
10/24/2022,JRF,HI,AWP,WE,Federal Contract Tower,0,0,1,3,4,0,0,120,25,145,0,0,121,28,149,451,81,532,681
10/25/2022,JRF,HI,AWP,WE,Federal Contract Tower,0,0,1,2,3,0,0,37,35,72,0,0,38,37,75,644,68,712,787
10/26/2022,JRF,HI,AWP,WE,Federal Contract Tower,0,0,2,5,7,0,0,80,40,120,0,0,82,45,127,361,59,420,547
10/27/2022,JRF,HI,AWP,WE,Federal Contract Tower,0,0,0,3,3,0,0,104,18,122,0,0,104,21,125,488,38,526,651
10/28/2022,JRF,HI,AWP,WE,Federal Contract Tower,0,0,2,0,2,0,0,52,8,60,0,0,54,8,62,363,19,382,444
10/29/2022,JRF,HI,AWP,WE,Federal Contract Tower,0,0,1,2,3,0,0,129,23,152,0,0,130,25,155,370,4,374,529
10/30/2022,JRF,HI,AWP,WE,Federal Contract Tower,0,0,2,3,5,0,0,70,10,80,0,0,72,13,85,366,27,393,478
10/31/2022,JRF,HI,AWP,WE,Federal Contract Tower,0,0,3,2,5,0,0,40,8,48,0,0,43,10,53,350,12,362,415
11/01/2022,JRF,HI,AWP,WE,Federal Contract Tower,0,0,1,7,8,0,0,85,62,147,0,0,86,69,155,530,48,578,733
11/02/2022,JRF,HI,AWP,WE,Federal Contract Tower,0,0,3,7,10,0,0,62,25,87,0,0,65,32,97,603,87,690,787
11/03/2022,JRF,HI,AWP,WE,Federal Contract Tower,0,0,0,7,7,0,0,58,32,90,0,0,58,39,97,363,46,409,506
11/04/2022,JRF,HI,AWP,WE,Federal Contract Tower,0,0,7,0,7,0,0,97,9,106,0,0,104,9,113,479,28,507,620
11/05/2022,JRF,HI,AWP,WE,Federal Contract Tower,0,0,1,9,10,0,0,63,31,94,0,0,64,40,104,386,22,408,512
11/06/2022,JRF,HI,AWP,WE,Federal Contract Tower,0,0,2,5,7,0,0,63,16,79,0,0,65,21,86,341,15,356,442
11/07/2022,JRF,HI,AWP,WE,Federal Contract Tower,0,0,2,2,4,0,0,66,13,79,0,0,68,15,83,474,2,476,559
11/08/2022,JRF,HI,AWP,WE,Federal Contract Tower,0,0,3,3,6,0,0,62,40,102,0,0,65,43,108,317,49,366,474
11/09/2022,JRF,HI,AWP,WE,Federal Contract Tower,0,0,2,1,3,0,0,80,13,93,0,0,82,14,96,491,43,534,630
11/10/2022,JRF,HI,AWP,WE,Federal Contract Tower,0,0,0,6,6,0,0,60,14,74,0,0,60,20,80,426,6,432,512
11/11/2022,JRF,HI,AWP,WE,Federal Contract Tower,0,0,1,4,5,0,0,71,59,130,0,0,72,63,135,398,10,408,543
11/12/2022,JRF,HI,AWP,WE,Federal Contract Tower,0,0,4,6,10,0,0,36,16,52,0,0,40,22,62,217,30,247,309
11/13/2022,JRF,HI,AWP,WE,Federal Contract Tower,0,0,6,3,9,0,0,52,1,53,0,0,58,4,62,239,13,252,314
11/14/2022,JRF,HI,AWP,WE,Federal Contract Tower,0,0,2,1,3,0,0,85,22,107,0,0,87,23,110,417,2,419,529
11/15/2022,JRF,HI,AWP,WE,Federal Contract Tower,0,0,3,5,8,0,0,45,12,57,0,0,48,17,65,472,28,500,565
11/16/2022,JRF,HI,AWP,WE,Federal Contract Tower,0,0,0,4,4,0,0,40,22,62,0,0,40,26,66,350,46,396,462
11/17/2022,JRF,HI,AWP,WE,Federal Contract Tower,0,0,3,4,7,0,0,71,25,96,0,0,74,29,103,368,62,430,533
11/18/2022,JRF,HI,AWP,WE,Federal Contract Tower,0,0,2,6,8,0,0,55,9,64,0,0,57,15,72,370,2,372,444
11/19/2022,JRF,HI,AWP,WE,Federal Contract Tower,0,0,2,2,4,0,0,112,26,138,0,0,114,28,142,322,1,323,465
11/20/2022,JRF,HI,AWP,WE,Federal Contract Tower,0,0,3,3,6,0,0,34,1,35,0,0,37,4,41,226,11,237,278
11/21/2022,JRF,HI,AWP,WE,Federal Contract Tower,0,0,0,6,6,0,0,23,7,30,0,0,23,13,36,223,117,340,376
11/22/2022,JRF,HI,AWP,WE,Federal Contract Tower,0,0,1,8,9,0,0,32,2,34,0,0,33,10,43,524,96,620,663
11/23/2022,JRF,HI,AWP,WE,Federal Contract Tower,0,0,3,0,3,0,0,38,4,42,0,0,41,4,45,511,54,565,610
11/24/2022,JRF,HI,AWP,WE,Federal Contract Tower,0,0,0,0,0,0,0,4,0,4,0,0,4,0,4,21,8,29,33
11/25/2022,JRF,HI,AWP,WE,Federal Contract Tower,0,0,0,0,0,0,0,56,2,58,0,0,56,2,58,288,3,291,349
11/26/2022,JRF,HI,AWP,WE,Federal Contract Tower,0,0,3,2,5,0,0,75,2,77,0,0,78,4,82,387,2,389,471
11/27/2022,JRF,HI,AWP,WE,Federal Contract Tower,0,0,3,0,3,0,0,45,2,47,0,0,48,2,50,302,6,308,358
11/28/2022,JRF,HI,AWP,WE,Federal Contract Tower,0,0,1,3,4,0,0,13,5,18,0,0,14,8,22,224,15,239,261
11/29/2022,JRF,HI,AWP,WE,Federal Contract Tower,0,0,4,5,9,0,0,58,4,62,0,0,62,9,71,586,28,614,685
11/30/2022,JRF,HI,AWP,WE,Federal Contract Tower,0,0,0,7,7,0,0,34,10,44,0,0,34,17,51,375,81,456,507
12/01/2022,JRF,HI,AWP,WE,Federal Contract Tower,0,0,5,7,12,0,0,48,1,49,0,0,53,8,61,399,35,434,495
12/02/2022,JRF,HI,AWP,WE,Federal Contract Tower,0,0,2,3,5,0,0,69,3,72,0,0,71,6,77,430,14,444,521
12/03/2022,JRF,HI,AWP,WE,Federal Contract Tower,0,0,1,5,6,0,0,47,3,50,0,0,48,8,56,324,2,326,382
12/04/2022,JRF,HI,AWP,WE,Federal Contract Tower,0,0,2,4,6,0,0,56,0,56,0,0,58,4,62,415,6,421,483
12/05/2022,JRF,HI,AWP,WE,Federal Contract Tower,0,0,3,7,10,0,0,54,9,63,0,0,57,16,73,483,60,543,616
12/06/2022,JRF,HI,AWP,WE,Federal Contract Tower,0,0,2,8,10,0,0,48,14,62,0,0,50,22,72,405,70,475,547
12/07/2022,JRF,HI,AWP,WE,Federal Contract Tower,0,0,1,12,13,0,0,31,12,43,0,0,32,24,56,302,115,417,473
12/08/2022,JRF,HI,AWP,WE,Federal Contract Tower,0,0,1,6,7,0,0,27,13,40,0,0,28,19,47,224,47,271,318
12/09/2022,JRF,HI,AWP,WE,Federal Contract Tower,0,0,2,2,4,0,0,21,6,27,0,0,23,8,31,123,40,163,194
12/10/2022,JRF,HI,AWP,WE,Federal Contract Tower,0,0,1,4,5,0,0,32,6,38,0,0,33,10,43,148,2,150,193
12/11/2022,JRF,HI,AWP,WE,Federal Contract Tower,0,0,1,2,3,0,0,32,0,32,0,0,33,2,35,293,2,295,330
12/12/2022,JRF,HI,AWP,WE,Federal Contract Tower,0,0,0,6,6,0,0,82,9,91,0,0,82,15,97,575,19,594,691
12/13/2022,JRF,HI,AWP,WE,Federal Contract Tower,0,0,2,7,9,0,0,70,19,89,0,0,72,26,98,448,54,502,600
12/14/2022,JRF,HI,AWP,WE,Federal Contract Tower,0,0,5,4,9,0,0,75,9,84,0,0,80,13,93,684,53,737,830
12/15/2022,JRF,HI,AWP,WE,Federal Contract Tower,0,0,3,3,6,0,0,53,18,71,0,0,56,21,77,535,33,568,645
12/16/2022,JRF,HI,AWP,WE,Federal Contract Tower,0,0,0,2,2,0,0,83,0,83,0,0,83,2,85,575,2,577,662
12/17/2022,JRF,HI,AWP,WE,Federal Contract Tower,0,0,0,2,2,0,0,32,1,33,0,0,32,3,35,392,2,394,429
12/18/2022,JRF,HI,AWP,WE,Federal Contract Tower,0,0,0,1,1,0,0,0,0,0,0,0,0,1,1,17,2,19,20
12/19/2022,JRF,HI,AWP,WE,Federal Contract Tower,0,0,0,1,1,0,0,0,0,0,0,0,0,1,1,14,2,16,17
12/20/2022,JRF,HI,AWP,WE,Federal Contract Tower,0,0,0,1,1,0,0,10,8,18,0,0,10,9,19,89,1,90,109
12/21/2022,JRF,HI,AWP,WE,Federal Contract Tower,0,0,3,1,4,0,0,56,5,61,0,0,59,6,65,544,15,559,624
12/22/2022,JRF,HI,AWP,WE,Federal Contract Tower,0,0,1,1,2,0,0,47,3,50,0,0,48,4,52,500,4,504,556
12/23/2022,JRF,HI,AWP,WE,Federal Contract Tower,0,0,0,2,2,0,0,38,2,40,0,0,38,4,42,342,15,357,399
12/24/2022,JRF,HI,AWP,WE,Federal Contract Tower,0,0,1,2,3,0,0,27,0,27,0,0,28,2,30,229,4,233,263
12/25/2022,JRF,HI,AWP,WE,Federal Contract Tower,0,0,0,0,0,0,0,9,3,12,0,0,9,3,12,20,0,20,32
12/26/2022,JRF,HI,AWP,WE,Federal Contract Tower,0,0,0,3,3,0,0,60,0,60,0,0,60,3,63,460,2,462,525
12/27/2022,JRF,HI,AWP,WE,Federal Contract Tower,0,0,1,3,4,0,0,43,0,43,0,0,44,3,47,384,9,393,440
12/28/2022,JRF,HI,AWP,WE,Federal Contract Tower,0,0,1,2,3,0,0,52,9,61,0,0,53,11,64,426,47,473,537
12/29/2022,JRF,HI,AWP,WE,Federal Contract Tower,0,0,1,1,2,0,0,75,11,86,0,0,76,12,88,373,26,399,487
12/30/2022,JRF,HI,AWP,WE,Federal Contract Tower,0,0,4,0,4,0,0,71,6,77,0,0,75,6,81,239,2,241,322
12/31/2022,JRF,HI,AWP,WE,Federal Contract Tower,0,0,2,0,2,0,0,62,1,63,0,0,64,1,65,306,1,307,372
01/01/2023,JRF,HI,AWP,WE,Federal Contract Tower,0,0,2,0,2,0,0,27,1,28,0,0,29,1,30,29,2,31,61
01/02/2023,JRF,HI,AWP,WE,Federal Contract Tower,0,0,1,2,3,0,0,48,5,53,0,0,49,7,56,447,9,456,512
01/03/2023,JRF,HI,AWP,WE,Federal Contract Tower,0,0,6,0,6,0,0,94,0,94,0,0,100,0,100,637,10,647,747
01/04/2023,JRF,HI,AWP,WE,Federal Contract Tower,0,0,1,11,12,0,0,2,4,6,0,0,3,15,18,148,51,199,217
01/05/2023,JRF,HI,AWP,WE,Federal Contract Tower,0,0,2,8,10,0,0,50,24,74,0,0,52,32,84,323,93,416,500
01/06/2023,JRF,HI,AWP,WE,Federal Contract Tower,0,0,4,8,12,0,0,47,5,52,0,0,51,13,64,336,42,378,442
01/07/2023,JRF,HI,AWP,WE,Federal Contract Tower,0,0,1,8,9,0,0,61,10,71,0,0,62,18,80,341,50,391,471
01/08/2023,JRF,HI,AWP,WE,Federal Contract Tower,0,0,1,5,6,0,0,42,0,42,0,0,43,5,48,390,33,423,471
01/09/2023,JRF,HI,AWP,WE,Federal Contract Tower,0,0,4,3,7,0,0,60,20,80,0,0,64,23,87,380,41,421,508
01/10/2023,JRF,HI,AWP,WE,Federal Contract Tower,0,0,3,5,8,0,0,78,17,95,0,0,81,22,103,474,106,580,683
01/11/2023,JRF,HI,AWP,WE,Federal Contract Tower,0,0,3,7,10,0,0,83,17,100,0,0,86,24,110,648,82,730,840
01/12/2023,JRF,HI,AWP,WE,Federal Contract Tower,0,0,0,8,8,0,0,100,9,109,0,0,100,17,117,635,34,669,786
01/13/2023,JRF,HI,AWP,WE,Federal Contract Tower,0,0,8,3,11,0,0,136,7,143,0,0,144,10,154,522,0,522,676
01/14/2023,JRF,HI,AWP,WE,Federal Contract Tower,0,0,0,3,3,0,0,121,12,133,0,0,121,15,136,419,28,447,583
01/15/2023,JRF,HI,AWP,WE,Federal Contract Tower,0,0,0,5,5,0,0,46,6,52,0,0,46,11,57,347,18,365,422
01/16/2023,JRF,HI,AWP,WE,Federal Contract Tower,0,0,4,5,9,0,0,61,4,65,0,0,65,9,74,439,6,445,519
01/17/2023,JRF,HI,AWP,WE,Federal Contract Tower,0,0,1,10,11,0,0,97,11,108,0,0,98,21,119,520,105,625,744
01/18/2023,JRF,HI,AWP,WE,Federal Contract Tower,0,0,0,7,7,0,0,105,58,163,0,0,105,65,170,715,131,846,1016
01/19/2023,JRF,HI,AWP,WE,Federal Contract Tower,0,0,2,11,13,0,0,92,21,113,0,0,94,32,126,539,46,585,711
01/20/2023,JRF,HI,AWP,WE,Federal Contract Tower,0,0,2,4,6,0,0,96,12,108,0,0,98,16,114,324,11,335,449
01/21/2023,JRF,HI,AWP,WE,Federal Contract Tower,0,0,0,3,3,0,0,71,3,74,0,0,71,6,77,246,10,256,333
01/22/2023,JRF,HI,AWP,WE,Federal Contract Tower,0,0,0,4,4,0,0,38,8,46,0,0,38,12,50,140,10,150,200
01/23/2023,JRF,HI,AWP,WE,Federal Contract Tower,0,0,3,2,5,0,0,43,32,75,0,0,46,34,80,380,23,403,483
01/24/2023,JRF,HI,AWP,WE,Federal Contract Tower,0,0,3,6,9,0,0,78,15,93,0,0,81,21,102,513,41,554,656
01/25/2023,JRF,HI,AWP,WE,Federal Contract Tower,0,0,4,7,11,0,0,88,10,98,0,0,92,17,109,568,65,633,742
01/26/2023,JRF,HI,AWP,WE,Federal Contract Tower,0,0,1,3,4,0,0,87,17,104,0,0,88,20,108,322,25,347,455
01/27/2023,JRF,HI,AWP,WE,Federal Contract Tower,0,0,0,2,2,0,0,107,13,120,0,0,107,15,122,360,8,368,490
01/28/2023,JRF,HI,AWP,WE,Federal Contract Tower,0,0,2,5,7,0,0,68,7,75,0,0,70,12,82,144,21,165,247
01/29/2023,JRF,HI,AWP,WE,Federal Contract Tower,0,0,2,3,5,0,0,6,6,12,0,0,8,9,17,56,2,58,75
01/30/2023,JRF,HI,AWP,WE,Federal Contract Tower,0,0,0,3,3,0,0,7,25,32,0,0,7,28,35,191,48,239,274
01/31/2023,JRF,HI,AWP,WE,Federal Contract Tower,0,0,1,7,8,0,0,63,26,89,0,0,64,33,97,491,99,590,687
02/01/2023,JRF,HI,AWP,WE,Federal Contract Tower,0,0,1,3,4,0,0,119,26,145,0,0,120,29,149,719,41,760,909
02/02/2023,JRF,HI,AWP,WE,Federal Contract Tower,0,0,0,5,5,0,0,75,13,88,0,0,75,18,93,377,10,387,480
02/03/2023,JRF,HI,AWP,WE,Federal Contract Tower,0,0,6,3,9,0,0,74,11,85,0,0,80,14,94,257,2,259,353
02/04/2023,JRF,HI,AWP,WE,Federal Contract Tower,0,0,2,1,3,0,0,10,0,10,0,0,12,1,13,62,0,62,75
02/05/2023,JRF,HI,AWP,WE,Federal Contract Tower,0,0,3,9,12,0,0,30,0,30,0,0,33,9,42,277,1,278,320
02/06/2023,JRF,HI,AWP,WE,Federal Contract Tower,0,0,3,10,13,0,0,70,6,76,0,0,73,16,89,483,6,489,578
02/07/2023,JRF,HI,AWP,WE,Federal Contract Tower,0,0,0,10,10,0,0,53,36,89,0,0,53,46,99,320,43,363,462
02/08/2023,JRF,HI,AWP,WE,Federal Contract Tower,0,0,8,5,13,0,0,36,13,49,0,0,44,18,62,145,39,184,246
02/09/2023,JRF,HI,AWP,WE,Federal Contract Tower,0,0,0,7,7,0,0,7,11,18,0,0,7,18,25,35,20,55,80
02/10/2023,JRF,HI,AWP,WE,Federal Contract Tower,0,0,0,4,4,0,0,10,5,15,0,0,10,9,19,33,4,37,56
02/11/2023,JRF,HI,AWP,WE,Federal Contract Tower,0,0,0,5,5,0,0,35,3,38,0,0,35,8,43,205,0,205,248
02/12/2023,JRF,HI,AWP,WE,Federal Contract Tower,0,0,0,2,2,0,0,20,2,22,0,0,20,4,24,194,8,202,226
02/13/2023,JRF,HI,AWP,WE,Federal Contract Tower,0,0,3,4,7,0,0,56,10,66,0,0,59,14,73,494,25,519,592
02/14/2023,JRF,HI,AWP,WE,Federal Contract Tower,0,0,1,5,6,0,0,64,16,80,0,0,65,21,86,428,36,464,550
02/15/2023,JRF,HI,AWP,WE,Federal Contract Tower,0,0,2,4,6,0,0,127,18,145,0,0,129,22,151,648,26,674,825
02/16/2023,JRF,HI,AWP,WE,Federal Contract Tower,0,0,2,4,6,0,0,73,15,88,0,0,75,19,94,465,10,475,569
02/17/2023,JRF,HI,AWP,WE,Federal Contract Tower,0,0,0,1,1,0,0,12,0,12,0,0,12,1,13,66,0,66,79
02/18/2023,JRF,HI,AWP,WE,Federal Contract Tower,0,0,0,2,2,0,0,40,5,45,0,0,40,7,47,245,18,263,310
02/19/2023,JRF,HI,AWP,WE,Federal Contract Tower,0,0,1,2,3,0,0,66,3,69,0,0,67,5,72,239,7,246,318
02/20/2023,JRF,HI,AWP,WE,Federal Contract Tower,0,0,0,3,3,0,0,14,3,17,0,0,14,6,20,171,0,171,191
02/21/2023,JRF,HI,AWP,WE,Federal Contract Tower,0,0,0,7,7,0,0,71,36,107,0,0,71,43,114,467,46,513,627
02/22/2023,JRF,HI,AWP,WE,Federal Contract Tower,0,0,6,11,17,0,0,61,23,84,0,0,67,34,101,300,90,390,491
02/23/2023,JRF,HI,AWP,WE,Federal Contract Tower,0,0,1,6,7,0,0,58,27,85,0,0,59,33,92,243,89,332,424
02/24/2023,JRF,HI,AWP,WE,Federal Contract Tower,0,0,3,12,15,0,0,63,9,72,0,0,66,21,87,264,34,298,385
02/25/2023,JRF,HI,AWP,WE,Federal Contract Tower,0,0,0,2,2,0,0,50,14,64,0,0,50,16,66,283,21,304,370
02/26/2023,JRF,HI,AWP,WE,Federal Contract Tower,0,0,2,6,8,0,0,56,3,59,0,0,58,9,67,222,4,226,293
02/27/2023,JRF,HI,AWP,WE,Federal Contract Tower,0,0,0,5,5,0,0,47,11,58,0,0,47,16,63,236,89,325,388
02/28/2023,JRF,HI,AWP,WE,Federal Contract Tower,0,0,0,4,4,0,0,44,31,75,0,0,44,35,79,147,70,217,296
03/01/2023,JRF,HI,AWP,WE,Federal Contract Tower,0,0,2,3,5,0,0,32,22,54,0,0,34,25,59,68,59,127,186
03/02/2023,JRF,HI,AWP,WE,Federal Contract Tower,0,0,1,6,7,0,0,44,17,61,0,0,45,23,68,114,24,138,206
03/03/2023,JRF,HI,AWP,WE,Federal Contract Tower,0,0,1,0,1,0,0,64,9,73,0,0,65,9,74,379,15,394,468
03/04/2023,JRF,HI,AWP,WE,Federal Contract Tower,0,0,2,6,8,0,0,61,5,66,0,0,63,11,74,364,6,370,444
03/05/2023,JRF,HI,AWP,WE,Federal Contract Tower,0,0,0,5,5,0,0,70,4,74,0,0,70,9,79,379,8,387,466
03/06/2023,JRF,HI,AWP,WE,Federal Contract Tower,0,0,0,4,4,0,0,26,8,34,0,0,26,12,38,211,26,237,275
03/07/2023,JRF,HI,AWP,WE,Federal Contract Tower,0,0,0,11,11,0,0,79,16,95,0,0,79,27,106,514,25,539,645
03/08/2023,JRF,HI,AWP,WE,Federal Contract Tower,0,0,0,1,1,0,0,11,10,21,0,0,11,11,22,37,15,52,74
03/09/2023,JRF,HI,AWP,WE,Federal Contract Tower,0,0,2,3,5,0,0,102,11,113,0,0,104,14,118,336,33,369,487
03/10/2023,JRF,HI,AWP,WE,Federal Contract Tower,0,0,0,2,2,0,0,74,8,82,0,0,74,10,84,440,11,451,535
03/11/2023,JRF,HI,AWP,WE,Federal Contract Tower,0,0,0,4,4,0,0,100,2,102,0,0,100,6,106,438,1,439,545
03/12/2023,JRF,HI,AWP,WE,Federal Contract Tower,0,0,1,3,4,0,0,33,3,36,0,0,34,6,40,372,18,390,430
03/13/2023,JRF,HI,AWP,WE,Federal Contract Tower,0,0,0,5,5,0,0,57,14,71,0,0,57,19,76,490,48,538,614
03/14/2023,JRF,HI,AWP,WE,Federal Contract Tower,0,0,4,6,10,0,0,35,7,42,0,0,39,13,52,348,75,423,475
03/15/2023,JRF,HI,AWP,WE,Federal Contract Tower,0,0,1,4,5,0,0,76,13,89,0,0,77,17,94,422,84,506,600
03/16/2023,JRF,HI,AWP,WE,Federal Contract Tower,0,0,1,3,4,0,0,60,22,82,0,0,61,25,86,547,40,587,673
03/17/2023,JRF,HI,AWP,WE,Federal Contract Tower,0,0,0,2,2,0,0,93,7,100,0,0,93,9,102,435,26,461,563
03/18/2023,JRF,HI,AWP,WE,Federal Contract Tower,0,0,0,1,1,0,0,119,2,121,0,0,119,3,122,452,0,452,574
03/19/2023,JRF,HI,AWP,WE,Federal Contract Tower,0,0,0,2,2,0,0,24,2,26,0,0,24,4,28,391,0,391,419
03/20/2023,JRF,HI,AWP,WE,Federal Contract Tower,0,0,2,4,6,0,0,61,9,70,0,0,63,13,76,342,26,368,444
03/21/2023,JRF,HI,AWP,WE,Federal Contract Tower,0,0,3,3,6,0,0,45,26,71,0,0,48,29,77,559,34,593,670
03/22/2023,JRF,HI,AWP,WE,Federal Contract Tower,0,0,3,4,7,0,0,91,6,97,0,0,94,10,104,585,27,612,716
03/23/2023,JRF,HI,AWP,WE,Federal Contract Tower,0,0,1,9,10,0,0,33,17,50,0,0,34,26,60,277,31,308,368
03/24/2023,JRF,HI,AWP,WE,Federal Contract Tower,0,0,2,3,5,0,0,82,9,91,0,0,84,12,96,541,15,556,652
03/25/2023,JRF,HI,AWP,WE,Federal Contract Tower,0,0,0,2,2,0,0,65,2,67,0,0,65,4,69,432,9,441,510
03/26/2023,JRF,HI,AWP,WE,Federal Contract Tower,0,0,1,3,4,0,0,82,4,86,0,0,83,7,90,470,26,496,586
03/27/2023,JRF,HI,AWP,WE,Federal Contract Tower,0,0,1,3,4,0,0,84,5,89,0,0,85,8,93,505,22,527,620
03/28/2023,JRF,HI,AWP,WE,Federal Contract Tower,0,0,3,6,9,0,0,78,11,89,0,0,81,17,98,381,14,395,493
03/29/2023,JRF,HI,AWP,WE,Federal Contract Tower,0,0,1,5,6,0,0,48,15,63,0,0,49,20,69,329,106,435,504
03/30/2023,JRF,HI,AWP,WE,Federal Contract Tower,0,0,2,6,8,0,0,91,13,104,0,0,93,19,112,544,37,581,693
03/31/2023,JRF,HI,AWP,WE,Federal Contract Tower,0,0,1,8,9,0,0,68,4,72,0,0,69,12,81,343,12,355,436
04/01/2023,JRF,HI,AWP,WE,Federal Contract Tower,0,0,4,5,9,0,0,51,4,55,0,0,55,9,64,366,10,376,440
04/02/2023,JRF,HI,AWP,WE,Federal Contract Tower,0,0,2,4,6,0,0,12,1,13,0,0,14,5,19,199,1,200,219
04/03/2023,JRF,HI,AWP,WE,Federal Contract Tower,0,0,4,3,7,0,0,72,6,78,0,0,76,9,85,401,14,415,500
04/04/2023,JRF,HI,AWP,WE,Federal Contract Tower,0,0,2,9,11,0,0,78,13,91,0,0,80,22,102,383,28,411,513
04/05/2023,JRF,HI,AWP,WE,Federal Contract Tower,0,0,0,8,8,0,0,105,20,125,0,0,105,28,133,449,27,476,609
04/06/2023,JRF,HI,AWP,WE,Federal Contract Tower,0,0,5,4,9,0,0,66,16,82,0,0,71,20,91,300,28,328,419
04/07/2023,JRF,HI,AWP,WE,Federal Contract Tower,0,0,4,3,7,0,0,85,4,89,0,0,89,7,96,461,17,478,574
04/08/2023,JRF,HI,AWP,WE,Federal Contract Tower,0,0,2,2,4,0,0,105,7,112,0,0,107,9,116,524,10,534,650
04/09/2023,JRF,HI,AWP,WE,Federal Contract Tower,0,0,2,1,3,0,0,28,3,31,0,0,30,4,34,225,22,247,281
04/10/2023,JRF,HI,AWP,WE,Federal Contract Tower,0,0,0,3,3,0,0,87,1,88,0,0,87,4,91,563,28,591,682
04/11/2023,JRF,HI,AWP,WE,Federal Contract Tower,0,0,4,5,9,0,0,61,24,85,0,0,65,29,94,335,33,368,462
04/12/2023,JRF,HI,AWP,WE,Federal Contract Tower,0,0,2,4,6,0,0,106,14,120,0,0,108,18,126,480,20,500,626
04/13/2023,JRF,HI,AWP,WE,Federal Contract Tower,0,0,3,2,5,0,0,71,8,79,0,0,74,10,84,425,40,465,549
04/14/2023,JRF,HI,AWP,WE,Federal Contract Tower,0,0,1,7,8,0,0,80,9,89,0,0,81,16,97,446,18,464,561
04/15/2023,JRF,HI,AWP,WE,Federal Contract Tower,0,0,1,3,4,0,0,85,0,85,0,0,86,3,89,296,1,297,386
04/16/2023,JRF,HI,AWP,WE,Federal Contract Tower,0,0,2,4,6,0,0,79,5,84,0,0,81,9,90,396,9,405,495
04/17/2023,JRF,HI,AWP,WE,Federal Contract Tower,0,0,2,10,12,0,0,60,19,79,0,0,62,29,91,366,28,394,485
04/18/2023,JRF,HI,AWP,WE,Federal Contract Tower,0,0,0,6,6,0,0,20,8,28,0,0,20,14,34,111,26,137,171
04/19/2023,JRF,HI,AWP,WE,Federal Contract Tower,0,0,1,11,12,0,0,110,14,124,0,0,111,25,136,403,33,436,572
04/20/2023,JRF,HI,AWP,WE,Federal Contract Tower,0,0,1,5,6,0,0,71,17,88,0,0,72,22,94,474,32,506,600
04/21/2023,JRF,HI,AWP,WE,Federal Contract Tower,0,0,0,8,8,0,0,89,8,97,0,0,89,16,105,642,26,668,773
04/22/2023,JRF,HI,AWP,WE,Federal Contract Tower,0,0,0,2,2,0,0,67,3,70,0,0,67,5,72,397,3,400,472
04/23/2023,JRF,HI,AWP,WE,Federal Contract Tower,0,0,3,7,10,0,0,85,4,89,0,0,88,11,99,383,19,402,501
04/24/2023,JRF,HI,AWP,WE,Federal Contract Tower,0,0,0,10,10,0,0,105,19,124,0,0,105,29,134,343,53,396,530
04/25/2023,JRF,HI,AWP,WE,Federal Contract Tower,0,0,0,2,2,0,0,140,50,190,0,0,140,52,192,850,93,943,1135
04/26/2023,JRF,HI,AWP,WE,Federal Contract Tower,0,0,2,18,20,0,0,141,38,179,0,0,143,56,199,465,28,493,692
04/27/2023,JRF,HI,AWP,WE,Federal Contract Tower,0,0,5,9,14,0,0,19,6,25,0,0,24,15,39,143,6,149,188
04/28/2023,JRF,HI,AWP,WE,Federal Contract Tower,0,0,2,6,8,0,0,56,17,73,0,0,58,23,81,308,47,355,436
04/29/2023,JRF,HI,AWP,WE,Federal Contract Tower,0,0,1,4,5,0,0,87,7,94,0,0,88,11,99,336,0,336,435
04/30/2023,JRF,HI,AWP,WE,Federal Contract Tower,0,0,1,5,6,0,0,100,6,106,0,0,101,11,112,556,5,561,673
05/01/2023,JRF,HI,AWP,WE,Federal Contract Tower,0,0,3,5,8,0,0,60,4,64,0,0,63,9,72,427,31,458,530
05/02/2023,JRF,HI,AWP,WE,Federal Contract Tower,0,0,0,10,10,0,0,39,3,42,0,0,39,13,52,263,30,293,345
05/03/2023,JRF,HI,AWP,WE,Federal Contract Tower,0,0,6,6,12,0,0,121,4,125,0,0,127,10,137,655,32,687,824
05/04/2023,JRF,HI,AWP,WE,Federal Contract Tower,0,0,5,5,10,0,0,80,3,83,0,0,85,8,93,520,37,557,650
05/05/2023,JRF,HI,AWP,WE,Federal Contract Tower,0,0,8,7,15,0,0,63,4,67,0,0,71,11,82,322,14,336,418
05/06/2023,JRF,HI,AWP,WE,Federal Contract Tower,0,0,3,3,6,0,0,41,2,43,0,0,44,5,49,266,3,269,318
05/07/2023,JRF,HI,AWP,WE,Federal Contract Tower,0,0,0,2,2,0,0,35,3,38,0,0,35,5,40,233,0,233,273
05/08/2023,JRF,HI,AWP,WE,Federal Contract Tower,0,0,4,3,7,0,0,53,11,64,0,0,57,14,71,447,8,455,526
05/09/2023,JRF,HI,AWP,WE,Federal Contract Tower,0,0,4,15,19,0,0,111,18,129,0,0,115,33,148,675,58,733,881
05/10/2023,JRF,HI,AWP,WE,Federal Contract Tower,0,0,5,6,11,0,0,95,5,100,0,0,100,11,111,557,54,611,722
05/11/2023,JRF,HI,AWP,WE,Federal Contract Tower,0,0,11,6,17,0,0,25,15,40,0,0,36,21,57,264,57,321,378
05/12/2023,JRF,HI,AWP,WE,Federal Contract Tower,0,0,2,5,7,0,0,91,1,92,0,0,93,6,99,601,18,619,718
05/13/2023,JRF,HI,AWP,WE,Federal Contract Tower,0,0,0,1,1,0,0,98,3,101,0,0,98,4,102,567,8,575,677
05/14/2023,JRF,HI,AWP,WE,Federal Contract Tower,0,0,0,4,4,0,0,50,3,53,0,0,50,7,57,329,30,359,416
05/15/2023,JRF,HI,AWP,WE,Federal Contract Tower,0,0,0,2,2,0,0,83,8,91,0,0,83,10,93,544,8,552,645
05/16/2023,JRF,HI,AWP,WE,Federal Contract Tower,0,0,1,3,4,0,0,96,16,112,0,0,97,19,116,544,54,598,714
05/17/2023,JRF,HI,AWP,WE,Federal Contract Tower,0,0,1,2,3,0,0,127,19,146,0,0,128,21,149,682,27,709,858
05/18/2023,JRF,HI,AWP,WE,Federal Contract Tower,0,0,3,4,7,0,0,27,17,44,0,0,30,21,51,313,30,343,394
05/19/2023,JRF,HI,AWP,WE,Federal Contract Tower,0,0,0,3,3,0,0,60,4,64,0,0,60,7,67,374,1,375,442
05/20/2023,JRF,HI,AWP,WE,Federal Contract Tower,0,0,2,2,4,0,0,123,4,127,0,0,125,6,131,466,0,466,597
05/21/2023,JRF,HI,AWP,WE,Federal Contract Tower,0,0,0,2,2,0,0,76,1,77,0,0,76,3,79,285,3,288,367
05/22/2023,JRF,HI,AWP,WE,Federal Contract Tower,0,0,3,2,5,0,0,66,38,104,0,0,69,40,109,539,32,571,680
05/23/2023,JRF,HI,AWP,WE,Federal Contract Tower,0,0,6,2,8,0,0,80,17,97,0,0,86,19,105,402,32,434,539
05/24/2023,JRF,HI,AWP,WE,Federal Contract Tower,0,0,3,5,8,0,0,120,15,135,0,0,123,20,143,596,79,675,818
05/25/2023,JRF,HI,AWP,WE,Federal Contract Tower,0,0,0,4,4,0,0,131,20,151,0,0,131,24,155,625,16,641,796
05/26/2023,JRF,HI,AWP,WE,Federal Contract Tower,0,0,5,1,6,0,0,98,4,102,0,0,103,5,108,495,11,506,614
05/27/2023,JRF,HI,AWP,WE,Federal Contract Tower,0,0,2,1,3,0,0,108,6,114,0,0,110,7,117,401,4,405,522
05/28/2023,JRF,HI,AWP,WE,Federal Contract Tower,0,0,4,0,4,0,0,38,5,43,0,0,42,5,47,286,13,299,346
05/29/2023,JRF,HI,AWP,WE,Federal Contract Tower,0,0,4,0,4,0,0,80,6,86,0,0,84,6,90,465,6,471,561
05/30/2023,JRF,HI,AWP,WE,Federal Contract Tower,0,0,5,3,8,0,0,107,20,127,0,0,112,23,135,544,11,555,690
05/31/2023,JRF,HI,AWP,WE,Federal Contract Tower,0,0,1,1,2,0,0,107,12,119,0,0,108,13,121,524,76,600,721
06/01/2023,JRF,HI,AWP,WE,Federal Contract Tower,0,0,0,4,4,0,0,119,11,130,0,0,119,15,134,495,28,523,657
06/02/2023,JRF,HI,AWP,WE,Federal Contract Tower,0,0,1,4,5,0,0,113,4,117,0,0,114,8,122,430,3,433,555
06/03/2023,JRF,HI,AWP,WE,Federal Contract Tower,0,0,1,6,7,0,0,85,2,87,0,0,86,8,94,378,6,384,478
06/04/2023,JRF,HI,AWP,WE,Federal Contract Tower,0,0,4,6,10,0,0,59,3,62,0,0,63,9,72,372,3,375,447
06/05/2023,JRF,HI,AWP,WE,Federal Contract Tower,0,0,3,4,7,0,0,96,4,100,0,0,99,8,107,459,3,462,569
06/06/2023,JRF,HI,AWP,WE,Federal Contract Tower,0,0,2,10,12,0,0,113,30,143,0,0,115,40,155,622,44,666,821
06/07/2023,JRF,HI,AWP,WE,Federal Contract Tower,0,0,6,4,10,0,0,124,20,144,0,0,130,24,154,572,92,664,818
06/08/2023,JRF,HI,AWP,WE,Federal Contract Tower,0,0,2,4,6,0,0,125,11,136,0,0,127,15,142,536,35,571,713
06/09/2023,JRF,HI,AWP,WE,Federal Contract Tower,0,0,1,5,6,0,0,128,10,138,0,0,129,15,144,518,74,592,736
06/10/2023,JRF,HI,AWP,WE,Federal Contract Tower,0,0,2,1,3,0,0,100,8,108,0,0,102,9,111,432,5,437,548
06/11/2023,JRF,HI,AWP,WE,Federal Contract Tower,0,0,0,2,2,0,0,94,2,96,0,0,94,4,98,390,0,390,488
06/12/2023,JRF,HI,AWP,WE,Federal Contract Tower,0,0,2,0,2,0,0,93,9,102,0,0,95,9,104,446,57,503,607
06/13/2023,JRF,HI,AWP,WE,Federal Contract Tower,0,0,1,3,4,0,0,101,22,123,0,0,102,25,127,539,39,578,705
06/14/2023,JRF,HI,AWP,WE,Federal Contract Tower,0,0,2,6,8,0,0,115,16,131,0,0,117,22,139,674,50,724,863
06/15/2023,JRF,HI,AWP,WE,Federal Contract Tower,0,0,1,6,7,0,0,107,25,132,0,0,108,31,139,496,65,561,700
06/16/2023,JRF,HI,AWP,WE,Federal Contract Tower,0,0,2,2,4,0,0,113,8,121,0,0,115,10,125,449,9,458,583
06/17/2023,JRF,HI,AWP,WE,Federal Contract Tower,0,0,2,6,8,0,0,90,5,95,0,0,92,11,103,320,36,356,459
06/18/2023,JRF,HI,AWP,WE,Federal Contract Tower,0,0,4,3,7,0,0,54,5,59,0,0,58,8,66,370,4,374,440
06/19/2023,JRF,HI,AWP,WE,Federal Contract Tower,0,0,2,2,4,0,0,67,5,72,0,0,69,7,76,458,36,494,570
06/20/2023,JRF,HI,AWP,WE,Federal Contract Tower,0,0,6,5,11,0,0,72,12,84,0,0,78,17,95,500,44,544,639
06/21/2023,JRF,HI,AWP,WE,Federal Contract Tower,0,0,3,2,5,0,0,71,12,83,0,0,74,14,88,613,70,683,771
06/22/2023,JRF,HI,AWP,WE,Federal Contract Tower,0,0,5,3,8,0,0,117,30,147,0,0,122,33,155,475,21,496,651
06/23/2023,JRF,HI,AWP,WE,Federal Contract Tower,0,0,5,2,7,0,0,84,16,100,0,0,89,18,107,425,15,440,547
06/24/2023,JRF,HI,AWP,WE,Federal Contract Tower,0,0,5,0,5,0,0,105,6,111,0,0,110,6,116,366,25,391,507
06/25/2023,JRF,HI,AWP,WE,Federal Contract Tower,0,0,1,1,2,0,0,86,5,91,0,0,87,6,93,397,30,427,520
06/26/2023,JRF,HI,AWP,WE,Federal Contract Tower,0,0,8,7,15,0,0,60,4,64,0,0,68,11,79,422,35,457,536
06/27/2023,JRF,HI,AWP,WE,Federal Contract Tower,0,0,3,7,10,0,0,86,35,121,0,0,89,42,131,481,75,556,687
06/28/2023,JRF,HI,AWP,WE,Federal Contract Tower,0,0,4,6,10,0,0,117,22,139,0,0,121,28,149,500,31,531,680
06/29/2023,JRF,HI,AWP,WE,Federal Contract Tower,0,0,1,8,9,0,0,120,23,143,0,0,121,31,152,626,59,685,837
06/30/2023,JRF,HI,AWP,WE,Federal Contract Tower,0,0,2,5,7,0,0,134,8,142,0,0,136,13,149,655,26,681,830
07/01/2023,JRF,HI,AWP,WE,Federal Contract Tower,0,0,3,2,5,0,0,92,1,93,0,0,95,3,98,492,5,497,595
07/02/2023,JRF,HI,AWP,WE,Federal Contract Tower,0,0,2,1,3,0,0,104,4,108,0,0,106,5,111,451,0,451,562
07/03/2023,JRF,HI,AWP,WE,Federal Contract Tower,0,0,2,1,3,0,0,81,3,84,0,0,83,4,87,621,2,623,710
07/04/2023,JRF,HI,AWP,WE,Federal Contract Tower,0,0,2,3,5,0,0,78,4,82,0,0,80,7,87,288,6,294,381
07/05/2023,JRF,HI,AWP,WE,Federal Contract Tower,0,0,2,4,6,0,0,87,14,101,0,0,89,18,107,498,53,551,658
07/06/2023,JRF,HI,AWP,WE,Federal Contract Tower,0,0,5,14,19,0,0,125,14,139,0,0,130,28,158,459,106,565,723
07/07/2023,JRF,HI,AWP,WE,Federal Contract Tower,0,0,3,4,7,0,0,83,13,96,0,0,86,17,103,399,28,427,530
07/08/2023,JRF,HI,AWP,WE,Federal Contract Tower,0,0,1,6,7,0,0,59,0,59,0,0,60,6,66,407,1,408,474
07/09/2023,JRF,HI,AWP,WE,Federal Contract Tower,0,0,1,4,5,0,0,41,9,50,0,0,42,13,55,350,31,381,436
07/10/2023,JRF,HI,AWP,WE,Federal Contract Tower,0,0,0,4,4,0,0,77,20,97,0,0,77,24,101,662,28,690,791
07/11/2023,JRF,HI,AWP,WE,Federal Contract Tower,0,0,3,5,8,0,0,81,22,103,0,0,84,27,111,607,30,637,748
07/12/2023,JRF,HI,AWP,WE,Federal Contract Tower,0,0,2,5,7,0,0,92,11,103,0,0,94,16,110,501,50,551,661
07/13/2023,JRF,HI,AWP,WE,Federal Contract Tower,0,0,0,5,5,0,0,164,27,191,0,0,164,32,196,730,88,818,1014
07/14/2023,JRF,HI,AWP,WE,Federal Contract Tower,0,0,1,2,3,0,0,141,11,152,0,0,142,13,155,546,12,558,713
07/15/2023,JRF,HI,AWP,WE,Federal Contract Tower,0,0,1,5,6,0,0,109,14,123,0,0,110,19,129,427,10,437,566
07/16/2023,JRF,HI,AWP,WE,Federal Contract Tower,0,0,3,5,8,0,0,92,5,97,0,0,95,10,105,420,0,420,525
07/17/2023,JRF,HI,AWP,WE,Federal Contract Tower,0,0,3,3,6,0,0,76,8,84,0,0,79,11,90,529,17,546,636
07/18/2023,JRF,HI,AWP,WE,Federal Contract Tower,0,0,1,3,4,0,0,43,9,52,0,0,44,12,56,323,20,343,399
07/19/2023,JRF,HI,AWP,WE,Federal Contract Tower,0,0,0,8,8,0,0,2,9,11,0,0,2,17,19,72,33,105,124
07/20/2023,JRF,HI,AWP,WE,Federal Contract Tower,0,0,4,8,12,0,0,110,48,158,0,0,114,56,170,677,68,745,915
07/21/2023,JRF,HI,AWP,WE,Federal Contract Tower,0,0,2,6,8,0,0,171,13,184,0,0,173,19,192,534,21,555,747
07/22/2023,JRF,HI,AWP,WE,Federal Contract Tower,0,0,1,7,8,0,0,130,4,134,0,0,131,11,142,412,6,418,560
07/23/2023,JRF,HI,AWP,WE,Federal Contract Tower,0,0,2,3,5,0,0,119,1,120,0,0,121,4,125,440,0,440,565
07/24/2023,JRF,HI,AWP,WE,Federal Contract Tower,0,0,1,9,10,0,0,102,22,124,0,0,103,31,134,547,36,583,717
07/25/2023,JRF,HI,AWP,WE,Federal Contract Tower,0,0,4,5,9,0,0,111,14,125,0,0,115,19,134,406,39,445,579
07/26/2023,JRF,HI,AWP,WE,Federal Contract Tower,0,0,3,5,8,0,0,73,14,87,0,0,76,19,95,451,32,483,578
07/27/2023,JRF,HI,AWP,WE,Federal Contract Tower,0,0,5,8,13,0,0,145,19,164,0,0,150,27,177,714,48,762,939
07/28/2023,JRF,HI,AWP,WE,Federal Contract Tower,0,0,2,7,9,0,0,90,7,97,0,0,92,14,106,575,40,615,721
07/29/2023,JRF,HI,AWP,WE,Federal Contract Tower,0,0,5,7,12,0,0,84,3,87,0,0,89,10,99,347,0,347,446
07/30/2023,JRF,HI,AWP,WE,Federal Contract Tower,0,0,1,7,8,0,0,103,0,103,0,0,104,7,111,360,3,363,474
07/31/2023,JRF,HI,AWP,WE,Federal Contract Tower,0,0,3,4,7,0,0,87,16,103,0,0,90,20,110,604,77,681,791
08/01/2023,JRF,HI,AWP,WE,Federal Contract Tower,0,0,0,2,2,0,0,51,11,62,0,0,51,13,64,469,38,507,571
08/02/2023,JRF,HI,AWP,WE,Federal Contract Tower,0,0,4,7,11,0,0,68,23,91,0,0,72,30,102,571,43,614,716
08/03/2023,JRF,HI,AWP,WE,Federal Contract Tower,0,0,0,6,6,0,0,109,15,124,0,0,109,21,130,466,53,519,649
08/04/2023,JRF,HI,AWP,WE,Federal Contract Tower,0,0,2,6,8,0,0,89,13,102,0,0,91,19,110,387,16,403,513
08/05/2023,JRF,HI,AWP,WE,Federal Contract Tower,0,0,2,5,7,0,0,67,10,77,0,0,69,15,84,368,15,383,467
08/06/2023,JRF,HI,AWP,WE,Federal Contract Tower,0,0,2,10,12,0,0,104,2,106,0,0,106,12,118,368,16,384,502
08/07/2023,JRF,HI,AWP,WE,Federal Contract Tower,0,0,2,4,6,0,0,61,2,63,0,0,63,6,69,291,21,312,381
08/08/2023,JRF,HI,AWP,WE,Federal Contract Tower,0,0,0,4,4,0,0,5,11,16,0,0,5,15,20,29,45,74,94
08/09/2023,JRF,HI,AWP,WE,Federal Contract Tower,0,0,0,4,4,0,0,40,26,66,0,0,40,30,70,115,4,119,189
08/10/2023,JRF,HI,AWP,WE,Federal Contract Tower,0,0,5,4,9,0,0,155,29,184,0,0,160,33,193,526,38,564,757
08/11/2023,JRF,HI,AWP,WE,Federal Contract Tower,0,0,5,1,6,0,0,124,6,130,0,0,129,7,136,428,5,433,569
08/12/2023,JRF,HI,AWP,WE,Federal Contract Tower,0,0,2,6,8,0,0,141,8,149,0,0,143,14,157,564,4,568,725
08/13/2023,JRF,HI,AWP,WE,Federal Contract Tower,0,0,1,4,5,0,0,134,5,139,0,0,135,9,144,361,0,361,505
08/14/2023,JRF,HI,AWP,WE,Federal Contract Tower,0,0,2,6,8,0,0,145,17,162,0,0,147,23,170,565,28,593,763
08/15/2023,JRF,HI,AWP,WE,Federal Contract Tower,0,0,1,6,7,0,0,162,28,190,0,0,163,34,197,726,54,780,977
08/16/2023,JRF,HI,AWP,WE,Federal Contract Tower,0,0,3,10,13,0,0,173,28,201,0,0,176,38,214,581,123,704,918
08/17/2023,JRF,HI,AWP,WE,Federal Contract Tower,0,0,4,5,9,0,0,98,12,110,0,0,102,17,119,455,45,500,619
08/18/2023,JRF,HI,AWP,WE,Federal Contract Tower,0,0,2,1,3,0,0,142,6,148,0,0,144,7,151,617,27,644,795
08/19/2023,JRF,HI,AWP,WE,Federal Contract Tower,0,0,0,3,3,0,0,192,11,203,0,0,192,14,206,712,18,730,936
08/20/2023,JRF,HI,AWP,WE,Federal Contract Tower,0,0,2,2,4,0,0,91,14,105,0,0,93,16,109,413,3,416,525
08/21/2023,JRF,HI,AWP,WE,Federal Contract Tower,0,0,4,4,8,0,0,165,4,169,0,0,169,8,177,455,120,575,752
08/22/2023,JRF,HI,AWP,WE,Federal Contract Tower,0,0,2,2,4,0,0,195,19,214,0,0,197,21,218,797,66,863,1081
08/23/2023,JRF,HI,AWP,WE,Federal Contract Tower,0,0,2,5,7,0,0,195,12,207,0,0,197,17,214,801,14,815,1029
08/24/2023,JRF,HI,AWP,WE,Federal Contract Tower,0,0,1,3,4,0,0,92,5,97,0,0,93,8,101,355,4,359,460
08/25/2023,JRF,HI,AWP,WE,Federal Contract Tower,0,0,2,6,8,0,0,101,29,130,0,0,103,35,138,642,40,682,820
08/26/2023,JRF,HI,AWP,WE,Federal Contract Tower,0,0,6,3,9,0,0,105,7,112,0,0,111,10,121,349,19,368,489
08/27/2023,JRF,HI,AWP,WE,Federal Contract Tower,0,0,4,3,7,0,0,70,9,79,0,0,74,12,86,392,6,398,484
08/28/2023,JRF,HI,AWP,WE,Federal Contract Tower,0,0,4,6,10,0,0,98,4,102,0,0,102,10,112,712,69,781,893
08/29/2023,JRF,HI,AWP,WE,Federal Contract Tower,0,0,1,4,5,0,0,135,28,163,0,0,136,32,168,586,125,711,879
08/30/2023,JRF,HI,AWP,WE,Federal Contract Tower,0,0,4,9,13,0,0,106,7,113,0,0,110,16,126,399,45,444,570
08/31/2023,JRF,HI,AWP,WE,Federal Contract Tower,0,0,2,14,16,0,0,135,15,150,0,0,137,29,166,515,24,539,705
01/01/2020,JRF,HI,AWP,WE,Federal Contract Tower,0,0,2,1,3,0,0,39,1,40,0,0,41,2,43,221,1,222,265
01/02/2020,JRF,HI,AWP,WE,Federal Contract Tower,0,1,3,3,7,0,0,58,5,63,0,1,61,8,70,229,35,264,334
01/03/2020,JRF,HI,AWP,WE,Federal Contract Tower,0,0,9,2,11,0,0,68,8,76,0,0,77,10,87,249,17,266,353
01/04/2020,JRF,HI,AWP,WE,Federal Contract Tower,0,0,1,6,7,0,0,44,1,45,0,0,45,7,52,175,9,184,236
01/05/2020,JRF,HI,AWP,WE,Federal Contract Tower,0,0,0,2,2,0,0,23,0,23,0,0,23,2,25,213,4,217,242
01/06/2020,JRF,HI,AWP,WE,Federal Contract Tower,0,0,2,6,8,0,0,27,19,46,0,0,29,25,54,100,24,124,178
01/07/2020,JRF,HI,AWP,WE,Federal Contract Tower,0,0,1,5,6,0,0,19,30,49,0,0,20,35,55,149,18,167,222
01/08/2020,JRF,HI,AWP,WE,Federal Contract Tower,0,0,0,1,1,0,0,23,39,62,0,0,23,40,63,100,90,190,253
01/09/2020,JRF,HI,AWP,WE,Federal Contract Tower,0,0,1,8,9,0,0,17,8,25,0,0,18,16,34,95,57,152,186
01/10/2020,JRF,HI,AWP,WE,Federal Contract Tower,0,0,2,3,5,0,0,28,10,38,0,0,30,13,43,143,29,172,215
01/11/2020,JRF,HI,AWP,WE,Federal Contract Tower,0,0,1,6,7,0,0,28,6,34,0,0,29,12,41,133,53,186,227
01/12/2020,JRF,HI,AWP,WE,Federal Contract Tower,0,0,0,2,2,0,0,7,2,9,0,0,7,4,11,20,0,20,31
01/13/2020,JRF,HI,AWP,WE,Federal Contract Tower,0,0,1,5,6,0,0,32,21,53,0,0,33,26,59,152,50,202,261
01/14/2020,JRF,HI,AWP,WE,Federal Contract Tower,0,0,4,11,15,0,0,38,27,65,0,0,42,38,80,316,70,386,466
01/15/2020,JRF,HI,AWP,WE,Federal Contract Tower,0,0,1,15,16,0,0,32,51,83,0,0,33,66,99,377,88,465,564
01/16/2020,JRF,HI,AWP,WE,Federal Contract Tower,0,1,8,5,14,0,0,63,14,77,0,1,71,19,91,467,43,510,601
01/17/2020,JRF,HI,AWP,WE,Federal Contract Tower,0,0,6,5,11,0,0,51,9,60,0,0,57,14,71,277,37,314,385
01/18/2020,JRF,HI,AWP,WE,Federal Contract Tower,0,0,1,4,5,0,0,39,2,41,0,0,40,6,46,396,21,417,463
01/19/2020,JRF,HI,AWP,WE,Federal Contract Tower,0,0,1,4,5,0,0,69,3,72,0,0,70,7,77,408,11,419,496
01/20/2020,JRF,HI,AWP,WE,Federal Contract Tower,0,0,5,1,6,0,0,52,2,54,0,0,57,3,60,453,3,456,516
01/21/2020,JRF,HI,AWP,WE,Federal Contract Tower,0,0,2,2,4,0,0,38,6,44,0,0,40,8,48,249,22,271,319
01/22/2020,JRF,HI,AWP,WE,Federal Contract Tower,0,0,8,7,15,0,0,67,18,85,0,0,75,25,100,351,83,434,534
01/23/2020,JRF,HI,AWP,WE,Federal Contract Tower,0,0,4,5,9,0,0,58,15,73,0,0,62,20,82,564,87,651,733
01/24/2020,JRF,HI,AWP,WE,Federal Contract Tower,0,0,4,5,9,0,0,73,3,76,0,0,77,8,85,543,28,571,656
01/25/2020,JRF,HI,AWP,WE,Federal Contract Tower,0,0,2,3,5,0,0,54,3,57,0,0,56,6,62,366,10,376,438
01/26/2020,JRF,HI,AWP,WE,Federal Contract Tower,0,0,1,6,7,0,0,30,4,34,0,0,31,10,41,191,6,197,238
01/27/2020,JRF,HI,AWP,WE,Federal Contract Tower,0,0,1,6,7,0,0,46,12,58,0,0,47,18,65,345,16,361,426
01/28/2020,JRF,HI,AWP,WE,Federal Contract Tower,0,0,1,7,8,0,0,40,36,76,0,0,41,43,84,366,155,521,605
01/29/2020,JRF,HI,AWP,WE,Federal Contract Tower,0,0,5,11,16,0,0,46,37,83,0,0,51,48,99,367,243,610,709
01/30/2020,JRF,HI,AWP,WE,Federal Contract Tower,0,2,4,9,15,0,0,69,54,123,0,2,73,63,138,540,117,657,795
01/31/2020,JRF,HI,AWP,WE,Federal Contract Tower,0,0,6,6,12,0,0,32,12,44,0,0,38,18,56,351,55,406,462
02/01/2020,JRF,HI,AWP,WE,Federal Contract Tower,0,0,4,2,6,0,0,65,3,68,0,0,69,5,74,343,8,351,425
02/02/2020,JRF,HI,AWP,WE,Federal Contract Tower,0,0,2,2,4,0,0,20,4,24,0,0,22,6,28,240,0,240,268
02/03/2020,JRF,HI,AWP,WE,Federal Contract Tower,0,0,2,5,7,0,0,42,20,62,0,0,44,25,69,294,40,334,403
02/04/2020,JRF,HI,AWP,WE,Federal Contract Tower,0,0,4,4,8,0,0,24,24,48,0,0,28,28,56,216,143,359,415
02/05/2020,JRF,HI,AWP,WE,Federal Contract Tower,0,0,5,10,15,0,0,50,1,51,0,0,55,11,66,377,18,395,461
02/06/2020,JRF,HI,AWP,WE,Federal Contract Tower,0,0,0,4,4,0,0,26,6,32,0,0,26,10,36,238,17,255,291
02/07/2020,JRF,HI,AWP,WE,Federal Contract Tower,0,0,7,2,9,0,0,37,5,42,0,0,44,7,51,389,32,421,472
02/08/2020,JRF,HI,AWP,WE,Federal Contract Tower,0,0,2,2,4,0,0,73,19,92,0,0,75,21,96,352,41,393,489
02/09/2020,JRF,HI,AWP,WE,Federal Contract Tower,0,0,3,5,8,0,0,66,2,68,0,0,69,7,76,387,81,468,544
02/10/2020,JRF,HI,AWP,WE,Federal Contract Tower,0,0,0,5,5,0,0,17,1,18,0,0,17,6,23,67,10,77,100
02/11/2020,JRF,HI,AWP,WE,Federal Contract Tower,0,0,0,6,6,0,0,34,9,43,0,0,34,15,49,245,41,286,335
02/12/2020,JRF,HI,AWP,WE,Federal Contract Tower,0,0,7,4,11,0,0,32,23,55,0,0,39,27,66,370,71,441,507
02/13/2020,JRF,HI,AWP,WE,Federal Contract Tower,0,0,4,5,9,0,0,87,13,100,0,0,91,18,109,401,16,417,526
02/14/2020,JRF,HI,AWP,WE,Federal Contract Tower,0,0,3,7,10,0,0,39,2,41,0,0,42,9,51,236,5,241,292
02/15/2020,JRF,HI,AWP,WE,Federal Contract Tower,0,0,4,2,6,0,0,65,1,66,0,0,69,3,72,425,3,428,500
02/16/2020,JRF,HI,AWP,WE,Federal Contract Tower,0,0,6,4,10,0,0,40,2,42,0,0,46,6,52,202,18,220,272
02/17/2020,JRF,HI,AWP,WE,Federal Contract Tower,0,0,3,0,3,0,0,62,5,67,0,0,65,5,70,387,28,415,485
02/18/2020,JRF,HI,AWP,WE,Federal Contract Tower,0,0,0,6,6,0,0,26,9,35,0,0,26,15,41,265,22,287,328
02/19/2020,JRF,HI,AWP,WE,Federal Contract Tower,0,0,3,4,7,0,0,14,13,27,0,0,17,17,34,131,101,232,266
02/20/2020,JRF,HI,AWP,WE,Federal Contract Tower,0,0,4,2,6,0,0,39,47,86,0,0,43,49,92,335,156,491,583
02/21/2020,JRF,HI,AWP,WE,Federal Contract Tower,0,0,5,5,10,0,0,41,6,47,0,0,46,11,57,352,48,400,457
02/22/2020,JRF,HI,AWP,WE,Federal Contract Tower,0,0,4,3,7,0,0,81,4,85,0,0,85,7,92,464,9,473,565
02/23/2020,JRF,HI,AWP,WE,Federal Contract Tower,0,0,1,6,7,0,0,66,1,67,0,0,67,7,74,344,13,357,431
02/24/2020,JRF,HI,AWP,WE,Federal Contract Tower,0,0,3,7,10,0,0,35,31,66,0,0,38,38,76,255,25,280,356
02/25/2020,JRF,HI,AWP,WE,Federal Contract Tower,0,0,2,5,7,0,0,41,33,74,0,0,43,38,81,476,197,673,754
02/26/2020,JRF,HI,AWP,WE,Federal Contract Tower,0,0,0,3,3,0,0,19,19,38,0,0,19,22,41,316,60,376,417
02/27/2020,JRF,HI,AWP,WE,Federal Contract Tower,0,0,1,6,7,0,0,90,27,117,0,0,91,33,124,609,69,678,802
02/28/2020,JRF,HI,AWP,WE,Federal Contract Tower,0,1,1,1,3,0,0,19,1,20,0,1,20,2,23,385,16,401,424
02/29/2020,JRF,HI,AWP,WE,Federal Contract Tower,0,0,1,3,4,0,0,34,0,34,0,0,35,3,38,174,0,174,212
03/01/2020,JRF,HI,AWP,WE,Federal Contract Tower,0,0,0,1,1,0,0,16,0,16,0,0,16,1,17,133,9,142,159
03/02/2020,JRF,HI,AWP,WE,Federal Contract Tower,0,0,2,2,4,0,0,16,10,26,0,0,18,12,30,350,26,376,406
03/03/2020,JRF,HI,AWP,WE,Federal Contract Tower,0,0,0,8,8,0,0,55,29,84,0,0,55,37,92,662,116,778,870
03/04/2020,JRF,HI,AWP,WE,Federal Contract Tower,0,0,8,6,14,0,0,41,16,57,0,0,49,22,71,588,75,663,734
03/05/2020,JRF,HI,AWP,WE,Federal Contract Tower,0,2,2,1,5,0,0,91,12,103,0,2,93,13,108,512,36,548,656
03/06/2020,JRF,HI,AWP,WE,Federal Contract Tower,0,0,1,2,3,0,0,40,9,49,0,0,41,11,52,186,31,217,269
03/07/2020,JRF,HI,AWP,WE,Federal Contract Tower,0,0,1,1,2,0,0,29,10,39,0,0,30,11,41,294,8,302,343
03/08/2020,JRF,HI,AWP,WE,Federal Contract Tower,0,0,1,1,2,0,0,50,13,63,0,0,51,14,65,384,41,425,490
03/09/2020,JRF,HI,AWP,WE,Federal Contract Tower,0,0,1,8,9,0,0,42,27,69,0,0,43,35,78,285,62,347,425
03/10/2020,JRF,HI,AWP,WE,Federal Contract Tower,0,0,1,8,9,0,0,46,14,60,0,0,47,22,69,419,102,521,590
03/11/2020,JRF,HI,AWP,WE,Federal Contract Tower,0,0,1,12,13,0,0,25,11,36,0,0,26,23,49,393,76,469,518
03/12/2020,JRF,HI,AWP,WE,Federal Contract Tower,0,0,2,5,7,0,0,34,28,62,0,0,36,33,69,359,153,512,581
03/13/2020,JRF,HI,AWP,WE,Federal Contract Tower,0,0,4,5,9,0,0,42,8,50,0,0,46,13,59,543,67,610,669
03/14/2020,JRF,HI,AWP,WE,Federal Contract Tower,0,0,4,4,8,0,0,70,1,71,0,0,74,5,79,459,3,462,541
03/15/2020,JRF,HI,AWP,WE,Federal Contract Tower,0,0,2,2,4,0,0,63,2,65,0,0,65,4,69,367,15,382,451
03/16/2020,JRF,HI,AWP,WE,Federal Contract Tower,0,0,0,5,5,0,0,4,2,6,0,0,4,7,11,8,5,13,24
03/17/2020,JRF,HI,AWP,WE,Federal Contract Tower,0,0,1,0,1,0,0,2,2,4,0,0,3,2,5,2,14,16,21
03/18/2020,JRF,HI,AWP,WE,Federal Contract Tower,0,0,2,2,4,0,0,88,15,103,0,0,90,17,107,524,19,543,650
03/19/2020,JRF,HI,AWP,WE,Federal Contract Tower,0,0,1,5,6,0,0,43,6,49,0,0,44,11,55,308,18,326,381
03/20/2020,JRF,HI,AWP,WE,Federal Contract Tower,0,0,0,2,2,0,0,69,4,73,0,0,69,6,75,513,3,516,591
03/21/2020,JRF,HI,AWP,WE,Federal Contract Tower,0,0,3,1,4,0,0,55,3,58,0,0,58,4,62,447,1,448,510
03/22/2020,JRF,HI,AWP,WE,Federal Contract Tower,0,0,1,5,6,0,0,48,5,53,0,0,49,10,59,329,9,338,397
03/23/2020,JRF,HI,AWP,WE,Federal Contract Tower,0,0,1,5,6,0,0,30,11,41,0,0,31,16,47,234,30,264,311
03/24/2020,JRF,HI,AWP,WE,Federal Contract Tower,0,0,0,4,4,0,0,4,17,21,0,0,4,21,25,131,126,257,282
03/25/2020,JRF,HI,AWP,WE,Federal Contract Tower,0,0,2,5,7,0,0,4,39,43,0,0,6,44,50,79,128,207,257
03/26/2020,JRF,HI,AWP,WE,Federal Contract Tower,0,0,0,3,3,0,0,6,27,33,0,0,6,30,36,86,75,161,197
03/27/2020,JRF,HI,AWP,WE,Federal Contract Tower,0,0,4,4,8,0,0,38,16,54,0,0,42,20,62,213,85,298,360
03/28/2020,JRF,HI,AWP,WE,Federal Contract Tower,0,0,1,0,1,0,0,38,5,43,0,0,39,5,44,249,7,256,300
03/29/2020,JRF,HI,AWP,WE,Federal Contract Tower,0,0,1,3,4,0,0,36,0,36,0,0,37,3,40,262,5,267,307
03/30/2020,JRF,HI,AWP,WE,Federal Contract Tower,0,0,1,1,2,0,0,47,10,57,0,0,48,11,59,249,66,315,374
03/31/2020,JRF,HI,AWP,WE,Federal Contract Tower,0,0,0,2,2,0,0,66,6,72,0,0,66,8,74,427,73,500,574
04/01/2020,JRF,HI,AWP,WE,Federal Contract Tower,0,0,0,4,4,0,0,30,14,44,0,0,30,18,48,339,45,384,432
04/02/2020,JRF,HI,AWP,WE,Federal Contract Tower,0,0,2,2,4,0,0,56,15,71,0,0,58,17,75,355,92,447,522
04/03/2020,JRF,HI,AWP,WE,Federal Contract Tower,0,0,2,2,4,0,0,40,8,48,0,0,42,10,52,242,55,297,349
04/04/2020,JRF,HI,AWP,WE,Federal Contract Tower,0,0,0,1,1,0,0,31,3,34,0,0,31,4,35,235,11,246,281
04/05/2020,JRF,HI,AWP,WE,Federal Contract Tower,0,0,2,3,5,0,0,18,0,18,0,0,20,3,23,228,14,242,265
04/06/2020,JRF,HI,AWP,WE,Federal Contract Tower,0,0,6,2,8,0,0,30,6,36,0,0,36,8,44,168,31,199,243
04/07/2020,JRF,HI,AWP,WE,Federal Contract Tower,0,0,0,1,1,0,0,37,21,58,0,0,37,22,59,365,46,411,470
04/08/2020,JRF,HI,AWP,WE,Federal Contract Tower,0,0,4,2,6,0,0,28,22,50,0,0,32,24,56,385,32,417,473
04/09/2020,JRF,HI,AWP,WE,Federal Contract Tower,0,0,1,1,2,0,0,59,18,77,0,0,60,19,79,441,39,480,559
04/10/2020,JRF,HI,AWP,WE,Federal Contract Tower,0,0,3,1,4,0,0,62,6,68,0,0,65,7,72,386,38,424,496
04/11/2020,JRF,HI,AWP,WE,Federal Contract Tower,0,0,0,1,1,0,0,52,3,55,0,0,52,4,56,254,2,256,312
04/12/2020,JRF,HI,AWP,WE,Federal Contract Tower,0,0,4,2,6,0,0,21,4,25,0,0,25,6,31,135,4,139,170
04/13/2020,JRF,HI,AWP,WE,Federal Contract Tower,0,0,2,0,2,0,0,28,9,37,0,0,30,9,39,256,10,266,305
04/14/2020,JRF,HI,AWP,WE,Federal Contract Tower,0,0,1,6,7,0,0,51,7,58,0,0,52,13,65,414,95,509,574
04/15/2020,JRF,HI,AWP,WE,Federal Contract Tower,0,0,2,1,3,0,0,22,17,39,0,0,24,18,42,323,115,438,480
04/16/2020,JRF,HI,AWP,WE,Federal Contract Tower,0,0,2,0,2,0,0,41,15,56,0,0,43,15,58,386,32,418,476
04/17/2020,JRF,HI,AWP,WE,Federal Contract Tower,0,0,4,8,12,0,1,36,2,39,0,1,40,10,51,498,26,524,575
04/18/2020,JRF,HI,AWP,WE,Federal Contract Tower,0,0,3,3,6,0,0,58,0,58,0,0,61,3,64,256,3,259,323
04/19/2020,JRF,HI,AWP,WE,Federal Contract Tower,0,0,0,0,0,0,0,16,1,17,0,0,16,1,17,180,18,198,215
04/20/2020,JRF,HI,AWP,WE,Federal Contract Tower,0,0,0,2,2,0,0,27,13,40,0,0,27,15,42,245,21,266,308
04/21/2020,JRF,HI,AWP,WE,Federal Contract Tower,0,0,0,1,1,0,0,36,10,46,0,0,36,11,47,392,78,470,517
04/22/2020,JRF,HI,AWP,WE,Federal Contract Tower,0,0,1,4,5,0,0,54,24,78,0,0,55,28,83,504,48,552,635
04/23/2020,JRF,HI,AWP,WE,Federal Contract Tower,0,0,0,1,1,0,0,44,32,76,0,0,44,33,77,466,42,508,585
04/24/2020,JRF,HI,AWP,WE,Federal Contract Tower,0,0,1,6,7,0,0,50,17,67,0,0,51,23,74,301,16,317,391
04/25/2020,JRF,HI,AWP,WE,Federal Contract Tower,0,0,2,2,4,0,0,32,5,37,0,0,34,7,41,255,5,260,301
04/26/2020,JRF,HI,AWP,WE,Federal Contract Tower,0,0,1,1,2,0,0,25,0,25,0,0,26,1,27,243,16,259,286
04/27/2020,JRF,HI,AWP,WE,Federal Contract Tower,0,0,1,3,4,0,0,37,0,37,0,0,38,3,41,168,58,226,267
04/28/2020,JRF,HI,AWP,WE,Federal Contract Tower,0,0,2,10,12,0,0,40,13,53,0,0,42,23,65,316,45,361,426
04/29/2020,JRF,HI,AWP,WE,Federal Contract Tower,0,0,0,7,7,0,0,49,20,69,0,0,49,27,76,343,66,409,485
04/30/2020,JRF,HI,AWP,WE,Federal Contract Tower,0,0,2,3,5,0,0,21,36,57,0,0,23,39,62,243,72,315,377
05/01/2020,JRF,HI,AWP,WE,Federal Contract Tower,0,0,1,2,3,0,0,10,4,14,0,0,11,6,17,247,39,286,303
05/02/2020,JRF,HI,AWP,WE,Federal Contract Tower,0,0,0,0,0,0,0,51,2,53,0,0,51,2,53,360,0,360,413
05/03/2020,JRF,HI,AWP,WE,Federal Contract Tower,0,0,0,0,0,0,0,28,0,28,0,0,28,0,28,268,20,288,316
05/04/2020,JRF,HI,AWP,WE,Federal Contract Tower,0,0,1,1,2,0,0,39,9,48,0,0,40,10,50,324,36,360,410
05/05/2020,JRF,HI,AWP,WE,Federal Contract Tower,0,0,2,2,4,0,0,22,9,31,0,0,24,11,35,352,55,407,442
05/06/2020,JRF,HI,AWP,WE,Federal Contract Tower,0,0,3,1,4,0,0,98,30,128,0,0,101,31,132,518,58,576,708
05/07/2020,JRF,HI,AWP,WE,Federal Contract Tower,0,0,2,2,4,0,0,53,37,90,0,0,55,39,94,501,92,593,687
05/08/2020,JRF,HI,AWP,WE,Federal Contract Tower,0,0,3,1,4,0,0,22,15,37,0,0,25,16,41,476,15,491,532
05/09/2020,JRF,HI,AWP,WE,Federal Contract Tower,0,0,2,0,2,0,0,53,3,56,0,0,55,3,58,298,11,309,367
05/10/2020,JRF,HI,AWP,WE,Federal Contract Tower,0,0,1,0,1,0,0,21,0,21,0,0,22,0,22,221,5,226,248
05/11/2020,JRF,HI,AWP,WE,Federal Contract Tower,0,0,2,0,2,0,0,36,20,56,0,0,38,20,58,404,18,422,480
05/12/2020,JRF,HI,AWP,WE,Federal Contract Tower,0,0,1,8,9,0,0,38,46,84,0,0,39,54,93,404,63,467,560
05/13/2020,JRF,HI,AWP,WE,Federal Contract Tower,0,0,2,4,6,0,0,24,20,44,0,0,26,24,50,508,82,590,640
05/14/2020,JRF,HI,AWP,WE,Federal Contract Tower,0,0,2,2,4,0,0,53,25,78,0,0,55,27,82,507,99,606,688
05/15/2020,JRF,HI,AWP,WE,Federal Contract Tower,0,0,4,6,10,0,0,75,1,76,0,0,79,7,86,586,28,614,700
05/16/2020,JRF,HI,AWP,WE,Federal Contract Tower,0,0,0,1,1,0,0,54,3,57,0,0,54,4,58,396,7,403,461
05/17/2020,JRF,HI,AWP,WE,Federal Contract Tower,0,0,6,2,8,0,0,0,24,24,0,0,6,26,32,299,2,301,333
05/18/2020,JRF,HI,AWP,WE,Federal Contract Tower,0,0,3,3,6,0,0,16,5,21,0,0,19,8,27,348,12,360,387
05/19/2020,JRF,HI,AWP,WE,Federal Contract Tower,0,0,3,2,5,0,0,47,20,67,0,0,50,22,72,598,112,710,782
05/20/2020,JRF,HI,AWP,WE,Federal Contract Tower,0,0,3,4,7,0,0,29,26,55,0,0,32,30,62,495,74,569,631
05/21/2020,JRF,HI,AWP,WE,Federal Contract Tower,0,0,1,2,3,0,0,68,17,85,0,0,69,19,88,423,34,457,545
05/22/2020,JRF,HI,AWP,WE,Federal Contract Tower,0,0,2,4,6,0,0,69,8,77,0,0,71,12,83,415,40,455,538
05/23/2020,JRF,HI,AWP,WE,Federal Contract Tower,0,0,1,1,2,0,0,50,1,51,0,0,51,2,53,364,1,365,418
05/24/2020,JRF,HI,AWP,WE,Federal Contract Tower,0,0,0,0,0,0,0,34,7,41,0,0,34,7,41,284,56,340,381
05/25/2020,JRF,HI,AWP,WE,Federal Contract Tower,0,0,2,1,3,0,0,52,1,53,0,0,54,2,56,553,8,561,617
05/26/2020,JRF,HI,AWP,WE,Federal Contract Tower,0,0,0,7,7,0,0,66,26,92,0,0,66,33,99,712,36,748,847
05/27/2020,JRF,HI,AWP,WE,Federal Contract Tower,0,0,6,3,9,0,0,20,27,47,0,0,26,30,56,452,50,502,558
05/28/2020,JRF,HI,AWP,WE,Federal Contract Tower,0,0,4,7,11,0,0,47,40,87,0,0,51,47,98,521,101,622,720
05/29/2020,JRF,HI,AWP,WE,Federal Contract Tower,0,0,5,3,8,0,0,55,3,58,0,0,60,6,66,499,32,531,597
05/30/2020,JRF,HI,AWP,WE,Federal Contract Tower,0,0,0,1,1,0,0,45,1,46,0,0,45,2,47,352,21,373,420
05/31/2020,JRF,HI,AWP,WE,Federal Contract Tower,0,0,0,2,2,0,0,32,1,33,0,0,32,3,35,293,0,293,328
06/01/2020,JRF,HI,AWP,WE,Federal Contract Tower,0,0,0,2,2,0,0,40,28,68,0,0,40,30,70,413,36,449,519
06/02/2020,JRF,HI,AWP,WE,Federal Contract Tower,0,0,4,1,5,0,0,35,20,55,0,0,39,21,60,410,99,509,569
06/03/2020,JRF,HI,AWP,WE,Federal Contract Tower,0,0,3,4,7,0,0,39,32,71,0,0,42,36,78,586,45,631,709
06/04/2020,JRF,HI,AWP,WE,Federal Contract Tower,0,0,6,5,11,0,0,26,41,67,0,0,32,46,78,531,191,722,800
06/05/2020,JRF,HI,AWP,WE,Federal Contract Tower,0,0,2,4,6,0,0,16,0,16,0,0,18,4,22,307,33,340,362
06/06/2020,JRF,HI,AWP,WE,Federal Contract Tower,0,0,3,3,6,0,0,55,3,58,0,0,58,6,64,356,3,359,423
06/07/2020,JRF,HI,AWP,WE,Federal Contract Tower,0,0,0,0,0,0,0,38,2,40,0,0,38,2,40,265,9,274,314
06/08/2020,JRF,HI,AWP,WE,Federal Contract Tower,0,0,2,0,2,0,0,52,4,56,0,0,54,4,58,496,10,506,564
06/09/2020,JRF,HI,AWP,WE,Federal Contract Tower,0,0,2,7,9,0,0,45,24,69,0,0,47,31,78,465,59,524,602
06/10/2020,JRF,HI,AWP,WE,Federal Contract Tower,0,0,5,2,7,0,0,37,55,92,0,0,42,57,99,484,53,537,636
06/11/2020,JRF,HI,AWP,WE,Federal Contract Tower,0,0,4,5,9,0,0,33,28,61,0,0,37,33,70,314,44,358,428
06/12/2020,JRF,HI,AWP,WE,Federal Contract Tower,0,0,3,1,4,0,0,14,4,18,0,0,17,5,22,409,24,433,455
06/13/2020,JRF,HI,AWP,WE,Federal Contract Tower,0,0,3,2,5,0,0,45,0,45,0,0,48,2,50,295,3,298,348
06/14/2020,JRF,HI,AWP,WE,Federal Contract Tower,0,0,4,5,9,0,0,28,1,29,0,0,32,6,38,254,1,255,293
06/15/2020,JRF,HI,AWP,WE,Federal Contract Tower,0,0,2,1,3,0,0,29,2,31,0,0,31,3,34,375,4,379,413
06/16/2020,JRF,HI,AWP,WE,Federal Contract Tower,0,0,2,4,6,0,0,33,3,36,0,0,35,7,42,369,115,484,526
06/17/2020,JRF,HI,AWP,WE,Federal Contract Tower,0,0,6,3,9,0,0,46,23,69,0,0,52,26,78,520,145,665,743
06/18/2020,JRF,HI,AWP,WE,Federal Contract Tower,0,0,1,2,3,0,0,40,43,83,0,0,41,45,86,428,106,534,620
06/19/2020,JRF,HI,AWP,WE,Federal Contract Tower,0,0,1,3,4,0,0,73,33,106,0,0,74,36,110,705,33,738,848
06/20/2020,JRF,HI,AWP,WE,Federal Contract Tower,0,0,1,1,2,0,0,85,7,92,0,0,86,8,94,616,3,619,713
06/21/2020,JRF,HI,AWP,WE,Federal Contract Tower,0,0,0,0,0,0,0,30,0,30,0,0,30,0,30,137,0,137,167
06/22/2020,JRF,HI,AWP,WE,Federal Contract Tower,0,0,0,4,4,0,0,44,21,65,0,0,44,25,69,448,50,498,567
06/23/2020,JRF,HI,AWP,WE,Federal Contract Tower,0,0,0,4,4,0,0,37,14,51,0,0,37,18,55,426,42,468,523
06/24/2020,JRF,HI,AWP,WE,Federal Contract Tower,0,0,0,3,3,0,0,41,36,77,0,0,41,39,80,674,79,753,833
06/25/2020,JRF,HI,AWP,WE,Federal Contract Tower,0,0,5,4,9,0,0,48,33,81,0,0,53,37,90,582,70,652,742
06/26/2020,JRF,HI,AWP,WE,Federal Contract Tower,0,0,0,2,2,0,0,25,6,31,0,0,25,8,33,694,42,736,769
06/27/2020,JRF,HI,AWP,WE,Federal Contract Tower,0,0,0,0,0,0,0,35,0,35,0,0,35,0,35,298,0,298,333
06/28/2020,JRF,HI,AWP,WE,Federal Contract Tower,0,0,1,1,2,0,0,37,5,42,0,0,38,6,44,252,9,261,305
06/29/2020,JRF,HI,AWP,WE,Federal Contract Tower,0,0,3,0,3,0,0,42,18,60,0,0,45,18,63,306,16,322,385
06/30/2020,JRF,HI,AWP,WE,Federal Contract Tower,0,0,1,3,4,0,0,52,31,83,0,0,53,34,87,501,45,546,633
07/01/2020,JRF,HI,AWP,WE,Federal Contract Tower,0,0,1,0,1,0,0,65,20,85,0,0,66,20,86,598,59,657,743
07/02/2020,JRF,HI,AWP,WE,Federal Contract Tower,0,2,5,5,12,0,0,76,1,77,0,2,81,6,89,569,99,668,757
07/03/2020,JRF,HI,AWP,WE,Federal Contract Tower,0,0,0,0,0,0,0,83,0,83,0,0,83,0,83,612,3,615,698
07/04/2020,JRF,HI,AWP,WE,Federal Contract Tower,0,0,3,2,5,0,0,33,0,33,0,0,36,2,38,165,5,170,208
07/05/2020,JRF,HI,AWP,WE,Federal Contract Tower,0,0,0,2,2,0,0,0,39,39,0,0,0,41,41,244,17,261,302
07/06/2020,JRF,HI,AWP,WE,Federal Contract Tower,0,0,0,1,1,0,0,51,7,58,0,0,51,8,59,496,14,510,569
07/07/2020,JRF,HI,AWP,WE,Federal Contract Tower,0,0,1,2,3,0,0,38,12,50,0,0,39,14,53,536,14,550,603
07/08/2020,JRF,HI,AWP,WE,Federal Contract Tower,0,0,3,2,5,0,0,23,26,49,0,0,26,28,54,490,97,587,641
07/09/2020,JRF,HI,AWP,WE,Federal Contract Tower,0,0,0,6,6,0,0,42,18,60,0,0,42,24,66,523,48,571,637
07/10/2020,JRF,HI,AWP,WE,Federal Contract Tower,0,0,1,1,2,0,0,63,13,76,0,0,64,14,78,510,30,540,618
07/11/2020,JRF,HI,AWP,WE,Federal Contract Tower,0,0,3,2,5,0,0,75,2,77,0,0,78,4,82,362,13,375,457
07/12/2020,JRF,HI,AWP,WE,Federal Contract Tower,0,0,2,2,4,0,0,53,13,66,0,0,55,15,70,282,25,307,377
07/13/2020,JRF,HI,AWP,WE,Federal Contract Tower,0,0,1,5,6,0,0,30,1,31,0,0,31,6,37,432,48,480,517
07/14/2020,JRF,HI,AWP,WE,Federal Contract Tower,0,0,4,1,5,0,0,37,25,62,0,0,41,26,67,491,44,535,602
07/15/2020,JRF,HI,AWP,WE,Federal Contract Tower,0,0,0,3,3,0,0,34,14,48,0,0,34,17,51,559,131,690,741
07/16/2020,JRF,HI,AWP,WE,Federal Contract Tower,0,0,7,2,9,0,0,43,12,55,0,0,50,14,64,523,85,608,672
07/17/2020,JRF,HI,AWP,WE,Federal Contract Tower,0,0,1,1,2,0,0,56,1,57,0,0,57,2,59,443,27,470,529
07/18/2020,JRF,HI,AWP,WE,Federal Contract Tower,0,0,2,2,4,0,0,38,2,40,0,0,40,4,44,346,21,367,411
07/19/2020,JRF,HI,AWP,WE,Federal Contract Tower,0,0,1,1,2,0,0,25,1,26,0,0,26,2,28,201,10,211,239
07/20/2020,JRF,HI,AWP,WE,Federal Contract Tower,0,0,1,0,1,0,0,45,4,49,0,0,46,4,50,276,62,338,388
07/21/2020,JRF,HI,AWP,WE,Federal Contract Tower,0,0,2,3,5,0,0,46,20,66,0,0,48,23,71,503,67,570,641
07/22/2020,JRF,HI,AWP,WE,Federal Contract Tower,0,0,2,2,4,0,0,37,33,70,0,0,39,35,74,681,65,746,820
07/23/2020,JRF,HI,AWP,WE,Federal Contract Tower,0,0,2,7,9,0,0,41,17,58,0,0,43,24,67,563,21,584,651
07/24/2020,JRF,HI,AWP,WE,Federal Contract Tower,0,0,2,7,9,0,0,29,2,31,0,0,31,9,40,566,2,568,608
07/25/2020,JRF,HI,AWP,WE,Federal Contract Tower,0,0,0,2,2,0,0,37,2,39,0,0,37,4,41,341,4,345,386
07/26/2020,JRF,HI,AWP,WE,Federal Contract Tower,0,0,0,5,5,0,0,3,1,4,0,0,3,6,9,0,0,0,9
07/27/2020,JRF,HI,AWP,WE,Federal Contract Tower,0,0,0,2,2,0,0,34,9,43,0,0,34,11,45,227,6,233,278
07/28/2020,JRF,HI,AWP,WE,Federal Contract Tower,0,0,0,4,4,0,0,42,10,52,0,0,42,14,56,453,24,477,533
07/29/2020,JRF,HI,AWP,WE,Federal Contract Tower,0,0,0,3,3,0,0,55,21,76,0,0,55,24,79,585,117,702,781
07/30/2020,JRF,HI,AWP,WE,Federal Contract Tower,0,0,0,4,4,0,0,37,4,41,0,0,37,8,45,626,48,674,719
07/31/2020,JRF,HI,AWP,WE,Federal Contract Tower,0,0,0,2,2,0,0,12,8,20,0,0,12,10,22,404,13,417,439
08/01/2020,JRF,HI,AWP,WE,Federal Contract Tower,0,0,4,6,10,0,0,49,3,52,0,0,53,9,62,247,18,265,327
08/02/2020,JRF,HI,AWP,WE,Federal Contract Tower,0,0,1,4,5,0,0,34,10,44,0,0,35,14,49,298,21,319,368
08/03/2020,JRF,HI,AWP,WE,Federal Contract Tower,0,0,4,0,4,0,0,36,7,43,0,0,40,7,47,464,19,483,530
08/05/2020,JRF,HI,AWP,WE,Federal Contract Tower,0,0,0,5,5,0,0,14,13,27,0,0,14,18,32,448,78,526,558
08/06/2020,JRF,HI,AWP,WE,Federal Contract Tower,0,0,0,8,8,0,0,43,19,62,0,0,43,27,70,604,78,682,752
08/07/2020,JRF,HI,AWP,WE,Federal Contract Tower,0,0,0,1,1,0,0,27,14,41,0,0,27,15,42,412,1,413,455
08/08/2020,JRF,HI,AWP,WE,Federal Contract Tower,0,0,0,2,2,0,0,44,6,50,0,0,44,8,52,332,5,337,389
08/09/2020,JRF,HI,AWP,WE,Federal Contract Tower,0,0,3,0,3,0,0,35,8,43,0,0,38,8,46,302,3,305,351
08/10/2020,JRF,HI,AWP,WE,Federal Contract Tower,0,0,4,4,8,0,0,60,24,84,0,0,64,28,92,391,47,438,530
08/11/2020,JRF,HI,AWP,WE,Federal Contract Tower,0,0,5,1,6,0,0,32,12,44,0,0,37,13,50,390,92,482,532
08/12/2020,JRF,HI,AWP,WE,Federal Contract Tower,0,0,4,4,8,0,0,84,6,90,0,0,88,10,98,655,69,724,822
08/13/2020,JRF,HI,AWP,WE,Federal Contract Tower,0,0,7,7,14,0,0,75,14,89,0,0,82,21,103,737,14,751,854
08/14/2020,JRF,HI,AWP,WE,Federal Contract Tower,0,0,2,3,5,0,0,75,14,89,0,0,77,17,94,502,24,526,620
08/15/2020,JRF,HI,AWP,WE,Federal Contract Tower,0,0,2,0,2,0,0,62,3,65,0,0,64,3,67,476,14,490,557
08/16/2020,JRF,HI,AWP,WE,Federal Contract Tower,0,0,0,1,1,0,0,51,0,51,0,0,51,1,52,496,4,500,552
08/17/2020,JRF,HI,AWP,WE,Federal Contract Tower,0,0,3,1,4,0,0,30,6,36,0,0,33,7,40,406,24,430,470
08/18/2020,JRF,HI,AWP,WE,Federal Contract Tower,0,0,3,3,6,0,0,39,12,51,0,0,42,15,57,424,69,493,550
08/19/2020,JRF,HI,AWP,WE,Federal Contract Tower,0,0,6,3,9,0,0,37,16,53,0,0,43,19,62,603,58,661,723
08/20/2020,JRF,HI,AWP,WE,Federal Contract Tower,0,0,4,3,7,0,0,48,8,56,0,0,52,11,63,472,53,525,588
08/21/2020,JRF,HI,AWP,WE,Federal Contract Tower,0,0,3,0,3,0,0,22,1,23,0,0,25,1,26,421,12,433,459
08/22/2020,JRF,HI,AWP,WE,Federal Contract Tower,0,0,3,3,6,0,0,45,0,45,0,0,48,3,51,325,6,331,382
08/23/2020,JRF,HI,AWP,WE,Federal Contract Tower,0,0,0,2,2,0,0,48,0,48,0,0,48,2,50,286,4,290,340
08/24/2020,JRF,HI,AWP,WE,Federal Contract Tower,0,0,6,5,11,0,0,34,16,50,0,0,40,21,61,311,63,374,435
08/25/2020,JRF,HI,AWP,WE,Federal Contract Tower,0,0,1,4,5,0,0,42,8,50,0,0,43,12,55,350,18,368,423
08/26/2020,JRF,HI,AWP,WE,Federal Contract Tower,0,0,2,5,7,0,0,42,20,62,0,0,44,25,69,563,72,635,704
08/27/2020,JRF,HI,AWP,WE,Federal Contract Tower,0,0,4,3,7,0,0,68,13,81,0,0,72,16,88,445,89,534,622
08/28/2020,JRF,HI,AWP,WE,Federal Contract Tower,0,0,5,5,10,0,0,51,19,70,0,0,56,24,80,496,7,503,583
08/29/2020,JRF,HI,AWP,WE,Federal Contract Tower,0,0,0,2,2,0,0,59,1,60,0,0,59,3,62,272,26,298,360
08/30/2020,JRF,HI,AWP,WE,Federal Contract Tower,0,0,3,2,5,0,0,28,1,29,0,0,31,3,34,191,18,209,243
08/31/2020,JRF,HI,AWP,WE,Federal Contract Tower,0,0,3,11,14,0,0,33,7,40,0,0,36,18,54,447,52,499,553
09/01/2020,JRF,HI,AWP,WE,Federal Contract Tower,0,0,6,9,15,0,0,27,16,43,0,0,33,25,58,346,35,381,439
09/02/2020,JRF,HI,AWP,WE,Federal Contract Tower,0,0,4,4,8,0,0,31,45,76,0,0,35,49,84,413,59,472,556
09/03/2020,JRF,HI,AWP,WE,Federal Contract Tower,0,0,2,6,8,0,1,55,17,73,0,1,57,23,81,476,14,490,571
09/04/2020,JRF,HI,AWP,WE,Federal Contract Tower,0,0,3,3,6,0,0,63,8,71,0,0,66,11,77,437,28,465,542
09/05/2020,JRF,HI,AWP,WE,Federal Contract Tower,0,0,2,1,3,0,0,44,0,44,0,0,46,1,47,386,5,391,438
09/06/2020,JRF,HI,AWP,WE,Federal Contract Tower,0,0,3,0,3,0,0,37,7,44,0,0,40,7,47,399,12,411,458
09/07/2020,JRF,HI,AWP,WE,Federal Contract Tower,0,0,2,0,2,0,0,66,3,69,0,0,68,3,71,315,12,327,398
09/08/2020,JRF,HI,AWP,WE,Federal Contract Tower,0,0,7,6,13,0,0,78,15,93,0,0,85,21,106,532,75,607,713
09/09/2020,JRF,HI,AWP,WE,Federal Contract Tower,0,0,5,6,11,0,0,59,15,74,0,0,64,21,85,669,56,725,810
09/10/2020,JRF,HI,AWP,WE,Federal Contract Tower,0,0,8,5,13,0,0,56,18,74,0,0,64,23,87,437,9,446,533
09/11/2020,JRF,HI,AWP,WE,Federal Contract Tower,0,0,10,2,12,0,0,63,12,75,0,0,73,14,87,511,1,512,599
09/12/2020,JRF,HI,AWP,WE,Federal Contract Tower,0,0,0,1,1,0,0,47,4,51,0,0,47,5,52,393,0,393,445
09/13/2020,JRF,HI,AWP,WE,Federal Contract Tower,0,0,0,3,3,0,0,47,0,47,0,0,47,3,50,458,13,471,521
09/14/2020,JRF,HI,AWP,WE,Federal Contract Tower,0,0,1,2,3,0,0,38,8,46,0,0,39,10,49,412,32,444,493
09/15/2020,JRF,HI,AWP,WE,Federal Contract Tower,0,0,2,8,10,0,0,40,11,51,0,0,42,19,61,329,52,381,442
09/16/2020,JRF,HI,AWP,WE,Federal Contract Tower,0,0,5,11,16,0,0,43,24,67,0,0,48,35,83,335,50,385,468
09/17/2020,JRF,HI,AWP,WE,Federal Contract Tower,0,0,15,5,20,0,0,51,17,68,0,0,66,22,88,393,32,425,513
09/18/2020,JRF,HI,AWP,WE,Federal Contract Tower,0,0,4,6,10,0,0,60,14,74,0,0,64,20,84,427,0,427,511
09/19/2020,JRF,HI,AWP,WE,Federal Contract Tower,0,0,5,0,5,0,0,48,17,65,0,0,53,17,70,405,24,429,499
09/20/2020,JRF,HI,AWP,WE,Federal Contract Tower,0,0,5,2,7,0,0,35,0,35,0,0,40,2,42,317,8,325,367
09/21/2020,JRF,HI,AWP,WE,Federal Contract Tower,0,0,4,1,5,0,0,46,6,52,0,0,50,7,57,371,50,421,478
09/22/2020,JRF,HI,AWP,WE,Federal Contract Tower,0,0,5,4,9,0,0,50,15,65,0,0,55,19,74,496,51,547,621
09/23/2020,JRF,HI,AWP,WE,Federal Contract Tower,0,0,7,10,17,0,0,79,15,94,0,0,86,25,111,520,95,615,726
09/24/2020,JRF,HI,AWP,WE,Federal Contract Tower,0,0,2,8,10,0,0,25,17,42,0,0,27,25,52,341,73,414,466
09/25/2020,JRF,HI,AWP,WE,Federal Contract Tower,0,0,2,4,6,0,0,48,9,57,0,0,50,13,63,494,35,529,592
09/26/2020,JRF,HI,AWP,WE,Federal Contract Tower,0,0,2,1,3,0,0,62,4,66,0,0,64,5,69,527,9,536,605
09/27/2020,JRF,HI,AWP,WE,Federal Contract Tower,0,0,0,2,2,0,0,34,2,36,0,0,34,4,38,313,29,342,380
09/28/2020,JRF,HI,AWP,WE,Federal Contract Tower,0,0,5,10,15,0,0,43,15,58,0,0,48,25,73,416,45,461,534
09/29/2020,JRF,HI,AWP,WE,Federal Contract Tower,0,0,3,9,12,0,0,63,17,80,0,0,66,26,92,444,42,486,578
09/30/2020,JRF,HI,AWP,WE,Federal Contract Tower,0,0,10,6,16,0,0,81,15,96,0,0,91,21,112,579,73,652,764
10/01/2020,JRF,HI,AWP,WE,Federal Contract Tower,0,0,1,4,5,0,0,95,10,105,0,0,96,14,110,647,86,733,843
10/02/2020,JRF,HI,AWP,WE,Federal Contract Tower,0,0,2,1,3,0,2,41,4,47,0,2,43,5,50,348,3,351,401
10/03/2020,JRF,HI,AWP,WE,Federal Contract Tower,0,0,6,4,10,0,0,94,9,103,0,0,100,13,113,595,15,610,723
10/04/2020,JRF,HI,AWP,WE,Federal Contract Tower,0,0,2,3,5,0,0,37,0,37,0,0,39,3,42,405,5,410,452
10/05/2020,JRF,HI,AWP,WE,Federal Contract Tower,0,0,4,4,8,0,0,58,14,72,0,0,62,18,80,404,40,444,524
10/06/2020,JRF,HI,AWP,WE,Federal Contract Tower,0,0,4,3,7,0,0,53,22,75,0,0,57,25,82,317,116,433,515
10/07/2020,JRF,HI,AWP,WE,Federal Contract Tower,0,0,8,7,15,0,0,45,16,61,0,0,53,23,76,414,62,476,552
10/08/2020,JRF,HI,AWP,WE,Federal Contract Tower,0,0,4,5,9,0,0,36,13,49,0,0,40,18,58,397,45,442,500
10/09/2020,JRF,HI,AWP,WE,Federal Contract Tower,0,0,13,3,16,0,0,85,2,87,0,0,98,5,103,555,46,601,704
10/10/2020,JRF,HI,AWP,WE,Federal Contract Tower,0,0,4,4,8,0,0,47,1,48,0,0,51,5,56,525,1,526,582
10/11/2020,JRF,HI,AWP,WE,Federal Contract Tower,0,0,8,2,10,0,0,38,3,41,0,0,46,5,51,299,7,306,357
10/12/2020,JRF,HI,AWP,WE,Federal Contract Tower,0,0,0,11,11,0,0,25,1,26,0,0,25,12,37,325,7,332,369
10/13/2020,JRF,HI,AWP,WE,Federal Contract Tower,0,0,10,6,16,0,0,44,8,52,0,0,54,14,68,542,45,587,655
10/14/2020,JRF,HI,AWP,WE,Federal Contract Tower,0,0,4,3,7,0,0,33,5,38,0,0,37,8,45,506,110,616,661
10/15/2020,JRF,HI,AWP,WE,Federal Contract Tower,0,0,5,4,9,0,0,26,9,35,0,0,31,13,44,509,78,587,631
10/16/2020,JRF,HI,AWP,WE,Federal Contract Tower,0,0,4,0,4,0,0,54,12,66,0,0,58,12,70,336,5,341,411
10/17/2020,JRF,HI,AWP,WE,Federal Contract Tower,0,0,0,3,3,0,0,62,0,62,0,0,62,3,65,390,14,404,469
10/18/2020,JRF,HI,AWP,WE,Federal Contract Tower,0,0,13,4,17,0,0,22,0,22,0,0,35,4,39,204,14,218,257
10/19/2020,JRF,HI,AWP,WE,Federal Contract Tower,0,0,7,3,10,0,0,32,19,51,0,0,39,22,61,315,17,332,393
10/20/2020,JRF,HI,AWP,WE,Federal Contract Tower,0,0,11,4,15,0,0,41,13,54,0,0,52,17,69,368,37,405,474
10/21/2020,JRF,HI,AWP,WE,Federal Contract Tower,0,0,6,3,9,0,0,53,21,74,0,0,59,24,83,549,63,612,695
10/22/2020,JRF,HI,AWP,WE,Federal Contract Tower,0,0,2,3,5,0,0,58,11,69,0,0,60,14,74,456,95,551,625
10/23/2020,JRF,HI,AWP,WE,Federal Contract Tower,0,0,6,7,13,0,0,20,9,29,0,0,26,16,42,250,23,273,315
10/24/2020,JRF,HI,AWP,WE,Federal Contract Tower,0,0,10,2,12,0,0,40,2,42,0,0,50,4,54,403,8,411,465
10/25/2020,JRF,HI,AWP,WE,Federal Contract Tower,0,0,1,1,2,0,0,57,0,57,0,0,58,1,59,346,7,353,412
10/26/2020,JRF,HI,AWP,WE,Federal Contract Tower,0,0,1,4,5,0,0,0,0,0,0,0,1,4,5,472,25,497,502
10/27/2020,JRF,HI,AWP,WE,Federal Contract Tower,0,0,5,4,9,0,0,50,27,77,0,0,55,31,86,433,37,470,556
10/28/2020,JRF,HI,AWP,WE,Federal Contract Tower,0,0,5,4,9,0,0,51,28,79,0,0,56,32,88,504,43,547,635
10/29/2020,JRF,HI,AWP,WE,Federal Contract Tower,0,0,9,9,18,0,0,59,23,82,0,0,68,32,100,533,15,548,648
10/30/2020,JRF,HI,AWP,WE,Federal Contract Tower,0,0,4,3,7,0,0,46,4,50,0,0,50,7,57,438,4,442,499
10/31/2020,JRF,HI,AWP,WE,Federal Contract Tower,0,0,6,2,8,0,0,45,4,49,0,0,51,6,57,416,4,420,477
11/01/2020,JRF,HI,AWP,WE,Federal Contract Tower,0,0,3,0,3,0,0,48,0,48,0,0,51,0,51,406,5,411,462
11/02/2020,JRF,HI,AWP,WE,Federal Contract Tower,0,0,2,3,5,0,0,54,17,71,0,0,56,20,76,479,51,530,606
11/03/2020,JRF,HI,AWP,WE,Federal Contract Tower,0,0,1,3,4,0,0,65,16,81,0,0,66,19,85,544,36,580,665
11/04/2020,JRF,HI,AWP,WE,Federal Contract Tower,0,0,8,1,9,0,0,55,10,65,0,0,63,11,74,452,11,463,537
11/05/2020,JRF,HI,AWP,WE,Federal Contract Tower,0,0,2,6,8,0,0,44,19,63,0,0,46,25,71,459,86,545,616
11/06/2020,JRF,HI,AWP,WE,Federal Contract Tower,0,0,2,8,10,0,0,80,28,108,0,0,82,36,118,441,38,479,597
11/07/2020,JRF,HI,AWP,WE,Federal Contract Tower,0,0,10,4,14,0,0,52,10,62,0,0,62,14,76,529,25,554,630
11/08/2020,JRF,HI,AWP,WE,Federal Contract Tower,0,0,0,5,5,0,0,45,1,46,0,0,45,6,51,327,6,333,384
11/09/2020,JRF,HI,AWP,WE,Federal Contract Tower,0,0,7,4,11,0,0,23,14,37,0,0,30,18,48,194,54,248,296
11/10/2020,JRF,HI,AWP,WE,Federal Contract Tower,0,0,4,4,8,0,0,34,16,50,0,0,38,20,58,342,133,475,533
11/11/2020,JRF,HI,AWP,WE,Federal Contract Tower,0,0,5,2,7,0,0,16,1,17,0,0,21,3,24,327,17,344,368
11/12/2020,JRF,HI,AWP,WE,Federal Contract Tower,0,0,13,7,20,0,0,22,16,38,0,0,35,23,58,472,75,547,605
11/13/2020,JRF,HI,AWP,WE,Federal Contract Tower,0,0,2,4,6,0,0,29,4,33,0,0,31,8,39,469,21,490,529
11/14/2020,JRF,HI,AWP,WE,Federal Contract Tower,0,0,2,1,3,0,0,59,2,61,0,0,61,3,64,611,25,636,700
11/15/2020,JRF,HI,AWP,WE,Federal Contract Tower,0,0,14,1,15,0,0,25,4,29,0,0,39,5,44,431,42,473,517
11/16/2020,JRF,HI,AWP,WE,Federal Contract Tower,0,0,5,1,6,0,0,46,6,52,0,0,51,7,58,505,54,559,617
11/17/2020,JRF,HI,AWP,WE,Federal Contract Tower,0,0,7,5,12,0,0,71,9,80,0,0,78,14,92,640,38,678,770
11/18/2020,JRF,HI,AWP,WE,Federal Contract Tower,0,0,3,12,15,0,0,36,16,52,0,0,39,28,67,363,43,406,473
11/19/2020,JRF,HI,AWP,WE,Federal Contract Tower,0,0,4,5,9,0,0,25,24,49,0,0,29,29,58,522,56,578,636
11/20/2020,JRF,HI,AWP,WE,Federal Contract Tower,0,0,6,3,9,0,0,41,25,66,0,0,47,28,75,570,22,592,667
11/21/2020,JRF,HI,AWP,WE,Federal Contract Tower,0,0,0,2,2,0,0,28,2,30,0,0,28,4,32,240,6,246,278
11/22/2020,JRF,HI,AWP,WE,Federal Contract Tower,0,0,1,2,3,0,0,12,3,15,0,0,13,5,18,75,2,77,95
11/23/2020,JRF,HI,AWP,WE,Federal Contract Tower,0,0,5,5,10,0,0,44,16,60,0,0,49,21,70,321,105,426,496
11/24/2020,JRF,HI,AWP,WE,Federal Contract Tower,0,0,4,10,14,0,0,81,33,114,0,0,85,43,128,402,73,475,603
11/25/2020,JRF,HI,AWP,WE,Federal Contract Tower,0,0,7,3,10,0,0,62,10,72,0,0,69,13,82,782,21,803,885
11/26/2020,JRF,HI,AWP,WE,Federal Contract Tower,0,0,1,1,2,0,0,31,9,40,0,0,32,10,42,210,21,231,273
11/27/2020,JRF,HI,AWP,WE,Federal Contract Tower,0,0,6,0,6,0,0,27,2,29,0,0,33,2,35,356,13,369,404
11/28/2020,JRF,HI,AWP,WE,Federal Contract Tower,0,0,0,0,0,0,0,44,0,44,0,0,44,0,44,327,14,341,385
11/29/2020,JRF,HI,AWP,WE,Federal Contract Tower,0,0,10,1,11,0,0,35,2,37,0,0,45,3,48,364,6,370,418
11/30/2020,JRF,HI,AWP,WE,Federal Contract Tower,0,0,1,0,1,0,0,35,15,50,0,0,36,15,51,306,28,334,385
12/01/2020,JRF,HI,AWP,WE,Federal Contract Tower,0,0,0,5,5,0,0,46,10,56,0,0,46,15,61,479,21,500,561
12/02/2020,JRF,HI,AWP,WE,Federal Contract Tower,0,0,1,8,9,0,0,52,9,61,0,0,53,17,70,678,17,695,765
12/03/2020,JRF,HI,AWP,WE,Federal Contract Tower,0,0,0,5,5,0,0,26,38,64,0,0,26,43,69,437,21,458,527
12/04/2020,JRF,HI,AWP,WE,Federal Contract Tower,0,0,1,1,2,0,0,37,17,54,0,0,38,18,56,588,14,602,658
12/05/2020,JRF,HI,AWP,WE,Federal Contract Tower,0,0,2,7,9,0,0,83,9,92,0,0,85,16,101,392,7,399,500
12/06/2020,JRF,HI,AWP,WE,Federal Contract Tower,0,0,4,3,7,0,0,44,2,46,0,0,48,5,53,448,5,453,506
12/07/2020,JRF,HI,AWP,WE,Federal Contract Tower,0,0,2,6,8,0,0,87,10,97,0,0,89,16,105,412,57,469,574
12/08/2020,JRF,HI,AWP,WE,Federal Contract Tower,0,0,2,10,12,0,0,56,26,82,0,0,58,36,94,576,54,630,724
12/09/2020,JRF,HI,AWP,WE,Federal Contract Tower,0,0,4,9,13,0,0,52,21,73,0,0,56,30,86,452,71,523,609
12/10/2020,JRF,HI,AWP,WE,Federal Contract Tower,0,0,5,3,8,0,0,36,13,49,0,0,41,16,57,506,21,527,584
12/11/2020,JRF,HI,AWP,WE,Federal Contract Tower,0,0,1,7,8,0,0,35,6,41,0,0,36,13,49,460,23,483,532
12/12/2020,JRF,HI,AWP,WE,Federal Contract Tower,0,0,0,1,1,0,0,55,1,56,0,0,55,2,57,425,4,429,486
12/13/2020,JRF,HI,AWP,WE,Federal Contract Tower,0,0,5,5,10,0,0,53,2,55,0,0,58,7,65,508,1,509,574
12/14/2020,JRF,HI,AWP,WE,Federal Contract Tower,0,0,1,5,6,0,0,49,22,71,0,0,50,27,77,350,1,351,428
12/15/2020,JRF,HI,AWP,WE,Federal Contract Tower,0,0,7,4,11,0,0,87,22,109,0,0,94,26,120,826,73,899,1019
12/16/2020,JRF,HI,AWP,WE,Federal Contract Tower,0,0,8,8,16,0,0,42,24,66,0,0,50,32,82,552,43,595,677
12/17/2020,JRF,HI,AWP,WE,Federal Contract Tower,0,0,1,1,2,0,0,44,18,62,0,0,45,19,64,585,49,634,698
12/18/2020,JRF,HI,AWP,WE,Federal Contract Tower,0,0,4,4,8,0,0,25,4,29,0,0,29,8,37,302,6,308,345
12/19/2020,JRF,HI,AWP,WE,Federal Contract Tower,0,0,1,4,5,0,0,35,4,39,0,0,36,8,44,266,14,280,324
12/20/2020,JRF,HI,AWP,WE,Federal Contract Tower,0,0,3,4,7,0,0,76,7,83,0,0,79,11,90,407,5,412,502
12/21/2020,JRF,HI,AWP,WE,Federal Contract Tower,0,0,4,3,7,0,0,64,10,74,0,0,68,13,81,373,37,410,491
12/22/2020,JRF,HI,AWP,WE,Federal Contract Tower,0,0,1,4,5,0,0,40,17,57,0,0,41,21,62,490,83,573,635
12/23/2020,JRF,HI,AWP,WE,Federal Contract Tower,0,0,5,4,9,0,0,73,6,79,0,0,78,10,88,492,7,499,587
12/24/2020,JRF,HI,AWP,WE,Federal Contract Tower,0,0,3,2,5,0,0,49,0,49,0,0,52,2,54,347,5,352,406
12/25/2020,JRF,HI,AWP,WE,Federal Contract Tower,0,0,0,0,0,0,0,13,0,13,0,0,13,0,13,17,0,17,30
12/26/2020,JRF,HI,AWP,WE,Federal Contract Tower,0,0,3,1,4,0,0,8,1,9,0,0,11,2,13,46,0,46,59
12/27/2020,JRF,HI,AWP,WE,Federal Contract Tower,0,0,3,0,3,0,0,50,2,52,0,0,53,2,55,236,15,251,306
12/28/2020,JRF,HI,AWP,WE,Federal Contract Tower,0,0,1,1,2,0,0,60,5,65,0,0,61,6,67,239,46,285,352
12/29/2020,JRF,HI,AWP,WE,Federal Contract Tower,0,0,0,2,2,0,0,58,32,90,0,0,58,34,92,404,52,456,548
12/30/2020,JRF,HI,AWP,WE,Federal Contract Tower,0,0,5,2,7,0,0,65,5,70,0,0,70,7,77,362,13,375,452
12/31/2020,JRF,HI,AWP,WE,Federal Contract Tower,0,0,4,3,7,0,0,15,5,20,0,0,19,8,27,171,12,183,210
01/01/2021,JRF,HI,AWP,WE,Federal Contract Tower,0,0,2,2,4,0,0,13,0,13,0,0,15,2,17,7,3,10,27
01/02/2021,JRF,HI,AWP,WE,Federal Contract Tower,0,0,0,3,3,0,0,30,1,31,0,0,30,4,34,364,0,364,398
01/03/2021,JRF,HI,AWP,WE,Federal Contract Tower,0,0,4,5,9,0,0,39,1,40,0,0,43,6,49,154,1,155,204
01/04/2021,JRF,HI,AWP,WE,Federal Contract Tower,0,0,7,10,17,0,0,32,13,45,0,0,39,23,62,274,51,325,387
01/05/2021,JRF,HI,AWP,WE,Federal Contract Tower,0,0,8,6,14,0,0,36,25,61,0,0,44,31,75,419,43,462,537
01/06/2021,JRF,HI,AWP,WE,Federal Contract Tower,0,0,5,4,9,0,0,91,16,107,0,0,96,20,116,595,50,645,761
01/07/2021,JRF,HI,AWP,WE,Federal Contract Tower,0,0,6,9,15,0,0,83,25,108,0,0,89,34,123,385,66,451,574
01/08/2021,JRF,HI,AWP,WE,Federal Contract Tower,0,0,6,8,14,0,0,72,6,78,0,0,78,14,92,407,15,422,514
01/09/2021,JRF,HI,AWP,WE,Federal Contract Tower,0,0,0,9,9,0,0,112,22,134,0,0,112,31,143,570,12,582,725
01/10/2021,JRF,HI,AWP,WE,Federal Contract Tower,0,0,4,7,11,0,0,44,2,46,0,0,48,9,57,357,3,360,417
01/11/2021,JRF,HI,AWP,WE,Federal Contract Tower,0,0,6,2,8,0,0,46,2,48,0,0,52,4,56,320,28,348,404
01/12/2021,JRF,HI,AWP,WE,Federal Contract Tower,0,0,0,4,4,0,0,75,22,97,0,0,75,26,101,486,98,584,685
01/13/2021,JRF,HI,AWP,WE,Federal Contract Tower,0,0,4,1,5,0,0,54,41,95,0,0,58,42,100,452,93,545,645
01/14/2021,JRF,HI,AWP,WE,Federal Contract Tower,0,0,4,3,7,0,0,57,22,79,0,0,61,25,86,703,52,755,841
01/15/2021,JRF,HI,AWP,WE,Federal Contract Tower,0,0,2,7,9,0,0,25,1,26,0,0,27,8,35,520,14,534,569
01/16/2021,JRF,HI,AWP,WE,Federal Contract Tower,0,0,6,0,6,0,0,60,2,62,0,0,66,2,68,446,0,446,514
01/17/2021,JRF,HI,AWP,WE,Federal Contract Tower,0,0,0,3,3,0,0,30,0,30,0,0,30,3,33,231,3,234,267
01/18/2021,JRF,HI,AWP,WE,Federal Contract Tower,0,0,4,4,8,0,0,13,2,15,0,0,17,6,23,141,0,141,164
01/19/2021,JRF,HI,AWP,WE,Federal Contract Tower,0,0,1,3,4,0,0,41,29,70,0,0,42,32,74,294,25,319,393
01/20/2021,JRF,HI,AWP,WE,Federal Contract Tower,0,0,7,7,14,0,0,71,23,94,0,0,78,30,108,592,75,667,775
01/21/2021,JRF,HI,AWP,WE,Federal Contract Tower,0,0,0,1,1,0,0,47,37,84,0,0,47,38,85,448,27,475,560
01/22/2021,JRF,HI,AWP,WE,Federal Contract Tower,0,0,0,6,6,0,0,66,6,72,0,0,66,12,78,474,5,479,557
01/23/2021,JRF,HI,AWP,WE,Federal Contract Tower,0,0,1,2,3,0,0,43,15,58,0,0,44,17,61,381,7,388,449
01/24/2021,JRF,HI,AWP,WE,Federal Contract Tower,0,0,0,3,3,0,0,51,2,53,0,0,51,5,56,420,10,430,486
01/25/2021,JRF,HI,AWP,WE,Federal Contract Tower,0,0,4,14,18,0,0,24,4,28,0,0,28,18,46,203,3,206,252
01/26/2021,JRF,HI,AWP,WE,Federal Contract Tower,0,0,5,9,14,0,0,52,23,75,0,0,57,32,89,394,64,458,547
01/27/2021,JRF,HI,AWP,WE,Federal Contract Tower,0,0,11,4,15,0,0,58,27,85,0,0,69,31,100,420,81,501,601
01/28/2021,JRF,HI,AWP,WE,Federal Contract Tower,0,0,4,8,12,0,0,30,12,42,0,0,34,20,54,566,34,600,654
01/29/2021,JRF,HI,AWP,WE,Federal Contract Tower,0,0,1,5,6,0,0,53,12,65,0,0,54,17,71,492,27,519,590
01/30/2021,JRF,HI,AWP,WE,Federal Contract Tower,0,0,0,3,3,0,0,58,1,59,0,0,58,4,62,459,30,489,551
01/31/2021,JRF,HI,AWP,WE,Federal Contract Tower,0,0,0,3,3,0,0,40,2,42,0,0,40,5,45,331,2,333,378
02/01/2021,JRF,HI,AWP,WE,Federal Contract Tower,0,0,4,5,9,0,0,33,13,46,0,0,37,18,55,222,47,269,324
02/02/2021,JRF,HI,AWP,WE,Federal Contract Tower,0,0,2,7,9,0,0,50,22,72,0,0,52,29,81,448,30,478,559
02/03/2021,JRF,HI,AWP,WE,Federal Contract Tower,0,0,1,6,7,0,0,4,5,9,0,0,5,11,16,84,39,123,139
02/04/2021,JRF,HI,AWP,WE,Federal Contract Tower,0,0,2,5,7,0,0,1,46,47,0,0,3,51,54,565,65,630,684
02/05/2021,JRF,HI,AWP,WE,Federal Contract Tower,0,0,2,5,7,0,0,72,9,81,0,0,74,14,88,562,8,570,658
02/06/2021,JRF,HI,AWP,WE,Federal Contract Tower,0,0,1,6,7,0,0,104,3,107,0,0,105,9,114,459,2,461,575
02/07/2021,JRF,HI,AWP,WE,Federal Contract Tower,0,0,7,6,13,0,0,60,4,64,0,0,67,10,77,371,2,373,450
02/08/2021,JRF,HI,AWP,WE,Federal Contract Tower,0,0,5,4,9,0,0,16,18,34,0,0,21,22,43,228,68,296,339
02/09/2021,JRF,HI,AWP,WE,Federal Contract Tower,0,0,2,11,13,0,0,46,8,54,0,0,48,19,67,405,14,419,486
02/10/2021,JRF,HI,AWP,WE,Federal Contract Tower,0,0,4,7,11,0,0,73,32,105,0,0,77,39,116,734,51,785,901
02/11/2021,JRF,HI,AWP,WE,Federal Contract Tower,0,0,2,6,8,0,0,67,10,77,0,0,69,16,85,530,41,571,656
02/12/2021,JRF,HI,AWP,WE,Federal Contract Tower,0,0,1,3,4,0,0,85,20,105,0,0,86,23,109,597,33,630,739
02/13/2021,JRF,HI,AWP,WE,Federal Contract Tower,0,0,2,1,3,0,0,89,2,91,0,0,91,3,94,465,4,469,563
02/14/2021,JRF,HI,AWP,WE,Federal Contract Tower,0,0,1,2,3,0,0,50,2,52,0,0,51,4,55,337,8,345,400
02/15/2021,JRF,HI,AWP,WE,Federal Contract Tower,0,0,0,0,0,0,0,66,0,66,0,0,66,0,66,503,11,514,580
02/16/2021,JRF,HI,AWP,WE,Federal Contract Tower,0,0,2,5,7,0,0,65,39,104,0,0,67,44,111,653,52,705,816
02/17/2021,JRF,HI,AWP,WE,Federal Contract Tower,0,0,7,1,8,0,0,92,10,102,0,0,99,11,110,659,29,688,798
02/18/2021,JRF,HI,AWP,WE,Federal Contract Tower,0,0,5,10,15,0,0,63,41,104,0,0,68,51,119,513,39,552,671
02/19/2021,JRF,HI,AWP,WE,Federal Contract Tower,0,0,2,8,10,0,0,39,18,57,0,0,41,26,67,552,19,571,638
02/20/2021,JRF,HI,AWP,WE,Federal Contract Tower,0,0,3,6,9,0,0,111,1,112,0,0,114,7,121,733,25,758,879
02/21/2021,JRF,HI,AWP,WE,Federal Contract Tower,0,0,3,10,13,0,0,60,5,65,0,0,63,15,78,420,28,448,526
02/22/2021,JRF,HI,AWP,WE,Federal Contract Tower,0,0,1,4,5,0,0,31,18,49,0,0,32,22,54,303,42,345,399
02/23/2021,JRF,HI,AWP,WE,Federal Contract Tower,0,0,0,5,5,0,0,53,16,69,0,0,53,21,74,455,53,508,582
02/24/2021,JRF,HI,AWP,WE,Federal Contract Tower,0,0,0,4,4,0,0,60,17,77,0,0,60,21,81,435,38,473,554
02/25/2021,JRF,HI,AWP,WE,Federal Contract Tower,0,0,5,3,8,0,0,55,19,74,0,0,60,22,82,298,37,335,417
02/26/2021,JRF,HI,AWP,WE,Federal Contract Tower,0,0,4,3,7,0,0,45,15,60,0,0,49,18,67,255,22,277,344
02/27/2021,JRF,HI,AWP,WE,Federal Contract Tower,0,0,2,2,4,0,0,48,6,54,0,0,50,8,58,253,16,269,327
02/28/2021,JRF,HI,AWP,WE,Federal Contract Tower,0,0,1,2,3,0,0,20,3,23,0,0,21,5,26,220,3,223,249
03/01/2021,JRF,HI,AWP,WE,Federal Contract Tower,0,0,3,0,3,0,0,27,18,45,0,0,30,18,48,109,29,138,186
03/02/2021,JRF,HI,AWP,WE,Federal Contract Tower,0,0,1,3,4,0,0,29,7,36,0,0,30,10,40,271,22,293,333
03/03/2021,JRF,HI,AWP,WE,Federal Contract Tower,0,0,2,3,5,0,0,82,4,86,0,0,84,7,91,508,44,552,643
03/04/2021,JRF,HI,AWP,WE,Federal Contract Tower,0,0,3,4,7,0,0,80,4,84,0,0,83,8,91,670,66,736,827
03/05/2021,JRF,HI,AWP,WE,Federal Contract Tower,0,0,1,3,4,0,0,42,18,60,0,0,43,21,64,344,28,372,436
03/06/2021,JRF,HI,AWP,WE,Federal Contract Tower,0,0,0,2,2,0,0,76,2,78,0,0,76,4,80,473,5,478,558
03/07/2021,JRF,HI,AWP,WE,Federal Contract Tower,0,0,0,5,5,0,0,35,0,35,0,0,35,5,40,486,3,489,529
03/08/2021,JRF,HI,AWP,WE,Federal Contract Tower,0,0,1,4,5,0,0,31,9,40,0,0,32,13,45,154,8,162,207
03/09/2021,JRF,HI,AWP,WE,Federal Contract Tower,0,0,1,4,5,0,0,8,4,12,0,0,9,8,17,83,31,114,131
03/10/2021,JRF,HI,AWP,WE,Federal Contract Tower,0,0,1,4,5,0,0,45,7,52,0,0,46,11,57,381,11,392,449
03/11/2021,JRF,HI,AWP,WE,Federal Contract Tower,0,0,5,6,11,0,0,60,20,80,0,0,65,26,91,334,15,349,440
03/12/2021,JRF,HI,AWP,WE,Federal Contract Tower,0,0,0,11,11,0,0,50,7,57,0,0,50,18,68,262,7,269,337
03/13/2021,JRF,HI,AWP,WE,Federal Contract Tower,0,0,1,7,8,0,0,127,15,142,0,0,128,22,150,567,7,574,724
03/14/2021,JRF,HI,AWP,WE,Federal Contract Tower,0,0,2,8,10,0,0,126,2,128,0,0,128,10,138,567,1,568,706
03/15/2021,JRF,HI,AWP,WE,Federal Contract Tower,0,0,2,5,7,0,0,53,28,81,0,0,55,33,88,369,34,403,491
03/16/2021,JRF,HI,AWP,WE,Federal Contract Tower,0,0,6,7,13,0,0,42,25,67,0,0,48,32,80,444,66,510,590
03/17/2021,JRF,HI,AWP,WE,Federal Contract Tower,0,0,2,10,12,0,0,66,15,81,0,0,68,25,93,400,39,439,532
03/18/2021,JRF,HI,AWP,WE,Federal Contract Tower,0,0,0,4,4,0,0,45,28,73,0,0,45,32,77,252,16,268,345
03/19/2021,JRF,HI,AWP,WE,Federal Contract Tower,0,0,4,4,8,0,0,68,0,68,0,0,72,4,76,605,9,614,690
03/20/2021,JRF,HI,AWP,WE,Federal Contract Tower,0,0,4,3,7,0,0,48,2,50,0,0,52,5,57,375,1,376,433
03/21/2021,JRF,HI,AWP,WE,Federal Contract Tower,0,0,1,1,2,0,0,25,0,25,0,0,26,1,27,224,11,235,262
03/22/2021,JRF,HI,AWP,WE,Federal Contract Tower,0,0,2,4,6,0,0,87,3,90,0,0,89,7,96,637,17,654,750
03/23/2021,JRF,HI,AWP,WE,Federal Contract Tower,0,0,5,1,6,0,0,58,6,64,0,0,63,7,70,295,23,318,388
03/24/2021,JRF,HI,AWP,WE,Federal Contract Tower,0,0,6,2,8,0,0,24,4,28,0,0,30,6,36,238,14,252,288
03/25/2021,JRF,HI,AWP,WE,Federal Contract Tower,0,0,6,6,12,0,0,34,4,38,0,0,40,10,50,344,15,359,409
03/26/2021,JRF,HI,AWP,WE,Federal Contract Tower,0,0,8,7,15,0,0,60,5,65,0,0,68,12,80,463,3,466,546
03/27/2021,JRF,HI,AWP,WE,Federal Contract Tower,0,0,1,5,6,0,0,24,1,25,0,0,25,6,31,437,5,442,473
03/28/2021,JRF,HI,AWP,WE,Federal Contract Tower,0,0,15,5,20,0,0,46,3,49,0,0,61,8,69,514,3,517,586
03/29/2021,JRF,HI,AWP,WE,Federal Contract Tower,0,0,3,3,6,0,0,48,19,67,0,0,51,22,73,281,49,330,403
03/30/2021,JRF,HI,AWP,WE,Federal Contract Tower,0,0,2,5,7,0,0,42,15,57,0,0,44,20,64,340,93,433,497
03/31/2021,JRF,HI,AWP,WE,Federal Contract Tower,0,0,2,4,6,0,0,49,13,62,0,0,51,17,68,519,55,574,642
04/01/2021,JRF,HI,AWP,WE,Federal Contract Tower,0,0,2,2,4,0,0,40,6,46,0,0,42,8,50,489,71,560,610
04/02/2021,JRF,HI,AWP,WE,Federal Contract Tower,0,0,13,4,17,0,0,88,6,94,0,0,101,10,111,493,17,510,621
04/03/2021,JRF,HI,AWP,WE,Federal Contract Tower,0,0,6,5,11,0,0,82,6,88,0,0,88,11,99,364,22,386,485
04/04/2021,JRF,HI,AWP,WE,Federal Contract Tower,0,0,0,2,2,0,0,41,3,44,0,0,41,5,46,243,11,254,300
04/05/2021,JRF,HI,AWP,WE,Federal Contract Tower,0,0,4,2,6,0,0,79,24,103,0,0,83,26,109,400,41,441,550
04/06/2021,JRF,HI,AWP,WE,Federal Contract Tower,0,0,0,10,10,0,0,59,11,70,0,0,59,21,80,302,71,373,453
04/07/2021,JRF,HI,AWP,WE,Federal Contract Tower,0,0,4,8,12,0,0,75,5,80,0,0,79,13,92,507,25,532,624
04/08/2021,JRF,HI,AWP,WE,Federal Contract Tower,0,0,3,5,8,0,0,70,30,100,0,0,73,35,108,336,45,381,489
04/09/2021,JRF,HI,AWP,WE,Federal Contract Tower,0,0,2,5,7,0,0,78,3,81,0,0,80,8,88,705,6,711,799
04/10/2021,JRF,HI,AWP,WE,Federal Contract Tower,0,0,2,10,12,0,0,120,6,126,0,0,122,16,138,544,11,555,693
04/11/2021,JRF,HI,AWP,WE,Federal Contract Tower,0,0,1,8,9,0,0,42,4,46,0,0,43,12,55,256,0,256,311
04/12/2021,JRF,HI,AWP,WE,Federal Contract Tower,0,0,2,6,8,0,0,59,7,66,0,0,61,13,74,445,21,466,540
04/13/2021,JRF,HI,AWP,WE,Federal Contract Tower,0,0,6,8,14,0,0,71,22,93,0,0,77,30,107,490,88,578,685
04/14/2021,JRF,HI,AWP,WE,Federal Contract Tower,0,0,5,8,13,0,0,65,38,103,0,0,70,46,116,517,202,719,835
04/15/2021,JRF,HI,AWP,WE,Federal Contract Tower,0,0,0,5,5,0,0,85,29,114,0,0,85,34,119,564,66,630,749
04/16/2021,JRF,HI,AWP,WE,Federal Contract Tower,0,0,4,5,9,0,0,93,1,94,0,0,97,6,103,357,7,364,467
04/17/2021,JRF,HI,AWP,WE,Federal Contract Tower,0,0,0,0,0,0,0,0,0,0,0,0,0,0,0,0,0,0,0
04/18/2021,JRF,HI,AWP,WE,Federal Contract Tower,0,0,0,0,0,0,0,0,0,0,0,0,0,0,0,0,0,0,0
04/19/2021,JRF,HI,AWP,WE,Federal Contract Tower,0,0,4,1,5,0,0,65,12,77,0,0,69,13,82,450,90,540,622
04/20/2021,JRF,HI,AWP,WE,Federal Contract Tower,0,0,3,6,9,0,0,58,34,92,0,0,61,40,101,272,110,382,483
04/21/2021,JRF,HI,AWP,WE,Federal Contract Tower,0,0,3,5,8,0,0,100,15,115,0,0,103,20,123,476,138,614,737
04/22/2021,JRF,HI,AWP,WE,Federal Contract Tower,0,0,0,5,5,0,0,93,22,115,0,0,93,27,120,555,49,604,724
04/23/2021,JRF,HI,AWP,WE,Federal Contract Tower,0,0,2,5,7,0,0,98,12,110,0,0,100,17,117,599,7,606,723
04/24/2021,JRF,HI,AWP,WE,Federal Contract Tower,0,0,5,5,10,0,0,45,3,48,0,0,50,8,58,322,6,328,386
04/25/2021,JRF,HI,AWP,WE,Federal Contract Tower,0,0,4,5,9,0,0,70,6,76,0,0,74,11,85,256,0,256,341
04/26/2021,JRF,HI,AWP,WE,Federal Contract Tower,0,0,2,4,6,0,0,52,58,110,0,0,54,62,116,476,160,636,752
04/27/2021,JRF,HI,AWP,WE,Federal Contract Tower,0,0,2,4,6,0,0,50,25,75,0,0,52,29,81,421,64,485,566
04/28/2021,JRF,HI,AWP,WE,Federal Contract Tower,0,0,11,2,13,0,0,78,21,99,0,0,89,23,112,360,61,421,533
04/29/2021,JRF,HI,AWP,WE,Federal Contract Tower,0,0,9,6,15,0,0,53,23,76,0,0,62,29,91,371,107,478,569
04/30/2021,JRF,HI,AWP,WE,Federal Contract Tower,0,0,4,10,14,0,0,62,25,87,0,0,66,35,101,390,7,397,498
05/01/2021,JRF,HI,AWP,WE,Federal Contract Tower,0,0,14,5,19,0,0,66,4,70,0,0,80,9,89,408,1,409,498
05/02/2021,JRF,HI,AWP,WE,Federal Contract Tower,0,0,2,9,11,0,0,45,5,50,0,0,47,14,61,217,4,221,282
05/03/2021,JRF,HI,AWP,WE,Federal Contract Tower,0,0,1,4,5,0,0,57,41,98,0,0,58,45,103,295,103,398,501
05/04/2021,JRF,HI,AWP,WE,Federal Contract Tower,0,0,1,7,8,0,0,51,26,77,0,0,52,33,85,337,167,504,589
05/05/2021,JRF,HI,AWP,WE,Federal Contract Tower,0,0,4,6,10,0,0,94,21,115,0,0,98,27,125,500,100,600,725
05/06/2021,JRF,HI,AWP,WE,Federal Contract Tower,0,0,4,4,8,0,0,96,35,131,0,0,100,39,139,409,98,507,646
05/07/2021,JRF,HI,AWP,WE,Federal Contract Tower,0,0,5,4,9,0,0,79,7,86,0,0,84,11,95,353,22,375,470
05/08/2021,JRF,HI,AWP,WE,Federal Contract Tower,0,0,4,1,5,0,0,46,6,52,0,0,50,7,57,363,22,385,442
05/09/2021,JRF,HI,AWP,WE,Federal Contract Tower,0,0,2,1,3,0,0,36,2,38,0,0,38,3,41,171,61,232,273
05/10/2021,JRF,HI,AWP,WE,Federal Contract Tower,0,0,5,3,8,0,0,69,50,119,0,0,74,53,127,438,102,540,667
05/11/2021,JRF,HI,AWP,WE,Federal Contract Tower,0,0,4,1,5,0,0,74,9,83,0,0,78,10,88,519,101,620,708
05/12/2021,JRF,HI,AWP,WE,Federal Contract Tower,0,0,0,4,4,0,0,93,14,107,0,0,93,18,111,410,87,497,608
05/13/2021,JRF,HI,AWP,WE,Federal Contract Tower,0,0,5,2,7,0,0,52,27,79,0,0,57,29,86,341,110,451,537
05/14/2021,JRF,HI,AWP,WE,Federal Contract Tower,0,0,2,4,6,0,0,1,76,77,0,0,3,80,83,538,71,609,692
05/15/2021,JRF,HI,AWP,WE,Federal Contract Tower,0,0,2,2,4,0,0,33,12,45,0,0,35,14,49,258,14,272,321
05/16/2021,JRF,HI,AWP,WE,Federal Contract Tower,0,0,0,4,4,0,0,30,0,30,0,0,30,4,34,266,10,276,310
05/17/2021,JRF,HI,AWP,WE,Federal Contract Tower,0,0,3,8,11,0,0,43,7,50,0,0,46,15,61,257,136,393,454
05/18/2021,JRF,HI,AWP,WE,Federal Contract Tower,0,0,2,4,6,0,0,28,35,63,0,0,30,39,69,301,119,420,489
05/19/2021,JRF,HI,AWP,WE,Federal Contract Tower,0,0,5,8,13,0,0,91,25,116,0,0,96,33,129,440,59,499,628
05/20/2021,JRF,HI,AWP,WE,Federal Contract Tower,0,0,10,11,21,0,0,93,45,138,0,0,103,56,159,556,98,654,813
05/21/2021,JRF,HI,AWP,WE,Federal Contract Tower,0,0,8,6,14,0,0,91,17,108,0,0,99,23,122,541,27,568,690
05/22/2021,JRF,HI,AWP,WE,Federal Contract Tower,0,0,5,3,8,0,0,58,8,66,0,0,63,11,74,207,11,218,292
05/23/2021,JRF,HI,AWP,WE,Federal Contract Tower,0,0,7,2,9,0,0,43,5,48,0,0,50,7,57,153,19,172,229
05/24/2021,JRF,HI,AWP,WE,Federal Contract Tower,0,0,3,6,9,0,0,59,18,77,0,0,62,24,86,483,56,539,625
05/25/2021,JRF,HI,AWP,WE,Federal Contract Tower,0,0,4,3,7,0,0,42,12,54,0,0,46,15,61,362,55,417,478
05/26/2021,JRF,HI,AWP,WE,Federal Contract Tower,0,0,14,6,20,0,0,53,28,81,0,0,67,34,101,311,40,351,452
05/27/2021,JRF,HI,AWP,WE,Federal Contract Tower,0,0,5,4,9,0,0,80,26,106,0,0,85,30,115,589,33,622,737
05/28/2021,JRF,HI,AWP,WE,Federal Contract Tower,0,0,10,4,14,0,0,65,10,75,0,0,75,14,89,368,21,389,478
05/29/2021,JRF,HI,AWP,WE,Federal Contract Tower,0,0,2,0,2,0,0,84,9,93,0,0,86,9,95,397,5,402,497
05/30/2021,JRF,HI,AWP,WE,Federal Contract Tower,0,0,0,2,2,0,0,90,4,94,0,0,90,6,96,248,14,262,358
05/31/2021,JRF,HI,AWP,WE,Federal Contract Tower,0,0,3,1,4,0,0,73,2,75,0,0,76,3,79,293,2,295,374
06/01/2021,JRF,HI,AWP,WE,Federal Contract Tower,0,0,2,6,8,0,0,61,8,69,0,0,63,14,77,429,41,470,547
06/02/2021,JRF,HI,AWP,WE,Federal Contract Tower,0,0,8,7,15,0,0,84,8,92,0,0,92,15,107,536,45,581,688
06/03/2021,JRF,HI,AWP,WE,Federal Contract Tower,0,0,11,6,17,0,0,90,13,103,0,0,101,19,120,607,53,660,780
06/04/2021,JRF,HI,AWP,WE,Federal Contract Tower,0,0,9,2,11,0,0,67,9,76,0,0,76,11,87,337,6,343,430
06/05/2021,JRF,HI,AWP,WE,Federal Contract Tower,0,0,5,9,14,0,0,57,3,60,0,0,62,12,74,351,1,352,426
06/06/2021,JRF,HI,AWP,WE,Federal Contract Tower,0,0,0,8,8,0,0,34,6,40,0,0,34,14,48,286,66,352,400
06/07/2021,JRF,HI,AWP,WE,Federal Contract Tower,0,0,3,4,7,0,0,49,12,61,0,0,52,16,68,419,46,465,533
06/08/2021,JRF,HI,AWP,WE,Federal Contract Tower,0,0,6,5,11,0,0,75,19,94,0,0,81,24,105,327,79,406,511
06/09/2021,JRF,HI,AWP,WE,Federal Contract Tower,0,0,1,3,4,0,0,57,20,77,0,0,58,23,81,344,79,423,504
06/10/2021,JRF,HI,AWP,WE,Federal Contract Tower,0,0,5,8,13,0,0,70,7,77,0,0,75,15,90,401,62,463,553
06/11/2021,JRF,HI,AWP,WE,Federal Contract Tower,0,0,10,5,15,0,0,80,11,91,0,0,90,16,106,504,13,517,623
06/12/2021,JRF,HI,AWP,WE,Federal Contract Tower,0,0,0,2,2,0,0,58,8,66,0,0,58,10,68,229,13,242,310
06/13/2021,JRF,HI,AWP,WE,Federal Contract Tower,0,0,4,3,7,0,0,33,3,36,0,0,37,6,43,265,12,277,320
06/14/2021,JRF,HI,AWP,WE,Federal Contract Tower,0,0,3,4,7,0,0,53,8,61,0,0,56,12,68,385,7,392,460
06/15/2021,JRF,HI,AWP,WE,Federal Contract Tower,0,0,4,4,8,0,0,88,16,104,0,0,92,20,112,639,57,696,808
06/16/2021,JRF,HI,AWP,WE,Federal Contract Tower,0,0,1,5,6,0,0,101,7,108,0,0,102,12,114,530,67,597,711
06/17/2021,JRF,HI,AWP,WE,Federal Contract Tower,0,0,7,10,17,0,0,78,21,99,0,0,85,31,116,629,57,686,802
06/18/2021,JRF,HI,AWP,WE,Federal Contract Tower,0,0,4,1,5,0,0,60,4,64,0,0,64,5,69,407,11,418,487
06/19/2021,JRF,HI,AWP,WE,Federal Contract Tower,0,0,3,5,8,0,0,36,2,38,0,0,39,7,46,248,20,268,314
06/20/2021,JRF,HI,AWP,WE,Federal Contract Tower,0,0,2,3,5,0,0,34,4,38,0,0,36,7,43,306,12,318,361
06/21/2021,JRF,HI,AWP,WE,Federal Contract Tower,0,0,1,14,15,0,0,104,30,134,0,0,105,44,149,554,31,585,734
06/22/2021,JRF,HI,AWP,WE,Federal Contract Tower,0,0,6,4,10,0,0,97,35,132,0,0,103,39,142,651,69,720,862
06/23/2021,JRF,HI,AWP,WE,Federal Contract Tower,0,0,0,6,6,0,0,75,31,106,0,0,75,37,112,397,28,425,537
06/24/2021,JRF,HI,AWP,WE,Federal Contract Tower,0,0,4,8,12,0,0,54,31,85,0,0,58,39,97,230,58,288,385
06/25/2021,JRF,HI,AWP,WE,Federal Contract Tower,0,0,9,8,17,0,0,54,3,57,0,0,63,11,74,366,5,371,445
06/26/2021,JRF,HI,AWP,WE,Federal Contract Tower,0,0,2,8,10,0,0,64,4,68,0,0,66,12,78,410,3,413,491
06/27/2021,JRF,HI,AWP,WE,Federal Contract Tower,0,0,2,2,4,0,0,35,5,40,0,0,37,7,44,335,13,348,392
06/28/2021,JRF,HI,AWP,WE,Federal Contract Tower,0,0,3,3,6,0,0,62,3,65,0,0,65,6,71,267,17,284,355
06/29/2021,JRF,HI,AWP,WE,Federal Contract Tower,0,0,1,4,5,0,0,85,13,98,0,0,86,17,103,429,81,510,613
06/30/2021,JRF,HI,AWP,WE,Federal Contract Tower,0,0,4,5,9,0,0,82,22,104,0,0,86,27,113,407,82,489,602
08/01/2021,JRF,HI,AWP,WE,Federal Contract Tower,0,0,2,3,5,0,0,29,7,36,0,0,31,10,41,199,12,211,252
08/02/2021,JRF,HI,AWP,WE,Federal Contract Tower,0,0,2,9,11,0,0,59,21,80,0,0,61,30,91,253,25,278,369
08/03/2021,JRF,HI,AWP,WE,Federal Contract Tower,0,0,10,9,19,0,0,70,40,110,0,0,80,49,129,274,76,350,479
08/04/2021,JRF,HI,AWP,WE,Federal Contract Tower,0,0,5,7,12,0,0,90,6,96,0,0,95,13,108,360,114,474,582
08/05/2021,JRF,HI,AWP,WE,Federal Contract Tower,0,0,6,3,9,0,0,38,53,91,0,0,44,56,100,308,101,409,509
08/06/2021,JRF,HI,AWP,WE,Federal Contract Tower,0,0,9,8,17,0,0,73,6,79,0,0,82,14,96,355,4,359,455
08/07/2021,JRF,HI,AWP,WE,Federal Contract Tower,0,0,1,6,7,0,0,40,12,52,0,0,41,18,59,299,13,312,371
08/08/2021,JRF,HI,AWP,WE,Federal Contract Tower,0,0,1,13,14,0,0,53,8,61,0,0,54,21,75,211,24,235,310
08/09/2021,JRF,HI,AWP,WE,Federal Contract Tower,0,0,0,6,6,0,0,75,8,83,0,0,75,14,89,302,38,340,429
08/10/2021,JRF,HI,AWP,WE,Federal Contract Tower,0,0,3,6,9,0,0,68,6,74,0,0,71,12,83,415,82,497,580
08/11/2021,JRF,HI,AWP,WE,Federal Contract Tower,0,0,0,11,11,0,0,63,13,76,0,0,63,24,87,398,73,471,558
08/12/2021,JRF,HI,AWP,WE,Federal Contract Tower,0,0,1,10,11,0,0,44,12,56,0,0,45,22,67,413,78,491,558
08/13/2021,JRF,HI,AWP,WE,Federal Contract Tower,0,0,1,6,7,0,0,78,2,80,0,0,79,8,87,439,11,450,537
08/14/2021,JRF,HI,AWP,WE,Federal Contract Tower,0,0,1,1,2,0,0,49,1,50,0,0,50,2,52,297,3,300,352
08/15/2021,JRF,HI,AWP,WE,Federal Contract Tower,0,0,0,3,3,0,0,60,12,72,0,0,60,15,75,358,27,385,460
08/16/2021,JRF,HI,AWP,WE,Federal Contract Tower,0,0,2,11,13,0,0,74,35,109,0,0,76,46,122,443,74,517,639
08/17/2021,JRF,HI,AWP,WE,Federal Contract Tower,0,0,2,8,10,0,0,58,18,76,0,0,60,26,86,455,97,552,638
08/18/2021,JRF,HI,AWP,WE,Federal Contract Tower,0,0,10,6,16,0,0,66,10,76,0,0,76,16,92,500,118,618,710
08/19/2021,JRF,HI,AWP,WE,Federal Contract Tower,0,0,3,13,16,0,0,70,20,90,0,0,73,33,106,602,67,669,775
08/20/2021,JRF,HI,AWP,WE,Federal Contract Tower,0,0,2,5,7,0,0,85,14,99,0,0,87,19,106,524,16,540,646
08/21/2021,JRF,HI,AWP,WE,Federal Contract Tower,0,0,4,1,5,0,0,36,7,43,0,0,40,8,48,282,25,307,355
08/22/2021,JRF,HI,AWP,WE,Federal Contract Tower,0,0,2,1,3,0,0,49,4,53,0,0,51,5,56,240,6,246,302
08/23/2021,JRF,HI,AWP,WE,Federal Contract Tower,0,0,2,9,11,0,0,11,3,14,0,0,13,12,25,73,63,136,161
08/24/2021,JRF,HI,AWP,WE,Federal Contract Tower,0,0,12,0,12,0,0,63,13,76,0,0,75,13,88,388,98,486,574
08/25/2021,JRF,HI,AWP,WE,Federal Contract Tower,0,0,5,11,16,0,0,55,16,71,0,0,60,27,87,482,52,534,621
08/26/2021,JRF,HI,AWP,WE,Federal Contract Tower,0,0,3,6,9,0,0,52,10,62,0,0,55,16,71,475,10,485,556
08/27/2021,JRF,HI,AWP,WE,Federal Contract Tower,0,0,9,5,14,0,0,103,10,113,0,0,112,15,127,351,15,366,493
08/28/2021,JRF,HI,AWP,WE,Federal Contract Tower,0,0,7,2,9,0,0,42,5,47,0,0,49,7,56,331,3,334,390
08/29/2021,JRF,HI,AWP,WE,Federal Contract Tower,0,0,3,7,10,0,0,49,4,53,0,0,52,11,63,203,41,244,307
08/30/2021,JRF,HI,AWP,WE,Federal Contract Tower,0,0,1,6,7,0,0,63,25,88,0,0,64,31,95,358,133,491,586
08/31/2021,JRF,HI,AWP,WE,Federal Contract Tower,0,0,2,7,9,0,0,67,14,81,0,0,69,21,90,358,118,476,566
09/01/2021,JRF,HI,AWP,WE,Federal Contract Tower,0,0,2,9,11,0,0,62,16,78,0,0,64,25,89,469,106,575,664
09/02/2021,JRF,HI,AWP,WE,Federal Contract Tower,0,0,1,7,8,0,0,42,13,55,0,0,43,20,63,379,22,401,464
09/03/2021,JRF,HI,AWP,WE,Federal Contract Tower,0,0,7,2,9,0,0,41,0,41,0,0,48,2,50,338,2,340,390
09/04/2021,JRF,HI,AWP,WE,Federal Contract Tower,0,0,1,0,1,0,0,44,4,48,0,0,45,4,49,304,11,315,364
09/05/2021,JRF,HI,AWP,WE,Federal Contract Tower,0,0,0,0,0,0,0,57,2,59,0,0,57,2,59,347,1,348,407
09/06/2021,JRF,HI,AWP,WE,Federal Contract Tower,0,0,6,0,6,0,0,87,4,91,0,0,93,4,97,293,3,296,393
09/07/2021,JRF,HI,AWP,WE,Federal Contract Tower,0,0,0,7,7,0,0,78,10,88,0,0,78,17,95,388,128,516,611
09/08/2021,JRF,HI,AWP,WE,Federal Contract Tower,0,0,3,8,11,0,0,84,34,118,0,0,87,42,129,632,309,941,1070
09/09/2021,JRF,HI,AWP,WE,Federal Contract Tower,0,0,3,8,11,0,0,60,49,109,0,0,63,57,120,370,28,398,518
09/10/2021,JRF,HI,AWP,WE,Federal Contract Tower,0,0,1,4,5,0,0,72,8,80,0,0,73,12,85,389,15,404,489
09/11/2021,JRF,HI,AWP,WE,Federal Contract Tower,0,0,4,2,6,0,0,50,6,56,0,0,54,8,62,358,15,373,435
09/12/2021,JRF,HI,AWP,WE,Federal Contract Tower,0,0,0,2,2,0,0,43,1,44,0,0,43,3,46,252,1,253,299
09/13/2021,JRF,HI,AWP,WE,Federal Contract Tower,0,0,1,6,7,0,0,51,15,66,0,0,52,21,73,485,63,548,621
09/14/2021,JRF,HI,AWP,WE,Federal Contract Tower,0,0,5,5,10,0,0,79,29,108,0,0,84,34,118,248,160,408,526
09/15/2021,JRF,HI,AWP,WE,Federal Contract Tower,0,0,2,5,7,0,0,83,11,94,0,0,85,16,101,383,46,429,530
09/16/2021,JRF,HI,AWP,WE,Federal Contract Tower,0,0,2,7,9,0,0,42,30,72,0,0,44,37,81,453,102,555,636
09/17/2021,JRF,HI,AWP,WE,Federal Contract Tower,0,0,7,4,11,0,0,94,6,100,0,0,101,10,111,389,56,445,556
09/18/2021,JRF,HI,AWP,WE,Federal Contract Tower,0,0,7,5,12,0,0,90,6,96,0,0,97,11,108,401,3,404,512
09/19/2021,JRF,HI,AWP,WE,Federal Contract Tower,0,0,1,4,5,0,0,48,0,48,0,0,49,4,53,260,0,260,313
09/20/2021,JRF,HI,AWP,WE,Federal Contract Tower,0,0,1,3,4,0,0,54,14,68,0,0,55,17,72,430,50,480,552
09/21/2021,JRF,HI,AWP,WE,Federal Contract Tower,0,0,0,3,3,0,0,93,7,100,0,0,93,10,103,262,72,334,437
09/22/2021,JRF,HI,AWP,WE,Federal Contract Tower,0,0,0,7,7,0,0,75,13,88,0,0,75,20,95,511,207,718,813
09/23/2021,JRF,HI,AWP,WE,Federal Contract Tower,0,0,4,5,9,0,0,52,14,66,0,0,56,19,75,323,97,420,495
09/24/2021,JRF,HI,AWP,WE,Federal Contract Tower,0,0,2,4,6,0,0,45,6,51,0,0,47,10,57,303,36,339,396
09/25/2021,JRF,HI,AWP,WE,Federal Contract Tower,0,0,3,2,5,0,0,47,2,49,0,0,50,4,54,319,51,370,424
09/26/2021,JRF,HI,AWP,WE,Federal Contract Tower,0,0,2,6,8,0,0,56,5,61,0,0,58,11,69,426,32,458,527
09/27/2021,JRF,HI,AWP,WE,Federal Contract Tower,0,0,1,7,8,0,0,71,9,80,0,0,72,16,88,345,89,434,522
09/28/2021,JRF,HI,AWP,WE,Federal Contract Tower,0,0,9,8,17,0,0,88,32,120,0,0,97,40,137,395,93,488,625
09/29/2021,JRF,HI,AWP,WE,Federal Contract Tower,0,0,2,5,7,0,0,63,27,90,0,0,65,32,97,495,108,603,700
09/30/2021,JRF,HI,AWP,WE,Federal Contract Tower,0,0,0,5,5,0,0,48,14,62,0,0,48,19,67,270,98,368,435
10/01/2021,JRF,HI,AWP,WE,Federal Contract Tower,0,0,1,2,3,0,0,56,8,64,0,0,57,10,67,353,28,381,448
10/02/2021,JRF,HI,AWP,WE,Federal Contract Tower,0,0,4,0,4,0,0,69,8,77,0,0,73,8,81,270,34,304,385
10/03/2021,JRF,HI,AWP,WE,Federal Contract Tower,0,0,3,1,4,0,0,48,4,52,0,0,51,5,56,323,0,323,379
10/04/2021,JRF,HI,AWP,WE,Federal Contract Tower,0,0,4,1,5,0,0,77,31,108,0,0,81,32,113,396,180,576,689
10/05/2021,JRF,HI,AWP,WE,Federal Contract Tower,0,0,1,8,9,0,0,64,14,78,0,0,65,22,87,328,167,495,582
10/06/2021,JRF,HI,AWP,WE,Federal Contract Tower,0,0,4,3,7,0,0,59,46,105,0,0,63,49,112,391,108,499,611
10/07/2021,JRF,HI,AWP,WE,Federal Contract Tower,0,0,0,11,11,0,0,36,14,50,0,0,36,25,61,202,56,258,319
10/08/2021,JRF,HI,AWP,WE,Federal Contract Tower,0,0,2,2,4,0,0,42,2,44,0,0,44,4,48,194,16,210,258
10/09/2021,JRF,HI,AWP,WE,Federal Contract Tower,0,0,1,3,4,0,0,18,4,22,0,0,19,7,26,102,4,106,132
10/10/2021,JRF,HI,AWP,WE,Federal Contract Tower,0,0,0,2,2,0,0,16,2,18,0,0,16,4,20,88,17,105,125
10/11/2021,JRF,HI,AWP,WE,Federal Contract Tower,0,0,7,1,8,0,0,55,9,64,0,0,62,10,72,270,6,276,348
10/12/2021,JRF,HI,AWP,WE,Federal Contract Tower,0,0,0,7,7,0,0,67,14,81,0,0,67,21,88,272,32,304,392
10/13/2021,JRF,HI,AWP,WE,Federal Contract Tower,0,0,2,10,12,0,0,62,16,78,0,0,64,26,90,275,67,342,432
10/14/2021,JRF,HI,AWP,WE,Federal Contract Tower,0,0,6,6,12,0,0,70,10,80,0,0,76,16,92,419,50,469,561
10/15/2021,JRF,HI,AWP,WE,Federal Contract Tower,0,0,5,2,7,0,0,69,22,91,0,0,74,24,98,404,43,447,545
10/16/2021,JRF,HI,AWP,WE,Federal Contract Tower,0,0,6,2,8,0,0,57,2,59,0,0,63,4,67,335,7,342,409
10/17/2021,JRF,HI,AWP,WE,Federal Contract Tower,0,0,2,3,5,0,0,58,1,59,0,0,60,4,64,375,17,392,456
10/18/2021,JRF,HI,AWP,WE,Federal Contract Tower,0,0,1,3,4,0,0,78,38,116,0,0,79,41,120,400,37,437,557
10/19/2021,JRF,HI,AWP,WE,Federal Contract Tower,0,0,4,2,6,0,0,85,38,123,0,0,89,40,129,353,70,423,552
10/20/2021,JRF,HI,AWP,WE,Federal Contract Tower,0,0,2,4,6,0,0,68,27,95,0,0,70,31,101,569,26,595,696
10/21/2021,JRF,HI,AWP,WE,Federal Contract Tower,0,0,8,4,12,0,0,75,14,89,0,0,83,18,101,575,62,637,738
10/22/2021,JRF,HI,AWP,WE,Federal Contract Tower,0,0,5,1,6,0,0,68,16,84,0,0,73,17,90,459,97,556,646
10/23/2021,JRF,HI,AWP,WE,Federal Contract Tower,0,0,5,4,9,0,0,78,26,104,0,0,83,30,113,345,20,365,478
10/24/2021,JRF,HI,AWP,WE,Federal Contract Tower,0,0,2,6,8,0,0,26,38,64,0,0,28,44,72,203,11,214,286
10/25/2021,JRF,HI,AWP,WE,Federal Contract Tower,0,0,2,1,3,0,0,53,30,83,0,0,55,31,86,322,64,386,472
10/26/2021,JRF,HI,AWP,WE,Federal Contract Tower,0,0,4,4,8,0,0,64,25,89,0,0,68,29,97,327,131,458,555
10/27/2021,JRF,HI,AWP,WE,Federal Contract Tower,0,0,7,6,13,0,0,95,30,125,0,0,102,36,138,538,47,585,723
10/28/2021,JRF,HI,AWP,WE,Federal Contract Tower,0,0,3,7,10,0,0,76,24,100,0,0,79,31,110,410,74,484,594
10/29/2021,JRF,HI,AWP,WE,Federal Contract Tower,0,0,2,5,7,0,0,85,23,108,0,0,87,28,115,473,21,494,609
10/30/2021,JRF,HI,AWP,WE,Federal Contract Tower,0,0,0,1,1,0,0,57,3,60,0,0,57,4,61,299,1,300,361
10/31/2021,JRF,HI,AWP,WE,Federal Contract Tower,0,0,2,1,3,0,0,52,4,56,0,0,54,5,59,300,23,323,382
11/01/2021,JRF,HI,AWP,WE,Federal Contract Tower,0,0,1,3,4,0,0,58,17,75,0,0,59,20,79,374,82,456,535
11/02/2021,JRF,HI,AWP,WE,Federal Contract Tower,0,0,3,6,9,0,0,39,33,72,0,0,42,39,81,330,135,465,546
11/03/2021,JRF,HI,AWP,WE,Federal Contract Tower,0,0,2,6,8,0,0,52,23,75,0,0,54,29,83,295,180,475,558
11/04/2021,JRF,HI,AWP,WE,Federal Contract Tower,0,0,1,6,7,0,0,56,7,63,0,0,57,13,70,378,24,402,472
11/05/2021,JRF,HI,AWP,WE,Federal Contract Tower,0,0,2,1,3,0,0,73,7,80,0,0,75,8,83,284,30,314,397
11/06/2021,JRF,HI,AWP,WE,Federal Contract Tower,0,0,6,1,7,0,0,76,12,88,0,0,82,13,95,383,14,397,492
11/07/2021,JRF,HI,AWP,WE,Federal Contract Tower,0,0,3,2,5,0,0,52,8,60,0,0,55,10,65,270,2,272,337
11/08/2021,JRF,HI,AWP,WE,Federal Contract Tower,0,0,3,6,9,0,0,48,11,59,0,0,51,17,68,313,48,361,429
11/09/2021,JRF,HI,AWP,WE,Federal Contract Tower,0,0,2,7,9,0,0,94,20,114,0,0,96,27,123,313,46,359,482
11/10/2021,JRF,HI,AWP,WE,Federal Contract Tower,0,0,6,3,9,0,0,93,17,110,0,0,99,20,119,549,52,601,720
11/11/2021,JRF,HI,AWP,WE,Federal Contract Tower,0,0,2,1,3,0,0,78,1,79,0,0,80,2,82,499,6,505,587
11/12/2021,JRF,HI,AWP,WE,Federal Contract Tower,0,0,2,6,8,0,0,93,3,96,0,0,95,9,104,513,39,552,656
11/13/2021,JRF,HI,AWP,WE,Federal Contract Tower,0,0,2,0,2,0,0,44,2,46,0,0,46,2,48,246,2,248,296
11/14/2021,JRF,HI,AWP,WE,Federal Contract Tower,0,0,0,2,2,0,0,16,2,18,0,0,16,4,20,194,9,203,223
11/15/2021,JRF,HI,AWP,WE,Federal Contract Tower,0,0,5,4,9,0,0,55,57,112,0,0,60,61,121,467,99,566,687
11/16/2021,JRF,HI,AWP,WE,Federal Contract Tower,0,0,3,7,10,0,0,43,30,73,0,0,46,37,83,418,55,473,556
11/17/2021,JRF,HI,AWP,WE,Federal Contract Tower,0,0,2,6,8,0,0,75,14,89,0,0,77,20,97,522,201,723,820
11/18/2021,JRF,HI,AWP,WE,Federal Contract Tower,0,0,3,10,13,0,0,43,36,79,0,0,46,46,92,532,88,620,712
11/19/2021,JRF,HI,AWP,WE,Federal Contract Tower,0,0,10,3,13,0,0,70,15,85,0,0,80,18,98,349,22,371,469
11/20/2021,JRF,HI,AWP,WE,Federal Contract Tower,0,0,1,2,3,0,0,55,2,57,0,0,56,4,60,325,2,327,387
11/21/2021,JRF,HI,AWP,WE,Federal Contract Tower,0,0,3,6,9,0,0,35,5,40,0,0,38,11,49,225,2,227,276
11/22/2021,JRF,HI,AWP,WE,Federal Contract Tower,0,0,3,5,8,0,0,87,39,126,0,0,90,44,134,400,236,636,770
11/23/2021,JRF,HI,AWP,WE,Federal Contract Tower,0,0,7,6,13,0,0,114,30,144,0,0,121,36,157,451,180,631,788
11/24/2021,JRF,HI,AWP,WE,Federal Contract Tower,0,0,9,1,10,0,0,58,7,65,0,0,67,8,75,350,25,375,450
11/25/2021,JRF,HI,AWP,WE,Federal Contract Tower,0,0,2,0,2,0,0,44,5,49,0,0,46,5,51,52,0,52,103
11/26/2021,JRF,HI,AWP,WE,Federal Contract Tower,0,0,1,1,2,0,0,90,4,94,0,0,91,5,96,357,2,359,455
11/27/2021,JRF,HI,AWP,WE,Federal Contract Tower,0,0,0,0,0,0,0,43,1,44,0,0,43,1,44,230,2,232,276
11/28/2021,JRF,HI,AWP,WE,Federal Contract Tower,0,0,4,2,6,0,0,36,2,38,0,0,40,4,44,273,8,281,325
11/29/2021,JRF,HI,AWP,WE,Federal Contract Tower,0,0,3,4,7,0,0,70,20,90,0,0,73,24,97,344,11,355,452
11/30/2021,JRF,HI,AWP,WE,Federal Contract Tower,0,0,2,7,9,0,0,80,22,102,0,0,82,29,111,465,94,559,670
12/01/2021,JRF,HI,AWP,WE,Federal Contract Tower,0,0,1,2,3,0,0,55,17,72,0,0,56,19,75,308,91,399,474
12/02/2021,JRF,HI,AWP,WE,Federal Contract Tower,0,0,1,9,10,0,0,66,22,88,0,0,67,31,98,417,122,539,637
12/03/2021,JRF,HI,AWP,WE,Federal Contract Tower,0,0,2,3,5,0,0,24,10,34,0,0,26,13,39,104,20,124,163
12/04/2021,JRF,HI,AWP,WE,Federal Contract Tower,0,0,1,5,6,0,0,33,5,38,0,0,34,10,44,276,21,297,341
12/05/2021,JRF,HI,AWP,WE,Federal Contract Tower,0,0,4,3,7,0,0,21,0,21,0,0,25,3,28,161,3,164,192
12/06/2021,JRF,HI,AWP,WE,Federal Contract Tower,0,0,0,2,2,0,0,4,4,8,0,0,4,6,10,0,10,10,20
12/07/2021,JRF,HI,AWP,WE,Federal Contract Tower,0,0,1,9,10,0,0,19,29,48,0,0,20,38,58,84,43,127,185
12/08/2021,JRF,HI,AWP,WE,Federal Contract Tower,0,0,4,12,16,0,0,98,40,138,0,0,102,52,154,631,162,793,947
12/09/2021,JRF,HI,AWP,WE,Federal Contract Tower,0,0,4,3,7,0,0,54,17,71,0,0,58,20,78,386,72,458,536
12/10/2021,JRF,HI,AWP,WE,Federal Contract Tower,0,0,4,5,9,0,0,86,17,103,0,0,90,22,112,381,11,392,504
12/11/2021,JRF,HI,AWP,WE,Federal Contract Tower,0,0,1,10,11,0,0,68,5,73,0,0,69,15,84,322,36,358,442
12/12/2021,JRF,HI,AWP,WE,Federal Contract Tower,0,0,2,11,13,0,0,77,7,84,0,0,79,18,97,342,10,352,449
12/13/2021,JRF,HI,AWP,WE,Federal Contract Tower,0,0,4,6,10,0,0,113,43,156,0,0,117,49,166,550,227,777,943
12/14/2021,JRF,HI,AWP,WE,Federal Contract Tower,0,0,6,6,12,0,0,112,38,150,0,0,118,44,162,474,84,558,720
12/15/2021,JRF,HI,AWP,WE,Federal Contract Tower,0,0,3,7,10,0,0,91,38,129,0,0,94,45,139,619,79,698,837
12/16/2021,JRF,HI,AWP,WE,Federal Contract Tower,0,0,0,5,5,0,0,57,33,90,0,0,57,38,95,379,73,452,547
12/17/2021,JRF,HI,AWP,WE,Federal Contract Tower,0,0,3,2,5,0,0,51,6,57,0,0,54,8,62,359,3,362,424
12/18/2021,JRF,HI,AWP,WE,Federal Contract Tower,0,0,4,2,6,0,0,50,6,56,0,0,54,8,62,276,22,298,360
12/19/2021,JRF,HI,AWP,WE,Federal Contract Tower,0,0,0,2,2,0,0,67,0,67,0,0,67,2,69,413,1,414,483
12/20/2021,JRF,HI,AWP,WE,Federal Contract Tower,0,0,5,5,10,0,0,97,9,106,0,0,102,14,116,360,59,419,535
12/21/2021,JRF,HI,AWP,WE,Federal Contract Tower,0,0,3,5,8,0,0,69,5,74,0,0,72,10,82,271,28,299,381
12/22/2021,JRF,HI,AWP,WE,Federal Contract Tower,0,0,9,1,10,0,0,77,20,97,0,0,86,21,107,342,57,399,506
12/23/2021,JRF,HI,AWP,WE,Federal Contract Tower,0,0,5,1,6,0,0,68,3,71,0,0,73,4,77,440,18,458,535
12/24/2021,JRF,HI,AWP,WE,Federal Contract Tower,0,0,0,0,0,0,0,63,0,63,0,0,63,0,63,192,0,192,255
12/25/2021,JRF,HI,AWP,WE,Federal Contract Tower,0,0,0,0,0,0,0,12,0,12,0,0,12,0,12,22,0,22,34
12/26/2021,JRF,HI,AWP,WE,Federal Contract Tower,0,0,4,0,4,0,0,39,2,41,0,0,43,2,45,187,2,189,234
12/27/2021,JRF,HI,AWP,WE,Federal Contract Tower,0,0,4,2,6,0,0,62,9,71,0,0,66,11,77,301,35,336,413
12/28/2021,JRF,HI,AWP,WE,Federal Contract Tower,0,0,3,4,7,0,0,87,9,96,0,0,90,13,103,384,14,398,501
12/29/2021,JRF,HI,AWP,WE,Federal Contract Tower,0,0,8,6,14,0,0,111,5,116,0,0,119,11,130,417,25,442,572
12/30/2021,JRF,HI,AWP,WE,Federal Contract Tower,0,0,0,1,1,0,0,22,7,29,0,0,22,8,30,163,7,170,200
12/31/2021,JRF,HI,AWP,WE,Federal Contract Tower,0,0,0,2,2,0,0,14,4,18,0,0,14,6,20,48,0,48,68
01/01/2022,JRF,HI,AWP,WE,Federal Contract Tower,0,0,1,2,3,0,0,3,1,4,0,0,4,3,7,4,0,4,11
01/02/2022,JRF,HI,AWP,WE,Federal Contract Tower,0,0,2,0,2,0,0,1,0,1,0,0,3,0,3,1,0,1,4
01/03/2022,JRF,HI,AWP,WE,Federal Contract Tower,0,0,9,1,10,0,0,13,2,15,0,0,22,3,25,119,9,128,153
01/04/2022,JRF,HI,AWP,WE,Federal Contract Tower,0,0,1,0,1,0,0,56,13,69,0,0,57,13,70,274,54,328,398
01/05/2022,JRF,HI,AWP,WE,Federal Contract Tower,0,0,7,5,12,0,0,66,15,81,0,0,73,20,93,509,75,584,677
01/06/2022,JRF,HI,AWP,WE,Federal Contract Tower,0,0,1,6,7,0,0,53,9,62,0,0,54,15,69,501,36,537,606
01/07/2022,JRF,HI,AWP,WE,Federal Contract Tower,0,0,8,4,12,0,0,101,7,108,0,0,109,11,120,415,2,417,537
01/08/2022,JRF,HI,AWP,WE,Federal Contract Tower,0,0,3,2,5,0,0,90,4,94,0,0,93,6,99,518,3,521,620
01/09/2022,JRF,HI,AWP,WE,Federal Contract Tower,0,0,6,3,9,0,0,79,3,82,0,0,85,6,91,456,18,474,565
01/10/2022,JRF,HI,AWP,WE,Federal Contract Tower,0,0,6,11,17,0,0,108,20,128,0,0,114,31,145,428,103,531,676
01/11/2022,JRF,HI,AWP,WE,Federal Contract Tower,0,0,1,10,11,0,0,63,9,72,0,0,64,19,83,411,75,486,569
01/12/2022,JRF,HI,AWP,WE,Federal Contract Tower,0,0,7,13,20,0,0,90,30,120,0,0,97,43,140,430,105,535,675
01/13/2022,JRF,HI,AWP,WE,Federal Contract Tower,0,0,1,15,16,0,0,110,13,123,0,0,111,28,139,440,33,473,612
01/14/2022,JRF,HI,AWP,WE,Federal Contract Tower,0,0,3,9,12,0,0,90,8,98,0,0,93,17,110,438,28,466,576
01/15/2022,JRF,HI,AWP,WE,Federal Contract Tower,0,0,1,3,4,0,0,76,6,82,0,0,77,9,86,457,20,477,563
01/16/2022,JRF,HI,AWP,WE,Federal Contract Tower,0,0,5,4,9,0,0,40,0,40,0,0,45,4,49,275,22,297,346
01/17/2022,JRF,HI,AWP,WE,Federal Contract Tower,0,0,4,3,7,0,0,137,3,140,0,0,141,6,147,506,25,531,678
01/18/2022,JRF,HI,AWP,WE,Federal Contract Tower,0,0,4,4,8,0,0,47,14,61,0,0,51,18,69,547,67,614,683
01/19/2022,JRF,HI,AWP,WE,Federal Contract Tower,0,0,1,11,12,0,0,63,9,72,0,0,64,20,84,284,62,346,430
01/20/2022,JRF,HI,AWP,WE,Federal Contract Tower,0,0,8,4,12,0,0,38,27,65,0,0,46,31,77,322,115,437,514
01/21/2022,JRF,HI,AWP,WE,Federal Contract Tower,0,0,2,5,7,0,0,107,12,119,0,0,109,17,126,445,13,458,584
01/22/2022,JRF,HI,AWP,WE,Federal Contract Tower,0,0,3,2,5,0,0,61,0,61,0,0,64,2,66,366,1,367,433
01/23/2022,JRF,HI,AWP,WE,Federal Contract Tower,0,0,1,2,3,0,0,75,3,78,0,0,76,5,81,348,2,350,431
01/24/2022,JRF,HI,AWP,WE,Federal Contract Tower,0,0,2,4,6,0,0,22,50,72,0,0,24,54,78,389,57,446,524
01/25/2022,JRF,HI,AWP,WE,Federal Contract Tower,0,0,1,6,7,0,0,55,21,76,0,0,56,27,83,399,120,519,602
01/26/2022,JRF,HI,AWP,WE,Federal Contract Tower,0,0,5,11,16,0,0,58,17,75,0,0,63,28,91,457,120,577,668
01/27/2022,JRF,HI,AWP,WE,Federal Contract Tower,0,0,3,6,9,0,0,43,16,59,0,0,46,22,68,446,38,484,552
01/28/2022,JRF,HI,AWP,WE,Federal Contract Tower,0,0,9,2,11,0,0,84,10,94,0,0,93,12,105,389,1,390,495
01/29/2022,JRF,HI,AWP,WE,Federal Contract Tower,0,0,3,1,4,0,0,56,1,57,0,0,59,2,61,337,21,358,419
01/30/2022,JRF,HI,AWP,WE,Federal Contract Tower,0,0,4,2,6,0,0,46,2,48,0,0,50,4,54,261,2,263,317
01/31/2022,JRF,HI,AWP,WE,Federal Contract Tower,0,0,3,2,5,0,0,93,20,113,0,0,96,22,118,452,120,572,690
02/01/2022,JRF,HI,AWP,WE,Federal Contract Tower,0,0,10,4,14,0,0,30,24,54,0,0,40,28,68,462,80,542,610
02/02/2022,JRF,HI,AWP,WE,Federal Contract Tower,0,0,1,8,9,0,0,68,44,112,0,0,69,52,121,460,183,643,764
02/03/2022,JRF,HI,AWP,WE,Federal Contract Tower,0,0,7,5,12,0,0,53,14,67,0,0,60,19,79,410,85,495,574
02/04/2022,JRF,HI,AWP,WE,Federal Contract Tower,0,0,5,3,8,0,0,60,14,74,0,0,65,17,82,271,22,293,375
02/05/2022,JRF,HI,AWP,WE,Federal Contract Tower,0,0,3,4,7,0,0,101,11,112,0,0,104,15,119,416,12,428,547
02/06/2022,JRF,HI,AWP,WE,Federal Contract Tower,0,0,5,6,11,0,0,56,5,61,0,0,61,11,72,371,6,377,449
02/07/2022,JRF,HI,AWP,WE,Federal Contract Tower,0,0,1,4,5,0,0,76,3,79,0,0,77,7,84,481,82,563,647
02/08/2022,JRF,HI,AWP,WE,Federal Contract Tower,0,0,1,13,14,0,0,100,25,125,0,0,101,38,139,499,84,583,722
02/09/2022,JRF,HI,AWP,WE,Federal Contract Tower,0,0,0,10,10,0,0,77,23,100,0,0,77,33,110,367,142,509,619
02/10/2022,JRF,HI,AWP,WE,Federal Contract Tower,0,0,3,7,10,0,0,89,20,109,0,0,92,27,119,515,76,591,710
02/11/2022,JRF,HI,AWP,WE,Federal Contract Tower,0,0,3,3,6,0,0,54,6,60,0,0,57,9,66,377,3,380,446
02/12/2022,JRF,HI,AWP,WE,Federal Contract Tower,0,0,4,3,7,0,0,88,2,90,0,0,92,5,97,408,10,418,515
02/13/2022,JRF,HI,AWP,WE,Federal Contract Tower,0,0,5,4,9,0,0,50,8,58,0,0,55,12,67,357,10,367,434
02/14/2022,JRF,HI,AWP,WE,Federal Contract Tower,0,0,4,9,13,0,0,65,8,73,0,0,69,17,86,435,79,514,600
02/15/2022,JRF,HI,AWP,WE,Federal Contract Tower,0,0,6,9,15,0,0,89,26,115,0,0,95,35,130,409,147,556,686
02/16/2022,JRF,HI,AWP,WE,Federal Contract Tower,0,0,7,11,18,0,0,109,16,125,0,0,116,27,143,499,126,625,768
02/17/2022,JRF,HI,AWP,WE,Federal Contract Tower,0,0,2,10,12,0,0,48,15,63,0,0,50,25,75,445,55,500,575
02/18/2022,JRF,HI,AWP,WE,Federal Contract Tower,0,0,4,4,8,0,0,92,4,96,0,0,96,8,104,516,7,523,627
02/19/2022,JRF,HI,AWP,WE,Federal Contract Tower,0,0,8,2,10,0,0,66,2,68,0,0,74,4,78,380,25,405,483
02/20/2022,JRF,HI,AWP,WE,Federal Contract Tower,0,0,0,4,4,0,0,47,3,50,0,0,47,7,54,370,23,393,447
02/21/2022,JRF,HI,AWP,WE,Federal Contract Tower,0,0,5,1,6,0,0,71,6,77,0,0,76,7,83,459,20,479,562
02/22/2022,JRF,HI,AWP,WE,Federal Contract Tower,0,0,5,9,14,0,0,49,13,62,0,0,54,22,76,328,80,408,484
02/23/2022,JRF,HI,AWP,WE,Federal Contract Tower,0,0,3,10,13,0,0,52,11,63,0,0,55,21,76,284,65,349,425
02/24/2022,JRF,HI,AWP,WE,Federal Contract Tower,0,0,3,9,12,0,0,63,15,78,0,0,66,24,90,378,81,459,549
02/25/2022,JRF,HI,AWP,WE,Federal Contract Tower,0,0,3,4,7,0,0,60,12,72,0,0,63,16,79,424,32,456,535
02/26/2022,JRF,HI,AWP,WE,Federal Contract Tower,0,0,6,3,9,0,0,37,2,39,0,0,43,5,48,381,8,389,437
02/27/2022,JRF,HI,AWP,WE,Federal Contract Tower,0,0,2,4,6,0,0,50,3,53,0,0,52,7,59,420,0,420,479
02/28/2022,JRF,HI,AWP,WE,Federal Contract Tower,0,0,3,5,8,0,0,104,12,116,0,0,107,17,124,380,99,479,603
03/01/2022,JRF,HI,AWP,WE,Federal Contract Tower,0,0,7,7,14,0,0,107,14,121,0,0,114,21,135,509,101,610,745
03/02/2022,JRF,HI,AWP,WE,Federal Contract Tower,0,0,3,9,12,0,0,70,12,82,0,0,73,21,94,451,108,559,653
03/03/2022,JRF,HI,AWP,WE,Federal Contract Tower,0,0,8,15,23,0,0,65,22,87,0,0,73,37,110,301,100,401,511
03/04/2022,JRF,HI,AWP,WE,Federal Contract Tower,0,0,3,10,13,0,0,64,3,67,0,0,67,13,80,415,3,418,498
03/05/2022,JRF,HI,AWP,WE,Federal Contract Tower,0,0,1,6,7,0,0,67,13,80,0,0,68,19,87,354,20,374,461
03/06/2022,JRF,HI,AWP,WE,Federal Contract Tower,0,0,6,7,13,0,0,40,4,44,0,0,46,11,57,303,2,305,362
03/07/2022,JRF,HI,AWP,WE,Federal Contract Tower,0,0,4,5,9,0,0,33,8,41,0,0,37,13,50,248,21,269,319
03/08/2022,JRF,HI,AWP,WE,Federal Contract Tower,0,0,6,9,15,0,0,59,22,81,0,0,65,31,96,316,101,417,513
03/09/2022,JRF,HI,AWP,WE,Federal Contract Tower,0,0,9,6,15,0,0,74,9,83,0,0,83,15,98,326,76,402,500
03/10/2022,JRF,HI,AWP,WE,Federal Contract Tower,0,0,1,6,7,0,0,106,15,121,0,0,107,21,128,600,26,626,754
03/11/2022,JRF,HI,AWP,WE,Federal Contract Tower,0,0,9,5,14,0,0,81,5,86,0,0,90,10,100,269,3,272,372
03/12/2022,JRF,HI,AWP,WE,Federal Contract Tower,0,0,5,1,6,0,0,65,2,67,0,0,70,3,73,397,32,429,502
03/13/2022,JRF,HI,AWP,WE,Federal Contract Tower,0,0,5,4,9,0,0,42,1,43,0,0,47,5,52,387,12,399,451
03/14/2022,JRF,HI,AWP,WE,Federal Contract Tower,0,0,4,3,7,0,0,63,3,66,0,0,67,6,73,300,85,385,458
03/15/2022,JRF,HI,AWP,WE,Federal Contract Tower,0,0,3,8,11,0,0,62,22,84,0,0,65,30,95,390,20,410,505
03/16/2022,JRF,HI,AWP,WE,Federal Contract Tower,0,0,4,2,6,0,0,54,14,68,0,0,58,16,74,388,37,425,499
03/17/2022,JRF,HI,AWP,WE,Federal Contract Tower,0,0,5,5,10,0,0,95,24,119,0,0,100,29,129,295,30,325,454
03/18/2022,JRF,HI,AWP,WE,Federal Contract Tower,0,0,10,3,13,0,0,96,7,103,0,0,106,10,116,439,64,503,619
03/19/2022,JRF,HI,AWP,WE,Federal Contract Tower,0,0,4,3,7,0,0,72,1,73,0,0,76,4,80,326,22,348,428
03/20/2022,JRF,HI,AWP,WE,Federal Contract Tower,0,0,6,1,7,0,0,72,4,76,0,0,78,5,83,320,4,324,407
03/21/2022,JRF,HI,AWP,WE,Federal Contract Tower,0,0,5,3,8,0,0,77,14,91,0,0,82,17,99,540,79,619,718
03/22/2022,JRF,HI,AWP,WE,Federal Contract Tower,0,0,4,1,5,0,0,102,41,143,0,0,106,42,148,453,84,537,685
03/23/2022,JRF,HI,AWP,WE,Federal Contract Tower,0,0,6,6,12,0,0,68,22,90,0,0,74,28,102,375,135,510,612
03/24/2022,JRF,HI,AWP,WE,Federal Contract Tower,0,0,4,4,8,0,0,47,22,69,0,0,51,26,77,286,44,330,407
03/25/2022,JRF,HI,AWP,WE,Federal Contract Tower,0,0,9,3,12,0,0,33,10,43,0,0,42,13,55,200,32,232,287
03/26/2022,JRF,HI,AWP,WE,Federal Contract Tower,0,0,4,1,5,0,0,75,3,78,0,0,79,4,83,350,18,368,451
03/27/2022,JRF,HI,AWP,WE,Federal Contract Tower,0,0,3,7,10,0,0,42,0,42,0,0,45,7,52,246,15,261,313
03/28/2022,JRF,HI,AWP,WE,Federal Contract Tower,0,0,9,8,17,0,0,105,33,138,0,0,114,41,155,707,102,809,964
03/29/2022,JRF,HI,AWP,WE,Federal Contract Tower,0,0,4,2,6,0,0,62,29,91,0,0,66,31,97,397,61,458,555
03/30/2022,JRF,HI,AWP,WE,Federal Contract Tower,0,0,7,6,13,0,0,76,12,88,0,0,83,18,101,350,97,447,548
03/31/2022,JRF,HI,AWP,WE,Federal Contract Tower,0,0,7,7,14,0,0,71,21,92,0,0,78,28,106,431,92,523,629
04/01/2022,JRF,HI,AWP,WE,Federal Contract Tower,0,0,6,4,10,0,0,72,4,76,0,0,78,8,86,300,20,320,406
04/02/2022,JRF,HI,AWP,WE,Federal Contract Tower,0,0,4,2,6,0,0,41,7,48,0,0,45,9,54,258,16,274,328
04/03/2022,JRF,HI,AWP,WE,Federal Contract Tower,0,0,2,9,11,0,0,20,4,24,0,0,22,13,35,219,11,230,265
04/04/2022,JRF,HI,AWP,WE,Federal Contract Tower,0,0,9,4,13,0,0,73,5,78,0,0,82,9,91,455,64,519,610
04/05/2022,JRF,HI,AWP,WE,Federal Contract Tower,0,0,1,9,10,0,0,87,16,103,0,0,88,25,113,402,54,456,569
04/06/2022,JRF,HI,AWP,WE,Federal Contract Tower,0,0,4,7,11,0,0,75,10,85,0,0,79,17,96,538,101,639,735
04/07/2022,JRF,HI,AWP,WE,Federal Contract Tower,0,0,4,10,14,0,0,69,47,116,0,0,73,57,130,280,63,343,473
04/08/2022,JRF,HI,AWP,WE,Federal Contract Tower,0,0,7,4,11,0,0,46,10,56,0,0,53,14,67,271,23,294,361
04/09/2022,JRF,HI,AWP,WE,Federal Contract Tower,0,0,2,2,4,0,0,64,14,78,0,0,66,16,82,315,9,324,406
04/10/2022,JRF,HI,AWP,WE,Federal Contract Tower,0,0,0,3,3,0,0,46,4,50,0,0,46,7,53,269,0,269,322
04/11/2022,JRF,HI,AWP,WE,Federal Contract Tower,0,0,2,3,5,0,0,57,11,68,0,0,59,14,73,349,98,447,520
04/12/2022,JRF,HI,AWP,WE,Federal Contract Tower,0,0,3,1,4,0,0,68,18,86,0,0,71,19,90,315,39,354,444
04/13/2022,JRF,HI,AWP,WE,Federal Contract Tower,0,0,3,6,9,0,0,71,11,82,0,0,74,17,91,373,71,444,535
04/14/2022,JRF,HI,AWP,WE,Federal Contract Tower,0,0,2,11,13,0,0,55,13,68,0,0,57,24,81,320,37,357,438
04/15/2022,JRF,HI,AWP,WE,Federal Contract Tower,0,0,5,2,7,0,0,53,1,54,0,0,58,3,61,352,29,381,442
04/16/2022,JRF,HI,AWP,WE,Federal Contract Tower,0,0,1,5,6,0,0,57,3,60,0,0,58,8,66,303,9,312,378
04/17/2022,JRF,HI,AWP,WE,Federal Contract Tower,0,0,5,5,10,0,0,54,0,54,0,0,59,5,64,205,8,213,277
04/18/2022,JRF,HI,AWP,WE,Federal Contract Tower,0,0,6,6,12,0,0,52,5,57,0,0,58,11,69,531,6,537,606
04/19/2022,JRF,HI,AWP,WE,Federal Contract Tower,0,0,3,9,12,0,0,66,36,102,0,0,69,45,114,419,88,507,621
04/20/2022,JRF,HI,AWP,WE,Federal Contract Tower,0,0,4,7,11,0,0,102,19,121,0,0,106,26,132,460,112,572,704
04/21/2022,JRF,HI,AWP,WE,Federal Contract Tower,0,0,3,8,11,0,0,82,26,108,0,0,85,34,119,362,42,404,523
04/22/2022,JRF,HI,AWP,WE,Federal Contract Tower,0,0,6,6,12,0,0,64,7,71,0,0,70,13,83,290,35,325,408
04/23/2022,JRF,HI,AWP,WE,Federal Contract Tower,0,0,3,6,9,0,0,70,6,76,0,0,73,12,85,369,5,374,459
04/24/2022,JRF,HI,AWP,WE,Federal Contract Tower,0,0,5,3,8,0,0,51,0,51,0,0,56,3,59,450,8,458,517
04/25/2022,JRF,HI,AWP,WE,Federal Contract Tower,0,0,1,0,1,0,0,81,8,89,0,0,82,8,90,328,65,393,483
04/26/2022,JRF,HI,AWP,WE,Federal Contract Tower,0,0,2,6,8,0,0,77,15,92,0,0,79,21,100,520,51,571,671
04/27/2022,JRF,HI,AWP,WE,Federal Contract Tower,0,0,5,9,14,0,0,87,26,113,0,0,92,35,127,340,58,398,525
04/28/2022,JRF,HI,AWP,WE,Federal Contract Tower,0,0,5,6,11,0,0,40,19,59,0,0,45,25,70,223,88,311,381
04/29/2022,JRF,HI,AWP,WE,Federal Contract Tower,0,0,7,6,13,0,0,69,19,88,0,0,76,25,101,276,30,306,407
04/30/2022,JRF,HI,AWP,WE,Federal Contract Tower,0,0,0,1,1,0,0,83,5,88,0,0,83,6,89,365,56,421,510
05/01/2022,JRF,HI,AWP,WE,Federal Contract Tower,0,0,0,3,3,0,0,47,0,47,0,0,47,3,50,303,15,318,368
05/02/2022,JRF,HI,AWP,WE,Federal Contract Tower,0,0,5,2,7,0,0,57,2,59,0,0,62,4,66,341,100,441,507
05/03/2022,JRF,HI,AWP,WE,Federal Contract Tower,0,0,3,3,6,0,0,70,28,98,0,0,73,31,104,382,50,432,536
05/04/2022,JRF,HI,AWP,WE,Federal Contract Tower,0,0,4,6,10,0,0,89,22,111,0,0,93,28,121,379,44,423,544
05/05/2022,JRF,HI,AWP,WE,Federal Contract Tower,0,0,0,5,5,0,0,70,44,114,0,0,70,49,119,404,41,445,564
05/06/2022,JRF,HI,AWP,WE,Federal Contract Tower,0,0,2,8,10,0,0,69,10,79,0,0,71,18,89,376,20,396,485
05/07/2022,JRF,HI,AWP,WE,Federal Contract Tower,0,0,5,3,8,0,0,54,0,54,0,0,59,3,62,347,1,348,410
05/08/2022,JRF,HI,AWP,WE,Federal Contract Tower,0,0,0,3,3,0,0,47,0,47,0,0,47,3,50,269,1,270,320
05/09/2022,JRF,HI,AWP,WE,Federal Contract Tower,0,0,0,3,3,0,0,86,5,91,0,0,86,8,94,323,63,386,480
05/10/2022,JRF,HI,AWP,WE,Federal Contract Tower,0,0,3,3,6,0,0,78,41,119,0,0,81,44,125,374,16,390,515
05/11/2022,JRF,HI,AWP,WE,Federal Contract Tower,0,0,1,3,4,0,0,79,21,100,0,0,80,24,104,380,85,465,569
05/12/2022,JRF,HI,AWP,WE,Federal Contract Tower,0,0,1,1,2,0,0,92,18,110,0,0,93,19,112,431,6,437,549
05/13/2022,JRF,HI,AWP,WE,Federal Contract Tower,0,0,1,2,3,0,0,49,11,60,0,0,50,13,63,325,6,331,394
05/14/2022,JRF,HI,AWP,WE,Federal Contract Tower,0,0,3,2,5,0,0,53,7,60,0,0,56,9,65,367,7,374,439
05/15/2022,JRF,HI,AWP,WE,Federal Contract Tower,0,0,1,5,6,0,0,32,1,33,0,0,33,6,39,248,22,270,309
05/16/2022,JRF,HI,AWP,WE,Federal Contract Tower,0,0,4,6,10,0,0,72,3,75,0,0,76,9,85,292,24,316,401
05/17/2022,JRF,HI,AWP,WE,Federal Contract Tower,0,0,0,8,8,0,0,70,10,80,0,0,70,18,88,396,24,420,508
05/18/2022,JRF,HI,AWP,WE,Federal Contract Tower,0,0,2,7,9,0,0,18,12,30,0,0,20,19,39,215,38,253,292
05/19/2022,JRF,HI,AWP,WE,Federal Contract Tower,0,0,3,8,11,0,0,85,34,119,0,0,88,42,130,372,38,410,540
05/20/2022,JRF,HI,AWP,WE,Federal Contract Tower,0,0,4,4,8,0,0,25,4,29,0,0,29,8,37,80,2,82,119
05/21/2022,JRF,HI,AWP,WE,Federal Contract Tower,0,0,4,5,9,0,0,50,4,54,0,0,54,9,63,327,4,331,394
05/22/2022,JRF,HI,AWP,WE,Federal Contract Tower,0,0,7,2,9,0,0,60,1,61,0,0,67,3,70,241,2,243,313
05/23/2022,JRF,HI,AWP,WE,Federal Contract Tower,0,0,4,9,13,0,0,48,1,49,0,0,52,10,62,399,28,427,489
05/24/2022,JRF,HI,AWP,WE,Federal Contract Tower,0,0,6,10,16,0,0,55,22,77,0,0,61,32,93,386,55,441,534
05/25/2022,JRF,HI,AWP,WE,Federal Contract Tower,0,0,0,7,7,0,0,117,22,139,0,0,117,29,146,435,37,472,618
05/26/2022,JRF,HI,AWP,WE,Federal Contract Tower,0,0,0,5,5,0,0,100,13,113,0,0,100,18,118,313,10,323,441
05/27/2022,JRF,HI,AWP,WE,Federal Contract Tower,0,0,2,1,3,0,0,74,1,75,0,0,76,2,78,408,30,438,516
05/28/2022,JRF,HI,AWP,WE,Federal Contract Tower,0,0,1,2,3,0,0,45,1,46,0,0,46,3,49,431,1,432,481
05/29/2022,JRF,HI,AWP,WE,Federal Contract Tower,0,0,0,4,4,0,0,32,0,32,0,0,32,4,36,253,0,253,289
05/30/2022,JRF,HI,AWP,WE,Federal Contract Tower,0,0,1,2,3,0,0,67,1,68,0,0,68,3,71,358,2,360,431
05/31/2022,JRF,HI,AWP,WE,Federal Contract Tower,0,0,2,4,6,0,0,75,16,91,0,0,77,20,97,393,61,454,551
06/01/2022,JRF,HI,AWP,WE,Federal Contract Tower,0,0,5,2,7,0,0,96,13,109,0,0,101,15,116,394,47,441,557
06/02/2022,JRF,HI,AWP,WE,Federal Contract Tower,0,0,0,3,3,0,0,91,26,117,0,0,91,29,120,433,122,555,675
06/03/2022,JRF,HI,AWP,WE,Federal Contract Tower,0,0,1,8,9,0,0,62,2,64,0,0,63,10,73,332,5,337,410
06/04/2022,JRF,HI,AWP,WE,Federal Contract Tower,0,0,1,11,12,0,0,76,6,82,0,0,77,17,94,337,8,345,439
06/05/2022,JRF,HI,AWP,WE,Federal Contract Tower,0,0,3,7,10,0,0,30,6,36,0,0,33,13,46,255,11,266,312
06/06/2022,JRF,HI,AWP,WE,Federal Contract Tower,0,0,0,5,5,0,0,45,13,58,0,0,45,18,63,393,41,434,497
06/07/2022,JRF,HI,AWP,WE,Federal Contract Tower,0,0,3,2,5,0,0,96,7,103,0,0,99,9,108,484,44,528,636
06/08/2022,JRF,HI,AWP,WE,Federal Contract Tower,0,0,0,5,5,0,0,53,6,59,0,0,53,11,64,387,48,435,499
06/09/2022,JRF,HI,AWP,WE,Federal Contract Tower,0,0,1,8,9,0,0,59,10,69,0,0,60,18,78,398,30,428,506
06/10/2022,JRF,HI,AWP,WE,Federal Contract Tower,0,0,0,3,3,0,0,48,3,51,0,0,48,6,54,365,3,368,422
06/11/2022,JRF,HI,AWP,WE,Federal Contract Tower,0,0,1,3,4,0,0,46,10,56,0,0,47,13,60,341,14,355,415
06/12/2022,JRF,HI,AWP,WE,Federal Contract Tower,0,0,2,4,6,0,0,25,2,27,0,0,27,6,33,255,34,289,322
06/13/2022,JRF,HI,AWP,WE,Federal Contract Tower,0,0,3,5,8,0,0,12,17,29,0,0,15,22,37,215,46,261,298
06/14/2022,JRF,HI,AWP,WE,Federal Contract Tower,0,0,0,7,7,0,0,110,20,130,0,0,110,27,137,540,30,570,707
06/15/2022,JRF,HI,AWP,WE,Federal Contract Tower,0,0,0,1,1,0,0,80,64,144,0,0,80,65,145,387,96,483,628
06/16/2022,JRF,HI,AWP,WE,Federal Contract Tower,0,0,2,4,6,0,0,109,31,140,0,0,111,35,146,457,27,484,630
06/17/2022,JRF,HI,AWP,WE,Federal Contract Tower,0,0,1,1,2,0,0,100,3,103,0,0,101,4,105,546,21,567,672
06/18/2022,JRF,HI,AWP,WE,Federal Contract Tower,0,0,2,4,6,0,0,40,2,42,0,0,42,6,48,332,2,334,382
06/19/2022,JRF,HI,AWP,WE,Federal Contract Tower,0,0,1,5,6,0,0,29,2,31,0,0,30,7,37,164,2,166,203
06/20/2022,JRF,HI,AWP,WE,Federal Contract Tower,0,0,0,1,1,0,0,95,3,98,0,0,95,4,99,384,17,401,500
06/21/2022,JRF,HI,AWP,WE,Federal Contract Tower,0,0,6,13,19,0,0,104,24,128,0,0,110,37,147,477,76,553,700
06/22/2022,JRF,HI,AWP,WE,Federal Contract Tower,0,0,4,6,10,0,0,59,11,70,0,0,63,17,80,353,144,497,577
06/23/2022,JRF,HI,AWP,WE,Federal Contract Tower,0,0,1,6,7,0,0,118,40,158,0,0,119,46,165,417,36,453,618
06/24/2022,JRF,HI,AWP,WE,Federal Contract Tower,0,0,2,7,9,0,0,86,15,101,0,0,88,22,110,395,31,426,536
06/25/2022,JRF,HI,AWP,WE,Federal Contract Tower,0,0,2,4,6,0,0,40,4,44,0,0,42,8,50,294,2,296,346
06/26/2022,JRF,HI,AWP,WE,Federal Contract Tower,0,0,0,1,1,0,0,40,0,40,0,0,40,1,41,153,9,162,203
06/27/2022,JRF,HI,AWP,WE,Federal Contract Tower,0,0,4,10,14,0,0,52,10,62,0,0,56,20,76,303,50,353,429
06/28/2022,JRF,HI,AWP,WE,Federal Contract Tower,0,0,2,5,7,0,0,57,25,82,0,0,59,30,89,325,103,428,517
06/29/2022,JRF,HI,AWP,WE,Federal Contract Tower,0,0,4,7,11,0,0,108,25,133,0,0,112,32,144,476,168,644,788
06/30/2022,JRF,HI,AWP,WE,Federal Contract Tower,0,0,1,8,9,0,0,58,24,82,0,0,59,32,91,335,41,376,467
07/01/2022,JRF,HI,AWP,WE,Federal Contract Tower,0,0,3,3,6,0,0,63,10,73,0,0,66,13,79,247,15,262,341
07/02/2022,JRF,HI,AWP,WE,Federal Contract Tower,0,0,0,1,1,0,0,42,8,50,0,0,42,9,51,252,0,252,303
07/03/2022,JRF,HI,AWP,WE,Federal Contract Tower,0,0,2,2,4,0,0,36,4,40,0,0,38,6,44,214,1,215,259
07/04/2022,JRF,HI,AWP,WE,Federal Contract Tower,0,0,2,0,2,0,0,48,0,48,0,0,50,0,50,258,3,261,311
07/05/2022,JRF,HI,AWP,WE,Federal Contract Tower,0,0,2,4,6,0,0,86,4,90,0,0,88,8,96,339,66,405,501
07/06/2022,JRF,HI,AWP,WE,Federal Contract Tower,0,0,5,7,12,0,0,77,20,97,0,0,82,27,109,390,72,462,571
07/07/2022,JRF,HI,AWP,WE,Federal Contract Tower,0,0,0,6,6,0,0,100,45,145,0,0,100,51,151,457,54,511,662
07/08/2022,JRF,HI,AWP,WE,Federal Contract Tower,0,0,2,6,8,0,0,119,29,148,0,0,121,35,156,410,3,413,569
07/09/2022,JRF,HI,AWP,WE,Federal Contract Tower,0,0,4,7,11,0,0,27,8,35,0,0,31,15,46,300,17,317,363
07/10/2022,JRF,HI,AWP,WE,Federal Contract Tower,0,0,2,8,10,0,0,52,4,56,0,0,54,12,66,244,14,258,324
07/11/2022,JRF,HI,AWP,WE,Federal Contract Tower,0,0,2,5,7,0,0,49,5,54,0,0,51,10,61,290,40,330,391
07/12/2022,JRF,HI,AWP,WE,Federal Contract Tower,0,0,2,12,14,0,0,77,50,127,0,0,79,62,141,364,73,437,578
07/13/2022,JRF,HI,AWP,WE,Federal Contract Tower,0,0,3,8,11,0,0,66,26,92,0,0,69,34,103,380,158,538,641
07/14/2022,JRF,HI,AWP,WE,Federal Contract Tower,0,0,1,8,9,0,0,48,21,69,0,0,49,29,78,330,52,382,460
07/15/2022,JRF,HI,AWP,WE,Federal Contract Tower,0,0,6,5,11,0,0,27,19,46,0,0,33,24,57,422,29,451,508
07/16/2022,JRF,HI,AWP,WE,Federal Contract Tower,0,0,0,6,6,0,0,106,16,122,0,0,106,22,128,322,5,327,455
07/17/2022,JRF,HI,AWP,WE,Federal Contract Tower,0,0,1,6,7,0,0,68,14,82,0,0,69,20,89,249,16,265,354
07/18/2022,JRF,HI,AWP,WE,Federal Contract Tower,0,0,6,4,10,0,0,35,23,58,0,0,41,27,68,274,53,327,395
07/19/2022,JRF,HI,AWP,WE,Federal Contract Tower,0,0,2,5,7,0,0,63,6,69,0,0,65,11,76,464,29,493,569
07/20/2022,JRF,HI,AWP,WE,Federal Contract Tower,0,0,2,11,13,0,0,56,21,77,0,0,58,32,90,496,151,647,737
07/21/2022,JRF,HI,AWP,WE,Federal Contract Tower,0,0,7,11,18,0,0,91,37,128,0,0,98,48,146,430,86,516,662
07/22/2022,JRF,HI,AWP,WE,Federal Contract Tower,0,0,1,2,3,0,0,108,22,130,0,0,109,24,133,577,38,615,748
07/23/2022,JRF,HI,AWP,WE,Federal Contract Tower,0,0,1,3,4,0,0,128,4,132,0,0,129,7,136,284,0,284,420
07/24/2022,JRF,HI,AWP,WE,Federal Contract Tower,0,0,3,4,7,0,0,80,8,88,0,0,83,12,95,334,24,358,453
07/25/2022,JRF,HI,AWP,WE,Federal Contract Tower,0,0,9,9,18,0,0,81,29,110,0,0,90,38,128,382,28,410,538
07/26/2022,JRF,HI,AWP,WE,Federal Contract Tower,0,0,4,7,11,0,0,88,42,130,0,0,92,49,141,474,51,525,666
07/27/2022,JRF,HI,AWP,WE,Federal Contract Tower,0,0,4,3,7,0,0,113,63,176,0,0,117,66,183,568,16,584,767
07/28/2022,JRF,HI,AWP,WE,Federal Contract Tower,0,0,1,9,10,0,0,100,20,120,0,0,101,29,130,326,71,397,527
07/29/2022,JRF,HI,AWP,WE,Federal Contract Tower,0,0,3,9,12,0,0,75,8,83,0,0,78,17,95,399,5,404,499
07/30/2022,JRF,HI,AWP,WE,Federal Contract Tower,0,0,1,4,5,0,0,60,26,86,0,0,61,30,91,342,21,363,454
07/31/2022,JRF,HI,AWP,WE,Federal Contract Tower,0,0,4,3,7,0,0,56,1,57,0,0,60,4,64,276,0,276,340
08/01/2022,JRF,HI,AWP,WE,Federal Contract Tower,0,0,0,5,5,0,0,104,31,135,0,0,104,36,140,421,74,495,635
08/02/2022,JRF,HI,AWP,WE,Federal Contract Tower,0,0,3,7,10,0,0,89,22,111,0,0,92,29,121,483,85,568,689
08/03/2022,JRF,HI,AWP,WE,Federal Contract Tower,0,0,2,6,8,0,0,62,15,77,0,0,64,21,85,462,59,521,606
08/04/2022,JRF,HI,AWP,WE,Federal Contract Tower,0,0,6,9,15,0,0,80,27,107,0,0,86,36,122,484,87,571,693
08/05/2022,JRF,HI,AWP,WE,Federal Contract Tower,0,0,1,6,7,0,0,97,22,119,0,0,98,28,126,404,22,426,552
08/06/2022,JRF,HI,AWP,WE,Federal Contract Tower,0,0,0,5,5,0,0,63,9,72,0,0,63,14,77,372,49,421,498
08/07/2022,JRF,HI,AWP,WE,Federal Contract Tower,0,0,3,5,8,0,0,88,23,111,0,0,91,28,119,253,50,303,422
08/08/2022,JRF,HI,AWP,WE,Federal Contract Tower,0,0,1,9,10,0,0,95,29,124,0,0,96,38,134,362,100,462,596
08/09/2022,JRF,HI,AWP,WE,Federal Contract Tower,0,0,3,10,13,0,0,102,32,134,0,0,105,42,147,482,68,550,697
08/10/2022,JRF,HI,AWP,WE,Federal Contract Tower,0,0,2,7,9,0,0,92,19,111,0,0,94,26,120,460,55,515,635
08/11/2022,JRF,HI,AWP,WE,Federal Contract Tower,0,0,3,7,10,0,0,96,15,111,0,0,99,22,121,379,13,392,513
08/12/2022,JRF,HI,AWP,WE,Federal Contract Tower,0,0,2,2,4,0,0,100,8,108,0,0,102,10,112,452,32,484,596
08/13/2022,JRF,HI,AWP,WE,Federal Contract Tower,0,0,2,3,5,0,0,62,7,69,0,0,64,10,74,330,8,338,412
08/14/2022,JRF,HI,AWP,WE,Federal Contract Tower,0,0,1,3,4,0,0,84,5,89,0,0,85,8,93,331,3,334,427
08/15/2022,JRF,HI,AWP,WE,Federal Contract Tower,0,0,6,6,12,0,0,109,16,125,0,0,115,22,137,477,25,502,639
08/16/2022,JRF,HI,AWP,WE,Federal Contract Tower,0,0,3,10,13,0,0,53,15,68,0,0,56,25,81,595,50,645,726
08/17/2022,JRF,HI,AWP,WE,Federal Contract Tower,0,0,3,7,10,0,0,59,13,72,0,0,62,20,82,530,33,563,645
08/18/2022,JRF,HI,AWP,WE,Federal Contract Tower,0,0,6,5,11,0,0,86,4,90,0,0,92,9,101,569,85,654,755
08/19/2022,JRF,HI,AWP,WE,Federal Contract Tower,0,0,5,5,10,0,0,107,25,132,0,0,112,30,142,638,16,654,796
08/20/2022,JRF,HI,AWP,WE,Federal Contract Tower,0,0,1,1,2,0,0,76,8,84,0,0,77,9,86,334,33,367,453
08/21/2022,JRF,HI,AWP,WE,Federal Contract Tower,0,0,8,4,12,0,0,64,8,72,0,0,72,12,84,237,28,265,349
08/22/2022,JRF,HI,AWP,WE,Federal Contract Tower,0,0,3,7,10,0,0,72,10,82,0,0,75,17,92,425,11,436,528
08/23/2022,JRF,HI,AWP,WE,Federal Contract Tower,0,0,2,7,9,0,0,83,30,113,0,0,85,37,122,261,143,404,526
08/24/2022,JRF,HI,AWP,WE,Federal Contract Tower,0,0,1,11,12,0,0,72,21,93,0,0,73,32,105,545,34,579,684
08/25/2022,JRF,HI,AWP,WE,Federal Contract Tower,0,0,3,3,6,0,0,69,24,93,0,0,72,27,99,469,71,540,639
08/26/2022,JRF,HI,AWP,WE,Federal Contract Tower,0,0,3,0,3,0,0,136,11,147,0,0,139,11,150,578,45,623,773
08/27/2022,JRF,HI,AWP,WE,Federal Contract Tower,0,0,3,2,5,0,0,43,1,44,0,0,46,3,49,282,22,304,353
08/28/2022,JRF,HI,AWP,WE,Federal Contract Tower,0,0,5,4,9,0,0,58,2,60,0,0,63,6,69,239,20,259,328
08/29/2022,JRF,HI,AWP,WE,Federal Contract Tower,0,0,2,8,10,0,0,57,8,65,0,0,59,16,75,529,29,558,633
08/30/2022,JRF,HI,AWP,WE,Federal Contract Tower,0,0,6,11,17,0,0,63,41,104,0,0,69,52,121,448,75,523,644
08/31/2022,JRF,HI,AWP,WE,Federal Contract Tower,0,0,0,7,7,0,0,84,24,108,0,0,84,31,115,425,37,462,577
09/01/2022,JRF,HI,AWP,WE,Federal Contract Tower,0,0,8,10,18,0,0,103,12,115,0,0,111,22,133,462,64,526,659
09/02/2022,JRF,HI,AWP,WE,Federal Contract Tower,0,0,0,2,2,0,0,72,1,73,0,0,72,3,75,416,32,448,523
09/03/2022,JRF,HI,AWP,WE,Federal Contract Tower,0,0,8,0,8,0,0,48,4,52,0,0,56,4,60,222,24,246,306
09/04/2022,JRF,HI,AWP,WE,Federal Contract Tower,0,0,4,2,6,0,0,85,1,86,0,0,89,3,92,290,4,294,386
09/05/2022,JRF,HI,AWP,WE,Federal Contract Tower,0,0,0,1,1,0,0,84,1,85,0,0,84,2,86,348,19,367,453
09/06/2022,JRF,HI,AWP,WE,Federal Contract Tower,0,0,4,4,8,0,0,100,20,120,0,0,104,24,128,460,94,554,682
09/07/2022,JRF,HI,AWP,WE,Federal Contract Tower,0,0,1,9,10,0,0,53,32,85,0,0,54,41,95,511,169,680,775
09/08/2022,JRF,HI,AWP,WE,Federal Contract Tower,0,0,4,9,13,0,0,90,50,140,0,0,94,59,153,549,123,672,825
09/09/2022,JRF,HI,AWP,WE,Federal Contract Tower,0,0,1,7,8,0,0,54,6,60,0,0,55,13,68,393,13,406,474
09/10/2022,JRF,HI,AWP,WE,Federal Contract Tower,0,0,3,8,11,0,0,42,7,49,0,0,45,15,60,317,8,325,385
09/11/2022,JRF,HI,AWP,WE,Federal Contract Tower,0,0,6,3,9,0,0,74,4,78,0,0,80,7,87,221,21,242,329
09/12/2022,JRF,HI,AWP,WE,Federal Contract Tower,0,0,3,10,13,0,0,91,16,107,0,0,94,26,120,474,110,584,704
09/13/2022,JRF,HI,AWP,WE,Federal Contract Tower,0,0,0,6,6,0,0,82,23,105,0,0,82,29,111,424,124,548,659
09/14/2022,JRF,HI,AWP,WE,Federal Contract Tower,0,0,3,2,5,0,0,85,30,115,0,0,88,32,120,486,50,536,656
09/15/2022,JRF,HI,AWP,WE,Federal Contract Tower,0,0,2,3,5,0,0,79,16,95,0,0,81,19,100,537,74,611,711
09/16/2022,JRF,HI,AWP,WE,Federal Contract Tower,0,0,0,2,2,0,0,93,18,111,0,0,93,20,113,396,16,412,525
09/17/2022,JRF,HI,AWP,WE,Federal Contract Tower,0,0,3,0,3,0,0,87,12,99,0,0,90,12,102,327,28,355,457
09/18/2022,JRF,HI,AWP,WE,Federal Contract Tower,0,0,1,7,8,0,0,47,10,57,0,0,48,17,65,192,7,199,264
09/19/2022,JRF,HI,AWP,WE,Federal Contract Tower,0,0,3,1,4,0,0,107,21,128,0,0,110,22,132,288,75,363,495
09/20/2022,JRF,HI,AWP,WE,Federal Contract Tower,0,0,3,4,7,0,0,87,22,109,0,0,90,26,116,319,45,364,480
09/21/2022,JRF,HI,AWP,WE,Federal Contract Tower,0,0,2,4,6,0,0,120,40,160,0,0,122,44,166,508,83,591,757
09/22/2022,JRF,HI,AWP,WE,Federal Contract Tower,0,0,3,4,7,0,0,80,18,98,0,0,83,22,105,365,19,384,489
09/23/2022,JRF,HI,AWP,WE,Federal Contract Tower,0,0,2,5,7,0,0,102,10,112,0,0,104,15,119,546,37,583,702
09/24/2022,JRF,HI,AWP,WE,Federal Contract Tower,0,0,2,1,3,0,0,100,5,105,0,0,102,6,108,420,2,422,530
09/25/2022,JRF,HI,AWP,WE,Federal Contract Tower,0,0,1,1,2,0,0,37,2,39,0,0,38,3,41,217,2,219,260
09/26/2022,JRF,HI,AWP,WE,Federal Contract Tower,0,0,2,5,7,0,0,97,31,128,0,0,99,36,135,473,63,536,671
09/27/2022,JRF,HI,AWP,WE,Federal Contract Tower,0,0,4,10,14,0,0,149,16,165,0,0,153,26,179,403,31,434,613
09/28/2022,JRF,HI,AWP,WE,Federal Contract Tower,0,0,3,3,6,0,0,81,42,123,0,0,84,45,129,452,76,528,657
09/29/2022,JRF,HI,AWP,WE,Federal Contract Tower,0,0,2,9,11,0,0,85,27,112,0,0,87,36,123,358,63,421,544
09/30/2022,JRF,HI,AWP,WE,Federal Contract Tower,0,0,0,2,2,0,0,118,4,122,0,0,118,6,124,332,9,341,465
10/01/2022,JRF,HI,AWP,WE,Federal Contract Tower,0,0,0,3,3,0,0,58,2,60,0,0,58,5,63,523,1,524,587
10/02/2022,JRF,HI,AWP,WE,Federal Contract Tower,0,0,6,3,9,0,0,21,3,24,0,0,27,6,33,113,17,130,163
10/03/2022,JRF,HI,AWP,WE,Federal Contract Tower,0,0,1,9,10,0,0,80,11,91,0,0,81,20,101,336,30,366,467
10/04/2022,JRF,HI,AWP,WE,Federal Contract Tower,0,0,1,4,5,0,0,52,6,58,0,0,53,10,63,435,57,492,555
10/05/2022,JRF,HI,AWP,WE,Federal Contract Tower,0,0,0,7,7,0,0,66,29,95,0,0,66,36,102,356,42,398,500
10/06/2022,JRF,HI,AWP,WE,Federal Contract Tower,0,0,1,4,5,0,0,60,14,74,0,0,61,18,79,444,52,496,575
10/07/2022,JRF,HI,AWP,WE,Federal Contract Tower,0,0,1,1,2,0,0,95,4,99,0,0,96,5,101,394,18,412,513
10/08/2022,JRF,HI,AWP,WE,Federal Contract Tower,0,0,1,2,3,0,0,68,5,73,0,0,69,7,76,202,9,211,287
10/09/2022,JRF,HI,AWP,WE,Federal Contract Tower,0,0,4,0,4,0,0,66,0,66,0,0,70,0,70,191,3,194,264
10/10/2022,JRF,HI,AWP,WE,Federal Contract Tower,0,0,0,1,1,0,0,80,6,86,0,0,80,7,87,332,5,337,424
10/11/2022,JRF,HI,AWP,WE,Federal Contract Tower,0,0,3,5,8,0,0,67,9,76,0,0,70,14,84,302,24,326,410
10/12/2022,JRF,HI,AWP,WE,Federal Contract Tower,0,0,2,8,10,0,0,123,6,129,0,0,125,14,139,540,48,588,727
10/13/2022,JRF,HI,AWP,WE,Federal Contract Tower,0,0,0,8,8,0,0,58,14,72,0,0,58,22,80,441,67,508,588
10/14/2022,JRF,HI,AWP,WE,Federal Contract Tower,0,0,0,4,4,0,0,85,9,94,0,0,85,13,98,531,47,578,676
10/15/2022,JRF,HI,AWP,WE,Federal Contract Tower,0,0,2,5,7,0,0,109,5,114,0,0,111,10,121,373,11,384,505
10/16/2022,JRF,HI,AWP,WE,Federal Contract Tower,0,0,6,4,10,0,0,44,0,44,0,0,50,4,54,295,2,297,351
10/17/2022,JRF,HI,AWP,WE,Federal Contract Tower,0,0,0,4,4,0,0,81,0,81,0,0,81,4,85,376,1,377,462
10/18/2022,JRF,HI,AWP,WE,Federal Contract Tower,0,0,2,3,5,0,0,83,41,124,0,0,85,44,129,465,44,509,638
10/19/2022,JRF,HI,AWP,WE,Federal Contract Tower,0,0,2,4,6,0,0,48,8,56,0,0,50,12,62,383,12,395,457
10/20/2022,JRF,HI,AWP,WE,Federal Contract Tower,0,0,5,5,10,0,0,78,25,103,0,0,83,30,113,459,49,508,621
10/21/2022,JRF,HI,AWP,WE,Federal Contract Tower,0,0,6,5,11,0,0,96,8,104,0,0,102,13,115,459,20,479,594
10/22/2022,JRF,HI,AWP,WE,Federal Contract Tower,0,0,0,2,2,0,0,72,3,75,0,0,72,5,77,247,20,267,344
10/23/2022,JRF,HI,AWP,WE,Federal Contract Tower,0,0,2,2,4,0,0,49,6,55,0,0,51,8,59,334,6,340,399
10/24/2022,JRF,HI,AWP,WE,Federal Contract Tower,0,0,1,3,4,0,0,120,25,145,0,0,121,28,149,451,81,532,681
10/25/2022,JRF,HI,AWP,WE,Federal Contract Tower,0,0,1,2,3,0,0,37,35,72,0,0,38,37,75,644,68,712,787
10/26/2022,JRF,HI,AWP,WE,Federal Contract Tower,0,0,2,5,7,0,0,80,40,120,0,0,82,45,127,361,59,420,547
10/27/2022,JRF,HI,AWP,WE,Federal Contract Tower,0,0,0,3,3,0,0,104,18,122,0,0,104,21,125,488,38,526,651
10/28/2022,JRF,HI,AWP,WE,Federal Contract Tower,0,0,2,0,2,0,0,52,8,60,0,0,54,8,62,363,19,382,444
10/29/2022,JRF,HI,AWP,WE,Federal Contract Tower,0,0,1,2,3,0,0,129,23,152,0,0,130,25,155,370,4,374,529
10/30/2022,JRF,HI,AWP,WE,Federal Contract Tower,0,0,2,3,5,0,0,70,10,80,0,0,72,13,85,366,27,393,478
10/31/2022,JRF,HI,AWP,WE,Federal Contract Tower,0,0,3,2,5,0,0,40,8,48,0,0,43,10,53,350,12,362,415
11/01/2022,JRF,HI,AWP,WE,Federal Contract Tower,0,0,1,7,8,0,0,85,62,147,0,0,86,69,155,530,48,578,733
11/02/2022,JRF,HI,AWP,WE,Federal Contract Tower,0,0,3,7,10,0,0,62,25,87,0,0,65,32,97,603,87,690,787
11/03/2022,JRF,HI,AWP,WE,Federal Contract Tower,0,0,0,7,7,0,0,58,32,90,0,0,58,39,97,363,46,409,506
11/04/2022,JRF,HI,AWP,WE,Federal Contract Tower,0,0,7,0,7,0,0,97,9,106,0,0,104,9,113,479,28,507,620
11/05/2022,JRF,HI,AWP,WE,Federal Contract Tower,0,0,1,9,10,0,0,63,31,94,0,0,64,40,104,386,22,408,512
11/06/2022,JRF,HI,AWP,WE,Federal Contract Tower,0,0,2,5,7,0,0,63,16,79,0,0,65,21,86,341,15,356,442
11/07/2022,JRF,HI,AWP,WE,Federal Contract Tower,0,0,2,2,4,0,0,66,13,79,0,0,68,15,83,474,2,476,559
11/08/2022,JRF,HI,AWP,WE,Federal Contract Tower,0,0,3,3,6,0,0,62,40,102,0,0,65,43,108,317,49,366,474
11/09/2022,JRF,HI,AWP,WE,Federal Contract Tower,0,0,2,1,3,0,0,80,13,93,0,0,82,14,96,491,43,534,630
11/10/2022,JRF,HI,AWP,WE,Federal Contract Tower,0,0,0,6,6,0,0,60,14,74,0,0,60,20,80,426,6,432,512
11/11/2022,JRF,HI,AWP,WE,Federal Contract Tower,0,0,1,4,5,0,0,71,59,130,0,0,72,63,135,398,10,408,543
11/12/2022,JRF,HI,AWP,WE,Federal Contract Tower,0,0,4,6,10,0,0,36,16,52,0,0,40,22,62,217,30,247,309
11/13/2022,JRF,HI,AWP,WE,Federal Contract Tower,0,0,6,3,9,0,0,52,1,53,0,0,58,4,62,239,13,252,314
11/14/2022,JRF,HI,AWP,WE,Federal Contract Tower,0,0,2,1,3,0,0,85,22,107,0,0,87,23,110,417,2,419,529
11/15/2022,JRF,HI,AWP,WE,Federal Contract Tower,0,0,3,5,8,0,0,45,12,57,0,0,48,17,65,472,28,500,565
11/16/2022,JRF,HI,AWP,WE,Federal Contract Tower,0,0,0,4,4,0,0,40,22,62,0,0,40,26,66,350,46,396,462
11/17/2022,JRF,HI,AWP,WE,Federal Contract Tower,0,0,3,4,7,0,0,71,25,96,0,0,74,29,103,368,62,430,533
11/18/2022,JRF,HI,AWP,WE,Federal Contract Tower,0,0,2,6,8,0,0,55,9,64,0,0,57,15,72,370,2,372,444
11/19/2022,JRF,HI,AWP,WE,Federal Contract Tower,0,0,2,2,4,0,0,112,26,138,0,0,114,28,142,322,1,323,465
11/20/2022,JRF,HI,AWP,WE,Federal Contract Tower,0,0,3,3,6,0,0,34,1,35,0,0,37,4,41,226,11,237,278
11/21/2022,JRF,HI,AWP,WE,Federal Contract Tower,0,0,0,6,6,0,0,23,7,30,0,0,23,13,36,223,117,340,376
11/22/2022,JRF,HI,AWP,WE,Federal Contract Tower,0,0,1,8,9,0,0,32,2,34,0,0,33,10,43,524,96,620,663
11/23/2022,JRF,HI,AWP,WE,Federal Contract Tower,0,0,3,0,3,0,0,38,4,42,0,0,41,4,45,511,54,565,610
11/24/2022,JRF,HI,AWP,WE,Federal Contract Tower,0,0,0,0,0,0,0,4,0,4,0,0,4,0,4,21,8,29,33
11/25/2022,JRF,HI,AWP,WE,Federal Contract Tower,0,0,0,0,0,0,0,56,2,58,0,0,56,2,58,288,3,291,349
11/26/2022,JRF,HI,AWP,WE,Federal Contract Tower,0,0,3,2,5,0,0,75,2,77,0,0,78,4,82,387,2,389,471
11/27/2022,JRF,HI,AWP,WE,Federal Contract Tower,0,0,3,0,3,0,0,45,2,47,0,0,48,2,50,302,6,308,358
11/28/2022,JRF,HI,AWP,WE,Federal Contract Tower,0,0,1,3,4,0,0,13,5,18,0,0,14,8,22,224,15,239,261
11/29/2022,JRF,HI,AWP,WE,Federal Contract Tower,0,0,4,5,9,0,0,58,4,62,0,0,62,9,71,586,28,614,685
11/30/2022,JRF,HI,AWP,WE,Federal Contract Tower,0,0,0,7,7,0,0,34,10,44,0,0,34,17,51,375,81,456,507
12/01/2022,JRF,HI,AWP,WE,Federal Contract Tower,0,0,5,7,12,0,0,48,1,49,0,0,53,8,61,399,35,434,495
12/02/2022,JRF,HI,AWP,WE,Federal Contract Tower,0,0,2,3,5,0,0,69,3,72,0,0,71,6,77,430,14,444,521
12/03/2022,JRF,HI,AWP,WE,Federal Contract Tower,0,0,1,5,6,0,0,47,3,50,0,0,48,8,56,324,2,326,382
12/04/2022,JRF,HI,AWP,WE,Federal Contract Tower,0,0,2,4,6,0,0,56,0,56,0,0,58,4,62,415,6,421,483
12/05/2022,JRF,HI,AWP,WE,Federal Contract Tower,0,0,3,7,10,0,0,54,9,63,0,0,57,16,73,483,60,543,616
12/06/2022,JRF,HI,AWP,WE,Federal Contract Tower,0,0,2,8,10,0,0,48,14,62,0,0,50,22,72,405,70,475,547
12/07/2022,JRF,HI,AWP,WE,Federal Contract Tower,0,0,1,12,13,0,0,31,12,43,0,0,32,24,56,302,115,417,473
12/08/2022,JRF,HI,AWP,WE,Federal Contract Tower,0,0,1,6,7,0,0,27,13,40,0,0,28,19,47,224,47,271,318
12/09/2022,JRF,HI,AWP,WE,Federal Contract Tower,0,0,2,2,4,0,0,21,6,27,0,0,23,8,31,123,40,163,194
12/10/2022,JRF,HI,AWP,WE,Federal Contract Tower,0,0,1,4,5,0,0,32,6,38,0,0,33,10,43,148,2,150,193
12/11/2022,JRF,HI,AWP,WE,Federal Contract Tower,0,0,1,2,3,0,0,32,0,32,0,0,33,2,35,293,2,295,330
12/12/2022,JRF,HI,AWP,WE,Federal Contract Tower,0,0,0,6,6,0,0,82,9,91,0,0,82,15,97,575,19,594,691
12/13/2022,JRF,HI,AWP,WE,Federal Contract Tower,0,0,2,7,9,0,0,70,19,89,0,0,72,26,98,448,54,502,600
12/14/2022,JRF,HI,AWP,WE,Federal Contract Tower,0,0,5,4,9,0,0,75,9,84,0,0,80,13,93,684,53,737,830
12/15/2022,JRF,HI,AWP,WE,Federal Contract Tower,0,0,3,3,6,0,0,53,18,71,0,0,56,21,77,535,33,568,645
12/16/2022,JRF,HI,AWP,WE,Federal Contract Tower,0,0,0,2,2,0,0,83,0,83,0,0,83,2,85,575,2,577,662
12/17/2022,JRF,HI,AWP,WE,Federal Contract Tower,0,0,0,2,2,0,0,32,1,33,0,0,32,3,35,392,2,394,429
12/18/2022,JRF,HI,AWP,WE,Federal Contract Tower,0,0,0,1,1,0,0,0,0,0,0,0,0,1,1,17,2,19,20
12/19/2022,JRF,HI,AWP,WE,Federal Contract Tower,0,0,0,1,1,0,0,0,0,0,0,0,0,1,1,14,2,16,17
12/20/2022,JRF,HI,AWP,WE,Federal Contract Tower,0,0,0,1,1,0,0,10,8,18,0,0,10,9,19,89,1,90,109
12/21/2022,JRF,HI,AWP,WE,Federal Contract Tower,0,0,3,1,4,0,0,56,5,61,0,0,59,6,65,544,15,559,624
12/22/2022,JRF,HI,AWP,WE,Federal Contract Tower,0,0,1,1,2,0,0,47,3,50,0,0,48,4,52,500,4,504,556
12/23/2022,JRF,HI,AWP,WE,Federal Contract Tower,0,0,0,2,2,0,0,38,2,40,0,0,38,4,42,342,15,357,399
12/24/2022,JRF,HI,AWP,WE,Federal Contract Tower,0,0,1,2,3,0,0,27,0,27,0,0,28,2,30,229,4,233,263
12/25/2022,JRF,HI,AWP,WE,Federal Contract Tower,0,0,0,0,0,0,0,9,3,12,0,0,9,3,12,20,0,20,32
12/26/2022,JRF,HI,AWP,WE,Federal Contract Tower,0,0,0,3,3,0,0,60,0,60,0,0,60,3,63,460,2,462,525
12/27/2022,JRF,HI,AWP,WE,Federal Contract Tower,0,0,1,3,4,0,0,43,0,43,0,0,44,3,47,384,9,393,440
12/28/2022,JRF,HI,AWP,WE,Federal Contract Tower,0,0,1,2,3,0,0,52,9,61,0,0,53,11,64,426,47,473,537
12/29/2022,JRF,HI,AWP,WE,Federal Contract Tower,0,0,1,1,2,0,0,75,11,86,0,0,76,12,88,373,26,399,487
12/30/2022,JRF,HI,AWP,WE,Federal Contract Tower,0,0,4,0,4,0,0,71,6,77,0,0,75,6,81,239,2,241,322
12/31/2022,JRF,HI,AWP,WE,Federal Contract Tower,0,0,2,0,2,0,0,62,1,63,0,0,64,1,65,306,1,307,372
01/01/2023,JRF,HI,AWP,WE,Federal Contract Tower,0,0,2,0,2,0,0,27,1,28,0,0,29,1,30,29,2,31,61
01/02/2023,JRF,HI,AWP,WE,Federal Contract Tower,0,0,1,2,3,0,0,48,5,53,0,0,49,7,56,447,9,456,512
01/03/2023,JRF,HI,AWP,WE,Federal Contract Tower,0,0,6,0,6,0,0,94,0,94,0,0,100,0,100,637,10,647,747
01/04/2023,JRF,HI,AWP,WE,Federal Contract Tower,0,0,1,11,12,0,0,2,4,6,0,0,3,15,18,148,51,199,217
01/05/2023,JRF,HI,AWP,WE,Federal Contract Tower,0,0,2,8,10,0,0,50,24,74,0,0,52,32,84,323,93,416,500
01/06/2023,JRF,HI,AWP,WE,Federal Contract Tower,0,0,4,8,12,0,0,47,5,52,0,0,51,13,64,336,42,378,442
01/07/2023,JRF,HI,AWP,WE,Federal Contract Tower,0,0,1,8,9,0,0,61,10,71,0,0,62,18,80,341,50,391,471
01/08/2023,JRF,HI,AWP,WE,Federal Contract Tower,0,0,1,5,6,0,0,42,0,42,0,0,43,5,48,390,33,423,471
01/09/2023,JRF,HI,AWP,WE,Federal Contract Tower,0,0,4,3,7,0,0,60,20,80,0,0,64,23,87,380,41,421,508
01/10/2023,JRF,HI,AWP,WE,Federal Contract Tower,0,0,3,5,8,0,0,78,17,95,0,0,81,22,103,474,106,580,683
01/11/2023,JRF,HI,AWP,WE,Federal Contract Tower,0,0,3,7,10,0,0,83,17,100,0,0,86,24,110,648,82,730,840
01/12/2023,JRF,HI,AWP,WE,Federal Contract Tower,0,0,0,8,8,0,0,100,9,109,0,0,100,17,117,635,34,669,786
01/13/2023,JRF,HI,AWP,WE,Federal Contract Tower,0,0,8,3,11,0,0,136,7,143,0,0,144,10,154,522,0,522,676
01/14/2023,JRF,HI,AWP,WE,Federal Contract Tower,0,0,0,3,3,0,0,121,12,133,0,0,121,15,136,419,28,447,583
01/15/2023,JRF,HI,AWP,WE,Federal Contract Tower,0,0,0,5,5,0,0,46,6,52,0,0,46,11,57,347,18,365,422
01/16/2023,JRF,HI,AWP,WE,Federal Contract Tower,0,0,4,5,9,0,0,61,4,65,0,0,65,9,74,439,6,445,519
01/17/2023,JRF,HI,AWP,WE,Federal Contract Tower,0,0,1,10,11,0,0,97,11,108,0,0,98,21,119,520,105,625,744
01/18/2023,JRF,HI,AWP,WE,Federal Contract Tower,0,0,0,7,7,0,0,105,58,163,0,0,105,65,170,715,131,846,1016
01/19/2023,JRF,HI,AWP,WE,Federal Contract Tower,0,0,2,11,13,0,0,92,21,113,0,0,94,32,126,539,46,585,711
01/20/2023,JRF,HI,AWP,WE,Federal Contract Tower,0,0,2,4,6,0,0,96,12,108,0,0,98,16,114,324,11,335,449
01/21/2023,JRF,HI,AWP,WE,Federal Contract Tower,0,0,0,3,3,0,0,71,3,74,0,0,71,6,77,246,10,256,333
01/22/2023,JRF,HI,AWP,WE,Federal Contract Tower,0,0,0,4,4,0,0,38,8,46,0,0,38,12,50,140,10,150,200
01/23/2023,JRF,HI,AWP,WE,Federal Contract Tower,0,0,3,2,5,0,0,43,32,75,0,0,46,34,80,380,23,403,483
01/24/2023,JRF,HI,AWP,WE,Federal Contract Tower,0,0,3,6,9,0,0,78,15,93,0,0,81,21,102,513,41,554,656
01/25/2023,JRF,HI,AWP,WE,Federal Contract Tower,0,0,4,7,11,0,0,88,10,98,0,0,92,17,109,568,65,633,742
01/26/2023,JRF,HI,AWP,WE,Federal Contract Tower,0,0,1,3,4,0,0,87,17,104,0,0,88,20,108,322,25,347,455
01/27/2023,JRF,HI,AWP,WE,Federal Contract Tower,0,0,0,2,2,0,0,107,13,120,0,0,107,15,122,360,8,368,490
01/28/2023,JRF,HI,AWP,WE,Federal Contract Tower,0,0,2,5,7,0,0,68,7,75,0,0,70,12,82,144,21,165,247
01/29/2023,JRF,HI,AWP,WE,Federal Contract Tower,0,0,2,3,5,0,0,6,6,12,0,0,8,9,17,56,2,58,75
01/30/2023,JRF,HI,AWP,WE,Federal Contract Tower,0,0,0,3,3,0,0,7,25,32,0,0,7,28,35,191,48,239,274
01/31/2023,JRF,HI,AWP,WE,Federal Contract Tower,0,0,1,7,8,0,0,63,26,89,0,0,64,33,97,491,99,590,687
02/01/2023,JRF,HI,AWP,WE,Federal Contract Tower,0,0,1,3,4,0,0,119,26,145,0,0,120,29,149,719,41,760,909
02/02/2023,JRF,HI,AWP,WE,Federal Contract Tower,0,0,0,5,5,0,0,75,13,88,0,0,75,18,93,377,10,387,480
02/03/2023,JRF,HI,AWP,WE,Federal Contract Tower,0,0,6,3,9,0,0,74,11,85,0,0,80,14,94,257,2,259,353
02/04/2023,JRF,HI,AWP,WE,Federal Contract Tower,0,0,2,1,3,0,0,10,0,10,0,0,12,1,13,62,0,62,75
02/05/2023,JRF,HI,AWP,WE,Federal Contract Tower,0,0,3,9,12,0,0,30,0,30,0,0,33,9,42,277,1,278,320
02/06/2023,JRF,HI,AWP,WE,Federal Contract Tower,0,0,3,10,13,0,0,70,6,76,0,0,73,16,89,483,6,489,578
02/07/2023,JRF,HI,AWP,WE,Federal Contract Tower,0,0,0,10,10,0,0,53,36,89,0,0,53,46,99,320,43,363,462
02/08/2023,JRF,HI,AWP,WE,Federal Contract Tower,0,0,8,5,13,0,0,36,13,49,0,0,44,18,62,145,39,184,246
02/09/2023,JRF,HI,AWP,WE,Federal Contract Tower,0,0,0,7,7,0,0,7,11,18,0,0,7,18,25,35,20,55,80
02/10/2023,JRF,HI,AWP,WE,Federal Contract Tower,0,0,0,4,4,0,0,10,5,15,0,0,10,9,19,33,4,37,56
02/11/2023,JRF,HI,AWP,WE,Federal Contract Tower,0,0,0,5,5,0,0,35,3,38,0,0,35,8,43,205,0,205,248
02/12/2023,JRF,HI,AWP,WE,Federal Contract Tower,0,0,0,2,2,0,0,20,2,22,0,0,20,4,24,194,8,202,226
02/13/2023,JRF,HI,AWP,WE,Federal Contract Tower,0,0,3,4,7,0,0,56,10,66,0,0,59,14,73,494,25,519,592
02/14/2023,JRF,HI,AWP,WE,Federal Contract Tower,0,0,1,5,6,0,0,64,16,80,0,0,65,21,86,428,36,464,550
02/15/2023,JRF,HI,AWP,WE,Federal Contract Tower,0,0,2,4,6,0,0,127,18,145,0,0,129,22,151,648,26,674,825
02/16/2023,JRF,HI,AWP,WE,Federal Contract Tower,0,0,2,4,6,0,0,73,15,88,0,0,75,19,94,465,10,475,569
02/17/2023,JRF,HI,AWP,WE,Federal Contract Tower,0,0,0,1,1,0,0,12,0,12,0,0,12,1,13,66,0,66,79
02/18/2023,JRF,HI,AWP,WE,Federal Contract Tower,0,0,0,2,2,0,0,40,5,45,0,0,40,7,47,245,18,263,310
02/19/2023,JRF,HI,AWP,WE,Federal Contract Tower,0,0,1,2,3,0,0,66,3,69,0,0,67,5,72,239,7,246,318
02/20/2023,JRF,HI,AWP,WE,Federal Contract Tower,0,0,0,3,3,0,0,14,3,17,0,0,14,6,20,171,0,171,191
02/21/2023,JRF,HI,AWP,WE,Federal Contract Tower,0,0,0,7,7,0,0,71,36,107,0,0,71,43,114,467,46,513,627
02/22/2023,JRF,HI,AWP,WE,Federal Contract Tower,0,0,6,11,17,0,0,61,23,84,0,0,67,34,101,300,90,390,491
02/23/2023,JRF,HI,AWP,WE,Federal Contract Tower,0,0,1,6,7,0,0,58,27,85,0,0,59,33,92,243,89,332,424
02/24/2023,JRF,HI,AWP,WE,Federal Contract Tower,0,0,3,12,15,0,0,63,9,72,0,0,66,21,87,264,34,298,385
02/25/2023,JRF,HI,AWP,WE,Federal Contract Tower,0,0,0,2,2,0,0,50,14,64,0,0,50,16,66,283,21,304,370
02/26/2023,JRF,HI,AWP,WE,Federal Contract Tower,0,0,2,6,8,0,0,56,3,59,0,0,58,9,67,222,4,226,293
02/27/2023,JRF,HI,AWP,WE,Federal Contract Tower,0,0,0,5,5,0,0,47,11,58,0,0,47,16,63,236,89,325,388
02/28/2023,JRF,HI,AWP,WE,Federal Contract Tower,0,0,0,4,4,0,0,44,31,75,0,0,44,35,79,147,70,217,296
03/01/2023,JRF,HI,AWP,WE,Federal Contract Tower,0,0,2,3,5,0,0,32,22,54,0,0,34,25,59,68,59,127,186
03/02/2023,JRF,HI,AWP,WE,Federal Contract Tower,0,0,1,6,7,0,0,44,17,61,0,0,45,23,68,114,24,138,206
03/03/2023,JRF,HI,AWP,WE,Federal Contract Tower,0,0,1,0,1,0,0,64,9,73,0,0,65,9,74,379,15,394,468
03/04/2023,JRF,HI,AWP,WE,Federal Contract Tower,0,0,2,6,8,0,0,61,5,66,0,0,63,11,74,364,6,370,444
03/05/2023,JRF,HI,AWP,WE,Federal Contract Tower,0,0,0,5,5,0,0,70,4,74,0,0,70,9,79,379,8,387,466
03/06/2023,JRF,HI,AWP,WE,Federal Contract Tower,0,0,0,4,4,0,0,26,8,34,0,0,26,12,38,211,26,237,275
03/07/2023,JRF,HI,AWP,WE,Federal Contract Tower,0,0,0,11,11,0,0,79,16,95,0,0,79,27,106,514,25,539,645
03/08/2023,JRF,HI,AWP,WE,Federal Contract Tower,0,0,0,1,1,0,0,11,10,21,0,0,11,11,22,37,15,52,74
03/09/2023,JRF,HI,AWP,WE,Federal Contract Tower,0,0,2,3,5,0,0,102,11,113,0,0,104,14,118,336,33,369,487
03/10/2023,JRF,HI,AWP,WE,Federal Contract Tower,0,0,0,2,2,0,0,74,8,82,0,0,74,10,84,440,11,451,535
03/11/2023,JRF,HI,AWP,WE,Federal Contract Tower,0,0,0,4,4,0,0,100,2,102,0,0,100,6,106,438,1,439,545
03/12/2023,JRF,HI,AWP,WE,Federal Contract Tower,0,0,1,3,4,0,0,33,3,36,0,0,34,6,40,372,18,390,430
03/13/2023,JRF,HI,AWP,WE,Federal Contract Tower,0,0,0,5,5,0,0,57,14,71,0,0,57,19,76,490,48,538,614
03/14/2023,JRF,HI,AWP,WE,Federal Contract Tower,0,0,4,6,10,0,0,35,7,42,0,0,39,13,52,348,75,423,475
03/15/2023,JRF,HI,AWP,WE,Federal Contract Tower,0,0,1,4,5,0,0,76,13,89,0,0,77,17,94,422,84,506,600
03/16/2023,JRF,HI,AWP,WE,Federal Contract Tower,0,0,1,3,4,0,0,60,22,82,0,0,61,25,86,547,40,587,673
03/17/2023,JRF,HI,AWP,WE,Federal Contract Tower,0,0,0,2,2,0,0,93,7,100,0,0,93,9,102,435,26,461,563
03/18/2023,JRF,HI,AWP,WE,Federal Contract Tower,0,0,0,1,1,0,0,119,2,121,0,0,119,3,122,452,0,452,574
03/19/2023,JRF,HI,AWP,WE,Federal Contract Tower,0,0,0,2,2,0,0,24,2,26,0,0,24,4,28,391,0,391,419
03/20/2023,JRF,HI,AWP,WE,Federal Contract Tower,0,0,2,4,6,0,0,61,9,70,0,0,63,13,76,342,26,368,444
03/21/2023,JRF,HI,AWP,WE,Federal Contract Tower,0,0,3,3,6,0,0,45,26,71,0,0,48,29,77,559,34,593,670
03/22/2023,JRF,HI,AWP,WE,Federal Contract Tower,0,0,3,4,7,0,0,91,6,97,0,0,94,10,104,585,27,612,716
03/23/2023,JRF,HI,AWP,WE,Federal Contract Tower,0,0,1,9,10,0,0,33,17,50,0,0,34,26,60,277,31,308,368
03/24/2023,JRF,HI,AWP,WE,Federal Contract Tower,0,0,2,3,5,0,0,82,9,91,0,0,84,12,96,541,15,556,652
03/25/2023,JRF,HI,AWP,WE,Federal Contract Tower,0,0,0,2,2,0,0,65,2,67,0,0,65,4,69,432,9,441,510
03/26/2023,JRF,HI,AWP,WE,Federal Contract Tower,0,0,1,3,4,0,0,82,4,86,0,0,83,7,90,470,26,496,586
03/27/2023,JRF,HI,AWP,WE,Federal Contract Tower,0,0,1,3,4,0,0,84,5,89,0,0,85,8,93,505,22,527,620
03/28/2023,JRF,HI,AWP,WE,Federal Contract Tower,0,0,3,6,9,0,0,78,11,89,0,0,81,17,98,381,14,395,493
03/29/2023,JRF,HI,AWP,WE,Federal Contract Tower,0,0,1,5,6,0,0,48,15,63,0,0,49,20,69,329,106,435,504
03/30/2023,JRF,HI,AWP,WE,Federal Contract Tower,0,0,2,6,8,0,0,91,13,104,0,0,93,19,112,544,37,581,693
03/31/2023,JRF,HI,AWP,WE,Federal Contract Tower,0,0,1,8,9,0,0,68,4,72,0,0,69,12,81,343,12,355,436
04/01/2023,JRF,HI,AWP,WE,Federal Contract Tower,0,0,4,5,9,0,0,51,4,55,0,0,55,9,64,366,10,376,440
04/02/2023,JRF,HI,AWP,WE,Federal Contract Tower,0,0,2,4,6,0,0,12,1,13,0,0,14,5,19,199,1,200,219
04/03/2023,JRF,HI,AWP,WE,Federal Contract Tower,0,0,4,3,7,0,0,72,6,78,0,0,76,9,85,401,14,415,500
04/04/2023,JRF,HI,AWP,WE,Federal Contract Tower,0,0,2,9,11,0,0,78,13,91,0,0,80,22,102,383,28,411,513
04/05/2023,JRF,HI,AWP,WE,Federal Contract Tower,0,0,0,8,8,0,0,105,20,125,0,0,105,28,133,449,27,476,609
04/06/2023,JRF,HI,AWP,WE,Federal Contract Tower,0,0,5,4,9,0,0,66,16,82,0,0,71,20,91,300,28,328,419
04/07/2023,JRF,HI,AWP,WE,Federal Contract Tower,0,0,4,3,7,0,0,85,4,89,0,0,89,7,96,461,17,478,574
04/08/2023,JRF,HI,AWP,WE,Federal Contract Tower,0,0,2,2,4,0,0,105,7,112,0,0,107,9,116,524,10,534,650
04/09/2023,JRF,HI,AWP,WE,Federal Contract Tower,0,0,2,1,3,0,0,28,3,31,0,0,30,4,34,225,22,247,281
04/10/2023,JRF,HI,AWP,WE,Federal Contract Tower,0,0,0,3,3,0,0,87,1,88,0,0,87,4,91,563,28,591,682
04/11/2023,JRF,HI,AWP,WE,Federal Contract Tower,0,0,4,5,9,0,0,61,24,85,0,0,65,29,94,335,33,368,462
04/12/2023,JRF,HI,AWP,WE,Federal Contract Tower,0,0,2,4,6,0,0,106,14,120,0,0,108,18,126,480,20,500,626
04/13/2023,JRF,HI,AWP,WE,Federal Contract Tower,0,0,3,2,5,0,0,71,8,79,0,0,74,10,84,425,40,465,549
04/14/2023,JRF,HI,AWP,WE,Federal Contract Tower,0,0,1,7,8,0,0,80,9,89,0,0,81,16,97,446,18,464,561
04/15/2023,JRF,HI,AWP,WE,Federal Contract Tower,0,0,1,3,4,0,0,85,0,85,0,0,86,3,89,296,1,297,386
04/16/2023,JRF,HI,AWP,WE,Federal Contract Tower,0,0,2,4,6,0,0,79,5,84,0,0,81,9,90,396,9,405,495
04/17/2023,JRF,HI,AWP,WE,Federal Contract Tower,0,0,2,10,12,0,0,60,19,79,0,0,62,29,91,366,28,394,485
04/18/2023,JRF,HI,AWP,WE,Federal Contract Tower,0,0,0,6,6,0,0,20,8,28,0,0,20,14,34,111,26,137,171
04/19/2023,JRF,HI,AWP,WE,Federal Contract Tower,0,0,1,11,12,0,0,110,14,124,0,0,111,25,136,403,33,436,572
04/20/2023,JRF,HI,AWP,WE,Federal Contract Tower,0,0,1,5,6,0,0,71,17,88,0,0,72,22,94,474,32,506,600
04/21/2023,JRF,HI,AWP,WE,Federal Contract Tower,0,0,0,8,8,0,0,89,8,97,0,0,89,16,105,642,26,668,773
04/22/2023,JRF,HI,AWP,WE,Federal Contract Tower,0,0,0,2,2,0,0,67,3,70,0,0,67,5,72,397,3,400,472
04/23/2023,JRF,HI,AWP,WE,Federal Contract Tower,0,0,3,7,10,0,0,85,4,89,0,0,88,11,99,383,19,402,501
04/24/2023,JRF,HI,AWP,WE,Federal Contract Tower,0,0,0,10,10,0,0,105,19,124,0,0,105,29,134,343,53,396,530
04/25/2023,JRF,HI,AWP,WE,Federal Contract Tower,0,0,0,2,2,0,0,140,50,190,0,0,140,52,192,850,93,943,1135
04/26/2023,JRF,HI,AWP,WE,Federal Contract Tower,0,0,2,18,20,0,0,141,38,179,0,0,143,56,199,465,28,493,692
04/27/2023,JRF,HI,AWP,WE,Federal Contract Tower,0,0,5,9,14,0,0,19,6,25,0,0,24,15,39,143,6,149,188
04/28/2023,JRF,HI,AWP,WE,Federal Contract Tower,0,0,2,6,8,0,0,56,17,73,0,0,58,23,81,308,47,355,436
04/29/2023,JRF,HI,AWP,WE,Federal Contract Tower,0,0,1,4,5,0,0,87,7,94,0,0,88,11,99,336,0,336,435
04/30/2023,JRF,HI,AWP,WE,Federal Contract Tower,0,0,1,5,6,0,0,100,6,106,0,0,101,11,112,556,5,561,673
05/01/2023,JRF,HI,AWP,WE,Federal Contract Tower,0,0,3,5,8,0,0,60,4,64,0,0,63,9,72,427,31,458,530
05/02/2023,JRF,HI,AWP,WE,Federal Contract Tower,0,0,0,10,10,0,0,39,3,42,0,0,39,13,52,263,30,293,345
05/03/2023,JRF,HI,AWP,WE,Federal Contract Tower,0,0,6,6,12,0,0,121,4,125,0,0,127,10,137,655,32,687,824
05/04/2023,JRF,HI,AWP,WE,Federal Contract Tower,0,0,5,5,10,0,0,80,3,83,0,0,85,8,93,520,37,557,650
05/05/2023,JRF,HI,AWP,WE,Federal Contract Tower,0,0,8,7,15,0,0,63,4,67,0,0,71,11,82,322,14,336,418
05/06/2023,JRF,HI,AWP,WE,Federal Contract Tower,0,0,3,3,6,0,0,41,2,43,0,0,44,5,49,266,3,269,318
05/07/2023,JRF,HI,AWP,WE,Federal Contract Tower,0,0,0,2,2,0,0,35,3,38,0,0,35,5,40,233,0,233,273
05/08/2023,JRF,HI,AWP,WE,Federal Contract Tower,0,0,4,3,7,0,0,53,11,64,0,0,57,14,71,447,8,455,526
05/09/2023,JRF,HI,AWP,WE,Federal Contract Tower,0,0,4,15,19,0,0,111,18,129,0,0,115,33,148,675,58,733,881
05/10/2023,JRF,HI,AWP,WE,Federal Contract Tower,0,0,5,6,11,0,0,95,5,100,0,0,100,11,111,557,54,611,722
05/11/2023,JRF,HI,AWP,WE,Federal Contract Tower,0,0,11,6,17,0,0,25,15,40,0,0,36,21,57,264,57,321,378
05/12/2023,JRF,HI,AWP,WE,Federal Contract Tower,0,0,2,5,7,0,0,91,1,92,0,0,93,6,99,601,18,619,718
05/13/2023,JRF,HI,AWP,WE,Federal Contract Tower,0,0,0,1,1,0,0,98,3,101,0,0,98,4,102,567,8,575,677
05/14/2023,JRF,HI,AWP,WE,Federal Contract Tower,0,0,0,4,4,0,0,50,3,53,0,0,50,7,57,329,30,359,416
05/15/2023,JRF,HI,AWP,WE,Federal Contract Tower,0,0,0,2,2,0,0,83,8,91,0,0,83,10,93,544,8,552,645
05/16/2023,JRF,HI,AWP,WE,Federal Contract Tower,0,0,1,3,4,0,0,96,16,112,0,0,97,19,116,544,54,598,714
05/17/2023,JRF,HI,AWP,WE,Federal Contract Tower,0,0,1,2,3,0,0,127,19,146,0,0,128,21,149,682,27,709,858
05/18/2023,JRF,HI,AWP,WE,Federal Contract Tower,0,0,3,4,7,0,0,27,17,44,0,0,30,21,51,313,30,343,394
05/19/2023,JRF,HI,AWP,WE,Federal Contract Tower,0,0,0,3,3,0,0,60,4,64,0,0,60,7,67,374,1,375,442
05/20/2023,JRF,HI,AWP,WE,Federal Contract Tower,0,0,2,2,4,0,0,123,4,127,0,0,125,6,131,466,0,466,597
05/21/2023,JRF,HI,AWP,WE,Federal Contract Tower,0,0,0,2,2,0,0,76,1,77,0,0,76,3,79,285,3,288,367
05/22/2023,JRF,HI,AWP,WE,Federal Contract Tower,0,0,3,2,5,0,0,66,38,104,0,0,69,40,109,539,32,571,680
05/23/2023,JRF,HI,AWP,WE,Federal Contract Tower,0,0,6,2,8,0,0,80,17,97,0,0,86,19,105,402,32,434,539
05/24/2023,JRF,HI,AWP,WE,Federal Contract Tower,0,0,3,5,8,0,0,120,15,135,0,0,123,20,143,596,79,675,818
05/25/2023,JRF,HI,AWP,WE,Federal Contract Tower,0,0,0,4,4,0,0,131,20,151,0,0,131,24,155,625,16,641,796
05/26/2023,JRF,HI,AWP,WE,Federal Contract Tower,0,0,5,1,6,0,0,98,4,102,0,0,103,5,108,495,11,506,614
05/27/2023,JRF,HI,AWP,WE,Federal Contract Tower,0,0,2,1,3,0,0,108,6,114,0,0,110,7,117,401,4,405,522
05/28/2023,JRF,HI,AWP,WE,Federal Contract Tower,0,0,4,0,4,0,0,38,5,43,0,0,42,5,47,286,13,299,346
05/29/2023,JRF,HI,AWP,WE,Federal Contract Tower,0,0,4,0,4,0,0,80,6,86,0,0,84,6,90,465,6,471,561
05/30/2023,JRF,HI,AWP,WE,Federal Contract Tower,0,0,5,3,8,0,0,107,20,127,0,0,112,23,135,544,11,555,690
05/31/2023,JRF,HI,AWP,WE,Federal Contract Tower,0,0,1,1,2,0,0,107,12,119,0,0,108,13,121,524,76,600,721
06/01/2023,JRF,HI,AWP,WE,Federal Contract Tower,0,0,0,4,4,0,0,119,11,130,0,0,119,15,134,495,28,523,657
06/02/2023,JRF,HI,AWP,WE,Federal Contract Tower,0,0,1,4,5,0,0,113,4,117,0,0,114,8,122,430,3,433,555
06/03/2023,JRF,HI,AWP,WE,Federal Contract Tower,0,0,1,6,7,0,0,85,2,87,0,0,86,8,94,378,6,384,478
06/04/2023,JRF,HI,AWP,WE,Federal Contract Tower,0,0,4,6,10,0,0,59,3,62,0,0,63,9,72,372,3,375,447
06/05/2023,JRF,HI,AWP,WE,Federal Contract Tower,0,0,3,4,7,0,0,96,4,100,0,0,99,8,107,459,3,462,569
06/06/2023,JRF,HI,AWP,WE,Federal Contract Tower,0,0,2,10,12,0,0,113,30,143,0,0,115,40,155,622,44,666,821
06/07/2023,JRF,HI,AWP,WE,Federal Contract Tower,0,0,6,4,10,0,0,124,20,144,0,0,130,24,154,572,92,664,818
06/08/2023,JRF,HI,AWP,WE,Federal Contract Tower,0,0,2,4,6,0,0,125,11,136,0,0,127,15,142,536,35,571,713
06/09/2023,JRF,HI,AWP,WE,Federal Contract Tower,0,0,1,5,6,0,0,128,10,138,0,0,129,15,144,518,74,592,736
06/10/2023,JRF,HI,AWP,WE,Federal Contract Tower,0,0,2,1,3,0,0,100,8,108,0,0,102,9,111,432,5,437,548
06/11/2023,JRF,HI,AWP,WE,Federal Contract Tower,0,0,0,2,2,0,0,94,2,96,0,0,94,4,98,390,0,390,488
06/12/2023,JRF,HI,AWP,WE,Federal Contract Tower,0,0,2,0,2,0,0,93,9,102,0,0,95,9,104,446,57,503,607
06/13/2023,JRF,HI,AWP,WE,Federal Contract Tower,0,0,1,3,4,0,0,101,22,123,0,0,102,25,127,539,39,578,705
06/14/2023,JRF,HI,AWP,WE,Federal Contract Tower,0,0,2,6,8,0,0,115,16,131,0,0,117,22,139,674,50,724,863
06/15/2023,JRF,HI,AWP,WE,Federal Contract Tower,0,0,1,6,7,0,0,107,25,132,0,0,108,31,139,496,65,561,700
06/16/2023,JRF,HI,AWP,WE,Federal Contract Tower,0,0,2,2,4,0,0,113,8,121,0,0,115,10,125,449,9,458,583
06/17/2023,JRF,HI,AWP,WE,Federal Contract Tower,0,0,2,6,8,0,0,90,5,95,0,0,92,11,103,320,36,356,459
06/18/2023,JRF,HI,AWP,WE,Federal Contract Tower,0,0,4,3,7,0,0,54,5,59,0,0,58,8,66,370,4,374,440
06/19/2023,JRF,HI,AWP,WE,Federal Contract Tower,0,0,2,2,4,0,0,67,5,72,0,0,69,7,76,458,36,494,570
06/20/2023,JRF,HI,AWP,WE,Federal Contract Tower,0,0,6,5,11,0,0,72,12,84,0,0,78,17,95,500,44,544,639
06/21/2023,JRF,HI,AWP,WE,Federal Contract Tower,0,0,3,2,5,0,0,71,12,83,0,0,74,14,88,613,70,683,771
06/22/2023,JRF,HI,AWP,WE,Federal Contract Tower,0,0,5,3,8,0,0,117,30,147,0,0,122,33,155,475,21,496,651
06/23/2023,JRF,HI,AWP,WE,Federal Contract Tower,0,0,5,2,7,0,0,84,16,100,0,0,89,18,107,425,15,440,547
06/24/2023,JRF,HI,AWP,WE,Federal Contract Tower,0,0,5,0,5,0,0,105,6,111,0,0,110,6,116,366,25,391,507
06/25/2023,JRF,HI,AWP,WE,Federal Contract Tower,0,0,1,1,2,0,0,86,5,91,0,0,87,6,93,397,30,427,520
06/26/2023,JRF,HI,AWP,WE,Federal Contract Tower,0,0,8,7,15,0,0,60,4,64,0,0,68,11,79,422,35,457,536
06/27/2023,JRF,HI,AWP,WE,Federal Contract Tower,0,0,3,7,10,0,0,86,35,121,0,0,89,42,131,481,75,556,687
06/28/2023,JRF,HI,AWP,WE,Federal Contract Tower,0,0,4,6,10,0,0,117,22,139,0,0,121,28,149,500,31,531,680
06/29/2023,JRF,HI,AWP,WE,Federal Contract Tower,0,0,1,8,9,0,0,120,23,143,0,0,121,31,152,626,59,685,837
06/30/2023,JRF,HI,AWP,WE,Federal Contract Tower,0,0,2,5,7,0,0,134,8,142,0,0,136,13,149,655,26,681,830
07/01/2023,JRF,HI,AWP,WE,Federal Contract Tower,0,0,3,2,5,0,0,92,1,93,0,0,95,3,98,492,5,497,595
07/02/2023,JRF,HI,AWP,WE,Federal Contract Tower,0,0,2,1,3,0,0,104,4,108,0,0,106,5,111,451,0,451,562
07/03/2023,JRF,HI,AWP,WE,Federal Contract Tower,0,0,2,1,3,0,0,81,3,84,0,0,83,4,87,621,2,623,710
07/04/2023,JRF,HI,AWP,WE,Federal Contract Tower,0,0,2,3,5,0,0,78,4,82,0,0,80,7,87,288,6,294,381
07/05/2023,JRF,HI,AWP,WE,Federal Contract Tower,0,0,2,4,6,0,0,87,14,101,0,0,89,18,107,498,53,551,658
07/06/2023,JRF,HI,AWP,WE,Federal Contract Tower,0,0,5,14,19,0,0,125,14,139,0,0,130,28,158,459,106,565,723
07/07/2023,JRF,HI,AWP,WE,Federal Contract Tower,0,0,3,4,7,0,0,83,13,96,0,0,86,17,103,399,28,427,530
07/08/2023,JRF,HI,AWP,WE,Federal Contract Tower,0,0,1,6,7,0,0,59,0,59,0,0,60,6,66,407,1,408,474
07/09/2023,JRF,HI,AWP,WE,Federal Contract Tower,0,0,1,4,5,0,0,41,9,50,0,0,42,13,55,350,31,381,436
07/10/2023,JRF,HI,AWP,WE,Federal Contract Tower,0,0,0,4,4,0,0,77,20,97,0,0,77,24,101,662,28,690,791
07/11/2023,JRF,HI,AWP,WE,Federal Contract Tower,0,0,3,5,8,0,0,81,22,103,0,0,84,27,111,607,30,637,748
07/12/2023,JRF,HI,AWP,WE,Federal Contract Tower,0,0,2,5,7,0,0,92,11,103,0,0,94,16,110,501,50,551,661
07/13/2023,JRF,HI,AWP,WE,Federal Contract Tower,0,0,0,5,5,0,0,164,27,191,0,0,164,32,196,730,88,818,1014
07/14/2023,JRF,HI,AWP,WE,Federal Contract Tower,0,0,1,2,3,0,0,141,11,152,0,0,142,13,155,546,12,558,713
07/15/2023,JRF,HI,AWP,WE,Federal Contract Tower,0,0,1,5,6,0,0,109,14,123,0,0,110,19,129,427,10,437,566
07/16/2023,JRF,HI,AWP,WE,Federal Contract Tower,0,0,3,5,8,0,0,92,5,97,0,0,95,10,105,420,0,420,525
07/17/2023,JRF,HI,AWP,WE,Federal Contract Tower,0,0,3,3,6,0,0,76,8,84,0,0,79,11,90,529,17,546,636
07/18/2023,JRF,HI,AWP,WE,Federal Contract Tower,0,0,1,3,4,0,0,43,9,52,0,0,44,12,56,323,20,343,399
07/19/2023,JRF,HI,AWP,WE,Federal Contract Tower,0,0,0,8,8,0,0,2,9,11,0,0,2,17,19,72,33,105,124
07/20/2023,JRF,HI,AWP,WE,Federal Contract Tower,0,0,4,8,12,0,0,110,48,158,0,0,114,56,170,677,68,745,915
07/21/2023,JRF,HI,AWP,WE,Federal Contract Tower,0,0,2,6,8,0,0,171,13,184,0,0,173,19,192,534,21,555,747
07/22/2023,JRF,HI,AWP,WE,Federal Contract Tower,0,0,1,7,8,0,0,130,4,134,0,0,131,11,142,412,6,418,560
07/23/2023,JRF,HI,AWP,WE,Federal Contract Tower,0,0,2,3,5,0,0,119,1,120,0,0,121,4,125,440,0,440,565
07/24/2023,JRF,HI,AWP,WE,Federal Contract Tower,0,0,1,9,10,0,0,102,22,124,0,0,103,31,134,547,36,583,717
07/25/2023,JRF,HI,AWP,WE,Federal Contract Tower,0,0,4,5,9,0,0,111,14,125,0,0,115,19,134,406,39,445,579
07/26/2023,JRF,HI,AWP,WE,Federal Contract Tower,0,0,3,5,8,0,0,73,14,87,0,0,76,19,95,451,32,483,578
07/27/2023,JRF,HI,AWP,WE,Federal Contract Tower,0,0,5,8,13,0,0,145,19,164,0,0,150,27,177,714,48,762,939
07/28/2023,JRF,HI,AWP,WE,Federal Contract Tower,0,0,2,7,9,0,0,90,7,97,0,0,92,14,106,575,40,615,721
07/29/2023,JRF,HI,AWP,WE,Federal Contract Tower,0,0,5,7,12,0,0,84,3,87,0,0,89,10,99,347,0,347,446
07/30/2023,JRF,HI,AWP,WE,Federal Contract Tower,0,0,1,7,8,0,0,103,0,103,0,0,104,7,111,360,3,363,474
07/31/2023,JRF,HI,AWP,WE,Federal Contract Tower,0,0,3,4,7,0,0,87,16,103,0,0,90,20,110,604,77,681,791
08/01/2023,JRF,HI,AWP,WE,Federal Contract Tower,0,0,0,2,2,0,0,51,11,62,0,0,51,13,64,469,38,507,571
08/02/2023,JRF,HI,AWP,WE,Federal Contract Tower,0,0,4,7,11,0,0,68,23,91,0,0,72,30,102,571,43,614,716
08/03/2023,JRF,HI,AWP,WE,Federal Contract Tower,0,0,0,6,6,0,0,109,15,124,0,0,109,21,130,466,53,519,649
08/04/2023,JRF,HI,AWP,WE,Federal Contract Tower,0,0,2,6,8,0,0,89,13,102,0,0,91,19,110,387,16,403,513
08/05/2023,JRF,HI,AWP,WE,Federal Contract Tower,0,0,2,5,7,0,0,67,10,77,0,0,69,15,84,368,15,383,467
08/06/2023,JRF,HI,AWP,WE,Federal Contract Tower,0,0,2,10,12,0,0,104,2,106,0,0,106,12,118,368,16,384,502
08/07/2023,JRF,HI,AWP,WE,Federal Contract Tower,0,0,2,4,6,0,0,61,2,63,0,0,63,6,69,291,21,312,381
08/08/2023,JRF,HI,AWP,WE,Federal Contract Tower,0,0,0,4,4,0,0,5,11,16,0,0,5,15,20,29,45,74,94
08/09/2023,JRF,HI,AWP,WE,Federal Contract Tower,0,0,0,4,4,0,0,40,26,66,0,0,40,30,70,115,4,119,189
08/10/2023,JRF,HI,AWP,WE,Federal Contract Tower,0,0,5,4,9,0,0,155,29,184,0,0,160,33,193,526,38,564,757
08/11/2023,JRF,HI,AWP,WE,Federal Contract Tower,0,0,5,1,6,0,0,124,6,130,0,0,129,7,136,428,5,433,569
08/12/2023,JRF,HI,AWP,WE,Federal Contract Tower,0,0,2,6,8,0,0,141,8,149,0,0,143,14,157,564,4,568,725
08/13/2023,JRF,HI,AWP,WE,Federal Contract Tower,0,0,1,4,5,0,0,134,5,139,0,0,135,9,144,361,0,361,505
08/14/2023,JRF,HI,AWP,WE,Federal Contract Tower,0,0,2,6,8,0,0,145,17,162,0,0,147,23,170,565,28,593,763
08/15/2023,JRF,HI,AWP,WE,Federal Contract Tower,0,0,1,6,7,0,0,162,28,190,0,0,163,34,197,726,54,780,977
08/16/2023,JRF,HI,AWP,WE,Federal Contract Tower,0,0,3,10,13,0,0,173,28,201,0,0,176,38,214,581,123,704,918
08/17/2023,JRF,HI,AWP,WE,Federal Contract Tower,0,0,4,5,9,0,0,98,12,110,0,0,102,17,119,455,45,500,619
08/18/2023,JRF,HI,AWP,WE,Federal Contract Tower,0,0,2,1,3,0,0,142,6,148,0,0,144,7,151,617,27,644,795
08/19/2023,JRF,HI,AWP,WE,Federal Contract Tower,0,0,0,3,3,0,0,192,11,203,0,0,192,14,206,712,18,730,936
08/20/2023,JRF,HI,AWP,WE,Federal Contract Tower,0,0,2,2,4,0,0,91,14,105,0,0,93,16,109,413,3,416,525
08/21/2023,JRF,HI,AWP,WE,Federal Contract Tower,0,0,4,4,8,0,0,165,4,169,0,0,169,8,177,455,120,575,752
08/22/2023,JRF,HI,AWP,WE,Federal Contract Tower,0,0,2,2,4,0,0,195,19,214,0,0,197,21,218,797,66,863,1081
08/23/2023,JRF,HI,AWP,WE,Federal Contract Tower,0,0,2,5,7,0,0,195,12,207,0,0,197,17,214,801,14,815,1029
08/24/2023,JRF,HI,AWP,WE,Federal Contract Tower,0,0,1,3,4,0,0,92,5,97,0,0,93,8,101,355,4,359,460
08/25/2023,JRF,HI,AWP,WE,Federal Contract Tower,0,0,2,6,8,0,0,101,29,130,0,0,103,35,138,642,40,682,820
08/26/2023,JRF,HI,AWP,WE,Federal Contract Tower,0,0,6,3,9,0,0,105,7,112,0,0,111,10,121,349,19,368,489
08/27/2023,JRF,HI,AWP,WE,Federal Contract Tower,0,0,4,3,7,0,0,70,9,79,0,0,74,12,86,392,6,398,484
08/28/2023,JRF,HI,AWP,WE,Federal Contract Tower,0,0,4,6,10,0,0,98,4,102,0,0,102,10,112,712,69,781,893
08/29/2023,JRF,HI,AWP,WE,Federal Contract Tower,0,0,1,4,5,0,0,135,28,163,0,0,136,32,168,586,125,711,879
08/30/2023,JRF,HI,AWP,WE,Federal Contract Tower,0,0,4,9,13,0,0,106,7,113,0,0,110,16,126,399,45,444,570
08/31/2023,JRF,HI,AWP,WE,Federal Contract Tower,0,0,2,14,16,0,0,135,15,150,0,0,137,29,166,515,24,539,705
