09/01/2021,JWN,TN,ASO,ES,Federal Contract Tower,0,9,72,0,81,0,7,44,2,53,0,16,116,2,134,110,0,110,244
09/02/2021,JWN,TN,ASO,ES,Federal Contract Tower,0,10,59,0,69,0,0,150,0,150,0,10,209,0,219,154,0,154,373
09/03/2021,JWN,TN,ASO,ES,Federal Contract Tower,0,15,73,0,88,0,10,159,0,169,0,25,232,0,257,187,0,187,444
09/04/2021,JWN,TN,ASO,ES,Federal Contract Tower,0,9,42,0,51,0,2,115,0,117,0,11,157,0,168,89,0,89,257
09/05/2021,JWN,TN,ASO,ES,Federal Contract Tower,11,43,0,0,54,0,1,73,0,74,11,44,73,0,128,30,0,30,158
09/06/2021,JWN,TN,ASO,ES,Federal Contract Tower,0,19,59,0,78,0,2,119,1,122,0,21,178,1,200,100,0,100,300
09/07/2021,JWN,TN,ASO,ES,Federal Contract Tower,0,11,54,0,65,0,11,84,0,95,0,22,138,0,160,110,0,110,270
09/08/2021,JWN,TN,ASO,ES,Federal Contract Tower,0,10,63,0,73,0,0,45,0,45,0,10,108,0,118,72,0,72,190
09/09/2021,JWN,TN,ASO,ES,Federal Contract Tower,0,13,55,0,68,0,4,92,4,100,0,17,147,4,168,124,4,128,296
09/10/2021,JWN,TN,ASO,ES,Federal Contract Tower,0,13,76,0,89,0,7,109,8,124,0,20,185,8,213,82,0,82,295
09/11/2021,JWN,TN,ASO,ES,Federal Contract Tower,0,12,44,0,56,0,15,105,0,120,0,27,149,0,176,80,0,80,256
09/12/2021,JWN,TN,ASO,ES,Federal Contract Tower,0,13,70,0,83,0,46,82,0,128,0,59,152,0,211,21,0,21,232
09/13/2021,JWN,TN,ASO,ES,Federal Contract Tower,0,3,52,0,55,25,64,0,0,89,25,67,52,0,144,158,0,158,302
09/14/2021,JWN,TN,ASO,ES,Federal Contract Tower,0,11,71,0,82,0,12,63,1,76,0,23,134,1,158,120,0,120,278
09/15/2021,JWN,TN,ASO,ES,Federal Contract Tower,0,5,91,0,96,0,5,22,0,27,0,10,113,0,123,26,0,26,149
09/16/2021,JWN,TN,ASO,ES,Federal Contract Tower,0,10,67,0,77,0,11,67,0,78,0,21,134,0,155,99,0,99,254
09/17/2021,JWN,TN,ASO,ES,Federal Contract Tower,0,13,82,0,95,0,2,25,0,27,0,15,107,0,122,42,0,42,164
09/18/2021,JWN,TN,ASO,ES,Federal Contract Tower,0,5,34,0,39,0,0,24,0,24,0,5,58,0,63,0,0,0,63
09/19/2021,JWN,TN,ASO,ES,Federal Contract Tower,0,18,66,0,84,0,1,13,0,14,0,19,79,0,98,6,0,6,104
09/20/2021,JWN,TN,ASO,ES,Federal Contract Tower,0,14,34,0,48,0,0,2,0,2,0,14,36,0,50,0,0,0,50
09/21/2021,JWN,TN,ASO,ES,Federal Contract Tower,0,17,49,0,66,0,0,19,0,19,0,17,68,0,85,66,0,66,151
09/22/2021,JWN,TN,ASO,ES,Federal Contract Tower,0,6,52,0,58,0,13,29,0,42,0,19,81,0,100,40,0,40,140
09/23/2021,JWN,TN,ASO,ES,Federal Contract Tower,0,14,63,0,77,0,13,108,0,121,0,27,171,0,198,140,0,140,338
09/24/2021,JWN,TN,ASO,ES,Federal Contract Tower,0,12,107,0,119,0,5,76,0,81,0,17,183,0,200,149,0,149,349
09/25/2021,JWN,TN,ASO,ES,Federal Contract Tower,0,12,51,0,63,0,52,100,0,152,0,64,151,0,215,146,0,146,361
09/26/2021,JWN,TN,ASO,ES,Federal Contract Tower,0,10,97,0,107,0,15,111,0,126,0,25,208,0,233,104,0,104,337
09/27/2021,JWN,TN,ASO,ES,Federal Contract Tower,0,12,61,0,73,0,26,74,0,100,0,38,135,0,173,258,0,258,431
09/28/2021,JWN,TN,ASO,ES,Federal Contract Tower,0,14,79,0,93,0,11,80,0,91,0,25,159,0,184,130,0,130,314
09/29/2021,JWN,TN,ASO,ES,Federal Contract Tower,0,12,79,0,91,0,15,87,0,102,0,27,166,0,193,133,0,133,326
09/30/2021,JWN,TN,ASO,ES,Federal Contract Tower,0,11,80,0,91,0,5,86,0,91,0,16,166,0,182,208,0,208,390
10/01/2021,JWN,TN,ASO,ES,Federal Contract Tower,0,15,90,0,105,0,6,89,0,95,0,21,179,0,200,194,0,194,394
10/02/2021,JWN,TN,ASO,ES,Federal Contract Tower,0,9,73,0,82,0,0,74,0,74,0,9,147,0,156,93,0,93,249
10/03/2021,JWN,TN,ASO,ES,Federal Contract Tower,0,19,92,0,111,0,6,67,0,73,0,25,159,0,184,52,0,52,236
10/04/2021,JWN,TN,ASO,ES,Federal Contract Tower,0,11,66,0,77,0,27,81,1,109,0,38,147,1,186,132,6,138,324
10/05/2021,JWN,TN,ASO,ES,Federal Contract Tower,0,5,49,2,56,0,1,54,3,58,0,6,103,5,114,190,2,192,306
10/06/2021,JWN,TN,ASO,ES,Federal Contract Tower,0,18,54,0,72,0,2,26,0,28,0,20,80,0,100,171,0,171,271
10/07/2021,JWN,TN,ASO,ES,Federal Contract Tower,0,19,97,0,116,0,6,51,18,75,0,25,148,18,191,182,0,182,373
10/08/2021,JWN,TN,ASO,ES,Federal Contract Tower,0,11,122,0,133,0,11,114,2,127,0,22,236,2,260,133,0,133,393
10/09/2021,JWN,TN,ASO,ES,Federal Contract Tower,0,23,71,0,94,0,23,219,0,242,0,46,290,0,336,146,0,146,482
10/10/2021,JWN,TN,ASO,ES,Federal Contract Tower,0,24,95,0,119,0,32,110,0,142,0,56,205,0,261,106,0,106,367
10/11/2021,JWN,TN,ASO,ES,Federal Contract Tower,0,11,62,0,73,0,11,71,0,82,0,22,133,0,155,152,0,152,307
10/12/2021,JWN,TN,ASO,ES,Federal Contract Tower,0,16,107,0,123,0,19,67,0,86,0,35,174,0,209,177,4,181,390
10/13/2021,JWN,TN,ASO,ES,Federal Contract Tower,0,27,65,0,92,0,1,47,0,48,0,28,112,0,140,125,0,125,265
10/14/2021,JWN,TN,ASO,ES,Federal Contract Tower,0,22,60,0,82,0,18,52,0,70,0,40,112,0,152,148,0,148,300
10/15/2021,JWN,TN,ASO,ES,Federal Contract Tower,0,22,80,0,102,0,2,41,0,43,0,24,121,0,145,94,0,94,239
10/16/2021,JWN,TN,ASO,ES,Federal Contract Tower,0,15,41,0,56,0,33,144,16,193,0,48,185,16,249,30,8,38,287
10/17/2021,JWN,TN,ASO,ES,Federal Contract Tower,0,25,95,0,120,0,43,175,0,218,0,68,270,0,338,56,0,56,394
10/18/2021,JWN,TN,ASO,ES,Federal Contract Tower,0,6,72,0,78,0,7,140,0,147,0,13,212,0,225,133,0,133,358
10/19/2021,JWN,TN,ASO,ES,Federal Contract Tower,0,23,88,0,111,0,6,110,0,116,0,29,198,0,227,82,0,82,309
10/20/2021,JWN,TN,ASO,ES,Federal Contract Tower,0,23,59,0,82,0,14,107,2,123,0,37,166,2,205,146,4,150,355
10/21/2021,JWN,TN,ASO,ES,Federal Contract Tower,0,12,85,0,97,0,2,44,2,48,0,14,129,2,145,29,0,29,174
10/22/2021,JWN,TN,ASO,ES,Federal Contract Tower,0,17,90,0,107,0,9,130,0,139,0,26,220,0,246,211,0,211,457
10/23/2021,JWN,TN,ASO,ES,Federal Contract Tower,0,20,70,0,90,0,7,153,0,160,0,27,223,0,250,231,0,231,481
10/24/2021,JWN,TN,ASO,ES,Federal Contract Tower,0,18,112,0,130,0,9,86,0,95,0,27,198,0,225,85,0,85,310
10/25/2021,JWN,TN,ASO,ES,Federal Contract Tower,0,15,89,1,105,0,33,43,1,77,0,48,132,2,182,48,2,50,232
10/26/2021,JWN,TN,ASO,ES,Federal Contract Tower,0,21,71,0,92,0,13,102,0,115,0,34,173,0,207,113,0,113,320
10/27/2021,JWN,TN,ASO,ES,Federal Contract Tower,0,5,75,0,80,0,14,99,0,113,0,19,174,0,193,185,0,185,378
10/28/2021,JWN,TN,ASO,ES,Federal Contract Tower,0,10,66,0,76,0,0,18,0,18,0,10,84,0,94,42,0,42,136
10/29/2021,JWN,TN,ASO,ES,Federal Contract Tower,0,12,65,0,77,0,0,51,0,51,0,12,116,0,128,61,0,61,189
10/30/2021,JWN,TN,ASO,ES,Federal Contract Tower,0,9,44,0,53,0,0,14,0,14,0,9,58,0,67,0,0,0,67
10/31/2021,JWN,TN,ASO,ES,Federal Contract Tower,0,22,72,0,94,0,2,104,0,106,0,24,176,0,200,44,0,44,244
11/01/2021,JWN,TN,ASO,ES,Federal Contract Tower,0,17,63,0,80,0,0,125,0,125,0,17,188,0,205,212,0,212,417
11/02/2021,JWN,TN,ASO,ES,Federal Contract Tower,0,9,49,0,58,0,8,61,0,69,0,17,110,0,127,150,0,150,277
11/03/2021,JWN,TN,ASO,ES,Federal Contract Tower,0,20,54,1,75,0,3,74,6,83,0,23,128,7,158,175,0,175,333
11/04/2021,JWN,TN,ASO,ES,Federal Contract Tower,0,18,73,0,91,0,0,94,2,96,0,18,167,2,187,229,0,229,416
11/05/2021,JWN,TN,ASO,ES,Federal Contract Tower,0,11,64,0,75,0,10,100,0,110,0,21,164,0,185,150,0,150,335
11/06/2021,JWN,TN,ASO,ES,Federal Contract Tower,0,8,52,0,60,0,3,137,0,140,0,11,189,0,200,124,0,124,324
11/07/2021,JWN,TN,ASO,ES,Federal Contract Tower,0,18,93,0,111,0,18,119,0,137,0,36,212,0,248,48,0,48,296
11/08/2021,JWN,TN,ASO,ES,Federal Contract Tower,0,24,69,0,93,0,2,123,0,125,0,26,192,0,218,144,0,144,362
11/09/2021,JWN,TN,ASO,ES,Federal Contract Tower,0,18,53,0,71,0,14,105,0,119,0,32,158,0,190,170,0,170,360
11/10/2021,JWN,TN,ASO,ES,Federal Contract Tower,0,24,81,0,105,0,2,107,0,109,0,26,188,0,214,162,0,162,376
11/11/2021,JWN,TN,ASO,ES,Federal Contract Tower,0,9,52,0,61,0,0,29,0,29,0,9,81,0,90,64,0,64,154
11/12/2021,JWN,TN,ASO,ES,Federal Contract Tower,0,13,81,0,94,0,14,93,1,108,0,27,174,1,202,130,4,134,336
11/13/2021,JWN,TN,ASO,ES,Federal Contract Tower,0,7,54,0,61,0,8,122,0,130,0,15,176,0,191,128,0,128,319
11/14/2021,JWN,TN,ASO,ES,Federal Contract Tower,0,27,96,0,123,0,13,112,7,132,0,40,208,7,255,46,0,46,301
11/15/2021,JWN,TN,ASO,ES,Federal Contract Tower,0,23,58,0,81,0,4,99,1,104,0,27,157,1,185,149,0,149,334
11/16/2021,JWN,TN,ASO,ES,Federal Contract Tower,0,19,92,0,111,0,4,64,0,68,0,23,156,0,179,76,0,76,255
11/17/2021,JWN,TN,ASO,ES,Federal Contract Tower,0,13,68,0,81,0,4,59,0,63,0,17,127,0,144,66,8,74,218
11/18/2021,JWN,TN,ASO,ES,Federal Contract Tower,0,11,62,0,73,0,11,72,1,84,0,22,134,1,157,62,0,62,219
11/19/2021,JWN,TN,ASO,ES,Federal Contract Tower,0,12,90,0,102,0,0,117,4,121,0,12,207,4,223,180,0,180,403
11/20/2021,JWN,TN,ASO,ES,Federal Contract Tower,0,15,66,0,81,0,10,104,0,114,0,25,170,0,195,166,0,166,361
11/21/2021,JWN,TN,ASO,ES,Federal Contract Tower,0,15,67,0,82,0,0,7,0,7,0,15,74,0,89,2,0,2,91
11/22/2021,JWN,TN,ASO,ES,Federal Contract Tower,0,7,71,0,78,0,6,70,0,76,0,13,141,0,154,180,0,180,334
11/23/2021,JWN,TN,ASO,ES,Federal Contract Tower,0,26,59,0,85,0,24,67,0,91,0,50,126,0,176,96,32,128,304
11/24/2021,JWN,TN,ASO,ES,Federal Contract Tower,0,12,76,0,88,0,16,79,0,95,0,28,155,0,183,120,0,120,303
11/25/2021,JWN,TN,ASO,ES,Federal Contract Tower,0,0,13,0,13,0,0,2,0,2,0,0,15,0,15,0,0,0,15
11/26/2021,JWN,TN,ASO,ES,Federal Contract Tower,0,8,54,0,62,0,6,63,0,69,0,14,117,0,131,90,0,90,221
11/27/2021,JWN,TN,ASO,ES,Federal Contract Tower,0,13,67,0,80,0,17,89,0,106,0,30,156,0,186,114,0,114,300
11/28/2021,JWN,TN,ASO,ES,Federal Contract Tower,0,14,89,0,103,0,8,72,3,83,0,22,161,3,186,74,0,74,260
11/29/2021,JWN,TN,ASO,ES,Federal Contract Tower,0,12,48,0,60,0,2,97,0,99,0,14,145,0,159,218,0,218,377
11/30/2021,JWN,TN,ASO,ES,Federal Contract Tower,0,20,61,0,81,0,9,85,5,99,0,29,146,5,180,190,0,190,370
12/01/2021,JWN,TN,ASO,ES,Federal Contract Tower,0,19,50,1,70,0,6,91,4,101,0,25,141,5,171,124,2,126,297
12/02/2021,JWN,TN,ASO,ES,Federal Contract Tower,0,15,70,1,86,0,2,107,3,112,0,17,177,4,198,255,0,255,453
12/03/2021,JWN,TN,ASO,ES,Federal Contract Tower,0,7,66,0,73,0,5,98,0,103,0,12,164,0,176,198,0,198,374
12/04/2021,JWN,TN,ASO,ES,Federal Contract Tower,0,4,35,0,39,0,7,58,0,65,0,11,93,0,104,92,0,92,196
12/05/2021,JWN,TN,ASO,ES,Federal Contract Tower,0,10,68,0,78,0,0,61,0,61,0,10,129,0,139,76,0,76,215
12/06/2021,JWN,TN,ASO,ES,Federal Contract Tower,0,8,28,0,36,0,0,29,0,29,0,8,57,0,65,32,0,32,97
12/07/2021,JWN,TN,ASO,ES,Federal Contract Tower,0,4,75,1,80,0,0,89,4,93,0,4,164,5,173,188,0,188,361
12/08/2021,JWN,TN,ASO,ES,Federal Contract Tower,0,10,73,0,83,0,10,87,0,97,0,20,160,0,180,152,0,152,332
12/09/2021,JWN,TN,ASO,ES,Federal Contract Tower,0,7,74,0,81,0,14,47,0,61,0,21,121,0,142,80,0,80,222
12/10/2021,JWN,TN,ASO,ES,Federal Contract Tower,0,16,79,0,95,0,1,0,0,1,0,17,79,0,96,0,0,0,96
12/11/2021,JWN,TN,ASO,ES,Federal Contract Tower,0,7,29,1,37,0,26,85,0,111,0,33,114,1,148,0,0,0,148
12/12/2021,JWN,TN,ASO,ES,Federal Contract Tower,0,22,75,0,97,0,18,84,0,102,0,40,159,0,199,90,0,90,289
12/13/2021,JWN,TN,ASO,ES,Federal Contract Tower,0,8,60,1,69,0,17,66,0,83,0,25,126,1,152,194,6,200,352
12/14/2021,JWN,TN,ASO,ES,Federal Contract Tower,0,15,70,1,86,0,10,108,0,118,0,25,178,1,204,228,0,228,432
12/15/2021,JWN,TN,ASO,ES,Federal Contract Tower,0,13,59,0,72,0,25,69,0,94,0,38,128,0,166,181,0,181,347
12/16/2021,JWN,TN,ASO,ES,Federal Contract Tower,0,13,69,0,82,0,1,17,0,18,0,14,86,0,100,48,0,48,148
12/17/2021,JWN,TN,ASO,ES,Federal Contract Tower,0,13,68,0,81,0,0,0,0,0,0,13,68,0,81,0,0,0,81
12/18/2021,JWN,TN,ASO,ES,Federal Contract Tower,0,13,60,0,73,0,0,5,0,5,0,13,65,0,78,10,0,10,88
12/19/2021,JWN,TN,ASO,ES,Federal Contract Tower,0,16,59,0,75,0,14,85,0,99,0,30,144,0,174,86,0,86,260
12/20/2021,JWN,TN,ASO,ES,Federal Contract Tower,0,8,55,0,63,0,4,67,0,71,0,12,122,0,134,115,0,115,249
12/21/2021,JWN,TN,ASO,ES,Federal Contract Tower,0,24,60,0,84,0,2,105,0,107,0,26,165,0,191,114,0,114,305
12/22/2021,JWN,TN,ASO,ES,Federal Contract Tower,0,12,53,0,65,0,15,136,0,151,0,27,189,0,216,111,0,111,327
12/23/2021,JWN,TN,ASO,ES,Federal Contract Tower,0,11,55,0,66,0,8,77,0,85,0,19,132,0,151,218,0,218,369
12/24/2021,JWN,TN,ASO,ES,Federal Contract Tower,0,4,25,0,29,0,4,31,0,35,0,8,56,0,64,54,0,54,118
12/25/2021,JWN,TN,ASO,ES,Federal Contract Tower,0,8,10,0,18,0,12,4,0,16,0,20,14,0,34,0,0,0,34
12/26/2021,JWN,TN,ASO,ES,Federal Contract Tower,0,14,70,0,84,0,2,52,0,54,0,16,122,0,138,62,0,62,200
12/27/2021,JWN,TN,ASO,ES,Federal Contract Tower,0,14,38,0,52,0,15,46,0,61,0,29,84,0,113,56,0,56,169
12/28/2021,JWN,TN,ASO,ES,Federal Contract Tower,0,8,28,0,36,0,9,26,0,35,0,17,54,0,71,84,0,84,155
12/29/2021,JWN,TN,ASO,ES,Federal Contract Tower,0,9,35,2,46,0,2,63,0,65,0,11,98,2,111,138,0,138,249
12/30/2021,JWN,TN,ASO,ES,Federal Contract Tower,0,16,65,0,81,0,4,44,0,48,0,20,109,0,129,18,0,18,147
12/31/2021,JWN,TN,ASO,ES,Federal Contract Tower,0,3,42,0,45,0,7,76,0,83,0,10,118,0,128,130,0,130,258
01/01/2022,JWN,TN,ASO,ES,Federal Contract Tower,0,4,11,0,15,0,0,0,0,0,0,4,11,0,15,4,0,4,19
01/02/2022,JWN,TN,ASO,ES,Federal Contract Tower,0,4,33,0,37,0,0,0,0,0,0,4,33,0,37,0,0,0,37
01/03/2022,JWN,TN,ASO,ES,Federal Contract Tower,0,18,47,0,65,0,2,63,0,65,0,20,110,0,130,44,0,44,174
01/04/2022,JWN,TN,ASO,ES,Federal Contract Tower,0,11,36,0,47,0,0,63,0,63,0,11,99,0,110,94,0,94,204
01/05/2022,JWN,TN,ASO,ES,Federal Contract Tower,0,11,47,0,58,0,1,120,0,121,0,12,167,0,179,180,0,180,359
01/06/2022,JWN,TN,ASO,ES,Federal Contract Tower,0,0,1,0,1,0,0,0,0,0,0,0,1,0,1,0,0,0,1
01/07/2022,JWN,TN,ASO,ES,Federal Contract Tower,0,2,25,0,27,0,14,38,0,52,0,16,63,0,79,58,0,58,137
01/08/2022,JWN,TN,ASO,ES,Federal Contract Tower,0,2,31,0,33,0,52,31,0,83,0,54,62,0,116,92,0,92,208
01/09/2022,JWN,TN,ASO,ES,Federal Contract Tower,0,4,26,0,30,0,2,22,0,24,0,6,48,0,54,26,0,26,80
01/10/2022,JWN,TN,ASO,ES,Federal Contract Tower,0,13,47,0,60,0,15,68,1,84,0,28,115,1,144,190,0,190,334
01/11/2022,JWN,TN,ASO,ES,Federal Contract Tower,0,3,49,6,58,0,2,71,0,73,0,5,120,6,131,258,0,258,389
01/12/2022,JWN,TN,ASO,ES,Federal Contract Tower,0,8,44,2,54,0,0,81,0,81,0,8,125,2,135,263,0,263,398
01/13/2022,JWN,TN,ASO,ES,Federal Contract Tower,0,14,37,0,51,0,7,61,0,68,0,21,98,0,119,226,0,226,345
01/14/2022,JWN,TN,ASO,ES,Federal Contract Tower,0,10,51,0,61,0,1,86,0,87,0,11,137,0,148,130,0,130,278
01/15/2022,JWN,TN,ASO,ES,Federal Contract Tower,0,5,26,0,31,0,0,36,0,36,0,5,62,0,67,40,0,40,107
01/16/2022,JWN,TN,ASO,ES,Federal Contract Tower,0,0,11,0,11,0,0,8,0,8,0,0,19,0,19,0,0,0,19
01/17/2022,JWN,TN,ASO,ES,Federal Contract Tower,0,4,43,0,47,0,6,21,1,28,0,10,64,1,75,38,0,38,113
01/18/2022,JWN,TN,ASO,ES,Federal Contract Tower,0,9,69,0,78,0,4,98,3,105,0,13,167,3,183,120,0,120,303
01/19/2022,JWN,TN,ASO,ES,Federal Contract Tower,0,6,44,0,50,0,0,10,3,13,0,6,54,3,63,30,0,30,93
01/20/2022,JWN,TN,ASO,ES,Federal Contract Tower,0,7,37,0,44,0,1,16,3,20,0,8,53,3,64,60,0,60,124
01/21/2022,JWN,TN,ASO,ES,Federal Contract Tower,0,14,51,0,65,0,11,87,0,98,0,25,138,0,163,215,0,215,378
01/22/2022,JWN,TN,ASO,ES,Federal Contract Tower,0,13,33,0,46,0,4,113,0,117,0,17,146,0,163,152,0,152,315
01/23/2022,JWN,TN,ASO,ES,Federal Contract Tower,0,13,55,0,68,0,8,89,0,97,0,21,144,0,165,36,0,36,201
01/24/2022,JWN,TN,ASO,ES,Federal Contract Tower,0,12,42,0,54,0,10,106,0,116,0,22,148,0,170,120,0,120,290
01/25/2022,JWN,TN,ASO,ES,Federal Contract Tower,0,8,50,3,61,0,5,95,0,100,0,13,145,3,161,178,0,178,339
01/26/2022,JWN,TN,ASO,ES,Federal Contract Tower,0,5,61,0,66,0,4,108,0,112,0,9,169,0,178,228,0,228,406
01/27/2022,JWN,TN,ASO,ES,Federal Contract Tower,0,10,46,0,56,0,5,94,0,99,0,15,140,0,155,130,0,130,285
01/28/2022,JWN,TN,ASO,ES,Federal Contract Tower,0,8,64,0,72,0,2,44,3,49,0,10,108,3,121,52,0,52,173
01/29/2022,JWN,TN,ASO,ES,Federal Contract Tower,0,10,38,0,48,0,19,149,3,171,0,29,187,3,219,174,0,174,393
01/30/2022,JWN,TN,ASO,ES,Federal Contract Tower,0,12,73,0,85,0,2,103,3,108,0,14,176,3,193,98,0,98,291
01/31/2022,JWN,TN,ASO,ES,Federal Contract Tower,0,12,44,0,56,0,7,82,6,95,0,19,126,6,151,194,0,194,345
02/01/2022,JWN,TN,ASO,ES,Federal Contract Tower,0,5,41,0,46,0,28,10,0,38,0,33,51,0,84,282,0,282,366
02/02/2022,JWN,TN,ASO,ES,Federal Contract Tower,0,2,40,2,44,0,0,0,0,0,0,2,40,2,44,2,0,2,46
02/03/2022,JWN,TN,ASO,ES,Federal Contract Tower,0,7,8,0,15,0,0,0,0,0,0,7,8,0,15,0,0,0,15
02/04/2022,JWN,TN,ASO,ES,Federal Contract Tower,0,2,43,0,45,0,2,23,0,25,0,4,66,0,70,68,0,68,138
02/05/2022,JWN,TN,ASO,ES,Federal Contract Tower,0,14,33,0,47,0,8,139,3,150,0,22,172,3,197,116,0,116,313
02/06/2022,JWN,TN,ASO,ES,Federal Contract Tower,0,5,48,0,53,0,6,123,0,129,0,11,171,0,182,52,0,52,234
02/07/2022,JWN,TN,ASO,ES,Federal Contract Tower,0,15,40,0,55,0,31,76,6,113,0,46,116,6,168,158,0,158,326
02/08/2022,JWN,TN,ASO,ES,Federal Contract Tower,0,10,49,0,59,0,6,94,0,100,0,16,143,0,159,188,0,188,347
02/09/2022,JWN,TN,ASO,ES,Federal Contract Tower,0,7,55,0,62,0,0,62,0,62,0,7,117,0,124,74,0,74,198
02/10/2022,JWN,TN,ASO,ES,Federal Contract Tower,0,7,61,0,68,0,13,117,0,130,0,20,178,0,198,162,0,162,360
02/11/2022,JWN,TN,ASO,ES,Federal Contract Tower,0,2,67,0,69,0,5,93,0,98,0,7,160,0,167,66,0,66,233
02/12/2022,JWN,TN,ASO,ES,Federal Contract Tower,0,4,47,0,51,0,6,129,0,135,0,10,176,0,186,114,0,114,300
02/13/2022,JWN,TN,ASO,ES,Federal Contract Tower,0,9,56,0,65,0,16,115,0,131,0,25,171,0,196,34,0,34,230
02/14/2022,JWN,TN,ASO,ES,Federal Contract Tower,0,3,48,1,52,0,16,189,0,205,0,19,237,1,257,94,0,94,351
02/15/2022,JWN,TN,ASO,ES,Federal Contract Tower,0,21,60,0,81,0,3,132,0,135,0,24,192,0,216,238,0,238,454
02/16/2022,JWN,TN,ASO,ES,Federal Contract Tower,0,19,51,0,70,0,12,53,0,65,0,31,104,0,135,50,0,50,185
02/17/2022,JWN,TN,ASO,ES,Federal Contract Tower,0,11,31,0,42,0,0,0,0,0,0,11,31,0,42,0,0,0,42
02/18/2022,JWN,TN,ASO,ES,Federal Contract Tower,0,15,88,0,103,0,8,117,0,125,0,23,205,0,228,176,0,176,404
02/19/2022,JWN,TN,ASO,ES,Federal Contract Tower,0,5,36,1,42,0,4,160,0,164,0,9,196,1,206,147,0,147,353
02/20/2022,JWN,TN,ASO,ES,Federal Contract Tower,0,12,46,0,58,0,14,150,0,164,0,26,196,0,222,58,0,58,280
02/21/2022,JWN,TN,ASO,ES,Federal Contract Tower,0,14,67,0,81,0,17,29,0,46,0,31,96,0,127,148,0,148,275
02/22/2022,JWN,TN,ASO,ES,Federal Contract Tower,0,11,18,0,29,0,0,0,0,0,0,11,18,0,29,0,0,0,29
02/23/2022,JWN,TN,ASO,ES,Federal Contract Tower,0,19,61,0,80,0,0,2,0,2,0,19,63,0,82,22,0,22,104
02/24/2022,JWN,TN,ASO,ES,Federal Contract Tower,0,11,39,0,50,0,0,0,0,0,0,11,39,0,50,0,0,0,50
02/25/2022,JWN,TN,ASO,ES,Federal Contract Tower,0,22,70,0,92,0,6,65,0,71,0,28,135,0,163,137,0,137,300
02/26/2022,JWN,TN,ASO,ES,Federal Contract Tower,0,11,36,0,47,0,12,98,0,110,0,23,134,0,157,202,3,205,362
02/27/2022,JWN,TN,ASO,ES,Federal Contract Tower,0,12,81,0,93,0,0,82,0,82,0,12,163,0,175,156,0,156,331
02/28/2022,JWN,TN,ASO,ES,Federal Contract Tower,0,7,53,0,60,0,4,103,1,108,0,11,156,1,168,136,0,136,304
03/01/2022,JWN,TN,ASO,ES,Federal Contract Tower,0,15,63,2,80,0,14,93,2,109,0,29,156,4,189,208,0,208,397
03/02/2022,JWN,TN,ASO,ES,Federal Contract Tower,0,8,71,0,79,0,6,153,0,159,0,14,224,0,238,266,0,266,504
03/03/2022,JWN,TN,ASO,ES,Federal Contract Tower,0,13,75,0,88,0,5,127,0,132,0,18,202,0,220,226,0,226,446
03/04/2022,JWN,TN,ASO,ES,Federal Contract Tower,0,21,71,0,92,0,3,115,0,118,0,24,186,0,210,229,0,229,439
03/05/2022,JWN,TN,ASO,ES,Federal Contract Tower,0,15,44,0,59,0,11,131,0,142,0,26,175,0,201,80,0,80,281
03/06/2022,JWN,TN,ASO,ES,Federal Contract Tower,0,12,58,0,70,0,3,76,0,79,0,15,134,0,149,92,0,92,241
03/07/2022,JWN,TN,ASO,ES,Federal Contract Tower,0,8,19,0,27,0,2,16,0,18,0,10,35,0,45,16,0,16,61
03/08/2022,JWN,TN,ASO,ES,Federal Contract Tower,0,12,59,3,74,0,17,93,0,110,0,29,152,3,184,146,2,148,332
03/09/2022,JWN,TN,ASO,ES,Federal Contract Tower,0,21,71,0,92,0,0,86,2,88,0,21,157,2,180,200,0,200,380
03/10/2022,JWN,TN,ASO,ES,Federal Contract Tower,0,25,59,0,84,0,4,107,0,111,0,29,166,0,195,198,0,198,393
03/11/2022,JWN,TN,ASO,ES,Federal Contract Tower,0,12,53,0,65,0,2,76,0,78,0,14,129,0,143,94,0,94,237
03/12/2022,JWN,TN,ASO,ES,Federal Contract Tower,0,8,39,0,47,0,0,80,0,80,0,8,119,0,127,28,0,28,155
03/13/2022,JWN,TN,ASO,ES,Federal Contract Tower,0,16,60,0,76,0,3,92,0,95,0,19,152,0,171,48,0,48,219
03/14/2022,JWN,TN,ASO,ES,Federal Contract Tower,0,3,49,0,52,0,0,113,0,113,0,3,162,0,165,138,0,138,303
03/15/2022,JWN,TN,ASO,ES,Federal Contract Tower,0,16,48,3,67,0,24,98,5,127,0,40,146,8,194,156,0,156,350
03/16/2022,JWN,TN,ASO,ES,Federal Contract Tower,0,19,89,0,108,0,0,59,5,64,0,19,148,5,172,114,0,114,286
03/17/2022,JWN,TN,ASO,ES,Federal Contract Tower,0,21,92,2,115,0,16,128,1,145,0,37,220,3,260,80,0,80,340
03/18/2022,JWN,TN,ASO,ES,Federal Contract Tower,0,22,58,0,80,0,3,41,4,48,0,25,99,4,128,92,0,92,220
03/19/2022,JWN,TN,ASO,ES,Federal Contract Tower,0,16,83,3,102,0,9,88,0,97,0,25,171,3,199,102,7,109,308
03/20/2022,JWN,TN,ASO,ES,Federal Contract Tower,0,15,76,3,94,0,2,166,0,168,0,17,242,3,262,102,0,102,364
03/21/2022,JWN,TN,ASO,ES,Federal Contract Tower,0,7,56,0,63,0,0,102,0,102,0,7,158,0,165,128,0,128,293
03/22/2022,JWN,TN,ASO,ES,Federal Contract Tower,0,6,26,1,33,0,2,13,0,15,0,8,39,1,48,84,0,84,132
03/23/2022,JWN,TN,ASO,ES,Federal Contract Tower,0,13,80,0,93,0,0,34,0,34,0,13,114,0,127,70,0,70,197
03/24/2022,JWN,TN,ASO,ES,Federal Contract Tower,0,20,81,2,103,0,1,76,0,77,0,21,157,2,180,67,0,67,247
03/25/2022,JWN,TN,ASO,ES,Federal Contract Tower,0,10,57,0,67,0,19,96,0,115,0,29,153,0,182,152,0,152,334
03/26/2022,JWN,TN,ASO,ES,Federal Contract Tower,0,12,31,0,43,0,21,104,0,125,0,33,135,0,168,54,0,54,222
03/27/2022,JWN,TN,ASO,ES,Federal Contract Tower,0,3,86,0,89,0,8,141,0,149,0,11,227,0,238,81,0,81,319
03/28/2022,JWN,TN,ASO,ES,Federal Contract Tower,0,13,63,0,76,0,5,127,0,132,0,18,190,0,208,154,0,154,362
03/29/2022,JWN,TN,ASO,ES,Federal Contract Tower,0,6,98,0,104,0,7,124,4,135,0,13,222,4,239,142,0,142,381
03/30/2022,JWN,TN,ASO,ES,Federal Contract Tower,0,16,52,0,68,0,0,10,3,13,0,16,62,3,81,75,0,75,156
03/31/2022,JWN,TN,ASO,ES,Federal Contract Tower,0,26,65,0,91,0,0,20,0,20,0,26,85,0,111,98,4,102,213
04/01/2022,JWN,TN,ASO,ES,Federal Contract Tower,0,11,80,0,91,0,11,176,6,193,0,22,256,6,284,188,0,188,472
04/02/2022,JWN,TN,ASO,ES,Federal Contract Tower,0,3,53,0,56,0,3,149,0,152,0,6,202,0,208,200,0,200,408
04/03/2022,JWN,TN,ASO,ES,Federal Contract Tower,0,20,82,0,102,0,8,143,0,151,0,28,225,0,253,210,0,210,463
04/04/2022,JWN,TN,ASO,ES,Federal Contract Tower,0,15,57,0,72,0,2,114,0,116,0,17,171,0,188,209,0,209,397
04/05/2022,JWN,TN,ASO,ES,Federal Contract Tower,0,17,57,0,74,0,0,1,0,1,0,17,58,0,75,14,0,14,89
04/06/2022,JWN,TN,ASO,ES,Federal Contract Tower,0,11,58,0,69,0,0,20,0,20,0,11,78,0,89,24,0,24,113
04/07/2022,JWN,TN,ASO,ES,Federal Contract Tower,0,37,90,0,127,0,0,77,2,79,0,37,167,2,206,80,0,80,286
04/08/2022,JWN,TN,ASO,ES,Federal Contract Tower,0,14,67,0,81,0,3,50,0,53,0,17,117,0,134,27,0,27,161
04/09/2022,JWN,TN,ASO,ES,Federal Contract Tower,0,16,47,0,63,0,9,109,0,118,0,25,156,0,181,86,0,86,267
04/10/2022,JWN,TN,ASO,ES,Federal Contract Tower,0,15,70,0,85,0,2,123,0,125,0,17,193,0,210,154,0,154,364
04/11/2022,JWN,TN,ASO,ES,Federal Contract Tower,0,10,49,0,59,0,0,34,0,34,0,10,83,0,93,166,0,166,259
04/12/2022,JWN,TN,ASO,ES,Federal Contract Tower,0,13,57,0,70,0,0,31,0,31,0,13,88,0,101,66,0,66,167
04/13/2022,JWN,TN,ASO,ES,Federal Contract Tower,0,16,61,0,77,0,0,13,4,17,0,16,74,4,94,32,8,40,134
04/14/2022,JWN,TN,ASO,ES,Federal Contract Tower,0,13,84,0,97,0,2,147,0,149,0,15,231,0,246,198,0,198,444
04/15/2022,JWN,TN,ASO,ES,Federal Contract Tower,0,19,71,0,90,0,2,134,0,136,0,21,205,0,226,239,1,240,466
04/16/2022,JWN,TN,ASO,ES,Federal Contract Tower,0,3,54,0,57,0,3,130,0,133,0,6,184,0,190,212,0,212,402
04/17/2022,JWN,TN,ASO,ES,Federal Contract Tower,0,18,46,0,64,0,4,63,0,67,0,22,109,0,131,39,0,39,170
04/18/2022,JWN,TN,ASO,ES,Federal Contract Tower,0,18,86,0,104,0,0,18,0,18,0,18,104,0,122,102,0,102,224
04/19/2022,JWN,TN,ASO,ES,Federal Contract Tower,0,16,62,0,78,0,0,124,4,128,0,16,186,4,206,238,2,240,446
04/20/2022,JWN,TN,ASO,ES,Federal Contract Tower,0,15,62,3,80,0,12,104,2,118,0,27,166,5,198,132,2,134,332
04/21/2022,JWN,TN,ASO,ES,Federal Contract Tower,0,19,93,0,112,0,9,83,0,92,0,28,176,0,204,156,0,156,360
04/22/2022,JWN,TN,ASO,ES,Federal Contract Tower,0,17,83,0,100,0,0,151,0,151,0,17,234,0,251,144,0,144,395
04/23/2022,JWN,TN,ASO,ES,Federal Contract Tower,0,17,68,0,85,0,8,172,0,180,0,25,240,0,265,209,0,209,474
04/24/2022,JWN,TN,ASO,ES,Federal Contract Tower,0,13,89,0,102,0,2,95,0,97,0,15,184,0,199,50,0,50,249
04/25/2022,JWN,TN,ASO,ES,Federal Contract Tower,0,13,60,0,73,0,0,5,0,5,0,13,65,0,78,22,0,22,100
04/26/2022,JWN,TN,ASO,ES,Federal Contract Tower,0,21,103,0,124,0,2,102,0,104,0,23,205,0,228,116,2,118,346
04/27/2022,JWN,TN,ASO,ES,Federal Contract Tower,0,17,113,0,130,0,0,156,10,166,0,17,269,10,296,158,2,160,456
04/28/2022,JWN,TN,ASO,ES,Federal Contract Tower,0,23,92,0,115,0,0,130,2,132,0,23,222,2,247,263,2,265,512
04/29/2022,JWN,TN,ASO,ES,Federal Contract Tower,0,17,96,0,113,0,6,124,5,135,0,23,220,5,248,334,0,334,582
04/30/2022,JWN,TN,ASO,ES,Federal Contract Tower,0,14,51,0,65,0,6,78,0,84,0,20,129,0,149,142,0,142,291
05/01/2022,JWN,TN,ASO,ES,Federal Contract Tower,0,24,82,0,106,0,0,65,0,65,0,24,147,0,171,10,0,10,181
05/02/2022,JWN,TN,ASO,ES,Federal Contract Tower,0,14,59,0,73,0,4,81,1,86,0,18,140,1,159,182,0,182,341
05/03/2022,JWN,TN,ASO,ES,Federal Contract Tower,0,12,65,2,79,0,9,46,2,57,0,21,111,4,136,82,0,82,218
05/04/2022,JWN,TN,ASO,ES,Federal Contract Tower,0,8,81,0,89,0,14,89,1,104,0,22,170,1,193,282,0,282,475
05/05/2022,JWN,TN,ASO,ES,Federal Contract Tower,0,11,74,0,85,0,0,73,0,73,0,11,147,0,158,198,0,198,356
05/06/2022,JWN,TN,ASO,ES,Federal Contract Tower,0,20,65,0,85,0,4,22,0,26,0,24,87,0,111,82,0,82,193
05/07/2022,JWN,TN,ASO,ES,Federal Contract Tower,0,8,70,0,78,0,0,39,0,39,0,8,109,0,117,128,0,128,245
05/08/2022,JWN,TN,ASO,ES,Federal Contract Tower,0,23,77,0,100,0,1,110,0,111,0,24,187,0,211,58,0,58,269
05/09/2022,JWN,TN,ASO,ES,Federal Contract Tower,0,17,92,0,109,0,4,107,0,111,0,21,199,0,220,172,0,172,392
05/10/2022,JWN,TN,ASO,ES,Federal Contract Tower,0,12,75,0,87,0,3,154,0,157,0,15,229,0,244,152,0,152,396
05/11/2022,JWN,TN,ASO,ES,Federal Contract Tower,0,31,93,0,124,0,4,108,8,120,0,35,201,8,244,144,0,144,388
05/12/2022,JWN,TN,ASO,ES,Federal Contract Tower,0,35,72,0,107,0,0,129,4,133,0,35,201,4,240,262,2,264,504
05/13/2022,JWN,TN,ASO,ES,Federal Contract Tower,0,19,93,0,112,0,6,141,0,147,0,25,234,0,259,250,0,250,509
05/14/2022,JWN,TN,ASO,ES,Federal Contract Tower,0,22,54,0,76,0,8,126,0,134,0,30,180,0,210,70,0,70,280
05/15/2022,JWN,TN,ASO,ES,Federal Contract Tower,0,16,77,0,93,0,3,128,0,131,0,19,205,0,224,80,0,80,304
05/16/2022,JWN,TN,ASO,ES,Federal Contract Tower,0,11,60,0,71,0,3,102,0,105,0,14,162,0,176,152,0,152,328
05/17/2022,JWN,TN,ASO,ES,Federal Contract Tower,0,14,54,0,68,0,17,114,0,131,0,31,168,0,199,150,0,150,349
05/18/2022,JWN,TN,ASO,ES,Federal Contract Tower,0,15,65,1,81,0,1,81,0,82,0,16,146,1,163,218,0,218,381
05/19/2022,JWN,TN,ASO,ES,Federal Contract Tower,0,19,71,0,90,0,0,94,2,96,0,19,165,2,186,328,0,328,514
05/20/2022,JWN,TN,ASO,ES,Federal Contract Tower,0,12,88,2,102,0,0,55,2,57,0,12,143,4,159,180,10,190,349
05/21/2022,JWN,TN,ASO,ES,Federal Contract Tower,0,8,52,2,62,0,4,111,2,117,0,12,163,4,179,224,0,224,403
05/22/2022,JWN,TN,ASO,ES,Federal Contract Tower,0,15,76,0,91,0,2,28,0,30,0,17,104,0,121,20,0,20,141
05/23/2022,JWN,TN,ASO,ES,Federal Contract Tower,0,21,74,0,95,0,1,36,0,37,0,22,110,0,132,110,0,110,242
05/24/2022,JWN,TN,ASO,ES,Federal Contract Tower,0,17,89,0,106,0,0,44,11,55,0,17,133,11,161,148,18,166,327
05/25/2022,JWN,TN,ASO,ES,Federal Contract Tower,0,19,70,0,89,0,2,21,0,23,0,21,91,0,112,38,0,38,150
05/26/2022,JWN,TN,ASO,ES,Federal Contract Tower,0,26,42,0,68,0,0,35,0,35,0,26,77,0,103,60,0,60,163
05/27/2022,JWN,TN,ASO,ES,Federal Contract Tower,0,25,119,0,144,0,11,69,0,80,0,36,188,0,224,254,0,254,478
05/28/2022,JWN,TN,ASO,ES,Federal Contract Tower,0,8,42,0,50,0,0,108,0,108,0,8,150,0,158,304,0,304,462
05/29/2022,JWN,TN,ASO,ES,Federal Contract Tower,0,25,49,0,74,0,8,129,0,137,0,33,178,0,211,14,0,14,225
05/30/2022,JWN,TN,ASO,ES,Federal Contract Tower,0,16,65,0,81,0,8,120,0,128,0,24,185,0,209,222,0,222,431
05/31/2022,JWN,TN,ASO,ES,Federal Contract Tower,0,12,57,0,69,0,19,93,0,112,0,31,150,0,181,112,0,112,293
06/01/2022,JWN,TN,ASO,ES,Federal Contract Tower,0,13,48,0,61,0,7,103,2,112,0,20,151,2,173,210,0,210,383
06/02/2022,JWN,TN,ASO,ES,Federal Contract Tower,0,14,59,0,73,0,4,75,0,79,0,18,134,0,152,178,0,178,330
06/03/2022,JWN,TN,ASO,ES,Federal Contract Tower,0,13,80,0,93,0,3,104,2,109,0,16,184,2,202,206,0,206,408
06/04/2022,JWN,TN,ASO,ES,Federal Contract Tower,0,4,47,0,51,0,0,152,0,152,0,4,199,0,203,156,0,156,359
06/05/2022,JWN,TN,ASO,ES,Federal Contract Tower,0,11,61,0,72,0,0,108,0,108,0,11,169,0,180,62,0,62,242
06/06/2022,JWN,TN,ASO,ES,Federal Contract Tower,0,11,43,0,54,0,0,44,0,44,0,11,87,0,98,200,0,200,298
06/07/2022,JWN,TN,ASO,ES,Federal Contract Tower,0,7,51,0,58,0,5,40,0,45,0,12,91,0,103,62,0,62,165
06/08/2022,JWN,TN,ASO,ES,Federal Contract Tower,0,11,68,0,79,0,4,41,0,45,0,15,109,0,124,130,0,130,254
06/09/2022,JWN,TN,ASO,ES,Federal Contract Tower,0,18,84,0,102,0,3,158,0,161,0,21,242,0,263,184,0,184,447
06/10/2022,JWN,TN,ASO,ES,Federal Contract Tower,0,19,48,2,69,0,2,125,0,127,0,21,173,2,196,162,0,162,358
06/11/2022,JWN,TN,ASO,ES,Federal Contract Tower,0,12,43,0,55,0,11,141,0,152,0,23,184,0,207,106,0,106,313
06/12/2022,JWN,TN,ASO,ES,Federal Contract Tower,0,25,70,0,95,0,0,95,0,95,0,25,165,0,190,36,0,36,226
06/13/2022,JWN,TN,ASO,ES,Federal Contract Tower,0,16,75,2,93,0,17,114,0,131,0,33,189,2,224,176,0,176,400
06/14/2022,JWN,TN,ASO,ES,Federal Contract Tower,0,9,49,0,58,0,8,89,0,97,0,17,138,0,155,134,0,134,289
06/15/2022,JWN,TN,ASO,ES,Federal Contract Tower,0,15,85,0,100,0,6,109,1,116,0,21,194,1,216,88,4,92,308
06/16/2022,JWN,TN,ASO,ES,Federal Contract Tower,0,9,66,0,75,0,12,111,2,125,0,21,177,2,200,223,2,225,425
06/17/2022,JWN,TN,ASO,ES,Federal Contract Tower,0,25,73,0,98,0,2,84,0,86,0,27,157,0,184,78,0,78,262
06/18/2022,JWN,TN,ASO,ES,Federal Contract Tower,0,12,62,0,74,0,1,134,0,135,0,13,196,0,209,110,0,110,319
06/19/2022,JWN,TN,ASO,ES,Federal Contract Tower,0,8,68,0,76,0,13,92,0,105,0,21,160,0,181,66,0,66,247
06/20/2022,JWN,TN,ASO,ES,Federal Contract Tower,0,13,52,0,65,0,11,114,0,125,0,24,166,0,190,182,0,182,372
06/21/2022,JWN,TN,ASO,ES,Federal Contract Tower,0,22,44,0,66,0,12,93,0,105,0,34,137,0,171,124,0,124,295
06/22/2022,JWN,TN,ASO,ES,Federal Contract Tower,0,13,74,0,87,0,10,98,0,108,0,23,172,0,195,220,0,220,415
06/23/2022,JWN,TN,ASO,ES,Federal Contract Tower,0,17,74,0,91,0,19,114,0,133,0,36,188,0,224,145,0,145,369
06/24/2022,JWN,TN,ASO,ES,Federal Contract Tower,0,14,77,0,91,0,2,142,0,144,0,16,219,0,235,197,0,197,432
06/25/2022,JWN,TN,ASO,ES,Federal Contract Tower,0,13,58,0,71,0,5,121,0,126,0,18,179,0,197,142,0,142,339
06/26/2022,JWN,TN,ASO,ES,Federal Contract Tower,0,16,59,0,75,0,14,72,0,86,0,30,131,0,161,16,0,16,177
06/27/2022,JWN,TN,ASO,ES,Federal Contract Tower,0,22,56,0,78,0,0,92,0,92,0,22,148,0,170,112,0,112,282
06/28/2022,JWN,TN,ASO,ES,Federal Contract Tower,0,19,43,2,64,0,9,104,4,117,0,28,147,6,181,182,0,182,363
06/29/2022,JWN,TN,ASO,ES,Federal Contract Tower,0,5,49,0,54,0,17,112,0,129,0,22,161,0,183,190,0,190,373
06/30/2022,JWN,TN,ASO,ES,Federal Contract Tower,0,23,70,0,93,0,18,120,0,138,0,41,190,0,231,90,0,90,321
07/01/2022,JWN,TN,ASO,ES,Federal Contract Tower,0,17,66,0,83,0,2,120,0,122,0,19,186,0,205,140,0,140,345
07/02/2022,JWN,TN,ASO,ES,Federal Contract Tower,0,14,33,0,47,0,0,101,0,101,0,14,134,0,148,60,0,60,208
07/03/2022,JWN,TN,ASO,ES,Federal Contract Tower,0,11,34,0,45,0,1,50,0,51,0,12,84,0,96,38,0,38,134
07/04/2022,JWN,TN,ASO,ES,Federal Contract Tower,0,8,28,0,36,0,14,74,0,88,0,22,102,0,124,92,0,92,216
07/05/2022,JWN,TN,ASO,ES,Federal Contract Tower,0,11,69,0,80,0,10,97,0,107,0,21,166,0,187,106,0,106,293
07/06/2022,JWN,TN,ASO,ES,Federal Contract Tower,0,6,51,0,57,0,6,71,0,77,0,12,122,0,134,92,0,92,226
07/07/2022,JWN,TN,ASO,ES,Federal Contract Tower,0,17,47,0,64,0,2,70,4,76,0,19,117,4,140,88,0,88,228
07/08/2022,JWN,TN,ASO,ES,Federal Contract Tower,0,19,61,0,80,0,7,144,0,151,0,26,205,0,231,162,0,162,393
07/09/2022,JWN,TN,ASO,ES,Federal Contract Tower,0,5,55,0,60,0,14,48,0,62,0,19,103,0,122,106,0,106,228
07/10/2022,JWN,TN,ASO,ES,Federal Contract Tower,0,9,90,0,99,0,8,82,0,90,0,17,172,0,189,70,0,70,259
07/11/2022,JWN,TN,ASO,ES,Federal Contract Tower,0,19,61,0,80,0,7,144,0,151,0,26,205,0,231,162,0,162,393
07/12/2022,JWN,TN,ASO,ES,Federal Contract Tower,0,20,61,1,82,0,10,85,2,97,0,30,146,3,179,134,0,134,313
07/13/2022,JWN,TN,ASO,ES,Federal Contract Tower,0,13,76,0,89,0,21,113,0,134,0,34,189,0,223,196,0,196,419
07/14/2022,JWN,TN,ASO,ES,Federal Contract Tower,0,9,65,0,74,0,5,135,0,140,0,14,200,0,214,132,0,132,346
07/15/2022,JWN,TN,ASO,ES,Federal Contract Tower,0,19,56,0,75,0,1,109,0,110,0,20,165,0,185,120,2,122,307
07/16/2022,JWN,TN,ASO,ES,Federal Contract Tower,0,6,41,0,47,0,1,144,0,145,0,7,185,0,192,100,0,100,292
07/17/2022,JWN,TN,ASO,ES,Federal Contract Tower,0,17,49,0,66,0,3,58,0,61,0,20,107,0,127,58,0,58,185
07/18/2022,JWN,TN,ASO,ES,Federal Contract Tower,0,11,68,2,81,0,9,40,6,55,0,20,108,8,136,114,0,114,250
07/19/2022,JWN,TN,ASO,ES,Federal Contract Tower,0,13,62,0,75,0,4,95,0,99,0,17,157,0,174,162,0,162,336
07/20/2022,JWN,TN,ASO,ES,Federal Contract Tower,0,9,69,0,78,0,9,91,0,100,0,18,160,0,178,98,0,98,276
07/21/2022,JWN,TN,ASO,ES,Federal Contract Tower,0,20,67,1,88,0,1,100,4,105,0,21,167,5,193,209,0,209,402
07/22/2022,JWN,TN,ASO,ES,Federal Contract Tower,0,10,70,0,80,0,8,97,0,105,0,18,167,0,185,170,0,170,355
07/23/2022,JWN,TN,ASO,ES,Federal Contract Tower,0,2,34,0,36,0,4,105,0,109,0,6,139,0,145,126,0,126,271
07/24/2022,JWN,TN,ASO,ES,Federal Contract Tower,0,10,81,0,91,0,1,98,1,100,0,11,179,1,191,44,0,44,235
07/25/2022,JWN,TN,ASO,ES,Federal Contract Tower,0,3,30,0,33,0,1,49,0,50,0,4,79,0,83,172,0,172,255
07/26/2022,JWN,TN,ASO,ES,Federal Contract Tower,0,13,37,0,50,0,1,64,0,65,0,14,101,0,115,46,0,46,161
07/27/2022,JWN,TN,ASO,ES,Federal Contract Tower,0,5,67,0,72,0,3,95,0,98,0,8,162,0,170,46,0,46,216
07/28/2022,JWN,TN,ASO,ES,Federal Contract Tower,0,13,70,0,83,0,3,0,0,3,0,16,70,0,86,58,0,58,144
07/29/2022,JWN,TN,ASO,ES,Federal Contract Tower,0,20,55,0,75,0,0,32,0,32,0,20,87,0,107,76,0,76,183
07/30/2022,JWN,TN,ASO,ES,Federal Contract Tower,0,13,38,0,51,0,1,115,0,116,0,14,153,0,167,108,0,108,275
07/31/2022,JWN,TN,ASO,ES,Federal Contract Tower,0,8,70,0,78,0,5,46,0,51,0,13,116,0,129,12,0,12,141
08/01/2022,JWN,TN,ASO,ES,Federal Contract Tower,0,6,59,0,65,0,2,80,0,82,0,8,139,0,147,200,0,200,347
08/02/2022,JWN,TN,ASO,ES,Federal Contract Tower,0,5,58,0,63,0,1,108,0,109,0,6,166,0,172,92,0,92,264
08/03/2022,JWN,TN,ASO,ES,Federal Contract Tower,0,11,56,0,67,0,4,121,0,125,0,15,177,0,192,166,0,166,358
08/04/2022,JWN,TN,ASO,ES,Federal Contract Tower,0,11,58,0,69,0,2,97,0,99,0,13,155,0,168,88,0,88,256
08/05/2022,JWN,TN,ASO,ES,Federal Contract Tower,0,15,76,0,91,0,0,80,10,90,0,15,156,10,181,215,0,215,396
08/06/2022,JWN,TN,ASO,ES,Federal Contract Tower,0,13,50,0,63,0,0,124,2,126,0,13,174,2,189,94,0,94,283
08/07/2022,JWN,TN,ASO,ES,Federal Contract Tower,0,19,57,0,76,0,2,70,1,73,0,21,127,1,149,72,0,72,221
08/08/2022,JWN,TN,ASO,ES,Federal Contract Tower,0,29,58,0,87,0,1,124,0,125,0,30,182,0,212,262,0,262,474
08/09/2022,JWN,TN,ASO,ES,Federal Contract Tower,0,17,66,1,84,0,0,46,0,46,0,17,112,1,130,66,0,66,196
08/10/2022,JWN,TN,ASO,ES,Federal Contract Tower,0,11,56,0,67,0,0,66,0,66,0,11,122,0,133,68,0,68,201
08/11/2022,JWN,TN,ASO,ES,Federal Contract Tower,0,9,72,0,81,0,3,64,0,67,0,12,136,0,148,147,0,147,295
08/12/2022,JWN,TN,ASO,ES,Federal Contract Tower,0,14,76,0,90,0,4,107,0,111,0,18,183,0,201,113,0,113,314
08/13/2022,JWN,TN,ASO,ES,Federal Contract Tower,0,11,48,1,60,0,4,167,0,171,0,15,215,1,231,120,0,120,351
08/14/2022,JWN,TN,ASO,ES,Federal Contract Tower,0,23,72,0,95,0,7,107,2,116,0,30,179,2,211,56,0,56,267
08/15/2022,JWN,TN,ASO,ES,Federal Contract Tower,0,13,50,0,63,0,11,99,0,110,0,24,149,0,173,111,0,111,284
08/16/2022,JWN,TN,ASO,ES,Federal Contract Tower,0,11,62,0,73,0,0,42,2,44,0,11,104,2,117,74,0,74,191
08/17/2022,JWN,TN,ASO,ES,Federal Contract Tower,0,18,75,0,93,0,1,103,0,104,0,19,178,0,197,201,0,201,398
08/18/2022,JWN,TN,ASO,ES,Federal Contract Tower,0,9,71,0,80,0,2,137,0,139,0,11,208,0,219,138,2,140,359
08/19/2022,JWN,TN,ASO,ES,Federal Contract Tower,0,11,69,0,80,0,1,93,2,96,0,12,162,2,176,124,0,124,300
08/20/2022,JWN,TN,ASO,ES,Federal Contract Tower,0,14,45,0,59,0,5,71,0,76,0,19,116,0,135,124,0,124,259
08/21/2022,JWN,TN,ASO,ES,Federal Contract Tower,0,20,75,0,95,0,3,34,0,37,0,23,109,0,132,34,0,34,166
08/22/2022,JWN,TN,ASO,ES,Federal Contract Tower,0,12,68,0,80,0,6,69,2,77,0,18,137,2,157,72,0,72,229
08/23/2022,JWN,TN,ASO,ES,Federal Contract Tower,0,8,70,0,78,0,0,85,2,87,0,8,155,2,165,100,0,100,265
08/24/2022,JWN,TN,ASO,ES,Federal Contract Tower,0,15,89,0,104,0,8,115,0,123,0,23,204,0,227,146,0,146,373
08/25/2022,JWN,TN,ASO,ES,Federal Contract Tower,0,16,79,0,95,0,0,107,0,107,0,16,186,0,202,122,0,122,324
08/26/2022,JWN,TN,ASO,ES,Federal Contract Tower,0,11,74,0,85,0,5,110,0,115,0,16,184,0,200,134,0,134,334
08/27/2022,JWN,TN,ASO,ES,Federal Contract Tower,0,11,48,0,59,0,0,132,0,132,0,11,180,0,191,210,0,210,401
08/28/2022,JWN,TN,ASO,ES,Federal Contract Tower,0,18,80,0,98,0,0,94,0,94,0,18,174,0,192,68,0,68,260
08/29/2022,JWN,TN,ASO,ES,Federal Contract Tower,0,6,38,0,44,0,7,39,0,46,0,13,77,0,90,64,0,64,154
08/30/2022,JWN,TN,ASO,ES,Federal Contract Tower,0,7,77,0,84,0,0,68,0,68,0,7,145,0,152,164,0,164,316
08/31/2022,JWN,TN,ASO,ES,Federal Contract Tower,0,12,64,0,76,0,5,118,0,123,0,17,182,0,199,170,0,170,369
09/01/2022,JWN,TN,ASO,ES,Federal Contract Tower,0,20,78,0,98,0,0,120,0,120,0,20,198,0,218,158,0,158,376
09/02/2022,JWN,TN,ASO,ES,Federal Contract Tower,0,16,68,0,84,0,5,114,0,119,0,21,182,0,203,186,0,186,389
09/03/2022,JWN,TN,ASO,ES,Federal Contract Tower,0,3,42,0,45,0,3,65,0,68,0,6,107,0,113,84,0,84,197
09/04/2022,JWN,TN,ASO,ES,Federal Contract Tower,0,4,35,0,39,0,3,77,0,80,0,7,112,0,119,42,0,42,161
09/05/2022,JWN,TN,ASO,ES,Federal Contract Tower,0,15,86,0,101,0,34,22,0,56,0,49,108,0,157,44,0,44,201
09/06/2022,JWN,TN,ASO,ES,Federal Contract Tower,0,10,57,0,67,0,3,61,0,64,0,13,118,0,131,20,0,20,151
09/07/2022,JWN,TN,ASO,ES,Federal Contract Tower,0,10,64,0,74,0,7,97,0,104,0,17,161,0,178,172,0,172,350
09/08/2022,JWN,TN,ASO,ES,Federal Contract Tower,0,14,78,0,92,0,1,111,0,112,0,15,189,0,204,179,0,179,383
09/09/2022,JWN,TN,ASO,ES,Federal Contract Tower,0,19,97,0,116,0,3,128,0,131,0,22,225,0,247,196,0,196,443
09/10/2022,JWN,TN,ASO,ES,Federal Contract Tower,0,2,46,0,48,0,3,75,0,78,0,5,121,0,126,72,0,72,198
09/11/2022,JWN,TN,ASO,ES,Federal Contract Tower,0,14,91,0,105,0,0,8,1,9,0,14,99,1,114,16,0,16,130
09/12/2022,JWN,TN,ASO,ES,Federal Contract Tower,0,17,32,0,49,0,3,113,0,116,0,20,145,0,165,190,0,190,355
09/13/2022,JWN,TN,ASO,ES,Federal Contract Tower,0,8,74,0,82,0,7,127,1,135,0,15,201,1,217,182,0,182,399
09/14/2022,JWN,TN,ASO,ES,Federal Contract Tower,0,14,73,0,87,0,2,150,4,156,0,16,223,4,243,178,0,178,421
09/15/2022,JWN,TN,ASO,ES,Federal Contract Tower,0,13,70,0,83,0,3,88,0,91,0,16,158,0,174,196,0,196,370
09/16/2022,JWN,TN,ASO,ES,Federal Contract Tower,0,16,119,0,135,0,15,138,0,153,0,31,257,0,288,182,0,182,470
09/17/2022,JWN,TN,ASO,ES,Federal Contract Tower,0,14,60,1,75,0,20,142,0,162,0,34,202,1,237,218,0,218,455
09/18/2022,JWN,TN,ASO,ES,Federal Contract Tower,0,16,87,1,104,0,8,122,0,130,0,24,209,1,234,132,0,132,366
09/19/2022,JWN,TN,ASO,ES,Federal Contract Tower,0,16,64,2,82,0,4,100,0,104,0,20,164,2,186,210,0,210,396
09/20/2022,JWN,TN,ASO,ES,Federal Contract Tower,0,13,61,2,76,0,3,106,5,114,0,16,167,7,190,240,0,240,430
09/21/2022,JWN,TN,ASO,ES,Federal Contract Tower,0,22,90,2,114,0,7,107,0,114,0,29,197,2,228,197,0,197,425
09/22/2022,JWN,TN,ASO,ES,Federal Contract Tower,0,14,100,0,114,0,2,121,0,123,0,16,221,0,237,202,0,202,439
09/23/2022,JWN,TN,ASO,ES,Federal Contract Tower,0,19,96,0,115,0,3,120,0,123,0,22,216,0,238,166,0,166,404
09/24/2022,JWN,TN,ASO,ES,Federal Contract Tower,0,9,86,0,95,0,6,143,0,149,0,15,229,0,244,192,0,192,436
09/25/2022,JWN,TN,ASO,ES,Federal Contract Tower,0,14,94,0,108,0,5,61,0,66,0,19,155,0,174,62,0,62,236
09/26/2022,JWN,TN,ASO,ES,Federal Contract Tower,0,18,60,0,78,0,6,72,0,78,0,24,132,0,156,160,0,160,316
09/27/2022,JWN,TN,ASO,ES,Federal Contract Tower,0,14,75,0,89,0,3,120,0,123,0,17,195,0,212,166,0,166,378
09/28/2022,JWN,TN,ASO,ES,Federal Contract Tower,0,12,66,0,78,0,2,97,2,101,0,14,163,2,179,132,0,132,311
09/29/2022,JWN,TN,ASO,ES,Federal Contract Tower,0,4,77,0,81,0,2,114,0,116,0,6,191,0,197,164,0,164,361
09/30/2022,JWN,TN,ASO,ES,Federal Contract Tower,0,12,81,0,93,0,6,154,0,160,0,18,235,0,253,90,0,90,343
10/01/2022,JWN,TN,ASO,ES,Federal Contract Tower,0,12,58,0,70,0,14,124,0,138,0,26,182,0,208,188,0,188,396
10/02/2022,JWN,TN,ASO,ES,Federal Contract Tower,0,18,78,0,96,0,4,85,0,89,0,22,163,0,185,78,0,78,263
10/03/2022,JWN,TN,ASO,ES,Federal Contract Tower,0,15,76,0,91,0,4,85,3,92,0,19,161,3,183,158,0,158,341
10/04/2022,JWN,TN,ASO,ES,Federal Contract Tower,0,11,75,0,86,0,3,95,5,103,0,14,170,5,189,116,0,116,305
10/05/2022,JWN,TN,ASO,ES,Federal Contract Tower,0,13,78,0,91,0,0,129,0,129,0,13,207,0,220,212,0,212,432
10/06/2022,JWN,TN,ASO,ES,Federal Contract Tower,0,18,71,0,89,0,6,93,0,99,0,24,164,0,188,199,0,199,387
10/07/2022,JWN,TN,ASO,ES,Federal Contract Tower,0,25,87,0,112,0,6,120,8,134,0,31,207,8,246,153,0,153,399
10/08/2022,JWN,TN,ASO,ES,Federal Contract Tower,0,16,65,0,81,0,8,131,0,139,0,24,196,0,220,112,0,112,332
10/09/2022,JWN,TN,ASO,ES,Federal Contract Tower,0,22,94,0,116,0,7,130,0,137,0,29,224,0,253,36,0,36,289
10/10/2022,JWN,TN,ASO,ES,Federal Contract Tower,0,15,74,0,89,0,3,83,0,86,0,18,157,0,175,190,0,190,365
10/11/2022,JWN,TN,ASO,ES,Federal Contract Tower,0,21,66,0,87,0,5,91,0,96,0,26,157,0,183,174,0,174,357
10/12/2022,JWN,TN,ASO,ES,Federal Contract Tower,0,19,70,0,89,0,2,41,0,43,0,21,111,0,132,110,0,110,242
10/13/2022,JWN,TN,ASO,ES,Federal Contract Tower,0,23,79,0,102,0,6,105,0,111,0,29,184,0,213,102,0,102,315
10/14/2022,JWN,TN,ASO,ES,Federal Contract Tower,0,17,84,0,101,0,6,129,0,135,0,23,213,0,236,136,0,136,372
10/15/2022,JWN,TN,ASO,ES,Federal Contract Tower,0,21,61,0,82,0,3,106,0,109,0,24,167,0,191,210,0,210,401
10/16/2022,JWN,TN,ASO,ES,Federal Contract Tower,0,30,100,0,130,0,0,58,0,58,0,30,158,0,188,86,0,86,274
10/17/2022,JWN,TN,ASO,ES,Federal Contract Tower,0,27,84,0,111,0,1,82,0,83,0,28,166,0,194,90,0,90,284
10/18/2022,JWN,TN,ASO,ES,Federal Contract Tower,0,19,52,0,71,0,6,53,2,61,0,25,105,2,132,140,0,140,272
10/19/2022,JWN,TN,ASO,ES,Federal Contract Tower,0,11,80,2,93,0,5,91,0,96,0,16,171,2,189,178,0,178,367
10/20/2022,JWN,TN,ASO,ES,Federal Contract Tower,0,17,84,0,101,0,11,104,0,115,0,28,188,0,216,101,0,101,317
10/21/2022,JWN,TN,ASO,ES,Federal Contract Tower,0,20,92,2,114,0,10,91,0,101,0,30,183,2,215,143,0,143,358
10/22/2022,JWN,TN,ASO,ES,Federal Contract Tower,0,15,60,0,75,0,5,107,0,112,0,20,167,0,187,144,0,144,331
10/23/2022,JWN,TN,ASO,ES,Federal Contract Tower,0,19,118,2,139,0,16,104,0,120,0,35,222,2,259,148,0,148,407
10/24/2022,JWN,TN,ASO,ES,Federal Contract Tower,0,10,85,4,99,0,11,103,1,115,0,21,188,5,214,168,0,168,382
10/25/2022,JWN,TN,ASO,ES,Federal Contract Tower,0,11,53,0,64,0,2,20,0,22,0,13,73,0,86,8,0,8,94
10/26/2022,JWN,TN,ASO,ES,Federal Contract Tower,0,14,111,0,125,0,11,58,0,69,0,25,169,0,194,286,0,286,480
10/27/2022,JWN,TN,ASO,ES,Federal Contract Tower,0,15,88,0,103,0,6,108,0,114,0,21,196,0,217,174,0,174,391
10/28/2022,JWN,TN,ASO,ES,Federal Contract Tower,0,18,86,1,105,0,12,101,1,114,0,30,187,2,219,170,0,170,389
10/29/2022,JWN,TN,ASO,ES,Federal Contract Tower,0,10,56,0,66,0,6,109,0,115,0,16,165,0,181,214,0,214,395
10/30/2022,JWN,TN,ASO,ES,Federal Contract Tower,0,18,84,0,102,0,2,9,0,11,0,20,93,0,113,8,0,8,121
10/31/2022,JWN,TN,ASO,ES,Federal Contract Tower,0,8,58,0,66,0,0,25,0,25,0,8,83,0,91,108,0,108,199
11/01/2022,JWN,TN,ASO,ES,Federal Contract Tower,0,12,56,0,68,0,6,78,0,84,0,18,134,0,152,110,0,110,262
11/02/2022,JWN,TN,ASO,ES,Federal Contract Tower,0,18,77,1,96,0,8,81,0,89,0,26,158,1,185,188,0,188,373
11/03/2022,JWN,TN,ASO,ES,Federal Contract Tower,0,22,111,0,133,0,24,75,1,100,0,46,186,1,233,70,2,72,305
11/04/2022,JWN,TN,ASO,ES,Federal Contract Tower,0,18,114,0,132,0,11,102,0,113,0,29,216,0,245,94,0,94,339
11/05/2022,JWN,TN,ASO,ES,Federal Contract Tower,0,11,34,0,45,0,0,7,0,7,0,11,41,0,52,0,0,0,52
11/06/2022,JWN,TN,ASO,ES,Federal Contract Tower,0,15,94,0,109,0,0,62,0,62,0,15,156,0,171,12,0,12,183
11/07/2022,JWN,TN,ASO,ES,Federal Contract Tower,0,3,80,0,83,0,4,75,0,79,0,7,155,0,162,32,0,32,194
11/08/2022,JWN,TN,ASO,ES,Federal Contract Tower,0,24,62,0,86,0,8,88,0,96,0,32,150,0,182,92,0,92,274
11/09/2022,JWN,TN,ASO,ES,Federal Contract Tower,0,22,67,1,90,0,11,94,0,105,0,33,161,1,195,120,0,120,315
11/10/2022,JWN,TN,ASO,ES,Federal Contract Tower,0,23,88,0,111,0,5,111,0,116,0,28,199,0,227,94,0,94,321
11/11/2022,JWN,TN,ASO,ES,Federal Contract Tower,0,17,94,0,111,0,5,69,4,78,0,22,163,4,189,54,2,56,245
11/12/2022,JWN,TN,ASO,ES,Federal Contract Tower,0,11,44,0,55,0,0,22,0,22,0,11,66,0,77,54,0,54,131
11/13/2022,JWN,TN,ASO,ES,Federal Contract Tower,0,26,99,0,125,0,8,68,6,82,0,34,167,6,207,60,0,60,267
11/14/2022,JWN,TN,ASO,ES,Federal Contract Tower,0,20,65,0,85,0,0,128,0,128,0,20,193,0,213,154,0,154,367
11/15/2022,JWN,TN,ASO,ES,Federal Contract Tower,0,14,51,0,65,0,4,6,0,10,0,18,57,0,75,14,0,14,89
11/16/2022,JWN,TN,ASO,ES,Federal Contract Tower,0,25,94,0,119,0,17,87,1,105,0,42,181,1,224,114,0,114,338
11/17/2022,JWN,TN,ASO,ES,Federal Contract Tower,0,9,80,0,89,0,9,106,4,119,0,18,186,4,208,58,0,58,266
11/18/2022,JWN,TN,ASO,ES,Federal Contract Tower,0,20,73,0,93,0,2,108,0,110,0,22,181,0,203,78,0,78,281
11/19/2022,JWN,TN,ASO,ES,Federal Contract Tower,0,3,61,0,64,0,6,77,0,83,0,9,138,0,147,102,0,102,249
11/20/2022,JWN,TN,ASO,ES,Federal Contract Tower,0,12,92,0,104,0,3,90,0,93,0,15,182,0,197,84,0,84,281
11/21/2022,JWN,TN,ASO,ES,Federal Contract Tower,0,13,61,0,74,0,6,85,0,91,0,19,146,0,165,91,0,91,256
11/22/2022,JWN,TN,ASO,ES,Federal Contract Tower,0,15,67,1,83,0,27,111,1,139,0,42,178,2,222,138,0,138,360
11/23/2022,JWN,TN,ASO,ES,Federal Contract Tower,0,15,68,0,83,0,14,105,0,119,0,29,173,0,202,90,0,90,292
11/24/2022,JWN,TN,ASO,ES,Federal Contract Tower,0,5,18,0,23,0,18,26,0,44,0,23,44,0,67,2,0,2,69
11/25/2022,JWN,TN,ASO,ES,Federal Contract Tower,0,9,42,0,51,0,26,46,0,72,0,35,88,0,123,78,0,78,201
11/26/2022,JWN,TN,ASO,ES,Federal Contract Tower,0,9,59,0,68,0,0,80,0,80,0,9,139,0,148,70,0,70,218
11/27/2022,JWN,TN,ASO,ES,Federal Contract Tower,0,29,101,0,130,0,0,17,0,17,0,29,118,0,147,106,0,106,253
11/28/2022,JWN,TN,ASO,ES,Federal Contract Tower,0,9,78,0,87,0,0,63,0,63,0,9,141,0,150,134,2,136,286
11/29/2022,JWN,TN,ASO,ES,Federal Contract Tower,0,10,36,0,46,0,0,32,0,32,0,10,68,0,78,90,0,90,168
11/30/2022,JWN,TN,ASO,ES,Federal Contract Tower,0,16,54,0,70,0,6,60,0,66,0,22,114,0,136,82,0,82,218
12/01/2022,JWN,TN,ASO,ES,Federal Contract Tower,0,15,82,0,97,0,9,114,0,123,0,24,196,0,220,134,0,134,354
12/02/2022,JWN,TN,ASO,ES,Federal Contract Tower,0,9,73,0,82,0,8,59,0,67,0,17,132,0,149,149,0,149,298
12/03/2022,JWN,TN,ASO,ES,Federal Contract Tower,0,8,46,0,54,0,2,40,0,42,0,10,86,0,96,72,0,72,168
12/04/2022,JWN,TN,ASO,ES,Federal Contract Tower,0,12,67,0,79,0,0,96,1,97,0,12,163,1,176,126,0,126,302
12/05/2022,JWN,TN,ASO,ES,Federal Contract Tower,0,4,56,0,60,0,0,0,0,0,0,4,56,0,60,0,0,0,60
12/06/2022,JWN,TN,ASO,ES,Federal Contract Tower,0,2,73,0,75,0,0,6,0,6,0,2,79,0,81,16,0,16,97
12/07/2022,JWN,TN,ASO,ES,Federal Contract Tower,0,19,68,0,87,0,0,4,0,4,0,19,72,0,91,2,0,2,93
12/08/2022,JWN,TN,ASO,ES,Federal Contract Tower,0,12,61,0,73,0,0,1,0,1,0,12,62,0,74,0,0,0,74
12/09/2022,JWN,TN,ASO,ES,Federal Contract Tower,0,20,72,0,92,0,0,7,0,7,0,20,79,0,99,32,0,32,131
12/10/2022,JWN,TN,ASO,ES,Federal Contract Tower,0,8,47,0,55,0,0,18,0,18,0,8,65,0,73,82,0,82,155
12/11/2022,JWN,TN,ASO,ES,Federal Contract Tower,0,23,88,0,111,0,0,16,0,16,0,23,104,0,127,0,0,0,127
12/12/2022,JWN,TN,ASO,ES,Federal Contract Tower,0,8,68,0,76,0,6,74,0,80,0,14,142,0,156,182,0,182,338
12/13/2022,JWN,TN,ASO,ES,Federal Contract Tower,0,16,61,0,77,0,8,62,0,70,0,24,123,0,147,150,0,150,297
12/14/2022,JWN,TN,ASO,ES,Federal Contract Tower,0,26,39,0,65,0,0,0,0,0,0,26,39,0,65,0,0,0,65
12/15/2022,JWN,TN,ASO,ES,Federal Contract Tower,0,9,78,0,87,0,8,62,2,72,0,17,140,2,159,110,0,110,269
12/16/2022,JWN,TN,ASO,ES,Federal Contract Tower,0,16,86,0,102,0,3,91,0,94,0,19,177,0,196,68,0,68,264
12/17/2022,JWN,TN,ASO,ES,Federal Contract Tower,0,25,45,0,70,0,4,55,0,59,0,29,100,0,129,18,0,18,147
12/18/2022,JWN,TN,ASO,ES,Federal Contract Tower,0,14,60,0,74,0,3,103,0,106,0,17,163,0,180,108,0,108,288
12/19/2022,JWN,TN,ASO,ES,Federal Contract Tower,0,6,69,0,75,0,2,84,2,88,0,8,153,2,163,201,0,201,364
12/20/2022,JWN,TN,ASO,ES,Federal Contract Tower,0,9,69,0,78,0,13,103,0,116,0,22,172,0,194,260,0,260,454
12/21/2022,JWN,TN,ASO,ES,Federal Contract Tower,0,8,58,0,66,0,13,94,0,107,0,21,152,0,173,152,0,152,325
12/22/2022,JWN,TN,ASO,ES,Federal Contract Tower,0,9,28,0,37,0,0,3,0,3,0,9,31,0,40,52,0,52,92
12/23/2022,JWN,TN,ASO,ES,Federal Contract Tower,0,4,22,0,26,0,3,0,0,3,0,7,22,0,29,0,0,0,29
12/24/2022,JWN,TN,ASO,ES,Federal Contract Tower,0,3,19,0,22,0,9,14,0,23,0,12,33,0,45,46,0,46,91
12/25/2022,JWN,TN,ASO,ES,Federal Contract Tower,0,5,11,0,16,0,10,15,0,25,0,15,26,0,41,0,0,0,41
12/26/2022,JWN,TN,ASO,ES,Federal Contract Tower,0,6,27,5,38,0,0,11,0,11,0,6,38,5,49,20,0,20,69
12/27/2022,JWN,TN,ASO,ES,Federal Contract Tower,0,16,75,0,91,0,5,52,0,57,0,21,127,0,148,116,0,116,264
12/28/2022,JWN,TN,ASO,ES,Federal Contract Tower,0,17,82,0,99,0,2,93,0,95,0,19,175,0,194,132,0,132,326
12/29/2022,JWN,TN,ASO,ES,Federal Contract Tower,0,12,65,0,77,0,4,41,0,45,0,16,106,0,122,64,0,64,186
12/30/2022,JWN,TN,ASO,ES,Federal Contract Tower,0,12,63,0,75,0,4,73,1,78,0,16,136,1,153,62,0,62,215
12/31/2022,JWN,TN,ASO,ES,Federal Contract Tower,0,7,51,0,58,0,0,13,0,13,0,7,64,0,71,114,0,114,185
01/01/2023,JWN,TN,ASO,ES,Federal Contract Tower,0,12,38,0,50,0,12,102,0,114,0,24,140,0,164,116,0,116,280
01/02/2023,JWN,TN,ASO,ES,Federal Contract Tower,0,7,48,0,55,0,3,54,0,57,0,10,102,0,112,172,0,172,284
01/03/2023,JWN,TN,ASO,ES,Federal Contract Tower,0,12,16,0,28,0,0,2,0,2,0,12,18,0,30,0,0,0,30
01/04/2023,JWN,TN,ASO,ES,Federal Contract Tower,0,16,52,0,68,0,8,71,0,79,0,24,123,0,147,58,0,58,205
01/05/2023,JWN,TN,ASO,ES,Federal Contract Tower,0,11,67,0,78,0,0,86,0,86,0,11,153,0,164,68,0,68,232
01/06/2023,JWN,TN,ASO,ES,Federal Contract Tower,0,11,56,4,71,0,5,145,2,152,0,16,201,6,223,230,0,230,453
01/07/2023,JWN,TN,ASO,ES,Federal Contract Tower,0,7,38,0,45,0,0,39,0,39,0,7,77,0,84,90,0,90,174
01/08/2023,JWN,TN,ASO,ES,Federal Contract Tower,0,24,53,0,77,0,1,19,0,20,0,25,72,0,97,22,0,22,119
01/09/2023,JWN,TN,ASO,ES,Federal Contract Tower,0,5,46,0,51,0,10,97,2,109,0,15,143,2,160,148,0,148,308
01/10/2023,JWN,TN,ASO,ES,Federal Contract Tower,0,17,41,1,59,0,10,106,3,119,0,27,147,4,178,84,0,84,262
01/11/2023,JWN,TN,ASO,ES,Federal Contract Tower,0,8,58,7,73,0,2,21,1,24,0,10,79,8,97,146,0,146,243
01/12/2023,JWN,TN,ASO,ES,Federal Contract Tower,0,0,57,0,57,0,0,0,0,0,0,0,57,0,57,0,0,0,57
01/13/2023,JWN,TN,ASO,ES,Federal Contract Tower,0,6,75,0,81,0,0,18,0,18,0,6,93,0,99,62,0,62,161
01/14/2023,JWN,TN,ASO,ES,Federal Contract Tower,0,9,52,0,61,0,14,125,0,139,0,23,177,0,200,252,0,252,452
01/15/2023,JWN,TN,ASO,ES,Federal Contract Tower,0,11,55,0,66,0,2,118,0,120,0,13,173,0,186,102,0,102,288
01/16/2023,JWN,TN,ASO,ES,Federal Contract Tower,0,11,61,0,72,0,2,52,0,54,0,13,113,0,126,84,0,84,210
01/17/2023,JWN,TN,ASO,ES,Federal Contract Tower,0,17,55,0,72,0,3,68,0,71,0,20,123,0,143,118,0,118,261
01/18/2023,JWN,TN,ASO,ES,Federal Contract Tower,0,15,27,0,42,0,0,3,0,3,0,15,30,0,45,0,0,0,45
01/19/2023,JWN,TN,ASO,ES,Federal Contract Tower,0,16,67,0,83,0,2,31,1,34,0,18,98,1,117,0,0,0,117
01/20/2023,JWN,TN,ASO,ES,Federal Contract Tower,0,13,79,2,94,0,9,128,0,137,0,22,207,2,231,186,0,186,417
01/21/2023,JWN,TN,ASO,ES,Federal Contract Tower,0,12,50,1,63,0,11,145,1,157,0,23,195,2,220,202,0,202,422
01/22/2023,JWN,TN,ASO,ES,Federal Contract Tower,0,12,50,0,62,0,0,0,0,0,0,12,50,0,62,0,0,0,62
01/23/2023,JWN,TN,ASO,ES,Federal Contract Tower,0,6,54,0,60,0,9,82,0,91,0,15,136,0,151,186,0,186,337
01/24/2023,JWN,TN,ASO,ES,Federal Contract Tower,0,16,58,2,76,0,6,74,2,82,0,22,132,4,158,96,0,96,254
01/25/2023,JWN,TN,ASO,ES,Federal Contract Tower,0,8,48,0,56,0,2,1,0,3,0,10,49,0,59,0,0,0,59
01/26/2023,JWN,TN,ASO,ES,Federal Contract Tower,0,19,80,0,99,0,0,19,0,19,0,19,99,0,118,42,0,42,160
01/27/2023,JWN,TN,ASO,ES,Federal Contract Tower,0,8,81,2,91,0,11,114,2,127,0,19,195,4,218,112,0,112,330
01/28/2023,JWN,TN,ASO,ES,Federal Contract Tower,0,3,53,2,58,0,3,145,0,148,0,6,198,2,206,182,0,182,388
01/29/2023,JWN,TN,ASO,ES,Federal Contract Tower,0,7,52,0,59,0,0,9,0,9,0,7,61,0,68,0,0,0,68
01/30/2023,JWN,TN,ASO,ES,Federal Contract Tower,0,5,28,0,33,0,0,0,0,0,0,5,28,0,33,0,0,0,33
01/31/2023,JWN,TN,ASO,ES,Federal Contract Tower,0,4,16,0,20,0,0,0,0,0,0,4,16,0,20,0,0,0,20
02/01/2023,JWN,TN,ASO,ES,Federal Contract Tower,0,6,29,0,35,0,0,0,0,0,0,6,29,0,35,0,0,0,35
02/02/2023,JWN,TN,ASO,ES,Federal Contract Tower,0,8,50,0,58,0,0,0,0,0,0,8,50,0,58,0,0,0,58
02/03/2023,JWN,TN,ASO,ES,Federal Contract Tower,0,17,53,0,70,0,2,107,0,109,0,19,160,0,179,60,0,60,239
02/04/2023,JWN,TN,ASO,ES,Federal Contract Tower,0,9,58,0,67,0,3,154,0,157,0,12,212,0,224,104,0,104,328
02/05/2023,JWN,TN,ASO,ES,Federal Contract Tower,0,10,66,0,76,0,5,70,0,75,0,15,136,0,151,28,0,28,179
02/06/2023,JWN,TN,ASO,ES,Federal Contract Tower,0,11,57,0,68,0,9,108,0,117,0,20,165,0,185,148,0,148,333
02/07/2023,JWN,TN,ASO,ES,Federal Contract Tower,0,11,62,0,73,0,12,66,5,83,0,23,128,5,156,148,0,148,304
02/08/2023,JWN,TN,ASO,ES,Federal Contract Tower,0,17,86,0,103,0,0,30,4,34,0,17,116,4,137,134,0,134,271
02/09/2023,JWN,TN,ASO,ES,Federal Contract Tower,0,7,53,0,60,0,0,34,5,39,0,7,87,5,99,46,0,46,145
02/10/2023,JWN,TN,ASO,ES,Federal Contract Tower,0,15,69,2,86,0,7,123,2,132,0,22,192,4,218,232,0,232,450
02/11/2023,JWN,TN,ASO,ES,Federal Contract Tower,0,7,47,0,54,0,3,151,0,154,0,10,198,0,208,98,0,98,306
02/12/2023,JWN,TN,ASO,ES,Federal Contract Tower,0,6,49,0,55,0,8,107,2,117,0,14,156,2,172,122,0,122,294
02/13/2023,JWN,TN,ASO,ES,Federal Contract Tower,0,9,56,0,65,0,11,133,3,147,0,20,189,3,212,108,0,108,320
02/14/2023,JWN,TN,ASO,ES,Federal Contract Tower,0,13,25,2,40,0,0,79,2,81,0,13,104,4,121,34,0,34,155
02/15/2023,JWN,TN,ASO,ES,Federal Contract Tower,0,18,63,2,83,0,8,56,0,64,0,26,119,2,147,190,0,190,337
02/16/2023,JWN,TN,ASO,ES,Federal Contract Tower,0,11,54,0,65,0,0,0,0,0,0,11,54,0,65,0,0,0,65
02/17/2023,JWN,TN,ASO,ES,Federal Contract Tower,0,16,74,0,90,0,10,72,0,82,0,26,146,0,172,66,0,66,238
02/18/2023,JWN,TN,ASO,ES,Federal Contract Tower,0,17,44,0,61,0,19,190,0,209,0,36,234,0,270,140,0,140,410
02/19/2023,JWN,TN,ASO,ES,Federal Contract Tower,0,11,63,0,74,0,7,108,0,115,0,18,171,0,189,14,0,14,203
02/20/2023,JWN,TN,ASO,ES,Federal Contract Tower,0,25,80,0,105,0,7,55,0,62,0,32,135,0,167,66,0,66,233
02/21/2023,JWN,TN,ASO,ES,Federal Contract Tower,0,17,68,1,86,0,6,105,0,111,0,23,173,1,197,118,0,118,315
02/22/2023,JWN,TN,ASO,ES,Federal Contract Tower,0,10,62,0,72,0,3,14,0,17,0,13,76,0,89,0,0,0,89
02/23/2023,JWN,TN,ASO,ES,Federal Contract Tower,0,11,130,0,141,0,3,121,0,124,0,14,251,0,265,118,1,119,384
02/24/2023,JWN,TN,ASO,ES,Federal Contract Tower,0,10,98,0,108,0,0,88,0,88,0,10,186,0,196,109,0,109,305
02/25/2023,JWN,TN,ASO,ES,Federal Contract Tower,0,9,73,0,82,0,0,38,0,38,0,9,111,0,120,18,0,18,138
02/26/2023,JWN,TN,ASO,ES,Federal Contract Tower,0,17,124,0,141,0,5,38,0,43,0,22,162,0,184,14,0,14,198
02/27/2023,JWN,TN,ASO,ES,Federal Contract Tower,0,2,37,0,39,0,4,9,0,13,0,6,46,0,52,0,0,0,52
02/28/2023,JWN,TN,ASO,ES,Federal Contract Tower,0,22,71,0,93,0,6,164,0,170,0,28,235,0,263,146,0,146,409
03/01/2023,JWN,TN,ASO,ES,Federal Contract Tower,0,21,64,0,85,0,4,60,0,64,0,25,124,0,149,94,0,94,243
03/02/2023,JWN,TN,ASO,ES,Federal Contract Tower,0,12,63,0,75,0,0,51,0,51,0,12,114,0,126,139,0,139,265
03/03/2023,JWN,TN,ASO,ES,Federal Contract Tower,0,3,30,0,33,0,0,3,0,3,0,3,33,0,36,0,0,0,36
03/04/2023,JWN,TN,ASO,ES,Federal Contract Tower,0,18,49,0,67,0,4,138,0,142,0,22,187,0,209,160,0,160,369
03/05/2023,JWN,TN,ASO,ES,Federal Contract Tower,0,14,66,0,80,0,10,93,0,103,0,24,159,0,183,126,0,126,309
03/06/2023,JWN,TN,ASO,ES,Federal Contract Tower,0,11,44,0,55,0,15,112,2,129,0,26,156,2,184,132,0,132,316
03/07/2023,JWN,TN,ASO,ES,Federal Contract Tower,0,12,52,2,66,0,13,78,1,92,0,25,130,3,158,130,0,130,288
03/08/2023,JWN,TN,ASO,ES,Federal Contract Tower,0,17,75,3,95,0,6,89,5,100,0,23,164,8,195,106,0,106,301
03/09/2023,JWN,TN,ASO,ES,Federal Contract Tower,0,20,79,0,99,0,1,39,0,40,0,21,118,0,139,124,0,124,263
03/10/2023,JWN,TN,ASO,ES,Federal Contract Tower,0,27,86,2,115,0,6,43,6,55,0,33,129,8,170,60,0,60,230
03/11/2023,JWN,TN,ASO,ES,Federal Contract Tower,0,10,70,0,80,0,0,146,0,146,0,10,216,0,226,145,0,145,371
03/12/2023,JWN,TN,ASO,ES,Federal Contract Tower,0,23,70,0,93,0,2,22,0,24,0,25,92,0,117,0,0,0,117
03/13/2023,JWN,TN,ASO,ES,Federal Contract Tower,0,3,34,0,37,0,7,65,0,72,0,10,99,0,109,82,0,82,191
03/14/2023,JWN,TN,ASO,ES,Federal Contract Tower,0,11,45,2,58,0,9,100,1,110,0,20,145,3,168,113,0,113,281
03/15/2023,JWN,TN,ASO,ES,Federal Contract Tower,0,12,48,2,62,0,4,85,0,89,0,16,133,2,151,90,0,90,241
03/16/2023,JWN,TN,ASO,ES,Federal Contract Tower,0,11,60,2,73,0,4,71,0,75,0,15,131,2,148,92,0,92,240
03/17/2023,JWN,TN,ASO,ES,Federal Contract Tower,0,9,54,0,63,0,0,28,0,28,0,9,82,0,91,64,0,64,155
03/18/2023,JWN,TN,ASO,ES,Federal Contract Tower,0,8,41,0,49,0,4,113,3,120,0,12,154,3,169,54,0,54,223
03/19/2023,JWN,TN,ASO,ES,Federal Contract Tower,0,19,75,0,94,0,6,101,3,110,0,25,176,3,204,112,0,112,316
03/20/2023,JWN,TN,ASO,ES,Federal Contract Tower,0,12,55,0,67,0,10,87,0,97,0,22,142,0,164,176,0,176,340
03/21/2023,JWN,TN,ASO,ES,Federal Contract Tower,0,7,68,0,75,0,2,67,0,69,0,9,135,0,144,142,0,142,286
03/22/2023,JWN,TN,ASO,ES,Federal Contract Tower,0,18,84,4,106,0,0,21,0,21,0,18,105,4,127,32,0,32,159
03/23/2023,JWN,TN,ASO,ES,Federal Contract Tower,0,31,67,0,98,0,0,82,0,82,0,31,149,0,180,76,0,76,256
03/24/2023,JWN,TN,ASO,ES,Federal Contract Tower,0,9,54,0,63,0,0,37,0,37,0,9,91,0,100,18,0,18,118
03/25/2023,JWN,TN,ASO,ES,Federal Contract Tower,0,25,39,0,64,0,11,105,0,116,0,36,144,0,180,76,0,76,256
03/26/2023,JWN,TN,ASO,ES,Federal Contract Tower,0,22,76,0,98,0,8,157,0,165,0,30,233,0,263,78,0,78,341
03/27/2023,JWN,TN,ASO,ES,Federal Contract Tower,0,16,38,1,55,0,9,114,3,126,0,25,152,4,181,176,0,176,357
03/28/2023,JWN,TN,ASO,ES,Federal Contract Tower,0,9,71,0,80,0,7,104,2,113,0,16,175,2,193,110,0,110,303
03/29/2023,JWN,TN,ASO,ES,Federal Contract Tower,0,21,64,0,85,0,0,140,2,142,0,21,204,2,227,166,0,166,393
03/30/2023,JWN,TN,ASO,ES,Federal Contract Tower,0,19,71,0,90,0,5,122,0,127,0,24,193,0,217,224,0,224,441
03/31/2023,JWN,TN,ASO,ES,Federal Contract Tower,0,12,60,0,72,0,1,6,1,8,0,13,66,1,80,0,0,0,80
04/01/2023,JWN,TN,ASO,ES,Federal Contract Tower,0,11,32,0,43,0,8,54,0,62,0,19,86,0,105,6,0,6,111
04/02/2023,JWN,TN,ASO,ES,Federal Contract Tower,0,28,89,0,117,0,12,200,0,212,0,40,289,0,329,170,0,170,499
04/03/2023,JWN,TN,ASO,ES,Federal Contract Tower,0,10,38,0,48,0,2,27,0,29,0,12,65,0,77,40,0,40,117
04/04/2023,JWN,TN,ASO,ES,Federal Contract Tower,0,17,75,0,92,0,9,62,0,71,0,26,137,0,163,100,0,100,263
04/05/2023,JWN,TN,ASO,ES,Federal Contract Tower,0,18,37,0,55,0,0,16,0,16,0,18,53,0,71,30,0,30,101
04/06/2023,JWN,TN,ASO,ES,Federal Contract Tower,0,23,58,0,81,0,0,0,0,0,0,23,58,0,81,0,0,0,81
04/07/2023,JWN,TN,ASO,ES,Federal Contract Tower,0,14,70,0,84,0,0,95,0,95,0,14,165,0,179,235,0,235,414
04/08/2023,JWN,TN,ASO,ES,Federal Contract Tower,0,14,45,0,59,0,0,55,0,55,0,14,100,0,114,12,0,12,126
04/09/2023,JWN,TN,ASO,ES,Federal Contract Tower,0,5,48,0,53,0,11,100,0,111,0,16,148,0,164,80,0,80,244
04/10/2023,JWN,TN,ASO,ES,Federal Contract Tower,0,17,59,0,76,0,9,153,0,162,0,26,212,0,238,182,0,182,420
04/11/2023,JWN,TN,ASO,ES,Federal Contract Tower,0,13,69,0,82,0,8,129,0,137,0,21,198,0,219,226,0,226,445
04/12/2023,JWN,TN,ASO,ES,Federal Contract Tower,0,13,63,0,76,0,0,137,3,140,0,13,200,3,216,145,0,145,361
04/13/2023,JWN,TN,ASO,ES,Federal Contract Tower,0,24,84,0,108,0,11,77,5,93,0,35,161,5,201,134,0,134,335
04/14/2023,JWN,TN,ASO,ES,Federal Contract Tower,0,24,117,1,142,0,0,138,0,138,0,24,255,1,280,152,0,152,432
04/15/2023,JWN,TN,ASO,ES,Federal Contract Tower,0,10,55,0,65,0,6,201,6,213,0,16,256,6,278,184,0,184,462
04/16/2023,JWN,TN,ASO,ES,Federal Contract Tower,0,11,98,0,109,0,6,48,0,54,0,17,146,0,163,28,0,28,191
04/17/2023,JWN,TN,ASO,ES,Federal Contract Tower,0,9,67,0,76,0,15,48,0,63,0,24,115,0,139,30,0,30,169
04/18/2023,JWN,TN,ASO,ES,Federal Contract Tower,0,16,56,2,74,0,9,123,3,135,0,25,179,5,209,122,0,122,331
04/19/2023,JWN,TN,ASO,ES,Federal Contract Tower,0,12,67,6,85,0,11,150,0,161,0,23,217,6,246,152,0,152,398
04/20/2023,JWN,TN,ASO,ES,Federal Contract Tower,0,22,71,0,93,0,2,107,0,109,0,24,178,0,202,72,0,72,274
04/21/2023,JWN,TN,ASO,ES,Federal Contract Tower,0,26,70,0,96,0,0,85,0,85,0,26,155,0,181,88,0,88,269
04/22/2023,JWN,TN,ASO,ES,Federal Contract Tower,0,10,52,0,62,0,11,107,0,118,0,21,159,0,180,50,0,50,230
04/23/2023,JWN,TN,ASO,ES,Federal Contract Tower,0,15,102,0,117,0,20,178,0,198,0,35,280,0,315,230,0,230,545
04/24/2023,JWN,TN,ASO,ES,Federal Contract Tower,0,11,75,0,86,0,6,134,0,140,0,17,209,0,226,180,0,180,406
04/25/2023,JWN,TN,ASO,ES,Federal Contract Tower,0,12,84,0,96,0,4,104,0,108,0,16,188,0,204,174,0,174,378
04/26/2023,JWN,TN,ASO,ES,Federal Contract Tower,0,14,111,0,125,0,11,126,11,148,0,25,237,11,273,182,0,182,455
04/27/2023,JWN,TN,ASO,ES,Federal Contract Tower,0,10,90,0,100,0,0,5,0,5,0,10,95,0,105,20,0,20,125
04/28/2023,JWN,TN,ASO,ES,Federal Contract Tower,0,17,130,0,147,0,0,96,0,96,0,17,226,0,243,138,0,138,381
04/29/2023,JWN,TN,ASO,ES,Federal Contract Tower,0,9,59,1,69,0,1,107,6,114,0,10,166,7,183,128,0,128,311
04/30/2023,JWN,TN,ASO,ES,Federal Contract Tower,0,18,81,0,99,0,2,48,5,55,0,20,129,5,154,20,0,20,174
05/01/2023,JWN,TN,ASO,ES,Federal Contract Tower,0,15,44,0,59,0,6,50,0,56,0,21,94,0,115,16,0,16,131
05/02/2023,JWN,TN,ASO,ES,Federal Contract Tower,0,9,53,0,62,0,3,49,0,52,0,12,102,0,114,22,0,22,136
05/03/2023,JWN,TN,ASO,ES,Federal Contract Tower,0,16,75,0,91,0,29,130,0,159,0,45,205,0,250,96,0,96,346
05/04/2023,JWN,TN,ASO,ES,Federal Contract Tower,0,20,80,0,100,0,5,158,0,163,0,25,238,0,263,112,0,112,375
05/05/2023,JWN,TN,ASO,ES,Federal Contract Tower,0,19,119,0,138,0,4,116,0,120,0,23,235,0,258,106,0,106,364
05/06/2023,JWN,TN,ASO,ES,Federal Contract Tower,0,14,81,0,95,0,8,130,0,138,0,22,211,0,233,120,0,120,353
05/07/2023,JWN,TN,ASO,ES,Federal Contract Tower,0,23,113,0,136,0,2,66,0,68,0,25,179,0,204,32,0,32,236
05/08/2023,JWN,TN,ASO,ES,Federal Contract Tower,0,29,86,0,115,0,12,39,0,51,0,41,125,0,166,50,0,50,216
05/09/2023,JWN,TN,ASO,ES,Federal Contract Tower,0,12,72,0,84,0,9,154,0,163,0,21,226,0,247,116,0,116,363
05/10/2023,JWN,TN,ASO,ES,Federal Contract Tower,0,17,98,2,117,0,6,143,0,149,0,23,241,2,266,152,0,152,418
05/11/2023,JWN,TN,ASO,ES,Federal Contract Tower,0,26,70,2,98,0,4,37,0,41,0,30,107,2,139,172,0,172,311
05/12/2023,JWN,TN,ASO,ES,Federal Contract Tower,0,20,78,0,98,0,0,32,0,32,0,20,110,0,130,56,0,56,186
05/13/2023,JWN,TN,ASO,ES,Federal Contract Tower,0,5,50,0,55,0,10,72,0,82,0,15,122,0,137,26,0,26,163
05/14/2023,JWN,TN,ASO,ES,Federal Contract Tower,0,7,64,0,71,0,0,57,0,57,0,7,121,0,128,44,0,44,172
05/15/2023,JWN,TN,ASO,ES,Federal Contract Tower,0,19,62,0,81,0,4,77,0,81,0,23,139,0,162,166,0,166,328
05/16/2023,JWN,TN,ASO,ES,Federal Contract Tower,0,12,78,0,90,0,1,61,0,62,0,13,139,0,152,98,0,98,250
05/17/2023,JWN,TN,ASO,ES,Federal Contract Tower,0,19,97,0,116,0,0,137,0,137,0,19,234,0,253,122,0,122,375
05/18/2023,JWN,TN,ASO,ES,Federal Contract Tower,0,13,85,0,98,0,0,106,2,108,0,13,191,2,206,54,6,60,266
05/19/2023,JWN,TN,ASO,ES,Federal Contract Tower,0,18,134,3,155,0,0,125,1,126,0,18,259,4,281,180,0,180,461
05/20/2023,JWN,TN,ASO,ES,Federal Contract Tower,0,9,73,0,82,0,0,36,0,36,0,9,109,0,118,38,0,38,156
05/21/2023,JWN,TN,ASO,ES,Federal Contract Tower,0,15,92,0,107,0,8,163,1,172,0,23,255,1,279,98,0,98,377
05/22/2023,JWN,TN,ASO,ES,Federal Contract Tower,0,11,78,1,90,0,0,126,0,126,0,11,204,1,216,102,0,102,318
05/23/2023,JWN,TN,ASO,ES,Federal Contract Tower,0,5,51,1,57,0,5,139,1,145,0,10,190,2,202,216,0,216,418
05/24/2023,JWN,TN,ASO,ES,Federal Contract Tower,0,9,87,2,98,0,11,119,0,130,0,20,206,2,228,140,0,140,368
05/25/2023,JWN,TN,ASO,ES,Federal Contract Tower,0,17,67,4,88,0,15,143,0,158,0,32,210,4,246,200,0,200,446
05/26/2023,JWN,TN,ASO,ES,Federal Contract Tower,0,20,77,0,97,0,13,93,0,106,0,33,170,0,203,120,0,120,323
05/27/2023,JWN,TN,ASO,ES,Federal Contract Tower,0,12,35,0,47,0,15,109,0,124,0,27,144,0,171,80,0,80,251
05/28/2023,JWN,TN,ASO,ES,Federal Contract Tower,0,8,44,0,52,0,8,110,0,118,0,16,154,0,170,56,0,56,226
05/29/2023,JWN,TN,ASO,ES,Federal Contract Tower,0,12,72,0,84,0,16,96,0,112,0,28,168,0,196,62,0,62,258
05/30/2023,JWN,TN,ASO,ES,Federal Contract Tower,0,12,73,0,85,0,2,122,0,124,0,14,195,0,209,86,0,86,295
05/31/2023,JWN,TN,ASO,ES,Federal Contract Tower,0,17,75,1,93,0,16,90,1,107,0,33,165,2,200,70,0,70,270
06/01/2023,JWN,TN,ASO,ES,Federal Contract Tower,0,24,89,0,113,0,16,115,0,131,0,40,204,0,244,110,0,110,354
06/02/2023,JWN,TN,ASO,ES,Federal Contract Tower,0,18,80,0,98,0,28,103,0,131,0,46,183,0,229,46,0,46,275
06/03/2023,JWN,TN,ASO,ES,Federal Contract Tower,0,14,38,0,52,0,11,140,0,151,0,25,178,0,203,146,0,146,349
06/04/2023,JWN,TN,ASO,ES,Federal Contract Tower,0,15,68,0,83,0,11,91,0,102,0,26,159,0,185,58,0,58,243
06/05/2023,JWN,TN,ASO,ES,Federal Contract Tower,0,12,47,0,59,0,9,111,0,120,0,21,158,0,179,136,0,136,315
06/06/2023,JWN,TN,ASO,ES,Federal Contract Tower,0,7,53,0,60,0,9,102,0,111,0,16,155,0,171,62,0,62,233
06/07/2023,JWN,TN,ASO,ES,Federal Contract Tower,0,13,78,0,91,0,9,97,0,106,0,22,175,0,197,143,0,143,340
06/08/2023,JWN,TN,ASO,ES,Federal Contract Tower,0,16,83,2,101,0,6,109,2,117,0,22,192,4,218,72,0,72,290
06/09/2023,JWN,TN,ASO,ES,Federal Contract Tower,0,13,79,0,92,0,8,120,0,128,0,21,199,0,220,132,0,132,352
06/10/2023,JWN,TN,ASO,ES,Federal Contract Tower,0,18,76,0,94,0,13,134,0,147,0,31,210,0,241,160,0,160,401
06/11/2023,JWN,TN,ASO,ES,Federal Contract Tower,0,17,62,0,79,0,0,27,1,28,0,17,89,1,107,40,0,40,147
06/12/2023,JWN,TN,ASO,ES,Federal Contract Tower,0,7,77,0,84,0,10,88,0,98,0,17,165,0,182,100,0,100,282
06/13/2023,JWN,TN,ASO,ES,Federal Contract Tower,0,9,55,0,64,0,5,147,0,152,0,14,202,0,216,192,0,192,408
06/14/2023,JWN,TN,ASO,ES,Federal Contract Tower,0,24,71,0,95,0,20,103,0,123,0,44,174,0,218,136,0,136,354
06/15/2023,JWN,TN,ASO,ES,Federal Contract Tower,0,21,61,1,83,0,19,74,0,93,0,40,135,1,176,104,0,104,280
06/16/2023,JWN,TN,ASO,ES,Federal Contract Tower,0,12,75,0,87,0,4,107,0,111,0,16,182,0,198,170,0,170,368
06/17/2023,JWN,TN,ASO,ES,Federal Contract Tower,0,15,46,0,61,0,24,143,1,168,0,39,189,1,229,172,10,182,411
06/18/2023,JWN,TN,ASO,ES,Federal Contract Tower,0,18,49,2,69,0,10,86,1,97,0,28,135,3,166,22,0,22,188
06/19/2023,JWN,TN,ASO,ES,Federal Contract Tower,0,7,64,0,71,0,0,35,0,35,0,7,99,0,106,8,0,8,114
06/20/2023,JWN,TN,ASO,ES,Federal Contract Tower,0,6,57,0,63,0,0,3,0,3,0,6,60,0,66,12,0,12,78
06/21/2023,JWN,TN,ASO,ES,Federal Contract Tower,0,14,80,0,94,0,0,39,2,41,0,14,119,2,135,132,0,132,267
06/22/2023,JWN,TN,ASO,ES,Federal Contract Tower,0,21,80,0,101,0,13,51,0,64,0,34,131,0,165,136,0,136,301
06/23/2023,JWN,TN,ASO,ES,Federal Contract Tower,0,15,71,4,90,0,10,112,0,122,0,25,183,4,212,132,0,132,344
06/24/2023,JWN,TN,ASO,ES,Federal Contract Tower,0,10,58,0,68,0,8,122,0,130,0,18,180,0,198,64,0,64,262
06/25/2023,JWN,TN,ASO,ES,Federal Contract Tower,0,9,65,0,74,0,8,64,0,72,0,17,129,0,146,58,0,58,204
06/26/2023,JWN,TN,ASO,ES,Federal Contract Tower,0,14,43,0,57,0,5,45,0,50,0,19,88,0,107,26,0,26,133
06/27/2023,JWN,TN,ASO,ES,Federal Contract Tower,0,11,87,0,98,0,7,99,4,110,0,18,186,4,208,88,0,88,296
06/28/2023,JWN,TN,ASO,ES,Federal Contract Tower,0,17,70,1,88,0,3,124,1,128,0,20,194,2,216,108,0,108,324
06/29/2023,JWN,TN,ASO,ES,Federal Contract Tower,0,29,62,0,91,0,10,72,0,82,0,39,134,0,173,44,0,44,217
06/30/2023,JWN,TN,ASO,ES,Federal Contract Tower,0,24,68,2,94,0,16,93,0,109,0,40,161,2,203,70,0,70,273
07/01/2023,JWN,TN,ASO,ES,Federal Contract Tower,0,17,66,0,83,0,2,120,0,122,0,19,186,0,205,140,0,140,345
07/02/2023,JWN,TN,ASO,ES,Federal Contract Tower,0,10,35,0,45,0,12,63,0,75,0,22,98,0,120,22,0,22,142
07/03/2023,JWN,TN,ASO,ES,Federal Contract Tower,0,2,41,0,43,0,8,111,0,119,0,10,152,0,162,124,0,124,286
07/04/2023,JWN,TN,ASO,ES,Federal Contract Tower,0,5,33,0,38,0,0,76,0,76,0,5,109,0,114,88,0,88,202
07/05/2023,JWN,TN,ASO,ES,Federal Contract Tower,0,13,54,0,67,0,6,89,0,95,0,19,143,0,162,68,0,68,230
07/06/2023,JWN,TN,ASO,ES,Federal Contract Tower,0,17,60,0,77,0,7,94,0,101,0,24,154,0,178,90,0,90,268
07/07/2023,JWN,TN,ASO,ES,Federal Contract Tower,0,18,70,2,90,0,9,121,0,130,0,27,191,2,220,180,2,182,402
07/08/2023,JWN,TN,ASO,ES,Federal Contract Tower,0,6,55,0,61,0,1,41,0,42,0,7,96,0,103,36,0,36,139
07/09/2023,JWN,TN,ASO,ES,Federal Contract Tower,0,29,88,0,117,0,5,10,0,15,0,34,98,0,132,6,0,6,138
07/10/2023,JWN,TN,ASO,ES,Federal Contract Tower,0,10,75,1,86,0,10,143,0,153,0,20,218,1,239,126,0,126,365
07/11/2023,JWN,TN,ASO,ES,Federal Contract Tower,0,12,76,0,88,0,1,98,0,99,0,13,174,0,187,116,0,116,303
07/12/2023,JWN,TN,ASO,ES,Federal Contract Tower,0,23,90,0,113,0,15,76,0,91,0,38,166,0,204,122,0,122,326
07/13/2023,JWN,TN,ASO,ES,Federal Contract Tower,0,18,94,0,112,0,14,55,0,69,0,32,149,0,181,168,0,168,349
07/14/2023,JWN,TN,ASO,ES,Federal Contract Tower,0,12,82,0,94,0,21,87,0,108,0,33,169,0,202,160,0,160,362
07/15/2023,JWN,TN,ASO,ES,Federal Contract Tower,0,5,46,0,51,0,14,29,0,43,0,19,75,0,94,58,0,58,152
07/16/2023,JWN,TN,ASO,ES,Federal Contract Tower,0,22,78,0,100,0,9,94,0,103,0,31,172,0,203,44,0,44,247
07/17/2023,JWN,TN,ASO,ES,Federal Contract Tower,0,6,72,0,78,0,13,92,0,105,0,19,164,0,183,122,0,122,305
07/18/2023,JWN,TN,ASO,ES,Federal Contract Tower,0,11,55,0,66,0,12,48,0,60,0,23,103,0,126,90,0,90,216
07/19/2023,JWN,TN,ASO,ES,Federal Contract Tower,0,10,48,0,58,0,1,49,1,51,0,11,97,1,109,80,0,80,189
07/20/2023,JWN,TN,ASO,ES,Federal Contract Tower,0,21,67,0,88,0,20,50,1,71,0,41,117,1,159,28,0,28,187
07/21/2023,JWN,TN,ASO,ES,Federal Contract Tower,0,29,65,0,94,0,20,95,0,115,0,49,160,0,209,136,0,136,345
07/22/2023,JWN,TN,ASO,ES,Federal Contract Tower,0,17,35,0,52,0,24,129,0,153,0,41,164,0,205,90,0,90,295
07/23/2023,JWN,TN,ASO,ES,Federal Contract Tower,0,12,62,0,74,0,15,107,0,122,0,27,169,0,196,110,0,110,306
07/24/2023,JWN,TN,ASO,ES,Federal Contract Tower,0,7,63,0,70,0,0,74,0,74,0,7,137,0,144,122,0,122,266
07/25/2023,JWN,TN,ASO,ES,Federal Contract Tower,0,7,50,0,57,0,4,97,0,101,0,11,147,0,158,136,0,136,294
07/26/2023,JWN,TN,ASO,ES,Federal Contract Tower,0,6,80,0,86,0,2,102,0,104,0,8,182,0,190,54,0,54,244
07/27/2023,JWN,TN,ASO,ES,Federal Contract Tower,0,24,110,4,138,0,12,127,5,144,0,36,237,9,282,148,0,148,430
07/28/2023,JWN,TN,ASO,ES,Federal Contract Tower,0,15,111,0,126,0,13,134,1,148,0,28,245,1,274,96,0,96,370
07/29/2023,JWN,TN,ASO,ES,Federal Contract Tower,0,9,57,0,66,0,38,115,0,153,0,47,172,0,219,164,0,164,383
07/30/2023,JWN,TN,ASO,ES,Federal Contract Tower,0,21,131,0,152,0,21,74,0,95,0,42,205,0,247,6,0,6,253
07/31/2023,JWN,TN,ASO,ES,Federal Contract Tower,0,7,58,0,65,0,4,103,0,107,0,11,161,0,172,88,0,88,260
08/01/2023,JWN,TN,ASO,ES,Federal Contract Tower,0,10,44,0,54,0,0,86,0,86,0,10,130,0,140,74,0,74,214
08/02/2023,JWN,TN,ASO,ES,Federal Contract Tower,0,18,62,0,80,0,2,102,2,106,0,20,164,2,186,140,0,140,326
08/03/2023,JWN,TN,ASO,ES,Federal Contract Tower,0,8,51,0,59,0,2,31,2,35,0,10,82,2,94,52,0,52,146
08/04/2023,JWN,TN,ASO,ES,Federal Contract Tower,0,26,73,3,102,0,0,43,0,43,0,26,116,3,145,112,0,112,257
08/05/2023,JWN,TN,ASO,ES,Federal Contract Tower,0,7,64,2,73,0,14,49,0,63,0,21,113,2,136,64,0,64,200
08/06/2023,JWN,TN,ASO,ES,Federal Contract Tower,0,29,81,2,112,0,15,60,0,75,0,44,141,2,187,54,0,54,241
08/07/2023,JWN,TN,ASO,ES,Federal Contract Tower,0,24,66,0,90,0,8,63,0,71,0,32,129,0,161,36,0,36,197
08/08/2023,JWN,TN,ASO,ES,Federal Contract Tower,0,16,72,0,88,0,0,100,0,100,0,16,172,0,188,86,0,86,274
08/09/2023,JWN,TN,ASO,ES,Federal Contract Tower,0,15,63,1,79,0,0,57,0,57,0,15,120,1,136,40,0,40,176
08/10/2023,JWN,TN,ASO,ES,Federal Contract Tower,0,20,75,0,95,0,2,60,8,70,0,22,135,8,165,58,0,58,223
08/11/2023,JWN,TN,ASO,ES,Federal Contract Tower,0,22,98,0,120,0,18,84,0,102,0,40,182,0,222,86,0,86,308
08/12/2023,JWN,TN,ASO,ES,Federal Contract Tower,0,8,43,0,51,0,32,42,6,80,0,40,85,6,131,150,0,150,281
08/13/2023,JWN,TN,ASO,ES,Federal Contract Tower,0,13,53,0,66,0,2,54,0,56,0,15,107,0,122,46,0,46,168
08/14/2023,JWN,TN,ASO,ES,Federal Contract Tower,0,12,66,0,78,0,0,59,2,61,0,12,125,2,139,34,0,34,173
08/15/2023,JWN,TN,ASO,ES,Federal Contract Tower,0,11,80,0,91,0,3,88,2,93,0,14,168,2,184,170,0,170,354
08/16/2023,JWN,TN,ASO,ES,Federal Contract Tower,0,8,73,2,83,0,0,97,2,99,0,8,170,4,182,164,0,164,346
08/17/2023,JWN,TN,ASO,ES,Federal Contract Tower,0,15,73,0,88,0,6,113,0,119,0,21,186,0,207,119,0,119,326
08/18/2023,JWN,TN,ASO,ES,Federal Contract Tower,0,11,70,0,81,0,1,153,0,154,0,12,223,0,235,86,0,86,321
08/19/2023,JWN,TN,ASO,ES,Federal Contract Tower,0,19,64,0,83,0,1,189,1,191,0,20,253,1,274,168,0,168,442
08/20/2023,JWN,TN,ASO,ES,Federal Contract Tower,0,17,91,0,108,0,3,97,0,100,0,20,188,0,208,50,0,50,258
08/21/2023,JWN,TN,ASO,ES,Federal Contract Tower,0,6,58,0,64,0,4,71,0,75,0,10,129,0,139,62,0,62,201
08/22/2023,JWN,TN,ASO,ES,Federal Contract Tower,0,22,52,0,74,0,2,76,0,78,0,24,128,0,152,78,0,78,230
08/23/2023,JWN,TN,ASO,ES,Federal Contract Tower,0,16,87,0,103,0,0,89,0,89,0,16,176,0,192,30,0,30,222
08/24/2023,JWN,TN,ASO,ES,Federal Contract Tower,0,14,88,0,102,0,3,82,1,86,0,17,170,1,188,92,0,92,280
08/25/2023,JWN,TN,ASO,ES,Federal Contract Tower,0,26,79,0,105,0,5,96,0,101,0,31,175,0,206,50,0,50,256
08/26/2023,JWN,TN,ASO,ES,Federal Contract Tower,0,6,46,0,52,0,0,98,0,98,0,6,144,0,150,118,0,118,268
08/27/2023,JWN,TN,ASO,ES,Federal Contract Tower,0,16,83,0,99,0,0,13,0,13,0,16,96,0,112,32,0,32,144
08/28/2023,JWN,TN,ASO,ES,Federal Contract Tower,0,4,68,2,74,0,4,62,0,66,0,8,130,2,140,61,0,61,201
08/29/2023,JWN,TN,ASO,ES,Federal Contract Tower,0,4,86,0,90,0,0,101,0,101,0,4,187,0,191,40,0,40,231
08/30/2023,JWN,TN,ASO,ES,Federal Contract Tower,0,14,76,0,90,0,3,75,0,78,0,17,151,0,168,54,0,54,222
08/31/2023,JWN,TN,ASO,ES,Federal Contract Tower,0,26,86,0,112,0,4,101,0,105,0,30,187,0,217,102,0,102,319
09/01/2021,JWN,TN,ASO,ES,Federal Contract Tower,0,9,72,0,81,0,7,44,2,53,0,16,116,2,134,110,0,110,244
09/02/2021,JWN,TN,ASO,ES,Federal Contract Tower,0,10,59,0,69,0,0,150,0,150,0,10,209,0,219,154,0,154,373
09/03/2021,JWN,TN,ASO,ES,Federal Contract Tower,0,15,73,0,88,0,10,159,0,169,0,25,232,0,257,187,0,187,444
09/04/2021,JWN,TN,ASO,ES,Federal Contract Tower,0,9,42,0,51,0,2,115,0,117,0,11,157,0,168,89,0,89,257
09/05/2021,JWN,TN,ASO,ES,Federal Contract Tower,11,43,0,0,54,0,1,73,0,74,11,44,73,0,128,30,0,30,158
09/06/2021,JWN,TN,ASO,ES,Federal Contract Tower,0,19,59,0,78,0,2,119,1,122,0,21,178,1,200,100,0,100,300
09/07/2021,JWN,TN,ASO,ES,Federal Contract Tower,0,11,54,0,65,0,11,84,0,95,0,22,138,0,160,110,0,110,270
09/08/2021,JWN,TN,ASO,ES,Federal Contract Tower,0,10,63,0,73,0,0,45,0,45,0,10,108,0,118,72,0,72,190
09/09/2021,JWN,TN,ASO,ES,Federal Contract Tower,0,13,55,0,68,0,4,92,4,100,0,17,147,4,168,124,4,128,296
09/10/2021,JWN,TN,ASO,ES,Federal Contract Tower,0,13,76,0,89,0,7,109,8,124,0,20,185,8,213,82,0,82,295
09/11/2021,JWN,TN,ASO,ES,Federal Contract Tower,0,12,44,0,56,0,15,105,0,120,0,27,149,0,176,80,0,80,256
09/12/2021,JWN,TN,ASO,ES,Federal Contract Tower,0,13,70,0,83,0,46,82,0,128,0,59,152,0,211,21,0,21,232
09/13/2021,JWN,TN,ASO,ES,Federal Contract Tower,0,3,52,0,55,25,64,0,0,89,25,67,52,0,144,158,0,158,302
09/14/2021,JWN,TN,ASO,ES,Federal Contract Tower,0,11,71,0,82,0,12,63,1,76,0,23,134,1,158,120,0,120,278
09/15/2021,JWN,TN,ASO,ES,Federal Contract Tower,0,5,91,0,96,0,5,22,0,27,0,10,113,0,123,26,0,26,149
09/16/2021,JWN,TN,ASO,ES,Federal Contract Tower,0,10,67,0,77,0,11,67,0,78,0,21,134,0,155,99,0,99,254
09/17/2021,JWN,TN,ASO,ES,Federal Contract Tower,0,13,82,0,95,0,2,25,0,27,0,15,107,0,122,42,0,42,164
09/18/2021,JWN,TN,ASO,ES,Federal Contract Tower,0,5,34,0,39,0,0,24,0,24,0,5,58,0,63,0,0,0,63
09/19/2021,JWN,TN,ASO,ES,Federal Contract Tower,0,18,66,0,84,0,1,13,0,14,0,19,79,0,98,6,0,6,104
09/20/2021,JWN,TN,ASO,ES,Federal Contract Tower,0,14,34,0,48,0,0,2,0,2,0,14,36,0,50,0,0,0,50
09/21/2021,JWN,TN,ASO,ES,Federal Contract Tower,0,17,49,0,66,0,0,19,0,19,0,17,68,0,85,66,0,66,151
09/22/2021,JWN,TN,ASO,ES,Federal Contract Tower,0,6,52,0,58,0,13,29,0,42,0,19,81,0,100,40,0,40,140
09/23/2021,JWN,TN,ASO,ES,Federal Contract Tower,0,14,63,0,77,0,13,108,0,121,0,27,171,0,198,140,0,140,338
09/24/2021,JWN,TN,ASO,ES,Federal Contract Tower,0,12,107,0,119,0,5,76,0,81,0,17,183,0,200,149,0,149,349
09/25/2021,JWN,TN,ASO,ES,Federal Contract Tower,0,12,51,0,63,0,52,100,0,152,0,64,151,0,215,146,0,146,361
09/26/2021,JWN,TN,ASO,ES,Federal Contract Tower,0,10,97,0,107,0,15,111,0,126,0,25,208,0,233,104,0,104,337
09/27/2021,JWN,TN,ASO,ES,Federal Contract Tower,0,12,61,0,73,0,26,74,0,100,0,38,135,0,173,258,0,258,431
09/28/2021,JWN,TN,ASO,ES,Federal Contract Tower,0,14,79,0,93,0,11,80,0,91,0,25,159,0,184,130,0,130,314
09/29/2021,JWN,TN,ASO,ES,Federal Contract Tower,0,12,79,0,91,0,15,87,0,102,0,27,166,0,193,133,0,133,326
09/30/2021,JWN,TN,ASO,ES,Federal Contract Tower,0,11,80,0,91,0,5,86,0,91,0,16,166,0,182,208,0,208,390
10/01/2021,JWN,TN,ASO,ES,Federal Contract Tower,0,15,90,0,105,0,6,89,0,95,0,21,179,0,200,194,0,194,394
10/02/2021,JWN,TN,ASO,ES,Federal Contract Tower,0,9,73,0,82,0,0,74,0,74,0,9,147,0,156,93,0,93,249
10/03/2021,JWN,TN,ASO,ES,Federal Contract Tower,0,19,92,0,111,0,6,67,0,73,0,25,159,0,184,52,0,52,236
10/04/2021,JWN,TN,ASO,ES,Federal Contract Tower,0,11,66,0,77,0,27,81,1,109,0,38,147,1,186,132,6,138,324
10/05/2021,JWN,TN,ASO,ES,Federal Contract Tower,0,5,49,2,56,0,1,54,3,58,0,6,103,5,114,190,2,192,306
10/06/2021,JWN,TN,ASO,ES,Federal Contract Tower,0,18,54,0,72,0,2,26,0,28,0,20,80,0,100,171,0,171,271
10/07/2021,JWN,TN,ASO,ES,Federal Contract Tower,0,19,97,0,116,0,6,51,18,75,0,25,148,18,191,182,0,182,373
10/08/2021,JWN,TN,ASO,ES,Federal Contract Tower,0,11,122,0,133,0,11,114,2,127,0,22,236,2,260,133,0,133,393
10/09/2021,JWN,TN,ASO,ES,Federal Contract Tower,0,23,71,0,94,0,23,219,0,242,0,46,290,0,336,146,0,146,482
10/10/2021,JWN,TN,ASO,ES,Federal Contract Tower,0,24,95,0,119,0,32,110,0,142,0,56,205,0,261,106,0,106,367
10/11/2021,JWN,TN,ASO,ES,Federal Contract Tower,0,11,62,0,73,0,11,71,0,82,0,22,133,0,155,152,0,152,307
10/12/2021,JWN,TN,ASO,ES,Federal Contract Tower,0,16,107,0,123,0,19,67,0,86,0,35,174,0,209,177,4,181,390
10/13/2021,JWN,TN,ASO,ES,Federal Contract Tower,0,27,65,0,92,0,1,47,0,48,0,28,112,0,140,125,0,125,265
10/14/2021,JWN,TN,ASO,ES,Federal Contract Tower,0,22,60,0,82,0,18,52,0,70,0,40,112,0,152,148,0,148,300
10/15/2021,JWN,TN,ASO,ES,Federal Contract Tower,0,22,80,0,102,0,2,41,0,43,0,24,121,0,145,94,0,94,239
10/16/2021,JWN,TN,ASO,ES,Federal Contract Tower,0,15,41,0,56,0,33,144,16,193,0,48,185,16,249,30,8,38,287
10/17/2021,JWN,TN,ASO,ES,Federal Contract Tower,0,25,95,0,120,0,43,175,0,218,0,68,270,0,338,56,0,56,394
10/18/2021,JWN,TN,ASO,ES,Federal Contract Tower,0,6,72,0,78,0,7,140,0,147,0,13,212,0,225,133,0,133,358
10/19/2021,JWN,TN,ASO,ES,Federal Contract Tower,0,23,88,0,111,0,6,110,0,116,0,29,198,0,227,82,0,82,309
10/20/2021,JWN,TN,ASO,ES,Federal Contract Tower,0,23,59,0,82,0,14,107,2,123,0,37,166,2,205,146,4,150,355
10/21/2021,JWN,TN,ASO,ES,Federal Contract Tower,0,12,85,0,97,0,2,44,2,48,0,14,129,2,145,29,0,29,174
10/22/2021,JWN,TN,ASO,ES,Federal Contract Tower,0,17,90,0,107,0,9,130,0,139,0,26,220,0,246,211,0,211,457
10/23/2021,JWN,TN,ASO,ES,Federal Contract Tower,0,20,70,0,90,0,7,153,0,160,0,27,223,0,250,231,0,231,481
10/24/2021,JWN,TN,ASO,ES,Federal Contract Tower,0,18,112,0,130,0,9,86,0,95,0,27,198,0,225,85,0,85,310
10/25/2021,JWN,TN,ASO,ES,Federal Contract Tower,0,15,89,1,105,0,33,43,1,77,0,48,132,2,182,48,2,50,232
10/26/2021,JWN,TN,ASO,ES,Federal Contract Tower,0,21,71,0,92,0,13,102,0,115,0,34,173,0,207,113,0,113,320
10/27/2021,JWN,TN,ASO,ES,Federal Contract Tower,0,5,75,0,80,0,14,99,0,113,0,19,174,0,193,185,0,185,378
10/28/2021,JWN,TN,ASO,ES,Federal Contract Tower,0,10,66,0,76,0,0,18,0,18,0,10,84,0,94,42,0,42,136
10/29/2021,JWN,TN,ASO,ES,Federal Contract Tower,0,12,65,0,77,0,0,51,0,51,0,12,116,0,128,61,0,61,189
10/30/2021,JWN,TN,ASO,ES,Federal Contract Tower,0,9,44,0,53,0,0,14,0,14,0,9,58,0,67,0,0,0,67
10/31/2021,JWN,TN,ASO,ES,Federal Contract Tower,0,22,72,0,94,0,2,104,0,106,0,24,176,0,200,44,0,44,244
11/01/2021,JWN,TN,ASO,ES,Federal Contract Tower,0,17,63,0,80,0,0,125,0,125,0,17,188,0,205,212,0,212,417
11/02/2021,JWN,TN,ASO,ES,Federal Contract Tower,0,9,49,0,58,0,8,61,0,69,0,17,110,0,127,150,0,150,277
11/03/2021,JWN,TN,ASO,ES,Federal Contract Tower,0,20,54,1,75,0,3,74,6,83,0,23,128,7,158,175,0,175,333
11/04/2021,JWN,TN,ASO,ES,Federal Contract Tower,0,18,73,0,91,0,0,94,2,96,0,18,167,2,187,229,0,229,416
11/05/2021,JWN,TN,ASO,ES,Federal Contract Tower,0,11,64,0,75,0,10,100,0,110,0,21,164,0,185,150,0,150,335
11/06/2021,JWN,TN,ASO,ES,Federal Contract Tower,0,8,52,0,60,0,3,137,0,140,0,11,189,0,200,124,0,124,324
11/07/2021,JWN,TN,ASO,ES,Federal Contract Tower,0,18,93,0,111,0,18,119,0,137,0,36,212,0,248,48,0,48,296
11/08/2021,JWN,TN,ASO,ES,Federal Contract Tower,0,24,69,0,93,0,2,123,0,125,0,26,192,0,218,144,0,144,362
11/09/2021,JWN,TN,ASO,ES,Federal Contract Tower,0,18,53,0,71,0,14,105,0,119,0,32,158,0,190,170,0,170,360
11/10/2021,JWN,TN,ASO,ES,Federal Contract Tower,0,24,81,0,105,0,2,107,0,109,0,26,188,0,214,162,0,162,376
11/11/2021,JWN,TN,ASO,ES,Federal Contract Tower,0,9,52,0,61,0,0,29,0,29,0,9,81,0,90,64,0,64,154
11/12/2021,JWN,TN,ASO,ES,Federal Contract Tower,0,13,81,0,94,0,14,93,1,108,0,27,174,1,202,130,4,134,336
11/13/2021,JWN,TN,ASO,ES,Federal Contract Tower,0,7,54,0,61,0,8,122,0,130,0,15,176,0,191,128,0,128,319
11/14/2021,JWN,TN,ASO,ES,Federal Contract Tower,0,27,96,0,123,0,13,112,7,132,0,40,208,7,255,46,0,46,301
11/15/2021,JWN,TN,ASO,ES,Federal Contract Tower,0,23,58,0,81,0,4,99,1,104,0,27,157,1,185,149,0,149,334
11/16/2021,JWN,TN,ASO,ES,Federal Contract Tower,0,19,92,0,111,0,4,64,0,68,0,23,156,0,179,76,0,76,255
11/17/2021,JWN,TN,ASO,ES,Federal Contract Tower,0,13,68,0,81,0,4,59,0,63,0,17,127,0,144,66,8,74,218
11/18/2021,JWN,TN,ASO,ES,Federal Contract Tower,0,11,62,0,73,0,11,72,1,84,0,22,134,1,157,62,0,62,219
11/19/2021,JWN,TN,ASO,ES,Federal Contract Tower,0,12,90,0,102,0,0,117,4,121,0,12,207,4,223,180,0,180,403
11/20/2021,JWN,TN,ASO,ES,Federal Contract Tower,0,15,66,0,81,0,10,104,0,114,0,25,170,0,195,166,0,166,361
11/21/2021,JWN,TN,ASO,ES,Federal Contract Tower,0,15,67,0,82,0,0,7,0,7,0,15,74,0,89,2,0,2,91
11/22/2021,JWN,TN,ASO,ES,Federal Contract Tower,0,7,71,0,78,0,6,70,0,76,0,13,141,0,154,180,0,180,334
11/23/2021,JWN,TN,ASO,ES,Federal Contract Tower,0,26,59,0,85,0,24,67,0,91,0,50,126,0,176,96,32,128,304
11/24/2021,JWN,TN,ASO,ES,Federal Contract Tower,0,12,76,0,88,0,16,79,0,95,0,28,155,0,183,120,0,120,303
11/25/2021,JWN,TN,ASO,ES,Federal Contract Tower,0,0,13,0,13,0,0,2,0,2,0,0,15,0,15,0,0,0,15
11/26/2021,JWN,TN,ASO,ES,Federal Contract Tower,0,8,54,0,62,0,6,63,0,69,0,14,117,0,131,90,0,90,221
11/27/2021,JWN,TN,ASO,ES,Federal Contract Tower,0,13,67,0,80,0,17,89,0,106,0,30,156,0,186,114,0,114,300
11/28/2021,JWN,TN,ASO,ES,Federal Contract Tower,0,14,89,0,103,0,8,72,3,83,0,22,161,3,186,74,0,74,260
11/29/2021,JWN,TN,ASO,ES,Federal Contract Tower,0,12,48,0,60,0,2,97,0,99,0,14,145,0,159,218,0,218,377
11/30/2021,JWN,TN,ASO,ES,Federal Contract Tower,0,20,61,0,81,0,9,85,5,99,0,29,146,5,180,190,0,190,370
12/01/2021,JWN,TN,ASO,ES,Federal Contract Tower,0,19,50,1,70,0,6,91,4,101,0,25,141,5,171,124,2,126,297
12/02/2021,JWN,TN,ASO,ES,Federal Contract Tower,0,15,70,1,86,0,2,107,3,112,0,17,177,4,198,255,0,255,453
12/03/2021,JWN,TN,ASO,ES,Federal Contract Tower,0,7,66,0,73,0,5,98,0,103,0,12,164,0,176,198,0,198,374
12/04/2021,JWN,TN,ASO,ES,Federal Contract Tower,0,4,35,0,39,0,7,58,0,65,0,11,93,0,104,92,0,92,196
12/05/2021,JWN,TN,ASO,ES,Federal Contract Tower,0,10,68,0,78,0,0,61,0,61,0,10,129,0,139,76,0,76,215
12/06/2021,JWN,TN,ASO,ES,Federal Contract Tower,0,8,28,0,36,0,0,29,0,29,0,8,57,0,65,32,0,32,97
12/07/2021,JWN,TN,ASO,ES,Federal Contract Tower,0,4,75,1,80,0,0,89,4,93,0,4,164,5,173,188,0,188,361
12/08/2021,JWN,TN,ASO,ES,Federal Contract Tower,0,10,73,0,83,0,10,87,0,97,0,20,160,0,180,152,0,152,332
12/09/2021,JWN,TN,ASO,ES,Federal Contract Tower,0,7,74,0,81,0,14,47,0,61,0,21,121,0,142,80,0,80,222
12/10/2021,JWN,TN,ASO,ES,Federal Contract Tower,0,16,79,0,95,0,1,0,0,1,0,17,79,0,96,0,0,0,96
12/11/2021,JWN,TN,ASO,ES,Federal Contract Tower,0,7,29,1,37,0,26,85,0,111,0,33,114,1,148,0,0,0,148
12/12/2021,JWN,TN,ASO,ES,Federal Contract Tower,0,22,75,0,97,0,18,84,0,102,0,40,159,0,199,90,0,90,289
12/13/2021,JWN,TN,ASO,ES,Federal Contract Tower,0,8,60,1,69,0,17,66,0,83,0,25,126,1,152,194,6,200,352
12/14/2021,JWN,TN,ASO,ES,Federal Contract Tower,0,15,70,1,86,0,10,108,0,118,0,25,178,1,204,228,0,228,432
12/15/2021,JWN,TN,ASO,ES,Federal Contract Tower,0,13,59,0,72,0,25,69,0,94,0,38,128,0,166,181,0,181,347
12/16/2021,JWN,TN,ASO,ES,Federal Contract Tower,0,13,69,0,82,0,1,17,0,18,0,14,86,0,100,48,0,48,148
12/17/2021,JWN,TN,ASO,ES,Federal Contract Tower,0,13,68,0,81,0,0,0,0,0,0,13,68,0,81,0,0,0,81
12/18/2021,JWN,TN,ASO,ES,Federal Contract Tower,0,13,60,0,73,0,0,5,0,5,0,13,65,0,78,10,0,10,88
12/19/2021,JWN,TN,ASO,ES,Federal Contract Tower,0,16,59,0,75,0,14,85,0,99,0,30,144,0,174,86,0,86,260
12/20/2021,JWN,TN,ASO,ES,Federal Contract Tower,0,8,55,0,63,0,4,67,0,71,0,12,122,0,134,115,0,115,249
12/21/2021,JWN,TN,ASO,ES,Federal Contract Tower,0,24,60,0,84,0,2,105,0,107,0,26,165,0,191,114,0,114,305
12/22/2021,JWN,TN,ASO,ES,Federal Contract Tower,0,12,53,0,65,0,15,136,0,151,0,27,189,0,216,111,0,111,327
12/23/2021,JWN,TN,ASO,ES,Federal Contract Tower,0,11,55,0,66,0,8,77,0,85,0,19,132,0,151,218,0,218,369
12/24/2021,JWN,TN,ASO,ES,Federal Contract Tower,0,4,25,0,29,0,4,31,0,35,0,8,56,0,64,54,0,54,118
12/25/2021,JWN,TN,ASO,ES,Federal Contract Tower,0,8,10,0,18,0,12,4,0,16,0,20,14,0,34,0,0,0,34
12/26/2021,JWN,TN,ASO,ES,Federal Contract Tower,0,14,70,0,84,0,2,52,0,54,0,16,122,0,138,62,0,62,200
12/27/2021,JWN,TN,ASO,ES,Federal Contract Tower,0,14,38,0,52,0,15,46,0,61,0,29,84,0,113,56,0,56,169
12/28/2021,JWN,TN,ASO,ES,Federal Contract Tower,0,8,28,0,36,0,9,26,0,35,0,17,54,0,71,84,0,84,155
12/29/2021,JWN,TN,ASO,ES,Federal Contract Tower,0,9,35,2,46,0,2,63,0,65,0,11,98,2,111,138,0,138,249
12/30/2021,JWN,TN,ASO,ES,Federal Contract Tower,0,16,65,0,81,0,4,44,0,48,0,20,109,0,129,18,0,18,147
12/31/2021,JWN,TN,ASO,ES,Federal Contract Tower,0,3,42,0,45,0,7,76,0,83,0,10,118,0,128,130,0,130,258
01/01/2022,JWN,TN,ASO,ES,Federal Contract Tower,0,4,11,0,15,0,0,0,0,0,0,4,11,0,15,4,0,4,19
01/02/2022,JWN,TN,ASO,ES,Federal Contract Tower,0,4,33,0,37,0,0,0,0,0,0,4,33,0,37,0,0,0,37
01/03/2022,JWN,TN,ASO,ES,Federal Contract Tower,0,18,47,0,65,0,2,63,0,65,0,20,110,0,130,44,0,44,174
01/04/2022,JWN,TN,ASO,ES,Federal Contract Tower,0,11,36,0,47,0,0,63,0,63,0,11,99,0,110,94,0,94,204
01/05/2022,JWN,TN,ASO,ES,Federal Contract Tower,0,11,47,0,58,0,1,120,0,121,0,12,167,0,179,180,0,180,359
01/06/2022,JWN,TN,ASO,ES,Federal Contract Tower,0,0,1,0,1,0,0,0,0,0,0,0,1,0,1,0,0,0,1
01/07/2022,JWN,TN,ASO,ES,Federal Contract Tower,0,2,25,0,27,0,14,38,0,52,0,16,63,0,79,58,0,58,137
01/08/2022,JWN,TN,ASO,ES,Federal Contract Tower,0,2,31,0,33,0,52,31,0,83,0,54,62,0,116,92,0,92,208
01/09/2022,JWN,TN,ASO,ES,Federal Contract Tower,0,4,26,0,30,0,2,22,0,24,0,6,48,0,54,26,0,26,80
01/10/2022,JWN,TN,ASO,ES,Federal Contract Tower,0,13,47,0,60,0,15,68,1,84,0,28,115,1,144,190,0,190,334
01/11/2022,JWN,TN,ASO,ES,Federal Contract Tower,0,3,49,6,58,0,2,71,0,73,0,5,120,6,131,258,0,258,389
01/12/2022,JWN,TN,ASO,ES,Federal Contract Tower,0,8,44,2,54,0,0,81,0,81,0,8,125,2,135,263,0,263,398
01/13/2022,JWN,TN,ASO,ES,Federal Contract Tower,0,14,37,0,51,0,7,61,0,68,0,21,98,0,119,226,0,226,345
01/14/2022,JWN,TN,ASO,ES,Federal Contract Tower,0,10,51,0,61,0,1,86,0,87,0,11,137,0,148,130,0,130,278
01/15/2022,JWN,TN,ASO,ES,Federal Contract Tower,0,5,26,0,31,0,0,36,0,36,0,5,62,0,67,40,0,40,107
01/16/2022,JWN,TN,ASO,ES,Federal Contract Tower,0,0,11,0,11,0,0,8,0,8,0,0,19,0,19,0,0,0,19
01/17/2022,JWN,TN,ASO,ES,Federal Contract Tower,0,4,43,0,47,0,6,21,1,28,0,10,64,1,75,38,0,38,113
01/18/2022,JWN,TN,ASO,ES,Federal Contract Tower,0,9,69,0,78,0,4,98,3,105,0,13,167,3,183,120,0,120,303
01/19/2022,JWN,TN,ASO,ES,Federal Contract Tower,0,6,44,0,50,0,0,10,3,13,0,6,54,3,63,30,0,30,93
01/20/2022,JWN,TN,ASO,ES,Federal Contract Tower,0,7,37,0,44,0,1,16,3,20,0,8,53,3,64,60,0,60,124
01/21/2022,JWN,TN,ASO,ES,Federal Contract Tower,0,14,51,0,65,0,11,87,0,98,0,25,138,0,163,215,0,215,378
01/22/2022,JWN,TN,ASO,ES,Federal Contract Tower,0,13,33,0,46,0,4,113,0,117,0,17,146,0,163,152,0,152,315
01/23/2022,JWN,TN,ASO,ES,Federal Contract Tower,0,13,55,0,68,0,8,89,0,97,0,21,144,0,165,36,0,36,201
01/24/2022,JWN,TN,ASO,ES,Federal Contract Tower,0,12,42,0,54,0,10,106,0,116,0,22,148,0,170,120,0,120,290
01/25/2022,JWN,TN,ASO,ES,Federal Contract Tower,0,8,50,3,61,0,5,95,0,100,0,13,145,3,161,178,0,178,339
01/26/2022,JWN,TN,ASO,ES,Federal Contract Tower,0,5,61,0,66,0,4,108,0,112,0,9,169,0,178,228,0,228,406
01/27/2022,JWN,TN,ASO,ES,Federal Contract Tower,0,10,46,0,56,0,5,94,0,99,0,15,140,0,155,130,0,130,285
01/28/2022,JWN,TN,ASO,ES,Federal Contract Tower,0,8,64,0,72,0,2,44,3,49,0,10,108,3,121,52,0,52,173
01/29/2022,JWN,TN,ASO,ES,Federal Contract Tower,0,10,38,0,48,0,19,149,3,171,0,29,187,3,219,174,0,174,393
01/30/2022,JWN,TN,ASO,ES,Federal Contract Tower,0,12,73,0,85,0,2,103,3,108,0,14,176,3,193,98,0,98,291
01/31/2022,JWN,TN,ASO,ES,Federal Contract Tower,0,12,44,0,56,0,7,82,6,95,0,19,126,6,151,194,0,194,345
02/01/2022,JWN,TN,ASO,ES,Federal Contract Tower,0,5,41,0,46,0,28,10,0,38,0,33,51,0,84,282,0,282,366
02/02/2022,JWN,TN,ASO,ES,Federal Contract Tower,0,2,40,2,44,0,0,0,0,0,0,2,40,2,44,2,0,2,46
02/03/2022,JWN,TN,ASO,ES,Federal Contract Tower,0,7,8,0,15,0,0,0,0,0,0,7,8,0,15,0,0,0,15
02/04/2022,JWN,TN,ASO,ES,Federal Contract Tower,0,2,43,0,45,0,2,23,0,25,0,4,66,0,70,68,0,68,138
02/05/2022,JWN,TN,ASO,ES,Federal Contract Tower,0,14,33,0,47,0,8,139,3,150,0,22,172,3,197,116,0,116,313
02/06/2022,JWN,TN,ASO,ES,Federal Contract Tower,0,5,48,0,53,0,6,123,0,129,0,11,171,0,182,52,0,52,234
02/07/2022,JWN,TN,ASO,ES,Federal Contract Tower,0,15,40,0,55,0,31,76,6,113,0,46,116,6,168,158,0,158,326
02/08/2022,JWN,TN,ASO,ES,Federal Contract Tower,0,10,49,0,59,0,6,94,0,100,0,16,143,0,159,188,0,188,347
02/09/2022,JWN,TN,ASO,ES,Federal Contract Tower,0,7,55,0,62,0,0,62,0,62,0,7,117,0,124,74,0,74,198
02/10/2022,JWN,TN,ASO,ES,Federal Contract Tower,0,7,61,0,68,0,13,117,0,130,0,20,178,0,198,162,0,162,360
02/11/2022,JWN,TN,ASO,ES,Federal Contract Tower,0,2,67,0,69,0,5,93,0,98,0,7,160,0,167,66,0,66,233
02/12/2022,JWN,TN,ASO,ES,Federal Contract Tower,0,4,47,0,51,0,6,129,0,135,0,10,176,0,186,114,0,114,300
02/13/2022,JWN,TN,ASO,ES,Federal Contract Tower,0,9,56,0,65,0,16,115,0,131,0,25,171,0,196,34,0,34,230
02/14/2022,JWN,TN,ASO,ES,Federal Contract Tower,0,3,48,1,52,0,16,189,0,205,0,19,237,1,257,94,0,94,351
02/15/2022,JWN,TN,ASO,ES,Federal Contract Tower,0,21,60,0,81,0,3,132,0,135,0,24,192,0,216,238,0,238,454
02/16/2022,JWN,TN,ASO,ES,Federal Contract Tower,0,19,51,0,70,0,12,53,0,65,0,31,104,0,135,50,0,50,185
02/17/2022,JWN,TN,ASO,ES,Federal Contract Tower,0,11,31,0,42,0,0,0,0,0,0,11,31,0,42,0,0,0,42
02/18/2022,JWN,TN,ASO,ES,Federal Contract Tower,0,15,88,0,103,0,8,117,0,125,0,23,205,0,228,176,0,176,404
02/19/2022,JWN,TN,ASO,ES,Federal Contract Tower,0,5,36,1,42,0,4,160,0,164,0,9,196,1,206,147,0,147,353
02/20/2022,JWN,TN,ASO,ES,Federal Contract Tower,0,12,46,0,58,0,14,150,0,164,0,26,196,0,222,58,0,58,280
02/21/2022,JWN,TN,ASO,ES,Federal Contract Tower,0,14,67,0,81,0,17,29,0,46,0,31,96,0,127,148,0,148,275
02/22/2022,JWN,TN,ASO,ES,Federal Contract Tower,0,11,18,0,29,0,0,0,0,0,0,11,18,0,29,0,0,0,29
02/23/2022,JWN,TN,ASO,ES,Federal Contract Tower,0,19,61,0,80,0,0,2,0,2,0,19,63,0,82,22,0,22,104
02/24/2022,JWN,TN,ASO,ES,Federal Contract Tower,0,11,39,0,50,0,0,0,0,0,0,11,39,0,50,0,0,0,50
02/25/2022,JWN,TN,ASO,ES,Federal Contract Tower,0,22,70,0,92,0,6,65,0,71,0,28,135,0,163,137,0,137,300
02/26/2022,JWN,TN,ASO,ES,Federal Contract Tower,0,11,36,0,47,0,12,98,0,110,0,23,134,0,157,202,3,205,362
02/27/2022,JWN,TN,ASO,ES,Federal Contract Tower,0,12,81,0,93,0,0,82,0,82,0,12,163,0,175,156,0,156,331
02/28/2022,JWN,TN,ASO,ES,Federal Contract Tower,0,7,53,0,60,0,4,103,1,108,0,11,156,1,168,136,0,136,304
03/01/2022,JWN,TN,ASO,ES,Federal Contract Tower,0,15,63,2,80,0,14,93,2,109,0,29,156,4,189,208,0,208,397
03/02/2022,JWN,TN,ASO,ES,Federal Contract Tower,0,8,71,0,79,0,6,153,0,159,0,14,224,0,238,266,0,266,504
03/03/2022,JWN,TN,ASO,ES,Federal Contract Tower,0,13,75,0,88,0,5,127,0,132,0,18,202,0,220,226,0,226,446
03/04/2022,JWN,TN,ASO,ES,Federal Contract Tower,0,21,71,0,92,0,3,115,0,118,0,24,186,0,210,229,0,229,439
03/05/2022,JWN,TN,ASO,ES,Federal Contract Tower,0,15,44,0,59,0,11,131,0,142,0,26,175,0,201,80,0,80,281
03/06/2022,JWN,TN,ASO,ES,Federal Contract Tower,0,12,58,0,70,0,3,76,0,79,0,15,134,0,149,92,0,92,241
03/07/2022,JWN,TN,ASO,ES,Federal Contract Tower,0,8,19,0,27,0,2,16,0,18,0,10,35,0,45,16,0,16,61
03/08/2022,JWN,TN,ASO,ES,Federal Contract Tower,0,12,59,3,74,0,17,93,0,110,0,29,152,3,184,146,2,148,332
03/09/2022,JWN,TN,ASO,ES,Federal Contract Tower,0,21,71,0,92,0,0,86,2,88,0,21,157,2,180,200,0,200,380
03/10/2022,JWN,TN,ASO,ES,Federal Contract Tower,0,25,59,0,84,0,4,107,0,111,0,29,166,0,195,198,0,198,393
03/11/2022,JWN,TN,ASO,ES,Federal Contract Tower,0,12,53,0,65,0,2,76,0,78,0,14,129,0,143,94,0,94,237
03/12/2022,JWN,TN,ASO,ES,Federal Contract Tower,0,8,39,0,47,0,0,80,0,80,0,8,119,0,127,28,0,28,155
03/13/2022,JWN,TN,ASO,ES,Federal Contract Tower,0,16,60,0,76,0,3,92,0,95,0,19,152,0,171,48,0,48,219
03/14/2022,JWN,TN,ASO,ES,Federal Contract Tower,0,3,49,0,52,0,0,113,0,113,0,3,162,0,165,138,0,138,303
03/15/2022,JWN,TN,ASO,ES,Federal Contract Tower,0,16,48,3,67,0,24,98,5,127,0,40,146,8,194,156,0,156,350
03/16/2022,JWN,TN,ASO,ES,Federal Contract Tower,0,19,89,0,108,0,0,59,5,64,0,19,148,5,172,114,0,114,286
03/17/2022,JWN,TN,ASO,ES,Federal Contract Tower,0,21,92,2,115,0,16,128,1,145,0,37,220,3,260,80,0,80,340
03/18/2022,JWN,TN,ASO,ES,Federal Contract Tower,0,22,58,0,80,0,3,41,4,48,0,25,99,4,128,92,0,92,220
03/19/2022,JWN,TN,ASO,ES,Federal Contract Tower,0,16,83,3,102,0,9,88,0,97,0,25,171,3,199,102,7,109,308
03/20/2022,JWN,TN,ASO,ES,Federal Contract Tower,0,15,76,3,94,0,2,166,0,168,0,17,242,3,262,102,0,102,364
03/21/2022,JWN,TN,ASO,ES,Federal Contract Tower,0,7,56,0,63,0,0,102,0,102,0,7,158,0,165,128,0,128,293
03/22/2022,JWN,TN,ASO,ES,Federal Contract Tower,0,6,26,1,33,0,2,13,0,15,0,8,39,1,48,84,0,84,132
03/23/2022,JWN,TN,ASO,ES,Federal Contract Tower,0,13,80,0,93,0,0,34,0,34,0,13,114,0,127,70,0,70,197
03/24/2022,JWN,TN,ASO,ES,Federal Contract Tower,0,20,81,2,103,0,1,76,0,77,0,21,157,2,180,67,0,67,247
03/25/2022,JWN,TN,ASO,ES,Federal Contract Tower,0,10,57,0,67,0,19,96,0,115,0,29,153,0,182,152,0,152,334
03/26/2022,JWN,TN,ASO,ES,Federal Contract Tower,0,12,31,0,43,0,21,104,0,125,0,33,135,0,168,54,0,54,222
03/27/2022,JWN,TN,ASO,ES,Federal Contract Tower,0,3,86,0,89,0,8,141,0,149,0,11,227,0,238,81,0,81,319
03/28/2022,JWN,TN,ASO,ES,Federal Contract Tower,0,13,63,0,76,0,5,127,0,132,0,18,190,0,208,154,0,154,362
03/29/2022,JWN,TN,ASO,ES,Federal Contract Tower,0,6,98,0,104,0,7,124,4,135,0,13,222,4,239,142,0,142,381
03/30/2022,JWN,TN,ASO,ES,Federal Contract Tower,0,16,52,0,68,0,0,10,3,13,0,16,62,3,81,75,0,75,156
03/31/2022,JWN,TN,ASO,ES,Federal Contract Tower,0,26,65,0,91,0,0,20,0,20,0,26,85,0,111,98,4,102,213
04/01/2022,JWN,TN,ASO,ES,Federal Contract Tower,0,11,80,0,91,0,11,176,6,193,0,22,256,6,284,188,0,188,472
04/02/2022,JWN,TN,ASO,ES,Federal Contract Tower,0,3,53,0,56,0,3,149,0,152,0,6,202,0,208,200,0,200,408
04/03/2022,JWN,TN,ASO,ES,Federal Contract Tower,0,20,82,0,102,0,8,143,0,151,0,28,225,0,253,210,0,210,463
04/04/2022,JWN,TN,ASO,ES,Federal Contract Tower,0,15,57,0,72,0,2,114,0,116,0,17,171,0,188,209,0,209,397
04/05/2022,JWN,TN,ASO,ES,Federal Contract Tower,0,17,57,0,74,0,0,1,0,1,0,17,58,0,75,14,0,14,89
04/06/2022,JWN,TN,ASO,ES,Federal Contract Tower,0,11,58,0,69,0,0,20,0,20,0,11,78,0,89,24,0,24,113
04/07/2022,JWN,TN,ASO,ES,Federal Contract Tower,0,37,90,0,127,0,0,77,2,79,0,37,167,2,206,80,0,80,286
04/08/2022,JWN,TN,ASO,ES,Federal Contract Tower,0,14,67,0,81,0,3,50,0,53,0,17,117,0,134,27,0,27,161
04/09/2022,JWN,TN,ASO,ES,Federal Contract Tower,0,16,47,0,63,0,9,109,0,118,0,25,156,0,181,86,0,86,267
04/10/2022,JWN,TN,ASO,ES,Federal Contract Tower,0,15,70,0,85,0,2,123,0,125,0,17,193,0,210,154,0,154,364
04/11/2022,JWN,TN,ASO,ES,Federal Contract Tower,0,10,49,0,59,0,0,34,0,34,0,10,83,0,93,166,0,166,259
04/12/2022,JWN,TN,ASO,ES,Federal Contract Tower,0,13,57,0,70,0,0,31,0,31,0,13,88,0,101,66,0,66,167
04/13/2022,JWN,TN,ASO,ES,Federal Contract Tower,0,16,61,0,77,0,0,13,4,17,0,16,74,4,94,32,8,40,134
04/14/2022,JWN,TN,ASO,ES,Federal Contract Tower,0,13,84,0,97,0,2,147,0,149,0,15,231,0,246,198,0,198,444
04/15/2022,JWN,TN,ASO,ES,Federal Contract Tower,0,19,71,0,90,0,2,134,0,136,0,21,205,0,226,239,1,240,466
04/16/2022,JWN,TN,ASO,ES,Federal Contract Tower,0,3,54,0,57,0,3,130,0,133,0,6,184,0,190,212,0,212,402
04/17/2022,JWN,TN,ASO,ES,Federal Contract Tower,0,18,46,0,64,0,4,63,0,67,0,22,109,0,131,39,0,39,170
04/18/2022,JWN,TN,ASO,ES,Federal Contract Tower,0,18,86,0,104,0,0,18,0,18,0,18,104,0,122,102,0,102,224
04/19/2022,JWN,TN,ASO,ES,Federal Contract Tower,0,16,62,0,78,0,0,124,4,128,0,16,186,4,206,238,2,240,446
04/20/2022,JWN,TN,ASO,ES,Federal Contract Tower,0,15,62,3,80,0,12,104,2,118,0,27,166,5,198,132,2,134,332
04/21/2022,JWN,TN,ASO,ES,Federal Contract Tower,0,19,93,0,112,0,9,83,0,92,0,28,176,0,204,156,0,156,360
04/22/2022,JWN,TN,ASO,ES,Federal Contract Tower,0,17,83,0,100,0,0,151,0,151,0,17,234,0,251,144,0,144,395
04/23/2022,JWN,TN,ASO,ES,Federal Contract Tower,0,17,68,0,85,0,8,172,0,180,0,25,240,0,265,209,0,209,474
04/24/2022,JWN,TN,ASO,ES,Federal Contract Tower,0,13,89,0,102,0,2,95,0,97,0,15,184,0,199,50,0,50,249
04/25/2022,JWN,TN,ASO,ES,Federal Contract Tower,0,13,60,0,73,0,0,5,0,5,0,13,65,0,78,22,0,22,100
04/26/2022,JWN,TN,ASO,ES,Federal Contract Tower,0,21,103,0,124,0,2,102,0,104,0,23,205,0,228,116,2,118,346
04/27/2022,JWN,TN,ASO,ES,Federal Contract Tower,0,17,113,0,130,0,0,156,10,166,0,17,269,10,296,158,2,160,456
04/28/2022,JWN,TN,ASO,ES,Federal Contract Tower,0,23,92,0,115,0,0,130,2,132,0,23,222,2,247,263,2,265,512
04/29/2022,JWN,TN,ASO,ES,Federal Contract Tower,0,17,96,0,113,0,6,124,5,135,0,23,220,5,248,334,0,334,582
04/30/2022,JWN,TN,ASO,ES,Federal Contract Tower,0,14,51,0,65,0,6,78,0,84,0,20,129,0,149,142,0,142,291
05/01/2022,JWN,TN,ASO,ES,Federal Contract Tower,0,24,82,0,106,0,0,65,0,65,0,24,147,0,171,10,0,10,181
05/02/2022,JWN,TN,ASO,ES,Federal Contract Tower,0,14,59,0,73,0,4,81,1,86,0,18,140,1,159,182,0,182,341
05/03/2022,JWN,TN,ASO,ES,Federal Contract Tower,0,12,65,2,79,0,9,46,2,57,0,21,111,4,136,82,0,82,218
05/04/2022,JWN,TN,ASO,ES,Federal Contract Tower,0,8,81,0,89,0,14,89,1,104,0,22,170,1,193,282,0,282,475
05/05/2022,JWN,TN,ASO,ES,Federal Contract Tower,0,11,74,0,85,0,0,73,0,73,0,11,147,0,158,198,0,198,356
05/06/2022,JWN,TN,ASO,ES,Federal Contract Tower,0,20,65,0,85,0,4,22,0,26,0,24,87,0,111,82,0,82,193
05/07/2022,JWN,TN,ASO,ES,Federal Contract Tower,0,8,70,0,78,0,0,39,0,39,0,8,109,0,117,128,0,128,245
05/08/2022,JWN,TN,ASO,ES,Federal Contract Tower,0,23,77,0,100,0,1,110,0,111,0,24,187,0,211,58,0,58,269
05/09/2022,JWN,TN,ASO,ES,Federal Contract Tower,0,17,92,0,109,0,4,107,0,111,0,21,199,0,220,172,0,172,392
05/10/2022,JWN,TN,ASO,ES,Federal Contract Tower,0,12,75,0,87,0,3,154,0,157,0,15,229,0,244,152,0,152,396
05/11/2022,JWN,TN,ASO,ES,Federal Contract Tower,0,31,93,0,124,0,4,108,8,120,0,35,201,8,244,144,0,144,388
05/12/2022,JWN,TN,ASO,ES,Federal Contract Tower,0,35,72,0,107,0,0,129,4,133,0,35,201,4,240,262,2,264,504
05/13/2022,JWN,TN,ASO,ES,Federal Contract Tower,0,19,93,0,112,0,6,141,0,147,0,25,234,0,259,250,0,250,509
05/14/2022,JWN,TN,ASO,ES,Federal Contract Tower,0,22,54,0,76,0,8,126,0,134,0,30,180,0,210,70,0,70,280
05/15/2022,JWN,TN,ASO,ES,Federal Contract Tower,0,16,77,0,93,0,3,128,0,131,0,19,205,0,224,80,0,80,304
05/16/2022,JWN,TN,ASO,ES,Federal Contract Tower,0,11,60,0,71,0,3,102,0,105,0,14,162,0,176,152,0,152,328
05/17/2022,JWN,TN,ASO,ES,Federal Contract Tower,0,14,54,0,68,0,17,114,0,131,0,31,168,0,199,150,0,150,349
05/18/2022,JWN,TN,ASO,ES,Federal Contract Tower,0,15,65,1,81,0,1,81,0,82,0,16,146,1,163,218,0,218,381
05/19/2022,JWN,TN,ASO,ES,Federal Contract Tower,0,19,71,0,90,0,0,94,2,96,0,19,165,2,186,328,0,328,514
05/20/2022,JWN,TN,ASO,ES,Federal Contract Tower,0,12,88,2,102,0,0,55,2,57,0,12,143,4,159,180,10,190,349
05/21/2022,JWN,TN,ASO,ES,Federal Contract Tower,0,8,52,2,62,0,4,111,2,117,0,12,163,4,179,224,0,224,403
05/22/2022,JWN,TN,ASO,ES,Federal Contract Tower,0,15,76,0,91,0,2,28,0,30,0,17,104,0,121,20,0,20,141
05/23/2022,JWN,TN,ASO,ES,Federal Contract Tower,0,21,74,0,95,0,1,36,0,37,0,22,110,0,132,110,0,110,242
05/24/2022,JWN,TN,ASO,ES,Federal Contract Tower,0,17,89,0,106,0,0,44,11,55,0,17,133,11,161,148,18,166,327
05/25/2022,JWN,TN,ASO,ES,Federal Contract Tower,0,19,70,0,89,0,2,21,0,23,0,21,91,0,112,38,0,38,150
05/26/2022,JWN,TN,ASO,ES,Federal Contract Tower,0,26,42,0,68,0,0,35,0,35,0,26,77,0,103,60,0,60,163
05/27/2022,JWN,TN,ASO,ES,Federal Contract Tower,0,25,119,0,144,0,11,69,0,80,0,36,188,0,224,254,0,254,478
05/28/2022,JWN,TN,ASO,ES,Federal Contract Tower,0,8,42,0,50,0,0,108,0,108,0,8,150,0,158,304,0,304,462
05/29/2022,JWN,TN,ASO,ES,Federal Contract Tower,0,25,49,0,74,0,8,129,0,137,0,33,178,0,211,14,0,14,225
05/30/2022,JWN,TN,ASO,ES,Federal Contract Tower,0,16,65,0,81,0,8,120,0,128,0,24,185,0,209,222,0,222,431
05/31/2022,JWN,TN,ASO,ES,Federal Contract Tower,0,12,57,0,69,0,19,93,0,112,0,31,150,0,181,112,0,112,293
06/01/2022,JWN,TN,ASO,ES,Federal Contract Tower,0,13,48,0,61,0,7,103,2,112,0,20,151,2,173,210,0,210,383
06/02/2022,JWN,TN,ASO,ES,Federal Contract Tower,0,14,59,0,73,0,4,75,0,79,0,18,134,0,152,178,0,178,330
06/03/2022,JWN,TN,ASO,ES,Federal Contract Tower,0,13,80,0,93,0,3,104,2,109,0,16,184,2,202,206,0,206,408
06/04/2022,JWN,TN,ASO,ES,Federal Contract Tower,0,4,47,0,51,0,0,152,0,152,0,4,199,0,203,156,0,156,359
06/05/2022,JWN,TN,ASO,ES,Federal Contract Tower,0,11,61,0,72,0,0,108,0,108,0,11,169,0,180,62,0,62,242
06/06/2022,JWN,TN,ASO,ES,Federal Contract Tower,0,11,43,0,54,0,0,44,0,44,0,11,87,0,98,200,0,200,298
06/07/2022,JWN,TN,ASO,ES,Federal Contract Tower,0,7,51,0,58,0,5,40,0,45,0,12,91,0,103,62,0,62,165
06/08/2022,JWN,TN,ASO,ES,Federal Contract Tower,0,11,68,0,79,0,4,41,0,45,0,15,109,0,124,130,0,130,254
06/09/2022,JWN,TN,ASO,ES,Federal Contract Tower,0,18,84,0,102,0,3,158,0,161,0,21,242,0,263,184,0,184,447
06/10/2022,JWN,TN,ASO,ES,Federal Contract Tower,0,19,48,2,69,0,2,125,0,127,0,21,173,2,196,162,0,162,358
06/11/2022,JWN,TN,ASO,ES,Federal Contract Tower,0,12,43,0,55,0,11,141,0,152,0,23,184,0,207,106,0,106,313
06/12/2022,JWN,TN,ASO,ES,Federal Contract Tower,0,25,70,0,95,0,0,95,0,95,0,25,165,0,190,36,0,36,226
06/13/2022,JWN,TN,ASO,ES,Federal Contract Tower,0,16,75,2,93,0,17,114,0,131,0,33,189,2,224,176,0,176,400
06/14/2022,JWN,TN,ASO,ES,Federal Contract Tower,0,9,49,0,58,0,8,89,0,97,0,17,138,0,155,134,0,134,289
06/15/2022,JWN,TN,ASO,ES,Federal Contract Tower,0,15,85,0,100,0,6,109,1,116,0,21,194,1,216,88,4,92,308
06/16/2022,JWN,TN,ASO,ES,Federal Contract Tower,0,9,66,0,75,0,12,111,2,125,0,21,177,2,200,223,2,225,425
06/17/2022,JWN,TN,ASO,ES,Federal Contract Tower,0,25,73,0,98,0,2,84,0,86,0,27,157,0,184,78,0,78,262
06/18/2022,JWN,TN,ASO,ES,Federal Contract Tower,0,12,62,0,74,0,1,134,0,135,0,13,196,0,209,110,0,110,319
06/19/2022,JWN,TN,ASO,ES,Federal Contract Tower,0,8,68,0,76,0,13,92,0,105,0,21,160,0,181,66,0,66,247
06/20/2022,JWN,TN,ASO,ES,Federal Contract Tower,0,13,52,0,65,0,11,114,0,125,0,24,166,0,190,182,0,182,372
06/21/2022,JWN,TN,ASO,ES,Federal Contract Tower,0,22,44,0,66,0,12,93,0,105,0,34,137,0,171,124,0,124,295
06/22/2022,JWN,TN,ASO,ES,Federal Contract Tower,0,13,74,0,87,0,10,98,0,108,0,23,172,0,195,220,0,220,415
06/23/2022,JWN,TN,ASO,ES,Federal Contract Tower,0,17,74,0,91,0,19,114,0,133,0,36,188,0,224,145,0,145,369
06/24/2022,JWN,TN,ASO,ES,Federal Contract Tower,0,14,77,0,91,0,2,142,0,144,0,16,219,0,235,197,0,197,432
06/25/2022,JWN,TN,ASO,ES,Federal Contract Tower,0,13,58,0,71,0,5,121,0,126,0,18,179,0,197,142,0,142,339
06/26/2022,JWN,TN,ASO,ES,Federal Contract Tower,0,16,59,0,75,0,14,72,0,86,0,30,131,0,161,16,0,16,177
06/27/2022,JWN,TN,ASO,ES,Federal Contract Tower,0,22,56,0,78,0,0,92,0,92,0,22,148,0,170,112,0,112,282
06/28/2022,JWN,TN,ASO,ES,Federal Contract Tower,0,19,43,2,64,0,9,104,4,117,0,28,147,6,181,182,0,182,363
06/29/2022,JWN,TN,ASO,ES,Federal Contract Tower,0,5,49,0,54,0,17,112,0,129,0,22,161,0,183,190,0,190,373
06/30/2022,JWN,TN,ASO,ES,Federal Contract Tower,0,23,70,0,93,0,18,120,0,138,0,41,190,0,231,90,0,90,321
07/01/2022,JWN,TN,ASO,ES,Federal Contract Tower,0,17,66,0,83,0,2,120,0,122,0,19,186,0,205,140,0,140,345
07/02/2022,JWN,TN,ASO,ES,Federal Contract Tower,0,14,33,0,47,0,0,101,0,101,0,14,134,0,148,60,0,60,208
07/03/2022,JWN,TN,ASO,ES,Federal Contract Tower,0,11,34,0,45,0,1,50,0,51,0,12,84,0,96,38,0,38,134
07/04/2022,JWN,TN,ASO,ES,Federal Contract Tower,0,8,28,0,36,0,14,74,0,88,0,22,102,0,124,92,0,92,216
07/05/2022,JWN,TN,ASO,ES,Federal Contract Tower,0,11,69,0,80,0,10,97,0,107,0,21,166,0,187,106,0,106,293
07/06/2022,JWN,TN,ASO,ES,Federal Contract Tower,0,6,51,0,57,0,6,71,0,77,0,12,122,0,134,92,0,92,226
07/07/2022,JWN,TN,ASO,ES,Federal Contract Tower,0,17,47,0,64,0,2,70,4,76,0,19,117,4,140,88,0,88,228
07/08/2022,JWN,TN,ASO,ES,Federal Contract Tower,0,19,61,0,80,0,7,144,0,151,0,26,205,0,231,162,0,162,393
07/09/2022,JWN,TN,ASO,ES,Federal Contract Tower,0,5,55,0,60,0,14,48,0,62,0,19,103,0,122,106,0,106,228
07/10/2022,JWN,TN,ASO,ES,Federal Contract Tower,0,9,90,0,99,0,8,82,0,90,0,17,172,0,189,70,0,70,259
07/11/2022,JWN,TN,ASO,ES,Federal Contract Tower,0,19,61,0,80,0,7,144,0,151,0,26,205,0,231,162,0,162,393
07/12/2022,JWN,TN,ASO,ES,Federal Contract Tower,0,20,61,1,82,0,10,85,2,97,0,30,146,3,179,134,0,134,313
07/13/2022,JWN,TN,ASO,ES,Federal Contract Tower,0,13,76,0,89,0,21,113,0,134,0,34,189,0,223,196,0,196,419
07/14/2022,JWN,TN,ASO,ES,Federal Contract Tower,0,9,65,0,74,0,5,135,0,140,0,14,200,0,214,132,0,132,346
07/15/2022,JWN,TN,ASO,ES,Federal Contract Tower,0,19,56,0,75,0,1,109,0,110,0,20,165,0,185,120,2,122,307
07/16/2022,JWN,TN,ASO,ES,Federal Contract Tower,0,6,41,0,47,0,1,144,0,145,0,7,185,0,192,100,0,100,292
07/17/2022,JWN,TN,ASO,ES,Federal Contract Tower,0,17,49,0,66,0,3,58,0,61,0,20,107,0,127,58,0,58,185
07/18/2022,JWN,TN,ASO,ES,Federal Contract Tower,0,11,68,2,81,0,9,40,6,55,0,20,108,8,136,114,0,114,250
07/19/2022,JWN,TN,ASO,ES,Federal Contract Tower,0,13,62,0,75,0,4,95,0,99,0,17,157,0,174,162,0,162,336
07/20/2022,JWN,TN,ASO,ES,Federal Contract Tower,0,9,69,0,78,0,9,91,0,100,0,18,160,0,178,98,0,98,276
07/21/2022,JWN,TN,ASO,ES,Federal Contract Tower,0,20,67,1,88,0,1,100,4,105,0,21,167,5,193,209,0,209,402
07/22/2022,JWN,TN,ASO,ES,Federal Contract Tower,0,10,70,0,80,0,8,97,0,105,0,18,167,0,185,170,0,170,355
07/23/2022,JWN,TN,ASO,ES,Federal Contract Tower,0,2,34,0,36,0,4,105,0,109,0,6,139,0,145,126,0,126,271
07/24/2022,JWN,TN,ASO,ES,Federal Contract Tower,0,10,81,0,91,0,1,98,1,100,0,11,179,1,191,44,0,44,235
07/25/2022,JWN,TN,ASO,ES,Federal Contract Tower,0,3,30,0,33,0,1,49,0,50,0,4,79,0,83,172,0,172,255
07/26/2022,JWN,TN,ASO,ES,Federal Contract Tower,0,13,37,0,50,0,1,64,0,65,0,14,101,0,115,46,0,46,161
07/27/2022,JWN,TN,ASO,ES,Federal Contract Tower,0,5,67,0,72,0,3,95,0,98,0,8,162,0,170,46,0,46,216
07/28/2022,JWN,TN,ASO,ES,Federal Contract Tower,0,13,70,0,83,0,3,0,0,3,0,16,70,0,86,58,0,58,144
07/29/2022,JWN,TN,ASO,ES,Federal Contract Tower,0,20,55,0,75,0,0,32,0,32,0,20,87,0,107,76,0,76,183
07/30/2022,JWN,TN,ASO,ES,Federal Contract Tower,0,13,38,0,51,0,1,115,0,116,0,14,153,0,167,108,0,108,275
07/31/2022,JWN,TN,ASO,ES,Federal Contract Tower,0,8,70,0,78,0,5,46,0,51,0,13,116,0,129,12,0,12,141
08/01/2022,JWN,TN,ASO,ES,Federal Contract Tower,0,6,59,0,65,0,2,80,0,82,0,8,139,0,147,200,0,200,347
08/02/2022,JWN,TN,ASO,ES,Federal Contract Tower,0,5,58,0,63,0,1,108,0,109,0,6,166,0,172,92,0,92,264
08/03/2022,JWN,TN,ASO,ES,Federal Contract Tower,0,11,56,0,67,0,4,121,0,125,0,15,177,0,192,166,0,166,358
08/04/2022,JWN,TN,ASO,ES,Federal Contract Tower,0,11,58,0,69,0,2,97,0,99,0,13,155,0,168,88,0,88,256
08/05/2022,JWN,TN,ASO,ES,Federal Contract Tower,0,15,76,0,91,0,0,80,10,90,0,15,156,10,181,215,0,215,396
08/06/2022,JWN,TN,ASO,ES,Federal Contract Tower,0,13,50,0,63,0,0,124,2,126,0,13,174,2,189,94,0,94,283
08/07/2022,JWN,TN,ASO,ES,Federal Contract Tower,0,19,57,0,76,0,2,70,1,73,0,21,127,1,149,72,0,72,221
08/08/2022,JWN,TN,ASO,ES,Federal Contract Tower,0,29,58,0,87,0,1,124,0,125,0,30,182,0,212,262,0,262,474
08/09/2022,JWN,TN,ASO,ES,Federal Contract Tower,0,17,66,1,84,0,0,46,0,46,0,17,112,1,130,66,0,66,196
08/10/2022,JWN,TN,ASO,ES,Federal Contract Tower,0,11,56,0,67,0,0,66,0,66,0,11,122,0,133,68,0,68,201
08/11/2022,JWN,TN,ASO,ES,Federal Contract Tower,0,9,72,0,81,0,3,64,0,67,0,12,136,0,148,147,0,147,295
08/12/2022,JWN,TN,ASO,ES,Federal Contract Tower,0,14,76,0,90,0,4,107,0,111,0,18,183,0,201,113,0,113,314
08/13/2022,JWN,TN,ASO,ES,Federal Contract Tower,0,11,48,1,60,0,4,167,0,171,0,15,215,1,231,120,0,120,351
08/14/2022,JWN,TN,ASO,ES,Federal Contract Tower,0,23,72,0,95,0,7,107,2,116,0,30,179,2,211,56,0,56,267
08/15/2022,JWN,TN,ASO,ES,Federal Contract Tower,0,13,50,0,63,0,11,99,0,110,0,24,149,0,173,111,0,111,284
08/16/2022,JWN,TN,ASO,ES,Federal Contract Tower,0,11,62,0,73,0,0,42,2,44,0,11,104,2,117,74,0,74,191
08/17/2022,JWN,TN,ASO,ES,Federal Contract Tower,0,18,75,0,93,0,1,103,0,104,0,19,178,0,197,201,0,201,398
08/18/2022,JWN,TN,ASO,ES,Federal Contract Tower,0,9,71,0,80,0,2,137,0,139,0,11,208,0,219,138,2,140,359
08/19/2022,JWN,TN,ASO,ES,Federal Contract Tower,0,11,69,0,80,0,1,93,2,96,0,12,162,2,176,124,0,124,300
08/20/2022,JWN,TN,ASO,ES,Federal Contract Tower,0,14,45,0,59,0,5,71,0,76,0,19,116,0,135,124,0,124,259
08/21/2022,JWN,TN,ASO,ES,Federal Contract Tower,0,20,75,0,95,0,3,34,0,37,0,23,109,0,132,34,0,34,166
08/22/2022,JWN,TN,ASO,ES,Federal Contract Tower,0,12,68,0,80,0,6,69,2,77,0,18,137,2,157,72,0,72,229
08/23/2022,JWN,TN,ASO,ES,Federal Contract Tower,0,8,70,0,78,0,0,85,2,87,0,8,155,2,165,100,0,100,265
08/24/2022,JWN,TN,ASO,ES,Federal Contract Tower,0,15,89,0,104,0,8,115,0,123,0,23,204,0,227,146,0,146,373
08/25/2022,JWN,TN,ASO,ES,Federal Contract Tower,0,16,79,0,95,0,0,107,0,107,0,16,186,0,202,122,0,122,324
08/26/2022,JWN,TN,ASO,ES,Federal Contract Tower,0,11,74,0,85,0,5,110,0,115,0,16,184,0,200,134,0,134,334
08/27/2022,JWN,TN,ASO,ES,Federal Contract Tower,0,11,48,0,59,0,0,132,0,132,0,11,180,0,191,210,0,210,401
08/28/2022,JWN,TN,ASO,ES,Federal Contract Tower,0,18,80,0,98,0,0,94,0,94,0,18,174,0,192,68,0,68,260
08/29/2022,JWN,TN,ASO,ES,Federal Contract Tower,0,6,38,0,44,0,7,39,0,46,0,13,77,0,90,64,0,64,154
08/30/2022,JWN,TN,ASO,ES,Federal Contract Tower,0,7,77,0,84,0,0,68,0,68,0,7,145,0,152,164,0,164,316
08/31/2022,JWN,TN,ASO,ES,Federal Contract Tower,0,12,64,0,76,0,5,118,0,123,0,17,182,0,199,170,0,170,369
09/01/2022,JWN,TN,ASO,ES,Federal Contract Tower,0,20,78,0,98,0,0,120,0,120,0,20,198,0,218,158,0,158,376
09/02/2022,JWN,TN,ASO,ES,Federal Contract Tower,0,16,68,0,84,0,5,114,0,119,0,21,182,0,203,186,0,186,389
09/03/2022,JWN,TN,ASO,ES,Federal Contract Tower,0,3,42,0,45,0,3,65,0,68,0,6,107,0,113,84,0,84,197
09/04/2022,JWN,TN,ASO,ES,Federal Contract Tower,0,4,35,0,39,0,3,77,0,80,0,7,112,0,119,42,0,42,161
09/05/2022,JWN,TN,ASO,ES,Federal Contract Tower,0,15,86,0,101,0,34,22,0,56,0,49,108,0,157,44,0,44,201
09/06/2022,JWN,TN,ASO,ES,Federal Contract Tower,0,10,57,0,67,0,3,61,0,64,0,13,118,0,131,20,0,20,151
09/07/2022,JWN,TN,ASO,ES,Federal Contract Tower,0,10,64,0,74,0,7,97,0,104,0,17,161,0,178,172,0,172,350
09/08/2022,JWN,TN,ASO,ES,Federal Contract Tower,0,14,78,0,92,0,1,111,0,112,0,15,189,0,204,179,0,179,383
09/09/2022,JWN,TN,ASO,ES,Federal Contract Tower,0,19,97,0,116,0,3,128,0,131,0,22,225,0,247,196,0,196,443
09/10/2022,JWN,TN,ASO,ES,Federal Contract Tower,0,2,46,0,48,0,3,75,0,78,0,5,121,0,126,72,0,72,198
09/11/2022,JWN,TN,ASO,ES,Federal Contract Tower,0,14,91,0,105,0,0,8,1,9,0,14,99,1,114,16,0,16,130
09/12/2022,JWN,TN,ASO,ES,Federal Contract Tower,0,17,32,0,49,0,3,113,0,116,0,20,145,0,165,190,0,190,355
09/13/2022,JWN,TN,ASO,ES,Federal Contract Tower,0,8,74,0,82,0,7,127,1,135,0,15,201,1,217,182,0,182,399
09/14/2022,JWN,TN,ASO,ES,Federal Contract Tower,0,14,73,0,87,0,2,150,4,156,0,16,223,4,243,178,0,178,421
09/15/2022,JWN,TN,ASO,ES,Federal Contract Tower,0,13,70,0,83,0,3,88,0,91,0,16,158,0,174,196,0,196,370
09/16/2022,JWN,TN,ASO,ES,Federal Contract Tower,0,16,119,0,135,0,15,138,0,153,0,31,257,0,288,182,0,182,470
09/17/2022,JWN,TN,ASO,ES,Federal Contract Tower,0,14,60,1,75,0,20,142,0,162,0,34,202,1,237,218,0,218,455
09/18/2022,JWN,TN,ASO,ES,Federal Contract Tower,0,16,87,1,104,0,8,122,0,130,0,24,209,1,234,132,0,132,366
09/19/2022,JWN,TN,ASO,ES,Federal Contract Tower,0,16,64,2,82,0,4,100,0,104,0,20,164,2,186,210,0,210,396
09/20/2022,JWN,TN,ASO,ES,Federal Contract Tower,0,13,61,2,76,0,3,106,5,114,0,16,167,7,190,240,0,240,430
09/21/2022,JWN,TN,ASO,ES,Federal Contract Tower,0,22,90,2,114,0,7,107,0,114,0,29,197,2,228,197,0,197,425
09/22/2022,JWN,TN,ASO,ES,Federal Contract Tower,0,14,100,0,114,0,2,121,0,123,0,16,221,0,237,202,0,202,439
09/23/2022,JWN,TN,ASO,ES,Federal Contract Tower,0,19,96,0,115,0,3,120,0,123,0,22,216,0,238,166,0,166,404
09/24/2022,JWN,TN,ASO,ES,Federal Contract Tower,0,9,86,0,95,0,6,143,0,149,0,15,229,0,244,192,0,192,436
09/25/2022,JWN,TN,ASO,ES,Federal Contract Tower,0,14,94,0,108,0,5,61,0,66,0,19,155,0,174,62,0,62,236
09/26/2022,JWN,TN,ASO,ES,Federal Contract Tower,0,18,60,0,78,0,6,72,0,78,0,24,132,0,156,160,0,160,316
09/27/2022,JWN,TN,ASO,ES,Federal Contract Tower,0,14,75,0,89,0,3,120,0,123,0,17,195,0,212,166,0,166,378
09/28/2022,JWN,TN,ASO,ES,Federal Contract Tower,0,12,66,0,78,0,2,97,2,101,0,14,163,2,179,132,0,132,311
09/29/2022,JWN,TN,ASO,ES,Federal Contract Tower,0,4,77,0,81,0,2,114,0,116,0,6,191,0,197,164,0,164,361
09/30/2022,JWN,TN,ASO,ES,Federal Contract Tower,0,12,81,0,93,0,6,154,0,160,0,18,235,0,253,90,0,90,343
10/01/2022,JWN,TN,ASO,ES,Federal Contract Tower,0,12,58,0,70,0,14,124,0,138,0,26,182,0,208,188,0,188,396
10/02/2022,JWN,TN,ASO,ES,Federal Contract Tower,0,18,78,0,96,0,4,85,0,89,0,22,163,0,185,78,0,78,263
10/03/2022,JWN,TN,ASO,ES,Federal Contract Tower,0,15,76,0,91,0,4,85,3,92,0,19,161,3,183,158,0,158,341
10/04/2022,JWN,TN,ASO,ES,Federal Contract Tower,0,11,75,0,86,0,3,95,5,103,0,14,170,5,189,116,0,116,305
10/05/2022,JWN,TN,ASO,ES,Federal Contract Tower,0,13,78,0,91,0,0,129,0,129,0,13,207,0,220,212,0,212,432
10/06/2022,JWN,TN,ASO,ES,Federal Contract Tower,0,18,71,0,89,0,6,93,0,99,0,24,164,0,188,199,0,199,387
10/07/2022,JWN,TN,ASO,ES,Federal Contract Tower,0,25,87,0,112,0,6,120,8,134,0,31,207,8,246,153,0,153,399
10/08/2022,JWN,TN,ASO,ES,Federal Contract Tower,0,16,65,0,81,0,8,131,0,139,0,24,196,0,220,112,0,112,332
10/09/2022,JWN,TN,ASO,ES,Federal Contract Tower,0,22,94,0,116,0,7,130,0,137,0,29,224,0,253,36,0,36,289
10/10/2022,JWN,TN,ASO,ES,Federal Contract Tower,0,15,74,0,89,0,3,83,0,86,0,18,157,0,175,190,0,190,365
10/11/2022,JWN,TN,ASO,ES,Federal Contract Tower,0,21,66,0,87,0,5,91,0,96,0,26,157,0,183,174,0,174,357
10/12/2022,JWN,TN,ASO,ES,Federal Contract Tower,0,19,70,0,89,0,2,41,0,43,0,21,111,0,132,110,0,110,242
10/13/2022,JWN,TN,ASO,ES,Federal Contract Tower,0,23,79,0,102,0,6,105,0,111,0,29,184,0,213,102,0,102,315
10/14/2022,JWN,TN,ASO,ES,Federal Contract Tower,0,17,84,0,101,0,6,129,0,135,0,23,213,0,236,136,0,136,372
10/15/2022,JWN,TN,ASO,ES,Federal Contract Tower,0,21,61,0,82,0,3,106,0,109,0,24,167,0,191,210,0,210,401
10/16/2022,JWN,TN,ASO,ES,Federal Contract Tower,0,30,100,0,130,0,0,58,0,58,0,30,158,0,188,86,0,86,274
10/17/2022,JWN,TN,ASO,ES,Federal Contract Tower,0,27,84,0,111,0,1,82,0,83,0,28,166,0,194,90,0,90,284
10/18/2022,JWN,TN,ASO,ES,Federal Contract Tower,0,19,52,0,71,0,6,53,2,61,0,25,105,2,132,140,0,140,272
10/19/2022,JWN,TN,ASO,ES,Federal Contract Tower,0,11,80,2,93,0,5,91,0,96,0,16,171,2,189,178,0,178,367
10/20/2022,JWN,TN,ASO,ES,Federal Contract Tower,0,17,84,0,101,0,11,104,0,115,0,28,188,0,216,101,0,101,317
10/21/2022,JWN,TN,ASO,ES,Federal Contract Tower,0,20,92,2,114,0,10,91,0,101,0,30,183,2,215,143,0,143,358
10/22/2022,JWN,TN,ASO,ES,Federal Contract Tower,0,15,60,0,75,0,5,107,0,112,0,20,167,0,187,144,0,144,331
10/23/2022,JWN,TN,ASO,ES,Federal Contract Tower,0,19,118,2,139,0,16,104,0,120,0,35,222,2,259,148,0,148,407
10/24/2022,JWN,TN,ASO,ES,Federal Contract Tower,0,10,85,4,99,0,11,103,1,115,0,21,188,5,214,168,0,168,382
10/25/2022,JWN,TN,ASO,ES,Federal Contract Tower,0,11,53,0,64,0,2,20,0,22,0,13,73,0,86,8,0,8,94
10/26/2022,JWN,TN,ASO,ES,Federal Contract Tower,0,14,111,0,125,0,11,58,0,69,0,25,169,0,194,286,0,286,480
10/27/2022,JWN,TN,ASO,ES,Federal Contract Tower,0,15,88,0,103,0,6,108,0,114,0,21,196,0,217,174,0,174,391
10/28/2022,JWN,TN,ASO,ES,Federal Contract Tower,0,18,86,1,105,0,12,101,1,114,0,30,187,2,219,170,0,170,389
10/29/2022,JWN,TN,ASO,ES,Federal Contract Tower,0,10,56,0,66,0,6,109,0,115,0,16,165,0,181,214,0,214,395
10/30/2022,JWN,TN,ASO,ES,Federal Contract Tower,0,18,84,0,102,0,2,9,0,11,0,20,93,0,113,8,0,8,121
10/31/2022,JWN,TN,ASO,ES,Federal Contract Tower,0,8,58,0,66,0,0,25,0,25,0,8,83,0,91,108,0,108,199
11/01/2022,JWN,TN,ASO,ES,Federal Contract Tower,0,12,56,0,68,0,6,78,0,84,0,18,134,0,152,110,0,110,262
11/02/2022,JWN,TN,ASO,ES,Federal Contract Tower,0,18,77,1,96,0,8,81,0,89,0,26,158,1,185,188,0,188,373
11/03/2022,JWN,TN,ASO,ES,Federal Contract Tower,0,22,111,0,133,0,24,75,1,100,0,46,186,1,233,70,2,72,305
11/04/2022,JWN,TN,ASO,ES,Federal Contract Tower,0,18,114,0,132,0,11,102,0,113,0,29,216,0,245,94,0,94,339
11/05/2022,JWN,TN,ASO,ES,Federal Contract Tower,0,11,34,0,45,0,0,7,0,7,0,11,41,0,52,0,0,0,52
11/06/2022,JWN,TN,ASO,ES,Federal Contract Tower,0,15,94,0,109,0,0,62,0,62,0,15,156,0,171,12,0,12,183
11/07/2022,JWN,TN,ASO,ES,Federal Contract Tower,0,3,80,0,83,0,4,75,0,79,0,7,155,0,162,32,0,32,194
11/08/2022,JWN,TN,ASO,ES,Federal Contract Tower,0,24,62,0,86,0,8,88,0,96,0,32,150,0,182,92,0,92,274
11/09/2022,JWN,TN,ASO,ES,Federal Contract Tower,0,22,67,1,90,0,11,94,0,105,0,33,161,1,195,120,0,120,315
11/10/2022,JWN,TN,ASO,ES,Federal Contract Tower,0,23,88,0,111,0,5,111,0,116,0,28,199,0,227,94,0,94,321
11/11/2022,JWN,TN,ASO,ES,Federal Contract Tower,0,17,94,0,111,0,5,69,4,78,0,22,163,4,189,54,2,56,245
11/12/2022,JWN,TN,ASO,ES,Federal Contract Tower,0,11,44,0,55,0,0,22,0,22,0,11,66,0,77,54,0,54,131
11/13/2022,JWN,TN,ASO,ES,Federal Contract Tower,0,26,99,0,125,0,8,68,6,82,0,34,167,6,207,60,0,60,267
11/14/2022,JWN,TN,ASO,ES,Federal Contract Tower,0,20,65,0,85,0,0,128,0,128,0,20,193,0,213,154,0,154,367
11/15/2022,JWN,TN,ASO,ES,Federal Contract Tower,0,14,51,0,65,0,4,6,0,10,0,18,57,0,75,14,0,14,89
11/16/2022,JWN,TN,ASO,ES,Federal Contract Tower,0,25,94,0,119,0,17,87,1,105,0,42,181,1,224,114,0,114,338
11/17/2022,JWN,TN,ASO,ES,Federal Contract Tower,0,9,80,0,89,0,9,106,4,119,0,18,186,4,208,58,0,58,266
11/18/2022,JWN,TN,ASO,ES,Federal Contract Tower,0,20,73,0,93,0,2,108,0,110,0,22,181,0,203,78,0,78,281
11/19/2022,JWN,TN,ASO,ES,Federal Contract Tower,0,3,61,0,64,0,6,77,0,83,0,9,138,0,147,102,0,102,249
11/20/2022,JWN,TN,ASO,ES,Federal Contract Tower,0,12,92,0,104,0,3,90,0,93,0,15,182,0,197,84,0,84,281
11/21/2022,JWN,TN,ASO,ES,Federal Contract Tower,0,13,61,0,74,0,6,85,0,91,0,19,146,0,165,91,0,91,256
11/22/2022,JWN,TN,ASO,ES,Federal Contract Tower,0,15,67,1,83,0,27,111,1,139,0,42,178,2,222,138,0,138,360
11/23/2022,JWN,TN,ASO,ES,Federal Contract Tower,0,15,68,0,83,0,14,105,0,119,0,29,173,0,202,90,0,90,292
11/24/2022,JWN,TN,ASO,ES,Federal Contract Tower,0,5,18,0,23,0,18,26,0,44,0,23,44,0,67,2,0,2,69
11/25/2022,JWN,TN,ASO,ES,Federal Contract Tower,0,9,42,0,51,0,26,46,0,72,0,35,88,0,123,78,0,78,201
11/26/2022,JWN,TN,ASO,ES,Federal Contract Tower,0,9,59,0,68,0,0,80,0,80,0,9,139,0,148,70,0,70,218
11/27/2022,JWN,TN,ASO,ES,Federal Contract Tower,0,29,101,0,130,0,0,17,0,17,0,29,118,0,147,106,0,106,253
11/28/2022,JWN,TN,ASO,ES,Federal Contract Tower,0,9,78,0,87,0,0,63,0,63,0,9,141,0,150,134,2,136,286
11/29/2022,JWN,TN,ASO,ES,Federal Contract Tower,0,10,36,0,46,0,0,32,0,32,0,10,68,0,78,90,0,90,168
11/30/2022,JWN,TN,ASO,ES,Federal Contract Tower,0,16,54,0,70,0,6,60,0,66,0,22,114,0,136,82,0,82,218
12/01/2022,JWN,TN,ASO,ES,Federal Contract Tower,0,15,82,0,97,0,9,114,0,123,0,24,196,0,220,134,0,134,354
12/02/2022,JWN,TN,ASO,ES,Federal Contract Tower,0,9,73,0,82,0,8,59,0,67,0,17,132,0,149,149,0,149,298
12/03/2022,JWN,TN,ASO,ES,Federal Contract Tower,0,8,46,0,54,0,2,40,0,42,0,10,86,0,96,72,0,72,168
12/04/2022,JWN,TN,ASO,ES,Federal Contract Tower,0,12,67,0,79,0,0,96,1,97,0,12,163,1,176,126,0,126,302
12/05/2022,JWN,TN,ASO,ES,Federal Contract Tower,0,4,56,0,60,0,0,0,0,0,0,4,56,0,60,0,0,0,60
12/06/2022,JWN,TN,ASO,ES,Federal Contract Tower,0,2,73,0,75,0,0,6,0,6,0,2,79,0,81,16,0,16,97
12/07/2022,JWN,TN,ASO,ES,Federal Contract Tower,0,19,68,0,87,0,0,4,0,4,0,19,72,0,91,2,0,2,93
12/08/2022,JWN,TN,ASO,ES,Federal Contract Tower,0,12,61,0,73,0,0,1,0,1,0,12,62,0,74,0,0,0,74
12/09/2022,JWN,TN,ASO,ES,Federal Contract Tower,0,20,72,0,92,0,0,7,0,7,0,20,79,0,99,32,0,32,131
12/10/2022,JWN,TN,ASO,ES,Federal Contract Tower,0,8,47,0,55,0,0,18,0,18,0,8,65,0,73,82,0,82,155
12/11/2022,JWN,TN,ASO,ES,Federal Contract Tower,0,23,88,0,111,0,0,16,0,16,0,23,104,0,127,0,0,0,127
12/12/2022,JWN,TN,ASO,ES,Federal Contract Tower,0,8,68,0,76,0,6,74,0,80,0,14,142,0,156,182,0,182,338
12/13/2022,JWN,TN,ASO,ES,Federal Contract Tower,0,16,61,0,77,0,8,62,0,70,0,24,123,0,147,150,0,150,297
12/14/2022,JWN,TN,ASO,ES,Federal Contract Tower,0,26,39,0,65,0,0,0,0,0,0,26,39,0,65,0,0,0,65
12/15/2022,JWN,TN,ASO,ES,Federal Contract Tower,0,9,78,0,87,0,8,62,2,72,0,17,140,2,159,110,0,110,269
12/16/2022,JWN,TN,ASO,ES,Federal Contract Tower,0,16,86,0,102,0,3,91,0,94,0,19,177,0,196,68,0,68,264
12/17/2022,JWN,TN,ASO,ES,Federal Contract Tower,0,25,45,0,70,0,4,55,0,59,0,29,100,0,129,18,0,18,147
12/18/2022,JWN,TN,ASO,ES,Federal Contract Tower,0,14,60,0,74,0,3,103,0,106,0,17,163,0,180,108,0,108,288
12/19/2022,JWN,TN,ASO,ES,Federal Contract Tower,0,6,69,0,75,0,2,84,2,88,0,8,153,2,163,201,0,201,364
12/20/2022,JWN,TN,ASO,ES,Federal Contract Tower,0,9,69,0,78,0,13,103,0,116,0,22,172,0,194,260,0,260,454
12/21/2022,JWN,TN,ASO,ES,Federal Contract Tower,0,8,58,0,66,0,13,94,0,107,0,21,152,0,173,152,0,152,325
12/22/2022,JWN,TN,ASO,ES,Federal Contract Tower,0,9,28,0,37,0,0,3,0,3,0,9,31,0,40,52,0,52,92
12/23/2022,JWN,TN,ASO,ES,Federal Contract Tower,0,4,22,0,26,0,3,0,0,3,0,7,22,0,29,0,0,0,29
12/24/2022,JWN,TN,ASO,ES,Federal Contract Tower,0,3,19,0,22,0,9,14,0,23,0,12,33,0,45,46,0,46,91
12/25/2022,JWN,TN,ASO,ES,Federal Contract Tower,0,5,11,0,16,0,10,15,0,25,0,15,26,0,41,0,0,0,41
12/26/2022,JWN,TN,ASO,ES,Federal Contract Tower,0,6,27,5,38,0,0,11,0,11,0,6,38,5,49,20,0,20,69
12/27/2022,JWN,TN,ASO,ES,Federal Contract Tower,0,16,75,0,91,0,5,52,0,57,0,21,127,0,148,116,0,116,264
12/28/2022,JWN,TN,ASO,ES,Federal Contract Tower,0,17,82,0,99,0,2,93,0,95,0,19,175,0,194,132,0,132,326
12/29/2022,JWN,TN,ASO,ES,Federal Contract Tower,0,12,65,0,77,0,4,41,0,45,0,16,106,0,122,64,0,64,186
12/30/2022,JWN,TN,ASO,ES,Federal Contract Tower,0,12,63,0,75,0,4,73,1,78,0,16,136,1,153,62,0,62,215
12/31/2022,JWN,TN,ASO,ES,Federal Contract Tower,0,7,51,0,58,0,0,13,0,13,0,7,64,0,71,114,0,114,185
01/01/2023,JWN,TN,ASO,ES,Federal Contract Tower,0,12,38,0,50,0,12,102,0,114,0,24,140,0,164,116,0,116,280
01/02/2023,JWN,TN,ASO,ES,Federal Contract Tower,0,7,48,0,55,0,3,54,0,57,0,10,102,0,112,172,0,172,284
01/03/2023,JWN,TN,ASO,ES,Federal Contract Tower,0,12,16,0,28,0,0,2,0,2,0,12,18,0,30,0,0,0,30
01/04/2023,JWN,TN,ASO,ES,Federal Contract Tower,0,16,52,0,68,0,8,71,0,79,0,24,123,0,147,58,0,58,205
01/05/2023,JWN,TN,ASO,ES,Federal Contract Tower,0,11,67,0,78,0,0,86,0,86,0,11,153,0,164,68,0,68,232
01/06/2023,JWN,TN,ASO,ES,Federal Contract Tower,0,11,56,4,71,0,5,145,2,152,0,16,201,6,223,230,0,230,453
01/07/2023,JWN,TN,ASO,ES,Federal Contract Tower,0,7,38,0,45,0,0,39,0,39,0,7,77,0,84,90,0,90,174
01/08/2023,JWN,TN,ASO,ES,Federal Contract Tower,0,24,53,0,77,0,1,19,0,20,0,25,72,0,97,22,0,22,119
01/09/2023,JWN,TN,ASO,ES,Federal Contract Tower,0,5,46,0,51,0,10,97,2,109,0,15,143,2,160,148,0,148,308
01/10/2023,JWN,TN,ASO,ES,Federal Contract Tower,0,17,41,1,59,0,10,106,3,119,0,27,147,4,178,84,0,84,262
01/11/2023,JWN,TN,ASO,ES,Federal Contract Tower,0,8,58,7,73,0,2,21,1,24,0,10,79,8,97,146,0,146,243
01/12/2023,JWN,TN,ASO,ES,Federal Contract Tower,0,0,57,0,57,0,0,0,0,0,0,0,57,0,57,0,0,0,57
01/13/2023,JWN,TN,ASO,ES,Federal Contract Tower,0,6,75,0,81,0,0,18,0,18,0,6,93,0,99,62,0,62,161
01/14/2023,JWN,TN,ASO,ES,Federal Contract Tower,0,9,52,0,61,0,14,125,0,139,0,23,177,0,200,252,0,252,452
01/15/2023,JWN,TN,ASO,ES,Federal Contract Tower,0,11,55,0,66,0,2,118,0,120,0,13,173,0,186,102,0,102,288
01/16/2023,JWN,TN,ASO,ES,Federal Contract Tower,0,11,61,0,72,0,2,52,0,54,0,13,113,0,126,84,0,84,210
01/17/2023,JWN,TN,ASO,ES,Federal Contract Tower,0,17,55,0,72,0,3,68,0,71,0,20,123,0,143,118,0,118,261
01/18/2023,JWN,TN,ASO,ES,Federal Contract Tower,0,15,27,0,42,0,0,3,0,3,0,15,30,0,45,0,0,0,45
01/19/2023,JWN,TN,ASO,ES,Federal Contract Tower,0,16,67,0,83,0,2,31,1,34,0,18,98,1,117,0,0,0,117
01/20/2023,JWN,TN,ASO,ES,Federal Contract Tower,0,13,79,2,94,0,9,128,0,137,0,22,207,2,231,186,0,186,417
01/21/2023,JWN,TN,ASO,ES,Federal Contract Tower,0,12,50,1,63,0,11,145,1,157,0,23,195,2,220,202,0,202,422
01/22/2023,JWN,TN,ASO,ES,Federal Contract Tower,0,12,50,0,62,0,0,0,0,0,0,12,50,0,62,0,0,0,62
01/23/2023,JWN,TN,ASO,ES,Federal Contract Tower,0,6,54,0,60,0,9,82,0,91,0,15,136,0,151,186,0,186,337
01/24/2023,JWN,TN,ASO,ES,Federal Contract Tower,0,16,58,2,76,0,6,74,2,82,0,22,132,4,158,96,0,96,254
01/25/2023,JWN,TN,ASO,ES,Federal Contract Tower,0,8,48,0,56,0,2,1,0,3,0,10,49,0,59,0,0,0,59
01/26/2023,JWN,TN,ASO,ES,Federal Contract Tower,0,19,80,0,99,0,0,19,0,19,0,19,99,0,118,42,0,42,160
01/27/2023,JWN,TN,ASO,ES,Federal Contract Tower,0,8,81,2,91,0,11,114,2,127,0,19,195,4,218,112,0,112,330
01/28/2023,JWN,TN,ASO,ES,Federal Contract Tower,0,3,53,2,58,0,3,145,0,148,0,6,198,2,206,182,0,182,388
01/29/2023,JWN,TN,ASO,ES,Federal Contract Tower,0,7,52,0,59,0,0,9,0,9,0,7,61,0,68,0,0,0,68
01/30/2023,JWN,TN,ASO,ES,Federal Contract Tower,0,5,28,0,33,0,0,0,0,0,0,5,28,0,33,0,0,0,33
01/31/2023,JWN,TN,ASO,ES,Federal Contract Tower,0,4,16,0,20,0,0,0,0,0,0,4,16,0,20,0,0,0,20
02/01/2023,JWN,TN,ASO,ES,Federal Contract Tower,0,6,29,0,35,0,0,0,0,0,0,6,29,0,35,0,0,0,35
02/02/2023,JWN,TN,ASO,ES,Federal Contract Tower,0,8,50,0,58,0,0,0,0,0,0,8,50,0,58,0,0,0,58
02/03/2023,JWN,TN,ASO,ES,Federal Contract Tower,0,17,53,0,70,0,2,107,0,109,0,19,160,0,179,60,0,60,239
02/04/2023,JWN,TN,ASO,ES,Federal Contract Tower,0,9,58,0,67,0,3,154,0,157,0,12,212,0,224,104,0,104,328
02/05/2023,JWN,TN,ASO,ES,Federal Contract Tower,0,10,66,0,76,0,5,70,0,75,0,15,136,0,151,28,0,28,179
02/06/2023,JWN,TN,ASO,ES,Federal Contract Tower,0,11,57,0,68,0,9,108,0,117,0,20,165,0,185,148,0,148,333
02/07/2023,JWN,TN,ASO,ES,Federal Contract Tower,0,11,62,0,73,0,12,66,5,83,0,23,128,5,156,148,0,148,304
02/08/2023,JWN,TN,ASO,ES,Federal Contract Tower,0,17,86,0,103,0,0,30,4,34,0,17,116,4,137,134,0,134,271
02/09/2023,JWN,TN,ASO,ES,Federal Contract Tower,0,7,53,0,60,0,0,34,5,39,0,7,87,5,99,46,0,46,145
02/10/2023,JWN,TN,ASO,ES,Federal Contract Tower,0,15,69,2,86,0,7,123,2,132,0,22,192,4,218,232,0,232,450
02/11/2023,JWN,TN,ASO,ES,Federal Contract Tower,0,7,47,0,54,0,3,151,0,154,0,10,198,0,208,98,0,98,306
02/12/2023,JWN,TN,ASO,ES,Federal Contract Tower,0,6,49,0,55,0,8,107,2,117,0,14,156,2,172,122,0,122,294
02/13/2023,JWN,TN,ASO,ES,Federal Contract Tower,0,9,56,0,65,0,11,133,3,147,0,20,189,3,212,108,0,108,320
02/14/2023,JWN,TN,ASO,ES,Federal Contract Tower,0,13,25,2,40,0,0,79,2,81,0,13,104,4,121,34,0,34,155
02/15/2023,JWN,TN,ASO,ES,Federal Contract Tower,0,18,63,2,83,0,8,56,0,64,0,26,119,2,147,190,0,190,337
02/16/2023,JWN,TN,ASO,ES,Federal Contract Tower,0,11,54,0,65,0,0,0,0,0,0,11,54,0,65,0,0,0,65
02/17/2023,JWN,TN,ASO,ES,Federal Contract Tower,0,16,74,0,90,0,10,72,0,82,0,26,146,0,172,66,0,66,238
02/18/2023,JWN,TN,ASO,ES,Federal Contract Tower,0,17,44,0,61,0,19,190,0,209,0,36,234,0,270,140,0,140,410
02/19/2023,JWN,TN,ASO,ES,Federal Contract Tower,0,11,63,0,74,0,7,108,0,115,0,18,171,0,189,14,0,14,203
02/20/2023,JWN,TN,ASO,ES,Federal Contract Tower,0,25,80,0,105,0,7,55,0,62,0,32,135,0,167,66,0,66,233
02/21/2023,JWN,TN,ASO,ES,Federal Contract Tower,0,17,68,1,86,0,6,105,0,111,0,23,173,1,197,118,0,118,315
02/22/2023,JWN,TN,ASO,ES,Federal Contract Tower,0,10,62,0,72,0,3,14,0,17,0,13,76,0,89,0,0,0,89
02/23/2023,JWN,TN,ASO,ES,Federal Contract Tower,0,11,130,0,141,0,3,121,0,124,0,14,251,0,265,118,1,119,384
02/24/2023,JWN,TN,ASO,ES,Federal Contract Tower,0,10,98,0,108,0,0,88,0,88,0,10,186,0,196,109,0,109,305
02/25/2023,JWN,TN,ASO,ES,Federal Contract Tower,0,9,73,0,82,0,0,38,0,38,0,9,111,0,120,18,0,18,138
02/26/2023,JWN,TN,ASO,ES,Federal Contract Tower,0,17,124,0,141,0,5,38,0,43,0,22,162,0,184,14,0,14,198
02/27/2023,JWN,TN,ASO,ES,Federal Contract Tower,0,2,37,0,39,0,4,9,0,13,0,6,46,0,52,0,0,0,52
02/28/2023,JWN,TN,ASO,ES,Federal Contract Tower,0,22,71,0,93,0,6,164,0,170,0,28,235,0,263,146,0,146,409
03/01/2023,JWN,TN,ASO,ES,Federal Contract Tower,0,21,64,0,85,0,4,60,0,64,0,25,124,0,149,94,0,94,243
03/02/2023,JWN,TN,ASO,ES,Federal Contract Tower,0,12,63,0,75,0,0,51,0,51,0,12,114,0,126,139,0,139,265
03/03/2023,JWN,TN,ASO,ES,Federal Contract Tower,0,3,30,0,33,0,0,3,0,3,0,3,33,0,36,0,0,0,36
03/04/2023,JWN,TN,ASO,ES,Federal Contract Tower,0,18,49,0,67,0,4,138,0,142,0,22,187,0,209,160,0,160,369
03/05/2023,JWN,TN,ASO,ES,Federal Contract Tower,0,14,66,0,80,0,10,93,0,103,0,24,159,0,183,126,0,126,309
03/06/2023,JWN,TN,ASO,ES,Federal Contract Tower,0,11,44,0,55,0,15,112,2,129,0,26,156,2,184,132,0,132,316
03/07/2023,JWN,TN,ASO,ES,Federal Contract Tower,0,12,52,2,66,0,13,78,1,92,0,25,130,3,158,130,0,130,288
03/08/2023,JWN,TN,ASO,ES,Federal Contract Tower,0,17,75,3,95,0,6,89,5,100,0,23,164,8,195,106,0,106,301
03/09/2023,JWN,TN,ASO,ES,Federal Contract Tower,0,20,79,0,99,0,1,39,0,40,0,21,118,0,139,124,0,124,263
03/10/2023,JWN,TN,ASO,ES,Federal Contract Tower,0,27,86,2,115,0,6,43,6,55,0,33,129,8,170,60,0,60,230
03/11/2023,JWN,TN,ASO,ES,Federal Contract Tower,0,10,70,0,80,0,0,146,0,146,0,10,216,0,226,145,0,145,371
03/12/2023,JWN,TN,ASO,ES,Federal Contract Tower,0,23,70,0,93,0,2,22,0,24,0,25,92,0,117,0,0,0,117
03/13/2023,JWN,TN,ASO,ES,Federal Contract Tower,0,3,34,0,37,0,7,65,0,72,0,10,99,0,109,82,0,82,191
03/14/2023,JWN,TN,ASO,ES,Federal Contract Tower,0,11,45,2,58,0,9,100,1,110,0,20,145,3,168,113,0,113,281
03/15/2023,JWN,TN,ASO,ES,Federal Contract Tower,0,12,48,2,62,0,4,85,0,89,0,16,133,2,151,90,0,90,241
03/16/2023,JWN,TN,ASO,ES,Federal Contract Tower,0,11,60,2,73,0,4,71,0,75,0,15,131,2,148,92,0,92,240
03/17/2023,JWN,TN,ASO,ES,Federal Contract Tower,0,9,54,0,63,0,0,28,0,28,0,9,82,0,91,64,0,64,155
03/18/2023,JWN,TN,ASO,ES,Federal Contract Tower,0,8,41,0,49,0,4,113,3,120,0,12,154,3,169,54,0,54,223
03/19/2023,JWN,TN,ASO,ES,Federal Contract Tower,0,19,75,0,94,0,6,101,3,110,0,25,176,3,204,112,0,112,316
03/20/2023,JWN,TN,ASO,ES,Federal Contract Tower,0,12,55,0,67,0,10,87,0,97,0,22,142,0,164,176,0,176,340
03/21/2023,JWN,TN,ASO,ES,Federal Contract Tower,0,7,68,0,75,0,2,67,0,69,0,9,135,0,144,142,0,142,286
03/22/2023,JWN,TN,ASO,ES,Federal Contract Tower,0,18,84,4,106,0,0,21,0,21,0,18,105,4,127,32,0,32,159
03/23/2023,JWN,TN,ASO,ES,Federal Contract Tower,0,31,67,0,98,0,0,82,0,82,0,31,149,0,180,76,0,76,256
03/24/2023,JWN,TN,ASO,ES,Federal Contract Tower,0,9,54,0,63,0,0,37,0,37,0,9,91,0,100,18,0,18,118
03/25/2023,JWN,TN,ASO,ES,Federal Contract Tower,0,25,39,0,64,0,11,105,0,116,0,36,144,0,180,76,0,76,256
03/26/2023,JWN,TN,ASO,ES,Federal Contract Tower,0,22,76,0,98,0,8,157,0,165,0,30,233,0,263,78,0,78,341
03/27/2023,JWN,TN,ASO,ES,Federal Contract Tower,0,16,38,1,55,0,9,114,3,126,0,25,152,4,181,176,0,176,357
03/28/2023,JWN,TN,ASO,ES,Federal Contract Tower,0,9,71,0,80,0,7,104,2,113,0,16,175,2,193,110,0,110,303
03/29/2023,JWN,TN,ASO,ES,Federal Contract Tower,0,21,64,0,85,0,0,140,2,142,0,21,204,2,227,166,0,166,393
03/30/2023,JWN,TN,ASO,ES,Federal Contract Tower,0,19,71,0,90,0,5,122,0,127,0,24,193,0,217,224,0,224,441
03/31/2023,JWN,TN,ASO,ES,Federal Contract Tower,0,12,60,0,72,0,1,6,1,8,0,13,66,1,80,0,0,0,80
04/01/2023,JWN,TN,ASO,ES,Federal Contract Tower,0,11,32,0,43,0,8,54,0,62,0,19,86,0,105,6,0,6,111
04/02/2023,JWN,TN,ASO,ES,Federal Contract Tower,0,28,89,0,117,0,12,200,0,212,0,40,289,0,329,170,0,170,499
04/03/2023,JWN,TN,ASO,ES,Federal Contract Tower,0,10,38,0,48,0,2,27,0,29,0,12,65,0,77,40,0,40,117
04/04/2023,JWN,TN,ASO,ES,Federal Contract Tower,0,17,75,0,92,0,9,62,0,71,0,26,137,0,163,100,0,100,263
04/05/2023,JWN,TN,ASO,ES,Federal Contract Tower,0,18,37,0,55,0,0,16,0,16,0,18,53,0,71,30,0,30,101
04/06/2023,JWN,TN,ASO,ES,Federal Contract Tower,0,23,58,0,81,0,0,0,0,0,0,23,58,0,81,0,0,0,81
04/07/2023,JWN,TN,ASO,ES,Federal Contract Tower,0,14,70,0,84,0,0,95,0,95,0,14,165,0,179,235,0,235,414
04/08/2023,JWN,TN,ASO,ES,Federal Contract Tower,0,14,45,0,59,0,0,55,0,55,0,14,100,0,114,12,0,12,126
04/09/2023,JWN,TN,ASO,ES,Federal Contract Tower,0,5,48,0,53,0,11,100,0,111,0,16,148,0,164,80,0,80,244
04/10/2023,JWN,TN,ASO,ES,Federal Contract Tower,0,17,59,0,76,0,9,153,0,162,0,26,212,0,238,182,0,182,420
04/11/2023,JWN,TN,ASO,ES,Federal Contract Tower,0,13,69,0,82,0,8,129,0,137,0,21,198,0,219,226,0,226,445
04/12/2023,JWN,TN,ASO,ES,Federal Contract Tower,0,13,63,0,76,0,0,137,3,140,0,13,200,3,216,145,0,145,361
04/13/2023,JWN,TN,ASO,ES,Federal Contract Tower,0,24,84,0,108,0,11,77,5,93,0,35,161,5,201,134,0,134,335
04/14/2023,JWN,TN,ASO,ES,Federal Contract Tower,0,24,117,1,142,0,0,138,0,138,0,24,255,1,280,152,0,152,432
04/15/2023,JWN,TN,ASO,ES,Federal Contract Tower,0,10,55,0,65,0,6,201,6,213,0,16,256,6,278,184,0,184,462
04/16/2023,JWN,TN,ASO,ES,Federal Contract Tower,0,11,98,0,109,0,6,48,0,54,0,17,146,0,163,28,0,28,191
04/17/2023,JWN,TN,ASO,ES,Federal Contract Tower,0,9,67,0,76,0,15,48,0,63,0,24,115,0,139,30,0,30,169
04/18/2023,JWN,TN,ASO,ES,Federal Contract Tower,0,16,56,2,74,0,9,123,3,135,0,25,179,5,209,122,0,122,331
04/19/2023,JWN,TN,ASO,ES,Federal Contract Tower,0,12,67,6,85,0,11,150,0,161,0,23,217,6,246,152,0,152,398
04/20/2023,JWN,TN,ASO,ES,Federal Contract Tower,0,22,71,0,93,0,2,107,0,109,0,24,178,0,202,72,0,72,274
04/21/2023,JWN,TN,ASO,ES,Federal Contract Tower,0,26,70,0,96,0,0,85,0,85,0,26,155,0,181,88,0,88,269
04/22/2023,JWN,TN,ASO,ES,Federal Contract Tower,0,10,52,0,62,0,11,107,0,118,0,21,159,0,180,50,0,50,230
04/23/2023,JWN,TN,ASO,ES,Federal Contract Tower,0,15,102,0,117,0,20,178,0,198,0,35,280,0,315,230,0,230,545
04/24/2023,JWN,TN,ASO,ES,Federal Contract Tower,0,11,75,0,86,0,6,134,0,140,0,17,209,0,226,180,0,180,406
04/25/2023,JWN,TN,ASO,ES,Federal Contract Tower,0,12,84,0,96,0,4,104,0,108,0,16,188,0,204,174,0,174,378
04/26/2023,JWN,TN,ASO,ES,Federal Contract Tower,0,14,111,0,125,0,11,126,11,148,0,25,237,11,273,182,0,182,455
04/27/2023,JWN,TN,ASO,ES,Federal Contract Tower,0,10,90,0,100,0,0,5,0,5,0,10,95,0,105,20,0,20,125
04/28/2023,JWN,TN,ASO,ES,Federal Contract Tower,0,17,130,0,147,0,0,96,0,96,0,17,226,0,243,138,0,138,381
04/29/2023,JWN,TN,ASO,ES,Federal Contract Tower,0,9,59,1,69,0,1,107,6,114,0,10,166,7,183,128,0,128,311
04/30/2023,JWN,TN,ASO,ES,Federal Contract Tower,0,18,81,0,99,0,2,48,5,55,0,20,129,5,154,20,0,20,174
05/01/2023,JWN,TN,ASO,ES,Federal Contract Tower,0,15,44,0,59,0,6,50,0,56,0,21,94,0,115,16,0,16,131
05/02/2023,JWN,TN,ASO,ES,Federal Contract Tower,0,9,53,0,62,0,3,49,0,52,0,12,102,0,114,22,0,22,136
05/03/2023,JWN,TN,ASO,ES,Federal Contract Tower,0,16,75,0,91,0,29,130,0,159,0,45,205,0,250,96,0,96,346
05/04/2023,JWN,TN,ASO,ES,Federal Contract Tower,0,20,80,0,100,0,5,158,0,163,0,25,238,0,263,112,0,112,375
05/05/2023,JWN,TN,ASO,ES,Federal Contract Tower,0,19,119,0,138,0,4,116,0,120,0,23,235,0,258,106,0,106,364
05/06/2023,JWN,TN,ASO,ES,Federal Contract Tower,0,14,81,0,95,0,8,130,0,138,0,22,211,0,233,120,0,120,353
05/07/2023,JWN,TN,ASO,ES,Federal Contract Tower,0,23,113,0,136,0,2,66,0,68,0,25,179,0,204,32,0,32,236
05/08/2023,JWN,TN,ASO,ES,Federal Contract Tower,0,29,86,0,115,0,12,39,0,51,0,41,125,0,166,50,0,50,216
05/09/2023,JWN,TN,ASO,ES,Federal Contract Tower,0,12,72,0,84,0,9,154,0,163,0,21,226,0,247,116,0,116,363
05/10/2023,JWN,TN,ASO,ES,Federal Contract Tower,0,17,98,2,117,0,6,143,0,149,0,23,241,2,266,152,0,152,418
05/11/2023,JWN,TN,ASO,ES,Federal Contract Tower,0,26,70,2,98,0,4,37,0,41,0,30,107,2,139,172,0,172,311
05/12/2023,JWN,TN,ASO,ES,Federal Contract Tower,0,20,78,0,98,0,0,32,0,32,0,20,110,0,130,56,0,56,186
05/13/2023,JWN,TN,ASO,ES,Federal Contract Tower,0,5,50,0,55,0,10,72,0,82,0,15,122,0,137,26,0,26,163
05/14/2023,JWN,TN,ASO,ES,Federal Contract Tower,0,7,64,0,71,0,0,57,0,57,0,7,121,0,128,44,0,44,172
05/15/2023,JWN,TN,ASO,ES,Federal Contract Tower,0,19,62,0,81,0,4,77,0,81,0,23,139,0,162,166,0,166,328
05/16/2023,JWN,TN,ASO,ES,Federal Contract Tower,0,12,78,0,90,0,1,61,0,62,0,13,139,0,152,98,0,98,250
05/17/2023,JWN,TN,ASO,ES,Federal Contract Tower,0,19,97,0,116,0,0,137,0,137,0,19,234,0,253,122,0,122,375
05/18/2023,JWN,TN,ASO,ES,Federal Contract Tower,0,13,85,0,98,0,0,106,2,108,0,13,191,2,206,54,6,60,266
05/19/2023,JWN,TN,ASO,ES,Federal Contract Tower,0,18,134,3,155,0,0,125,1,126,0,18,259,4,281,180,0,180,461
05/20/2023,JWN,TN,ASO,ES,Federal Contract Tower,0,9,73,0,82,0,0,36,0,36,0,9,109,0,118,38,0,38,156
05/21/2023,JWN,TN,ASO,ES,Federal Contract Tower,0,15,92,0,107,0,8,163,1,172,0,23,255,1,279,98,0,98,377
05/22/2023,JWN,TN,ASO,ES,Federal Contract Tower,0,11,78,1,90,0,0,126,0,126,0,11,204,1,216,102,0,102,318
05/23/2023,JWN,TN,ASO,ES,Federal Contract Tower,0,5,51,1,57,0,5,139,1,145,0,10,190,2,202,216,0,216,418
05/24/2023,JWN,TN,ASO,ES,Federal Contract Tower,0,9,87,2,98,0,11,119,0,130,0,20,206,2,228,140,0,140,368
05/25/2023,JWN,TN,ASO,ES,Federal Contract Tower,0,17,67,4,88,0,15,143,0,158,0,32,210,4,246,200,0,200,446
05/26/2023,JWN,TN,ASO,ES,Federal Contract Tower,0,20,77,0,97,0,13,93,0,106,0,33,170,0,203,120,0,120,323
05/27/2023,JWN,TN,ASO,ES,Federal Contract Tower,0,12,35,0,47,0,15,109,0,124,0,27,144,0,171,80,0,80,251
05/28/2023,JWN,TN,ASO,ES,Federal Contract Tower,0,8,44,0,52,0,8,110,0,118,0,16,154,0,170,56,0,56,226
05/29/2023,JWN,TN,ASO,ES,Federal Contract Tower,0,12,72,0,84,0,16,96,0,112,0,28,168,0,196,62,0,62,258
05/30/2023,JWN,TN,ASO,ES,Federal Contract Tower,0,12,73,0,85,0,2,122,0,124,0,14,195,0,209,86,0,86,295
05/31/2023,JWN,TN,ASO,ES,Federal Contract Tower,0,17,75,1,93,0,16,90,1,107,0,33,165,2,200,70,0,70,270
06/01/2023,JWN,TN,ASO,ES,Federal Contract Tower,0,24,89,0,113,0,16,115,0,131,0,40,204,0,244,110,0,110,354
06/02/2023,JWN,TN,ASO,ES,Federal Contract Tower,0,18,80,0,98,0,28,103,0,131,0,46,183,0,229,46,0,46,275
06/03/2023,JWN,TN,ASO,ES,Federal Contract Tower,0,14,38,0,52,0,11,140,0,151,0,25,178,0,203,146,0,146,349
06/04/2023,JWN,TN,ASO,ES,Federal Contract Tower,0,15,68,0,83,0,11,91,0,102,0,26,159,0,185,58,0,58,243
06/05/2023,JWN,TN,ASO,ES,Federal Contract Tower,0,12,47,0,59,0,9,111,0,120,0,21,158,0,179,136,0,136,315
06/06/2023,JWN,TN,ASO,ES,Federal Contract Tower,0,7,53,0,60,0,9,102,0,111,0,16,155,0,171,62,0,62,233
06/07/2023,JWN,TN,ASO,ES,Federal Contract Tower,0,13,78,0,91,0,9,97,0,106,0,22,175,0,197,143,0,143,340
06/08/2023,JWN,TN,ASO,ES,Federal Contract Tower,0,16,83,2,101,0,6,109,2,117,0,22,192,4,218,72,0,72,290
06/09/2023,JWN,TN,ASO,ES,Federal Contract Tower,0,13,79,0,92,0,8,120,0,128,0,21,199,0,220,132,0,132,352
06/10/2023,JWN,TN,ASO,ES,Federal Contract Tower,0,18,76,0,94,0,13,134,0,147,0,31,210,0,241,160,0,160,401
06/11/2023,JWN,TN,ASO,ES,Federal Contract Tower,0,17,62,0,79,0,0,27,1,28,0,17,89,1,107,40,0,40,147
06/12/2023,JWN,TN,ASO,ES,Federal Contract Tower,0,7,77,0,84,0,10,88,0,98,0,17,165,0,182,100,0,100,282
06/13/2023,JWN,TN,ASO,ES,Federal Contract Tower,0,9,55,0,64,0,5,147,0,152,0,14,202,0,216,192,0,192,408
06/14/2023,JWN,TN,ASO,ES,Federal Contract Tower,0,24,71,0,95,0,20,103,0,123,0,44,174,0,218,136,0,136,354
06/15/2023,JWN,TN,ASO,ES,Federal Contract Tower,0,21,61,1,83,0,19,74,0,93,0,40,135,1,176,104,0,104,280
06/16/2023,JWN,TN,ASO,ES,Federal Contract Tower,0,12,75,0,87,0,4,107,0,111,0,16,182,0,198,170,0,170,368
06/17/2023,JWN,TN,ASO,ES,Federal Contract Tower,0,15,46,0,61,0,24,143,1,168,0,39,189,1,229,172,10,182,411
06/18/2023,JWN,TN,ASO,ES,Federal Contract Tower,0,18,49,2,69,0,10,86,1,97,0,28,135,3,166,22,0,22,188
06/19/2023,JWN,TN,ASO,ES,Federal Contract Tower,0,7,64,0,71,0,0,35,0,35,0,7,99,0,106,8,0,8,114
06/20/2023,JWN,TN,ASO,ES,Federal Contract Tower,0,6,57,0,63,0,0,3,0,3,0,6,60,0,66,12,0,12,78
06/21/2023,JWN,TN,ASO,ES,Federal Contract Tower,0,14,80,0,94,0,0,39,2,41,0,14,119,2,135,132,0,132,267
06/22/2023,JWN,TN,ASO,ES,Federal Contract Tower,0,21,80,0,101,0,13,51,0,64,0,34,131,0,165,136,0,136,301
06/23/2023,JWN,TN,ASO,ES,Federal Contract Tower,0,15,71,4,90,0,10,112,0,122,0,25,183,4,212,132,0,132,344
06/24/2023,JWN,TN,ASO,ES,Federal Contract Tower,0,10,58,0,68,0,8,122,0,130,0,18,180,0,198,64,0,64,262
06/25/2023,JWN,TN,ASO,ES,Federal Contract Tower,0,9,65,0,74,0,8,64,0,72,0,17,129,0,146,58,0,58,204
06/26/2023,JWN,TN,ASO,ES,Federal Contract Tower,0,14,43,0,57,0,5,45,0,50,0,19,88,0,107,26,0,26,133
06/27/2023,JWN,TN,ASO,ES,Federal Contract Tower,0,11,87,0,98,0,7,99,4,110,0,18,186,4,208,88,0,88,296
06/28/2023,JWN,TN,ASO,ES,Federal Contract Tower,0,17,70,1,88,0,3,124,1,128,0,20,194,2,216,108,0,108,324
06/29/2023,JWN,TN,ASO,ES,Federal Contract Tower,0,29,62,0,91,0,10,72,0,82,0,39,134,0,173,44,0,44,217
06/30/2023,JWN,TN,ASO,ES,Federal Contract Tower,0,24,68,2,94,0,16,93,0,109,0,40,161,2,203,70,0,70,273
07/01/2023,JWN,TN,ASO,ES,Federal Contract Tower,0,17,66,0,83,0,2,120,0,122,0,19,186,0,205,140,0,140,345
07/02/2023,JWN,TN,ASO,ES,Federal Contract Tower,0,10,35,0,45,0,12,63,0,75,0,22,98,0,120,22,0,22,142
07/03/2023,JWN,TN,ASO,ES,Federal Contract Tower,0,2,41,0,43,0,8,111,0,119,0,10,152,0,162,124,0,124,286
07/04/2023,JWN,TN,ASO,ES,Federal Contract Tower,0,5,33,0,38,0,0,76,0,76,0,5,109,0,114,88,0,88,202
07/05/2023,JWN,TN,ASO,ES,Federal Contract Tower,0,13,54,0,67,0,6,89,0,95,0,19,143,0,162,68,0,68,230
07/06/2023,JWN,TN,ASO,ES,Federal Contract Tower,0,17,60,0,77,0,7,94,0,101,0,24,154,0,178,90,0,90,268
07/07/2023,JWN,TN,ASO,ES,Federal Contract Tower,0,18,70,2,90,0,9,121,0,130,0,27,191,2,220,180,2,182,402
07/08/2023,JWN,TN,ASO,ES,Federal Contract Tower,0,6,55,0,61,0,1,41,0,42,0,7,96,0,103,36,0,36,139
07/09/2023,JWN,TN,ASO,ES,Federal Contract Tower,0,29,88,0,117,0,5,10,0,15,0,34,98,0,132,6,0,6,138
07/10/2023,JWN,TN,ASO,ES,Federal Contract Tower,0,10,75,1,86,0,10,143,0,153,0,20,218,1,239,126,0,126,365
07/11/2023,JWN,TN,ASO,ES,Federal Contract Tower,0,12,76,0,88,0,1,98,0,99,0,13,174,0,187,116,0,116,303
07/12/2023,JWN,TN,ASO,ES,Federal Contract Tower,0,23,90,0,113,0,15,76,0,91,0,38,166,0,204,122,0,122,326
07/13/2023,JWN,TN,ASO,ES,Federal Contract Tower,0,18,94,0,112,0,14,55,0,69,0,32,149,0,181,168,0,168,349
07/14/2023,JWN,TN,ASO,ES,Federal Contract Tower,0,12,82,0,94,0,21,87,0,108,0,33,169,0,202,160,0,160,362
07/15/2023,JWN,TN,ASO,ES,Federal Contract Tower,0,5,46,0,51,0,14,29,0,43,0,19,75,0,94,58,0,58,152
07/16/2023,JWN,TN,ASO,ES,Federal Contract Tower,0,22,78,0,100,0,9,94,0,103,0,31,172,0,203,44,0,44,247
07/17/2023,JWN,TN,ASO,ES,Federal Contract Tower,0,6,72,0,78,0,13,92,0,105,0,19,164,0,183,122,0,122,305
07/18/2023,JWN,TN,ASO,ES,Federal Contract Tower,0,11,55,0,66,0,12,48,0,60,0,23,103,0,126,90,0,90,216
07/19/2023,JWN,TN,ASO,ES,Federal Contract Tower,0,10,48,0,58,0,1,49,1,51,0,11,97,1,109,80,0,80,189
07/20/2023,JWN,TN,ASO,ES,Federal Contract Tower,0,21,67,0,88,0,20,50,1,71,0,41,117,1,159,28,0,28,187
07/21/2023,JWN,TN,ASO,ES,Federal Contract Tower,0,29,65,0,94,0,20,95,0,115,0,49,160,0,209,136,0,136,345
07/22/2023,JWN,TN,ASO,ES,Federal Contract Tower,0,17,35,0,52,0,24,129,0,153,0,41,164,0,205,90,0,90,295
07/23/2023,JWN,TN,ASO,ES,Federal Contract Tower,0,12,62,0,74,0,15,107,0,122,0,27,169,0,196,110,0,110,306
07/24/2023,JWN,TN,ASO,ES,Federal Contract Tower,0,7,63,0,70,0,0,74,0,74,0,7,137,0,144,122,0,122,266
07/25/2023,JWN,TN,ASO,ES,Federal Contract Tower,0,7,50,0,57,0,4,97,0,101,0,11,147,0,158,136,0,136,294
07/26/2023,JWN,TN,ASO,ES,Federal Contract Tower,0,6,80,0,86,0,2,102,0,104,0,8,182,0,190,54,0,54,244
07/27/2023,JWN,TN,ASO,ES,Federal Contract Tower,0,24,110,4,138,0,12,127,5,144,0,36,237,9,282,148,0,148,430
07/28/2023,JWN,TN,ASO,ES,Federal Contract Tower,0,15,111,0,126,0,13,134,1,148,0,28,245,1,274,96,0,96,370
07/29/2023,JWN,TN,ASO,ES,Federal Contract Tower,0,9,57,0,66,0,38,115,0,153,0,47,172,0,219,164,0,164,383
07/30/2023,JWN,TN,ASO,ES,Federal Contract Tower,0,21,131,0,152,0,21,74,0,95,0,42,205,0,247,6,0,6,253
07/31/2023,JWN,TN,ASO,ES,Federal Contract Tower,0,7,58,0,65,0,4,103,0,107,0,11,161,0,172,88,0,88,260
08/01/2023,JWN,TN,ASO,ES,Federal Contract Tower,0,10,44,0,54,0,0,86,0,86,0,10,130,0,140,74,0,74,214
08/02/2023,JWN,TN,ASO,ES,Federal Contract Tower,0,18,62,0,80,0,2,102,2,106,0,20,164,2,186,140,0,140,326
08/03/2023,JWN,TN,ASO,ES,Federal Contract Tower,0,8,51,0,59,0,2,31,2,35,0,10,82,2,94,52,0,52,146
08/04/2023,JWN,TN,ASO,ES,Federal Contract Tower,0,26,73,3,102,0,0,43,0,43,0,26,116,3,145,112,0,112,257
08/05/2023,JWN,TN,ASO,ES,Federal Contract Tower,0,7,64,2,73,0,14,49,0,63,0,21,113,2,136,64,0,64,200
08/06/2023,JWN,TN,ASO,ES,Federal Contract Tower,0,29,81,2,112,0,15,60,0,75,0,44,141,2,187,54,0,54,241
08/07/2023,JWN,TN,ASO,ES,Federal Contract Tower,0,24,66,0,90,0,8,63,0,71,0,32,129,0,161,36,0,36,197
08/08/2023,JWN,TN,ASO,ES,Federal Contract Tower,0,16,72,0,88,0,0,100,0,100,0,16,172,0,188,86,0,86,274
08/09/2023,JWN,TN,ASO,ES,Federal Contract Tower,0,15,63,1,79,0,0,57,0,57,0,15,120,1,136,40,0,40,176
08/10/2023,JWN,TN,ASO,ES,Federal Contract Tower,0,20,75,0,95,0,2,60,8,70,0,22,135,8,165,58,0,58,223
08/11/2023,JWN,TN,ASO,ES,Federal Contract Tower,0,22,98,0,120,0,18,84,0,102,0,40,182,0,222,86,0,86,308
08/12/2023,JWN,TN,ASO,ES,Federal Contract Tower,0,8,43,0,51,0,32,42,6,80,0,40,85,6,131,150,0,150,281
08/13/2023,JWN,TN,ASO,ES,Federal Contract Tower,0,13,53,0,66,0,2,54,0,56,0,15,107,0,122,46,0,46,168
08/14/2023,JWN,TN,ASO,ES,Federal Contract Tower,0,12,66,0,78,0,0,59,2,61,0,12,125,2,139,34,0,34,173
08/15/2023,JWN,TN,ASO,ES,Federal Contract Tower,0,11,80,0,91,0,3,88,2,93,0,14,168,2,184,170,0,170,354
08/16/2023,JWN,TN,ASO,ES,Federal Contract Tower,0,8,73,2,83,0,0,97,2,99,0,8,170,4,182,164,0,164,346
08/17/2023,JWN,TN,ASO,ES,Federal Contract Tower,0,15,73,0,88,0,6,113,0,119,0,21,186,0,207,119,0,119,326
08/18/2023,JWN,TN,ASO,ES,Federal Contract Tower,0,11,70,0,81,0,1,153,0,154,0,12,223,0,235,86,0,86,321
08/19/2023,JWN,TN,ASO,ES,Federal Contract Tower,0,19,64,0,83,0,1,189,1,191,0,20,253,1,274,168,0,168,442
08/20/2023,JWN,TN,ASO,ES,Federal Contract Tower,0,17,91,0,108,0,3,97,0,100,0,20,188,0,208,50,0,50,258
08/21/2023,JWN,TN,ASO,ES,Federal Contract Tower,0,6,58,0,64,0,4,71,0,75,0,10,129,0,139,62,0,62,201
08/22/2023,JWN,TN,ASO,ES,Federal Contract Tower,0,22,52,0,74,0,2,76,0,78,0,24,128,0,152,78,0,78,230
08/23/2023,JWN,TN,ASO,ES,Federal Contract Tower,0,16,87,0,103,0,0,89,0,89,0,16,176,0,192,30,0,30,222
08/24/2023,JWN,TN,ASO,ES,Federal Contract Tower,0,14,88,0,102,0,3,82,1,86,0,17,170,1,188,92,0,92,280
08/25/2023,JWN,TN,ASO,ES,Federal Contract Tower,0,26,79,0,105,0,5,96,0,101,0,31,175,0,206,50,0,50,256
08/26/2023,JWN,TN,ASO,ES,Federal Contract Tower,0,6,46,0,52,0,0,98,0,98,0,6,144,0,150,118,0,118,268
08/27/2023,JWN,TN,ASO,ES,Federal Contract Tower,0,16,83,0,99,0,0,13,0,13,0,16,96,0,112,32,0,32,144
08/28/2023,JWN,TN,ASO,ES,Federal Contract Tower,0,4,68,2,74,0,4,62,0,66,0,8,130,2,140,61,0,61,201
08/29/2023,JWN,TN,ASO,ES,Federal Contract Tower,0,4,86,0,90,0,0,101,0,101,0,4,187,0,191,40,0,40,231
08/30/2023,JWN,TN,ASO,ES,Federal Contract Tower,0,14,76,0,90,0,3,75,0,78,0,17,151,0,168,54,0,54,222
08/31/2023,JWN,TN,ASO,ES,Federal Contract Tower,0,26,86,0,112,0,4,101,0,105,0,30,187,0,217,102,0,102,319
