01/01/2020,JXN,MI,AGL,CE,Federal Contract Tower,0,0,4,0,4,0,0,63,3,66,0,0,67,3,70,80,6,86,156
01/02/2020,JXN,MI,AGL,CE,Federal Contract Tower,0,8,7,0,15,0,0,46,0,46,0,8,53,0,61,22,0,22,83
01/03/2020,JXN,MI,AGL,CE,Federal Contract Tower,0,1,4,0,5,0,0,13,0,13,0,1,17,0,18,8,0,8,26
01/04/2020,JXN,MI,AGL,CE,Federal Contract Tower,0,0,0,0,0,0,0,14,0,14,0,0,14,0,14,0,0,0,14
01/05/2020,JXN,MI,AGL,CE,Federal Contract Tower,0,1,3,0,4,0,0,69,0,69,0,1,72,0,73,74,0,74,147
01/06/2020,JXN,MI,AGL,CE,Federal Contract Tower,0,0,9,0,9,0,0,38,0,38,0,0,47,0,47,32,0,32,79
01/07/2020,JXN,MI,AGL,CE,Federal Contract Tower,0,2,6,0,8,0,3,59,2,64,0,5,65,2,72,70,0,70,142
01/08/2020,JXN,MI,AGL,CE,Federal Contract Tower,0,2,9,0,11,0,0,29,0,29,0,2,38,0,40,38,0,38,78
01/09/2020,JXN,MI,AGL,CE,Federal Contract Tower,0,1,10,0,11,0,1,40,0,41,0,2,50,0,52,50,0,50,102
01/10/2020,JXN,MI,AGL,CE,Federal Contract Tower,0,2,0,0,2,0,0,0,0,0,0,2,0,0,2,0,0,0,2
01/11/2020,JXN,MI,AGL,CE,Federal Contract Tower,0,1,0,0,1,0,0,0,0,0,0,1,0,0,1,0,0,0,1
01/12/2020,JXN,MI,AGL,CE,Federal Contract Tower,0,1,7,0,8,0,0,6,8,14,0,1,13,8,22,22,0,22,44
01/13/2020,JXN,MI,AGL,CE,Federal Contract Tower,0,0,0,0,0,0,1,0,0,1,0,1,0,0,1,0,0,0,1
01/14/2020,JXN,MI,AGL,CE,Federal Contract Tower,0,3,4,0,7,0,2,9,2,13,0,5,13,2,20,16,2,18,38
01/15/2020,JXN,MI,AGL,CE,Federal Contract Tower,0,0,7,0,7,0,0,16,0,16,0,0,23,0,23,6,0,6,29
01/16/2020,JXN,MI,AGL,CE,Federal Contract Tower,0,0,0,0,0,0,4,19,2,25,0,4,19,2,25,16,0,16,41
01/17/2020,JXN,MI,AGL,CE,Federal Contract Tower,0,0,11,0,11,0,0,48,0,48,0,0,59,0,59,78,0,78,137
01/18/2020,JXN,MI,AGL,CE,Federal Contract Tower,0,0,0,0,0,0,0,0,0,0,0,0,0,0,0,0,0,0,0
01/19/2020,JXN,MI,AGL,CE,Federal Contract Tower,0,0,0,0,0,0,0,3,0,3,0,0,3,0,3,10,0,10,13
01/20/2020,JXN,MI,AGL,CE,Federal Contract Tower,0,1,12,0,13,0,0,51,0,51,0,1,63,0,64,18,0,18,82
01/21/2020,JXN,MI,AGL,CE,Federal Contract Tower,0,8,18,0,26,0,1,54,1,56,0,9,72,1,82,64,0,64,146
01/22/2020,JXN,MI,AGL,CE,Federal Contract Tower,0,3,24,0,27,0,0,88,0,88,0,3,112,0,115,60,0,60,175
01/23/2020,JXN,MI,AGL,CE,Federal Contract Tower,0,2,8,2,12,0,0,46,10,56,0,2,54,12,68,82,0,82,150
01/24/2020,JXN,MI,AGL,CE,Federal Contract Tower,0,1,0,0,1,0,0,0,0,0,0,1,0,0,1,0,0,0,1
01/25/2020,JXN,MI,AGL,CE,Federal Contract Tower,0,0,0,0,0,0,0,1,0,1,0,0,1,0,1,0,0,0,1
01/26/2020,JXN,MI,AGL,CE,Federal Contract Tower,0,3,1,0,4,0,0,0,0,0,0,3,1,0,4,0,0,0,4
01/27/2020,JXN,MI,AGL,CE,Federal Contract Tower,0,1,0,0,1,0,2,17,0,19,0,3,17,0,20,20,0,20,40
01/28/2020,JXN,MI,AGL,CE,Federal Contract Tower,0,2,1,0,3,0,1,15,1,17,0,3,16,1,20,4,8,12,32
01/29/2020,JXN,MI,AGL,CE,Federal Contract Tower,0,1,0,0,1,0,0,21,0,21,0,1,21,0,22,58,0,58,80
01/31/2020,JXN,MI,AGL,CE,Federal Contract Tower,0,0,4,0,4,0,0,2,0,2,0,0,6,0,6,2,0,2,8
02/01/2020,JXN,MI,AGL,CE,Federal Contract Tower,0,1,2,0,3,0,0,0,0,0,0,1,2,0,3,2,0,2,5
02/02/2020,JXN,MI,AGL,CE,Federal Contract Tower,0,0,6,0,6,0,0,14,0,14,0,0,20,0,20,12,0,12,32
02/03/2020,JXN,MI,AGL,CE,Federal Contract Tower,0,0,17,0,17,0,1,81,2,84,0,1,98,2,101,68,4,72,173
02/04/2020,JXN,MI,AGL,CE,Federal Contract Tower,0,2,10,0,12,0,1,25,0,26,0,3,35,0,38,52,0,52,90
02/05/2020,JXN,MI,AGL,CE,Federal Contract Tower,0,2,14,0,16,0,0,39,0,39,0,2,53,0,55,56,0,56,111
02/06/2020,JXN,MI,AGL,CE,Federal Contract Tower,0,0,2,0,2,0,0,1,0,1,0,0,3,0,3,4,0,4,7
02/07/2020,JXN,MI,AGL,CE,Federal Contract Tower,0,1,5,0,6,0,1,21,0,22,0,2,26,0,28,24,0,24,52
02/08/2020,JXN,MI,AGL,CE,Federal Contract Tower,0,1,4,0,5,0,0,31,0,31,0,1,35,0,36,26,0,26,62
02/09/2020,JXN,MI,AGL,CE,Federal Contract Tower,0,1,0,2,3,0,0,6,2,8,0,1,6,4,11,12,0,12,23
02/10/2020,JXN,MI,AGL,CE,Federal Contract Tower,0,2,5,0,7,0,2,9,2,13,0,4,14,2,20,18,2,20,40
02/11/2020,JXN,MI,AGL,CE,Federal Contract Tower,0,5,22,0,27,0,0,62,0,62,0,5,84,0,89,72,0,72,161
02/12/2020,JXN,MI,AGL,CE,Federal Contract Tower,0,4,7,0,11,0,0,43,0,43,0,4,50,0,54,52,0,52,106
02/13/2020,JXN,MI,AGL,CE,Federal Contract Tower,0,2,2,0,4,0,0,0,0,0,0,2,2,0,4,0,0,0,4
02/14/2020,JXN,MI,AGL,CE,Federal Contract Tower,0,1,27,0,28,0,0,53,0,53,0,1,80,0,81,72,0,72,153
02/15/2020,JXN,MI,AGL,CE,Federal Contract Tower,0,3,2,0,5,0,0,26,0,26,0,3,28,0,31,10,0,10,41
02/16/2020,JXN,MI,AGL,CE,Federal Contract Tower,0,2,13,0,15,0,0,63,0,63,0,2,76,0,78,68,0,68,146
02/17/2020,JXN,MI,AGL,CE,Federal Contract Tower,0,2,12,0,14,0,0,37,0,37,0,2,49,0,51,46,0,46,97
02/18/2020,JXN,MI,AGL,CE,Federal Contract Tower,0,5,5,0,10,0,0,16,0,16,0,5,21,0,26,14,0,14,40
02/19/2020,JXN,MI,AGL,CE,Federal Contract Tower,0,1,20,0,21,0,0,59,0,59,0,1,79,0,80,62,0,62,142
02/20/2020,JXN,MI,AGL,CE,Federal Contract Tower,0,3,26,0,29,0,3,44,0,47,0,6,70,0,76,54,0,54,130
02/21/2020,JXN,MI,AGL,CE,Federal Contract Tower,0,3,8,0,11,0,0,65,0,65,0,3,73,0,76,102,0,102,178
02/22/2020,JXN,MI,AGL,CE,Federal Contract Tower,0,2,18,0,20,0,0,76,0,76,0,2,94,0,96,82,0,82,178
02/23/2020,JXN,MI,AGL,CE,Federal Contract Tower,0,7,21,0,28,0,0,105,0,105,0,7,126,0,133,98,0,98,231
02/24/2020,JXN,MI,AGL,CE,Federal Contract Tower,0,1,4,0,5,0,0,35,0,35,0,1,39,0,40,70,0,70,110
02/25/2020,JXN,MI,AGL,CE,Federal Contract Tower,0,3,0,0,3,0,0,0,0,0,0,3,0,0,3,0,0,0,3
02/26/2020,JXN,MI,AGL,CE,Federal Contract Tower,0,0,2,0,2,0,0,2,0,2,0,0,4,0,4,2,0,2,6
02/27/2020,JXN,MI,AGL,CE,Federal Contract Tower,0,1,6,0,7,0,0,0,0,0,0,1,6,0,7,2,0,2,9
02/28/2020,JXN,MI,AGL,CE,Federal Contract Tower,0,0,6,0,6,0,0,18,0,18,0,0,24,0,24,20,0,20,44
02/29/2020,JXN,MI,AGL,CE,Federal Contract Tower,0,3,34,0,37,0,0,121,0,121,0,3,155,0,158,68,0,68,226
03/01/2020,JXN,MI,AGL,CE,Federal Contract Tower,0,0,7,0,7,0,0,72,0,72,0,0,79,0,79,100,0,100,179
03/02/2020,JXN,MI,AGL,CE,Federal Contract Tower,0,0,15,0,15,0,0,38,4,42,0,0,53,4,57,78,8,86,143
03/03/2020,JXN,MI,AGL,CE,Federal Contract Tower,0,2,18,0,20,0,1,32,4,37,0,3,50,4,57,22,4,26,83
03/04/2020,JXN,MI,AGL,CE,Federal Contract Tower,0,5,10,0,15,0,0,28,2,30,0,5,38,2,45,16,0,16,61
03/05/2020,JXN,MI,AGL,CE,Federal Contract Tower,0,2,10,0,12,0,1,44,0,45,0,3,54,0,57,68,0,68,125
03/06/2020,JXN,MI,AGL,CE,Federal Contract Tower,0,2,0,0,2,0,0,4,0,4,0,2,4,0,6,0,0,0,6
03/07/2020,JXN,MI,AGL,CE,Federal Contract Tower,0,0,33,0,33,0,0,146,0,146,0,0,179,0,179,144,0,144,323
03/08/2020,JXN,MI,AGL,CE,Federal Contract Tower,0,1,12,1,14,0,0,57,6,63,0,1,69,7,77,50,0,50,127
03/09/2020,JXN,MI,AGL,CE,Federal Contract Tower,0,2,10,0,12,0,0,14,0,14,0,2,24,0,26,12,0,12,38
03/10/2020,JXN,MI,AGL,CE,Federal Contract Tower,0,8,2,0,10,0,0,16,0,16,0,8,18,0,26,30,0,30,56
03/11/2020,JXN,MI,AGL,CE,Federal Contract Tower,0,0,4,0,4,0,0,1,0,1,0,0,5,0,5,0,0,0,5
03/12/2020,JXN,MI,AGL,CE,Federal Contract Tower,0,4,7,2,13,0,4,21,2,27,0,8,28,4,40,38,0,38,78
03/13/2020,JXN,MI,AGL,CE,Federal Contract Tower,0,0,2,0,2,0,0,8,0,8,0,0,10,0,10,0,0,0,10
03/14/2020,JXN,MI,AGL,CE,Federal Contract Tower,0,0,15,0,15,0,0,82,0,82,0,0,97,0,97,96,0,96,193
03/15/2020,JXN,MI,AGL,CE,Federal Contract Tower,0,1,10,0,11,0,2,115,0,117,0,3,125,0,128,52,0,52,180
03/16/2020,JXN,MI,AGL,CE,Federal Contract Tower,0,3,7,0,10,0,0,32,0,32,0,3,39,0,42,58,0,58,100
03/17/2020,JXN,MI,AGL,CE,Federal Contract Tower,0,0,8,0,8,0,0,19,0,19,0,0,27,0,27,22,0,22,49
03/18/2020,JXN,MI,AGL,CE,Federal Contract Tower,0,0,16,0,16,0,0,15,0,15,0,0,31,0,31,20,0,20,51
03/19/2020,JXN,MI,AGL,CE,Federal Contract Tower,0,0,8,0,8,0,0,0,0,0,0,0,8,0,8,2,0,2,10
03/20/2020,JXN,MI,AGL,CE,Federal Contract Tower,0,2,2,0,4,0,0,3,0,3,0,2,5,0,7,2,0,2,9
03/21/2020,JXN,MI,AGL,CE,Federal Contract Tower,0,3,12,0,15,0,1,45,0,46,0,4,57,0,61,64,0,64,125
03/22/2020,JXN,MI,AGL,CE,Federal Contract Tower,0,0,3,0,3,0,0,27,0,27,0,0,30,0,30,12,0,12,42
03/23/2020,JXN,MI,AGL,CE,Federal Contract Tower,0,1,0,0,1,0,0,0,0,0,0,1,0,0,1,0,0,0,1
03/24/2020,JXN,MI,AGL,CE,Federal Contract Tower,0,0,2,0,2,0,0,6,0,6,0,0,8,0,8,0,2,2,10
03/25/2020,JXN,MI,AGL,CE,Federal Contract Tower,0,0,12,0,12,0,0,43,0,43,0,0,55,0,55,56,0,56,111
03/26/2020,JXN,MI,AGL,CE,Federal Contract Tower,0,2,1,0,3,0,1,2,2,5,0,3,3,2,8,2,2,4,12
03/27/2020,JXN,MI,AGL,CE,Federal Contract Tower,0,3,3,0,6,0,0,20,0,20,0,3,23,0,26,36,0,36,62
03/28/2020,JXN,MI,AGL,CE,Federal Contract Tower,0,0,2,0,2,0,0,0,0,0,0,0,2,0,2,0,0,0,2
03/29/2020,JXN,MI,AGL,CE,Federal Contract Tower,0,2,3,0,5,0,0,1,0,1,0,2,4,0,6,0,0,0,6
03/30/2020,JXN,MI,AGL,CE,Federal Contract Tower,0,0,0,0,0,0,0,0,0,0,0,0,0,0,0,0,0,0,0
04/01/2020,JXN,MI,AGL,CE,Federal Contract Tower,0,0,0,0,0,0,0,1,0,1,0,0,1,0,1,0,0,0,1
04/02/2020,JXN,MI,AGL,CE,Federal Contract Tower,0,1,7,0,8,0,3,35,0,38,0,4,42,0,46,72,0,72,118
04/03/2020,JXN,MI,AGL,CE,Federal Contract Tower,0,0,11,0,11,0,1,47,2,50,0,1,58,2,61,36,2,38,99
04/04/2020,JXN,MI,AGL,CE,Federal Contract Tower,0,0,0,2,2,0,0,10,0,10,0,0,10,2,12,8,2,10,22
04/05/2020,JXN,MI,AGL,CE,Federal Contract Tower,0,0,3,0,3,0,0,30,0,30,0,0,33,0,33,40,0,40,73
04/06/2020,JXN,MI,AGL,CE,Federal Contract Tower,0,0,0,0,0,0,0,11,0,11,0,0,11,0,11,0,0,0,11
04/07/2020,JXN,MI,AGL,CE,Federal Contract Tower,0,0,2,0,2,0,0,4,0,4,0,0,6,0,6,10,0,10,16
04/08/2020,JXN,MI,AGL,CE,Federal Contract Tower,0,0,4,0,4,0,0,30,0,30,0,0,34,0,34,42,0,42,76
04/09/2020,JXN,MI,AGL,CE,Federal Contract Tower,0,0,1,0,1,0,0,0,0,0,0,0,1,0,1,0,0,0,1
04/10/2020,JXN,MI,AGL,CE,Federal Contract Tower,0,2,3,0,5,0,0,5,0,5,0,2,8,0,10,0,0,0,10
04/11/2020,JXN,MI,AGL,CE,Federal Contract Tower,0,0,3,0,3,0,0,22,0,22,0,0,25,0,25,12,0,12,37
04/12/2020,JXN,MI,AGL,CE,Federal Contract Tower,0,0,0,0,0,0,0,14,0,14,0,0,14,0,14,18,0,18,32
04/13/2020,JXN,MI,AGL,CE,Federal Contract Tower,0,0,0,0,0,0,0,0,0,0,0,0,0,0,0,0,0,0,0
04/14/2020,JXN,MI,AGL,CE,Federal Contract Tower,0,0,8,0,8,0,0,6,0,6,0,0,14,0,14,0,0,0,14
04/15/2020,JXN,MI,AGL,CE,Federal Contract Tower,0,0,0,0,0,0,0,0,0,0,0,0,0,0,0,0,0,0,0
04/16/2020,JXN,MI,AGL,CE,Federal Contract Tower,0,0,0,0,0,0,0,26,0,26,0,0,26,0,26,46,0,46,72
04/17/2020,JXN,MI,AGL,CE,Federal Contract Tower,0,0,1,0,1,0,0,0,0,0,0,0,1,0,1,0,0,0,1
04/18/2020,JXN,MI,AGL,CE,Federal Contract Tower,0,2,5,0,7,0,0,26,0,26,0,2,31,0,33,22,0,22,55
04/19/2020,JXN,MI,AGL,CE,Federal Contract Tower,0,0,3,0,3,0,0,24,0,24,0,0,27,0,27,2,0,2,29
04/20/2020,JXN,MI,AGL,CE,Federal Contract Tower,0,3,5,0,8,0,0,27,0,27,0,3,32,0,35,8,0,8,43
04/21/2020,JXN,MI,AGL,CE,Federal Contract Tower,0,1,0,0,1,0,0,2,0,2,0,1,2,0,3,0,0,0,3
04/22/2020,JXN,MI,AGL,CE,Federal Contract Tower,0,1,2,0,3,0,1,5,0,6,0,2,7,0,9,2,0,2,11
04/23/2020,JXN,MI,AGL,CE,Federal Contract Tower,0,2,4,0,6,0,0,6,0,6,0,2,10,0,12,2,0,2,14
04/24/2020,JXN,MI,AGL,CE,Federal Contract Tower,0,0,0,0,0,0,1,0,0,1,0,1,0,0,1,66,0,66,67
04/25/2020,JXN,MI,AGL,CE,Federal Contract Tower,0,0,6,0,6,0,0,15,0,15,0,0,21,0,21,14,0,14,35
04/26/2020,JXN,MI,AGL,CE,Federal Contract Tower,0,1,1,0,2,0,0,7,0,7,0,1,8,0,9,2,0,2,11
04/27/2020,JXN,MI,AGL,CE,Federal Contract Tower,0,0,10,0,10,0,1,18,0,19,0,1,28,0,29,16,0,16,45
04/28/2020,JXN,MI,AGL,CE,Federal Contract Tower,1,0,11,0,12,0,0,13,0,13,1,0,24,0,25,20,0,20,45
04/29/2020,JXN,MI,AGL,CE,Federal Contract Tower,0,1,0,0,1,0,0,3,0,3,0,1,3,0,4,2,0,2,6
04/30/2020,JXN,MI,AGL,CE,Federal Contract Tower,0,2,1,0,3,0,2,1,0,3,0,4,2,0,6,2,0,2,8
05/01/2020,JXN,MI,AGL,CE,Federal Contract Tower,0,1,1,0,2,0,1,36,0,37,0,2,37,0,39,48,0,48,87
05/02/2020,JXN,MI,AGL,CE,Federal Contract Tower,0,0,0,0,0,0,0,7,0,7,0,0,7,0,7,4,0,4,11
05/03/2020,JXN,MI,AGL,CE,Federal Contract Tower,0,0,3,0,3,0,0,22,0,22,0,0,25,0,25,14,0,14,39
05/04/2020,JXN,MI,AGL,CE,Federal Contract Tower,0,0,12,0,12,0,0,20,0,20,0,0,32,0,32,40,0,40,72
05/05/2020,JXN,MI,AGL,CE,Federal Contract Tower,0,2,0,0,2,0,0,4,0,4,0,2,4,0,6,0,0,0,6
05/06/2020,JXN,MI,AGL,CE,Federal Contract Tower,0,2,8,0,10,0,0,19,0,19,0,2,27,0,29,20,0,20,49
05/07/2020,JXN,MI,AGL,CE,Federal Contract Tower,0,1,0,0,1,0,1,5,2,8,0,2,5,2,9,0,2,2,11
05/08/2020,JXN,MI,AGL,CE,Federal Contract Tower,0,0,2,0,2,0,0,8,0,8,0,0,10,0,10,12,0,12,22
05/09/2020,JXN,MI,AGL,CE,Federal Contract Tower,0,0,2,0,2,0,0,13,0,13,0,0,15,0,15,0,0,0,15
05/10/2020,JXN,MI,AGL,CE,Federal Contract Tower,0,0,0,0,0,0,0,0,0,0,0,0,0,0,0,0,0,0,0
05/11/2020,JXN,MI,AGL,CE,Federal Contract Tower,0,2,0,0,2,0,0,6,0,6,0,2,6,0,8,4,0,4,12
05/12/2020,JXN,MI,AGL,CE,Federal Contract Tower,0,0,4,0,4,0,0,14,0,14,0,0,18,0,18,2,0,2,20
05/13/2020,JXN,MI,AGL,CE,Federal Contract Tower,0,0,18,0,18,0,0,63,0,63,0,0,81,0,81,42,0,42,123
05/14/2020,JXN,MI,AGL,CE,Federal Contract Tower,0,2,4,0,6,0,0,0,0,0,0,2,4,0,6,0,0,0,6
05/15/2020,JXN,MI,AGL,CE,Federal Contract Tower,0,3,8,0,11,0,0,6,0,6,0,3,14,0,17,20,0,20,37
05/16/2020,JXN,MI,AGL,CE,Federal Contract Tower,0,0,13,0,13,0,0,17,0,17,0,0,30,0,30,10,0,10,40
05/17/2020,JXN,MI,AGL,CE,Federal Contract Tower,0,0,1,0,1,0,0,1,0,1,0,0,2,0,2,0,0,0,2
05/18/2020,JXN,MI,AGL,CE,Federal Contract Tower,0,0,2,0,2,0,0,0,0,0,0,0,2,0,2,0,0,0,2
05/19/2020,JXN,MI,AGL,CE,Federal Contract Tower,0,1,6,0,7,0,0,6,0,6,0,1,12,0,13,6,0,6,19
05/20/2020,JXN,MI,AGL,CE,Federal Contract Tower,0,1,15,0,16,0,0,33,0,33,0,1,48,0,49,10,0,10,59
05/21/2020,JXN,MI,AGL,CE,Federal Contract Tower,0,4,3,0,7,0,0,29,0,29,0,4,32,0,36,0,0,0,36
05/22/2020,JXN,MI,AGL,CE,Federal Contract Tower,0,3,5,0,8,0,0,12,0,12,0,3,17,0,20,16,0,16,36
05/23/2020,JXN,MI,AGL,CE,Federal Contract Tower,0,0,20,0,20,0,0,29,0,29,0,0,49,0,49,24,0,24,73
05/24/2020,JXN,MI,AGL,CE,Federal Contract Tower,0,0,6,0,6,0,0,25,0,25,0,0,31,0,31,26,0,26,57
05/25/2020,JXN,MI,AGL,CE,Federal Contract Tower,0,0,5,0,5,0,0,17,0,17,0,0,22,0,22,9,0,9,31
05/26/2020,JXN,MI,AGL,CE,Federal Contract Tower,0,0,13,0,13,0,0,39,0,39,0,0,52,0,52,40,0,40,92
05/27/2020,JXN,MI,AGL,CE,Federal Contract Tower,0,2,9,0,11,0,0,13,0,13,0,2,22,0,24,22,0,22,46
05/28/2020,JXN,MI,AGL,CE,Federal Contract Tower,0,0,5,0,5,0,0,3,0,3,0,0,8,0,8,4,0,4,12
05/29/2020,JXN,MI,AGL,CE,Federal Contract Tower,0,1,6,0,7,0,0,5,0,5,0,1,11,0,12,14,0,14,26
05/30/2020,JXN,MI,AGL,CE,Federal Contract Tower,0,0,12,0,12,0,0,31,0,31,0,0,43,0,43,38,0,38,81
05/31/2020,JXN,MI,AGL,CE,Federal Contract Tower,0,0,18,0,18,0,0,53,0,53,0,0,71,0,71,104,0,104,175
06/01/2020,JXN,MI,AGL,CE,Federal Contract Tower,0,2,3,0,5,0,0,28,0,28,0,2,31,0,33,12,0,12,45
06/02/2020,JXN,MI,AGL,CE,Federal Contract Tower,0,0,4,0,4,0,0,13,0,13,0,0,17,0,17,4,0,4,21
06/03/2020,JXN,MI,AGL,CE,Federal Contract Tower,0,1,13,0,14,0,0,26,0,26,0,1,39,0,40,42,0,42,82
06/04/2020,JXN,MI,AGL,CE,Federal Contract Tower,0,1,7,0,8,0,0,31,0,31,0,1,38,0,39,6,0,6,45
06/05/2020,JXN,MI,AGL,CE,Federal Contract Tower,0,0,1,0,1,0,0,26,0,26,0,0,27,0,27,80,0,80,107
06/06/2020,JXN,MI,AGL,CE,Federal Contract Tower,0,0,13,0,13,0,0,38,0,38,0,0,51,0,51,30,0,30,81
06/07/2020,JXN,MI,AGL,CE,Federal Contract Tower,0,1,2,0,3,0,0,31,0,31,0,1,33,0,34,6,0,6,40
06/08/2020,JXN,MI,AGL,CE,Federal Contract Tower,0,0,10,0,10,0,0,36,0,36,0,0,46,0,46,42,0,42,88
06/09/2020,JXN,MI,AGL,CE,Federal Contract Tower,0,0,4,0,4,0,0,27,0,27,0,0,31,0,31,16,0,16,47
06/10/2020,JXN,MI,AGL,CE,Federal Contract Tower,0,0,0,0,0,0,0,2,0,2,0,0,2,0,2,0,0,0,2
06/11/2020,JXN,MI,AGL,CE,Federal Contract Tower,0,0,4,0,4,0,0,41,0,41,0,0,45,0,45,24,0,24,69
06/12/2020,JXN,MI,AGL,CE,Federal Contract Tower,0,3,13,0,16,0,0,60,0,60,0,3,73,0,76,72,0,72,148
06/13/2020,JXN,MI,AGL,CE,Federal Contract Tower,0,0,4,0,4,0,0,59,2,61,0,0,63,2,65,46,2,48,113
06/14/2020,JXN,MI,AGL,CE,Federal Contract Tower,0,0,24,0,24,0,1,76,0,77,0,1,100,0,101,58,0,58,159
06/15/2020,JXN,MI,AGL,CE,Federal Contract Tower,0,0,11,0,11,0,0,50,0,50,0,0,61,0,61,24,0,24,85
06/16/2020,JXN,MI,AGL,CE,Federal Contract Tower,0,1,16,0,17,0,0,64,0,64,0,1,80,0,81,46,0,46,127
06/17/2020,JXN,MI,AGL,CE,Federal Contract Tower,0,2,12,0,14,0,0,43,0,43,0,2,55,0,57,46,0,46,103
06/18/2020,JXN,MI,AGL,CE,Federal Contract Tower,0,2,24,0,26,0,0,45,0,45,0,2,69,0,71,84,0,84,155
06/19/2020,JXN,MI,AGL,CE,Federal Contract Tower,0,0,7,0,7,0,1,69,0,70,0,1,76,0,77,46,0,46,123
06/20/2020,JXN,MI,AGL,CE,Federal Contract Tower,0,1,14,0,15,0,1,75,0,76,0,2,89,0,91,22,0,22,113
06/21/2020,JXN,MI,AGL,CE,Federal Contract Tower,0,0,18,0,18,0,0,15,0,15,0,0,33,0,33,12,0,12,45
06/22/2020,JXN,MI,AGL,CE,Federal Contract Tower,0,0,7,0,7,0,0,27,0,27,0,0,34,0,34,12,0,12,46
06/23/2020,JXN,MI,AGL,CE,Federal Contract Tower,0,8,6,0,14,0,0,9,0,9,0,8,15,0,23,8,0,8,31
06/24/2020,JXN,MI,AGL,CE,Federal Contract Tower,0,3,19,0,22,0,0,40,0,40,0,3,59,0,62,54,0,54,116
06/25/2020,JXN,MI,AGL,CE,Federal Contract Tower,0,0,23,0,23,0,0,62,0,62,0,0,85,0,85,42,0,42,127
06/26/2020,JXN,MI,AGL,CE,Federal Contract Tower,0,1,23,0,24,0,0,39,0,39,0,1,62,0,63,48,0,48,111
06/27/2020,JXN,MI,AGL,CE,Federal Contract Tower,0,0,9,0,9,0,0,31,0,31,0,0,40,0,40,8,0,8,48
06/28/2020,JXN,MI,AGL,CE,Federal Contract Tower,0,0,21,0,21,0,0,84,0,84,0,0,105,0,105,82,0,82,187
06/29/2020,JXN,MI,AGL,CE,Federal Contract Tower,0,2,18,0,20,0,0,46,0,46,0,2,64,0,66,32,0,32,98
06/30/2020,JXN,MI,AGL,CE,Federal Contract Tower,0,2,26,0,28,0,0,54,0,54,0,2,80,0,82,98,0,98,180
07/01/2020,JXN,MI,AGL,CE,Federal Contract Tower,0,0,18,2,20,0,0,65,0,65,0,0,83,2,85,22,0,22,107
07/02/2020,JXN,MI,AGL,CE,Federal Contract Tower,0,1,14,0,15,0,1,62,0,63,0,2,76,0,78,54,0,54,132
07/03/2020,JXN,MI,AGL,CE,Federal Contract Tower,0,0,12,0,12,0,1,56,0,57,0,1,68,0,69,26,0,26,95
07/04/2020,JXN,MI,AGL,CE,Federal Contract Tower,0,0,8,0,8,0,0,40,0,40,0,0,48,0,48,36,0,36,84
07/05/2020,JXN,MI,AGL,CE,Federal Contract Tower,0,3,15,0,18,0,0,48,0,48,0,3,63,0,66,60,0,60,126
07/06/2020,JXN,MI,AGL,CE,Federal Contract Tower,0,0,16,0,16,0,0,37,0,37,0,0,53,0,53,12,0,12,65
07/07/2020,JXN,MI,AGL,CE,Federal Contract Tower,0,1,13,0,14,0,0,25,0,25,0,1,38,0,39,10,0,10,49
07/08/2020,JXN,MI,AGL,CE,Federal Contract Tower,0,4,12,0,16,0,0,42,0,42,0,4,54,0,58,28,0,28,86
07/09/2020,JXN,MI,AGL,CE,Federal Contract Tower,0,0,18,0,18,0,0,34,0,34,0,0,52,0,52,20,0,20,72
07/10/2020,JXN,MI,AGL,CE,Federal Contract Tower,0,1,2,0,3,0,0,0,0,0,0,1,2,0,3,0,0,0,3
07/11/2020,JXN,MI,AGL,CE,Federal Contract Tower,0,2,3,0,5,0,0,48,0,48,0,2,51,0,53,10,0,10,63
07/12/2020,JXN,MI,AGL,CE,Federal Contract Tower,0,2,28,0,30,0,1,64,0,65,0,3,92,0,95,30,0,30,125
07/13/2020,JXN,MI,AGL,CE,Federal Contract Tower,0,3,22,0,25,0,0,32,0,32,0,3,54,0,57,24,0,24,81
07/14/2020,JXN,MI,AGL,CE,Federal Contract Tower,0,0,16,0,16,0,0,41,0,41,0,0,57,0,57,42,0,42,99
07/15/2020,JXN,MI,AGL,CE,Federal Contract Tower,0,0,10,0,10,0,0,38,0,38,0,0,48,0,48,22,0,22,70
07/16/2020,JXN,MI,AGL,CE,Federal Contract Tower,0,2,5,0,7,0,0,6,0,6,0,2,11,0,13,2,0,2,15
07/17/2020,JXN,MI,AGL,CE,Federal Contract Tower,0,0,20,0,20,0,0,71,0,71,0,0,91,0,91,76,0,76,167
07/18/2020,JXN,MI,AGL,CE,Federal Contract Tower,0,4,20,0,24,0,0,52,0,52,0,4,72,0,76,24,0,24,100
07/19/2020,JXN,MI,AGL,CE,Federal Contract Tower,0,3,4,0,7,0,0,19,0,19,0,3,23,0,26,2,0,2,28
07/20/2020,JXN,MI,AGL,CE,Federal Contract Tower,0,0,5,0,5,0,1,40,0,41,0,1,45,0,46,14,0,14,60
07/21/2020,JXN,MI,AGL,CE,Federal Contract Tower,0,2,12,4,18,0,1,44,6,51,0,3,56,10,69,32,6,38,107
07/22/2020,JXN,MI,AGL,CE,Federal Contract Tower,0,1,5,0,6,0,0,19,0,19,0,1,24,0,25,20,0,20,45
07/23/2020,JXN,MI,AGL,CE,Federal Contract Tower,0,1,15,0,16,0,0,40,2,42,0,1,55,2,58,60,0,60,118
07/24/2020,JXN,MI,AGL,CE,Federal Contract Tower,0,4,26,0,30,0,1,59,0,60,0,5,85,0,90,72,0,72,162
07/25/2020,JXN,MI,AGL,CE,Federal Contract Tower,0,0,8,0,8,0,0,92,0,92,0,0,100,0,100,66,0,66,166
07/26/2020,JXN,MI,AGL,CE,Federal Contract Tower,0,0,14,0,14,0,0,58,0,58,0,0,72,0,72,30,0,30,102
07/27/2020,JXN,MI,AGL,CE,Federal Contract Tower,0,1,16,0,17,0,0,4,0,4,0,1,20,0,21,28,0,28,49
07/28/2020,JXN,MI,AGL,CE,Federal Contract Tower,0,3,20,0,23,0,0,47,2,49,0,3,67,2,72,26,0,26,98
07/29/2020,JXN,MI,AGL,CE,Federal Contract Tower,0,4,9,0,13,0,0,39,0,39,0,4,48,0,52,26,0,26,78
07/30/2020,JXN,MI,AGL,CE,Federal Contract Tower,0,0,4,0,4,0,2,45,0,47,0,2,49,0,51,40,0,40,91
07/31/2020,JXN,MI,AGL,CE,Federal Contract Tower,0,0,18,0,18,0,0,84,0,84,0,0,102,0,102,44,0,44,146
08/01/2020,JXN,MI,AGL,CE,Federal Contract Tower,0,0,3,0,3,0,0,30,0,30,0,0,33,0,33,8,0,8,41
08/02/2020,JXN,MI,AGL,CE,Federal Contract Tower,0,0,19,0,19,0,0,17,0,17,0,0,36,0,36,14,0,14,50
08/03/2020,JXN,MI,AGL,CE,Federal Contract Tower,0,2,5,0,7,0,1,8,0,9,0,3,13,0,16,8,0,8,24
08/04/2020,JXN,MI,AGL,CE,Federal Contract Tower,0,2,7,0,9,0,0,11,0,11,0,2,18,0,20,4,0,4,24
08/05/2020,JXN,MI,AGL,CE,Federal Contract Tower,0,0,8,0,8,0,0,65,0,65,0,0,73,0,73,56,0,56,129
08/06/2020,JXN,MI,AGL,CE,Federal Contract Tower,0,0,23,0,23,0,0,56,0,56,0,0,79,0,79,58,0,58,137
08/07/2020,JXN,MI,AGL,CE,Federal Contract Tower,0,2,10,0,12,0,2,62,0,64,0,4,72,0,76,56,0,56,132
08/08/2020,JXN,MI,AGL,CE,Federal Contract Tower,0,3,13,0,16,0,0,75,0,75,0,3,88,0,91,40,0,40,131
08/09/2020,JXN,MI,AGL,CE,Federal Contract Tower,0,4,29,0,33,0,0,51,0,51,0,4,80,0,84,16,0,16,100
08/10/2020,JXN,MI,AGL,CE,Federal Contract Tower,0,0,12,0,12,0,0,29,0,29,0,0,41,0,41,30,0,30,71
08/12/2020,JXN,MI,AGL,CE,Federal Contract Tower,0,4,10,4,18,0,2,69,6,77,0,6,79,10,95,56,8,64,159
08/13/2020,JXN,MI,AGL,CE,Federal Contract Tower,0,1,15,0,16,0,1,66,0,67,0,2,81,0,83,88,0,88,171
08/17/2020,JXN,MI,AGL,CE,Federal Contract Tower,0,2,5,0,7,0,0,50,0,50,0,2,55,0,57,42,0,42,99
08/18/2020,JXN,MI,AGL,CE,Federal Contract Tower,0,8,9,0,17,0,8,33,0,41,0,16,42,0,58,52,0,52,110
08/19/2020,JXN,MI,AGL,CE,Federal Contract Tower,0,4,20,0,24,0,1,91,0,92,0,5,111,0,116,92,0,92,208
08/20/2020,JXN,MI,AGL,CE,Federal Contract Tower,0,1,20,0,21,0,0,61,0,61,0,1,81,0,82,72,0,72,154
08/21/2020,JXN,MI,AGL,CE,Federal Contract Tower,0,1,21,0,22,0,0,52,0,52,0,1,73,0,74,40,0,40,114
08/22/2020,JXN,MI,AGL,CE,Federal Contract Tower,0,0,7,0,7,0,0,98,0,98,0,0,105,0,105,48,0,48,153
08/23/2020,JXN,MI,AGL,CE,Federal Contract Tower,0,1,8,0,9,0,0,62,0,62,0,1,70,0,71,22,0,22,93
08/24/2020,JXN,MI,AGL,CE,Federal Contract Tower,0,0,9,0,9,0,0,27,0,27,0,0,36,0,36,22,0,22,58
08/25/2020,JXN,MI,AGL,CE,Federal Contract Tower,0,0,19,0,19,0,0,36,0,36,0,0,55,0,55,32,0,32,87
08/26/2020,JXN,MI,AGL,CE,Federal Contract Tower,0,1,7,0,8,0,0,32,0,32,0,1,39,0,40,28,0,28,68
08/27/2020,JXN,MI,AGL,CE,Federal Contract Tower,0,7,14,0,21,0,1,61,0,62,0,8,75,0,83,28,0,28,111
08/28/2020,JXN,MI,AGL,CE,Federal Contract Tower,0,0,1,0,1,0,0,3,0,3,0,0,4,0,4,0,0,0,4
08/29/2020,JXN,MI,AGL,CE,Federal Contract Tower,0,1,4,0,5,0,0,3,0,3,0,1,7,0,8,0,0,0,8
08/30/2020,JXN,MI,AGL,CE,Federal Contract Tower,0,2,28,0,30,0,2,120,0,122,0,4,148,0,152,28,0,28,180
08/31/2020,JXN,MI,AGL,CE,Federal Contract Tower,0,0,15,0,15,0,0,36,0,36,0,0,51,0,51,18,0,18,69
09/01/2020,JXN,MI,AGL,CE,Federal Contract Tower,0,0,8,0,8,0,0,26,0,26,0,0,34,0,34,16,0,16,50
09/02/2020,JXN,MI,AGL,CE,Federal Contract Tower,0,0,9,0,9,0,1,33,2,36,0,1,42,2,45,46,0,46,91
09/03/2020,JXN,MI,AGL,CE,Federal Contract Tower,0,7,11,0,18,0,0,23,6,29,0,7,34,6,47,34,4,38,85
09/04/2020,JXN,MI,AGL,CE,Federal Contract Tower,0,2,10,0,12,0,0,49,0,49,0,2,59,0,61,14,0,14,75
09/05/2020,JXN,MI,AGL,CE,Federal Contract Tower,0,1,20,0,21,0,0,75,0,75,0,1,95,0,96,26,0,26,122
09/06/2020,JXN,MI,AGL,CE,Federal Contract Tower,0,1,7,0,8,0,0,26,0,26,0,1,33,0,34,18,0,18,52
09/07/2020,JXN,MI,AGL,CE,Federal Contract Tower,0,1,13,0,14,0,0,55,0,55,0,1,68,0,69,40,0,40,109
09/08/2020,JXN,MI,AGL,CE,Federal Contract Tower,0,1,7,0,8,0,0,0,0,0,0,1,7,0,8,6,0,6,14
09/09/2020,JXN,MI,AGL,CE,Federal Contract Tower,0,2,12,0,14,0,0,0,0,0,0,2,12,0,14,0,0,0,14
09/10/2020,JXN,MI,AGL,CE,Federal Contract Tower,0,1,12,0,13,0,2,0,0,2,0,3,12,0,15,2,0,2,17
09/11/2020,JXN,MI,AGL,CE,Federal Contract Tower,0,1,23,0,24,0,0,70,0,70,0,1,93,0,94,44,0,44,138
09/12/2020,JXN,MI,AGL,CE,Federal Contract Tower,0,1,14,0,15,0,0,51,0,51,0,1,65,0,66,64,0,64,130
09/13/2020,JXN,MI,AGL,CE,Federal Contract Tower,0,1,9,0,10,0,0,37,0,37,0,1,46,0,47,20,0,20,67
09/14/2020,JXN,MI,AGL,CE,Federal Contract Tower,0,3,15,0,18,0,0,63,0,63,0,3,78,0,81,68,0,68,149
09/15/2020,JXN,MI,AGL,CE,Federal Contract Tower,0,1,22,0,23,0,0,61,0,61,0,1,83,0,84,40,0,40,124
09/16/2020,JXN,MI,AGL,CE,Federal Contract Tower,0,1,31,0,32,0,0,50,0,50,0,1,81,0,82,16,0,16,98
09/17/2020,JXN,MI,AGL,CE,Federal Contract Tower,0,1,14,0,15,0,0,49,0,49,0,1,63,0,64,56,0,56,120
09/18/2020,JXN,MI,AGL,CE,Federal Contract Tower,0,1,10,0,11,0,0,62,0,62,0,1,72,0,73,34,0,34,107
09/19/2020,JXN,MI,AGL,CE,Federal Contract Tower,0,0,13,0,13,0,1,109,0,110,0,1,122,0,123,42,0,42,165
09/20/2020,JXN,MI,AGL,CE,Federal Contract Tower,0,2,14,0,16,0,0,77,0,77,0,2,91,0,93,30,0,30,123
09/21/2020,JXN,MI,AGL,CE,Federal Contract Tower,0,0,12,0,12,0,1,58,0,59,0,1,70,0,71,52,0,52,123
09/22/2020,JXN,MI,AGL,CE,Federal Contract Tower,0,3,29,0,32,0,0,63,0,63,0,3,92,0,95,56,0,56,151
09/23/2020,JXN,MI,AGL,CE,Federal Contract Tower,0,0,14,0,14,0,0,69,0,69,0,0,83,0,83,42,0,42,125
09/24/2020,JXN,MI,AGL,CE,Federal Contract Tower,0,0,6,0,6,0,0,51,0,51,0,0,57,0,57,78,0,78,135
09/25/2020,JXN,MI,AGL,CE,Federal Contract Tower,0,2,26,0,28,0,0,82,0,82,0,2,108,0,110,40,0,40,150
09/26/2020,JXN,MI,AGL,CE,Federal Contract Tower,0,0,12,0,12,0,0,51,0,51,0,0,63,0,63,10,0,10,73
09/27/2020,JXN,MI,AGL,CE,Federal Contract Tower,0,1,14,0,15,0,0,14,0,14,0,1,28,0,29,6,0,6,35
09/28/2020,JXN,MI,AGL,CE,Federal Contract Tower,0,2,26,0,28,0,0,8,0,8,0,2,34,0,36,20,0,20,56
09/29/2020,JXN,MI,AGL,CE,Federal Contract Tower,0,2,18,0,20,0,0,67,0,67,0,2,85,0,87,64,0,64,151
09/30/2020,JXN,MI,AGL,CE,Federal Contract Tower,0,0,7,2,9,0,0,12,2,14,0,0,19,4,23,16,2,18,41
10/01/2020,JXN,MI,AGL,CE,Federal Contract Tower,0,5,7,0,12,0,1,9,0,10,0,6,16,0,22,4,0,4,26
10/02/2020,JXN,MI,AGL,CE,Federal Contract Tower,0,4,11,0,15,0,1,39,0,40,0,5,50,0,55,12,0,12,67
10/03/2020,JXN,MI,AGL,CE,Federal Contract Tower,0,1,15,0,16,0,0,98,0,98,0,1,113,0,114,36,0,36,150
10/04/2020,JXN,MI,AGL,CE,Federal Contract Tower,0,2,5,0,7,0,0,15,0,15,0,2,20,0,22,4,0,4,26
10/05/2020,JXN,MI,AGL,CE,Federal Contract Tower,0,1,10,2,13,0,0,41,0,41,0,1,51,2,54,60,0,60,114
10/06/2020,JXN,MI,AGL,CE,Federal Contract Tower,0,4,13,2,19,0,0,48,2,50,0,4,61,4,69,28,2,30,99
10/07/2020,JXN,MI,AGL,CE,Federal Contract Tower,0,0,4,0,4,0,0,14,3,17,0,0,18,3,21,4,0,4,25
10/08/2020,JXN,MI,AGL,CE,Federal Contract Tower,0,0,22,0,22,0,0,47,0,47,0,0,69,0,69,40,0,40,109
10/09/2020,JXN,MI,AGL,CE,Federal Contract Tower,0,1,3,0,4,0,0,39,0,39,0,1,42,0,43,44,0,44,87
10/10/2020,JXN,MI,AGL,CE,Federal Contract Tower,0,8,17,0,25,0,0,45,0,45,0,8,62,0,70,70,0,70,140
10/11/2020,JXN,MI,AGL,CE,Federal Contract Tower,0,1,16,0,17,0,2,57,0,59,0,3,73,0,76,40,0,40,116
10/12/2020,JXN,MI,AGL,CE,Federal Contract Tower,0,6,7,0,13,0,0,0,0,0,0,6,7,0,13,8,0,8,21
10/13/2020,JXN,MI,AGL,CE,Federal Contract Tower,0,1,13,0,14,0,0,55,0,55,0,1,68,0,69,78,0,78,147
10/14/2020,JXN,MI,AGL,CE,Federal Contract Tower,0,2,4,1,7,0,0,31,1,32,0,2,35,2,39,36,0,36,75
10/15/2020,JXN,MI,AGL,CE,Federal Contract Tower,0,2,12,0,14,0,1,15,0,16,0,3,27,0,30,18,0,18,48
10/16/2020,JXN,MI,AGL,CE,Federal Contract Tower,0,1,18,0,19,0,0,49,0,49,0,1,67,0,68,36,0,36,104
10/17/2020,JXN,MI,AGL,CE,Federal Contract Tower,0,1,9,0,10,0,0,37,0,37,0,1,46,0,47,28,0,28,75
10/18/2020,JXN,MI,AGL,CE,Federal Contract Tower,0,1,9,0,10,0,0,12,0,12,0,1,21,0,22,2,0,2,24
10/19/2020,JXN,MI,AGL,CE,Federal Contract Tower,0,0,2,0,2,0,0,18,0,18,0,0,20,0,20,4,0,4,24
10/20/2020,JXN,MI,AGL,CE,Federal Contract Tower,0,4,29,2,35,0,0,50,2,52,0,4,79,4,87,56,2,58,145
10/21/2020,JXN,MI,AGL,CE,Federal Contract Tower,0,1,15,0,16,0,0,32,0,32,0,1,47,0,48,18,0,18,66
10/22/2020,JXN,MI,AGL,CE,Federal Contract Tower,0,0,8,0,8,0,0,0,0,0,0,0,8,0,8,0,0,0,8
10/23/2020,JXN,MI,AGL,CE,Federal Contract Tower,0,2,0,0,2,0,0,3,0,3,0,2,3,0,5,0,0,0,5
10/24/2020,JXN,MI,AGL,CE,Federal Contract Tower,0,4,17,0,21,0,0,73,0,73,0,4,90,0,94,36,0,36,130
10/25/2020,JXN,MI,AGL,CE,Federal Contract Tower,0,0,12,0,12,0,0,77,0,77,0,0,89,0,89,26,0,26,115
10/26/2020,JXN,MI,AGL,CE,Federal Contract Tower,0,0,8,0,8,0,0,25,0,25,0,0,33,0,33,50,0,50,83
10/27/2020,JXN,MI,AGL,CE,Federal Contract Tower,0,6,7,0,13,0,0,6,0,6,0,6,13,0,19,4,0,4,23
10/28/2020,JXN,MI,AGL,CE,Federal Contract Tower,0,3,12,0,15,0,0,34,0,34,0,3,46,0,49,42,0,42,91
10/29/2020,JXN,MI,AGL,CE,Federal Contract Tower,0,0,7,0,7,0,0,17,4,21,0,0,24,4,28,4,0,4,32
10/30/2020,JXN,MI,AGL,CE,Federal Contract Tower,0,5,10,0,15,0,0,44,0,44,0,5,54,0,59,60,0,60,119
11/01/2020,JXN,MI,AGL,CE,Federal Contract Tower,0,4,0,0,4,0,1,0,0,1,0,5,0,0,5,0,0,0,5
11/02/2020,JXN,MI,AGL,CE,Federal Contract Tower,0,2,9,0,11,0,0,9,0,9,0,2,18,0,20,4,0,4,24
11/03/2020,JXN,MI,AGL,CE,Federal Contract Tower,0,5,9,0,14,0,0,62,2,64,0,5,71,2,78,38,8,46,124
11/04/2020,JXN,MI,AGL,CE,Federal Contract Tower,0,0,10,2,12,0,0,28,0,28,0,0,38,2,40,6,0,6,46
11/05/2020,JXN,MI,AGL,CE,Federal Contract Tower,0,3,29,0,32,0,0,61,0,61,0,3,90,0,93,50,0,50,143
11/06/2020,JXN,MI,AGL,CE,Federal Contract Tower,0,3,22,0,25,0,12,98,0,110,0,15,120,0,135,84,0,84,219
11/07/2020,JXN,MI,AGL,CE,Federal Contract Tower,0,14,14,0,28,0,0,136,0,136,0,14,150,0,164,38,0,38,202
11/08/2020,JXN,MI,AGL,CE,Federal Contract Tower,0,3,13,0,16,0,2,99,0,101,0,5,112,0,117,34,0,34,151
11/09/2020,JXN,MI,AGL,CE,Federal Contract Tower,0,23,17,0,40,0,15,34,0,49,0,38,51,0,89,52,0,52,141
11/10/2020,JXN,MI,AGL,CE,Federal Contract Tower,0,1,6,0,7,0,1,17,0,18,0,2,23,0,25,16,0,16,41
11/11/2020,JXN,MI,AGL,CE,Federal Contract Tower,0,0,23,0,23,0,1,40,0,41,0,1,63,0,64,40,0,40,104
11/12/2020,JXN,MI,AGL,CE,Federal Contract Tower,0,2,18,0,20,0,0,61,0,61,0,2,79,0,81,66,0,66,147
11/13/2020,JXN,MI,AGL,CE,Federal Contract Tower,0,2,3,0,5,0,0,19,0,19,0,2,22,0,24,8,0,8,32
11/14/2020,JXN,MI,AGL,CE,Federal Contract Tower,0,0,18,0,18,0,0,80,0,80,0,0,98,0,98,56,0,56,154
11/15/2020,JXN,MI,AGL,CE,Federal Contract Tower,0,2,0,0,2,0,0,0,0,0,0,2,0,0,2,0,0,0,2
11/16/2020,JXN,MI,AGL,CE,Federal Contract Tower,0,0,6,0,6,0,0,4,0,4,0,0,10,0,10,8,0,8,18
11/17/2020,JXN,MI,AGL,CE,Federal Contract Tower,0,0,6,0,6,0,0,4,0,4,0,0,10,0,10,0,0,0,10
11/18/2020,JXN,MI,AGL,CE,Federal Contract Tower,0,0,16,0,16,0,0,31,1,32,0,0,47,1,48,46,2,48,96
11/19/2020,JXN,MI,AGL,CE,Federal Contract Tower,0,0,4,0,4,0,0,9,0,9,0,0,13,0,13,4,0,4,17
11/20/2020,JXN,MI,AGL,CE,Federal Contract Tower,0,0,11,0,11,0,0,26,0,26,0,0,37,0,37,24,0,24,61
11/21/2020,JXN,MI,AGL,CE,Federal Contract Tower,0,0,20,0,20,0,0,63,0,63,0,0,83,0,83,36,0,36,119
11/22/2020,JXN,MI,AGL,CE,Federal Contract Tower,0,0,0,0,0,0,0,0,0,0,0,0,0,0,0,0,0,0,0
11/23/2020,JXN,MI,AGL,CE,Federal Contract Tower,0,0,4,0,4,0,0,42,0,42,0,0,46,0,46,78,0,78,124
11/24/2020,JXN,MI,AGL,CE,Federal Contract Tower,0,0,0,0,0,0,0,0,0,0,0,0,0,0,0,0,0,0,0
11/25/2020,JXN,MI,AGL,CE,Federal Contract Tower,0,0,0,0,0,0,0,0,0,0,0,0,0,0,0,0,0,0,0
11/26/2020,JXN,MI,AGL,CE,Federal Contract Tower,0,0,2,0,2,0,0,1,0,1,0,0,3,0,3,0,0,0,3
11/27/2020,JXN,MI,AGL,CE,Federal Contract Tower,0,3,11,0,14,0,0,18,0,18,0,3,29,0,32,18,0,18,50
11/28/2020,JXN,MI,AGL,CE,Federal Contract Tower,0,0,19,0,19,0,0,64,0,64,0,0,83,0,83,52,0,52,135
11/29/2020,JXN,MI,AGL,CE,Federal Contract Tower,0,0,11,0,11,0,0,32,0,32,0,0,43,0,43,44,0,44,87
11/30/2020,JXN,MI,AGL,CE,Federal Contract Tower,0,0,0,0,0,0,0,0,0,0,0,0,0,0,0,0,0,0,0
12/01/2020,JXN,MI,AGL,CE,Federal Contract Tower,0,5,0,0,5,0,0,6,0,6,0,5,6,0,11,0,0,0,11
12/02/2020,JXN,MI,AGL,CE,Federal Contract Tower,0,2,6,0,8,0,1,34,0,35,0,3,40,0,43,28,0,28,71
12/03/2020,JXN,MI,AGL,CE,Federal Contract Tower,0,0,7,4,11,0,0,42,4,46,0,0,49,8,57,38,4,42,99
12/04/2020,JXN,MI,AGL,CE,Federal Contract Tower,0,0,10,0,10,0,0,22,0,22,0,0,32,0,32,18,0,18,50
12/05/2020,JXN,MI,AGL,CE,Federal Contract Tower,0,5,14,0,19,0,0,35,0,35,0,5,49,0,54,28,0,28,82
12/06/2020,JXN,MI,AGL,CE,Federal Contract Tower,0,0,0,0,0,0,1,12,0,13,0,1,12,0,13,16,0,16,29
12/07/2020,JXN,MI,AGL,CE,Federal Contract Tower,0,7,10,0,17,0,7,17,0,24,0,14,27,0,41,22,0,22,63
12/08/2020,JXN,MI,AGL,CE,Federal Contract Tower,0,1,3,0,4,0,0,10,0,10,0,1,13,0,14,26,0,26,40
12/09/2020,JXN,MI,AGL,CE,Federal Contract Tower,0,4,19,0,23,0,2,32,0,34,0,6,51,0,57,30,0,30,87
12/10/2020,JXN,MI,AGL,CE,Federal Contract Tower,0,4,17,0,21,0,5,75,0,80,0,9,92,0,101,58,0,58,159
12/11/2020,JXN,MI,AGL,CE,Federal Contract Tower,0,3,10,0,13,0,0,31,0,31,0,3,41,0,44,36,0,36,80
12/12/2020,JXN,MI,AGL,CE,Federal Contract Tower,0,6,2,0,8,0,0,0,0,0,0,6,2,0,8,0,0,0,8
12/13/2020,JXN,MI,AGL,CE,Federal Contract Tower,0,4,0,0,4,0,0,8,0,8,0,4,8,0,12,0,0,0,12
12/14/2020,JXN,MI,AGL,CE,Federal Contract Tower,0,3,4,0,7,0,0,5,0,5,0,3,9,0,12,2,0,2,14
12/15/2020,JXN,MI,AGL,CE,Federal Contract Tower,0,3,15,0,18,0,1,32,0,33,0,4,47,0,51,46,0,46,97
12/16/2020,JXN,MI,AGL,CE,Federal Contract Tower,0,0,2,0,2,0,0,2,0,2,0,0,4,0,4,0,0,0,4
12/17/2020,JXN,MI,AGL,CE,Federal Contract Tower,0,1,2,0,3,0,0,0,0,0,0,1,2,0,3,0,0,0,3
12/18/2020,JXN,MI,AGL,CE,Federal Contract Tower,0,1,9,0,10,0,0,19,0,19,0,1,28,0,29,10,0,10,39
12/19/2020,JXN,MI,AGL,CE,Federal Contract Tower,0,0,0,0,0,0,0,0,0,0,0,0,0,0,0,0,0,0,0
12/20/2020,JXN,MI,AGL,CE,Federal Contract Tower,0,0,5,0,5,0,0,5,0,5,0,0,10,0,10,14,0,14,24
12/21/2020,JXN,MI,AGL,CE,Federal Contract Tower,0,0,0,0,0,0,0,1,0,1,0,0,1,0,1,0,0,0,1
12/22/2020,JXN,MI,AGL,CE,Federal Contract Tower,0,1,3,0,4,0,0,17,0,17,0,1,20,0,21,40,0,40,61
12/23/2020,JXN,MI,AGL,CE,Federal Contract Tower,0,1,11,0,12,0,1,14,0,15,0,2,25,0,27,10,0,10,37
12/24/2020,JXN,MI,AGL,CE,Federal Contract Tower,0,0,5,0,5,0,0,10,0,10,0,0,15,0,15,10,0,10,25
12/25/2020,JXN,MI,AGL,CE,Federal Contract Tower,0,0,0,0,0,0,0,0,0,0,0,0,0,0,0,0,0,0,0
12/26/2020,JXN,MI,AGL,CE,Federal Contract Tower,0,2,1,0,3,0,2,3,0,5,0,4,4,0,8,0,0,0,8
12/27/2020,JXN,MI,AGL,CE,Federal Contract Tower,0,0,8,0,8,0,0,22,0,22,0,0,30,0,30,24,0,24,54
12/28/2020,JXN,MI,AGL,CE,Federal Contract Tower,0,0,2,0,2,0,0,5,0,5,0,0,7,0,7,0,0,0,7
12/29/2020,JXN,MI,AGL,CE,Federal Contract Tower,0,8,28,0,36,0,10,47,0,57,0,18,75,0,93,128,0,128,221
12/30/2020,JXN,MI,AGL,CE,Federal Contract Tower,0,0,0,0,0,0,0,0,0,0,0,0,0,0,0,0,0,0,0
01/01/2021,JXN,MI,AGL,CE,Federal Contract Tower,0,0,0,0,0,0,0,0,0,0,0,0,0,0,0,0,0,0,0
01/02/2021,JXN,MI,AGL,CE,Federal Contract Tower,0,1,0,0,1,0,0,0,0,0,0,1,0,0,1,0,0,0,1
01/03/2021,JXN,MI,AGL,CE,Federal Contract Tower,0,1,0,0,1,0,0,0,0,0,0,1,0,0,1,0,0,0,1
01/04/2021,JXN,MI,AGL,CE,Federal Contract Tower,0,0,2,0,2,0,0,1,0,1,0,0,3,0,3,0,0,0,3
01/05/2021,JXN,MI,AGL,CE,Federal Contract Tower,0,2,0,0,2,0,0,0,0,0,0,2,0,0,2,0,0,0,2
01/06/2021,JXN,MI,AGL,CE,Federal Contract Tower,0,2,18,0,20,0,1,21,0,22,0,3,39,0,42,20,0,20,62
01/07/2021,JXN,MI,AGL,CE,Federal Contract Tower,0,1,0,0,1,0,0,4,2,6,0,1,4,2,7,0,4,4,11
01/08/2021,JXN,MI,AGL,CE,Federal Contract Tower,0,1,3,0,4,0,0,4,0,4,0,1,7,0,8,8,0,8,16
01/09/2021,JXN,MI,AGL,CE,Federal Contract Tower,0,0,32,0,32,0,0,57,0,57,0,0,89,0,89,70,0,70,159
01/10/2021,JXN,MI,AGL,CE,Federal Contract Tower,0,0,2,0,2,0,0,22,0,22,0,0,24,0,24,16,0,16,40
01/11/2021,JXN,MI,AGL,CE,Federal Contract Tower,0,0,0,0,0,0,0,2,0,2,0,0,2,0,2,0,0,0,2
01/12/2021,JXN,MI,AGL,CE,Federal Contract Tower,0,5,0,0,5,0,0,0,0,0,0,5,0,0,5,0,0,0,5
01/13/2021,JXN,MI,AGL,CE,Federal Contract Tower,0,3,22,0,25,0,0,37,0,37,0,3,59,0,62,56,0,56,118
01/14/2021,JXN,MI,AGL,CE,Federal Contract Tower,0,1,15,0,16,0,33,0,0,33,0,34,15,0,49,18,0,18,67
01/15/2021,JXN,MI,AGL,CE,Federal Contract Tower,0,1,0,0,1,0,0,5,0,5,0,1,5,0,6,6,0,6,12
01/16/2021,JXN,MI,AGL,CE,Federal Contract Tower,0,2,8,0,10,0,0,10,0,10,0,2,18,0,20,14,0,14,34
01/17/2021,JXN,MI,AGL,CE,Federal Contract Tower,0,1,0,0,1,0,0,0,0,0,0,1,0,0,1,0,0,0,1
01/18/2021,JXN,MI,AGL,CE,Federal Contract Tower,0,1,0,0,1,0,0,1,0,1,0,1,1,0,2,0,0,0,2
01/19/2021,JXN,MI,AGL,CE,Federal Contract Tower,0,0,3,0,3,0,0,17,0,17,0,0,20,0,20,10,0,10,30
01/20/2021,JXN,MI,AGL,CE,Federal Contract Tower,0,1,12,0,13,0,0,19,0,19,0,1,31,0,32,20,0,20,52
01/21/2021,JXN,MI,AGL,CE,Federal Contract Tower,0,3,13,0,16,0,0,17,0,17,0,3,30,0,33,22,0,22,55
01/22/2021,JXN,MI,AGL,CE,Federal Contract Tower,0,2,6,0,8,0,0,13,0,13,0,2,19,0,21,10,0,10,31
01/23/2021,JXN,MI,AGL,CE,Federal Contract Tower,0,0,39,0,39,0,0,49,0,49,0,0,88,0,88,66,0,66,154
01/24/2021,JXN,MI,AGL,CE,Federal Contract Tower,0,0,0,0,0,0,0,0,0,0,0,0,0,0,0,0,0,0,0
01/25/2021,JXN,MI,AGL,CE,Federal Contract Tower,0,0,3,0,3,0,0,7,0,7,0,0,10,0,10,8,0,8,18
01/26/2021,JXN,MI,AGL,CE,Federal Contract Tower,0,1,0,0,1,0,0,0,2,2,0,1,0,2,3,0,0,0,3
01/27/2021,JXN,MI,AGL,CE,Federal Contract Tower,0,0,10,0,10,0,0,22,0,22,0,0,32,0,32,24,0,24,56
01/28/2021,JXN,MI,AGL,CE,Federal Contract Tower,0,4,3,0,7,0,6,7,0,13,0,10,10,0,20,18,0,18,38
01/29/2021,JXN,MI,AGL,CE,Federal Contract Tower,0,2,11,0,13,0,0,44,0,44,0,2,55,0,57,64,0,64,121
01/30/2021,JXN,MI,AGL,CE,Federal Contract Tower,0,5,5,0,10,0,5,33,0,38,0,10,38,0,48,70,0,70,118
01/31/2021,JXN,MI,AGL,CE,Federal Contract Tower,0,0,0,0,0,0,0,0,0,0,0,0,0,0,0,0,0,0,0
02/01/2021,JXN,MI,AGL,CE,Federal Contract Tower,0,0,0,0,0,0,0,0,0,0,0,0,0,0,0,14,0,14,14
02/02/2021,JXN,MI,AGL,CE,Federal Contract Tower,0,4,20,0,24,0,4,41,0,45,0,8,61,0,69,28,0,28,97
02/03/2021,JXN,MI,AGL,CE,Federal Contract Tower,0,1,19,0,20,0,0,70,0,70,0,1,89,0,90,90,0,90,180
02/04/2021,JXN,MI,AGL,CE,Federal Contract Tower,0,2,3,0,5,0,0,8,0,8,0,2,11,0,13,2,0,2,15
02/05/2021,JXN,MI,AGL,CE,Federal Contract Tower,0,1,4,0,5,0,0,0,0,0,0,1,4,0,5,0,0,0,5
02/06/2021,JXN,MI,AGL,CE,Federal Contract Tower,0,2,5,0,7,0,0,13,0,13,0,2,18,0,20,16,0,16,36
02/07/2021,JXN,MI,AGL,CE,Federal Contract Tower,0,3,5,0,8,0,0,20,0,20,0,3,25,0,28,22,0,22,50
02/08/2021,JXN,MI,AGL,CE,Federal Contract Tower,0,0,5,0,5,0,0,9,0,9,0,0,14,0,14,2,0,2,16
02/09/2021,JXN,MI,AGL,CE,Federal Contract Tower,0,2,15,0,17,0,0,42,0,42,0,2,57,0,59,60,0,60,119
02/10/2021,JXN,MI,AGL,CE,Federal Contract Tower,0,2,2,0,4,0,0,7,0,7,0,2,9,0,11,0,0,0,11
02/11/2021,JXN,MI,AGL,CE,Federal Contract Tower,0,1,2,0,3,0,1,27,0,28,0,2,29,0,31,34,0,34,65
02/12/2021,JXN,MI,AGL,CE,Federal Contract Tower,0,3,2,0,5,0,0,20,0,20,0,3,22,0,25,32,0,32,57
02/13/2021,JXN,MI,AGL,CE,Federal Contract Tower,0,1,0,0,1,0,0,0,0,0,0,1,0,0,1,0,0,0,1
02/14/2021,JXN,MI,AGL,CE,Federal Contract Tower,0,2,14,0,16,0,0,28,0,28,0,2,42,0,44,46,0,46,90
02/15/2021,JXN,MI,AGL,CE,Federal Contract Tower,0,1,2,0,3,0,0,2,0,2,0,1,4,0,5,2,0,2,7
02/16/2021,JXN,MI,AGL,CE,Federal Contract Tower,0,2,5,0,7,0,0,2,0,2,0,2,7,0,9,0,0,0,9
02/17/2021,JXN,MI,AGL,CE,Federal Contract Tower,0,4,6,0,10,0,0,16,0,16,0,4,22,0,26,12,0,12,38
02/18/2021,JXN,MI,AGL,CE,Federal Contract Tower,0,1,2,0,3,0,0,0,0,0,0,1,2,0,3,0,0,0,3
02/19/2021,JXN,MI,AGL,CE,Federal Contract Tower,0,2,12,0,14,0,0,15,0,15,0,2,27,0,29,12,0,12,41
02/20/2021,JXN,MI,AGL,CE,Federal Contract Tower,0,0,8,0,8,0,3,29,0,32,0,3,37,0,40,46,0,46,86
02/21/2021,JXN,MI,AGL,CE,Federal Contract Tower,0,0,11,0,11,0,0,29,0,29,0,0,40,0,40,32,0,32,72
02/22/2021,JXN,MI,AGL,CE,Federal Contract Tower,0,0,4,0,4,0,0,0,0,0,0,0,4,0,4,0,0,0,4
02/23/2021,JXN,MI,AGL,CE,Federal Contract Tower,0,4,8,0,12,0,1,17,0,18,0,5,25,0,30,20,0,20,50
02/24/2021,JXN,MI,AGL,CE,Federal Contract Tower,0,4,11,0,15,0,0,16,0,16,0,4,27,0,31,14,0,14,45
02/25/2021,JXN,MI,AGL,CE,Federal Contract Tower,0,5,19,0,24,0,0,44,0,44,0,5,63,0,68,60,0,60,128
02/26/2021,JXN,MI,AGL,CE,Federal Contract Tower,0,2,28,0,30,0,0,60,0,60,0,2,88,0,90,74,0,74,164
02/27/2021,JXN,MI,AGL,CE,Federal Contract Tower,0,2,18,0,20,0,0,37,0,37,0,2,55,0,57,34,0,34,91
02/28/2021,JXN,MI,AGL,CE,Federal Contract Tower,0,1,6,0,7,0,0,6,0,6,0,1,12,0,13,6,0,6,19
03/01/2021,JXN,MI,AGL,CE,Federal Contract Tower,0,1,26,0,27,0,0,17,0,17,0,1,43,0,44,72,0,72,116
03/02/2021,JXN,MI,AGL,CE,Federal Contract Tower,0,2,22,0,24,0,0,27,0,27,0,2,49,0,51,18,0,18,69
03/03/2021,JXN,MI,AGL,CE,Federal Contract Tower,0,10,9,0,19,0,11,24,0,35,0,21,33,0,54,30,0,30,84
03/04/2021,JXN,MI,AGL,CE,Federal Contract Tower,0,5,6,0,11,0,4,23,0,27,0,9,29,0,38,44,0,44,82
03/05/2021,JXN,MI,AGL,CE,Federal Contract Tower,0,3,11,0,14,0,0,47,0,47,0,3,58,0,61,94,0,94,155
03/06/2021,JXN,MI,AGL,CE,Federal Contract Tower,0,0,18,0,18,0,1,65,2,68,0,1,83,2,86,44,0,44,130
03/08/2021,JXN,MI,AGL,CE,Federal Contract Tower,0,0,18,0,18,0,0,30,0,30,0,0,48,0,48,18,0,18,66
03/09/2021,JXN,MI,AGL,CE,Federal Contract Tower,0,0,11,0,11,0,0,49,0,49,0,0,60,0,60,86,0,86,146
03/10/2021,JXN,MI,AGL,CE,Federal Contract Tower,0,1,10,0,11,0,0,16,0,16,0,1,26,0,27,10,0,10,37
03/11/2021,JXN,MI,AGL,CE,Federal Contract Tower,0,2,2,0,4,0,0,2,0,2,0,2,4,0,6,0,0,0,6
03/12/2021,JXN,MI,AGL,CE,Federal Contract Tower,0,10,13,0,23,0,0,46,0,46,0,10,59,0,69,26,0,26,95
03/13/2021,JXN,MI,AGL,CE,Federal Contract Tower,0,0,24,0,24,0,0,135,0,135,0,0,159,0,159,28,0,28,187
03/14/2021,JXN,MI,AGL,CE,Federal Contract Tower,0,0,4,1,5,0,0,61,0,61,0,0,65,1,66,26,0,26,92
03/15/2021,JXN,MI,AGL,CE,Federal Contract Tower,0,0,2,0,2,0,0,5,0,5,0,0,7,0,7,0,0,0,7
03/16/2021,JXN,MI,AGL,CE,Federal Contract Tower,0,0,1,2,3,0,0,11,2,13,0,0,12,4,16,12,2,14,30
03/17/2021,JXN,MI,AGL,CE,Federal Contract Tower,0,1,16,2,19,0,0,47,2,49,0,1,63,4,68,96,2,98,166
03/18/2021,JXN,MI,AGL,CE,Federal Contract Tower,0,2,0,0,2,0,0,0,0,0,0,2,0,0,2,0,0,0,2
03/19/2021,JXN,MI,AGL,CE,Federal Contract Tower,0,1,13,1,15,0,0,58,2,60,0,1,71,3,75,62,0,62,137
03/20/2021,JXN,MI,AGL,CE,Federal Contract Tower,0,2,22,0,24,0,0,100,0,100,0,2,122,0,124,42,0,42,166
03/21/2021,JXN,MI,AGL,CE,Federal Contract Tower,0,3,20,0,23,0,2,97,0,99,0,5,117,0,122,34,0,34,156
03/22/2021,JXN,MI,AGL,CE,Federal Contract Tower,0,4,13,0,17,0,5,33,0,38,0,9,46,0,55,20,0,20,75
03/23/2021,JXN,MI,AGL,CE,Federal Contract Tower,0,6,5,0,11,0,2,20,0,22,0,8,25,0,33,10,0,10,43
03/24/2021,JXN,MI,AGL,CE,Federal Contract Tower,0,3,10,0,13,0,0,19,0,19,0,3,29,0,32,12,0,12,44
03/25/2021,JXN,MI,AGL,CE,Federal Contract Tower,0,6,6,2,14,0,0,27,0,27,0,6,33,2,41,18,2,20,61
03/26/2021,JXN,MI,AGL,CE,Federal Contract Tower,0,7,11,0,18,0,0,5,0,5,0,7,16,0,23,2,0,2,25
03/27/2021,JXN,MI,AGL,CE,Federal Contract Tower,0,2,30,0,32,0,2,45,0,47,0,4,75,0,79,38,0,38,117
03/28/2021,JXN,MI,AGL,CE,Federal Contract Tower,0,2,1,0,3,0,0,1,0,1,0,2,2,0,4,0,0,0,4
03/29/2021,JXN,MI,AGL,CE,Federal Contract Tower,0,4,11,4,19,0,0,36,4,40,0,4,47,8,59,46,0,46,105
03/30/2021,JXN,MI,AGL,CE,Federal Contract Tower,0,1,0,0,1,0,0,9,0,9,0,1,9,0,10,0,0,0,10
03/31/2021,JXN,MI,AGL,CE,Federal Contract Tower,0,3,9,0,12,0,2,32,0,34,0,5,41,0,46,32,0,32,78
04/01/2021,JXN,MI,AGL,CE,Federal Contract Tower,0,2,4,0,6,0,0,7,0,7,0,2,11,0,13,24,0,24,37
04/02/2021,JXN,MI,AGL,CE,Federal Contract Tower,0,1,28,0,29,0,0,58,0,58,0,1,86,0,87,54,0,54,141
04/03/2021,JXN,MI,AGL,CE,Federal Contract Tower,0,0,8,0,8,0,0,37,0,37,0,0,45,0,45,16,0,16,61
04/04/2021,JXN,MI,AGL,CE,Federal Contract Tower,0,0,3,0,3,0,0,43,0,43,0,0,46,0,46,24,0,24,70
04/05/2021,JXN,MI,AGL,CE,Federal Contract Tower,0,0,4,0,4,0,0,6,0,6,0,0,10,0,10,6,0,6,16
04/06/2021,JXN,MI,AGL,CE,Federal Contract Tower,0,9,12,0,21,0,4,45,0,49,0,13,57,0,70,64,0,64,134
04/07/2021,JXN,MI,AGL,CE,Federal Contract Tower,0,4,16,0,20,0,6,40,0,46,0,10,56,0,66,80,0,80,146
04/08/2021,JXN,MI,AGL,CE,Federal Contract Tower,0,7,4,0,11,0,0,20,0,20,0,7,24,0,31,40,0,40,71
04/09/2021,JXN,MI,AGL,CE,Federal Contract Tower,0,2,8,0,10,0,0,15,2,17,0,2,23,2,27,14,0,14,41
04/10/2021,JXN,MI,AGL,CE,Federal Contract Tower,0,0,7,0,7,0,0,52,0,52,0,0,59,0,59,16,0,16,75
04/11/2021,JXN,MI,AGL,CE,Federal Contract Tower,0,0,1,0,1,0,0,5,0,5,0,0,6,0,6,0,0,0,6
04/12/2021,JXN,MI,AGL,CE,Federal Contract Tower,0,6,4,0,10,0,2,7,0,9,0,8,11,0,19,4,0,4,23
04/13/2021,JXN,MI,AGL,CE,Federal Contract Tower,0,1,18,0,19,0,6,57,0,63,0,7,75,0,82,58,0,58,140
04/14/2021,JXN,MI,AGL,CE,Federal Contract Tower,0,3,14,0,17,0,2,42,0,44,0,5,56,0,61,32,0,32,93
04/15/2021,JXN,MI,AGL,CE,Federal Contract Tower,0,4,3,0,7,0,0,8,0,8,0,4,11,0,15,2,2,4,19
04/16/2021,JXN,MI,AGL,CE,Federal Contract Tower,0,3,3,0,6,0,0,25,0,25,0,3,28,0,31,34,0,34,65
04/17/2021,JXN,MI,AGL,CE,Federal Contract Tower,0,0,15,0,15,0,0,74,0,74,0,0,89,0,89,46,0,46,135
04/18/2021,JXN,MI,AGL,CE,Federal Contract Tower,0,2,24,0,26,0,0,95,0,95,0,2,119,0,121,50,0,50,171
04/19/2021,JXN,MI,AGL,CE,Federal Contract Tower,0,2,3,0,5,0,0,10,0,10,0,2,13,0,15,6,0,6,21
04/20/2021,JXN,MI,AGL,CE,Federal Contract Tower,0,0,1,0,1,0,0,3,0,3,0,0,4,0,4,0,0,0,4
04/21/2021,JXN,MI,AGL,CE,Federal Contract Tower,0,7,18,2,27,0,0,27,0,27,0,7,45,2,54,32,2,34,88
04/22/2021,JXN,MI,AGL,CE,Federal Contract Tower,0,1,18,0,19,0,0,36,0,36,0,1,54,0,55,40,0,40,95
04/23/2021,JXN,MI,AGL,CE,Federal Contract Tower,0,6,19,0,25,0,1,43,0,44,0,7,62,0,69,64,0,64,133
04/24/2021,JXN,MI,AGL,CE,Federal Contract Tower,0,0,12,2,14,0,0,25,0,25,0,0,37,2,39,0,0,0,39
04/25/2021,JXN,MI,AGL,CE,Federal Contract Tower,0,0,45,0,45,0,0,54,0,54,0,0,99,0,99,34,0,34,133
04/26/2021,JXN,MI,AGL,CE,Federal Contract Tower,0,1,15,0,16,0,2,35,0,37,0,3,50,0,53,36,0,36,89
04/27/2021,JXN,MI,AGL,CE,Federal Contract Tower,0,0,11,0,11,0,3,22,0,25,0,3,33,0,36,30,0,30,66
04/28/2021,JXN,MI,AGL,CE,Federal Contract Tower,0,1,1,3,5,0,0,6,4,10,0,1,7,7,15,0,4,4,19
04/29/2021,JXN,MI,AGL,CE,Federal Contract Tower,0,1,11,0,12,0,0,0,0,0,0,1,11,0,12,0,0,0,12
04/30/2021,JXN,MI,AGL,CE,Federal Contract Tower,0,3,4,0,7,0,0,8,0,8,0,3,12,0,15,4,0,4,19
05/01/2021,JXN,MI,AGL,CE,Federal Contract Tower,0,4,16,0,20,0,0,49,0,49,0,4,65,0,69,0,0,0,69
05/02/2021,JXN,MI,AGL,CE,Federal Contract Tower,0,0,13,0,13,0,0,42,0,42,0,0,55,0,55,24,0,24,79
05/03/2021,JXN,MI,AGL,CE,Federal Contract Tower,0,0,14,0,14,0,0,0,0,0,0,0,14,0,14,14,0,14,28
05/04/2021,JXN,MI,AGL,CE,Federal Contract Tower,0,6,16,0,22,0,1,19,0,20,0,7,35,0,42,12,0,12,54
05/05/2021,JXN,MI,AGL,CE,Federal Contract Tower,0,4,19,2,25,0,0,32,3,35,0,4,51,5,60,52,2,54,114
05/06/2021,JXN,MI,AGL,CE,Federal Contract Tower,0,1,8,0,9,0,0,23,0,23,0,1,31,0,32,16,0,16,48
05/07/2021,JXN,MI,AGL,CE,Federal Contract Tower,0,2,8,0,10,0,0,17,0,17,0,2,25,0,27,12,0,12,39
05/08/2021,JXN,MI,AGL,CE,Federal Contract Tower,0,0,18,0,18,0,0,116,0,116,0,0,134,0,134,68,0,68,202
05/09/2021,JXN,MI,AGL,CE,Federal Contract Tower,0,0,0,0,0,0,0,1,0,1,0,0,1,0,1,0,0,0,1
05/10/2021,JXN,MI,AGL,CE,Federal Contract Tower,0,2,13,0,15,0,0,49,0,49,0,2,62,0,64,76,0,76,140
05/11/2021,JXN,MI,AGL,CE,Federal Contract Tower,0,0,18,0,18,0,0,34,0,34,0,0,52,0,52,16,0,16,68
05/12/2021,JXN,MI,AGL,CE,Federal Contract Tower,0,4,11,0,15,0,1,63,0,64,0,5,74,0,79,46,0,46,125
05/13/2021,JXN,MI,AGL,CE,Federal Contract Tower,0,6,22,0,28,0,0,48,0,48,0,6,70,0,76,30,0,30,106
05/14/2021,JXN,MI,AGL,CE,Federal Contract Tower,0,1,16,0,17,0,0,61,8,69,0,1,77,8,86,30,0,30,116
05/15/2021,JXN,MI,AGL,CE,Federal Contract Tower,0,0,15,0,15,0,0,76,4,80,0,0,91,4,95,20,0,20,115
05/16/2021,JXN,MI,AGL,CE,Federal Contract Tower,0,0,9,0,9,0,0,51,0,51,0,0,60,0,60,30,0,30,90
05/17/2021,JXN,MI,AGL,CE,Federal Contract Tower,0,0,8,0,8,0,0,24,0,24,0,0,32,0,32,64,0,64,96
05/18/2021,JXN,MI,AGL,CE,Federal Contract Tower,0,4,6,0,10,0,0,38,0,38,0,4,44,0,48,32,0,32,80
05/19/2021,JXN,MI,AGL,CE,Federal Contract Tower,0,1,25,2,28,0,1,49,0,50,0,2,74,2,78,28,2,30,108
05/20/2021,JXN,MI,AGL,CE,Federal Contract Tower,0,0,24,0,24,0,0,46,0,46,0,0,70,0,70,38,0,38,108
05/21/2021,JXN,MI,AGL,CE,Federal Contract Tower,0,4,11,0,15,0,2,40,0,42,0,6,51,0,57,18,0,18,75
05/22/2021,JXN,MI,AGL,CE,Federal Contract Tower,0,0,29,0,29,0,0,86,0,86,0,0,115,0,115,70,0,70,185
05/23/2021,JXN,MI,AGL,CE,Federal Contract Tower,0,0,9,0,9,0,0,40,0,40,0,0,49,0,49,26,0,26,75
05/24/2021,JXN,MI,AGL,CE,Federal Contract Tower,0,1,3,0,4,0,0,23,0,23,0,1,26,0,27,4,0,4,31
05/25/2021,JXN,MI,AGL,CE,Federal Contract Tower,0,4,11,0,15,0,4,21,0,25,0,8,32,0,40,24,0,24,64
05/26/2021,JXN,MI,AGL,CE,Federal Contract Tower,0,2,8,0,10,0,0,17,0,17,0,2,25,0,27,2,0,2,29
05/27/2021,JXN,MI,AGL,CE,Federal Contract Tower,0,4,38,0,42,0,0,55,0,55,0,4,93,0,97,24,0,24,121
05/28/2021,JXN,MI,AGL,CE,Federal Contract Tower,0,3,5,0,8,0,0,3,0,3,0,3,8,0,11,6,0,6,17
05/29/2021,JXN,MI,AGL,CE,Federal Contract Tower,0,1,19,0,20,0,0,55,0,55,0,1,74,0,75,46,0,46,121
05/30/2021,JXN,MI,AGL,CE,Federal Contract Tower,0,4,3,0,7,0,0,266,0,266,0,4,269,0,273,46,0,46,319
05/31/2021,JXN,MI,AGL,CE,Federal Contract Tower,0,0,7,0,7,0,1,37,0,38,0,1,44,0,45,42,0,42,87
06/01/2021,JXN,MI,AGL,CE,Federal Contract Tower,0,1,16,0,17,0,0,41,0,41,0,1,57,0,58,70,0,70,128
06/02/2021,JXN,MI,AGL,CE,Federal Contract Tower,0,9,18,0,27,0,0,28,0,28,0,9,46,0,55,24,0,24,79
06/03/2021,JXN,MI,AGL,CE,Federal Contract Tower,0,7,31,0,38,0,7,36,0,43,0,14,67,0,81,48,0,48,129
06/04/2021,JXN,MI,AGL,CE,Federal Contract Tower,0,6,12,0,18,0,6,45,0,51,0,12,57,0,69,18,0,18,87
06/05/2021,JXN,MI,AGL,CE,Federal Contract Tower,0,2,14,0,16,0,0,88,0,88,0,2,102,0,104,50,0,50,154
06/06/2021,JXN,MI,AGL,CE,Federal Contract Tower,0,4,6,0,10,0,0,46,0,46,0,4,52,0,56,24,0,24,80
06/07/2021,JXN,MI,AGL,CE,Federal Contract Tower,0,4,9,0,13,0,2,15,0,17,0,6,24,0,30,10,0,10,40
06/08/2021,JXN,MI,AGL,CE,Federal Contract Tower,0,4,5,0,9,0,5,14,0,19,0,9,19,0,28,10,0,10,38
06/09/2021,JXN,MI,AGL,CE,Federal Contract Tower,0,1,16,0,17,0,0,34,0,34,0,1,50,0,51,24,0,24,75
06/10/2021,JXN,MI,AGL,CE,Federal Contract Tower,0,2,27,0,29,0,0,35,0,35,0,2,62,0,64,56,0,56,120
06/11/2021,JXN,MI,AGL,CE,Federal Contract Tower,0,4,11,0,15,0,3,46,0,49,0,7,57,0,64,50,0,50,114
06/12/2021,JXN,MI,AGL,CE,Federal Contract Tower,0,0,9,0,9,0,0,27,0,27,0,0,36,0,36,20,0,20,56
06/13/2021,JXN,MI,AGL,CE,Federal Contract Tower,0,0,14,0,14,0,0,69,0,69,0,0,83,0,83,20,0,20,103
06/14/2021,JXN,MI,AGL,CE,Federal Contract Tower,0,0,4,0,4,0,0,19,0,19,0,0,23,0,23,4,0,4,27
06/15/2021,JXN,MI,AGL,CE,Federal Contract Tower,0,0,16,0,16,0,2,53,0,55,0,2,69,0,71,44,0,44,115
06/16/2021,JXN,MI,AGL,CE,Federal Contract Tower,0,2,13,0,15,0,0,64,0,64,0,2,77,0,79,26,0,26,105
06/17/2021,JXN,MI,AGL,CE,Federal Contract Tower,0,3,4,0,7,0,3,69,0,72,0,6,73,0,79,70,0,70,149
06/18/2021,JXN,MI,AGL,CE,Federal Contract Tower,0,6,4,0,10,0,0,8,0,8,0,6,12,0,18,0,0,0,18
06/19/2021,JXN,MI,AGL,CE,Federal Contract Tower,0,0,8,0,8,0,0,13,0,13,0,0,21,0,21,4,0,4,25
06/20/2021,JXN,MI,AGL,CE,Federal Contract Tower,0,0,13,0,13,0,0,23,0,23,0,0,36,0,36,2,0,2,38
06/21/2021,JXN,MI,AGL,CE,Federal Contract Tower,0,2,4,0,6,0,0,4,0,4,0,2,8,0,10,0,0,0,10
06/22/2021,JXN,MI,AGL,CE,Federal Contract Tower,0,0,9,0,9,0,0,55,0,55,0,0,64,0,64,70,0,70,134
06/24/2021,JXN,MI,AGL,CE,Federal Contract Tower,0,8,3,0,11,0,2,48,0,50,0,10,51,0,61,6,0,6,67
06/25/2021,JXN,MI,AGL,CE,Federal Contract Tower,0,1,5,0,6,0,0,0,0,0,0,1,5,0,6,0,0,0,6
06/26/2021,JXN,MI,AGL,CE,Federal Contract Tower,0,3,10,0,13,0,0,6,0,6,0,3,16,0,19,4,0,4,23
06/27/2021,JXN,MI,AGL,CE,Federal Contract Tower,0,4,5,0,9,0,0,10,0,10,0,4,15,0,19,2,0,2,21
06/28/2021,JXN,MI,AGL,CE,Federal Contract Tower,0,0,10,0,10,0,2,10,0,12,0,2,20,0,22,16,0,16,38
06/29/2021,JXN,MI,AGL,CE,Federal Contract Tower,0,0,6,0,6,0,0,19,0,19,0,0,25,0,25,0,0,0,25
06/30/2021,JXN,MI,AGL,CE,Federal Contract Tower,0,3,8,0,11,0,1,13,0,14,0,4,21,0,25,10,0,10,35
07/01/2021,JXN,MI,AGL,CE,Federal Contract Tower,0,3,27,0,30,0,0,30,0,30,0,3,57,0,60,46,0,46,106
07/02/2021,JXN,MI,AGL,CE,Federal Contract Tower,0,3,6,0,9,0,0,37,0,37,0,3,43,0,46,12,0,12,58
07/03/2021,JXN,MI,AGL,CE,Federal Contract Tower,0,1,5,0,6,0,0,57,0,57,0,1,62,0,63,12,0,12,75
07/04/2021,JXN,MI,AGL,CE,Federal Contract Tower,0,1,6,0,7,0,0,54,0,54,0,1,60,0,61,0,0,0,61
07/05/2021,JXN,MI,AGL,CE,Federal Contract Tower,0,6,20,0,26,0,4,28,0,32,0,10,48,0,58,40,0,40,98
07/06/2021,JXN,MI,AGL,CE,Federal Contract Tower,0,5,18,0,23,0,0,36,0,36,0,5,54,0,59,32,0,32,91
07/07/2021,JXN,MI,AGL,CE,Federal Contract Tower,0,4,8,0,12,0,0,15,0,15,0,4,23,0,27,2,0,2,29
07/09/2021,JXN,MI,AGL,CE,Federal Contract Tower,0,8,29,0,37,0,6,60,0,66,0,14,89,0,103,52,0,52,155
07/10/2021,JXN,MI,AGL,CE,Federal Contract Tower,0,1,23,0,24,0,0,77,0,77,0,1,100,0,101,70,0,70,171
07/11/2021,JXN,MI,AGL,CE,Federal Contract Tower,0,1,10,0,11,0,0,0,0,0,0,1,10,0,11,0,0,0,11
07/12/2021,JXN,MI,AGL,CE,Federal Contract Tower,0,1,14,0,15,0,0,0,0,0,0,1,14,0,15,4,0,4,19
07/13/2021,JXN,MI,AGL,CE,Federal Contract Tower,0,4,8,0,12,0,0,5,0,5,0,4,13,0,17,2,0,2,19
07/14/2021,JXN,MI,AGL,CE,Federal Contract Tower,0,1,23,0,24,0,2,54,0,56,0,3,77,0,80,44,0,44,124
07/15/2021,JXN,MI,AGL,CE,Federal Contract Tower,0,7,20,0,27,0,0,28,2,30,0,7,48,2,57,28,0,28,85
07/16/2021,JXN,MI,AGL,CE,Federal Contract Tower,0,4,10,0,14,0,0,0,0,0,0,4,10,0,14,0,0,0,14
07/17/2021,JXN,MI,AGL,CE,Federal Contract Tower,0,4,28,0,32,0,6,44,0,50,0,10,72,0,82,46,0,46,128
07/18/2021,JXN,MI,AGL,CE,Federal Contract Tower,0,2,6,0,8,0,0,98,0,98,0,2,104,0,106,16,0,16,122
07/19/2021,JXN,MI,AGL,CE,Federal Contract Tower,0,0,10,0,10,0,0,41,0,41,0,0,51,0,51,100,0,100,151
07/20/2021,JXN,MI,AGL,CE,Federal Contract Tower,0,8,9,0,17,0,1,50,2,53,0,9,59,2,70,88,0,88,158
07/21/2021,JXN,MI,AGL,CE,Federal Contract Tower,0,3,7,0,10,0,2,49,0,51,0,5,56,0,61,44,0,44,105
07/22/2021,JXN,MI,AGL,CE,Federal Contract Tower,0,4,13,0,17,0,3,47,0,50,0,7,60,0,67,18,2,20,87
07/23/2021,JXN,MI,AGL,CE,Federal Contract Tower,0,5,10,0,15,0,0,7,0,7,0,5,17,0,22,2,0,2,24
07/24/2021,JXN,MI,AGL,CE,Federal Contract Tower,0,3,12,0,15,0,1,4,0,5,0,4,16,0,20,0,0,0,20
07/25/2021,JXN,MI,AGL,CE,Federal Contract Tower,0,7,7,0,14,0,1,68,0,69,0,8,75,0,83,40,0,40,123
07/26/2021,JXN,MI,AGL,CE,Federal Contract Tower,0,1,8,0,9,0,0,45,2,47,0,1,53,2,56,42,0,42,98
07/27/2021,JXN,MI,AGL,CE,Federal Contract Tower,0,3,9,0,12,0,2,30,0,32,0,5,39,0,44,72,2,74,118
07/28/2021,JXN,MI,AGL,CE,Federal Contract Tower,0,9,14,0,23,0,1,43,0,44,0,10,57,0,67,14,0,14,81
07/29/2021,JXN,MI,AGL,CE,Federal Contract Tower,0,4,13,0,17,0,0,23,0,23,0,4,36,0,40,24,0,24,64
07/30/2021,JXN,MI,AGL,CE,Federal Contract Tower,0,5,17,0,22,0,0,43,0,43,0,5,60,0,65,8,0,8,73
07/31/2021,JXN,MI,AGL,CE,Federal Contract Tower,0,0,25,0,25,0,0,80,0,80,0,0,105,0,105,40,0,40,145
08/01/2021,JXN,MI,AGL,CE,Federal Contract Tower,0,1,10,0,11,0,2,18,0,20,0,3,28,0,31,16,0,16,47
08/02/2021,JXN,MI,AGL,CE,Federal Contract Tower,0,0,10,0,10,0,0,46,0,46,0,0,56,0,56,20,0,20,76
08/03/2021,JXN,MI,AGL,CE,Federal Contract Tower,0,0,29,0,29,0,0,71,0,71,0,0,100,0,100,32,0,32,132
08/04/2021,JXN,MI,AGL,CE,Federal Contract Tower,0,6,33,0,39,0,0,58,0,58,0,6,91,0,97,76,0,76,173
08/05/2021,JXN,MI,AGL,CE,Federal Contract Tower,0,7,18,0,25,0,4,58,0,62,0,11,76,0,87,44,0,44,131
08/06/2021,JXN,MI,AGL,CE,Federal Contract Tower,0,3,6,0,9,0,0,44,0,44,0,3,50,0,53,18,0,18,71
08/07/2021,JXN,MI,AGL,CE,Federal Contract Tower,0,0,15,0,15,0,0,27,0,27,0,0,42,0,42,42,0,42,84
08/08/2021,JXN,MI,AGL,CE,Federal Contract Tower,0,0,10,0,10,0,0,34,0,34,0,0,44,0,44,20,0,20,64
08/09/2021,JXN,MI,AGL,CE,Federal Contract Tower,2,4,5,0,11,0,0,16,5,21,2,4,21,5,32,20,0,20,52
08/10/2021,JXN,MI,AGL,CE,Federal Contract Tower,0,3,22,2,27,0,0,32,0,32,0,3,54,2,59,24,0,24,83
08/11/2021,JXN,MI,AGL,CE,Federal Contract Tower,0,3,5,0,8,0,0,23,0,23,0,3,28,0,31,8,0,8,39
08/12/2021,JXN,MI,AGL,CE,Federal Contract Tower,0,2,17,0,19,0,0,32,0,32,0,2,49,0,51,16,0,16,67
08/13/2021,JXN,MI,AGL,CE,Federal Contract Tower,0,3,25,0,28,0,0,45,0,45,0,3,70,0,73,24,0,24,97
08/14/2021,JXN,MI,AGL,CE,Federal Contract Tower,0,0,6,0,6,0,0,88,0,88,0,0,94,0,94,48,0,48,142
08/15/2021,JXN,MI,AGL,CE,Federal Contract Tower,0,1,10,2,13,0,0,76,2,78,0,1,86,4,91,54,2,56,147
08/16/2021,JXN,MI,AGL,CE,Federal Contract Tower,0,4,23,0,27,0,0,27,0,27,0,4,50,0,54,24,0,24,78
08/17/2021,JXN,MI,AGL,CE,Federal Contract Tower,0,0,19,0,19,0,0,33,0,33,0,0,52,0,52,42,0,42,94
08/18/2021,JXN,MI,AGL,CE,Federal Contract Tower,0,3,26,0,29,0,0,31,0,31,0,3,57,0,60,58,0,58,118
08/19/2021,JXN,MI,AGL,CE,Federal Contract Tower,0,3,15,0,18,0,0,33,0,33,0,3,48,0,51,38,0,38,89
08/20/2021,JXN,MI,AGL,CE,Federal Contract Tower,0,6,21,0,27,0,0,47,0,47,0,6,68,0,74,68,0,68,142
08/21/2021,JXN,MI,AGL,CE,Federal Contract Tower,0,10,28,2,40,0,0,100,5,105,0,10,128,7,145,82,0,82,227
08/22/2021,JXN,MI,AGL,CE,Federal Contract Tower,0,5,26,0,31,0,0,35,0,35,0,5,61,0,66,18,0,18,84
08/23/2021,JXN,MI,AGL,CE,Federal Contract Tower,0,3,18,0,21,0,2,52,0,54,0,5,70,0,75,62,0,62,137
08/24/2021,JXN,MI,AGL,CE,Federal Contract Tower,0,1,10,0,11,0,0,31,0,31,0,1,41,0,42,44,0,44,86
08/25/2021,JXN,MI,AGL,CE,Federal Contract Tower,0,3,17,0,20,0,0,38,0,38,0,3,55,0,58,22,0,22,80
08/26/2021,JXN,MI,AGL,CE,Federal Contract Tower,0,1,17,0,18,0,0,54,2,56,0,1,71,2,74,58,2,60,134
08/27/2021,JXN,MI,AGL,CE,Federal Contract Tower,0,1,6,0,7,0,0,33,0,33,0,1,39,0,40,44,0,44,84
08/28/2021,JXN,MI,AGL,CE,Federal Contract Tower,0,0,4,0,4,0,0,55,0,55,0,0,59,0,59,14,0,14,73
08/29/2021,JXN,MI,AGL,CE,Federal Contract Tower,0,0,6,0,6,0,0,33,0,33,0,0,39,0,39,8,0,8,47
08/30/2021,JXN,MI,AGL,CE,Federal Contract Tower,0,0,24,0,24,0,0,35,0,35,0,0,59,0,59,26,0,26,85
08/31/2021,JXN,MI,AGL,CE,Federal Contract Tower,0,1,5,0,6,0,1,41,0,42,0,2,46,0,48,20,0,20,68
09/01/2021,JXN,MI,AGL,CE,Federal Contract Tower,0,1,17,0,18,0,0,34,0,34,0,1,51,0,52,38,0,38,90
09/02/2021,JXN,MI,AGL,CE,Federal Contract Tower,0,4,8,0,12,0,0,42,0,42,0,4,50,0,54,50,0,50,104
09/03/2021,JXN,MI,AGL,CE,Federal Contract Tower,0,2,12,0,14,0,1,51,0,52,0,3,63,0,66,50,0,50,116
09/04/2021,JXN,MI,AGL,CE,Federal Contract Tower,0,0,13,0,13,0,0,49,0,49,0,0,62,0,62,28,0,28,90
09/05/2021,JXN,MI,AGL,CE,Federal Contract Tower,0,8,10,0,18,0,9,46,0,55,0,17,56,0,73,16,0,16,89
09/06/2021,JXN,MI,AGL,CE,Federal Contract Tower,0,5,10,0,15,0,1,23,0,24,0,6,33,0,39,18,0,18,57
09/08/2021,JXN,MI,AGL,CE,Federal Contract Tower,0,14,18,0,32,0,1,60,0,61,0,15,78,0,93,14,0,14,107
09/09/2021,JXN,MI,AGL,CE,Federal Contract Tower,0,4,14,0,18,0,1,42,0,43,0,5,56,0,61,68,0,68,129
09/10/2021,JXN,MI,AGL,CE,Federal Contract Tower,0,5,19,0,24,0,0,102,0,102,0,5,121,0,126,70,0,70,196
09/11/2021,JXN,MI,AGL,CE,Federal Contract Tower,0,3,14,0,17,0,0,54,0,54,0,3,68,0,71,20,0,20,91
09/12/2021,JXN,MI,AGL,CE,Federal Contract Tower,0,1,8,0,9,0,0,55,0,55,0,1,63,0,64,18,0,18,82
09/13/2021,JXN,MI,AGL,CE,Federal Contract Tower,0,2,7,0,9,0,0,18,0,18,0,2,25,0,27,4,0,4,31
09/14/2021,JXN,MI,AGL,CE,Federal Contract Tower,0,4,9,0,13,0,0,7,0,7,0,4,16,0,20,8,0,8,28
09/15/2021,JXN,MI,AGL,CE,Federal Contract Tower,0,3,8,0,11,0,0,46,0,46,0,3,54,0,57,62,0,62,119
09/16/2021,JXN,MI,AGL,CE,Federal Contract Tower,0,1,18,0,19,0,4,75,0,79,0,5,93,0,98,50,0,50,148
09/17/2021,JXN,MI,AGL,CE,Federal Contract Tower,0,3,20,0,23,0,0,56,0,56,0,3,76,0,79,54,0,54,133
09/18/2021,JXN,MI,AGL,CE,Federal Contract Tower,0,2,27,2,31,0,2,77,3,82,0,4,104,5,113,76,2,78,191
09/19/2021,JXN,MI,AGL,CE,Federal Contract Tower,0,1,22,0,23,0,0,69,0,69,0,1,91,0,92,20,0,20,112
09/20/2021,JXN,MI,AGL,CE,Federal Contract Tower,0,4,5,0,9,0,0,12,0,12,0,4,17,0,21,14,0,14,35
09/21/2021,JXN,MI,AGL,CE,Federal Contract Tower,0,3,18,0,21,0,0,4,0,4,0,3,22,0,25,6,0,6,31
09/22/2021,JXN,MI,AGL,CE,Federal Contract Tower,0,0,9,0,9,0,0,0,0,0,0,0,9,0,9,0,0,0,9
09/23/2021,JXN,MI,AGL,CE,Federal Contract Tower,0,1,9,0,10,0,0,1,0,1,0,1,10,0,11,0,0,0,11
09/24/2021,JXN,MI,AGL,CE,Federal Contract Tower,0,3,11,0,14,0,0,41,0,41,0,3,52,0,55,56,0,56,111
09/25/2021,JXN,MI,AGL,CE,Federal Contract Tower,0,1,9,0,10,0,0,26,0,26,0,1,35,0,36,12,0,12,48
09/26/2021,JXN,MI,AGL,CE,Federal Contract Tower,0,1,30,0,31,0,0,81,0,81,0,1,111,0,112,50,0,50,162
09/27/2021,JXN,MI,AGL,CE,Federal Contract Tower,0,13,6,0,19,0,0,20,0,20,0,13,26,0,39,36,0,36,75
09/28/2021,JXN,MI,AGL,CE,Federal Contract Tower,0,2,7,0,9,0,0,39,0,39,0,2,46,0,48,16,0,16,64
09/29/2021,JXN,MI,AGL,CE,Federal Contract Tower,0,2,15,0,17,0,0,35,0,35,0,2,50,0,52,36,0,36,88
09/30/2021,JXN,MI,AGL,CE,Federal Contract Tower,0,1,8,0,9,0,0,32,0,32,0,1,40,0,41,58,0,58,99
10/01/2021,JXN,MI,AGL,CE,Federal Contract Tower,0,4,14,0,18,0,0,69,0,69,0,4,83,0,87,66,0,66,153
10/02/2021,JXN,MI,AGL,CE,Federal Contract Tower,0,8,26,0,34,0,9,53,0,62,0,17,79,0,96,52,0,52,148
10/03/2021,JXN,MI,AGL,CE,Federal Contract Tower,0,2,9,0,11,0,0,0,0,0,0,2,9,0,11,0,0,0,11
10/04/2021,JXN,MI,AGL,CE,Federal Contract Tower,0,2,8,0,10,0,0,0,0,0,0,2,8,0,10,0,0,0,10
10/05/2021,JXN,MI,AGL,CE,Federal Contract Tower,0,2,8,0,10,0,0,1,0,1,0,2,9,0,11,0,0,0,11
10/06/2021,JXN,MI,AGL,CE,Federal Contract Tower,0,7,17,0,24,0,0,8,0,8,0,7,25,0,32,8,0,8,40
10/07/2021,JXN,MI,AGL,CE,Federal Contract Tower,0,2,5,0,7,0,0,4,0,4,0,2,9,0,11,4,0,4,15
10/08/2021,JXN,MI,AGL,CE,Federal Contract Tower,0,2,2,0,4,0,0,2,0,2,0,2,4,0,6,2,0,2,8
10/09/2021,JXN,MI,AGL,CE,Federal Contract Tower,0,6,8,0,14,0,4,36,0,40,0,10,44,0,54,48,0,48,102
10/10/2021,JXN,MI,AGL,CE,Federal Contract Tower,0,1,2,0,3,0,0,34,0,34,0,1,36,0,37,22,0,22,59
10/11/2021,JXN,MI,AGL,CE,Federal Contract Tower,0,1,8,0,9,0,0,30,0,30,0,1,38,0,39,58,0,58,97
10/12/2021,JXN,MI,AGL,CE,Federal Contract Tower,0,5,2,0,7,0,0,4,0,4,0,5,6,0,11,2,0,2,13
10/13/2021,JXN,MI,AGL,CE,Federal Contract Tower,0,6,15,0,21,0,5,37,0,42,0,11,52,0,63,62,0,62,125
10/14/2021,JXN,MI,AGL,CE,Federal Contract Tower,0,1,2,2,5,0,0,5,2,7,0,1,7,4,12,2,2,4,16
10/15/2021,JXN,MI,AGL,CE,Federal Contract Tower,0,1,11,0,12,0,0,8,0,8,0,1,19,0,20,0,0,0,20
10/16/2021,JXN,MI,AGL,CE,Federal Contract Tower,0,0,9,0,9,0,0,43,0,43,0,0,52,0,52,36,2,38,90
10/17/2021,JXN,MI,AGL,CE,Federal Contract Tower,0,0,26,0,26,0,0,69,0,69,0,0,95,0,95,10,0,10,105
10/18/2021,JXN,MI,AGL,CE,Federal Contract Tower,0,6,16,0,22,0,0,35,0,35,0,6,51,0,57,48,0,48,105
10/19/2021,JXN,MI,AGL,CE,Federal Contract Tower,0,5,15,2,22,0,0,58,0,58,0,5,73,2,80,62,0,62,142
10/20/2021,JXN,MI,AGL,CE,Federal Contract Tower,0,1,10,0,11,0,0,39,0,39,0,1,49,0,50,32,0,32,82
10/21/2021,JXN,MI,AGL,CE,Federal Contract Tower,0,3,9,0,12,0,0,9,0,9,0,3,18,0,21,6,0,6,27
10/22/2021,JXN,MI,AGL,CE,Federal Contract Tower,0,13,27,0,40,0,0,53,0,53,0,13,80,0,93,44,0,44,137
10/23/2021,JXN,MI,AGL,CE,Federal Contract Tower,0,3,31,0,34,0,0,71,0,71,0,3,102,0,105,36,0,36,141
10/24/2021,JXN,MI,AGL,CE,Federal Contract Tower,0,5,17,0,22,0,1,30,0,31,0,6,47,0,53,20,0,20,73
10/25/2021,JXN,MI,AGL,CE,Federal Contract Tower,0,3,4,0,7,0,0,0,0,0,0,3,4,0,7,0,0,0,7
10/26/2021,JXN,MI,AGL,CE,Federal Contract Tower,0,7,16,3,26,0,0,32,3,35,0,7,48,6,61,38,16,54,115
10/27/2021,JXN,MI,AGL,CE,Federal Contract Tower,0,3,11,0,14,0,0,13,0,13,0,3,24,0,27,8,0,8,35
10/28/2021,JXN,MI,AGL,CE,Federal Contract Tower,0,3,9,0,12,0,2,24,0,26,0,5,33,0,38,54,0,54,92
10/29/2021,JXN,MI,AGL,CE,Federal Contract Tower,0,3,0,0,3,0,0,0,0,0,0,3,0,0,3,0,0,0,3
10/30/2021,JXN,MI,AGL,CE,Federal Contract Tower,0,0,9,0,9,0,0,0,0,0,0,0,9,0,9,0,0,0,9
10/31/2021,JXN,MI,AGL,CE,Federal Contract Tower,0,2,42,0,44,0,0,21,0,21,0,2,63,0,65,24,0,24,89
11/01/2021,JXN,MI,AGL,CE,Federal Contract Tower,0,2,9,0,11,0,0,22,0,22,0,2,31,0,33,20,0,20,53
11/02/2021,JXN,MI,AGL,CE,Federal Contract Tower,0,6,6,0,12,0,0,22,0,22,0,6,28,0,34,28,0,28,62
11/03/2021,JXN,MI,AGL,CE,Federal Contract Tower,0,1,20,0,21,0,0,48,0,48,0,1,68,0,69,30,0,30,99
11/04/2021,JXN,MI,AGL,CE,Federal Contract Tower,0,1,12,0,13,0,0,41,0,41,0,1,53,0,54,46,0,46,100
11/05/2021,JXN,MI,AGL,CE,Federal Contract Tower,0,1,19,0,20,0,0,58,0,58,0,1,77,0,78,30,0,30,108
11/06/2021,JXN,MI,AGL,CE,Federal Contract Tower,0,0,17,0,17,0,0,68,0,68,0,0,85,0,85,28,0,28,113
11/07/2021,JXN,MI,AGL,CE,Federal Contract Tower,0,0,16,0,16,0,0,88,0,88,0,0,104,0,104,56,0,56,160
11/08/2021,JXN,MI,AGL,CE,Federal Contract Tower,0,4,15,0,19,0,5,55,0,60,0,9,70,0,79,54,0,54,133
11/09/2021,JXN,MI,AGL,CE,Federal Contract Tower,0,4,6,0,10,0,0,9,0,9,0,4,15,0,19,64,2,66,85
11/10/2021,JXN,MI,AGL,CE,Federal Contract Tower,0,1,8,1,10,0,0,37,1,38,0,1,45,2,48,60,0,60,108
11/11/2021,JXN,MI,AGL,CE,Federal Contract Tower,0,2,3,0,5,0,0,9,0,9,0,2,12,0,14,2,0,2,16
11/12/2021,JXN,MI,AGL,CE,Federal Contract Tower,0,2,3,0,5,0,0,5,0,5,0,2,8,0,10,4,0,4,14
11/13/2021,JXN,MI,AGL,CE,Federal Contract Tower,0,2,1,0,3,0,0,5,0,5,0,2,6,0,8,2,0,2,10
11/14/2021,JXN,MI,AGL,CE,Federal Contract Tower,0,0,0,0,0,0,0,0,0,0,0,0,0,0,0,0,0,0,0
11/15/2021,JXN,MI,AGL,CE,Federal Contract Tower,0,0,1,0,1,0,0,14,0,14,0,0,15,0,15,4,0,4,19
11/16/2021,JXN,MI,AGL,CE,Federal Contract Tower,0,8,26,0,34,0,14,43,1,58,0,22,69,1,92,54,8,62,154
11/17/2021,JXN,MI,AGL,CE,Federal Contract Tower,0,7,22,0,29,0,0,4,0,4,0,7,26,0,33,2,0,2,35
11/18/2021,JXN,MI,AGL,CE,Federal Contract Tower,0,7,4,0,11,0,9,0,2,11,0,16,4,2,22,13,0,13,35
11/19/2021,JXN,MI,AGL,CE,Federal Contract Tower,0,3,15,0,18,0,1,61,0,62,0,4,76,0,80,58,0,58,138
11/20/2021,JXN,MI,AGL,CE,Federal Contract Tower,0,1,16,0,17,0,0,50,0,50,0,1,66,0,67,36,0,36,103
11/21/2021,JXN,MI,AGL,CE,Federal Contract Tower,0,0,6,0,6,0,0,10,0,10,0,0,16,0,16,4,0,4,20
11/22/2021,JXN,MI,AGL,CE,Federal Contract Tower,0,2,3,0,5,0,6,16,0,22,0,8,19,0,27,32,0,32,59
11/23/2021,JXN,MI,AGL,CE,Federal Contract Tower,0,6,22,0,28,0,8,73,2,83,0,14,95,2,111,68,2,70,181
11/24/2021,JXN,MI,AGL,CE,Federal Contract Tower,0,3,3,0,6,0,0,22,0,22,0,3,25,0,28,2,0,2,30
11/25/2021,JXN,MI,AGL,CE,Federal Contract Tower,0,0,0,0,0,0,0,0,0,0,0,0,0,0,0,0,0,0,0
11/26/2021,JXN,MI,AGL,CE,Federal Contract Tower,0,1,5,0,6,0,0,18,0,18,0,1,23,0,24,2,0,2,26
11/27/2021,JXN,MI,AGL,CE,Federal Contract Tower,0,0,9,0,9,0,0,15,0,15,0,0,24,0,24,0,0,0,24
11/28/2021,JXN,MI,AGL,CE,Federal Contract Tower,0,0,2,0,2,0,0,8,0,8,0,0,10,0,10,8,0,8,18
11/29/2021,JXN,MI,AGL,CE,Federal Contract Tower,0,8,11,0,19,0,9,26,0,35,0,17,37,0,54,40,0,40,94
11/30/2021,JXN,MI,AGL,CE,Federal Contract Tower,0,1,5,2,8,0,0,9,2,11,0,1,14,4,19,20,2,22,41
12/01/2021,JXN,MI,AGL,CE,Federal Contract Tower,0,3,2,0,5,0,0,15,0,15,0,3,17,0,20,14,0,14,34
12/02/2021,JXN,MI,AGL,CE,Federal Contract Tower,0,2,2,0,4,0,0,24,0,24,0,2,26,0,28,6,0,6,34
12/03/2021,JXN,MI,AGL,CE,Federal Contract Tower,0,1,1,0,2,0,0,0,0,0,0,1,1,0,2,0,0,0,2
12/04/2021,JXN,MI,AGL,CE,Federal Contract Tower,0,1,15,0,16,0,4,62,0,66,0,5,77,0,82,46,0,46,128
12/05/2021,JXN,MI,AGL,CE,Federal Contract Tower,0,2,0,0,2,0,0,8,0,8,0,2,8,0,10,0,0,0,10
12/06/2021,JXN,MI,AGL,CE,Federal Contract Tower,0,3,3,0,6,0,0,4,0,4,0,3,7,0,10,0,0,0,10
12/07/2021,JXN,MI,AGL,CE,Federal Contract Tower,0,4,7,0,11,0,1,29,0,30,0,5,36,0,41,66,4,70,111
12/08/2021,JXN,MI,AGL,CE,Federal Contract Tower,0,4,4,1,9,0,4,19,1,24,0,8,23,2,33,16,0,16,49
12/09/2021,JXN,MI,AGL,CE,Federal Contract Tower,0,3,18,0,21,0,0,10,0,10,0,3,28,0,31,8,0,8,39
12/10/2021,JXN,MI,AGL,CE,Federal Contract Tower,0,1,9,0,10,0,2,12,0,14,0,3,21,0,24,4,0,4,28
12/11/2021,JXN,MI,AGL,CE,Federal Contract Tower,0,0,0,0,0,0,0,0,0,0,0,0,0,0,0,0,0,0,0
12/12/2021,JXN,MI,AGL,CE,Federal Contract Tower,0,0,21,0,21,0,0,59,0,59,0,0,80,0,80,20,0,20,100
12/13/2021,JXN,MI,AGL,CE,Federal Contract Tower,0,5,12,0,17,0,0,43,0,43,0,5,55,0,60,66,0,66,126
12/14/2021,JXN,MI,AGL,CE,Federal Contract Tower,0,2,6,0,8,0,2,39,0,41,0,4,45,0,49,40,0,40,89
12/15/2021,JXN,MI,AGL,CE,Federal Contract Tower,0,3,7,0,10,0,0,0,0,0,0,3,7,0,10,4,2,6,16
12/16/2021,JXN,MI,AGL,CE,Federal Contract Tower,0,1,4,0,5,0,0,3,0,3,0,1,7,0,8,0,0,0,8
12/17/2021,JXN,MI,AGL,CE,Federal Contract Tower,0,1,17,0,18,0,0,86,0,86,0,1,103,0,104,28,0,28,132
12/18/2021,JXN,MI,AGL,CE,Federal Contract Tower,0,3,0,0,3,0,0,0,0,0,0,3,0,0,3,0,0,0,3
12/19/2021,JXN,MI,AGL,CE,Federal Contract Tower,0,2,11,0,13,0,0,36,0,36,0,2,47,0,49,72,0,72,121
12/20/2021,JXN,MI,AGL,CE,Federal Contract Tower,0,8,1,0,9,0,1,33,0,34,0,9,34,0,43,54,0,54,97
12/21/2021,JXN,MI,AGL,CE,Federal Contract Tower,0,2,2,4,8,0,0,11,10,21,0,2,13,14,29,4,4,8,37
12/22/2021,JXN,MI,AGL,CE,Federal Contract Tower,0,9,11,0,20,0,2,15,0,17,0,11,26,0,37,4,0,4,41
12/23/2021,JXN,MI,AGL,CE,Federal Contract Tower,0,1,0,0,1,0,0,18,0,18,0,1,18,0,19,6,0,6,25
12/24/2021,JXN,MI,AGL,CE,Federal Contract Tower,0,0,2,0,2,0,0,0,0,0,0,0,2,0,2,0,0,0,2
12/25/2021,JXN,MI,AGL,CE,Federal Contract Tower,0,0,0,0,0,0,0,0,0,0,0,0,0,0,0,0,0,0,0
12/26/2021,JXN,MI,AGL,CE,Federal Contract Tower,0,1,3,0,4,0,0,80,0,80,0,1,83,0,84,80,0,80,164
12/27/2021,JXN,MI,AGL,CE,Federal Contract Tower,0,2,0,0,2,0,0,0,0,0,0,2,0,0,2,0,0,0,2
12/28/2021,JXN,MI,AGL,CE,Federal Contract Tower,0,0,11,0,11,0,0,28,0,28,0,0,39,0,39,60,0,60,99
12/29/2021,JXN,MI,AGL,CE,Federal Contract Tower,0,1,3,0,4,0,0,0,0,0,0,1,3,0,4,0,0,0,4
12/30/2021,JXN,MI,AGL,CE,Federal Contract Tower,0,2,4,0,6,0,0,10,0,10,0,2,14,0,16,0,0,0,16
12/31/2021,JXN,MI,AGL,CE,Federal Contract Tower,0,0,2,0,2,0,0,7,0,7,0,0,9,0,9,8,0,8,17
01/01/2022,JXN,MI,AGL,CE,Federal Contract Tower,0,0,0,0,0,0,0,0,0,0,0,0,0,0,0,0,0,0,0
01/02/2022,JXN,MI,AGL,CE,Federal Contract Tower,0,1,2,0,3,0,0,9,0,9,0,1,11,0,12,20,0,20,32
01/03/2022,JXN,MI,AGL,CE,Federal Contract Tower,0,3,16,0,19,0,2,23,0,25,0,5,39,0,44,44,0,44,88
01/04/2022,JXN,MI,AGL,CE,Federal Contract Tower,0,3,15,1,19,0,0,28,1,29,0,3,43,2,48,34,0,34,82
01/05/2022,JXN,MI,AGL,CE,Federal Contract Tower,0,1,0,0,1,0,0,0,0,0,0,1,0,0,1,0,0,0,1
01/06/2022,JXN,MI,AGL,CE,Federal Contract Tower,0,3,2,0,5,0,0,0,0,0,0,3,2,0,5,2,0,2,7
01/07/2022,JXN,MI,AGL,CE,Federal Contract Tower,0,2,7,0,9,0,2,21,0,23,0,4,28,0,32,10,0,10,42
01/08/2022,JXN,MI,AGL,CE,Federal Contract Tower,0,2,11,0,13,0,2,48,0,50,0,4,59,0,63,34,0,34,97
01/09/2022,JXN,MI,AGL,CE,Federal Contract Tower,0,2,0,0,2,0,0,1,0,1,0,2,1,0,3,0,0,0,3
01/10/2022,JXN,MI,AGL,CE,Federal Contract Tower,0,2,2,0,4,0,0,7,0,7,0,2,9,0,11,2,0,2,13
01/11/2022,JXN,MI,AGL,CE,Federal Contract Tower,0,0,11,0,11,0,1,23,3,27,0,1,34,3,38,32,10,42,80
01/12/2022,JXN,MI,AGL,CE,Federal Contract Tower,0,1,6,0,7,0,5,31,0,36,0,6,37,0,43,8,0,8,51
01/13/2022,JXN,MI,AGL,CE,Federal Contract Tower,0,1,7,0,8,0,0,0,0,0,0,1,7,0,8,0,0,0,8
01/14/2022,JXN,MI,AGL,CE,Federal Contract Tower,0,3,3,0,6,0,0,2,0,2,0,3,5,0,8,2,0,2,10
01/15/2022,JXN,MI,AGL,CE,Federal Contract Tower,0,0,34,0,34,0,0,95,2,97,0,0,129,2,131,70,4,74,205
01/16/2022,JXN,MI,AGL,CE,Federal Contract Tower,0,0,29,0,29,0,1,86,0,87,0,1,115,0,116,48,0,48,164
01/17/2022,JXN,MI,AGL,CE,Federal Contract Tower,0,1,3,0,4,0,0,2,0,2,0,1,5,0,6,0,0,0,6
01/18/2022,JXN,MI,AGL,CE,Federal Contract Tower,0,0,2,0,2,0,1,21,0,22,0,1,23,0,24,50,0,50,74
01/19/2022,JXN,MI,AGL,CE,Federal Contract Tower,0,2,3,0,5,0,0,4,5,9,0,2,7,5,14,0,0,0,14
01/20/2022,JXN,MI,AGL,CE,Federal Contract Tower,0,2,4,4,10,0,0,22,4,26,0,2,26,8,36,32,4,36,72
01/21/2022,JXN,MI,AGL,CE,Federal Contract Tower,0,4,9,0,13,0,2,61,0,63,0,6,70,0,76,36,0,36,112
01/22/2022,JXN,MI,AGL,CE,Federal Contract Tower,0,0,6,0,6,0,0,3,0,3,0,0,9,0,9,2,0,2,11
01/23/2022,JXN,MI,AGL,CE,Federal Contract Tower,0,0,4,0,4,0,0,0,0,0,0,0,4,0,4,2,0,2,6
01/24/2022,JXN,MI,AGL,CE,Federal Contract Tower,0,0,0,0,0,0,0,1,0,1,0,0,1,0,1,0,0,0,1
01/25/2022,JXN,MI,AGL,CE,Federal Contract Tower,0,2,1,0,3,0,0,7,0,7,0,2,8,0,10,0,0,0,10
01/26/2022,JXN,MI,AGL,CE,Federal Contract Tower,0,13,25,0,38,0,10,41,2,53,0,23,66,2,91,42,0,42,133
01/27/2022,JXN,MI,AGL,CE,Federal Contract Tower,0,3,11,4,18,0,0,12,4,16,0,3,23,8,34,16,4,20,54
01/28/2022,JXN,MI,AGL,CE,Federal Contract Tower,0,2,28,0,30,0,3,41,0,44,0,5,69,0,74,56,0,56,130
01/29/2022,JXN,MI,AGL,CE,Federal Contract Tower,0,2,13,0,15,0,2,31,0,33,0,4,44,0,48,4,0,4,52
01/30/2022,JXN,MI,AGL,CE,Federal Contract Tower,0,2,6,2,10,0,0,21,0,21,0,2,27,2,31,18,0,18,49
01/31/2022,JXN,MI,AGL,CE,Federal Contract Tower,0,0,11,0,11,0,7,23,0,30,0,7,34,0,41,40,0,40,81
02/01/2022,JXN,MI,AGL,CE,Federal Contract Tower,0,2,2,0,4,0,0,4,2,6,0,2,6,2,10,4,0,4,14
02/02/2022,JXN,MI,AGL,CE,Federal Contract Tower,0,1,0,0,1,0,0,0,0,0,0,1,0,0,1,0,0,0,1
02/03/2022,JXN,MI,AGL,CE,Federal Contract Tower,0,2,0,0,2,0,0,0,0,0,0,2,0,0,2,0,0,0,2
02/04/2022,JXN,MI,AGL,CE,Federal Contract Tower,0,3,6,0,9,0,0,26,0,26,0,3,32,0,35,30,0,30,65
02/05/2022,JXN,MI,AGL,CE,Federal Contract Tower,0,3,7,0,10,0,0,28,0,28,0,3,35,0,38,24,0,24,62
02/06/2022,JXN,MI,AGL,CE,Federal Contract Tower,0,1,20,0,21,0,0,37,0,37,0,1,57,0,58,51,0,51,109
02/07/2022,JXN,MI,AGL,CE,Federal Contract Tower,0,0,4,0,4,0,0,0,0,0,0,0,4,0,4,0,0,0,4
02/08/2022,JXN,MI,AGL,CE,Federal Contract Tower,0,8,2,0,10,0,6,24,0,30,0,14,26,0,40,14,0,14,54
02/09/2022,JXN,MI,AGL,CE,Federal Contract Tower,0,8,7,0,15,0,7,22,0,29,0,15,29,0,44,22,0,22,66
02/10/2022,JXN,MI,AGL,CE,Federal Contract Tower,0,6,4,0,10,0,3,7,1,11,0,9,11,1,21,14,2,16,37
02/11/2022,JXN,MI,AGL,CE,Federal Contract Tower,0,0,0,0,0,0,0,0,0,0,0,0,0,0,0,0,0,0,0
02/12/2022,JXN,MI,AGL,CE,Federal Contract Tower,0,0,10,0,10,0,0,15,0,15,0,0,25,0,25,18,0,18,43
02/13/2022,JXN,MI,AGL,CE,Federal Contract Tower,0,2,0,0,2,0,0,2,0,2,0,2,2,0,4,0,0,0,4
02/14/2022,JXN,MI,AGL,CE,Federal Contract Tower,0,0,6,0,6,0,0,8,0,8,0,0,14,0,14,32,0,32,46
02/15/2022,JXN,MI,AGL,CE,Federal Contract Tower,0,14,8,0,22,0,0,48,0,48,0,14,56,0,70,46,0,46,116
02/16/2022,JXN,MI,AGL,CE,Federal Contract Tower,0,1,3,0,4,0,1,2,0,3,0,2,5,0,7,0,0,0,7
02/17/2022,JXN,MI,AGL,CE,Federal Contract Tower,0,5,0,0,5,0,0,0,0,0,0,5,0,0,5,0,0,0,5
02/18/2022,JXN,MI,AGL,CE,Federal Contract Tower,0,12,3,0,15,0,1,31,0,32,0,13,34,0,47,24,0,24,71
02/19/2022,JXN,MI,AGL,CE,Federal Contract Tower,0,2,4,0,6,0,0,7,0,7,0,2,11,0,13,2,0,2,15
02/20/2022,JXN,MI,AGL,CE,Federal Contract Tower,0,2,5,0,7,0,0,2,0,2,0,2,7,0,9,0,0,0,9
02/21/2022,JXN,MI,AGL,CE,Federal Contract Tower,0,25,17,0,42,0,14,29,0,43,0,39,46,0,85,88,0,88,173
02/22/2022,JXN,MI,AGL,CE,Federal Contract Tower,0,1,4,0,5,0,0,0,0,0,0,1,4,0,5,0,0,0,5
02/23/2022,JXN,MI,AGL,CE,Federal Contract Tower,0,2,8,2,12,0,0,22,6,28,0,2,30,8,40,18,2,20,60
02/24/2022,JXN,MI,AGL,CE,Federal Contract Tower,0,9,4,0,13,0,4,35,0,39,0,13,39,0,52,46,0,46,98
02/25/2022,JXN,MI,AGL,CE,Federal Contract Tower,0,7,0,0,7,0,2,7,0,9,0,9,7,0,16,20,0,20,36
02/26/2022,JXN,MI,AGL,CE,Federal Contract Tower,0,4,14,0,18,0,0,26,0,26,0,4,40,0,44,18,0,18,62
02/27/2022,JXN,MI,AGL,CE,Federal Contract Tower,0,6,9,0,15,0,4,33,0,37,0,10,42,0,52,28,0,28,80
02/28/2022,JXN,MI,AGL,CE,Federal Contract Tower,0,13,18,0,31,0,5,43,0,48,0,18,61,0,79,48,0,48,127
03/01/2022,JXN,MI,AGL,CE,Federal Contract Tower,0,8,6,0,14,0,7,32,0,39,0,15,38,0,53,28,0,28,81
03/02/2022,JXN,MI,AGL,CE,Federal Contract Tower,0,2,5,2,9,0,1,45,2,48,0,3,50,4,57,74,6,80,137
03/03/2022,JXN,MI,AGL,CE,Federal Contract Tower,0,3,8,0,11,0,9,38,2,49,0,12,46,2,60,92,10,102,162
03/04/2022,JXN,MI,AGL,CE,Federal Contract Tower,0,6,13,0,19,0,0,65,0,65,0,6,78,0,84,90,0,90,174
03/05/2022,JXN,MI,AGL,CE,Federal Contract Tower,0,0,3,0,3,0,0,76,0,76,0,0,79,0,79,50,0,50,129
03/06/2022,JXN,MI,AGL,CE,Federal Contract Tower,0,1,1,0,2,0,0,0,0,0,0,1,1,0,2,0,0,0,2
03/07/2022,JXN,MI,AGL,CE,Federal Contract Tower,0,3,0,0,3,0,0,0,0,0,0,3,0,0,3,0,0,0,3
03/08/2022,JXN,MI,AGL,CE,Federal Contract Tower,0,2,12,0,14,0,2,41,0,43,0,4,53,0,57,72,0,72,129
03/09/2022,JXN,MI,AGL,CE,Federal Contract Tower,0,2,9,0,11,0,2,43,0,45,0,4,52,0,56,24,0,24,80
03/10/2022,JXN,MI,AGL,CE,Federal Contract Tower,0,7,11,0,18,0,2,47,0,49,0,9,58,0,67,44,2,46,113
03/11/2022,JXN,MI,AGL,CE,Federal Contract Tower,0,5,1,0,6,0,0,1,0,1,0,5,2,0,7,6,0,6,13
03/12/2022,JXN,MI,AGL,CE,Federal Contract Tower,0,0,0,0,0,0,0,6,0,6,0,0,6,0,6,6,0,6,12
03/13/2022,JXN,MI,AGL,CE,Federal Contract Tower,0,0,3,0,3,0,0,1,0,1,0,0,4,0,4,0,0,0,4
03/14/2022,JXN,MI,AGL,CE,Federal Contract Tower,0,9,26,0,35,0,8,47,0,55,0,17,73,0,90,78,0,78,168
03/15/2022,JXN,MI,AGL,CE,Federal Contract Tower,0,0,7,0,7,0,0,51,0,51,0,0,58,0,58,34,0,34,92
03/16/2022,JXN,MI,AGL,CE,Federal Contract Tower,0,4,21,0,25,0,7,57,0,64,0,11,78,0,89,62,0,62,151
03/17/2022,JXN,MI,AGL,CE,Federal Contract Tower,0,2,18,0,20,0,0,78,0,78,0,2,96,0,98,74,0,74,172
03/18/2022,JXN,MI,AGL,CE,Federal Contract Tower,0,7,6,0,13,0,6,23,0,29,0,13,29,0,42,26,0,26,68
03/19/2022,JXN,MI,AGL,CE,Federal Contract Tower,0,1,0,0,1,0,0,0,0,0,0,1,0,0,1,0,0,0,1
03/20/2022,JXN,MI,AGL,CE,Federal Contract Tower,0,1,17,0,18,0,0,94,0,94,0,1,111,0,112,96,0,96,208
03/21/2022,JXN,MI,AGL,CE,Federal Contract Tower,0,12,17,0,29,0,3,50,0,53,0,15,67,0,82,116,0,116,198
03/22/2022,JXN,MI,AGL,CE,Federal Contract Tower,0,1,5,0,6,0,4,9,0,13,0,5,14,0,19,18,0,18,37
03/23/2022,JXN,MI,AGL,CE,Federal Contract Tower,0,1,6,0,7,0,0,4,0,4,0,1,10,0,11,4,0,4,15
03/24/2022,JXN,MI,AGL,CE,Federal Contract Tower,0,3,4,0,7,0,0,4,0,4,0,3,8,0,11,4,0,4,15
03/25/2022,JXN,MI,AGL,CE,Federal Contract Tower,0,2,9,0,11,0,0,9,0,9,0,2,18,0,20,38,0,38,58
03/26/2022,JXN,MI,AGL,CE,Federal Contract Tower,0,1,3,0,4,0,0,3,0,3,0,1,6,0,7,0,0,0,7
03/27/2022,JXN,MI,AGL,CE,Federal Contract Tower,0,0,2,0,2,0,0,1,0,1,0,0,3,0,3,18,0,18,21
03/28/2022,JXN,MI,AGL,CE,Federal Contract Tower,0,0,10,0,10,0,13,30,0,43,0,13,40,0,53,22,0,22,75
03/29/2022,JXN,MI,AGL,CE,Federal Contract Tower,0,2,10,0,12,0,3,50,0,53,0,5,60,0,65,66,0,66,131
03/30/2022,JXN,MI,AGL,CE,Federal Contract Tower,0,0,0,0,0,0,0,2,4,6,0,0,2,4,6,0,0,0,6
03/31/2022,JXN,MI,AGL,CE,Federal Contract Tower,0,4,6,0,10,0,0,1,0,1,0,4,7,0,11,2,0,2,13
04/01/2022,JXN,MI,AGL,CE,Federal Contract Tower,0,1,3,0,4,0,0,9,0,9,0,1,12,0,13,28,0,28,41
04/02/2022,JXN,MI,AGL,CE,Federal Contract Tower,0,3,17,1,21,0,1,95,3,99,0,4,112,4,120,54,0,54,174
04/03/2022,JXN,MI,AGL,CE,Federal Contract Tower,0,11,5,0,16,0,9,14,0,23,0,20,19,0,39,48,0,48,87
04/04/2022,JXN,MI,AGL,CE,Federal Contract Tower,0,8,11,0,19,0,0,6,0,6,0,8,17,0,25,26,0,26,51
04/05/2022,JXN,MI,AGL,CE,Federal Contract Tower,0,4,8,3,15,0,0,35,2,37,0,4,43,5,52,30,2,32,84
04/06/2022,JXN,MI,AGL,CE,Federal Contract Tower,0,2,3,0,5,0,0,9,0,9,0,2,12,0,14,30,0,30,44
04/07/2022,JXN,MI,AGL,CE,Federal Contract Tower,0,1,1,0,2,0,0,14,2,16,0,1,15,2,18,20,0,20,38
04/08/2022,JXN,MI,AGL,CE,Federal Contract Tower,0,0,4,0,4,0,0,1,0,1,0,0,5,0,5,0,0,0,5
04/09/2022,JXN,MI,AGL,CE,Federal Contract Tower,0,0,21,0,21,0,0,26,0,26,0,0,47,0,47,66,0,66,113
04/10/2022,JXN,MI,AGL,CE,Federal Contract Tower,0,4,21,0,25,0,8,123,0,131,0,12,144,0,156,60,0,60,216
04/11/2022,JXN,MI,AGL,CE,Federal Contract Tower,0,0,1,0,1,0,6,24,0,30,0,6,25,0,31,26,0,26,57
04/12/2022,JXN,MI,AGL,CE,Federal Contract Tower,0,10,19,0,29,0,15,67,0,82,0,25,86,0,111,62,0,62,173
04/13/2022,JXN,MI,AGL,CE,Federal Contract Tower,0,0,2,0,2,0,0,2,0,2,0,0,4,0,4,2,0,2,6
04/14/2022,JXN,MI,AGL,CE,Federal Contract Tower,0,1,2,1,4,0,0,5,1,6,0,1,7,2,10,0,0,0,10
04/15/2022,JXN,MI,AGL,CE,Federal Contract Tower,0,2,0,0,2,0,3,3,0,6,0,5,3,0,8,0,0,0,8
04/16/2022,JXN,MI,AGL,CE,Federal Contract Tower,0,2,19,0,21,0,2,49,0,51,0,4,68,0,72,20,0,20,92
04/17/2022,JXN,MI,AGL,CE,Federal Contract Tower,0,2,8,0,10,0,1,56,0,57,0,3,64,0,67,70,0,70,137
04/18/2022,JXN,MI,AGL,CE,Federal Contract Tower,0,3,5,0,8,0,0,0,0,0,0,3,5,0,8,0,0,0,8
04/19/2022,JXN,MI,AGL,CE,Federal Contract Tower,0,0,19,0,19,0,0,12,0,12,0,0,31,0,31,6,0,6,37
04/20/2022,JXN,MI,AGL,CE,Federal Contract Tower,0,0,11,0,11,0,2,40,2,44,0,2,51,2,55,36,0,36,91
04/21/2022,JXN,MI,AGL,CE,Federal Contract Tower,0,2,4,0,6,0,0,7,2,9,0,2,11,2,15,12,0,12,27
04/22/2022,JXN,MI,AGL,CE,Federal Contract Tower,0,0,9,0,9,0,2,33,0,35,0,2,42,0,44,52,0,52,96
04/23/2022,JXN,MI,AGL,CE,Federal Contract Tower,0,0,17,0,17,0,2,79,0,81,0,2,96,0,98,24,0,24,122
04/24/2022,JXN,MI,AGL,CE,Federal Contract Tower,0,0,5,0,5,0,0,22,0,22,0,0,27,0,27,14,0,14,41
04/25/2022,JXN,MI,AGL,CE,Federal Contract Tower,0,0,8,0,8,0,0,12,0,12,0,0,20,0,20,36,0,36,56
04/26/2022,JXN,MI,AGL,CE,Federal Contract Tower,0,5,6,0,11,0,3,6,0,9,0,8,12,0,20,8,0,8,28
04/27/2022,JXN,MI,AGL,CE,Federal Contract Tower,0,1,7,0,8,0,6,35,0,41,0,7,42,0,49,46,0,46,95
04/28/2022,JXN,MI,AGL,CE,Federal Contract Tower,0,3,16,0,19,0,0,82,0,82,0,3,98,0,101,84,0,84,185
04/29/2022,JXN,MI,AGL,CE,Federal Contract Tower,0,7,25,0,32,0,9,68,0,77,0,16,93,0,109,92,0,92,201
04/30/2022,JXN,MI,AGL,CE,Federal Contract Tower,0,2,8,0,10,0,0,39,0,39,0,2,47,0,49,44,0,44,93
05/01/2022,JXN,MI,AGL,CE,Federal Contract Tower,0,0,4,0,4,0,0,6,0,6,0,0,10,0,10,6,0,6,16
05/02/2022,JXN,MI,AGL,CE,Federal Contract Tower,0,0,7,0,7,0,0,12,0,12,0,0,19,0,19,12,0,12,31
05/03/2022,JXN,MI,AGL,CE,Federal Contract Tower,0,2,4,0,6,0,0,2,0,2,0,2,6,0,8,2,0,2,10
05/04/2022,JXN,MI,AGL,CE,Federal Contract Tower,0,4,7,0,11,0,2,37,0,39,0,6,44,0,50,32,0,32,82
05/05/2022,JXN,MI,AGL,CE,Federal Contract Tower,0,0,21,0,21,0,2,39,0,41,0,2,60,0,62,74,0,74,136
05/06/2022,JXN,MI,AGL,CE,Federal Contract Tower,0,2,6,0,8,0,0,2,0,2,0,2,8,0,10,2,0,2,12
05/07/2022,JXN,MI,AGL,CE,Federal Contract Tower,0,7,14,0,21,0,0,69,0,69,0,7,83,0,90,32,0,32,122
05/08/2022,JXN,MI,AGL,CE,Federal Contract Tower,0,3,13,0,16,0,0,61,0,61,0,3,74,0,77,22,0,22,99
05/09/2022,JXN,MI,AGL,CE,Federal Contract Tower,0,5,3,0,8,0,4,19,0,23,0,9,22,0,31,12,0,12,43
05/10/2022,JXN,MI,AGL,CE,Federal Contract Tower,0,5,31,1,37,0,4,82,3,89,0,9,113,4,126,98,0,98,224
05/11/2022,JXN,MI,AGL,CE,Federal Contract Tower,0,0,22,0,22,0,0,67,2,69,0,0,89,2,91,56,0,56,147
05/12/2022,JXN,MI,AGL,CE,Federal Contract Tower,0,5,14,0,19,0,3,56,0,59,0,8,70,0,78,80,0,80,158
05/13/2022,JXN,MI,AGL,CE,Federal Contract Tower,0,6,16,0,22,0,0,57,4,61,0,6,73,4,83,48,0,48,131
05/14/2022,JXN,MI,AGL,CE,Federal Contract Tower,0,0,3,0,3,0,0,58,6,64,0,0,61,6,67,8,0,8,75
05/15/2022,JXN,MI,AGL,CE,Federal Contract Tower,0,8,13,0,21,0,9,51,0,60,0,17,64,0,81,54,0,54,135
05/16/2022,JXN,MI,AGL,CE,Federal Contract Tower,0,0,24,0,24,0,0,44,0,44,0,0,68,0,68,30,0,30,98
05/17/2022,JXN,MI,AGL,CE,Federal Contract Tower,0,0,7,0,7,0,2,53,1,56,0,2,60,1,63,40,0,40,103
05/18/2022,JXN,MI,AGL,CE,Federal Contract Tower,0,0,2,0,2,0,0,6,0,6,0,0,8,0,8,0,0,0,8
05/19/2022,JXN,MI,AGL,CE,Federal Contract Tower,0,4,9,0,13,0,0,40,0,40,0,4,49,0,53,56,0,56,109
05/20/2022,JXN,MI,AGL,CE,Federal Contract Tower,0,4,3,0,7,0,4,36,0,40,0,8,39,0,47,86,0,86,133
05/21/2022,JXN,MI,AGL,CE,Federal Contract Tower,0,0,1,0,1,0,0,18,0,18,0,0,19,0,19,34,0,34,53
05/22/2022,JXN,MI,AGL,CE,Federal Contract Tower,0,1,11,0,12,0,0,16,0,16,0,1,27,0,28,28,0,28,56
05/23/2022,JXN,MI,AGL,CE,Federal Contract Tower,0,0,14,0,14,0,0,55,0,55,0,0,69,0,69,66,0,66,135
05/24/2022,JXN,MI,AGL,CE,Federal Contract Tower,0,0,11,3,14,0,12,62,0,74,0,12,73,3,88,104,0,104,192
05/25/2022,JXN,MI,AGL,CE,Federal Contract Tower,0,6,3,0,9,0,0,14,0,14,0,6,17,0,23,68,0,68,91
05/26/2022,JXN,MI,AGL,CE,Federal Contract Tower,0,0,9,0,9,0,0,33,0,33,0,0,42,0,42,40,0,40,82
05/27/2022,JXN,MI,AGL,CE,Federal Contract Tower,0,3,11,0,14,0,0,12,0,12,0,3,23,0,26,16,0,16,42
05/28/2022,JXN,MI,AGL,CE,Federal Contract Tower,0,9,11,4,24,0,8,77,0,85,0,17,88,4,109,54,0,54,163
05/29/2022,JXN,MI,AGL,CE,Federal Contract Tower,0,1,0,0,1,0,0,88,0,88,0,1,88,0,89,30,0,30,119
05/30/2022,JXN,MI,AGL,CE,Federal Contract Tower,0,2,8,0,10,0,0,36,0,36,0,2,44,0,46,20,0,20,66
05/31/2022,JXN,MI,AGL,CE,Federal Contract Tower,0,3,3,0,6,0,4,26,0,30,0,7,29,0,36,16,0,16,52
06/01/2022,JXN,MI,AGL,CE,Federal Contract Tower,0,0,20,0,20,0,10,45,0,55,0,10,65,0,75,88,0,88,163
06/02/2022,JXN,MI,AGL,CE,Federal Contract Tower,0,2,19,0,21,0,4,54,2,60,0,6,73,2,81,72,2,74,155
06/03/2022,JXN,MI,AGL,CE,Federal Contract Tower,0,2,11,0,13,0,0,47,0,47,0,2,58,0,60,30,0,30,90
06/04/2022,JXN,MI,AGL,CE,Federal Contract Tower,0,5,8,0,13,0,6,68,0,74,0,11,76,0,87,52,0,52,139
06/05/2022,JXN,MI,AGL,CE,Federal Contract Tower,0,1,10,0,11,0,0,48,0,48,0,1,58,0,59,22,0,22,81
06/06/2022,JXN,MI,AGL,CE,Federal Contract Tower,0,2,7,0,9,0,3,15,0,18,0,5,22,0,27,26,0,26,53
06/07/2022,JXN,MI,AGL,CE,Federal Contract Tower,0,0,30,0,30,0,0,22,16,38,0,0,52,16,68,22,0,22,90
06/08/2022,JXN,MI,AGL,CE,Federal Contract Tower,0,2,10,0,12,0,0,71,0,71,0,2,81,0,83,120,0,120,203
06/09/2022,JXN,MI,AGL,CE,Federal Contract Tower,0,4,17,0,21,0,0,39,0,39,0,4,56,0,60,46,0,46,106
06/10/2022,JXN,MI,AGL,CE,Federal Contract Tower,0,2,37,0,39,0,2,72,0,74,0,4,109,0,113,62,0,62,175
06/11/2022,JXN,MI,AGL,CE,Federal Contract Tower,0,2,12,0,14,0,0,91,0,91,0,2,103,0,105,124,0,124,229
06/12/2022,JXN,MI,AGL,CE,Federal Contract Tower,0,0,15,0,15,0,2,34,16,52,0,2,49,16,67,20,0,20,87
06/13/2022,JXN,MI,AGL,CE,Federal Contract Tower,0,5,7,0,12,0,2,31,0,33,0,7,38,0,45,54,0,54,99
06/14/2022,JXN,MI,AGL,CE,Federal Contract Tower,0,4,17,0,21,0,2,23,0,25,0,6,40,0,46,56,0,56,102
06/15/2022,JXN,MI,AGL,CE,Federal Contract Tower,0,0,11,0,11,0,4,46,0,50,0,4,57,0,61,56,0,56,117
06/16/2022,JXN,MI,AGL,CE,Federal Contract Tower,0,1,4,0,5,0,9,22,0,31,0,10,26,0,36,16,0,16,52
06/17/2022,JXN,MI,AGL,CE,Federal Contract Tower,0,3,4,0,7,0,0,44,0,44,0,3,48,0,51,14,0,14,65
06/18/2022,JXN,MI,AGL,CE,Federal Contract Tower,0,3,23,0,26,0,0,67,0,67,0,3,90,0,93,38,0,38,131
06/19/2022,JXN,MI,AGL,CE,Federal Contract Tower,0,2,5,0,7,0,0,61,0,61,0,2,66,0,68,66,0,66,134
06/20/2022,JXN,MI,AGL,CE,Federal Contract Tower,0,0,15,0,15,0,4,44,0,48,0,4,59,0,63,118,0,118,181
06/21/2022,JXN,MI,AGL,CE,Federal Contract Tower,0,1,18,0,19,0,0,57,0,57,0,1,75,0,76,118,0,118,194
06/22/2022,JXN,MI,AGL,CE,Federal Contract Tower,0,4,10,0,14,0,0,44,0,44,0,4,54,0,58,42,0,42,100
06/23/2022,JXN,MI,AGL,CE,Federal Contract Tower,0,2,6,0,8,0,0,64,0,64,0,2,70,0,72,90,0,90,162
06/24/2022,JXN,MI,AGL,CE,Federal Contract Tower,0,5,15,0,20,0,22,65,0,87,0,27,80,0,107,60,0,60,167
06/25/2022,JXN,MI,AGL,CE,Federal Contract Tower,0,0,0,2,2,0,4,144,13,161,0,4,144,15,163,123,4,127,290
06/26/2022,JXN,MI,AGL,CE,Federal Contract Tower,0,1,7,0,8,0,0,16,0,16,0,1,23,0,24,18,0,18,42
06/27/2022,JXN,MI,AGL,CE,Federal Contract Tower,0,4,4,0,8,0,0,25,0,25,0,4,29,0,33,22,0,22,55
06/28/2022,JXN,MI,AGL,CE,Federal Contract Tower,0,5,11,0,16,0,10,48,0,58,0,15,59,0,74,56,0,56,130
06/29/2022,JXN,MI,AGL,CE,Federal Contract Tower,0,2,14,0,16,0,17,51,0,68,0,19,65,0,84,48,0,48,132
06/30/2022,JXN,MI,AGL,CE,Federal Contract Tower,0,2,7,0,9,0,0,46,0,46,0,2,53,0,55,72,2,74,129
07/01/2022,JXN,MI,AGL,CE,Federal Contract Tower,0,3,5,0,8,0,2,41,0,43,0,5,46,0,51,106,0,106,157
07/02/2022,JXN,MI,AGL,CE,Federal Contract Tower,0,0,13,0,13,0,0,71,0,71,0,0,84,0,84,60,0,60,144
07/03/2022,JXN,MI,AGL,CE,Federal Contract Tower,0,0,6,0,6,0,0,41,0,41,0,0,47,0,47,20,0,20,67
07/04/2022,JXN,MI,AGL,CE,Federal Contract Tower,0,1,3,0,4,0,0,38,0,38,0,1,41,0,42,46,0,46,88
07/05/2022,JXN,MI,AGL,CE,Federal Contract Tower,0,1,12,0,13,0,0,18,0,18,0,1,30,0,31,14,0,14,45
07/06/2022,JXN,MI,AGL,CE,Federal Contract Tower,0,0,17,0,17,0,0,17,0,17,0,0,34,0,34,20,0,20,54
07/07/2022,JXN,MI,AGL,CE,Federal Contract Tower,0,4,17,0,21,0,5,38,0,43,0,9,55,0,64,94,0,94,158
07/08/2022,JXN,MI,AGL,CE,Federal Contract Tower,0,2,13,0,15,0,0,30,0,30,0,2,43,0,45,74,0,74,119
07/09/2022,JXN,MI,AGL,CE,Federal Contract Tower,0,2,2,0,4,0,0,73,3,76,0,2,75,3,80,32,0,32,112
07/10/2022,JXN,MI,AGL,CE,Federal Contract Tower,0,0,12,2,14,0,0,71,0,71,0,0,83,2,85,46,0,46,131
07/11/2022,JXN,MI,AGL,CE,Federal Contract Tower,0,2,6,0,8,0,4,32,0,36,0,6,38,0,44,46,0,46,90
07/12/2022,JXN,MI,AGL,CE,Federal Contract Tower,0,2,7,0,9,0,1,33,0,34,0,3,40,0,43,72,0,72,115
07/13/2022,JXN,MI,AGL,CE,Federal Contract Tower,0,4,14,0,18,0,7,25,0,32,0,11,39,0,50,24,0,24,74
07/14/2022,JXN,MI,AGL,CE,Federal Contract Tower,0,7,18,0,25,0,2,45,0,47,0,9,63,0,72,66,0,66,138
07/15/2022,JXN,MI,AGL,CE,Federal Contract Tower,0,4,2,0,6,0,1,46,0,47,0,5,48,0,53,54,0,54,107
07/16/2022,JXN,MI,AGL,CE,Federal Contract Tower,0,5,29,0,34,0,0,57,0,57,0,5,86,0,91,96,0,96,187
07/17/2022,JXN,MI,AGL,CE,Federal Contract Tower,0,2,5,0,7,0,0,5,1,6,0,2,10,1,13,8,0,8,21
07/18/2022,JXN,MI,AGL,CE,Federal Contract Tower,0,1,31,0,32,0,14,52,0,66,0,15,83,0,98,68,0,68,166
07/19/2022,JXN,MI,AGL,CE,Federal Contract Tower,0,1,19,2,22,0,0,65,2,67,0,1,84,4,89,94,0,94,183
07/20/2022,JXN,MI,AGL,CE,Federal Contract Tower,0,6,2,0,8,0,0,13,0,13,0,6,15,0,21,18,0,18,39
07/21/2022,JXN,MI,AGL,CE,Federal Contract Tower,0,2,6,0,8,0,0,45,0,45,0,2,51,0,53,40,0,40,93
07/22/2022,JXN,MI,AGL,CE,Federal Contract Tower,0,6,10,0,16,0,0,81,0,81,0,6,91,0,97,68,0,68,165
07/23/2022,JXN,MI,AGL,CE,Federal Contract Tower,0,9,8,0,17,0,0,42,0,42,0,9,50,0,59,76,0,76,135
07/24/2022,JXN,MI,AGL,CE,Federal Contract Tower,0,3,3,0,6,0,0,15,0,15,0,3,18,0,21,14,0,14,35
07/25/2022,JXN,MI,AGL,CE,Federal Contract Tower,0,3,12,0,15,0,2,43,2,47,0,5,55,2,62,28,0,28,90
07/26/2022,JXN,MI,AGL,CE,Federal Contract Tower,0,4,27,0,31,0,0,80,0,80,0,4,107,0,111,48,0,48,159
07/27/2022,JXN,MI,AGL,CE,Federal Contract Tower,0,6,26,0,32,0,5,29,0,34,0,11,55,0,66,44,0,44,110
07/28/2022,JXN,MI,AGL,CE,Federal Contract Tower,0,4,26,0,30,0,10,38,0,48,0,14,64,0,78,26,0,26,104
07/29/2022,JXN,MI,AGL,CE,Federal Contract Tower,0,6,13,0,19,0,4,43,0,47,0,10,56,0,66,42,0,42,108
07/30/2022,JXN,MI,AGL,CE,Federal Contract Tower,0,1,14,0,15,0,2,87,0,89,0,3,101,0,104,72,0,72,176
07/31/2022,JXN,MI,AGL,CE,Federal Contract Tower,0,0,22,0,22,0,0,86,0,86,0,0,108,0,108,54,0,54,162
08/01/2022,JXN,MI,AGL,CE,Federal Contract Tower,0,2,2,0,4,0,2,3,0,5,0,4,5,0,9,18,0,18,27
08/02/2022,JXN,MI,AGL,CE,Federal Contract Tower,0,5,22,0,27,0,18,59,2,79,0,23,81,2,106,70,0,70,176
08/03/2022,JXN,MI,AGL,CE,Federal Contract Tower,0,15,4,0,19,0,11,20,0,31,0,26,24,0,50,58,0,58,108
08/04/2022,JXN,MI,AGL,CE,Federal Contract Tower,0,1,13,0,14,0,0,5,0,5,0,1,18,0,19,8,0,8,27
08/05/2022,JXN,MI,AGL,CE,Federal Contract Tower,0,4,21,0,25,0,0,9,0,9,0,4,30,0,34,0,0,0,34
08/06/2022,JXN,MI,AGL,CE,Federal Contract Tower,0,6,16,0,22,0,1,69,2,72,0,7,85,2,94,76,0,76,170
08/07/2022,JXN,MI,AGL,CE,Federal Contract Tower,0,17,21,0,38,0,2,51,10,63,0,19,72,10,101,50,0,50,151
08/08/2022,JXN,MI,AGL,CE,Federal Contract Tower,0,5,6,0,11,0,2,10,0,12,0,7,16,0,23,2,0,2,25
08/09/2022,JXN,MI,AGL,CE,Federal Contract Tower,0,1,18,0,19,0,2,91,0,93,0,3,109,0,112,112,0,112,224
08/10/2022,JXN,MI,AGL,CE,Federal Contract Tower,0,0,13,0,13,0,0,74,0,74,0,0,87,0,87,68,0,68,155
08/11/2022,JXN,MI,AGL,CE,Federal Contract Tower,0,0,31,0,31,0,4,71,0,75,0,4,102,0,106,78,0,78,184
08/12/2022,JXN,MI,AGL,CE,Federal Contract Tower,0,1,16,0,17,0,1,63,0,64,0,2,79,0,81,66,0,66,147
08/13/2022,JXN,MI,AGL,CE,Federal Contract Tower,0,1,5,0,6,0,0,27,0,27,0,1,32,0,33,40,0,40,73
08/14/2022,JXN,MI,AGL,CE,Federal Contract Tower,0,3,16,0,19,0,0,32,2,34,0,3,48,2,53,46,0,46,99
08/15/2022,JXN,MI,AGL,CE,Federal Contract Tower,0,3,11,0,14,0,0,42,0,42,0,3,53,0,56,44,0,44,100
08/16/2022,JXN,MI,AGL,CE,Federal Contract Tower,0,2,17,2,21,0,0,58,2,60,0,2,75,4,81,88,0,88,169
08/17/2022,JXN,MI,AGL,CE,Federal Contract Tower,0,3,10,0,13,0,0,43,0,43,0,3,53,0,56,28,0,28,84
08/18/2022,JXN,MI,AGL,CE,Federal Contract Tower,0,1,11,1,13,0,0,56,4,60,0,1,67,5,73,108,0,108,181
08/19/2022,JXN,MI,AGL,CE,Federal Contract Tower,0,2,9,0,11,0,0,52,0,52,0,2,61,0,63,98,0,98,161
08/20/2022,JXN,MI,AGL,CE,Federal Contract Tower,0,3,0,0,3,0,0,37,1,38,0,3,37,1,41,40,0,40,81
08/21/2022,JXN,MI,AGL,CE,Federal Contract Tower,0,2,3,0,5,0,0,4,0,4,0,2,7,0,9,0,0,0,9
08/22/2022,JXN,MI,AGL,CE,Federal Contract Tower,0,5,14,0,19,0,0,33,0,33,0,5,47,0,52,72,0,72,124
08/23/2022,JXN,MI,AGL,CE,Federal Contract Tower,0,0,13,2,15,0,0,64,4,68,0,0,77,6,83,78,2,80,163
08/24/2022,JXN,MI,AGL,CE,Federal Contract Tower,0,2,26,0,28,0,1,50,0,51,0,3,76,0,79,76,0,76,155
08/25/2022,JXN,MI,AGL,CE,Federal Contract Tower,0,0,13,0,13,0,0,32,0,32,0,0,45,0,45,36,0,36,81
08/26/2022,JXN,MI,AGL,CE,Federal Contract Tower,0,6,33,0,39,0,0,26,0,26,0,6,59,0,65,18,0,18,83
08/27/2022,JXN,MI,AGL,CE,Federal Contract Tower,0,0,12,0,12,0,2,73,0,75,0,2,85,0,87,110,0,110,197
08/28/2022,JXN,MI,AGL,CE,Federal Contract Tower,0,0,10,0,10,0,0,60,0,60,0,0,70,0,70,56,0,56,126
08/29/2022,JXN,MI,AGL,CE,Federal Contract Tower,0,3,7,0,10,0,1,2,0,3,0,4,9,0,13,0,0,0,13
08/30/2022,JXN,MI,AGL,CE,Federal Contract Tower,0,2,8,0,10,0,0,33,0,33,0,2,41,0,43,38,0,38,81
08/31/2022,JXN,MI,AGL,CE,Federal Contract Tower,0,4,7,0,11,0,0,38,0,38,0,4,45,0,49,50,0,50,99
09/01/2022,JXN,MI,AGL,CE,Federal Contract Tower,0,0,6,0,6,0,0,76,0,76,0,0,82,0,82,68,0,68,150
09/02/2022,JXN,MI,AGL,CE,Federal Contract Tower,0,3,1,0,4,0,0,59,0,59,0,3,60,0,63,74,0,74,137
09/03/2022,JXN,MI,AGL,CE,Federal Contract Tower,0,4,12,0,16,0,5,84,0,89,0,9,96,0,105,56,0,56,161
09/04/2022,JXN,MI,AGL,CE,Federal Contract Tower,0,0,10,0,10,0,0,1,0,1,0,0,11,0,11,0,0,0,11
09/05/2022,JXN,MI,AGL,CE,Federal Contract Tower,0,0,3,0,3,0,0,7,0,7,0,0,10,0,10,0,0,0,10
09/06/2022,JXN,MI,AGL,CE,Federal Contract Tower,0,4,15,0,19,0,0,29,0,29,0,4,44,0,48,20,0,20,68
09/07/2022,JXN,MI,AGL,CE,Federal Contract Tower,0,2,5,0,7,0,0,35,0,35,0,2,40,0,42,30,0,30,72
09/08/2022,JXN,MI,AGL,CE,Federal Contract Tower,0,1,11,0,12,0,0,46,0,46,0,1,57,0,58,66,0,66,124
09/09/2022,JXN,MI,AGL,CE,Federal Contract Tower,0,6,8,2,16,0,2,59,2,63,0,8,67,4,79,38,2,40,119
09/10/2022,JXN,MI,AGL,CE,Federal Contract Tower,0,0,5,0,5,0,0,60,0,60,0,0,65,0,65,18,0,18,83
09/11/2022,JXN,MI,AGL,CE,Federal Contract Tower,0,0,14,0,14,0,0,10,0,10,0,0,24,0,24,10,0,10,34
09/12/2022,JXN,MI,AGL,CE,Federal Contract Tower,0,0,12,0,12,0,3,19,0,22,0,3,31,0,34,14,0,14,48
09/13/2022,JXN,MI,AGL,CE,Federal Contract Tower,0,3,15,0,18,0,2,22,0,24,0,5,37,0,42,50,0,50,92
09/14/2022,JXN,MI,AGL,CE,Federal Contract Tower,0,1,4,0,5,0,0,33,0,33,0,1,37,0,38,44,0,44,82
09/15/2022,JXN,MI,AGL,CE,Federal Contract Tower,0,2,19,0,21,0,0,40,0,40,0,2,59,0,61,112,0,112,173
09/16/2022,JXN,MI,AGL,CE,Federal Contract Tower,0,8,13,0,21,0,0,84,0,84,0,8,97,0,105,68,0,68,173
09/17/2022,JXN,MI,AGL,CE,Federal Contract Tower,0,0,11,0,11,0,3,74,0,77,0,3,85,0,88,96,0,96,184
09/18/2022,JXN,MI,AGL,CE,Federal Contract Tower,0,0,9,0,9,0,0,46,0,46,0,0,55,0,55,42,0,42,97
09/19/2022,JXN,MI,AGL,CE,Federal Contract Tower,0,2,33,0,35,0,0,54,0,54,0,2,87,0,89,62,0,62,151
09/20/2022,JXN,MI,AGL,CE,Federal Contract Tower,0,1,12,0,13,0,3,16,0,19,0,4,28,0,32,36,0,36,68
09/21/2022,JXN,MI,AGL,CE,Federal Contract Tower,0,2,4,0,6,0,1,11,6,18,0,3,15,6,24,14,0,14,38
09/22/2022,JXN,MI,AGL,CE,Federal Contract Tower,0,0,3,4,7,0,0,18,6,24,0,0,21,10,31,44,8,52,83
09/23/2022,JXN,MI,AGL,CE,Federal Contract Tower,0,4,12,0,16,0,2,66,0,68,0,6,78,0,84,62,0,62,146
09/24/2022,JXN,MI,AGL,CE,Federal Contract Tower,0,2,8,0,10,0,0,30,0,30,0,2,38,0,40,10,0,10,50
09/25/2022,JXN,MI,AGL,CE,Federal Contract Tower,0,0,11,0,11,0,0,8,0,8,0,0,19,0,19,6,0,6,25
09/26/2022,JXN,MI,AGL,CE,Federal Contract Tower,0,1,9,0,10,0,0,4,0,4,0,1,13,0,14,4,0,4,18
09/27/2022,JXN,MI,AGL,CE,Federal Contract Tower,0,3,5,8,16,0,0,10,0,10,0,3,15,8,26,32,6,38,64
09/28/2022,JXN,MI,AGL,CE,Federal Contract Tower,0,0,18,2,20,0,0,24,0,24,0,0,42,2,44,56,0,56,100
09/29/2022,JXN,MI,AGL,CE,Federal Contract Tower,0,0,13,0,13,0,0,66,0,66,0,0,79,0,79,56,0,56,135
09/30/2022,JXN,MI,AGL,CE,Federal Contract Tower,0,1,8,0,9,0,2,71,0,73,0,3,79,0,82,22,0,22,104
10/01/2022,JXN,MI,AGL,CE,Federal Contract Tower,0,0,2,0,2,0,0,52,0,52,0,0,54,0,54,64,0,64,118
10/02/2022,JXN,MI,AGL,CE,Federal Contract Tower,0,0,5,0,5,0,0,29,0,29,0,0,34,0,34,8,0,8,42
10/03/2022,JXN,MI,AGL,CE,Federal Contract Tower,0,1,13,0,14,0,4,48,0,52,0,5,61,0,66,72,0,72,138
10/04/2022,JXN,MI,AGL,CE,Federal Contract Tower,0,0,6,0,6,0,4,30,0,34,0,4,36,0,40,50,0,50,90
10/05/2022,JXN,MI,AGL,CE,Federal Contract Tower,0,6,12,0,18,0,4,46,0,50,0,10,58,0,68,28,0,28,96
10/06/2022,JXN,MI,AGL,CE,Federal Contract Tower,0,5,0,0,5,0,2,20,0,22,0,7,20,0,27,14,0,14,41
10/07/2022,JXN,MI,AGL,CE,Federal Contract Tower,0,7,11,0,18,0,0,16,0,16,0,7,27,0,34,4,0,4,38
10/08/2022,JXN,MI,AGL,CE,Federal Contract Tower,0,4,1,0,5,0,2,50,4,56,0,6,51,4,61,56,4,60,121
10/09/2022,JXN,MI,AGL,CE,Federal Contract Tower,0,1,5,0,6,0,0,51,0,51,0,1,56,0,57,14,0,14,71
10/10/2022,JXN,MI,AGL,CE,Federal Contract Tower,0,6,15,0,21,0,1,71,0,72,0,7,86,0,93,16,0,16,109
10/11/2022,JXN,MI,AGL,CE,Federal Contract Tower,0,0,3,4,7,0,0,36,4,40,0,0,39,8,47,26,2,28,75
10/12/2022,JXN,MI,AGL,CE,Federal Contract Tower,0,3,3,0,6,0,1,0,0,1,0,4,3,0,7,0,0,0,7
10/13/2022,JXN,MI,AGL,CE,Federal Contract Tower,0,4,6,0,10,0,0,20,0,20,0,4,26,0,30,8,0,8,38
10/14/2022,JXN,MI,AGL,CE,Federal Contract Tower,0,5,12,0,17,0,1,27,0,28,0,6,39,0,45,26,0,26,71
10/15/2022,JXN,MI,AGL,CE,Federal Contract Tower,0,0,7,0,7,0,0,48,0,48,0,0,55,0,55,0,0,0,55
10/16/2022,JXN,MI,AGL,CE,Federal Contract Tower,0,0,9,0,9,0,0,48,0,48,0,0,57,0,57,56,0,56,113
10/17/2022,JXN,MI,AGL,CE,Federal Contract Tower,0,6,3,0,9,0,0,1,0,1,0,6,4,0,10,0,0,0,10
10/18/2022,JXN,MI,AGL,CE,Federal Contract Tower,0,3,1,2,6,0,0,2,0,2,0,3,3,2,8,0,0,0,8
10/19/2022,JXN,MI,AGL,CE,Federal Contract Tower,0,3,4,0,7,0,1,9,0,10,0,4,13,0,17,16,0,16,33
10/20/2022,JXN,MI,AGL,CE,Federal Contract Tower,0,0,11,0,11,0,0,37,0,37,0,0,48,0,48,36,0,36,84
10/21/2022,JXN,MI,AGL,CE,Federal Contract Tower,0,2,18,0,20,0,0,42,0,42,0,2,60,0,62,44,0,44,106
10/22/2022,JXN,MI,AGL,CE,Federal Contract Tower,0,6,11,0,17,0,33,23,4,60,0,39,34,4,77,36,0,36,113
10/23/2022,JXN,MI,AGL,CE,Federal Contract Tower,0,6,19,0,25,0,8,57,0,65,0,14,76,0,90,48,0,48,138
10/24/2022,JXN,MI,AGL,CE,Federal Contract Tower,0,6,20,0,26,0,0,51,0,51,0,6,71,0,77,52,0,52,129
10/25/2022,JXN,MI,AGL,CE,Federal Contract Tower,0,5,8,0,13,0,5,36,0,41,0,10,44,0,54,84,0,84,138
10/26/2022,JXN,MI,AGL,CE,Federal Contract Tower,0,3,3,0,6,0,1,0,0,1,0,4,3,0,7,0,0,0,7
10/27/2022,JXN,MI,AGL,CE,Federal Contract Tower,0,4,22,0,26,0,6,65,0,71,0,10,87,0,97,98,2,100,197
10/28/2022,JXN,MI,AGL,CE,Federal Contract Tower,0,4,14,0,18,0,2,59,0,61,0,6,73,0,79,48,0,48,127
10/29/2022,JXN,MI,AGL,CE,Federal Contract Tower,0,0,11,0,11,0,4,65,0,69,0,4,76,0,80,44,0,44,124
10/30/2022,JXN,MI,AGL,CE,Federal Contract Tower,0,1,9,0,10,0,0,46,0,46,0,1,55,0,56,22,0,22,78
10/31/2022,JXN,MI,AGL,CE,Federal Contract Tower,0,2,4,0,6,0,0,4,0,4,0,2,8,0,10,4,0,4,14
11/01/2022,JXN,MI,AGL,CE,Federal Contract Tower,0,9,12,0,21,0,18,33,0,51,0,27,45,0,72,66,0,66,138
11/02/2022,JXN,MI,AGL,CE,Federal Contract Tower,0,3,19,0,22,0,4,63,0,67,0,7,82,0,89,70,0,70,159
11/03/2022,JXN,MI,AGL,CE,Federal Contract Tower,0,2,5,0,7,0,0,36,2,38,0,2,41,2,45,20,0,20,65
11/04/2022,JXN,MI,AGL,CE,Federal Contract Tower,0,1,8,0,9,0,0,22,0,22,0,1,30,0,31,6,0,6,37
11/05/2022,JXN,MI,AGL,CE,Federal Contract Tower,0,0,0,0,0,0,0,0,0,0,0,0,0,0,0,0,0,0,0
11/06/2022,JXN,MI,AGL,CE,Federal Contract Tower,0,2,12,0,14,0,0,46,0,46,0,2,58,0,60,54,0,54,114
11/07/2022,JXN,MI,AGL,CE,Federal Contract Tower,0,3,8,0,11,0,15,28,0,43,0,18,36,0,54,32,0,32,86
11/08/2022,JXN,MI,AGL,CE,Federal Contract Tower,0,10,11,0,21,0,7,50,0,57,0,17,61,0,78,86,0,86,164
11/09/2022,JXN,MI,AGL,CE,Federal Contract Tower,0,7,10,0,17,0,27,63,0,90,0,34,73,0,107,70,0,70,177
11/10/2022,JXN,MI,AGL,CE,Federal Contract Tower,0,2,2,0,4,0,4,48,0,52,0,6,50,0,56,48,2,50,106
11/11/2022,JXN,MI,AGL,CE,Federal Contract Tower,0,11,36,0,47,0,14,68,0,82,0,25,104,0,129,98,0,98,227
11/12/2022,JXN,MI,AGL,CE,Federal Contract Tower,0,2,4,0,6,0,0,14,0,14,0,2,18,0,20,24,0,24,44
11/13/2022,JXN,MI,AGL,CE,Federal Contract Tower,0,3,5,0,8,0,0,12,0,12,0,3,17,0,20,12,0,12,32
11/14/2022,JXN,MI,AGL,CE,Federal Contract Tower,0,19,15,0,34,0,10,45,0,55,0,29,60,0,89,60,0,60,149
11/15/2022,JXN,MI,AGL,CE,Federal Contract Tower,0,3,1,0,4,0,0,0,0,0,0,3,1,0,4,0,0,0,4
11/16/2022,JXN,MI,AGL,CE,Federal Contract Tower,0,4,2,0,6,0,0,0,0,0,0,4,2,0,6,0,0,0,6
11/17/2022,JXN,MI,AGL,CE,Federal Contract Tower,0,0,2,0,2,0,0,0,0,0,0,0,2,0,2,0,0,0,2
11/18/2022,JXN,MI,AGL,CE,Federal Contract Tower,0,1,4,0,5,0,0,0,0,0,0,1,4,0,5,0,0,0,5
11/19/2022,JXN,MI,AGL,CE,Federal Contract Tower,0,0,4,0,4,0,0,8,0,8,0,0,12,0,12,20,0,20,32
11/20/2022,JXN,MI,AGL,CE,Federal Contract Tower,0,0,4,0,4,0,0,13,0,13,0,0,17,0,17,12,0,12,29
11/21/2022,JXN,MI,AGL,CE,Federal Contract Tower,0,8,0,0,8,0,12,13,0,25,0,20,13,0,33,8,0,8,41
11/22/2022,JXN,MI,AGL,CE,Federal Contract Tower,0,24,29,0,53,0,30,61,0,91,0,54,90,0,144,78,0,78,222
11/23/2022,JXN,MI,AGL,CE,Federal Contract Tower,0,5,18,0,23,0,1,57,0,58,0,6,75,0,81,51,0,51,132
11/24/2022,JXN,MI,AGL,CE,Federal Contract Tower,0,0,2,0,2,0,0,8,0,8,0,0,10,0,10,10,0,10,20
11/25/2022,JXN,MI,AGL,CE,Federal Contract Tower,0,0,13,0,13,0,1,39,0,40,0,1,52,0,53,36,0,36,89
11/26/2022,JXN,MI,AGL,CE,Federal Contract Tower,0,0,9,0,9,0,0,48,0,48,0,0,57,0,57,54,0,54,111
11/27/2022,JXN,MI,AGL,CE,Federal Contract Tower,0,2,4,0,6,0,0,0,0,0,0,2,4,0,6,0,0,0,6
11/28/2022,JXN,MI,AGL,CE,Federal Contract Tower,0,1,15,0,16,0,1,40,0,41,0,2,55,0,57,24,0,24,81
11/29/2022,JXN,MI,AGL,CE,Federal Contract Tower,0,3,4,0,7,0,0,2,0,2,0,3,6,0,9,2,0,2,11
11/30/2022,JXN,MI,AGL,CE,Federal Contract Tower,0,0,0,0,0,0,0,0,0,0,0,0,0,0,0,0,0,0,0
12/01/2022,JXN,MI,AGL,CE,Federal Contract Tower,0,9,2,0,11,0,11,43,1,55,0,20,45,1,66,82,2,84,150
12/02/2022,JXN,MI,AGL,CE,Federal Contract Tower,0,2,3,0,5,0,1,6,0,7,0,3,9,0,12,4,0,4,16
12/03/2022,JXN,MI,AGL,CE,Federal Contract Tower,0,0,3,0,3,0,0,2,0,2,0,0,5,0,5,2,0,2,7
12/04/2022,JXN,MI,AGL,CE,Federal Contract Tower,0,0,14,0,14,0,0,58,0,58,0,0,72,0,72,28,0,28,100
12/05/2022,JXN,MI,AGL,CE,Federal Contract Tower,0,3,5,0,8,0,2,22,0,24,0,5,27,0,32,10,0,10,42
12/06/2022,JXN,MI,AGL,CE,Federal Contract Tower,0,2,16,1,19,0,0,8,3,11,0,2,24,4,30,4,0,4,34
12/07/2022,JXN,MI,AGL,CE,Federal Contract Tower,0,7,8,1,16,0,4,8,1,13,0,11,16,2,29,32,0,32,61
12/08/2022,JXN,MI,AGL,CE,Federal Contract Tower,0,1,3,0,4,0,0,9,0,9,0,1,12,0,13,44,0,44,57
12/09/2022,JXN,MI,AGL,CE,Federal Contract Tower,0,3,3,0,6,0,0,4,0,4,0,3,7,0,10,0,0,0,10
12/10/2022,JXN,MI,AGL,CE,Federal Contract Tower,0,0,0,0,0,0,0,0,0,0,0,0,0,0,0,0,0,0,0
12/11/2022,JXN,MI,AGL,CE,Federal Contract Tower,0,0,3,0,3,0,0,0,0,0,0,0,3,0,3,0,0,0,3
12/12/2022,JXN,MI,AGL,CE,Federal Contract Tower,0,6,6,0,12,0,3,20,0,23,0,9,26,0,35,54,0,54,89
12/13/2022,JXN,MI,AGL,CE,Federal Contract Tower,0,4,9,0,13,0,0,19,4,23,0,4,28,4,36,12,0,12,48
12/14/2022,JXN,MI,AGL,CE,Federal Contract Tower,0,0,2,0,2,0,2,0,0,2,0,2,2,0,4,0,0,0,4
12/15/2022,JXN,MI,AGL,CE,Federal Contract Tower,0,3,0,0,3,0,0,1,2,3,0,3,1,2,6,20,4,24,30
12/16/2022,JXN,MI,AGL,CE,Federal Contract Tower,0,10,2,0,12,0,7,3,0,10,0,17,5,0,22,6,0,6,28
12/17/2022,JXN,MI,AGL,CE,Federal Contract Tower,0,2,1,0,3,0,0,2,0,2,0,2,3,0,5,0,0,0,5
12/18/2022,JXN,MI,AGL,CE,Federal Contract Tower,0,0,2,0,2,0,0,5,0,5,0,0,7,0,7,38,0,38,45
12/19/2022,JXN,MI,AGL,CE,Federal Contract Tower,0,3,2,0,5,0,2,3,0,5,0,5,5,0,10,0,0,0,10
12/20/2022,JXN,MI,AGL,CE,Federal Contract Tower,0,0,15,2,17,0,0,30,0,30,0,0,45,2,47,14,2,16,63
12/21/2022,JXN,MI,AGL,CE,Federal Contract Tower,0,1,21,0,22,0,0,44,4,48,0,1,65,4,70,76,0,76,146
12/22/2022,JXN,MI,AGL,CE,Federal Contract Tower,0,1,1,0,2,0,0,7,0,7,0,1,8,0,9,6,0,6,15
12/23/2022,JXN,MI,AGL,CE,Federal Contract Tower,0,0,0,0,0,0,0,0,0,0,0,0,0,0,0,0,0,0,0
12/24/2022,JXN,MI,AGL,CE,Federal Contract Tower,0,0,0,0,0,0,0,0,0,0,0,0,0,0,0,0,0,0,0
12/25/2022,JXN,MI,AGL,CE,Federal Contract Tower,0,0,0,0,0,0,0,0,0,0,0,0,0,0,0,0,0,0,0
12/26/2022,JXN,MI,AGL,CE,Federal Contract Tower,0,0,3,0,3,0,0,3,0,3,0,0,6,0,6,2,0,2,8
12/27/2022,JXN,MI,AGL,CE,Federal Contract Tower,0,0,2,0,2,0,2,12,0,14,0,2,14,0,16,30,0,30,46
12/28/2022,JXN,MI,AGL,CE,Federal Contract Tower,0,1,6,0,7,0,1,29,0,30,0,2,35,0,37,44,0,44,81
12/29/2022,JXN,MI,AGL,CE,Federal Contract Tower,0,2,6,0,8,0,0,6,0,6,0,2,12,0,14,8,0,8,22
12/30/2022,JXN,MI,AGL,CE,Federal Contract Tower,0,0,6,0,6,0,0,2,0,2,0,0,8,0,8,2,0,2,10
12/31/2022,JXN,MI,AGL,CE,Federal Contract Tower,0,2,4,0,6,0,0,0,0,0,0,2,4,0,6,0,0,0,6
01/01/2023,JXN,MI,AGL,CE,Federal Contract Tower,0,2,3,0,5,0,0,2,0,2,0,2,5,0,7,2,0,2,9
01/02/2023,JXN,MI,AGL,CE,Federal Contract Tower,0,0,2,0,2,0,0,0,0,0,0,0,2,0,2,0,0,0,2
01/03/2023,JXN,MI,AGL,CE,Federal Contract Tower,0,1,0,0,1,0,0,0,0,0,0,1,0,0,1,0,0,0,1
01/04/2023,JXN,MI,AGL,CE,Federal Contract Tower,0,0,2,0,2,0,0,8,0,8,0,0,10,0,10,10,0,10,20
01/05/2023,JXN,MI,AGL,CE,Federal Contract Tower,0,0,2,0,2,0,0,3,0,3,0,0,5,0,5,2,0,2,7
01/06/2023,JXN,MI,AGL,CE,Federal Contract Tower,0,2,3,0,5,0,0,1,0,1,0,2,4,0,6,0,0,0,6
01/07/2023,JXN,MI,AGL,CE,Federal Contract Tower,0,0,7,0,7,0,0,24,0,24,0,0,31,0,31,8,0,8,39
01/08/2023,JXN,MI,AGL,CE,Federal Contract Tower,0,0,21,0,21,0,0,40,0,40,0,0,61,0,61,20,0,20,81
01/09/2023,JXN,MI,AGL,CE,Federal Contract Tower,0,3,22,0,25,0,0,27,0,27,0,3,49,0,52,24,0,24,76
01/10/2023,JXN,MI,AGL,CE,Federal Contract Tower,0,1,1,0,2,0,0,4,0,4,0,1,5,0,6,0,0,0,6
01/11/2023,JXN,MI,AGL,CE,Federal Contract Tower,0,0,12,0,12,0,6,28,0,34,0,6,40,0,46,66,0,66,112
01/12/2023,JXN,MI,AGL,CE,Federal Contract Tower,0,2,3,0,5,0,0,0,0,0,0,2,3,0,5,2,0,2,7
01/13/2023,JXN,MI,AGL,CE,Federal Contract Tower,0,4,0,0,4,0,0,11,0,11,0,4,11,0,15,2,0,2,17
01/14/2023,JXN,MI,AGL,CE,Federal Contract Tower,0,4,30,0,34,0,6,107,0,113,0,10,137,0,147,102,0,102,249
01/15/2023,JXN,MI,AGL,CE,Federal Contract Tower,0,0,12,0,12,0,0,95,0,95,0,0,107,0,107,62,0,62,169
01/16/2023,JXN,MI,AGL,CE,Federal Contract Tower,0,1,7,0,8,0,0,19,0,19,0,1,26,0,27,56,0,56,83
01/17/2023,JXN,MI,AGL,CE,Federal Contract Tower,0,6,6,0,12,0,0,2,0,2,0,6,8,0,14,2,0,2,16
01/18/2023,JXN,MI,AGL,CE,Federal Contract Tower,0,0,4,0,4,0,0,7,0,7,0,0,11,0,11,100,0,100,111
01/19/2023,JXN,MI,AGL,CE,Federal Contract Tower,0,2,6,0,8,0,0,9,0,9,0,2,15,0,17,42,0,42,59
01/20/2023,JXN,MI,AGL,CE,Federal Contract Tower,0,1,4,0,5,0,0,5,0,5,0,1,9,0,10,6,0,6,16
01/21/2023,JXN,MI,AGL,CE,Federal Contract Tower,0,0,7,0,7,0,0,19,0,19,0,0,26,0,26,52,0,52,78
01/22/2023,JXN,MI,AGL,CE,Federal Contract Tower,0,0,0,0,0,0,0,8,0,8,0,0,8,0,8,0,0,0,8
01/23/2023,JXN,MI,AGL,CE,Federal Contract Tower,0,3,2,0,5,0,0,7,0,7,0,3,9,0,12,72,0,72,84
01/24/2023,JXN,MI,AGL,CE,Federal Contract Tower,0,0,12,0,12,0,6,39,0,45,0,6,51,0,57,76,0,76,133
01/25/2023,JXN,MI,AGL,CE,Federal Contract Tower,0,2,0,0,2,0,0,0,0,0,0,2,0,0,2,0,0,0,2
01/26/2023,JXN,MI,AGL,CE,Federal Contract Tower,0,2,0,0,2,0,0,0,0,0,0,2,0,0,2,0,0,0,2
01/27/2023,JXN,MI,AGL,CE,Federal Contract Tower,0,0,1,0,1,0,0,8,0,8,0,0,9,0,9,2,2,4,13
01/28/2023,JXN,MI,AGL,CE,Federal Contract Tower,0,0,0,0,0,0,0,7,0,7,0,0,7,0,7,0,0,0,7
01/29/2023,JXN,MI,AGL,CE,Federal Contract Tower,0,0,0,0,0,0,0,0,0,0,0,0,0,0,0,0,0,0,0
01/30/2023,JXN,MI,AGL,CE,Federal Contract Tower,0,2,1,0,3,0,0,6,0,6,0,2,7,0,9,4,0,4,13
01/31/2023,JXN,MI,AGL,CE,Federal Contract Tower,0,10,7,0,17,0,13,37,0,50,0,23,44,0,67,84,0,84,151
02/01/2023,JXN,MI,AGL,CE,Federal Contract Tower,0,10,12,0,22,0,11,50,0,61,0,21,62,0,83,58,0,58,141
02/02/2023,JXN,MI,AGL,CE,Federal Contract Tower,0,5,9,4,18,0,12,28,4,44,0,17,37,8,62,102,6,108,170
02/03/2023,JXN,MI,AGL,CE,Federal Contract Tower,0,5,10,0,15,0,6,28,0,34,0,11,38,0,49,18,0,18,67
02/04/2023,JXN,MI,AGL,CE,Federal Contract Tower,0,0,8,2,10,0,0,30,1,31,0,0,38,3,41,10,0,10,51
02/05/2023,JXN,MI,AGL,CE,Federal Contract Tower,0,0,7,0,7,0,0,13,0,13,0,0,20,0,20,14,0,14,34
02/06/2023,JXN,MI,AGL,CE,Federal Contract Tower,0,3,13,0,16,0,16,33,0,49,0,19,46,0,65,132,0,132,197
02/07/2023,JXN,MI,AGL,CE,Federal Contract Tower,0,3,1,0,4,0,1,9,1,11,0,4,10,1,15,106,0,106,121
02/08/2023,JXN,MI,AGL,CE,Federal Contract Tower,0,2,19,0,21,0,0,45,0,45,0,2,64,0,66,104,0,104,170
02/09/2023,JXN,MI,AGL,CE,Federal Contract Tower,0,0,2,0,2,0,0,3,0,3,0,0,5,0,5,32,0,32,37
02/11/2023,JXN,MI,AGL,CE,Federal Contract Tower,0,2,29,0,31,0,0,112,2,114,0,2,141,2,145,184,0,184,329
02/12/2023,JXN,MI,AGL,CE,Federal Contract Tower,0,0,19,0,19,0,0,69,0,69,0,0,88,0,88,40,0,40,128
02/13/2023,JXN,MI,AGL,CE,Federal Contract Tower,0,4,15,0,19,0,5,42,0,47,0,9,57,0,66,54,0,54,120
02/14/2023,JXN,MI,AGL,CE,Federal Contract Tower,0,3,4,0,7,0,2,33,0,35,0,5,37,0,42,26,0,26,68
02/15/2023,JXN,MI,AGL,CE,Federal Contract Tower,0,4,4,0,8,0,0,0,0,0,0,4,4,0,8,0,0,0,8
02/16/2023,JXN,MI,AGL,CE,Federal Contract Tower,0,1,3,0,4,0,0,0,0,0,0,1,3,0,4,0,0,0,4
02/17/2023,JXN,MI,AGL,CE,Federal Contract Tower,0,2,3,0,5,0,0,7,0,7,0,2,10,0,12,0,0,0,12
02/18/2023,JXN,MI,AGL,CE,Federal Contract Tower,0,0,11,0,11,0,2,38,0,40,0,2,49,0,51,26,0,26,77
02/19/2023,JXN,MI,AGL,CE,Federal Contract Tower,0,0,0,0,0,0,1,22,0,23,0,1,22,0,23,14,0,14,37
02/20/2023,JXN,MI,AGL,CE,Federal Contract Tower,0,3,18,0,21,0,10,45,0,55,0,13,63,0,76,96,0,96,172
02/21/2023,JXN,MI,AGL,CE,Federal Contract Tower,0,6,0,0,6,0,12,2,0,14,0,18,2,0,20,4,0,4,24
02/22/2023,JXN,MI,AGL,CE,Federal Contract Tower,0,0,0,0,0,0,0,0,0,0,0,0,0,0,0,0,0,0,0
02/24/2023,JXN,MI,AGL,CE,Federal Contract Tower,0,5,9,2,16,0,1,27,2,30,0,6,36,4,46,14,0,14,60
02/25/2023,JXN,MI,AGL,CE,Federal Contract Tower,0,0,0,0,0,0,0,13,0,13,0,0,13,0,13,8,0,8,21
02/26/2023,JXN,MI,AGL,CE,Federal Contract Tower,0,1,11,0,12,0,0,40,0,40,0,1,51,0,52,42,0,42,94
02/27/2023,JXN,MI,AGL,CE,Federal Contract Tower,0,4,0,0,4,0,0,0,0,0,0,4,0,0,4,0,0,0,4
02/28/2023,JXN,MI,AGL,CE,Federal Contract Tower,0,2,13,0,15,0,4,32,0,36,0,6,45,0,51,70,0,70,121
03/01/2023,JXN,MI,AGL,CE,Federal Contract Tower,0,4,5,0,9,0,6,28,0,34,0,10,33,0,43,24,0,24,67
03/02/2023,JXN,MI,AGL,CE,Federal Contract Tower,0,2,5,0,7,0,0,4,0,4,0,2,9,0,11,10,0,10,21
03/03/2023,JXN,MI,AGL,CE,Federal Contract Tower,0,2,0,0,2,0,0,0,0,0,0,2,0,0,2,6,0,6,8
03/04/2023,JXN,MI,AGL,CE,Federal Contract Tower,0,0,0,0,0,0,2,20,0,22,0,2,20,0,22,24,0,24,46
03/05/2023,JXN,MI,AGL,CE,Federal Contract Tower,0,2,18,0,20,0,0,74,0,74,0,2,92,0,94,86,0,86,180
03/06/2023,JXN,MI,AGL,CE,Federal Contract Tower,0,11,0,0,11,0,0,8,0,8,0,11,8,0,19,8,0,8,27
03/07/2023,JXN,MI,AGL,CE,Federal Contract Tower,0,3,19,0,22,0,2,53,0,55,0,5,72,0,77,58,0,58,135
03/08/2023,JXN,MI,AGL,CE,Federal Contract Tower,0,4,22,0,26,0,0,83,0,83,0,4,105,0,109,130,0,130,239
03/09/2023,JXN,MI,AGL,CE,Federal Contract Tower,0,2,11,0,13,0,0,41,0,41,0,2,52,0,54,98,0,98,152
03/10/2023,JXN,MI,AGL,CE,Federal Contract Tower,0,0,2,0,2,0,0,0,0,0,0,0,2,0,2,0,0,0,2
03/11/2023,JXN,MI,AGL,CE,Federal Contract Tower,0,0,7,0,7,0,0,59,4,63,0,0,66,4,70,20,0,20,90
03/12/2023,JXN,MI,AGL,CE,Federal Contract Tower,0,0,0,0,0,0,0,2,0,2,0,0,2,0,2,10,0,10,12
03/13/2023,JXN,MI,AGL,CE,Federal Contract Tower,0,0,0,0,0,0,0,0,0,0,0,0,0,0,0,0,0,0,0
03/14/2023,JXN,MI,AGL,CE,Federal Contract Tower,4,3,16,0,23,0,8,30,0,38,4,11,46,0,61,36,0,36,97
03/15/2023,JXN,MI,AGL,CE,Federal Contract Tower,0,13,15,0,28,0,14,80,0,94,0,27,95,0,122,70,0,70,192
03/16/2023,JXN,MI,AGL,CE,Federal Contract Tower,0,2,5,1,8,0,0,22,1,23,0,2,27,2,31,26,2,28,59
03/17/2023,JXN,MI,AGL,CE,Federal Contract Tower,0,1,1,2,4,0,0,0,0,0,0,1,1,2,4,0,0,0,4
03/18/2023,JXN,MI,AGL,CE,Federal Contract Tower,0,1,0,0,1,0,0,0,0,0,0,1,0,0,1,0,0,0,1
03/19/2023,JXN,MI,AGL,CE,Federal Contract Tower,0,8,12,0,20,0,6,52,2,60,0,14,64,2,80,34,0,34,114
03/20/2023,JXN,MI,AGL,CE,Federal Contract Tower,0,3,0,0,3,0,2,13,0,15,0,5,13,0,18,24,0,24,42
03/21/2023,JXN,MI,AGL,CE,Federal Contract Tower,0,1,28,0,29,0,0,61,0,61,0,1,89,0,90,40,0,40,130
03/22/2023,JXN,MI,AGL,CE,Federal Contract Tower,0,3,10,0,13,0,0,0,0,0,0,3,10,0,13,0,0,0,13
03/23/2023,JXN,MI,AGL,CE,Federal Contract Tower,0,1,13,0,14,0,0,2,0,2,0,1,15,0,16,2,0,2,18
03/24/2023,JXN,MI,AGL,CE,Federal Contract Tower,0,2,7,0,9,0,2,28,0,30,0,4,35,0,39,42,0,42,81
03/25/2023,JXN,MI,AGL,CE,Federal Contract Tower,0,0,0,0,0,0,0,0,0,0,0,0,0,0,0,0,0,0,0
03/26/2023,JXN,MI,AGL,CE,Federal Contract Tower,0,0,13,0,13,0,0,101,0,101,0,0,114,0,114,92,0,92,206
03/27/2023,JXN,MI,AGL,CE,Federal Contract Tower,0,5,5,0,10,0,2,8,0,10,0,7,13,0,20,12,0,12,32
03/28/2023,JXN,MI,AGL,CE,Federal Contract Tower,0,10,19,0,29,0,10,67,0,77,0,20,86,0,106,102,0,102,208
03/29/2023,JXN,MI,AGL,CE,Federal Contract Tower,0,7,2,0,9,0,3,4,0,7,0,10,6,0,16,6,0,6,22
03/30/2023,JXN,MI,AGL,CE,Federal Contract Tower,0,6,30,0,36,0,12,67,0,79,0,18,97,0,115,86,0,86,201
03/31/2023,JXN,MI,AGL,CE,Federal Contract Tower,0,3,0,0,3,0,0,0,0,0,0,3,0,0,3,0,0,0,3
04/01/2023,JXN,MI,AGL,CE,Federal Contract Tower,0,0,2,0,2,0,0,0,0,0,0,0,2,0,2,0,0,0,2
04/02/2023,JXN,MI,AGL,CE,Federal Contract Tower,0,4,31,0,35,0,4,80,0,84,0,8,111,0,119,88,0,88,207
04/03/2023,JXN,MI,AGL,CE,Federal Contract Tower,0,4,6,0,10,0,14,29,0,43,0,18,35,0,53,28,0,28,81
04/04/2023,JXN,MI,AGL,CE,Federal Contract Tower,0,3,14,0,17,0,0,10,0,10,0,3,24,0,27,8,0,8,35
04/05/2023,JXN,MI,AGL,CE,Federal Contract Tower,0,2,0,0,2,0,0,0,0,0,0,2,0,0,2,0,0,0,2
04/06/2023,JXN,MI,AGL,CE,Federal Contract Tower,0,4,21,0,25,0,0,38,0,38,0,4,59,0,63,50,0,50,113
04/07/2023,JXN,MI,AGL,CE,Federal Contract Tower,0,3,15,2,20,0,14,104,0,118,0,17,119,2,138,120,0,120,258
04/08/2023,JXN,MI,AGL,CE,Federal Contract Tower,0,2,18,0,20,0,8,93,0,101,0,10,111,0,121,94,0,94,215
04/09/2023,JXN,MI,AGL,CE,Federal Contract Tower,0,0,5,0,5,0,2,28,0,30,0,2,33,0,35,90,0,90,125
04/10/2023,JXN,MI,AGL,CE,Federal Contract Tower,0,7,40,0,47,0,10,60,0,70,0,17,100,0,117,76,0,76,193
04/11/2023,JXN,MI,AGL,CE,Federal Contract Tower,0,8,5,0,13,0,7,21,0,28,0,15,26,0,41,20,0,20,61
04/12/2023,JXN,MI,AGL,CE,Federal Contract Tower,0,1,26,1,28,0,1,31,1,33,0,2,57,2,61,30,0,30,91
04/13/2023,JXN,MI,AGL,CE,Federal Contract Tower,0,4,22,1,27,0,0,59,8,67,0,4,81,9,94,76,0,76,170
04/14/2023,JXN,MI,AGL,CE,Federal Contract Tower,0,5,13,0,18,0,10,72,2,84,0,15,85,2,102,70,0,70,172
04/15/2023,JXN,MI,AGL,CE,Federal Contract Tower,0,0,20,0,20,0,3,85,0,88,0,3,105,0,108,100,0,100,208
04/16/2023,JXN,MI,AGL,CE,Federal Contract Tower,0,1,14,0,15,0,2,17,0,19,0,3,31,0,34,14,0,14,48
04/17/2023,JXN,MI,AGL,CE,Federal Contract Tower,0,6,3,0,9,0,0,0,0,0,0,6,3,0,9,0,0,0,9
04/18/2023,JXN,MI,AGL,CE,Federal Contract Tower,0,6,7,0,13,0,2,7,0,9,0,8,14,0,22,0,0,0,22
04/19/2023,JXN,MI,AGL,CE,Federal Contract Tower,0,13,23,0,36,0,19,59,0,78,0,32,82,0,114,98,0,98,212
04/20/2023,JXN,MI,AGL,CE,Federal Contract Tower,0,1,1,0,2,0,0,16,0,16,0,1,17,0,18,36,0,36,54
04/21/2023,JXN,MI,AGL,CE,Federal Contract Tower,0,5,14,0,19,0,2,20,0,22,0,7,34,0,41,40,0,40,81
04/22/2023,JXN,MI,AGL,CE,Federal Contract Tower,0,0,18,0,18,0,0,23,0,23,0,0,41,0,41,26,0,26,67
04/23/2023,JXN,MI,AGL,CE,Federal Contract Tower,0,0,4,0,4,0,0,18,0,18,0,0,22,0,22,26,0,26,48
04/24/2023,JXN,MI,AGL,CE,Federal Contract Tower,0,2,2,0,4,0,2,3,0,5,0,4,5,0,9,4,0,4,13
04/25/2023,JXN,MI,AGL,CE,Federal Contract Tower,0,2,0,0,2,0,0,5,0,5,0,2,5,0,7,0,0,0,7
04/26/2023,JXN,MI,AGL,CE,Federal Contract Tower,0,10,25,0,35,0,7,57,0,64,0,17,82,0,99,68,0,68,167
04/27/2023,JXN,MI,AGL,CE,Federal Contract Tower,0,3,15,0,18,0,4,77,0,81,0,7,92,0,99,80,0,80,179
04/28/2023,JXN,MI,AGL,CE,Federal Contract Tower,0,7,5,0,12,0,0,0,0,0,0,7,5,0,12,0,0,0,12
04/29/2023,JXN,MI,AGL,CE,Federal Contract Tower,0,0,10,0,10,0,2,9,0,11,0,2,19,0,21,4,0,4,25
04/30/2023,JXN,MI,AGL,CE,Federal Contract Tower,0,0,18,0,18,0,1,19,3,23,0,1,37,3,41,20,4,24,65
05/01/2023,JXN,MI,AGL,CE,Federal Contract Tower,0,1,2,0,3,0,0,1,0,1,0,1,3,0,4,0,0,0,4
05/02/2023,JXN,MI,AGL,CE,Federal Contract Tower,0,6,0,0,6,0,0,0,0,0,0,6,0,0,6,0,0,0,6
05/03/2023,JXN,MI,AGL,CE,Federal Contract Tower,0,0,13,0,13,0,0,18,0,18,0,0,31,0,31,46,0,46,77
05/04/2023,JXN,MI,AGL,CE,Federal Contract Tower,0,4,12,0,16,0,9,50,0,59,0,13,62,0,75,92,0,92,167
05/05/2023,JXN,MI,AGL,CE,Federal Contract Tower,0,5,36,0,41,0,11,83,0,94,0,16,119,0,135,60,0,60,195
05/06/2023,JXN,MI,AGL,CE,Federal Contract Tower,0,3,18,0,21,0,0,66,0,66,0,3,84,0,87,74,0,74,161
05/07/2023,JXN,MI,AGL,CE,Federal Contract Tower,0,5,19,0,24,0,0,40,0,40,0,5,59,0,64,36,0,36,100
05/08/2023,JXN,MI,AGL,CE,Federal Contract Tower,0,3,14,0,17,0,0,12,0,12,0,3,26,0,29,8,0,8,37
05/09/2023,JXN,MI,AGL,CE,Federal Contract Tower,0,2,12,0,14,0,24,46,0,70,0,26,58,0,84,68,0,68,152
05/10/2023,JXN,MI,AGL,CE,Federal Contract Tower,0,5,22,2,29,0,9,91,0,100,0,14,113,2,129,100,0,100,229
05/11/2023,JXN,MI,AGL,CE,Federal Contract Tower,0,5,22,0,27,0,17,84,0,101,0,22,106,0,128,164,0,164,292
05/12/2023,JXN,MI,AGL,CE,Federal Contract Tower,0,5,7,0,12,0,1,45,0,46,0,6,52,0,58,62,0,62,120
05/13/2023,JXN,MI,AGL,CE,Federal Contract Tower,0,2,14,0,16,0,5,42,0,47,0,7,56,0,63,54,0,54,117
05/14/2023,JXN,MI,AGL,CE,Federal Contract Tower,0,0,7,0,7,0,2,32,0,34,0,2,39,0,41,16,0,16,57
05/15/2023,JXN,MI,AGL,CE,Federal Contract Tower,0,2,12,0,14,0,4,60,0,64,0,6,72,0,78,118,0,118,196
05/16/2023,JXN,MI,AGL,CE,Federal Contract Tower,0,15,19,0,34,0,13,41,0,54,0,28,60,0,88,54,6,60,148
05/17/2023,JXN,MI,AGL,CE,Federal Contract Tower,0,4,17,0,21,0,6,50,0,56,0,10,67,0,77,82,0,82,159
05/18/2023,JXN,MI,AGL,CE,Federal Contract Tower,0,4,8,0,12,0,10,60,0,70,0,14,68,0,82,140,0,140,222
05/19/2023,JXN,MI,AGL,CE,Federal Contract Tower,0,5,18,0,23,0,0,35,0,35,0,5,53,0,58,24,0,24,82
05/20/2023,JXN,MI,AGL,CE,Federal Contract Tower,0,0,16,0,16,0,0,11,0,11,0,0,27,0,27,12,0,12,39
05/21/2023,JXN,MI,AGL,CE,Federal Contract Tower,0,0,16,0,16,0,0,71,0,71,0,0,87,0,87,68,0,68,155
05/22/2023,JXN,MI,AGL,CE,Federal Contract Tower,0,4,26,0,30,0,6,62,0,68,0,10,88,0,98,84,0,84,182
05/23/2023,JXN,MI,AGL,CE,Federal Contract Tower,0,2,22,0,24,0,2,64,0,66,0,4,86,0,90,76,0,76,166
05/24/2023,JXN,MI,AGL,CE,Federal Contract Tower,0,4,13,0,17,0,2,49,0,51,0,6,62,0,68,44,0,44,112
05/25/2023,JXN,MI,AGL,CE,Federal Contract Tower,0,4,8,0,12,0,8,57,0,65,0,12,65,0,77,40,0,40,117
05/26/2023,JXN,MI,AGL,CE,Federal Contract Tower,0,2,12,0,14,0,10,73,0,83,0,12,85,0,97,44,0,44,141
05/27/2023,JXN,MI,AGL,CE,Federal Contract Tower,0,3,11,0,14,0,1,65,0,66,0,4,76,0,80,48,0,48,128
05/28/2023,JXN,MI,AGL,CE,Federal Contract Tower,0,1,3,0,4,0,0,96,0,96,0,1,99,0,100,18,0,18,118
05/29/2023,JXN,MI,AGL,CE,Federal Contract Tower,0,3,8,0,11,0,0,50,0,50,0,3,58,0,61,26,0,26,87
05/30/2023,JXN,MI,AGL,CE,Federal Contract Tower,0,1,11,0,12,0,4,60,0,64,0,5,71,0,76,136,0,136,212
05/31/2023,JXN,MI,AGL,CE,Federal Contract Tower,0,6,9,0,15,0,6,51,0,57,0,12,60,0,72,92,0,92,164
06/01/2023,JXN,MI,AGL,CE,Federal Contract Tower,0,1,6,0,7,0,6,44,0,50,0,7,50,0,57,46,0,46,103
06/02/2023,JXN,MI,AGL,CE,Federal Contract Tower,0,4,13,0,17,0,0,41,0,41,0,4,54,0,58,26,0,26,84
06/03/2023,JXN,MI,AGL,CE,Federal Contract Tower,0,0,6,0,6,0,0,76,0,76,0,0,82,0,82,40,0,40,122
06/04/2023,JXN,MI,AGL,CE,Federal Contract Tower,0,10,11,0,21,0,6,59,0,65,0,16,70,0,86,36,0,36,122
06/05/2023,JXN,MI,AGL,CE,Federal Contract Tower,0,5,7,0,12,0,0,35,0,35,0,5,42,0,47,44,0,44,91
06/06/2023,JXN,MI,AGL,CE,Federal Contract Tower,0,6,24,0,30,0,0,38,0,38,0,6,62,0,68,48,0,48,116
06/07/2023,JXN,MI,AGL,CE,Federal Contract Tower,0,13,5,0,18,0,12,40,0,52,0,25,45,0,70,68,0,68,138
06/08/2023,JXN,MI,AGL,CE,Federal Contract Tower,0,15,22,0,37,0,24,54,0,78,0,39,76,0,115,84,0,84,199
06/09/2023,JXN,MI,AGL,CE,Federal Contract Tower,0,12,15,0,27,0,11,57,0,68,0,23,72,0,95,88,0,88,183
06/10/2023,JXN,MI,AGL,CE,Federal Contract Tower,0,3,10,0,13,0,2,68,0,70,0,5,78,0,83,54,0,54,137
06/11/2023,JXN,MI,AGL,CE,Federal Contract Tower,0,4,2,0,6,0,2,4,0,6,0,6,6,0,12,10,0,10,22
06/12/2023,JXN,MI,AGL,CE,Federal Contract Tower,0,10,9,0,19,0,10,9,0,19,0,20,18,0,38,20,0,20,58
06/13/2023,JXN,MI,AGL,CE,Federal Contract Tower,0,6,15,0,21,0,0,22,0,22,0,6,37,0,43,38,0,38,81
06/14/2023,JXN,MI,AGL,CE,Federal Contract Tower,0,2,32,0,34,0,6,53,0,59,0,8,85,0,93,58,0,58,151
06/15/2023,JXN,MI,AGL,CE,Federal Contract Tower,0,6,17,0,23,0,1,16,0,17,0,7,33,0,40,18,0,18,58
06/16/2023,JXN,MI,AGL,CE,Federal Contract Tower,0,4,16,0,20,0,4,14,0,18,0,8,30,0,38,16,0,16,54
06/17/2023,JXN,MI,AGL,CE,Federal Contract Tower,0,0,31,0,31,0,0,84,0,84,0,0,115,0,115,76,0,76,191
06/19/2023,JXN,MI,AGL,CE,Federal Contract Tower,0,9,6,0,15,0,16,50,0,66,0,25,56,0,81,78,0,78,159
06/20/2023,JXN,MI,AGL,CE,Federal Contract Tower,0,6,19,0,25,0,6,45,0,51,0,12,64,0,76,86,0,86,162
06/21/2023,JXN,MI,AGL,CE,Federal Contract Tower,0,7,7,0,14,0,12,45,0,57,0,19,52,0,71,54,0,54,125
06/22/2023,JXN,MI,AGL,CE,Federal Contract Tower,0,3,9,0,12,0,0,39,0,39,0,3,48,0,51,54,0,54,105
06/23/2023,JXN,MI,AGL,CE,Federal Contract Tower,0,1,9,1,11,0,0,1,0,1,0,1,10,1,12,0,0,0,12
06/24/2023,JXN,MI,AGL,CE,Federal Contract Tower,0,3,19,0,22,0,0,91,16,107,0,3,110,16,129,78,16,94,223
06/25/2023,JXN,MI,AGL,CE,Federal Contract Tower,0,2,3,1,6,0,0,15,0,15,0,2,18,1,21,4,0,4,25
06/26/2023,JXN,MI,AGL,CE,Federal Contract Tower,0,2,4,0,6,0,0,0,0,0,0,2,4,0,6,0,0,0,6
06/27/2023,JXN,MI,AGL,CE,Federal Contract Tower,0,1,19,0,20,0,0,1,0,1,0,1,20,0,21,10,0,10,31
06/28/2023,JXN,MI,AGL,CE,Federal Contract Tower,0,3,7,0,10,0,3,0,0,3,0,6,7,0,13,4,0,4,17
06/29/2023,JXN,MI,AGL,CE,Federal Contract Tower,0,6,11,0,17,0,0,8,0,8,0,6,19,0,25,16,0,16,41
06/30/2023,JXN,MI,AGL,CE,Federal Contract Tower,0,0,10,0,10,0,0,7,0,7,0,0,17,0,17,12,0,12,29
07/01/2023,JXN,MI,AGL,CE,Federal Contract Tower,0,0,3,0,3,0,0,7,0,7,0,0,10,0,10,0,0,0,10
07/02/2023,JXN,MI,AGL,CE,Federal Contract Tower,0,0,0,0,0,0,0,2,0,2,0,0,2,0,2,2,0,2,4
07/03/2023,JXN,MI,AGL,CE,Federal Contract Tower,0,2,11,0,13,0,0,26,0,26,0,2,37,0,39,28,0,28,67
07/04/2023,JXN,MI,AGL,CE,Federal Contract Tower,0,0,15,0,15,0,0,56,0,56,0,0,71,0,71,34,0,34,105
07/05/2023,JXN,MI,AGL,CE,Federal Contract Tower,0,6,37,0,43,0,8,87,0,95,0,14,124,0,138,90,0,90,228
07/06/2023,JXN,MI,AGL,CE,Federal Contract Tower,0,6,8,0,14,0,0,35,0,35,0,6,43,0,49,10,0,10,59
07/07/2023,JXN,MI,AGL,CE,Federal Contract Tower,0,9,14,0,23,0,17,55,0,72,0,26,69,0,95,50,0,50,145
07/08/2023,JXN,MI,AGL,CE,Federal Contract Tower,0,3,9,0,12,0,0,15,0,15,0,3,24,0,27,10,0,10,37
07/09/2023,JXN,MI,AGL,CE,Federal Contract Tower,0,3,13,0,16,0,0,70,0,70,0,3,83,0,86,40,0,40,126
07/10/2023,JXN,MI,AGL,CE,Federal Contract Tower,0,6,25,0,31,0,6,72,0,78,0,12,97,0,109,100,0,100,209
07/11/2023,JXN,MI,AGL,CE,Federal Contract Tower,0,0,21,0,21,0,1,43,0,44,0,1,64,0,65,60,0,60,125
07/12/2023,JXN,MI,AGL,CE,Federal Contract Tower,0,0,7,0,7,0,0,9,0,9,0,0,16,0,16,18,0,18,34
07/13/2023,JXN,MI,AGL,CE,Federal Contract Tower,0,5,9,2,16,0,6,21,2,29,0,11,30,4,45,64,0,64,109
07/14/2023,JXN,MI,AGL,CE,Federal Contract Tower,0,2,14,0,16,0,2,46,0,48,0,4,60,0,64,52,0,52,116
07/15/2023,JXN,MI,AGL,CE,Federal Contract Tower,0,3,4,0,7,0,0,17,0,17,0,3,21,0,24,18,0,18,42
07/16/2023,JXN,MI,AGL,CE,Federal Contract Tower,0,2,24,0,26,0,3,63,0,66,0,5,87,0,92,54,0,54,146
07/17/2023,JXN,MI,AGL,CE,Federal Contract Tower,0,14,22,0,36,0,24,48,0,72,0,38,70,0,108,54,0,54,162
07/18/2023,JXN,MI,AGL,CE,Federal Contract Tower,0,6,23,1,30,0,11,68,1,80,0,17,91,2,110,58,0,58,168
07/19/2023,JXN,MI,AGL,CE,Federal Contract Tower,0,4,31,0,35,0,4,68,0,72,0,8,99,0,107,84,0,84,191
07/20/2023,JXN,MI,AGL,CE,Federal Contract Tower,0,5,12,1,18,0,0,16,1,17,0,5,28,2,35,18,0,18,53
07/21/2023,JXN,MI,AGL,CE,Federal Contract Tower,0,7,22,4,33,0,2,47,4,53,0,9,69,8,86,46,0,46,132
07/22/2023,JXN,MI,AGL,CE,Federal Contract Tower,0,1,15,0,16,0,1,95,0,96,0,2,110,0,112,36,0,36,148
07/23/2023,JXN,MI,AGL,CE,Federal Contract Tower,0,2,7,0,9,0,0,36,0,36,0,2,43,0,45,22,0,22,67
07/24/2023,JXN,MI,AGL,CE,Federal Contract Tower,0,2,0,14,16,0,2,46,0,48,0,4,46,14,64,68,0,68,132
07/25/2023,JXN,MI,AGL,CE,Federal Contract Tower,0,13,15,0,28,0,16,22,2,40,0,29,37,2,68,68,0,68,136
07/26/2023,JXN,MI,AGL,CE,Federal Contract Tower,0,6,6,0,12,0,1,10,0,11,0,7,16,0,23,8,0,8,31
07/27/2023,JXN,MI,AGL,CE,Federal Contract Tower,0,3,14,0,17,0,4,36,0,40,0,7,50,0,57,76,0,76,133
07/29/2023,JXN,MI,AGL,CE,Federal Contract Tower,0,0,14,0,14,0,0,41,0,41,0,0,55,0,55,14,0,14,69
07/30/2023,JXN,MI,AGL,CE,Federal Contract Tower,0,2,16,0,18,0,3,87,0,90,0,5,103,0,108,86,0,86,194
08/01/2023,JXN,MI,AGL,CE,Federal Contract Tower,0,1,33,0,34,0,13,60,0,73,0,14,93,0,107,100,0,100,207
08/02/2023,JXN,MI,AGL,CE,Federal Contract Tower,0,8,35,0,43,0,6,48,0,54,0,14,83,0,97,76,0,76,173
08/03/2023,JXN,MI,AGL,CE,Federal Contract Tower,0,3,30,2,35,0,7,62,2,71,0,10,92,4,106,90,0,90,196
08/04/2023,JXN,MI,AGL,CE,Federal Contract Tower,0,8,19,0,27,0,1,59,0,60,0,9,78,0,87,50,0,50,137
08/05/2023,JXN,MI,AGL,CE,Federal Contract Tower,0,10,23,2,35,0,3,104,2,109,0,13,127,4,144,128,2,130,274
08/06/2023,JXN,MI,AGL,CE,Federal Contract Tower,0,6,10,0,16,0,0,0,0,0,0,6,10,0,16,0,0,0,16
08/07/2023,JXN,MI,AGL,CE,Federal Contract Tower,0,5,6,0,11,0,0,6,0,6,0,5,12,0,17,6,0,6,23
08/08/2023,JXN,MI,AGL,CE,Federal Contract Tower,0,6,25,0,31,0,4,46,0,50,0,10,71,0,81,76,0,76,157
08/09/2023,JXN,MI,AGL,CE,Federal Contract Tower,0,8,37,0,45,0,6,65,0,71,0,14,102,0,116,54,0,54,170
08/10/2023,JXN,MI,AGL,CE,Federal Contract Tower,0,5,9,0,14,0,5,21,0,26,0,10,30,0,40,34,0,34,74
08/11/2023,JXN,MI,AGL,CE,Federal Contract Tower,0,5,5,0,10,0,0,36,0,36,0,5,41,0,46,40,0,40,86
08/12/2023,JXN,MI,AGL,CE,Federal Contract Tower,0,4,10,0,14,0,0,43,0,43,0,4,53,0,57,12,0,12,69
08/13/2023,JXN,MI,AGL,CE,Federal Contract Tower,0,0,20,0,20,0,0,66,0,66,0,0,86,0,86,38,0,38,124
08/14/2023,JXN,MI,AGL,CE,Federal Contract Tower,0,9,8,0,17,0,4,18,2,24,0,13,26,2,41,10,0,10,51
08/16/2023,JXN,MI,AGL,CE,Federal Contract Tower,0,14,28,0,42,0,4,100,0,104,0,18,128,0,146,106,0,106,252
08/17/2023,JXN,MI,AGL,CE,Federal Contract Tower,0,4,1,0,5,0,0,5,0,5,0,4,6,0,10,0,0,0,10
08/18/2023,JXN,MI,AGL,CE,Federal Contract Tower,0,4,30,4,38,0,0,51,4,55,0,4,81,8,93,42,2,44,137
08/19/2023,JXN,MI,AGL,CE,Federal Contract Tower,0,0,12,0,12,0,2,110,0,112,0,2,122,0,124,74,0,74,198
08/20/2023,JXN,MI,AGL,CE,Federal Contract Tower,0,3,11,0,14,0,0,61,0,61,0,3,72,0,75,33,0,33,108
08/21/2023,JXN,MI,AGL,CE,Federal Contract Tower,0,0,20,0,20,0,4,48,0,52,0,4,68,0,72,28,0,28,100
08/22/2023,JXN,MI,AGL,CE,Federal Contract Tower,0,2,16,1,19,0,4,36,1,41,0,6,52,2,60,68,0,68,128
08/23/2023,JXN,MI,AGL,CE,Federal Contract Tower,0,7,21,0,28,0,3,44,0,47,0,10,65,0,75,38,0,38,113
08/24/2023,JXN,MI,AGL,CE,Federal Contract Tower,0,0,5,2,7,0,0,9,0,9,0,0,14,2,16,16,2,18,34
08/25/2023,JXN,MI,AGL,CE,Federal Contract Tower,0,7,15,0,22,0,0,19,0,19,0,7,34,0,41,22,0,22,63
08/26/2023,JXN,MI,AGL,CE,Federal Contract Tower,0,0,13,0,13,0,0,37,0,37,0,0,50,0,50,16,0,16,66
08/27/2023,JXN,MI,AGL,CE,Federal Contract Tower,0,1,20,4,25,0,0,101,4,105,0,1,121,8,130,38,2,40,170
08/28/2023,JXN,MI,AGL,CE,Federal Contract Tower,0,5,4,0,9,0,0,46,0,46,0,5,50,0,55,76,0,76,131
08/29/2023,JXN,MI,AGL,CE,Federal Contract Tower,0,3,7,2,12,0,2,24,0,26,0,5,31,2,38,56,0,56,94
08/30/2023,JXN,MI,AGL,CE,Federal Contract Tower,0,3,23,0,26,0,4,45,4,53,0,7,68,4,79,82,2,84,163
08/31/2023,JXN,MI,AGL,CE,Federal Contract Tower,0,3,26,0,29,0,0,87,0,87,0,3,113,0,116,82,0,82,198
01/01/2020,JXN,MI,AGL,CE,Federal Contract Tower,0,0,4,0,4,0,0,63,3,66,0,0,67,3,70,80,6,86,156
01/02/2020,JXN,MI,AGL,CE,Federal Contract Tower,0,8,7,0,15,0,0,46,0,46,0,8,53,0,61,22,0,22,83
01/03/2020,JXN,MI,AGL,CE,Federal Contract Tower,0,1,4,0,5,0,0,13,0,13,0,1,17,0,18,8,0,8,26
01/04/2020,JXN,MI,AGL,CE,Federal Contract Tower,0,0,0,0,0,0,0,14,0,14,0,0,14,0,14,0,0,0,14
01/05/2020,JXN,MI,AGL,CE,Federal Contract Tower,0,1,3,0,4,0,0,69,0,69,0,1,72,0,73,74,0,74,147
01/06/2020,JXN,MI,AGL,CE,Federal Contract Tower,0,0,9,0,9,0,0,38,0,38,0,0,47,0,47,32,0,32,79
01/07/2020,JXN,MI,AGL,CE,Federal Contract Tower,0,2,6,0,8,0,3,59,2,64,0,5,65,2,72,70,0,70,142
01/08/2020,JXN,MI,AGL,CE,Federal Contract Tower,0,2,9,0,11,0,0,29,0,29,0,2,38,0,40,38,0,38,78
01/09/2020,JXN,MI,AGL,CE,Federal Contract Tower,0,1,10,0,11,0,1,40,0,41,0,2,50,0,52,50,0,50,102
01/10/2020,JXN,MI,AGL,CE,Federal Contract Tower,0,2,0,0,2,0,0,0,0,0,0,2,0,0,2,0,0,0,2
01/11/2020,JXN,MI,AGL,CE,Federal Contract Tower,0,1,0,0,1,0,0,0,0,0,0,1,0,0,1,0,0,0,1
01/12/2020,JXN,MI,AGL,CE,Federal Contract Tower,0,1,7,0,8,0,0,6,8,14,0,1,13,8,22,22,0,22,44
01/13/2020,JXN,MI,AGL,CE,Federal Contract Tower,0,0,0,0,0,0,1,0,0,1,0,1,0,0,1,0,0,0,1
01/14/2020,JXN,MI,AGL,CE,Federal Contract Tower,0,3,4,0,7,0,2,9,2,13,0,5,13,2,20,16,2,18,38
01/15/2020,JXN,MI,AGL,CE,Federal Contract Tower,0,0,7,0,7,0,0,16,0,16,0,0,23,0,23,6,0,6,29
01/16/2020,JXN,MI,AGL,CE,Federal Contract Tower,0,0,0,0,0,0,4,19,2,25,0,4,19,2,25,16,0,16,41
01/17/2020,JXN,MI,AGL,CE,Federal Contract Tower,0,0,11,0,11,0,0,48,0,48,0,0,59,0,59,78,0,78,137
01/18/2020,JXN,MI,AGL,CE,Federal Contract Tower,0,0,0,0,0,0,0,0,0,0,0,0,0,0,0,0,0,0,0
01/19/2020,JXN,MI,AGL,CE,Federal Contract Tower,0,0,0,0,0,0,0,3,0,3,0,0,3,0,3,10,0,10,13
01/20/2020,JXN,MI,AGL,CE,Federal Contract Tower,0,1,12,0,13,0,0,51,0,51,0,1,63,0,64,18,0,18,82
01/21/2020,JXN,MI,AGL,CE,Federal Contract Tower,0,8,18,0,26,0,1,54,1,56,0,9,72,1,82,64,0,64,146
01/22/2020,JXN,MI,AGL,CE,Federal Contract Tower,0,3,24,0,27,0,0,88,0,88,0,3,112,0,115,60,0,60,175
01/23/2020,JXN,MI,AGL,CE,Federal Contract Tower,0,2,8,2,12,0,0,46,10,56,0,2,54,12,68,82,0,82,150
01/24/2020,JXN,MI,AGL,CE,Federal Contract Tower,0,1,0,0,1,0,0,0,0,0,0,1,0,0,1,0,0,0,1
01/25/2020,JXN,MI,AGL,CE,Federal Contract Tower,0,0,0,0,0,0,0,1,0,1,0,0,1,0,1,0,0,0,1
01/26/2020,JXN,MI,AGL,CE,Federal Contract Tower,0,3,1,0,4,0,0,0,0,0,0,3,1,0,4,0,0,0,4
01/27/2020,JXN,MI,AGL,CE,Federal Contract Tower,0,1,0,0,1,0,2,17,0,19,0,3,17,0,20,20,0,20,40
01/28/2020,JXN,MI,AGL,CE,Federal Contract Tower,0,2,1,0,3,0,1,15,1,17,0,3,16,1,20,4,8,12,32
01/29/2020,JXN,MI,AGL,CE,Federal Contract Tower,0,1,0,0,1,0,0,21,0,21,0,1,21,0,22,58,0,58,80
01/31/2020,JXN,MI,AGL,CE,Federal Contract Tower,0,0,4,0,4,0,0,2,0,2,0,0,6,0,6,2,0,2,8
02/01/2020,JXN,MI,AGL,CE,Federal Contract Tower,0,1,2,0,3,0,0,0,0,0,0,1,2,0,3,2,0,2,5
02/02/2020,JXN,MI,AGL,CE,Federal Contract Tower,0,0,6,0,6,0,0,14,0,14,0,0,20,0,20,12,0,12,32
02/03/2020,JXN,MI,AGL,CE,Federal Contract Tower,0,0,17,0,17,0,1,81,2,84,0,1,98,2,101,68,4,72,173
02/04/2020,JXN,MI,AGL,CE,Federal Contract Tower,0,2,10,0,12,0,1,25,0,26,0,3,35,0,38,52,0,52,90
02/05/2020,JXN,MI,AGL,CE,Federal Contract Tower,0,2,14,0,16,0,0,39,0,39,0,2,53,0,55,56,0,56,111
02/06/2020,JXN,MI,AGL,CE,Federal Contract Tower,0,0,2,0,2,0,0,1,0,1,0,0,3,0,3,4,0,4,7
02/07/2020,JXN,MI,AGL,CE,Federal Contract Tower,0,1,5,0,6,0,1,21,0,22,0,2,26,0,28,24,0,24,52
02/08/2020,JXN,MI,AGL,CE,Federal Contract Tower,0,1,4,0,5,0,0,31,0,31,0,1,35,0,36,26,0,26,62
02/09/2020,JXN,MI,AGL,CE,Federal Contract Tower,0,1,0,2,3,0,0,6,2,8,0,1,6,4,11,12,0,12,23
02/10/2020,JXN,MI,AGL,CE,Federal Contract Tower,0,2,5,0,7,0,2,9,2,13,0,4,14,2,20,18,2,20,40
02/11/2020,JXN,MI,AGL,CE,Federal Contract Tower,0,5,22,0,27,0,0,62,0,62,0,5,84,0,89,72,0,72,161
02/12/2020,JXN,MI,AGL,CE,Federal Contract Tower,0,4,7,0,11,0,0,43,0,43,0,4,50,0,54,52,0,52,106
02/13/2020,JXN,MI,AGL,CE,Federal Contract Tower,0,2,2,0,4,0,0,0,0,0,0,2,2,0,4,0,0,0,4
02/14/2020,JXN,MI,AGL,CE,Federal Contract Tower,0,1,27,0,28,0,0,53,0,53,0,1,80,0,81,72,0,72,153
02/15/2020,JXN,MI,AGL,CE,Federal Contract Tower,0,3,2,0,5,0,0,26,0,26,0,3,28,0,31,10,0,10,41
02/16/2020,JXN,MI,AGL,CE,Federal Contract Tower,0,2,13,0,15,0,0,63,0,63,0,2,76,0,78,68,0,68,146
02/17/2020,JXN,MI,AGL,CE,Federal Contract Tower,0,2,12,0,14,0,0,37,0,37,0,2,49,0,51,46,0,46,97
02/18/2020,JXN,MI,AGL,CE,Federal Contract Tower,0,5,5,0,10,0,0,16,0,16,0,5,21,0,26,14,0,14,40
02/19/2020,JXN,MI,AGL,CE,Federal Contract Tower,0,1,20,0,21,0,0,59,0,59,0,1,79,0,80,62,0,62,142
02/20/2020,JXN,MI,AGL,CE,Federal Contract Tower,0,3,26,0,29,0,3,44,0,47,0,6,70,0,76,54,0,54,130
02/21/2020,JXN,MI,AGL,CE,Federal Contract Tower,0,3,8,0,11,0,0,65,0,65,0,3,73,0,76,102,0,102,178
02/22/2020,JXN,MI,AGL,CE,Federal Contract Tower,0,2,18,0,20,0,0,76,0,76,0,2,94,0,96,82,0,82,178
02/23/2020,JXN,MI,AGL,CE,Federal Contract Tower,0,7,21,0,28,0,0,105,0,105,0,7,126,0,133,98,0,98,231
02/24/2020,JXN,MI,AGL,CE,Federal Contract Tower,0,1,4,0,5,0,0,35,0,35,0,1,39,0,40,70,0,70,110
02/25/2020,JXN,MI,AGL,CE,Federal Contract Tower,0,3,0,0,3,0,0,0,0,0,0,3,0,0,3,0,0,0,3
02/26/2020,JXN,MI,AGL,CE,Federal Contract Tower,0,0,2,0,2,0,0,2,0,2,0,0,4,0,4,2,0,2,6
02/27/2020,JXN,MI,AGL,CE,Federal Contract Tower,0,1,6,0,7,0,0,0,0,0,0,1,6,0,7,2,0,2,9
02/28/2020,JXN,MI,AGL,CE,Federal Contract Tower,0,0,6,0,6,0,0,18,0,18,0,0,24,0,24,20,0,20,44
02/29/2020,JXN,MI,AGL,CE,Federal Contract Tower,0,3,34,0,37,0,0,121,0,121,0,3,155,0,158,68,0,68,226
03/01/2020,JXN,MI,AGL,CE,Federal Contract Tower,0,0,7,0,7,0,0,72,0,72,0,0,79,0,79,100,0,100,179
03/02/2020,JXN,MI,AGL,CE,Federal Contract Tower,0,0,15,0,15,0,0,38,4,42,0,0,53,4,57,78,8,86,143
03/03/2020,JXN,MI,AGL,CE,Federal Contract Tower,0,2,18,0,20,0,1,32,4,37,0,3,50,4,57,22,4,26,83
03/04/2020,JXN,MI,AGL,CE,Federal Contract Tower,0,5,10,0,15,0,0,28,2,30,0,5,38,2,45,16,0,16,61
03/05/2020,JXN,MI,AGL,CE,Federal Contract Tower,0,2,10,0,12,0,1,44,0,45,0,3,54,0,57,68,0,68,125
03/06/2020,JXN,MI,AGL,CE,Federal Contract Tower,0,2,0,0,2,0,0,4,0,4,0,2,4,0,6,0,0,0,6
03/07/2020,JXN,MI,AGL,CE,Federal Contract Tower,0,0,33,0,33,0,0,146,0,146,0,0,179,0,179,144,0,144,323
03/08/2020,JXN,MI,AGL,CE,Federal Contract Tower,0,1,12,1,14,0,0,57,6,63,0,1,69,7,77,50,0,50,127
03/09/2020,JXN,MI,AGL,CE,Federal Contract Tower,0,2,10,0,12,0,0,14,0,14,0,2,24,0,26,12,0,12,38
03/10/2020,JXN,MI,AGL,CE,Federal Contract Tower,0,8,2,0,10,0,0,16,0,16,0,8,18,0,26,30,0,30,56
03/11/2020,JXN,MI,AGL,CE,Federal Contract Tower,0,0,4,0,4,0,0,1,0,1,0,0,5,0,5,0,0,0,5
03/12/2020,JXN,MI,AGL,CE,Federal Contract Tower,0,4,7,2,13,0,4,21,2,27,0,8,28,4,40,38,0,38,78
03/13/2020,JXN,MI,AGL,CE,Federal Contract Tower,0,0,2,0,2,0,0,8,0,8,0,0,10,0,10,0,0,0,10
03/14/2020,JXN,MI,AGL,CE,Federal Contract Tower,0,0,15,0,15,0,0,82,0,82,0,0,97,0,97,96,0,96,193
03/15/2020,JXN,MI,AGL,CE,Federal Contract Tower,0,1,10,0,11,0,2,115,0,117,0,3,125,0,128,52,0,52,180
03/16/2020,JXN,MI,AGL,CE,Federal Contract Tower,0,3,7,0,10,0,0,32,0,32,0,3,39,0,42,58,0,58,100
03/17/2020,JXN,MI,AGL,CE,Federal Contract Tower,0,0,8,0,8,0,0,19,0,19,0,0,27,0,27,22,0,22,49
03/18/2020,JXN,MI,AGL,CE,Federal Contract Tower,0,0,16,0,16,0,0,15,0,15,0,0,31,0,31,20,0,20,51
03/19/2020,JXN,MI,AGL,CE,Federal Contract Tower,0,0,8,0,8,0,0,0,0,0,0,0,8,0,8,2,0,2,10
03/20/2020,JXN,MI,AGL,CE,Federal Contract Tower,0,2,2,0,4,0,0,3,0,3,0,2,5,0,7,2,0,2,9
03/21/2020,JXN,MI,AGL,CE,Federal Contract Tower,0,3,12,0,15,0,1,45,0,46,0,4,57,0,61,64,0,64,125
03/22/2020,JXN,MI,AGL,CE,Federal Contract Tower,0,0,3,0,3,0,0,27,0,27,0,0,30,0,30,12,0,12,42
03/23/2020,JXN,MI,AGL,CE,Federal Contract Tower,0,1,0,0,1,0,0,0,0,0,0,1,0,0,1,0,0,0,1
03/24/2020,JXN,MI,AGL,CE,Federal Contract Tower,0,0,2,0,2,0,0,6,0,6,0,0,8,0,8,0,2,2,10
03/25/2020,JXN,MI,AGL,CE,Federal Contract Tower,0,0,12,0,12,0,0,43,0,43,0,0,55,0,55,56,0,56,111
03/26/2020,JXN,MI,AGL,CE,Federal Contract Tower,0,2,1,0,3,0,1,2,2,5,0,3,3,2,8,2,2,4,12
03/27/2020,JXN,MI,AGL,CE,Federal Contract Tower,0,3,3,0,6,0,0,20,0,20,0,3,23,0,26,36,0,36,62
03/28/2020,JXN,MI,AGL,CE,Federal Contract Tower,0,0,2,0,2,0,0,0,0,0,0,0,2,0,2,0,0,0,2
03/29/2020,JXN,MI,AGL,CE,Federal Contract Tower,0,2,3,0,5,0,0,1,0,1,0,2,4,0,6,0,0,0,6
03/30/2020,JXN,MI,AGL,CE,Federal Contract Tower,0,0,0,0,0,0,0,0,0,0,0,0,0,0,0,0,0,0,0
04/01/2020,JXN,MI,AGL,CE,Federal Contract Tower,0,0,0,0,0,0,0,1,0,1,0,0,1,0,1,0,0,0,1
04/02/2020,JXN,MI,AGL,CE,Federal Contract Tower,0,1,7,0,8,0,3,35,0,38,0,4,42,0,46,72,0,72,118
04/03/2020,JXN,MI,AGL,CE,Federal Contract Tower,0,0,11,0,11,0,1,47,2,50,0,1,58,2,61,36,2,38,99
04/04/2020,JXN,MI,AGL,CE,Federal Contract Tower,0,0,0,2,2,0,0,10,0,10,0,0,10,2,12,8,2,10,22
04/05/2020,JXN,MI,AGL,CE,Federal Contract Tower,0,0,3,0,3,0,0,30,0,30,0,0,33,0,33,40,0,40,73
04/06/2020,JXN,MI,AGL,CE,Federal Contract Tower,0,0,0,0,0,0,0,11,0,11,0,0,11,0,11,0,0,0,11
04/07/2020,JXN,MI,AGL,CE,Federal Contract Tower,0,0,2,0,2,0,0,4,0,4,0,0,6,0,6,10,0,10,16
04/08/2020,JXN,MI,AGL,CE,Federal Contract Tower,0,0,4,0,4,0,0,30,0,30,0,0,34,0,34,42,0,42,76
04/09/2020,JXN,MI,AGL,CE,Federal Contract Tower,0,0,1,0,1,0,0,0,0,0,0,0,1,0,1,0,0,0,1
04/10/2020,JXN,MI,AGL,CE,Federal Contract Tower,0,2,3,0,5,0,0,5,0,5,0,2,8,0,10,0,0,0,10
04/11/2020,JXN,MI,AGL,CE,Federal Contract Tower,0,0,3,0,3,0,0,22,0,22,0,0,25,0,25,12,0,12,37
04/12/2020,JXN,MI,AGL,CE,Federal Contract Tower,0,0,0,0,0,0,0,14,0,14,0,0,14,0,14,18,0,18,32
04/13/2020,JXN,MI,AGL,CE,Federal Contract Tower,0,0,0,0,0,0,0,0,0,0,0,0,0,0,0,0,0,0,0
04/14/2020,JXN,MI,AGL,CE,Federal Contract Tower,0,0,8,0,8,0,0,6,0,6,0,0,14,0,14,0,0,0,14
04/15/2020,JXN,MI,AGL,CE,Federal Contract Tower,0,0,0,0,0,0,0,0,0,0,0,0,0,0,0,0,0,0,0
04/16/2020,JXN,MI,AGL,CE,Federal Contract Tower,0,0,0,0,0,0,0,26,0,26,0,0,26,0,26,46,0,46,72
04/17/2020,JXN,MI,AGL,CE,Federal Contract Tower,0,0,1,0,1,0,0,0,0,0,0,0,1,0,1,0,0,0,1
04/18/2020,JXN,MI,AGL,CE,Federal Contract Tower,0,2,5,0,7,0,0,26,0,26,0,2,31,0,33,22,0,22,55
04/19/2020,JXN,MI,AGL,CE,Federal Contract Tower,0,0,3,0,3,0,0,24,0,24,0,0,27,0,27,2,0,2,29
04/20/2020,JXN,MI,AGL,CE,Federal Contract Tower,0,3,5,0,8,0,0,27,0,27,0,3,32,0,35,8,0,8,43
04/21/2020,JXN,MI,AGL,CE,Federal Contract Tower,0,1,0,0,1,0,0,2,0,2,0,1,2,0,3,0,0,0,3
04/22/2020,JXN,MI,AGL,CE,Federal Contract Tower,0,1,2,0,3,0,1,5,0,6,0,2,7,0,9,2,0,2,11
04/23/2020,JXN,MI,AGL,CE,Federal Contract Tower,0,2,4,0,6,0,0,6,0,6,0,2,10,0,12,2,0,2,14
04/24/2020,JXN,MI,AGL,CE,Federal Contract Tower,0,0,0,0,0,0,1,0,0,1,0,1,0,0,1,66,0,66,67
04/25/2020,JXN,MI,AGL,CE,Federal Contract Tower,0,0,6,0,6,0,0,15,0,15,0,0,21,0,21,14,0,14,35
04/26/2020,JXN,MI,AGL,CE,Federal Contract Tower,0,1,1,0,2,0,0,7,0,7,0,1,8,0,9,2,0,2,11
04/27/2020,JXN,MI,AGL,CE,Federal Contract Tower,0,0,10,0,10,0,1,18,0,19,0,1,28,0,29,16,0,16,45
04/28/2020,JXN,MI,AGL,CE,Federal Contract Tower,1,0,11,0,12,0,0,13,0,13,1,0,24,0,25,20,0,20,45
04/29/2020,JXN,MI,AGL,CE,Federal Contract Tower,0,1,0,0,1,0,0,3,0,3,0,1,3,0,4,2,0,2,6
04/30/2020,JXN,MI,AGL,CE,Federal Contract Tower,0,2,1,0,3,0,2,1,0,3,0,4,2,0,6,2,0,2,8
05/01/2020,JXN,MI,AGL,CE,Federal Contract Tower,0,1,1,0,2,0,1,36,0,37,0,2,37,0,39,48,0,48,87
05/02/2020,JXN,MI,AGL,CE,Federal Contract Tower,0,0,0,0,0,0,0,7,0,7,0,0,7,0,7,4,0,4,11
05/03/2020,JXN,MI,AGL,CE,Federal Contract Tower,0,0,3,0,3,0,0,22,0,22,0,0,25,0,25,14,0,14,39
05/04/2020,JXN,MI,AGL,CE,Federal Contract Tower,0,0,12,0,12,0,0,20,0,20,0,0,32,0,32,40,0,40,72
05/05/2020,JXN,MI,AGL,CE,Federal Contract Tower,0,2,0,0,2,0,0,4,0,4,0,2,4,0,6,0,0,0,6
05/06/2020,JXN,MI,AGL,CE,Federal Contract Tower,0,2,8,0,10,0,0,19,0,19,0,2,27,0,29,20,0,20,49
05/07/2020,JXN,MI,AGL,CE,Federal Contract Tower,0,1,0,0,1,0,1,5,2,8,0,2,5,2,9,0,2,2,11
05/08/2020,JXN,MI,AGL,CE,Federal Contract Tower,0,0,2,0,2,0,0,8,0,8,0,0,10,0,10,12,0,12,22
05/09/2020,JXN,MI,AGL,CE,Federal Contract Tower,0,0,2,0,2,0,0,13,0,13,0,0,15,0,15,0,0,0,15
05/10/2020,JXN,MI,AGL,CE,Federal Contract Tower,0,0,0,0,0,0,0,0,0,0,0,0,0,0,0,0,0,0,0
05/11/2020,JXN,MI,AGL,CE,Federal Contract Tower,0,2,0,0,2,0,0,6,0,6,0,2,6,0,8,4,0,4,12
05/12/2020,JXN,MI,AGL,CE,Federal Contract Tower,0,0,4,0,4,0,0,14,0,14,0,0,18,0,18,2,0,2,20
05/13/2020,JXN,MI,AGL,CE,Federal Contract Tower,0,0,18,0,18,0,0,63,0,63,0,0,81,0,81,42,0,42,123
05/14/2020,JXN,MI,AGL,CE,Federal Contract Tower,0,2,4,0,6,0,0,0,0,0,0,2,4,0,6,0,0,0,6
05/15/2020,JXN,MI,AGL,CE,Federal Contract Tower,0,3,8,0,11,0,0,6,0,6,0,3,14,0,17,20,0,20,37
05/16/2020,JXN,MI,AGL,CE,Federal Contract Tower,0,0,13,0,13,0,0,17,0,17,0,0,30,0,30,10,0,10,40
05/17/2020,JXN,MI,AGL,CE,Federal Contract Tower,0,0,1,0,1,0,0,1,0,1,0,0,2,0,2,0,0,0,2
05/18/2020,JXN,MI,AGL,CE,Federal Contract Tower,0,0,2,0,2,0,0,0,0,0,0,0,2,0,2,0,0,0,2
05/19/2020,JXN,MI,AGL,CE,Federal Contract Tower,0,1,6,0,7,0,0,6,0,6,0,1,12,0,13,6,0,6,19
05/20/2020,JXN,MI,AGL,CE,Federal Contract Tower,0,1,15,0,16,0,0,33,0,33,0,1,48,0,49,10,0,10,59
05/21/2020,JXN,MI,AGL,CE,Federal Contract Tower,0,4,3,0,7,0,0,29,0,29,0,4,32,0,36,0,0,0,36
05/22/2020,JXN,MI,AGL,CE,Federal Contract Tower,0,3,5,0,8,0,0,12,0,12,0,3,17,0,20,16,0,16,36
05/23/2020,JXN,MI,AGL,CE,Federal Contract Tower,0,0,20,0,20,0,0,29,0,29,0,0,49,0,49,24,0,24,73
05/24/2020,JXN,MI,AGL,CE,Federal Contract Tower,0,0,6,0,6,0,0,25,0,25,0,0,31,0,31,26,0,26,57
05/25/2020,JXN,MI,AGL,CE,Federal Contract Tower,0,0,5,0,5,0,0,17,0,17,0,0,22,0,22,9,0,9,31
05/26/2020,JXN,MI,AGL,CE,Federal Contract Tower,0,0,13,0,13,0,0,39,0,39,0,0,52,0,52,40,0,40,92
05/27/2020,JXN,MI,AGL,CE,Federal Contract Tower,0,2,9,0,11,0,0,13,0,13,0,2,22,0,24,22,0,22,46
05/28/2020,JXN,MI,AGL,CE,Federal Contract Tower,0,0,5,0,5,0,0,3,0,3,0,0,8,0,8,4,0,4,12
05/29/2020,JXN,MI,AGL,CE,Federal Contract Tower,0,1,6,0,7,0,0,5,0,5,0,1,11,0,12,14,0,14,26
05/30/2020,JXN,MI,AGL,CE,Federal Contract Tower,0,0,12,0,12,0,0,31,0,31,0,0,43,0,43,38,0,38,81
05/31/2020,JXN,MI,AGL,CE,Federal Contract Tower,0,0,18,0,18,0,0,53,0,53,0,0,71,0,71,104,0,104,175
06/01/2020,JXN,MI,AGL,CE,Federal Contract Tower,0,2,3,0,5,0,0,28,0,28,0,2,31,0,33,12,0,12,45
06/02/2020,JXN,MI,AGL,CE,Federal Contract Tower,0,0,4,0,4,0,0,13,0,13,0,0,17,0,17,4,0,4,21
06/03/2020,JXN,MI,AGL,CE,Federal Contract Tower,0,1,13,0,14,0,0,26,0,26,0,1,39,0,40,42,0,42,82
06/04/2020,JXN,MI,AGL,CE,Federal Contract Tower,0,1,7,0,8,0,0,31,0,31,0,1,38,0,39,6,0,6,45
06/05/2020,JXN,MI,AGL,CE,Federal Contract Tower,0,0,1,0,1,0,0,26,0,26,0,0,27,0,27,80,0,80,107
06/06/2020,JXN,MI,AGL,CE,Federal Contract Tower,0,0,13,0,13,0,0,38,0,38,0,0,51,0,51,30,0,30,81
06/07/2020,JXN,MI,AGL,CE,Federal Contract Tower,0,1,2,0,3,0,0,31,0,31,0,1,33,0,34,6,0,6,40
06/08/2020,JXN,MI,AGL,CE,Federal Contract Tower,0,0,10,0,10,0,0,36,0,36,0,0,46,0,46,42,0,42,88
06/09/2020,JXN,MI,AGL,CE,Federal Contract Tower,0,0,4,0,4,0,0,27,0,27,0,0,31,0,31,16,0,16,47
06/10/2020,JXN,MI,AGL,CE,Federal Contract Tower,0,0,0,0,0,0,0,2,0,2,0,0,2,0,2,0,0,0,2
06/11/2020,JXN,MI,AGL,CE,Federal Contract Tower,0,0,4,0,4,0,0,41,0,41,0,0,45,0,45,24,0,24,69
06/12/2020,JXN,MI,AGL,CE,Federal Contract Tower,0,3,13,0,16,0,0,60,0,60,0,3,73,0,76,72,0,72,148
06/13/2020,JXN,MI,AGL,CE,Federal Contract Tower,0,0,4,0,4,0,0,59,2,61,0,0,63,2,65,46,2,48,113
06/14/2020,JXN,MI,AGL,CE,Federal Contract Tower,0,0,24,0,24,0,1,76,0,77,0,1,100,0,101,58,0,58,159
06/15/2020,JXN,MI,AGL,CE,Federal Contract Tower,0,0,11,0,11,0,0,50,0,50,0,0,61,0,61,24,0,24,85
06/16/2020,JXN,MI,AGL,CE,Federal Contract Tower,0,1,16,0,17,0,0,64,0,64,0,1,80,0,81,46,0,46,127
06/17/2020,JXN,MI,AGL,CE,Federal Contract Tower,0,2,12,0,14,0,0,43,0,43,0,2,55,0,57,46,0,46,103
06/18/2020,JXN,MI,AGL,CE,Federal Contract Tower,0,2,24,0,26,0,0,45,0,45,0,2,69,0,71,84,0,84,155
06/19/2020,JXN,MI,AGL,CE,Federal Contract Tower,0,0,7,0,7,0,1,69,0,70,0,1,76,0,77,46,0,46,123
06/20/2020,JXN,MI,AGL,CE,Federal Contract Tower,0,1,14,0,15,0,1,75,0,76,0,2,89,0,91,22,0,22,113
06/21/2020,JXN,MI,AGL,CE,Federal Contract Tower,0,0,18,0,18,0,0,15,0,15,0,0,33,0,33,12,0,12,45
06/22/2020,JXN,MI,AGL,CE,Federal Contract Tower,0,0,7,0,7,0,0,27,0,27,0,0,34,0,34,12,0,12,46
06/23/2020,JXN,MI,AGL,CE,Federal Contract Tower,0,8,6,0,14,0,0,9,0,9,0,8,15,0,23,8,0,8,31
06/24/2020,JXN,MI,AGL,CE,Federal Contract Tower,0,3,19,0,22,0,0,40,0,40,0,3,59,0,62,54,0,54,116
06/25/2020,JXN,MI,AGL,CE,Federal Contract Tower,0,0,23,0,23,0,0,62,0,62,0,0,85,0,85,42,0,42,127
06/26/2020,JXN,MI,AGL,CE,Federal Contract Tower,0,1,23,0,24,0,0,39,0,39,0,1,62,0,63,48,0,48,111
06/27/2020,JXN,MI,AGL,CE,Federal Contract Tower,0,0,9,0,9,0,0,31,0,31,0,0,40,0,40,8,0,8,48
06/28/2020,JXN,MI,AGL,CE,Federal Contract Tower,0,0,21,0,21,0,0,84,0,84,0,0,105,0,105,82,0,82,187
06/29/2020,JXN,MI,AGL,CE,Federal Contract Tower,0,2,18,0,20,0,0,46,0,46,0,2,64,0,66,32,0,32,98
06/30/2020,JXN,MI,AGL,CE,Federal Contract Tower,0,2,26,0,28,0,0,54,0,54,0,2,80,0,82,98,0,98,180
07/01/2020,JXN,MI,AGL,CE,Federal Contract Tower,0,0,18,2,20,0,0,65,0,65,0,0,83,2,85,22,0,22,107
07/02/2020,JXN,MI,AGL,CE,Federal Contract Tower,0,1,14,0,15,0,1,62,0,63,0,2,76,0,78,54,0,54,132
07/03/2020,JXN,MI,AGL,CE,Federal Contract Tower,0,0,12,0,12,0,1,56,0,57,0,1,68,0,69,26,0,26,95
07/04/2020,JXN,MI,AGL,CE,Federal Contract Tower,0,0,8,0,8,0,0,40,0,40,0,0,48,0,48,36,0,36,84
07/05/2020,JXN,MI,AGL,CE,Federal Contract Tower,0,3,15,0,18,0,0,48,0,48,0,3,63,0,66,60,0,60,126
07/06/2020,JXN,MI,AGL,CE,Federal Contract Tower,0,0,16,0,16,0,0,37,0,37,0,0,53,0,53,12,0,12,65
07/07/2020,JXN,MI,AGL,CE,Federal Contract Tower,0,1,13,0,14,0,0,25,0,25,0,1,38,0,39,10,0,10,49
07/08/2020,JXN,MI,AGL,CE,Federal Contract Tower,0,4,12,0,16,0,0,42,0,42,0,4,54,0,58,28,0,28,86
07/09/2020,JXN,MI,AGL,CE,Federal Contract Tower,0,0,18,0,18,0,0,34,0,34,0,0,52,0,52,20,0,20,72
07/10/2020,JXN,MI,AGL,CE,Federal Contract Tower,0,1,2,0,3,0,0,0,0,0,0,1,2,0,3,0,0,0,3
07/11/2020,JXN,MI,AGL,CE,Federal Contract Tower,0,2,3,0,5,0,0,48,0,48,0,2,51,0,53,10,0,10,63
07/12/2020,JXN,MI,AGL,CE,Federal Contract Tower,0,2,28,0,30,0,1,64,0,65,0,3,92,0,95,30,0,30,125
07/13/2020,JXN,MI,AGL,CE,Federal Contract Tower,0,3,22,0,25,0,0,32,0,32,0,3,54,0,57,24,0,24,81
07/14/2020,JXN,MI,AGL,CE,Federal Contract Tower,0,0,16,0,16,0,0,41,0,41,0,0,57,0,57,42,0,42,99
07/15/2020,JXN,MI,AGL,CE,Federal Contract Tower,0,0,10,0,10,0,0,38,0,38,0,0,48,0,48,22,0,22,70
07/16/2020,JXN,MI,AGL,CE,Federal Contract Tower,0,2,5,0,7,0,0,6,0,6,0,2,11,0,13,2,0,2,15
07/17/2020,JXN,MI,AGL,CE,Federal Contract Tower,0,0,20,0,20,0,0,71,0,71,0,0,91,0,91,76,0,76,167
07/18/2020,JXN,MI,AGL,CE,Federal Contract Tower,0,4,20,0,24,0,0,52,0,52,0,4,72,0,76,24,0,24,100
07/19/2020,JXN,MI,AGL,CE,Federal Contract Tower,0,3,4,0,7,0,0,19,0,19,0,3,23,0,26,2,0,2,28
07/20/2020,JXN,MI,AGL,CE,Federal Contract Tower,0,0,5,0,5,0,1,40,0,41,0,1,45,0,46,14,0,14,60
07/21/2020,JXN,MI,AGL,CE,Federal Contract Tower,0,2,12,4,18,0,1,44,6,51,0,3,56,10,69,32,6,38,107
07/22/2020,JXN,MI,AGL,CE,Federal Contract Tower,0,1,5,0,6,0,0,19,0,19,0,1,24,0,25,20,0,20,45
07/23/2020,JXN,MI,AGL,CE,Federal Contract Tower,0,1,15,0,16,0,0,40,2,42,0,1,55,2,58,60,0,60,118
07/24/2020,JXN,MI,AGL,CE,Federal Contract Tower,0,4,26,0,30,0,1,59,0,60,0,5,85,0,90,72,0,72,162
07/25/2020,JXN,MI,AGL,CE,Federal Contract Tower,0,0,8,0,8,0,0,92,0,92,0,0,100,0,100,66,0,66,166
07/26/2020,JXN,MI,AGL,CE,Federal Contract Tower,0,0,14,0,14,0,0,58,0,58,0,0,72,0,72,30,0,30,102
07/27/2020,JXN,MI,AGL,CE,Federal Contract Tower,0,1,16,0,17,0,0,4,0,4,0,1,20,0,21,28,0,28,49
07/28/2020,JXN,MI,AGL,CE,Federal Contract Tower,0,3,20,0,23,0,0,47,2,49,0,3,67,2,72,26,0,26,98
07/29/2020,JXN,MI,AGL,CE,Federal Contract Tower,0,4,9,0,13,0,0,39,0,39,0,4,48,0,52,26,0,26,78
07/30/2020,JXN,MI,AGL,CE,Federal Contract Tower,0,0,4,0,4,0,2,45,0,47,0,2,49,0,51,40,0,40,91
07/31/2020,JXN,MI,AGL,CE,Federal Contract Tower,0,0,18,0,18,0,0,84,0,84,0,0,102,0,102,44,0,44,146
08/01/2020,JXN,MI,AGL,CE,Federal Contract Tower,0,0,3,0,3,0,0,30,0,30,0,0,33,0,33,8,0,8,41
08/02/2020,JXN,MI,AGL,CE,Federal Contract Tower,0,0,19,0,19,0,0,17,0,17,0,0,36,0,36,14,0,14,50
08/03/2020,JXN,MI,AGL,CE,Federal Contract Tower,0,2,5,0,7,0,1,8,0,9,0,3,13,0,16,8,0,8,24
08/04/2020,JXN,MI,AGL,CE,Federal Contract Tower,0,2,7,0,9,0,0,11,0,11,0,2,18,0,20,4,0,4,24
08/05/2020,JXN,MI,AGL,CE,Federal Contract Tower,0,0,8,0,8,0,0,65,0,65,0,0,73,0,73,56,0,56,129
08/06/2020,JXN,MI,AGL,CE,Federal Contract Tower,0,0,23,0,23,0,0,56,0,56,0,0,79,0,79,58,0,58,137
08/07/2020,JXN,MI,AGL,CE,Federal Contract Tower,0,2,10,0,12,0,2,62,0,64,0,4,72,0,76,56,0,56,132
08/08/2020,JXN,MI,AGL,CE,Federal Contract Tower,0,3,13,0,16,0,0,75,0,75,0,3,88,0,91,40,0,40,131
08/09/2020,JXN,MI,AGL,CE,Federal Contract Tower,0,4,29,0,33,0,0,51,0,51,0,4,80,0,84,16,0,16,100
08/10/2020,JXN,MI,AGL,CE,Federal Contract Tower,0,0,12,0,12,0,0,29,0,29,0,0,41,0,41,30,0,30,71
08/12/2020,JXN,MI,AGL,CE,Federal Contract Tower,0,4,10,4,18,0,2,69,6,77,0,6,79,10,95,56,8,64,159
08/13/2020,JXN,MI,AGL,CE,Federal Contract Tower,0,1,15,0,16,0,1,66,0,67,0,2,81,0,83,88,0,88,171
08/17/2020,JXN,MI,AGL,CE,Federal Contract Tower,0,2,5,0,7,0,0,50,0,50,0,2,55,0,57,42,0,42,99
08/18/2020,JXN,MI,AGL,CE,Federal Contract Tower,0,8,9,0,17,0,8,33,0,41,0,16,42,0,58,52,0,52,110
08/19/2020,JXN,MI,AGL,CE,Federal Contract Tower,0,4,20,0,24,0,1,91,0,92,0,5,111,0,116,92,0,92,208
08/20/2020,JXN,MI,AGL,CE,Federal Contract Tower,0,1,20,0,21,0,0,61,0,61,0,1,81,0,82,72,0,72,154
08/21/2020,JXN,MI,AGL,CE,Federal Contract Tower,0,1,21,0,22,0,0,52,0,52,0,1,73,0,74,40,0,40,114
08/22/2020,JXN,MI,AGL,CE,Federal Contract Tower,0,0,7,0,7,0,0,98,0,98,0,0,105,0,105,48,0,48,153
08/23/2020,JXN,MI,AGL,CE,Federal Contract Tower,0,1,8,0,9,0,0,62,0,62,0,1,70,0,71,22,0,22,93
08/24/2020,JXN,MI,AGL,CE,Federal Contract Tower,0,0,9,0,9,0,0,27,0,27,0,0,36,0,36,22,0,22,58
08/25/2020,JXN,MI,AGL,CE,Federal Contract Tower,0,0,19,0,19,0,0,36,0,36,0,0,55,0,55,32,0,32,87
08/26/2020,JXN,MI,AGL,CE,Federal Contract Tower,0,1,7,0,8,0,0,32,0,32,0,1,39,0,40,28,0,28,68
08/27/2020,JXN,MI,AGL,CE,Federal Contract Tower,0,7,14,0,21,0,1,61,0,62,0,8,75,0,83,28,0,28,111
08/28/2020,JXN,MI,AGL,CE,Federal Contract Tower,0,0,1,0,1,0,0,3,0,3,0,0,4,0,4,0,0,0,4
08/29/2020,JXN,MI,AGL,CE,Federal Contract Tower,0,1,4,0,5,0,0,3,0,3,0,1,7,0,8,0,0,0,8
08/30/2020,JXN,MI,AGL,CE,Federal Contract Tower,0,2,28,0,30,0,2,120,0,122,0,4,148,0,152,28,0,28,180
08/31/2020,JXN,MI,AGL,CE,Federal Contract Tower,0,0,15,0,15,0,0,36,0,36,0,0,51,0,51,18,0,18,69
09/01/2020,JXN,MI,AGL,CE,Federal Contract Tower,0,0,8,0,8,0,0,26,0,26,0,0,34,0,34,16,0,16,50
09/02/2020,JXN,MI,AGL,CE,Federal Contract Tower,0,0,9,0,9,0,1,33,2,36,0,1,42,2,45,46,0,46,91
09/03/2020,JXN,MI,AGL,CE,Federal Contract Tower,0,7,11,0,18,0,0,23,6,29,0,7,34,6,47,34,4,38,85
09/04/2020,JXN,MI,AGL,CE,Federal Contract Tower,0,2,10,0,12,0,0,49,0,49,0,2,59,0,61,14,0,14,75
09/05/2020,JXN,MI,AGL,CE,Federal Contract Tower,0,1,20,0,21,0,0,75,0,75,0,1,95,0,96,26,0,26,122
09/06/2020,JXN,MI,AGL,CE,Federal Contract Tower,0,1,7,0,8,0,0,26,0,26,0,1,33,0,34,18,0,18,52
09/07/2020,JXN,MI,AGL,CE,Federal Contract Tower,0,1,13,0,14,0,0,55,0,55,0,1,68,0,69,40,0,40,109
09/08/2020,JXN,MI,AGL,CE,Federal Contract Tower,0,1,7,0,8,0,0,0,0,0,0,1,7,0,8,6,0,6,14
09/09/2020,JXN,MI,AGL,CE,Federal Contract Tower,0,2,12,0,14,0,0,0,0,0,0,2,12,0,14,0,0,0,14
09/10/2020,JXN,MI,AGL,CE,Federal Contract Tower,0,1,12,0,13,0,2,0,0,2,0,3,12,0,15,2,0,2,17
09/11/2020,JXN,MI,AGL,CE,Federal Contract Tower,0,1,23,0,24,0,0,70,0,70,0,1,93,0,94,44,0,44,138
09/12/2020,JXN,MI,AGL,CE,Federal Contract Tower,0,1,14,0,15,0,0,51,0,51,0,1,65,0,66,64,0,64,130
09/13/2020,JXN,MI,AGL,CE,Federal Contract Tower,0,1,9,0,10,0,0,37,0,37,0,1,46,0,47,20,0,20,67
09/14/2020,JXN,MI,AGL,CE,Federal Contract Tower,0,3,15,0,18,0,0,63,0,63,0,3,78,0,81,68,0,68,149
09/15/2020,JXN,MI,AGL,CE,Federal Contract Tower,0,1,22,0,23,0,0,61,0,61,0,1,83,0,84,40,0,40,124
09/16/2020,JXN,MI,AGL,CE,Federal Contract Tower,0,1,31,0,32,0,0,50,0,50,0,1,81,0,82,16,0,16,98
09/17/2020,JXN,MI,AGL,CE,Federal Contract Tower,0,1,14,0,15,0,0,49,0,49,0,1,63,0,64,56,0,56,120
09/18/2020,JXN,MI,AGL,CE,Federal Contract Tower,0,1,10,0,11,0,0,62,0,62,0,1,72,0,73,34,0,34,107
09/19/2020,JXN,MI,AGL,CE,Federal Contract Tower,0,0,13,0,13,0,1,109,0,110,0,1,122,0,123,42,0,42,165
09/20/2020,JXN,MI,AGL,CE,Federal Contract Tower,0,2,14,0,16,0,0,77,0,77,0,2,91,0,93,30,0,30,123
09/21/2020,JXN,MI,AGL,CE,Federal Contract Tower,0,0,12,0,12,0,1,58,0,59,0,1,70,0,71,52,0,52,123
09/22/2020,JXN,MI,AGL,CE,Federal Contract Tower,0,3,29,0,32,0,0,63,0,63,0,3,92,0,95,56,0,56,151
09/23/2020,JXN,MI,AGL,CE,Federal Contract Tower,0,0,14,0,14,0,0,69,0,69,0,0,83,0,83,42,0,42,125
09/24/2020,JXN,MI,AGL,CE,Federal Contract Tower,0,0,6,0,6,0,0,51,0,51,0,0,57,0,57,78,0,78,135
09/25/2020,JXN,MI,AGL,CE,Federal Contract Tower,0,2,26,0,28,0,0,82,0,82,0,2,108,0,110,40,0,40,150
09/26/2020,JXN,MI,AGL,CE,Federal Contract Tower,0,0,12,0,12,0,0,51,0,51,0,0,63,0,63,10,0,10,73
09/27/2020,JXN,MI,AGL,CE,Federal Contract Tower,0,1,14,0,15,0,0,14,0,14,0,1,28,0,29,6,0,6,35
09/28/2020,JXN,MI,AGL,CE,Federal Contract Tower,0,2,26,0,28,0,0,8,0,8,0,2,34,0,36,20,0,20,56
09/29/2020,JXN,MI,AGL,CE,Federal Contract Tower,0,2,18,0,20,0,0,67,0,67,0,2,85,0,87,64,0,64,151
09/30/2020,JXN,MI,AGL,CE,Federal Contract Tower,0,0,7,2,9,0,0,12,2,14,0,0,19,4,23,16,2,18,41
10/01/2020,JXN,MI,AGL,CE,Federal Contract Tower,0,5,7,0,12,0,1,9,0,10,0,6,16,0,22,4,0,4,26
10/02/2020,JXN,MI,AGL,CE,Federal Contract Tower,0,4,11,0,15,0,1,39,0,40,0,5,50,0,55,12,0,12,67
10/03/2020,JXN,MI,AGL,CE,Federal Contract Tower,0,1,15,0,16,0,0,98,0,98,0,1,113,0,114,36,0,36,150
10/04/2020,JXN,MI,AGL,CE,Federal Contract Tower,0,2,5,0,7,0,0,15,0,15,0,2,20,0,22,4,0,4,26
10/05/2020,JXN,MI,AGL,CE,Federal Contract Tower,0,1,10,2,13,0,0,41,0,41,0,1,51,2,54,60,0,60,114
10/06/2020,JXN,MI,AGL,CE,Federal Contract Tower,0,4,13,2,19,0,0,48,2,50,0,4,61,4,69,28,2,30,99
10/07/2020,JXN,MI,AGL,CE,Federal Contract Tower,0,0,4,0,4,0,0,14,3,17,0,0,18,3,21,4,0,4,25
10/08/2020,JXN,MI,AGL,CE,Federal Contract Tower,0,0,22,0,22,0,0,47,0,47,0,0,69,0,69,40,0,40,109
10/09/2020,JXN,MI,AGL,CE,Federal Contract Tower,0,1,3,0,4,0,0,39,0,39,0,1,42,0,43,44,0,44,87
10/10/2020,JXN,MI,AGL,CE,Federal Contract Tower,0,8,17,0,25,0,0,45,0,45,0,8,62,0,70,70,0,70,140
10/11/2020,JXN,MI,AGL,CE,Federal Contract Tower,0,1,16,0,17,0,2,57,0,59,0,3,73,0,76,40,0,40,116
10/12/2020,JXN,MI,AGL,CE,Federal Contract Tower,0,6,7,0,13,0,0,0,0,0,0,6,7,0,13,8,0,8,21
10/13/2020,JXN,MI,AGL,CE,Federal Contract Tower,0,1,13,0,14,0,0,55,0,55,0,1,68,0,69,78,0,78,147
10/14/2020,JXN,MI,AGL,CE,Federal Contract Tower,0,2,4,1,7,0,0,31,1,32,0,2,35,2,39,36,0,36,75
10/15/2020,JXN,MI,AGL,CE,Federal Contract Tower,0,2,12,0,14,0,1,15,0,16,0,3,27,0,30,18,0,18,48
10/16/2020,JXN,MI,AGL,CE,Federal Contract Tower,0,1,18,0,19,0,0,49,0,49,0,1,67,0,68,36,0,36,104
10/17/2020,JXN,MI,AGL,CE,Federal Contract Tower,0,1,9,0,10,0,0,37,0,37,0,1,46,0,47,28,0,28,75
10/18/2020,JXN,MI,AGL,CE,Federal Contract Tower,0,1,9,0,10,0,0,12,0,12,0,1,21,0,22,2,0,2,24
10/19/2020,JXN,MI,AGL,CE,Federal Contract Tower,0,0,2,0,2,0,0,18,0,18,0,0,20,0,20,4,0,4,24
10/20/2020,JXN,MI,AGL,CE,Federal Contract Tower,0,4,29,2,35,0,0,50,2,52,0,4,79,4,87,56,2,58,145
10/21/2020,JXN,MI,AGL,CE,Federal Contract Tower,0,1,15,0,16,0,0,32,0,32,0,1,47,0,48,18,0,18,66
10/22/2020,JXN,MI,AGL,CE,Federal Contract Tower,0,0,8,0,8,0,0,0,0,0,0,0,8,0,8,0,0,0,8
10/23/2020,JXN,MI,AGL,CE,Federal Contract Tower,0,2,0,0,2,0,0,3,0,3,0,2,3,0,5,0,0,0,5
10/24/2020,JXN,MI,AGL,CE,Federal Contract Tower,0,4,17,0,21,0,0,73,0,73,0,4,90,0,94,36,0,36,130
10/25/2020,JXN,MI,AGL,CE,Federal Contract Tower,0,0,12,0,12,0,0,77,0,77,0,0,89,0,89,26,0,26,115
10/26/2020,JXN,MI,AGL,CE,Federal Contract Tower,0,0,8,0,8,0,0,25,0,25,0,0,33,0,33,50,0,50,83
10/27/2020,JXN,MI,AGL,CE,Federal Contract Tower,0,6,7,0,13,0,0,6,0,6,0,6,13,0,19,4,0,4,23
10/28/2020,JXN,MI,AGL,CE,Federal Contract Tower,0,3,12,0,15,0,0,34,0,34,0,3,46,0,49,42,0,42,91
10/29/2020,JXN,MI,AGL,CE,Federal Contract Tower,0,0,7,0,7,0,0,17,4,21,0,0,24,4,28,4,0,4,32
10/30/2020,JXN,MI,AGL,CE,Federal Contract Tower,0,5,10,0,15,0,0,44,0,44,0,5,54,0,59,60,0,60,119
11/01/2020,JXN,MI,AGL,CE,Federal Contract Tower,0,4,0,0,4,0,1,0,0,1,0,5,0,0,5,0,0,0,5
11/02/2020,JXN,MI,AGL,CE,Federal Contract Tower,0,2,9,0,11,0,0,9,0,9,0,2,18,0,20,4,0,4,24
11/03/2020,JXN,MI,AGL,CE,Federal Contract Tower,0,5,9,0,14,0,0,62,2,64,0,5,71,2,78,38,8,46,124
11/04/2020,JXN,MI,AGL,CE,Federal Contract Tower,0,0,10,2,12,0,0,28,0,28,0,0,38,2,40,6,0,6,46
11/05/2020,JXN,MI,AGL,CE,Federal Contract Tower,0,3,29,0,32,0,0,61,0,61,0,3,90,0,93,50,0,50,143
11/06/2020,JXN,MI,AGL,CE,Federal Contract Tower,0,3,22,0,25,0,12,98,0,110,0,15,120,0,135,84,0,84,219
11/07/2020,JXN,MI,AGL,CE,Federal Contract Tower,0,14,14,0,28,0,0,136,0,136,0,14,150,0,164,38,0,38,202
11/08/2020,JXN,MI,AGL,CE,Federal Contract Tower,0,3,13,0,16,0,2,99,0,101,0,5,112,0,117,34,0,34,151
11/09/2020,JXN,MI,AGL,CE,Federal Contract Tower,0,23,17,0,40,0,15,34,0,49,0,38,51,0,89,52,0,52,141
11/10/2020,JXN,MI,AGL,CE,Federal Contract Tower,0,1,6,0,7,0,1,17,0,18,0,2,23,0,25,16,0,16,41
11/11/2020,JXN,MI,AGL,CE,Federal Contract Tower,0,0,23,0,23,0,1,40,0,41,0,1,63,0,64,40,0,40,104
11/12/2020,JXN,MI,AGL,CE,Federal Contract Tower,0,2,18,0,20,0,0,61,0,61,0,2,79,0,81,66,0,66,147
11/13/2020,JXN,MI,AGL,CE,Federal Contract Tower,0,2,3,0,5,0,0,19,0,19,0,2,22,0,24,8,0,8,32
11/14/2020,JXN,MI,AGL,CE,Federal Contract Tower,0,0,18,0,18,0,0,80,0,80,0,0,98,0,98,56,0,56,154
11/15/2020,JXN,MI,AGL,CE,Federal Contract Tower,0,2,0,0,2,0,0,0,0,0,0,2,0,0,2,0,0,0,2
11/16/2020,JXN,MI,AGL,CE,Federal Contract Tower,0,0,6,0,6,0,0,4,0,4,0,0,10,0,10,8,0,8,18
11/17/2020,JXN,MI,AGL,CE,Federal Contract Tower,0,0,6,0,6,0,0,4,0,4,0,0,10,0,10,0,0,0,10
11/18/2020,JXN,MI,AGL,CE,Federal Contract Tower,0,0,16,0,16,0,0,31,1,32,0,0,47,1,48,46,2,48,96
11/19/2020,JXN,MI,AGL,CE,Federal Contract Tower,0,0,4,0,4,0,0,9,0,9,0,0,13,0,13,4,0,4,17
11/20/2020,JXN,MI,AGL,CE,Federal Contract Tower,0,0,11,0,11,0,0,26,0,26,0,0,37,0,37,24,0,24,61
11/21/2020,JXN,MI,AGL,CE,Federal Contract Tower,0,0,20,0,20,0,0,63,0,63,0,0,83,0,83,36,0,36,119
11/22/2020,JXN,MI,AGL,CE,Federal Contract Tower,0,0,0,0,0,0,0,0,0,0,0,0,0,0,0,0,0,0,0
11/23/2020,JXN,MI,AGL,CE,Federal Contract Tower,0,0,4,0,4,0,0,42,0,42,0,0,46,0,46,78,0,78,124
11/24/2020,JXN,MI,AGL,CE,Federal Contract Tower,0,0,0,0,0,0,0,0,0,0,0,0,0,0,0,0,0,0,0
11/25/2020,JXN,MI,AGL,CE,Federal Contract Tower,0,0,0,0,0,0,0,0,0,0,0,0,0,0,0,0,0,0,0
11/26/2020,JXN,MI,AGL,CE,Federal Contract Tower,0,0,2,0,2,0,0,1,0,1,0,0,3,0,3,0,0,0,3
11/27/2020,JXN,MI,AGL,CE,Federal Contract Tower,0,3,11,0,14,0,0,18,0,18,0,3,29,0,32,18,0,18,50
11/28/2020,JXN,MI,AGL,CE,Federal Contract Tower,0,0,19,0,19,0,0,64,0,64,0,0,83,0,83,52,0,52,135
11/29/2020,JXN,MI,AGL,CE,Federal Contract Tower,0,0,11,0,11,0,0,32,0,32,0,0,43,0,43,44,0,44,87
11/30/2020,JXN,MI,AGL,CE,Federal Contract Tower,0,0,0,0,0,0,0,0,0,0,0,0,0,0,0,0,0,0,0
12/01/2020,JXN,MI,AGL,CE,Federal Contract Tower,0,5,0,0,5,0,0,6,0,6,0,5,6,0,11,0,0,0,11
12/02/2020,JXN,MI,AGL,CE,Federal Contract Tower,0,2,6,0,8,0,1,34,0,35,0,3,40,0,43,28,0,28,71
12/03/2020,JXN,MI,AGL,CE,Federal Contract Tower,0,0,7,4,11,0,0,42,4,46,0,0,49,8,57,38,4,42,99
12/04/2020,JXN,MI,AGL,CE,Federal Contract Tower,0,0,10,0,10,0,0,22,0,22,0,0,32,0,32,18,0,18,50
12/05/2020,JXN,MI,AGL,CE,Federal Contract Tower,0,5,14,0,19,0,0,35,0,35,0,5,49,0,54,28,0,28,82
12/06/2020,JXN,MI,AGL,CE,Federal Contract Tower,0,0,0,0,0,0,1,12,0,13,0,1,12,0,13,16,0,16,29
12/07/2020,JXN,MI,AGL,CE,Federal Contract Tower,0,7,10,0,17,0,7,17,0,24,0,14,27,0,41,22,0,22,63
12/08/2020,JXN,MI,AGL,CE,Federal Contract Tower,0,1,3,0,4,0,0,10,0,10,0,1,13,0,14,26,0,26,40
12/09/2020,JXN,MI,AGL,CE,Federal Contract Tower,0,4,19,0,23,0,2,32,0,34,0,6,51,0,57,30,0,30,87
12/10/2020,JXN,MI,AGL,CE,Federal Contract Tower,0,4,17,0,21,0,5,75,0,80,0,9,92,0,101,58,0,58,159
12/11/2020,JXN,MI,AGL,CE,Federal Contract Tower,0,3,10,0,13,0,0,31,0,31,0,3,41,0,44,36,0,36,80
12/12/2020,JXN,MI,AGL,CE,Federal Contract Tower,0,6,2,0,8,0,0,0,0,0,0,6,2,0,8,0,0,0,8
12/13/2020,JXN,MI,AGL,CE,Federal Contract Tower,0,4,0,0,4,0,0,8,0,8,0,4,8,0,12,0,0,0,12
12/14/2020,JXN,MI,AGL,CE,Federal Contract Tower,0,3,4,0,7,0,0,5,0,5,0,3,9,0,12,2,0,2,14
12/15/2020,JXN,MI,AGL,CE,Federal Contract Tower,0,3,15,0,18,0,1,32,0,33,0,4,47,0,51,46,0,46,97
12/16/2020,JXN,MI,AGL,CE,Federal Contract Tower,0,0,2,0,2,0,0,2,0,2,0,0,4,0,4,0,0,0,4
12/17/2020,JXN,MI,AGL,CE,Federal Contract Tower,0,1,2,0,3,0,0,0,0,0,0,1,2,0,3,0,0,0,3
12/18/2020,JXN,MI,AGL,CE,Federal Contract Tower,0,1,9,0,10,0,0,19,0,19,0,1,28,0,29,10,0,10,39
12/19/2020,JXN,MI,AGL,CE,Federal Contract Tower,0,0,0,0,0,0,0,0,0,0,0,0,0,0,0,0,0,0,0
12/20/2020,JXN,MI,AGL,CE,Federal Contract Tower,0,0,5,0,5,0,0,5,0,5,0,0,10,0,10,14,0,14,24
12/21/2020,JXN,MI,AGL,CE,Federal Contract Tower,0,0,0,0,0,0,0,1,0,1,0,0,1,0,1,0,0,0,1
12/22/2020,JXN,MI,AGL,CE,Federal Contract Tower,0,1,3,0,4,0,0,17,0,17,0,1,20,0,21,40,0,40,61
12/23/2020,JXN,MI,AGL,CE,Federal Contract Tower,0,1,11,0,12,0,1,14,0,15,0,2,25,0,27,10,0,10,37
12/24/2020,JXN,MI,AGL,CE,Federal Contract Tower,0,0,5,0,5,0,0,10,0,10,0,0,15,0,15,10,0,10,25
12/25/2020,JXN,MI,AGL,CE,Federal Contract Tower,0,0,0,0,0,0,0,0,0,0,0,0,0,0,0,0,0,0,0
12/26/2020,JXN,MI,AGL,CE,Federal Contract Tower,0,2,1,0,3,0,2,3,0,5,0,4,4,0,8,0,0,0,8
12/27/2020,JXN,MI,AGL,CE,Federal Contract Tower,0,0,8,0,8,0,0,22,0,22,0,0,30,0,30,24,0,24,54
12/28/2020,JXN,MI,AGL,CE,Federal Contract Tower,0,0,2,0,2,0,0,5,0,5,0,0,7,0,7,0,0,0,7
12/29/2020,JXN,MI,AGL,CE,Federal Contract Tower,0,8,28,0,36,0,10,47,0,57,0,18,75,0,93,128,0,128,221
12/30/2020,JXN,MI,AGL,CE,Federal Contract Tower,0,0,0,0,0,0,0,0,0,0,0,0,0,0,0,0,0,0,0
01/01/2021,JXN,MI,AGL,CE,Federal Contract Tower,0,0,0,0,0,0,0,0,0,0,0,0,0,0,0,0,0,0,0
01/02/2021,JXN,MI,AGL,CE,Federal Contract Tower,0,1,0,0,1,0,0,0,0,0,0,1,0,0,1,0,0,0,1
01/03/2021,JXN,MI,AGL,CE,Federal Contract Tower,0,1,0,0,1,0,0,0,0,0,0,1,0,0,1,0,0,0,1
01/04/2021,JXN,MI,AGL,CE,Federal Contract Tower,0,0,2,0,2,0,0,1,0,1,0,0,3,0,3,0,0,0,3
01/05/2021,JXN,MI,AGL,CE,Federal Contract Tower,0,2,0,0,2,0,0,0,0,0,0,2,0,0,2,0,0,0,2
01/06/2021,JXN,MI,AGL,CE,Federal Contract Tower,0,2,18,0,20,0,1,21,0,22,0,3,39,0,42,20,0,20,62
01/07/2021,JXN,MI,AGL,CE,Federal Contract Tower,0,1,0,0,1,0,0,4,2,6,0,1,4,2,7,0,4,4,11
01/08/2021,JXN,MI,AGL,CE,Federal Contract Tower,0,1,3,0,4,0,0,4,0,4,0,1,7,0,8,8,0,8,16
01/09/2021,JXN,MI,AGL,CE,Federal Contract Tower,0,0,32,0,32,0,0,57,0,57,0,0,89,0,89,70,0,70,159
01/10/2021,JXN,MI,AGL,CE,Federal Contract Tower,0,0,2,0,2,0,0,22,0,22,0,0,24,0,24,16,0,16,40
01/11/2021,JXN,MI,AGL,CE,Federal Contract Tower,0,0,0,0,0,0,0,2,0,2,0,0,2,0,2,0,0,0,2
01/12/2021,JXN,MI,AGL,CE,Federal Contract Tower,0,5,0,0,5,0,0,0,0,0,0,5,0,0,5,0,0,0,5
01/13/2021,JXN,MI,AGL,CE,Federal Contract Tower,0,3,22,0,25,0,0,37,0,37,0,3,59,0,62,56,0,56,118
01/14/2021,JXN,MI,AGL,CE,Federal Contract Tower,0,1,15,0,16,0,33,0,0,33,0,34,15,0,49,18,0,18,67
01/15/2021,JXN,MI,AGL,CE,Federal Contract Tower,0,1,0,0,1,0,0,5,0,5,0,1,5,0,6,6,0,6,12
01/16/2021,JXN,MI,AGL,CE,Federal Contract Tower,0,2,8,0,10,0,0,10,0,10,0,2,18,0,20,14,0,14,34
01/17/2021,JXN,MI,AGL,CE,Federal Contract Tower,0,1,0,0,1,0,0,0,0,0,0,1,0,0,1,0,0,0,1
01/18/2021,JXN,MI,AGL,CE,Federal Contract Tower,0,1,0,0,1,0,0,1,0,1,0,1,1,0,2,0,0,0,2
01/19/2021,JXN,MI,AGL,CE,Federal Contract Tower,0,0,3,0,3,0,0,17,0,17,0,0,20,0,20,10,0,10,30
01/20/2021,JXN,MI,AGL,CE,Federal Contract Tower,0,1,12,0,13,0,0,19,0,19,0,1,31,0,32,20,0,20,52
01/21/2021,JXN,MI,AGL,CE,Federal Contract Tower,0,3,13,0,16,0,0,17,0,17,0,3,30,0,33,22,0,22,55
01/22/2021,JXN,MI,AGL,CE,Federal Contract Tower,0,2,6,0,8,0,0,13,0,13,0,2,19,0,21,10,0,10,31
01/23/2021,JXN,MI,AGL,CE,Federal Contract Tower,0,0,39,0,39,0,0,49,0,49,0,0,88,0,88,66,0,66,154
01/24/2021,JXN,MI,AGL,CE,Federal Contract Tower,0,0,0,0,0,0,0,0,0,0,0,0,0,0,0,0,0,0,0
01/25/2021,JXN,MI,AGL,CE,Federal Contract Tower,0,0,3,0,3,0,0,7,0,7,0,0,10,0,10,8,0,8,18
01/26/2021,JXN,MI,AGL,CE,Federal Contract Tower,0,1,0,0,1,0,0,0,2,2,0,1,0,2,3,0,0,0,3
01/27/2021,JXN,MI,AGL,CE,Federal Contract Tower,0,0,10,0,10,0,0,22,0,22,0,0,32,0,32,24,0,24,56
01/28/2021,JXN,MI,AGL,CE,Federal Contract Tower,0,4,3,0,7,0,6,7,0,13,0,10,10,0,20,18,0,18,38
01/29/2021,JXN,MI,AGL,CE,Federal Contract Tower,0,2,11,0,13,0,0,44,0,44,0,2,55,0,57,64,0,64,121
01/30/2021,JXN,MI,AGL,CE,Federal Contract Tower,0,5,5,0,10,0,5,33,0,38,0,10,38,0,48,70,0,70,118
01/31/2021,JXN,MI,AGL,CE,Federal Contract Tower,0,0,0,0,0,0,0,0,0,0,0,0,0,0,0,0,0,0,0
02/01/2021,JXN,MI,AGL,CE,Federal Contract Tower,0,0,0,0,0,0,0,0,0,0,0,0,0,0,0,14,0,14,14
02/02/2021,JXN,MI,AGL,CE,Federal Contract Tower,0,4,20,0,24,0,4,41,0,45,0,8,61,0,69,28,0,28,97
02/03/2021,JXN,MI,AGL,CE,Federal Contract Tower,0,1,19,0,20,0,0,70,0,70,0,1,89,0,90,90,0,90,180
02/04/2021,JXN,MI,AGL,CE,Federal Contract Tower,0,2,3,0,5,0,0,8,0,8,0,2,11,0,13,2,0,2,15
02/05/2021,JXN,MI,AGL,CE,Federal Contract Tower,0,1,4,0,5,0,0,0,0,0,0,1,4,0,5,0,0,0,5
02/06/2021,JXN,MI,AGL,CE,Federal Contract Tower,0,2,5,0,7,0,0,13,0,13,0,2,18,0,20,16,0,16,36
02/07/2021,JXN,MI,AGL,CE,Federal Contract Tower,0,3,5,0,8,0,0,20,0,20,0,3,25,0,28,22,0,22,50
02/08/2021,JXN,MI,AGL,CE,Federal Contract Tower,0,0,5,0,5,0,0,9,0,9,0,0,14,0,14,2,0,2,16
02/09/2021,JXN,MI,AGL,CE,Federal Contract Tower,0,2,15,0,17,0,0,42,0,42,0,2,57,0,59,60,0,60,119
02/10/2021,JXN,MI,AGL,CE,Federal Contract Tower,0,2,2,0,4,0,0,7,0,7,0,2,9,0,11,0,0,0,11
02/11/2021,JXN,MI,AGL,CE,Federal Contract Tower,0,1,2,0,3,0,1,27,0,28,0,2,29,0,31,34,0,34,65
02/12/2021,JXN,MI,AGL,CE,Federal Contract Tower,0,3,2,0,5,0,0,20,0,20,0,3,22,0,25,32,0,32,57
02/13/2021,JXN,MI,AGL,CE,Federal Contract Tower,0,1,0,0,1,0,0,0,0,0,0,1,0,0,1,0,0,0,1
02/14/2021,JXN,MI,AGL,CE,Federal Contract Tower,0,2,14,0,16,0,0,28,0,28,0,2,42,0,44,46,0,46,90
02/15/2021,JXN,MI,AGL,CE,Federal Contract Tower,0,1,2,0,3,0,0,2,0,2,0,1,4,0,5,2,0,2,7
02/16/2021,JXN,MI,AGL,CE,Federal Contract Tower,0,2,5,0,7,0,0,2,0,2,0,2,7,0,9,0,0,0,9
02/17/2021,JXN,MI,AGL,CE,Federal Contract Tower,0,4,6,0,10,0,0,16,0,16,0,4,22,0,26,12,0,12,38
02/18/2021,JXN,MI,AGL,CE,Federal Contract Tower,0,1,2,0,3,0,0,0,0,0,0,1,2,0,3,0,0,0,3
02/19/2021,JXN,MI,AGL,CE,Federal Contract Tower,0,2,12,0,14,0,0,15,0,15,0,2,27,0,29,12,0,12,41
02/20/2021,JXN,MI,AGL,CE,Federal Contract Tower,0,0,8,0,8,0,3,29,0,32,0,3,37,0,40,46,0,46,86
02/21/2021,JXN,MI,AGL,CE,Federal Contract Tower,0,0,11,0,11,0,0,29,0,29,0,0,40,0,40,32,0,32,72
02/22/2021,JXN,MI,AGL,CE,Federal Contract Tower,0,0,4,0,4,0,0,0,0,0,0,0,4,0,4,0,0,0,4
02/23/2021,JXN,MI,AGL,CE,Federal Contract Tower,0,4,8,0,12,0,1,17,0,18,0,5,25,0,30,20,0,20,50
02/24/2021,JXN,MI,AGL,CE,Federal Contract Tower,0,4,11,0,15,0,0,16,0,16,0,4,27,0,31,14,0,14,45
02/25/2021,JXN,MI,AGL,CE,Federal Contract Tower,0,5,19,0,24,0,0,44,0,44,0,5,63,0,68,60,0,60,128
02/26/2021,JXN,MI,AGL,CE,Federal Contract Tower,0,2,28,0,30,0,0,60,0,60,0,2,88,0,90,74,0,74,164
02/27/2021,JXN,MI,AGL,CE,Federal Contract Tower,0,2,18,0,20,0,0,37,0,37,0,2,55,0,57,34,0,34,91
02/28/2021,JXN,MI,AGL,CE,Federal Contract Tower,0,1,6,0,7,0,0,6,0,6,0,1,12,0,13,6,0,6,19
03/01/2021,JXN,MI,AGL,CE,Federal Contract Tower,0,1,26,0,27,0,0,17,0,17,0,1,43,0,44,72,0,72,116
03/02/2021,JXN,MI,AGL,CE,Federal Contract Tower,0,2,22,0,24,0,0,27,0,27,0,2,49,0,51,18,0,18,69
03/03/2021,JXN,MI,AGL,CE,Federal Contract Tower,0,10,9,0,19,0,11,24,0,35,0,21,33,0,54,30,0,30,84
03/04/2021,JXN,MI,AGL,CE,Federal Contract Tower,0,5,6,0,11,0,4,23,0,27,0,9,29,0,38,44,0,44,82
03/05/2021,JXN,MI,AGL,CE,Federal Contract Tower,0,3,11,0,14,0,0,47,0,47,0,3,58,0,61,94,0,94,155
03/06/2021,JXN,MI,AGL,CE,Federal Contract Tower,0,0,18,0,18,0,1,65,2,68,0,1,83,2,86,44,0,44,130
03/08/2021,JXN,MI,AGL,CE,Federal Contract Tower,0,0,18,0,18,0,0,30,0,30,0,0,48,0,48,18,0,18,66
03/09/2021,JXN,MI,AGL,CE,Federal Contract Tower,0,0,11,0,11,0,0,49,0,49,0,0,60,0,60,86,0,86,146
03/10/2021,JXN,MI,AGL,CE,Federal Contract Tower,0,1,10,0,11,0,0,16,0,16,0,1,26,0,27,10,0,10,37
03/11/2021,JXN,MI,AGL,CE,Federal Contract Tower,0,2,2,0,4,0,0,2,0,2,0,2,4,0,6,0,0,0,6
03/12/2021,JXN,MI,AGL,CE,Federal Contract Tower,0,10,13,0,23,0,0,46,0,46,0,10,59,0,69,26,0,26,95
03/13/2021,JXN,MI,AGL,CE,Federal Contract Tower,0,0,24,0,24,0,0,135,0,135,0,0,159,0,159,28,0,28,187
03/14/2021,JXN,MI,AGL,CE,Federal Contract Tower,0,0,4,1,5,0,0,61,0,61,0,0,65,1,66,26,0,26,92
03/15/2021,JXN,MI,AGL,CE,Federal Contract Tower,0,0,2,0,2,0,0,5,0,5,0,0,7,0,7,0,0,0,7
03/16/2021,JXN,MI,AGL,CE,Federal Contract Tower,0,0,1,2,3,0,0,11,2,13,0,0,12,4,16,12,2,14,30
03/17/2021,JXN,MI,AGL,CE,Federal Contract Tower,0,1,16,2,19,0,0,47,2,49,0,1,63,4,68,96,2,98,166
03/18/2021,JXN,MI,AGL,CE,Federal Contract Tower,0,2,0,0,2,0,0,0,0,0,0,2,0,0,2,0,0,0,2
03/19/2021,JXN,MI,AGL,CE,Federal Contract Tower,0,1,13,1,15,0,0,58,2,60,0,1,71,3,75,62,0,62,137
03/20/2021,JXN,MI,AGL,CE,Federal Contract Tower,0,2,22,0,24,0,0,100,0,100,0,2,122,0,124,42,0,42,166
03/21/2021,JXN,MI,AGL,CE,Federal Contract Tower,0,3,20,0,23,0,2,97,0,99,0,5,117,0,122,34,0,34,156
03/22/2021,JXN,MI,AGL,CE,Federal Contract Tower,0,4,13,0,17,0,5,33,0,38,0,9,46,0,55,20,0,20,75
03/23/2021,JXN,MI,AGL,CE,Federal Contract Tower,0,6,5,0,11,0,2,20,0,22,0,8,25,0,33,10,0,10,43
03/24/2021,JXN,MI,AGL,CE,Federal Contract Tower,0,3,10,0,13,0,0,19,0,19,0,3,29,0,32,12,0,12,44
03/25/2021,JXN,MI,AGL,CE,Federal Contract Tower,0,6,6,2,14,0,0,27,0,27,0,6,33,2,41,18,2,20,61
03/26/2021,JXN,MI,AGL,CE,Federal Contract Tower,0,7,11,0,18,0,0,5,0,5,0,7,16,0,23,2,0,2,25
03/27/2021,JXN,MI,AGL,CE,Federal Contract Tower,0,2,30,0,32,0,2,45,0,47,0,4,75,0,79,38,0,38,117
03/28/2021,JXN,MI,AGL,CE,Federal Contract Tower,0,2,1,0,3,0,0,1,0,1,0,2,2,0,4,0,0,0,4
03/29/2021,JXN,MI,AGL,CE,Federal Contract Tower,0,4,11,4,19,0,0,36,4,40,0,4,47,8,59,46,0,46,105
03/30/2021,JXN,MI,AGL,CE,Federal Contract Tower,0,1,0,0,1,0,0,9,0,9,0,1,9,0,10,0,0,0,10
03/31/2021,JXN,MI,AGL,CE,Federal Contract Tower,0,3,9,0,12,0,2,32,0,34,0,5,41,0,46,32,0,32,78
04/01/2021,JXN,MI,AGL,CE,Federal Contract Tower,0,2,4,0,6,0,0,7,0,7,0,2,11,0,13,24,0,24,37
04/02/2021,JXN,MI,AGL,CE,Federal Contract Tower,0,1,28,0,29,0,0,58,0,58,0,1,86,0,87,54,0,54,141
04/03/2021,JXN,MI,AGL,CE,Federal Contract Tower,0,0,8,0,8,0,0,37,0,37,0,0,45,0,45,16,0,16,61
04/04/2021,JXN,MI,AGL,CE,Federal Contract Tower,0,0,3,0,3,0,0,43,0,43,0,0,46,0,46,24,0,24,70
04/05/2021,JXN,MI,AGL,CE,Federal Contract Tower,0,0,4,0,4,0,0,6,0,6,0,0,10,0,10,6,0,6,16
04/06/2021,JXN,MI,AGL,CE,Federal Contract Tower,0,9,12,0,21,0,4,45,0,49,0,13,57,0,70,64,0,64,134
04/07/2021,JXN,MI,AGL,CE,Federal Contract Tower,0,4,16,0,20,0,6,40,0,46,0,10,56,0,66,80,0,80,146
04/08/2021,JXN,MI,AGL,CE,Federal Contract Tower,0,7,4,0,11,0,0,20,0,20,0,7,24,0,31,40,0,40,71
04/09/2021,JXN,MI,AGL,CE,Federal Contract Tower,0,2,8,0,10,0,0,15,2,17,0,2,23,2,27,14,0,14,41
04/10/2021,JXN,MI,AGL,CE,Federal Contract Tower,0,0,7,0,7,0,0,52,0,52,0,0,59,0,59,16,0,16,75
04/11/2021,JXN,MI,AGL,CE,Federal Contract Tower,0,0,1,0,1,0,0,5,0,5,0,0,6,0,6,0,0,0,6
04/12/2021,JXN,MI,AGL,CE,Federal Contract Tower,0,6,4,0,10,0,2,7,0,9,0,8,11,0,19,4,0,4,23
04/13/2021,JXN,MI,AGL,CE,Federal Contract Tower,0,1,18,0,19,0,6,57,0,63,0,7,75,0,82,58,0,58,140
04/14/2021,JXN,MI,AGL,CE,Federal Contract Tower,0,3,14,0,17,0,2,42,0,44,0,5,56,0,61,32,0,32,93
04/15/2021,JXN,MI,AGL,CE,Federal Contract Tower,0,4,3,0,7,0,0,8,0,8,0,4,11,0,15,2,2,4,19
04/16/2021,JXN,MI,AGL,CE,Federal Contract Tower,0,3,3,0,6,0,0,25,0,25,0,3,28,0,31,34,0,34,65
04/17/2021,JXN,MI,AGL,CE,Federal Contract Tower,0,0,15,0,15,0,0,74,0,74,0,0,89,0,89,46,0,46,135
04/18/2021,JXN,MI,AGL,CE,Federal Contract Tower,0,2,24,0,26,0,0,95,0,95,0,2,119,0,121,50,0,50,171
04/19/2021,JXN,MI,AGL,CE,Federal Contract Tower,0,2,3,0,5,0,0,10,0,10,0,2,13,0,15,6,0,6,21
04/20/2021,JXN,MI,AGL,CE,Federal Contract Tower,0,0,1,0,1,0,0,3,0,3,0,0,4,0,4,0,0,0,4
04/21/2021,JXN,MI,AGL,CE,Federal Contract Tower,0,7,18,2,27,0,0,27,0,27,0,7,45,2,54,32,2,34,88
04/22/2021,JXN,MI,AGL,CE,Federal Contract Tower,0,1,18,0,19,0,0,36,0,36,0,1,54,0,55,40,0,40,95
04/23/2021,JXN,MI,AGL,CE,Federal Contract Tower,0,6,19,0,25,0,1,43,0,44,0,7,62,0,69,64,0,64,133
04/24/2021,JXN,MI,AGL,CE,Federal Contract Tower,0,0,12,2,14,0,0,25,0,25,0,0,37,2,39,0,0,0,39
04/25/2021,JXN,MI,AGL,CE,Federal Contract Tower,0,0,45,0,45,0,0,54,0,54,0,0,99,0,99,34,0,34,133
04/26/2021,JXN,MI,AGL,CE,Federal Contract Tower,0,1,15,0,16,0,2,35,0,37,0,3,50,0,53,36,0,36,89
04/27/2021,JXN,MI,AGL,CE,Federal Contract Tower,0,0,11,0,11,0,3,22,0,25,0,3,33,0,36,30,0,30,66
04/28/2021,JXN,MI,AGL,CE,Federal Contract Tower,0,1,1,3,5,0,0,6,4,10,0,1,7,7,15,0,4,4,19
04/29/2021,JXN,MI,AGL,CE,Federal Contract Tower,0,1,11,0,12,0,0,0,0,0,0,1,11,0,12,0,0,0,12
04/30/2021,JXN,MI,AGL,CE,Federal Contract Tower,0,3,4,0,7,0,0,8,0,8,0,3,12,0,15,4,0,4,19
05/01/2021,JXN,MI,AGL,CE,Federal Contract Tower,0,4,16,0,20,0,0,49,0,49,0,4,65,0,69,0,0,0,69
05/02/2021,JXN,MI,AGL,CE,Federal Contract Tower,0,0,13,0,13,0,0,42,0,42,0,0,55,0,55,24,0,24,79
05/03/2021,JXN,MI,AGL,CE,Federal Contract Tower,0,0,14,0,14,0,0,0,0,0,0,0,14,0,14,14,0,14,28
05/04/2021,JXN,MI,AGL,CE,Federal Contract Tower,0,6,16,0,22,0,1,19,0,20,0,7,35,0,42,12,0,12,54
05/05/2021,JXN,MI,AGL,CE,Federal Contract Tower,0,4,19,2,25,0,0,32,3,35,0,4,51,5,60,52,2,54,114
05/06/2021,JXN,MI,AGL,CE,Federal Contract Tower,0,1,8,0,9,0,0,23,0,23,0,1,31,0,32,16,0,16,48
05/07/2021,JXN,MI,AGL,CE,Federal Contract Tower,0,2,8,0,10,0,0,17,0,17,0,2,25,0,27,12,0,12,39
05/08/2021,JXN,MI,AGL,CE,Federal Contract Tower,0,0,18,0,18,0,0,116,0,116,0,0,134,0,134,68,0,68,202
05/09/2021,JXN,MI,AGL,CE,Federal Contract Tower,0,0,0,0,0,0,0,1,0,1,0,0,1,0,1,0,0,0,1
05/10/2021,JXN,MI,AGL,CE,Federal Contract Tower,0,2,13,0,15,0,0,49,0,49,0,2,62,0,64,76,0,76,140
05/11/2021,JXN,MI,AGL,CE,Federal Contract Tower,0,0,18,0,18,0,0,34,0,34,0,0,52,0,52,16,0,16,68
05/12/2021,JXN,MI,AGL,CE,Federal Contract Tower,0,4,11,0,15,0,1,63,0,64,0,5,74,0,79,46,0,46,125
05/13/2021,JXN,MI,AGL,CE,Federal Contract Tower,0,6,22,0,28,0,0,48,0,48,0,6,70,0,76,30,0,30,106
05/14/2021,JXN,MI,AGL,CE,Federal Contract Tower,0,1,16,0,17,0,0,61,8,69,0,1,77,8,86,30,0,30,116
05/15/2021,JXN,MI,AGL,CE,Federal Contract Tower,0,0,15,0,15,0,0,76,4,80,0,0,91,4,95,20,0,20,115
05/16/2021,JXN,MI,AGL,CE,Federal Contract Tower,0,0,9,0,9,0,0,51,0,51,0,0,60,0,60,30,0,30,90
05/17/2021,JXN,MI,AGL,CE,Federal Contract Tower,0,0,8,0,8,0,0,24,0,24,0,0,32,0,32,64,0,64,96
05/18/2021,JXN,MI,AGL,CE,Federal Contract Tower,0,4,6,0,10,0,0,38,0,38,0,4,44,0,48,32,0,32,80
05/19/2021,JXN,MI,AGL,CE,Federal Contract Tower,0,1,25,2,28,0,1,49,0,50,0,2,74,2,78,28,2,30,108
05/20/2021,JXN,MI,AGL,CE,Federal Contract Tower,0,0,24,0,24,0,0,46,0,46,0,0,70,0,70,38,0,38,108
05/21/2021,JXN,MI,AGL,CE,Federal Contract Tower,0,4,11,0,15,0,2,40,0,42,0,6,51,0,57,18,0,18,75
05/22/2021,JXN,MI,AGL,CE,Federal Contract Tower,0,0,29,0,29,0,0,86,0,86,0,0,115,0,115,70,0,70,185
05/23/2021,JXN,MI,AGL,CE,Federal Contract Tower,0,0,9,0,9,0,0,40,0,40,0,0,49,0,49,26,0,26,75
05/24/2021,JXN,MI,AGL,CE,Federal Contract Tower,0,1,3,0,4,0,0,23,0,23,0,1,26,0,27,4,0,4,31
05/25/2021,JXN,MI,AGL,CE,Federal Contract Tower,0,4,11,0,15,0,4,21,0,25,0,8,32,0,40,24,0,24,64
05/26/2021,JXN,MI,AGL,CE,Federal Contract Tower,0,2,8,0,10,0,0,17,0,17,0,2,25,0,27,2,0,2,29
05/27/2021,JXN,MI,AGL,CE,Federal Contract Tower,0,4,38,0,42,0,0,55,0,55,0,4,93,0,97,24,0,24,121
05/28/2021,JXN,MI,AGL,CE,Federal Contract Tower,0,3,5,0,8,0,0,3,0,3,0,3,8,0,11,6,0,6,17
05/29/2021,JXN,MI,AGL,CE,Federal Contract Tower,0,1,19,0,20,0,0,55,0,55,0,1,74,0,75,46,0,46,121
05/30/2021,JXN,MI,AGL,CE,Federal Contract Tower,0,4,3,0,7,0,0,266,0,266,0,4,269,0,273,46,0,46,319
05/31/2021,JXN,MI,AGL,CE,Federal Contract Tower,0,0,7,0,7,0,1,37,0,38,0,1,44,0,45,42,0,42,87
06/01/2021,JXN,MI,AGL,CE,Federal Contract Tower,0,1,16,0,17,0,0,41,0,41,0,1,57,0,58,70,0,70,128
06/02/2021,JXN,MI,AGL,CE,Federal Contract Tower,0,9,18,0,27,0,0,28,0,28,0,9,46,0,55,24,0,24,79
06/03/2021,JXN,MI,AGL,CE,Federal Contract Tower,0,7,31,0,38,0,7,36,0,43,0,14,67,0,81,48,0,48,129
06/04/2021,JXN,MI,AGL,CE,Federal Contract Tower,0,6,12,0,18,0,6,45,0,51,0,12,57,0,69,18,0,18,87
06/05/2021,JXN,MI,AGL,CE,Federal Contract Tower,0,2,14,0,16,0,0,88,0,88,0,2,102,0,104,50,0,50,154
06/06/2021,JXN,MI,AGL,CE,Federal Contract Tower,0,4,6,0,10,0,0,46,0,46,0,4,52,0,56,24,0,24,80
06/07/2021,JXN,MI,AGL,CE,Federal Contract Tower,0,4,9,0,13,0,2,15,0,17,0,6,24,0,30,10,0,10,40
06/08/2021,JXN,MI,AGL,CE,Federal Contract Tower,0,4,5,0,9,0,5,14,0,19,0,9,19,0,28,10,0,10,38
06/09/2021,JXN,MI,AGL,CE,Federal Contract Tower,0,1,16,0,17,0,0,34,0,34,0,1,50,0,51,24,0,24,75
06/10/2021,JXN,MI,AGL,CE,Federal Contract Tower,0,2,27,0,29,0,0,35,0,35,0,2,62,0,64,56,0,56,120
06/11/2021,JXN,MI,AGL,CE,Federal Contract Tower,0,4,11,0,15,0,3,46,0,49,0,7,57,0,64,50,0,50,114
06/12/2021,JXN,MI,AGL,CE,Federal Contract Tower,0,0,9,0,9,0,0,27,0,27,0,0,36,0,36,20,0,20,56
06/13/2021,JXN,MI,AGL,CE,Federal Contract Tower,0,0,14,0,14,0,0,69,0,69,0,0,83,0,83,20,0,20,103
06/14/2021,JXN,MI,AGL,CE,Federal Contract Tower,0,0,4,0,4,0,0,19,0,19,0,0,23,0,23,4,0,4,27
06/15/2021,JXN,MI,AGL,CE,Federal Contract Tower,0,0,16,0,16,0,2,53,0,55,0,2,69,0,71,44,0,44,115
06/16/2021,JXN,MI,AGL,CE,Federal Contract Tower,0,2,13,0,15,0,0,64,0,64,0,2,77,0,79,26,0,26,105
06/17/2021,JXN,MI,AGL,CE,Federal Contract Tower,0,3,4,0,7,0,3,69,0,72,0,6,73,0,79,70,0,70,149
06/18/2021,JXN,MI,AGL,CE,Federal Contract Tower,0,6,4,0,10,0,0,8,0,8,0,6,12,0,18,0,0,0,18
06/19/2021,JXN,MI,AGL,CE,Federal Contract Tower,0,0,8,0,8,0,0,13,0,13,0,0,21,0,21,4,0,4,25
06/20/2021,JXN,MI,AGL,CE,Federal Contract Tower,0,0,13,0,13,0,0,23,0,23,0,0,36,0,36,2,0,2,38
06/21/2021,JXN,MI,AGL,CE,Federal Contract Tower,0,2,4,0,6,0,0,4,0,4,0,2,8,0,10,0,0,0,10
06/22/2021,JXN,MI,AGL,CE,Federal Contract Tower,0,0,9,0,9,0,0,55,0,55,0,0,64,0,64,70,0,70,134
06/24/2021,JXN,MI,AGL,CE,Federal Contract Tower,0,8,3,0,11,0,2,48,0,50,0,10,51,0,61,6,0,6,67
06/25/2021,JXN,MI,AGL,CE,Federal Contract Tower,0,1,5,0,6,0,0,0,0,0,0,1,5,0,6,0,0,0,6
06/26/2021,JXN,MI,AGL,CE,Federal Contract Tower,0,3,10,0,13,0,0,6,0,6,0,3,16,0,19,4,0,4,23
06/27/2021,JXN,MI,AGL,CE,Federal Contract Tower,0,4,5,0,9,0,0,10,0,10,0,4,15,0,19,2,0,2,21
06/28/2021,JXN,MI,AGL,CE,Federal Contract Tower,0,0,10,0,10,0,2,10,0,12,0,2,20,0,22,16,0,16,38
06/29/2021,JXN,MI,AGL,CE,Federal Contract Tower,0,0,6,0,6,0,0,19,0,19,0,0,25,0,25,0,0,0,25
06/30/2021,JXN,MI,AGL,CE,Federal Contract Tower,0,3,8,0,11,0,1,13,0,14,0,4,21,0,25,10,0,10,35
07/01/2021,JXN,MI,AGL,CE,Federal Contract Tower,0,3,27,0,30,0,0,30,0,30,0,3,57,0,60,46,0,46,106
07/02/2021,JXN,MI,AGL,CE,Federal Contract Tower,0,3,6,0,9,0,0,37,0,37,0,3,43,0,46,12,0,12,58
07/03/2021,JXN,MI,AGL,CE,Federal Contract Tower,0,1,5,0,6,0,0,57,0,57,0,1,62,0,63,12,0,12,75
07/04/2021,JXN,MI,AGL,CE,Federal Contract Tower,0,1,6,0,7,0,0,54,0,54,0,1,60,0,61,0,0,0,61
07/05/2021,JXN,MI,AGL,CE,Federal Contract Tower,0,6,20,0,26,0,4,28,0,32,0,10,48,0,58,40,0,40,98
07/06/2021,JXN,MI,AGL,CE,Federal Contract Tower,0,5,18,0,23,0,0,36,0,36,0,5,54,0,59,32,0,32,91
07/07/2021,JXN,MI,AGL,CE,Federal Contract Tower,0,4,8,0,12,0,0,15,0,15,0,4,23,0,27,2,0,2,29
07/09/2021,JXN,MI,AGL,CE,Federal Contract Tower,0,8,29,0,37,0,6,60,0,66,0,14,89,0,103,52,0,52,155
07/10/2021,JXN,MI,AGL,CE,Federal Contract Tower,0,1,23,0,24,0,0,77,0,77,0,1,100,0,101,70,0,70,171
07/11/2021,JXN,MI,AGL,CE,Federal Contract Tower,0,1,10,0,11,0,0,0,0,0,0,1,10,0,11,0,0,0,11
07/12/2021,JXN,MI,AGL,CE,Federal Contract Tower,0,1,14,0,15,0,0,0,0,0,0,1,14,0,15,4,0,4,19
07/13/2021,JXN,MI,AGL,CE,Federal Contract Tower,0,4,8,0,12,0,0,5,0,5,0,4,13,0,17,2,0,2,19
07/14/2021,JXN,MI,AGL,CE,Federal Contract Tower,0,1,23,0,24,0,2,54,0,56,0,3,77,0,80,44,0,44,124
07/15/2021,JXN,MI,AGL,CE,Federal Contract Tower,0,7,20,0,27,0,0,28,2,30,0,7,48,2,57,28,0,28,85
07/16/2021,JXN,MI,AGL,CE,Federal Contract Tower,0,4,10,0,14,0,0,0,0,0,0,4,10,0,14,0,0,0,14
07/17/2021,JXN,MI,AGL,CE,Federal Contract Tower,0,4,28,0,32,0,6,44,0,50,0,10,72,0,82,46,0,46,128
07/18/2021,JXN,MI,AGL,CE,Federal Contract Tower,0,2,6,0,8,0,0,98,0,98,0,2,104,0,106,16,0,16,122
07/19/2021,JXN,MI,AGL,CE,Federal Contract Tower,0,0,10,0,10,0,0,41,0,41,0,0,51,0,51,100,0,100,151
07/20/2021,JXN,MI,AGL,CE,Federal Contract Tower,0,8,9,0,17,0,1,50,2,53,0,9,59,2,70,88,0,88,158
07/21/2021,JXN,MI,AGL,CE,Federal Contract Tower,0,3,7,0,10,0,2,49,0,51,0,5,56,0,61,44,0,44,105
07/22/2021,JXN,MI,AGL,CE,Federal Contract Tower,0,4,13,0,17,0,3,47,0,50,0,7,60,0,67,18,2,20,87
07/23/2021,JXN,MI,AGL,CE,Federal Contract Tower,0,5,10,0,15,0,0,7,0,7,0,5,17,0,22,2,0,2,24
07/24/2021,JXN,MI,AGL,CE,Federal Contract Tower,0,3,12,0,15,0,1,4,0,5,0,4,16,0,20,0,0,0,20
07/25/2021,JXN,MI,AGL,CE,Federal Contract Tower,0,7,7,0,14,0,1,68,0,69,0,8,75,0,83,40,0,40,123
07/26/2021,JXN,MI,AGL,CE,Federal Contract Tower,0,1,8,0,9,0,0,45,2,47,0,1,53,2,56,42,0,42,98
07/27/2021,JXN,MI,AGL,CE,Federal Contract Tower,0,3,9,0,12,0,2,30,0,32,0,5,39,0,44,72,2,74,118
07/28/2021,JXN,MI,AGL,CE,Federal Contract Tower,0,9,14,0,23,0,1,43,0,44,0,10,57,0,67,14,0,14,81
07/29/2021,JXN,MI,AGL,CE,Federal Contract Tower,0,4,13,0,17,0,0,23,0,23,0,4,36,0,40,24,0,24,64
07/30/2021,JXN,MI,AGL,CE,Federal Contract Tower,0,5,17,0,22,0,0,43,0,43,0,5,60,0,65,8,0,8,73
07/31/2021,JXN,MI,AGL,CE,Federal Contract Tower,0,0,25,0,25,0,0,80,0,80,0,0,105,0,105,40,0,40,145
08/01/2021,JXN,MI,AGL,CE,Federal Contract Tower,0,1,10,0,11,0,2,18,0,20,0,3,28,0,31,16,0,16,47
08/02/2021,JXN,MI,AGL,CE,Federal Contract Tower,0,0,10,0,10,0,0,46,0,46,0,0,56,0,56,20,0,20,76
08/03/2021,JXN,MI,AGL,CE,Federal Contract Tower,0,0,29,0,29,0,0,71,0,71,0,0,100,0,100,32,0,32,132
08/04/2021,JXN,MI,AGL,CE,Federal Contract Tower,0,6,33,0,39,0,0,58,0,58,0,6,91,0,97,76,0,76,173
08/05/2021,JXN,MI,AGL,CE,Federal Contract Tower,0,7,18,0,25,0,4,58,0,62,0,11,76,0,87,44,0,44,131
08/06/2021,JXN,MI,AGL,CE,Federal Contract Tower,0,3,6,0,9,0,0,44,0,44,0,3,50,0,53,18,0,18,71
08/07/2021,JXN,MI,AGL,CE,Federal Contract Tower,0,0,15,0,15,0,0,27,0,27,0,0,42,0,42,42,0,42,84
08/08/2021,JXN,MI,AGL,CE,Federal Contract Tower,0,0,10,0,10,0,0,34,0,34,0,0,44,0,44,20,0,20,64
08/09/2021,JXN,MI,AGL,CE,Federal Contract Tower,2,4,5,0,11,0,0,16,5,21,2,4,21,5,32,20,0,20,52
08/10/2021,JXN,MI,AGL,CE,Federal Contract Tower,0,3,22,2,27,0,0,32,0,32,0,3,54,2,59,24,0,24,83
08/11/2021,JXN,MI,AGL,CE,Federal Contract Tower,0,3,5,0,8,0,0,23,0,23,0,3,28,0,31,8,0,8,39
08/12/2021,JXN,MI,AGL,CE,Federal Contract Tower,0,2,17,0,19,0,0,32,0,32,0,2,49,0,51,16,0,16,67
08/13/2021,JXN,MI,AGL,CE,Federal Contract Tower,0,3,25,0,28,0,0,45,0,45,0,3,70,0,73,24,0,24,97
08/14/2021,JXN,MI,AGL,CE,Federal Contract Tower,0,0,6,0,6,0,0,88,0,88,0,0,94,0,94,48,0,48,142
08/15/2021,JXN,MI,AGL,CE,Federal Contract Tower,0,1,10,2,13,0,0,76,2,78,0,1,86,4,91,54,2,56,147
08/16/2021,JXN,MI,AGL,CE,Federal Contract Tower,0,4,23,0,27,0,0,27,0,27,0,4,50,0,54,24,0,24,78
08/17/2021,JXN,MI,AGL,CE,Federal Contract Tower,0,0,19,0,19,0,0,33,0,33,0,0,52,0,52,42,0,42,94
08/18/2021,JXN,MI,AGL,CE,Federal Contract Tower,0,3,26,0,29,0,0,31,0,31,0,3,57,0,60,58,0,58,118
08/19/2021,JXN,MI,AGL,CE,Federal Contract Tower,0,3,15,0,18,0,0,33,0,33,0,3,48,0,51,38,0,38,89
08/20/2021,JXN,MI,AGL,CE,Federal Contract Tower,0,6,21,0,27,0,0,47,0,47,0,6,68,0,74,68,0,68,142
08/21/2021,JXN,MI,AGL,CE,Federal Contract Tower,0,10,28,2,40,0,0,100,5,105,0,10,128,7,145,82,0,82,227
08/22/2021,JXN,MI,AGL,CE,Federal Contract Tower,0,5,26,0,31,0,0,35,0,35,0,5,61,0,66,18,0,18,84
08/23/2021,JXN,MI,AGL,CE,Federal Contract Tower,0,3,18,0,21,0,2,52,0,54,0,5,70,0,75,62,0,62,137
08/24/2021,JXN,MI,AGL,CE,Federal Contract Tower,0,1,10,0,11,0,0,31,0,31,0,1,41,0,42,44,0,44,86
08/25/2021,JXN,MI,AGL,CE,Federal Contract Tower,0,3,17,0,20,0,0,38,0,38,0,3,55,0,58,22,0,22,80
08/26/2021,JXN,MI,AGL,CE,Federal Contract Tower,0,1,17,0,18,0,0,54,2,56,0,1,71,2,74,58,2,60,134
08/27/2021,JXN,MI,AGL,CE,Federal Contract Tower,0,1,6,0,7,0,0,33,0,33,0,1,39,0,40,44,0,44,84
08/28/2021,JXN,MI,AGL,CE,Federal Contract Tower,0,0,4,0,4,0,0,55,0,55,0,0,59,0,59,14,0,14,73
08/29/2021,JXN,MI,AGL,CE,Federal Contract Tower,0,0,6,0,6,0,0,33,0,33,0,0,39,0,39,8,0,8,47
08/30/2021,JXN,MI,AGL,CE,Federal Contract Tower,0,0,24,0,24,0,0,35,0,35,0,0,59,0,59,26,0,26,85
08/31/2021,JXN,MI,AGL,CE,Federal Contract Tower,0,1,5,0,6,0,1,41,0,42,0,2,46,0,48,20,0,20,68
09/01/2021,JXN,MI,AGL,CE,Federal Contract Tower,0,1,17,0,18,0,0,34,0,34,0,1,51,0,52,38,0,38,90
09/02/2021,JXN,MI,AGL,CE,Federal Contract Tower,0,4,8,0,12,0,0,42,0,42,0,4,50,0,54,50,0,50,104
09/03/2021,JXN,MI,AGL,CE,Federal Contract Tower,0,2,12,0,14,0,1,51,0,52,0,3,63,0,66,50,0,50,116
09/04/2021,JXN,MI,AGL,CE,Federal Contract Tower,0,0,13,0,13,0,0,49,0,49,0,0,62,0,62,28,0,28,90
09/05/2021,JXN,MI,AGL,CE,Federal Contract Tower,0,8,10,0,18,0,9,46,0,55,0,17,56,0,73,16,0,16,89
09/06/2021,JXN,MI,AGL,CE,Federal Contract Tower,0,5,10,0,15,0,1,23,0,24,0,6,33,0,39,18,0,18,57
09/08/2021,JXN,MI,AGL,CE,Federal Contract Tower,0,14,18,0,32,0,1,60,0,61,0,15,78,0,93,14,0,14,107
09/09/2021,JXN,MI,AGL,CE,Federal Contract Tower,0,4,14,0,18,0,1,42,0,43,0,5,56,0,61,68,0,68,129
09/10/2021,JXN,MI,AGL,CE,Federal Contract Tower,0,5,19,0,24,0,0,102,0,102,0,5,121,0,126,70,0,70,196
09/11/2021,JXN,MI,AGL,CE,Federal Contract Tower,0,3,14,0,17,0,0,54,0,54,0,3,68,0,71,20,0,20,91
09/12/2021,JXN,MI,AGL,CE,Federal Contract Tower,0,1,8,0,9,0,0,55,0,55,0,1,63,0,64,18,0,18,82
09/13/2021,JXN,MI,AGL,CE,Federal Contract Tower,0,2,7,0,9,0,0,18,0,18,0,2,25,0,27,4,0,4,31
09/14/2021,JXN,MI,AGL,CE,Federal Contract Tower,0,4,9,0,13,0,0,7,0,7,0,4,16,0,20,8,0,8,28
09/15/2021,JXN,MI,AGL,CE,Federal Contract Tower,0,3,8,0,11,0,0,46,0,46,0,3,54,0,57,62,0,62,119
09/16/2021,JXN,MI,AGL,CE,Federal Contract Tower,0,1,18,0,19,0,4,75,0,79,0,5,93,0,98,50,0,50,148
09/17/2021,JXN,MI,AGL,CE,Federal Contract Tower,0,3,20,0,23,0,0,56,0,56,0,3,76,0,79,54,0,54,133
09/18/2021,JXN,MI,AGL,CE,Federal Contract Tower,0,2,27,2,31,0,2,77,3,82,0,4,104,5,113,76,2,78,191
09/19/2021,JXN,MI,AGL,CE,Federal Contract Tower,0,1,22,0,23,0,0,69,0,69,0,1,91,0,92,20,0,20,112
09/20/2021,JXN,MI,AGL,CE,Federal Contract Tower,0,4,5,0,9,0,0,12,0,12,0,4,17,0,21,14,0,14,35
09/21/2021,JXN,MI,AGL,CE,Federal Contract Tower,0,3,18,0,21,0,0,4,0,4,0,3,22,0,25,6,0,6,31
09/22/2021,JXN,MI,AGL,CE,Federal Contract Tower,0,0,9,0,9,0,0,0,0,0,0,0,9,0,9,0,0,0,9
09/23/2021,JXN,MI,AGL,CE,Federal Contract Tower,0,1,9,0,10,0,0,1,0,1,0,1,10,0,11,0,0,0,11
09/24/2021,JXN,MI,AGL,CE,Federal Contract Tower,0,3,11,0,14,0,0,41,0,41,0,3,52,0,55,56,0,56,111
09/25/2021,JXN,MI,AGL,CE,Federal Contract Tower,0,1,9,0,10,0,0,26,0,26,0,1,35,0,36,12,0,12,48
09/26/2021,JXN,MI,AGL,CE,Federal Contract Tower,0,1,30,0,31,0,0,81,0,81,0,1,111,0,112,50,0,50,162
09/27/2021,JXN,MI,AGL,CE,Federal Contract Tower,0,13,6,0,19,0,0,20,0,20,0,13,26,0,39,36,0,36,75
09/28/2021,JXN,MI,AGL,CE,Federal Contract Tower,0,2,7,0,9,0,0,39,0,39,0,2,46,0,48,16,0,16,64
09/29/2021,JXN,MI,AGL,CE,Federal Contract Tower,0,2,15,0,17,0,0,35,0,35,0,2,50,0,52,36,0,36,88
09/30/2021,JXN,MI,AGL,CE,Federal Contract Tower,0,1,8,0,9,0,0,32,0,32,0,1,40,0,41,58,0,58,99
10/01/2021,JXN,MI,AGL,CE,Federal Contract Tower,0,4,14,0,18,0,0,69,0,69,0,4,83,0,87,66,0,66,153
10/02/2021,JXN,MI,AGL,CE,Federal Contract Tower,0,8,26,0,34,0,9,53,0,62,0,17,79,0,96,52,0,52,148
10/03/2021,JXN,MI,AGL,CE,Federal Contract Tower,0,2,9,0,11,0,0,0,0,0,0,2,9,0,11,0,0,0,11
10/04/2021,JXN,MI,AGL,CE,Federal Contract Tower,0,2,8,0,10,0,0,0,0,0,0,2,8,0,10,0,0,0,10
10/05/2021,JXN,MI,AGL,CE,Federal Contract Tower,0,2,8,0,10,0,0,1,0,1,0,2,9,0,11,0,0,0,11
10/06/2021,JXN,MI,AGL,CE,Federal Contract Tower,0,7,17,0,24,0,0,8,0,8,0,7,25,0,32,8,0,8,40
10/07/2021,JXN,MI,AGL,CE,Federal Contract Tower,0,2,5,0,7,0,0,4,0,4,0,2,9,0,11,4,0,4,15
10/08/2021,JXN,MI,AGL,CE,Federal Contract Tower,0,2,2,0,4,0,0,2,0,2,0,2,4,0,6,2,0,2,8
10/09/2021,JXN,MI,AGL,CE,Federal Contract Tower,0,6,8,0,14,0,4,36,0,40,0,10,44,0,54,48,0,48,102
10/10/2021,JXN,MI,AGL,CE,Federal Contract Tower,0,1,2,0,3,0,0,34,0,34,0,1,36,0,37,22,0,22,59
10/11/2021,JXN,MI,AGL,CE,Federal Contract Tower,0,1,8,0,9,0,0,30,0,30,0,1,38,0,39,58,0,58,97
10/12/2021,JXN,MI,AGL,CE,Federal Contract Tower,0,5,2,0,7,0,0,4,0,4,0,5,6,0,11,2,0,2,13
10/13/2021,JXN,MI,AGL,CE,Federal Contract Tower,0,6,15,0,21,0,5,37,0,42,0,11,52,0,63,62,0,62,125
10/14/2021,JXN,MI,AGL,CE,Federal Contract Tower,0,1,2,2,5,0,0,5,2,7,0,1,7,4,12,2,2,4,16
10/15/2021,JXN,MI,AGL,CE,Federal Contract Tower,0,1,11,0,12,0,0,8,0,8,0,1,19,0,20,0,0,0,20
10/16/2021,JXN,MI,AGL,CE,Federal Contract Tower,0,0,9,0,9,0,0,43,0,43,0,0,52,0,52,36,2,38,90
10/17/2021,JXN,MI,AGL,CE,Federal Contract Tower,0,0,26,0,26,0,0,69,0,69,0,0,95,0,95,10,0,10,105
10/18/2021,JXN,MI,AGL,CE,Federal Contract Tower,0,6,16,0,22,0,0,35,0,35,0,6,51,0,57,48,0,48,105
10/19/2021,JXN,MI,AGL,CE,Federal Contract Tower,0,5,15,2,22,0,0,58,0,58,0,5,73,2,80,62,0,62,142
10/20/2021,JXN,MI,AGL,CE,Federal Contract Tower,0,1,10,0,11,0,0,39,0,39,0,1,49,0,50,32,0,32,82
10/21/2021,JXN,MI,AGL,CE,Federal Contract Tower,0,3,9,0,12,0,0,9,0,9,0,3,18,0,21,6,0,6,27
10/22/2021,JXN,MI,AGL,CE,Federal Contract Tower,0,13,27,0,40,0,0,53,0,53,0,13,80,0,93,44,0,44,137
10/23/2021,JXN,MI,AGL,CE,Federal Contract Tower,0,3,31,0,34,0,0,71,0,71,0,3,102,0,105,36,0,36,141
10/24/2021,JXN,MI,AGL,CE,Federal Contract Tower,0,5,17,0,22,0,1,30,0,31,0,6,47,0,53,20,0,20,73
10/25/2021,JXN,MI,AGL,CE,Federal Contract Tower,0,3,4,0,7,0,0,0,0,0,0,3,4,0,7,0,0,0,7
10/26/2021,JXN,MI,AGL,CE,Federal Contract Tower,0,7,16,3,26,0,0,32,3,35,0,7,48,6,61,38,16,54,115
10/27/2021,JXN,MI,AGL,CE,Federal Contract Tower,0,3,11,0,14,0,0,13,0,13,0,3,24,0,27,8,0,8,35
10/28/2021,JXN,MI,AGL,CE,Federal Contract Tower,0,3,9,0,12,0,2,24,0,26,0,5,33,0,38,54,0,54,92
10/29/2021,JXN,MI,AGL,CE,Federal Contract Tower,0,3,0,0,3,0,0,0,0,0,0,3,0,0,3,0,0,0,3
10/30/2021,JXN,MI,AGL,CE,Federal Contract Tower,0,0,9,0,9,0,0,0,0,0,0,0,9,0,9,0,0,0,9
10/31/2021,JXN,MI,AGL,CE,Federal Contract Tower,0,2,42,0,44,0,0,21,0,21,0,2,63,0,65,24,0,24,89
11/01/2021,JXN,MI,AGL,CE,Federal Contract Tower,0,2,9,0,11,0,0,22,0,22,0,2,31,0,33,20,0,20,53
11/02/2021,JXN,MI,AGL,CE,Federal Contract Tower,0,6,6,0,12,0,0,22,0,22,0,6,28,0,34,28,0,28,62
11/03/2021,JXN,MI,AGL,CE,Federal Contract Tower,0,1,20,0,21,0,0,48,0,48,0,1,68,0,69,30,0,30,99
11/04/2021,JXN,MI,AGL,CE,Federal Contract Tower,0,1,12,0,13,0,0,41,0,41,0,1,53,0,54,46,0,46,100
11/05/2021,JXN,MI,AGL,CE,Federal Contract Tower,0,1,19,0,20,0,0,58,0,58,0,1,77,0,78,30,0,30,108
11/06/2021,JXN,MI,AGL,CE,Federal Contract Tower,0,0,17,0,17,0,0,68,0,68,0,0,85,0,85,28,0,28,113
11/07/2021,JXN,MI,AGL,CE,Federal Contract Tower,0,0,16,0,16,0,0,88,0,88,0,0,104,0,104,56,0,56,160
11/08/2021,JXN,MI,AGL,CE,Federal Contract Tower,0,4,15,0,19,0,5,55,0,60,0,9,70,0,79,54,0,54,133
11/09/2021,JXN,MI,AGL,CE,Federal Contract Tower,0,4,6,0,10,0,0,9,0,9,0,4,15,0,19,64,2,66,85
11/10/2021,JXN,MI,AGL,CE,Federal Contract Tower,0,1,8,1,10,0,0,37,1,38,0,1,45,2,48,60,0,60,108
11/11/2021,JXN,MI,AGL,CE,Federal Contract Tower,0,2,3,0,5,0,0,9,0,9,0,2,12,0,14,2,0,2,16
11/12/2021,JXN,MI,AGL,CE,Federal Contract Tower,0,2,3,0,5,0,0,5,0,5,0,2,8,0,10,4,0,4,14
11/13/2021,JXN,MI,AGL,CE,Federal Contract Tower,0,2,1,0,3,0,0,5,0,5,0,2,6,0,8,2,0,2,10
11/14/2021,JXN,MI,AGL,CE,Federal Contract Tower,0,0,0,0,0,0,0,0,0,0,0,0,0,0,0,0,0,0,0
11/15/2021,JXN,MI,AGL,CE,Federal Contract Tower,0,0,1,0,1,0,0,14,0,14,0,0,15,0,15,4,0,4,19
11/16/2021,JXN,MI,AGL,CE,Federal Contract Tower,0,8,26,0,34,0,14,43,1,58,0,22,69,1,92,54,8,62,154
11/17/2021,JXN,MI,AGL,CE,Federal Contract Tower,0,7,22,0,29,0,0,4,0,4,0,7,26,0,33,2,0,2,35
11/18/2021,JXN,MI,AGL,CE,Federal Contract Tower,0,7,4,0,11,0,9,0,2,11,0,16,4,2,22,13,0,13,35
11/19/2021,JXN,MI,AGL,CE,Federal Contract Tower,0,3,15,0,18,0,1,61,0,62,0,4,76,0,80,58,0,58,138
11/20/2021,JXN,MI,AGL,CE,Federal Contract Tower,0,1,16,0,17,0,0,50,0,50,0,1,66,0,67,36,0,36,103
11/21/2021,JXN,MI,AGL,CE,Federal Contract Tower,0,0,6,0,6,0,0,10,0,10,0,0,16,0,16,4,0,4,20
11/22/2021,JXN,MI,AGL,CE,Federal Contract Tower,0,2,3,0,5,0,6,16,0,22,0,8,19,0,27,32,0,32,59
11/23/2021,JXN,MI,AGL,CE,Federal Contract Tower,0,6,22,0,28,0,8,73,2,83,0,14,95,2,111,68,2,70,181
11/24/2021,JXN,MI,AGL,CE,Federal Contract Tower,0,3,3,0,6,0,0,22,0,22,0,3,25,0,28,2,0,2,30
11/25/2021,JXN,MI,AGL,CE,Federal Contract Tower,0,0,0,0,0,0,0,0,0,0,0,0,0,0,0,0,0,0,0
11/26/2021,JXN,MI,AGL,CE,Federal Contract Tower,0,1,5,0,6,0,0,18,0,18,0,1,23,0,24,2,0,2,26
11/27/2021,JXN,MI,AGL,CE,Federal Contract Tower,0,0,9,0,9,0,0,15,0,15,0,0,24,0,24,0,0,0,24
11/28/2021,JXN,MI,AGL,CE,Federal Contract Tower,0,0,2,0,2,0,0,8,0,8,0,0,10,0,10,8,0,8,18
11/29/2021,JXN,MI,AGL,CE,Federal Contract Tower,0,8,11,0,19,0,9,26,0,35,0,17,37,0,54,40,0,40,94
11/30/2021,JXN,MI,AGL,CE,Federal Contract Tower,0,1,5,2,8,0,0,9,2,11,0,1,14,4,19,20,2,22,41
12/01/2021,JXN,MI,AGL,CE,Federal Contract Tower,0,3,2,0,5,0,0,15,0,15,0,3,17,0,20,14,0,14,34
12/02/2021,JXN,MI,AGL,CE,Federal Contract Tower,0,2,2,0,4,0,0,24,0,24,0,2,26,0,28,6,0,6,34
12/03/2021,JXN,MI,AGL,CE,Federal Contract Tower,0,1,1,0,2,0,0,0,0,0,0,1,1,0,2,0,0,0,2
12/04/2021,JXN,MI,AGL,CE,Federal Contract Tower,0,1,15,0,16,0,4,62,0,66,0,5,77,0,82,46,0,46,128
12/05/2021,JXN,MI,AGL,CE,Federal Contract Tower,0,2,0,0,2,0,0,8,0,8,0,2,8,0,10,0,0,0,10
12/06/2021,JXN,MI,AGL,CE,Federal Contract Tower,0,3,3,0,6,0,0,4,0,4,0,3,7,0,10,0,0,0,10
12/07/2021,JXN,MI,AGL,CE,Federal Contract Tower,0,4,7,0,11,0,1,29,0,30,0,5,36,0,41,66,4,70,111
12/08/2021,JXN,MI,AGL,CE,Federal Contract Tower,0,4,4,1,9,0,4,19,1,24,0,8,23,2,33,16,0,16,49
12/09/2021,JXN,MI,AGL,CE,Federal Contract Tower,0,3,18,0,21,0,0,10,0,10,0,3,28,0,31,8,0,8,39
12/10/2021,JXN,MI,AGL,CE,Federal Contract Tower,0,1,9,0,10,0,2,12,0,14,0,3,21,0,24,4,0,4,28
12/11/2021,JXN,MI,AGL,CE,Federal Contract Tower,0,0,0,0,0,0,0,0,0,0,0,0,0,0,0,0,0,0,0
12/12/2021,JXN,MI,AGL,CE,Federal Contract Tower,0,0,21,0,21,0,0,59,0,59,0,0,80,0,80,20,0,20,100
12/13/2021,JXN,MI,AGL,CE,Federal Contract Tower,0,5,12,0,17,0,0,43,0,43,0,5,55,0,60,66,0,66,126
12/14/2021,JXN,MI,AGL,CE,Federal Contract Tower,0,2,6,0,8,0,2,39,0,41,0,4,45,0,49,40,0,40,89
12/15/2021,JXN,MI,AGL,CE,Federal Contract Tower,0,3,7,0,10,0,0,0,0,0,0,3,7,0,10,4,2,6,16
12/16/2021,JXN,MI,AGL,CE,Federal Contract Tower,0,1,4,0,5,0,0,3,0,3,0,1,7,0,8,0,0,0,8
12/17/2021,JXN,MI,AGL,CE,Federal Contract Tower,0,1,17,0,18,0,0,86,0,86,0,1,103,0,104,28,0,28,132
12/18/2021,JXN,MI,AGL,CE,Federal Contract Tower,0,3,0,0,3,0,0,0,0,0,0,3,0,0,3,0,0,0,3
12/19/2021,JXN,MI,AGL,CE,Federal Contract Tower,0,2,11,0,13,0,0,36,0,36,0,2,47,0,49,72,0,72,121
12/20/2021,JXN,MI,AGL,CE,Federal Contract Tower,0,8,1,0,9,0,1,33,0,34,0,9,34,0,43,54,0,54,97
12/21/2021,JXN,MI,AGL,CE,Federal Contract Tower,0,2,2,4,8,0,0,11,10,21,0,2,13,14,29,4,4,8,37
12/22/2021,JXN,MI,AGL,CE,Federal Contract Tower,0,9,11,0,20,0,2,15,0,17,0,11,26,0,37,4,0,4,41
12/23/2021,JXN,MI,AGL,CE,Federal Contract Tower,0,1,0,0,1,0,0,18,0,18,0,1,18,0,19,6,0,6,25
12/24/2021,JXN,MI,AGL,CE,Federal Contract Tower,0,0,2,0,2,0,0,0,0,0,0,0,2,0,2,0,0,0,2
12/25/2021,JXN,MI,AGL,CE,Federal Contract Tower,0,0,0,0,0,0,0,0,0,0,0,0,0,0,0,0,0,0,0
12/26/2021,JXN,MI,AGL,CE,Federal Contract Tower,0,1,3,0,4,0,0,80,0,80,0,1,83,0,84,80,0,80,164
12/27/2021,JXN,MI,AGL,CE,Federal Contract Tower,0,2,0,0,2,0,0,0,0,0,0,2,0,0,2,0,0,0,2
12/28/2021,JXN,MI,AGL,CE,Federal Contract Tower,0,0,11,0,11,0,0,28,0,28,0,0,39,0,39,60,0,60,99
12/29/2021,JXN,MI,AGL,CE,Federal Contract Tower,0,1,3,0,4,0,0,0,0,0,0,1,3,0,4,0,0,0,4
12/30/2021,JXN,MI,AGL,CE,Federal Contract Tower,0,2,4,0,6,0,0,10,0,10,0,2,14,0,16,0,0,0,16
12/31/2021,JXN,MI,AGL,CE,Federal Contract Tower,0,0,2,0,2,0,0,7,0,7,0,0,9,0,9,8,0,8,17
01/01/2022,JXN,MI,AGL,CE,Federal Contract Tower,0,0,0,0,0,0,0,0,0,0,0,0,0,0,0,0,0,0,0
01/02/2022,JXN,MI,AGL,CE,Federal Contract Tower,0,1,2,0,3,0,0,9,0,9,0,1,11,0,12,20,0,20,32
01/03/2022,JXN,MI,AGL,CE,Federal Contract Tower,0,3,16,0,19,0,2,23,0,25,0,5,39,0,44,44,0,44,88
01/04/2022,JXN,MI,AGL,CE,Federal Contract Tower,0,3,15,1,19,0,0,28,1,29,0,3,43,2,48,34,0,34,82
01/05/2022,JXN,MI,AGL,CE,Federal Contract Tower,0,1,0,0,1,0,0,0,0,0,0,1,0,0,1,0,0,0,1
01/06/2022,JXN,MI,AGL,CE,Federal Contract Tower,0,3,2,0,5,0,0,0,0,0,0,3,2,0,5,2,0,2,7
01/07/2022,JXN,MI,AGL,CE,Federal Contract Tower,0,2,7,0,9,0,2,21,0,23,0,4,28,0,32,10,0,10,42
01/08/2022,JXN,MI,AGL,CE,Federal Contract Tower,0,2,11,0,13,0,2,48,0,50,0,4,59,0,63,34,0,34,97
01/09/2022,JXN,MI,AGL,CE,Federal Contract Tower,0,2,0,0,2,0,0,1,0,1,0,2,1,0,3,0,0,0,3
01/10/2022,JXN,MI,AGL,CE,Federal Contract Tower,0,2,2,0,4,0,0,7,0,7,0,2,9,0,11,2,0,2,13
01/11/2022,JXN,MI,AGL,CE,Federal Contract Tower,0,0,11,0,11,0,1,23,3,27,0,1,34,3,38,32,10,42,80
01/12/2022,JXN,MI,AGL,CE,Federal Contract Tower,0,1,6,0,7,0,5,31,0,36,0,6,37,0,43,8,0,8,51
01/13/2022,JXN,MI,AGL,CE,Federal Contract Tower,0,1,7,0,8,0,0,0,0,0,0,1,7,0,8,0,0,0,8
01/14/2022,JXN,MI,AGL,CE,Federal Contract Tower,0,3,3,0,6,0,0,2,0,2,0,3,5,0,8,2,0,2,10
01/15/2022,JXN,MI,AGL,CE,Federal Contract Tower,0,0,34,0,34,0,0,95,2,97,0,0,129,2,131,70,4,74,205
01/16/2022,JXN,MI,AGL,CE,Federal Contract Tower,0,0,29,0,29,0,1,86,0,87,0,1,115,0,116,48,0,48,164
01/17/2022,JXN,MI,AGL,CE,Federal Contract Tower,0,1,3,0,4,0,0,2,0,2,0,1,5,0,6,0,0,0,6
01/18/2022,JXN,MI,AGL,CE,Federal Contract Tower,0,0,2,0,2,0,1,21,0,22,0,1,23,0,24,50,0,50,74
01/19/2022,JXN,MI,AGL,CE,Federal Contract Tower,0,2,3,0,5,0,0,4,5,9,0,2,7,5,14,0,0,0,14
01/20/2022,JXN,MI,AGL,CE,Federal Contract Tower,0,2,4,4,10,0,0,22,4,26,0,2,26,8,36,32,4,36,72
01/21/2022,JXN,MI,AGL,CE,Federal Contract Tower,0,4,9,0,13,0,2,61,0,63,0,6,70,0,76,36,0,36,112
01/22/2022,JXN,MI,AGL,CE,Federal Contract Tower,0,0,6,0,6,0,0,3,0,3,0,0,9,0,9,2,0,2,11
01/23/2022,JXN,MI,AGL,CE,Federal Contract Tower,0,0,4,0,4,0,0,0,0,0,0,0,4,0,4,2,0,2,6
01/24/2022,JXN,MI,AGL,CE,Federal Contract Tower,0,0,0,0,0,0,0,1,0,1,0,0,1,0,1,0,0,0,1
01/25/2022,JXN,MI,AGL,CE,Federal Contract Tower,0,2,1,0,3,0,0,7,0,7,0,2,8,0,10,0,0,0,10
01/26/2022,JXN,MI,AGL,CE,Federal Contract Tower,0,13,25,0,38,0,10,41,2,53,0,23,66,2,91,42,0,42,133
01/27/2022,JXN,MI,AGL,CE,Federal Contract Tower,0,3,11,4,18,0,0,12,4,16,0,3,23,8,34,16,4,20,54
01/28/2022,JXN,MI,AGL,CE,Federal Contract Tower,0,2,28,0,30,0,3,41,0,44,0,5,69,0,74,56,0,56,130
01/29/2022,JXN,MI,AGL,CE,Federal Contract Tower,0,2,13,0,15,0,2,31,0,33,0,4,44,0,48,4,0,4,52
01/30/2022,JXN,MI,AGL,CE,Federal Contract Tower,0,2,6,2,10,0,0,21,0,21,0,2,27,2,31,18,0,18,49
01/31/2022,JXN,MI,AGL,CE,Federal Contract Tower,0,0,11,0,11,0,7,23,0,30,0,7,34,0,41,40,0,40,81
02/01/2022,JXN,MI,AGL,CE,Federal Contract Tower,0,2,2,0,4,0,0,4,2,6,0,2,6,2,10,4,0,4,14
02/02/2022,JXN,MI,AGL,CE,Federal Contract Tower,0,1,0,0,1,0,0,0,0,0,0,1,0,0,1,0,0,0,1
02/03/2022,JXN,MI,AGL,CE,Federal Contract Tower,0,2,0,0,2,0,0,0,0,0,0,2,0,0,2,0,0,0,2
02/04/2022,JXN,MI,AGL,CE,Federal Contract Tower,0,3,6,0,9,0,0,26,0,26,0,3,32,0,35,30,0,30,65
02/05/2022,JXN,MI,AGL,CE,Federal Contract Tower,0,3,7,0,10,0,0,28,0,28,0,3,35,0,38,24,0,24,62
02/06/2022,JXN,MI,AGL,CE,Federal Contract Tower,0,1,20,0,21,0,0,37,0,37,0,1,57,0,58,51,0,51,109
02/07/2022,JXN,MI,AGL,CE,Federal Contract Tower,0,0,4,0,4,0,0,0,0,0,0,0,4,0,4,0,0,0,4
02/08/2022,JXN,MI,AGL,CE,Federal Contract Tower,0,8,2,0,10,0,6,24,0,30,0,14,26,0,40,14,0,14,54
02/09/2022,JXN,MI,AGL,CE,Federal Contract Tower,0,8,7,0,15,0,7,22,0,29,0,15,29,0,44,22,0,22,66
02/10/2022,JXN,MI,AGL,CE,Federal Contract Tower,0,6,4,0,10,0,3,7,1,11,0,9,11,1,21,14,2,16,37
02/11/2022,JXN,MI,AGL,CE,Federal Contract Tower,0,0,0,0,0,0,0,0,0,0,0,0,0,0,0,0,0,0,0
02/12/2022,JXN,MI,AGL,CE,Federal Contract Tower,0,0,10,0,10,0,0,15,0,15,0,0,25,0,25,18,0,18,43
02/13/2022,JXN,MI,AGL,CE,Federal Contract Tower,0,2,0,0,2,0,0,2,0,2,0,2,2,0,4,0,0,0,4
02/14/2022,JXN,MI,AGL,CE,Federal Contract Tower,0,0,6,0,6,0,0,8,0,8,0,0,14,0,14,32,0,32,46
02/15/2022,JXN,MI,AGL,CE,Federal Contract Tower,0,14,8,0,22,0,0,48,0,48,0,14,56,0,70,46,0,46,116
02/16/2022,JXN,MI,AGL,CE,Federal Contract Tower,0,1,3,0,4,0,1,2,0,3,0,2,5,0,7,0,0,0,7
02/17/2022,JXN,MI,AGL,CE,Federal Contract Tower,0,5,0,0,5,0,0,0,0,0,0,5,0,0,5,0,0,0,5
02/18/2022,JXN,MI,AGL,CE,Federal Contract Tower,0,12,3,0,15,0,1,31,0,32,0,13,34,0,47,24,0,24,71
02/19/2022,JXN,MI,AGL,CE,Federal Contract Tower,0,2,4,0,6,0,0,7,0,7,0,2,11,0,13,2,0,2,15
02/20/2022,JXN,MI,AGL,CE,Federal Contract Tower,0,2,5,0,7,0,0,2,0,2,0,2,7,0,9,0,0,0,9
02/21/2022,JXN,MI,AGL,CE,Federal Contract Tower,0,25,17,0,42,0,14,29,0,43,0,39,46,0,85,88,0,88,173
02/22/2022,JXN,MI,AGL,CE,Federal Contract Tower,0,1,4,0,5,0,0,0,0,0,0,1,4,0,5,0,0,0,5
02/23/2022,JXN,MI,AGL,CE,Federal Contract Tower,0,2,8,2,12,0,0,22,6,28,0,2,30,8,40,18,2,20,60
02/24/2022,JXN,MI,AGL,CE,Federal Contract Tower,0,9,4,0,13,0,4,35,0,39,0,13,39,0,52,46,0,46,98
02/25/2022,JXN,MI,AGL,CE,Federal Contract Tower,0,7,0,0,7,0,2,7,0,9,0,9,7,0,16,20,0,20,36
02/26/2022,JXN,MI,AGL,CE,Federal Contract Tower,0,4,14,0,18,0,0,26,0,26,0,4,40,0,44,18,0,18,62
02/27/2022,JXN,MI,AGL,CE,Federal Contract Tower,0,6,9,0,15,0,4,33,0,37,0,10,42,0,52,28,0,28,80
02/28/2022,JXN,MI,AGL,CE,Federal Contract Tower,0,13,18,0,31,0,5,43,0,48,0,18,61,0,79,48,0,48,127
03/01/2022,JXN,MI,AGL,CE,Federal Contract Tower,0,8,6,0,14,0,7,32,0,39,0,15,38,0,53,28,0,28,81
03/02/2022,JXN,MI,AGL,CE,Federal Contract Tower,0,2,5,2,9,0,1,45,2,48,0,3,50,4,57,74,6,80,137
03/03/2022,JXN,MI,AGL,CE,Federal Contract Tower,0,3,8,0,11,0,9,38,2,49,0,12,46,2,60,92,10,102,162
03/04/2022,JXN,MI,AGL,CE,Federal Contract Tower,0,6,13,0,19,0,0,65,0,65,0,6,78,0,84,90,0,90,174
03/05/2022,JXN,MI,AGL,CE,Federal Contract Tower,0,0,3,0,3,0,0,76,0,76,0,0,79,0,79,50,0,50,129
03/06/2022,JXN,MI,AGL,CE,Federal Contract Tower,0,1,1,0,2,0,0,0,0,0,0,1,1,0,2,0,0,0,2
03/07/2022,JXN,MI,AGL,CE,Federal Contract Tower,0,3,0,0,3,0,0,0,0,0,0,3,0,0,3,0,0,0,3
03/08/2022,JXN,MI,AGL,CE,Federal Contract Tower,0,2,12,0,14,0,2,41,0,43,0,4,53,0,57,72,0,72,129
03/09/2022,JXN,MI,AGL,CE,Federal Contract Tower,0,2,9,0,11,0,2,43,0,45,0,4,52,0,56,24,0,24,80
03/10/2022,JXN,MI,AGL,CE,Federal Contract Tower,0,7,11,0,18,0,2,47,0,49,0,9,58,0,67,44,2,46,113
03/11/2022,JXN,MI,AGL,CE,Federal Contract Tower,0,5,1,0,6,0,0,1,0,1,0,5,2,0,7,6,0,6,13
03/12/2022,JXN,MI,AGL,CE,Federal Contract Tower,0,0,0,0,0,0,0,6,0,6,0,0,6,0,6,6,0,6,12
03/13/2022,JXN,MI,AGL,CE,Federal Contract Tower,0,0,3,0,3,0,0,1,0,1,0,0,4,0,4,0,0,0,4
03/14/2022,JXN,MI,AGL,CE,Federal Contract Tower,0,9,26,0,35,0,8,47,0,55,0,17,73,0,90,78,0,78,168
03/15/2022,JXN,MI,AGL,CE,Federal Contract Tower,0,0,7,0,7,0,0,51,0,51,0,0,58,0,58,34,0,34,92
03/16/2022,JXN,MI,AGL,CE,Federal Contract Tower,0,4,21,0,25,0,7,57,0,64,0,11,78,0,89,62,0,62,151
03/17/2022,JXN,MI,AGL,CE,Federal Contract Tower,0,2,18,0,20,0,0,78,0,78,0,2,96,0,98,74,0,74,172
03/18/2022,JXN,MI,AGL,CE,Federal Contract Tower,0,7,6,0,13,0,6,23,0,29,0,13,29,0,42,26,0,26,68
03/19/2022,JXN,MI,AGL,CE,Federal Contract Tower,0,1,0,0,1,0,0,0,0,0,0,1,0,0,1,0,0,0,1
03/20/2022,JXN,MI,AGL,CE,Federal Contract Tower,0,1,17,0,18,0,0,94,0,94,0,1,111,0,112,96,0,96,208
03/21/2022,JXN,MI,AGL,CE,Federal Contract Tower,0,12,17,0,29,0,3,50,0,53,0,15,67,0,82,116,0,116,198
03/22/2022,JXN,MI,AGL,CE,Federal Contract Tower,0,1,5,0,6,0,4,9,0,13,0,5,14,0,19,18,0,18,37
03/23/2022,JXN,MI,AGL,CE,Federal Contract Tower,0,1,6,0,7,0,0,4,0,4,0,1,10,0,11,4,0,4,15
03/24/2022,JXN,MI,AGL,CE,Federal Contract Tower,0,3,4,0,7,0,0,4,0,4,0,3,8,0,11,4,0,4,15
03/25/2022,JXN,MI,AGL,CE,Federal Contract Tower,0,2,9,0,11,0,0,9,0,9,0,2,18,0,20,38,0,38,58
03/26/2022,JXN,MI,AGL,CE,Federal Contract Tower,0,1,3,0,4,0,0,3,0,3,0,1,6,0,7,0,0,0,7
03/27/2022,JXN,MI,AGL,CE,Federal Contract Tower,0,0,2,0,2,0,0,1,0,1,0,0,3,0,3,18,0,18,21
03/28/2022,JXN,MI,AGL,CE,Federal Contract Tower,0,0,10,0,10,0,13,30,0,43,0,13,40,0,53,22,0,22,75
03/29/2022,JXN,MI,AGL,CE,Federal Contract Tower,0,2,10,0,12,0,3,50,0,53,0,5,60,0,65,66,0,66,131
03/30/2022,JXN,MI,AGL,CE,Federal Contract Tower,0,0,0,0,0,0,0,2,4,6,0,0,2,4,6,0,0,0,6
03/31/2022,JXN,MI,AGL,CE,Federal Contract Tower,0,4,6,0,10,0,0,1,0,1,0,4,7,0,11,2,0,2,13
04/01/2022,JXN,MI,AGL,CE,Federal Contract Tower,0,1,3,0,4,0,0,9,0,9,0,1,12,0,13,28,0,28,41
04/02/2022,JXN,MI,AGL,CE,Federal Contract Tower,0,3,17,1,21,0,1,95,3,99,0,4,112,4,120,54,0,54,174
04/03/2022,JXN,MI,AGL,CE,Federal Contract Tower,0,11,5,0,16,0,9,14,0,23,0,20,19,0,39,48,0,48,87
04/04/2022,JXN,MI,AGL,CE,Federal Contract Tower,0,8,11,0,19,0,0,6,0,6,0,8,17,0,25,26,0,26,51
04/05/2022,JXN,MI,AGL,CE,Federal Contract Tower,0,4,8,3,15,0,0,35,2,37,0,4,43,5,52,30,2,32,84
04/06/2022,JXN,MI,AGL,CE,Federal Contract Tower,0,2,3,0,5,0,0,9,0,9,0,2,12,0,14,30,0,30,44
04/07/2022,JXN,MI,AGL,CE,Federal Contract Tower,0,1,1,0,2,0,0,14,2,16,0,1,15,2,18,20,0,20,38
04/08/2022,JXN,MI,AGL,CE,Federal Contract Tower,0,0,4,0,4,0,0,1,0,1,0,0,5,0,5,0,0,0,5
04/09/2022,JXN,MI,AGL,CE,Federal Contract Tower,0,0,21,0,21,0,0,26,0,26,0,0,47,0,47,66,0,66,113
04/10/2022,JXN,MI,AGL,CE,Federal Contract Tower,0,4,21,0,25,0,8,123,0,131,0,12,144,0,156,60,0,60,216
04/11/2022,JXN,MI,AGL,CE,Federal Contract Tower,0,0,1,0,1,0,6,24,0,30,0,6,25,0,31,26,0,26,57
04/12/2022,JXN,MI,AGL,CE,Federal Contract Tower,0,10,19,0,29,0,15,67,0,82,0,25,86,0,111,62,0,62,173
04/13/2022,JXN,MI,AGL,CE,Federal Contract Tower,0,0,2,0,2,0,0,2,0,2,0,0,4,0,4,2,0,2,6
04/14/2022,JXN,MI,AGL,CE,Federal Contract Tower,0,1,2,1,4,0,0,5,1,6,0,1,7,2,10,0,0,0,10
04/15/2022,JXN,MI,AGL,CE,Federal Contract Tower,0,2,0,0,2,0,3,3,0,6,0,5,3,0,8,0,0,0,8
04/16/2022,JXN,MI,AGL,CE,Federal Contract Tower,0,2,19,0,21,0,2,49,0,51,0,4,68,0,72,20,0,20,92
04/17/2022,JXN,MI,AGL,CE,Federal Contract Tower,0,2,8,0,10,0,1,56,0,57,0,3,64,0,67,70,0,70,137
04/18/2022,JXN,MI,AGL,CE,Federal Contract Tower,0,3,5,0,8,0,0,0,0,0,0,3,5,0,8,0,0,0,8
04/19/2022,JXN,MI,AGL,CE,Federal Contract Tower,0,0,19,0,19,0,0,12,0,12,0,0,31,0,31,6,0,6,37
04/20/2022,JXN,MI,AGL,CE,Federal Contract Tower,0,0,11,0,11,0,2,40,2,44,0,2,51,2,55,36,0,36,91
04/21/2022,JXN,MI,AGL,CE,Federal Contract Tower,0,2,4,0,6,0,0,7,2,9,0,2,11,2,15,12,0,12,27
04/22/2022,JXN,MI,AGL,CE,Federal Contract Tower,0,0,9,0,9,0,2,33,0,35,0,2,42,0,44,52,0,52,96
04/23/2022,JXN,MI,AGL,CE,Federal Contract Tower,0,0,17,0,17,0,2,79,0,81,0,2,96,0,98,24,0,24,122
04/24/2022,JXN,MI,AGL,CE,Federal Contract Tower,0,0,5,0,5,0,0,22,0,22,0,0,27,0,27,14,0,14,41
04/25/2022,JXN,MI,AGL,CE,Federal Contract Tower,0,0,8,0,8,0,0,12,0,12,0,0,20,0,20,36,0,36,56
04/26/2022,JXN,MI,AGL,CE,Federal Contract Tower,0,5,6,0,11,0,3,6,0,9,0,8,12,0,20,8,0,8,28
04/27/2022,JXN,MI,AGL,CE,Federal Contract Tower,0,1,7,0,8,0,6,35,0,41,0,7,42,0,49,46,0,46,95
04/28/2022,JXN,MI,AGL,CE,Federal Contract Tower,0,3,16,0,19,0,0,82,0,82,0,3,98,0,101,84,0,84,185
04/29/2022,JXN,MI,AGL,CE,Federal Contract Tower,0,7,25,0,32,0,9,68,0,77,0,16,93,0,109,92,0,92,201
04/30/2022,JXN,MI,AGL,CE,Federal Contract Tower,0,2,8,0,10,0,0,39,0,39,0,2,47,0,49,44,0,44,93
05/01/2022,JXN,MI,AGL,CE,Federal Contract Tower,0,0,4,0,4,0,0,6,0,6,0,0,10,0,10,6,0,6,16
05/02/2022,JXN,MI,AGL,CE,Federal Contract Tower,0,0,7,0,7,0,0,12,0,12,0,0,19,0,19,12,0,12,31
05/03/2022,JXN,MI,AGL,CE,Federal Contract Tower,0,2,4,0,6,0,0,2,0,2,0,2,6,0,8,2,0,2,10
05/04/2022,JXN,MI,AGL,CE,Federal Contract Tower,0,4,7,0,11,0,2,37,0,39,0,6,44,0,50,32,0,32,82
05/05/2022,JXN,MI,AGL,CE,Federal Contract Tower,0,0,21,0,21,0,2,39,0,41,0,2,60,0,62,74,0,74,136
05/06/2022,JXN,MI,AGL,CE,Federal Contract Tower,0,2,6,0,8,0,0,2,0,2,0,2,8,0,10,2,0,2,12
05/07/2022,JXN,MI,AGL,CE,Federal Contract Tower,0,7,14,0,21,0,0,69,0,69,0,7,83,0,90,32,0,32,122
05/08/2022,JXN,MI,AGL,CE,Federal Contract Tower,0,3,13,0,16,0,0,61,0,61,0,3,74,0,77,22,0,22,99
05/09/2022,JXN,MI,AGL,CE,Federal Contract Tower,0,5,3,0,8,0,4,19,0,23,0,9,22,0,31,12,0,12,43
05/10/2022,JXN,MI,AGL,CE,Federal Contract Tower,0,5,31,1,37,0,4,82,3,89,0,9,113,4,126,98,0,98,224
05/11/2022,JXN,MI,AGL,CE,Federal Contract Tower,0,0,22,0,22,0,0,67,2,69,0,0,89,2,91,56,0,56,147
05/12/2022,JXN,MI,AGL,CE,Federal Contract Tower,0,5,14,0,19,0,3,56,0,59,0,8,70,0,78,80,0,80,158
05/13/2022,JXN,MI,AGL,CE,Federal Contract Tower,0,6,16,0,22,0,0,57,4,61,0,6,73,4,83,48,0,48,131
05/14/2022,JXN,MI,AGL,CE,Federal Contract Tower,0,0,3,0,3,0,0,58,6,64,0,0,61,6,67,8,0,8,75
05/15/2022,JXN,MI,AGL,CE,Federal Contract Tower,0,8,13,0,21,0,9,51,0,60,0,17,64,0,81,54,0,54,135
05/16/2022,JXN,MI,AGL,CE,Federal Contract Tower,0,0,24,0,24,0,0,44,0,44,0,0,68,0,68,30,0,30,98
05/17/2022,JXN,MI,AGL,CE,Federal Contract Tower,0,0,7,0,7,0,2,53,1,56,0,2,60,1,63,40,0,40,103
05/18/2022,JXN,MI,AGL,CE,Federal Contract Tower,0,0,2,0,2,0,0,6,0,6,0,0,8,0,8,0,0,0,8
05/19/2022,JXN,MI,AGL,CE,Federal Contract Tower,0,4,9,0,13,0,0,40,0,40,0,4,49,0,53,56,0,56,109
05/20/2022,JXN,MI,AGL,CE,Federal Contract Tower,0,4,3,0,7,0,4,36,0,40,0,8,39,0,47,86,0,86,133
05/21/2022,JXN,MI,AGL,CE,Federal Contract Tower,0,0,1,0,1,0,0,18,0,18,0,0,19,0,19,34,0,34,53
05/22/2022,JXN,MI,AGL,CE,Federal Contract Tower,0,1,11,0,12,0,0,16,0,16,0,1,27,0,28,28,0,28,56
05/23/2022,JXN,MI,AGL,CE,Federal Contract Tower,0,0,14,0,14,0,0,55,0,55,0,0,69,0,69,66,0,66,135
05/24/2022,JXN,MI,AGL,CE,Federal Contract Tower,0,0,11,3,14,0,12,62,0,74,0,12,73,3,88,104,0,104,192
05/25/2022,JXN,MI,AGL,CE,Federal Contract Tower,0,6,3,0,9,0,0,14,0,14,0,6,17,0,23,68,0,68,91
05/26/2022,JXN,MI,AGL,CE,Federal Contract Tower,0,0,9,0,9,0,0,33,0,33,0,0,42,0,42,40,0,40,82
05/27/2022,JXN,MI,AGL,CE,Federal Contract Tower,0,3,11,0,14,0,0,12,0,12,0,3,23,0,26,16,0,16,42
05/28/2022,JXN,MI,AGL,CE,Federal Contract Tower,0,9,11,4,24,0,8,77,0,85,0,17,88,4,109,54,0,54,163
05/29/2022,JXN,MI,AGL,CE,Federal Contract Tower,0,1,0,0,1,0,0,88,0,88,0,1,88,0,89,30,0,30,119
05/30/2022,JXN,MI,AGL,CE,Federal Contract Tower,0,2,8,0,10,0,0,36,0,36,0,2,44,0,46,20,0,20,66
05/31/2022,JXN,MI,AGL,CE,Federal Contract Tower,0,3,3,0,6,0,4,26,0,30,0,7,29,0,36,16,0,16,52
06/01/2022,JXN,MI,AGL,CE,Federal Contract Tower,0,0,20,0,20,0,10,45,0,55,0,10,65,0,75,88,0,88,163
06/02/2022,JXN,MI,AGL,CE,Federal Contract Tower,0,2,19,0,21,0,4,54,2,60,0,6,73,2,81,72,2,74,155
06/03/2022,JXN,MI,AGL,CE,Federal Contract Tower,0,2,11,0,13,0,0,47,0,47,0,2,58,0,60,30,0,30,90
06/04/2022,JXN,MI,AGL,CE,Federal Contract Tower,0,5,8,0,13,0,6,68,0,74,0,11,76,0,87,52,0,52,139
06/05/2022,JXN,MI,AGL,CE,Federal Contract Tower,0,1,10,0,11,0,0,48,0,48,0,1,58,0,59,22,0,22,81
06/06/2022,JXN,MI,AGL,CE,Federal Contract Tower,0,2,7,0,9,0,3,15,0,18,0,5,22,0,27,26,0,26,53
06/07/2022,JXN,MI,AGL,CE,Federal Contract Tower,0,0,30,0,30,0,0,22,16,38,0,0,52,16,68,22,0,22,90
06/08/2022,JXN,MI,AGL,CE,Federal Contract Tower,0,2,10,0,12,0,0,71,0,71,0,2,81,0,83,120,0,120,203
06/09/2022,JXN,MI,AGL,CE,Federal Contract Tower,0,4,17,0,21,0,0,39,0,39,0,4,56,0,60,46,0,46,106
06/10/2022,JXN,MI,AGL,CE,Federal Contract Tower,0,2,37,0,39,0,2,72,0,74,0,4,109,0,113,62,0,62,175
06/11/2022,JXN,MI,AGL,CE,Federal Contract Tower,0,2,12,0,14,0,0,91,0,91,0,2,103,0,105,124,0,124,229
06/12/2022,JXN,MI,AGL,CE,Federal Contract Tower,0,0,15,0,15,0,2,34,16,52,0,2,49,16,67,20,0,20,87
06/13/2022,JXN,MI,AGL,CE,Federal Contract Tower,0,5,7,0,12,0,2,31,0,33,0,7,38,0,45,54,0,54,99
06/14/2022,JXN,MI,AGL,CE,Federal Contract Tower,0,4,17,0,21,0,2,23,0,25,0,6,40,0,46,56,0,56,102
06/15/2022,JXN,MI,AGL,CE,Federal Contract Tower,0,0,11,0,11,0,4,46,0,50,0,4,57,0,61,56,0,56,117
06/16/2022,JXN,MI,AGL,CE,Federal Contract Tower,0,1,4,0,5,0,9,22,0,31,0,10,26,0,36,16,0,16,52
06/17/2022,JXN,MI,AGL,CE,Federal Contract Tower,0,3,4,0,7,0,0,44,0,44,0,3,48,0,51,14,0,14,65
06/18/2022,JXN,MI,AGL,CE,Federal Contract Tower,0,3,23,0,26,0,0,67,0,67,0,3,90,0,93,38,0,38,131
06/19/2022,JXN,MI,AGL,CE,Federal Contract Tower,0,2,5,0,7,0,0,61,0,61,0,2,66,0,68,66,0,66,134
06/20/2022,JXN,MI,AGL,CE,Federal Contract Tower,0,0,15,0,15,0,4,44,0,48,0,4,59,0,63,118,0,118,181
06/21/2022,JXN,MI,AGL,CE,Federal Contract Tower,0,1,18,0,19,0,0,57,0,57,0,1,75,0,76,118,0,118,194
06/22/2022,JXN,MI,AGL,CE,Federal Contract Tower,0,4,10,0,14,0,0,44,0,44,0,4,54,0,58,42,0,42,100
06/23/2022,JXN,MI,AGL,CE,Federal Contract Tower,0,2,6,0,8,0,0,64,0,64,0,2,70,0,72,90,0,90,162
06/24/2022,JXN,MI,AGL,CE,Federal Contract Tower,0,5,15,0,20,0,22,65,0,87,0,27,80,0,107,60,0,60,167
06/25/2022,JXN,MI,AGL,CE,Federal Contract Tower,0,0,0,2,2,0,4,144,13,161,0,4,144,15,163,123,4,127,290
06/26/2022,JXN,MI,AGL,CE,Federal Contract Tower,0,1,7,0,8,0,0,16,0,16,0,1,23,0,24,18,0,18,42
06/27/2022,JXN,MI,AGL,CE,Federal Contract Tower,0,4,4,0,8,0,0,25,0,25,0,4,29,0,33,22,0,22,55
06/28/2022,JXN,MI,AGL,CE,Federal Contract Tower,0,5,11,0,16,0,10,48,0,58,0,15,59,0,74,56,0,56,130
06/29/2022,JXN,MI,AGL,CE,Federal Contract Tower,0,2,14,0,16,0,17,51,0,68,0,19,65,0,84,48,0,48,132
06/30/2022,JXN,MI,AGL,CE,Federal Contract Tower,0,2,7,0,9,0,0,46,0,46,0,2,53,0,55,72,2,74,129
07/01/2022,JXN,MI,AGL,CE,Federal Contract Tower,0,3,5,0,8,0,2,41,0,43,0,5,46,0,51,106,0,106,157
07/02/2022,JXN,MI,AGL,CE,Federal Contract Tower,0,0,13,0,13,0,0,71,0,71,0,0,84,0,84,60,0,60,144
07/03/2022,JXN,MI,AGL,CE,Federal Contract Tower,0,0,6,0,6,0,0,41,0,41,0,0,47,0,47,20,0,20,67
07/04/2022,JXN,MI,AGL,CE,Federal Contract Tower,0,1,3,0,4,0,0,38,0,38,0,1,41,0,42,46,0,46,88
07/05/2022,JXN,MI,AGL,CE,Federal Contract Tower,0,1,12,0,13,0,0,18,0,18,0,1,30,0,31,14,0,14,45
07/06/2022,JXN,MI,AGL,CE,Federal Contract Tower,0,0,17,0,17,0,0,17,0,17,0,0,34,0,34,20,0,20,54
07/07/2022,JXN,MI,AGL,CE,Federal Contract Tower,0,4,17,0,21,0,5,38,0,43,0,9,55,0,64,94,0,94,158
07/08/2022,JXN,MI,AGL,CE,Federal Contract Tower,0,2,13,0,15,0,0,30,0,30,0,2,43,0,45,74,0,74,119
07/09/2022,JXN,MI,AGL,CE,Federal Contract Tower,0,2,2,0,4,0,0,73,3,76,0,2,75,3,80,32,0,32,112
07/10/2022,JXN,MI,AGL,CE,Federal Contract Tower,0,0,12,2,14,0,0,71,0,71,0,0,83,2,85,46,0,46,131
07/11/2022,JXN,MI,AGL,CE,Federal Contract Tower,0,2,6,0,8,0,4,32,0,36,0,6,38,0,44,46,0,46,90
07/12/2022,JXN,MI,AGL,CE,Federal Contract Tower,0,2,7,0,9,0,1,33,0,34,0,3,40,0,43,72,0,72,115
07/13/2022,JXN,MI,AGL,CE,Federal Contract Tower,0,4,14,0,18,0,7,25,0,32,0,11,39,0,50,24,0,24,74
07/14/2022,JXN,MI,AGL,CE,Federal Contract Tower,0,7,18,0,25,0,2,45,0,47,0,9,63,0,72,66,0,66,138
07/15/2022,JXN,MI,AGL,CE,Federal Contract Tower,0,4,2,0,6,0,1,46,0,47,0,5,48,0,53,54,0,54,107
07/16/2022,JXN,MI,AGL,CE,Federal Contract Tower,0,5,29,0,34,0,0,57,0,57,0,5,86,0,91,96,0,96,187
07/17/2022,JXN,MI,AGL,CE,Federal Contract Tower,0,2,5,0,7,0,0,5,1,6,0,2,10,1,13,8,0,8,21
07/18/2022,JXN,MI,AGL,CE,Federal Contract Tower,0,1,31,0,32,0,14,52,0,66,0,15,83,0,98,68,0,68,166
07/19/2022,JXN,MI,AGL,CE,Federal Contract Tower,0,1,19,2,22,0,0,65,2,67,0,1,84,4,89,94,0,94,183
07/20/2022,JXN,MI,AGL,CE,Federal Contract Tower,0,6,2,0,8,0,0,13,0,13,0,6,15,0,21,18,0,18,39
07/21/2022,JXN,MI,AGL,CE,Federal Contract Tower,0,2,6,0,8,0,0,45,0,45,0,2,51,0,53,40,0,40,93
07/22/2022,JXN,MI,AGL,CE,Federal Contract Tower,0,6,10,0,16,0,0,81,0,81,0,6,91,0,97,68,0,68,165
07/23/2022,JXN,MI,AGL,CE,Federal Contract Tower,0,9,8,0,17,0,0,42,0,42,0,9,50,0,59,76,0,76,135
07/24/2022,JXN,MI,AGL,CE,Federal Contract Tower,0,3,3,0,6,0,0,15,0,15,0,3,18,0,21,14,0,14,35
07/25/2022,JXN,MI,AGL,CE,Federal Contract Tower,0,3,12,0,15,0,2,43,2,47,0,5,55,2,62,28,0,28,90
07/26/2022,JXN,MI,AGL,CE,Federal Contract Tower,0,4,27,0,31,0,0,80,0,80,0,4,107,0,111,48,0,48,159
07/27/2022,JXN,MI,AGL,CE,Federal Contract Tower,0,6,26,0,32,0,5,29,0,34,0,11,55,0,66,44,0,44,110
07/28/2022,JXN,MI,AGL,CE,Federal Contract Tower,0,4,26,0,30,0,10,38,0,48,0,14,64,0,78,26,0,26,104
07/29/2022,JXN,MI,AGL,CE,Federal Contract Tower,0,6,13,0,19,0,4,43,0,47,0,10,56,0,66,42,0,42,108
07/30/2022,JXN,MI,AGL,CE,Federal Contract Tower,0,1,14,0,15,0,2,87,0,89,0,3,101,0,104,72,0,72,176
07/31/2022,JXN,MI,AGL,CE,Federal Contract Tower,0,0,22,0,22,0,0,86,0,86,0,0,108,0,108,54,0,54,162
08/01/2022,JXN,MI,AGL,CE,Federal Contract Tower,0,2,2,0,4,0,2,3,0,5,0,4,5,0,9,18,0,18,27
08/02/2022,JXN,MI,AGL,CE,Federal Contract Tower,0,5,22,0,27,0,18,59,2,79,0,23,81,2,106,70,0,70,176
08/03/2022,JXN,MI,AGL,CE,Federal Contract Tower,0,15,4,0,19,0,11,20,0,31,0,26,24,0,50,58,0,58,108
08/04/2022,JXN,MI,AGL,CE,Federal Contract Tower,0,1,13,0,14,0,0,5,0,5,0,1,18,0,19,8,0,8,27
08/05/2022,JXN,MI,AGL,CE,Federal Contract Tower,0,4,21,0,25,0,0,9,0,9,0,4,30,0,34,0,0,0,34
08/06/2022,JXN,MI,AGL,CE,Federal Contract Tower,0,6,16,0,22,0,1,69,2,72,0,7,85,2,94,76,0,76,170
08/07/2022,JXN,MI,AGL,CE,Federal Contract Tower,0,17,21,0,38,0,2,51,10,63,0,19,72,10,101,50,0,50,151
08/08/2022,JXN,MI,AGL,CE,Federal Contract Tower,0,5,6,0,11,0,2,10,0,12,0,7,16,0,23,2,0,2,25
08/09/2022,JXN,MI,AGL,CE,Federal Contract Tower,0,1,18,0,19,0,2,91,0,93,0,3,109,0,112,112,0,112,224
08/10/2022,JXN,MI,AGL,CE,Federal Contract Tower,0,0,13,0,13,0,0,74,0,74,0,0,87,0,87,68,0,68,155
08/11/2022,JXN,MI,AGL,CE,Federal Contract Tower,0,0,31,0,31,0,4,71,0,75,0,4,102,0,106,78,0,78,184
08/12/2022,JXN,MI,AGL,CE,Federal Contract Tower,0,1,16,0,17,0,1,63,0,64,0,2,79,0,81,66,0,66,147
08/13/2022,JXN,MI,AGL,CE,Federal Contract Tower,0,1,5,0,6,0,0,27,0,27,0,1,32,0,33,40,0,40,73
08/14/2022,JXN,MI,AGL,CE,Federal Contract Tower,0,3,16,0,19,0,0,32,2,34,0,3,48,2,53,46,0,46,99
08/15/2022,JXN,MI,AGL,CE,Federal Contract Tower,0,3,11,0,14,0,0,42,0,42,0,3,53,0,56,44,0,44,100
08/16/2022,JXN,MI,AGL,CE,Federal Contract Tower,0,2,17,2,21,0,0,58,2,60,0,2,75,4,81,88,0,88,169
08/17/2022,JXN,MI,AGL,CE,Federal Contract Tower,0,3,10,0,13,0,0,43,0,43,0,3,53,0,56,28,0,28,84
08/18/2022,JXN,MI,AGL,CE,Federal Contract Tower,0,1,11,1,13,0,0,56,4,60,0,1,67,5,73,108,0,108,181
08/19/2022,JXN,MI,AGL,CE,Federal Contract Tower,0,2,9,0,11,0,0,52,0,52,0,2,61,0,63,98,0,98,161
08/20/2022,JXN,MI,AGL,CE,Federal Contract Tower,0,3,0,0,3,0,0,37,1,38,0,3,37,1,41,40,0,40,81
08/21/2022,JXN,MI,AGL,CE,Federal Contract Tower,0,2,3,0,5,0,0,4,0,4,0,2,7,0,9,0,0,0,9
08/22/2022,JXN,MI,AGL,CE,Federal Contract Tower,0,5,14,0,19,0,0,33,0,33,0,5,47,0,52,72,0,72,124
08/23/2022,JXN,MI,AGL,CE,Federal Contract Tower,0,0,13,2,15,0,0,64,4,68,0,0,77,6,83,78,2,80,163
08/24/2022,JXN,MI,AGL,CE,Federal Contract Tower,0,2,26,0,28,0,1,50,0,51,0,3,76,0,79,76,0,76,155
08/25/2022,JXN,MI,AGL,CE,Federal Contract Tower,0,0,13,0,13,0,0,32,0,32,0,0,45,0,45,36,0,36,81
08/26/2022,JXN,MI,AGL,CE,Federal Contract Tower,0,6,33,0,39,0,0,26,0,26,0,6,59,0,65,18,0,18,83
08/27/2022,JXN,MI,AGL,CE,Federal Contract Tower,0,0,12,0,12,0,2,73,0,75,0,2,85,0,87,110,0,110,197
08/28/2022,JXN,MI,AGL,CE,Federal Contract Tower,0,0,10,0,10,0,0,60,0,60,0,0,70,0,70,56,0,56,126
08/29/2022,JXN,MI,AGL,CE,Federal Contract Tower,0,3,7,0,10,0,1,2,0,3,0,4,9,0,13,0,0,0,13
08/30/2022,JXN,MI,AGL,CE,Federal Contract Tower,0,2,8,0,10,0,0,33,0,33,0,2,41,0,43,38,0,38,81
08/31/2022,JXN,MI,AGL,CE,Federal Contract Tower,0,4,7,0,11,0,0,38,0,38,0,4,45,0,49,50,0,50,99
09/01/2022,JXN,MI,AGL,CE,Federal Contract Tower,0,0,6,0,6,0,0,76,0,76,0,0,82,0,82,68,0,68,150
09/02/2022,JXN,MI,AGL,CE,Federal Contract Tower,0,3,1,0,4,0,0,59,0,59,0,3,60,0,63,74,0,74,137
09/03/2022,JXN,MI,AGL,CE,Federal Contract Tower,0,4,12,0,16,0,5,84,0,89,0,9,96,0,105,56,0,56,161
09/04/2022,JXN,MI,AGL,CE,Federal Contract Tower,0,0,10,0,10,0,0,1,0,1,0,0,11,0,11,0,0,0,11
09/05/2022,JXN,MI,AGL,CE,Federal Contract Tower,0,0,3,0,3,0,0,7,0,7,0,0,10,0,10,0,0,0,10
09/06/2022,JXN,MI,AGL,CE,Federal Contract Tower,0,4,15,0,19,0,0,29,0,29,0,4,44,0,48,20,0,20,68
09/07/2022,JXN,MI,AGL,CE,Federal Contract Tower,0,2,5,0,7,0,0,35,0,35,0,2,40,0,42,30,0,30,72
09/08/2022,JXN,MI,AGL,CE,Federal Contract Tower,0,1,11,0,12,0,0,46,0,46,0,1,57,0,58,66,0,66,124
09/09/2022,JXN,MI,AGL,CE,Federal Contract Tower,0,6,8,2,16,0,2,59,2,63,0,8,67,4,79,38,2,40,119
09/10/2022,JXN,MI,AGL,CE,Federal Contract Tower,0,0,5,0,5,0,0,60,0,60,0,0,65,0,65,18,0,18,83
09/11/2022,JXN,MI,AGL,CE,Federal Contract Tower,0,0,14,0,14,0,0,10,0,10,0,0,24,0,24,10,0,10,34
09/12/2022,JXN,MI,AGL,CE,Federal Contract Tower,0,0,12,0,12,0,3,19,0,22,0,3,31,0,34,14,0,14,48
09/13/2022,JXN,MI,AGL,CE,Federal Contract Tower,0,3,15,0,18,0,2,22,0,24,0,5,37,0,42,50,0,50,92
09/14/2022,JXN,MI,AGL,CE,Federal Contract Tower,0,1,4,0,5,0,0,33,0,33,0,1,37,0,38,44,0,44,82
09/15/2022,JXN,MI,AGL,CE,Federal Contract Tower,0,2,19,0,21,0,0,40,0,40,0,2,59,0,61,112,0,112,173
09/16/2022,JXN,MI,AGL,CE,Federal Contract Tower,0,8,13,0,21,0,0,84,0,84,0,8,97,0,105,68,0,68,173
09/17/2022,JXN,MI,AGL,CE,Federal Contract Tower,0,0,11,0,11,0,3,74,0,77,0,3,85,0,88,96,0,96,184
09/18/2022,JXN,MI,AGL,CE,Federal Contract Tower,0,0,9,0,9,0,0,46,0,46,0,0,55,0,55,42,0,42,97
09/19/2022,JXN,MI,AGL,CE,Federal Contract Tower,0,2,33,0,35,0,0,54,0,54,0,2,87,0,89,62,0,62,151
09/20/2022,JXN,MI,AGL,CE,Federal Contract Tower,0,1,12,0,13,0,3,16,0,19,0,4,28,0,32,36,0,36,68
09/21/2022,JXN,MI,AGL,CE,Federal Contract Tower,0,2,4,0,6,0,1,11,6,18,0,3,15,6,24,14,0,14,38
09/22/2022,JXN,MI,AGL,CE,Federal Contract Tower,0,0,3,4,7,0,0,18,6,24,0,0,21,10,31,44,8,52,83
09/23/2022,JXN,MI,AGL,CE,Federal Contract Tower,0,4,12,0,16,0,2,66,0,68,0,6,78,0,84,62,0,62,146
09/24/2022,JXN,MI,AGL,CE,Federal Contract Tower,0,2,8,0,10,0,0,30,0,30,0,2,38,0,40,10,0,10,50
09/25/2022,JXN,MI,AGL,CE,Federal Contract Tower,0,0,11,0,11,0,0,8,0,8,0,0,19,0,19,6,0,6,25
09/26/2022,JXN,MI,AGL,CE,Federal Contract Tower,0,1,9,0,10,0,0,4,0,4,0,1,13,0,14,4,0,4,18
09/27/2022,JXN,MI,AGL,CE,Federal Contract Tower,0,3,5,8,16,0,0,10,0,10,0,3,15,8,26,32,6,38,64
09/28/2022,JXN,MI,AGL,CE,Federal Contract Tower,0,0,18,2,20,0,0,24,0,24,0,0,42,2,44,56,0,56,100
09/29/2022,JXN,MI,AGL,CE,Federal Contract Tower,0,0,13,0,13,0,0,66,0,66,0,0,79,0,79,56,0,56,135
09/30/2022,JXN,MI,AGL,CE,Federal Contract Tower,0,1,8,0,9,0,2,71,0,73,0,3,79,0,82,22,0,22,104
10/01/2022,JXN,MI,AGL,CE,Federal Contract Tower,0,0,2,0,2,0,0,52,0,52,0,0,54,0,54,64,0,64,118
10/02/2022,JXN,MI,AGL,CE,Federal Contract Tower,0,0,5,0,5,0,0,29,0,29,0,0,34,0,34,8,0,8,42
10/03/2022,JXN,MI,AGL,CE,Federal Contract Tower,0,1,13,0,14,0,4,48,0,52,0,5,61,0,66,72,0,72,138
10/04/2022,JXN,MI,AGL,CE,Federal Contract Tower,0,0,6,0,6,0,4,30,0,34,0,4,36,0,40,50,0,50,90
10/05/2022,JXN,MI,AGL,CE,Federal Contract Tower,0,6,12,0,18,0,4,46,0,50,0,10,58,0,68,28,0,28,96
10/06/2022,JXN,MI,AGL,CE,Federal Contract Tower,0,5,0,0,5,0,2,20,0,22,0,7,20,0,27,14,0,14,41
10/07/2022,JXN,MI,AGL,CE,Federal Contract Tower,0,7,11,0,18,0,0,16,0,16,0,7,27,0,34,4,0,4,38
10/08/2022,JXN,MI,AGL,CE,Federal Contract Tower,0,4,1,0,5,0,2,50,4,56,0,6,51,4,61,56,4,60,121
10/09/2022,JXN,MI,AGL,CE,Federal Contract Tower,0,1,5,0,6,0,0,51,0,51,0,1,56,0,57,14,0,14,71
10/10/2022,JXN,MI,AGL,CE,Federal Contract Tower,0,6,15,0,21,0,1,71,0,72,0,7,86,0,93,16,0,16,109
10/11/2022,JXN,MI,AGL,CE,Federal Contract Tower,0,0,3,4,7,0,0,36,4,40,0,0,39,8,47,26,2,28,75
10/12/2022,JXN,MI,AGL,CE,Federal Contract Tower,0,3,3,0,6,0,1,0,0,1,0,4,3,0,7,0,0,0,7
10/13/2022,JXN,MI,AGL,CE,Federal Contract Tower,0,4,6,0,10,0,0,20,0,20,0,4,26,0,30,8,0,8,38
10/14/2022,JXN,MI,AGL,CE,Federal Contract Tower,0,5,12,0,17,0,1,27,0,28,0,6,39,0,45,26,0,26,71
10/15/2022,JXN,MI,AGL,CE,Federal Contract Tower,0,0,7,0,7,0,0,48,0,48,0,0,55,0,55,0,0,0,55
10/16/2022,JXN,MI,AGL,CE,Federal Contract Tower,0,0,9,0,9,0,0,48,0,48,0,0,57,0,57,56,0,56,113
10/17/2022,JXN,MI,AGL,CE,Federal Contract Tower,0,6,3,0,9,0,0,1,0,1,0,6,4,0,10,0,0,0,10
10/18/2022,JXN,MI,AGL,CE,Federal Contract Tower,0,3,1,2,6,0,0,2,0,2,0,3,3,2,8,0,0,0,8
10/19/2022,JXN,MI,AGL,CE,Federal Contract Tower,0,3,4,0,7,0,1,9,0,10,0,4,13,0,17,16,0,16,33
10/20/2022,JXN,MI,AGL,CE,Federal Contract Tower,0,0,11,0,11,0,0,37,0,37,0,0,48,0,48,36,0,36,84
10/21/2022,JXN,MI,AGL,CE,Federal Contract Tower,0,2,18,0,20,0,0,42,0,42,0,2,60,0,62,44,0,44,106
10/22/2022,JXN,MI,AGL,CE,Federal Contract Tower,0,6,11,0,17,0,33,23,4,60,0,39,34,4,77,36,0,36,113
10/23/2022,JXN,MI,AGL,CE,Federal Contract Tower,0,6,19,0,25,0,8,57,0,65,0,14,76,0,90,48,0,48,138
10/24/2022,JXN,MI,AGL,CE,Federal Contract Tower,0,6,20,0,26,0,0,51,0,51,0,6,71,0,77,52,0,52,129
10/25/2022,JXN,MI,AGL,CE,Federal Contract Tower,0,5,8,0,13,0,5,36,0,41,0,10,44,0,54,84,0,84,138
10/26/2022,JXN,MI,AGL,CE,Federal Contract Tower,0,3,3,0,6,0,1,0,0,1,0,4,3,0,7,0,0,0,7
10/27/2022,JXN,MI,AGL,CE,Federal Contract Tower,0,4,22,0,26,0,6,65,0,71,0,10,87,0,97,98,2,100,197
10/28/2022,JXN,MI,AGL,CE,Federal Contract Tower,0,4,14,0,18,0,2,59,0,61,0,6,73,0,79,48,0,48,127
10/29/2022,JXN,MI,AGL,CE,Federal Contract Tower,0,0,11,0,11,0,4,65,0,69,0,4,76,0,80,44,0,44,124
10/30/2022,JXN,MI,AGL,CE,Federal Contract Tower,0,1,9,0,10,0,0,46,0,46,0,1,55,0,56,22,0,22,78
10/31/2022,JXN,MI,AGL,CE,Federal Contract Tower,0,2,4,0,6,0,0,4,0,4,0,2,8,0,10,4,0,4,14
11/01/2022,JXN,MI,AGL,CE,Federal Contract Tower,0,9,12,0,21,0,18,33,0,51,0,27,45,0,72,66,0,66,138
11/02/2022,JXN,MI,AGL,CE,Federal Contract Tower,0,3,19,0,22,0,4,63,0,67,0,7,82,0,89,70,0,70,159
11/03/2022,JXN,MI,AGL,CE,Federal Contract Tower,0,2,5,0,7,0,0,36,2,38,0,2,41,2,45,20,0,20,65
11/04/2022,JXN,MI,AGL,CE,Federal Contract Tower,0,1,8,0,9,0,0,22,0,22,0,1,30,0,31,6,0,6,37
11/05/2022,JXN,MI,AGL,CE,Federal Contract Tower,0,0,0,0,0,0,0,0,0,0,0,0,0,0,0,0,0,0,0
11/06/2022,JXN,MI,AGL,CE,Federal Contract Tower,0,2,12,0,14,0,0,46,0,46,0,2,58,0,60,54,0,54,114
11/07/2022,JXN,MI,AGL,CE,Federal Contract Tower,0,3,8,0,11,0,15,28,0,43,0,18,36,0,54,32,0,32,86
11/08/2022,JXN,MI,AGL,CE,Federal Contract Tower,0,10,11,0,21,0,7,50,0,57,0,17,61,0,78,86,0,86,164
11/09/2022,JXN,MI,AGL,CE,Federal Contract Tower,0,7,10,0,17,0,27,63,0,90,0,34,73,0,107,70,0,70,177
11/10/2022,JXN,MI,AGL,CE,Federal Contract Tower,0,2,2,0,4,0,4,48,0,52,0,6,50,0,56,48,2,50,106
11/11/2022,JXN,MI,AGL,CE,Federal Contract Tower,0,11,36,0,47,0,14,68,0,82,0,25,104,0,129,98,0,98,227
11/12/2022,JXN,MI,AGL,CE,Federal Contract Tower,0,2,4,0,6,0,0,14,0,14,0,2,18,0,20,24,0,24,44
11/13/2022,JXN,MI,AGL,CE,Federal Contract Tower,0,3,5,0,8,0,0,12,0,12,0,3,17,0,20,12,0,12,32
11/14/2022,JXN,MI,AGL,CE,Federal Contract Tower,0,19,15,0,34,0,10,45,0,55,0,29,60,0,89,60,0,60,149
11/15/2022,JXN,MI,AGL,CE,Federal Contract Tower,0,3,1,0,4,0,0,0,0,0,0,3,1,0,4,0,0,0,4
11/16/2022,JXN,MI,AGL,CE,Federal Contract Tower,0,4,2,0,6,0,0,0,0,0,0,4,2,0,6,0,0,0,6
11/17/2022,JXN,MI,AGL,CE,Federal Contract Tower,0,0,2,0,2,0,0,0,0,0,0,0,2,0,2,0,0,0,2
11/18/2022,JXN,MI,AGL,CE,Federal Contract Tower,0,1,4,0,5,0,0,0,0,0,0,1,4,0,5,0,0,0,5
11/19/2022,JXN,MI,AGL,CE,Federal Contract Tower,0,0,4,0,4,0,0,8,0,8,0,0,12,0,12,20,0,20,32
11/20/2022,JXN,MI,AGL,CE,Federal Contract Tower,0,0,4,0,4,0,0,13,0,13,0,0,17,0,17,12,0,12,29
11/21/2022,JXN,MI,AGL,CE,Federal Contract Tower,0,8,0,0,8,0,12,13,0,25,0,20,13,0,33,8,0,8,41
11/22/2022,JXN,MI,AGL,CE,Federal Contract Tower,0,24,29,0,53,0,30,61,0,91,0,54,90,0,144,78,0,78,222
11/23/2022,JXN,MI,AGL,CE,Federal Contract Tower,0,5,18,0,23,0,1,57,0,58,0,6,75,0,81,51,0,51,132
11/24/2022,JXN,MI,AGL,CE,Federal Contract Tower,0,0,2,0,2,0,0,8,0,8,0,0,10,0,10,10,0,10,20
11/25/2022,JXN,MI,AGL,CE,Federal Contract Tower,0,0,13,0,13,0,1,39,0,40,0,1,52,0,53,36,0,36,89
11/26/2022,JXN,MI,AGL,CE,Federal Contract Tower,0,0,9,0,9,0,0,48,0,48,0,0,57,0,57,54,0,54,111
11/27/2022,JXN,MI,AGL,CE,Federal Contract Tower,0,2,4,0,6,0,0,0,0,0,0,2,4,0,6,0,0,0,6
11/28/2022,JXN,MI,AGL,CE,Federal Contract Tower,0,1,15,0,16,0,1,40,0,41,0,2,55,0,57,24,0,24,81
11/29/2022,JXN,MI,AGL,CE,Federal Contract Tower,0,3,4,0,7,0,0,2,0,2,0,3,6,0,9,2,0,2,11
11/30/2022,JXN,MI,AGL,CE,Federal Contract Tower,0,0,0,0,0,0,0,0,0,0,0,0,0,0,0,0,0,0,0
12/01/2022,JXN,MI,AGL,CE,Federal Contract Tower,0,9,2,0,11,0,11,43,1,55,0,20,45,1,66,82,2,84,150
12/02/2022,JXN,MI,AGL,CE,Federal Contract Tower,0,2,3,0,5,0,1,6,0,7,0,3,9,0,12,4,0,4,16
12/03/2022,JXN,MI,AGL,CE,Federal Contract Tower,0,0,3,0,3,0,0,2,0,2,0,0,5,0,5,2,0,2,7
12/04/2022,JXN,MI,AGL,CE,Federal Contract Tower,0,0,14,0,14,0,0,58,0,58,0,0,72,0,72,28,0,28,100
12/05/2022,JXN,MI,AGL,CE,Federal Contract Tower,0,3,5,0,8,0,2,22,0,24,0,5,27,0,32,10,0,10,42
12/06/2022,JXN,MI,AGL,CE,Federal Contract Tower,0,2,16,1,19,0,0,8,3,11,0,2,24,4,30,4,0,4,34
12/07/2022,JXN,MI,AGL,CE,Federal Contract Tower,0,7,8,1,16,0,4,8,1,13,0,11,16,2,29,32,0,32,61
12/08/2022,JXN,MI,AGL,CE,Federal Contract Tower,0,1,3,0,4,0,0,9,0,9,0,1,12,0,13,44,0,44,57
12/09/2022,JXN,MI,AGL,CE,Federal Contract Tower,0,3,3,0,6,0,0,4,0,4,0,3,7,0,10,0,0,0,10
12/10/2022,JXN,MI,AGL,CE,Federal Contract Tower,0,0,0,0,0,0,0,0,0,0,0,0,0,0,0,0,0,0,0
12/11/2022,JXN,MI,AGL,CE,Federal Contract Tower,0,0,3,0,3,0,0,0,0,0,0,0,3,0,3,0,0,0,3
12/12/2022,JXN,MI,AGL,CE,Federal Contract Tower,0,6,6,0,12,0,3,20,0,23,0,9,26,0,35,54,0,54,89
12/13/2022,JXN,MI,AGL,CE,Federal Contract Tower,0,4,9,0,13,0,0,19,4,23,0,4,28,4,36,12,0,12,48
12/14/2022,JXN,MI,AGL,CE,Federal Contract Tower,0,0,2,0,2,0,2,0,0,2,0,2,2,0,4,0,0,0,4
12/15/2022,JXN,MI,AGL,CE,Federal Contract Tower,0,3,0,0,3,0,0,1,2,3,0,3,1,2,6,20,4,24,30
12/16/2022,JXN,MI,AGL,CE,Federal Contract Tower,0,10,2,0,12,0,7,3,0,10,0,17,5,0,22,6,0,6,28
12/17/2022,JXN,MI,AGL,CE,Federal Contract Tower,0,2,1,0,3,0,0,2,0,2,0,2,3,0,5,0,0,0,5
12/18/2022,JXN,MI,AGL,CE,Federal Contract Tower,0,0,2,0,2,0,0,5,0,5,0,0,7,0,7,38,0,38,45
12/19/2022,JXN,MI,AGL,CE,Federal Contract Tower,0,3,2,0,5,0,2,3,0,5,0,5,5,0,10,0,0,0,10
12/20/2022,JXN,MI,AGL,CE,Federal Contract Tower,0,0,15,2,17,0,0,30,0,30,0,0,45,2,47,14,2,16,63
12/21/2022,JXN,MI,AGL,CE,Federal Contract Tower,0,1,21,0,22,0,0,44,4,48,0,1,65,4,70,76,0,76,146
12/22/2022,JXN,MI,AGL,CE,Federal Contract Tower,0,1,1,0,2,0,0,7,0,7,0,1,8,0,9,6,0,6,15
12/23/2022,JXN,MI,AGL,CE,Federal Contract Tower,0,0,0,0,0,0,0,0,0,0,0,0,0,0,0,0,0,0,0
12/24/2022,JXN,MI,AGL,CE,Federal Contract Tower,0,0,0,0,0,0,0,0,0,0,0,0,0,0,0,0,0,0,0
12/25/2022,JXN,MI,AGL,CE,Federal Contract Tower,0,0,0,0,0,0,0,0,0,0,0,0,0,0,0,0,0,0,0
12/26/2022,JXN,MI,AGL,CE,Federal Contract Tower,0,0,3,0,3,0,0,3,0,3,0,0,6,0,6,2,0,2,8
12/27/2022,JXN,MI,AGL,CE,Federal Contract Tower,0,0,2,0,2,0,2,12,0,14,0,2,14,0,16,30,0,30,46
12/28/2022,JXN,MI,AGL,CE,Federal Contract Tower,0,1,6,0,7,0,1,29,0,30,0,2,35,0,37,44,0,44,81
12/29/2022,JXN,MI,AGL,CE,Federal Contract Tower,0,2,6,0,8,0,0,6,0,6,0,2,12,0,14,8,0,8,22
12/30/2022,JXN,MI,AGL,CE,Federal Contract Tower,0,0,6,0,6,0,0,2,0,2,0,0,8,0,8,2,0,2,10
12/31/2022,JXN,MI,AGL,CE,Federal Contract Tower,0,2,4,0,6,0,0,0,0,0,0,2,4,0,6,0,0,0,6
01/01/2023,JXN,MI,AGL,CE,Federal Contract Tower,0,2,3,0,5,0,0,2,0,2,0,2,5,0,7,2,0,2,9
01/02/2023,JXN,MI,AGL,CE,Federal Contract Tower,0,0,2,0,2,0,0,0,0,0,0,0,2,0,2,0,0,0,2
01/03/2023,JXN,MI,AGL,CE,Federal Contract Tower,0,1,0,0,1,0,0,0,0,0,0,1,0,0,1,0,0,0,1
01/04/2023,JXN,MI,AGL,CE,Federal Contract Tower,0,0,2,0,2,0,0,8,0,8,0,0,10,0,10,10,0,10,20
01/05/2023,JXN,MI,AGL,CE,Federal Contract Tower,0,0,2,0,2,0,0,3,0,3,0,0,5,0,5,2,0,2,7
01/06/2023,JXN,MI,AGL,CE,Federal Contract Tower,0,2,3,0,5,0,0,1,0,1,0,2,4,0,6,0,0,0,6
01/07/2023,JXN,MI,AGL,CE,Federal Contract Tower,0,0,7,0,7,0,0,24,0,24,0,0,31,0,31,8,0,8,39
01/08/2023,JXN,MI,AGL,CE,Federal Contract Tower,0,0,21,0,21,0,0,40,0,40,0,0,61,0,61,20,0,20,81
01/09/2023,JXN,MI,AGL,CE,Federal Contract Tower,0,3,22,0,25,0,0,27,0,27,0,3,49,0,52,24,0,24,76
01/10/2023,JXN,MI,AGL,CE,Federal Contract Tower,0,1,1,0,2,0,0,4,0,4,0,1,5,0,6,0,0,0,6
01/11/2023,JXN,MI,AGL,CE,Federal Contract Tower,0,0,12,0,12,0,6,28,0,34,0,6,40,0,46,66,0,66,112
01/12/2023,JXN,MI,AGL,CE,Federal Contract Tower,0,2,3,0,5,0,0,0,0,0,0,2,3,0,5,2,0,2,7
01/13/2023,JXN,MI,AGL,CE,Federal Contract Tower,0,4,0,0,4,0,0,11,0,11,0,4,11,0,15,2,0,2,17
01/14/2023,JXN,MI,AGL,CE,Federal Contract Tower,0,4,30,0,34,0,6,107,0,113,0,10,137,0,147,102,0,102,249
01/15/2023,JXN,MI,AGL,CE,Federal Contract Tower,0,0,12,0,12,0,0,95,0,95,0,0,107,0,107,62,0,62,169
01/16/2023,JXN,MI,AGL,CE,Federal Contract Tower,0,1,7,0,8,0,0,19,0,19,0,1,26,0,27,56,0,56,83
01/17/2023,JXN,MI,AGL,CE,Federal Contract Tower,0,6,6,0,12,0,0,2,0,2,0,6,8,0,14,2,0,2,16
01/18/2023,JXN,MI,AGL,CE,Federal Contract Tower,0,0,4,0,4,0,0,7,0,7,0,0,11,0,11,100,0,100,111
01/19/2023,JXN,MI,AGL,CE,Federal Contract Tower,0,2,6,0,8,0,0,9,0,9,0,2,15,0,17,42,0,42,59
01/20/2023,JXN,MI,AGL,CE,Federal Contract Tower,0,1,4,0,5,0,0,5,0,5,0,1,9,0,10,6,0,6,16
01/21/2023,JXN,MI,AGL,CE,Federal Contract Tower,0,0,7,0,7,0,0,19,0,19,0,0,26,0,26,52,0,52,78
01/22/2023,JXN,MI,AGL,CE,Federal Contract Tower,0,0,0,0,0,0,0,8,0,8,0,0,8,0,8,0,0,0,8
01/23/2023,JXN,MI,AGL,CE,Federal Contract Tower,0,3,2,0,5,0,0,7,0,7,0,3,9,0,12,72,0,72,84
01/24/2023,JXN,MI,AGL,CE,Federal Contract Tower,0,0,12,0,12,0,6,39,0,45,0,6,51,0,57,76,0,76,133
01/25/2023,JXN,MI,AGL,CE,Federal Contract Tower,0,2,0,0,2,0,0,0,0,0,0,2,0,0,2,0,0,0,2
01/26/2023,JXN,MI,AGL,CE,Federal Contract Tower,0,2,0,0,2,0,0,0,0,0,0,2,0,0,2,0,0,0,2
01/27/2023,JXN,MI,AGL,CE,Federal Contract Tower,0,0,1,0,1,0,0,8,0,8,0,0,9,0,9,2,2,4,13
01/28/2023,JXN,MI,AGL,CE,Federal Contract Tower,0,0,0,0,0,0,0,7,0,7,0,0,7,0,7,0,0,0,7
01/29/2023,JXN,MI,AGL,CE,Federal Contract Tower,0,0,0,0,0,0,0,0,0,0,0,0,0,0,0,0,0,0,0
01/30/2023,JXN,MI,AGL,CE,Federal Contract Tower,0,2,1,0,3,0,0,6,0,6,0,2,7,0,9,4,0,4,13
01/31/2023,JXN,MI,AGL,CE,Federal Contract Tower,0,10,7,0,17,0,13,37,0,50,0,23,44,0,67,84,0,84,151
02/01/2023,JXN,MI,AGL,CE,Federal Contract Tower,0,10,12,0,22,0,11,50,0,61,0,21,62,0,83,58,0,58,141
02/02/2023,JXN,MI,AGL,CE,Federal Contract Tower,0,5,9,4,18,0,12,28,4,44,0,17,37,8,62,102,6,108,170
02/03/2023,JXN,MI,AGL,CE,Federal Contract Tower,0,5,10,0,15,0,6,28,0,34,0,11,38,0,49,18,0,18,67
02/04/2023,JXN,MI,AGL,CE,Federal Contract Tower,0,0,8,2,10,0,0,30,1,31,0,0,38,3,41,10,0,10,51
02/05/2023,JXN,MI,AGL,CE,Federal Contract Tower,0,0,7,0,7,0,0,13,0,13,0,0,20,0,20,14,0,14,34
02/06/2023,JXN,MI,AGL,CE,Federal Contract Tower,0,3,13,0,16,0,16,33,0,49,0,19,46,0,65,132,0,132,197
02/07/2023,JXN,MI,AGL,CE,Federal Contract Tower,0,3,1,0,4,0,1,9,1,11,0,4,10,1,15,106,0,106,121
02/08/2023,JXN,MI,AGL,CE,Federal Contract Tower,0,2,19,0,21,0,0,45,0,45,0,2,64,0,66,104,0,104,170
02/09/2023,JXN,MI,AGL,CE,Federal Contract Tower,0,0,2,0,2,0,0,3,0,3,0,0,5,0,5,32,0,32,37
02/11/2023,JXN,MI,AGL,CE,Federal Contract Tower,0,2,29,0,31,0,0,112,2,114,0,2,141,2,145,184,0,184,329
02/12/2023,JXN,MI,AGL,CE,Federal Contract Tower,0,0,19,0,19,0,0,69,0,69,0,0,88,0,88,40,0,40,128
02/13/2023,JXN,MI,AGL,CE,Federal Contract Tower,0,4,15,0,19,0,5,42,0,47,0,9,57,0,66,54,0,54,120
02/14/2023,JXN,MI,AGL,CE,Federal Contract Tower,0,3,4,0,7,0,2,33,0,35,0,5,37,0,42,26,0,26,68
02/15/2023,JXN,MI,AGL,CE,Federal Contract Tower,0,4,4,0,8,0,0,0,0,0,0,4,4,0,8,0,0,0,8
02/16/2023,JXN,MI,AGL,CE,Federal Contract Tower,0,1,3,0,4,0,0,0,0,0,0,1,3,0,4,0,0,0,4
02/17/2023,JXN,MI,AGL,CE,Federal Contract Tower,0,2,3,0,5,0,0,7,0,7,0,2,10,0,12,0,0,0,12
02/18/2023,JXN,MI,AGL,CE,Federal Contract Tower,0,0,11,0,11,0,2,38,0,40,0,2,49,0,51,26,0,26,77
02/19/2023,JXN,MI,AGL,CE,Federal Contract Tower,0,0,0,0,0,0,1,22,0,23,0,1,22,0,23,14,0,14,37
02/20/2023,JXN,MI,AGL,CE,Federal Contract Tower,0,3,18,0,21,0,10,45,0,55,0,13,63,0,76,96,0,96,172
02/21/2023,JXN,MI,AGL,CE,Federal Contract Tower,0,6,0,0,6,0,12,2,0,14,0,18,2,0,20,4,0,4,24
02/22/2023,JXN,MI,AGL,CE,Federal Contract Tower,0,0,0,0,0,0,0,0,0,0,0,0,0,0,0,0,0,0,0
02/24/2023,JXN,MI,AGL,CE,Federal Contract Tower,0,5,9,2,16,0,1,27,2,30,0,6,36,4,46,14,0,14,60
02/25/2023,JXN,MI,AGL,CE,Federal Contract Tower,0,0,0,0,0,0,0,13,0,13,0,0,13,0,13,8,0,8,21
02/26/2023,JXN,MI,AGL,CE,Federal Contract Tower,0,1,11,0,12,0,0,40,0,40,0,1,51,0,52,42,0,42,94
02/27/2023,JXN,MI,AGL,CE,Federal Contract Tower,0,4,0,0,4,0,0,0,0,0,0,4,0,0,4,0,0,0,4
02/28/2023,JXN,MI,AGL,CE,Federal Contract Tower,0,2,13,0,15,0,4,32,0,36,0,6,45,0,51,70,0,70,121
03/01/2023,JXN,MI,AGL,CE,Federal Contract Tower,0,4,5,0,9,0,6,28,0,34,0,10,33,0,43,24,0,24,67
03/02/2023,JXN,MI,AGL,CE,Federal Contract Tower,0,2,5,0,7,0,0,4,0,4,0,2,9,0,11,10,0,10,21
03/03/2023,JXN,MI,AGL,CE,Federal Contract Tower,0,2,0,0,2,0,0,0,0,0,0,2,0,0,2,6,0,6,8
03/04/2023,JXN,MI,AGL,CE,Federal Contract Tower,0,0,0,0,0,0,2,20,0,22,0,2,20,0,22,24,0,24,46
03/05/2023,JXN,MI,AGL,CE,Federal Contract Tower,0,2,18,0,20,0,0,74,0,74,0,2,92,0,94,86,0,86,180
03/06/2023,JXN,MI,AGL,CE,Federal Contract Tower,0,11,0,0,11,0,0,8,0,8,0,11,8,0,19,8,0,8,27
03/07/2023,JXN,MI,AGL,CE,Federal Contract Tower,0,3,19,0,22,0,2,53,0,55,0,5,72,0,77,58,0,58,135
03/08/2023,JXN,MI,AGL,CE,Federal Contract Tower,0,4,22,0,26,0,0,83,0,83,0,4,105,0,109,130,0,130,239
03/09/2023,JXN,MI,AGL,CE,Federal Contract Tower,0,2,11,0,13,0,0,41,0,41,0,2,52,0,54,98,0,98,152
03/10/2023,JXN,MI,AGL,CE,Federal Contract Tower,0,0,2,0,2,0,0,0,0,0,0,0,2,0,2,0,0,0,2
03/11/2023,JXN,MI,AGL,CE,Federal Contract Tower,0,0,7,0,7,0,0,59,4,63,0,0,66,4,70,20,0,20,90
03/12/2023,JXN,MI,AGL,CE,Federal Contract Tower,0,0,0,0,0,0,0,2,0,2,0,0,2,0,2,10,0,10,12
03/13/2023,JXN,MI,AGL,CE,Federal Contract Tower,0,0,0,0,0,0,0,0,0,0,0,0,0,0,0,0,0,0,0
03/14/2023,JXN,MI,AGL,CE,Federal Contract Tower,4,3,16,0,23,0,8,30,0,38,4,11,46,0,61,36,0,36,97
03/15/2023,JXN,MI,AGL,CE,Federal Contract Tower,0,13,15,0,28,0,14,80,0,94,0,27,95,0,122,70,0,70,192
03/16/2023,JXN,MI,AGL,CE,Federal Contract Tower,0,2,5,1,8,0,0,22,1,23,0,2,27,2,31,26,2,28,59
03/17/2023,JXN,MI,AGL,CE,Federal Contract Tower,0,1,1,2,4,0,0,0,0,0,0,1,1,2,4,0,0,0,4
03/18/2023,JXN,MI,AGL,CE,Federal Contract Tower,0,1,0,0,1,0,0,0,0,0,0,1,0,0,1,0,0,0,1
03/19/2023,JXN,MI,AGL,CE,Federal Contract Tower,0,8,12,0,20,0,6,52,2,60,0,14,64,2,80,34,0,34,114
03/20/2023,JXN,MI,AGL,CE,Federal Contract Tower,0,3,0,0,3,0,2,13,0,15,0,5,13,0,18,24,0,24,42
03/21/2023,JXN,MI,AGL,CE,Federal Contract Tower,0,1,28,0,29,0,0,61,0,61,0,1,89,0,90,40,0,40,130
03/22/2023,JXN,MI,AGL,CE,Federal Contract Tower,0,3,10,0,13,0,0,0,0,0,0,3,10,0,13,0,0,0,13
03/23/2023,JXN,MI,AGL,CE,Federal Contract Tower,0,1,13,0,14,0,0,2,0,2,0,1,15,0,16,2,0,2,18
03/24/2023,JXN,MI,AGL,CE,Federal Contract Tower,0,2,7,0,9,0,2,28,0,30,0,4,35,0,39,42,0,42,81
03/25/2023,JXN,MI,AGL,CE,Federal Contract Tower,0,0,0,0,0,0,0,0,0,0,0,0,0,0,0,0,0,0,0
03/26/2023,JXN,MI,AGL,CE,Federal Contract Tower,0,0,13,0,13,0,0,101,0,101,0,0,114,0,114,92,0,92,206
03/27/2023,JXN,MI,AGL,CE,Federal Contract Tower,0,5,5,0,10,0,2,8,0,10,0,7,13,0,20,12,0,12,32
03/28/2023,JXN,MI,AGL,CE,Federal Contract Tower,0,10,19,0,29,0,10,67,0,77,0,20,86,0,106,102,0,102,208
03/29/2023,JXN,MI,AGL,CE,Federal Contract Tower,0,7,2,0,9,0,3,4,0,7,0,10,6,0,16,6,0,6,22
03/30/2023,JXN,MI,AGL,CE,Federal Contract Tower,0,6,30,0,36,0,12,67,0,79,0,18,97,0,115,86,0,86,201
03/31/2023,JXN,MI,AGL,CE,Federal Contract Tower,0,3,0,0,3,0,0,0,0,0,0,3,0,0,3,0,0,0,3
04/01/2023,JXN,MI,AGL,CE,Federal Contract Tower,0,0,2,0,2,0,0,0,0,0,0,0,2,0,2,0,0,0,2
04/02/2023,JXN,MI,AGL,CE,Federal Contract Tower,0,4,31,0,35,0,4,80,0,84,0,8,111,0,119,88,0,88,207
04/03/2023,JXN,MI,AGL,CE,Federal Contract Tower,0,4,6,0,10,0,14,29,0,43,0,18,35,0,53,28,0,28,81
04/04/2023,JXN,MI,AGL,CE,Federal Contract Tower,0,3,14,0,17,0,0,10,0,10,0,3,24,0,27,8,0,8,35
04/05/2023,JXN,MI,AGL,CE,Federal Contract Tower,0,2,0,0,2,0,0,0,0,0,0,2,0,0,2,0,0,0,2
04/06/2023,JXN,MI,AGL,CE,Federal Contract Tower,0,4,21,0,25,0,0,38,0,38,0,4,59,0,63,50,0,50,113
04/07/2023,JXN,MI,AGL,CE,Federal Contract Tower,0,3,15,2,20,0,14,104,0,118,0,17,119,2,138,120,0,120,258
04/08/2023,JXN,MI,AGL,CE,Federal Contract Tower,0,2,18,0,20,0,8,93,0,101,0,10,111,0,121,94,0,94,215
04/09/2023,JXN,MI,AGL,CE,Federal Contract Tower,0,0,5,0,5,0,2,28,0,30,0,2,33,0,35,90,0,90,125
04/10/2023,JXN,MI,AGL,CE,Federal Contract Tower,0,7,40,0,47,0,10,60,0,70,0,17,100,0,117,76,0,76,193
04/11/2023,JXN,MI,AGL,CE,Federal Contract Tower,0,8,5,0,13,0,7,21,0,28,0,15,26,0,41,20,0,20,61
04/12/2023,JXN,MI,AGL,CE,Federal Contract Tower,0,1,26,1,28,0,1,31,1,33,0,2,57,2,61,30,0,30,91
04/13/2023,JXN,MI,AGL,CE,Federal Contract Tower,0,4,22,1,27,0,0,59,8,67,0,4,81,9,94,76,0,76,170
04/14/2023,JXN,MI,AGL,CE,Federal Contract Tower,0,5,13,0,18,0,10,72,2,84,0,15,85,2,102,70,0,70,172
04/15/2023,JXN,MI,AGL,CE,Federal Contract Tower,0,0,20,0,20,0,3,85,0,88,0,3,105,0,108,100,0,100,208
04/16/2023,JXN,MI,AGL,CE,Federal Contract Tower,0,1,14,0,15,0,2,17,0,19,0,3,31,0,34,14,0,14,48
04/17/2023,JXN,MI,AGL,CE,Federal Contract Tower,0,6,3,0,9,0,0,0,0,0,0,6,3,0,9,0,0,0,9
04/18/2023,JXN,MI,AGL,CE,Federal Contract Tower,0,6,7,0,13,0,2,7,0,9,0,8,14,0,22,0,0,0,22
04/19/2023,JXN,MI,AGL,CE,Federal Contract Tower,0,13,23,0,36,0,19,59,0,78,0,32,82,0,114,98,0,98,212
04/20/2023,JXN,MI,AGL,CE,Federal Contract Tower,0,1,1,0,2,0,0,16,0,16,0,1,17,0,18,36,0,36,54
04/21/2023,JXN,MI,AGL,CE,Federal Contract Tower,0,5,14,0,19,0,2,20,0,22,0,7,34,0,41,40,0,40,81
04/22/2023,JXN,MI,AGL,CE,Federal Contract Tower,0,0,18,0,18,0,0,23,0,23,0,0,41,0,41,26,0,26,67
04/23/2023,JXN,MI,AGL,CE,Federal Contract Tower,0,0,4,0,4,0,0,18,0,18,0,0,22,0,22,26,0,26,48
04/24/2023,JXN,MI,AGL,CE,Federal Contract Tower,0,2,2,0,4,0,2,3,0,5,0,4,5,0,9,4,0,4,13
04/25/2023,JXN,MI,AGL,CE,Federal Contract Tower,0,2,0,0,2,0,0,5,0,5,0,2,5,0,7,0,0,0,7
04/26/2023,JXN,MI,AGL,CE,Federal Contract Tower,0,10,25,0,35,0,7,57,0,64,0,17,82,0,99,68,0,68,167
04/27/2023,JXN,MI,AGL,CE,Federal Contract Tower,0,3,15,0,18,0,4,77,0,81,0,7,92,0,99,80,0,80,179
04/28/2023,JXN,MI,AGL,CE,Federal Contract Tower,0,7,5,0,12,0,0,0,0,0,0,7,5,0,12,0,0,0,12
04/29/2023,JXN,MI,AGL,CE,Federal Contract Tower,0,0,10,0,10,0,2,9,0,11,0,2,19,0,21,4,0,4,25
04/30/2023,JXN,MI,AGL,CE,Federal Contract Tower,0,0,18,0,18,0,1,19,3,23,0,1,37,3,41,20,4,24,65
05/01/2023,JXN,MI,AGL,CE,Federal Contract Tower,0,1,2,0,3,0,0,1,0,1,0,1,3,0,4,0,0,0,4
05/02/2023,JXN,MI,AGL,CE,Federal Contract Tower,0,6,0,0,6,0,0,0,0,0,0,6,0,0,6,0,0,0,6
05/03/2023,JXN,MI,AGL,CE,Federal Contract Tower,0,0,13,0,13,0,0,18,0,18,0,0,31,0,31,46,0,46,77
05/04/2023,JXN,MI,AGL,CE,Federal Contract Tower,0,4,12,0,16,0,9,50,0,59,0,13,62,0,75,92,0,92,167
05/05/2023,JXN,MI,AGL,CE,Federal Contract Tower,0,5,36,0,41,0,11,83,0,94,0,16,119,0,135,60,0,60,195
05/06/2023,JXN,MI,AGL,CE,Federal Contract Tower,0,3,18,0,21,0,0,66,0,66,0,3,84,0,87,74,0,74,161
05/07/2023,JXN,MI,AGL,CE,Federal Contract Tower,0,5,19,0,24,0,0,40,0,40,0,5,59,0,64,36,0,36,100
05/08/2023,JXN,MI,AGL,CE,Federal Contract Tower,0,3,14,0,17,0,0,12,0,12,0,3,26,0,29,8,0,8,37
05/09/2023,JXN,MI,AGL,CE,Federal Contract Tower,0,2,12,0,14,0,24,46,0,70,0,26,58,0,84,68,0,68,152
05/10/2023,JXN,MI,AGL,CE,Federal Contract Tower,0,5,22,2,29,0,9,91,0,100,0,14,113,2,129,100,0,100,229
05/11/2023,JXN,MI,AGL,CE,Federal Contract Tower,0,5,22,0,27,0,17,84,0,101,0,22,106,0,128,164,0,164,292
05/12/2023,JXN,MI,AGL,CE,Federal Contract Tower,0,5,7,0,12,0,1,45,0,46,0,6,52,0,58,62,0,62,120
05/13/2023,JXN,MI,AGL,CE,Federal Contract Tower,0,2,14,0,16,0,5,42,0,47,0,7,56,0,63,54,0,54,117
05/14/2023,JXN,MI,AGL,CE,Federal Contract Tower,0,0,7,0,7,0,2,32,0,34,0,2,39,0,41,16,0,16,57
05/15/2023,JXN,MI,AGL,CE,Federal Contract Tower,0,2,12,0,14,0,4,60,0,64,0,6,72,0,78,118,0,118,196
05/16/2023,JXN,MI,AGL,CE,Federal Contract Tower,0,15,19,0,34,0,13,41,0,54,0,28,60,0,88,54,6,60,148
05/17/2023,JXN,MI,AGL,CE,Federal Contract Tower,0,4,17,0,21,0,6,50,0,56,0,10,67,0,77,82,0,82,159
05/18/2023,JXN,MI,AGL,CE,Federal Contract Tower,0,4,8,0,12,0,10,60,0,70,0,14,68,0,82,140,0,140,222
05/19/2023,JXN,MI,AGL,CE,Federal Contract Tower,0,5,18,0,23,0,0,35,0,35,0,5,53,0,58,24,0,24,82
05/20/2023,JXN,MI,AGL,CE,Federal Contract Tower,0,0,16,0,16,0,0,11,0,11,0,0,27,0,27,12,0,12,39
05/21/2023,JXN,MI,AGL,CE,Federal Contract Tower,0,0,16,0,16,0,0,71,0,71,0,0,87,0,87,68,0,68,155
05/22/2023,JXN,MI,AGL,CE,Federal Contract Tower,0,4,26,0,30,0,6,62,0,68,0,10,88,0,98,84,0,84,182
05/23/2023,JXN,MI,AGL,CE,Federal Contract Tower,0,2,22,0,24,0,2,64,0,66,0,4,86,0,90,76,0,76,166
05/24/2023,JXN,MI,AGL,CE,Federal Contract Tower,0,4,13,0,17,0,2,49,0,51,0,6,62,0,68,44,0,44,112
05/25/2023,JXN,MI,AGL,CE,Federal Contract Tower,0,4,8,0,12,0,8,57,0,65,0,12,65,0,77,40,0,40,117
05/26/2023,JXN,MI,AGL,CE,Federal Contract Tower,0,2,12,0,14,0,10,73,0,83,0,12,85,0,97,44,0,44,141
05/27/2023,JXN,MI,AGL,CE,Federal Contract Tower,0,3,11,0,14,0,1,65,0,66,0,4,76,0,80,48,0,48,128
05/28/2023,JXN,MI,AGL,CE,Federal Contract Tower,0,1,3,0,4,0,0,96,0,96,0,1,99,0,100,18,0,18,118
05/29/2023,JXN,MI,AGL,CE,Federal Contract Tower,0,3,8,0,11,0,0,50,0,50,0,3,58,0,61,26,0,26,87
05/30/2023,JXN,MI,AGL,CE,Federal Contract Tower,0,1,11,0,12,0,4,60,0,64,0,5,71,0,76,136,0,136,212
05/31/2023,JXN,MI,AGL,CE,Federal Contract Tower,0,6,9,0,15,0,6,51,0,57,0,12,60,0,72,92,0,92,164
06/01/2023,JXN,MI,AGL,CE,Federal Contract Tower,0,1,6,0,7,0,6,44,0,50,0,7,50,0,57,46,0,46,103
06/02/2023,JXN,MI,AGL,CE,Federal Contract Tower,0,4,13,0,17,0,0,41,0,41,0,4,54,0,58,26,0,26,84
06/03/2023,JXN,MI,AGL,CE,Federal Contract Tower,0,0,6,0,6,0,0,76,0,76,0,0,82,0,82,40,0,40,122
06/04/2023,JXN,MI,AGL,CE,Federal Contract Tower,0,10,11,0,21,0,6,59,0,65,0,16,70,0,86,36,0,36,122
06/05/2023,JXN,MI,AGL,CE,Federal Contract Tower,0,5,7,0,12,0,0,35,0,35,0,5,42,0,47,44,0,44,91
06/06/2023,JXN,MI,AGL,CE,Federal Contract Tower,0,6,24,0,30,0,0,38,0,38,0,6,62,0,68,48,0,48,116
06/07/2023,JXN,MI,AGL,CE,Federal Contract Tower,0,13,5,0,18,0,12,40,0,52,0,25,45,0,70,68,0,68,138
06/08/2023,JXN,MI,AGL,CE,Federal Contract Tower,0,15,22,0,37,0,24,54,0,78,0,39,76,0,115,84,0,84,199
06/09/2023,JXN,MI,AGL,CE,Federal Contract Tower,0,12,15,0,27,0,11,57,0,68,0,23,72,0,95,88,0,88,183
06/10/2023,JXN,MI,AGL,CE,Federal Contract Tower,0,3,10,0,13,0,2,68,0,70,0,5,78,0,83,54,0,54,137
06/11/2023,JXN,MI,AGL,CE,Federal Contract Tower,0,4,2,0,6,0,2,4,0,6,0,6,6,0,12,10,0,10,22
06/12/2023,JXN,MI,AGL,CE,Federal Contract Tower,0,10,9,0,19,0,10,9,0,19,0,20,18,0,38,20,0,20,58
06/13/2023,JXN,MI,AGL,CE,Federal Contract Tower,0,6,15,0,21,0,0,22,0,22,0,6,37,0,43,38,0,38,81
06/14/2023,JXN,MI,AGL,CE,Federal Contract Tower,0,2,32,0,34,0,6,53,0,59,0,8,85,0,93,58,0,58,151
06/15/2023,JXN,MI,AGL,CE,Federal Contract Tower,0,6,17,0,23,0,1,16,0,17,0,7,33,0,40,18,0,18,58
06/16/2023,JXN,MI,AGL,CE,Federal Contract Tower,0,4,16,0,20,0,4,14,0,18,0,8,30,0,38,16,0,16,54
06/17/2023,JXN,MI,AGL,CE,Federal Contract Tower,0,0,31,0,31,0,0,84,0,84,0,0,115,0,115,76,0,76,191
06/19/2023,JXN,MI,AGL,CE,Federal Contract Tower,0,9,6,0,15,0,16,50,0,66,0,25,56,0,81,78,0,78,159
06/20/2023,JXN,MI,AGL,CE,Federal Contract Tower,0,6,19,0,25,0,6,45,0,51,0,12,64,0,76,86,0,86,162
06/21/2023,JXN,MI,AGL,CE,Federal Contract Tower,0,7,7,0,14,0,12,45,0,57,0,19,52,0,71,54,0,54,125
06/22/2023,JXN,MI,AGL,CE,Federal Contract Tower,0,3,9,0,12,0,0,39,0,39,0,3,48,0,51,54,0,54,105
06/23/2023,JXN,MI,AGL,CE,Federal Contract Tower,0,1,9,1,11,0,0,1,0,1,0,1,10,1,12,0,0,0,12
06/24/2023,JXN,MI,AGL,CE,Federal Contract Tower,0,3,19,0,22,0,0,91,16,107,0,3,110,16,129,78,16,94,223
06/25/2023,JXN,MI,AGL,CE,Federal Contract Tower,0,2,3,1,6,0,0,15,0,15,0,2,18,1,21,4,0,4,25
06/26/2023,JXN,MI,AGL,CE,Federal Contract Tower,0,2,4,0,6,0,0,0,0,0,0,2,4,0,6,0,0,0,6
06/27/2023,JXN,MI,AGL,CE,Federal Contract Tower,0,1,19,0,20,0,0,1,0,1,0,1,20,0,21,10,0,10,31
06/28/2023,JXN,MI,AGL,CE,Federal Contract Tower,0,3,7,0,10,0,3,0,0,3,0,6,7,0,13,4,0,4,17
06/29/2023,JXN,MI,AGL,CE,Federal Contract Tower,0,6,11,0,17,0,0,8,0,8,0,6,19,0,25,16,0,16,41
06/30/2023,JXN,MI,AGL,CE,Federal Contract Tower,0,0,10,0,10,0,0,7,0,7,0,0,17,0,17,12,0,12,29
07/01/2023,JXN,MI,AGL,CE,Federal Contract Tower,0,0,3,0,3,0,0,7,0,7,0,0,10,0,10,0,0,0,10
07/02/2023,JXN,MI,AGL,CE,Federal Contract Tower,0,0,0,0,0,0,0,2,0,2,0,0,2,0,2,2,0,2,4
07/03/2023,JXN,MI,AGL,CE,Federal Contract Tower,0,2,11,0,13,0,0,26,0,26,0,2,37,0,39,28,0,28,67
07/04/2023,JXN,MI,AGL,CE,Federal Contract Tower,0,0,15,0,15,0,0,56,0,56,0,0,71,0,71,34,0,34,105
07/05/2023,JXN,MI,AGL,CE,Federal Contract Tower,0,6,37,0,43,0,8,87,0,95,0,14,124,0,138,90,0,90,228
07/06/2023,JXN,MI,AGL,CE,Federal Contract Tower,0,6,8,0,14,0,0,35,0,35,0,6,43,0,49,10,0,10,59
07/07/2023,JXN,MI,AGL,CE,Federal Contract Tower,0,9,14,0,23,0,17,55,0,72,0,26,69,0,95,50,0,50,145
07/08/2023,JXN,MI,AGL,CE,Federal Contract Tower,0,3,9,0,12,0,0,15,0,15,0,3,24,0,27,10,0,10,37
07/09/2023,JXN,MI,AGL,CE,Federal Contract Tower,0,3,13,0,16,0,0,70,0,70,0,3,83,0,86,40,0,40,126
07/10/2023,JXN,MI,AGL,CE,Federal Contract Tower,0,6,25,0,31,0,6,72,0,78,0,12,97,0,109,100,0,100,209
07/11/2023,JXN,MI,AGL,CE,Federal Contract Tower,0,0,21,0,21,0,1,43,0,44,0,1,64,0,65,60,0,60,125
07/12/2023,JXN,MI,AGL,CE,Federal Contract Tower,0,0,7,0,7,0,0,9,0,9,0,0,16,0,16,18,0,18,34
07/13/2023,JXN,MI,AGL,CE,Federal Contract Tower,0,5,9,2,16,0,6,21,2,29,0,11,30,4,45,64,0,64,109
07/14/2023,JXN,MI,AGL,CE,Federal Contract Tower,0,2,14,0,16,0,2,46,0,48,0,4,60,0,64,52,0,52,116
07/15/2023,JXN,MI,AGL,CE,Federal Contract Tower,0,3,4,0,7,0,0,17,0,17,0,3,21,0,24,18,0,18,42
07/16/2023,JXN,MI,AGL,CE,Federal Contract Tower,0,2,24,0,26,0,3,63,0,66,0,5,87,0,92,54,0,54,146
07/17/2023,JXN,MI,AGL,CE,Federal Contract Tower,0,14,22,0,36,0,24,48,0,72,0,38,70,0,108,54,0,54,162
07/18/2023,JXN,MI,AGL,CE,Federal Contract Tower,0,6,23,1,30,0,11,68,1,80,0,17,91,2,110,58,0,58,168
07/19/2023,JXN,MI,AGL,CE,Federal Contract Tower,0,4,31,0,35,0,4,68,0,72,0,8,99,0,107,84,0,84,191
07/20/2023,JXN,MI,AGL,CE,Federal Contract Tower,0,5,12,1,18,0,0,16,1,17,0,5,28,2,35,18,0,18,53
07/21/2023,JXN,MI,AGL,CE,Federal Contract Tower,0,7,22,4,33,0,2,47,4,53,0,9,69,8,86,46,0,46,132
07/22/2023,JXN,MI,AGL,CE,Federal Contract Tower,0,1,15,0,16,0,1,95,0,96,0,2,110,0,112,36,0,36,148
07/23/2023,JXN,MI,AGL,CE,Federal Contract Tower,0,2,7,0,9,0,0,36,0,36,0,2,43,0,45,22,0,22,67
07/24/2023,JXN,MI,AGL,CE,Federal Contract Tower,0,2,0,14,16,0,2,46,0,48,0,4,46,14,64,68,0,68,132
07/25/2023,JXN,MI,AGL,CE,Federal Contract Tower,0,13,15,0,28,0,16,22,2,40,0,29,37,2,68,68,0,68,136
07/26/2023,JXN,MI,AGL,CE,Federal Contract Tower,0,6,6,0,12,0,1,10,0,11,0,7,16,0,23,8,0,8,31
07/27/2023,JXN,MI,AGL,CE,Federal Contract Tower,0,3,14,0,17,0,4,36,0,40,0,7,50,0,57,76,0,76,133
07/29/2023,JXN,MI,AGL,CE,Federal Contract Tower,0,0,14,0,14,0,0,41,0,41,0,0,55,0,55,14,0,14,69
07/30/2023,JXN,MI,AGL,CE,Federal Contract Tower,0,2,16,0,18,0,3,87,0,90,0,5,103,0,108,86,0,86,194
08/01/2023,JXN,MI,AGL,CE,Federal Contract Tower,0,1,33,0,34,0,13,60,0,73,0,14,93,0,107,100,0,100,207
08/02/2023,JXN,MI,AGL,CE,Federal Contract Tower,0,8,35,0,43,0,6,48,0,54,0,14,83,0,97,76,0,76,173
08/03/2023,JXN,MI,AGL,CE,Federal Contract Tower,0,3,30,2,35,0,7,62,2,71,0,10,92,4,106,90,0,90,196
08/04/2023,JXN,MI,AGL,CE,Federal Contract Tower,0,8,19,0,27,0,1,59,0,60,0,9,78,0,87,50,0,50,137
08/05/2023,JXN,MI,AGL,CE,Federal Contract Tower,0,10,23,2,35,0,3,104,2,109,0,13,127,4,144,128,2,130,274
08/06/2023,JXN,MI,AGL,CE,Federal Contract Tower,0,6,10,0,16,0,0,0,0,0,0,6,10,0,16,0,0,0,16
08/07/2023,JXN,MI,AGL,CE,Federal Contract Tower,0,5,6,0,11,0,0,6,0,6,0,5,12,0,17,6,0,6,23
08/08/2023,JXN,MI,AGL,CE,Federal Contract Tower,0,6,25,0,31,0,4,46,0,50,0,10,71,0,81,76,0,76,157
08/09/2023,JXN,MI,AGL,CE,Federal Contract Tower,0,8,37,0,45,0,6,65,0,71,0,14,102,0,116,54,0,54,170
08/10/2023,JXN,MI,AGL,CE,Federal Contract Tower,0,5,9,0,14,0,5,21,0,26,0,10,30,0,40,34,0,34,74
08/11/2023,JXN,MI,AGL,CE,Federal Contract Tower,0,5,5,0,10,0,0,36,0,36,0,5,41,0,46,40,0,40,86
08/12/2023,JXN,MI,AGL,CE,Federal Contract Tower,0,4,10,0,14,0,0,43,0,43,0,4,53,0,57,12,0,12,69
08/13/2023,JXN,MI,AGL,CE,Federal Contract Tower,0,0,20,0,20,0,0,66,0,66,0,0,86,0,86,38,0,38,124
08/14/2023,JXN,MI,AGL,CE,Federal Contract Tower,0,9,8,0,17,0,4,18,2,24,0,13,26,2,41,10,0,10,51
08/16/2023,JXN,MI,AGL,CE,Federal Contract Tower,0,14,28,0,42,0,4,100,0,104,0,18,128,0,146,106,0,106,252
08/17/2023,JXN,MI,AGL,CE,Federal Contract Tower,0,4,1,0,5,0,0,5,0,5,0,4,6,0,10,0,0,0,10
08/18/2023,JXN,MI,AGL,CE,Federal Contract Tower,0,4,30,4,38,0,0,51,4,55,0,4,81,8,93,42,2,44,137
08/19/2023,JXN,MI,AGL,CE,Federal Contract Tower,0,0,12,0,12,0,2,110,0,112,0,2,122,0,124,74,0,74,198
08/20/2023,JXN,MI,AGL,CE,Federal Contract Tower,0,3,11,0,14,0,0,61,0,61,0,3,72,0,75,33,0,33,108
08/21/2023,JXN,MI,AGL,CE,Federal Contract Tower,0,0,20,0,20,0,4,48,0,52,0,4,68,0,72,28,0,28,100
08/22/2023,JXN,MI,AGL,CE,Federal Contract Tower,0,2,16,1,19,0,4,36,1,41,0,6,52,2,60,68,0,68,128
08/23/2023,JXN,MI,AGL,CE,Federal Contract Tower,0,7,21,0,28,0,3,44,0,47,0,10,65,0,75,38,0,38,113
08/24/2023,JXN,MI,AGL,CE,Federal Contract Tower,0,0,5,2,7,0,0,9,0,9,0,0,14,2,16,16,2,18,34
08/25/2023,JXN,MI,AGL,CE,Federal Contract Tower,0,7,15,0,22,0,0,19,0,19,0,7,34,0,41,22,0,22,63
08/26/2023,JXN,MI,AGL,CE,Federal Contract Tower,0,0,13,0,13,0,0,37,0,37,0,0,50,0,50,16,0,16,66
08/27/2023,JXN,MI,AGL,CE,Federal Contract Tower,0,1,20,4,25,0,0,101,4,105,0,1,121,8,130,38,2,40,170
08/28/2023,JXN,MI,AGL,CE,Federal Contract Tower,0,5,4,0,9,0,0,46,0,46,0,5,50,0,55,76,0,76,131
08/29/2023,JXN,MI,AGL,CE,Federal Contract Tower,0,3,7,2,12,0,2,24,0,26,0,5,31,2,38,56,0,56,94
08/30/2023,JXN,MI,AGL,CE,Federal Contract Tower,0,3,23,0,26,0,4,45,4,53,0,7,68,4,79,82,2,84,163
08/31/2023,JXN,MI,AGL,CE,Federal Contract Tower,0,3,26,0,29,0,0,87,0,87,0,3,113,0,116,82,0,82,198
