01/01/2020,KOA,HI,AWP,WE,Federal Contract Tower,98,12,13,0,123,0,29,27,5,61,98,41,40,5,184,94,0,94,278
01/02/2020,KOA,HI,AWP,WE,Federal Contract Tower,103,17,23,3,146,0,64,56,0,120,103,81,79,3,266,154,16,170,436
01/03/2020,KOA,HI,AWP,WE,Federal Contract Tower,105,19,27,10,161,0,41,43,5,89,105,60,70,15,250,158,40,198,448
01/04/2020,KOA,HI,AWP,WE,Federal Contract Tower,103,20,24,2,149,0,65,37,0,102,103,85,61,2,251,40,0,40,291
01/05/2020,KOA,HI,AWP,WE,Federal Contract Tower,102,22,9,0,133,0,44,25,0,69,102,66,34,0,202,80,0,80,282
01/06/2020,KOA,HI,AWP,WE,Federal Contract Tower,95,11,6,18,130,0,47,50,1,98,95,58,56,19,228,170,22,192,420
01/07/2020,KOA,HI,AWP,WE,Federal Contract Tower,86,20,7,13,126,0,34,28,5,67,86,54,35,18,193,86,12,98,291
01/08/2020,KOA,HI,AWP,WE,Federal Contract Tower,87,14,10,8,119,0,25,42,0,67,87,39,52,8,186,278,32,310,496
01/09/2020,KOA,HI,AWP,WE,Federal Contract Tower,89,21,8,17,135,0,34,32,6,72,89,55,40,23,207,194,48,242,449
01/10/2020,KOA,HI,AWP,WE,Federal Contract Tower,97,12,10,1,120,0,48,44,7,99,97,60,54,8,219,120,10,130,349
01/11/2020,KOA,HI,AWP,WE,Federal Contract Tower,92,24,10,0,126,0,46,40,0,86,92,70,50,0,212,58,0,58,270
01/12/2020,KOA,HI,AWP,WE,Federal Contract Tower,88,23,5,0,116,0,19,0,0,19,88,42,5,0,135,0,0,0,135
01/13/2020,KOA,HI,AWP,WE,Federal Contract Tower,84,12,6,16,118,0,41,53,7,101,84,53,59,23,219,240,0,240,459
01/14/2020,KOA,HI,AWP,WE,Federal Contract Tower,80,11,8,11,110,0,44,47,3,94,80,55,55,14,204,202,18,220,424
01/15/2020,KOA,HI,AWP,WE,Federal Contract Tower,80,8,7,6,101,0,49,55,5,109,80,57,62,11,210,198,22,220,430
01/16/2020,KOA,HI,AWP,WE,Federal Contract Tower,90,23,8,1,122,0,45,44,3,92,90,68,52,4,214,278,26,304,518
01/17/2020,KOA,HI,AWP,WE,Federal Contract Tower,92,26,13,5,136,0,41,35,1,77,92,67,48,6,213,190,14,204,417
01/18/2020,KOA,HI,AWP,WE,Federal Contract Tower,90,15,12,2,119,0,51,27,0,78,90,66,39,2,197,68,0,68,265
01/19/2020,KOA,HI,AWP,WE,Federal Contract Tower,96,10,10,0,116,0,48,26,0,74,96,58,36,0,190,18,0,18,208
01/20/2020,KOA,HI,AWP,WE,Federal Contract Tower,91,10,10,0,111,0,44,59,2,105,91,54,69,2,216,238,0,238,454
01/21/2020,KOA,HI,AWP,WE,Federal Contract Tower,81,17,9,1,108,0,35,51,17,103,81,52,60,18,211,204,8,212,423
01/22/2020,KOA,HI,AWP,WE,Federal Contract Tower,90,11,11,8,120,0,34,53,7,94,90,45,64,15,214,150,2,152,366
01/23/2020,KOA,HI,AWP,WE,Federal Contract Tower,91,13,10,13,127,0,44,51,5,100,91,57,61,18,227,150,44,194,421
01/24/2020,KOA,HI,AWP,WE,Federal Contract Tower,98,16,14,12,140,0,58,52,2,112,98,74,66,14,252,172,22,194,446
01/25/2020,KOA,HI,AWP,WE,Federal Contract Tower,98,6,8,0,112,0,49,42,0,91,98,55,50,0,203,60,0,60,263
01/26/2020,KOA,HI,AWP,WE,Federal Contract Tower,90,12,4,0,106,0,41,26,0,67,90,53,30,0,173,28,0,28,201
01/27/2020,KOA,HI,AWP,WE,Federal Contract Tower,82,11,8,6,107,0,51,45,2,98,82,62,53,8,205,192,0,192,397
01/28/2020,KOA,HI,AWP,WE,Federal Contract Tower,80,11,12,18,121,0,32,37,3,72,80,43,49,21,193,100,28,128,321
01/29/2020,KOA,HI,AWP,WE,Federal Contract Tower,89,5,11,8,113,0,37,40,4,81,89,42,51,12,194,174,0,174,368
01/30/2020,KOA,HI,AWP,WE,Federal Contract Tower,93,7,6,8,114,0,29,51,4,84,93,36,57,12,198,248,12,260,458
01/31/2020,KOA,HI,AWP,WE,Federal Contract Tower,96,12,7,9,124,0,34,32,1,67,96,46,39,10,191,140,10,150,341
02/01/2020,KOA,HI,AWP,WE,Federal Contract Tower,96,12,5,0,113,0,43,25,0,68,96,55,30,0,181,38,0,38,219
02/02/2020,KOA,HI,AWP,WE,Federal Contract Tower,95,7,5,1,108,0,37,18,1,56,95,44,23,2,164,34,0,34,198
02/03/2020,KOA,HI,AWP,WE,Federal Contract Tower,91,14,5,5,115,0,39,55,1,95,91,53,60,6,210,200,8,208,418
02/04/2020,KOA,HI,AWP,WE,Federal Contract Tower,80,8,13,7,108,0,38,31,1,70,80,46,44,8,178,206,0,206,384
02/05/2020,KOA,HI,AWP,WE,Federal Contract Tower,87,10,16,8,121,0,32,55,2,89,87,42,71,10,210,170,4,174,384
02/06/2020,KOA,HI,AWP,WE,Federal Contract Tower,94,23,5,5,127,0,7,18,2,27,94,30,23,7,154,166,22,188,342
02/07/2020,KOA,HI,AWP,WE,Federal Contract Tower,95,11,13,0,119,0,45,49,2,96,95,56,62,2,215,238,0,238,453
02/08/2020,KOA,HI,AWP,WE,Federal Contract Tower,99,7,5,1,112,0,30,39,1,70,99,37,44,2,182,116,0,116,298
02/09/2020,KOA,HI,AWP,WE,Federal Contract Tower,92,11,7,0,110,0,25,34,0,59,92,36,41,0,169,110,0,110,279
02/10/2020,KOA,HI,AWP,WE,Federal Contract Tower,90,21,6,4,121,0,22,24,0,46,90,43,30,4,167,122,0,122,289
02/11/2020,KOA,HI,AWP,WE,Federal Contract Tower,81,5,11,9,106,0,47,63,3,113,81,52,74,12,219,136,36,172,391
02/12/2020,KOA,HI,AWP,WE,Federal Contract Tower,91,8,10,4,113,0,39,52,3,94,91,47,62,7,207,200,14,214,421
02/13/2020,KOA,HI,AWP,WE,Federal Contract Tower,93,15,6,15,129,0,63,57,27,147,93,78,63,42,276,194,42,236,512
02/14/2020,KOA,HI,AWP,WE,Federal Contract Tower,101,7,12,0,120,0,47,28,3,78,101,54,40,3,198,134,0,134,332
02/15/2020,KOA,HI,AWP,WE,Federal Contract Tower,100,18,8,0,126,0,45,27,4,76,100,63,35,4,202,40,0,40,242
02/16/2020,KOA,HI,AWP,WE,Federal Contract Tower,91,13,18,0,122,0,43,25,2,70,91,56,43,2,192,48,0,48,240
02/17/2020,KOA,HI,AWP,WE,Federal Contract Tower,91,6,11,0,108,0,40,66,0,106,91,46,77,0,214,220,0,220,434
02/18/2020,KOA,HI,AWP,WE,Federal Contract Tower,91,12,10,19,132,0,46,46,5,97,91,58,56,24,229,212,16,228,457
02/19/2020,KOA,HI,AWP,WE,Federal Contract Tower,94,10,12,17,133,0,34,53,2,89,94,44,65,19,222,228,0,228,450
02/20/2020,KOA,HI,AWP,WE,Federal Contract Tower,95,13,1,10,119,0,32,63,0,95,95,45,64,10,214,344,14,358,572
02/21/2020,KOA,HI,AWP,WE,Federal Contract Tower,100,10,15,7,132,0,37,49,1,87,100,47,64,8,219,208,0,208,427
02/22/2020,KOA,HI,AWP,WE,Federal Contract Tower,98,13,10,0,121,0,47,60,4,111,98,60,70,4,232,96,0,96,328
02/23/2020,KOA,HI,AWP,WE,Federal Contract Tower,91,15,16,0,122,0,37,16,0,53,91,52,32,0,175,12,0,12,187
02/24/2020,KOA,HI,AWP,WE,Federal Contract Tower,89,13,11,4,117,0,38,57,3,98,89,51,68,7,215,264,0,264,479
02/25/2020,KOA,HI,AWP,WE,Federal Contract Tower,86,7,15,11,119,0,46,48,1,95,86,53,63,12,214,270,2,272,486
02/26/2020,KOA,HI,AWP,WE,Federal Contract Tower,88,9,6,11,114,0,39,47,3,89,88,48,53,14,203,212,4,216,419
02/27/2020,KOA,HI,AWP,WE,Federal Contract Tower,99,12,13,5,129,0,46,51,3,100,99,58,64,8,229,148,18,166,395
02/28/2020,KOA,HI,AWP,WE,Federal Contract Tower,98,10,8,8,124,0,33,42,13,88,98,43,50,21,212,228,16,244,456
02/29/2020,KOA,HI,AWP,WE,Federal Contract Tower,96,14,10,2,122,0,40,21,4,65,96,54,31,6,187,72,0,72,259
03/01/2020,KOA,HI,AWP,WE,Federal Contract Tower,96,11,6,0,113,0,38,24,0,62,96,49,30,0,175,94,0,94,269
03/02/2020,KOA,HI,AWP,WE,Federal Contract Tower,92,12,11,1,116,0,49,68,6,123,92,61,79,7,239,236,0,236,475
03/03/2020,KOA,HI,AWP,WE,Federal Contract Tower,89,6,11,6,112,0,27,65,2,94,89,33,76,8,206,348,24,372,578
03/04/2020,KOA,HI,AWP,WE,Federal Contract Tower,90,10,9,3,112,0,21,59,0,80,90,31,68,3,192,290,14,304,496
03/05/2020,KOA,HI,AWP,WE,Federal Contract Tower,92,6,11,13,122,0,39,59,7,105,92,45,70,20,227,252,36,288,515
03/06/2020,KOA,HI,AWP,WE,Federal Contract Tower,104,11,8,2,125,0,37,37,6,80,104,48,45,8,205,224,0,224,429
03/07/2020,KOA,HI,AWP,WE,Federal Contract Tower,103,18,9,0,130,0,20,16,3,39,103,38,25,3,169,154,26,180,349
03/08/2020,KOA,HI,AWP,WE,Federal Contract Tower,104,6,6,0,116,0,25,25,2,52,104,31,31,2,168,130,0,130,298
03/09/2020,KOA,HI,AWP,WE,Federal Contract Tower,100,7,11,14,132,0,36,49,4,89,100,43,60,18,221,210,18,228,449
03/10/2020,KOA,HI,AWP,WE,Federal Contract Tower,93,8,3,0,104,0,21,36,8,65,93,29,39,8,169,166,0,166,335
03/11/2020,KOA,HI,AWP,WE,Federal Contract Tower,101,7,7,10,125,0,25,45,3,73,101,32,52,13,198,198,32,230,428
03/12/2020,KOA,HI,AWP,WE,Federal Contract Tower,98,8,8,10,124,0,35,49,0,84,98,43,57,10,208,196,36,232,440
03/13/2020,KOA,HI,AWP,WE,Federal Contract Tower,106,19,6,1,132,0,22,26,3,51,106,41,32,4,183,176,0,176,359
03/14/2020,KOA,HI,AWP,WE,Federal Contract Tower,105,18,10,0,133,0,21,9,2,32,105,39,19,2,165,64,0,64,229
03/15/2020,KOA,HI,AWP,WE,Federal Contract Tower,102,9,7,0,118,0,26,16,0,42,102,35,23,0,160,50,0,50,210
03/16/2020,KOA,HI,AWP,WE,Federal Contract Tower,100,14,16,1,131,0,32,71,4,107,100,46,87,5,238,320,0,320,558
03/17/2020,KOA,HI,AWP,WE,Federal Contract Tower,108,18,16,0,142,0,25,53,0,78,108,43,69,0,220,172,0,172,392
03/18/2020,KOA,HI,AWP,WE,Federal Contract Tower,104,21,8,2,135,0,30,52,3,85,104,51,60,5,220,176,18,194,414
03/19/2020,KOA,HI,AWP,WE,Federal Contract Tower,98,13,10,14,135,0,26,39,2,67,98,39,49,16,202,156,0,156,358
03/20/2020,KOA,HI,AWP,WE,Federal Contract Tower,108,11,14,26,159,0,27,40,6,73,108,38,54,32,232,232,10,242,474
03/21/2020,KOA,HI,AWP,WE,Federal Contract Tower,97,12,7,0,116,0,26,30,0,56,97,38,37,0,172,64,0,64,236
03/22/2020,KOA,HI,AWP,WE,Federal Contract Tower,95,5,7,0,107,0,16,20,0,36,95,21,27,0,143,64,0,64,207
03/23/2020,KOA,HI,AWP,WE,Federal Contract Tower,98,8,4,17,127,0,26,42,3,71,98,34,46,20,198,300,12,312,510
03/24/2020,KOA,HI,AWP,WE,Federal Contract Tower,79,3,4,15,101,0,16,26,0,42,79,19,30,15,143,236,0,236,379
03/25/2020,KOA,HI,AWP,WE,Federal Contract Tower,74,8,9,5,96,0,13,38,0,51,74,21,47,5,147,294,8,302,449
03/26/2020,KOA,HI,AWP,WE,Federal Contract Tower,65,11,6,6,88,0,8,21,0,29,65,19,27,6,117,154,14,168,285
03/27/2020,KOA,HI,AWP,WE,Federal Contract Tower,51,7,4,6,68,0,19,30,0,49,51,26,34,6,117,142,0,142,259
03/28/2020,KOA,HI,AWP,WE,Federal Contract Tower,30,3,4,0,37,0,11,22,0,33,30,14,26,0,70,130,0,130,200
03/29/2020,KOA,HI,AWP,WE,Federal Contract Tower,39,2,3,4,48,0,4,10,0,14,39,6,13,4,62,18,0,18,80
03/30/2020,KOA,HI,AWP,WE,Federal Contract Tower,41,3,4,0,48,0,10,26,0,36,41,13,30,0,84,202,0,202,286
03/31/2020,KOA,HI,AWP,WE,Federal Contract Tower,46,3,0,4,53,0,11,34,0,45,46,14,34,4,98,226,0,226,324
04/01/2020,KOA,HI,AWP,WE,Federal Contract Tower,30,3,1,2,36,0,12,32,0,44,30,15,33,2,80,148,20,168,248
04/03/2020,KOA,HI,AWP,WE,Federal Contract Tower,30,1,4,10,45,0,8,28,0,36,30,9,32,10,81,142,0,142,223
04/04/2020,KOA,HI,AWP,WE,Federal Contract Tower,19,4,1,0,24,0,15,13,0,28,19,19,14,0,52,82,0,82,134
04/05/2020,KOA,HI,AWP,WE,Federal Contract Tower,19,5,2,2,28,0,2,12,0,14,19,7,14,2,42,60,0,60,102
04/06/2020,KOA,HI,AWP,WE,Federal Contract Tower,17,6,7,2,32,0,6,28,0,34,17,12,35,2,66,166,0,166,232
04/07/2020,KOA,HI,AWP,WE,Federal Contract Tower,20,2,3,8,33,0,11,21,0,32,20,13,24,8,65,66,26,92,157
04/08/2020,KOA,HI,AWP,WE,Federal Contract Tower,19,1,6,1,27,0,6,34,1,41,19,7,40,2,68,180,12,192,260
04/09/2020,KOA,HI,AWP,WE,Federal Contract Tower,19,5,5,0,29,0,11,30,0,41,19,16,35,0,70,98,0,98,168
04/10/2020,KOA,HI,AWP,WE,Federal Contract Tower,17,2,5,0,24,0,12,28,0,40,17,14,33,0,64,102,0,102,166
04/11/2020,KOA,HI,AWP,WE,Federal Contract Tower,14,8,5,0,27,0,11,16,0,27,14,19,21,0,54,74,0,74,128
04/12/2020,KOA,HI,AWP,WE,Federal Contract Tower,13,1,0,0,14,0,2,6,0,8,13,3,6,0,22,46,0,46,68
04/13/2020,KOA,HI,AWP,WE,Federal Contract Tower,14,4,1,1,20,0,5,33,0,38,14,9,34,1,58,150,0,150,208
04/14/2020,KOA,HI,AWP,WE,Federal Contract Tower,19,4,7,17,47,0,9,22,1,32,19,13,29,18,79,218,34,252,331
04/15/2020,KOA,HI,AWP,WE,Federal Contract Tower,18,2,1,0,21,0,4,23,5,32,18,6,24,5,53,120,8,128,181
04/16/2020,KOA,HI,AWP,WE,Federal Contract Tower,18,3,4,2,27,0,11,32,0,43,18,14,36,2,70,154,6,160,230
04/17/2020,KOA,HI,AWP,WE,Federal Contract Tower,19,4,8,0,31,0,4,29,3,36,19,8,37,3,67,250,0,250,317
04/18/2020,KOA,HI,AWP,WE,Federal Contract Tower,12,1,2,0,15,0,19,15,0,34,12,20,17,0,49,26,0,26,75
04/19/2020,KOA,HI,AWP,WE,Federal Contract Tower,17,1,3,0,21,0,3,11,0,14,17,4,14,0,35,12,0,12,47
04/20/2020,KOA,HI,AWP,WE,Federal Contract Tower,18,1,5,0,24,0,7,23,0,30,18,8,28,0,54,70,0,70,124
04/21/2020,KOA,HI,AWP,WE,Federal Contract Tower,18,2,1,9,30,0,4,33,0,37,18,6,34,9,67,208,32,240,307
04/22/2020,KOA,HI,AWP,WE,Federal Contract Tower,16,9,4,0,29,0,7,39,0,46,16,16,43,0,75,176,0,176,251
04/23/2020,KOA,HI,AWP,WE,Federal Contract Tower,19,1,4,23,47,0,7,21,2,30,19,8,25,25,77,183,36,219,296
04/24/2020,KOA,HI,AWP,WE,Federal Contract Tower,18,3,6,3,30,0,8,34,4,46,18,11,40,7,76,190,16,206,282
04/25/2020,KOA,HI,AWP,WE,Federal Contract Tower,16,1,5,0,22,0,15,11,2,28,16,16,16,2,50,28,0,28,78
04/26/2020,KOA,HI,AWP,WE,Federal Contract Tower,17,2,0,0,19,0,4,5,0,9,17,6,5,0,28,0,0,0,28
04/27/2020,KOA,HI,AWP,WE,Federal Contract Tower,19,2,2,8,31,0,7,24,0,31,19,9,26,8,62,116,0,116,178
04/28/2020,KOA,HI,AWP,WE,Federal Contract Tower,18,2,5,9,34,0,4,30,1,35,18,6,35,10,69,188,12,200,269
04/29/2020,KOA,HI,AWP,WE,Federal Contract Tower,18,7,3,6,34,0,6,30,0,36,18,13,33,6,70,130,0,130,200
04/30/2020,KOA,HI,AWP,WE,Federal Contract Tower,18,2,7,1,28,0,7,30,0,37,18,9,37,1,65,154,12,166,231
05/01/2020,KOA,HI,AWP,WE,Federal Contract Tower,19,6,4,4,33,0,4,26,0,30,19,10,30,4,63,126,20,146,209
05/02/2020,KOA,HI,AWP,WE,Federal Contract Tower,14,3,2,0,19,0,9,4,2,15,14,12,6,2,34,0,0,0,34
05/03/2020,KOA,HI,AWP,WE,Federal Contract Tower,20,2,2,0,24,0,5,11,0,16,20,7,13,0,40,18,0,18,58
05/04/2020,KOA,HI,AWP,WE,Federal Contract Tower,23,8,4,6,41,0,10,15,0,25,23,18,19,6,66,150,0,150,216
05/05/2020,KOA,HI,AWP,WE,Federal Contract Tower,20,4,7,26,57,0,5,20,3,28,20,9,27,29,85,172,20,192,277
05/06/2020,KOA,HI,AWP,WE,Federal Contract Tower,20,0,6,5,31,0,5,29,2,36,20,5,35,7,67,180,52,232,299
05/07/2020,KOA,HI,AWP,WE,Federal Contract Tower,21,3,4,1,29,0,8,28,1,37,21,11,32,2,66,86,28,114,180
05/08/2020,KOA,HI,AWP,WE,Federal Contract Tower,20,2,6,0,28,0,11,21,0,32,20,13,27,0,60,134,0,134,194
05/09/2020,KOA,HI,AWP,WE,Federal Contract Tower,18,4,1,0,23,0,9,8,0,17,18,13,9,0,40,6,0,6,46
05/10/2020,KOA,HI,AWP,WE,Federal Contract Tower,20,1,1,0,22,0,11,12,0,23,20,12,13,0,45,32,0,32,77
05/11/2020,KOA,HI,AWP,WE,Federal Contract Tower,21,2,4,2,29,0,8,24,0,32,21,10,28,2,61,138,10,148,209
05/12/2020,KOA,HI,AWP,WE,Federal Contract Tower,20,5,2,12,39,0,4,32,5,41,20,9,34,17,80,154,28,182,262
05/13/2020,KOA,HI,AWP,WE,Federal Contract Tower,20,3,4,5,32,0,6,43,1,50,20,9,47,6,82,193,20,213,295
05/14/2020,KOA,HI,AWP,WE,Federal Contract Tower,20,3,4,3,30,0,9,28,5,42,20,12,32,8,72,94,8,102,174
05/15/2020,KOA,HI,AWP,WE,Federal Contract Tower,21,7,6,23,57,0,5,30,0,35,21,12,36,23,92,120,0,120,212
05/16/2020,KOA,HI,AWP,WE,Federal Contract Tower,19,6,0,0,25,0,8,12,0,20,19,14,12,0,45,56,0,56,101
05/17/2020,KOA,HI,AWP,WE,Federal Contract Tower,20,4,1,0,25,0,10,12,0,22,20,14,13,0,47,8,0,8,55
05/18/2020,KOA,HI,AWP,WE,Federal Contract Tower,21,5,5,4,35,0,8,21,0,29,21,13,26,4,64,148,26,174,238
05/19/2020,KOA,HI,AWP,WE,Federal Contract Tower,20,4,5,25,54,0,12,18,4,34,20,16,23,29,88,122,24,146,234
05/20/2020,KOA,HI,AWP,WE,Federal Contract Tower,19,5,5,3,32,0,11,30,4,45,19,16,35,7,77,142,8,150,227
05/21/2020,KOA,HI,AWP,WE,Federal Contract Tower,22,6,4,17,49,0,7,6,9,22,22,13,10,26,71,84,28,112,183
05/22/2020,KOA,HI,AWP,WE,Federal Contract Tower,23,5,8,5,41,0,10,24,0,34,23,15,32,5,75,184,0,184,259
05/23/2020,KOA,HI,AWP,WE,Federal Contract Tower,18,10,5,0,33,0,8,17,0,25,18,18,22,0,58,28,0,28,86
05/24/2020,KOA,HI,AWP,WE,Federal Contract Tower,21,3,6,0,30,0,8,12,0,20,21,11,18,0,50,46,0,46,96
05/25/2020,KOA,HI,AWP,WE,Federal Contract Tower,17,9,3,0,29,0,6,24,1,31,17,15,27,1,60,102,2,104,164
05/26/2020,KOA,HI,AWP,WE,Federal Contract Tower,24,10,2,6,42,0,10,31,2,43,24,20,33,8,85,146,10,156,241
05/27/2020,KOA,HI,AWP,WE,Federal Contract Tower,19,3,6,4,32,0,5,37,3,45,19,8,43,7,77,134,2,136,213
05/28/2020,KOA,HI,AWP,WE,Federal Contract Tower,20,4,2,16,42,0,6,36,4,46,20,10,38,20,88,150,12,162,250
05/29/2020,KOA,HI,AWP,WE,Federal Contract Tower,23,2,7,4,36,0,7,40,0,47,23,9,47,4,83,192,0,192,275
05/30/2020,KOA,HI,AWP,WE,Federal Contract Tower,18,6,3,0,27,0,11,10,0,21,18,17,13,0,48,16,0,16,64
05/31/2020,KOA,HI,AWP,WE,Federal Contract Tower,21,2,7,0,30,0,6,10,0,16,21,8,17,0,46,8,0,8,54
06/01/2020,KOA,HI,AWP,WE,Federal Contract Tower,26,1,10,0,37,0,11,42,0,53,26,12,52,0,90,260,0,260,350
06/02/2020,KOA,HI,AWP,WE,Federal Contract Tower,26,5,5,4,40,0,7,40,1,48,26,12,45,5,88,106,10,116,204
06/03/2020,KOA,HI,AWP,WE,Federal Contract Tower,21,4,1,4,30,0,4,40,1,45,21,8,41,5,75,274,12,286,361
06/04/2020,KOA,HI,AWP,WE,Federal Contract Tower,26,5,7,1,39,0,9,20,1,30,26,14,27,2,69,148,14,162,231
06/05/2020,KOA,HI,AWP,WE,Federal Contract Tower,26,0,6,6,38,0,9,49,0,58,26,9,55,6,96,234,0,234,330
06/06/2020,KOA,HI,AWP,WE,Federal Contract Tower,19,5,1,0,25,0,11,8,0,19,19,16,9,0,44,30,0,30,74
06/07/2020,KOA,HI,AWP,WE,Federal Contract Tower,25,2,3,0,30,0,5,8,0,13,25,7,11,0,43,24,0,24,67
06/08/2020,KOA,HI,AWP,WE,Federal Contract Tower,26,7,7,6,46,0,11,41,0,52,26,18,48,6,98,214,0,214,312
06/09/2020,KOA,HI,AWP,WE,Federal Contract Tower,32,0,4,37,73,0,10,24,9,43,32,10,28,46,116,74,50,124,240
06/10/2020,KOA,HI,AWP,WE,Federal Contract Tower,24,2,6,7,39,0,9,38,11,58,24,11,44,18,97,196,20,216,313
06/11/2020,KOA,HI,AWP,WE,Federal Contract Tower,25,1,3,22,51,0,8,18,10,36,25,9,21,32,87,150,25,175,262
06/12/2020,KOA,HI,AWP,WE,Federal Contract Tower,27,5,4,7,43,0,10,39,2,51,27,15,43,9,94,114,0,114,208
06/13/2020,KOA,HI,AWP,WE,Federal Contract Tower,21,8,6,0,35,0,13,8,4,25,21,21,14,4,60,8,0,8,68
06/14/2020,KOA,HI,AWP,WE,Federal Contract Tower,25,3,6,3,37,0,5,6,2,13,25,8,12,5,50,26,22,48,98
06/15/2020,KOA,HI,AWP,WE,Federal Contract Tower,26,5,9,10,50,0,10,32,6,48,26,15,41,16,98,170,4,174,272
06/16/2020,KOA,HI,AWP,WE,Federal Contract Tower,25,4,9,22,60,0,9,38,15,62,25,13,47,37,122,90,28,118,240
06/17/2020,KOA,HI,AWP,WE,Federal Contract Tower,25,3,7,13,48,0,10,36,5,51,25,13,43,18,99,158,20,178,277
06/18/2020,KOA,HI,AWP,WE,Federal Contract Tower,29,1,12,4,46,0,13,37,0,50,29,14,49,4,96,180,0,180,276
06/19/2020,KOA,HI,AWP,WE,Federal Contract Tower,32,5,8,0,45,0,10,47,0,57,32,15,55,0,102,236,0,236,338
06/20/2020,KOA,HI,AWP,WE,Federal Contract Tower,23,7,3,2,35,0,15,23,0,38,23,22,26,2,73,26,0,26,99
06/21/2020,KOA,HI,AWP,WE,Federal Contract Tower,30,2,7,2,41,0,11,17,0,28,30,13,24,2,69,60,0,60,129
06/22/2020,KOA,HI,AWP,WE,Federal Contract Tower,29,0,12,9,50,0,16,32,1,49,29,16,44,10,99,182,6,188,287
06/23/2020,KOA,HI,AWP,WE,Federal Contract Tower,29,4,9,4,46,0,11,52,5,68,29,15,61,9,114,194,6,200,314
06/24/2020,KOA,HI,AWP,WE,Federal Contract Tower,23,6,6,6,41,0,17,52,0,69,23,23,58,6,110,94,0,94,204
06/25/2020,KOA,HI,AWP,WE,Federal Contract Tower,26,7,5,11,49,0,8,24,0,32,26,15,29,11,81,106,4,110,191
06/26/2020,KOA,HI,AWP,WE,Federal Contract Tower,33,2,5,2,42,0,15,36,2,53,33,17,41,4,95,110,0,110,205
06/27/2020,KOA,HI,AWP,WE,Federal Contract Tower,21,2,6,0,29,0,12,8,0,20,21,14,14,0,49,6,0,6,55
06/28/2020,KOA,HI,AWP,WE,Federal Contract Tower,34,2,4,0,40,0,7,17,0,24,34,9,21,0,64,36,0,36,100
06/29/2020,KOA,HI,AWP,WE,Federal Contract Tower,31,5,1,26,63,0,19,17,8,44,31,24,18,34,107,98,6,104,211
06/30/2020,KOA,HI,AWP,WE,Federal Contract Tower,31,4,2,4,41,0,10,28,1,39,31,14,30,5,80,128,6,134,214
07/01/2020,KOA,HI,AWP,WE,Federal Contract Tower,42,1,7,4,54,0,18,38,1,57,42,19,45,5,111,134,22,156,267
07/02/2020,KOA,HI,AWP,WE,Federal Contract Tower,43,6,5,1,55,0,13,36,0,49,43,19,41,1,104,114,6,120,224
07/03/2020,KOA,HI,AWP,WE,Federal Contract Tower,43,11,8,0,62,0,16,37,0,53,43,27,45,0,115,144,0,144,259
07/04/2020,KOA,HI,AWP,WE,Federal Contract Tower,27,1,7,0,35,0,5,16,0,21,27,6,23,0,56,22,0,22,78
07/05/2020,KOA,HI,AWP,WE,Federal Contract Tower,41,0,5,0,46,0,16,6,0,22,41,16,11,0,68,6,0,6,74
07/06/2020,KOA,HI,AWP,WE,Federal Contract Tower,41,8,3,8,60,0,14,36,1,51,41,22,39,9,111,90,22,112,223
07/07/2020,KOA,HI,AWP,WE,Federal Contract Tower,37,0,3,17,57,0,15,33,7,55,37,15,36,24,112,124,20,144,256
07/08/2020,KOA,HI,AWP,WE,Federal Contract Tower,41,2,5,6,54,0,19,32,1,52,41,21,37,7,106,160,10,170,276
07/09/2020,KOA,HI,AWP,WE,Federal Contract Tower,41,8,4,4,57,0,20,44,0,64,41,28,48,4,121,154,16,170,291
07/10/2020,KOA,HI,AWP,WE,Federal Contract Tower,43,5,7,10,65,0,15,41,1,57,43,20,48,11,122,188,0,188,310
07/11/2020,KOA,HI,AWP,WE,Federal Contract Tower,30,0,6,0,36,0,16,18,0,34,30,16,24,0,70,58,0,58,128
07/12/2020,KOA,HI,AWP,WE,Federal Contract Tower,37,5,5,0,47,0,13,11,0,24,37,18,16,0,71,44,0,44,115
07/13/2020,KOA,HI,AWP,WE,Federal Contract Tower,41,6,7,13,67,0,8,44,3,55,41,14,51,16,122,240,16,256,378
07/14/2020,KOA,HI,AWP,WE,Federal Contract Tower,41,3,4,9,57,0,16,21,0,37,41,19,25,9,94,134,6,140,234
07/15/2020,KOA,HI,AWP,WE,Federal Contract Tower,44,2,5,4,55,0,25,45,0,70,44,27,50,4,125,212,0,212,337
07/16/2020,KOA,HI,AWP,WE,Federal Contract Tower,39,3,0,6,48,0,10,40,8,58,39,13,40,14,106,138,18,156,262
07/17/2020,KOA,HI,AWP,WE,Federal Contract Tower,44,6,4,17,71,0,21,44,5,70,44,27,48,22,141,220,12,232,373
07/18/2020,KOA,HI,AWP,WE,Federal Contract Tower,30,5,8,0,43,0,17,14,2,33,30,22,22,2,76,30,0,30,106
07/19/2020,KOA,HI,AWP,WE,Federal Contract Tower,40,3,1,2,46,0,19,6,0,25,40,22,7,2,71,8,0,8,79
07/20/2020,KOA,HI,AWP,WE,Federal Contract Tower,41,4,5,8,58,0,11,21,5,37,41,15,26,13,95,166,0,166,261
07/21/2020,KOA,HI,AWP,WE,Federal Contract Tower,39,3,3,2,47,0,16,34,0,50,39,19,37,2,97,174,0,174,271
07/22/2020,KOA,HI,AWP,WE,Federal Contract Tower,39,6,3,4,52,0,12,51,8,71,39,18,54,12,123,154,8,162,285
07/23/2020,KOA,HI,AWP,WE,Federal Contract Tower,41,3,1,0,45,0,10,31,0,41,41,13,32,0,86,156,0,156,242
07/24/2020,KOA,HI,AWP,WE,Federal Contract Tower,53,2,1,8,64,0,20,37,3,60,53,22,38,11,124,188,0,188,312
07/25/2020,KOA,HI,AWP,WE,Federal Contract Tower,41,10,0,0,51,0,20,7,0,27,41,30,7,0,78,10,0,10,88
07/26/2020,KOA,HI,AWP,WE,Federal Contract Tower,9,2,0,5,16,0,0,0,0,0,9,2,0,5,16,0,0,0,16
07/27/2020,KOA,HI,AWP,WE,Federal Contract Tower,51,9,3,0,63,0,18,38,1,57,51,27,41,1,120,172,0,172,292
07/28/2020,KOA,HI,AWP,WE,Federal Contract Tower,46,0,4,16,66,0,12,41,9,62,46,12,45,25,128,202,28,230,358
07/29/2020,KOA,HI,AWP,WE,Federal Contract Tower,41,3,2,8,54,0,23,16,14,53,41,26,18,22,107,164,10,174,281
07/30/2020,KOA,HI,AWP,WE,Federal Contract Tower,44,5,0,4,53,0,11,34,7,52,44,16,34,11,105,210,2,212,317
07/31/2020,KOA,HI,AWP,WE,Federal Contract Tower,46,3,4,3,56,0,16,31,1,48,46,19,35,4,104,188,0,188,292
08/01/2020,KOA,HI,AWP,WE,Federal Contract Tower,38,8,4,3,53,0,20,9,10,39,38,28,13,13,92,34,0,34,126
08/02/2020,KOA,HI,AWP,WE,Federal Contract Tower,40,1,5,0,46,0,11,9,4,24,40,12,14,4,70,0,0,0,70
08/03/2020,KOA,HI,AWP,WE,Federal Contract Tower,38,6,5,6,55,0,13,39,4,56,38,19,44,10,111,210,2,212,323
08/04/2020,KOA,HI,AWP,WE,Federal Contract Tower,42,6,2,2,52,0,10,29,4,43,42,16,31,6,95,108,0,108,203
08/05/2020,KOA,HI,AWP,WE,Federal Contract Tower,38,3,7,7,55,0,13,33,9,55,38,16,40,16,110,212,0,212,322
08/06/2020,KOA,HI,AWP,WE,Federal Contract Tower,43,8,8,8,67,0,9,35,10,54,43,17,43,18,121,158,36,194,315
08/07/2020,KOA,HI,AWP,WE,Federal Contract Tower,46,1,5,11,63,0,9,21,3,33,46,10,26,14,96,204,14,218,314
08/08/2020,KOA,HI,AWP,WE,Federal Contract Tower,33,6,8,0,47,0,17,10,3,30,33,23,18,3,77,6,0,6,83
08/09/2020,KOA,HI,AWP,WE,Federal Contract Tower,41,6,5,0,52,0,14,15,0,29,41,20,20,0,81,6,0,6,87
08/10/2020,KOA,HI,AWP,WE,Federal Contract Tower,43,6,6,1,56,0,13,48,2,63,43,19,54,3,119,284,0,284,403
08/11/2020,KOA,HI,AWP,WE,Federal Contract Tower,39,2,1,1,43,0,7,34,1,42,39,9,35,2,85,136,4,140,225
08/12/2020,KOA,HI,AWP,WE,Federal Contract Tower,29,2,7,1,39,0,9,45,1,55,29,11,52,2,94,122,16,138,232
08/13/2020,KOA,HI,AWP,WE,Federal Contract Tower,30,2,5,3,40,0,7,52,2,61,30,9,57,5,101,184,26,210,311
08/14/2020,KOA,HI,AWP,WE,Federal Contract Tower,32,5,6,0,43,0,13,28,3,44,32,18,34,3,87,168,0,168,255
08/15/2020,KOA,HI,AWP,WE,Federal Contract Tower,25,7,6,0,38,0,12,19,0,31,25,19,25,0,69,44,0,44,113
08/16/2020,KOA,HI,AWP,WE,Federal Contract Tower,27,11,8,0,46,0,11,14,0,25,27,22,22,0,71,10,0,10,81
08/17/2020,KOA,HI,AWP,WE,Federal Contract Tower,30,4,6,7,47,0,6,49,2,57,30,10,55,9,104,190,4,194,298
08/18/2020,KOA,HI,AWP,WE,Federal Contract Tower,29,4,5,2,40,0,20,29,2,51,29,24,34,4,91,126,6,132,223
08/20/2020,KOA,HI,AWP,WE,Federal Contract Tower,30,3,3,25,61,0,9,34,12,55,30,12,37,37,116,178,78,256,372
08/21/2020,KOA,HI,AWP,WE,Federal Contract Tower,30,2,9,18,59,0,3,30,2,35,30,5,39,20,94,234,0,234,328
08/22/2020,KOA,HI,AWP,WE,Federal Contract Tower,24,2,2,0,28,0,10,38,0,48,24,12,40,0,76,8,0,8,84
08/23/2020,KOA,HI,AWP,WE,Federal Contract Tower,27,0,1,0,28,0,5,10,0,15,27,5,11,0,43,4,0,4,47
08/24/2020,KOA,HI,AWP,WE,Federal Contract Tower,30,1,4,1,36,0,6,41,2,49,30,7,45,3,85,156,0,156,241
08/25/2020,KOA,HI,AWP,WE,Federal Contract Tower,34,2,3,15,54,0,6,27,5,38,34,8,30,20,92,150,44,194,286
08/26/2020,KOA,HI,AWP,WE,Federal Contract Tower,26,4,3,0,33,0,6,26,4,36,26,10,29,4,69,188,0,188,257
08/27/2020,KOA,HI,AWP,WE,Federal Contract Tower,29,8,6,3,46,0,6,33,5,44,29,14,39,8,90,124,18,142,232
08/28/2020,KOA,HI,AWP,WE,Federal Contract Tower,32,1,8,6,47,0,7,58,8,73,32,8,66,14,120,214,0,214,334
08/29/2020,KOA,HI,AWP,WE,Federal Contract Tower,22,3,1,0,26,0,8,14,0,22,22,11,15,0,48,2,0,2,50
08/30/2020,KOA,HI,AWP,WE,Federal Contract Tower,28,2,1,2,33,0,7,6,6,19,28,9,7,8,52,6,0,6,58
08/31/2020,KOA,HI,AWP,WE,Federal Contract Tower,31,5,4,0,40,0,7,54,0,61,31,12,58,0,101,198,0,198,299
09/02/2020,KOA,HI,AWP,WE,Federal Contract Tower,25,1,7,10,43,0,4,25,0,29,25,5,32,10,72,174,26,200,272
09/03/2020,KOA,HI,AWP,WE,Federal Contract Tower,30,2,4,6,42,0,7,27,1,35,30,9,31,7,77,178,38,216,293
09/04/2020,KOA,HI,AWP,WE,Federal Contract Tower,31,0,9,1,41,0,13,41,2,56,31,13,50,3,97,164,0,164,261
09/05/2020,KOA,HI,AWP,WE,Federal Contract Tower,24,4,5,1,34,0,11,10,0,21,24,15,15,1,55,0,0,0,55
09/06/2020,KOA,HI,AWP,WE,Federal Contract Tower,19,4,5,0,28,0,3,23,0,26,19,7,28,0,54,44,0,44,98
09/07/2020,KOA,HI,AWP,WE,Federal Contract Tower,23,1,8,6,38,0,8,48,0,56,23,9,56,6,94,202,0,202,296
09/08/2020,KOA,HI,AWP,WE,Federal Contract Tower,21,4,4,1,30,0,6,29,0,35,21,10,33,1,65,128,18,146,211
09/09/2020,KOA,HI,AWP,WE,Federal Contract Tower,24,7,0,2,33,0,7,50,6,63,24,14,50,8,96,250,18,268,364
09/10/2020,KOA,HI,AWP,WE,Federal Contract Tower,25,1,3,8,37,0,2,30,3,35,25,3,33,11,72,154,14,168,240
09/11/2020,KOA,HI,AWP,WE,Federal Contract Tower,27,1,1,2,31,0,6,42,0,48,27,7,43,2,79,186,14,200,279
09/12/2020,KOA,HI,AWP,WE,Federal Contract Tower,27,11,3,0,41,0,8,29,0,37,27,19,32,0,78,100,0,100,178
09/13/2020,KOA,HI,AWP,WE,Federal Contract Tower,23,1,3,0,27,0,1,22,0,23,23,2,25,0,50,152,0,152,202
09/14/2020,KOA,HI,AWP,WE,Federal Contract Tower,27,3,9,9,48,0,10,32,4,46,27,13,41,13,94,120,20,140,234
09/15/2020,KOA,HI,AWP,WE,Federal Contract Tower,26,4,7,7,44,0,14,22,2,38,26,18,29,9,82,188,38,226,308
09/16/2020,KOA,HI,AWP,WE,Federal Contract Tower,24,2,1,7,34,0,11,69,6,86,24,13,70,13,120,190,10,200,320
09/17/2020,KOA,HI,AWP,WE,Federal Contract Tower,24,4,8,1,37,0,4,34,4,42,24,8,42,5,79,168,2,170,249
09/18/2020,KOA,HI,AWP,WE,Federal Contract Tower,29,0,4,5,38,0,5,41,7,53,29,5,45,12,91,146,0,146,237
09/19/2020,KOA,HI,AWP,WE,Federal Contract Tower,21,7,4,18,50,0,8,3,0,11,21,15,7,18,61,24,0,24,85
09/20/2020,KOA,HI,AWP,WE,Federal Contract Tower,21,6,3,0,30,0,3,15,0,18,21,9,18,0,48,18,0,18,66
09/21/2020,KOA,HI,AWP,WE,Federal Contract Tower,25,7,17,17,66,0,9,39,4,52,25,16,56,21,118,270,2,272,390
09/22/2020,KOA,HI,AWP,WE,Federal Contract Tower,23,4,0,16,43,0,5,21,2,28,23,9,21,18,71,164,20,184,255
09/23/2020,KOA,HI,AWP,WE,Federal Contract Tower,24,4,5,11,44,0,6,36,5,47,24,10,41,16,91,266,4,270,361
09/24/2020,KOA,HI,AWP,WE,Federal Contract Tower,25,4,4,13,46,0,7,32,15,54,25,11,36,28,100,244,58,302,402
09/25/2020,KOA,HI,AWP,WE,Federal Contract Tower,28,2,8,40,78,0,9,29,9,47,28,11,37,49,125,206,0,206,331
09/26/2020,KOA,HI,AWP,WE,Federal Contract Tower,18,4,2,0,24,0,11,14,0,25,18,15,16,0,49,54,0,54,103
09/27/2020,KOA,HI,AWP,WE,Federal Contract Tower,23,1,2,0,26,0,2,14,0,16,23,3,16,0,42,4,0,4,46
09/28/2020,KOA,HI,AWP,WE,Federal Contract Tower,27,4,5,8,44,0,6,37,6,49,27,10,42,14,93,194,14,208,301
09/29/2020,KOA,HI,AWP,WE,Federal Contract Tower,24,4,9,9,46,0,6,29,2,37,24,10,38,11,83,116,14,130,213
09/30/2020,KOA,HI,AWP,WE,Federal Contract Tower,31,5,2,1,39,0,7,40,6,53,31,12,42,7,92,254,40,294,386
10/01/2020,KOA,HI,AWP,WE,Federal Contract Tower,24,9,6,10,49,0,17,29,9,55,24,26,35,19,104,172,34,206,310
10/02/2020,KOA,HI,AWP,WE,Federal Contract Tower,26,3,15,0,44,0,6,37,0,43,26,9,52,0,87,204,0,204,291
10/03/2020,KOA,HI,AWP,WE,Federal Contract Tower,24,2,13,2,41,0,12,9,2,23,24,14,22,4,64,22,0,22,86
10/04/2020,KOA,HI,AWP,WE,Federal Contract Tower,19,3,2,0,24,0,8,18,0,26,19,11,20,0,50,30,0,30,80
10/05/2020,KOA,HI,AWP,WE,Federal Contract Tower,25,3,5,21,54,0,6,43,2,51,25,9,48,23,105,176,16,192,297
10/06/2020,KOA,HI,AWP,WE,Federal Contract Tower,31,5,0,2,38,0,9,36,0,45,31,14,36,2,83,154,26,180,263
10/07/2020,KOA,HI,AWP,WE,Federal Contract Tower,22,6,2,12,42,0,5,27,1,33,22,11,29,13,75,224,10,234,309
10/08/2020,KOA,HI,AWP,WE,Federal Contract Tower,27,2,12,12,53,0,8,21,3,32,27,10,33,15,85,180,44,224,309
10/09/2020,KOA,HI,AWP,WE,Federal Contract Tower,26,10,0,0,36,0,7,50,14,71,26,17,50,14,107,188,2,190,297
10/10/2020,KOA,HI,AWP,WE,Federal Contract Tower,26,5,2,0,33,0,8,3,0,11,26,13,5,0,44,0,0,0,44
10/11/2020,KOA,HI,AWP,WE,Federal Contract Tower,24,5,5,0,34,0,1,11,4,16,24,6,16,4,50,18,0,18,68
10/12/2020,KOA,HI,AWP,WE,Federal Contract Tower,28,3,1,0,32,0,4,28,0,32,28,7,29,0,64,78,0,78,142
10/13/2020,KOA,HI,AWP,WE,Federal Contract Tower,28,8,4,5,45,0,6,15,1,22,28,14,19,6,67,110,54,164,231
10/14/2020,KOA,HI,AWP,WE,Federal Contract Tower,24,3,4,23,54,0,9,31,1,41,24,12,35,24,95,98,12,110,205
10/15/2020,KOA,HI,AWP,WE,Federal Contract Tower,45,5,5,16,71,0,12,29,0,41,45,17,34,16,112,60,0,60,172
10/16/2020,KOA,HI,AWP,WE,Federal Contract Tower,46,6,8,2,62,0,9,41,4,54,46,15,49,6,116,210,0,210,326
10/17/2020,KOA,HI,AWP,WE,Federal Contract Tower,38,5,6,1,50,0,6,3,0,9,38,11,9,1,59,2,0,2,61
10/18/2020,KOA,HI,AWP,WE,Federal Contract Tower,43,1,2,2,48,0,9,12,2,23,43,10,14,4,71,40,0,40,111
10/19/2020,KOA,HI,AWP,WE,Federal Contract Tower,45,9,4,5,63,0,7,33,10,50,45,16,37,15,113,170,2,172,285
10/20/2020,KOA,HI,AWP,WE,Federal Contract Tower,39,5,7,2,53,0,9,21,10,40,39,14,28,12,93,72,24,96,189
10/21/2020,KOA,HI,AWP,WE,Federal Contract Tower,37,4,8,9,58,0,5,44,1,50,37,9,52,10,108,206,16,222,330
10/22/2020,KOA,HI,AWP,WE,Federal Contract Tower,42,5,7,8,62,0,10,23,12,45,42,15,30,20,107,196,16,212,319
10/23/2020,KOA,HI,AWP,WE,Federal Contract Tower,43,10,6,9,68,0,5,27,8,40,43,15,33,17,108,114,10,124,232
10/24/2020,KOA,HI,AWP,WE,Federal Contract Tower,39,6,6,0,51,0,12,18,6,36,39,18,24,6,87,8,0,8,95
10/25/2020,KOA,HI,AWP,WE,Federal Contract Tower,38,7,7,0,52,0,3,9,0,12,38,10,16,0,64,8,0,8,72
10/26/2020,KOA,HI,AWP,WE,Federal Contract Tower,44,4,11,1,60,0,8,34,8,50,44,12,45,9,110,112,0,112,222
10/27/2020,KOA,HI,AWP,WE,Federal Contract Tower,36,9,3,17,65,0,6,8,7,21,36,15,11,24,86,143,18,161,247
10/28/2020,KOA,HI,AWP,WE,Federal Contract Tower,39,2,6,21,68,0,5,45,1,51,39,7,51,22,119,258,16,274,393
10/29/2020,KOA,HI,AWP,WE,Federal Contract Tower,42,10,8,4,64,0,8,18,0,26,42,18,26,4,90,82,0,82,172
10/30/2020,KOA,HI,AWP,WE,Federal Contract Tower,41,11,7,4,63,0,10,26,4,40,41,21,33,8,103,126,6,132,235
10/31/2020,KOA,HI,AWP,WE,Federal Contract Tower,36,2,2,1,41,0,10,6,0,16,36,12,8,1,57,0,0,0,57
11/01/2020,KOA,HI,AWP,WE,Federal Contract Tower,38,3,13,0,54,0,9,14,0,23,38,12,27,0,77,28,0,28,105
11/02/2020,KOA,HI,AWP,WE,Federal Contract Tower,45,8,6,2,61,0,6,31,10,47,45,14,37,12,108,96,10,106,214
11/03/2020,KOA,HI,AWP,WE,Federal Contract Tower,42,4,11,3,60,0,6,30,5,41,42,10,41,8,101,202,0,202,303
11/04/2020,KOA,HI,AWP,WE,Federal Contract Tower,39,7,4,2,52,0,3,30,0,33,39,10,34,2,85,146,0,146,231
11/05/2020,KOA,HI,AWP,WE,Federal Contract Tower,44,4,6,2,56,0,8,28,1,37,44,12,34,3,93,154,24,178,271
11/06/2020,KOA,HI,AWP,WE,Federal Contract Tower,46,7,14,3,70,0,8,32,14,54,46,15,46,17,124,122,8,130,254
11/07/2020,KOA,HI,AWP,WE,Federal Contract Tower,37,7,7,4,55,0,9,17,6,32,37,16,24,10,87,30,12,42,129
11/08/2020,KOA,HI,AWP,WE,Federal Contract Tower,41,10,5,0,56,0,11,23,2,36,41,21,28,2,92,4,0,4,96
11/09/2020,KOA,HI,AWP,WE,Federal Contract Tower,46,4,5,12,67,0,8,37,4,49,46,12,42,16,116,244,0,244,360
11/10/2020,KOA,HI,AWP,WE,Federal Contract Tower,38,6,3,13,60,0,5,20,5,30,38,11,23,18,90,124,26,150,240
11/11/2020,KOA,HI,AWP,WE,Federal Contract Tower,38,8,12,4,62,0,7,24,0,31,38,15,36,4,93,198,0,198,291
11/12/2020,KOA,HI,AWP,WE,Federal Contract Tower,47,10,5,8,70,0,12,48,3,63,47,22,53,11,133,216,10,226,359
11/13/2020,KOA,HI,AWP,WE,Federal Contract Tower,47,9,10,12,78,0,11,20,1,32,47,20,30,13,110,156,6,162,272
11/14/2020,KOA,HI,AWP,WE,Federal Contract Tower,40,4,3,0,47,0,10,16,2,28,40,14,19,2,75,2,0,2,77
11/15/2020,KOA,HI,AWP,WE,Federal Contract Tower,41,3,11,0,55,0,10,19,0,29,41,13,30,0,84,30,0,30,114
11/16/2020,KOA,HI,AWP,WE,Federal Contract Tower,44,6,9,7,66,0,11,42,3,56,44,17,51,10,122,78,14,92,214
11/17/2020,KOA,HI,AWP,WE,Federal Contract Tower,43,8,9,27,87,0,20,46,1,67,43,28,55,28,154,108,18,126,280
11/18/2020,KOA,HI,AWP,WE,Federal Contract Tower,46,10,3,23,82,0,3,35,3,41,46,13,38,26,123,118,46,164,287
11/19/2020,KOA,HI,AWP,WE,Federal Contract Tower,49,12,6,10,77,0,0,0,0,0,49,12,6,10,77,202,26,228,305
11/20/2020,KOA,HI,AWP,WE,Federal Contract Tower,56,3,15,19,93,0,12,33,8,53,56,15,48,27,146,124,2,126,272
11/21/2020,KOA,HI,AWP,WE,Federal Contract Tower,53,10,20,0,83,0,21,11,0,32,53,31,31,0,115,18,0,18,133
11/22/2020,KOA,HI,AWP,WE,Federal Contract Tower,55,4,10,0,69,0,10,1,0,11,55,14,11,0,80,0,0,0,80
11/23/2020,KOA,HI,AWP,WE,Federal Contract Tower,52,3,9,1,65,0,7,23,3,33,52,10,32,4,98,172,0,172,270
11/24/2020,KOA,HI,AWP,WE,Federal Contract Tower,58,6,8,9,81,0,9,16,4,29,58,15,24,13,110,106,34,140,250
11/25/2020,KOA,HI,AWP,WE,Federal Contract Tower,52,6,5,6,69,0,15,33,0,48,52,21,38,6,117,160,3,163,280
11/26/2020,KOA,HI,AWP,WE,Federal Contract Tower,50,2,4,0,56,0,8,20,0,28,50,10,24,0,84,88,0,88,172
11/27/2020,KOA,HI,AWP,WE,Federal Contract Tower,54,3,12,0,69,0,11,37,0,48,54,14,49,0,117,164,0,164,281
11/28/2020,KOA,HI,AWP,WE,Federal Contract Tower,50,6,18,0,74,0,12,20,0,32,50,18,38,0,106,4,0,4,110
11/29/2020,KOA,HI,AWP,WE,Federal Contract Tower,57,11,17,1,86,0,10,13,3,26,57,21,30,4,112,20,0,20,132
11/30/2020,KOA,HI,AWP,WE,Federal Contract Tower,57,5,15,2,79,0,14,41,9,64,57,19,56,11,143,138,12,150,293
12/01/2020,KOA,HI,AWP,WE,Federal Contract Tower,45,7,14,6,72,0,9,39,8,56,45,16,53,14,128,154,28,182,310
12/02/2020,KOA,HI,AWP,WE,Federal Contract Tower,48,8,11,11,78,0,20,33,2,55,48,28,44,13,133,256,28,284,417
12/03/2020,KOA,HI,AWP,WE,Federal Contract Tower,51,6,17,5,79,0,5,38,9,52,51,11,55,14,131,138,20,158,289
12/04/2020,KOA,HI,AWP,WE,Federal Contract Tower,52,9,8,2,71,0,13,28,0,41,52,22,36,2,112,208,14,222,334
12/05/2020,KOA,HI,AWP,WE,Federal Contract Tower,42,6,11,10,69,0,14,8,6,28,42,20,19,16,97,30,18,48,145
12/06/2020,KOA,HI,AWP,WE,Federal Contract Tower,51,2,11,0,64,0,13,7,0,20,51,15,18,0,84,2,0,2,86
12/07/2020,KOA,HI,AWP,WE,Federal Contract Tower,53,7,15,16,91,0,14,44,3,61,53,21,59,19,152,92,14,106,258
12/08/2020,KOA,HI,AWP,WE,Federal Contract Tower,50,12,6,7,75,0,11,18,0,29,50,23,24,7,104,142,44,186,290
12/09/2020,KOA,HI,AWP,WE,Federal Contract Tower,49,7,15,5,76,0,13,48,2,63,49,20,63,7,139,220,20,240,379
12/10/2020,KOA,HI,AWP,WE,Federal Contract Tower,55,3,10,25,93,0,15,32,5,52,55,18,42,30,145,178,24,202,347
12/11/2020,KOA,HI,AWP,WE,Federal Contract Tower,54,14,13,4,85,0,10,37,8,55,54,24,50,12,140,190,8,198,338
12/12/2020,KOA,HI,AWP,WE,Federal Contract Tower,44,14,13,5,76,0,15,9,3,27,44,29,22,8,103,40,8,48,151
12/13/2020,KOA,HI,AWP,WE,Federal Contract Tower,54,4,8,0,66,0,13,17,0,30,54,17,25,0,96,28,0,28,124
12/14/2020,KOA,HI,AWP,WE,Federal Contract Tower,54,10,5,17,86,0,10,33,0,43,54,20,38,17,129,280,0,280,409
12/15/2020,KOA,HI,AWP,WE,Federal Contract Tower,48,1,3,9,61,0,12,34,2,48,48,13,37,11,109,142,22,164,273
12/16/2020,KOA,HI,AWP,WE,Federal Contract Tower,52,8,10,2,72,0,9,32,3,44,52,17,42,5,116,168,10,178,294
12/17/2020,KOA,HI,AWP,WE,Federal Contract Tower,62,5,11,1,79,0,10,25,0,35,62,15,36,1,114,100,0,100,214
12/18/2020,KOA,HI,AWP,WE,Federal Contract Tower,60,13,17,0,90,0,16,28,5,49,60,29,45,5,139,160,0,160,299
12/19/2020,KOA,HI,AWP,WE,Federal Contract Tower,69,9,24,0,102,0,11,11,0,22,69,20,35,0,124,0,0,0,124
12/20/2020,KOA,HI,AWP,WE,Federal Contract Tower,65,7,19,0,91,0,10,16,0,26,65,17,35,0,117,72,0,72,189
12/21/2020,KOA,HI,AWP,WE,Federal Contract Tower,64,8,14,5,91,0,15,31,1,47,64,23,45,6,138,210,0,210,348
12/22/2020,KOA,HI,AWP,WE,Federal Contract Tower,65,6,7,6,84,0,15,35,4,54,65,21,42,10,138,118,34,152,290
12/23/2020,KOA,HI,AWP,WE,Federal Contract Tower,60,7,18,6,91,0,28,32,4,64,60,35,50,10,155,78,8,86,241
12/24/2020,KOA,HI,AWP,WE,Federal Contract Tower,62,6,13,3,84,0,22,34,1,57,62,28,47,4,141,114,0,114,255
12/25/2020,KOA,HI,AWP,WE,Federal Contract Tower,48,4,11,0,63,0,12,5,0,17,48,16,16,0,80,14,0,14,94
12/26/2020,KOA,HI,AWP,WE,Federal Contract Tower,66,27,21,2,116,0,31,20,0,51,66,58,41,2,167,20,0,20,187
12/27/2020,KOA,HI,AWP,WE,Federal Contract Tower,65,12,13,0,90,0,22,12,0,34,65,34,25,0,124,2,0,2,126
12/28/2020,KOA,HI,AWP,WE,Federal Contract Tower,62,7,10,12,91,0,19,28,0,47,62,26,38,12,138,144,0,144,282
12/29/2020,KOA,HI,AWP,WE,Federal Contract Tower,66,10,13,3,92,0,13,28,3,44,66,23,41,6,136,110,16,126,262
12/30/2020,KOA,HI,AWP,WE,Federal Contract Tower,65,15,12,18,110,0,18,42,0,60,65,33,54,18,170,132,6,138,308
12/31/2020,KOA,HI,AWP,WE,Federal Contract Tower,63,11,6,1,81,0,24,35,1,60,63,35,41,2,141,150,0,150,291
01/01/2021,KOA,HI,AWP,WE,Federal Contract Tower,57,8,12,0,77,0,13,8,0,21,57,21,20,0,98,48,0,48,146
01/02/2021,KOA,HI,AWP,WE,Federal Contract Tower,60,16,18,0,94,0,33,12,0,45,60,49,30,0,139,0,0,0,139
01/03/2021,KOA,HI,AWP,WE,Federal Contract Tower,64,20,22,0,106,0,23,27,0,50,64,43,49,0,156,60,0,60,216
01/04/2021,KOA,HI,AWP,WE,Federal Contract Tower,61,6,17,1,85,0,11,26,2,39,61,17,43,3,124,126,0,126,250
01/05/2021,KOA,HI,AWP,WE,Federal Contract Tower,55,11,7,1,74,0,17,22,1,40,55,28,29,2,114,73,14,87,201
01/06/2021,KOA,HI,AWP,WE,Federal Contract Tower,54,6,9,10,79,0,9,37,2,48,54,15,46,12,127,100,38,138,265
01/07/2021,KOA,HI,AWP,WE,Federal Contract Tower,62,4,13,3,82,0,20,28,3,51,62,24,41,6,133,188,12,200,333
01/08/2021,KOA,HI,AWP,WE,Federal Contract Tower,55,7,11,5,78,0,9,42,2,53,55,16,53,7,131,160,20,180,311
01/09/2021,KOA,HI,AWP,WE,Federal Contract Tower,55,10,12,2,79,0,11,11,1,23,55,21,23,3,102,40,8,48,150
01/10/2021,KOA,HI,AWP,WE,Federal Contract Tower,56,14,13,0,83,0,14,26,0,40,56,28,39,0,123,26,0,26,149
01/11/2021,KOA,HI,AWP,WE,Federal Contract Tower,58,10,7,12,87,0,19,39,0,58,58,29,46,12,145,89,0,89,234
01/12/2021,KOA,HI,AWP,WE,Federal Contract Tower,52,6,8,29,95,0,9,37,0,46,52,15,45,29,141,150,26,176,317
01/13/2021,KOA,HI,AWP,WE,Federal Contract Tower,54,6,7,21,88,0,12,29,1,42,54,18,36,22,130,208,22,230,360
01/14/2021,KOA,HI,AWP,WE,Federal Contract Tower,57,6,9,0,72,0,15,40,2,57,57,21,49,2,129,236,0,236,365
01/15/2021,KOA,HI,AWP,WE,Federal Contract Tower,60,10,15,12,97,0,13,27,2,42,60,23,42,14,139,124,0,124,263
01/16/2021,KOA,HI,AWP,WE,Federal Contract Tower,56,18,10,0,84,0,11,17,0,28,56,29,27,0,112,4,0,4,116
01/17/2021,KOA,HI,AWP,WE,Federal Contract Tower,55,11,16,0,82,0,3,9,0,12,55,14,25,0,94,28,0,28,122
01/18/2021,KOA,HI,AWP,WE,Federal Contract Tower,59,18,7,0,84,0,6,17,0,23,59,24,24,0,107,86,0,86,193
01/19/2021,KOA,HI,AWP,WE,Federal Contract Tower,54,9,2,3,68,0,8,26,3,37,54,17,28,6,105,152,18,170,275
01/20/2021,KOA,HI,AWP,WE,Federal Contract Tower,52,7,3,4,66,0,13,24,15,52,52,20,27,19,118,134,0,134,252
01/21/2021,KOA,HI,AWP,WE,Federal Contract Tower,59,15,8,22,104,0,7,24,31,62,59,22,32,53,166,128,24,152,318
01/22/2021,KOA,HI,AWP,WE,Federal Contract Tower,61,12,8,1,82,1,11,25,6,43,62,23,33,7,125,144,0,144,269
01/23/2021,KOA,HI,AWP,WE,Federal Contract Tower,53,12,10,3,78,0,15,13,2,30,53,27,23,5,108,12,6,18,126
01/24/2021,KOA,HI,AWP,WE,Federal Contract Tower,53,15,10,0,78,0,15,12,0,27,53,30,22,0,105,64,0,64,169
01/25/2021,KOA,HI,AWP,WE,Federal Contract Tower,56,15,9,2,82,0,2,7,2,11,56,17,16,4,93,46,0,46,139
01/26/2021,KOA,HI,AWP,WE,Federal Contract Tower,51,10,11,12,84,0,8,23,15,46,51,18,34,27,130,180,10,190,320
01/27/2021,KOA,HI,AWP,WE,Federal Contract Tower,52,9,3,6,70,0,7,26,2,35,52,16,29,8,105,134,10,144,249
01/28/2021,KOA,HI,AWP,WE,Federal Contract Tower,61,14,5,23,103,0,8,35,7,50,61,22,40,30,153,108,30,138,291
01/29/2021,KOA,HI,AWP,WE,Federal Contract Tower,61,12,8,1,82,0,6,40,1,47,61,18,48,2,129,144,0,144,273
01/30/2021,KOA,HI,AWP,WE,Federal Contract Tower,52,10,10,5,77,0,10,15,3,28,52,20,25,8,105,12,14,26,131
01/31/2021,KOA,HI,AWP,WE,Federal Contract Tower,56,7,12,0,75,0,13,21,0,34,56,20,33,0,109,16,0,16,125
02/01/2021,KOA,HI,AWP,WE,Federal Contract Tower,55,11,14,7,87,0,17,46,4,67,55,28,60,11,154,166,26,192,346
02/02/2021,KOA,HI,AWP,WE,Federal Contract Tower,52,3,8,1,64,0,26,25,2,53,52,29,33,3,117,98,24,122,239
02/03/2021,KOA,HI,AWP,WE,Federal Contract Tower,50,14,4,5,73,0,9,7,3,19,50,23,11,8,92,102,0,102,194
02/04/2021,KOA,HI,AWP,WE,Federal Contract Tower,57,11,13,13,94,0,9,19,7,35,57,20,32,20,129,94,22,116,245
02/05/2021,KOA,HI,AWP,WE,Federal Contract Tower,60,8,5,0,73,0,17,30,1,48,60,25,35,1,121,198,0,198,319
02/06/2021,KOA,HI,AWP,WE,Federal Contract Tower,52,7,13,0,72,0,18,25,2,45,52,25,38,2,117,0,0,0,117
02/07/2021,KOA,HI,AWP,WE,Federal Contract Tower,52,13,5,2,72,0,13,14,0,27,52,26,19,2,99,28,0,28,127
02/08/2021,KOA,HI,AWP,WE,Federal Contract Tower,52,4,4,0,60,0,20,40,2,62,52,24,44,2,122,62,0,62,184
02/09/2021,KOA,HI,AWP,WE,Federal Contract Tower,50,6,6,4,66,0,17,12,2,31,50,23,18,6,97,51,32,83,180
02/10/2021,KOA,HI,AWP,WE,Federal Contract Tower,49,5,12,3,69,0,14,44,3,61,49,19,56,6,130,146,32,178,308
02/11/2021,KOA,HI,AWP,WE,Federal Contract Tower,64,10,4,20,98,0,25,28,14,67,64,35,32,34,165,118,18,136,301
02/12/2021,KOA,HI,AWP,WE,Federal Contract Tower,67,7,5,8,87,0,19,21,10,50,67,26,26,18,137,192,16,208,345
02/13/2021,KOA,HI,AWP,WE,Federal Contract Tower,53,10,9,1,73,0,13,38,3,54,53,23,47,4,127,52,16,68,195
02/14/2021,KOA,HI,AWP,WE,Federal Contract Tower,55,6,12,0,73,1,13,20,0,34,56,19,32,0,107,56,0,56,163
02/15/2021,KOA,HI,AWP,WE,Federal Contract Tower,56,4,16,0,76,0,21,45,1,67,56,25,61,1,143,196,0,196,339
02/16/2021,KOA,HI,AWP,WE,Federal Contract Tower,56,8,10,5,79,0,18,55,2,75,56,26,65,7,154,130,14,144,298
02/17/2021,KOA,HI,AWP,WE,Federal Contract Tower,55,8,11,1,75,0,26,23,2,51,55,34,34,3,126,112,6,118,244
02/18/2021,KOA,HI,AWP,WE,Federal Contract Tower,59,9,9,10,87,0,17,16,15,48,59,26,25,25,135,114,42,156,291
02/19/2021,KOA,HI,AWP,WE,Federal Contract Tower,63,3,16,3,85,0,13,38,7,58,63,16,54,10,143,142,14,156,299
02/20/2021,KOA,HI,AWP,WE,Federal Contract Tower,58,7,17,10,92,0,21,8,0,29,58,28,25,10,121,22,0,22,143
02/21/2021,KOA,HI,AWP,WE,Federal Contract Tower,60,8,15,6,89,0,19,22,2,43,60,27,37,8,132,24,0,24,156
02/22/2021,KOA,HI,AWP,WE,Federal Contract Tower,61,8,14,14,97,0,15,25,7,47,61,23,39,21,144,124,0,124,268
02/23/2021,KOA,HI,AWP,WE,Federal Contract Tower,62,5,9,26,102,0,12,45,1,58,62,17,54,27,160,178,6,184,344
02/24/2021,KOA,HI,AWP,WE,Federal Contract Tower,61,5,13,31,110,0,11,43,2,56,61,16,56,33,166,154,32,186,352
02/25/2021,KOA,HI,AWP,WE,Federal Contract Tower,66,8,9,16,99,0,16,61,10,87,66,24,70,26,186,224,26,250,436
02/26/2021,KOA,HI,AWP,WE,Federal Contract Tower,64,10,9,13,96,0,13,26,12,51,64,23,35,25,147,130,0,130,277
02/27/2021,KOA,HI,AWP,WE,Federal Contract Tower,55,12,14,1,82,0,20,13,4,37,55,32,27,5,119,14,16,30,149
02/28/2021,KOA,HI,AWP,WE,Federal Contract Tower,59,9,12,0,80,0,20,12,5,37,59,29,24,5,117,32,16,48,165
03/01/2021,KOA,HI,AWP,WE,Federal Contract Tower,60,6,26,9,101,0,25,32,4,61,60,31,58,13,162,152,12,164,326
03/02/2021,KOA,HI,AWP,WE,Federal Contract Tower,56,11,12,15,94,0,17,34,4,55,56,28,46,19,149,160,14,174,323
03/03/2021,KOA,HI,AWP,WE,Federal Contract Tower,57,10,14,6,87,0,15,31,0,46,57,25,45,6,133,134,7,141,274
03/04/2021,KOA,HI,AWP,WE,Federal Contract Tower,64,12,9,6,91,0,17,29,1,47,64,29,38,7,138,116,20,136,274
03/05/2021,KOA,HI,AWP,WE,Federal Contract Tower,63,11,14,2,90,0,20,31,5,56,63,31,45,7,146,84,0,84,230
03/06/2021,KOA,HI,AWP,WE,Federal Contract Tower,55,8,10,1,74,0,16,16,2,34,55,24,26,3,108,14,0,14,122
03/07/2021,KOA,HI,AWP,WE,Federal Contract Tower,59,5,7,1,72,0,19,17,0,36,59,24,24,1,108,8,0,8,116
03/08/2021,KOA,HI,AWP,WE,Federal Contract Tower,60,26,6,0,92,0,10,46,0,56,60,36,52,0,148,114,0,114,262
03/09/2021,KOA,HI,AWP,WE,Federal Contract Tower,63,13,4,6,86,0,13,19,0,32,63,26,23,6,118,64,0,64,182
03/10/2021,KOA,HI,AWP,WE,Federal Contract Tower,60,8,9,1,78,0,27,42,1,70,60,35,51,2,148,168,20,188,336
03/11/2021,KOA,HI,AWP,WE,Federal Contract Tower,69,11,16,12,108,0,21,30,13,64,69,32,46,25,172,157,24,181,353
03/12/2021,KOA,HI,AWP,WE,Federal Contract Tower,64,9,18,20,111,0,19,33,11,63,64,28,51,31,174,182,4,186,360
03/13/2021,KOA,HI,AWP,WE,Federal Contract Tower,61,20,18,4,103,0,10,4,0,14,61,30,22,4,117,0,0,0,117
03/14/2021,KOA,HI,AWP,WE,Federal Contract Tower,62,11,13,7,93,0,19,8,2,29,62,30,21,9,122,24,12,36,158
03/15/2021,KOA,HI,AWP,WE,Federal Contract Tower,64,8,15,5,92,0,16,29,12,57,64,24,44,17,149,178,0,178,327
03/16/2021,KOA,HI,AWP,WE,Federal Contract Tower,65,15,17,5,102,0,18,40,3,61,65,33,57,8,163,116,28,144,307
03/17/2021,KOA,HI,AWP,WE,Federal Contract Tower,63,6,18,10,97,1,20,22,6,49,64,26,40,16,146,142,22,164,310
03/18/2021,KOA,HI,AWP,WE,Federal Contract Tower,68,11,17,8,104,0,16,38,10,64,68,27,55,18,168,184,36,220,388
03/19/2021,KOA,HI,AWP,WE,Federal Contract Tower,70,6,20,14,110,0,27,40,4,71,70,33,60,18,181,152,18,170,351
03/20/2021,KOA,HI,AWP,WE,Federal Contract Tower,69,11,15,1,96,0,27,21,1,49,69,38,36,2,145,44,0,44,189
03/21/2021,KOA,HI,AWP,WE,Federal Contract Tower,60,5,14,0,79,0,17,24,0,41,60,22,38,0,120,48,0,48,168
03/22/2021,KOA,HI,AWP,WE,Federal Contract Tower,62,10,19,20,111,0,21,35,1,57,62,31,54,21,168,186,26,212,380
03/23/2021,KOA,HI,AWP,WE,Federal Contract Tower,64,6,17,3,90,0,17,35,0,52,64,23,52,3,142,130,12,142,284
03/24/2021,KOA,HI,AWP,WE,Federal Contract Tower,63,5,18,1,87,0,18,54,0,72,63,23,72,1,159,176,8,184,343
03/25/2021,KOA,HI,AWP,WE,Federal Contract Tower,66,6,14,0,86,0,21,32,0,53,66,27,46,0,139,72,0,72,211
03/26/2021,KOA,HI,AWP,WE,Federal Contract Tower,70,8,19,3,100,0,23,39,3,65,70,31,58,6,165,154,0,154,319
03/27/2021,KOA,HI,AWP,WE,Federal Contract Tower,68,16,15,3,102,0,26,25,1,52,68,42,40,4,154,22,0,22,176
03/28/2021,KOA,HI,AWP,WE,Federal Contract Tower,64,13,12,6,95,0,17,8,0,25,64,30,20,6,120,34,0,34,154
03/29/2021,KOA,HI,AWP,WE,Federal Contract Tower,65,6,11,3,85,0,19,29,5,53,65,25,40,8,138,58,8,66,204
03/30/2021,KOA,HI,AWP,WE,Federal Contract Tower,65,13,8,8,94,0,15,21,1,37,65,28,29,9,131,38,28,66,197
03/31/2021,KOA,HI,AWP,WE,Federal Contract Tower,67,6,13,17,103,0,28,50,0,78,67,34,63,17,181,138,28,166,347
04/01/2021,KOA,HI,AWP,WE,Federal Contract Tower,64,19,25,18,126,0,19,52,4,75,64,38,77,22,201,130,40,170,371
04/02/2021,KOA,HI,AWP,WE,Federal Contract Tower,66,15,22,8,111,0,19,49,0,68,66,34,71,8,179,154,0,154,333
04/03/2021,KOA,HI,AWP,WE,Federal Contract Tower,70,20,20,11,121,0,26,32,1,59,70,46,52,12,180,18,26,44,224
04/04/2021,KOA,HI,AWP,WE,Federal Contract Tower,60,9,9,0,78,0,29,15,0,44,60,38,24,0,122,18,0,18,140
04/05/2021,KOA,HI,AWP,WE,Federal Contract Tower,63,11,14,16,104,0,20,33,2,55,63,31,47,18,159,242,20,262,421
04/06/2021,KOA,HI,AWP,WE,Federal Contract Tower,64,7,16,21,108,0,18,43,3,64,64,25,59,24,172,276,4,280,452
04/07/2021,KOA,HI,AWP,WE,Federal Contract Tower,70,7,3,0,80,0,22,38,4,64,70,29,41,4,144,204,0,204,348
04/08/2021,KOA,HI,AWP,WE,Federal Contract Tower,71,12,10,0,93,0,29,36,24,89,71,41,46,24,182,156,0,156,338
04/09/2021,KOA,HI,AWP,WE,Federal Contract Tower,74,13,21,4,112,0,23,44,3,70,74,36,65,7,182,148,20,168,350
04/10/2021,KOA,HI,AWP,WE,Federal Contract Tower,77,27,14,10,128,0,24,33,2,59,77,51,47,12,187,46,4,50,237
04/11/2021,KOA,HI,AWP,WE,Federal Contract Tower,74,13,16,2,105,0,19,23,2,44,74,32,39,4,149,6,0,6,155
04/12/2021,KOA,HI,AWP,WE,Federal Contract Tower,74,12,6,3,95,0,19,52,1,72,74,31,58,4,167,176,0,176,343
04/13/2021,KOA,HI,AWP,WE,Federal Contract Tower,70,3,11,4,88,0,15,41,0,56,70,18,52,4,144,80,6,86,230
04/14/2021,KOA,HI,AWP,WE,Federal Contract Tower,74,5,11,5,95,0,16,47,1,64,74,21,58,6,159,150,4,154,313
04/15/2021,KOA,HI,AWP,WE,Federal Contract Tower,74,8,12,9,103,0,26,52,0,78,74,34,64,9,181,182,18,200,381
04/16/2021,KOA,HI,AWP,WE,Federal Contract Tower,80,6,14,5,105,0,24,40,4,68,80,30,54,9,173,90,0,90,263
04/17/2021,KOA,HI,AWP,WE,Federal Contract Tower,76,6,13,2,97,0,33,25,0,58,76,39,38,2,155,62,0,62,217
04/18/2021,KOA,HI,AWP,WE,Federal Contract Tower,72,2,10,0,84,0,19,29,0,48,72,21,39,0,132,6,0,6,138
04/19/2021,KOA,HI,AWP,WE,Federal Contract Tower,78,2,13,2,95,0,24,76,0,100,78,26,89,2,195,192,8,200,395
04/20/2021,KOA,HI,AWP,WE,Federal Contract Tower,74,10,7,7,98,0,15,47,0,62,74,25,54,7,160,134,0,134,294
04/21/2021,KOA,HI,AWP,WE,Federal Contract Tower,70,9,13,30,122,0,19,49,1,69,70,28,62,31,191,172,32,204,395
04/22/2021,KOA,HI,AWP,WE,Federal Contract Tower,79,8,8,4,99,0,16,41,0,57,79,24,49,4,156,132,0,132,288
04/23/2021,KOA,HI,AWP,WE,Federal Contract Tower,75,12,22,10,119,0,20,32,6,58,75,32,54,16,177,170,14,184,361
04/24/2021,KOA,HI,AWP,WE,Federal Contract Tower,72,7,7,0,86,0,27,22,0,49,72,34,29,0,135,128,0,128,263
04/25/2021,KOA,HI,AWP,WE,Federal Contract Tower,76,5,6,0,87,0,32,43,0,75,76,37,49,0,162,12,0,12,174
04/26/2021,KOA,HI,AWP,WE,Federal Contract Tower,77,6,8,15,106,0,23,49,3,75,77,29,57,18,181,174,36,210,391
04/27/2021,KOA,HI,AWP,WE,Federal Contract Tower,74,10,4,12,100,0,23,37,0,60,74,33,41,12,160,130,16,146,306
04/28/2021,KOA,HI,AWP,WE,Federal Contract Tower,70,15,15,20,120,0,14,39,0,53,70,29,54,20,173,114,2,116,289
04/29/2021,KOA,HI,AWP,WE,Federal Contract Tower,77,13,8,25,123,0,28,35,1,64,77,41,43,26,187,108,36,144,331
04/30/2021,KOA,HI,AWP,WE,Federal Contract Tower,74,5,10,0,89,0,24,31,12,67,74,29,41,12,156,100,4,104,260
05/01/2021,KOA,HI,AWP,WE,Federal Contract Tower,75,14,5,6,100,0,50,12,4,66,75,64,17,10,166,50,0,50,216
05/02/2021,KOA,HI,AWP,WE,Federal Contract Tower,78,5,18,2,103,0,8,19,3,30,78,13,37,5,133,6,0,6,139
05/03/2021,KOA,HI,AWP,WE,Federal Contract Tower,76,7,15,8,106,0,10,54,0,64,76,17,69,8,170,122,6,128,298
05/04/2021,KOA,HI,AWP,WE,Federal Contract Tower,69,8,12,23,112,0,18,37,0,55,69,26,49,23,167,120,6,126,293
05/05/2021,KOA,HI,AWP,WE,Federal Contract Tower,69,12,12,19,112,0,23,28,2,53,69,35,40,21,165,112,56,168,333
05/06/2021,KOA,HI,AWP,WE,Federal Contract Tower,75,5,3,0,83,0,20,32,0,52,75,25,35,0,135,76,0,76,211
05/07/2021,KOA,HI,AWP,WE,Federal Contract Tower,79,8,9,3,99,0,24,26,3,53,79,32,35,6,152,66,0,66,218
05/08/2021,KOA,HI,AWP,WE,Federal Contract Tower,74,16,8,0,98,0,26,23,0,49,74,42,31,0,147,56,0,56,203
05/09/2021,KOA,HI,AWP,WE,Federal Contract Tower,82,6,11,1,100,0,13,30,0,43,82,19,41,1,143,8,0,8,151
05/10/2021,KOA,HI,AWP,WE,Federal Contract Tower,80,8,14,1,103,0,16,30,0,46,80,24,44,1,149,116,0,116,265
05/11/2021,KOA,HI,AWP,WE,Federal Contract Tower,69,10,12,34,125,0,15,44,0,59,69,25,56,34,184,176,26,202,386
05/12/2021,KOA,HI,AWP,WE,Federal Contract Tower,74,6,8,5,93,0,24,37,4,65,74,30,45,9,158,142,14,156,314
05/13/2021,KOA,HI,AWP,WE,Federal Contract Tower,77,10,10,1,98,0,27,34,3,64,77,37,44,4,162,82,12,94,256
05/14/2021,KOA,HI,AWP,WE,Federal Contract Tower,81,6,7,2,96,0,24,38,2,64,81,30,45,4,160,126,0,126,286
05/15/2021,KOA,HI,AWP,WE,Federal Contract Tower,73,9,8,0,90,0,27,15,2,44,73,36,23,2,134,78,0,78,212
05/16/2021,KOA,HI,AWP,WE,Federal Contract Tower,84,8,8,0,100,0,15,20,0,35,84,23,28,0,135,16,0,16,151
05/17/2021,KOA,HI,AWP,WE,Federal Contract Tower,82,1,9,3,95,0,20,45,0,65,82,21,54,3,160,84,8,92,252
05/18/2021,KOA,HI,AWP,WE,Federal Contract Tower,76,2,10,9,97,0,22,67,2,91,76,24,77,11,188,126,26,152,340
05/19/2021,KOA,HI,AWP,WE,Federal Contract Tower,76,7,6,24,113,0,27,37,3,67,76,34,43,27,180,156,28,184,364
05/20/2021,KOA,HI,AWP,WE,Federal Contract Tower,83,8,16,21,128,0,31,31,1,63,83,39,47,22,191,96,0,96,287
05/21/2021,KOA,HI,AWP,WE,Federal Contract Tower,79,5,16,27,127,0,30,34,6,70,79,35,50,33,197,164,8,172,369
05/22/2021,KOA,HI,AWP,WE,Federal Contract Tower,74,2,13,3,92,0,24,28,5,57,74,26,41,8,149,48,0,48,197
05/23/2021,KOA,HI,AWP,WE,Federal Contract Tower,79,6,3,1,89,0,27,36,0,63,79,33,39,1,152,46,0,46,198
05/24/2021,KOA,HI,AWP,WE,Federal Contract Tower,80,6,10,2,98,0,25,30,2,57,80,31,40,4,155,138,34,172,327
05/25/2021,KOA,HI,AWP,WE,Federal Contract Tower,78,11,17,1,107,6,33,47,1,87,84,44,64,2,194,100,36,136,330
05/26/2021,KOA,HI,AWP,WE,Federal Contract Tower,73,8,9,0,90,0,33,48,5,86,73,41,57,5,176,135,8,143,319
05/27/2021,KOA,HI,AWP,WE,Federal Contract Tower,79,5,16,20,120,0,32,43,0,75,79,37,59,20,195,82,16,98,293
05/28/2021,KOA,HI,AWP,WE,Federal Contract Tower,75,7,14,1,97,0,27,43,1,71,75,34,57,2,168,101,0,101,269
05/29/2021,KOA,HI,AWP,WE,Federal Contract Tower,74,10,4,0,88,0,26,49,0,75,74,36,53,0,163,37,0,37,200
05/30/2021,KOA,HI,AWP,WE,Federal Contract Tower,76,1,4,0,81,0,19,22,1,42,76,20,26,1,123,8,0,8,131
05/31/2021,KOA,HI,AWP,WE,Federal Contract Tower,80,4,10,0,94,0,28,51,1,80,80,32,61,1,174,116,0,116,290
06/01/2021,KOA,HI,AWP,WE,Federal Contract Tower,96,10,5,4,115,0,26,44,2,72,96,36,49,6,187,116,16,132,319
06/02/2021,KOA,HI,AWP,WE,Federal Contract Tower,91,5,12,5,113,0,28,47,3,78,91,33,59,8,191,186,52,238,429
06/03/2021,KOA,HI,AWP,WE,Federal Contract Tower,102,6,15,0,123,0,26,49,4,79,102,32,64,4,202,126,0,126,328
06/04/2021,KOA,HI,AWP,WE,Federal Contract Tower,102,11,10,3,126,0,32,45,3,80,102,43,55,6,206,82,0,82,288
06/05/2021,KOA,HI,AWP,WE,Federal Contract Tower,93,8,12,6,119,0,28,19,13,60,93,36,31,19,179,8,0,8,187
06/06/2021,KOA,HI,AWP,WE,Federal Contract Tower,97,14,12,1,124,0,28,12,10,50,97,42,24,11,174,10,0,10,184
06/07/2021,KOA,HI,AWP,WE,Federal Contract Tower,101,5,16,2,124,0,24,36,10,70,101,29,52,12,194,50,22,72,266
06/08/2021,KOA,HI,AWP,WE,Federal Contract Tower,101,8,11,11,131,0,0,0,0,0,101,8,11,11,131,90,24,114,245
06/09/2021,KOA,HI,AWP,WE,Federal Contract Tower,100,8,9,0,117,0,25,45,0,70,100,33,54,0,187,217,0,217,404
06/10/2021,KOA,HI,AWP,WE,Federal Contract Tower,100,14,15,2,131,0,34,28,3,65,100,48,43,5,196,156,8,164,360
06/11/2021,KOA,HI,AWP,WE,Federal Contract Tower,99,8,4,0,111,0,22,56,0,78,99,30,60,0,189,128,0,128,317
06/12/2021,KOA,HI,AWP,WE,Federal Contract Tower,97,11,8,0,116,0,30,17,0,47,97,41,25,0,163,40,0,40,203
06/13/2021,KOA,HI,AWP,WE,Federal Contract Tower,91,6,4,0,101,0,27,23,2,52,91,33,27,2,153,48,0,48,201
06/14/2021,KOA,HI,AWP,WE,Federal Contract Tower,97,3,8,0,108,0,28,36,0,64,97,31,44,0,172,44,0,44,216
06/15/2021,KOA,HI,AWP,WE,Federal Contract Tower,94,16,4,4,118,0,29,70,0,99,94,45,74,4,217,102,8,110,327
06/16/2021,KOA,HI,AWP,WE,Federal Contract Tower,95,6,9,4,114,0,26,39,0,65,95,32,48,4,179,146,20,166,345
06/17/2021,KOA,HI,AWP,WE,Federal Contract Tower,103,8,14,3,128,0,28,42,0,70,103,36,56,3,198,70,0,70,268
06/18/2021,KOA,HI,AWP,WE,Federal Contract Tower,95,11,12,1,119,0,25,47,2,74,95,36,59,3,193,126,0,126,319
06/19/2021,KOA,HI,AWP,WE,Federal Contract Tower,93,8,11,2,114,0,27,30,3,60,93,35,41,5,174,0,6,6,180
06/20/2021,KOA,HI,AWP,WE,Federal Contract Tower,94,5,10,0,109,0,25,22,0,47,94,30,32,0,156,0,0,0,156
06/21/2021,KOA,HI,AWP,WE,Federal Contract Tower,98,22,5,1,126,0,0,0,0,0,98,22,5,1,126,130,0,130,256
06/22/2021,KOA,HI,AWP,WE,Federal Contract Tower,96,6,6,1,109,0,27,63,5,95,96,33,69,6,204,108,16,124,328
06/23/2021,KOA,HI,AWP,WE,Federal Contract Tower,95,13,5,19,132,0,23,41,0,64,95,36,46,19,196,62,6,68,264
06/24/2021,KOA,HI,AWP,WE,Federal Contract Tower,101,7,12,4,124,0,33,43,4,80,101,40,55,8,204,54,24,78,282
06/25/2021,KOA,HI,AWP,WE,Federal Contract Tower,92,9,6,6,113,0,34,43,6,83,92,43,49,12,196,38,0,38,234
06/26/2021,KOA,HI,AWP,WE,Federal Contract Tower,90,10,10,1,111,0,22,28,4,54,90,32,38,5,165,62,0,62,227
06/27/2021,KOA,HI,AWP,WE,Federal Contract Tower,100,11,12,0,123,0,26,26,6,58,100,37,38,6,181,2,0,2,183
06/28/2021,KOA,HI,AWP,WE,Federal Contract Tower,101,6,12,0,119,0,28,37,0,65,101,34,49,0,184,58,0,58,242
06/29/2021,KOA,HI,AWP,WE,Federal Contract Tower,93,10,8,5,116,0,24,35,3,62,93,34,43,8,178,40,4,44,222
06/30/2021,KOA,HI,AWP,WE,Federal Contract Tower,101,11,3,6,121,0,27,35,0,62,101,38,38,6,183,136,20,156,339
07/01/2021,KOA,HI,AWP,WE,Federal Contract Tower,105,9,15,8,137,0,24,29,0,53,105,33,44,8,190,146,0,146,336
07/02/2021,KOA,HI,AWP,WE,Federal Contract Tower,104,18,14,0,136,0,27,35,0,62,104,45,49,0,198,52,0,52,250
07/03/2021,KOA,HI,AWP,WE,Federal Contract Tower,95,8,8,9,120,0,29,25,0,54,95,37,33,9,174,0,0,0,174
07/04/2021,KOA,HI,AWP,WE,Federal Contract Tower,89,3,5,0,97,0,26,13,0,39,89,29,18,0,136,16,0,16,152
07/05/2021,KOA,HI,AWP,WE,Federal Contract Tower,94,12,9,0,115,0,23,34,0,57,94,35,43,0,172,132,0,132,304
07/06/2021,KOA,HI,AWP,WE,Federal Contract Tower,94,12,13,3,122,0,27,32,0,59,94,39,45,3,181,68,8,76,257
07/07/2021,KOA,HI,AWP,WE,Federal Contract Tower,95,6,11,14,126,0,27,35,2,64,95,33,46,16,190,124,6,130,320
07/08/2021,KOA,HI,AWP,WE,Federal Contract Tower,100,19,10,18,147,0,26,44,1,71,100,45,54,19,218,128,36,164,382
07/09/2021,KOA,HI,AWP,WE,Federal Contract Tower,102,12,6,11,131,0,28,44,2,74,102,40,50,13,205,62,40,102,307
07/10/2021,KOA,HI,AWP,WE,Federal Contract Tower,95,11,7,2,115,0,31,24,0,55,95,42,31,2,170,30,20,50,220
07/11/2021,KOA,HI,AWP,WE,Federal Contract Tower,98,13,11,0,122,0,31,18,0,49,98,44,29,0,171,56,0,56,227
07/12/2021,KOA,HI,AWP,WE,Federal Contract Tower,101,10,14,6,131,0,33,37,4,74,101,43,51,10,205,180,0,180,385
07/13/2021,KOA,HI,AWP,WE,Federal Contract Tower,96,10,6,2,114,0,31,33,0,64,96,41,39,2,178,100,0,100,278
07/14/2021,KOA,HI,AWP,WE,Federal Contract Tower,103,12,6,10,131,0,28,26,0,54,103,40,32,10,185,142,38,180,365
07/15/2021,KOA,HI,AWP,WE,Federal Contract Tower,107,7,7,7,128,0,33,26,5,64,107,40,33,12,192,68,13,81,273
07/16/2021,KOA,HI,AWP,WE,Federal Contract Tower,99,11,9,1,120,0,29,33,0,62,99,40,42,1,182,74,10,84,266
07/17/2021,KOA,HI,AWP,WE,Federal Contract Tower,96,7,11,0,114,0,25,28,3,56,96,32,39,3,170,42,0,42,212
07/18/2021,KOA,HI,AWP,WE,Federal Contract Tower,100,10,1,0,111,0,27,31,3,61,100,37,32,3,172,12,0,12,184
07/19/2021,KOA,HI,AWP,WE,Federal Contract Tower,103,11,9,17,140,0,26,31,0,57,103,37,40,17,197,70,9,79,276
07/20/2021,KOA,HI,AWP,WE,Federal Contract Tower,97,14,4,9,124,0,37,37,1,75,97,51,41,10,199,74,22,96,295
07/21/2021,KOA,HI,AWP,WE,Federal Contract Tower,96,10,15,20,141,0,34,36,2,72,96,44,51,22,213,128,46,174,387
07/22/2021,KOA,HI,AWP,WE,Federal Contract Tower,101,16,6,3,126,0,29,39,0,68,101,45,45,3,194,176,4,180,374
07/23/2021,KOA,HI,AWP,WE,Federal Contract Tower,99,15,6,8,128,0,23,29,2,54,99,38,35,10,182,108,10,118,300
07/24/2021,KOA,HI,AWP,WE,Federal Contract Tower,93,7,8,0,108,0,36,28,0,64,93,43,36,0,172,26,0,26,198
07/25/2021,KOA,HI,AWP,WE,Federal Contract Tower,99,15,0,0,114,0,17,28,0,45,99,32,28,0,159,38,0,38,197
07/26/2021,KOA,HI,AWP,WE,Federal Contract Tower,106,6,3,0,115,0,33,35,0,68,106,39,38,0,183,44,0,44,227
07/27/2021,KOA,HI,AWP,WE,Federal Contract Tower,102,3,8,4,117,0,25,25,3,53,102,28,33,7,170,135,36,171,341
07/28/2021,KOA,HI,AWP,WE,Federal Contract Tower,100,6,13,5,124,0,30,42,0,72,100,36,55,5,196,112,22,134,330
07/29/2021,KOA,HI,AWP,WE,Federal Contract Tower,105,8,10,1,124,0,26,25,0,51,105,34,35,1,175,82,2,84,259
07/30/2021,KOA,HI,AWP,WE,Federal Contract Tower,104,7,6,6,123,0,22,37,6,65,104,29,43,12,188,24,16,40,228
07/31/2021,KOA,HI,AWP,WE,Federal Contract Tower,93,12,10,1,116,0,23,34,5,62,93,35,44,6,178,8,0,8,186
08/01/2021,KOA,HI,AWP,WE,Federal Contract Tower,100,14,11,1,126,0,27,31,7,65,100,41,42,8,191,0,0,0,191
08/02/2021,KOA,HI,AWP,WE,Federal Contract Tower,108,14,9,7,138,0,21,24,0,45,108,35,33,7,183,114,22,136,319
08/03/2021,KOA,HI,AWP,WE,Federal Contract Tower,106,13,5,16,140,0,23,36,2,61,106,36,41,18,201,128,20,148,349
08/04/2021,KOA,HI,AWP,WE,Federal Contract Tower,100,7,5,9,121,0,25,38,0,63,100,32,43,9,184,78,10,88,272
08/05/2021,KOA,HI,AWP,WE,Federal Contract Tower,109,12,11,6,138,0,20,20,2,42,109,32,31,8,180,30,12,42,222
08/06/2021,KOA,HI,AWP,WE,Federal Contract Tower,105,12,11,5,133,0,24,27,0,51,105,36,38,5,184,56,6,62,246
08/07/2021,KOA,HI,AWP,WE,Federal Contract Tower,98,9,10,4,121,0,23,34,0,57,98,32,44,4,178,14,2,16,194
08/08/2021,KOA,HI,AWP,WE,Federal Contract Tower,102,7,13,0,122,0,29,33,0,62,102,36,46,0,184,4,0,4,188
08/09/2021,KOA,HI,AWP,WE,Federal Contract Tower,104,13,21,7,145,0,40,40,0,80,104,53,61,7,225,34,4,38,263
08/10/2021,KOA,HI,AWP,WE,Federal Contract Tower,103,6,17,0,126,0,34,39,0,73,103,40,56,0,199,46,0,46,245
08/11/2021,KOA,HI,AWP,WE,Federal Contract Tower,102,5,10,1,118,0,29,39,0,68,102,34,49,1,186,30,2,32,218
08/12/2021,KOA,HI,AWP,WE,Federal Contract Tower,108,8,30,13,159,0,38,46,1,85,108,46,76,14,244,82,28,110,354
08/13/2021,KOA,HI,AWP,WE,Federal Contract Tower,106,5,18,13,142,0,31,46,0,77,106,36,64,13,219,96,20,116,335
08/15/2021,KOA,HI,AWP,WE,Federal Contract Tower,103,11,10,0,124,0,30,22,0,52,103,41,32,0,176,22,0,22,198
08/16/2021,KOA,HI,AWP,WE,Federal Contract Tower,101,12,7,2,122,0,35,35,2,72,101,47,42,4,194,76,18,94,288
08/17/2021,KOA,HI,AWP,WE,Federal Contract Tower,103,7,7,21,138,0,27,40,0,67,103,34,47,21,205,54,0,54,259
08/18/2021,KOA,HI,AWP,WE,Federal Contract Tower,97,4,12,7,120,0,30,39,1,70,97,34,51,8,190,174,14,188,378
08/19/2021,KOA,HI,AWP,WE,Federal Contract Tower,110,6,12,2,130,0,30,36,6,72,110,36,48,8,202,84,8,92,294
08/20/2021,KOA,HI,AWP,WE,Federal Contract Tower,104,6,6,0,116,0,33,46,0,79,104,39,52,0,195,72,0,72,267
08/21/2021,KOA,HI,AWP,WE,Federal Contract Tower,91,9,9,8,117,0,20,22,0,42,91,29,31,8,159,8,18,26,185
08/22/2021,KOA,HI,AWP,WE,Federal Contract Tower,102,9,16,1,128,0,23,26,1,50,102,32,42,2,178,100,8,108,286
08/23/2021,KOA,HI,AWP,WE,Federal Contract Tower,105,18,13,7,143,0,19,32,2,53,105,37,45,9,196,128,4,132,328
08/24/2021,KOA,HI,AWP,WE,Federal Contract Tower,95,3,11,2,111,0,25,32,0,57,95,28,43,2,168,116,16,132,300
08/25/2021,KOA,HI,AWP,WE,Federal Contract Tower,103,11,6,5,125,0,16,40,3,59,103,27,46,8,184,102,14,116,300
08/26/2021,KOA,HI,AWP,WE,Federal Contract Tower,100,5,9,3,117,0,34,29,3,66,100,39,38,6,183,122,16,138,321
08/27/2021,KOA,HI,AWP,WE,Federal Contract Tower,108,10,8,1,127,0,16,36,3,55,108,26,44,4,182,70,22,92,274
08/28/2021,KOA,HI,AWP,WE,Federal Contract Tower,93,6,5,0,104,0,22,25,0,47,93,28,30,0,151,22,0,22,173
08/29/2021,KOA,HI,AWP,WE,Federal Contract Tower,98,5,0,0,103,0,28,32,0,60,98,33,32,0,163,16,0,16,179
08/30/2021,KOA,HI,AWP,WE,Federal Contract Tower,104,9,4,4,121,0,31,33,0,64,104,40,37,4,185,54,6,60,245
08/31/2021,KOA,HI,AWP,WE,Federal Contract Tower,100,7,4,8,119,0,21,39,0,60,100,28,43,8,179,98,21,119,298
09/01/2021,KOA,HI,AWP,WE,Federal Contract Tower,96,4,9,5,114,0,19,25,3,47,96,23,34,8,161,114,16,130,291
09/02/2021,KOA,HI,AWP,WE,Federal Contract Tower,106,5,8,6,125,0,25,37,3,65,106,30,45,9,190,98,42,140,330
09/03/2021,KOA,HI,AWP,WE,Federal Contract Tower,106,7,6,0,119,0,20,36,2,58,106,27,42,2,177,86,0,86,263
09/04/2021,KOA,HI,AWP,WE,Federal Contract Tower,94,8,7,0,109,0,32,33,0,65,94,40,40,0,174,32,0,32,206
09/05/2021,KOA,HI,AWP,WE,Federal Contract Tower,96,9,9,4,118,0,21,24,0,45,96,30,33,4,163,6,0,6,169
09/06/2021,KOA,HI,AWP,WE,Federal Contract Tower,107,9,11,6,133,0,31,33,2,66,107,40,44,8,199,68,0,68,267
09/07/2021,KOA,HI,AWP,WE,Federal Contract Tower,100,6,7,3,116,0,21,30,1,52,100,27,37,4,168,154,3,157,325
09/08/2021,KOA,HI,AWP,WE,Federal Contract Tower,94,7,6,7,114,0,21,36,2,59,94,28,42,9,173,84,8,92,265
09/09/2021,KOA,HI,AWP,WE,Federal Contract Tower,99,8,7,7,121,0,22,27,1,50,99,30,34,8,171,114,12,126,297
09/10/2021,KOA,HI,AWP,WE,Federal Contract Tower,94,5,9,22,130,0,23,32,0,55,94,28,41,22,185,122,26,148,333
09/11/2021,KOA,HI,AWP,WE,Federal Contract Tower,91,5,7,3,106,0,30,27,4,61,91,35,34,7,167,0,10,10,177
09/12/2021,KOA,HI,AWP,WE,Federal Contract Tower,97,10,3,0,110,0,12,10,0,22,97,22,13,0,132,8,0,8,140
09/13/2021,KOA,HI,AWP,WE,Federal Contract Tower,89,6,6,8,109,0,23,31,3,57,89,29,37,11,166,56,14,70,236
09/14/2021,KOA,HI,AWP,WE,Federal Contract Tower,96,6,7,0,109,0,27,32,1,60,96,33,39,1,169,56,0,56,225
09/15/2021,KOA,HI,AWP,WE,Federal Contract Tower,93,8,0,3,104,0,20,39,5,64,93,28,39,8,168,94,20,114,282
09/16/2021,KOA,HI,AWP,WE,Federal Contract Tower,99,5,6,2,112,0,24,25,0,49,99,29,31,2,161,108,6,114,275
09/17/2021,KOA,HI,AWP,WE,Federal Contract Tower,94,4,2,13,113,0,23,26,2,51,94,27,28,15,164,168,0,168,332
09/18/2021,KOA,HI,AWP,WE,Federal Contract Tower,90,6,7,0,103,0,37,25,0,62,90,43,32,0,165,56,0,56,221
09/19/2021,KOA,HI,AWP,WE,Federal Contract Tower,94,4,2,0,100,0,27,17,0,44,94,31,19,0,144,46,0,46,190
09/20/2021,KOA,HI,AWP,WE,Federal Contract Tower,95,9,5,0,109,0,24,28,1,53,95,33,33,1,162,112,12,124,286
09/21/2021,KOA,HI,AWP,WE,Federal Contract Tower,93,5,2,13,113,0,20,26,6,52,93,25,28,19,165,80,44,124,289
09/22/2021,KOA,HI,AWP,WE,Federal Contract Tower,97,5,3,8,113,0,19,37,1,57,97,24,40,9,170,164,18,182,352
09/23/2021,KOA,HI,AWP,WE,Federal Contract Tower,96,9,5,9,119,0,26,23,13,62,96,35,28,22,181,114,16,130,311
09/24/2021,KOA,HI,AWP,WE,Federal Contract Tower,95,6,5,9,115,0,18,34,2,54,95,24,39,11,169,192,0,192,361
09/25/2021,KOA,HI,AWP,WE,Federal Contract Tower,84,9,2,0,95,0,25,11,10,46,84,34,13,10,141,8,0,8,149
09/26/2021,KOA,HI,AWP,WE,Federal Contract Tower,92,5,3,2,102,0,22,12,0,34,92,27,15,2,136,30,16,46,182
09/27/2021,KOA,HI,AWP,WE,Federal Contract Tower,97,5,3,15,120,0,27,26,5,58,97,32,29,20,178,76,20,96,274
09/28/2021,KOA,HI,AWP,WE,Federal Contract Tower,94,7,5,12,118,0,28,26,3,57,94,35,31,15,175,47,20,67,242
09/29/2021,KOA,HI,AWP,WE,Federal Contract Tower,98,13,4,13,128,0,35,31,6,72,98,48,35,19,200,74,8,82,282
09/30/2021,KOA,HI,AWP,WE,Federal Contract Tower,106,9,7,3,125,0,28,37,6,71,106,37,44,9,196,84,6,90,286
10/01/2021,KOA,HI,AWP,WE,Federal Contract Tower,94,8,14,16,132,0,25,46,5,76,94,33,60,21,208,160,32,192,400
10/02/2021,KOA,HI,AWP,WE,Federal Contract Tower,86,4,5,0,95,0,34,19,0,53,86,38,24,0,148,0,0,0,148
10/03/2021,KOA,HI,AWP,WE,Federal Contract Tower,90,8,5,4,107,0,21,14,0,35,90,29,19,4,142,26,0,26,168
10/04/2021,KOA,HI,AWP,WE,Federal Contract Tower,92,4,6,0,102,0,22,18,0,40,92,26,24,0,142,142,0,142,284
10/05/2021,KOA,HI,AWP,WE,Federal Contract Tower,93,6,15,6,120,0,30,36,0,66,93,36,51,6,186,42,24,66,252
10/06/2021,KOA,HI,AWP,WE,Federal Contract Tower,91,6,12,2,111,0,25,35,0,60,91,31,47,2,171,130,0,130,301
10/07/2021,KOA,HI,AWP,WE,Federal Contract Tower,101,5,3,0,109,0,39,34,1,74,101,44,37,1,183,102,0,102,285
10/08/2021,KOA,HI,AWP,WE,Federal Contract Tower,96,4,5,4,109,0,30,32,5,67,96,34,37,9,176,98,0,98,274
10/09/2021,KOA,HI,AWP,WE,Federal Contract Tower,93,11,2,0,106,0,27,11,2,40,93,38,13,2,146,62,16,78,224
10/10/2021,KOA,HI,AWP,WE,Federal Contract Tower,85,8,9,0,102,0,27,9,2,38,85,35,18,2,140,8,0,8,148
10/11/2021,KOA,HI,AWP,WE,Federal Contract Tower,91,9,6,0,106,0,27,44,0,71,91,36,50,0,177,82,0,82,259
10/12/2021,KOA,HI,AWP,WE,Federal Contract Tower,92,9,7,0,108,0,24,34,0,58,92,33,41,0,166,129,0,129,295
10/13/2021,KOA,HI,AWP,WE,Federal Contract Tower,94,10,6,10,120,0,25,39,2,66,94,35,45,12,186,144,20,164,350
10/14/2021,KOA,HI,AWP,WE,Federal Contract Tower,103,6,5,12,126,0,31,33,4,68,103,37,38,16,194,148,24,172,366
10/15/2021,KOA,HI,AWP,WE,Federal Contract Tower,95,5,8,0,108,0,30,32,0,62,95,35,40,0,170,124,0,124,294
10/16/2021,KOA,HI,AWP,WE,Federal Contract Tower,89,13,4,0,106,0,24,23,0,47,89,37,27,0,153,40,0,40,193
10/17/2021,KOA,HI,AWP,WE,Federal Contract Tower,88,5,5,0,98,0,25,29,1,55,88,30,34,1,153,40,0,40,193
10/18/2021,KOA,HI,AWP,WE,Federal Contract Tower,99,6,6,3,114,0,28,38,0,66,99,34,44,3,180,118,24,142,322
10/19/2021,KOA,HI,AWP,WE,Federal Contract Tower,98,3,7,0,108,0,31,41,0,72,98,34,48,0,180,58,0,58,238
10/20/2021,KOA,HI,AWP,WE,Federal Contract Tower,93,8,6,3,110,0,26,42,2,70,93,34,48,5,180,80,12,92,272
10/21/2021,KOA,HI,AWP,WE,Federal Contract Tower,102,5,8,14,129,0,31,37,1,69,102,36,45,15,198,60,34,94,292
10/22/2021,KOA,HI,AWP,WE,Federal Contract Tower,93,7,8,5,113,0,30,31,6,67,93,37,39,11,180,48,0,48,228
10/23/2021,KOA,HI,AWP,WE,Federal Contract Tower,89,11,3,0,103,0,20,19,0,39,89,31,22,0,142,50,0,50,192
10/24/2021,KOA,HI,AWP,WE,Federal Contract Tower,93,5,6,4,108,0,35,20,0,55,93,40,26,4,163,2,6,8,171
10/25/2021,KOA,HI,AWP,WE,Federal Contract Tower,94,8,7,6,115,0,31,33,3,67,94,39,40,9,182,72,8,80,262
10/26/2021,KOA,HI,AWP,WE,Federal Contract Tower,93,8,5,5,111,0,30,26,0,56,93,38,31,5,167,84,20,104,271
10/27/2021,KOA,HI,AWP,WE,Federal Contract Tower,90,8,3,2,103,0,27,54,1,82,90,35,57,3,185,26,0,26,211
10/28/2021,KOA,HI,AWP,WE,Federal Contract Tower,98,7,17,15,137,0,27,36,0,63,98,34,53,15,200,112,40,152,352
10/29/2021,KOA,HI,AWP,WE,Federal Contract Tower,96,8,10,0,114,0,24,41,0,65,96,32,51,0,179,74,0,74,253
10/30/2021,KOA,HI,AWP,WE,Federal Contract Tower,86,5,7,0,98,0,22,23,0,45,86,27,30,0,143,0,0,0,143
10/31/2021,KOA,HI,AWP,WE,Federal Contract Tower,86,2,7,0,95,0,22,16,2,40,86,24,23,2,135,0,0,0,135
11/01/2021,KOA,HI,AWP,WE,Federal Contract Tower,94,4,10,12,120,0,27,28,2,57,94,31,38,14,177,78,6,84,261
11/02/2021,KOA,HI,AWP,WE,Federal Contract Tower,94,2,3,8,107,0,23,45,2,70,94,25,48,10,177,64,16,80,257
11/03/2021,KOA,HI,AWP,WE,Federal Contract Tower,93,3,5,9,110,0,22,31,1,54,93,25,36,10,164,74,8,82,246
11/04/2021,KOA,HI,AWP,WE,Federal Contract Tower,102,4,9,1,116,0,25,29,8,62,102,29,38,9,178,126,0,126,304
11/05/2021,KOA,HI,AWP,WE,Federal Contract Tower,100,7,9,2,118,0,30,49,2,81,100,37,58,4,199,108,10,118,317
11/06/2021,KOA,HI,AWP,WE,Federal Contract Tower,86,9,3,6,104,0,30,20,2,52,86,39,23,8,156,2,0,2,158
11/07/2021,KOA,HI,AWP,WE,Federal Contract Tower,89,3,9,0,101,0,21,14,0,35,89,24,23,0,136,6,0,6,142
11/08/2021,KOA,HI,AWP,WE,Federal Contract Tower,96,6,6,5,113,0,29,41,1,71,96,35,47,6,184,128,10,138,322
11/09/2021,KOA,HI,AWP,WE,Federal Contract Tower,92,7,12,4,115,0,33,45,1,79,92,40,57,5,194,78,26,104,298
11/10/2021,KOA,HI,AWP,WE,Federal Contract Tower,88,4,14,10,116,0,33,51,0,84,88,37,65,10,200,148,0,148,348
11/11/2021,KOA,HI,AWP,WE,Federal Contract Tower,95,6,11,0,112,0,33,55,0,88,95,39,66,0,200,48,0,48,248
11/12/2021,KOA,HI,AWP,WE,Federal Contract Tower,90,5,8,0,103,0,27,59,4,90,90,32,67,4,193,108,0,108,301
11/13/2021,KOA,HI,AWP,WE,Federal Contract Tower,85,13,12,0,110,0,32,39,7,78,85,45,51,7,188,16,0,16,204
11/14/2021,KOA,HI,AWP,WE,Federal Contract Tower,89,16,5,1,111,0,25,14,3,42,89,41,19,4,153,0,0,0,153
11/15/2021,KOA,HI,AWP,WE,Federal Contract Tower,89,10,10,4,113,0,24,38,0,62,89,34,48,4,175,206,2,208,383
11/16/2021,KOA,HI,AWP,WE,Federal Contract Tower,94,2,7,5,108,0,29,46,0,75,94,31,53,5,183,154,44,198,381
11/17/2021,KOA,HI,AWP,WE,Federal Contract Tower,89,14,8,2,113,0,28,57,0,85,89,42,65,2,198,136,6,142,340
11/18/2021,KOA,HI,AWP,WE,Federal Contract Tower,100,13,14,6,133,0,35,59,0,94,100,48,73,6,227,194,22,216,443
11/19/2021,KOA,HI,AWP,WE,Federal Contract Tower,96,16,11,1,124,0,46,50,0,96,96,62,61,1,220,66,6,72,292
11/20/2021,KOA,HI,AWP,WE,Federal Contract Tower,97,11,16,0,124,0,24,29,0,53,97,35,45,0,177,8,0,8,185
11/21/2021,KOA,HI,AWP,WE,Federal Contract Tower,96,9,22,0,127,0,43,36,0,79,96,52,58,0,206,32,0,32,238
11/22/2021,KOA,HI,AWP,WE,Federal Contract Tower,101,12,11,11,135,0,35,36,3,74,101,47,47,14,209,150,14,164,373
11/23/2021,KOA,HI,AWP,WE,Federal Contract Tower,99,7,11,20,137,0,33,48,2,83,99,40,59,22,220,146,18,164,384
11/24/2021,KOA,HI,AWP,WE,Federal Contract Tower,97,10,8,14,129,0,36,54,0,90,97,46,62,14,219,88,30,118,337
11/25/2021,KOA,HI,AWP,WE,Federal Contract Tower,88,4,8,0,100,0,29,21,0,50,88,33,29,0,150,62,0,62,212
11/26/2021,KOA,HI,AWP,WE,Federal Contract Tower,91,13,7,3,114,0,29,33,0,62,91,42,40,3,176,68,0,68,244
11/27/2021,KOA,HI,AWP,WE,Federal Contract Tower,96,13,20,0,129,0,30,19,0,49,96,43,39,0,178,4,0,4,182
11/28/2021,KOA,HI,AWP,WE,Federal Contract Tower,97,15,33,0,145,0,20,9,0,29,97,35,42,0,174,12,0,12,186
11/29/2021,KOA,HI,AWP,WE,Federal Contract Tower,102,12,10,0,124,0,15,18,0,33,102,27,28,0,157,52,0,52,209
11/30/2021,KOA,HI,AWP,WE,Federal Contract Tower,94,9,13,6,122,0,28,23,0,51,94,37,36,6,173,166,18,184,357
12/01/2021,KOA,HI,AWP,WE,Federal Contract Tower,88,11,7,1,107,0,19,41,11,71,88,30,48,12,178,108,0,108,286
12/02/2021,KOA,HI,AWP,WE,Federal Contract Tower,93,3,19,7,122,0,35,51,0,86,93,38,70,7,208,188,8,196,404
12/03/2021,KOA,HI,AWP,WE,Federal Contract Tower,98,20,8,1,127,0,12,15,0,27,98,32,23,1,154,98,0,98,252
12/04/2021,KOA,HI,AWP,WE,Federal Contract Tower,86,26,12,0,124,0,15,1,1,17,86,41,13,1,141,14,0,14,155
12/06/2021,KOA,HI,AWP,WE,Federal Contract Tower,91,13,11,2,117,0,6,26,2,34,91,19,37,4,151,160,0,160,311
12/07/2021,KOA,HI,AWP,WE,Federal Contract Tower,86,17,11,8,122,0,10,12,2,24,86,27,23,10,146,96,0,96,242
12/08/2021,KOA,HI,AWP,WE,Federal Contract Tower,90,11,13,8,122,0,27,46,4,77,90,38,59,12,199,90,42,132,331
12/09/2021,KOA,HI,AWP,WE,Federal Contract Tower,96,10,13,3,122,0,45,40,0,85,96,55,53,3,207,72,6,78,285
12/10/2021,KOA,HI,AWP,WE,Federal Contract Tower,93,6,14,4,117,0,28,55,2,85,93,34,69,6,202,112,20,132,334
12/11/2021,KOA,HI,AWP,WE,Federal Contract Tower,89,5,8,0,102,0,20,23,2,45,89,25,31,2,147,2,0,2,149
12/12/2021,KOA,HI,AWP,WE,Federal Contract Tower,86,6,11,0,103,0,21,22,2,45,86,27,33,2,148,4,0,4,152
12/13/2021,KOA,HI,AWP,WE,Federal Contract Tower,92,5,10,4,111,0,17,43,0,60,92,22,53,4,171,176,0,176,347
12/14/2021,KOA,HI,AWP,WE,Federal Contract Tower,90,4,9,4,107,0,27,53,2,82,90,31,62,6,189,128,12,140,329
12/15/2021,KOA,HI,AWP,WE,Federal Contract Tower,86,11,13,2,112,0,25,39,2,66,86,36,52,4,178,156,4,160,338
12/16/2021,KOA,HI,AWP,WE,Federal Contract Tower,108,14,16,1,139,0,32,35,1,68,108,46,51,2,207,130,8,138,345
12/17/2021,KOA,HI,AWP,WE,Federal Contract Tower,102,9,19,0,130,0,42,58,7,107,102,51,77,7,237,134,0,134,371
12/18/2021,KOA,HI,AWP,WE,Federal Contract Tower,109,21,23,1,154,0,35,25,6,66,109,56,48,7,220,10,0,10,230
12/19/2021,KOA,HI,AWP,WE,Federal Contract Tower,99,22,18,3,142,0,17,24,9,50,99,39,42,12,192,58,0,58,250
12/20/2021,KOA,HI,AWP,WE,Federal Contract Tower,106,14,13,5,138,0,39,45,3,87,106,53,58,8,225,190,20,210,435
12/21/2021,KOA,HI,AWP,WE,Federal Contract Tower,102,16,15,6,139,0,28,49,8,85,102,44,64,14,224,100,58,158,382
12/22/2021,KOA,HI,AWP,WE,Federal Contract Tower,107,19,12,0,138,0,27,32,0,59,107,46,44,0,197,46,0,46,243
12/23/2021,KOA,HI,AWP,WE,Federal Contract Tower,110,14,23,1,148,0,36,45,0,81,110,50,68,1,229,132,0,132,361
12/24/2021,KOA,HI,AWP,WE,Federal Contract Tower,104,10,15,0,129,0,36,38,0,74,104,46,53,0,203,26,0,26,229
12/25/2021,KOA,HI,AWP,WE,Federal Contract Tower,92,8,7,0,107,0,19,14,0,33,92,27,21,0,140,18,0,18,158
12/26/2021,KOA,HI,AWP,WE,Federal Contract Tower,95,15,33,0,143,0,46,33,0,79,95,61,66,0,222,8,0,8,230
12/27/2021,KOA,HI,AWP,WE,Federal Contract Tower,107,12,26,6,151,0,56,60,0,116,107,68,86,6,267,36,0,36,303
12/28/2021,KOA,HI,AWP,WE,Federal Contract Tower,100,10,11,8,129,0,47,74,0,121,100,57,85,8,250,84,0,84,334
12/29/2021,KOA,HI,AWP,WE,Federal Contract Tower,98,16,13,0,127,0,37,47,0,84,98,53,60,0,211,52,0,52,263
12/30/2021,KOA,HI,AWP,WE,Federal Contract Tower,93,10,11,5,119,0,29,37,0,66,93,39,48,5,185,78,12,90,275
12/31/2021,KOA,HI,AWP,WE,Federal Contract Tower,94,11,18,1,124,0,18,30,0,48,94,29,48,1,172,122,2,124,296
01/01/2022,KOA,HI,AWP,WE,Federal Contract Tower,87,11,29,0,127,0,37,20,0,57,87,48,49,0,184,0,0,0,184
01/02/2022,KOA,HI,AWP,WE,Federal Contract Tower,95,18,37,0,150,0,26,25,0,51,95,44,62,0,201,36,0,36,237
01/03/2022,KOA,HI,AWP,WE,Federal Contract Tower,99,14,27,0,140,0,35,55,0,90,99,49,82,0,230,111,0,111,341
01/04/2022,KOA,HI,AWP,WE,Federal Contract Tower,95,5,24,12,136,0,27,32,5,64,95,32,56,17,200,118,8,126,326
01/05/2022,KOA,HI,AWP,WE,Federal Contract Tower,92,10,11,6,119,0,27,44,2,73,92,37,55,8,192,54,26,80,272
01/06/2022,KOA,HI,AWP,WE,Federal Contract Tower,94,3,18,4,119,0,35,55,10,100,94,38,73,14,219,62,18,80,299
01/07/2022,KOA,HI,AWP,WE,Federal Contract Tower,95,6,17,17,135,0,25,52,0,77,95,31,69,17,212,68,26,94,306
01/08/2022,KOA,HI,AWP,WE,Federal Contract Tower,82,11,14,0,107,0,30,36,0,66,82,41,50,0,173,8,0,8,181
01/09/2022,KOA,HI,AWP,WE,Federal Contract Tower,89,10,12,1,112,0,33,40,5,78,89,43,52,6,190,20,10,30,220
01/10/2022,KOA,HI,AWP,WE,Federal Contract Tower,95,9,16,15,135,0,24,60,6,90,95,33,76,21,225,164,0,164,389
01/11/2022,KOA,HI,AWP,WE,Federal Contract Tower,90,15,11,2,118,0,30,42,0,72,90,45,53,2,190,100,0,100,290
01/12/2022,KOA,HI,AWP,WE,Federal Contract Tower,92,11,9,14,126,0,27,57,9,93,92,38,66,23,219,136,24,160,379
01/13/2022,KOA,HI,AWP,WE,Federal Contract Tower,90,10,16,3,119,0,32,63,2,97,90,42,79,5,216,106,28,134,350
01/14/2022,KOA,HI,AWP,WE,Federal Contract Tower,85,7,12,1,105,0,26,54,2,82,85,33,66,3,187,162,8,170,357
01/15/2022,KOA,HI,AWP,WE,Federal Contract Tower,81,9,10,3,103,0,19,38,0,57,81,28,48,3,160,2,0,2,162
01/16/2022,KOA,HI,AWP,WE,Federal Contract Tower,82,3,6,5,96,0,23,41,0,64,82,26,47,5,160,16,0,16,176
01/17/2022,KOA,HI,AWP,WE,Federal Contract Tower,88,10,11,0,109,0,31,38,0,69,88,41,49,0,178,90,0,90,268
01/18/2022,KOA,HI,AWP,WE,Federal Contract Tower,90,7,8,17,122,0,23,38,0,61,90,30,46,17,183,114,4,118,301
01/19/2022,KOA,HI,AWP,WE,Federal Contract Tower,78,15,8,1,102,0,24,50,1,75,78,39,58,2,177,70,10,80,257
01/20/2022,KOA,HI,AWP,WE,Federal Contract Tower,84,9,9,0,102,0,26,33,2,61,84,35,42,2,163,46,0,46,209
01/21/2022,KOA,HI,AWP,WE,Federal Contract Tower,83,4,12,0,99,0,29,34,2,65,83,33,46,2,164,58,0,58,222
01/22/2022,KOA,HI,AWP,WE,Federal Contract Tower,81,11,9,1,102,0,23,17,2,42,81,34,26,3,144,22,0,22,166
01/23/2022,KOA,HI,AWP,WE,Federal Contract Tower,83,13,7,0,103,0,24,41,4,69,83,37,48,4,172,46,0,46,218
01/24/2022,KOA,HI,AWP,WE,Federal Contract Tower,85,12,5,3,105,0,24,46,0,70,85,36,51,3,175,88,0,88,263
01/25/2022,KOA,HI,AWP,WE,Federal Contract Tower,82,6,14,3,105,0,32,60,6,98,82,38,74,9,203,168,20,188,391
01/26/2022,KOA,HI,AWP,WE,Federal Contract Tower,83,10,8,22,123,0,36,49,0,85,83,46,57,22,208,144,22,166,374
01/27/2022,KOA,HI,AWP,WE,Federal Contract Tower,85,12,13,8,118,0,19,67,2,88,85,31,80,10,206,222,8,230,436
01/28/2022,KOA,HI,AWP,WE,Federal Contract Tower,83,13,14,6,116,0,21,47,3,71,83,34,61,9,187,214,2,216,403
01/29/2022,KOA,HI,AWP,WE,Federal Contract Tower,76,7,13,2,98,0,20,34,8,62,76,27,47,10,160,0,0,0,160
01/30/2022,KOA,HI,AWP,WE,Federal Contract Tower,79,4,13,0,96,0,16,23,2,41,79,20,36,2,137,66,0,66,203
01/31/2022,KOA,HI,AWP,WE,Federal Contract Tower,83,9,15,7,114,0,26,79,2,107,83,35,94,9,221,178,12,190,411
02/01/2022,KOA,HI,AWP,WE,Federal Contract Tower,87,3,8,12,110,0,41,69,2,112,87,44,77,14,222,118,24,142,364
02/02/2022,KOA,HI,AWP,WE,Federal Contract Tower,86,11,2,16,115,0,32,51,0,83,86,43,53,16,198,210,14,224,422
02/03/2022,KOA,HI,AWP,WE,Federal Contract Tower,89,5,5,15,114,0,39,54,10,103,89,44,59,25,217,136,12,148,365
02/04/2022,KOA,HI,AWP,WE,Federal Contract Tower,85,9,11,5,110,0,25,47,3,75,85,34,58,8,185,100,10,110,295
02/05/2022,KOA,HI,AWP,WE,Federal Contract Tower,84,12,19,3,118,0,25,33,0,58,84,37,52,3,176,38,24,62,238
02/06/2022,KOA,HI,AWP,WE,Federal Contract Tower,82,9,14,7,112,0,27,23,1,51,82,36,37,8,163,26,0,26,189
02/07/2022,KOA,HI,AWP,WE,Federal Contract Tower,86,10,15,10,121,0,28,66,0,94,86,38,81,10,215,258,20,278,493
02/08/2022,KOA,HI,AWP,WE,Federal Contract Tower,89,8,3,8,108,0,34,75,13,122,89,42,78,21,230,96,26,122,352
02/09/2022,KOA,HI,AWP,WE,Federal Contract Tower,85,5,4,1,95,0,28,69,5,102,85,33,73,6,197,292,14,306,503
02/10/2022,KOA,HI,AWP,WE,Federal Contract Tower,91,9,14,6,120,0,27,57,0,84,91,36,71,6,204,156,10,166,370
02/11/2022,KOA,HI,AWP,WE,Federal Contract Tower,84,6,5,2,97,0,29,64,0,93,84,35,69,2,190,132,6,138,328
02/12/2022,KOA,HI,AWP,WE,Federal Contract Tower,84,13,10,3,110,0,34,35,1,70,84,47,45,4,180,10,0,10,190
02/13/2022,KOA,HI,AWP,WE,Federal Contract Tower,78,6,6,0,90,0,31,33,0,64,78,37,39,0,154,48,0,48,202
02/14/2022,KOA,HI,AWP,WE,Federal Contract Tower,90,11,12,0,113,0,26,59,0,85,90,37,71,0,198,154,12,166,364
02/15/2022,KOA,HI,AWP,WE,Federal Contract Tower,97,12,9,2,120,0,28,55,10,93,97,40,64,12,213,147,20,167,380
02/16/2022,KOA,HI,AWP,WE,Federal Contract Tower,88,4,9,0,101,0,28,56,2,86,88,32,65,2,187,58,0,58,245
02/17/2022,KOA,HI,AWP,WE,Federal Contract Tower,88,14,13,22,137,0,32,51,3,86,88,46,64,25,223,151,12,163,386
02/18/2022,KOA,HI,AWP,WE,Federal Contract Tower,100,11,10,3,124,0,34,63,0,97,100,45,73,3,221,134,0,134,355
02/19/2022,KOA,HI,AWP,WE,Federal Contract Tower,83,13,14,0,110,0,29,18,0,47,83,42,32,0,157,0,0,0,157
02/20/2022,KOA,HI,AWP,WE,Federal Contract Tower,84,13,5,1,103,0,41,41,1,83,84,54,46,2,186,30,0,30,216
02/21/2022,KOA,HI,AWP,WE,Federal Contract Tower,84,3,18,0,105,0,29,76,0,105,84,32,94,0,210,180,0,180,390
02/22/2022,KOA,HI,AWP,WE,Federal Contract Tower,86,3,10,12,111,0,26,54,2,82,86,29,64,14,193,188,32,220,413
02/23/2022,KOA,HI,AWP,WE,Federal Contract Tower,89,7,13,0,109,0,31,59,0,90,89,38,72,0,199,134,0,134,333
02/24/2022,KOA,HI,AWP,WE,Federal Contract Tower,90,4,9,12,115,0,35,56,8,99,90,39,65,20,214,170,18,188,402
02/25/2022,KOA,HI,AWP,WE,Federal Contract Tower,88,6,13,0,107,0,30,55,8,93,88,36,68,8,200,174,0,174,374
02/26/2022,KOA,HI,AWP,WE,Federal Contract Tower,83,15,15,5,118,0,29,25,1,55,83,44,40,6,173,30,0,30,203
02/27/2022,KOA,HI,AWP,WE,Federal Contract Tower,78,14,15,0,107,0,19,30,0,49,78,33,45,0,156,4,4,8,164
02/28/2022,KOA,HI,AWP,WE,Federal Contract Tower,87,6,16,3,112,0,32,47,0,79,87,38,63,3,191,113,8,121,312
03/01/2022,KOA,HI,AWP,WE,Federal Contract Tower,90,6,13,1,110,0,25,51,0,76,90,31,64,1,186,150,4,154,340
03/02/2022,KOA,HI,AWP,WE,Federal Contract Tower,89,15,7,2,113,0,24,38,2,64,89,39,45,4,177,66,0,66,243
03/03/2022,KOA,HI,AWP,WE,Federal Contract Tower,95,9,12,7,123,0,27,48,1,76,95,36,60,8,199,142,6,148,347
03/04/2022,KOA,HI,AWP,WE,Federal Contract Tower,95,3,13,4,115,0,26,40,0,66,95,29,53,4,181,140,0,140,321
03/05/2022,KOA,HI,AWP,WE,Federal Contract Tower,87,12,10,5,114,0,25,24,0,49,87,37,34,5,163,18,2,20,183
03/06/2022,KOA,HI,AWP,WE,Federal Contract Tower,93,14,20,0,127,1,38,22,0,61,94,52,42,0,188,18,0,18,206
03/07/2022,KOA,HI,AWP,WE,Federal Contract Tower,91,9,10,5,115,0,35,45,0,80,91,44,55,5,195,150,2,152,347
03/08/2022,KOA,HI,AWP,WE,Federal Contract Tower,88,8,13,1,110,0,35,43,5,83,88,43,56,6,193,136,38,174,367
03/09/2022,KOA,HI,AWP,WE,Federal Contract Tower,95,10,13,0,118,0,31,37,1,69,95,41,50,1,187,156,2,158,345
03/10/2022,KOA,HI,AWP,WE,Federal Contract Tower,103,18,9,4,134,0,31,34,0,65,103,49,43,4,199,122,14,136,335
03/11/2022,KOA,HI,AWP,WE,Federal Contract Tower,100,5,12,0,117,0,35,54,0,89,100,40,66,0,206,138,0,138,344
03/12/2022,KOA,HI,AWP,WE,Federal Contract Tower,90,10,16,1,117,0,31,17,0,48,90,41,33,1,165,8,6,14,179
03/13/2022,KOA,HI,AWP,WE,Federal Contract Tower,106,14,8,0,128,0,33,19,0,52,106,47,27,0,180,2,0,2,182
03/14/2022,KOA,HI,AWP,WE,Federal Contract Tower,106,6,10,10,132,0,33,53,4,90,106,39,63,14,222,194,0,194,416
03/15/2022,KOA,HI,AWP,WE,Federal Contract Tower,95,14,4,2,115,0,35,56,0,91,95,49,60,2,206,188,22,210,416
03/16/2022,KOA,HI,AWP,WE,Federal Contract Tower,96,7,14,0,117,0,30,56,0,86,96,37,70,0,203,182,0,182,385
03/17/2022,KOA,HI,AWP,WE,Federal Contract Tower,103,8,9,9,129,0,32,50,3,85,103,40,59,12,214,142,28,170,384
03/18/2022,KOA,HI,AWP,WE,Federal Contract Tower,102,17,16,0,135,0,33,51,1,85,102,50,67,1,220,154,0,154,374
03/19/2022,KOA,HI,AWP,WE,Federal Contract Tower,94,13,17,0,124,0,27,48,5,80,94,40,65,5,204,7,0,7,211
03/20/2022,KOA,HI,AWP,WE,Federal Contract Tower,100,15,18,0,133,0,27,49,0,76,100,42,67,0,209,4,0,4,213
03/21/2022,KOA,HI,AWP,WE,Federal Contract Tower,107,12,7,2,128,0,24,58,5,87,107,36,65,7,215,192,0,192,407
03/22/2022,KOA,HI,AWP,WE,Federal Contract Tower,90,13,9,1,113,0,30,54,1,85,90,43,63,2,198,88,24,112,310
03/23/2022,KOA,HI,AWP,WE,Federal Contract Tower,99,12,14,3,128,0,30,36,3,69,99,42,50,6,197,114,8,122,319
03/24/2022,KOA,HI,AWP,WE,Federal Contract Tower,95,8,9,12,124,0,28,33,4,65,95,36,42,16,189,104,52,156,345
03/25/2022,KOA,HI,AWP,WE,Federal Contract Tower,103,20,15,5,143,0,29,46,0,75,103,49,61,5,218,162,30,192,410
03/26/2022,KOA,HI,AWP,WE,Federal Contract Tower,96,25,16,1,138,0,35,25,1,61,96,60,41,2,199,22,0,22,221
03/27/2022,KOA,HI,AWP,WE,Federal Contract Tower,100,9,17,0,126,0,24,13,0,37,100,33,30,0,163,0,0,0,163
03/28/2022,KOA,HI,AWP,WE,Federal Contract Tower,104,11,8,17,140,0,31,54,11,96,104,42,62,28,236,74,20,94,330
03/29/2022,KOA,HI,AWP,WE,Federal Contract Tower,90,17,6,1,114,0,29,43,0,72,90,46,49,1,186,70,0,70,256
03/30/2022,KOA,HI,AWP,WE,Federal Contract Tower,95,6,15,6,122,0,17,48,2,67,95,23,63,8,189,178,18,196,385
03/31/2022,KOA,HI,AWP,WE,Federal Contract Tower,102,7,14,2,125,0,20,33,6,59,102,27,47,8,184,140,0,140,324
04/01/2022,KOA,HI,AWP,WE,Federal Contract Tower,100,13,20,1,134,0,20,30,0,50,100,33,50,1,184,94,0,94,278
04/02/2022,KOA,HI,AWP,WE,Federal Contract Tower,98,19,15,0,132,0,25,22,0,47,98,44,37,0,179,24,0,24,203
04/03/2022,KOA,HI,AWP,WE,Federal Contract Tower,93,8,15,0,116,0,18,29,0,47,93,26,44,0,163,5,0,5,168
04/04/2022,KOA,HI,AWP,WE,Federal Contract Tower,102,3,8,8,121,0,25,36,3,64,102,28,44,11,185,88,0,88,273
04/05/2022,KOA,HI,AWP,WE,Federal Contract Tower,87,10,6,6,109,0,22,39,1,62,87,32,45,7,171,84,40,124,295
04/06/2022,KOA,HI,AWP,WE,Federal Contract Tower,91,13,4,8,116,0,23,35,0,58,91,36,39,8,174,106,0,106,280
04/07/2022,KOA,HI,AWP,WE,Federal Contract Tower,92,5,10,19,126,0,20,27,1,48,92,25,37,20,174,136,6,142,316
04/08/2022,KOA,HI,AWP,WE,Federal Contract Tower,99,18,17,5,139,0,17,34,6,57,99,35,51,11,196,182,12,194,390
04/09/2022,KOA,HI,AWP,WE,Federal Contract Tower,93,22,11,0,126,0,25,31,4,60,93,47,42,4,186,53,6,59,245
04/10/2022,KOA,HI,AWP,WE,Federal Contract Tower,96,5,7,1,109,0,28,11,6,45,96,33,18,7,154,0,0,0,154
04/11/2022,KOA,HI,AWP,WE,Federal Contract Tower,98,10,12,4,124,0,24,49,7,80,98,34,61,11,204,160,20,180,384
04/12/2022,KOA,HI,AWP,WE,Federal Contract Tower,88,11,14,12,125,0,27,32,1,60,88,38,46,13,185,149,31,180,365
04/13/2022,KOA,HI,AWP,WE,Federal Contract Tower,95,5,25,3,128,0,36,38,0,74,95,41,63,3,202,63,10,73,275
04/14/2022,KOA,HI,AWP,WE,Federal Contract Tower,103,3,13,11,130,0,16,45,3,64,103,19,58,14,194,178,50,228,422
04/15/2022,KOA,HI,AWP,WE,Federal Contract Tower,93,15,16,8,132,0,24,46,0,70,93,39,62,8,202,108,0,108,310
04/16/2022,KOA,HI,AWP,WE,Federal Contract Tower,85,15,14,2,116,0,19,14,0,33,85,34,28,2,149,30,0,30,179
04/17/2022,KOA,HI,AWP,WE,Federal Contract Tower,93,12,16,0,121,0,24,30,0,54,93,36,46,0,175,22,0,22,197
04/18/2022,KOA,HI,AWP,WE,Federal Contract Tower,99,6,20,0,125,0,22,53,0,75,99,28,73,0,200,222,0,222,422
04/19/2022,KOA,HI,AWP,WE,Federal Contract Tower,86,11,7,4,108,0,26,42,5,73,86,37,49,9,181,159,9,168,349
04/20/2022,KOA,HI,AWP,WE,Federal Contract Tower,98,3,11,3,115,0,36,57,5,98,98,39,68,8,213,125,18,143,356
04/21/2022,KOA,HI,AWP,WE,Federal Contract Tower,98,4,10,1,113,0,23,48,0,71,98,27,58,1,184,226,0,226,410
04/22/2022,KOA,HI,AWP,WE,Federal Contract Tower,98,13,15,1,127,0,22,49,11,82,98,35,64,12,209,134,0,134,343
04/23/2022,KOA,HI,AWP,WE,Federal Contract Tower,89,12,16,0,117,0,19,37,0,56,89,31,53,0,173,20,0,20,193
04/24/2022,KOA,HI,AWP,WE,Federal Contract Tower,87,8,7,0,102,0,22,13,0,35,87,30,20,0,137,0,0,0,137
04/25/2022,KOA,HI,AWP,WE,Federal Contract Tower,98,12,5,1,116,0,26,54,0,80,98,38,59,1,196,226,4,230,426
04/26/2022,KOA,HI,AWP,WE,Federal Contract Tower,89,3,6,3,101,0,24,36,4,64,89,27,42,7,165,182,30,212,377
04/27/2022,KOA,HI,AWP,WE,Federal Contract Tower,94,3,12,2,111,0,23,41,2,66,94,26,53,4,177,128,0,128,305
04/28/2022,KOA,HI,AWP,WE,Federal Contract Tower,97,6,4,7,114,0,31,33,0,64,97,37,37,7,178,68,10,78,256
04/29/2022,KOA,HI,AWP,WE,Federal Contract Tower,97,9,3,1,110,0,23,47,4,74,97,32,50,5,184,110,1,111,295
04/30/2022,KOA,HI,AWP,WE,Federal Contract Tower,88,16,9,0,113,0,22,26,3,51,88,38,35,3,164,44,0,44,208
05/01/2022,KOA,HI,AWP,WE,Federal Contract Tower,94,14,7,4,119,0,18,4,2,24,94,32,11,6,143,0,0,0,143
05/02/2022,KOA,HI,AWP,WE,Federal Contract Tower,99,6,6,0,111,0,13,31,3,47,99,19,37,3,158,58,0,58,216
05/03/2022,KOA,HI,AWP,WE,Federal Contract Tower,88,12,6,8,114,0,18,46,7,71,88,30,52,15,185,109,36,145,330
05/04/2022,KOA,HI,AWP,WE,Federal Contract Tower,91,4,2,2,99,0,24,56,4,84,91,28,58,6,183,132,16,148,331
05/05/2022,KOA,HI,AWP,WE,Federal Contract Tower,101,6,4,6,117,0,31,44,2,77,101,37,48,8,194,112,12,124,318
05/06/2022,KOA,HI,AWP,WE,Federal Contract Tower,96,16,12,17,141,0,30,42,2,74,96,46,54,19,215,104,15,119,334
05/07/2022,KOA,HI,AWP,WE,Federal Contract Tower,91,11,9,2,113,0,21,29,0,50,91,32,38,2,163,16,0,16,179
05/08/2022,KOA,HI,AWP,WE,Federal Contract Tower,96,6,5,1,108,0,21,12,1,34,96,27,17,2,142,6,10,16,158
05/09/2022,KOA,HI,AWP,WE,Federal Contract Tower,97,3,6,1,107,0,24,40,2,66,97,27,46,3,173,106,14,120,293
05/10/2022,KOA,HI,AWP,WE,Federal Contract Tower,90,4,8,3,105,0,14,50,24,88,90,18,58,27,193,108,22,130,323
05/11/2022,KOA,HI,AWP,WE,Federal Contract Tower,98,4,6,4,112,0,32,52,0,84,98,36,58,4,196,101,50,151,347
05/12/2022,KOA,HI,AWP,WE,Federal Contract Tower,98,8,4,2,112,0,38,53,0,91,98,46,57,2,203,86,12,98,301
05/13/2022,KOA,HI,AWP,WE,Federal Contract Tower,100,4,5,16,125,0,23,35,0,58,100,27,40,16,183,91,4,95,278
05/14/2022,KOA,HI,AWP,WE,Federal Contract Tower,88,4,8,21,121,0,25,28,3,56,88,29,36,24,177,44,26,70,247
05/15/2022,KOA,HI,AWP,WE,Federal Contract Tower,6,4,10,2,22,0,16,33,0,49,6,20,43,2,71,12,0,12,83
05/16/2022,KOA,HI,AWP,WE,Federal Contract Tower,100,9,10,2,121,0,40,56,0,96,100,49,66,2,217,92,0,92,309
05/17/2022,KOA,HI,AWP,WE,Federal Contract Tower,92,11,4,0,107,0,31,41,0,72,92,42,45,0,179,186,0,186,365
05/18/2022,KOA,HI,AWP,WE,Federal Contract Tower,88,18,10,7,123,0,24,54,3,81,88,42,64,10,204,32,18,50,254
05/19/2022,KOA,HI,AWP,WE,Federal Contract Tower,105,11,12,10,138,0,29,33,0,62,105,40,45,10,200,66,14,80,280
05/20/2022,KOA,HI,AWP,WE,Federal Contract Tower,107,2,12,0,121,0,31,44,4,79,107,33,56,4,200,134,0,134,334
05/21/2022,KOA,HI,AWP,WE,Federal Contract Tower,89,1,9,0,99,0,34,36,0,70,89,35,45,0,169,26,0,26,195
05/22/2022,KOA,HI,AWP,WE,Federal Contract Tower,99,3,7,0,109,0,27,37,0,64,99,30,44,0,173,92,0,92,265
05/23/2022,KOA,HI,AWP,WE,Federal Contract Tower,101,4,8,10,123,0,27,71,6,104,101,31,79,16,227,104,0,104,331
05/24/2022,KOA,HI,AWP,WE,Federal Contract Tower,88,4,7,8,107,0,30,51,7,88,88,34,58,15,195,90,40,130,325
05/25/2022,KOA,HI,AWP,WE,Federal Contract Tower,98,9,5,9,121,0,33,63,4,100,98,42,68,13,221,92,40,132,353
05/26/2022,KOA,HI,AWP,WE,Federal Contract Tower,101,8,12,7,128,0,23,75,2,100,101,31,87,9,228,74,12,86,314
05/27/2022,KOA,HI,AWP,WE,Federal Contract Tower,101,10,7,8,126,0,36,69,0,105,101,46,76,8,231,38,2,40,271
05/28/2022,KOA,HI,AWP,WE,Federal Contract Tower,92,7,7,2,108,0,21,27,0,48,92,28,34,2,156,47,8,55,211
05/29/2022,KOA,HI,AWP,WE,Federal Contract Tower,95,5,8,1,109,0,22,12,1,35,95,27,20,2,144,22,4,26,170
05/30/2022,KOA,HI,AWP,WE,Federal Contract Tower,104,7,6,1,118,0,23,27,3,53,104,30,33,4,171,117,0,117,288
05/31/2022,KOA,HI,AWP,WE,Federal Contract Tower,91,6,11,22,130,0,23,26,0,49,91,29,37,22,179,122,0,122,301
06/01/2022,KOA,HI,AWP,WE,Federal Contract Tower,97,8,10,2,117,0,28,40,0,68,97,36,50,2,185,116,0,116,301
06/02/2022,KOA,HI,AWP,WE,Federal Contract Tower,96,9,12,5,122,0,25,31,5,61,96,34,43,10,183,72,6,78,261
06/03/2022,KOA,HI,AWP,WE,Federal Contract Tower,97,9,6,0,112,0,30,36,0,66,97,39,42,0,178,86,0,86,264
06/04/2022,KOA,HI,AWP,WE,Federal Contract Tower,91,12,6,2,111,0,29,26,2,57,91,41,32,4,168,8,10,18,186
06/05/2022,KOA,HI,AWP,WE,Federal Contract Tower,100,8,9,0,117,0,15,23,0,38,100,23,32,0,155,10,0,10,165
06/06/2022,KOA,HI,AWP,WE,Federal Contract Tower,100,6,7,1,114,0,26,50,0,76,100,32,57,1,190,43,0,43,233
06/07/2022,KOA,HI,AWP,WE,Federal Contract Tower,100,3,5,0,108,0,23,30,0,53,100,26,35,0,161,140,0,140,301
06/09/2022,KOA,HI,AWP,WE,Federal Contract Tower,108,6,7,9,130,0,15,46,3,64,108,21,53,12,194,78,0,78,272
06/10/2022,KOA,HI,AWP,WE,Federal Contract Tower,99,8,9,1,117,0,17,35,0,52,99,25,44,1,169,102,0,102,271
06/11/2022,KOA,HI,AWP,WE,Federal Contract Tower,94,5,7,1,107,0,18,21,6,45,94,23,28,7,152,8,0,8,160
06/12/2022,KOA,HI,AWP,WE,Federal Contract Tower,101,10,7,8,126,0,18,15,0,33,101,28,22,8,159,22,0,22,181
06/13/2022,KOA,HI,AWP,WE,Federal Contract Tower,103,9,8,2,122,0,18,56,2,76,103,27,64,4,198,118,0,118,316
06/14/2022,KOA,HI,AWP,WE,Federal Contract Tower,103,2,5,10,120,0,19,48,5,72,103,21,53,15,192,118,16,134,326
06/15/2022,KOA,HI,AWP,WE,Federal Contract Tower,107,10,6,3,126,0,19,35,5,59,107,29,41,8,185,130,18,148,333
06/16/2022,KOA,HI,AWP,WE,Federal Contract Tower,107,7,3,19,136,0,20,28,0,48,107,27,31,19,184,78,42,120,304
06/17/2022,KOA,HI,AWP,WE,Federal Contract Tower,104,4,5,0,113,0,19,21,0,40,104,23,26,0,153,90,0,90,243
06/18/2022,KOA,HI,AWP,WE,Federal Contract Tower,5,5,14,4,28,0,18,28,3,49,5,23,42,7,77,0,0,0,77
06/19/2022,KOA,HI,AWP,WE,Federal Contract Tower,100,9,9,0,118,0,15,25,0,40,100,24,34,0,158,64,0,64,222
06/20/2022,KOA,HI,AWP,WE,Federal Contract Tower,103,9,10,0,122,0,19,54,5,78,103,28,64,5,200,64,0,64,264
06/21/2022,KOA,HI,AWP,WE,Federal Contract Tower,102,5,6,0,113,0,20,41,0,61,102,25,47,0,174,130,0,130,304
06/22/2022,KOA,HI,AWP,WE,Federal Contract Tower,105,6,7,7,125,0,19,35,3,57,105,25,42,10,182,10,4,14,196
06/23/2022,KOA,HI,AWP,WE,Federal Contract Tower,107,17,4,3,131,0,22,40,1,63,107,39,44,4,194,89,12,101,295
06/24/2022,KOA,HI,AWP,WE,Federal Contract Tower,105,12,6,0,123,0,15,44,0,59,105,27,50,0,182,43,0,43,225
06/25/2022,KOA,HI,AWP,WE,Federal Contract Tower,103,8,5,0,116,0,19,39,0,58,103,27,44,0,174,34,0,34,208
06/26/2022,KOA,HI,AWP,WE,Federal Contract Tower,105,6,12,1,124,0,10,24,1,35,105,16,36,2,159,34,0,34,193
06/27/2022,KOA,HI,AWP,WE,Federal Contract Tower,104,9,12,16,141,0,17,67,0,84,104,26,79,16,225,148,4,152,377
06/28/2022,KOA,HI,AWP,WE,Federal Contract Tower,106,13,9,12,140,0,12,39,1,52,106,25,48,13,192,104,22,126,318
06/29/2022,KOA,HI,AWP,WE,Federal Contract Tower,108,9,7,2,126,0,23,48,0,71,108,32,55,2,197,142,10,152,349
06/30/2022,KOA,HI,AWP,WE,Federal Contract Tower,108,1,12,4,125,0,19,37,2,58,108,20,49,6,183,142,0,142,325
07/01/2022,KOA,HI,AWP,WE,Federal Contract Tower,105,5,7,0,117,0,22,60,0,82,105,27,67,0,199,139,0,139,338
07/02/2022,KOA,HI,AWP,WE,Federal Contract Tower,100,6,4,0,110,0,27,35,0,62,100,33,39,0,172,8,0,8,180
07/03/2022,KOA,HI,AWP,WE,Federal Contract Tower,104,1,6,0,111,0,31,9,1,41,104,32,15,1,152,4,0,4,156
07/04/2022,KOA,HI,AWP,WE,Federal Contract Tower,93,6,9,0,108,0,19,23,0,42,93,25,32,0,150,80,0,80,230
07/05/2022,KOA,HI,AWP,WE,Federal Contract Tower,99,7,4,8,118,0,22,50,0,72,99,29,54,8,190,88,14,102,292
07/06/2022,KOA,HI,AWP,WE,Federal Contract Tower,104,8,5,3,120,0,19,47,2,68,104,27,52,5,188,147,36,183,371
07/07/2022,KOA,HI,AWP,WE,Federal Contract Tower,112,6,4,8,130,0,16,45,2,63,112,22,49,10,193,110,12,122,315
07/08/2022,KOA,HI,AWP,WE,Federal Contract Tower,112,12,2,2,128,0,21,34,0,55,112,33,36,2,183,150,8,158,341
07/09/2022,KOA,HI,AWP,WE,Federal Contract Tower,104,15,8,2,129,0,27,35,2,64,104,42,43,4,193,12,0,12,205
07/10/2022,KOA,HI,AWP,WE,Federal Contract Tower,93,23,13,6,135,0,20,27,0,47,93,43,40,6,182,60,0,60,242
07/11/2022,KOA,HI,AWP,WE,Federal Contract Tower,110,7,6,8,131,0,20,44,2,66,110,27,50,10,197,126,2,128,325
07/12/2022,KOA,HI,AWP,WE,Federal Contract Tower,101,7,4,5,117,0,24,39,8,71,101,31,43,13,188,102,26,128,316
07/13/2022,KOA,HI,AWP,WE,Federal Contract Tower,104,8,5,15,132,0,24,32,8,64,104,32,37,23,196,142,50,192,388
07/14/2022,KOA,HI,AWP,WE,Federal Contract Tower,114,7,2,10,133,0,24,31,15,70,114,31,33,25,203,87,14,101,304
07/15/2022,KOA,HI,AWP,WE,Federal Contract Tower,108,7,11,1,127,0,19,42,5,66,108,26,53,6,193,75,15,90,283
07/16/2022,KOA,HI,AWP,WE,Federal Contract Tower,101,13,6,2,122,0,19,25,1,45,101,32,31,3,167,8,4,12,179
07/17/2022,KOA,HI,AWP,WE,Federal Contract Tower,110,6,8,0,124,0,17,17,0,34,110,23,25,0,158,12,0,12,170
07/18/2022,KOA,HI,AWP,WE,Federal Contract Tower,111,3,9,6,129,0,20,63,8,91,111,23,72,14,220,160,4,164,384
07/19/2022,KOA,HI,AWP,WE,Federal Contract Tower,101,3,11,2,117,0,27,45,10,82,101,30,56,12,199,60,12,72,271
07/20/2022,KOA,HI,AWP,WE,Federal Contract Tower,102,14,9,6,131,0,16,36,4,56,102,30,45,10,187,104,10,114,301
07/21/2022,KOA,HI,AWP,WE,Federal Contract Tower,114,8,6,5,133,0,36,42,2,80,114,44,48,7,213,76,2,78,291
07/22/2022,KOA,HI,AWP,WE,Federal Contract Tower,106,4,5,0,115,0,32,39,0,71,106,36,44,0,186,154,0,154,340
07/23/2022,KOA,HI,AWP,WE,Federal Contract Tower,100,10,14,1,125,0,27,29,15,71,100,37,43,16,196,28,8,36,232
07/24/2022,KOA,HI,AWP,WE,Federal Contract Tower,110,9,5,7,131,0,15,18,3,36,110,24,23,10,167,0,10,10,177
07/25/2022,KOA,HI,AWP,WE,Federal Contract Tower,106,3,5,6,120,0,18,34,2,54,106,21,39,8,174,178,0,178,352
07/26/2022,KOA,HI,AWP,WE,Federal Contract Tower,103,7,5,4,119,0,18,34,1,53,103,25,39,5,172,124,10,134,306
07/27/2022,KOA,HI,AWP,WE,Federal Contract Tower,103,8,6,2,119,0,24,36,2,62,103,32,42,4,181,84,0,84,265
07/28/2022,KOA,HI,AWP,WE,Federal Contract Tower,111,3,9,1,124,0,25,48,5,78,111,28,57,6,202,60,6,66,268
07/29/2022,KOA,HI,AWP,WE,Federal Contract Tower,108,4,5,2,119,0,21,46,7,74,108,25,51,9,193,53,1,54,247
07/30/2022,KOA,HI,AWP,WE,Federal Contract Tower,102,4,6,4,116,0,22,19,2,43,102,26,25,6,159,0,26,26,185
07/31/2022,KOA,HI,AWP,WE,Federal Contract Tower,108,2,6,0,116,0,18,21,6,45,108,20,27,6,161,8,0,8,169
08/01/2022,KOA,HI,AWP,WE,Federal Contract Tower,106,9,5,3,123,0,24,57,2,83,106,33,62,5,206,156,18,174,380
08/02/2022,KOA,HI,AWP,WE,Federal Contract Tower,100,1,6,9,116,0,22,50,2,74,100,23,56,11,190,114,24,138,328
08/03/2022,KOA,HI,AWP,WE,Federal Contract Tower,109,7,9,7,132,0,26,36,2,64,109,33,45,9,196,79,30,109,305
08/04/2022,KOA,HI,AWP,WE,Federal Contract Tower,113,5,10,21,149,0,20,57,2,79,113,25,67,23,228,56,8,64,292
08/05/2022,KOA,HI,AWP,WE,Federal Contract Tower,112,3,7,4,126,0,21,38,9,68,112,24,45,13,194,107,0,107,301
08/06/2022,KOA,HI,AWP,WE,Federal Contract Tower,99,5,11,1,116,0,25,50,2,77,99,30,61,3,193,10,4,14,207
08/07/2022,KOA,HI,AWP,WE,Federal Contract Tower,109,6,12,0,127,0,15,27,4,46,109,21,39,4,173,6,0,6,179
08/08/2022,KOA,HI,AWP,WE,Federal Contract Tower,105,11,10,12,138,0,20,43,1,64,105,31,53,13,202,192,0,192,394
08/09/2022,KOA,HI,AWP,WE,Federal Contract Tower,100,6,8,0,114,0,32,32,2,66,100,38,40,2,180,128,8,136,316
08/10/2022,KOA,HI,AWP,WE,Federal Contract Tower,98,6,10,2,116,0,23,50,1,74,98,29,60,3,190,37,8,45,235
08/11/2022,KOA,HI,AWP,WE,Federal Contract Tower,111,4,11,3,129,0,23,26,4,53,111,27,37,7,182,93,0,93,275
08/12/2022,KOA,HI,AWP,WE,Federal Contract Tower,105,4,17,12,138,1,18,42,4,65,106,22,59,16,203,76,4,80,283
08/13/2022,KOA,HI,AWP,WE,Federal Contract Tower,98,13,10,2,123,0,16,20,0,36,98,29,30,2,159,0,0,0,159
08/14/2022,KOA,HI,AWP,WE,Federal Contract Tower,108,6,6,0,120,0,15,12,0,27,108,21,18,0,147,6,0,6,153
08/15/2022,KOA,HI,AWP,WE,Federal Contract Tower,104,9,8,4,125,0,21,39,2,62,104,30,47,6,187,50,22,72,259
08/16/2022,KOA,HI,AWP,WE,Federal Contract Tower,96,15,5,9,125,0,19,45,3,67,96,34,50,12,192,58,0,58,250
08/17/2022,KOA,HI,AWP,WE,Federal Contract Tower,96,10,3,5,114,0,21,54,4,79,96,31,57,9,193,57,13,70,263
08/18/2022,KOA,HI,AWP,WE,Federal Contract Tower,109,6,3,5,123,0,22,41,2,65,109,28,44,7,188,112,0,112,300
08/19/2022,KOA,HI,AWP,WE,Federal Contract Tower,107,10,7,1,125,0,31,41,2,74,107,41,48,3,199,82,0,82,281
08/20/2022,KOA,HI,AWP,WE,Federal Contract Tower,95,4,8,0,107,0,26,24,0,50,95,30,32,0,157,4,0,4,161
08/21/2022,KOA,HI,AWP,WE,Federal Contract Tower,100,8,8,2,118,0,18,26,1,45,100,26,34,3,163,4,0,4,167
08/22/2022,KOA,HI,AWP,WE,Federal Contract Tower,98,10,8,0,116,0,16,42,1,59,98,26,50,1,175,168,0,168,343
08/23/2022,KOA,HI,AWP,WE,Federal Contract Tower,97,11,1,5,114,0,21,41,6,68,97,32,42,11,182,168,16,184,366
08/24/2022,KOA,HI,AWP,WE,Federal Contract Tower,99,4,8,1,112,0,28,56,1,85,99,32,64,2,197,97,0,97,294
08/25/2022,KOA,HI,AWP,WE,Federal Contract Tower,110,5,16,8,139,0,18,62,0,80,110,23,78,8,219,142,42,184,403
08/26/2022,KOA,HI,AWP,WE,Federal Contract Tower,102,7,15,7,131,0,26,64,2,92,102,33,79,9,223,77,29,106,329
08/27/2022,KOA,HI,AWP,WE,Federal Contract Tower,100,5,7,3,115,0,24,30,0,54,100,29,37,3,169,45,0,45,214
08/28/2022,KOA,HI,AWP,WE,Federal Contract Tower,101,10,10,0,121,0,20,38,0,58,101,30,48,0,179,18,0,18,197
08/29/2022,KOA,HI,AWP,WE,Federal Contract Tower,98,7,10,1,116,0,23,40,1,64,98,30,50,2,180,118,14,132,312
08/30/2022,KOA,HI,AWP,WE,Federal Contract Tower,96,12,11,0,119,0,26,58,0,84,96,38,69,0,203,194,0,194,397
08/31/2022,KOA,HI,AWP,WE,Federal Contract Tower,87,5,7,3,102,0,31,55,0,86,87,36,62,3,188,136,4,140,328
09/01/2022,KOA,HI,AWP,WE,Federal Contract Tower,107,5,11,3,126,0,36,40,13,89,107,41,51,16,215,114,0,114,329
09/02/2022,KOA,HI,AWP,WE,Federal Contract Tower,103,7,5,0,115,0,19,33,0,52,103,26,38,0,167,156,0,156,323
09/03/2022,KOA,HI,AWP,WE,Federal Contract Tower,98,6,9,0,113,0,18,24,0,42,98,24,33,0,155,28,0,28,183
09/04/2022,KOA,HI,AWP,WE,Federal Contract Tower,99,6,9,0,114,0,13,22,0,35,99,19,31,0,149,0,0,0,149
09/05/2022,KOA,HI,AWP,WE,Federal Contract Tower,101,13,4,0,118,0,16,36,0,52,101,29,40,0,170,112,0,112,282
09/06/2022,KOA,HI,AWP,WE,Federal Contract Tower,92,5,7,6,110,0,19,44,0,63,92,24,51,6,173,191,4,195,368
09/07/2022,KOA,HI,AWP,WE,Federal Contract Tower,83,11,8,0,102,0,17,37,1,55,83,28,45,1,157,108,8,116,273
09/08/2022,KOA,HI,AWP,WE,Federal Contract Tower,92,9,9,1,111,0,19,34,0,53,92,28,43,1,164,112,2,114,278
09/09/2022,KOA,HI,AWP,WE,Federal Contract Tower,100,8,8,4,120,0,11,35,0,46,100,19,43,4,166,95,8,103,269
09/10/2022,KOA,HI,AWP,WE,Federal Contract Tower,93,3,14,3,113,0,19,32,2,53,93,22,46,5,166,26,2,28,194
09/11/2022,KOA,HI,AWP,WE,Federal Contract Tower,88,2,10,1,101,0,17,15,0,32,88,19,25,1,133,4,0,4,137
09/12/2022,KOA,HI,AWP,WE,Federal Contract Tower,82,11,6,0,99,0,21,46,0,67,82,32,52,0,166,58,0,58,224
09/13/2022,KOA,HI,AWP,WE,Federal Contract Tower,95,8,7,22,132,0,14,31,1,46,95,22,38,23,178,49,6,55,233
09/14/2022,KOA,HI,AWP,WE,Federal Contract Tower,86,6,3,9,104,0,17,45,3,65,86,23,48,12,169,126,14,140,309
09/15/2022,KOA,HI,AWP,WE,Federal Contract Tower,94,4,9,0,107,0,15,50,0,65,94,19,59,0,172,137,0,137,309
09/16/2022,KOA,HI,AWP,WE,Federal Contract Tower,88,4,7,3,102,0,15,53,1,69,88,19,60,4,171,210,13,223,394
09/17/2022,KOA,HI,AWP,WE,Federal Contract Tower,90,7,3,0,100,0,25,26,0,51,90,32,29,0,151,62,0,62,213
09/18/2022,KOA,HI,AWP,WE,Federal Contract Tower,88,7,6,0,101,0,16,20,0,36,88,23,26,0,137,22,0,22,159
09/19/2022,KOA,HI,AWP,WE,Federal Contract Tower,87,10,2,13,112,0,15,28,3,46,87,25,30,16,158,79,42,121,279
09/20/2022,KOA,HI,AWP,WE,Federal Contract Tower,87,9,4,17,117,0,22,31,3,56,87,31,35,20,173,84,24,108,281
09/21/2022,KOA,HI,AWP,WE,Federal Contract Tower,89,5,6,5,105,0,24,52,2,78,89,29,58,7,183,155,0,155,338
09/22/2022,KOA,HI,AWP,WE,Federal Contract Tower,92,10,6,2,110,0,20,49,0,69,92,30,55,2,179,155,0,155,334
09/23/2022,KOA,HI,AWP,WE,Federal Contract Tower,89,6,12,14,121,0,17,51,0,68,89,23,63,14,189,110,0,110,299
09/24/2022,KOA,HI,AWP,WE,Federal Contract Tower,88,10,5,0,103,0,23,28,4,55,88,33,33,4,158,20,0,20,178
09/25/2022,KOA,HI,AWP,WE,Federal Contract Tower,90,5,8,0,103,0,20,12,0,32,90,25,20,0,135,6,0,6,141
09/26/2022,KOA,HI,AWP,WE,Federal Contract Tower,90,3,5,7,105,0,24,24,1,49,90,27,29,8,154,111,0,111,265
09/27/2022,KOA,HI,AWP,WE,Federal Contract Tower,85,3,9,9,106,0,18,41,2,61,85,21,50,11,167,124,28,152,319
09/28/2022,KOA,HI,AWP,WE,Federal Contract Tower,92,0,9,6,107,0,24,39,0,63,92,24,48,6,170,126,0,126,296
09/29/2022,KOA,HI,AWP,WE,Federal Contract Tower,91,7,6,10,114,0,18,43,5,66,91,25,49,15,180,168,33,201,381
09/30/2022,KOA,HI,AWP,WE,Federal Contract Tower,94,3,11,6,114,0,22,45,2,69,94,25,56,8,183,211,14,225,408
10/01/2022,KOA,HI,AWP,WE,Federal Contract Tower,92,3,7,0,102,0,34,32,0,66,92,37,39,0,168,6,0,6,174
10/02/2022,KOA,HI,AWP,WE,Federal Contract Tower,95,5,6,5,111,0,14,15,0,29,95,19,21,5,140,10,0,10,150
10/03/2022,KOA,HI,AWP,WE,Federal Contract Tower,86,7,4,0,97,0,14,29,4,47,86,21,33,4,144,130,16,146,290
10/04/2022,KOA,HI,AWP,WE,Federal Contract Tower,83,7,6,0,96,0,22,42,1,65,83,29,48,1,161,198,0,198,359
10/05/2022,KOA,HI,AWP,WE,Federal Contract Tower,88,5,4,19,116,0,12,48,8,68,88,17,52,27,184,148,28,176,360
10/06/2022,KOA,HI,AWP,WE,Federal Contract Tower,94,4,10,16,124,0,15,30,0,45,94,19,40,16,169,26,23,49,218
10/07/2022,KOA,HI,AWP,WE,Federal Contract Tower,93,11,6,0,110,0,42,44,0,86,93,53,50,0,196,76,0,76,272
10/08/2022,KOA,HI,AWP,WE,Federal Contract Tower,92,7,1,1,101,0,35,32,0,67,92,42,33,1,168,13,0,13,181
10/09/2022,KOA,HI,AWP,WE,Federal Contract Tower,102,6,8,0,116,0,24,22,0,46,102,30,30,0,162,18,0,18,180
10/10/2022,KOA,HI,AWP,WE,Federal Contract Tower,96,6,4,0,106,0,34,48,0,82,96,40,52,0,188,180,0,180,368
10/11/2022,KOA,HI,AWP,WE,Federal Contract Tower,87,10,4,7,108,0,34,39,3,76,87,44,43,10,184,172,0,172,356
10/12/2022,KOA,HI,AWP,WE,Federal Contract Tower,85,6,7,3,101,0,13,45,2,60,85,19,52,5,161,149,6,155,316
10/13/2022,KOA,HI,AWP,WE,Federal Contract Tower,90,2,11,4,107,0,13,35,0,48,90,15,46,4,155,119,28,147,302
10/14/2022,KOA,HI,AWP,WE,Federal Contract Tower,89,2,12,11,114,0,19,46,2,67,89,21,58,13,181,127,20,147,328
10/15/2022,KOA,HI,AWP,WE,Federal Contract Tower,92,5,3,0,100,0,19,26,0,45,92,24,29,0,145,50,0,50,195
10/17/2022,KOA,HI,AWP,WE,Federal Contract Tower,92,4,8,0,104,0,18,53,4,75,92,22,61,4,179,162,0,162,341
10/18/2022,KOA,HI,AWP,WE,Federal Contract Tower,79,7,8,1,95,0,23,62,7,92,79,30,70,8,187,116,46,162,349
10/19/2022,KOA,HI,AWP,WE,Federal Contract Tower,87,5,9,10,111,0,31,55,1,87,87,36,64,11,198,188,8,196,394
10/20/2022,KOA,HI,AWP,WE,Federal Contract Tower,96,5,7,4,112,0,17,59,2,78,96,22,66,6,190,219,27,246,436
10/21/2022,KOA,HI,AWP,WE,Federal Contract Tower,92,4,10,3,109,0,19,32,2,53,92,23,42,5,162,140,20,160,322
10/22/2022,KOA,HI,AWP,WE,Federal Contract Tower,92,11,5,0,108,0,17,19,0,36,92,28,24,0,144,31,0,31,175
10/23/2022,KOA,HI,AWP,WE,Federal Contract Tower,96,5,2,0,103,0,14,5,0,19,96,19,7,0,122,4,0,4,126
10/24/2022,KOA,HI,AWP,WE,Federal Contract Tower,91,5,4,6,106,0,22,44,0,66,91,27,48,6,172,156,0,156,328
10/25/2022,KOA,HI,AWP,WE,Federal Contract Tower,77,5,5,10,97,0,15,39,2,56,77,20,44,12,153,173,12,185,338
10/26/2022,KOA,HI,AWP,WE,Federal Contract Tower,93,6,6,2,107,0,17,32,0,49,93,23,38,2,156,178,0,178,334
10/27/2022,KOA,HI,AWP,WE,Federal Contract Tower,90,9,7,0,106,0,17,24,0,41,90,26,31,0,147,124,0,124,271
10/28/2022,KOA,HI,AWP,WE,Federal Contract Tower,91,14,8,6,119,0,21,27,1,49,91,35,35,7,168,104,0,104,272
10/29/2022,KOA,HI,AWP,WE,Federal Contract Tower,91,5,4,0,100,0,23,30,4,57,91,28,34,4,157,34,0,34,191
10/30/2022,KOA,HI,AWP,WE,Federal Contract Tower,90,2,4,0,96,0,14,14,0,28,90,16,18,0,124,9,0,9,133
10/31/2022,KOA,HI,AWP,WE,Federal Contract Tower,90,4,6,10,110,0,12,31,0,43,90,16,37,10,153,159,12,171,324
11/01/2022,KOA,HI,AWP,WE,Federal Contract Tower,81,6,12,19,118,0,26,39,1,66,81,32,51,20,184,154,10,164,348
11/02/2022,KOA,HI,AWP,WE,Federal Contract Tower,90,8,11,2,111,0,20,36,0,56,90,28,47,2,167,158,0,158,325
11/03/2022,KOA,HI,AWP,WE,Federal Contract Tower,95,7,8,4,114,1,27,49,2,79,96,34,57,6,193,126,0,126,319
11/04/2022,KOA,HI,AWP,WE,Federal Contract Tower,91,5,4,2,102,0,14,30,4,48,91,19,34,6,150,109,4,113,263
11/05/2022,KOA,HI,AWP,WE,Federal Contract Tower,90,5,5,0,100,0,24,21,2,47,90,29,26,2,147,16,0,16,163
11/06/2022,KOA,HI,AWP,WE,Federal Contract Tower,92,14,5,1,112,0,16,9,0,25,92,30,14,1,137,2,0,2,139
11/07/2022,KOA,HI,AWP,WE,Federal Contract Tower,87,8,6,7,108,0,15,38,3,56,87,23,44,10,164,130,10,140,304
11/08/2022,KOA,HI,AWP,WE,Federal Contract Tower,82,6,6,1,95,0,9,42,5,56,82,15,48,6,151,184,30,214,365
11/09/2022,KOA,HI,AWP,WE,Federal Contract Tower,84,5,8,12,109,0,15,27,2,44,84,20,35,14,153,192,20,212,365
11/10/2022,KOA,HI,AWP,WE,Federal Contract Tower,85,6,7,15,113,0,21,35,4,60,85,27,42,19,173,136,40,176,349
11/11/2022,KOA,HI,AWP,WE,Federal Contract Tower,88,3,2,1,94,0,19,26,12,57,88,22,28,13,151,53,0,53,204
11/12/2022,KOA,HI,AWP,WE,Federal Contract Tower,90,8,8,1,107,0,17,14,1,32,90,25,22,2,139,2,7,9,148
11/13/2022,KOA,HI,AWP,WE,Federal Contract Tower,88,6,12,0,106,0,17,24,4,45,88,23,36,4,151,6,6,12,163
11/14/2022,KOA,HI,AWP,WE,Federal Contract Tower,86,8,7,0,101,0,19,48,0,67,86,27,55,0,168,204,0,204,372
11/15/2022,KOA,HI,AWP,WE,Federal Contract Tower,80,3,8,9,100,0,21,36,3,60,80,24,44,12,160,222,6,228,388
11/16/2022,KOA,HI,AWP,WE,Federal Contract Tower,89,5,7,4,105,0,17,52,9,78,89,22,59,13,183,110,2,112,295
11/17/2022,KOA,HI,AWP,WE,Federal Contract Tower,91,4,6,0,101,0,18,52,0,70,91,22,58,0,171,182,0,182,353
11/18/2022,KOA,HI,AWP,WE,Federal Contract Tower,95,15,14,2,126,0,20,37,4,61,95,35,51,6,187,154,0,154,341
11/19/2022,KOA,HI,AWP,WE,Federal Contract Tower,100,13,20,0,133,0,21,18,0,39,100,34,38,0,172,14,3,17,189
11/20/2022,KOA,HI,AWP,WE,Federal Contract Tower,90,7,21,0,118,0,20,18,2,40,90,27,39,2,158,14,8,22,180
11/21/2022,KOA,HI,AWP,WE,Federal Contract Tower,96,4,9,0,109,0,14,37,2,53,96,18,46,2,162,226,0,226,388
11/22/2022,KOA,HI,AWP,WE,Federal Contract Tower,91,7,14,9,121,0,29,60,0,89,91,36,74,9,210,158,18,176,386
11/23/2022,KOA,HI,AWP,WE,Federal Contract Tower,90,6,9,0,105,0,53,39,0,92,90,59,48,0,197,142,0,142,339
11/24/2022,KOA,HI,AWP,WE,Federal Contract Tower,80,5,3,0,88,0,8,11,0,19,80,13,14,0,107,8,0,8,115
11/25/2022,KOA,HI,AWP,WE,Federal Contract Tower,88,8,17,0,113,0,22,17,0,39,88,30,34,0,152,38,0,38,190
11/26/2022,KOA,HI,AWP,WE,Federal Contract Tower,101,12,15,0,128,0,17,32,0,49,101,29,47,0,177,46,0,46,223
11/27/2022,KOA,HI,AWP,WE,Federal Contract Tower,94,22,23,0,139,0,14,31,0,45,94,36,54,0,184,30,0,30,214
11/28/2022,KOA,HI,AWP,WE,Federal Contract Tower,87,5,11,1,104,0,13,52,5,70,87,18,63,6,174,240,30,270,444
11/29/2022,KOA,HI,AWP,WE,Federal Contract Tower,84,6,9,2,101,0,15,53,3,71,84,21,62,5,172,124,0,124,296
11/30/2022,KOA,HI,AWP,WE,Federal Contract Tower,84,7,8,2,101,0,24,58,3,85,84,31,66,5,186,70,12,82,268
12/01/2022,KOA,HI,AWP,WE,Federal Contract Tower,86,4,6,0,96,0,26,32,4,62,86,30,38,4,158,28,18,46,204
12/02/2022,KOA,HI,AWP,WE,Federal Contract Tower,90,5,15,0,110,0,39,53,0,92,90,44,68,0,202,229,0,229,431
12/03/2022,KOA,HI,AWP,WE,Federal Contract Tower,90,5,13,1,109,0,43,51,0,94,90,48,64,1,203,70,0,70,273
12/05/2022,KOA,HI,AWP,WE,Federal Contract Tower,88,6,4,7,105,0,42,65,3,110,88,48,69,10,215,210,12,222,437
12/06/2022,KOA,HI,AWP,WE,Federal Contract Tower,84,9,6,7,106,0,18,44,0,62,84,27,50,7,168,264,0,264,432
12/07/2022,KOA,HI,AWP,WE,Federal Contract Tower,85,6,6,13,110,0,44,63,4,111,85,50,69,17,221,192,10,202,423
12/08/2022,KOA,HI,AWP,WE,Federal Contract Tower,87,7,6,22,122,0,75,51,1,127,87,82,57,23,249,126,46,172,421
12/09/2022,KOA,HI,AWP,WE,Federal Contract Tower,86,7,4,0,97,0,67,67,0,134,86,74,71,0,231,168,0,168,399
12/10/2022,KOA,HI,AWP,WE,Federal Contract Tower,91,3,8,2,104,0,64,30,2,96,91,67,38,4,200,40,0,40,240
12/11/2022,KOA,HI,AWP,WE,Federal Contract Tower,89,4,10,3,106,0,28,55,0,83,89,32,65,3,189,66,6,72,261
12/12/2022,KOA,HI,AWP,WE,Federal Contract Tower,89,8,15,1,113,0,23,45,6,74,89,31,60,7,187,240,32,272,459
12/13/2022,KOA,HI,AWP,WE,Federal Contract Tower,84,5,4,0,93,0,22,56,5,83,84,27,60,5,176,122,20,142,318
12/14/2022,KOA,HI,AWP,WE,Federal Contract Tower,86,3,12,1,102,0,24,65,0,89,86,27,77,1,191,144,0,144,335
12/15/2022,KOA,HI,AWP,WE,Federal Contract Tower,93,9,13,18,133,0,37,52,0,89,93,46,65,18,222,155,28,183,405
12/16/2022,KOA,HI,AWP,WE,Federal Contract Tower,93,7,7,0,107,0,20,43,0,63,93,27,50,0,170,160,0,160,330
12/17/2022,KOA,HI,AWP,WE,Federal Contract Tower,103,24,22,0,149,0,14,26,0,40,103,38,48,0,189,24,0,24,213
12/18/2022,KOA,HI,AWP,WE,Federal Contract Tower,99,15,10,0,124,0,15,12,0,27,99,30,22,0,151,8,0,8,159
12/19/2022,KOA,HI,AWP,WE,Federal Contract Tower,84,9,12,0,105,0,0,0,0,0,84,9,12,0,105,0,0,0,105
12/20/2022,KOA,HI,AWP,WE,Federal Contract Tower,84,12,18,2,116,0,9,12,0,21,84,21,30,2,137,14,2,16,153
12/21/2022,KOA,HI,AWP,WE,Federal Contract Tower,96,19,10,5,130,0,27,47,1,75,96,46,57,6,205,136,4,140,345
12/22/2022,KOA,HI,AWP,WE,Federal Contract Tower,107,13,24,4,148,0,38,47,3,88,107,51,71,7,236,83,20,103,339
12/23/2022,KOA,HI,AWP,WE,Federal Contract Tower,92,9,23,0,124,0,46,41,0,87,92,55,64,0,211,86,0,86,297
12/24/2022,KOA,HI,AWP,WE,Federal Contract Tower,89,7,21,4,121,0,31,44,0,75,89,38,65,4,196,38,0,38,234
12/25/2022,KOA,HI,AWP,WE,Federal Contract Tower,85,9,11,0,105,0,16,11,0,27,85,25,22,0,132,0,0,0,132
12/26/2022,KOA,HI,AWP,WE,Federal Contract Tower,88,6,34,2,130,0,39,51,0,90,88,45,85,2,220,126,0,126,346
12/27/2022,KOA,HI,AWP,WE,Federal Contract Tower,103,3,16,14,136,0,37,43,3,83,103,40,59,17,219,136,8,144,363
12/28/2022,KOA,HI,AWP,WE,Federal Contract Tower,100,14,15,17,146,0,25,50,0,75,100,39,65,17,221,119,9,128,349
12/29/2022,KOA,HI,AWP,WE,Federal Contract Tower,105,12,14,8,139,0,42,52,0,94,105,54,66,8,233,203,42,245,478
12/30/2022,KOA,HI,AWP,WE,Federal Contract Tower,102,6,10,0,118,0,48,40,0,88,102,54,50,0,206,96,0,96,302
12/31/2022,KOA,HI,AWP,WE,Federal Contract Tower,102,5,19,0,126,0,40,32,0,72,102,45,51,0,198,48,0,48,246
01/01/2023,KOA,HI,AWP,WE,Federal Contract Tower,101,10,30,4,145,0,17,14,0,31,101,27,44,4,176,0,0,0,176
01/02/2023,KOA,HI,AWP,WE,Federal Contract Tower,97,20,30,5,152,0,21,60,4,85,97,41,90,9,237,170,0,170,407
01/03/2023,KOA,HI,AWP,WE,Federal Contract Tower,98,12,26,1,137,0,19,55,2,76,98,31,81,3,213,275,12,287,500
01/04/2023,KOA,HI,AWP,WE,Federal Contract Tower,95,17,24,1,137,0,41,51,0,92,95,58,75,1,229,155,5,160,389
01/05/2023,KOA,HI,AWP,WE,Federal Contract Tower,105,5,18,2,130,0,23,31,5,59,105,28,49,7,189,141,24,165,354
01/06/2023,KOA,HI,AWP,WE,Federal Contract Tower,105,6,14,0,125,0,27,41,0,68,105,33,55,0,193,201,23,224,417
01/07/2023,KOA,HI,AWP,WE,Federal Contract Tower,93,8,10,0,111,0,40,32,2,74,93,48,42,2,185,79,6,85,270
01/08/2023,KOA,HI,AWP,WE,Federal Contract Tower,106,2,10,0,118,0,23,24,0,47,106,25,34,0,165,92,0,92,257
01/09/2023,KOA,HI,AWP,WE,Federal Contract Tower,101,7,8,5,121,0,26,64,1,91,101,33,72,6,212,138,0,138,350
01/10/2023,KOA,HI,AWP,WE,Federal Contract Tower,93,4,10,14,121,0,17,59,7,83,93,21,69,21,204,139,17,156,360
01/11/2023,KOA,HI,AWP,WE,Federal Contract Tower,96,10,4,8,118,0,15,46,11,72,96,25,50,19,190,140,8,148,338
01/12/2023,KOA,HI,AWP,WE,Federal Contract Tower,103,5,12,5,125,0,55,63,1,119,103,60,75,6,244,68,14,82,326
01/13/2023,KOA,HI,AWP,WE,Federal Contract Tower,98,15,8,4,125,0,32,53,0,85,98,47,61,4,210,144,2,146,356
01/14/2023,KOA,HI,AWP,WE,Federal Contract Tower,92,11,8,1,112,0,32,42,5,79,92,43,50,6,191,42,0,42,233
01/15/2023,KOA,HI,AWP,WE,Federal Contract Tower,91,13,9,1,114,0,23,29,5,57,91,36,38,6,171,30,0,30,201
01/16/2023,KOA,HI,AWP,WE,Federal Contract Tower,97,13,13,4,127,0,28,45,7,80,97,41,58,11,207,174,4,178,385
01/17/2023,KOA,HI,AWP,WE,Federal Contract Tower,93,9,4,10,116,0,22,75,4,101,93,31,79,14,217,220,2,222,439
01/18/2023,KOA,HI,AWP,WE,Federal Contract Tower,98,2,7,5,112,0,26,58,14,98,98,28,65,19,210,164,11,175,385
01/19/2023,KOA,HI,AWP,WE,Federal Contract Tower,100,11,7,3,121,0,34,44,0,78,100,45,51,3,199,129,14,143,342
01/20/2023,KOA,HI,AWP,WE,Federal Contract Tower,100,4,4,11,119,0,35,47,0,82,100,39,51,11,201,150,22,172,373
01/21/2023,KOA,HI,AWP,WE,Federal Contract Tower,95,5,6,4,110,0,44,31,0,75,95,49,37,4,185,72,0,72,257
01/22/2023,KOA,HI,AWP,WE,Federal Contract Tower,98,12,9,0,119,0,30,24,6,60,98,42,33,6,179,6,0,6,185
01/23/2023,KOA,HI,AWP,WE,Federal Contract Tower,95,8,3,2,108,0,23,57,14,94,95,31,60,16,202,256,0,256,458
01/24/2023,KOA,HI,AWP,WE,Federal Contract Tower,95,10,4,0,109,0,22,41,5,68,95,32,45,5,177,206,0,206,383
01/25/2023,KOA,HI,AWP,WE,Federal Contract Tower,99,10,11,1,121,0,22,50,0,72,99,32,61,1,193,136,0,136,329
01/26/2023,KOA,HI,AWP,WE,Federal Contract Tower,97,7,9,3,116,0,26,24,0,50,97,33,33,3,166,215,17,232,398
01/27/2023,KOA,HI,AWP,WE,Federal Contract Tower,99,16,10,2,127,0,26,38,0,64,99,42,48,2,191,144,0,144,335
01/28/2023,KOA,HI,AWP,WE,Federal Contract Tower,93,16,4,2,115,0,31,26,0,57,93,47,30,2,172,58,0,58,230
01/29/2023,KOA,HI,AWP,WE,Federal Contract Tower,97,11,3,0,111,0,20,13,0,33,97,31,16,0,144,2,0,2,146
01/30/2023,KOA,HI,AWP,WE,Federal Contract Tower,95,11,6,6,118,0,18,36,2,56,95,29,42,8,174,168,8,176,350
01/31/2023,KOA,HI,AWP,WE,Federal Contract Tower,96,16,7,1,120,0,17,45,5,67,96,33,52,6,187,210,0,210,397
02/01/2023,KOA,HI,AWP,WE,Federal Contract Tower,95,9,6,2,112,0,17,76,4,97,95,26,82,6,209,194,0,194,403
02/02/2023,KOA,HI,AWP,WE,Federal Contract Tower,103,4,6,6,119,0,30,53,11,94,103,34,59,17,213,93,12,105,318
02/03/2023,KOA,HI,AWP,WE,Federal Contract Tower,100,8,5,4,117,0,30,32,0,62,100,38,37,4,179,136,10,146,325
02/04/2023,KOA,HI,AWP,WE,Federal Contract Tower,90,6,8,0,104,0,27,37,0,64,90,33,45,0,168,66,0,66,234
02/05/2023,KOA,HI,AWP,WE,Federal Contract Tower,101,6,7,0,114,0,18,28,0,46,101,24,35,0,160,2,0,2,162
02/06/2023,KOA,HI,AWP,WE,Federal Contract Tower,99,10,6,13,128,0,39,47,0,86,99,49,53,13,214,198,0,198,412
02/07/2023,KOA,HI,AWP,WE,Federal Contract Tower,92,1,7,12,112,0,20,56,1,77,92,21,63,13,189,201,5,206,395
02/08/2023,KOA,HI,AWP,WE,Federal Contract Tower,102,5,8,0,115,0,18,46,0,64,102,23,54,0,179,222,0,222,401
02/09/2023,KOA,HI,AWP,WE,Federal Contract Tower,99,10,7,23,139,0,22,30,0,52,99,32,37,23,191,231,55,286,477
02/10/2023,KOA,HI,AWP,WE,Federal Contract Tower,98,13,10,0,121,0,19,30,0,49,98,32,40,0,170,189,0,189,359
02/11/2023,KOA,HI,AWP,WE,Federal Contract Tower,94,11,14,8,127,0,16,24,0,40,94,27,38,8,167,114,0,114,281
02/12/2023,KOA,HI,AWP,WE,Federal Contract Tower,97,6,4,1,108,0,19,29,2,50,97,25,33,3,158,22,0,22,180
02/13/2023,KOA,HI,AWP,WE,Federal Contract Tower,96,14,10,5,125,0,31,58,0,89,96,45,68,5,214,172,2,174,388
02/14/2023,KOA,HI,AWP,WE,Federal Contract Tower,88,4,7,8,107,0,8,65,2,75,88,12,72,10,182,125,11,136,318
02/15/2023,KOA,HI,AWP,WE,Federal Contract Tower,99,4,12,7,122,0,18,51,0,69,99,22,63,7,191,214,15,229,420
02/16/2023,KOA,HI,AWP,WE,Federal Contract Tower,101,8,6,3,118,0,26,51,0,77,101,34,57,3,195,155,7,162,357
02/17/2023,KOA,HI,AWP,WE,Federal Contract Tower,102,19,8,0,129,0,0,14,0,14,102,19,22,0,143,59,0,59,202
02/18/2023,KOA,HI,AWP,WE,Federal Contract Tower,97,16,7,0,120,0,14,9,0,23,97,30,16,0,143,0,0,0,143
02/19/2023,KOA,HI,AWP,WE,Federal Contract Tower,100,6,9,0,115,0,24,29,0,53,100,30,38,0,168,36,0,36,204
02/20/2023,KOA,HI,AWP,WE,Federal Contract Tower,91,9,9,4,113,0,24,37,0,61,91,33,46,4,174,120,0,120,294
02/21/2023,KOA,HI,AWP,WE,Federal Contract Tower,97,7,3,5,112,0,28,30,0,58,97,35,33,5,170,163,34,197,367
02/22/2023,KOA,HI,AWP,WE,Federal Contract Tower,103,5,4,20,132,0,22,51,0,73,103,27,55,20,205,176,7,183,388
02/23/2023,KOA,HI,AWP,WE,Federal Contract Tower,97,6,8,13,124,0,29,38,1,68,97,35,46,14,192,190,1,191,383
02/24/2023,KOA,HI,AWP,WE,Federal Contract Tower,96,4,11,5,116,0,31,39,2,72,96,35,50,7,188,171,2,173,361
02/25/2023,KOA,HI,AWP,WE,Federal Contract Tower,96,7,16,0,119,0,24,17,2,43,96,31,33,2,162,20,4,24,186
02/26/2023,KOA,HI,AWP,WE,Federal Contract Tower,97,8,13,0,118,0,16,24,0,40,97,24,37,0,158,58,0,58,216
02/27/2023,KOA,HI,AWP,WE,Federal Contract Tower,98,2,10,10,120,0,12,57,0,69,98,14,67,10,189,260,6,266,455
02/28/2023,KOA,HI,AWP,WE,Federal Contract Tower,94,4,8,0,106,0,17,47,0,64,94,21,55,0,170,188,0,188,358
03/01/2023,KOA,HI,AWP,WE,Federal Contract Tower,99,7,5,13,124,0,15,55,3,73,99,22,60,16,197,312,18,330,527
03/02/2023,KOA,HI,AWP,WE,Federal Contract Tower,100,2,5,25,132,0,12,23,0,35,100,14,28,25,167,200,9,209,376
03/03/2023,KOA,HI,AWP,WE,Federal Contract Tower,99,9,8,4,120,0,19,48,2,69,99,28,56,6,189,191,2,193,382
03/04/2023,KOA,HI,AWP,WE,Federal Contract Tower,95,10,5,2,112,0,29,53,0,82,95,39,58,2,194,58,0,58,252
03/05/2023,KOA,HI,AWP,WE,Federal Contract Tower,100,7,7,1,115,0,23,22,1,46,100,30,29,2,161,38,0,38,199
03/06/2023,KOA,HI,AWP,WE,Federal Contract Tower,97,10,8,0,115,0,14,54,0,68,97,24,62,0,183,208,0,208,391
03/07/2023,KOA,HI,AWP,WE,Federal Contract Tower,96,11,5,15,127,0,27,35,0,62,96,38,40,15,189,172,8,180,369
03/08/2023,KOA,HI,AWP,WE,Federal Contract Tower,103,11,9,0,123,0,8,8,0,16,103,19,17,0,139,58,0,58,197
03/09/2023,KOA,HI,AWP,WE,Federal Contract Tower,102,5,10,3,120,0,19,30,1,50,102,24,40,4,170,105,2,107,277
03/10/2023,KOA,HI,AWP,WE,Federal Contract Tower,102,3,9,0,114,0,31,75,0,106,102,34,84,0,220,132,0,132,352
03/11/2023,KOA,HI,AWP,WE,Federal Contract Tower,97,11,10,0,118,0,29,31,0,60,97,40,41,0,178,24,0,24,202
03/12/2023,KOA,HI,AWP,WE,Federal Contract Tower,102,7,6,2,117,0,16,10,0,26,102,23,16,2,143,44,10,54,197
03/13/2023,KOA,HI,AWP,WE,Federal Contract Tower,98,6,2,13,119,0,39,47,5,91,98,45,49,18,210,182,6,188,398
03/14/2023,KOA,HI,AWP,WE,Federal Contract Tower,96,8,7,2,113,0,31,45,3,79,96,39,52,5,192,170,7,177,369
03/15/2023,KOA,HI,AWP,WE,Federal Contract Tower,96,9,6,1,112,0,30,59,0,89,96,39,65,1,201,274,0,274,475
03/16/2023,KOA,HI,AWP,WE,Federal Contract Tower,103,11,15,5,134,0,13,48,2,63,103,24,63,7,197,171,2,173,370
03/17/2023,KOA,HI,AWP,WE,Federal Contract Tower,102,9,10,0,121,0,14,41,0,55,102,23,51,0,176,84,0,84,260
03/18/2023,KOA,HI,AWP,WE,Federal Contract Tower,103,8,7,2,120,1,27,34,0,62,104,35,41,2,182,82,0,82,264
03/19/2023,KOA,HI,AWP,WE,Federal Contract Tower,98,12,9,0,119,0,14,16,0,30,98,26,25,0,149,14,0,14,163
03/20/2023,KOA,HI,AWP,WE,Federal Contract Tower,99,10,9,0,118,0,37,52,0,89,99,47,61,0,207,192,0,192,399
03/21/2023,KOA,HI,AWP,WE,Federal Contract Tower,97,6,7,6,116,0,16,36,2,54,97,22,43,8,170,94,34,128,298
03/22/2023,KOA,HI,AWP,WE,Federal Contract Tower,100,9,19,2,130,0,8,57,0,65,100,17,76,2,195,220,0,220,415
03/23/2023,KOA,HI,AWP,WE,Federal Contract Tower,110,10,10,6,136,1,20,24,6,51,111,30,34,12,187,173,6,179,366
03/24/2023,KOA,HI,AWP,WE,Federal Contract Tower,105,3,17,12,137,0,29,42,0,71,105,32,59,12,208,195,20,215,423
03/25/2023,KOA,HI,AWP,WE,Federal Contract Tower,107,11,8,2,128,0,44,40,0,84,107,55,48,2,212,52,0,52,264
03/26/2023,KOA,HI,AWP,WE,Federal Contract Tower,108,4,15,0,127,0,22,8,0,30,108,26,23,0,157,10,0,10,167
03/27/2023,KOA,HI,AWP,WE,Federal Contract Tower,103,11,9,17,140,0,16,52,2,70,103,27,61,19,210,206,8,214,424
03/28/2023,KOA,HI,AWP,WE,Federal Contract Tower,98,9,3,9,119,0,27,35,2,64,98,36,38,11,183,114,12,126,309
03/29/2023,KOA,HI,AWP,WE,Federal Contract Tower,105,3,1,2,111,1,16,38,2,57,106,19,39,4,168,178,25,203,371
03/30/2023,KOA,HI,AWP,WE,Federal Contract Tower,99,8,12,12,131,0,25,49,0,74,99,33,61,12,205,124,10,134,339
03/31/2023,KOA,HI,AWP,WE,Federal Contract Tower,101,10,11,5,127,0,25,38,0,63,101,35,49,5,190,84,4,88,278
04/01/2023,KOA,HI,AWP,WE,Federal Contract Tower,111,9,26,1,147,0,20,28,0,48,111,29,54,1,195,63,8,71,266
04/02/2023,KOA,HI,AWP,WE,Federal Contract Tower,96,14,14,0,124,0,8,11,2,21,96,22,25,2,145,22,0,22,167
04/03/2023,KOA,HI,AWP,WE,Federal Contract Tower,100,5,10,4,119,0,9,47,0,56,100,14,57,4,175,203,0,203,378
04/04/2023,KOA,HI,AWP,WE,Federal Contract Tower,100,4,7,16,127,0,21,56,7,84,100,25,63,23,211,137,10,147,358
04/05/2023,KOA,HI,AWP,WE,Federal Contract Tower,102,2,8,3,115,0,27,54,1,82,102,29,62,4,197,124,14,138,335
04/06/2023,KOA,HI,AWP,WE,Federal Contract Tower,96,8,13,7,124,0,17,39,1,57,96,25,52,8,181,160,18,178,359
04/07/2023,KOA,HI,AWP,WE,Federal Contract Tower,98,10,18,0,126,0,24,69,0,93,98,34,87,0,219,189,0,189,408
04/08/2023,KOA,HI,AWP,WE,Federal Contract Tower,115,10,18,0,143,0,14,32,0,46,115,24,50,0,189,57,0,57,246
04/09/2023,KOA,HI,AWP,WE,Federal Contract Tower,102,6,10,0,118,1,12,26,0,39,103,18,36,0,157,10,0,10,167
04/10/2023,KOA,HI,AWP,WE,Federal Contract Tower,101,6,9,6,122,0,13,31,1,45,101,19,40,7,167,144,2,146,313
04/11/2023,KOA,HI,AWP,WE,Federal Contract Tower,94,12,10,8,124,0,17,47,1,65,94,29,57,9,189,200,17,217,406
04/12/2023,KOA,HI,AWP,WE,Federal Contract Tower,95,9,17,8,129,0,24,47,2,73,95,33,64,10,202,168,28,196,398
04/13/2023,KOA,HI,AWP,WE,Federal Contract Tower,100,1,7,4,112,1,20,39,1,61,101,21,46,5,173,227,25,252,425
04/14/2023,KOA,HI,AWP,WE,Federal Contract Tower,100,4,9,5,118,0,20,48,3,71,100,24,57,8,189,192,22,214,403
04/15/2023,KOA,HI,AWP,WE,Federal Contract Tower,103,7,15,5,130,0,12,21,1,34,103,19,36,6,164,32,33,65,229
04/16/2023,KOA,HI,AWP,WE,Federal Contract Tower,93,5,6,4,108,0,22,24,1,47,93,27,30,5,155,40,2,42,197
04/17/2023,KOA,HI,AWP,WE,Federal Contract Tower,103,5,9,10,127,0,20,56,1,77,103,25,65,11,204,182,34,216,420
04/18/2023,KOA,HI,AWP,WE,Federal Contract Tower,91,8,11,2,112,0,24,36,0,60,91,32,47,2,172,102,12,114,286
04/19/2023,KOA,HI,AWP,WE,Federal Contract Tower,91,5,6,8,110,0,8,4,0,12,91,13,10,8,122,0,0,0,122
04/20/2023,KOA,HI,AWP,WE,Federal Contract Tower,108,9,15,2,134,0,17,41,0,58,108,26,56,2,192,101,16,117,309
04/21/2023,KOA,HI,AWP,WE,Federal Contract Tower,96,9,8,0,113,0,27,33,2,62,96,36,41,2,175,66,0,66,241
04/22/2023,KOA,HI,AWP,WE,Federal Contract Tower,100,6,13,0,119,0,23,20,0,43,100,29,33,0,162,105,0,105,267
04/23/2023,KOA,HI,AWP,WE,Federal Contract Tower,99,7,18,0,124,0,17,7,0,24,99,24,25,0,148,0,0,0,148
04/24/2023,KOA,HI,AWP,WE,Federal Contract Tower,96,2,15,0,113,0,17,62,0,79,96,19,77,0,192,218,0,218,410
04/25/2023,KOA,HI,AWP,WE,Federal Contract Tower,96,3,8,3,110,0,25,46,1,72,96,28,54,4,182,201,15,216,398
04/26/2023,KOA,HI,AWP,WE,Federal Contract Tower,93,6,5,2,106,0,12,35,0,47,93,18,40,2,153,133,0,133,286
04/27/2023,KOA,HI,AWP,WE,Federal Contract Tower,105,10,10,4,129,0,25,41,0,66,105,35,51,4,195,104,24,128,323
04/28/2023,KOA,HI,AWP,WE,Federal Contract Tower,99,4,9,1,113,0,26,28,2,56,99,30,37,3,169,148,0,148,317
04/29/2023,KOA,HI,AWP,WE,Federal Contract Tower,100,10,4,0,114,0,15,7,0,22,100,25,11,0,136,14,6,20,156
04/30/2023,KOA,HI,AWP,WE,Federal Contract Tower,101,5,8,0,114,0,19,12,0,31,101,24,20,0,145,54,0,54,199
05/01/2023,KOA,HI,AWP,WE,Federal Contract Tower,95,8,10,2,115,0,21,48,0,69,95,29,58,2,184,174,40,214,398
05/02/2023,KOA,HI,AWP,WE,Federal Contract Tower,94,2,12,2,110,0,23,62,0,85,94,25,74,2,195,166,0,166,361
05/03/2023,KOA,HI,AWP,WE,Federal Contract Tower,98,3,1,5,107,0,16,41,0,57,98,19,42,5,164,154,20,174,338
05/04/2023,KOA,HI,AWP,WE,Federal Contract Tower,98,3,5,1,107,0,11,40,2,53,98,14,45,3,160,130,5,135,295
05/05/2023,KOA,HI,AWP,WE,Federal Contract Tower,98,9,12,1,120,0,17,29,2,48,98,26,41,3,168,110,4,114,282
05/06/2023,KOA,HI,AWP,WE,Federal Contract Tower,97,6,4,2,109,0,19,14,4,37,97,25,18,6,146,44,0,44,190
05/07/2023,KOA,HI,AWP,WE,Federal Contract Tower,100,7,5,2,114,0,18,30,0,48,100,25,35,2,162,24,0,24,186
05/08/2023,KOA,HI,AWP,WE,Federal Contract Tower,104,4,4,2,114,0,18,38,0,56,104,22,42,2,170,126,0,126,296
05/09/2023,KOA,HI,AWP,WE,Federal Contract Tower,94,2,10,7,113,0,28,42,0,70,94,30,52,7,183,177,2,179,362
05/10/2023,KOA,HI,AWP,WE,Federal Contract Tower,98,1,5,11,115,0,13,46,3,62,98,14,51,14,177,155,36,191,368
05/11/2023,KOA,HI,AWP,WE,Federal Contract Tower,102,6,4,0,112,0,17,39,0,56,102,23,43,0,168,54,0,54,222
05/12/2023,KOA,HI,AWP,WE,Federal Contract Tower,89,3,2,0,94,0,15,45,0,60,89,18,47,0,154,40,0,40,194
05/13/2023,KOA,HI,AWP,WE,Federal Contract Tower,96,1,2,0,99,0,23,23,0,46,96,24,25,0,145,32,0,32,177
05/14/2023,KOA,HI,AWP,WE,Federal Contract Tower,98,7,8,1,114,0,23,5,1,29,98,30,13,2,143,0,0,0,143
05/15/2023,KOA,HI,AWP,WE,Federal Contract Tower,98,5,5,7,115,0,22,43,1,66,98,27,48,8,181,164,28,192,373
05/16/2023,KOA,HI,AWP,WE,Federal Contract Tower,97,5,7,5,114,0,26,46,0,72,97,31,53,5,186,89,0,89,275
05/17/2023,KOA,HI,AWP,WE,Federal Contract Tower,100,3,7,3,113,0,15,46,0,61,100,18,53,3,174,111,12,123,297
05/18/2023,KOA,HI,AWP,WE,Federal Contract Tower,98,6,3,7,114,0,12,48,0,60,98,18,51,7,174,160,22,182,356
05/19/2023,KOA,HI,AWP,WE,Federal Contract Tower,98,14,6,1,119,0,25,26,0,51,98,39,32,1,170,22,17,39,209
05/20/2023,KOA,HI,AWP,WE,Federal Contract Tower,97,1,15,0,113,0,28,22,0,50,97,29,37,0,163,30,0,30,193
05/21/2023,KOA,HI,AWP,WE,Federal Contract Tower,98,6,5,0,109,0,17,13,0,30,98,23,18,0,139,60,0,60,199
05/22/2023,KOA,HI,AWP,WE,Federal Contract Tower,99,5,6,4,114,0,19,49,0,68,99,24,55,4,182,134,0,134,316
05/23/2023,KOA,HI,AWP,WE,Federal Contract Tower,92,4,4,9,109,0,29,48,1,78,92,33,52,10,187,164,8,172,359
05/24/2023,KOA,HI,AWP,WE,Federal Contract Tower,95,8,6,9,118,0,19,47,0,66,95,27,53,9,184,202,1,203,387
05/25/2023,KOA,HI,AWP,WE,Federal Contract Tower,100,5,4,9,118,0,17,11,0,28,100,22,15,9,146,151,0,151,297
05/26/2023,KOA,HI,AWP,WE,Federal Contract Tower,100,4,8,0,112,0,14,43,0,57,100,18,51,0,169,210,0,210,379
05/27/2023,KOA,HI,AWP,WE,Federal Contract Tower,101,12,4,0,117,0,17,33,0,50,101,29,37,0,167,54,0,54,221
05/28/2023,KOA,HI,AWP,WE,Federal Contract Tower,93,4,5,0,102,0,21,26,0,47,93,25,31,0,149,28,0,28,177
05/29/2023,KOA,HI,AWP,WE,Federal Contract Tower,102,5,5,0,112,0,12,43,0,55,102,17,48,0,167,176,0,176,343
05/30/2023,KOA,HI,AWP,WE,Federal Contract Tower,92,11,4,1,108,0,12,47,3,62,92,23,51,4,170,248,0,248,418
05/31/2023,KOA,HI,AWP,WE,Federal Contract Tower,92,1,6,20,119,0,15,49,0,64,92,16,55,20,183,153,6,159,342
06/01/2023,KOA,HI,AWP,WE,Federal Contract Tower,103,4,12,1,120,0,17,34,0,51,103,21,46,1,171,148,0,148,319
06/02/2023,KOA,HI,AWP,WE,Federal Contract Tower,103,4,4,6,117,0,10,40,0,50,103,14,44,6,167,230,2,232,399
06/03/2023,KOA,HI,AWP,WE,Federal Contract Tower,100,3,5,0,108,0,21,30,0,51,100,24,35,0,159,92,0,92,251
06/04/2023,KOA,HI,AWP,WE,Federal Contract Tower,106,3,5,0,114,0,10,12,0,22,106,13,17,0,136,46,0,46,182
06/05/2023,KOA,HI,AWP,WE,Federal Contract Tower,104,2,8,8,122,0,12,37,0,49,104,14,45,8,171,143,0,143,314
06/06/2023,KOA,HI,AWP,WE,Federal Contract Tower,100,1,9,27,137,0,27,31,2,60,100,28,40,29,197,73,17,90,287
06/07/2023,KOA,HI,AWP,WE,Federal Contract Tower,102,7,2,8,119,0,31,41,0,72,102,38,43,8,191,89,0,89,280
06/08/2023,KOA,HI,AWP,WE,Federal Contract Tower,103,2,3,15,123,0,23,34,4,61,103,25,37,19,184,155,46,201,385
06/09/2023,KOA,HI,AWP,WE,Federal Contract Tower,104,5,5,11,125,0,19,41,1,61,104,24,46,12,186,134,4,138,324
06/10/2023,KOA,HI,AWP,WE,Federal Contract Tower,103,3,5,0,111,0,24,25,0,49,103,27,30,0,160,24,0,24,184
06/11/2023,KOA,HI,AWP,WE,Federal Contract Tower,105,4,3,0,112,0,24,22,0,46,105,28,25,0,158,82,0,82,240
06/12/2023,KOA,HI,AWP,WE,Federal Contract Tower,105,1,11,2,119,0,23,29,0,52,105,24,40,2,171,115,1,116,287
06/13/2023,KOA,HI,AWP,WE,Federal Contract Tower,102,0,9,3,114,0,18,67,0,85,102,18,76,3,199,118,10,128,327
06/14/2023,KOA,HI,AWP,WE,Federal Contract Tower,104,6,5,10,125,0,21,50,0,71,104,27,55,10,196,206,0,206,402
06/15/2023,KOA,HI,AWP,WE,Federal Contract Tower,107,4,5,1,117,0,29,52,0,81,107,33,57,1,198,76,2,78,276
06/16/2023,KOA,HI,AWP,WE,Federal Contract Tower,104,3,5,1,113,0,26,60,0,86,104,29,65,1,199,189,0,189,388
06/17/2023,KOA,HI,AWP,WE,Federal Contract Tower,105,9,3,1,118,0,35,33,0,68,105,44,36,1,186,94,0,94,280
06/18/2023,KOA,HI,AWP,WE,Federal Contract Tower,103,7,3,0,113,0,23,13,0,36,103,30,16,0,149,26,0,26,175
06/19/2023,KOA,HI,AWP,WE,Federal Contract Tower,106,7,5,0,118,0,24,58,0,82,106,31,63,0,200,198,0,198,398
06/20/2023,KOA,HI,AWP,WE,Federal Contract Tower,101,3,1,1,106,0,15,57,0,72,101,18,58,1,178,142,2,144,322
06/21/2023,KOA,HI,AWP,WE,Federal Contract Tower,100,0,5,23,128,0,26,46,0,72,100,26,51,23,200,213,18,231,431
06/22/2023,KOA,HI,AWP,WE,Federal Contract Tower,106,2,2,28,138,0,17,44,0,61,106,19,46,28,199,152,2,154,353
06/23/2023,KOA,HI,AWP,WE,Federal Contract Tower,105,4,4,17,130,0,27,52,0,79,105,31,56,17,209,161,0,161,370
06/24/2023,KOA,HI,AWP,WE,Federal Contract Tower,99,4,7,0,110,0,26,21,0,47,99,30,28,0,157,89,6,95,252
06/25/2023,KOA,HI,AWP,WE,Federal Contract Tower,104,2,6,4,116,0,17,26,0,43,104,19,32,4,159,66,6,72,231
06/26/2023,KOA,HI,AWP,WE,Federal Contract Tower,102,4,7,3,116,0,18,30,0,48,102,22,37,3,164,144,0,144,308
06/27/2023,KOA,HI,AWP,WE,Federal Contract Tower,101,1,7,24,133,0,28,42,4,74,101,29,49,28,207,157,50,207,414
06/28/2023,KOA,HI,AWP,WE,Federal Contract Tower,97,1,5,9,112,0,24,54,4,82,97,25,59,13,194,117,0,117,311
06/29/2023,KOA,HI,AWP,WE,Federal Contract Tower,113,7,8,8,136,0,15,41,6,62,113,22,49,14,198,210,0,210,408
06/30/2023,KOA,HI,AWP,WE,Federal Contract Tower,99,15,7,2,123,0,17,61,6,84,99,32,68,8,207,116,0,116,323
07/01/2023,KOA,HI,AWP,WE,Federal Contract Tower,107,9,8,0,124,0,31,17,0,48,107,40,25,0,172,39,0,39,211
07/02/2023,KOA,HI,AWP,WE,Federal Contract Tower,102,7,5,0,114,0,20,18,0,38,102,27,23,0,152,54,0,54,206
07/03/2023,KOA,HI,AWP,WE,Federal Contract Tower,105,2,7,0,114,0,24,23,0,47,105,26,30,0,161,138,0,138,299
07/04/2023,KOA,HI,AWP,WE,Federal Contract Tower,96,3,8,0,107,0,34,48,0,82,96,37,56,0,189,219,0,219,408
07/05/2023,KOA,HI,AWP,WE,Federal Contract Tower,98,3,5,10,116,0,29,46,2,77,98,32,51,12,193,172,12,184,377
07/06/2023,KOA,HI,AWP,WE,Federal Contract Tower,109,5,11,0,125,0,23,38,8,69,109,28,49,8,194,62,2,64,258
07/07/2023,KOA,HI,AWP,WE,Federal Contract Tower,105,8,9,4,126,0,24,38,0,62,105,32,47,4,188,154,8,162,350
07/08/2023,KOA,HI,AWP,WE,Federal Contract Tower,103,4,8,0,115,0,36,22,2,60,103,40,30,2,175,90,0,90,265
07/09/2023,KOA,HI,AWP,WE,Federal Contract Tower,105,2,4,0,111,0,17,21,0,38,105,19,25,0,149,56,0,56,205
07/10/2023,KOA,HI,AWP,WE,Federal Contract Tower,102,6,9,4,121,0,13,40,10,63,102,19,49,14,184,36,0,36,220
07/11/2023,KOA,HI,AWP,WE,Federal Contract Tower,100,5,11,14,130,0,17,33,0,50,100,22,44,14,180,83,22,105,285
07/12/2023,KOA,HI,AWP,WE,Federal Contract Tower,100,3,5,0,108,0,17,59,0,76,100,20,64,0,184,135,0,135,319
07/13/2023,KOA,HI,AWP,WE,Federal Contract Tower,104,5,8,5,122,0,21,45,1,67,104,26,53,6,189,259,11,270,459
07/14/2023,KOA,HI,AWP,WE,Federal Contract Tower,104,6,4,1,115,0,25,24,0,49,104,31,28,1,164,126,8,134,298
07/15/2023,KOA,HI,AWP,WE,Federal Contract Tower,103,3,5,1,112,0,24,31,8,63,103,27,36,9,175,48,20,68,243
07/16/2023,KOA,HI,AWP,WE,Federal Contract Tower,108,0,3,1,112,0,23,6,2,31,108,23,9,3,143,44,10,54,197
07/18/2023,KOA,HI,AWP,WE,Federal Contract Tower,102,3,4,3,112,0,15,17,2,34,102,18,21,5,146,94,10,104,250
07/19/2023,KOA,HI,AWP,WE,Federal Contract Tower,100,4,3,5,112,0,11,31,0,42,100,15,34,5,154,116,6,122,276
07/20/2023,KOA,HI,AWP,WE,Federal Contract Tower,109,12,9,2,132,0,25,28,11,64,109,37,37,13,196,138,0,138,334
07/21/2023,KOA,HI,AWP,WE,Federal Contract Tower,103,9,3,2,117,0,26,34,1,61,103,35,37,3,178,74,0,74,252
07/22/2023,KOA,HI,AWP,WE,Federal Contract Tower,105,5,3,1,114,0,23,20,8,51,105,28,23,9,165,37,0,37,202
07/23/2023,KOA,HI,AWP,WE,Federal Contract Tower,106,3,5,2,116,0,34,18,0,52,106,37,23,2,168,56,0,56,224
07/24/2023,KOA,HI,AWP,WE,Federal Contract Tower,104,6,4,0,114,0,26,34,0,60,104,32,38,0,174,118,0,118,292
07/25/2023,KOA,HI,AWP,WE,Federal Contract Tower,101,8,6,7,122,0,36,29,2,67,101,44,35,9,189,80,2,82,271
07/26/2023,KOA,HI,AWP,WE,Federal Contract Tower,97,1,4,7,109,0,39,43,0,82,97,40,47,7,191,170,10,180,371
07/27/2023,KOA,HI,AWP,WE,Federal Contract Tower,111,0,4,2,117,0,30,42,0,72,111,30,46,2,189,119,8,127,316
07/28/2023,KOA,HI,AWP,WE,Federal Contract Tower,105,5,10,10,130,0,27,37,2,66,105,32,47,12,196,86,0,86,282
07/29/2023,KOA,HI,AWP,WE,Federal Contract Tower,104,5,6,0,115,0,25,26,4,55,104,30,32,4,170,32,0,32,202
07/30/2023,KOA,HI,AWP,WE,Federal Contract Tower,103,3,4,5,115,0,30,10,5,45,103,33,14,10,160,24,0,24,184
07/31/2023,KOA,HI,AWP,WE,Federal Contract Tower,105,11,6,4,126,0,12,24,8,44,105,23,30,12,170,24,2,26,196
08/01/2023,KOA,HI,AWP,WE,Federal Contract Tower,100,7,9,4,120,0,25,25,0,50,100,32,34,4,170,110,6,116,286
08/02/2023,KOA,HI,AWP,WE,Federal Contract Tower,100,1,4,8,113,0,15,33,0,48,100,16,37,8,161,155,0,155,316
08/03/2023,KOA,HI,AWP,WE,Federal Contract Tower,112,4,4,7,127,0,28,33,0,61,112,32,37,7,188,101,11,112,300
08/04/2023,KOA,HI,AWP,WE,Federal Contract Tower,104,4,13,3,124,0,28,43,0,71,104,32,56,3,195,141,4,145,340
08/05/2023,KOA,HI,AWP,WE,Federal Contract Tower,105,5,6,0,116,0,33,22,0,55,105,38,28,0,171,11,0,11,182
08/06/2023,KOA,HI,AWP,WE,Federal Contract Tower,105,7,11,0,123,0,28,16,2,46,105,35,27,2,169,24,0,24,193
08/07/2023,KOA,HI,AWP,WE,Federal Contract Tower,102,7,4,7,120,0,29,27,3,59,102,36,31,10,179,124,8,132,311
08/08/2023,KOA,HI,AWP,WE,Federal Contract Tower,99,5,3,6,113,0,24,35,1,60,99,29,38,7,173,242,16,258,431
08/09/2023,KOA,HI,AWP,WE,Federal Contract Tower,101,6,7,1,115,0,22,39,10,71,101,28,46,11,186,204,0,204,390
08/10/2023,KOA,HI,AWP,WE,Federal Contract Tower,106,4,15,9,134,0,21,33,6,60,106,25,48,15,194,101,42,143,337
08/11/2023,KOA,HI,AWP,WE,Federal Contract Tower,103,2,12,4,121,0,24,57,11,92,103,26,69,15,213,124,10,134,347
08/12/2023,KOA,HI,AWP,WE,Federal Contract Tower,105,2,14,0,121,0,26,59,0,85,105,28,73,0,206,33,0,33,239
08/14/2023,KOA,HI,AWP,WE,Federal Contract Tower,97,7,9,7,120,0,26,72,0,98,97,33,81,7,218,128,2,130,348
08/15/2023,KOA,HI,AWP,WE,Federal Contract Tower,101,2,18,17,138,0,29,55,4,88,101,31,73,21,226,121,10,131,357
08/16/2023,KOA,HI,AWP,WE,Federal Contract Tower,101,6,6,0,113,0,33,45,0,78,101,39,51,0,191,118,0,118,309
08/17/2023,KOA,HI,AWP,WE,Federal Contract Tower,111,7,7,2,127,0,24,52,3,79,111,31,59,5,206,187,16,203,409
08/18/2023,KOA,HI,AWP,WE,Federal Contract Tower,104,12,5,0,121,0,16,64,0,80,104,28,69,0,201,125,0,125,326
08/19/2023,KOA,HI,AWP,WE,Federal Contract Tower,102,11,10,0,123,0,32,35,0,67,102,43,45,0,190,78,0,78,268
08/20/2023,KOA,HI,AWP,WE,Federal Contract Tower,98,6,5,6,115,0,17,15,2,34,98,23,20,8,149,18,0,18,167
08/21/2023,KOA,HI,AWP,WE,Federal Contract Tower,105,7,12,0,124,0,10,58,0,68,105,17,70,0,192,142,0,142,334
08/22/2023,KOA,HI,AWP,WE,Federal Contract Tower,100,9,13,4,126,0,26,63,2,91,100,35,76,6,217,105,28,133,350
08/23/2023,KOA,HI,AWP,WE,Federal Contract Tower,102,4,9,4,119,0,19,56,0,75,102,23,65,4,194,114,0,114,308
08/24/2023,KOA,HI,AWP,WE,Federal Contract Tower,101,3,6,4,114,0,25,43,0,68,101,28,49,4,182,176,20,196,378
08/25/2023,KOA,HI,AWP,WE,Federal Contract Tower,105,5,6,0,116,0,13,51,0,64,105,18,57,0,180,149,0,149,329
08/26/2023,KOA,HI,AWP,WE,Federal Contract Tower,102,5,9,0,116,0,19,33,0,52,102,24,42,0,168,69,0,69,237
08/27/2023,KOA,HI,AWP,WE,Federal Contract Tower,97,5,9,0,111,0,11,24,0,35,97,16,33,0,146,0,0,0,146
08/28/2023,KOA,HI,AWP,WE,Federal Contract Tower,101,5,6,17,129,0,44,54,0,98,101,49,60,17,227,140,14,154,381
08/29/2023,KOA,HI,AWP,WE,Federal Contract Tower,96,5,9,24,134,0,25,45,2,72,96,30,54,26,206,88,26,114,320
08/30/2023,KOA,HI,AWP,WE,Federal Contract Tower,99,5,12,12,128,0,8,48,3,59,99,13,60,15,187,199,18,217,404
08/31/2023,KOA,HI,AWP,WE,Federal Contract Tower,108,3,9,9,129,0,23,37,1,61,108,26,46,10,190,212,0,212,402
01/01/2020,KOA,HI,AWP,WE,Federal Contract Tower,98,12,13,0,123,0,29,27,5,61,98,41,40,5,184,94,0,94,278
01/02/2020,KOA,HI,AWP,WE,Federal Contract Tower,103,17,23,3,146,0,64,56,0,120,103,81,79,3,266,154,16,170,436
01/03/2020,KOA,HI,AWP,WE,Federal Contract Tower,105,19,27,10,161,0,41,43,5,89,105,60,70,15,250,158,40,198,448
01/04/2020,KOA,HI,AWP,WE,Federal Contract Tower,103,20,24,2,149,0,65,37,0,102,103,85,61,2,251,40,0,40,291
01/05/2020,KOA,HI,AWP,WE,Federal Contract Tower,102,22,9,0,133,0,44,25,0,69,102,66,34,0,202,80,0,80,282
01/06/2020,KOA,HI,AWP,WE,Federal Contract Tower,95,11,6,18,130,0,47,50,1,98,95,58,56,19,228,170,22,192,420
01/07/2020,KOA,HI,AWP,WE,Federal Contract Tower,86,20,7,13,126,0,34,28,5,67,86,54,35,18,193,86,12,98,291
01/08/2020,KOA,HI,AWP,WE,Federal Contract Tower,87,14,10,8,119,0,25,42,0,67,87,39,52,8,186,278,32,310,496
01/09/2020,KOA,HI,AWP,WE,Federal Contract Tower,89,21,8,17,135,0,34,32,6,72,89,55,40,23,207,194,48,242,449
01/10/2020,KOA,HI,AWP,WE,Federal Contract Tower,97,12,10,1,120,0,48,44,7,99,97,60,54,8,219,120,10,130,349
01/11/2020,KOA,HI,AWP,WE,Federal Contract Tower,92,24,10,0,126,0,46,40,0,86,92,70,50,0,212,58,0,58,270
01/12/2020,KOA,HI,AWP,WE,Federal Contract Tower,88,23,5,0,116,0,19,0,0,19,88,42,5,0,135,0,0,0,135
01/13/2020,KOA,HI,AWP,WE,Federal Contract Tower,84,12,6,16,118,0,41,53,7,101,84,53,59,23,219,240,0,240,459
01/14/2020,KOA,HI,AWP,WE,Federal Contract Tower,80,11,8,11,110,0,44,47,3,94,80,55,55,14,204,202,18,220,424
01/15/2020,KOA,HI,AWP,WE,Federal Contract Tower,80,8,7,6,101,0,49,55,5,109,80,57,62,11,210,198,22,220,430
01/16/2020,KOA,HI,AWP,WE,Federal Contract Tower,90,23,8,1,122,0,45,44,3,92,90,68,52,4,214,278,26,304,518
01/17/2020,KOA,HI,AWP,WE,Federal Contract Tower,92,26,13,5,136,0,41,35,1,77,92,67,48,6,213,190,14,204,417
01/18/2020,KOA,HI,AWP,WE,Federal Contract Tower,90,15,12,2,119,0,51,27,0,78,90,66,39,2,197,68,0,68,265
01/19/2020,KOA,HI,AWP,WE,Federal Contract Tower,96,10,10,0,116,0,48,26,0,74,96,58,36,0,190,18,0,18,208
01/20/2020,KOA,HI,AWP,WE,Federal Contract Tower,91,10,10,0,111,0,44,59,2,105,91,54,69,2,216,238,0,238,454
01/21/2020,KOA,HI,AWP,WE,Federal Contract Tower,81,17,9,1,108,0,35,51,17,103,81,52,60,18,211,204,8,212,423
01/22/2020,KOA,HI,AWP,WE,Federal Contract Tower,90,11,11,8,120,0,34,53,7,94,90,45,64,15,214,150,2,152,366
01/23/2020,KOA,HI,AWP,WE,Federal Contract Tower,91,13,10,13,127,0,44,51,5,100,91,57,61,18,227,150,44,194,421
01/24/2020,KOA,HI,AWP,WE,Federal Contract Tower,98,16,14,12,140,0,58,52,2,112,98,74,66,14,252,172,22,194,446
01/25/2020,KOA,HI,AWP,WE,Federal Contract Tower,98,6,8,0,112,0,49,42,0,91,98,55,50,0,203,60,0,60,263
01/26/2020,KOA,HI,AWP,WE,Federal Contract Tower,90,12,4,0,106,0,41,26,0,67,90,53,30,0,173,28,0,28,201
01/27/2020,KOA,HI,AWP,WE,Federal Contract Tower,82,11,8,6,107,0,51,45,2,98,82,62,53,8,205,192,0,192,397
01/28/2020,KOA,HI,AWP,WE,Federal Contract Tower,80,11,12,18,121,0,32,37,3,72,80,43,49,21,193,100,28,128,321
01/29/2020,KOA,HI,AWP,WE,Federal Contract Tower,89,5,11,8,113,0,37,40,4,81,89,42,51,12,194,174,0,174,368
01/30/2020,KOA,HI,AWP,WE,Federal Contract Tower,93,7,6,8,114,0,29,51,4,84,93,36,57,12,198,248,12,260,458
01/31/2020,KOA,HI,AWP,WE,Federal Contract Tower,96,12,7,9,124,0,34,32,1,67,96,46,39,10,191,140,10,150,341
02/01/2020,KOA,HI,AWP,WE,Federal Contract Tower,96,12,5,0,113,0,43,25,0,68,96,55,30,0,181,38,0,38,219
02/02/2020,KOA,HI,AWP,WE,Federal Contract Tower,95,7,5,1,108,0,37,18,1,56,95,44,23,2,164,34,0,34,198
02/03/2020,KOA,HI,AWP,WE,Federal Contract Tower,91,14,5,5,115,0,39,55,1,95,91,53,60,6,210,200,8,208,418
02/04/2020,KOA,HI,AWP,WE,Federal Contract Tower,80,8,13,7,108,0,38,31,1,70,80,46,44,8,178,206,0,206,384
02/05/2020,KOA,HI,AWP,WE,Federal Contract Tower,87,10,16,8,121,0,32,55,2,89,87,42,71,10,210,170,4,174,384
02/06/2020,KOA,HI,AWP,WE,Federal Contract Tower,94,23,5,5,127,0,7,18,2,27,94,30,23,7,154,166,22,188,342
02/07/2020,KOA,HI,AWP,WE,Federal Contract Tower,95,11,13,0,119,0,45,49,2,96,95,56,62,2,215,238,0,238,453
02/08/2020,KOA,HI,AWP,WE,Federal Contract Tower,99,7,5,1,112,0,30,39,1,70,99,37,44,2,182,116,0,116,298
02/09/2020,KOA,HI,AWP,WE,Federal Contract Tower,92,11,7,0,110,0,25,34,0,59,92,36,41,0,169,110,0,110,279
02/10/2020,KOA,HI,AWP,WE,Federal Contract Tower,90,21,6,4,121,0,22,24,0,46,90,43,30,4,167,122,0,122,289
02/11/2020,KOA,HI,AWP,WE,Federal Contract Tower,81,5,11,9,106,0,47,63,3,113,81,52,74,12,219,136,36,172,391
02/12/2020,KOA,HI,AWP,WE,Federal Contract Tower,91,8,10,4,113,0,39,52,3,94,91,47,62,7,207,200,14,214,421
02/13/2020,KOA,HI,AWP,WE,Federal Contract Tower,93,15,6,15,129,0,63,57,27,147,93,78,63,42,276,194,42,236,512
02/14/2020,KOA,HI,AWP,WE,Federal Contract Tower,101,7,12,0,120,0,47,28,3,78,101,54,40,3,198,134,0,134,332
02/15/2020,KOA,HI,AWP,WE,Federal Contract Tower,100,18,8,0,126,0,45,27,4,76,100,63,35,4,202,40,0,40,242
02/16/2020,KOA,HI,AWP,WE,Federal Contract Tower,91,13,18,0,122,0,43,25,2,70,91,56,43,2,192,48,0,48,240
02/17/2020,KOA,HI,AWP,WE,Federal Contract Tower,91,6,11,0,108,0,40,66,0,106,91,46,77,0,214,220,0,220,434
02/18/2020,KOA,HI,AWP,WE,Federal Contract Tower,91,12,10,19,132,0,46,46,5,97,91,58,56,24,229,212,16,228,457
02/19/2020,KOA,HI,AWP,WE,Federal Contract Tower,94,10,12,17,133,0,34,53,2,89,94,44,65,19,222,228,0,228,450
02/20/2020,KOA,HI,AWP,WE,Federal Contract Tower,95,13,1,10,119,0,32,63,0,95,95,45,64,10,214,344,14,358,572
02/21/2020,KOA,HI,AWP,WE,Federal Contract Tower,100,10,15,7,132,0,37,49,1,87,100,47,64,8,219,208,0,208,427
02/22/2020,KOA,HI,AWP,WE,Federal Contract Tower,98,13,10,0,121,0,47,60,4,111,98,60,70,4,232,96,0,96,328
02/23/2020,KOA,HI,AWP,WE,Federal Contract Tower,91,15,16,0,122,0,37,16,0,53,91,52,32,0,175,12,0,12,187
02/24/2020,KOA,HI,AWP,WE,Federal Contract Tower,89,13,11,4,117,0,38,57,3,98,89,51,68,7,215,264,0,264,479
02/25/2020,KOA,HI,AWP,WE,Federal Contract Tower,86,7,15,11,119,0,46,48,1,95,86,53,63,12,214,270,2,272,486
02/26/2020,KOA,HI,AWP,WE,Federal Contract Tower,88,9,6,11,114,0,39,47,3,89,88,48,53,14,203,212,4,216,419
02/27/2020,KOA,HI,AWP,WE,Federal Contract Tower,99,12,13,5,129,0,46,51,3,100,99,58,64,8,229,148,18,166,395
02/28/2020,KOA,HI,AWP,WE,Federal Contract Tower,98,10,8,8,124,0,33,42,13,88,98,43,50,21,212,228,16,244,456
02/29/2020,KOA,HI,AWP,WE,Federal Contract Tower,96,14,10,2,122,0,40,21,4,65,96,54,31,6,187,72,0,72,259
03/01/2020,KOA,HI,AWP,WE,Federal Contract Tower,96,11,6,0,113,0,38,24,0,62,96,49,30,0,175,94,0,94,269
03/02/2020,KOA,HI,AWP,WE,Federal Contract Tower,92,12,11,1,116,0,49,68,6,123,92,61,79,7,239,236,0,236,475
03/03/2020,KOA,HI,AWP,WE,Federal Contract Tower,89,6,11,6,112,0,27,65,2,94,89,33,76,8,206,348,24,372,578
03/04/2020,KOA,HI,AWP,WE,Federal Contract Tower,90,10,9,3,112,0,21,59,0,80,90,31,68,3,192,290,14,304,496
03/05/2020,KOA,HI,AWP,WE,Federal Contract Tower,92,6,11,13,122,0,39,59,7,105,92,45,70,20,227,252,36,288,515
03/06/2020,KOA,HI,AWP,WE,Federal Contract Tower,104,11,8,2,125,0,37,37,6,80,104,48,45,8,205,224,0,224,429
03/07/2020,KOA,HI,AWP,WE,Federal Contract Tower,103,18,9,0,130,0,20,16,3,39,103,38,25,3,169,154,26,180,349
03/08/2020,KOA,HI,AWP,WE,Federal Contract Tower,104,6,6,0,116,0,25,25,2,52,104,31,31,2,168,130,0,130,298
03/09/2020,KOA,HI,AWP,WE,Federal Contract Tower,100,7,11,14,132,0,36,49,4,89,100,43,60,18,221,210,18,228,449
03/10/2020,KOA,HI,AWP,WE,Federal Contract Tower,93,8,3,0,104,0,21,36,8,65,93,29,39,8,169,166,0,166,335
03/11/2020,KOA,HI,AWP,WE,Federal Contract Tower,101,7,7,10,125,0,25,45,3,73,101,32,52,13,198,198,32,230,428
03/12/2020,KOA,HI,AWP,WE,Federal Contract Tower,98,8,8,10,124,0,35,49,0,84,98,43,57,10,208,196,36,232,440
03/13/2020,KOA,HI,AWP,WE,Federal Contract Tower,106,19,6,1,132,0,22,26,3,51,106,41,32,4,183,176,0,176,359
03/14/2020,KOA,HI,AWP,WE,Federal Contract Tower,105,18,10,0,133,0,21,9,2,32,105,39,19,2,165,64,0,64,229
03/15/2020,KOA,HI,AWP,WE,Federal Contract Tower,102,9,7,0,118,0,26,16,0,42,102,35,23,0,160,50,0,50,210
03/16/2020,KOA,HI,AWP,WE,Federal Contract Tower,100,14,16,1,131,0,32,71,4,107,100,46,87,5,238,320,0,320,558
03/17/2020,KOA,HI,AWP,WE,Federal Contract Tower,108,18,16,0,142,0,25,53,0,78,108,43,69,0,220,172,0,172,392
03/18/2020,KOA,HI,AWP,WE,Federal Contract Tower,104,21,8,2,135,0,30,52,3,85,104,51,60,5,220,176,18,194,414
03/19/2020,KOA,HI,AWP,WE,Federal Contract Tower,98,13,10,14,135,0,26,39,2,67,98,39,49,16,202,156,0,156,358
03/20/2020,KOA,HI,AWP,WE,Federal Contract Tower,108,11,14,26,159,0,27,40,6,73,108,38,54,32,232,232,10,242,474
03/21/2020,KOA,HI,AWP,WE,Federal Contract Tower,97,12,7,0,116,0,26,30,0,56,97,38,37,0,172,64,0,64,236
03/22/2020,KOA,HI,AWP,WE,Federal Contract Tower,95,5,7,0,107,0,16,20,0,36,95,21,27,0,143,64,0,64,207
03/23/2020,KOA,HI,AWP,WE,Federal Contract Tower,98,8,4,17,127,0,26,42,3,71,98,34,46,20,198,300,12,312,510
03/24/2020,KOA,HI,AWP,WE,Federal Contract Tower,79,3,4,15,101,0,16,26,0,42,79,19,30,15,143,236,0,236,379
03/25/2020,KOA,HI,AWP,WE,Federal Contract Tower,74,8,9,5,96,0,13,38,0,51,74,21,47,5,147,294,8,302,449
03/26/2020,KOA,HI,AWP,WE,Federal Contract Tower,65,11,6,6,88,0,8,21,0,29,65,19,27,6,117,154,14,168,285
03/27/2020,KOA,HI,AWP,WE,Federal Contract Tower,51,7,4,6,68,0,19,30,0,49,51,26,34,6,117,142,0,142,259
03/28/2020,KOA,HI,AWP,WE,Federal Contract Tower,30,3,4,0,37,0,11,22,0,33,30,14,26,0,70,130,0,130,200
03/29/2020,KOA,HI,AWP,WE,Federal Contract Tower,39,2,3,4,48,0,4,10,0,14,39,6,13,4,62,18,0,18,80
03/30/2020,KOA,HI,AWP,WE,Federal Contract Tower,41,3,4,0,48,0,10,26,0,36,41,13,30,0,84,202,0,202,286
03/31/2020,KOA,HI,AWP,WE,Federal Contract Tower,46,3,0,4,53,0,11,34,0,45,46,14,34,4,98,226,0,226,324
04/01/2020,KOA,HI,AWP,WE,Federal Contract Tower,30,3,1,2,36,0,12,32,0,44,30,15,33,2,80,148,20,168,248
04/03/2020,KOA,HI,AWP,WE,Federal Contract Tower,30,1,4,10,45,0,8,28,0,36,30,9,32,10,81,142,0,142,223
04/04/2020,KOA,HI,AWP,WE,Federal Contract Tower,19,4,1,0,24,0,15,13,0,28,19,19,14,0,52,82,0,82,134
04/05/2020,KOA,HI,AWP,WE,Federal Contract Tower,19,5,2,2,28,0,2,12,0,14,19,7,14,2,42,60,0,60,102
04/06/2020,KOA,HI,AWP,WE,Federal Contract Tower,17,6,7,2,32,0,6,28,0,34,17,12,35,2,66,166,0,166,232
04/07/2020,KOA,HI,AWP,WE,Federal Contract Tower,20,2,3,8,33,0,11,21,0,32,20,13,24,8,65,66,26,92,157
04/08/2020,KOA,HI,AWP,WE,Federal Contract Tower,19,1,6,1,27,0,6,34,1,41,19,7,40,2,68,180,12,192,260
04/09/2020,KOA,HI,AWP,WE,Federal Contract Tower,19,5,5,0,29,0,11,30,0,41,19,16,35,0,70,98,0,98,168
04/10/2020,KOA,HI,AWP,WE,Federal Contract Tower,17,2,5,0,24,0,12,28,0,40,17,14,33,0,64,102,0,102,166
04/11/2020,KOA,HI,AWP,WE,Federal Contract Tower,14,8,5,0,27,0,11,16,0,27,14,19,21,0,54,74,0,74,128
04/12/2020,KOA,HI,AWP,WE,Federal Contract Tower,13,1,0,0,14,0,2,6,0,8,13,3,6,0,22,46,0,46,68
04/13/2020,KOA,HI,AWP,WE,Federal Contract Tower,14,4,1,1,20,0,5,33,0,38,14,9,34,1,58,150,0,150,208
04/14/2020,KOA,HI,AWP,WE,Federal Contract Tower,19,4,7,17,47,0,9,22,1,32,19,13,29,18,79,218,34,252,331
04/15/2020,KOA,HI,AWP,WE,Federal Contract Tower,18,2,1,0,21,0,4,23,5,32,18,6,24,5,53,120,8,128,181
04/16/2020,KOA,HI,AWP,WE,Federal Contract Tower,18,3,4,2,27,0,11,32,0,43,18,14,36,2,70,154,6,160,230
04/17/2020,KOA,HI,AWP,WE,Federal Contract Tower,19,4,8,0,31,0,4,29,3,36,19,8,37,3,67,250,0,250,317
04/18/2020,KOA,HI,AWP,WE,Federal Contract Tower,12,1,2,0,15,0,19,15,0,34,12,20,17,0,49,26,0,26,75
04/19/2020,KOA,HI,AWP,WE,Federal Contract Tower,17,1,3,0,21,0,3,11,0,14,17,4,14,0,35,12,0,12,47
04/20/2020,KOA,HI,AWP,WE,Federal Contract Tower,18,1,5,0,24,0,7,23,0,30,18,8,28,0,54,70,0,70,124
04/21/2020,KOA,HI,AWP,WE,Federal Contract Tower,18,2,1,9,30,0,4,33,0,37,18,6,34,9,67,208,32,240,307
04/22/2020,KOA,HI,AWP,WE,Federal Contract Tower,16,9,4,0,29,0,7,39,0,46,16,16,43,0,75,176,0,176,251
04/23/2020,KOA,HI,AWP,WE,Federal Contract Tower,19,1,4,23,47,0,7,21,2,30,19,8,25,25,77,183,36,219,296
04/24/2020,KOA,HI,AWP,WE,Federal Contract Tower,18,3,6,3,30,0,8,34,4,46,18,11,40,7,76,190,16,206,282
04/25/2020,KOA,HI,AWP,WE,Federal Contract Tower,16,1,5,0,22,0,15,11,2,28,16,16,16,2,50,28,0,28,78
04/26/2020,KOA,HI,AWP,WE,Federal Contract Tower,17,2,0,0,19,0,4,5,0,9,17,6,5,0,28,0,0,0,28
04/27/2020,KOA,HI,AWP,WE,Federal Contract Tower,19,2,2,8,31,0,7,24,0,31,19,9,26,8,62,116,0,116,178
04/28/2020,KOA,HI,AWP,WE,Federal Contract Tower,18,2,5,9,34,0,4,30,1,35,18,6,35,10,69,188,12,200,269
04/29/2020,KOA,HI,AWP,WE,Federal Contract Tower,18,7,3,6,34,0,6,30,0,36,18,13,33,6,70,130,0,130,200
04/30/2020,KOA,HI,AWP,WE,Federal Contract Tower,18,2,7,1,28,0,7,30,0,37,18,9,37,1,65,154,12,166,231
05/01/2020,KOA,HI,AWP,WE,Federal Contract Tower,19,6,4,4,33,0,4,26,0,30,19,10,30,4,63,126,20,146,209
05/02/2020,KOA,HI,AWP,WE,Federal Contract Tower,14,3,2,0,19,0,9,4,2,15,14,12,6,2,34,0,0,0,34
05/03/2020,KOA,HI,AWP,WE,Federal Contract Tower,20,2,2,0,24,0,5,11,0,16,20,7,13,0,40,18,0,18,58
05/04/2020,KOA,HI,AWP,WE,Federal Contract Tower,23,8,4,6,41,0,10,15,0,25,23,18,19,6,66,150,0,150,216
05/05/2020,KOA,HI,AWP,WE,Federal Contract Tower,20,4,7,26,57,0,5,20,3,28,20,9,27,29,85,172,20,192,277
05/06/2020,KOA,HI,AWP,WE,Federal Contract Tower,20,0,6,5,31,0,5,29,2,36,20,5,35,7,67,180,52,232,299
05/07/2020,KOA,HI,AWP,WE,Federal Contract Tower,21,3,4,1,29,0,8,28,1,37,21,11,32,2,66,86,28,114,180
05/08/2020,KOA,HI,AWP,WE,Federal Contract Tower,20,2,6,0,28,0,11,21,0,32,20,13,27,0,60,134,0,134,194
05/09/2020,KOA,HI,AWP,WE,Federal Contract Tower,18,4,1,0,23,0,9,8,0,17,18,13,9,0,40,6,0,6,46
05/10/2020,KOA,HI,AWP,WE,Federal Contract Tower,20,1,1,0,22,0,11,12,0,23,20,12,13,0,45,32,0,32,77
05/11/2020,KOA,HI,AWP,WE,Federal Contract Tower,21,2,4,2,29,0,8,24,0,32,21,10,28,2,61,138,10,148,209
05/12/2020,KOA,HI,AWP,WE,Federal Contract Tower,20,5,2,12,39,0,4,32,5,41,20,9,34,17,80,154,28,182,262
05/13/2020,KOA,HI,AWP,WE,Federal Contract Tower,20,3,4,5,32,0,6,43,1,50,20,9,47,6,82,193,20,213,295
05/14/2020,KOA,HI,AWP,WE,Federal Contract Tower,20,3,4,3,30,0,9,28,5,42,20,12,32,8,72,94,8,102,174
05/15/2020,KOA,HI,AWP,WE,Federal Contract Tower,21,7,6,23,57,0,5,30,0,35,21,12,36,23,92,120,0,120,212
05/16/2020,KOA,HI,AWP,WE,Federal Contract Tower,19,6,0,0,25,0,8,12,0,20,19,14,12,0,45,56,0,56,101
05/17/2020,KOA,HI,AWP,WE,Federal Contract Tower,20,4,1,0,25,0,10,12,0,22,20,14,13,0,47,8,0,8,55
05/18/2020,KOA,HI,AWP,WE,Federal Contract Tower,21,5,5,4,35,0,8,21,0,29,21,13,26,4,64,148,26,174,238
05/19/2020,KOA,HI,AWP,WE,Federal Contract Tower,20,4,5,25,54,0,12,18,4,34,20,16,23,29,88,122,24,146,234
05/20/2020,KOA,HI,AWP,WE,Federal Contract Tower,19,5,5,3,32,0,11,30,4,45,19,16,35,7,77,142,8,150,227
05/21/2020,KOA,HI,AWP,WE,Federal Contract Tower,22,6,4,17,49,0,7,6,9,22,22,13,10,26,71,84,28,112,183
05/22/2020,KOA,HI,AWP,WE,Federal Contract Tower,23,5,8,5,41,0,10,24,0,34,23,15,32,5,75,184,0,184,259
05/23/2020,KOA,HI,AWP,WE,Federal Contract Tower,18,10,5,0,33,0,8,17,0,25,18,18,22,0,58,28,0,28,86
05/24/2020,KOA,HI,AWP,WE,Federal Contract Tower,21,3,6,0,30,0,8,12,0,20,21,11,18,0,50,46,0,46,96
05/25/2020,KOA,HI,AWP,WE,Federal Contract Tower,17,9,3,0,29,0,6,24,1,31,17,15,27,1,60,102,2,104,164
05/26/2020,KOA,HI,AWP,WE,Federal Contract Tower,24,10,2,6,42,0,10,31,2,43,24,20,33,8,85,146,10,156,241
05/27/2020,KOA,HI,AWP,WE,Federal Contract Tower,19,3,6,4,32,0,5,37,3,45,19,8,43,7,77,134,2,136,213
05/28/2020,KOA,HI,AWP,WE,Federal Contract Tower,20,4,2,16,42,0,6,36,4,46,20,10,38,20,88,150,12,162,250
05/29/2020,KOA,HI,AWP,WE,Federal Contract Tower,23,2,7,4,36,0,7,40,0,47,23,9,47,4,83,192,0,192,275
05/30/2020,KOA,HI,AWP,WE,Federal Contract Tower,18,6,3,0,27,0,11,10,0,21,18,17,13,0,48,16,0,16,64
05/31/2020,KOA,HI,AWP,WE,Federal Contract Tower,21,2,7,0,30,0,6,10,0,16,21,8,17,0,46,8,0,8,54
06/01/2020,KOA,HI,AWP,WE,Federal Contract Tower,26,1,10,0,37,0,11,42,0,53,26,12,52,0,90,260,0,260,350
06/02/2020,KOA,HI,AWP,WE,Federal Contract Tower,26,5,5,4,40,0,7,40,1,48,26,12,45,5,88,106,10,116,204
06/03/2020,KOA,HI,AWP,WE,Federal Contract Tower,21,4,1,4,30,0,4,40,1,45,21,8,41,5,75,274,12,286,361
06/04/2020,KOA,HI,AWP,WE,Federal Contract Tower,26,5,7,1,39,0,9,20,1,30,26,14,27,2,69,148,14,162,231
06/05/2020,KOA,HI,AWP,WE,Federal Contract Tower,26,0,6,6,38,0,9,49,0,58,26,9,55,6,96,234,0,234,330
06/06/2020,KOA,HI,AWP,WE,Federal Contract Tower,19,5,1,0,25,0,11,8,0,19,19,16,9,0,44,30,0,30,74
06/07/2020,KOA,HI,AWP,WE,Federal Contract Tower,25,2,3,0,30,0,5,8,0,13,25,7,11,0,43,24,0,24,67
06/08/2020,KOA,HI,AWP,WE,Federal Contract Tower,26,7,7,6,46,0,11,41,0,52,26,18,48,6,98,214,0,214,312
06/09/2020,KOA,HI,AWP,WE,Federal Contract Tower,32,0,4,37,73,0,10,24,9,43,32,10,28,46,116,74,50,124,240
06/10/2020,KOA,HI,AWP,WE,Federal Contract Tower,24,2,6,7,39,0,9,38,11,58,24,11,44,18,97,196,20,216,313
06/11/2020,KOA,HI,AWP,WE,Federal Contract Tower,25,1,3,22,51,0,8,18,10,36,25,9,21,32,87,150,25,175,262
06/12/2020,KOA,HI,AWP,WE,Federal Contract Tower,27,5,4,7,43,0,10,39,2,51,27,15,43,9,94,114,0,114,208
06/13/2020,KOA,HI,AWP,WE,Federal Contract Tower,21,8,6,0,35,0,13,8,4,25,21,21,14,4,60,8,0,8,68
06/14/2020,KOA,HI,AWP,WE,Federal Contract Tower,25,3,6,3,37,0,5,6,2,13,25,8,12,5,50,26,22,48,98
06/15/2020,KOA,HI,AWP,WE,Federal Contract Tower,26,5,9,10,50,0,10,32,6,48,26,15,41,16,98,170,4,174,272
06/16/2020,KOA,HI,AWP,WE,Federal Contract Tower,25,4,9,22,60,0,9,38,15,62,25,13,47,37,122,90,28,118,240
06/17/2020,KOA,HI,AWP,WE,Federal Contract Tower,25,3,7,13,48,0,10,36,5,51,25,13,43,18,99,158,20,178,277
06/18/2020,KOA,HI,AWP,WE,Federal Contract Tower,29,1,12,4,46,0,13,37,0,50,29,14,49,4,96,180,0,180,276
06/19/2020,KOA,HI,AWP,WE,Federal Contract Tower,32,5,8,0,45,0,10,47,0,57,32,15,55,0,102,236,0,236,338
06/20/2020,KOA,HI,AWP,WE,Federal Contract Tower,23,7,3,2,35,0,15,23,0,38,23,22,26,2,73,26,0,26,99
06/21/2020,KOA,HI,AWP,WE,Federal Contract Tower,30,2,7,2,41,0,11,17,0,28,30,13,24,2,69,60,0,60,129
06/22/2020,KOA,HI,AWP,WE,Federal Contract Tower,29,0,12,9,50,0,16,32,1,49,29,16,44,10,99,182,6,188,287
06/23/2020,KOA,HI,AWP,WE,Federal Contract Tower,29,4,9,4,46,0,11,52,5,68,29,15,61,9,114,194,6,200,314
06/24/2020,KOA,HI,AWP,WE,Federal Contract Tower,23,6,6,6,41,0,17,52,0,69,23,23,58,6,110,94,0,94,204
06/25/2020,KOA,HI,AWP,WE,Federal Contract Tower,26,7,5,11,49,0,8,24,0,32,26,15,29,11,81,106,4,110,191
06/26/2020,KOA,HI,AWP,WE,Federal Contract Tower,33,2,5,2,42,0,15,36,2,53,33,17,41,4,95,110,0,110,205
06/27/2020,KOA,HI,AWP,WE,Federal Contract Tower,21,2,6,0,29,0,12,8,0,20,21,14,14,0,49,6,0,6,55
06/28/2020,KOA,HI,AWP,WE,Federal Contract Tower,34,2,4,0,40,0,7,17,0,24,34,9,21,0,64,36,0,36,100
06/29/2020,KOA,HI,AWP,WE,Federal Contract Tower,31,5,1,26,63,0,19,17,8,44,31,24,18,34,107,98,6,104,211
06/30/2020,KOA,HI,AWP,WE,Federal Contract Tower,31,4,2,4,41,0,10,28,1,39,31,14,30,5,80,128,6,134,214
07/01/2020,KOA,HI,AWP,WE,Federal Contract Tower,42,1,7,4,54,0,18,38,1,57,42,19,45,5,111,134,22,156,267
07/02/2020,KOA,HI,AWP,WE,Federal Contract Tower,43,6,5,1,55,0,13,36,0,49,43,19,41,1,104,114,6,120,224
07/03/2020,KOA,HI,AWP,WE,Federal Contract Tower,43,11,8,0,62,0,16,37,0,53,43,27,45,0,115,144,0,144,259
07/04/2020,KOA,HI,AWP,WE,Federal Contract Tower,27,1,7,0,35,0,5,16,0,21,27,6,23,0,56,22,0,22,78
07/05/2020,KOA,HI,AWP,WE,Federal Contract Tower,41,0,5,0,46,0,16,6,0,22,41,16,11,0,68,6,0,6,74
07/06/2020,KOA,HI,AWP,WE,Federal Contract Tower,41,8,3,8,60,0,14,36,1,51,41,22,39,9,111,90,22,112,223
07/07/2020,KOA,HI,AWP,WE,Federal Contract Tower,37,0,3,17,57,0,15,33,7,55,37,15,36,24,112,124,20,144,256
07/08/2020,KOA,HI,AWP,WE,Federal Contract Tower,41,2,5,6,54,0,19,32,1,52,41,21,37,7,106,160,10,170,276
07/09/2020,KOA,HI,AWP,WE,Federal Contract Tower,41,8,4,4,57,0,20,44,0,64,41,28,48,4,121,154,16,170,291
07/10/2020,KOA,HI,AWP,WE,Federal Contract Tower,43,5,7,10,65,0,15,41,1,57,43,20,48,11,122,188,0,188,310
07/11/2020,KOA,HI,AWP,WE,Federal Contract Tower,30,0,6,0,36,0,16,18,0,34,30,16,24,0,70,58,0,58,128
07/12/2020,KOA,HI,AWP,WE,Federal Contract Tower,37,5,5,0,47,0,13,11,0,24,37,18,16,0,71,44,0,44,115
07/13/2020,KOA,HI,AWP,WE,Federal Contract Tower,41,6,7,13,67,0,8,44,3,55,41,14,51,16,122,240,16,256,378
07/14/2020,KOA,HI,AWP,WE,Federal Contract Tower,41,3,4,9,57,0,16,21,0,37,41,19,25,9,94,134,6,140,234
07/15/2020,KOA,HI,AWP,WE,Federal Contract Tower,44,2,5,4,55,0,25,45,0,70,44,27,50,4,125,212,0,212,337
07/16/2020,KOA,HI,AWP,WE,Federal Contract Tower,39,3,0,6,48,0,10,40,8,58,39,13,40,14,106,138,18,156,262
07/17/2020,KOA,HI,AWP,WE,Federal Contract Tower,44,6,4,17,71,0,21,44,5,70,44,27,48,22,141,220,12,232,373
07/18/2020,KOA,HI,AWP,WE,Federal Contract Tower,30,5,8,0,43,0,17,14,2,33,30,22,22,2,76,30,0,30,106
07/19/2020,KOA,HI,AWP,WE,Federal Contract Tower,40,3,1,2,46,0,19,6,0,25,40,22,7,2,71,8,0,8,79
07/20/2020,KOA,HI,AWP,WE,Federal Contract Tower,41,4,5,8,58,0,11,21,5,37,41,15,26,13,95,166,0,166,261
07/21/2020,KOA,HI,AWP,WE,Federal Contract Tower,39,3,3,2,47,0,16,34,0,50,39,19,37,2,97,174,0,174,271
07/22/2020,KOA,HI,AWP,WE,Federal Contract Tower,39,6,3,4,52,0,12,51,8,71,39,18,54,12,123,154,8,162,285
07/23/2020,KOA,HI,AWP,WE,Federal Contract Tower,41,3,1,0,45,0,10,31,0,41,41,13,32,0,86,156,0,156,242
07/24/2020,KOA,HI,AWP,WE,Federal Contract Tower,53,2,1,8,64,0,20,37,3,60,53,22,38,11,124,188,0,188,312
07/25/2020,KOA,HI,AWP,WE,Federal Contract Tower,41,10,0,0,51,0,20,7,0,27,41,30,7,0,78,10,0,10,88
07/26/2020,KOA,HI,AWP,WE,Federal Contract Tower,9,2,0,5,16,0,0,0,0,0,9,2,0,5,16,0,0,0,16
07/27/2020,KOA,HI,AWP,WE,Federal Contract Tower,51,9,3,0,63,0,18,38,1,57,51,27,41,1,120,172,0,172,292
07/28/2020,KOA,HI,AWP,WE,Federal Contract Tower,46,0,4,16,66,0,12,41,9,62,46,12,45,25,128,202,28,230,358
07/29/2020,KOA,HI,AWP,WE,Federal Contract Tower,41,3,2,8,54,0,23,16,14,53,41,26,18,22,107,164,10,174,281
07/30/2020,KOA,HI,AWP,WE,Federal Contract Tower,44,5,0,4,53,0,11,34,7,52,44,16,34,11,105,210,2,212,317
07/31/2020,KOA,HI,AWP,WE,Federal Contract Tower,46,3,4,3,56,0,16,31,1,48,46,19,35,4,104,188,0,188,292
08/01/2020,KOA,HI,AWP,WE,Federal Contract Tower,38,8,4,3,53,0,20,9,10,39,38,28,13,13,92,34,0,34,126
08/02/2020,KOA,HI,AWP,WE,Federal Contract Tower,40,1,5,0,46,0,11,9,4,24,40,12,14,4,70,0,0,0,70
08/03/2020,KOA,HI,AWP,WE,Federal Contract Tower,38,6,5,6,55,0,13,39,4,56,38,19,44,10,111,210,2,212,323
08/04/2020,KOA,HI,AWP,WE,Federal Contract Tower,42,6,2,2,52,0,10,29,4,43,42,16,31,6,95,108,0,108,203
08/05/2020,KOA,HI,AWP,WE,Federal Contract Tower,38,3,7,7,55,0,13,33,9,55,38,16,40,16,110,212,0,212,322
08/06/2020,KOA,HI,AWP,WE,Federal Contract Tower,43,8,8,8,67,0,9,35,10,54,43,17,43,18,121,158,36,194,315
08/07/2020,KOA,HI,AWP,WE,Federal Contract Tower,46,1,5,11,63,0,9,21,3,33,46,10,26,14,96,204,14,218,314
08/08/2020,KOA,HI,AWP,WE,Federal Contract Tower,33,6,8,0,47,0,17,10,3,30,33,23,18,3,77,6,0,6,83
08/09/2020,KOA,HI,AWP,WE,Federal Contract Tower,41,6,5,0,52,0,14,15,0,29,41,20,20,0,81,6,0,6,87
08/10/2020,KOA,HI,AWP,WE,Federal Contract Tower,43,6,6,1,56,0,13,48,2,63,43,19,54,3,119,284,0,284,403
08/11/2020,KOA,HI,AWP,WE,Federal Contract Tower,39,2,1,1,43,0,7,34,1,42,39,9,35,2,85,136,4,140,225
08/12/2020,KOA,HI,AWP,WE,Federal Contract Tower,29,2,7,1,39,0,9,45,1,55,29,11,52,2,94,122,16,138,232
08/13/2020,KOA,HI,AWP,WE,Federal Contract Tower,30,2,5,3,40,0,7,52,2,61,30,9,57,5,101,184,26,210,311
08/14/2020,KOA,HI,AWP,WE,Federal Contract Tower,32,5,6,0,43,0,13,28,3,44,32,18,34,3,87,168,0,168,255
08/15/2020,KOA,HI,AWP,WE,Federal Contract Tower,25,7,6,0,38,0,12,19,0,31,25,19,25,0,69,44,0,44,113
08/16/2020,KOA,HI,AWP,WE,Federal Contract Tower,27,11,8,0,46,0,11,14,0,25,27,22,22,0,71,10,0,10,81
08/17/2020,KOA,HI,AWP,WE,Federal Contract Tower,30,4,6,7,47,0,6,49,2,57,30,10,55,9,104,190,4,194,298
08/18/2020,KOA,HI,AWP,WE,Federal Contract Tower,29,4,5,2,40,0,20,29,2,51,29,24,34,4,91,126,6,132,223
08/20/2020,KOA,HI,AWP,WE,Federal Contract Tower,30,3,3,25,61,0,9,34,12,55,30,12,37,37,116,178,78,256,372
08/21/2020,KOA,HI,AWP,WE,Federal Contract Tower,30,2,9,18,59,0,3,30,2,35,30,5,39,20,94,234,0,234,328
08/22/2020,KOA,HI,AWP,WE,Federal Contract Tower,24,2,2,0,28,0,10,38,0,48,24,12,40,0,76,8,0,8,84
08/23/2020,KOA,HI,AWP,WE,Federal Contract Tower,27,0,1,0,28,0,5,10,0,15,27,5,11,0,43,4,0,4,47
08/24/2020,KOA,HI,AWP,WE,Federal Contract Tower,30,1,4,1,36,0,6,41,2,49,30,7,45,3,85,156,0,156,241
08/25/2020,KOA,HI,AWP,WE,Federal Contract Tower,34,2,3,15,54,0,6,27,5,38,34,8,30,20,92,150,44,194,286
08/26/2020,KOA,HI,AWP,WE,Federal Contract Tower,26,4,3,0,33,0,6,26,4,36,26,10,29,4,69,188,0,188,257
08/27/2020,KOA,HI,AWP,WE,Federal Contract Tower,29,8,6,3,46,0,6,33,5,44,29,14,39,8,90,124,18,142,232
08/28/2020,KOA,HI,AWP,WE,Federal Contract Tower,32,1,8,6,47,0,7,58,8,73,32,8,66,14,120,214,0,214,334
08/29/2020,KOA,HI,AWP,WE,Federal Contract Tower,22,3,1,0,26,0,8,14,0,22,22,11,15,0,48,2,0,2,50
08/30/2020,KOA,HI,AWP,WE,Federal Contract Tower,28,2,1,2,33,0,7,6,6,19,28,9,7,8,52,6,0,6,58
08/31/2020,KOA,HI,AWP,WE,Federal Contract Tower,31,5,4,0,40,0,7,54,0,61,31,12,58,0,101,198,0,198,299
09/02/2020,KOA,HI,AWP,WE,Federal Contract Tower,25,1,7,10,43,0,4,25,0,29,25,5,32,10,72,174,26,200,272
09/03/2020,KOA,HI,AWP,WE,Federal Contract Tower,30,2,4,6,42,0,7,27,1,35,30,9,31,7,77,178,38,216,293
09/04/2020,KOA,HI,AWP,WE,Federal Contract Tower,31,0,9,1,41,0,13,41,2,56,31,13,50,3,97,164,0,164,261
09/05/2020,KOA,HI,AWP,WE,Federal Contract Tower,24,4,5,1,34,0,11,10,0,21,24,15,15,1,55,0,0,0,55
09/06/2020,KOA,HI,AWP,WE,Federal Contract Tower,19,4,5,0,28,0,3,23,0,26,19,7,28,0,54,44,0,44,98
09/07/2020,KOA,HI,AWP,WE,Federal Contract Tower,23,1,8,6,38,0,8,48,0,56,23,9,56,6,94,202,0,202,296
09/08/2020,KOA,HI,AWP,WE,Federal Contract Tower,21,4,4,1,30,0,6,29,0,35,21,10,33,1,65,128,18,146,211
09/09/2020,KOA,HI,AWP,WE,Federal Contract Tower,24,7,0,2,33,0,7,50,6,63,24,14,50,8,96,250,18,268,364
09/10/2020,KOA,HI,AWP,WE,Federal Contract Tower,25,1,3,8,37,0,2,30,3,35,25,3,33,11,72,154,14,168,240
09/11/2020,KOA,HI,AWP,WE,Federal Contract Tower,27,1,1,2,31,0,6,42,0,48,27,7,43,2,79,186,14,200,279
09/12/2020,KOA,HI,AWP,WE,Federal Contract Tower,27,11,3,0,41,0,8,29,0,37,27,19,32,0,78,100,0,100,178
09/13/2020,KOA,HI,AWP,WE,Federal Contract Tower,23,1,3,0,27,0,1,22,0,23,23,2,25,0,50,152,0,152,202
09/14/2020,KOA,HI,AWP,WE,Federal Contract Tower,27,3,9,9,48,0,10,32,4,46,27,13,41,13,94,120,20,140,234
09/15/2020,KOA,HI,AWP,WE,Federal Contract Tower,26,4,7,7,44,0,14,22,2,38,26,18,29,9,82,188,38,226,308
09/16/2020,KOA,HI,AWP,WE,Federal Contract Tower,24,2,1,7,34,0,11,69,6,86,24,13,70,13,120,190,10,200,320
09/17/2020,KOA,HI,AWP,WE,Federal Contract Tower,24,4,8,1,37,0,4,34,4,42,24,8,42,5,79,168,2,170,249
09/18/2020,KOA,HI,AWP,WE,Federal Contract Tower,29,0,4,5,38,0,5,41,7,53,29,5,45,12,91,146,0,146,237
09/19/2020,KOA,HI,AWP,WE,Federal Contract Tower,21,7,4,18,50,0,8,3,0,11,21,15,7,18,61,24,0,24,85
09/20/2020,KOA,HI,AWP,WE,Federal Contract Tower,21,6,3,0,30,0,3,15,0,18,21,9,18,0,48,18,0,18,66
09/21/2020,KOA,HI,AWP,WE,Federal Contract Tower,25,7,17,17,66,0,9,39,4,52,25,16,56,21,118,270,2,272,390
09/22/2020,KOA,HI,AWP,WE,Federal Contract Tower,23,4,0,16,43,0,5,21,2,28,23,9,21,18,71,164,20,184,255
09/23/2020,KOA,HI,AWP,WE,Federal Contract Tower,24,4,5,11,44,0,6,36,5,47,24,10,41,16,91,266,4,270,361
09/24/2020,KOA,HI,AWP,WE,Federal Contract Tower,25,4,4,13,46,0,7,32,15,54,25,11,36,28,100,244,58,302,402
09/25/2020,KOA,HI,AWP,WE,Federal Contract Tower,28,2,8,40,78,0,9,29,9,47,28,11,37,49,125,206,0,206,331
09/26/2020,KOA,HI,AWP,WE,Federal Contract Tower,18,4,2,0,24,0,11,14,0,25,18,15,16,0,49,54,0,54,103
09/27/2020,KOA,HI,AWP,WE,Federal Contract Tower,23,1,2,0,26,0,2,14,0,16,23,3,16,0,42,4,0,4,46
09/28/2020,KOA,HI,AWP,WE,Federal Contract Tower,27,4,5,8,44,0,6,37,6,49,27,10,42,14,93,194,14,208,301
09/29/2020,KOA,HI,AWP,WE,Federal Contract Tower,24,4,9,9,46,0,6,29,2,37,24,10,38,11,83,116,14,130,213
09/30/2020,KOA,HI,AWP,WE,Federal Contract Tower,31,5,2,1,39,0,7,40,6,53,31,12,42,7,92,254,40,294,386
10/01/2020,KOA,HI,AWP,WE,Federal Contract Tower,24,9,6,10,49,0,17,29,9,55,24,26,35,19,104,172,34,206,310
10/02/2020,KOA,HI,AWP,WE,Federal Contract Tower,26,3,15,0,44,0,6,37,0,43,26,9,52,0,87,204,0,204,291
10/03/2020,KOA,HI,AWP,WE,Federal Contract Tower,24,2,13,2,41,0,12,9,2,23,24,14,22,4,64,22,0,22,86
10/04/2020,KOA,HI,AWP,WE,Federal Contract Tower,19,3,2,0,24,0,8,18,0,26,19,11,20,0,50,30,0,30,80
10/05/2020,KOA,HI,AWP,WE,Federal Contract Tower,25,3,5,21,54,0,6,43,2,51,25,9,48,23,105,176,16,192,297
10/06/2020,KOA,HI,AWP,WE,Federal Contract Tower,31,5,0,2,38,0,9,36,0,45,31,14,36,2,83,154,26,180,263
10/07/2020,KOA,HI,AWP,WE,Federal Contract Tower,22,6,2,12,42,0,5,27,1,33,22,11,29,13,75,224,10,234,309
10/08/2020,KOA,HI,AWP,WE,Federal Contract Tower,27,2,12,12,53,0,8,21,3,32,27,10,33,15,85,180,44,224,309
10/09/2020,KOA,HI,AWP,WE,Federal Contract Tower,26,10,0,0,36,0,7,50,14,71,26,17,50,14,107,188,2,190,297
10/10/2020,KOA,HI,AWP,WE,Federal Contract Tower,26,5,2,0,33,0,8,3,0,11,26,13,5,0,44,0,0,0,44
10/11/2020,KOA,HI,AWP,WE,Federal Contract Tower,24,5,5,0,34,0,1,11,4,16,24,6,16,4,50,18,0,18,68
10/12/2020,KOA,HI,AWP,WE,Federal Contract Tower,28,3,1,0,32,0,4,28,0,32,28,7,29,0,64,78,0,78,142
10/13/2020,KOA,HI,AWP,WE,Federal Contract Tower,28,8,4,5,45,0,6,15,1,22,28,14,19,6,67,110,54,164,231
10/14/2020,KOA,HI,AWP,WE,Federal Contract Tower,24,3,4,23,54,0,9,31,1,41,24,12,35,24,95,98,12,110,205
10/15/2020,KOA,HI,AWP,WE,Federal Contract Tower,45,5,5,16,71,0,12,29,0,41,45,17,34,16,112,60,0,60,172
10/16/2020,KOA,HI,AWP,WE,Federal Contract Tower,46,6,8,2,62,0,9,41,4,54,46,15,49,6,116,210,0,210,326
10/17/2020,KOA,HI,AWP,WE,Federal Contract Tower,38,5,6,1,50,0,6,3,0,9,38,11,9,1,59,2,0,2,61
10/18/2020,KOA,HI,AWP,WE,Federal Contract Tower,43,1,2,2,48,0,9,12,2,23,43,10,14,4,71,40,0,40,111
10/19/2020,KOA,HI,AWP,WE,Federal Contract Tower,45,9,4,5,63,0,7,33,10,50,45,16,37,15,113,170,2,172,285
10/20/2020,KOA,HI,AWP,WE,Federal Contract Tower,39,5,7,2,53,0,9,21,10,40,39,14,28,12,93,72,24,96,189
10/21/2020,KOA,HI,AWP,WE,Federal Contract Tower,37,4,8,9,58,0,5,44,1,50,37,9,52,10,108,206,16,222,330
10/22/2020,KOA,HI,AWP,WE,Federal Contract Tower,42,5,7,8,62,0,10,23,12,45,42,15,30,20,107,196,16,212,319
10/23/2020,KOA,HI,AWP,WE,Federal Contract Tower,43,10,6,9,68,0,5,27,8,40,43,15,33,17,108,114,10,124,232
10/24/2020,KOA,HI,AWP,WE,Federal Contract Tower,39,6,6,0,51,0,12,18,6,36,39,18,24,6,87,8,0,8,95
10/25/2020,KOA,HI,AWP,WE,Federal Contract Tower,38,7,7,0,52,0,3,9,0,12,38,10,16,0,64,8,0,8,72
10/26/2020,KOA,HI,AWP,WE,Federal Contract Tower,44,4,11,1,60,0,8,34,8,50,44,12,45,9,110,112,0,112,222
10/27/2020,KOA,HI,AWP,WE,Federal Contract Tower,36,9,3,17,65,0,6,8,7,21,36,15,11,24,86,143,18,161,247
10/28/2020,KOA,HI,AWP,WE,Federal Contract Tower,39,2,6,21,68,0,5,45,1,51,39,7,51,22,119,258,16,274,393
10/29/2020,KOA,HI,AWP,WE,Federal Contract Tower,42,10,8,4,64,0,8,18,0,26,42,18,26,4,90,82,0,82,172
10/30/2020,KOA,HI,AWP,WE,Federal Contract Tower,41,11,7,4,63,0,10,26,4,40,41,21,33,8,103,126,6,132,235
10/31/2020,KOA,HI,AWP,WE,Federal Contract Tower,36,2,2,1,41,0,10,6,0,16,36,12,8,1,57,0,0,0,57
11/01/2020,KOA,HI,AWP,WE,Federal Contract Tower,38,3,13,0,54,0,9,14,0,23,38,12,27,0,77,28,0,28,105
11/02/2020,KOA,HI,AWP,WE,Federal Contract Tower,45,8,6,2,61,0,6,31,10,47,45,14,37,12,108,96,10,106,214
11/03/2020,KOA,HI,AWP,WE,Federal Contract Tower,42,4,11,3,60,0,6,30,5,41,42,10,41,8,101,202,0,202,303
11/04/2020,KOA,HI,AWP,WE,Federal Contract Tower,39,7,4,2,52,0,3,30,0,33,39,10,34,2,85,146,0,146,231
11/05/2020,KOA,HI,AWP,WE,Federal Contract Tower,44,4,6,2,56,0,8,28,1,37,44,12,34,3,93,154,24,178,271
11/06/2020,KOA,HI,AWP,WE,Federal Contract Tower,46,7,14,3,70,0,8,32,14,54,46,15,46,17,124,122,8,130,254
11/07/2020,KOA,HI,AWP,WE,Federal Contract Tower,37,7,7,4,55,0,9,17,6,32,37,16,24,10,87,30,12,42,129
11/08/2020,KOA,HI,AWP,WE,Federal Contract Tower,41,10,5,0,56,0,11,23,2,36,41,21,28,2,92,4,0,4,96
11/09/2020,KOA,HI,AWP,WE,Federal Contract Tower,46,4,5,12,67,0,8,37,4,49,46,12,42,16,116,244,0,244,360
11/10/2020,KOA,HI,AWP,WE,Federal Contract Tower,38,6,3,13,60,0,5,20,5,30,38,11,23,18,90,124,26,150,240
11/11/2020,KOA,HI,AWP,WE,Federal Contract Tower,38,8,12,4,62,0,7,24,0,31,38,15,36,4,93,198,0,198,291
11/12/2020,KOA,HI,AWP,WE,Federal Contract Tower,47,10,5,8,70,0,12,48,3,63,47,22,53,11,133,216,10,226,359
11/13/2020,KOA,HI,AWP,WE,Federal Contract Tower,47,9,10,12,78,0,11,20,1,32,47,20,30,13,110,156,6,162,272
11/14/2020,KOA,HI,AWP,WE,Federal Contract Tower,40,4,3,0,47,0,10,16,2,28,40,14,19,2,75,2,0,2,77
11/15/2020,KOA,HI,AWP,WE,Federal Contract Tower,41,3,11,0,55,0,10,19,0,29,41,13,30,0,84,30,0,30,114
11/16/2020,KOA,HI,AWP,WE,Federal Contract Tower,44,6,9,7,66,0,11,42,3,56,44,17,51,10,122,78,14,92,214
11/17/2020,KOA,HI,AWP,WE,Federal Contract Tower,43,8,9,27,87,0,20,46,1,67,43,28,55,28,154,108,18,126,280
11/18/2020,KOA,HI,AWP,WE,Federal Contract Tower,46,10,3,23,82,0,3,35,3,41,46,13,38,26,123,118,46,164,287
11/19/2020,KOA,HI,AWP,WE,Federal Contract Tower,49,12,6,10,77,0,0,0,0,0,49,12,6,10,77,202,26,228,305
11/20/2020,KOA,HI,AWP,WE,Federal Contract Tower,56,3,15,19,93,0,12,33,8,53,56,15,48,27,146,124,2,126,272
11/21/2020,KOA,HI,AWP,WE,Federal Contract Tower,53,10,20,0,83,0,21,11,0,32,53,31,31,0,115,18,0,18,133
11/22/2020,KOA,HI,AWP,WE,Federal Contract Tower,55,4,10,0,69,0,10,1,0,11,55,14,11,0,80,0,0,0,80
11/23/2020,KOA,HI,AWP,WE,Federal Contract Tower,52,3,9,1,65,0,7,23,3,33,52,10,32,4,98,172,0,172,270
11/24/2020,KOA,HI,AWP,WE,Federal Contract Tower,58,6,8,9,81,0,9,16,4,29,58,15,24,13,110,106,34,140,250
11/25/2020,KOA,HI,AWP,WE,Federal Contract Tower,52,6,5,6,69,0,15,33,0,48,52,21,38,6,117,160,3,163,280
11/26/2020,KOA,HI,AWP,WE,Federal Contract Tower,50,2,4,0,56,0,8,20,0,28,50,10,24,0,84,88,0,88,172
11/27/2020,KOA,HI,AWP,WE,Federal Contract Tower,54,3,12,0,69,0,11,37,0,48,54,14,49,0,117,164,0,164,281
11/28/2020,KOA,HI,AWP,WE,Federal Contract Tower,50,6,18,0,74,0,12,20,0,32,50,18,38,0,106,4,0,4,110
11/29/2020,KOA,HI,AWP,WE,Federal Contract Tower,57,11,17,1,86,0,10,13,3,26,57,21,30,4,112,20,0,20,132
11/30/2020,KOA,HI,AWP,WE,Federal Contract Tower,57,5,15,2,79,0,14,41,9,64,57,19,56,11,143,138,12,150,293
12/01/2020,KOA,HI,AWP,WE,Federal Contract Tower,45,7,14,6,72,0,9,39,8,56,45,16,53,14,128,154,28,182,310
12/02/2020,KOA,HI,AWP,WE,Federal Contract Tower,48,8,11,11,78,0,20,33,2,55,48,28,44,13,133,256,28,284,417
12/03/2020,KOA,HI,AWP,WE,Federal Contract Tower,51,6,17,5,79,0,5,38,9,52,51,11,55,14,131,138,20,158,289
12/04/2020,KOA,HI,AWP,WE,Federal Contract Tower,52,9,8,2,71,0,13,28,0,41,52,22,36,2,112,208,14,222,334
12/05/2020,KOA,HI,AWP,WE,Federal Contract Tower,42,6,11,10,69,0,14,8,6,28,42,20,19,16,97,30,18,48,145
12/06/2020,KOA,HI,AWP,WE,Federal Contract Tower,51,2,11,0,64,0,13,7,0,20,51,15,18,0,84,2,0,2,86
12/07/2020,KOA,HI,AWP,WE,Federal Contract Tower,53,7,15,16,91,0,14,44,3,61,53,21,59,19,152,92,14,106,258
12/08/2020,KOA,HI,AWP,WE,Federal Contract Tower,50,12,6,7,75,0,11,18,0,29,50,23,24,7,104,142,44,186,290
12/09/2020,KOA,HI,AWP,WE,Federal Contract Tower,49,7,15,5,76,0,13,48,2,63,49,20,63,7,139,220,20,240,379
12/10/2020,KOA,HI,AWP,WE,Federal Contract Tower,55,3,10,25,93,0,15,32,5,52,55,18,42,30,145,178,24,202,347
12/11/2020,KOA,HI,AWP,WE,Federal Contract Tower,54,14,13,4,85,0,10,37,8,55,54,24,50,12,140,190,8,198,338
12/12/2020,KOA,HI,AWP,WE,Federal Contract Tower,44,14,13,5,76,0,15,9,3,27,44,29,22,8,103,40,8,48,151
12/13/2020,KOA,HI,AWP,WE,Federal Contract Tower,54,4,8,0,66,0,13,17,0,30,54,17,25,0,96,28,0,28,124
12/14/2020,KOA,HI,AWP,WE,Federal Contract Tower,54,10,5,17,86,0,10,33,0,43,54,20,38,17,129,280,0,280,409
12/15/2020,KOA,HI,AWP,WE,Federal Contract Tower,48,1,3,9,61,0,12,34,2,48,48,13,37,11,109,142,22,164,273
12/16/2020,KOA,HI,AWP,WE,Federal Contract Tower,52,8,10,2,72,0,9,32,3,44,52,17,42,5,116,168,10,178,294
12/17/2020,KOA,HI,AWP,WE,Federal Contract Tower,62,5,11,1,79,0,10,25,0,35,62,15,36,1,114,100,0,100,214
12/18/2020,KOA,HI,AWP,WE,Federal Contract Tower,60,13,17,0,90,0,16,28,5,49,60,29,45,5,139,160,0,160,299
12/19/2020,KOA,HI,AWP,WE,Federal Contract Tower,69,9,24,0,102,0,11,11,0,22,69,20,35,0,124,0,0,0,124
12/20/2020,KOA,HI,AWP,WE,Federal Contract Tower,65,7,19,0,91,0,10,16,0,26,65,17,35,0,117,72,0,72,189
12/21/2020,KOA,HI,AWP,WE,Federal Contract Tower,64,8,14,5,91,0,15,31,1,47,64,23,45,6,138,210,0,210,348
12/22/2020,KOA,HI,AWP,WE,Federal Contract Tower,65,6,7,6,84,0,15,35,4,54,65,21,42,10,138,118,34,152,290
12/23/2020,KOA,HI,AWP,WE,Federal Contract Tower,60,7,18,6,91,0,28,32,4,64,60,35,50,10,155,78,8,86,241
12/24/2020,KOA,HI,AWP,WE,Federal Contract Tower,62,6,13,3,84,0,22,34,1,57,62,28,47,4,141,114,0,114,255
12/25/2020,KOA,HI,AWP,WE,Federal Contract Tower,48,4,11,0,63,0,12,5,0,17,48,16,16,0,80,14,0,14,94
12/26/2020,KOA,HI,AWP,WE,Federal Contract Tower,66,27,21,2,116,0,31,20,0,51,66,58,41,2,167,20,0,20,187
12/27/2020,KOA,HI,AWP,WE,Federal Contract Tower,65,12,13,0,90,0,22,12,0,34,65,34,25,0,124,2,0,2,126
12/28/2020,KOA,HI,AWP,WE,Federal Contract Tower,62,7,10,12,91,0,19,28,0,47,62,26,38,12,138,144,0,144,282
12/29/2020,KOA,HI,AWP,WE,Federal Contract Tower,66,10,13,3,92,0,13,28,3,44,66,23,41,6,136,110,16,126,262
12/30/2020,KOA,HI,AWP,WE,Federal Contract Tower,65,15,12,18,110,0,18,42,0,60,65,33,54,18,170,132,6,138,308
12/31/2020,KOA,HI,AWP,WE,Federal Contract Tower,63,11,6,1,81,0,24,35,1,60,63,35,41,2,141,150,0,150,291
01/01/2021,KOA,HI,AWP,WE,Federal Contract Tower,57,8,12,0,77,0,13,8,0,21,57,21,20,0,98,48,0,48,146
01/02/2021,KOA,HI,AWP,WE,Federal Contract Tower,60,16,18,0,94,0,33,12,0,45,60,49,30,0,139,0,0,0,139
01/03/2021,KOA,HI,AWP,WE,Federal Contract Tower,64,20,22,0,106,0,23,27,0,50,64,43,49,0,156,60,0,60,216
01/04/2021,KOA,HI,AWP,WE,Federal Contract Tower,61,6,17,1,85,0,11,26,2,39,61,17,43,3,124,126,0,126,250
01/05/2021,KOA,HI,AWP,WE,Federal Contract Tower,55,11,7,1,74,0,17,22,1,40,55,28,29,2,114,73,14,87,201
01/06/2021,KOA,HI,AWP,WE,Federal Contract Tower,54,6,9,10,79,0,9,37,2,48,54,15,46,12,127,100,38,138,265
01/07/2021,KOA,HI,AWP,WE,Federal Contract Tower,62,4,13,3,82,0,20,28,3,51,62,24,41,6,133,188,12,200,333
01/08/2021,KOA,HI,AWP,WE,Federal Contract Tower,55,7,11,5,78,0,9,42,2,53,55,16,53,7,131,160,20,180,311
01/09/2021,KOA,HI,AWP,WE,Federal Contract Tower,55,10,12,2,79,0,11,11,1,23,55,21,23,3,102,40,8,48,150
01/10/2021,KOA,HI,AWP,WE,Federal Contract Tower,56,14,13,0,83,0,14,26,0,40,56,28,39,0,123,26,0,26,149
01/11/2021,KOA,HI,AWP,WE,Federal Contract Tower,58,10,7,12,87,0,19,39,0,58,58,29,46,12,145,89,0,89,234
01/12/2021,KOA,HI,AWP,WE,Federal Contract Tower,52,6,8,29,95,0,9,37,0,46,52,15,45,29,141,150,26,176,317
01/13/2021,KOA,HI,AWP,WE,Federal Contract Tower,54,6,7,21,88,0,12,29,1,42,54,18,36,22,130,208,22,230,360
01/14/2021,KOA,HI,AWP,WE,Federal Contract Tower,57,6,9,0,72,0,15,40,2,57,57,21,49,2,129,236,0,236,365
01/15/2021,KOA,HI,AWP,WE,Federal Contract Tower,60,10,15,12,97,0,13,27,2,42,60,23,42,14,139,124,0,124,263
01/16/2021,KOA,HI,AWP,WE,Federal Contract Tower,56,18,10,0,84,0,11,17,0,28,56,29,27,0,112,4,0,4,116
01/17/2021,KOA,HI,AWP,WE,Federal Contract Tower,55,11,16,0,82,0,3,9,0,12,55,14,25,0,94,28,0,28,122
01/18/2021,KOA,HI,AWP,WE,Federal Contract Tower,59,18,7,0,84,0,6,17,0,23,59,24,24,0,107,86,0,86,193
01/19/2021,KOA,HI,AWP,WE,Federal Contract Tower,54,9,2,3,68,0,8,26,3,37,54,17,28,6,105,152,18,170,275
01/20/2021,KOA,HI,AWP,WE,Federal Contract Tower,52,7,3,4,66,0,13,24,15,52,52,20,27,19,118,134,0,134,252
01/21/2021,KOA,HI,AWP,WE,Federal Contract Tower,59,15,8,22,104,0,7,24,31,62,59,22,32,53,166,128,24,152,318
01/22/2021,KOA,HI,AWP,WE,Federal Contract Tower,61,12,8,1,82,1,11,25,6,43,62,23,33,7,125,144,0,144,269
01/23/2021,KOA,HI,AWP,WE,Federal Contract Tower,53,12,10,3,78,0,15,13,2,30,53,27,23,5,108,12,6,18,126
01/24/2021,KOA,HI,AWP,WE,Federal Contract Tower,53,15,10,0,78,0,15,12,0,27,53,30,22,0,105,64,0,64,169
01/25/2021,KOA,HI,AWP,WE,Federal Contract Tower,56,15,9,2,82,0,2,7,2,11,56,17,16,4,93,46,0,46,139
01/26/2021,KOA,HI,AWP,WE,Federal Contract Tower,51,10,11,12,84,0,8,23,15,46,51,18,34,27,130,180,10,190,320
01/27/2021,KOA,HI,AWP,WE,Federal Contract Tower,52,9,3,6,70,0,7,26,2,35,52,16,29,8,105,134,10,144,249
01/28/2021,KOA,HI,AWP,WE,Federal Contract Tower,61,14,5,23,103,0,8,35,7,50,61,22,40,30,153,108,30,138,291
01/29/2021,KOA,HI,AWP,WE,Federal Contract Tower,61,12,8,1,82,0,6,40,1,47,61,18,48,2,129,144,0,144,273
01/30/2021,KOA,HI,AWP,WE,Federal Contract Tower,52,10,10,5,77,0,10,15,3,28,52,20,25,8,105,12,14,26,131
01/31/2021,KOA,HI,AWP,WE,Federal Contract Tower,56,7,12,0,75,0,13,21,0,34,56,20,33,0,109,16,0,16,125
02/01/2021,KOA,HI,AWP,WE,Federal Contract Tower,55,11,14,7,87,0,17,46,4,67,55,28,60,11,154,166,26,192,346
02/02/2021,KOA,HI,AWP,WE,Federal Contract Tower,52,3,8,1,64,0,26,25,2,53,52,29,33,3,117,98,24,122,239
02/03/2021,KOA,HI,AWP,WE,Federal Contract Tower,50,14,4,5,73,0,9,7,3,19,50,23,11,8,92,102,0,102,194
02/04/2021,KOA,HI,AWP,WE,Federal Contract Tower,57,11,13,13,94,0,9,19,7,35,57,20,32,20,129,94,22,116,245
02/05/2021,KOA,HI,AWP,WE,Federal Contract Tower,60,8,5,0,73,0,17,30,1,48,60,25,35,1,121,198,0,198,319
02/06/2021,KOA,HI,AWP,WE,Federal Contract Tower,52,7,13,0,72,0,18,25,2,45,52,25,38,2,117,0,0,0,117
02/07/2021,KOA,HI,AWP,WE,Federal Contract Tower,52,13,5,2,72,0,13,14,0,27,52,26,19,2,99,28,0,28,127
02/08/2021,KOA,HI,AWP,WE,Federal Contract Tower,52,4,4,0,60,0,20,40,2,62,52,24,44,2,122,62,0,62,184
02/09/2021,KOA,HI,AWP,WE,Federal Contract Tower,50,6,6,4,66,0,17,12,2,31,50,23,18,6,97,51,32,83,180
02/10/2021,KOA,HI,AWP,WE,Federal Contract Tower,49,5,12,3,69,0,14,44,3,61,49,19,56,6,130,146,32,178,308
02/11/2021,KOA,HI,AWP,WE,Federal Contract Tower,64,10,4,20,98,0,25,28,14,67,64,35,32,34,165,118,18,136,301
02/12/2021,KOA,HI,AWP,WE,Federal Contract Tower,67,7,5,8,87,0,19,21,10,50,67,26,26,18,137,192,16,208,345
02/13/2021,KOA,HI,AWP,WE,Federal Contract Tower,53,10,9,1,73,0,13,38,3,54,53,23,47,4,127,52,16,68,195
02/14/2021,KOA,HI,AWP,WE,Federal Contract Tower,55,6,12,0,73,1,13,20,0,34,56,19,32,0,107,56,0,56,163
02/15/2021,KOA,HI,AWP,WE,Federal Contract Tower,56,4,16,0,76,0,21,45,1,67,56,25,61,1,143,196,0,196,339
02/16/2021,KOA,HI,AWP,WE,Federal Contract Tower,56,8,10,5,79,0,18,55,2,75,56,26,65,7,154,130,14,144,298
02/17/2021,KOA,HI,AWP,WE,Federal Contract Tower,55,8,11,1,75,0,26,23,2,51,55,34,34,3,126,112,6,118,244
02/18/2021,KOA,HI,AWP,WE,Federal Contract Tower,59,9,9,10,87,0,17,16,15,48,59,26,25,25,135,114,42,156,291
02/19/2021,KOA,HI,AWP,WE,Federal Contract Tower,63,3,16,3,85,0,13,38,7,58,63,16,54,10,143,142,14,156,299
02/20/2021,KOA,HI,AWP,WE,Federal Contract Tower,58,7,17,10,92,0,21,8,0,29,58,28,25,10,121,22,0,22,143
02/21/2021,KOA,HI,AWP,WE,Federal Contract Tower,60,8,15,6,89,0,19,22,2,43,60,27,37,8,132,24,0,24,156
02/22/2021,KOA,HI,AWP,WE,Federal Contract Tower,61,8,14,14,97,0,15,25,7,47,61,23,39,21,144,124,0,124,268
02/23/2021,KOA,HI,AWP,WE,Federal Contract Tower,62,5,9,26,102,0,12,45,1,58,62,17,54,27,160,178,6,184,344
02/24/2021,KOA,HI,AWP,WE,Federal Contract Tower,61,5,13,31,110,0,11,43,2,56,61,16,56,33,166,154,32,186,352
02/25/2021,KOA,HI,AWP,WE,Federal Contract Tower,66,8,9,16,99,0,16,61,10,87,66,24,70,26,186,224,26,250,436
02/26/2021,KOA,HI,AWP,WE,Federal Contract Tower,64,10,9,13,96,0,13,26,12,51,64,23,35,25,147,130,0,130,277
02/27/2021,KOA,HI,AWP,WE,Federal Contract Tower,55,12,14,1,82,0,20,13,4,37,55,32,27,5,119,14,16,30,149
02/28/2021,KOA,HI,AWP,WE,Federal Contract Tower,59,9,12,0,80,0,20,12,5,37,59,29,24,5,117,32,16,48,165
03/01/2021,KOA,HI,AWP,WE,Federal Contract Tower,60,6,26,9,101,0,25,32,4,61,60,31,58,13,162,152,12,164,326
03/02/2021,KOA,HI,AWP,WE,Federal Contract Tower,56,11,12,15,94,0,17,34,4,55,56,28,46,19,149,160,14,174,323
03/03/2021,KOA,HI,AWP,WE,Federal Contract Tower,57,10,14,6,87,0,15,31,0,46,57,25,45,6,133,134,7,141,274
03/04/2021,KOA,HI,AWP,WE,Federal Contract Tower,64,12,9,6,91,0,17,29,1,47,64,29,38,7,138,116,20,136,274
03/05/2021,KOA,HI,AWP,WE,Federal Contract Tower,63,11,14,2,90,0,20,31,5,56,63,31,45,7,146,84,0,84,230
03/06/2021,KOA,HI,AWP,WE,Federal Contract Tower,55,8,10,1,74,0,16,16,2,34,55,24,26,3,108,14,0,14,122
03/07/2021,KOA,HI,AWP,WE,Federal Contract Tower,59,5,7,1,72,0,19,17,0,36,59,24,24,1,108,8,0,8,116
03/08/2021,KOA,HI,AWP,WE,Federal Contract Tower,60,26,6,0,92,0,10,46,0,56,60,36,52,0,148,114,0,114,262
03/09/2021,KOA,HI,AWP,WE,Federal Contract Tower,63,13,4,6,86,0,13,19,0,32,63,26,23,6,118,64,0,64,182
03/10/2021,KOA,HI,AWP,WE,Federal Contract Tower,60,8,9,1,78,0,27,42,1,70,60,35,51,2,148,168,20,188,336
03/11/2021,KOA,HI,AWP,WE,Federal Contract Tower,69,11,16,12,108,0,21,30,13,64,69,32,46,25,172,157,24,181,353
03/12/2021,KOA,HI,AWP,WE,Federal Contract Tower,64,9,18,20,111,0,19,33,11,63,64,28,51,31,174,182,4,186,360
03/13/2021,KOA,HI,AWP,WE,Federal Contract Tower,61,20,18,4,103,0,10,4,0,14,61,30,22,4,117,0,0,0,117
03/14/2021,KOA,HI,AWP,WE,Federal Contract Tower,62,11,13,7,93,0,19,8,2,29,62,30,21,9,122,24,12,36,158
03/15/2021,KOA,HI,AWP,WE,Federal Contract Tower,64,8,15,5,92,0,16,29,12,57,64,24,44,17,149,178,0,178,327
03/16/2021,KOA,HI,AWP,WE,Federal Contract Tower,65,15,17,5,102,0,18,40,3,61,65,33,57,8,163,116,28,144,307
03/17/2021,KOA,HI,AWP,WE,Federal Contract Tower,63,6,18,10,97,1,20,22,6,49,64,26,40,16,146,142,22,164,310
03/18/2021,KOA,HI,AWP,WE,Federal Contract Tower,68,11,17,8,104,0,16,38,10,64,68,27,55,18,168,184,36,220,388
03/19/2021,KOA,HI,AWP,WE,Federal Contract Tower,70,6,20,14,110,0,27,40,4,71,70,33,60,18,181,152,18,170,351
03/20/2021,KOA,HI,AWP,WE,Federal Contract Tower,69,11,15,1,96,0,27,21,1,49,69,38,36,2,145,44,0,44,189
03/21/2021,KOA,HI,AWP,WE,Federal Contract Tower,60,5,14,0,79,0,17,24,0,41,60,22,38,0,120,48,0,48,168
03/22/2021,KOA,HI,AWP,WE,Federal Contract Tower,62,10,19,20,111,0,21,35,1,57,62,31,54,21,168,186,26,212,380
03/23/2021,KOA,HI,AWP,WE,Federal Contract Tower,64,6,17,3,90,0,17,35,0,52,64,23,52,3,142,130,12,142,284
03/24/2021,KOA,HI,AWP,WE,Federal Contract Tower,63,5,18,1,87,0,18,54,0,72,63,23,72,1,159,176,8,184,343
03/25/2021,KOA,HI,AWP,WE,Federal Contract Tower,66,6,14,0,86,0,21,32,0,53,66,27,46,0,139,72,0,72,211
03/26/2021,KOA,HI,AWP,WE,Federal Contract Tower,70,8,19,3,100,0,23,39,3,65,70,31,58,6,165,154,0,154,319
03/27/2021,KOA,HI,AWP,WE,Federal Contract Tower,68,16,15,3,102,0,26,25,1,52,68,42,40,4,154,22,0,22,176
03/28/2021,KOA,HI,AWP,WE,Federal Contract Tower,64,13,12,6,95,0,17,8,0,25,64,30,20,6,120,34,0,34,154
03/29/2021,KOA,HI,AWP,WE,Federal Contract Tower,65,6,11,3,85,0,19,29,5,53,65,25,40,8,138,58,8,66,204
03/30/2021,KOA,HI,AWP,WE,Federal Contract Tower,65,13,8,8,94,0,15,21,1,37,65,28,29,9,131,38,28,66,197
03/31/2021,KOA,HI,AWP,WE,Federal Contract Tower,67,6,13,17,103,0,28,50,0,78,67,34,63,17,181,138,28,166,347
04/01/2021,KOA,HI,AWP,WE,Federal Contract Tower,64,19,25,18,126,0,19,52,4,75,64,38,77,22,201,130,40,170,371
04/02/2021,KOA,HI,AWP,WE,Federal Contract Tower,66,15,22,8,111,0,19,49,0,68,66,34,71,8,179,154,0,154,333
04/03/2021,KOA,HI,AWP,WE,Federal Contract Tower,70,20,20,11,121,0,26,32,1,59,70,46,52,12,180,18,26,44,224
04/04/2021,KOA,HI,AWP,WE,Federal Contract Tower,60,9,9,0,78,0,29,15,0,44,60,38,24,0,122,18,0,18,140
04/05/2021,KOA,HI,AWP,WE,Federal Contract Tower,63,11,14,16,104,0,20,33,2,55,63,31,47,18,159,242,20,262,421
04/06/2021,KOA,HI,AWP,WE,Federal Contract Tower,64,7,16,21,108,0,18,43,3,64,64,25,59,24,172,276,4,280,452
04/07/2021,KOA,HI,AWP,WE,Federal Contract Tower,70,7,3,0,80,0,22,38,4,64,70,29,41,4,144,204,0,204,348
04/08/2021,KOA,HI,AWP,WE,Federal Contract Tower,71,12,10,0,93,0,29,36,24,89,71,41,46,24,182,156,0,156,338
04/09/2021,KOA,HI,AWP,WE,Federal Contract Tower,74,13,21,4,112,0,23,44,3,70,74,36,65,7,182,148,20,168,350
04/10/2021,KOA,HI,AWP,WE,Federal Contract Tower,77,27,14,10,128,0,24,33,2,59,77,51,47,12,187,46,4,50,237
04/11/2021,KOA,HI,AWP,WE,Federal Contract Tower,74,13,16,2,105,0,19,23,2,44,74,32,39,4,149,6,0,6,155
04/12/2021,KOA,HI,AWP,WE,Federal Contract Tower,74,12,6,3,95,0,19,52,1,72,74,31,58,4,167,176,0,176,343
04/13/2021,KOA,HI,AWP,WE,Federal Contract Tower,70,3,11,4,88,0,15,41,0,56,70,18,52,4,144,80,6,86,230
04/14/2021,KOA,HI,AWP,WE,Federal Contract Tower,74,5,11,5,95,0,16,47,1,64,74,21,58,6,159,150,4,154,313
04/15/2021,KOA,HI,AWP,WE,Federal Contract Tower,74,8,12,9,103,0,26,52,0,78,74,34,64,9,181,182,18,200,381
04/16/2021,KOA,HI,AWP,WE,Federal Contract Tower,80,6,14,5,105,0,24,40,4,68,80,30,54,9,173,90,0,90,263
04/17/2021,KOA,HI,AWP,WE,Federal Contract Tower,76,6,13,2,97,0,33,25,0,58,76,39,38,2,155,62,0,62,217
04/18/2021,KOA,HI,AWP,WE,Federal Contract Tower,72,2,10,0,84,0,19,29,0,48,72,21,39,0,132,6,0,6,138
04/19/2021,KOA,HI,AWP,WE,Federal Contract Tower,78,2,13,2,95,0,24,76,0,100,78,26,89,2,195,192,8,200,395
04/20/2021,KOA,HI,AWP,WE,Federal Contract Tower,74,10,7,7,98,0,15,47,0,62,74,25,54,7,160,134,0,134,294
04/21/2021,KOA,HI,AWP,WE,Federal Contract Tower,70,9,13,30,122,0,19,49,1,69,70,28,62,31,191,172,32,204,395
04/22/2021,KOA,HI,AWP,WE,Federal Contract Tower,79,8,8,4,99,0,16,41,0,57,79,24,49,4,156,132,0,132,288
04/23/2021,KOA,HI,AWP,WE,Federal Contract Tower,75,12,22,10,119,0,20,32,6,58,75,32,54,16,177,170,14,184,361
04/24/2021,KOA,HI,AWP,WE,Federal Contract Tower,72,7,7,0,86,0,27,22,0,49,72,34,29,0,135,128,0,128,263
04/25/2021,KOA,HI,AWP,WE,Federal Contract Tower,76,5,6,0,87,0,32,43,0,75,76,37,49,0,162,12,0,12,174
04/26/2021,KOA,HI,AWP,WE,Federal Contract Tower,77,6,8,15,106,0,23,49,3,75,77,29,57,18,181,174,36,210,391
04/27/2021,KOA,HI,AWP,WE,Federal Contract Tower,74,10,4,12,100,0,23,37,0,60,74,33,41,12,160,130,16,146,306
04/28/2021,KOA,HI,AWP,WE,Federal Contract Tower,70,15,15,20,120,0,14,39,0,53,70,29,54,20,173,114,2,116,289
04/29/2021,KOA,HI,AWP,WE,Federal Contract Tower,77,13,8,25,123,0,28,35,1,64,77,41,43,26,187,108,36,144,331
04/30/2021,KOA,HI,AWP,WE,Federal Contract Tower,74,5,10,0,89,0,24,31,12,67,74,29,41,12,156,100,4,104,260
05/01/2021,KOA,HI,AWP,WE,Federal Contract Tower,75,14,5,6,100,0,50,12,4,66,75,64,17,10,166,50,0,50,216
05/02/2021,KOA,HI,AWP,WE,Federal Contract Tower,78,5,18,2,103,0,8,19,3,30,78,13,37,5,133,6,0,6,139
05/03/2021,KOA,HI,AWP,WE,Federal Contract Tower,76,7,15,8,106,0,10,54,0,64,76,17,69,8,170,122,6,128,298
05/04/2021,KOA,HI,AWP,WE,Federal Contract Tower,69,8,12,23,112,0,18,37,0,55,69,26,49,23,167,120,6,126,293
05/05/2021,KOA,HI,AWP,WE,Federal Contract Tower,69,12,12,19,112,0,23,28,2,53,69,35,40,21,165,112,56,168,333
05/06/2021,KOA,HI,AWP,WE,Federal Contract Tower,75,5,3,0,83,0,20,32,0,52,75,25,35,0,135,76,0,76,211
05/07/2021,KOA,HI,AWP,WE,Federal Contract Tower,79,8,9,3,99,0,24,26,3,53,79,32,35,6,152,66,0,66,218
05/08/2021,KOA,HI,AWP,WE,Federal Contract Tower,74,16,8,0,98,0,26,23,0,49,74,42,31,0,147,56,0,56,203
05/09/2021,KOA,HI,AWP,WE,Federal Contract Tower,82,6,11,1,100,0,13,30,0,43,82,19,41,1,143,8,0,8,151
05/10/2021,KOA,HI,AWP,WE,Federal Contract Tower,80,8,14,1,103,0,16,30,0,46,80,24,44,1,149,116,0,116,265
05/11/2021,KOA,HI,AWP,WE,Federal Contract Tower,69,10,12,34,125,0,15,44,0,59,69,25,56,34,184,176,26,202,386
05/12/2021,KOA,HI,AWP,WE,Federal Contract Tower,74,6,8,5,93,0,24,37,4,65,74,30,45,9,158,142,14,156,314
05/13/2021,KOA,HI,AWP,WE,Federal Contract Tower,77,10,10,1,98,0,27,34,3,64,77,37,44,4,162,82,12,94,256
05/14/2021,KOA,HI,AWP,WE,Federal Contract Tower,81,6,7,2,96,0,24,38,2,64,81,30,45,4,160,126,0,126,286
05/15/2021,KOA,HI,AWP,WE,Federal Contract Tower,73,9,8,0,90,0,27,15,2,44,73,36,23,2,134,78,0,78,212
05/16/2021,KOA,HI,AWP,WE,Federal Contract Tower,84,8,8,0,100,0,15,20,0,35,84,23,28,0,135,16,0,16,151
05/17/2021,KOA,HI,AWP,WE,Federal Contract Tower,82,1,9,3,95,0,20,45,0,65,82,21,54,3,160,84,8,92,252
05/18/2021,KOA,HI,AWP,WE,Federal Contract Tower,76,2,10,9,97,0,22,67,2,91,76,24,77,11,188,126,26,152,340
05/19/2021,KOA,HI,AWP,WE,Federal Contract Tower,76,7,6,24,113,0,27,37,3,67,76,34,43,27,180,156,28,184,364
05/20/2021,KOA,HI,AWP,WE,Federal Contract Tower,83,8,16,21,128,0,31,31,1,63,83,39,47,22,191,96,0,96,287
05/21/2021,KOA,HI,AWP,WE,Federal Contract Tower,79,5,16,27,127,0,30,34,6,70,79,35,50,33,197,164,8,172,369
05/22/2021,KOA,HI,AWP,WE,Federal Contract Tower,74,2,13,3,92,0,24,28,5,57,74,26,41,8,149,48,0,48,197
05/23/2021,KOA,HI,AWP,WE,Federal Contract Tower,79,6,3,1,89,0,27,36,0,63,79,33,39,1,152,46,0,46,198
05/24/2021,KOA,HI,AWP,WE,Federal Contract Tower,80,6,10,2,98,0,25,30,2,57,80,31,40,4,155,138,34,172,327
05/25/2021,KOA,HI,AWP,WE,Federal Contract Tower,78,11,17,1,107,6,33,47,1,87,84,44,64,2,194,100,36,136,330
05/26/2021,KOA,HI,AWP,WE,Federal Contract Tower,73,8,9,0,90,0,33,48,5,86,73,41,57,5,176,135,8,143,319
05/27/2021,KOA,HI,AWP,WE,Federal Contract Tower,79,5,16,20,120,0,32,43,0,75,79,37,59,20,195,82,16,98,293
05/28/2021,KOA,HI,AWP,WE,Federal Contract Tower,75,7,14,1,97,0,27,43,1,71,75,34,57,2,168,101,0,101,269
05/29/2021,KOA,HI,AWP,WE,Federal Contract Tower,74,10,4,0,88,0,26,49,0,75,74,36,53,0,163,37,0,37,200
05/30/2021,KOA,HI,AWP,WE,Federal Contract Tower,76,1,4,0,81,0,19,22,1,42,76,20,26,1,123,8,0,8,131
05/31/2021,KOA,HI,AWP,WE,Federal Contract Tower,80,4,10,0,94,0,28,51,1,80,80,32,61,1,174,116,0,116,290
06/01/2021,KOA,HI,AWP,WE,Federal Contract Tower,96,10,5,4,115,0,26,44,2,72,96,36,49,6,187,116,16,132,319
06/02/2021,KOA,HI,AWP,WE,Federal Contract Tower,91,5,12,5,113,0,28,47,3,78,91,33,59,8,191,186,52,238,429
06/03/2021,KOA,HI,AWP,WE,Federal Contract Tower,102,6,15,0,123,0,26,49,4,79,102,32,64,4,202,126,0,126,328
06/04/2021,KOA,HI,AWP,WE,Federal Contract Tower,102,11,10,3,126,0,32,45,3,80,102,43,55,6,206,82,0,82,288
06/05/2021,KOA,HI,AWP,WE,Federal Contract Tower,93,8,12,6,119,0,28,19,13,60,93,36,31,19,179,8,0,8,187
06/06/2021,KOA,HI,AWP,WE,Federal Contract Tower,97,14,12,1,124,0,28,12,10,50,97,42,24,11,174,10,0,10,184
06/07/2021,KOA,HI,AWP,WE,Federal Contract Tower,101,5,16,2,124,0,24,36,10,70,101,29,52,12,194,50,22,72,266
06/08/2021,KOA,HI,AWP,WE,Federal Contract Tower,101,8,11,11,131,0,0,0,0,0,101,8,11,11,131,90,24,114,245
06/09/2021,KOA,HI,AWP,WE,Federal Contract Tower,100,8,9,0,117,0,25,45,0,70,100,33,54,0,187,217,0,217,404
06/10/2021,KOA,HI,AWP,WE,Federal Contract Tower,100,14,15,2,131,0,34,28,3,65,100,48,43,5,196,156,8,164,360
06/11/2021,KOA,HI,AWP,WE,Federal Contract Tower,99,8,4,0,111,0,22,56,0,78,99,30,60,0,189,128,0,128,317
06/12/2021,KOA,HI,AWP,WE,Federal Contract Tower,97,11,8,0,116,0,30,17,0,47,97,41,25,0,163,40,0,40,203
06/13/2021,KOA,HI,AWP,WE,Federal Contract Tower,91,6,4,0,101,0,27,23,2,52,91,33,27,2,153,48,0,48,201
06/14/2021,KOA,HI,AWP,WE,Federal Contract Tower,97,3,8,0,108,0,28,36,0,64,97,31,44,0,172,44,0,44,216
06/15/2021,KOA,HI,AWP,WE,Federal Contract Tower,94,16,4,4,118,0,29,70,0,99,94,45,74,4,217,102,8,110,327
06/16/2021,KOA,HI,AWP,WE,Federal Contract Tower,95,6,9,4,114,0,26,39,0,65,95,32,48,4,179,146,20,166,345
06/17/2021,KOA,HI,AWP,WE,Federal Contract Tower,103,8,14,3,128,0,28,42,0,70,103,36,56,3,198,70,0,70,268
06/18/2021,KOA,HI,AWP,WE,Federal Contract Tower,95,11,12,1,119,0,25,47,2,74,95,36,59,3,193,126,0,126,319
06/19/2021,KOA,HI,AWP,WE,Federal Contract Tower,93,8,11,2,114,0,27,30,3,60,93,35,41,5,174,0,6,6,180
06/20/2021,KOA,HI,AWP,WE,Federal Contract Tower,94,5,10,0,109,0,25,22,0,47,94,30,32,0,156,0,0,0,156
06/21/2021,KOA,HI,AWP,WE,Federal Contract Tower,98,22,5,1,126,0,0,0,0,0,98,22,5,1,126,130,0,130,256
06/22/2021,KOA,HI,AWP,WE,Federal Contract Tower,96,6,6,1,109,0,27,63,5,95,96,33,69,6,204,108,16,124,328
06/23/2021,KOA,HI,AWP,WE,Federal Contract Tower,95,13,5,19,132,0,23,41,0,64,95,36,46,19,196,62,6,68,264
06/24/2021,KOA,HI,AWP,WE,Federal Contract Tower,101,7,12,4,124,0,33,43,4,80,101,40,55,8,204,54,24,78,282
06/25/2021,KOA,HI,AWP,WE,Federal Contract Tower,92,9,6,6,113,0,34,43,6,83,92,43,49,12,196,38,0,38,234
06/26/2021,KOA,HI,AWP,WE,Federal Contract Tower,90,10,10,1,111,0,22,28,4,54,90,32,38,5,165,62,0,62,227
06/27/2021,KOA,HI,AWP,WE,Federal Contract Tower,100,11,12,0,123,0,26,26,6,58,100,37,38,6,181,2,0,2,183
06/28/2021,KOA,HI,AWP,WE,Federal Contract Tower,101,6,12,0,119,0,28,37,0,65,101,34,49,0,184,58,0,58,242
06/29/2021,KOA,HI,AWP,WE,Federal Contract Tower,93,10,8,5,116,0,24,35,3,62,93,34,43,8,178,40,4,44,222
06/30/2021,KOA,HI,AWP,WE,Federal Contract Tower,101,11,3,6,121,0,27,35,0,62,101,38,38,6,183,136,20,156,339
07/01/2021,KOA,HI,AWP,WE,Federal Contract Tower,105,9,15,8,137,0,24,29,0,53,105,33,44,8,190,146,0,146,336
07/02/2021,KOA,HI,AWP,WE,Federal Contract Tower,104,18,14,0,136,0,27,35,0,62,104,45,49,0,198,52,0,52,250
07/03/2021,KOA,HI,AWP,WE,Federal Contract Tower,95,8,8,9,120,0,29,25,0,54,95,37,33,9,174,0,0,0,174
07/04/2021,KOA,HI,AWP,WE,Federal Contract Tower,89,3,5,0,97,0,26,13,0,39,89,29,18,0,136,16,0,16,152
07/05/2021,KOA,HI,AWP,WE,Federal Contract Tower,94,12,9,0,115,0,23,34,0,57,94,35,43,0,172,132,0,132,304
07/06/2021,KOA,HI,AWP,WE,Federal Contract Tower,94,12,13,3,122,0,27,32,0,59,94,39,45,3,181,68,8,76,257
07/07/2021,KOA,HI,AWP,WE,Federal Contract Tower,95,6,11,14,126,0,27,35,2,64,95,33,46,16,190,124,6,130,320
07/08/2021,KOA,HI,AWP,WE,Federal Contract Tower,100,19,10,18,147,0,26,44,1,71,100,45,54,19,218,128,36,164,382
07/09/2021,KOA,HI,AWP,WE,Federal Contract Tower,102,12,6,11,131,0,28,44,2,74,102,40,50,13,205,62,40,102,307
07/10/2021,KOA,HI,AWP,WE,Federal Contract Tower,95,11,7,2,115,0,31,24,0,55,95,42,31,2,170,30,20,50,220
07/11/2021,KOA,HI,AWP,WE,Federal Contract Tower,98,13,11,0,122,0,31,18,0,49,98,44,29,0,171,56,0,56,227
07/12/2021,KOA,HI,AWP,WE,Federal Contract Tower,101,10,14,6,131,0,33,37,4,74,101,43,51,10,205,180,0,180,385
07/13/2021,KOA,HI,AWP,WE,Federal Contract Tower,96,10,6,2,114,0,31,33,0,64,96,41,39,2,178,100,0,100,278
07/14/2021,KOA,HI,AWP,WE,Federal Contract Tower,103,12,6,10,131,0,28,26,0,54,103,40,32,10,185,142,38,180,365
07/15/2021,KOA,HI,AWP,WE,Federal Contract Tower,107,7,7,7,128,0,33,26,5,64,107,40,33,12,192,68,13,81,273
07/16/2021,KOA,HI,AWP,WE,Federal Contract Tower,99,11,9,1,120,0,29,33,0,62,99,40,42,1,182,74,10,84,266
07/17/2021,KOA,HI,AWP,WE,Federal Contract Tower,96,7,11,0,114,0,25,28,3,56,96,32,39,3,170,42,0,42,212
07/18/2021,KOA,HI,AWP,WE,Federal Contract Tower,100,10,1,0,111,0,27,31,3,61,100,37,32,3,172,12,0,12,184
07/19/2021,KOA,HI,AWP,WE,Federal Contract Tower,103,11,9,17,140,0,26,31,0,57,103,37,40,17,197,70,9,79,276
07/20/2021,KOA,HI,AWP,WE,Federal Contract Tower,97,14,4,9,124,0,37,37,1,75,97,51,41,10,199,74,22,96,295
07/21/2021,KOA,HI,AWP,WE,Federal Contract Tower,96,10,15,20,141,0,34,36,2,72,96,44,51,22,213,128,46,174,387
07/22/2021,KOA,HI,AWP,WE,Federal Contract Tower,101,16,6,3,126,0,29,39,0,68,101,45,45,3,194,176,4,180,374
07/23/2021,KOA,HI,AWP,WE,Federal Contract Tower,99,15,6,8,128,0,23,29,2,54,99,38,35,10,182,108,10,118,300
07/24/2021,KOA,HI,AWP,WE,Federal Contract Tower,93,7,8,0,108,0,36,28,0,64,93,43,36,0,172,26,0,26,198
07/25/2021,KOA,HI,AWP,WE,Federal Contract Tower,99,15,0,0,114,0,17,28,0,45,99,32,28,0,159,38,0,38,197
07/26/2021,KOA,HI,AWP,WE,Federal Contract Tower,106,6,3,0,115,0,33,35,0,68,106,39,38,0,183,44,0,44,227
07/27/2021,KOA,HI,AWP,WE,Federal Contract Tower,102,3,8,4,117,0,25,25,3,53,102,28,33,7,170,135,36,171,341
07/28/2021,KOA,HI,AWP,WE,Federal Contract Tower,100,6,13,5,124,0,30,42,0,72,100,36,55,5,196,112,22,134,330
07/29/2021,KOA,HI,AWP,WE,Federal Contract Tower,105,8,10,1,124,0,26,25,0,51,105,34,35,1,175,82,2,84,259
07/30/2021,KOA,HI,AWP,WE,Federal Contract Tower,104,7,6,6,123,0,22,37,6,65,104,29,43,12,188,24,16,40,228
07/31/2021,KOA,HI,AWP,WE,Federal Contract Tower,93,12,10,1,116,0,23,34,5,62,93,35,44,6,178,8,0,8,186
08/01/2021,KOA,HI,AWP,WE,Federal Contract Tower,100,14,11,1,126,0,27,31,7,65,100,41,42,8,191,0,0,0,191
08/02/2021,KOA,HI,AWP,WE,Federal Contract Tower,108,14,9,7,138,0,21,24,0,45,108,35,33,7,183,114,22,136,319
08/03/2021,KOA,HI,AWP,WE,Federal Contract Tower,106,13,5,16,140,0,23,36,2,61,106,36,41,18,201,128,20,148,349
08/04/2021,KOA,HI,AWP,WE,Federal Contract Tower,100,7,5,9,121,0,25,38,0,63,100,32,43,9,184,78,10,88,272
08/05/2021,KOA,HI,AWP,WE,Federal Contract Tower,109,12,11,6,138,0,20,20,2,42,109,32,31,8,180,30,12,42,222
08/06/2021,KOA,HI,AWP,WE,Federal Contract Tower,105,12,11,5,133,0,24,27,0,51,105,36,38,5,184,56,6,62,246
08/07/2021,KOA,HI,AWP,WE,Federal Contract Tower,98,9,10,4,121,0,23,34,0,57,98,32,44,4,178,14,2,16,194
08/08/2021,KOA,HI,AWP,WE,Federal Contract Tower,102,7,13,0,122,0,29,33,0,62,102,36,46,0,184,4,0,4,188
08/09/2021,KOA,HI,AWP,WE,Federal Contract Tower,104,13,21,7,145,0,40,40,0,80,104,53,61,7,225,34,4,38,263
08/10/2021,KOA,HI,AWP,WE,Federal Contract Tower,103,6,17,0,126,0,34,39,0,73,103,40,56,0,199,46,0,46,245
08/11/2021,KOA,HI,AWP,WE,Federal Contract Tower,102,5,10,1,118,0,29,39,0,68,102,34,49,1,186,30,2,32,218
08/12/2021,KOA,HI,AWP,WE,Federal Contract Tower,108,8,30,13,159,0,38,46,1,85,108,46,76,14,244,82,28,110,354
08/13/2021,KOA,HI,AWP,WE,Federal Contract Tower,106,5,18,13,142,0,31,46,0,77,106,36,64,13,219,96,20,116,335
08/15/2021,KOA,HI,AWP,WE,Federal Contract Tower,103,11,10,0,124,0,30,22,0,52,103,41,32,0,176,22,0,22,198
08/16/2021,KOA,HI,AWP,WE,Federal Contract Tower,101,12,7,2,122,0,35,35,2,72,101,47,42,4,194,76,18,94,288
08/17/2021,KOA,HI,AWP,WE,Federal Contract Tower,103,7,7,21,138,0,27,40,0,67,103,34,47,21,205,54,0,54,259
08/18/2021,KOA,HI,AWP,WE,Federal Contract Tower,97,4,12,7,120,0,30,39,1,70,97,34,51,8,190,174,14,188,378
08/19/2021,KOA,HI,AWP,WE,Federal Contract Tower,110,6,12,2,130,0,30,36,6,72,110,36,48,8,202,84,8,92,294
08/20/2021,KOA,HI,AWP,WE,Federal Contract Tower,104,6,6,0,116,0,33,46,0,79,104,39,52,0,195,72,0,72,267
08/21/2021,KOA,HI,AWP,WE,Federal Contract Tower,91,9,9,8,117,0,20,22,0,42,91,29,31,8,159,8,18,26,185
08/22/2021,KOA,HI,AWP,WE,Federal Contract Tower,102,9,16,1,128,0,23,26,1,50,102,32,42,2,178,100,8,108,286
08/23/2021,KOA,HI,AWP,WE,Federal Contract Tower,105,18,13,7,143,0,19,32,2,53,105,37,45,9,196,128,4,132,328
08/24/2021,KOA,HI,AWP,WE,Federal Contract Tower,95,3,11,2,111,0,25,32,0,57,95,28,43,2,168,116,16,132,300
08/25/2021,KOA,HI,AWP,WE,Federal Contract Tower,103,11,6,5,125,0,16,40,3,59,103,27,46,8,184,102,14,116,300
08/26/2021,KOA,HI,AWP,WE,Federal Contract Tower,100,5,9,3,117,0,34,29,3,66,100,39,38,6,183,122,16,138,321
08/27/2021,KOA,HI,AWP,WE,Federal Contract Tower,108,10,8,1,127,0,16,36,3,55,108,26,44,4,182,70,22,92,274
08/28/2021,KOA,HI,AWP,WE,Federal Contract Tower,93,6,5,0,104,0,22,25,0,47,93,28,30,0,151,22,0,22,173
08/29/2021,KOA,HI,AWP,WE,Federal Contract Tower,98,5,0,0,103,0,28,32,0,60,98,33,32,0,163,16,0,16,179
08/30/2021,KOA,HI,AWP,WE,Federal Contract Tower,104,9,4,4,121,0,31,33,0,64,104,40,37,4,185,54,6,60,245
08/31/2021,KOA,HI,AWP,WE,Federal Contract Tower,100,7,4,8,119,0,21,39,0,60,100,28,43,8,179,98,21,119,298
09/01/2021,KOA,HI,AWP,WE,Federal Contract Tower,96,4,9,5,114,0,19,25,3,47,96,23,34,8,161,114,16,130,291
09/02/2021,KOA,HI,AWP,WE,Federal Contract Tower,106,5,8,6,125,0,25,37,3,65,106,30,45,9,190,98,42,140,330
09/03/2021,KOA,HI,AWP,WE,Federal Contract Tower,106,7,6,0,119,0,20,36,2,58,106,27,42,2,177,86,0,86,263
09/04/2021,KOA,HI,AWP,WE,Federal Contract Tower,94,8,7,0,109,0,32,33,0,65,94,40,40,0,174,32,0,32,206
09/05/2021,KOA,HI,AWP,WE,Federal Contract Tower,96,9,9,4,118,0,21,24,0,45,96,30,33,4,163,6,0,6,169
09/06/2021,KOA,HI,AWP,WE,Federal Contract Tower,107,9,11,6,133,0,31,33,2,66,107,40,44,8,199,68,0,68,267
09/07/2021,KOA,HI,AWP,WE,Federal Contract Tower,100,6,7,3,116,0,21,30,1,52,100,27,37,4,168,154,3,157,325
09/08/2021,KOA,HI,AWP,WE,Federal Contract Tower,94,7,6,7,114,0,21,36,2,59,94,28,42,9,173,84,8,92,265
09/09/2021,KOA,HI,AWP,WE,Federal Contract Tower,99,8,7,7,121,0,22,27,1,50,99,30,34,8,171,114,12,126,297
09/10/2021,KOA,HI,AWP,WE,Federal Contract Tower,94,5,9,22,130,0,23,32,0,55,94,28,41,22,185,122,26,148,333
09/11/2021,KOA,HI,AWP,WE,Federal Contract Tower,91,5,7,3,106,0,30,27,4,61,91,35,34,7,167,0,10,10,177
09/12/2021,KOA,HI,AWP,WE,Federal Contract Tower,97,10,3,0,110,0,12,10,0,22,97,22,13,0,132,8,0,8,140
09/13/2021,KOA,HI,AWP,WE,Federal Contract Tower,89,6,6,8,109,0,23,31,3,57,89,29,37,11,166,56,14,70,236
09/14/2021,KOA,HI,AWP,WE,Federal Contract Tower,96,6,7,0,109,0,27,32,1,60,96,33,39,1,169,56,0,56,225
09/15/2021,KOA,HI,AWP,WE,Federal Contract Tower,93,8,0,3,104,0,20,39,5,64,93,28,39,8,168,94,20,114,282
09/16/2021,KOA,HI,AWP,WE,Federal Contract Tower,99,5,6,2,112,0,24,25,0,49,99,29,31,2,161,108,6,114,275
09/17/2021,KOA,HI,AWP,WE,Federal Contract Tower,94,4,2,13,113,0,23,26,2,51,94,27,28,15,164,168,0,168,332
09/18/2021,KOA,HI,AWP,WE,Federal Contract Tower,90,6,7,0,103,0,37,25,0,62,90,43,32,0,165,56,0,56,221
09/19/2021,KOA,HI,AWP,WE,Federal Contract Tower,94,4,2,0,100,0,27,17,0,44,94,31,19,0,144,46,0,46,190
09/20/2021,KOA,HI,AWP,WE,Federal Contract Tower,95,9,5,0,109,0,24,28,1,53,95,33,33,1,162,112,12,124,286
09/21/2021,KOA,HI,AWP,WE,Federal Contract Tower,93,5,2,13,113,0,20,26,6,52,93,25,28,19,165,80,44,124,289
09/22/2021,KOA,HI,AWP,WE,Federal Contract Tower,97,5,3,8,113,0,19,37,1,57,97,24,40,9,170,164,18,182,352
09/23/2021,KOA,HI,AWP,WE,Federal Contract Tower,96,9,5,9,119,0,26,23,13,62,96,35,28,22,181,114,16,130,311
09/24/2021,KOA,HI,AWP,WE,Federal Contract Tower,95,6,5,9,115,0,18,34,2,54,95,24,39,11,169,192,0,192,361
09/25/2021,KOA,HI,AWP,WE,Federal Contract Tower,84,9,2,0,95,0,25,11,10,46,84,34,13,10,141,8,0,8,149
09/26/2021,KOA,HI,AWP,WE,Federal Contract Tower,92,5,3,2,102,0,22,12,0,34,92,27,15,2,136,30,16,46,182
09/27/2021,KOA,HI,AWP,WE,Federal Contract Tower,97,5,3,15,120,0,27,26,5,58,97,32,29,20,178,76,20,96,274
09/28/2021,KOA,HI,AWP,WE,Federal Contract Tower,94,7,5,12,118,0,28,26,3,57,94,35,31,15,175,47,20,67,242
09/29/2021,KOA,HI,AWP,WE,Federal Contract Tower,98,13,4,13,128,0,35,31,6,72,98,48,35,19,200,74,8,82,282
09/30/2021,KOA,HI,AWP,WE,Federal Contract Tower,106,9,7,3,125,0,28,37,6,71,106,37,44,9,196,84,6,90,286
10/01/2021,KOA,HI,AWP,WE,Federal Contract Tower,94,8,14,16,132,0,25,46,5,76,94,33,60,21,208,160,32,192,400
10/02/2021,KOA,HI,AWP,WE,Federal Contract Tower,86,4,5,0,95,0,34,19,0,53,86,38,24,0,148,0,0,0,148
10/03/2021,KOA,HI,AWP,WE,Federal Contract Tower,90,8,5,4,107,0,21,14,0,35,90,29,19,4,142,26,0,26,168
10/04/2021,KOA,HI,AWP,WE,Federal Contract Tower,92,4,6,0,102,0,22,18,0,40,92,26,24,0,142,142,0,142,284
10/05/2021,KOA,HI,AWP,WE,Federal Contract Tower,93,6,15,6,120,0,30,36,0,66,93,36,51,6,186,42,24,66,252
10/06/2021,KOA,HI,AWP,WE,Federal Contract Tower,91,6,12,2,111,0,25,35,0,60,91,31,47,2,171,130,0,130,301
10/07/2021,KOA,HI,AWP,WE,Federal Contract Tower,101,5,3,0,109,0,39,34,1,74,101,44,37,1,183,102,0,102,285
10/08/2021,KOA,HI,AWP,WE,Federal Contract Tower,96,4,5,4,109,0,30,32,5,67,96,34,37,9,176,98,0,98,274
10/09/2021,KOA,HI,AWP,WE,Federal Contract Tower,93,11,2,0,106,0,27,11,2,40,93,38,13,2,146,62,16,78,224
10/10/2021,KOA,HI,AWP,WE,Federal Contract Tower,85,8,9,0,102,0,27,9,2,38,85,35,18,2,140,8,0,8,148
10/11/2021,KOA,HI,AWP,WE,Federal Contract Tower,91,9,6,0,106,0,27,44,0,71,91,36,50,0,177,82,0,82,259
10/12/2021,KOA,HI,AWP,WE,Federal Contract Tower,92,9,7,0,108,0,24,34,0,58,92,33,41,0,166,129,0,129,295
10/13/2021,KOA,HI,AWP,WE,Federal Contract Tower,94,10,6,10,120,0,25,39,2,66,94,35,45,12,186,144,20,164,350
10/14/2021,KOA,HI,AWP,WE,Federal Contract Tower,103,6,5,12,126,0,31,33,4,68,103,37,38,16,194,148,24,172,366
10/15/2021,KOA,HI,AWP,WE,Federal Contract Tower,95,5,8,0,108,0,30,32,0,62,95,35,40,0,170,124,0,124,294
10/16/2021,KOA,HI,AWP,WE,Federal Contract Tower,89,13,4,0,106,0,24,23,0,47,89,37,27,0,153,40,0,40,193
10/17/2021,KOA,HI,AWP,WE,Federal Contract Tower,88,5,5,0,98,0,25,29,1,55,88,30,34,1,153,40,0,40,193
10/18/2021,KOA,HI,AWP,WE,Federal Contract Tower,99,6,6,3,114,0,28,38,0,66,99,34,44,3,180,118,24,142,322
10/19/2021,KOA,HI,AWP,WE,Federal Contract Tower,98,3,7,0,108,0,31,41,0,72,98,34,48,0,180,58,0,58,238
10/20/2021,KOA,HI,AWP,WE,Federal Contract Tower,93,8,6,3,110,0,26,42,2,70,93,34,48,5,180,80,12,92,272
10/21/2021,KOA,HI,AWP,WE,Federal Contract Tower,102,5,8,14,129,0,31,37,1,69,102,36,45,15,198,60,34,94,292
10/22/2021,KOA,HI,AWP,WE,Federal Contract Tower,93,7,8,5,113,0,30,31,6,67,93,37,39,11,180,48,0,48,228
10/23/2021,KOA,HI,AWP,WE,Federal Contract Tower,89,11,3,0,103,0,20,19,0,39,89,31,22,0,142,50,0,50,192
10/24/2021,KOA,HI,AWP,WE,Federal Contract Tower,93,5,6,4,108,0,35,20,0,55,93,40,26,4,163,2,6,8,171
10/25/2021,KOA,HI,AWP,WE,Federal Contract Tower,94,8,7,6,115,0,31,33,3,67,94,39,40,9,182,72,8,80,262
10/26/2021,KOA,HI,AWP,WE,Federal Contract Tower,93,8,5,5,111,0,30,26,0,56,93,38,31,5,167,84,20,104,271
10/27/2021,KOA,HI,AWP,WE,Federal Contract Tower,90,8,3,2,103,0,27,54,1,82,90,35,57,3,185,26,0,26,211
10/28/2021,KOA,HI,AWP,WE,Federal Contract Tower,98,7,17,15,137,0,27,36,0,63,98,34,53,15,200,112,40,152,352
10/29/2021,KOA,HI,AWP,WE,Federal Contract Tower,96,8,10,0,114,0,24,41,0,65,96,32,51,0,179,74,0,74,253
10/30/2021,KOA,HI,AWP,WE,Federal Contract Tower,86,5,7,0,98,0,22,23,0,45,86,27,30,0,143,0,0,0,143
10/31/2021,KOA,HI,AWP,WE,Federal Contract Tower,86,2,7,0,95,0,22,16,2,40,86,24,23,2,135,0,0,0,135
11/01/2021,KOA,HI,AWP,WE,Federal Contract Tower,94,4,10,12,120,0,27,28,2,57,94,31,38,14,177,78,6,84,261
11/02/2021,KOA,HI,AWP,WE,Federal Contract Tower,94,2,3,8,107,0,23,45,2,70,94,25,48,10,177,64,16,80,257
11/03/2021,KOA,HI,AWP,WE,Federal Contract Tower,93,3,5,9,110,0,22,31,1,54,93,25,36,10,164,74,8,82,246
11/04/2021,KOA,HI,AWP,WE,Federal Contract Tower,102,4,9,1,116,0,25,29,8,62,102,29,38,9,178,126,0,126,304
11/05/2021,KOA,HI,AWP,WE,Federal Contract Tower,100,7,9,2,118,0,30,49,2,81,100,37,58,4,199,108,10,118,317
11/06/2021,KOA,HI,AWP,WE,Federal Contract Tower,86,9,3,6,104,0,30,20,2,52,86,39,23,8,156,2,0,2,158
11/07/2021,KOA,HI,AWP,WE,Federal Contract Tower,89,3,9,0,101,0,21,14,0,35,89,24,23,0,136,6,0,6,142
11/08/2021,KOA,HI,AWP,WE,Federal Contract Tower,96,6,6,5,113,0,29,41,1,71,96,35,47,6,184,128,10,138,322
11/09/2021,KOA,HI,AWP,WE,Federal Contract Tower,92,7,12,4,115,0,33,45,1,79,92,40,57,5,194,78,26,104,298
11/10/2021,KOA,HI,AWP,WE,Federal Contract Tower,88,4,14,10,116,0,33,51,0,84,88,37,65,10,200,148,0,148,348
11/11/2021,KOA,HI,AWP,WE,Federal Contract Tower,95,6,11,0,112,0,33,55,0,88,95,39,66,0,200,48,0,48,248
11/12/2021,KOA,HI,AWP,WE,Federal Contract Tower,90,5,8,0,103,0,27,59,4,90,90,32,67,4,193,108,0,108,301
11/13/2021,KOA,HI,AWP,WE,Federal Contract Tower,85,13,12,0,110,0,32,39,7,78,85,45,51,7,188,16,0,16,204
11/14/2021,KOA,HI,AWP,WE,Federal Contract Tower,89,16,5,1,111,0,25,14,3,42,89,41,19,4,153,0,0,0,153
11/15/2021,KOA,HI,AWP,WE,Federal Contract Tower,89,10,10,4,113,0,24,38,0,62,89,34,48,4,175,206,2,208,383
11/16/2021,KOA,HI,AWP,WE,Federal Contract Tower,94,2,7,5,108,0,29,46,0,75,94,31,53,5,183,154,44,198,381
11/17/2021,KOA,HI,AWP,WE,Federal Contract Tower,89,14,8,2,113,0,28,57,0,85,89,42,65,2,198,136,6,142,340
11/18/2021,KOA,HI,AWP,WE,Federal Contract Tower,100,13,14,6,133,0,35,59,0,94,100,48,73,6,227,194,22,216,443
11/19/2021,KOA,HI,AWP,WE,Federal Contract Tower,96,16,11,1,124,0,46,50,0,96,96,62,61,1,220,66,6,72,292
11/20/2021,KOA,HI,AWP,WE,Federal Contract Tower,97,11,16,0,124,0,24,29,0,53,97,35,45,0,177,8,0,8,185
11/21/2021,KOA,HI,AWP,WE,Federal Contract Tower,96,9,22,0,127,0,43,36,0,79,96,52,58,0,206,32,0,32,238
11/22/2021,KOA,HI,AWP,WE,Federal Contract Tower,101,12,11,11,135,0,35,36,3,74,101,47,47,14,209,150,14,164,373
11/23/2021,KOA,HI,AWP,WE,Federal Contract Tower,99,7,11,20,137,0,33,48,2,83,99,40,59,22,220,146,18,164,384
11/24/2021,KOA,HI,AWP,WE,Federal Contract Tower,97,10,8,14,129,0,36,54,0,90,97,46,62,14,219,88,30,118,337
11/25/2021,KOA,HI,AWP,WE,Federal Contract Tower,88,4,8,0,100,0,29,21,0,50,88,33,29,0,150,62,0,62,212
11/26/2021,KOA,HI,AWP,WE,Federal Contract Tower,91,13,7,3,114,0,29,33,0,62,91,42,40,3,176,68,0,68,244
11/27/2021,KOA,HI,AWP,WE,Federal Contract Tower,96,13,20,0,129,0,30,19,0,49,96,43,39,0,178,4,0,4,182
11/28/2021,KOA,HI,AWP,WE,Federal Contract Tower,97,15,33,0,145,0,20,9,0,29,97,35,42,0,174,12,0,12,186
11/29/2021,KOA,HI,AWP,WE,Federal Contract Tower,102,12,10,0,124,0,15,18,0,33,102,27,28,0,157,52,0,52,209
11/30/2021,KOA,HI,AWP,WE,Federal Contract Tower,94,9,13,6,122,0,28,23,0,51,94,37,36,6,173,166,18,184,357
12/01/2021,KOA,HI,AWP,WE,Federal Contract Tower,88,11,7,1,107,0,19,41,11,71,88,30,48,12,178,108,0,108,286
12/02/2021,KOA,HI,AWP,WE,Federal Contract Tower,93,3,19,7,122,0,35,51,0,86,93,38,70,7,208,188,8,196,404
12/03/2021,KOA,HI,AWP,WE,Federal Contract Tower,98,20,8,1,127,0,12,15,0,27,98,32,23,1,154,98,0,98,252
12/04/2021,KOA,HI,AWP,WE,Federal Contract Tower,86,26,12,0,124,0,15,1,1,17,86,41,13,1,141,14,0,14,155
12/06/2021,KOA,HI,AWP,WE,Federal Contract Tower,91,13,11,2,117,0,6,26,2,34,91,19,37,4,151,160,0,160,311
12/07/2021,KOA,HI,AWP,WE,Federal Contract Tower,86,17,11,8,122,0,10,12,2,24,86,27,23,10,146,96,0,96,242
12/08/2021,KOA,HI,AWP,WE,Federal Contract Tower,90,11,13,8,122,0,27,46,4,77,90,38,59,12,199,90,42,132,331
12/09/2021,KOA,HI,AWP,WE,Federal Contract Tower,96,10,13,3,122,0,45,40,0,85,96,55,53,3,207,72,6,78,285
12/10/2021,KOA,HI,AWP,WE,Federal Contract Tower,93,6,14,4,117,0,28,55,2,85,93,34,69,6,202,112,20,132,334
12/11/2021,KOA,HI,AWP,WE,Federal Contract Tower,89,5,8,0,102,0,20,23,2,45,89,25,31,2,147,2,0,2,149
12/12/2021,KOA,HI,AWP,WE,Federal Contract Tower,86,6,11,0,103,0,21,22,2,45,86,27,33,2,148,4,0,4,152
12/13/2021,KOA,HI,AWP,WE,Federal Contract Tower,92,5,10,4,111,0,17,43,0,60,92,22,53,4,171,176,0,176,347
12/14/2021,KOA,HI,AWP,WE,Federal Contract Tower,90,4,9,4,107,0,27,53,2,82,90,31,62,6,189,128,12,140,329
12/15/2021,KOA,HI,AWP,WE,Federal Contract Tower,86,11,13,2,112,0,25,39,2,66,86,36,52,4,178,156,4,160,338
12/16/2021,KOA,HI,AWP,WE,Federal Contract Tower,108,14,16,1,139,0,32,35,1,68,108,46,51,2,207,130,8,138,345
12/17/2021,KOA,HI,AWP,WE,Federal Contract Tower,102,9,19,0,130,0,42,58,7,107,102,51,77,7,237,134,0,134,371
12/18/2021,KOA,HI,AWP,WE,Federal Contract Tower,109,21,23,1,154,0,35,25,6,66,109,56,48,7,220,10,0,10,230
12/19/2021,KOA,HI,AWP,WE,Federal Contract Tower,99,22,18,3,142,0,17,24,9,50,99,39,42,12,192,58,0,58,250
12/20/2021,KOA,HI,AWP,WE,Federal Contract Tower,106,14,13,5,138,0,39,45,3,87,106,53,58,8,225,190,20,210,435
12/21/2021,KOA,HI,AWP,WE,Federal Contract Tower,102,16,15,6,139,0,28,49,8,85,102,44,64,14,224,100,58,158,382
12/22/2021,KOA,HI,AWP,WE,Federal Contract Tower,107,19,12,0,138,0,27,32,0,59,107,46,44,0,197,46,0,46,243
12/23/2021,KOA,HI,AWP,WE,Federal Contract Tower,110,14,23,1,148,0,36,45,0,81,110,50,68,1,229,132,0,132,361
12/24/2021,KOA,HI,AWP,WE,Federal Contract Tower,104,10,15,0,129,0,36,38,0,74,104,46,53,0,203,26,0,26,229
12/25/2021,KOA,HI,AWP,WE,Federal Contract Tower,92,8,7,0,107,0,19,14,0,33,92,27,21,0,140,18,0,18,158
12/26/2021,KOA,HI,AWP,WE,Federal Contract Tower,95,15,33,0,143,0,46,33,0,79,95,61,66,0,222,8,0,8,230
12/27/2021,KOA,HI,AWP,WE,Federal Contract Tower,107,12,26,6,151,0,56,60,0,116,107,68,86,6,267,36,0,36,303
12/28/2021,KOA,HI,AWP,WE,Federal Contract Tower,100,10,11,8,129,0,47,74,0,121,100,57,85,8,250,84,0,84,334
12/29/2021,KOA,HI,AWP,WE,Federal Contract Tower,98,16,13,0,127,0,37,47,0,84,98,53,60,0,211,52,0,52,263
12/30/2021,KOA,HI,AWP,WE,Federal Contract Tower,93,10,11,5,119,0,29,37,0,66,93,39,48,5,185,78,12,90,275
12/31/2021,KOA,HI,AWP,WE,Federal Contract Tower,94,11,18,1,124,0,18,30,0,48,94,29,48,1,172,122,2,124,296
01/01/2022,KOA,HI,AWP,WE,Federal Contract Tower,87,11,29,0,127,0,37,20,0,57,87,48,49,0,184,0,0,0,184
01/02/2022,KOA,HI,AWP,WE,Federal Contract Tower,95,18,37,0,150,0,26,25,0,51,95,44,62,0,201,36,0,36,237
01/03/2022,KOA,HI,AWP,WE,Federal Contract Tower,99,14,27,0,140,0,35,55,0,90,99,49,82,0,230,111,0,111,341
01/04/2022,KOA,HI,AWP,WE,Federal Contract Tower,95,5,24,12,136,0,27,32,5,64,95,32,56,17,200,118,8,126,326
01/05/2022,KOA,HI,AWP,WE,Federal Contract Tower,92,10,11,6,119,0,27,44,2,73,92,37,55,8,192,54,26,80,272
01/06/2022,KOA,HI,AWP,WE,Federal Contract Tower,94,3,18,4,119,0,35,55,10,100,94,38,73,14,219,62,18,80,299
01/07/2022,KOA,HI,AWP,WE,Federal Contract Tower,95,6,17,17,135,0,25,52,0,77,95,31,69,17,212,68,26,94,306
01/08/2022,KOA,HI,AWP,WE,Federal Contract Tower,82,11,14,0,107,0,30,36,0,66,82,41,50,0,173,8,0,8,181
01/09/2022,KOA,HI,AWP,WE,Federal Contract Tower,89,10,12,1,112,0,33,40,5,78,89,43,52,6,190,20,10,30,220
01/10/2022,KOA,HI,AWP,WE,Federal Contract Tower,95,9,16,15,135,0,24,60,6,90,95,33,76,21,225,164,0,164,389
01/11/2022,KOA,HI,AWP,WE,Federal Contract Tower,90,15,11,2,118,0,30,42,0,72,90,45,53,2,190,100,0,100,290
01/12/2022,KOA,HI,AWP,WE,Federal Contract Tower,92,11,9,14,126,0,27,57,9,93,92,38,66,23,219,136,24,160,379
01/13/2022,KOA,HI,AWP,WE,Federal Contract Tower,90,10,16,3,119,0,32,63,2,97,90,42,79,5,216,106,28,134,350
01/14/2022,KOA,HI,AWP,WE,Federal Contract Tower,85,7,12,1,105,0,26,54,2,82,85,33,66,3,187,162,8,170,357
01/15/2022,KOA,HI,AWP,WE,Federal Contract Tower,81,9,10,3,103,0,19,38,0,57,81,28,48,3,160,2,0,2,162
01/16/2022,KOA,HI,AWP,WE,Federal Contract Tower,82,3,6,5,96,0,23,41,0,64,82,26,47,5,160,16,0,16,176
01/17/2022,KOA,HI,AWP,WE,Federal Contract Tower,88,10,11,0,109,0,31,38,0,69,88,41,49,0,178,90,0,90,268
01/18/2022,KOA,HI,AWP,WE,Federal Contract Tower,90,7,8,17,122,0,23,38,0,61,90,30,46,17,183,114,4,118,301
01/19/2022,KOA,HI,AWP,WE,Federal Contract Tower,78,15,8,1,102,0,24,50,1,75,78,39,58,2,177,70,10,80,257
01/20/2022,KOA,HI,AWP,WE,Federal Contract Tower,84,9,9,0,102,0,26,33,2,61,84,35,42,2,163,46,0,46,209
01/21/2022,KOA,HI,AWP,WE,Federal Contract Tower,83,4,12,0,99,0,29,34,2,65,83,33,46,2,164,58,0,58,222
01/22/2022,KOA,HI,AWP,WE,Federal Contract Tower,81,11,9,1,102,0,23,17,2,42,81,34,26,3,144,22,0,22,166
01/23/2022,KOA,HI,AWP,WE,Federal Contract Tower,83,13,7,0,103,0,24,41,4,69,83,37,48,4,172,46,0,46,218
01/24/2022,KOA,HI,AWP,WE,Federal Contract Tower,85,12,5,3,105,0,24,46,0,70,85,36,51,3,175,88,0,88,263
01/25/2022,KOA,HI,AWP,WE,Federal Contract Tower,82,6,14,3,105,0,32,60,6,98,82,38,74,9,203,168,20,188,391
01/26/2022,KOA,HI,AWP,WE,Federal Contract Tower,83,10,8,22,123,0,36,49,0,85,83,46,57,22,208,144,22,166,374
01/27/2022,KOA,HI,AWP,WE,Federal Contract Tower,85,12,13,8,118,0,19,67,2,88,85,31,80,10,206,222,8,230,436
01/28/2022,KOA,HI,AWP,WE,Federal Contract Tower,83,13,14,6,116,0,21,47,3,71,83,34,61,9,187,214,2,216,403
01/29/2022,KOA,HI,AWP,WE,Federal Contract Tower,76,7,13,2,98,0,20,34,8,62,76,27,47,10,160,0,0,0,160
01/30/2022,KOA,HI,AWP,WE,Federal Contract Tower,79,4,13,0,96,0,16,23,2,41,79,20,36,2,137,66,0,66,203
01/31/2022,KOA,HI,AWP,WE,Federal Contract Tower,83,9,15,7,114,0,26,79,2,107,83,35,94,9,221,178,12,190,411
02/01/2022,KOA,HI,AWP,WE,Federal Contract Tower,87,3,8,12,110,0,41,69,2,112,87,44,77,14,222,118,24,142,364
02/02/2022,KOA,HI,AWP,WE,Federal Contract Tower,86,11,2,16,115,0,32,51,0,83,86,43,53,16,198,210,14,224,422
02/03/2022,KOA,HI,AWP,WE,Federal Contract Tower,89,5,5,15,114,0,39,54,10,103,89,44,59,25,217,136,12,148,365
02/04/2022,KOA,HI,AWP,WE,Federal Contract Tower,85,9,11,5,110,0,25,47,3,75,85,34,58,8,185,100,10,110,295
02/05/2022,KOA,HI,AWP,WE,Federal Contract Tower,84,12,19,3,118,0,25,33,0,58,84,37,52,3,176,38,24,62,238
02/06/2022,KOA,HI,AWP,WE,Federal Contract Tower,82,9,14,7,112,0,27,23,1,51,82,36,37,8,163,26,0,26,189
02/07/2022,KOA,HI,AWP,WE,Federal Contract Tower,86,10,15,10,121,0,28,66,0,94,86,38,81,10,215,258,20,278,493
02/08/2022,KOA,HI,AWP,WE,Federal Contract Tower,89,8,3,8,108,0,34,75,13,122,89,42,78,21,230,96,26,122,352
02/09/2022,KOA,HI,AWP,WE,Federal Contract Tower,85,5,4,1,95,0,28,69,5,102,85,33,73,6,197,292,14,306,503
02/10/2022,KOA,HI,AWP,WE,Federal Contract Tower,91,9,14,6,120,0,27,57,0,84,91,36,71,6,204,156,10,166,370
02/11/2022,KOA,HI,AWP,WE,Federal Contract Tower,84,6,5,2,97,0,29,64,0,93,84,35,69,2,190,132,6,138,328
02/12/2022,KOA,HI,AWP,WE,Federal Contract Tower,84,13,10,3,110,0,34,35,1,70,84,47,45,4,180,10,0,10,190
02/13/2022,KOA,HI,AWP,WE,Federal Contract Tower,78,6,6,0,90,0,31,33,0,64,78,37,39,0,154,48,0,48,202
02/14/2022,KOA,HI,AWP,WE,Federal Contract Tower,90,11,12,0,113,0,26,59,0,85,90,37,71,0,198,154,12,166,364
02/15/2022,KOA,HI,AWP,WE,Federal Contract Tower,97,12,9,2,120,0,28,55,10,93,97,40,64,12,213,147,20,167,380
02/16/2022,KOA,HI,AWP,WE,Federal Contract Tower,88,4,9,0,101,0,28,56,2,86,88,32,65,2,187,58,0,58,245
02/17/2022,KOA,HI,AWP,WE,Federal Contract Tower,88,14,13,22,137,0,32,51,3,86,88,46,64,25,223,151,12,163,386
02/18/2022,KOA,HI,AWP,WE,Federal Contract Tower,100,11,10,3,124,0,34,63,0,97,100,45,73,3,221,134,0,134,355
02/19/2022,KOA,HI,AWP,WE,Federal Contract Tower,83,13,14,0,110,0,29,18,0,47,83,42,32,0,157,0,0,0,157
02/20/2022,KOA,HI,AWP,WE,Federal Contract Tower,84,13,5,1,103,0,41,41,1,83,84,54,46,2,186,30,0,30,216
02/21/2022,KOA,HI,AWP,WE,Federal Contract Tower,84,3,18,0,105,0,29,76,0,105,84,32,94,0,210,180,0,180,390
02/22/2022,KOA,HI,AWP,WE,Federal Contract Tower,86,3,10,12,111,0,26,54,2,82,86,29,64,14,193,188,32,220,413
02/23/2022,KOA,HI,AWP,WE,Federal Contract Tower,89,7,13,0,109,0,31,59,0,90,89,38,72,0,199,134,0,134,333
02/24/2022,KOA,HI,AWP,WE,Federal Contract Tower,90,4,9,12,115,0,35,56,8,99,90,39,65,20,214,170,18,188,402
02/25/2022,KOA,HI,AWP,WE,Federal Contract Tower,88,6,13,0,107,0,30,55,8,93,88,36,68,8,200,174,0,174,374
02/26/2022,KOA,HI,AWP,WE,Federal Contract Tower,83,15,15,5,118,0,29,25,1,55,83,44,40,6,173,30,0,30,203
02/27/2022,KOA,HI,AWP,WE,Federal Contract Tower,78,14,15,0,107,0,19,30,0,49,78,33,45,0,156,4,4,8,164
02/28/2022,KOA,HI,AWP,WE,Federal Contract Tower,87,6,16,3,112,0,32,47,0,79,87,38,63,3,191,113,8,121,312
03/01/2022,KOA,HI,AWP,WE,Federal Contract Tower,90,6,13,1,110,0,25,51,0,76,90,31,64,1,186,150,4,154,340
03/02/2022,KOA,HI,AWP,WE,Federal Contract Tower,89,15,7,2,113,0,24,38,2,64,89,39,45,4,177,66,0,66,243
03/03/2022,KOA,HI,AWP,WE,Federal Contract Tower,95,9,12,7,123,0,27,48,1,76,95,36,60,8,199,142,6,148,347
03/04/2022,KOA,HI,AWP,WE,Federal Contract Tower,95,3,13,4,115,0,26,40,0,66,95,29,53,4,181,140,0,140,321
03/05/2022,KOA,HI,AWP,WE,Federal Contract Tower,87,12,10,5,114,0,25,24,0,49,87,37,34,5,163,18,2,20,183
03/06/2022,KOA,HI,AWP,WE,Federal Contract Tower,93,14,20,0,127,1,38,22,0,61,94,52,42,0,188,18,0,18,206
03/07/2022,KOA,HI,AWP,WE,Federal Contract Tower,91,9,10,5,115,0,35,45,0,80,91,44,55,5,195,150,2,152,347
03/08/2022,KOA,HI,AWP,WE,Federal Contract Tower,88,8,13,1,110,0,35,43,5,83,88,43,56,6,193,136,38,174,367
03/09/2022,KOA,HI,AWP,WE,Federal Contract Tower,95,10,13,0,118,0,31,37,1,69,95,41,50,1,187,156,2,158,345
03/10/2022,KOA,HI,AWP,WE,Federal Contract Tower,103,18,9,4,134,0,31,34,0,65,103,49,43,4,199,122,14,136,335
03/11/2022,KOA,HI,AWP,WE,Federal Contract Tower,100,5,12,0,117,0,35,54,0,89,100,40,66,0,206,138,0,138,344
03/12/2022,KOA,HI,AWP,WE,Federal Contract Tower,90,10,16,1,117,0,31,17,0,48,90,41,33,1,165,8,6,14,179
03/13/2022,KOA,HI,AWP,WE,Federal Contract Tower,106,14,8,0,128,0,33,19,0,52,106,47,27,0,180,2,0,2,182
03/14/2022,KOA,HI,AWP,WE,Federal Contract Tower,106,6,10,10,132,0,33,53,4,90,106,39,63,14,222,194,0,194,416
03/15/2022,KOA,HI,AWP,WE,Federal Contract Tower,95,14,4,2,115,0,35,56,0,91,95,49,60,2,206,188,22,210,416
03/16/2022,KOA,HI,AWP,WE,Federal Contract Tower,96,7,14,0,117,0,30,56,0,86,96,37,70,0,203,182,0,182,385
03/17/2022,KOA,HI,AWP,WE,Federal Contract Tower,103,8,9,9,129,0,32,50,3,85,103,40,59,12,214,142,28,170,384
03/18/2022,KOA,HI,AWP,WE,Federal Contract Tower,102,17,16,0,135,0,33,51,1,85,102,50,67,1,220,154,0,154,374
03/19/2022,KOA,HI,AWP,WE,Federal Contract Tower,94,13,17,0,124,0,27,48,5,80,94,40,65,5,204,7,0,7,211
03/20/2022,KOA,HI,AWP,WE,Federal Contract Tower,100,15,18,0,133,0,27,49,0,76,100,42,67,0,209,4,0,4,213
03/21/2022,KOA,HI,AWP,WE,Federal Contract Tower,107,12,7,2,128,0,24,58,5,87,107,36,65,7,215,192,0,192,407
03/22/2022,KOA,HI,AWP,WE,Federal Contract Tower,90,13,9,1,113,0,30,54,1,85,90,43,63,2,198,88,24,112,310
03/23/2022,KOA,HI,AWP,WE,Federal Contract Tower,99,12,14,3,128,0,30,36,3,69,99,42,50,6,197,114,8,122,319
03/24/2022,KOA,HI,AWP,WE,Federal Contract Tower,95,8,9,12,124,0,28,33,4,65,95,36,42,16,189,104,52,156,345
03/25/2022,KOA,HI,AWP,WE,Federal Contract Tower,103,20,15,5,143,0,29,46,0,75,103,49,61,5,218,162,30,192,410
03/26/2022,KOA,HI,AWP,WE,Federal Contract Tower,96,25,16,1,138,0,35,25,1,61,96,60,41,2,199,22,0,22,221
03/27/2022,KOA,HI,AWP,WE,Federal Contract Tower,100,9,17,0,126,0,24,13,0,37,100,33,30,0,163,0,0,0,163
03/28/2022,KOA,HI,AWP,WE,Federal Contract Tower,104,11,8,17,140,0,31,54,11,96,104,42,62,28,236,74,20,94,330
03/29/2022,KOA,HI,AWP,WE,Federal Contract Tower,90,17,6,1,114,0,29,43,0,72,90,46,49,1,186,70,0,70,256
03/30/2022,KOA,HI,AWP,WE,Federal Contract Tower,95,6,15,6,122,0,17,48,2,67,95,23,63,8,189,178,18,196,385
03/31/2022,KOA,HI,AWP,WE,Federal Contract Tower,102,7,14,2,125,0,20,33,6,59,102,27,47,8,184,140,0,140,324
04/01/2022,KOA,HI,AWP,WE,Federal Contract Tower,100,13,20,1,134,0,20,30,0,50,100,33,50,1,184,94,0,94,278
04/02/2022,KOA,HI,AWP,WE,Federal Contract Tower,98,19,15,0,132,0,25,22,0,47,98,44,37,0,179,24,0,24,203
04/03/2022,KOA,HI,AWP,WE,Federal Contract Tower,93,8,15,0,116,0,18,29,0,47,93,26,44,0,163,5,0,5,168
04/04/2022,KOA,HI,AWP,WE,Federal Contract Tower,102,3,8,8,121,0,25,36,3,64,102,28,44,11,185,88,0,88,273
04/05/2022,KOA,HI,AWP,WE,Federal Contract Tower,87,10,6,6,109,0,22,39,1,62,87,32,45,7,171,84,40,124,295
04/06/2022,KOA,HI,AWP,WE,Federal Contract Tower,91,13,4,8,116,0,23,35,0,58,91,36,39,8,174,106,0,106,280
04/07/2022,KOA,HI,AWP,WE,Federal Contract Tower,92,5,10,19,126,0,20,27,1,48,92,25,37,20,174,136,6,142,316
04/08/2022,KOA,HI,AWP,WE,Federal Contract Tower,99,18,17,5,139,0,17,34,6,57,99,35,51,11,196,182,12,194,390
04/09/2022,KOA,HI,AWP,WE,Federal Contract Tower,93,22,11,0,126,0,25,31,4,60,93,47,42,4,186,53,6,59,245
04/10/2022,KOA,HI,AWP,WE,Federal Contract Tower,96,5,7,1,109,0,28,11,6,45,96,33,18,7,154,0,0,0,154
04/11/2022,KOA,HI,AWP,WE,Federal Contract Tower,98,10,12,4,124,0,24,49,7,80,98,34,61,11,204,160,20,180,384
04/12/2022,KOA,HI,AWP,WE,Federal Contract Tower,88,11,14,12,125,0,27,32,1,60,88,38,46,13,185,149,31,180,365
04/13/2022,KOA,HI,AWP,WE,Federal Contract Tower,95,5,25,3,128,0,36,38,0,74,95,41,63,3,202,63,10,73,275
04/14/2022,KOA,HI,AWP,WE,Federal Contract Tower,103,3,13,11,130,0,16,45,3,64,103,19,58,14,194,178,50,228,422
04/15/2022,KOA,HI,AWP,WE,Federal Contract Tower,93,15,16,8,132,0,24,46,0,70,93,39,62,8,202,108,0,108,310
04/16/2022,KOA,HI,AWP,WE,Federal Contract Tower,85,15,14,2,116,0,19,14,0,33,85,34,28,2,149,30,0,30,179
04/17/2022,KOA,HI,AWP,WE,Federal Contract Tower,93,12,16,0,121,0,24,30,0,54,93,36,46,0,175,22,0,22,197
04/18/2022,KOA,HI,AWP,WE,Federal Contract Tower,99,6,20,0,125,0,22,53,0,75,99,28,73,0,200,222,0,222,422
04/19/2022,KOA,HI,AWP,WE,Federal Contract Tower,86,11,7,4,108,0,26,42,5,73,86,37,49,9,181,159,9,168,349
04/20/2022,KOA,HI,AWP,WE,Federal Contract Tower,98,3,11,3,115,0,36,57,5,98,98,39,68,8,213,125,18,143,356
04/21/2022,KOA,HI,AWP,WE,Federal Contract Tower,98,4,10,1,113,0,23,48,0,71,98,27,58,1,184,226,0,226,410
04/22/2022,KOA,HI,AWP,WE,Federal Contract Tower,98,13,15,1,127,0,22,49,11,82,98,35,64,12,209,134,0,134,343
04/23/2022,KOA,HI,AWP,WE,Federal Contract Tower,89,12,16,0,117,0,19,37,0,56,89,31,53,0,173,20,0,20,193
04/24/2022,KOA,HI,AWP,WE,Federal Contract Tower,87,8,7,0,102,0,22,13,0,35,87,30,20,0,137,0,0,0,137
04/25/2022,KOA,HI,AWP,WE,Federal Contract Tower,98,12,5,1,116,0,26,54,0,80,98,38,59,1,196,226,4,230,426
04/26/2022,KOA,HI,AWP,WE,Federal Contract Tower,89,3,6,3,101,0,24,36,4,64,89,27,42,7,165,182,30,212,377
04/27/2022,KOA,HI,AWP,WE,Federal Contract Tower,94,3,12,2,111,0,23,41,2,66,94,26,53,4,177,128,0,128,305
04/28/2022,KOA,HI,AWP,WE,Federal Contract Tower,97,6,4,7,114,0,31,33,0,64,97,37,37,7,178,68,10,78,256
04/29/2022,KOA,HI,AWP,WE,Federal Contract Tower,97,9,3,1,110,0,23,47,4,74,97,32,50,5,184,110,1,111,295
04/30/2022,KOA,HI,AWP,WE,Federal Contract Tower,88,16,9,0,113,0,22,26,3,51,88,38,35,3,164,44,0,44,208
05/01/2022,KOA,HI,AWP,WE,Federal Contract Tower,94,14,7,4,119,0,18,4,2,24,94,32,11,6,143,0,0,0,143
05/02/2022,KOA,HI,AWP,WE,Federal Contract Tower,99,6,6,0,111,0,13,31,3,47,99,19,37,3,158,58,0,58,216
05/03/2022,KOA,HI,AWP,WE,Federal Contract Tower,88,12,6,8,114,0,18,46,7,71,88,30,52,15,185,109,36,145,330
05/04/2022,KOA,HI,AWP,WE,Federal Contract Tower,91,4,2,2,99,0,24,56,4,84,91,28,58,6,183,132,16,148,331
05/05/2022,KOA,HI,AWP,WE,Federal Contract Tower,101,6,4,6,117,0,31,44,2,77,101,37,48,8,194,112,12,124,318
05/06/2022,KOA,HI,AWP,WE,Federal Contract Tower,96,16,12,17,141,0,30,42,2,74,96,46,54,19,215,104,15,119,334
05/07/2022,KOA,HI,AWP,WE,Federal Contract Tower,91,11,9,2,113,0,21,29,0,50,91,32,38,2,163,16,0,16,179
05/08/2022,KOA,HI,AWP,WE,Federal Contract Tower,96,6,5,1,108,0,21,12,1,34,96,27,17,2,142,6,10,16,158
05/09/2022,KOA,HI,AWP,WE,Federal Contract Tower,97,3,6,1,107,0,24,40,2,66,97,27,46,3,173,106,14,120,293
05/10/2022,KOA,HI,AWP,WE,Federal Contract Tower,90,4,8,3,105,0,14,50,24,88,90,18,58,27,193,108,22,130,323
05/11/2022,KOA,HI,AWP,WE,Federal Contract Tower,98,4,6,4,112,0,32,52,0,84,98,36,58,4,196,101,50,151,347
05/12/2022,KOA,HI,AWP,WE,Federal Contract Tower,98,8,4,2,112,0,38,53,0,91,98,46,57,2,203,86,12,98,301
05/13/2022,KOA,HI,AWP,WE,Federal Contract Tower,100,4,5,16,125,0,23,35,0,58,100,27,40,16,183,91,4,95,278
05/14/2022,KOA,HI,AWP,WE,Federal Contract Tower,88,4,8,21,121,0,25,28,3,56,88,29,36,24,177,44,26,70,247
05/15/2022,KOA,HI,AWP,WE,Federal Contract Tower,6,4,10,2,22,0,16,33,0,49,6,20,43,2,71,12,0,12,83
05/16/2022,KOA,HI,AWP,WE,Federal Contract Tower,100,9,10,2,121,0,40,56,0,96,100,49,66,2,217,92,0,92,309
05/17/2022,KOA,HI,AWP,WE,Federal Contract Tower,92,11,4,0,107,0,31,41,0,72,92,42,45,0,179,186,0,186,365
05/18/2022,KOA,HI,AWP,WE,Federal Contract Tower,88,18,10,7,123,0,24,54,3,81,88,42,64,10,204,32,18,50,254
05/19/2022,KOA,HI,AWP,WE,Federal Contract Tower,105,11,12,10,138,0,29,33,0,62,105,40,45,10,200,66,14,80,280
05/20/2022,KOA,HI,AWP,WE,Federal Contract Tower,107,2,12,0,121,0,31,44,4,79,107,33,56,4,200,134,0,134,334
05/21/2022,KOA,HI,AWP,WE,Federal Contract Tower,89,1,9,0,99,0,34,36,0,70,89,35,45,0,169,26,0,26,195
05/22/2022,KOA,HI,AWP,WE,Federal Contract Tower,99,3,7,0,109,0,27,37,0,64,99,30,44,0,173,92,0,92,265
05/23/2022,KOA,HI,AWP,WE,Federal Contract Tower,101,4,8,10,123,0,27,71,6,104,101,31,79,16,227,104,0,104,331
05/24/2022,KOA,HI,AWP,WE,Federal Contract Tower,88,4,7,8,107,0,30,51,7,88,88,34,58,15,195,90,40,130,325
05/25/2022,KOA,HI,AWP,WE,Federal Contract Tower,98,9,5,9,121,0,33,63,4,100,98,42,68,13,221,92,40,132,353
05/26/2022,KOA,HI,AWP,WE,Federal Contract Tower,101,8,12,7,128,0,23,75,2,100,101,31,87,9,228,74,12,86,314
05/27/2022,KOA,HI,AWP,WE,Federal Contract Tower,101,10,7,8,126,0,36,69,0,105,101,46,76,8,231,38,2,40,271
05/28/2022,KOA,HI,AWP,WE,Federal Contract Tower,92,7,7,2,108,0,21,27,0,48,92,28,34,2,156,47,8,55,211
05/29/2022,KOA,HI,AWP,WE,Federal Contract Tower,95,5,8,1,109,0,22,12,1,35,95,27,20,2,144,22,4,26,170
05/30/2022,KOA,HI,AWP,WE,Federal Contract Tower,104,7,6,1,118,0,23,27,3,53,104,30,33,4,171,117,0,117,288
05/31/2022,KOA,HI,AWP,WE,Federal Contract Tower,91,6,11,22,130,0,23,26,0,49,91,29,37,22,179,122,0,122,301
06/01/2022,KOA,HI,AWP,WE,Federal Contract Tower,97,8,10,2,117,0,28,40,0,68,97,36,50,2,185,116,0,116,301
06/02/2022,KOA,HI,AWP,WE,Federal Contract Tower,96,9,12,5,122,0,25,31,5,61,96,34,43,10,183,72,6,78,261
06/03/2022,KOA,HI,AWP,WE,Federal Contract Tower,97,9,6,0,112,0,30,36,0,66,97,39,42,0,178,86,0,86,264
06/04/2022,KOA,HI,AWP,WE,Federal Contract Tower,91,12,6,2,111,0,29,26,2,57,91,41,32,4,168,8,10,18,186
06/05/2022,KOA,HI,AWP,WE,Federal Contract Tower,100,8,9,0,117,0,15,23,0,38,100,23,32,0,155,10,0,10,165
06/06/2022,KOA,HI,AWP,WE,Federal Contract Tower,100,6,7,1,114,0,26,50,0,76,100,32,57,1,190,43,0,43,233
06/07/2022,KOA,HI,AWP,WE,Federal Contract Tower,100,3,5,0,108,0,23,30,0,53,100,26,35,0,161,140,0,140,301
06/09/2022,KOA,HI,AWP,WE,Federal Contract Tower,108,6,7,9,130,0,15,46,3,64,108,21,53,12,194,78,0,78,272
06/10/2022,KOA,HI,AWP,WE,Federal Contract Tower,99,8,9,1,117,0,17,35,0,52,99,25,44,1,169,102,0,102,271
06/11/2022,KOA,HI,AWP,WE,Federal Contract Tower,94,5,7,1,107,0,18,21,6,45,94,23,28,7,152,8,0,8,160
06/12/2022,KOA,HI,AWP,WE,Federal Contract Tower,101,10,7,8,126,0,18,15,0,33,101,28,22,8,159,22,0,22,181
06/13/2022,KOA,HI,AWP,WE,Federal Contract Tower,103,9,8,2,122,0,18,56,2,76,103,27,64,4,198,118,0,118,316
06/14/2022,KOA,HI,AWP,WE,Federal Contract Tower,103,2,5,10,120,0,19,48,5,72,103,21,53,15,192,118,16,134,326
06/15/2022,KOA,HI,AWP,WE,Federal Contract Tower,107,10,6,3,126,0,19,35,5,59,107,29,41,8,185,130,18,148,333
06/16/2022,KOA,HI,AWP,WE,Federal Contract Tower,107,7,3,19,136,0,20,28,0,48,107,27,31,19,184,78,42,120,304
06/17/2022,KOA,HI,AWP,WE,Federal Contract Tower,104,4,5,0,113,0,19,21,0,40,104,23,26,0,153,90,0,90,243
06/18/2022,KOA,HI,AWP,WE,Federal Contract Tower,5,5,14,4,28,0,18,28,3,49,5,23,42,7,77,0,0,0,77
06/19/2022,KOA,HI,AWP,WE,Federal Contract Tower,100,9,9,0,118,0,15,25,0,40,100,24,34,0,158,64,0,64,222
06/20/2022,KOA,HI,AWP,WE,Federal Contract Tower,103,9,10,0,122,0,19,54,5,78,103,28,64,5,200,64,0,64,264
06/21/2022,KOA,HI,AWP,WE,Federal Contract Tower,102,5,6,0,113,0,20,41,0,61,102,25,47,0,174,130,0,130,304
06/22/2022,KOA,HI,AWP,WE,Federal Contract Tower,105,6,7,7,125,0,19,35,3,57,105,25,42,10,182,10,4,14,196
06/23/2022,KOA,HI,AWP,WE,Federal Contract Tower,107,17,4,3,131,0,22,40,1,63,107,39,44,4,194,89,12,101,295
06/24/2022,KOA,HI,AWP,WE,Federal Contract Tower,105,12,6,0,123,0,15,44,0,59,105,27,50,0,182,43,0,43,225
06/25/2022,KOA,HI,AWP,WE,Federal Contract Tower,103,8,5,0,116,0,19,39,0,58,103,27,44,0,174,34,0,34,208
06/26/2022,KOA,HI,AWP,WE,Federal Contract Tower,105,6,12,1,124,0,10,24,1,35,105,16,36,2,159,34,0,34,193
06/27/2022,KOA,HI,AWP,WE,Federal Contract Tower,104,9,12,16,141,0,17,67,0,84,104,26,79,16,225,148,4,152,377
06/28/2022,KOA,HI,AWP,WE,Federal Contract Tower,106,13,9,12,140,0,12,39,1,52,106,25,48,13,192,104,22,126,318
06/29/2022,KOA,HI,AWP,WE,Federal Contract Tower,108,9,7,2,126,0,23,48,0,71,108,32,55,2,197,142,10,152,349
06/30/2022,KOA,HI,AWP,WE,Federal Contract Tower,108,1,12,4,125,0,19,37,2,58,108,20,49,6,183,142,0,142,325
07/01/2022,KOA,HI,AWP,WE,Federal Contract Tower,105,5,7,0,117,0,22,60,0,82,105,27,67,0,199,139,0,139,338
07/02/2022,KOA,HI,AWP,WE,Federal Contract Tower,100,6,4,0,110,0,27,35,0,62,100,33,39,0,172,8,0,8,180
07/03/2022,KOA,HI,AWP,WE,Federal Contract Tower,104,1,6,0,111,0,31,9,1,41,104,32,15,1,152,4,0,4,156
07/04/2022,KOA,HI,AWP,WE,Federal Contract Tower,93,6,9,0,108,0,19,23,0,42,93,25,32,0,150,80,0,80,230
07/05/2022,KOA,HI,AWP,WE,Federal Contract Tower,99,7,4,8,118,0,22,50,0,72,99,29,54,8,190,88,14,102,292
07/06/2022,KOA,HI,AWP,WE,Federal Contract Tower,104,8,5,3,120,0,19,47,2,68,104,27,52,5,188,147,36,183,371
07/07/2022,KOA,HI,AWP,WE,Federal Contract Tower,112,6,4,8,130,0,16,45,2,63,112,22,49,10,193,110,12,122,315
07/08/2022,KOA,HI,AWP,WE,Federal Contract Tower,112,12,2,2,128,0,21,34,0,55,112,33,36,2,183,150,8,158,341
07/09/2022,KOA,HI,AWP,WE,Federal Contract Tower,104,15,8,2,129,0,27,35,2,64,104,42,43,4,193,12,0,12,205
07/10/2022,KOA,HI,AWP,WE,Federal Contract Tower,93,23,13,6,135,0,20,27,0,47,93,43,40,6,182,60,0,60,242
07/11/2022,KOA,HI,AWP,WE,Federal Contract Tower,110,7,6,8,131,0,20,44,2,66,110,27,50,10,197,126,2,128,325
07/12/2022,KOA,HI,AWP,WE,Federal Contract Tower,101,7,4,5,117,0,24,39,8,71,101,31,43,13,188,102,26,128,316
07/13/2022,KOA,HI,AWP,WE,Federal Contract Tower,104,8,5,15,132,0,24,32,8,64,104,32,37,23,196,142,50,192,388
07/14/2022,KOA,HI,AWP,WE,Federal Contract Tower,114,7,2,10,133,0,24,31,15,70,114,31,33,25,203,87,14,101,304
07/15/2022,KOA,HI,AWP,WE,Federal Contract Tower,108,7,11,1,127,0,19,42,5,66,108,26,53,6,193,75,15,90,283
07/16/2022,KOA,HI,AWP,WE,Federal Contract Tower,101,13,6,2,122,0,19,25,1,45,101,32,31,3,167,8,4,12,179
07/17/2022,KOA,HI,AWP,WE,Federal Contract Tower,110,6,8,0,124,0,17,17,0,34,110,23,25,0,158,12,0,12,170
07/18/2022,KOA,HI,AWP,WE,Federal Contract Tower,111,3,9,6,129,0,20,63,8,91,111,23,72,14,220,160,4,164,384
07/19/2022,KOA,HI,AWP,WE,Federal Contract Tower,101,3,11,2,117,0,27,45,10,82,101,30,56,12,199,60,12,72,271
07/20/2022,KOA,HI,AWP,WE,Federal Contract Tower,102,14,9,6,131,0,16,36,4,56,102,30,45,10,187,104,10,114,301
07/21/2022,KOA,HI,AWP,WE,Federal Contract Tower,114,8,6,5,133,0,36,42,2,80,114,44,48,7,213,76,2,78,291
07/22/2022,KOA,HI,AWP,WE,Federal Contract Tower,106,4,5,0,115,0,32,39,0,71,106,36,44,0,186,154,0,154,340
07/23/2022,KOA,HI,AWP,WE,Federal Contract Tower,100,10,14,1,125,0,27,29,15,71,100,37,43,16,196,28,8,36,232
07/24/2022,KOA,HI,AWP,WE,Federal Contract Tower,110,9,5,7,131,0,15,18,3,36,110,24,23,10,167,0,10,10,177
07/25/2022,KOA,HI,AWP,WE,Federal Contract Tower,106,3,5,6,120,0,18,34,2,54,106,21,39,8,174,178,0,178,352
07/26/2022,KOA,HI,AWP,WE,Federal Contract Tower,103,7,5,4,119,0,18,34,1,53,103,25,39,5,172,124,10,134,306
07/27/2022,KOA,HI,AWP,WE,Federal Contract Tower,103,8,6,2,119,0,24,36,2,62,103,32,42,4,181,84,0,84,265
07/28/2022,KOA,HI,AWP,WE,Federal Contract Tower,111,3,9,1,124,0,25,48,5,78,111,28,57,6,202,60,6,66,268
07/29/2022,KOA,HI,AWP,WE,Federal Contract Tower,108,4,5,2,119,0,21,46,7,74,108,25,51,9,193,53,1,54,247
07/30/2022,KOA,HI,AWP,WE,Federal Contract Tower,102,4,6,4,116,0,22,19,2,43,102,26,25,6,159,0,26,26,185
07/31/2022,KOA,HI,AWP,WE,Federal Contract Tower,108,2,6,0,116,0,18,21,6,45,108,20,27,6,161,8,0,8,169
08/01/2022,KOA,HI,AWP,WE,Federal Contract Tower,106,9,5,3,123,0,24,57,2,83,106,33,62,5,206,156,18,174,380
08/02/2022,KOA,HI,AWP,WE,Federal Contract Tower,100,1,6,9,116,0,22,50,2,74,100,23,56,11,190,114,24,138,328
08/03/2022,KOA,HI,AWP,WE,Federal Contract Tower,109,7,9,7,132,0,26,36,2,64,109,33,45,9,196,79,30,109,305
08/04/2022,KOA,HI,AWP,WE,Federal Contract Tower,113,5,10,21,149,0,20,57,2,79,113,25,67,23,228,56,8,64,292
08/05/2022,KOA,HI,AWP,WE,Federal Contract Tower,112,3,7,4,126,0,21,38,9,68,112,24,45,13,194,107,0,107,301
08/06/2022,KOA,HI,AWP,WE,Federal Contract Tower,99,5,11,1,116,0,25,50,2,77,99,30,61,3,193,10,4,14,207
08/07/2022,KOA,HI,AWP,WE,Federal Contract Tower,109,6,12,0,127,0,15,27,4,46,109,21,39,4,173,6,0,6,179
08/08/2022,KOA,HI,AWP,WE,Federal Contract Tower,105,11,10,12,138,0,20,43,1,64,105,31,53,13,202,192,0,192,394
08/09/2022,KOA,HI,AWP,WE,Federal Contract Tower,100,6,8,0,114,0,32,32,2,66,100,38,40,2,180,128,8,136,316
08/10/2022,KOA,HI,AWP,WE,Federal Contract Tower,98,6,10,2,116,0,23,50,1,74,98,29,60,3,190,37,8,45,235
08/11/2022,KOA,HI,AWP,WE,Federal Contract Tower,111,4,11,3,129,0,23,26,4,53,111,27,37,7,182,93,0,93,275
08/12/2022,KOA,HI,AWP,WE,Federal Contract Tower,105,4,17,12,138,1,18,42,4,65,106,22,59,16,203,76,4,80,283
08/13/2022,KOA,HI,AWP,WE,Federal Contract Tower,98,13,10,2,123,0,16,20,0,36,98,29,30,2,159,0,0,0,159
08/14/2022,KOA,HI,AWP,WE,Federal Contract Tower,108,6,6,0,120,0,15,12,0,27,108,21,18,0,147,6,0,6,153
08/15/2022,KOA,HI,AWP,WE,Federal Contract Tower,104,9,8,4,125,0,21,39,2,62,104,30,47,6,187,50,22,72,259
08/16/2022,KOA,HI,AWP,WE,Federal Contract Tower,96,15,5,9,125,0,19,45,3,67,96,34,50,12,192,58,0,58,250
08/17/2022,KOA,HI,AWP,WE,Federal Contract Tower,96,10,3,5,114,0,21,54,4,79,96,31,57,9,193,57,13,70,263
08/18/2022,KOA,HI,AWP,WE,Federal Contract Tower,109,6,3,5,123,0,22,41,2,65,109,28,44,7,188,112,0,112,300
08/19/2022,KOA,HI,AWP,WE,Federal Contract Tower,107,10,7,1,125,0,31,41,2,74,107,41,48,3,199,82,0,82,281
08/20/2022,KOA,HI,AWP,WE,Federal Contract Tower,95,4,8,0,107,0,26,24,0,50,95,30,32,0,157,4,0,4,161
08/21/2022,KOA,HI,AWP,WE,Federal Contract Tower,100,8,8,2,118,0,18,26,1,45,100,26,34,3,163,4,0,4,167
08/22/2022,KOA,HI,AWP,WE,Federal Contract Tower,98,10,8,0,116,0,16,42,1,59,98,26,50,1,175,168,0,168,343
08/23/2022,KOA,HI,AWP,WE,Federal Contract Tower,97,11,1,5,114,0,21,41,6,68,97,32,42,11,182,168,16,184,366
08/24/2022,KOA,HI,AWP,WE,Federal Contract Tower,99,4,8,1,112,0,28,56,1,85,99,32,64,2,197,97,0,97,294
08/25/2022,KOA,HI,AWP,WE,Federal Contract Tower,110,5,16,8,139,0,18,62,0,80,110,23,78,8,219,142,42,184,403
08/26/2022,KOA,HI,AWP,WE,Federal Contract Tower,102,7,15,7,131,0,26,64,2,92,102,33,79,9,223,77,29,106,329
08/27/2022,KOA,HI,AWP,WE,Federal Contract Tower,100,5,7,3,115,0,24,30,0,54,100,29,37,3,169,45,0,45,214
08/28/2022,KOA,HI,AWP,WE,Federal Contract Tower,101,10,10,0,121,0,20,38,0,58,101,30,48,0,179,18,0,18,197
08/29/2022,KOA,HI,AWP,WE,Federal Contract Tower,98,7,10,1,116,0,23,40,1,64,98,30,50,2,180,118,14,132,312
08/30/2022,KOA,HI,AWP,WE,Federal Contract Tower,96,12,11,0,119,0,26,58,0,84,96,38,69,0,203,194,0,194,397
08/31/2022,KOA,HI,AWP,WE,Federal Contract Tower,87,5,7,3,102,0,31,55,0,86,87,36,62,3,188,136,4,140,328
09/01/2022,KOA,HI,AWP,WE,Federal Contract Tower,107,5,11,3,126,0,36,40,13,89,107,41,51,16,215,114,0,114,329
09/02/2022,KOA,HI,AWP,WE,Federal Contract Tower,103,7,5,0,115,0,19,33,0,52,103,26,38,0,167,156,0,156,323
09/03/2022,KOA,HI,AWP,WE,Federal Contract Tower,98,6,9,0,113,0,18,24,0,42,98,24,33,0,155,28,0,28,183
09/04/2022,KOA,HI,AWP,WE,Federal Contract Tower,99,6,9,0,114,0,13,22,0,35,99,19,31,0,149,0,0,0,149
09/05/2022,KOA,HI,AWP,WE,Federal Contract Tower,101,13,4,0,118,0,16,36,0,52,101,29,40,0,170,112,0,112,282
09/06/2022,KOA,HI,AWP,WE,Federal Contract Tower,92,5,7,6,110,0,19,44,0,63,92,24,51,6,173,191,4,195,368
09/07/2022,KOA,HI,AWP,WE,Federal Contract Tower,83,11,8,0,102,0,17,37,1,55,83,28,45,1,157,108,8,116,273
09/08/2022,KOA,HI,AWP,WE,Federal Contract Tower,92,9,9,1,111,0,19,34,0,53,92,28,43,1,164,112,2,114,278
09/09/2022,KOA,HI,AWP,WE,Federal Contract Tower,100,8,8,4,120,0,11,35,0,46,100,19,43,4,166,95,8,103,269
09/10/2022,KOA,HI,AWP,WE,Federal Contract Tower,93,3,14,3,113,0,19,32,2,53,93,22,46,5,166,26,2,28,194
09/11/2022,KOA,HI,AWP,WE,Federal Contract Tower,88,2,10,1,101,0,17,15,0,32,88,19,25,1,133,4,0,4,137
09/12/2022,KOA,HI,AWP,WE,Federal Contract Tower,82,11,6,0,99,0,21,46,0,67,82,32,52,0,166,58,0,58,224
09/13/2022,KOA,HI,AWP,WE,Federal Contract Tower,95,8,7,22,132,0,14,31,1,46,95,22,38,23,178,49,6,55,233
09/14/2022,KOA,HI,AWP,WE,Federal Contract Tower,86,6,3,9,104,0,17,45,3,65,86,23,48,12,169,126,14,140,309
09/15/2022,KOA,HI,AWP,WE,Federal Contract Tower,94,4,9,0,107,0,15,50,0,65,94,19,59,0,172,137,0,137,309
09/16/2022,KOA,HI,AWP,WE,Federal Contract Tower,88,4,7,3,102,0,15,53,1,69,88,19,60,4,171,210,13,223,394
09/17/2022,KOA,HI,AWP,WE,Federal Contract Tower,90,7,3,0,100,0,25,26,0,51,90,32,29,0,151,62,0,62,213
09/18/2022,KOA,HI,AWP,WE,Federal Contract Tower,88,7,6,0,101,0,16,20,0,36,88,23,26,0,137,22,0,22,159
09/19/2022,KOA,HI,AWP,WE,Federal Contract Tower,87,10,2,13,112,0,15,28,3,46,87,25,30,16,158,79,42,121,279
09/20/2022,KOA,HI,AWP,WE,Federal Contract Tower,87,9,4,17,117,0,22,31,3,56,87,31,35,20,173,84,24,108,281
09/21/2022,KOA,HI,AWP,WE,Federal Contract Tower,89,5,6,5,105,0,24,52,2,78,89,29,58,7,183,155,0,155,338
09/22/2022,KOA,HI,AWP,WE,Federal Contract Tower,92,10,6,2,110,0,20,49,0,69,92,30,55,2,179,155,0,155,334
09/23/2022,KOA,HI,AWP,WE,Federal Contract Tower,89,6,12,14,121,0,17,51,0,68,89,23,63,14,189,110,0,110,299
09/24/2022,KOA,HI,AWP,WE,Federal Contract Tower,88,10,5,0,103,0,23,28,4,55,88,33,33,4,158,20,0,20,178
09/25/2022,KOA,HI,AWP,WE,Federal Contract Tower,90,5,8,0,103,0,20,12,0,32,90,25,20,0,135,6,0,6,141
09/26/2022,KOA,HI,AWP,WE,Federal Contract Tower,90,3,5,7,105,0,24,24,1,49,90,27,29,8,154,111,0,111,265
09/27/2022,KOA,HI,AWP,WE,Federal Contract Tower,85,3,9,9,106,0,18,41,2,61,85,21,50,11,167,124,28,152,319
09/28/2022,KOA,HI,AWP,WE,Federal Contract Tower,92,0,9,6,107,0,24,39,0,63,92,24,48,6,170,126,0,126,296
09/29/2022,KOA,HI,AWP,WE,Federal Contract Tower,91,7,6,10,114,0,18,43,5,66,91,25,49,15,180,168,33,201,381
09/30/2022,KOA,HI,AWP,WE,Federal Contract Tower,94,3,11,6,114,0,22,45,2,69,94,25,56,8,183,211,14,225,408
10/01/2022,KOA,HI,AWP,WE,Federal Contract Tower,92,3,7,0,102,0,34,32,0,66,92,37,39,0,168,6,0,6,174
10/02/2022,KOA,HI,AWP,WE,Federal Contract Tower,95,5,6,5,111,0,14,15,0,29,95,19,21,5,140,10,0,10,150
10/03/2022,KOA,HI,AWP,WE,Federal Contract Tower,86,7,4,0,97,0,14,29,4,47,86,21,33,4,144,130,16,146,290
10/04/2022,KOA,HI,AWP,WE,Federal Contract Tower,83,7,6,0,96,0,22,42,1,65,83,29,48,1,161,198,0,198,359
10/05/2022,KOA,HI,AWP,WE,Federal Contract Tower,88,5,4,19,116,0,12,48,8,68,88,17,52,27,184,148,28,176,360
10/06/2022,KOA,HI,AWP,WE,Federal Contract Tower,94,4,10,16,124,0,15,30,0,45,94,19,40,16,169,26,23,49,218
10/07/2022,KOA,HI,AWP,WE,Federal Contract Tower,93,11,6,0,110,0,42,44,0,86,93,53,50,0,196,76,0,76,272
10/08/2022,KOA,HI,AWP,WE,Federal Contract Tower,92,7,1,1,101,0,35,32,0,67,92,42,33,1,168,13,0,13,181
10/09/2022,KOA,HI,AWP,WE,Federal Contract Tower,102,6,8,0,116,0,24,22,0,46,102,30,30,0,162,18,0,18,180
10/10/2022,KOA,HI,AWP,WE,Federal Contract Tower,96,6,4,0,106,0,34,48,0,82,96,40,52,0,188,180,0,180,368
10/11/2022,KOA,HI,AWP,WE,Federal Contract Tower,87,10,4,7,108,0,34,39,3,76,87,44,43,10,184,172,0,172,356
10/12/2022,KOA,HI,AWP,WE,Federal Contract Tower,85,6,7,3,101,0,13,45,2,60,85,19,52,5,161,149,6,155,316
10/13/2022,KOA,HI,AWP,WE,Federal Contract Tower,90,2,11,4,107,0,13,35,0,48,90,15,46,4,155,119,28,147,302
10/14/2022,KOA,HI,AWP,WE,Federal Contract Tower,89,2,12,11,114,0,19,46,2,67,89,21,58,13,181,127,20,147,328
10/15/2022,KOA,HI,AWP,WE,Federal Contract Tower,92,5,3,0,100,0,19,26,0,45,92,24,29,0,145,50,0,50,195
10/17/2022,KOA,HI,AWP,WE,Federal Contract Tower,92,4,8,0,104,0,18,53,4,75,92,22,61,4,179,162,0,162,341
10/18/2022,KOA,HI,AWP,WE,Federal Contract Tower,79,7,8,1,95,0,23,62,7,92,79,30,70,8,187,116,46,162,349
10/19/2022,KOA,HI,AWP,WE,Federal Contract Tower,87,5,9,10,111,0,31,55,1,87,87,36,64,11,198,188,8,196,394
10/20/2022,KOA,HI,AWP,WE,Federal Contract Tower,96,5,7,4,112,0,17,59,2,78,96,22,66,6,190,219,27,246,436
10/21/2022,KOA,HI,AWP,WE,Federal Contract Tower,92,4,10,3,109,0,19,32,2,53,92,23,42,5,162,140,20,160,322
10/22/2022,KOA,HI,AWP,WE,Federal Contract Tower,92,11,5,0,108,0,17,19,0,36,92,28,24,0,144,31,0,31,175
10/23/2022,KOA,HI,AWP,WE,Federal Contract Tower,96,5,2,0,103,0,14,5,0,19,96,19,7,0,122,4,0,4,126
10/24/2022,KOA,HI,AWP,WE,Federal Contract Tower,91,5,4,6,106,0,22,44,0,66,91,27,48,6,172,156,0,156,328
10/25/2022,KOA,HI,AWP,WE,Federal Contract Tower,77,5,5,10,97,0,15,39,2,56,77,20,44,12,153,173,12,185,338
10/26/2022,KOA,HI,AWP,WE,Federal Contract Tower,93,6,6,2,107,0,17,32,0,49,93,23,38,2,156,178,0,178,334
10/27/2022,KOA,HI,AWP,WE,Federal Contract Tower,90,9,7,0,106,0,17,24,0,41,90,26,31,0,147,124,0,124,271
10/28/2022,KOA,HI,AWP,WE,Federal Contract Tower,91,14,8,6,119,0,21,27,1,49,91,35,35,7,168,104,0,104,272
10/29/2022,KOA,HI,AWP,WE,Federal Contract Tower,91,5,4,0,100,0,23,30,4,57,91,28,34,4,157,34,0,34,191
10/30/2022,KOA,HI,AWP,WE,Federal Contract Tower,90,2,4,0,96,0,14,14,0,28,90,16,18,0,124,9,0,9,133
10/31/2022,KOA,HI,AWP,WE,Federal Contract Tower,90,4,6,10,110,0,12,31,0,43,90,16,37,10,153,159,12,171,324
11/01/2022,KOA,HI,AWP,WE,Federal Contract Tower,81,6,12,19,118,0,26,39,1,66,81,32,51,20,184,154,10,164,348
11/02/2022,KOA,HI,AWP,WE,Federal Contract Tower,90,8,11,2,111,0,20,36,0,56,90,28,47,2,167,158,0,158,325
11/03/2022,KOA,HI,AWP,WE,Federal Contract Tower,95,7,8,4,114,1,27,49,2,79,96,34,57,6,193,126,0,126,319
11/04/2022,KOA,HI,AWP,WE,Federal Contract Tower,91,5,4,2,102,0,14,30,4,48,91,19,34,6,150,109,4,113,263
11/05/2022,KOA,HI,AWP,WE,Federal Contract Tower,90,5,5,0,100,0,24,21,2,47,90,29,26,2,147,16,0,16,163
11/06/2022,KOA,HI,AWP,WE,Federal Contract Tower,92,14,5,1,112,0,16,9,0,25,92,30,14,1,137,2,0,2,139
11/07/2022,KOA,HI,AWP,WE,Federal Contract Tower,87,8,6,7,108,0,15,38,3,56,87,23,44,10,164,130,10,140,304
11/08/2022,KOA,HI,AWP,WE,Federal Contract Tower,82,6,6,1,95,0,9,42,5,56,82,15,48,6,151,184,30,214,365
11/09/2022,KOA,HI,AWP,WE,Federal Contract Tower,84,5,8,12,109,0,15,27,2,44,84,20,35,14,153,192,20,212,365
11/10/2022,KOA,HI,AWP,WE,Federal Contract Tower,85,6,7,15,113,0,21,35,4,60,85,27,42,19,173,136,40,176,349
11/11/2022,KOA,HI,AWP,WE,Federal Contract Tower,88,3,2,1,94,0,19,26,12,57,88,22,28,13,151,53,0,53,204
11/12/2022,KOA,HI,AWP,WE,Federal Contract Tower,90,8,8,1,107,0,17,14,1,32,90,25,22,2,139,2,7,9,148
11/13/2022,KOA,HI,AWP,WE,Federal Contract Tower,88,6,12,0,106,0,17,24,4,45,88,23,36,4,151,6,6,12,163
11/14/2022,KOA,HI,AWP,WE,Federal Contract Tower,86,8,7,0,101,0,19,48,0,67,86,27,55,0,168,204,0,204,372
11/15/2022,KOA,HI,AWP,WE,Federal Contract Tower,80,3,8,9,100,0,21,36,3,60,80,24,44,12,160,222,6,228,388
11/16/2022,KOA,HI,AWP,WE,Federal Contract Tower,89,5,7,4,105,0,17,52,9,78,89,22,59,13,183,110,2,112,295
11/17/2022,KOA,HI,AWP,WE,Federal Contract Tower,91,4,6,0,101,0,18,52,0,70,91,22,58,0,171,182,0,182,353
11/18/2022,KOA,HI,AWP,WE,Federal Contract Tower,95,15,14,2,126,0,20,37,4,61,95,35,51,6,187,154,0,154,341
11/19/2022,KOA,HI,AWP,WE,Federal Contract Tower,100,13,20,0,133,0,21,18,0,39,100,34,38,0,172,14,3,17,189
11/20/2022,KOA,HI,AWP,WE,Federal Contract Tower,90,7,21,0,118,0,20,18,2,40,90,27,39,2,158,14,8,22,180
11/21/2022,KOA,HI,AWP,WE,Federal Contract Tower,96,4,9,0,109,0,14,37,2,53,96,18,46,2,162,226,0,226,388
11/22/2022,KOA,HI,AWP,WE,Federal Contract Tower,91,7,14,9,121,0,29,60,0,89,91,36,74,9,210,158,18,176,386
11/23/2022,KOA,HI,AWP,WE,Federal Contract Tower,90,6,9,0,105,0,53,39,0,92,90,59,48,0,197,142,0,142,339
11/24/2022,KOA,HI,AWP,WE,Federal Contract Tower,80,5,3,0,88,0,8,11,0,19,80,13,14,0,107,8,0,8,115
11/25/2022,KOA,HI,AWP,WE,Federal Contract Tower,88,8,17,0,113,0,22,17,0,39,88,30,34,0,152,38,0,38,190
11/26/2022,KOA,HI,AWP,WE,Federal Contract Tower,101,12,15,0,128,0,17,32,0,49,101,29,47,0,177,46,0,46,223
11/27/2022,KOA,HI,AWP,WE,Federal Contract Tower,94,22,23,0,139,0,14,31,0,45,94,36,54,0,184,30,0,30,214
11/28/2022,KOA,HI,AWP,WE,Federal Contract Tower,87,5,11,1,104,0,13,52,5,70,87,18,63,6,174,240,30,270,444
11/29/2022,KOA,HI,AWP,WE,Federal Contract Tower,84,6,9,2,101,0,15,53,3,71,84,21,62,5,172,124,0,124,296
11/30/2022,KOA,HI,AWP,WE,Federal Contract Tower,84,7,8,2,101,0,24,58,3,85,84,31,66,5,186,70,12,82,268
12/01/2022,KOA,HI,AWP,WE,Federal Contract Tower,86,4,6,0,96,0,26,32,4,62,86,30,38,4,158,28,18,46,204
12/02/2022,KOA,HI,AWP,WE,Federal Contract Tower,90,5,15,0,110,0,39,53,0,92,90,44,68,0,202,229,0,229,431
12/03/2022,KOA,HI,AWP,WE,Federal Contract Tower,90,5,13,1,109,0,43,51,0,94,90,48,64,1,203,70,0,70,273
12/05/2022,KOA,HI,AWP,WE,Federal Contract Tower,88,6,4,7,105,0,42,65,3,110,88,48,69,10,215,210,12,222,437
12/06/2022,KOA,HI,AWP,WE,Federal Contract Tower,84,9,6,7,106,0,18,44,0,62,84,27,50,7,168,264,0,264,432
12/07/2022,KOA,HI,AWP,WE,Federal Contract Tower,85,6,6,13,110,0,44,63,4,111,85,50,69,17,221,192,10,202,423
12/08/2022,KOA,HI,AWP,WE,Federal Contract Tower,87,7,6,22,122,0,75,51,1,127,87,82,57,23,249,126,46,172,421
12/09/2022,KOA,HI,AWP,WE,Federal Contract Tower,86,7,4,0,97,0,67,67,0,134,86,74,71,0,231,168,0,168,399
12/10/2022,KOA,HI,AWP,WE,Federal Contract Tower,91,3,8,2,104,0,64,30,2,96,91,67,38,4,200,40,0,40,240
12/11/2022,KOA,HI,AWP,WE,Federal Contract Tower,89,4,10,3,106,0,28,55,0,83,89,32,65,3,189,66,6,72,261
12/12/2022,KOA,HI,AWP,WE,Federal Contract Tower,89,8,15,1,113,0,23,45,6,74,89,31,60,7,187,240,32,272,459
12/13/2022,KOA,HI,AWP,WE,Federal Contract Tower,84,5,4,0,93,0,22,56,5,83,84,27,60,5,176,122,20,142,318
12/14/2022,KOA,HI,AWP,WE,Federal Contract Tower,86,3,12,1,102,0,24,65,0,89,86,27,77,1,191,144,0,144,335
12/15/2022,KOA,HI,AWP,WE,Federal Contract Tower,93,9,13,18,133,0,37,52,0,89,93,46,65,18,222,155,28,183,405
12/16/2022,KOA,HI,AWP,WE,Federal Contract Tower,93,7,7,0,107,0,20,43,0,63,93,27,50,0,170,160,0,160,330
12/17/2022,KOA,HI,AWP,WE,Federal Contract Tower,103,24,22,0,149,0,14,26,0,40,103,38,48,0,189,24,0,24,213
12/18/2022,KOA,HI,AWP,WE,Federal Contract Tower,99,15,10,0,124,0,15,12,0,27,99,30,22,0,151,8,0,8,159
12/19/2022,KOA,HI,AWP,WE,Federal Contract Tower,84,9,12,0,105,0,0,0,0,0,84,9,12,0,105,0,0,0,105
12/20/2022,KOA,HI,AWP,WE,Federal Contract Tower,84,12,18,2,116,0,9,12,0,21,84,21,30,2,137,14,2,16,153
12/21/2022,KOA,HI,AWP,WE,Federal Contract Tower,96,19,10,5,130,0,27,47,1,75,96,46,57,6,205,136,4,140,345
12/22/2022,KOA,HI,AWP,WE,Federal Contract Tower,107,13,24,4,148,0,38,47,3,88,107,51,71,7,236,83,20,103,339
12/23/2022,KOA,HI,AWP,WE,Federal Contract Tower,92,9,23,0,124,0,46,41,0,87,92,55,64,0,211,86,0,86,297
12/24/2022,KOA,HI,AWP,WE,Federal Contract Tower,89,7,21,4,121,0,31,44,0,75,89,38,65,4,196,38,0,38,234
12/25/2022,KOA,HI,AWP,WE,Federal Contract Tower,85,9,11,0,105,0,16,11,0,27,85,25,22,0,132,0,0,0,132
12/26/2022,KOA,HI,AWP,WE,Federal Contract Tower,88,6,34,2,130,0,39,51,0,90,88,45,85,2,220,126,0,126,346
12/27/2022,KOA,HI,AWP,WE,Federal Contract Tower,103,3,16,14,136,0,37,43,3,83,103,40,59,17,219,136,8,144,363
12/28/2022,KOA,HI,AWP,WE,Federal Contract Tower,100,14,15,17,146,0,25,50,0,75,100,39,65,17,221,119,9,128,349
12/29/2022,KOA,HI,AWP,WE,Federal Contract Tower,105,12,14,8,139,0,42,52,0,94,105,54,66,8,233,203,42,245,478
12/30/2022,KOA,HI,AWP,WE,Federal Contract Tower,102,6,10,0,118,0,48,40,0,88,102,54,50,0,206,96,0,96,302
12/31/2022,KOA,HI,AWP,WE,Federal Contract Tower,102,5,19,0,126,0,40,32,0,72,102,45,51,0,198,48,0,48,246
01/01/2023,KOA,HI,AWP,WE,Federal Contract Tower,101,10,30,4,145,0,17,14,0,31,101,27,44,4,176,0,0,0,176
01/02/2023,KOA,HI,AWP,WE,Federal Contract Tower,97,20,30,5,152,0,21,60,4,85,97,41,90,9,237,170,0,170,407
01/03/2023,KOA,HI,AWP,WE,Federal Contract Tower,98,12,26,1,137,0,19,55,2,76,98,31,81,3,213,275,12,287,500
01/04/2023,KOA,HI,AWP,WE,Federal Contract Tower,95,17,24,1,137,0,41,51,0,92,95,58,75,1,229,155,5,160,389
01/05/2023,KOA,HI,AWP,WE,Federal Contract Tower,105,5,18,2,130,0,23,31,5,59,105,28,49,7,189,141,24,165,354
01/06/2023,KOA,HI,AWP,WE,Federal Contract Tower,105,6,14,0,125,0,27,41,0,68,105,33,55,0,193,201,23,224,417
01/07/2023,KOA,HI,AWP,WE,Federal Contract Tower,93,8,10,0,111,0,40,32,2,74,93,48,42,2,185,79,6,85,270
01/08/2023,KOA,HI,AWP,WE,Federal Contract Tower,106,2,10,0,118,0,23,24,0,47,106,25,34,0,165,92,0,92,257
01/09/2023,KOA,HI,AWP,WE,Federal Contract Tower,101,7,8,5,121,0,26,64,1,91,101,33,72,6,212,138,0,138,350
01/10/2023,KOA,HI,AWP,WE,Federal Contract Tower,93,4,10,14,121,0,17,59,7,83,93,21,69,21,204,139,17,156,360
01/11/2023,KOA,HI,AWP,WE,Federal Contract Tower,96,10,4,8,118,0,15,46,11,72,96,25,50,19,190,140,8,148,338
01/12/2023,KOA,HI,AWP,WE,Federal Contract Tower,103,5,12,5,125,0,55,63,1,119,103,60,75,6,244,68,14,82,326
01/13/2023,KOA,HI,AWP,WE,Federal Contract Tower,98,15,8,4,125,0,32,53,0,85,98,47,61,4,210,144,2,146,356
01/14/2023,KOA,HI,AWP,WE,Federal Contract Tower,92,11,8,1,112,0,32,42,5,79,92,43,50,6,191,42,0,42,233
01/15/2023,KOA,HI,AWP,WE,Federal Contract Tower,91,13,9,1,114,0,23,29,5,57,91,36,38,6,171,30,0,30,201
01/16/2023,KOA,HI,AWP,WE,Federal Contract Tower,97,13,13,4,127,0,28,45,7,80,97,41,58,11,207,174,4,178,385
01/17/2023,KOA,HI,AWP,WE,Federal Contract Tower,93,9,4,10,116,0,22,75,4,101,93,31,79,14,217,220,2,222,439
01/18/2023,KOA,HI,AWP,WE,Federal Contract Tower,98,2,7,5,112,0,26,58,14,98,98,28,65,19,210,164,11,175,385
01/19/2023,KOA,HI,AWP,WE,Federal Contract Tower,100,11,7,3,121,0,34,44,0,78,100,45,51,3,199,129,14,143,342
01/20/2023,KOA,HI,AWP,WE,Federal Contract Tower,100,4,4,11,119,0,35,47,0,82,100,39,51,11,201,150,22,172,373
01/21/2023,KOA,HI,AWP,WE,Federal Contract Tower,95,5,6,4,110,0,44,31,0,75,95,49,37,4,185,72,0,72,257
01/22/2023,KOA,HI,AWP,WE,Federal Contract Tower,98,12,9,0,119,0,30,24,6,60,98,42,33,6,179,6,0,6,185
01/23/2023,KOA,HI,AWP,WE,Federal Contract Tower,95,8,3,2,108,0,23,57,14,94,95,31,60,16,202,256,0,256,458
01/24/2023,KOA,HI,AWP,WE,Federal Contract Tower,95,10,4,0,109,0,22,41,5,68,95,32,45,5,177,206,0,206,383
01/25/2023,KOA,HI,AWP,WE,Federal Contract Tower,99,10,11,1,121,0,22,50,0,72,99,32,61,1,193,136,0,136,329
01/26/2023,KOA,HI,AWP,WE,Federal Contract Tower,97,7,9,3,116,0,26,24,0,50,97,33,33,3,166,215,17,232,398
01/27/2023,KOA,HI,AWP,WE,Federal Contract Tower,99,16,10,2,127,0,26,38,0,64,99,42,48,2,191,144,0,144,335
01/28/2023,KOA,HI,AWP,WE,Federal Contract Tower,93,16,4,2,115,0,31,26,0,57,93,47,30,2,172,58,0,58,230
01/29/2023,KOA,HI,AWP,WE,Federal Contract Tower,97,11,3,0,111,0,20,13,0,33,97,31,16,0,144,2,0,2,146
01/30/2023,KOA,HI,AWP,WE,Federal Contract Tower,95,11,6,6,118,0,18,36,2,56,95,29,42,8,174,168,8,176,350
01/31/2023,KOA,HI,AWP,WE,Federal Contract Tower,96,16,7,1,120,0,17,45,5,67,96,33,52,6,187,210,0,210,397
02/01/2023,KOA,HI,AWP,WE,Federal Contract Tower,95,9,6,2,112,0,17,76,4,97,95,26,82,6,209,194,0,194,403
02/02/2023,KOA,HI,AWP,WE,Federal Contract Tower,103,4,6,6,119,0,30,53,11,94,103,34,59,17,213,93,12,105,318
02/03/2023,KOA,HI,AWP,WE,Federal Contract Tower,100,8,5,4,117,0,30,32,0,62,100,38,37,4,179,136,10,146,325
02/04/2023,KOA,HI,AWP,WE,Federal Contract Tower,90,6,8,0,104,0,27,37,0,64,90,33,45,0,168,66,0,66,234
02/05/2023,KOA,HI,AWP,WE,Federal Contract Tower,101,6,7,0,114,0,18,28,0,46,101,24,35,0,160,2,0,2,162
02/06/2023,KOA,HI,AWP,WE,Federal Contract Tower,99,10,6,13,128,0,39,47,0,86,99,49,53,13,214,198,0,198,412
02/07/2023,KOA,HI,AWP,WE,Federal Contract Tower,92,1,7,12,112,0,20,56,1,77,92,21,63,13,189,201,5,206,395
02/08/2023,KOA,HI,AWP,WE,Federal Contract Tower,102,5,8,0,115,0,18,46,0,64,102,23,54,0,179,222,0,222,401
02/09/2023,KOA,HI,AWP,WE,Federal Contract Tower,99,10,7,23,139,0,22,30,0,52,99,32,37,23,191,231,55,286,477
02/10/2023,KOA,HI,AWP,WE,Federal Contract Tower,98,13,10,0,121,0,19,30,0,49,98,32,40,0,170,189,0,189,359
02/11/2023,KOA,HI,AWP,WE,Federal Contract Tower,94,11,14,8,127,0,16,24,0,40,94,27,38,8,167,114,0,114,281
02/12/2023,KOA,HI,AWP,WE,Federal Contract Tower,97,6,4,1,108,0,19,29,2,50,97,25,33,3,158,22,0,22,180
02/13/2023,KOA,HI,AWP,WE,Federal Contract Tower,96,14,10,5,125,0,31,58,0,89,96,45,68,5,214,172,2,174,388
02/14/2023,KOA,HI,AWP,WE,Federal Contract Tower,88,4,7,8,107,0,8,65,2,75,88,12,72,10,182,125,11,136,318
02/15/2023,KOA,HI,AWP,WE,Federal Contract Tower,99,4,12,7,122,0,18,51,0,69,99,22,63,7,191,214,15,229,420
02/16/2023,KOA,HI,AWP,WE,Federal Contract Tower,101,8,6,3,118,0,26,51,0,77,101,34,57,3,195,155,7,162,357
02/17/2023,KOA,HI,AWP,WE,Federal Contract Tower,102,19,8,0,129,0,0,14,0,14,102,19,22,0,143,59,0,59,202
02/18/2023,KOA,HI,AWP,WE,Federal Contract Tower,97,16,7,0,120,0,14,9,0,23,97,30,16,0,143,0,0,0,143
02/19/2023,KOA,HI,AWP,WE,Federal Contract Tower,100,6,9,0,115,0,24,29,0,53,100,30,38,0,168,36,0,36,204
02/20/2023,KOA,HI,AWP,WE,Federal Contract Tower,91,9,9,4,113,0,24,37,0,61,91,33,46,4,174,120,0,120,294
02/21/2023,KOA,HI,AWP,WE,Federal Contract Tower,97,7,3,5,112,0,28,30,0,58,97,35,33,5,170,163,34,197,367
02/22/2023,KOA,HI,AWP,WE,Federal Contract Tower,103,5,4,20,132,0,22,51,0,73,103,27,55,20,205,176,7,183,388
02/23/2023,KOA,HI,AWP,WE,Federal Contract Tower,97,6,8,13,124,0,29,38,1,68,97,35,46,14,192,190,1,191,383
02/24/2023,KOA,HI,AWP,WE,Federal Contract Tower,96,4,11,5,116,0,31,39,2,72,96,35,50,7,188,171,2,173,361
02/25/2023,KOA,HI,AWP,WE,Federal Contract Tower,96,7,16,0,119,0,24,17,2,43,96,31,33,2,162,20,4,24,186
02/26/2023,KOA,HI,AWP,WE,Federal Contract Tower,97,8,13,0,118,0,16,24,0,40,97,24,37,0,158,58,0,58,216
02/27/2023,KOA,HI,AWP,WE,Federal Contract Tower,98,2,10,10,120,0,12,57,0,69,98,14,67,10,189,260,6,266,455
02/28/2023,KOA,HI,AWP,WE,Federal Contract Tower,94,4,8,0,106,0,17,47,0,64,94,21,55,0,170,188,0,188,358
03/01/2023,KOA,HI,AWP,WE,Federal Contract Tower,99,7,5,13,124,0,15,55,3,73,99,22,60,16,197,312,18,330,527
03/02/2023,KOA,HI,AWP,WE,Federal Contract Tower,100,2,5,25,132,0,12,23,0,35,100,14,28,25,167,200,9,209,376
03/03/2023,KOA,HI,AWP,WE,Federal Contract Tower,99,9,8,4,120,0,19,48,2,69,99,28,56,6,189,191,2,193,382
03/04/2023,KOA,HI,AWP,WE,Federal Contract Tower,95,10,5,2,112,0,29,53,0,82,95,39,58,2,194,58,0,58,252
03/05/2023,KOA,HI,AWP,WE,Federal Contract Tower,100,7,7,1,115,0,23,22,1,46,100,30,29,2,161,38,0,38,199
03/06/2023,KOA,HI,AWP,WE,Federal Contract Tower,97,10,8,0,115,0,14,54,0,68,97,24,62,0,183,208,0,208,391
03/07/2023,KOA,HI,AWP,WE,Federal Contract Tower,96,11,5,15,127,0,27,35,0,62,96,38,40,15,189,172,8,180,369
03/08/2023,KOA,HI,AWP,WE,Federal Contract Tower,103,11,9,0,123,0,8,8,0,16,103,19,17,0,139,58,0,58,197
03/09/2023,KOA,HI,AWP,WE,Federal Contract Tower,102,5,10,3,120,0,19,30,1,50,102,24,40,4,170,105,2,107,277
03/10/2023,KOA,HI,AWP,WE,Federal Contract Tower,102,3,9,0,114,0,31,75,0,106,102,34,84,0,220,132,0,132,352
03/11/2023,KOA,HI,AWP,WE,Federal Contract Tower,97,11,10,0,118,0,29,31,0,60,97,40,41,0,178,24,0,24,202
03/12/2023,KOA,HI,AWP,WE,Federal Contract Tower,102,7,6,2,117,0,16,10,0,26,102,23,16,2,143,44,10,54,197
03/13/2023,KOA,HI,AWP,WE,Federal Contract Tower,98,6,2,13,119,0,39,47,5,91,98,45,49,18,210,182,6,188,398
03/14/2023,KOA,HI,AWP,WE,Federal Contract Tower,96,8,7,2,113,0,31,45,3,79,96,39,52,5,192,170,7,177,369
03/15/2023,KOA,HI,AWP,WE,Federal Contract Tower,96,9,6,1,112,0,30,59,0,89,96,39,65,1,201,274,0,274,475
03/16/2023,KOA,HI,AWP,WE,Federal Contract Tower,103,11,15,5,134,0,13,48,2,63,103,24,63,7,197,171,2,173,370
03/17/2023,KOA,HI,AWP,WE,Federal Contract Tower,102,9,10,0,121,0,14,41,0,55,102,23,51,0,176,84,0,84,260
03/18/2023,KOA,HI,AWP,WE,Federal Contract Tower,103,8,7,2,120,1,27,34,0,62,104,35,41,2,182,82,0,82,264
03/19/2023,KOA,HI,AWP,WE,Federal Contract Tower,98,12,9,0,119,0,14,16,0,30,98,26,25,0,149,14,0,14,163
03/20/2023,KOA,HI,AWP,WE,Federal Contract Tower,99,10,9,0,118,0,37,52,0,89,99,47,61,0,207,192,0,192,399
03/21/2023,KOA,HI,AWP,WE,Federal Contract Tower,97,6,7,6,116,0,16,36,2,54,97,22,43,8,170,94,34,128,298
03/22/2023,KOA,HI,AWP,WE,Federal Contract Tower,100,9,19,2,130,0,8,57,0,65,100,17,76,2,195,220,0,220,415
03/23/2023,KOA,HI,AWP,WE,Federal Contract Tower,110,10,10,6,136,1,20,24,6,51,111,30,34,12,187,173,6,179,366
03/24/2023,KOA,HI,AWP,WE,Federal Contract Tower,105,3,17,12,137,0,29,42,0,71,105,32,59,12,208,195,20,215,423
03/25/2023,KOA,HI,AWP,WE,Federal Contract Tower,107,11,8,2,128,0,44,40,0,84,107,55,48,2,212,52,0,52,264
03/26/2023,KOA,HI,AWP,WE,Federal Contract Tower,108,4,15,0,127,0,22,8,0,30,108,26,23,0,157,10,0,10,167
03/27/2023,KOA,HI,AWP,WE,Federal Contract Tower,103,11,9,17,140,0,16,52,2,70,103,27,61,19,210,206,8,214,424
03/28/2023,KOA,HI,AWP,WE,Federal Contract Tower,98,9,3,9,119,0,27,35,2,64,98,36,38,11,183,114,12,126,309
03/29/2023,KOA,HI,AWP,WE,Federal Contract Tower,105,3,1,2,111,1,16,38,2,57,106,19,39,4,168,178,25,203,371
03/30/2023,KOA,HI,AWP,WE,Federal Contract Tower,99,8,12,12,131,0,25,49,0,74,99,33,61,12,205,124,10,134,339
03/31/2023,KOA,HI,AWP,WE,Federal Contract Tower,101,10,11,5,127,0,25,38,0,63,101,35,49,5,190,84,4,88,278
04/01/2023,KOA,HI,AWP,WE,Federal Contract Tower,111,9,26,1,147,0,20,28,0,48,111,29,54,1,195,63,8,71,266
04/02/2023,KOA,HI,AWP,WE,Federal Contract Tower,96,14,14,0,124,0,8,11,2,21,96,22,25,2,145,22,0,22,167
04/03/2023,KOA,HI,AWP,WE,Federal Contract Tower,100,5,10,4,119,0,9,47,0,56,100,14,57,4,175,203,0,203,378
04/04/2023,KOA,HI,AWP,WE,Federal Contract Tower,100,4,7,16,127,0,21,56,7,84,100,25,63,23,211,137,10,147,358
04/05/2023,KOA,HI,AWP,WE,Federal Contract Tower,102,2,8,3,115,0,27,54,1,82,102,29,62,4,197,124,14,138,335
04/06/2023,KOA,HI,AWP,WE,Federal Contract Tower,96,8,13,7,124,0,17,39,1,57,96,25,52,8,181,160,18,178,359
04/07/2023,KOA,HI,AWP,WE,Federal Contract Tower,98,10,18,0,126,0,24,69,0,93,98,34,87,0,219,189,0,189,408
04/08/2023,KOA,HI,AWP,WE,Federal Contract Tower,115,10,18,0,143,0,14,32,0,46,115,24,50,0,189,57,0,57,246
04/09/2023,KOA,HI,AWP,WE,Federal Contract Tower,102,6,10,0,118,1,12,26,0,39,103,18,36,0,157,10,0,10,167
04/10/2023,KOA,HI,AWP,WE,Federal Contract Tower,101,6,9,6,122,0,13,31,1,45,101,19,40,7,167,144,2,146,313
04/11/2023,KOA,HI,AWP,WE,Federal Contract Tower,94,12,10,8,124,0,17,47,1,65,94,29,57,9,189,200,17,217,406
04/12/2023,KOA,HI,AWP,WE,Federal Contract Tower,95,9,17,8,129,0,24,47,2,73,95,33,64,10,202,168,28,196,398
04/13/2023,KOA,HI,AWP,WE,Federal Contract Tower,100,1,7,4,112,1,20,39,1,61,101,21,46,5,173,227,25,252,425
04/14/2023,KOA,HI,AWP,WE,Federal Contract Tower,100,4,9,5,118,0,20,48,3,71,100,24,57,8,189,192,22,214,403
04/15/2023,KOA,HI,AWP,WE,Federal Contract Tower,103,7,15,5,130,0,12,21,1,34,103,19,36,6,164,32,33,65,229
04/16/2023,KOA,HI,AWP,WE,Federal Contract Tower,93,5,6,4,108,0,22,24,1,47,93,27,30,5,155,40,2,42,197
04/17/2023,KOA,HI,AWP,WE,Federal Contract Tower,103,5,9,10,127,0,20,56,1,77,103,25,65,11,204,182,34,216,420
04/18/2023,KOA,HI,AWP,WE,Federal Contract Tower,91,8,11,2,112,0,24,36,0,60,91,32,47,2,172,102,12,114,286
04/19/2023,KOA,HI,AWP,WE,Federal Contract Tower,91,5,6,8,110,0,8,4,0,12,91,13,10,8,122,0,0,0,122
04/20/2023,KOA,HI,AWP,WE,Federal Contract Tower,108,9,15,2,134,0,17,41,0,58,108,26,56,2,192,101,16,117,309
04/21/2023,KOA,HI,AWP,WE,Federal Contract Tower,96,9,8,0,113,0,27,33,2,62,96,36,41,2,175,66,0,66,241
04/22/2023,KOA,HI,AWP,WE,Federal Contract Tower,100,6,13,0,119,0,23,20,0,43,100,29,33,0,162,105,0,105,267
04/23/2023,KOA,HI,AWP,WE,Federal Contract Tower,99,7,18,0,124,0,17,7,0,24,99,24,25,0,148,0,0,0,148
04/24/2023,KOA,HI,AWP,WE,Federal Contract Tower,96,2,15,0,113,0,17,62,0,79,96,19,77,0,192,218,0,218,410
04/25/2023,KOA,HI,AWP,WE,Federal Contract Tower,96,3,8,3,110,0,25,46,1,72,96,28,54,4,182,201,15,216,398
04/26/2023,KOA,HI,AWP,WE,Federal Contract Tower,93,6,5,2,106,0,12,35,0,47,93,18,40,2,153,133,0,133,286
04/27/2023,KOA,HI,AWP,WE,Federal Contract Tower,105,10,10,4,129,0,25,41,0,66,105,35,51,4,195,104,24,128,323
04/28/2023,KOA,HI,AWP,WE,Federal Contract Tower,99,4,9,1,113,0,26,28,2,56,99,30,37,3,169,148,0,148,317
04/29/2023,KOA,HI,AWP,WE,Federal Contract Tower,100,10,4,0,114,0,15,7,0,22,100,25,11,0,136,14,6,20,156
04/30/2023,KOA,HI,AWP,WE,Federal Contract Tower,101,5,8,0,114,0,19,12,0,31,101,24,20,0,145,54,0,54,199
05/01/2023,KOA,HI,AWP,WE,Federal Contract Tower,95,8,10,2,115,0,21,48,0,69,95,29,58,2,184,174,40,214,398
05/02/2023,KOA,HI,AWP,WE,Federal Contract Tower,94,2,12,2,110,0,23,62,0,85,94,25,74,2,195,166,0,166,361
05/03/2023,KOA,HI,AWP,WE,Federal Contract Tower,98,3,1,5,107,0,16,41,0,57,98,19,42,5,164,154,20,174,338
05/04/2023,KOA,HI,AWP,WE,Federal Contract Tower,98,3,5,1,107,0,11,40,2,53,98,14,45,3,160,130,5,135,295
05/05/2023,KOA,HI,AWP,WE,Federal Contract Tower,98,9,12,1,120,0,17,29,2,48,98,26,41,3,168,110,4,114,282
05/06/2023,KOA,HI,AWP,WE,Federal Contract Tower,97,6,4,2,109,0,19,14,4,37,97,25,18,6,146,44,0,44,190
05/07/2023,KOA,HI,AWP,WE,Federal Contract Tower,100,7,5,2,114,0,18,30,0,48,100,25,35,2,162,24,0,24,186
05/08/2023,KOA,HI,AWP,WE,Federal Contract Tower,104,4,4,2,114,0,18,38,0,56,104,22,42,2,170,126,0,126,296
05/09/2023,KOA,HI,AWP,WE,Federal Contract Tower,94,2,10,7,113,0,28,42,0,70,94,30,52,7,183,177,2,179,362
05/10/2023,KOA,HI,AWP,WE,Federal Contract Tower,98,1,5,11,115,0,13,46,3,62,98,14,51,14,177,155,36,191,368
05/11/2023,KOA,HI,AWP,WE,Federal Contract Tower,102,6,4,0,112,0,17,39,0,56,102,23,43,0,168,54,0,54,222
05/12/2023,KOA,HI,AWP,WE,Federal Contract Tower,89,3,2,0,94,0,15,45,0,60,89,18,47,0,154,40,0,40,194
05/13/2023,KOA,HI,AWP,WE,Federal Contract Tower,96,1,2,0,99,0,23,23,0,46,96,24,25,0,145,32,0,32,177
05/14/2023,KOA,HI,AWP,WE,Federal Contract Tower,98,7,8,1,114,0,23,5,1,29,98,30,13,2,143,0,0,0,143
05/15/2023,KOA,HI,AWP,WE,Federal Contract Tower,98,5,5,7,115,0,22,43,1,66,98,27,48,8,181,164,28,192,373
05/16/2023,KOA,HI,AWP,WE,Federal Contract Tower,97,5,7,5,114,0,26,46,0,72,97,31,53,5,186,89,0,89,275
05/17/2023,KOA,HI,AWP,WE,Federal Contract Tower,100,3,7,3,113,0,15,46,0,61,100,18,53,3,174,111,12,123,297
05/18/2023,KOA,HI,AWP,WE,Federal Contract Tower,98,6,3,7,114,0,12,48,0,60,98,18,51,7,174,160,22,182,356
05/19/2023,KOA,HI,AWP,WE,Federal Contract Tower,98,14,6,1,119,0,25,26,0,51,98,39,32,1,170,22,17,39,209
05/20/2023,KOA,HI,AWP,WE,Federal Contract Tower,97,1,15,0,113,0,28,22,0,50,97,29,37,0,163,30,0,30,193
05/21/2023,KOA,HI,AWP,WE,Federal Contract Tower,98,6,5,0,109,0,17,13,0,30,98,23,18,0,139,60,0,60,199
05/22/2023,KOA,HI,AWP,WE,Federal Contract Tower,99,5,6,4,114,0,19,49,0,68,99,24,55,4,182,134,0,134,316
05/23/2023,KOA,HI,AWP,WE,Federal Contract Tower,92,4,4,9,109,0,29,48,1,78,92,33,52,10,187,164,8,172,359
05/24/2023,KOA,HI,AWP,WE,Federal Contract Tower,95,8,6,9,118,0,19,47,0,66,95,27,53,9,184,202,1,203,387
05/25/2023,KOA,HI,AWP,WE,Federal Contract Tower,100,5,4,9,118,0,17,11,0,28,100,22,15,9,146,151,0,151,297
05/26/2023,KOA,HI,AWP,WE,Federal Contract Tower,100,4,8,0,112,0,14,43,0,57,100,18,51,0,169,210,0,210,379
05/27/2023,KOA,HI,AWP,WE,Federal Contract Tower,101,12,4,0,117,0,17,33,0,50,101,29,37,0,167,54,0,54,221
05/28/2023,KOA,HI,AWP,WE,Federal Contract Tower,93,4,5,0,102,0,21,26,0,47,93,25,31,0,149,28,0,28,177
05/29/2023,KOA,HI,AWP,WE,Federal Contract Tower,102,5,5,0,112,0,12,43,0,55,102,17,48,0,167,176,0,176,343
05/30/2023,KOA,HI,AWP,WE,Federal Contract Tower,92,11,4,1,108,0,12,47,3,62,92,23,51,4,170,248,0,248,418
05/31/2023,KOA,HI,AWP,WE,Federal Contract Tower,92,1,6,20,119,0,15,49,0,64,92,16,55,20,183,153,6,159,342
06/01/2023,KOA,HI,AWP,WE,Federal Contract Tower,103,4,12,1,120,0,17,34,0,51,103,21,46,1,171,148,0,148,319
06/02/2023,KOA,HI,AWP,WE,Federal Contract Tower,103,4,4,6,117,0,10,40,0,50,103,14,44,6,167,230,2,232,399
06/03/2023,KOA,HI,AWP,WE,Federal Contract Tower,100,3,5,0,108,0,21,30,0,51,100,24,35,0,159,92,0,92,251
06/04/2023,KOA,HI,AWP,WE,Federal Contract Tower,106,3,5,0,114,0,10,12,0,22,106,13,17,0,136,46,0,46,182
06/05/2023,KOA,HI,AWP,WE,Federal Contract Tower,104,2,8,8,122,0,12,37,0,49,104,14,45,8,171,143,0,143,314
06/06/2023,KOA,HI,AWP,WE,Federal Contract Tower,100,1,9,27,137,0,27,31,2,60,100,28,40,29,197,73,17,90,287
06/07/2023,KOA,HI,AWP,WE,Federal Contract Tower,102,7,2,8,119,0,31,41,0,72,102,38,43,8,191,89,0,89,280
06/08/2023,KOA,HI,AWP,WE,Federal Contract Tower,103,2,3,15,123,0,23,34,4,61,103,25,37,19,184,155,46,201,385
06/09/2023,KOA,HI,AWP,WE,Federal Contract Tower,104,5,5,11,125,0,19,41,1,61,104,24,46,12,186,134,4,138,324
06/10/2023,KOA,HI,AWP,WE,Federal Contract Tower,103,3,5,0,111,0,24,25,0,49,103,27,30,0,160,24,0,24,184
06/11/2023,KOA,HI,AWP,WE,Federal Contract Tower,105,4,3,0,112,0,24,22,0,46,105,28,25,0,158,82,0,82,240
06/12/2023,KOA,HI,AWP,WE,Federal Contract Tower,105,1,11,2,119,0,23,29,0,52,105,24,40,2,171,115,1,116,287
06/13/2023,KOA,HI,AWP,WE,Federal Contract Tower,102,0,9,3,114,0,18,67,0,85,102,18,76,3,199,118,10,128,327
06/14/2023,KOA,HI,AWP,WE,Federal Contract Tower,104,6,5,10,125,0,21,50,0,71,104,27,55,10,196,206,0,206,402
06/15/2023,KOA,HI,AWP,WE,Federal Contract Tower,107,4,5,1,117,0,29,52,0,81,107,33,57,1,198,76,2,78,276
06/16/2023,KOA,HI,AWP,WE,Federal Contract Tower,104,3,5,1,113,0,26,60,0,86,104,29,65,1,199,189,0,189,388
06/17/2023,KOA,HI,AWP,WE,Federal Contract Tower,105,9,3,1,118,0,35,33,0,68,105,44,36,1,186,94,0,94,280
06/18/2023,KOA,HI,AWP,WE,Federal Contract Tower,103,7,3,0,113,0,23,13,0,36,103,30,16,0,149,26,0,26,175
06/19/2023,KOA,HI,AWP,WE,Federal Contract Tower,106,7,5,0,118,0,24,58,0,82,106,31,63,0,200,198,0,198,398
06/20/2023,KOA,HI,AWP,WE,Federal Contract Tower,101,3,1,1,106,0,15,57,0,72,101,18,58,1,178,142,2,144,322
06/21/2023,KOA,HI,AWP,WE,Federal Contract Tower,100,0,5,23,128,0,26,46,0,72,100,26,51,23,200,213,18,231,431
06/22/2023,KOA,HI,AWP,WE,Federal Contract Tower,106,2,2,28,138,0,17,44,0,61,106,19,46,28,199,152,2,154,353
06/23/2023,KOA,HI,AWP,WE,Federal Contract Tower,105,4,4,17,130,0,27,52,0,79,105,31,56,17,209,161,0,161,370
06/24/2023,KOA,HI,AWP,WE,Federal Contract Tower,99,4,7,0,110,0,26,21,0,47,99,30,28,0,157,89,6,95,252
06/25/2023,KOA,HI,AWP,WE,Federal Contract Tower,104,2,6,4,116,0,17,26,0,43,104,19,32,4,159,66,6,72,231
06/26/2023,KOA,HI,AWP,WE,Federal Contract Tower,102,4,7,3,116,0,18,30,0,48,102,22,37,3,164,144,0,144,308
06/27/2023,KOA,HI,AWP,WE,Federal Contract Tower,101,1,7,24,133,0,28,42,4,74,101,29,49,28,207,157,50,207,414
06/28/2023,KOA,HI,AWP,WE,Federal Contract Tower,97,1,5,9,112,0,24,54,4,82,97,25,59,13,194,117,0,117,311
06/29/2023,KOA,HI,AWP,WE,Federal Contract Tower,113,7,8,8,136,0,15,41,6,62,113,22,49,14,198,210,0,210,408
06/30/2023,KOA,HI,AWP,WE,Federal Contract Tower,99,15,7,2,123,0,17,61,6,84,99,32,68,8,207,116,0,116,323
07/01/2023,KOA,HI,AWP,WE,Federal Contract Tower,107,9,8,0,124,0,31,17,0,48,107,40,25,0,172,39,0,39,211
07/02/2023,KOA,HI,AWP,WE,Federal Contract Tower,102,7,5,0,114,0,20,18,0,38,102,27,23,0,152,54,0,54,206
07/03/2023,KOA,HI,AWP,WE,Federal Contract Tower,105,2,7,0,114,0,24,23,0,47,105,26,30,0,161,138,0,138,299
07/04/2023,KOA,HI,AWP,WE,Federal Contract Tower,96,3,8,0,107,0,34,48,0,82,96,37,56,0,189,219,0,219,408
07/05/2023,KOA,HI,AWP,WE,Federal Contract Tower,98,3,5,10,116,0,29,46,2,77,98,32,51,12,193,172,12,184,377
07/06/2023,KOA,HI,AWP,WE,Federal Contract Tower,109,5,11,0,125,0,23,38,8,69,109,28,49,8,194,62,2,64,258
07/07/2023,KOA,HI,AWP,WE,Federal Contract Tower,105,8,9,4,126,0,24,38,0,62,105,32,47,4,188,154,8,162,350
07/08/2023,KOA,HI,AWP,WE,Federal Contract Tower,103,4,8,0,115,0,36,22,2,60,103,40,30,2,175,90,0,90,265
07/09/2023,KOA,HI,AWP,WE,Federal Contract Tower,105,2,4,0,111,0,17,21,0,38,105,19,25,0,149,56,0,56,205
07/10/2023,KOA,HI,AWP,WE,Federal Contract Tower,102,6,9,4,121,0,13,40,10,63,102,19,49,14,184,36,0,36,220
07/11/2023,KOA,HI,AWP,WE,Federal Contract Tower,100,5,11,14,130,0,17,33,0,50,100,22,44,14,180,83,22,105,285
07/12/2023,KOA,HI,AWP,WE,Federal Contract Tower,100,3,5,0,108,0,17,59,0,76,100,20,64,0,184,135,0,135,319
07/13/2023,KOA,HI,AWP,WE,Federal Contract Tower,104,5,8,5,122,0,21,45,1,67,104,26,53,6,189,259,11,270,459
07/14/2023,KOA,HI,AWP,WE,Federal Contract Tower,104,6,4,1,115,0,25,24,0,49,104,31,28,1,164,126,8,134,298
07/15/2023,KOA,HI,AWP,WE,Federal Contract Tower,103,3,5,1,112,0,24,31,8,63,103,27,36,9,175,48,20,68,243
07/16/2023,KOA,HI,AWP,WE,Federal Contract Tower,108,0,3,1,112,0,23,6,2,31,108,23,9,3,143,44,10,54,197
07/18/2023,KOA,HI,AWP,WE,Federal Contract Tower,102,3,4,3,112,0,15,17,2,34,102,18,21,5,146,94,10,104,250
07/19/2023,KOA,HI,AWP,WE,Federal Contract Tower,100,4,3,5,112,0,11,31,0,42,100,15,34,5,154,116,6,122,276
07/20/2023,KOA,HI,AWP,WE,Federal Contract Tower,109,12,9,2,132,0,25,28,11,64,109,37,37,13,196,138,0,138,334
07/21/2023,KOA,HI,AWP,WE,Federal Contract Tower,103,9,3,2,117,0,26,34,1,61,103,35,37,3,178,74,0,74,252
07/22/2023,KOA,HI,AWP,WE,Federal Contract Tower,105,5,3,1,114,0,23,20,8,51,105,28,23,9,165,37,0,37,202
07/23/2023,KOA,HI,AWP,WE,Federal Contract Tower,106,3,5,2,116,0,34,18,0,52,106,37,23,2,168,56,0,56,224
07/24/2023,KOA,HI,AWP,WE,Federal Contract Tower,104,6,4,0,114,0,26,34,0,60,104,32,38,0,174,118,0,118,292
07/25/2023,KOA,HI,AWP,WE,Federal Contract Tower,101,8,6,7,122,0,36,29,2,67,101,44,35,9,189,80,2,82,271
07/26/2023,KOA,HI,AWP,WE,Federal Contract Tower,97,1,4,7,109,0,39,43,0,82,97,40,47,7,191,170,10,180,371
07/27/2023,KOA,HI,AWP,WE,Federal Contract Tower,111,0,4,2,117,0,30,42,0,72,111,30,46,2,189,119,8,127,316
07/28/2023,KOA,HI,AWP,WE,Federal Contract Tower,105,5,10,10,130,0,27,37,2,66,105,32,47,12,196,86,0,86,282
07/29/2023,KOA,HI,AWP,WE,Federal Contract Tower,104,5,6,0,115,0,25,26,4,55,104,30,32,4,170,32,0,32,202
07/30/2023,KOA,HI,AWP,WE,Federal Contract Tower,103,3,4,5,115,0,30,10,5,45,103,33,14,10,160,24,0,24,184
07/31/2023,KOA,HI,AWP,WE,Federal Contract Tower,105,11,6,4,126,0,12,24,8,44,105,23,30,12,170,24,2,26,196
08/01/2023,KOA,HI,AWP,WE,Federal Contract Tower,100,7,9,4,120,0,25,25,0,50,100,32,34,4,170,110,6,116,286
08/02/2023,KOA,HI,AWP,WE,Federal Contract Tower,100,1,4,8,113,0,15,33,0,48,100,16,37,8,161,155,0,155,316
08/03/2023,KOA,HI,AWP,WE,Federal Contract Tower,112,4,4,7,127,0,28,33,0,61,112,32,37,7,188,101,11,112,300
08/04/2023,KOA,HI,AWP,WE,Federal Contract Tower,104,4,13,3,124,0,28,43,0,71,104,32,56,3,195,141,4,145,340
08/05/2023,KOA,HI,AWP,WE,Federal Contract Tower,105,5,6,0,116,0,33,22,0,55,105,38,28,0,171,11,0,11,182
08/06/2023,KOA,HI,AWP,WE,Federal Contract Tower,105,7,11,0,123,0,28,16,2,46,105,35,27,2,169,24,0,24,193
08/07/2023,KOA,HI,AWP,WE,Federal Contract Tower,102,7,4,7,120,0,29,27,3,59,102,36,31,10,179,124,8,132,311
08/08/2023,KOA,HI,AWP,WE,Federal Contract Tower,99,5,3,6,113,0,24,35,1,60,99,29,38,7,173,242,16,258,431
08/09/2023,KOA,HI,AWP,WE,Federal Contract Tower,101,6,7,1,115,0,22,39,10,71,101,28,46,11,186,204,0,204,390
08/10/2023,KOA,HI,AWP,WE,Federal Contract Tower,106,4,15,9,134,0,21,33,6,60,106,25,48,15,194,101,42,143,337
08/11/2023,KOA,HI,AWP,WE,Federal Contract Tower,103,2,12,4,121,0,24,57,11,92,103,26,69,15,213,124,10,134,347
08/12/2023,KOA,HI,AWP,WE,Federal Contract Tower,105,2,14,0,121,0,26,59,0,85,105,28,73,0,206,33,0,33,239
08/14/2023,KOA,HI,AWP,WE,Federal Contract Tower,97,7,9,7,120,0,26,72,0,98,97,33,81,7,218,128,2,130,348
08/15/2023,KOA,HI,AWP,WE,Federal Contract Tower,101,2,18,17,138,0,29,55,4,88,101,31,73,21,226,121,10,131,357
08/16/2023,KOA,HI,AWP,WE,Federal Contract Tower,101,6,6,0,113,0,33,45,0,78,101,39,51,0,191,118,0,118,309
08/17/2023,KOA,HI,AWP,WE,Federal Contract Tower,111,7,7,2,127,0,24,52,3,79,111,31,59,5,206,187,16,203,409
08/18/2023,KOA,HI,AWP,WE,Federal Contract Tower,104,12,5,0,121,0,16,64,0,80,104,28,69,0,201,125,0,125,326
08/19/2023,KOA,HI,AWP,WE,Federal Contract Tower,102,11,10,0,123,0,32,35,0,67,102,43,45,0,190,78,0,78,268
08/20/2023,KOA,HI,AWP,WE,Federal Contract Tower,98,6,5,6,115,0,17,15,2,34,98,23,20,8,149,18,0,18,167
08/21/2023,KOA,HI,AWP,WE,Federal Contract Tower,105,7,12,0,124,0,10,58,0,68,105,17,70,0,192,142,0,142,334
08/22/2023,KOA,HI,AWP,WE,Federal Contract Tower,100,9,13,4,126,0,26,63,2,91,100,35,76,6,217,105,28,133,350
08/23/2023,KOA,HI,AWP,WE,Federal Contract Tower,102,4,9,4,119,0,19,56,0,75,102,23,65,4,194,114,0,114,308
08/24/2023,KOA,HI,AWP,WE,Federal Contract Tower,101,3,6,4,114,0,25,43,0,68,101,28,49,4,182,176,20,196,378
08/25/2023,KOA,HI,AWP,WE,Federal Contract Tower,105,5,6,0,116,0,13,51,0,64,105,18,57,0,180,149,0,149,329
08/26/2023,KOA,HI,AWP,WE,Federal Contract Tower,102,5,9,0,116,0,19,33,0,52,102,24,42,0,168,69,0,69,237
08/27/2023,KOA,HI,AWP,WE,Federal Contract Tower,97,5,9,0,111,0,11,24,0,35,97,16,33,0,146,0,0,0,146
08/28/2023,KOA,HI,AWP,WE,Federal Contract Tower,101,5,6,17,129,0,44,54,0,98,101,49,60,17,227,140,14,154,381
08/29/2023,KOA,HI,AWP,WE,Federal Contract Tower,96,5,9,24,134,0,25,45,2,72,96,30,54,26,206,88,26,114,320
08/30/2023,KOA,HI,AWP,WE,Federal Contract Tower,99,5,12,12,128,0,8,48,3,59,99,13,60,15,187,199,18,217,404
08/31/2023,KOA,HI,AWP,WE,Federal Contract Tower,108,3,9,9,129,0,23,37,1,61,108,26,46,10,190,212,0,212,402
